# Export File Created with QBlade CE v2.0.9.7b_beta windows on 16.08.2026 at 06:25:21
Blade_NACA_0021_Circ95_Sol0.55 Simulation 3.13;Blade_NACA_0021_Circ95_Sol0.55 Simulation 3.13;Blade_NACA_0021_Circ95_Sol0.55 Simulation 3.13;Blade_NACA_0021_Circ95_Sol0.55 Simulation 3.13;Blade_NACA_0021_Circ95_Sol0.55 Simulation 3.13;Blade_NACA_0021_Circ95_Sol0.55 Simulation 3.13;Blade_NACA_0021_Circ95_Sol0.55 Simulation 3.13;Blade_NACA_0021_Circ95_Sol0.55 Simulation 3.13;Blade_NACA_0021_Circ95_Sol0.55 Simulation 3.13;Blade_NACA_0021_Circ95_Sol0.55 Simulation 3.13;Blade_NACA_0021_Circ95_Sol0.55 Simulation 3.13;Blade_NACA_0021_Circ95_Sol0.55 Simulation 3.13;Blade_NACA_0021_Circ95_Sol0.55 Simulation 3.13;Blade_NACA_0021_Circ95_Sol0.55 Simulation 3.13;Blade_NACA_0021_Circ95_Sol0.55 Simulation 3.13;Blade_NACA_0021_Circ95_Sol0.55 Simulation 3.13;Blade_NACA_0021_Circ95_Sol0.55 Simulation 3.13;Blade_NACA_0021_Circ95_Sol0.55 Simulation 3.13;Blade_NACA_0021_Circ95_Sol0.55 Simulation 3.13;Blade_NACA_0021_Circ95_Sol0.55 Simulation 3.13;Blade_NACA_0021_Circ95_Sol0.55 Simulation 3.13;Blade_NACA_0021_Circ95_Sol0.55 Simulation 3.13;Blade_NACA_0021_Circ95_Sol0.55 Simulation 3.13;Blade_NACA_0021_Circ95_Sol0.55 Simulation 3.13;Blade_NACA_0021_Circ95_Sol0.55 Simulation 3.13;Blade_NACA_0021_Circ95_Sol0.55 Simulation 3.13;Blade_NACA_0021_Circ95_Sol0.55 Simulation 3.13;Blade_NACA_0021_Circ95_Sol0.55 Simulation 3.13;Blade_NACA_0021_Circ95_Sol0.55 Simulation 3.13;Blade_NACA_0021_Circ95_Sol0.55 Simulation 3.13;Blade_NACA_0021_Circ95_Sol0.55 Simulation 3.13;Blade_NACA_0021_Circ95_Sol0.55 Simulation 3.13;Blade_NACA_0021_Circ95_Sol0.55 Simulation 3.13;Blade_NACA_0021_Circ95_Sol0.55 Simulation 3.13;Blade_NACA_0021_Circ95_Sol0.55 Simulation 3.13;Blade_NACA_0021_Circ95_Sol0.55 Simulation 3.13;Blade_NACA_0021_Circ95_Sol0.55 Simulation 3.13;Blade_NACA_0021_Circ95_Sol0.55 Simulation 3.13;Blade_NACA_0021_Circ95_Sol0.55 Simulation 3.13;Blade_NACA_0021_Circ95_Sol0.55 Simulation 3.13;Blade_NACA_0021_Circ95_Sol0.55 Simulation 3.13;Blade_NACA_0021_Circ95_Sol0.55 Simulation 3.13;Blade_NACA_0021_Circ95_Sol0.55 Simulation 3.13;Blade_NACA_0021_Circ95_Sol0.55 Simulation 3.13;Blade_NACA_0021_Circ95_Sol0.55 Simulation 3.13;Blade_NACA_0021_Circ95_Sol0.55 Simulation 3.13;Blade_NACA_0021_Circ95_Sol0.55 Simulation 3.13;Blade_NACA_0021_Circ95_Sol0.55 Simulation 3.13;Blade_NACA_0021_Circ95_Sol0.55 Simulation 3.13;Blade_NACA_0021_Circ95_Sol0.55 Simulation 3.13;Blade_NACA_0021_Circ95_Sol0.55 Simulation 3.13;Blade_NACA_0021_Circ95_Sol0.55 Simulation 3.13;Blade_NACA_0021_Circ95_Sol0.55 Simulation 3.13;Blade_NACA_0021_Circ95_Sol0.55 Simulation 3.13;Blade_NACA_0021_Circ95_Sol0.55 Simulation 3.13;Blade_NACA_0021_Circ95_Sol0.55 Simulation 3.13;Blade_NACA_0021_Circ95_Sol0.55 Simulation 3.13;Blade_NACA_0021_Circ95_Sol0.55 Simulation 3.13;Blade_NACA_0021_Circ95_Sol0.55 Simulation 3.13;Blade_NACA_0021_Circ95_Sol0.55 Simulation 3.13;Blade_NACA_0021_Circ95_Sol0.55 Simulation 3.13;Blade_NACA_0021_Circ95_Sol0.55 Simulation 3.13;Blade_NACA_0021_Circ95_Sol0.55 Simulation 3.13;Blade_NACA_0021_Circ95_Sol0.55 Simulation 3.13;Blade_NACA_0021_Circ95_Sol0.55 Simulation 3.13;Blade_NACA_0021_Circ95_Sol0.55 Simulation 3.13;Blade_NACA_0021_Circ95_Sol0.55 Simulation 3.13;Blade_NACA_0021_Circ95_Sol0.55 Simulation 3.13;Blade_NACA_0021_Circ95_Sol0.55 Simulation 3.13;Blade_NACA_0021_Circ95_Sol0.55 Simulation 3.13;Blade_NACA_0021_Circ95_Sol0.55 Simulation 3.13;Blade_NACA_0021_Circ95_Sol0.55 Simulation 3.13;Blade_NACA_0021_Circ95_Sol0.55 Simulation 3.13;Blade_NACA_0021_Circ95_Sol0.55 Simulation 3.13;Blade_NACA_0021_Circ95_Sol0.55 Simulation 3.13;Blade_NACA_0021_Circ95_Sol0.55 Simulation 3.13;Blade_NACA_0021_Circ95_Sol0.55 Simulation 3.13;Blade_NACA_0021_Circ95_Sol0.55 Simulation 3.13;Blade_NACA_0021_Circ95_Sol0.55 Simulation 3.13;Blade_NACA_0021_Circ95_Sol0.55 Simulation 3.13;Blade_NACA_0021_Circ95_Sol0.55 Simulation 3.13;Blade_NACA_0021_Circ95_Sol0.55 Simulation 3.13;Blade_NACA_0021_Circ95_Sol0.55 Simulation 3.13;Blade_NACA_0021_Circ95_Sol0.55 Simulation 3.13;Blade_NACA_0021_Circ95_Sol0.55 Simulation 3.13;Blade_NACA_0021_Circ95_Sol0.55 Simulation 3.13;Blade_NACA_0021_Circ95_Sol0.55 Simulation 3.13;Blade_NACA_0021_Circ95_Sol0.55 Simulation 3.13;Blade_NACA_0021_Circ95_Sol0.55 Simulation 3.13;Blade_NACA_0021_Circ95_Sol0.55 Simulation 3.13;Blade_NACA_0021_Circ95_Sol0.55 Simulation 3.13;Blade_NACA_0021_Circ95_Sol0.55 Simulation 3.13;Blade_NACA_0021_Circ95_Sol0.55 Simulation 3.13;Blade_NACA_0021_Circ95_Sol0.55 Simulation 3.13;Blade_NACA_0021_Circ95_Sol0.55 Simulation 3.13;Blade_NACA_0021_Circ95_Sol0.55 Simulation 3.13;Blade_NACA_0021_Circ95_Sol0.55 Simulation 3.13;Blade_NACA_0021_Circ95_Sol0.55 Simulation 3.13;Blade_NACA_0021_Circ95_Sol0.55 Simulation 3.13;Blade_NACA_0021_Circ95_Sol0.55 Simulation 3.13;Blade_NACA_0021_Circ95_Sol0.55 Simulation 3.13;Blade_NACA_0021_Circ95_Sol0.55 Simulation 3.13;Blade_NACA_0021_Circ95_Sol0.55 Simulation 3.13;Blade_NACA_0021_Circ95_Sol0.55 Simulation 3.13;Blade_NACA_0021_Circ95_Sol0.55 Simulation 3.13;Blade_NACA_0021_Circ95_Sol0.55 Simulation 3.13;Blade_NACA_0021_Circ95_Sol0.55 Simulation 3.13;Blade_NACA_0021_Circ95_Sol0.55 Simulation 3.13;Blade_NACA_0021_Circ95_Sol0.55 Simulation 3.13;Blade_NACA_0021_Circ95_Sol0.55 Simulation 3.13;Blade_NACA_0021_Circ95_Sol0.55 Simulation 3.13;Blade_NACA_0021_Circ95_Sol0.55 Simulation 3.13;Blade_NACA_0021_Circ95_Sol0.55 Simulation 3.13;Blade_NACA_0021_Circ95_Sol0.55 Simulation 3.13;Blade_NACA_0021_Circ95_Sol0.55 Simulation 3.13;Blade_NACA_0021_Circ95_Sol0.55 Simulation 3.13;Blade_NACA_0021_Circ95_Sol0.55 Simulation 3.13;Blade_NACA_0021_Circ95_Sol0.55 Simulation 3.13;Blade_NACA_0021_Circ95_Sol0.55 Simulation 3.13;Blade_NACA_0021_Circ95_Sol0.55 Simulation 3.13;Blade_NACA_0021_Circ95_Sol0.55 Simulation 3.13;Blade_NACA_0021_Circ95_Sol0.55 Simulation 3.13;Blade_NACA_0021_Circ95_Sol0.55 Simulation 3.13;Blade_NACA_0021_Circ95_Sol0.55 Simulation 3.13;Blade_NACA_0021_Circ95_Sol0.55 Simulation 3.13;Blade_NACA_0021_Circ95_Sol0.55 Simulation 3.13;Blade_NACA_0021_Circ95_Sol0.55 Simulation 3.13;Blade_NACA_0021_Circ95_Sol0.55 Simulation 3.13;Blade_NACA_0021_Circ95_Sol0.55 Simulation 3.13;Blade_NACA_0021_Circ95_Sol0.55 Simulation 3.13;Blade_NACA_0021_Circ95_Sol0.55 Simulation 3.13;Blade_NACA_0021_Circ95_Sol0.55 Simulation 3.13;Blade_NACA_0021_Circ95_Sol0.55 Simulation 3.13;Blade_NACA_0021_Circ95_Sol0.55 Simulation 3.13;Blade_NACA_0021_Circ95_Sol0.55 Simulation 3.13;Blade_NACA_0021_Circ95_Sol0.55 Simulation 3.13;Blade_NACA_0021_Circ95_Sol0.55 Simulation 3.13;Blade_NACA_0021_Circ95_Sol0.55 Simulation 3.13;Blade_NACA_0021_Circ95_Sol0.55 Simulation 3.13;Blade_NACA_0021_Circ95_Sol0.55 Simulation 3.13;Blade_NACA_0021_Circ95_Sol0.55 Simulation 3.13;Blade_NACA_0021_Circ95_Sol0.55 Simulation 3.13;Blade_NACA_0021_Circ95_Sol0.55 Simulation 3.13;Blade_NACA_0021_Circ95_Sol0.55 Simulation 3.13;Blade_NACA_0021_Circ95_Sol0.55 Simulation 3.13;Blade_NACA_0021_Circ95_Sol0.55 Simulation 3.13;Blade_NACA_0021_Circ95_Sol0.55 Simulation 3.13;Blade_NACA_0021_Circ95_Sol0.55 Simulation 3.13;Blade_NACA_0021_Circ95_Sol0.55 Simulation 3.13;Blade_NACA_0021_Circ95_Sol0.55 Simulation 3.13;Blade_NACA_0021_Circ95_Sol0.55 Simulation 3.13;Blade_NACA_0021_Circ95_Sol0.55 Simulation 3.13;Blade_NACA_0021_Circ95_Sol0.55 Simulation 3.13;Blade_NACA_0021_Circ95_Sol0.55 Simulation 3.13;Blade_NACA_0021_Circ95_Sol0.55 Simulation 3.13;Blade_NACA_0021_Circ95_Sol0.55 Simulation 3.13;Blade_NACA_0021_Circ95_Sol0.55 Simulation 3.13;Blade_NACA_0021_Circ95_Sol0.55 Simulation 3.13;Blade_NACA_0021_Circ95_Sol0.55 Simulation 3.13;Blade_NACA_0021_Circ95_Sol0.55 Simulation 3.13;Blade_NACA_0021_Circ95_Sol0.55 Simulation 3.13;Blade_NACA_0021_Circ95_Sol0.55 Simulation 3.13;Blade_NACA_0021_Circ95_Sol0.55 Simulation 3.13;Blade_NACA_0021_Circ95_Sol0.55 Simulation 3.13;Blade_NACA_0021_Circ95_Sol0.55 Simulation 3.13;Blade_NACA_0021_Circ95_Sol0.55 Simulation 3.13;Blade_NACA_0021_Circ95_Sol0.55 Simulation 3.13;Blade_NACA_0021_Circ95_Sol0.55 Simulation 3.13;Blade_NACA_0021_Circ95_Sol0.55 Simulation 3.13;Blade_NACA_0021_Circ95_Sol0.55 Simulation 3.13;Blade_NACA_0021_Circ95_Sol0.55 Simulation 3.13;Blade_NACA_0021_Circ95_Sol0.55 Simulation 3.13;Blade_NACA_0021_Circ95_Sol0.55 Simulation 3.13;Blade_NACA_0021_Circ95_Sol0.55 Simulation 3.13;Blade_NACA_0021_Circ95_Sol0.55 Simulation 3.13;Blade_NACA_0021_Circ95_Sol0.55 Simulation 3.13;Blade_NACA_0021_Circ95_Sol0.55 Simulation 3.13;Blade_NACA_0021_Circ95_Sol0.55 Simulation 3.13;Blade_NACA_0021_Circ95_Sol0.55 Simulation 3.13;Blade_NACA_0021_Circ95_Sol0.55 Simulation 3.13;Blade_NACA_0021_Circ95_Sol0.55 Simulation 3.13;Blade_NACA_0021_Circ95_Sol0.55 Simulation 3.13;Blade_NACA_0021_Circ95_Sol0.55 Simulation 3.13;Blade_NACA_0021_Circ95_Sol0.55 Simulation 3.13;Blade_NACA_0021_Circ95_Sol0.55 Simulation 3.13;Blade_NACA_0021_Circ95_Sol0.55 Simulation 3.13;Blade_NACA_0021_Circ95_Sol0.55 Simulation 3.13;Blade_NACA_0021_Circ95_Sol0.55 Simulation 3.13;Blade_NACA_0021_Circ95_Sol0.55 Simulation 3.13;Blade_NACA_0021_Circ95_Sol0.55 Simulation 3.13;Blade_NACA_0021_Circ95_Sol0.55 Simulation 3.13;Blade_NACA_0021_Circ95_Sol0.55 Simulation 3.13;Blade_NACA_0021_Circ95_Sol0.55 Simulation 3.13;Blade_NACA_0021_Circ95_Sol0.55 Simulation 3.13;Blade_NACA_0021_Circ95_Sol0.55 Simulation 3.13;Blade_NACA_0021_Circ95_Sol0.55 Simulation 3.13;Blade_NACA_0021_Circ95_Sol0.55 Simulation 3.13;Blade_NACA_0021_Circ95_Sol0.55 Simulation 3.13;Blade_NACA_0021_Circ95_Sol0.55 Simulation 3.13;Blade_NACA_0021_Circ95_Sol0.55 Simulation 3.13;Blade_NACA_0021_Circ95_Sol0.55 Simulation 3.13;Blade_NACA_0021_Circ95_Sol0.55 Simulation 3.13;Blade_NACA_0021_Circ95_Sol0.55 Simulation 3.13;Blade_NACA_0021_Circ95_Sol0.55 Simulation 3.13;Blade_NACA_0021_Circ95_Sol0.55 Simulation 3.13;Blade_NACA_0021_Circ95_Sol0.55 Simulation 3.13;Blade_NACA_0021_Circ95_Sol0.55 Simulation 3.13;Blade_NACA_0021_Circ95_Sol0.55 Simulation 3.13;Blade_NACA_0021_Circ95_Sol0.55 Simulation 3.13;Blade_NACA_0021_Circ95_Sol0.55 Simulation 3.13;Blade_NACA_0021_Circ95_Sol0.55 Simulation 3.13;Blade_NACA_0021_Circ95_Sol0.55 Simulation 3.13;Blade_NACA_0021_Circ95_Sol0.55 Simulation 3.13;Blade_NACA_0021_Circ95_Sol0.55 Simulation 3.13;Blade_NACA_0021_Circ95_Sol0.55 Simulation 3.13;Blade_NACA_0021_Circ95_Sol0.55 Simulation 3.13;Blade_NACA_0021_Circ95_Sol0.55 Simulation 3.13;Blade_NACA_0021_Circ95_Sol0.55 Simulation 3.13;Blade_NACA_0021_Circ95_Sol0.55 Simulation 3.13;Blade_NACA_0021_Circ95_Sol0.55 Simulation 3.13;Blade_NACA_0021_Circ95_Sol0.55 Simulation 3.13;Blade_NACA_0021_Circ95_Sol0.55 Simulation 3.13;Blade_NACA_0021_Circ95_Sol0.55 Simulation 3.13;Blade_NACA_0021_Circ95_Sol0.55 Simulation 3.13;Blade_NACA_0021_Circ95_Sol0.55 Simulation 3.13;Blade_NACA_0021_Circ95_Sol0.55 Simulation 3.13;Blade_NACA_0021_Circ95_Sol0.55 Simulation 3.13;Blade_NACA_0021_Circ95_Sol0.55 Simulation 3.13;Blade_NACA_0021_Circ95_Sol0.55 Simulation 3.13;Blade_NACA_0021_Circ95_Sol0.55 Simulation 3.13;Blade_NACA_0021_Circ95_Sol0.55 Simulation 3.13;Blade_NACA_0021_Circ95_Sol0.55 Simulation 3.13;Blade_NACA_0021_Circ95_Sol0.55 Simulation 3.13;Blade_NACA_0021_Circ95_Sol0.55 Simulation 3.13;Blade_NACA_0021_Circ95_Sol0.55 Simulation 3.13;Blade_NACA_0021_Circ95_Sol0.55 Simulation 3.13;Blade_NACA_0021_Circ95_Sol0.55 Simulation 3.13;Blade_NACA_0021_Circ95_Sol0.55 Simulation 3.13;Blade_NACA_0021_Circ95_Sol0.55 Simulation 3.13;Blade_NACA_0021_Circ95_Sol0.55 Simulation 3.13;Blade_NACA_0021_Circ95_Sol0.55 Simulation 3.13;Blade_NACA_0021_Circ95_Sol0.55 Simulation 3.13;Blade_NACA_0021_Circ95_Sol0.55 Simulation 3.13;Blade_NACA_0021_Circ95_Sol0.55 Simulation 3.13;Blade_NACA_0021_Circ95_Sol0.55 Simulation 3.13;Blade_NACA_0021_Circ95_Sol0.55 Simulation 3.13;Blade_NACA_0021_Circ95_Sol0.55 Simulation 3.13;Blade_NACA_0021_Circ95_Sol0.55 Simulation 3.13;Blade_NACA_0021_Circ95_Sol0.55 Simulation 3.13;Blade_NACA_0021_Circ95_Sol0.55 Simulation 3.13;Blade_NACA_0021_Circ95_Sol0.55 Simulation 3.13;Blade_NACA_0021_Circ95_Sol0.55 Simulation 3.13;Blade_NACA_0021_Circ95_Sol0.55 Simulation 3.13;Blade_NACA_0021_Circ95_Sol0.55 Simulation 3.13;Blade_NACA_0021_Circ95_Sol0.55 Simulation 3.13;Blade_NACA_0021_Circ95_Sol0.55 Simulation 3.13;Blade_NACA_0021_Circ95_Sol0.55 Simulation 3.13;Blade_NACA_0021_Circ95_Sol0.55 Simulation 3.13;Blade_NACA_0021_Circ95_Sol0.55 Simulation 3.13;Blade_NACA_0021_Circ95_Sol0.55 Simulation 3.13;Blade_NACA_0021_Circ95_Sol0.55 Simulation 3.13;Blade_NACA_0021_Circ95_Sol0.55 Simulation 3.13;Blade_NACA_0021_Circ95_Sol0.55 Simulation 3.13;Blade_NACA_0021_Circ95_Sol0.55 Simulation 3.13;Blade_NACA_0021_Circ95_Sol0.55 Simulation 3.13;Blade_NACA_0021_Circ95_Sol0.55 Simulation 3.13;Blade_NACA_0021_Circ95_Sol0.55 Simulation 3.13;Blade_NACA_0021_Circ95_Sol0.55 Simulation 3.13;Blade_NACA_0021_Circ95_Sol0.55 Simulation 3.13;Blade_NACA_0021_Circ95_Sol0.55 Simulation 3.13;Blade_NACA_0021_Circ95_Sol0.55 Simulation 3.13;Blade_NACA_0021_Circ95_Sol0.55 Simulation 3.13;Blade_NACA_0021_Circ95_Sol0.55 Simulation 3.13;Blade_NACA_0021_Circ95_Sol0.55 Simulation 3.13;Blade_NACA_0021_Circ95_Sol0.55 Simulation 3.13;Blade_NACA_0021_Circ95_Sol0.55 Simulation 3.13;Blade_NACA_0021_Circ95_Sol0.55 Simulation 3.13;Blade_NACA_0021_Circ95_Sol0.55 Simulation 3.13;Blade_NACA_0021_Circ95_Sol0.55 Simulation 3.13;Blade_NACA_0021_Circ95_Sol0.55 Simulation 3.13;Blade_NACA_0021_Circ95_Sol0.55 Simulation 3.13;Blade_NACA_0021_Circ95_Sol0.55 Simulation 3.13;Blade_NACA_0021_Circ95_Sol0.55 Simulation 3.13;Blade_NACA_0021_Circ95_Sol0.55 Simulation 3.13;Blade_NACA_0021_Circ95_Sol0.55 Simulation 3.13;Blade_NACA_0021_Circ95_Sol0.55 Simulation 3.13;Blade_NACA_0021_Circ95_Sol0.55 Simulation 3.13;Blade_NACA_0021_Circ95_Sol0.55 Simulation 3.13;Blade_NACA_0021_Circ95_Sol0.55 Simulation 3.13;Blade_NACA_0021_Circ95_Sol0.55 Simulation 3.13;Blade_NACA_0021_Circ95_Sol0.55 Simulation 3.13;Blade_NACA_0021_Circ95_Sol0.55 Simulation 3.13;Blade_NACA_0021_Circ95_Sol0.55 Simulation 3.13;Blade_NACA_0021_Circ95_Sol0.55 Simulation 3.13;Blade_NACA_0021_Circ95_Sol0.55 Simulation 3.13;Blade_NACA_0021_Circ95_Sol0.55 Simulation 3.13;Blade_NACA_0021_Circ95_Sol0.55 Simulation 3.13;Blade_NACA_0021_Circ95_Sol0.55 Simulation 3.13;Blade_NACA_0021_Circ95_Sol0.55 Simulation 3.13;Blade_NACA_0021_Circ95_Sol0.55 Simulation 3.13;Blade_NACA_0021_Circ95_Sol0.55 Simulation 3.13;Blade_NACA_0021_Circ95_Sol0.55 Simulation 3.13;Blade_NACA_0021_Circ95_Sol0.55 Simulation 3.13;Blade_NACA_0021_Circ95_Sol0.55 Simulation 3.13;Blade_NACA_0021_Circ95_Sol0.55 Simulation 3.13;Blade_NACA_0021_Circ95_Sol0.55 Simulation 3.13;Blade_NACA_0021_Circ95_Sol0.55 Simulation 3.13;Blade_NACA_0021_Circ95_Sol0.55 Simulation 3.13;Blade_NACA_0021_Circ95_Sol0.55 Simulation 3.13;Blade_NACA_0021_Circ95_Sol0.55 Simulation 3.13;Blade_NACA_0021_Circ95_Sol0.55 Simulation 3.13;Blade_NACA_0021_Circ95_Sol0.55 Simulation 3.13;Blade_NACA_0021_Circ95_Sol0.55 Simulation 3.13;Blade_NACA_0021_Circ95_Sol0.55 Simulation 3.13;Blade_NACA_0021_Circ95_Sol0.55 Simulation 3.13;Blade_NACA_0021_Circ95_Sol0.55 Simulation 3.13;Blade_NACA_0021_Circ95_Sol0.55 Simulation 3.13;Blade_NACA_0021_Circ95_Sol0.55 Simulation 3.13;Blade_NACA_0021_Circ95_Sol0.55 Simulation 3.13;Blade_NACA_0021_Circ95_Sol0.55 Simulation 3.13;Blade_NACA_0021_Circ95_Sol0.55 Simulation 3.13;Blade_NACA_0021_Circ95_Sol0.55 Simulation 3.13;Blade_NACA_0021_Circ95_Sol0.55 Simulation 3.13;Blade_NACA_0021_Circ95_Sol0.55 Simulation 3.13;Blade_NACA_0021_Circ95_Sol0.55 Simulation 3.13;Blade_NACA_0021_Circ95_Sol0.55 Simulation 3.13;Blade_NACA_0021_Circ95_Sol0.55 Simulation 3.13;Blade_NACA_0021_Circ95_Sol0.55 Simulation 3.13;Blade_NACA_0021_Circ95_Sol0.55 Simulation 3.13;Blade_NACA_0021_Circ95_Sol0.55 Simulation 3.13;Blade_NACA_0021_Circ95_Sol0.55 Simulation 3.13;Blade_NACA_0021_Circ95_Sol0.55 Simulation 3.13;Blade_NACA_0021_Circ95_Sol0.55 Simulation 3.13;Blade_NACA_0021_Circ95_Sol0.55 Simulation 3.13;Blade_NACA_0021_Circ95_Sol0.55 Simulation 3.13;Blade_NACA_0021_Circ95_Sol0.55 Simulation 3.13;Blade_NACA_0021_Circ95_Sol0.55 Simulation 3.13;Blade_NACA_0021_Circ95_Sol0.55 Simulation 3.13;Blade_NACA_0021_Circ95_Sol0.55 Simulation 3.13;Blade_NACA_0021_Circ95_Sol0.55 Simulation 3.13;Blade_NACA_0021_Circ95_Sol0.55 Simulation 3.13;Blade_NACA_0021_Circ95_Sol0.55 Simulation 3.13;Blade_NACA_0021_Circ95_Sol0.55 Simulation 3.13;Blade_NACA_0021_Circ95_Sol0.55 Simulation 3.13;Blade_NACA_0021_Circ95_Sol0.55 Simulation 3.13;Blade_NACA_0021_Circ95_Sol0.55 Simulation 3.13;Blade_NACA_0021_Circ95_Sol0.55 Simulation 3.13;Blade_NACA_0021_Circ95_Sol0.55 Simulation 3.13;Blade_NACA_0021_Circ95_Sol0.55 Simulation 3.13;Blade_NACA_0021_Circ95_Sol0.55 Simulation 3.13;Blade_NACA_0021_Circ95_Sol0.55 Simulation 3.13;Blade_NACA_0021_Circ95_Sol0.55 Simulation 3.13;Blade_NACA_0021_Circ95_Sol0.55 Simulation 3.13;Blade_NACA_0021_Circ95_Sol0.55 Simulation 3.13;Blade_NACA_0021_Circ95_Sol0.55 Simulation 3.13;Blade_NACA_0021_Circ95_Sol0.55 Simulation 3.13;Blade_NACA_0021_Circ95_Sol0.55 Simulation 3.13;Blade_NACA_0021_Circ95_Sol0.55 Simulation 3.13;Blade_NACA_0021_Circ95_Sol0.55 Simulation 3.13;Blade_NACA_0021_Circ95_Sol0.55 Simulation 3.13;Blade_NACA_0021_Circ95_Sol0.55 Simulation 3.13;Blade_NACA_0021_Circ95_Sol0.55 Simulation 3.13;Blade_NACA_0021_Circ95_Sol0.55 Simulation 3.13;Blade_NACA_0021_Circ95_Sol0.55 Simulation 3.13;Blade_NACA_0021_Circ95_Sol0.55 Simulation 3.13;Blade_NACA_0021_Circ95_Sol0.55 Simulation 3.13;Blade_NACA_0021_Circ95_Sol0.55 Simulation 3.13;Blade_NACA_0021_Circ95_Sol0.55 Simulation 3.13;Blade_NACA_0021_Circ95_Sol0.55 Simulation 3.13;Blade_NACA_0021_Circ95_Sol0.55 Simulation 3.13;Blade_NACA_0021_Circ95_Sol0.55 Simulation 3.13;Blade_NACA_0021_Circ95_Sol0.55 Simulation 3.13;Blade_NACA_0021_Circ95_Sol0.55 Simulation 3.13;Blade_NACA_0021_Circ95_Sol0.55 Simulation 3.13;Blade_NACA_0021_Circ95_Sol0.55 Simulation 3.13;Blade_NACA_0021_Circ95_Sol0.55 Simulation 3.13;Blade_NACA_0021_Circ95_Sol0.55 Simulation 3.13;Blade_NACA_0021_Circ95_Sol0.55 Simulation 3.13;Blade_NACA_0021_Circ95_Sol0.55 Simulation 3.13;Blade_NACA_0021_Circ95_Sol0.55 Simulation 3.13;Blade_NACA_0021_Circ95_Sol0.55 Simulation 3.13;Blade_NACA_0021_Circ95_Sol0.55 Simulation 3.13;Blade_NACA_0021_Circ95_Sol0.55 Simulation 3.13;Blade_NACA_0021_Circ95_Sol0.55 Simulation 3.13;Blade_NACA_0021_Circ95_Sol0.55 Simulation 3.13;Blade_NACA_0021_Circ95_Sol0.55 Simulation 3.13;Blade_NACA_0021_Circ95_Sol0.55 Simulation 3.13;Blade_NACA_0021_Circ95_Sol0.55 Simulation 3.13;Blade_NACA_0021_Circ95_Sol0.55 Simulation 3.13;Blade_NACA_0021_Circ95_Sol0.55 Simulation 3.13;Blade_NACA_0021_Circ95_Sol0.55 Simulation 3.13;Blade_NACA_0021_Circ95_Sol0.55 Simulation 3.13;Blade_NACA_0021_Circ95_Sol0.55 Simulation 3.13;Blade_NACA_0021_Circ95_Sol0.55 Simulation 3.13;Blade_NACA_0021_Circ95_Sol0.55 Simulation 3.13;Blade_NACA_0021_Circ95_Sol0.55 Simulation 3.13;Blade_NACA_0021_Circ95_Sol0.55 Simulation 3.13;Blade_NACA_0021_Circ95_Sol0.55 Simulation 3.13;Blade_NACA_0021_Circ95_Sol0.55 Simulation 3.13;Blade_NACA_0021_Circ95_Sol0.55 Simulation 3.13;Blade_NACA_0021_Circ95_Sol0.55 Simulation 3.13;Blade_NACA_0021_Circ95_Sol0.55 Simulation 3.13;Blade_NACA_0021_Circ95_Sol0.55 Simulation 3.13;Blade_NACA_0021_Circ95_Sol0.55 Simulation 3.13;Blade_NACA_0021_Circ95_Sol0.55 Simulation 3.13;Blade_NACA_0021_Circ95_Sol0.55 Simulation 3.13;Blade_NACA_0021_Circ95_Sol0.55 Simulation 3.13;Blade_NACA_0021_Circ95_Sol0.55 Simulation 3.13;Blade_NACA_0021_Circ95_Sol0.55 Simulation 3.13;Blade_NACA_0021_Circ95_Sol0.55 Simulation 3.13;Blade_NACA_0021_Circ95_Sol0.55 Simulation 3.13;Blade_NACA_0021_Circ95_Sol0.55 Simulation 3.13;Blade_NACA_0021_Circ95_Sol0.55 Simulation 3.13;Blade_NACA_0021_Circ95_Sol0.55 Simulation 3.13;Blade_NACA_0021_Circ95_Sol0.55 Simulation 3.13;Blade_NACA_0021_Circ95_Sol0.55 Simulation 3.13;Blade_NACA_0021_Circ95_Sol0.55 Simulation 3.13;Blade_NACA_0021_Circ95_Sol0.55 Simulation 3.13;Blade_NACA_0021_Circ95_Sol0.55 Simulation 3.13;Blade_NACA_0021_Circ95_Sol0.55 Simulation 3.13;Blade_NACA_0021_Circ95_Sol0.55 Simulation 3.13;Blade_NACA_0021_Circ95_Sol0.55 Simulation 3.13;Blade_NACA_0021_Circ95_Sol0.55 Simulation 3.13;Blade_NACA_0021_Circ95_Sol0.55 Simulation 3.13;Blade_NACA_0021_Circ95_Sol0.55 Simulation 3.13;Blade_NACA_0021_Circ95_Sol0.55 Simulation 3.13;Blade_NACA_0021_Circ95_Sol0.55 Simulation 3.13;Blade_NACA_0021_Circ95_Sol0.55 Simulation 3.13;Blade_NACA_0021_Circ95_Sol0.55 Simulation 3.13;Blade_NACA_0021_Circ95_Sol0.55 Simulation 3.13;Blade_NACA_0021_Circ95_Sol0.55 Simulation 3.13;Blade_NACA_0021_Circ95_Sol0.55 Simulation 3.13;Blade_NACA_0021_Circ95_Sol0.55 Simulation 3.13;Blade_NACA_0021_Circ95_Sol0.55 Simulation 3.13;Blade_NACA_0021_Circ95_Sol0.55 Simulation 3.13;Blade_NACA_0021_Circ95_Sol0.55 Simulation 3.13;Blade_NACA_0021_Circ95_Sol0.55 Simulation 3.13;Blade_NACA_0021_Circ95_Sol0.55 Simulation 3.13;Blade_NACA_0021_Circ95_Sol0.55 Simulation 3.13;Blade_NACA_0021_Circ95_Sol0.55 Simulation 3.13;Blade_NACA_0021_Circ95_Sol0.55 Simulation 3.13;Blade_NACA_0021_Circ95_Sol0.55 Simulation 3.13;Blade_NACA_0021_Circ95_Sol0.55 Simulation 3.13;Blade_NACA_0021_Circ95_Sol0.55 Simulation 3.13;Blade_NACA_0021_Circ95_Sol0.55 Simulation 3.13;Blade_NACA_0021_Circ95_Sol0.55 Simulation 3.13;Blade_NACA_0021_Circ95_Sol0.55 Simulation 3.13;Blade_NACA_0021_Circ95_Sol0.55 Simulation 3.13;Blade_NACA_0021_Circ95_Sol0.55 Simulation 3.13;Blade_NACA_0021_Circ95_Sol0.55 Simulation 3.13;Blade_NACA_0021_Circ95_Sol0.55 Simulation 3.13;Blade_NACA_0021_Circ95_Sol0.55 Simulation 3.13;Blade_NACA_0021_Circ95_Sol0.55 Simulation 3.13;Blade_NACA_0021_Circ95_Sol0.55 Simulation 3.13;Blade_NACA_0021_Circ95_Sol0.55 Simulation 3.13;Blade_NACA_0021_Circ95_Sol0.55 Simulation 3.13;Blade_NACA_0021_Circ95_Sol0.55 Simulation 3.13;Blade_NACA_0021_Circ95_Sol0.55 Simulation 3.13;Blade_NACA_0021_Circ95_Sol0.55 Simulation 3.13;Blade_NACA_0021_Circ95_Sol0.55 Simulation 3.13;Blade_NACA_0021_Circ95_Sol0.55 Simulation 3.13;Blade_NACA_0021_Circ95_Sol0.55 Simulation 3.13;Blade_NACA_0021_Circ95_Sol0.55 Simulation 3.13;Blade_NACA_0021_Circ95_Sol0.55 Simulation 3.13;Blade_NACA_0021_Circ95_Sol0.55 Simulation 3.13;Blade_NACA_0021_Circ95_Sol0.55 Simulation 3.13;Blade_NACA_0021_Circ95_Sol0.55 Simulation 3.13;Blade_NACA_0021_Circ95_Sol0.55 Simulation 3.13;Blade_NACA_0021_Circ95_Sol0.55 Simulation 3.13;Blade_NACA_0021_Circ95_Sol0.55 Simulation 3.13;Blade_NACA_0021_Circ95_Sol0.55 Simulation 3.13;Blade_NACA_0021_Circ95_Sol0.55 Simulation 3.13;Blade_NACA_0021_Circ95_Sol0.55 Simulation 3.13;Blade_NACA_0021_Circ95_Sol0.55 Simulation 3.13;Blade_NACA_0021_Circ95_Sol0.55 Simulation 3.13;Blade_NACA_0021_Circ95_Sol0.55 Simulation 3.13;Blade_NACA_0021_Circ95_Sol0.55 Simulation 3.13;Blade_NACA_0021_Circ95_Sol0.55 Simulation 3.13;Blade_NACA_0021_Circ95_Sol0.55 Simulation 3.13;Blade_NACA_0021_Circ95_Sol0.55 Simulation 3.13;Blade_NACA_0021_Circ95_Sol0.55 Simulation 3.13;Blade_NACA_0021_Circ95_Sol0.55 Simulation 3.13;Blade_NACA_0021_Circ95_Sol0.55 Simulation 3.13;Blade_NACA_0021_Circ95_Sol0.55 Simulation 3.13;Blade_NACA_0021_Circ95_Sol0.55 Simulation 3.13;Blade_NACA_0021_Circ95_Sol0.55 Simulation 3.13;Blade_NACA_0021_Circ95_Sol0.55 Simulation 3.13;Blade_NACA_0021_Circ95_Sol0.55 Simulation 3.13;Blade_NACA_0021_Circ95_Sol0.55 Simulation 3.13;Blade_NACA_0021_Circ95_Sol0.55 Simulation 3.13;Blade_NACA_0021_Circ95_Sol0.55 Simulation 3.13;Blade_NACA_0021_Circ95_Sol0.55 Simulation 3.13;Blade_NACA_0021_Circ95_Sol0.55 Simulation 3.13;Blade_NACA_0021_Circ95_Sol0.55 Simulation 3.13;Blade_NACA_0021_Circ95_Sol0.55 Simulation 3.13;Blade_NACA_0021_Circ95_Sol0.55 Simulation 3.13;Blade_NACA_0021_Circ95_Sol0.55 Simulation 3.13;Blade_NACA_0021_Circ95_Sol0.55 Simulation 3.13;Blade_NACA_0021_Circ95_Sol0.55 Simulation 3.13;Blade_NACA_0021_Circ95_Sol0.55 Simulation 3.13;Blade_NACA_0021_Circ95_Sol0.55 Simulation 3.13;Blade_NACA_0021_Circ95_Sol0.55 Simulation 3.13;Blade_NACA_0021_Circ95_Sol0.55 Simulation 3.13;Blade_NACA_0021_Circ95_Sol0.55 Simulation 3.13;Blade_NACA_0021_Circ95_Sol0.55 Simulation 3.13;Blade_NACA_0021_Circ95_Sol0.55 Simulation 3.13;Blade_NACA_0021_Circ95_Sol0.55 Simulation 3.13;Blade_NACA_0021_Circ95_Sol0.55 Simulation 3.13;Blade_NACA_0021_Circ95_Sol0.55 Simulation 3.13;Blade_NACA_0021_Circ95_Sol0.55 Simulation 3.13;Blade_NACA_0021_Circ95_Sol0.55 Simulation 3.13;Blade_NACA_0021_Circ95_Sol0.55 Simulation 3.13;Blade_NACA_0021_Circ95_Sol0.55 Simulation 3.13;Blade_NACA_0021_Circ95_Sol0.55 Simulation 3.13;Blade_NACA_0021_Circ95_Sol0.55 Simulation 3.13;Blade_NACA_0021_Circ95_Sol0.55 Simulation 3.13;Blade_NACA_0021_Circ95_Sol0.55 Simulation 3.13;Blade_NACA_0021_Circ95_Sol0.55 Simulation 3.13;Blade_NACA_0021_Circ95_Sol0.55 Simulation 3.13;Blade_NACA_0021_Circ95_Sol0.55 Simulation 3.13;Blade_NACA_0021_Circ95_Sol0.55 Simulation 3.13;Blade_NACA_0021_Circ95_Sol0.55 Simulation 3.13;Blade_NACA_0021_Circ95_Sol0.55 Simulation 3.13;Blade_NACA_0021_Circ95_Sol0.55 Simulation 3.13;Blade_NACA_0021_Circ95_Sol0.55 Simulation 3.13;Blade_NACA_0021_Circ95_Sol0.55 Simulation 3.13;Blade_NACA_0021_Circ95_Sol0.55 Simulation 3.13;Blade_NACA_0021_Circ95_Sol0.55 Simulation 3.13;Blade_NACA_0021_Circ95_Sol0.55 Simulation 3.13;Blade_NACA_0021_Circ95_Sol0.55 Simulation 3.13;Blade_NACA_0021_Circ95_Sol0.55 Simulation 3.13;Blade_NACA_0021_Circ95_Sol0.55 Simulation 3.13;Blade_NACA_0021_Circ95_Sol0.55 Simulation 3.13;Blade_NACA_0021_Circ95_Sol0.55 Simulation 3.13;Blade_NACA_0021_Circ95_Sol0.55 Simulation 3.13;Blade_NACA_0021_Circ95_Sol0.55 Simulation 3.13;Blade_NACA_0021_Circ95_Sol0.55 Simulation 3.13;Blade_NACA_0021_Circ95_Sol0.55 Simulation 3.13;Blade_NACA_0021_Circ95_Sol0.55 Simulation 3.13;Blade_NACA_0021_Circ95_Sol0.55 Simulation 3.13;Blade_NACA_0021_Circ95_Sol0.55 Simulation 3.13;Blade_NACA_0021_Circ95_Sol0.55 Simulation 3.13;Blade_NACA_0021_Circ95_Sol0.55 Simulation 3.13;Blade_NACA_0021_Circ95_Sol0.55 Simulation 3.13;Blade_NACA_0021_Circ95_Sol0.55 Simulation 3.13;Blade_NACA_0021_Circ95_Sol0.55 Simulation 3.13;Blade_NACA_0021_Circ95_Sol0.55 Simulation 3.13;Blade_NACA_0021_Circ95_Sol0.55 Simulation 3.13;Blade_NACA_0021_Circ95_Sol0.55 Simulation 3.13;Blade_NACA_0021_Circ95_Sol0.55 Simulation 3.13;Blade_NACA_0021_Circ95_Sol0.55 Simulation 3.13;Blade_NACA_0021_Circ95_Sol0.55 Simulation 3.13;Blade_NACA_0021_Circ95_Sol0.55 Simulation 3.13;Blade_NACA_0021_Circ95_Sol0.55 Simulation 3.13;Blade_NACA_0021_Circ95_Sol0.55 Simulation 3.13;Blade_NACA_0021_Circ95_Sol0.55 Simulation 3.13;Blade_NACA_0021_Circ95_Sol0.55 Simulation 3.13;Blade_NACA_0021_Circ95_Sol0.55 Simulation 3.13;Blade_NACA_0021_Circ95_Sol0.55 Simulation 3.13;Blade_NACA_0021_Circ95_Sol0.55 Simulation 3.13;Blade_NACA_0021_Circ95_Sol0.55 Simulation 3.13;Blade_NACA_0021_Circ95_Sol0.55 Simulation 3.13;Blade_NACA_0021_Circ95_Sol0.55 Simulation 3.13;Blade_NACA_0021_Circ95_Sol0.55 Simulation 3.13;Blade_NACA_0021_Circ95_Sol0.55 Simulation 3.13;Blade_NACA_0021_Circ95_Sol0.55 Simulation 3.13;Blade_NACA_0021_Circ95_Sol0.55 Simulation 3.13;Blade_NACA_0021_Circ95_Sol0.55 Simulation 3.13;Blade_NACA_0021_Circ95_Sol0.55 Simulation 3.13;Blade_NACA_0021_Circ95_Sol0.55 Simulation 3.13;Blade_NACA_0021_Circ95_Sol0.55 Simulation 3.13;Blade_NACA_0021_Circ95_Sol0.55 Simulation 3.13;Blade_NACA_0021_Circ95_Sol0.55 Simulation 3.13;Blade_NACA_0021_Circ95_Sol0.55 Simulation 3.13;Blade_NACA_0021_Circ95_Sol0.55 Simulation 3.13;Blade_NACA_0021_Circ95_Sol0.55 Simulation 3.13;Blade_NACA_0021_Circ95_Sol0.55 Simulation 3.13;Blade_NACA_0021_Circ95_Sol0.55 Simulation 3.13;Blade_NACA_0021_Circ95_Sol0.55 Simulation 3.13;Blade_NACA_0021_Circ95_Sol0.55 Simulation 3.13;Blade_NACA_0021_Circ95_Sol0.55 Simulation 3.13;Blade_NACA_0021_Circ95_Sol0.55 Simulation 3.13;Blade_NACA_0021_Circ95_Sol0.55 Simulation 3.13;Blade_NACA_0021_Circ95_Sol0.55 Simulation 3.13;Blade_NACA_0021_Circ95_Sol0.55 Simulation 3.13;Blade_NACA_0021_Circ95_Sol0.55 Simulation 3.13;Blade_NACA_0021_Circ95_Sol0.55 Simulation 3.13;Blade_NACA_0021_Circ95_Sol0.55 Simulation 3.13;Blade_NACA_0021_Circ95_Sol0.55 Simulation 3.13;Blade_NACA_0021_Circ95_Sol0.55 Simulation 3.13;Blade_NACA_0021_Circ95_Sol0.55 Simulation 3.13;Blade_NACA_0021_Circ95_Sol0.55 Simulation 3.13;Blade_NACA_0021_Circ95_Sol0.55 Simulation 3.13;Blade_NACA_0021_Circ95_Sol0.55 Simulation 3.13;Blade_NACA_0021_Circ95_Sol0.55 Simulation 3.13;Blade_NACA_0021_Circ95_Sol0.55 Simulation 3.13;Blade_NACA_0021_Circ95_Sol0.55 Simulation 3.13;Blade_NACA_0021_Circ95_Sol0.55 Simulation 3.13;Blade_NACA_0021_Circ95_Sol0.55 Simulation 3.13;Blade_NACA_0021_Circ95_Sol0.55 Simulation 3.13;Blade_NACA_0021_Circ95_Sol0.55 Simulation 3.13;Blade_NACA_0021_Circ95_Sol0.55 Simulation 3.13;Blade_NACA_0021_Circ95_Sol0.55 Simulation 3.13;Blade_NACA_0021_Circ95_Sol0.55 Simulation 3.13;Blade_NACA_0021_Circ95_Sol0.55 Simulation 3.13;Blade_NACA_0021_Circ95_Sol0.55 Simulation 3.13;Blade_NACA_0021_Circ95_Sol0.55 Simulation 3.13;Blade_NACA_0021_Circ95_Sol0.55 Simulation 3.13;Blade_NACA_0021_Circ95_Sol0.55 Simulation 3.13;Blade_NACA_0021_Circ95_Sol0.55 Simulation 3.13;Blade_NACA_0021_Circ95_Sol0.55 Simulation 3.13;Blade_NACA_0021_Circ95_Sol0.55 Simulation 3.13;Blade_NACA_0021_Circ95_Sol0.55 Simulation 3.13;Blade_NACA_0021_Circ95_Sol0.55 Simulation 3.13;Blade_NACA_0021_Circ95_Sol0.55 Simulation 3.13;Blade_NACA_0021_Circ95_Sol0.55 Simulation 3.13;Blade_NACA_0021_Circ95_Sol0.55 Simulation 3.13;Blade_NACA_0021_Circ95_Sol0.55 Simulation 3.13;Blade_NACA_0021_Circ95_Sol0.55 Simulation 3.13;Blade_NACA_0021_Circ95_Sol0.55 Simulation 3.13;Blade_NACA_0021_Circ95_Sol0.55 Simulation 3.13;Blade_NACA_0021_Circ95_Sol0.55 Simulation 3.13;Blade_NACA_0021_Circ95_Sol0.55 Simulation 3.13;Blade_NACA_0021_Circ95_Sol0.55 Simulation 3.13;Blade_NACA_0021_Circ95_Sol0.55 Simulation 3.13;Blade_NACA_0021_Circ95_Sol0.55 Simulation 3.13;Blade_NACA_0021_Circ95_Sol0.55 Simulation 3.13;Blade_NACA_0021_Circ95_Sol0.55 Simulation 3.13;Blade_NACA_0021_Circ95_Sol0.55 Simulation 3.13;Blade_NACA_0021_Circ95_Sol0.55 Simulation 3.13;Blade_NACA_0021_Circ95_Sol0.55 Simulation 3.13;Blade_NACA_0021_Circ95_Sol0.55 Simulation 3.13;Blade_NACA_0021_Circ95_Sol0.55 Simulation 3.13;Blade_NACA_0021_Circ95_Sol0.55 Simulation 3.13;Blade_NACA_0021_Circ95_Sol0.55 Simulation 3.13;Blade_NACA_0021_Circ95_Sol0.55 Simulation 3.13;Blade_NACA_0021_Circ95_Sol0.55 Simulation 3.13;Blade_NACA_0021_Circ95_Sol0.55 Simulation 3.13;Blade_NACA_0021_Circ95_Sol0.55 Simulation 3.13;Blade_NACA_0021_Circ95_Sol0.55 Simulation 3.13;Blade_NACA_0021_Circ95_Sol0.55 Simulation 3.13;Blade_NACA_0021_Circ95_Sol0.55 Simulation 3.13;Blade_NACA_0021_Circ95_Sol0.55 Simulation 3.13;Blade_NACA_0021_Circ95_Sol0.55 Simulation 3.13;Blade_NACA_0021_Circ95_Sol0.55 Simulation 3.13;Blade_NACA_0021_Circ95_Sol0.55 Simulation 3.13;Blade_NACA_0021_Circ95_Sol0.55 Simulation 3.13;Blade_NACA_0021_Circ95_Sol0.55 Simulation 3.13;Blade_NACA_0021_Circ95_Sol0.55 Simulation 3.13;Blade_NACA_0021_Circ95_Sol0.55 Simulation 3.13;Blade_NACA_0021_Circ95_Sol0.55 Simulation 3.13;Blade_NACA_0021_Circ95_Sol0.55 Simulation 3.13;Blade_NACA_0021_Circ95_Sol0.55 Simulation 3.13;Blade_NACA_0021_Circ95_Sol0.55 Simulation 3.13;Blade_NACA_0021_Circ95_Sol0.55 Simulation 3.13;Blade_NACA_0021_Circ95_Sol0.55 Simulation 3.13;Blade_NACA_0021_Circ95_Sol0.55 Simulation 3.13;Blade_NACA_0021_Circ95_Sol0.55 Simulation 3.13;Blade_NACA_0021_Circ95_Sol0.55 Simulation 3.13;Blade_NACA_0021_Circ95_Sol0.55 Simulation 3.13;Blade_NACA_0021_Circ95_Sol0.55 Simulation 3.13;Blade_NACA_0021_Circ95_Sol0.55 Simulation 3.13;Blade_NACA_0021_Circ95_Sol0.55 Simulation 3.13;Blade_NACA_0021_Circ95_Sol0.55 Simulation 3.13;Blade_NACA_0021_Circ95_Sol0.55 Simulation 3.13;Blade_NACA_0021_Circ95_Sol0.55 Simulation 3.13;Blade_NACA_0021_Circ95_Sol0.55 Simulation 3.13;Blade_NACA_0021_Circ95_Sol0.55 Simulation 3.13;Blade_NACA_0021_Circ95_Sol0.55 Simulation 3.13;Blade_NACA_0021_Circ95_Sol0.55 Simulation 3.13;Blade_NACA_0021_Circ95_Sol0.55 Simulation 3.13;Blade_NACA_0021_Circ95_Sol0.55 Simulation 3.13;Blade_NACA_0021_Circ95_Sol0.55 Simulation 3.13;Blade_NACA_0021_Circ95_Sol0.55 Simulation 3.13;Blade_NACA_0021_Circ95_Sol0.55 Simulation 3.13;Blade_NACA_0021_Circ95_Sol0.55 Simulation 3.13;Blade_NACA_0021_Circ95_Sol0.55 Simulation 3.13;Blade_NACA_0021_Circ95_Sol0.55 Simulation 3.13;Blade_NACA_0021_Circ95_Sol0.55 Simulation 3.13;Blade_NACA_0021_Circ95_Sol0.55 Simulation 3.13;Blade_NACA_0021_Circ95_Sol0.55 Simulation 3.13;Blade_NACA_0021_Circ95_Sol0.55 Simulation 3.13;Blade_NACA_0021_Circ95_Sol0.55 Simulation 3.13;Blade_NACA_0021_Circ95_Sol0.55 Simulation 3.13;Blade_NACA_0021_Circ95_Sol0.55 Simulation 3.13;Blade_NACA_0021_Circ95_Sol0.55 Simulation 3.13;Blade_NACA_0021_Circ95_Sol0.55 Simulation 3.13;Blade_NACA_0021_Circ95_Sol0.55 Simulation 3.13;Blade_NACA_0021_Circ95_Sol0.55 Simulation 3.13;Blade_NACA_0021_Circ95_Sol0.55 Simulation 3.13;Blade_NACA_0021_Circ95_Sol0.55 Simulation 3.13;Blade_NACA_0021_Circ95_Sol0.55 Simulation 3.13;Blade_NACA_0021_Circ95_Sol0.55 Simulation 3.13;Blade_NACA_0021_Circ95_Sol0.55 Simulation 3.13;Blade_NACA_0021_Circ95_Sol0.55 Simulation 3.13;Blade_NACA_0021_Circ95_Sol0.55 Simulation 3.13;Blade_NACA_0021_Circ95_Sol0.55 Simulation 3.13;Blade_NACA_0021_Circ95_Sol0.55 Simulation 3.13;Blade_NACA_0021_Circ95_Sol0.55 Simulation 3.13;Blade_NACA_0021_Circ95_Sol0.55 Simulation 3.13;Blade_NACA_0021_Circ95_Sol0.55 Simulation 3.13;Blade_NACA_0021_Circ95_Sol0.55 Simulation 3.13;Blade_NACA_0021_Circ95_Sol0.55 Simulation 3.13;Blade_NACA_0021_Circ95_Sol0.55 Simulation 3.13;Blade_NACA_0021_Circ95_Sol0.55 Simulation 3.13;Blade_NACA_0021_Circ95_Sol0.55 Simulation 3.13;Blade_NACA_0021_Circ95_Sol0.55 Simulation 3.13;Blade_NACA_0021_Circ95_Sol0.55 Simulation 3.13;Blade_NACA_0021_Circ95_Sol0.55 Simulation 3.13;Blade_NACA_0021_Circ95_Sol0.55 Simulation 3.13;Blade_NACA_0021_Circ95_Sol0.55 Simulation 3.13;Blade_NACA_0021_Circ95_Sol0.55 Simulation 3.13;Blade_NACA_0021_Circ95_Sol0.55 Simulation 3.13;Blade_NACA_0021_Circ95_Sol0.55 Simulation 3.13;Blade_NACA_0021_Circ95_Sol0.55 Simulation 3.13;Blade_NACA_0021_Circ95_Sol0.55 Simulation 3.13;Blade_NACA_0021_Circ95_Sol0.55 Simulation 3.13;Blade_NACA_0021_Circ95_Sol0.55 Simulation 3.13;Blade_NACA_0021_Circ95_Sol0.55 Simulation 3.13;Blade_NACA_0021_Circ95_Sol0.55 Simulation 3.13;Blade_NACA_0021_Circ95_Sol0.55 Simulation 3.13;Blade_NACA_0021_Circ95_Sol0.55 Simulation 3.13;Blade_NACA_0021_Circ95_Sol0.55 Simulation 3.13;Blade_NACA_0021_Circ95_Sol0.55 Simulation 3.13;Blade_NACA_0021_Circ95_Sol0.55 Simulation 3.13;Blade_NACA_0021_Circ95_Sol0.55 Simulation 3.13;Blade_NACA_0021_Circ95_Sol0.55 Simulation 3.13;Blade_NACA_0021_Circ95_Sol0.55 Simulation 3.13;Blade_NACA_0021_Circ95_Sol0.55 Simulation 3.13;Blade_NACA_0021_Circ95_Sol0.55 Simulation 3.13;Blade_NACA_0021_Circ95_Sol0.55 Simulation 3.13;Blade_NACA_0021_Circ95_Sol0.55 Simulation 3.13;Blade_NACA_0021_Circ95_Sol0.55 Simulation 3.13;Blade_NACA_0021_Circ95_Sol0.55 Simulation 3.13;Blade_NACA_0021_Circ95_Sol0.55 Simulation 3.13;Blade_NACA_0021_Circ95_Sol0.55 Simulation 3.13;Blade_NACA_0021_Circ95_Sol0.55 Simulation 3.13;Blade_NACA_0021_Circ95_Sol0.55 Simulation 3.13;Blade_NACA_0021_Circ95_Sol0.55 Simulation 3.13;Blade_NACA_0021_Circ95_Sol0.55 Simulation 3.13;Blade_NACA_0021_Circ95_Sol0.55 Simulation 3.13;Blade_NACA_0021_Circ95_Sol0.55 Simulation 3.13;Blade_NACA_0021_Circ95_Sol0.55 Simulation 3.13;Blade_NACA_0021_Circ95_Sol0.55 Simulation 3.13;Blade_NACA_0021_Circ95_Sol0.55 Simulation 3.13;Blade_NACA_0021_Circ95_Sol0.55 Simulation 3.13;Blade_NACA_0021_Circ95_Sol0.55 Simulation 3.13;Blade_NACA_0021_Circ95_Sol0.55 Simulation 3.13;Blade_NACA_0021_Circ95_Sol0.55 Simulation 3.13;Blade_NACA_0021_Circ95_Sol0.55 Simulation 3.13;Blade_NACA_0021_Circ95_Sol0.55 Simulation 3.13;Blade_NACA_0021_Circ95_Sol0.55 Simulation 3.13;Blade_NACA_0021_Circ95_Sol0.55 Simulation 3.13;Blade_NACA_0021_Circ95_Sol0.55 Simulation 3.13;Blade_NACA_0021_Circ95_Sol0.55 Simulation 3.13;Blade_NACA_0021_Circ95_Sol0.55 Simulation 3.13;Blade_NACA_0021_Circ95_Sol0.55 Simulation 3.13;Blade_NACA_0021_Circ95_Sol0.55 Simulation 3.13;Blade_NACA_0021_Circ95_Sol0.55 Simulation 3.13;Blade_NACA_0021_Circ95_Sol0.55 Simulation 3.13;Blade_NACA_0021_Circ95_Sol0.55 Simulation 3.13;Blade_NACA_0021_Circ95_Sol0.55 Simulation 3.13;Blade_NACA_0021_Circ95_Sol0.55 Simulation 3.13;Blade_NACA_0021_Circ95_Sol0.55 Simulation 3.13;Blade_NACA_0021_Circ95_Sol0.55 Simulation 3.13;Blade_NACA_0021_Circ95_Sol0.55 Simulation 3.13;Blade_NACA_0021_Circ95_Sol0.55 Simulation 3.13;Blade_NACA_0021_Circ95_Sol0.55 Simulation 3.13;Blade_NACA_0021_Circ95_Sol0.55 Simulation 3.13;Blade_NACA_0021_Circ95_Sol0.55 Simulation 3.13;Blade_NACA_0021_Circ95_Sol0.55 Simulation 3.13;Blade_NACA_0021_Circ95_Sol0.55 Simulation 3.13;Blade_NACA_0021_Circ95_Sol0.55 Simulation 3.13;Blade_NACA_0021_Circ95_Sol0.55 Simulation 3.13;Blade_NACA_0021_Circ95_Sol0.55 Simulation 3.13;Blade_NACA_0021_Circ95_Sol0.55 Simulation 3.13;Blade_NACA_0021_Circ95_Sol0.55 Simulation 3.13;Blade_NACA_0021_Circ95_Sol0.55 Simulation 3.13;Blade_NACA_0021_Circ95_Sol0.55 Simulation 3.13;Blade_NACA_0021_Circ95_Sol0.55 Simulation 3.13;Blade_NACA_0021_Circ95_Sol0.55 Simulation 3.13;Blade_NACA_0021_Circ95_Sol0.55 Simulation 3.13;Blade_NACA_0021_Circ95_Sol0.55 Simulation 3.13;Blade_NACA_0021_Circ95_Sol0.55 Simulation 3.13;Blade_NACA_0021_Circ95_Sol0.55 Simulation 3.13;Blade_NACA_0021_Circ95_Sol0.55 Simulation 3.13;Blade_NACA_0021_Circ95_Sol0.55 Simulation 3.13;Blade_NACA_0021_Circ95_Sol0.55 Simulation 3.13;Blade_NACA_0021_Circ95_Sol0.55 Simulation 3.13;Blade_NACA_0021_Circ95_Sol0.55 Simulation 3.13;Blade_NACA_0021_Circ95_Sol0.55 Simulation 3.13;Blade_NACA_0021_Circ95_Sol0.55 Simulation 3.13;Blade_NACA_0021_Circ95_Sol0.55 Simulation 3.13;Blade_NACA_0021_Circ95_Sol0.55 Simulation 3.13;Blade_NACA_0021_Circ95_Sol0.55 Simulation 3.13;Blade_NACA_0021_Circ95_Sol0.55 Simulation 3.13;Blade_NACA_0021_Circ95_Sol0.55 Simulation 3.13;Blade_NACA_0021_Circ95_Sol0.55 Simulation 3.13;Blade_NACA_0021_Circ95_Sol0.55 Simulation 3.13;Blade_NACA_0021_Circ95_Sol0.55 Simulation 3.13;Blade_NACA_0021_Circ95_Sol0.55 Simulation 3.13;Blade_NACA_0021_Circ95_Sol0.55 Simulation 3.13;Blade_NACA_0021_Circ95_Sol0.55 Simulation 3.13;Blade_NACA_0021_Circ95_Sol0.55 Simulation 3.13;Blade_NACA_0021_Circ95_Sol0.55 Simulation 3.13;Blade_NACA_0021_Circ95_Sol0.55 Simulation 3.13;Blade_NACA_0021_Circ95_Sol0.55 Simulation 3.13;Blade_NACA_0021_Circ95_Sol0.55 Simulation 3.13;Blade_NACA_0021_Circ95_Sol0.55 Simulation 3.13;Blade_NACA_0021_Circ95_Sol0.55 Simulation 3.13;Blade_NACA_0021_Circ95_Sol0.55 Simulation 3.13;Blade_NACA_0021_Circ95_Sol0.55 Simulation 3.13;Blade_NACA_0021_Circ95_Sol0.55 Simulation 3.13;Blade_NACA_0021_Circ95_Sol0.55 Simulation 3.13;Blade_NACA_0021_Circ95_Sol0.55 Simulation 3.13;Blade_NACA_0021_Circ95_Sol0.55 Simulation 3.13;Blade_NACA_0021_Circ95_Sol0.55 Simulation 3.13;Blade_NACA_0021_Circ95_Sol0.55 Simulation 3.13;Blade_NACA_0021_Circ95_Sol0.55 Simulation 3.13;Blade_NACA_0021_Circ95_Sol0.55 Simulation 3.13;Blade_NACA_0021_Circ95_Sol0.55 Simulation 3.13;Blade_NACA_0021_Circ95_Sol0.55 Simulation 3.13;Blade_NACA_0021_Circ95_Sol0.55 Simulation 3.13;Blade_NACA_0021_Circ95_Sol0.55 Simulation 3.13;Blade_NACA_0021_Circ95_Sol0.55 Simulation 3.13;Blade_NACA_0021_Circ95_Sol0.55 Simulation 3.13;Blade_NACA_0021_Circ95_Sol0.55 Simulation 3.13;Blade_NACA_0021_Circ95_Sol0.55 Simulation 3.13;Blade_NACA_0021_Circ95_Sol0.55 Simulation 3.13;Blade_NACA_0021_Circ95_Sol0.55 Simulation 3.13;Blade_NACA_0021_Circ95_Sol0.55 Simulation 3.13;Blade_NACA_0021_Circ95_Sol0.55 Simulation 3.13;Blade_NACA_0021_Circ95_Sol0.55 Simulation 3.13;Blade_NACA_0021_Circ95_Sol0.55 Simulation 3.13;Blade_NACA_0021_Circ95_Sol0.55 Simulation 3.13;Blade_NACA_0021_Circ95_Sol0.55 Simulation 3.13;Blade_NACA_0021_Circ95_Sol0.55 Simulation 3.13;Blade_NACA_0021_Circ95_Sol0.55 Simulation 3.13;Blade_NACA_0021_Circ95_Sol0.55 Simulation 3.13;Blade_NACA_0021_Circ95_Sol0.55 Simulation 3.13;Blade_NACA_0021_Circ95_Sol0.55 Simulation 3.13;Blade_NACA_0021_Circ95_Sol0.55 Simulation 3.13;Blade_NACA_0021_Circ95_Sol0.55 Simulation 3.13;Blade_NACA_0021_Circ95_Sol0.55 Simulation 3.13;Blade_NACA_0021_Circ95_Sol0.55 Simulation 3.13;Blade_NACA_0021_Circ95_Sol0.55 Simulation 3.13;Blade_NACA_0021_Circ95_Sol0.55 Simulation 3.13;Blade_NACA_0021_Circ95_Sol0.55 Simulation 3.13;Blade_NACA_0021_Circ95_Sol0.55 Simulation 3.13;Blade_NACA_0021_Circ95_Sol0.55 Simulation 3.13;Blade_NACA_0021_Circ95_Sol0.55 Simulation 3.13;Blade_NACA_0021_Circ95_Sol0.55 Simulation 3.13;Blade_NACA_0021_Circ95_Sol0.55 Simulation 3.13;Blade_NACA_0021_Circ95_Sol0.55 Simulation 3.13;Blade_NACA_0021_Circ95_Sol0.55 Simulation 3.13;Blade_NACA_0021_Circ95_Sol0.55 Simulation 3.13;Blade_NACA_0021_Circ95_Sol0.55 Simulation 3.13;Blade_NACA_0021_Circ95_Sol0.55 Simulation 3.13;Blade_NACA_0021_Circ95_Sol0.55 Simulation 3.13;Blade_NACA_0021_Circ95_Sol0.55 Simulation 3.13;Blade_NACA_0021_Circ95_Sol0.55 Simulation 3.13;Blade_NACA_0021_Circ95_Sol0.55 Simulation 3.13;Blade_NACA_0021_Circ95_Sol0.55 Simulation 3.13;Blade_NACA_0021_Circ95_Sol0.55 Simulation 3.13;Blade_NACA_0021_Circ95_Sol0.55 Simulation 3.13;Blade_NACA_0021_Circ95_Sol0.55 Simulation 3.13;Blade_NACA_0021_Circ95_Sol0.55 Simulation 3.13;Blade_NACA_0021_Circ95_Sol0.55 Simulation 3.13;Blade_NACA_0021_Circ95_Sol0.55 Simulation 3.13;Blade_NACA_0021_Circ95_Sol0.55 Simulation 3.13;Blade_NACA_0021_Circ95_Sol0.55 Simulation 3.13;Blade_NACA_0021_Circ95_Sol0.55 Simulation 3.13;Blade_NACA_0021_Circ95_Sol0.55 Simulation 3.13;Blade_NACA_0021_Circ95_Sol0.55 Simulation 3.13;Blade_NACA_0021_Circ95_Sol0.55 Simulation 3.13;Blade_NACA_0021_Circ95_Sol0.55 Simulation 3.13;Blade_NACA_0021_Circ95_Sol0.55 Simulation 3.13;Blade_NACA_0021_Circ95_Sol0.55 Simulation 3.13;Blade_NACA_0021_Circ95_Sol0.55 Simulation 3.13;Blade_NACA_0021_Circ95_Sol0.55 Simulation 3.13;Blade_NACA_0021_Circ95_Sol0.55 Simulation 3.13;Blade_NACA_0021_Circ95_Sol0.55 Simulation 3.13;Blade_NACA_0021_Circ95_Sol0.55 Simulation 3.13;Blade_NACA_0021_Circ95_Sol0.55 Simulation 3.13;Blade_NACA_0021_Circ95_Sol0.55 Simulation 3.13;Blade_NACA_0021_Circ95_Sol0.55 Simulation 3.13;Blade_NACA_0021_Circ95_Sol0.55 Simulation 3.13;Blade_NACA_0021_Circ95_Sol0.55 Simulation 3.13;Blade_NACA_0021_Circ95_Sol0.55 Simulation 3.13;Blade_NACA_0021_Circ95_Sol0.55 Simulation 3.13;Blade_NACA_0021_Circ95_Sol0.55 Simulation 3.13;Blade_NACA_0021_Circ95_Sol0.55 Simulation 3.13;Blade_NACA_0021_Circ95_Sol0.55 Simulation 3.13;Blade_NACA_0021_Circ95_Sol0.55 Simulation 3.13;Blade_NACA_0021_Circ95_Sol0.55 Simulation 3.13;Blade_NACA_0021_Circ95_Sol0.55 Simulation 3.13;Blade_NACA_0021_Circ95_Sol0.55 Simulation 3.13;Blade_NACA_0021_Circ95_Sol0.55 Simulation 3.13;Blade_NACA_0021_Circ95_Sol0.55 Simulation 3.13;Blade_NACA_0021_Circ95_Sol0.55 Simulation 3.13;Blade_NACA_0021_Circ95_Sol0.55 Simulation 3.13;Blade_NACA_0021_Circ95_Sol0.55 Simulation 3.13;Blade_NACA_0021_Circ95_Sol0.55 Simulation 3.13;Blade_NACA_0021_Circ95_Sol0.55 Simulation 3.13;Blade_NACA_0021_Circ95_Sol0.55 Simulation 3.13;Blade_NACA_0021_Circ95_Sol0.55 Simulation 3.13;Blade_NACA_0021_Circ95_Sol0.55 Simulation 3.13;Blade_NACA_0021_Circ95_Sol0.55 Simulation 3.13;Blade_NACA_0021_Circ95_Sol0.55 Simulation 3.13;Blade_NACA_0021_Circ95_Sol0.55 Simulation 3.13;Blade_NACA_0021_Circ95_Sol0.55 Simulation 3.13;Blade_NACA_0021_Circ95_Sol0.55 Simulation 3.13;Blade_NACA_0021_Circ95_Sol0.55 Simulation 3.13;Blade_NACA_0021_Circ95_Sol0.55 Simulation 3.13;Blade_NACA_0021_Circ95_Sol0.55 Simulation 3.13;Blade_NACA_0021_Circ95_Sol0.55 Simulation 3.13;Blade_NACA_0021_Circ95_Sol0.55 Simulation 3.13;Blade_NACA_0021_Circ95_Sol0.55 Simulation 3.13;Blade_NACA_0021_Circ95_Sol0.55 Simulation 3.13;Blade_NACA_0021_Circ95_Sol0.55 Simulation 3.13;Blade_NACA_0021_Circ95_Sol0.55 Simulation 3.13;Blade_NACA_0021_Circ95_Sol0.55 Simulation 3.13;Blade_NACA_0021_Circ95_Sol0.55 Simulation 3.13;Blade_NACA_0021_Circ95_Sol0.55 Simulation 3.13;Blade_NACA_0021_Circ95_Sol0.55 Simulation 3.13;Blade_NACA_0021_Circ95_Sol0.55 Simulation 3.13;Blade_NACA_0021_Circ95_Sol0.55 Simulation 3.13;Blade_NACA_0021_Circ95_Sol0.55 Simulation 3.13;Blade_NACA_0021_Circ95_Sol0.55 Simulation 3.13;Blade_NACA_0021_Circ95_Sol0.55 Simulation 3.13;Blade_NACA_0021_Circ95_Sol0.55 Simulation 3.13;Blade_NACA_0021_Circ95_Sol0.55 Simulation 3.13;Blade_NACA_0021_Circ95_Sol0.55 Simulation 3.13;Blade_NACA_0021_Circ95_Sol0.55 Simulation 3.13;Blade_NACA_0021_Circ95_Sol0.55 Simulation 3.13;Blade_NACA_0021_Circ95_Sol0.55 Simulation 3.13;Blade_NACA_0021_Circ95_Sol0.55 Simulation 3.13;Blade_NACA_0021_Circ95_Sol0.55 Simulation 3.13;Blade_NACA_0021_Circ95_Sol0.55 Simulation 3.13;Blade_NACA_0021_Circ95_Sol0.55 Simulation 3.13;Blade_NACA_0021_Circ95_Sol0.55 Simulation 3.13;Blade_NACA_0021_Circ95_Sol0.55 Simulation 3.13;Blade_NACA_0021_Circ95_Sol0.55 Simulation 3.13;Blade_NACA_0021_Circ95_Sol0.55 Simulation 3.13;Blade_NACA_0021_Circ95_Sol0.55 Simulation 3.13;Blade_NACA_0021_Circ95_Sol0.55 Simulation 3.13;Blade_NACA_0021_Circ95_Sol0.55 Simulation 3.13;Blade_NACA_0021_Circ95_Sol0.55 Simulation 3.13;Blade_NACA_0021_Circ95_Sol0.55 Simulation 3.13;Blade_NACA_0021_Circ95_Sol0.55 Simulation 3.13;Blade_NACA_0021_Circ95_Sol0.55 Simulation 3.13;Blade_NACA_0021_Circ95_Sol0.55 Simulation 3.13;Blade_NACA_0021_Circ95_Sol0.55 Simulation 3.13;Blade_NACA_0021_Circ95_Sol0.55 Simulation 3.13;Blade_NACA_0021_Circ95_Sol0.55 Simulation 3.13;Blade_NACA_0021_Circ95_Sol0.55 Simulation 3.13;Blade_NACA_0021_Circ95_Sol0.55 Simulation 3.13;Blade_NACA_0021_Circ95_Sol0.55 Simulation 3.13;Blade_NACA_0021_Circ95_Sol0.55 Simulation 3.13;Blade_NACA_0021_Circ95_Sol0.55 Simulation 3.13;Blade_NACA_0021_Circ95_Sol0.55 Simulation 3.13;Blade_NACA_0021_Circ95_Sol0.55 Simulation 3.13;Blade_NACA_0021_Circ95_Sol0.55 Simulation 3.13;Blade_NACA_0021_Circ95_Sol0.55 Simulation 3.13;Blade_NACA_0021_Circ95_Sol0.55 Simulation 3.13;Blade_NACA_0021_Circ95_Sol0.55 Simulation 3.13;Blade_NACA_0021_Circ95_Sol0.55 Simulation 3.13;Blade_NACA_0021_Circ95_Sol0.55 Simulation 3.13;Blade_NACA_0021_Circ95_Sol0.55 Simulation 3.13;Blade_NACA_0021_Circ95_Sol0.55 Simulation 3.13;Blade_NACA_0021_Circ95_Sol0.55 Simulation 3.13;Blade_NACA_0021_Circ95_Sol0.55 Simulation 3.13;Blade_NACA_0021_Circ95_Sol0.55 Simulation 3.13;Blade_NACA_0021_Circ95_Sol0.55 Simulation 3.13;Blade_NACA_0021_Circ95_Sol0.55 Simulation 3.13;Blade_NACA_0021_Circ95_Sol0.55 Simulation 3.13;Blade_NACA_0021_Circ95_Sol0.55 Simulation 3.13;Blade_NACA_0021_Circ95_Sol0.55 Simulation 3.13;Blade_NACA_0021_Circ95_Sol0.55 Simulation 3.13;Blade_NACA_0021_Circ95_Sol0.55 Simulation 3.13;Blade_NACA_0021_Circ95_Sol0.55 Simulation 3.13;Blade_NACA_0021_Circ95_Sol0.55 Simulation 3.13;Blade_NACA_0021_Circ95_Sol0.55 Simulation 3.13;Blade_NACA_0021_Circ95_Sol0.55 Simulation 3.13;Blade_NACA_0021_Circ95_Sol0.55 Simulation 3.13;Blade_NACA_0021_Circ95_Sol0.55 Simulation 3.13;Blade_NACA_0021_Circ95_Sol0.55 Simulation 3.13;Blade_NACA_0021_Circ95_Sol0.55 Simulation 3.13;Blade_NACA_0021_Circ95_Sol0.55 Simulation 3.13;Blade_NACA_0021_Circ95_Sol0.55 Simulation 3.13;Blade_NACA_0021_Circ95_Sol0.55 Simulation 3.13;Blade_NACA_0021_Circ95_Sol0.55 Simulation 3.13;Blade_NACA_0021_Circ95_Sol0.55 Simulation 3.13;Blade_NACA_0021_Circ95_Sol0.55 Simulation 3.13;Blade_NACA_0021_Circ95_Sol0.55 Simulation 3.13;Blade_NACA_0021_Circ95_Sol0.55 Simulation 3.13;Blade_NACA_0021_Circ95_Sol0.55 Simulation 3.13;Blade_NACA_0021_Circ95_Sol0.55 Simulation 3.13;Blade_NACA_0021_Circ95_Sol0.55 Simulation 3.13;Blade_NACA_0021_Circ95_Sol0.55 Simulation 3.13;Blade_NACA_0021_Circ95_Sol0.55 Simulation 3.13;Blade_NACA_0021_Circ95_Sol0.55 Simulation 3.13;Blade_NACA_0021_Circ95_Sol0.55 Simulation 3.13;Blade_NACA_0021_Circ95_Sol0.55 Simulation 3.13;Blade_NACA_0021_Circ95_Sol0.55 Simulation 3.13;Blade_NACA_0021_Circ95_Sol0.55 Simulation 3.13;Blade_NACA_0021_Circ95_Sol0.55 Simulation 3.13;Blade_NACA_0021_Circ95_Sol0.55 Simulation 3.13;Blade_NACA_0021_Circ95_Sol0.55 Simulation 3.13;Blade_NACA_0021_Circ95_Sol0.55 Simulation 3.13;Blade_NACA_0021_Circ95_Sol0.55 Simulation 3.13;Blade_NACA_0021_Circ95_Sol0.55 Simulation 3.13;Blade_NACA_0021_Circ95_Sol0.55 Simulation 3.13;Blade_NACA_0021_Circ95_Sol0.55 Simulation 3.13;Blade_NACA_0021_Circ95_Sol0.55 Simulation 3.13;Blade_NACA_0021_Circ95_Sol0.55 Simulation 3.13;Blade_NACA_0021_Circ95_Sol0.55 Simulation 3.13;Blade_NACA_0021_Circ95_Sol0.55 Simulation 3.13;Blade_NACA_0021_Circ95_Sol0.55 Simulation 3.13;Blade_NACA_0021_Circ95_Sol0.55 Simulation 3.13;Blade_NACA_0021_Circ95_Sol0.55 Simulation 3.13;Blade_NACA_0021_Circ95_Sol0.55 Simulation 3.13;Blade_NACA_0021_Circ95_Sol0.55 Simulation 3.13;Blade_NACA_0021_Circ95_Sol0.55 Simulation 3.13;Blade_NACA_0021_Circ95_Sol0.55 Simulation 3.13;Blade_NACA_0021_Circ95_Sol0.55 Simulation 3.13;Blade_NACA_0021_Circ95_Sol0.55 Simulation 3.13;Blade_NACA_0021_Circ95_Sol0.55 Simulation 3.13;Blade_NACA_0021_Circ95_Sol0.55 Simulation 3.13;Blade_NACA_0021_Circ95_Sol0.55 Simulation 3.13;Blade_NACA_0021_Circ95_Sol0.55 Simulation 3.13;Blade_NACA_0021_Circ95_Sol0.55 Simulation 3.13;Blade_NACA_0021_Circ95_Sol0.55 Simulation 3.13;Blade_NACA_0021_Circ95_Sol0.55 Simulation 3.13;Blade_NACA_0021_Circ95_Sol0.55 Simulation 3.13;Blade_NACA_0021_Circ95_Sol0.55 Simulation 3.13;Blade_NACA_0021_Circ95_Sol0.55 Simulation 3.13;Blade_NACA_0021_Circ95_Sol0.55 Simulation 3.13;Blade_NACA_0021_Circ95_Sol0.55 Simulation 3.13;Blade_NACA_0021_Circ95_Sol0.55 Simulation 3.13;Blade_NACA_0021_Circ95_Sol0.55 Simulation 3.13;Blade_NACA_0021_Circ95_Sol0.55 Simulation 3.13;Blade_NACA_0021_Circ95_Sol0.55 Simulation 3.13;Blade_NACA_0021_Circ95_Sol0.55 Simulation 3.13;Blade_NACA_0021_Circ95_Sol0.55 Simulation 3.13;Blade_NACA_0021_Circ95_Sol0.55 Simulation 3.13;Blade_NACA_0021_Circ95_Sol0.55 Simulation 3.13;Blade_NACA_0021_Circ95_Sol0.55 Simulation 3.13;Blade_NACA_0021_Circ95_Sol0.55 Simulation 3.13;Blade_NACA_0021_Circ95_Sol0.55 Simulation 3.13;Blade_NACA_0021_Circ95_Sol0.55 Simulation 3.13;Blade_NACA_0021_Circ95_Sol0.55 Simulation 3.13;Blade_NACA_0021_Circ95_Sol0.55 Simulation 3.13;Blade_NACA_0021_Circ95_Sol0.55 Simulation 3.13;Blade_NACA_0021_Circ95_Sol0.55 Simulation 3.13;Blade_NACA_0021_Circ95_Sol0.55 Simulation 3.13;Blade_NACA_0021_Circ95_Sol0.55 Simulation 3.13;Blade_NACA_0021_Circ95_Sol0.55 Simulation 3.13;Blade_NACA_0021_Circ95_Sol0.55 Simulation 3.13;Blade_NACA_0021_Circ95_Sol0.55 Simulation 3.13;Blade_NACA_0021_Circ95_Sol0.55 Simulation 3.13;Blade_NACA_0021_Circ95_Sol0.55 Simulation 3.13;Blade_NACA_0021_Circ95_Sol0.55 Simulation 3.13;Blade_NACA_0021_Circ95_Sol0.55 Simulation 3.13;Blade_NACA_0021_Circ95_Sol0.55 Simulation 3.13;Blade_NACA_0021_Circ95_Sol0.55 Simulation 3.13;Blade_NACA_0021_Circ95_Sol0.55 Simulation 3.13;Blade_NACA_0021_Circ95_Sol0.55 Simulation 3.13;Blade_NACA_0021_Circ95_Sol0.55 Simulation 3.13;Blade_NACA_0021_Circ95_Sol0.55 Simulation 3.13;Blade_NACA_0021_Circ95_Sol0.55 Simulation 3.13;Blade_NACA_0021_Circ95_Sol0.55 Simulation 3.13;Blade_NACA_0021_Circ95_Sol0.55 Simulation 3.13;Blade_NACA_0021_Circ95_Sol0.55 Simulation 3.13;Blade_NACA_0021_Circ95_Sol0.55 Simulation 3.13;Blade_NACA_0021_Circ95_Sol0.55 Simulation 3.13;Blade_NACA_0021_Circ95_Sol0.55 Simulation 3.13;Blade_NACA_0021_Circ95_Sol0.55 Simulation 3.13;Blade_NACA_0021_Circ95_Sol0.55 Simulation 3.13;Blade_NACA_0021_Circ95_Sol0.55 Simulation 3.13;Blade_NACA_0021_Circ95_Sol0.55 Simulation 3.13;Blade_NACA_0021_Circ95_Sol0.55 Simulation 3.13;Blade_NACA_0021_Circ95_Sol0.55 Simulation 3.13;Blade_NACA_0021_Circ95_Sol0.55 Simulation 3.13;Blade_NACA_0021_Circ95_Sol0.55 Simulation 3.13;Blade_NACA_0021_Circ95_Sol0.55 Simulation 3.13;Blade_NACA_0021_Circ95_Sol0.55 Simulation 3.13;Blade_NACA_0021_Circ95_Sol0.55 Simulation 3.13;Blade_NACA_0021_Circ95_Sol0.55 Simulation 3.13;Blade_NACA_0021_Circ95_Sol0.55 Simulation 3.13;Blade_NACA_0021_Circ95_Sol0.55 Simulation 3.13;Blade_NACA_0021_Circ95_Sol0.55 Simulation 3.13;Blade_NACA_0021_Circ95_Sol0.55 Simulation 3.13;Blade_NACA_0021_Circ95_Sol0.55 Simulation 3.13;Blade_NACA_0021_Circ95_Sol0.55 Simulation 3.13;Blade_NACA_0021_Circ95_Sol0.55 Simulation 3.13;Blade_NACA_0021_Circ95_Sol0.55 Simulation 3.13;Blade_NACA_0021_Circ95_Sol0.55 Simulation 3.13;Blade_NACA_0021_Circ95_Sol0.55 Simulation 3.13;Blade_NACA_0021_Circ95_Sol0.55 Simulation 3.13;Blade_NACA_0021_Circ95_Sol0.55 Simulation 3.13;Blade_NACA_0021_Circ95_Sol0.55 Simulation 3.13;Blade_NACA_0021_Circ95_Sol0.55 Simulation 3.13;Blade_NACA_0021_Circ95_Sol0.55 Simulation 3.13;Blade_NACA_0021_Circ95_Sol0.55 Simulation 3.13;Blade_NACA_0021_Circ95_Sol0.55 Simulation 3.13;Blade_NACA_0021_Circ95_Sol0.55 Simulation 3.13;Blade_NACA_0021_Circ95_Sol0.55 Simulation 3.13;Blade_NACA_0021_Circ95_Sol0.55 Simulation 3.13;Blade_NACA_0021_Circ95_Sol0.55 Simulation 3.13;Blade_NACA_0021_Circ95_Sol0.55 Simulation 3.13;Blade_NACA_0021_Circ95_Sol0.55 Simulation 3.13;Blade_NACA_0021_Circ95_Sol0.55 Simulation 3.13;Blade_NACA_0021_Circ95_Sol0.55 Simulation 3.13;Blade_NACA_0021_Circ95_Sol0.55 Simulation 3.13;Blade_NACA_0021_Circ95_Sol0.55 Simulation 3.13;Blade_NACA_0021_Circ95_Sol0.55 Simulation 3.13;Blade_NACA_0021_Circ95_Sol0.55 Simulation 3.13;Blade_NACA_0021_Circ95_Sol0.55 Simulation 3.13;Blade_NACA_0021_Circ95_Sol0.55 Simulation 3.13;Blade_NACA_0021_Circ95_Sol0.55 Simulation 3.13;Blade_NACA_0021_Circ95_Sol0.55 Simulation 3.13;Blade_NACA_0021_Circ95_Sol0.55 Simulation 3.13;Blade_NACA_0021_Circ95_Sol0.55 Simulation 3.13;Blade_NACA_0021_Circ95_Sol0.55 Simulation 3.13;Blade_NACA_0021_Circ95_Sol0.55 Simulation 3.13;Blade_NACA_0021_Circ95_Sol0.55 Simulation 3.13;Blade_NACA_0021_Circ95_Sol0.55 Simulation 3.13;Blade_NACA_0021_Circ95_Sol0.55 Simulation 3.13;Blade_NACA_0021_Circ95_Sol0.55 Simulation 3.13;Blade_NACA_0021_Circ95_Sol0.55 Simulation 3.13;Blade_NACA_0021_Circ95_Sol0.55 Simulation 3.13;Blade_NACA_0021_Circ95_Sol0.55 Simulation 3.13;Blade_NACA_0021_Circ95_Sol0.55 Simulation 3.13;Blade_NACA_0021_Circ95_Sol0.55 Simulation 3.13;Blade_NACA_0021_Circ95_Sol0.55 Simulation 3.13;Blade_NACA_0021_Circ95_Sol0.55 Simulation 3.13;Blade_NACA_0021_Circ95_Sol0.55 Simulation 3.13;Blade_NACA_0021_Circ95_Sol0.55 Simulation 3.13;Blade_NACA_0021_Circ95_Sol0.55 Simulation 3.13;Blade_NACA_0021_Circ95_Sol0.55 Simulation 3.13;Blade_NACA_0021_Circ95_Sol0.55 Simulation 3.13;Blade_NACA_0021_Circ95_Sol0.55 Simulation 3.13;Blade_NACA_0021_Circ95_Sol0.55 Simulation 3.13;Blade_NACA_0021_Circ95_Sol0.55 Simulation 3.13;Blade_NACA_0021_Circ95_Sol0.55 Simulation 3.13;Blade_NACA_0021_Circ95_Sol0.55 Simulation 3.13;Blade_NACA_0021_Circ95_Sol0.55 Simulation 3.13;Blade_NACA_0021_Circ95_Sol0.55 Simulation 3.13;Blade_NACA_0021_Circ95_Sol0.55 Simulation 3.13;Blade_NACA_0021_Circ95_Sol0.55 Simulation 3.13;Blade_NACA_0021_Circ95_Sol0.55 Simulation 3.13;Blade_NACA_0021_Circ95_Sol0.55 Simulation 3.13;Blade_NACA_0021_Circ95_Sol0.55 Simulation 3.13;Blade_NACA_0021_Circ95_Sol0.55 Simulation 3.13;Blade_NACA_0021_Circ95_Sol0.55 Simulation 3.13;Blade_NACA_0021_Circ95_Sol0.55 Simulation 3.13;Blade_NACA_0021_Circ95_Sol0.55 Simulation 3.13;Blade_NACA_0021_Circ95_Sol0.55 Simulation 3.13;Blade_NACA_0021_Circ95_Sol0.55 Simulation 3.13;Blade_NACA_0021_Circ95_Sol0.55 Simulation 3.13;Blade_NACA_0021_Circ95_Sol0.55 Simulation 3.13;Blade_NACA_0021_Circ95_Sol0.55 Simulation 3.13;Blade_NACA_0021_Circ95_Sol0.55 Simulation 3.13;Blade_NACA_0021_Circ95_Sol0.55 Simulation 3.13;Blade_NACA_0021_Circ95_Sol0.55 Simulation 3.13;Blade_NACA_0021_Circ95_Sol0.55 Simulation 3.13;Blade_NACA_0021_Circ95_Sol0.55 Simulation 3.13;Blade_NACA_0021_Circ95_Sol0.55 Simulation 3.13;Blade_NACA_0021_Circ95_Sol0.55 Simulation 3.13;Blade_NACA_0021_Circ95_Sol0.55 Simulation 3.13;Blade_NACA_0021_Circ95_Sol0.55 Simulation 3.13;Blade_NACA_0021_Circ95_Sol0.55 Simulation 3.13;Blade_NACA_0021_Circ95_Sol0.55 Simulation 3.13;Blade_NACA_0021_Circ95_Sol0.55 Simulation 3.13;Blade_NACA_0021_Circ95_Sol0.55 Simulation 3.13;Blade_NACA_0021_Circ95_Sol0.55 Simulation 3.13;Blade_NACA_0021_Circ95_Sol0.55 Simulation 3.13;Blade_NACA_0021_Circ95_Sol0.55 Simulation 3.13;Blade_NACA_0021_Circ95_Sol0.55 Simulation 3.13;Blade_NACA_0021_Circ95_Sol0.55 Simulation 3.13;Blade_NACA_0021_Circ95_Sol0.55 Simulation 3.13;Blade_NACA_0021_Circ95_Sol0.55 Simulation 3.13;Blade_NACA_0021_Circ95_Sol0.55 Simulation 3.13;Blade_NACA_0021_Circ95_Sol0.55 Simulation 3.13;Blade_NACA_0021_Circ95_Sol0.55 Simulation 3.13;Blade_NACA_0021_Circ95_Sol0.55 Simulation 3.13;Blade_NACA_0021_Circ95_Sol0.55 Simulation 3.13;Blade_NACA_0021_Circ95_Sol0.55 Simulation 3.13;Blade_NACA_0021_Circ95_Sol0.55 Simulation 3.13;Blade_NACA_0021_Circ95_Sol0.55 Simulation 3.13;Blade_NACA_0021_Circ95_Sol0.55 Simulation 3.13;Blade_NACA_0021_Circ95_Sol0.55 Simulation 3.13;Blade_NACA_0021_Circ95_Sol0.55 Simulation 3.13;Blade_NACA_0021_Circ95_Sol0.55 Simulation 3.13;Blade_NACA_0021_Circ95_Sol0.55 Simulation 3.13;Blade_NACA_0021_Circ95_Sol0.55 Simulation 3.13;Blade_NACA_0021_Circ95_Sol0.55 Simulation 3.13;Blade_NACA_0021_Circ95_Sol0.55 Simulation 3.13;Blade_NACA_0021_Circ95_Sol0.55 Simulation 3.13;Blade_NACA_0021_Circ95_Sol0.55 Simulation 3.13;Blade_NACA_0021_Circ95_Sol0.55 Simulation 3.13;Blade_NACA_0021_Circ95_Sol0.55 Simulation 3.13;Blade_NACA_0021_Circ95_Sol0.55 Simulation 3.13;Blade_NACA_0021_Circ95_Sol0.55 Simulation 3.13;Blade_NACA_0021_Circ95_Sol0.55 Simulation 3.13;Blade_NACA_0021_Circ95_Sol0.55 Simulation 3.13;Blade_NACA_0021_Circ95_Sol0.55 Simulation 3.13;Blade_NACA_0021_Circ95_Sol0.55 Simulation 3.13;Blade_NACA_0021_Circ95_Sol0.55 Simulation 3.13;Blade_NACA_0021_Circ95_Sol0.55 Simulation 3.13;Blade_NACA_0021_Circ95_Sol0.55 Simulation 3.13;Blade_NACA_0021_Circ95_Sol0.55 Simulation 3.13;Blade_NACA_0021_Circ95_Sol0.55 Simulation 3.13;Blade_NACA_0021_Circ95_Sol0.55 Simulation 3.13;Blade_NACA_0021_Circ95_Sol0.55 Simulation 3.13;Blade_NACA_0021_Circ95_Sol0.55 Simulation 3.13;Blade_NACA_0021_Circ95_Sol0.55 Simulation 3.13;Blade_NACA_0021_Circ95_Sol0.55 Simulation 3.13;Blade_NACA_0021_Circ95_Sol0.55 Simulation 3.13;Blade_NACA_0021_Circ95_Sol0.55 Simulation 3.13;Blade_NACA_0021_Circ95_Sol0.55 Simulation 3.13;Blade_NACA_0021_Circ95_Sol0.55 Simulation 3.13;Blade_NACA_0021_Circ95_Sol0.55 Simulation 3.13;Blade_NACA_0021_Circ95_Sol0.55 Simulation 3.13;Blade_NACA_0021_Circ95_Sol0.55 Simulation 3.13;Blade_NACA_0021_Circ95_Sol0.55 Simulation 3.13;Blade_NACA_0021_Circ95_Sol0.55 Simulation 3.13;Blade_NACA_0021_Circ95_Sol0.55 Simulation 3.13;Blade_NACA_0021_Circ95_Sol0.55 Simulation 3.13;Blade_NACA_0021_Circ95_Sol0.55 Simulation 3.13;Blade_NACA_0021_Circ95_Sol0.55 Simulation 3.13;Blade_NACA_0021_Circ95_Sol0.55 Simulation 3.13;Blade_NACA_0021_Circ95_Sol0.55 Simulation 3.13;Blade_NACA_0021_Circ95_Sol0.55 Simulation 3.13;Blade_NACA_0021_Circ95_Sol0.55 Simulation 3.13;Blade_NACA_0021_Circ95_Sol0.55 Simulation 3.13;Blade_NACA_0021_Circ95_Sol0.55 Simulation 3.13;Blade_NACA_0021_Circ95_Sol0.55 Simulation 3.13;Blade_NACA_0021_Circ95_Sol0.55 Simulation 3.13;Blade_NACA_0021_Circ95_Sol0.55 Simulation 3.13;Blade_NACA_0021_Circ95_Sol0.55 Simulation 3.13;Blade_NACA_0021_Circ95_Sol0.55 Simulation 3.13;Blade_NACA_0021_Circ95_Sol0.55 Simulation 3.13;Blade_NACA_0021_Circ95_Sol0.55 Simulation 3.13;Blade_NACA_0021_Circ95_Sol0.55 Simulation 3.13;Blade_NACA_0021_Circ95_Sol0.55 Simulation 3.13;Blade_NACA_0021_Circ95_Sol0.55 Simulation 3.13;Blade_NACA_0021_Circ95_Sol0.55 Simulation 3.13;Blade_NACA_0021_Circ95_Sol0.55 Simulation 3.13;Blade_NACA_0021_Circ95_Sol0.55 Simulation 3.13;Blade_NACA_0021_Circ95_Sol0.55 Simulation 3.13;Blade_NACA_0021_Circ95_Sol0.55 Simulation 3.13;Blade_NACA_0021_Circ95_Sol0.55 Simulation 3.13;Blade_NACA_0021_Circ95_Sol0.55 Simulation 3.13;Blade_NACA_0021_Circ95_Sol0.55 Simulation 3.13;Blade_NACA_0021_Circ95_Sol0.55 Simulation 3.13;Blade_NACA_0021_Circ95_Sol0.55 Simulation 3.13;Blade_NACA_0021_Circ95_Sol0.55 Simulation 3.13;Blade_NACA_0021_Circ95_Sol0.55 Simulation 3.13;Blade_NACA_0021_Circ95_Sol0.55 Simulation 3.13;Blade_NACA_0021_Circ95_Sol0.55 Simulation 3.13;Blade_NACA_0021_Circ95_Sol0.55 Simulation 3.13;Blade_NACA_0021_Circ95_Sol0.55 Simulation 3.13;Blade_NACA_0021_Circ95_Sol0.55 Simulation 3.13;Blade_NACA_0021_Circ95_Sol0.55 Simulation 3.13;Blade_NACA_0021_Circ95_Sol0.55 Simulation 3.13;Blade_NACA_0021_Circ95_Sol0.55 Simulation 3.13;Blade_NACA_0021_Circ95_Sol0.55 Simulation 3.13;Blade_NACA_0021_Circ95_Sol0.55 Simulation 3.13;Blade_NACA_0021_Circ95_Sol0.55 Simulation 3.13;Blade_NACA_0021_Circ95_Sol0.55 Simulation 3.13;Blade_NACA_0021_Circ95_Sol0.55 Simulation 3.13;Blade_NACA_0021_Circ95_Sol0.55 Simulation 3.13;Blade_NACA_0021_Circ95_Sol0.55 Simulation 3.13;Blade_NACA_0021_Circ95_Sol0.55 Simulation 3.13;Blade_NACA_0021_Circ95_Sol0.55 Simulation 3.13;Blade_NACA_0021_Circ95_Sol0.55 Simulation 3.13;Blade_NACA_0021_Circ95_Sol0.55 Simulation 3.13;Blade_NACA_0021_Circ95_Sol0.55 Simulation 3.13;Blade_NACA_0021_Circ95_Sol0.55 Simulation 3.13;Blade_NACA_0021_Circ95_Sol0.55 Simulation 3.13;Blade_NACA_0021_Circ95_Sol0.55 Simulation 3.13;Blade_NACA_0021_Circ95_Sol0.55 Simulation 3.13;Blade_NACA_0021_Circ95_Sol0.55 Simulation 3.13;Blade_NACA_0021_Circ95_Sol0.55 Simulation 3.13;Blade_NACA_0021_Circ95_Sol0.55 Simulation 3.13;Blade_NACA_0021_Circ95_Sol0.55 Simulation 3.13;Blade_NACA_0021_Circ95_Sol0.55 Simulation 3.13;Blade_NACA_0021_Circ95_Sol0.55 Simulation 3.13;Blade_NACA_0021_Circ95_Sol0.55 Simulation 3.13;Blade_NACA_0021_Circ95_Sol0.55 Simulation 3.13;Blade_NACA_0021_Circ95_Sol0.55 Simulation 3.13;Blade_NACA_0021_Circ95_Sol0.55 Simulation 3.13;Blade_NACA_0021_Circ95_Sol0.55 Simulation 3.13;Blade_NACA_0021_Circ95_Sol0.55 Simulation 3.13;Blade_NACA_0021_Circ95_Sol0.55 Simulation 3.13;Blade_NACA_0021_Circ95_Sol0.55 Simulation 3.13;Blade_NACA_0021_Circ95_Sol0.55 Simulation 3.13;Blade_NACA_0021_Circ95_Sol0.55 Simulation 3.13;Blade_NACA_0021_Circ95_Sol0.55 Simulation 3.13;Blade_NACA_0021_Circ95_Sol0.55 Simulation 3.13;Blade_NACA_0021_Circ95_Sol0.55 Simulation 3.13;Blade_NACA_0021_Circ95_Sol0.55 Simulation 3.13;Blade_NACA_0021_Circ95_Sol0.55 Simulation 3.13;Blade_NACA_0021_Circ95_Sol0.55 Simulation 3.13;Blade_NACA_0021_Circ95_Sol0.55 Simulation 3.13;Blade_NACA_0021_Circ95_Sol0.55 Simulation 3.13;Blade_NACA_0021_Circ95_Sol0.55 Simulation 3.13;Blade_NACA_0021_Circ95_Sol0.55 Simulation 3.13;Blade_NACA_0021_Circ95_Sol0.55 Simulation 3.13;Blade_NACA_0021_Circ95_Sol0.55 Simulation 3.13;Blade_NACA_0021_Circ95_Sol0.55 Simulation 3.13;Blade_NACA_0021_Circ95_Sol0.55 Simulation 3.13;Blade_NACA_0021_Circ95_Sol0.55 Simulation 3.13;Blade_NACA_0021_Circ95_Sol0.55 Simulation 3.13;Blade_NACA_0021_Circ95_Sol0.55 Simulation 3.13;Blade_NACA_0021_Circ95_Sol0.55 Simulation 3.13;Blade_NACA_0021_Circ95_Sol0.55 Simulation 3.13;Blade_NACA_0021_Circ95_Sol0.55 Simulation 3.13;Blade_NACA_0021_Circ95_Sol0.55 Simulation 3.13;Blade_NACA_0021_Circ95_Sol0.55 Simulation 3.13;Blade_NACA_0021_Circ95_Sol0.55 Simulation 3.13;Blade_NACA_0021_Circ95_Sol0.55 Simulation 3.13;Blade_NACA_0021_Circ95_Sol0.55 Simulation 3.13;Blade_NACA_0021_Circ95_Sol0.55 Simulation 3.13;Blade_NACA_0021_Circ95_Sol0.55 Simulation 3.13;Blade_NACA_0021_Circ95_Sol0.55 Simulation 3.13;Blade_NACA_0021_Circ95_Sol0.55 Simulation 3.13;Blade_NACA_0021_Circ95_Sol0.55 Simulation 3.13;Blade_NACA_0021_Circ95_Sol0.55 Simulation 3.13;Blade_NACA_0021_Circ95_Sol0.55 Simulation 3.13;Blade_NACA_0021_Circ95_Sol0.55 Simulation 3.13;Blade_NACA_0021_Circ95_Sol0.55 Simulation 3.13;Blade_NACA_0021_Circ95_Sol0.55 Simulation 3.13;Blade_NACA_0021_Circ95_Sol0.55 Simulation 3.13;Blade_NACA_0021_Circ95_Sol0.55 Simulation 3.13;Blade_NACA_0021_Circ95_Sol0.55 Simulation 3.13;Blade_NACA_0021_Circ95_Sol0.55 Simulation 3.13;Blade_NACA_0021_Circ95_Sol0.55 Simulation 3.13;Blade_NACA_0021_Circ95_Sol0.55 Simulation 3.13;Blade_NACA_0021_Circ95_Sol0.55 Simulation 3.13;Blade_NACA_0021_Circ95_Sol0.55 Simulation 3.13;Blade_NACA_0021_Circ95_Sol0.55 Simulation 3.13;Blade_NACA_0021_Circ95_Sol0.55 Simulation 3.13;Blade_NACA_0021_Circ95_Sol0.55 Simulation 3.13;Blade_NACA_0021_Circ95_Sol0.55 Simulation 3.13;Blade_NACA_0021_Circ95_Sol0.55 Simulation 3.13;Blade_NACA_0021_Circ95_Sol0.55 Simulation 3.13;Blade_NACA_0021_Circ95_Sol0.55 Simulation 3.13;Blade_NACA_0021_Circ95_Sol0.55 Simulation 3.13;Blade_NACA_0021_Circ95_Sol0.55 Simulation 3.13;Blade_NACA_0021_Circ95_Sol0.55 Simulation 3.13;Blade_NACA_0021_Circ95_Sol0.55 Simulation 3.13;Blade_NACA_0021_Circ95_Sol0.55 Simulation 3.13;Blade_NACA_0021_Circ95_Sol0.55 Simulation 3.13;Blade_NACA_0021_Circ95_Sol0.55 Simulation 3.13;Blade_NACA_0021_Circ95_Sol0.55 Simulation 3.13;Blade_NACA_0021_Circ95_Sol0.55 Simulation 3.13;Blade_NACA_0021_Circ95_Sol0.55 Simulation 3.13;Blade_NACA_0021_Circ95_Sol0.55 Simulation 3.13;Blade_NACA_0021_Circ95_Sol0.55 Simulation 3.13;Blade_NACA_0021_Circ95_Sol0.55 Simulation 3.13;Blade_NACA_0021_Circ95_Sol0.55 Simulation 3.13;Blade_NACA_0021_Circ95_Sol0.55 Simulation 3.13;Blade_NACA_0021_Circ95_Sol0.55 Simulation 3.13;Blade_NACA_0021_Circ95_Sol0.55 Simulation 3.13;Blade_NACA_0021_Circ95_Sol0.55 Simulation 3.13;Blade_NACA_0021_Circ95_Sol0.55 Simulation 3.13;Blade_NACA_0021_Circ95_Sol0.55 Simulation 3.13;Blade_NACA_0021_Circ95_Sol0.55 Simulation 3.13;Blade_NACA_0021_Circ95_Sol0.55 Simulation 3.13;Blade_NACA_0021_Circ95_Sol0.55 Simulation 3.13;Blade_NACA_0021_Circ95_Sol0.55 Simulation 3.13;Blade_NACA_0021_Circ95_Sol0.55 Simulation 3.13;Blade_NACA_0021_Circ95_Sol0.55 Simulation 3.13;Blade_NACA_0021_Circ95_Sol0.55 Simulation 3.13;Blade_NACA_0021_Circ95_Sol0.55 Simulation 3.13;Blade_NACA_0021_Circ95_Sol0.55 Simulation 3.13;Blade_NACA_0021_Circ95_Sol0.55 Simulation 3.13;Blade_NACA_0021_Circ95_Sol0.55 Simulation 3.13;Blade_NACA_0021_Circ95_Sol0.55 Simulation 3.13;Blade_NACA_0021_Circ95_Sol0.55 Simulation 3.13;Blade_NACA_0021_Circ95_Sol0.55 Simulation 3.13;Blade_NACA_0021_Circ95_Sol0.55 Simulation 3.13;Blade_NACA_0021_Circ95_Sol0.55 Simulation 3.13;Blade_NACA_0021_Circ95_Sol0.55 Simulation 3.13;Blade_NACA_0021_Circ95_Sol0.55 Simulation 3.13;Blade_NACA_0021_Circ95_Sol0.55 Simulation 3.13;Blade_NACA_0021_Circ95_Sol0.55 Simulation 3.13;Blade_NACA_0021_Circ95_Sol0.55 Simulation 3.13;Blade_NACA_0021_Circ95_Sol0.55 Simulation 3.13;Blade_NACA_0021_Circ95_Sol0.55 Simulation 3.13;Blade_NACA_0021_Circ95_Sol0.55 Simulation 3.13;Blade_NACA_0021_Circ95_Sol0.55 Simulation 3.13;Blade_NACA_0021_Circ95_Sol0.55 Simulation 3.13;Blade_NACA_0021_Circ95_Sol0.55 Simulation 3.13;Blade_NACA_0021_Circ95_Sol0.55 Simulation 3.13;Blade_NACA_0021_Circ95_Sol0.55 Simulation 3.13;Blade_NACA_0021_Circ95_Sol0.55 Simulation 3.13;Blade_NACA_0021_Circ95_Sol0.55 Simulation 3.13;Blade_NACA_0021_Circ95_Sol0.55 Simulation 3.13;Blade_NACA_0021_Circ95_Sol0.55 Simulation 3.13;Blade_NACA_0021_Circ95_Sol0.55 Simulation 3.13;Blade_NACA_0021_Circ95_Sol0.55 Simulation 3.13;Blade_NACA_0021_Circ95_Sol0.55 Simulation 3.13;Blade_NACA_0021_Circ95_Sol0.55 Simulation 3.13;Blade_NACA_0021_Circ95_Sol0.55 Simulation 3.13;Blade_NACA_0021_Circ95_Sol0.55 Simulation 3.13;Blade_NACA_0021_Circ95_Sol0.55 Simulation 3.13;Blade_NACA_0021_Circ95_Sol0.55 Simulation 3.13;Blade_NACA_0021_Circ95_Sol0.55 Simulation 3.13;Blade_NACA_0021_Circ95_Sol0.55 Simulation 3.13;Blade_NACA_0021_Circ95_Sol0.55 Simulation 3.13;Blade_NACA_0021_Circ95_Sol0.55 Simulation 3.13;Blade_NACA_0021_Circ95_Sol0.55 Simulation 3.13;Blade_NACA_0021_Circ95_Sol0.55 Simulation 3.13;Blade_NACA_0021_Circ95_Sol0.55 Simulation 3.13;Blade_NACA_0021_Circ95_Sol0.55 Simulation 3.13;Blade_NACA_0021_Circ95_Sol0.55 Simulation 3.13;Blade_NACA_0021_Circ95_Sol0.55 Simulation 3.13;Blade_NACA_0021_Circ95_Sol0.55 Simulation 3.13;Blade_NACA_0021_Circ95_Sol0.55 Simulation 3.13;Blade_NACA_0021_Circ95_Sol0.55 Simulation 3.13;Blade_NACA_0021_Circ95_Sol0.55 Simulation 3.13;Blade_NACA_0021_Circ95_Sol0.55 Simulation 3.13;Blade_NACA_0021_Circ95_Sol0.55 Simulation 3.13;Blade_NACA_0021_Circ95_Sol0.55 Simulation 3.13;Blade_NACA_0021_Circ95_Sol0.55 Simulation 3.13;Blade_NACA_0021_Circ95_Sol0.55 Simulation 3.13;Blade_NACA_0021_Circ95_Sol0.55 Simulation 3.13;Blade_NACA_0021_Circ95_Sol0.55 Simulation 3.13;Blade_NACA_0021_Circ95_Sol0.55 Simulation 3.13;Blade_NACA_0021_Circ95_Sol0.55 Simulation 3.13;Blade_NACA_0021_Circ95_Sol0.55 Simulation 3.13;Blade_NACA_0021_Circ95_Sol0.55 Simulation 3.13;Blade_NACA_0021_Circ95_Sol0.55 Simulation 3.13;Blade_NACA_0021_Circ95_Sol0.55 Simulation 3.13;Blade_NACA_0021_Circ95_Sol0.55 Simulation 3.13;Blade_NACA_0021_Circ95_Sol0.55 Simulation 3.13;Blade_NACA_0021_Circ95_Sol0.55 Simulation 3.13;Blade_NACA_0021_Circ95_Sol0.55 Simulation 3.13;Blade_NACA_0021_Circ95_Sol0.55 Simulation 3.13;Blade_NACA_0021_Circ95_Sol0.55 Simulation 3.13;Blade_NACA_0021_Circ95_Sol0.55 Simulation 3.13;Blade_NACA_0021_Circ95_Sol0.55 Simulation 3.13;Blade_NACA_0021_Circ95_Sol0.55 Simulation 3.13;Blade_NACA_0021_Circ95_Sol0.55 Simulation 3.13;Blade_NACA_0021_Circ95_Sol0.55 Simulation 3.13;Blade_NACA_0021_Circ95_Sol0.55 Simulation 3.13;Blade_NACA_0021_Circ95_Sol0.55 Simulation 3.13;Blade_NACA_0021_Circ95_Sol0.55 Simulation 3.13;Blade_NACA_0021_Circ95_Sol0.55 Simulation 3.13;Blade_NACA_0021_Circ95_Sol0.55 Simulation 3.13;Blade_NACA_0021_Circ95_Sol0.55 Simulation 3.13;Blade_NACA_0021_Circ95_Sol0.55 Simulation 3.13;Blade_NACA_0021_Circ95_Sol0.55 Simulation 3.13;Blade_NACA_0021_Circ95_Sol0.55 Simulation 3.13;Blade_NACA_0021_Circ95_Sol0.55 Simulation 3.13;Blade_NACA_0021_Circ95_Sol0.55 Simulation 3.13;Blade_NACA_0021_Circ95_Sol0.55 Simulation 3.13;Blade_NACA_0021_Circ95_Sol0.55 Simulation 3.13;Blade_NACA_0021_Circ95_Sol0.55 Simulation 3.13;Blade_NACA_0021_Circ95_Sol0.55 Simulation 3.13;Blade_NACA_0021_Circ95_Sol0.55 Simulation 3.13;Blade_NACA_0021_Circ95_Sol0.55 Simulation 3.13;Blade_NACA_0021_Circ95_Sol0.55 Simulation 3.13;Blade_NACA_0021_Circ95_Sol0.55 Simulation 3.13;Blade_NACA_0021_Circ95_Sol0.55 Simulation 3.13;Blade_NACA_0021_Circ95_Sol0.55 Simulation 3.13;Blade_NACA_0021_Circ95_Sol0.55 Simulation 3.13;Blade_NACA_0021_Circ95_Sol0.55 Simulation 3.13;Blade_NACA_0021_Circ95_Sol0.55 Simulation 3.13;Blade_NACA_0021_Circ95_Sol0.55 Simulation 3.13;Blade_NACA_0021_Circ95_Sol0.55 Simulation 3.13;Blade_NACA_0021_Circ95_Sol0.55 Simulation 3.13;Blade_NACA_0021_Circ95_Sol0.55 Simulation 3.13;Blade_NACA_0021_Circ95_Sol0.55 Simulation 3.13;Blade_NACA_0021_Circ95_Sol0.55 Simulation 3.13;Blade_NACA_0021_Circ95_Sol0.55 Simulation 3.13;Blade_NACA_0021_Circ95_Sol0.55 Simulation 3.13;Blade_NACA_0021_Circ95_Sol0.55 Simulation 3.13;Blade_NACA_0021_Circ95_Sol0.55 Simulation 3.13;Blade_NACA_0021_Circ95_Sol0.55 Simulation 3.13;Blade_NACA_0021_Circ95_Sol0.55 Simulation 3.13;Blade_NACA_0021_Circ95_Sol0.55 Simulation 3.13;Blade_NACA_0021_Circ95_Sol0.55 Simulation 3.13;Blade_NACA_0021_Circ95_Sol0.55 Simulation 3.13;Blade_NACA_0021_Circ95_Sol0.55 Simulation 3.13;Blade_NACA_0021_Circ95_Sol0.55 Simulation 3.13;Blade_NACA_0021_Circ95_Sol0.55 Simulation 3.13;Blade_NACA_0021_Circ95_Sol0.55 Simulation 3.13;Blade_NACA_0021_Circ95_Sol0.55 Simulation 3.13;Blade_NACA_0021_Circ95_Sol0.55 Simulation 3.13;Blade_NACA_0021_Circ95_Sol0.55 Simulation 3.13;Blade_NACA_0021_Circ95_Sol0.55 Simulation 3.13;Blade_NACA_0021_Circ95_Sol0.55 Simulation 3.13;Blade_NACA_0021_Circ95_Sol0.55 Simulation 3.13;Blade_NACA_0021_Circ95_Sol0.55 Simulation 3.13;Blade_NACA_0021_Circ95_Sol0.55 Simulation 3.13;Blade_NACA_0021_Circ95_Sol0.55 Simulation 3.13;Blade_NACA_0021_Circ95_Sol0.55 Simulation 3.13;Blade_NACA_0021_Circ95_Sol0.55 Simulation 3.13;Blade_NACA_0021_Circ95_Sol0.55 Simulation 3.13;Blade_NACA_0021_Circ95_Sol0.55 Simulation 3.13;Blade_NACA_0021_Circ95_Sol0.55 Simulation 3.13;Blade_NACA_0021_Circ95_Sol0.55 Simulation 3.13;Blade_NACA_0021_Circ95_Sol0.55 Simulation 3.13;Blade_NACA_0021_Circ95_Sol0.55 Simulation 3.13;Blade_NACA_0021_Circ95_Sol0.55 Simulation 3.13;Blade_NACA_0021_Circ95_Sol0.55 Simulation 3.13;Blade_NACA_0021_Circ95_Sol0.55 Simulation 3.13;Blade_NACA_0021_Circ95_Sol0.55 Simulation 3.13;Blade_NACA_0021_Circ95_Sol0.55 Simulation 3.13;Blade_NACA_0021_Circ95_Sol0.55 Simulation 3.13;Blade_NACA_0021_Circ95_Sol0.55 Simulation 3.13;Blade_NACA_0021_Circ95_Sol0.55 Simulation 3.13;Blade_NACA_0021_Circ95_Sol0.55 Simulation 3.13;Blade_NACA_0021_Circ95_Sol0.55 Simulation 3.13;Blade_NACA_0021_Circ95_Sol0.55 Simulation 3.13;Blade_NACA_0021_Circ95_Sol0.55 Simulation 3.13;Blade_NACA_0021_Circ95_Sol0.55 Simulation 3.13;Blade_NACA_0021_Circ95_Sol0.55 Simulation 3.13;Blade_NACA_0021_Circ95_Sol0.55 Simulation 3.13;Blade_NACA_0021_Circ95_Sol0.55 Simulation 3.13;Blade_NACA_0021_Circ95_Sol0.55 Simulation 3.13;Blade_NACA_0021_Circ95_Sol0.55 Simulation 3.13;Blade_NACA_0021_Circ95_Sol0.55 Simulation 3.13;Blade_NACA_0021_Circ95_Sol0.55 Simulation 3.13;Blade_NACA_0021_Circ95_Sol0.55 Simulation 3.13;Blade_NACA_0021_Circ95_Sol0.55 Simulation 3.13;Blade_NACA_0021_Circ95_Sol0.55 Simulation 3.13;Blade_NACA_0021_Circ95_Sol0.55 Simulation 3.13;Blade_NACA_0021_Circ95_Sol0.55 Simulation 3.13;Blade_NACA_0021_Circ95_Sol0.55 Simulation 3.13;Blade_NACA_0021_Circ95_Sol0.55 Simulation 3.13;Blade_NACA_0021_Circ95_Sol0.55 Simulation 3.13;Blade_NACA_0021_Circ95_Sol0.55 Simulation 3.13;Blade_NACA_0021_Circ95_Sol0.55 Simulation 3.13;Blade_NACA_0021_Circ95_Sol0.55 Simulation 3.13;Blade_NACA_0021_Circ95_Sol0.55 Simulation 3.13;Blade_NACA_0021_Circ95_Sol0.55 Simulation 3.13;Blade_NACA_0021_Circ95_Sol0.55 Simulation 3.13;Blade_NACA_0021_Circ95_Sol0.55 Simulation 3.13;Blade_NACA_0021_Circ95_Sol0.55 Simulation 3.13;Blade_NACA_0021_Circ95_Sol0.55 Simulation 3.13;Blade_NACA_0021_Circ95_Sol0.55 Simulation 3.13;Blade_NACA_0021_Circ95_Sol0.55 Simulation 3.13;Blade_NACA_0021_Circ95_Sol0.55 Simulation 3.13;Blade_NACA_0021_Circ95_Sol0.55 Simulation 3.13;Blade_NACA_0021_Circ95_Sol0.55 Simulation 3.13;Blade_NACA_0021_Circ95_Sol0.55 Simulation 3.13;Blade_NACA_0021_Circ95_Sol0.55 Simulation 3.13;Blade_NACA_0021_Circ95_Sol0.55 Simulation 3.13;Blade_NACA_0021_Circ95_Sol0.55 Simulation 3.13;Blade_NACA_0021_Circ95_Sol0.55 Simulation 3.13;Blade_NACA_0021_Circ95_Sol0.55 Simulation 3.13;Blade_NACA_0021_Circ95_Sol0.55 Simulation 3.13;Blade_NACA_0021_Circ95_Sol0.55 Simulation 3.13;Blade_NACA_0021_Circ95_Sol0.55 Simulation 3.13;Blade_NACA_0021_Circ95_Sol0.55 Simulation 3.13;Blade_NACA_0021_Circ95_Sol0.55 Simulation 3.13;Blade_NACA_0021_Circ95_Sol0.55 Simulation 3.13;Blade_NACA_0021_Circ95_Sol0.55 Simulation 3.13;Blade_NACA_0021_Circ95_Sol0.55 Simulation 3.13;Blade_NACA_0021_Circ95_Sol0.55 Simulation 3.13;Blade_NACA_0021_Circ95_Sol0.55 Simulation 3.13;Blade_NACA_0021_Circ95_Sol0.55 Simulation 3.13;Blade_NACA_0021_Circ95_Sol0.55 Simulation 3.13;Blade_NACA_0021_Circ95_Sol0.55 Simulation 3.13;Blade_NACA_0021_Circ95_Sol0.55 Simulation 3.13;Blade_NACA_0021_Circ95_Sol0.55 Simulation 3.13;Blade_NACA_0021_Circ95_Sol0.55 Simulation 3.13;Blade_NACA_0021_Circ95_Sol0.55 Simulation 3.13;Blade_NACA_0021_Circ95_Sol0.55 Simulation 3.13;Blade_NACA_0021_Circ95_Sol0.55 Simulation 3.13;Blade_NACA_0021_Circ95_Sol0.55 Simulation 3.13;Blade_NACA_0021_Circ95_Sol0.55 Simulation 3.13;Blade_NACA_0021_Circ95_Sol0.55 Simulation 3.13;Blade_NACA_0021_Circ95_Sol0.55 Simulation 3.13;Blade_NACA_0021_Circ95_Sol0.55 Simulation 3.13;Blade_NACA_0021_Circ95_Sol0.55 Simulation 3.13;Blade_NACA_0021_Circ95_Sol0.55 Simulation 3.13;Blade_NACA_0021_Circ95_Sol0.55 Simulation 3.13;Blade_NACA_0021_Circ95_Sol0.55 Simulation 3.13;Blade_NACA_0021_Circ95_Sol0.55 Simulation 3.13;Blade_NACA_0021_Circ95_Sol0.55 Simulation 3.13;Blade_NACA_0021_Circ95_Sol0.55 Simulation 3.13;Blade_NACA_0021_Circ95_Sol0.55 Simulation 3.13;Blade_NACA_0021_Circ95_Sol0.55 Simulation 3.13;Blade_NACA_0021_Circ95_Sol0.55 Simulation 3.13;Blade_NACA_0021_Circ95_Sol0.55 Simulation 3.13;Blade_NACA_0021_Circ95_Sol0.55 Simulation 3.13;Blade_NACA_0021_Circ95_Sol0.55 Simulation 3.13;Blade_NACA_0021_Circ95_Sol0.55 Simulation 3.13;Blade_NACA_0021_Circ95_Sol0.55 Simulation 3.13;Blade_NACA_0021_Circ95_Sol0.55 Simulation 3.13;Blade_NACA_0021_Circ95_Sol0.55 Simulation 3.13;Blade_NACA_0021_Circ95_Sol0.55 Simulation 3.13;Blade_NACA_0021_Circ95_Sol0.55 Simulation 3.13;Blade_NACA_0021_Circ95_Sol0.55 Simulation 3.13;Blade_NACA_0021_Circ95_Sol0.55 Simulation 3.13;Blade_NACA_0021_Circ95_Sol0.55 Simulation 3.13;Blade_NACA_0021_Circ95_Sol0.55 Simulation 3.13;Blade_NACA_0021_Circ95_Sol0.55 Simulation 3.13;Blade_NACA_0021_Circ95_Sol0.55 Simulation 3.13;Blade_NACA_0021_Circ95_Sol0.55 Simulation 3.13;Blade_NACA_0021_Circ95_Sol0.55 Simulation 3.13;Blade_NACA_0021_Circ95_Sol0.55 Simulation 3.13;Blade_NACA_0021_Circ95_Sol0.55 Simulation 3.13;Blade_NACA_0021_Circ95_Sol0.55 Simulation 3.13;Blade_NACA_0021_Circ95_Sol0.55 Simulation 3.13;Blade_NACA_0021_Circ95_Sol0.55 Simulation 3.13;Blade_NACA_0021_Circ95_Sol0.55 Simulation 3.13;Blade_NACA_0021_Circ95_Sol0.55 Simulation 3.13;Blade_NACA_0021_Circ95_Sol0.55 Simulation 3.13;Blade_NACA_0021_Circ95_Sol0.55 Simulation 3.13;Blade_NACA_0021_Circ95_Sol0.55 Simulation 3.13;Blade_NACA_0021_Circ95_Sol0.55 Simulation 3.13;Blade_NACA_0021_Circ95_Sol0.55 Simulation 3.13;Blade_NACA_0021_Circ95_Sol0.55 Simulation 3.13;Blade_NACA_0021_Circ95_Sol0.55 Simulation 3.13;Blade_NACA_0021_Circ95_Sol0.55 Simulation 3.13;Blade_NACA_0021_Circ95_Sol0.55 Simulation 3.13;Blade_NACA_0021_Circ95_Sol0.55 Simulation 3.13;Blade_NACA_0021_Circ95_Sol0.55 Simulation 3.13;Blade_NACA_0021_Circ95_Sol0.55 Simulation 3.13;Blade_NACA_0021_Circ95_Sol0.55 Simulation 3.13;Blade_NACA_0021_Circ95_Sol0.55 Simulation 3.13;Blade_NACA_0021_Circ95_Sol0.55 Simulation 3.13;Blade_NACA_0021_Circ95_Sol0.55 Simulation 3.13;Blade_NACA_0021_Circ95_Sol0.55 Simulation 3.13;Blade_NACA_0021_Circ95_Sol0.55 Simulation 3.13;Blade_NACA_0021_Circ95_Sol0.55 Simulation 3.13;Blade_NACA_0021_Circ95_Sol0.55 Simulation 3.13;Blade_NACA_0021_Circ95_Sol0.55 Simulation 3.13;Blade_NACA_0021_Circ95_Sol0.55 Simulation 3.13;Blade_NACA_0021_Circ95_Sol0.55 Simulation 3.13;Blade_NACA_0021_Circ95_Sol0.55 Simulation 3.13;Blade_NACA_0021_Circ95_Sol0.55 Simulation 3.13;Blade_NACA_0021_Circ95_Sol0.55 Simulation 3.13;Blade_NACA_0021_Circ95_Sol0.55 Simulation 3.13;Blade_NACA_0021_Circ95_Sol0.55 Simulation 3.13;Blade_NACA_0021_Circ95_Sol0.55 Simulation 3.13;Blade_NACA_0021_Circ95_Sol0.55 Simulation 3.13;Blade_NACA_0021_Circ95_Sol0.55 Simulation 3.13;Blade_NACA_0021_Circ95_Sol0.55 Simulation 3.13;Blade_NACA_0021_Circ95_Sol0.55 Simulation 3.13;Blade_NACA_0021_Circ95_Sol0.55 Simulation 3.13;Blade_NACA_0021_Circ95_Sol0.55 Simulation 3.13;Blade_NACA_0021_Circ95_Sol0.55 Simulation 3.13;Blade_NACA_0021_Circ95_Sol0.55 Simulation 3.13;Blade_NACA_0021_Circ95_Sol0.55 Simulation 3.13;Blade_NACA_0021_Circ95_Sol0.55 Simulation 3.13;Blade_NACA_0021_Circ95_Sol0.55 Simulation 3.13;Blade_NACA_0021_Circ95_Sol0.55 Simulation 3.13;Blade_NACA_0021_Circ95_Sol0.55 Simulation 3.13;Blade_NACA_0021_Circ95_Sol0.55 Simulation 3.13;Blade_NACA_0021_Circ95_Sol0.55 Simulation 3.13;Blade_NACA_0021_Circ95_Sol0.55 Simulation 3.13;Blade_NACA_0021_Circ95_Sol0.55 Simulation 3.13;Blade_NACA_0021_Circ95_Sol0.55 Simulation 3.13;Blade_NACA_0021_Circ95_Sol0.55 Simulation 3.13;Blade_NACA_0021_Circ95_Sol0.55 Simulation 3.13;Blade_NACA_0021_Circ95_Sol0.55 Simulation 3.13;Blade_NACA_0021_Circ95_Sol0.55 Simulation 3.13;Blade_NACA_0021_Circ95_Sol0.55 Simulation 3.13;Blade_NACA_0021_Circ95_Sol0.55 Simulation 3.13;Blade_NACA_0021_Circ95_Sol0.55 Simulation 3.13;Blade_NACA_0021_Circ95_Sol0.55 Simulation 3.13;Blade_NACA_0021_Circ95_Sol0.55 Simulation 3.13;Blade_NACA_0021_Circ95_Sol0.55 Simulation 3.13;Blade_NACA_0021_Circ95_Sol0.55 Simulation 3.13;Blade_NACA_0021_Circ95_Sol0.55 Simulation 3.13;Blade_NACA_0021_Circ95_Sol0.55 Simulation 3.13;Blade_NACA_0021_Circ95_Sol0.55 Simulation 3.13;Blade_NACA_0021_Circ95_Sol0.55 Simulation 3.13;Blade_NACA_0021_Circ95_Sol0.55 Simulation 3.13;Blade_NACA_0021_Circ95_Sol0.55 Simulation 3.13;Blade_NACA_0021_Circ95_Sol0.55 Simulation 3.13;Blade_NACA_0021_Circ95_Sol0.55 Simulation 3.13;Blade_NACA_0021_Circ95_Sol0.55 Simulation 3.13;Blade_NACA_0021_Circ95_Sol0.55 Simulation 3.13;Blade_NACA_0021_Circ95_Sol0.55 Simulation 3.13;Blade_NACA_0021_Circ95_Sol0.55 Simulation 3.13;Blade_NACA_0021_Circ95_Sol0.55 Simulation 3.13;Blade_NACA_0021_Circ95_Sol0.55 Simulation 3.13;Blade_NACA_0021_Circ95_Sol0.55 Simulation 3.13;Blade_NACA_0021_Circ95_Sol0.55 Simulation 3.13;Blade_NACA_0021_Circ95_Sol0.55 Simulation 3.13;Blade_NACA_0021_Circ95_Sol0.55 Simulation 3.13;Blade_NACA_0021_Circ95_Sol0.55 Simulation 3.13;Blade_NACA_0021_Circ95_Sol0.55 Simulation 3.13;Blade_NACA_0021_Circ95_Sol0.55 Simulation 3.13;Blade_NACA_0021_Circ95_Sol0.55 Simulation 3.13;Blade_NACA_0021_Circ95_Sol0.55 Simulation 3.13;Blade_NACA_0021_Circ95_Sol0.55 Simulation 3.13;Blade_NACA_0021_Circ95_Sol0.55 Simulation 3.13;Blade_NACA_0021_Circ95_Sol0.55 Simulation 3.13;Blade_NACA_0021_Circ95_Sol0.55 Simulation 3.13;Blade_NACA_0021_Circ95_Sol0.55 Simulation 3.13;Blade_NACA_0021_Circ95_Sol0.55 Simulation 3.13;Blade_NACA_0021_Circ95_Sol0.55 Simulation 3.13;Blade_NACA_0021_Circ95_Sol0.55 Simulation 3.13;Blade_NACA_0021_Circ95_Sol0.55 Simulation 3.13;Blade_NACA_0021_Circ95_Sol0.55 Simulation 3.13;Blade_NACA_0021_Circ95_Sol0.55 Simulation 3.13;Blade_NACA_0021_Circ95_Sol0.55 Simulation 3.13;Blade_NACA_0021_Circ95_Sol0.55 Simulation 3.13;Blade_NACA_0021_Circ95_Sol0.55 Simulation 3.13;Blade_NACA_0021_Circ95_Sol0.55 Simulation 3.13;Blade_NACA_0021_Circ95_Sol0.55 Simulation 3.13;Blade_NACA_0021_Circ95_Sol0.55 Simulation 3.13;Blade_NACA_0021_Circ95_Sol0.55 Simulation 3.13;Blade_NACA_0021_Circ95_Sol0.55 Simulation 3.13;Blade_NACA_0021_Circ95_Sol0.55 Simulation 3.13;Blade_NACA_0021_Circ95_Sol0.55 Simulation 3.13;Blade_NACA_0021_Circ95_Sol0.55 Simulation 3.13;Blade_NACA_0021_Circ95_Sol0.55 Simulation 3.13;Blade_NACA_0021_Circ95_Sol0.55 Simulation 3.13;Blade_NACA_0021_Circ95_Sol0.55 Simulation 3.13;Blade_NACA_0021_Circ95_Sol0.55 Simulation 3.13;Blade_NACA_0021_Circ95_Sol0.55 Simulation 3.13;Blade_NACA_0021_Circ95_Sol0.55 Simulation 3.13;Blade_NACA_0021_Circ95_Sol0.55 Simulation 3.13;Blade_NACA_0021_Circ95_Sol0.55 Simulation 3.13;Blade_NACA_0021_Circ95_Sol0.55 Simulation 3.13;Blade_NACA_0021_Circ95_Sol0.55 Simulation 3.13;Blade_NACA_0021_Circ95_Sol0.55 Simulation 3.13;Blade_NACA_0021_Circ95_Sol0.55 Simulation 3.13;Blade_NACA_0021_Circ95_Sol0.55 Simulation 3.13;Blade_NACA_0021_Circ95_Sol0.55 Simulation 3.13;Blade_NACA_0021_Circ95_Sol0.55 Simulation 3.13;Blade_NACA_0021_Circ95_Sol0.55 Simulation 3.13;Blade_NACA_0021_Circ95_Sol0.55 Simulation 3.13;Blade_NACA_0021_Circ95_Sol0.55 Simulation 3.13;Blade_NACA_0021_Circ95_Sol0.55 Simulation 3.13;Blade_NACA_0021_Circ95_Sol0.55 Simulation 3.13;Blade_NACA_0021_Circ95_Sol0.55 Simulation 3.13;Blade_NACA_0021_Circ95_Sol0.55 Simulation 3.13;Blade_NACA_0021_Circ95_Sol0.55 Simulation 3.13;Blade_NACA_0021_Circ95_Sol0.55 Simulation 3.13;Blade_NACA_0021_Circ95_Sol0.55 Simulation 3.13;Blade_NACA_0021_Circ95_Sol0.55 Simulation 3.13;Blade_NACA_0021_Circ95_Sol0.55 Simulation 3.13;Blade_NACA_0021_Circ95_Sol0.55 Simulation 3.13;Blade_NACA_0021_Circ95_Sol0.55 Simulation 3.13;Blade_NACA_0021_Circ95_Sol0.55 Simulation 3.13;Blade_NACA_0021_Circ95_Sol0.55 Simulation 3.13;Blade_NACA_0021_Circ95_Sol0.55 Simulation 3.13;Blade_NACA_0021_Circ95_Sol0.55 Simulation 3.13;Blade_NACA_0021_Circ95_Sol0.55 Simulation 3.13;Blade_NACA_0021_Circ95_Sol0.55 Simulation 3.13;Blade_NACA_0021_Circ95_Sol0.55 Simulation 3.13;Blade_NACA_0021_Circ95_Sol0.55 Simulation 3.13;Blade_NACA_0021_Circ95_Sol0.55 Simulation 3.13;Blade_NACA_0021_Circ95_Sol0.55 Simulation 3.13;Blade_NACA_0021_Circ95_Sol0.55 Simulation 3.13;Blade_NACA_0021_Circ95_Sol0.55 Simulation 3.13;Blade_NACA_0021_Circ95_Sol0.55 Simulation 3.13;Blade_NACA_0021_Circ95_Sol0.55 Simulation 3.13;Blade_NACA_0021_Circ95_Sol0.55 Simulation 3.13;Blade_NACA_0021_Circ95_Sol0.55 Simulation 3.13;Blade_NACA_0021_Circ95_Sol0.55 Simulation 3.13;Blade_NACA_0021_Circ95_Sol0.55 Simulation 3.13;Blade_NACA_0021_Circ95_Sol0.55 Simulation 3.13;Blade_NACA_0021_Circ95_Sol0.55 Simulation 3.13;Blade_NACA_0021_Circ95_Sol0.55 Simulation 3.13;Blade_NACA_0021_Circ95_Sol0.55 Simulation 3.13;Blade_NACA_0021_Circ95_Sol0.55 Simulation 3.13;Blade_NACA_0021_Circ95_Sol0.55 Simulation 3.13;Blade_NACA_0021_Circ95_Sol0.55 Simulation 3.13;Blade_NACA_0021_Circ95_Sol0.55 Simulation 3.13;Blade_NACA_0021_Circ95_Sol0.55 Simulation 3.13;Blade_NACA_0021_Circ95_Sol0.55 Simulation 3.13;Blade_NACA_0021_Circ95_Sol0.55 Simulation 3.13;Blade_NACA_0021_Circ95_Sol0.55 Simulation 3.13;Blade_NACA_0021_Circ95_Sol0.55 Simulation 3.13;Blade_NACA_0021_Circ95_Sol0.55 Simulation 3.13;Blade_NACA_0021_Circ95_Sol0.55 Simulation 3.13;Blade_NACA_0021_Circ95_Sol0.55 Simulation 3.13;Blade_NACA_0021_Circ95_Sol0.55 Simulation 3.13;Blade_NACA_0021_Circ95_Sol0.55 Simulation 3.13;Blade_NACA_0021_Circ95_Sol0.55 Simulation 3.13;Blade_NACA_0021_Circ95_Sol0.55 Simulation 3.13;Blade_NACA_0021_Circ95_Sol0.55 Simulation 3.13;Blade_NACA_0021_Circ95_Sol0.55 Simulation 3.13;Blade_NACA_0021_Circ95_Sol0.55 Simulation 3.13;Blade_NACA_0021_Circ95_Sol0.55 Simulation 3.13;Blade_NACA_0021_Circ95_Sol0.55 Simulation 3.13;Blade_NACA_0021_Circ95_Sol0.55 Simulation 3.13;Blade_NACA_0021_Circ95_Sol0.55 Simulation 3.13;Blade_NACA_0021_Circ95_Sol0.55 Simulation 3.13;Blade_NACA_0021_Circ95_Sol0.55 Simulation 3.13;Blade_NACA_0021_Circ95_Sol0.55 Simulation 3.13;Blade_NACA_0021_Circ95_Sol0.55 Simulation 3.13;Blade_NACA_0021_Circ95_Sol0.55 Simulation 3.13;Blade_NACA_0021_Circ95_Sol0.55 Simulation 3.13;Blade_NACA_0021_Circ95_Sol0.55 Simulation 3.13;Blade_NACA_0021_Circ95_Sol0.55 Simulation 3.13;Blade_NACA_0021_Circ95_Sol0.55 Simulation 3.13;Blade_NACA_0021_Circ95_Sol0.55 Simulation 3.13;Blade_NACA_0021_Circ95_Sol0.55 Simulation 3.13;Blade_NACA_0021_Circ95_Sol0.55 Simulation 3.13;Blade_NACA_0021_Circ95_Sol0.55 Simulation 3.13;Blade_NACA_0021_Circ95_Sol0.55 Simulation 3.13;Blade_NACA_0021_Circ95_Sol0.55 Simulation 3.13;Blade_NACA_0021_Circ95_Sol0.55 Simulation 3.13;Blade_NACA_0021_Circ95_Sol0.55 Simulation 3.13;Blade_NACA_0021_Circ95_Sol0.55 Simulation 3.13;Blade_NACA_0021_Circ95_Sol0.55 Simulation 3.13;Blade_NACA_0021_Circ95_Sol0.55 Simulation 3.13;Blade_NACA_0021_Circ95_Sol0.55 Simulation 3.13;Blade_NACA_0021_Circ95_Sol0.55 Simulation 3.13;Blade_NACA_0021_Circ95_Sol0.55 Simulation 3.13;Blade_NACA_0021_Circ95_Sol0.55 Simulation 3.13;Blade_NACA_0021_Circ95_Sol0.55 Simulation 3.13;Blade_NACA_0021_Circ95_Sol0.55 Simulation 3.13;Blade_NACA_0021_Circ95_Sol0.55 Simulation 3.13;Blade_NACA_0021_Circ95_Sol0.55 Simulation 3.13;Blade_NACA_0021_Circ95_Sol0.55 Simulation 3.13;Blade_NACA_0021_Circ95_Sol0.55 Simulation 3.13;Blade_NACA_0021_Circ95_Sol0.55 Simulation 3.13;Blade_NACA_0021_Circ95_Sol0.55 Simulation 3.13;Blade_NACA_0021_Circ95_Sol0.55 Simulation 3.13;Blade_NACA_0021_Circ95_Sol0.55 Simulation 3.13;Blade_NACA_0021_Circ95_Sol0.55 Simulation 3.13;Blade_NACA_0021_Circ95_Sol0.55 Simulation 3.13;Blade_NACA_0021_Circ95_Sol0.55 Simulation 3.13;Blade_NACA_0021_Circ95_Sol0.55 Simulation 3.13;Blade_NACA_0021_Circ95_Sol0.55 Simulation 3.13;Blade_NACA_0021_Circ95_Sol0.55 Simulation 3.13;Blade_NACA_0021_Circ95_Sol0.55 Simulation 3.13;Blade_NACA_0021_Circ95_Sol0.55 Simulation 3.13;Blade_NACA_0021_Circ95_Sol0.55 Simulation 3.13;Blade_NACA_0021_Circ95_Sol0.55 Simulation 3.13;Blade_NACA_0021_Circ95_Sol0.55 Simulation 3.13;Blade_NACA_0021_Circ95_Sol0.55 Simulation 3.13;Blade_NACA_0021_Circ95_Sol0.55 Simulation 3.13;Blade_NACA_0021_Circ95_Sol0.55 Simulation 3.13;Blade_NACA_0021_Circ95_Sol0.55 Simulation 3.13;Blade_NACA_0021_Circ95_Sol0.55 Simulation 3.13;Blade_NACA_0021_Circ95_Sol0.55 Simulation 3.13;Blade_NACA_0021_Circ95_Sol0.55 Simulation 3.13;Blade_NACA_0021_Circ95_Sol0.55 Simulation 3.13;Blade_NACA_0021_Circ95_Sol0.55 Simulation 3.13;Blade_NACA_0021_Circ95_Sol0.55 Simulation 3.13;Blade_NACA_0021_Circ95_Sol0.55 Simulation 3.13;Blade_NACA_0021_Circ95_Sol0.55 Simulation 3.13;Blade_NACA_0021_Circ95_Sol0.55 Simulation 3.13;Blade_NACA_0021_Circ95_Sol0.55 Simulation 3.13;Blade_NACA_0021_Circ95_Sol0.55 Simulation 3.13;Blade_NACA_0021_Circ95_Sol0.55 Simulation 3.13;Blade_NACA_0021_Circ95_Sol0.55 Simulation 3.13;Blade_NACA_0021_Circ95_Sol0.55 Simulation 3.13;Blade_NACA_0021_Circ95_Sol0.55 Simulation 3.13;Blade_NACA_0021_Circ95_Sol0.55 Simulation 3.13;Blade_NACA_0021_Circ95_Sol0.55 Simulation 3.13;Blade_NACA_0021_Circ95_Sol0.55 Simulation 3.13;Blade_NACA_0021_Circ95_Sol0.55 Simulation 3.13;Blade_NACA_0021_Circ95_Sol0.55 Simulation 3.13;Blade_NACA_0021_Circ95_Sol0.55 Simulation 3.13;Blade_NACA_0021_Circ95_Sol0.55 Simulation 3.13;Blade_NACA_0021_Circ95_Sol0.55 Simulation 3.13;Blade_NACA_0021_Circ95_Sol0.55 Simulation 3.13;Blade_NACA_0021_Circ95_Sol0.55 Simulation 3.13;Blade_NACA_0021_Circ95_Sol0.55 Simulation 3.13;Blade_NACA_0021_Circ95_Sol0.55 Simulation 3.13;Blade_NACA_0021_Circ95_Sol0.55 Simulation 3.13;Blade_NACA_0021_Circ95_Sol0.55 Simulation 3.13;Blade_NACA_0021_Circ95_Sol0.55 Simulation 3.13;Blade_NACA_0021_Circ95_Sol0.55 Simulation 3.13;Blade_NACA_0021_Circ95_Sol0.55 Simulation 3.13;Blade_NACA_0021_Circ95_Sol0.55 Simulation 3.13;Blade_NACA_0021_Circ95_Sol0.55 Simulation 3.13;Blade_NACA_0021_Circ95_Sol0.55 Simulation 3.13;Blade_NACA_0021_Circ95_Sol0.55 Simulation 3.13;Blade_NACA_0021_Circ95_Sol0.55 Simulation 3.13;Blade_NACA_0021_Circ95_Sol0.55 Simulation 3.13;Blade_NACA_0021_Circ95_Sol0.55 Simulation 3.13;Blade_NACA_0021_Circ95_Sol0.55 Simulation 3.13;Blade_NACA_0021_Circ95_Sol0.55 Simulation 3.13;Blade_NACA_0021_Circ95_Sol0.55 Simulation 3.13;Blade_NACA_0021_Circ95_Sol0.55 Simulation 3.13;Blade_NACA_0021_Circ95_Sol0.55 Simulation 3.13;Blade_NACA_0021_Circ95_Sol0.55 Simulation 3.13;Blade_NACA_0021_Circ95_Sol0.55 Simulation 3.13;Blade_NACA_0021_Circ95_Sol0.55 Simulation 3.13;Blade_NACA_0021_Circ95_Sol0.55 Simulation 3.13;Blade_NACA_0021_Circ95_Sol0.55 Simulation 3.13;Blade_NACA_0021_Circ95_Sol0.55 Simulation 3.13;Blade_NACA_0021_Circ95_Sol0.55 Simulation 3.13;Blade_NACA_0021_Circ95_Sol0.55 Simulation 3.13;Blade_NACA_0021_Circ95_Sol0.55 Simulation 3.13;Blade_NACA_0021_Circ95_Sol0.55 Simulation 3.13;Blade_NACA_0021_Circ95_Sol0.55 Simulation 3.13;Blade_NACA_0021_Circ95_Sol0.55 Simulation 3.13;Blade_NACA_0021_Circ95_Sol0.55 Simulation 3.13;Blade_NACA_0021_Circ95_Sol0.55 Simulation 3.13;Blade_NACA_0021_Circ95_Sol0.55 Simulation 3.13;Blade_NACA_0021_Circ95_Sol0.55 Simulation 3.13;Blade_NACA_0021_Circ95_Sol0.55 Simulation 3.13;Blade_NACA_0021_Circ95_Sol0.55 Simulation 3.13;Blade_NACA_0021_Circ95_Sol0.55 Simulation 3.13;Blade_NACA_0021_Circ95_Sol0.55 Simulation 3.13;Blade_NACA_0021_Circ95_Sol0.55 Simulation 3.13;Blade_NACA_0021_Circ95_Sol0.55 Simulation 3.13;Blade_NACA_0021_Circ95_Sol0.55 Simulation 3.13;Blade_NACA_0021_Circ95_Sol0.55 Simulation 3.13;Blade_NACA_0021_Circ95_Sol0.55 Simulation 3.13;Blade_NACA_0021_Circ95_Sol0.55 Simulation 3.13;Blade_NACA_0021_Circ95_Sol0.55 Simulation 3.13;Blade_NACA_0021_Circ95_Sol0.55 Simulation 3.13;Blade_NACA_0021_Circ95_Sol0.55 Simulation 3.13;Blade_NACA_0021_Circ95_Sol0.55 Simulation 3.13;Blade_NACA_0021_Circ95_Sol0.55 Simulation 3.13;Blade_NACA_0021_Circ95_Sol0.55 Simulation 3.13;Blade_NACA_0021_Circ95_Sol0.55 Simulation 3.13;Blade_NACA_0021_Circ95_Sol0.55 Simulation 3.13;Blade_NACA_0021_Circ95_Sol0.55 Simulation 3.13;Blade_NACA_0021_Circ95_Sol0.55 Simulation 3.13;Blade_NACA_0021_Circ95_Sol0.55 Simulation 3.13;Blade_NACA_0021_Circ95_Sol0.55 Simulation 3.13;Blade_NACA_0021_Circ95_Sol0.55 Simulation 3.13;Blade_NACA_0021_Circ95_Sol0.55 Simulation 3.13;Blade_NACA_0021_Circ95_Sol0.55 Simulation 3.13;Blade_NACA_0021_Circ95_Sol0.55 Simulation 3.13;Blade_NACA_0021_Circ95_Sol0.55 Simulation 3.13;Blade_NACA_0021_Circ95_Sol0.55 Simulation 3.13;Blade_NACA_0021_Circ95_Sol0.55 Simulation 3.13;Blade_NACA_0021_Circ95_Sol0.55 Simulation 3.13;Blade_NACA_0021_Circ95_Sol0.55 Simulation 3.13;Blade_NACA_0021_Circ95_Sol0.55 Simulation 3.13;Blade_NACA_0021_Circ95_Sol0.55 Simulation 3.13;Blade_NACA_0021_Circ95_Sol0.55 Simulation 3.13;Blade_NACA_0021_Circ95_Sol0.55 Simulation 3.13;Blade_NACA_0021_Circ95_Sol0.55 Simulation 3.13;Blade_NACA_0021_Circ95_Sol0.55 Simulation 3.13;Blade_NACA_0021_Circ95_Sol0.55 Simulation 3.13;Blade_NACA_0021_Circ95_Sol0.55 Simulation 3.13;Blade_NACA_0021_Circ95_Sol0.55 Simulation 3.13;Blade_NACA_0021_Circ95_Sol0.55 Simulation 3.13;Blade_NACA_0021_Circ95_Sol0.55 Simulation 3.13;Blade_NACA_0021_Circ95_Sol0.55 Simulation 3.13;Blade_NACA_0021_Circ95_Sol0.55 Simulation 3.13;Blade_NACA_0021_Circ95_Sol0.55 Simulation 3.13;Blade_NACA_0021_Circ95_Sol0.55 Simulation 3.13;Blade_NACA_0021_Circ95_Sol0.55 Simulation 3.13;Blade_NACA_0021_Circ95_Sol0.55 Simulation 3.13;Blade_NACA_0021_Circ95_Sol0.55 Simulation 3.13;Blade_NACA_0021_Circ95_Sol0.55 Simulation 3.13;Blade_NACA_0021_Circ95_Sol0.55 Simulation 3.13;Blade_NACA_0021_Circ95_Sol0.55 Simulation 3.13;Blade_NACA_0021_Circ95_Sol0.55 Simulation 3.13;Blade_NACA_0021_Circ95_Sol0.55 Simulation 3.13;Blade_NACA_0021_Circ95_Sol0.55 Simulation 3.13;Blade_NACA_0021_Circ95_Sol0.55 Simulation 3.13;Blade_NACA_0021_Circ95_Sol0.55 Simulation 3.13;Blade_NACA_0021_Circ95_Sol0.55 Simulation 3.13;Blade_NACA_0021_Circ95_Sol0.55 Simulation 3.13;Blade_NACA_0021_Circ95_Sol0.55 Simulation 3.13;Blade_NACA_0021_Circ95_Sol0.55 Simulation 3.13;Blade_NACA_0021_Circ95_Sol0.55 Simulation 3.13;Blade_NACA_0021_Circ95_Sol0.55 Simulation 3.13;Blade_NACA_0021_Circ95_Sol0.55 Simulation 3.13;Blade_NACA_0021_Circ95_Sol0.55 Simulation 3.13;Blade_NACA_0021_Circ95_Sol0.55 Simulation 3.13;Blade_NACA_0021_Circ95_Sol0.55 Simulation 3.13;Blade_NACA_0021_Circ95_Sol0.55 Simulation 3.13;Blade_NACA_0021_Circ95_Sol0.55 Simulation 3.13;Blade_NACA_0021_Circ95_Sol0.55 Simulation 3.13;Blade_NACA_0021_Circ95_Sol0.55 Simulation 3.13;Blade_NACA_0021_Circ95_Sol0.55 Simulation 3.13;Blade_NACA_0021_Circ95_Sol0.55 Simulation 3.13;Blade_NACA_0021_Circ95_Sol0.55 Simulation 3.13;Blade_NACA_0021_Circ95_Sol0.55 Simulation 3.13;Blade_NACA_0021_Circ95_Sol0.55 Simulation 3.13;Blade_NACA_0021_Circ95_Sol0.55 Simulation 3.13;Blade_NACA_0021_Circ95_Sol0.55 Simulation 3.13;Blade_NACA_0021_Circ95_Sol0.55 Simulation 3.13;Blade_NACA_0021_Circ95_Sol0.55 Simulation 3.13;Blade_NACA_0021_Circ95_Sol0.55 Simulation 3.13;Blade_NACA_0021_Circ95_Sol0.55 Simulation 3.13;Blade_NACA_0021_Circ95_Sol0.55 Simulation 3.13;Blade_NACA_0021_Circ95_Sol0.55 Simulation 3.13;Blade_NACA_0021_Circ95_Sol0.55 Simulation 3.13;Blade_NACA_0021_Circ95_Sol0.55 Simulation 3.13;Blade_NACA_0021_Circ95_Sol0.55 Simulation 3.13;Blade_NACA_0021_Circ95_Sol0.55 Simulation 3.13;Blade_NACA_0021_Circ95_Sol0.55 Simulation 3.13;Blade_NACA_0021_Circ95_Sol0.55 Simulation 3.13;Blade_NACA_0021_Circ95_Sol0.55 Simulation 3.13;Blade_NACA_0021_Circ95_Sol0.55 Simulation 3.13;Blade_NACA_0021_Circ95_Sol0.55 Simulation 3.13;Blade_NACA_0021_Circ95_Sol0.55 Simulation 3.13;Blade_NACA_0021_Circ95_Sol0.55 Simulation 3.13;Blade_NACA_0021_Circ95_Sol0.55 Simulation 3.13;Blade_NACA_0021_Circ95_Sol0.55 Simulation 3.13;Blade_NACA_0021_Circ95_Sol0.55 Simulation 3.13;Blade_NACA_0021_Circ95_Sol0.55 Simulation 3.13;Blade_NACA_0021_Circ95_Sol0.55 Simulation 3.13;Blade_NACA_0021_Circ95_Sol0.55 Simulation 3.13;Blade_NACA_0021_Circ95_Sol0.55 Simulation 3.13;Blade_NACA_0021_Circ95_Sol0.55 Simulation 3.13;Blade_NACA_0021_Circ95_Sol0.55 Simulation 3.13;Blade_NACA_0021_Circ95_Sol0.55 Simulation 3.13;Blade_NACA_0021_Circ95_Sol0.55 Simulation 3.13;Blade_NACA_0021_Circ95_Sol0.55 Simulation 3.13;Blade_NACA_0021_Circ95_Sol0.55 Simulation 3.13;Blade_NACA_0021_Circ95_Sol0.55 Simulation 3.13;Blade_NACA_0021_Circ95_Sol0.55 Simulation 3.13;Blade_NACA_0021_Circ95_Sol0.55 Simulation 3.13;Blade_NACA_0021_Circ95_Sol0.55 Simulation 3.13;Blade_NACA_0021_Circ95_Sol0.55 Simulation 3.13;Blade_NACA_0021_Circ95_Sol0.55 Simulation 3.13;Blade_NACA_0021_Circ95_Sol0.55 Simulation 3.13;Blade_NACA_0021_Circ95_Sol0.55 Simulation 3.13;Blade_NACA_0021_Circ95_Sol0.55 Simulation 3.13;Blade_NACA_0021_Circ95_Sol0.55 Simulation 3.13;Blade_NACA_0021_Circ95_Sol0.55 Simulation 3.13;Blade_NACA_0021_Circ95_Sol0.55 Simulation 3.13;Blade_NACA_0021_Circ95_Sol0.55 Simulation 3.13;Blade_NACA_0021_Circ95_Sol0.55 Simulation 3.13;Blade_NACA_0021_Circ95_Sol0.55 Simulation 3.13;Blade_NACA_0021_Circ95_Sol0.55 Simulation 3.13;Blade_NACA_0021_Circ95_Sol0.55 Simulation 3.13;Blade_NACA_0021_Circ95_Sol0.55 Simulation 3.13;Blade_NACA_0021_Circ95_Sol0.55 Simulation 3.13;Blade_NACA_0021_Circ95_Sol0.55 Simulation 3.13;Blade_NACA_0021_Circ95_Sol0.55 Simulation 3.13;Blade_NACA_0021_Circ95_Sol0.55 Simulation 3.13;Blade_NACA_0021_Circ95_Sol0.55 Simulation 3.13;Blade_NACA_0021_Circ95_Sol0.55 Simulation 3.13;Blade_NACA_0021_Circ95_Sol0.55 Simulation 3.13;Blade_NACA_0021_Circ95_Sol0.55 Simulation 3.13;Blade_NACA_0021_Circ95_Sol0.55 Simulation 3.13;Blade_NACA_0021_Circ95_Sol0.55 Simulation 3.13;Blade_NACA_0021_Circ95_Sol0.55 Simulation 3.13;Blade_NACA_0021_Circ95_Sol0.55 Simulation 3.13;Blade_NACA_0021_Circ95_Sol0.55 Simulation 3.13;Blade_NACA_0021_Circ95_Sol0.55 Simulation 3.13;Blade_NACA_0021_Circ95_Sol0.55 Simulation 3.13;Blade_NACA_0021_Circ95_Sol0.55 Simulation 3.13;Blade_NACA_0021_Circ95_Sol0.55 Simulation 3.13;Blade_NACA_0021_Circ95_Sol0.55 Simulation 3.13;Blade_NACA_0021_Circ95_Sol0.55 Simulation 3.13;Blade_NACA_0021_Circ95_Sol0.55 Simulation 3.13;Blade_NACA_0021_Circ95_Sol0.55 Simulation 3.13;Blade_NACA_0021_Circ95_Sol0.55 Simulation 3.13;Blade_NACA_0021_Circ95_Sol0.55 Simulation 3.13;Blade_NACA_0021_Circ95_Sol0.55 Simulation 3.13;Blade_NACA_0021_Circ95_Sol0.55 Simulation 3.13;Blade_NACA_0021_Circ95_Sol0.55 Simulation 3.13;Blade_NACA_0021_Circ95_Sol0.55 Simulation 3.13;Blade_NACA_0021_Circ95_Sol0.55 Simulation 3.13;Blade_NACA_0021_Circ95_Sol0.55 Simulation 3.13;Blade_NACA_0021_Circ95_Sol0.55 Simulation 3.13;Blade_NACA_0021_Circ95_Sol0.55 Simulation 3.13;Blade_NACA_0021_Circ95_Sol0.55 Simulation 3.13;Blade_NACA_0021_Circ95_Sol0.55 Simulation 3.13;Blade_NACA_0021_Circ95_Sol0.55 Simulation 3.13;Blade_NACA_0021_Circ95_Sol0.55 Simulation 3.13;Blade_NACA_0021_Circ95_Sol0.55 Simulation 3.13;Blade_NACA_0021_Circ95_Sol0.55 Simulation 3.13;Blade_NACA_0021_Circ95_Sol0.55 Simulation 3.13;Blade_NACA_0021_Circ95_Sol0.55 Simulation 3.13;Blade_NACA_0021_Circ95_Sol0.55 Simulation 3.13;Blade_NACA_0021_Circ95_Sol0.55 Simulation 3.13;Blade_NACA_0021_Circ95_Sol0.55 Simulation 3.13;Blade_NACA_0021_Circ95_Sol0.55 Simulation 3.13;Blade_NACA_0021_Circ95_Sol0.55 Simulation 3.13;Blade_NACA_0021_Circ95_Sol0.55 Simulation 3.13;Blade_NACA_0021_Circ95_Sol0.55 Simulation 3.13;Blade_NACA_0021_Circ95_Sol0.55 Simulation 3.13;Blade_NACA_0021_Circ95_Sol0.55 Simulation 3.13;Blade_NACA_0021_Circ95_Sol0.55 Simulation 3.13;Blade_NACA_0021_Circ95_Sol0.55 Simulation 3.13;Blade_NACA_0021_Circ95_Sol0.55 Simulation 3.13;Blade_NACA_0021_Circ95_Sol0.55 Simulation 3.13;Blade_NACA_0021_Circ95_Sol0.55 Simulation 3.13;Blade_NACA_0021_Circ95_Sol0.55 Simulation 3.13;Blade_NACA_0021_Circ95_Sol0.55 Simulation 3.13;Blade_NACA_0021_Circ95_Sol0.55 Simulation 3.13;Blade_NACA_0021_Circ95_Sol0.55 Simulation 3.13;Blade_NACA_0021_Circ95_Sol0.55 Simulation 3.13;Blade_NACA_0021_Circ95_Sol0.55 Simulation 3.13;Blade_NACA_0021_Circ95_Sol0.55 Simulation 3.13;Blade_NACA_0021_Circ95_Sol0.55 Simulation 3.13;Blade_NACA_0021_Circ95_Sol0.55 Simulation 3.13;Blade_NACA_0021_Circ95_Sol0.55 Simulation 3.13;Blade_NACA_0021_Circ95_Sol0.55 Simulation 3.13;Blade_NACA_0021_Circ95_Sol0.55 Simulation 3.13;Blade_NACA_0021_Circ95_Sol0.55 Simulation 3.13;Blade_NACA_0021_Circ95_Sol0.55 Simulation 3.13;Blade_NACA_0021_Circ95_Sol0.55 Simulation 3.13;Blade_NACA_0021_Circ95_Sol0.55 Simulation 3.13;Blade_NACA_0021_Circ95_Sol0.55 Simulation 3.13;Blade_NACA_0021_Circ95_Sol0.55 Simulation 3.13;Blade_NACA_0021_Circ95_Sol0.55 Simulation 3.13;Blade_NACA_0021_Circ95_Sol0.55 Simulation 3.13;Blade_NACA_0021_Circ95_Sol0.55 Simulation 3.13;Blade_NACA_0021_Circ95_Sol0.55 Simulation 3.13;Blade_NACA_0021_Circ95_Sol0.55 Simulation 3.13;Blade_NACA_0021_Circ95_Sol0.55 Simulation 3.13;Blade_NACA_0021_Circ95_Sol0.55 Simulation 3.13;Blade_NACA_0021_Circ95_Sol0.55 Simulation 3.13;Blade_NACA_0021_Circ95_Sol0.55 Simulation 3.13;Blade_NACA_0021_Circ95_Sol0.55 Simulation 3.13;Blade_NACA_0021_Circ95_Sol0.55 Simulation 3.13;Blade_NACA_0021_Circ95_Sol0.55 Simulation 3.13;Blade_NACA_0021_Circ95_Sol0.55 Simulation 3.13;Blade_NACA_0021_Circ95_Sol0.55 Simulation 3.13;Blade_NACA_0021_Circ95_Sol0.55 Simulation 3.13;Blade_NACA_0021_Circ95_Sol0.55 Simulation 3.13;Blade_NACA_0021_Circ95_Sol0.55 Simulation 3.13;Blade_NACA_0021_Circ95_Sol0.55 Simulation 3.13;Blade_NACA_0021_Circ95_Sol0.55 Simulation 3.13;Blade_NACA_0021_Circ95_Sol0.55 Simulation 3.13;Blade_NACA_0021_Circ95_Sol0.55 Simulation 3.13;Blade_NACA_0021_Circ95_Sol0.55 Simulation 3.13;Blade_NACA_0021_Circ95_Sol0.55 Simulation 3.13;Blade_NACA_0021_Circ95_Sol0.55 Simulation 3.13;Blade_NACA_0021_Circ95_Sol0.55 Simulation 3.13;Blade_NACA_0021_Circ95_Sol0.55 Simulation 3.13;Blade_NACA_0021_Circ95_Sol0.55 Simulation 3.13;Blade_NACA_0021_Circ95_Sol0.55 Simulation 3.13;Blade_NACA_0021_Circ95_Sol0.55 Simulation 3.13;Blade_NACA_0021_Circ95_Sol0.55 Simulation 3.13;Blade_NACA_0021_Circ95_Sol0.55 Simulation 3.13;Blade_NACA_0021_Circ95_Sol0.55 Simulation 3.13;Blade_NACA_0021_Circ95_Sol0.55 Simulation 3.13;Blade_NACA_0021_Circ95_Sol0.55 Simulation 3.13;Blade_NACA_0021_Circ95_Sol0.55 Simulation 3.13;Blade_NACA_0021_Circ95_Sol0.55 Simulation 3.13;Blade_NACA_0021_Circ95_Sol0.55 Simulation 3.13;Blade_NACA_0021_Circ95_Sol0.55 Simulation 3.13;Blade_NACA_0021_Circ95_Sol0.55 Simulation 3.13;Blade_NACA_0021_Circ95_Sol0.55 Simulation 3.13;Blade_NACA_0021_Circ95_Sol0.55 Simulation 3.13;Blade_NACA_0021_Circ95_Sol0.55 Simulation 3.13;Blade_NACA_0021_Circ95_Sol0.55 Simulation 3.13;Blade_NACA_0021_Circ95_Sol0.55 Simulation 3.13;Blade_NACA_0021_Circ95_Sol0.55 Simulation 3.13;Blade_NACA_0021_Circ95_Sol0.55 Simulation 3.13;Blade_NACA_0021_Circ95_Sol0.55 Simulation 3.13;Blade_NACA_0021_Circ95_Sol0.55 Simulation 3.13;Blade_NACA_0021_Circ95_Sol0.55 Simulation 3.13;Blade_NACA_0021_Circ95_Sol0.55 Simulation 3.13;Blade_NACA_0021_Circ95_Sol0.55 Simulation 3.13;Blade_NACA_0021_Circ95_Sol0.55 Simulation 3.13;Blade_NACA_0021_Circ95_Sol0.55 Simulation 3.13;Blade_NACA_0021_Circ95_Sol0.55 Simulation 3.13;Blade_NACA_0021_Circ95_Sol0.55 Simulation 3.13;Blade_NACA_0021_Circ95_Sol0.55 Simulation 3.13;Blade_NACA_0021_Circ95_Sol0.55 Simulation 3.13;Blade_NACA_0021_Circ95_Sol0.55 Simulation 3.13;Blade_NACA_0021_Circ95_Sol0.55 Simulation 3.13;Blade_NACA_0021_Circ95_Sol0.55 Simulation 3.13;Blade_NACA_0021_Circ95_Sol0.55 Simulation 3.13;Blade_NACA_0021_Circ95_Sol0.55 Simulation 3.13;Blade_NACA_0021_Circ95_Sol0.55 Simulation 3.13;Blade_NACA_0021_Circ95_Sol0.55 Simulation 3.13;Blade_NACA_0021_Circ95_Sol0.55 Simulation 3.13;Blade_NACA_0021_Circ95_Sol0.55 Simulation 3.13;Blade_NACA_0021_Circ95_Sol0.55 Simulation 3.13;Blade_NACA_0021_Circ95_Sol0.55 Simulation 3.13;Blade_NACA_0021_Circ95_Sol0.55 Simulation 3.13;Blade_NACA_0021_Circ95_Sol0.55 Simulation 3.13;Blade_NACA_0021_Circ95_Sol0.55 Simulation 3.13;Blade_NACA_0021_Circ95_Sol0.55 Simulation 3.13;Blade_NACA_0021_Circ95_Sol0.55 Simulation 3.13;Blade_NACA_0021_Circ95_Sol0.55 Simulation 3.13;Blade_NACA_0021_Circ95_Sol0.55 Simulation 3.13;Blade_NACA_0021_Circ95_Sol0.55 Simulation 3.13;Blade_NACA_0021_Circ95_Sol0.55 Simulation 3.13;Blade_NACA_0021_Circ95_Sol0.55 Simulation 3.13;Blade_NACA_0021_Circ95_Sol0.55 Simulation 3.13;Blade_NACA_0021_Circ95_Sol0.55 Simulation 3.13;Blade_NACA_0021_Circ95_Sol0.55 Simulation 3.13;Blade_NACA_0021_Circ95_Sol0.55 Simulation 3.13;Blade_NACA_0021_Circ95_Sol0.55 Simulation 3.13;Blade_NACA_0021_Circ95_Sol0.55 Simulation 3.13;Blade_NACA_0021_Circ95_Sol0.55 Simulation 3.13;Blade_NACA_0021_Circ95_Sol0.55 Simulation 3.13;Blade_NACA_0021_Circ95_Sol0.55 Simulation 3.13;Blade_NACA_0021_Circ95_Sol0.55 Simulation 3.13;Blade_NACA_0021_Circ95_Sol0.55 Simulation 3.13;Blade_NACA_0021_Circ95_Sol0.55 Simulation 3.13;Blade_NACA_0021_Circ95_Sol0.55 Simulation 3.13;Blade_NACA_0021_Circ95_Sol0.55 Simulation 3.13;Blade_NACA_0021_Circ95_Sol0.55 Simulation 3.13;Blade_NACA_0021_Circ95_Sol0.55 Simulation 3.13;Blade_NACA_0021_Circ95_Sol0.55 Simulation 3.13;Blade_NACA_0021_Circ95_Sol0.55 Simulation 3.13;Blade_NACA_0021_Circ95_Sol0.55 Simulation 3.13;Blade_NACA_0021_Circ95_Sol0.55 Simulation 3.13;Blade_NACA_0021_Circ95_Sol0.55 Simulation 3.13;Blade_NACA_0021_Circ95_Sol0.55 Simulation 3.13;Blade_NACA_0021_Circ95_Sol0.55 Simulation 3.13;Blade_NACA_0021_Circ95_Sol0.55 Simulation 3.13;Blade_NACA_0021_Circ95_Sol0.55 Simulation 3.13;Blade_NACA_0021_Circ95_Sol0.55 Simulation 3.13;Blade_NACA_0021_Circ95_Sol0.55 Simulation 3.13;Blade_NACA_0021_Circ95_Sol0.55 Simulation 3.13;Blade_NACA_0021_Circ95_Sol0.55 Simulation 3.13;Blade_NACA_0021_Circ95_Sol0.55 Simulation 3.13;Blade_NACA_0021_Circ95_Sol0.55 Simulation 3.13;Blade_NACA_0021_Circ95_Sol0.55 Simulation 3.13;Blade_NACA_0021_Circ95_Sol0.55 Simulation 3.13;Blade_NACA_0021_Circ95_Sol0.55 Simulation 3.13;Blade_NACA_0021_Circ95_Sol0.55 Simulation 3.13;Blade_NACA_0021_Circ95_Sol0.55 Simulation 3.13;Blade_NACA_0021_Circ95_Sol0.55 Simulation 3.13;Blade_NACA_0021_Circ95_Sol0.55 Simulation 3.13;Blade_NACA_0021_Circ95_Sol0.55 Simulation 3.13;Blade_NACA_0021_Circ95_Sol0.55 Simulation 3.13;Blade_NACA_0021_Circ95_Sol0.55 Simulation 3.13;Blade_NACA_0021_Circ95_Sol0.55 Simulation 3.13;Blade_NACA_0021_Circ95_Sol0.55 Simulation 3.13;Blade_NACA_0021_Circ95_Sol0.55 Simulation 3.13;Blade_NACA_0021_Circ95_Sol0.55 Simulation 3.13;Blade_NACA_0021_Circ95_Sol0.55 Simulation 3.13;Blade_NACA_0021_Circ95_Sol0.55 Simulation 3.13;Blade_NACA_0021_Circ95_Sol0.55 Simulation 3.13;Blade_NACA_0021_Circ95_Sol0.55 Simulation 3.13;Blade_NACA_0021_Circ95_Sol0.55 Simulation 3.13;Blade_NACA_0021_Circ95_Sol0.55 Simulation 3.13;Blade_NACA_0021_Circ95_Sol0.55 Simulation 3.13;Blade_NACA_0021_Circ95_Sol0.55 Simulation 3.13;Blade_NACA_0021_Circ95_Sol0.55 Simulation 3.13;Blade_NACA_0021_Circ95_Sol0.55 Simulation 3.13;Blade_NACA_0021_Circ95_Sol0.55 Simulation 3.13;Blade_NACA_0021_Circ95_Sol0.55 Simulation 3.13;Blade_NACA_0021_Circ95_Sol0.55 Simulation 3.13;Blade_NACA_0021_Circ95_Sol0.55 Simulation 3.13;Blade_NACA_0021_Circ95_Sol0.55 Simulation 3.13;Blade_NACA_0021_Circ95_Sol0.55 Simulation 3.13;Blade_NACA_0021_Circ95_Sol0.55 Simulation 3.13;Blade_NACA_0021_Circ95_Sol0.55 Simulation 3.13;Blade_NACA_0021_Circ95_Sol0.55 Simulation 3.13;Blade_NACA_0021_Circ95_Sol0.55 Simulation 3.13;Blade_NACA_0021_Circ95_Sol0.55 Simulation 3.13;Blade_NACA_0021_Circ95_Sol0.55 Simulation 3.13;Blade_NACA_0021_Circ95_Sol0.55 Simulation 3.13;Blade_NACA_0021_Circ95_Sol0.55 Simulation 3.13;Blade_NACA_0021_Circ95_Sol0.55 Simulation 3.13;Blade_NACA_0021_Circ95_Sol0.55 Simulation 3.13;Blade_NACA_0021_Circ95_Sol0.55 Simulation 3.13;Blade_NACA_0021_Circ95_Sol0.55 Simulation 3.13;Blade_NACA_0021_Circ95_Sol0.55 Simulation 3.13;Blade_NACA_0021_Circ95_Sol0.55 Simulation 3.13;Blade_NACA_0021_Circ95_Sol0.55 Simulation 3.13;Blade_NACA_0021_Circ95_Sol0.55 Simulation 3.13;Blade_NACA_0021_Circ95_Sol0.55 Simulation 3.13;Blade_NACA_0021_Circ95_Sol0.55 Simulation 3.13;Blade_NACA_0021_Circ95_Sol0.55 Simulation 3.13;Blade_NACA_0021_Circ95_Sol0.55 Simulation 3.13;Blade_NACA_0021_Circ95_Sol0.55 Simulation 3.13;Blade_NACA_0021_Circ95_Sol0.55 Simulation 3.13;Blade_NACA_0021_Circ95_Sol0.55 Simulation 3.13;Blade_NACA_0021_Circ95_Sol0.55 Simulation 3.13;Blade_NACA_0021_Circ95_Sol0.55 Simulation 3.13;Blade_NACA_0021_Circ95_Sol0.55 Simulation 3.13;Blade_NACA_0021_Circ95_Sol0.55 Simulation 3.13;Blade_NACA_0021_Circ95_Sol0.55 Simulation 3.13;Blade_NACA_0021_Circ95_Sol0.55 Simulation 3.13;Blade_NACA_0021_Circ95_Sol0.55 Simulation 3.13;Blade_NACA_0021_Circ95_Sol0.55 Simulation 3.13;Blade_NACA_0021_Circ95_Sol0.55 Simulation 3.13;Blade_NACA_0021_Circ95_Sol0.55 Simulation 3.13;Blade_NACA_0021_Circ95_Sol0.55 Simulation 3.13;Blade_NACA_0021_Circ95_Sol0.55 Simulation 3.13;Blade_NACA_0021_Circ95_Sol0.55 Simulation 3.13;Blade_NACA_0021_Circ95_Sol0.55 Simulation 3.13;Blade_NACA_0021_Circ95_Sol0.55 Simulation 3.13;Blade_NACA_0021_Circ95_Sol0.55 Simulation 3.13;Blade_NACA_0021_Circ95_Sol0.55 Simulation 3.13;Blade_NACA_0021_Circ95_Sol0.55 Simulation 3.13;Blade_NACA_0021_Circ95_Sol0.55 Simulation 3.13;Blade_NACA_0021_Circ95_Sol0.55 Simulation 3.13;Blade_NACA_0021_Circ95_Sol0.55 Simulation 3.13;Blade_NACA_0021_Circ95_Sol0.55 Simulation 3.13;Blade_NACA_0021_Circ95_Sol0.55 Simulation 3.13;Blade_NACA_0021_Circ95_Sol0.55 Simulation 3.13;Blade_NACA_0021_Circ95_Sol0.55 Simulation 3.13;Blade_NACA_0021_Circ95_Sol0.55 Simulation 3.13;Blade_NACA_0021_Circ95_Sol0.55 Simulation 3.13;Blade_NACA_0021_Circ95_Sol0.55 Simulation 3.13;Blade_NACA_0021_Circ95_Sol0.55 Simulation 3.13;Blade_NACA_0021_Circ95_Sol0.55 Simulation 3.13;Blade_NACA_0021_Circ95_Sol0.55 Simulation 3.13;Blade_NACA_0021_Circ95_Sol0.55 Simulation 3.13;Blade_NACA_0021_Circ95_Sol0.55 Simulation 3.13;Blade_NACA_0021_Circ95_Sol0.55 Simulation 3.13;Blade_NACA_0021_Circ95_Sol0.55 Simulation 3.13;Blade_NACA_0021_Circ95_Sol0.55 Simulation 3.13;Blade_NACA_0021_Circ95_Sol0.55 Simulation 3.13;Blade_NACA_0021_Circ95_Sol0.55 Simulation 3.13;Blade_NACA_0021_Circ95_Sol0.55 Simulation 3.13;Blade_NACA_0021_Circ95_Sol0.55 Simulation 3.13;Blade_NACA_0021_Circ95_Sol0.55 Simulation 3.13;Blade_NACA_0021_Circ95_Sol0.55 Simulation 3.13;Blade_NACA_0021_Circ95_Sol0.55 Simulation 3.13;Blade_NACA_0021_Circ95_Sol0.55 Simulation 3.13;Blade_NACA_0021_Circ95_Sol0.55 Simulation 3.13;Blade_NACA_0021_Circ95_Sol0.55 Simulation 3.13;Blade_NACA_0021_Circ95_Sol0.55 Simulation 3.13;Blade_NACA_0021_Circ95_Sol0.55 Simulation 3.13;Blade_NACA_0021_Circ95_Sol0.55 Simulation 3.13;Blade_NACA_0021_Circ95_Sol0.55 Simulation 3.13;Blade_NACA_0021_Circ95_Sol0.55 Simulation 3.13;Blade_NACA_0021_Circ95_Sol0.55 Simulation 3.13;Blade_NACA_0021_Circ95_Sol0.55 Simulation 3.13;Blade_NACA_0021_Circ95_Sol0.55 Simulation 3.13;Blade_NACA_0021_Circ95_Sol0.55 Simulation 3.13;Blade_NACA_0021_Circ95_Sol0.55 Simulation 3.13;Blade_NACA_0021_Circ95_Sol0.55 Simulation 3.13;Blade_NACA_0021_Circ95_Sol0.55 Simulation 3.13;Blade_NACA_0021_Circ95_Sol0.55 Simulation 3.13;Blade_NACA_0021_Circ95_Sol0.55 Simulation 3.13;Blade_NACA_0021_Circ95_Sol0.55 Simulation 3.13;Blade_NACA_0021_Circ95_Sol0.55 Simulation 3.13;Blade_NACA_0021_Circ95_Sol0.55 Simulation 3.13;Blade_NACA_0021_Circ95_Sol0.55 Simulation 3.13;Blade_NACA_0021_Circ95_Sol0.55 Simulation 3.13;Blade_NACA_0021_Circ95_Sol0.55 Simulation 3.13;Blade_NACA_0021_Circ95_Sol0.55 Simulation 3.13;Blade_NACA_0021_Circ95_Sol0.55 Simulation 3.13;Blade_NACA_0021_Circ95_Sol0.55 Simulation 3.13;Blade_NACA_0021_Circ95_Sol0.55 Simulation 3.13;Blade_NACA_0021_Circ95_Sol0.55 Simulation 3.13;Blade_NACA_0021_Circ95_Sol0.55 Simulation 3.13;Blade_NACA_0021_Circ95_Sol0.55 Simulation 3.13;Blade_NACA_0021_Circ95_Sol0.55 Simulation 3.13;Blade_NACA_0021_Circ95_Sol0.55 Simulation 3.13;Blade_NACA_0021_Circ95_Sol0.55 Simulation 3.13;Blade_NACA_0021_Circ95_Sol0.55 Simulation 3.13;Blade_NACA_0021_Circ95_Sol0.55 Simulation 3.13;Blade_NACA_0021_Circ95_Sol0.55 Simulation 3.13;Blade_NACA_0021_Circ95_Sol0.55 Simulation 3.13;Blade_NACA_0021_Circ95_Sol0.55 Simulation 3.13;Blade_NACA_0021_Circ95_Sol0.55 Simulation 3.13;Blade_NACA_0021_Circ95_Sol0.55 Simulation 3.13;Blade_NACA_0021_Circ95_Sol0.55 Simulation 3.13;Blade_NACA_0021_Circ95_Sol0.55 Simulation 3.13;Blade_NACA_0021_Circ95_Sol0.55 Simulation 3.13;Blade_NACA_0021_Circ95_Sol0.55 Simulation 3.13;Blade_NACA_0021_Circ95_Sol0.55 Simulation 3.13;Blade_NACA_0021_Circ95_Sol0.55 Simulation 3.13;Blade_NACA_0021_Circ95_Sol0.55 Simulation 3.13;Blade_NACA_0021_Circ95_Sol0.55 Simulation 3.13;Blade_NACA_0021_Circ95_Sol0.55 Simulation 3.13;Blade_NACA_0021_Circ95_Sol0.55 Simulation 3.13;Blade_NACA_0021_Circ95_Sol0.55 Simulation 3.13;Blade_NACA_0021_Circ95_Sol0.55 Simulation 3.13;Blade_NACA_0021_Circ95_Sol0.55 Simulation 3.13;Blade_NACA_0021_Circ95_Sol0.55 Simulation 3.13;Blade_NACA_0021_Circ95_Sol0.55 Simulation 3.13;Blade_NACA_0021_Circ95_Sol0.55 Simulation 3.13;Blade_NACA_0021_Circ95_Sol0.55 Simulation 3.13;Blade_NACA_0021_Circ95_Sol0.55 Simulation 3.13;Blade_NACA_0021_Circ95_Sol0.55 Simulation 3.13;Blade_NACA_0021_Circ95_Sol0.55 Simulation 3.13;Blade_NACA_0021_Circ95_Sol0.55 Simulation 3.13;Blade_NACA_0021_Circ95_Sol0.55 Simulation 3.13;Blade_NACA_0021_Circ95_Sol0.55 Simulation 3.13;Blade_NACA_0021_Circ95_Sol0.55 Simulation 3.13;Blade_NACA_0021_Circ95_Sol0.55 Simulation 3.13;Blade_NACA_0021_Circ95_Sol0.55 Simulation 3.13;Blade_NACA_0021_Circ95_Sol0.55 Simulation 3.13;Blade_NACA_0021_Circ95_Sol0.55 Simulation 3.13;Blade_NACA_0021_Circ95_Sol0.55 Simulation 3.13;Blade_NACA_0021_Circ95_Sol0.55 Simulation 3.13;Blade_NACA_0021_Circ95_Sol0.55 Simulation 3.13;Blade_NACA_0021_Circ95_Sol0.55 Simulation 3.13;Blade_NACA_0021_Circ95_Sol0.55 Simulation 3.13;Blade_NACA_0021_Circ95_Sol0.55 Simulation 3.13;Blade_NACA_0021_Circ95_Sol0.55 Simulation 3.13;Blade_NACA_0021_Circ95_Sol0.55 Simulation 3.13;Blade_NACA_0021_Circ95_Sol0.55 Simulation 3.13;Blade_NACA_0021_Circ95_Sol0.55 Simulation 3.13;Blade_NACA_0021_Circ95_Sol0.55 Simulation 3.13;Blade_NACA_0021_Circ95_Sol0.55 Simulation 3.13;Blade_NACA_0021_Circ95_Sol0.55 Simulation 3.13;Blade_NACA_0021_Circ95_Sol0.55 Simulation 3.13;Blade_NACA_0021_Circ95_Sol0.55 Simulation 3.13;Blade_NACA_0021_Circ95_Sol0.55 Simulation 3.13;Blade_NACA_0021_Circ95_Sol0.55 Simulation 3.13;Blade_NACA_0021_Circ95_Sol0.55 Simulation 3.13;Blade_NACA_0021_Circ95_Sol0.55 Simulation 3.13;Blade_NACA_0021_Circ95_Sol0.55 Simulation 3.13;Blade_NACA_0021_Circ95_Sol0.55 Simulation 3.13;Blade_NACA_0021_Circ95_Sol0.55 Simulation 3.13;Blade_NACA_0021_Circ95_Sol0.55 Simulation 3.13;Blade_NACA_0021_Circ95_Sol0.55 Simulation 3.13;Blade_NACA_0021_Circ95_Sol0.55 Simulation 3.13;Blade_NACA_0021_Circ95_Sol0.55 Simulation 3.13;Blade_NACA_0021_Circ95_Sol0.55 Simulation 3.13;Blade_NACA_0021_Circ95_Sol0.55 Simulation 3.13;Blade_NACA_0021_Circ95_Sol0.55 Simulation 3.13;Blade_NACA_0021_Circ95_Sol0.55 Simulation 3.13;Blade_NACA_0021_Circ95_Sol0.55 Simulation 3.13;Blade_NACA_0021_Circ95_Sol0.55 Simulation 3.13;Blade_NACA_0021_Circ95_Sol0.55 Simulation 3.13;Blade_NACA_0021_Circ95_Sol0.55 Simulation 3.13;Blade_NACA_0021_Circ95_Sol0.55 Simulation 3.13;Blade_NACA_0021_Circ95_Sol0.55 Simulation 3.13;Blade_NACA_0021_Circ95_Sol0.55 Simulation 3.13;Blade_NACA_0021_Circ95_Sol0.55 Simulation 3.13;Blade_NACA_0021_Circ95_Sol0.55 Simulation 3.13;Blade_NACA_0021_Circ95_Sol0.55 Simulation 3.13;Blade_NACA_0021_Circ95_Sol0.55 Simulation 3.13;Blade_NACA_0021_Circ95_Sol0.55 Simulation 3.13;Blade_NACA_0021_Circ95_Sol0.55 Simulation 3.13;Blade_NACA_0021_Circ95_Sol0.55 Simulation 3.13;Blade_NACA_0021_Circ95_Sol0.55 Simulation 3.13;Blade_NACA_0021_Circ95_Sol0.55 Simulation 3.13;Blade_NACA_0021_Circ95_Sol0.55 Simulation 3.13;Blade_NACA_0021_Circ95_Sol0.55 Simulation 3.13;Blade_NACA_0021_Circ95_Sol0.55 Simulation 3.13;Blade_NACA_0021_Circ95_Sol0.55 Simulation 3.13;Blade_NACA_0021_Circ95_Sol0.55 Simulation 3.13;Blade_NACA_0021_Circ95_Sol0.55 Simulation 3.13;Blade_NACA_0021_Circ95_Sol0.55 Simulation 3.13;Blade_NACA_0021_Circ95_Sol0.55 Simulation 3.13;Blade_NACA_0021_Circ95_Sol0.55 Simulation 3.13;Blade_NACA_0021_Circ95_Sol0.55 Simulation 3.13;Blade_NACA_0021_Circ95_Sol0.55 Simulation 3.13;Blade_NACA_0021_Circ95_Sol0.55 Simulation 3.13;Blade_NACA_0021_Circ95_Sol0.55 Simulation 3.13;Blade_NACA_0021_Circ95_Sol0.55 Simulation 3.13;Blade_NACA_0021_Circ95_Sol0.55 Simulation 3.13;Blade_NACA_0021_Circ95_Sol0.55 Simulation 3.13;Blade_NACA_0021_Circ95_Sol0.55 Simulation 3.13;Blade_NACA_0021_Circ95_Sol0.55 Simulation 3.13;Blade_NACA_0021_Circ95_Sol0.55 Simulation 3.13;Blade_NACA_0021_Circ95_Sol0.55 Simulation 3.13;Blade_NACA_0021_Circ95_Sol0.55 Simulation 3.13;Blade_NACA_0021_Circ95_Sol0.55 Simulation 3.13;Blade_NACA_0021_Circ95_Sol0.55 Simulation 3.13;Blade_NACA_0021_Circ95_Sol0.55 Simulation 3.13;Blade_NACA_0021_Circ95_Sol0.55 Simulation 3.13;Blade_NACA_0021_Circ95_Sol0.55 Simulation 3.13;Blade_NACA_0021_Circ95_Sol0.55 Simulation 3.13;Blade_NACA_0021_Circ95_Sol0.55 Simulation 3.13;Blade_NACA_0021_Circ95_Sol0.55 Simulation 3.13;Blade_NACA_0021_Circ95_Sol0.55 Simulation 3.13;Blade_NACA_0021_Circ95_Sol0.55 Simulation 3.13;Blade_NACA_0021_Circ95_Sol0.55 Simulation 3.13;Blade_NACA_0021_Circ95_Sol0.55 Simulation 3.13;Blade_NACA_0021_Circ95_Sol0.55 Simulation 3.13;Blade_NACA_0021_Circ95_Sol0.55 Simulation 3.13;Blade_NACA_0021_Circ95_Sol0.55 Simulation 3.13;Blade_NACA_0021_Circ95_Sol0.55 Simulation 3.13;Blade_NACA_0021_Circ95_Sol0.55 Simulation 3.13;Blade_NACA_0021_Circ95_Sol0.55 Simulation 3.13;Blade_NACA_0021_Circ95_Sol0.55 Simulation 3.13;Blade_NACA_0021_Circ95_Sol0.55 Simulation 3.13;Blade_NACA_0021_Circ95_Sol0.55 Simulation 3.13;Blade_NACA_0021_Circ95_Sol0.55 Simulation 3.13;Blade_NACA_0021_Circ95_Sol0.55 Simulation 3.13;Blade_NACA_0021_Circ95_Sol0.55 Simulation 3.13;Blade_NACA_0021_Circ95_Sol0.55 Simulation 3.13;Blade_NACA_0021_Circ95_Sol0.55 Simulation 3.13;Blade_NACA_0021_Circ95_Sol0.55 Simulation 3.13;Blade_NACA_0021_Circ95_Sol0.55 Simulation 3.13;Blade_NACA_0021_Circ95_Sol0.55 Simulation 3.13;Blade_NACA_0021_Circ95_Sol0.55 Simulation 3.13;Blade_NACA_0021_Circ95_Sol0.55 Simulation 3.13;Blade_NACA_0021_Circ95_Sol0.55 Simulation 3.13;Blade_NACA_0021_Circ95_Sol0.55 Simulation 3.13;Blade_NACA_0021_Circ95_Sol0.55 Simulation 3.13;Blade_NACA_0021_Circ95_Sol0.55 Simulation 3.13;Blade_NACA_0021_Circ95_Sol0.55 Simulation 3.13;Blade_NACA_0021_Circ95_Sol0.55 Simulation 3.13;Blade_NACA_0021_Circ95_Sol0.55 Simulation 3.13;Blade_NACA_0021_Circ95_Sol0.55 Simulation 3.13;Blade_NACA_0021_Circ95_Sol0.55 Simulation 3.13;Blade_NACA_0021_Circ95_Sol0.55 Simulation 3.13;Blade_NACA_0021_Circ95_Sol0.55 Simulation 3.13;Blade_NACA_0021_Circ95_Sol0.55 Simulation 3.13;Blade_NACA_0021_Circ95_Sol0.55 Simulation 3.13;Blade_NACA_0021_Circ95_Sol0.55 Simulation 3.13;Blade_NACA_0021_Circ95_Sol0.55 Simulation 3.13;Blade_NACA_0021_Circ95_Sol0.55 Simulation 3.13;Blade_NACA_0021_Circ95_Sol0.55 Simulation 3.13;Blade_NACA_0021_Circ95_Sol0.55 Simulation 3.13;Blade_NACA_0021_Circ95_Sol0.55 Simulation 3.13;Blade_NACA_0021_Circ95_Sol0.55 Simulation 3.13;Blade_NACA_0021_Circ95_Sol0.55 Simulation 3.13;Blade_NACA_0021_Circ95_Sol0.55 Simulation 3.13;Blade_NACA_0021_Circ95_Sol0.55 Simulation 3.13;Blade_NACA_0021_Circ95_Sol0.55 Simulation 3.13;Blade_NACA_0021_Circ95_Sol0.55 Simulation 3.13;Blade_NACA_0021_Circ95_Sol0.55 Simulation 3.13;Blade_NACA_0021_Circ95_Sol0.55 Simulation 3.13;Blade_NACA_0021_Circ95_Sol0.55 Simulation 3.13;Blade_NACA_0021_Circ95_Sol0.55 Simulation 3.13;Blade_NACA_0021_Circ95_Sol0.55 Simulation 3.13;Blade_NACA_0021_Circ95_Sol0.55 Simulation 3.13;Blade_NACA_0021_Circ95_Sol0.55 Simulation 3.13;Blade_NACA_0021_Circ95_Sol0.55 Simulation 3.13;Blade_NACA_0021_Circ95_Sol0.55 Simulation 3.13;Blade_NACA_0021_Circ95_Sol0.55 Simulation 3.13;Blade_NACA_0021_Circ95_Sol0.55 Simulation 3.13;Blade_NACA_0021_Circ95_Sol0.55 Simulation 3.13;Blade_NACA_0021_Circ95_Sol0.55 Simulation 3.13;Blade_NACA_0021_Circ95_Sol0.55 Simulation 3.13;Blade_NACA_0021_Circ95_Sol0.55 Simulation 3.13;Blade_NACA_0021_Circ95_Sol0.55 Simulation 3.13;Blade_NACA_0021_Circ95_Sol0.55 Simulation 3.13;Blade_NACA_0021_Circ95_Sol0.55 Simulation 3.13;Blade_NACA_0021_Circ95_Sol0.55 Simulation 3.13;Blade_NACA_0021_Circ95_Sol0.55 Simulation 3.13;Blade_NACA_0021_Circ95_Sol0.55 Simulation 3.13;Blade_NACA_0021_Circ95_Sol0.55 Simulation 3.13;Blade_NACA_0021_Circ95_Sol0.55 Simulation 3.13;Blade_NACA_0021_Circ95_Sol0.55 Simulation 3.13;Blade_NACA_0021_Circ95_Sol0.55 Simulation 3.13;Blade_NACA_0021_Circ95_Sol0.55 Simulation 3.13;Blade_NACA_0021_Circ95_Sol0.55 Simulation 3.13;Blade_NACA_0021_Circ95_Sol0.55 Simulation 3.13;Blade_NACA_0021_Circ95_Sol0.55 Simulation 3.13;Blade_NACA_0021_Circ95_Sol0.55 Simulation 3.13;Blade_NACA_0021_Circ95_Sol0.55 Simulation 3.13;Blade_NACA_0021_Circ95_Sol0.55 Simulation 3.13;Blade_NACA_0021_Circ95_Sol0.55 Simulation 3.13;Blade_NACA_0021_Circ95_Sol0.55 Simulation 3.13;Blade_NACA_0021_Circ95_Sol0.55 Simulation 3.13;Blade_NACA_0021_Circ95_Sol0.55 Simulation 3.13;Blade_NACA_0021_Circ95_Sol0.55 Simulation 3.13;Blade_NACA_0021_Circ95_Sol0.55 Simulation 3.13;Blade_NACA_0021_Circ95_Sol0.55 Simulation 3.13;Blade_NACA_0021_Circ95_Sol0.55 Simulation 3.13;Blade_NACA_0021_Circ95_Sol0.55 Simulation 3.13;Blade_NACA_0021_Circ95_Sol0.55 Simulation 3.13;Blade_NACA_0021_Circ95_Sol0.55 Simulation 3.13;Blade_NACA_0021_Circ95_Sol0.55 Simulation 3.13;Blade_NACA_0021_Circ95_Sol0.55 Simulation 3.13;Blade_NACA_0021_Circ95_Sol0.55 Simulation 3.13;Blade_NACA_0021_Circ95_Sol0.55 Simulation 3.13;Blade_NACA_0021_Circ95_Sol0.55 Simulation 3.13;Blade_NACA_0021_Circ95_Sol0.55 Simulation 3.13;Blade_NACA_0021_Circ95_Sol0.55 Simulation 3.13;Blade_NACA_0021_Circ95_Sol0.55 Simulation 3.13;Blade_NACA_0021_Circ95_Sol0.55 Simulation 3.13;Blade_NACA_0021_Circ95_Sol0.55 Simulation 3.13;Blade_NACA_0021_Circ95_Sol0.55 Simulation 3.13;Blade_NACA_0021_Circ95_Sol0.55 Simulation 3.13;Blade_NACA_0021_Circ95_Sol0.55 Simulation 3.13;Blade_NACA_0021_Circ95_Sol0.55 Simulation 3.13;Blade_NACA_0021_Circ95_Sol0.55 Simulation 3.13;Blade_NACA_0021_Circ95_Sol0.55 Simulation 3.13;Blade_NACA_0021_Circ95_Sol0.55 Simulation 3.13;Blade_NACA_0021_Circ95_Sol0.55 Simulation 3.13;Blade_NACA_0021_Circ95_Sol0.55 Simulation 3.13;Blade_NACA_0021_Circ95_Sol0.55 Simulation 3.13;Blade_NACA_0021_Circ95_Sol0.55 Simulation 3.13;Blade_NACA_0021_Circ95_Sol0.55 Simulation 3.13;Blade_NACA_0021_Circ95_Sol0.55 Simulation 3.13;Blade_NACA_0021_Circ95_Sol0.55 Simulation 3.13;Blade_NACA_0021_Circ95_Sol0.55 Simulation 3.13;Blade_NACA_0021_Circ95_Sol0.55 Simulation 3.13;Blade_NACA_0021_Circ95_Sol0.55 Simulation 3.13;Blade_NACA_0021_Circ95_Sol0.55 Simulation 3.13;Blade_NACA_0021_Circ95_Sol0.55 Simulation 3.13;Blade_NACA_0021_Circ95_Sol0.55 Simulation 3.13;Blade_NACA_0021_Circ95_Sol0.55 Simulation 3.13;Blade_NACA_0021_Circ95_Sol0.55 Simulation 3.13;Blade_NACA_0021_Circ95_Sol0.55 Simulation 3.13;Blade_NACA_0021_Circ95_Sol0.55 Simulation 3.13;Blade_NACA_0021_Circ95_Sol0.55 Simulation 3.13;Blade_NACA_0021_Circ95_Sol0.55 Simulation 3.13;Blade_NACA_0021_Circ95_Sol0.55 Simulation 3.13;Blade_NACA_0021_Circ95_Sol0.55 Simulation 3.13;Blade_NACA_0021_Circ95_Sol0.55 Simulation 3.13;Blade_NACA_0021_Circ95_Sol0.55 Simulation 3.13;Blade_NACA_0021_Circ95_Sol0.55 Simulation 3.13;Blade_NACA_0021_Circ95_Sol0.55 Simulation 3.13;Blade_NACA_0021_Circ95_Sol0.55 Simulation 3.13;Blade_NACA_0021_Circ95_Sol0.55 Simulation 3.13;Blade_NACA_0021_Circ95_Sol0.55 Simulation 3.13;Blade_NACA_0021_Circ95_Sol0.55 Simulation 3.13;Blade_NACA_0021_Circ95_Sol0.55 Simulation 3.13;Blade_NACA_0021_Circ95_Sol0.55 Simulation 3.13;Blade_NACA_0021_Circ95_Sol0.55 Simulation 3.13;Blade_NACA_0021_Circ95_Sol0.55 Simulation 3.13;Blade_NACA_0021_Circ95_Sol0.55 Simulation 3.13;Blade_NACA_0021_Circ95_Sol0.55 Simulation 3.13;Blade_NACA_0021_Circ95_Sol0.55 Simulation 3.13;Blade_NACA_0021_Circ95_Sol0.55 Simulation 3.13;Blade_NACA_0021_Circ95_Sol0.55 Simulation 3.13;Blade_NACA_0021_Circ95_Sol0.55 Simulation 3.13;Blade_NACA_0021_Circ95_Sol0.55 Simulation 3.13;Blade_NACA_0021_Circ95_Sol0.55 Simulation 3.13;Blade_NACA_0021_Circ95_Sol0.55 Simulation 3.13;Blade_NACA_0021_Circ95_Sol0.55 Simulation 3.13;Blade_NACA_0021_Circ95_Sol0.55 Simulation 3.13;Blade_NACA_0021_Circ95_Sol0.55 Simulation 3.13;Blade_NACA_0021_Circ95_Sol0.55 Simulation 3.13;Blade_NACA_0021_Circ95_Sol0.55 Simulation 3.13;Blade_NACA_0021_Circ95_Sol0.55 Simulation 3.13;Blade_NACA_0021_Circ95_Sol0.55 Simulation 3.13;Blade_NACA_0021_Circ95_Sol0.55 Simulation 3.13;Blade_NACA_0021_Circ95_Sol0.55 Simulation 3.13;Blade_NACA_0021_Circ95_Sol0.55 Simulation 3.13;Blade_NACA_0021_Circ95_Sol0.55 Simulation 3.13;Blade_NACA_0021_Circ95_Sol0.55 Simulation 3.13;Blade_NACA_0021_Circ95_Sol0.55 Simulation 3.13;Blade_NACA_0021_Circ95_Sol0.55 Simulation 3.13;Blade_NACA_0021_Circ95_Sol0.55 Simulation 3.13;Blade_NACA_0021_Circ95_Sol0.55 Simulation 3.13;Blade_NACA_0021_Circ95_Sol0.55 Simulation 3.13;Blade_NACA_0021_Circ95_Sol0.55 Simulation 3.13;Blade_NACA_0021_Circ95_Sol0.55 Simulation 3.13;Blade_NACA_0021_Circ95_Sol0.55 Simulation 3.13;Blade_NACA_0021_Circ95_Sol0.55 Simulation 3.13;Blade_NACA_0021_Circ95_Sol0.55 Simulation 3.13;Blade_NACA_0021_Circ95_Sol0.55 Simulation 3.13;Blade_NACA_0021_Circ95_Sol0.55 Simulation 3.13;Blade_NACA_0021_Circ95_Sol0.55 Simulation 3.13;Blade_NACA_0021_Circ95_Sol0.55 Simulation 3.13;Blade_NACA_0021_Circ95_Sol0.55 Simulation 3.13;Blade_NACA_0021_Circ95_Sol0.55 Simulation 3.13;Blade_NACA_0021_Circ95_Sol0.55 Simulation 3.13;Blade_NACA_0021_Circ95_Sol0.55 Simulation 3.13;Blade_NACA_0021_Circ95_Sol0.55 Simulation 3.13;Blade_NACA_0021_Circ95_Sol0.55 Simulation 3.13;Blade_NACA_0021_Circ95_Sol0.55 Simulation 3.13;Blade_NACA_0021_Circ95_Sol0.55 Simulation 3.13;Blade_NACA_0021_Circ95_Sol0.55 Simulation 3.13;Blade_NACA_0021_Circ95_Sol0.55 Simulation 3.13;Blade_NACA_0021_Circ95_Sol0.55 Simulation 3.13;Blade_NACA_0021_Circ95_Sol0.55 Simulation 3.13;Blade_NACA_0021_Circ95_Sol0.55 Simulation 3.13;Blade_NACA_0021_Circ95_Sol0.55 Simulation 3.13;Blade_NACA_0021_Circ95_Sol0.55 Simulation 3.13;Blade_NACA_0021_Circ95_Sol0.55 Simulation 3.13;Blade_NACA_0021_Circ95_Sol0.55 Simulation 3.13;Blade_NACA_0021_Circ95_Sol0.55 Simulation 3.13;Blade_NACA_0021_Circ95_Sol0.55 Simulation 3.13;Blade_NACA_0021_Circ95_Sol0.55 Simulation 3.13;Blade_NACA_0021_Circ95_Sol0.55 Simulation 3.13;Blade_NACA_0021_Circ95_Sol0.55 Simulation 3.13;Blade_NACA_0021_Circ95_Sol0.55 Simulation 3.13;Blade_NACA_0021_Circ95_Sol0.55 Simulation 3.13;Blade_NACA_0021_Circ95_Sol0.55 Simulation 3.13;Blade_NACA_0021_Circ95_Sol0.55 Simulation 3.13;Blade_NACA_0021_Circ95_Sol0.55 Simulation 3.13;Blade_NACA_0021_Circ95_Sol0.55 Simulation 3.13;Blade_NACA_0021_Circ95_Sol0.55 Simulation 3.13;Blade_NACA_0021_Circ95_Sol0.55 Simulation 3.13;Blade_NACA_0021_Circ95_Sol0.55 Simulation 3.13;Blade_NACA_0021_Circ95_Sol0.55 Simulation 3.13;Blade_NACA_0021_Circ95_Sol0.55 Simulation 3.13;Blade_NACA_0021_Circ95_Sol0.55 Simulation 3.13;Blade_NACA_0021_Circ95_Sol0.55 Simulation 3.13;Blade_NACA_0021_Circ95_Sol0.55 Simulation 3.13;Blade_NACA_0021_Circ95_Sol0.55 Simulation 3.13;Blade_NACA_0021_Circ95_Sol0.55 Simulation 3.13;Blade_NACA_0021_Circ95_Sol0.55 Simulation 3.13;Blade_NACA_0021_Circ95_Sol0.55 Simulation 3.13;Blade_NACA_0021_Circ95_Sol0.55 Simulation 3.13;Blade_NACA_0021_Circ95_Sol0.55 Simulation 3.13;Blade_NACA_0021_Circ95_Sol0.55 Simulation 3.13;Blade_NACA_0021_Circ95_Sol0.55 Simulation 3.13;Blade_NACA_0021_Circ95_Sol0.55 Simulation 3.13;Blade_NACA_0021_Circ95_Sol0.55 Simulation 3.13;Blade_NACA_0021_Circ95_Sol0.55 Simulation 3.13;Blade_NACA_0021_Circ95_Sol0.55 Simulation 3.13;Blade_NACA_0021_Circ95_Sol0.55 Simulation 3.13;Blade_NACA_0021_Circ95_Sol0.55 Simulation 3.13;Blade_NACA_0021_Circ95_Sol0.55 Simulation 3.13;Blade_NACA_0021_Circ95_Sol0.55 Simulation 3.13;Blade_NACA_0021_Circ95_Sol0.55 Simulation 3.13;Blade_NACA_0021_Circ95_Sol0.55 Simulation 3.13;Blade_NACA_0021_Circ95_Sol0.55 Simulation 3.13;Blade_NACA_0021_Circ95_Sol0.55 Simulation 3.13;Blade_NACA_0021_Circ95_Sol0.55 Simulation 3.13;Blade_NACA_0021_Circ95_Sol0.55 Simulation 3.13;Blade_NACA_0021_Circ95_Sol0.55 Simulation 3.13;Blade_NACA_0021_Circ95_Sol0.55 Simulation 3.13;Blade_NACA_0021_Circ95_Sol0.55 Simulation 3.13;Blade_NACA_0021_Circ95_Sol0.55 Simulation 3.13;Blade_NACA_0021_Circ95_Sol0.55 Simulation 3.13;Blade_NACA_0021_Circ95_Sol0.55 Simulation 3.13;Blade_NACA_0021_Circ95_Sol0.55 Simulation 3.13;Blade_NACA_0021_Circ95_Sol0.55 Simulation 3.13;Blade_NACA_0021_Circ95_Sol0.55 Simulation 3.13;Blade_NACA_0021_Circ95_Sol0.55 Simulation 3.13;Blade_NACA_0021_Circ95_Sol0.55 Simulation 3.13;Blade_NACA_0021_Circ95_Sol0.55 Simulation 3.13;Blade_NACA_0021_Circ95_Sol0.55 Simulation 3.13;Blade_NACA_0021_Circ95_Sol0.55 Simulation 3.13;Blade_NACA_0021_Circ95_Sol0.55 Simulation 3.13;Blade_NACA_0021_Circ95_Sol0.55 Simulation 3.13;Blade_NACA_0021_Circ95_Sol0.55 Simulation 3.13;Blade_NACA_0021_Circ95_Sol0.55 Simulation 3.13;Blade_NACA_0021_Circ95_Sol0.55 Simulation 3.13;Blade_NACA_0021_Circ95_Sol0.55 Simulation 3.13;Blade_NACA_0021_Circ95_Sol0.55 Simulation 3.13;Blade_NACA_0021_Circ95_Sol0.55 Simulation 3.13;Blade_NACA_0021_Circ95_Sol0.55 Simulation 3.13;Blade_NACA_0021_Circ95_Sol0.55 Simulation 3.13;Blade_NACA_0021_Circ95_Sol0.55 Simulation 3.13;Blade_NACA_0021_Circ95_Sol0.55 Simulation 3.13;Blade_NACA_0021_Circ95_Sol0.55 Simulation 3.13;Blade_NACA_0021_Circ95_Sol0.55 Simulation 3.13;Blade_NACA_0021_Circ95_Sol0.55 Simulation 3.13;Blade_NACA_0021_Circ95_Sol0.55 Simulation 3.13;Blade_NACA_0021_Circ95_Sol0.55 Simulation 3.13;Blade_NACA_0021_Circ95_Sol0.55 Simulation 3.13;Blade_NACA_0021_Circ95_Sol0.55 Simulation 3.13;Blade_NACA_0021_Circ95_Sol0.55 Simulation 3.13;Blade_NACA_0021_Circ95_Sol0.55 Simulation 3.13;Blade_NACA_0021_Circ95_Sol0.55 Simulation 3.13;Blade_NACA_0021_Circ95_Sol0.55 Simulation 3.13;Blade_NACA_0021_Circ95_Sol0.55 Simulation 3.13;Blade_NACA_0021_Circ95_Sol0.55 Simulation 3.13;Blade_NACA_0021_Circ95_Sol0.55 Simulation 3.13;Blade_NACA_0021_Circ95_Sol0.55 Simulation 3.13;Blade_NACA_0021_Circ95_Sol0.55 Simulation 3.13;Blade_NACA_0021_Circ95_Sol0.55 Simulation 3.13;Blade_NACA_0021_Circ95_Sol0.55 Simulation 3.13;Blade_NACA_0021_Circ95_Sol0.55 Simulation 3.13;Blade_NACA_0021_Circ95_Sol0.55 Simulation 3.13;Blade_NACA_0021_Circ95_Sol0.55 Simulation 3.13;Blade_NACA_0021_Circ95_Sol0.55 Simulation 3.13;Blade_NACA_0021_Circ95_Sol0.55 Simulation 3.13;Blade_NACA_0021_Circ95_Sol0.55 Simulation 3.13;Blade_NACA_0021_Circ95_Sol0.55 Simulation 3.13;Blade_NACA_0021_Circ95_Sol0.55 Simulation 3.13;Blade_NACA_0021_Circ95_Sol0.55 Simulation 3.13;Blade_NACA_0021_Circ95_Sol0.55 Simulation 3.13;Blade_NACA_0021_Circ95_Sol0.55 Simulation 3.13;Blade_NACA_0021_Circ95_Sol0.55 Simulation 3.13;Blade_NACA_0021_Circ95_Sol0.55 Simulation 3.13;Blade_NACA_0021_Circ95_Sol0.55 Simulation 3.13;Blade_NACA_0021_Circ95_Sol0.55 Simulation 3.13;Blade_NACA_0021_Circ95_Sol0.55 Simulation 3.13;Blade_NACA_0021_Circ95_Sol0.55 Simulation 3.13;Blade_NACA_0021_Circ95_Sol0.55 Simulation 3.13;Blade_NACA_0021_Circ95_Sol0.55 Simulation 3.13;Blade_NACA_0021_Circ95_Sol0.55 Simulation 3.13;Blade_NACA_0021_Circ95_Sol0.55 Simulation 3.13;Blade_NACA_0021_Circ95_Sol0.55 Simulation 3.13;Blade_NACA_0021_Circ95_Sol0.55 Simulation 3.13;Blade_NACA_0021_Circ95_Sol0.55 Simulation 3.13;Blade_NACA_0021_Circ95_Sol0.55 Simulation 3.13;Blade_NACA_0021_Circ95_Sol0.55 Simulation 3.13;Blade_NACA_0021_Circ95_Sol0.55 Simulation 3.13;Blade_NACA_0021_Circ95_Sol0.55 Simulation 3.13;Blade_NACA_0021_Circ95_Sol0.55 Simulation 3.13;Blade_NACA_0021_Circ95_Sol0.55 Simulation 3.13;Blade_NACA_0021_Circ95_Sol0.55 Simulation 3.13;Blade_NACA_0021_Circ95_Sol0.55 Simulation 3.13;Blade_NACA_0021_Circ95_Sol0.55 Simulation 3.13;Blade_NACA_0021_Circ95_Sol0.55 Simulation 3.13;Blade_NACA_0021_Circ95_Sol0.55 Simulation 3.13;Blade_NACA_0021_Circ95_Sol0.55 Simulation 3.13;Blade_NACA_0021_Circ95_Sol0.55 Simulation 3.13;Blade_NACA_0021_Circ95_Sol0.55 Simulation 3.13;Blade_NACA_0021_Circ95_Sol0.55 Simulation 3.13;Blade_NACA_0021_Circ95_Sol0.55 Simulation 3.13;Blade_NACA_0021_Circ95_Sol0.55 Simulation 3.13;Blade_NACA_0021_Circ95_Sol0.55 Simulation 3.13;Blade_NACA_0021_Circ95_Sol0.55 Simulation 3.13;Blade_NACA_0021_Circ95_Sol0.55 Simulation 3.13;Blade_NACA_0021_Circ95_Sol0.55 Simulation 3.13;Blade_NACA_0021_Circ95_Sol0.55 Simulation 3.13;Blade_NACA_0021_Circ95_Sol0.55 Simulation 3.13;Blade_NACA_0021_Circ95_Sol0.55 Simulation 3.13;Blade_NACA_0021_Circ95_Sol0.55 Simulation 3.13;Blade_NACA_0021_Circ95_Sol0.55 Simulation 3.13;Blade_NACA_0021_Circ95_Sol0.55 Simulation 3.13;Blade_NACA_0021_Circ95_Sol0.55 Simulation 3.13;Blade_NACA_0021_Circ95_Sol0.55 Simulation 3.13;Blade_NACA_0021_Circ95_Sol0.55 Simulation 3.13;Blade_NACA_0021_Circ95_Sol0.55 Simulation 3.13;Blade_NACA_0021_Circ95_Sol0.55 Simulation 3.13;Blade_NACA_0021_Circ95_Sol0.55 Simulation 3.13;Blade_NACA_0021_Circ95_Sol0.55 Simulation 3.13;Blade_NACA_0021_Circ95_Sol0.55 Simulation 3.13;Blade_NACA_0021_Circ95_Sol0.55 Simulation 3.13;Blade_NACA_0021_Circ95_Sol0.55 Simulation 3.13;Blade_NACA_0021_Circ95_Sol0.55 Simulation 3.13;Blade_NACA_0021_Circ95_Sol0.55 Simulation 3.13;Blade_NACA_0021_Circ95_Sol0.55 Simulation 3.13;Blade_NACA_0021_Circ95_Sol0.55 Simulation 3.13;Blade_NACA_0021_Circ95_Sol0.55 Simulation 3.13;Blade_NACA_0021_Circ95_Sol0.55 Simulation 3.13;Blade_NACA_0021_Circ95_Sol0.55 Simulation 3.13;Blade_NACA_0021_Circ95_Sol0.55 Simulation 3.13;Blade_NACA_0021_Circ95_Sol0.55 Simulation 3.13;Blade_NACA_0021_Circ95_Sol0.55 Simulation 3.13;Blade_NACA_0021_Circ95_Sol0.55 Simulation 3.13;Blade_NACA_0021_Circ95_Sol0.55 Simulation 3.13;Blade_NACA_0021_Circ95_Sol0.55 Simulation 3.13;Blade_NACA_0021_Circ95_Sol0.55 Simulation 3.13;Blade_NACA_0021_Circ95_Sol0.55 Simulation 3.13;Blade_NACA_0021_Circ95_Sol0.55 Simulation 3.13;Blade_NACA_0021_Circ95_Sol0.55 Simulation 3.13;Blade_NACA_0021_Circ95_Sol0.55 Simulation 3.13;Blade_NACA_0021_Circ95_Sol0.55 Simulation 3.13;Blade_NACA_0021_Circ95_Sol0.55 Simulation 3.13;Blade_NACA_0021_Circ95_Sol0.55 Simulation 3.13;Blade_NACA_0021_Circ95_Sol0.55 Simulation 3.13;Blade_NACA_0021_Circ95_Sol0.55 Simulation 3.13;Blade_NACA_0021_Circ95_Sol0.55 Simulation 3.13;Blade_NACA_0021_Circ95_Sol0.55 Simulation 3.13;Blade_NACA_0021_Circ95_Sol0.55 Simulation 3.13;Blade_NACA_0021_Circ95_Sol0.55 Simulation 3.13;Blade_NACA_0021_Circ95_Sol0.55 Simulation 3.13;Blade_NACA_0021_Circ95_Sol0.55 Simulation 3.13;Blade_NACA_0021_Circ95_Sol0.55 Simulation 3.13;Blade_NACA_0021_Circ95_Sol0.55 Simulation 3.13;Blade_NACA_0021_Circ95_Sol0.55 Simulation 3.13;Blade_NACA_0021_Circ95_Sol0.55 Simulation 3.13;Blade_NACA_0021_Circ95_Sol0.55 Simulation 3.13;Blade_NACA_0021_Circ95_Sol0.55 Simulation 3.13;Blade_NACA_0021_Circ95_Sol0.55 Simulation 3.13;Blade_NACA_0021_Circ95_Sol0.55 Simulation 3.13;Blade_NACA_0021_Circ95_Sol0.55 Simulation 3.13;Blade_NACA_0021_Circ95_Sol0.55 Simulation 3.13;Blade_NACA_0021_Circ95_Sol0.55 Simulation 3.13;Blade_NACA_0021_Circ95_Sol0.55 Simulation 3.13;Blade_NACA_0021_Circ95_Sol0.55 Simulation 3.13;Blade_NACA_0021_Circ95_Sol0.55 Simulation 3.13;Blade_NACA_0021_Circ95_Sol0.55 Simulation 3.13;Blade_NACA_0021_Circ95_Sol0.55 Simulation 3.13;Blade_NACA_0021_Circ95_Sol0.55 Simulation 3.13;Blade_NACA_0021_Circ95_Sol0.55 Simulation 3.13;Blade_NACA_0021_Circ95_Sol0.55 Simulation 3.13;Blade_NACA_0021_Circ95_Sol0.55 Simulation 3.13;Blade_NACA_0021_Circ95_Sol0.55 Simulation 3.13;Blade_NACA_0021_Circ95_Sol0.55 Simulation 3.13;Blade_NACA_0021_Circ95_Sol0.55 Simulation 3.13;Blade_NACA_0021_Circ95_Sol0.55 Simulation 3.13;Blade_NACA_0021_Circ95_Sol0.55 Simulation 3.13;Blade_NACA_0021_Circ95_Sol0.55 Simulation 3.13;Blade_NACA_0021_Circ95_Sol0.55 Simulation 3.13;Blade_NACA_0021_Circ95_Sol0.55 Simulation 3.13;Blade_NACA_0021_Circ95_Sol0.55 Simulation 3.13;Blade_NACA_0021_Circ95_Sol0.55 Simulation 3.13;Blade_NACA_0021_Circ95_Sol0.55 Simulation 3.13;Blade_NACA_0021_Circ95_Sol0.55 Simulation 3.13;Blade_NACA_0021_Circ95_Sol0.55 Simulation 3.13;Blade_NACA_0021_Circ95_Sol0.55 Simulation 3.13;Blade_NACA_0021_Circ95_Sol0.55 Simulation 3.13;Blade_NACA_0021_Circ95_Sol0.55 Simulation 3.13;Blade_NACA_0021_Circ95_Sol0.55 Simulation 3.13;Blade_NACA_0021_Circ95_Sol0.55 Simulation 3.13;Blade_NACA_0021_Circ95_Sol0.55 Simulation 3.13;Blade_NACA_0021_Circ95_Sol0.55 Simulation 3.13;Blade_NACA_0021_Circ95_Sol0.55 Simulation 3.13;Blade_NACA_0021_Circ95_Sol0.55 Simulation 3.13;Blade_NACA_0021_Circ95_Sol0.55 Simulation 3.13;Blade_NACA_0021_Circ95_Sol0.55 Simulation 3.13;Blade_NACA_0021_Circ95_Sol0.55 Simulation 3.13;Blade_NACA_0021_Circ95_Sol0.55 Simulation 3.13;Blade_NACA_0021_Circ95_Sol0.55 Simulation 3.13;Blade_NACA_0021_Circ95_Sol0.55 Simulation 3.13;Blade_NACA_0021_Circ95_Sol0.55 Simulation 3.13;Blade_NACA_0021_Circ95_Sol0.55 Simulation 3.13;Blade_NACA_0021_Circ95_Sol0.55 Simulation 3.13;Blade_NACA_0021_Circ95_Sol0.55 Simulation 3.13;Blade_NACA_0021_Circ95_Sol0.55 Simulation 3.13;Blade_NACA_0021_Circ95_Sol0.55 Simulation 3.13;Blade_NACA_0021_Circ95_Sol0.55 Simulation 3.13;Blade_NACA_0021_Circ95_Sol0.55 Simulation 3.13;Blade_NACA_0021_Circ95_Sol0.55 Simulation 3.13;Blade_NACA_0021_Circ95_Sol0.55 Simulation 3.13;Blade_NACA_0021_Circ95_Sol0.55 Simulation 3.13;Blade_NACA_0021_Circ95_Sol0.55 Simulation 3.13;Blade_NACA_0021_Circ95_Sol0.55 Simulation 3.13;Blade_NACA_0021_Circ95_Sol0.55 Simulation 3.13;Blade_NACA_0021_Circ95_Sol0.55 Simulation 3.13;Blade_NACA_0021_Circ95_Sol0.55 Simulation 3.13;Blade_NACA_0021_Circ95_Sol0.55 Simulation 3.13;Blade_NACA_0021_Circ95_Sol0.55 Simulation 3.13;Blade_NACA_0021_Circ95_Sol0.55 Simulation 3.13;Blade_NACA_0021_Circ95_Sol0.55 Simulation 3.13;Blade_NACA_0021_Circ95_Sol0.55 Simulation 3.13;Blade_NACA_0021_Circ95_Sol0.55 Simulation 3.13;Blade_NACA_0021_Circ95_Sol0.55 Simulation 3.13;Blade_NACA_0021_Circ95_Sol0.55 Simulation 3.13;Blade_NACA_0021_Circ95_Sol0.55 Simulation 3.13;Blade_NACA_0021_Circ95_Sol0.55 Simulation 3.13;Blade_NACA_0021_Circ95_Sol0.55 Simulation 3.13;Blade_NACA_0021_Circ95_Sol0.55 Simulation 3.13;Blade_NACA_0021_Circ95_Sol0.55 Simulation 3.13;Blade_NACA_0021_Circ95_Sol0.55 Simulation 3.13;Blade_NACA_0021_Circ95_Sol0.55 Simulation 3.13;Blade_NACA_0021_Circ95_Sol0.55 Simulation 3.13;Blade_NACA_0021_Circ95_Sol0.55 Simulation 3.13;Blade_NACA_0021_Circ95_Sol0.55 Simulation 3.13;Blade_NACA_0021_Circ95_Sol0.55 Simulation 3.13;Blade_NACA_0021_Circ95_Sol0.55 Simulation 3.13;Blade_NACA_0021_Circ95_Sol0.55 Simulation 3.13;Blade_NACA_0021_Circ95_Sol0.55 Simulation 3.13;Blade_NACA_0021_Circ95_Sol0.55 Simulation 3.13;Blade_NACA_0021_Circ95_Sol0.55 Simulation 3.13;Blade_NACA_0021_Circ95_Sol0.55 Simulation 3.13;Blade_NACA_0021_Circ95_Sol0.55 Simulation 3.13;Blade_NACA_0021_Circ95_Sol0.55 Simulation 3.13;Blade_NACA_0021_Circ95_Sol0.55 Simulation 3.13;Blade_NACA_0021_Circ95_Sol0.55 Simulation 3.13;Blade_NACA_0021_Circ95_Sol0.55 Simulation 3.13;Blade_NACA_0021_Circ95_Sol0.55 Simulation 3.13;Blade_NACA_0021_Circ95_Sol0.55 Simulation 3.13;Blade_NACA_0021_Circ95_Sol0.55 Simulation 3.13;Blade_NACA_0021_Circ95_Sol0.55 Simulation 3.13;Blade_NACA_0021_Circ95_Sol0.55 Simulation 3.13;Blade_NACA_0021_Circ95_Sol0.55 Simulation 3.13;Blade_NACA_0021_Circ95_Sol0.55 Simulation 3.13;Blade_NACA_0021_Circ95_Sol0.55 Simulation 3.13;Blade_NACA_0021_Circ95_Sol0.55 Simulation 3.13;Blade_NACA_0021_Circ95_Sol0.55 Simulation 3.13;Blade_NACA_0021_Circ95_Sol0.55 Simulation 3.13;Blade_NACA_0021_Circ95_Sol0.55 Simulation 3.13;Blade_NACA_0021_Circ95_Sol0.55 Simulation 3.13;Blade_NACA_0021_Circ95_Sol0.55 Simulation 3.13;Blade_NACA_0021_Circ95_Sol0.55 Simulation 3.13;Blade_NACA_0021_Circ95_Sol0.55 Simulation 3.13;Blade_NACA_0021_Circ95_Sol0.55 Simulation 3.13;Blade_NACA_0021_Circ95_Sol0.55 Simulation 3.13;Blade_NACA_0021_Circ95_Sol0.55 Simulation 3.13;Blade_NACA_0021_Circ95_Sol0.55 Simulation 3.13;Blade_NACA_0021_Circ95_Sol0.55 Simulation 3.13;Blade_NACA_0021_Circ95_Sol0.55 Simulation 3.13;Blade_NACA_0021_Circ95_Sol0.55 Simulation 3.13;Blade_NACA_0021_Circ95_Sol0.55 Simulation 3.13;Blade_NACA_0021_Circ95_Sol0.55 Simulation 3.13;Blade_NACA_0021_Circ95_Sol0.55 Simulation 3.13;Blade_NACA_0021_Circ95_Sol0.55 Simulation 3.13;Blade_NACA_0021_Circ95_Sol0.55 Simulation 3.13;Blade_NACA_0021_Circ95_Sol0.55 Simulation 3.13;Blade_NACA_0021_Circ95_Sol0.55 Simulation 3.13;Blade_NACA_0021_Circ95_Sol0.55 Simulation 3.13;Blade_NACA_0021_Circ95_Sol0.55 Simulation 3.13;Blade_NACA_0021_Circ95_Sol0.55 Simulation 3.13;Blade_NACA_0021_Circ95_Sol0.55 Simulation 3.13;Blade_NACA_0021_Circ95_Sol0.55 Simulation 3.13;Blade_NACA_0021_Circ95_Sol0.55 Simulation 3.13;Blade_NACA_0021_Circ95_Sol0.55 Simulation 3.13;Blade_NACA_0021_Circ95_Sol0.55 Simulation 3.13;Blade_NACA_0021_Circ95_Sol0.55 Simulation 3.13;Blade_NACA_0021_Circ95_Sol0.55 Simulation 3.13;Blade_NACA_0021_Circ95_Sol0.55 Simulation 3.13;Blade_NACA_0021_Circ95_Sol0.55 Simulation 3.13;Blade_NACA_0021_Circ95_Sol0.55 Simulation 3.13;Blade_NACA_0021_Circ95_Sol0.55 Simulation 3.13;Blade_NACA_0021_Circ95_Sol0.55 Simulation 3.13;Blade_NACA_0021_Circ95_Sol0.55 Simulation 3.13;Blade_NACA_0021_Circ95_Sol0.55 Simulation 3.13;Blade_NACA_0021_Circ95_Sol0.55 Simulation 3.13;Blade_NACA_0021_Circ95_Sol0.55 Simulation 3.13;Blade_NACA_0021_Circ95_Sol0.55 Simulation 3.13;Blade_NACA_0021_Circ95_Sol0.55 Simulation 3.13;Blade_NACA_0021_Circ95_Sol0.55 Simulation 3.13;Blade_NACA_0021_Circ95_Sol0.55 Simulation 3.13;Blade_NACA_0021_Circ95_Sol0.55 Simulation 3.13;Blade_NACA_0021_Circ95_Sol0.55 Simulation 3.13;Blade_NACA_0021_Circ95_Sol0.55 Simulation 3.13;Blade_NACA_0021_Circ95_Sol0.55 Simulation 3.13;Blade_NACA_0021_Circ95_Sol0.55 Simulation 3.13;Blade_NACA_0021_Circ95_Sol0.55 Simulation 3.13;Blade_NACA_0021_Circ95_Sol0.55 Simulation 3.13;Blade_NACA_0021_Circ95_Sol0.55 Simulation 3.13;Blade_NACA_0021_Circ95_Sol0.55 Simulation 3.13;Blade_NACA_0021_Circ95_Sol0.55 Simulation 3.13;Blade_NACA_0021_Circ95_Sol0.55 Simulation 3.13;Blade_NACA_0021_Circ95_Sol0.55 Simulation 3.13;Blade_NACA_0021_Circ95_Sol0.55 Simulation 3.13;Blade_NACA_0021_Circ95_Sol0.55 Simulation 3.13;Blade_NACA_0021_Circ95_Sol0.55 Simulation 3.13;Blade_NACA_0021_Circ95_Sol0.55 Simulation 3.13;Blade_NACA_0021_Circ95_Sol0.55 Simulation 3.13;Blade_NACA_0021_Circ95_Sol0.55 Simulation 3.13;Blade_NACA_0021_Circ95_Sol0.55 Simulation 3.13;Blade_NACA_0021_Circ95_Sol0.55 Simulation 3.13;Blade_NACA_0021_Circ95_Sol0.55 Simulation 3.13;Blade_NACA_0021_Circ95_Sol0.55 Simulation 3.13;Blade_NACA_0021_Circ95_Sol0.55 Simulation 3.13;Blade_NACA_0021_Circ95_Sol0.55 Simulation 3.13;Blade_NACA_0021_Circ95_Sol0.55 Simulation 3.13;Blade_NACA_0021_Circ95_Sol0.55 Simulation 3.13;Blade_NACA_0021_Circ95_Sol0.55 Simulation 3.13;Blade_NACA_0021_Circ95_Sol0.55 Simulation 3.13;Blade_NACA_0021_Circ95_Sol0.55 Simulation 3.13;Blade_NACA_0021_Circ95_Sol0.55 Simulation 3.13;Blade_NACA_0021_Circ95_Sol0.55 Simulation 3.13;Blade_NACA_0021_Circ95_Sol0.55 Simulation 3.13;Blade_NACA_0021_Circ95_Sol0.55 Simulation 3.13;Blade_NACA_0021_Circ95_Sol0.55 Simulation 3.13;Blade_NACA_0021_Circ95_Sol0.55 Simulation 3.13;Blade_NACA_0021_Circ95_Sol0.55 Simulation 3.13;Blade_NACA_0021_Circ95_Sol0.55 Simulation 3.13;Blade_NACA_0021_Circ95_Sol0.55 Simulation 3.13;Blade_NACA_0021_Circ95_Sol0.55 Simulation 3.13;Blade_NACA_0021_Circ95_Sol0.55 Simulation 3.13;Blade_NACA_0021_Circ95_Sol0.55 Simulation 3.13;Blade_NACA_0021_Circ95_Sol0.55 Simulation 3.13;Blade_NACA_0021_Circ95_Sol0.55 Simulation 3.13;Blade_NACA_0021_Circ95_Sol0.55 Simulation 3.13;Blade_NACA_0021_Circ95_Sol0.55 Simulation 3.13;Blade_NACA_0021_Circ95_Sol0.55 Simulation 3.13;Blade_NACA_0021_Circ95_Sol0.55 Simulation 3.13;Blade_NACA_0021_Circ95_Sol0.55 Simulation 3.13;Blade_NACA_0021_Circ95_Sol0.55 Simulation 3.13;Blade_NACA_0021_Circ95_Sol0.55 Simulation 3.13;Blade_NACA_0021_Circ95_Sol0.55 Simulation 3.13;Blade_NACA_0021_Circ95_Sol0.55 Simulation 3.13;Blade_NACA_0021_Circ95_Sol0.55 Simulation 3.13;Blade_NACA_0021_Circ95_Sol0.55 Simulation 3.13;Blade_NACA_0021_Circ95_Sol0.55 Simulation 3.13;Blade_NACA_0021_Circ95_Sol0.55 Simulation 3.13;Blade_NACA_0021_Circ95_Sol0.55 Simulation 3.13;Blade_NACA_0021_Circ95_Sol0.55 Simulation 3.13;Blade_NACA_0021_Circ95_Sol0.55 Simulation 3.13;Blade_NACA_0021_Circ95_Sol0.55 Simulation 3.13;Blade_NACA_0021_Circ95_Sol0.55 Simulation 3.13;Blade_NACA_0021_Circ95_Sol0.55 Simulation 3.13;Blade_NACA_0021_Circ95_Sol0.55 Simulation 3.13;Blade_NACA_0021_Circ95_Sol0.55 Simulation 3.13;Blade_NACA_0021_Circ95_Sol0.55 Simulation 3.13;Blade_NACA_0021_Circ95_Sol0.55 Simulation 3.13;Blade_NACA_0021_Circ95_Sol0.55 Simulation 3.13;Blade_NACA_0021_Circ95_Sol0.55 Simulation 3.13;Blade_NACA_0021_Circ95_Sol0.55 Simulation 3.13;Blade_NACA_0021_Circ95_Sol0.55 Simulation 3.13;Blade_NACA_0021_Circ95_Sol0.55 Simulation 3.13;Blade_NACA_0021_Circ95_Sol0.55 Simulation 3.13;Blade_NACA_0021_Circ95_Sol0.55 Simulation 3.13;Blade_NACA_0021_Circ95_Sol0.55 Simulation 3.13;Blade_NACA_0021_Circ95_Sol0.55 Simulation 3.13;Blade_NACA_0021_Circ95_Sol0.55 Simulation 3.13;Blade_NACA_0021_Circ95_Sol0.55 Simulation 3.13;Blade_NACA_0021_Circ95_Sol0.55 Simulation 3.13;Blade_NACA_0021_Circ95_Sol0.55 Simulation 3.13;Blade_NACA_0021_Circ95_Sol0.55 Simulation 3.13;Blade_NACA_0021_Circ95_Sol0.55 Simulation 3.13;Blade_NACA_0021_Circ95_Sol0.55 Simulation 3.13;Blade_NACA_0021_Circ95_Sol0.55 Simulation 3.13;Blade_NACA_0021_Circ95_Sol0.55 Simulation 3.13;Blade_NACA_0021_Circ95_Sol0.55 Simulation 3.13;Blade_NACA_0021_Circ95_Sol0.55 Simulation 3.13;Blade_NACA_0021_Circ95_Sol0.55 Simulation 3.13;Blade_NACA_0021_Circ95_Sol0.55 Simulation 3.13;Blade_NACA_0021_Circ95_Sol0.55 Simulation 3.13;Blade_NACA_0021_Circ95_Sol0.55 Simulation 3.13;Blade_NACA_0021_Circ95_Sol0.55 Simulation 3.13;Blade_NACA_0021_Circ95_Sol0.55 Simulation 3.13;Blade_NACA_0021_Circ95_Sol0.55 Simulation 3.13;Blade_NACA_0021_Circ95_Sol0.55 Simulation 3.13;Blade_NACA_0021_Circ95_Sol0.55 Simulation 3.13;Blade_NACA_0021_Circ95_Sol0.55 Simulation 3.13;Blade_NACA_0021_Circ95_Sol0.55 Simulation 3.13;Blade_NACA_0021_Circ95_Sol0.55 Simulation 3.13;Blade_NACA_0021_Circ95_Sol0.55 Simulation 3.13;Blade_NACA_0021_Circ95_Sol0.55 Simulation 3.13;Blade_NACA_0021_Circ95_Sol0.55 Simulation 3.13;Blade_NACA_0021_Circ95_Sol0.55 Simulation 3.13;Blade_NACA_0021_Circ95_Sol0.55 Simulation 3.13;Blade_NACA_0021_Circ95_Sol0.55 Simulation 3.13;Blade_NACA_0021_Circ95_Sol0.55 Simulation 3.13;Blade_NACA_0021_Circ95_Sol0.55 Simulation 3.13;Blade_NACA_0021_Circ95_Sol0.55 Simulation 3.13;Blade_NACA_0021_Circ95_Sol0.55 Simulation 3.13;Blade_NACA_0021_Circ95_Sol0.55 Simulation 3.13;Blade_NACA_0021_Circ95_Sol0.55 Simulation 3.13;Blade_NACA_0021_Circ95_Sol0.55 Simulation 3.13;Blade_NACA_0021_Circ95_Sol0.55 Simulation 3.13;Blade_NACA_0021_Circ95_Sol0.55 Simulation 3.13;Blade_NACA_0021_Circ95_Sol0.55 Simulation 3.13;Blade_NACA_0021_Circ95_Sol0.55 Simulation 3.13;Blade_NACA_0021_Circ95_Sol0.55 Simulation 3.13;Blade_NACA_0021_Circ95_Sol0.55 Simulation 3.13;Blade_NACA_0021_Circ95_Sol0.55 Simulation 3.13;Blade_NACA_0021_Circ95_Sol0.55 Simulation 3.13;Blade_NACA_0021_Circ95_Sol0.55 Simulation 3.13;Blade_NACA_0021_Circ95_Sol0.55 Simulation 3.13;Blade_NACA_0021_Circ95_Sol0.55 Simulation 3.13;Blade_NACA_0021_Circ95_Sol0.55 Simulation 3.13;Blade_NACA_0021_Circ95_Sol0.55 Simulation 3.13;Blade_NACA_0021_Circ95_Sol0.55 Simulation 3.13;Blade_NACA_0021_Circ95_Sol0.55 Simulation 3.13;Blade_NACA_0021_Circ95_Sol0.55 Simulation 3.13;Blade_NACA_0021_Circ95_Sol0.55 Simulation 3.13;Blade_NACA_0021_Circ95_Sol0.55 Simulation 3.13;Blade_NACA_0021_Circ95_Sol0.55 Simulation 3.13;Blade_NACA_0021_Circ95_Sol0.55 Simulation 3.13;Blade_NACA_0021_Circ95_Sol0.55 Simulation 3.13;Blade_NACA_0021_Circ95_Sol0.55 Simulation 3.13;Blade_NACA_0021_Circ95_Sol0.55 Simulation 3.13;Blade_NACA_0021_Circ95_Sol0.55 Simulation 3.13;Blade_NACA_0021_Circ95_Sol0.55 Simulation 3.13;Blade_NACA_0021_Circ95_Sol0.55 Simulation 3.13;Blade_NACA_0021_Circ95_Sol0.55 Simulation 3.13;Blade_NACA_0021_Circ95_Sol0.55 Simulation 3.13;Blade_NACA_0021_Circ95_Sol0.55 Simulation 3.13;Blade_NACA_0021_Circ95_Sol0.55 Simulation 3.13;Blade_NACA_0021_Circ95_Sol0.55 Simulation 3.13;Blade_NACA_0021_Circ95_Sol0.55 Simulation 3.13;Blade_NACA_0021_Circ95_Sol0.55 Simulation 3.13;Blade_NACA_0021_Circ95_Sol0.55 Simulation 3.13;Blade_NACA_0021_Circ95_Sol0.55 Simulation 3.13;Blade_NACA_0021_Circ95_Sol0.55 Simulation 3.13;Blade_NACA_0021_Circ95_Sol0.55 Simulation 3.13;Blade_NACA_0021_Circ95_Sol0.55 Simulation 3.13;Blade_NACA_0021_Circ95_Sol0.55 Simulation 3.13;Blade_NACA_0021_Circ95_Sol0.55 Simulation 3.13;Blade_NACA_0021_Circ95_Sol0.55 Simulation 3.13;Blade_NACA_0021_Circ95_Sol0.55 Simulation 3.13;Blade_NACA_0021_Circ95_Sol0.55 Simulation 3.13;Blade_NACA_0021_Circ95_Sol0.55 Simulation 3.13;Blade_NACA_0021_Circ95_Sol0.55 Simulation 3.13;Blade_NACA_0021_Circ95_Sol0.55 Simulation 3.13;Blade_NACA_0021_Circ95_Sol0.55 Simulation 3.13;Blade_NACA_0021_Circ95_Sol0.55 Simulation 3.13;Blade_NACA_0021_Circ95_Sol0.55 Simulation 3.13;Blade_NACA_0021_Circ95_Sol0.55 Simulation 3.13;Blade_NACA_0021_Circ95_Sol0.55 Simulation 3.13;Blade_NACA_0021_Circ95_Sol0.55 Simulation 3.13;Blade_NACA_0021_Circ95_Sol0.55 Simulation 3.13;Blade_NACA_0021_Circ95_Sol0.55 Simulation 3.13;Blade_NACA_0021_Circ95_Sol0.55 Simulation 3.13;Blade_NACA_0021_Circ95_Sol0.55 Simulation 3.13;Blade_NACA_0021_Circ95_Sol0.55 Simulation 3.13;Blade_NACA_0021_Circ95_Sol0.55 Simulation 3.13;Blade_NACA_0021_Circ95_Sol0.55 Simulation 3.13;Blade_NACA_0021_Circ95_Sol0.55 Simulation 3.13;Blade_NACA_0021_Circ95_Sol0.55 Simulation 3.13;Blade_NACA_0021_Circ95_Sol0.55 Simulation 3.13;Blade_NACA_0021_Circ95_Sol0.55 Simulation 3.13;Blade_NACA_0021_Circ95_Sol0.55 Simulation 3.13;Blade_NACA_0021_Circ95_Sol0.55 Simulation 3.13;Blade_NACA_0021_Circ95_Sol0.55 Simulation 3.13;Blade_NACA_0021_Circ95_Sol0.55 Simulation 3.13;Blade_NACA_0021_Circ95_Sol0.55 Simulation 3.13;Blade_NACA_0021_Circ95_Sol0.55 Simulation 3.13;Blade_NACA_0021_Circ95_Sol0.55 Simulation 3.13;Blade_NACA_0021_Circ95_Sol0.55 Simulation 3.13;Blade_NACA_0021_Circ95_Sol0.55 Simulation 3.13;Blade_NACA_0021_Circ95_Sol0.55 Simulation 3.13;Blade_NACA_0021_Circ95_Sol0.55 Simulation 3.13;Blade_NACA_0021_Circ95_Sol0.55 Simulation 3.13;Blade_NACA_0021_Circ95_Sol0.55 Simulation 3.13;Blade_NACA_0021_Circ95_Sol0.55 Simulation 3.13;Blade_NACA_0021_Circ95_Sol0.55 Simulation 3.13;Blade_NACA_0021_Circ95_Sol0.55 Simulation 3.13;Blade_NACA_0021_Circ95_Sol0.55 Simulation 3.13;Blade_NACA_0021_Circ95_Sol0.55 Simulation 3.13;Blade_NACA_0021_Circ95_Sol0.55 Simulation 3.13;Blade_NACA_0021_Circ95_Sol0.55 Simulation 3.13;Blade_NACA_0021_Circ95_Sol0.55 Simulation 3.13;Blade_NACA_0021_Circ95_Sol0.55 Simulation 3.13;Blade_NACA_0021_Circ95_Sol0.55 Simulation 3.13;Blade_NACA_0021_Circ95_Sol0.55 Simulation 3.13;Blade_NACA_0021_Circ95_Sol0.55 Simulation 3.13;Blade_NACA_0021_Circ95_Sol0.55 Simulation 3.13;Blade_NACA_0021_Circ95_Sol0.55 Simulation 3.13;Blade_NACA_0021_Circ95_Sol0.55 Simulation 3.13;Blade_NACA_0021_Circ95_Sol0.55 Simulation 3.13;Blade_NACA_0021_Circ95_Sol0.55 Simulation 3.13;Blade_NACA_0021_Circ95_Sol0.55 Simulation 3.13;Blade_NACA_0021_Circ95_Sol0.55 Simulation 3.13;Blade_NACA_0021_Circ95_Sol0.55 Simulation 3.13;Blade_NACA_0021_Circ95_Sol0.55 Simulation 3.13;Blade_NACA_0021_Circ95_Sol0.55 Simulation 3.13;Blade_NACA_0021_Circ95_Sol0.55 Simulation 3.13;Blade_NACA_0021_Circ95_Sol0.55 Simulation 3.13;Blade_NACA_0021_Circ95_Sol0.55 Simulation 3.13;Blade_NACA_0021_Circ95_Sol0.55 Simulation 3.13;Blade_NACA_0021_Circ95_Sol0.55 Simulation 3.13;Blade_NACA_0021_Circ95_Sol0.55 Simulation 3.13;Blade_NACA_0021_Circ95_Sol0.55 Simulation 3.13;Blade_NACA_0021_Circ95_Sol0.55 Simulation 3.13;Blade_NACA_0021_Circ95_Sol0.55 Simulation 3.13;Blade_NACA_0021_Circ95_Sol0.55 Simulation 3.13;Blade_NACA_0021_Circ95_Sol0.55 Simulation 3.13;Blade_NACA_0021_Circ95_Sol0.55 Simulation 3.13;Blade_NACA_0021_Circ95_Sol0.55 Simulation 3.13;Blade_NACA_0021_Circ95_Sol0.55 Simulation 3.13;Blade_NACA_0021_Circ95_Sol0.55 Simulation 3.13;Blade_NACA_0021_Circ95_Sol0.55 Simulation 3.13;Blade_NACA_0021_Circ95_Sol0.55 Simulation 3.13;Blade_NACA_0021_Circ95_Sol0.55 Simulation 3.13;Blade_NACA_0021_Circ95_Sol0.55 Simulation 3.13;Blade_NACA_0021_Circ95_Sol0.55 Simulation 3.13;Blade_NACA_0021_Circ95_Sol0.55 Simulation 3.13;Blade_NACA_0021_Circ95_Sol0.55 Simulation 3.13;Blade_NACA_0021_Circ95_Sol0.55 Simulation 3.13;Blade_NACA_0021_Circ95_Sol0.55 Simulation 3.13;Blade_NACA_0021_Circ95_Sol0.55 Simulation 3.13;Blade_NACA_0021_Circ95_Sol0.55 Simulation 3.13;Blade_NACA_0021_Circ95_Sol0.55 Simulation 3.13;Blade_NACA_0021_Circ95_Sol0.55 Simulation 3.13;Blade_NACA_0021_Circ95_Sol0.55 Simulation 3.13;Blade_NACA_0021_Circ95_Sol0.55 Simulation 3.13;Blade_NACA_0021_Circ95_Sol0.55 Simulation 3.13;Blade_NACA_0021_Circ95_Sol0.55 Simulation 3.13;Blade_NACA_0021_Circ95_Sol0.55 Simulation 3.13;Blade_NACA_0021_Circ95_Sol0.55 Simulation 3.13;Blade_NACA_0021_Circ95_Sol0.55 Simulation 3.13;Blade_NACA_0021_Circ95_Sol0.55 Simulation 3.13;Blade_NACA_0021_Circ95_Sol0.55 Simulation 3.13;Blade_NACA_0021_Circ95_Sol0.55 Simulation 3.13;Blade_NACA_0021_Circ95_Sol0.55 Simulation 3.13;Blade_NACA_0021_Circ95_Sol0.55 Simulation 3.13;Blade_NACA_0021_Circ95_Sol0.55 Simulation 3.13;Blade_NACA_0021_Circ95_Sol0.55 Simulation 3.13;Blade_NACA_0021_Circ95_Sol0.55 Simulation 3.13;Blade_NACA_0021_Circ95_Sol0.55 Simulation 3.13;Blade_NACA_0021_Circ95_Sol0.55 Simulation 3.13;Blade_NACA_0021_Circ95_Sol0.55 Simulation 3.13;Blade_NACA_0021_Circ95_Sol0.55 Simulation 3.13;Blade_NACA_0021_Circ95_Sol0.55 Simulation 3.13;Blade_NACA_0021_Circ95_Sol0.55 Simulation 3.13;Blade_NACA_0021_Circ95_Sol0.55 Simulation 3.13;Blade_NACA_0021_Circ95_Sol0.55 Simulation 3.13;Blade_NACA_0021_Circ95_Sol0.55 Simulation 3.13;Blade_NACA_0021_Circ95_Sol0.55 Simulation 3.13;Blade_NACA_0021_Circ95_Sol0.55 Simulation 3.13;Blade_NACA_0021_Circ95_Sol0.55 Simulation 3.13;Blade_NACA_0021_Circ95_Sol0.55 Simulation 3.13;Blade_NACA_0021_Circ95_Sol0.55 Simulation 3.13;Blade_NACA_0021_Circ95_Sol0.55 Simulation 3.13;Blade_NACA_0021_Circ95_Sol0.55 Simulation 3.13;Blade_NACA_0021_Circ95_Sol0.55 Simulation 3.13;Blade_NACA_0021_Circ95_Sol0.55 Simulation 3.13;Blade_NACA_0021_Circ95_Sol0.55 Simulation 3.13;Blade_NACA_0021_Circ95_Sol0.55 Simulation 3.13;Blade_NACA_0021_Circ95_Sol0.55 Simulation 3.13;Blade_NACA_0021_Circ95_Sol0.55 Simulation 3.13;Blade_NACA_0021_Circ95_Sol0.55 Simulation 3.13;Blade_NACA_0021_Circ95_Sol0.55 Simulation 3.13;Blade_NACA_0021_Circ95_Sol0.55 Simulation 3.13;Blade_NACA_0021_Circ95_Sol0.55 Simulation 3.13;Blade_NACA_0021_Circ95_Sol0.55 Simulation 3.13;Blade_NACA_0021_Circ95_Sol0.55 Simulation 3.13;Blade_NACA_0021_Circ95_Sol0.55 Simulation 3.13;Blade_NACA_0021_Circ95_Sol0.55 Simulation 3.13;Blade_NACA_0021_Circ95_Sol0.55 Simulation 3.13;Blade_NACA_0021_Circ95_Sol0.55 Simulation 3.13;Blade_NACA_0021_Circ95_Sol0.55 Simulation 3.13;Blade_NACA_0021_Circ95_Sol0.55 Simulation 3.13;Blade_NACA_0021_Circ95_Sol0.55 Simulation 3.13;Blade_NACA_0021_Circ95_Sol0.55 Simulation 3.13;Blade_NACA_0021_Circ95_Sol0.55 Simulation 3.13;Blade_NACA_0021_Circ95_Sol0.55 Simulation 3.13;Blade_NACA_0021_Circ95_Sol0.55 Simulation 3.13;Blade_NACA_0021_Circ95_Sol0.55 Simulation 3.13;Blade_NACA_0021_Circ95_Sol0.55 Simulation 3.13;Blade_NACA_0021_Circ95_Sol0.55 Simulation 3.13;Blade_NACA_0021_Circ95_Sol0.55 Simulation 3.13;Blade_NACA_0021_Circ95_Sol0.55 Simulation 3.13;Blade_NACA_0021_Circ95_Sol0.55 Simulation 3.13;Blade_NACA_0021_Circ95_Sol0.55 Simulation 3.13;Blade_NACA_0021_Circ95_Sol0.55 Simulation 3.13;Blade_NACA_0021_Circ95_Sol0.55 Simulation 3.13;Blade_NACA_0021_Circ95_Sol0.55 Simulation 3.13;Blade_NACA_0021_Circ95_Sol0.55 Simulation 3.13;Blade_NACA_0021_Circ95_Sol0.55 Simulation 3.13;Blade_NACA_0021_Circ95_Sol0.55 Simulation 3.13;Blade_NACA_0021_Circ95_Sol0.55 Simulation 3.13;Blade_NACA_0021_Circ95_Sol0.55 Simulation 3.13;Blade_NACA_0021_Circ95_Sol0.55 Simulation 3.13;Blade_NACA_0021_Circ95_Sol0.55 Simulation 3.13;Blade_NACA_0021_Circ95_Sol0.55 Simulation 3.13;Blade_NACA_0021_Circ95_Sol0.55 Simulation 3.13;Blade_NACA_0021_Circ95_Sol0.55 Simulation 3.13;Blade_NACA_0021_Circ95_Sol0.55 Simulation 3.13;Blade_NACA_0021_Circ95_Sol0.55 Simulation 3.13;Blade_NACA_0021_Circ95_Sol0.55 Simulation 3.13;Blade_NACA_0021_Circ95_Sol0.55 Simulation 3.13;Blade_NACA_0021_Circ95_Sol0.55 Simulation 3.13;Blade_NACA_0021_Circ95_Sol0.55 Simulation 3.13;Blade_NACA_0021_Circ95_Sol0.55 Simulation 3.13;Blade_NACA_0021_Circ95_Sol0.55 Simulation 3.13;Blade_NACA_0021_Circ95_Sol0.55 Simulation 3.13;Blade_NACA_0021_Circ95_Sol0.55 Simulation 3.13;Blade_NACA_0021_Circ95_Sol0.55 Simulation 3.13;Blade_NACA_0021_Circ95_Sol0.55 Simulation 3.13;Blade_NACA_0021_Circ95_Sol0.55 Simulation 3.13;Blade_NACA_0021_Circ95_Sol0.55 Simulation 3.13;Blade_NACA_0021_Circ95_Sol0.55 Simulation 3.13;Blade_NACA_0021_Circ95_Sol0.55 Simulation 3.13;Blade_NACA_0021_Circ95_Sol0.55 Simulation 3.13;Blade_NACA_0021_Circ95_Sol0.55 Simulation 3.13;Blade_NACA_0021_Circ95_Sol0.55 Simulation 3.13;Blade_NACA_0021_Circ95_Sol0.55 Simulation 3.13;Blade_NACA_0021_Circ95_Sol0.55 Simulation 3.13;Blade_NACA_0021_Circ95_Sol0.55 Simulation 3.13;Blade_NACA_0021_Circ95_Sol0.55 Simulation 3.13;Blade_NACA_0021_Circ95_Sol0.55 Simulation 3.13;Blade_NACA_0021_Circ95_Sol0.55 Simulation 3.13;Blade_NACA_0021_Circ95_Sol0.55 Simulation 3.13;Blade_NACA_0021_Circ95_Sol0.55 Simulation 3.13;Blade_NACA_0021_Circ95_Sol0.55 Simulation 3.13;Blade_NACA_0021_Circ95_Sol0.55 Simulation 3.13;Blade_NACA_0021_Circ95_Sol0.55 Simulation 3.13;Blade_NACA_0021_Circ95_Sol0.55 Simulation 3.13;Blade_NACA_0021_Circ95_Sol0.55 Simulation 3.13;Blade_NACA_0021_Circ95_Sol0.55 Simulation 3.13;Blade_NACA_0021_Circ95_Sol0.55 Simulation 3.13;Blade_NACA_0021_Circ95_Sol0.55 Simulation 3.13;Blade_NACA_0021_Circ95_Sol0.55 Simulation 3.13;Blade_NACA_0021_Circ95_Sol0.55 Simulation 3.13;Blade_NACA_0021_Circ95_Sol0.55 Simulation 3.13;Blade_NACA_0021_Circ95_Sol0.55 Simulation 3.13;Blade_NACA_0021_Circ95_Sol0.55 Simulation 3.13;Blade_NACA_0021_Circ95_Sol0.55 Simulation 3.13;Blade_NACA_0021_Circ95_Sol0.55 Simulation 3.13;Blade_NACA_0021_Circ95_Sol0.55 Simulation 3.13;Blade_NACA_0021_Circ95_Sol0.55 Simulation 3.13;Blade_NACA_0021_Circ95_Sol0.55 Simulation 3.13;Blade_NACA_0021_Circ95_Sol0.55 Simulation 3.13;Blade_NACA_0021_Circ95_Sol0.55 Simulation 3.13;Blade_NACA_0021_Circ95_Sol0.55 Simulation 3.13;Blade_NACA_0021_Circ95_Sol0.55 Simulation 3.13;Blade_NACA_0021_Circ95_Sol0.55 Simulation 3.13;Blade_NACA_0021_Circ95_Sol0.55 Simulation 3.13;Blade_NACA_0021_Circ95_Sol0.55 Simulation 3.13;Blade_NACA_0021_Circ95_Sol0.55 Simulation 3.13;Blade_NACA_0021_Circ95_Sol0.55 Simulation 3.13;Blade_NACA_0021_Circ95_Sol0.55 Simulation 3.13;Blade_NACA_0021_Circ95_Sol0.55 Simulation 3.13;Blade_NACA_0021_Circ95_Sol0.55 Simulation 3.13;Blade_NACA_0021_Circ95_Sol0.55 Simulation 3.13;Blade_NACA_0021_Circ95_Sol0.55 Simulation 3.13;Blade_NACA_0021_Circ95_Sol0.55 Simulation 3.13;Blade_NACA_0021_Circ95_Sol0.55 Simulation 3.13;Blade_NACA_0021_Circ95_Sol0.55 Simulation 3.13;Blade_NACA_0021_Circ95_Sol0.55 Simulation 3.13;Blade_NACA_0021_Circ95_Sol0.55 Simulation 3.13;Blade_NACA_0021_Circ95_Sol0.55 Simulation 3.13;Blade_NACA_0021_Circ95_Sol0.55 Simulation 3.13;Blade_NACA_0021_Circ95_Sol0.55 Simulation 3.13;Blade_NACA_0021_Circ95_Sol0.55 Simulation 3.13;Blade_NACA_0021_Circ95_Sol0.55 Simulation 3.13;Blade_NACA_0021_Circ95_Sol0.55 Simulation 3.13;Blade_NACA_0021_Circ95_Sol0.55 Simulation 3.13;Blade_NACA_0021_Circ95_Sol0.55 Simulation 3.13;Blade_NACA_0021_Circ95_Sol0.55 Simulation 3.13;Blade_NACA_0021_Circ95_Sol0.55 Simulation 3.13;Blade_NACA_0021_Circ95_Sol0.55 Simulation 3.13;Blade_NACA_0021_Circ95_Sol0.55 Simulation 3.13;Blade_NACA_0021_Circ95_Sol0.55 Simulation 3.13;Blade_NACA_0021_Circ95_Sol0.55 Simulation 3.13;Blade_NACA_0021_Circ95_Sol0.55 Simulation 3.13;Blade_NACA_0021_Circ95_Sol0.55 Simulation 3.13;Blade_NACA_0021_Circ95_Sol0.55 Simulation 3.13;Blade_NACA_0021_Circ95_Sol0.55 Simulation 3.13;Blade_NACA_0021_Circ95_Sol0.55 Simulation 3.13;Blade_NACA_0021_Circ95_Sol0.55 Simulation 3.13;Blade_NACA_0021_Circ95_Sol0.55 Simulation 3.13;Blade_NACA_0021_Circ95_Sol0.55 Simulation 3.13;Blade_NACA_0021_Circ95_Sol0.55 Simulation 3.13;Blade_NACA_0021_Circ95_Sol0.55 Simulation 3.13;Blade_NACA_0021_Circ95_Sol0.55 Simulation 3.13;Blade_NACA_0021_Circ95_Sol0.55 Simulation 3.13;Blade_NACA_0021_Circ95_Sol0.55 Simulation 3.13;Blade_NACA_0021_Circ95_Sol0.55 Simulation 3.13;Blade_NACA_0021_Circ95_Sol0.55 Simulation 3.13;Blade_NACA_0021_Circ95_Sol0.55 Simulation 3.13;Blade_NACA_0021_Circ95_Sol0.55 Simulation 3.13;Blade_NACA_0021_Circ95_Sol0.55 Simulation 3.13;Blade_NACA_0021_Circ95_Sol0.55 Simulation 3.13;Blade_NACA_0021_Circ95_Sol0.55 Simulation 3.13;Blade_NACA_0021_Circ95_Sol0.55 Simulation 3.13;Blade_NACA_0021_Circ95_Sol0.55 Simulation 3.13;Blade_NACA_0021_Circ95_Sol0.55 Simulation 3.13;Blade_NACA_0021_Circ95_Sol0.55 Simulation 3.13;Blade_NACA_0021_Circ95_Sol0.55 Simulation 3.13;Blade_NACA_0021_Circ95_Sol0.55 Simulation 3.13;Blade_NACA_0021_Circ95_Sol0.55 Simulation 3.13;Blade_NACA_0021_Circ95_Sol0.55 Simulation 3.13;Blade_NACA_0021_Circ95_Sol0.55 Simulation 3.13;Blade_NACA_0021_Circ95_Sol0.55 Simulation 3.13;Blade_NACA_0021_Circ95_Sol0.55 Simulation 3.13;Blade_NACA_0021_Circ95_Sol0.55 Simulation 3.13;Blade_NACA_0021_Circ95_Sol0.55 Simulation 3.13;Blade_NACA_0021_Circ95_Sol0.55 Simulation 3.13;Blade_NACA_0021_Circ95_Sol0.55 Simulation 3.13;Blade_NACA_0021_Circ95_Sol0.55 Simulation 3.13;Blade_NACA_0021_Circ95_Sol0.55 Simulation 3.13;Blade_NACA_0021_Circ95_Sol0.55 Simulation 3.13;Blade_NACA_0021_Circ95_Sol0.55 Simulation 3.13;Blade_NACA_0021_Circ95_Sol0.55 Simulation 3.13;Blade_NACA_0021_Circ95_Sol0.55 Simulation 3.13;Blade_NACA_0021_Circ95_Sol0.55 Simulation 3.13;Blade_NACA_0021_Circ95_Sol0.55 Simulation 3.13;Blade_NACA_0021_Circ95_Sol0.55 Simulation 3.13;Blade_NACA_0021_Circ95_Sol0.55 Simulation 3.13;Blade_NACA_0021_Circ95_Sol0.55 Simulation 3.13;Blade_NACA_0021_Circ95_Sol0.55 Simulation 3.13;Blade_NACA_0021_Circ95_Sol0.55 Simulation 3.13;Blade_NACA_0021_Circ95_Sol0.55 Simulation 3.13;Blade_NACA_0021_Circ95_Sol0.55 Simulation 3.13;Blade_NACA_0021_Circ95_Sol0.55 Simulation 3.13;Blade_NACA_0021_Circ95_Sol0.55 Simulation 3.13;Blade_NACA_0021_Circ95_Sol0.55 Simulation 3.13;Blade_NACA_0021_Circ95_Sol0.55 Simulation 3.13;Blade_NACA_0021_Circ95_Sol0.55 Simulation 3.13;Blade_NACA_0021_Circ95_Sol0.55 Simulation 3.13;Blade_NACA_0021_Circ95_Sol0.55 Simulation 3.13;Blade_NACA_0021_Circ95_Sol0.55 Simulation 3.13;Blade_NACA_0021_Circ95_Sol0.55 Simulation 3.13;Blade_NACA_0021_Circ95_Sol0.55 Simulation 3.13;Blade_NACA_0021_Circ95_Sol0.55 Simulation 3.13;Blade_NACA_0021_Circ95_Sol0.55 Simulation 3.13;Blade_NACA_0021_Circ95_Sol0.55 Simulation 3.13;Blade_NACA_0021_Circ95_Sol0.55 Simulation 3.13;Blade_NACA_0021_Circ95_Sol0.55 Simulation 3.13;Blade_NACA_0021_Circ95_Sol0.55 Simulation 3.13;Blade_NACA_0021_Circ95_Sol0.55 Simulation 3.13;Blade_NACA_0021_Circ95_Sol0.55 Simulation 3.13;Blade_NACA_0021_Circ95_Sol0.55 Simulation 3.13;Blade_NACA_0021_Circ95_Sol0.55 Simulation 3.13;Blade_NACA_0021_Circ95_Sol0.55 Simulation 3.13;Blade_NACA_0021_Circ95_Sol0.55 Simulation 3.13;Blade_NACA_0021_Circ95_Sol0.55 Simulation 3.13;Blade_NACA_0021_Circ95_Sol0.55 Simulation 3.13;Blade_NACA_0021_Circ95_Sol0.55 Simulation 3.13;Blade_NACA_0021_Circ95_Sol0.55 Simulation 3.13;Blade_NACA_0021_Circ95_Sol0.55 Simulation 3.13;Blade_NACA_0021_Circ95_Sol0.55 Simulation 3.13;Blade_NACA_0021_Circ95_Sol0.55 Simulation 3.13;Blade_NACA_0021_Circ95_Sol0.55 Simulation 3.13;Blade_NACA_0021_Circ95_Sol0.55 Simulation 3.13;Blade_NACA_0021_Circ95_Sol0.55 Simulation 3.13;Blade_NACA_0021_Circ95_Sol0.55 Simulation 3.13;Blade_NACA_0021_Circ95_Sol0.55 Simulation 3.13;Blade_NACA_0021_Circ95_Sol0.55 Simulation 3.13;Blade_NACA_0021_Circ95_Sol0.55 Simulation 3.13;Blade_NACA_0021_Circ95_Sol0.55 Simulation 3.13;Blade_NACA_0021_Circ95_Sol0.55 Simulation 3.13;Blade_NACA_0021_Circ95_Sol0.55 Simulation 3.13;Blade_NACA_0021_Circ95_Sol0.55 Simulation 3.13;Blade_NACA_0021_Circ95_Sol0.55 Simulation 3.13;Blade_NACA_0021_Circ95_Sol0.55 Simulation 3.13;Blade_NACA_0021_Circ95_Sol0.55 Simulation 3.13;Blade_NACA_0021_Circ95_Sol0.55 Simulation 3.13;Blade_NACA_0021_Circ95_Sol0.55 Simulation 3.13;Blade_NACA_0021_Circ95_Sol0.55 Simulation 3.13;Blade_NACA_0021_Circ95_Sol0.55 Simulation 3.13;Blade_NACA_0021_Circ95_Sol0.55 Simulation 3.13;Blade_NACA_0021_Circ95_Sol0.55 Simulation 3.13;Blade_NACA_0021_Circ95_Sol0.55 Simulation 3.13;Blade_NACA_0021_Circ95_Sol0.55 Simulation 3.13;Blade_NACA_0021_Circ95_Sol0.55 Simulation 3.13;Blade_NACA_0021_Circ95_Sol0.55 Simulation 3.13;Blade_NACA_0021_Circ95_Sol0.55 Simulation 3.13;Blade_NACA_0021_Circ95_Sol0.55 Simulation 3.13;Blade_NACA_0021_Circ95_Sol0.55 Simulation 3.13;Blade_NACA_0021_Circ95_Sol0.55 Simulation 3.13;Blade_NACA_0021_Circ95_Sol0.55 Simulation 3.13;Blade_NACA_0021_Circ95_Sol0.55 Simulation 3.13;Blade_NACA_0021_Circ95_Sol0.55 Simulation 3.13;Blade_NACA_0021_Circ95_Sol0.55 Simulation 3.13;Blade_NACA_0021_Circ95_Sol0.55 Simulation 3.13;Blade_NACA_0021_Circ95_Sol0.55 Simulation 3.13;Blade_NACA_0021_Circ95_Sol0.55 Simulation 3.13;Blade_NACA_0021_Circ95_Sol0.55 Simulation 3.13;Blade_NACA_0021_Circ95_Sol0.55 Simulation 3.13;Blade_NACA_0021_Circ95_Sol0.55 Simulation 3.13;Blade_NACA_0021_Circ95_Sol0.55 Simulation 3.13;Blade_NACA_0021_Circ95_Sol0.55 Simulation 3.13;Blade_NACA_0021_Circ95_Sol0.55 Simulation 3.13;Blade_NACA_0021_Circ95_Sol0.55 Simulation 3.13;Blade_NACA_0021_Circ95_Sol0.55 Simulation 3.13;Blade_NACA_0021_Circ95_Sol0.55 Simulation 3.13;Blade_NACA_0021_Circ95_Sol0.55 Simulation 3.13;Blade_NACA_0021_Circ95_Sol0.55 Simulation 3.13;Blade_NACA_0021_Circ95_Sol0.55 Simulation 3.13;Blade_NACA_0021_Circ95_Sol0.55 Simulation 3.13;Blade_NACA_0021_Circ95_Sol0.55 Simulation 3.13;Blade_NACA_0021_Circ95_Sol0.55 Simulation 3.13;Blade_NACA_0021_Circ95_Sol0.55 Simulation 3.13;Blade_NACA_0021_Circ95_Sol0.55 Simulation 3.13;Blade_NACA_0021_Circ95_Sol0.55 Simulation 3.13;Blade_NACA_0021_Circ95_Sol0.55 Simulation 3.13;Blade_NACA_0021_Circ95_Sol0.55 Simulation 3.13;Blade_NACA_0021_Circ95_Sol0.55 Simulation 3.13;Blade_NACA_0021_Circ95_Sol0.55 Simulation 3.13;Blade_NACA_0021_Circ95_Sol0.55 Simulation 3.13;Blade_NACA_0021_Circ95_Sol0.55 Simulation 3.13;Blade_NACA_0021_Circ95_Sol0.55 Simulation 3.13;Blade_NACA_0021_Circ95_Sol0.55 Simulation 3.13;Blade_NACA_0021_Circ95_Sol0.55 Simulation 3.13;Blade_NACA_0021_Circ95_Sol0.55 Simulation 3.13;Blade_NACA_0021_Circ95_Sol0.55 Simulation 3.13;Blade_NACA_0021_Circ95_Sol0.55 Simulation 3.13;Blade_NACA_0021_Circ95_Sol0.55 Simulation 3.13;Blade_NACA_0021_Circ95_Sol0.55 Simulation 3.13;Blade_NACA_0021_Circ95_Sol0.55 Simulation 3.13;Blade_NACA_0021_Circ95_Sol0.55 Simulation 3.13;Blade_NACA_0021_Circ95_Sol0.55 Simulation 3.13;Blade_NACA_0021_Circ95_Sol0.55 Simulation 3.13;Blade_NACA_0021_Circ95_Sol0.55 Simulation 3.13;Blade_NACA_0021_Circ95_Sol0.55 Simulation 3.13;Blade_NACA_0021_Circ95_Sol0.55 Simulation 3.13;Blade_NACA_0021_Circ95_Sol0.55 Simulation 3.13;Blade_NACA_0021_Circ95_Sol0.55 Simulation 3.13;Blade_NACA_0021_Circ95_Sol0.55 Simulation 3.13;Blade_NACA_0021_Circ95_Sol0.55 Simulation 3.13;Blade_NACA_0021_Circ95_Sol0.55 Simulation 3.13;Blade_NACA_0021_Circ95_Sol0.55 Simulation 3.13;Blade_NACA_0021_Circ95_Sol0.55 Simulation 3.13;Blade_NACA_0021_Circ95_Sol0.55 Simulation 3.13;Blade_NACA_0021_Circ95_Sol0.55 Simulation 3.13;Blade_NACA_0021_Circ95_Sol0.55 Simulation 3.13;Blade_NACA_0021_Circ95_Sol0.55 Simulation 3.13;Blade_NACA_0021_Circ95_Sol0.55 Simulation 3.13;Blade_NACA_0021_Circ95_Sol0.55 Simulation 3.13;Blade_NACA_0021_Circ95_Sol0.55 Simulation 3.13;Blade_NACA_0021_Circ95_Sol0.55 Simulation 3.13;Blade_NACA_0021_Circ95_Sol0.55 Simulation 3.13;Blade_NACA_0021_Circ95_Sol0.55 Simulation 3.13;Blade_NACA_0021_Circ95_Sol0.55 Simulation 3.13;Blade_NACA_0021_Circ95_Sol0.55 Simulation 3.13;Blade_NACA_0021_Circ95_Sol0.55 Simulation 3.13;Blade_NACA_0021_Circ95_Sol0.55 Simulation 3.13;Blade_NACA_0021_Circ95_Sol0.55 Simulation 3.13;Blade_NACA_0021_Circ95_Sol0.55 Simulation 3.13;Blade_NACA_0021_Circ95_Sol0.55 Simulation 3.13;Blade_NACA_0021_Circ95_Sol0.55 Simulation 3.13;Blade_NACA_0021_Circ95_Sol0.55 Simulation 3.13;Blade_NACA_0021_Circ95_Sol0.55 Simulation 3.13;Blade_NACA_0021_Circ95_Sol0.55 Simulation 3.13;Blade_NACA_0021_Circ95_Sol0.55 Simulation 3.13;Blade_NACA_0021_Circ95_Sol0.55 Simulation 3.13;Blade_NACA_0021_Circ95_Sol0.55 Simulation 3.13;Blade_NACA_0021_Circ95_Sol0.55 Simulation 3.13;Blade_NACA_0021_Circ95_Sol0.55 Simulation 3.13;Blade_NACA_0021_Circ95_Sol0.55 Simulation 3.13;Blade_NACA_0021_Circ95_Sol0.55 Simulation 3.13;Blade_NACA_0021_Circ95_Sol0.55 Simulation 3.13;Blade_NACA_0021_Circ95_Sol0.55 Simulation 3.13;Blade_NACA_0021_Circ95_Sol0.55 Simulation 3.13;Blade_NACA_0021_Circ95_Sol0.55 Simulation 3.13;Blade_NACA_0021_Circ95_Sol0.55 Simulation 3.13;Blade_NACA_0021_Circ95_Sol0.55 Simulation 3.13;Blade_NACA_0021_Circ95_Sol0.55 Simulation 3.13;Blade_NACA_0021_Circ95_Sol0.55 Simulation 3.13;Blade_NACA_0021_Circ95_Sol0.55 Simulation 3.13;Blade_NACA_0021_Circ95_Sol0.55 Simulation 3.13;Blade_NACA_0021_Circ95_Sol0.55 Simulation 3.13;Blade_NACA_0021_Circ95_Sol0.55 Simulation 3.13;Blade_NACA_0021_Circ95_Sol0.55 Simulation 3.13;Blade_NACA_0021_Circ95_Sol0.55 Simulation 3.13;Blade_NACA_0021_Circ95_Sol0.55 Simulation 3.13;Blade_NACA_0021_Circ95_Sol0.55 Simulation 3.13;Blade_NACA_0021_Circ95_Sol0.55 Simulation 3.13;Blade_NACA_0021_Circ95_Sol0.55 Simulation 3.13;Blade_NACA_0021_Circ95_Sol0.55 Simulation 3.13;Blade_NACA_0021_Circ95_Sol0.55 Simulation 3.13;Blade_NACA_0021_Circ95_Sol0.55 Simulation 3.13;Blade_NACA_0021_Circ95_Sol0.55 Simulation 3.13;Blade_NACA_0021_Circ95_Sol0.55 Simulation 3.13;Blade_NACA_0021_Circ95_Sol0.55 Simulation 3.13;Blade_NACA_0021_Circ95_Sol0.55 Simulation 3.13;Blade_NACA_0021_Circ95_Sol0.55 Simulation 3.13;Blade_NACA_0021_Circ95_Sol0.55 Simulation 3.13;Blade_NACA_0021_Circ95_Sol0.55 Simulation 3.13;Blade_NACA_0021_Circ95_Sol0.55 Simulation 3.13;Blade_NACA_0021_Circ95_Sol0.55 Simulation 3.13;Blade_NACA_0021_Circ95_Sol0.55 Simulation 3.13;Blade_NACA_0021_Circ95_Sol0.55 Simulation 3.13;Blade_NACA_0021_Circ95_Sol0.55 Simulation 3.13;Blade_NACA_0021_Circ95_Sol0.55 Simulation 3.13;Blade_NACA_0021_Circ95_Sol0.55 Simulation 3.13;Blade_NACA_0021_Circ95_Sol0.55 Simulation 3.13;Blade_NACA_0021_Circ95_Sol0.55 Simulation 3.13;Blade_NACA_0021_Circ95_Sol0.55 Simulation 3.13;Blade_NACA_0021_Circ95_Sol0.55 Simulation 3.13;Blade_NACA_0021_Circ95_Sol0.55 Simulation 3.13;Blade_NACA_0021_Circ95_Sol0.55 Simulation 3.13;Blade_NACA_0021_Circ95_Sol0.55 Simulation 3.13;Blade_NACA_0021_Circ95_Sol0.55 Simulation 3.13;Blade_NACA_0021_Circ95_Sol0.55 Simulation 3.13;Blade_NACA_0021_Circ95_Sol0.55 Simulation 3.13;Blade_NACA_0021_Circ95_Sol0.55 Simulation 3.13;Blade_NACA_0021_Circ95_Sol0.55 Simulation 3.13;Blade_NACA_0021_Circ95_Sol0.55 Simulation 3.13;Blade_NACA_0021_Circ95_Sol0.55 Simulation 3.13;Blade_NACA_0021_Circ95_Sol0.55 Simulation 3.13;Blade_NACA_0021_Circ95_Sol0.55 Simulation 3.13;Blade_NACA_0021_Circ95_Sol0.55 Simulation 3.13;Blade_NACA_0021_Circ95_Sol0.55 Simulation 3.13;Blade_NACA_0021_Circ95_Sol0.55 Simulation 3.13;Blade_NACA_0021_Circ95_Sol0.55 Simulation 3.13;Blade_NACA_0021_Circ95_Sol0.55 Simulation 3.13;Blade_NACA_0021_Circ95_Sol0.55 Simulation 3.13;Blade_NACA_0021_Circ95_Sol0.55 Simulation 3.13;Blade_NACA_0021_Circ95_Sol0.55 Simulation 3.13;Blade_NACA_0021_Circ95_Sol0.55 Simulation 3.13;Blade_NACA_0021_Circ95_Sol0.55 Simulation 3.13;Blade_NACA_0021_Circ95_Sol0.55 Simulation 3.13;Blade_NACA_0021_Circ95_Sol0.55 Simulation 3.13;Blade_NACA_0021_Circ95_Sol0.55 Simulation 3.13;Blade_NACA_0021_Circ95_Sol0.55 Simulation 3.13;Blade_NACA_0021_Circ95_Sol0.55 Simulation 3.13;Blade_NACA_0021_Circ95_Sol0.55 Simulation 3.13;Blade_NACA_0021_Circ95_Sol0.55 Simulation 3.13;Blade_NACA_0021_Circ95_Sol0.55 Simulation 3.13;Blade_NACA_0021_Circ95_Sol0.55 Simulation 3.13;Blade_NACA_0021_Circ95_Sol0.55 Simulation 3.13;Blade_NACA_0021_Circ95_Sol0.55 Simulation 3.13;Blade_NACA_0021_Circ95_Sol0.55 Simulation 3.13;Blade_NACA_0021_Circ95_Sol0.55 Simulation 3.13;Blade_NACA_0021_Circ95_Sol0.55 Simulation 3.13;Blade_NACA_0021_Circ95_Sol0.55 Simulation 3.13;Blade_NACA_0021_Circ95_Sol0.55 Simulation 3.13;Blade_NACA_0021_Circ95_Sol0.55 Simulation 3.13;Blade_NACA_0021_Circ95_Sol0.55 Simulation 3.13;Blade_NACA_0021_Circ95_Sol0.55 Simulation 3.13;Blade_NACA_0021_Circ95_Sol0.55 Simulation 3.13;Blade_NACA_0021_Circ95_Sol0.55 Simulation 3.13;Blade_NACA_0021_Circ95_Sol0.55 Simulation 3.13;Blade_NACA_0021_Circ95_Sol0.55 Simulation 3.13;Blade_NACA_0021_Circ95_Sol0.55 Simulation 3.13;Blade_NACA_0021_Circ95_Sol0.55 Simulation 3.13;Blade_NACA_0021_Circ95_Sol0.55 Simulation 3.13;Blade_NACA_0021_Circ95_Sol0.55 Simulation 3.13;Blade_NACA_0021_Circ95_Sol0.55 Simulation 3.13;Blade_NACA_0021_Circ95_Sol0.55 Simulation 3.13;Blade_NACA_0021_Circ95_Sol0.55 Simulation 3.13;Blade_NACA_0021_Circ95_Sol0.55 Simulation 3.13;Blade_NACA_0021_Circ95_Sol0.55 Simulation 3.13;Blade_NACA_0021_Circ95_Sol0.55 Simulation 3.13;Blade_NACA_0021_Circ95_Sol0.55 Simulation 3.13;Blade_NACA_0021_Circ95_Sol0.55 Simulation 3.13;Blade_NACA_0021_Circ95_Sol0.55 Simulation 3.13;Blade_NACA_0021_Circ95_Sol0.55 Simulation 3.13;Blade_NACA_0021_Circ95_Sol0.55 Simulation 3.13;Blade_NACA_0021_Circ95_Sol0.55 Simulation 3.13;Blade_NACA_0021_Circ95_Sol0.55 Simulation 3.13;Blade_NACA_0021_Circ95_Sol0.55 Simulation 3.13;Blade_NACA_0021_Circ95_Sol0.55 Simulation 3.13;Blade_NACA_0021_Circ95_Sol0.55 Simulation 3.13;Blade_NACA_0021_Circ95_Sol0.55 Simulation 3.13;Blade_NACA_0021_Circ95_Sol0.55 Simulation 3.13;Blade_NACA_0021_Circ95_Sol0.55 Simulation 3.13;Blade_NACA_0021_Circ95_Sol0.55 Simulation 3.13;Blade_NACA_0021_Circ95_Sol0.55 Simulation 3.13;Blade_NACA_0021_Circ95_Sol0.55 Simulation 3.13;Blade_NACA_0021_Circ95_Sol0.55 Simulation 3.13;Blade_NACA_0021_Circ95_Sol0.55 Simulation 3.13;Blade_NACA_0021_Circ95_Sol0.55 Simulation 3.13;Blade_NACA_0021_Circ95_Sol0.55 Simulation 3.13;Blade_NACA_0021_Circ95_Sol0.55 Simulation 3.13;Blade_NACA_0021_Circ95_Sol0.55 Simulation 3.13;Blade_NACA_0021_Circ95_Sol0.55 Simulation 3.13;Blade_NACA_0021_Circ95_Sol0.55 Simulation 3.13;Blade_NACA_0021_Circ95_Sol0.55 Simulation 3.13;Blade_NACA_0021_Circ95_Sol0.55 Simulation 3.13;Blade_NACA_0021_Circ95_Sol0.55 Simulation 3.13;Blade_NACA_0021_Circ95_Sol0.55 Simulation 3.13;Blade_NACA_0021_Circ95_Sol0.55 Simulation 3.13;Blade_NACA_0021_Circ95_Sol0.55 Simulation 3.13;Blade_NACA_0021_Circ95_Sol0.55 Simulation 3.13;Blade_NACA_0021_Circ95_Sol0.55 Simulation 3.13;Blade_NACA_0021_Circ95_Sol0.55 Simulation 3.13;Blade_NACA_0021_Circ95_Sol0.55 Simulation 3.13;Blade_NACA_0021_Circ95_Sol0.55 Simulation 3.13;Blade_NACA_0021_Circ95_Sol0.55 Simulation 3.13;Blade_NACA_0021_Circ95_Sol0.55 Simulation 3.13;Blade_NACA_0021_Circ95_Sol0.55 Simulation 3.13;Blade_NACA_0021_Circ95_Sol0.55 Simulation 3.13;Blade_NACA_0021_Circ95_Sol0.55 Simulation 3.13;Blade_NACA_0021_Circ95_Sol0.55 Simulation 3.13;Blade_NACA_0021_Circ95_Sol0.55 Simulation 3.13;Blade_NACA_0021_Circ95_Sol0.55 Simulation 3.13;Blade_NACA_0021_Circ95_Sol0.55 Simulation 3.13;Blade_NACA_0021_Circ95_Sol0.55 Simulation 3.13;Blade_NACA_0021_Circ95_Sol0.55 Simulation 3.13;Blade_NACA_0021_Circ95_Sol0.55 Simulation 3.13;Blade_NACA_0021_Circ95_Sol0.55 Simulation 3.13;Blade_NACA_0021_Circ95_Sol0.55 Simulation 3.13;Blade_NACA_0021_Circ95_Sol0.55 Simulation 3.13;Blade_NACA_0021_Circ95_Sol0.55 Simulation 3.13;Blade_NACA_0021_Circ95_Sol0.55 Simulation 3.13;Blade_NACA_0021_Circ95_Sol0.55 Simulation 3.13;Blade_NACA_0021_Circ95_Sol0.55 Simulation 3.13;Blade_NACA_0021_Circ95_Sol0.55 Simulation 3.13;Blade_NACA_0021_Circ95_Sol0.55 Simulation 3.13;Blade_NACA_0021_Circ95_Sol0.55 Simulation 3.13;Blade_NACA_0021_Circ95_Sol0.55 Simulation 3.13;Blade_NACA_0021_Circ95_Sol0.55 Simulation 3.13;Blade_NACA_0021_Circ95_Sol0.55 Simulation 3.13;Blade_NACA_0021_Circ95_Sol0.55 Simulation 3.13;Blade_NACA_0021_Circ95_Sol0.55 Simulation 3.13;Blade_NACA_0021_Circ95_Sol0.55 Simulation 3.13;Blade_NACA_0021_Circ95_Sol0.55 Simulation 3.13;Blade_NACA_0021_Circ95_Sol0.55 Simulation 3.13;Blade_NACA_0021_Circ95_Sol0.55 Simulation 3.13;Blade_NACA_0021_Circ95_Sol0.55 Simulation 3.13;Blade_NACA_0021_Circ95_Sol0.55 Simulation 3.13;Blade_NACA_0021_Circ95_Sol0.55 Simulation 3.13;Blade_NACA_0021_Circ95_Sol0.55 Simulation 3.13;Blade_NACA_0021_Circ95_Sol0.55 Simulation 3.13;Blade_NACA_0021_Circ95_Sol0.55 Simulation 3.13;Blade_NACA_0021_Circ95_Sol0.55 Simulation 3.13;Blade_NACA_0021_Circ95_Sol0.55 Simulation 3.13;Blade_NACA_0021_Circ95_Sol0.55 Simulation 3.13;Blade_NACA_0021_Circ95_Sol0.55 Simulation 3.13;Blade_NACA_0021_Circ95_Sol0.55 Simulation 3.13;Blade_NACA_0021_Circ95_Sol0.55 Simulation 3.13;Blade_NACA_0021_Circ95_Sol0.55 Simulation 3.13;Blade_NACA_0021_Circ95_Sol0.55 Simulation 3.13;Blade_NACA_0021_Circ95_Sol0.55 Simulation 3.13;Blade_NACA_0021_Circ95_Sol0.55 Simulation 3.13;Blade_NACA_0021_Circ95_Sol0.55 Simulation 3.13;Blade_NACA_0021_Circ95_Sol0.55 Simulation 3.13;Blade_NACA_0021_Circ95_Sol0.55 Simulation 3.13;Blade_NACA_0021_Circ95_Sol0.55 Simulation 3.13;Blade_NACA_0021_Circ95_Sol0.55 Simulation 3.13;Blade_NACA_0021_Circ95_Sol0.55 Simulation 3.13;Blade_NACA_0021_Circ95_Sol0.55 Simulation 3.13;Blade_NACA_0021_Circ95_Sol0.55 Simulation 3.13;Blade_NACA_0021_Circ95_Sol0.55 Simulation 3.13;Blade_NACA_0021_Circ95_Sol0.55 Simulation 3.13;Blade_NACA_0021_Circ95_Sol0.55 Simulation 3.13;Blade_NACA_0021_Circ95_Sol0.55 Simulation 3.13;Blade_NACA_0021_Circ95_Sol0.55 Simulation 3.13;Blade_NACA_0021_Circ95_Sol0.55 Simulation 3.13;Blade_NACA_0021_Circ95_Sol0.55 Simulation 3.13;Blade_NACA_0021_Circ95_Sol0.55 Simulation 3.13;Blade_NACA_0021_Circ95_Sol0.55 Simulation 3.13;Blade_NACA_0021_Circ95_Sol0.55 Simulation 3.13;Blade_NACA_0021_Circ95_Sol0.55 Simulation 3.13;Blade_NACA_0021_Circ95_Sol0.55 Simulation 3.13;Blade_NACA_0021_Circ95_Sol0.55 Simulation 3.13;Blade_NACA_0021_Circ95_Sol0.55 Simulation 3.13;Blade_NACA_0021_Circ95_Sol0.55 Simulation 3.13;Blade_NACA_0021_Circ95_Sol0.55 Simulation 3.13;Blade_NACA_0021_Circ95_Sol0.55 Simulation 3.13;Blade_NACA_0021_Circ95_Sol0.55 Simulation 3.13;Blade_NACA_0021_Circ95_Sol0.55 Simulation 3.13;Blade_NACA_0021_Circ95_Sol0.55 Simulation 3.13;Blade_NACA_0021_Circ95_Sol0.55 Simulation 3.13;Blade_NACA_0021_Circ95_Sol0.55 Simulation 3.13;Blade_NACA_0021_Circ95_Sol0.55 Simulation 3.13;Blade_NACA_0021_Circ95_Sol0.55 Simulation 3.13;Blade_NACA_0021_Circ95_Sol0.55 Simulation 3.13;Blade_NACA_0021_Circ95_Sol0.55 Simulation 3.13;Blade_NACA_0021_Circ95_Sol0.55 Simulation 3.13;Blade_NACA_0021_Circ95_Sol0.55 Simulation 3.13;Blade_NACA_0021_Circ95_Sol0.55 Simulation 3.13;Blade_NACA_0021_Circ95_Sol0.55 Simulation 3.13;Blade_NACA_0021_Circ95_Sol0.55 Simulation 3.13;Blade_NACA_0021_Circ95_Sol0.55 Simulation 3.13;Blade_NACA_0021_Circ95_Sol0.55 Simulation 3.13;Blade_NACA_0021_Circ95_Sol0.55 Simulation 3.13;Blade_NACA_0021_Circ95_Sol0.55 Simulation 3.13;Blade_NACA_0021_Circ95_Sol0.55 Simulation 3.13;Blade_NACA_0021_Circ95_Sol0.55 Simulation 3.13;Blade_NACA_0021_Circ95_Sol0.55 Simulation 3.13;Blade_NACA_0021_Circ95_Sol0.55 Simulation 3.13;Blade_NACA_0021_Circ95_Sol0.55 Simulation 3.13;Blade_NACA_0021_Circ95_Sol0.55 Simulation 3.13;Blade_NACA_0021_Circ95_Sol0.55 Simulation 3.13;Blade_NACA_0021_Circ95_Sol0.55 Simulation 3.13;Blade_NACA_0021_Circ95_Sol0.55 Simulation 3.13;Blade_NACA_0021_Circ95_Sol0.55 Simulation 3.13;Blade_NACA_0021_Circ95_Sol0.55 Simulation 3.13;Blade_NACA_0021_Circ95_Sol0.55 Simulation 3.13;Blade_NACA_0021_Circ95_Sol0.55 Simulation 3.13;Blade_NACA_0021_Circ95_Sol0.55 Simulation 3.13;Blade_NACA_0021_Circ95_Sol0.55 Simulation 3.13;Blade_NACA_0021_Circ95_Sol0.55 Simulation 3.13;Blade_NACA_0021_Circ95_Sol0.55 Simulation 3.13;Blade_NACA_0021_Circ95_Sol0.55 Simulation 3.13;Blade_NACA_0021_Circ95_Sol0.55 Simulation 3.13;Blade_NACA_0021_Circ95_Sol0.55 Simulation 3.13;Blade_NACA_0021_Circ95_Sol0.55 Simulation 3.13;Blade_NACA_0021_Circ95_Sol0.55 Simulation 3.13;Blade_NACA_0021_Circ95_Sol0.55 Simulation 3.13;Blade_NACA_0021_Circ95_Sol0.55 Simulation 3.13;Blade_NACA_0021_Circ95_Sol0.55 Simulation 3.13;Blade_NACA_0021_Circ95_Sol0.55 Simulation 3.13;Blade_NACA_0021_Circ95_Sol0.55 Simulation 3.13;Blade_NACA_0021_Circ95_Sol0.55 Simulation 3.13;Blade_NACA_0021_Circ95_Sol0.55 Simulation 3.13;Blade_NACA_0021_Circ95_Sol0.55 Simulation 3.13;Blade_NACA_0021_Circ95_Sol0.55 Simulation 3.13;Blade_NACA_0021_Circ95_Sol0.55 Simulation 3.13;Blade_NACA_0021_Circ95_Sol0.55 Simulation 3.13;Blade_NACA_0021_Circ95_Sol0.55 Simulation 3.13;Blade_NACA_0021_Circ95_Sol0.55 Simulation 3.13;Blade_NACA_0021_Circ95_Sol0.55 Simulation 3.13;Blade_NACA_0021_Circ95_Sol0.55 Simulation 3.13;Blade_NACA_0021_Circ95_Sol0.55 Simulation 3.13;Blade_NACA_0021_Circ95_Sol0.55 Simulation 3.13;Blade_NACA_0021_Circ95_Sol0.55 Simulation 3.13;Blade_NACA_0021_Circ95_Sol0.55 Simulation 3.13;Blade_NACA_0021_Circ95_Sol0.55 Simulation 3.13;Blade_NACA_0021_Circ95_Sol0.55 Simulation 3.13;Blade_NACA_0021_Circ95_Sol0.55 Simulation 3.13;Blade_NACA_0021_Circ95_Sol0.55 Simulation 3.13;Blade_NACA_0021_Circ95_Sol0.55 Simulation 3.13;Blade_NACA_0021_Circ95_Sol0.55 Simulation 3.13;Blade_NACA_0021_Circ95_Sol0.55 Simulation 3.13;Blade_NACA_0021_Circ95_Sol0.55 Simulation 3.13;Blade_NACA_0021_Circ95_Sol0.55 Simulation 3.13;Blade_NACA_0021_Circ95_Sol0.55 Simulation 3.13;Blade_NACA_0021_Circ95_Sol0.55 Simulation 3.13;Blade_NACA_0021_Circ95_Sol0.55 Simulation 3.13;Blade_NACA_0021_Circ95_Sol0.55 Simulation 3.13;Blade_NACA_0021_Circ95_Sol0.55 Simulation 3.13;Blade_NACA_0021_Circ95_Sol0.55 Simulation 3.13;Blade_NACA_0021_Circ95_Sol0.55 Simulation 3.13;Blade_NACA_0021_Circ95_Sol0.55 Simulation 3.13;Blade_NACA_0021_Circ95_Sol0.55 Simulation 3.13;Blade_NACA_0021_Circ95_Sol0.55 Simulation 3.13;Blade_NACA_0021_Circ95_Sol0.55 Simulation 3.13;Blade_NACA_0021_Circ95_Sol0.55 Simulation 3.13;Blade_NACA_0021_Circ95_Sol0.55 Simulation 3.13;Blade_NACA_0021_Circ95_Sol0.55 Simulation 3.13;Blade_NACA_0021_Circ95_Sol0.55 Simulation 3.13;Blade_NACA_0021_Circ95_Sol0.55 Simulation 3.13;Blade_NACA_0021_Circ95_Sol0.55 Simulation 3.13;Blade_NACA_0021_Circ95_Sol0.55 Simulation 3.13;Blade_NACA_0021_Circ95_Sol0.55 Simulation 3.13;Blade_NACA_0021_Circ95_Sol0.55 Simulation 3.13;Blade_NACA_0021_Circ95_Sol0.55 Simulation 3.13;Blade_NACA_0021_Circ95_Sol0.55 Simulation 3.13;Blade_NACA_0021_Circ95_Sol0.55 Simulation 3.13;Blade_NACA_0021_Circ95_Sol0.55 Simulation 3.13;Blade_NACA_0021_Circ95_Sol0.55 Simulation 3.13;Blade_NACA_0021_Circ95_Sol0.55 Simulation 3.13;Blade_NACA_0021_Circ95_Sol0.55 Simulation 3.13;Blade_NACA_0021_Circ95_Sol0.55 Simulation 3.13;Blade_NACA_0021_Circ95_Sol0.55 Simulation 3.13;Blade_NACA_0021_Circ95_Sol0.55 Simulation 3.13;Blade_NACA_0021_Circ95_Sol0.55 Simulation 3.13;Blade_NACA_0021_Circ95_Sol0.55 Simulation 3.13;Blade_NACA_0021_Circ95_Sol0.55 Simulation 3.13;Blade_NACA_0021_Circ95_Sol0.55 Simulation 3.13;Blade_NACA_0021_Circ95_Sol0.55 Simulation 3.13;Blade_NACA_0021_Circ95_Sol0.55 Simulation 3.13;Blade_NACA_0021_Circ95_Sol0.55 Simulation 3.13;Blade_NACA_0021_Circ95_Sol0.55 Simulation 3.13;Blade_NACA_0021_Circ95_Sol0.55 Simulation 3.13;Blade_NACA_0021_Circ95_Sol0.55 Simulation 3.13;Blade_NACA_0021_Circ95_Sol0.55 Simulation 3.13;Blade_NACA_0021_Circ95_Sol0.55 Simulation 3.13;Blade_NACA_0021_Circ95_Sol0.55 Simulation 3.13;Blade_NACA_0021_Circ95_Sol0.55 Simulation 3.13;Blade_NACA_0021_Circ95_Sol0.55 Simulation 3.13;Blade_NACA_0021_Circ95_Sol0.55 Simulation 3.13;Blade_NACA_0021_Circ95_Sol0.55 Simulation 3.13;Blade_NACA_0021_Circ95_Sol0.55 Simulation 3.13;Blade_NACA_0021_Circ95_Sol0.55 Simulation 3.13;Blade_NACA_0021_Circ95_Sol0.55 Simulation 3.13;Blade_NACA_0021_Circ95_Sol0.55 Simulation 3.13;Blade_NACA_0021_Circ95_Sol0.55 Simulation 3.13;Blade_NACA_0021_Circ95_Sol0.55 Simulation 3.13;Blade_NACA_0021_Circ95_Sol0.55 Simulation 3.13;Blade_NACA_0021_Circ95_Sol0.55 Simulation 3.13;Blade_NACA_0021_Circ95_Sol0.55 Simulation 3.13;Blade_NACA_0021_Circ95_Sol0.55 Simulation 3.13;Blade_NACA_0021_Circ95_Sol0.55 Simulation 3.13;Blade_NACA_0021_Circ95_Sol0.55 Simulation 3.13;Blade_NACA_0021_Circ95_Sol0.55 Simulation 3.13;Blade_NACA_0021_Circ95_Sol0.55 Simulation 3.13;Blade_NACA_0021_Circ95_Sol0.55 Simulation 3.13;Blade_NACA_0021_Circ95_Sol0.55 Simulation 3.13;Blade_NACA_0021_Circ95_Sol0.55 Simulation 3.13;Blade_NACA_0021_Circ95_Sol0.55 Simulation 3.13;Blade_NACA_0021_Circ95_Sol0.55 Simulation 3.13;Blade_NACA_0021_Circ95_Sol0.55 Simulation 3.13;Blade_NACA_0021_Circ95_Sol0.55 Simulation 3.13;Blade_NACA_0021_Circ95_Sol0.55 Simulation 3.13;Blade_NACA_0021_Circ95_Sol0.55 Simulation 3.13;Blade_NACA_0021_Circ95_Sol0.55 Simulation 3.13;Blade_NACA_0021_Circ95_Sol0.55 Simulation 3.13;Blade_NACA_0021_Circ95_Sol0.55 Simulation 3.13;Blade_NACA_0021_Circ95_Sol0.55 Simulation 3.13;Blade_NACA_0021_Circ95_Sol0.55 Simulation 3.13;Blade_NACA_0021_Circ95_Sol0.55 Simulation 3.13;Blade_NACA_0021_Circ95_Sol0.55 Simulation 3.13;Blade_NACA_0021_Circ95_Sol0.55 Simulation 3.13;Blade_NACA_0021_Circ95_Sol0.55 Simulation 3.13;Blade_NACA_0021_Circ95_Sol0.55 Simulation 3.13;Blade_NACA_0021_Circ95_Sol0.55 Simulation 3.13;Blade_NACA_0021_Circ95_Sol0.55 Simulation 3.13;Blade_NACA_0021_Circ95_Sol0.55 Simulation 3.13;Blade_NACA_0021_Circ95_Sol0.55 Simulation 3.13;Blade_NACA_0021_Circ95_Sol0.55 Simulation 3.13;Blade_NACA_0021_Circ95_Sol0.55 Simulation 3.13;Blade_NACA_0021_Circ95_Sol0.55 Simulation 3.13;Blade_NACA_0021_Circ95_Sol0.55 Simulation 3.13;Blade_NACA_0021_Circ95_Sol0.55 Simulation 3.13;Blade_NACA_0021_Circ95_Sol0.55 Simulation 3.13;Blade_NACA_0021_Circ95_Sol0.55 Simulation 3.13;Blade_NACA_0021_Circ95_Sol0.55 Simulation 3.13;Blade_NACA_0021_Circ95_Sol0.55 Simulation 3.13;Blade_NACA_0021_Circ95_Sol0.55 Simulation 3.13;Blade_NACA_0021_Circ95_Sol0.55 Simulation 3.13;Blade_NACA_0021_Circ95_Sol0.55 Simulation 3.13;Blade_NACA_0021_Circ95_Sol0.55 Simulation 3.13;Blade_NACA_0021_Circ95_Sol0.55 Simulation 3.13;Blade_NACA_0021_Circ95_Sol0.55 Simulation 3.13;Blade_NACA_0021_Circ95_Sol0.55 Simulation 3.13;Blade_NACA_0021_Circ95_Sol0.55 Simulation 3.13;Blade_NACA_0021_Circ95_Sol0.55 Simulation 3.13;Blade_NACA_0021_Circ95_Sol0.55 Simulation 3.13;Blade_NACA_0021_Circ95_Sol0.55 Simulation 3.13;Blade_NACA_0021_Circ95_Sol0.55 Simulation 3.13;Blade_NACA_0021_Circ95_Sol0.55 Simulation 3.13;Blade_NACA_0021_Circ95_Sol0.55 Simulation 3.13;Blade_NACA_0021_Circ95_Sol0.55 Simulation 3.13;Blade_NACA_0021_Circ95_Sol0.55 Simulation 3.13;Blade_NACA_0021_Circ95_Sol0.55 Simulation 3.13;Blade_NACA_0021_Circ95_Sol0.55 Simulation 3.13;Blade_NACA_0021_Circ95_Sol0.55 Simulation 3.13;Blade_NACA_0021_Circ95_Sol0.55 Simulation 3.13;Blade_NACA_0021_Circ95_Sol0.55 Simulation 3.13;Blade_NACA_0021_Circ95_Sol0.55 Simulation 3.13;Blade_NACA_0021_Circ95_Sol0.55 Simulation 3.13;Blade_NACA_0021_Circ95_Sol0.55 Simulation 3.13;Blade_NACA_0021_Circ95_Sol0.55 Simulation 3.13;Blade_NACA_0021_Circ95_Sol0.55 Simulation 3.13;Blade_NACA_0021_Circ95_Sol0.55 Simulation 3.13;Blade_NACA_0021_Circ95_Sol0.55 Simulation 3.13;Blade_NACA_0021_Circ95_Sol0.55 Simulation 3.13;Blade_NACA_0021_Circ95_Sol0.55 Simulation 3.13;Blade_NACA_0021_Circ95_Sol0.55 Simulation 3.13;Blade_NACA_0021_Circ95_Sol0.55 Simulation 3.13;Blade_NACA_0021_Circ95_Sol0.55 Simulation 3.13;Blade_NACA_0021_Circ95_Sol0.55 Simulation 3.13;Blade_NACA_0021_Circ95_Sol0.55 Simulation 3.13;Blade_NACA_0021_Circ95_Sol0.55 Simulation 3.13;Blade_NACA_0021_Circ95_Sol0.55 Simulation 3.13;Blade_NACA_0021_Circ95_Sol0.55 Simulation 3.13;Blade_NACA_0021_Circ95_Sol0.55 Simulation 3.13;Blade_NACA_0021_Circ95_Sol0.55 Simulation 3.13;Blade_NACA_0021_Circ95_Sol0.55 Simulation 3.13;Blade_NACA_0021_Circ95_Sol0.55 Simulation 3.13;Blade_NACA_0021_Circ95_Sol0.55 Simulation 3.13;Blade_NACA_0021_Circ95_Sol0.55 Simulation 3.13;Blade_NACA_0021_Circ95_Sol0.55 Simulation 3.13;Blade_NACA_0021_Circ95_Sol0.55 Simulation 3.13;Blade_NACA_0021_Circ95_Sol0.55 Simulation 3.13;Blade_NACA_0021_Circ95_Sol0.55 Simulation 3.13;Blade_NACA_0021_Circ95_Sol0.55 Simulation 3.13;Blade_NACA_0021_Circ95_Sol0.55 Simulation 3.13;Blade_NACA_0021_Circ95_Sol0.55 Simulation 3.13;Blade_NACA_0021_Circ95_Sol0.55 Simulation 3.13;Blade_NACA_0021_Circ95_Sol0.55 Simulation 3.13;Blade_NACA_0021_Circ95_Sol0.55 Simulation 3.13;Blade_NACA_0021_Circ95_Sol0.55 Simulation 3.13;Blade_NACA_0021_Circ95_Sol0.55 Simulation 3.13;Blade_NACA_0021_Circ95_Sol0.55 Simulation 3.13;Blade_NACA_0021_Circ95_Sol0.55 Simulation 3.13;Blade_NACA_0021_Circ95_Sol0.55 Simulation 3.13;Blade_NACA_0021_Circ95_Sol0.55 Simulation 3.13;Blade_NACA_0021_Circ95_Sol0.55 Simulation 3.13;Blade_NACA_0021_Circ95_Sol0.55 Simulation 3.13;Blade_NACA_0021_Circ95_Sol0.55 Simulation 3.13;Blade_NACA_0021_Circ95_Sol0.55 Simulation 3.13;Blade_NACA_0021_Circ95_Sol0.55 Simulation 3.13;Blade_NACA_0021_Circ95_Sol0.55 Simulation 3.13;Blade_NACA_0021_Circ95_Sol0.55 Simulation 3.13;Blade_NACA_0021_Circ95_Sol0.55 Simulation 3.13;Blade_NACA_0021_Circ95_Sol0.55 Simulation 3.13;Blade_NACA_0021_Circ95_Sol0.55 Simulation 3.13;Blade_NACA_0021_Circ95_Sol0.55 Simulation 3.13;Blade_NACA_0021_Circ95_Sol0.55 Simulation 3.13;Blade_NACA_0021_Circ95_Sol0.55 Simulation 3.13;Blade_NACA_0021_Circ95_Sol0.55 Simulation 3.13;Blade_NACA_0021_Circ95_Sol0.55 Simulation 3.13;Blade_NACA_0021_Circ95_Sol0.55 Simulation 3.13;Blade_NACA_0021_Circ95_Sol0.55 Simulation 3.13;Blade_NACA_0021_Circ95_Sol0.55 Simulation 3.13;Blade_NACA_0021_Circ95_Sol0.55 Simulation 3.13;Blade_NACA_0021_Circ95_Sol0.55 Simulation 3.13;Blade_NACA_0021_Circ95_Sol0.55 Simulation 3.13;Blade_NACA_0021_Circ95_Sol0.55 Simulation 3.13;Blade_NACA_0021_Circ95_Sol0.55 Simulation 3.13;Blade_NACA_0021_Circ95_Sol0.55 Simulation 3.13;Blade_NACA_0021_Circ95_Sol0.55 Simulation 3.13;Blade_NACA_0021_Circ95_Sol0.55 Simulation 3.13;Blade_NACA_0021_Circ95_Sol0.55 Simulation 3.13;Blade_NACA_0021_Circ95_Sol0.55 Simulation 3.13;Blade_NACA_0021_Circ95_Sol0.55 Simulation 3.13;Blade_NACA_0021_Circ95_Sol0.55 Simulation 3.13;Blade_NACA_0021_Circ95_Sol0.55 Simulation 3.13;Blade_NACA_0021_Circ95_Sol0.55 Simulation 3.13;Blade_NACA_0021_Circ95_Sol0.55 Simulation 3.13;Blade_NACA_0021_Circ95_Sol0.55 Simulation 3.13;Blade_NACA_0021_Circ95_Sol0.55 Simulation 3.13;Blade_NACA_0021_Circ95_Sol0.55 Simulation 3.13;Blade_NACA_0021_Circ95_Sol0.55 Simulation 3.13;Blade_NACA_0021_Circ95_Sol0.55 Simulation 3.13;Blade_NACA_0021_Circ95_Sol0.55 Simulation 3.13;Blade_NACA_0021_Circ95_Sol0.55 Simulation 3.13;Blade_NACA_0021_Circ95_Sol0.55 Simulation 3.13;Blade_NACA_0021_Circ95_Sol0.55 Simulation 3.13;Blade_NACA_0021_Circ95_Sol0.55 Simulation 3.13;Blade_NACA_0021_Circ95_Sol0.55 Simulation 3.13;Blade_NACA_0021_Circ95_Sol0.55 Simulation 3.13;Blade_NACA_0021_Circ95_Sol0.55 Simulation 3.13;Blade_NACA_0021_Circ95_Sol0.55 Simulation 3.13;Blade_NACA_0021_Circ95_Sol0.55 Simulation 3.13;Blade_NACA_0021_Circ95_Sol0.55 Simulation 3.13;Blade_NACA_0021_Circ95_Sol0.55 Simulation 3.13;Blade_NACA_0021_Circ95_Sol0.55 Simulation 3.13;Blade_NACA_0021_Circ95_Sol0.55 Simulation 3.13;Blade_NACA_0021_Circ95_Sol0.55 Simulation 3.13;Blade_NACA_0021_Circ95_Sol0.55 Simulation 3.13;Blade_NACA_0021_Circ95_Sol0.55 Simulation 3.13;Blade_NACA_0021_Circ95_Sol0.55 Simulation 3.13;Blade_NACA_0021_Circ95_Sol0.55 Simulation 3.13;Blade_NACA_0021_Circ95_Sol0.55 Simulation 3.13;Blade_NACA_0021_Circ95_Sol0.55 Simulation 3.13;Blade_NACA_0021_Circ95_Sol0.55 Simulation 3.13;Blade_NACA_0021_Circ95_Sol0.55 Simulation 3.13;Blade_NACA_0021_Circ95_Sol0.55 Simulation 3.13;Blade_NACA_0021_Circ95_Sol0.55 Simulation 3.13;Blade_NACA_0021_Circ95_Sol0.55 Simulation 3.13;Blade_NACA_0021_Circ95_Sol0.55 Simulation 3.13;Blade_NACA_0021_Circ95_Sol0.55 Simulation 3.13;Blade_NACA_0021_Circ95_Sol0.55 Simulation 3.13;Blade_NACA_0021_Circ95_Sol0.55 Simulation 3.13;Blade_NACA_0021_Circ95_Sol0.55 Simulation 3.13;Blade_NACA_0021_Circ95_Sol0.55 Simulation 3.13;Blade_NACA_0021_Circ95_Sol0.55 Simulation 3.13;Blade_NACA_0021_Circ95_Sol0.55 Simulation 3.13;Blade_NACA_0021_Circ95_Sol0.55 Simulation 3.13;Blade_NACA_0021_Circ95_Sol0.55 Simulation 3.13;Blade_NACA_0021_Circ95_Sol0.55 Simulation 3.13;Blade_NACA_0021_Circ95_Sol0.55 Simulation 3.13;Blade_NACA_0021_Circ95_Sol0.55 Simulation 3.13;Blade_NACA_0021_Circ95_Sol0.55 Simulation 3.13;Blade_NACA_0021_Circ95_Sol0.55 Simulation 3.13;Blade_NACA_0021_Circ95_Sol0.55 Simulation 3.13;Blade_NACA_0021_Circ95_Sol0.55 Simulation 3.13;Blade_NACA_0021_Circ95_Sol0.55 Simulation 3.13;Blade_NACA_0021_Circ95_Sol0.55 Simulation 3.13;Blade_NACA_0021_Circ95_Sol0.55 Simulation 3.13;Blade_NACA_0021_Circ95_Sol0.55 Simulation 3.13;Blade_NACA_0021_Circ95_Sol0.55 Simulation 3.13;Blade_NACA_0021_Circ95_Sol0.55 Simulation 3.13;Blade_NACA_0021_Circ95_Sol0.55 Simulation 3.13;Blade_NACA_0021_Circ95_Sol0.55 Simulation 3.13;Blade_NACA_0021_Circ95_Sol0.55 Simulation 3.13;Blade_NACA_0021_Circ95_Sol0.55 Simulation 3.13;Blade_NACA_0021_Circ95_Sol0.55 Simulation 3.13;Blade_NACA_0021_Circ95_Sol0.55 Simulation 3.13;Blade_NACA_0021_Circ95_Sol0.55 Simulation 3.13;Blade_NACA_0021_Circ95_Sol0.55 Simulation 3.13;Blade_NACA_0021_Circ95_Sol0.55 Simulation 3.13;Blade_NACA_0021_Circ95_Sol0.55 Simulation 3.13;Blade_NACA_0021_Circ95_Sol0.55 Simulation 3.13;Blade_NACA_0021_Circ95_Sol0.55 Simulation 3.13;Blade_NACA_0021_Circ95_Sol0.55 Simulation 3.13;Blade_NACA_0021_Circ95_Sol0.55 Simulation 3.13;Blade_NACA_0021_Circ95_Sol0.55 Simulation 3.13;Blade_NACA_0021_Circ95_Sol0.55 Simulation 3.13;Blade_NACA_0021_Circ95_Sol0.55 Simulation 3.13;Blade_NACA_0021_Circ95_Sol0.55 Simulation 3.13;Blade_NACA_0021_Circ95_Sol0.55 Simulation 3.13;Blade_NACA_0021_Circ95_Sol0.55 Simulation 3.13;Blade_NACA_0021_Circ95_Sol0.55 Simulation 3.13;Blade_NACA_0021_Circ95_Sol0.55 Simulation 3.13;Blade_NACA_0021_Circ95_Sol0.55 Simulation 3.13;Blade_NACA_0021_Circ95_Sol0.55 Simulation 3.13;Blade_NACA_0021_Circ95_Sol0.55 Simulation 3.13;Blade_NACA_0021_Circ95_Sol0.55 Simulation 3.13;Blade_NACA_0021_Circ95_Sol0.55 Simulation 3.13;Blade_NACA_0021_Circ95_Sol0.55 Simulation 3.13;Blade_NACA_0021_Circ95_Sol0.55 Simulation 3.13;Blade_NACA_0021_Circ95_Sol0.55 Simulation 3.13;Blade_NACA_0021_Circ95_Sol0.55 Simulation 3.13;Blade_NACA_0021_Circ95_Sol0.55 Simulation 3.13;Blade_NACA_0021_Circ95_Sol0.55 Simulation 3.13;Blade_NACA_0021_Circ95_Sol0.55 Simulation 3.13;Blade_NACA_0021_Circ95_Sol0.55 Simulation 3.13;Blade_NACA_0021_Circ95_Sol0.55 Simulation 3.13;Blade_NACA_0021_Circ95_Sol0.55 Simulation 3.13;Blade_NACA_0021_Circ95_Sol0.55 Simulation 3.13;Blade_NACA_0021_Circ95_Sol0.55 Simulation 3.13;Blade_NACA_0021_Circ95_Sol0.55 Simulation 3.13;Blade_NACA_0021_Circ95_Sol0.55 Simulation 3.13;Blade_NACA_0021_Circ95_Sol0.55 Simulation 3.13;Blade_NACA_0021_Circ95_Sol0.55 Simulation 3.13;Blade_NACA_0021_Circ95_Sol0.55 Simulation 3.13;Blade_NACA_0021_Circ95_Sol0.55 Simulation 3.13;Blade_NACA_0021_Circ95_Sol0.55 Simulation 3.13;Blade_NACA_0021_Circ95_Sol0.55 Simulation 3.13;Blade_NACA_0021_Circ95_Sol0.55 Simulation 3.13;Blade_NACA_0021_Circ95_Sol0.55 Simulation 3.13;Blade_NACA_0021_Circ95_Sol0.55 Simulation 3.13;Blade_NACA_0021_Circ95_Sol0.55 Simulation 3.13;Blade_NACA_0021_Circ95_Sol0.55 Simulation 3.13;Blade_NACA_0021_Circ95_Sol0.55 Simulation 3.13;Blade_NACA_0021_Circ95_Sol0.55 Simulation 3.13;Blade_NACA_0021_Circ95_Sol0.55 Simulation 3.13;Blade_NACA_0021_Circ95_Sol0.55 Simulation 3.13;Blade_NACA_0021_Circ95_Sol0.55 Simulation 3.13;Blade_NACA_0021_Circ95_Sol0.55 Simulation 3.13;Blade_NACA_0021_Circ95_Sol0.55 Simulation 3.13;Blade_NACA_0021_Circ95_Sol0.55 Simulation 3.13;Blade_NACA_0021_Circ95_Sol0.55 Simulation 3.13;Blade_NACA_0021_Circ95_Sol0.55 Simulation 3.13;Blade_NACA_0021_Circ95_Sol0.55 Simulation 3.13;Blade_NACA_0021_Circ95_Sol0.55 Simulation 3.13;Blade_NACA_0021_Circ95_Sol0.55 Simulation 3.13;Blade_NACA_0021_Circ95_Sol0.55 Simulation 3.13;Blade_NACA_0021_Circ95_Sol0.55 Simulation 3.13;Blade_NACA_0021_Circ95_Sol0.55 Simulation 3.13;Blade_NACA_0021_Circ95_Sol0.55 Simulation 3.13;Blade_NACA_0021_Circ95_Sol0.55 Simulation 3.13;Blade_NACA_0021_Circ95_Sol0.55 Simulation 3.13;Blade_NACA_0021_Circ95_Sol0.55 Simulation 3.13;Blade_NACA_0021_Circ95_Sol0.55 Simulation 3.13;Blade_NACA_0021_Circ95_Sol0.55 Simulation 3.13;Blade_NACA_0021_Circ95_Sol0.55 Simulation 3.13;Blade_NACA_0021_Circ95_Sol0.55 Simulation 3.13;Blade_NACA_0021_Circ95_Sol0.55 Simulation 3.13;Blade_NACA_0021_Circ95_Sol0.55 Simulation 3.13;Blade_NACA_0021_Circ95_Sol0.55 Simulation 3.13;Blade_NACA_0021_Circ95_Sol0.55 Simulation 3.13;Blade_NACA_0021_Circ95_Sol0.55 Simulation 3.13;Blade_NACA_0021_Circ95_Sol0.55 Simulation 3.13;Blade_NACA_0021_Circ95_Sol0.55 Simulation 3.13;Blade_NACA_0021_Circ95_Sol0.55 Simulation 3.13;Blade_NACA_0021_Circ95_Sol0.55 Simulation 3.13;Blade_NACA_0021_Circ95_Sol0.55 Simulation 3.13;Blade_NACA_0021_Circ95_Sol0.55 Simulation 3.13;Blade_NACA_0021_Circ95_Sol0.55 Simulation 3.13;Blade_NACA_0021_Circ95_Sol0.55 Simulation 3.13;Blade_NACA_0021_Circ95_Sol0.55 Simulation 3.13;Blade_NACA_0021_Circ95_Sol0.55 Simulation 3.13;Blade_NACA_0021_Circ95_Sol0.55 Simulation 3.13;Blade_NACA_0021_Circ95_Sol0.55 Simulation 3.13;Blade_NACA_0021_Circ95_Sol0.55 Simulation 3.13;Blade_NACA_0021_Circ95_Sol0.55 Simulation 3.13;Blade_NACA_0021_Circ95_Sol0.55 Simulation 3.13;Blade_NACA_0021_Circ95_Sol0.55 Simulation 3.13;Blade_NACA_0021_Circ95_Sol0.55 Simulation 3.13;Blade_NACA_0021_Circ95_Sol0.55 Simulation 3.13;Blade_NACA_0021_Circ95_Sol0.55 Simulation 3.13;Blade_NACA_0021_Circ95_Sol0.55 Simulation 3.13;Blade_NACA_0021_Circ95_Sol0.55 Simulation 3.13;Blade_NACA_0021_Circ95_Sol0.55 Simulation 3.13;Blade_NACA_0021_Circ95_Sol0.55 Simulation 3.13;Blade_NACA_0021_Circ95_Sol0.55 Simulation 3.13;Blade_NACA_0021_Circ95_Sol0.55 Simulation 3.13;Blade_NACA_0021_Circ95_Sol0.55 Simulation 3.13;Blade_NACA_0021_Circ95_Sol0.55 Simulation 3.13;Blade_NACA_0021_Circ95_Sol0.55 Simulation 3.13;Blade_NACA_0021_Circ95_Sol0.55 Simulation 3.13;Blade_NACA_0021_Circ95_Sol0.55 Simulation 3.13;Blade_NACA_0021_Circ95_Sol0.55 Simulation 3.13;Blade_NACA_0021_Circ95_Sol0.55 Simulation 3.13;Blade_NACA_0021_Circ95_Sol0.55 Simulation 3.13;Blade_NACA_0021_Circ95_Sol0.55 Simulation 3.13;Blade_NACA_0021_Circ95_Sol0.55 Simulation 3.13;Blade_NACA_0021_Circ95_Sol0.55 Simulation 3.13;Blade_NACA_0021_Circ95_Sol0.55 Simulation 3.13;Blade_NACA_0021_Circ95_Sol0.55 Simulation 3.13;Blade_NACA_0021_Circ95_Sol0.55 Simulation 3.13;Blade_NACA_0021_Circ95_Sol0.55 Simulation 3.13;Blade_NACA_0021_Circ95_Sol0.55 Simulation 3.13;Blade_NACA_0021_Circ95_Sol0.55 Simulation 3.13;Blade_NACA_0021_Circ95_Sol0.55 Simulation 3.13;Blade_NACA_0021_Circ95_Sol0.55 Simulation 3.13;Blade_NACA_0021_Circ95_Sol0.55 Simulation 3.13;Blade_NACA_0021_Circ95_Sol0.55 Simulation 3.13;Blade_NACA_0021_Circ95_Sol0.55 Simulation 3.13;Blade_NACA_0021_Circ95_Sol0.55 Simulation 3.13;Blade_NACA_0021_Circ95_Sol0.55 Simulation 3.13;Blade_NACA_0021_Circ95_Sol0.55 Simulation 3.13;Blade_NACA_0021_Circ95_Sol0.55 Simulation 3.13;Blade_NACA_0021_Circ95_Sol0.55 Simulation 3.13;Blade_NACA_0021_Circ95_Sol0.55 Simulation 3.13;Blade_NACA_0021_Circ95_Sol0.55 Simulation 3.13;Blade_NACA_0021_Circ95_Sol0.55 Simulation 3.13;Blade_NACA_0021_Circ95_Sol0.55 Simulation 3.13;Blade_NACA_0021_Circ95_Sol0.55 Simulation 3.13;Blade_NACA_0021_Circ95_Sol0.55 Simulation 3.13;Blade_NACA_0021_Circ95_Sol0.55 Simulation 3.13;Blade_NACA_0021_Circ95_Sol0.55 Simulation 3.13;Blade_NACA_0021_Circ95_Sol0.55 Simulation 3.13;Blade_NACA_0021_Circ95_Sol0.55 Simulation 3.13;Blade_NACA_0021_Circ95_Sol0.55 Simulation 3.13;Blade_NACA_0021_Circ95_Sol0.55 Simulation 3.13;Blade_NACA_0021_Circ95_Sol0.55 Simulation 3.13;Blade_NACA_0021_Circ95_Sol0.55 Simulation 3.13;Blade_NACA_0021_Circ95_Sol0.55 Simulation 3.13;Blade_NACA_0021_Circ95_Sol0.55 Simulation 3.13;Blade_NACA_0021_Circ95_Sol0.55 Simulation 3.13;Blade_NACA_0021_Circ95_Sol0.55 Simulation 3.13;Blade_NACA_0021_Circ95_Sol0.55 Simulation 3.13;Blade_NACA_0021_Circ95_Sol0.55 Simulation 3.13;Blade_NACA_0021_Circ95_Sol0.55 Simulation 3.13;Blade_NACA_0021_Circ95_Sol0.55 Simulation 3.13;Blade_NACA_0021_Circ95_Sol0.55 Simulation 3.13;Blade_NACA_0021_Circ95_Sol0.55 Simulation 3.13;Blade_NACA_0021_Circ95_Sol0.55 Simulation 3.13;Blade_NACA_0021_Circ95_Sol0.55 Simulation 3.13;Blade_NACA_0021_Circ95_Sol0.55 Simulation 3.13;Blade_NACA_0021_Circ95_Sol0.55 Simulation 3.13;Blade_NACA_0021_Circ95_Sol0.55 Simulation 3.13;Blade_NACA_0021_Circ95_Sol0.55 Simulation 3.13;Blade_NACA_0021_Circ95_Sol0.55 Simulation 3.13;Blade_NACA_0021_Circ95_Sol0.55 Simulation 3.13;Blade_NACA_0021_Circ95_Sol0.55 Simulation 3.13;Blade_NACA_0021_Circ95_Sol0.55 Simulation 3.13;Blade_NACA_0021_Circ95_Sol0.55 Simulation 3.13;Blade_NACA_0021_Circ95_Sol0.55 Simulation 3.13;Blade_NACA_0021_Circ95_Sol0.55 Simulation 3.13;Blade_NACA_0021_Circ95_Sol0.55 Simulation 3.13;Blade_NACA_0021_Circ95_Sol0.55 Simulation 3.13;Blade_NACA_0021_Circ95_Sol0.55 Simulation 3.13;Blade_NACA_0021_Circ95_Sol0.55 Simulation 3.13;Blade_NACA_0021_Circ95_Sol0.55 Simulation 3.13;Blade_NACA_0021_Circ95_Sol0.55 Simulation 3.13;Blade_NACA_0021_Circ95_Sol0.55 Simulation 3.13;Blade_NACA_0021_Circ95_Sol0.55 Simulation 3.13;Blade_NACA_0021_Circ95_Sol0.55 Simulation 3.13;Blade_NACA_0021_Circ95_Sol0.55 Simulation 3.13;Blade_NACA_0021_Circ95_Sol0.55 Simulation 3.13;Blade_NACA_0021_Circ95_Sol0.55 Simulation 3.13;Blade_NACA_0021_Circ95_Sol0.55 Simulation 3.13;Blade_NACA_0021_Circ95_Sol0.55 Simulation 3.13;Blade_NACA_0021_Circ95_Sol0.55 Simulation 3.13;Blade_NACA_0021_Circ95_Sol0.55 Simulation 3.13;Blade_NACA_0021_Circ95_Sol0.55 Simulation 3.13;Blade_NACA_0021_Circ95_Sol0.55 Simulation 3.13;Blade_NACA_0021_Circ95_Sol0.55 Simulation 3.13;Blade_NACA_0021_Circ95_Sol0.55 Simulation 3.13;Blade_NACA_0021_Circ95_Sol0.55 Simulation 3.13;Blade_NACA_0021_Circ95_Sol0.55 Simulation 3.13;Blade_NACA_0021_Circ95_Sol0.55 Simulation 3.13;Blade_NACA_0021_Circ95_Sol0.55 Simulation 3.13;Blade_NACA_0021_Circ95_Sol0.55 Simulation 3.13;Blade_NACA_0021_Circ95_Sol0.55 Simulation 3.13;Blade_NACA_0021_Circ95_Sol0.55 Simulation 3.13;Blade_NACA_0021_Circ95_Sol0.55 Simulation 3.13;Blade_NACA_0021_Circ95_Sol0.55 Simulation 3.13;Blade_NACA_0021_Circ95_Sol0.55 Simulation 3.13;Blade_NACA_0021_Circ95_Sol0.55 Simulation 3.13;Blade_NACA_0021_Circ95_Sol0.55 Simulation 3.13;Blade_NACA_0021_Circ95_Sol0.55 Simulation 3.13;Blade_NACA_0021_Circ95_Sol0.55 Simulation 3.13;Blade_NACA_0021_Circ95_Sol0.55 Simulation 3.13;Blade_NACA_0021_Circ95_Sol0.55 Simulation 3.13;Blade_NACA_0021_Circ95_Sol0.55 Simulation 3.13;Blade_NACA_0021_Circ95_Sol0.55 Simulation 3.13;Blade_NACA_0021_Circ95_Sol0.55 Simulation 3.13;Blade_NACA_0021_Circ95_Sol0.55 Simulation 3.13;Blade_NACA_0021_Circ95_Sol0.55 Simulation 3.13;Blade_NACA_0021_Circ95_Sol0.55 Simulation 3.13;Blade_NACA_0021_Circ95_Sol0.55 Simulation 3.13;Blade_NACA_0021_Circ95_Sol0.55 Simulation 3.13;Blade_NACA_0021_Circ95_Sol0.55 Simulation 3.13;Blade_NACA_0021_Circ95_Sol0.55 Simulation 3.13;Blade_NACA_0021_Circ95_Sol0.55 Simulation 3.13;Blade_NACA_0021_Circ95_Sol0.55 Simulation 3.13;Blade_NACA_0021_Circ95_Sol0.55 Simulation 3.13;Blade_NACA_0021_Circ95_Sol0.55 Simulation 3.13;Blade_NACA_0021_Circ95_Sol0.55 Simulation 3.13;Blade_NACA_0021_Circ95_Sol0.55 Simulation 3.13;Blade_NACA_0021_Circ95_Sol0.55 Simulation 3.13;Blade_NACA_0021_Circ95_Sol0.55 Simulation 3.13;Blade_NACA_0021_Circ95_Sol0.55 Simulation 3.13;Blade_NACA_0021_Circ95_Sol0.55 Simulation 3.13;Blade_NACA_0021_Circ95_Sol0.55 Simulation 3.13;Blade_NACA_0021_Circ95_Sol0.55 Simulation 3.13;Blade_NACA_0021_Circ95_Sol0.55 Simulation 3.13;Blade_NACA_0021_Circ95_Sol0.55 Simulation 3.13;Blade_NACA_0021_Circ95_Sol0.55 Simulation 3.13;Blade_NACA_0021_Circ95_Sol0.55 Simulation 3.13;Blade_NACA_0021_Circ95_Sol0.55 Simulation 3.13;Blade_NACA_0021_Circ95_Sol0.55 Simulation 3.13;Blade_NACA_0021_Circ95_Sol0.55 Simulation 3.13;Blade_NACA_0021_Circ95_Sol0.55 Simulation 3.13;Blade_NACA_0021_Circ95_Sol0.55 Simulation 3.13;Blade_NACA_0021_Circ95_Sol0.55 Simulation 3.13;Blade_NACA_0021_Circ95_Sol0.55 Simulation 3.13;Blade_NACA_0021_Circ95_Sol0.55 Simulation 3.13;Blade_NACA_0021_Circ95_Sol0.55 Simulation 3.13;Blade_NACA_0021_Circ95_Sol0.55 Simulation 3.13;Blade_NACA_0021_Circ95_Sol0.55 Simulation 3.13;Blade_NACA_0021_Circ95_Sol0.55 Simulation 3.13;Blade_NACA_0021_Circ95_Sol0.55 Simulation 3.13;Blade_NACA_0021_Circ95_Sol0.55 Simulation 3.13;Blade_NACA_0021_Circ95_Sol0.55 Simulation 3.13;Blade_NACA_0021_Circ95_Sol0.55 Simulation 3.13;Blade_NACA_0021_Circ95_Sol0.55 Simulation 3.13;Blade_NACA_0021_Circ95_Sol0.55 Simulation 3.13;Blade_NACA_0021_Circ95_Sol0.55 Simulation 3.13;Blade_NACA_0021_Circ95_Sol0.55 Simulation 3.13;Blade_NACA_0021_Circ95_Sol0.55 Simulation 3.13;Blade_NACA_0021_Circ95_Sol0.55 Simulation 3.13;Blade_NACA_0021_Circ95_Sol0.55 Simulation 3.13;Blade_NACA_0021_Circ95_Sol0.55 Simulation 3.13;Blade_NACA_0021_Circ95_Sol0.55 Simulation 3.13;Blade_NACA_0021_Circ95_Sol0.55 Simulation 3.13;Blade_NACA_0021_Circ95_Sol0.55 Simulation 3.13;Blade_NACA_0021_Circ95_Sol0.55 Simulation 3.13;Blade_NACA_0021_Circ95_Sol0.55 Simulation 3.13;Blade_NACA_0021_Circ95_Sol0.55 Simulation 3.13;Blade_NACA_0021_Circ95_Sol0.55 Simulation 3.13;Blade_NACA_0021_Circ95_Sol0.55 Simulation 3.13;Blade_NACA_0021_Circ95_Sol0.55 Simulation 3.13;Blade_NACA_0021_Circ95_Sol0.55 Simulation 3.13;Blade_NACA_0021_Circ95_Sol0.55 Simulation 3.13;Blade_NACA_0021_Circ95_Sol0.55 Simulation 3.13;Blade_NACA_0021_Circ95_Sol0.55 Simulation 3.13;Blade_NACA_0021_Circ95_Sol0.55 Simulation 3.13;Blade_NACA_0021_Circ95_Sol0.55 Simulation 3.13;Blade_NACA_0021_Circ95_Sol0.55 Simulation 3.13;Blade_NACA_0021_Circ95_Sol0.55 Simulation 3.13;Blade_NACA_0021_Circ95_Sol0.55 Simulation 3.13;Blade_NACA_0021_Circ95_Sol0.55 Simulation 3.13;Blade_NACA_0021_Circ95_Sol0.55 Simulation 3.13;Blade_NACA_0021_Circ95_Sol0.55 Simulation 3.13;Blade_NACA_0021_Circ95_Sol0.55 Simulation 3.13;Blade_NACA_0021_Circ95_Sol0.55 Simulation 3.13;Blade_NACA_0021_Circ95_Sol0.55 Simulation 3.13;Blade_NACA_0021_Circ95_Sol0.55 Simulation 3.13;Blade_NACA_0021_Circ95_Sol0.55 Simulation 3.13;Blade_NACA_0021_Circ95_Sol0.55 Simulation 3.13;Blade_NACA_0021_Circ95_Sol0.55 Simulation 3.13;Blade_NACA_0021_Circ95_Sol0.55 Simulation 3.13;Blade_NACA_0021_Circ95_Sol0.55 Simulation 3.13;Blade_NACA_0021_Circ95_Sol0.55 Simulation 3.13;Blade_NACA_0021_Circ95_Sol0.55 Simulation 3.13;Blade_NACA_0021_Circ95_Sol0.55 Simulation 3.13;Blade_NACA_0021_Circ95_Sol0.55 Simulation 3.13;Blade_NACA_0021_Circ95_Sol0.55 Simulation 3.13;Blade_NACA_0021_Circ95_Sol0.55 Simulation 3.13;Blade_NACA_0021_Circ95_Sol0.55 Simulation 3.13;Blade_NACA_0021_Circ95_Sol0.55 Simulation 3.13;Blade_NACA_0021_Circ95_Sol0.55 Simulation 3.13;Blade_NACA_0021_Circ95_Sol0.55 Simulation 3.13;Blade_NACA_0021_Circ95_Sol0.55 Simulation 3.13;Blade_NACA_0021_Circ95_Sol0.55 Simulation 3.13;Blade_NACA_0021_Circ95_Sol0.55 Simulation 3.13;Blade_NACA_0021_Circ95_Sol0.55 Simulation 3.13;Blade_NACA_0021_Circ95_Sol0.55 Simulation 3.13;Blade_NACA_0021_Circ95_Sol0.55 Simulation 3.13;Blade_NACA_0021_Circ95_Sol0.55 Simulation 3.13;Blade_NACA_0021_Circ95_Sol0.55 Simulation 3.13;Blade_NACA_0021_Circ95_Sol0.55 Simulation 3.13;Blade_NACA_0021_Circ95_Sol0.55 Simulation 3.13;Blade_NACA_0021_Circ95_Sol0.55 Simulation 3.13;Blade_NACA_0021_Circ95_Sol0.55 Simulation 3.13;Blade_NACA_0021_Circ95_Sol0.55 Simulation 3.13;Blade_NACA_0021_Circ95_Sol0.55 Simulation 3.13;Blade_NACA_0021_Circ95_Sol0.55 Simulation 3.13;Blade_NACA_0021_Circ95_Sol0.55 Simulation 3.13;Blade_NACA_0021_Circ95_Sol0.55 Simulation 3.13;Blade_NACA_0021_Circ95_Sol0.55 Simulation 3.13;Blade_NACA_0021_Circ95_Sol0.55 Simulation 3.13;Blade_NACA_0021_Circ95_Sol0.55 Simulation 3.13;Blade_NACA_0021_Circ95_Sol0.55 Simulation 3.13;Blade_NACA_0021_Circ95_Sol0.55 Simulation 3.13;Blade_NACA_0021_Circ95_Sol0.55 Simulation 3.13;Blade_NACA_0021_Circ95_Sol0.55 Simulation 3.13;Blade_NACA_0021_Circ95_Sol0.55 Simulation 3.13;Blade_NACA_0021_Circ95_Sol0.55 Simulation 3.13;Blade_NACA_0021_Circ95_Sol0.55 Simulation 3.13;Blade_NACA_0021_Circ95_Sol0.55 Simulation 3.13;Blade_NACA_0021_Circ95_Sol0.55 Simulation 3.13;Blade_NACA_0021_Circ95_Sol0.55 Simulation 3.13;Blade_NACA_0021_Circ95_Sol0.55 Simulation 3.13;Blade_NACA_0021_Circ95_Sol0.55 Simulation 3.13;Blade_NACA_0021_Circ95_Sol0.55 Simulation 3.13;Blade_NACA_0021_Circ95_Sol0.55 Simulation 3.13;Blade_NACA_0021_Circ95_Sol0.55 Simulation 3.13;Blade_NACA_0021_Circ95_Sol0.55 Simulation 3.13;Blade_NACA_0021_Circ95_Sol0.55 Simulation 3.13;Blade_NACA_0021_Circ95_Sol0.55 Simulation 3.13;Blade_NACA_0021_Circ95_Sol0.55 Simulation 3.13;Blade_NACA_0021_Circ95_Sol0.55 Simulation 3.13;Blade_NACA_0021_Circ95_Sol0.55 Simulation 3.13;Blade_NACA_0021_Circ95_Sol0.55 Simulation 3.13;Blade_NACA_0021_Circ95_Sol0.55 Simulation 3.13;Blade_NACA_0021_Circ95_Sol0.55 Simulation 3.13;Blade_NACA_0021_Circ95_Sol0.55 Simulation 3.13;Blade_NACA_0021_Circ95_Sol0.55 Simulation 3.13;Blade_NACA_0021_Circ95_Sol0.55 Simulation 3.13;Blade_NACA_0021_Circ95_Sol0.55 Simulation 3.13;Blade_NACA_0021_Circ95_Sol0.55 Simulation 3.13;Blade_NACA_0021_Circ95_Sol0.55 Simulation 3.13;Blade_NACA_0021_Circ95_Sol0.55 Simulation 3.13;Blade_NACA_0021_Circ95_Sol0.55 Simulation 3.13;Blade_NACA_0021_Circ95_Sol0.55 Simulation 3.13;Blade_NACA_0021_Circ95_Sol0.55 Simulation 3.13;Blade_NACA_0021_Circ95_Sol0.55 Simulation 3.13;Blade_NACA_0021_Circ95_Sol0.55 Simulation 3.13;Blade_NACA_0021_Circ95_Sol0.55 Simulation 3.13;Blade_NACA_0021_Circ95_Sol0.55 Simulation 3.13;Blade_NACA_0021_Circ95_Sol0.55 Simulation 3.13;Blade_NACA_0021_Circ95_Sol0.55 Simulation 3.13;Blade_NACA_0021_Circ95_Sol0.55 Simulation 3.13;Blade_NACA_0021_Circ95_Sol0.55 Simulation 3.13;Blade_NACA_0021_Circ95_Sol0.55 Simulation 3.13;Blade_NACA_0021_Circ95_Sol0.55 Simulation 3.13;Blade_NACA_0021_Circ95_Sol0.55 Simulation 3.13;Blade_NACA_0021_Circ95_Sol0.55 Simulation 3.13;Blade_NACA_0021_Circ95_Sol0.55 Simulation 3.13;Blade_NACA_0021_Circ95_Sol0.55 Simulation 3.13;Blade_NACA_0021_Circ95_Sol0.55 Simulation 3.13;Blade_NACA_0021_Circ95_Sol0.55 Simulation 3.13;Blade_NACA_0021_Circ95_Sol0.55 Simulation 3.13;Blade_NACA_0021_Circ95_Sol0.55 Simulation 3.13;Blade_NACA_0021_Circ95_Sol0.55 Simulation 3.13;Blade_NACA_0021_Circ95_Sol0.55 Simulation 3.13;Blade_NACA_0021_Circ95_Sol0.55 Simulation 3.13;Blade_NACA_0021_Circ95_Sol0.55 Simulation 3.13;Blade_NACA_0021_Circ95_Sol0.55 Simulation 3.13;Blade_NACA_0021_Circ95_Sol0.55 Simulation 3.13;Blade_NACA_0021_Circ95_Sol0.55 Simulation 3.13;Blade_NACA_0021_Circ95_Sol0.55 Simulation 3.13;Blade_NACA_0021_Circ95_Sol0.55 Simulation 3.13;Blade_NACA_0021_Circ95_Sol0.55 Simulation 3.13;Blade_NACA_0021_Circ95_Sol0.55 Simulation 3.13;Blade_NACA_0021_Circ95_Sol0.55 Simulation 3.13;Blade_NACA_0021_Circ95_Sol0.55 Simulation 3.13;Blade_NACA_0021_Circ95_Sol0.55 Simulation 3.13;Blade_NACA_0021_Circ95_Sol0.55 Simulation 3.13;Blade_NACA_0021_Circ95_Sol0.55 Simulation 3.13;Blade_NACA_0021_Circ95_Sol0.55 Simulation 3.13;Blade_NACA_0021_Circ95_Sol0.55 Simulation 3.13;Blade_NACA_0021_Circ95_Sol0.55 Simulation 3.13;Blade_NACA_0021_Circ95_Sol0.55 Simulation 3.13;Blade_NACA_0021_Circ95_Sol0.55 Simulation 3.13;Blade_NACA_0021_Circ95_Sol0.55 Simulation 3.13;Blade_NACA_0021_Circ95_Sol0.55 Simulation 3.13;Blade_NACA_0021_Circ95_Sol0.55 Simulation 3.13;Blade_NACA_0021_Circ95_Sol0.55 Simulation 3.13;Blade_NACA_0021_Circ95_Sol0.55 Simulation 3.13;Blade_NACA_0021_Circ95_Sol0.55 Simulation 3.13;Blade_NACA_0021_Circ95_Sol0.55 Simulation 3.13;Blade_NACA_0021_Circ95_Sol0.55 Simulation 3.13;Blade_NACA_0021_Circ95_Sol0.55 Simulation 3.13;Blade_NACA_0021_Circ95_Sol0.55 Simulation 3.13;Blade_NACA_0021_Circ95_Sol0.55 Simulation 3.13;Blade_NACA_0021_Circ95_Sol0.55 Simulation 3.13;Blade_NACA_0021_Circ95_Sol0.55 Simulation 3.13;Blade_NACA_0021_Circ95_Sol0.55 Simulation 3.13;Blade_NACA_0021_Circ95_Sol0.55 Simulation 3.13;Blade_NACA_0021_Circ95_Sol0.55 Simulation 3.13;Blade_NACA_0021_Circ95_Sol0.55 Simulation 3.13;Blade_NACA_0021_Circ95_Sol0.55 Simulation 3.13;Blade_NACA_0021_Circ95_Sol0.55 Simulation 3.13;Blade_NACA_0021_Circ95_Sol0.55 Simulation 3.13;Blade_NACA_0021_Circ95_Sol0.55 Simulation 3.13;Blade_NACA_0021_Circ95_Sol0.55 Simulation 3.13;Blade_NACA_0021_Circ95_Sol0.55 Simulation 3.13;Blade_NACA_0021_Circ95_Sol0.55 Simulation 3.13;Blade_NACA_0021_Circ95_Sol0.55 Simulation 3.13;Blade_NACA_0021_Circ95_Sol0.55 Simulation 3.13;Blade_NACA_0021_Circ95_Sol0.55 Simulation 3.13;Blade_NACA_0021_Circ95_Sol0.55 Simulation 3.13;Blade_NACA_0021_Circ95_Sol0.55 Simulation 3.13;Blade_NACA_0021_Circ95_Sol0.55 Simulation 3.13;Blade_NACA_0021_Circ95_Sol0.55 Simulation 3.13;Blade_NACA_0021_Circ95_Sol0.55 Simulation 3.13;Blade_NACA_0021_Circ95_Sol0.55 Simulation 3.13;Blade_NACA_0021_Circ95_Sol0.55 Simulation 3.13;Blade_NACA_0021_Circ95_Sol0.55 Simulation 3.13;Blade_NACA_0021_Circ95_Sol0.55 Simulation 3.13;Blade_NACA_0021_Circ95_Sol0.55 Simulation 3.13;Blade_NACA_0021_Circ95_Sol0.55 Simulation 3.13;Blade_NACA_0021_Circ95_Sol0.55 Simulation 3.13;Blade_NACA_0021_Circ95_Sol0.55 Simulation 3.13;Blade_NACA_0021_Circ95_Sol0.55 Simulation 3.13;Blade_NACA_0021_Circ95_Sol0.55 Simulation 3.13;Blade_NACA_0021_Circ95_Sol0.55 Simulation 3.13;Blade_NACA_0021_Circ95_Sol0.55 Simulation 3.13;Blade_NACA_0021_Circ95_Sol0.55 Simulation 3.13;Blade_NACA_0021_Circ95_Sol0.55 Simulation 3.13;Blade_NACA_0021_Circ95_Sol0.55 Simulation 3.13;Blade_NACA_0021_Circ95_Sol0.55 Simulation 3.13;Blade_NACA_0021_Circ95_Sol0.55 Simulation 3.13;Blade_NACA_0021_Circ95_Sol0.55 Simulation 3.13;Blade_NACA_0021_Circ95_Sol0.55 Simulation 3.13;Blade_NACA_0021_Circ95_Sol0.55 Simulation 3.13;Blade_NACA_0021_Circ95_Sol0.55 Simulation 3.13;Blade_NACA_0021_Circ95_Sol0.55 Simulation 3.13;Blade_NACA_0021_Circ95_Sol0.55 Simulation 3.13;Blade_NACA_0021_Circ95_Sol0.55 Simulation 3.13;Blade_NACA_0021_Circ95_Sol0.55 Simulation 3.13;Blade_NACA_0021_Circ95_Sol0.55 Simulation 3.13;Blade_NACA_0021_Circ95_Sol0.55 Simulation 3.13;Blade_NACA_0021_Circ95_Sol0.55 Simulation 3.13;Blade_NACA_0021_Circ95_Sol0.55 Simulation 3.13;Blade_NACA_0021_Circ95_Sol0.55 Simulation 3.13;Blade_NACA_0021_Circ95_Sol0.55 Simulation 3.13;Blade_NACA_0021_Circ95_Sol0.55 Simulation 3.13;Blade_NACA_0021_Circ95_Sol0.55 Simulation 3.13;Blade_NACA_0021_Circ95_Sol0.55 Simulation 3.13;Blade_NACA_0021_Circ95_Sol0.55 Simulation 3.13;Blade_NACA_0021_Circ95_Sol0.55 Simulation 3.13;Blade_NACA_0021_Circ95_Sol0.55 Simulation 3.13;Blade_NACA_0021_Circ95_Sol0.55 Simulation 3.13;Blade_NACA_0021_Circ95_Sol0.55 Simulation 3.13;Blade_NACA_0021_Circ95_Sol0.55 Simulation 3.13;Blade_NACA_0021_Circ95_Sol0.55 Simulation 3.13;Blade_NACA_0021_Circ95_Sol0.55 Simulation 3.13;Blade_NACA_0021_Circ95_Sol0.55 Simulation 3.13;Blade_NACA_0021_Circ95_Sol0.55 Simulation 3.13;Blade_NACA_0021_Circ95_Sol0.55 Simulation 3.13;Blade_NACA_0021_Circ95_Sol0.55 Simulation 3.13;Blade_NACA_0021_Circ95_Sol0.55 Simulation 3.13;Blade_NACA_0021_Circ95_Sol0.55 Simulation 3.13;Blade_NACA_0021_Circ95_Sol0.55 Simulation 3.13;Blade_NACA_0021_Circ95_Sol0.55 Simulation 3.13;Blade_NACA_0021_Circ95_Sol0.55 Simulation 3.13;Blade_NACA_0021_Circ95_Sol0.55 Simulation 3.13;Blade_NACA_0021_Circ95_Sol0.55 Simulation 3.13;Blade_NACA_0021_Circ95_Sol0.55 Simulation 3.13;Blade_NACA_0021_Circ95_Sol0.55 Simulation 3.13;Blade_NACA_0021_Circ95_Sol0.55 Simulation 3.13;Blade_NACA_0021_Circ95_Sol0.55 Simulation 3.13;Blade_NACA_0021_Circ95_Sol0.55 Simulation 3.13;Blade_NACA_0021_Circ95_Sol0.55 Simulation 3.13;Blade_NACA_0021_Circ95_Sol0.55 Simulation 3.13;Blade_NACA_0021_Circ95_Sol0.55 Simulation 3.13;Blade_NACA_0021_Circ95_Sol0.55 Simulation 3.13;Blade_NACA_0021_Circ95_Sol0.55 Simulation 3.13;Blade_NACA_0021_Circ95_Sol0.55 Simulation 3.13;Blade_NACA_0021_Circ95_Sol0.55 Simulation 3.13;Blade_NACA_0021_Circ95_Sol0.55 Simulation 3.13;Blade_NACA_0021_Circ95_Sol0.55 Simulation 3.13;Blade_NACA_0021_Circ95_Sol0.55 Simulation 3.13
Azimuthal Angle Theta [deg];Rotor Torque [Nm];Azimuthal Angle Theta [deg];Rotor Torque [Nm];Azimuthal Angle Theta [deg];Rotor Torque [Nm];Azimuthal Angle Theta [deg];Rotor Torque [Nm];Azimuthal Angle Theta [deg];Rotor Torque [Nm];Azimuthal Angle Theta [deg];Rotor Torque [Nm];Azimuthal Angle Theta [deg];Rotor Torque [Nm];Azimuthal Angle Theta [deg];Rotor Torque [Nm];Azimuthal Angle Theta [deg];Rotor Torque [Nm];Azimuthal Angle Theta [deg];Rotor Torque [Nm];Azimuthal Angle Theta [deg];Rotor Torque [Nm];Azimuthal Angle Theta [deg];Rotor Torque [Nm];Azimuthal Angle Theta [deg];Rotor Torque [Nm];Azimuthal Angle Theta [deg];Rotor Torque [Nm];Azimuthal Angle Theta [deg];Rotor Torque [Nm];Azimuthal Angle Theta [deg];Rotor Torque [Nm];Azimuthal Angle Theta [deg];Rotor Torque [Nm];Azimuthal Angle Theta [deg];Rotor Torque [Nm];Azimuthal Angle Theta [deg];Rotor Torque [Nm];Azimuthal Angle Theta [deg];Rotor Torque [Nm];Azimuthal Angle Theta [deg];Rotor Torque [Nm];Azimuthal Angle Theta [deg];Rotor Torque [Nm];Azimuthal Angle Theta [deg];Rotor Torque [Nm];Azimuthal Angle Theta [deg];Rotor Torque [Nm];Azimuthal Angle Theta [deg];Rotor Torque [Nm];Azimuthal Angle Theta [deg];Rotor Torque [Nm];Azimuthal Angle Theta [deg];Rotor Torque [Nm];Azimuthal Angle Theta [deg];Rotor Torque [Nm];Azimuthal Angle Theta [deg];Rotor Torque [Nm];Azimuthal Angle Theta [deg];Rotor Torque [Nm];Azimuthal Angle Theta [deg];Rotor Torque [Nm];Azimuthal Angle Theta [deg];Rotor Torque [Nm];Azimuthal Angle Theta [deg];Rotor Torque [Nm];Azimuthal Angle Theta [deg];Rotor Torque [Nm];Azimuthal Angle Theta [deg];Rotor Torque [Nm];Azimuthal Angle Theta [deg];Rotor Torque [Nm];Azimuthal Angle Theta [deg];Rotor Torque [Nm];Azimuthal Angle Theta [deg];Rotor Torque [Nm];Azimuthal Angle Theta [deg];Rotor Torque [Nm];Azimuthal Angle Theta [deg];Rotor Torque [Nm];Azimuthal Angle Theta [deg];Rotor Torque [Nm];Azimuthal Angle Theta [deg];Rotor Torque [Nm];Azimuthal Angle Theta [deg];Rotor Torque [Nm];Azimuthal Angle Theta [deg];Rotor Torque [Nm];Azimuthal Angle Theta [deg];Rotor Torque [Nm];Azimuthal Angle Theta [deg];Rotor Torque [Nm];Azimuthal Angle Theta [deg];Rotor Torque [Nm];Azimuthal Angle Theta [deg];Rotor Torque [Nm];Azimuthal Angle Theta [deg];Rotor Torque [Nm];Azimuthal Angle Theta [deg];Rotor Torque [Nm];Azimuthal Angle Theta [deg];Rotor Torque [Nm];Azimuthal Angle Theta [deg];Rotor Torque [Nm];Azimuthal Angle Theta [deg];Rotor Torque [Nm];Azimuthal Angle Theta [deg];Rotor Torque [Nm];Azimuthal Angle Theta [deg];Rotor Torque [Nm];Azimuthal Angle Theta [deg];Rotor Torque [Nm];Azimuthal Angle Theta [deg];Rotor Torque [Nm];Azimuthal Angle Theta [deg];Rotor Torque [Nm];Azimuthal Angle Theta [deg];Rotor Torque [Nm];Azimuthal Angle Theta [deg];Rotor Torque [Nm];Azimuthal Angle Theta [deg];Rotor Torque [Nm];Azimuthal Angle Theta [deg];Rotor Torque [Nm];Azimuthal Angle Theta [deg];Rotor Torque [Nm];Azimuthal Angle Theta [deg];Rotor Torque [Nm];Azimuthal Angle Theta [deg];Rotor Torque [Nm];Azimuthal Angle Theta [deg];Rotor Torque [Nm];Azimuthal Angle Theta [deg];Rotor Torque [Nm];Azimuthal Angle Theta [deg];Rotor Torque [Nm];Azimuthal Angle Theta [deg];Rotor Torque [Nm];Azimuthal Angle Theta [deg];Rotor Torque [Nm];Azimuthal Angle Theta [deg];Rotor Torque [Nm];Azimuthal Angle Theta [deg];Rotor Torque [Nm];Azimuthal Angle Theta [deg];Rotor Torque [Nm];Azimuthal Angle Theta [deg];Rotor Torque [Nm];Azimuthal Angle Theta [deg];Rotor Torque [Nm];Azimuthal Angle Theta [deg];Rotor Torque [Nm];Azimuthal Angle Theta [deg];Rotor Torque [Nm];Azimuthal Angle Theta [deg];Rotor Torque [Nm];Azimuthal Angle Theta [deg];Rotor Torque [Nm];Azimuthal Angle Theta [deg];Rotor Torque [Nm];Azimuthal Angle Theta [deg];Rotor Torque [Nm];Azimuthal Angle Theta [deg];Rotor Torque [Nm];Azimuthal Angle Theta [deg];Rotor Torque [Nm];Azimuthal Angle Theta [deg];Rotor Torque [Nm];Azimuthal Angle Theta [deg];Rotor Torque [Nm];Azimuthal Angle Theta [deg];Rotor Torque [Nm];Azimuthal Angle Theta [deg];Rotor Torque [Nm];Azimuthal Angle Theta [deg];Rotor Torque [Nm];Azimuthal Angle Theta [deg];Rotor Torque [Nm];Azimuthal Angle Theta [deg];Rotor Torque [Nm];Azimuthal Angle Theta [deg];Rotor Torque [Nm];Azimuthal Angle Theta [deg];Rotor Torque [Nm];Azimuthal Angle Theta [deg];Rotor Torque [Nm];Azimuthal Angle Theta [deg];Rotor Torque [Nm];Azimuthal Angle Theta [deg];Rotor Torque [Nm];Azimuthal Angle Theta [deg];Rotor Torque [Nm];Azimuthal Angle Theta [deg];Rotor Torque [Nm];Azimuthal Angle Theta [deg];Rotor Torque [Nm];Azimuthal Angle Theta [deg];Rotor Torque [Nm];Azimuthal Angle Theta [deg];Rotor Torque [Nm];Azimuthal Angle Theta [deg];Rotor Torque [Nm];Azimuthal Angle Theta [deg];Rotor Torque [Nm];Azimuthal Angle Theta [deg];Rotor Torque [Nm];Azimuthal Angle Theta [deg];Rotor Torque [Nm];Azimuthal Angle Theta [deg];Rotor Torque [Nm];Azimuthal Angle Theta [deg];Rotor Torque [Nm];Azimuthal Angle Theta [deg];Rotor Torque [Nm];Azimuthal Angle Theta [deg];Rotor Torque [Nm];Azimuthal Angle Theta [deg];Rotor Torque [Nm];Azimuthal Angle Theta [deg];Rotor Torque [Nm];Azimuthal Angle Theta [deg];Rotor Torque [Nm];Azimuthal Angle Theta [deg];Rotor Torque [Nm];Azimuthal Angle Theta [deg];Rotor Torque [Nm];Azimuthal Angle Theta [deg];Rotor Torque [Nm];Azimuthal Angle Theta [deg];Rotor Torque [Nm];Azimuthal Angle Theta [deg];Rotor Torque [Nm];Azimuthal Angle Theta [deg];Rotor Torque [Nm];Azimuthal Angle Theta [deg];Rotor Torque [Nm];Azimuthal Angle Theta [deg];Rotor Torque [Nm];Azimuthal Angle Theta [deg];Rotor Torque [Nm];Azimuthal Angle Theta [deg];Rotor Torque [Nm];Azimuthal Angle Theta [deg];Rotor Torque [Nm];Azimuthal Angle Theta [deg];Rotor Torque [Nm];Azimuthal Angle Theta [deg];Rotor Torque [Nm];Azimuthal Angle Theta [deg];Rotor Torque [Nm];Azimuthal Angle Theta [deg];Rotor Torque [Nm];Azimuthal Angle Theta [deg];Rotor Torque [Nm];Azimuthal Angle Theta [deg];Rotor Torque [Nm];Azimuthal Angle Theta [deg];Rotor Torque [Nm];Azimuthal Angle Theta [deg];Rotor Torque [Nm];Azimuthal Angle Theta [deg];Rotor Torque [Nm];Azimuthal Angle Theta [deg];Rotor Torque [Nm];Azimuthal Angle Theta [deg];Rotor Torque [Nm];Azimuthal Angle Theta [deg];Rotor Torque [Nm];Azimuthal Angle Theta [deg];Rotor Torque [Nm];Azimuthal Angle Theta [deg];Rotor Torque [Nm];Azimuthal Angle Theta [deg];Rotor Torque [Nm];Azimuthal Angle Theta [deg];Rotor Torque [Nm];Azimuthal Angle Theta [deg];Rotor Torque [Nm];Azimuthal Angle Theta [deg];Rotor Torque [Nm];Azimuthal Angle Theta [deg];Rotor Torque [Nm];Azimuthal Angle Theta [deg];Rotor Torque [Nm];Azimuthal Angle Theta [deg];Rotor Torque [Nm];Azimuthal Angle Theta [deg];Rotor Torque [Nm];Azimuthal Angle Theta [deg];Rotor Torque [Nm];Azimuthal Angle Theta [deg];Rotor Torque [Nm];Azimuthal Angle Theta [deg];Rotor Torque [Nm];Azimuthal Angle Theta [deg];Rotor Torque [Nm];Azimuthal Angle Theta [deg];Rotor Torque [Nm];Azimuthal Angle Theta [deg];Rotor Torque [Nm];Azimuthal Angle Theta [deg];Rotor Torque [Nm];Azimuthal Angle Theta [deg];Rotor Torque [Nm];Azimuthal Angle Theta [deg];Rotor Torque [Nm];Azimuthal Angle Theta [deg];Rotor Torque [Nm];Azimuthal Angle Theta [deg];Rotor Torque [Nm];Azimuthal Angle Theta [deg];Rotor Torque [Nm];Azimuthal Angle Theta [deg];Rotor Torque [Nm];Azimuthal Angle Theta [deg];Rotor Torque [Nm];Azimuthal Angle Theta [deg];Rotor Torque [Nm];Azimuthal Angle Theta [deg];Rotor Torque [Nm];Azimuthal Angle Theta [deg];Rotor Torque [Nm];Azimuthal Angle Theta [deg];Rotor Torque [Nm];Azimuthal Angle Theta [deg];Rotor Torque [Nm];Azimuthal Angle Theta [deg];Rotor Torque [Nm];Azimuthal Angle Theta [deg];Rotor Torque [Nm];Azimuthal Angle Theta [deg];Rotor Torque [Nm];Azimuthal Angle Theta [deg];Rotor Torque [Nm];Azimuthal Angle Theta [deg];Rotor Torque [Nm];Azimuthal Angle Theta [deg];Rotor Torque [Nm];Azimuthal Angle Theta [deg];Rotor Torque [Nm];Azimuthal Angle Theta [deg];Rotor Torque [Nm];Azimuthal Angle Theta [deg];Rotor Torque [Nm];Azimuthal Angle Theta [deg];Rotor Torque [Nm];Azimuthal Angle Theta [deg];Rotor Torque [Nm];Azimuthal Angle Theta [deg];Rotor Torque [Nm];Azimuthal Angle Theta [deg];Rotor Torque [Nm];Azimuthal Angle Theta [deg];Rotor Torque [Nm];Azimuthal Angle Theta [deg];Rotor Torque [Nm];Azimuthal Angle Theta [deg];Rotor Torque [Nm];Azimuthal Angle Theta [deg];Rotor Torque [Nm];Azimuthal Angle Theta [deg];Rotor Torque [Nm];Azimuthal Angle Theta [deg];Rotor Torque [Nm];Azimuthal Angle Theta [deg];Rotor Torque [Nm];Azimuthal Angle Theta [deg];Rotor Torque [Nm];Azimuthal Angle Theta [deg];Rotor Torque [Nm];Azimuthal Angle Theta [deg];Rotor Torque [Nm];Azimuthal Angle Theta [deg];Rotor Torque [Nm];Azimuthal Angle Theta [deg];Rotor Torque [Nm];Azimuthal Angle Theta [deg];Rotor Torque [Nm];Azimuthal Angle Theta [deg];Rotor Torque [Nm];Azimuthal Angle Theta [deg];Rotor Torque [Nm];Azimuthal Angle Theta [deg];Rotor Torque [Nm];Azimuthal Angle Theta [deg];Rotor Torque [Nm];Azimuthal Angle Theta [deg];Rotor Torque [Nm];Azimuthal Angle Theta [deg];Rotor Torque [Nm];Azimuthal Angle Theta [deg];Rotor Torque [Nm];Azimuthal Angle Theta [deg];Rotor Torque [Nm];Azimuthal Angle Theta [deg];Rotor Torque [Nm];Azimuthal Angle Theta [deg];Rotor Torque [Nm];Azimuthal Angle Theta [deg];Rotor Torque [Nm];Azimuthal Angle Theta [deg];Rotor Torque [Nm];Azimuthal Angle Theta [deg];Rotor Torque [Nm];Azimuthal Angle Theta [deg];Rotor Torque [Nm];Azimuthal Angle Theta [deg];Rotor Torque [Nm];Azimuthal Angle Theta [deg];Rotor Torque [Nm];Azimuthal Angle Theta [deg];Rotor Torque [Nm];Azimuthal Angle Theta [deg];Rotor Torque [Nm];Azimuthal Angle Theta [deg];Rotor Torque [Nm];Azimuthal Angle Theta [deg];Rotor Torque [Nm];Azimuthal Angle Theta [deg];Rotor Torque [Nm];Azimuthal Angle Theta [deg];Rotor Torque [Nm];Azimuthal Angle Theta [deg];Rotor Torque [Nm];Azimuthal Angle Theta [deg];Rotor Torque [Nm];Azimuthal Angle Theta [deg];Rotor Torque [Nm];Azimuthal Angle Theta [deg];Rotor Torque [Nm];Azimuthal Angle Theta [deg];Rotor Torque [Nm];Azimuthal Angle Theta [deg];Rotor Torque [Nm];Azimuthal Angle Theta [deg];Rotor Torque [Nm];Azimuthal Angle Theta [deg];Rotor Torque [Nm];Azimuthal Angle Theta [deg];Rotor Torque [Nm];Azimuthal Angle Theta [deg];Rotor Torque [Nm];Azimuthal Angle Theta [deg];Rotor Torque [Nm];Azimuthal Angle Theta [deg];Rotor Torque [Nm];Azimuthal Angle Theta [deg];Rotor Torque [Nm];Azimuthal Angle Theta [deg];Rotor Torque [Nm];Azimuthal Angle Theta [deg];Rotor Torque [Nm];Azimuthal Angle Theta [deg];Rotor Torque [Nm];Azimuthal Angle Theta [deg];Rotor Torque [Nm];Azimuthal Angle Theta [deg];Rotor Torque [Nm];Azimuthal Angle Theta [deg];Rotor Torque [Nm];Azimuthal Angle Theta [deg];Rotor Torque [Nm];Azimuthal Angle Theta [deg];Rotor Torque [Nm];Azimuthal Angle Theta [deg];Rotor Torque [Nm];Azimuthal Angle Theta [deg];Rotor Torque [Nm];Azimuthal Angle Theta [deg];Rotor Torque [Nm];Azimuthal Angle Theta [deg];Rotor Torque [Nm];Azimuthal Angle Theta [deg];Rotor Torque [Nm];Azimuthal Angle Theta [deg];Rotor Torque [Nm];Azimuthal Angle Theta [deg];Rotor Torque [Nm];Azimuthal Angle Theta [deg];Rotor Torque [Nm];Azimuthal Angle Theta [deg];Rotor Torque [Nm];Azimuthal Angle Theta [deg];Rotor Torque [Nm];Azimuthal Angle Theta [deg];Rotor Torque [Nm];Azimuthal Angle Theta [deg];Rotor Torque [Nm];Azimuthal Angle Theta [deg];Rotor Torque [Nm];Azimuthal Angle Theta [deg];Rotor Torque [Nm];Azimuthal Angle Theta [deg];Rotor Torque [Nm];Azimuthal Angle Theta [deg];Rotor Torque [Nm];Azimuthal Angle Theta [deg];Rotor Torque [Nm];Azimuthal Angle Theta [deg];Rotor Torque [Nm];Azimuthal Angle Theta [deg];Rotor Torque [Nm];Azimuthal Angle Theta [deg];Rotor Torque [Nm];Azimuthal Angle Theta [deg];Rotor Torque [Nm];Azimuthal Angle Theta [deg];Rotor Torque [Nm];Azimuthal Angle Theta [deg];Rotor Torque [Nm];Azimuthal Angle Theta [deg];Rotor Torque [Nm];Azimuthal Angle Theta [deg];Rotor Torque [Nm];Azimuthal Angle Theta [deg];Rotor Torque [Nm];Azimuthal Angle Theta [deg];Rotor Torque [Nm];Azimuthal Angle Theta [deg];Rotor Torque [Nm];Azimuthal Angle Theta [deg];Rotor Torque [Nm];Azimuthal Angle Theta [deg];Rotor Torque [Nm];Azimuthal Angle Theta [deg];Rotor Torque [Nm];Azimuthal Angle Theta [deg];Rotor Torque [Nm];Azimuthal Angle Theta [deg];Rotor Torque [Nm];Azimuthal Angle Theta [deg];Rotor Torque [Nm];Azimuthal Angle Theta [deg];Rotor Torque [Nm];Azimuthal Angle Theta [deg];Rotor Torque [Nm];Azimuthal Angle Theta [deg];Rotor Torque [Nm];Azimuthal Angle Theta [deg];Rotor Torque [Nm];Azimuthal Angle Theta [deg];Rotor Torque [Nm];Azimuthal Angle Theta [deg];Rotor Torque [Nm];Azimuthal Angle Theta [deg];Rotor Torque [Nm];Azimuthal Angle Theta [deg];Rotor Torque [Nm];Azimuthal Angle Theta [deg];Rotor Torque [Nm];Azimuthal Angle Theta [deg];Rotor Torque [Nm];Azimuthal Angle Theta [deg];Rotor Torque [Nm];Azimuthal Angle Theta [deg];Rotor Torque [Nm];Azimuthal Angle Theta [deg];Rotor Torque [Nm];Azimuthal Angle Theta [deg];Rotor Torque [Nm];Azimuthal Angle Theta [deg];Rotor Torque [Nm];Azimuthal Angle Theta [deg];Rotor Torque [Nm];Azimuthal Angle Theta [deg];Rotor Torque [Nm];Azimuthal Angle Theta [deg];Rotor Torque [Nm];Azimuthal Angle Theta [deg];Rotor Torque [Nm];Azimuthal Angle Theta [deg];Rotor Torque [Nm];Azimuthal Angle Theta [deg];Rotor Torque [Nm];Azimuthal Angle Theta [deg];Rotor Torque [Nm];Azimuthal Angle Theta [deg];Rotor Torque [Nm];Azimuthal Angle Theta [deg];Rotor Torque [Nm];Azimuthal Angle Theta [deg];Rotor Torque [Nm];Azimuthal Angle Theta [deg];Rotor Torque [Nm];Azimuthal Angle Theta [deg];Rotor Torque [Nm];Azimuthal Angle Theta [deg];Rotor Torque [Nm];Azimuthal Angle Theta [deg];Rotor Torque [Nm];Azimuthal Angle Theta [deg];Rotor Torque [Nm];Azimuthal Angle Theta [deg];Rotor Torque [Nm];Azimuthal Angle Theta [deg];Rotor Torque [Nm];Azimuthal Angle Theta [deg];Rotor Torque [Nm];Azimuthal Angle Theta [deg];Rotor Torque [Nm];Azimuthal Angle Theta [deg];Rotor Torque [Nm];Azimuthal Angle Theta [deg];Rotor Torque [Nm];Azimuthal Angle Theta [deg];Rotor Torque [Nm];Azimuthal Angle Theta [deg];Rotor Torque [Nm];Azimuthal Angle Theta [deg];Rotor Torque [Nm];Azimuthal Angle Theta [deg];Rotor Torque [Nm];Azimuthal Angle Theta [deg];Rotor Torque [Nm];Azimuthal Angle Theta [deg];Rotor Torque [Nm];Azimuthal Angle Theta [deg];Rotor Torque [Nm];Azimuthal Angle Theta [deg];Rotor Torque [Nm];Azimuthal Angle Theta [deg];Rotor Torque [Nm];Azimuthal Angle Theta [deg];Rotor Torque [Nm];Azimuthal Angle Theta [deg];Rotor Torque [Nm];Azimuthal Angle Theta [deg];Rotor Torque [Nm];Azimuthal Angle Theta [deg];Rotor Torque [Nm];Azimuthal Angle Theta [deg];Rotor Torque [Nm];Azimuthal Angle Theta [deg];Rotor Torque [Nm];Azimuthal Angle Theta [deg];Rotor Torque [Nm];Azimuthal Angle Theta [deg];Rotor Torque [Nm];Azimuthal Angle Theta [deg];Rotor Torque [Nm];Azimuthal Angle Theta [deg];Rotor Torque [Nm];Azimuthal Angle Theta [deg];Rotor Torque [Nm];Azimuthal Angle Theta [deg];Rotor Torque [Nm];Azimuthal Angle Theta [deg];Rotor Torque [Nm];Azimuthal Angle Theta [deg];Rotor Torque [Nm];Azimuthal Angle Theta [deg];Rotor Torque [Nm];Azimuthal Angle Theta [deg];Rotor Torque [Nm];Azimuthal Angle Theta [deg];Rotor Torque [Nm];Azimuthal Angle Theta [deg];Rotor Torque [Nm];Azimuthal Angle Theta [deg];Rotor Torque [Nm];Azimuthal Angle Theta [deg];Rotor Torque [Nm];Azimuthal Angle Theta [deg];Rotor Torque [Nm];Azimuthal Angle Theta [deg];Rotor Torque [Nm];Azimuthal Angle Theta [deg];Rotor Torque [Nm];Azimuthal Angle Theta [deg];Rotor Torque [Nm];Azimuthal Angle Theta [deg];Rotor Torque [Nm];Azimuthal Angle Theta [deg];Rotor Torque [Nm];Azimuthal Angle Theta [deg];Rotor Torque [Nm];Azimuthal Angle Theta [deg];Rotor Torque [Nm];Azimuthal Angle Theta [deg];Rotor Torque [Nm];Azimuthal Angle Theta [deg];Rotor Torque [Nm];Azimuthal Angle Theta [deg];Rotor Torque [Nm];Azimuthal Angle Theta [deg];Rotor Torque [Nm];Azimuthal Angle Theta [deg];Rotor Torque [Nm];Azimuthal Angle Theta [deg];Rotor Torque [Nm];Azimuthal Angle Theta [deg];Rotor Torque [Nm];Azimuthal Angle Theta [deg];Rotor Torque [Nm];Azimuthal Angle Theta [deg];Rotor Torque [Nm];Azimuthal Angle Theta [deg];Rotor Torque [Nm];Azimuthal Angle Theta [deg];Rotor Torque [Nm];Azimuthal Angle Theta [deg];Rotor Torque [Nm];Azimuthal Angle Theta [deg];Rotor Torque [Nm];Azimuthal Angle Theta [deg];Rotor Torque [Nm];Azimuthal Angle Theta [deg];Rotor Torque [Nm];Azimuthal Angle Theta [deg];Rotor Torque [Nm];Azimuthal Angle Theta [deg];Rotor Torque [Nm];Azimuthal Angle Theta [deg];Rotor Torque [Nm];Azimuthal Angle Theta [deg];Rotor Torque [Nm];Azimuthal Angle Theta [deg];Rotor Torque [Nm];Azimuthal Angle Theta [deg];Rotor Torque [Nm];Azimuthal Angle Theta [deg];Rotor Torque [Nm];Azimuthal Angle Theta [deg];Rotor Torque [Nm];Azimuthal Angle Theta [deg];Rotor Torque [Nm];Azimuthal Angle Theta [deg];Rotor Torque [Nm];Azimuthal Angle Theta [deg];Rotor Torque [Nm];Azimuthal Angle Theta [deg];Rotor Torque [Nm];Azimuthal Angle Theta [deg];Rotor Torque [Nm];Azimuthal Angle Theta [deg];Rotor Torque [Nm];Azimuthal Angle Theta [deg];Rotor Torque [Nm];Azimuthal Angle Theta [deg];Rotor Torque [Nm];Azimuthal Angle Theta [deg];Rotor Torque [Nm];Azimuthal Angle Theta [deg];Rotor Torque [Nm];Azimuthal Angle Theta [deg];Rotor Torque [Nm];Azimuthal Angle Theta [deg];Rotor Torque [Nm];Azimuthal Angle Theta [deg];Rotor Torque [Nm];Azimuthal Angle Theta [deg];Rotor Torque [Nm];Azimuthal Angle Theta [deg];Rotor Torque [Nm];Azimuthal Angle Theta [deg];Rotor Torque [Nm];Azimuthal Angle Theta [deg];Rotor Torque [Nm];Azimuthal Angle Theta [deg];Rotor Torque [Nm];Azimuthal Angle Theta [deg];Rotor Torque [Nm];Azimuthal Angle Theta [deg];Rotor Torque [Nm];Azimuthal Angle Theta [deg];Rotor Torque [Nm];Azimuthal Angle Theta [deg];Rotor Torque [Nm];Azimuthal Angle Theta [deg];Rotor Torque [Nm];Azimuthal Angle Theta [deg];Rotor Torque [Nm];Azimuthal Angle Theta [deg];Rotor Torque [Nm];Azimuthal Angle Theta [deg];Rotor Torque [Nm];Azimuthal Angle Theta [deg];Rotor Torque [Nm];Azimuthal Angle Theta [deg];Rotor Torque [Nm];Azimuthal Angle Theta [deg];Rotor Torque [Nm];Azimuthal Angle Theta [deg];Rotor Torque [Nm];Azimuthal Angle Theta [deg];Rotor Torque [Nm];Azimuthal Angle Theta [deg];Rotor Torque [Nm];Azimuthal Angle Theta [deg];Rotor Torque [Nm];Azimuthal Angle Theta [deg];Rotor Torque [Nm];Azimuthal Angle Theta [deg];Rotor Torque [Nm];Azimuthal Angle Theta [deg];Rotor Torque [Nm];Azimuthal Angle Theta [deg];Rotor Torque [Nm];Azimuthal Angle Theta [deg];Rotor Torque [Nm];Azimuthal Angle Theta [deg];Rotor Torque [Nm];Azimuthal Angle Theta [deg];Rotor Torque [Nm];Azimuthal Angle Theta [deg];Rotor Torque [Nm];Azimuthal Angle Theta [deg];Rotor Torque [Nm];Azimuthal Angle Theta [deg];Rotor Torque [Nm];Azimuthal Angle Theta [deg];Rotor Torque [Nm];Azimuthal Angle Theta [deg];Rotor Torque [Nm];Azimuthal Angle Theta [deg];Rotor Torque [Nm];Azimuthal Angle Theta [deg];Rotor Torque [Nm];Azimuthal Angle Theta [deg];Rotor Torque [Nm];Azimuthal Angle Theta [deg];Rotor Torque [Nm];Azimuthal Angle Theta [deg];Rotor Torque [Nm];Azimuthal Angle Theta [deg];Rotor Torque [Nm];Azimuthal Angle Theta [deg];Rotor Torque [Nm];Azimuthal Angle Theta [deg];Rotor Torque [Nm];Azimuthal Angle Theta [deg];Rotor Torque [Nm];Azimuthal Angle Theta [deg];Rotor Torque [Nm];Azimuthal Angle Theta [deg];Rotor Torque [Nm];Azimuthal Angle Theta [deg];Rotor Torque [Nm];Azimuthal Angle Theta [deg];Rotor Torque [Nm];Azimuthal Angle Theta [deg];Rotor Torque [Nm];Azimuthal Angle Theta [deg];Rotor Torque [Nm];Azimuthal Angle Theta [deg];Rotor Torque [Nm];Azimuthal Angle Theta [deg];Rotor Torque [Nm];Azimuthal Angle Theta [deg];Rotor Torque [Nm];Azimuthal Angle Theta [deg];Rotor Torque [Nm];Azimuthal Angle Theta [deg];Rotor Torque [Nm];Azimuthal Angle Theta [deg];Rotor Torque [Nm];Azimuthal Angle Theta [deg];Rotor Torque [Nm];Azimuthal Angle Theta [deg];Rotor Torque [Nm];Azimuthal Angle Theta [deg];Rotor Torque [Nm];Azimuthal Angle Theta [deg];Rotor Torque [Nm];Azimuthal Angle Theta [deg];Rotor Torque [Nm];Azimuthal Angle Theta [deg];Rotor Torque [Nm];Azimuthal Angle Theta [deg];Rotor Torque [Nm];Azimuthal Angle Theta [deg];Rotor Torque [Nm];Azimuthal Angle Theta [deg];Rotor Torque [Nm];Azimuthal Angle Theta [deg];Rotor Torque [Nm];Azimuthal Angle Theta [deg];Rotor Torque [Nm];Azimuthal Angle Theta [deg];Rotor Torque [Nm];Azimuthal Angle Theta [deg];Rotor Torque [Nm];Azimuthal Angle Theta [deg];Rotor Torque [Nm];Azimuthal Angle Theta [deg];Rotor Torque [Nm];Azimuthal Angle Theta [deg];Rotor Torque [Nm];Azimuthal Angle Theta [deg];Rotor Torque [Nm];Azimuthal Angle Theta [deg];Rotor Torque [Nm];Azimuthal Angle Theta [deg];Rotor Torque [Nm];Azimuthal Angle Theta [deg];Rotor Torque [Nm];Azimuthal Angle Theta [deg];Rotor Torque [Nm];Azimuthal Angle Theta [deg];Rotor Torque [Nm];Azimuthal Angle Theta [deg];Rotor Torque [Nm];Azimuthal Angle Theta [deg];Rotor Torque [Nm];Azimuthal Angle Theta [deg];Rotor Torque [Nm];Azimuthal Angle Theta [deg];Rotor Torque [Nm];Azimuthal Angle Theta [deg];Rotor Torque [Nm];Azimuthal Angle Theta [deg];Rotor Torque [Nm];Azimuthal Angle Theta [deg];Rotor Torque [Nm];Azimuthal Angle Theta [deg];Rotor Torque [Nm];Azimuthal Angle Theta [deg];Rotor Torque [Nm];Azimuthal Angle Theta [deg];Rotor Torque [Nm];Azimuthal Angle Theta [deg];Rotor Torque [Nm];Azimuthal Angle Theta [deg];Rotor Torque [Nm];Azimuthal Angle Theta [deg];Rotor Torque [Nm];Azimuthal Angle Theta [deg];Rotor Torque [Nm];Azimuthal Angle Theta [deg];Rotor Torque [Nm];Azimuthal Angle Theta [deg];Rotor Torque [Nm];Azimuthal Angle Theta [deg];Rotor Torque [Nm];Azimuthal Angle Theta [deg];Rotor Torque [Nm];Azimuthal Angle Theta [deg];Rotor Torque [Nm];Azimuthal Angle Theta [deg];Rotor Torque [Nm];Azimuthal Angle Theta [deg];Rotor Torque [Nm];Azimuthal Angle Theta [deg];Rotor Torque [Nm];Azimuthal Angle Theta [deg];Rotor Torque [Nm];Azimuthal Angle Theta [deg];Rotor Torque [Nm];Azimuthal Angle Theta [deg];Rotor Torque [Nm];Azimuthal Angle Theta [deg];Rotor Torque [Nm];Azimuthal Angle Theta [deg];Rotor Torque [Nm];Azimuthal Angle Theta [deg];Rotor Torque [Nm];Azimuthal Angle Theta [deg];Rotor Torque [Nm];Azimuthal Angle Theta [deg];Rotor Torque [Nm];Azimuthal Angle Theta [deg];Rotor Torque [Nm];Azimuthal Angle Theta [deg];Rotor Torque [Nm];Azimuthal Angle Theta [deg];Rotor Torque [Nm];Azimuthal Angle Theta [deg];Rotor Torque [Nm];Azimuthal Angle Theta [deg];Rotor Torque [Nm];Azimuthal Angle Theta [deg];Rotor Torque [Nm];Azimuthal Angle Theta [deg];Rotor Torque [Nm];Azimuthal Angle Theta [deg];Rotor Torque [Nm];Azimuthal Angle Theta [deg];Rotor Torque [Nm];Azimuthal Angle Theta [deg];Rotor Torque [Nm];Azimuthal Angle Theta [deg];Rotor Torque [Nm];Azimuthal Angle Theta [deg];Rotor Torque [Nm];Azimuthal Angle Theta [deg];Rotor Torque [Nm];Azimuthal Angle Theta [deg];Rotor Torque [Nm];Azimuthal Angle Theta [deg];Rotor Torque [Nm];Azimuthal Angle Theta [deg];Rotor Torque [Nm];Azimuthal Angle Theta [deg];Rotor Torque [Nm];Azimuthal Angle Theta [deg];Rotor Torque [Nm];Azimuthal Angle Theta [deg];Rotor Torque [Nm];Azimuthal Angle Theta [deg];Rotor Torque [Nm];Azimuthal Angle Theta [deg];Rotor Torque [Nm];Azimuthal Angle Theta [deg];Rotor Torque [Nm];Azimuthal Angle Theta [deg];Rotor Torque [Nm];Azimuthal Angle Theta [deg];Rotor Torque [Nm];Azimuthal Angle Theta [deg];Rotor Torque [Nm];Azimuthal Angle Theta [deg];Rotor Torque [Nm];Azimuthal Angle Theta [deg];Rotor Torque [Nm];Azimuthal Angle Theta [deg];Rotor Torque [Nm];Azimuthal Angle Theta [deg];Rotor Torque [Nm];Azimuthal Angle Theta [deg];Rotor Torque [Nm];Azimuthal Angle Theta [deg];Rotor Torque [Nm];Azimuthal Angle Theta [deg];Rotor Torque [Nm];Azimuthal Angle Theta [deg];Rotor Torque [Nm];Azimuthal Angle Theta [deg];Rotor Torque [Nm];Azimuthal Angle Theta [deg];Rotor Torque [Nm];Azimuthal Angle Theta [deg];Rotor Torque [Nm];Azimuthal Angle Theta [deg];Rotor Torque [Nm];Azimuthal Angle Theta [deg];Rotor Torque [Nm];Azimuthal Angle Theta [deg];Rotor Torque [Nm];Azimuthal Angle Theta [deg];Rotor Torque [Nm];Azimuthal Angle Theta [deg];Rotor Torque [Nm];Azimuthal Angle Theta [deg];Rotor Torque [Nm];Azimuthal Angle Theta [deg];Rotor Torque [Nm];Azimuthal Angle Theta [deg];Rotor Torque [Nm];Azimuthal Angle Theta [deg];Rotor Torque [Nm];Azimuthal Angle Theta [deg];Rotor Torque [Nm];Azimuthal Angle Theta [deg];Rotor Torque [Nm];Azimuthal Angle Theta [deg];Rotor Torque [Nm];Azimuthal Angle Theta [deg];Rotor Torque [Nm];Azimuthal Angle Theta [deg];Rotor Torque [Nm];Azimuthal Angle Theta [deg];Rotor Torque [Nm];Azimuthal Angle Theta [deg];Rotor Torque [Nm];Azimuthal Angle Theta [deg];Rotor Torque [Nm];Azimuthal Angle Theta [deg];Rotor Torque [Nm];Azimuthal Angle Theta [deg];Rotor Torque [Nm];Azimuthal Angle Theta [deg];Rotor Torque [Nm];Azimuthal Angle Theta [deg];Rotor Torque [Nm];Azimuthal Angle Theta [deg];Rotor Torque [Nm];Azimuthal Angle Theta [deg];Rotor Torque [Nm];Azimuthal Angle Theta [deg];Rotor Torque [Nm];Azimuthal Angle Theta [deg];Rotor Torque [Nm];Azimuthal Angle Theta [deg];Rotor Torque [Nm];Azimuthal Angle Theta [deg];Rotor Torque [Nm];Azimuthal Angle Theta [deg];Rotor Torque [Nm];Azimuthal Angle Theta [deg];Rotor Torque [Nm];Azimuthal Angle Theta [deg];Rotor Torque [Nm];Azimuthal Angle Theta [deg];Rotor Torque [Nm];Azimuthal Angle Theta [deg];Rotor Torque [Nm];Azimuthal Angle Theta [deg];Rotor Torque [Nm];Azimuthal Angle Theta [deg];Rotor Torque [Nm];Azimuthal Angle Theta [deg];Rotor Torque [Nm];Azimuthal Angle Theta [deg];Rotor Torque [Nm];Azimuthal Angle Theta [deg];Rotor Torque [Nm];Azimuthal Angle Theta [deg];Rotor Torque [Nm];Azimuthal Angle Theta [deg];Rotor Torque [Nm];Azimuthal Angle Theta [deg];Rotor Torque [Nm];Azimuthal Angle Theta [deg];Rotor Torque [Nm];Azimuthal Angle Theta [deg];Rotor Torque [Nm];Azimuthal Angle Theta [deg];Rotor Torque [Nm];Azimuthal Angle Theta [deg];Rotor Torque [Nm];Azimuthal Angle Theta [deg];Rotor Torque [Nm];Azimuthal Angle Theta [deg];Rotor Torque [Nm];Azimuthal Angle Theta [deg];Rotor Torque [Nm];Azimuthal Angle Theta [deg];Rotor Torque [Nm];Azimuthal Angle Theta [deg];Rotor Torque [Nm];Azimuthal Angle Theta [deg];Rotor Torque [Nm];Azimuthal Angle Theta [deg];Rotor Torque [Nm];Azimuthal Angle Theta [deg];Rotor Torque [Nm];Azimuthal Angle Theta [deg];Rotor Torque [Nm];Azimuthal Angle Theta [deg];Rotor Torque [Nm];Azimuthal Angle Theta [deg];Rotor Torque [Nm];Azimuthal Angle Theta [deg];Rotor Torque [Nm];Azimuthal Angle Theta [deg];Rotor Torque [Nm];Azimuthal Angle Theta [deg];Rotor Torque [Nm];Azimuthal Angle Theta [deg];Rotor Torque [Nm];Azimuthal Angle Theta [deg];Rotor Torque [Nm];Azimuthal Angle Theta [deg];Rotor Torque [Nm];Azimuthal Angle Theta [deg];Rotor Torque [Nm];Azimuthal Angle Theta [deg];Rotor Torque [Nm];Azimuthal Angle Theta [deg];Rotor Torque [Nm];Azimuthal Angle Theta [deg];Rotor Torque [Nm];Azimuthal Angle Theta [deg];Rotor Torque [Nm];Azimuthal Angle Theta [deg];Rotor Torque [Nm];Azimuthal Angle Theta [deg];Rotor Torque [Nm];Azimuthal Angle Theta [deg];Rotor Torque [Nm];Azimuthal Angle Theta [deg];Rotor Torque [Nm];Azimuthal Angle Theta [deg];Rotor Torque [Nm];Azimuthal Angle Theta [deg];Rotor Torque [Nm];Azimuthal Angle Theta [deg];Rotor Torque [Nm];Azimuthal Angle Theta [deg];Rotor Torque [Nm];Azimuthal Angle Theta [deg];Rotor Torque [Nm];Azimuthal Angle Theta [deg];Rotor Torque [Nm];Azimuthal Angle Theta [deg];Rotor Torque [Nm];Azimuthal Angle Theta [deg];Rotor Torque [Nm];Azimuthal Angle Theta [deg];Rotor Torque [Nm];Azimuthal Angle Theta [deg];Rotor Torque [Nm];Azimuthal Angle Theta [deg];Rotor Torque [Nm];Azimuthal Angle Theta [deg];Rotor Torque [Nm];Azimuthal Angle Theta [deg];Rotor Torque [Nm];Azimuthal Angle Theta [deg];Rotor Torque [Nm];Azimuthal Angle Theta [deg];Rotor Torque [Nm];Azimuthal Angle Theta [deg];Rotor Torque [Nm];Azimuthal Angle Theta [deg];Rotor Torque [Nm];Azimuthal Angle Theta [deg];Rotor Torque [Nm];Azimuthal Angle Theta [deg];Rotor Torque [Nm];Azimuthal Angle Theta [deg];Rotor Torque [Nm];Azimuthal Angle Theta [deg];Rotor Torque [Nm];Azimuthal Angle Theta [deg];Rotor Torque [Nm];Azimuthal Angle Theta [deg];Rotor Torque [Nm];Azimuthal Angle Theta [deg];Rotor Torque [Nm];Azimuthal Angle Theta [deg];Rotor Torque [Nm];Azimuthal Angle Theta [deg];Rotor Torque [Nm];Azimuthal Angle Theta [deg];Rotor Torque [Nm];Azimuthal Angle Theta [deg];Rotor Torque [Nm];Azimuthal Angle Theta [deg];Rotor Torque [Nm];Azimuthal Angle Theta [deg];Rotor Torque [Nm];Azimuthal Angle Theta [deg];Rotor Torque [Nm];Azimuthal Angle Theta [deg];Rotor Torque [Nm];Azimuthal Angle Theta [deg];Rotor Torque [Nm];Azimuthal Angle Theta [deg];Rotor Torque [Nm];Azimuthal Angle Theta [deg];Rotor Torque [Nm];Azimuthal Angle Theta [deg];Rotor Torque [Nm];Azimuthal Angle Theta [deg];Rotor Torque [Nm];Azimuthal Angle Theta [deg];Rotor Torque [Nm];Azimuthal Angle Theta [deg];Rotor Torque [Nm];Azimuthal Angle Theta [deg];Rotor Torque [Nm];Azimuthal Angle Theta [deg];Rotor Torque [Nm];Azimuthal Angle Theta [deg];Rotor Torque [Nm];Azimuthal Angle Theta [deg];Rotor Torque [Nm];Azimuthal Angle Theta [deg];Rotor Torque [Nm];Azimuthal Angle Theta [deg];Rotor Torque [Nm];Azimuthal Angle Theta [deg];Rotor Torque [Nm];Azimuthal Angle Theta [deg];Rotor Torque [Nm];Azimuthal Angle Theta [deg];Rotor Torque [Nm];Azimuthal Angle Theta [deg];Rotor Torque [Nm];Azimuthal Angle Theta [deg];Rotor Torque [Nm];Azimuthal Angle Theta [deg];Rotor Torque [Nm];Azimuthal Angle Theta [deg];Rotor Torque [Nm];Azimuthal Angle Theta [deg];Rotor Torque [Nm];Azimuthal Angle Theta [deg];Rotor Torque [Nm];Azimuthal Angle Theta [deg];Rotor Torque [Nm];Azimuthal Angle Theta [deg];Rotor Torque [Nm];Azimuthal Angle Theta [deg];Rotor Torque [Nm];Azimuthal Angle Theta [deg];Rotor Torque [Nm];Azimuthal Angle Theta [deg];Rotor Torque [Nm];Azimuthal Angle Theta [deg];Rotor Torque [Nm];Azimuthal Angle Theta [deg];Rotor Torque [Nm];Azimuthal Angle Theta [deg];Rotor Torque [Nm];Azimuthal Angle Theta [deg];Rotor Torque [Nm];Azimuthal Angle Theta [deg];Rotor Torque [Nm];Azimuthal Angle Theta [deg];Rotor Torque [Nm];Azimuthal Angle Theta [deg];Rotor Torque [Nm];Azimuthal Angle Theta [deg];Rotor Torque [Nm];Azimuthal Angle Theta [deg];Rotor Torque [Nm];Azimuthal Angle Theta [deg];Rotor Torque [Nm];Azimuthal Angle Theta [deg];Rotor Torque [Nm];Azimuthal Angle Theta [deg];Rotor Torque [Nm];Azimuthal Angle Theta [deg];Rotor Torque [Nm];Azimuthal Angle Theta [deg];Rotor Torque [Nm];Azimuthal Angle Theta [deg];Rotor Torque [Nm];Azimuthal Angle Theta [deg];Rotor Torque [Nm];Azimuthal Angle Theta [deg];Rotor Torque [Nm];Azimuthal Angle Theta [deg];Rotor Torque [Nm];Azimuthal Angle Theta [deg];Rotor Torque [Nm];Azimuthal Angle Theta [deg];Rotor Torque [Nm];Azimuthal Angle Theta [deg];Rotor Torque [Nm];Azimuthal Angle Theta [deg];Rotor Torque [Nm];Azimuthal Angle Theta [deg];Rotor Torque [Nm];Azimuthal Angle Theta [deg];Rotor Torque [Nm];Azimuthal Angle Theta [deg];Rotor Torque [Nm];Azimuthal Angle Theta [deg];Rotor Torque [Nm];Azimuthal Angle Theta [deg];Rotor Torque [Nm];Azimuthal Angle Theta [deg];Rotor Torque [Nm];Azimuthal Angle Theta [deg];Rotor Torque [Nm];Azimuthal Angle Theta [deg];Rotor Torque [Nm];Azimuthal Angle Theta [deg];Rotor Torque [Nm];Azimuthal Angle Theta [deg];Rotor Torque [Nm];Azimuthal Angle Theta [deg];Rotor Torque [Nm];Azimuthal Angle Theta [deg];Rotor Torque [Nm];Azimuthal Angle Theta [deg];Rotor Torque [Nm];Azimuthal Angle Theta [deg];Rotor Torque [Nm];Azimuthal Angle Theta [deg];Rotor Torque [Nm];Azimuthal Angle Theta [deg];Rotor Torque [Nm];Azimuthal Angle Theta [deg];Rotor Torque [Nm];Azimuthal Angle Theta [deg];Rotor Torque [Nm];Azimuthal Angle Theta [deg];Rotor Torque [Nm];Azimuthal Angle Theta [deg];Rotor Torque [Nm];Azimuthal Angle Theta [deg];Rotor Torque [Nm];Azimuthal Angle Theta [deg];Rotor Torque [Nm];Azimuthal Angle Theta [deg];Rotor Torque [Nm];Azimuthal Angle Theta [deg];Rotor Torque [Nm];Azimuthal Angle Theta [deg];Rotor Torque [Nm];Azimuthal Angle Theta [deg];Rotor Torque [Nm];Azimuthal Angle Theta [deg];Rotor Torque [Nm];Azimuthal Angle Theta [deg];Rotor Torque [Nm];Azimuthal Angle Theta [deg];Rotor Torque [Nm];Azimuthal Angle Theta [deg];Rotor Torque [Nm];Azimuthal Angle Theta [deg];Rotor Torque [Nm];Azimuthal Angle Theta [deg];Rotor Torque [Nm];Azimuthal Angle Theta [deg];Rotor Torque [Nm];Azimuthal Angle Theta [deg];Rotor Torque [Nm];Azimuthal Angle Theta [deg];Rotor Torque [Nm];Azimuthal Angle Theta [deg];Rotor Torque [Nm];Azimuthal Angle Theta [deg];Rotor Torque [Nm];Azimuthal Angle Theta [deg];Rotor Torque [Nm];Azimuthal Angle Theta [deg];Rotor Torque [Nm];Azimuthal Angle Theta [deg];Rotor Torque [Nm];Azimuthal Angle Theta [deg];Rotor Torque [Nm];Azimuthal Angle Theta [deg];Rotor Torque [Nm];Azimuthal Angle Theta [deg];Rotor Torque [Nm];Azimuthal Angle Theta [deg];Rotor Torque [Nm];Azimuthal Angle Theta [deg];Rotor Torque [Nm];Azimuthal Angle Theta [deg];Rotor Torque [Nm];Azimuthal Angle Theta [deg];Rotor Torque [Nm];Azimuthal Angle Theta [deg];Rotor Torque [Nm];Azimuthal Angle Theta [deg];Rotor Torque [Nm];Azimuthal Angle Theta [deg];Rotor Torque [Nm];Azimuthal Angle Theta [deg];Rotor Torque [Nm];Azimuthal Angle Theta [deg];Rotor Torque [Nm];Azimuthal Angle Theta [deg];Rotor Torque [Nm];Azimuthal Angle Theta [deg];Rotor Torque [Nm];Azimuthal Angle Theta [deg];Rotor Torque [Nm];Azimuthal Angle Theta [deg];Rotor Torque [Nm];Azimuthal Angle Theta [deg];Rotor Torque [Nm];Azimuthal Angle Theta [deg];Rotor Torque [Nm];Azimuthal Angle Theta [deg];Rotor Torque [Nm];Azimuthal Angle Theta [deg];Rotor Torque [Nm];Azimuthal Angle Theta [deg];Rotor Torque [Nm];Azimuthal Angle Theta [deg];Rotor Torque [Nm];Azimuthal Angle Theta [deg];Rotor Torque [Nm];Azimuthal Angle Theta [deg];Rotor Torque [Nm];Azimuthal Angle Theta [deg];Rotor Torque [Nm];Azimuthal Angle Theta [deg];Rotor Torque [Nm];Azimuthal Angle Theta [deg];Rotor Torque [Nm];Azimuthal Angle Theta [deg];Rotor Torque [Nm];Azimuthal Angle Theta [deg];Rotor Torque [Nm];Azimuthal Angle Theta [deg];Rotor Torque [Nm];Azimuthal Angle Theta [deg];Rotor Torque [Nm];Azimuthal Angle Theta [deg];Rotor Torque [Nm];Azimuthal Angle Theta [deg];Rotor Torque [Nm];Azimuthal Angle Theta [deg];Rotor Torque [Nm];Azimuthal Angle Theta [deg];Rotor Torque [Nm];Azimuthal Angle Theta [deg];Rotor Torque [Nm];Azimuthal Angle Theta [deg];Rotor Torque [Nm];Azimuthal Angle Theta [deg];Rotor Torque [Nm];Azimuthal Angle Theta [deg];Rotor Torque [Nm];Azimuthal Angle Theta [deg];Rotor Torque [Nm];Azimuthal Angle Theta [deg];Rotor Torque [Nm];Azimuthal Angle Theta [deg];Rotor Torque [Nm];Azimuthal Angle Theta [deg];Rotor Torque [Nm];Azimuthal Angle Theta [deg];Rotor Torque [Nm];Azimuthal Angle Theta [deg];Rotor Torque [Nm];Azimuthal Angle Theta [deg];Rotor Torque [Nm];Azimuthal Angle Theta [deg];Rotor Torque [Nm];Azimuthal Angle Theta [deg];Rotor Torque [Nm];Azimuthal Angle Theta [deg];Rotor Torque [Nm];Azimuthal Angle Theta [deg];Rotor Torque [Nm];Azimuthal Angle Theta [deg];Rotor Torque [Nm];Azimuthal Angle Theta [deg];Rotor Torque [Nm];Azimuthal Angle Theta [deg];Rotor Torque [Nm];Azimuthal Angle Theta [deg];Rotor Torque [Nm];Azimuthal Angle Theta [deg];Rotor Torque [Nm];Azimuthal Angle Theta [deg];Rotor Torque [Nm];Azimuthal Angle Theta [deg];Rotor Torque [Nm];Azimuthal Angle Theta [deg];Rotor Torque [Nm];Azimuthal Angle Theta [deg];Rotor Torque [Nm];Azimuthal Angle Theta [deg];Rotor Torque [Nm];Azimuthal Angle Theta [deg];Rotor Torque [Nm];Azimuthal Angle Theta [deg];Rotor Torque [Nm];Azimuthal Angle Theta [deg];Rotor Torque [Nm];Azimuthal Angle Theta [deg];Rotor Torque [Nm];Azimuthal Angle Theta [deg];Rotor Torque [Nm];Azimuthal Angle Theta [deg];Rotor Torque [Nm];Azimuthal Angle Theta [deg];Rotor Torque [Nm];Azimuthal Angle Theta [deg];Rotor Torque [Nm];Azimuthal Angle Theta [deg];Rotor Torque [Nm];Azimuthal Angle Theta [deg];Rotor Torque [Nm];Azimuthal Angle Theta [deg];Rotor Torque [Nm];Azimuthal Angle Theta [deg];Rotor Torque [Nm];Azimuthal Angle Theta [deg];Rotor Torque [Nm];Azimuthal Angle Theta [deg];Rotor Torque [Nm];Azimuthal Angle Theta [deg];Rotor Torque [Nm];Azimuthal Angle Theta [deg];Rotor Torque [Nm];Azimuthal Angle Theta [deg];Rotor Torque [Nm];Azimuthal Angle Theta [deg];Rotor Torque [Nm];Azimuthal Angle Theta [deg];Rotor Torque [Nm];Azimuthal Angle Theta [deg];Rotor Torque [Nm];Azimuthal Angle Theta [deg];Rotor Torque [Nm];Azimuthal Angle Theta [deg];Rotor Torque [Nm];Azimuthal Angle Theta [deg];Rotor Torque [Nm];Azimuthal Angle Theta [deg];Rotor Torque [Nm];Azimuthal Angle Theta [deg];Rotor Torque [Nm];Azimuthal Angle Theta [deg];Rotor Torque [Nm];Azimuthal Angle Theta [deg];Rotor Torque [Nm];Azimuthal Angle Theta [deg];Rotor Torque [Nm];Azimuthal Angle Theta [deg];Rotor Torque [Nm];Azimuthal Angle Theta [deg];Rotor Torque [Nm];Azimuthal Angle Theta [deg];Rotor Torque [Nm];Azimuthal Angle Theta [deg];Rotor Torque [Nm];Azimuthal Angle Theta [deg];Rotor Torque [Nm];Azimuthal Angle Theta [deg];Rotor Torque [Nm];Azimuthal Angle Theta [deg];Rotor Torque [Nm];Azimuthal Angle Theta [deg];Rotor Torque [Nm];Azimuthal Angle Theta [deg];Rotor Torque [Nm];Azimuthal Angle Theta [deg];Rotor Torque [Nm];Azimuthal Angle Theta [deg];Rotor Torque [Nm];Azimuthal Angle Theta [deg];Rotor Torque [Nm];Azimuthal Angle Theta [deg];Rotor Torque [Nm];Azimuthal Angle Theta [deg];Rotor Torque [Nm];Azimuthal Angle Theta [deg];Rotor Torque [Nm];Azimuthal Angle Theta [deg];Rotor Torque [Nm];Azimuthal Angle Theta [deg];Rotor Torque [Nm];Azimuthal Angle Theta [deg];Rotor Torque [Nm];Azimuthal Angle Theta [deg];Rotor Torque [Nm];Azimuthal Angle Theta [deg];Rotor Torque [Nm];Azimuthal Angle Theta [deg];Rotor Torque [Nm];Azimuthal Angle Theta [deg];Rotor Torque [Nm];Azimuthal Angle Theta [deg];Rotor Torque [Nm];Azimuthal Angle Theta [deg];Rotor Torque [Nm];Azimuthal Angle Theta [deg];Rotor Torque [Nm];Azimuthal Angle Theta [deg];Rotor Torque [Nm];Azimuthal Angle Theta [deg];Rotor Torque [Nm];Azimuthal Angle Theta [deg];Rotor Torque [Nm];Azimuthal Angle Theta [deg];Rotor Torque [Nm];Azimuthal Angle Theta [deg];Rotor Torque [Nm];Azimuthal Angle Theta [deg];Rotor Torque [Nm];Azimuthal Angle Theta [deg];Rotor Torque [Nm];Azimuthal Angle Theta [deg];Rotor Torque [Nm];Azimuthal Angle Theta [deg];Rotor Torque [Nm];Azimuthal Angle Theta [deg];Rotor Torque [Nm];Azimuthal Angle Theta [deg];Rotor Torque [Nm];Azimuthal Angle Theta [deg];Rotor Torque [Nm];Azimuthal Angle Theta [deg];Rotor Torque [Nm];Azimuthal Angle Theta [deg];Rotor Torque [Nm];Azimuthal Angle Theta [deg];Rotor Torque [Nm];Azimuthal Angle Theta [deg];Rotor Torque [Nm];Azimuthal Angle Theta [deg];Rotor Torque [Nm];Azimuthal Angle Theta [deg];Rotor Torque [Nm];Azimuthal Angle Theta [deg];Rotor Torque [Nm];Azimuthal Angle Theta [deg];Rotor Torque [Nm];Azimuthal Angle Theta [deg];Rotor Torque [Nm];Azimuthal Angle Theta [deg];Rotor Torque [Nm];Azimuthal Angle Theta [deg];Rotor Torque [Nm];Azimuthal Angle Theta [deg];Rotor Torque [Nm];Azimuthal Angle Theta [deg];Rotor Torque [Nm];Azimuthal Angle Theta [deg];Rotor Torque [Nm];Azimuthal Angle Theta [deg];Rotor Torque [Nm];Azimuthal Angle Theta [deg];Rotor Torque [Nm];Azimuthal Angle Theta [deg];Rotor Torque [Nm];Azimuthal Angle Theta [deg];Rotor Torque [Nm];Azimuthal Angle Theta [deg];Rotor Torque [Nm];Azimuthal Angle Theta [deg];Rotor Torque [Nm];Azimuthal Angle Theta [deg];Rotor Torque [Nm];Azimuthal Angle Theta [deg];Rotor Torque [Nm];Azimuthal Angle Theta [deg];Rotor Torque [Nm];Azimuthal Angle Theta [deg];Rotor Torque [Nm];Azimuthal Angle Theta [deg];Rotor Torque [Nm];Azimuthal Angle Theta [deg];Rotor Torque [Nm];Azimuthal Angle Theta [deg];Rotor Torque [Nm];Azimuthal Angle Theta [deg];Rotor Torque [Nm];Azimuthal Angle Theta [deg];Rotor Torque [Nm];Azimuthal Angle Theta [deg];Rotor Torque [Nm];Azimuthal Angle Theta [deg];Rotor Torque [Nm];Azimuthal Angle Theta [deg];Rotor Torque [Nm];Azimuthal Angle Theta [deg];Rotor Torque [Nm];Azimuthal Angle Theta [deg];Rotor Torque [Nm];Azimuthal Angle Theta [deg];Rotor Torque [Nm];Azimuthal Angle Theta [deg];Rotor Torque [Nm];Azimuthal Angle Theta [deg];Rotor Torque [Nm];Azimuthal Angle Theta [deg];Rotor Torque [Nm];Azimuthal Angle Theta [deg];Rotor Torque [Nm];Azimuthal Angle Theta [deg];Rotor Torque [Nm];Azimuthal Angle Theta [deg];Rotor Torque [Nm];Azimuthal Angle Theta [deg];Rotor Torque [Nm];Azimuthal Angle Theta [deg];Rotor Torque [Nm];Azimuthal Angle Theta [deg];Rotor Torque [Nm];Azimuthal Angle Theta [deg];Rotor Torque [Nm];Azimuthal Angle Theta [deg];Rotor Torque [Nm];Azimuthal Angle Theta [deg];Rotor Torque [Nm];Azimuthal Angle Theta [deg];Rotor Torque [Nm];Azimuthal Angle Theta [deg];Rotor Torque [Nm];Azimuthal Angle Theta [deg];Rotor Torque [Nm];Azimuthal Angle Theta [deg];Rotor Torque [Nm];Azimuthal Angle Theta [deg];Rotor Torque [Nm];Azimuthal Angle Theta [deg];Rotor Torque [Nm];Azimuthal Angle Theta [deg];Rotor Torque [Nm];Azimuthal Angle Theta [deg];Rotor Torque [Nm];Azimuthal Angle Theta [deg];Rotor Torque [Nm];Azimuthal Angle Theta [deg];Rotor Torque [Nm];Azimuthal Angle Theta [deg];Rotor Torque [Nm];Azimuthal Angle Theta [deg];Rotor Torque [Nm];Azimuthal Angle Theta [deg];Rotor Torque [Nm];Azimuthal Angle Theta [deg];Rotor Torque [Nm];Azimuthal Angle Theta [deg];Rotor Torque [Nm];Azimuthal Angle Theta [deg];Rotor Torque [Nm];Azimuthal Angle Theta [deg];Rotor Torque [Nm];Azimuthal Angle Theta [deg];Rotor Torque [Nm];Azimuthal Angle Theta [deg];Rotor Torque [Nm];Azimuthal Angle Theta [deg];Rotor Torque [Nm];Azimuthal Angle Theta [deg];Rotor Torque [Nm];Azimuthal Angle Theta [deg];Rotor Torque [Nm];Azimuthal Angle Theta [deg];Rotor Torque [Nm];Azimuthal Angle Theta [deg];Rotor Torque [Nm];Azimuthal Angle Theta [deg];Rotor Torque [Nm];Azimuthal Angle Theta [deg];Rotor Torque [Nm];Azimuthal Angle Theta [deg];Rotor Torque [Nm];Azimuthal Angle Theta [deg];Rotor Torque [Nm];Azimuthal Angle Theta [deg];Rotor Torque [Nm];Azimuthal Angle Theta [deg];Rotor Torque [Nm];Azimuthal Angle Theta [deg];Rotor Torque [Nm];Azimuthal Angle Theta [deg];Rotor Torque [Nm];Azimuthal Angle Theta [deg];Rotor Torque [Nm];Azimuthal Angle Theta [deg];Rotor Torque [Nm];Azimuthal Angle Theta [deg];Rotor Torque [Nm];Azimuthal Angle Theta [deg];Rotor Torque [Nm];Azimuthal Angle Theta [deg];Rotor Torque [Nm];Azimuthal Angle Theta [deg];Rotor Torque [Nm];Azimuthal Angle Theta [deg];Rotor Torque [Nm];Azimuthal Angle Theta [deg];Rotor Torque [Nm];Azimuthal Angle Theta [deg];Rotor Torque [Nm];Azimuthal Angle Theta [deg];Rotor Torque [Nm];Azimuthal Angle Theta [deg];Rotor Torque [Nm];Azimuthal Angle Theta [deg];Rotor Torque [Nm];Azimuthal Angle Theta [deg];Rotor Torque [Nm];Azimuthal Angle Theta [deg];Rotor Torque [Nm];Azimuthal Angle Theta [deg];Rotor Torque [Nm];Azimuthal Angle Theta [deg];Rotor Torque [Nm];Azimuthal Angle Theta [deg];Rotor Torque [Nm];Azimuthal Angle Theta [deg];Rotor Torque [Nm];Azimuthal Angle Theta [deg];Rotor Torque [Nm];Azimuthal Angle Theta [deg];Rotor Torque [Nm];Azimuthal Angle Theta [deg];Rotor Torque [Nm];Azimuthal Angle Theta [deg];Rotor Torque [Nm];Azimuthal Angle Theta [deg];Rotor Torque [Nm];Azimuthal Angle Theta [deg];Rotor Torque [Nm];Azimuthal Angle Theta [deg];Rotor Torque [Nm];Azimuthal Angle Theta [deg];Rotor Torque [Nm];Azimuthal Angle Theta [deg];Rotor Torque [Nm];Azimuthal Angle Theta [deg];Rotor Torque [Nm];Azimuthal Angle Theta [deg];Rotor Torque [Nm];Azimuthal Angle Theta [deg];Rotor Torque [Nm];Azimuthal Angle Theta [deg];Rotor Torque [Nm];Azimuthal Angle Theta [deg];Rotor Torque [Nm];Azimuthal Angle Theta [deg];Rotor Torque [Nm];Azimuthal Angle Theta [deg];Rotor Torque [Nm];Azimuthal Angle Theta [deg];Rotor Torque [Nm];Azimuthal Angle Theta [deg];Rotor Torque [Nm];Azimuthal Angle Theta [deg];Rotor Torque [Nm];Azimuthal Angle Theta [deg];Rotor Torque [Nm];Azimuthal Angle Theta [deg];Rotor Torque [Nm];Azimuthal Angle Theta [deg];Rotor Torque [Nm];Azimuthal Angle Theta [deg];Rotor Torque [Nm];Azimuthal Angle Theta [deg];Rotor Torque [Nm];Azimuthal Angle Theta [deg];Rotor Torque [Nm];Azimuthal Angle Theta [deg];Rotor Torque [Nm];Azimuthal Angle Theta [deg];Rotor Torque [Nm];Azimuthal Angle Theta [deg];Rotor Torque [Nm];Azimuthal Angle Theta [deg];Rotor Torque [Nm];Azimuthal Angle Theta [deg];Rotor Torque [Nm];Azimuthal Angle Theta [deg];Rotor Torque [Nm];Azimuthal Angle Theta [deg];Rotor Torque [Nm];Azimuthal Angle Theta [deg];Rotor Torque [Nm];Azimuthal Angle Theta [deg];Rotor Torque [Nm];Azimuthal Angle Theta [deg];Rotor Torque [Nm];Azimuthal Angle Theta [deg];Rotor Torque [Nm];Azimuthal Angle Theta [deg];Rotor Torque [Nm];Azimuthal Angle Theta [deg];Rotor Torque [Nm];Azimuthal Angle Theta [deg];Rotor Torque [Nm];Azimuthal Angle Theta [deg];Rotor Torque [Nm];Azimuthal Angle Theta [deg];Rotor Torque [Nm];Azimuthal Angle Theta [deg];Rotor Torque [Nm];Azimuthal Angle Theta [deg];Rotor Torque [Nm];Azimuthal Angle Theta [deg];Rotor Torque [Nm];Azimuthal Angle Theta [deg];Rotor Torque [Nm];Azimuthal Angle Theta [deg];Rotor Torque [Nm];Azimuthal Angle Theta [deg];Rotor Torque [Nm];Azimuthal Angle Theta [deg];Rotor Torque [Nm];Azimuthal Angle Theta [deg];Rotor Torque [Nm];Azimuthal Angle Theta [deg];Rotor Torque [Nm];Azimuthal Angle Theta [deg];Rotor Torque [Nm];Azimuthal Angle Theta [deg];Rotor Torque [Nm];Azimuthal Angle Theta [deg];Rotor Torque [Nm];Azimuthal Angle Theta [deg];Rotor Torque [Nm];Azimuthal Angle Theta [deg];Rotor Torque [Nm];Azimuthal Angle Theta [deg];Rotor Torque [Nm];Azimuthal Angle Theta [deg];Rotor Torque [Nm];Azimuthal Angle Theta [deg];Rotor Torque [Nm];Azimuthal Angle Theta [deg];Rotor Torque [Nm];Azimuthal Angle Theta [deg];Rotor Torque [Nm];Azimuthal Angle Theta [deg];Rotor Torque [Nm];Azimuthal Angle Theta [deg];Rotor Torque [Nm];Azimuthal Angle Theta [deg];Rotor Torque [Nm];Azimuthal Angle Theta [deg];Rotor Torque [Nm];Azimuthal Angle Theta [deg];Rotor Torque [Nm];Azimuthal Angle Theta [deg];Rotor Torque [Nm];Azimuthal Angle Theta [deg];Rotor Torque [Nm];Azimuthal Angle Theta [deg];Rotor Torque [Nm];Azimuthal Angle Theta [deg];Rotor Torque [Nm];Azimuthal Angle Theta [deg];Rotor Torque [Nm];Azimuthal Angle Theta [deg];Rotor Torque [Nm];Azimuthal Angle Theta [deg];Rotor Torque [Nm];Azimuthal Angle Theta [deg];Rotor Torque [Nm];Azimuthal Angle Theta [deg];Rotor Torque [Nm];Azimuthal Angle Theta [deg];Rotor Torque [Nm];Azimuthal Angle Theta [deg];Rotor Torque [Nm];Azimuthal Angle Theta [deg];Rotor Torque [Nm];Azimuthal Angle Theta [deg];Rotor Torque [Nm];Azimuthal Angle Theta [deg];Rotor Torque [Nm];Azimuthal Angle Theta [deg];Rotor Torque [Nm];Azimuthal Angle Theta [deg];Rotor Torque [Nm];Azimuthal Angle Theta [deg];Rotor Torque [Nm];Azimuthal Angle Theta [deg];Rotor Torque [Nm];Azimuthal Angle Theta [deg];Rotor Torque [Nm];Azimuthal Angle Theta [deg];Rotor Torque [Nm];Azimuthal Angle Theta [deg];Rotor Torque [Nm];Azimuthal Angle Theta [deg];Rotor Torque [Nm];Azimuthal Angle Theta [deg];Rotor Torque [Nm];Azimuthal Angle Theta [deg];Rotor Torque [Nm];Azimuthal Angle Theta [deg];Rotor Torque [Nm];Azimuthal Angle Theta [deg];Rotor Torque [Nm];Azimuthal Angle Theta [deg];Rotor Torque [Nm];Azimuthal Angle Theta [deg];Rotor Torque [Nm];Azimuthal Angle Theta [deg];Rotor Torque [Nm];Azimuthal Angle Theta [deg];Rotor Torque [Nm];Azimuthal Angle Theta [deg];Rotor Torque [Nm];Azimuthal Angle Theta [deg];Rotor Torque [Nm];Azimuthal Angle Theta [deg];Rotor Torque [Nm];Azimuthal Angle Theta [deg];Rotor Torque [Nm];Azimuthal Angle Theta [deg];Rotor Torque [Nm];Azimuthal Angle Theta [deg];Rotor Torque [Nm];Azimuthal Angle Theta [deg];Rotor Torque [Nm];Azimuthal Angle Theta [deg];Rotor Torque [Nm];Azimuthal Angle Theta [deg];Rotor Torque [Nm];Azimuthal Angle Theta [deg];Rotor Torque [Nm];Azimuthal Angle Theta [deg];Rotor Torque [Nm];Azimuthal Angle Theta [deg];Rotor Torque [Nm];Azimuthal Angle Theta [deg];Rotor Torque [Nm];Azimuthal Angle Theta [deg];Rotor Torque [Nm];Azimuthal Angle Theta [deg];Rotor Torque [Nm];Azimuthal Angle Theta [deg];Rotor Torque [Nm];Azimuthal Angle Theta [deg];Rotor Torque [Nm];Azimuthal Angle Theta [deg];Rotor Torque [Nm];Azimuthal Angle Theta [deg];Rotor Torque [Nm];Azimuthal Angle Theta [deg];Rotor Torque [Nm];Azimuthal Angle Theta [deg];Rotor Torque [Nm];Azimuthal Angle Theta [deg];Rotor Torque [Nm];Azimuthal Angle Theta [deg];Rotor Torque [Nm];Azimuthal Angle Theta [deg];Rotor Torque [Nm];Azimuthal Angle Theta [deg];Rotor Torque [Nm];Azimuthal Angle Theta [deg];Rotor Torque [Nm];Azimuthal Angle Theta [deg];Rotor Torque [Nm];Azimuthal Angle Theta [deg];Rotor Torque [Nm];Azimuthal Angle Theta [deg];Rotor Torque [Nm];Azimuthal Angle Theta [deg];Rotor Torque [Nm];Azimuthal Angle Theta [deg];Rotor Torque [Nm];Azimuthal Angle Theta [deg];Rotor Torque [Nm];Azimuthal Angle Theta [deg];Rotor Torque [Nm];Azimuthal Angle Theta [deg];Rotor Torque [Nm];Azimuthal Angle Theta [deg];Rotor Torque [Nm];Azimuthal Angle Theta [deg];Rotor Torque [Nm];Azimuthal Angle Theta [deg];Rotor Torque [Nm];Azimuthal Angle Theta [deg];Rotor Torque [Nm];Azimuthal Angle Theta [deg];Rotor Torque [Nm];Azimuthal Angle Theta [deg];Rotor Torque [Nm];Azimuthal Angle Theta [deg];Rotor Torque [Nm];Azimuthal Angle Theta [deg];Rotor Torque [Nm];Azimuthal Angle Theta [deg];Rotor Torque [Nm];Azimuthal Angle Theta [deg];Rotor Torque [Nm];Azimuthal Angle Theta [deg];Rotor Torque [Nm];Azimuthal Angle Theta [deg];Rotor Torque [Nm];Azimuthal Angle Theta [deg];Rotor Torque [Nm];Azimuthal Angle Theta [deg];Rotor Torque [Nm];Azimuthal Angle Theta [deg];Rotor Torque [Nm];Azimuthal Angle Theta [deg];Rotor Torque [Nm];Azimuthal Angle Theta [deg];Rotor Torque [Nm];Azimuthal Angle Theta [deg];Rotor Torque [Nm];Azimuthal Angle Theta [deg];Rotor Torque [Nm];Azimuthal Angle Theta [deg];Rotor Torque [Nm];Azimuthal Angle Theta [deg];Rotor Torque [Nm];Azimuthal Angle Theta [deg];Rotor Torque [Nm];Azimuthal Angle Theta [deg];Rotor Torque [Nm];Azimuthal Angle Theta [deg];Rotor Torque [Nm];Azimuthal Angle Theta [deg];Rotor Torque [Nm];Azimuthal Angle Theta [deg];Rotor Torque [Nm];Azimuthal Angle Theta [deg];Rotor Torque [Nm];Azimuthal Angle Theta [deg];Rotor Torque [Nm];Azimuthal Angle Theta [deg];Rotor Torque [Nm];Azimuthal Angle Theta [deg];Rotor Torque [Nm];Azimuthal Angle Theta [deg];Rotor Torque [Nm];Azimuthal Angle Theta [deg];Rotor Torque [Nm];Azimuthal Angle Theta [deg];Rotor Torque [Nm];Azimuthal Angle Theta [deg];Rotor Torque [Nm];Azimuthal Angle Theta [deg];Rotor Torque [Nm];Azimuthal Angle Theta [deg];Rotor Torque [Nm];Azimuthal Angle Theta [deg];Rotor Torque [Nm];Azimuthal Angle Theta [deg];Rotor Torque [Nm];Azimuthal Angle Theta [deg];Rotor Torque [Nm];Azimuthal Angle Theta [deg];Rotor Torque [Nm];Azimuthal Angle Theta [deg];Rotor Torque [Nm];Azimuthal Angle Theta [deg];Rotor Torque [Nm];Azimuthal Angle Theta [deg];Rotor Torque [Nm];Azimuthal Angle Theta [deg];Rotor Torque [Nm];Azimuthal Angle Theta [deg];Rotor Torque [Nm];Azimuthal Angle Theta [deg];Rotor Torque [Nm];Azimuthal Angle Theta [deg];Rotor Torque [Nm];Azimuthal Angle Theta [deg];Rotor Torque [Nm];Azimuthal Angle Theta [deg];Rotor Torque [Nm];Azimuthal Angle Theta [deg];Rotor Torque [Nm];Azimuthal Angle Theta [deg];Rotor Torque [Nm];Azimuthal Angle Theta [deg];Rotor Torque [Nm];Azimuthal Angle Theta [deg];Rotor Torque [Nm];Azimuthal Angle Theta [deg];Rotor Torque [Nm];Azimuthal Angle Theta [deg];Rotor Torque [Nm];Azimuthal Angle Theta [deg];Rotor Torque [Nm];Azimuthal Angle Theta [deg];Rotor Torque [Nm];Azimuthal Angle Theta [deg];Rotor Torque [Nm];Azimuthal Angle Theta [deg];Rotor Torque [Nm];Azimuthal Angle Theta [deg];Rotor Torque [Nm];Azimuthal Angle Theta [deg];Rotor Torque [Nm];Azimuthal Angle Theta [deg];Rotor Torque [Nm];Azimuthal Angle Theta [deg];Rotor Torque [Nm];Azimuthal Angle Theta [deg];Rotor Torque [Nm];Azimuthal Angle Theta [deg];Rotor Torque [Nm];Azimuthal Angle Theta [deg];Rotor Torque [Nm];Azimuthal Angle Theta [deg];Rotor Torque [Nm];Azimuthal Angle Theta [deg];Rotor Torque [Nm];Azimuthal Angle Theta [deg];Rotor Torque [Nm];Azimuthal Angle Theta [deg];Rotor Torque [Nm];Azimuthal Angle Theta [deg];Rotor Torque [Nm];Azimuthal Angle Theta [deg];Rotor Torque [Nm];Azimuthal Angle Theta [deg];Rotor Torque [Nm];Azimuthal Angle Theta [deg];Rotor Torque [Nm];Azimuthal Angle Theta [deg];Rotor Torque [Nm];Azimuthal Angle Theta [deg];Rotor Torque [Nm];Azimuthal Angle Theta [deg];Rotor Torque [Nm];Azimuthal Angle Theta [deg];Rotor Torque [Nm];Azimuthal Angle Theta [deg];Rotor Torque [Nm];Azimuthal Angle Theta [deg];Rotor Torque [Nm];Azimuthal Angle Theta [deg];Rotor Torque [Nm];Azimuthal Angle Theta [deg];Rotor Torque [Nm];Azimuthal Angle Theta [deg];Rotor Torque [Nm];Azimuthal Angle Theta [deg];Rotor Torque [Nm];Azimuthal Angle Theta [deg];Rotor Torque [Nm];Azimuthal Angle Theta [deg];Rotor Torque [Nm];Azimuthal Angle Theta [deg];Rotor Torque [Nm];Azimuthal Angle Theta [deg];Rotor Torque [Nm];Azimuthal Angle Theta [deg];Rotor Torque [Nm];Azimuthal Angle Theta [deg];Rotor Torque [Nm];Azimuthal Angle Theta [deg];Rotor Torque [Nm];Azimuthal Angle Theta [deg];Rotor Torque [Nm];Azimuthal Angle Theta [deg];Rotor Torque [Nm];Azimuthal Angle Theta [deg];Rotor Torque [Nm];Azimuthal Angle Theta [deg];Rotor Torque [Nm];Azimuthal Angle Theta [deg];Rotor Torque [Nm];Azimuthal Angle Theta [deg];Rotor Torque [Nm];Azimuthal Angle Theta [deg];Rotor Torque [Nm];Azimuthal Angle Theta [deg];Rotor Torque [Nm];Azimuthal Angle Theta [deg];Rotor Torque [Nm];Azimuthal Angle Theta [deg];Rotor Torque [Nm];Azimuthal Angle Theta [deg];Rotor Torque [Nm];Azimuthal Angle Theta [deg];Rotor Torque [Nm];Azimuthal Angle Theta [deg];Rotor Torque [Nm];Azimuthal Angle Theta [deg];Rotor Torque [Nm];Azimuthal Angle Theta [deg];Rotor Torque [Nm];Azimuthal Angle Theta [deg];Rotor Torque [Nm];Azimuthal Angle Theta [deg];Rotor Torque [Nm];Azimuthal Angle Theta [deg];Rotor Torque [Nm];Azimuthal Angle Theta [deg];Rotor Torque [Nm];Azimuthal Angle Theta [deg];Rotor Torque [Nm];Azimuthal Angle Theta [deg];Rotor Torque [Nm];Azimuthal Angle Theta [deg];Rotor Torque [Nm];Azimuthal Angle Theta [deg];Rotor Torque [Nm];Azimuthal Angle Theta [deg];Rotor Torque [Nm];Azimuthal Angle Theta [deg];Rotor Torque [Nm];Azimuthal Angle Theta [deg];Rotor Torque [Nm];Azimuthal Angle Theta [deg];Rotor Torque [Nm];Azimuthal Angle Theta [deg];Rotor Torque [Nm];Azimuthal Angle Theta [deg];Rotor Torque [Nm];Azimuthal Angle Theta [deg];Rotor Torque [Nm];Azimuthal Angle Theta [deg];Rotor Torque [Nm];Azimuthal Angle Theta [deg];Rotor Torque [Nm];Azimuthal Angle Theta [deg];Rotor Torque [Nm];Azimuthal Angle Theta [deg];Rotor Torque [Nm];Azimuthal Angle Theta [deg];Rotor Torque [Nm];Azimuthal Angle Theta [deg];Rotor Torque [Nm];Azimuthal Angle Theta [deg];Rotor Torque [Nm];Azimuthal Angle Theta [deg];Rotor Torque [Nm];Azimuthal Angle Theta [deg];Rotor Torque [Nm];Azimuthal Angle Theta [deg];Rotor Torque [Nm];Azimuthal Angle Theta [deg];Rotor Torque [Nm];Azimuthal Angle Theta [deg];Rotor Torque [Nm];Azimuthal Angle Theta [deg];Rotor Torque [Nm];Azimuthal Angle Theta [deg];Rotor Torque [Nm];Azimuthal Angle Theta [deg];Rotor Torque [Nm];Azimuthal Angle Theta [deg];Rotor Torque [Nm];Azimuthal Angle Theta [deg];Rotor Torque [Nm];Azimuthal Angle Theta [deg];Rotor Torque [Nm];Azimuthal Angle Theta [deg];Rotor Torque [Nm];Azimuthal Angle Theta [deg];Rotor Torque [Nm];Azimuthal Angle Theta [deg];Rotor Torque [Nm];Azimuthal Angle Theta [deg];Rotor Torque [Nm];Azimuthal Angle Theta [deg];Rotor Torque [Nm];Azimuthal Angle Theta [deg];Rotor Torque [Nm];Azimuthal Angle Theta [deg];Rotor Torque [Nm];Azimuthal Angle Theta [deg];Rotor Torque [Nm];Azimuthal Angle Theta [deg];Rotor Torque [Nm];Azimuthal Angle Theta [deg];Rotor Torque [Nm];Azimuthal Angle Theta [deg];Rotor Torque [Nm];Azimuthal Angle Theta [deg];Rotor Torque [Nm];Azimuthal Angle Theta [deg];Rotor Torque [Nm];Azimuthal Angle Theta [deg];Rotor Torque [Nm];Azimuthal Angle Theta [deg];Rotor Torque [Nm];Azimuthal Angle Theta [deg];Rotor Torque [Nm];Azimuthal Angle Theta [deg];Rotor Torque [Nm];Azimuthal Angle Theta [deg];Rotor Torque [Nm];Azimuthal Angle Theta [deg];Rotor Torque [Nm];Azimuthal Angle Theta [deg];Rotor Torque [Nm];Azimuthal Angle Theta [deg];Rotor Torque [Nm];Azimuthal Angle Theta [deg];Rotor Torque [Nm];Azimuthal Angle Theta [deg];Rotor Torque [Nm];Azimuthal Angle Theta [deg];Rotor Torque [Nm];Azimuthal Angle Theta [deg];Rotor Torque [Nm];Azimuthal Angle Theta [deg];Rotor Torque [Nm];Azimuthal Angle Theta [deg];Rotor Torque [Nm];Azimuthal Angle Theta [deg];Rotor Torque [Nm];Azimuthal Angle Theta [deg];Rotor Torque [Nm];Azimuthal Angle Theta [deg];Rotor Torque [Nm];Azimuthal Angle Theta [deg];Rotor Torque [Nm];Azimuthal Angle Theta [deg];Rotor Torque [Nm];Azimuthal Angle Theta [deg];Rotor Torque [Nm];Azimuthal Angle Theta [deg];Rotor Torque [Nm];Azimuthal Angle Theta [deg];Rotor Torque [Nm];Azimuthal Angle Theta [deg];Rotor Torque [Nm];Azimuthal Angle Theta [deg];Rotor Torque [Nm];Azimuthal Angle Theta [deg];Rotor Torque [Nm];Azimuthal Angle Theta [deg];Rotor Torque [Nm];Azimuthal Angle Theta [deg];Rotor Torque [Nm];Azimuthal Angle Theta [deg];Rotor Torque [Nm];Azimuthal Angle Theta [deg];Rotor Torque [Nm];Azimuthal Angle Theta [deg];Rotor Torque [Nm];Azimuthal Angle Theta [deg];Rotor Torque [Nm];Azimuthal Angle Theta [deg];Rotor Torque [Nm];Azimuthal Angle Theta [deg];Rotor Torque [Nm];Azimuthal Angle Theta [deg];Rotor Torque [Nm];Azimuthal Angle Theta [deg];Rotor Torque [Nm];Azimuthal Angle Theta [deg];Rotor Torque [Nm];Azimuthal Angle Theta [deg];Rotor Torque [Nm];Azimuthal Angle Theta [deg];Rotor Torque [Nm];Azimuthal Angle Theta [deg];Rotor Torque [Nm];Azimuthal Angle Theta [deg];Rotor Torque [Nm];Azimuthal Angle Theta [deg];Rotor Torque [Nm];Azimuthal Angle Theta [deg];Rotor Torque [Nm];Azimuthal Angle Theta [deg];Rotor Torque [Nm];Azimuthal Angle Theta [deg];Rotor Torque [Nm];Azimuthal Angle Theta [deg];Rotor Torque [Nm];Azimuthal Angle Theta [deg];Rotor Torque [Nm];Azimuthal Angle Theta [deg];Rotor Torque [Nm];Azimuthal Angle Theta [deg];Rotor Torque [Nm];Azimuthal Angle Theta [deg];Rotor Torque [Nm];Azimuthal Angle Theta [deg];Rotor Torque [Nm];Azimuthal Angle Theta [deg];Rotor Torque [Nm];Azimuthal Angle Theta [deg];Rotor Torque [Nm];Azimuthal Angle Theta [deg];Rotor Torque [Nm];Azimuthal Angle Theta [deg];Rotor Torque [Nm];Azimuthal Angle Theta [deg];Rotor Torque [Nm];Azimuthal Angle Theta [deg];Rotor Torque [Nm];Azimuthal Angle Theta [deg];Rotor Torque [Nm];Azimuthal Angle Theta [deg];Rotor Torque [Nm];Azimuthal Angle Theta [deg];Rotor Torque [Nm];Azimuthal Angle Theta [deg];Rotor Torque [Nm];Azimuthal Angle Theta [deg];Rotor Torque [Nm];Azimuthal Angle Theta [deg];Rotor Torque [Nm];Azimuthal Angle Theta [deg];Rotor Torque [Nm];Azimuthal Angle Theta [deg];Rotor Torque [Nm];Azimuthal Angle Theta [deg];Rotor Torque [Nm];Azimuthal Angle Theta [deg];Rotor Torque [Nm];Azimuthal Angle Theta [deg];Rotor Torque [Nm];Azimuthal Angle Theta [deg];Rotor Torque [Nm];Azimuthal Angle Theta [deg];Rotor Torque [Nm];Azimuthal Angle Theta [deg];Rotor Torque [Nm];Azimuthal Angle Theta [deg];Rotor Torque [Nm];Azimuthal Angle Theta [deg];Rotor Torque [Nm];Azimuthal Angle Theta [deg];Rotor Torque [Nm];Azimuthal Angle Theta [deg];Rotor Torque [Nm];Azimuthal Angle Theta [deg];Rotor Torque [Nm];Azimuthal Angle Theta [deg];Rotor Torque [Nm];Azimuthal Angle Theta [deg];Rotor Torque [Nm];Azimuthal Angle Theta [deg];Rotor Torque [Nm];Azimuthal Angle Theta [deg];Rotor Torque [Nm];Azimuthal Angle Theta [deg];Rotor Torque [Nm];Azimuthal Angle Theta [deg];Rotor Torque [Nm];Azimuthal Angle Theta [deg];Rotor Torque [Nm];Azimuthal Angle Theta [deg];Rotor Torque [Nm];Azimuthal Angle Theta [deg];Rotor Torque [Nm];Azimuthal Angle Theta [deg];Rotor Torque [Nm];Azimuthal Angle Theta [deg];Rotor Torque [Nm];Azimuthal Angle Theta [deg];Rotor Torque [Nm];Azimuthal Angle Theta [deg];Rotor Torque [Nm];Azimuthal Angle Theta [deg];Rotor Torque [Nm];Azimuthal Angle Theta [deg];Rotor Torque [Nm];Azimuthal Angle Theta [deg];Rotor Torque [Nm];Azimuthal Angle Theta [deg];Rotor Torque [Nm];Azimuthal Angle Theta [deg];Rotor Torque [Nm];Azimuthal Angle Theta [deg];Rotor Torque [Nm];Azimuthal Angle Theta [deg];Rotor Torque [Nm];Azimuthal Angle Theta [deg];Rotor Torque [Nm];Azimuthal Angle Theta [deg];Rotor Torque [Nm];Azimuthal Angle Theta [deg];Rotor Torque [Nm];Azimuthal Angle Theta [deg];Rotor Torque [Nm];Azimuthal Angle Theta [deg];Rotor Torque [Nm];Azimuthal Angle Theta [deg];Rotor Torque [Nm];Azimuthal Angle Theta [deg];Rotor Torque [Nm];Azimuthal Angle Theta [deg];Rotor Torque [Nm];Azimuthal Angle Theta [deg];Rotor Torque [Nm];Azimuthal Angle Theta [deg];Rotor Torque [Nm];Azimuthal Angle Theta [deg];Rotor Torque [Nm];Azimuthal Angle Theta [deg];Rotor Torque [Nm];Azimuthal Angle Theta [deg];Rotor Torque [Nm];Azimuthal Angle Theta [deg];Rotor Torque [Nm];Azimuthal Angle Theta [deg];Rotor Torque [Nm];Azimuthal Angle Theta [deg];Rotor Torque [Nm];Azimuthal Angle Theta [deg];Rotor Torque [Nm];Azimuthal Angle Theta [deg];Rotor Torque [Nm];Azimuthal Angle Theta [deg];Rotor Torque [Nm];Azimuthal Angle Theta [deg];Rotor Torque [Nm];Azimuthal Angle Theta [deg];Rotor Torque [Nm];Azimuthal Angle Theta [deg];Rotor Torque [Nm];Azimuthal Angle Theta [deg];Rotor Torque [Nm];Azimuthal Angle Theta [deg];Rotor Torque [Nm];Azimuthal Angle Theta [deg];Rotor Torque [Nm];Azimuthal Angle Theta [deg];Rotor Torque [Nm];Azimuthal Angle Theta [deg];Rotor Torque [Nm];Azimuthal Angle Theta [deg];Rotor Torque [Nm];Azimuthal Angle Theta [deg];Rotor Torque [Nm];Azimuthal Angle Theta [deg];Rotor Torque [Nm];Azimuthal Angle Theta [deg];Rotor Torque [Nm];Azimuthal Angle Theta [deg];Rotor Torque [Nm];Azimuthal Angle Theta [deg];Rotor Torque [Nm];Azimuthal Angle Theta [deg];Rotor Torque [Nm];Azimuthal Angle Theta [deg];Rotor Torque [Nm];Azimuthal Angle Theta [deg];Rotor Torque [Nm];Azimuthal Angle Theta [deg];Rotor Torque [Nm];Azimuthal Angle Theta [deg];Rotor Torque [Nm];Azimuthal Angle Theta [deg];Rotor Torque [Nm];Azimuthal Angle Theta [deg];Rotor Torque [Nm];Azimuthal Angle Theta [deg];Rotor Torque [Nm];Azimuthal Angle Theta [deg];Rotor Torque [Nm];Azimuthal Angle Theta [deg];Rotor Torque [Nm];Azimuthal Angle Theta [deg];Rotor Torque [Nm];Azimuthal Angle Theta [deg];Rotor Torque [Nm];Azimuthal Angle Theta [deg];Rotor Torque [Nm];Azimuthal Angle Theta [deg];Rotor Torque [Nm];Azimuthal Angle Theta [deg];Rotor Torque [Nm];Azimuthal Angle Theta [deg];Rotor Torque [Nm];Azimuthal Angle Theta [deg];Rotor Torque [Nm];Azimuthal Angle Theta [deg];Rotor Torque [Nm];Azimuthal Angle Theta [deg];Rotor Torque [Nm];Azimuthal Angle Theta [deg];Rotor Torque [Nm];Azimuthal Angle Theta [deg];Rotor Torque [Nm];Azimuthal Angle Theta [deg];Rotor Torque [Nm];Azimuthal Angle Theta [deg];Rotor Torque [Nm];Azimuthal Angle Theta [deg];Rotor Torque [Nm];Azimuthal Angle Theta [deg];Rotor Torque [Nm];Azimuthal Angle Theta [deg];Rotor Torque [Nm];Azimuthal Angle Theta [deg];Rotor Torque [Nm];Azimuthal Angle Theta [deg];Rotor Torque [Nm];Azimuthal Angle Theta [deg];Rotor Torque [Nm];Azimuthal Angle Theta [deg];Rotor Torque [Nm];Azimuthal Angle Theta [deg];Rotor Torque [Nm];Azimuthal Angle Theta [deg];Rotor Torque [Nm];Azimuthal Angle Theta [deg];Rotor Torque [Nm];Azimuthal Angle Theta [deg];Rotor Torque [Nm];Azimuthal Angle Theta [deg];Rotor Torque [Nm];Azimuthal Angle Theta [deg];Rotor Torque [Nm];Azimuthal Angle Theta [deg];Rotor Torque [Nm];Azimuthal Angle Theta [deg];Rotor Torque [Nm];Azimuthal Angle Theta [deg];Rotor Torque [Nm];Azimuthal Angle Theta [deg];Rotor Torque [Nm];Azimuthal Angle Theta [deg];Rotor Torque [Nm];Azimuthal Angle Theta [deg];Rotor Torque [Nm];Azimuthal Angle Theta [deg];Rotor Torque [Nm];Azimuthal Angle Theta [deg];Rotor Torque [Nm];Azimuthal Angle Theta [deg];Rotor Torque [Nm];Azimuthal Angle Theta [deg];Rotor Torque [Nm];Azimuthal Angle Theta [deg];Rotor Torque [Nm];Azimuthal Angle Theta [deg];Rotor Torque [Nm];Azimuthal Angle Theta [deg];Rotor Torque [Nm];Azimuthal Angle Theta [deg];Rotor Torque [Nm];Azimuthal Angle Theta [deg];Rotor Torque [Nm];Azimuthal Angle Theta [deg];Rotor Torque [Nm];Azimuthal Angle Theta [deg];Rotor Torque [Nm];Azimuthal Angle Theta [deg];Rotor Torque [Nm];Azimuthal Angle Theta [deg];Rotor Torque [Nm];Azimuthal Angle Theta [deg];Rotor Torque [Nm];Azimuthal Angle Theta [deg];Rotor Torque [Nm];Azimuthal Angle Theta [deg];Rotor Torque [Nm];Azimuthal Angle Theta [deg];Rotor Torque [Nm];Azimuthal Angle Theta [deg];Rotor Torque [Nm];Azimuthal Angle Theta [deg];Rotor Torque [Nm];Azimuthal Angle Theta [deg];Rotor Torque [Nm];Azimuthal Angle Theta [deg];Rotor Torque [Nm];Azimuthal Angle Theta [deg];Rotor Torque [Nm];Azimuthal Angle Theta [deg];Rotor Torque [Nm];Azimuthal Angle Theta [deg];Rotor Torque [Nm];Azimuthal Angle Theta [deg];Rotor Torque [Nm];Azimuthal Angle Theta [deg];Rotor Torque [Nm];Azimuthal Angle Theta [deg];Rotor Torque [Nm];Azimuthal Angle Theta [deg];Rotor Torque [Nm];Azimuthal Angle Theta [deg];Rotor Torque [Nm];Azimuthal Angle Theta [deg];Rotor Torque [Nm];Azimuthal Angle Theta [deg];Rotor Torque [Nm];Azimuthal Angle Theta [deg];Rotor Torque [Nm];Azimuthal Angle Theta [deg];Rotor Torque [Nm];Azimuthal Angle Theta [deg];Rotor Torque [Nm];Azimuthal Angle Theta [deg];Rotor Torque [Nm];Azimuthal Angle Theta [deg];Rotor Torque [Nm];Azimuthal Angle Theta [deg];Rotor Torque [Nm];Azimuthal Angle Theta [deg];Rotor Torque [Nm];Azimuthal Angle Theta [deg];Rotor Torque [Nm];Azimuthal Angle Theta [deg];Rotor Torque [Nm];Azimuthal Angle Theta [deg];Rotor Torque [Nm];Azimuthal Angle Theta [deg];Rotor Torque [Nm];Azimuthal Angle Theta [deg];Rotor Torque [Nm];Azimuthal Angle Theta [deg];Rotor Torque [Nm];Azimuthal Angle Theta [deg];Rotor Torque [Nm];Azimuthal Angle Theta [deg];Rotor Torque [Nm];Azimuthal Angle Theta [deg];Rotor Torque [Nm];Azimuthal Angle Theta [deg];Rotor Torque [Nm];Azimuthal Angle Theta [deg];Rotor Torque [Nm];Azimuthal Angle Theta [deg];Rotor Torque [Nm];Azimuthal Angle Theta [deg];Rotor Torque [Nm];Azimuthal Angle Theta [deg];Rotor Torque [Nm];Azimuthal Angle Theta [deg];Rotor Torque [Nm];Azimuthal Angle Theta [deg];Rotor Torque [Nm];Azimuthal Angle Theta [deg];Rotor Torque [Nm];Azimuthal Angle Theta [deg];Rotor Torque [Nm];Azimuthal Angle Theta [deg];Rotor Torque [Nm];Azimuthal Angle Theta [deg];Rotor Torque [Nm];Azimuthal Angle Theta [deg];Rotor Torque [Nm];Azimuthal Angle Theta [deg];Rotor Torque [Nm];Azimuthal Angle Theta [deg];Rotor Torque [Nm];Azimuthal Angle Theta [deg];Rotor Torque [Nm];Azimuthal Angle Theta [deg];Rotor Torque [Nm];Azimuthal Angle Theta [deg];Rotor Torque [Nm];Azimuthal Angle Theta [deg];Rotor Torque [Nm];Azimuthal Angle Theta [deg];Rotor Torque [Nm];Azimuthal Angle Theta [deg];Rotor Torque [Nm];Azimuthal Angle Theta [deg];Rotor Torque [Nm];Azimuthal Angle Theta [deg];Rotor Torque [Nm];Azimuthal Angle Theta [deg];Rotor Torque [Nm];Azimuthal Angle Theta [deg];Rotor Torque [Nm];Azimuthal Angle Theta [deg];Rotor Torque [Nm];Azimuthal Angle Theta [deg];Rotor Torque [Nm];Azimuthal Angle Theta [deg];Rotor Torque [Nm];Azimuthal Angle Theta [deg];Rotor Torque [Nm];Azimuthal Angle Theta [deg];Rotor Torque [Nm];Azimuthal Angle Theta [deg];Rotor Torque [Nm];Azimuthal Angle Theta [deg];Rotor Torque [Nm];Azimuthal Angle Theta [deg];Rotor Torque [Nm];Azimuthal Angle Theta [deg];Rotor Torque [Nm];Azimuthal Angle Theta [deg];Rotor Torque [Nm];Azimuthal Angle Theta [deg];Rotor Torque [Nm];Azimuthal Angle Theta [deg];Rotor Torque [Nm];Azimuthal Angle Theta [deg];Rotor Torque [Nm];Azimuthal Angle Theta [deg];Rotor Torque [Nm];Azimuthal Angle Theta [deg];Rotor Torque [Nm];Azimuthal Angle Theta [deg];Rotor Torque [Nm];Azimuthal Angle Theta [deg];Rotor Torque [Nm];Azimuthal Angle Theta [deg];Rotor Torque [Nm];Azimuthal Angle Theta [deg];Rotor Torque [Nm];Azimuthal Angle Theta [deg];Rotor Torque [Nm];Azimuthal Angle Theta [deg];Rotor Torque [Nm];Azimuthal Angle Theta [deg];Rotor Torque [Nm];Azimuthal Angle Theta [deg];Rotor Torque [Nm];Azimuthal Angle Theta [deg];Rotor Torque [Nm];Azimuthal Angle Theta [deg];Rotor Torque [Nm];Azimuthal Angle Theta [deg];Rotor Torque [Nm];Azimuthal Angle Theta [deg];Rotor Torque [Nm];Azimuthal Angle Theta [deg];Rotor Torque [Nm];Azimuthal Angle Theta [deg];Rotor Torque [Nm];Azimuthal Angle Theta [deg];Rotor Torque [Nm];Azimuthal Angle Theta [deg];Rotor Torque [Nm];Azimuthal Angle Theta [deg];Rotor Torque [Nm];Azimuthal Angle Theta [deg];Rotor Torque [Nm];Azimuthal Angle Theta [deg];Rotor Torque [Nm];Azimuthal Angle Theta [deg];Rotor Torque [Nm];Azimuthal Angle Theta [deg];Rotor Torque [Nm];Azimuthal Angle Theta [deg];Rotor Torque [Nm];Azimuthal Angle Theta [deg];Rotor Torque [Nm];Azimuthal Angle Theta [deg];Rotor Torque [Nm];Azimuthal Angle Theta [deg];Rotor Torque [Nm];Azimuthal Angle Theta [deg];Rotor Torque [Nm];Azimuthal Angle Theta [deg];Rotor Torque [Nm];Azimuthal Angle Theta [deg];Rotor Torque [Nm];Azimuthal Angle Theta [deg];Rotor Torque [Nm];Azimuthal Angle Theta [deg];Rotor Torque [Nm];Azimuthal Angle Theta [deg];Rotor Torque [Nm];Azimuthal Angle Theta [deg];Rotor Torque [Nm];Azimuthal Angle Theta [deg];Rotor Torque [Nm];Azimuthal Angle Theta [deg];Rotor Torque [Nm];Azimuthal Angle Theta [deg];Rotor Torque [Nm];Azimuthal Angle Theta [deg];Rotor Torque [Nm];Azimuthal Angle Theta [deg];Rotor Torque [Nm];Azimuthal Angle Theta [deg];Rotor Torque [Nm];Azimuthal Angle Theta [deg];Rotor Torque [Nm];Azimuthal Angle Theta [deg];Rotor Torque [Nm];Azimuthal Angle Theta [deg];Rotor Torque [Nm];Azimuthal Angle Theta [deg];Rotor Torque [Nm];Azimuthal Angle Theta [deg];Rotor Torque [Nm];Azimuthal Angle Theta [deg];Rotor Torque [Nm];Azimuthal Angle Theta [deg];Rotor Torque [Nm];Azimuthal Angle Theta [deg];Rotor Torque [Nm];Azimuthal Angle Theta [deg];Rotor Torque [Nm];Azimuthal Angle Theta [deg];Rotor Torque [Nm];Azimuthal Angle Theta [deg];Rotor Torque [Nm];Azimuthal Angle Theta [deg];Rotor Torque [Nm];Azimuthal Angle Theta [deg];Rotor Torque [Nm];Azimuthal Angle Theta [deg];Rotor Torque [Nm];Azimuthal Angle Theta [deg];Rotor Torque [Nm];Azimuthal Angle Theta [deg];Rotor Torque [Nm];Azimuthal Angle Theta [deg];Rotor Torque [Nm];Azimuthal Angle Theta [deg];Rotor Torque [Nm];Azimuthal Angle Theta [deg];Rotor Torque [Nm];Azimuthal Angle Theta [deg];Rotor Torque [Nm];Azimuthal Angle Theta [deg];Rotor Torque [Nm];Azimuthal Angle Theta [deg];Rotor Torque [Nm];Azimuthal Angle Theta [deg];Rotor Torque [Nm];Azimuthal Angle Theta [deg];Rotor Torque [Nm];Azimuthal Angle Theta [deg];Rotor Torque [Nm];Azimuthal Angle Theta [deg];Rotor Torque [Nm];Azimuthal Angle Theta [deg];Rotor Torque [Nm];Azimuthal Angle Theta [deg];Rotor Torque [Nm];Azimuthal Angle Theta [deg];Rotor Torque [Nm];Azimuthal Angle Theta [deg];Rotor Torque [Nm];Azimuthal Angle Theta [deg];Rotor Torque [Nm];Azimuthal Angle Theta [deg];Rotor Torque [Nm];Azimuthal Angle Theta [deg];Rotor Torque [Nm];Azimuthal Angle Theta [deg];Rotor Torque [Nm];Azimuthal Angle Theta [deg];Rotor Torque [Nm];Azimuthal Angle Theta [deg];Rotor Torque [Nm];Azimuthal Angle Theta [deg];Rotor Torque [Nm];Azimuthal Angle Theta [deg];Rotor Torque [Nm];Azimuthal Angle Theta [deg];Rotor Torque [Nm];Azimuthal Angle Theta [deg];Rotor Torque [Nm];Azimuthal Angle Theta [deg];Rotor Torque [Nm];Azimuthal Angle Theta [deg];Rotor Torque [Nm];Azimuthal Angle Theta [deg];Rotor Torque [Nm];Azimuthal Angle Theta [deg];Rotor Torque [Nm];Azimuthal Angle Theta [deg];Rotor Torque [Nm];Azimuthal Angle Theta [deg];Rotor Torque [Nm];Azimuthal Angle Theta [deg];Rotor Torque [Nm];Azimuthal Angle Theta [deg];Rotor Torque [Nm];Azimuthal Angle Theta [deg];Rotor Torque [Nm];Azimuthal Angle Theta [deg];Rotor Torque [Nm];Azimuthal Angle Theta [deg];Rotor Torque [Nm];Azimuthal Angle Theta [deg];Rotor Torque [Nm];Azimuthal Angle Theta [deg];Rotor Torque [Nm];Azimuthal Angle Theta [deg];Rotor Torque [Nm];Azimuthal Angle Theta [deg];Rotor Torque [Nm];Azimuthal Angle Theta [deg];Rotor Torque [Nm];Azimuthal Angle Theta [deg];Rotor Torque [Nm];Azimuthal Angle Theta [deg];Rotor Torque [Nm];Azimuthal Angle Theta [deg];Rotor Torque [Nm];Azimuthal Angle Theta [deg];Rotor Torque [Nm];Azimuthal Angle Theta [deg];Rotor Torque [Nm];Azimuthal Angle Theta [deg];Rotor Torque [Nm];Azimuthal Angle Theta [deg];Rotor Torque [Nm];Azimuthal Angle Theta [deg];Rotor Torque [Nm];Azimuthal Angle Theta [deg];Rotor Torque [Nm];Azimuthal Angle Theta [deg];Rotor Torque [Nm];Azimuthal Angle Theta [deg];Rotor Torque [Nm];Azimuthal Angle Theta [deg];Rotor Torque [Nm];Azimuthal Angle Theta [deg];Rotor Torque [Nm];Azimuthal Angle Theta [deg];Rotor Torque [Nm];Azimuthal Angle Theta [deg];Rotor Torque [Nm];Azimuthal Angle Theta [deg];Rotor Torque [Nm];Azimuthal Angle Theta [deg];Rotor Torque [Nm];Azimuthal Angle Theta [deg];Rotor Torque [Nm];Azimuthal Angle Theta [deg];Rotor Torque [Nm];Azimuthal Angle Theta [deg];Rotor Torque [Nm];Azimuthal Angle Theta [deg];Rotor Torque [Nm];Azimuthal Angle Theta [deg];Rotor Torque [Nm];Azimuthal Angle Theta [deg];Rotor Torque [Nm];Azimuthal Angle Theta [deg];Rotor Torque [Nm];Azimuthal Angle Theta [deg];Rotor Torque [Nm];Azimuthal Angle Theta [deg];Rotor Torque [Nm];Azimuthal Angle Theta [deg];Rotor Torque [Nm];Azimuthal Angle Theta [deg];Rotor Torque [Nm];Azimuthal Angle Theta [deg];Rotor Torque [Nm];Azimuthal Angle Theta [deg];Rotor Torque [Nm];Azimuthal Angle Theta [deg];Rotor Torque [Nm];Azimuthal Angle Theta [deg];Rotor Torque [Nm];Azimuthal Angle Theta [deg];Rotor Torque [Nm];Azimuthal Angle Theta [deg];Rotor Torque [Nm];Azimuthal Angle Theta [deg];Rotor Torque [Nm];Azimuthal Angle Theta [deg];Rotor Torque [Nm];Azimuthal Angle Theta [deg];Rotor Torque [Nm];Azimuthal Angle Theta [deg];Rotor Torque [Nm];Azimuthal Angle Theta [deg];Rotor Torque [Nm];Azimuthal Angle Theta [deg];Rotor Torque [Nm];Azimuthal Angle Theta [deg];Rotor Torque [Nm];Azimuthal Angle Theta [deg];Rotor Torque [Nm];Azimuthal Angle Theta [deg];Rotor Torque [Nm];Azimuthal Angle Theta [deg];Rotor Torque [Nm];Azimuthal Angle Theta [deg];Rotor Torque [Nm];Azimuthal Angle Theta [deg];Rotor Torque [Nm];Azimuthal Angle Theta [deg];Rotor Torque [Nm];Azimuthal Angle Theta [deg];Rotor Torque [Nm];Azimuthal Angle Theta [deg];Rotor Torque [Nm];Azimuthal Angle Theta [deg];Rotor Torque [Nm];Azimuthal Angle Theta [deg];Rotor Torque [Nm];Azimuthal Angle Theta [deg];Rotor Torque [Nm];Azimuthal Angle Theta [deg];Rotor Torque [Nm];Azimuthal Angle Theta [deg];Rotor Torque [Nm];Azimuthal Angle Theta [deg];Rotor Torque [Nm];Azimuthal Angle Theta [deg];Rotor Torque [Nm];Azimuthal Angle Theta [deg];Rotor Torque [Nm];Azimuthal Angle Theta [deg];Rotor Torque [Nm];Azimuthal Angle Theta [deg];Rotor Torque [Nm];Azimuthal Angle Theta [deg];Rotor Torque [Nm];Azimuthal Angle Theta [deg];Rotor Torque [Nm];Azimuthal Angle Theta [deg];Rotor Torque [Nm];Azimuthal Angle Theta [deg];Rotor Torque [Nm];Azimuthal Angle Theta [deg];Rotor Torque [Nm];Azimuthal Angle Theta [deg];Rotor Torque [Nm];Azimuthal Angle Theta [deg];Rotor Torque [Nm];Azimuthal Angle Theta [deg];Rotor Torque [Nm];Azimuthal Angle Theta [deg];Rotor Torque [Nm];Azimuthal Angle Theta [deg];Rotor Torque [Nm];Azimuthal Angle Theta [deg];Rotor Torque [Nm];Azimuthal Angle Theta [deg];Rotor Torque [Nm];Azimuthal Angle Theta [deg];Rotor Torque [Nm];Azimuthal Angle Theta [deg];Rotor Torque [Nm];Azimuthal Angle Theta [deg];Rotor Torque [Nm];Azimuthal Angle Theta [deg];Rotor Torque [Nm];Azimuthal Angle Theta [deg];Rotor Torque [Nm];Azimuthal Angle Theta [deg];Rotor Torque [Nm];Azimuthal Angle Theta [deg];Rotor Torque [Nm];Azimuthal Angle Theta [deg];Rotor Torque [Nm];Azimuthal Angle Theta [deg];Rotor Torque [Nm];Azimuthal Angle Theta [deg];Rotor Torque [Nm];Azimuthal Angle Theta [deg];Rotor Torque [Nm];Azimuthal Angle Theta [deg];Rotor Torque [Nm];Azimuthal Angle Theta [deg];Rotor Torque [Nm];Azimuthal Angle Theta [deg];Rotor Torque [Nm];Azimuthal Angle Theta [deg];Rotor Torque [Nm];Azimuthal Angle Theta [deg];Rotor Torque [Nm];Azimuthal Angle Theta [deg];Rotor Torque [Nm];Azimuthal Angle Theta [deg];Rotor Torque [Nm];Azimuthal Angle Theta [deg];Rotor Torque [Nm];Azimuthal Angle Theta [deg];Rotor Torque [Nm];Azimuthal Angle Theta [deg];Rotor Torque [Nm];Azimuthal Angle Theta [deg];Rotor Torque [Nm];Azimuthal Angle Theta [deg];Rotor Torque [Nm];Azimuthal Angle Theta [deg];Rotor Torque [Nm];Azimuthal Angle Theta [deg];Rotor Torque [Nm];Azimuthal Angle Theta [deg];Rotor Torque [Nm];Azimuthal Angle Theta [deg];Rotor Torque [Nm];Azimuthal Angle Theta [deg];Rotor Torque [Nm];Azimuthal Angle Theta [deg];Rotor Torque [Nm];Azimuthal Angle Theta [deg];Rotor Torque [Nm];Azimuthal Angle Theta [deg];Rotor Torque [Nm];Azimuthal Angle Theta [deg];Rotor Torque [Nm];Azimuthal Angle Theta [deg];Rotor Torque [Nm];Azimuthal Angle Theta [deg];Rotor Torque [Nm];Azimuthal Angle Theta [deg];Rotor Torque [Nm];Azimuthal Angle Theta [deg];Rotor Torque [Nm];Azimuthal Angle Theta [deg];Rotor Torque [Nm];Azimuthal Angle Theta [deg];Rotor Torque [Nm];Azimuthal Angle Theta [deg];Rotor Torque [Nm];Azimuthal Angle Theta [deg];Rotor Torque [Nm];Azimuthal Angle Theta [deg];Rotor Torque [Nm];Azimuthal Angle Theta [deg];Rotor Torque [Nm];Azimuthal Angle Theta [deg];Rotor Torque [Nm];Azimuthal Angle Theta [deg];Rotor Torque [Nm];Azimuthal Angle Theta [deg];Rotor Torque [Nm];Azimuthal Angle Theta [deg];Rotor Torque [Nm];Azimuthal Angle Theta [deg];Rotor Torque [Nm];Azimuthal Angle Theta [deg];Rotor Torque [Nm];Azimuthal Angle Theta [deg];Rotor Torque [Nm];Azimuthal Angle Theta [deg];Rotor Torque [Nm];Azimuthal Angle Theta [deg];Rotor Torque [Nm];Azimuthal Angle Theta [deg];Rotor Torque [Nm];Azimuthal Angle Theta [deg];Rotor Torque [Nm];Azimuthal Angle Theta [deg];Rotor Torque [Nm];Azimuthal Angle Theta [deg];Rotor Torque [Nm];Azimuthal Angle Theta [deg];Rotor Torque [Nm];Azimuthal Angle Theta [deg];Rotor Torque [Nm];Azimuthal Angle Theta [deg];Rotor Torque [Nm];Azimuthal Angle Theta [deg];Rotor Torque [Nm];Azimuthal Angle Theta [deg];Rotor Torque [Nm];Azimuthal Angle Theta [deg];Rotor Torque [Nm];Azimuthal Angle Theta [deg];Rotor Torque [Nm];Azimuthal Angle Theta [deg];Rotor Torque [Nm];Azimuthal Angle Theta [deg];Rotor Torque [Nm];Azimuthal Angle Theta [deg];Rotor Torque [Nm];Azimuthal Angle Theta [deg];Rotor Torque [Nm];Azimuthal Angle Theta [deg];Rotor Torque [Nm];Azimuthal Angle Theta [deg];Rotor Torque [Nm];Azimuthal Angle Theta [deg];Rotor Torque [Nm];Azimuthal Angle Theta [deg];Rotor Torque [Nm];Azimuthal Angle Theta [deg];Rotor Torque [Nm];Azimuthal Angle Theta [deg];Rotor Torque [Nm];Azimuthal Angle Theta [deg];Rotor Torque [Nm];Azimuthal Angle Theta [deg];Rotor Torque [Nm];Azimuthal Angle Theta [deg];Rotor Torque [Nm];Azimuthal Angle Theta [deg];Rotor Torque [Nm];Azimuthal Angle Theta [deg];Rotor Torque [Nm];Azimuthal Angle Theta [deg];Rotor Torque [Nm];Azimuthal Angle Theta [deg];Rotor Torque [Nm];Azimuthal Angle Theta [deg];Rotor Torque [Nm];Azimuthal Angle Theta [deg];Rotor Torque [Nm];Azimuthal Angle Theta [deg];Rotor Torque [Nm];Azimuthal Angle Theta [deg];Rotor Torque [Nm];Azimuthal Angle Theta [deg];Rotor Torque [Nm];Azimuthal Angle Theta [deg];Rotor Torque [Nm];Azimuthal Angle Theta [deg];Rotor Torque [Nm];Azimuthal Angle Theta [deg];Rotor Torque [Nm];Azimuthal Angle Theta [deg];Rotor Torque [Nm];Azimuthal Angle Theta [deg];Rotor Torque [Nm];Azimuthal Angle Theta [deg];Rotor Torque [Nm];Azimuthal Angle Theta [deg];Rotor Torque [Nm];Azimuthal Angle Theta [deg];Rotor Torque [Nm];Azimuthal Angle Theta [deg];Rotor Torque [Nm];Azimuthal Angle Theta [deg];Rotor Torque [Nm];Azimuthal Angle Theta [deg];Rotor Torque [Nm];Azimuthal Angle Theta [deg];Rotor Torque [Nm];Azimuthal Angle Theta [deg];Rotor Torque [Nm];Azimuthal Angle Theta [deg];Rotor Torque [Nm];Azimuthal Angle Theta [deg];Rotor Torque [Nm];Azimuthal Angle Theta [deg];Rotor Torque [Nm];Azimuthal Angle Theta [deg];Rotor Torque [Nm];Azimuthal Angle Theta [deg];Rotor Torque [Nm];Azimuthal Angle Theta [deg];Rotor Torque [Nm];Azimuthal Angle Theta [deg];Rotor Torque [Nm];Azimuthal Angle Theta [deg];Rotor Torque [Nm];Azimuthal Angle Theta [deg];Rotor Torque [Nm];Azimuthal Angle Theta [deg];Rotor Torque [Nm];Azimuthal Angle Theta [deg];Rotor Torque [Nm];Azimuthal Angle Theta [deg];Rotor Torque [Nm];Azimuthal Angle Theta [deg];Rotor Torque [Nm];Azimuthal Angle Theta [deg];Rotor Torque [Nm];Azimuthal Angle Theta [deg];Rotor Torque [Nm];Azimuthal Angle Theta [deg];Rotor Torque [Nm];Azimuthal Angle Theta [deg];Rotor Torque [Nm];Azimuthal Angle Theta [deg];Rotor Torque [Nm];Azimuthal Angle Theta [deg];Rotor Torque [Nm];Azimuthal Angle Theta [deg];Rotor Torque [Nm];Azimuthal Angle Theta [deg];Rotor Torque [Nm];Azimuthal Angle Theta [deg];Rotor Torque [Nm];Azimuthal Angle Theta [deg];Rotor Torque [Nm];Azimuthal Angle Theta [deg];Rotor Torque [Nm];Azimuthal Angle Theta [deg];Rotor Torque [Nm];Azimuthal Angle Theta [deg];Rotor Torque [Nm];Azimuthal Angle Theta [deg];Rotor Torque [Nm];Azimuthal Angle Theta [deg];Rotor Torque [Nm];Azimuthal Angle Theta [deg];Rotor Torque [Nm];Azimuthal Angle Theta [deg];Rotor Torque [Nm];Azimuthal Angle Theta [deg];Rotor Torque [Nm];Azimuthal Angle Theta [deg];Rotor Torque [Nm];Azimuthal Angle Theta [deg];Rotor Torque [Nm];Azimuthal Angle Theta [deg];Rotor Torque [Nm];Azimuthal Angle Theta [deg];Rotor Torque [Nm];Azimuthal Angle Theta [deg];Rotor Torque [Nm];Azimuthal Angle Theta [deg];Rotor Torque [Nm];Azimuthal Angle Theta [deg];Rotor Torque [Nm];Azimuthal Angle Theta [deg];Rotor Torque [Nm];Azimuthal Angle Theta [deg];Rotor Torque [Nm];Azimuthal Angle Theta [deg];Rotor Torque [Nm];Azimuthal Angle Theta [deg];Rotor Torque [Nm];Azimuthal Angle Theta [deg];Rotor Torque [Nm];Azimuthal Angle Theta [deg];Rotor Torque [Nm];Azimuthal Angle Theta [deg];Rotor Torque [Nm];Azimuthal Angle Theta [deg];Rotor Torque [Nm];Azimuthal Angle Theta [deg];Rotor Torque [Nm];Azimuthal Angle Theta [deg];Rotor Torque [Nm];Azimuthal Angle Theta [deg];Rotor Torque [Nm];Azimuthal Angle Theta [deg];Rotor Torque [Nm];Azimuthal Angle Theta [deg];Rotor Torque [Nm];Azimuthal Angle Theta [deg];Rotor Torque [Nm];Azimuthal Angle Theta [deg];Rotor Torque [Nm];Azimuthal Angle Theta [deg];Rotor Torque [Nm];Azimuthal Angle Theta [deg];Rotor Torque [Nm];Azimuthal Angle Theta [deg];Rotor Torque [Nm];Azimuthal Angle Theta [deg];Rotor Torque [Nm];Azimuthal Angle Theta [deg];Rotor Torque [Nm];Azimuthal Angle Theta [deg];Rotor Torque [Nm];Azimuthal Angle Theta [deg];Rotor Torque [Nm];Azimuthal Angle Theta [deg];Rotor Torque [Nm];Azimuthal Angle Theta [deg];Rotor Torque [Nm];Azimuthal Angle Theta [deg];Rotor Torque [Nm];Azimuthal Angle Theta [deg];Rotor Torque [Nm];Azimuthal Angle Theta [deg];Rotor Torque [Nm];Azimuthal Angle Theta [deg];Rotor Torque [Nm];Azimuthal Angle Theta [deg];Rotor Torque [Nm];Azimuthal Angle Theta [deg];Rotor Torque [Nm];Azimuthal Angle Theta [deg];Rotor Torque [Nm];Azimuthal Angle Theta [deg];Rotor Torque [Nm];Azimuthal Angle Theta [deg];Rotor Torque [Nm];Azimuthal Angle Theta [deg];Rotor Torque [Nm];Azimuthal Angle Theta [deg];Rotor Torque [Nm];Azimuthal Angle Theta [deg];Rotor Torque [Nm];Azimuthal Angle Theta [deg];Rotor Torque [Nm];Azimuthal Angle Theta [deg];Rotor Torque [Nm];Azimuthal Angle Theta [deg];Rotor Torque [Nm];Azimuthal Angle Theta [deg];Rotor Torque [Nm];Azimuthal Angle Theta [deg];Rotor Torque [Nm];Azimuthal Angle Theta [deg];Rotor Torque [Nm];Azimuthal Angle Theta [deg];Rotor Torque [Nm];Azimuthal Angle Theta [deg];Rotor Torque [Nm];Azimuthal Angle Theta [deg];Rotor Torque [Nm];Azimuthal Angle Theta [deg];Rotor Torque [Nm];Azimuthal Angle Theta [deg];Rotor Torque [Nm];Azimuthal Angle Theta [deg];Rotor Torque [Nm];Azimuthal Angle Theta [deg];Rotor Torque [Nm];Azimuthal Angle Theta [deg];Rotor Torque [Nm];Azimuthal Angle Theta [deg];Rotor Torque [Nm];Azimuthal Angle Theta [deg];Rotor Torque [Nm];Azimuthal Angle Theta [deg];Rotor Torque [Nm];Azimuthal Angle Theta [deg];Rotor Torque [Nm];Azimuthal Angle Theta [deg];Rotor Torque [Nm];Azimuthal Angle Theta [deg];Rotor Torque [Nm];Azimuthal Angle Theta [deg];Rotor Torque [Nm];Azimuthal Angle Theta [deg];Rotor Torque [Nm];Azimuthal Angle Theta [deg];Rotor Torque [Nm];Azimuthal Angle Theta [deg];Rotor Torque [Nm];Azimuthal Angle Theta [deg];Rotor Torque [Nm];Azimuthal Angle Theta [deg];Rotor Torque [Nm];Azimuthal Angle Theta [deg];Rotor Torque [Nm];Azimuthal Angle Theta [deg];Rotor Torque [Nm];Azimuthal Angle Theta [deg];Rotor Torque [Nm];Azimuthal Angle Theta [deg];Rotor Torque [Nm];Azimuthal Angle Theta [deg];Rotor Torque [Nm];Azimuthal Angle Theta [deg];Rotor Torque [Nm];Azimuthal Angle Theta [deg];Rotor Torque [Nm];Azimuthal Angle Theta [deg];Rotor Torque [Nm];Azimuthal Angle Theta [deg];Rotor Torque [Nm];Azimuthal Angle Theta [deg];Rotor Torque [Nm];Azimuthal Angle Theta [deg];Rotor Torque [Nm];Azimuthal Angle Theta [deg];Rotor Torque [Nm];Azimuthal Angle Theta [deg];Rotor Torque [Nm];Azimuthal Angle Theta [deg];Rotor Torque [Nm];Azimuthal Angle Theta [deg];Rotor Torque [Nm];Azimuthal Angle Theta [deg];Rotor Torque [Nm];Azimuthal Angle Theta [deg];Rotor Torque [Nm];Azimuthal Angle Theta [deg];Rotor Torque [Nm];Azimuthal Angle Theta [deg];Rotor Torque [Nm];Azimuthal Angle Theta [deg];Rotor Torque [Nm];Azimuthal Angle Theta [deg];Rotor Torque [Nm];Azimuthal Angle Theta [deg];Rotor Torque [Nm];Azimuthal Angle Theta [deg];Rotor Torque [Nm];Azimuthal Angle Theta [deg];Rotor Torque [Nm];Azimuthal Angle Theta [deg];Rotor Torque [Nm];Azimuthal Angle Theta [deg];Rotor Torque [Nm];Azimuthal Angle Theta [deg];Rotor Torque [Nm];Azimuthal Angle Theta [deg];Rotor Torque [Nm];Azimuthal Angle Theta [deg];Rotor Torque [Nm];Azimuthal Angle Theta [deg];Rotor Torque [Nm];Azimuthal Angle Theta [deg];Rotor Torque [Nm];Azimuthal Angle Theta [deg];Rotor Torque [Nm];Azimuthal Angle Theta [deg];Rotor Torque [Nm];Azimuthal Angle Theta [deg];Rotor Torque [Nm];Azimuthal Angle Theta [deg];Rotor Torque [Nm];Azimuthal Angle Theta [deg];Rotor Torque [Nm];Azimuthal Angle Theta [deg];Rotor Torque [Nm];Azimuthal Angle Theta [deg];Rotor Torque [Nm];Azimuthal Angle Theta [deg];Rotor Torque [Nm];Azimuthal Angle Theta [deg];Rotor Torque [Nm];Azimuthal Angle Theta [deg];Rotor Torque [Nm];Azimuthal Angle Theta [deg];Rotor Torque [Nm];Azimuthal Angle Theta [deg];Rotor Torque [Nm];Azimuthal Angle Theta [deg];Rotor Torque [Nm];Azimuthal Angle Theta [deg];Rotor Torque [Nm];Azimuthal Angle Theta [deg];Rotor Torque [Nm];Azimuthal Angle Theta [deg];Rotor Torque [Nm];Azimuthal Angle Theta [deg];Rotor Torque [Nm];Azimuthal Angle Theta [deg];Rotor Torque [Nm];Azimuthal Angle Theta [deg];Rotor Torque [Nm];Azimuthal Angle Theta [deg];Rotor Torque [Nm];Azimuthal Angle Theta [deg];Rotor Torque [Nm];Azimuthal Angle Theta [deg];Rotor Torque [Nm];Azimuthal Angle Theta [deg];Rotor Torque [Nm];Azimuthal Angle Theta [deg];Rotor Torque [Nm];Azimuthal Angle Theta [deg];Rotor Torque [Nm];Azimuthal Angle Theta [deg];Rotor Torque [Nm];Azimuthal Angle Theta [deg];Rotor Torque [Nm];Azimuthal Angle Theta [deg];Rotor Torque [Nm];Azimuthal Angle Theta [deg];Rotor Torque [Nm];Azimuthal Angle Theta [deg];Rotor Torque [Nm];Azimuthal Angle Theta [deg];Rotor Torque [Nm];Azimuthal Angle Theta [deg];Rotor Torque [Nm];Azimuthal Angle Theta [deg];Rotor Torque [Nm];Azimuthal Angle Theta [deg];Rotor Torque [Nm];Azimuthal Angle Theta [deg];Rotor Torque [Nm];Azimuthal Angle Theta [deg];Rotor Torque [Nm];Azimuthal Angle Theta [deg];Rotor Torque [Nm];Azimuthal Angle Theta [deg];Rotor Torque [Nm];Azimuthal Angle Theta [deg];Rotor Torque [Nm];Azimuthal Angle Theta [deg];Rotor Torque [Nm];Azimuthal Angle Theta [deg];Rotor Torque [Nm];Azimuthal Angle Theta [deg];Rotor Torque [Nm];Azimuthal Angle Theta [deg];Rotor Torque [Nm];Azimuthal Angle Theta [deg];Rotor Torque [Nm];Azimuthal Angle Theta [deg];Rotor Torque [Nm];Azimuthal Angle Theta [deg];Rotor Torque [Nm];Azimuthal Angle Theta [deg];Rotor Torque [Nm];Azimuthal Angle Theta [deg];Rotor Torque [Nm];Azimuthal Angle Theta [deg];Rotor Torque [Nm];Azimuthal Angle Theta [deg];Rotor Torque [Nm];Azimuthal Angle Theta [deg];Rotor Torque [Nm];Azimuthal Angle Theta [deg];Rotor Torque [Nm];Azimuthal Angle Theta [deg];Rotor Torque [Nm];Azimuthal Angle Theta [deg];Rotor Torque [Nm];Azimuthal Angle Theta [deg];Rotor Torque [Nm];Azimuthal Angle Theta [deg];Rotor Torque [Nm];Azimuthal Angle Theta [deg];Rotor Torque [Nm];Azimuthal Angle Theta [deg];Rotor Torque [Nm];Azimuthal Angle Theta [deg];Rotor Torque [Nm];Azimuthal Angle Theta [deg];Rotor Torque [Nm];Azimuthal Angle Theta [deg];Rotor Torque [Nm];Azimuthal Angle Theta [deg];Rotor Torque [Nm];Azimuthal Angle Theta [deg];Rotor Torque [Nm];Azimuthal Angle Theta [deg];Rotor Torque [Nm];Azimuthal Angle Theta [deg];Rotor Torque [Nm];Azimuthal Angle Theta [deg];Rotor Torque [Nm];Azimuthal Angle Theta [deg];Rotor Torque [Nm];Azimuthal Angle Theta [deg];Rotor Torque [Nm];Azimuthal Angle Theta [deg];Rotor Torque [Nm];Azimuthal Angle Theta [deg];Rotor Torque [Nm];Azimuthal Angle Theta [deg];Rotor Torque [Nm];Azimuthal Angle Theta [deg];Rotor Torque [Nm];Azimuthal Angle Theta [deg];Rotor Torque [Nm];Azimuthal Angle Theta [deg];Rotor Torque [Nm];Azimuthal Angle Theta [deg];Rotor Torque [Nm];Azimuthal Angle Theta [deg];Rotor Torque [Nm];Azimuthal Angle Theta [deg];Rotor Torque [Nm];Azimuthal Angle Theta [deg];Rotor Torque [Nm];Azimuthal Angle Theta [deg];Rotor Torque [Nm];Azimuthal Angle Theta [deg];Rotor Torque [Nm];Azimuthal Angle Theta [deg];Rotor Torque [Nm];Azimuthal Angle Theta [deg];Rotor Torque [Nm];Azimuthal Angle Theta [deg];Rotor Torque [Nm];Azimuthal Angle Theta [deg];Rotor Torque [Nm];Azimuthal Angle Theta [deg];Rotor Torque [Nm];Azimuthal Angle Theta [deg];Rotor Torque [Nm];Azimuthal Angle Theta [deg];Rotor Torque [Nm];Azimuthal Angle Theta [deg];Rotor Torque [Nm];Azimuthal Angle Theta [deg];Rotor Torque [Nm];Azimuthal Angle Theta [deg];Rotor Torque [Nm];Azimuthal Angle Theta [deg];Rotor Torque [Nm];Azimuthal Angle Theta [deg];Rotor Torque [Nm];Azimuthal Angle Theta [deg];Rotor Torque [Nm];Azimuthal Angle Theta [deg];Rotor Torque [Nm];Azimuthal Angle Theta [deg];Rotor Torque [Nm];Azimuthal Angle Theta [deg];Rotor Torque [Nm];Azimuthal Angle Theta [deg];Rotor Torque [Nm];Azimuthal Angle Theta [deg];Rotor Torque [Nm];Azimuthal Angle Theta [deg];Rotor Torque [Nm];Azimuthal Angle Theta [deg];Rotor Torque [Nm];Azimuthal Angle Theta [deg];Rotor Torque [Nm];Azimuthal Angle Theta [deg];Rotor Torque [Nm];Azimuthal Angle Theta [deg];Rotor Torque [Nm];Azimuthal Angle Theta [deg];Rotor Torque [Nm];Azimuthal Angle Theta [deg];Rotor Torque [Nm];Azimuthal Angle Theta [deg];Rotor Torque [Nm];Azimuthal Angle Theta [deg];Rotor Torque [Nm];Azimuthal Angle Theta [deg];Rotor Torque [Nm];Azimuthal Angle Theta [deg];Rotor Torque [Nm];Azimuthal Angle Theta [deg];Rotor Torque [Nm];Azimuthal Angle Theta [deg];Rotor Torque [Nm];Azimuthal Angle Theta [deg];Rotor Torque [Nm];Azimuthal Angle Theta [deg];Rotor Torque [Nm];Azimuthal Angle Theta [deg];Rotor Torque [Nm];Azimuthal Angle Theta [deg];Rotor Torque [Nm];Azimuthal Angle Theta [deg];Rotor Torque [Nm];Azimuthal Angle Theta [deg];Rotor Torque [Nm];Azimuthal Angle Theta [deg];Rotor Torque [Nm];Azimuthal Angle Theta [deg];Rotor Torque [Nm];Azimuthal Angle Theta [deg];Rotor Torque [Nm];Azimuthal Angle Theta [deg];Rotor Torque [Nm];Azimuthal Angle Theta [deg];Rotor Torque [Nm];Azimuthal Angle Theta [deg];Rotor Torque [Nm];Azimuthal Angle Theta [deg];Rotor Torque [Nm];Azimuthal Angle Theta [deg];Rotor Torque [Nm];Azimuthal Angle Theta [deg];Rotor Torque [Nm];Azimuthal Angle Theta [deg];Rotor Torque [Nm];Azimuthal Angle Theta [deg];Rotor Torque [Nm];Azimuthal Angle Theta [deg];Rotor Torque [Nm];Azimuthal Angle Theta [deg];Rotor Torque [Nm];Azimuthal Angle Theta [deg];Rotor Torque [Nm];Azimuthal Angle Theta [deg];Rotor Torque [Nm];Azimuthal Angle Theta [deg];Rotor Torque [Nm];Azimuthal Angle Theta [deg];Rotor Torque [Nm];Azimuthal Angle Theta [deg];Rotor Torque [Nm];Azimuthal Angle Theta [deg];Rotor Torque [Nm];Azimuthal Angle Theta [deg];Rotor Torque [Nm];Azimuthal Angle Theta [deg];Rotor Torque [Nm];Azimuthal Angle Theta [deg];Rotor Torque [Nm];Azimuthal Angle Theta [deg];Rotor Torque [Nm];Azimuthal Angle Theta [deg];Rotor Torque [Nm];Azimuthal Angle Theta [deg];Rotor Torque [Nm];Azimuthal Angle Theta [deg];Rotor Torque [Nm];Azimuthal Angle Theta [deg];Rotor Torque [Nm];Azimuthal Angle Theta [deg];Rotor Torque [Nm];Azimuthal Angle Theta [deg];Rotor Torque [Nm];Azimuthal Angle Theta [deg];Rotor Torque [Nm];Azimuthal Angle Theta [deg];Rotor Torque [Nm];Azimuthal Angle Theta [deg];Rotor Torque [Nm];Azimuthal Angle Theta [deg];Rotor Torque [Nm];Azimuthal Angle Theta [deg];Rotor Torque [Nm];Azimuthal Angle Theta [deg];Rotor Torque [Nm];Azimuthal Angle Theta [deg];Rotor Torque [Nm];Azimuthal Angle Theta [deg];Rotor Torque [Nm];Azimuthal Angle Theta [deg];Rotor Torque [Nm];Azimuthal Angle Theta [deg];Rotor Torque [Nm];Azimuthal Angle Theta [deg];Rotor Torque [Nm];Azimuthal Angle Theta [deg];Rotor Torque [Nm];Azimuthal Angle Theta [deg];Rotor Torque [Nm];Azimuthal Angle Theta [deg];Rotor Torque [Nm];Azimuthal Angle Theta [deg];Rotor Torque [Nm];Azimuthal Angle Theta [deg];Rotor Torque [Nm];Azimuthal Angle Theta [deg];Rotor Torque [Nm];Azimuthal Angle Theta [deg];Rotor Torque [Nm];Azimuthal Angle Theta [deg];Rotor Torque [Nm];Azimuthal Angle Theta [deg];Rotor Torque [Nm];Azimuthal Angle Theta [deg];Rotor Torque [Nm];Azimuthal Angle Theta [deg];Rotor Torque [Nm];Azimuthal Angle Theta [deg];Rotor Torque [Nm];Azimuthal Angle Theta [deg];Rotor Torque [Nm];Azimuthal Angle Theta [deg];Rotor Torque [Nm];Azimuthal Angle Theta [deg];Rotor Torque [Nm];Azimuthal Angle Theta [deg];Rotor Torque [Nm];Azimuthal Angle Theta [deg];Rotor Torque [Nm];Azimuthal Angle Theta [deg];Rotor Torque [Nm];Azimuthal Angle Theta [deg];Rotor Torque [Nm];Azimuthal Angle Theta [deg];Rotor Torque [Nm];Azimuthal Angle Theta [deg];Rotor Torque [Nm];Azimuthal Angle Theta [deg];Rotor Torque [Nm];Azimuthal Angle Theta [deg];Rotor Torque [Nm];Azimuthal Angle Theta [deg];Rotor Torque [Nm];Azimuthal Angle Theta [deg];Rotor Torque [Nm];Azimuthal Angle Theta [deg];Rotor Torque [Nm];Azimuthal Angle Theta [deg];Rotor Torque [Nm];Azimuthal Angle Theta [deg];Rotor Torque [Nm];Azimuthal Angle Theta [deg];Rotor Torque [Nm];Azimuthal Angle Theta [deg];Rotor Torque [Nm];Azimuthal Angle Theta [deg];Rotor Torque [Nm];Azimuthal Angle Theta [deg];Rotor Torque [Nm];Azimuthal Angle Theta [deg];Rotor Torque [Nm];Azimuthal Angle Theta [deg];Rotor Torque [Nm];Azimuthal Angle Theta [deg];Rotor Torque [Nm];Azimuthal Angle Theta [deg];Rotor Torque [Nm];Azimuthal Angle Theta [deg];Rotor Torque [Nm];Azimuthal Angle Theta [deg];Rotor Torque [Nm];Azimuthal Angle Theta [deg];Rotor Torque [Nm];Azimuthal Angle Theta [deg];Rotor Torque [Nm];Azimuthal Angle Theta [deg];Rotor Torque [Nm];Azimuthal Angle Theta [deg];Rotor Torque [Nm];Azimuthal Angle Theta [deg];Rotor Torque [Nm];Azimuthal Angle Theta [deg];Rotor Torque [Nm];Azimuthal Angle Theta [deg];Rotor Torque [Nm];Azimuthal Angle Theta [deg];Rotor Torque [Nm];Azimuthal Angle Theta [deg];Rotor Torque [Nm];Azimuthal Angle Theta [deg];Rotor Torque [Nm];Azimuthal Angle Theta [deg];Rotor Torque [Nm];Azimuthal Angle Theta [deg];Rotor Torque [Nm];Azimuthal Angle Theta [deg];Rotor Torque [Nm];Azimuthal Angle Theta [deg];Rotor Torque [Nm];Azimuthal Angle Theta [deg];Rotor Torque [Nm];Azimuthal Angle Theta [deg];Rotor Torque [Nm];Azimuthal Angle Theta [deg];Rotor Torque [Nm];Azimuthal Angle Theta [deg];Rotor Torque [Nm];Azimuthal Angle Theta [deg];Rotor Torque [Nm];Azimuthal Angle Theta [deg];Rotor Torque [Nm];Azimuthal Angle Theta [deg];Rotor Torque [Nm];Azimuthal Angle Theta [deg];Rotor Torque [Nm];Azimuthal Angle Theta [deg];Rotor Torque [Nm];Azimuthal Angle Theta [deg];Rotor Torque [Nm];Azimuthal Angle Theta [deg];Rotor Torque [Nm];Azimuthal Angle Theta [deg];Rotor Torque [Nm];Azimuthal Angle Theta [deg];Rotor Torque [Nm];Azimuthal Angle Theta [deg];Rotor Torque [Nm];Azimuthal Angle Theta [deg];Rotor Torque [Nm];Azimuthal Angle Theta [deg];Rotor Torque [Nm];Azimuthal Angle Theta [deg];Rotor Torque [Nm];Azimuthal Angle Theta [deg];Rotor Torque [Nm];Azimuthal Angle Theta [deg];Rotor Torque [Nm];Azimuthal Angle Theta [deg];Rotor Torque [Nm];Azimuthal Angle Theta [deg];Rotor Torque [Nm];Azimuthal Angle Theta [deg];Rotor Torque [Nm];Azimuthal Angle Theta [deg];Rotor Torque [Nm];Azimuthal Angle Theta [deg];Rotor Torque [Nm];Azimuthal Angle Theta [deg];Rotor Torque [Nm];Azimuthal Angle Theta [deg];Rotor Torque [Nm];Azimuthal Angle Theta [deg];Rotor Torque [Nm];Azimuthal Angle Theta [deg];Rotor Torque [Nm];Azimuthal Angle Theta [deg];Rotor Torque [Nm];Azimuthal Angle Theta [deg];Rotor Torque [Nm];Azimuthal Angle Theta [deg];Rotor Torque [Nm];Azimuthal Angle Theta [deg];Rotor Torque [Nm];Azimuthal Angle Theta [deg];Rotor Torque [Nm];Azimuthal Angle Theta [deg];Rotor Torque [Nm];Azimuthal Angle Theta [deg];Rotor Torque [Nm];Azimuthal Angle Theta [deg];Rotor Torque [Nm];Azimuthal Angle Theta [deg];Rotor Torque [Nm];Azimuthal Angle Theta [deg];Rotor Torque [Nm];Azimuthal Angle Theta [deg];Rotor Torque [Nm];Azimuthal Angle Theta [deg];Rotor Torque [Nm];Azimuthal Angle Theta [deg];Rotor Torque [Nm];Azimuthal Angle Theta [deg];Rotor Torque [Nm];Azimuthal Angle Theta [deg];Rotor Torque [Nm];Azimuthal Angle Theta [deg];Rotor Torque [Nm];Azimuthal Angle Theta [deg];Rotor Torque [Nm];Azimuthal Angle Theta [deg];Rotor Torque [Nm];Azimuthal Angle Theta [deg];Rotor Torque [Nm];Azimuthal Angle Theta [deg];Rotor Torque [Nm];Azimuthal Angle Theta [deg];Rotor Torque [Nm];Azimuthal Angle Theta [deg];Rotor Torque [Nm];Azimuthal Angle Theta [deg];Rotor Torque [Nm];Azimuthal Angle Theta [deg];Rotor Torque [Nm];Azimuthal Angle Theta [deg];Rotor Torque [Nm];Azimuthal Angle Theta [deg];Rotor Torque [Nm];Azimuthal Angle Theta [deg];Rotor Torque [Nm];Azimuthal Angle Theta [deg];Rotor Torque [Nm];Azimuthal Angle Theta [deg];Rotor Torque [Nm];Azimuthal Angle Theta [deg];Rotor Torque [Nm];Azimuthal Angle Theta [deg];Rotor Torque [Nm];Azimuthal Angle Theta [deg];Rotor Torque [Nm];Azimuthal Angle Theta [deg];Rotor Torque [Nm];Azimuthal Angle Theta [deg];Rotor Torque [Nm];Azimuthal Angle Theta [deg];Rotor Torque [Nm];Azimuthal Angle Theta [deg];Rotor Torque [Nm];Azimuthal Angle Theta [deg];Rotor Torque [Nm];Azimuthal Angle Theta [deg];Rotor Torque [Nm];Azimuthal Angle Theta [deg];Rotor Torque [Nm];Azimuthal Angle Theta [deg];Rotor Torque [Nm];Azimuthal Angle Theta [deg];Rotor Torque [Nm];Azimuthal Angle Theta [deg];Rotor Torque [Nm];Azimuthal Angle Theta [deg];Rotor Torque [Nm];Azimuthal Angle Theta [deg];Rotor Torque [Nm];Azimuthal Angle Theta [deg];Rotor Torque [Nm];Azimuthal Angle Theta [deg];Rotor Torque [Nm];Azimuthal Angle Theta [deg];Rotor Torque [Nm];Azimuthal Angle Theta [deg];Rotor Torque [Nm];Azimuthal Angle Theta [deg];Rotor Torque [Nm];Azimuthal Angle Theta [deg];Rotor Torque [Nm];Azimuthal Angle Theta [deg];Rotor Torque [Nm];Azimuthal Angle Theta [deg];Rotor Torque [Nm];Azimuthal Angle Theta [deg];Rotor Torque [Nm];Azimuthal Angle Theta [deg];Rotor Torque [Nm];Azimuthal Angle Theta [deg];Rotor Torque [Nm];Azimuthal Angle Theta [deg];Rotor Torque [Nm];Azimuthal Angle Theta [deg];Rotor Torque [Nm];Azimuthal Angle Theta [deg];Rotor Torque [Nm];Azimuthal Angle Theta [deg];Rotor Torque [Nm];Azimuthal Angle Theta [deg];Rotor Torque [Nm];Azimuthal Angle Theta [deg];Rotor Torque [Nm];Azimuthal Angle Theta [deg];Rotor Torque [Nm];Azimuthal Angle Theta [deg];Rotor Torque [Nm];Azimuthal Angle Theta [deg];Rotor Torque [Nm];Azimuthal Angle Theta [deg];Rotor Torque [Nm];Azimuthal Angle Theta [deg];Rotor Torque [Nm];Azimuthal Angle Theta [deg];Rotor Torque [Nm];Azimuthal Angle Theta [deg];Rotor Torque [Nm];Azimuthal Angle Theta [deg];Rotor Torque [Nm];Azimuthal Angle Theta [deg];Rotor Torque [Nm];Azimuthal Angle Theta [deg];Rotor Torque [Nm];Azimuthal Angle Theta [deg];Rotor Torque [Nm];Azimuthal Angle Theta [deg];Rotor Torque [Nm];Azimuthal Angle Theta [deg];Rotor Torque [Nm];Azimuthal Angle Theta [deg];Rotor Torque [Nm];Azimuthal Angle Theta [deg];Rotor Torque [Nm];Azimuthal Angle Theta [deg];Rotor Torque [Nm];Azimuthal Angle Theta [deg];Rotor Torque [Nm];Azimuthal Angle Theta [deg];Rotor Torque [Nm];Azimuthal Angle Theta [deg];Rotor Torque [Nm];Azimuthal Angle Theta [deg];Rotor Torque [Nm];Azimuthal Angle Theta [deg];Rotor Torque [Nm];Azimuthal Angle Theta [deg];Rotor Torque [Nm];Azimuthal Angle Theta [deg];Rotor Torque [Nm];Azimuthal Angle Theta [deg];Rotor Torque [Nm];Azimuthal Angle Theta [deg];Rotor Torque [Nm];Azimuthal Angle Theta [deg];Rotor Torque [Nm];Azimuthal Angle Theta [deg];Rotor Torque [Nm];Azimuthal Angle Theta [deg];Rotor Torque [Nm];Azimuthal Angle Theta [deg];Rotor Torque [Nm];Azimuthal Angle Theta [deg];Rotor Torque [Nm];Azimuthal Angle Theta [deg];Rotor Torque [Nm];Azimuthal Angle Theta [deg];Rotor Torque [Nm];Azimuthal Angle Theta [deg];Rotor Torque [Nm];Azimuthal Angle Theta [deg];Rotor Torque [Nm];Azimuthal Angle Theta [deg];Rotor Torque [Nm];Azimuthal Angle Theta [deg];Rotor Torque [Nm];Azimuthal Angle Theta [deg];Rotor Torque [Nm];Azimuthal Angle Theta [deg];Rotor Torque [Nm];Azimuthal Angle Theta [deg];Rotor Torque [Nm];Azimuthal Angle Theta [deg];Rotor Torque [Nm];Azimuthal Angle Theta [deg];Rotor Torque [Nm];Azimuthal Angle Theta [deg];Rotor Torque [Nm];Azimuthal Angle Theta [deg];Rotor Torque [Nm];Azimuthal Angle Theta [deg];Rotor Torque [Nm];Azimuthal Angle Theta [deg];Rotor Torque [Nm];Azimuthal Angle Theta [deg];Rotor Torque [Nm];Azimuthal Angle Theta [deg];Rotor Torque [Nm];Azimuthal Angle Theta [deg];Rotor Torque [Nm];Azimuthal Angle Theta [deg];Rotor Torque [Nm];Azimuthal Angle Theta [deg];Rotor Torque [Nm];Azimuthal Angle Theta [deg];Rotor Torque [Nm];Azimuthal Angle Theta [deg];Rotor Torque [Nm];Azimuthal Angle Theta [deg];Rotor Torque [Nm];Azimuthal Angle Theta [deg];Rotor Torque [Nm];Azimuthal Angle Theta [deg];Rotor Torque [Nm];Azimuthal Angle Theta [deg];Rotor Torque [Nm];Azimuthal Angle Theta [deg];Rotor Torque [Nm];Azimuthal Angle Theta [deg];Rotor Torque [Nm];Azimuthal Angle Theta [deg];Rotor Torque [Nm];Azimuthal Angle Theta [deg];Rotor Torque [Nm];Azimuthal Angle Theta [deg];Rotor Torque [Nm];Azimuthal Angle Theta [deg];Rotor Torque [Nm];Azimuthal Angle Theta [deg];Rotor Torque [Nm];Azimuthal Angle Theta [deg];Rotor Torque [Nm];Azimuthal Angle Theta [deg];Rotor Torque [Nm];Azimuthal Angle Theta [deg];Rotor Torque [Nm];Azimuthal Angle Theta [deg];Rotor Torque [Nm];Azimuthal Angle Theta [deg];Rotor Torque [Nm];Azimuthal Angle Theta [deg];Rotor Torque [Nm];Azimuthal Angle Theta [deg];Rotor Torque [Nm];Azimuthal Angle Theta [deg];Rotor Torque [Nm];Azimuthal Angle Theta [deg];Rotor Torque [Nm];Azimuthal Angle Theta [deg];Rotor Torque [Nm];Azimuthal Angle Theta [deg];Rotor Torque [Nm];Azimuthal Angle Theta [deg];Rotor Torque [Nm];Azimuthal Angle Theta [deg];Rotor Torque [Nm];Azimuthal Angle Theta [deg];Rotor Torque [Nm];Azimuthal Angle Theta [deg];Rotor Torque [Nm];Azimuthal Angle Theta [deg];Rotor Torque [Nm];Azimuthal Angle Theta [deg];Rotor Torque [Nm];Azimuthal Angle Theta [deg];Rotor Torque [Nm];Azimuthal Angle Theta [deg];Rotor Torque [Nm];Azimuthal Angle Theta [deg];Rotor Torque [Nm];Azimuthal Angle Theta [deg];Rotor Torque [Nm];Azimuthal Angle Theta [deg];Rotor Torque [Nm];Azimuthal Angle Theta [deg];Rotor Torque [Nm];Azimuthal Angle Theta [deg];Rotor Torque [Nm];Azimuthal Angle Theta [deg];Rotor Torque [Nm];Azimuthal Angle Theta [deg];Rotor Torque [Nm];Azimuthal Angle Theta [deg];Rotor Torque [Nm];Azimuthal Angle Theta [deg];Rotor Torque [Nm];Azimuthal Angle Theta [deg];Rotor Torque [Nm];Azimuthal Angle Theta [deg];Rotor Torque [Nm];Azimuthal Angle Theta [deg];Rotor Torque [Nm];Azimuthal Angle Theta [deg];Rotor Torque [Nm];Azimuthal Angle Theta [deg];Rotor Torque [Nm];Azimuthal Angle Theta [deg];Rotor Torque [Nm];Azimuthal Angle Theta [deg];Rotor Torque [Nm];Azimuthal Angle Theta [deg];Rotor Torque [Nm];Azimuthal Angle Theta [deg];Rotor Torque [Nm];Azimuthal Angle Theta [deg];Rotor Torque [Nm];Azimuthal Angle Theta [deg];Rotor Torque [Nm];Azimuthal Angle Theta [deg];Rotor Torque [Nm];Azimuthal Angle Theta [deg];Rotor Torque [Nm];Azimuthal Angle Theta [deg];Rotor Torque [Nm];Azimuthal Angle Theta [deg];Rotor Torque [Nm];Azimuthal Angle Theta [deg];Rotor Torque [Nm];Azimuthal Angle Theta [deg];Rotor Torque [Nm];Azimuthal Angle Theta [deg];Rotor Torque [Nm];Azimuthal Angle Theta [deg];Rotor Torque [Nm];Azimuthal Angle Theta [deg];Rotor Torque [Nm];Azimuthal Angle Theta [deg];Rotor Torque [Nm];Azimuthal Angle Theta [deg];Rotor Torque [Nm];Azimuthal Angle Theta [deg];Rotor Torque [Nm];Azimuthal Angle Theta [deg];Rotor Torque [Nm];Azimuthal Angle Theta [deg];Rotor Torque [Nm];Azimuthal Angle Theta [deg];Rotor Torque [Nm];Azimuthal Angle Theta [deg];Rotor Torque [Nm];Azimuthal Angle Theta [deg];Rotor Torque [Nm];Azimuthal Angle Theta [deg];Rotor Torque [Nm];Azimuthal Angle Theta [deg];Rotor Torque [Nm];Azimuthal Angle Theta [deg];Rotor Torque [Nm];Azimuthal Angle Theta [deg];Rotor Torque [Nm];Azimuthal Angle Theta [deg];Rotor Torque [Nm];Azimuthal Angle Theta [deg];Rotor Torque [Nm];Azimuthal Angle Theta [deg];Rotor Torque [Nm];Azimuthal Angle Theta [deg];Rotor Torque [Nm];Azimuthal Angle Theta [deg];Rotor Torque [Nm];Azimuthal Angle Theta [deg];Rotor Torque [Nm];Azimuthal Angle Theta [deg];Rotor Torque [Nm];Azimuthal Angle Theta [deg];Rotor Torque [Nm];Azimuthal Angle Theta [deg];Rotor Torque [Nm];Azimuthal Angle Theta [deg];Rotor Torque [Nm];Azimuthal Angle Theta [deg];Rotor Torque [Nm];Azimuthal Angle Theta [deg];Rotor Torque [Nm];Azimuthal Angle Theta [deg];Rotor Torque [Nm];Azimuthal Angle Theta [deg];Rotor Torque [Nm];Azimuthal Angle Theta [deg];Rotor Torque [Nm];Azimuthal Angle Theta [deg];Rotor Torque [Nm];Azimuthal Angle Theta [deg];Rotor Torque [Nm];Azimuthal Angle Theta [deg];Rotor Torque [Nm];Azimuthal Angle Theta [deg];Rotor Torque [Nm];Azimuthal Angle Theta [deg];Rotor Torque [Nm];Azimuthal Angle Theta [deg];Rotor Torque [Nm];Azimuthal Angle Theta [deg];Rotor Torque [Nm];Azimuthal Angle Theta [deg];Rotor Torque [Nm];Azimuthal Angle Theta [deg];Rotor Torque [Nm];Azimuthal Angle Theta [deg];Rotor Torque [Nm];Azimuthal Angle Theta [deg];Rotor Torque [Nm];Azimuthal Angle Theta [deg];Rotor Torque [Nm];Azimuthal Angle Theta [deg];Rotor Torque [Nm];Azimuthal Angle Theta [deg];Rotor Torque [Nm];Azimuthal Angle Theta [deg];Rotor Torque [Nm];Azimuthal Angle Theta [deg];Rotor Torque [Nm];Azimuthal Angle Theta [deg];Rotor Torque [Nm];Azimuthal Angle Theta [deg];Rotor Torque [Nm];Azimuthal Angle Theta [deg];Rotor Torque [Nm];Azimuthal Angle Theta [deg];Rotor Torque [Nm];Azimuthal Angle Theta [deg];Rotor Torque [Nm];Azimuthal Angle Theta [deg];Rotor Torque [Nm];Azimuthal Angle Theta [deg];Rotor Torque [Nm];Azimuthal Angle Theta [deg];Rotor Torque [Nm];Azimuthal Angle Theta [deg];Rotor Torque [Nm];Azimuthal Angle Theta [deg];Rotor Torque [Nm];Azimuthal Angle Theta [deg];Rotor Torque [Nm];Azimuthal Angle Theta [deg];Rotor Torque [Nm];Azimuthal Angle Theta [deg];Rotor Torque [Nm];Azimuthal Angle Theta [deg];Rotor Torque [Nm];Azimuthal Angle Theta [deg];Rotor Torque [Nm];Azimuthal Angle Theta [deg];Rotor Torque [Nm];Azimuthal Angle Theta [deg];Rotor Torque [Nm];Azimuthal Angle Theta [deg];Rotor Torque [Nm];Azimuthal Angle Theta [deg];Rotor Torque [Nm];Azimuthal Angle Theta [deg];Rotor Torque [Nm];Azimuthal Angle Theta [deg];Rotor Torque [Nm];Azimuthal Angle Theta [deg];Rotor Torque [Nm];Azimuthal Angle Theta [deg];Rotor Torque [Nm];Azimuthal Angle Theta [deg];Rotor Torque [Nm];Azimuthal Angle Theta [deg];Rotor Torque [Nm];Azimuthal Angle Theta [deg];Rotor Torque [Nm];Azimuthal Angle Theta [deg];Rotor Torque [Nm];Azimuthal Angle Theta [deg];Rotor Torque [Nm];Azimuthal Angle Theta [deg];Rotor Torque [Nm];Azimuthal Angle Theta [deg];Rotor Torque [Nm];Azimuthal Angle Theta [deg];Rotor Torque [Nm];Azimuthal Angle Theta [deg];Rotor Torque [Nm];Azimuthal Angle Theta [deg];Rotor Torque [Nm];Azimuthal Angle Theta [deg];Rotor Torque [Nm];Azimuthal Angle Theta [deg];Rotor Torque [Nm];Azimuthal Angle Theta [deg];Rotor Torque [Nm];Azimuthal Angle Theta [deg];Rotor Torque [Nm];Azimuthal Angle Theta [deg];Rotor Torque [Nm];Azimuthal Angle Theta [deg];Rotor Torque [Nm];Azimuthal Angle Theta [deg];Rotor Torque [Nm];Azimuthal Angle Theta [deg];Rotor Torque [Nm];Azimuthal Angle Theta [deg];Rotor Torque [Nm];Azimuthal Angle Theta [deg];Rotor Torque [Nm];Azimuthal Angle Theta [deg];Rotor Torque [Nm];Azimuthal Angle Theta [deg];Rotor Torque [Nm];Azimuthal Angle Theta [deg];Rotor Torque [Nm];Azimuthal Angle Theta [deg];Rotor Torque [Nm];Azimuthal Angle Theta [deg];Rotor Torque [Nm];Azimuthal Angle Theta [deg];Rotor Torque [Nm];Azimuthal Angle Theta [deg];Rotor Torque [Nm];Azimuthal Angle Theta [deg];Rotor Torque [Nm];Azimuthal Angle Theta [deg];Rotor Torque [Nm];Azimuthal Angle Theta [deg];Rotor Torque [Nm];Azimuthal Angle Theta [deg];Rotor Torque [Nm];Azimuthal Angle Theta [deg];Rotor Torque [Nm];Azimuthal Angle Theta [deg];Rotor Torque [Nm];Azimuthal Angle Theta [deg];Rotor Torque [Nm];Azimuthal Angle Theta [deg];Rotor Torque [Nm];Azimuthal Angle Theta [deg];Rotor Torque [Nm];Azimuthal Angle Theta [deg];Rotor Torque [Nm];Azimuthal Angle Theta [deg];Rotor Torque [Nm];Azimuthal Angle Theta [deg];Rotor Torque [Nm];Azimuthal Angle Theta [deg];Rotor Torque [Nm];Azimuthal Angle Theta [deg];Rotor Torque [Nm];Azimuthal Angle Theta [deg];Rotor Torque [Nm];Azimuthal Angle Theta [deg];Rotor Torque [Nm];Azimuthal Angle Theta [deg];Rotor Torque [Nm];Azimuthal Angle Theta [deg];Rotor Torque [Nm];Azimuthal Angle Theta [deg];Rotor Torque [Nm];Azimuthal Angle Theta [deg];Rotor Torque [Nm];Azimuthal Angle Theta [deg];Rotor Torque [Nm];Azimuthal Angle Theta [deg];Rotor Torque [Nm];Azimuthal Angle Theta [deg];Rotor Torque [Nm];Azimuthal Angle Theta [deg];Rotor Torque [Nm];Azimuthal Angle Theta [deg];Rotor Torque [Nm];Azimuthal Angle Theta [deg];Rotor Torque [Nm];Azimuthal Angle Theta [deg];Rotor Torque [Nm];Azimuthal Angle Theta [deg];Rotor Torque [Nm];Azimuthal Angle Theta [deg];Rotor Torque [Nm];Azimuthal Angle Theta [deg];Rotor Torque [Nm];Azimuthal Angle Theta [deg];Rotor Torque [Nm];Azimuthal Angle Theta [deg];Rotor Torque [Nm];Azimuthal Angle Theta [deg];Rotor Torque [Nm];Azimuthal Angle Theta [deg];Rotor Torque [Nm];Azimuthal Angle Theta [deg];Rotor Torque [Nm];Azimuthal Angle Theta [deg];Rotor Torque [Nm];Azimuthal Angle Theta [deg];Rotor Torque [Nm];Azimuthal Angle Theta [deg];Rotor Torque [Nm];Azimuthal Angle Theta [deg];Rotor Torque [Nm];Azimuthal Angle Theta [deg];Rotor Torque [Nm];Azimuthal Angle Theta [deg];Rotor Torque [Nm];Azimuthal Angle Theta [deg];Rotor Torque [Nm];Azimuthal Angle Theta [deg];Rotor Torque [Nm];Azimuthal Angle Theta [deg];Rotor Torque [Nm];Azimuthal Angle Theta [deg];Rotor Torque [Nm];Azimuthal Angle Theta [deg];Rotor Torque [Nm];Azimuthal Angle Theta [deg];Rotor Torque [Nm];Azimuthal Angle Theta [deg];Rotor Torque [Nm];Azimuthal Angle Theta [deg];Rotor Torque [Nm];Azimuthal Angle Theta [deg];Rotor Torque [Nm];Azimuthal Angle Theta [deg];Rotor Torque [Nm];Azimuthal Angle Theta [deg];Rotor Torque [Nm];Azimuthal Angle Theta [deg];Rotor Torque [Nm];Azimuthal Angle Theta [deg];Rotor Torque [Nm];Azimuthal Angle Theta [deg];Rotor Torque [Nm];Azimuthal Angle Theta [deg];Rotor Torque [Nm];Azimuthal Angle Theta [deg];Rotor Torque [Nm];Azimuthal Angle Theta [deg];Rotor Torque [Nm];Azimuthal Angle Theta [deg];Rotor Torque [Nm];Azimuthal Angle Theta [deg];Rotor Torque [Nm];Azimuthal Angle Theta [deg];Rotor Torque [Nm];Azimuthal Angle Theta [deg];Rotor Torque [Nm];Azimuthal Angle Theta [deg];Rotor Torque [Nm];Azimuthal Angle Theta [deg];Rotor Torque [Nm];Azimuthal Angle Theta [deg];Rotor Torque [Nm];Azimuthal Angle Theta [deg];Rotor Torque [Nm];Azimuthal Angle Theta [deg];Rotor Torque [Nm];Azimuthal Angle Theta [deg];Rotor Torque [Nm];Azimuthal Angle Theta [deg];Rotor Torque [Nm];Azimuthal Angle Theta [deg];Rotor Torque [Nm];Azimuthal Angle Theta [deg];Rotor Torque [Nm];Azimuthal Angle Theta [deg];Rotor Torque [Nm];Azimuthal Angle Theta [deg];Rotor Torque [Nm];Azimuthal Angle Theta [deg];Rotor Torque [Nm];Azimuthal Angle Theta [deg];Rotor Torque [Nm];Azimuthal Angle Theta [deg];Rotor Torque [Nm];Azimuthal Angle Theta [deg];Rotor Torque [Nm];Azimuthal Angle Theta [deg];Rotor Torque [Nm];Azimuthal Angle Theta [deg];Rotor Torque [Nm];Azimuthal Angle Theta [deg];Rotor Torque [Nm];Azimuthal Angle Theta [deg];Rotor Torque [Nm];Azimuthal Angle Theta [deg];Rotor Torque [Nm];Azimuthal Angle Theta [deg];Rotor Torque [Nm];Azimuthal Angle Theta [deg];Rotor Torque [Nm];Azimuthal Angle Theta [deg];Rotor Torque [Nm];Azimuthal Angle Theta [deg];Rotor Torque [Nm];Azimuthal Angle Theta [deg];Rotor Torque [Nm];Azimuthal Angle Theta [deg];Rotor Torque [Nm];Azimuthal Angle Theta [deg];Rotor Torque [Nm];Azimuthal Angle Theta [deg];Rotor Torque [Nm];Azimuthal Angle Theta [deg];Rotor Torque [Nm];Azimuthal Angle Theta [deg];Rotor Torque [Nm];Azimuthal Angle Theta [deg];Rotor Torque [Nm];Azimuthal Angle Theta [deg];Rotor Torque [Nm];Azimuthal Angle Theta [deg];Rotor Torque [Nm];Azimuthal Angle Theta [deg];Rotor Torque [Nm];Azimuthal Angle Theta [deg];Rotor Torque [Nm];Azimuthal Angle Theta [deg];Rotor Torque [Nm];Azimuthal Angle Theta [deg];Rotor Torque [Nm];Azimuthal Angle Theta [deg];Rotor Torque [Nm];Azimuthal Angle Theta [deg];Rotor Torque [Nm];Azimuthal Angle Theta [deg];Rotor Torque [Nm];Azimuthal Angle Theta [deg];Rotor Torque [Nm];Azimuthal Angle Theta [deg];Rotor Torque [Nm];Azimuthal Angle Theta [deg];Rotor Torque [Nm];Azimuthal Angle Theta [deg];Rotor Torque [Nm];Azimuthal Angle Theta [deg];Rotor Torque [Nm];Azimuthal Angle Theta [deg];Rotor Torque [Nm];Azimuthal Angle Theta [deg];Rotor Torque [Nm];Azimuthal Angle Theta [deg];Rotor Torque [Nm];Azimuthal Angle Theta [deg];Rotor Torque [Nm];Azimuthal Angle Theta [deg];Rotor Torque [Nm];Azimuthal Angle Theta [deg];Rotor Torque [Nm];Azimuthal Angle Theta [deg];Rotor Torque [Nm];Azimuthal Angle Theta [deg];Rotor Torque [Nm];Azimuthal Angle Theta [deg];Rotor Torque [Nm];Azimuthal Angle Theta [deg];Rotor Torque [Nm];Azimuthal Angle Theta [deg];Rotor Torque [Nm];Azimuthal Angle Theta [deg];Rotor Torque [Nm];Azimuthal Angle Theta [deg];Rotor Torque [Nm];Azimuthal Angle Theta [deg];Rotor Torque [Nm];Azimuthal Angle Theta [deg];Rotor Torque [Nm];Azimuthal Angle Theta [deg];Rotor Torque [Nm];Azimuthal Angle Theta [deg];Rotor Torque [Nm];Azimuthal Angle Theta [deg];Rotor Torque [Nm];Azimuthal Angle Theta [deg];Rotor Torque [Nm];Azimuthal Angle Theta [deg];Rotor Torque [Nm];Azimuthal Angle Theta [deg];Rotor Torque [Nm];Azimuthal Angle Theta [deg];Rotor Torque [Nm];Azimuthal Angle Theta [deg];Rotor Torque [Nm];Azimuthal Angle Theta [deg];Rotor Torque [Nm];Azimuthal Angle Theta [deg];Rotor Torque [Nm];Azimuthal Angle Theta [deg];Rotor Torque [Nm];Azimuthal Angle Theta [deg];Rotor Torque [Nm];Azimuthal Angle Theta [deg];Rotor Torque [Nm];Azimuthal Angle Theta [deg];Rotor Torque [Nm];Azimuthal Angle Theta [deg];Rotor Torque [Nm];Azimuthal Angle Theta [deg];Rotor Torque [Nm];Azimuthal Angle Theta [deg];Rotor Torque [Nm];Azimuthal Angle Theta [deg];Rotor Torque [Nm];Azimuthal Angle Theta [deg];Rotor Torque [Nm];Azimuthal Angle Theta [deg];Rotor Torque [Nm];Azimuthal Angle Theta [deg];Rotor Torque [Nm];Azimuthal Angle Theta [deg];Rotor Torque [Nm];Azimuthal Angle Theta [deg];Rotor Torque [Nm];Azimuthal Angle Theta [deg];Rotor Torque [Nm];Azimuthal Angle Theta [deg];Rotor Torque [Nm];Azimuthal Angle Theta [deg];Rotor Torque [Nm];Azimuthal Angle Theta [deg];Rotor Torque [Nm];Azimuthal Angle Theta [deg];Rotor Torque [Nm];Azimuthal Angle Theta [deg];Rotor Torque [Nm];Azimuthal Angle Theta [deg];Rotor Torque [Nm];Azimuthal Angle Theta [deg];Rotor Torque [Nm];Azimuthal Angle Theta [deg];Rotor Torque [Nm];Azimuthal Angle Theta [deg];Rotor Torque [Nm];Azimuthal Angle Theta [deg];Rotor Torque [Nm];Azimuthal Angle Theta [deg];Rotor Torque [Nm];Azimuthal Angle Theta [deg];Rotor Torque [Nm];Azimuthal Angle Theta [deg];Rotor Torque [Nm];Azimuthal Angle Theta [deg];Rotor Torque [Nm];Azimuthal Angle Theta [deg];Rotor Torque [Nm];Azimuthal Angle Theta [deg];Rotor Torque [Nm];Azimuthal Angle Theta [deg];Rotor Torque [Nm];Azimuthal Angle Theta [deg];Rotor Torque [Nm];Azimuthal Angle Theta [deg];Rotor Torque [Nm];Azimuthal Angle Theta [deg];Rotor Torque [Nm];Azimuthal Angle Theta [deg];Rotor Torque [Nm];Azimuthal Angle Theta [deg];Rotor Torque [Nm];Azimuthal Angle Theta [deg];Rotor Torque [Nm];Azimuthal Angle Theta [deg];Rotor Torque [Nm];Azimuthal Angle Theta [deg];Rotor Torque [Nm];Azimuthal Angle Theta [deg];Rotor Torque [Nm];Azimuthal Angle Theta [deg];Rotor Torque [Nm];Azimuthal Angle Theta [deg];Rotor Torque [Nm];Azimuthal Angle Theta [deg];Rotor Torque [Nm];Azimuthal Angle Theta [deg];Rotor Torque [Nm];Azimuthal Angle Theta [deg];Rotor Torque [Nm];Azimuthal Angle Theta [deg];Rotor Torque [Nm];Azimuthal Angle Theta [deg];Rotor Torque [Nm];Azimuthal Angle Theta [deg];Rotor Torque [Nm];Azimuthal Angle Theta [deg];Rotor Torque [Nm];Azimuthal Angle Theta [deg];Rotor Torque [Nm];Azimuthal Angle Theta [deg];Rotor Torque [Nm];Azimuthal Angle Theta [deg];Rotor Torque [Nm];Azimuthal Angle Theta [deg];Rotor Torque [Nm];Azimuthal Angle Theta [deg];Rotor Torque [Nm];Azimuthal Angle Theta [deg];Rotor Torque [Nm];Azimuthal Angle Theta [deg];Rotor Torque [Nm];Azimuthal Angle Theta [deg];Rotor Torque [Nm];Azimuthal Angle Theta [deg];Rotor Torque [Nm];Azimuthal Angle Theta [deg];Rotor Torque [Nm];Azimuthal Angle Theta [deg];Rotor Torque [Nm];Azimuthal Angle Theta [deg];Rotor Torque [Nm];Azimuthal Angle Theta [deg];Rotor Torque [Nm];Azimuthal Angle Theta [deg];Rotor Torque [Nm];Azimuthal Angle Theta [deg];Rotor Torque [Nm];Azimuthal Angle Theta [deg];Rotor Torque [Nm];Azimuthal Angle Theta [deg];Rotor Torque [Nm];Azimuthal Angle Theta [deg];Rotor Torque [Nm];Azimuthal Angle Theta [deg];Rotor Torque [Nm];Azimuthal Angle Theta [deg];Rotor Torque [Nm];Azimuthal Angle Theta [deg];Rotor Torque [Nm];Azimuthal Angle Theta [deg];Rotor Torque [Nm];Azimuthal Angle Theta [deg];Rotor Torque [Nm];Azimuthal Angle Theta [deg];Rotor Torque [Nm];Azimuthal Angle Theta [deg];Rotor Torque [Nm];Azimuthal Angle Theta [deg];Rotor Torque [Nm];Azimuthal Angle Theta [deg];Rotor Torque [Nm];Azimuthal Angle Theta [deg];Rotor Torque [Nm];Azimuthal Angle Theta [deg];Rotor Torque [Nm];Azimuthal Angle Theta [deg];Rotor Torque [Nm];Azimuthal Angle Theta [deg];Rotor Torque [Nm];Azimuthal Angle Theta [deg];Rotor Torque [Nm];Azimuthal Angle Theta [deg];Rotor Torque [Nm];Azimuthal Angle Theta [deg];Rotor Torque [Nm];Azimuthal Angle Theta [deg];Rotor Torque [Nm];Azimuthal Angle Theta [deg];Rotor Torque [Nm];Azimuthal Angle Theta [deg];Rotor Torque [Nm];Azimuthal Angle Theta [deg];Rotor Torque [Nm];Azimuthal Angle Theta [deg];Rotor Torque [Nm];Azimuthal Angle Theta [deg];Rotor Torque [Nm];Azimuthal Angle Theta [deg];Rotor Torque [Nm];Azimuthal Angle Theta [deg];Rotor Torque [Nm];Azimuthal Angle Theta [deg];Rotor Torque [Nm];Azimuthal Angle Theta [deg];Rotor Torque [Nm];Azimuthal Angle Theta [deg];Rotor Torque [Nm];Azimuthal Angle Theta [deg];Rotor Torque [Nm];Azimuthal Angle Theta [deg];Rotor Torque [Nm];Azimuthal Angle Theta [deg];Rotor Torque [Nm];Azimuthal Angle Theta [deg];Rotor Torque [Nm];Azimuthal Angle Theta [deg];Rotor Torque [Nm];Azimuthal Angle Theta [deg];Rotor Torque [Nm];Azimuthal Angle Theta [deg];Rotor Torque [Nm];Azimuthal Angle Theta [deg];Rotor Torque [Nm];Azimuthal Angle Theta [deg];Rotor Torque [Nm];Azimuthal Angle Theta [deg];Rotor Torque [Nm];Azimuthal Angle Theta [deg];Rotor Torque [Nm];Azimuthal Angle Theta [deg];Rotor Torque [Nm];Azimuthal Angle Theta [deg];Rotor Torque [Nm];Azimuthal Angle Theta [deg];Rotor Torque [Nm];Azimuthal Angle Theta [deg];Rotor Torque [Nm];Azimuthal Angle Theta [deg];Rotor Torque [Nm];Azimuthal Angle Theta [deg];Rotor Torque [Nm];Azimuthal Angle Theta [deg];Rotor Torque [Nm];Azimuthal Angle Theta [deg];Rotor Torque [Nm];Azimuthal Angle Theta [deg];Rotor Torque [Nm];Azimuthal Angle Theta [deg];Rotor Torque [Nm];Azimuthal Angle Theta [deg];Rotor Torque [Nm];Azimuthal Angle Theta [deg];Rotor Torque [Nm];Azimuthal Angle Theta [deg];Rotor Torque [Nm];Azimuthal Angle Theta [deg];Rotor Torque [Nm];Azimuthal Angle Theta [deg];Rotor Torque [Nm];Azimuthal Angle Theta [deg];Rotor Torque [Nm];Azimuthal Angle Theta [deg];Rotor Torque [Nm];Azimuthal Angle Theta [deg];Rotor Torque [Nm];Azimuthal Angle Theta [deg];Rotor Torque [Nm];Azimuthal Angle Theta [deg];Rotor Torque [Nm];Azimuthal Angle Theta [deg];Rotor Torque [Nm];Azimuthal Angle Theta [deg];Rotor Torque [Nm];Azimuthal Angle Theta [deg];Rotor Torque [Nm];Azimuthal Angle Theta [deg];Rotor Torque [Nm];Azimuthal Angle Theta [deg];Rotor Torque [Nm];Azimuthal Angle Theta [deg];Rotor Torque [Nm];Azimuthal Angle Theta [deg];Rotor Torque [Nm];Azimuthal Angle Theta [deg];Rotor Torque [Nm];Azimuthal Angle Theta [deg];Rotor Torque [Nm];Azimuthal Angle Theta [deg];Rotor Torque [Nm];Azimuthal Angle Theta [deg];Rotor Torque [Nm];Azimuthal Angle Theta [deg];Rotor Torque [Nm];Azimuthal Angle Theta [deg];Rotor Torque [Nm];Azimuthal Angle Theta [deg];Rotor Torque [Nm];Azimuthal Angle Theta [deg];Rotor Torque [Nm];Azimuthal Angle Theta [deg];Rotor Torque [Nm];Azimuthal Angle Theta [deg];Rotor Torque [Nm];Azimuthal Angle Theta [deg];Rotor Torque [Nm];Azimuthal Angle Theta [deg];Rotor Torque [Nm];Azimuthal Angle Theta [deg];Rotor Torque [Nm];Azimuthal Angle Theta [deg];Rotor Torque [Nm];Azimuthal Angle Theta [deg];Rotor Torque [Nm];Azimuthal Angle Theta [deg];Rotor Torque [Nm];Azimuthal Angle Theta [deg];Rotor Torque [Nm];Azimuthal Angle Theta [deg];Rotor Torque [Nm];Azimuthal Angle Theta [deg];Rotor Torque [Nm];Azimuthal Angle Theta [deg];Rotor Torque [Nm];Azimuthal Angle Theta [deg];Rotor Torque [Nm];Azimuthal Angle Theta [deg];Rotor Torque [Nm];Azimuthal Angle Theta [deg];Rotor Torque [Nm];Azimuthal Angle Theta [deg];Rotor Torque [Nm];Azimuthal Angle Theta [deg];Rotor Torque [Nm];Azimuthal Angle Theta [deg];Rotor Torque [Nm];Azimuthal Angle Theta [deg];Rotor Torque [Nm];Azimuthal Angle Theta [deg];Rotor Torque [Nm];Azimuthal Angle Theta [deg];Rotor Torque [Nm];Azimuthal Angle Theta [deg];Rotor Torque [Nm];Azimuthal Angle Theta [deg];Rotor Torque [Nm];Azimuthal Angle Theta [deg];Rotor Torque [Nm];Azimuthal Angle Theta [deg];Rotor Torque [Nm];Azimuthal Angle Theta [deg];Rotor Torque [Nm];Azimuthal Angle Theta [deg];Rotor Torque [Nm];Azimuthal Angle Theta [deg];Rotor Torque [Nm];Azimuthal Angle Theta [deg];Rotor Torque [Nm];Azimuthal Angle Theta [deg];Rotor Torque [Nm];Azimuthal Angle Theta [deg];Rotor Torque [Nm];Azimuthal Angle Theta [deg];Rotor Torque [Nm];Azimuthal Angle Theta [deg];Rotor Torque [Nm];Azimuthal Angle Theta [deg];Rotor Torque [Nm];Azimuthal Angle Theta [deg];Rotor Torque [Nm];Azimuthal Angle Theta [deg];Rotor Torque [Nm];Azimuthal Angle Theta [deg];Rotor Torque [Nm];Azimuthal Angle Theta [deg];Rotor Torque [Nm];Azimuthal Angle Theta [deg];Rotor Torque [Nm];Azimuthal Angle Theta [deg];Rotor Torque [Nm];Azimuthal Angle Theta [deg];Rotor Torque [Nm];Azimuthal Angle Theta [deg];Rotor Torque [Nm];Azimuthal Angle Theta [deg];Rotor Torque [Nm];Azimuthal Angle Theta [deg];Rotor Torque [Nm];Azimuthal Angle Theta [deg];Rotor Torque [Nm];Azimuthal Angle Theta [deg];Rotor Torque [Nm];Azimuthal Angle Theta [deg];Rotor Torque [Nm];Azimuthal Angle Theta [deg];Rotor Torque [Nm];Azimuthal Angle Theta [deg];Rotor Torque [Nm];Azimuthal Angle Theta [deg];Rotor Torque [Nm];Azimuthal Angle Theta [deg];Rotor Torque [Nm];Azimuthal Angle Theta [deg];Rotor Torque [Nm];Azimuthal Angle Theta [deg];Rotor Torque [Nm];Azimuthal Angle Theta [deg];Rotor Torque [Nm];Azimuthal Angle Theta [deg];Rotor Torque [Nm];Azimuthal Angle Theta [deg];Rotor Torque [Nm];Azimuthal Angle Theta [deg];Rotor Torque [Nm];Azimuthal Angle Theta [deg];Rotor Torque [Nm];Azimuthal Angle Theta [deg];Rotor Torque [Nm];Azimuthal Angle Theta [deg];Rotor Torque [Nm];Azimuthal Angle Theta [deg];Rotor Torque [Nm];Azimuthal Angle Theta [deg];Rotor Torque [Nm];Azimuthal Angle Theta [deg];Rotor Torque [Nm];Azimuthal Angle Theta [deg];Rotor Torque [Nm];Azimuthal Angle Theta [deg];Rotor Torque [Nm];Azimuthal Angle Theta [deg];Rotor Torque [Nm];Azimuthal Angle Theta [deg];Rotor Torque [Nm];Azimuthal Angle Theta [deg];Rotor Torque [Nm];Azimuthal Angle Theta [deg];Rotor Torque [Nm];Azimuthal Angle Theta [deg];Rotor Torque [Nm];Azimuthal Angle Theta [deg];Rotor Torque [Nm];Azimuthal Angle Theta [deg];Rotor Torque [Nm];Azimuthal Angle Theta [deg];Rotor Torque [Nm];Azimuthal Angle Theta [deg];Rotor Torque [Nm];Azimuthal Angle Theta [deg];Rotor Torque [Nm];Azimuthal Angle Theta [deg];Rotor Torque [Nm];Azimuthal Angle Theta [deg];Rotor Torque [Nm];Azimuthal Angle Theta [deg];Rotor Torque [Nm];Azimuthal Angle Theta [deg];Rotor Torque [Nm];Azimuthal Angle Theta [deg];Rotor Torque [Nm];Azimuthal Angle Theta [deg];Rotor Torque [Nm];Azimuthal Angle Theta [deg];Rotor Torque [Nm];Azimuthal Angle Theta [deg];Rotor Torque [Nm];Azimuthal Angle Theta [deg];Rotor Torque [Nm];Azimuthal Angle Theta [deg];Rotor Torque [Nm];Azimuthal Angle Theta [deg];Rotor Torque [Nm];Azimuthal Angle Theta [deg];Rotor Torque [Nm];Azimuthal Angle Theta [deg];Rotor Torque [Nm];Azimuthal Angle Theta [deg];Rotor Torque [Nm];Azimuthal Angle Theta [deg];Rotor Torque [Nm];Azimuthal Angle Theta [deg];Rotor Torque [Nm];Azimuthal Angle Theta [deg];Rotor Torque [Nm];Azimuthal Angle Theta [deg];Rotor Torque [Nm];Azimuthal Angle Theta [deg];Rotor Torque [Nm];Azimuthal Angle Theta [deg];Rotor Torque [Nm];Azimuthal Angle Theta [deg];Rotor Torque [Nm];Azimuthal Angle Theta [deg];Rotor Torque [Nm];Azimuthal Angle Theta [deg];Rotor Torque [Nm];Azimuthal Angle Theta [deg];Rotor Torque [Nm];Azimuthal Angle Theta [deg];Rotor Torque [Nm];Azimuthal Angle Theta [deg];Rotor Torque [Nm];Azimuthal Angle Theta [deg];Rotor Torque [Nm];Azimuthal Angle Theta [deg];Rotor Torque [Nm];Azimuthal Angle Theta [deg];Rotor Torque [Nm];Azimuthal Angle Theta [deg];Rotor Torque [Nm];Azimuthal Angle Theta [deg];Rotor Torque [Nm];Azimuthal Angle Theta [deg];Rotor Torque [Nm];Azimuthal Angle Theta [deg];Rotor Torque [Nm];Azimuthal Angle Theta [deg];Rotor Torque [Nm];Azimuthal Angle Theta [deg];Rotor Torque [Nm];Azimuthal Angle Theta [deg];Rotor Torque [Nm];Azimuthal Angle Theta [deg];Rotor Torque [Nm];Azimuthal Angle Theta [deg];Rotor Torque [Nm];Azimuthal Angle Theta [deg];Rotor Torque [Nm];Azimuthal Angle Theta [deg];Rotor Torque [Nm];Azimuthal Angle Theta [deg];Rotor Torque [Nm];Azimuthal Angle Theta [deg];Rotor Torque [Nm];Azimuthal Angle Theta [deg];Rotor Torque [Nm];Azimuthal Angle Theta [deg];Rotor Torque [Nm];Azimuthal Angle Theta [deg];Rotor Torque [Nm];Azimuthal Angle Theta [deg];Rotor Torque [Nm];Azimuthal Angle Theta [deg];Rotor Torque [Nm];Azimuthal Angle Theta [deg];Rotor Torque [Nm];Azimuthal Angle Theta [deg];Rotor Torque [Nm];Azimuthal Angle Theta [deg];Rotor Torque [Nm];Azimuthal Angle Theta [deg];Rotor Torque [Nm];Azimuthal Angle Theta [deg];Rotor Torque [Nm];Azimuthal Angle Theta [deg];Rotor Torque [Nm];Azimuthal Angle Theta [deg];Rotor Torque [Nm];Azimuthal Angle Theta [deg];Rotor Torque [Nm];Azimuthal Angle Theta [deg];Rotor Torque [Nm];Azimuthal Angle Theta [deg];Rotor Torque [Nm];Azimuthal Angle Theta [deg];Rotor Torque [Nm];Azimuthal Angle Theta [deg];Rotor Torque [Nm];Azimuthal Angle Theta [deg];Rotor Torque [Nm];Azimuthal Angle Theta [deg];Rotor Torque [Nm];Azimuthal Angle Theta [deg];Rotor Torque [Nm];Azimuthal Angle Theta [deg];Rotor Torque [Nm];Azimuthal Angle Theta [deg];Rotor Torque [Nm];Azimuthal Angle Theta [deg];Rotor Torque [Nm];Azimuthal Angle Theta [deg];Rotor Torque [Nm];Azimuthal Angle Theta [deg];Rotor Torque [Nm];Azimuthal Angle Theta [deg];Rotor Torque [Nm];Azimuthal Angle Theta [deg];Rotor Torque [Nm];Azimuthal Angle Theta [deg];Rotor Torque [Nm];Azimuthal Angle Theta [deg];Rotor Torque [Nm];Azimuthal Angle Theta [deg];Rotor Torque [Nm];Azimuthal Angle Theta [deg];Rotor Torque [Nm];Azimuthal Angle Theta [deg];Rotor Torque [Nm];Azimuthal Angle Theta [deg];Rotor Torque [Nm];Azimuthal Angle Theta [deg];Rotor Torque [Nm];Azimuthal Angle Theta [deg];Rotor Torque [Nm];Azimuthal Angle Theta [deg];Rotor Torque [Nm];Azimuthal Angle Theta [deg];Rotor Torque [Nm];Azimuthal Angle Theta [deg];Rotor Torque [Nm];Azimuthal Angle Theta [deg];Rotor Torque [Nm];Azimuthal Angle Theta [deg];Rotor Torque [Nm];Azimuthal Angle Theta [deg];Rotor Torque [Nm];Azimuthal Angle Theta [deg];Rotor Torque [Nm];Azimuthal Angle Theta [deg];Rotor Torque [Nm];Azimuthal Angle Theta [deg];Rotor Torque [Nm];Azimuthal Angle Theta [deg];Rotor Torque [Nm];Azimuthal Angle Theta [deg];Rotor Torque [Nm];Azimuthal Angle Theta [deg];Rotor Torque [Nm];Azimuthal Angle Theta [deg];Rotor Torque [Nm];Azimuthal Angle Theta [deg];Rotor Torque [Nm];Azimuthal Angle Theta [deg];Rotor Torque [Nm];Azimuthal Angle Theta [deg];Rotor Torque [Nm];Azimuthal Angle Theta [deg];Rotor Torque [Nm];Azimuthal Angle Theta [deg];Rotor Torque [Nm];Azimuthal Angle Theta [deg];Rotor Torque [Nm];Azimuthal Angle Theta [deg];Rotor Torque [Nm];Azimuthal Angle Theta [deg];Rotor Torque [Nm];Azimuthal Angle Theta [deg];Rotor Torque [Nm];Azimuthal Angle Theta [deg];Rotor Torque [Nm];Azimuthal Angle Theta [deg];Rotor Torque [Nm];Azimuthal Angle Theta [deg];Rotor Torque [Nm];Azimuthal Angle Theta [deg];Rotor Torque [Nm];Azimuthal Angle Theta [deg];Rotor Torque [Nm];Azimuthal Angle Theta [deg];Rotor Torque [Nm];Azimuthal Angle Theta [deg];Rotor Torque [Nm];Azimuthal Angle Theta [deg];Rotor Torque [Nm];Azimuthal Angle Theta [deg];Rotor Torque [Nm];Azimuthal Angle Theta [deg];Rotor Torque [Nm];Azimuthal Angle Theta [deg];Rotor Torque [Nm];Azimuthal Angle Theta [deg];Rotor Torque [Nm];Azimuthal Angle Theta [deg];Rotor Torque [Nm];Azimuthal Angle Theta [deg];Rotor Torque [Nm];Azimuthal Angle Theta [deg];Rotor Torque [Nm];Azimuthal Angle Theta [deg];Rotor Torque [Nm];Azimuthal Angle Theta [deg];Rotor Torque [Nm];Azimuthal Angle Theta [deg];Rotor Torque [Nm];Azimuthal Angle Theta [deg];Rotor Torque [Nm];Azimuthal Angle Theta [deg];Rotor Torque [Nm];Azimuthal Angle Theta [deg];Rotor Torque [Nm];Azimuthal Angle Theta [deg];Rotor Torque [Nm];Azimuthal Angle Theta [deg];Rotor Torque [Nm];Azimuthal Angle Theta [deg];Rotor Torque [Nm];Azimuthal Angle Theta [deg];Rotor Torque [Nm];Azimuthal Angle Theta [deg];Rotor Torque [Nm];Azimuthal Angle Theta [deg];Rotor Torque [Nm];Azimuthal Angle Theta [deg];Rotor Torque [Nm];Azimuthal Angle Theta [deg];Rotor Torque [Nm];Azimuthal Angle Theta [deg];Rotor Torque [Nm];Azimuthal Angle Theta [deg];Rotor Torque [Nm];Azimuthal Angle Theta [deg];Rotor Torque [Nm];Azimuthal Angle Theta [deg];Rotor Torque [Nm];Azimuthal Angle Theta [deg];Rotor Torque [Nm];Azimuthal Angle Theta [deg];Rotor Torque [Nm];Azimuthal Angle Theta [deg];Rotor Torque [Nm];Azimuthal Angle Theta [deg];Rotor Torque [Nm];Azimuthal Angle Theta [deg];Rotor Torque [Nm];Azimuthal Angle Theta [deg];Rotor Torque [Nm];Azimuthal Angle Theta [deg];Rotor Torque [Nm];Azimuthal Angle Theta [deg];Rotor Torque [Nm];Azimuthal Angle Theta [deg];Rotor Torque [Nm];Azimuthal Angle Theta [deg];Rotor Torque [Nm];Azimuthal Angle Theta [deg];Rotor Torque [Nm];Azimuthal Angle Theta [deg];Rotor Torque [Nm];Azimuthal Angle Theta [deg];Rotor Torque [Nm];Azimuthal Angle Theta [deg];Rotor Torque [Nm];Azimuthal Angle Theta [deg];Rotor Torque [Nm];Azimuthal Angle Theta [deg];Rotor Torque [Nm];Azimuthal Angle Theta [deg];Rotor Torque [Nm];Azimuthal Angle Theta [deg];Rotor Torque [Nm];Azimuthal Angle Theta [deg];Rotor Torque [Nm];Azimuthal Angle Theta [deg];Rotor Torque [Nm];Azimuthal Angle Theta [deg];Rotor Torque [Nm];Azimuthal Angle Theta [deg];Rotor Torque [Nm];Azimuthal Angle Theta [deg];Rotor Torque [Nm];Azimuthal Angle Theta [deg];Rotor Torque [Nm];Azimuthal Angle Theta [deg];Rotor Torque [Nm];Azimuthal Angle Theta [deg];Rotor Torque [Nm];Azimuthal Angle Theta [deg];Rotor Torque [Nm];Azimuthal Angle Theta [deg];Rotor Torque [Nm];Azimuthal Angle Theta [deg];Rotor Torque [Nm];Azimuthal Angle Theta [deg];Rotor Torque [Nm];Azimuthal Angle Theta [deg];Rotor Torque [Nm];Azimuthal Angle Theta [deg];Rotor Torque [Nm];Azimuthal Angle Theta [deg];Rotor Torque [Nm];Azimuthal Angle Theta [deg];Rotor Torque [Nm];Azimuthal Angle Theta [deg];Rotor Torque [Nm];Azimuthal Angle Theta [deg];Rotor Torque [Nm];Azimuthal Angle Theta [deg];Rotor Torque [Nm];Azimuthal Angle Theta [deg];Rotor Torque [Nm];Azimuthal Angle Theta [deg];Rotor Torque [Nm];Azimuthal Angle Theta [deg];Rotor Torque [Nm];Azimuthal Angle Theta [deg];Rotor Torque [Nm];Azimuthal Angle Theta [deg];Rotor Torque [Nm];Azimuthal Angle Theta [deg];Rotor Torque [Nm];Azimuthal Angle Theta [deg];Rotor Torque [Nm];Azimuthal Angle Theta [deg];Rotor Torque [Nm];Azimuthal Angle Theta [deg];Rotor Torque [Nm];Azimuthal Angle Theta [deg];Rotor Torque [Nm];Azimuthal Angle Theta [deg];Rotor Torque [Nm];Azimuthal Angle Theta [deg];Rotor Torque [Nm];Azimuthal Angle Theta [deg];Rotor Torque [Nm];Azimuthal Angle Theta [deg];Rotor Torque [Nm];Azimuthal Angle Theta [deg];Rotor Torque [Nm];Azimuthal Angle Theta [deg];Rotor Torque [Nm];Azimuthal Angle Theta [deg];Rotor Torque [Nm];Azimuthal Angle Theta [deg];Rotor Torque [Nm];Azimuthal Angle Theta [deg];Rotor Torque [Nm];Azimuthal Angle Theta [deg];Rotor Torque [Nm];Azimuthal Angle Theta [deg];Rotor Torque [Nm];Azimuthal Angle Theta [deg];Rotor Torque [Nm];Azimuthal Angle Theta [deg];Rotor Torque [Nm];Azimuthal Angle Theta [deg];Rotor Torque [Nm];Azimuthal Angle Theta [deg];Rotor Torque [Nm];Azimuthal Angle Theta [deg];Rotor Torque [Nm];Azimuthal Angle Theta [deg];Rotor Torque [Nm];Azimuthal Angle Theta [deg];Rotor Torque [Nm];Azimuthal Angle Theta [deg];Rotor Torque [Nm];Azimuthal Angle Theta [deg];Rotor Torque [Nm];Azimuthal Angle Theta [deg];Rotor Torque [Nm];Azimuthal Angle Theta [deg];Rotor Torque [Nm];Azimuthal Angle Theta [deg];Rotor Torque [Nm];Azimuthal Angle Theta [deg];Rotor Torque [Nm];Azimuthal Angle Theta [deg];Rotor Torque [Nm];Azimuthal Angle Theta [deg];Rotor Torque [Nm];Azimuthal Angle Theta [deg];Rotor Torque [Nm];Azimuthal Angle Theta [deg];Rotor Torque [Nm];Azimuthal Angle Theta [deg];Rotor Torque [Nm];Azimuthal Angle Theta [deg];Rotor Torque [Nm];Azimuthal Angle Theta [deg];Rotor Torque [Nm];Azimuthal Angle Theta [deg];Rotor Torque [Nm];Azimuthal Angle Theta [deg];Rotor Torque [Nm];Azimuthal Angle Theta [deg];Rotor Torque [Nm];Azimuthal Angle Theta [deg];Rotor Torque [Nm];Azimuthal Angle Theta [deg];Rotor Torque [Nm];Azimuthal Angle Theta [deg];Rotor Torque [Nm];Azimuthal Angle Theta [deg];Rotor Torque [Nm];Azimuthal Angle Theta [deg];Rotor Torque [Nm];Azimuthal Angle Theta [deg];Rotor Torque [Nm];Azimuthal Angle Theta [deg];Rotor Torque [Nm];Azimuthal Angle Theta [deg];Rotor Torque [Nm];Azimuthal Angle Theta [deg];Rotor Torque [Nm];Azimuthal Angle Theta [deg];Rotor Torque [Nm];Azimuthal Angle Theta [deg];Rotor Torque [Nm];Azimuthal Angle Theta [deg];Rotor Torque [Nm];Azimuthal Angle Theta [deg];Rotor Torque [Nm];Azimuthal Angle Theta [deg];Rotor Torque [Nm];Azimuthal Angle Theta [deg];Rotor Torque [Nm];Azimuthal Angle Theta [deg];Rotor Torque [Nm];Azimuthal Angle Theta [deg];Rotor Torque [Nm];Azimuthal Angle Theta [deg];Rotor Torque [Nm];Azimuthal Angle Theta [deg];Rotor Torque [Nm];Azimuthal Angle Theta [deg];Rotor Torque [Nm];Azimuthal Angle Theta [deg];Rotor Torque [Nm];Azimuthal Angle Theta [deg];Rotor Torque [Nm];Azimuthal Angle Theta [deg];Rotor Torque [Nm];Azimuthal Angle Theta [deg];Rotor Torque [Nm];Azimuthal Angle Theta [deg];Rotor Torque [Nm];Azimuthal Angle Theta [deg];Rotor Torque [Nm];Azimuthal Angle Theta [deg];Rotor Torque [Nm];Azimuthal Angle Theta [deg];Rotor Torque [Nm];Azimuthal Angle Theta [deg];Rotor Torque [Nm];Azimuthal Angle Theta [deg];Rotor Torque [Nm];Azimuthal Angle Theta [deg];Rotor Torque [Nm];Azimuthal Angle Theta [deg];Rotor Torque [Nm];Azimuthal Angle Theta [deg];Rotor Torque [Nm];Azimuthal Angle Theta [deg];Rotor Torque [Nm];Azimuthal Angle Theta [deg];Rotor Torque [Nm];Azimuthal Angle Theta [deg];Rotor Torque [Nm];Azimuthal Angle Theta [deg];Rotor Torque [Nm];Azimuthal Angle Theta [deg];Rotor Torque [Nm];Azimuthal Angle Theta [deg];Rotor Torque [Nm];Azimuthal Angle Theta [deg];Rotor Torque [Nm];Azimuthal Angle Theta [deg];Rotor Torque [Nm];Azimuthal Angle Theta [deg];Rotor Torque [Nm];Azimuthal Angle Theta [deg];Rotor Torque [Nm];Azimuthal Angle Theta [deg];Rotor Torque [Nm];Azimuthal Angle Theta [deg];Rotor Torque [Nm];Azimuthal Angle Theta [deg];Rotor Torque [Nm];Azimuthal Angle Theta [deg];Rotor Torque [Nm];Azimuthal Angle Theta [deg];Rotor Torque [Nm];Azimuthal Angle Theta [deg];Rotor Torque [Nm];Azimuthal Angle Theta [deg];Rotor Torque [Nm];Azimuthal Angle Theta [deg];Rotor Torque [Nm];Azimuthal Angle Theta [deg];Rotor Torque [Nm];Azimuthal Angle Theta [deg];Rotor Torque [Nm];Azimuthal Angle Theta [deg];Rotor Torque [Nm];Azimuthal Angle Theta [deg];Rotor Torque [Nm];Azimuthal Angle Theta [deg];Rotor Torque [Nm];Azimuthal Angle Theta [deg];Rotor Torque [Nm];Azimuthal Angle Theta [deg];Rotor Torque [Nm];Azimuthal Angle Theta [deg];Rotor Torque [Nm];Azimuthal Angle Theta [deg];Rotor Torque [Nm];Azimuthal Angle Theta [deg];Rotor Torque [Nm];Azimuthal Angle Theta [deg];Rotor Torque [Nm];Azimuthal Angle Theta [deg];Rotor Torque [Nm];Azimuthal Angle Theta [deg];Rotor Torque [Nm];Azimuthal Angle Theta [deg];Rotor Torque [Nm];Azimuthal Angle Theta [deg];Rotor Torque [Nm];Azimuthal Angle Theta [deg];Rotor Torque [Nm];Azimuthal Angle Theta [deg];Rotor Torque [Nm];Azimuthal Angle Theta [deg];Rotor Torque [Nm];Azimuthal Angle Theta [deg];Rotor Torque [Nm];Azimuthal Angle Theta [deg];Rotor Torque [Nm];Azimuthal Angle Theta [deg];Rotor Torque [Nm];Azimuthal Angle Theta [deg];Rotor Torque [Nm];Azimuthal Angle Theta [deg];Rotor Torque [Nm];Azimuthal Angle Theta [deg];Rotor Torque [Nm];Azimuthal Angle Theta [deg];Rotor Torque [Nm];Azimuthal Angle Theta [deg];Rotor Torque [Nm];Azimuthal Angle Theta [deg];Rotor Torque [Nm];Azimuthal Angle Theta [deg];Rotor Torque [Nm];Azimuthal Angle Theta [deg];Rotor Torque [Nm];Azimuthal Angle Theta [deg];Rotor Torque [Nm];Azimuthal Angle Theta [deg];Rotor Torque [Nm];Azimuthal Angle Theta [deg];Rotor Torque [Nm];Azimuthal Angle Theta [deg];Rotor Torque [Nm];Azimuthal Angle Theta [deg];Rotor Torque [Nm];Azimuthal Angle Theta [deg];Rotor Torque [Nm];Azimuthal Angle Theta [deg];Rotor Torque [Nm];Azimuthal Angle Theta [deg];Rotor Torque [Nm];Azimuthal Angle Theta [deg];Rotor Torque [Nm];Azimuthal Angle Theta [deg];Rotor Torque [Nm];Azimuthal Angle Theta [deg];Rotor Torque [Nm];Azimuthal Angle Theta [deg];Rotor Torque [Nm];Azimuthal Angle Theta [deg];Rotor Torque [Nm];Azimuthal Angle Theta [deg];Rotor Torque [Nm];Azimuthal Angle Theta [deg];Rotor Torque [Nm];Azimuthal Angle Theta [deg];Rotor Torque [Nm];Azimuthal Angle Theta [deg];Rotor Torque [Nm];Azimuthal Angle Theta [deg];Rotor Torque [Nm];Azimuthal Angle Theta [deg];Rotor Torque [Nm];Azimuthal Angle Theta [deg];Rotor Torque [Nm];Azimuthal Angle Theta [deg];Rotor Torque [Nm];Azimuthal Angle Theta [deg];Rotor Torque [Nm];Azimuthal Angle Theta [deg];Rotor Torque [Nm];Azimuthal Angle Theta [deg];Rotor Torque [Nm];Azimuthal Angle Theta [deg];Rotor Torque [Nm];Azimuthal Angle Theta [deg];Rotor Torque [Nm];Azimuthal Angle Theta [deg];Rotor Torque [Nm];Azimuthal Angle Theta [deg];Rotor Torque [Nm];Azimuthal Angle Theta [deg];Rotor Torque [Nm];Azimuthal Angle Theta [deg];Rotor Torque [Nm];Azimuthal Angle Theta [deg];Rotor Torque [Nm];Azimuthal Angle Theta [deg];Rotor Torque [Nm];Azimuthal Angle Theta [deg];Rotor Torque [Nm];Azimuthal Angle Theta [deg];Rotor Torque [Nm];Azimuthal Angle Theta [deg];Rotor Torque [Nm];Azimuthal Angle Theta [deg];Rotor Torque [Nm];Azimuthal Angle Theta [deg];Rotor Torque [Nm];Azimuthal Angle Theta [deg];Rotor Torque [Nm];Azimuthal Angle Theta [deg];Rotor Torque [Nm];Azimuthal Angle Theta [deg];Rotor Torque [Nm];Azimuthal Angle Theta [deg];Rotor Torque [Nm];Azimuthal Angle Theta [deg];Rotor Torque [Nm];Azimuthal Angle Theta [deg];Rotor Torque [Nm];Azimuthal Angle Theta [deg];Rotor Torque [Nm];Azimuthal Angle Theta [deg];Rotor Torque [Nm];Azimuthal Angle Theta [deg];Rotor Torque [Nm];Azimuthal Angle Theta [deg];Rotor Torque [Nm];Azimuthal Angle Theta [deg];Rotor Torque [Nm];Azimuthal Angle Theta [deg];Rotor Torque [Nm];Azimuthal Angle Theta [deg];Rotor Torque [Nm];Azimuthal Angle Theta [deg];Rotor Torque [Nm];Azimuthal Angle Theta [deg];Rotor Torque [Nm];Azimuthal Angle Theta [deg];Rotor Torque [Nm];Azimuthal Angle Theta [deg];Rotor Torque [Nm];Azimuthal Angle Theta [deg];Rotor Torque [Nm];Azimuthal Angle Theta [deg];Rotor Torque [Nm];Azimuthal Angle Theta [deg];Rotor Torque [Nm];Azimuthal Angle Theta [deg];Rotor Torque [Nm];Azimuthal Angle Theta [deg];Rotor Torque [Nm];Azimuthal Angle Theta [deg];Rotor Torque [Nm];Azimuthal Angle Theta [deg];Rotor Torque [Nm];Azimuthal Angle Theta [deg];Rotor Torque [Nm];Azimuthal Angle Theta [deg];Rotor Torque [Nm];Azimuthal Angle Theta [deg];Rotor Torque [Nm];Azimuthal Angle Theta [deg];Rotor Torque [Nm];Azimuthal Angle Theta [deg];Rotor Torque [Nm];Azimuthal Angle Theta [deg];Rotor Torque [Nm];Azimuthal Angle Theta [deg];Rotor Torque [Nm];Azimuthal Angle Theta [deg];Rotor Torque [Nm];Azimuthal Angle Theta [deg];Rotor Torque [Nm];Azimuthal Angle Theta [deg];Rotor Torque [Nm];Azimuthal Angle Theta [deg];Rotor Torque [Nm];Azimuthal Angle Theta [deg];Rotor Torque [Nm];Azimuthal Angle Theta [deg];Rotor Torque [Nm];Azimuthal Angle Theta [deg];Rotor Torque [Nm];Azimuthal Angle Theta [deg];Rotor Torque [Nm];Azimuthal Angle Theta [deg];Rotor Torque [Nm];Azimuthal Angle Theta [deg];Rotor Torque [Nm];Azimuthal Angle Theta [deg];Rotor Torque [Nm];Azimuthal Angle Theta [deg];Rotor Torque [Nm];Azimuthal Angle Theta [deg];Rotor Torque [Nm];Azimuthal Angle Theta [deg];Rotor Torque [Nm];Azimuthal Angle Theta [deg];Rotor Torque [Nm];Azimuthal Angle Theta [deg];Rotor Torque [Nm];Azimuthal Angle Theta [deg];Rotor Torque [Nm];Azimuthal Angle Theta [deg];Rotor Torque [Nm];Azimuthal Angle Theta [deg];Rotor Torque [Nm];Azimuthal Angle Theta [deg];Rotor Torque [Nm];Azimuthal Angle Theta [deg];Rotor Torque [Nm];Azimuthal Angle Theta [deg];Rotor Torque [Nm];Azimuthal Angle Theta [deg];Rotor Torque [Nm];Azimuthal Angle Theta [deg];Rotor Torque [Nm];Azimuthal Angle Theta [deg];Rotor Torque [Nm];Azimuthal Angle Theta [deg];Rotor Torque [Nm];Azimuthal Angle Theta [deg];Rotor Torque [Nm];Azimuthal Angle Theta [deg];Rotor Torque [Nm];Azimuthal Angle Theta [deg];Rotor Torque [Nm];Azimuthal Angle Theta [deg];Rotor Torque [Nm];Azimuthal Angle Theta [deg];Rotor Torque [Nm];Azimuthal Angle Theta [deg];Rotor Torque [Nm];Azimuthal Angle Theta [deg];Rotor Torque [Nm];Azimuthal Angle Theta [deg];Rotor Torque [Nm];Azimuthal Angle Theta [deg];Rotor Torque [Nm];Azimuthal Angle Theta [deg];Rotor Torque [Nm];Azimuthal Angle Theta [deg];Rotor Torque [Nm];Azimuthal Angle Theta [deg];Rotor Torque [Nm];Azimuthal Angle Theta [deg];Rotor Torque [Nm];Azimuthal Angle Theta [deg];Rotor Torque [Nm];Azimuthal Angle Theta [deg];Rotor Torque [Nm];Azimuthal Angle Theta [deg];Rotor Torque [Nm];Azimuthal Angle Theta [deg];Rotor Torque [Nm];Azimuthal Angle Theta [deg];Rotor Torque [Nm];Azimuthal Angle Theta [deg];Rotor Torque [Nm];Azimuthal Angle Theta [deg];Rotor Torque [Nm];Azimuthal Angle Theta [deg];Rotor Torque [Nm];Azimuthal Angle Theta [deg];Rotor Torque [Nm];Azimuthal Angle Theta [deg];Rotor Torque [Nm];Azimuthal Angle Theta [deg];Rotor Torque [Nm];Azimuthal Angle Theta [deg];Rotor Torque [Nm];Azimuthal Angle Theta [deg];Rotor Torque [Nm];Azimuthal Angle Theta [deg];Rotor Torque [Nm];Azimuthal Angle Theta [deg];Rotor Torque [Nm];Azimuthal Angle Theta [deg];Rotor Torque [Nm];Azimuthal Angle Theta [deg];Rotor Torque [Nm];Azimuthal Angle Theta [deg];Rotor Torque [Nm];Azimuthal Angle Theta [deg];Rotor Torque [Nm];Azimuthal Angle Theta [deg];Rotor Torque [Nm];Azimuthal Angle Theta [deg];Rotor Torque [Nm];Azimuthal Angle Theta [deg];Rotor Torque [Nm];Azimuthal Angle Theta [deg];Rotor Torque [Nm];Azimuthal Angle Theta [deg];Rotor Torque [Nm];Azimuthal Angle Theta [deg];Rotor Torque [Nm];Azimuthal Angle Theta [deg];Rotor Torque [Nm];Azimuthal Angle Theta [deg];Rotor Torque [Nm];Azimuthal Angle Theta [deg];Rotor Torque [Nm];Azimuthal Angle Theta [deg];Rotor Torque [Nm];Azimuthal Angle Theta [deg];Rotor Torque [Nm];Azimuthal Angle Theta [deg];Rotor Torque [Nm];Azimuthal Angle Theta [deg];Rotor Torque [Nm];Azimuthal Angle Theta [deg];Rotor Torque [Nm];Azimuthal Angle Theta [deg];Rotor Torque [Nm];Azimuthal Angle Theta [deg];Rotor Torque [Nm];Azimuthal Angle Theta [deg];Rotor Torque [Nm];Azimuthal Angle Theta [deg];Rotor Torque [Nm];Azimuthal Angle Theta [deg];Rotor Torque [Nm];Azimuthal Angle Theta [deg];Rotor Torque [Nm];Azimuthal Angle Theta [deg];Rotor Torque [Nm];Azimuthal Angle Theta [deg];Rotor Torque [Nm];Azimuthal Angle Theta [deg];Rotor Torque [Nm];Azimuthal Angle Theta [deg];Rotor Torque [Nm];Azimuthal Angle Theta [deg];Rotor Torque [Nm];Azimuthal Angle Theta [deg];Rotor Torque [Nm];Azimuthal Angle Theta [deg];Rotor Torque [Nm];Azimuthal Angle Theta [deg];Rotor Torque [Nm];Azimuthal Angle Theta [deg];Rotor Torque [Nm];Azimuthal Angle Theta [deg];Rotor Torque [Nm];Azimuthal Angle Theta [deg];Rotor Torque [Nm];Azimuthal Angle Theta [deg];Rotor Torque [Nm];Azimuthal Angle Theta [deg];Rotor Torque [Nm];Azimuthal Angle Theta [deg];Rotor Torque [Nm];Azimuthal Angle Theta [deg];Rotor Torque [Nm];Azimuthal Angle Theta [deg];Rotor Torque [Nm];Azimuthal Angle Theta [deg];Rotor Torque [Nm];Azimuthal Angle Theta [deg];Rotor Torque [Nm];Azimuthal Angle Theta [deg];Rotor Torque [Nm];Azimuthal Angle Theta [deg];Rotor Torque [Nm];Azimuthal Angle Theta [deg];Rotor Torque [Nm];Azimuthal Angle Theta [deg];Rotor Torque [Nm];Azimuthal Angle Theta [deg];Rotor Torque [Nm];Azimuthal Angle Theta [deg];Rotor Torque [Nm];Azimuthal Angle Theta [deg];Rotor Torque [Nm];Azimuthal Angle Theta [deg];Rotor Torque [Nm];Azimuthal Angle Theta [deg];Rotor Torque [Nm];Azimuthal Angle Theta [deg];Rotor Torque [Nm];Azimuthal Angle Theta [deg];Rotor Torque [Nm];Azimuthal Angle Theta [deg];Rotor Torque [Nm];Azimuthal Angle Theta [deg];Rotor Torque [Nm];Azimuthal Angle Theta [deg];Rotor Torque [Nm];Azimuthal Angle Theta [deg];Rotor Torque [Nm];Azimuthal Angle Theta [deg];Rotor Torque [Nm];Azimuthal Angle Theta [deg];Rotor Torque [Nm];Azimuthal Angle Theta [deg];Rotor Torque [Nm];Azimuthal Angle Theta [deg];Rotor Torque [Nm];Azimuthal Angle Theta [deg];Rotor Torque [Nm];Azimuthal Angle Theta [deg];Rotor Torque [Nm];Azimuthal Angle Theta [deg];Rotor Torque [Nm];Azimuthal Angle Theta [deg];Rotor Torque [Nm];Azimuthal Angle Theta [deg];Rotor Torque [Nm];Azimuthal Angle Theta [deg];Rotor Torque [Nm];Azimuthal Angle Theta [deg];Rotor Torque [Nm];Azimuthal Angle Theta [deg];Rotor Torque [Nm];Azimuthal Angle Theta [deg];Rotor Torque [Nm];Azimuthal Angle Theta [deg];Rotor Torque [Nm];Azimuthal Angle Theta [deg];Rotor Torque [Nm];Azimuthal Angle Theta [deg];Rotor Torque [Nm];Azimuthal Angle Theta [deg];Rotor Torque [Nm];Azimuthal Angle Theta [deg];Rotor Torque [Nm];Azimuthal Angle Theta [deg];Rotor Torque [Nm];Azimuthal Angle Theta [deg];Rotor Torque [Nm];Azimuthal Angle Theta [deg];Rotor Torque [Nm];Azimuthal Angle Theta [deg];Rotor Torque [Nm];Azimuthal Angle Theta [deg];Rotor Torque [Nm];Azimuthal Angle Theta [deg];Rotor Torque [Nm];Azimuthal Angle Theta [deg];Rotor Torque [Nm];Azimuthal Angle Theta [deg];Rotor Torque [Nm];Azimuthal Angle Theta [deg];Rotor Torque [Nm];Azimuthal Angle Theta [deg];Rotor Torque [Nm];Azimuthal Angle Theta [deg];Rotor Torque [Nm];Azimuthal Angle Theta [deg];Rotor Torque [Nm];Azimuthal Angle Theta [deg];Rotor Torque [Nm];Azimuthal Angle Theta [deg];Rotor Torque [Nm];Azimuthal Angle Theta [deg];Rotor Torque [Nm];Azimuthal Angle Theta [deg];Rotor Torque [Nm];Azimuthal Angle Theta [deg];Rotor Torque [Nm];Azimuthal Angle Theta [deg];Rotor Torque [Nm];Azimuthal Angle Theta [deg];Rotor Torque [Nm];Azimuthal Angle Theta [deg];Rotor Torque [Nm];Azimuthal Angle Theta [deg];Rotor Torque [Nm];Azimuthal Angle Theta [deg];Rotor Torque [Nm];Azimuthal Angle Theta [deg];Rotor Torque [Nm];Azimuthal Angle Theta [deg];Rotor Torque [Nm];Azimuthal Angle Theta [deg];Rotor Torque [Nm];Azimuthal Angle Theta [deg];Rotor Torque [Nm];Azimuthal Angle Theta [deg];Rotor Torque [Nm];Azimuthal Angle Theta [deg];Rotor Torque [Nm];Azimuthal Angle Theta [deg];Rotor Torque [Nm];Azimuthal Angle Theta [deg];Rotor Torque [Nm];Azimuthal Angle Theta [deg];Rotor Torque [Nm];Azimuthal Angle Theta [deg];Rotor Torque [Nm];Azimuthal Angle Theta [deg];Rotor Torque [Nm];Azimuthal Angle Theta [deg];Rotor Torque [Nm];Azimuthal Angle Theta [deg];Rotor Torque [Nm];Azimuthal Angle Theta [deg];Rotor Torque [Nm];Azimuthal Angle Theta [deg];Rotor Torque [Nm];Azimuthal Angle Theta [deg];Rotor Torque [Nm];Azimuthal Angle Theta [deg];Rotor Torque [Nm];Azimuthal Angle Theta [deg];Rotor Torque [Nm];Azimuthal Angle Theta [deg];Rotor Torque [Nm];Azimuthal Angle Theta [deg];Rotor Torque [Nm];Azimuthal Angle Theta [deg];Rotor Torque [Nm];Azimuthal Angle Theta [deg];Rotor Torque [Nm];Azimuthal Angle Theta [deg];Rotor Torque [Nm];Azimuthal Angle Theta [deg];Rotor Torque [Nm];Azimuthal Angle Theta [deg];Rotor Torque [Nm];Azimuthal Angle Theta [deg];Rotor Torque [Nm];Azimuthal Angle Theta [deg];Rotor Torque [Nm];Azimuthal Angle Theta [deg];Rotor Torque [Nm];Azimuthal Angle Theta [deg];Rotor Torque [Nm];Azimuthal Angle Theta [deg];Rotor Torque [Nm];Azimuthal Angle Theta [deg];Rotor Torque [Nm];Azimuthal Angle Theta [deg];Rotor Torque [Nm];Azimuthal Angle Theta [deg];Rotor Torque [Nm];Azimuthal Angle Theta [deg];Rotor Torque [Nm];Azimuthal Angle Theta [deg];Rotor Torque [Nm];Azimuthal Angle Theta [deg];Rotor Torque [Nm];Azimuthal Angle Theta [deg];Rotor Torque [Nm];Azimuthal Angle Theta [deg];Rotor Torque [Nm];Azimuthal Angle Theta [deg];Rotor Torque [Nm];Azimuthal Angle Theta [deg];Rotor Torque [Nm];Azimuthal Angle Theta [deg];Rotor Torque [Nm];Azimuthal Angle Theta [deg];Rotor Torque [Nm];Azimuthal Angle Theta [deg];Rotor Torque [Nm];Azimuthal Angle Theta [deg];Rotor Torque [Nm];Azimuthal Angle Theta [deg];Rotor Torque [Nm];Azimuthal Angle Theta [deg];Rotor Torque [Nm];Azimuthal Angle Theta [deg];Rotor Torque [Nm];Azimuthal Angle Theta [deg];Rotor Torque [Nm];Azimuthal Angle Theta [deg];Rotor Torque [Nm];Azimuthal Angle Theta [deg];Rotor Torque [Nm];Azimuthal Angle Theta [deg];Rotor Torque [Nm];Azimuthal Angle Theta [deg];Rotor Torque [Nm];Azimuthal Angle Theta [deg];Rotor Torque [Nm];Azimuthal Angle Theta [deg];Rotor Torque [Nm];Azimuthal Angle Theta [deg];Rotor Torque [Nm];Azimuthal Angle Theta [deg];Rotor Torque [Nm];Azimuthal Angle Theta [deg];Rotor Torque [Nm];Azimuthal Angle Theta [deg];Rotor Torque [Nm];Azimuthal Angle Theta [deg];Rotor Torque [Nm];Azimuthal Angle Theta [deg];Rotor Torque [Nm];Azimuthal Angle Theta [deg];Rotor Torque [Nm];Azimuthal Angle Theta [deg];Rotor Torque [Nm];Azimuthal Angle Theta [deg];Rotor Torque [Nm];Azimuthal Angle Theta [deg];Rotor Torque [Nm];Azimuthal Angle Theta [deg];Rotor Torque [Nm];Azimuthal Angle Theta [deg];Rotor Torque [Nm];Azimuthal Angle Theta [deg];Rotor Torque [Nm];Azimuthal Angle Theta [deg];Rotor Torque [Nm];Azimuthal Angle Theta [deg];Rotor Torque [Nm];Azimuthal Angle Theta [deg];Rotor Torque [Nm];Azimuthal Angle Theta [deg];Rotor Torque [Nm];Azimuthal Angle Theta [deg];Rotor Torque [Nm];Azimuthal Angle Theta [deg];Rotor Torque [Nm];Azimuthal Angle Theta [deg];Rotor Torque [Nm];Azimuthal Angle Theta [deg];Rotor Torque [Nm];Azimuthal Angle Theta [deg];Rotor Torque [Nm];Azimuthal Angle Theta [deg];Rotor Torque [Nm];Azimuthal Angle Theta [deg];Rotor Torque [Nm];Azimuthal Angle Theta [deg];Rotor Torque [Nm];Azimuthal Angle Theta [deg];Rotor Torque [Nm];Azimuthal Angle Theta [deg];Rotor Torque [Nm];Azimuthal Angle Theta [deg];Rotor Torque [Nm];Azimuthal Angle Theta [deg];Rotor Torque [Nm];Azimuthal Angle Theta [deg];Rotor Torque [Nm];Azimuthal Angle Theta [deg];Rotor Torque [Nm];Azimuthal Angle Theta [deg];Rotor Torque [Nm];Azimuthal Angle Theta [deg];Rotor Torque [Nm];Azimuthal Angle Theta [deg];Rotor Torque [Nm];Azimuthal Angle Theta [deg];Rotor Torque [Nm];Azimuthal Angle Theta [deg];Rotor Torque [Nm];Azimuthal Angle Theta [deg];Rotor Torque [Nm];Azimuthal Angle Theta [deg];Rotor Torque [Nm];Azimuthal Angle Theta [deg];Rotor Torque [Nm];Azimuthal Angle Theta [deg];Rotor Torque [Nm];Azimuthal Angle Theta [deg];Rotor Torque [Nm];Azimuthal Angle Theta [deg];Rotor Torque [Nm];Azimuthal Angle Theta [deg];Rotor Torque [Nm];Azimuthal Angle Theta [deg];Rotor Torque [Nm];Azimuthal Angle Theta [deg];Rotor Torque [Nm];Azimuthal Angle Theta [deg];Rotor Torque [Nm];Azimuthal Angle Theta [deg];Rotor Torque [Nm];Azimuthal Angle Theta [deg];Rotor Torque [Nm];Azimuthal Angle Theta [deg];Rotor Torque [Nm];Azimuthal Angle Theta [deg];Rotor Torque [Nm];Azimuthal Angle Theta [deg];Rotor Torque [Nm];Azimuthal Angle Theta [deg];Rotor Torque [Nm];Azimuthal Angle Theta [deg];Rotor Torque [Nm];Azimuthal Angle Theta [deg];Rotor Torque [Nm];Azimuthal Angle Theta [deg];Rotor Torque [Nm];Azimuthal Angle Theta [deg];Rotor Torque [Nm];Azimuthal Angle Theta [deg];Rotor Torque [Nm];Azimuthal Angle Theta [deg];Rotor Torque [Nm];Azimuthal Angle Theta [deg];Rotor Torque [Nm];Azimuthal Angle Theta [deg];Rotor Torque [Nm];Azimuthal Angle Theta [deg];Rotor Torque [Nm];Azimuthal Angle Theta [deg];Rotor Torque [Nm];Azimuthal Angle Theta [deg];Rotor Torque [Nm];Azimuthal Angle Theta [deg];Rotor Torque [Nm];Azimuthal Angle Theta [deg];Rotor Torque [Nm];Azimuthal Angle Theta [deg];Rotor Torque [Nm];Azimuthal Angle Theta [deg];Rotor Torque [Nm];Azimuthal Angle Theta [deg];Rotor Torque [Nm];Azimuthal Angle Theta [deg];Rotor Torque [Nm];Azimuthal Angle Theta [deg];Rotor Torque [Nm];Azimuthal Angle Theta [deg];Rotor Torque [Nm];Azimuthal Angle Theta [deg];Rotor Torque [Nm];Azimuthal Angle Theta [deg];Rotor Torque [Nm];Azimuthal Angle Theta [deg];Rotor Torque [Nm];Azimuthal Angle Theta [deg];Rotor Torque [Nm];Azimuthal Angle Theta [deg];Rotor Torque [Nm];Azimuthal Angle Theta [deg];Rotor Torque [Nm];Azimuthal Angle Theta [deg];Rotor Torque [Nm];Azimuthal Angle Theta [deg];Rotor Torque [Nm];Azimuthal Angle Theta [deg];Rotor Torque [Nm];Azimuthal Angle Theta [deg];Rotor Torque [Nm];Azimuthal Angle Theta [deg];Rotor Torque [Nm];Azimuthal Angle Theta [deg];Rotor Torque [Nm];Azimuthal Angle Theta [deg];Rotor Torque [Nm];Azimuthal Angle Theta [deg];Rotor Torque [Nm];Azimuthal Angle Theta [deg];Rotor Torque [Nm];Azimuthal Angle Theta [deg];Rotor Torque [Nm];Azimuthal Angle Theta [deg];Rotor Torque [Nm];Azimuthal Angle Theta [deg];Rotor Torque [Nm];Azimuthal Angle Theta [deg];Rotor Torque [Nm];Azimuthal Angle Theta [deg];Rotor Torque [Nm];Azimuthal Angle Theta [deg];Rotor Torque [Nm];Azimuthal Angle Theta [deg];Rotor Torque [Nm];Azimuthal Angle Theta [deg];Rotor Torque [Nm];Azimuthal Angle Theta [deg];Rotor Torque [Nm];Azimuthal Angle Theta [deg];Rotor Torque [Nm];Azimuthal Angle Theta [deg];Rotor Torque [Nm];Azimuthal Angle Theta [deg];Rotor Torque [Nm];Azimuthal Angle Theta [deg];Rotor Torque [Nm];Azimuthal Angle Theta [deg];Rotor Torque [Nm];Azimuthal Angle Theta [deg];Rotor Torque [Nm];Azimuthal Angle Theta [deg];Rotor Torque [Nm];Azimuthal Angle Theta [deg];Rotor Torque [Nm];Azimuthal Angle Theta [deg];Rotor Torque [Nm];Azimuthal Angle Theta [deg];Rotor Torque [Nm];Azimuthal Angle Theta [deg];Rotor Torque [Nm];Azimuthal Angle Theta [deg];Rotor Torque [Nm];Azimuthal Angle Theta [deg];Rotor Torque [Nm];Azimuthal Angle Theta [deg];Rotor Torque [Nm];Azimuthal Angle Theta [deg];Rotor Torque [Nm];Azimuthal Angle Theta [deg];Rotor Torque [Nm];Azimuthal Angle Theta [deg];Rotor Torque [Nm];Azimuthal Angle Theta [deg];Rotor Torque [Nm];Azimuthal Angle Theta [deg];Rotor Torque [Nm];Azimuthal Angle Theta [deg];Rotor Torque [Nm];Azimuthal Angle Theta [deg];Rotor Torque [Nm];Azimuthal Angle Theta [deg];Rotor Torque [Nm];Azimuthal Angle Theta [deg];Rotor Torque [Nm];Azimuthal Angle Theta [deg];Rotor Torque [Nm];Azimuthal Angle Theta [deg];Rotor Torque [Nm];Azimuthal Angle Theta [deg];Rotor Torque [Nm];Azimuthal Angle Theta [deg];Rotor Torque [Nm];Azimuthal Angle Theta [deg];Rotor Torque [Nm];Azimuthal Angle Theta [deg];Rotor Torque [Nm];Azimuthal Angle Theta [deg];Rotor Torque [Nm];Azimuthal Angle Theta [deg];Rotor Torque [Nm];Azimuthal Angle Theta [deg];Rotor Torque [Nm];Azimuthal Angle Theta [deg];Rotor Torque [Nm];Azimuthal Angle Theta [deg];Rotor Torque [Nm];Azimuthal Angle Theta [deg];Rotor Torque [Nm];Azimuthal Angle Theta [deg];Rotor Torque [Nm];Azimuthal Angle Theta [deg];Rotor Torque [Nm];Azimuthal Angle Theta [deg];Rotor Torque [Nm];Azimuthal Angle Theta [deg];Rotor Torque [Nm];Azimuthal Angle Theta [deg];Rotor Torque [Nm];Azimuthal Angle Theta [deg];Rotor Torque [Nm];Azimuthal Angle Theta [deg];Rotor Torque [Nm];Azimuthal Angle Theta [deg];Rotor Torque [Nm];Azimuthal Angle Theta [deg];Rotor Torque [Nm];Azimuthal Angle Theta [deg];Rotor Torque [Nm];Azimuthal Angle Theta [deg];Rotor Torque [Nm];Azimuthal Angle Theta [deg];Rotor Torque [Nm];Azimuthal Angle Theta [deg];Rotor Torque [Nm];Azimuthal Angle Theta [deg];Rotor Torque [Nm];Azimuthal Angle Theta [deg];Rotor Torque [Nm];Azimuthal Angle Theta [deg];Rotor Torque [Nm];Azimuthal Angle Theta [deg];Rotor Torque [Nm];Azimuthal Angle Theta [deg];Rotor Torque [Nm];Azimuthal Angle Theta [deg];Rotor Torque [Nm];Azimuthal Angle Theta [deg];Rotor Torque [Nm];Azimuthal Angle Theta [deg];Rotor Torque [Nm];Azimuthal Angle Theta [deg];Rotor Torque [Nm];Azimuthal Angle Theta [deg];Rotor Torque [Nm];Azimuthal Angle Theta [deg];Rotor Torque [Nm];Azimuthal Angle Theta [deg];Rotor Torque [Nm];Azimuthal Angle Theta [deg];Rotor Torque [Nm];Azimuthal Angle Theta [deg];Rotor Torque [Nm];Azimuthal Angle Theta [deg];Rotor Torque [Nm];Azimuthal Angle Theta [deg];Rotor Torque [Nm];Azimuthal Angle Theta [deg];Rotor Torque [Nm];Azimuthal Angle Theta [deg];Rotor Torque [Nm];Azimuthal Angle Theta [deg];Rotor Torque [Nm];Azimuthal Angle Theta [deg];Rotor Torque [Nm];Azimuthal Angle Theta [deg];Rotor Torque [Nm];Azimuthal Angle Theta [deg];Rotor Torque [Nm];Azimuthal Angle Theta [deg];Rotor Torque [Nm];Azimuthal Angle Theta [deg];Rotor Torque [Nm];Azimuthal Angle Theta [deg];Rotor Torque [Nm];Azimuthal Angle Theta [deg];Rotor Torque [Nm];Azimuthal Angle Theta [deg];Rotor Torque [Nm];Azimuthal Angle Theta [deg];Rotor Torque [Nm];Azimuthal Angle Theta [deg];Rotor Torque [Nm];Azimuthal Angle Theta [deg];Rotor Torque [Nm];Azimuthal Angle Theta [deg];Rotor Torque [Nm];Azimuthal Angle Theta [deg];Rotor Torque [Nm];Azimuthal Angle Theta [deg];Rotor Torque [Nm];Azimuthal Angle Theta [deg];Rotor Torque [Nm];Azimuthal Angle Theta [deg];Rotor Torque [Nm];Azimuthal Angle Theta [deg];Rotor Torque [Nm];Azimuthal Angle Theta [deg];Rotor Torque [Nm];Azimuthal Angle Theta [deg];Rotor Torque [Nm];Azimuthal Angle Theta [deg];Rotor Torque [Nm];Azimuthal Angle Theta [deg];Rotor Torque [Nm];Azimuthal Angle Theta [deg];Rotor Torque [Nm];Azimuthal Angle Theta [deg];Rotor Torque [Nm];Azimuthal Angle Theta [deg];Rotor Torque [Nm];Azimuthal Angle Theta [deg];Rotor Torque [Nm];Azimuthal Angle Theta [deg];Rotor Torque [Nm];Azimuthal Angle Theta [deg];Rotor Torque [Nm];Azimuthal Angle Theta [deg];Rotor Torque [Nm];Azimuthal Angle Theta [deg];Rotor Torque [Nm];Azimuthal Angle Theta [deg];Rotor Torque [Nm];Azimuthal Angle Theta [deg];Rotor Torque [Nm];Azimuthal Angle Theta [deg];Rotor Torque [Nm];Azimuthal Angle Theta [deg];Rotor Torque [Nm];Azimuthal Angle Theta [deg];Rotor Torque [Nm];Azimuthal Angle Theta [deg];Rotor Torque [Nm];Azimuthal Angle Theta [deg];Rotor Torque [Nm];Azimuthal Angle Theta [deg];Rotor Torque [Nm];Azimuthal Angle Theta [deg];Rotor Torque [Nm];Azimuthal Angle Theta [deg];Rotor Torque [Nm];Azimuthal Angle Theta [deg];Rotor Torque [Nm];Azimuthal Angle Theta [deg];Rotor Torque [Nm];Azimuthal Angle Theta [deg];Rotor Torque [Nm];Azimuthal Angle Theta [deg];Rotor Torque [Nm];Azimuthal Angle Theta [deg];Rotor Torque [Nm];Azimuthal Angle Theta [deg];Rotor Torque [Nm];Azimuthal Angle Theta [deg];Rotor Torque [Nm];Azimuthal Angle Theta [deg];Rotor Torque [Nm];Azimuthal Angle Theta [deg];Rotor Torque [Nm];Azimuthal Angle Theta [deg];Rotor Torque [Nm];Azimuthal Angle Theta [deg];Rotor Torque [Nm];Azimuthal Angle Theta [deg];Rotor Torque [Nm];Azimuthal Angle Theta [deg];Rotor Torque [Nm];Azimuthal Angle Theta [deg];Rotor Torque [Nm];Azimuthal Angle Theta [deg];Rotor Torque [Nm];Azimuthal Angle Theta [deg];Rotor Torque [Nm];Azimuthal Angle Theta [deg];Rotor Torque [Nm];Azimuthal Angle Theta [deg];Rotor Torque [Nm];Azimuthal Angle Theta [deg];Rotor Torque [Nm];Azimuthal Angle Theta [deg];Rotor Torque [Nm];Azimuthal Angle Theta [deg];Rotor Torque [Nm];Azimuthal Angle Theta [deg];Rotor Torque [Nm];Azimuthal Angle Theta [deg];Rotor Torque [Nm];Azimuthal Angle Theta [deg];Rotor Torque [Nm];Azimuthal Angle Theta [deg];Rotor Torque [Nm];Azimuthal Angle Theta [deg];Rotor Torque [Nm];Azimuthal Angle Theta [deg];Rotor Torque [Nm];Azimuthal Angle Theta [deg];Rotor Torque [Nm];Azimuthal Angle Theta [deg];Rotor Torque [Nm];Azimuthal Angle Theta [deg];Rotor Torque [Nm];Azimuthal Angle Theta [deg];Rotor Torque [Nm];Azimuthal Angle Theta [deg];Rotor Torque [Nm];Azimuthal Angle Theta [deg];Rotor Torque [Nm];Azimuthal Angle Theta [deg];Rotor Torque [Nm];Azimuthal Angle Theta [deg];Rotor Torque [Nm];Azimuthal Angle Theta [deg];Rotor Torque [Nm];Azimuthal Angle Theta [deg];Rotor Torque [Nm];Azimuthal Angle Theta [deg];Rotor Torque [Nm];Azimuthal Angle Theta [deg];Rotor Torque [Nm];Azimuthal Angle Theta [deg];Rotor Torque [Nm];Azimuthal Angle Theta [deg];Rotor Torque [Nm];Azimuthal Angle Theta [deg];Rotor Torque [Nm];Azimuthal Angle Theta [deg];Rotor Torque [Nm];Azimuthal Angle Theta [deg];Rotor Torque [Nm];Azimuthal Angle Theta [deg];Rotor Torque [Nm];Azimuthal Angle Theta [deg];Rotor Torque [Nm];Azimuthal Angle Theta [deg];Rotor Torque [Nm];Azimuthal Angle Theta [deg];Rotor Torque [Nm];Azimuthal Angle Theta [deg];Rotor Torque [Nm];Azimuthal Angle Theta [deg];Rotor Torque [Nm];Azimuthal Angle Theta [deg];Rotor Torque [Nm];Azimuthal Angle Theta [deg];Rotor Torque [Nm];Azimuthal Angle Theta [deg];Rotor Torque [Nm];Azimuthal Angle Theta [deg];Rotor Torque [Nm];Azimuthal Angle Theta [deg];Rotor Torque [Nm];Azimuthal Angle Theta [deg];Rotor Torque [Nm];Azimuthal Angle Theta [deg];Rotor Torque [Nm];Azimuthal Angle Theta [deg];Rotor Torque [Nm];Azimuthal Angle Theta [deg];Rotor Torque [Nm];Azimuthal Angle Theta [deg];Rotor Torque [Nm];Azimuthal Angle Theta [deg];Rotor Torque [Nm];Azimuthal Angle Theta [deg];Rotor Torque [Nm];Azimuthal Angle Theta [deg];Rotor Torque [Nm];Azimuthal Angle Theta [deg];Rotor Torque [Nm];Azimuthal Angle Theta [deg];Rotor Torque [Nm];Azimuthal Angle Theta [deg];Rotor Torque [Nm];Azimuthal Angle Theta [deg];Rotor Torque [Nm];Azimuthal Angle Theta [deg];Rotor Torque [Nm];Azimuthal Angle Theta [deg];Rotor Torque [Nm];Azimuthal Angle Theta [deg];Rotor Torque [Nm];Azimuthal Angle Theta [deg];Rotor Torque [Nm];Azimuthal Angle Theta [deg];Rotor Torque [Nm];Azimuthal Angle Theta [deg];Rotor Torque [Nm];Azimuthal Angle Theta [deg];Rotor Torque [Nm];Azimuthal Angle Theta [deg];Rotor Torque [Nm];Azimuthal Angle Theta [deg];Rotor Torque [Nm];Azimuthal Angle Theta [deg];Rotor Torque [Nm];Azimuthal Angle Theta [deg];Rotor Torque [Nm];Azimuthal Angle Theta [deg];Rotor Torque [Nm];Azimuthal Angle Theta [deg];Rotor Torque [Nm];Azimuthal Angle Theta [deg];Rotor Torque [Nm];Azimuthal Angle Theta [deg];Rotor Torque [Nm];Azimuthal Angle Theta [deg];Rotor Torque [Nm];Azimuthal Angle Theta [deg];Rotor Torque [Nm];Azimuthal Angle Theta [deg];Rotor Torque [Nm];Azimuthal Angle Theta [deg];Rotor Torque [Nm];Azimuthal Angle Theta [deg];Rotor Torque [Nm];Azimuthal Angle Theta [deg];Rotor Torque [Nm];Azimuthal Angle Theta [deg];Rotor Torque [Nm];Azimuthal Angle Theta [deg];Rotor Torque [Nm];Azimuthal Angle Theta [deg];Rotor Torque [Nm];Azimuthal Angle Theta [deg];Rotor Torque [Nm];Azimuthal Angle Theta [deg];Rotor Torque [Nm];Azimuthal Angle Theta [deg];Rotor Torque [Nm];Azimuthal Angle Theta [deg];Rotor Torque [Nm];Azimuthal Angle Theta [deg];Rotor Torque [Nm];Azimuthal Angle Theta [deg];Rotor Torque [Nm];Azimuthal Angle Theta [deg];Rotor Torque [Nm];Azimuthal Angle Theta [deg];Rotor Torque [Nm];Azimuthal Angle Theta [deg];Rotor Torque [Nm];Azimuthal Angle Theta [deg];Rotor Torque [Nm];Azimuthal Angle Theta [deg];Rotor Torque [Nm];Azimuthal Angle Theta [deg];Rotor Torque [Nm];Azimuthal Angle Theta [deg];Rotor Torque [Nm];Azimuthal Angle Theta [deg];Rotor Torque [Nm];Azimuthal Angle Theta [deg];Rotor Torque [Nm];Azimuthal Angle Theta [deg];Rotor Torque [Nm];Azimuthal Angle Theta [deg];Rotor Torque [Nm];Azimuthal Angle Theta [deg];Rotor Torque [Nm];Azimuthal Angle Theta [deg];Rotor Torque [Nm];Azimuthal Angle Theta [deg];Rotor Torque [Nm];Azimuthal Angle Theta [deg];Rotor Torque [Nm];Azimuthal Angle Theta [deg];Rotor Torque [Nm];Azimuthal Angle Theta [deg];Rotor Torque [Nm];Azimuthal Angle Theta [deg];Rotor Torque [Nm];Azimuthal Angle Theta [deg];Rotor Torque [Nm];Azimuthal Angle Theta [deg];Rotor Torque [Nm];Azimuthal Angle Theta [deg];Rotor Torque [Nm];Azimuthal Angle Theta [deg];Rotor Torque [Nm];Azimuthal Angle Theta [deg];Rotor Torque [Nm];Azimuthal Angle Theta [deg];Rotor Torque [Nm];Azimuthal Angle Theta [deg];Rotor Torque [Nm];Azimuthal Angle Theta [deg];Rotor Torque [Nm];Azimuthal Angle Theta [deg];Rotor Torque [Nm];Azimuthal Angle Theta [deg];Rotor Torque [Nm];Azimuthal Angle Theta [deg];Rotor Torque [Nm];Azimuthal Angle Theta [deg];Rotor Torque [Nm];Azimuthal Angle Theta [deg];Rotor Torque [Nm];Azimuthal Angle Theta [deg];Rotor Torque [Nm];Azimuthal Angle Theta [deg];Rotor Torque [Nm];Azimuthal Angle Theta [deg];Rotor Torque [Nm];Azimuthal Angle Theta [deg];Rotor Torque [Nm];Azimuthal Angle Theta [deg];Rotor Torque [Nm];Azimuthal Angle Theta [deg];Rotor Torque [Nm];Azimuthal Angle Theta [deg];Rotor Torque [Nm];Azimuthal Angle Theta [deg];Rotor Torque [Nm];Azimuthal Angle Theta [deg];Rotor Torque [Nm];Azimuthal Angle Theta [deg];Rotor Torque [Nm];Azimuthal Angle Theta [deg];Rotor Torque [Nm];Azimuthal Angle Theta [deg];Rotor Torque [Nm];Azimuthal Angle Theta [deg];Rotor Torque [Nm];Azimuthal Angle Theta [deg];Rotor Torque [Nm];Azimuthal Angle Theta [deg];Rotor Torque [Nm];Azimuthal Angle Theta [deg];Rotor Torque [Nm];Azimuthal Angle Theta [deg];Rotor Torque [Nm];Azimuthal Angle Theta [deg];Rotor Torque [Nm];Azimuthal Angle Theta [deg];Rotor Torque [Nm];Azimuthal Angle Theta [deg];Rotor Torque [Nm];Azimuthal Angle Theta [deg];Rotor Torque [Nm];Azimuthal Angle Theta [deg];Rotor Torque [Nm];Azimuthal Angle Theta [deg];Rotor Torque [Nm];Azimuthal Angle Theta [deg];Rotor Torque [Nm];Azimuthal Angle Theta [deg];Rotor Torque [Nm];Azimuthal Angle Theta [deg];Rotor Torque [Nm];Azimuthal Angle Theta [deg];Rotor Torque [Nm];Azimuthal Angle Theta [deg];Rotor Torque [Nm];Azimuthal Angle Theta [deg];Rotor Torque [Nm];Azimuthal Angle Theta [deg];Rotor Torque [Nm];Azimuthal Angle Theta [deg];Rotor Torque [Nm];Azimuthal Angle Theta [deg];Rotor Torque [Nm];Azimuthal Angle Theta [deg];Rotor Torque [Nm];Azimuthal Angle Theta [deg];Rotor Torque [Nm];Azimuthal Angle Theta [deg];Rotor Torque [Nm];Azimuthal Angle Theta [deg];Rotor Torque [Nm];Azimuthal Angle Theta [deg];Rotor Torque [Nm];Azimuthal Angle Theta [deg];Rotor Torque [Nm];Azimuthal Angle Theta [deg];Rotor Torque [Nm];Azimuthal Angle Theta [deg];Rotor Torque [Nm];Azimuthal Angle Theta [deg];Rotor Torque [Nm];Azimuthal Angle Theta [deg];Rotor Torque [Nm];Azimuthal Angle Theta [deg];Rotor Torque [Nm];Azimuthal Angle Theta [deg];Rotor Torque [Nm];Azimuthal Angle Theta [deg];Rotor Torque [Nm];Azimuthal Angle Theta [deg];Rotor Torque [Nm];Azimuthal Angle Theta [deg];Rotor Torque [Nm];Azimuthal Angle Theta [deg];Rotor Torque [Nm];Azimuthal Angle Theta [deg];Rotor Torque [Nm];Azimuthal Angle Theta [deg];Rotor Torque [Nm];Azimuthal Angle Theta [deg];Rotor Torque [Nm];Azimuthal Angle Theta [deg];Rotor Torque [Nm];Azimuthal Angle Theta [deg];Rotor Torque [Nm];Azimuthal Angle Theta [deg];Rotor Torque [Nm];Azimuthal Angle Theta [deg];Rotor Torque [Nm];Azimuthal Angle Theta [deg];Rotor Torque [Nm];Azimuthal Angle Theta [deg];Rotor Torque [Nm];Azimuthal Angle Theta [deg];Rotor Torque [Nm];Azimuthal Angle Theta [deg];Rotor Torque [Nm];Azimuthal Angle Theta [deg];Rotor Torque [Nm];Azimuthal Angle Theta [deg];Rotor Torque [Nm];Azimuthal Angle Theta [deg];Rotor Torque [Nm];Azimuthal Angle Theta [deg];Rotor Torque [Nm];Azimuthal Angle Theta [deg];Rotor Torque [Nm];Azimuthal Angle Theta [deg];Rotor Torque [Nm];Azimuthal Angle Theta [deg];Rotor Torque [Nm];Azimuthal Angle Theta [deg];Rotor Torque [Nm];Azimuthal Angle Theta [deg];Rotor Torque [Nm];Azimuthal Angle Theta [deg];Rotor Torque [Nm];Azimuthal Angle Theta [deg];Rotor Torque [Nm];Azimuthal Angle Theta [deg];Rotor Torque [Nm];Azimuthal Angle Theta [deg];Rotor Torque [Nm];Azimuthal Angle Theta [deg];Rotor Torque [Nm];Azimuthal Angle Theta [deg];Rotor Torque [Nm];Azimuthal Angle Theta [deg];Rotor Torque [Nm];Azimuthal Angle Theta [deg];Rotor Torque [Nm];Azimuthal Angle Theta [deg];Rotor Torque [Nm];Azimuthal Angle Theta [deg];Rotor Torque [Nm];Azimuthal Angle Theta [deg];Rotor Torque [Nm];Azimuthal Angle Theta [deg];Rotor Torque [Nm];Azimuthal Angle Theta [deg];Rotor Torque [Nm];Azimuthal Angle Theta [deg];Rotor Torque [Nm];Azimuthal Angle Theta [deg];Rotor Torque [Nm];Azimuthal Angle Theta [deg];Rotor Torque [Nm];Azimuthal Angle Theta [deg];Rotor Torque [Nm];Azimuthal Angle Theta [deg];Rotor Torque [Nm];Azimuthal Angle Theta [deg];Rotor Torque [Nm];Azimuthal Angle Theta [deg];Rotor Torque [Nm];Azimuthal Angle Theta [deg];Rotor Torque [Nm];Azimuthal Angle Theta [deg];Rotor Torque [Nm];Azimuthal Angle Theta [deg];Rotor Torque [Nm];Azimuthal Angle Theta [deg];Rotor Torque [Nm];Azimuthal Angle Theta [deg];Rotor Torque [Nm];Azimuthal Angle Theta [deg];Rotor Torque [Nm];Azimuthal Angle Theta [deg];Rotor Torque [Nm];Azimuthal Angle Theta [deg];Rotor Torque [Nm];Azimuthal Angle Theta [deg];Rotor Torque [Nm];Azimuthal Angle Theta [deg];Rotor Torque [Nm];Azimuthal Angle Theta [deg];Rotor Torque [Nm];Azimuthal Angle Theta [deg];Rotor Torque [Nm];Azimuthal Angle Theta [deg];Rotor Torque [Nm];Azimuthal Angle Theta [deg];Rotor Torque [Nm];Azimuthal Angle Theta [deg];Rotor Torque [Nm];Azimuthal Angle Theta [deg];Rotor Torque [Nm];Azimuthal Angle Theta [deg];Rotor Torque [Nm];Azimuthal Angle Theta [deg];Rotor Torque [Nm];Azimuthal Angle Theta [deg];Rotor Torque [Nm];Azimuthal Angle Theta [deg];Rotor Torque [Nm];Azimuthal Angle Theta [deg];Rotor Torque [Nm];Azimuthal Angle Theta [deg];Rotor Torque [Nm];Azimuthal Angle Theta [deg];Rotor Torque [Nm];Azimuthal Angle Theta [deg];Rotor Torque [Nm];Azimuthal Angle Theta [deg];Rotor Torque [Nm];Azimuthal Angle Theta [deg];Rotor Torque [Nm];Azimuthal Angle Theta [deg];Rotor Torque [Nm];Azimuthal Angle Theta [deg];Rotor Torque [Nm];Azimuthal Angle Theta [deg];Rotor Torque [Nm];Azimuthal Angle Theta [deg];Rotor Torque [Nm];Azimuthal Angle Theta [deg];Rotor Torque [Nm];Azimuthal Angle Theta [deg];Rotor Torque [Nm];Azimuthal Angle Theta [deg];Rotor Torque [Nm];Azimuthal Angle Theta [deg];Rotor Torque [Nm];Azimuthal Angle Theta [deg];Rotor Torque [Nm];Azimuthal Angle Theta [deg];Rotor Torque [Nm];Azimuthal Angle Theta [deg];Rotor Torque [Nm];Azimuthal Angle Theta [deg];Rotor Torque [Nm];Azimuthal Angle Theta [deg];Rotor Torque [Nm];Azimuthal Angle Theta [deg];Rotor Torque [Nm];Azimuthal Angle Theta [deg];Rotor Torque [Nm];Azimuthal Angle Theta [deg];Rotor Torque [Nm];Azimuthal Angle Theta [deg];Rotor Torque [Nm];Azimuthal Angle Theta [deg];Rotor Torque [Nm];Azimuthal Angle Theta [deg];Rotor Torque [Nm];Azimuthal Angle Theta [deg];Rotor Torque [Nm];Azimuthal Angle Theta [deg];Rotor Torque [Nm];Azimuthal Angle Theta [deg];Rotor Torque [Nm];Azimuthal Angle Theta [deg];Rotor Torque [Nm];Azimuthal Angle Theta [deg];Rotor Torque [Nm];Azimuthal Angle Theta [deg];Rotor Torque [Nm];Azimuthal Angle Theta [deg];Rotor Torque [Nm];Azimuthal Angle Theta [deg];Rotor Torque [Nm];Azimuthal Angle Theta [deg];Rotor Torque [Nm];Azimuthal Angle Theta [deg];Rotor Torque [Nm];Azimuthal Angle Theta [deg];Rotor Torque [Nm];Azimuthal Angle Theta [deg];Rotor Torque [Nm];Azimuthal Angle Theta [deg];Rotor Torque [Nm];Azimuthal Angle Theta [deg];Rotor Torque [Nm];Azimuthal Angle Theta [deg];Rotor Torque [Nm];Azimuthal Angle Theta [deg];Rotor Torque [Nm];Azimuthal Angle Theta [deg];Rotor Torque [Nm];Azimuthal Angle Theta [deg];Rotor Torque [Nm];Azimuthal Angle Theta [deg];Rotor Torque [Nm];Azimuthal Angle Theta [deg];Rotor Torque [Nm];Azimuthal Angle Theta [deg];Rotor Torque [Nm];Azimuthal Angle Theta [deg];Rotor Torque [Nm];Azimuthal Angle Theta [deg];Rotor Torque [Nm];Azimuthal Angle Theta [deg];Rotor Torque [Nm];Azimuthal Angle Theta [deg];Rotor Torque [Nm];Azimuthal Angle Theta [deg];Rotor Torque [Nm];Azimuthal Angle Theta [deg];Rotor Torque [Nm];Azimuthal Angle Theta [deg];Rotor Torque [Nm];Azimuthal Angle Theta [deg];Rotor Torque [Nm];Azimuthal Angle Theta [deg];Rotor Torque [Nm];Azimuthal Angle Theta [deg];Rotor Torque [Nm];Azimuthal Angle Theta [deg];Rotor Torque [Nm];Azimuthal Angle Theta [deg];Rotor Torque [Nm];Azimuthal Angle Theta [deg];Rotor Torque [Nm];Azimuthal Angle Theta [deg];Rotor Torque [Nm];Azimuthal Angle Theta [deg];Rotor Torque [Nm];Azimuthal Angle Theta [deg];Rotor Torque [Nm];Azimuthal Angle Theta [deg];Rotor Torque [Nm];Azimuthal Angle Theta [deg];Rotor Torque [Nm];Azimuthal Angle Theta [deg];Rotor Torque [Nm];Azimuthal Angle Theta [deg];Rotor Torque [Nm];Azimuthal Angle Theta [deg];Rotor Torque [Nm];Azimuthal Angle Theta [deg];Rotor Torque [Nm];Azimuthal Angle Theta [deg];Rotor Torque [Nm];Azimuthal Angle Theta [deg];Rotor Torque [Nm];Azimuthal Angle Theta [deg];Rotor Torque [Nm];Azimuthal Angle Theta [deg];Rotor Torque [Nm];Azimuthal Angle Theta [deg];Rotor Torque [Nm];Azimuthal Angle Theta [deg];Rotor Torque [Nm];Azimuthal Angle Theta [deg];Rotor Torque [Nm];Azimuthal Angle Theta [deg];Rotor Torque [Nm];Azimuthal Angle Theta [deg];Rotor Torque [Nm];Azimuthal Angle Theta [deg];Rotor Torque [Nm];Azimuthal Angle Theta [deg];Rotor Torque [Nm];Azimuthal Angle Theta [deg];Rotor Torque [Nm];Azimuthal Angle Theta [deg];Rotor Torque [Nm];Azimuthal Angle Theta [deg];Rotor Torque [Nm];Azimuthal Angle Theta [deg];Rotor Torque [Nm];Azimuthal Angle Theta [deg];Rotor Torque [Nm];Azimuthal Angle Theta [deg];Rotor Torque [Nm];Azimuthal Angle Theta [deg];Rotor Torque [Nm];Azimuthal Angle Theta [deg];Rotor Torque [Nm];Azimuthal Angle Theta [deg];Rotor Torque [Nm];Azimuthal Angle Theta [deg];Rotor Torque [Nm];Azimuthal Angle Theta [deg];Rotor Torque [Nm];Azimuthal Angle Theta [deg];Rotor Torque [Nm];Azimuthal Angle Theta [deg];Rotor Torque [Nm];Azimuthal Angle Theta [deg];Rotor Torque [Nm];Azimuthal Angle Theta [deg];Rotor Torque [Nm];Azimuthal Angle Theta [deg];Rotor Torque [Nm];Azimuthal Angle Theta [deg];Rotor Torque [Nm];Azimuthal Angle Theta [deg];Rotor Torque [Nm];Azimuthal Angle Theta [deg];Rotor Torque [Nm];Azimuthal Angle Theta [deg];Rotor Torque [Nm];Azimuthal Angle Theta [deg];Rotor Torque [Nm];Azimuthal Angle Theta [deg];Rotor Torque [Nm];Azimuthal Angle Theta [deg];Rotor Torque [Nm];Azimuthal Angle Theta [deg];Rotor Torque [Nm];Azimuthal Angle Theta [deg];Rotor Torque [Nm];Azimuthal Angle Theta [deg];Rotor Torque [Nm];Azimuthal Angle Theta [deg];Rotor Torque [Nm];Azimuthal Angle Theta [deg];Rotor Torque [Nm];Azimuthal Angle Theta [deg];Rotor Torque [Nm];Azimuthal Angle Theta [deg];Rotor Torque [Nm];Azimuthal Angle Theta [deg];Rotor Torque [Nm];Azimuthal Angle Theta [deg];Rotor Torque [Nm];Azimuthal Angle Theta [deg];Rotor Torque [Nm];Azimuthal Angle Theta [deg];Rotor Torque [Nm];Azimuthal Angle Theta [deg];Rotor Torque [Nm];Azimuthal Angle Theta [deg];Rotor Torque [Nm];Azimuthal Angle Theta [deg];Rotor Torque [Nm];Azimuthal Angle Theta [deg];Rotor Torque [Nm];Azimuthal Angle Theta [deg];Rotor Torque [Nm];Azimuthal Angle Theta [deg];Rotor Torque [Nm];Azimuthal Angle Theta [deg];Rotor Torque [Nm];Azimuthal Angle Theta [deg];Rotor Torque [Nm];Azimuthal Angle Theta [deg];Rotor Torque [Nm];Azimuthal Angle Theta [deg];Rotor Torque [Nm];Azimuthal Angle Theta [deg];Rotor Torque [Nm];Azimuthal Angle Theta [deg];Rotor Torque [Nm];Azimuthal Angle Theta [deg];Rotor Torque [Nm];Azimuthal Angle Theta [deg];Rotor Torque [Nm];Azimuthal Angle Theta [deg];Rotor Torque [Nm];Azimuthal Angle Theta [deg];Rotor Torque [Nm];Azimuthal Angle Theta [deg];Rotor Torque [Nm];Azimuthal Angle Theta [deg];Rotor Torque [Nm];Azimuthal Angle Theta [deg];Rotor Torque [Nm];Azimuthal Angle Theta [deg];Rotor Torque [Nm];Azimuthal Angle Theta [deg];Rotor Torque [Nm];Azimuthal Angle Theta [deg];Rotor Torque [Nm];Azimuthal Angle Theta [deg];Rotor Torque [Nm];Azimuthal Angle Theta [deg];Rotor Torque [Nm];Azimuthal Angle Theta [deg];Rotor Torque [Nm];Azimuthal Angle Theta [deg];Rotor Torque [Nm];Azimuthal Angle Theta [deg];Rotor Torque [Nm];Azimuthal Angle Theta [deg];Rotor Torque [Nm];Azimuthal Angle Theta [deg];Rotor Torque [Nm];Azimuthal Angle Theta [deg];Rotor Torque [Nm];Azimuthal Angle Theta [deg];Rotor Torque [Nm];Azimuthal Angle Theta [deg];Rotor Torque [Nm];Azimuthal Angle Theta [deg];Rotor Torque [Nm];Azimuthal Angle Theta [deg];Rotor Torque [Nm];Azimuthal Angle Theta [deg];Rotor Torque [Nm];Azimuthal Angle Theta [deg];Rotor Torque [Nm];Azimuthal Angle Theta [deg];Rotor Torque [Nm];Azimuthal Angle Theta [deg];Rotor Torque [Nm];Azimuthal Angle Theta [deg];Rotor Torque [Nm];Azimuthal Angle Theta [deg];Rotor Torque [Nm];Azimuthal Angle Theta [deg];Rotor Torque [Nm];Azimuthal Angle Theta [deg];Rotor Torque [Nm];Azimuthal Angle Theta [deg];Rotor Torque [Nm];Azimuthal Angle Theta [deg];Rotor Torque [Nm];Azimuthal Angle Theta [deg];Rotor Torque [Nm];Azimuthal Angle Theta [deg];Rotor Torque [Nm];Azimuthal Angle Theta [deg];Rotor Torque [Nm];Azimuthal Angle Theta [deg];Rotor Torque [Nm];Azimuthal Angle Theta [deg];Rotor Torque [Nm];Azimuthal Angle Theta [deg];Rotor Torque [Nm];Azimuthal Angle Theta [deg];Rotor Torque [Nm];Azimuthal Angle Theta [deg];Rotor Torque [Nm];Azimuthal Angle Theta [deg];Rotor Torque [Nm];Azimuthal Angle Theta [deg];Rotor Torque [Nm];Azimuthal Angle Theta [deg];Rotor Torque [Nm];Azimuthal Angle Theta [deg];Rotor Torque [Nm];Azimuthal Angle Theta [deg];Rotor Torque [Nm];Azimuthal Angle Theta [deg];Rotor Torque [Nm];Azimuthal Angle Theta [deg];Rotor Torque [Nm];Azimuthal Angle Theta [deg];Rotor Torque [Nm];Azimuthal Angle Theta [deg];Rotor Torque [Nm];Azimuthal Angle Theta [deg];Rotor Torque [Nm];Azimuthal Angle Theta [deg];Rotor Torque [Nm];Azimuthal Angle Theta [deg];Rotor Torque [Nm];Azimuthal Angle Theta [deg];Rotor Torque [Nm];Azimuthal Angle Theta [deg];Rotor Torque [Nm];Azimuthal Angle Theta [deg];Rotor Torque [Nm];Azimuthal Angle Theta [deg];Rotor Torque [Nm];Azimuthal Angle Theta [deg];Rotor Torque [Nm];Azimuthal Angle Theta [deg];Rotor Torque [Nm];Azimuthal Angle Theta [deg];Rotor Torque [Nm];Azimuthal Angle Theta [deg];Rotor Torque [Nm];Azimuthal Angle Theta [deg];Rotor Torque [Nm];Azimuthal Angle Theta [deg];Rotor Torque [Nm];Azimuthal Angle Theta [deg];Rotor Torque [Nm];Azimuthal Angle Theta [deg];Rotor Torque [Nm];Azimuthal Angle Theta [deg];Rotor Torque [Nm];Azimuthal Angle Theta [deg];Rotor Torque [Nm];Azimuthal Angle Theta [deg];Rotor Torque [Nm];Azimuthal Angle Theta [deg];Rotor Torque [Nm];Azimuthal Angle Theta [deg];Rotor Torque [Nm];Azimuthal Angle Theta [deg];Rotor Torque [Nm];Azimuthal Angle Theta [deg];Rotor Torque [Nm];Azimuthal Angle Theta [deg];Rotor Torque [Nm];Azimuthal Angle Theta [deg];Rotor Torque [Nm];Azimuthal Angle Theta [deg];Rotor Torque [Nm];Azimuthal Angle Theta [deg];Rotor Torque [Nm];Azimuthal Angle Theta [deg];Rotor Torque [Nm];Azimuthal Angle Theta [deg];Rotor Torque [Nm];Azimuthal Angle Theta [deg];Rotor Torque [Nm];Azimuthal Angle Theta [deg];Rotor Torque [Nm];Azimuthal Angle Theta [deg];Rotor Torque [Nm];Azimuthal Angle Theta [deg];Rotor Torque [Nm];Azimuthal Angle Theta [deg];Rotor Torque [Nm];Azimuthal Angle Theta [deg];Rotor Torque [Nm];Azimuthal Angle Theta [deg];Rotor Torque [Nm];Azimuthal Angle Theta [deg];Rotor Torque [Nm];Azimuthal Angle Theta [deg];Rotor Torque [Nm];Azimuthal Angle Theta [deg];Rotor Torque [Nm];Azimuthal Angle Theta [deg];Rotor Torque [Nm];Azimuthal Angle Theta [deg];Rotor Torque [Nm];Azimuthal Angle Theta [deg];Rotor Torque [Nm];Azimuthal Angle Theta [deg];Rotor Torque [Nm];Azimuthal Angle Theta [deg];Rotor Torque [Nm];Azimuthal Angle Theta [deg];Rotor Torque [Nm];Azimuthal Angle Theta [deg];Rotor Torque [Nm];Azimuthal Angle Theta [deg];Rotor Torque [Nm];Azimuthal Angle Theta [deg];Rotor Torque [Nm];Azimuthal Angle Theta [deg];Rotor Torque [Nm];Azimuthal Angle Theta [deg];Rotor Torque [Nm];Azimuthal Angle Theta [deg];Rotor Torque [Nm];Azimuthal Angle Theta [deg];Rotor Torque [Nm];Azimuthal Angle Theta [deg];Rotor Torque [Nm];Azimuthal Angle Theta [deg];Rotor Torque [Nm];Azimuthal Angle Theta [deg];Rotor Torque [Nm];Azimuthal Angle Theta [deg];Rotor Torque [Nm];Azimuthal Angle Theta [deg];Rotor Torque [Nm];Azimuthal Angle Theta [deg];Rotor Torque [Nm];Azimuthal Angle Theta [deg];Rotor Torque [Nm];Azimuthal Angle Theta [deg];Rotor Torque [Nm];Azimuthal Angle Theta [deg];Rotor Torque [Nm];Azimuthal Angle Theta [deg];Rotor Torque [Nm];Azimuthal Angle Theta [deg];Rotor Torque [Nm];Azimuthal Angle Theta [deg];Rotor Torque [Nm];Azimuthal Angle Theta [deg];Rotor Torque [Nm];Azimuthal Angle Theta [deg];Rotor Torque [Nm];Azimuthal Angle Theta [deg];Rotor Torque [Nm];Azimuthal Angle Theta [deg];Rotor Torque [Nm];Azimuthal Angle Theta [deg];Rotor Torque [Nm];Azimuthal Angle Theta [deg];Rotor Torque [Nm];Azimuthal Angle Theta [deg];Rotor Torque [Nm];Azimuthal Angle Theta [deg];Rotor Torque [Nm];Azimuthal Angle Theta [deg];Rotor Torque [Nm];Azimuthal Angle Theta [deg];Rotor Torque [Nm];Azimuthal Angle Theta [deg];Rotor Torque [Nm];Azimuthal Angle Theta [deg];Rotor Torque [Nm];Azimuthal Angle Theta [deg];Rotor Torque [Nm];Azimuthal Angle Theta [deg];Rotor Torque [Nm];Azimuthal Angle Theta [deg];Rotor Torque [Nm];Azimuthal Angle Theta [deg];Rotor Torque [Nm];Azimuthal Angle Theta [deg];Rotor Torque [Nm];Azimuthal Angle Theta [deg];Rotor Torque [Nm];Azimuthal Angle Theta [deg];Rotor Torque [Nm];Azimuthal Angle Theta [deg];Rotor Torque [Nm];Azimuthal Angle Theta [deg];Rotor Torque [Nm];Azimuthal Angle Theta [deg];Rotor Torque [Nm];Azimuthal Angle Theta [deg];Rotor Torque [Nm];Azimuthal Angle Theta [deg];Rotor Torque [Nm];Azimuthal Angle Theta [deg];Rotor Torque [Nm];Azimuthal Angle Theta [deg];Rotor Torque [Nm];Azimuthal Angle Theta [deg];Rotor Torque [Nm];Azimuthal Angle Theta [deg];Rotor Torque [Nm];Azimuthal Angle Theta [deg];Rotor Torque [Nm];Azimuthal Angle Theta [deg];Rotor Torque [Nm];Azimuthal Angle Theta [deg];Rotor Torque [Nm];Azimuthal Angle Theta [deg];Rotor Torque [Nm];Azimuthal Angle Theta [deg];Rotor Torque [Nm];Azimuthal Angle Theta [deg];Rotor Torque [Nm];Azimuthal Angle Theta [deg];Rotor Torque [Nm];Azimuthal Angle Theta [deg];Rotor Torque [Nm];Azimuthal Angle Theta [deg];Rotor Torque [Nm];Azimuthal Angle Theta [deg];Rotor Torque [Nm];Azimuthal Angle Theta [deg];Rotor Torque [Nm];Azimuthal Angle Theta [deg];Rotor Torque [Nm];Azimuthal Angle Theta [deg];Rotor Torque [Nm];Azimuthal Angle Theta [deg];Rotor Torque [Nm];Azimuthal Angle Theta [deg];Rotor Torque [Nm];Azimuthal Angle Theta [deg];Rotor Torque [Nm];Azimuthal Angle Theta [deg];Rotor Torque [Nm];Azimuthal Angle Theta [deg];Rotor Torque [Nm];Azimuthal Angle Theta [deg];Rotor Torque [Nm];Azimuthal Angle Theta [deg];Rotor Torque [Nm];Azimuthal Angle Theta [deg];Rotor Torque [Nm];Azimuthal Angle Theta [deg];Rotor Torque [Nm];Azimuthal Angle Theta [deg];Rotor Torque [Nm];Azimuthal Angle Theta [deg];Rotor Torque [Nm];Azimuthal Angle Theta [deg];Rotor Torque [Nm];Azimuthal Angle Theta [deg];Rotor Torque [Nm];Azimuthal Angle Theta [deg];Rotor Torque [Nm];Azimuthal Angle Theta [deg];Rotor Torque [Nm];Azimuthal Angle Theta [deg];Rotor Torque [Nm];Azimuthal Angle Theta [deg];Rotor Torque [Nm];Azimuthal Angle Theta [deg];Rotor Torque [Nm];Azimuthal Angle Theta [deg];Rotor Torque [Nm];Azimuthal Angle Theta [deg];Rotor Torque [Nm];Azimuthal Angle Theta [deg];Rotor Torque [Nm];Azimuthal Angle Theta [deg];Rotor Torque [Nm];Azimuthal Angle Theta [deg];Rotor Torque [Nm];Azimuthal Angle Theta [deg];Rotor Torque [Nm];Azimuthal Angle Theta [deg];Rotor Torque [Nm];Azimuthal Angle Theta [deg];Rotor Torque [Nm];Azimuthal Angle Theta [deg];Rotor Torque [Nm];Azimuthal Angle Theta [deg];Rotor Torque [Nm];Azimuthal Angle Theta [deg];Rotor Torque [Nm];Azimuthal Angle Theta [deg];Rotor Torque [Nm];Azimuthal Angle Theta [deg];Rotor Torque [Nm];Azimuthal Angle Theta [deg];Rotor Torque [Nm];Azimuthal Angle Theta [deg];Rotor Torque [Nm];Azimuthal Angle Theta [deg];Rotor Torque [Nm];Azimuthal Angle Theta [deg];Rotor Torque [Nm];Azimuthal Angle Theta [deg];Rotor Torque [Nm];Azimuthal Angle Theta [deg];Rotor Torque [Nm];Azimuthal Angle Theta [deg];Rotor Torque [Nm];Azimuthal Angle Theta [deg];Rotor Torque [Nm];Azimuthal Angle Theta [deg];Rotor Torque [Nm];Azimuthal Angle Theta [deg];Rotor Torque [Nm];Azimuthal Angle Theta [deg];Rotor Torque [Nm];Azimuthal Angle Theta [deg];Rotor Torque [Nm];Azimuthal Angle Theta [deg];Rotor Torque [Nm];Azimuthal Angle Theta [deg];Rotor Torque [Nm];Azimuthal Angle Theta [deg];Rotor Torque [Nm];Azimuthal Angle Theta [deg];Rotor Torque [Nm];Azimuthal Angle Theta [deg];Rotor Torque [Nm];Azimuthal Angle Theta [deg];Rotor Torque [Nm];Azimuthal Angle Theta [deg];Rotor Torque [Nm];Azimuthal Angle Theta [deg];Rotor Torque [Nm];Azimuthal Angle Theta [deg];Rotor Torque [Nm];Azimuthal Angle Theta [deg];Rotor Torque [Nm];Azimuthal Angle Theta [deg];Rotor Torque [Nm];Azimuthal Angle Theta [deg];Rotor Torque [Nm];Azimuthal Angle Theta [deg];Rotor Torque [Nm];Azimuthal Angle Theta [deg];Rotor Torque [Nm];Azimuthal Angle Theta [deg];Rotor Torque [Nm];Azimuthal Angle Theta [deg];Rotor Torque [Nm];Azimuthal Angle Theta [deg];Rotor Torque [Nm];Azimuthal Angle Theta [deg];Rotor Torque [Nm];Azimuthal Angle Theta [deg];Rotor Torque [Nm];Azimuthal Angle Theta [deg];Rotor Torque [Nm];Azimuthal Angle Theta [deg];Rotor Torque [Nm];Azimuthal Angle Theta [deg];Rotor Torque [Nm];Azimuthal Angle Theta [deg];Rotor Torque [Nm];Azimuthal Angle Theta [deg];Rotor Torque [Nm];Azimuthal Angle Theta [deg];Rotor Torque [Nm];Azimuthal Angle Theta [deg];Rotor Torque [Nm];Azimuthal Angle Theta [deg];Rotor Torque [Nm];Azimuthal Angle Theta [deg];Rotor Torque [Nm];Azimuthal Angle Theta [deg];Rotor Torque [Nm];Azimuthal Angle Theta [deg];Rotor Torque [Nm];Azimuthal Angle Theta [deg];Rotor Torque [Nm];Azimuthal Angle Theta [deg];Rotor Torque [Nm];Azimuthal Angle Theta [deg];Rotor Torque [Nm];Azimuthal Angle Theta [deg];Rotor Torque [Nm];Azimuthal Angle Theta [deg];Rotor Torque [Nm];Azimuthal Angle Theta [deg];Rotor Torque [Nm];Azimuthal Angle Theta [deg];Rotor Torque [Nm];Azimuthal Angle Theta [deg];Rotor Torque [Nm];Azimuthal Angle Theta [deg];Rotor Torque [Nm];Azimuthal Angle Theta [deg];Rotor Torque [Nm];Azimuthal Angle Theta [deg];Rotor Torque [Nm];Azimuthal Angle Theta [deg];Rotor Torque [Nm];Azimuthal Angle Theta [deg];Rotor Torque [Nm];Azimuthal Angle Theta [deg];Rotor Torque [Nm];Azimuthal Angle Theta [deg];Rotor Torque [Nm];Azimuthal Angle Theta [deg];Rotor Torque [Nm];Azimuthal Angle Theta [deg];Rotor Torque [Nm];Azimuthal Angle Theta [deg];Rotor Torque [Nm];Azimuthal Angle Theta [deg];Rotor Torque [Nm];Azimuthal Angle Theta [deg];Rotor Torque [Nm];Azimuthal Angle Theta [deg];Rotor Torque [Nm];Azimuthal Angle Theta [deg];Rotor Torque [Nm];Azimuthal Angle Theta [deg];Rotor Torque [Nm];Azimuthal Angle Theta [deg];Rotor Torque [Nm];Azimuthal Angle Theta [deg];Rotor Torque [Nm];Azimuthal Angle Theta [deg];Rotor Torque [Nm];Azimuthal Angle Theta [deg];Rotor Torque [Nm];Azimuthal Angle Theta [deg];Rotor Torque [Nm];Azimuthal Angle Theta [deg];Rotor Torque [Nm];Azimuthal Angle Theta [deg];Rotor Torque [Nm];Azimuthal Angle Theta [deg];Rotor Torque [Nm];Azimuthal Angle Theta [deg];Rotor Torque [Nm];Azimuthal Angle Theta [deg];Rotor Torque [Nm];Azimuthal Angle Theta [deg];Rotor Torque [Nm];Azimuthal Angle Theta [deg];Rotor Torque [Nm];Azimuthal Angle Theta [deg];Rotor Torque [Nm];Azimuthal Angle Theta [deg];Rotor Torque [Nm];Azimuthal Angle Theta [deg];Rotor Torque [Nm];Azimuthal Angle Theta [deg];Rotor Torque [Nm];Azimuthal Angle Theta [deg];Rotor Torque [Nm];Azimuthal Angle Theta [deg];Rotor Torque [Nm];Azimuthal Angle Theta [deg];Rotor Torque [Nm];Azimuthal Angle Theta [deg];Rotor Torque [Nm];Azimuthal Angle Theta [deg];Rotor Torque [Nm];Azimuthal Angle Theta [deg];Rotor Torque [Nm];Azimuthal Angle Theta [deg];Rotor Torque [Nm];Azimuthal Angle Theta [deg];Rotor Torque [Nm];Azimuthal Angle Theta [deg];Rotor Torque [Nm];Azimuthal Angle Theta [deg];Rotor Torque [Nm];Azimuthal Angle Theta [deg];Rotor Torque [Nm];Azimuthal Angle Theta [deg];Rotor Torque [Nm];Azimuthal Angle Theta [deg];Rotor Torque [Nm];Azimuthal Angle Theta [deg];Rotor Torque [Nm];Azimuthal Angle Theta [deg];Rotor Torque [Nm];Azimuthal Angle Theta [deg];Rotor Torque [Nm];Azimuthal Angle Theta [deg];Rotor Torque [Nm];Azimuthal Angle Theta [deg];Rotor Torque [Nm];Azimuthal Angle Theta [deg];Rotor Torque [Nm];Azimuthal Angle Theta [deg];Rotor Torque [Nm];Azimuthal Angle Theta [deg];Rotor Torque [Nm];Azimuthal Angle Theta [deg];Rotor Torque [Nm];Azimuthal Angle Theta [deg];Rotor Torque [Nm];Azimuthal Angle Theta [deg];Rotor Torque [Nm];Azimuthal Angle Theta [deg];Rotor Torque [Nm];Azimuthal Angle Theta [deg];Rotor Torque [Nm];Azimuthal Angle Theta [deg];Rotor Torque [Nm];Azimuthal Angle Theta [deg];Rotor Torque [Nm];Azimuthal Angle Theta [deg];Rotor Torque [Nm];Azimuthal Angle Theta [deg];Rotor Torque [Nm];Azimuthal Angle Theta [deg];Rotor Torque [Nm];Azimuthal Angle Theta [deg];Rotor Torque [Nm];Azimuthal Angle Theta [deg];Rotor Torque [Nm];Azimuthal Angle Theta [deg];Rotor Torque [Nm];Azimuthal Angle Theta [deg];Rotor Torque [Nm];Azimuthal Angle Theta [deg];Rotor Torque [Nm];Azimuthal Angle Theta [deg];Rotor Torque [Nm];Azimuthal Angle Theta [deg];Rotor Torque [Nm];Azimuthal Angle Theta [deg];Rotor Torque [Nm];Azimuthal Angle Theta [deg];Rotor Torque [Nm];Azimuthal Angle Theta [deg];Rotor Torque [Nm];Azimuthal Angle Theta [deg];Rotor Torque [Nm];Azimuthal Angle Theta [deg];Rotor Torque [Nm];Azimuthal Angle Theta [deg];Rotor Torque [Nm];Azimuthal Angle Theta [deg];Rotor Torque [Nm];Azimuthal Angle Theta [deg];Rotor Torque [Nm];Azimuthal Angle Theta [deg];Rotor Torque [Nm];Azimuthal Angle Theta [deg];Rotor Torque [Nm];Azimuthal Angle Theta [deg];Rotor Torque [Nm];Azimuthal Angle Theta [deg];Rotor Torque [Nm];Azimuthal Angle Theta [deg];Rotor Torque [Nm];Azimuthal Angle Theta [deg];Rotor Torque [Nm];Azimuthal Angle Theta [deg];Rotor Torque [Nm];Azimuthal Angle Theta [deg];Rotor Torque [Nm];Azimuthal Angle Theta [deg];Rotor Torque [Nm];Azimuthal Angle Theta [deg];Rotor Torque [Nm];Azimuthal Angle Theta [deg];Rotor Torque [Nm];Azimuthal Angle Theta [deg];Rotor Torque [Nm];Azimuthal Angle Theta [deg];Rotor Torque [Nm];Azimuthal Angle Theta [deg];Rotor Torque [Nm];Azimuthal Angle Theta [deg];Rotor Torque [Nm];Azimuthal Angle Theta [deg];Rotor Torque [Nm];Azimuthal Angle Theta [deg];Rotor Torque [Nm];Azimuthal Angle Theta [deg];Rotor Torque [Nm];Azimuthal Angle Theta [deg];Rotor Torque [Nm];Azimuthal Angle Theta [deg];Rotor Torque [Nm];Azimuthal Angle Theta [deg];Rotor Torque [Nm];Azimuthal Angle Theta [deg];Rotor Torque [Nm];Azimuthal Angle Theta [deg];Rotor Torque [Nm];Azimuthal Angle Theta [deg];Rotor Torque [Nm];Azimuthal Angle Theta [deg];Rotor Torque [Nm];Azimuthal Angle Theta [deg];Rotor Torque [Nm];Azimuthal Angle Theta [deg];Rotor Torque [Nm];Azimuthal Angle Theta [deg];Rotor Torque [Nm];Azimuthal Angle Theta [deg];Rotor Torque [Nm];Azimuthal Angle Theta [deg];Rotor Torque [Nm];Azimuthal Angle Theta [deg];Rotor Torque [Nm];Azimuthal Angle Theta [deg];Rotor Torque [Nm];Azimuthal Angle Theta [deg];Rotor Torque [Nm];Azimuthal Angle Theta [deg];Rotor Torque [Nm];Azimuthal Angle Theta [deg];Rotor Torque [Nm];Azimuthal Angle Theta [deg];Rotor Torque [Nm];Azimuthal Angle Theta [deg];Rotor Torque [Nm];Azimuthal Angle Theta [deg];Rotor Torque [Nm];Azimuthal Angle Theta [deg];Rotor Torque [Nm];Azimuthal Angle Theta [deg];Rotor Torque [Nm];Azimuthal Angle Theta [deg];Rotor Torque [Nm];Azimuthal Angle Theta [deg];Rotor Torque [Nm];Azimuthal Angle Theta [deg];Rotor Torque [Nm];Azimuthal Angle Theta [deg];Rotor Torque [Nm];Azimuthal Angle Theta [deg];Rotor Torque [Nm];Azimuthal Angle Theta [deg];Rotor Torque [Nm];Azimuthal Angle Theta [deg];Rotor Torque [Nm];Azimuthal Angle Theta [deg];Rotor Torque [Nm];Azimuthal Angle Theta [deg];Rotor Torque [Nm];Azimuthal Angle Theta [deg];Rotor Torque [Nm];Azimuthal Angle Theta [deg];Rotor Torque [Nm];Azimuthal Angle Theta [deg];Rotor Torque [Nm];Azimuthal Angle Theta [deg];Rotor Torque [Nm];Azimuthal Angle Theta [deg];Rotor Torque [Nm];Azimuthal Angle Theta [deg];Rotor Torque [Nm];Azimuthal Angle Theta [deg];Rotor Torque [Nm];Azimuthal Angle Theta [deg];Rotor Torque [Nm];Azimuthal Angle Theta [deg];Rotor Torque [Nm];Azimuthal Angle Theta [deg];Rotor Torque [Nm];Azimuthal Angle Theta [deg];Rotor Torque [Nm];Azimuthal Angle Theta [deg];Rotor Torque [Nm];Azimuthal Angle Theta [deg];Rotor Torque [Nm];Azimuthal Angle Theta [deg];Rotor Torque [Nm];Azimuthal Angle Theta [deg];Rotor Torque [Nm];Azimuthal Angle Theta [deg];Rotor Torque [Nm];Azimuthal Angle Theta [deg];Rotor Torque [Nm];Azimuthal Angle Theta [deg];Rotor Torque [Nm];Azimuthal Angle Theta [deg];Rotor Torque [Nm];Azimuthal Angle Theta [deg];Rotor Torque [Nm];Azimuthal Angle Theta [deg];Rotor Torque [Nm];Azimuthal Angle Theta [deg];Rotor Torque [Nm];Azimuthal Angle Theta [deg];Rotor Torque [Nm];Azimuthal Angle Theta [deg];Rotor Torque [Nm];Azimuthal Angle Theta [deg];Rotor Torque [Nm];Azimuthal Angle Theta [deg];Rotor Torque [Nm];Azimuthal Angle Theta [deg];Rotor Torque [Nm];Azimuthal Angle Theta [deg];Rotor Torque [Nm];Azimuthal Angle Theta [deg];Rotor Torque [Nm];Azimuthal Angle Theta [deg];Rotor Torque [Nm];Azimuthal Angle Theta [deg];Rotor Torque [Nm];Azimuthal Angle Theta [deg];Rotor Torque [Nm];Azimuthal Angle Theta [deg];Rotor Torque [Nm];Azimuthal Angle Theta [deg];Rotor Torque [Nm];Azimuthal Angle Theta [deg];Rotor Torque [Nm];Azimuthal Angle Theta [deg];Rotor Torque [Nm];Azimuthal Angle Theta [deg];Rotor Torque [Nm];Azimuthal Angle Theta [deg];Rotor Torque [Nm];Azimuthal Angle Theta [deg];Rotor Torque [Nm];Azimuthal Angle Theta [deg];Rotor Torque [Nm];Azimuthal Angle Theta [deg];Rotor Torque [Nm];Azimuthal Angle Theta [deg];Rotor Torque [Nm];Azimuthal Angle Theta [deg];Rotor Torque [Nm];Azimuthal Angle Theta [deg];Rotor Torque [Nm];Azimuthal Angle Theta [deg];Rotor Torque [Nm];Azimuthal Angle Theta [deg];Rotor Torque [Nm];Azimuthal Angle Theta [deg];Rotor Torque [Nm];Azimuthal Angle Theta [deg];Rotor Torque [Nm];Azimuthal Angle Theta [deg];Rotor Torque [Nm];Azimuthal Angle Theta [deg];Rotor Torque [Nm];Azimuthal Angle Theta [deg];Rotor Torque [Nm];Azimuthal Angle Theta [deg];Rotor Torque [Nm];Azimuthal Angle Theta [deg];Rotor Torque [Nm];Azimuthal Angle Theta [deg];Rotor Torque [Nm];Azimuthal Angle Theta [deg];Rotor Torque [Nm];Azimuthal Angle Theta [deg];Rotor Torque [Nm];Azimuthal Angle Theta [deg];Rotor Torque [Nm];Azimuthal Angle Theta [deg];Rotor Torque [Nm];Azimuthal Angle Theta [deg];Rotor Torque [Nm];Azimuthal Angle Theta [deg];Rotor Torque [Nm];Azimuthal Angle Theta [deg];Rotor Torque [Nm];Azimuthal Angle Theta [deg];Rotor Torque [Nm];Azimuthal Angle Theta [deg];Rotor Torque [Nm];Azimuthal Angle Theta [deg];Rotor Torque [Nm];Azimuthal Angle Theta [deg];Rotor Torque [Nm];Azimuthal Angle Theta [deg];Rotor Torque [Nm];Azimuthal Angle Theta [deg];Rotor Torque [Nm];Azimuthal Angle Theta [deg];Rotor Torque [Nm];Azimuthal Angle Theta [deg];Rotor Torque [Nm];Azimuthal Angle Theta [deg];Rotor Torque [Nm];Azimuthal Angle Theta [deg];Rotor Torque [Nm];Azimuthal Angle Theta [deg];Rotor Torque [Nm];Azimuthal Angle Theta [deg];Rotor Torque [Nm];Azimuthal Angle Theta [deg];Rotor Torque [Nm];Azimuthal Angle Theta [deg];Rotor Torque [Nm];Azimuthal Angle Theta [deg];Rotor Torque [Nm];Azimuthal Angle Theta [deg];Rotor Torque [Nm];Azimuthal Angle Theta [deg];Rotor Torque [Nm];Azimuthal Angle Theta [deg];Rotor Torque [Nm];Azimuthal Angle Theta [deg];Rotor Torque [Nm];Azimuthal Angle Theta [deg];Rotor Torque [Nm];Azimuthal Angle Theta [deg];Rotor Torque [Nm];Azimuthal Angle Theta [deg];Rotor Torque [Nm];Azimuthal Angle Theta [deg];Rotor Torque [Nm];Azimuthal Angle Theta [deg];Rotor Torque [Nm];Azimuthal Angle Theta [deg];Rotor Torque [Nm];Azimuthal Angle Theta [deg];Rotor Torque [Nm];Azimuthal Angle Theta [deg];Rotor Torque [Nm];Azimuthal Angle Theta [deg];Rotor Torque [Nm];Azimuthal Angle Theta [deg];Rotor Torque [Nm];Azimuthal Angle Theta [deg];Rotor Torque [Nm];Azimuthal Angle Theta [deg];Rotor Torque [Nm];Azimuthal Angle Theta [deg];Rotor Torque [Nm];Azimuthal Angle Theta [deg];Rotor Torque [Nm];Azimuthal Angle Theta [deg];Rotor Torque [Nm];Azimuthal Angle Theta [deg];Rotor Torque [Nm];Azimuthal Angle Theta [deg];Rotor Torque [Nm];Azimuthal Angle Theta [deg];Rotor Torque [Nm];Azimuthal Angle Theta [deg];Rotor Torque [Nm];Azimuthal Angle Theta [deg];Rotor Torque [Nm];Azimuthal Angle Theta [deg];Rotor Torque [Nm];Azimuthal Angle Theta [deg];Rotor Torque [Nm];Azimuthal Angle Theta [deg];Rotor Torque [Nm];Azimuthal Angle Theta [deg];Rotor Torque [Nm];Azimuthal Angle Theta [deg];Rotor Torque [Nm];Azimuthal Angle Theta [deg];Rotor Torque [Nm];Azimuthal Angle Theta [deg];Rotor Torque [Nm];Azimuthal Angle Theta [deg];Rotor Torque [Nm];Azimuthal Angle Theta [deg];Rotor Torque [Nm];Azimuthal Angle Theta [deg];Rotor Torque [Nm];Azimuthal Angle Theta [deg];Rotor Torque [Nm];Azimuthal Angle Theta [deg];Rotor Torque [Nm];Azimuthal Angle Theta [deg];Rotor Torque [Nm];Azimuthal Angle Theta [deg];Rotor Torque [Nm];Azimuthal Angle Theta [deg];Rotor Torque [Nm];Azimuthal Angle Theta [deg];Rotor Torque [Nm];Azimuthal Angle Theta [deg];Rotor Torque [Nm];Azimuthal Angle Theta [deg];Rotor Torque [Nm];Azimuthal Angle Theta [deg];Rotor Torque [Nm];Azimuthal Angle Theta [deg];Rotor Torque [Nm];Azimuthal Angle Theta [deg];Rotor Torque [Nm];Azimuthal Angle Theta [deg];Rotor Torque [Nm];Azimuthal Angle Theta [deg];Rotor Torque [Nm];Azimuthal Angle Theta [deg];Rotor Torque [Nm];Azimuthal Angle Theta [deg];Rotor Torque [Nm];Azimuthal Angle Theta [deg];Rotor Torque [Nm];Azimuthal Angle Theta [deg];Rotor Torque [Nm];Azimuthal Angle Theta [deg];Rotor Torque [Nm];Azimuthal Angle Theta [deg];Rotor Torque [Nm];Azimuthal Angle Theta [deg];Rotor Torque [Nm];Azimuthal Angle Theta [deg];Rotor Torque [Nm];Azimuthal Angle Theta [deg];Rotor Torque [Nm];Azimuthal Angle Theta [deg];Rotor Torque [Nm];Azimuthal Angle Theta [deg];Rotor Torque [Nm];Azimuthal Angle Theta [deg];Rotor Torque [Nm];Azimuthal Angle Theta [deg];Rotor Torque [Nm];Azimuthal Angle Theta [deg];Rotor Torque [Nm];Azimuthal Angle Theta [deg];Rotor Torque [Nm];Azimuthal Angle Theta [deg];Rotor Torque [Nm];Azimuthal Angle Theta [deg];Rotor Torque [Nm];Azimuthal Angle Theta [deg];Rotor Torque [Nm];Azimuthal Angle Theta [deg];Rotor Torque [Nm];Azimuthal Angle Theta [deg];Rotor Torque [Nm];Azimuthal Angle Theta [deg];Rotor Torque [Nm];Azimuthal Angle Theta [deg];Rotor Torque [Nm];Azimuthal Angle Theta [deg];Rotor Torque [Nm];Azimuthal Angle Theta [deg];Rotor Torque [Nm];Azimuthal Angle Theta [deg];Rotor Torque [Nm];Azimuthal Angle Theta [deg];Rotor Torque [Nm];Azimuthal Angle Theta [deg];Rotor Torque [Nm];Azimuthal Angle Theta [deg];Rotor Torque [Nm];Azimuthal Angle Theta [deg];Rotor Torque [Nm];Azimuthal Angle Theta [deg];Rotor Torque [Nm];Azimuthal Angle Theta [deg];Rotor Torque [Nm];Azimuthal Angle Theta [deg];Rotor Torque [Nm];Azimuthal Angle Theta [deg];Rotor Torque [Nm];Azimuthal Angle Theta [deg];Rotor Torque [Nm];Azimuthal Angle Theta [deg];Rotor Torque [Nm];Azimuthal Angle Theta [deg];Rotor Torque [Nm];Azimuthal Angle Theta [deg];Rotor Torque [Nm];Azimuthal Angle Theta [deg];Rotor Torque [Nm];Azimuthal Angle Theta [deg];Rotor Torque [Nm];Azimuthal Angle Theta [deg];Rotor Torque [Nm];Azimuthal Angle Theta [deg];Rotor Torque [Nm];Azimuthal Angle Theta [deg];Rotor Torque [Nm];Azimuthal Angle Theta [deg];Rotor Torque [Nm];Azimuthal Angle Theta [deg];Rotor Torque [Nm];Azimuthal Angle Theta [deg];Rotor Torque [Nm];Azimuthal Angle Theta [deg];Rotor Torque [Nm];Azimuthal Angle Theta [deg];Rotor Torque [Nm];Azimuthal Angle Theta [deg];Rotor Torque [Nm];Azimuthal Angle Theta [deg];Rotor Torque [Nm];Azimuthal Angle Theta [deg];Rotor Torque [Nm];Azimuthal Angle Theta [deg];Rotor Torque [Nm];Azimuthal Angle Theta [deg];Rotor Torque [Nm];Azimuthal Angle Theta [deg];Rotor Torque [Nm];Azimuthal Angle Theta [deg];Rotor Torque [Nm];Azimuthal Angle Theta [deg];Rotor Torque [Nm];Azimuthal Angle Theta [deg];Rotor Torque [Nm];Azimuthal Angle Theta [deg];Rotor Torque [Nm];Azimuthal Angle Theta [deg];Rotor Torque [Nm];Azimuthal Angle Theta [deg];Rotor Torque [Nm];Azimuthal Angle Theta [deg];Rotor Torque [Nm];Azimuthal Angle Theta [deg];Rotor Torque [Nm];Azimuthal Angle Theta [deg];Rotor Torque [Nm];Azimuthal Angle Theta [deg];Rotor Torque [Nm];Azimuthal Angle Theta [deg];Rotor Torque [Nm];Azimuthal Angle Theta [deg];Rotor Torque [Nm];Azimuthal Angle Theta [deg];Rotor Torque [Nm];Azimuthal Angle Theta [deg];Rotor Torque [Nm];Azimuthal Angle Theta [deg];Rotor Torque [Nm];Azimuthal Angle Theta [deg];Rotor Torque [Nm];Azimuthal Angle Theta [deg];Rotor Torque [Nm];Azimuthal Angle Theta [deg];Rotor Torque [Nm];Azimuthal Angle Theta [deg];Rotor Torque [Nm];Azimuthal Angle Theta [deg];Rotor Torque [Nm];Azimuthal Angle Theta [deg];Rotor Torque [Nm];Azimuthal Angle Theta [deg];Rotor Torque [Nm];Azimuthal Angle Theta [deg];Rotor Torque [Nm];Azimuthal Angle Theta [deg];Rotor Torque [Nm];Azimuthal Angle Theta [deg];Rotor Torque [Nm];Azimuthal Angle Theta [deg];Rotor Torque [Nm];Azimuthal Angle Theta [deg];Rotor Torque [Nm];Azimuthal Angle Theta [deg];Rotor Torque [Nm];Azimuthal Angle Theta [deg];Rotor Torque [Nm];Azimuthal Angle Theta [deg];Rotor Torque [Nm];Azimuthal Angle Theta [deg];Rotor Torque [Nm];Azimuthal Angle Theta [deg];Rotor Torque [Nm];Azimuthal Angle Theta [deg];Rotor Torque [Nm];Azimuthal Angle Theta [deg];Rotor Torque [Nm];Azimuthal Angle Theta [deg];Rotor Torque [Nm];Azimuthal Angle Theta [deg];Rotor Torque [Nm];Azimuthal Angle Theta [deg];Rotor Torque [Nm];Azimuthal Angle Theta [deg];Rotor Torque [Nm];Azimuthal Angle Theta [deg];Rotor Torque [Nm];Azimuthal Angle Theta [deg];Rotor Torque [Nm];Azimuthal Angle Theta [deg];Rotor Torque [Nm];Azimuthal Angle Theta [deg];Rotor Torque [Nm];Azimuthal Angle Theta [deg];Rotor Torque [Nm];Azimuthal Angle Theta [deg];Rotor Torque [Nm];Azimuthal Angle Theta [deg];Rotor Torque [Nm];Azimuthal Angle Theta [deg];Rotor Torque [Nm];Azimuthal Angle Theta [deg];Rotor Torque [Nm];Azimuthal Angle Theta [deg];Rotor Torque [Nm];Azimuthal Angle Theta [deg];Rotor Torque [Nm];Azimuthal Angle Theta [deg];Rotor Torque [Nm];Azimuthal Angle Theta [deg];Rotor Torque [Nm];Azimuthal Angle Theta [deg];Rotor Torque [Nm];Azimuthal Angle Theta [deg];Rotor Torque [Nm];Azimuthal Angle Theta [deg];Rotor Torque [Nm];Azimuthal Angle Theta [deg];Rotor Torque [Nm];Azimuthal Angle Theta [deg];Rotor Torque [Nm];Azimuthal Angle Theta [deg];Rotor Torque [Nm];Azimuthal Angle Theta [deg];Rotor Torque [Nm];Azimuthal Angle Theta [deg];Rotor Torque [Nm];Azimuthal Angle Theta [deg];Rotor Torque [Nm];Azimuthal Angle Theta [deg];Rotor Torque [Nm];Azimuthal Angle Theta [deg];Rotor Torque [Nm];Azimuthal Angle Theta [deg];Rotor Torque [Nm];Azimuthal Angle Theta [deg];Rotor Torque [Nm];Azimuthal Angle Theta [deg];Rotor Torque [Nm];Azimuthal Angle Theta [deg];Rotor Torque [Nm];Azimuthal Angle Theta [deg];Rotor Torque [Nm];Azimuthal Angle Theta [deg];Rotor Torque [Nm];Azimuthal Angle Theta [deg];Rotor Torque [Nm];Azimuthal Angle Theta [deg];Rotor Torque [Nm];Azimuthal Angle Theta [deg];Rotor Torque [Nm];Azimuthal Angle Theta [deg];Rotor Torque [Nm];Azimuthal Angle Theta [deg];Rotor Torque [Nm];Azimuthal Angle Theta [deg];Rotor Torque [Nm];Azimuthal Angle Theta [deg];Rotor Torque [Nm];Azimuthal Angle Theta [deg];Rotor Torque [Nm];Azimuthal Angle Theta [deg];Rotor Torque [Nm];Azimuthal Angle Theta [deg];Rotor Torque [Nm];Azimuthal Angle Theta [deg];Rotor Torque [Nm];Azimuthal Angle Theta [deg];Rotor Torque [Nm];Azimuthal Angle Theta [deg];Rotor Torque [Nm];Azimuthal Angle Theta [deg];Rotor Torque [Nm];Azimuthal Angle Theta [deg];Rotor Torque [Nm];Azimuthal Angle Theta [deg];Rotor Torque [Nm];Azimuthal Angle Theta [deg];Rotor Torque [Nm];Azimuthal Angle Theta [deg];Rotor Torque [Nm];Azimuthal Angle Theta [deg];Rotor Torque [Nm];Azimuthal Angle Theta [deg];Rotor Torque [Nm];Azimuthal Angle Theta [deg];Rotor Torque [Nm];Azimuthal Angle Theta [deg];Rotor Torque [Nm];Azimuthal Angle Theta [deg];Rotor Torque [Nm];Azimuthal Angle Theta [deg];Rotor Torque [Nm];Azimuthal Angle Theta [deg];Rotor Torque [Nm];Azimuthal Angle Theta [deg];Rotor Torque [Nm];Azimuthal Angle Theta [deg];Rotor Torque [Nm];Azimuthal Angle Theta [deg];Rotor Torque [Nm];Azimuthal Angle Theta [deg];Rotor Torque [Nm];Azimuthal Angle Theta [deg];Rotor Torque [Nm];Azimuthal Angle Theta [deg];Rotor Torque [Nm];Azimuthal Angle Theta [deg];Rotor Torque [Nm];Azimuthal Angle Theta [deg];Rotor Torque [Nm];Azimuthal Angle Theta [deg];Rotor Torque [Nm];Azimuthal Angle Theta [deg];Rotor Torque [Nm];Azimuthal Angle Theta [deg];Rotor Torque [Nm];Azimuthal Angle Theta [deg];Rotor Torque [Nm];Azimuthal Angle Theta [deg];Rotor Torque [Nm];Azimuthal Angle Theta [deg];Rotor Torque [Nm];Azimuthal Angle Theta [deg];Rotor Torque [Nm];Azimuthal Angle Theta [deg];Rotor Torque [Nm];Azimuthal Angle Theta [deg];Rotor Torque [Nm];Azimuthal Angle Theta [deg];Rotor Torque [Nm];Azimuthal Angle Theta [deg];Rotor Torque [Nm];Azimuthal Angle Theta [deg];Rotor Torque [Nm];Azimuthal Angle Theta [deg];Rotor Torque [Nm];Azimuthal Angle Theta [deg];Rotor Torque [Nm];Azimuthal Angle Theta [deg];Rotor Torque [Nm];Azimuthal Angle Theta [deg];Rotor Torque [Nm];Azimuthal Angle Theta [deg];Rotor Torque [Nm];Azimuthal Angle Theta [deg];Rotor Torque [Nm];Azimuthal Angle Theta [deg];Rotor Torque [Nm];Azimuthal Angle Theta [deg];Rotor Torque [Nm];Azimuthal Angle Theta [deg];Rotor Torque [Nm];Azimuthal Angle Theta [deg];Rotor Torque [Nm];Azimuthal Angle Theta [deg];Rotor Torque [Nm];Azimuthal Angle Theta [deg];Rotor Torque [Nm];Azimuthal Angle Theta [deg];Rotor Torque [Nm];Azimuthal Angle Theta [deg];Rotor Torque [Nm];Azimuthal Angle Theta [deg];Rotor Torque [Nm];Azimuthal Angle Theta [deg];Rotor Torque [Nm];Azimuthal Angle Theta [deg];Rotor Torque [Nm];Azimuthal Angle Theta [deg];Rotor Torque [Nm];Azimuthal Angle Theta [deg];Rotor Torque [Nm];Azimuthal Angle Theta [deg];Rotor Torque [Nm];Azimuthal Angle Theta [deg];Rotor Torque [Nm];Azimuthal Angle Theta [deg];Rotor Torque [Nm];Azimuthal Angle Theta [deg];Rotor Torque [Nm];Azimuthal Angle Theta [deg];Rotor Torque [Nm];Azimuthal Angle Theta [deg];Rotor Torque [Nm];Azimuthal Angle Theta [deg];Rotor Torque [Nm];Azimuthal Angle Theta [deg];Rotor Torque [Nm];Azimuthal Angle Theta [deg];Rotor Torque [Nm];Azimuthal Angle Theta [deg];Rotor Torque [Nm];Azimuthal Angle Theta [deg];Rotor Torque [Nm];Azimuthal Angle Theta [deg];Rotor Torque [Nm];Azimuthal Angle Theta [deg];Rotor Torque [Nm];Azimuthal Angle Theta [deg];Rotor Torque [Nm];Azimuthal Angle Theta [deg];Rotor Torque [Nm];Azimuthal Angle Theta [deg];Rotor Torque [Nm];Azimuthal Angle Theta [deg];Rotor Torque [Nm];Azimuthal Angle Theta [deg];Rotor Torque [Nm];Azimuthal Angle Theta [deg];Rotor Torque [Nm];Azimuthal Angle Theta [deg];Rotor Torque [Nm];Azimuthal Angle Theta [deg];Rotor Torque [Nm];Azimuthal Angle Theta [deg];Rotor Torque [Nm];Azimuthal Angle Theta [deg];Rotor Torque [Nm];Azimuthal Angle Theta [deg];Rotor Torque [Nm];Azimuthal Angle Theta [deg];Rotor Torque [Nm];Azimuthal Angle Theta [deg];Rotor Torque [Nm];Azimuthal Angle Theta [deg];Rotor Torque [Nm];Azimuthal Angle Theta [deg];Rotor Torque [Nm];Azimuthal Angle Theta [deg];Rotor Torque [Nm];Azimuthal Angle Theta [deg];Rotor Torque [Nm];Azimuthal Angle Theta [deg];Rotor Torque [Nm];Azimuthal Angle Theta [deg];Rotor Torque [Nm]
2.5000000e+00;6.9316896e-03;2.5000000e+00;1.1123410e-02;2.5000000e+00;1.9850148e-02;2.5000000e+00;3.3082474e-02;2.5000000e+00;4.9794018e-02;2.5000000e+00;7.0049495e-02;2.5000000e+00;9.3210608e-02;2.5000000e+00;1.1775054e-01;2.5000000e+00;1.4294396e-01;2.5000000e+00;1.6552767e-01;2.5000000e+00;1.9112691e-01;2.5000000e+00;2.1388280e-01;2.5000000e+00;2.2592059e-01;2.5000000e+00;2.1338198e-01;2.5000000e+00;1.8047769e-01;2.5000000e+00;1.3494475e-01;2.5000000e+00;8.8037282e-02;2.5000000e+00;4.5396894e-02;2.5000000e+00;6.9316896e-03;2.5000000e+00;1.1123410e-02;2.5000000e+00;1.9850148e-02;2.5000000e+00;3.3082474e-02;2.5000000e+00;4.9794018e-02;2.5000000e+00;7.0049495e-02;2.5000000e+00;9.3210608e-02;2.5000000e+00;1.1775054e-01;2.5000000e+00;1.4294396e-01;2.5000000e+00;1.6552767e-01;2.5000000e+00;1.9112691e-01;2.5000000e+00;2.1388280e-01;2.5000000e+00;2.2592059e-01;2.5000000e+00;2.1338198e-01;2.5000000e+00;1.8047769e-01;2.5000000e+00;1.3494475e-01;2.5000000e+00;8.8037282e-02;2.5000000e+00;4.5396894e-02;2.5000000e+00;6.9316896e-03;2.5000000e+00;1.1123410e-02;2.5000000e+00;1.9850148e-02;2.5000000e+00;3.3082474e-02;2.5000000e+00;4.9794018e-02;2.5000000e+00;7.0049495e-02;2.5000000e+00;9.3210608e-02;2.5000000e+00;1.1775054e-01;2.5000000e+00;1.4294396e-01;2.5000000e+00;1.6552767e-01;2.5000000e+00;1.9112691e-01;2.5000000e+00;2.1388280e-01;2.5000000e+00;2.2592059e-01;2.5000000e+00;2.1338198e-01;2.5000000e+00;1.8047769e-01;2.5000000e+00;1.3494475e-01;2.5000000e+00;8.8037282e-02;2.5000000e+00;4.5396894e-02;2.5000000e+00;6.9316896e-03;2.5000000e+00;1.1123410e-02;2.5000000e+00;1.9850148e-02;2.5000000e+00;3.3082474e-02;2.5000000e+00;4.9794018e-02;2.5000000e+00;7.0049495e-02;2.5000000e+00;9.3210608e-02;2.5000000e+00;1.1775054e-01;2.5000000e+00;1.4294396e-01;2.5000000e+00;1.6552767e-01;2.5000000e+00;1.9112691e-01;2.5000000e+00;2.1388280e-01;2.5000000e+00;2.2592059e-01;2.5000000e+00;2.1338198e-01;2.5000000e+00;1.8047769e-01;2.5000000e+00;1.3494475e-01;2.5000000e+00;8.8037282e-02;2.5000000e+00;4.5396894e-02;2.5000000e+00;6.9316896e-03;2.5000000e+00;1.1123410e-02;2.5000000e+00;1.9850148e-02;2.5000000e+00;3.3082474e-02;2.5000000e+00;4.9794018e-02;2.5000000e+00;7.0049495e-02;2.5000000e+00;9.3210608e-02;2.5000000e+00;1.1775054e-01;2.5000000e+00;1.4294396e-01;2.5000000e+00;1.6552767e-01;2.5000000e+00;1.9112691e-01;2.5000000e+00;2.1388280e-01;2.5000000e+00;2.2592059e-01;2.5000000e+00;2.1338198e-01;2.5000000e+00;1.8047769e-01;2.5000000e+00;1.3494475e-01;2.5000000e+00;8.8037282e-02;2.5000000e+00;4.5396894e-02;2.5000000e+00;6.9316896e-03;2.5000000e+00;1.1123410e-02;2.5000000e+00;1.9850148e-02;2.5000000e+00;3.3082474e-02;2.5000000e+00;4.9794018e-02;2.5000000e+00;7.0049495e-02;2.5000000e+00;9.3210608e-02;2.5000000e+00;1.1775054e-01;2.5000000e+00;1.4294396e-01;2.5000000e+00;1.6552767e-01;2.5000000e+00;1.9112691e-01;2.5000000e+00;2.1388280e-01;2.5000000e+00;2.2592059e-01;2.5000000e+00;2.1338198e-01;2.5000000e+00;1.8047769e-01;2.5000000e+00;1.3494475e-01;2.5000000e+00;8.8037282e-02;2.5000000e+00;4.5396894e-02;2.5000000e+00;6.9316896e-03;2.5000000e+00;1.1123410e-02;2.5000000e+00;1.9850148e-02;2.5000000e+00;3.3082474e-02;2.5000000e+00;4.9794018e-02;2.5000000e+00;7.0049495e-02;2.5000000e+00;9.3210608e-02;2.5000000e+00;1.1775054e-01;2.5000000e+00;1.4294396e-01;2.5000000e+00;1.6552767e-01;2.5000000e+00;1.9112691e-01;2.5000000e+00;2.1388280e-01;2.5000000e+00;2.2592059e-01;2.5000000e+00;2.1338198e-01;2.5000000e+00;1.8047769e-01;2.5000000e+00;1.3494475e-01;2.5000000e+00;8.8037282e-02;2.5000000e+00;4.5396894e-02;2.5000000e+00;6.9316896e-03;2.5000000e+00;1.1123410e-02;2.5000000e+00;1.9850148e-02;2.5000000e+00;3.3082474e-02;2.5000000e+00;4.9794018e-02;2.5000000e+00;7.0049495e-02;2.5000000e+00;9.3210608e-02;2.5000000e+00;1.1775054e-01;2.5000000e+00;1.4294396e-01;2.5000000e+00;1.6552767e-01;2.5000000e+00;1.9112691e-01;2.5000000e+00;2.1388280e-01;2.5000000e+00;2.2592059e-01;2.5000000e+00;2.1338198e-01;2.5000000e+00;1.8047769e-01;2.5000000e+00;1.3494475e-01;2.5000000e+00;8.8037282e-02;2.5000000e+00;4.5396894e-02;2.5000000e+00;6.9316896e-03;2.5000000e+00;1.1123410e-02;2.5000000e+00;1.9850148e-02;2.5000000e+00;3.3082474e-02;2.5000000e+00;4.9794018e-02;2.5000000e+00;7.0049495e-02;2.5000000e+00;9.3210608e-02;2.5000000e+00;1.1775054e-01;2.5000000e+00;1.4294396e-01;2.5000000e+00;1.6552767e-01;2.5000000e+00;1.9112691e-01;2.5000000e+00;2.1388280e-01;2.5000000e+00;2.2592059e-01;2.5000000e+00;2.1338198e-01;2.5000000e+00;1.8047769e-01;2.5000000e+00;1.3494475e-01;2.5000000e+00;8.8037282e-02;2.5000000e+00;4.5396894e-02;2.5000000e+00;6.9316896e-03;2.5000000e+00;1.1123410e-02;2.5000000e+00;1.9850148e-02;2.5000000e+00;3.3082474e-02;2.5000000e+00;4.9794018e-02;2.5000000e+00;7.0049495e-02;2.5000000e+00;9.3210608e-02;2.5000000e+00;1.1775054e-01;2.5000000e+00;1.4294396e-01;2.5000000e+00;1.6552767e-01;2.5000000e+00;1.9112691e-01;2.5000000e+00;2.1388280e-01;2.5000000e+00;2.2592059e-01;2.5000000e+00;2.1338198e-01;2.5000000e+00;1.8047769e-01;2.5000000e+00;1.3494475e-01;2.5000000e+00;8.8037282e-02;2.5000000e+00;4.5396894e-02;2.5000000e+00;6.9316896e-03;2.5000000e+00;1.1123410e-02;2.5000000e+00;1.9850148e-02;2.5000000e+00;3.3082474e-02;2.5000000e+00;4.9794018e-02;2.5000000e+00;7.0049495e-02;2.5000000e+00;9.3210608e-02;2.5000000e+00;1.1775054e-01;2.5000000e+00;1.4294396e-01;2.5000000e+00;1.6552767e-01;2.5000000e+00;1.9112691e-01;2.5000000e+00;2.1388280e-01;2.5000000e+00;2.2592059e-01;2.5000000e+00;2.1338198e-01;2.5000000e+00;1.8047769e-01;2.5000000e+00;1.3494475e-01;2.5000000e+00;8.8037282e-02;2.5000000e+00;4.5396894e-02;2.5000000e+00;6.9316896e-03;2.5000000e+00;1.1123410e-02;2.5000000e+00;1.9850148e-02;2.5000000e+00;3.3082474e-02;2.5000000e+00;4.9794018e-02;2.5000000e+00;7.0049495e-02;2.5000000e+00;9.3210608e-02;2.5000000e+00;1.1775054e-01;2.5000000e+00;1.4294396e-01;2.5000000e+00;1.6552767e-01;2.5000000e+00;1.9112691e-01;2.5000000e+00;2.1388280e-01;2.5000000e+00;2.2592059e-01;2.5000000e+00;2.1338198e-01;2.5000000e+00;1.8047769e-01;2.5000000e+00;1.3494475e-01;2.5000000e+00;8.8037282e-02;2.5000000e+00;4.5396894e-02;2.5000000e+00;6.9316896e-03;2.5000000e+00;1.1123410e-02;2.5000000e+00;1.9850148e-02;2.5000000e+00;3.3082474e-02;2.5000000e+00;4.9794018e-02;2.5000000e+00;7.0049495e-02;2.5000000e+00;9.3210608e-02;2.5000000e+00;1.1775054e-01;2.5000000e+00;1.4294396e-01;2.5000000e+00;1.6552767e-01;2.5000000e+00;1.9112691e-01;2.5000000e+00;2.1388280e-01;2.5000000e+00;2.2592059e-01;2.5000000e+00;2.1338198e-01;2.5000000e+00;1.8047769e-01;2.5000000e+00;1.3494475e-01;2.5000000e+00;8.8037282e-02;2.5000000e+00;4.5396894e-02;2.5000000e+00;6.9316896e-03;2.5000000e+00;1.1123410e-02;2.5000000e+00;1.9850148e-02;2.5000000e+00;3.3082474e-02;2.5000000e+00;4.9794018e-02;2.5000000e+00;7.0049495e-02;2.5000000e+00;9.3210608e-02;2.5000000e+00;1.1775054e-01;2.5000000e+00;1.4294396e-01;2.5000000e+00;1.6552767e-01;2.5000000e+00;1.9112691e-01;2.5000000e+00;2.1388280e-01;2.5000000e+00;2.2592059e-01;2.5000000e+00;2.1338198e-01;2.5000000e+00;1.8047769e-01;2.5000000e+00;1.3494475e-01;2.5000000e+00;8.8037282e-02;2.5000000e+00;4.5396894e-02;2.5000000e+00;6.9316896e-03;2.5000000e+00;1.1123410e-02;2.5000000e+00;1.9850148e-02;2.5000000e+00;3.3082474e-02;2.5000000e+00;4.9794018e-02;2.5000000e+00;7.0049495e-02;2.5000000e+00;9.3210608e-02;2.5000000e+00;1.1775054e-01;2.5000000e+00;1.4294396e-01;2.5000000e+00;1.6552767e-01;2.5000000e+00;1.9112691e-01;2.5000000e+00;2.1388280e-01;2.5000000e+00;2.2592059e-01;2.5000000e+00;2.1338198e-01;2.5000000e+00;1.8047769e-01;2.5000000e+00;1.3494475e-01;2.5000000e+00;8.8037282e-02;2.5000000e+00;4.5396894e-02;2.5000000e+00;6.9316896e-03;2.5000000e+00;1.1123410e-02;2.5000000e+00;1.9850148e-02;2.5000000e+00;3.3082474e-02;2.5000000e+00;4.9794018e-02;2.5000000e+00;7.0049495e-02;2.5000000e+00;9.3210608e-02;2.5000000e+00;1.1775054e-01;2.5000000e+00;1.4294396e-01;2.5000000e+00;1.6552767e-01;2.5000000e+00;1.9112691e-01;2.5000000e+00;2.1388280e-01;2.5000000e+00;2.2592059e-01;2.5000000e+00;2.1338198e-01;2.5000000e+00;1.8047769e-01;2.5000000e+00;1.3494475e-01;2.5000000e+00;8.8037282e-02;2.5000000e+00;4.5396894e-02;2.5000000e+00;6.9316896e-03;2.5000000e+00;1.1123410e-02;2.5000000e+00;1.9850148e-02;2.5000000e+00;3.3082474e-02;2.5000000e+00;4.9794018e-02;2.5000000e+00;7.0049495e-02;2.5000000e+00;9.3210608e-02;2.5000000e+00;1.1775054e-01;2.5000000e+00;1.4294396e-01;2.5000000e+00;1.6552767e-01;2.5000000e+00;1.9112691e-01;2.5000000e+00;2.1388280e-01;2.5000000e+00;2.2592059e-01;2.5000000e+00;2.1338198e-01;2.5000000e+00;1.8047769e-01;2.5000000e+00;1.3494475e-01;2.5000000e+00;8.8037282e-02;2.5000000e+00;4.5396894e-02;2.5000000e+00;6.9316896e-03;2.5000000e+00;1.1123410e-02;2.5000000e+00;1.9850148e-02;2.5000000e+00;3.3082474e-02;2.5000000e+00;4.9794018e-02;2.5000000e+00;7.0049495e-02;2.5000000e+00;9.3210608e-02;2.5000000e+00;1.1775054e-01;2.5000000e+00;1.4294396e-01;2.5000000e+00;1.6552767e-01;2.5000000e+00;1.9112691e-01;2.5000000e+00;2.1388280e-01;2.5000000e+00;2.2592059e-01;2.5000000e+00;2.1338198e-01;2.5000000e+00;1.8047769e-01;2.5000000e+00;1.3494475e-01;2.5000000e+00;8.8037282e-02;2.5000000e+00;4.5396894e-02;2.5000000e+00;6.9316896e-03;2.5000000e+00;1.1123410e-02;2.5000000e+00;1.9850148e-02;2.5000000e+00;3.3082474e-02;2.5000000e+00;4.9794018e-02;2.5000000e+00;7.0049495e-02;2.5000000e+00;9.3210608e-02;2.5000000e+00;1.1775054e-01;2.5000000e+00;1.4294396e-01;2.5000000e+00;1.6552767e-01;2.5000000e+00;1.9112691e-01;2.5000000e+00;2.1388280e-01;2.5000000e+00;2.2592059e-01;2.5000000e+00;2.1338198e-01;2.5000000e+00;1.8047769e-01;2.5000000e+00;1.3494475e-01;2.5000000e+00;8.8037282e-02;2.5000000e+00;4.5396894e-02;2.5000000e+00;6.9316896e-03;2.5000000e+00;1.1123410e-02;2.5000000e+00;1.9850148e-02;2.5000000e+00;3.3082474e-02;2.5000000e+00;4.9794018e-02;2.5000000e+00;7.0049495e-02;2.5000000e+00;9.3210608e-02;2.5000000e+00;1.1775054e-01;2.5000000e+00;1.4294396e-01;2.5000000e+00;1.6552767e-01;2.5000000e+00;1.9112691e-01;2.5000000e+00;2.1388280e-01;2.5000000e+00;2.2592059e-01;2.5000000e+00;2.1338198e-01;2.5000000e+00;1.8047769e-01;2.5000000e+00;1.3494475e-01;2.5000000e+00;8.8037282e-02;2.5000000e+00;4.5396894e-02;2.5000000e+00;6.9316896e-03;2.5000000e+00;1.1123410e-02;2.5000000e+00;1.9850148e-02;2.5000000e+00;3.3082474e-02;2.5000000e+00;4.9794018e-02;2.5000000e+00;7.0049495e-02;2.5000000e+00;9.3210608e-02;2.5000000e+00;1.1775054e-01;2.5000000e+00;1.4294396e-01;2.5000000e+00;1.6552767e-01;2.5000000e+00;1.9112691e-01;2.5000000e+00;2.1388280e-01;2.5000000e+00;2.2592059e-01;2.5000000e+00;2.1338198e-01;2.5000000e+00;1.8047769e-01;2.5000000e+00;1.3494475e-01;2.5000000e+00;8.8037282e-02;2.5000000e+00;4.5396894e-02;2.5000000e+00;6.9316896e-03;2.5000000e+00;1.1123410e-02;2.5000000e+00;1.9850148e-02;2.5000000e+00;3.3082474e-02;2.5000000e+00;4.9794018e-02;2.5000000e+00;7.0049495e-02;2.5000000e+00;9.3210608e-02;2.5000000e+00;1.1775054e-01;2.5000000e+00;1.4294396e-01;2.5000000e+00;1.6552767e-01;2.5000000e+00;1.9112691e-01;2.5000000e+00;2.1388280e-01;2.5000000e+00;2.2592059e-01;2.5000000e+00;2.1338198e-01;2.5000000e+00;1.8047769e-01;2.5000000e+00;1.3494475e-01;2.5000000e+00;8.8037282e-02;2.5000000e+00;4.5396894e-02;2.5000000e+00;6.9316896e-03;2.5000000e+00;1.1123410e-02;2.5000000e+00;1.9850148e-02;2.5000000e+00;3.3082474e-02;2.5000000e+00;4.9794018e-02;2.5000000e+00;7.0049495e-02;2.5000000e+00;9.3210608e-02;2.5000000e+00;1.1775054e-01;2.5000000e+00;1.4294396e-01;2.5000000e+00;1.6552767e-01;2.5000000e+00;1.9112691e-01;2.5000000e+00;2.1388280e-01;2.5000000e+00;2.2592059e-01;2.5000000e+00;2.1338198e-01;2.5000000e+00;1.8047769e-01;2.5000000e+00;1.3494475e-01;2.5000000e+00;8.8037282e-02;2.5000000e+00;4.5396894e-02;2.5000000e+00;6.9316896e-03;2.5000000e+00;1.1123410e-02;2.5000000e+00;1.9850148e-02;2.5000000e+00;3.3082474e-02;2.5000000e+00;4.9794018e-02;2.5000000e+00;7.0049495e-02;2.5000000e+00;9.3210608e-02;2.5000000e+00;1.1775054e-01;2.5000000e+00;1.4294396e-01;2.5000000e+00;1.6552767e-01;2.5000000e+00;1.9112691e-01;2.5000000e+00;2.1388280e-01;2.5000000e+00;2.2592059e-01;2.5000000e+00;2.1338198e-01;2.5000000e+00;1.8047769e-01;2.5000000e+00;1.3494475e-01;2.5000000e+00;8.8037282e-02;2.5000000e+00;4.5396894e-02;2.5000000e+00;6.9316896e-03;2.5000000e+00;1.1123410e-02;2.5000000e+00;1.9850148e-02;2.5000000e+00;3.3082474e-02;2.5000000e+00;4.9794018e-02;2.5000000e+00;7.0049495e-02;2.5000000e+00;9.3210608e-02;2.5000000e+00;1.1775054e-01;2.5000000e+00;1.4294396e-01;2.5000000e+00;1.6552767e-01;2.5000000e+00;1.9112691e-01;2.5000000e+00;2.1388280e-01;2.5000000e+00;2.2592059e-01;2.5000000e+00;2.1338198e-01;2.5000000e+00;1.8047769e-01;2.5000000e+00;1.3494475e-01;2.5000000e+00;8.8037282e-02;2.5000000e+00;4.5396894e-02;2.5000000e+00;6.9316896e-03;2.5000000e+00;1.1123410e-02;2.5000000e+00;1.9850148e-02;2.5000000e+00;3.3082474e-02;2.5000000e+00;4.9794018e-02;2.5000000e+00;7.0049495e-02;2.5000000e+00;9.3210608e-02;2.5000000e+00;1.1775054e-01;2.5000000e+00;1.4294396e-01;2.5000000e+00;1.6552767e-01;2.5000000e+00;1.9112691e-01;2.5000000e+00;2.1388280e-01;2.5000000e+00;2.2592059e-01;2.5000000e+00;2.1338198e-01;2.5000000e+00;1.8047769e-01;2.5000000e+00;1.3494475e-01;2.5000000e+00;8.8037282e-02;2.5000000e+00;4.5396894e-02;2.5000000e+00;6.9316896e-03;2.5000000e+00;1.1123410e-02;2.5000000e+00;1.9850148e-02;2.5000000e+00;3.3082474e-02;2.5000000e+00;4.9794018e-02;2.5000000e+00;7.0049495e-02;2.5000000e+00;9.3210608e-02;2.5000000e+00;1.1775054e-01;2.5000000e+00;1.4294396e-01;2.5000000e+00;1.6552767e-01;2.5000000e+00;1.9112691e-01;2.5000000e+00;2.1388280e-01;2.5000000e+00;2.2592059e-01;2.5000000e+00;2.1338198e-01;2.5000000e+00;1.8047769e-01;2.5000000e+00;1.3494475e-01;2.5000000e+00;8.8037282e-02;2.5000000e+00;4.5396894e-02;2.5000000e+00;6.9316896e-03;2.5000000e+00;1.1123410e-02;2.5000000e+00;1.9850148e-02;2.5000000e+00;3.3082474e-02;2.5000000e+00;4.9794018e-02;2.5000000e+00;7.0049495e-02;2.5000000e+00;9.3210608e-02;2.5000000e+00;1.1775054e-01;2.5000000e+00;1.4294396e-01;2.5000000e+00;1.6552767e-01;2.5000000e+00;1.9112691e-01;2.5000000e+00;2.1388280e-01;2.5000000e+00;2.2592059e-01;2.5000000e+00;2.1338198e-01;2.5000000e+00;1.8047769e-01;2.5000000e+00;1.3494475e-01;2.5000000e+00;8.8037282e-02;2.5000000e+00;4.5396894e-02;2.5000000e+00;6.9316896e-03;2.5000000e+00;1.1123410e-02;2.5000000e+00;1.9850148e-02;2.5000000e+00;3.3082474e-02;2.5000000e+00;4.9794018e-02;2.5000000e+00;7.0049495e-02;2.5000000e+00;9.3210608e-02;2.5000000e+00;1.1775054e-01;2.5000000e+00;1.4294396e-01;2.5000000e+00;1.6552767e-01;2.5000000e+00;1.9112691e-01;2.5000000e+00;2.1388280e-01;2.5000000e+00;2.2592059e-01;2.5000000e+00;2.1338198e-01;2.5000000e+00;1.8047769e-01;2.5000000e+00;1.3494475e-01;2.5000000e+00;8.8037282e-02;2.5000000e+00;4.5396894e-02;2.5000000e+00;6.9316896e-03;2.5000000e+00;1.1123410e-02;2.5000000e+00;1.9850148e-02;2.5000000e+00;3.3082474e-02;2.5000000e+00;4.9794018e-02;2.5000000e+00;7.0049495e-02;2.5000000e+00;9.3210608e-02;2.5000000e+00;1.1775054e-01;2.5000000e+00;1.4294396e-01;2.5000000e+00;1.6552767e-01;2.5000000e+00;1.9112691e-01;2.5000000e+00;2.1388280e-01;2.5000000e+00;2.2592059e-01;2.5000000e+00;2.1338198e-01;2.5000000e+00;1.8047769e-01;2.5000000e+00;1.3494475e-01;2.5000000e+00;8.8037282e-02;2.5000000e+00;4.5396894e-02;2.5000000e+00;6.9316896e-03;2.5000000e+00;1.1123410e-02;2.5000000e+00;1.9850148e-02;2.5000000e+00;3.3082474e-02;2.5000000e+00;4.9794018e-02;2.5000000e+00;7.0049495e-02;2.5000000e+00;9.3210608e-02;2.5000000e+00;1.1775054e-01;2.5000000e+00;1.4294396e-01;2.5000000e+00;1.6552767e-01;2.5000000e+00;1.9112691e-01;2.5000000e+00;2.1388280e-01;2.5000000e+00;2.2592059e-01;2.5000000e+00;2.1338198e-01;2.5000000e+00;1.8047769e-01;2.5000000e+00;1.3494475e-01;2.5000000e+00;8.8037282e-02;2.5000000e+00;4.5396894e-02;2.5000000e+00;6.9316896e-03;2.5000000e+00;1.1123410e-02;2.5000000e+00;1.9850148e-02;2.5000000e+00;3.3082474e-02;2.5000000e+00;4.9794018e-02;2.5000000e+00;7.0049495e-02;2.5000000e+00;9.3210608e-02;2.5000000e+00;1.1775054e-01;2.5000000e+00;1.4294396e-01;2.5000000e+00;1.6552767e-01;2.5000000e+00;1.9112691e-01;2.5000000e+00;2.1388280e-01;2.5000000e+00;2.2592059e-01;2.5000000e+00;2.1338198e-01;2.5000000e+00;1.8047769e-01;2.5000000e+00;1.3494475e-01;2.5000000e+00;8.8037282e-02;2.5000000e+00;4.5396894e-02;2.5000000e+00;6.9316896e-03;2.5000000e+00;1.1123410e-02;2.5000000e+00;1.9850148e-02;2.5000000e+00;3.3082474e-02;2.5000000e+00;4.9794018e-02;2.5000000e+00;7.0049495e-02;2.5000000e+00;9.3210608e-02;2.5000000e+00;1.1775054e-01;2.5000000e+00;1.4294396e-01;2.5000000e+00;1.6552767e-01;2.5000000e+00;1.9112691e-01;2.5000000e+00;2.1388280e-01;2.5000000e+00;2.2592059e-01;2.5000000e+00;2.1338198e-01;2.5000000e+00;1.8047769e-01;2.5000000e+00;1.3494475e-01;2.5000000e+00;8.8037282e-02;2.5000000e+00;4.5396894e-02;2.5000000e+00;6.9316896e-03;2.5000000e+00;1.1123410e-02;2.5000000e+00;1.9850148e-02;2.5000000e+00;3.3082474e-02;2.5000000e+00;4.9794018e-02;2.5000000e+00;7.0049495e-02;2.5000000e+00;9.3210608e-02;2.5000000e+00;1.1775054e-01;2.5000000e+00;1.4294396e-01;2.5000000e+00;1.6552767e-01;2.5000000e+00;1.9112691e-01;2.5000000e+00;2.1388280e-01;2.5000000e+00;2.2592059e-01;2.5000000e+00;2.1338198e-01;2.5000000e+00;1.8047769e-01;2.5000000e+00;1.3494475e-01;2.5000000e+00;8.8037282e-02;2.5000000e+00;4.5396894e-02;2.5000000e+00;6.9316896e-03;2.5000000e+00;1.1123410e-02;2.5000000e+00;1.9850148e-02;2.5000000e+00;3.3082474e-02;2.5000000e+00;4.9794018e-02;2.5000000e+00;7.0049495e-02;2.5000000e+00;9.3210608e-02;2.5000000e+00;1.1775054e-01;2.5000000e+00;1.4294396e-01;2.5000000e+00;1.6552767e-01;2.5000000e+00;1.9112691e-01;2.5000000e+00;2.1388280e-01;2.5000000e+00;2.2592059e-01;2.5000000e+00;2.1338198e-01;2.5000000e+00;1.8047769e-01;2.5000000e+00;1.3494475e-01;2.5000000e+00;8.8037282e-02;2.5000000e+00;4.5396894e-02;2.5000000e+00;6.9316896e-03;2.5000000e+00;1.1123410e-02;2.5000000e+00;1.9850148e-02;2.5000000e+00;3.3082474e-02;2.5000000e+00;4.9794018e-02;2.5000000e+00;7.0049495e-02;2.5000000e+00;9.3210608e-02;2.5000000e+00;1.1775054e-01;2.5000000e+00;1.4294396e-01;2.5000000e+00;1.6552767e-01;2.5000000e+00;1.9112691e-01;2.5000000e+00;2.1388280e-01;2.5000000e+00;2.2592059e-01;2.5000000e+00;2.1338198e-01;2.5000000e+00;1.8047769e-01;2.5000000e+00;1.3494475e-01;2.5000000e+00;8.8037282e-02;2.5000000e+00;4.5396894e-02;2.5000000e+00;6.9316896e-03;2.5000000e+00;1.1123410e-02;2.5000000e+00;1.9850148e-02;2.5000000e+00;3.3082474e-02;2.5000000e+00;4.9794018e-02;2.5000000e+00;7.0049495e-02;2.5000000e+00;9.3210608e-02;2.5000000e+00;1.1775054e-01;2.5000000e+00;1.4294396e-01;2.5000000e+00;1.6552767e-01;2.5000000e+00;1.9112691e-01;2.5000000e+00;2.1388280e-01;2.5000000e+00;2.2592059e-01;2.5000000e+00;2.1338198e-01;2.5000000e+00;1.8047769e-01;2.5000000e+00;1.3494475e-01;2.5000000e+00;8.8037282e-02;2.5000000e+00;4.5396894e-02;2.5000000e+00;6.9316896e-03;2.5000000e+00;1.1123410e-02;2.5000000e+00;1.9850148e-02;2.5000000e+00;3.3082474e-02;2.5000000e+00;4.9794018e-02;2.5000000e+00;7.0049495e-02;2.5000000e+00;9.3210608e-02;2.5000000e+00;1.1775054e-01;2.5000000e+00;1.4294396e-01;2.5000000e+00;1.6552767e-01;2.5000000e+00;1.9112691e-01;2.5000000e+00;2.1388280e-01;2.5000000e+00;2.2592059e-01;2.5000000e+00;2.1338198e-01;2.5000000e+00;1.8047769e-01;2.5000000e+00;1.3494475e-01;2.5000000e+00;8.8037282e-02;2.5000000e+00;4.5396894e-02;2.5000000e+00;6.9316896e-03;2.5000000e+00;1.1123410e-02;2.5000000e+00;1.9850148e-02;2.5000000e+00;3.3082474e-02;2.5000000e+00;4.9794018e-02;2.5000000e+00;7.0049495e-02;2.5000000e+00;9.3210608e-02;2.5000000e+00;1.1775054e-01;2.5000000e+00;1.4294396e-01;2.5000000e+00;1.6552767e-01;2.5000000e+00;1.9112691e-01;2.5000000e+00;2.1388280e-01;2.5000000e+00;2.2592059e-01;2.5000000e+00;2.1338198e-01;2.5000000e+00;1.8047769e-01;2.5000000e+00;1.3494475e-01;2.5000000e+00;8.8037282e-02;2.5000000e+00;4.5396894e-02;2.5000000e+00;6.9316896e-03;2.5000000e+00;1.1123410e-02;2.5000000e+00;1.9850148e-02;2.5000000e+00;3.3082474e-02;2.5000000e+00;4.9794018e-02;2.5000000e+00;7.0049495e-02;2.5000000e+00;9.3210608e-02;2.5000000e+00;1.1775054e-01;2.5000000e+00;1.4294396e-01;2.5000000e+00;1.6552767e-01;2.5000000e+00;1.9112691e-01;2.5000000e+00;2.1388280e-01;2.5000000e+00;2.2592059e-01;2.5000000e+00;2.1338198e-01;2.5000000e+00;1.8047769e-01;2.5000000e+00;1.3494475e-01;2.5000000e+00;8.8037282e-02;2.5000000e+00;4.5396894e-02;2.5000000e+00;6.9316896e-03;2.5000000e+00;1.1123410e-02;2.5000000e+00;1.9850148e-02;2.5000000e+00;3.3082474e-02;2.5000000e+00;4.9794018e-02;2.5000000e+00;7.0049495e-02;2.5000000e+00;9.3210608e-02;2.5000000e+00;1.1775054e-01;2.5000000e+00;1.4294396e-01;2.5000000e+00;1.6552767e-01;2.5000000e+00;1.9112691e-01;2.5000000e+00;2.1388280e-01;2.5000000e+00;2.2592059e-01;2.5000000e+00;2.1338198e-01;2.5000000e+00;1.8047769e-01;2.5000000e+00;1.3494475e-01;2.5000000e+00;8.8037282e-02;2.5000000e+00;4.5396894e-02;2.5000000e+00;6.9316896e-03;2.5000000e+00;1.1123410e-02;2.5000000e+00;1.9850148e-02;2.5000000e+00;3.3082474e-02;2.5000000e+00;4.9794018e-02;2.5000000e+00;7.0049495e-02;2.5000000e+00;9.3210608e-02;2.5000000e+00;1.1775054e-01;2.5000000e+00;1.4294396e-01;2.5000000e+00;1.6552767e-01;2.5000000e+00;1.9112691e-01;2.5000000e+00;2.1388280e-01;2.5000000e+00;2.2592059e-01;2.5000000e+00;2.1338198e-01;2.5000000e+00;1.8047769e-01;2.5000000e+00;1.3494475e-01;2.5000000e+00;8.8037282e-02;2.5000000e+00;4.5396894e-02;2.5000000e+00;6.9316896e-03;2.5000000e+00;1.1123410e-02;2.5000000e+00;1.9850148e-02;2.5000000e+00;3.3082474e-02;2.5000000e+00;4.9794018e-02;2.5000000e+00;7.0049495e-02;2.5000000e+00;9.3210608e-02;2.5000000e+00;1.1775054e-01;2.5000000e+00;1.4294396e-01;2.5000000e+00;1.6552767e-01;2.5000000e+00;1.9112691e-01;2.5000000e+00;2.1388280e-01;2.5000000e+00;2.2592059e-01;2.5000000e+00;2.1338198e-01;2.5000000e+00;1.8047769e-01;2.5000000e+00;1.3494475e-01;2.5000000e+00;8.8037282e-02;2.5000000e+00;4.5396894e-02;2.5000000e+00;6.9316896e-03;2.5000000e+00;1.1123410e-02;2.5000000e+00;1.9850148e-02;2.5000000e+00;3.3082474e-02;2.5000000e+00;4.9794018e-02;2.5000000e+00;7.0049495e-02;2.5000000e+00;9.3210608e-02;2.5000000e+00;1.1775054e-01;2.5000000e+00;1.4294396e-01;2.5000000e+00;1.6552767e-01;2.5000000e+00;1.9112691e-01;2.5000000e+00;2.1388280e-01;2.5000000e+00;2.2592059e-01;2.5000000e+00;2.1338198e-01;2.5000000e+00;1.8047769e-01;2.5000000e+00;1.3494475e-01;2.5000000e+00;8.8037282e-02;2.5000000e+00;4.5396894e-02;2.5000000e+00;6.9316896e-03;2.5000000e+00;1.1123410e-02;2.5000000e+00;1.9850148e-02;2.5000000e+00;3.3082474e-02;2.5000000e+00;4.9794018e-02;2.5000000e+00;7.0049495e-02;2.5000000e+00;9.3210608e-02;2.5000000e+00;1.1775054e-01;2.5000000e+00;1.4294396e-01;2.5000000e+00;1.6552767e-01;2.5000000e+00;1.9112691e-01;2.5000000e+00;2.1388280e-01;2.5000000e+00;2.2592059e-01;2.5000000e+00;2.1338198e-01;2.5000000e+00;1.8047769e-01;2.5000000e+00;1.3494475e-01;2.5000000e+00;8.8037282e-02;2.5000000e+00;4.5396894e-02;2.5000000e+00;6.9316896e-03;2.5000000e+00;1.1123410e-02;2.5000000e+00;1.9850148e-02;2.5000000e+00;3.3082474e-02;2.5000000e+00;4.9794018e-02;2.5000000e+00;7.0049495e-02;2.5000000e+00;9.3210608e-02;2.5000000e+00;1.1775054e-01;2.5000000e+00;1.4294396e-01;2.5000000e+00;1.6552767e-01;2.5000000e+00;1.9112691e-01;2.5000000e+00;2.1388280e-01;2.5000000e+00;2.2592059e-01;2.5000000e+00;2.1338198e-01;2.5000000e+00;1.8047769e-01;2.5000000e+00;1.3494475e-01;2.5000000e+00;8.8037282e-02;2.5000000e+00;4.5396894e-02;2.5000000e+00;6.9316896e-03;2.5000000e+00;1.1123410e-02;2.5000000e+00;1.9850148e-02;2.5000000e+00;3.3082474e-02;2.5000000e+00;4.9794018e-02;2.5000000e+00;7.0049495e-02;2.5000000e+00;9.3210608e-02;2.5000000e+00;1.1775054e-01;2.5000000e+00;1.4294396e-01;2.5000000e+00;1.6552767e-01;2.5000000e+00;1.9112691e-01;2.5000000e+00;2.1388280e-01;2.5000000e+00;2.2592059e-01;2.5000000e+00;2.1338198e-01;2.5000000e+00;1.8047769e-01;2.5000000e+00;1.3494475e-01;2.5000000e+00;8.8037282e-02;2.5000000e+00;4.5396894e-02;2.5000000e+00;6.9316896e-03;2.5000000e+00;1.1123410e-02;2.5000000e+00;1.9850148e-02;2.5000000e+00;3.3082474e-02;2.5000000e+00;4.9794018e-02;2.5000000e+00;7.0049495e-02;2.5000000e+00;9.3210608e-02;2.5000000e+00;1.1775054e-01;2.5000000e+00;1.4294396e-01;2.5000000e+00;1.6552767e-01;2.5000000e+00;1.9112691e-01;2.5000000e+00;2.1388280e-01;2.5000000e+00;2.2592059e-01;2.5000000e+00;2.1338198e-01;2.5000000e+00;1.8047769e-01;2.5000000e+00;1.3494475e-01;2.5000000e+00;8.8037282e-02;2.5000000e+00;4.5396894e-02;2.5000000e+00;6.9316896e-03;2.5000000e+00;1.1123410e-02;2.5000000e+00;1.9850148e-02;2.5000000e+00;3.3082474e-02;2.5000000e+00;4.9794018e-02;2.5000000e+00;7.0049495e-02;2.5000000e+00;9.3210608e-02;2.5000000e+00;1.1775054e-01;2.5000000e+00;1.4294396e-01;2.5000000e+00;1.6552767e-01;2.5000000e+00;1.9112691e-01;2.5000000e+00;2.1388280e-01;2.5000000e+00;2.2592059e-01;2.5000000e+00;2.1338198e-01;2.5000000e+00;1.8047769e-01;2.5000000e+00;1.3494475e-01;2.5000000e+00;8.8037282e-02;2.5000000e+00;4.5396894e-02;2.5000000e+00;6.9316896e-03;2.5000000e+00;1.1123410e-02;2.5000000e+00;1.9850148e-02;2.5000000e+00;3.3082474e-02;2.5000000e+00;4.9794018e-02;2.5000000e+00;7.0049495e-02;2.5000000e+00;9.3210608e-02;2.5000000e+00;1.1775054e-01;2.5000000e+00;1.4294396e-01;2.5000000e+00;1.6552767e-01;2.5000000e+00;1.9112691e-01;2.5000000e+00;2.1388280e-01;2.5000000e+00;2.2592059e-01;2.5000000e+00;2.1338198e-01;2.5000000e+00;1.8047769e-01;2.5000000e+00;1.3494475e-01;2.5000000e+00;8.8037282e-02;2.5000000e+00;4.5396894e-02;2.5000000e+00;6.9316896e-03;2.5000000e+00;1.1123410e-02;2.5000000e+00;1.9850148e-02;2.5000000e+00;3.3082474e-02;2.5000000e+00;4.9794018e-02;2.5000000e+00;7.0049495e-02;2.5000000e+00;9.3210608e-02;2.5000000e+00;1.1775054e-01;2.5000000e+00;1.4294396e-01;2.5000000e+00;1.6552767e-01;2.5000000e+00;1.9112691e-01;2.5000000e+00;2.1388280e-01;2.5000000e+00;2.2592059e-01;2.5000000e+00;2.1338198e-01;2.5000000e+00;1.8047769e-01;2.5000000e+00;1.3494475e-01;2.5000000e+00;8.8037282e-02;2.5000000e+00;4.5396894e-02;2.5000000e+00;6.9316896e-03;2.5000000e+00;1.1123410e-02;2.5000000e+00;1.9850148e-02;2.5000000e+00;3.3082474e-02;2.5000000e+00;4.9794018e-02;2.5000000e+00;7.0049495e-02;2.5000000e+00;9.3210608e-02;2.5000000e+00;1.1775054e-01;2.5000000e+00;1.4294396e-01;2.5000000e+00;1.6552767e-01;2.5000000e+00;1.9112691e-01;2.5000000e+00;2.1388280e-01;2.5000000e+00;2.2592059e-01;2.5000000e+00;2.1338198e-01;2.5000000e+00;1.8047769e-01;2.5000000e+00;1.3494475e-01;2.5000000e+00;8.8037282e-02;2.5000000e+00;4.5396894e-02;2.5000000e+00;6.9316896e-03;2.5000000e+00;1.1123410e-02;2.5000000e+00;1.9850148e-02;2.5000000e+00;3.3082474e-02;2.5000000e+00;4.9794018e-02;2.5000000e+00;7.0049495e-02;2.5000000e+00;9.3210608e-02;2.5000000e+00;1.1775054e-01;2.5000000e+00;1.4294396e-01;2.5000000e+00;1.6552767e-01;2.5000000e+00;1.9112691e-01;2.5000000e+00;2.1388280e-01;2.5000000e+00;2.2592059e-01;2.5000000e+00;2.1338198e-01;2.5000000e+00;1.8047769e-01;2.5000000e+00;1.3494475e-01;2.5000000e+00;8.8037282e-02;2.5000000e+00;4.5396894e-02;2.5000000e+00;6.9316896e-03;2.5000000e+00;1.1123410e-02;2.5000000e+00;1.9850148e-02;2.5000000e+00;3.3082474e-02;2.5000000e+00;4.9794018e-02;2.5000000e+00;7.0049495e-02;2.5000000e+00;9.3210608e-02;2.5000000e+00;1.1775054e-01;2.5000000e+00;1.4294396e-01;2.5000000e+00;1.6552767e-01;2.5000000e+00;1.9112691e-01;2.5000000e+00;2.1388280e-01;2.5000000e+00;2.2592059e-01;2.5000000e+00;2.1338198e-01;2.5000000e+00;1.8047769e-01;2.5000000e+00;1.3494475e-01;2.5000000e+00;8.8037282e-02;2.5000000e+00;4.5396894e-02;2.5000000e+00;6.9316896e-03;2.5000000e+00;1.1123410e-02;2.5000000e+00;1.9850148e-02;2.5000000e+00;3.3082474e-02;2.5000000e+00;4.9794018e-02;2.5000000e+00;7.0049495e-02;2.5000000e+00;9.3210608e-02;2.5000000e+00;1.1775054e-01;2.5000000e+00;1.4294396e-01;2.5000000e+00;1.6552767e-01;2.5000000e+00;1.9112691e-01;2.5000000e+00;2.1388280e-01;2.5000000e+00;2.2592059e-01;2.5000000e+00;2.1338198e-01;2.5000000e+00;1.8047769e-01;2.5000000e+00;1.3494475e-01;2.5000000e+00;8.8037282e-02;2.5000000e+00;4.5396894e-02;2.5000000e+00;6.9316896e-03;2.5000000e+00;1.1123410e-02;2.5000000e+00;1.9850148e-02;2.5000000e+00;3.3082474e-02;2.5000000e+00;4.9794018e-02;2.5000000e+00;7.0049495e-02;2.5000000e+00;9.3210608e-02;2.5000000e+00;1.1775054e-01;2.5000000e+00;1.4294396e-01;2.5000000e+00;1.6552767e-01;2.5000000e+00;1.9112691e-01;2.5000000e+00;2.1388280e-01;2.5000000e+00;2.2592059e-01;2.5000000e+00;2.1338198e-01;2.5000000e+00;1.8047769e-01;2.5000000e+00;1.3494475e-01;2.5000000e+00;8.8037282e-02;2.5000000e+00;4.5396894e-02;2.5000000e+00;6.9316896e-03;2.5000000e+00;1.1123410e-02;2.5000000e+00;1.9850148e-02;2.5000000e+00;3.3082474e-02;2.5000000e+00;4.9794018e-02;2.5000000e+00;7.0049495e-02;2.5000000e+00;9.3210608e-02;2.5000000e+00;1.1775054e-01;2.5000000e+00;1.4294396e-01;2.5000000e+00;1.6552767e-01;2.5000000e+00;1.9112691e-01;2.5000000e+00;2.1388280e-01;2.5000000e+00;2.2592059e-01;2.5000000e+00;2.1338198e-01;2.5000000e+00;1.8047769e-01;2.5000000e+00;1.3494475e-01;2.5000000e+00;8.8037282e-02;2.5000000e+00;4.5396894e-02;2.5000000e+00;6.9316896e-03;2.5000000e+00;1.1123410e-02;2.5000000e+00;1.9850148e-02;2.5000000e+00;3.3082474e-02;2.5000000e+00;4.9794018e-02;2.5000000e+00;7.0049495e-02;2.5000000e+00;9.3210608e-02;2.5000000e+00;1.1775054e-01;2.5000000e+00;1.4294396e-01;2.5000000e+00;1.6552767e-01;2.5000000e+00;1.9112691e-01;2.5000000e+00;2.1388280e-01;2.5000000e+00;2.2592059e-01;2.5000000e+00;2.1338198e-01;2.5000000e+00;1.8047769e-01;2.5000000e+00;1.3494475e-01;2.5000000e+00;8.8037282e-02;2.5000000e+00;4.5396894e-02;2.5000000e+00;6.9316896e-03;2.5000000e+00;1.1123410e-02;2.5000000e+00;1.9850148e-02;2.5000000e+00;3.3082474e-02;2.5000000e+00;4.9794018e-02;2.5000000e+00;7.0049495e-02;2.5000000e+00;9.3210608e-02;2.5000000e+00;1.1775054e-01;2.5000000e+00;1.4294396e-01;2.5000000e+00;1.6552767e-01;2.5000000e+00;1.9112691e-01;2.5000000e+00;2.1388280e-01;2.5000000e+00;2.2592059e-01;2.5000000e+00;2.1338198e-01;2.5000000e+00;1.8047769e-01;2.5000000e+00;1.3494475e-01;2.5000000e+00;8.8037282e-02;2.5000000e+00;4.5396894e-02;2.5000000e+00;6.9316896e-03;2.5000000e+00;1.1123410e-02;2.5000000e+00;1.9850148e-02;2.5000000e+00;3.3082474e-02;2.5000000e+00;4.9794018e-02;2.5000000e+00;7.0049495e-02;2.5000000e+00;9.3210608e-02;2.5000000e+00;1.1775054e-01;2.5000000e+00;1.4294396e-01;2.5000000e+00;1.6552767e-01;2.5000000e+00;1.9112691e-01;2.5000000e+00;2.1388280e-01;2.5000000e+00;2.2592059e-01;2.5000000e+00;2.1338198e-01;2.5000000e+00;1.8047769e-01;2.5000000e+00;1.3494475e-01;2.5000000e+00;8.8037282e-02;2.5000000e+00;4.5396894e-02;2.5000000e+00;6.9316896e-03;2.5000000e+00;1.1123410e-02;2.5000000e+00;1.9850148e-02;2.5000000e+00;3.3082474e-02;2.5000000e+00;4.9794018e-02;2.5000000e+00;7.0049495e-02;2.5000000e+00;9.3210608e-02;2.5000000e+00;1.1775054e-01;2.5000000e+00;1.4294396e-01;2.5000000e+00;1.6552767e-01;2.5000000e+00;1.9112691e-01;2.5000000e+00;2.1388280e-01;2.5000000e+00;2.2592059e-01;2.5000000e+00;2.1338198e-01;2.5000000e+00;1.8047769e-01;2.5000000e+00;1.3494475e-01;2.5000000e+00;8.8037282e-02;2.5000000e+00;4.5396894e-02;2.5000000e+00;6.9316896e-03;2.5000000e+00;1.1123410e-02;2.5000000e+00;1.9850148e-02;2.5000000e+00;3.3082474e-02;2.5000000e+00;4.9794018e-02;2.5000000e+00;7.0049495e-02;2.5000000e+00;9.3210608e-02;2.5000000e+00;1.1775054e-01;2.5000000e+00;1.4294396e-01;2.5000000e+00;1.6552767e-01;2.5000000e+00;1.9112691e-01;2.5000000e+00;2.1388280e-01;2.5000000e+00;2.2592059e-01;2.5000000e+00;2.1338198e-01;2.5000000e+00;1.8047769e-01;2.5000000e+00;1.3494475e-01;2.5000000e+00;8.8037282e-02;2.5000000e+00;4.5396894e-02;2.5000000e+00;6.9316896e-03;2.5000000e+00;1.1123410e-02;2.5000000e+00;1.9850148e-02;2.5000000e+00;3.3082474e-02;2.5000000e+00;4.9794018e-02;2.5000000e+00;7.0049495e-02;2.5000000e+00;9.3210608e-02;2.5000000e+00;1.1775054e-01;2.5000000e+00;1.4294396e-01;2.5000000e+00;1.6552767e-01;2.5000000e+00;1.9112691e-01;2.5000000e+00;2.1388280e-01;2.5000000e+00;2.2592059e-01;2.5000000e+00;2.1338198e-01;2.5000000e+00;1.8047769e-01;2.5000000e+00;1.3494475e-01;2.5000000e+00;8.8037282e-02;2.5000000e+00;4.5396894e-02;2.5000000e+00;6.9316896e-03;2.5000000e+00;1.1123410e-02;2.5000000e+00;1.9850148e-02;2.5000000e+00;3.3082474e-02;2.5000000e+00;4.9794018e-02;2.5000000e+00;7.0049495e-02;2.5000000e+00;9.3210608e-02;2.5000000e+00;1.1775054e-01;2.5000000e+00;1.4294396e-01;2.5000000e+00;1.6552767e-01;2.5000000e+00;1.9112691e-01;2.5000000e+00;2.1388280e-01;2.5000000e+00;2.2592059e-01;2.5000000e+00;2.1338198e-01;2.5000000e+00;1.8047769e-01;2.5000000e+00;1.3494475e-01;2.5000000e+00;8.8037282e-02;2.5000000e+00;4.5396894e-02;2.5000000e+00;6.9316896e-03;2.5000000e+00;1.1123410e-02;2.5000000e+00;1.9850148e-02;2.5000000e+00;3.3082474e-02;2.5000000e+00;4.9794018e-02;2.5000000e+00;7.0049495e-02;2.5000000e+00;9.3210608e-02;2.5000000e+00;1.1775054e-01;2.5000000e+00;1.4294396e-01;2.5000000e+00;1.6552767e-01;2.5000000e+00;1.9112691e-01;2.5000000e+00;2.1388280e-01;2.5000000e+00;2.2592059e-01;2.5000000e+00;2.1338198e-01;2.5000000e+00;1.8047769e-01;2.5000000e+00;1.3494475e-01;2.5000000e+00;8.8037282e-02;2.5000000e+00;4.5396894e-02;2.5000000e+00;6.9316896e-03;2.5000000e+00;1.1123410e-02;2.5000000e+00;1.9850148e-02;2.5000000e+00;3.3082474e-02;2.5000000e+00;4.9794018e-02;2.5000000e+00;7.0049495e-02;2.5000000e+00;9.3210608e-02;2.5000000e+00;1.1775054e-01;2.5000000e+00;1.4294396e-01;2.5000000e+00;1.6552767e-01;2.5000000e+00;1.9112691e-01;2.5000000e+00;2.1388280e-01;2.5000000e+00;2.2592059e-01;2.5000000e+00;2.1338198e-01;2.5000000e+00;1.8047769e-01;2.5000000e+00;1.3494475e-01;2.5000000e+00;8.8037282e-02;2.5000000e+00;4.5396894e-02;2.5000000e+00;6.9316896e-03;2.5000000e+00;1.1123410e-02;2.5000000e+00;1.9850148e-02;2.5000000e+00;3.3082474e-02;2.5000000e+00;4.9794018e-02;2.5000000e+00;7.0049495e-02;2.5000000e+00;9.3210608e-02;2.5000000e+00;1.1775054e-01;2.5000000e+00;1.4294396e-01;2.5000000e+00;1.6552767e-01;2.5000000e+00;1.9112691e-01;2.5000000e+00;2.1388280e-01;2.5000000e+00;2.2592059e-01;2.5000000e+00;2.1338198e-01;2.5000000e+00;1.8047769e-01;2.5000000e+00;1.3494475e-01;2.5000000e+00;8.8037282e-02;2.5000000e+00;4.5396894e-02;2.5000000e+00;6.9316896e-03;2.5000000e+00;1.1123410e-02;2.5000000e+00;1.9850148e-02;2.5000000e+00;3.3082474e-02;2.5000000e+00;4.9794018e-02;2.5000000e+00;7.0049495e-02;2.5000000e+00;9.3210608e-02;2.5000000e+00;1.1775054e-01;2.5000000e+00;1.4294396e-01;2.5000000e+00;1.6552767e-01;2.5000000e+00;1.9112691e-01;2.5000000e+00;2.1388280e-01;2.5000000e+00;2.2592059e-01;2.5000000e+00;2.1338198e-01;2.5000000e+00;1.8047769e-01;2.5000000e+00;1.3494475e-01;2.5000000e+00;8.8037282e-02;2.5000000e+00;4.5396894e-02;2.5000000e+00;6.9316896e-03;2.5000000e+00;1.1123410e-02;2.5000000e+00;1.9850148e-02;2.5000000e+00;3.3082474e-02;2.5000000e+00;4.9794018e-02;2.5000000e+00;7.0049495e-02;2.5000000e+00;9.3210608e-02;2.5000000e+00;1.1775054e-01;2.5000000e+00;1.4294396e-01;2.5000000e+00;1.6552767e-01;2.5000000e+00;1.9112691e-01;2.5000000e+00;2.1388280e-01;2.5000000e+00;2.2592059e-01;2.5000000e+00;2.1338198e-01;2.5000000e+00;1.8047769e-01;2.5000000e+00;1.3494475e-01;2.5000000e+00;8.8037282e-02;2.5000000e+00;4.5396894e-02;2.5000000e+00;6.9316896e-03;2.5000000e+00;1.1123410e-02;2.5000000e+00;1.9850148e-02;2.5000000e+00;3.3082474e-02;2.5000000e+00;4.9794018e-02;2.5000000e+00;7.0049495e-02;2.5000000e+00;9.3210608e-02;2.5000000e+00;1.1775054e-01;2.5000000e+00;1.4294396e-01;2.5000000e+00;1.6552767e-01;2.5000000e+00;1.9112691e-01;2.5000000e+00;2.1388280e-01;2.5000000e+00;2.2592059e-01;2.5000000e+00;2.1338198e-01;2.5000000e+00;1.8047769e-01;2.5000000e+00;1.3494475e-01;2.5000000e+00;8.8037282e-02;2.5000000e+00;4.5396894e-02;2.5000000e+00;6.9316896e-03;2.5000000e+00;1.1123410e-02;2.5000000e+00;1.9850148e-02;2.5000000e+00;3.3082474e-02;2.5000000e+00;4.9794018e-02;2.5000000e+00;7.0049495e-02;2.5000000e+00;9.3210608e-02;2.5000000e+00;1.1775054e-01;2.5000000e+00;1.4294396e-01;2.5000000e+00;1.6552767e-01;2.5000000e+00;1.9112691e-01;2.5000000e+00;2.1388280e-01;2.5000000e+00;2.2592059e-01;2.5000000e+00;2.1338198e-01;2.5000000e+00;1.8047769e-01;2.5000000e+00;1.3494475e-01;2.5000000e+00;8.8037282e-02;2.5000000e+00;4.5396894e-02;2.5000000e+00;6.9316896e-03;2.5000000e+00;1.1123410e-02;2.5000000e+00;1.9850148e-02;2.5000000e+00;3.3082474e-02;2.5000000e+00;4.9794018e-02;2.5000000e+00;7.0049495e-02;2.5000000e+00;9.3210608e-02;2.5000000e+00;1.1775054e-01;2.5000000e+00;1.4294396e-01;2.5000000e+00;1.6552767e-01;2.5000000e+00;1.9112691e-01;2.5000000e+00;2.1388280e-01;2.5000000e+00;2.2592059e-01;2.5000000e+00;2.1338198e-01;2.5000000e+00;1.8047769e-01;2.5000000e+00;1.3494475e-01;2.5000000e+00;8.8037282e-02;2.5000000e+00;4.5396894e-02;2.5000000e+00;6.9316896e-03;2.5000000e+00;1.1123410e-02;2.5000000e+00;1.9850148e-02;2.5000000e+00;3.3082474e-02;2.5000000e+00;4.9794018e-02;2.5000000e+00;7.0049495e-02;2.5000000e+00;9.3210608e-02;2.5000000e+00;1.1775054e-01;2.5000000e+00;1.4294396e-01;2.5000000e+00;1.6552767e-01;2.5000000e+00;1.9112691e-01;2.5000000e+00;2.1388280e-01;2.5000000e+00;2.2592059e-01;2.5000000e+00;2.1338198e-01;2.5000000e+00;1.8047769e-01;2.5000000e+00;1.3494475e-01;2.5000000e+00;8.8037282e-02;2.5000000e+00;4.5396894e-02;2.5000000e+00;6.9316896e-03;2.5000000e+00;1.1123410e-02;2.5000000e+00;1.9850148e-02;2.5000000e+00;3.3082474e-02;2.5000000e+00;4.9794018e-02;2.5000000e+00;7.0049495e-02;2.5000000e+00;9.3210608e-02;2.5000000e+00;1.1775054e-01;2.5000000e+00;1.4294396e-01;2.5000000e+00;1.6552767e-01;2.5000000e+00;1.9112691e-01;2.5000000e+00;2.1388280e-01;2.5000000e+00;2.2592059e-01;2.5000000e+00;2.1338198e-01;2.5000000e+00;1.8047769e-01;2.5000000e+00;1.3494475e-01;2.5000000e+00;8.8037282e-02;2.5000000e+00;4.5396894e-02;2.5000000e+00;6.9316896e-03;2.5000000e+00;1.1123410e-02;2.5000000e+00;1.9850148e-02;2.5000000e+00;3.3082474e-02;2.5000000e+00;4.9794018e-02;2.5000000e+00;7.0049495e-02;2.5000000e+00;9.3210608e-02;2.5000000e+00;1.1775054e-01;2.5000000e+00;1.4294396e-01;2.5000000e+00;1.6552767e-01;2.5000000e+00;1.9112691e-01;2.5000000e+00;2.1388280e-01;2.5000000e+00;2.2592059e-01;2.5000000e+00;2.1338198e-01;2.5000000e+00;1.8047769e-01;2.5000000e+00;1.3494475e-01;2.5000000e+00;8.8037282e-02;2.5000000e+00;4.5396894e-02;2.5000000e+00;6.9316896e-03;2.5000000e+00;1.1123410e-02;2.5000000e+00;1.9850148e-02;2.5000000e+00;3.3082474e-02;2.5000000e+00;4.9794018e-02;2.5000000e+00;7.0049495e-02;2.5000000e+00;9.3210608e-02;2.5000000e+00;1.1775054e-01;2.5000000e+00;1.4294396e-01;2.5000000e+00;1.6552767e-01;2.5000000e+00;1.9112691e-01;2.5000000e+00;2.1388280e-01;2.5000000e+00;2.2592059e-01;2.5000000e+00;2.1338198e-01;2.5000000e+00;1.8047769e-01;2.5000000e+00;1.3494475e-01;2.5000000e+00;8.8037282e-02;2.5000000e+00;4.5396894e-02;2.5000000e+00;6.9316896e-03;2.5000000e+00;1.1123410e-02;2.5000000e+00;1.9850148e-02;2.5000000e+00;3.3082474e-02;2.5000000e+00;4.9794018e-02;2.5000000e+00;7.0049495e-02;2.5000000e+00;9.3210608e-02;2.5000000e+00;1.1775054e-01;2.5000000e+00;1.4294396e-01;2.5000000e+00;1.6552767e-01;2.5000000e+00;1.9112691e-01;2.5000000e+00;2.1388280e-01;2.5000000e+00;2.2592059e-01;2.5000000e+00;2.1338198e-01;2.5000000e+00;1.8047769e-01;2.5000000e+00;1.3494475e-01;2.5000000e+00;8.8037282e-02;2.5000000e+00;4.5396894e-02;2.5000000e+00;6.9316896e-03;2.5000000e+00;1.1123410e-02;2.5000000e+00;1.9850148e-02;2.5000000e+00;3.3082474e-02;2.5000000e+00;4.9794018e-02;2.5000000e+00;7.0049495e-02;2.5000000e+00;9.3210608e-02;2.5000000e+00;1.1775054e-01;2.5000000e+00;1.4294396e-01;2.5000000e+00;1.6552767e-01;2.5000000e+00;1.9112691e-01;2.5000000e+00;2.1388280e-01;2.5000000e+00;2.2592059e-01;2.5000000e+00;2.1338198e-01;2.5000000e+00;1.8047769e-01;2.5000000e+00;1.3494475e-01;2.5000000e+00;8.8037282e-02;2.5000000e+00;4.5396894e-02;2.5000000e+00;6.9316896e-03;2.5000000e+00;1.1123410e-02;2.5000000e+00;1.9850148e-02;2.5000000e+00;3.3082474e-02;2.5000000e+00;4.9794018e-02;2.5000000e+00;7.0049495e-02;2.5000000e+00;9.3210608e-02;2.5000000e+00;1.1775054e-01;2.5000000e+00;1.4294396e-01;2.5000000e+00;1.6552767e-01;2.5000000e+00;1.9112691e-01;2.5000000e+00;2.1388280e-01;2.5000000e+00;2.2592059e-01;2.5000000e+00;2.1338198e-01;2.5000000e+00;1.8047769e-01;2.5000000e+00;1.3494475e-01;2.5000000e+00;8.8037282e-02;2.5000000e+00;4.5396894e-02;2.5000000e+00;6.9316896e-03;2.5000000e+00;1.1123410e-02;2.5000000e+00;1.9850148e-02;2.5000000e+00;3.3082474e-02;2.5000000e+00;4.9794018e-02;2.5000000e+00;7.0049495e-02;2.5000000e+00;9.3210608e-02;2.5000000e+00;1.1775054e-01;2.5000000e+00;1.4294396e-01;2.5000000e+00;1.6552767e-01;2.5000000e+00;1.9112691e-01;2.5000000e+00;2.1388280e-01;2.5000000e+00;2.2592059e-01;2.5000000e+00;2.1338198e-01;2.5000000e+00;1.8047769e-01;2.5000000e+00;1.3494475e-01;2.5000000e+00;8.8037282e-02;2.5000000e+00;4.5396894e-02;2.5000000e+00;6.9316896e-03;2.5000000e+00;1.1123410e-02;2.5000000e+00;1.9850148e-02;2.5000000e+00;3.3082474e-02;2.5000000e+00;4.9794018e-02;2.5000000e+00;7.0049495e-02;2.5000000e+00;9.3210608e-02;2.5000000e+00;1.1775054e-01;2.5000000e+00;1.4294396e-01;2.5000000e+00;1.6552767e-01;2.5000000e+00;1.9112691e-01;2.5000000e+00;2.1388280e-01;2.5000000e+00;2.2592059e-01;2.5000000e+00;2.1338198e-01;2.5000000e+00;1.8047769e-01;2.5000000e+00;1.3494475e-01;2.5000000e+00;8.8037282e-02;2.5000000e+00;4.5396894e-02;2.5000000e+00;6.9316896e-03;2.5000000e+00;1.1123410e-02;2.5000000e+00;1.9850148e-02;2.5000000e+00;3.3082474e-02;2.5000000e+00;4.9794018e-02;2.5000000e+00;7.0049495e-02;2.5000000e+00;9.3210608e-02;2.5000000e+00;1.1775054e-01;2.5000000e+00;1.4294396e-01;2.5000000e+00;1.6552767e-01;2.5000000e+00;1.9112691e-01;2.5000000e+00;2.1388280e-01;2.5000000e+00;2.2592059e-01;2.5000000e+00;2.1338198e-01;2.5000000e+00;1.8047769e-01;2.5000000e+00;1.3494475e-01;2.5000000e+00;8.8037282e-02;2.5000000e+00;4.5396894e-02;2.5000000e+00;6.9316896e-03;2.5000000e+00;1.1123410e-02;2.5000000e+00;1.9850148e-02;2.5000000e+00;3.3082474e-02;2.5000000e+00;4.9794018e-02;2.5000000e+00;7.0049495e-02;2.5000000e+00;9.3210608e-02;2.5000000e+00;1.1775054e-01;2.5000000e+00;1.4294396e-01;2.5000000e+00;1.6552767e-01;2.5000000e+00;1.9112691e-01;2.5000000e+00;2.1388280e-01;2.5000000e+00;2.2592059e-01;2.5000000e+00;2.1338198e-01;2.5000000e+00;1.8047769e-01;2.5000000e+00;1.3494475e-01;2.5000000e+00;8.8037282e-02;2.5000000e+00;4.5396894e-02;2.5000000e+00;6.9316896e-03;2.5000000e+00;1.1123410e-02;2.5000000e+00;1.9850148e-02;2.5000000e+00;3.3082474e-02;2.5000000e+00;4.9794018e-02;2.5000000e+00;7.0049495e-02;2.5000000e+00;9.3210608e-02;2.5000000e+00;1.1775054e-01;2.5000000e+00;1.4294396e-01;2.5000000e+00;1.6552767e-01;2.5000000e+00;1.9112691e-01;2.5000000e+00;2.1388280e-01;2.5000000e+00;2.2592059e-01;2.5000000e+00;2.1338198e-01;2.5000000e+00;1.8047769e-01;2.5000000e+00;1.3494475e-01;2.5000000e+00;8.8037282e-02;2.5000000e+00;4.5396894e-02;2.5000000e+00;6.9316896e-03;2.5000000e+00;1.1123410e-02;2.5000000e+00;1.9850148e-02;2.5000000e+00;3.3082474e-02;2.5000000e+00;4.9794018e-02;2.5000000e+00;7.0049495e-02;2.5000000e+00;9.3210608e-02;2.5000000e+00;1.1775054e-01;2.5000000e+00;1.4294396e-01;2.5000000e+00;1.6552767e-01;2.5000000e+00;1.9112691e-01;2.5000000e+00;2.1388280e-01;2.5000000e+00;2.2592059e-01;2.5000000e+00;2.1338198e-01;2.5000000e+00;1.8047769e-01;2.5000000e+00;1.3494475e-01;2.5000000e+00;8.8037282e-02;2.5000000e+00;4.5396894e-02;2.5000000e+00;6.9316896e-03;2.5000000e+00;1.1123410e-02;2.5000000e+00;1.9850148e-02;2.5000000e+00;3.3082474e-02;2.5000000e+00;4.9794018e-02;2.5000000e+00;7.0049495e-02;2.5000000e+00;9.3210608e-02;2.5000000e+00;1.1775054e-01;2.5000000e+00;1.4294396e-01;2.5000000e+00;1.6552767e-01;2.5000000e+00;1.9112691e-01;2.5000000e+00;2.1388280e-01;2.5000000e+00;2.2592059e-01;2.5000000e+00;2.1338198e-01;2.5000000e+00;1.8047769e-01;2.5000000e+00;1.3494475e-01;2.5000000e+00;8.8037282e-02;2.5000000e+00;4.5396894e-02;2.5000000e+00;6.9316896e-03;2.5000000e+00;1.1123410e-02;2.5000000e+00;1.9850148e-02;2.5000000e+00;3.3082474e-02;2.5000000e+00;4.9794018e-02;2.5000000e+00;7.0049495e-02;2.5000000e+00;9.3210608e-02;2.5000000e+00;1.1775054e-01;2.5000000e+00;1.4294396e-01;2.5000000e+00;1.6552767e-01;2.5000000e+00;1.9112691e-01;2.5000000e+00;2.1388280e-01;2.5000000e+00;2.2592059e-01;2.5000000e+00;2.1338198e-01;2.5000000e+00;1.8047769e-01;2.5000000e+00;1.3494475e-01;2.5000000e+00;8.8037282e-02;2.5000000e+00;4.5396894e-02;2.5000000e+00;6.9316896e-03;2.5000000e+00;1.1123410e-02;2.5000000e+00;1.9850148e-02;2.5000000e+00;3.3082474e-02;2.5000000e+00;4.9794018e-02;2.5000000e+00;7.0049495e-02;2.5000000e+00;9.3210608e-02;2.5000000e+00;1.1775054e-01;2.5000000e+00;1.4294396e-01;2.5000000e+00;1.6552767e-01;2.5000000e+00;1.9112691e-01;2.5000000e+00;2.1388280e-01;2.5000000e+00;2.2592059e-01;2.5000000e+00;2.1338198e-01;2.5000000e+00;1.8047769e-01;2.5000000e+00;1.3494475e-01;2.5000000e+00;8.8037282e-02;2.5000000e+00;4.5396894e-02;2.5000000e+00;6.9316896e-03;2.5000000e+00;1.1123410e-02;2.5000000e+00;1.9850148e-02;2.5000000e+00;3.3082474e-02;2.5000000e+00;4.9794018e-02;2.5000000e+00;7.0049495e-02;2.5000000e+00;9.3210608e-02;2.5000000e+00;1.1775054e-01;2.5000000e+00;1.4294396e-01;2.5000000e+00;1.6552767e-01;2.5000000e+00;1.9112691e-01;2.5000000e+00;2.1388280e-01;2.5000000e+00;2.2592059e-01;2.5000000e+00;2.1338198e-01;2.5000000e+00;1.8047769e-01;2.5000000e+00;1.3494475e-01;2.5000000e+00;8.8037282e-02;2.5000000e+00;4.5396894e-02;2.5000000e+00;6.9316896e-03;2.5000000e+00;1.1123410e-02;2.5000000e+00;1.9850148e-02;2.5000000e+00;3.3082474e-02;2.5000000e+00;4.9794018e-02;2.5000000e+00;7.0049495e-02;2.5000000e+00;9.3210608e-02;2.5000000e+00;1.1775054e-01;2.5000000e+00;1.4294396e-01;2.5000000e+00;1.6552767e-01;2.5000000e+00;1.9112691e-01;2.5000000e+00;2.1388280e-01;2.5000000e+00;2.2592059e-01;2.5000000e+00;2.1338198e-01;2.5000000e+00;1.8047769e-01;2.5000000e+00;1.3494475e-01;2.5000000e+00;8.8037282e-02;2.5000000e+00;4.5396894e-02;2.5000000e+00;6.9316896e-03;2.5000000e+00;1.1123410e-02;2.5000000e+00;1.9850148e-02;2.5000000e+00;3.3082474e-02;2.5000000e+00;4.9794018e-02;2.5000000e+00;7.0049495e-02;2.5000000e+00;9.3210608e-02;2.5000000e+00;1.1775054e-01;2.5000000e+00;1.4294396e-01;2.5000000e+00;1.6552767e-01;2.5000000e+00;1.9112691e-01;2.5000000e+00;2.1388280e-01;2.5000000e+00;2.2592059e-01;2.5000000e+00;2.1338198e-01;2.5000000e+00;1.8047769e-01;2.5000000e+00;1.3494475e-01;2.5000000e+00;8.8037282e-02;2.5000000e+00;4.5396894e-02;2.5000000e+00;6.9316896e-03;2.5000000e+00;1.1123410e-02;2.5000000e+00;1.9850148e-02;2.5000000e+00;3.3082474e-02;2.5000000e+00;4.9794018e-02;2.5000000e+00;7.0049495e-02;2.5000000e+00;9.3210608e-02;2.5000000e+00;1.1775054e-01;2.5000000e+00;1.4294396e-01;2.5000000e+00;1.6552767e-01;2.5000000e+00;1.9112691e-01;2.5000000e+00;2.1388280e-01;2.5000000e+00;2.2592059e-01;2.5000000e+00;2.1338198e-01;2.5000000e+00;1.8047769e-01;2.5000000e+00;1.3494475e-01;2.5000000e+00;8.8037282e-02;2.5000000e+00;4.5396894e-02;2.5000000e+00;6.9316896e-03;2.5000000e+00;1.1123410e-02;2.5000000e+00;1.9850148e-02;2.5000000e+00;3.3082474e-02;2.5000000e+00;4.9794018e-02;2.5000000e+00;7.0049495e-02;2.5000000e+00;9.3210608e-02;2.5000000e+00;1.1775054e-01;2.5000000e+00;1.4294396e-01;2.5000000e+00;1.6552767e-01;2.5000000e+00;1.9112691e-01;2.5000000e+00;2.1388280e-01;2.5000000e+00;2.2592059e-01;2.5000000e+00;2.1338198e-01;2.5000000e+00;1.8047769e-01;2.5000000e+00;1.3494475e-01;2.5000000e+00;8.8037282e-02;2.5000000e+00;4.5396894e-02;2.5000000e+00;6.9316896e-03;2.5000000e+00;1.1123410e-02;2.5000000e+00;1.9850148e-02;2.5000000e+00;3.3082474e-02;2.5000000e+00;4.9794018e-02;2.5000000e+00;7.0049495e-02;2.5000000e+00;9.3210608e-02;2.5000000e+00;1.1775054e-01;2.5000000e+00;1.4294396e-01;2.5000000e+00;1.6552767e-01;2.5000000e+00;1.9112691e-01;2.5000000e+00;2.1388280e-01;2.5000000e+00;2.2592059e-01;2.5000000e+00;2.1338198e-01;2.5000000e+00;1.8047769e-01;2.5000000e+00;1.3494475e-01;2.5000000e+00;8.8037282e-02;2.5000000e+00;4.5396894e-02;2.5000000e+00;6.9316896e-03;2.5000000e+00;1.1123410e-02;2.5000000e+00;1.9850148e-02;2.5000000e+00;3.3082474e-02;2.5000000e+00;4.9794018e-02;2.5000000e+00;7.0049495e-02;2.5000000e+00;9.3210608e-02;2.5000000e+00;1.1775054e-01;2.5000000e+00;1.4294396e-01;2.5000000e+00;1.6552767e-01;2.5000000e+00;1.9112691e-01;2.5000000e+00;2.1388280e-01;2.5000000e+00;2.2592059e-01;2.5000000e+00;2.1338198e-01;2.5000000e+00;1.8047769e-01;2.5000000e+00;1.3494475e-01;2.5000000e+00;8.8037282e-02;2.5000000e+00;4.5396894e-02;2.5000000e+00;6.9316896e-03;2.5000000e+00;1.1123410e-02;2.5000000e+00;1.9850148e-02;2.5000000e+00;3.3082474e-02;2.5000000e+00;4.9794018e-02;2.5000000e+00;7.0049495e-02;2.5000000e+00;9.3210608e-02;2.5000000e+00;1.1775054e-01;2.5000000e+00;1.4294396e-01;2.5000000e+00;1.6552767e-01;2.5000000e+00;1.9112691e-01;2.5000000e+00;2.1388280e-01;2.5000000e+00;2.2592059e-01;2.5000000e+00;2.1338198e-01;2.5000000e+00;1.8047769e-01;2.5000000e+00;1.3494475e-01;2.5000000e+00;8.8037282e-02;2.5000000e+00;4.5396894e-02;2.5000000e+00;6.9316896e-03;2.5000000e+00;1.1123410e-02;2.5000000e+00;1.9850148e-02;2.5000000e+00;3.3082474e-02;2.5000000e+00;4.9794018e-02;2.5000000e+00;7.0049495e-02;2.5000000e+00;9.3210608e-02;2.5000000e+00;1.1775054e-01;2.5000000e+00;1.4294396e-01;2.5000000e+00;1.6552767e-01;2.5000000e+00;1.9112691e-01;2.5000000e+00;2.1388280e-01;2.5000000e+00;2.2592059e-01;2.5000000e+00;2.1338198e-01;2.5000000e+00;1.8047769e-01;2.5000000e+00;1.3494475e-01;2.5000000e+00;8.8037282e-02;2.5000000e+00;4.5396894e-02;2.5000000e+00;6.9316896e-03;2.5000000e+00;1.1123410e-02;2.5000000e+00;1.9850148e-02;2.5000000e+00;3.3082474e-02;2.5000000e+00;4.9794018e-02;2.5000000e+00;7.0049495e-02;2.5000000e+00;9.3210608e-02;2.5000000e+00;1.1775054e-01;2.5000000e+00;1.4294396e-01;2.5000000e+00;1.6552767e-01;2.5000000e+00;1.9112691e-01;2.5000000e+00;2.1388280e-01;2.5000000e+00;2.2592059e-01;2.5000000e+00;2.1338198e-01;2.5000000e+00;1.8047769e-01;2.5000000e+00;1.3494475e-01;2.5000000e+00;8.8037282e-02;2.5000000e+00;4.5396894e-02;2.5000000e+00;6.9316896e-03;2.5000000e+00;1.1123410e-02;2.5000000e+00;1.9850148e-02;2.5000000e+00;3.3082474e-02;2.5000000e+00;4.9794018e-02;2.5000000e+00;7.0049495e-02;2.5000000e+00;9.3210608e-02;2.5000000e+00;1.1775054e-01;2.5000000e+00;1.4294396e-01;2.5000000e+00;1.6552767e-01;2.5000000e+00;1.9112691e-01;2.5000000e+00;2.1388280e-01;2.5000000e+00;2.2592059e-01;2.5000000e+00;2.1338198e-01;2.5000000e+00;1.8047769e-01;2.5000000e+00;1.3494475e-01;2.5000000e+00;8.8037282e-02;2.5000000e+00;4.5396894e-02;2.5000000e+00;6.9316896e-03;2.5000000e+00;1.1123410e-02;2.5000000e+00;1.9850148e-02;2.5000000e+00;3.3082474e-02;2.5000000e+00;4.9794018e-02;2.5000000e+00;7.0049495e-02;2.5000000e+00;9.3210608e-02;2.5000000e+00;1.1775054e-01;2.5000000e+00;1.4294396e-01;2.5000000e+00;1.6552767e-01;2.5000000e+00;1.9112691e-01;2.5000000e+00;2.1388280e-01;2.5000000e+00;2.2592059e-01;2.5000000e+00;2.1338198e-01;2.5000000e+00;1.8047769e-01;2.5000000e+00;1.3494475e-01;2.5000000e+00;8.8037282e-02;2.5000000e+00;4.5396894e-02;2.5000000e+00;6.9316896e-03;2.5000000e+00;1.1123410e-02;2.5000000e+00;1.9850148e-02;2.5000000e+00;3.3082474e-02;2.5000000e+00;4.9794018e-02;2.5000000e+00;7.0049495e-02;2.5000000e+00;9.3210608e-02;2.5000000e+00;1.1775054e-01;2.5000000e+00;1.4294396e-01;2.5000000e+00;1.6552767e-01;2.5000000e+00;1.9112691e-01;2.5000000e+00;2.1388280e-01;2.5000000e+00;2.2592059e-01;2.5000000e+00;2.1338198e-01;2.5000000e+00;1.8047769e-01;2.5000000e+00;1.3494475e-01;2.5000000e+00;8.8037282e-02;2.5000000e+00;4.5396894e-02;2.5000000e+00;6.9316896e-03;2.5000000e+00;1.1123410e-02;2.5000000e+00;1.9850148e-02;2.5000000e+00;3.3082474e-02;2.5000000e+00;4.9794018e-02;2.5000000e+00;7.0049495e-02;2.5000000e+00;9.3210608e-02;2.5000000e+00;1.1775054e-01;2.5000000e+00;1.4294396e-01;2.5000000e+00;1.6552767e-01;2.5000000e+00;1.9112691e-01;2.5000000e+00;2.1388280e-01;2.5000000e+00;2.2592059e-01;2.5000000e+00;2.1338198e-01;2.5000000e+00;1.8047769e-01;2.5000000e+00;1.3494475e-01;2.5000000e+00;8.8037282e-02;2.5000000e+00;4.5396894e-02;2.5000000e+00;6.9316896e-03;2.5000000e+00;1.1123410e-02;2.5000000e+00;1.9850148e-02;2.5000000e+00;3.3082474e-02;2.5000000e+00;4.9794018e-02;2.5000000e+00;7.0049495e-02;2.5000000e+00;9.3210608e-02;2.5000000e+00;1.1775054e-01;2.5000000e+00;1.4294396e-01;2.5000000e+00;1.6552767e-01;2.5000000e+00;1.9112691e-01;2.5000000e+00;2.1388280e-01;2.5000000e+00;2.2592059e-01;2.5000000e+00;2.1338198e-01;2.5000000e+00;1.8047769e-01;2.5000000e+00;1.3494475e-01;2.5000000e+00;8.8037282e-02;2.5000000e+00;4.5396894e-02;2.5000000e+00;6.9316896e-03;2.5000000e+00;1.1123410e-02;2.5000000e+00;1.9850148e-02;2.5000000e+00;3.3082474e-02;2.5000000e+00;4.9794018e-02;2.5000000e+00;7.0049495e-02;2.5000000e+00;9.3210608e-02;2.5000000e+00;1.1775054e-01;2.5000000e+00;1.4294396e-01;2.5000000e+00;1.6552767e-01;2.5000000e+00;1.9112691e-01;2.5000000e+00;2.1388280e-01;2.5000000e+00;2.2592059e-01;2.5000000e+00;2.1338198e-01;2.5000000e+00;1.8047769e-01;2.5000000e+00;1.3494475e-01;2.5000000e+00;8.8037282e-02;2.5000000e+00;4.5396894e-02;2.5000000e+00;6.9316896e-03;2.5000000e+00;1.1123410e-02;2.5000000e+00;1.9850148e-02;2.5000000e+00;3.3082474e-02;2.5000000e+00;4.9794018e-02;2.5000000e+00;7.0049495e-02;2.5000000e+00;9.3210608e-02;2.5000000e+00;1.1775054e-01;2.5000000e+00;1.4294396e-01;2.5000000e+00;1.6552767e-01;2.5000000e+00;1.9112691e-01;2.5000000e+00;2.1388280e-01;2.5000000e+00;2.2592059e-01;2.5000000e+00;2.1338198e-01;2.5000000e+00;1.8047769e-01;2.5000000e+00;1.3494475e-01;2.5000000e+00;8.8037282e-02;2.5000000e+00;4.5396894e-02;2.5000000e+00;6.9316896e-03;2.5000000e+00;1.1123410e-02;2.5000000e+00;1.9850148e-02;2.5000000e+00;3.3082474e-02;2.5000000e+00;4.9794018e-02;2.5000000e+00;7.0049495e-02;2.5000000e+00;9.3210608e-02;2.5000000e+00;1.1775054e-01;2.5000000e+00;1.4294396e-01;2.5000000e+00;1.6552767e-01;2.5000000e+00;1.9112691e-01;2.5000000e+00;2.1388280e-01;2.5000000e+00;2.2592059e-01;2.5000000e+00;2.1338198e-01;2.5000000e+00;1.8047769e-01;2.5000000e+00;1.3494475e-01;2.5000000e+00;8.8037282e-02;2.5000000e+00;4.5396894e-02;2.5000000e+00;6.9316896e-03;2.5000000e+00;1.1123410e-02;2.5000000e+00;1.9850148e-02;2.5000000e+00;3.3082474e-02;2.5000000e+00;4.9794018e-02;2.5000000e+00;7.0049495e-02;2.5000000e+00;9.3210608e-02;2.5000000e+00;1.1775054e-01;2.5000000e+00;1.4294396e-01;2.5000000e+00;1.6552767e-01;2.5000000e+00;1.9112691e-01;2.5000000e+00;2.1388280e-01;2.5000000e+00;2.2592059e-01;2.5000000e+00;2.1338198e-01;2.5000000e+00;1.8047769e-01;2.5000000e+00;1.3494475e-01;2.5000000e+00;8.8037282e-02;2.5000000e+00;4.5396894e-02;2.5000000e+00;6.9316896e-03;2.5000000e+00;1.1123410e-02;2.5000000e+00;1.9850148e-02;2.5000000e+00;3.3082474e-02;2.5000000e+00;4.9794018e-02;2.5000000e+00;7.0049495e-02;2.5000000e+00;9.3210608e-02;2.5000000e+00;1.1775054e-01;2.5000000e+00;1.4294396e-01;2.5000000e+00;1.6552767e-01;2.5000000e+00;1.9112691e-01;2.5000000e+00;2.1388280e-01;2.5000000e+00;2.2592059e-01;2.5000000e+00;2.1338198e-01;2.5000000e+00;1.8047769e-01;2.5000000e+00;1.3494475e-01;2.5000000e+00;8.8037282e-02;2.5000000e+00;4.5396894e-02;2.5000000e+00;6.9316896e-03;2.5000000e+00;1.1123410e-02;2.5000000e+00;1.9850148e-02;2.5000000e+00;3.3082474e-02;2.5000000e+00;4.9794018e-02;2.5000000e+00;7.0049495e-02;2.5000000e+00;9.3210608e-02;2.5000000e+00;1.1775054e-01;2.5000000e+00;1.4294396e-01;2.5000000e+00;1.6552767e-01;2.5000000e+00;1.9112691e-01;2.5000000e+00;2.1388280e-01;2.5000000e+00;2.2592059e-01;2.5000000e+00;2.1338198e-01;2.5000000e+00;1.8047769e-01;2.5000000e+00;1.3494475e-01;2.5000000e+00;8.8037282e-02;2.5000000e+00;4.5396894e-02;2.5000000e+00;6.9316896e-03;2.5000000e+00;1.1123410e-02;2.5000000e+00;1.9850148e-02;2.5000000e+00;3.3082474e-02;2.5000000e+00;4.9794018e-02;2.5000000e+00;7.0049495e-02;2.5000000e+00;9.3210608e-02;2.5000000e+00;1.1775054e-01;2.5000000e+00;1.4294396e-01;2.5000000e+00;1.6552767e-01;2.5000000e+00;1.9112691e-01;2.5000000e+00;2.1388280e-01;2.5000000e+00;2.2592059e-01;2.5000000e+00;2.1338198e-01;2.5000000e+00;1.8047769e-01;2.5000000e+00;1.3494475e-01;2.5000000e+00;8.8037282e-02;2.5000000e+00;4.5396894e-02;2.5000000e+00;6.9316896e-03;2.5000000e+00;1.1123410e-02;2.5000000e+00;1.9850148e-02;2.5000000e+00;3.3082474e-02;2.5000000e+00;4.9794018e-02;2.5000000e+00;7.0049495e-02;2.5000000e+00;9.3210608e-02;2.5000000e+00;1.1775054e-01;2.5000000e+00;1.4294396e-01;2.5000000e+00;1.6552767e-01;2.5000000e+00;1.9112691e-01;2.5000000e+00;2.1388280e-01;2.5000000e+00;2.2592059e-01;2.5000000e+00;2.1338198e-01;2.5000000e+00;1.8047769e-01;2.5000000e+00;1.3494475e-01;2.5000000e+00;8.8037282e-02;2.5000000e+00;4.5396894e-02;2.5000000e+00;6.9316896e-03;2.5000000e+00;1.1123410e-02;2.5000000e+00;1.9850148e-02;2.5000000e+00;3.3082474e-02;2.5000000e+00;4.9794018e-02;2.5000000e+00;7.0049495e-02;2.5000000e+00;9.3210608e-02;2.5000000e+00;1.1775054e-01;2.5000000e+00;1.4294396e-01;2.5000000e+00;1.6552767e-01;2.5000000e+00;1.9112691e-01;2.5000000e+00;2.1388280e-01;2.5000000e+00;2.2592059e-01;2.5000000e+00;2.1338198e-01;2.5000000e+00;1.8047769e-01;2.5000000e+00;1.3494475e-01;2.5000000e+00;8.8037282e-02;2.5000000e+00;4.5396894e-02;2.5000000e+00;6.9316896e-03;2.5000000e+00;1.1123410e-02;2.5000000e+00;1.9850148e-02;2.5000000e+00;3.3082474e-02;2.5000000e+00;4.9794018e-02;2.5000000e+00;7.0049495e-02;2.5000000e+00;9.3210608e-02;2.5000000e+00;1.1775054e-01;2.5000000e+00;1.4294396e-01;2.5000000e+00;1.6552767e-01;2.5000000e+00;1.9112691e-01;2.5000000e+00;2.1388280e-01;2.5000000e+00;2.2592059e-01;2.5000000e+00;2.1338198e-01;2.5000000e+00;1.8047769e-01;2.5000000e+00;1.3494475e-01;2.5000000e+00;8.8037282e-02;2.5000000e+00;4.5396894e-02;2.5000000e+00;6.9316896e-03;2.5000000e+00;1.1123410e-02;2.5000000e+00;1.9850148e-02;2.5000000e+00;3.3082474e-02;2.5000000e+00;4.9794018e-02;2.5000000e+00;7.0049495e-02;2.5000000e+00;9.3210608e-02;2.5000000e+00;1.1775054e-01;2.5000000e+00;1.4294396e-01;2.5000000e+00;1.6552767e-01;2.5000000e+00;1.9112691e-01;2.5000000e+00;2.1388280e-01;2.5000000e+00;2.2592059e-01;2.5000000e+00;2.1338198e-01;2.5000000e+00;1.8047769e-01;2.5000000e+00;1.3494475e-01;2.5000000e+00;8.8037282e-02;2.5000000e+00;4.5396894e-02;2.5000000e+00;6.9316896e-03;2.5000000e+00;1.1123410e-02;2.5000000e+00;1.9850148e-02;2.5000000e+00;3.3082474e-02;2.5000000e+00;4.9794018e-02;2.5000000e+00;7.0049495e-02;2.5000000e+00;9.3210608e-02;2.5000000e+00;1.1775054e-01;2.5000000e+00;1.4294396e-01;2.5000000e+00;1.6552767e-01;2.5000000e+00;1.9112691e-01;2.5000000e+00;2.1388280e-01;2.5000000e+00;2.2592059e-01;2.5000000e+00;2.1338198e-01;2.5000000e+00;1.8047769e-01;2.5000000e+00;1.3494475e-01;2.5000000e+00;8.8037282e-02;2.5000000e+00;4.5396894e-02;2.5000000e+00;6.9316896e-03;2.5000000e+00;1.1123410e-02;2.5000000e+00;1.9850148e-02;2.5000000e+00;3.3082474e-02;2.5000000e+00;4.9794018e-02;2.5000000e+00;7.0049495e-02;2.5000000e+00;9.3210608e-02;2.5000000e+00;1.1775054e-01;2.5000000e+00;1.4294396e-01;2.5000000e+00;1.6552767e-01;2.5000000e+00;1.9112691e-01;2.5000000e+00;2.1388280e-01;2.5000000e+00;2.2592059e-01;2.5000000e+00;2.1338198e-01;2.5000000e+00;1.8047769e-01;2.5000000e+00;1.3494475e-01;2.5000000e+00;8.8037282e-02;2.5000000e+00;4.5396894e-02;2.5000000e+00;6.9316896e-03;2.5000000e+00;1.1123410e-02;2.5000000e+00;1.9850148e-02;2.5000000e+00;3.3082474e-02;2.5000000e+00;4.9794018e-02;2.5000000e+00;7.0049495e-02;2.5000000e+00;9.3210608e-02;2.5000000e+00;1.1775054e-01;2.5000000e+00;1.4294396e-01;2.5000000e+00;1.6552767e-01;2.5000000e+00;1.9112691e-01;2.5000000e+00;2.1388280e-01;2.5000000e+00;2.2592059e-01;2.5000000e+00;2.1338198e-01;2.5000000e+00;1.8047769e-01;2.5000000e+00;1.3494475e-01;2.5000000e+00;8.8037282e-02;2.5000000e+00;4.5396894e-02;2.5000000e+00;6.9316896e-03;2.5000000e+00;1.1123410e-02;2.5000000e+00;1.9850148e-02;2.5000000e+00;3.3082474e-02;2.5000000e+00;4.9794018e-02;2.5000000e+00;7.0049495e-02;2.5000000e+00;9.3210608e-02;2.5000000e+00;1.1775054e-01;2.5000000e+00;1.4294396e-01;2.5000000e+00;1.6552767e-01;2.5000000e+00;1.9112691e-01;2.5000000e+00;2.1388280e-01;2.5000000e+00;2.2592059e-01;2.5000000e+00;2.1338198e-01;2.5000000e+00;1.8047769e-01;2.5000000e+00;1.3494475e-01;2.5000000e+00;8.8037282e-02;2.5000000e+00;4.5396894e-02;2.5000000e+00;6.9316896e-03;2.5000000e+00;1.1123410e-02;2.5000000e+00;1.9850148e-02;2.5000000e+00;3.3082474e-02;2.5000000e+00;4.9794018e-02;2.5000000e+00;7.0049495e-02;2.5000000e+00;9.3210608e-02;2.5000000e+00;1.1775054e-01;2.5000000e+00;1.4294396e-01;2.5000000e+00;1.6552767e-01;2.5000000e+00;1.9112691e-01;2.5000000e+00;2.1388280e-01;2.5000000e+00;2.2592059e-01;2.5000000e+00;2.1338198e-01;2.5000000e+00;1.8047769e-01;2.5000000e+00;1.3494475e-01;2.5000000e+00;8.8037282e-02;2.5000000e+00;4.5396894e-02;2.5000000e+00;6.9316896e-03;2.5000000e+00;1.1123410e-02;2.5000000e+00;1.9850148e-02;2.5000000e+00;3.3082474e-02;2.5000000e+00;4.9794018e-02;2.5000000e+00;7.0049495e-02;2.5000000e+00;9.3210608e-02;2.5000000e+00;1.1775054e-01;2.5000000e+00;1.4294396e-01;2.5000000e+00;1.6552767e-01;2.5000000e+00;1.9112691e-01;2.5000000e+00;2.1388280e-01;2.5000000e+00;2.2592059e-01;2.5000000e+00;2.1338198e-01;2.5000000e+00;1.8047769e-01;2.5000000e+00;1.3494475e-01;2.5000000e+00;8.8037282e-02;2.5000000e+00;4.5396894e-02;2.5000000e+00;6.9316896e-03;2.5000000e+00;1.1123410e-02;2.5000000e+00;1.9850148e-02;2.5000000e+00;3.3082474e-02;2.5000000e+00;4.9794018e-02;2.5000000e+00;7.0049495e-02;2.5000000e+00;9.3210608e-02;2.5000000e+00;1.1775054e-01;2.5000000e+00;1.4294396e-01;2.5000000e+00;1.6552767e-01;2.5000000e+00;1.9112691e-01;2.5000000e+00;2.1388280e-01;2.5000000e+00;2.2592059e-01;2.5000000e+00;2.1338198e-01;2.5000000e+00;1.8047769e-01;2.5000000e+00;1.3494475e-01;2.5000000e+00;8.8037282e-02;2.5000000e+00;4.5396894e-02;2.5000000e+00;6.9316896e-03;2.5000000e+00;1.1123410e-02;2.5000000e+00;1.9850148e-02;2.5000000e+00;3.3082474e-02;2.5000000e+00;4.9794018e-02;2.5000000e+00;7.0049495e-02;2.5000000e+00;9.3210608e-02;2.5000000e+00;1.1775054e-01;2.5000000e+00;1.4294396e-01;2.5000000e+00;1.6552767e-01;2.5000000e+00;1.9112691e-01;2.5000000e+00;2.1388280e-01;2.5000000e+00;2.2592059e-01;2.5000000e+00;2.1338198e-01;2.5000000e+00;1.8047769e-01;2.5000000e+00;1.3494475e-01;2.5000000e+00;8.8037282e-02;2.5000000e+00;4.5396894e-02;2.5000000e+00;6.9316896e-03;2.5000000e+00;1.1123410e-02;2.5000000e+00;1.9850148e-02;2.5000000e+00;3.3082474e-02;2.5000000e+00;4.9794018e-02;2.5000000e+00;7.0049495e-02;2.5000000e+00;9.3210608e-02;2.5000000e+00;1.1775054e-01;2.5000000e+00;1.4294396e-01;2.5000000e+00;1.6552767e-01;2.5000000e+00;1.9112691e-01;2.5000000e+00;2.1388280e-01;2.5000000e+00;2.2592059e-01;2.5000000e+00;2.1338198e-01;2.5000000e+00;1.8047769e-01;2.5000000e+00;1.3494475e-01;2.5000000e+00;8.8037282e-02;2.5000000e+00;4.5396894e-02;2.5000000e+00;6.9316896e-03;2.5000000e+00;1.1123410e-02;2.5000000e+00;1.9850148e-02;2.5000000e+00;3.3082474e-02;2.5000000e+00;4.9794018e-02;2.5000000e+00;7.0049495e-02;2.5000000e+00;9.3210608e-02;2.5000000e+00;1.1775054e-01;2.5000000e+00;1.4294396e-01;2.5000000e+00;1.6552767e-01;2.5000000e+00;1.9112691e-01;2.5000000e+00;2.1388280e-01;2.5000000e+00;2.2592059e-01;2.5000000e+00;2.1338198e-01;2.5000000e+00;1.8047769e-01;2.5000000e+00;1.3494475e-01;2.5000000e+00;8.8037282e-02;2.5000000e+00;4.5396894e-02;2.5000000e+00;6.9316896e-03;2.5000000e+00;1.1123410e-02;2.5000000e+00;1.9850148e-02;2.5000000e+00;3.3082474e-02;2.5000000e+00;4.9794018e-02;2.5000000e+00;7.0049495e-02;2.5000000e+00;9.3210608e-02;2.5000000e+00;1.1775054e-01;2.5000000e+00;1.4294396e-01;2.5000000e+00;1.6552767e-01;2.5000000e+00;1.9112691e-01;2.5000000e+00;2.1388280e-01;2.5000000e+00;2.2592059e-01;2.5000000e+00;2.1338198e-01;2.5000000e+00;1.8047769e-01;2.5000000e+00;1.3494475e-01;2.5000000e+00;8.8037282e-02;2.5000000e+00;4.5396894e-02;2.5000000e+00;6.9316896e-03;2.5000000e+00;1.1123410e-02;2.5000000e+00;1.9850148e-02;2.5000000e+00;3.3082474e-02;2.5000000e+00;4.9794018e-02;2.5000000e+00;7.0049495e-02;2.5000000e+00;9.3210608e-02;2.5000000e+00;1.1775054e-01;2.5000000e+00;1.4294396e-01;2.5000000e+00;1.6552767e-01;2.5000000e+00;1.9112691e-01;2.5000000e+00;2.1388280e-01;2.5000000e+00;2.2592059e-01;2.5000000e+00;2.1338198e-01;2.5000000e+00;1.8047769e-01;2.5000000e+00;1.3494475e-01;2.5000000e+00;8.8037282e-02;2.5000000e+00;4.5396894e-02;2.5000000e+00;6.9316896e-03;2.5000000e+00;1.1123410e-02;2.5000000e+00;1.9850148e-02;2.5000000e+00;3.3082474e-02;2.5000000e+00;4.9794018e-02;2.5000000e+00;7.0049495e-02;2.5000000e+00;9.3210608e-02;2.5000000e+00;1.1775054e-01;2.5000000e+00;1.4294396e-01;2.5000000e+00;1.6552767e-01;2.5000000e+00;1.9112691e-01;2.5000000e+00;2.1388280e-01;2.5000000e+00;2.2592059e-01;2.5000000e+00;2.1338198e-01;2.5000000e+00;1.8047769e-01;2.5000000e+00;1.3494475e-01;2.5000000e+00;8.8037282e-02;2.5000000e+00;4.5396894e-02;2.5000000e+00;6.9316896e-03;2.5000000e+00;1.1123410e-02;2.5000000e+00;1.9850148e-02;2.5000000e+00;3.3082474e-02;2.5000000e+00;4.9794018e-02;2.5000000e+00;7.0049495e-02;2.5000000e+00;9.3210608e-02;2.5000000e+00;1.1775054e-01;2.5000000e+00;1.4294396e-01;2.5000000e+00;1.6552767e-01;2.5000000e+00;1.9112691e-01;2.5000000e+00;2.1388280e-01;2.5000000e+00;2.2592059e-01;2.5000000e+00;2.1338198e-01;2.5000000e+00;1.8047769e-01;2.5000000e+00;1.3494475e-01;2.5000000e+00;8.8037282e-02;2.5000000e+00;4.5396894e-02;2.5000000e+00;6.9316896e-03;2.5000000e+00;1.1123410e-02;2.5000000e+00;1.9850148e-02;2.5000000e+00;3.3082474e-02;2.5000000e+00;4.9794018e-02;2.5000000e+00;7.0049495e-02;2.5000000e+00;9.3210608e-02;2.5000000e+00;1.1775054e-01;2.5000000e+00;1.4294396e-01;2.5000000e+00;1.6552767e-01;2.5000000e+00;1.9112691e-01;2.5000000e+00;2.1388280e-01;2.5000000e+00;2.2592059e-01;2.5000000e+00;2.1338198e-01;2.5000000e+00;1.8047769e-01;2.5000000e+00;1.3494475e-01;2.5000000e+00;8.8037282e-02;2.5000000e+00;4.5396894e-02;2.5000000e+00;6.9316896e-03;2.5000000e+00;1.1123410e-02;2.5000000e+00;1.9850148e-02;2.5000000e+00;3.3082474e-02;2.5000000e+00;4.9794018e-02;2.5000000e+00;7.0049495e-02;2.5000000e+00;9.3210608e-02;2.5000000e+00;1.1775054e-01;2.5000000e+00;1.4294396e-01;2.5000000e+00;1.6552767e-01;2.5000000e+00;1.9112691e-01;2.5000000e+00;2.1388280e-01;2.5000000e+00;2.2592059e-01;2.5000000e+00;2.1338198e-01;2.5000000e+00;1.8047769e-01;2.5000000e+00;1.3494475e-01;2.5000000e+00;8.8037282e-02;2.5000000e+00;4.5396894e-02;2.5000000e+00;6.9316896e-03;2.5000000e+00;1.1123410e-02;2.5000000e+00;1.9850148e-02;2.5000000e+00;3.3082474e-02;2.5000000e+00;4.9794018e-02;2.5000000e+00;7.0049495e-02;2.5000000e+00;9.3210608e-02;2.5000000e+00;1.1775054e-01;2.5000000e+00;1.4294396e-01;2.5000000e+00;1.6552767e-01;2.5000000e+00;1.9112691e-01;2.5000000e+00;2.1388280e-01;2.5000000e+00;2.2592059e-01;2.5000000e+00;2.1338198e-01;2.5000000e+00;1.8047769e-01;2.5000000e+00;1.3494475e-01;2.5000000e+00;8.8037282e-02;2.5000000e+00;4.5396894e-02;2.5000000e+00;6.9316896e-03;2.5000000e+00;1.1123410e-02;2.5000000e+00;1.9850148e-02;2.5000000e+00;3.3082474e-02;2.5000000e+00;4.9794018e-02;2.5000000e+00;7.0049495e-02;2.5000000e+00;9.3210608e-02;2.5000000e+00;1.1775054e-01;2.5000000e+00;1.4294396e-01;2.5000000e+00;1.6552767e-01;2.5000000e+00;1.9112691e-01;2.5000000e+00;2.1388280e-01;2.5000000e+00;2.2592059e-01;2.5000000e+00;2.1338198e-01;2.5000000e+00;1.8047769e-01;2.5000000e+00;1.3494475e-01;2.5000000e+00;8.8037282e-02;2.5000000e+00;4.5396894e-02;2.5000000e+00;6.9316896e-03;2.5000000e+00;1.1123410e-02;2.5000000e+00;1.9850148e-02;2.5000000e+00;3.3082474e-02;2.5000000e+00;4.9794018e-02;2.5000000e+00;7.0049495e-02;2.5000000e+00;9.3210608e-02;2.5000000e+00;1.1775054e-01;2.5000000e+00;1.4294396e-01;2.5000000e+00;1.6552767e-01;2.5000000e+00;1.9112691e-01;2.5000000e+00;2.1388280e-01;2.5000000e+00;2.2592059e-01;2.5000000e+00;2.1338198e-01;2.5000000e+00;1.8047769e-01;2.5000000e+00;1.3494475e-01;2.5000000e+00;8.8037282e-02;2.5000000e+00;4.5396894e-02;2.5000000e+00;6.9316896e-03;2.5000000e+00;1.1123410e-02;2.5000000e+00;1.9850148e-02;2.5000000e+00;3.3082474e-02;2.5000000e+00;4.9794018e-02;2.5000000e+00;7.0049495e-02;2.5000000e+00;9.3210608e-02;2.5000000e+00;1.1775054e-01;2.5000000e+00;1.4294396e-01;2.5000000e+00;1.6552767e-01;2.5000000e+00;1.9112691e-01;2.5000000e+00;2.1388280e-01;2.5000000e+00;2.2592059e-01;2.5000000e+00;2.1338198e-01;2.5000000e+00;1.8047769e-01;2.5000000e+00;1.3494475e-01;2.5000000e+00;8.8037282e-02;2.5000000e+00;4.5396894e-02;2.5000000e+00;6.9316896e-03;2.5000000e+00;1.1123410e-02;2.5000000e+00;1.9850148e-02;2.5000000e+00;3.3082474e-02;2.5000000e+00;4.9794018e-02;2.5000000e+00;7.0049495e-02;2.5000000e+00;9.3210608e-02;2.5000000e+00;1.1775054e-01;2.5000000e+00;1.4294396e-01;2.5000000e+00;1.6552767e-01;2.5000000e+00;1.9112691e-01;2.5000000e+00;2.1388280e-01;2.5000000e+00;2.2592059e-01;2.5000000e+00;2.1338198e-01;2.5000000e+00;1.8047769e-01;2.5000000e+00;1.3494475e-01;2.5000000e+00;8.8037282e-02;2.5000000e+00;4.5396894e-02;2.5000000e+00;6.9316896e-03;2.5000000e+00;1.1123410e-02;2.5000000e+00;1.9850148e-02;2.5000000e+00;3.3082474e-02;2.5000000e+00;4.9794018e-02;2.5000000e+00;7.0049495e-02;2.5000000e+00;9.3210608e-02;2.5000000e+00;1.1775054e-01;2.5000000e+00;1.4294396e-01;2.5000000e+00;1.6552767e-01;2.5000000e+00;1.9112691e-01;2.5000000e+00;2.1388280e-01;2.5000000e+00;2.2592059e-01;2.5000000e+00;2.1338198e-01;2.5000000e+00;1.8047769e-01;2.5000000e+00;1.3494475e-01;2.5000000e+00;8.8037282e-02;2.5000000e+00;4.5396894e-02;2.5000000e+00;6.9316896e-03;2.5000000e+00;1.1123410e-02;2.5000000e+00;1.9850148e-02;2.5000000e+00;3.3082474e-02;2.5000000e+00;4.9794018e-02;2.5000000e+00;7.0049495e-02;2.5000000e+00;9.3210608e-02;2.5000000e+00;1.1775054e-01;2.5000000e+00;1.4294396e-01;2.5000000e+00;1.6552767e-01;2.5000000e+00;1.9112691e-01;2.5000000e+00;2.1388280e-01;2.5000000e+00;2.2592059e-01;2.5000000e+00;2.1338198e-01;2.5000000e+00;1.8047769e-01;2.5000000e+00;1.3494475e-01;2.5000000e+00;8.8037282e-02;2.5000000e+00;4.5396894e-02;2.5000000e+00;6.9316896e-03;2.5000000e+00;1.1123410e-02;2.5000000e+00;1.9850148e-02;2.5000000e+00;3.3082474e-02;2.5000000e+00;4.9794018e-02;2.5000000e+00;7.0049495e-02;2.5000000e+00;9.3210608e-02;2.5000000e+00;1.1775054e-01;2.5000000e+00;1.4294396e-01;2.5000000e+00;1.6552767e-01;2.5000000e+00;1.9112691e-01;2.5000000e+00;2.1388280e-01;2.5000000e+00;2.2592059e-01;2.5000000e+00;2.1338198e-01;2.5000000e+00;1.8047769e-01;2.5000000e+00;1.3494475e-01;2.5000000e+00;8.8037282e-02;2.5000000e+00;4.5396894e-02;2.5000000e+00;6.9316896e-03;2.5000000e+00;1.1123410e-02;2.5000000e+00;1.9850148e-02;2.5000000e+00;3.3082474e-02;2.5000000e+00;4.9794018e-02;2.5000000e+00;7.0049495e-02;2.5000000e+00;9.3210608e-02;2.5000000e+00;1.1775054e-01;2.5000000e+00;1.4294396e-01;2.5000000e+00;1.6552767e-01;2.5000000e+00;1.9112691e-01;2.5000000e+00;2.1388280e-01;2.5000000e+00;2.2592059e-01;2.5000000e+00;2.1338198e-01;2.5000000e+00;1.8047769e-01;2.5000000e+00;1.3494475e-01;2.5000000e+00;8.8037282e-02;2.5000000e+00;4.5396894e-02;2.5000000e+00;6.9316896e-03;2.5000000e+00;1.1123410e-02;2.5000000e+00;1.9850148e-02;2.5000000e+00;3.3082474e-02;2.5000000e+00;4.9794018e-02;2.5000000e+00;7.0049495e-02;2.5000000e+00;9.3210608e-02;2.5000000e+00;1.1775054e-01;2.5000000e+00;1.4294396e-01;2.5000000e+00;1.6552767e-01;2.5000000e+00;1.9112691e-01;2.5000000e+00;2.1388280e-01;2.5000000e+00;2.2592059e-01;2.5000000e+00;2.1338198e-01;2.5000000e+00;1.8047769e-01;2.5000000e+00;1.3494475e-01;2.5000000e+00;8.8037282e-02;2.5000000e+00;4.5396894e-02;2.5000000e+00;6.9316896e-03;2.5000000e+00;1.1123410e-02;2.5000000e+00;1.9850148e-02;2.5000000e+00;3.3082474e-02;2.5000000e+00;4.9794018e-02;2.5000000e+00;7.0049495e-02;2.5000000e+00;9.3210608e-02;2.5000000e+00;1.1775054e-01;2.5000000e+00;1.4294396e-01;2.5000000e+00;1.6552767e-01;2.5000000e+00;1.9112691e-01;2.5000000e+00;2.1388280e-01;2.5000000e+00;2.2592059e-01;2.5000000e+00;2.1338198e-01;2.5000000e+00;1.8047769e-01;2.5000000e+00;1.3494475e-01;2.5000000e+00;8.8037282e-02;2.5000000e+00;4.5396894e-02;2.5000000e+00;6.9316896e-03;2.5000000e+00;1.1123410e-02;2.5000000e+00;1.9850148e-02;2.5000000e+00;3.3082474e-02;2.5000000e+00;4.9794018e-02;2.5000000e+00;7.0049495e-02;2.5000000e+00;9.3210608e-02;2.5000000e+00;1.1775054e-01;2.5000000e+00;1.4294396e-01;2.5000000e+00;1.6552767e-01;2.5000000e+00;1.9112691e-01;2.5000000e+00;2.1388280e-01;2.5000000e+00;2.2592059e-01;2.5000000e+00;2.1338198e-01;2.5000000e+00;1.8047769e-01;2.5000000e+00;1.3494475e-01;2.5000000e+00;8.8037282e-02;2.5000000e+00;4.5396894e-02;2.5000000e+00;6.9316896e-03;2.5000000e+00;1.1123410e-02;2.5000000e+00;1.9850148e-02;2.5000000e+00;3.3082474e-02;2.5000000e+00;4.9794018e-02;2.5000000e+00;7.0049495e-02;2.5000000e+00;9.3210608e-02;2.5000000e+00;1.1775054e-01;2.5000000e+00;1.4294396e-01;2.5000000e+00;1.6552767e-01;2.5000000e+00;1.9112691e-01;2.5000000e+00;2.1388280e-01;2.5000000e+00;2.2592059e-01;2.5000000e+00;2.1338198e-01;2.5000000e+00;1.8047769e-01;2.5000000e+00;1.3494475e-01;2.5000000e+00;8.8037282e-02;2.5000000e+00;4.5396894e-02;2.5000000e+00;6.9316896e-03;2.5000000e+00;1.1123410e-02;2.5000000e+00;1.9850148e-02;2.5000000e+00;3.3082474e-02;2.5000000e+00;4.9794018e-02;2.5000000e+00;7.0049495e-02;2.5000000e+00;9.3210608e-02;2.5000000e+00;1.1775054e-01;2.5000000e+00;1.4294396e-01;2.5000000e+00;1.6552767e-01;2.5000000e+00;1.9112691e-01;2.5000000e+00;2.1388280e-01;2.5000000e+00;2.2592059e-01;2.5000000e+00;2.1338198e-01;2.5000000e+00;1.8047769e-01;2.5000000e+00;1.3494475e-01;2.5000000e+00;8.8037282e-02;2.5000000e+00;4.5396894e-02;2.5000000e+00;6.9316896e-03;2.5000000e+00;1.1123410e-02;2.5000000e+00;1.9850148e-02;2.5000000e+00;3.3082474e-02;2.5000000e+00;4.9794018e-02;2.5000000e+00;7.0049495e-02;2.5000000e+00;9.3210608e-02;2.5000000e+00;1.1775054e-01;2.5000000e+00;1.4294396e-01;2.5000000e+00;1.6552767e-01;2.5000000e+00;1.9112691e-01;2.5000000e+00;2.1388280e-01;2.5000000e+00;2.2592059e-01;2.5000000e+00;2.1338198e-01;2.5000000e+00;1.8047769e-01;2.5000000e+00;1.3494475e-01;2.5000000e+00;8.8037282e-02;2.5000000e+00;4.5396894e-02;2.5000000e+00;6.9316896e-03;2.5000000e+00;1.1123410e-02;2.5000000e+00;1.9850148e-02;2.5000000e+00;3.3082474e-02;2.5000000e+00;4.9794018e-02;2.5000000e+00;7.0049495e-02;2.5000000e+00;9.3210608e-02;2.5000000e+00;1.1775054e-01;2.5000000e+00;1.4294396e-01;2.5000000e+00;1.6552767e-01;2.5000000e+00;1.9112691e-01;2.5000000e+00;2.1388280e-01;2.5000000e+00;2.2592059e-01;2.5000000e+00;2.1338198e-01;2.5000000e+00;1.8047769e-01;2.5000000e+00;1.3494475e-01;2.5000000e+00;8.8037282e-02;2.5000000e+00;4.5396894e-02;2.5000000e+00;6.9316896e-03;2.5000000e+00;1.1123410e-02;2.5000000e+00;1.9850148e-02;2.5000000e+00;3.3082474e-02;2.5000000e+00;4.9794018e-02;2.5000000e+00;7.0049495e-02;2.5000000e+00;9.3210608e-02;2.5000000e+00;1.1775054e-01;2.5000000e+00;1.4294396e-01;2.5000000e+00;1.6552767e-01;2.5000000e+00;1.9112691e-01;2.5000000e+00;2.1388280e-01;2.5000000e+00;2.2592059e-01;2.5000000e+00;2.1338198e-01;2.5000000e+00;1.8047769e-01;2.5000000e+00;1.3494475e-01;2.5000000e+00;8.8037282e-02;2.5000000e+00;4.5396894e-02;2.5000000e+00;6.9316896e-03;2.5000000e+00;1.1123410e-02;2.5000000e+00;1.9850148e-02;2.5000000e+00;3.3082474e-02;2.5000000e+00;4.9794018e-02;2.5000000e+00;7.0049495e-02;2.5000000e+00;9.3210608e-02;2.5000000e+00;1.1775054e-01;2.5000000e+00;1.4294396e-01;2.5000000e+00;1.6552767e-01;2.5000000e+00;1.9112691e-01;2.5000000e+00;2.1388280e-01;2.5000000e+00;2.2592059e-01;2.5000000e+00;2.1338198e-01;2.5000000e+00;1.8047769e-01;2.5000000e+00;1.3494475e-01;2.5000000e+00;8.8037282e-02;2.5000000e+00;4.5396894e-02;2.5000000e+00;6.9316896e-03;2.5000000e+00;1.1123410e-02;2.5000000e+00;1.9850148e-02;2.5000000e+00;3.3082474e-02;2.5000000e+00;4.9794018e-02;2.5000000e+00;7.0049495e-02;2.5000000e+00;9.3210608e-02;2.5000000e+00;1.1775054e-01;2.5000000e+00;1.4294396e-01;2.5000000e+00;1.6552767e-01;2.5000000e+00;1.9112691e-01;2.5000000e+00;2.1388280e-01;2.5000000e+00;2.2592059e-01;2.5000000e+00;2.1338198e-01;2.5000000e+00;1.8047769e-01;2.5000000e+00;1.3494475e-01;2.5000000e+00;8.8037282e-02;2.5000000e+00;4.5396894e-02;2.5000000e+00;6.9316896e-03;2.5000000e+00;1.1123410e-02;2.5000000e+00;1.9850148e-02;2.5000000e+00;3.3082474e-02;2.5000000e+00;4.9794018e-02;2.5000000e+00;7.0049495e-02;2.5000000e+00;9.3210608e-02;2.5000000e+00;1.1775054e-01;2.5000000e+00;1.4294396e-01;2.5000000e+00;1.6552767e-01;2.5000000e+00;1.9112691e-01;2.5000000e+00;2.1388280e-01;2.5000000e+00;2.2592059e-01;2.5000000e+00;2.1338198e-01;2.5000000e+00;1.8047769e-01;2.5000000e+00;1.3494475e-01;2.5000000e+00;8.8037282e-02;2.5000000e+00;4.5396894e-02;2.5000000e+00;6.9316896e-03;2.5000000e+00;1.1123410e-02;2.5000000e+00;1.9850148e-02;2.5000000e+00;3.3082474e-02;2.5000000e+00;4.9794018e-02;2.5000000e+00;7.0049495e-02;2.5000000e+00;9.3210608e-02;2.5000000e+00;1.1775054e-01;2.5000000e+00;1.4294396e-01;2.5000000e+00;1.6552767e-01;2.5000000e+00;1.9112691e-01;2.5000000e+00;2.1388280e-01;2.5000000e+00;2.2592059e-01;2.5000000e+00;2.1338198e-01;2.5000000e+00;1.8047769e-01;2.5000000e+00;1.3494475e-01;2.5000000e+00;8.8037282e-02;2.5000000e+00;4.5396894e-02;2.5000000e+00;6.9316896e-03;2.5000000e+00;1.1123410e-02;2.5000000e+00;1.9850148e-02;2.5000000e+00;3.3082474e-02;2.5000000e+00;4.9794018e-02;2.5000000e+00;7.0049495e-02;2.5000000e+00;9.3210608e-02;2.5000000e+00;1.1775054e-01;2.5000000e+00;1.4294396e-01;2.5000000e+00;1.6552767e-01;2.5000000e+00;1.9112691e-01;2.5000000e+00;2.1388280e-01;2.5000000e+00;2.2592059e-01;2.5000000e+00;2.1338198e-01;2.5000000e+00;1.8047769e-01;2.5000000e+00;1.3494475e-01;2.5000000e+00;8.8037282e-02;2.5000000e+00;4.5396894e-02;2.5000000e+00;6.9316896e-03;2.5000000e+00;1.1123410e-02;2.5000000e+00;1.9850148e-02;2.5000000e+00;3.3082474e-02;2.5000000e+00;4.9794018e-02;2.5000000e+00;7.0049495e-02;2.5000000e+00;9.3210608e-02;2.5000000e+00;1.1775054e-01;2.5000000e+00;1.4294396e-01;2.5000000e+00;1.6552767e-01;2.5000000e+00;1.9112691e-01;2.5000000e+00;2.1388280e-01;2.5000000e+00;2.2592059e-01;2.5000000e+00;2.1338198e-01;2.5000000e+00;1.8047769e-01;2.5000000e+00;1.3494475e-01;2.5000000e+00;8.8037282e-02;2.5000000e+00;4.5396894e-02;2.5000000e+00;6.9316896e-03;2.5000000e+00;1.1123410e-02;2.5000000e+00;1.9850148e-02;2.5000000e+00;3.3082474e-02;2.5000000e+00;4.9794018e-02;2.5000000e+00;7.0049495e-02;2.5000000e+00;9.3210608e-02;2.5000000e+00;1.1775054e-01;2.5000000e+00;1.4294396e-01;2.5000000e+00;1.6552767e-01;2.5000000e+00;1.9112691e-01;2.5000000e+00;2.1388280e-01;2.5000000e+00;2.2592059e-01;2.5000000e+00;2.1338198e-01;2.5000000e+00;1.8047769e-01;2.5000000e+00;1.3494475e-01;2.5000000e+00;8.8037282e-02;2.5000000e+00;4.5396894e-02;2.5000000e+00;6.9316896e-03;2.5000000e+00;1.1123410e-02;2.5000000e+00;1.9850148e-02;2.5000000e+00;3.3082474e-02;2.5000000e+00;4.9794018e-02;2.5000000e+00;7.0049495e-02;2.5000000e+00;9.3210608e-02;2.5000000e+00;1.1775054e-01;2.5000000e+00;1.4294396e-01;2.5000000e+00;1.6552767e-01;2.5000000e+00;1.9112691e-01;2.5000000e+00;2.1388280e-01;2.5000000e+00;2.2592059e-01;2.5000000e+00;2.1338198e-01;2.5000000e+00;1.8047769e-01;2.5000000e+00;1.3494475e-01;2.5000000e+00;8.8037282e-02;2.5000000e+00;4.5396894e-02;2.5000000e+00;6.9316896e-03;2.5000000e+00;1.1123410e-02;2.5000000e+00;1.9850148e-02;2.5000000e+00;3.3082474e-02;2.5000000e+00;4.9794018e-02;2.5000000e+00;7.0049495e-02;2.5000000e+00;9.3210608e-02;2.5000000e+00;1.1775054e-01;2.5000000e+00;1.4294396e-01;2.5000000e+00;1.6552767e-01;2.5000000e+00;1.9112691e-01;2.5000000e+00;2.1388280e-01;2.5000000e+00;2.2592059e-01;2.5000000e+00;2.1338198e-01;2.5000000e+00;1.8047769e-01;2.5000000e+00;1.3494475e-01;2.5000000e+00;8.8037282e-02;2.5000000e+00;4.5396894e-02;2.5000000e+00;6.9316896e-03;2.5000000e+00;1.1123410e-02;2.5000000e+00;1.9850148e-02;2.5000000e+00;3.3082474e-02;2.5000000e+00;4.9794018e-02;2.5000000e+00;7.0049495e-02;2.5000000e+00;9.3210608e-02;2.5000000e+00;1.1775054e-01;2.5000000e+00;1.4294396e-01;2.5000000e+00;1.6552767e-01;2.5000000e+00;1.9112691e-01;2.5000000e+00;2.1388280e-01;2.5000000e+00;2.2592059e-01;2.5000000e+00;2.1338198e-01;2.5000000e+00;1.8047769e-01;2.5000000e+00;1.3494475e-01;2.5000000e+00;8.8037282e-02;2.5000000e+00;4.5396894e-02;2.5000000e+00;6.9316896e-03;2.5000000e+00;1.1123410e-02;2.5000000e+00;1.9850148e-02;2.5000000e+00;3.3082474e-02;2.5000000e+00;4.9794018e-02;2.5000000e+00;7.0049495e-02;2.5000000e+00;9.3210608e-02;2.5000000e+00;1.1775054e-01;2.5000000e+00;1.4294396e-01;2.5000000e+00;1.6552767e-01;2.5000000e+00;1.9112691e-01;2.5000000e+00;2.1388280e-01;2.5000000e+00;2.2592059e-01;2.5000000e+00;2.1338198e-01;2.5000000e+00;1.8047769e-01;2.5000000e+00;1.3494475e-01;2.5000000e+00;8.8037282e-02;2.5000000e+00;4.5396894e-02;2.5000000e+00;6.9316896e-03;2.5000000e+00;1.1123410e-02;2.5000000e+00;1.9850148e-02;2.5000000e+00;3.3082474e-02;2.5000000e+00;4.9794018e-02;2.5000000e+00;7.0049495e-02;2.5000000e+00;9.3210608e-02;2.5000000e+00;1.1775054e-01;2.5000000e+00;1.4294396e-01;2.5000000e+00;1.6552767e-01;2.5000000e+00;1.9112691e-01;2.5000000e+00;2.1388280e-01;2.5000000e+00;2.2592059e-01;2.5000000e+00;2.1338198e-01;2.5000000e+00;1.8047769e-01;2.5000000e+00;1.3494475e-01;2.5000000e+00;8.8037282e-02;2.5000000e+00;4.5396894e-02;2.5000000e+00;6.9316896e-03;2.5000000e+00;1.1123410e-02;2.5000000e+00;1.9850148e-02;2.5000000e+00;3.3082474e-02;2.5000000e+00;4.9794018e-02;2.5000000e+00;7.0049495e-02;2.5000000e+00;9.3210608e-02;2.5000000e+00;1.1775054e-01;2.5000000e+00;1.4294396e-01;2.5000000e+00;1.6552767e-01;2.5000000e+00;1.9112691e-01;2.5000000e+00;2.1388280e-01;2.5000000e+00;2.2592059e-01;2.5000000e+00;2.1338198e-01;2.5000000e+00;1.8047769e-01;2.5000000e+00;1.3494475e-01;2.5000000e+00;8.8037282e-02;2.5000000e+00;4.5396894e-02;2.5000000e+00;6.9316896e-03;2.5000000e+00;1.1123410e-02;2.5000000e+00;1.9850148e-02;2.5000000e+00;3.3082474e-02;2.5000000e+00;4.9794018e-02;2.5000000e+00;7.0049495e-02;2.5000000e+00;9.3210608e-02;2.5000000e+00;1.1775054e-01;2.5000000e+00;1.4294396e-01;2.5000000e+00;1.6552767e-01;2.5000000e+00;1.9112691e-01;2.5000000e+00;2.1388280e-01;2.5000000e+00;2.2592059e-01;2.5000000e+00;2.1338198e-01;2.5000000e+00;1.8047769e-01;2.5000000e+00;1.3494475e-01;2.5000000e+00;8.8037282e-02;2.5000000e+00;4.5396894e-02;2.5000000e+00;6.9316896e-03;2.5000000e+00;1.1123410e-02;2.5000000e+00;1.9850148e-02;2.5000000e+00;3.3082474e-02;2.5000000e+00;4.9794018e-02;2.5000000e+00;7.0049495e-02;2.5000000e+00;9.3210608e-02;2.5000000e+00;1.1775054e-01;2.5000000e+00;1.4294396e-01;2.5000000e+00;1.6552767e-01;2.5000000e+00;1.9112691e-01;2.5000000e+00;2.1388280e-01;2.5000000e+00;2.2592059e-01;2.5000000e+00;2.1338198e-01;2.5000000e+00;1.8047769e-01;2.5000000e+00;1.3494475e-01;2.5000000e+00;8.8037282e-02;2.5000000e+00;4.5396894e-02;2.5000000e+00;6.9316896e-03;2.5000000e+00;1.1123410e-02;2.5000000e+00;1.9850148e-02;2.5000000e+00;3.3082474e-02;2.5000000e+00;4.9794018e-02;2.5000000e+00;7.0049495e-02;2.5000000e+00;9.3210608e-02;2.5000000e+00;1.1775054e-01;2.5000000e+00;1.4294396e-01;2.5000000e+00;1.6552767e-01;2.5000000e+00;1.9112691e-01;2.5000000e+00;2.1388280e-01;2.5000000e+00;2.2592059e-01;2.5000000e+00;2.1338198e-01;2.5000000e+00;1.8047769e-01;2.5000000e+00;1.3494475e-01;2.5000000e+00;8.8037282e-02;2.5000000e+00;4.5396894e-02;2.5000000e+00;6.9316896e-03;2.5000000e+00;1.1123410e-02;2.5000000e+00;1.9850148e-02;2.5000000e+00;3.3082474e-02;2.5000000e+00;4.9794018e-02;2.5000000e+00;7.0049495e-02;2.5000000e+00;9.3210608e-02;2.5000000e+00;1.1775054e-01;2.5000000e+00;1.4294396e-01;2.5000000e+00;1.6552767e-01;2.5000000e+00;1.9112691e-01;2.5000000e+00;2.1388280e-01;2.5000000e+00;2.2592059e-01;2.5000000e+00;2.1338198e-01;2.5000000e+00;1.8047769e-01;2.5000000e+00;1.3494475e-01;2.5000000e+00;8.8037282e-02;2.5000000e+00;4.5396894e-02;2.5000000e+00;6.9316896e-03;2.5000000e+00;1.1123410e-02;2.5000000e+00;1.9850148e-02;2.5000000e+00;3.3082474e-02;2.5000000e+00;4.9794018e-02;2.5000000e+00;7.0049495e-02;2.5000000e+00;9.3210608e-02;2.5000000e+00;1.1775054e-01;2.5000000e+00;1.4294396e-01;2.5000000e+00;1.6552767e-01;2.5000000e+00;1.9112691e-01;2.5000000e+00;2.1388280e-01;2.5000000e+00;2.2592059e-01;2.5000000e+00;2.1338198e-01;2.5000000e+00;1.8047769e-01;2.5000000e+00;1.3494475e-01;2.5000000e+00;8.8037282e-02;2.5000000e+00;4.5396894e-02;2.5000000e+00;6.9316896e-03;2.5000000e+00;1.1123410e-02;2.5000000e+00;1.9850148e-02;2.5000000e+00;3.3082474e-02;2.5000000e+00;4.9794018e-02;2.5000000e+00;7.0049495e-02;2.5000000e+00;9.3210608e-02;2.5000000e+00;1.1775054e-01;2.5000000e+00;1.4294396e-01;2.5000000e+00;1.6552767e-01;2.5000000e+00;1.9112691e-01;2.5000000e+00;2.1388280e-01;2.5000000e+00;2.2592059e-01;2.5000000e+00;2.1338198e-01;2.5000000e+00;1.8047769e-01;2.5000000e+00;1.3494475e-01;2.5000000e+00;8.8037282e-02;2.5000000e+00;4.5396894e-02;2.5000000e+00;6.9316896e-03;2.5000000e+00;1.1123410e-02;2.5000000e+00;1.9850148e-02;2.5000000e+00;3.3082474e-02;2.5000000e+00;4.9794018e-02;2.5000000e+00;7.0049495e-02;2.5000000e+00;9.3210608e-02;2.5000000e+00;1.1775054e-01;2.5000000e+00;1.4294396e-01;2.5000000e+00;1.6552767e-01;2.5000000e+00;1.9112691e-01;2.5000000e+00;2.1388280e-01;2.5000000e+00;2.2592059e-01;2.5000000e+00;2.1338198e-01;2.5000000e+00;1.8047769e-01;2.5000000e+00;1.3494475e-01;2.5000000e+00;8.8037282e-02;2.5000000e+00;4.5396894e-02;2.5000000e+00;6.9316896e-03;2.5000000e+00;1.1123410e-02;2.5000000e+00;1.9850148e-02;2.5000000e+00;3.3082474e-02;2.5000000e+00;4.9794018e-02;2.5000000e+00;7.0049495e-02;2.5000000e+00;9.3210608e-02;2.5000000e+00;1.1775054e-01;2.5000000e+00;1.4294396e-01;2.5000000e+00;1.6552767e-01;2.5000000e+00;1.9112691e-01;2.5000000e+00;2.1388280e-01;2.5000000e+00;2.2592059e-01;2.5000000e+00;2.1338198e-01;2.5000000e+00;1.8047769e-01;2.5000000e+00;1.3494475e-01;2.5000000e+00;8.8037282e-02;2.5000000e+00;4.5396894e-02;2.5000000e+00;6.9316896e-03;2.5000000e+00;1.1123410e-02;2.5000000e+00;1.9850148e-02;2.5000000e+00;3.3082474e-02;2.5000000e+00;4.9794018e-02;2.5000000e+00;7.0049495e-02;2.5000000e+00;9.3210608e-02;2.5000000e+00;1.1775054e-01;2.5000000e+00;1.4294396e-01;2.5000000e+00;1.6552767e-01;2.5000000e+00;1.9112691e-01;2.5000000e+00;2.1388280e-01;2.5000000e+00;2.2592059e-01;2.5000000e+00;2.1338198e-01;2.5000000e+00;1.8047769e-01;2.5000000e+00;1.3494475e-01;2.5000000e+00;8.8037282e-02;2.5000000e+00;4.5396894e-02;2.5000000e+00;6.9316896e-03;2.5000000e+00;1.1123410e-02;2.5000000e+00;1.9850148e-02;2.5000000e+00;3.3082474e-02;2.5000000e+00;4.9794018e-02;2.5000000e+00;7.0049495e-02;2.5000000e+00;9.3210608e-02;2.5000000e+00;1.1775054e-01;2.5000000e+00;1.4294396e-01;2.5000000e+00;1.6552767e-01;2.5000000e+00;1.9112691e-01;2.5000000e+00;2.1388280e-01;2.5000000e+00;2.2592059e-01;2.5000000e+00;2.1338198e-01;2.5000000e+00;1.8047769e-01;2.5000000e+00;1.3494475e-01;2.5000000e+00;8.8037282e-02;2.5000000e+00;4.5396894e-02;2.5000000e+00;6.9316896e-03;2.5000000e+00;1.1123410e-02;2.5000000e+00;1.9850148e-02;2.5000000e+00;3.3082474e-02;2.5000000e+00;4.9794018e-02;2.5000000e+00;7.0049495e-02;2.5000000e+00;9.3210608e-02;2.5000000e+00;1.1775054e-01;2.5000000e+00;1.4294396e-01;2.5000000e+00;1.6552767e-01;2.5000000e+00;1.9112691e-01;2.5000000e+00;2.1388280e-01;2.5000000e+00;2.2592059e-01;2.5000000e+00;2.1338198e-01;2.5000000e+00;1.8047769e-01;2.5000000e+00;1.3494475e-01;2.5000000e+00;8.8037282e-02;2.5000000e+00;4.5396894e-02;2.5000000e+00;6.9316896e-03;2.5000000e+00;1.1123410e-02;2.5000000e+00;1.9850148e-02;2.5000000e+00;3.3082474e-02;2.5000000e+00;4.9794018e-02;2.5000000e+00;7.0049495e-02;2.5000000e+00;9.3210608e-02;2.5000000e+00;1.1775054e-01;2.5000000e+00;1.4294396e-01;2.5000000e+00;1.6552767e-01;2.5000000e+00;1.9112691e-01;2.5000000e+00;2.1388280e-01;2.5000000e+00;2.2592059e-01;2.5000000e+00;2.1338198e-01;2.5000000e+00;1.8047769e-01;2.5000000e+00;1.3494475e-01;2.5000000e+00;8.8037282e-02;2.5000000e+00;4.5396894e-02;2.5000000e+00;6.9316896e-03;2.5000000e+00;1.1123410e-02;2.5000000e+00;1.9850148e-02;2.5000000e+00;3.3082474e-02;2.5000000e+00;4.9794018e-02;2.5000000e+00;7.0049495e-02;2.5000000e+00;9.3210608e-02;2.5000000e+00;1.1775054e-01;2.5000000e+00;1.4294396e-01;2.5000000e+00;1.6552767e-01;2.5000000e+00;1.9112691e-01;2.5000000e+00;2.1388280e-01;2.5000000e+00;2.2592059e-01;2.5000000e+00;2.1338198e-01;2.5000000e+00;1.8047769e-01;2.5000000e+00;1.3494475e-01;2.5000000e+00;8.8037282e-02;2.5000000e+00;4.5396894e-02;2.5000000e+00;6.9316896e-03;2.5000000e+00;1.1123410e-02;2.5000000e+00;1.9850148e-02;2.5000000e+00;3.3082474e-02;2.5000000e+00;4.9794018e-02;2.5000000e+00;7.0049495e-02;2.5000000e+00;9.3210608e-02;2.5000000e+00;1.1775054e-01;2.5000000e+00;1.4294396e-01;2.5000000e+00;1.6552767e-01;2.5000000e+00;1.9112691e-01;2.5000000e+00;2.1388280e-01;2.5000000e+00;2.2592059e-01;2.5000000e+00;2.1338198e-01;2.5000000e+00;1.8047769e-01;2.5000000e+00;1.3494475e-01;2.5000000e+00;8.8037282e-02;2.5000000e+00;4.5396894e-02;2.5000000e+00;6.9316896e-03;2.5000000e+00;1.1123410e-02;2.5000000e+00;1.9850148e-02;2.5000000e+00;3.3082474e-02;2.5000000e+00;4.9794018e-02;2.5000000e+00;7.0049495e-02;2.5000000e+00;9.3210608e-02;2.5000000e+00;1.1775054e-01;2.5000000e+00;1.4294396e-01;2.5000000e+00;1.6552767e-01;2.5000000e+00;1.9112691e-01;2.5000000e+00;2.1388280e-01;2.5000000e+00;2.2592059e-01;2.5000000e+00;2.1338198e-01;2.5000000e+00;1.8047769e-01;2.5000000e+00;1.3494475e-01;2.5000000e+00;8.8037282e-02;2.5000000e+00;4.5396894e-02;2.5000000e+00;6.9316896e-03;2.5000000e+00;1.1123410e-02;2.5000000e+00;1.9850148e-02;2.5000000e+00;3.3082474e-02;2.5000000e+00;4.9794018e-02;2.5000000e+00;7.0049495e-02;2.5000000e+00;9.3210608e-02;2.5000000e+00;1.1775054e-01;2.5000000e+00;1.4294396e-01;2.5000000e+00;1.6552767e-01;2.5000000e+00;1.9112691e-01;2.5000000e+00;2.1388280e-01;2.5000000e+00;2.2592059e-01;2.5000000e+00;2.1338198e-01;2.5000000e+00;1.8047769e-01;2.5000000e+00;1.3494475e-01;2.5000000e+00;8.8037282e-02;2.5000000e+00;4.5396894e-02;2.5000000e+00;6.9316896e-03;2.5000000e+00;1.1123410e-02;2.5000000e+00;1.9850148e-02;2.5000000e+00;3.3082474e-02;2.5000000e+00;4.9794018e-02;2.5000000e+00;7.0049495e-02;2.5000000e+00;9.3210608e-02;2.5000000e+00;1.1775054e-01;2.5000000e+00;1.4294396e-01;2.5000000e+00;1.6552767e-01;2.5000000e+00;1.9112691e-01;2.5000000e+00;2.1388280e-01;2.5000000e+00;2.2592059e-01;2.5000000e+00;2.1338198e-01;2.5000000e+00;1.8047769e-01;2.5000000e+00;1.3494475e-01;2.5000000e+00;8.8037282e-02;2.5000000e+00;4.5396894e-02;2.5000000e+00;6.9316896e-03;2.5000000e+00;1.1123410e-02;2.5000000e+00;1.9850148e-02;2.5000000e+00;3.3082474e-02;2.5000000e+00;4.9794018e-02;2.5000000e+00;7.0049495e-02;2.5000000e+00;9.3210608e-02;2.5000000e+00;1.1775054e-01;2.5000000e+00;1.4294396e-01;2.5000000e+00;1.6552767e-01;2.5000000e+00;1.9112691e-01;2.5000000e+00;2.1388280e-01;2.5000000e+00;2.2592059e-01;2.5000000e+00;2.1338198e-01;2.5000000e+00;1.8047769e-01;2.5000000e+00;1.3494475e-01;2.5000000e+00;8.8037282e-02;2.5000000e+00;4.5396894e-02;2.5000000e+00;6.9316896e-03;2.5000000e+00;1.1123410e-02;2.5000000e+00;1.9850148e-02;2.5000000e+00;3.3082474e-02;2.5000000e+00;4.9794018e-02;2.5000000e+00;7.0049495e-02;2.5000000e+00;9.3210608e-02;2.5000000e+00;1.1775054e-01;2.5000000e+00;1.4294396e-01;2.5000000e+00;1.6552767e-01;2.5000000e+00;1.9112691e-01;2.5000000e+00;2.1388280e-01;2.5000000e+00;2.2592059e-01;2.5000000e+00;2.1338198e-01;2.5000000e+00;1.8047769e-01;2.5000000e+00;1.3494475e-01;2.5000000e+00;8.8037282e-02;2.5000000e+00;4.5396894e-02;2.5000000e+00;6.9316896e-03;2.5000000e+00;1.1123410e-02;2.5000000e+00;1.9850148e-02;2.5000000e+00;3.3082474e-02;2.5000000e+00;4.9794018e-02;2.5000000e+00;7.0049495e-02;2.5000000e+00;9.3210608e-02;2.5000000e+00;1.1775054e-01;2.5000000e+00;1.4294396e-01;2.5000000e+00;1.6552767e-01;2.5000000e+00;1.9112691e-01;2.5000000e+00;2.1388280e-01;2.5000000e+00;2.2592059e-01;2.5000000e+00;2.1338198e-01;2.5000000e+00;1.8047769e-01;2.5000000e+00;1.3494475e-01;2.5000000e+00;8.8037282e-02;2.5000000e+00;4.5396894e-02;2.5000000e+00;6.9316896e-03;2.5000000e+00;1.1123410e-02;2.5000000e+00;1.9850148e-02;2.5000000e+00;3.3082474e-02;2.5000000e+00;4.9794018e-02;2.5000000e+00;7.0049495e-02;2.5000000e+00;9.3210608e-02;2.5000000e+00;1.1775054e-01;2.5000000e+00;1.4294396e-01;2.5000000e+00;1.6552767e-01;2.5000000e+00;1.9112691e-01;2.5000000e+00;2.1388280e-01;2.5000000e+00;2.2592059e-01;2.5000000e+00;2.1338198e-01;2.5000000e+00;1.8047769e-01;2.5000000e+00;1.3494475e-01;2.5000000e+00;8.8037282e-02;2.5000000e+00;4.5396894e-02;2.5000000e+00;6.9316896e-03;2.5000000e+00;1.1123410e-02;2.5000000e+00;1.9850148e-02;2.5000000e+00;3.3082474e-02;2.5000000e+00;4.9794018e-02;2.5000000e+00;7.0049495e-02;2.5000000e+00;9.3210608e-02;2.5000000e+00;1.1775054e-01;2.5000000e+00;1.4294396e-01;2.5000000e+00;1.6552767e-01;2.5000000e+00;1.9112691e-01;2.5000000e+00;2.1388280e-01;2.5000000e+00;2.2592059e-01;2.5000000e+00;2.1338198e-01;2.5000000e+00;1.8047769e-01;2.5000000e+00;1.3494475e-01;2.5000000e+00;8.8037282e-02;2.5000000e+00;4.5396894e-02;2.5000000e+00;6.9316896e-03;2.5000000e+00;1.1123410e-02;2.5000000e+00;1.9850148e-02;2.5000000e+00;3.3082474e-02;2.5000000e+00;4.9794018e-02;2.5000000e+00;7.0049495e-02;2.5000000e+00;9.3210608e-02;2.5000000e+00;1.1775054e-01;2.5000000e+00;1.4294396e-01;2.5000000e+00;1.6552767e-01;2.5000000e+00;1.9112691e-01;2.5000000e+00;2.1388280e-01;2.5000000e+00;2.2592059e-01;2.5000000e+00;2.1338198e-01;2.5000000e+00;1.8047769e-01;2.5000000e+00;1.3494475e-01;2.5000000e+00;8.8037282e-02;2.5000000e+00;4.5396894e-02;2.5000000e+00;6.9316896e-03;2.5000000e+00;1.1123410e-02;2.5000000e+00;1.9850148e-02;2.5000000e+00;3.3082474e-02;2.5000000e+00;4.9794018e-02;2.5000000e+00;7.0049495e-02;2.5000000e+00;9.3210608e-02;2.5000000e+00;1.1775054e-01;2.5000000e+00;1.4294396e-01;2.5000000e+00;1.6552767e-01;2.5000000e+00;1.9112691e-01;2.5000000e+00;2.1388280e-01;2.5000000e+00;2.2592059e-01;2.5000000e+00;2.1338198e-01;2.5000000e+00;1.8047769e-01;2.5000000e+00;1.3494475e-01;2.5000000e+00;8.8037282e-02;2.5000000e+00;4.5396894e-02;2.5000000e+00;6.9316896e-03;2.5000000e+00;1.1123410e-02;2.5000000e+00;1.9850148e-02;2.5000000e+00;3.3082474e-02;2.5000000e+00;4.9794018e-02;2.5000000e+00;7.0049495e-02;2.5000000e+00;9.3210608e-02;2.5000000e+00;1.1775054e-01;2.5000000e+00;1.4294396e-01;2.5000000e+00;1.6552767e-01;2.5000000e+00;1.9112691e-01;2.5000000e+00;2.1388280e-01;2.5000000e+00;2.2592059e-01;2.5000000e+00;2.1338198e-01;2.5000000e+00;1.8047769e-01;2.5000000e+00;1.3494475e-01;2.5000000e+00;8.8037282e-02;2.5000000e+00;4.5396894e-02;2.5000000e+00;6.9316896e-03;2.5000000e+00;1.1123410e-02;2.5000000e+00;1.9850148e-02;2.5000000e+00;3.3082474e-02;2.5000000e+00;4.9794018e-02;2.5000000e+00;7.0049495e-02;2.5000000e+00;9.3210608e-02;2.5000000e+00;1.1775054e-01;2.5000000e+00;1.4294396e-01;2.5000000e+00;1.6552767e-01;2.5000000e+00;1.9112691e-01;2.5000000e+00;2.1388280e-01;2.5000000e+00;2.2592059e-01;2.5000000e+00;2.1338198e-01;2.5000000e+00;1.8047769e-01;2.5000000e+00;1.3494475e-01;2.5000000e+00;8.8037282e-02;2.5000000e+00;4.5396894e-02;2.5000000e+00;6.9316896e-03;2.5000000e+00;1.1123410e-02;2.5000000e+00;1.9850148e-02;2.5000000e+00;3.3082474e-02;2.5000000e+00;4.9794018e-02;2.5000000e+00;7.0049495e-02;2.5000000e+00;9.3210608e-02;2.5000000e+00;1.1775054e-01;2.5000000e+00;1.4294396e-01;2.5000000e+00;1.6552767e-01;2.5000000e+00;1.9112691e-01;2.5000000e+00;2.1388280e-01;2.5000000e+00;2.2592059e-01;2.5000000e+00;2.1338198e-01;2.5000000e+00;1.8047769e-01;2.5000000e+00;1.3494475e-01;2.5000000e+00;8.8037282e-02;2.5000000e+00;4.5396894e-02;2.5000000e+00;6.9316896e-03;2.5000000e+00;1.1123410e-02;2.5000000e+00;1.9850148e-02;2.5000000e+00;3.3082474e-02;2.5000000e+00;4.9794018e-02;2.5000000e+00;7.0049495e-02;2.5000000e+00;9.3210608e-02;2.5000000e+00;1.1775054e-01;2.5000000e+00;1.4294396e-01;2.5000000e+00;1.6552767e-01;2.5000000e+00;1.9112691e-01;2.5000000e+00;2.1388280e-01;2.5000000e+00;2.2592059e-01;2.5000000e+00;2.1338198e-01;2.5000000e+00;1.8047769e-01;2.5000000e+00;1.3494475e-01;2.5000000e+00;8.8037282e-02;2.5000000e+00;4.5396894e-02;2.5000000e+00;6.9316896e-03;2.5000000e+00;1.1123410e-02;2.5000000e+00;1.9850148e-02;2.5000000e+00;3.3082474e-02;2.5000000e+00;4.9794018e-02;2.5000000e+00;7.0049495e-02;2.5000000e+00;9.3210608e-02;2.5000000e+00;1.1775054e-01;2.5000000e+00;1.4294396e-01;2.5000000e+00;1.6552767e-01;2.5000000e+00;1.9112691e-01;2.5000000e+00;2.1388280e-01;2.5000000e+00;2.2592059e-01;2.5000000e+00;2.1338198e-01;2.5000000e+00;1.8047769e-01;2.5000000e+00;1.3494475e-01;2.5000000e+00;8.8037282e-02;2.5000000e+00;4.5396894e-02;2.5000000e+00;6.9316896e-03;2.5000000e+00;1.1123410e-02;2.5000000e+00;1.9850148e-02;2.5000000e+00;3.3082474e-02;2.5000000e+00;4.9794018e-02;2.5000000e+00;7.0049495e-02;2.5000000e+00;9.3210608e-02;2.5000000e+00;1.1775054e-01;2.5000000e+00;1.4294396e-01;2.5000000e+00;1.6552767e-01;2.5000000e+00;1.9112691e-01;2.5000000e+00;2.1388280e-01;2.5000000e+00;2.2592059e-01;2.5000000e+00;2.1338198e-01;2.5000000e+00;1.8047769e-01;2.5000000e+00;1.3494475e-01;2.5000000e+00;8.8037282e-02;2.5000000e+00;4.5396894e-02;2.5000000e+00;6.9316896e-03;2.5000000e+00;1.1123410e-02;2.5000000e+00;1.9850148e-02;2.5000000e+00;3.3082474e-02;2.5000000e+00;4.9794018e-02;2.5000000e+00;7.0049495e-02;2.5000000e+00;9.3210608e-02;2.5000000e+00;1.1775054e-01;2.5000000e+00;1.4294396e-01;2.5000000e+00;1.6552767e-01;2.5000000e+00;1.9112691e-01;2.5000000e+00;2.1388280e-01;2.5000000e+00;2.2592059e-01;2.5000000e+00;2.1338198e-01;2.5000000e+00;1.8047769e-01;2.5000000e+00;1.3494475e-01;2.5000000e+00;8.8037282e-02;2.5000000e+00;4.5396894e-02;2.5000000e+00;6.9316896e-03;2.5000000e+00;1.1123410e-02;2.5000000e+00;1.9850148e-02;2.5000000e+00;3.3082474e-02;2.5000000e+00;4.9794018e-02;2.5000000e+00;7.0049495e-02;2.5000000e+00;9.3210608e-02;2.5000000e+00;1.1775054e-01;2.5000000e+00;1.4294396e-01;2.5000000e+00;1.6552767e-01;2.5000000e+00;1.9112691e-01;2.5000000e+00;2.1388280e-01;2.5000000e+00;2.2592059e-01;2.5000000e+00;2.1338198e-01;2.5000000e+00;1.8047769e-01;2.5000000e+00;1.3494475e-01;2.5000000e+00;8.8037282e-02;2.5000000e+00;4.5396894e-02;2.5000000e+00;6.9316896e-03;2.5000000e+00;1.1123410e-02;2.5000000e+00;1.9850148e-02;2.5000000e+00;3.3082474e-02;2.5000000e+00;4.9794018e-02;2.5000000e+00;7.0049495e-02;2.5000000e+00;9.3210608e-02;2.5000000e+00;1.1775054e-01;2.5000000e+00;1.4294396e-01;2.5000000e+00;1.6552767e-01;2.5000000e+00;1.9112691e-01;2.5000000e+00;2.1388280e-01;2.5000000e+00;2.2592059e-01;2.5000000e+00;2.1338198e-01;2.5000000e+00;1.8047769e-01;2.5000000e+00;1.3494475e-01;2.5000000e+00;8.8037282e-02;2.5000000e+00;4.5396894e-02;2.5000000e+00;6.9316896e-03;2.5000000e+00;1.1123410e-02;2.5000000e+00;1.9850148e-02;2.5000000e+00;3.3082474e-02;2.5000000e+00;4.9794018e-02;2.5000000e+00;7.0049495e-02;2.5000000e+00;9.3210608e-02;2.5000000e+00;1.1775054e-01;2.5000000e+00;1.4294396e-01;2.5000000e+00;1.6552767e-01;2.5000000e+00;1.9112691e-01;2.5000000e+00;2.1388280e-01;2.5000000e+00;2.2592059e-01;2.5000000e+00;2.1338198e-01;2.5000000e+00;1.8047769e-01;2.5000000e+00;1.3494475e-01;2.5000000e+00;8.8037282e-02;2.5000000e+00;4.5396894e-02;2.5000000e+00;6.9316896e-03;2.5000000e+00;1.1123410e-02;2.5000000e+00;1.9850148e-02;2.5000000e+00;3.3082474e-02;2.5000000e+00;4.9794018e-02;2.5000000e+00;7.0049495e-02;2.5000000e+00;9.3210608e-02;2.5000000e+00;1.1775054e-01;2.5000000e+00;1.4294396e-01;2.5000000e+00;1.6552767e-01;2.5000000e+00;1.9112691e-01;2.5000000e+00;2.1388280e-01;2.5000000e+00;2.2592059e-01;2.5000000e+00;2.1338198e-01;2.5000000e+00;1.8047769e-01;2.5000000e+00;1.3494475e-01;2.5000000e+00;8.8037282e-02;2.5000000e+00;4.5396894e-02;2.5000000e+00;6.9316896e-03;2.5000000e+00;1.1123410e-02;2.5000000e+00;1.9850148e-02;2.5000000e+00;3.3082474e-02;2.5000000e+00;4.9794018e-02;2.5000000e+00;7.0049495e-02;2.5000000e+00;9.3210608e-02;2.5000000e+00;1.1775054e-01;2.5000000e+00;1.4294396e-01;2.5000000e+00;1.6552767e-01;2.5000000e+00;1.9112691e-01;2.5000000e+00;2.1388280e-01;2.5000000e+00;2.2592059e-01;2.5000000e+00;2.1338198e-01;2.5000000e+00;1.8047769e-01;2.5000000e+00;1.3494475e-01;2.5000000e+00;8.8037282e-02;2.5000000e+00;4.5396894e-02;2.5000000e+00;6.9316896e-03;2.5000000e+00;1.1123410e-02;2.5000000e+00;1.9850148e-02;2.5000000e+00;3.3082474e-02;2.5000000e+00;4.9794018e-02;2.5000000e+00;7.0049495e-02;2.5000000e+00;9.3210608e-02;2.5000000e+00;1.1775054e-01;2.5000000e+00;1.4294396e-01;2.5000000e+00;1.6552767e-01;2.5000000e+00;1.9112691e-01;2.5000000e+00;2.1388280e-01;2.5000000e+00;2.2592059e-01;2.5000000e+00;2.1338198e-01;2.5000000e+00;1.8047769e-01;2.5000000e+00;1.3494475e-01;2.5000000e+00;8.8037282e-02;2.5000000e+00;4.5396894e-02;2.5000000e+00;6.9316896e-03;2.5000000e+00;1.1123410e-02;2.5000000e+00;1.9850148e-02;2.5000000e+00;3.3082474e-02;2.5000000e+00;4.9794018e-02;2.5000000e+00;7.0049495e-02;2.5000000e+00;9.3210608e-02;2.5000000e+00;1.1775054e-01;2.5000000e+00;1.4294396e-01;2.5000000e+00;1.6552767e-01;2.5000000e+00;1.9112691e-01;2.5000000e+00;2.1388280e-01;2.5000000e+00;2.2592059e-01;2.5000000e+00;2.1338198e-01;2.5000000e+00;1.8047769e-01;2.5000000e+00;1.3494475e-01;2.5000000e+00;8.8037282e-02;2.5000000e+00;4.5396894e-02;2.5000000e+00;6.9316896e-03;2.5000000e+00;1.1123410e-02;2.5000000e+00;1.9850148e-02;2.5000000e+00;3.3082474e-02;2.5000000e+00;4.9794018e-02;2.5000000e+00;7.0049495e-02;2.5000000e+00;9.3210608e-02;2.5000000e+00;1.1775054e-01;2.5000000e+00;1.4294396e-01;2.5000000e+00;1.6552767e-01;2.5000000e+00;1.9112691e-01;2.5000000e+00;2.1388280e-01;2.5000000e+00;2.2592059e-01;2.5000000e+00;2.1338198e-01;2.5000000e+00;1.8047769e-01;2.5000000e+00;1.3494475e-01;2.5000000e+00;8.8037282e-02;2.5000000e+00;4.5396894e-02;2.5000000e+00;6.9316896e-03;2.5000000e+00;1.1123410e-02;2.5000000e+00;1.9850148e-02;2.5000000e+00;3.3082474e-02;2.5000000e+00;4.9794018e-02;2.5000000e+00;7.0049495e-02;2.5000000e+00;9.3210608e-02;2.5000000e+00;1.1775054e-01;2.5000000e+00;1.4294396e-01;2.5000000e+00;1.6552767e-01;2.5000000e+00;1.9112691e-01;2.5000000e+00;2.1388280e-01;2.5000000e+00;2.2592059e-01;2.5000000e+00;2.1338198e-01;2.5000000e+00;1.8047769e-01;2.5000000e+00;1.3494475e-01;2.5000000e+00;8.8037282e-02;2.5000000e+00;4.5396894e-02;2.5000000e+00;6.9316896e-03;2.5000000e+00;1.1123410e-02;2.5000000e+00;1.9850148e-02;2.5000000e+00;3.3082474e-02;2.5000000e+00;4.9794018e-02;2.5000000e+00;7.0049495e-02;2.5000000e+00;9.3210608e-02;2.5000000e+00;1.1775054e-01;2.5000000e+00;1.4294396e-01;2.5000000e+00;1.6552767e-01;2.5000000e+00;1.9112691e-01;2.5000000e+00;2.1388280e-01;2.5000000e+00;2.2592059e-01;2.5000000e+00;2.1338198e-01;2.5000000e+00;1.8047769e-01;2.5000000e+00;1.3494475e-01;2.5000000e+00;8.8037282e-02;2.5000000e+00;4.5396894e-02;2.5000000e+00;6.9316896e-03;2.5000000e+00;1.1123410e-02;2.5000000e+00;1.9850148e-02;2.5000000e+00;3.3082474e-02;2.5000000e+00;4.9794018e-02;2.5000000e+00;7.0049495e-02;2.5000000e+00;9.3210608e-02;2.5000000e+00;1.1775054e-01;2.5000000e+00;1.4294396e-01;2.5000000e+00;1.6552767e-01;2.5000000e+00;1.9112691e-01;2.5000000e+00;2.1388280e-01;2.5000000e+00;2.2592059e-01;2.5000000e+00;2.1338198e-01;2.5000000e+00;1.8047769e-01;2.5000000e+00;1.3494475e-01;2.5000000e+00;8.8037282e-02;2.5000000e+00;4.5396894e-02;2.5000000e+00;6.9316896e-03;2.5000000e+00;1.1123410e-02;2.5000000e+00;1.9850148e-02;2.5000000e+00;3.3082474e-02;2.5000000e+00;4.9794018e-02;2.5000000e+00;7.0049495e-02;2.5000000e+00;9.3210608e-02;2.5000000e+00;1.1775054e-01;2.5000000e+00;1.4294396e-01;2.5000000e+00;1.6552767e-01;2.5000000e+00;1.9112691e-01;2.5000000e+00;2.1388280e-01;2.5000000e+00;2.2592059e-01;2.5000000e+00;2.1338198e-01;2.5000000e+00;1.8047769e-01;2.5000000e+00;1.3494475e-01;2.5000000e+00;8.8037282e-02;2.5000000e+00;4.5396894e-02;2.5000000e+00;6.9316896e-03;2.5000000e+00;1.1123410e-02;2.5000000e+00;1.9850148e-02;2.5000000e+00;3.3082474e-02;2.5000000e+00;4.9794018e-02;2.5000000e+00;7.0049495e-02;2.5000000e+00;9.3210608e-02;2.5000000e+00;1.1775054e-01;2.5000000e+00;1.4294396e-01;2.5000000e+00;1.6552767e-01;2.5000000e+00;1.9112691e-01;2.5000000e+00;2.1388280e-01;2.5000000e+00;2.2592059e-01;2.5000000e+00;2.1338198e-01;2.5000000e+00;1.8047769e-01;2.5000000e+00;1.3494475e-01;2.5000000e+00;8.8037282e-02;2.5000000e+00;4.5396894e-02;2.5000000e+00;6.9316896e-03;2.5000000e+00;1.1123410e-02;2.5000000e+00;1.9850148e-02;2.5000000e+00;3.3082474e-02;2.5000000e+00;4.9794018e-02;2.5000000e+00;7.0049495e-02;2.5000000e+00;9.3210608e-02;2.5000000e+00;1.1775054e-01;2.5000000e+00;1.4294396e-01;2.5000000e+00;1.6552767e-01;2.5000000e+00;1.9112691e-01;2.5000000e+00;2.1388280e-01;2.5000000e+00;2.2592059e-01;2.5000000e+00;2.1338198e-01;2.5000000e+00;1.8047769e-01;2.5000000e+00;1.3494475e-01;2.5000000e+00;8.8037282e-02;2.5000000e+00;4.5396894e-02;2.5000000e+00;6.9316896e-03;2.5000000e+00;1.1123410e-02;2.5000000e+00;1.9850148e-02;2.5000000e+00;3.3082474e-02;2.5000000e+00;4.9794018e-02;2.5000000e+00;7.0049495e-02;2.5000000e+00;9.3210608e-02;2.5000000e+00;1.1775054e-01;2.5000000e+00;1.4294396e-01;2.5000000e+00;1.6552767e-01;2.5000000e+00;1.9112691e-01;2.5000000e+00;2.1388280e-01;2.5000000e+00;2.2592059e-01;2.5000000e+00;2.1338198e-01;2.5000000e+00;1.8047769e-01;2.5000000e+00;1.3494475e-01;2.5000000e+00;8.8037282e-02;2.5000000e+00;4.5396894e-02;2.5000000e+00;6.9316896e-03;2.5000000e+00;1.1123410e-02;2.5000000e+00;1.9850148e-02;2.5000000e+00;3.3082474e-02;2.5000000e+00;4.9794018e-02;2.5000000e+00;7.0049495e-02;2.5000000e+00;9.3210608e-02;2.5000000e+00;1.1775054e-01;2.5000000e+00;1.4294396e-01;2.5000000e+00;1.6552767e-01;2.5000000e+00;1.9112691e-01;2.5000000e+00;2.1388280e-01;2.5000000e+00;2.2592059e-01;2.5000000e+00;2.1338198e-01;2.5000000e+00;1.8047769e-01;2.5000000e+00;1.3494475e-01;2.5000000e+00;8.8037282e-02;2.5000000e+00;4.5396894e-02;2.5000000e+00;6.9316896e-03;2.5000000e+00;1.1123410e-02;2.5000000e+00;1.9850148e-02;2.5000000e+00;3.3082474e-02;2.5000000e+00;4.9794018e-02;2.5000000e+00;7.0049495e-02;2.5000000e+00;9.3210608e-02;2.5000000e+00;1.1775054e-01;2.5000000e+00;1.4294396e-01;2.5000000e+00;1.6552767e-01;2.5000000e+00;1.9112691e-01;2.5000000e+00;2.1388280e-01;2.5000000e+00;2.2592059e-01;2.5000000e+00;2.1338198e-01;2.5000000e+00;1.8047769e-01;2.5000000e+00;1.3494475e-01;2.5000000e+00;8.8037282e-02;2.5000000e+00;4.5396894e-02;2.5000000e+00;6.9316896e-03;2.5000000e+00;1.1123410e-02;2.5000000e+00;1.9850148e-02;2.5000000e+00;3.3082474e-02;2.5000000e+00;4.9794018e-02;2.5000000e+00;7.0049495e-02;2.5000000e+00;9.3210608e-02;2.5000000e+00;1.1775054e-01;2.5000000e+00;1.4294396e-01;2.5000000e+00;1.6552767e-01;2.5000000e+00;1.9112691e-01;2.5000000e+00;2.1388280e-01;2.5000000e+00;2.2592059e-01;2.5000000e+00;2.1338198e-01;2.5000000e+00;1.8047769e-01;2.5000000e+00;1.3494475e-01;2.5000000e+00;8.8037282e-02;2.5000000e+00;4.5396894e-02;2.5000000e+00;6.9316896e-03;2.5000000e+00;1.1123410e-02;2.5000000e+00;1.9850148e-02;2.5000000e+00;3.3082474e-02;2.5000000e+00;4.9794018e-02;2.5000000e+00;7.0049495e-02;2.5000000e+00;9.3210608e-02;2.5000000e+00;1.1775054e-01;2.5000000e+00;1.4294396e-01;2.5000000e+00;1.6552767e-01;2.5000000e+00;1.9112691e-01;2.5000000e+00;2.1388280e-01;2.5000000e+00;2.2592059e-01;2.5000000e+00;2.1338198e-01;2.5000000e+00;1.8047769e-01;2.5000000e+00;1.3494475e-01;2.5000000e+00;8.8037282e-02;2.5000000e+00;4.5396894e-02;2.5000000e+00;6.9316896e-03;2.5000000e+00;1.1123410e-02;2.5000000e+00;1.9850148e-02;2.5000000e+00;3.3082474e-02;2.5000000e+00;4.9794018e-02;2.5000000e+00;7.0049495e-02;2.5000000e+00;9.3210608e-02;2.5000000e+00;1.1775054e-01;2.5000000e+00;1.4294396e-01;2.5000000e+00;1.6552767e-01;2.5000000e+00;1.9112691e-01;2.5000000e+00;2.1388280e-01;2.5000000e+00;2.2592059e-01;2.5000000e+00;2.1338198e-01;2.5000000e+00;1.8047769e-01;2.5000000e+00;1.3494475e-01;2.5000000e+00;8.8037282e-02;2.5000000e+00;4.5396894e-02;2.5000000e+00;6.9316896e-03;2.5000000e+00;1.1123410e-02;2.5000000e+00;1.9850148e-02;2.5000000e+00;3.3082474e-02;2.5000000e+00;4.9794018e-02;2.5000000e+00;7.0049495e-02;2.5000000e+00;9.3210608e-02;2.5000000e+00;1.1775054e-01;2.5000000e+00;1.4294396e-01;2.5000000e+00;1.6552767e-01;2.5000000e+00;1.9112691e-01;2.5000000e+00;2.1388280e-01;2.5000000e+00;2.2592059e-01;2.5000000e+00;2.1338198e-01;2.5000000e+00;1.8047769e-01;2.5000000e+00;1.3494475e-01;2.5000000e+00;8.8037282e-02;2.5000000e+00;4.5396894e-02;2.5000000e+00;6.9316896e-03;2.5000000e+00;1.1123410e-02;2.5000000e+00;1.9850148e-02;2.5000000e+00;3.3082474e-02;2.5000000e+00;4.9794018e-02;2.5000000e+00;7.0049495e-02;2.5000000e+00;9.3210608e-02;2.5000000e+00;1.1775054e-01;2.5000000e+00;1.4294396e-01;2.5000000e+00;1.6552767e-01;2.5000000e+00;1.9112691e-01;2.5000000e+00;2.1388280e-01;2.5000000e+00;2.2592059e-01;2.5000000e+00;2.1338198e-01;2.5000000e+00;1.8047769e-01;2.5000000e+00;1.3494475e-01;2.5000000e+00;8.8037282e-02;2.5000000e+00;4.5396894e-02;2.5000000e+00;6.9316896e-03;2.5000000e+00;1.1123410e-02;2.5000000e+00;1.9850148e-02;2.5000000e+00;3.3082474e-02;2.5000000e+00;4.9794018e-02;2.5000000e+00;7.0049495e-02;2.5000000e+00;9.3210608e-02;2.5000000e+00;1.1775054e-01;2.5000000e+00;1.4294396e-01;2.5000000e+00;1.6552767e-01;2.5000000e+00;1.9112691e-01;2.5000000e+00;2.1388280e-01;2.5000000e+00;2.2592059e-01;2.5000000e+00;2.1338198e-01;2.5000000e+00;1.8047769e-01;2.5000000e+00;1.3494475e-01;2.5000000e+00;8.8037282e-02;2.5000000e+00;4.5396894e-02;2.5000000e+00;6.9316896e-03;2.5000000e+00;1.1123410e-02;2.5000000e+00;1.9850148e-02;2.5000000e+00;3.3082474e-02;2.5000000e+00;4.9794018e-02;2.5000000e+00;7.0049495e-02;2.5000000e+00;9.3210608e-02;2.5000000e+00;1.1775054e-01;2.5000000e+00;1.4294396e-01;2.5000000e+00;1.6552767e-01;2.5000000e+00;1.9112691e-01;2.5000000e+00;2.1388280e-01;2.5000000e+00;2.2592059e-01;2.5000000e+00;2.1338198e-01;2.5000000e+00;1.8047769e-01;2.5000000e+00;1.3494475e-01;2.5000000e+00;8.8037282e-02;2.5000000e+00;4.5396894e-02;2.5000000e+00;6.9316896e-03;2.5000000e+00;1.1123410e-02;2.5000000e+00;1.9850148e-02;2.5000000e+00;3.3082474e-02;2.5000000e+00;4.9794018e-02;2.5000000e+00;7.0049495e-02;2.5000000e+00;9.3210608e-02;2.5000000e+00;1.1775054e-01;2.5000000e+00;1.4294396e-01;2.5000000e+00;1.6552767e-01;2.5000000e+00;1.9112691e-01;2.5000000e+00;2.1388280e-01;2.5000000e+00;2.2592059e-01;2.5000000e+00;2.1338198e-01;2.5000000e+00;1.8047769e-01;2.5000000e+00;1.3494475e-01;2.5000000e+00;8.8037282e-02;2.5000000e+00;4.5396894e-02;2.5000000e+00;6.9316896e-03;2.5000000e+00;1.1123410e-02;2.5000000e+00;1.9850148e-02;2.5000000e+00;3.3082474e-02;2.5000000e+00;4.9794018e-02;2.5000000e+00;7.0049495e-02;2.5000000e+00;9.3210608e-02;2.5000000e+00;1.1775054e-01;2.5000000e+00;1.4294396e-01;2.5000000e+00;1.6552767e-01;2.5000000e+00;1.9112691e-01;2.5000000e+00;2.1388280e-01;2.5000000e+00;2.2592059e-01;2.5000000e+00;2.1338198e-01;2.5000000e+00;1.8047769e-01;2.5000000e+00;1.3494475e-01;2.5000000e+00;8.8037282e-02;2.5000000e+00;4.5396894e-02;2.5000000e+00;6.9316896e-03;2.5000000e+00;1.1123410e-02;2.5000000e+00;1.9850148e-02;2.5000000e+00;3.3082474e-02;2.5000000e+00;4.9794018e-02;2.5000000e+00;7.0049495e-02;2.5000000e+00;9.3210608e-02;2.5000000e+00;1.1775054e-01;2.5000000e+00;1.4294396e-01;2.5000000e+00;1.6552767e-01;2.5000000e+00;1.9112691e-01;2.5000000e+00;2.1388280e-01;2.5000000e+00;2.2592059e-01;2.5000000e+00;2.1338198e-01;2.5000000e+00;1.8047769e-01;2.5000000e+00;1.3494475e-01;2.5000000e+00;8.8037282e-02;2.5000000e+00;4.5396894e-02;2.5000000e+00;6.9316896e-03;2.5000000e+00;1.1123410e-02;2.5000000e+00;1.9850148e-02;2.5000000e+00;3.3082474e-02;2.5000000e+00;4.9794018e-02;2.5000000e+00;7.0049495e-02;2.5000000e+00;9.3210608e-02;2.5000000e+00;1.1775054e-01;2.5000000e+00;1.4294396e-01;2.5000000e+00;1.6552767e-01;2.5000000e+00;1.9112691e-01;2.5000000e+00;2.1388280e-01;2.5000000e+00;2.2592059e-01;2.5000000e+00;2.1338198e-01;2.5000000e+00;1.8047769e-01;2.5000000e+00;1.3494475e-01;2.5000000e+00;8.8037282e-02;2.5000000e+00;4.5396894e-02;2.5000000e+00;6.9316896e-03;2.5000000e+00;1.1123410e-02;2.5000000e+00;1.9850148e-02;2.5000000e+00;3.3082474e-02;2.5000000e+00;4.9794018e-02;2.5000000e+00;7.0049495e-02;2.5000000e+00;9.3210608e-02;2.5000000e+00;1.1775054e-01;2.5000000e+00;1.4294396e-01;2.5000000e+00;1.6552767e-01;2.5000000e+00;1.9112691e-01;2.5000000e+00;2.1388280e-01;2.5000000e+00;2.2592059e-01;2.5000000e+00;2.1338198e-01;2.5000000e+00;1.8047769e-01;2.5000000e+00;1.3494475e-01;2.5000000e+00;8.8037282e-02;2.5000000e+00;4.5396894e-02;2.5000000e+00;6.9316896e-03;2.5000000e+00;1.1123410e-02;2.5000000e+00;1.9850148e-02;2.5000000e+00;3.3082474e-02;2.5000000e+00;4.9794018e-02;2.5000000e+00;7.0049495e-02;2.5000000e+00;9.3210608e-02;2.5000000e+00;1.1775054e-01;2.5000000e+00;1.4294396e-01;2.5000000e+00;1.6552767e-01;2.5000000e+00;1.9112691e-01;2.5000000e+00;2.1388280e-01;2.5000000e+00;2.2592059e-01;2.5000000e+00;2.1338198e-01;2.5000000e+00;1.8047769e-01;2.5000000e+00;1.3494475e-01;2.5000000e+00;8.8037282e-02;2.5000000e+00;4.5396894e-02;2.5000000e+00;6.9316896e-03;2.5000000e+00;1.1123410e-02;2.5000000e+00;1.9850148e-02;2.5000000e+00;3.3082474e-02;2.5000000e+00;4.9794018e-02;2.5000000e+00;7.0049495e-02;2.5000000e+00;9.3210608e-02;2.5000000e+00;1.1775054e-01;2.5000000e+00;1.4294396e-01;2.5000000e+00;1.6552767e-01;2.5000000e+00;1.9112691e-01;2.5000000e+00;2.1388280e-01;2.5000000e+00;2.2592059e-01;2.5000000e+00;2.1338198e-01;2.5000000e+00;1.8047769e-01;2.5000000e+00;1.3494475e-01;2.5000000e+00;8.8037282e-02;2.5000000e+00;4.5396894e-02;2.5000000e+00;6.9316896e-03;2.5000000e+00;1.1123410e-02;2.5000000e+00;1.9850148e-02;2.5000000e+00;3.3082474e-02;2.5000000e+00;4.9794018e-02;2.5000000e+00;7.0049495e-02;2.5000000e+00;9.3210608e-02;2.5000000e+00;1.1775054e-01;2.5000000e+00;1.4294396e-01;2.5000000e+00;1.6552767e-01;2.5000000e+00;1.9112691e-01;2.5000000e+00;2.1388280e-01;2.5000000e+00;2.2592059e-01;2.5000000e+00;2.1338198e-01;2.5000000e+00;1.8047769e-01;2.5000000e+00;1.3494475e-01;2.5000000e+00;8.8037282e-02;2.5000000e+00;4.5396894e-02;2.5000000e+00;6.9316896e-03;2.5000000e+00;1.1123410e-02;2.5000000e+00;1.9850148e-02;2.5000000e+00;3.3082474e-02;2.5000000e+00;4.9794018e-02;2.5000000e+00;7.0049495e-02;2.5000000e+00;9.3210608e-02;2.5000000e+00;1.1775054e-01;2.5000000e+00;1.4294396e-01;2.5000000e+00;1.6552767e-01;2.5000000e+00;1.9112691e-01;2.5000000e+00;2.1388280e-01;2.5000000e+00;2.2592059e-01;2.5000000e+00;2.1338198e-01;2.5000000e+00;1.8047769e-01;2.5000000e+00;1.3494475e-01;2.5000000e+00;8.8037282e-02;2.5000000e+00;4.5396894e-02;2.5000000e+00;6.9316896e-03;2.5000000e+00;1.1123410e-02;2.5000000e+00;1.9850148e-02;2.5000000e+00;3.3082474e-02;2.5000000e+00;4.9794018e-02;2.5000000e+00;7.0049495e-02;2.5000000e+00;9.3210608e-02;2.5000000e+00;1.1775054e-01;2.5000000e+00;1.4294396e-01;2.5000000e+00;1.6552767e-01;2.5000000e+00;1.9112691e-01;2.5000000e+00;2.1388280e-01;2.5000000e+00;2.2592059e-01;2.5000000e+00;2.1338198e-01;2.5000000e+00;1.8047769e-01;2.5000000e+00;1.3494475e-01;2.5000000e+00;8.8037282e-02;2.5000000e+00;4.5396894e-02;2.5000000e+00;6.9316896e-03;2.5000000e+00;1.1123410e-02;2.5000000e+00;1.9850148e-02;2.5000000e+00;3.3082474e-02;2.5000000e+00;4.9794018e-02;2.5000000e+00;7.0049495e-02;2.5000000e+00;9.3210608e-02;2.5000000e+00;1.1775054e-01;2.5000000e+00;1.4294396e-01;2.5000000e+00;1.6552767e-01;2.5000000e+00;1.9112691e-01;2.5000000e+00;2.1388280e-01;2.5000000e+00;2.2592059e-01;2.5000000e+00;2.1338198e-01;2.5000000e+00;1.8047769e-01;2.5000000e+00;1.3494475e-01;2.5000000e+00;8.8037282e-02;2.5000000e+00;4.5396894e-02;2.5000000e+00;6.9316896e-03;2.5000000e+00;1.1123410e-02;2.5000000e+00;1.9850148e-02;2.5000000e+00;3.3082474e-02;2.5000000e+00;4.9794018e-02;2.5000000e+00;7.0049495e-02;2.5000000e+00;9.3210608e-02;2.5000000e+00;1.1775054e-01;2.5000000e+00;1.4294396e-01;2.5000000e+00;1.6552767e-01;2.5000000e+00;1.9112691e-01;2.5000000e+00;2.1388280e-01;2.5000000e+00;2.2592059e-01;2.5000000e+00;2.1338198e-01;2.5000000e+00;1.8047769e-01;2.5000000e+00;1.3494475e-01;2.5000000e+00;8.8037282e-02;2.5000000e+00;4.5396894e-02;2.5000000e+00;6.9316896e-03;2.5000000e+00;1.1123410e-02;2.5000000e+00;1.9850148e-02;2.5000000e+00;3.3082474e-02;2.5000000e+00;4.9794018e-02;2.5000000e+00;7.0049495e-02;2.5000000e+00;9.3210608e-02;2.5000000e+00;1.1775054e-01;2.5000000e+00;1.4294396e-01;2.5000000e+00;1.6552767e-01;2.5000000e+00;1.9112691e-01;2.5000000e+00;2.1388280e-01;2.5000000e+00;2.2592059e-01;2.5000000e+00;2.1338198e-01;2.5000000e+00;1.8047769e-01;2.5000000e+00;1.3494475e-01;2.5000000e+00;8.8037282e-02;2.5000000e+00;4.5396894e-02;2.5000000e+00;6.9316896e-03;2.5000000e+00;1.1123410e-02;2.5000000e+00;1.9850148e-02;2.5000000e+00;3.3082474e-02;2.5000000e+00;4.9794018e-02;2.5000000e+00;7.0049495e-02;2.5000000e+00;9.3210608e-02;2.5000000e+00;1.1775054e-01;2.5000000e+00;1.4294396e-01;2.5000000e+00;1.6552767e-01;2.5000000e+00;1.9112691e-01;2.5000000e+00;2.1388280e-01;2.5000000e+00;2.2592059e-01;2.5000000e+00;2.1338198e-01;2.5000000e+00;1.8047769e-01;2.5000000e+00;1.3494475e-01;2.5000000e+00;8.8037282e-02;2.5000000e+00;4.5396894e-02;2.5000000e+00;6.9316896e-03;2.5000000e+00;1.1123410e-02;2.5000000e+00;1.9850148e-02;2.5000000e+00;3.3082474e-02;2.5000000e+00;4.9794018e-02;2.5000000e+00;7.0049495e-02;2.5000000e+00;9.3210608e-02;2.5000000e+00;1.1775054e-01;2.5000000e+00;1.4294396e-01;2.5000000e+00;1.6552767e-01;2.5000000e+00;1.9112691e-01;2.5000000e+00;2.1388280e-01;2.5000000e+00;2.2592059e-01;2.5000000e+00;2.1338198e-01;2.5000000e+00;1.8047769e-01;2.5000000e+00;1.3494475e-01;2.5000000e+00;8.8037282e-02;2.5000000e+00;4.5396894e-02;2.5000000e+00;6.9316896e-03;2.5000000e+00;1.1123410e-02;2.5000000e+00;1.9850148e-02;2.5000000e+00;3.3082474e-02;2.5000000e+00;4.9794018e-02;2.5000000e+00;7.0049495e-02;2.5000000e+00;9.3210608e-02;2.5000000e+00;1.1775054e-01;2.5000000e+00;1.4294396e-01;2.5000000e+00;1.6552767e-01;2.5000000e+00;1.9112691e-01;2.5000000e+00;2.1388280e-01;2.5000000e+00;2.2592059e-01;2.5000000e+00;2.1338198e-01;2.5000000e+00;1.8047769e-01;2.5000000e+00;1.3494475e-01;2.5000000e+00;8.8037282e-02;2.5000000e+00;4.5396894e-02;2.5000000e+00;6.9316896e-03;2.5000000e+00;1.1123410e-02;2.5000000e+00;1.9850148e-02;2.5000000e+00;3.3082474e-02;2.5000000e+00;4.9794018e-02;2.5000000e+00;7.0049495e-02;2.5000000e+00;9.3210608e-02;2.5000000e+00;1.1775054e-01;2.5000000e+00;1.4294396e-01;2.5000000e+00;1.6552767e-01;2.5000000e+00;1.9112691e-01;2.5000000e+00;2.1388280e-01;2.5000000e+00;2.2592059e-01;2.5000000e+00;2.1338198e-01;2.5000000e+00;1.8047769e-01;2.5000000e+00;1.3494475e-01;2.5000000e+00;8.8037282e-02;2.5000000e+00;4.5396894e-02;2.5000000e+00;6.9316896e-03;2.5000000e+00;1.1123410e-02;2.5000000e+00;1.9850148e-02;2.5000000e+00;3.3082474e-02;2.5000000e+00;4.9794018e-02;2.5000000e+00;7.0049495e-02;2.5000000e+00;9.3210608e-02;2.5000000e+00;1.1775054e-01;2.5000000e+00;1.4294396e-01;2.5000000e+00;1.6552767e-01;2.5000000e+00;1.9112691e-01;2.5000000e+00;2.1388280e-01;2.5000000e+00;2.2592059e-01;2.5000000e+00;2.1338198e-01;2.5000000e+00;1.8047769e-01;2.5000000e+00;1.3494475e-01;2.5000000e+00;8.8037282e-02;2.5000000e+00;4.5396894e-02;2.5000000e+00;6.9316896e-03;2.5000000e+00;1.1123410e-02;2.5000000e+00;1.9850148e-02;2.5000000e+00;3.3082474e-02;2.5000000e+00;4.9794018e-02;2.5000000e+00;7.0049495e-02;2.5000000e+00;9.3210608e-02;2.5000000e+00;1.1775054e-01;2.5000000e+00;1.4294396e-01;2.5000000e+00;1.6552767e-01;2.5000000e+00;1.9112691e-01;2.5000000e+00;2.1388280e-01;2.5000000e+00;2.2592059e-01;2.5000000e+00;2.1338198e-01;2.5000000e+00;1.8047769e-01;2.5000000e+00;1.3494475e-01;2.5000000e+00;8.8037282e-02;2.5000000e+00;4.5396894e-02;2.5000000e+00;6.9316896e-03;2.5000000e+00;1.1123410e-02;2.5000000e+00;1.9850148e-02;2.5000000e+00;3.3082474e-02;2.5000000e+00;4.9794018e-02;2.5000000e+00;7.0049495e-02;2.5000000e+00;9.3210608e-02;2.5000000e+00;1.1775054e-01;2.5000000e+00;1.4294396e-01;2.5000000e+00;1.6552767e-01;2.5000000e+00;1.9112691e-01;2.5000000e+00;2.1388280e-01;2.5000000e+00;2.2592059e-01;2.5000000e+00;2.1338198e-01;2.5000000e+00;1.8047769e-01;2.5000000e+00;1.3494475e-01;2.5000000e+00;8.8037282e-02;2.5000000e+00;4.5396894e-02;2.5000000e+00;6.9316896e-03;2.5000000e+00;1.1123410e-02;2.5000000e+00;1.9850148e-02;2.5000000e+00;3.3082474e-02;2.5000000e+00;4.9794018e-02;2.5000000e+00;7.0049495e-02;2.5000000e+00;9.3210608e-02;2.5000000e+00;1.1775054e-01;2.5000000e+00;1.4294396e-01;2.5000000e+00;1.6552767e-01;2.5000000e+00;1.9112691e-01;2.5000000e+00;2.1388280e-01;2.5000000e+00;2.2592059e-01;2.5000000e+00;2.1338198e-01;2.5000000e+00;1.8047769e-01;2.5000000e+00;1.3494475e-01;2.5000000e+00;8.8037282e-02;2.5000000e+00;4.5396894e-02;2.5000000e+00;6.9316896e-03;2.5000000e+00;1.1123410e-02;2.5000000e+00;1.9850148e-02;2.5000000e+00;3.3082474e-02;2.5000000e+00;4.9794018e-02;2.5000000e+00;7.0049495e-02;2.5000000e+00;9.3210608e-02;2.5000000e+00;1.1775054e-01;2.5000000e+00;1.4294396e-01;2.5000000e+00;1.6552767e-01;2.5000000e+00;1.9112691e-01;2.5000000e+00;2.1388280e-01;2.5000000e+00;2.2592059e-01;2.5000000e+00;2.1338198e-01;2.5000000e+00;1.8047769e-01;2.5000000e+00;1.3494475e-01;2.5000000e+00;8.8037282e-02;2.5000000e+00;4.5396894e-02;2.5000000e+00;6.9316896e-03;2.5000000e+00;1.1123410e-02;2.5000000e+00;1.9850148e-02;2.5000000e+00;3.3082474e-02;2.5000000e+00;4.9794018e-02;2.5000000e+00;7.0049495e-02;2.5000000e+00;9.3210608e-02;2.5000000e+00;1.1775054e-01;2.5000000e+00;1.4294396e-01;2.5000000e+00;1.6552767e-01;2.5000000e+00;1.9112691e-01;2.5000000e+00;2.1388280e-01;2.5000000e+00;2.2592059e-01;2.5000000e+00;2.1338198e-01;2.5000000e+00;1.8047769e-01;2.5000000e+00;1.3494475e-01;2.5000000e+00;8.8037282e-02;2.5000000e+00;4.5396894e-02;2.5000000e+00;6.9316896e-03;2.5000000e+00;1.1123410e-02;2.5000000e+00;1.9850148e-02;2.5000000e+00;3.3082474e-02;2.5000000e+00;4.9794018e-02;2.5000000e+00;7.0049495e-02;2.5000000e+00;9.3210608e-02;2.5000000e+00;1.1775054e-01;2.5000000e+00;1.4294396e-01;2.5000000e+00;1.6552767e-01;2.5000000e+00;1.9112691e-01;2.5000000e+00;2.1388280e-01;2.5000000e+00;2.2592059e-01;2.5000000e+00;2.1338198e-01;2.5000000e+00;1.8047769e-01;2.5000000e+00;1.3494475e-01;2.5000000e+00;8.8037282e-02;2.5000000e+00;4.5396894e-02;2.5000000e+00;6.9316896e-03;2.5000000e+00;1.1123410e-02;2.5000000e+00;1.9850148e-02;2.5000000e+00;3.3082474e-02;2.5000000e+00;4.9794018e-02;2.5000000e+00;7.0049495e-02;2.5000000e+00;9.3210608e-02;2.5000000e+00;1.1775054e-01;2.5000000e+00;1.4294396e-01;2.5000000e+00;1.6552767e-01;2.5000000e+00;1.9112691e-01;2.5000000e+00;2.1388280e-01;2.5000000e+00;2.2592059e-01;2.5000000e+00;2.1338198e-01;2.5000000e+00;1.8047769e-01;2.5000000e+00;1.3494475e-01;2.5000000e+00;8.8037282e-02;2.5000000e+00;4.5396894e-02;2.5000000e+00;6.9316896e-03;2.5000000e+00;1.1123410e-02;2.5000000e+00;1.9850148e-02;2.5000000e+00;3.3082474e-02;2.5000000e+00;4.9794018e-02;2.5000000e+00;7.0049495e-02;2.5000000e+00;9.3210608e-02;2.5000000e+00;1.1775054e-01;2.5000000e+00;1.4294396e-01;2.5000000e+00;1.6552767e-01;2.5000000e+00;1.9112691e-01;2.5000000e+00;2.1388280e-01;2.5000000e+00;2.2592059e-01;2.5000000e+00;2.1338198e-01;2.5000000e+00;1.8047769e-01;2.5000000e+00;1.3494475e-01;2.5000000e+00;8.8037282e-02;2.5000000e+00;4.5396894e-02;2.5000000e+00;6.9316896e-03;2.5000000e+00;1.1123410e-02;2.5000000e+00;1.9850148e-02;2.5000000e+00;3.3082474e-02;2.5000000e+00;4.9794018e-02;2.5000000e+00;7.0049495e-02;2.5000000e+00;9.3210608e-02;2.5000000e+00;1.1775054e-01;2.5000000e+00;1.4294396e-01;2.5000000e+00;1.6552767e-01;2.5000000e+00;1.9112691e-01;2.5000000e+00;2.1388280e-01;2.5000000e+00;2.2592059e-01;2.5000000e+00;2.1338198e-01;2.5000000e+00;1.8047769e-01;2.5000000e+00;1.3494475e-01;2.5000000e+00;8.8037282e-02;2.5000000e+00;4.5396894e-02;2.5000000e+00;6.9316896e-03;2.5000000e+00;1.1123410e-02;2.5000000e+00;1.9850148e-02;2.5000000e+00;3.3082474e-02;2.5000000e+00;4.9794018e-02;2.5000000e+00;7.0049495e-02;2.5000000e+00;9.3210608e-02;2.5000000e+00;1.1775054e-01;2.5000000e+00;1.4294396e-01;2.5000000e+00;1.6552767e-01;2.5000000e+00;1.9112691e-01;2.5000000e+00;2.1388280e-01;2.5000000e+00;2.2592059e-01;2.5000000e+00;2.1338198e-01;2.5000000e+00;1.8047769e-01;2.5000000e+00;1.3494475e-01;2.5000000e+00;8.8037282e-02;2.5000000e+00;4.5396894e-02;2.5000000e+00;6.9316896e-03;2.5000000e+00;1.1123410e-02;2.5000000e+00;1.9850148e-02;2.5000000e+00;3.3082474e-02;2.5000000e+00;4.9794018e-02;2.5000000e+00;7.0049495e-02;2.5000000e+00;9.3210608e-02;2.5000000e+00;1.1775054e-01;2.5000000e+00;1.4294396e-01;2.5000000e+00;1.6552767e-01;2.5000000e+00;1.9112691e-01;2.5000000e+00;2.1388280e-01;2.5000000e+00;2.2592059e-01;2.5000000e+00;2.1338198e-01;2.5000000e+00;1.8047769e-01;2.5000000e+00;1.3494475e-01;2.5000000e+00;8.8037282e-02;2.5000000e+00;4.5396894e-02;2.5000000e+00;6.9316896e-03;2.5000000e+00;1.1123410e-02;2.5000000e+00;1.9850148e-02;2.5000000e+00;3.3082474e-02;2.5000000e+00;4.9794018e-02;2.5000000e+00;7.0049495e-02;2.5000000e+00;9.3210608e-02;2.5000000e+00;1.1775054e-01;2.5000000e+00;1.4294396e-01;2.5000000e+00;1.6552767e-01;2.5000000e+00;1.9112691e-01;2.5000000e+00;2.1388280e-01;2.5000000e+00;2.2592059e-01;2.5000000e+00;2.1338198e-01;2.5000000e+00;1.8047769e-01;2.5000000e+00;1.3494475e-01;2.5000000e+00;8.8037282e-02;2.5000000e+00;4.5396894e-02;2.5000000e+00;6.9316896e-03;2.5000000e+00;1.1123410e-02;2.5000000e+00;1.9850148e-02;2.5000000e+00;3.3082474e-02;2.5000000e+00;4.9794018e-02;2.5000000e+00;7.0049495e-02;2.5000000e+00;9.3210608e-02;2.5000000e+00;1.1775054e-01;2.5000000e+00;1.4294396e-01;2.5000000e+00;1.6552767e-01;2.5000000e+00;1.9112691e-01;2.5000000e+00;2.1388280e-01;2.5000000e+00;2.2592059e-01;2.5000000e+00;2.1338198e-01;2.5000000e+00;1.8047769e-01;2.5000000e+00;1.3494475e-01;2.5000000e+00;8.8037282e-02;2.5000000e+00;4.5396894e-02;2.5000000e+00;6.9316896e-03;2.5000000e+00;1.1123410e-02;2.5000000e+00;1.9850148e-02;2.5000000e+00;3.3082474e-02;2.5000000e+00;4.9794018e-02;2.5000000e+00;7.0049495e-02;2.5000000e+00;9.3210608e-02;2.5000000e+00;1.1775054e-01;2.5000000e+00;1.4294396e-01;2.5000000e+00;1.6552767e-01;2.5000000e+00;1.9112691e-01;2.5000000e+00;2.1388280e-01;2.5000000e+00;2.2592059e-01;2.5000000e+00;2.1338198e-01;2.5000000e+00;1.8047769e-01;2.5000000e+00;1.3494475e-01;2.5000000e+00;8.8037282e-02;2.5000000e+00;4.5396894e-02;2.5000000e+00;6.9316896e-03;2.5000000e+00;1.1123410e-02;2.5000000e+00;1.9850148e-02;2.5000000e+00;3.3082474e-02;2.5000000e+00;4.9794018e-02;2.5000000e+00;7.0049495e-02;2.5000000e+00;9.3210608e-02;2.5000000e+00;1.1775054e-01;2.5000000e+00;1.4294396e-01;2.5000000e+00;1.6552767e-01;2.5000000e+00;1.9112691e-01;2.5000000e+00;2.1388280e-01;2.5000000e+00;2.2592059e-01;2.5000000e+00;2.1338198e-01;2.5000000e+00;1.8047769e-01;2.5000000e+00;1.3494475e-01;2.5000000e+00;8.8037282e-02;2.5000000e+00;4.5396894e-02;2.5000000e+00;6.9316896e-03;2.5000000e+00;1.1123410e-02;2.5000000e+00;1.9850148e-02;2.5000000e+00;3.3082474e-02;2.5000000e+00;4.9794018e-02;2.5000000e+00;7.0049495e-02;2.5000000e+00;9.3210608e-02;2.5000000e+00;1.1775054e-01;2.5000000e+00;1.4294396e-01;2.5000000e+00;1.6552767e-01;2.5000000e+00;1.9112691e-01;2.5000000e+00;2.1388280e-01;2.5000000e+00;2.2592059e-01;2.5000000e+00;2.1338198e-01;2.5000000e+00;1.8047769e-01;2.5000000e+00;1.3494475e-01;2.5000000e+00;8.8037282e-02;2.5000000e+00;4.5396894e-02;2.5000000e+00;6.9316896e-03;2.5000000e+00;1.1123410e-02;2.5000000e+00;1.9850148e-02;2.5000000e+00;3.3082474e-02;2.5000000e+00;4.9794018e-02;2.5000000e+00;7.0049495e-02;2.5000000e+00;9.3210608e-02;2.5000000e+00;1.1775054e-01;2.5000000e+00;1.4294396e-01;2.5000000e+00;1.6552767e-01;2.5000000e+00;1.9112691e-01;2.5000000e+00;2.1388280e-01;2.5000000e+00;2.2592059e-01;2.5000000e+00;2.1338198e-01;2.5000000e+00;1.8047769e-01;2.5000000e+00;1.3494475e-01;2.5000000e+00;8.8037282e-02;2.5000000e+00;4.5396894e-02;2.5000000e+00;6.9316896e-03;2.5000000e+00;1.1123410e-02;2.5000000e+00;1.9850148e-02;2.5000000e+00;3.3082474e-02;2.5000000e+00;4.9794018e-02;2.5000000e+00;7.0049495e-02;2.5000000e+00;9.3210608e-02;2.5000000e+00;1.1775054e-01;2.5000000e+00;1.4294396e-01;2.5000000e+00;1.6552767e-01;2.5000000e+00;1.9112691e-01;2.5000000e+00;2.1388280e-01;2.5000000e+00;2.2592059e-01;2.5000000e+00;2.1338198e-01;2.5000000e+00;1.8047769e-01;2.5000000e+00;1.3494475e-01;2.5000000e+00;8.8037282e-02;2.5000000e+00;4.5396894e-02;2.5000000e+00;6.9316896e-03;2.5000000e+00;1.1123410e-02;2.5000000e+00;1.9850148e-02;2.5000000e+00;3.3082474e-02;2.5000000e+00;4.9794018e-02;2.5000000e+00;7.0049495e-02;2.5000000e+00;9.3210608e-02;2.5000000e+00;1.1775054e-01;2.5000000e+00;1.4294396e-01;2.5000000e+00;1.6552767e-01;2.5000000e+00;1.9112691e-01;2.5000000e+00;2.1388280e-01;2.5000000e+00;2.2592059e-01;2.5000000e+00;2.1338198e-01;2.5000000e+00;1.8047769e-01;2.5000000e+00;1.3494475e-01;2.5000000e+00;8.8037282e-02;2.5000000e+00;4.5396894e-02
7.5000000e+00;4.7393385e-03;7.5000000e+00;9.5373113e-03;7.5000000e+00;1.9056981e-02;7.5000000e+00;3.2951105e-02;7.5000000e+00;5.0294053e-02;7.5000000e+00;7.0645921e-02;7.5000000e+00;9.4838567e-02;7.5000000e+00;1.2083967e-01;7.5000000e+00;1.4976040e-01;7.5000000e+00;1.7496076e-01;7.5000000e+00;1.9828892e-01;7.5000000e+00;2.1637598e-01;7.5000000e+00;2.2477067e-01;7.5000000e+00;2.1038502e-01;7.5000000e+00;1.7746976e-01;7.5000000e+00;1.3308682e-01;7.5000000e+00;8.7275453e-02;7.5000000e+00;4.5206010e-02;7.5000000e+00;4.7393385e-03;7.5000000e+00;9.5373113e-03;7.5000000e+00;1.9056981e-02;7.5000000e+00;3.2951105e-02;7.5000000e+00;5.0294053e-02;7.5000000e+00;7.0645921e-02;7.5000000e+00;9.4838567e-02;7.5000000e+00;1.2083967e-01;7.5000000e+00;1.4976040e-01;7.5000000e+00;1.7496076e-01;7.5000000e+00;1.9828892e-01;7.5000000e+00;2.1637598e-01;7.5000000e+00;2.2477067e-01;7.5000000e+00;2.1038502e-01;7.5000000e+00;1.7746976e-01;7.5000000e+00;1.3308682e-01;7.5000000e+00;8.7275453e-02;7.5000000e+00;4.5206010e-02;7.5000000e+00;4.7393385e-03;7.5000000e+00;9.5373113e-03;7.5000000e+00;1.9056981e-02;7.5000000e+00;3.2951105e-02;7.5000000e+00;5.0294053e-02;7.5000000e+00;7.0645921e-02;7.5000000e+00;9.4838567e-02;7.5000000e+00;1.2083967e-01;7.5000000e+00;1.4976040e-01;7.5000000e+00;1.7496076e-01;7.5000000e+00;1.9828892e-01;7.5000000e+00;2.1637598e-01;7.5000000e+00;2.2477067e-01;7.5000000e+00;2.1038502e-01;7.5000000e+00;1.7746976e-01;7.5000000e+00;1.3308682e-01;7.5000000e+00;8.7275453e-02;7.5000000e+00;4.5206010e-02;7.5000000e+00;4.7393385e-03;7.5000000e+00;9.5373113e-03;7.5000000e+00;1.9056981e-02;7.5000000e+00;3.2951105e-02;7.5000000e+00;5.0294053e-02;7.5000000e+00;7.0645921e-02;7.5000000e+00;9.4838567e-02;7.5000000e+00;1.2083967e-01;7.5000000e+00;1.4976040e-01;7.5000000e+00;1.7496076e-01;7.5000000e+00;1.9828892e-01;7.5000000e+00;2.1637598e-01;7.5000000e+00;2.2477067e-01;7.5000000e+00;2.1038502e-01;7.5000000e+00;1.7746976e-01;7.5000000e+00;1.3308682e-01;7.5000000e+00;8.7275453e-02;7.5000000e+00;4.5206010e-02;7.5000000e+00;4.7393385e-03;7.5000000e+00;9.5373113e-03;7.5000000e+00;1.9056981e-02;7.5000000e+00;3.2951105e-02;7.5000000e+00;5.0294053e-02;7.5000000e+00;7.0645921e-02;7.5000000e+00;9.4838567e-02;7.5000000e+00;1.2083967e-01;7.5000000e+00;1.4976040e-01;7.5000000e+00;1.7496076e-01;7.5000000e+00;1.9828892e-01;7.5000000e+00;2.1637598e-01;7.5000000e+00;2.2477067e-01;7.5000000e+00;2.1038502e-01;7.5000000e+00;1.7746976e-01;7.5000000e+00;1.3308682e-01;7.5000000e+00;8.7275453e-02;7.5000000e+00;4.5206010e-02;7.5000000e+00;4.7393385e-03;7.5000000e+00;9.5373113e-03;7.5000000e+00;1.9056981e-02;7.5000000e+00;3.2951105e-02;7.5000000e+00;5.0294053e-02;7.5000000e+00;7.0645921e-02;7.5000000e+00;9.4838567e-02;7.5000000e+00;1.2083967e-01;7.5000000e+00;1.4976040e-01;7.5000000e+00;1.7496076e-01;7.5000000e+00;1.9828892e-01;7.5000000e+00;2.1637598e-01;7.5000000e+00;2.2477067e-01;7.5000000e+00;2.1038502e-01;7.5000000e+00;1.7746976e-01;7.5000000e+00;1.3308682e-01;7.5000000e+00;8.7275453e-02;7.5000000e+00;4.5206010e-02;7.5000000e+00;4.7393385e-03;7.5000000e+00;9.5373113e-03;7.5000000e+00;1.9056981e-02;7.5000000e+00;3.2951105e-02;7.5000000e+00;5.0294053e-02;7.5000000e+00;7.0645921e-02;7.5000000e+00;9.4838567e-02;7.5000000e+00;1.2083967e-01;7.5000000e+00;1.4976040e-01;7.5000000e+00;1.7496076e-01;7.5000000e+00;1.9828892e-01;7.5000000e+00;2.1637598e-01;7.5000000e+00;2.2477067e-01;7.5000000e+00;2.1038502e-01;7.5000000e+00;1.7746976e-01;7.5000000e+00;1.3308682e-01;7.5000000e+00;8.7275453e-02;7.5000000e+00;4.5206010e-02;7.5000000e+00;4.7393385e-03;7.5000000e+00;9.5373113e-03;7.5000000e+00;1.9056981e-02;7.5000000e+00;3.2951105e-02;7.5000000e+00;5.0294053e-02;7.5000000e+00;7.0645921e-02;7.5000000e+00;9.4838567e-02;7.5000000e+00;1.2083967e-01;7.5000000e+00;1.4976040e-01;7.5000000e+00;1.7496076e-01;7.5000000e+00;1.9828892e-01;7.5000000e+00;2.1637598e-01;7.5000000e+00;2.2477067e-01;7.5000000e+00;2.1038502e-01;7.5000000e+00;1.7746976e-01;7.5000000e+00;1.3308682e-01;7.5000000e+00;8.7275453e-02;7.5000000e+00;4.5206010e-02;7.5000000e+00;4.7393385e-03;7.5000000e+00;9.5373113e-03;7.5000000e+00;1.9056981e-02;7.5000000e+00;3.2951105e-02;7.5000000e+00;5.0294053e-02;7.5000000e+00;7.0645921e-02;7.5000000e+00;9.4838567e-02;7.5000000e+00;1.2083967e-01;7.5000000e+00;1.4976040e-01;7.5000000e+00;1.7496076e-01;7.5000000e+00;1.9828892e-01;7.5000000e+00;2.1637598e-01;7.5000000e+00;2.2477067e-01;7.5000000e+00;2.1038502e-01;7.5000000e+00;1.7746976e-01;7.5000000e+00;1.3308682e-01;7.5000000e+00;8.7275453e-02;7.5000000e+00;4.5206010e-02;7.5000000e+00;4.7393385e-03;7.5000000e+00;9.5373113e-03;7.5000000e+00;1.9056981e-02;7.5000000e+00;3.2951105e-02;7.5000000e+00;5.0294053e-02;7.5000000e+00;7.0645921e-02;7.5000000e+00;9.4838567e-02;7.5000000e+00;1.2083967e-01;7.5000000e+00;1.4976040e-01;7.5000000e+00;1.7496076e-01;7.5000000e+00;1.9828892e-01;7.5000000e+00;2.1637598e-01;7.5000000e+00;2.2477067e-01;7.5000000e+00;2.1038502e-01;7.5000000e+00;1.7746976e-01;7.5000000e+00;1.3308682e-01;7.5000000e+00;8.7275453e-02;7.5000000e+00;4.5206010e-02;7.5000000e+00;4.7393385e-03;7.5000000e+00;9.5373113e-03;7.5000000e+00;1.9056981e-02;7.5000000e+00;3.2951105e-02;7.5000000e+00;5.0294053e-02;7.5000000e+00;7.0645921e-02;7.5000000e+00;9.4838567e-02;7.5000000e+00;1.2083967e-01;7.5000000e+00;1.4976040e-01;7.5000000e+00;1.7496076e-01;7.5000000e+00;1.9828892e-01;7.5000000e+00;2.1637598e-01;7.5000000e+00;2.2477067e-01;7.5000000e+00;2.1038502e-01;7.5000000e+00;1.7746976e-01;7.5000000e+00;1.3308682e-01;7.5000000e+00;8.7275453e-02;7.5000000e+00;4.5206010e-02;7.5000000e+00;4.7393385e-03;7.5000000e+00;9.5373113e-03;7.5000000e+00;1.9056981e-02;7.5000000e+00;3.2951105e-02;7.5000000e+00;5.0294053e-02;7.5000000e+00;7.0645921e-02;7.5000000e+00;9.4838567e-02;7.5000000e+00;1.2083967e-01;7.5000000e+00;1.4976040e-01;7.5000000e+00;1.7496076e-01;7.5000000e+00;1.9828892e-01;7.5000000e+00;2.1637598e-01;7.5000000e+00;2.2477067e-01;7.5000000e+00;2.1038502e-01;7.5000000e+00;1.7746976e-01;7.5000000e+00;1.3308682e-01;7.5000000e+00;8.7275453e-02;7.5000000e+00;4.5206010e-02;7.5000000e+00;4.7393385e-03;7.5000000e+00;9.5373113e-03;7.5000000e+00;1.9056981e-02;7.5000000e+00;3.2951105e-02;7.5000000e+00;5.0294053e-02;7.5000000e+00;7.0645921e-02;7.5000000e+00;9.4838567e-02;7.5000000e+00;1.2083967e-01;7.5000000e+00;1.4976040e-01;7.5000000e+00;1.7496076e-01;7.5000000e+00;1.9828892e-01;7.5000000e+00;2.1637598e-01;7.5000000e+00;2.2477067e-01;7.5000000e+00;2.1038502e-01;7.5000000e+00;1.7746976e-01;7.5000000e+00;1.3308682e-01;7.5000000e+00;8.7275453e-02;7.5000000e+00;4.5206010e-02;7.5000000e+00;4.7393385e-03;7.5000000e+00;9.5373113e-03;7.5000000e+00;1.9056981e-02;7.5000000e+00;3.2951105e-02;7.5000000e+00;5.0294053e-02;7.5000000e+00;7.0645921e-02;7.5000000e+00;9.4838567e-02;7.5000000e+00;1.2083967e-01;7.5000000e+00;1.4976040e-01;7.5000000e+00;1.7496076e-01;7.5000000e+00;1.9828892e-01;7.5000000e+00;2.1637598e-01;7.5000000e+00;2.2477067e-01;7.5000000e+00;2.1038502e-01;7.5000000e+00;1.7746976e-01;7.5000000e+00;1.3308682e-01;7.5000000e+00;8.7275453e-02;7.5000000e+00;4.5206010e-02;7.5000000e+00;4.7393385e-03;7.5000000e+00;9.5373113e-03;7.5000000e+00;1.9056981e-02;7.5000000e+00;3.2951105e-02;7.5000000e+00;5.0294053e-02;7.5000000e+00;7.0645921e-02;7.5000000e+00;9.4838567e-02;7.5000000e+00;1.2083967e-01;7.5000000e+00;1.4976040e-01;7.5000000e+00;1.7496076e-01;7.5000000e+00;1.9828892e-01;7.5000000e+00;2.1637598e-01;7.5000000e+00;2.2477067e-01;7.5000000e+00;2.1038502e-01;7.5000000e+00;1.7746976e-01;7.5000000e+00;1.3308682e-01;7.5000000e+00;8.7275453e-02;7.5000000e+00;4.5206010e-02;7.5000000e+00;4.7393385e-03;7.5000000e+00;9.5373113e-03;7.5000000e+00;1.9056981e-02;7.5000000e+00;3.2951105e-02;7.5000000e+00;5.0294053e-02;7.5000000e+00;7.0645921e-02;7.5000000e+00;9.4838567e-02;7.5000000e+00;1.2083967e-01;7.5000000e+00;1.4976040e-01;7.5000000e+00;1.7496076e-01;7.5000000e+00;1.9828892e-01;7.5000000e+00;2.1637598e-01;7.5000000e+00;2.2477067e-01;7.5000000e+00;2.1038502e-01;7.5000000e+00;1.7746976e-01;7.5000000e+00;1.3308682e-01;7.5000000e+00;8.7275453e-02;7.5000000e+00;4.5206010e-02;7.5000000e+00;4.7393385e-03;7.5000000e+00;9.5373113e-03;7.5000000e+00;1.9056981e-02;7.5000000e+00;3.2951105e-02;7.5000000e+00;5.0294053e-02;7.5000000e+00;7.0645921e-02;7.5000000e+00;9.4838567e-02;7.5000000e+00;1.2083967e-01;7.5000000e+00;1.4976040e-01;7.5000000e+00;1.7496076e-01;7.5000000e+00;1.9828892e-01;7.5000000e+00;2.1637598e-01;7.5000000e+00;2.2477067e-01;7.5000000e+00;2.1038502e-01;7.5000000e+00;1.7746976e-01;7.5000000e+00;1.3308682e-01;7.5000000e+00;8.7275453e-02;7.5000000e+00;4.5206010e-02;7.5000000e+00;4.7393385e-03;7.5000000e+00;9.5373113e-03;7.5000000e+00;1.9056981e-02;7.5000000e+00;3.2951105e-02;7.5000000e+00;5.0294053e-02;7.5000000e+00;7.0645921e-02;7.5000000e+00;9.4838567e-02;7.5000000e+00;1.2083967e-01;7.5000000e+00;1.4976040e-01;7.5000000e+00;1.7496076e-01;7.5000000e+00;1.9828892e-01;7.5000000e+00;2.1637598e-01;7.5000000e+00;2.2477067e-01;7.5000000e+00;2.1038502e-01;7.5000000e+00;1.7746976e-01;7.5000000e+00;1.3308682e-01;7.5000000e+00;8.7275453e-02;7.5000000e+00;4.5206010e-02;7.5000000e+00;4.7393385e-03;7.5000000e+00;9.5373113e-03;7.5000000e+00;1.9056981e-02;7.5000000e+00;3.2951105e-02;7.5000000e+00;5.0294053e-02;7.5000000e+00;7.0645921e-02;7.5000000e+00;9.4838567e-02;7.5000000e+00;1.2083967e-01;7.5000000e+00;1.4976040e-01;7.5000000e+00;1.7496076e-01;7.5000000e+00;1.9828892e-01;7.5000000e+00;2.1637598e-01;7.5000000e+00;2.2477067e-01;7.5000000e+00;2.1038502e-01;7.5000000e+00;1.7746976e-01;7.5000000e+00;1.3308682e-01;7.5000000e+00;8.7275453e-02;7.5000000e+00;4.5206010e-02;7.5000000e+00;4.7393385e-03;7.5000000e+00;9.5373113e-03;7.5000000e+00;1.9056981e-02;7.5000000e+00;3.2951105e-02;7.5000000e+00;5.0294053e-02;7.5000000e+00;7.0645921e-02;7.5000000e+00;9.4838567e-02;7.5000000e+00;1.2083967e-01;7.5000000e+00;1.4976040e-01;7.5000000e+00;1.7496076e-01;7.5000000e+00;1.9828892e-01;7.5000000e+00;2.1637598e-01;7.5000000e+00;2.2477067e-01;7.5000000e+00;2.1038502e-01;7.5000000e+00;1.7746976e-01;7.5000000e+00;1.3308682e-01;7.5000000e+00;8.7275453e-02;7.5000000e+00;4.5206010e-02;7.5000000e+00;4.7393385e-03;7.5000000e+00;9.5373113e-03;7.5000000e+00;1.9056981e-02;7.5000000e+00;3.2951105e-02;7.5000000e+00;5.0294053e-02;7.5000000e+00;7.0645921e-02;7.5000000e+00;9.4838567e-02;7.5000000e+00;1.2083967e-01;7.5000000e+00;1.4976040e-01;7.5000000e+00;1.7496076e-01;7.5000000e+00;1.9828892e-01;7.5000000e+00;2.1637598e-01;7.5000000e+00;2.2477067e-01;7.5000000e+00;2.1038502e-01;7.5000000e+00;1.7746976e-01;7.5000000e+00;1.3308682e-01;7.5000000e+00;8.7275453e-02;7.5000000e+00;4.5206010e-02;7.5000000e+00;4.7393385e-03;7.5000000e+00;9.5373113e-03;7.5000000e+00;1.9056981e-02;7.5000000e+00;3.2951105e-02;7.5000000e+00;5.0294053e-02;7.5000000e+00;7.0645921e-02;7.5000000e+00;9.4838567e-02;7.5000000e+00;1.2083967e-01;7.5000000e+00;1.4976040e-01;7.5000000e+00;1.7496076e-01;7.5000000e+00;1.9828892e-01;7.5000000e+00;2.1637598e-01;7.5000000e+00;2.2477067e-01;7.5000000e+00;2.1038502e-01;7.5000000e+00;1.7746976e-01;7.5000000e+00;1.3308682e-01;7.5000000e+00;8.7275453e-02;7.5000000e+00;4.5206010e-02;7.5000000e+00;4.7393385e-03;7.5000000e+00;9.5373113e-03;7.5000000e+00;1.9056981e-02;7.5000000e+00;3.2951105e-02;7.5000000e+00;5.0294053e-02;7.5000000e+00;7.0645921e-02;7.5000000e+00;9.4838567e-02;7.5000000e+00;1.2083967e-01;7.5000000e+00;1.4976040e-01;7.5000000e+00;1.7496076e-01;7.5000000e+00;1.9828892e-01;7.5000000e+00;2.1637598e-01;7.5000000e+00;2.2477067e-01;7.5000000e+00;2.1038502e-01;7.5000000e+00;1.7746976e-01;7.5000000e+00;1.3308682e-01;7.5000000e+00;8.7275453e-02;7.5000000e+00;4.5206010e-02;7.5000000e+00;4.7393385e-03;7.5000000e+00;9.5373113e-03;7.5000000e+00;1.9056981e-02;7.5000000e+00;3.2951105e-02;7.5000000e+00;5.0294053e-02;7.5000000e+00;7.0645921e-02;7.5000000e+00;9.4838567e-02;7.5000000e+00;1.2083967e-01;7.5000000e+00;1.4976040e-01;7.5000000e+00;1.7496076e-01;7.5000000e+00;1.9828892e-01;7.5000000e+00;2.1637598e-01;7.5000000e+00;2.2477067e-01;7.5000000e+00;2.1038502e-01;7.5000000e+00;1.7746976e-01;7.5000000e+00;1.3308682e-01;7.5000000e+00;8.7275453e-02;7.5000000e+00;4.5206010e-02;7.5000000e+00;4.7393385e-03;7.5000000e+00;9.5373113e-03;7.5000000e+00;1.9056981e-02;7.5000000e+00;3.2951105e-02;7.5000000e+00;5.0294053e-02;7.5000000e+00;7.0645921e-02;7.5000000e+00;9.4838567e-02;7.5000000e+00;1.2083967e-01;7.5000000e+00;1.4976040e-01;7.5000000e+00;1.7496076e-01;7.5000000e+00;1.9828892e-01;7.5000000e+00;2.1637598e-01;7.5000000e+00;2.2477067e-01;7.5000000e+00;2.1038502e-01;7.5000000e+00;1.7746976e-01;7.5000000e+00;1.3308682e-01;7.5000000e+00;8.7275453e-02;7.5000000e+00;4.5206010e-02;7.5000000e+00;4.7393385e-03;7.5000000e+00;9.5373113e-03;7.5000000e+00;1.9056981e-02;7.5000000e+00;3.2951105e-02;7.5000000e+00;5.0294053e-02;7.5000000e+00;7.0645921e-02;7.5000000e+00;9.4838567e-02;7.5000000e+00;1.2083967e-01;7.5000000e+00;1.4976040e-01;7.5000000e+00;1.7496076e-01;7.5000000e+00;1.9828892e-01;7.5000000e+00;2.1637598e-01;7.5000000e+00;2.2477067e-01;7.5000000e+00;2.1038502e-01;7.5000000e+00;1.7746976e-01;7.5000000e+00;1.3308682e-01;7.5000000e+00;8.7275453e-02;7.5000000e+00;4.5206010e-02;7.5000000e+00;4.7393385e-03;7.5000000e+00;9.5373113e-03;7.5000000e+00;1.9056981e-02;7.5000000e+00;3.2951105e-02;7.5000000e+00;5.0294053e-02;7.5000000e+00;7.0645921e-02;7.5000000e+00;9.4838567e-02;7.5000000e+00;1.2083967e-01;7.5000000e+00;1.4976040e-01;7.5000000e+00;1.7496076e-01;7.5000000e+00;1.9828892e-01;7.5000000e+00;2.1637598e-01;7.5000000e+00;2.2477067e-01;7.5000000e+00;2.1038502e-01;7.5000000e+00;1.7746976e-01;7.5000000e+00;1.3308682e-01;7.5000000e+00;8.7275453e-02;7.5000000e+00;4.5206010e-02;7.5000000e+00;4.7393385e-03;7.5000000e+00;9.5373113e-03;7.5000000e+00;1.9056981e-02;7.5000000e+00;3.2951105e-02;7.5000000e+00;5.0294053e-02;7.5000000e+00;7.0645921e-02;7.5000000e+00;9.4838567e-02;7.5000000e+00;1.2083967e-01;7.5000000e+00;1.4976040e-01;7.5000000e+00;1.7496076e-01;7.5000000e+00;1.9828892e-01;7.5000000e+00;2.1637598e-01;7.5000000e+00;2.2477067e-01;7.5000000e+00;2.1038502e-01;7.5000000e+00;1.7746976e-01;7.5000000e+00;1.3308682e-01;7.5000000e+00;8.7275453e-02;7.5000000e+00;4.5206010e-02;7.5000000e+00;4.7393385e-03;7.5000000e+00;9.5373113e-03;7.5000000e+00;1.9056981e-02;7.5000000e+00;3.2951105e-02;7.5000000e+00;5.0294053e-02;7.5000000e+00;7.0645921e-02;7.5000000e+00;9.4838567e-02;7.5000000e+00;1.2083967e-01;7.5000000e+00;1.4976040e-01;7.5000000e+00;1.7496076e-01;7.5000000e+00;1.9828892e-01;7.5000000e+00;2.1637598e-01;7.5000000e+00;2.2477067e-01;7.5000000e+00;2.1038502e-01;7.5000000e+00;1.7746976e-01;7.5000000e+00;1.3308682e-01;7.5000000e+00;8.7275453e-02;7.5000000e+00;4.5206010e-02;7.5000000e+00;4.7393385e-03;7.5000000e+00;9.5373113e-03;7.5000000e+00;1.9056981e-02;7.5000000e+00;3.2951105e-02;7.5000000e+00;5.0294053e-02;7.5000000e+00;7.0645921e-02;7.5000000e+00;9.4838567e-02;7.5000000e+00;1.2083967e-01;7.5000000e+00;1.4976040e-01;7.5000000e+00;1.7496076e-01;7.5000000e+00;1.9828892e-01;7.5000000e+00;2.1637598e-01;7.5000000e+00;2.2477067e-01;7.5000000e+00;2.1038502e-01;7.5000000e+00;1.7746976e-01;7.5000000e+00;1.3308682e-01;7.5000000e+00;8.7275453e-02;7.5000000e+00;4.5206010e-02;7.5000000e+00;4.7393385e-03;7.5000000e+00;9.5373113e-03;7.5000000e+00;1.9056981e-02;7.5000000e+00;3.2951105e-02;7.5000000e+00;5.0294053e-02;7.5000000e+00;7.0645921e-02;7.5000000e+00;9.4838567e-02;7.5000000e+00;1.2083967e-01;7.5000000e+00;1.4976040e-01;7.5000000e+00;1.7496076e-01;7.5000000e+00;1.9828892e-01;7.5000000e+00;2.1637598e-01;7.5000000e+00;2.2477067e-01;7.5000000e+00;2.1038502e-01;7.5000000e+00;1.7746976e-01;7.5000000e+00;1.3308682e-01;7.5000000e+00;8.7275453e-02;7.5000000e+00;4.5206010e-02;7.5000000e+00;4.7393385e-03;7.5000000e+00;9.5373113e-03;7.5000000e+00;1.9056981e-02;7.5000000e+00;3.2951105e-02;7.5000000e+00;5.0294053e-02;7.5000000e+00;7.0645921e-02;7.5000000e+00;9.4838567e-02;7.5000000e+00;1.2083967e-01;7.5000000e+00;1.4976040e-01;7.5000000e+00;1.7496076e-01;7.5000000e+00;1.9828892e-01;7.5000000e+00;2.1637598e-01;7.5000000e+00;2.2477067e-01;7.5000000e+00;2.1038502e-01;7.5000000e+00;1.7746976e-01;7.5000000e+00;1.3308682e-01;7.5000000e+00;8.7275453e-02;7.5000000e+00;4.5206010e-02;7.5000000e+00;4.7393385e-03;7.5000000e+00;9.5373113e-03;7.5000000e+00;1.9056981e-02;7.5000000e+00;3.2951105e-02;7.5000000e+00;5.0294053e-02;7.5000000e+00;7.0645921e-02;7.5000000e+00;9.4838567e-02;7.5000000e+00;1.2083967e-01;7.5000000e+00;1.4976040e-01;7.5000000e+00;1.7496076e-01;7.5000000e+00;1.9828892e-01;7.5000000e+00;2.1637598e-01;7.5000000e+00;2.2477067e-01;7.5000000e+00;2.1038502e-01;7.5000000e+00;1.7746976e-01;7.5000000e+00;1.3308682e-01;7.5000000e+00;8.7275453e-02;7.5000000e+00;4.5206010e-02;7.5000000e+00;4.7393385e-03;7.5000000e+00;9.5373113e-03;7.5000000e+00;1.9056981e-02;7.5000000e+00;3.2951105e-02;7.5000000e+00;5.0294053e-02;7.5000000e+00;7.0645921e-02;7.5000000e+00;9.4838567e-02;7.5000000e+00;1.2083967e-01;7.5000000e+00;1.4976040e-01;7.5000000e+00;1.7496076e-01;7.5000000e+00;1.9828892e-01;7.5000000e+00;2.1637598e-01;7.5000000e+00;2.2477067e-01;7.5000000e+00;2.1038502e-01;7.5000000e+00;1.7746976e-01;7.5000000e+00;1.3308682e-01;7.5000000e+00;8.7275453e-02;7.5000000e+00;4.5206010e-02;7.5000000e+00;4.7393385e-03;7.5000000e+00;9.5373113e-03;7.5000000e+00;1.9056981e-02;7.5000000e+00;3.2951105e-02;7.5000000e+00;5.0294053e-02;7.5000000e+00;7.0645921e-02;7.5000000e+00;9.4838567e-02;7.5000000e+00;1.2083967e-01;7.5000000e+00;1.4976040e-01;7.5000000e+00;1.7496076e-01;7.5000000e+00;1.9828892e-01;7.5000000e+00;2.1637598e-01;7.5000000e+00;2.2477067e-01;7.5000000e+00;2.1038502e-01;7.5000000e+00;1.7746976e-01;7.5000000e+00;1.3308682e-01;7.5000000e+00;8.7275453e-02;7.5000000e+00;4.5206010e-02;7.5000000e+00;4.7393385e-03;7.5000000e+00;9.5373113e-03;7.5000000e+00;1.9056981e-02;7.5000000e+00;3.2951105e-02;7.5000000e+00;5.0294053e-02;7.5000000e+00;7.0645921e-02;7.5000000e+00;9.4838567e-02;7.5000000e+00;1.2083967e-01;7.5000000e+00;1.4976040e-01;7.5000000e+00;1.7496076e-01;7.5000000e+00;1.9828892e-01;7.5000000e+00;2.1637598e-01;7.5000000e+00;2.2477067e-01;7.5000000e+00;2.1038502e-01;7.5000000e+00;1.7746976e-01;7.5000000e+00;1.3308682e-01;7.5000000e+00;8.7275453e-02;7.5000000e+00;4.5206010e-02;7.5000000e+00;4.7393385e-03;7.5000000e+00;9.5373113e-03;7.5000000e+00;1.9056981e-02;7.5000000e+00;3.2951105e-02;7.5000000e+00;5.0294053e-02;7.5000000e+00;7.0645921e-02;7.5000000e+00;9.4838567e-02;7.5000000e+00;1.2083967e-01;7.5000000e+00;1.4976040e-01;7.5000000e+00;1.7496076e-01;7.5000000e+00;1.9828892e-01;7.5000000e+00;2.1637598e-01;7.5000000e+00;2.2477067e-01;7.5000000e+00;2.1038502e-01;7.5000000e+00;1.7746976e-01;7.5000000e+00;1.3308682e-01;7.5000000e+00;8.7275453e-02;7.5000000e+00;4.5206010e-02;7.5000000e+00;4.7393385e-03;7.5000000e+00;9.5373113e-03;7.5000000e+00;1.9056981e-02;7.5000000e+00;3.2951105e-02;7.5000000e+00;5.0294053e-02;7.5000000e+00;7.0645921e-02;7.5000000e+00;9.4838567e-02;7.5000000e+00;1.2083967e-01;7.5000000e+00;1.4976040e-01;7.5000000e+00;1.7496076e-01;7.5000000e+00;1.9828892e-01;7.5000000e+00;2.1637598e-01;7.5000000e+00;2.2477067e-01;7.5000000e+00;2.1038502e-01;7.5000000e+00;1.7746976e-01;7.5000000e+00;1.3308682e-01;7.5000000e+00;8.7275453e-02;7.5000000e+00;4.5206010e-02;7.5000000e+00;4.7393385e-03;7.5000000e+00;9.5373113e-03;7.5000000e+00;1.9056981e-02;7.5000000e+00;3.2951105e-02;7.5000000e+00;5.0294053e-02;7.5000000e+00;7.0645921e-02;7.5000000e+00;9.4838567e-02;7.5000000e+00;1.2083967e-01;7.5000000e+00;1.4976040e-01;7.5000000e+00;1.7496076e-01;7.5000000e+00;1.9828892e-01;7.5000000e+00;2.1637598e-01;7.5000000e+00;2.2477067e-01;7.5000000e+00;2.1038502e-01;7.5000000e+00;1.7746976e-01;7.5000000e+00;1.3308682e-01;7.5000000e+00;8.7275453e-02;7.5000000e+00;4.5206010e-02;7.5000000e+00;4.7393385e-03;7.5000000e+00;9.5373113e-03;7.5000000e+00;1.9056981e-02;7.5000000e+00;3.2951105e-02;7.5000000e+00;5.0294053e-02;7.5000000e+00;7.0645921e-02;7.5000000e+00;9.4838567e-02;7.5000000e+00;1.2083967e-01;7.5000000e+00;1.4976040e-01;7.5000000e+00;1.7496076e-01;7.5000000e+00;1.9828892e-01;7.5000000e+00;2.1637598e-01;7.5000000e+00;2.2477067e-01;7.5000000e+00;2.1038502e-01;7.5000000e+00;1.7746976e-01;7.5000000e+00;1.3308682e-01;7.5000000e+00;8.7275453e-02;7.5000000e+00;4.5206010e-02;7.5000000e+00;4.7393385e-03;7.5000000e+00;9.5373113e-03;7.5000000e+00;1.9056981e-02;7.5000000e+00;3.2951105e-02;7.5000000e+00;5.0294053e-02;7.5000000e+00;7.0645921e-02;7.5000000e+00;9.4838567e-02;7.5000000e+00;1.2083967e-01;7.5000000e+00;1.4976040e-01;7.5000000e+00;1.7496076e-01;7.5000000e+00;1.9828892e-01;7.5000000e+00;2.1637598e-01;7.5000000e+00;2.2477067e-01;7.5000000e+00;2.1038502e-01;7.5000000e+00;1.7746976e-01;7.5000000e+00;1.3308682e-01;7.5000000e+00;8.7275453e-02;7.5000000e+00;4.5206010e-02;7.5000000e+00;4.7393385e-03;7.5000000e+00;9.5373113e-03;7.5000000e+00;1.9056981e-02;7.5000000e+00;3.2951105e-02;7.5000000e+00;5.0294053e-02;7.5000000e+00;7.0645921e-02;7.5000000e+00;9.4838567e-02;7.5000000e+00;1.2083967e-01;7.5000000e+00;1.4976040e-01;7.5000000e+00;1.7496076e-01;7.5000000e+00;1.9828892e-01;7.5000000e+00;2.1637598e-01;7.5000000e+00;2.2477067e-01;7.5000000e+00;2.1038502e-01;7.5000000e+00;1.7746976e-01;7.5000000e+00;1.3308682e-01;7.5000000e+00;8.7275453e-02;7.5000000e+00;4.5206010e-02;7.5000000e+00;4.7393385e-03;7.5000000e+00;9.5373113e-03;7.5000000e+00;1.9056981e-02;7.5000000e+00;3.2951105e-02;7.5000000e+00;5.0294053e-02;7.5000000e+00;7.0645921e-02;7.5000000e+00;9.4838567e-02;7.5000000e+00;1.2083967e-01;7.5000000e+00;1.4976040e-01;7.5000000e+00;1.7496076e-01;7.5000000e+00;1.9828892e-01;7.5000000e+00;2.1637598e-01;7.5000000e+00;2.2477067e-01;7.5000000e+00;2.1038502e-01;7.5000000e+00;1.7746976e-01;7.5000000e+00;1.3308682e-01;7.5000000e+00;8.7275453e-02;7.5000000e+00;4.5206010e-02;7.5000000e+00;4.7393385e-03;7.5000000e+00;9.5373113e-03;7.5000000e+00;1.9056981e-02;7.5000000e+00;3.2951105e-02;7.5000000e+00;5.0294053e-02;7.5000000e+00;7.0645921e-02;7.5000000e+00;9.4838567e-02;7.5000000e+00;1.2083967e-01;7.5000000e+00;1.4976040e-01;7.5000000e+00;1.7496076e-01;7.5000000e+00;1.9828892e-01;7.5000000e+00;2.1637598e-01;7.5000000e+00;2.2477067e-01;7.5000000e+00;2.1038502e-01;7.5000000e+00;1.7746976e-01;7.5000000e+00;1.3308682e-01;7.5000000e+00;8.7275453e-02;7.5000000e+00;4.5206010e-02;7.5000000e+00;4.7393385e-03;7.5000000e+00;9.5373113e-03;7.5000000e+00;1.9056981e-02;7.5000000e+00;3.2951105e-02;7.5000000e+00;5.0294053e-02;7.5000000e+00;7.0645921e-02;7.5000000e+00;9.4838567e-02;7.5000000e+00;1.2083967e-01;7.5000000e+00;1.4976040e-01;7.5000000e+00;1.7496076e-01;7.5000000e+00;1.9828892e-01;7.5000000e+00;2.1637598e-01;7.5000000e+00;2.2477067e-01;7.5000000e+00;2.1038502e-01;7.5000000e+00;1.7746976e-01;7.5000000e+00;1.3308682e-01;7.5000000e+00;8.7275453e-02;7.5000000e+00;4.5206010e-02;7.5000000e+00;4.7393385e-03;7.5000000e+00;9.5373113e-03;7.5000000e+00;1.9056981e-02;7.5000000e+00;3.2951105e-02;7.5000000e+00;5.0294053e-02;7.5000000e+00;7.0645921e-02;7.5000000e+00;9.4838567e-02;7.5000000e+00;1.2083967e-01;7.5000000e+00;1.4976040e-01;7.5000000e+00;1.7496076e-01;7.5000000e+00;1.9828892e-01;7.5000000e+00;2.1637598e-01;7.5000000e+00;2.2477067e-01;7.5000000e+00;2.1038502e-01;7.5000000e+00;1.7746976e-01;7.5000000e+00;1.3308682e-01;7.5000000e+00;8.7275453e-02;7.5000000e+00;4.5206010e-02;7.5000000e+00;4.7393385e-03;7.5000000e+00;9.5373113e-03;7.5000000e+00;1.9056981e-02;7.5000000e+00;3.2951105e-02;7.5000000e+00;5.0294053e-02;7.5000000e+00;7.0645921e-02;7.5000000e+00;9.4838567e-02;7.5000000e+00;1.2083967e-01;7.5000000e+00;1.4976040e-01;7.5000000e+00;1.7496076e-01;7.5000000e+00;1.9828892e-01;7.5000000e+00;2.1637598e-01;7.5000000e+00;2.2477067e-01;7.5000000e+00;2.1038502e-01;7.5000000e+00;1.7746976e-01;7.5000000e+00;1.3308682e-01;7.5000000e+00;8.7275453e-02;7.5000000e+00;4.5206010e-02;7.5000000e+00;4.7393385e-03;7.5000000e+00;9.5373113e-03;7.5000000e+00;1.9056981e-02;7.5000000e+00;3.2951105e-02;7.5000000e+00;5.0294053e-02;7.5000000e+00;7.0645921e-02;7.5000000e+00;9.4838567e-02;7.5000000e+00;1.2083967e-01;7.5000000e+00;1.4976040e-01;7.5000000e+00;1.7496076e-01;7.5000000e+00;1.9828892e-01;7.5000000e+00;2.1637598e-01;7.5000000e+00;2.2477067e-01;7.5000000e+00;2.1038502e-01;7.5000000e+00;1.7746976e-01;7.5000000e+00;1.3308682e-01;7.5000000e+00;8.7275453e-02;7.5000000e+00;4.5206010e-02;7.5000000e+00;4.7393385e-03;7.5000000e+00;9.5373113e-03;7.5000000e+00;1.9056981e-02;7.5000000e+00;3.2951105e-02;7.5000000e+00;5.0294053e-02;7.5000000e+00;7.0645921e-02;7.5000000e+00;9.4838567e-02;7.5000000e+00;1.2083967e-01;7.5000000e+00;1.4976040e-01;7.5000000e+00;1.7496076e-01;7.5000000e+00;1.9828892e-01;7.5000000e+00;2.1637598e-01;7.5000000e+00;2.2477067e-01;7.5000000e+00;2.1038502e-01;7.5000000e+00;1.7746976e-01;7.5000000e+00;1.3308682e-01;7.5000000e+00;8.7275453e-02;7.5000000e+00;4.5206010e-02;7.5000000e+00;4.7393385e-03;7.5000000e+00;9.5373113e-03;7.5000000e+00;1.9056981e-02;7.5000000e+00;3.2951105e-02;7.5000000e+00;5.0294053e-02;7.5000000e+00;7.0645921e-02;7.5000000e+00;9.4838567e-02;7.5000000e+00;1.2083967e-01;7.5000000e+00;1.4976040e-01;7.5000000e+00;1.7496076e-01;7.5000000e+00;1.9828892e-01;7.5000000e+00;2.1637598e-01;7.5000000e+00;2.2477067e-01;7.5000000e+00;2.1038502e-01;7.5000000e+00;1.7746976e-01;7.5000000e+00;1.3308682e-01;7.5000000e+00;8.7275453e-02;7.5000000e+00;4.5206010e-02;7.5000000e+00;4.7393385e-03;7.5000000e+00;9.5373113e-03;7.5000000e+00;1.9056981e-02;7.5000000e+00;3.2951105e-02;7.5000000e+00;5.0294053e-02;7.5000000e+00;7.0645921e-02;7.5000000e+00;9.4838567e-02;7.5000000e+00;1.2083967e-01;7.5000000e+00;1.4976040e-01;7.5000000e+00;1.7496076e-01;7.5000000e+00;1.9828892e-01;7.5000000e+00;2.1637598e-01;7.5000000e+00;2.2477067e-01;7.5000000e+00;2.1038502e-01;7.5000000e+00;1.7746976e-01;7.5000000e+00;1.3308682e-01;7.5000000e+00;8.7275453e-02;7.5000000e+00;4.5206010e-02;7.5000000e+00;4.7393385e-03;7.5000000e+00;9.5373113e-03;7.5000000e+00;1.9056981e-02;7.5000000e+00;3.2951105e-02;7.5000000e+00;5.0294053e-02;7.5000000e+00;7.0645921e-02;7.5000000e+00;9.4838567e-02;7.5000000e+00;1.2083967e-01;7.5000000e+00;1.4976040e-01;7.5000000e+00;1.7496076e-01;7.5000000e+00;1.9828892e-01;7.5000000e+00;2.1637598e-01;7.5000000e+00;2.2477067e-01;7.5000000e+00;2.1038502e-01;7.5000000e+00;1.7746976e-01;7.5000000e+00;1.3308682e-01;7.5000000e+00;8.7275453e-02;7.5000000e+00;4.5206010e-02;7.5000000e+00;4.7393385e-03;7.5000000e+00;9.5373113e-03;7.5000000e+00;1.9056981e-02;7.5000000e+00;3.2951105e-02;7.5000000e+00;5.0294053e-02;7.5000000e+00;7.0645921e-02;7.5000000e+00;9.4838567e-02;7.5000000e+00;1.2083967e-01;7.5000000e+00;1.4976040e-01;7.5000000e+00;1.7496076e-01;7.5000000e+00;1.9828892e-01;7.5000000e+00;2.1637598e-01;7.5000000e+00;2.2477067e-01;7.5000000e+00;2.1038502e-01;7.5000000e+00;1.7746976e-01;7.5000000e+00;1.3308682e-01;7.5000000e+00;8.7275453e-02;7.5000000e+00;4.5206010e-02;7.5000000e+00;4.7393385e-03;7.5000000e+00;9.5373113e-03;7.5000000e+00;1.9056981e-02;7.5000000e+00;3.2951105e-02;7.5000000e+00;5.0294053e-02;7.5000000e+00;7.0645921e-02;7.5000000e+00;9.4838567e-02;7.5000000e+00;1.2083967e-01;7.5000000e+00;1.4976040e-01;7.5000000e+00;1.7496076e-01;7.5000000e+00;1.9828892e-01;7.5000000e+00;2.1637598e-01;7.5000000e+00;2.2477067e-01;7.5000000e+00;2.1038502e-01;7.5000000e+00;1.7746976e-01;7.5000000e+00;1.3308682e-01;7.5000000e+00;8.7275453e-02;7.5000000e+00;4.5206010e-02;7.5000000e+00;4.7393385e-03;7.5000000e+00;9.5373113e-03;7.5000000e+00;1.9056981e-02;7.5000000e+00;3.2951105e-02;7.5000000e+00;5.0294053e-02;7.5000000e+00;7.0645921e-02;7.5000000e+00;9.4838567e-02;7.5000000e+00;1.2083967e-01;7.5000000e+00;1.4976040e-01;7.5000000e+00;1.7496076e-01;7.5000000e+00;1.9828892e-01;7.5000000e+00;2.1637598e-01;7.5000000e+00;2.2477067e-01;7.5000000e+00;2.1038502e-01;7.5000000e+00;1.7746976e-01;7.5000000e+00;1.3308682e-01;7.5000000e+00;8.7275453e-02;7.5000000e+00;4.5206010e-02;7.5000000e+00;4.7393385e-03;7.5000000e+00;9.5373113e-03;7.5000000e+00;1.9056981e-02;7.5000000e+00;3.2951105e-02;7.5000000e+00;5.0294053e-02;7.5000000e+00;7.0645921e-02;7.5000000e+00;9.4838567e-02;7.5000000e+00;1.2083967e-01;7.5000000e+00;1.4976040e-01;7.5000000e+00;1.7496076e-01;7.5000000e+00;1.9828892e-01;7.5000000e+00;2.1637598e-01;7.5000000e+00;2.2477067e-01;7.5000000e+00;2.1038502e-01;7.5000000e+00;1.7746976e-01;7.5000000e+00;1.3308682e-01;7.5000000e+00;8.7275453e-02;7.5000000e+00;4.5206010e-02;7.5000000e+00;4.7393385e-03;7.5000000e+00;9.5373113e-03;7.5000000e+00;1.9056981e-02;7.5000000e+00;3.2951105e-02;7.5000000e+00;5.0294053e-02;7.5000000e+00;7.0645921e-02;7.5000000e+00;9.4838567e-02;7.5000000e+00;1.2083967e-01;7.5000000e+00;1.4976040e-01;7.5000000e+00;1.7496076e-01;7.5000000e+00;1.9828892e-01;7.5000000e+00;2.1637598e-01;7.5000000e+00;2.2477067e-01;7.5000000e+00;2.1038502e-01;7.5000000e+00;1.7746976e-01;7.5000000e+00;1.3308682e-01;7.5000000e+00;8.7275453e-02;7.5000000e+00;4.5206010e-02;7.5000000e+00;4.7393385e-03;7.5000000e+00;9.5373113e-03;7.5000000e+00;1.9056981e-02;7.5000000e+00;3.2951105e-02;7.5000000e+00;5.0294053e-02;7.5000000e+00;7.0645921e-02;7.5000000e+00;9.4838567e-02;7.5000000e+00;1.2083967e-01;7.5000000e+00;1.4976040e-01;7.5000000e+00;1.7496076e-01;7.5000000e+00;1.9828892e-01;7.5000000e+00;2.1637598e-01;7.5000000e+00;2.2477067e-01;7.5000000e+00;2.1038502e-01;7.5000000e+00;1.7746976e-01;7.5000000e+00;1.3308682e-01;7.5000000e+00;8.7275453e-02;7.5000000e+00;4.5206010e-02;7.5000000e+00;4.7393385e-03;7.5000000e+00;9.5373113e-03;7.5000000e+00;1.9056981e-02;7.5000000e+00;3.2951105e-02;7.5000000e+00;5.0294053e-02;7.5000000e+00;7.0645921e-02;7.5000000e+00;9.4838567e-02;7.5000000e+00;1.2083967e-01;7.5000000e+00;1.4976040e-01;7.5000000e+00;1.7496076e-01;7.5000000e+00;1.9828892e-01;7.5000000e+00;2.1637598e-01;7.5000000e+00;2.2477067e-01;7.5000000e+00;2.1038502e-01;7.5000000e+00;1.7746976e-01;7.5000000e+00;1.3308682e-01;7.5000000e+00;8.7275453e-02;7.5000000e+00;4.5206010e-02;7.5000000e+00;4.7393385e-03;7.5000000e+00;9.5373113e-03;7.5000000e+00;1.9056981e-02;7.5000000e+00;3.2951105e-02;7.5000000e+00;5.0294053e-02;7.5000000e+00;7.0645921e-02;7.5000000e+00;9.4838567e-02;7.5000000e+00;1.2083967e-01;7.5000000e+00;1.4976040e-01;7.5000000e+00;1.7496076e-01;7.5000000e+00;1.9828892e-01;7.5000000e+00;2.1637598e-01;7.5000000e+00;2.2477067e-01;7.5000000e+00;2.1038502e-01;7.5000000e+00;1.7746976e-01;7.5000000e+00;1.3308682e-01;7.5000000e+00;8.7275453e-02;7.5000000e+00;4.5206010e-02;7.5000000e+00;4.7393385e-03;7.5000000e+00;9.5373113e-03;7.5000000e+00;1.9056981e-02;7.5000000e+00;3.2951105e-02;7.5000000e+00;5.0294053e-02;7.5000000e+00;7.0645921e-02;7.5000000e+00;9.4838567e-02;7.5000000e+00;1.2083967e-01;7.5000000e+00;1.4976040e-01;7.5000000e+00;1.7496076e-01;7.5000000e+00;1.9828892e-01;7.5000000e+00;2.1637598e-01;7.5000000e+00;2.2477067e-01;7.5000000e+00;2.1038502e-01;7.5000000e+00;1.7746976e-01;7.5000000e+00;1.3308682e-01;7.5000000e+00;8.7275453e-02;7.5000000e+00;4.5206010e-02;7.5000000e+00;4.7393385e-03;7.5000000e+00;9.5373113e-03;7.5000000e+00;1.9056981e-02;7.5000000e+00;3.2951105e-02;7.5000000e+00;5.0294053e-02;7.5000000e+00;7.0645921e-02;7.5000000e+00;9.4838567e-02;7.5000000e+00;1.2083967e-01;7.5000000e+00;1.4976040e-01;7.5000000e+00;1.7496076e-01;7.5000000e+00;1.9828892e-01;7.5000000e+00;2.1637598e-01;7.5000000e+00;2.2477067e-01;7.5000000e+00;2.1038502e-01;7.5000000e+00;1.7746976e-01;7.5000000e+00;1.3308682e-01;7.5000000e+00;8.7275453e-02;7.5000000e+00;4.5206010e-02;7.5000000e+00;4.7393385e-03;7.5000000e+00;9.5373113e-03;7.5000000e+00;1.9056981e-02;7.5000000e+00;3.2951105e-02;7.5000000e+00;5.0294053e-02;7.5000000e+00;7.0645921e-02;7.5000000e+00;9.4838567e-02;7.5000000e+00;1.2083967e-01;7.5000000e+00;1.4976040e-01;7.5000000e+00;1.7496076e-01;7.5000000e+00;1.9828892e-01;7.5000000e+00;2.1637598e-01;7.5000000e+00;2.2477067e-01;7.5000000e+00;2.1038502e-01;7.5000000e+00;1.7746976e-01;7.5000000e+00;1.3308682e-01;7.5000000e+00;8.7275453e-02;7.5000000e+00;4.5206010e-02;7.5000000e+00;4.7393385e-03;7.5000000e+00;9.5373113e-03;7.5000000e+00;1.9056981e-02;7.5000000e+00;3.2951105e-02;7.5000000e+00;5.0294053e-02;7.5000000e+00;7.0645921e-02;7.5000000e+00;9.4838567e-02;7.5000000e+00;1.2083967e-01;7.5000000e+00;1.4976040e-01;7.5000000e+00;1.7496076e-01;7.5000000e+00;1.9828892e-01;7.5000000e+00;2.1637598e-01;7.5000000e+00;2.2477067e-01;7.5000000e+00;2.1038502e-01;7.5000000e+00;1.7746976e-01;7.5000000e+00;1.3308682e-01;7.5000000e+00;8.7275453e-02;7.5000000e+00;4.5206010e-02;7.5000000e+00;4.7393385e-03;7.5000000e+00;9.5373113e-03;7.5000000e+00;1.9056981e-02;7.5000000e+00;3.2951105e-02;7.5000000e+00;5.0294053e-02;7.5000000e+00;7.0645921e-02;7.5000000e+00;9.4838567e-02;7.5000000e+00;1.2083967e-01;7.5000000e+00;1.4976040e-01;7.5000000e+00;1.7496076e-01;7.5000000e+00;1.9828892e-01;7.5000000e+00;2.1637598e-01;7.5000000e+00;2.2477067e-01;7.5000000e+00;2.1038502e-01;7.5000000e+00;1.7746976e-01;7.5000000e+00;1.3308682e-01;7.5000000e+00;8.7275453e-02;7.5000000e+00;4.5206010e-02;7.5000000e+00;4.7393385e-03;7.5000000e+00;9.5373113e-03;7.5000000e+00;1.9056981e-02;7.5000000e+00;3.2951105e-02;7.5000000e+00;5.0294053e-02;7.5000000e+00;7.0645921e-02;7.5000000e+00;9.4838567e-02;7.5000000e+00;1.2083967e-01;7.5000000e+00;1.4976040e-01;7.5000000e+00;1.7496076e-01;7.5000000e+00;1.9828892e-01;7.5000000e+00;2.1637598e-01;7.5000000e+00;2.2477067e-01;7.5000000e+00;2.1038502e-01;7.5000000e+00;1.7746976e-01;7.5000000e+00;1.3308682e-01;7.5000000e+00;8.7275453e-02;7.5000000e+00;4.5206010e-02;7.5000000e+00;4.7393385e-03;7.5000000e+00;9.5373113e-03;7.5000000e+00;1.9056981e-02;7.5000000e+00;3.2951105e-02;7.5000000e+00;5.0294053e-02;7.5000000e+00;7.0645921e-02;7.5000000e+00;9.4838567e-02;7.5000000e+00;1.2083967e-01;7.5000000e+00;1.4976040e-01;7.5000000e+00;1.7496076e-01;7.5000000e+00;1.9828892e-01;7.5000000e+00;2.1637598e-01;7.5000000e+00;2.2477067e-01;7.5000000e+00;2.1038502e-01;7.5000000e+00;1.7746976e-01;7.5000000e+00;1.3308682e-01;7.5000000e+00;8.7275453e-02;7.5000000e+00;4.5206010e-02;7.5000000e+00;4.7393385e-03;7.5000000e+00;9.5373113e-03;7.5000000e+00;1.9056981e-02;7.5000000e+00;3.2951105e-02;7.5000000e+00;5.0294053e-02;7.5000000e+00;7.0645921e-02;7.5000000e+00;9.4838567e-02;7.5000000e+00;1.2083967e-01;7.5000000e+00;1.4976040e-01;7.5000000e+00;1.7496076e-01;7.5000000e+00;1.9828892e-01;7.5000000e+00;2.1637598e-01;7.5000000e+00;2.2477067e-01;7.5000000e+00;2.1038502e-01;7.5000000e+00;1.7746976e-01;7.5000000e+00;1.3308682e-01;7.5000000e+00;8.7275453e-02;7.5000000e+00;4.5206010e-02;7.5000000e+00;4.7393385e-03;7.5000000e+00;9.5373113e-03;7.5000000e+00;1.9056981e-02;7.5000000e+00;3.2951105e-02;7.5000000e+00;5.0294053e-02;7.5000000e+00;7.0645921e-02;7.5000000e+00;9.4838567e-02;7.5000000e+00;1.2083967e-01;7.5000000e+00;1.4976040e-01;7.5000000e+00;1.7496076e-01;7.5000000e+00;1.9828892e-01;7.5000000e+00;2.1637598e-01;7.5000000e+00;2.2477067e-01;7.5000000e+00;2.1038502e-01;7.5000000e+00;1.7746976e-01;7.5000000e+00;1.3308682e-01;7.5000000e+00;8.7275453e-02;7.5000000e+00;4.5206010e-02;7.5000000e+00;4.7393385e-03;7.5000000e+00;9.5373113e-03;7.5000000e+00;1.9056981e-02;7.5000000e+00;3.2951105e-02;7.5000000e+00;5.0294053e-02;7.5000000e+00;7.0645921e-02;7.5000000e+00;9.4838567e-02;7.5000000e+00;1.2083967e-01;7.5000000e+00;1.4976040e-01;7.5000000e+00;1.7496076e-01;7.5000000e+00;1.9828892e-01;7.5000000e+00;2.1637598e-01;7.5000000e+00;2.2477067e-01;7.5000000e+00;2.1038502e-01;7.5000000e+00;1.7746976e-01;7.5000000e+00;1.3308682e-01;7.5000000e+00;8.7275453e-02;7.5000000e+00;4.5206010e-02;7.5000000e+00;4.7393385e-03;7.5000000e+00;9.5373113e-03;7.5000000e+00;1.9056981e-02;7.5000000e+00;3.2951105e-02;7.5000000e+00;5.0294053e-02;7.5000000e+00;7.0645921e-02;7.5000000e+00;9.4838567e-02;7.5000000e+00;1.2083967e-01;7.5000000e+00;1.4976040e-01;7.5000000e+00;1.7496076e-01;7.5000000e+00;1.9828892e-01;7.5000000e+00;2.1637598e-01;7.5000000e+00;2.2477067e-01;7.5000000e+00;2.1038502e-01;7.5000000e+00;1.7746976e-01;7.5000000e+00;1.3308682e-01;7.5000000e+00;8.7275453e-02;7.5000000e+00;4.5206010e-02;7.5000000e+00;4.7393385e-03;7.5000000e+00;9.5373113e-03;7.5000000e+00;1.9056981e-02;7.5000000e+00;3.2951105e-02;7.5000000e+00;5.0294053e-02;7.5000000e+00;7.0645921e-02;7.5000000e+00;9.4838567e-02;7.5000000e+00;1.2083967e-01;7.5000000e+00;1.4976040e-01;7.5000000e+00;1.7496076e-01;7.5000000e+00;1.9828892e-01;7.5000000e+00;2.1637598e-01;7.5000000e+00;2.2477067e-01;7.5000000e+00;2.1038502e-01;7.5000000e+00;1.7746976e-01;7.5000000e+00;1.3308682e-01;7.5000000e+00;8.7275453e-02;7.5000000e+00;4.5206010e-02;7.5000000e+00;4.7393385e-03;7.5000000e+00;9.5373113e-03;7.5000000e+00;1.9056981e-02;7.5000000e+00;3.2951105e-02;7.5000000e+00;5.0294053e-02;7.5000000e+00;7.0645921e-02;7.5000000e+00;9.4838567e-02;7.5000000e+00;1.2083967e-01;7.5000000e+00;1.4976040e-01;7.5000000e+00;1.7496076e-01;7.5000000e+00;1.9828892e-01;7.5000000e+00;2.1637598e-01;7.5000000e+00;2.2477067e-01;7.5000000e+00;2.1038502e-01;7.5000000e+00;1.7746976e-01;7.5000000e+00;1.3308682e-01;7.5000000e+00;8.7275453e-02;7.5000000e+00;4.5206010e-02;7.5000000e+00;4.7393385e-03;7.5000000e+00;9.5373113e-03;7.5000000e+00;1.9056981e-02;7.5000000e+00;3.2951105e-02;7.5000000e+00;5.0294053e-02;7.5000000e+00;7.0645921e-02;7.5000000e+00;9.4838567e-02;7.5000000e+00;1.2083967e-01;7.5000000e+00;1.4976040e-01;7.5000000e+00;1.7496076e-01;7.5000000e+00;1.9828892e-01;7.5000000e+00;2.1637598e-01;7.5000000e+00;2.2477067e-01;7.5000000e+00;2.1038502e-01;7.5000000e+00;1.7746976e-01;7.5000000e+00;1.3308682e-01;7.5000000e+00;8.7275453e-02;7.5000000e+00;4.5206010e-02;7.5000000e+00;4.7393385e-03;7.5000000e+00;9.5373113e-03;7.5000000e+00;1.9056981e-02;7.5000000e+00;3.2951105e-02;7.5000000e+00;5.0294053e-02;7.5000000e+00;7.0645921e-02;7.5000000e+00;9.4838567e-02;7.5000000e+00;1.2083967e-01;7.5000000e+00;1.4976040e-01;7.5000000e+00;1.7496076e-01;7.5000000e+00;1.9828892e-01;7.5000000e+00;2.1637598e-01;7.5000000e+00;2.2477067e-01;7.5000000e+00;2.1038502e-01;7.5000000e+00;1.7746976e-01;7.5000000e+00;1.3308682e-01;7.5000000e+00;8.7275453e-02;7.5000000e+00;4.5206010e-02;7.5000000e+00;4.7393385e-03;7.5000000e+00;9.5373113e-03;7.5000000e+00;1.9056981e-02;7.5000000e+00;3.2951105e-02;7.5000000e+00;5.0294053e-02;7.5000000e+00;7.0645921e-02;7.5000000e+00;9.4838567e-02;7.5000000e+00;1.2083967e-01;7.5000000e+00;1.4976040e-01;7.5000000e+00;1.7496076e-01;7.5000000e+00;1.9828892e-01;7.5000000e+00;2.1637598e-01;7.5000000e+00;2.2477067e-01;7.5000000e+00;2.1038502e-01;7.5000000e+00;1.7746976e-01;7.5000000e+00;1.3308682e-01;7.5000000e+00;8.7275453e-02;7.5000000e+00;4.5206010e-02;7.5000000e+00;4.7393385e-03;7.5000000e+00;9.5373113e-03;7.5000000e+00;1.9056981e-02;7.5000000e+00;3.2951105e-02;7.5000000e+00;5.0294053e-02;7.5000000e+00;7.0645921e-02;7.5000000e+00;9.4838567e-02;7.5000000e+00;1.2083967e-01;7.5000000e+00;1.4976040e-01;7.5000000e+00;1.7496076e-01;7.5000000e+00;1.9828892e-01;7.5000000e+00;2.1637598e-01;7.5000000e+00;2.2477067e-01;7.5000000e+00;2.1038502e-01;7.5000000e+00;1.7746976e-01;7.5000000e+00;1.3308682e-01;7.5000000e+00;8.7275453e-02;7.5000000e+00;4.5206010e-02;7.5000000e+00;4.7393385e-03;7.5000000e+00;9.5373113e-03;7.5000000e+00;1.9056981e-02;7.5000000e+00;3.2951105e-02;7.5000000e+00;5.0294053e-02;7.5000000e+00;7.0645921e-02;7.5000000e+00;9.4838567e-02;7.5000000e+00;1.2083967e-01;7.5000000e+00;1.4976040e-01;7.5000000e+00;1.7496076e-01;7.5000000e+00;1.9828892e-01;7.5000000e+00;2.1637598e-01;7.5000000e+00;2.2477067e-01;7.5000000e+00;2.1038502e-01;7.5000000e+00;1.7746976e-01;7.5000000e+00;1.3308682e-01;7.5000000e+00;8.7275453e-02;7.5000000e+00;4.5206010e-02;7.5000000e+00;4.7393385e-03;7.5000000e+00;9.5373113e-03;7.5000000e+00;1.9056981e-02;7.5000000e+00;3.2951105e-02;7.5000000e+00;5.0294053e-02;7.5000000e+00;7.0645921e-02;7.5000000e+00;9.4838567e-02;7.5000000e+00;1.2083967e-01;7.5000000e+00;1.4976040e-01;7.5000000e+00;1.7496076e-01;7.5000000e+00;1.9828892e-01;7.5000000e+00;2.1637598e-01;7.5000000e+00;2.2477067e-01;7.5000000e+00;2.1038502e-01;7.5000000e+00;1.7746976e-01;7.5000000e+00;1.3308682e-01;7.5000000e+00;8.7275453e-02;7.5000000e+00;4.5206010e-02;7.5000000e+00;4.7393385e-03;7.5000000e+00;9.5373113e-03;7.5000000e+00;1.9056981e-02;7.5000000e+00;3.2951105e-02;7.5000000e+00;5.0294053e-02;7.5000000e+00;7.0645921e-02;7.5000000e+00;9.4838567e-02;7.5000000e+00;1.2083967e-01;7.5000000e+00;1.4976040e-01;7.5000000e+00;1.7496076e-01;7.5000000e+00;1.9828892e-01;7.5000000e+00;2.1637598e-01;7.5000000e+00;2.2477067e-01;7.5000000e+00;2.1038502e-01;7.5000000e+00;1.7746976e-01;7.5000000e+00;1.3308682e-01;7.5000000e+00;8.7275453e-02;7.5000000e+00;4.5206010e-02;7.5000000e+00;4.7393385e-03;7.5000000e+00;9.5373113e-03;7.5000000e+00;1.9056981e-02;7.5000000e+00;3.2951105e-02;7.5000000e+00;5.0294053e-02;7.5000000e+00;7.0645921e-02;7.5000000e+00;9.4838567e-02;7.5000000e+00;1.2083967e-01;7.5000000e+00;1.4976040e-01;7.5000000e+00;1.7496076e-01;7.5000000e+00;1.9828892e-01;7.5000000e+00;2.1637598e-01;7.5000000e+00;2.2477067e-01;7.5000000e+00;2.1038502e-01;7.5000000e+00;1.7746976e-01;7.5000000e+00;1.3308682e-01;7.5000000e+00;8.7275453e-02;7.5000000e+00;4.5206010e-02;7.5000000e+00;4.7393385e-03;7.5000000e+00;9.5373113e-03;7.5000000e+00;1.9056981e-02;7.5000000e+00;3.2951105e-02;7.5000000e+00;5.0294053e-02;7.5000000e+00;7.0645921e-02;7.5000000e+00;9.4838567e-02;7.5000000e+00;1.2083967e-01;7.5000000e+00;1.4976040e-01;7.5000000e+00;1.7496076e-01;7.5000000e+00;1.9828892e-01;7.5000000e+00;2.1637598e-01;7.5000000e+00;2.2477067e-01;7.5000000e+00;2.1038502e-01;7.5000000e+00;1.7746976e-01;7.5000000e+00;1.3308682e-01;7.5000000e+00;8.7275453e-02;7.5000000e+00;4.5206010e-02;7.5000000e+00;4.7393385e-03;7.5000000e+00;9.5373113e-03;7.5000000e+00;1.9056981e-02;7.5000000e+00;3.2951105e-02;7.5000000e+00;5.0294053e-02;7.5000000e+00;7.0645921e-02;7.5000000e+00;9.4838567e-02;7.5000000e+00;1.2083967e-01;7.5000000e+00;1.4976040e-01;7.5000000e+00;1.7496076e-01;7.5000000e+00;1.9828892e-01;7.5000000e+00;2.1637598e-01;7.5000000e+00;2.2477067e-01;7.5000000e+00;2.1038502e-01;7.5000000e+00;1.7746976e-01;7.5000000e+00;1.3308682e-01;7.5000000e+00;8.7275453e-02;7.5000000e+00;4.5206010e-02;7.5000000e+00;4.7393385e-03;7.5000000e+00;9.5373113e-03;7.5000000e+00;1.9056981e-02;7.5000000e+00;3.2951105e-02;7.5000000e+00;5.0294053e-02;7.5000000e+00;7.0645921e-02;7.5000000e+00;9.4838567e-02;7.5000000e+00;1.2083967e-01;7.5000000e+00;1.4976040e-01;7.5000000e+00;1.7496076e-01;7.5000000e+00;1.9828892e-01;7.5000000e+00;2.1637598e-01;7.5000000e+00;2.2477067e-01;7.5000000e+00;2.1038502e-01;7.5000000e+00;1.7746976e-01;7.5000000e+00;1.3308682e-01;7.5000000e+00;8.7275453e-02;7.5000000e+00;4.5206010e-02;7.5000000e+00;4.7393385e-03;7.5000000e+00;9.5373113e-03;7.5000000e+00;1.9056981e-02;7.5000000e+00;3.2951105e-02;7.5000000e+00;5.0294053e-02;7.5000000e+00;7.0645921e-02;7.5000000e+00;9.4838567e-02;7.5000000e+00;1.2083967e-01;7.5000000e+00;1.4976040e-01;7.5000000e+00;1.7496076e-01;7.5000000e+00;1.9828892e-01;7.5000000e+00;2.1637598e-01;7.5000000e+00;2.2477067e-01;7.5000000e+00;2.1038502e-01;7.5000000e+00;1.7746976e-01;7.5000000e+00;1.3308682e-01;7.5000000e+00;8.7275453e-02;7.5000000e+00;4.5206010e-02;7.5000000e+00;4.7393385e-03;7.5000000e+00;9.5373113e-03;7.5000000e+00;1.9056981e-02;7.5000000e+00;3.2951105e-02;7.5000000e+00;5.0294053e-02;7.5000000e+00;7.0645921e-02;7.5000000e+00;9.4838567e-02;7.5000000e+00;1.2083967e-01;7.5000000e+00;1.4976040e-01;7.5000000e+00;1.7496076e-01;7.5000000e+00;1.9828892e-01;7.5000000e+00;2.1637598e-01;7.5000000e+00;2.2477067e-01;7.5000000e+00;2.1038502e-01;7.5000000e+00;1.7746976e-01;7.5000000e+00;1.3308682e-01;7.5000000e+00;8.7275453e-02;7.5000000e+00;4.5206010e-02;7.5000000e+00;4.7393385e-03;7.5000000e+00;9.5373113e-03;7.5000000e+00;1.9056981e-02;7.5000000e+00;3.2951105e-02;7.5000000e+00;5.0294053e-02;7.5000000e+00;7.0645921e-02;7.5000000e+00;9.4838567e-02;7.5000000e+00;1.2083967e-01;7.5000000e+00;1.4976040e-01;7.5000000e+00;1.7496076e-01;7.5000000e+00;1.9828892e-01;7.5000000e+00;2.1637598e-01;7.5000000e+00;2.2477067e-01;7.5000000e+00;2.1038502e-01;7.5000000e+00;1.7746976e-01;7.5000000e+00;1.3308682e-01;7.5000000e+00;8.7275453e-02;7.5000000e+00;4.5206010e-02;7.5000000e+00;4.7393385e-03;7.5000000e+00;9.5373113e-03;7.5000000e+00;1.9056981e-02;7.5000000e+00;3.2951105e-02;7.5000000e+00;5.0294053e-02;7.5000000e+00;7.0645921e-02;7.5000000e+00;9.4838567e-02;7.5000000e+00;1.2083967e-01;7.5000000e+00;1.4976040e-01;7.5000000e+00;1.7496076e-01;7.5000000e+00;1.9828892e-01;7.5000000e+00;2.1637598e-01;7.5000000e+00;2.2477067e-01;7.5000000e+00;2.1038502e-01;7.5000000e+00;1.7746976e-01;7.5000000e+00;1.3308682e-01;7.5000000e+00;8.7275453e-02;7.5000000e+00;4.5206010e-02;7.5000000e+00;4.7393385e-03;7.5000000e+00;9.5373113e-03;7.5000000e+00;1.9056981e-02;7.5000000e+00;3.2951105e-02;7.5000000e+00;5.0294053e-02;7.5000000e+00;7.0645921e-02;7.5000000e+00;9.4838567e-02;7.5000000e+00;1.2083967e-01;7.5000000e+00;1.4976040e-01;7.5000000e+00;1.7496076e-01;7.5000000e+00;1.9828892e-01;7.5000000e+00;2.1637598e-01;7.5000000e+00;2.2477067e-01;7.5000000e+00;2.1038502e-01;7.5000000e+00;1.7746976e-01;7.5000000e+00;1.3308682e-01;7.5000000e+00;8.7275453e-02;7.5000000e+00;4.5206010e-02;7.5000000e+00;4.7393385e-03;7.5000000e+00;9.5373113e-03;7.5000000e+00;1.9056981e-02;7.5000000e+00;3.2951105e-02;7.5000000e+00;5.0294053e-02;7.5000000e+00;7.0645921e-02;7.5000000e+00;9.4838567e-02;7.5000000e+00;1.2083967e-01;7.5000000e+00;1.4976040e-01;7.5000000e+00;1.7496076e-01;7.5000000e+00;1.9828892e-01;7.5000000e+00;2.1637598e-01;7.5000000e+00;2.2477067e-01;7.5000000e+00;2.1038502e-01;7.5000000e+00;1.7746976e-01;7.5000000e+00;1.3308682e-01;7.5000000e+00;8.7275453e-02;7.5000000e+00;4.5206010e-02;7.5000000e+00;4.7393385e-03;7.5000000e+00;9.5373113e-03;7.5000000e+00;1.9056981e-02;7.5000000e+00;3.2951105e-02;7.5000000e+00;5.0294053e-02;7.5000000e+00;7.0645921e-02;7.5000000e+00;9.4838567e-02;7.5000000e+00;1.2083967e-01;7.5000000e+00;1.4976040e-01;7.5000000e+00;1.7496076e-01;7.5000000e+00;1.9828892e-01;7.5000000e+00;2.1637598e-01;7.5000000e+00;2.2477067e-01;7.5000000e+00;2.1038502e-01;7.5000000e+00;1.7746976e-01;7.5000000e+00;1.3308682e-01;7.5000000e+00;8.7275453e-02;7.5000000e+00;4.5206010e-02;7.5000000e+00;4.7393385e-03;7.5000000e+00;9.5373113e-03;7.5000000e+00;1.9056981e-02;7.5000000e+00;3.2951105e-02;7.5000000e+00;5.0294053e-02;7.5000000e+00;7.0645921e-02;7.5000000e+00;9.4838567e-02;7.5000000e+00;1.2083967e-01;7.5000000e+00;1.4976040e-01;7.5000000e+00;1.7496076e-01;7.5000000e+00;1.9828892e-01;7.5000000e+00;2.1637598e-01;7.5000000e+00;2.2477067e-01;7.5000000e+00;2.1038502e-01;7.5000000e+00;1.7746976e-01;7.5000000e+00;1.3308682e-01;7.5000000e+00;8.7275453e-02;7.5000000e+00;4.5206010e-02;7.5000000e+00;4.7393385e-03;7.5000000e+00;9.5373113e-03;7.5000000e+00;1.9056981e-02;7.5000000e+00;3.2951105e-02;7.5000000e+00;5.0294053e-02;7.5000000e+00;7.0645921e-02;7.5000000e+00;9.4838567e-02;7.5000000e+00;1.2083967e-01;7.5000000e+00;1.4976040e-01;7.5000000e+00;1.7496076e-01;7.5000000e+00;1.9828892e-01;7.5000000e+00;2.1637598e-01;7.5000000e+00;2.2477067e-01;7.5000000e+00;2.1038502e-01;7.5000000e+00;1.7746976e-01;7.5000000e+00;1.3308682e-01;7.5000000e+00;8.7275453e-02;7.5000000e+00;4.5206010e-02;7.5000000e+00;4.7393385e-03;7.5000000e+00;9.5373113e-03;7.5000000e+00;1.9056981e-02;7.5000000e+00;3.2951105e-02;7.5000000e+00;5.0294053e-02;7.5000000e+00;7.0645921e-02;7.5000000e+00;9.4838567e-02;7.5000000e+00;1.2083967e-01;7.5000000e+00;1.4976040e-01;7.5000000e+00;1.7496076e-01;7.5000000e+00;1.9828892e-01;7.5000000e+00;2.1637598e-01;7.5000000e+00;2.2477067e-01;7.5000000e+00;2.1038502e-01;7.5000000e+00;1.7746976e-01;7.5000000e+00;1.3308682e-01;7.5000000e+00;8.7275453e-02;7.5000000e+00;4.5206010e-02;7.5000000e+00;4.7393385e-03;7.5000000e+00;9.5373113e-03;7.5000000e+00;1.9056981e-02;7.5000000e+00;3.2951105e-02;7.5000000e+00;5.0294053e-02;7.5000000e+00;7.0645921e-02;7.5000000e+00;9.4838567e-02;7.5000000e+00;1.2083967e-01;7.5000000e+00;1.4976040e-01;7.5000000e+00;1.7496076e-01;7.5000000e+00;1.9828892e-01;7.5000000e+00;2.1637598e-01;7.5000000e+00;2.2477067e-01;7.5000000e+00;2.1038502e-01;7.5000000e+00;1.7746976e-01;7.5000000e+00;1.3308682e-01;7.5000000e+00;8.7275453e-02;7.5000000e+00;4.5206010e-02;7.5000000e+00;4.7393385e-03;7.5000000e+00;9.5373113e-03;7.5000000e+00;1.9056981e-02;7.5000000e+00;3.2951105e-02;7.5000000e+00;5.0294053e-02;7.5000000e+00;7.0645921e-02;7.5000000e+00;9.4838567e-02;7.5000000e+00;1.2083967e-01;7.5000000e+00;1.4976040e-01;7.5000000e+00;1.7496076e-01;7.5000000e+00;1.9828892e-01;7.5000000e+00;2.1637598e-01;7.5000000e+00;2.2477067e-01;7.5000000e+00;2.1038502e-01;7.5000000e+00;1.7746976e-01;7.5000000e+00;1.3308682e-01;7.5000000e+00;8.7275453e-02;7.5000000e+00;4.5206010e-02;7.5000000e+00;4.7393385e-03;7.5000000e+00;9.5373113e-03;7.5000000e+00;1.9056981e-02;7.5000000e+00;3.2951105e-02;7.5000000e+00;5.0294053e-02;7.5000000e+00;7.0645921e-02;7.5000000e+00;9.4838567e-02;7.5000000e+00;1.2083967e-01;7.5000000e+00;1.4976040e-01;7.5000000e+00;1.7496076e-01;7.5000000e+00;1.9828892e-01;7.5000000e+00;2.1637598e-01;7.5000000e+00;2.2477067e-01;7.5000000e+00;2.1038502e-01;7.5000000e+00;1.7746976e-01;7.5000000e+00;1.3308682e-01;7.5000000e+00;8.7275453e-02;7.5000000e+00;4.5206010e-02;7.5000000e+00;4.7393385e-03;7.5000000e+00;9.5373113e-03;7.5000000e+00;1.9056981e-02;7.5000000e+00;3.2951105e-02;7.5000000e+00;5.0294053e-02;7.5000000e+00;7.0645921e-02;7.5000000e+00;9.4838567e-02;7.5000000e+00;1.2083967e-01;7.5000000e+00;1.4976040e-01;7.5000000e+00;1.7496076e-01;7.5000000e+00;1.9828892e-01;7.5000000e+00;2.1637598e-01;7.5000000e+00;2.2477067e-01;7.5000000e+00;2.1038502e-01;7.5000000e+00;1.7746976e-01;7.5000000e+00;1.3308682e-01;7.5000000e+00;8.7275453e-02;7.5000000e+00;4.5206010e-02;7.5000000e+00;4.7393385e-03;7.5000000e+00;9.5373113e-03;7.5000000e+00;1.9056981e-02;7.5000000e+00;3.2951105e-02;7.5000000e+00;5.0294053e-02;7.5000000e+00;7.0645921e-02;7.5000000e+00;9.4838567e-02;7.5000000e+00;1.2083967e-01;7.5000000e+00;1.4976040e-01;7.5000000e+00;1.7496076e-01;7.5000000e+00;1.9828892e-01;7.5000000e+00;2.1637598e-01;7.5000000e+00;2.2477067e-01;7.5000000e+00;2.1038502e-01;7.5000000e+00;1.7746976e-01;7.5000000e+00;1.3308682e-01;7.5000000e+00;8.7275453e-02;7.5000000e+00;4.5206010e-02;7.5000000e+00;4.7393385e-03;7.5000000e+00;9.5373113e-03;7.5000000e+00;1.9056981e-02;7.5000000e+00;3.2951105e-02;7.5000000e+00;5.0294053e-02;7.5000000e+00;7.0645921e-02;7.5000000e+00;9.4838567e-02;7.5000000e+00;1.2083967e-01;7.5000000e+00;1.4976040e-01;7.5000000e+00;1.7496076e-01;7.5000000e+00;1.9828892e-01;7.5000000e+00;2.1637598e-01;7.5000000e+00;2.2477067e-01;7.5000000e+00;2.1038502e-01;7.5000000e+00;1.7746976e-01;7.5000000e+00;1.3308682e-01;7.5000000e+00;8.7275453e-02;7.5000000e+00;4.5206010e-02;7.5000000e+00;4.7393385e-03;7.5000000e+00;9.5373113e-03;7.5000000e+00;1.9056981e-02;7.5000000e+00;3.2951105e-02;7.5000000e+00;5.0294053e-02;7.5000000e+00;7.0645921e-02;7.5000000e+00;9.4838567e-02;7.5000000e+00;1.2083967e-01;7.5000000e+00;1.4976040e-01;7.5000000e+00;1.7496076e-01;7.5000000e+00;1.9828892e-01;7.5000000e+00;2.1637598e-01;7.5000000e+00;2.2477067e-01;7.5000000e+00;2.1038502e-01;7.5000000e+00;1.7746976e-01;7.5000000e+00;1.3308682e-01;7.5000000e+00;8.7275453e-02;7.5000000e+00;4.5206010e-02;7.5000000e+00;4.7393385e-03;7.5000000e+00;9.5373113e-03;7.5000000e+00;1.9056981e-02;7.5000000e+00;3.2951105e-02;7.5000000e+00;5.0294053e-02;7.5000000e+00;7.0645921e-02;7.5000000e+00;9.4838567e-02;7.5000000e+00;1.2083967e-01;7.5000000e+00;1.4976040e-01;7.5000000e+00;1.7496076e-01;7.5000000e+00;1.9828892e-01;7.5000000e+00;2.1637598e-01;7.5000000e+00;2.2477067e-01;7.5000000e+00;2.1038502e-01;7.5000000e+00;1.7746976e-01;7.5000000e+00;1.3308682e-01;7.5000000e+00;8.7275453e-02;7.5000000e+00;4.5206010e-02;7.5000000e+00;4.7393385e-03;7.5000000e+00;9.5373113e-03;7.5000000e+00;1.9056981e-02;7.5000000e+00;3.2951105e-02;7.5000000e+00;5.0294053e-02;7.5000000e+00;7.0645921e-02;7.5000000e+00;9.4838567e-02;7.5000000e+00;1.2083967e-01;7.5000000e+00;1.4976040e-01;7.5000000e+00;1.7496076e-01;7.5000000e+00;1.9828892e-01;7.5000000e+00;2.1637598e-01;7.5000000e+00;2.2477067e-01;7.5000000e+00;2.1038502e-01;7.5000000e+00;1.7746976e-01;7.5000000e+00;1.3308682e-01;7.5000000e+00;8.7275453e-02;7.5000000e+00;4.5206010e-02;7.5000000e+00;4.7393385e-03;7.5000000e+00;9.5373113e-03;7.5000000e+00;1.9056981e-02;7.5000000e+00;3.2951105e-02;7.5000000e+00;5.0294053e-02;7.5000000e+00;7.0645921e-02;7.5000000e+00;9.4838567e-02;7.5000000e+00;1.2083967e-01;7.5000000e+00;1.4976040e-01;7.5000000e+00;1.7496076e-01;7.5000000e+00;1.9828892e-01;7.5000000e+00;2.1637598e-01;7.5000000e+00;2.2477067e-01;7.5000000e+00;2.1038502e-01;7.5000000e+00;1.7746976e-01;7.5000000e+00;1.3308682e-01;7.5000000e+00;8.7275453e-02;7.5000000e+00;4.5206010e-02;7.5000000e+00;4.7393385e-03;7.5000000e+00;9.5373113e-03;7.5000000e+00;1.9056981e-02;7.5000000e+00;3.2951105e-02;7.5000000e+00;5.0294053e-02;7.5000000e+00;7.0645921e-02;7.5000000e+00;9.4838567e-02;7.5000000e+00;1.2083967e-01;7.5000000e+00;1.4976040e-01;7.5000000e+00;1.7496076e-01;7.5000000e+00;1.9828892e-01;7.5000000e+00;2.1637598e-01;7.5000000e+00;2.2477067e-01;7.5000000e+00;2.1038502e-01;7.5000000e+00;1.7746976e-01;7.5000000e+00;1.3308682e-01;7.5000000e+00;8.7275453e-02;7.5000000e+00;4.5206010e-02;7.5000000e+00;4.7393385e-03;7.5000000e+00;9.5373113e-03;7.5000000e+00;1.9056981e-02;7.5000000e+00;3.2951105e-02;7.5000000e+00;5.0294053e-02;7.5000000e+00;7.0645921e-02;7.5000000e+00;9.4838567e-02;7.5000000e+00;1.2083967e-01;7.5000000e+00;1.4976040e-01;7.5000000e+00;1.7496076e-01;7.5000000e+00;1.9828892e-01;7.5000000e+00;2.1637598e-01;7.5000000e+00;2.2477067e-01;7.5000000e+00;2.1038502e-01;7.5000000e+00;1.7746976e-01;7.5000000e+00;1.3308682e-01;7.5000000e+00;8.7275453e-02;7.5000000e+00;4.5206010e-02;7.5000000e+00;4.7393385e-03;7.5000000e+00;9.5373113e-03;7.5000000e+00;1.9056981e-02;7.5000000e+00;3.2951105e-02;7.5000000e+00;5.0294053e-02;7.5000000e+00;7.0645921e-02;7.5000000e+00;9.4838567e-02;7.5000000e+00;1.2083967e-01;7.5000000e+00;1.4976040e-01;7.5000000e+00;1.7496076e-01;7.5000000e+00;1.9828892e-01;7.5000000e+00;2.1637598e-01;7.5000000e+00;2.2477067e-01;7.5000000e+00;2.1038502e-01;7.5000000e+00;1.7746976e-01;7.5000000e+00;1.3308682e-01;7.5000000e+00;8.7275453e-02;7.5000000e+00;4.5206010e-02;7.5000000e+00;4.7393385e-03;7.5000000e+00;9.5373113e-03;7.5000000e+00;1.9056981e-02;7.5000000e+00;3.2951105e-02;7.5000000e+00;5.0294053e-02;7.5000000e+00;7.0645921e-02;7.5000000e+00;9.4838567e-02;7.5000000e+00;1.2083967e-01;7.5000000e+00;1.4976040e-01;7.5000000e+00;1.7496076e-01;7.5000000e+00;1.9828892e-01;7.5000000e+00;2.1637598e-01;7.5000000e+00;2.2477067e-01;7.5000000e+00;2.1038502e-01;7.5000000e+00;1.7746976e-01;7.5000000e+00;1.3308682e-01;7.5000000e+00;8.7275453e-02;7.5000000e+00;4.5206010e-02;7.5000000e+00;4.7393385e-03;7.5000000e+00;9.5373113e-03;7.5000000e+00;1.9056981e-02;7.5000000e+00;3.2951105e-02;7.5000000e+00;5.0294053e-02;7.5000000e+00;7.0645921e-02;7.5000000e+00;9.4838567e-02;7.5000000e+00;1.2083967e-01;7.5000000e+00;1.4976040e-01;7.5000000e+00;1.7496076e-01;7.5000000e+00;1.9828892e-01;7.5000000e+00;2.1637598e-01;7.5000000e+00;2.2477067e-01;7.5000000e+00;2.1038502e-01;7.5000000e+00;1.7746976e-01;7.5000000e+00;1.3308682e-01;7.5000000e+00;8.7275453e-02;7.5000000e+00;4.5206010e-02;7.5000000e+00;4.7393385e-03;7.5000000e+00;9.5373113e-03;7.5000000e+00;1.9056981e-02;7.5000000e+00;3.2951105e-02;7.5000000e+00;5.0294053e-02;7.5000000e+00;7.0645921e-02;7.5000000e+00;9.4838567e-02;7.5000000e+00;1.2083967e-01;7.5000000e+00;1.4976040e-01;7.5000000e+00;1.7496076e-01;7.5000000e+00;1.9828892e-01;7.5000000e+00;2.1637598e-01;7.5000000e+00;2.2477067e-01;7.5000000e+00;2.1038502e-01;7.5000000e+00;1.7746976e-01;7.5000000e+00;1.3308682e-01;7.5000000e+00;8.7275453e-02;7.5000000e+00;4.5206010e-02;7.5000000e+00;4.7393385e-03;7.5000000e+00;9.5373113e-03;7.5000000e+00;1.9056981e-02;7.5000000e+00;3.2951105e-02;7.5000000e+00;5.0294053e-02;7.5000000e+00;7.0645921e-02;7.5000000e+00;9.4838567e-02;7.5000000e+00;1.2083967e-01;7.5000000e+00;1.4976040e-01;7.5000000e+00;1.7496076e-01;7.5000000e+00;1.9828892e-01;7.5000000e+00;2.1637598e-01;7.5000000e+00;2.2477067e-01;7.5000000e+00;2.1038502e-01;7.5000000e+00;1.7746976e-01;7.5000000e+00;1.3308682e-01;7.5000000e+00;8.7275453e-02;7.5000000e+00;4.5206010e-02;7.5000000e+00;4.7393385e-03;7.5000000e+00;9.5373113e-03;7.5000000e+00;1.9056981e-02;7.5000000e+00;3.2951105e-02;7.5000000e+00;5.0294053e-02;7.5000000e+00;7.0645921e-02;7.5000000e+00;9.4838567e-02;7.5000000e+00;1.2083967e-01;7.5000000e+00;1.4976040e-01;7.5000000e+00;1.7496076e-01;7.5000000e+00;1.9828892e-01;7.5000000e+00;2.1637598e-01;7.5000000e+00;2.2477067e-01;7.5000000e+00;2.1038502e-01;7.5000000e+00;1.7746976e-01;7.5000000e+00;1.3308682e-01;7.5000000e+00;8.7275453e-02;7.5000000e+00;4.5206010e-02;7.5000000e+00;4.7393385e-03;7.5000000e+00;9.5373113e-03;7.5000000e+00;1.9056981e-02;7.5000000e+00;3.2951105e-02;7.5000000e+00;5.0294053e-02;7.5000000e+00;7.0645921e-02;7.5000000e+00;9.4838567e-02;7.5000000e+00;1.2083967e-01;7.5000000e+00;1.4976040e-01;7.5000000e+00;1.7496076e-01;7.5000000e+00;1.9828892e-01;7.5000000e+00;2.1637598e-01;7.5000000e+00;2.2477067e-01;7.5000000e+00;2.1038502e-01;7.5000000e+00;1.7746976e-01;7.5000000e+00;1.3308682e-01;7.5000000e+00;8.7275453e-02;7.5000000e+00;4.5206010e-02;7.5000000e+00;4.7393385e-03;7.5000000e+00;9.5373113e-03;7.5000000e+00;1.9056981e-02;7.5000000e+00;3.2951105e-02;7.5000000e+00;5.0294053e-02;7.5000000e+00;7.0645921e-02;7.5000000e+00;9.4838567e-02;7.5000000e+00;1.2083967e-01;7.5000000e+00;1.4976040e-01;7.5000000e+00;1.7496076e-01;7.5000000e+00;1.9828892e-01;7.5000000e+00;2.1637598e-01;7.5000000e+00;2.2477067e-01;7.5000000e+00;2.1038502e-01;7.5000000e+00;1.7746976e-01;7.5000000e+00;1.3308682e-01;7.5000000e+00;8.7275453e-02;7.5000000e+00;4.5206010e-02;7.5000000e+00;4.7393385e-03;7.5000000e+00;9.5373113e-03;7.5000000e+00;1.9056981e-02;7.5000000e+00;3.2951105e-02;7.5000000e+00;5.0294053e-02;7.5000000e+00;7.0645921e-02;7.5000000e+00;9.4838567e-02;7.5000000e+00;1.2083967e-01;7.5000000e+00;1.4976040e-01;7.5000000e+00;1.7496076e-01;7.5000000e+00;1.9828892e-01;7.5000000e+00;2.1637598e-01;7.5000000e+00;2.2477067e-01;7.5000000e+00;2.1038502e-01;7.5000000e+00;1.7746976e-01;7.5000000e+00;1.3308682e-01;7.5000000e+00;8.7275453e-02;7.5000000e+00;4.5206010e-02;7.5000000e+00;4.7393385e-03;7.5000000e+00;9.5373113e-03;7.5000000e+00;1.9056981e-02;7.5000000e+00;3.2951105e-02;7.5000000e+00;5.0294053e-02;7.5000000e+00;7.0645921e-02;7.5000000e+00;9.4838567e-02;7.5000000e+00;1.2083967e-01;7.5000000e+00;1.4976040e-01;7.5000000e+00;1.7496076e-01;7.5000000e+00;1.9828892e-01;7.5000000e+00;2.1637598e-01;7.5000000e+00;2.2477067e-01;7.5000000e+00;2.1038502e-01;7.5000000e+00;1.7746976e-01;7.5000000e+00;1.3308682e-01;7.5000000e+00;8.7275453e-02;7.5000000e+00;4.5206010e-02;7.5000000e+00;4.7393385e-03;7.5000000e+00;9.5373113e-03;7.5000000e+00;1.9056981e-02;7.5000000e+00;3.2951105e-02;7.5000000e+00;5.0294053e-02;7.5000000e+00;7.0645921e-02;7.5000000e+00;9.4838567e-02;7.5000000e+00;1.2083967e-01;7.5000000e+00;1.4976040e-01;7.5000000e+00;1.7496076e-01;7.5000000e+00;1.9828892e-01;7.5000000e+00;2.1637598e-01;7.5000000e+00;2.2477067e-01;7.5000000e+00;2.1038502e-01;7.5000000e+00;1.7746976e-01;7.5000000e+00;1.3308682e-01;7.5000000e+00;8.7275453e-02;7.5000000e+00;4.5206010e-02;7.5000000e+00;4.7393385e-03;7.5000000e+00;9.5373113e-03;7.5000000e+00;1.9056981e-02;7.5000000e+00;3.2951105e-02;7.5000000e+00;5.0294053e-02;7.5000000e+00;7.0645921e-02;7.5000000e+00;9.4838567e-02;7.5000000e+00;1.2083967e-01;7.5000000e+00;1.4976040e-01;7.5000000e+00;1.7496076e-01;7.5000000e+00;1.9828892e-01;7.5000000e+00;2.1637598e-01;7.5000000e+00;2.2477067e-01;7.5000000e+00;2.1038502e-01;7.5000000e+00;1.7746976e-01;7.5000000e+00;1.3308682e-01;7.5000000e+00;8.7275453e-02;7.5000000e+00;4.5206010e-02;7.5000000e+00;4.7393385e-03;7.5000000e+00;9.5373113e-03;7.5000000e+00;1.9056981e-02;7.5000000e+00;3.2951105e-02;7.5000000e+00;5.0294053e-02;7.5000000e+00;7.0645921e-02;7.5000000e+00;9.4838567e-02;7.5000000e+00;1.2083967e-01;7.5000000e+00;1.4976040e-01;7.5000000e+00;1.7496076e-01;7.5000000e+00;1.9828892e-01;7.5000000e+00;2.1637598e-01;7.5000000e+00;2.2477067e-01;7.5000000e+00;2.1038502e-01;7.5000000e+00;1.7746976e-01;7.5000000e+00;1.3308682e-01;7.5000000e+00;8.7275453e-02;7.5000000e+00;4.5206010e-02;7.5000000e+00;4.7393385e-03;7.5000000e+00;9.5373113e-03;7.5000000e+00;1.9056981e-02;7.5000000e+00;3.2951105e-02;7.5000000e+00;5.0294053e-02;7.5000000e+00;7.0645921e-02;7.5000000e+00;9.4838567e-02;7.5000000e+00;1.2083967e-01;7.5000000e+00;1.4976040e-01;7.5000000e+00;1.7496076e-01;7.5000000e+00;1.9828892e-01;7.5000000e+00;2.1637598e-01;7.5000000e+00;2.2477067e-01;7.5000000e+00;2.1038502e-01;7.5000000e+00;1.7746976e-01;7.5000000e+00;1.3308682e-01;7.5000000e+00;8.7275453e-02;7.5000000e+00;4.5206010e-02;7.5000000e+00;4.7393385e-03;7.5000000e+00;9.5373113e-03;7.5000000e+00;1.9056981e-02;7.5000000e+00;3.2951105e-02;7.5000000e+00;5.0294053e-02;7.5000000e+00;7.0645921e-02;7.5000000e+00;9.4838567e-02;7.5000000e+00;1.2083967e-01;7.5000000e+00;1.4976040e-01;7.5000000e+00;1.7496076e-01;7.5000000e+00;1.9828892e-01;7.5000000e+00;2.1637598e-01;7.5000000e+00;2.2477067e-01;7.5000000e+00;2.1038502e-01;7.5000000e+00;1.7746976e-01;7.5000000e+00;1.3308682e-01;7.5000000e+00;8.7275453e-02;7.5000000e+00;4.5206010e-02;7.5000000e+00;4.7393385e-03;7.5000000e+00;9.5373113e-03;7.5000000e+00;1.9056981e-02;7.5000000e+00;3.2951105e-02;7.5000000e+00;5.0294053e-02;7.5000000e+00;7.0645921e-02;7.5000000e+00;9.4838567e-02;7.5000000e+00;1.2083967e-01;7.5000000e+00;1.4976040e-01;7.5000000e+00;1.7496076e-01;7.5000000e+00;1.9828892e-01;7.5000000e+00;2.1637598e-01;7.5000000e+00;2.2477067e-01;7.5000000e+00;2.1038502e-01;7.5000000e+00;1.7746976e-01;7.5000000e+00;1.3308682e-01;7.5000000e+00;8.7275453e-02;7.5000000e+00;4.5206010e-02;7.5000000e+00;4.7393385e-03;7.5000000e+00;9.5373113e-03;7.5000000e+00;1.9056981e-02;7.5000000e+00;3.2951105e-02;7.5000000e+00;5.0294053e-02;7.5000000e+00;7.0645921e-02;7.5000000e+00;9.4838567e-02;7.5000000e+00;1.2083967e-01;7.5000000e+00;1.4976040e-01;7.5000000e+00;1.7496076e-01;7.5000000e+00;1.9828892e-01;7.5000000e+00;2.1637598e-01;7.5000000e+00;2.2477067e-01;7.5000000e+00;2.1038502e-01;7.5000000e+00;1.7746976e-01;7.5000000e+00;1.3308682e-01;7.5000000e+00;8.7275453e-02;7.5000000e+00;4.5206010e-02;7.5000000e+00;4.7393385e-03;7.5000000e+00;9.5373113e-03;7.5000000e+00;1.9056981e-02;7.5000000e+00;3.2951105e-02;7.5000000e+00;5.0294053e-02;7.5000000e+00;7.0645921e-02;7.5000000e+00;9.4838567e-02;7.5000000e+00;1.2083967e-01;7.5000000e+00;1.4976040e-01;7.5000000e+00;1.7496076e-01;7.5000000e+00;1.9828892e-01;7.5000000e+00;2.1637598e-01;7.5000000e+00;2.2477067e-01;7.5000000e+00;2.1038502e-01;7.5000000e+00;1.7746976e-01;7.5000000e+00;1.3308682e-01;7.5000000e+00;8.7275453e-02;7.5000000e+00;4.5206010e-02;7.5000000e+00;4.7393385e-03;7.5000000e+00;9.5373113e-03;7.5000000e+00;1.9056981e-02;7.5000000e+00;3.2951105e-02;7.5000000e+00;5.0294053e-02;7.5000000e+00;7.0645921e-02;7.5000000e+00;9.4838567e-02;7.5000000e+00;1.2083967e-01;7.5000000e+00;1.4976040e-01;7.5000000e+00;1.7496076e-01;7.5000000e+00;1.9828892e-01;7.5000000e+00;2.1637598e-01;7.5000000e+00;2.2477067e-01;7.5000000e+00;2.1038502e-01;7.5000000e+00;1.7746976e-01;7.5000000e+00;1.3308682e-01;7.5000000e+00;8.7275453e-02;7.5000000e+00;4.5206010e-02;7.5000000e+00;4.7393385e-03;7.5000000e+00;9.5373113e-03;7.5000000e+00;1.9056981e-02;7.5000000e+00;3.2951105e-02;7.5000000e+00;5.0294053e-02;7.5000000e+00;7.0645921e-02;7.5000000e+00;9.4838567e-02;7.5000000e+00;1.2083967e-01;7.5000000e+00;1.4976040e-01;7.5000000e+00;1.7496076e-01;7.5000000e+00;1.9828892e-01;7.5000000e+00;2.1637598e-01;7.5000000e+00;2.2477067e-01;7.5000000e+00;2.1038502e-01;7.5000000e+00;1.7746976e-01;7.5000000e+00;1.3308682e-01;7.5000000e+00;8.7275453e-02;7.5000000e+00;4.5206010e-02;7.5000000e+00;4.7393385e-03;7.5000000e+00;9.5373113e-03;7.5000000e+00;1.9056981e-02;7.5000000e+00;3.2951105e-02;7.5000000e+00;5.0294053e-02;7.5000000e+00;7.0645921e-02;7.5000000e+00;9.4838567e-02;7.5000000e+00;1.2083967e-01;7.5000000e+00;1.4976040e-01;7.5000000e+00;1.7496076e-01;7.5000000e+00;1.9828892e-01;7.5000000e+00;2.1637598e-01;7.5000000e+00;2.2477067e-01;7.5000000e+00;2.1038502e-01;7.5000000e+00;1.7746976e-01;7.5000000e+00;1.3308682e-01;7.5000000e+00;8.7275453e-02;7.5000000e+00;4.5206010e-02;7.5000000e+00;4.7393385e-03;7.5000000e+00;9.5373113e-03;7.5000000e+00;1.9056981e-02;7.5000000e+00;3.2951105e-02;7.5000000e+00;5.0294053e-02;7.5000000e+00;7.0645921e-02;7.5000000e+00;9.4838567e-02;7.5000000e+00;1.2083967e-01;7.5000000e+00;1.4976040e-01;7.5000000e+00;1.7496076e-01;7.5000000e+00;1.9828892e-01;7.5000000e+00;2.1637598e-01;7.5000000e+00;2.2477067e-01;7.5000000e+00;2.1038502e-01;7.5000000e+00;1.7746976e-01;7.5000000e+00;1.3308682e-01;7.5000000e+00;8.7275453e-02;7.5000000e+00;4.5206010e-02;7.5000000e+00;4.7393385e-03;7.5000000e+00;9.5373113e-03;7.5000000e+00;1.9056981e-02;7.5000000e+00;3.2951105e-02;7.5000000e+00;5.0294053e-02;7.5000000e+00;7.0645921e-02;7.5000000e+00;9.4838567e-02;7.5000000e+00;1.2083967e-01;7.5000000e+00;1.4976040e-01;7.5000000e+00;1.7496076e-01;7.5000000e+00;1.9828892e-01;7.5000000e+00;2.1637598e-01;7.5000000e+00;2.2477067e-01;7.5000000e+00;2.1038502e-01;7.5000000e+00;1.7746976e-01;7.5000000e+00;1.3308682e-01;7.5000000e+00;8.7275453e-02;7.5000000e+00;4.5206010e-02;7.5000000e+00;4.7393385e-03;7.5000000e+00;9.5373113e-03;7.5000000e+00;1.9056981e-02;7.5000000e+00;3.2951105e-02;7.5000000e+00;5.0294053e-02;7.5000000e+00;7.0645921e-02;7.5000000e+00;9.4838567e-02;7.5000000e+00;1.2083967e-01;7.5000000e+00;1.4976040e-01;7.5000000e+00;1.7496076e-01;7.5000000e+00;1.9828892e-01;7.5000000e+00;2.1637598e-01;7.5000000e+00;2.2477067e-01;7.5000000e+00;2.1038502e-01;7.5000000e+00;1.7746976e-01;7.5000000e+00;1.3308682e-01;7.5000000e+00;8.7275453e-02;7.5000000e+00;4.5206010e-02;7.5000000e+00;4.7393385e-03;7.5000000e+00;9.5373113e-03;7.5000000e+00;1.9056981e-02;7.5000000e+00;3.2951105e-02;7.5000000e+00;5.0294053e-02;7.5000000e+00;7.0645921e-02;7.5000000e+00;9.4838567e-02;7.5000000e+00;1.2083967e-01;7.5000000e+00;1.4976040e-01;7.5000000e+00;1.7496076e-01;7.5000000e+00;1.9828892e-01;7.5000000e+00;2.1637598e-01;7.5000000e+00;2.2477067e-01;7.5000000e+00;2.1038502e-01;7.5000000e+00;1.7746976e-01;7.5000000e+00;1.3308682e-01;7.5000000e+00;8.7275453e-02;7.5000000e+00;4.5206010e-02;7.5000000e+00;4.7393385e-03;7.5000000e+00;9.5373113e-03;7.5000000e+00;1.9056981e-02;7.5000000e+00;3.2951105e-02;7.5000000e+00;5.0294053e-02;7.5000000e+00;7.0645921e-02;7.5000000e+00;9.4838567e-02;7.5000000e+00;1.2083967e-01;7.5000000e+00;1.4976040e-01;7.5000000e+00;1.7496076e-01;7.5000000e+00;1.9828892e-01;7.5000000e+00;2.1637598e-01;7.5000000e+00;2.2477067e-01;7.5000000e+00;2.1038502e-01;7.5000000e+00;1.7746976e-01;7.5000000e+00;1.3308682e-01;7.5000000e+00;8.7275453e-02;7.5000000e+00;4.5206010e-02;7.5000000e+00;4.7393385e-03;7.5000000e+00;9.5373113e-03;7.5000000e+00;1.9056981e-02;7.5000000e+00;3.2951105e-02;7.5000000e+00;5.0294053e-02;7.5000000e+00;7.0645921e-02;7.5000000e+00;9.4838567e-02;7.5000000e+00;1.2083967e-01;7.5000000e+00;1.4976040e-01;7.5000000e+00;1.7496076e-01;7.5000000e+00;1.9828892e-01;7.5000000e+00;2.1637598e-01;7.5000000e+00;2.2477067e-01;7.5000000e+00;2.1038502e-01;7.5000000e+00;1.7746976e-01;7.5000000e+00;1.3308682e-01;7.5000000e+00;8.7275453e-02;7.5000000e+00;4.5206010e-02;7.5000000e+00;4.7393385e-03;7.5000000e+00;9.5373113e-03;7.5000000e+00;1.9056981e-02;7.5000000e+00;3.2951105e-02;7.5000000e+00;5.0294053e-02;7.5000000e+00;7.0645921e-02;7.5000000e+00;9.4838567e-02;7.5000000e+00;1.2083967e-01;7.5000000e+00;1.4976040e-01;7.5000000e+00;1.7496076e-01;7.5000000e+00;1.9828892e-01;7.5000000e+00;2.1637598e-01;7.5000000e+00;2.2477067e-01;7.5000000e+00;2.1038502e-01;7.5000000e+00;1.7746976e-01;7.5000000e+00;1.3308682e-01;7.5000000e+00;8.7275453e-02;7.5000000e+00;4.5206010e-02;7.5000000e+00;4.7393385e-03;7.5000000e+00;9.5373113e-03;7.5000000e+00;1.9056981e-02;7.5000000e+00;3.2951105e-02;7.5000000e+00;5.0294053e-02;7.5000000e+00;7.0645921e-02;7.5000000e+00;9.4838567e-02;7.5000000e+00;1.2083967e-01;7.5000000e+00;1.4976040e-01;7.5000000e+00;1.7496076e-01;7.5000000e+00;1.9828892e-01;7.5000000e+00;2.1637598e-01;7.5000000e+00;2.2477067e-01;7.5000000e+00;2.1038502e-01;7.5000000e+00;1.7746976e-01;7.5000000e+00;1.3308682e-01;7.5000000e+00;8.7275453e-02;7.5000000e+00;4.5206010e-02;7.5000000e+00;4.7393385e-03;7.5000000e+00;9.5373113e-03;7.5000000e+00;1.9056981e-02;7.5000000e+00;3.2951105e-02;7.5000000e+00;5.0294053e-02;7.5000000e+00;7.0645921e-02;7.5000000e+00;9.4838567e-02;7.5000000e+00;1.2083967e-01;7.5000000e+00;1.4976040e-01;7.5000000e+00;1.7496076e-01;7.5000000e+00;1.9828892e-01;7.5000000e+00;2.1637598e-01;7.5000000e+00;2.2477067e-01;7.5000000e+00;2.1038502e-01;7.5000000e+00;1.7746976e-01;7.5000000e+00;1.3308682e-01;7.5000000e+00;8.7275453e-02;7.5000000e+00;4.5206010e-02;7.5000000e+00;4.7393385e-03;7.5000000e+00;9.5373113e-03;7.5000000e+00;1.9056981e-02;7.5000000e+00;3.2951105e-02;7.5000000e+00;5.0294053e-02;7.5000000e+00;7.0645921e-02;7.5000000e+00;9.4838567e-02;7.5000000e+00;1.2083967e-01;7.5000000e+00;1.4976040e-01;7.5000000e+00;1.7496076e-01;7.5000000e+00;1.9828892e-01;7.5000000e+00;2.1637598e-01;7.5000000e+00;2.2477067e-01;7.5000000e+00;2.1038502e-01;7.5000000e+00;1.7746976e-01;7.5000000e+00;1.3308682e-01;7.5000000e+00;8.7275453e-02;7.5000000e+00;4.5206010e-02;7.5000000e+00;4.7393385e-03;7.5000000e+00;9.5373113e-03;7.5000000e+00;1.9056981e-02;7.5000000e+00;3.2951105e-02;7.5000000e+00;5.0294053e-02;7.5000000e+00;7.0645921e-02;7.5000000e+00;9.4838567e-02;7.5000000e+00;1.2083967e-01;7.5000000e+00;1.4976040e-01;7.5000000e+00;1.7496076e-01;7.5000000e+00;1.9828892e-01;7.5000000e+00;2.1637598e-01;7.5000000e+00;2.2477067e-01;7.5000000e+00;2.1038502e-01;7.5000000e+00;1.7746976e-01;7.5000000e+00;1.3308682e-01;7.5000000e+00;8.7275453e-02;7.5000000e+00;4.5206010e-02;7.5000000e+00;4.7393385e-03;7.5000000e+00;9.5373113e-03;7.5000000e+00;1.9056981e-02;7.5000000e+00;3.2951105e-02;7.5000000e+00;5.0294053e-02;7.5000000e+00;7.0645921e-02;7.5000000e+00;9.4838567e-02;7.5000000e+00;1.2083967e-01;7.5000000e+00;1.4976040e-01;7.5000000e+00;1.7496076e-01;7.5000000e+00;1.9828892e-01;7.5000000e+00;2.1637598e-01;7.5000000e+00;2.2477067e-01;7.5000000e+00;2.1038502e-01;7.5000000e+00;1.7746976e-01;7.5000000e+00;1.3308682e-01;7.5000000e+00;8.7275453e-02;7.5000000e+00;4.5206010e-02;7.5000000e+00;4.7393385e-03;7.5000000e+00;9.5373113e-03;7.5000000e+00;1.9056981e-02;7.5000000e+00;3.2951105e-02;7.5000000e+00;5.0294053e-02;7.5000000e+00;7.0645921e-02;7.5000000e+00;9.4838567e-02;7.5000000e+00;1.2083967e-01;7.5000000e+00;1.4976040e-01;7.5000000e+00;1.7496076e-01;7.5000000e+00;1.9828892e-01;7.5000000e+00;2.1637598e-01;7.5000000e+00;2.2477067e-01;7.5000000e+00;2.1038502e-01;7.5000000e+00;1.7746976e-01;7.5000000e+00;1.3308682e-01;7.5000000e+00;8.7275453e-02;7.5000000e+00;4.5206010e-02;7.5000000e+00;4.7393385e-03;7.5000000e+00;9.5373113e-03;7.5000000e+00;1.9056981e-02;7.5000000e+00;3.2951105e-02;7.5000000e+00;5.0294053e-02;7.5000000e+00;7.0645921e-02;7.5000000e+00;9.4838567e-02;7.5000000e+00;1.2083967e-01;7.5000000e+00;1.4976040e-01;7.5000000e+00;1.7496076e-01;7.5000000e+00;1.9828892e-01;7.5000000e+00;2.1637598e-01;7.5000000e+00;2.2477067e-01;7.5000000e+00;2.1038502e-01;7.5000000e+00;1.7746976e-01;7.5000000e+00;1.3308682e-01;7.5000000e+00;8.7275453e-02;7.5000000e+00;4.5206010e-02;7.5000000e+00;4.7393385e-03;7.5000000e+00;9.5373113e-03;7.5000000e+00;1.9056981e-02;7.5000000e+00;3.2951105e-02;7.5000000e+00;5.0294053e-02;7.5000000e+00;7.0645921e-02;7.5000000e+00;9.4838567e-02;7.5000000e+00;1.2083967e-01;7.5000000e+00;1.4976040e-01;7.5000000e+00;1.7496076e-01;7.5000000e+00;1.9828892e-01;7.5000000e+00;2.1637598e-01;7.5000000e+00;2.2477067e-01;7.5000000e+00;2.1038502e-01;7.5000000e+00;1.7746976e-01;7.5000000e+00;1.3308682e-01;7.5000000e+00;8.7275453e-02;7.5000000e+00;4.5206010e-02;7.5000000e+00;4.7393385e-03;7.5000000e+00;9.5373113e-03;7.5000000e+00;1.9056981e-02;7.5000000e+00;3.2951105e-02;7.5000000e+00;5.0294053e-02;7.5000000e+00;7.0645921e-02;7.5000000e+00;9.4838567e-02;7.5000000e+00;1.2083967e-01;7.5000000e+00;1.4976040e-01;7.5000000e+00;1.7496076e-01;7.5000000e+00;1.9828892e-01;7.5000000e+00;2.1637598e-01;7.5000000e+00;2.2477067e-01;7.5000000e+00;2.1038502e-01;7.5000000e+00;1.7746976e-01;7.5000000e+00;1.3308682e-01;7.5000000e+00;8.7275453e-02;7.5000000e+00;4.5206010e-02;7.5000000e+00;4.7393385e-03;7.5000000e+00;9.5373113e-03;7.5000000e+00;1.9056981e-02;7.5000000e+00;3.2951105e-02;7.5000000e+00;5.0294053e-02;7.5000000e+00;7.0645921e-02;7.5000000e+00;9.4838567e-02;7.5000000e+00;1.2083967e-01;7.5000000e+00;1.4976040e-01;7.5000000e+00;1.7496076e-01;7.5000000e+00;1.9828892e-01;7.5000000e+00;2.1637598e-01;7.5000000e+00;2.2477067e-01;7.5000000e+00;2.1038502e-01;7.5000000e+00;1.7746976e-01;7.5000000e+00;1.3308682e-01;7.5000000e+00;8.7275453e-02;7.5000000e+00;4.5206010e-02;7.5000000e+00;4.7393385e-03;7.5000000e+00;9.5373113e-03;7.5000000e+00;1.9056981e-02;7.5000000e+00;3.2951105e-02;7.5000000e+00;5.0294053e-02;7.5000000e+00;7.0645921e-02;7.5000000e+00;9.4838567e-02;7.5000000e+00;1.2083967e-01;7.5000000e+00;1.4976040e-01;7.5000000e+00;1.7496076e-01;7.5000000e+00;1.9828892e-01;7.5000000e+00;2.1637598e-01;7.5000000e+00;2.2477067e-01;7.5000000e+00;2.1038502e-01;7.5000000e+00;1.7746976e-01;7.5000000e+00;1.3308682e-01;7.5000000e+00;8.7275453e-02;7.5000000e+00;4.5206010e-02;7.5000000e+00;4.7393385e-03;7.5000000e+00;9.5373113e-03;7.5000000e+00;1.9056981e-02;7.5000000e+00;3.2951105e-02;7.5000000e+00;5.0294053e-02;7.5000000e+00;7.0645921e-02;7.5000000e+00;9.4838567e-02;7.5000000e+00;1.2083967e-01;7.5000000e+00;1.4976040e-01;7.5000000e+00;1.7496076e-01;7.5000000e+00;1.9828892e-01;7.5000000e+00;2.1637598e-01;7.5000000e+00;2.2477067e-01;7.5000000e+00;2.1038502e-01;7.5000000e+00;1.7746976e-01;7.5000000e+00;1.3308682e-01;7.5000000e+00;8.7275453e-02;7.5000000e+00;4.5206010e-02;7.5000000e+00;4.7393385e-03;7.5000000e+00;9.5373113e-03;7.5000000e+00;1.9056981e-02;7.5000000e+00;3.2951105e-02;7.5000000e+00;5.0294053e-02;7.5000000e+00;7.0645921e-02;7.5000000e+00;9.4838567e-02;7.5000000e+00;1.2083967e-01;7.5000000e+00;1.4976040e-01;7.5000000e+00;1.7496076e-01;7.5000000e+00;1.9828892e-01;7.5000000e+00;2.1637598e-01;7.5000000e+00;2.2477067e-01;7.5000000e+00;2.1038502e-01;7.5000000e+00;1.7746976e-01;7.5000000e+00;1.3308682e-01;7.5000000e+00;8.7275453e-02;7.5000000e+00;4.5206010e-02;7.5000000e+00;4.7393385e-03;7.5000000e+00;9.5373113e-03;7.5000000e+00;1.9056981e-02;7.5000000e+00;3.2951105e-02;7.5000000e+00;5.0294053e-02;7.5000000e+00;7.0645921e-02;7.5000000e+00;9.4838567e-02;7.5000000e+00;1.2083967e-01;7.5000000e+00;1.4976040e-01;7.5000000e+00;1.7496076e-01;7.5000000e+00;1.9828892e-01;7.5000000e+00;2.1637598e-01;7.5000000e+00;2.2477067e-01;7.5000000e+00;2.1038502e-01;7.5000000e+00;1.7746976e-01;7.5000000e+00;1.3308682e-01;7.5000000e+00;8.7275453e-02;7.5000000e+00;4.5206010e-02;7.5000000e+00;4.7393385e-03;7.5000000e+00;9.5373113e-03;7.5000000e+00;1.9056981e-02;7.5000000e+00;3.2951105e-02;7.5000000e+00;5.0294053e-02;7.5000000e+00;7.0645921e-02;7.5000000e+00;9.4838567e-02;7.5000000e+00;1.2083967e-01;7.5000000e+00;1.4976040e-01;7.5000000e+00;1.7496076e-01;7.5000000e+00;1.9828892e-01;7.5000000e+00;2.1637598e-01;7.5000000e+00;2.2477067e-01;7.5000000e+00;2.1038502e-01;7.5000000e+00;1.7746976e-01;7.5000000e+00;1.3308682e-01;7.5000000e+00;8.7275453e-02;7.5000000e+00;4.5206010e-02;7.5000000e+00;4.7393385e-03;7.5000000e+00;9.5373113e-03;7.5000000e+00;1.9056981e-02;7.5000000e+00;3.2951105e-02;7.5000000e+00;5.0294053e-02;7.5000000e+00;7.0645921e-02;7.5000000e+00;9.4838567e-02;7.5000000e+00;1.2083967e-01;7.5000000e+00;1.4976040e-01;7.5000000e+00;1.7496076e-01;7.5000000e+00;1.9828892e-01;7.5000000e+00;2.1637598e-01;7.5000000e+00;2.2477067e-01;7.5000000e+00;2.1038502e-01;7.5000000e+00;1.7746976e-01;7.5000000e+00;1.3308682e-01;7.5000000e+00;8.7275453e-02;7.5000000e+00;4.5206010e-02;7.5000000e+00;4.7393385e-03;7.5000000e+00;9.5373113e-03;7.5000000e+00;1.9056981e-02;7.5000000e+00;3.2951105e-02;7.5000000e+00;5.0294053e-02;7.5000000e+00;7.0645921e-02;7.5000000e+00;9.4838567e-02;7.5000000e+00;1.2083967e-01;7.5000000e+00;1.4976040e-01;7.5000000e+00;1.7496076e-01;7.5000000e+00;1.9828892e-01;7.5000000e+00;2.1637598e-01;7.5000000e+00;2.2477067e-01;7.5000000e+00;2.1038502e-01;7.5000000e+00;1.7746976e-01;7.5000000e+00;1.3308682e-01;7.5000000e+00;8.7275453e-02;7.5000000e+00;4.5206010e-02;7.5000000e+00;4.7393385e-03;7.5000000e+00;9.5373113e-03;7.5000000e+00;1.9056981e-02;7.5000000e+00;3.2951105e-02;7.5000000e+00;5.0294053e-02;7.5000000e+00;7.0645921e-02;7.5000000e+00;9.4838567e-02;7.5000000e+00;1.2083967e-01;7.5000000e+00;1.4976040e-01;7.5000000e+00;1.7496076e-01;7.5000000e+00;1.9828892e-01;7.5000000e+00;2.1637598e-01;7.5000000e+00;2.2477067e-01;7.5000000e+00;2.1038502e-01;7.5000000e+00;1.7746976e-01;7.5000000e+00;1.3308682e-01;7.5000000e+00;8.7275453e-02;7.5000000e+00;4.5206010e-02;7.5000000e+00;4.7393385e-03;7.5000000e+00;9.5373113e-03;7.5000000e+00;1.9056981e-02;7.5000000e+00;3.2951105e-02;7.5000000e+00;5.0294053e-02;7.5000000e+00;7.0645921e-02;7.5000000e+00;9.4838567e-02;7.5000000e+00;1.2083967e-01;7.5000000e+00;1.4976040e-01;7.5000000e+00;1.7496076e-01;7.5000000e+00;1.9828892e-01;7.5000000e+00;2.1637598e-01;7.5000000e+00;2.2477067e-01;7.5000000e+00;2.1038502e-01;7.5000000e+00;1.7746976e-01;7.5000000e+00;1.3308682e-01;7.5000000e+00;8.7275453e-02;7.5000000e+00;4.5206010e-02;7.5000000e+00;4.7393385e-03;7.5000000e+00;9.5373113e-03;7.5000000e+00;1.9056981e-02;7.5000000e+00;3.2951105e-02;7.5000000e+00;5.0294053e-02;7.5000000e+00;7.0645921e-02;7.5000000e+00;9.4838567e-02;7.5000000e+00;1.2083967e-01;7.5000000e+00;1.4976040e-01;7.5000000e+00;1.7496076e-01;7.5000000e+00;1.9828892e-01;7.5000000e+00;2.1637598e-01;7.5000000e+00;2.2477067e-01;7.5000000e+00;2.1038502e-01;7.5000000e+00;1.7746976e-01;7.5000000e+00;1.3308682e-01;7.5000000e+00;8.7275453e-02;7.5000000e+00;4.5206010e-02;7.5000000e+00;4.7393385e-03;7.5000000e+00;9.5373113e-03;7.5000000e+00;1.9056981e-02;7.5000000e+00;3.2951105e-02;7.5000000e+00;5.0294053e-02;7.5000000e+00;7.0645921e-02;7.5000000e+00;9.4838567e-02;7.5000000e+00;1.2083967e-01;7.5000000e+00;1.4976040e-01;7.5000000e+00;1.7496076e-01;7.5000000e+00;1.9828892e-01;7.5000000e+00;2.1637598e-01;7.5000000e+00;2.2477067e-01;7.5000000e+00;2.1038502e-01;7.5000000e+00;1.7746976e-01;7.5000000e+00;1.3308682e-01;7.5000000e+00;8.7275453e-02;7.5000000e+00;4.5206010e-02;7.5000000e+00;4.7393385e-03;7.5000000e+00;9.5373113e-03;7.5000000e+00;1.9056981e-02;7.5000000e+00;3.2951105e-02;7.5000000e+00;5.0294053e-02;7.5000000e+00;7.0645921e-02;7.5000000e+00;9.4838567e-02;7.5000000e+00;1.2083967e-01;7.5000000e+00;1.4976040e-01;7.5000000e+00;1.7496076e-01;7.5000000e+00;1.9828892e-01;7.5000000e+00;2.1637598e-01;7.5000000e+00;2.2477067e-01;7.5000000e+00;2.1038502e-01;7.5000000e+00;1.7746976e-01;7.5000000e+00;1.3308682e-01;7.5000000e+00;8.7275453e-02;7.5000000e+00;4.5206010e-02;7.5000000e+00;4.7393385e-03;7.5000000e+00;9.5373113e-03;7.5000000e+00;1.9056981e-02;7.5000000e+00;3.2951105e-02;7.5000000e+00;5.0294053e-02;7.5000000e+00;7.0645921e-02;7.5000000e+00;9.4838567e-02;7.5000000e+00;1.2083967e-01;7.5000000e+00;1.4976040e-01;7.5000000e+00;1.7496076e-01;7.5000000e+00;1.9828892e-01;7.5000000e+00;2.1637598e-01;7.5000000e+00;2.2477067e-01;7.5000000e+00;2.1038502e-01;7.5000000e+00;1.7746976e-01;7.5000000e+00;1.3308682e-01;7.5000000e+00;8.7275453e-02;7.5000000e+00;4.5206010e-02;7.5000000e+00;4.7393385e-03;7.5000000e+00;9.5373113e-03;7.5000000e+00;1.9056981e-02;7.5000000e+00;3.2951105e-02;7.5000000e+00;5.0294053e-02;7.5000000e+00;7.0645921e-02;7.5000000e+00;9.4838567e-02;7.5000000e+00;1.2083967e-01;7.5000000e+00;1.4976040e-01;7.5000000e+00;1.7496076e-01;7.5000000e+00;1.9828892e-01;7.5000000e+00;2.1637598e-01;7.5000000e+00;2.2477067e-01;7.5000000e+00;2.1038502e-01;7.5000000e+00;1.7746976e-01;7.5000000e+00;1.3308682e-01;7.5000000e+00;8.7275453e-02;7.5000000e+00;4.5206010e-02;7.5000000e+00;4.7393385e-03;7.5000000e+00;9.5373113e-03;7.5000000e+00;1.9056981e-02;7.5000000e+00;3.2951105e-02;7.5000000e+00;5.0294053e-02;7.5000000e+00;7.0645921e-02;7.5000000e+00;9.4838567e-02;7.5000000e+00;1.2083967e-01;7.5000000e+00;1.4976040e-01;7.5000000e+00;1.7496076e-01;7.5000000e+00;1.9828892e-01;7.5000000e+00;2.1637598e-01;7.5000000e+00;2.2477067e-01;7.5000000e+00;2.1038502e-01;7.5000000e+00;1.7746976e-01;7.5000000e+00;1.3308682e-01;7.5000000e+00;8.7275453e-02;7.5000000e+00;4.5206010e-02;7.5000000e+00;4.7393385e-03;7.5000000e+00;9.5373113e-03;7.5000000e+00;1.9056981e-02;7.5000000e+00;3.2951105e-02;7.5000000e+00;5.0294053e-02;7.5000000e+00;7.0645921e-02;7.5000000e+00;9.4838567e-02;7.5000000e+00;1.2083967e-01;7.5000000e+00;1.4976040e-01;7.5000000e+00;1.7496076e-01;7.5000000e+00;1.9828892e-01;7.5000000e+00;2.1637598e-01;7.5000000e+00;2.2477067e-01;7.5000000e+00;2.1038502e-01;7.5000000e+00;1.7746976e-01;7.5000000e+00;1.3308682e-01;7.5000000e+00;8.7275453e-02;7.5000000e+00;4.5206010e-02;7.5000000e+00;4.7393385e-03;7.5000000e+00;9.5373113e-03;7.5000000e+00;1.9056981e-02;7.5000000e+00;3.2951105e-02;7.5000000e+00;5.0294053e-02;7.5000000e+00;7.0645921e-02;7.5000000e+00;9.4838567e-02;7.5000000e+00;1.2083967e-01;7.5000000e+00;1.4976040e-01;7.5000000e+00;1.7496076e-01;7.5000000e+00;1.9828892e-01;7.5000000e+00;2.1637598e-01;7.5000000e+00;2.2477067e-01;7.5000000e+00;2.1038502e-01;7.5000000e+00;1.7746976e-01;7.5000000e+00;1.3308682e-01;7.5000000e+00;8.7275453e-02;7.5000000e+00;4.5206010e-02;7.5000000e+00;4.7393385e-03;7.5000000e+00;9.5373113e-03;7.5000000e+00;1.9056981e-02;7.5000000e+00;3.2951105e-02;7.5000000e+00;5.0294053e-02;7.5000000e+00;7.0645921e-02;7.5000000e+00;9.4838567e-02;7.5000000e+00;1.2083967e-01;7.5000000e+00;1.4976040e-01;7.5000000e+00;1.7496076e-01;7.5000000e+00;1.9828892e-01;7.5000000e+00;2.1637598e-01;7.5000000e+00;2.2477067e-01;7.5000000e+00;2.1038502e-01;7.5000000e+00;1.7746976e-01;7.5000000e+00;1.3308682e-01;7.5000000e+00;8.7275453e-02;7.5000000e+00;4.5206010e-02;7.5000000e+00;4.7393385e-03;7.5000000e+00;9.5373113e-03;7.5000000e+00;1.9056981e-02;7.5000000e+00;3.2951105e-02;7.5000000e+00;5.0294053e-02;7.5000000e+00;7.0645921e-02;7.5000000e+00;9.4838567e-02;7.5000000e+00;1.2083967e-01;7.5000000e+00;1.4976040e-01;7.5000000e+00;1.7496076e-01;7.5000000e+00;1.9828892e-01;7.5000000e+00;2.1637598e-01;7.5000000e+00;2.2477067e-01;7.5000000e+00;2.1038502e-01;7.5000000e+00;1.7746976e-01;7.5000000e+00;1.3308682e-01;7.5000000e+00;8.7275453e-02;7.5000000e+00;4.5206010e-02;7.5000000e+00;4.7393385e-03;7.5000000e+00;9.5373113e-03;7.5000000e+00;1.9056981e-02;7.5000000e+00;3.2951105e-02;7.5000000e+00;5.0294053e-02;7.5000000e+00;7.0645921e-02;7.5000000e+00;9.4838567e-02;7.5000000e+00;1.2083967e-01;7.5000000e+00;1.4976040e-01;7.5000000e+00;1.7496076e-01;7.5000000e+00;1.9828892e-01;7.5000000e+00;2.1637598e-01;7.5000000e+00;2.2477067e-01;7.5000000e+00;2.1038502e-01;7.5000000e+00;1.7746976e-01;7.5000000e+00;1.3308682e-01;7.5000000e+00;8.7275453e-02;7.5000000e+00;4.5206010e-02;7.5000000e+00;4.7393385e-03;7.5000000e+00;9.5373113e-03;7.5000000e+00;1.9056981e-02;7.5000000e+00;3.2951105e-02;7.5000000e+00;5.0294053e-02;7.5000000e+00;7.0645921e-02;7.5000000e+00;9.4838567e-02;7.5000000e+00;1.2083967e-01;7.5000000e+00;1.4976040e-01;7.5000000e+00;1.7496076e-01;7.5000000e+00;1.9828892e-01;7.5000000e+00;2.1637598e-01;7.5000000e+00;2.2477067e-01;7.5000000e+00;2.1038502e-01;7.5000000e+00;1.7746976e-01;7.5000000e+00;1.3308682e-01;7.5000000e+00;8.7275453e-02;7.5000000e+00;4.5206010e-02;7.5000000e+00;4.7393385e-03;7.5000000e+00;9.5373113e-03;7.5000000e+00;1.9056981e-02;7.5000000e+00;3.2951105e-02;7.5000000e+00;5.0294053e-02;7.5000000e+00;7.0645921e-02;7.5000000e+00;9.4838567e-02;7.5000000e+00;1.2083967e-01;7.5000000e+00;1.4976040e-01;7.5000000e+00;1.7496076e-01;7.5000000e+00;1.9828892e-01;7.5000000e+00;2.1637598e-01;7.5000000e+00;2.2477067e-01;7.5000000e+00;2.1038502e-01;7.5000000e+00;1.7746976e-01;7.5000000e+00;1.3308682e-01;7.5000000e+00;8.7275453e-02;7.5000000e+00;4.5206010e-02;7.5000000e+00;4.7393385e-03;7.5000000e+00;9.5373113e-03;7.5000000e+00;1.9056981e-02;7.5000000e+00;3.2951105e-02;7.5000000e+00;5.0294053e-02;7.5000000e+00;7.0645921e-02;7.5000000e+00;9.4838567e-02;7.5000000e+00;1.2083967e-01;7.5000000e+00;1.4976040e-01;7.5000000e+00;1.7496076e-01;7.5000000e+00;1.9828892e-01;7.5000000e+00;2.1637598e-01;7.5000000e+00;2.2477067e-01;7.5000000e+00;2.1038502e-01;7.5000000e+00;1.7746976e-01;7.5000000e+00;1.3308682e-01;7.5000000e+00;8.7275453e-02;7.5000000e+00;4.5206010e-02;7.5000000e+00;4.7393385e-03;7.5000000e+00;9.5373113e-03;7.5000000e+00;1.9056981e-02;7.5000000e+00;3.2951105e-02;7.5000000e+00;5.0294053e-02;7.5000000e+00;7.0645921e-02;7.5000000e+00;9.4838567e-02;7.5000000e+00;1.2083967e-01;7.5000000e+00;1.4976040e-01;7.5000000e+00;1.7496076e-01;7.5000000e+00;1.9828892e-01;7.5000000e+00;2.1637598e-01;7.5000000e+00;2.2477067e-01;7.5000000e+00;2.1038502e-01;7.5000000e+00;1.7746976e-01;7.5000000e+00;1.3308682e-01;7.5000000e+00;8.7275453e-02;7.5000000e+00;4.5206010e-02;7.5000000e+00;4.7393385e-03;7.5000000e+00;9.5373113e-03;7.5000000e+00;1.9056981e-02;7.5000000e+00;3.2951105e-02;7.5000000e+00;5.0294053e-02;7.5000000e+00;7.0645921e-02;7.5000000e+00;9.4838567e-02;7.5000000e+00;1.2083967e-01;7.5000000e+00;1.4976040e-01;7.5000000e+00;1.7496076e-01;7.5000000e+00;1.9828892e-01;7.5000000e+00;2.1637598e-01;7.5000000e+00;2.2477067e-01;7.5000000e+00;2.1038502e-01;7.5000000e+00;1.7746976e-01;7.5000000e+00;1.3308682e-01;7.5000000e+00;8.7275453e-02;7.5000000e+00;4.5206010e-02;7.5000000e+00;4.7393385e-03;7.5000000e+00;9.5373113e-03;7.5000000e+00;1.9056981e-02;7.5000000e+00;3.2951105e-02;7.5000000e+00;5.0294053e-02;7.5000000e+00;7.0645921e-02;7.5000000e+00;9.4838567e-02;7.5000000e+00;1.2083967e-01;7.5000000e+00;1.4976040e-01;7.5000000e+00;1.7496076e-01;7.5000000e+00;1.9828892e-01;7.5000000e+00;2.1637598e-01;7.5000000e+00;2.2477067e-01;7.5000000e+00;2.1038502e-01;7.5000000e+00;1.7746976e-01;7.5000000e+00;1.3308682e-01;7.5000000e+00;8.7275453e-02;7.5000000e+00;4.5206010e-02;7.5000000e+00;4.7393385e-03;7.5000000e+00;9.5373113e-03;7.5000000e+00;1.9056981e-02;7.5000000e+00;3.2951105e-02;7.5000000e+00;5.0294053e-02;7.5000000e+00;7.0645921e-02;7.5000000e+00;9.4838567e-02;7.5000000e+00;1.2083967e-01;7.5000000e+00;1.4976040e-01;7.5000000e+00;1.7496076e-01;7.5000000e+00;1.9828892e-01;7.5000000e+00;2.1637598e-01;7.5000000e+00;2.2477067e-01;7.5000000e+00;2.1038502e-01;7.5000000e+00;1.7746976e-01;7.5000000e+00;1.3308682e-01;7.5000000e+00;8.7275453e-02;7.5000000e+00;4.5206010e-02;7.5000000e+00;4.7393385e-03;7.5000000e+00;9.5373113e-03;7.5000000e+00;1.9056981e-02;7.5000000e+00;3.2951105e-02;7.5000000e+00;5.0294053e-02;7.5000000e+00;7.0645921e-02;7.5000000e+00;9.4838567e-02;7.5000000e+00;1.2083967e-01;7.5000000e+00;1.4976040e-01;7.5000000e+00;1.7496076e-01;7.5000000e+00;1.9828892e-01;7.5000000e+00;2.1637598e-01;7.5000000e+00;2.2477067e-01;7.5000000e+00;2.1038502e-01;7.5000000e+00;1.7746976e-01;7.5000000e+00;1.3308682e-01;7.5000000e+00;8.7275453e-02;7.5000000e+00;4.5206010e-02;7.5000000e+00;4.7393385e-03;7.5000000e+00;9.5373113e-03;7.5000000e+00;1.9056981e-02;7.5000000e+00;3.2951105e-02;7.5000000e+00;5.0294053e-02;7.5000000e+00;7.0645921e-02;7.5000000e+00;9.4838567e-02;7.5000000e+00;1.2083967e-01;7.5000000e+00;1.4976040e-01;7.5000000e+00;1.7496076e-01;7.5000000e+00;1.9828892e-01;7.5000000e+00;2.1637598e-01;7.5000000e+00;2.2477067e-01;7.5000000e+00;2.1038502e-01;7.5000000e+00;1.7746976e-01;7.5000000e+00;1.3308682e-01;7.5000000e+00;8.7275453e-02;7.5000000e+00;4.5206010e-02;7.5000000e+00;4.7393385e-03;7.5000000e+00;9.5373113e-03;7.5000000e+00;1.9056981e-02;7.5000000e+00;3.2951105e-02;7.5000000e+00;5.0294053e-02;7.5000000e+00;7.0645921e-02;7.5000000e+00;9.4838567e-02;7.5000000e+00;1.2083967e-01;7.5000000e+00;1.4976040e-01;7.5000000e+00;1.7496076e-01;7.5000000e+00;1.9828892e-01;7.5000000e+00;2.1637598e-01;7.5000000e+00;2.2477067e-01;7.5000000e+00;2.1038502e-01;7.5000000e+00;1.7746976e-01;7.5000000e+00;1.3308682e-01;7.5000000e+00;8.7275453e-02;7.5000000e+00;4.5206010e-02;7.5000000e+00;4.7393385e-03;7.5000000e+00;9.5373113e-03;7.5000000e+00;1.9056981e-02;7.5000000e+00;3.2951105e-02;7.5000000e+00;5.0294053e-02;7.5000000e+00;7.0645921e-02;7.5000000e+00;9.4838567e-02;7.5000000e+00;1.2083967e-01;7.5000000e+00;1.4976040e-01;7.5000000e+00;1.7496076e-01;7.5000000e+00;1.9828892e-01;7.5000000e+00;2.1637598e-01;7.5000000e+00;2.2477067e-01;7.5000000e+00;2.1038502e-01;7.5000000e+00;1.7746976e-01;7.5000000e+00;1.3308682e-01;7.5000000e+00;8.7275453e-02;7.5000000e+00;4.5206010e-02;7.5000000e+00;4.7393385e-03;7.5000000e+00;9.5373113e-03;7.5000000e+00;1.9056981e-02;7.5000000e+00;3.2951105e-02;7.5000000e+00;5.0294053e-02;7.5000000e+00;7.0645921e-02;7.5000000e+00;9.4838567e-02;7.5000000e+00;1.2083967e-01;7.5000000e+00;1.4976040e-01;7.5000000e+00;1.7496076e-01;7.5000000e+00;1.9828892e-01;7.5000000e+00;2.1637598e-01;7.5000000e+00;2.2477067e-01;7.5000000e+00;2.1038502e-01;7.5000000e+00;1.7746976e-01;7.5000000e+00;1.3308682e-01;7.5000000e+00;8.7275453e-02;7.5000000e+00;4.5206010e-02;7.5000000e+00;4.7393385e-03;7.5000000e+00;9.5373113e-03;7.5000000e+00;1.9056981e-02;7.5000000e+00;3.2951105e-02;7.5000000e+00;5.0294053e-02;7.5000000e+00;7.0645921e-02;7.5000000e+00;9.4838567e-02;7.5000000e+00;1.2083967e-01;7.5000000e+00;1.4976040e-01;7.5000000e+00;1.7496076e-01;7.5000000e+00;1.9828892e-01;7.5000000e+00;2.1637598e-01;7.5000000e+00;2.2477067e-01;7.5000000e+00;2.1038502e-01;7.5000000e+00;1.7746976e-01;7.5000000e+00;1.3308682e-01;7.5000000e+00;8.7275453e-02;7.5000000e+00;4.5206010e-02;7.5000000e+00;4.7393385e-03;7.5000000e+00;9.5373113e-03;7.5000000e+00;1.9056981e-02;7.5000000e+00;3.2951105e-02;7.5000000e+00;5.0294053e-02;7.5000000e+00;7.0645921e-02;7.5000000e+00;9.4838567e-02;7.5000000e+00;1.2083967e-01;7.5000000e+00;1.4976040e-01;7.5000000e+00;1.7496076e-01;7.5000000e+00;1.9828892e-01;7.5000000e+00;2.1637598e-01;7.5000000e+00;2.2477067e-01;7.5000000e+00;2.1038502e-01;7.5000000e+00;1.7746976e-01;7.5000000e+00;1.3308682e-01;7.5000000e+00;8.7275453e-02;7.5000000e+00;4.5206010e-02;7.5000000e+00;4.7393385e-03;7.5000000e+00;9.5373113e-03;7.5000000e+00;1.9056981e-02;7.5000000e+00;3.2951105e-02;7.5000000e+00;5.0294053e-02;7.5000000e+00;7.0645921e-02;7.5000000e+00;9.4838567e-02;7.5000000e+00;1.2083967e-01;7.5000000e+00;1.4976040e-01;7.5000000e+00;1.7496076e-01;7.5000000e+00;1.9828892e-01;7.5000000e+00;2.1637598e-01;7.5000000e+00;2.2477067e-01;7.5000000e+00;2.1038502e-01;7.5000000e+00;1.7746976e-01;7.5000000e+00;1.3308682e-01;7.5000000e+00;8.7275453e-02;7.5000000e+00;4.5206010e-02;7.5000000e+00;4.7393385e-03;7.5000000e+00;9.5373113e-03;7.5000000e+00;1.9056981e-02;7.5000000e+00;3.2951105e-02;7.5000000e+00;5.0294053e-02;7.5000000e+00;7.0645921e-02;7.5000000e+00;9.4838567e-02;7.5000000e+00;1.2083967e-01;7.5000000e+00;1.4976040e-01;7.5000000e+00;1.7496076e-01;7.5000000e+00;1.9828892e-01;7.5000000e+00;2.1637598e-01;7.5000000e+00;2.2477067e-01;7.5000000e+00;2.1038502e-01;7.5000000e+00;1.7746976e-01;7.5000000e+00;1.3308682e-01;7.5000000e+00;8.7275453e-02;7.5000000e+00;4.5206010e-02;7.5000000e+00;4.7393385e-03;7.5000000e+00;9.5373113e-03;7.5000000e+00;1.9056981e-02;7.5000000e+00;3.2951105e-02;7.5000000e+00;5.0294053e-02;7.5000000e+00;7.0645921e-02;7.5000000e+00;9.4838567e-02;7.5000000e+00;1.2083967e-01;7.5000000e+00;1.4976040e-01;7.5000000e+00;1.7496076e-01;7.5000000e+00;1.9828892e-01;7.5000000e+00;2.1637598e-01;7.5000000e+00;2.2477067e-01;7.5000000e+00;2.1038502e-01;7.5000000e+00;1.7746976e-01;7.5000000e+00;1.3308682e-01;7.5000000e+00;8.7275453e-02;7.5000000e+00;4.5206010e-02;7.5000000e+00;4.7393385e-03;7.5000000e+00;9.5373113e-03;7.5000000e+00;1.9056981e-02;7.5000000e+00;3.2951105e-02;7.5000000e+00;5.0294053e-02;7.5000000e+00;7.0645921e-02;7.5000000e+00;9.4838567e-02;7.5000000e+00;1.2083967e-01;7.5000000e+00;1.4976040e-01;7.5000000e+00;1.7496076e-01;7.5000000e+00;1.9828892e-01;7.5000000e+00;2.1637598e-01;7.5000000e+00;2.2477067e-01;7.5000000e+00;2.1038502e-01;7.5000000e+00;1.7746976e-01;7.5000000e+00;1.3308682e-01;7.5000000e+00;8.7275453e-02;7.5000000e+00;4.5206010e-02;7.5000000e+00;4.7393385e-03;7.5000000e+00;9.5373113e-03;7.5000000e+00;1.9056981e-02;7.5000000e+00;3.2951105e-02;7.5000000e+00;5.0294053e-02;7.5000000e+00;7.0645921e-02;7.5000000e+00;9.4838567e-02;7.5000000e+00;1.2083967e-01;7.5000000e+00;1.4976040e-01;7.5000000e+00;1.7496076e-01;7.5000000e+00;1.9828892e-01;7.5000000e+00;2.1637598e-01;7.5000000e+00;2.2477067e-01;7.5000000e+00;2.1038502e-01;7.5000000e+00;1.7746976e-01;7.5000000e+00;1.3308682e-01;7.5000000e+00;8.7275453e-02;7.5000000e+00;4.5206010e-02;7.5000000e+00;4.7393385e-03;7.5000000e+00;9.5373113e-03;7.5000000e+00;1.9056981e-02;7.5000000e+00;3.2951105e-02;7.5000000e+00;5.0294053e-02;7.5000000e+00;7.0645921e-02;7.5000000e+00;9.4838567e-02;7.5000000e+00;1.2083967e-01;7.5000000e+00;1.4976040e-01;7.5000000e+00;1.7496076e-01;7.5000000e+00;1.9828892e-01;7.5000000e+00;2.1637598e-01;7.5000000e+00;2.2477067e-01;7.5000000e+00;2.1038502e-01;7.5000000e+00;1.7746976e-01;7.5000000e+00;1.3308682e-01;7.5000000e+00;8.7275453e-02;7.5000000e+00;4.5206010e-02;7.5000000e+00;4.7393385e-03;7.5000000e+00;9.5373113e-03;7.5000000e+00;1.9056981e-02;7.5000000e+00;3.2951105e-02;7.5000000e+00;5.0294053e-02;7.5000000e+00;7.0645921e-02;7.5000000e+00;9.4838567e-02;7.5000000e+00;1.2083967e-01;7.5000000e+00;1.4976040e-01;7.5000000e+00;1.7496076e-01;7.5000000e+00;1.9828892e-01;7.5000000e+00;2.1637598e-01;7.5000000e+00;2.2477067e-01;7.5000000e+00;2.1038502e-01;7.5000000e+00;1.7746976e-01;7.5000000e+00;1.3308682e-01;7.5000000e+00;8.7275453e-02;7.5000000e+00;4.5206010e-02;7.5000000e+00;4.7393385e-03;7.5000000e+00;9.5373113e-03;7.5000000e+00;1.9056981e-02;7.5000000e+00;3.2951105e-02;7.5000000e+00;5.0294053e-02;7.5000000e+00;7.0645921e-02;7.5000000e+00;9.4838567e-02;7.5000000e+00;1.2083967e-01;7.5000000e+00;1.4976040e-01;7.5000000e+00;1.7496076e-01;7.5000000e+00;1.9828892e-01;7.5000000e+00;2.1637598e-01;7.5000000e+00;2.2477067e-01;7.5000000e+00;2.1038502e-01;7.5000000e+00;1.7746976e-01;7.5000000e+00;1.3308682e-01;7.5000000e+00;8.7275453e-02;7.5000000e+00;4.5206010e-02;7.5000000e+00;4.7393385e-03;7.5000000e+00;9.5373113e-03;7.5000000e+00;1.9056981e-02;7.5000000e+00;3.2951105e-02;7.5000000e+00;5.0294053e-02;7.5000000e+00;7.0645921e-02;7.5000000e+00;9.4838567e-02;7.5000000e+00;1.2083967e-01;7.5000000e+00;1.4976040e-01;7.5000000e+00;1.7496076e-01;7.5000000e+00;1.9828892e-01;7.5000000e+00;2.1637598e-01;7.5000000e+00;2.2477067e-01;7.5000000e+00;2.1038502e-01;7.5000000e+00;1.7746976e-01;7.5000000e+00;1.3308682e-01;7.5000000e+00;8.7275453e-02;7.5000000e+00;4.5206010e-02;7.5000000e+00;4.7393385e-03;7.5000000e+00;9.5373113e-03;7.5000000e+00;1.9056981e-02;7.5000000e+00;3.2951105e-02;7.5000000e+00;5.0294053e-02;7.5000000e+00;7.0645921e-02;7.5000000e+00;9.4838567e-02;7.5000000e+00;1.2083967e-01;7.5000000e+00;1.4976040e-01;7.5000000e+00;1.7496076e-01;7.5000000e+00;1.9828892e-01;7.5000000e+00;2.1637598e-01;7.5000000e+00;2.2477067e-01;7.5000000e+00;2.1038502e-01;7.5000000e+00;1.7746976e-01;7.5000000e+00;1.3308682e-01;7.5000000e+00;8.7275453e-02;7.5000000e+00;4.5206010e-02;7.5000000e+00;4.7393385e-03;7.5000000e+00;9.5373113e-03;7.5000000e+00;1.9056981e-02;7.5000000e+00;3.2951105e-02;7.5000000e+00;5.0294053e-02;7.5000000e+00;7.0645921e-02;7.5000000e+00;9.4838567e-02;7.5000000e+00;1.2083967e-01;7.5000000e+00;1.4976040e-01;7.5000000e+00;1.7496076e-01;7.5000000e+00;1.9828892e-01;7.5000000e+00;2.1637598e-01;7.5000000e+00;2.2477067e-01;7.5000000e+00;2.1038502e-01;7.5000000e+00;1.7746976e-01;7.5000000e+00;1.3308682e-01;7.5000000e+00;8.7275453e-02;7.5000000e+00;4.5206010e-02;7.5000000e+00;4.7393385e-03;7.5000000e+00;9.5373113e-03;7.5000000e+00;1.9056981e-02;7.5000000e+00;3.2951105e-02;7.5000000e+00;5.0294053e-02;7.5000000e+00;7.0645921e-02;7.5000000e+00;9.4838567e-02;7.5000000e+00;1.2083967e-01;7.5000000e+00;1.4976040e-01;7.5000000e+00;1.7496076e-01;7.5000000e+00;1.9828892e-01;7.5000000e+00;2.1637598e-01;7.5000000e+00;2.2477067e-01;7.5000000e+00;2.1038502e-01;7.5000000e+00;1.7746976e-01;7.5000000e+00;1.3308682e-01;7.5000000e+00;8.7275453e-02;7.5000000e+00;4.5206010e-02;7.5000000e+00;4.7393385e-03;7.5000000e+00;9.5373113e-03;7.5000000e+00;1.9056981e-02;7.5000000e+00;3.2951105e-02;7.5000000e+00;5.0294053e-02;7.5000000e+00;7.0645921e-02;7.5000000e+00;9.4838567e-02;7.5000000e+00;1.2083967e-01;7.5000000e+00;1.4976040e-01;7.5000000e+00;1.7496076e-01;7.5000000e+00;1.9828892e-01;7.5000000e+00;2.1637598e-01;7.5000000e+00;2.2477067e-01;7.5000000e+00;2.1038502e-01;7.5000000e+00;1.7746976e-01;7.5000000e+00;1.3308682e-01;7.5000000e+00;8.7275453e-02;7.5000000e+00;4.5206010e-02;7.5000000e+00;4.7393385e-03;7.5000000e+00;9.5373113e-03;7.5000000e+00;1.9056981e-02;7.5000000e+00;3.2951105e-02;7.5000000e+00;5.0294053e-02;7.5000000e+00;7.0645921e-02;7.5000000e+00;9.4838567e-02;7.5000000e+00;1.2083967e-01;7.5000000e+00;1.4976040e-01;7.5000000e+00;1.7496076e-01;7.5000000e+00;1.9828892e-01;7.5000000e+00;2.1637598e-01;7.5000000e+00;2.2477067e-01;7.5000000e+00;2.1038502e-01;7.5000000e+00;1.7746976e-01;7.5000000e+00;1.3308682e-01;7.5000000e+00;8.7275453e-02;7.5000000e+00;4.5206010e-02;7.5000000e+00;4.7393385e-03;7.5000000e+00;9.5373113e-03;7.5000000e+00;1.9056981e-02;7.5000000e+00;3.2951105e-02;7.5000000e+00;5.0294053e-02;7.5000000e+00;7.0645921e-02;7.5000000e+00;9.4838567e-02;7.5000000e+00;1.2083967e-01;7.5000000e+00;1.4976040e-01;7.5000000e+00;1.7496076e-01;7.5000000e+00;1.9828892e-01;7.5000000e+00;2.1637598e-01;7.5000000e+00;2.2477067e-01;7.5000000e+00;2.1038502e-01;7.5000000e+00;1.7746976e-01;7.5000000e+00;1.3308682e-01;7.5000000e+00;8.7275453e-02;7.5000000e+00;4.5206010e-02;7.5000000e+00;4.7393385e-03;7.5000000e+00;9.5373113e-03;7.5000000e+00;1.9056981e-02;7.5000000e+00;3.2951105e-02;7.5000000e+00;5.0294053e-02;7.5000000e+00;7.0645921e-02;7.5000000e+00;9.4838567e-02;7.5000000e+00;1.2083967e-01;7.5000000e+00;1.4976040e-01;7.5000000e+00;1.7496076e-01;7.5000000e+00;1.9828892e-01;7.5000000e+00;2.1637598e-01;7.5000000e+00;2.2477067e-01;7.5000000e+00;2.1038502e-01;7.5000000e+00;1.7746976e-01;7.5000000e+00;1.3308682e-01;7.5000000e+00;8.7275453e-02;7.5000000e+00;4.5206010e-02;7.5000000e+00;4.7393385e-03;7.5000000e+00;9.5373113e-03;7.5000000e+00;1.9056981e-02;7.5000000e+00;3.2951105e-02;7.5000000e+00;5.0294053e-02;7.5000000e+00;7.0645921e-02;7.5000000e+00;9.4838567e-02;7.5000000e+00;1.2083967e-01;7.5000000e+00;1.4976040e-01;7.5000000e+00;1.7496076e-01;7.5000000e+00;1.9828892e-01;7.5000000e+00;2.1637598e-01;7.5000000e+00;2.2477067e-01;7.5000000e+00;2.1038502e-01;7.5000000e+00;1.7746976e-01;7.5000000e+00;1.3308682e-01;7.5000000e+00;8.7275453e-02;7.5000000e+00;4.5206010e-02;7.5000000e+00;4.7393385e-03;7.5000000e+00;9.5373113e-03;7.5000000e+00;1.9056981e-02;7.5000000e+00;3.2951105e-02;7.5000000e+00;5.0294053e-02;7.5000000e+00;7.0645921e-02;7.5000000e+00;9.4838567e-02;7.5000000e+00;1.2083967e-01;7.5000000e+00;1.4976040e-01;7.5000000e+00;1.7496076e-01;7.5000000e+00;1.9828892e-01;7.5000000e+00;2.1637598e-01;7.5000000e+00;2.2477067e-01;7.5000000e+00;2.1038502e-01;7.5000000e+00;1.7746976e-01;7.5000000e+00;1.3308682e-01;7.5000000e+00;8.7275453e-02;7.5000000e+00;4.5206010e-02;7.5000000e+00;4.7393385e-03;7.5000000e+00;9.5373113e-03;7.5000000e+00;1.9056981e-02;7.5000000e+00;3.2951105e-02;7.5000000e+00;5.0294053e-02;7.5000000e+00;7.0645921e-02;7.5000000e+00;9.4838567e-02;7.5000000e+00;1.2083967e-01;7.5000000e+00;1.4976040e-01;7.5000000e+00;1.7496076e-01;7.5000000e+00;1.9828892e-01;7.5000000e+00;2.1637598e-01;7.5000000e+00;2.2477067e-01;7.5000000e+00;2.1038502e-01;7.5000000e+00;1.7746976e-01;7.5000000e+00;1.3308682e-01;7.5000000e+00;8.7275453e-02;7.5000000e+00;4.5206010e-02;7.5000000e+00;4.7393385e-03;7.5000000e+00;9.5373113e-03;7.5000000e+00;1.9056981e-02;7.5000000e+00;3.2951105e-02;7.5000000e+00;5.0294053e-02;7.5000000e+00;7.0645921e-02;7.5000000e+00;9.4838567e-02;7.5000000e+00;1.2083967e-01;7.5000000e+00;1.4976040e-01;7.5000000e+00;1.7496076e-01;7.5000000e+00;1.9828892e-01;7.5000000e+00;2.1637598e-01;7.5000000e+00;2.2477067e-01;7.5000000e+00;2.1038502e-01;7.5000000e+00;1.7746976e-01;7.5000000e+00;1.3308682e-01;7.5000000e+00;8.7275453e-02;7.5000000e+00;4.5206010e-02;7.5000000e+00;4.7393385e-03;7.5000000e+00;9.5373113e-03;7.5000000e+00;1.9056981e-02;7.5000000e+00;3.2951105e-02;7.5000000e+00;5.0294053e-02;7.5000000e+00;7.0645921e-02;7.5000000e+00;9.4838567e-02;7.5000000e+00;1.2083967e-01;7.5000000e+00;1.4976040e-01;7.5000000e+00;1.7496076e-01;7.5000000e+00;1.9828892e-01;7.5000000e+00;2.1637598e-01;7.5000000e+00;2.2477067e-01;7.5000000e+00;2.1038502e-01;7.5000000e+00;1.7746976e-01;7.5000000e+00;1.3308682e-01;7.5000000e+00;8.7275453e-02;7.5000000e+00;4.5206010e-02;7.5000000e+00;4.7393385e-03;7.5000000e+00;9.5373113e-03;7.5000000e+00;1.9056981e-02;7.5000000e+00;3.2951105e-02;7.5000000e+00;5.0294053e-02;7.5000000e+00;7.0645921e-02;7.5000000e+00;9.4838567e-02;7.5000000e+00;1.2083967e-01;7.5000000e+00;1.4976040e-01;7.5000000e+00;1.7496076e-01;7.5000000e+00;1.9828892e-01;7.5000000e+00;2.1637598e-01;7.5000000e+00;2.2477067e-01;7.5000000e+00;2.1038502e-01;7.5000000e+00;1.7746976e-01;7.5000000e+00;1.3308682e-01;7.5000000e+00;8.7275453e-02;7.5000000e+00;4.5206010e-02;7.5000000e+00;4.7393385e-03;7.5000000e+00;9.5373113e-03;7.5000000e+00;1.9056981e-02;7.5000000e+00;3.2951105e-02;7.5000000e+00;5.0294053e-02;7.5000000e+00;7.0645921e-02;7.5000000e+00;9.4838567e-02;7.5000000e+00;1.2083967e-01;7.5000000e+00;1.4976040e-01;7.5000000e+00;1.7496076e-01;7.5000000e+00;1.9828892e-01;7.5000000e+00;2.1637598e-01;7.5000000e+00;2.2477067e-01;7.5000000e+00;2.1038502e-01;7.5000000e+00;1.7746976e-01;7.5000000e+00;1.3308682e-01;7.5000000e+00;8.7275453e-02;7.5000000e+00;4.5206010e-02;7.5000000e+00;4.7393385e-03;7.5000000e+00;9.5373113e-03;7.5000000e+00;1.9056981e-02;7.5000000e+00;3.2951105e-02;7.5000000e+00;5.0294053e-02;7.5000000e+00;7.0645921e-02;7.5000000e+00;9.4838567e-02;7.5000000e+00;1.2083967e-01;7.5000000e+00;1.4976040e-01;7.5000000e+00;1.7496076e-01;7.5000000e+00;1.9828892e-01;7.5000000e+00;2.1637598e-01;7.5000000e+00;2.2477067e-01;7.5000000e+00;2.1038502e-01;7.5000000e+00;1.7746976e-01;7.5000000e+00;1.3308682e-01;7.5000000e+00;8.7275453e-02;7.5000000e+00;4.5206010e-02;7.5000000e+00;4.7393385e-03;7.5000000e+00;9.5373113e-03;7.5000000e+00;1.9056981e-02;7.5000000e+00;3.2951105e-02;7.5000000e+00;5.0294053e-02;7.5000000e+00;7.0645921e-02;7.5000000e+00;9.4838567e-02;7.5000000e+00;1.2083967e-01;7.5000000e+00;1.4976040e-01;7.5000000e+00;1.7496076e-01;7.5000000e+00;1.9828892e-01;7.5000000e+00;2.1637598e-01;7.5000000e+00;2.2477067e-01;7.5000000e+00;2.1038502e-01;7.5000000e+00;1.7746976e-01;7.5000000e+00;1.3308682e-01;7.5000000e+00;8.7275453e-02;7.5000000e+00;4.5206010e-02;7.5000000e+00;4.7393385e-03;7.5000000e+00;9.5373113e-03;7.5000000e+00;1.9056981e-02;7.5000000e+00;3.2951105e-02;7.5000000e+00;5.0294053e-02;7.5000000e+00;7.0645921e-02;7.5000000e+00;9.4838567e-02;7.5000000e+00;1.2083967e-01;7.5000000e+00;1.4976040e-01;7.5000000e+00;1.7496076e-01;7.5000000e+00;1.9828892e-01;7.5000000e+00;2.1637598e-01;7.5000000e+00;2.2477067e-01;7.5000000e+00;2.1038502e-01;7.5000000e+00;1.7746976e-01;7.5000000e+00;1.3308682e-01;7.5000000e+00;8.7275453e-02;7.5000000e+00;4.5206010e-02;7.5000000e+00;4.7393385e-03;7.5000000e+00;9.5373113e-03;7.5000000e+00;1.9056981e-02;7.5000000e+00;3.2951105e-02;7.5000000e+00;5.0294053e-02;7.5000000e+00;7.0645921e-02;7.5000000e+00;9.4838567e-02;7.5000000e+00;1.2083967e-01;7.5000000e+00;1.4976040e-01;7.5000000e+00;1.7496076e-01;7.5000000e+00;1.9828892e-01;7.5000000e+00;2.1637598e-01;7.5000000e+00;2.2477067e-01;7.5000000e+00;2.1038502e-01;7.5000000e+00;1.7746976e-01;7.5000000e+00;1.3308682e-01;7.5000000e+00;8.7275453e-02;7.5000000e+00;4.5206010e-02;7.5000000e+00;4.7393385e-03;7.5000000e+00;9.5373113e-03;7.5000000e+00;1.9056981e-02;7.5000000e+00;3.2951105e-02;7.5000000e+00;5.0294053e-02;7.5000000e+00;7.0645921e-02;7.5000000e+00;9.4838567e-02;7.5000000e+00;1.2083967e-01;7.5000000e+00;1.4976040e-01;7.5000000e+00;1.7496076e-01;7.5000000e+00;1.9828892e-01;7.5000000e+00;2.1637598e-01;7.5000000e+00;2.2477067e-01;7.5000000e+00;2.1038502e-01;7.5000000e+00;1.7746976e-01;7.5000000e+00;1.3308682e-01;7.5000000e+00;8.7275453e-02;7.5000000e+00;4.5206010e-02;7.5000000e+00;4.7393385e-03;7.5000000e+00;9.5373113e-03;7.5000000e+00;1.9056981e-02;7.5000000e+00;3.2951105e-02;7.5000000e+00;5.0294053e-02;7.5000000e+00;7.0645921e-02;7.5000000e+00;9.4838567e-02;7.5000000e+00;1.2083967e-01;7.5000000e+00;1.4976040e-01;7.5000000e+00;1.7496076e-01;7.5000000e+00;1.9828892e-01;7.5000000e+00;2.1637598e-01;7.5000000e+00;2.2477067e-01;7.5000000e+00;2.1038502e-01;7.5000000e+00;1.7746976e-01;7.5000000e+00;1.3308682e-01;7.5000000e+00;8.7275453e-02;7.5000000e+00;4.5206010e-02;7.5000000e+00;4.7393385e-03;7.5000000e+00;9.5373113e-03;7.5000000e+00;1.9056981e-02;7.5000000e+00;3.2951105e-02;7.5000000e+00;5.0294053e-02;7.5000000e+00;7.0645921e-02;7.5000000e+00;9.4838567e-02;7.5000000e+00;1.2083967e-01;7.5000000e+00;1.4976040e-01;7.5000000e+00;1.7496076e-01;7.5000000e+00;1.9828892e-01;7.5000000e+00;2.1637598e-01;7.5000000e+00;2.2477067e-01;7.5000000e+00;2.1038502e-01;7.5000000e+00;1.7746976e-01;7.5000000e+00;1.3308682e-01;7.5000000e+00;8.7275453e-02;7.5000000e+00;4.5206010e-02;7.5000000e+00;4.7393385e-03;7.5000000e+00;9.5373113e-03;7.5000000e+00;1.9056981e-02;7.5000000e+00;3.2951105e-02;7.5000000e+00;5.0294053e-02;7.5000000e+00;7.0645921e-02;7.5000000e+00;9.4838567e-02;7.5000000e+00;1.2083967e-01;7.5000000e+00;1.4976040e-01;7.5000000e+00;1.7496076e-01;7.5000000e+00;1.9828892e-01;7.5000000e+00;2.1637598e-01;7.5000000e+00;2.2477067e-01;7.5000000e+00;2.1038502e-01;7.5000000e+00;1.7746976e-01;7.5000000e+00;1.3308682e-01;7.5000000e+00;8.7275453e-02;7.5000000e+00;4.5206010e-02;7.5000000e+00;4.7393385e-03;7.5000000e+00;9.5373113e-03;7.5000000e+00;1.9056981e-02;7.5000000e+00;3.2951105e-02;7.5000000e+00;5.0294053e-02;7.5000000e+00;7.0645921e-02;7.5000000e+00;9.4838567e-02;7.5000000e+00;1.2083967e-01;7.5000000e+00;1.4976040e-01;7.5000000e+00;1.7496076e-01;7.5000000e+00;1.9828892e-01;7.5000000e+00;2.1637598e-01;7.5000000e+00;2.2477067e-01;7.5000000e+00;2.1038502e-01;7.5000000e+00;1.7746976e-01;7.5000000e+00;1.3308682e-01;7.5000000e+00;8.7275453e-02;7.5000000e+00;4.5206010e-02;7.5000000e+00;4.7393385e-03;7.5000000e+00;9.5373113e-03;7.5000000e+00;1.9056981e-02;7.5000000e+00;3.2951105e-02;7.5000000e+00;5.0294053e-02;7.5000000e+00;7.0645921e-02;7.5000000e+00;9.4838567e-02;7.5000000e+00;1.2083967e-01;7.5000000e+00;1.4976040e-01;7.5000000e+00;1.7496076e-01;7.5000000e+00;1.9828892e-01;7.5000000e+00;2.1637598e-01;7.5000000e+00;2.2477067e-01;7.5000000e+00;2.1038502e-01;7.5000000e+00;1.7746976e-01;7.5000000e+00;1.3308682e-01;7.5000000e+00;8.7275453e-02;7.5000000e+00;4.5206010e-02;7.5000000e+00;4.7393385e-03;7.5000000e+00;9.5373113e-03;7.5000000e+00;1.9056981e-02;7.5000000e+00;3.2951105e-02;7.5000000e+00;5.0294053e-02;7.5000000e+00;7.0645921e-02;7.5000000e+00;9.4838567e-02;7.5000000e+00;1.2083967e-01;7.5000000e+00;1.4976040e-01;7.5000000e+00;1.7496076e-01;7.5000000e+00;1.9828892e-01;7.5000000e+00;2.1637598e-01;7.5000000e+00;2.2477067e-01;7.5000000e+00;2.1038502e-01;7.5000000e+00;1.7746976e-01;7.5000000e+00;1.3308682e-01;7.5000000e+00;8.7275453e-02;7.5000000e+00;4.5206010e-02;7.5000000e+00;4.7393385e-03;7.5000000e+00;9.5373113e-03;7.5000000e+00;1.9056981e-02;7.5000000e+00;3.2951105e-02;7.5000000e+00;5.0294053e-02;7.5000000e+00;7.0645921e-02;7.5000000e+00;9.4838567e-02;7.5000000e+00;1.2083967e-01;7.5000000e+00;1.4976040e-01;7.5000000e+00;1.7496076e-01;7.5000000e+00;1.9828892e-01;7.5000000e+00;2.1637598e-01;7.5000000e+00;2.2477067e-01;7.5000000e+00;2.1038502e-01;7.5000000e+00;1.7746976e-01;7.5000000e+00;1.3308682e-01;7.5000000e+00;8.7275453e-02;7.5000000e+00;4.5206010e-02;7.5000000e+00;4.7393385e-03;7.5000000e+00;9.5373113e-03;7.5000000e+00;1.9056981e-02;7.5000000e+00;3.2951105e-02;7.5000000e+00;5.0294053e-02;7.5000000e+00;7.0645921e-02;7.5000000e+00;9.4838567e-02;7.5000000e+00;1.2083967e-01;7.5000000e+00;1.4976040e-01;7.5000000e+00;1.7496076e-01;7.5000000e+00;1.9828892e-01;7.5000000e+00;2.1637598e-01;7.5000000e+00;2.2477067e-01;7.5000000e+00;2.1038502e-01;7.5000000e+00;1.7746976e-01;7.5000000e+00;1.3308682e-01;7.5000000e+00;8.7275453e-02;7.5000000e+00;4.5206010e-02;7.5000000e+00;4.7393385e-03;7.5000000e+00;9.5373113e-03;7.5000000e+00;1.9056981e-02;7.5000000e+00;3.2951105e-02;7.5000000e+00;5.0294053e-02;7.5000000e+00;7.0645921e-02;7.5000000e+00;9.4838567e-02;7.5000000e+00;1.2083967e-01;7.5000000e+00;1.4976040e-01;7.5000000e+00;1.7496076e-01;7.5000000e+00;1.9828892e-01;7.5000000e+00;2.1637598e-01;7.5000000e+00;2.2477067e-01;7.5000000e+00;2.1038502e-01;7.5000000e+00;1.7746976e-01;7.5000000e+00;1.3308682e-01;7.5000000e+00;8.7275453e-02;7.5000000e+00;4.5206010e-02;7.5000000e+00;4.7393385e-03;7.5000000e+00;9.5373113e-03;7.5000000e+00;1.9056981e-02;7.5000000e+00;3.2951105e-02;7.5000000e+00;5.0294053e-02;7.5000000e+00;7.0645921e-02;7.5000000e+00;9.4838567e-02;7.5000000e+00;1.2083967e-01;7.5000000e+00;1.4976040e-01;7.5000000e+00;1.7496076e-01;7.5000000e+00;1.9828892e-01;7.5000000e+00;2.1637598e-01;7.5000000e+00;2.2477067e-01;7.5000000e+00;2.1038502e-01;7.5000000e+00;1.7746976e-01;7.5000000e+00;1.3308682e-01;7.5000000e+00;8.7275453e-02;7.5000000e+00;4.5206010e-02;7.5000000e+00;4.7393385e-03;7.5000000e+00;9.5373113e-03;7.5000000e+00;1.9056981e-02;7.5000000e+00;3.2951105e-02;7.5000000e+00;5.0294053e-02;7.5000000e+00;7.0645921e-02;7.5000000e+00;9.4838567e-02;7.5000000e+00;1.2083967e-01;7.5000000e+00;1.4976040e-01;7.5000000e+00;1.7496076e-01;7.5000000e+00;1.9828892e-01;7.5000000e+00;2.1637598e-01;7.5000000e+00;2.2477067e-01;7.5000000e+00;2.1038502e-01;7.5000000e+00;1.7746976e-01;7.5000000e+00;1.3308682e-01;7.5000000e+00;8.7275453e-02;7.5000000e+00;4.5206010e-02;7.5000000e+00;4.7393385e-03;7.5000000e+00;9.5373113e-03;7.5000000e+00;1.9056981e-02;7.5000000e+00;3.2951105e-02;7.5000000e+00;5.0294053e-02;7.5000000e+00;7.0645921e-02;7.5000000e+00;9.4838567e-02;7.5000000e+00;1.2083967e-01;7.5000000e+00;1.4976040e-01;7.5000000e+00;1.7496076e-01;7.5000000e+00;1.9828892e-01;7.5000000e+00;2.1637598e-01;7.5000000e+00;2.2477067e-01;7.5000000e+00;2.1038502e-01;7.5000000e+00;1.7746976e-01;7.5000000e+00;1.3308682e-01;7.5000000e+00;8.7275453e-02;7.5000000e+00;4.5206010e-02;7.5000000e+00;4.7393385e-03;7.5000000e+00;9.5373113e-03;7.5000000e+00;1.9056981e-02;7.5000000e+00;3.2951105e-02;7.5000000e+00;5.0294053e-02;7.5000000e+00;7.0645921e-02;7.5000000e+00;9.4838567e-02;7.5000000e+00;1.2083967e-01;7.5000000e+00;1.4976040e-01;7.5000000e+00;1.7496076e-01;7.5000000e+00;1.9828892e-01;7.5000000e+00;2.1637598e-01;7.5000000e+00;2.2477067e-01;7.5000000e+00;2.1038502e-01;7.5000000e+00;1.7746976e-01;7.5000000e+00;1.3308682e-01;7.5000000e+00;8.7275453e-02;7.5000000e+00;4.5206010e-02;7.5000000e+00;4.7393385e-03;7.5000000e+00;9.5373113e-03;7.5000000e+00;1.9056981e-02;7.5000000e+00;3.2951105e-02;7.5000000e+00;5.0294053e-02;7.5000000e+00;7.0645921e-02;7.5000000e+00;9.4838567e-02;7.5000000e+00;1.2083967e-01;7.5000000e+00;1.4976040e-01;7.5000000e+00;1.7496076e-01;7.5000000e+00;1.9828892e-01;7.5000000e+00;2.1637598e-01;7.5000000e+00;2.2477067e-01;7.5000000e+00;2.1038502e-01;7.5000000e+00;1.7746976e-01;7.5000000e+00;1.3308682e-01;7.5000000e+00;8.7275453e-02;7.5000000e+00;4.5206010e-02;7.5000000e+00;4.7393385e-03;7.5000000e+00;9.5373113e-03;7.5000000e+00;1.9056981e-02;7.5000000e+00;3.2951105e-02;7.5000000e+00;5.0294053e-02;7.5000000e+00;7.0645921e-02;7.5000000e+00;9.4838567e-02;7.5000000e+00;1.2083967e-01;7.5000000e+00;1.4976040e-01;7.5000000e+00;1.7496076e-01;7.5000000e+00;1.9828892e-01;7.5000000e+00;2.1637598e-01;7.5000000e+00;2.2477067e-01;7.5000000e+00;2.1038502e-01;7.5000000e+00;1.7746976e-01;7.5000000e+00;1.3308682e-01;7.5000000e+00;8.7275453e-02;7.5000000e+00;4.5206010e-02;7.5000000e+00;4.7393385e-03;7.5000000e+00;9.5373113e-03;7.5000000e+00;1.9056981e-02;7.5000000e+00;3.2951105e-02;7.5000000e+00;5.0294053e-02;7.5000000e+00;7.0645921e-02;7.5000000e+00;9.4838567e-02;7.5000000e+00;1.2083967e-01;7.5000000e+00;1.4976040e-01;7.5000000e+00;1.7496076e-01;7.5000000e+00;1.9828892e-01;7.5000000e+00;2.1637598e-01;7.5000000e+00;2.2477067e-01;7.5000000e+00;2.1038502e-01;7.5000000e+00;1.7746976e-01;7.5000000e+00;1.3308682e-01;7.5000000e+00;8.7275453e-02;7.5000000e+00;4.5206010e-02;7.5000000e+00;4.7393385e-03;7.5000000e+00;9.5373113e-03;7.5000000e+00;1.9056981e-02;7.5000000e+00;3.2951105e-02;7.5000000e+00;5.0294053e-02;7.5000000e+00;7.0645921e-02;7.5000000e+00;9.4838567e-02;7.5000000e+00;1.2083967e-01;7.5000000e+00;1.4976040e-01;7.5000000e+00;1.7496076e-01;7.5000000e+00;1.9828892e-01;7.5000000e+00;2.1637598e-01;7.5000000e+00;2.2477067e-01;7.5000000e+00;2.1038502e-01;7.5000000e+00;1.7746976e-01;7.5000000e+00;1.3308682e-01;7.5000000e+00;8.7275453e-02;7.5000000e+00;4.5206010e-02;7.5000000e+00;4.7393385e-03;7.5000000e+00;9.5373113e-03;7.5000000e+00;1.9056981e-02;7.5000000e+00;3.2951105e-02;7.5000000e+00;5.0294053e-02;7.5000000e+00;7.0645921e-02;7.5000000e+00;9.4838567e-02;7.5000000e+00;1.2083967e-01;7.5000000e+00;1.4976040e-01;7.5000000e+00;1.7496076e-01;7.5000000e+00;1.9828892e-01;7.5000000e+00;2.1637598e-01;7.5000000e+00;2.2477067e-01;7.5000000e+00;2.1038502e-01;7.5000000e+00;1.7746976e-01;7.5000000e+00;1.3308682e-01;7.5000000e+00;8.7275453e-02;7.5000000e+00;4.5206010e-02;7.5000000e+00;4.7393385e-03;7.5000000e+00;9.5373113e-03;7.5000000e+00;1.9056981e-02;7.5000000e+00;3.2951105e-02;7.5000000e+00;5.0294053e-02;7.5000000e+00;7.0645921e-02;7.5000000e+00;9.4838567e-02;7.5000000e+00;1.2083967e-01;7.5000000e+00;1.4976040e-01;7.5000000e+00;1.7496076e-01;7.5000000e+00;1.9828892e-01;7.5000000e+00;2.1637598e-01;7.5000000e+00;2.2477067e-01;7.5000000e+00;2.1038502e-01;7.5000000e+00;1.7746976e-01;7.5000000e+00;1.3308682e-01;7.5000000e+00;8.7275453e-02;7.5000000e+00;4.5206010e-02;7.5000000e+00;4.7393385e-03;7.5000000e+00;9.5373113e-03;7.5000000e+00;1.9056981e-02;7.5000000e+00;3.2951105e-02;7.5000000e+00;5.0294053e-02;7.5000000e+00;7.0645921e-02;7.5000000e+00;9.4838567e-02;7.5000000e+00;1.2083967e-01;7.5000000e+00;1.4976040e-01;7.5000000e+00;1.7496076e-01;7.5000000e+00;1.9828892e-01;7.5000000e+00;2.1637598e-01;7.5000000e+00;2.2477067e-01;7.5000000e+00;2.1038502e-01;7.5000000e+00;1.7746976e-01;7.5000000e+00;1.3308682e-01;7.5000000e+00;8.7275453e-02;7.5000000e+00;4.5206010e-02;7.5000000e+00;4.7393385e-03;7.5000000e+00;9.5373113e-03;7.5000000e+00;1.9056981e-02;7.5000000e+00;3.2951105e-02;7.5000000e+00;5.0294053e-02;7.5000000e+00;7.0645921e-02;7.5000000e+00;9.4838567e-02;7.5000000e+00;1.2083967e-01;7.5000000e+00;1.4976040e-01;7.5000000e+00;1.7496076e-01;7.5000000e+00;1.9828892e-01;7.5000000e+00;2.1637598e-01;7.5000000e+00;2.2477067e-01;7.5000000e+00;2.1038502e-01;7.5000000e+00;1.7746976e-01;7.5000000e+00;1.3308682e-01;7.5000000e+00;8.7275453e-02;7.5000000e+00;4.5206010e-02;7.5000000e+00;4.7393385e-03;7.5000000e+00;9.5373113e-03;7.5000000e+00;1.9056981e-02;7.5000000e+00;3.2951105e-02;7.5000000e+00;5.0294053e-02;7.5000000e+00;7.0645921e-02;7.5000000e+00;9.4838567e-02;7.5000000e+00;1.2083967e-01;7.5000000e+00;1.4976040e-01;7.5000000e+00;1.7496076e-01;7.5000000e+00;1.9828892e-01;7.5000000e+00;2.1637598e-01;7.5000000e+00;2.2477067e-01;7.5000000e+00;2.1038502e-01;7.5000000e+00;1.7746976e-01;7.5000000e+00;1.3308682e-01;7.5000000e+00;8.7275453e-02;7.5000000e+00;4.5206010e-02;7.5000000e+00;4.7393385e-03;7.5000000e+00;9.5373113e-03;7.5000000e+00;1.9056981e-02;7.5000000e+00;3.2951105e-02;7.5000000e+00;5.0294053e-02;7.5000000e+00;7.0645921e-02;7.5000000e+00;9.4838567e-02;7.5000000e+00;1.2083967e-01;7.5000000e+00;1.4976040e-01;7.5000000e+00;1.7496076e-01;7.5000000e+00;1.9828892e-01;7.5000000e+00;2.1637598e-01;7.5000000e+00;2.2477067e-01;7.5000000e+00;2.1038502e-01;7.5000000e+00;1.7746976e-01;7.5000000e+00;1.3308682e-01;7.5000000e+00;8.7275453e-02;7.5000000e+00;4.5206010e-02;7.5000000e+00;4.7393385e-03;7.5000000e+00;9.5373113e-03;7.5000000e+00;1.9056981e-02;7.5000000e+00;3.2951105e-02;7.5000000e+00;5.0294053e-02;7.5000000e+00;7.0645921e-02;7.5000000e+00;9.4838567e-02;7.5000000e+00;1.2083967e-01;7.5000000e+00;1.4976040e-01;7.5000000e+00;1.7496076e-01;7.5000000e+00;1.9828892e-01;7.5000000e+00;2.1637598e-01;7.5000000e+00;2.2477067e-01;7.5000000e+00;2.1038502e-01;7.5000000e+00;1.7746976e-01;7.5000000e+00;1.3308682e-01;7.5000000e+00;8.7275453e-02;7.5000000e+00;4.5206010e-02;7.5000000e+00;4.7393385e-03;7.5000000e+00;9.5373113e-03;7.5000000e+00;1.9056981e-02;7.5000000e+00;3.2951105e-02;7.5000000e+00;5.0294053e-02;7.5000000e+00;7.0645921e-02;7.5000000e+00;9.4838567e-02;7.5000000e+00;1.2083967e-01;7.5000000e+00;1.4976040e-01;7.5000000e+00;1.7496076e-01;7.5000000e+00;1.9828892e-01;7.5000000e+00;2.1637598e-01;7.5000000e+00;2.2477067e-01;7.5000000e+00;2.1038502e-01;7.5000000e+00;1.7746976e-01;7.5000000e+00;1.3308682e-01;7.5000000e+00;8.7275453e-02;7.5000000e+00;4.5206010e-02;7.5000000e+00;4.7393385e-03;7.5000000e+00;9.5373113e-03;7.5000000e+00;1.9056981e-02;7.5000000e+00;3.2951105e-02;7.5000000e+00;5.0294053e-02;7.5000000e+00;7.0645921e-02;7.5000000e+00;9.4838567e-02;7.5000000e+00;1.2083967e-01;7.5000000e+00;1.4976040e-01;7.5000000e+00;1.7496076e-01;7.5000000e+00;1.9828892e-01;7.5000000e+00;2.1637598e-01;7.5000000e+00;2.2477067e-01;7.5000000e+00;2.1038502e-01;7.5000000e+00;1.7746976e-01;7.5000000e+00;1.3308682e-01;7.5000000e+00;8.7275453e-02;7.5000000e+00;4.5206010e-02;7.5000000e+00;4.7393385e-03;7.5000000e+00;9.5373113e-03;7.5000000e+00;1.9056981e-02;7.5000000e+00;3.2951105e-02;7.5000000e+00;5.0294053e-02;7.5000000e+00;7.0645921e-02;7.5000000e+00;9.4838567e-02;7.5000000e+00;1.2083967e-01;7.5000000e+00;1.4976040e-01;7.5000000e+00;1.7496076e-01;7.5000000e+00;1.9828892e-01;7.5000000e+00;2.1637598e-01;7.5000000e+00;2.2477067e-01;7.5000000e+00;2.1038502e-01;7.5000000e+00;1.7746976e-01;7.5000000e+00;1.3308682e-01;7.5000000e+00;8.7275453e-02;7.5000000e+00;4.5206010e-02;7.5000000e+00;4.7393385e-03;7.5000000e+00;9.5373113e-03;7.5000000e+00;1.9056981e-02;7.5000000e+00;3.2951105e-02;7.5000000e+00;5.0294053e-02;7.5000000e+00;7.0645921e-02;7.5000000e+00;9.4838567e-02;7.5000000e+00;1.2083967e-01;7.5000000e+00;1.4976040e-01;7.5000000e+00;1.7496076e-01;7.5000000e+00;1.9828892e-01;7.5000000e+00;2.1637598e-01;7.5000000e+00;2.2477067e-01;7.5000000e+00;2.1038502e-01;7.5000000e+00;1.7746976e-01;7.5000000e+00;1.3308682e-01;7.5000000e+00;8.7275453e-02;7.5000000e+00;4.5206010e-02;7.5000000e+00;4.7393385e-03;7.5000000e+00;9.5373113e-03;7.5000000e+00;1.9056981e-02;7.5000000e+00;3.2951105e-02;7.5000000e+00;5.0294053e-02;7.5000000e+00;7.0645921e-02;7.5000000e+00;9.4838567e-02;7.5000000e+00;1.2083967e-01;7.5000000e+00;1.4976040e-01;7.5000000e+00;1.7496076e-01;7.5000000e+00;1.9828892e-01;7.5000000e+00;2.1637598e-01;7.5000000e+00;2.2477067e-01;7.5000000e+00;2.1038502e-01;7.5000000e+00;1.7746976e-01;7.5000000e+00;1.3308682e-01;7.5000000e+00;8.7275453e-02;7.5000000e+00;4.5206010e-02;7.5000000e+00;4.7393385e-03;7.5000000e+00;9.5373113e-03;7.5000000e+00;1.9056981e-02;7.5000000e+00;3.2951105e-02;7.5000000e+00;5.0294053e-02;7.5000000e+00;7.0645921e-02;7.5000000e+00;9.4838567e-02;7.5000000e+00;1.2083967e-01;7.5000000e+00;1.4976040e-01;7.5000000e+00;1.7496076e-01;7.5000000e+00;1.9828892e-01;7.5000000e+00;2.1637598e-01;7.5000000e+00;2.2477067e-01;7.5000000e+00;2.1038502e-01;7.5000000e+00;1.7746976e-01;7.5000000e+00;1.3308682e-01;7.5000000e+00;8.7275453e-02;7.5000000e+00;4.5206010e-02;7.5000000e+00;4.7393385e-03;7.5000000e+00;9.5373113e-03;7.5000000e+00;1.9056981e-02;7.5000000e+00;3.2951105e-02;7.5000000e+00;5.0294053e-02;7.5000000e+00;7.0645921e-02;7.5000000e+00;9.4838567e-02;7.5000000e+00;1.2083967e-01;7.5000000e+00;1.4976040e-01;7.5000000e+00;1.7496076e-01;7.5000000e+00;1.9828892e-01;7.5000000e+00;2.1637598e-01;7.5000000e+00;2.2477067e-01;7.5000000e+00;2.1038502e-01;7.5000000e+00;1.7746976e-01;7.5000000e+00;1.3308682e-01;7.5000000e+00;8.7275453e-02;7.5000000e+00;4.5206010e-02;7.5000000e+00;4.7393385e-03;7.5000000e+00;9.5373113e-03;7.5000000e+00;1.9056981e-02;7.5000000e+00;3.2951105e-02;7.5000000e+00;5.0294053e-02;7.5000000e+00;7.0645921e-02;7.5000000e+00;9.4838567e-02;7.5000000e+00;1.2083967e-01;7.5000000e+00;1.4976040e-01;7.5000000e+00;1.7496076e-01;7.5000000e+00;1.9828892e-01;7.5000000e+00;2.1637598e-01;7.5000000e+00;2.2477067e-01;7.5000000e+00;2.1038502e-01;7.5000000e+00;1.7746976e-01;7.5000000e+00;1.3308682e-01;7.5000000e+00;8.7275453e-02;7.5000000e+00;4.5206010e-02;7.5000000e+00;4.7393385e-03;7.5000000e+00;9.5373113e-03;7.5000000e+00;1.9056981e-02;7.5000000e+00;3.2951105e-02;7.5000000e+00;5.0294053e-02;7.5000000e+00;7.0645921e-02;7.5000000e+00;9.4838567e-02;7.5000000e+00;1.2083967e-01;7.5000000e+00;1.4976040e-01;7.5000000e+00;1.7496076e-01;7.5000000e+00;1.9828892e-01;7.5000000e+00;2.1637598e-01;7.5000000e+00;2.2477067e-01;7.5000000e+00;2.1038502e-01;7.5000000e+00;1.7746976e-01;7.5000000e+00;1.3308682e-01;7.5000000e+00;8.7275453e-02;7.5000000e+00;4.5206010e-02;7.5000000e+00;4.7393385e-03;7.5000000e+00;9.5373113e-03;7.5000000e+00;1.9056981e-02;7.5000000e+00;3.2951105e-02;7.5000000e+00;5.0294053e-02;7.5000000e+00;7.0645921e-02;7.5000000e+00;9.4838567e-02;7.5000000e+00;1.2083967e-01;7.5000000e+00;1.4976040e-01;7.5000000e+00;1.7496076e-01;7.5000000e+00;1.9828892e-01;7.5000000e+00;2.1637598e-01;7.5000000e+00;2.2477067e-01;7.5000000e+00;2.1038502e-01;7.5000000e+00;1.7746976e-01;7.5000000e+00;1.3308682e-01;7.5000000e+00;8.7275453e-02;7.5000000e+00;4.5206010e-02;7.5000000e+00;4.7393385e-03;7.5000000e+00;9.5373113e-03;7.5000000e+00;1.9056981e-02;7.5000000e+00;3.2951105e-02;7.5000000e+00;5.0294053e-02;7.5000000e+00;7.0645921e-02;7.5000000e+00;9.4838567e-02;7.5000000e+00;1.2083967e-01;7.5000000e+00;1.4976040e-01;7.5000000e+00;1.7496076e-01;7.5000000e+00;1.9828892e-01;7.5000000e+00;2.1637598e-01;7.5000000e+00;2.2477067e-01;7.5000000e+00;2.1038502e-01;7.5000000e+00;1.7746976e-01;7.5000000e+00;1.3308682e-01;7.5000000e+00;8.7275453e-02;7.5000000e+00;4.5206010e-02;7.5000000e+00;4.7393385e-03;7.5000000e+00;9.5373113e-03;7.5000000e+00;1.9056981e-02;7.5000000e+00;3.2951105e-02;7.5000000e+00;5.0294053e-02;7.5000000e+00;7.0645921e-02;7.5000000e+00;9.4838567e-02;7.5000000e+00;1.2083967e-01;7.5000000e+00;1.4976040e-01;7.5000000e+00;1.7496076e-01;7.5000000e+00;1.9828892e-01;7.5000000e+00;2.1637598e-01;7.5000000e+00;2.2477067e-01;7.5000000e+00;2.1038502e-01;7.5000000e+00;1.7746976e-01;7.5000000e+00;1.3308682e-01;7.5000000e+00;8.7275453e-02;7.5000000e+00;4.5206010e-02;7.5000000e+00;4.7393385e-03;7.5000000e+00;9.5373113e-03;7.5000000e+00;1.9056981e-02;7.5000000e+00;3.2951105e-02;7.5000000e+00;5.0294053e-02;7.5000000e+00;7.0645921e-02;7.5000000e+00;9.4838567e-02;7.5000000e+00;1.2083967e-01;7.5000000e+00;1.4976040e-01;7.5000000e+00;1.7496076e-01;7.5000000e+00;1.9828892e-01;7.5000000e+00;2.1637598e-01;7.5000000e+00;2.2477067e-01;7.5000000e+00;2.1038502e-01;7.5000000e+00;1.7746976e-01;7.5000000e+00;1.3308682e-01;7.5000000e+00;8.7275453e-02;7.5000000e+00;4.5206010e-02;7.5000000e+00;4.7393385e-03;7.5000000e+00;9.5373113e-03;7.5000000e+00;1.9056981e-02;7.5000000e+00;3.2951105e-02;7.5000000e+00;5.0294053e-02;7.5000000e+00;7.0645921e-02;7.5000000e+00;9.4838567e-02;7.5000000e+00;1.2083967e-01;7.5000000e+00;1.4976040e-01;7.5000000e+00;1.7496076e-01;7.5000000e+00;1.9828892e-01;7.5000000e+00;2.1637598e-01;7.5000000e+00;2.2477067e-01;7.5000000e+00;2.1038502e-01;7.5000000e+00;1.7746976e-01;7.5000000e+00;1.3308682e-01;7.5000000e+00;8.7275453e-02;7.5000000e+00;4.5206010e-02;7.5000000e+00;4.7393385e-03;7.5000000e+00;9.5373113e-03;7.5000000e+00;1.9056981e-02;7.5000000e+00;3.2951105e-02;7.5000000e+00;5.0294053e-02;7.5000000e+00;7.0645921e-02;7.5000000e+00;9.4838567e-02;7.5000000e+00;1.2083967e-01;7.5000000e+00;1.4976040e-01;7.5000000e+00;1.7496076e-01;7.5000000e+00;1.9828892e-01;7.5000000e+00;2.1637598e-01;7.5000000e+00;2.2477067e-01;7.5000000e+00;2.1038502e-01;7.5000000e+00;1.7746976e-01;7.5000000e+00;1.3308682e-01;7.5000000e+00;8.7275453e-02;7.5000000e+00;4.5206010e-02;7.5000000e+00;4.7393385e-03;7.5000000e+00;9.5373113e-03;7.5000000e+00;1.9056981e-02;7.5000000e+00;3.2951105e-02;7.5000000e+00;5.0294053e-02;7.5000000e+00;7.0645921e-02;7.5000000e+00;9.4838567e-02;7.5000000e+00;1.2083967e-01;7.5000000e+00;1.4976040e-01;7.5000000e+00;1.7496076e-01;7.5000000e+00;1.9828892e-01;7.5000000e+00;2.1637598e-01;7.5000000e+00;2.2477067e-01;7.5000000e+00;2.1038502e-01;7.5000000e+00;1.7746976e-01;7.5000000e+00;1.3308682e-01;7.5000000e+00;8.7275453e-02;7.5000000e+00;4.5206010e-02;7.5000000e+00;4.7393385e-03;7.5000000e+00;9.5373113e-03;7.5000000e+00;1.9056981e-02;7.5000000e+00;3.2951105e-02;7.5000000e+00;5.0294053e-02;7.5000000e+00;7.0645921e-02;7.5000000e+00;9.4838567e-02;7.5000000e+00;1.2083967e-01;7.5000000e+00;1.4976040e-01;7.5000000e+00;1.7496076e-01;7.5000000e+00;1.9828892e-01;7.5000000e+00;2.1637598e-01;7.5000000e+00;2.2477067e-01;7.5000000e+00;2.1038502e-01;7.5000000e+00;1.7746976e-01;7.5000000e+00;1.3308682e-01;7.5000000e+00;8.7275453e-02;7.5000000e+00;4.5206010e-02;7.5000000e+00;4.7393385e-03;7.5000000e+00;9.5373113e-03;7.5000000e+00;1.9056981e-02;7.5000000e+00;3.2951105e-02;7.5000000e+00;5.0294053e-02;7.5000000e+00;7.0645921e-02;7.5000000e+00;9.4838567e-02;7.5000000e+00;1.2083967e-01;7.5000000e+00;1.4976040e-01;7.5000000e+00;1.7496076e-01;7.5000000e+00;1.9828892e-01;7.5000000e+00;2.1637598e-01;7.5000000e+00;2.2477067e-01;7.5000000e+00;2.1038502e-01;7.5000000e+00;1.7746976e-01;7.5000000e+00;1.3308682e-01;7.5000000e+00;8.7275453e-02;7.5000000e+00;4.5206010e-02;7.5000000e+00;4.7393385e-03;7.5000000e+00;9.5373113e-03;7.5000000e+00;1.9056981e-02;7.5000000e+00;3.2951105e-02;7.5000000e+00;5.0294053e-02;7.5000000e+00;7.0645921e-02;7.5000000e+00;9.4838567e-02;7.5000000e+00;1.2083967e-01;7.5000000e+00;1.4976040e-01;7.5000000e+00;1.7496076e-01;7.5000000e+00;1.9828892e-01;7.5000000e+00;2.1637598e-01;7.5000000e+00;2.2477067e-01;7.5000000e+00;2.1038502e-01;7.5000000e+00;1.7746976e-01;7.5000000e+00;1.3308682e-01;7.5000000e+00;8.7275453e-02;7.5000000e+00;4.5206010e-02;7.5000000e+00;4.7393385e-03;7.5000000e+00;9.5373113e-03;7.5000000e+00;1.9056981e-02;7.5000000e+00;3.2951105e-02;7.5000000e+00;5.0294053e-02;7.5000000e+00;7.0645921e-02;7.5000000e+00;9.4838567e-02;7.5000000e+00;1.2083967e-01;7.5000000e+00;1.4976040e-01;7.5000000e+00;1.7496076e-01;7.5000000e+00;1.9828892e-01;7.5000000e+00;2.1637598e-01;7.5000000e+00;2.2477067e-01;7.5000000e+00;2.1038502e-01;7.5000000e+00;1.7746976e-01;7.5000000e+00;1.3308682e-01;7.5000000e+00;8.7275453e-02;7.5000000e+00;4.5206010e-02;7.5000000e+00;4.7393385e-03;7.5000000e+00;9.5373113e-03;7.5000000e+00;1.9056981e-02;7.5000000e+00;3.2951105e-02;7.5000000e+00;5.0294053e-02;7.5000000e+00;7.0645921e-02;7.5000000e+00;9.4838567e-02;7.5000000e+00;1.2083967e-01;7.5000000e+00;1.4976040e-01;7.5000000e+00;1.7496076e-01;7.5000000e+00;1.9828892e-01;7.5000000e+00;2.1637598e-01;7.5000000e+00;2.2477067e-01;7.5000000e+00;2.1038502e-01;7.5000000e+00;1.7746976e-01;7.5000000e+00;1.3308682e-01;7.5000000e+00;8.7275453e-02;7.5000000e+00;4.5206010e-02;7.5000000e+00;4.7393385e-03;7.5000000e+00;9.5373113e-03;7.5000000e+00;1.9056981e-02;7.5000000e+00;3.2951105e-02;7.5000000e+00;5.0294053e-02;7.5000000e+00;7.0645921e-02;7.5000000e+00;9.4838567e-02;7.5000000e+00;1.2083967e-01;7.5000000e+00;1.4976040e-01;7.5000000e+00;1.7496076e-01;7.5000000e+00;1.9828892e-01;7.5000000e+00;2.1637598e-01;7.5000000e+00;2.2477067e-01;7.5000000e+00;2.1038502e-01;7.5000000e+00;1.7746976e-01;7.5000000e+00;1.3308682e-01;7.5000000e+00;8.7275453e-02;7.5000000e+00;4.5206010e-02
1.2500000e+01;-1.1431025e-03;1.2500000e+01;3.9875377e-03;1.2500000e+01;1.5574015e-02;1.2500000e+01;3.1178795e-02;1.2500000e+01;4.9807936e-02;1.2500000e+01;7.1403585e-02;1.2500000e+01;9.6536770e-02;1.2500000e+01;1.2586504e-01;1.2500000e+01;1.5815929e-01;1.2500000e+01;1.8380192e-01;1.2500000e+01;2.0499560e-01;1.2500000e+01;2.1797889e-01;1.2500000e+01;2.2208175e-01;1.2500000e+01;2.0604928e-01;1.2500000e+01;1.7283088e-01;1.2500000e+01;1.2959048e-01;1.2500000e+01;8.4941611e-02;1.2500000e+01;4.3693483e-02;1.2500000e+01;-1.1431025e-03;1.2500000e+01;3.9875377e-03;1.2500000e+01;1.5574015e-02;1.2500000e+01;3.1178795e-02;1.2500000e+01;4.9807936e-02;1.2500000e+01;7.1403585e-02;1.2500000e+01;9.6536770e-02;1.2500000e+01;1.2586504e-01;1.2500000e+01;1.5815929e-01;1.2500000e+01;1.8380192e-01;1.2500000e+01;2.0499560e-01;1.2500000e+01;2.1797889e-01;1.2500000e+01;2.2208175e-01;1.2500000e+01;2.0604928e-01;1.2500000e+01;1.7283088e-01;1.2500000e+01;1.2959048e-01;1.2500000e+01;8.4941611e-02;1.2500000e+01;4.3693483e-02;1.2500000e+01;-1.1431025e-03;1.2500000e+01;3.9875377e-03;1.2500000e+01;1.5574015e-02;1.2500000e+01;3.1178795e-02;1.2500000e+01;4.9807936e-02;1.2500000e+01;7.1403585e-02;1.2500000e+01;9.6536770e-02;1.2500000e+01;1.2586504e-01;1.2500000e+01;1.5815929e-01;1.2500000e+01;1.8380192e-01;1.2500000e+01;2.0499560e-01;1.2500000e+01;2.1797889e-01;1.2500000e+01;2.2208175e-01;1.2500000e+01;2.0604928e-01;1.2500000e+01;1.7283088e-01;1.2500000e+01;1.2959048e-01;1.2500000e+01;8.4941611e-02;1.2500000e+01;4.3693483e-02;1.2500000e+01;-1.1431025e-03;1.2500000e+01;3.9875377e-03;1.2500000e+01;1.5574015e-02;1.2500000e+01;3.1178795e-02;1.2500000e+01;4.9807936e-02;1.2500000e+01;7.1403585e-02;1.2500000e+01;9.6536770e-02;1.2500000e+01;1.2586504e-01;1.2500000e+01;1.5815929e-01;1.2500000e+01;1.8380192e-01;1.2500000e+01;2.0499560e-01;1.2500000e+01;2.1797889e-01;1.2500000e+01;2.2208175e-01;1.2500000e+01;2.0604928e-01;1.2500000e+01;1.7283088e-01;1.2500000e+01;1.2959048e-01;1.2500000e+01;8.4941611e-02;1.2500000e+01;4.3693483e-02;1.2500000e+01;-1.1431025e-03;1.2500000e+01;3.9875377e-03;1.2500000e+01;1.5574015e-02;1.2500000e+01;3.1178795e-02;1.2500000e+01;4.9807936e-02;1.2500000e+01;7.1403585e-02;1.2500000e+01;9.6536770e-02;1.2500000e+01;1.2586504e-01;1.2500000e+01;1.5815929e-01;1.2500000e+01;1.8380192e-01;1.2500000e+01;2.0499560e-01;1.2500000e+01;2.1797889e-01;1.2500000e+01;2.2208175e-01;1.2500000e+01;2.0604928e-01;1.2500000e+01;1.7283088e-01;1.2500000e+01;1.2959048e-01;1.2500000e+01;8.4941611e-02;1.2500000e+01;4.3693483e-02;1.2500000e+01;-1.1431025e-03;1.2500000e+01;3.9875377e-03;1.2500000e+01;1.5574015e-02;1.2500000e+01;3.1178795e-02;1.2500000e+01;4.9807936e-02;1.2500000e+01;7.1403585e-02;1.2500000e+01;9.6536770e-02;1.2500000e+01;1.2586504e-01;1.2500000e+01;1.5815929e-01;1.2500000e+01;1.8380192e-01;1.2500000e+01;2.0499560e-01;1.2500000e+01;2.1797889e-01;1.2500000e+01;2.2208175e-01;1.2500000e+01;2.0604928e-01;1.2500000e+01;1.7283088e-01;1.2500000e+01;1.2959048e-01;1.2500000e+01;8.4941611e-02;1.2500000e+01;4.3693483e-02;1.2500000e+01;-1.1431025e-03;1.2500000e+01;3.9875377e-03;1.2500000e+01;1.5574015e-02;1.2500000e+01;3.1178795e-02;1.2500000e+01;4.9807936e-02;1.2500000e+01;7.1403585e-02;1.2500000e+01;9.6536770e-02;1.2500000e+01;1.2586504e-01;1.2500000e+01;1.5815929e-01;1.2500000e+01;1.8380192e-01;1.2500000e+01;2.0499560e-01;1.2500000e+01;2.1797889e-01;1.2500000e+01;2.2208175e-01;1.2500000e+01;2.0604928e-01;1.2500000e+01;1.7283088e-01;1.2500000e+01;1.2959048e-01;1.2500000e+01;8.4941611e-02;1.2500000e+01;4.3693483e-02;1.2500000e+01;-1.1431025e-03;1.2500000e+01;3.9875377e-03;1.2500000e+01;1.5574015e-02;1.2500000e+01;3.1178795e-02;1.2500000e+01;4.9807936e-02;1.2500000e+01;7.1403585e-02;1.2500000e+01;9.6536770e-02;1.2500000e+01;1.2586504e-01;1.2500000e+01;1.5815929e-01;1.2500000e+01;1.8380192e-01;1.2500000e+01;2.0499560e-01;1.2500000e+01;2.1797889e-01;1.2500000e+01;2.2208175e-01;1.2500000e+01;2.0604928e-01;1.2500000e+01;1.7283088e-01;1.2500000e+01;1.2959048e-01;1.2500000e+01;8.4941611e-02;1.2500000e+01;4.3693483e-02;1.2500000e+01;-1.1431025e-03;1.2500000e+01;3.9875377e-03;1.2500000e+01;1.5574015e-02;1.2500000e+01;3.1178795e-02;1.2500000e+01;4.9807936e-02;1.2500000e+01;7.1403585e-02;1.2500000e+01;9.6536770e-02;1.2500000e+01;1.2586504e-01;1.2500000e+01;1.5815929e-01;1.2500000e+01;1.8380192e-01;1.2500000e+01;2.0499560e-01;1.2500000e+01;2.1797889e-01;1.2500000e+01;2.2208175e-01;1.2500000e+01;2.0604928e-01;1.2500000e+01;1.7283088e-01;1.2500000e+01;1.2959048e-01;1.2500000e+01;8.4941611e-02;1.2500000e+01;4.3693483e-02;1.2500000e+01;-1.1431025e-03;1.2500000e+01;3.9875377e-03;1.2500000e+01;1.5574015e-02;1.2500000e+01;3.1178795e-02;1.2500000e+01;4.9807936e-02;1.2500000e+01;7.1403585e-02;1.2500000e+01;9.6536770e-02;1.2500000e+01;1.2586504e-01;1.2500000e+01;1.5815929e-01;1.2500000e+01;1.8380192e-01;1.2500000e+01;2.0499560e-01;1.2500000e+01;2.1797889e-01;1.2500000e+01;2.2208175e-01;1.2500000e+01;2.0604928e-01;1.2500000e+01;1.7283088e-01;1.2500000e+01;1.2959048e-01;1.2500000e+01;8.4941611e-02;1.2500000e+01;4.3693483e-02;1.2500000e+01;-1.1431025e-03;1.2500000e+01;3.9875377e-03;1.2500000e+01;1.5574015e-02;1.2500000e+01;3.1178795e-02;1.2500000e+01;4.9807936e-02;1.2500000e+01;7.1403585e-02;1.2500000e+01;9.6536770e-02;1.2500000e+01;1.2586504e-01;1.2500000e+01;1.5815929e-01;1.2500000e+01;1.8380192e-01;1.2500000e+01;2.0499560e-01;1.2500000e+01;2.1797889e-01;1.2500000e+01;2.2208175e-01;1.2500000e+01;2.0604928e-01;1.2500000e+01;1.7283088e-01;1.2500000e+01;1.2959048e-01;1.2500000e+01;8.4941611e-02;1.2500000e+01;4.3693483e-02;1.2500000e+01;-1.1431025e-03;1.2500000e+01;3.9875377e-03;1.2500000e+01;1.5574015e-02;1.2500000e+01;3.1178795e-02;1.2500000e+01;4.9807936e-02;1.2500000e+01;7.1403585e-02;1.2500000e+01;9.6536770e-02;1.2500000e+01;1.2586504e-01;1.2500000e+01;1.5815929e-01;1.2500000e+01;1.8380192e-01;1.2500000e+01;2.0499560e-01;1.2500000e+01;2.1797889e-01;1.2500000e+01;2.2208175e-01;1.2500000e+01;2.0604928e-01;1.2500000e+01;1.7283088e-01;1.2500000e+01;1.2959048e-01;1.2500000e+01;8.4941611e-02;1.2500000e+01;4.3693483e-02;1.2500000e+01;-1.1431025e-03;1.2500000e+01;3.9875377e-03;1.2500000e+01;1.5574015e-02;1.2500000e+01;3.1178795e-02;1.2500000e+01;4.9807936e-02;1.2500000e+01;7.1403585e-02;1.2500000e+01;9.6536770e-02;1.2500000e+01;1.2586504e-01;1.2500000e+01;1.5815929e-01;1.2500000e+01;1.8380192e-01;1.2500000e+01;2.0499560e-01;1.2500000e+01;2.1797889e-01;1.2500000e+01;2.2208175e-01;1.2500000e+01;2.0604928e-01;1.2500000e+01;1.7283088e-01;1.2500000e+01;1.2959048e-01;1.2500000e+01;8.4941611e-02;1.2500000e+01;4.3693483e-02;1.2500000e+01;-1.1431025e-03;1.2500000e+01;3.9875377e-03;1.2500000e+01;1.5574015e-02;1.2500000e+01;3.1178795e-02;1.2500000e+01;4.9807936e-02;1.2500000e+01;7.1403585e-02;1.2500000e+01;9.6536770e-02;1.2500000e+01;1.2586504e-01;1.2500000e+01;1.5815929e-01;1.2500000e+01;1.8380192e-01;1.2500000e+01;2.0499560e-01;1.2500000e+01;2.1797889e-01;1.2500000e+01;2.2208175e-01;1.2500000e+01;2.0604928e-01;1.2500000e+01;1.7283088e-01;1.2500000e+01;1.2959048e-01;1.2500000e+01;8.4941611e-02;1.2500000e+01;4.3693483e-02;1.2500000e+01;-1.1431025e-03;1.2500000e+01;3.9875377e-03;1.2500000e+01;1.5574015e-02;1.2500000e+01;3.1178795e-02;1.2500000e+01;4.9807936e-02;1.2500000e+01;7.1403585e-02;1.2500000e+01;9.6536770e-02;1.2500000e+01;1.2586504e-01;1.2500000e+01;1.5815929e-01;1.2500000e+01;1.8380192e-01;1.2500000e+01;2.0499560e-01;1.2500000e+01;2.1797889e-01;1.2500000e+01;2.2208175e-01;1.2500000e+01;2.0604928e-01;1.2500000e+01;1.7283088e-01;1.2500000e+01;1.2959048e-01;1.2500000e+01;8.4941611e-02;1.2500000e+01;4.3693483e-02;1.2500000e+01;-1.1431025e-03;1.2500000e+01;3.9875377e-03;1.2500000e+01;1.5574015e-02;1.2500000e+01;3.1178795e-02;1.2500000e+01;4.9807936e-02;1.2500000e+01;7.1403585e-02;1.2500000e+01;9.6536770e-02;1.2500000e+01;1.2586504e-01;1.2500000e+01;1.5815929e-01;1.2500000e+01;1.8380192e-01;1.2500000e+01;2.0499560e-01;1.2500000e+01;2.1797889e-01;1.2500000e+01;2.2208175e-01;1.2500000e+01;2.0604928e-01;1.2500000e+01;1.7283088e-01;1.2500000e+01;1.2959048e-01;1.2500000e+01;8.4941611e-02;1.2500000e+01;4.3693483e-02;1.2500000e+01;-1.1431025e-03;1.2500000e+01;3.9875377e-03;1.2500000e+01;1.5574015e-02;1.2500000e+01;3.1178795e-02;1.2500000e+01;4.9807936e-02;1.2500000e+01;7.1403585e-02;1.2500000e+01;9.6536770e-02;1.2500000e+01;1.2586504e-01;1.2500000e+01;1.5815929e-01;1.2500000e+01;1.8380192e-01;1.2500000e+01;2.0499560e-01;1.2500000e+01;2.1797889e-01;1.2500000e+01;2.2208175e-01;1.2500000e+01;2.0604928e-01;1.2500000e+01;1.7283088e-01;1.2500000e+01;1.2959048e-01;1.2500000e+01;8.4941611e-02;1.2500000e+01;4.3693483e-02;1.2500000e+01;-1.1431025e-03;1.2500000e+01;3.9875377e-03;1.2500000e+01;1.5574015e-02;1.2500000e+01;3.1178795e-02;1.2500000e+01;4.9807936e-02;1.2500000e+01;7.1403585e-02;1.2500000e+01;9.6536770e-02;1.2500000e+01;1.2586504e-01;1.2500000e+01;1.5815929e-01;1.2500000e+01;1.8380192e-01;1.2500000e+01;2.0499560e-01;1.2500000e+01;2.1797889e-01;1.2500000e+01;2.2208175e-01;1.2500000e+01;2.0604928e-01;1.2500000e+01;1.7283088e-01;1.2500000e+01;1.2959048e-01;1.2500000e+01;8.4941611e-02;1.2500000e+01;4.3693483e-02;1.2500000e+01;-1.1431025e-03;1.2500000e+01;3.9875377e-03;1.2500000e+01;1.5574015e-02;1.2500000e+01;3.1178795e-02;1.2500000e+01;4.9807936e-02;1.2500000e+01;7.1403585e-02;1.2500000e+01;9.6536770e-02;1.2500000e+01;1.2586504e-01;1.2500000e+01;1.5815929e-01;1.2500000e+01;1.8380192e-01;1.2500000e+01;2.0499560e-01;1.2500000e+01;2.1797889e-01;1.2500000e+01;2.2208175e-01;1.2500000e+01;2.0604928e-01;1.2500000e+01;1.7283088e-01;1.2500000e+01;1.2959048e-01;1.2500000e+01;8.4941611e-02;1.2500000e+01;4.3693483e-02;1.2500000e+01;-1.1431025e-03;1.2500000e+01;3.9875377e-03;1.2500000e+01;1.5574015e-02;1.2500000e+01;3.1178795e-02;1.2500000e+01;4.9807936e-02;1.2500000e+01;7.1403585e-02;1.2500000e+01;9.6536770e-02;1.2500000e+01;1.2586504e-01;1.2500000e+01;1.5815929e-01;1.2500000e+01;1.8380192e-01;1.2500000e+01;2.0499560e-01;1.2500000e+01;2.1797889e-01;1.2500000e+01;2.2208175e-01;1.2500000e+01;2.0604928e-01;1.2500000e+01;1.7283088e-01;1.2500000e+01;1.2959048e-01;1.2500000e+01;8.4941611e-02;1.2500000e+01;4.3693483e-02;1.2500000e+01;-1.1431025e-03;1.2500000e+01;3.9875377e-03;1.2500000e+01;1.5574015e-02;1.2500000e+01;3.1178795e-02;1.2500000e+01;4.9807936e-02;1.2500000e+01;7.1403585e-02;1.2500000e+01;9.6536770e-02;1.2500000e+01;1.2586504e-01;1.2500000e+01;1.5815929e-01;1.2500000e+01;1.8380192e-01;1.2500000e+01;2.0499560e-01;1.2500000e+01;2.1797889e-01;1.2500000e+01;2.2208175e-01;1.2500000e+01;2.0604928e-01;1.2500000e+01;1.7283088e-01;1.2500000e+01;1.2959048e-01;1.2500000e+01;8.4941611e-02;1.2500000e+01;4.3693483e-02;1.2500000e+01;-1.1431025e-03;1.2500000e+01;3.9875377e-03;1.2500000e+01;1.5574015e-02;1.2500000e+01;3.1178795e-02;1.2500000e+01;4.9807936e-02;1.2500000e+01;7.1403585e-02;1.2500000e+01;9.6536770e-02;1.2500000e+01;1.2586504e-01;1.2500000e+01;1.5815929e-01;1.2500000e+01;1.8380192e-01;1.2500000e+01;2.0499560e-01;1.2500000e+01;2.1797889e-01;1.2500000e+01;2.2208175e-01;1.2500000e+01;2.0604928e-01;1.2500000e+01;1.7283088e-01;1.2500000e+01;1.2959048e-01;1.2500000e+01;8.4941611e-02;1.2500000e+01;4.3693483e-02;1.2500000e+01;-1.1431025e-03;1.2500000e+01;3.9875377e-03;1.2500000e+01;1.5574015e-02;1.2500000e+01;3.1178795e-02;1.2500000e+01;4.9807936e-02;1.2500000e+01;7.1403585e-02;1.2500000e+01;9.6536770e-02;1.2500000e+01;1.2586504e-01;1.2500000e+01;1.5815929e-01;1.2500000e+01;1.8380192e-01;1.2500000e+01;2.0499560e-01;1.2500000e+01;2.1797889e-01;1.2500000e+01;2.2208175e-01;1.2500000e+01;2.0604928e-01;1.2500000e+01;1.7283088e-01;1.2500000e+01;1.2959048e-01;1.2500000e+01;8.4941611e-02;1.2500000e+01;4.3693483e-02;1.2500000e+01;-1.1431025e-03;1.2500000e+01;3.9875377e-03;1.2500000e+01;1.5574015e-02;1.2500000e+01;3.1178795e-02;1.2500000e+01;4.9807936e-02;1.2500000e+01;7.1403585e-02;1.2500000e+01;9.6536770e-02;1.2500000e+01;1.2586504e-01;1.2500000e+01;1.5815929e-01;1.2500000e+01;1.8380192e-01;1.2500000e+01;2.0499560e-01;1.2500000e+01;2.1797889e-01;1.2500000e+01;2.2208175e-01;1.2500000e+01;2.0604928e-01;1.2500000e+01;1.7283088e-01;1.2500000e+01;1.2959048e-01;1.2500000e+01;8.4941611e-02;1.2500000e+01;4.3693483e-02;1.2500000e+01;-1.1431025e-03;1.2500000e+01;3.9875377e-03;1.2500000e+01;1.5574015e-02;1.2500000e+01;3.1178795e-02;1.2500000e+01;4.9807936e-02;1.2500000e+01;7.1403585e-02;1.2500000e+01;9.6536770e-02;1.2500000e+01;1.2586504e-01;1.2500000e+01;1.5815929e-01;1.2500000e+01;1.8380192e-01;1.2500000e+01;2.0499560e-01;1.2500000e+01;2.1797889e-01;1.2500000e+01;2.2208175e-01;1.2500000e+01;2.0604928e-01;1.2500000e+01;1.7283088e-01;1.2500000e+01;1.2959048e-01;1.2500000e+01;8.4941611e-02;1.2500000e+01;4.3693483e-02;1.2500000e+01;-1.1431025e-03;1.2500000e+01;3.9875377e-03;1.2500000e+01;1.5574015e-02;1.2500000e+01;3.1178795e-02;1.2500000e+01;4.9807936e-02;1.2500000e+01;7.1403585e-02;1.2500000e+01;9.6536770e-02;1.2500000e+01;1.2586504e-01;1.2500000e+01;1.5815929e-01;1.2500000e+01;1.8380192e-01;1.2500000e+01;2.0499560e-01;1.2500000e+01;2.1797889e-01;1.2500000e+01;2.2208175e-01;1.2500000e+01;2.0604928e-01;1.2500000e+01;1.7283088e-01;1.2500000e+01;1.2959048e-01;1.2500000e+01;8.4941611e-02;1.2500000e+01;4.3693483e-02;1.2500000e+01;-1.1431025e-03;1.2500000e+01;3.9875377e-03;1.2500000e+01;1.5574015e-02;1.2500000e+01;3.1178795e-02;1.2500000e+01;4.9807936e-02;1.2500000e+01;7.1403585e-02;1.2500000e+01;9.6536770e-02;1.2500000e+01;1.2586504e-01;1.2500000e+01;1.5815929e-01;1.2500000e+01;1.8380192e-01;1.2500000e+01;2.0499560e-01;1.2500000e+01;2.1797889e-01;1.2500000e+01;2.2208175e-01;1.2500000e+01;2.0604928e-01;1.2500000e+01;1.7283088e-01;1.2500000e+01;1.2959048e-01;1.2500000e+01;8.4941611e-02;1.2500000e+01;4.3693483e-02;1.2500000e+01;-1.1431025e-03;1.2500000e+01;3.9875377e-03;1.2500000e+01;1.5574015e-02;1.2500000e+01;3.1178795e-02;1.2500000e+01;4.9807936e-02;1.2500000e+01;7.1403585e-02;1.2500000e+01;9.6536770e-02;1.2500000e+01;1.2586504e-01;1.2500000e+01;1.5815929e-01;1.2500000e+01;1.8380192e-01;1.2500000e+01;2.0499560e-01;1.2500000e+01;2.1797889e-01;1.2500000e+01;2.2208175e-01;1.2500000e+01;2.0604928e-01;1.2500000e+01;1.7283088e-01;1.2500000e+01;1.2959048e-01;1.2500000e+01;8.4941611e-02;1.2500000e+01;4.3693483e-02;1.2500000e+01;-1.1431025e-03;1.2500000e+01;3.9875377e-03;1.2500000e+01;1.5574015e-02;1.2500000e+01;3.1178795e-02;1.2500000e+01;4.9807936e-02;1.2500000e+01;7.1403585e-02;1.2500000e+01;9.6536770e-02;1.2500000e+01;1.2586504e-01;1.2500000e+01;1.5815929e-01;1.2500000e+01;1.8380192e-01;1.2500000e+01;2.0499560e-01;1.2500000e+01;2.1797889e-01;1.2500000e+01;2.2208175e-01;1.2500000e+01;2.0604928e-01;1.2500000e+01;1.7283088e-01;1.2500000e+01;1.2959048e-01;1.2500000e+01;8.4941611e-02;1.2500000e+01;4.3693483e-02;1.2500000e+01;-1.1431025e-03;1.2500000e+01;3.9875377e-03;1.2500000e+01;1.5574015e-02;1.2500000e+01;3.1178795e-02;1.2500000e+01;4.9807936e-02;1.2500000e+01;7.1403585e-02;1.2500000e+01;9.6536770e-02;1.2500000e+01;1.2586504e-01;1.2500000e+01;1.5815929e-01;1.2500000e+01;1.8380192e-01;1.2500000e+01;2.0499560e-01;1.2500000e+01;2.1797889e-01;1.2500000e+01;2.2208175e-01;1.2500000e+01;2.0604928e-01;1.2500000e+01;1.7283088e-01;1.2500000e+01;1.2959048e-01;1.2500000e+01;8.4941611e-02;1.2500000e+01;4.3693483e-02;1.2500000e+01;-1.1431025e-03;1.2500000e+01;3.9875377e-03;1.2500000e+01;1.5574015e-02;1.2500000e+01;3.1178795e-02;1.2500000e+01;4.9807936e-02;1.2500000e+01;7.1403585e-02;1.2500000e+01;9.6536770e-02;1.2500000e+01;1.2586504e-01;1.2500000e+01;1.5815929e-01;1.2500000e+01;1.8380192e-01;1.2500000e+01;2.0499560e-01;1.2500000e+01;2.1797889e-01;1.2500000e+01;2.2208175e-01;1.2500000e+01;2.0604928e-01;1.2500000e+01;1.7283088e-01;1.2500000e+01;1.2959048e-01;1.2500000e+01;8.4941611e-02;1.2500000e+01;4.3693483e-02;1.2500000e+01;-1.1431025e-03;1.2500000e+01;3.9875377e-03;1.2500000e+01;1.5574015e-02;1.2500000e+01;3.1178795e-02;1.2500000e+01;4.9807936e-02;1.2500000e+01;7.1403585e-02;1.2500000e+01;9.6536770e-02;1.2500000e+01;1.2586504e-01;1.2500000e+01;1.5815929e-01;1.2500000e+01;1.8380192e-01;1.2500000e+01;2.0499560e-01;1.2500000e+01;2.1797889e-01;1.2500000e+01;2.2208175e-01;1.2500000e+01;2.0604928e-01;1.2500000e+01;1.7283088e-01;1.2500000e+01;1.2959048e-01;1.2500000e+01;8.4941611e-02;1.2500000e+01;4.3693483e-02;1.2500000e+01;-1.1431025e-03;1.2500000e+01;3.9875377e-03;1.2500000e+01;1.5574015e-02;1.2500000e+01;3.1178795e-02;1.2500000e+01;4.9807936e-02;1.2500000e+01;7.1403585e-02;1.2500000e+01;9.6536770e-02;1.2500000e+01;1.2586504e-01;1.2500000e+01;1.5815929e-01;1.2500000e+01;1.8380192e-01;1.2500000e+01;2.0499560e-01;1.2500000e+01;2.1797889e-01;1.2500000e+01;2.2208175e-01;1.2500000e+01;2.0604928e-01;1.2500000e+01;1.7283088e-01;1.2500000e+01;1.2959048e-01;1.2500000e+01;8.4941611e-02;1.2500000e+01;4.3693483e-02;1.2500000e+01;-1.1431025e-03;1.2500000e+01;3.9875377e-03;1.2500000e+01;1.5574015e-02;1.2500000e+01;3.1178795e-02;1.2500000e+01;4.9807936e-02;1.2500000e+01;7.1403585e-02;1.2500000e+01;9.6536770e-02;1.2500000e+01;1.2586504e-01;1.2500000e+01;1.5815929e-01;1.2500000e+01;1.8380192e-01;1.2500000e+01;2.0499560e-01;1.2500000e+01;2.1797889e-01;1.2500000e+01;2.2208175e-01;1.2500000e+01;2.0604928e-01;1.2500000e+01;1.7283088e-01;1.2500000e+01;1.2959048e-01;1.2500000e+01;8.4941611e-02;1.2500000e+01;4.3693483e-02;1.2500000e+01;-1.1431025e-03;1.2500000e+01;3.9875377e-03;1.2500000e+01;1.5574015e-02;1.2500000e+01;3.1178795e-02;1.2500000e+01;4.9807936e-02;1.2500000e+01;7.1403585e-02;1.2500000e+01;9.6536770e-02;1.2500000e+01;1.2586504e-01;1.2500000e+01;1.5815929e-01;1.2500000e+01;1.8380192e-01;1.2500000e+01;2.0499560e-01;1.2500000e+01;2.1797889e-01;1.2500000e+01;2.2208175e-01;1.2500000e+01;2.0604928e-01;1.2500000e+01;1.7283088e-01;1.2500000e+01;1.2959048e-01;1.2500000e+01;8.4941611e-02;1.2500000e+01;4.3693483e-02;1.2500000e+01;-1.1431025e-03;1.2500000e+01;3.9875377e-03;1.2500000e+01;1.5574015e-02;1.2500000e+01;3.1178795e-02;1.2500000e+01;4.9807936e-02;1.2500000e+01;7.1403585e-02;1.2500000e+01;9.6536770e-02;1.2500000e+01;1.2586504e-01;1.2500000e+01;1.5815929e-01;1.2500000e+01;1.8380192e-01;1.2500000e+01;2.0499560e-01;1.2500000e+01;2.1797889e-01;1.2500000e+01;2.2208175e-01;1.2500000e+01;2.0604928e-01;1.2500000e+01;1.7283088e-01;1.2500000e+01;1.2959048e-01;1.2500000e+01;8.4941611e-02;1.2500000e+01;4.3693483e-02;1.2500000e+01;-1.1431025e-03;1.2500000e+01;3.9875377e-03;1.2500000e+01;1.5574015e-02;1.2500000e+01;3.1178795e-02;1.2500000e+01;4.9807936e-02;1.2500000e+01;7.1403585e-02;1.2500000e+01;9.6536770e-02;1.2500000e+01;1.2586504e-01;1.2500000e+01;1.5815929e-01;1.2500000e+01;1.8380192e-01;1.2500000e+01;2.0499560e-01;1.2500000e+01;2.1797889e-01;1.2500000e+01;2.2208175e-01;1.2500000e+01;2.0604928e-01;1.2500000e+01;1.7283088e-01;1.2500000e+01;1.2959048e-01;1.2500000e+01;8.4941611e-02;1.2500000e+01;4.3693483e-02;1.2500000e+01;-1.1431025e-03;1.2500000e+01;3.9875377e-03;1.2500000e+01;1.5574015e-02;1.2500000e+01;3.1178795e-02;1.2500000e+01;4.9807936e-02;1.2500000e+01;7.1403585e-02;1.2500000e+01;9.6536770e-02;1.2500000e+01;1.2586504e-01;1.2500000e+01;1.5815929e-01;1.2500000e+01;1.8380192e-01;1.2500000e+01;2.0499560e-01;1.2500000e+01;2.1797889e-01;1.2500000e+01;2.2208175e-01;1.2500000e+01;2.0604928e-01;1.2500000e+01;1.7283088e-01;1.2500000e+01;1.2959048e-01;1.2500000e+01;8.4941611e-02;1.2500000e+01;4.3693483e-02;1.2500000e+01;-1.1431025e-03;1.2500000e+01;3.9875377e-03;1.2500000e+01;1.5574015e-02;1.2500000e+01;3.1178795e-02;1.2500000e+01;4.9807936e-02;1.2500000e+01;7.1403585e-02;1.2500000e+01;9.6536770e-02;1.2500000e+01;1.2586504e-01;1.2500000e+01;1.5815929e-01;1.2500000e+01;1.8380192e-01;1.2500000e+01;2.0499560e-01;1.2500000e+01;2.1797889e-01;1.2500000e+01;2.2208175e-01;1.2500000e+01;2.0604928e-01;1.2500000e+01;1.7283088e-01;1.2500000e+01;1.2959048e-01;1.2500000e+01;8.4941611e-02;1.2500000e+01;4.3693483e-02;1.2500000e+01;-1.1431025e-03;1.2500000e+01;3.9875377e-03;1.2500000e+01;1.5574015e-02;1.2500000e+01;3.1178795e-02;1.2500000e+01;4.9807936e-02;1.2500000e+01;7.1403585e-02;1.2500000e+01;9.6536770e-02;1.2500000e+01;1.2586504e-01;1.2500000e+01;1.5815929e-01;1.2500000e+01;1.8380192e-01;1.2500000e+01;2.0499560e-01;1.2500000e+01;2.1797889e-01;1.2500000e+01;2.2208175e-01;1.2500000e+01;2.0604928e-01;1.2500000e+01;1.7283088e-01;1.2500000e+01;1.2959048e-01;1.2500000e+01;8.4941611e-02;1.2500000e+01;4.3693483e-02;1.2500000e+01;-1.1431025e-03;1.2500000e+01;3.9875377e-03;1.2500000e+01;1.5574015e-02;1.2500000e+01;3.1178795e-02;1.2500000e+01;4.9807936e-02;1.2500000e+01;7.1403585e-02;1.2500000e+01;9.6536770e-02;1.2500000e+01;1.2586504e-01;1.2500000e+01;1.5815929e-01;1.2500000e+01;1.8380192e-01;1.2500000e+01;2.0499560e-01;1.2500000e+01;2.1797889e-01;1.2500000e+01;2.2208175e-01;1.2500000e+01;2.0604928e-01;1.2500000e+01;1.7283088e-01;1.2500000e+01;1.2959048e-01;1.2500000e+01;8.4941611e-02;1.2500000e+01;4.3693483e-02;1.2500000e+01;-1.1431025e-03;1.2500000e+01;3.9875377e-03;1.2500000e+01;1.5574015e-02;1.2500000e+01;3.1178795e-02;1.2500000e+01;4.9807936e-02;1.2500000e+01;7.1403585e-02;1.2500000e+01;9.6536770e-02;1.2500000e+01;1.2586504e-01;1.2500000e+01;1.5815929e-01;1.2500000e+01;1.8380192e-01;1.2500000e+01;2.0499560e-01;1.2500000e+01;2.1797889e-01;1.2500000e+01;2.2208175e-01;1.2500000e+01;2.0604928e-01;1.2500000e+01;1.7283088e-01;1.2500000e+01;1.2959048e-01;1.2500000e+01;8.4941611e-02;1.2500000e+01;4.3693483e-02;1.2500000e+01;-1.1431025e-03;1.2500000e+01;3.9875377e-03;1.2500000e+01;1.5574015e-02;1.2500000e+01;3.1178795e-02;1.2500000e+01;4.9807936e-02;1.2500000e+01;7.1403585e-02;1.2500000e+01;9.6536770e-02;1.2500000e+01;1.2586504e-01;1.2500000e+01;1.5815929e-01;1.2500000e+01;1.8380192e-01;1.2500000e+01;2.0499560e-01;1.2500000e+01;2.1797889e-01;1.2500000e+01;2.2208175e-01;1.2500000e+01;2.0604928e-01;1.2500000e+01;1.7283088e-01;1.2500000e+01;1.2959048e-01;1.2500000e+01;8.4941611e-02;1.2500000e+01;4.3693483e-02;1.2500000e+01;-1.1431025e-03;1.2500000e+01;3.9875377e-03;1.2500000e+01;1.5574015e-02;1.2500000e+01;3.1178795e-02;1.2500000e+01;4.9807936e-02;1.2500000e+01;7.1403585e-02;1.2500000e+01;9.6536770e-02;1.2500000e+01;1.2586504e-01;1.2500000e+01;1.5815929e-01;1.2500000e+01;1.8380192e-01;1.2500000e+01;2.0499560e-01;1.2500000e+01;2.1797889e-01;1.2500000e+01;2.2208175e-01;1.2500000e+01;2.0604928e-01;1.2500000e+01;1.7283088e-01;1.2500000e+01;1.2959048e-01;1.2500000e+01;8.4941611e-02;1.2500000e+01;4.3693483e-02;1.2500000e+01;-1.1431025e-03;1.2500000e+01;3.9875377e-03;1.2500000e+01;1.5574015e-02;1.2500000e+01;3.1178795e-02;1.2500000e+01;4.9807936e-02;1.2500000e+01;7.1403585e-02;1.2500000e+01;9.6536770e-02;1.2500000e+01;1.2586504e-01;1.2500000e+01;1.5815929e-01;1.2500000e+01;1.8380192e-01;1.2500000e+01;2.0499560e-01;1.2500000e+01;2.1797889e-01;1.2500000e+01;2.2208175e-01;1.2500000e+01;2.0604928e-01;1.2500000e+01;1.7283088e-01;1.2500000e+01;1.2959048e-01;1.2500000e+01;8.4941611e-02;1.2500000e+01;4.3693483e-02;1.2500000e+01;-1.1431025e-03;1.2500000e+01;3.9875377e-03;1.2500000e+01;1.5574015e-02;1.2500000e+01;3.1178795e-02;1.2500000e+01;4.9807936e-02;1.2500000e+01;7.1403585e-02;1.2500000e+01;9.6536770e-02;1.2500000e+01;1.2586504e-01;1.2500000e+01;1.5815929e-01;1.2500000e+01;1.8380192e-01;1.2500000e+01;2.0499560e-01;1.2500000e+01;2.1797889e-01;1.2500000e+01;2.2208175e-01;1.2500000e+01;2.0604928e-01;1.2500000e+01;1.7283088e-01;1.2500000e+01;1.2959048e-01;1.2500000e+01;8.4941611e-02;1.2500000e+01;4.3693483e-02;1.2500000e+01;-1.1431025e-03;1.2500000e+01;3.9875377e-03;1.2500000e+01;1.5574015e-02;1.2500000e+01;3.1178795e-02;1.2500000e+01;4.9807936e-02;1.2500000e+01;7.1403585e-02;1.2500000e+01;9.6536770e-02;1.2500000e+01;1.2586504e-01;1.2500000e+01;1.5815929e-01;1.2500000e+01;1.8380192e-01;1.2500000e+01;2.0499560e-01;1.2500000e+01;2.1797889e-01;1.2500000e+01;2.2208175e-01;1.2500000e+01;2.0604928e-01;1.2500000e+01;1.7283088e-01;1.2500000e+01;1.2959048e-01;1.2500000e+01;8.4941611e-02;1.2500000e+01;4.3693483e-02;1.2500000e+01;-1.1431025e-03;1.2500000e+01;3.9875377e-03;1.2500000e+01;1.5574015e-02;1.2500000e+01;3.1178795e-02;1.2500000e+01;4.9807936e-02;1.2500000e+01;7.1403585e-02;1.2500000e+01;9.6536770e-02;1.2500000e+01;1.2586504e-01;1.2500000e+01;1.5815929e-01;1.2500000e+01;1.8380192e-01;1.2500000e+01;2.0499560e-01;1.2500000e+01;2.1797889e-01;1.2500000e+01;2.2208175e-01;1.2500000e+01;2.0604928e-01;1.2500000e+01;1.7283088e-01;1.2500000e+01;1.2959048e-01;1.2500000e+01;8.4941611e-02;1.2500000e+01;4.3693483e-02;1.2500000e+01;-1.1431025e-03;1.2500000e+01;3.9875377e-03;1.2500000e+01;1.5574015e-02;1.2500000e+01;3.1178795e-02;1.2500000e+01;4.9807936e-02;1.2500000e+01;7.1403585e-02;1.2500000e+01;9.6536770e-02;1.2500000e+01;1.2586504e-01;1.2500000e+01;1.5815929e-01;1.2500000e+01;1.8380192e-01;1.2500000e+01;2.0499560e-01;1.2500000e+01;2.1797889e-01;1.2500000e+01;2.2208175e-01;1.2500000e+01;2.0604928e-01;1.2500000e+01;1.7283088e-01;1.2500000e+01;1.2959048e-01;1.2500000e+01;8.4941611e-02;1.2500000e+01;4.3693483e-02;1.2500000e+01;-1.1431025e-03;1.2500000e+01;3.9875377e-03;1.2500000e+01;1.5574015e-02;1.2500000e+01;3.1178795e-02;1.2500000e+01;4.9807936e-02;1.2500000e+01;7.1403585e-02;1.2500000e+01;9.6536770e-02;1.2500000e+01;1.2586504e-01;1.2500000e+01;1.5815929e-01;1.2500000e+01;1.8380192e-01;1.2500000e+01;2.0499560e-01;1.2500000e+01;2.1797889e-01;1.2500000e+01;2.2208175e-01;1.2500000e+01;2.0604928e-01;1.2500000e+01;1.7283088e-01;1.2500000e+01;1.2959048e-01;1.2500000e+01;8.4941611e-02;1.2500000e+01;4.3693483e-02;1.2500000e+01;-1.1431025e-03;1.2500000e+01;3.9875377e-03;1.2500000e+01;1.5574015e-02;1.2500000e+01;3.1178795e-02;1.2500000e+01;4.9807936e-02;1.2500000e+01;7.1403585e-02;1.2500000e+01;9.6536770e-02;1.2500000e+01;1.2586504e-01;1.2500000e+01;1.5815929e-01;1.2500000e+01;1.8380192e-01;1.2500000e+01;2.0499560e-01;1.2500000e+01;2.1797889e-01;1.2500000e+01;2.2208175e-01;1.2500000e+01;2.0604928e-01;1.2500000e+01;1.7283088e-01;1.2500000e+01;1.2959048e-01;1.2500000e+01;8.4941611e-02;1.2500000e+01;4.3693483e-02;1.2500000e+01;-1.1431025e-03;1.2500000e+01;3.9875377e-03;1.2500000e+01;1.5574015e-02;1.2500000e+01;3.1178795e-02;1.2500000e+01;4.9807936e-02;1.2500000e+01;7.1403585e-02;1.2500000e+01;9.6536770e-02;1.2500000e+01;1.2586504e-01;1.2500000e+01;1.5815929e-01;1.2500000e+01;1.8380192e-01;1.2500000e+01;2.0499560e-01;1.2500000e+01;2.1797889e-01;1.2500000e+01;2.2208175e-01;1.2500000e+01;2.0604928e-01;1.2500000e+01;1.7283088e-01;1.2500000e+01;1.2959048e-01;1.2500000e+01;8.4941611e-02;1.2500000e+01;4.3693483e-02;1.2500000e+01;-1.1431025e-03;1.2500000e+01;3.9875377e-03;1.2500000e+01;1.5574015e-02;1.2500000e+01;3.1178795e-02;1.2500000e+01;4.9807936e-02;1.2500000e+01;7.1403585e-02;1.2500000e+01;9.6536770e-02;1.2500000e+01;1.2586504e-01;1.2500000e+01;1.5815929e-01;1.2500000e+01;1.8380192e-01;1.2500000e+01;2.0499560e-01;1.2500000e+01;2.1797889e-01;1.2500000e+01;2.2208175e-01;1.2500000e+01;2.0604928e-01;1.2500000e+01;1.7283088e-01;1.2500000e+01;1.2959048e-01;1.2500000e+01;8.4941611e-02;1.2500000e+01;4.3693483e-02;1.2500000e+01;-1.1431025e-03;1.2500000e+01;3.9875377e-03;1.2500000e+01;1.5574015e-02;1.2500000e+01;3.1178795e-02;1.2500000e+01;4.9807936e-02;1.2500000e+01;7.1403585e-02;1.2500000e+01;9.6536770e-02;1.2500000e+01;1.2586504e-01;1.2500000e+01;1.5815929e-01;1.2500000e+01;1.8380192e-01;1.2500000e+01;2.0499560e-01;1.2500000e+01;2.1797889e-01;1.2500000e+01;2.2208175e-01;1.2500000e+01;2.0604928e-01;1.2500000e+01;1.7283088e-01;1.2500000e+01;1.2959048e-01;1.2500000e+01;8.4941611e-02;1.2500000e+01;4.3693483e-02;1.2500000e+01;-1.1431025e-03;1.2500000e+01;3.9875377e-03;1.2500000e+01;1.5574015e-02;1.2500000e+01;3.1178795e-02;1.2500000e+01;4.9807936e-02;1.2500000e+01;7.1403585e-02;1.2500000e+01;9.6536770e-02;1.2500000e+01;1.2586504e-01;1.2500000e+01;1.5815929e-01;1.2500000e+01;1.8380192e-01;1.2500000e+01;2.0499560e-01;1.2500000e+01;2.1797889e-01;1.2500000e+01;2.2208175e-01;1.2500000e+01;2.0604928e-01;1.2500000e+01;1.7283088e-01;1.2500000e+01;1.2959048e-01;1.2500000e+01;8.4941611e-02;1.2500000e+01;4.3693483e-02;1.2500000e+01;-1.1431025e-03;1.2500000e+01;3.9875377e-03;1.2500000e+01;1.5574015e-02;1.2500000e+01;3.1178795e-02;1.2500000e+01;4.9807936e-02;1.2500000e+01;7.1403585e-02;1.2500000e+01;9.6536770e-02;1.2500000e+01;1.2586504e-01;1.2500000e+01;1.5815929e-01;1.2500000e+01;1.8380192e-01;1.2500000e+01;2.0499560e-01;1.2500000e+01;2.1797889e-01;1.2500000e+01;2.2208175e-01;1.2500000e+01;2.0604928e-01;1.2500000e+01;1.7283088e-01;1.2500000e+01;1.2959048e-01;1.2500000e+01;8.4941611e-02;1.2500000e+01;4.3693483e-02;1.2500000e+01;-1.1431025e-03;1.2500000e+01;3.9875377e-03;1.2500000e+01;1.5574015e-02;1.2500000e+01;3.1178795e-02;1.2500000e+01;4.9807936e-02;1.2500000e+01;7.1403585e-02;1.2500000e+01;9.6536770e-02;1.2500000e+01;1.2586504e-01;1.2500000e+01;1.5815929e-01;1.2500000e+01;1.8380192e-01;1.2500000e+01;2.0499560e-01;1.2500000e+01;2.1797889e-01;1.2500000e+01;2.2208175e-01;1.2500000e+01;2.0604928e-01;1.2500000e+01;1.7283088e-01;1.2500000e+01;1.2959048e-01;1.2500000e+01;8.4941611e-02;1.2500000e+01;4.3693483e-02;1.2500000e+01;-1.1431025e-03;1.2500000e+01;3.9875377e-03;1.2500000e+01;1.5574015e-02;1.2500000e+01;3.1178795e-02;1.2500000e+01;4.9807936e-02;1.2500000e+01;7.1403585e-02;1.2500000e+01;9.6536770e-02;1.2500000e+01;1.2586504e-01;1.2500000e+01;1.5815929e-01;1.2500000e+01;1.8380192e-01;1.2500000e+01;2.0499560e-01;1.2500000e+01;2.1797889e-01;1.2500000e+01;2.2208175e-01;1.2500000e+01;2.0604928e-01;1.2500000e+01;1.7283088e-01;1.2500000e+01;1.2959048e-01;1.2500000e+01;8.4941611e-02;1.2500000e+01;4.3693483e-02;1.2500000e+01;-1.1431025e-03;1.2500000e+01;3.9875377e-03;1.2500000e+01;1.5574015e-02;1.2500000e+01;3.1178795e-02;1.2500000e+01;4.9807936e-02;1.2500000e+01;7.1403585e-02;1.2500000e+01;9.6536770e-02;1.2500000e+01;1.2586504e-01;1.2500000e+01;1.5815929e-01;1.2500000e+01;1.8380192e-01;1.2500000e+01;2.0499560e-01;1.2500000e+01;2.1797889e-01;1.2500000e+01;2.2208175e-01;1.2500000e+01;2.0604928e-01;1.2500000e+01;1.7283088e-01;1.2500000e+01;1.2959048e-01;1.2500000e+01;8.4941611e-02;1.2500000e+01;4.3693483e-02;1.2500000e+01;-1.1431025e-03;1.2500000e+01;3.9875377e-03;1.2500000e+01;1.5574015e-02;1.2500000e+01;3.1178795e-02;1.2500000e+01;4.9807936e-02;1.2500000e+01;7.1403585e-02;1.2500000e+01;9.6536770e-02;1.2500000e+01;1.2586504e-01;1.2500000e+01;1.5815929e-01;1.2500000e+01;1.8380192e-01;1.2500000e+01;2.0499560e-01;1.2500000e+01;2.1797889e-01;1.2500000e+01;2.2208175e-01;1.2500000e+01;2.0604928e-01;1.2500000e+01;1.7283088e-01;1.2500000e+01;1.2959048e-01;1.2500000e+01;8.4941611e-02;1.2500000e+01;4.3693483e-02;1.2500000e+01;-1.1431025e-03;1.2500000e+01;3.9875377e-03;1.2500000e+01;1.5574015e-02;1.2500000e+01;3.1178795e-02;1.2500000e+01;4.9807936e-02;1.2500000e+01;7.1403585e-02;1.2500000e+01;9.6536770e-02;1.2500000e+01;1.2586504e-01;1.2500000e+01;1.5815929e-01;1.2500000e+01;1.8380192e-01;1.2500000e+01;2.0499560e-01;1.2500000e+01;2.1797889e-01;1.2500000e+01;2.2208175e-01;1.2500000e+01;2.0604928e-01;1.2500000e+01;1.7283088e-01;1.2500000e+01;1.2959048e-01;1.2500000e+01;8.4941611e-02;1.2500000e+01;4.3693483e-02;1.2500000e+01;-1.1431025e-03;1.2500000e+01;3.9875377e-03;1.2500000e+01;1.5574015e-02;1.2500000e+01;3.1178795e-02;1.2500000e+01;4.9807936e-02;1.2500000e+01;7.1403585e-02;1.2500000e+01;9.6536770e-02;1.2500000e+01;1.2586504e-01;1.2500000e+01;1.5815929e-01;1.2500000e+01;1.8380192e-01;1.2500000e+01;2.0499560e-01;1.2500000e+01;2.1797889e-01;1.2500000e+01;2.2208175e-01;1.2500000e+01;2.0604928e-01;1.2500000e+01;1.7283088e-01;1.2500000e+01;1.2959048e-01;1.2500000e+01;8.4941611e-02;1.2500000e+01;4.3693483e-02;1.2500000e+01;-1.1431025e-03;1.2500000e+01;3.9875377e-03;1.2500000e+01;1.5574015e-02;1.2500000e+01;3.1178795e-02;1.2500000e+01;4.9807936e-02;1.2500000e+01;7.1403585e-02;1.2500000e+01;9.6536770e-02;1.2500000e+01;1.2586504e-01;1.2500000e+01;1.5815929e-01;1.2500000e+01;1.8380192e-01;1.2500000e+01;2.0499560e-01;1.2500000e+01;2.1797889e-01;1.2500000e+01;2.2208175e-01;1.2500000e+01;2.0604928e-01;1.2500000e+01;1.7283088e-01;1.2500000e+01;1.2959048e-01;1.2500000e+01;8.4941611e-02;1.2500000e+01;4.3693483e-02;1.2500000e+01;-1.1431025e-03;1.2500000e+01;3.9875377e-03;1.2500000e+01;1.5574015e-02;1.2500000e+01;3.1178795e-02;1.2500000e+01;4.9807936e-02;1.2500000e+01;7.1403585e-02;1.2500000e+01;9.6536770e-02;1.2500000e+01;1.2586504e-01;1.2500000e+01;1.5815929e-01;1.2500000e+01;1.8380192e-01;1.2500000e+01;2.0499560e-01;1.2500000e+01;2.1797889e-01;1.2500000e+01;2.2208175e-01;1.2500000e+01;2.0604928e-01;1.2500000e+01;1.7283088e-01;1.2500000e+01;1.2959048e-01;1.2500000e+01;8.4941611e-02;1.2500000e+01;4.3693483e-02;1.2500000e+01;-1.1431025e-03;1.2500000e+01;3.9875377e-03;1.2500000e+01;1.5574015e-02;1.2500000e+01;3.1178795e-02;1.2500000e+01;4.9807936e-02;1.2500000e+01;7.1403585e-02;1.2500000e+01;9.6536770e-02;1.2500000e+01;1.2586504e-01;1.2500000e+01;1.5815929e-01;1.2500000e+01;1.8380192e-01;1.2500000e+01;2.0499560e-01;1.2500000e+01;2.1797889e-01;1.2500000e+01;2.2208175e-01;1.2500000e+01;2.0604928e-01;1.2500000e+01;1.7283088e-01;1.2500000e+01;1.2959048e-01;1.2500000e+01;8.4941611e-02;1.2500000e+01;4.3693483e-02;1.2500000e+01;-1.1431025e-03;1.2500000e+01;3.9875377e-03;1.2500000e+01;1.5574015e-02;1.2500000e+01;3.1178795e-02;1.2500000e+01;4.9807936e-02;1.2500000e+01;7.1403585e-02;1.2500000e+01;9.6536770e-02;1.2500000e+01;1.2586504e-01;1.2500000e+01;1.5815929e-01;1.2500000e+01;1.8380192e-01;1.2500000e+01;2.0499560e-01;1.2500000e+01;2.1797889e-01;1.2500000e+01;2.2208175e-01;1.2500000e+01;2.0604928e-01;1.2500000e+01;1.7283088e-01;1.2500000e+01;1.2959048e-01;1.2500000e+01;8.4941611e-02;1.2500000e+01;4.3693483e-02;1.2500000e+01;-1.1431025e-03;1.2500000e+01;3.9875377e-03;1.2500000e+01;1.5574015e-02;1.2500000e+01;3.1178795e-02;1.2500000e+01;4.9807936e-02;1.2500000e+01;7.1403585e-02;1.2500000e+01;9.6536770e-02;1.2500000e+01;1.2586504e-01;1.2500000e+01;1.5815929e-01;1.2500000e+01;1.8380192e-01;1.2500000e+01;2.0499560e-01;1.2500000e+01;2.1797889e-01;1.2500000e+01;2.2208175e-01;1.2500000e+01;2.0604928e-01;1.2500000e+01;1.7283088e-01;1.2500000e+01;1.2959048e-01;1.2500000e+01;8.4941611e-02;1.2500000e+01;4.3693483e-02;1.2500000e+01;-1.1431025e-03;1.2500000e+01;3.9875377e-03;1.2500000e+01;1.5574015e-02;1.2500000e+01;3.1178795e-02;1.2500000e+01;4.9807936e-02;1.2500000e+01;7.1403585e-02;1.2500000e+01;9.6536770e-02;1.2500000e+01;1.2586504e-01;1.2500000e+01;1.5815929e-01;1.2500000e+01;1.8380192e-01;1.2500000e+01;2.0499560e-01;1.2500000e+01;2.1797889e-01;1.2500000e+01;2.2208175e-01;1.2500000e+01;2.0604928e-01;1.2500000e+01;1.7283088e-01;1.2500000e+01;1.2959048e-01;1.2500000e+01;8.4941611e-02;1.2500000e+01;4.3693483e-02;1.2500000e+01;-1.1431025e-03;1.2500000e+01;3.9875377e-03;1.2500000e+01;1.5574015e-02;1.2500000e+01;3.1178795e-02;1.2500000e+01;4.9807936e-02;1.2500000e+01;7.1403585e-02;1.2500000e+01;9.6536770e-02;1.2500000e+01;1.2586504e-01;1.2500000e+01;1.5815929e-01;1.2500000e+01;1.8380192e-01;1.2500000e+01;2.0499560e-01;1.2500000e+01;2.1797889e-01;1.2500000e+01;2.2208175e-01;1.2500000e+01;2.0604928e-01;1.2500000e+01;1.7283088e-01;1.2500000e+01;1.2959048e-01;1.2500000e+01;8.4941611e-02;1.2500000e+01;4.3693483e-02;1.2500000e+01;-1.1431025e-03;1.2500000e+01;3.9875377e-03;1.2500000e+01;1.5574015e-02;1.2500000e+01;3.1178795e-02;1.2500000e+01;4.9807936e-02;1.2500000e+01;7.1403585e-02;1.2500000e+01;9.6536770e-02;1.2500000e+01;1.2586504e-01;1.2500000e+01;1.5815929e-01;1.2500000e+01;1.8380192e-01;1.2500000e+01;2.0499560e-01;1.2500000e+01;2.1797889e-01;1.2500000e+01;2.2208175e-01;1.2500000e+01;2.0604928e-01;1.2500000e+01;1.7283088e-01;1.2500000e+01;1.2959048e-01;1.2500000e+01;8.4941611e-02;1.2500000e+01;4.3693483e-02;1.2500000e+01;-1.1431025e-03;1.2500000e+01;3.9875377e-03;1.2500000e+01;1.5574015e-02;1.2500000e+01;3.1178795e-02;1.2500000e+01;4.9807936e-02;1.2500000e+01;7.1403585e-02;1.2500000e+01;9.6536770e-02;1.2500000e+01;1.2586504e-01;1.2500000e+01;1.5815929e-01;1.2500000e+01;1.8380192e-01;1.2500000e+01;2.0499560e-01;1.2500000e+01;2.1797889e-01;1.2500000e+01;2.2208175e-01;1.2500000e+01;2.0604928e-01;1.2500000e+01;1.7283088e-01;1.2500000e+01;1.2959048e-01;1.2500000e+01;8.4941611e-02;1.2500000e+01;4.3693483e-02;1.2500000e+01;-1.1431025e-03;1.2500000e+01;3.9875377e-03;1.2500000e+01;1.5574015e-02;1.2500000e+01;3.1178795e-02;1.2500000e+01;4.9807936e-02;1.2500000e+01;7.1403585e-02;1.2500000e+01;9.6536770e-02;1.2500000e+01;1.2586504e-01;1.2500000e+01;1.5815929e-01;1.2500000e+01;1.8380192e-01;1.2500000e+01;2.0499560e-01;1.2500000e+01;2.1797889e-01;1.2500000e+01;2.2208175e-01;1.2500000e+01;2.0604928e-01;1.2500000e+01;1.7283088e-01;1.2500000e+01;1.2959048e-01;1.2500000e+01;8.4941611e-02;1.2500000e+01;4.3693483e-02;1.2500000e+01;-1.1431025e-03;1.2500000e+01;3.9875377e-03;1.2500000e+01;1.5574015e-02;1.2500000e+01;3.1178795e-02;1.2500000e+01;4.9807936e-02;1.2500000e+01;7.1403585e-02;1.2500000e+01;9.6536770e-02;1.2500000e+01;1.2586504e-01;1.2500000e+01;1.5815929e-01;1.2500000e+01;1.8380192e-01;1.2500000e+01;2.0499560e-01;1.2500000e+01;2.1797889e-01;1.2500000e+01;2.2208175e-01;1.2500000e+01;2.0604928e-01;1.2500000e+01;1.7283088e-01;1.2500000e+01;1.2959048e-01;1.2500000e+01;8.4941611e-02;1.2500000e+01;4.3693483e-02;1.2500000e+01;-1.1431025e-03;1.2500000e+01;3.9875377e-03;1.2500000e+01;1.5574015e-02;1.2500000e+01;3.1178795e-02;1.2500000e+01;4.9807936e-02;1.2500000e+01;7.1403585e-02;1.2500000e+01;9.6536770e-02;1.2500000e+01;1.2586504e-01;1.2500000e+01;1.5815929e-01;1.2500000e+01;1.8380192e-01;1.2500000e+01;2.0499560e-01;1.2500000e+01;2.1797889e-01;1.2500000e+01;2.2208175e-01;1.2500000e+01;2.0604928e-01;1.2500000e+01;1.7283088e-01;1.2500000e+01;1.2959048e-01;1.2500000e+01;8.4941611e-02;1.2500000e+01;4.3693483e-02;1.2500000e+01;-1.1431025e-03;1.2500000e+01;3.9875377e-03;1.2500000e+01;1.5574015e-02;1.2500000e+01;3.1178795e-02;1.2500000e+01;4.9807936e-02;1.2500000e+01;7.1403585e-02;1.2500000e+01;9.6536770e-02;1.2500000e+01;1.2586504e-01;1.2500000e+01;1.5815929e-01;1.2500000e+01;1.8380192e-01;1.2500000e+01;2.0499560e-01;1.2500000e+01;2.1797889e-01;1.2500000e+01;2.2208175e-01;1.2500000e+01;2.0604928e-01;1.2500000e+01;1.7283088e-01;1.2500000e+01;1.2959048e-01;1.2500000e+01;8.4941611e-02;1.2500000e+01;4.3693483e-02;1.2500000e+01;-1.1431025e-03;1.2500000e+01;3.9875377e-03;1.2500000e+01;1.5574015e-02;1.2500000e+01;3.1178795e-02;1.2500000e+01;4.9807936e-02;1.2500000e+01;7.1403585e-02;1.2500000e+01;9.6536770e-02;1.2500000e+01;1.2586504e-01;1.2500000e+01;1.5815929e-01;1.2500000e+01;1.8380192e-01;1.2500000e+01;2.0499560e-01;1.2500000e+01;2.1797889e-01;1.2500000e+01;2.2208175e-01;1.2500000e+01;2.0604928e-01;1.2500000e+01;1.7283088e-01;1.2500000e+01;1.2959048e-01;1.2500000e+01;8.4941611e-02;1.2500000e+01;4.3693483e-02;1.2500000e+01;-1.1431025e-03;1.2500000e+01;3.9875377e-03;1.2500000e+01;1.5574015e-02;1.2500000e+01;3.1178795e-02;1.2500000e+01;4.9807936e-02;1.2500000e+01;7.1403585e-02;1.2500000e+01;9.6536770e-02;1.2500000e+01;1.2586504e-01;1.2500000e+01;1.5815929e-01;1.2500000e+01;1.8380192e-01;1.2500000e+01;2.0499560e-01;1.2500000e+01;2.1797889e-01;1.2500000e+01;2.2208175e-01;1.2500000e+01;2.0604928e-01;1.2500000e+01;1.7283088e-01;1.2500000e+01;1.2959048e-01;1.2500000e+01;8.4941611e-02;1.2500000e+01;4.3693483e-02;1.2500000e+01;-1.1431025e-03;1.2500000e+01;3.9875377e-03;1.2500000e+01;1.5574015e-02;1.2500000e+01;3.1178795e-02;1.2500000e+01;4.9807936e-02;1.2500000e+01;7.1403585e-02;1.2500000e+01;9.6536770e-02;1.2500000e+01;1.2586504e-01;1.2500000e+01;1.5815929e-01;1.2500000e+01;1.8380192e-01;1.2500000e+01;2.0499560e-01;1.2500000e+01;2.1797889e-01;1.2500000e+01;2.2208175e-01;1.2500000e+01;2.0604928e-01;1.2500000e+01;1.7283088e-01;1.2500000e+01;1.2959048e-01;1.2500000e+01;8.4941611e-02;1.2500000e+01;4.3693483e-02;1.2500000e+01;-1.1431025e-03;1.2500000e+01;3.9875377e-03;1.2500000e+01;1.5574015e-02;1.2500000e+01;3.1178795e-02;1.2500000e+01;4.9807936e-02;1.2500000e+01;7.1403585e-02;1.2500000e+01;9.6536770e-02;1.2500000e+01;1.2586504e-01;1.2500000e+01;1.5815929e-01;1.2500000e+01;1.8380192e-01;1.2500000e+01;2.0499560e-01;1.2500000e+01;2.1797889e-01;1.2500000e+01;2.2208175e-01;1.2500000e+01;2.0604928e-01;1.2500000e+01;1.7283088e-01;1.2500000e+01;1.2959048e-01;1.2500000e+01;8.4941611e-02;1.2500000e+01;4.3693483e-02;1.2500000e+01;-1.1431025e-03;1.2500000e+01;3.9875377e-03;1.2500000e+01;1.5574015e-02;1.2500000e+01;3.1178795e-02;1.2500000e+01;4.9807936e-02;1.2500000e+01;7.1403585e-02;1.2500000e+01;9.6536770e-02;1.2500000e+01;1.2586504e-01;1.2500000e+01;1.5815929e-01;1.2500000e+01;1.8380192e-01;1.2500000e+01;2.0499560e-01;1.2500000e+01;2.1797889e-01;1.2500000e+01;2.2208175e-01;1.2500000e+01;2.0604928e-01;1.2500000e+01;1.7283088e-01;1.2500000e+01;1.2959048e-01;1.2500000e+01;8.4941611e-02;1.2500000e+01;4.3693483e-02;1.2500000e+01;-1.1431025e-03;1.2500000e+01;3.9875377e-03;1.2500000e+01;1.5574015e-02;1.2500000e+01;3.1178795e-02;1.2500000e+01;4.9807936e-02;1.2500000e+01;7.1403585e-02;1.2500000e+01;9.6536770e-02;1.2500000e+01;1.2586504e-01;1.2500000e+01;1.5815929e-01;1.2500000e+01;1.8380192e-01;1.2500000e+01;2.0499560e-01;1.2500000e+01;2.1797889e-01;1.2500000e+01;2.2208175e-01;1.2500000e+01;2.0604928e-01;1.2500000e+01;1.7283088e-01;1.2500000e+01;1.2959048e-01;1.2500000e+01;8.4941611e-02;1.2500000e+01;4.3693483e-02;1.2500000e+01;-1.1431025e-03;1.2500000e+01;3.9875377e-03;1.2500000e+01;1.5574015e-02;1.2500000e+01;3.1178795e-02;1.2500000e+01;4.9807936e-02;1.2500000e+01;7.1403585e-02;1.2500000e+01;9.6536770e-02;1.2500000e+01;1.2586504e-01;1.2500000e+01;1.5815929e-01;1.2500000e+01;1.8380192e-01;1.2500000e+01;2.0499560e-01;1.2500000e+01;2.1797889e-01;1.2500000e+01;2.2208175e-01;1.2500000e+01;2.0604928e-01;1.2500000e+01;1.7283088e-01;1.2500000e+01;1.2959048e-01;1.2500000e+01;8.4941611e-02;1.2500000e+01;4.3693483e-02;1.2500000e+01;-1.1431025e-03;1.2500000e+01;3.9875377e-03;1.2500000e+01;1.5574015e-02;1.2500000e+01;3.1178795e-02;1.2500000e+01;4.9807936e-02;1.2500000e+01;7.1403585e-02;1.2500000e+01;9.6536770e-02;1.2500000e+01;1.2586504e-01;1.2500000e+01;1.5815929e-01;1.2500000e+01;1.8380192e-01;1.2500000e+01;2.0499560e-01;1.2500000e+01;2.1797889e-01;1.2500000e+01;2.2208175e-01;1.2500000e+01;2.0604928e-01;1.2500000e+01;1.7283088e-01;1.2500000e+01;1.2959048e-01;1.2500000e+01;8.4941611e-02;1.2500000e+01;4.3693483e-02;1.2500000e+01;-1.1431025e-03;1.2500000e+01;3.9875377e-03;1.2500000e+01;1.5574015e-02;1.2500000e+01;3.1178795e-02;1.2500000e+01;4.9807936e-02;1.2500000e+01;7.1403585e-02;1.2500000e+01;9.6536770e-02;1.2500000e+01;1.2586504e-01;1.2500000e+01;1.5815929e-01;1.2500000e+01;1.8380192e-01;1.2500000e+01;2.0499560e-01;1.2500000e+01;2.1797889e-01;1.2500000e+01;2.2208175e-01;1.2500000e+01;2.0604928e-01;1.2500000e+01;1.7283088e-01;1.2500000e+01;1.2959048e-01;1.2500000e+01;8.4941611e-02;1.2500000e+01;4.3693483e-02;1.2500000e+01;-1.1431025e-03;1.2500000e+01;3.9875377e-03;1.2500000e+01;1.5574015e-02;1.2500000e+01;3.1178795e-02;1.2500000e+01;4.9807936e-02;1.2500000e+01;7.1403585e-02;1.2500000e+01;9.6536770e-02;1.2500000e+01;1.2586504e-01;1.2500000e+01;1.5815929e-01;1.2500000e+01;1.8380192e-01;1.2500000e+01;2.0499560e-01;1.2500000e+01;2.1797889e-01;1.2500000e+01;2.2208175e-01;1.2500000e+01;2.0604928e-01;1.2500000e+01;1.7283088e-01;1.2500000e+01;1.2959048e-01;1.2500000e+01;8.4941611e-02;1.2500000e+01;4.3693483e-02;1.2500000e+01;-1.1431025e-03;1.2500000e+01;3.9875377e-03;1.2500000e+01;1.5574015e-02;1.2500000e+01;3.1178795e-02;1.2500000e+01;4.9807936e-02;1.2500000e+01;7.1403585e-02;1.2500000e+01;9.6536770e-02;1.2500000e+01;1.2586504e-01;1.2500000e+01;1.5815929e-01;1.2500000e+01;1.8380192e-01;1.2500000e+01;2.0499560e-01;1.2500000e+01;2.1797889e-01;1.2500000e+01;2.2208175e-01;1.2500000e+01;2.0604928e-01;1.2500000e+01;1.7283088e-01;1.2500000e+01;1.2959048e-01;1.2500000e+01;8.4941611e-02;1.2500000e+01;4.3693483e-02;1.2500000e+01;-1.1431025e-03;1.2500000e+01;3.9875377e-03;1.2500000e+01;1.5574015e-02;1.2500000e+01;3.1178795e-02;1.2500000e+01;4.9807936e-02;1.2500000e+01;7.1403585e-02;1.2500000e+01;9.6536770e-02;1.2500000e+01;1.2586504e-01;1.2500000e+01;1.5815929e-01;1.2500000e+01;1.8380192e-01;1.2500000e+01;2.0499560e-01;1.2500000e+01;2.1797889e-01;1.2500000e+01;2.2208175e-01;1.2500000e+01;2.0604928e-01;1.2500000e+01;1.7283088e-01;1.2500000e+01;1.2959048e-01;1.2500000e+01;8.4941611e-02;1.2500000e+01;4.3693483e-02;1.2500000e+01;-1.1431025e-03;1.2500000e+01;3.9875377e-03;1.2500000e+01;1.5574015e-02;1.2500000e+01;3.1178795e-02;1.2500000e+01;4.9807936e-02;1.2500000e+01;7.1403585e-02;1.2500000e+01;9.6536770e-02;1.2500000e+01;1.2586504e-01;1.2500000e+01;1.5815929e-01;1.2500000e+01;1.8380192e-01;1.2500000e+01;2.0499560e-01;1.2500000e+01;2.1797889e-01;1.2500000e+01;2.2208175e-01;1.2500000e+01;2.0604928e-01;1.2500000e+01;1.7283088e-01;1.2500000e+01;1.2959048e-01;1.2500000e+01;8.4941611e-02;1.2500000e+01;4.3693483e-02;1.2500000e+01;-1.1431025e-03;1.2500000e+01;3.9875377e-03;1.2500000e+01;1.5574015e-02;1.2500000e+01;3.1178795e-02;1.2500000e+01;4.9807936e-02;1.2500000e+01;7.1403585e-02;1.2500000e+01;9.6536770e-02;1.2500000e+01;1.2586504e-01;1.2500000e+01;1.5815929e-01;1.2500000e+01;1.8380192e-01;1.2500000e+01;2.0499560e-01;1.2500000e+01;2.1797889e-01;1.2500000e+01;2.2208175e-01;1.2500000e+01;2.0604928e-01;1.2500000e+01;1.7283088e-01;1.2500000e+01;1.2959048e-01;1.2500000e+01;8.4941611e-02;1.2500000e+01;4.3693483e-02;1.2500000e+01;-1.1431025e-03;1.2500000e+01;3.9875377e-03;1.2500000e+01;1.5574015e-02;1.2500000e+01;3.1178795e-02;1.2500000e+01;4.9807936e-02;1.2500000e+01;7.1403585e-02;1.2500000e+01;9.6536770e-02;1.2500000e+01;1.2586504e-01;1.2500000e+01;1.5815929e-01;1.2500000e+01;1.8380192e-01;1.2500000e+01;2.0499560e-01;1.2500000e+01;2.1797889e-01;1.2500000e+01;2.2208175e-01;1.2500000e+01;2.0604928e-01;1.2500000e+01;1.7283088e-01;1.2500000e+01;1.2959048e-01;1.2500000e+01;8.4941611e-02;1.2500000e+01;4.3693483e-02;1.2500000e+01;-1.1431025e-03;1.2500000e+01;3.9875377e-03;1.2500000e+01;1.5574015e-02;1.2500000e+01;3.1178795e-02;1.2500000e+01;4.9807936e-02;1.2500000e+01;7.1403585e-02;1.2500000e+01;9.6536770e-02;1.2500000e+01;1.2586504e-01;1.2500000e+01;1.5815929e-01;1.2500000e+01;1.8380192e-01;1.2500000e+01;2.0499560e-01;1.2500000e+01;2.1797889e-01;1.2500000e+01;2.2208175e-01;1.2500000e+01;2.0604928e-01;1.2500000e+01;1.7283088e-01;1.2500000e+01;1.2959048e-01;1.2500000e+01;8.4941611e-02;1.2500000e+01;4.3693483e-02;1.2500000e+01;-1.1431025e-03;1.2500000e+01;3.9875377e-03;1.2500000e+01;1.5574015e-02;1.2500000e+01;3.1178795e-02;1.2500000e+01;4.9807936e-02;1.2500000e+01;7.1403585e-02;1.2500000e+01;9.6536770e-02;1.2500000e+01;1.2586504e-01;1.2500000e+01;1.5815929e-01;1.2500000e+01;1.8380192e-01;1.2500000e+01;2.0499560e-01;1.2500000e+01;2.1797889e-01;1.2500000e+01;2.2208175e-01;1.2500000e+01;2.0604928e-01;1.2500000e+01;1.7283088e-01;1.2500000e+01;1.2959048e-01;1.2500000e+01;8.4941611e-02;1.2500000e+01;4.3693483e-02;1.2500000e+01;-1.1431025e-03;1.2500000e+01;3.9875377e-03;1.2500000e+01;1.5574015e-02;1.2500000e+01;3.1178795e-02;1.2500000e+01;4.9807936e-02;1.2500000e+01;7.1403585e-02;1.2500000e+01;9.6536770e-02;1.2500000e+01;1.2586504e-01;1.2500000e+01;1.5815929e-01;1.2500000e+01;1.8380192e-01;1.2500000e+01;2.0499560e-01;1.2500000e+01;2.1797889e-01;1.2500000e+01;2.2208175e-01;1.2500000e+01;2.0604928e-01;1.2500000e+01;1.7283088e-01;1.2500000e+01;1.2959048e-01;1.2500000e+01;8.4941611e-02;1.2500000e+01;4.3693483e-02;1.2500000e+01;-1.1431025e-03;1.2500000e+01;3.9875377e-03;1.2500000e+01;1.5574015e-02;1.2500000e+01;3.1178795e-02;1.2500000e+01;4.9807936e-02;1.2500000e+01;7.1403585e-02;1.2500000e+01;9.6536770e-02;1.2500000e+01;1.2586504e-01;1.2500000e+01;1.5815929e-01;1.2500000e+01;1.8380192e-01;1.2500000e+01;2.0499560e-01;1.2500000e+01;2.1797889e-01;1.2500000e+01;2.2208175e-01;1.2500000e+01;2.0604928e-01;1.2500000e+01;1.7283088e-01;1.2500000e+01;1.2959048e-01;1.2500000e+01;8.4941611e-02;1.2500000e+01;4.3693483e-02;1.2500000e+01;-1.1431025e-03;1.2500000e+01;3.9875377e-03;1.2500000e+01;1.5574015e-02;1.2500000e+01;3.1178795e-02;1.2500000e+01;4.9807936e-02;1.2500000e+01;7.1403585e-02;1.2500000e+01;9.6536770e-02;1.2500000e+01;1.2586504e-01;1.2500000e+01;1.5815929e-01;1.2500000e+01;1.8380192e-01;1.2500000e+01;2.0499560e-01;1.2500000e+01;2.1797889e-01;1.2500000e+01;2.2208175e-01;1.2500000e+01;2.0604928e-01;1.2500000e+01;1.7283088e-01;1.2500000e+01;1.2959048e-01;1.2500000e+01;8.4941611e-02;1.2500000e+01;4.3693483e-02;1.2500000e+01;-1.1431025e-03;1.2500000e+01;3.9875377e-03;1.2500000e+01;1.5574015e-02;1.2500000e+01;3.1178795e-02;1.2500000e+01;4.9807936e-02;1.2500000e+01;7.1403585e-02;1.2500000e+01;9.6536770e-02;1.2500000e+01;1.2586504e-01;1.2500000e+01;1.5815929e-01;1.2500000e+01;1.8380192e-01;1.2500000e+01;2.0499560e-01;1.2500000e+01;2.1797889e-01;1.2500000e+01;2.2208175e-01;1.2500000e+01;2.0604928e-01;1.2500000e+01;1.7283088e-01;1.2500000e+01;1.2959048e-01;1.2500000e+01;8.4941611e-02;1.2500000e+01;4.3693483e-02;1.2500000e+01;-1.1431025e-03;1.2500000e+01;3.9875377e-03;1.2500000e+01;1.5574015e-02;1.2500000e+01;3.1178795e-02;1.2500000e+01;4.9807936e-02;1.2500000e+01;7.1403585e-02;1.2500000e+01;9.6536770e-02;1.2500000e+01;1.2586504e-01;1.2500000e+01;1.5815929e-01;1.2500000e+01;1.8380192e-01;1.2500000e+01;2.0499560e-01;1.2500000e+01;2.1797889e-01;1.2500000e+01;2.2208175e-01;1.2500000e+01;2.0604928e-01;1.2500000e+01;1.7283088e-01;1.2500000e+01;1.2959048e-01;1.2500000e+01;8.4941611e-02;1.2500000e+01;4.3693483e-02;1.2500000e+01;-1.1431025e-03;1.2500000e+01;3.9875377e-03;1.2500000e+01;1.5574015e-02;1.2500000e+01;3.1178795e-02;1.2500000e+01;4.9807936e-02;1.2500000e+01;7.1403585e-02;1.2500000e+01;9.6536770e-02;1.2500000e+01;1.2586504e-01;1.2500000e+01;1.5815929e-01;1.2500000e+01;1.8380192e-01;1.2500000e+01;2.0499560e-01;1.2500000e+01;2.1797889e-01;1.2500000e+01;2.2208175e-01;1.2500000e+01;2.0604928e-01;1.2500000e+01;1.7283088e-01;1.2500000e+01;1.2959048e-01;1.2500000e+01;8.4941611e-02;1.2500000e+01;4.3693483e-02;1.2500000e+01;-1.1431025e-03;1.2500000e+01;3.9875377e-03;1.2500000e+01;1.5574015e-02;1.2500000e+01;3.1178795e-02;1.2500000e+01;4.9807936e-02;1.2500000e+01;7.1403585e-02;1.2500000e+01;9.6536770e-02;1.2500000e+01;1.2586504e-01;1.2500000e+01;1.5815929e-01;1.2500000e+01;1.8380192e-01;1.2500000e+01;2.0499560e-01;1.2500000e+01;2.1797889e-01;1.2500000e+01;2.2208175e-01;1.2500000e+01;2.0604928e-01;1.2500000e+01;1.7283088e-01;1.2500000e+01;1.2959048e-01;1.2500000e+01;8.4941611e-02;1.2500000e+01;4.3693483e-02;1.2500000e+01;-1.1431025e-03;1.2500000e+01;3.9875377e-03;1.2500000e+01;1.5574015e-02;1.2500000e+01;3.1178795e-02;1.2500000e+01;4.9807936e-02;1.2500000e+01;7.1403585e-02;1.2500000e+01;9.6536770e-02;1.2500000e+01;1.2586504e-01;1.2500000e+01;1.5815929e-01;1.2500000e+01;1.8380192e-01;1.2500000e+01;2.0499560e-01;1.2500000e+01;2.1797889e-01;1.2500000e+01;2.2208175e-01;1.2500000e+01;2.0604928e-01;1.2500000e+01;1.7283088e-01;1.2500000e+01;1.2959048e-01;1.2500000e+01;8.4941611e-02;1.2500000e+01;4.3693483e-02;1.2500000e+01;-1.1431025e-03;1.2500000e+01;3.9875377e-03;1.2500000e+01;1.5574015e-02;1.2500000e+01;3.1178795e-02;1.2500000e+01;4.9807936e-02;1.2500000e+01;7.1403585e-02;1.2500000e+01;9.6536770e-02;1.2500000e+01;1.2586504e-01;1.2500000e+01;1.5815929e-01;1.2500000e+01;1.8380192e-01;1.2500000e+01;2.0499560e-01;1.2500000e+01;2.1797889e-01;1.2500000e+01;2.2208175e-01;1.2500000e+01;2.0604928e-01;1.2500000e+01;1.7283088e-01;1.2500000e+01;1.2959048e-01;1.2500000e+01;8.4941611e-02;1.2500000e+01;4.3693483e-02;1.2500000e+01;-1.1431025e-03;1.2500000e+01;3.9875377e-03;1.2500000e+01;1.5574015e-02;1.2500000e+01;3.1178795e-02;1.2500000e+01;4.9807936e-02;1.2500000e+01;7.1403585e-02;1.2500000e+01;9.6536770e-02;1.2500000e+01;1.2586504e-01;1.2500000e+01;1.5815929e-01;1.2500000e+01;1.8380192e-01;1.2500000e+01;2.0499560e-01;1.2500000e+01;2.1797889e-01;1.2500000e+01;2.2208175e-01;1.2500000e+01;2.0604928e-01;1.2500000e+01;1.7283088e-01;1.2500000e+01;1.2959048e-01;1.2500000e+01;8.4941611e-02;1.2500000e+01;4.3693483e-02;1.2500000e+01;-1.1431025e-03;1.2500000e+01;3.9875377e-03;1.2500000e+01;1.5574015e-02;1.2500000e+01;3.1178795e-02;1.2500000e+01;4.9807936e-02;1.2500000e+01;7.1403585e-02;1.2500000e+01;9.6536770e-02;1.2500000e+01;1.2586504e-01;1.2500000e+01;1.5815929e-01;1.2500000e+01;1.8380192e-01;1.2500000e+01;2.0499560e-01;1.2500000e+01;2.1797889e-01;1.2500000e+01;2.2208175e-01;1.2500000e+01;2.0604928e-01;1.2500000e+01;1.7283088e-01;1.2500000e+01;1.2959048e-01;1.2500000e+01;8.4941611e-02;1.2500000e+01;4.3693483e-02;1.2500000e+01;-1.1431025e-03;1.2500000e+01;3.9875377e-03;1.2500000e+01;1.5574015e-02;1.2500000e+01;3.1178795e-02;1.2500000e+01;4.9807936e-02;1.2500000e+01;7.1403585e-02;1.2500000e+01;9.6536770e-02;1.2500000e+01;1.2586504e-01;1.2500000e+01;1.5815929e-01;1.2500000e+01;1.8380192e-01;1.2500000e+01;2.0499560e-01;1.2500000e+01;2.1797889e-01;1.2500000e+01;2.2208175e-01;1.2500000e+01;2.0604928e-01;1.2500000e+01;1.7283088e-01;1.2500000e+01;1.2959048e-01;1.2500000e+01;8.4941611e-02;1.2500000e+01;4.3693483e-02;1.2500000e+01;-1.1431025e-03;1.2500000e+01;3.9875377e-03;1.2500000e+01;1.5574015e-02;1.2500000e+01;3.1178795e-02;1.2500000e+01;4.9807936e-02;1.2500000e+01;7.1403585e-02;1.2500000e+01;9.6536770e-02;1.2500000e+01;1.2586504e-01;1.2500000e+01;1.5815929e-01;1.2500000e+01;1.8380192e-01;1.2500000e+01;2.0499560e-01;1.2500000e+01;2.1797889e-01;1.2500000e+01;2.2208175e-01;1.2500000e+01;2.0604928e-01;1.2500000e+01;1.7283088e-01;1.2500000e+01;1.2959048e-01;1.2500000e+01;8.4941611e-02;1.2500000e+01;4.3693483e-02;1.2500000e+01;-1.1431025e-03;1.2500000e+01;3.9875377e-03;1.2500000e+01;1.5574015e-02;1.2500000e+01;3.1178795e-02;1.2500000e+01;4.9807936e-02;1.2500000e+01;7.1403585e-02;1.2500000e+01;9.6536770e-02;1.2500000e+01;1.2586504e-01;1.2500000e+01;1.5815929e-01;1.2500000e+01;1.8380192e-01;1.2500000e+01;2.0499560e-01;1.2500000e+01;2.1797889e-01;1.2500000e+01;2.2208175e-01;1.2500000e+01;2.0604928e-01;1.2500000e+01;1.7283088e-01;1.2500000e+01;1.2959048e-01;1.2500000e+01;8.4941611e-02;1.2500000e+01;4.3693483e-02;1.2500000e+01;-1.1431025e-03;1.2500000e+01;3.9875377e-03;1.2500000e+01;1.5574015e-02;1.2500000e+01;3.1178795e-02;1.2500000e+01;4.9807936e-02;1.2500000e+01;7.1403585e-02;1.2500000e+01;9.6536770e-02;1.2500000e+01;1.2586504e-01;1.2500000e+01;1.5815929e-01;1.2500000e+01;1.8380192e-01;1.2500000e+01;2.0499560e-01;1.2500000e+01;2.1797889e-01;1.2500000e+01;2.2208175e-01;1.2500000e+01;2.0604928e-01;1.2500000e+01;1.7283088e-01;1.2500000e+01;1.2959048e-01;1.2500000e+01;8.4941611e-02;1.2500000e+01;4.3693483e-02;1.2500000e+01;-1.1431025e-03;1.2500000e+01;3.9875377e-03;1.2500000e+01;1.5574015e-02;1.2500000e+01;3.1178795e-02;1.2500000e+01;4.9807936e-02;1.2500000e+01;7.1403585e-02;1.2500000e+01;9.6536770e-02;1.2500000e+01;1.2586504e-01;1.2500000e+01;1.5815929e-01;1.2500000e+01;1.8380192e-01;1.2500000e+01;2.0499560e-01;1.2500000e+01;2.1797889e-01;1.2500000e+01;2.2208175e-01;1.2500000e+01;2.0604928e-01;1.2500000e+01;1.7283088e-01;1.2500000e+01;1.2959048e-01;1.2500000e+01;8.4941611e-02;1.2500000e+01;4.3693483e-02;1.2500000e+01;-1.1431025e-03;1.2500000e+01;3.9875377e-03;1.2500000e+01;1.5574015e-02;1.2500000e+01;3.1178795e-02;1.2500000e+01;4.9807936e-02;1.2500000e+01;7.1403585e-02;1.2500000e+01;9.6536770e-02;1.2500000e+01;1.2586504e-01;1.2500000e+01;1.5815929e-01;1.2500000e+01;1.8380192e-01;1.2500000e+01;2.0499560e-01;1.2500000e+01;2.1797889e-01;1.2500000e+01;2.2208175e-01;1.2500000e+01;2.0604928e-01;1.2500000e+01;1.7283088e-01;1.2500000e+01;1.2959048e-01;1.2500000e+01;8.4941611e-02;1.2500000e+01;4.3693483e-02;1.2500000e+01;-1.1431025e-03;1.2500000e+01;3.9875377e-03;1.2500000e+01;1.5574015e-02;1.2500000e+01;3.1178795e-02;1.2500000e+01;4.9807936e-02;1.2500000e+01;7.1403585e-02;1.2500000e+01;9.6536770e-02;1.2500000e+01;1.2586504e-01;1.2500000e+01;1.5815929e-01;1.2500000e+01;1.8380192e-01;1.2500000e+01;2.0499560e-01;1.2500000e+01;2.1797889e-01;1.2500000e+01;2.2208175e-01;1.2500000e+01;2.0604928e-01;1.2500000e+01;1.7283088e-01;1.2500000e+01;1.2959048e-01;1.2500000e+01;8.4941611e-02;1.2500000e+01;4.3693483e-02;1.2500000e+01;-1.1431025e-03;1.2500000e+01;3.9875377e-03;1.2500000e+01;1.5574015e-02;1.2500000e+01;3.1178795e-02;1.2500000e+01;4.9807936e-02;1.2500000e+01;7.1403585e-02;1.2500000e+01;9.6536770e-02;1.2500000e+01;1.2586504e-01;1.2500000e+01;1.5815929e-01;1.2500000e+01;1.8380192e-01;1.2500000e+01;2.0499560e-01;1.2500000e+01;2.1797889e-01;1.2500000e+01;2.2208175e-01;1.2500000e+01;2.0604928e-01;1.2500000e+01;1.7283088e-01;1.2500000e+01;1.2959048e-01;1.2500000e+01;8.4941611e-02;1.2500000e+01;4.3693483e-02;1.2500000e+01;-1.1431025e-03;1.2500000e+01;3.9875377e-03;1.2500000e+01;1.5574015e-02;1.2500000e+01;3.1178795e-02;1.2500000e+01;4.9807936e-02;1.2500000e+01;7.1403585e-02;1.2500000e+01;9.6536770e-02;1.2500000e+01;1.2586504e-01;1.2500000e+01;1.5815929e-01;1.2500000e+01;1.8380192e-01;1.2500000e+01;2.0499560e-01;1.2500000e+01;2.1797889e-01;1.2500000e+01;2.2208175e-01;1.2500000e+01;2.0604928e-01;1.2500000e+01;1.7283088e-01;1.2500000e+01;1.2959048e-01;1.2500000e+01;8.4941611e-02;1.2500000e+01;4.3693483e-02;1.2500000e+01;-1.1431025e-03;1.2500000e+01;3.9875377e-03;1.2500000e+01;1.5574015e-02;1.2500000e+01;3.1178795e-02;1.2500000e+01;4.9807936e-02;1.2500000e+01;7.1403585e-02;1.2500000e+01;9.6536770e-02;1.2500000e+01;1.2586504e-01;1.2500000e+01;1.5815929e-01;1.2500000e+01;1.8380192e-01;1.2500000e+01;2.0499560e-01;1.2500000e+01;2.1797889e-01;1.2500000e+01;2.2208175e-01;1.2500000e+01;2.0604928e-01;1.2500000e+01;1.7283088e-01;1.2500000e+01;1.2959048e-01;1.2500000e+01;8.4941611e-02;1.2500000e+01;4.3693483e-02;1.2500000e+01;-1.1431025e-03;1.2500000e+01;3.9875377e-03;1.2500000e+01;1.5574015e-02;1.2500000e+01;3.1178795e-02;1.2500000e+01;4.9807936e-02;1.2500000e+01;7.1403585e-02;1.2500000e+01;9.6536770e-02;1.2500000e+01;1.2586504e-01;1.2500000e+01;1.5815929e-01;1.2500000e+01;1.8380192e-01;1.2500000e+01;2.0499560e-01;1.2500000e+01;2.1797889e-01;1.2500000e+01;2.2208175e-01;1.2500000e+01;2.0604928e-01;1.2500000e+01;1.7283088e-01;1.2500000e+01;1.2959048e-01;1.2500000e+01;8.4941611e-02;1.2500000e+01;4.3693483e-02;1.2500000e+01;-1.1431025e-03;1.2500000e+01;3.9875377e-03;1.2500000e+01;1.5574015e-02;1.2500000e+01;3.1178795e-02;1.2500000e+01;4.9807936e-02;1.2500000e+01;7.1403585e-02;1.2500000e+01;9.6536770e-02;1.2500000e+01;1.2586504e-01;1.2500000e+01;1.5815929e-01;1.2500000e+01;1.8380192e-01;1.2500000e+01;2.0499560e-01;1.2500000e+01;2.1797889e-01;1.2500000e+01;2.2208175e-01;1.2500000e+01;2.0604928e-01;1.2500000e+01;1.7283088e-01;1.2500000e+01;1.2959048e-01;1.2500000e+01;8.4941611e-02;1.2500000e+01;4.3693483e-02;1.2500000e+01;-1.1431025e-03;1.2500000e+01;3.9875377e-03;1.2500000e+01;1.5574015e-02;1.2500000e+01;3.1178795e-02;1.2500000e+01;4.9807936e-02;1.2500000e+01;7.1403585e-02;1.2500000e+01;9.6536770e-02;1.2500000e+01;1.2586504e-01;1.2500000e+01;1.5815929e-01;1.2500000e+01;1.8380192e-01;1.2500000e+01;2.0499560e-01;1.2500000e+01;2.1797889e-01;1.2500000e+01;2.2208175e-01;1.2500000e+01;2.0604928e-01;1.2500000e+01;1.7283088e-01;1.2500000e+01;1.2959048e-01;1.2500000e+01;8.4941611e-02;1.2500000e+01;4.3693483e-02;1.2500000e+01;-1.1431025e-03;1.2500000e+01;3.9875377e-03;1.2500000e+01;1.5574015e-02;1.2500000e+01;3.1178795e-02;1.2500000e+01;4.9807936e-02;1.2500000e+01;7.1403585e-02;1.2500000e+01;9.6536770e-02;1.2500000e+01;1.2586504e-01;1.2500000e+01;1.5815929e-01;1.2500000e+01;1.8380192e-01;1.2500000e+01;2.0499560e-01;1.2500000e+01;2.1797889e-01;1.2500000e+01;2.2208175e-01;1.2500000e+01;2.0604928e-01;1.2500000e+01;1.7283088e-01;1.2500000e+01;1.2959048e-01;1.2500000e+01;8.4941611e-02;1.2500000e+01;4.3693483e-02;1.2500000e+01;-1.1431025e-03;1.2500000e+01;3.9875377e-03;1.2500000e+01;1.5574015e-02;1.2500000e+01;3.1178795e-02;1.2500000e+01;4.9807936e-02;1.2500000e+01;7.1403585e-02;1.2500000e+01;9.6536770e-02;1.2500000e+01;1.2586504e-01;1.2500000e+01;1.5815929e-01;1.2500000e+01;1.8380192e-01;1.2500000e+01;2.0499560e-01;1.2500000e+01;2.1797889e-01;1.2500000e+01;2.2208175e-01;1.2500000e+01;2.0604928e-01;1.2500000e+01;1.7283088e-01;1.2500000e+01;1.2959048e-01;1.2500000e+01;8.4941611e-02;1.2500000e+01;4.3693483e-02;1.2500000e+01;-1.1431025e-03;1.2500000e+01;3.9875377e-03;1.2500000e+01;1.5574015e-02;1.2500000e+01;3.1178795e-02;1.2500000e+01;4.9807936e-02;1.2500000e+01;7.1403585e-02;1.2500000e+01;9.6536770e-02;1.2500000e+01;1.2586504e-01;1.2500000e+01;1.5815929e-01;1.2500000e+01;1.8380192e-01;1.2500000e+01;2.0499560e-01;1.2500000e+01;2.1797889e-01;1.2500000e+01;2.2208175e-01;1.2500000e+01;2.0604928e-01;1.2500000e+01;1.7283088e-01;1.2500000e+01;1.2959048e-01;1.2500000e+01;8.4941611e-02;1.2500000e+01;4.3693483e-02;1.2500000e+01;-1.1431025e-03;1.2500000e+01;3.9875377e-03;1.2500000e+01;1.5574015e-02;1.2500000e+01;3.1178795e-02;1.2500000e+01;4.9807936e-02;1.2500000e+01;7.1403585e-02;1.2500000e+01;9.6536770e-02;1.2500000e+01;1.2586504e-01;1.2500000e+01;1.5815929e-01;1.2500000e+01;1.8380192e-01;1.2500000e+01;2.0499560e-01;1.2500000e+01;2.1797889e-01;1.2500000e+01;2.2208175e-01;1.2500000e+01;2.0604928e-01;1.2500000e+01;1.7283088e-01;1.2500000e+01;1.2959048e-01;1.2500000e+01;8.4941611e-02;1.2500000e+01;4.3693483e-02;1.2500000e+01;-1.1431025e-03;1.2500000e+01;3.9875377e-03;1.2500000e+01;1.5574015e-02;1.2500000e+01;3.1178795e-02;1.2500000e+01;4.9807936e-02;1.2500000e+01;7.1403585e-02;1.2500000e+01;9.6536770e-02;1.2500000e+01;1.2586504e-01;1.2500000e+01;1.5815929e-01;1.2500000e+01;1.8380192e-01;1.2500000e+01;2.0499560e-01;1.2500000e+01;2.1797889e-01;1.2500000e+01;2.2208175e-01;1.2500000e+01;2.0604928e-01;1.2500000e+01;1.7283088e-01;1.2500000e+01;1.2959048e-01;1.2500000e+01;8.4941611e-02;1.2500000e+01;4.3693483e-02;1.2500000e+01;-1.1431025e-03;1.2500000e+01;3.9875377e-03;1.2500000e+01;1.5574015e-02;1.2500000e+01;3.1178795e-02;1.2500000e+01;4.9807936e-02;1.2500000e+01;7.1403585e-02;1.2500000e+01;9.6536770e-02;1.2500000e+01;1.2586504e-01;1.2500000e+01;1.5815929e-01;1.2500000e+01;1.8380192e-01;1.2500000e+01;2.0499560e-01;1.2500000e+01;2.1797889e-01;1.2500000e+01;2.2208175e-01;1.2500000e+01;2.0604928e-01;1.2500000e+01;1.7283088e-01;1.2500000e+01;1.2959048e-01;1.2500000e+01;8.4941611e-02;1.2500000e+01;4.3693483e-02;1.2500000e+01;-1.1431025e-03;1.2500000e+01;3.9875377e-03;1.2500000e+01;1.5574015e-02;1.2500000e+01;3.1178795e-02;1.2500000e+01;4.9807936e-02;1.2500000e+01;7.1403585e-02;1.2500000e+01;9.6536770e-02;1.2500000e+01;1.2586504e-01;1.2500000e+01;1.5815929e-01;1.2500000e+01;1.8380192e-01;1.2500000e+01;2.0499560e-01;1.2500000e+01;2.1797889e-01;1.2500000e+01;2.2208175e-01;1.2500000e+01;2.0604928e-01;1.2500000e+01;1.7283088e-01;1.2500000e+01;1.2959048e-01;1.2500000e+01;8.4941611e-02;1.2500000e+01;4.3693483e-02;1.2500000e+01;-1.1431025e-03;1.2500000e+01;3.9875377e-03;1.2500000e+01;1.5574015e-02;1.2500000e+01;3.1178795e-02;1.2500000e+01;4.9807936e-02;1.2500000e+01;7.1403585e-02;1.2500000e+01;9.6536770e-02;1.2500000e+01;1.2586504e-01;1.2500000e+01;1.5815929e-01;1.2500000e+01;1.8380192e-01;1.2500000e+01;2.0499560e-01;1.2500000e+01;2.1797889e-01;1.2500000e+01;2.2208175e-01;1.2500000e+01;2.0604928e-01;1.2500000e+01;1.7283088e-01;1.2500000e+01;1.2959048e-01;1.2500000e+01;8.4941611e-02;1.2500000e+01;4.3693483e-02;1.2500000e+01;-1.1431025e-03;1.2500000e+01;3.9875377e-03;1.2500000e+01;1.5574015e-02;1.2500000e+01;3.1178795e-02;1.2500000e+01;4.9807936e-02;1.2500000e+01;7.1403585e-02;1.2500000e+01;9.6536770e-02;1.2500000e+01;1.2586504e-01;1.2500000e+01;1.5815929e-01;1.2500000e+01;1.8380192e-01;1.2500000e+01;2.0499560e-01;1.2500000e+01;2.1797889e-01;1.2500000e+01;2.2208175e-01;1.2500000e+01;2.0604928e-01;1.2500000e+01;1.7283088e-01;1.2500000e+01;1.2959048e-01;1.2500000e+01;8.4941611e-02;1.2500000e+01;4.3693483e-02;1.2500000e+01;-1.1431025e-03;1.2500000e+01;3.9875377e-03;1.2500000e+01;1.5574015e-02;1.2500000e+01;3.1178795e-02;1.2500000e+01;4.9807936e-02;1.2500000e+01;7.1403585e-02;1.2500000e+01;9.6536770e-02;1.2500000e+01;1.2586504e-01;1.2500000e+01;1.5815929e-01;1.2500000e+01;1.8380192e-01;1.2500000e+01;2.0499560e-01;1.2500000e+01;2.1797889e-01;1.2500000e+01;2.2208175e-01;1.2500000e+01;2.0604928e-01;1.2500000e+01;1.7283088e-01;1.2500000e+01;1.2959048e-01;1.2500000e+01;8.4941611e-02;1.2500000e+01;4.3693483e-02;1.2500000e+01;-1.1431025e-03;1.2500000e+01;3.9875377e-03;1.2500000e+01;1.5574015e-02;1.2500000e+01;3.1178795e-02;1.2500000e+01;4.9807936e-02;1.2500000e+01;7.1403585e-02;1.2500000e+01;9.6536770e-02;1.2500000e+01;1.2586504e-01;1.2500000e+01;1.5815929e-01;1.2500000e+01;1.8380192e-01;1.2500000e+01;2.0499560e-01;1.2500000e+01;2.1797889e-01;1.2500000e+01;2.2208175e-01;1.2500000e+01;2.0604928e-01;1.2500000e+01;1.7283088e-01;1.2500000e+01;1.2959048e-01;1.2500000e+01;8.4941611e-02;1.2500000e+01;4.3693483e-02;1.2500000e+01;-1.1431025e-03;1.2500000e+01;3.9875377e-03;1.2500000e+01;1.5574015e-02;1.2500000e+01;3.1178795e-02;1.2500000e+01;4.9807936e-02;1.2500000e+01;7.1403585e-02;1.2500000e+01;9.6536770e-02;1.2500000e+01;1.2586504e-01;1.2500000e+01;1.5815929e-01;1.2500000e+01;1.8380192e-01;1.2500000e+01;2.0499560e-01;1.2500000e+01;2.1797889e-01;1.2500000e+01;2.2208175e-01;1.2500000e+01;2.0604928e-01;1.2500000e+01;1.7283088e-01;1.2500000e+01;1.2959048e-01;1.2500000e+01;8.4941611e-02;1.2500000e+01;4.3693483e-02;1.2500000e+01;-1.1431025e-03;1.2500000e+01;3.9875377e-03;1.2500000e+01;1.5574015e-02;1.2500000e+01;3.1178795e-02;1.2500000e+01;4.9807936e-02;1.2500000e+01;7.1403585e-02;1.2500000e+01;9.6536770e-02;1.2500000e+01;1.2586504e-01;1.2500000e+01;1.5815929e-01;1.2500000e+01;1.8380192e-01;1.2500000e+01;2.0499560e-01;1.2500000e+01;2.1797889e-01;1.2500000e+01;2.2208175e-01;1.2500000e+01;2.0604928e-01;1.2500000e+01;1.7283088e-01;1.2500000e+01;1.2959048e-01;1.2500000e+01;8.4941611e-02;1.2500000e+01;4.3693483e-02;1.2500000e+01;-1.1431025e-03;1.2500000e+01;3.9875377e-03;1.2500000e+01;1.5574015e-02;1.2500000e+01;3.1178795e-02;1.2500000e+01;4.9807936e-02;1.2500000e+01;7.1403585e-02;1.2500000e+01;9.6536770e-02;1.2500000e+01;1.2586504e-01;1.2500000e+01;1.5815929e-01;1.2500000e+01;1.8380192e-01;1.2500000e+01;2.0499560e-01;1.2500000e+01;2.1797889e-01;1.2500000e+01;2.2208175e-01;1.2500000e+01;2.0604928e-01;1.2500000e+01;1.7283088e-01;1.2500000e+01;1.2959048e-01;1.2500000e+01;8.4941611e-02;1.2500000e+01;4.3693483e-02;1.2500000e+01;-1.1431025e-03;1.2500000e+01;3.9875377e-03;1.2500000e+01;1.5574015e-02;1.2500000e+01;3.1178795e-02;1.2500000e+01;4.9807936e-02;1.2500000e+01;7.1403585e-02;1.2500000e+01;9.6536770e-02;1.2500000e+01;1.2586504e-01;1.2500000e+01;1.5815929e-01;1.2500000e+01;1.8380192e-01;1.2500000e+01;2.0499560e-01;1.2500000e+01;2.1797889e-01;1.2500000e+01;2.2208175e-01;1.2500000e+01;2.0604928e-01;1.2500000e+01;1.7283088e-01;1.2500000e+01;1.2959048e-01;1.2500000e+01;8.4941611e-02;1.2500000e+01;4.3693483e-02;1.2500000e+01;-1.1431025e-03;1.2500000e+01;3.9875377e-03;1.2500000e+01;1.5574015e-02;1.2500000e+01;3.1178795e-02;1.2500000e+01;4.9807936e-02;1.2500000e+01;7.1403585e-02;1.2500000e+01;9.6536770e-02;1.2500000e+01;1.2586504e-01;1.2500000e+01;1.5815929e-01;1.2500000e+01;1.8380192e-01;1.2500000e+01;2.0499560e-01;1.2500000e+01;2.1797889e-01;1.2500000e+01;2.2208175e-01;1.2500000e+01;2.0604928e-01;1.2500000e+01;1.7283088e-01;1.2500000e+01;1.2959048e-01;1.2500000e+01;8.4941611e-02;1.2500000e+01;4.3693483e-02;1.2500000e+01;-1.1431025e-03;1.2500000e+01;3.9875377e-03;1.2500000e+01;1.5574015e-02;1.2500000e+01;3.1178795e-02;1.2500000e+01;4.9807936e-02;1.2500000e+01;7.1403585e-02;1.2500000e+01;9.6536770e-02;1.2500000e+01;1.2586504e-01;1.2500000e+01;1.5815929e-01;1.2500000e+01;1.8380192e-01;1.2500000e+01;2.0499560e-01;1.2500000e+01;2.1797889e-01;1.2500000e+01;2.2208175e-01;1.2500000e+01;2.0604928e-01;1.2500000e+01;1.7283088e-01;1.2500000e+01;1.2959048e-01;1.2500000e+01;8.4941611e-02;1.2500000e+01;4.3693483e-02;1.2500000e+01;-1.1431025e-03;1.2500000e+01;3.9875377e-03;1.2500000e+01;1.5574015e-02;1.2500000e+01;3.1178795e-02;1.2500000e+01;4.9807936e-02;1.2500000e+01;7.1403585e-02;1.2500000e+01;9.6536770e-02;1.2500000e+01;1.2586504e-01;1.2500000e+01;1.5815929e-01;1.2500000e+01;1.8380192e-01;1.2500000e+01;2.0499560e-01;1.2500000e+01;2.1797889e-01;1.2500000e+01;2.2208175e-01;1.2500000e+01;2.0604928e-01;1.2500000e+01;1.7283088e-01;1.2500000e+01;1.2959048e-01;1.2500000e+01;8.4941611e-02;1.2500000e+01;4.3693483e-02;1.2500000e+01;-1.1431025e-03;1.2500000e+01;3.9875377e-03;1.2500000e+01;1.5574015e-02;1.2500000e+01;3.1178795e-02;1.2500000e+01;4.9807936e-02;1.2500000e+01;7.1403585e-02;1.2500000e+01;9.6536770e-02;1.2500000e+01;1.2586504e-01;1.2500000e+01;1.5815929e-01;1.2500000e+01;1.8380192e-01;1.2500000e+01;2.0499560e-01;1.2500000e+01;2.1797889e-01;1.2500000e+01;2.2208175e-01;1.2500000e+01;2.0604928e-01;1.2500000e+01;1.7283088e-01;1.2500000e+01;1.2959048e-01;1.2500000e+01;8.4941611e-02;1.2500000e+01;4.3693483e-02;1.2500000e+01;-1.1431025e-03;1.2500000e+01;3.9875377e-03;1.2500000e+01;1.5574015e-02;1.2500000e+01;3.1178795e-02;1.2500000e+01;4.9807936e-02;1.2500000e+01;7.1403585e-02;1.2500000e+01;9.6536770e-02;1.2500000e+01;1.2586504e-01;1.2500000e+01;1.5815929e-01;1.2500000e+01;1.8380192e-01;1.2500000e+01;2.0499560e-01;1.2500000e+01;2.1797889e-01;1.2500000e+01;2.2208175e-01;1.2500000e+01;2.0604928e-01;1.2500000e+01;1.7283088e-01;1.2500000e+01;1.2959048e-01;1.2500000e+01;8.4941611e-02;1.2500000e+01;4.3693483e-02;1.2500000e+01;-1.1431025e-03;1.2500000e+01;3.9875377e-03;1.2500000e+01;1.5574015e-02;1.2500000e+01;3.1178795e-02;1.2500000e+01;4.9807936e-02;1.2500000e+01;7.1403585e-02;1.2500000e+01;9.6536770e-02;1.2500000e+01;1.2586504e-01;1.2500000e+01;1.5815929e-01;1.2500000e+01;1.8380192e-01;1.2500000e+01;2.0499560e-01;1.2500000e+01;2.1797889e-01;1.2500000e+01;2.2208175e-01;1.2500000e+01;2.0604928e-01;1.2500000e+01;1.7283088e-01;1.2500000e+01;1.2959048e-01;1.2500000e+01;8.4941611e-02;1.2500000e+01;4.3693483e-02;1.2500000e+01;-1.1431025e-03;1.2500000e+01;3.9875377e-03;1.2500000e+01;1.5574015e-02;1.2500000e+01;3.1178795e-02;1.2500000e+01;4.9807936e-02;1.2500000e+01;7.1403585e-02;1.2500000e+01;9.6536770e-02;1.2500000e+01;1.2586504e-01;1.2500000e+01;1.5815929e-01;1.2500000e+01;1.8380192e-01;1.2500000e+01;2.0499560e-01;1.2500000e+01;2.1797889e-01;1.2500000e+01;2.2208175e-01;1.2500000e+01;2.0604928e-01;1.2500000e+01;1.7283088e-01;1.2500000e+01;1.2959048e-01;1.2500000e+01;8.4941611e-02;1.2500000e+01;4.3693483e-02;1.2500000e+01;-1.1431025e-03;1.2500000e+01;3.9875377e-03;1.2500000e+01;1.5574015e-02;1.2500000e+01;3.1178795e-02;1.2500000e+01;4.9807936e-02;1.2500000e+01;7.1403585e-02;1.2500000e+01;9.6536770e-02;1.2500000e+01;1.2586504e-01;1.2500000e+01;1.5815929e-01;1.2500000e+01;1.8380192e-01;1.2500000e+01;2.0499560e-01;1.2500000e+01;2.1797889e-01;1.2500000e+01;2.2208175e-01;1.2500000e+01;2.0604928e-01;1.2500000e+01;1.7283088e-01;1.2500000e+01;1.2959048e-01;1.2500000e+01;8.4941611e-02;1.2500000e+01;4.3693483e-02;1.2500000e+01;-1.1431025e-03;1.2500000e+01;3.9875377e-03;1.2500000e+01;1.5574015e-02;1.2500000e+01;3.1178795e-02;1.2500000e+01;4.9807936e-02;1.2500000e+01;7.1403585e-02;1.2500000e+01;9.6536770e-02;1.2500000e+01;1.2586504e-01;1.2500000e+01;1.5815929e-01;1.2500000e+01;1.8380192e-01;1.2500000e+01;2.0499560e-01;1.2500000e+01;2.1797889e-01;1.2500000e+01;2.2208175e-01;1.2500000e+01;2.0604928e-01;1.2500000e+01;1.7283088e-01;1.2500000e+01;1.2959048e-01;1.2500000e+01;8.4941611e-02;1.2500000e+01;4.3693483e-02;1.2500000e+01;-1.1431025e-03;1.2500000e+01;3.9875377e-03;1.2500000e+01;1.5574015e-02;1.2500000e+01;3.1178795e-02;1.2500000e+01;4.9807936e-02;1.2500000e+01;7.1403585e-02;1.2500000e+01;9.6536770e-02;1.2500000e+01;1.2586504e-01;1.2500000e+01;1.5815929e-01;1.2500000e+01;1.8380192e-01;1.2500000e+01;2.0499560e-01;1.2500000e+01;2.1797889e-01;1.2500000e+01;2.2208175e-01;1.2500000e+01;2.0604928e-01;1.2500000e+01;1.7283088e-01;1.2500000e+01;1.2959048e-01;1.2500000e+01;8.4941611e-02;1.2500000e+01;4.3693483e-02;1.2500000e+01;-1.1431025e-03;1.2500000e+01;3.9875377e-03;1.2500000e+01;1.5574015e-02;1.2500000e+01;3.1178795e-02;1.2500000e+01;4.9807936e-02;1.2500000e+01;7.1403585e-02;1.2500000e+01;9.6536770e-02;1.2500000e+01;1.2586504e-01;1.2500000e+01;1.5815929e-01;1.2500000e+01;1.8380192e-01;1.2500000e+01;2.0499560e-01;1.2500000e+01;2.1797889e-01;1.2500000e+01;2.2208175e-01;1.2500000e+01;2.0604928e-01;1.2500000e+01;1.7283088e-01;1.2500000e+01;1.2959048e-01;1.2500000e+01;8.4941611e-02;1.2500000e+01;4.3693483e-02;1.2500000e+01;-1.1431025e-03;1.2500000e+01;3.9875377e-03;1.2500000e+01;1.5574015e-02;1.2500000e+01;3.1178795e-02;1.2500000e+01;4.9807936e-02;1.2500000e+01;7.1403585e-02;1.2500000e+01;9.6536770e-02;1.2500000e+01;1.2586504e-01;1.2500000e+01;1.5815929e-01;1.2500000e+01;1.8380192e-01;1.2500000e+01;2.0499560e-01;1.2500000e+01;2.1797889e-01;1.2500000e+01;2.2208175e-01;1.2500000e+01;2.0604928e-01;1.2500000e+01;1.7283088e-01;1.2500000e+01;1.2959048e-01;1.2500000e+01;8.4941611e-02;1.2500000e+01;4.3693483e-02;1.2500000e+01;-1.1431025e-03;1.2500000e+01;3.9875377e-03;1.2500000e+01;1.5574015e-02;1.2500000e+01;3.1178795e-02;1.2500000e+01;4.9807936e-02;1.2500000e+01;7.1403585e-02;1.2500000e+01;9.6536770e-02;1.2500000e+01;1.2586504e-01;1.2500000e+01;1.5815929e-01;1.2500000e+01;1.8380192e-01;1.2500000e+01;2.0499560e-01;1.2500000e+01;2.1797889e-01;1.2500000e+01;2.2208175e-01;1.2500000e+01;2.0604928e-01;1.2500000e+01;1.7283088e-01;1.2500000e+01;1.2959048e-01;1.2500000e+01;8.4941611e-02;1.2500000e+01;4.3693483e-02;1.2500000e+01;-1.1431025e-03;1.2500000e+01;3.9875377e-03;1.2500000e+01;1.5574015e-02;1.2500000e+01;3.1178795e-02;1.2500000e+01;4.9807936e-02;1.2500000e+01;7.1403585e-02;1.2500000e+01;9.6536770e-02;1.2500000e+01;1.2586504e-01;1.2500000e+01;1.5815929e-01;1.2500000e+01;1.8380192e-01;1.2500000e+01;2.0499560e-01;1.2500000e+01;2.1797889e-01;1.2500000e+01;2.2208175e-01;1.2500000e+01;2.0604928e-01;1.2500000e+01;1.7283088e-01;1.2500000e+01;1.2959048e-01;1.2500000e+01;8.4941611e-02;1.2500000e+01;4.3693483e-02;1.2500000e+01;-1.1431025e-03;1.2500000e+01;3.9875377e-03;1.2500000e+01;1.5574015e-02;1.2500000e+01;3.1178795e-02;1.2500000e+01;4.9807936e-02;1.2500000e+01;7.1403585e-02;1.2500000e+01;9.6536770e-02;1.2500000e+01;1.2586504e-01;1.2500000e+01;1.5815929e-01;1.2500000e+01;1.8380192e-01;1.2500000e+01;2.0499560e-01;1.2500000e+01;2.1797889e-01;1.2500000e+01;2.2208175e-01;1.2500000e+01;2.0604928e-01;1.2500000e+01;1.7283088e-01;1.2500000e+01;1.2959048e-01;1.2500000e+01;8.4941611e-02;1.2500000e+01;4.3693483e-02;1.2500000e+01;-1.1431025e-03;1.2500000e+01;3.9875377e-03;1.2500000e+01;1.5574015e-02;1.2500000e+01;3.1178795e-02;1.2500000e+01;4.9807936e-02;1.2500000e+01;7.1403585e-02;1.2500000e+01;9.6536770e-02;1.2500000e+01;1.2586504e-01;1.2500000e+01;1.5815929e-01;1.2500000e+01;1.8380192e-01;1.2500000e+01;2.0499560e-01;1.2500000e+01;2.1797889e-01;1.2500000e+01;2.2208175e-01;1.2500000e+01;2.0604928e-01;1.2500000e+01;1.7283088e-01;1.2500000e+01;1.2959048e-01;1.2500000e+01;8.4941611e-02;1.2500000e+01;4.3693483e-02;1.2500000e+01;-1.1431025e-03;1.2500000e+01;3.9875377e-03;1.2500000e+01;1.5574015e-02;1.2500000e+01;3.1178795e-02;1.2500000e+01;4.9807936e-02;1.2500000e+01;7.1403585e-02;1.2500000e+01;9.6536770e-02;1.2500000e+01;1.2586504e-01;1.2500000e+01;1.5815929e-01;1.2500000e+01;1.8380192e-01;1.2500000e+01;2.0499560e-01;1.2500000e+01;2.1797889e-01;1.2500000e+01;2.2208175e-01;1.2500000e+01;2.0604928e-01;1.2500000e+01;1.7283088e-01;1.2500000e+01;1.2959048e-01;1.2500000e+01;8.4941611e-02;1.2500000e+01;4.3693483e-02;1.2500000e+01;-1.1431025e-03;1.2500000e+01;3.9875377e-03;1.2500000e+01;1.5574015e-02;1.2500000e+01;3.1178795e-02;1.2500000e+01;4.9807936e-02;1.2500000e+01;7.1403585e-02;1.2500000e+01;9.6536770e-02;1.2500000e+01;1.2586504e-01;1.2500000e+01;1.5815929e-01;1.2500000e+01;1.8380192e-01;1.2500000e+01;2.0499560e-01;1.2500000e+01;2.1797889e-01;1.2500000e+01;2.2208175e-01;1.2500000e+01;2.0604928e-01;1.2500000e+01;1.7283088e-01;1.2500000e+01;1.2959048e-01;1.2500000e+01;8.4941611e-02;1.2500000e+01;4.3693483e-02;1.2500000e+01;-1.1431025e-03;1.2500000e+01;3.9875377e-03;1.2500000e+01;1.5574015e-02;1.2500000e+01;3.1178795e-02;1.2500000e+01;4.9807936e-02;1.2500000e+01;7.1403585e-02;1.2500000e+01;9.6536770e-02;1.2500000e+01;1.2586504e-01;1.2500000e+01;1.5815929e-01;1.2500000e+01;1.8380192e-01;1.2500000e+01;2.0499560e-01;1.2500000e+01;2.1797889e-01;1.2500000e+01;2.2208175e-01;1.2500000e+01;2.0604928e-01;1.2500000e+01;1.7283088e-01;1.2500000e+01;1.2959048e-01;1.2500000e+01;8.4941611e-02;1.2500000e+01;4.3693483e-02;1.2500000e+01;-1.1431025e-03;1.2500000e+01;3.9875377e-03;1.2500000e+01;1.5574015e-02;1.2500000e+01;3.1178795e-02;1.2500000e+01;4.9807936e-02;1.2500000e+01;7.1403585e-02;1.2500000e+01;9.6536770e-02;1.2500000e+01;1.2586504e-01;1.2500000e+01;1.5815929e-01;1.2500000e+01;1.8380192e-01;1.2500000e+01;2.0499560e-01;1.2500000e+01;2.1797889e-01;1.2500000e+01;2.2208175e-01;1.2500000e+01;2.0604928e-01;1.2500000e+01;1.7283088e-01;1.2500000e+01;1.2959048e-01;1.2500000e+01;8.4941611e-02;1.2500000e+01;4.3693483e-02;1.2500000e+01;-1.1431025e-03;1.2500000e+01;3.9875377e-03;1.2500000e+01;1.5574015e-02;1.2500000e+01;3.1178795e-02;1.2500000e+01;4.9807936e-02;1.2500000e+01;7.1403585e-02;1.2500000e+01;9.6536770e-02;1.2500000e+01;1.2586504e-01;1.2500000e+01;1.5815929e-01;1.2500000e+01;1.8380192e-01;1.2500000e+01;2.0499560e-01;1.2500000e+01;2.1797889e-01;1.2500000e+01;2.2208175e-01;1.2500000e+01;2.0604928e-01;1.2500000e+01;1.7283088e-01;1.2500000e+01;1.2959048e-01;1.2500000e+01;8.4941611e-02;1.2500000e+01;4.3693483e-02;1.2500000e+01;-1.1431025e-03;1.2500000e+01;3.9875377e-03;1.2500000e+01;1.5574015e-02;1.2500000e+01;3.1178795e-02;1.2500000e+01;4.9807936e-02;1.2500000e+01;7.1403585e-02;1.2500000e+01;9.6536770e-02;1.2500000e+01;1.2586504e-01;1.2500000e+01;1.5815929e-01;1.2500000e+01;1.8380192e-01;1.2500000e+01;2.0499560e-01;1.2500000e+01;2.1797889e-01;1.2500000e+01;2.2208175e-01;1.2500000e+01;2.0604928e-01;1.2500000e+01;1.7283088e-01;1.2500000e+01;1.2959048e-01;1.2500000e+01;8.4941611e-02;1.2500000e+01;4.3693483e-02;1.2500000e+01;-1.1431025e-03;1.2500000e+01;3.9875377e-03;1.2500000e+01;1.5574015e-02;1.2500000e+01;3.1178795e-02;1.2500000e+01;4.9807936e-02;1.2500000e+01;7.1403585e-02;1.2500000e+01;9.6536770e-02;1.2500000e+01;1.2586504e-01;1.2500000e+01;1.5815929e-01;1.2500000e+01;1.8380192e-01;1.2500000e+01;2.0499560e-01;1.2500000e+01;2.1797889e-01;1.2500000e+01;2.2208175e-01;1.2500000e+01;2.0604928e-01;1.2500000e+01;1.7283088e-01;1.2500000e+01;1.2959048e-01;1.2500000e+01;8.4941611e-02;1.2500000e+01;4.3693483e-02;1.2500000e+01;-1.1431025e-03;1.2500000e+01;3.9875377e-03;1.2500000e+01;1.5574015e-02;1.2500000e+01;3.1178795e-02;1.2500000e+01;4.9807936e-02;1.2500000e+01;7.1403585e-02;1.2500000e+01;9.6536770e-02;1.2500000e+01;1.2586504e-01;1.2500000e+01;1.5815929e-01;1.2500000e+01;1.8380192e-01;1.2500000e+01;2.0499560e-01;1.2500000e+01;2.1797889e-01;1.2500000e+01;2.2208175e-01;1.2500000e+01;2.0604928e-01;1.2500000e+01;1.7283088e-01;1.2500000e+01;1.2959048e-01;1.2500000e+01;8.4941611e-02;1.2500000e+01;4.3693483e-02;1.2500000e+01;-1.1431025e-03;1.2500000e+01;3.9875377e-03;1.2500000e+01;1.5574015e-02;1.2500000e+01;3.1178795e-02;1.2500000e+01;4.9807936e-02;1.2500000e+01;7.1403585e-02;1.2500000e+01;9.6536770e-02;1.2500000e+01;1.2586504e-01;1.2500000e+01;1.5815929e-01;1.2500000e+01;1.8380192e-01;1.2500000e+01;2.0499560e-01;1.2500000e+01;2.1797889e-01;1.2500000e+01;2.2208175e-01;1.2500000e+01;2.0604928e-01;1.2500000e+01;1.7283088e-01;1.2500000e+01;1.2959048e-01;1.2500000e+01;8.4941611e-02;1.2500000e+01;4.3693483e-02;1.2500000e+01;-1.1431025e-03;1.2500000e+01;3.9875377e-03;1.2500000e+01;1.5574015e-02;1.2500000e+01;3.1178795e-02;1.2500000e+01;4.9807936e-02;1.2500000e+01;7.1403585e-02;1.2500000e+01;9.6536770e-02;1.2500000e+01;1.2586504e-01;1.2500000e+01;1.5815929e-01;1.2500000e+01;1.8380192e-01;1.2500000e+01;2.0499560e-01;1.2500000e+01;2.1797889e-01;1.2500000e+01;2.2208175e-01;1.2500000e+01;2.0604928e-01;1.2500000e+01;1.7283088e-01;1.2500000e+01;1.2959048e-01;1.2500000e+01;8.4941611e-02;1.2500000e+01;4.3693483e-02;1.2500000e+01;-1.1431025e-03;1.2500000e+01;3.9875377e-03;1.2500000e+01;1.5574015e-02;1.2500000e+01;3.1178795e-02;1.2500000e+01;4.9807936e-02;1.2500000e+01;7.1403585e-02;1.2500000e+01;9.6536770e-02;1.2500000e+01;1.2586504e-01;1.2500000e+01;1.5815929e-01;1.2500000e+01;1.8380192e-01;1.2500000e+01;2.0499560e-01;1.2500000e+01;2.1797889e-01;1.2500000e+01;2.2208175e-01;1.2500000e+01;2.0604928e-01;1.2500000e+01;1.7283088e-01;1.2500000e+01;1.2959048e-01;1.2500000e+01;8.4941611e-02;1.2500000e+01;4.3693483e-02;1.2500000e+01;-1.1431025e-03;1.2500000e+01;3.9875377e-03;1.2500000e+01;1.5574015e-02;1.2500000e+01;3.1178795e-02;1.2500000e+01;4.9807936e-02;1.2500000e+01;7.1403585e-02;1.2500000e+01;9.6536770e-02;1.2500000e+01;1.2586504e-01;1.2500000e+01;1.5815929e-01;1.2500000e+01;1.8380192e-01;1.2500000e+01;2.0499560e-01;1.2500000e+01;2.1797889e-01;1.2500000e+01;2.2208175e-01;1.2500000e+01;2.0604928e-01;1.2500000e+01;1.7283088e-01;1.2500000e+01;1.2959048e-01;1.2500000e+01;8.4941611e-02;1.2500000e+01;4.3693483e-02;1.2500000e+01;-1.1431025e-03;1.2500000e+01;3.9875377e-03;1.2500000e+01;1.5574015e-02;1.2500000e+01;3.1178795e-02;1.2500000e+01;4.9807936e-02;1.2500000e+01;7.1403585e-02;1.2500000e+01;9.6536770e-02;1.2500000e+01;1.2586504e-01;1.2500000e+01;1.5815929e-01;1.2500000e+01;1.8380192e-01;1.2500000e+01;2.0499560e-01;1.2500000e+01;2.1797889e-01;1.2500000e+01;2.2208175e-01;1.2500000e+01;2.0604928e-01;1.2500000e+01;1.7283088e-01;1.2500000e+01;1.2959048e-01;1.2500000e+01;8.4941611e-02;1.2500000e+01;4.3693483e-02;1.2500000e+01;-1.1431025e-03;1.2500000e+01;3.9875377e-03;1.2500000e+01;1.5574015e-02;1.2500000e+01;3.1178795e-02;1.2500000e+01;4.9807936e-02;1.2500000e+01;7.1403585e-02;1.2500000e+01;9.6536770e-02;1.2500000e+01;1.2586504e-01;1.2500000e+01;1.5815929e-01;1.2500000e+01;1.8380192e-01;1.2500000e+01;2.0499560e-01;1.2500000e+01;2.1797889e-01;1.2500000e+01;2.2208175e-01;1.2500000e+01;2.0604928e-01;1.2500000e+01;1.7283088e-01;1.2500000e+01;1.2959048e-01;1.2500000e+01;8.4941611e-02;1.2500000e+01;4.3693483e-02;1.2500000e+01;-1.1431025e-03;1.2500000e+01;3.9875377e-03;1.2500000e+01;1.5574015e-02;1.2500000e+01;3.1178795e-02;1.2500000e+01;4.9807936e-02;1.2500000e+01;7.1403585e-02;1.2500000e+01;9.6536770e-02;1.2500000e+01;1.2586504e-01;1.2500000e+01;1.5815929e-01;1.2500000e+01;1.8380192e-01;1.2500000e+01;2.0499560e-01;1.2500000e+01;2.1797889e-01;1.2500000e+01;2.2208175e-01;1.2500000e+01;2.0604928e-01;1.2500000e+01;1.7283088e-01;1.2500000e+01;1.2959048e-01;1.2500000e+01;8.4941611e-02;1.2500000e+01;4.3693483e-02;1.2500000e+01;-1.1431025e-03;1.2500000e+01;3.9875377e-03;1.2500000e+01;1.5574015e-02;1.2500000e+01;3.1178795e-02;1.2500000e+01;4.9807936e-02;1.2500000e+01;7.1403585e-02;1.2500000e+01;9.6536770e-02;1.2500000e+01;1.2586504e-01;1.2500000e+01;1.5815929e-01;1.2500000e+01;1.8380192e-01;1.2500000e+01;2.0499560e-01;1.2500000e+01;2.1797889e-01;1.2500000e+01;2.2208175e-01;1.2500000e+01;2.0604928e-01;1.2500000e+01;1.7283088e-01;1.2500000e+01;1.2959048e-01;1.2500000e+01;8.4941611e-02;1.2500000e+01;4.3693483e-02;1.2500000e+01;-1.1431025e-03;1.2500000e+01;3.9875377e-03;1.2500000e+01;1.5574015e-02;1.2500000e+01;3.1178795e-02;1.2500000e+01;4.9807936e-02;1.2500000e+01;7.1403585e-02;1.2500000e+01;9.6536770e-02;1.2500000e+01;1.2586504e-01;1.2500000e+01;1.5815929e-01;1.2500000e+01;1.8380192e-01;1.2500000e+01;2.0499560e-01;1.2500000e+01;2.1797889e-01;1.2500000e+01;2.2208175e-01;1.2500000e+01;2.0604928e-01;1.2500000e+01;1.7283088e-01;1.2500000e+01;1.2959048e-01;1.2500000e+01;8.4941611e-02;1.2500000e+01;4.3693483e-02;1.2500000e+01;-1.1431025e-03;1.2500000e+01;3.9875377e-03;1.2500000e+01;1.5574015e-02;1.2500000e+01;3.1178795e-02;1.2500000e+01;4.9807936e-02;1.2500000e+01;7.1403585e-02;1.2500000e+01;9.6536770e-02;1.2500000e+01;1.2586504e-01;1.2500000e+01;1.5815929e-01;1.2500000e+01;1.8380192e-01;1.2500000e+01;2.0499560e-01;1.2500000e+01;2.1797889e-01;1.2500000e+01;2.2208175e-01;1.2500000e+01;2.0604928e-01;1.2500000e+01;1.7283088e-01;1.2500000e+01;1.2959048e-01;1.2500000e+01;8.4941611e-02;1.2500000e+01;4.3693483e-02;1.2500000e+01;-1.1431025e-03;1.2500000e+01;3.9875377e-03;1.2500000e+01;1.5574015e-02;1.2500000e+01;3.1178795e-02;1.2500000e+01;4.9807936e-02;1.2500000e+01;7.1403585e-02;1.2500000e+01;9.6536770e-02;1.2500000e+01;1.2586504e-01;1.2500000e+01;1.5815929e-01;1.2500000e+01;1.8380192e-01;1.2500000e+01;2.0499560e-01;1.2500000e+01;2.1797889e-01;1.2500000e+01;2.2208175e-01;1.2500000e+01;2.0604928e-01;1.2500000e+01;1.7283088e-01;1.2500000e+01;1.2959048e-01;1.2500000e+01;8.4941611e-02;1.2500000e+01;4.3693483e-02;1.2500000e+01;-1.1431025e-03;1.2500000e+01;3.9875377e-03;1.2500000e+01;1.5574015e-02;1.2500000e+01;3.1178795e-02;1.2500000e+01;4.9807936e-02;1.2500000e+01;7.1403585e-02;1.2500000e+01;9.6536770e-02;1.2500000e+01;1.2586504e-01;1.2500000e+01;1.5815929e-01;1.2500000e+01;1.8380192e-01;1.2500000e+01;2.0499560e-01;1.2500000e+01;2.1797889e-01;1.2500000e+01;2.2208175e-01;1.2500000e+01;2.0604928e-01;1.2500000e+01;1.7283088e-01;1.2500000e+01;1.2959048e-01;1.2500000e+01;8.4941611e-02;1.2500000e+01;4.3693483e-02;1.2500000e+01;-1.1431025e-03;1.2500000e+01;3.9875377e-03;1.2500000e+01;1.5574015e-02;1.2500000e+01;3.1178795e-02;1.2500000e+01;4.9807936e-02;1.2500000e+01;7.1403585e-02;1.2500000e+01;9.6536770e-02;1.2500000e+01;1.2586504e-01;1.2500000e+01;1.5815929e-01;1.2500000e+01;1.8380192e-01;1.2500000e+01;2.0499560e-01;1.2500000e+01;2.1797889e-01;1.2500000e+01;2.2208175e-01;1.2500000e+01;2.0604928e-01;1.2500000e+01;1.7283088e-01;1.2500000e+01;1.2959048e-01;1.2500000e+01;8.4941611e-02;1.2500000e+01;4.3693483e-02;1.2500000e+01;-1.1431025e-03;1.2500000e+01;3.9875377e-03;1.2500000e+01;1.5574015e-02;1.2500000e+01;3.1178795e-02;1.2500000e+01;4.9807936e-02;1.2500000e+01;7.1403585e-02;1.2500000e+01;9.6536770e-02;1.2500000e+01;1.2586504e-01;1.2500000e+01;1.5815929e-01;1.2500000e+01;1.8380192e-01;1.2500000e+01;2.0499560e-01;1.2500000e+01;2.1797889e-01;1.2500000e+01;2.2208175e-01;1.2500000e+01;2.0604928e-01;1.2500000e+01;1.7283088e-01;1.2500000e+01;1.2959048e-01;1.2500000e+01;8.4941611e-02;1.2500000e+01;4.3693483e-02;1.2500000e+01;-1.1431025e-03;1.2500000e+01;3.9875377e-03;1.2500000e+01;1.5574015e-02;1.2500000e+01;3.1178795e-02;1.2500000e+01;4.9807936e-02;1.2500000e+01;7.1403585e-02;1.2500000e+01;9.6536770e-02;1.2500000e+01;1.2586504e-01;1.2500000e+01;1.5815929e-01;1.2500000e+01;1.8380192e-01;1.2500000e+01;2.0499560e-01;1.2500000e+01;2.1797889e-01;1.2500000e+01;2.2208175e-01;1.2500000e+01;2.0604928e-01;1.2500000e+01;1.7283088e-01;1.2500000e+01;1.2959048e-01;1.2500000e+01;8.4941611e-02;1.2500000e+01;4.3693483e-02;1.2500000e+01;-1.1431025e-03;1.2500000e+01;3.9875377e-03;1.2500000e+01;1.5574015e-02;1.2500000e+01;3.1178795e-02;1.2500000e+01;4.9807936e-02;1.2500000e+01;7.1403585e-02;1.2500000e+01;9.6536770e-02;1.2500000e+01;1.2586504e-01;1.2500000e+01;1.5815929e-01;1.2500000e+01;1.8380192e-01;1.2500000e+01;2.0499560e-01;1.2500000e+01;2.1797889e-01;1.2500000e+01;2.2208175e-01;1.2500000e+01;2.0604928e-01;1.2500000e+01;1.7283088e-01;1.2500000e+01;1.2959048e-01;1.2500000e+01;8.4941611e-02;1.2500000e+01;4.3693483e-02;1.2500000e+01;-1.1431025e-03;1.2500000e+01;3.9875377e-03;1.2500000e+01;1.5574015e-02;1.2500000e+01;3.1178795e-02;1.2500000e+01;4.9807936e-02;1.2500000e+01;7.1403585e-02;1.2500000e+01;9.6536770e-02;1.2500000e+01;1.2586504e-01;1.2500000e+01;1.5815929e-01;1.2500000e+01;1.8380192e-01;1.2500000e+01;2.0499560e-01;1.2500000e+01;2.1797889e-01;1.2500000e+01;2.2208175e-01;1.2500000e+01;2.0604928e-01;1.2500000e+01;1.7283088e-01;1.2500000e+01;1.2959048e-01;1.2500000e+01;8.4941611e-02;1.2500000e+01;4.3693483e-02;1.2500000e+01;-1.1431025e-03;1.2500000e+01;3.9875377e-03;1.2500000e+01;1.5574015e-02;1.2500000e+01;3.1178795e-02;1.2500000e+01;4.9807936e-02;1.2500000e+01;7.1403585e-02;1.2500000e+01;9.6536770e-02;1.2500000e+01;1.2586504e-01;1.2500000e+01;1.5815929e-01;1.2500000e+01;1.8380192e-01;1.2500000e+01;2.0499560e-01;1.2500000e+01;2.1797889e-01;1.2500000e+01;2.2208175e-01;1.2500000e+01;2.0604928e-01;1.2500000e+01;1.7283088e-01;1.2500000e+01;1.2959048e-01;1.2500000e+01;8.4941611e-02;1.2500000e+01;4.3693483e-02;1.2500000e+01;-1.1431025e-03;1.2500000e+01;3.9875377e-03;1.2500000e+01;1.5574015e-02;1.2500000e+01;3.1178795e-02;1.2500000e+01;4.9807936e-02;1.2500000e+01;7.1403585e-02;1.2500000e+01;9.6536770e-02;1.2500000e+01;1.2586504e-01;1.2500000e+01;1.5815929e-01;1.2500000e+01;1.8380192e-01;1.2500000e+01;2.0499560e-01;1.2500000e+01;2.1797889e-01;1.2500000e+01;2.2208175e-01;1.2500000e+01;2.0604928e-01;1.2500000e+01;1.7283088e-01;1.2500000e+01;1.2959048e-01;1.2500000e+01;8.4941611e-02;1.2500000e+01;4.3693483e-02;1.2500000e+01;-1.1431025e-03;1.2500000e+01;3.9875377e-03;1.2500000e+01;1.5574015e-02;1.2500000e+01;3.1178795e-02;1.2500000e+01;4.9807936e-02;1.2500000e+01;7.1403585e-02;1.2500000e+01;9.6536770e-02;1.2500000e+01;1.2586504e-01;1.2500000e+01;1.5815929e-01;1.2500000e+01;1.8380192e-01;1.2500000e+01;2.0499560e-01;1.2500000e+01;2.1797889e-01;1.2500000e+01;2.2208175e-01;1.2500000e+01;2.0604928e-01;1.2500000e+01;1.7283088e-01;1.2500000e+01;1.2959048e-01;1.2500000e+01;8.4941611e-02;1.2500000e+01;4.3693483e-02;1.2500000e+01;-1.1431025e-03;1.2500000e+01;3.9875377e-03;1.2500000e+01;1.5574015e-02;1.2500000e+01;3.1178795e-02;1.2500000e+01;4.9807936e-02;1.2500000e+01;7.1403585e-02;1.2500000e+01;9.6536770e-02;1.2500000e+01;1.2586504e-01;1.2500000e+01;1.5815929e-01;1.2500000e+01;1.8380192e-01;1.2500000e+01;2.0499560e-01;1.2500000e+01;2.1797889e-01;1.2500000e+01;2.2208175e-01;1.2500000e+01;2.0604928e-01;1.2500000e+01;1.7283088e-01;1.2500000e+01;1.2959048e-01;1.2500000e+01;8.4941611e-02;1.2500000e+01;4.3693483e-02;1.2500000e+01;-1.1431025e-03;1.2500000e+01;3.9875377e-03;1.2500000e+01;1.5574015e-02;1.2500000e+01;3.1178795e-02;1.2500000e+01;4.9807936e-02;1.2500000e+01;7.1403585e-02;1.2500000e+01;9.6536770e-02;1.2500000e+01;1.2586504e-01;1.2500000e+01;1.5815929e-01;1.2500000e+01;1.8380192e-01;1.2500000e+01;2.0499560e-01;1.2500000e+01;2.1797889e-01;1.2500000e+01;2.2208175e-01;1.2500000e+01;2.0604928e-01;1.2500000e+01;1.7283088e-01;1.2500000e+01;1.2959048e-01;1.2500000e+01;8.4941611e-02;1.2500000e+01;4.3693483e-02;1.2500000e+01;-1.1431025e-03;1.2500000e+01;3.9875377e-03;1.2500000e+01;1.5574015e-02;1.2500000e+01;3.1178795e-02;1.2500000e+01;4.9807936e-02;1.2500000e+01;7.1403585e-02;1.2500000e+01;9.6536770e-02;1.2500000e+01;1.2586504e-01;1.2500000e+01;1.5815929e-01;1.2500000e+01;1.8380192e-01;1.2500000e+01;2.0499560e-01;1.2500000e+01;2.1797889e-01;1.2500000e+01;2.2208175e-01;1.2500000e+01;2.0604928e-01;1.2500000e+01;1.7283088e-01;1.2500000e+01;1.2959048e-01;1.2500000e+01;8.4941611e-02;1.2500000e+01;4.3693483e-02;1.2500000e+01;-1.1431025e-03;1.2500000e+01;3.9875377e-03;1.2500000e+01;1.5574015e-02;1.2500000e+01;3.1178795e-02;1.2500000e+01;4.9807936e-02;1.2500000e+01;7.1403585e-02;1.2500000e+01;9.6536770e-02;1.2500000e+01;1.2586504e-01;1.2500000e+01;1.5815929e-01;1.2500000e+01;1.8380192e-01;1.2500000e+01;2.0499560e-01;1.2500000e+01;2.1797889e-01;1.2500000e+01;2.2208175e-01;1.2500000e+01;2.0604928e-01;1.2500000e+01;1.7283088e-01;1.2500000e+01;1.2959048e-01;1.2500000e+01;8.4941611e-02;1.2500000e+01;4.3693483e-02;1.2500000e+01;-1.1431025e-03;1.2500000e+01;3.9875377e-03;1.2500000e+01;1.5574015e-02;1.2500000e+01;3.1178795e-02;1.2500000e+01;4.9807936e-02;1.2500000e+01;7.1403585e-02;1.2500000e+01;9.6536770e-02;1.2500000e+01;1.2586504e-01;1.2500000e+01;1.5815929e-01;1.2500000e+01;1.8380192e-01;1.2500000e+01;2.0499560e-01;1.2500000e+01;2.1797889e-01;1.2500000e+01;2.2208175e-01;1.2500000e+01;2.0604928e-01;1.2500000e+01;1.7283088e-01;1.2500000e+01;1.2959048e-01;1.2500000e+01;8.4941611e-02;1.2500000e+01;4.3693483e-02;1.2500000e+01;-1.1431025e-03;1.2500000e+01;3.9875377e-03;1.2500000e+01;1.5574015e-02;1.2500000e+01;3.1178795e-02;1.2500000e+01;4.9807936e-02;1.2500000e+01;7.1403585e-02;1.2500000e+01;9.6536770e-02;1.2500000e+01;1.2586504e-01;1.2500000e+01;1.5815929e-01;1.2500000e+01;1.8380192e-01;1.2500000e+01;2.0499560e-01;1.2500000e+01;2.1797889e-01;1.2500000e+01;2.2208175e-01;1.2500000e+01;2.0604928e-01;1.2500000e+01;1.7283088e-01;1.2500000e+01;1.2959048e-01;1.2500000e+01;8.4941611e-02;1.2500000e+01;4.3693483e-02;1.2500000e+01;-1.1431025e-03;1.2500000e+01;3.9875377e-03;1.2500000e+01;1.5574015e-02;1.2500000e+01;3.1178795e-02;1.2500000e+01;4.9807936e-02;1.2500000e+01;7.1403585e-02;1.2500000e+01;9.6536770e-02;1.2500000e+01;1.2586504e-01;1.2500000e+01;1.5815929e-01;1.2500000e+01;1.8380192e-01;1.2500000e+01;2.0499560e-01;1.2500000e+01;2.1797889e-01;1.2500000e+01;2.2208175e-01;1.2500000e+01;2.0604928e-01;1.2500000e+01;1.7283088e-01;1.2500000e+01;1.2959048e-01;1.2500000e+01;8.4941611e-02;1.2500000e+01;4.3693483e-02;1.2500000e+01;-1.1431025e-03;1.2500000e+01;3.9875377e-03;1.2500000e+01;1.5574015e-02;1.2500000e+01;3.1178795e-02;1.2500000e+01;4.9807936e-02;1.2500000e+01;7.1403585e-02;1.2500000e+01;9.6536770e-02;1.2500000e+01;1.2586504e-01;1.2500000e+01;1.5815929e-01;1.2500000e+01;1.8380192e-01;1.2500000e+01;2.0499560e-01;1.2500000e+01;2.1797889e-01;1.2500000e+01;2.2208175e-01;1.2500000e+01;2.0604928e-01;1.2500000e+01;1.7283088e-01;1.2500000e+01;1.2959048e-01;1.2500000e+01;8.4941611e-02;1.2500000e+01;4.3693483e-02;1.2500000e+01;-1.1431025e-03;1.2500000e+01;3.9875377e-03;1.2500000e+01;1.5574015e-02;1.2500000e+01;3.1178795e-02;1.2500000e+01;4.9807936e-02;1.2500000e+01;7.1403585e-02;1.2500000e+01;9.6536770e-02;1.2500000e+01;1.2586504e-01;1.2500000e+01;1.5815929e-01;1.2500000e+01;1.8380192e-01;1.2500000e+01;2.0499560e-01;1.2500000e+01;2.1797889e-01;1.2500000e+01;2.2208175e-01;1.2500000e+01;2.0604928e-01;1.2500000e+01;1.7283088e-01;1.2500000e+01;1.2959048e-01;1.2500000e+01;8.4941611e-02;1.2500000e+01;4.3693483e-02;1.2500000e+01;-1.1431025e-03;1.2500000e+01;3.9875377e-03;1.2500000e+01;1.5574015e-02;1.2500000e+01;3.1178795e-02;1.2500000e+01;4.9807936e-02;1.2500000e+01;7.1403585e-02;1.2500000e+01;9.6536770e-02;1.2500000e+01;1.2586504e-01;1.2500000e+01;1.5815929e-01;1.2500000e+01;1.8380192e-01;1.2500000e+01;2.0499560e-01;1.2500000e+01;2.1797889e-01;1.2500000e+01;2.2208175e-01;1.2500000e+01;2.0604928e-01;1.2500000e+01;1.7283088e-01;1.2500000e+01;1.2959048e-01;1.2500000e+01;8.4941611e-02;1.2500000e+01;4.3693483e-02;1.2500000e+01;-1.1431025e-03;1.2500000e+01;3.9875377e-03;1.2500000e+01;1.5574015e-02;1.2500000e+01;3.1178795e-02;1.2500000e+01;4.9807936e-02;1.2500000e+01;7.1403585e-02;1.2500000e+01;9.6536770e-02;1.2500000e+01;1.2586504e-01;1.2500000e+01;1.5815929e-01;1.2500000e+01;1.8380192e-01;1.2500000e+01;2.0499560e-01;1.2500000e+01;2.1797889e-01;1.2500000e+01;2.2208175e-01;1.2500000e+01;2.0604928e-01;1.2500000e+01;1.7283088e-01;1.2500000e+01;1.2959048e-01;1.2500000e+01;8.4941611e-02;1.2500000e+01;4.3693483e-02;1.2500000e+01;-1.1431025e-03;1.2500000e+01;3.9875377e-03;1.2500000e+01;1.5574015e-02;1.2500000e+01;3.1178795e-02;1.2500000e+01;4.9807936e-02;1.2500000e+01;7.1403585e-02;1.2500000e+01;9.6536770e-02;1.2500000e+01;1.2586504e-01;1.2500000e+01;1.5815929e-01;1.2500000e+01;1.8380192e-01;1.2500000e+01;2.0499560e-01;1.2500000e+01;2.1797889e-01;1.2500000e+01;2.2208175e-01;1.2500000e+01;2.0604928e-01;1.2500000e+01;1.7283088e-01;1.2500000e+01;1.2959048e-01;1.2500000e+01;8.4941611e-02;1.2500000e+01;4.3693483e-02;1.2500000e+01;-1.1431025e-03;1.2500000e+01;3.9875377e-03;1.2500000e+01;1.5574015e-02;1.2500000e+01;3.1178795e-02;1.2500000e+01;4.9807936e-02;1.2500000e+01;7.1403585e-02;1.2500000e+01;9.6536770e-02;1.2500000e+01;1.2586504e-01;1.2500000e+01;1.5815929e-01;1.2500000e+01;1.8380192e-01;1.2500000e+01;2.0499560e-01;1.2500000e+01;2.1797889e-01;1.2500000e+01;2.2208175e-01;1.2500000e+01;2.0604928e-01;1.2500000e+01;1.7283088e-01;1.2500000e+01;1.2959048e-01;1.2500000e+01;8.4941611e-02;1.2500000e+01;4.3693483e-02;1.2500000e+01;-1.1431025e-03;1.2500000e+01;3.9875377e-03;1.2500000e+01;1.5574015e-02;1.2500000e+01;3.1178795e-02;1.2500000e+01;4.9807936e-02;1.2500000e+01;7.1403585e-02;1.2500000e+01;9.6536770e-02;1.2500000e+01;1.2586504e-01;1.2500000e+01;1.5815929e-01;1.2500000e+01;1.8380192e-01;1.2500000e+01;2.0499560e-01;1.2500000e+01;2.1797889e-01;1.2500000e+01;2.2208175e-01;1.2500000e+01;2.0604928e-01;1.2500000e+01;1.7283088e-01;1.2500000e+01;1.2959048e-01;1.2500000e+01;8.4941611e-02;1.2500000e+01;4.3693483e-02;1.2500000e+01;-1.1431025e-03;1.2500000e+01;3.9875377e-03;1.2500000e+01;1.5574015e-02;1.2500000e+01;3.1178795e-02;1.2500000e+01;4.9807936e-02;1.2500000e+01;7.1403585e-02;1.2500000e+01;9.6536770e-02;1.2500000e+01;1.2586504e-01;1.2500000e+01;1.5815929e-01;1.2500000e+01;1.8380192e-01;1.2500000e+01;2.0499560e-01;1.2500000e+01;2.1797889e-01;1.2500000e+01;2.2208175e-01;1.2500000e+01;2.0604928e-01;1.2500000e+01;1.7283088e-01;1.2500000e+01;1.2959048e-01;1.2500000e+01;8.4941611e-02;1.2500000e+01;4.3693483e-02;1.2500000e+01;-1.1431025e-03;1.2500000e+01;3.9875377e-03;1.2500000e+01;1.5574015e-02;1.2500000e+01;3.1178795e-02;1.2500000e+01;4.9807936e-02;1.2500000e+01;7.1403585e-02;1.2500000e+01;9.6536770e-02;1.2500000e+01;1.2586504e-01;1.2500000e+01;1.5815929e-01;1.2500000e+01;1.8380192e-01;1.2500000e+01;2.0499560e-01;1.2500000e+01;2.1797889e-01;1.2500000e+01;2.2208175e-01;1.2500000e+01;2.0604928e-01;1.2500000e+01;1.7283088e-01;1.2500000e+01;1.2959048e-01;1.2500000e+01;8.4941611e-02;1.2500000e+01;4.3693483e-02;1.2500000e+01;-1.1431025e-03;1.2500000e+01;3.9875377e-03;1.2500000e+01;1.5574015e-02;1.2500000e+01;3.1178795e-02;1.2500000e+01;4.9807936e-02;1.2500000e+01;7.1403585e-02;1.2500000e+01;9.6536770e-02;1.2500000e+01;1.2586504e-01;1.2500000e+01;1.5815929e-01;1.2500000e+01;1.8380192e-01;1.2500000e+01;2.0499560e-01;1.2500000e+01;2.1797889e-01;1.2500000e+01;2.2208175e-01;1.2500000e+01;2.0604928e-01;1.2500000e+01;1.7283088e-01;1.2500000e+01;1.2959048e-01;1.2500000e+01;8.4941611e-02;1.2500000e+01;4.3693483e-02;1.2500000e+01;-1.1431025e-03;1.2500000e+01;3.9875377e-03;1.2500000e+01;1.5574015e-02;1.2500000e+01;3.1178795e-02;1.2500000e+01;4.9807936e-02;1.2500000e+01;7.1403585e-02;1.2500000e+01;9.6536770e-02;1.2500000e+01;1.2586504e-01;1.2500000e+01;1.5815929e-01;1.2500000e+01;1.8380192e-01;1.2500000e+01;2.0499560e-01;1.2500000e+01;2.1797889e-01;1.2500000e+01;2.2208175e-01;1.2500000e+01;2.0604928e-01;1.2500000e+01;1.7283088e-01;1.2500000e+01;1.2959048e-01;1.2500000e+01;8.4941611e-02;1.2500000e+01;4.3693483e-02;1.2500000e+01;-1.1431025e-03;1.2500000e+01;3.9875377e-03;1.2500000e+01;1.5574015e-02;1.2500000e+01;3.1178795e-02;1.2500000e+01;4.9807936e-02;1.2500000e+01;7.1403585e-02;1.2500000e+01;9.6536770e-02;1.2500000e+01;1.2586504e-01;1.2500000e+01;1.5815929e-01;1.2500000e+01;1.8380192e-01;1.2500000e+01;2.0499560e-01;1.2500000e+01;2.1797889e-01;1.2500000e+01;2.2208175e-01;1.2500000e+01;2.0604928e-01;1.2500000e+01;1.7283088e-01;1.2500000e+01;1.2959048e-01;1.2500000e+01;8.4941611e-02;1.2500000e+01;4.3693483e-02;1.2500000e+01;-1.1431025e-03;1.2500000e+01;3.9875377e-03;1.2500000e+01;1.5574015e-02;1.2500000e+01;3.1178795e-02;1.2500000e+01;4.9807936e-02;1.2500000e+01;7.1403585e-02;1.2500000e+01;9.6536770e-02;1.2500000e+01;1.2586504e-01;1.2500000e+01;1.5815929e-01;1.2500000e+01;1.8380192e-01;1.2500000e+01;2.0499560e-01;1.2500000e+01;2.1797889e-01;1.2500000e+01;2.2208175e-01;1.2500000e+01;2.0604928e-01;1.2500000e+01;1.7283088e-01;1.2500000e+01;1.2959048e-01;1.2500000e+01;8.4941611e-02;1.2500000e+01;4.3693483e-02;1.2500000e+01;-1.1431025e-03;1.2500000e+01;3.9875377e-03;1.2500000e+01;1.5574015e-02;1.2500000e+01;3.1178795e-02;1.2500000e+01;4.9807936e-02;1.2500000e+01;7.1403585e-02;1.2500000e+01;9.6536770e-02;1.2500000e+01;1.2586504e-01;1.2500000e+01;1.5815929e-01;1.2500000e+01;1.8380192e-01;1.2500000e+01;2.0499560e-01;1.2500000e+01;2.1797889e-01;1.2500000e+01;2.2208175e-01;1.2500000e+01;2.0604928e-01;1.2500000e+01;1.7283088e-01;1.2500000e+01;1.2959048e-01;1.2500000e+01;8.4941611e-02;1.2500000e+01;4.3693483e-02;1.2500000e+01;-1.1431025e-03;1.2500000e+01;3.9875377e-03;1.2500000e+01;1.5574015e-02;1.2500000e+01;3.1178795e-02;1.2500000e+01;4.9807936e-02;1.2500000e+01;7.1403585e-02;1.2500000e+01;9.6536770e-02;1.2500000e+01;1.2586504e-01;1.2500000e+01;1.5815929e-01;1.2500000e+01;1.8380192e-01;1.2500000e+01;2.0499560e-01;1.2500000e+01;2.1797889e-01;1.2500000e+01;2.2208175e-01;1.2500000e+01;2.0604928e-01;1.2500000e+01;1.7283088e-01;1.2500000e+01;1.2959048e-01;1.2500000e+01;8.4941611e-02;1.2500000e+01;4.3693483e-02;1.2500000e+01;-1.1431025e-03;1.2500000e+01;3.9875377e-03;1.2500000e+01;1.5574015e-02;1.2500000e+01;3.1178795e-02;1.2500000e+01;4.9807936e-02;1.2500000e+01;7.1403585e-02;1.2500000e+01;9.6536770e-02;1.2500000e+01;1.2586504e-01;1.2500000e+01;1.5815929e-01;1.2500000e+01;1.8380192e-01;1.2500000e+01;2.0499560e-01;1.2500000e+01;2.1797889e-01;1.2500000e+01;2.2208175e-01;1.2500000e+01;2.0604928e-01;1.2500000e+01;1.7283088e-01;1.2500000e+01;1.2959048e-01;1.2500000e+01;8.4941611e-02;1.2500000e+01;4.3693483e-02;1.2500000e+01;-1.1431025e-03;1.2500000e+01;3.9875377e-03;1.2500000e+01;1.5574015e-02;1.2500000e+01;3.1178795e-02;1.2500000e+01;4.9807936e-02;1.2500000e+01;7.1403585e-02;1.2500000e+01;9.6536770e-02;1.2500000e+01;1.2586504e-01;1.2500000e+01;1.5815929e-01;1.2500000e+01;1.8380192e-01;1.2500000e+01;2.0499560e-01;1.2500000e+01;2.1797889e-01;1.2500000e+01;2.2208175e-01;1.2500000e+01;2.0604928e-01;1.2500000e+01;1.7283088e-01;1.2500000e+01;1.2959048e-01;1.2500000e+01;8.4941611e-02;1.2500000e+01;4.3693483e-02;1.2500000e+01;-1.1431025e-03;1.2500000e+01;3.9875377e-03;1.2500000e+01;1.5574015e-02;1.2500000e+01;3.1178795e-02;1.2500000e+01;4.9807936e-02;1.2500000e+01;7.1403585e-02;1.2500000e+01;9.6536770e-02;1.2500000e+01;1.2586504e-01;1.2500000e+01;1.5815929e-01;1.2500000e+01;1.8380192e-01;1.2500000e+01;2.0499560e-01;1.2500000e+01;2.1797889e-01;1.2500000e+01;2.2208175e-01;1.2500000e+01;2.0604928e-01;1.2500000e+01;1.7283088e-01;1.2500000e+01;1.2959048e-01;1.2500000e+01;8.4941611e-02;1.2500000e+01;4.3693483e-02;1.2500000e+01;-1.1431025e-03;1.2500000e+01;3.9875377e-03;1.2500000e+01;1.5574015e-02;1.2500000e+01;3.1178795e-02;1.2500000e+01;4.9807936e-02;1.2500000e+01;7.1403585e-02;1.2500000e+01;9.6536770e-02;1.2500000e+01;1.2586504e-01;1.2500000e+01;1.5815929e-01;1.2500000e+01;1.8380192e-01;1.2500000e+01;2.0499560e-01;1.2500000e+01;2.1797889e-01;1.2500000e+01;2.2208175e-01;1.2500000e+01;2.0604928e-01;1.2500000e+01;1.7283088e-01;1.2500000e+01;1.2959048e-01;1.2500000e+01;8.4941611e-02;1.2500000e+01;4.3693483e-02;1.2500000e+01;-1.1431025e-03;1.2500000e+01;3.9875377e-03;1.2500000e+01;1.5574015e-02;1.2500000e+01;3.1178795e-02;1.2500000e+01;4.9807936e-02;1.2500000e+01;7.1403585e-02;1.2500000e+01;9.6536770e-02;1.2500000e+01;1.2586504e-01;1.2500000e+01;1.5815929e-01;1.2500000e+01;1.8380192e-01;1.2500000e+01;2.0499560e-01;1.2500000e+01;2.1797889e-01;1.2500000e+01;2.2208175e-01;1.2500000e+01;2.0604928e-01;1.2500000e+01;1.7283088e-01;1.2500000e+01;1.2959048e-01;1.2500000e+01;8.4941611e-02;1.2500000e+01;4.3693483e-02;1.2500000e+01;-1.1431025e-03;1.2500000e+01;3.9875377e-03;1.2500000e+01;1.5574015e-02;1.2500000e+01;3.1178795e-02;1.2500000e+01;4.9807936e-02;1.2500000e+01;7.1403585e-02;1.2500000e+01;9.6536770e-02;1.2500000e+01;1.2586504e-01;1.2500000e+01;1.5815929e-01;1.2500000e+01;1.8380192e-01;1.2500000e+01;2.0499560e-01;1.2500000e+01;2.1797889e-01;1.2500000e+01;2.2208175e-01;1.2500000e+01;2.0604928e-01;1.2500000e+01;1.7283088e-01;1.2500000e+01;1.2959048e-01;1.2500000e+01;8.4941611e-02;1.2500000e+01;4.3693483e-02;1.2500000e+01;-1.1431025e-03;1.2500000e+01;3.9875377e-03;1.2500000e+01;1.5574015e-02;1.2500000e+01;3.1178795e-02;1.2500000e+01;4.9807936e-02;1.2500000e+01;7.1403585e-02;1.2500000e+01;9.6536770e-02;1.2500000e+01;1.2586504e-01;1.2500000e+01;1.5815929e-01;1.2500000e+01;1.8380192e-01;1.2500000e+01;2.0499560e-01;1.2500000e+01;2.1797889e-01;1.2500000e+01;2.2208175e-01;1.2500000e+01;2.0604928e-01;1.2500000e+01;1.7283088e-01;1.2500000e+01;1.2959048e-01;1.2500000e+01;8.4941611e-02;1.2500000e+01;4.3693483e-02;1.2500000e+01;-1.1431025e-03;1.2500000e+01;3.9875377e-03;1.2500000e+01;1.5574015e-02;1.2500000e+01;3.1178795e-02;1.2500000e+01;4.9807936e-02;1.2500000e+01;7.1403585e-02;1.2500000e+01;9.6536770e-02;1.2500000e+01;1.2586504e-01;1.2500000e+01;1.5815929e-01;1.2500000e+01;1.8380192e-01;1.2500000e+01;2.0499560e-01;1.2500000e+01;2.1797889e-01;1.2500000e+01;2.2208175e-01;1.2500000e+01;2.0604928e-01;1.2500000e+01;1.7283088e-01;1.2500000e+01;1.2959048e-01;1.2500000e+01;8.4941611e-02;1.2500000e+01;4.3693483e-02;1.2500000e+01;-1.1431025e-03;1.2500000e+01;3.9875377e-03;1.2500000e+01;1.5574015e-02;1.2500000e+01;3.1178795e-02;1.2500000e+01;4.9807936e-02;1.2500000e+01;7.1403585e-02;1.2500000e+01;9.6536770e-02;1.2500000e+01;1.2586504e-01;1.2500000e+01;1.5815929e-01;1.2500000e+01;1.8380192e-01;1.2500000e+01;2.0499560e-01;1.2500000e+01;2.1797889e-01;1.2500000e+01;2.2208175e-01;1.2500000e+01;2.0604928e-01;1.2500000e+01;1.7283088e-01;1.2500000e+01;1.2959048e-01;1.2500000e+01;8.4941611e-02;1.2500000e+01;4.3693483e-02;1.2500000e+01;-1.1431025e-03;1.2500000e+01;3.9875377e-03;1.2500000e+01;1.5574015e-02;1.2500000e+01;3.1178795e-02;1.2500000e+01;4.9807936e-02;1.2500000e+01;7.1403585e-02;1.2500000e+01;9.6536770e-02;1.2500000e+01;1.2586504e-01;1.2500000e+01;1.5815929e-01;1.2500000e+01;1.8380192e-01;1.2500000e+01;2.0499560e-01;1.2500000e+01;2.1797889e-01;1.2500000e+01;2.2208175e-01;1.2500000e+01;2.0604928e-01;1.2500000e+01;1.7283088e-01;1.2500000e+01;1.2959048e-01;1.2500000e+01;8.4941611e-02;1.2500000e+01;4.3693483e-02;1.2500000e+01;-1.1431025e-03;1.2500000e+01;3.9875377e-03;1.2500000e+01;1.5574015e-02;1.2500000e+01;3.1178795e-02;1.2500000e+01;4.9807936e-02;1.2500000e+01;7.1403585e-02;1.2500000e+01;9.6536770e-02;1.2500000e+01;1.2586504e-01;1.2500000e+01;1.5815929e-01;1.2500000e+01;1.8380192e-01;1.2500000e+01;2.0499560e-01;1.2500000e+01;2.1797889e-01;1.2500000e+01;2.2208175e-01;1.2500000e+01;2.0604928e-01;1.2500000e+01;1.7283088e-01;1.2500000e+01;1.2959048e-01;1.2500000e+01;8.4941611e-02;1.2500000e+01;4.3693483e-02;1.2500000e+01;-1.1431025e-03;1.2500000e+01;3.9875377e-03;1.2500000e+01;1.5574015e-02;1.2500000e+01;3.1178795e-02;1.2500000e+01;4.9807936e-02;1.2500000e+01;7.1403585e-02;1.2500000e+01;9.6536770e-02;1.2500000e+01;1.2586504e-01;1.2500000e+01;1.5815929e-01;1.2500000e+01;1.8380192e-01;1.2500000e+01;2.0499560e-01;1.2500000e+01;2.1797889e-01;1.2500000e+01;2.2208175e-01;1.2500000e+01;2.0604928e-01;1.2500000e+01;1.7283088e-01;1.2500000e+01;1.2959048e-01;1.2500000e+01;8.4941611e-02;1.2500000e+01;4.3693483e-02;1.2500000e+01;-1.1431025e-03;1.2500000e+01;3.9875377e-03;1.2500000e+01;1.5574015e-02;1.2500000e+01;3.1178795e-02;1.2500000e+01;4.9807936e-02;1.2500000e+01;7.1403585e-02;1.2500000e+01;9.6536770e-02;1.2500000e+01;1.2586504e-01;1.2500000e+01;1.5815929e-01;1.2500000e+01;1.8380192e-01;1.2500000e+01;2.0499560e-01;1.2500000e+01;2.1797889e-01;1.2500000e+01;2.2208175e-01;1.2500000e+01;2.0604928e-01;1.2500000e+01;1.7283088e-01;1.2500000e+01;1.2959048e-01;1.2500000e+01;8.4941611e-02;1.2500000e+01;4.3693483e-02;1.2500000e+01;-1.1431025e-03;1.2500000e+01;3.9875377e-03;1.2500000e+01;1.5574015e-02;1.2500000e+01;3.1178795e-02;1.2500000e+01;4.9807936e-02;1.2500000e+01;7.1403585e-02;1.2500000e+01;9.6536770e-02;1.2500000e+01;1.2586504e-01;1.2500000e+01;1.5815929e-01;1.2500000e+01;1.8380192e-01;1.2500000e+01;2.0499560e-01;1.2500000e+01;2.1797889e-01;1.2500000e+01;2.2208175e-01;1.2500000e+01;2.0604928e-01;1.2500000e+01;1.7283088e-01;1.2500000e+01;1.2959048e-01;1.2500000e+01;8.4941611e-02;1.2500000e+01;4.3693483e-02;1.2500000e+01;-1.1431025e-03;1.2500000e+01;3.9875377e-03;1.2500000e+01;1.5574015e-02;1.2500000e+01;3.1178795e-02;1.2500000e+01;4.9807936e-02;1.2500000e+01;7.1403585e-02;1.2500000e+01;9.6536770e-02;1.2500000e+01;1.2586504e-01;1.2500000e+01;1.5815929e-01;1.2500000e+01;1.8380192e-01;1.2500000e+01;2.0499560e-01;1.2500000e+01;2.1797889e-01;1.2500000e+01;2.2208175e-01;1.2500000e+01;2.0604928e-01;1.2500000e+01;1.7283088e-01;1.2500000e+01;1.2959048e-01;1.2500000e+01;8.4941611e-02;1.2500000e+01;4.3693483e-02;1.2500000e+01;-1.1431025e-03;1.2500000e+01;3.9875377e-03;1.2500000e+01;1.5574015e-02;1.2500000e+01;3.1178795e-02;1.2500000e+01;4.9807936e-02;1.2500000e+01;7.1403585e-02;1.2500000e+01;9.6536770e-02;1.2500000e+01;1.2586504e-01;1.2500000e+01;1.5815929e-01;1.2500000e+01;1.8380192e-01;1.2500000e+01;2.0499560e-01;1.2500000e+01;2.1797889e-01;1.2500000e+01;2.2208175e-01;1.2500000e+01;2.0604928e-01;1.2500000e+01;1.7283088e-01;1.2500000e+01;1.2959048e-01;1.2500000e+01;8.4941611e-02;1.2500000e+01;4.3693483e-02;1.2500000e+01;-1.1431025e-03;1.2500000e+01;3.9875377e-03;1.2500000e+01;1.5574015e-02;1.2500000e+01;3.1178795e-02;1.2500000e+01;4.9807936e-02;1.2500000e+01;7.1403585e-02;1.2500000e+01;9.6536770e-02;1.2500000e+01;1.2586504e-01;1.2500000e+01;1.5815929e-01;1.2500000e+01;1.8380192e-01;1.2500000e+01;2.0499560e-01;1.2500000e+01;2.1797889e-01;1.2500000e+01;2.2208175e-01;1.2500000e+01;2.0604928e-01;1.2500000e+01;1.7283088e-01;1.2500000e+01;1.2959048e-01;1.2500000e+01;8.4941611e-02;1.2500000e+01;4.3693483e-02;1.2500000e+01;-1.1431025e-03;1.2500000e+01;3.9875377e-03;1.2500000e+01;1.5574015e-02;1.2500000e+01;3.1178795e-02;1.2500000e+01;4.9807936e-02;1.2500000e+01;7.1403585e-02;1.2500000e+01;9.6536770e-02;1.2500000e+01;1.2586504e-01;1.2500000e+01;1.5815929e-01;1.2500000e+01;1.8380192e-01;1.2500000e+01;2.0499560e-01;1.2500000e+01;2.1797889e-01;1.2500000e+01;2.2208175e-01;1.2500000e+01;2.0604928e-01;1.2500000e+01;1.7283088e-01;1.2500000e+01;1.2959048e-01;1.2500000e+01;8.4941611e-02;1.2500000e+01;4.3693483e-02;1.2500000e+01;-1.1431025e-03;1.2500000e+01;3.9875377e-03;1.2500000e+01;1.5574015e-02;1.2500000e+01;3.1178795e-02;1.2500000e+01;4.9807936e-02;1.2500000e+01;7.1403585e-02;1.2500000e+01;9.6536770e-02;1.2500000e+01;1.2586504e-01;1.2500000e+01;1.5815929e-01;1.2500000e+01;1.8380192e-01;1.2500000e+01;2.0499560e-01;1.2500000e+01;2.1797889e-01;1.2500000e+01;2.2208175e-01;1.2500000e+01;2.0604928e-01;1.2500000e+01;1.7283088e-01;1.2500000e+01;1.2959048e-01;1.2500000e+01;8.4941611e-02;1.2500000e+01;4.3693483e-02;1.2500000e+01;-1.1431025e-03;1.2500000e+01;3.9875377e-03;1.2500000e+01;1.5574015e-02;1.2500000e+01;3.1178795e-02;1.2500000e+01;4.9807936e-02;1.2500000e+01;7.1403585e-02;1.2500000e+01;9.6536770e-02;1.2500000e+01;1.2586504e-01;1.2500000e+01;1.5815929e-01;1.2500000e+01;1.8380192e-01;1.2500000e+01;2.0499560e-01;1.2500000e+01;2.1797889e-01;1.2500000e+01;2.2208175e-01;1.2500000e+01;2.0604928e-01;1.2500000e+01;1.7283088e-01;1.2500000e+01;1.2959048e-01;1.2500000e+01;8.4941611e-02;1.2500000e+01;4.3693483e-02;1.2500000e+01;-1.1431025e-03;1.2500000e+01;3.9875377e-03;1.2500000e+01;1.5574015e-02;1.2500000e+01;3.1178795e-02;1.2500000e+01;4.9807936e-02;1.2500000e+01;7.1403585e-02;1.2500000e+01;9.6536770e-02;1.2500000e+01;1.2586504e-01;1.2500000e+01;1.5815929e-01;1.2500000e+01;1.8380192e-01;1.2500000e+01;2.0499560e-01;1.2500000e+01;2.1797889e-01;1.2500000e+01;2.2208175e-01;1.2500000e+01;2.0604928e-01;1.2500000e+01;1.7283088e-01;1.2500000e+01;1.2959048e-01;1.2500000e+01;8.4941611e-02;1.2500000e+01;4.3693483e-02;1.2500000e+01;-1.1431025e-03;1.2500000e+01;3.9875377e-03;1.2500000e+01;1.5574015e-02;1.2500000e+01;3.1178795e-02;1.2500000e+01;4.9807936e-02;1.2500000e+01;7.1403585e-02;1.2500000e+01;9.6536770e-02;1.2500000e+01;1.2586504e-01;1.2500000e+01;1.5815929e-01;1.2500000e+01;1.8380192e-01;1.2500000e+01;2.0499560e-01;1.2500000e+01;2.1797889e-01;1.2500000e+01;2.2208175e-01;1.2500000e+01;2.0604928e-01;1.2500000e+01;1.7283088e-01;1.2500000e+01;1.2959048e-01;1.2500000e+01;8.4941611e-02;1.2500000e+01;4.3693483e-02;1.2500000e+01;-1.1431025e-03;1.2500000e+01;3.9875377e-03;1.2500000e+01;1.5574015e-02;1.2500000e+01;3.1178795e-02;1.2500000e+01;4.9807936e-02;1.2500000e+01;7.1403585e-02;1.2500000e+01;9.6536770e-02;1.2500000e+01;1.2586504e-01;1.2500000e+01;1.5815929e-01;1.2500000e+01;1.8380192e-01;1.2500000e+01;2.0499560e-01;1.2500000e+01;2.1797889e-01;1.2500000e+01;2.2208175e-01;1.2500000e+01;2.0604928e-01;1.2500000e+01;1.7283088e-01;1.2500000e+01;1.2959048e-01;1.2500000e+01;8.4941611e-02;1.2500000e+01;4.3693483e-02;1.2500000e+01;-1.1431025e-03;1.2500000e+01;3.9875377e-03;1.2500000e+01;1.5574015e-02;1.2500000e+01;3.1178795e-02;1.2500000e+01;4.9807936e-02;1.2500000e+01;7.1403585e-02;1.2500000e+01;9.6536770e-02;1.2500000e+01;1.2586504e-01;1.2500000e+01;1.5815929e-01;1.2500000e+01;1.8380192e-01;1.2500000e+01;2.0499560e-01;1.2500000e+01;2.1797889e-01;1.2500000e+01;2.2208175e-01;1.2500000e+01;2.0604928e-01;1.2500000e+01;1.7283088e-01;1.2500000e+01;1.2959048e-01;1.2500000e+01;8.4941611e-02;1.2500000e+01;4.3693483e-02;1.2500000e+01;-1.1431025e-03;1.2500000e+01;3.9875377e-03;1.2500000e+01;1.5574015e-02;1.2500000e+01;3.1178795e-02;1.2500000e+01;4.9807936e-02;1.2500000e+01;7.1403585e-02;1.2500000e+01;9.6536770e-02;1.2500000e+01;1.2586504e-01;1.2500000e+01;1.5815929e-01;1.2500000e+01;1.8380192e-01;1.2500000e+01;2.0499560e-01;1.2500000e+01;2.1797889e-01;1.2500000e+01;2.2208175e-01;1.2500000e+01;2.0604928e-01;1.2500000e+01;1.7283088e-01;1.2500000e+01;1.2959048e-01;1.2500000e+01;8.4941611e-02;1.2500000e+01;4.3693483e-02;1.2500000e+01;-1.1431025e-03;1.2500000e+01;3.9875377e-03;1.2500000e+01;1.5574015e-02;1.2500000e+01;3.1178795e-02;1.2500000e+01;4.9807936e-02;1.2500000e+01;7.1403585e-02;1.2500000e+01;9.6536770e-02;1.2500000e+01;1.2586504e-01;1.2500000e+01;1.5815929e-01;1.2500000e+01;1.8380192e-01;1.2500000e+01;2.0499560e-01;1.2500000e+01;2.1797889e-01;1.2500000e+01;2.2208175e-01;1.2500000e+01;2.0604928e-01;1.2500000e+01;1.7283088e-01;1.2500000e+01;1.2959048e-01;1.2500000e+01;8.4941611e-02;1.2500000e+01;4.3693483e-02;1.2500000e+01;-1.1431025e-03;1.2500000e+01;3.9875377e-03;1.2500000e+01;1.5574015e-02;1.2500000e+01;3.1178795e-02;1.2500000e+01;4.9807936e-02;1.2500000e+01;7.1403585e-02;1.2500000e+01;9.6536770e-02;1.2500000e+01;1.2586504e-01;1.2500000e+01;1.5815929e-01;1.2500000e+01;1.8380192e-01;1.2500000e+01;2.0499560e-01;1.2500000e+01;2.1797889e-01;1.2500000e+01;2.2208175e-01;1.2500000e+01;2.0604928e-01;1.2500000e+01;1.7283088e-01;1.2500000e+01;1.2959048e-01;1.2500000e+01;8.4941611e-02;1.2500000e+01;4.3693483e-02;1.2500000e+01;-1.1431025e-03;1.2500000e+01;3.9875377e-03;1.2500000e+01;1.5574015e-02;1.2500000e+01;3.1178795e-02;1.2500000e+01;4.9807936e-02;1.2500000e+01;7.1403585e-02;1.2500000e+01;9.6536770e-02;1.2500000e+01;1.2586504e-01;1.2500000e+01;1.5815929e-01;1.2500000e+01;1.8380192e-01;1.2500000e+01;2.0499560e-01;1.2500000e+01;2.1797889e-01;1.2500000e+01;2.2208175e-01;1.2500000e+01;2.0604928e-01;1.2500000e+01;1.7283088e-01;1.2500000e+01;1.2959048e-01;1.2500000e+01;8.4941611e-02;1.2500000e+01;4.3693483e-02;1.2500000e+01;-1.1431025e-03;1.2500000e+01;3.9875377e-03;1.2500000e+01;1.5574015e-02;1.2500000e+01;3.1178795e-02;1.2500000e+01;4.9807936e-02;1.2500000e+01;7.1403585e-02;1.2500000e+01;9.6536770e-02;1.2500000e+01;1.2586504e-01;1.2500000e+01;1.5815929e-01;1.2500000e+01;1.8380192e-01;1.2500000e+01;2.0499560e-01;1.2500000e+01;2.1797889e-01;1.2500000e+01;2.2208175e-01;1.2500000e+01;2.0604928e-01;1.2500000e+01;1.7283088e-01;1.2500000e+01;1.2959048e-01;1.2500000e+01;8.4941611e-02;1.2500000e+01;4.3693483e-02;1.2500000e+01;-1.1431025e-03;1.2500000e+01;3.9875377e-03;1.2500000e+01;1.5574015e-02;1.2500000e+01;3.1178795e-02;1.2500000e+01;4.9807936e-02;1.2500000e+01;7.1403585e-02;1.2500000e+01;9.6536770e-02;1.2500000e+01;1.2586504e-01;1.2500000e+01;1.5815929e-01;1.2500000e+01;1.8380192e-01;1.2500000e+01;2.0499560e-01;1.2500000e+01;2.1797889e-01;1.2500000e+01;2.2208175e-01;1.2500000e+01;2.0604928e-01;1.2500000e+01;1.7283088e-01;1.2500000e+01;1.2959048e-01;1.2500000e+01;8.4941611e-02;1.2500000e+01;4.3693483e-02;1.2500000e+01;-1.1431025e-03;1.2500000e+01;3.9875377e-03;1.2500000e+01;1.5574015e-02;1.2500000e+01;3.1178795e-02;1.2500000e+01;4.9807936e-02;1.2500000e+01;7.1403585e-02;1.2500000e+01;9.6536770e-02;1.2500000e+01;1.2586504e-01;1.2500000e+01;1.5815929e-01;1.2500000e+01;1.8380192e-01;1.2500000e+01;2.0499560e-01;1.2500000e+01;2.1797889e-01;1.2500000e+01;2.2208175e-01;1.2500000e+01;2.0604928e-01;1.2500000e+01;1.7283088e-01;1.2500000e+01;1.2959048e-01;1.2500000e+01;8.4941611e-02;1.2500000e+01;4.3693483e-02;1.2500000e+01;-1.1431025e-03;1.2500000e+01;3.9875377e-03;1.2500000e+01;1.5574015e-02;1.2500000e+01;3.1178795e-02;1.2500000e+01;4.9807936e-02;1.2500000e+01;7.1403585e-02;1.2500000e+01;9.6536770e-02;1.2500000e+01;1.2586504e-01;1.2500000e+01;1.5815929e-01;1.2500000e+01;1.8380192e-01;1.2500000e+01;2.0499560e-01;1.2500000e+01;2.1797889e-01;1.2500000e+01;2.2208175e-01;1.2500000e+01;2.0604928e-01;1.2500000e+01;1.7283088e-01;1.2500000e+01;1.2959048e-01;1.2500000e+01;8.4941611e-02;1.2500000e+01;4.3693483e-02;1.2500000e+01;-1.1431025e-03;1.2500000e+01;3.9875377e-03;1.2500000e+01;1.5574015e-02;1.2500000e+01;3.1178795e-02;1.2500000e+01;4.9807936e-02;1.2500000e+01;7.1403585e-02;1.2500000e+01;9.6536770e-02;1.2500000e+01;1.2586504e-01;1.2500000e+01;1.5815929e-01;1.2500000e+01;1.8380192e-01;1.2500000e+01;2.0499560e-01;1.2500000e+01;2.1797889e-01;1.2500000e+01;2.2208175e-01;1.2500000e+01;2.0604928e-01;1.2500000e+01;1.7283088e-01;1.2500000e+01;1.2959048e-01;1.2500000e+01;8.4941611e-02;1.2500000e+01;4.3693483e-02;1.2500000e+01;-1.1431025e-03;1.2500000e+01;3.9875377e-03;1.2500000e+01;1.5574015e-02;1.2500000e+01;3.1178795e-02;1.2500000e+01;4.9807936e-02;1.2500000e+01;7.1403585e-02;1.2500000e+01;9.6536770e-02;1.2500000e+01;1.2586504e-01;1.2500000e+01;1.5815929e-01;1.2500000e+01;1.8380192e-01;1.2500000e+01;2.0499560e-01;1.2500000e+01;2.1797889e-01;1.2500000e+01;2.2208175e-01;1.2500000e+01;2.0604928e-01;1.2500000e+01;1.7283088e-01;1.2500000e+01;1.2959048e-01;1.2500000e+01;8.4941611e-02;1.2500000e+01;4.3693483e-02;1.2500000e+01;-1.1431025e-03;1.2500000e+01;3.9875377e-03;1.2500000e+01;1.5574015e-02;1.2500000e+01;3.1178795e-02;1.2500000e+01;4.9807936e-02;1.2500000e+01;7.1403585e-02;1.2500000e+01;9.6536770e-02;1.2500000e+01;1.2586504e-01;1.2500000e+01;1.5815929e-01;1.2500000e+01;1.8380192e-01;1.2500000e+01;2.0499560e-01;1.2500000e+01;2.1797889e-01;1.2500000e+01;2.2208175e-01;1.2500000e+01;2.0604928e-01;1.2500000e+01;1.7283088e-01;1.2500000e+01;1.2959048e-01;1.2500000e+01;8.4941611e-02;1.2500000e+01;4.3693483e-02;1.2500000e+01;-1.1431025e-03;1.2500000e+01;3.9875377e-03;1.2500000e+01;1.5574015e-02;1.2500000e+01;3.1178795e-02;1.2500000e+01;4.9807936e-02;1.2500000e+01;7.1403585e-02;1.2500000e+01;9.6536770e-02;1.2500000e+01;1.2586504e-01;1.2500000e+01;1.5815929e-01;1.2500000e+01;1.8380192e-01;1.2500000e+01;2.0499560e-01;1.2500000e+01;2.1797889e-01;1.2500000e+01;2.2208175e-01;1.2500000e+01;2.0604928e-01;1.2500000e+01;1.7283088e-01;1.2500000e+01;1.2959048e-01;1.2500000e+01;8.4941611e-02;1.2500000e+01;4.3693483e-02;1.2500000e+01;-1.1431025e-03;1.2500000e+01;3.9875377e-03;1.2500000e+01;1.5574015e-02;1.2500000e+01;3.1178795e-02;1.2500000e+01;4.9807936e-02;1.2500000e+01;7.1403585e-02;1.2500000e+01;9.6536770e-02;1.2500000e+01;1.2586504e-01;1.2500000e+01;1.5815929e-01;1.2500000e+01;1.8380192e-01;1.2500000e+01;2.0499560e-01;1.2500000e+01;2.1797889e-01;1.2500000e+01;2.2208175e-01;1.2500000e+01;2.0604928e-01;1.2500000e+01;1.7283088e-01;1.2500000e+01;1.2959048e-01;1.2500000e+01;8.4941611e-02;1.2500000e+01;4.3693483e-02;1.2500000e+01;-1.1431025e-03;1.2500000e+01;3.9875377e-03;1.2500000e+01;1.5574015e-02;1.2500000e+01;3.1178795e-02;1.2500000e+01;4.9807936e-02;1.2500000e+01;7.1403585e-02;1.2500000e+01;9.6536770e-02;1.2500000e+01;1.2586504e-01;1.2500000e+01;1.5815929e-01;1.2500000e+01;1.8380192e-01;1.2500000e+01;2.0499560e-01;1.2500000e+01;2.1797889e-01;1.2500000e+01;2.2208175e-01;1.2500000e+01;2.0604928e-01;1.2500000e+01;1.7283088e-01;1.2500000e+01;1.2959048e-01;1.2500000e+01;8.4941611e-02;1.2500000e+01;4.3693483e-02;1.2500000e+01;-1.1431025e-03;1.2500000e+01;3.9875377e-03;1.2500000e+01;1.5574015e-02;1.2500000e+01;3.1178795e-02;1.2500000e+01;4.9807936e-02;1.2500000e+01;7.1403585e-02;1.2500000e+01;9.6536770e-02;1.2500000e+01;1.2586504e-01;1.2500000e+01;1.5815929e-01;1.2500000e+01;1.8380192e-01;1.2500000e+01;2.0499560e-01;1.2500000e+01;2.1797889e-01;1.2500000e+01;2.2208175e-01;1.2500000e+01;2.0604928e-01;1.2500000e+01;1.7283088e-01;1.2500000e+01;1.2959048e-01;1.2500000e+01;8.4941611e-02;1.2500000e+01;4.3693483e-02;1.2500000e+01;-1.1431025e-03;1.2500000e+01;3.9875377e-03;1.2500000e+01;1.5574015e-02;1.2500000e+01;3.1178795e-02;1.2500000e+01;4.9807936e-02;1.2500000e+01;7.1403585e-02;1.2500000e+01;9.6536770e-02;1.2500000e+01;1.2586504e-01;1.2500000e+01;1.5815929e-01;1.2500000e+01;1.8380192e-01;1.2500000e+01;2.0499560e-01;1.2500000e+01;2.1797889e-01;1.2500000e+01;2.2208175e-01;1.2500000e+01;2.0604928e-01;1.2500000e+01;1.7283088e-01;1.2500000e+01;1.2959048e-01;1.2500000e+01;8.4941611e-02;1.2500000e+01;4.3693483e-02;1.2500000e+01;-1.1431025e-03;1.2500000e+01;3.9875377e-03;1.2500000e+01;1.5574015e-02;1.2500000e+01;3.1178795e-02;1.2500000e+01;4.9807936e-02;1.2500000e+01;7.1403585e-02;1.2500000e+01;9.6536770e-02;1.2500000e+01;1.2586504e-01;1.2500000e+01;1.5815929e-01;1.2500000e+01;1.8380192e-01;1.2500000e+01;2.0499560e-01;1.2500000e+01;2.1797889e-01;1.2500000e+01;2.2208175e-01;1.2500000e+01;2.0604928e-01;1.2500000e+01;1.7283088e-01;1.2500000e+01;1.2959048e-01;1.2500000e+01;8.4941611e-02;1.2500000e+01;4.3693483e-02;1.2500000e+01;-1.1431025e-03;1.2500000e+01;3.9875377e-03;1.2500000e+01;1.5574015e-02;1.2500000e+01;3.1178795e-02;1.2500000e+01;4.9807936e-02;1.2500000e+01;7.1403585e-02;1.2500000e+01;9.6536770e-02;1.2500000e+01;1.2586504e-01;1.2500000e+01;1.5815929e-01;1.2500000e+01;1.8380192e-01;1.2500000e+01;2.0499560e-01;1.2500000e+01;2.1797889e-01;1.2500000e+01;2.2208175e-01;1.2500000e+01;2.0604928e-01;1.2500000e+01;1.7283088e-01;1.2500000e+01;1.2959048e-01;1.2500000e+01;8.4941611e-02;1.2500000e+01;4.3693483e-02;1.2500000e+01;-1.1431025e-03;1.2500000e+01;3.9875377e-03;1.2500000e+01;1.5574015e-02;1.2500000e+01;3.1178795e-02;1.2500000e+01;4.9807936e-02;1.2500000e+01;7.1403585e-02;1.2500000e+01;9.6536770e-02;1.2500000e+01;1.2586504e-01;1.2500000e+01;1.5815929e-01;1.2500000e+01;1.8380192e-01;1.2500000e+01;2.0499560e-01;1.2500000e+01;2.1797889e-01;1.2500000e+01;2.2208175e-01;1.2500000e+01;2.0604928e-01;1.2500000e+01;1.7283088e-01;1.2500000e+01;1.2959048e-01;1.2500000e+01;8.4941611e-02;1.2500000e+01;4.3693483e-02;1.2500000e+01;-1.1431025e-03;1.2500000e+01;3.9875377e-03;1.2500000e+01;1.5574015e-02;1.2500000e+01;3.1178795e-02;1.2500000e+01;4.9807936e-02;1.2500000e+01;7.1403585e-02;1.2500000e+01;9.6536770e-02;1.2500000e+01;1.2586504e-01;1.2500000e+01;1.5815929e-01;1.2500000e+01;1.8380192e-01;1.2500000e+01;2.0499560e-01;1.2500000e+01;2.1797889e-01;1.2500000e+01;2.2208175e-01;1.2500000e+01;2.0604928e-01;1.2500000e+01;1.7283088e-01;1.2500000e+01;1.2959048e-01;1.2500000e+01;8.4941611e-02;1.2500000e+01;4.3693483e-02;1.2500000e+01;-1.1431025e-03;1.2500000e+01;3.9875377e-03;1.2500000e+01;1.5574015e-02;1.2500000e+01;3.1178795e-02;1.2500000e+01;4.9807936e-02;1.2500000e+01;7.1403585e-02;1.2500000e+01;9.6536770e-02;1.2500000e+01;1.2586504e-01;1.2500000e+01;1.5815929e-01;1.2500000e+01;1.8380192e-01;1.2500000e+01;2.0499560e-01;1.2500000e+01;2.1797889e-01;1.2500000e+01;2.2208175e-01;1.2500000e+01;2.0604928e-01;1.2500000e+01;1.7283088e-01;1.2500000e+01;1.2959048e-01;1.2500000e+01;8.4941611e-02;1.2500000e+01;4.3693483e-02;1.2500000e+01;-1.1431025e-03;1.2500000e+01;3.9875377e-03;1.2500000e+01;1.5574015e-02;1.2500000e+01;3.1178795e-02;1.2500000e+01;4.9807936e-02;1.2500000e+01;7.1403585e-02;1.2500000e+01;9.6536770e-02;1.2500000e+01;1.2586504e-01;1.2500000e+01;1.5815929e-01;1.2500000e+01;1.8380192e-01;1.2500000e+01;2.0499560e-01;1.2500000e+01;2.1797889e-01;1.2500000e+01;2.2208175e-01;1.2500000e+01;2.0604928e-01;1.2500000e+01;1.7283088e-01;1.2500000e+01;1.2959048e-01;1.2500000e+01;8.4941611e-02;1.2500000e+01;4.3693483e-02;1.2500000e+01;-1.1431025e-03;1.2500000e+01;3.9875377e-03;1.2500000e+01;1.5574015e-02;1.2500000e+01;3.1178795e-02;1.2500000e+01;4.9807936e-02;1.2500000e+01;7.1403585e-02;1.2500000e+01;9.6536770e-02;1.2500000e+01;1.2586504e-01;1.2500000e+01;1.5815929e-01;1.2500000e+01;1.8380192e-01;1.2500000e+01;2.0499560e-01;1.2500000e+01;2.1797889e-01;1.2500000e+01;2.2208175e-01;1.2500000e+01;2.0604928e-01;1.2500000e+01;1.7283088e-01;1.2500000e+01;1.2959048e-01;1.2500000e+01;8.4941611e-02;1.2500000e+01;4.3693483e-02;1.2500000e+01;-1.1431025e-03;1.2500000e+01;3.9875377e-03;1.2500000e+01;1.5574015e-02;1.2500000e+01;3.1178795e-02;1.2500000e+01;4.9807936e-02;1.2500000e+01;7.1403585e-02;1.2500000e+01;9.6536770e-02;1.2500000e+01;1.2586504e-01;1.2500000e+01;1.5815929e-01;1.2500000e+01;1.8380192e-01;1.2500000e+01;2.0499560e-01;1.2500000e+01;2.1797889e-01;1.2500000e+01;2.2208175e-01;1.2500000e+01;2.0604928e-01;1.2500000e+01;1.7283088e-01;1.2500000e+01;1.2959048e-01;1.2500000e+01;8.4941611e-02;1.2500000e+01;4.3693483e-02;1.2500000e+01;-1.1431025e-03;1.2500000e+01;3.9875377e-03;1.2500000e+01;1.5574015e-02;1.2500000e+01;3.1178795e-02;1.2500000e+01;4.9807936e-02;1.2500000e+01;7.1403585e-02;1.2500000e+01;9.6536770e-02;1.2500000e+01;1.2586504e-01;1.2500000e+01;1.5815929e-01;1.2500000e+01;1.8380192e-01;1.2500000e+01;2.0499560e-01;1.2500000e+01;2.1797889e-01;1.2500000e+01;2.2208175e-01;1.2500000e+01;2.0604928e-01;1.2500000e+01;1.7283088e-01;1.2500000e+01;1.2959048e-01;1.2500000e+01;8.4941611e-02;1.2500000e+01;4.3693483e-02;1.2500000e+01;-1.1431025e-03;1.2500000e+01;3.9875377e-03;1.2500000e+01;1.5574015e-02;1.2500000e+01;3.1178795e-02;1.2500000e+01;4.9807936e-02;1.2500000e+01;7.1403585e-02;1.2500000e+01;9.6536770e-02;1.2500000e+01;1.2586504e-01;1.2500000e+01;1.5815929e-01;1.2500000e+01;1.8380192e-01;1.2500000e+01;2.0499560e-01;1.2500000e+01;2.1797889e-01;1.2500000e+01;2.2208175e-01;1.2500000e+01;2.0604928e-01;1.2500000e+01;1.7283088e-01;1.2500000e+01;1.2959048e-01;1.2500000e+01;8.4941611e-02;1.2500000e+01;4.3693483e-02;1.2500000e+01;-1.1431025e-03;1.2500000e+01;3.9875377e-03;1.2500000e+01;1.5574015e-02;1.2500000e+01;3.1178795e-02;1.2500000e+01;4.9807936e-02;1.2500000e+01;7.1403585e-02;1.2500000e+01;9.6536770e-02;1.2500000e+01;1.2586504e-01;1.2500000e+01;1.5815929e-01;1.2500000e+01;1.8380192e-01;1.2500000e+01;2.0499560e-01;1.2500000e+01;2.1797889e-01;1.2500000e+01;2.2208175e-01;1.2500000e+01;2.0604928e-01;1.2500000e+01;1.7283088e-01;1.2500000e+01;1.2959048e-01;1.2500000e+01;8.4941611e-02;1.2500000e+01;4.3693483e-02;1.2500000e+01;-1.1431025e-03;1.2500000e+01;3.9875377e-03;1.2500000e+01;1.5574015e-02;1.2500000e+01;3.1178795e-02;1.2500000e+01;4.9807936e-02;1.2500000e+01;7.1403585e-02;1.2500000e+01;9.6536770e-02;1.2500000e+01;1.2586504e-01;1.2500000e+01;1.5815929e-01;1.2500000e+01;1.8380192e-01;1.2500000e+01;2.0499560e-01;1.2500000e+01;2.1797889e-01;1.2500000e+01;2.2208175e-01;1.2500000e+01;2.0604928e-01;1.2500000e+01;1.7283088e-01;1.2500000e+01;1.2959048e-01;1.2500000e+01;8.4941611e-02;1.2500000e+01;4.3693483e-02;1.2500000e+01;-1.1431025e-03;1.2500000e+01;3.9875377e-03;1.2500000e+01;1.5574015e-02;1.2500000e+01;3.1178795e-02;1.2500000e+01;4.9807936e-02;1.2500000e+01;7.1403585e-02;1.2500000e+01;9.6536770e-02;1.2500000e+01;1.2586504e-01;1.2500000e+01;1.5815929e-01;1.2500000e+01;1.8380192e-01;1.2500000e+01;2.0499560e-01;1.2500000e+01;2.1797889e-01;1.2500000e+01;2.2208175e-01;1.2500000e+01;2.0604928e-01;1.2500000e+01;1.7283088e-01;1.2500000e+01;1.2959048e-01;1.2500000e+01;8.4941611e-02;1.2500000e+01;4.3693483e-02;1.2500000e+01;-1.1431025e-03;1.2500000e+01;3.9875377e-03;1.2500000e+01;1.5574015e-02;1.2500000e+01;3.1178795e-02;1.2500000e+01;4.9807936e-02;1.2500000e+01;7.1403585e-02;1.2500000e+01;9.6536770e-02;1.2500000e+01;1.2586504e-01;1.2500000e+01;1.5815929e-01;1.2500000e+01;1.8380192e-01;1.2500000e+01;2.0499560e-01;1.2500000e+01;2.1797889e-01;1.2500000e+01;2.2208175e-01;1.2500000e+01;2.0604928e-01;1.2500000e+01;1.7283088e-01;1.2500000e+01;1.2959048e-01;1.2500000e+01;8.4941611e-02;1.2500000e+01;4.3693483e-02;1.2500000e+01;-1.1431025e-03;1.2500000e+01;3.9875377e-03;1.2500000e+01;1.5574015e-02;1.2500000e+01;3.1178795e-02;1.2500000e+01;4.9807936e-02;1.2500000e+01;7.1403585e-02;1.2500000e+01;9.6536770e-02;1.2500000e+01;1.2586504e-01;1.2500000e+01;1.5815929e-01;1.2500000e+01;1.8380192e-01;1.2500000e+01;2.0499560e-01;1.2500000e+01;2.1797889e-01;1.2500000e+01;2.2208175e-01;1.2500000e+01;2.0604928e-01;1.2500000e+01;1.7283088e-01;1.2500000e+01;1.2959048e-01;1.2500000e+01;8.4941611e-02;1.2500000e+01;4.3693483e-02
1.7500000e+01;-5.9149871e-03;1.7500000e+01;-2.4962705e-03;1.7500000e+01;9.3544805e-03;1.7500000e+01;2.6057098e-02;1.7500000e+01;4.7633130e-02;1.7500000e+01;7.1282223e-02;1.7500000e+01;9.8823071e-02;1.7500000e+01;1.3183782e-01;1.7500000e+01;1.6697696e-01;1.7500000e+01;1.9272414e-01;1.7500000e+01;2.1232611e-01;1.7500000e+01;2.2040641e-01;1.7500000e+01;2.1907285e-01;1.7500000e+01;2.0039113e-01;1.7500000e+01;1.6648690e-01;1.7500000e+01;1.2450852e-01;1.7500000e+01;8.1159562e-02;1.7500000e+01;4.0925816e-02;1.7500000e+01;-5.9149871e-03;1.7500000e+01;-2.4962705e-03;1.7500000e+01;9.3544805e-03;1.7500000e+01;2.6057098e-02;1.7500000e+01;4.7633130e-02;1.7500000e+01;7.1282223e-02;1.7500000e+01;9.8823071e-02;1.7500000e+01;1.3183782e-01;1.7500000e+01;1.6697696e-01;1.7500000e+01;1.9272414e-01;1.7500000e+01;2.1232611e-01;1.7500000e+01;2.2040641e-01;1.7500000e+01;2.1907285e-01;1.7500000e+01;2.0039113e-01;1.7500000e+01;1.6648690e-01;1.7500000e+01;1.2450852e-01;1.7500000e+01;8.1159562e-02;1.7500000e+01;4.0925816e-02;1.7500000e+01;-5.9149871e-03;1.7500000e+01;-2.4962705e-03;1.7500000e+01;9.3544805e-03;1.7500000e+01;2.6057098e-02;1.7500000e+01;4.7633130e-02;1.7500000e+01;7.1282223e-02;1.7500000e+01;9.8823071e-02;1.7500000e+01;1.3183782e-01;1.7500000e+01;1.6697696e-01;1.7500000e+01;1.9272414e-01;1.7500000e+01;2.1232611e-01;1.7500000e+01;2.2040641e-01;1.7500000e+01;2.1907285e-01;1.7500000e+01;2.0039113e-01;1.7500000e+01;1.6648690e-01;1.7500000e+01;1.2450852e-01;1.7500000e+01;8.1159562e-02;1.7500000e+01;4.0925816e-02;1.7500000e+01;-5.9149871e-03;1.7500000e+01;-2.4962705e-03;1.7500000e+01;9.3544805e-03;1.7500000e+01;2.6057098e-02;1.7500000e+01;4.7633130e-02;1.7500000e+01;7.1282223e-02;1.7500000e+01;9.8823071e-02;1.7500000e+01;1.3183782e-01;1.7500000e+01;1.6697696e-01;1.7500000e+01;1.9272414e-01;1.7500000e+01;2.1232611e-01;1.7500000e+01;2.2040641e-01;1.7500000e+01;2.1907285e-01;1.7500000e+01;2.0039113e-01;1.7500000e+01;1.6648690e-01;1.7500000e+01;1.2450852e-01;1.7500000e+01;8.1159562e-02;1.7500000e+01;4.0925816e-02;1.7500000e+01;-5.9149871e-03;1.7500000e+01;-2.4962705e-03;1.7500000e+01;9.3544805e-03;1.7500000e+01;2.6057098e-02;1.7500000e+01;4.7633130e-02;1.7500000e+01;7.1282223e-02;1.7500000e+01;9.8823071e-02;1.7500000e+01;1.3183782e-01;1.7500000e+01;1.6697696e-01;1.7500000e+01;1.9272414e-01;1.7500000e+01;2.1232611e-01;1.7500000e+01;2.2040641e-01;1.7500000e+01;2.1907285e-01;1.7500000e+01;2.0039113e-01;1.7500000e+01;1.6648690e-01;1.7500000e+01;1.2450852e-01;1.7500000e+01;8.1159562e-02;1.7500000e+01;4.0925816e-02;1.7500000e+01;-5.9149871e-03;1.7500000e+01;-2.4962705e-03;1.7500000e+01;9.3544805e-03;1.7500000e+01;2.6057098e-02;1.7500000e+01;4.7633130e-02;1.7500000e+01;7.1282223e-02;1.7500000e+01;9.8823071e-02;1.7500000e+01;1.3183782e-01;1.7500000e+01;1.6697696e-01;1.7500000e+01;1.9272414e-01;1.7500000e+01;2.1232611e-01;1.7500000e+01;2.2040641e-01;1.7500000e+01;2.1907285e-01;1.7500000e+01;2.0039113e-01;1.7500000e+01;1.6648690e-01;1.7500000e+01;1.2450852e-01;1.7500000e+01;8.1159562e-02;1.7500000e+01;4.0925816e-02;1.7500000e+01;-5.9149871e-03;1.7500000e+01;-2.4962705e-03;1.7500000e+01;9.3544805e-03;1.7500000e+01;2.6057098e-02;1.7500000e+01;4.7633130e-02;1.7500000e+01;7.1282223e-02;1.7500000e+01;9.8823071e-02;1.7500000e+01;1.3183782e-01;1.7500000e+01;1.6697696e-01;1.7500000e+01;1.9272414e-01;1.7500000e+01;2.1232611e-01;1.7500000e+01;2.2040641e-01;1.7500000e+01;2.1907285e-01;1.7500000e+01;2.0039113e-01;1.7500000e+01;1.6648690e-01;1.7500000e+01;1.2450852e-01;1.7500000e+01;8.1159562e-02;1.7500000e+01;4.0925816e-02;1.7500000e+01;-5.9149871e-03;1.7500000e+01;-2.4962705e-03;1.7500000e+01;9.3544805e-03;1.7500000e+01;2.6057098e-02;1.7500000e+01;4.7633130e-02;1.7500000e+01;7.1282223e-02;1.7500000e+01;9.8823071e-02;1.7500000e+01;1.3183782e-01;1.7500000e+01;1.6697696e-01;1.7500000e+01;1.9272414e-01;1.7500000e+01;2.1232611e-01;1.7500000e+01;2.2040641e-01;1.7500000e+01;2.1907285e-01;1.7500000e+01;2.0039113e-01;1.7500000e+01;1.6648690e-01;1.7500000e+01;1.2450852e-01;1.7500000e+01;8.1159562e-02;1.7500000e+01;4.0925816e-02;1.7500000e+01;-5.9149871e-03;1.7500000e+01;-2.4962705e-03;1.7500000e+01;9.3544805e-03;1.7500000e+01;2.6057098e-02;1.7500000e+01;4.7633130e-02;1.7500000e+01;7.1282223e-02;1.7500000e+01;9.8823071e-02;1.7500000e+01;1.3183782e-01;1.7500000e+01;1.6697696e-01;1.7500000e+01;1.9272414e-01;1.7500000e+01;2.1232611e-01;1.7500000e+01;2.2040641e-01;1.7500000e+01;2.1907285e-01;1.7500000e+01;2.0039113e-01;1.7500000e+01;1.6648690e-01;1.7500000e+01;1.2450852e-01;1.7500000e+01;8.1159562e-02;1.7500000e+01;4.0925816e-02;1.7500000e+01;-5.9149871e-03;1.7500000e+01;-2.4962705e-03;1.7500000e+01;9.3544805e-03;1.7500000e+01;2.6057098e-02;1.7500000e+01;4.7633130e-02;1.7500000e+01;7.1282223e-02;1.7500000e+01;9.8823071e-02;1.7500000e+01;1.3183782e-01;1.7500000e+01;1.6697696e-01;1.7500000e+01;1.9272414e-01;1.7500000e+01;2.1232611e-01;1.7500000e+01;2.2040641e-01;1.7500000e+01;2.1907285e-01;1.7500000e+01;2.0039113e-01;1.7500000e+01;1.6648690e-01;1.7500000e+01;1.2450852e-01;1.7500000e+01;8.1159562e-02;1.7500000e+01;4.0925816e-02;1.7500000e+01;-5.9149871e-03;1.7500000e+01;-2.4962705e-03;1.7500000e+01;9.3544805e-03;1.7500000e+01;2.6057098e-02;1.7500000e+01;4.7633130e-02;1.7500000e+01;7.1282223e-02;1.7500000e+01;9.8823071e-02;1.7500000e+01;1.3183782e-01;1.7500000e+01;1.6697696e-01;1.7500000e+01;1.9272414e-01;1.7500000e+01;2.1232611e-01;1.7500000e+01;2.2040641e-01;1.7500000e+01;2.1907285e-01;1.7500000e+01;2.0039113e-01;1.7500000e+01;1.6648690e-01;1.7500000e+01;1.2450852e-01;1.7500000e+01;8.1159562e-02;1.7500000e+01;4.0925816e-02;1.7500000e+01;-5.9149871e-03;1.7500000e+01;-2.4962705e-03;1.7500000e+01;9.3544805e-03;1.7500000e+01;2.6057098e-02;1.7500000e+01;4.7633130e-02;1.7500000e+01;7.1282223e-02;1.7500000e+01;9.8823071e-02;1.7500000e+01;1.3183782e-01;1.7500000e+01;1.6697696e-01;1.7500000e+01;1.9272414e-01;1.7500000e+01;2.1232611e-01;1.7500000e+01;2.2040641e-01;1.7500000e+01;2.1907285e-01;1.7500000e+01;2.0039113e-01;1.7500000e+01;1.6648690e-01;1.7500000e+01;1.2450852e-01;1.7500000e+01;8.1159562e-02;1.7500000e+01;4.0925816e-02;1.7500000e+01;-5.9149871e-03;1.7500000e+01;-2.4962705e-03;1.7500000e+01;9.3544805e-03;1.7500000e+01;2.6057098e-02;1.7500000e+01;4.7633130e-02;1.7500000e+01;7.1282223e-02;1.7500000e+01;9.8823071e-02;1.7500000e+01;1.3183782e-01;1.7500000e+01;1.6697696e-01;1.7500000e+01;1.9272414e-01;1.7500000e+01;2.1232611e-01;1.7500000e+01;2.2040641e-01;1.7500000e+01;2.1907285e-01;1.7500000e+01;2.0039113e-01;1.7500000e+01;1.6648690e-01;1.7500000e+01;1.2450852e-01;1.7500000e+01;8.1159562e-02;1.7500000e+01;4.0925816e-02;1.7500000e+01;-5.9149871e-03;1.7500000e+01;-2.4962705e-03;1.7500000e+01;9.3544805e-03;1.7500000e+01;2.6057098e-02;1.7500000e+01;4.7633130e-02;1.7500000e+01;7.1282223e-02;1.7500000e+01;9.8823071e-02;1.7500000e+01;1.3183782e-01;1.7500000e+01;1.6697696e-01;1.7500000e+01;1.9272414e-01;1.7500000e+01;2.1232611e-01;1.7500000e+01;2.2040641e-01;1.7500000e+01;2.1907285e-01;1.7500000e+01;2.0039113e-01;1.7500000e+01;1.6648690e-01;1.7500000e+01;1.2450852e-01;1.7500000e+01;8.1159562e-02;1.7500000e+01;4.0925816e-02;1.7500000e+01;-5.9149871e-03;1.7500000e+01;-2.4962705e-03;1.7500000e+01;9.3544805e-03;1.7500000e+01;2.6057098e-02;1.7500000e+01;4.7633130e-02;1.7500000e+01;7.1282223e-02;1.7500000e+01;9.8823071e-02;1.7500000e+01;1.3183782e-01;1.7500000e+01;1.6697696e-01;1.7500000e+01;1.9272414e-01;1.7500000e+01;2.1232611e-01;1.7500000e+01;2.2040641e-01;1.7500000e+01;2.1907285e-01;1.7500000e+01;2.0039113e-01;1.7500000e+01;1.6648690e-01;1.7500000e+01;1.2450852e-01;1.7500000e+01;8.1159562e-02;1.7500000e+01;4.0925816e-02;1.7500000e+01;-5.9149871e-03;1.7500000e+01;-2.4962705e-03;1.7500000e+01;9.3544805e-03;1.7500000e+01;2.6057098e-02;1.7500000e+01;4.7633130e-02;1.7500000e+01;7.1282223e-02;1.7500000e+01;9.8823071e-02;1.7500000e+01;1.3183782e-01;1.7500000e+01;1.6697696e-01;1.7500000e+01;1.9272414e-01;1.7500000e+01;2.1232611e-01;1.7500000e+01;2.2040641e-01;1.7500000e+01;2.1907285e-01;1.7500000e+01;2.0039113e-01;1.7500000e+01;1.6648690e-01;1.7500000e+01;1.2450852e-01;1.7500000e+01;8.1159562e-02;1.7500000e+01;4.0925816e-02;1.7500000e+01;-5.9149871e-03;1.7500000e+01;-2.4962705e-03;1.7500000e+01;9.3544805e-03;1.7500000e+01;2.6057098e-02;1.7500000e+01;4.7633130e-02;1.7500000e+01;7.1282223e-02;1.7500000e+01;9.8823071e-02;1.7500000e+01;1.3183782e-01;1.7500000e+01;1.6697696e-01;1.7500000e+01;1.9272414e-01;1.7500000e+01;2.1232611e-01;1.7500000e+01;2.2040641e-01;1.7500000e+01;2.1907285e-01;1.7500000e+01;2.0039113e-01;1.7500000e+01;1.6648690e-01;1.7500000e+01;1.2450852e-01;1.7500000e+01;8.1159562e-02;1.7500000e+01;4.0925816e-02;1.7500000e+01;-5.9149871e-03;1.7500000e+01;-2.4962705e-03;1.7500000e+01;9.3544805e-03;1.7500000e+01;2.6057098e-02;1.7500000e+01;4.7633130e-02;1.7500000e+01;7.1282223e-02;1.7500000e+01;9.8823071e-02;1.7500000e+01;1.3183782e-01;1.7500000e+01;1.6697696e-01;1.7500000e+01;1.9272414e-01;1.7500000e+01;2.1232611e-01;1.7500000e+01;2.2040641e-01;1.7500000e+01;2.1907285e-01;1.7500000e+01;2.0039113e-01;1.7500000e+01;1.6648690e-01;1.7500000e+01;1.2450852e-01;1.7500000e+01;8.1159562e-02;1.7500000e+01;4.0925816e-02;1.7500000e+01;-5.9149871e-03;1.7500000e+01;-2.4962705e-03;1.7500000e+01;9.3544805e-03;1.7500000e+01;2.6057098e-02;1.7500000e+01;4.7633130e-02;1.7500000e+01;7.1282223e-02;1.7500000e+01;9.8823071e-02;1.7500000e+01;1.3183782e-01;1.7500000e+01;1.6697696e-01;1.7500000e+01;1.9272414e-01;1.7500000e+01;2.1232611e-01;1.7500000e+01;2.2040641e-01;1.7500000e+01;2.1907285e-01;1.7500000e+01;2.0039113e-01;1.7500000e+01;1.6648690e-01;1.7500000e+01;1.2450852e-01;1.7500000e+01;8.1159562e-02;1.7500000e+01;4.0925816e-02;1.7500000e+01;-5.9149871e-03;1.7500000e+01;-2.4962705e-03;1.7500000e+01;9.3544805e-03;1.7500000e+01;2.6057098e-02;1.7500000e+01;4.7633130e-02;1.7500000e+01;7.1282223e-02;1.7500000e+01;9.8823071e-02;1.7500000e+01;1.3183782e-01;1.7500000e+01;1.6697696e-01;1.7500000e+01;1.9272414e-01;1.7500000e+01;2.1232611e-01;1.7500000e+01;2.2040641e-01;1.7500000e+01;2.1907285e-01;1.7500000e+01;2.0039113e-01;1.7500000e+01;1.6648690e-01;1.7500000e+01;1.2450852e-01;1.7500000e+01;8.1159562e-02;1.7500000e+01;4.0925816e-02;1.7500000e+01;-5.9149871e-03;1.7500000e+01;-2.4962705e-03;1.7500000e+01;9.3544805e-03;1.7500000e+01;2.6057098e-02;1.7500000e+01;4.7633130e-02;1.7500000e+01;7.1282223e-02;1.7500000e+01;9.8823071e-02;1.7500000e+01;1.3183782e-01;1.7500000e+01;1.6697696e-01;1.7500000e+01;1.9272414e-01;1.7500000e+01;2.1232611e-01;1.7500000e+01;2.2040641e-01;1.7500000e+01;2.1907285e-01;1.7500000e+01;2.0039113e-01;1.7500000e+01;1.6648690e-01;1.7500000e+01;1.2450852e-01;1.7500000e+01;8.1159562e-02;1.7500000e+01;4.0925816e-02;1.7500000e+01;-5.9149871e-03;1.7500000e+01;-2.4962705e-03;1.7500000e+01;9.3544805e-03;1.7500000e+01;2.6057098e-02;1.7500000e+01;4.7633130e-02;1.7500000e+01;7.1282223e-02;1.7500000e+01;9.8823071e-02;1.7500000e+01;1.3183782e-01;1.7500000e+01;1.6697696e-01;1.7500000e+01;1.9272414e-01;1.7500000e+01;2.1232611e-01;1.7500000e+01;2.2040641e-01;1.7500000e+01;2.1907285e-01;1.7500000e+01;2.0039113e-01;1.7500000e+01;1.6648690e-01;1.7500000e+01;1.2450852e-01;1.7500000e+01;8.1159562e-02;1.7500000e+01;4.0925816e-02;1.7500000e+01;-5.9149871e-03;1.7500000e+01;-2.4962705e-03;1.7500000e+01;9.3544805e-03;1.7500000e+01;2.6057098e-02;1.7500000e+01;4.7633130e-02;1.7500000e+01;7.1282223e-02;1.7500000e+01;9.8823071e-02;1.7500000e+01;1.3183782e-01;1.7500000e+01;1.6697696e-01;1.7500000e+01;1.9272414e-01;1.7500000e+01;2.1232611e-01;1.7500000e+01;2.2040641e-01;1.7500000e+01;2.1907285e-01;1.7500000e+01;2.0039113e-01;1.7500000e+01;1.6648690e-01;1.7500000e+01;1.2450852e-01;1.7500000e+01;8.1159562e-02;1.7500000e+01;4.0925816e-02;1.7500000e+01;-5.9149871e-03;1.7500000e+01;-2.4962705e-03;1.7500000e+01;9.3544805e-03;1.7500000e+01;2.6057098e-02;1.7500000e+01;4.7633130e-02;1.7500000e+01;7.1282223e-02;1.7500000e+01;9.8823071e-02;1.7500000e+01;1.3183782e-01;1.7500000e+01;1.6697696e-01;1.7500000e+01;1.9272414e-01;1.7500000e+01;2.1232611e-01;1.7500000e+01;2.2040641e-01;1.7500000e+01;2.1907285e-01;1.7500000e+01;2.0039113e-01;1.7500000e+01;1.6648690e-01;1.7500000e+01;1.2450852e-01;1.7500000e+01;8.1159562e-02;1.7500000e+01;4.0925816e-02;1.7500000e+01;-5.9149871e-03;1.7500000e+01;-2.4962705e-03;1.7500000e+01;9.3544805e-03;1.7500000e+01;2.6057098e-02;1.7500000e+01;4.7633130e-02;1.7500000e+01;7.1282223e-02;1.7500000e+01;9.8823071e-02;1.7500000e+01;1.3183782e-01;1.7500000e+01;1.6697696e-01;1.7500000e+01;1.9272414e-01;1.7500000e+01;2.1232611e-01;1.7500000e+01;2.2040641e-01;1.7500000e+01;2.1907285e-01;1.7500000e+01;2.0039113e-01;1.7500000e+01;1.6648690e-01;1.7500000e+01;1.2450852e-01;1.7500000e+01;8.1159562e-02;1.7500000e+01;4.0925816e-02;1.7500000e+01;-5.9149871e-03;1.7500000e+01;-2.4962705e-03;1.7500000e+01;9.3544805e-03;1.7500000e+01;2.6057098e-02;1.7500000e+01;4.7633130e-02;1.7500000e+01;7.1282223e-02;1.7500000e+01;9.8823071e-02;1.7500000e+01;1.3183782e-01;1.7500000e+01;1.6697696e-01;1.7500000e+01;1.9272414e-01;1.7500000e+01;2.1232611e-01;1.7500000e+01;2.2040641e-01;1.7500000e+01;2.1907285e-01;1.7500000e+01;2.0039113e-01;1.7500000e+01;1.6648690e-01;1.7500000e+01;1.2450852e-01;1.7500000e+01;8.1159562e-02;1.7500000e+01;4.0925816e-02;1.7500000e+01;-5.9149871e-03;1.7500000e+01;-2.4962705e-03;1.7500000e+01;9.3544805e-03;1.7500000e+01;2.6057098e-02;1.7500000e+01;4.7633130e-02;1.7500000e+01;7.1282223e-02;1.7500000e+01;9.8823071e-02;1.7500000e+01;1.3183782e-01;1.7500000e+01;1.6697696e-01;1.7500000e+01;1.9272414e-01;1.7500000e+01;2.1232611e-01;1.7500000e+01;2.2040641e-01;1.7500000e+01;2.1907285e-01;1.7500000e+01;2.0039113e-01;1.7500000e+01;1.6648690e-01;1.7500000e+01;1.2450852e-01;1.7500000e+01;8.1159562e-02;1.7500000e+01;4.0925816e-02;1.7500000e+01;-5.9149871e-03;1.7500000e+01;-2.4962705e-03;1.7500000e+01;9.3544805e-03;1.7500000e+01;2.6057098e-02;1.7500000e+01;4.7633130e-02;1.7500000e+01;7.1282223e-02;1.7500000e+01;9.8823071e-02;1.7500000e+01;1.3183782e-01;1.7500000e+01;1.6697696e-01;1.7500000e+01;1.9272414e-01;1.7500000e+01;2.1232611e-01;1.7500000e+01;2.2040641e-01;1.7500000e+01;2.1907285e-01;1.7500000e+01;2.0039113e-01;1.7500000e+01;1.6648690e-01;1.7500000e+01;1.2450852e-01;1.7500000e+01;8.1159562e-02;1.7500000e+01;4.0925816e-02;1.7500000e+01;-5.9149871e-03;1.7500000e+01;-2.4962705e-03;1.7500000e+01;9.3544805e-03;1.7500000e+01;2.6057098e-02;1.7500000e+01;4.7633130e-02;1.7500000e+01;7.1282223e-02;1.7500000e+01;9.8823071e-02;1.7500000e+01;1.3183782e-01;1.7500000e+01;1.6697696e-01;1.7500000e+01;1.9272414e-01;1.7500000e+01;2.1232611e-01;1.7500000e+01;2.2040641e-01;1.7500000e+01;2.1907285e-01;1.7500000e+01;2.0039113e-01;1.7500000e+01;1.6648690e-01;1.7500000e+01;1.2450852e-01;1.7500000e+01;8.1159562e-02;1.7500000e+01;4.0925816e-02;1.7500000e+01;-5.9149871e-03;1.7500000e+01;-2.4962705e-03;1.7500000e+01;9.3544805e-03;1.7500000e+01;2.6057098e-02;1.7500000e+01;4.7633130e-02;1.7500000e+01;7.1282223e-02;1.7500000e+01;9.8823071e-02;1.7500000e+01;1.3183782e-01;1.7500000e+01;1.6697696e-01;1.7500000e+01;1.9272414e-01;1.7500000e+01;2.1232611e-01;1.7500000e+01;2.2040641e-01;1.7500000e+01;2.1907285e-01;1.7500000e+01;2.0039113e-01;1.7500000e+01;1.6648690e-01;1.7500000e+01;1.2450852e-01;1.7500000e+01;8.1159562e-02;1.7500000e+01;4.0925816e-02;1.7500000e+01;-5.9149871e-03;1.7500000e+01;-2.4962705e-03;1.7500000e+01;9.3544805e-03;1.7500000e+01;2.6057098e-02;1.7500000e+01;4.7633130e-02;1.7500000e+01;7.1282223e-02;1.7500000e+01;9.8823071e-02;1.7500000e+01;1.3183782e-01;1.7500000e+01;1.6697696e-01;1.7500000e+01;1.9272414e-01;1.7500000e+01;2.1232611e-01;1.7500000e+01;2.2040641e-01;1.7500000e+01;2.1907285e-01;1.7500000e+01;2.0039113e-01;1.7500000e+01;1.6648690e-01;1.7500000e+01;1.2450852e-01;1.7500000e+01;8.1159562e-02;1.7500000e+01;4.0925816e-02;1.7500000e+01;-5.9149871e-03;1.7500000e+01;-2.4962705e-03;1.7500000e+01;9.3544805e-03;1.7500000e+01;2.6057098e-02;1.7500000e+01;4.7633130e-02;1.7500000e+01;7.1282223e-02;1.7500000e+01;9.8823071e-02;1.7500000e+01;1.3183782e-01;1.7500000e+01;1.6697696e-01;1.7500000e+01;1.9272414e-01;1.7500000e+01;2.1232611e-01;1.7500000e+01;2.2040641e-01;1.7500000e+01;2.1907285e-01;1.7500000e+01;2.0039113e-01;1.7500000e+01;1.6648690e-01;1.7500000e+01;1.2450852e-01;1.7500000e+01;8.1159562e-02;1.7500000e+01;4.0925816e-02;1.7500000e+01;-5.9149871e-03;1.7500000e+01;-2.4962705e-03;1.7500000e+01;9.3544805e-03;1.7500000e+01;2.6057098e-02;1.7500000e+01;4.7633130e-02;1.7500000e+01;7.1282223e-02;1.7500000e+01;9.8823071e-02;1.7500000e+01;1.3183782e-01;1.7500000e+01;1.6697696e-01;1.7500000e+01;1.9272414e-01;1.7500000e+01;2.1232611e-01;1.7500000e+01;2.2040641e-01;1.7500000e+01;2.1907285e-01;1.7500000e+01;2.0039113e-01;1.7500000e+01;1.6648690e-01;1.7500000e+01;1.2450852e-01;1.7500000e+01;8.1159562e-02;1.7500000e+01;4.0925816e-02;1.7500000e+01;-5.9149871e-03;1.7500000e+01;-2.4962705e-03;1.7500000e+01;9.3544805e-03;1.7500000e+01;2.6057098e-02;1.7500000e+01;4.7633130e-02;1.7500000e+01;7.1282223e-02;1.7500000e+01;9.8823071e-02;1.7500000e+01;1.3183782e-01;1.7500000e+01;1.6697696e-01;1.7500000e+01;1.9272414e-01;1.7500000e+01;2.1232611e-01;1.7500000e+01;2.2040641e-01;1.7500000e+01;2.1907285e-01;1.7500000e+01;2.0039113e-01;1.7500000e+01;1.6648690e-01;1.7500000e+01;1.2450852e-01;1.7500000e+01;8.1159562e-02;1.7500000e+01;4.0925816e-02;1.7500000e+01;-5.9149871e-03;1.7500000e+01;-2.4962705e-03;1.7500000e+01;9.3544805e-03;1.7500000e+01;2.6057098e-02;1.7500000e+01;4.7633130e-02;1.7500000e+01;7.1282223e-02;1.7500000e+01;9.8823071e-02;1.7500000e+01;1.3183782e-01;1.7500000e+01;1.6697696e-01;1.7500000e+01;1.9272414e-01;1.7500000e+01;2.1232611e-01;1.7500000e+01;2.2040641e-01;1.7500000e+01;2.1907285e-01;1.7500000e+01;2.0039113e-01;1.7500000e+01;1.6648690e-01;1.7500000e+01;1.2450852e-01;1.7500000e+01;8.1159562e-02;1.7500000e+01;4.0925816e-02;1.7500000e+01;-5.9149871e-03;1.7500000e+01;-2.4962705e-03;1.7500000e+01;9.3544805e-03;1.7500000e+01;2.6057098e-02;1.7500000e+01;4.7633130e-02;1.7500000e+01;7.1282223e-02;1.7500000e+01;9.8823071e-02;1.7500000e+01;1.3183782e-01;1.7500000e+01;1.6697696e-01;1.7500000e+01;1.9272414e-01;1.7500000e+01;2.1232611e-01;1.7500000e+01;2.2040641e-01;1.7500000e+01;2.1907285e-01;1.7500000e+01;2.0039113e-01;1.7500000e+01;1.6648690e-01;1.7500000e+01;1.2450852e-01;1.7500000e+01;8.1159562e-02;1.7500000e+01;4.0925816e-02;1.7500000e+01;-5.9149871e-03;1.7500000e+01;-2.4962705e-03;1.7500000e+01;9.3544805e-03;1.7500000e+01;2.6057098e-02;1.7500000e+01;4.7633130e-02;1.7500000e+01;7.1282223e-02;1.7500000e+01;9.8823071e-02;1.7500000e+01;1.3183782e-01;1.7500000e+01;1.6697696e-01;1.7500000e+01;1.9272414e-01;1.7500000e+01;2.1232611e-01;1.7500000e+01;2.2040641e-01;1.7500000e+01;2.1907285e-01;1.7500000e+01;2.0039113e-01;1.7500000e+01;1.6648690e-01;1.7500000e+01;1.2450852e-01;1.7500000e+01;8.1159562e-02;1.7500000e+01;4.0925816e-02;1.7500000e+01;-5.9149871e-03;1.7500000e+01;-2.4962705e-03;1.7500000e+01;9.3544805e-03;1.7500000e+01;2.6057098e-02;1.7500000e+01;4.7633130e-02;1.7500000e+01;7.1282223e-02;1.7500000e+01;9.8823071e-02;1.7500000e+01;1.3183782e-01;1.7500000e+01;1.6697696e-01;1.7500000e+01;1.9272414e-01;1.7500000e+01;2.1232611e-01;1.7500000e+01;2.2040641e-01;1.7500000e+01;2.1907285e-01;1.7500000e+01;2.0039113e-01;1.7500000e+01;1.6648690e-01;1.7500000e+01;1.2450852e-01;1.7500000e+01;8.1159562e-02;1.7500000e+01;4.0925816e-02;1.7500000e+01;-5.9149871e-03;1.7500000e+01;-2.4962705e-03;1.7500000e+01;9.3544805e-03;1.7500000e+01;2.6057098e-02;1.7500000e+01;4.7633130e-02;1.7500000e+01;7.1282223e-02;1.7500000e+01;9.8823071e-02;1.7500000e+01;1.3183782e-01;1.7500000e+01;1.6697696e-01;1.7500000e+01;1.9272414e-01;1.7500000e+01;2.1232611e-01;1.7500000e+01;2.2040641e-01;1.7500000e+01;2.1907285e-01;1.7500000e+01;2.0039113e-01;1.7500000e+01;1.6648690e-01;1.7500000e+01;1.2450852e-01;1.7500000e+01;8.1159562e-02;1.7500000e+01;4.0925816e-02;1.7500000e+01;-5.9149871e-03;1.7500000e+01;-2.4962705e-03;1.7500000e+01;9.3544805e-03;1.7500000e+01;2.6057098e-02;1.7500000e+01;4.7633130e-02;1.7500000e+01;7.1282223e-02;1.7500000e+01;9.8823071e-02;1.7500000e+01;1.3183782e-01;1.7500000e+01;1.6697696e-01;1.7500000e+01;1.9272414e-01;1.7500000e+01;2.1232611e-01;1.7500000e+01;2.2040641e-01;1.7500000e+01;2.1907285e-01;1.7500000e+01;2.0039113e-01;1.7500000e+01;1.6648690e-01;1.7500000e+01;1.2450852e-01;1.7500000e+01;8.1159562e-02;1.7500000e+01;4.0925816e-02;1.7500000e+01;-5.9149871e-03;1.7500000e+01;-2.4962705e-03;1.7500000e+01;9.3544805e-03;1.7500000e+01;2.6057098e-02;1.7500000e+01;4.7633130e-02;1.7500000e+01;7.1282223e-02;1.7500000e+01;9.8823071e-02;1.7500000e+01;1.3183782e-01;1.7500000e+01;1.6697696e-01;1.7500000e+01;1.9272414e-01;1.7500000e+01;2.1232611e-01;1.7500000e+01;2.2040641e-01;1.7500000e+01;2.1907285e-01;1.7500000e+01;2.0039113e-01;1.7500000e+01;1.6648690e-01;1.7500000e+01;1.2450852e-01;1.7500000e+01;8.1159562e-02;1.7500000e+01;4.0925816e-02;1.7500000e+01;-5.9149871e-03;1.7500000e+01;-2.4962705e-03;1.7500000e+01;9.3544805e-03;1.7500000e+01;2.6057098e-02;1.7500000e+01;4.7633130e-02;1.7500000e+01;7.1282223e-02;1.7500000e+01;9.8823071e-02;1.7500000e+01;1.3183782e-01;1.7500000e+01;1.6697696e-01;1.7500000e+01;1.9272414e-01;1.7500000e+01;2.1232611e-01;1.7500000e+01;2.2040641e-01;1.7500000e+01;2.1907285e-01;1.7500000e+01;2.0039113e-01;1.7500000e+01;1.6648690e-01;1.7500000e+01;1.2450852e-01;1.7500000e+01;8.1159562e-02;1.7500000e+01;4.0925816e-02;1.7500000e+01;-5.9149871e-03;1.7500000e+01;-2.4962705e-03;1.7500000e+01;9.3544805e-03;1.7500000e+01;2.6057098e-02;1.7500000e+01;4.7633130e-02;1.7500000e+01;7.1282223e-02;1.7500000e+01;9.8823071e-02;1.7500000e+01;1.3183782e-01;1.7500000e+01;1.6697696e-01;1.7500000e+01;1.9272414e-01;1.7500000e+01;2.1232611e-01;1.7500000e+01;2.2040641e-01;1.7500000e+01;2.1907285e-01;1.7500000e+01;2.0039113e-01;1.7500000e+01;1.6648690e-01;1.7500000e+01;1.2450852e-01;1.7500000e+01;8.1159562e-02;1.7500000e+01;4.0925816e-02;1.7500000e+01;-5.9149871e-03;1.7500000e+01;-2.4962705e-03;1.7500000e+01;9.3544805e-03;1.7500000e+01;2.6057098e-02;1.7500000e+01;4.7633130e-02;1.7500000e+01;7.1282223e-02;1.7500000e+01;9.8823071e-02;1.7500000e+01;1.3183782e-01;1.7500000e+01;1.6697696e-01;1.7500000e+01;1.9272414e-01;1.7500000e+01;2.1232611e-01;1.7500000e+01;2.2040641e-01;1.7500000e+01;2.1907285e-01;1.7500000e+01;2.0039113e-01;1.7500000e+01;1.6648690e-01;1.7500000e+01;1.2450852e-01;1.7500000e+01;8.1159562e-02;1.7500000e+01;4.0925816e-02;1.7500000e+01;-5.9149871e-03;1.7500000e+01;-2.4962705e-03;1.7500000e+01;9.3544805e-03;1.7500000e+01;2.6057098e-02;1.7500000e+01;4.7633130e-02;1.7500000e+01;7.1282223e-02;1.7500000e+01;9.8823071e-02;1.7500000e+01;1.3183782e-01;1.7500000e+01;1.6697696e-01;1.7500000e+01;1.9272414e-01;1.7500000e+01;2.1232611e-01;1.7500000e+01;2.2040641e-01;1.7500000e+01;2.1907285e-01;1.7500000e+01;2.0039113e-01;1.7500000e+01;1.6648690e-01;1.7500000e+01;1.2450852e-01;1.7500000e+01;8.1159562e-02;1.7500000e+01;4.0925816e-02;1.7500000e+01;-5.9149871e-03;1.7500000e+01;-2.4962705e-03;1.7500000e+01;9.3544805e-03;1.7500000e+01;2.6057098e-02;1.7500000e+01;4.7633130e-02;1.7500000e+01;7.1282223e-02;1.7500000e+01;9.8823071e-02;1.7500000e+01;1.3183782e-01;1.7500000e+01;1.6697696e-01;1.7500000e+01;1.9272414e-01;1.7500000e+01;2.1232611e-01;1.7500000e+01;2.2040641e-01;1.7500000e+01;2.1907285e-01;1.7500000e+01;2.0039113e-01;1.7500000e+01;1.6648690e-01;1.7500000e+01;1.2450852e-01;1.7500000e+01;8.1159562e-02;1.7500000e+01;4.0925816e-02;1.7500000e+01;-5.9149871e-03;1.7500000e+01;-2.4962705e-03;1.7500000e+01;9.3544805e-03;1.7500000e+01;2.6057098e-02;1.7500000e+01;4.7633130e-02;1.7500000e+01;7.1282223e-02;1.7500000e+01;9.8823071e-02;1.7500000e+01;1.3183782e-01;1.7500000e+01;1.6697696e-01;1.7500000e+01;1.9272414e-01;1.7500000e+01;2.1232611e-01;1.7500000e+01;2.2040641e-01;1.7500000e+01;2.1907285e-01;1.7500000e+01;2.0039113e-01;1.7500000e+01;1.6648690e-01;1.7500000e+01;1.2450852e-01;1.7500000e+01;8.1159562e-02;1.7500000e+01;4.0925816e-02;1.7500000e+01;-5.9149871e-03;1.7500000e+01;-2.4962705e-03;1.7500000e+01;9.3544805e-03;1.7500000e+01;2.6057098e-02;1.7500000e+01;4.7633130e-02;1.7500000e+01;7.1282223e-02;1.7500000e+01;9.8823071e-02;1.7500000e+01;1.3183782e-01;1.7500000e+01;1.6697696e-01;1.7500000e+01;1.9272414e-01;1.7500000e+01;2.1232611e-01;1.7500000e+01;2.2040641e-01;1.7500000e+01;2.1907285e-01;1.7500000e+01;2.0039113e-01;1.7500000e+01;1.6648690e-01;1.7500000e+01;1.2450852e-01;1.7500000e+01;8.1159562e-02;1.7500000e+01;4.0925816e-02;1.7500000e+01;-5.9149871e-03;1.7500000e+01;-2.4962705e-03;1.7500000e+01;9.3544805e-03;1.7500000e+01;2.6057098e-02;1.7500000e+01;4.7633130e-02;1.7500000e+01;7.1282223e-02;1.7500000e+01;9.8823071e-02;1.7500000e+01;1.3183782e-01;1.7500000e+01;1.6697696e-01;1.7500000e+01;1.9272414e-01;1.7500000e+01;2.1232611e-01;1.7500000e+01;2.2040641e-01;1.7500000e+01;2.1907285e-01;1.7500000e+01;2.0039113e-01;1.7500000e+01;1.6648690e-01;1.7500000e+01;1.2450852e-01;1.7500000e+01;8.1159562e-02;1.7500000e+01;4.0925816e-02;1.7500000e+01;-5.9149871e-03;1.7500000e+01;-2.4962705e-03;1.7500000e+01;9.3544805e-03;1.7500000e+01;2.6057098e-02;1.7500000e+01;4.7633130e-02;1.7500000e+01;7.1282223e-02;1.7500000e+01;9.8823071e-02;1.7500000e+01;1.3183782e-01;1.7500000e+01;1.6697696e-01;1.7500000e+01;1.9272414e-01;1.7500000e+01;2.1232611e-01;1.7500000e+01;2.2040641e-01;1.7500000e+01;2.1907285e-01;1.7500000e+01;2.0039113e-01;1.7500000e+01;1.6648690e-01;1.7500000e+01;1.2450852e-01;1.7500000e+01;8.1159562e-02;1.7500000e+01;4.0925816e-02;1.7500000e+01;-5.9149871e-03;1.7500000e+01;-2.4962705e-03;1.7500000e+01;9.3544805e-03;1.7500000e+01;2.6057098e-02;1.7500000e+01;4.7633130e-02;1.7500000e+01;7.1282223e-02;1.7500000e+01;9.8823071e-02;1.7500000e+01;1.3183782e-01;1.7500000e+01;1.6697696e-01;1.7500000e+01;1.9272414e-01;1.7500000e+01;2.1232611e-01;1.7500000e+01;2.2040641e-01;1.7500000e+01;2.1907285e-01;1.7500000e+01;2.0039113e-01;1.7500000e+01;1.6648690e-01;1.7500000e+01;1.2450852e-01;1.7500000e+01;8.1159562e-02;1.7500000e+01;4.0925816e-02;1.7500000e+01;-5.9149871e-03;1.7500000e+01;-2.4962705e-03;1.7500000e+01;9.3544805e-03;1.7500000e+01;2.6057098e-02;1.7500000e+01;4.7633130e-02;1.7500000e+01;7.1282223e-02;1.7500000e+01;9.8823071e-02;1.7500000e+01;1.3183782e-01;1.7500000e+01;1.6697696e-01;1.7500000e+01;1.9272414e-01;1.7500000e+01;2.1232611e-01;1.7500000e+01;2.2040641e-01;1.7500000e+01;2.1907285e-01;1.7500000e+01;2.0039113e-01;1.7500000e+01;1.6648690e-01;1.7500000e+01;1.2450852e-01;1.7500000e+01;8.1159562e-02;1.7500000e+01;4.0925816e-02;1.7500000e+01;-5.9149871e-03;1.7500000e+01;-2.4962705e-03;1.7500000e+01;9.3544805e-03;1.7500000e+01;2.6057098e-02;1.7500000e+01;4.7633130e-02;1.7500000e+01;7.1282223e-02;1.7500000e+01;9.8823071e-02;1.7500000e+01;1.3183782e-01;1.7500000e+01;1.6697696e-01;1.7500000e+01;1.9272414e-01;1.7500000e+01;2.1232611e-01;1.7500000e+01;2.2040641e-01;1.7500000e+01;2.1907285e-01;1.7500000e+01;2.0039113e-01;1.7500000e+01;1.6648690e-01;1.7500000e+01;1.2450852e-01;1.7500000e+01;8.1159562e-02;1.7500000e+01;4.0925816e-02;1.7500000e+01;-5.9149871e-03;1.7500000e+01;-2.4962705e-03;1.7500000e+01;9.3544805e-03;1.7500000e+01;2.6057098e-02;1.7500000e+01;4.7633130e-02;1.7500000e+01;7.1282223e-02;1.7500000e+01;9.8823071e-02;1.7500000e+01;1.3183782e-01;1.7500000e+01;1.6697696e-01;1.7500000e+01;1.9272414e-01;1.7500000e+01;2.1232611e-01;1.7500000e+01;2.2040641e-01;1.7500000e+01;2.1907285e-01;1.7500000e+01;2.0039113e-01;1.7500000e+01;1.6648690e-01;1.7500000e+01;1.2450852e-01;1.7500000e+01;8.1159562e-02;1.7500000e+01;4.0925816e-02;1.7500000e+01;-5.9149871e-03;1.7500000e+01;-2.4962705e-03;1.7500000e+01;9.3544805e-03;1.7500000e+01;2.6057098e-02;1.7500000e+01;4.7633130e-02;1.7500000e+01;7.1282223e-02;1.7500000e+01;9.8823071e-02;1.7500000e+01;1.3183782e-01;1.7500000e+01;1.6697696e-01;1.7500000e+01;1.9272414e-01;1.7500000e+01;2.1232611e-01;1.7500000e+01;2.2040641e-01;1.7500000e+01;2.1907285e-01;1.7500000e+01;2.0039113e-01;1.7500000e+01;1.6648690e-01;1.7500000e+01;1.2450852e-01;1.7500000e+01;8.1159562e-02;1.7500000e+01;4.0925816e-02;1.7500000e+01;-5.9149871e-03;1.7500000e+01;-2.4962705e-03;1.7500000e+01;9.3544805e-03;1.7500000e+01;2.6057098e-02;1.7500000e+01;4.7633130e-02;1.7500000e+01;7.1282223e-02;1.7500000e+01;9.8823071e-02;1.7500000e+01;1.3183782e-01;1.7500000e+01;1.6697696e-01;1.7500000e+01;1.9272414e-01;1.7500000e+01;2.1232611e-01;1.7500000e+01;2.2040641e-01;1.7500000e+01;2.1907285e-01;1.7500000e+01;2.0039113e-01;1.7500000e+01;1.6648690e-01;1.7500000e+01;1.2450852e-01;1.7500000e+01;8.1159562e-02;1.7500000e+01;4.0925816e-02;1.7500000e+01;-5.9149871e-03;1.7500000e+01;-2.4962705e-03;1.7500000e+01;9.3544805e-03;1.7500000e+01;2.6057098e-02;1.7500000e+01;4.7633130e-02;1.7500000e+01;7.1282223e-02;1.7500000e+01;9.8823071e-02;1.7500000e+01;1.3183782e-01;1.7500000e+01;1.6697696e-01;1.7500000e+01;1.9272414e-01;1.7500000e+01;2.1232611e-01;1.7500000e+01;2.2040641e-01;1.7500000e+01;2.1907285e-01;1.7500000e+01;2.0039113e-01;1.7500000e+01;1.6648690e-01;1.7500000e+01;1.2450852e-01;1.7500000e+01;8.1159562e-02;1.7500000e+01;4.0925816e-02;1.7500000e+01;-5.9149871e-03;1.7500000e+01;-2.4962705e-03;1.7500000e+01;9.3544805e-03;1.7500000e+01;2.6057098e-02;1.7500000e+01;4.7633130e-02;1.7500000e+01;7.1282223e-02;1.7500000e+01;9.8823071e-02;1.7500000e+01;1.3183782e-01;1.7500000e+01;1.6697696e-01;1.7500000e+01;1.9272414e-01;1.7500000e+01;2.1232611e-01;1.7500000e+01;2.2040641e-01;1.7500000e+01;2.1907285e-01;1.7500000e+01;2.0039113e-01;1.7500000e+01;1.6648690e-01;1.7500000e+01;1.2450852e-01;1.7500000e+01;8.1159562e-02;1.7500000e+01;4.0925816e-02;1.7500000e+01;-5.9149871e-03;1.7500000e+01;-2.4962705e-03;1.7500000e+01;9.3544805e-03;1.7500000e+01;2.6057098e-02;1.7500000e+01;4.7633130e-02;1.7500000e+01;7.1282223e-02;1.7500000e+01;9.8823071e-02;1.7500000e+01;1.3183782e-01;1.7500000e+01;1.6697696e-01;1.7500000e+01;1.9272414e-01;1.7500000e+01;2.1232611e-01;1.7500000e+01;2.2040641e-01;1.7500000e+01;2.1907285e-01;1.7500000e+01;2.0039113e-01;1.7500000e+01;1.6648690e-01;1.7500000e+01;1.2450852e-01;1.7500000e+01;8.1159562e-02;1.7500000e+01;4.0925816e-02;1.7500000e+01;-5.9149871e-03;1.7500000e+01;-2.4962705e-03;1.7500000e+01;9.3544805e-03;1.7500000e+01;2.6057098e-02;1.7500000e+01;4.7633130e-02;1.7500000e+01;7.1282223e-02;1.7500000e+01;9.8823071e-02;1.7500000e+01;1.3183782e-01;1.7500000e+01;1.6697696e-01;1.7500000e+01;1.9272414e-01;1.7500000e+01;2.1232611e-01;1.7500000e+01;2.2040641e-01;1.7500000e+01;2.1907285e-01;1.7500000e+01;2.0039113e-01;1.7500000e+01;1.6648690e-01;1.7500000e+01;1.2450852e-01;1.7500000e+01;8.1159562e-02;1.7500000e+01;4.0925816e-02;1.7500000e+01;-5.9149871e-03;1.7500000e+01;-2.4962705e-03;1.7500000e+01;9.3544805e-03;1.7500000e+01;2.6057098e-02;1.7500000e+01;4.7633130e-02;1.7500000e+01;7.1282223e-02;1.7500000e+01;9.8823071e-02;1.7500000e+01;1.3183782e-01;1.7500000e+01;1.6697696e-01;1.7500000e+01;1.9272414e-01;1.7500000e+01;2.1232611e-01;1.7500000e+01;2.2040641e-01;1.7500000e+01;2.1907285e-01;1.7500000e+01;2.0039113e-01;1.7500000e+01;1.6648690e-01;1.7500000e+01;1.2450852e-01;1.7500000e+01;8.1159562e-02;1.7500000e+01;4.0925816e-02;1.7500000e+01;-5.9149871e-03;1.7500000e+01;-2.4962705e-03;1.7500000e+01;9.3544805e-03;1.7500000e+01;2.6057098e-02;1.7500000e+01;4.7633130e-02;1.7500000e+01;7.1282223e-02;1.7500000e+01;9.8823071e-02;1.7500000e+01;1.3183782e-01;1.7500000e+01;1.6697696e-01;1.7500000e+01;1.9272414e-01;1.7500000e+01;2.1232611e-01;1.7500000e+01;2.2040641e-01;1.7500000e+01;2.1907285e-01;1.7500000e+01;2.0039113e-01;1.7500000e+01;1.6648690e-01;1.7500000e+01;1.2450852e-01;1.7500000e+01;8.1159562e-02;1.7500000e+01;4.0925816e-02;1.7500000e+01;-5.9149871e-03;1.7500000e+01;-2.4962705e-03;1.7500000e+01;9.3544805e-03;1.7500000e+01;2.6057098e-02;1.7500000e+01;4.7633130e-02;1.7500000e+01;7.1282223e-02;1.7500000e+01;9.8823071e-02;1.7500000e+01;1.3183782e-01;1.7500000e+01;1.6697696e-01;1.7500000e+01;1.9272414e-01;1.7500000e+01;2.1232611e-01;1.7500000e+01;2.2040641e-01;1.7500000e+01;2.1907285e-01;1.7500000e+01;2.0039113e-01;1.7500000e+01;1.6648690e-01;1.7500000e+01;1.2450852e-01;1.7500000e+01;8.1159562e-02;1.7500000e+01;4.0925816e-02;1.7500000e+01;-5.9149871e-03;1.7500000e+01;-2.4962705e-03;1.7500000e+01;9.3544805e-03;1.7500000e+01;2.6057098e-02;1.7500000e+01;4.7633130e-02;1.7500000e+01;7.1282223e-02;1.7500000e+01;9.8823071e-02;1.7500000e+01;1.3183782e-01;1.7500000e+01;1.6697696e-01;1.7500000e+01;1.9272414e-01;1.7500000e+01;2.1232611e-01;1.7500000e+01;2.2040641e-01;1.7500000e+01;2.1907285e-01;1.7500000e+01;2.0039113e-01;1.7500000e+01;1.6648690e-01;1.7500000e+01;1.2450852e-01;1.7500000e+01;8.1159562e-02;1.7500000e+01;4.0925816e-02;1.7500000e+01;-5.9149871e-03;1.7500000e+01;-2.4962705e-03;1.7500000e+01;9.3544805e-03;1.7500000e+01;2.6057098e-02;1.7500000e+01;4.7633130e-02;1.7500000e+01;7.1282223e-02;1.7500000e+01;9.8823071e-02;1.7500000e+01;1.3183782e-01;1.7500000e+01;1.6697696e-01;1.7500000e+01;1.9272414e-01;1.7500000e+01;2.1232611e-01;1.7500000e+01;2.2040641e-01;1.7500000e+01;2.1907285e-01;1.7500000e+01;2.0039113e-01;1.7500000e+01;1.6648690e-01;1.7500000e+01;1.2450852e-01;1.7500000e+01;8.1159562e-02;1.7500000e+01;4.0925816e-02;1.7500000e+01;-5.9149871e-03;1.7500000e+01;-2.4962705e-03;1.7500000e+01;9.3544805e-03;1.7500000e+01;2.6057098e-02;1.7500000e+01;4.7633130e-02;1.7500000e+01;7.1282223e-02;1.7500000e+01;9.8823071e-02;1.7500000e+01;1.3183782e-01;1.7500000e+01;1.6697696e-01;1.7500000e+01;1.9272414e-01;1.7500000e+01;2.1232611e-01;1.7500000e+01;2.2040641e-01;1.7500000e+01;2.1907285e-01;1.7500000e+01;2.0039113e-01;1.7500000e+01;1.6648690e-01;1.7500000e+01;1.2450852e-01;1.7500000e+01;8.1159562e-02;1.7500000e+01;4.0925816e-02;1.7500000e+01;-5.9149871e-03;1.7500000e+01;-2.4962705e-03;1.7500000e+01;9.3544805e-03;1.7500000e+01;2.6057098e-02;1.7500000e+01;4.7633130e-02;1.7500000e+01;7.1282223e-02;1.7500000e+01;9.8823071e-02;1.7500000e+01;1.3183782e-01;1.7500000e+01;1.6697696e-01;1.7500000e+01;1.9272414e-01;1.7500000e+01;2.1232611e-01;1.7500000e+01;2.2040641e-01;1.7500000e+01;2.1907285e-01;1.7500000e+01;2.0039113e-01;1.7500000e+01;1.6648690e-01;1.7500000e+01;1.2450852e-01;1.7500000e+01;8.1159562e-02;1.7500000e+01;4.0925816e-02;1.7500000e+01;-5.9149871e-03;1.7500000e+01;-2.4962705e-03;1.7500000e+01;9.3544805e-03;1.7500000e+01;2.6057098e-02;1.7500000e+01;4.7633130e-02;1.7500000e+01;7.1282223e-02;1.7500000e+01;9.8823071e-02;1.7500000e+01;1.3183782e-01;1.7500000e+01;1.6697696e-01;1.7500000e+01;1.9272414e-01;1.7500000e+01;2.1232611e-01;1.7500000e+01;2.2040641e-01;1.7500000e+01;2.1907285e-01;1.7500000e+01;2.0039113e-01;1.7500000e+01;1.6648690e-01;1.7500000e+01;1.2450852e-01;1.7500000e+01;8.1159562e-02;1.7500000e+01;4.0925816e-02;1.7500000e+01;-5.9149871e-03;1.7500000e+01;-2.4962705e-03;1.7500000e+01;9.3544805e-03;1.7500000e+01;2.6057098e-02;1.7500000e+01;4.7633130e-02;1.7500000e+01;7.1282223e-02;1.7500000e+01;9.8823071e-02;1.7500000e+01;1.3183782e-01;1.7500000e+01;1.6697696e-01;1.7500000e+01;1.9272414e-01;1.7500000e+01;2.1232611e-01;1.7500000e+01;2.2040641e-01;1.7500000e+01;2.1907285e-01;1.7500000e+01;2.0039113e-01;1.7500000e+01;1.6648690e-01;1.7500000e+01;1.2450852e-01;1.7500000e+01;8.1159562e-02;1.7500000e+01;4.0925816e-02;1.7500000e+01;-5.9149871e-03;1.7500000e+01;-2.4962705e-03;1.7500000e+01;9.3544805e-03;1.7500000e+01;2.6057098e-02;1.7500000e+01;4.7633130e-02;1.7500000e+01;7.1282223e-02;1.7500000e+01;9.8823071e-02;1.7500000e+01;1.3183782e-01;1.7500000e+01;1.6697696e-01;1.7500000e+01;1.9272414e-01;1.7500000e+01;2.1232611e-01;1.7500000e+01;2.2040641e-01;1.7500000e+01;2.1907285e-01;1.7500000e+01;2.0039113e-01;1.7500000e+01;1.6648690e-01;1.7500000e+01;1.2450852e-01;1.7500000e+01;8.1159562e-02;1.7500000e+01;4.0925816e-02;1.7500000e+01;-5.9149871e-03;1.7500000e+01;-2.4962705e-03;1.7500000e+01;9.3544805e-03;1.7500000e+01;2.6057098e-02;1.7500000e+01;4.7633130e-02;1.7500000e+01;7.1282223e-02;1.7500000e+01;9.8823071e-02;1.7500000e+01;1.3183782e-01;1.7500000e+01;1.6697696e-01;1.7500000e+01;1.9272414e-01;1.7500000e+01;2.1232611e-01;1.7500000e+01;2.2040641e-01;1.7500000e+01;2.1907285e-01;1.7500000e+01;2.0039113e-01;1.7500000e+01;1.6648690e-01;1.7500000e+01;1.2450852e-01;1.7500000e+01;8.1159562e-02;1.7500000e+01;4.0925816e-02;1.7500000e+01;-5.9149871e-03;1.7500000e+01;-2.4962705e-03;1.7500000e+01;9.3544805e-03;1.7500000e+01;2.6057098e-02;1.7500000e+01;4.7633130e-02;1.7500000e+01;7.1282223e-02;1.7500000e+01;9.8823071e-02;1.7500000e+01;1.3183782e-01;1.7500000e+01;1.6697696e-01;1.7500000e+01;1.9272414e-01;1.7500000e+01;2.1232611e-01;1.7500000e+01;2.2040641e-01;1.7500000e+01;2.1907285e-01;1.7500000e+01;2.0039113e-01;1.7500000e+01;1.6648690e-01;1.7500000e+01;1.2450852e-01;1.7500000e+01;8.1159562e-02;1.7500000e+01;4.0925816e-02;1.7500000e+01;-5.9149871e-03;1.7500000e+01;-2.4962705e-03;1.7500000e+01;9.3544805e-03;1.7500000e+01;2.6057098e-02;1.7500000e+01;4.7633130e-02;1.7500000e+01;7.1282223e-02;1.7500000e+01;9.8823071e-02;1.7500000e+01;1.3183782e-01;1.7500000e+01;1.6697696e-01;1.7500000e+01;1.9272414e-01;1.7500000e+01;2.1232611e-01;1.7500000e+01;2.2040641e-01;1.7500000e+01;2.1907285e-01;1.7500000e+01;2.0039113e-01;1.7500000e+01;1.6648690e-01;1.7500000e+01;1.2450852e-01;1.7500000e+01;8.1159562e-02;1.7500000e+01;4.0925816e-02;1.7500000e+01;-5.9149871e-03;1.7500000e+01;-2.4962705e-03;1.7500000e+01;9.3544805e-03;1.7500000e+01;2.6057098e-02;1.7500000e+01;4.7633130e-02;1.7500000e+01;7.1282223e-02;1.7500000e+01;9.8823071e-02;1.7500000e+01;1.3183782e-01;1.7500000e+01;1.6697696e-01;1.7500000e+01;1.9272414e-01;1.7500000e+01;2.1232611e-01;1.7500000e+01;2.2040641e-01;1.7500000e+01;2.1907285e-01;1.7500000e+01;2.0039113e-01;1.7500000e+01;1.6648690e-01;1.7500000e+01;1.2450852e-01;1.7500000e+01;8.1159562e-02;1.7500000e+01;4.0925816e-02;1.7500000e+01;-5.9149871e-03;1.7500000e+01;-2.4962705e-03;1.7500000e+01;9.3544805e-03;1.7500000e+01;2.6057098e-02;1.7500000e+01;4.7633130e-02;1.7500000e+01;7.1282223e-02;1.7500000e+01;9.8823071e-02;1.7500000e+01;1.3183782e-01;1.7500000e+01;1.6697696e-01;1.7500000e+01;1.9272414e-01;1.7500000e+01;2.1232611e-01;1.7500000e+01;2.2040641e-01;1.7500000e+01;2.1907285e-01;1.7500000e+01;2.0039113e-01;1.7500000e+01;1.6648690e-01;1.7500000e+01;1.2450852e-01;1.7500000e+01;8.1159562e-02;1.7500000e+01;4.0925816e-02;1.7500000e+01;-5.9149871e-03;1.7500000e+01;-2.4962705e-03;1.7500000e+01;9.3544805e-03;1.7500000e+01;2.6057098e-02;1.7500000e+01;4.7633130e-02;1.7500000e+01;7.1282223e-02;1.7500000e+01;9.8823071e-02;1.7500000e+01;1.3183782e-01;1.7500000e+01;1.6697696e-01;1.7500000e+01;1.9272414e-01;1.7500000e+01;2.1232611e-01;1.7500000e+01;2.2040641e-01;1.7500000e+01;2.1907285e-01;1.7500000e+01;2.0039113e-01;1.7500000e+01;1.6648690e-01;1.7500000e+01;1.2450852e-01;1.7500000e+01;8.1159562e-02;1.7500000e+01;4.0925816e-02;1.7500000e+01;-5.9149871e-03;1.7500000e+01;-2.4962705e-03;1.7500000e+01;9.3544805e-03;1.7500000e+01;2.6057098e-02;1.7500000e+01;4.7633130e-02;1.7500000e+01;7.1282223e-02;1.7500000e+01;9.8823071e-02;1.7500000e+01;1.3183782e-01;1.7500000e+01;1.6697696e-01;1.7500000e+01;1.9272414e-01;1.7500000e+01;2.1232611e-01;1.7500000e+01;2.2040641e-01;1.7500000e+01;2.1907285e-01;1.7500000e+01;2.0039113e-01;1.7500000e+01;1.6648690e-01;1.7500000e+01;1.2450852e-01;1.7500000e+01;8.1159562e-02;1.7500000e+01;4.0925816e-02;1.7500000e+01;-5.9149871e-03;1.7500000e+01;-2.4962705e-03;1.7500000e+01;9.3544805e-03;1.7500000e+01;2.6057098e-02;1.7500000e+01;4.7633130e-02;1.7500000e+01;7.1282223e-02;1.7500000e+01;9.8823071e-02;1.7500000e+01;1.3183782e-01;1.7500000e+01;1.6697696e-01;1.7500000e+01;1.9272414e-01;1.7500000e+01;2.1232611e-01;1.7500000e+01;2.2040641e-01;1.7500000e+01;2.1907285e-01;1.7500000e+01;2.0039113e-01;1.7500000e+01;1.6648690e-01;1.7500000e+01;1.2450852e-01;1.7500000e+01;8.1159562e-02;1.7500000e+01;4.0925816e-02;1.7500000e+01;-5.9149871e-03;1.7500000e+01;-2.4962705e-03;1.7500000e+01;9.3544805e-03;1.7500000e+01;2.6057098e-02;1.7500000e+01;4.7633130e-02;1.7500000e+01;7.1282223e-02;1.7500000e+01;9.8823071e-02;1.7500000e+01;1.3183782e-01;1.7500000e+01;1.6697696e-01;1.7500000e+01;1.9272414e-01;1.7500000e+01;2.1232611e-01;1.7500000e+01;2.2040641e-01;1.7500000e+01;2.1907285e-01;1.7500000e+01;2.0039113e-01;1.7500000e+01;1.6648690e-01;1.7500000e+01;1.2450852e-01;1.7500000e+01;8.1159562e-02;1.7500000e+01;4.0925816e-02;1.7500000e+01;-5.9149871e-03;1.7500000e+01;-2.4962705e-03;1.7500000e+01;9.3544805e-03;1.7500000e+01;2.6057098e-02;1.7500000e+01;4.7633130e-02;1.7500000e+01;7.1282223e-02;1.7500000e+01;9.8823071e-02;1.7500000e+01;1.3183782e-01;1.7500000e+01;1.6697696e-01;1.7500000e+01;1.9272414e-01;1.7500000e+01;2.1232611e-01;1.7500000e+01;2.2040641e-01;1.7500000e+01;2.1907285e-01;1.7500000e+01;2.0039113e-01;1.7500000e+01;1.6648690e-01;1.7500000e+01;1.2450852e-01;1.7500000e+01;8.1159562e-02;1.7500000e+01;4.0925816e-02;1.7500000e+01;-5.9149871e-03;1.7500000e+01;-2.4962705e-03;1.7500000e+01;9.3544805e-03;1.7500000e+01;2.6057098e-02;1.7500000e+01;4.7633130e-02;1.7500000e+01;7.1282223e-02;1.7500000e+01;9.8823071e-02;1.7500000e+01;1.3183782e-01;1.7500000e+01;1.6697696e-01;1.7500000e+01;1.9272414e-01;1.7500000e+01;2.1232611e-01;1.7500000e+01;2.2040641e-01;1.7500000e+01;2.1907285e-01;1.7500000e+01;2.0039113e-01;1.7500000e+01;1.6648690e-01;1.7500000e+01;1.2450852e-01;1.7500000e+01;8.1159562e-02;1.7500000e+01;4.0925816e-02;1.7500000e+01;-5.9149871e-03;1.7500000e+01;-2.4962705e-03;1.7500000e+01;9.3544805e-03;1.7500000e+01;2.6057098e-02;1.7500000e+01;4.7633130e-02;1.7500000e+01;7.1282223e-02;1.7500000e+01;9.8823071e-02;1.7500000e+01;1.3183782e-01;1.7500000e+01;1.6697696e-01;1.7500000e+01;1.9272414e-01;1.7500000e+01;2.1232611e-01;1.7500000e+01;2.2040641e-01;1.7500000e+01;2.1907285e-01;1.7500000e+01;2.0039113e-01;1.7500000e+01;1.6648690e-01;1.7500000e+01;1.2450852e-01;1.7500000e+01;8.1159562e-02;1.7500000e+01;4.0925816e-02;1.7500000e+01;-5.9149871e-03;1.7500000e+01;-2.4962705e-03;1.7500000e+01;9.3544805e-03;1.7500000e+01;2.6057098e-02;1.7500000e+01;4.7633130e-02;1.7500000e+01;7.1282223e-02;1.7500000e+01;9.8823071e-02;1.7500000e+01;1.3183782e-01;1.7500000e+01;1.6697696e-01;1.7500000e+01;1.9272414e-01;1.7500000e+01;2.1232611e-01;1.7500000e+01;2.2040641e-01;1.7500000e+01;2.1907285e-01;1.7500000e+01;2.0039113e-01;1.7500000e+01;1.6648690e-01;1.7500000e+01;1.2450852e-01;1.7500000e+01;8.1159562e-02;1.7500000e+01;4.0925816e-02;1.7500000e+01;-5.9149871e-03;1.7500000e+01;-2.4962705e-03;1.7500000e+01;9.3544805e-03;1.7500000e+01;2.6057098e-02;1.7500000e+01;4.7633130e-02;1.7500000e+01;7.1282223e-02;1.7500000e+01;9.8823071e-02;1.7500000e+01;1.3183782e-01;1.7500000e+01;1.6697696e-01;1.7500000e+01;1.9272414e-01;1.7500000e+01;2.1232611e-01;1.7500000e+01;2.2040641e-01;1.7500000e+01;2.1907285e-01;1.7500000e+01;2.0039113e-01;1.7500000e+01;1.6648690e-01;1.7500000e+01;1.2450852e-01;1.7500000e+01;8.1159562e-02;1.7500000e+01;4.0925816e-02;1.7500000e+01;-5.9149871e-03;1.7500000e+01;-2.4962705e-03;1.7500000e+01;9.3544805e-03;1.7500000e+01;2.6057098e-02;1.7500000e+01;4.7633130e-02;1.7500000e+01;7.1282223e-02;1.7500000e+01;9.8823071e-02;1.7500000e+01;1.3183782e-01;1.7500000e+01;1.6697696e-01;1.7500000e+01;1.9272414e-01;1.7500000e+01;2.1232611e-01;1.7500000e+01;2.2040641e-01;1.7500000e+01;2.1907285e-01;1.7500000e+01;2.0039113e-01;1.7500000e+01;1.6648690e-01;1.7500000e+01;1.2450852e-01;1.7500000e+01;8.1159562e-02;1.7500000e+01;4.0925816e-02;1.7500000e+01;-5.9149871e-03;1.7500000e+01;-2.4962705e-03;1.7500000e+01;9.3544805e-03;1.7500000e+01;2.6057098e-02;1.7500000e+01;4.7633130e-02;1.7500000e+01;7.1282223e-02;1.7500000e+01;9.8823071e-02;1.7500000e+01;1.3183782e-01;1.7500000e+01;1.6697696e-01;1.7500000e+01;1.9272414e-01;1.7500000e+01;2.1232611e-01;1.7500000e+01;2.2040641e-01;1.7500000e+01;2.1907285e-01;1.7500000e+01;2.0039113e-01;1.7500000e+01;1.6648690e-01;1.7500000e+01;1.2450852e-01;1.7500000e+01;8.1159562e-02;1.7500000e+01;4.0925816e-02;1.7500000e+01;-5.9149871e-03;1.7500000e+01;-2.4962705e-03;1.7500000e+01;9.3544805e-03;1.7500000e+01;2.6057098e-02;1.7500000e+01;4.7633130e-02;1.7500000e+01;7.1282223e-02;1.7500000e+01;9.8823071e-02;1.7500000e+01;1.3183782e-01;1.7500000e+01;1.6697696e-01;1.7500000e+01;1.9272414e-01;1.7500000e+01;2.1232611e-01;1.7500000e+01;2.2040641e-01;1.7500000e+01;2.1907285e-01;1.7500000e+01;2.0039113e-01;1.7500000e+01;1.6648690e-01;1.7500000e+01;1.2450852e-01;1.7500000e+01;8.1159562e-02;1.7500000e+01;4.0925816e-02;1.7500000e+01;-5.9149871e-03;1.7500000e+01;-2.4962705e-03;1.7500000e+01;9.3544805e-03;1.7500000e+01;2.6057098e-02;1.7500000e+01;4.7633130e-02;1.7500000e+01;7.1282223e-02;1.7500000e+01;9.8823071e-02;1.7500000e+01;1.3183782e-01;1.7500000e+01;1.6697696e-01;1.7500000e+01;1.9272414e-01;1.7500000e+01;2.1232611e-01;1.7500000e+01;2.2040641e-01;1.7500000e+01;2.1907285e-01;1.7500000e+01;2.0039113e-01;1.7500000e+01;1.6648690e-01;1.7500000e+01;1.2450852e-01;1.7500000e+01;8.1159562e-02;1.7500000e+01;4.0925816e-02;1.7500000e+01;-5.9149871e-03;1.7500000e+01;-2.4962705e-03;1.7500000e+01;9.3544805e-03;1.7500000e+01;2.6057098e-02;1.7500000e+01;4.7633130e-02;1.7500000e+01;7.1282223e-02;1.7500000e+01;9.8823071e-02;1.7500000e+01;1.3183782e-01;1.7500000e+01;1.6697696e-01;1.7500000e+01;1.9272414e-01;1.7500000e+01;2.1232611e-01;1.7500000e+01;2.2040641e-01;1.7500000e+01;2.1907285e-01;1.7500000e+01;2.0039113e-01;1.7500000e+01;1.6648690e-01;1.7500000e+01;1.2450852e-01;1.7500000e+01;8.1159562e-02;1.7500000e+01;4.0925816e-02;1.7500000e+01;-5.9149871e-03;1.7500000e+01;-2.4962705e-03;1.7500000e+01;9.3544805e-03;1.7500000e+01;2.6057098e-02;1.7500000e+01;4.7633130e-02;1.7500000e+01;7.1282223e-02;1.7500000e+01;9.8823071e-02;1.7500000e+01;1.3183782e-01;1.7500000e+01;1.6697696e-01;1.7500000e+01;1.9272414e-01;1.7500000e+01;2.1232611e-01;1.7500000e+01;2.2040641e-01;1.7500000e+01;2.1907285e-01;1.7500000e+01;2.0039113e-01;1.7500000e+01;1.6648690e-01;1.7500000e+01;1.2450852e-01;1.7500000e+01;8.1159562e-02;1.7500000e+01;4.0925816e-02;1.7500000e+01;-5.9149871e-03;1.7500000e+01;-2.4962705e-03;1.7500000e+01;9.3544805e-03;1.7500000e+01;2.6057098e-02;1.7500000e+01;4.7633130e-02;1.7500000e+01;7.1282223e-02;1.7500000e+01;9.8823071e-02;1.7500000e+01;1.3183782e-01;1.7500000e+01;1.6697696e-01;1.7500000e+01;1.9272414e-01;1.7500000e+01;2.1232611e-01;1.7500000e+01;2.2040641e-01;1.7500000e+01;2.1907285e-01;1.7500000e+01;2.0039113e-01;1.7500000e+01;1.6648690e-01;1.7500000e+01;1.2450852e-01;1.7500000e+01;8.1159562e-02;1.7500000e+01;4.0925816e-02;1.7500000e+01;-5.9149871e-03;1.7500000e+01;-2.4962705e-03;1.7500000e+01;9.3544805e-03;1.7500000e+01;2.6057098e-02;1.7500000e+01;4.7633130e-02;1.7500000e+01;7.1282223e-02;1.7500000e+01;9.8823071e-02;1.7500000e+01;1.3183782e-01;1.7500000e+01;1.6697696e-01;1.7500000e+01;1.9272414e-01;1.7500000e+01;2.1232611e-01;1.7500000e+01;2.2040641e-01;1.7500000e+01;2.1907285e-01;1.7500000e+01;2.0039113e-01;1.7500000e+01;1.6648690e-01;1.7500000e+01;1.2450852e-01;1.7500000e+01;8.1159562e-02;1.7500000e+01;4.0925816e-02;1.7500000e+01;-5.9149871e-03;1.7500000e+01;-2.4962705e-03;1.7500000e+01;9.3544805e-03;1.7500000e+01;2.6057098e-02;1.7500000e+01;4.7633130e-02;1.7500000e+01;7.1282223e-02;1.7500000e+01;9.8823071e-02;1.7500000e+01;1.3183782e-01;1.7500000e+01;1.6697696e-01;1.7500000e+01;1.9272414e-01;1.7500000e+01;2.1232611e-01;1.7500000e+01;2.2040641e-01;1.7500000e+01;2.1907285e-01;1.7500000e+01;2.0039113e-01;1.7500000e+01;1.6648690e-01;1.7500000e+01;1.2450852e-01;1.7500000e+01;8.1159562e-02;1.7500000e+01;4.0925816e-02;1.7500000e+01;-5.9149871e-03;1.7500000e+01;-2.4962705e-03;1.7500000e+01;9.3544805e-03;1.7500000e+01;2.6057098e-02;1.7500000e+01;4.7633130e-02;1.7500000e+01;7.1282223e-02;1.7500000e+01;9.8823071e-02;1.7500000e+01;1.3183782e-01;1.7500000e+01;1.6697696e-01;1.7500000e+01;1.9272414e-01;1.7500000e+01;2.1232611e-01;1.7500000e+01;2.2040641e-01;1.7500000e+01;2.1907285e-01;1.7500000e+01;2.0039113e-01;1.7500000e+01;1.6648690e-01;1.7500000e+01;1.2450852e-01;1.7500000e+01;8.1159562e-02;1.7500000e+01;4.0925816e-02;1.7500000e+01;-5.9149871e-03;1.7500000e+01;-2.4962705e-03;1.7500000e+01;9.3544805e-03;1.7500000e+01;2.6057098e-02;1.7500000e+01;4.7633130e-02;1.7500000e+01;7.1282223e-02;1.7500000e+01;9.8823071e-02;1.7500000e+01;1.3183782e-01;1.7500000e+01;1.6697696e-01;1.7500000e+01;1.9272414e-01;1.7500000e+01;2.1232611e-01;1.7500000e+01;2.2040641e-01;1.7500000e+01;2.1907285e-01;1.7500000e+01;2.0039113e-01;1.7500000e+01;1.6648690e-01;1.7500000e+01;1.2450852e-01;1.7500000e+01;8.1159562e-02;1.7500000e+01;4.0925816e-02;1.7500000e+01;-5.9149871e-03;1.7500000e+01;-2.4962705e-03;1.7500000e+01;9.3544805e-03;1.7500000e+01;2.6057098e-02;1.7500000e+01;4.7633130e-02;1.7500000e+01;7.1282223e-02;1.7500000e+01;9.8823071e-02;1.7500000e+01;1.3183782e-01;1.7500000e+01;1.6697696e-01;1.7500000e+01;1.9272414e-01;1.7500000e+01;2.1232611e-01;1.7500000e+01;2.2040641e-01;1.7500000e+01;2.1907285e-01;1.7500000e+01;2.0039113e-01;1.7500000e+01;1.6648690e-01;1.7500000e+01;1.2450852e-01;1.7500000e+01;8.1159562e-02;1.7500000e+01;4.0925816e-02;1.7500000e+01;-5.9149871e-03;1.7500000e+01;-2.4962705e-03;1.7500000e+01;9.3544805e-03;1.7500000e+01;2.6057098e-02;1.7500000e+01;4.7633130e-02;1.7500000e+01;7.1282223e-02;1.7500000e+01;9.8823071e-02;1.7500000e+01;1.3183782e-01;1.7500000e+01;1.6697696e-01;1.7500000e+01;1.9272414e-01;1.7500000e+01;2.1232611e-01;1.7500000e+01;2.2040641e-01;1.7500000e+01;2.1907285e-01;1.7500000e+01;2.0039113e-01;1.7500000e+01;1.6648690e-01;1.7500000e+01;1.2450852e-01;1.7500000e+01;8.1159562e-02;1.7500000e+01;4.0925816e-02;1.7500000e+01;-5.9149871e-03;1.7500000e+01;-2.4962705e-03;1.7500000e+01;9.3544805e-03;1.7500000e+01;2.6057098e-02;1.7500000e+01;4.7633130e-02;1.7500000e+01;7.1282223e-02;1.7500000e+01;9.8823071e-02;1.7500000e+01;1.3183782e-01;1.7500000e+01;1.6697696e-01;1.7500000e+01;1.9272414e-01;1.7500000e+01;2.1232611e-01;1.7500000e+01;2.2040641e-01;1.7500000e+01;2.1907285e-01;1.7500000e+01;2.0039113e-01;1.7500000e+01;1.6648690e-01;1.7500000e+01;1.2450852e-01;1.7500000e+01;8.1159562e-02;1.7500000e+01;4.0925816e-02;1.7500000e+01;-5.9149871e-03;1.7500000e+01;-2.4962705e-03;1.7500000e+01;9.3544805e-03;1.7500000e+01;2.6057098e-02;1.7500000e+01;4.7633130e-02;1.7500000e+01;7.1282223e-02;1.7500000e+01;9.8823071e-02;1.7500000e+01;1.3183782e-01;1.7500000e+01;1.6697696e-01;1.7500000e+01;1.9272414e-01;1.7500000e+01;2.1232611e-01;1.7500000e+01;2.2040641e-01;1.7500000e+01;2.1907285e-01;1.7500000e+01;2.0039113e-01;1.7500000e+01;1.6648690e-01;1.7500000e+01;1.2450852e-01;1.7500000e+01;8.1159562e-02;1.7500000e+01;4.0925816e-02;1.7500000e+01;-5.9149871e-03;1.7500000e+01;-2.4962705e-03;1.7500000e+01;9.3544805e-03;1.7500000e+01;2.6057098e-02;1.7500000e+01;4.7633130e-02;1.7500000e+01;7.1282223e-02;1.7500000e+01;9.8823071e-02;1.7500000e+01;1.3183782e-01;1.7500000e+01;1.6697696e-01;1.7500000e+01;1.9272414e-01;1.7500000e+01;2.1232611e-01;1.7500000e+01;2.2040641e-01;1.7500000e+01;2.1907285e-01;1.7500000e+01;2.0039113e-01;1.7500000e+01;1.6648690e-01;1.7500000e+01;1.2450852e-01;1.7500000e+01;8.1159562e-02;1.7500000e+01;4.0925816e-02;1.7500000e+01;-5.9149871e-03;1.7500000e+01;-2.4962705e-03;1.7500000e+01;9.3544805e-03;1.7500000e+01;2.6057098e-02;1.7500000e+01;4.7633130e-02;1.7500000e+01;7.1282223e-02;1.7500000e+01;9.8823071e-02;1.7500000e+01;1.3183782e-01;1.7500000e+01;1.6697696e-01;1.7500000e+01;1.9272414e-01;1.7500000e+01;2.1232611e-01;1.7500000e+01;2.2040641e-01;1.7500000e+01;2.1907285e-01;1.7500000e+01;2.0039113e-01;1.7500000e+01;1.6648690e-01;1.7500000e+01;1.2450852e-01;1.7500000e+01;8.1159562e-02;1.7500000e+01;4.0925816e-02;1.7500000e+01;-5.9149871e-03;1.7500000e+01;-2.4962705e-03;1.7500000e+01;9.3544805e-03;1.7500000e+01;2.6057098e-02;1.7500000e+01;4.7633130e-02;1.7500000e+01;7.1282223e-02;1.7500000e+01;9.8823071e-02;1.7500000e+01;1.3183782e-01;1.7500000e+01;1.6697696e-01;1.7500000e+01;1.9272414e-01;1.7500000e+01;2.1232611e-01;1.7500000e+01;2.2040641e-01;1.7500000e+01;2.1907285e-01;1.7500000e+01;2.0039113e-01;1.7500000e+01;1.6648690e-01;1.7500000e+01;1.2450852e-01;1.7500000e+01;8.1159562e-02;1.7500000e+01;4.0925816e-02;1.7500000e+01;-5.9149871e-03;1.7500000e+01;-2.4962705e-03;1.7500000e+01;9.3544805e-03;1.7500000e+01;2.6057098e-02;1.7500000e+01;4.7633130e-02;1.7500000e+01;7.1282223e-02;1.7500000e+01;9.8823071e-02;1.7500000e+01;1.3183782e-01;1.7500000e+01;1.6697696e-01;1.7500000e+01;1.9272414e-01;1.7500000e+01;2.1232611e-01;1.7500000e+01;2.2040641e-01;1.7500000e+01;2.1907285e-01;1.7500000e+01;2.0039113e-01;1.7500000e+01;1.6648690e-01;1.7500000e+01;1.2450852e-01;1.7500000e+01;8.1159562e-02;1.7500000e+01;4.0925816e-02;1.7500000e+01;-5.9149871e-03;1.7500000e+01;-2.4962705e-03;1.7500000e+01;9.3544805e-03;1.7500000e+01;2.6057098e-02;1.7500000e+01;4.7633130e-02;1.7500000e+01;7.1282223e-02;1.7500000e+01;9.8823071e-02;1.7500000e+01;1.3183782e-01;1.7500000e+01;1.6697696e-01;1.7500000e+01;1.9272414e-01;1.7500000e+01;2.1232611e-01;1.7500000e+01;2.2040641e-01;1.7500000e+01;2.1907285e-01;1.7500000e+01;2.0039113e-01;1.7500000e+01;1.6648690e-01;1.7500000e+01;1.2450852e-01;1.7500000e+01;8.1159562e-02;1.7500000e+01;4.0925816e-02;1.7500000e+01;-5.9149871e-03;1.7500000e+01;-2.4962705e-03;1.7500000e+01;9.3544805e-03;1.7500000e+01;2.6057098e-02;1.7500000e+01;4.7633130e-02;1.7500000e+01;7.1282223e-02;1.7500000e+01;9.8823071e-02;1.7500000e+01;1.3183782e-01;1.7500000e+01;1.6697696e-01;1.7500000e+01;1.9272414e-01;1.7500000e+01;2.1232611e-01;1.7500000e+01;2.2040641e-01;1.7500000e+01;2.1907285e-01;1.7500000e+01;2.0039113e-01;1.7500000e+01;1.6648690e-01;1.7500000e+01;1.2450852e-01;1.7500000e+01;8.1159562e-02;1.7500000e+01;4.0925816e-02;1.7500000e+01;-5.9149871e-03;1.7500000e+01;-2.4962705e-03;1.7500000e+01;9.3544805e-03;1.7500000e+01;2.6057098e-02;1.7500000e+01;4.7633130e-02;1.7500000e+01;7.1282223e-02;1.7500000e+01;9.8823071e-02;1.7500000e+01;1.3183782e-01;1.7500000e+01;1.6697696e-01;1.7500000e+01;1.9272414e-01;1.7500000e+01;2.1232611e-01;1.7500000e+01;2.2040641e-01;1.7500000e+01;2.1907285e-01;1.7500000e+01;2.0039113e-01;1.7500000e+01;1.6648690e-01;1.7500000e+01;1.2450852e-01;1.7500000e+01;8.1159562e-02;1.7500000e+01;4.0925816e-02;1.7500000e+01;-5.9149871e-03;1.7500000e+01;-2.4962705e-03;1.7500000e+01;9.3544805e-03;1.7500000e+01;2.6057098e-02;1.7500000e+01;4.7633130e-02;1.7500000e+01;7.1282223e-02;1.7500000e+01;9.8823071e-02;1.7500000e+01;1.3183782e-01;1.7500000e+01;1.6697696e-01;1.7500000e+01;1.9272414e-01;1.7500000e+01;2.1232611e-01;1.7500000e+01;2.2040641e-01;1.7500000e+01;2.1907285e-01;1.7500000e+01;2.0039113e-01;1.7500000e+01;1.6648690e-01;1.7500000e+01;1.2450852e-01;1.7500000e+01;8.1159562e-02;1.7500000e+01;4.0925816e-02;1.7500000e+01;-5.9149871e-03;1.7500000e+01;-2.4962705e-03;1.7500000e+01;9.3544805e-03;1.7500000e+01;2.6057098e-02;1.7500000e+01;4.7633130e-02;1.7500000e+01;7.1282223e-02;1.7500000e+01;9.8823071e-02;1.7500000e+01;1.3183782e-01;1.7500000e+01;1.6697696e-01;1.7500000e+01;1.9272414e-01;1.7500000e+01;2.1232611e-01;1.7500000e+01;2.2040641e-01;1.7500000e+01;2.1907285e-01;1.7500000e+01;2.0039113e-01;1.7500000e+01;1.6648690e-01;1.7500000e+01;1.2450852e-01;1.7500000e+01;8.1159562e-02;1.7500000e+01;4.0925816e-02;1.7500000e+01;-5.9149871e-03;1.7500000e+01;-2.4962705e-03;1.7500000e+01;9.3544805e-03;1.7500000e+01;2.6057098e-02;1.7500000e+01;4.7633130e-02;1.7500000e+01;7.1282223e-02;1.7500000e+01;9.8823071e-02;1.7500000e+01;1.3183782e-01;1.7500000e+01;1.6697696e-01;1.7500000e+01;1.9272414e-01;1.7500000e+01;2.1232611e-01;1.7500000e+01;2.2040641e-01;1.7500000e+01;2.1907285e-01;1.7500000e+01;2.0039113e-01;1.7500000e+01;1.6648690e-01;1.7500000e+01;1.2450852e-01;1.7500000e+01;8.1159562e-02;1.7500000e+01;4.0925816e-02;1.7500000e+01;-5.9149871e-03;1.7500000e+01;-2.4962705e-03;1.7500000e+01;9.3544805e-03;1.7500000e+01;2.6057098e-02;1.7500000e+01;4.7633130e-02;1.7500000e+01;7.1282223e-02;1.7500000e+01;9.8823071e-02;1.7500000e+01;1.3183782e-01;1.7500000e+01;1.6697696e-01;1.7500000e+01;1.9272414e-01;1.7500000e+01;2.1232611e-01;1.7500000e+01;2.2040641e-01;1.7500000e+01;2.1907285e-01;1.7500000e+01;2.0039113e-01;1.7500000e+01;1.6648690e-01;1.7500000e+01;1.2450852e-01;1.7500000e+01;8.1159562e-02;1.7500000e+01;4.0925816e-02;1.7500000e+01;-5.9149871e-03;1.7500000e+01;-2.4962705e-03;1.7500000e+01;9.3544805e-03;1.7500000e+01;2.6057098e-02;1.7500000e+01;4.7633130e-02;1.7500000e+01;7.1282223e-02;1.7500000e+01;9.8823071e-02;1.7500000e+01;1.3183782e-01;1.7500000e+01;1.6697696e-01;1.7500000e+01;1.9272414e-01;1.7500000e+01;2.1232611e-01;1.7500000e+01;2.2040641e-01;1.7500000e+01;2.1907285e-01;1.7500000e+01;2.0039113e-01;1.7500000e+01;1.6648690e-01;1.7500000e+01;1.2450852e-01;1.7500000e+01;8.1159562e-02;1.7500000e+01;4.0925816e-02;1.7500000e+01;-5.9149871e-03;1.7500000e+01;-2.4962705e-03;1.7500000e+01;9.3544805e-03;1.7500000e+01;2.6057098e-02;1.7500000e+01;4.7633130e-02;1.7500000e+01;7.1282223e-02;1.7500000e+01;9.8823071e-02;1.7500000e+01;1.3183782e-01;1.7500000e+01;1.6697696e-01;1.7500000e+01;1.9272414e-01;1.7500000e+01;2.1232611e-01;1.7500000e+01;2.2040641e-01;1.7500000e+01;2.1907285e-01;1.7500000e+01;2.0039113e-01;1.7500000e+01;1.6648690e-01;1.7500000e+01;1.2450852e-01;1.7500000e+01;8.1159562e-02;1.7500000e+01;4.0925816e-02;1.7500000e+01;-5.9149871e-03;1.7500000e+01;-2.4962705e-03;1.7500000e+01;9.3544805e-03;1.7500000e+01;2.6057098e-02;1.7500000e+01;4.7633130e-02;1.7500000e+01;7.1282223e-02;1.7500000e+01;9.8823071e-02;1.7500000e+01;1.3183782e-01;1.7500000e+01;1.6697696e-01;1.7500000e+01;1.9272414e-01;1.7500000e+01;2.1232611e-01;1.7500000e+01;2.2040641e-01;1.7500000e+01;2.1907285e-01;1.7500000e+01;2.0039113e-01;1.7500000e+01;1.6648690e-01;1.7500000e+01;1.2450852e-01;1.7500000e+01;8.1159562e-02;1.7500000e+01;4.0925816e-02;1.7500000e+01;-5.9149871e-03;1.7500000e+01;-2.4962705e-03;1.7500000e+01;9.3544805e-03;1.7500000e+01;2.6057098e-02;1.7500000e+01;4.7633130e-02;1.7500000e+01;7.1282223e-02;1.7500000e+01;9.8823071e-02;1.7500000e+01;1.3183782e-01;1.7500000e+01;1.6697696e-01;1.7500000e+01;1.9272414e-01;1.7500000e+01;2.1232611e-01;1.7500000e+01;2.2040641e-01;1.7500000e+01;2.1907285e-01;1.7500000e+01;2.0039113e-01;1.7500000e+01;1.6648690e-01;1.7500000e+01;1.2450852e-01;1.7500000e+01;8.1159562e-02;1.7500000e+01;4.0925816e-02;1.7500000e+01;-5.9149871e-03;1.7500000e+01;-2.4962705e-03;1.7500000e+01;9.3544805e-03;1.7500000e+01;2.6057098e-02;1.7500000e+01;4.7633130e-02;1.7500000e+01;7.1282223e-02;1.7500000e+01;9.8823071e-02;1.7500000e+01;1.3183782e-01;1.7500000e+01;1.6697696e-01;1.7500000e+01;1.9272414e-01;1.7500000e+01;2.1232611e-01;1.7500000e+01;2.2040641e-01;1.7500000e+01;2.1907285e-01;1.7500000e+01;2.0039113e-01;1.7500000e+01;1.6648690e-01;1.7500000e+01;1.2450852e-01;1.7500000e+01;8.1159562e-02;1.7500000e+01;4.0925816e-02;1.7500000e+01;-5.9149871e-03;1.7500000e+01;-2.4962705e-03;1.7500000e+01;9.3544805e-03;1.7500000e+01;2.6057098e-02;1.7500000e+01;4.7633130e-02;1.7500000e+01;7.1282223e-02;1.7500000e+01;9.8823071e-02;1.7500000e+01;1.3183782e-01;1.7500000e+01;1.6697696e-01;1.7500000e+01;1.9272414e-01;1.7500000e+01;2.1232611e-01;1.7500000e+01;2.2040641e-01;1.7500000e+01;2.1907285e-01;1.7500000e+01;2.0039113e-01;1.7500000e+01;1.6648690e-01;1.7500000e+01;1.2450852e-01;1.7500000e+01;8.1159562e-02;1.7500000e+01;4.0925816e-02;1.7500000e+01;-5.9149871e-03;1.7500000e+01;-2.4962705e-03;1.7500000e+01;9.3544805e-03;1.7500000e+01;2.6057098e-02;1.7500000e+01;4.7633130e-02;1.7500000e+01;7.1282223e-02;1.7500000e+01;9.8823071e-02;1.7500000e+01;1.3183782e-01;1.7500000e+01;1.6697696e-01;1.7500000e+01;1.9272414e-01;1.7500000e+01;2.1232611e-01;1.7500000e+01;2.2040641e-01;1.7500000e+01;2.1907285e-01;1.7500000e+01;2.0039113e-01;1.7500000e+01;1.6648690e-01;1.7500000e+01;1.2450852e-01;1.7500000e+01;8.1159562e-02;1.7500000e+01;4.0925816e-02;1.7500000e+01;-5.9149871e-03;1.7500000e+01;-2.4962705e-03;1.7500000e+01;9.3544805e-03;1.7500000e+01;2.6057098e-02;1.7500000e+01;4.7633130e-02;1.7500000e+01;7.1282223e-02;1.7500000e+01;9.8823071e-02;1.7500000e+01;1.3183782e-01;1.7500000e+01;1.6697696e-01;1.7500000e+01;1.9272414e-01;1.7500000e+01;2.1232611e-01;1.7500000e+01;2.2040641e-01;1.7500000e+01;2.1907285e-01;1.7500000e+01;2.0039113e-01;1.7500000e+01;1.6648690e-01;1.7500000e+01;1.2450852e-01;1.7500000e+01;8.1159562e-02;1.7500000e+01;4.0925816e-02;1.7500000e+01;-5.9149871e-03;1.7500000e+01;-2.4962705e-03;1.7500000e+01;9.3544805e-03;1.7500000e+01;2.6057098e-02;1.7500000e+01;4.7633130e-02;1.7500000e+01;7.1282223e-02;1.7500000e+01;9.8823071e-02;1.7500000e+01;1.3183782e-01;1.7500000e+01;1.6697696e-01;1.7500000e+01;1.9272414e-01;1.7500000e+01;2.1232611e-01;1.7500000e+01;2.2040641e-01;1.7500000e+01;2.1907285e-01;1.7500000e+01;2.0039113e-01;1.7500000e+01;1.6648690e-01;1.7500000e+01;1.2450852e-01;1.7500000e+01;8.1159562e-02;1.7500000e+01;4.0925816e-02;1.7500000e+01;-5.9149871e-03;1.7500000e+01;-2.4962705e-03;1.7500000e+01;9.3544805e-03;1.7500000e+01;2.6057098e-02;1.7500000e+01;4.7633130e-02;1.7500000e+01;7.1282223e-02;1.7500000e+01;9.8823071e-02;1.7500000e+01;1.3183782e-01;1.7500000e+01;1.6697696e-01;1.7500000e+01;1.9272414e-01;1.7500000e+01;2.1232611e-01;1.7500000e+01;2.2040641e-01;1.7500000e+01;2.1907285e-01;1.7500000e+01;2.0039113e-01;1.7500000e+01;1.6648690e-01;1.7500000e+01;1.2450852e-01;1.7500000e+01;8.1159562e-02;1.7500000e+01;4.0925816e-02;1.7500000e+01;-5.9149871e-03;1.7500000e+01;-2.4962705e-03;1.7500000e+01;9.3544805e-03;1.7500000e+01;2.6057098e-02;1.7500000e+01;4.7633130e-02;1.7500000e+01;7.1282223e-02;1.7500000e+01;9.8823071e-02;1.7500000e+01;1.3183782e-01;1.7500000e+01;1.6697696e-01;1.7500000e+01;1.9272414e-01;1.7500000e+01;2.1232611e-01;1.7500000e+01;2.2040641e-01;1.7500000e+01;2.1907285e-01;1.7500000e+01;2.0039113e-01;1.7500000e+01;1.6648690e-01;1.7500000e+01;1.2450852e-01;1.7500000e+01;8.1159562e-02;1.7500000e+01;4.0925816e-02;1.7500000e+01;-5.9149871e-03;1.7500000e+01;-2.4962705e-03;1.7500000e+01;9.3544805e-03;1.7500000e+01;2.6057098e-02;1.7500000e+01;4.7633130e-02;1.7500000e+01;7.1282223e-02;1.7500000e+01;9.8823071e-02;1.7500000e+01;1.3183782e-01;1.7500000e+01;1.6697696e-01;1.7500000e+01;1.9272414e-01;1.7500000e+01;2.1232611e-01;1.7500000e+01;2.2040641e-01;1.7500000e+01;2.1907285e-01;1.7500000e+01;2.0039113e-01;1.7500000e+01;1.6648690e-01;1.7500000e+01;1.2450852e-01;1.7500000e+01;8.1159562e-02;1.7500000e+01;4.0925816e-02;1.7500000e+01;-5.9149871e-03;1.7500000e+01;-2.4962705e-03;1.7500000e+01;9.3544805e-03;1.7500000e+01;2.6057098e-02;1.7500000e+01;4.7633130e-02;1.7500000e+01;7.1282223e-02;1.7500000e+01;9.8823071e-02;1.7500000e+01;1.3183782e-01;1.7500000e+01;1.6697696e-01;1.7500000e+01;1.9272414e-01;1.7500000e+01;2.1232611e-01;1.7500000e+01;2.2040641e-01;1.7500000e+01;2.1907285e-01;1.7500000e+01;2.0039113e-01;1.7500000e+01;1.6648690e-01;1.7500000e+01;1.2450852e-01;1.7500000e+01;8.1159562e-02;1.7500000e+01;4.0925816e-02;1.7500000e+01;-5.9149871e-03;1.7500000e+01;-2.4962705e-03;1.7500000e+01;9.3544805e-03;1.7500000e+01;2.6057098e-02;1.7500000e+01;4.7633130e-02;1.7500000e+01;7.1282223e-02;1.7500000e+01;9.8823071e-02;1.7500000e+01;1.3183782e-01;1.7500000e+01;1.6697696e-01;1.7500000e+01;1.9272414e-01;1.7500000e+01;2.1232611e-01;1.7500000e+01;2.2040641e-01;1.7500000e+01;2.1907285e-01;1.7500000e+01;2.0039113e-01;1.7500000e+01;1.6648690e-01;1.7500000e+01;1.2450852e-01;1.7500000e+01;8.1159562e-02;1.7500000e+01;4.0925816e-02;1.7500000e+01;-5.9149871e-03;1.7500000e+01;-2.4962705e-03;1.7500000e+01;9.3544805e-03;1.7500000e+01;2.6057098e-02;1.7500000e+01;4.7633130e-02;1.7500000e+01;7.1282223e-02;1.7500000e+01;9.8823071e-02;1.7500000e+01;1.3183782e-01;1.7500000e+01;1.6697696e-01;1.7500000e+01;1.9272414e-01;1.7500000e+01;2.1232611e-01;1.7500000e+01;2.2040641e-01;1.7500000e+01;2.1907285e-01;1.7500000e+01;2.0039113e-01;1.7500000e+01;1.6648690e-01;1.7500000e+01;1.2450852e-01;1.7500000e+01;8.1159562e-02;1.7500000e+01;4.0925816e-02;1.7500000e+01;-5.9149871e-03;1.7500000e+01;-2.4962705e-03;1.7500000e+01;9.3544805e-03;1.7500000e+01;2.6057098e-02;1.7500000e+01;4.7633130e-02;1.7500000e+01;7.1282223e-02;1.7500000e+01;9.8823071e-02;1.7500000e+01;1.3183782e-01;1.7500000e+01;1.6697696e-01;1.7500000e+01;1.9272414e-01;1.7500000e+01;2.1232611e-01;1.7500000e+01;2.2040641e-01;1.7500000e+01;2.1907285e-01;1.7500000e+01;2.0039113e-01;1.7500000e+01;1.6648690e-01;1.7500000e+01;1.2450852e-01;1.7500000e+01;8.1159562e-02;1.7500000e+01;4.0925816e-02;1.7500000e+01;-5.9149871e-03;1.7500000e+01;-2.4962705e-03;1.7500000e+01;9.3544805e-03;1.7500000e+01;2.6057098e-02;1.7500000e+01;4.7633130e-02;1.7500000e+01;7.1282223e-02;1.7500000e+01;9.8823071e-02;1.7500000e+01;1.3183782e-01;1.7500000e+01;1.6697696e-01;1.7500000e+01;1.9272414e-01;1.7500000e+01;2.1232611e-01;1.7500000e+01;2.2040641e-01;1.7500000e+01;2.1907285e-01;1.7500000e+01;2.0039113e-01;1.7500000e+01;1.6648690e-01;1.7500000e+01;1.2450852e-01;1.7500000e+01;8.1159562e-02;1.7500000e+01;4.0925816e-02;1.7500000e+01;-5.9149871e-03;1.7500000e+01;-2.4962705e-03;1.7500000e+01;9.3544805e-03;1.7500000e+01;2.6057098e-02;1.7500000e+01;4.7633130e-02;1.7500000e+01;7.1282223e-02;1.7500000e+01;9.8823071e-02;1.7500000e+01;1.3183782e-01;1.7500000e+01;1.6697696e-01;1.7500000e+01;1.9272414e-01;1.7500000e+01;2.1232611e-01;1.7500000e+01;2.2040641e-01;1.7500000e+01;2.1907285e-01;1.7500000e+01;2.0039113e-01;1.7500000e+01;1.6648690e-01;1.7500000e+01;1.2450852e-01;1.7500000e+01;8.1159562e-02;1.7500000e+01;4.0925816e-02;1.7500000e+01;-5.9149871e-03;1.7500000e+01;-2.4962705e-03;1.7500000e+01;9.3544805e-03;1.7500000e+01;2.6057098e-02;1.7500000e+01;4.7633130e-02;1.7500000e+01;7.1282223e-02;1.7500000e+01;9.8823071e-02;1.7500000e+01;1.3183782e-01;1.7500000e+01;1.6697696e-01;1.7500000e+01;1.9272414e-01;1.7500000e+01;2.1232611e-01;1.7500000e+01;2.2040641e-01;1.7500000e+01;2.1907285e-01;1.7500000e+01;2.0039113e-01;1.7500000e+01;1.6648690e-01;1.7500000e+01;1.2450852e-01;1.7500000e+01;8.1159562e-02;1.7500000e+01;4.0925816e-02;1.7500000e+01;-5.9149871e-03;1.7500000e+01;-2.4962705e-03;1.7500000e+01;9.3544805e-03;1.7500000e+01;2.6057098e-02;1.7500000e+01;4.7633130e-02;1.7500000e+01;7.1282223e-02;1.7500000e+01;9.8823071e-02;1.7500000e+01;1.3183782e-01;1.7500000e+01;1.6697696e-01;1.7500000e+01;1.9272414e-01;1.7500000e+01;2.1232611e-01;1.7500000e+01;2.2040641e-01;1.7500000e+01;2.1907285e-01;1.7500000e+01;2.0039113e-01;1.7500000e+01;1.6648690e-01;1.7500000e+01;1.2450852e-01;1.7500000e+01;8.1159562e-02;1.7500000e+01;4.0925816e-02;1.7500000e+01;-5.9149871e-03;1.7500000e+01;-2.4962705e-03;1.7500000e+01;9.3544805e-03;1.7500000e+01;2.6057098e-02;1.7500000e+01;4.7633130e-02;1.7500000e+01;7.1282223e-02;1.7500000e+01;9.8823071e-02;1.7500000e+01;1.3183782e-01;1.7500000e+01;1.6697696e-01;1.7500000e+01;1.9272414e-01;1.7500000e+01;2.1232611e-01;1.7500000e+01;2.2040641e-01;1.7500000e+01;2.1907285e-01;1.7500000e+01;2.0039113e-01;1.7500000e+01;1.6648690e-01;1.7500000e+01;1.2450852e-01;1.7500000e+01;8.1159562e-02;1.7500000e+01;4.0925816e-02;1.7500000e+01;-5.9149871e-03;1.7500000e+01;-2.4962705e-03;1.7500000e+01;9.3544805e-03;1.7500000e+01;2.6057098e-02;1.7500000e+01;4.7633130e-02;1.7500000e+01;7.1282223e-02;1.7500000e+01;9.8823071e-02;1.7500000e+01;1.3183782e-01;1.7500000e+01;1.6697696e-01;1.7500000e+01;1.9272414e-01;1.7500000e+01;2.1232611e-01;1.7500000e+01;2.2040641e-01;1.7500000e+01;2.1907285e-01;1.7500000e+01;2.0039113e-01;1.7500000e+01;1.6648690e-01;1.7500000e+01;1.2450852e-01;1.7500000e+01;8.1159562e-02;1.7500000e+01;4.0925816e-02;1.7500000e+01;-5.9149871e-03;1.7500000e+01;-2.4962705e-03;1.7500000e+01;9.3544805e-03;1.7500000e+01;2.6057098e-02;1.7500000e+01;4.7633130e-02;1.7500000e+01;7.1282223e-02;1.7500000e+01;9.8823071e-02;1.7500000e+01;1.3183782e-01;1.7500000e+01;1.6697696e-01;1.7500000e+01;1.9272414e-01;1.7500000e+01;2.1232611e-01;1.7500000e+01;2.2040641e-01;1.7500000e+01;2.1907285e-01;1.7500000e+01;2.0039113e-01;1.7500000e+01;1.6648690e-01;1.7500000e+01;1.2450852e-01;1.7500000e+01;8.1159562e-02;1.7500000e+01;4.0925816e-02;1.7500000e+01;-5.9149871e-03;1.7500000e+01;-2.4962705e-03;1.7500000e+01;9.3544805e-03;1.7500000e+01;2.6057098e-02;1.7500000e+01;4.7633130e-02;1.7500000e+01;7.1282223e-02;1.7500000e+01;9.8823071e-02;1.7500000e+01;1.3183782e-01;1.7500000e+01;1.6697696e-01;1.7500000e+01;1.9272414e-01;1.7500000e+01;2.1232611e-01;1.7500000e+01;2.2040641e-01;1.7500000e+01;2.1907285e-01;1.7500000e+01;2.0039113e-01;1.7500000e+01;1.6648690e-01;1.7500000e+01;1.2450852e-01;1.7500000e+01;8.1159562e-02;1.7500000e+01;4.0925816e-02;1.7500000e+01;-5.9149871e-03;1.7500000e+01;-2.4962705e-03;1.7500000e+01;9.3544805e-03;1.7500000e+01;2.6057098e-02;1.7500000e+01;4.7633130e-02;1.7500000e+01;7.1282223e-02;1.7500000e+01;9.8823071e-02;1.7500000e+01;1.3183782e-01;1.7500000e+01;1.6697696e-01;1.7500000e+01;1.9272414e-01;1.7500000e+01;2.1232611e-01;1.7500000e+01;2.2040641e-01;1.7500000e+01;2.1907285e-01;1.7500000e+01;2.0039113e-01;1.7500000e+01;1.6648690e-01;1.7500000e+01;1.2450852e-01;1.7500000e+01;8.1159562e-02;1.7500000e+01;4.0925816e-02;1.7500000e+01;-5.9149871e-03;1.7500000e+01;-2.4962705e-03;1.7500000e+01;9.3544805e-03;1.7500000e+01;2.6057098e-02;1.7500000e+01;4.7633130e-02;1.7500000e+01;7.1282223e-02;1.7500000e+01;9.8823071e-02;1.7500000e+01;1.3183782e-01;1.7500000e+01;1.6697696e-01;1.7500000e+01;1.9272414e-01;1.7500000e+01;2.1232611e-01;1.7500000e+01;2.2040641e-01;1.7500000e+01;2.1907285e-01;1.7500000e+01;2.0039113e-01;1.7500000e+01;1.6648690e-01;1.7500000e+01;1.2450852e-01;1.7500000e+01;8.1159562e-02;1.7500000e+01;4.0925816e-02;1.7500000e+01;-5.9149871e-03;1.7500000e+01;-2.4962705e-03;1.7500000e+01;9.3544805e-03;1.7500000e+01;2.6057098e-02;1.7500000e+01;4.7633130e-02;1.7500000e+01;7.1282223e-02;1.7500000e+01;9.8823071e-02;1.7500000e+01;1.3183782e-01;1.7500000e+01;1.6697696e-01;1.7500000e+01;1.9272414e-01;1.7500000e+01;2.1232611e-01;1.7500000e+01;2.2040641e-01;1.7500000e+01;2.1907285e-01;1.7500000e+01;2.0039113e-01;1.7500000e+01;1.6648690e-01;1.7500000e+01;1.2450852e-01;1.7500000e+01;8.1159562e-02;1.7500000e+01;4.0925816e-02;1.7500000e+01;-5.9149871e-03;1.7500000e+01;-2.4962705e-03;1.7500000e+01;9.3544805e-03;1.7500000e+01;2.6057098e-02;1.7500000e+01;4.7633130e-02;1.7500000e+01;7.1282223e-02;1.7500000e+01;9.8823071e-02;1.7500000e+01;1.3183782e-01;1.7500000e+01;1.6697696e-01;1.7500000e+01;1.9272414e-01;1.7500000e+01;2.1232611e-01;1.7500000e+01;2.2040641e-01;1.7500000e+01;2.1907285e-01;1.7500000e+01;2.0039113e-01;1.7500000e+01;1.6648690e-01;1.7500000e+01;1.2450852e-01;1.7500000e+01;8.1159562e-02;1.7500000e+01;4.0925816e-02;1.7500000e+01;-5.9149871e-03;1.7500000e+01;-2.4962705e-03;1.7500000e+01;9.3544805e-03;1.7500000e+01;2.6057098e-02;1.7500000e+01;4.7633130e-02;1.7500000e+01;7.1282223e-02;1.7500000e+01;9.8823071e-02;1.7500000e+01;1.3183782e-01;1.7500000e+01;1.6697696e-01;1.7500000e+01;1.9272414e-01;1.7500000e+01;2.1232611e-01;1.7500000e+01;2.2040641e-01;1.7500000e+01;2.1907285e-01;1.7500000e+01;2.0039113e-01;1.7500000e+01;1.6648690e-01;1.7500000e+01;1.2450852e-01;1.7500000e+01;8.1159562e-02;1.7500000e+01;4.0925816e-02;1.7500000e+01;-5.9149871e-03;1.7500000e+01;-2.4962705e-03;1.7500000e+01;9.3544805e-03;1.7500000e+01;2.6057098e-02;1.7500000e+01;4.7633130e-02;1.7500000e+01;7.1282223e-02;1.7500000e+01;9.8823071e-02;1.7500000e+01;1.3183782e-01;1.7500000e+01;1.6697696e-01;1.7500000e+01;1.9272414e-01;1.7500000e+01;2.1232611e-01;1.7500000e+01;2.2040641e-01;1.7500000e+01;2.1907285e-01;1.7500000e+01;2.0039113e-01;1.7500000e+01;1.6648690e-01;1.7500000e+01;1.2450852e-01;1.7500000e+01;8.1159562e-02;1.7500000e+01;4.0925816e-02;1.7500000e+01;-5.9149871e-03;1.7500000e+01;-2.4962705e-03;1.7500000e+01;9.3544805e-03;1.7500000e+01;2.6057098e-02;1.7500000e+01;4.7633130e-02;1.7500000e+01;7.1282223e-02;1.7500000e+01;9.8823071e-02;1.7500000e+01;1.3183782e-01;1.7500000e+01;1.6697696e-01;1.7500000e+01;1.9272414e-01;1.7500000e+01;2.1232611e-01;1.7500000e+01;2.2040641e-01;1.7500000e+01;2.1907285e-01;1.7500000e+01;2.0039113e-01;1.7500000e+01;1.6648690e-01;1.7500000e+01;1.2450852e-01;1.7500000e+01;8.1159562e-02;1.7500000e+01;4.0925816e-02;1.7500000e+01;-5.9149871e-03;1.7500000e+01;-2.4962705e-03;1.7500000e+01;9.3544805e-03;1.7500000e+01;2.6057098e-02;1.7500000e+01;4.7633130e-02;1.7500000e+01;7.1282223e-02;1.7500000e+01;9.8823071e-02;1.7500000e+01;1.3183782e-01;1.7500000e+01;1.6697696e-01;1.7500000e+01;1.9272414e-01;1.7500000e+01;2.1232611e-01;1.7500000e+01;2.2040641e-01;1.7500000e+01;2.1907285e-01;1.7500000e+01;2.0039113e-01;1.7500000e+01;1.6648690e-01;1.7500000e+01;1.2450852e-01;1.7500000e+01;8.1159562e-02;1.7500000e+01;4.0925816e-02;1.7500000e+01;-5.9149871e-03;1.7500000e+01;-2.4962705e-03;1.7500000e+01;9.3544805e-03;1.7500000e+01;2.6057098e-02;1.7500000e+01;4.7633130e-02;1.7500000e+01;7.1282223e-02;1.7500000e+01;9.8823071e-02;1.7500000e+01;1.3183782e-01;1.7500000e+01;1.6697696e-01;1.7500000e+01;1.9272414e-01;1.7500000e+01;2.1232611e-01;1.7500000e+01;2.2040641e-01;1.7500000e+01;2.1907285e-01;1.7500000e+01;2.0039113e-01;1.7500000e+01;1.6648690e-01;1.7500000e+01;1.2450852e-01;1.7500000e+01;8.1159562e-02;1.7500000e+01;4.0925816e-02;1.7500000e+01;-5.9149871e-03;1.7500000e+01;-2.4962705e-03;1.7500000e+01;9.3544805e-03;1.7500000e+01;2.6057098e-02;1.7500000e+01;4.7633130e-02;1.7500000e+01;7.1282223e-02;1.7500000e+01;9.8823071e-02;1.7500000e+01;1.3183782e-01;1.7500000e+01;1.6697696e-01;1.7500000e+01;1.9272414e-01;1.7500000e+01;2.1232611e-01;1.7500000e+01;2.2040641e-01;1.7500000e+01;2.1907285e-01;1.7500000e+01;2.0039113e-01;1.7500000e+01;1.6648690e-01;1.7500000e+01;1.2450852e-01;1.7500000e+01;8.1159562e-02;1.7500000e+01;4.0925816e-02;1.7500000e+01;-5.9149871e-03;1.7500000e+01;-2.4962705e-03;1.7500000e+01;9.3544805e-03;1.7500000e+01;2.6057098e-02;1.7500000e+01;4.7633130e-02;1.7500000e+01;7.1282223e-02;1.7500000e+01;9.8823071e-02;1.7500000e+01;1.3183782e-01;1.7500000e+01;1.6697696e-01;1.7500000e+01;1.9272414e-01;1.7500000e+01;2.1232611e-01;1.7500000e+01;2.2040641e-01;1.7500000e+01;2.1907285e-01;1.7500000e+01;2.0039113e-01;1.7500000e+01;1.6648690e-01;1.7500000e+01;1.2450852e-01;1.7500000e+01;8.1159562e-02;1.7500000e+01;4.0925816e-02;1.7500000e+01;-5.9149871e-03;1.7500000e+01;-2.4962705e-03;1.7500000e+01;9.3544805e-03;1.7500000e+01;2.6057098e-02;1.7500000e+01;4.7633130e-02;1.7500000e+01;7.1282223e-02;1.7500000e+01;9.8823071e-02;1.7500000e+01;1.3183782e-01;1.7500000e+01;1.6697696e-01;1.7500000e+01;1.9272414e-01;1.7500000e+01;2.1232611e-01;1.7500000e+01;2.2040641e-01;1.7500000e+01;2.1907285e-01;1.7500000e+01;2.0039113e-01;1.7500000e+01;1.6648690e-01;1.7500000e+01;1.2450852e-01;1.7500000e+01;8.1159562e-02;1.7500000e+01;4.0925816e-02;1.7500000e+01;-5.9149871e-03;1.7500000e+01;-2.4962705e-03;1.7500000e+01;9.3544805e-03;1.7500000e+01;2.6057098e-02;1.7500000e+01;4.7633130e-02;1.7500000e+01;7.1282223e-02;1.7500000e+01;9.8823071e-02;1.7500000e+01;1.3183782e-01;1.7500000e+01;1.6697696e-01;1.7500000e+01;1.9272414e-01;1.7500000e+01;2.1232611e-01;1.7500000e+01;2.2040641e-01;1.7500000e+01;2.1907285e-01;1.7500000e+01;2.0039113e-01;1.7500000e+01;1.6648690e-01;1.7500000e+01;1.2450852e-01;1.7500000e+01;8.1159562e-02;1.7500000e+01;4.0925816e-02;1.7500000e+01;-5.9149871e-03;1.7500000e+01;-2.4962705e-03;1.7500000e+01;9.3544805e-03;1.7500000e+01;2.6057098e-02;1.7500000e+01;4.7633130e-02;1.7500000e+01;7.1282223e-02;1.7500000e+01;9.8823071e-02;1.7500000e+01;1.3183782e-01;1.7500000e+01;1.6697696e-01;1.7500000e+01;1.9272414e-01;1.7500000e+01;2.1232611e-01;1.7500000e+01;2.2040641e-01;1.7500000e+01;2.1907285e-01;1.7500000e+01;2.0039113e-01;1.7500000e+01;1.6648690e-01;1.7500000e+01;1.2450852e-01;1.7500000e+01;8.1159562e-02;1.7500000e+01;4.0925816e-02;1.7500000e+01;-5.9149871e-03;1.7500000e+01;-2.4962705e-03;1.7500000e+01;9.3544805e-03;1.7500000e+01;2.6057098e-02;1.7500000e+01;4.7633130e-02;1.7500000e+01;7.1282223e-02;1.7500000e+01;9.8823071e-02;1.7500000e+01;1.3183782e-01;1.7500000e+01;1.6697696e-01;1.7500000e+01;1.9272414e-01;1.7500000e+01;2.1232611e-01;1.7500000e+01;2.2040641e-01;1.7500000e+01;2.1907285e-01;1.7500000e+01;2.0039113e-01;1.7500000e+01;1.6648690e-01;1.7500000e+01;1.2450852e-01;1.7500000e+01;8.1159562e-02;1.7500000e+01;4.0925816e-02;1.7500000e+01;-5.9149871e-03;1.7500000e+01;-2.4962705e-03;1.7500000e+01;9.3544805e-03;1.7500000e+01;2.6057098e-02;1.7500000e+01;4.7633130e-02;1.7500000e+01;7.1282223e-02;1.7500000e+01;9.8823071e-02;1.7500000e+01;1.3183782e-01;1.7500000e+01;1.6697696e-01;1.7500000e+01;1.9272414e-01;1.7500000e+01;2.1232611e-01;1.7500000e+01;2.2040641e-01;1.7500000e+01;2.1907285e-01;1.7500000e+01;2.0039113e-01;1.7500000e+01;1.6648690e-01;1.7500000e+01;1.2450852e-01;1.7500000e+01;8.1159562e-02;1.7500000e+01;4.0925816e-02;1.7500000e+01;-5.9149871e-03;1.7500000e+01;-2.4962705e-03;1.7500000e+01;9.3544805e-03;1.7500000e+01;2.6057098e-02;1.7500000e+01;4.7633130e-02;1.7500000e+01;7.1282223e-02;1.7500000e+01;9.8823071e-02;1.7500000e+01;1.3183782e-01;1.7500000e+01;1.6697696e-01;1.7500000e+01;1.9272414e-01;1.7500000e+01;2.1232611e-01;1.7500000e+01;2.2040641e-01;1.7500000e+01;2.1907285e-01;1.7500000e+01;2.0039113e-01;1.7500000e+01;1.6648690e-01;1.7500000e+01;1.2450852e-01;1.7500000e+01;8.1159562e-02;1.7500000e+01;4.0925816e-02;1.7500000e+01;-5.9149871e-03;1.7500000e+01;-2.4962705e-03;1.7500000e+01;9.3544805e-03;1.7500000e+01;2.6057098e-02;1.7500000e+01;4.7633130e-02;1.7500000e+01;7.1282223e-02;1.7500000e+01;9.8823071e-02;1.7500000e+01;1.3183782e-01;1.7500000e+01;1.6697696e-01;1.7500000e+01;1.9272414e-01;1.7500000e+01;2.1232611e-01;1.7500000e+01;2.2040641e-01;1.7500000e+01;2.1907285e-01;1.7500000e+01;2.0039113e-01;1.7500000e+01;1.6648690e-01;1.7500000e+01;1.2450852e-01;1.7500000e+01;8.1159562e-02;1.7500000e+01;4.0925816e-02;1.7500000e+01;-5.9149871e-03;1.7500000e+01;-2.4962705e-03;1.7500000e+01;9.3544805e-03;1.7500000e+01;2.6057098e-02;1.7500000e+01;4.7633130e-02;1.7500000e+01;7.1282223e-02;1.7500000e+01;9.8823071e-02;1.7500000e+01;1.3183782e-01;1.7500000e+01;1.6697696e-01;1.7500000e+01;1.9272414e-01;1.7500000e+01;2.1232611e-01;1.7500000e+01;2.2040641e-01;1.7500000e+01;2.1907285e-01;1.7500000e+01;2.0039113e-01;1.7500000e+01;1.6648690e-01;1.7500000e+01;1.2450852e-01;1.7500000e+01;8.1159562e-02;1.7500000e+01;4.0925816e-02;1.7500000e+01;-5.9149871e-03;1.7500000e+01;-2.4962705e-03;1.7500000e+01;9.3544805e-03;1.7500000e+01;2.6057098e-02;1.7500000e+01;4.7633130e-02;1.7500000e+01;7.1282223e-02;1.7500000e+01;9.8823071e-02;1.7500000e+01;1.3183782e-01;1.7500000e+01;1.6697696e-01;1.7500000e+01;1.9272414e-01;1.7500000e+01;2.1232611e-01;1.7500000e+01;2.2040641e-01;1.7500000e+01;2.1907285e-01;1.7500000e+01;2.0039113e-01;1.7500000e+01;1.6648690e-01;1.7500000e+01;1.2450852e-01;1.7500000e+01;8.1159562e-02;1.7500000e+01;4.0925816e-02;1.7500000e+01;-5.9149871e-03;1.7500000e+01;-2.4962705e-03;1.7500000e+01;9.3544805e-03;1.7500000e+01;2.6057098e-02;1.7500000e+01;4.7633130e-02;1.7500000e+01;7.1282223e-02;1.7500000e+01;9.8823071e-02;1.7500000e+01;1.3183782e-01;1.7500000e+01;1.6697696e-01;1.7500000e+01;1.9272414e-01;1.7500000e+01;2.1232611e-01;1.7500000e+01;2.2040641e-01;1.7500000e+01;2.1907285e-01;1.7500000e+01;2.0039113e-01;1.7500000e+01;1.6648690e-01;1.7500000e+01;1.2450852e-01;1.7500000e+01;8.1159562e-02;1.7500000e+01;4.0925816e-02;1.7500000e+01;-5.9149871e-03;1.7500000e+01;-2.4962705e-03;1.7500000e+01;9.3544805e-03;1.7500000e+01;2.6057098e-02;1.7500000e+01;4.7633130e-02;1.7500000e+01;7.1282223e-02;1.7500000e+01;9.8823071e-02;1.7500000e+01;1.3183782e-01;1.7500000e+01;1.6697696e-01;1.7500000e+01;1.9272414e-01;1.7500000e+01;2.1232611e-01;1.7500000e+01;2.2040641e-01;1.7500000e+01;2.1907285e-01;1.7500000e+01;2.0039113e-01;1.7500000e+01;1.6648690e-01;1.7500000e+01;1.2450852e-01;1.7500000e+01;8.1159562e-02;1.7500000e+01;4.0925816e-02;1.7500000e+01;-5.9149871e-03;1.7500000e+01;-2.4962705e-03;1.7500000e+01;9.3544805e-03;1.7500000e+01;2.6057098e-02;1.7500000e+01;4.7633130e-02;1.7500000e+01;7.1282223e-02;1.7500000e+01;9.8823071e-02;1.7500000e+01;1.3183782e-01;1.7500000e+01;1.6697696e-01;1.7500000e+01;1.9272414e-01;1.7500000e+01;2.1232611e-01;1.7500000e+01;2.2040641e-01;1.7500000e+01;2.1907285e-01;1.7500000e+01;2.0039113e-01;1.7500000e+01;1.6648690e-01;1.7500000e+01;1.2450852e-01;1.7500000e+01;8.1159562e-02;1.7500000e+01;4.0925816e-02;1.7500000e+01;-5.9149871e-03;1.7500000e+01;-2.4962705e-03;1.7500000e+01;9.3544805e-03;1.7500000e+01;2.6057098e-02;1.7500000e+01;4.7633130e-02;1.7500000e+01;7.1282223e-02;1.7500000e+01;9.8823071e-02;1.7500000e+01;1.3183782e-01;1.7500000e+01;1.6697696e-01;1.7500000e+01;1.9272414e-01;1.7500000e+01;2.1232611e-01;1.7500000e+01;2.2040641e-01;1.7500000e+01;2.1907285e-01;1.7500000e+01;2.0039113e-01;1.7500000e+01;1.6648690e-01;1.7500000e+01;1.2450852e-01;1.7500000e+01;8.1159562e-02;1.7500000e+01;4.0925816e-02;1.7500000e+01;-5.9149871e-03;1.7500000e+01;-2.4962705e-03;1.7500000e+01;9.3544805e-03;1.7500000e+01;2.6057098e-02;1.7500000e+01;4.7633130e-02;1.7500000e+01;7.1282223e-02;1.7500000e+01;9.8823071e-02;1.7500000e+01;1.3183782e-01;1.7500000e+01;1.6697696e-01;1.7500000e+01;1.9272414e-01;1.7500000e+01;2.1232611e-01;1.7500000e+01;2.2040641e-01;1.7500000e+01;2.1907285e-01;1.7500000e+01;2.0039113e-01;1.7500000e+01;1.6648690e-01;1.7500000e+01;1.2450852e-01;1.7500000e+01;8.1159562e-02;1.7500000e+01;4.0925816e-02;1.7500000e+01;-5.9149871e-03;1.7500000e+01;-2.4962705e-03;1.7500000e+01;9.3544805e-03;1.7500000e+01;2.6057098e-02;1.7500000e+01;4.7633130e-02;1.7500000e+01;7.1282223e-02;1.7500000e+01;9.8823071e-02;1.7500000e+01;1.3183782e-01;1.7500000e+01;1.6697696e-01;1.7500000e+01;1.9272414e-01;1.7500000e+01;2.1232611e-01;1.7500000e+01;2.2040641e-01;1.7500000e+01;2.1907285e-01;1.7500000e+01;2.0039113e-01;1.7500000e+01;1.6648690e-01;1.7500000e+01;1.2450852e-01;1.7500000e+01;8.1159562e-02;1.7500000e+01;4.0925816e-02;1.7500000e+01;-5.9149871e-03;1.7500000e+01;-2.4962705e-03;1.7500000e+01;9.3544805e-03;1.7500000e+01;2.6057098e-02;1.7500000e+01;4.7633130e-02;1.7500000e+01;7.1282223e-02;1.7500000e+01;9.8823071e-02;1.7500000e+01;1.3183782e-01;1.7500000e+01;1.6697696e-01;1.7500000e+01;1.9272414e-01;1.7500000e+01;2.1232611e-01;1.7500000e+01;2.2040641e-01;1.7500000e+01;2.1907285e-01;1.7500000e+01;2.0039113e-01;1.7500000e+01;1.6648690e-01;1.7500000e+01;1.2450852e-01;1.7500000e+01;8.1159562e-02;1.7500000e+01;4.0925816e-02;1.7500000e+01;-5.9149871e-03;1.7500000e+01;-2.4962705e-03;1.7500000e+01;9.3544805e-03;1.7500000e+01;2.6057098e-02;1.7500000e+01;4.7633130e-02;1.7500000e+01;7.1282223e-02;1.7500000e+01;9.8823071e-02;1.7500000e+01;1.3183782e-01;1.7500000e+01;1.6697696e-01;1.7500000e+01;1.9272414e-01;1.7500000e+01;2.1232611e-01;1.7500000e+01;2.2040641e-01;1.7500000e+01;2.1907285e-01;1.7500000e+01;2.0039113e-01;1.7500000e+01;1.6648690e-01;1.7500000e+01;1.2450852e-01;1.7500000e+01;8.1159562e-02;1.7500000e+01;4.0925816e-02;1.7500000e+01;-5.9149871e-03;1.7500000e+01;-2.4962705e-03;1.7500000e+01;9.3544805e-03;1.7500000e+01;2.6057098e-02;1.7500000e+01;4.7633130e-02;1.7500000e+01;7.1282223e-02;1.7500000e+01;9.8823071e-02;1.7500000e+01;1.3183782e-01;1.7500000e+01;1.6697696e-01;1.7500000e+01;1.9272414e-01;1.7500000e+01;2.1232611e-01;1.7500000e+01;2.2040641e-01;1.7500000e+01;2.1907285e-01;1.7500000e+01;2.0039113e-01;1.7500000e+01;1.6648690e-01;1.7500000e+01;1.2450852e-01;1.7500000e+01;8.1159562e-02;1.7500000e+01;4.0925816e-02;1.7500000e+01;-5.9149871e-03;1.7500000e+01;-2.4962705e-03;1.7500000e+01;9.3544805e-03;1.7500000e+01;2.6057098e-02;1.7500000e+01;4.7633130e-02;1.7500000e+01;7.1282223e-02;1.7500000e+01;9.8823071e-02;1.7500000e+01;1.3183782e-01;1.7500000e+01;1.6697696e-01;1.7500000e+01;1.9272414e-01;1.7500000e+01;2.1232611e-01;1.7500000e+01;2.2040641e-01;1.7500000e+01;2.1907285e-01;1.7500000e+01;2.0039113e-01;1.7500000e+01;1.6648690e-01;1.7500000e+01;1.2450852e-01;1.7500000e+01;8.1159562e-02;1.7500000e+01;4.0925816e-02;1.7500000e+01;-5.9149871e-03;1.7500000e+01;-2.4962705e-03;1.7500000e+01;9.3544805e-03;1.7500000e+01;2.6057098e-02;1.7500000e+01;4.7633130e-02;1.7500000e+01;7.1282223e-02;1.7500000e+01;9.8823071e-02;1.7500000e+01;1.3183782e-01;1.7500000e+01;1.6697696e-01;1.7500000e+01;1.9272414e-01;1.7500000e+01;2.1232611e-01;1.7500000e+01;2.2040641e-01;1.7500000e+01;2.1907285e-01;1.7500000e+01;2.0039113e-01;1.7500000e+01;1.6648690e-01;1.7500000e+01;1.2450852e-01;1.7500000e+01;8.1159562e-02;1.7500000e+01;4.0925816e-02;1.7500000e+01;-5.9149871e-03;1.7500000e+01;-2.4962705e-03;1.7500000e+01;9.3544805e-03;1.7500000e+01;2.6057098e-02;1.7500000e+01;4.7633130e-02;1.7500000e+01;7.1282223e-02;1.7500000e+01;9.8823071e-02;1.7500000e+01;1.3183782e-01;1.7500000e+01;1.6697696e-01;1.7500000e+01;1.9272414e-01;1.7500000e+01;2.1232611e-01;1.7500000e+01;2.2040641e-01;1.7500000e+01;2.1907285e-01;1.7500000e+01;2.0039113e-01;1.7500000e+01;1.6648690e-01;1.7500000e+01;1.2450852e-01;1.7500000e+01;8.1159562e-02;1.7500000e+01;4.0925816e-02;1.7500000e+01;-5.9149871e-03;1.7500000e+01;-2.4962705e-03;1.7500000e+01;9.3544805e-03;1.7500000e+01;2.6057098e-02;1.7500000e+01;4.7633130e-02;1.7500000e+01;7.1282223e-02;1.7500000e+01;9.8823071e-02;1.7500000e+01;1.3183782e-01;1.7500000e+01;1.6697696e-01;1.7500000e+01;1.9272414e-01;1.7500000e+01;2.1232611e-01;1.7500000e+01;2.2040641e-01;1.7500000e+01;2.1907285e-01;1.7500000e+01;2.0039113e-01;1.7500000e+01;1.6648690e-01;1.7500000e+01;1.2450852e-01;1.7500000e+01;8.1159562e-02;1.7500000e+01;4.0925816e-02;1.7500000e+01;-5.9149871e-03;1.7500000e+01;-2.4962705e-03;1.7500000e+01;9.3544805e-03;1.7500000e+01;2.6057098e-02;1.7500000e+01;4.7633130e-02;1.7500000e+01;7.1282223e-02;1.7500000e+01;9.8823071e-02;1.7500000e+01;1.3183782e-01;1.7500000e+01;1.6697696e-01;1.7500000e+01;1.9272414e-01;1.7500000e+01;2.1232611e-01;1.7500000e+01;2.2040641e-01;1.7500000e+01;2.1907285e-01;1.7500000e+01;2.0039113e-01;1.7500000e+01;1.6648690e-01;1.7500000e+01;1.2450852e-01;1.7500000e+01;8.1159562e-02;1.7500000e+01;4.0925816e-02;1.7500000e+01;-5.9149871e-03;1.7500000e+01;-2.4962705e-03;1.7500000e+01;9.3544805e-03;1.7500000e+01;2.6057098e-02;1.7500000e+01;4.7633130e-02;1.7500000e+01;7.1282223e-02;1.7500000e+01;9.8823071e-02;1.7500000e+01;1.3183782e-01;1.7500000e+01;1.6697696e-01;1.7500000e+01;1.9272414e-01;1.7500000e+01;2.1232611e-01;1.7500000e+01;2.2040641e-01;1.7500000e+01;2.1907285e-01;1.7500000e+01;2.0039113e-01;1.7500000e+01;1.6648690e-01;1.7500000e+01;1.2450852e-01;1.7500000e+01;8.1159562e-02;1.7500000e+01;4.0925816e-02;1.7500000e+01;-5.9149871e-03;1.7500000e+01;-2.4962705e-03;1.7500000e+01;9.3544805e-03;1.7500000e+01;2.6057098e-02;1.7500000e+01;4.7633130e-02;1.7500000e+01;7.1282223e-02;1.7500000e+01;9.8823071e-02;1.7500000e+01;1.3183782e-01;1.7500000e+01;1.6697696e-01;1.7500000e+01;1.9272414e-01;1.7500000e+01;2.1232611e-01;1.7500000e+01;2.2040641e-01;1.7500000e+01;2.1907285e-01;1.7500000e+01;2.0039113e-01;1.7500000e+01;1.6648690e-01;1.7500000e+01;1.2450852e-01;1.7500000e+01;8.1159562e-02;1.7500000e+01;4.0925816e-02;1.7500000e+01;-5.9149871e-03;1.7500000e+01;-2.4962705e-03;1.7500000e+01;9.3544805e-03;1.7500000e+01;2.6057098e-02;1.7500000e+01;4.7633130e-02;1.7500000e+01;7.1282223e-02;1.7500000e+01;9.8823071e-02;1.7500000e+01;1.3183782e-01;1.7500000e+01;1.6697696e-01;1.7500000e+01;1.9272414e-01;1.7500000e+01;2.1232611e-01;1.7500000e+01;2.2040641e-01;1.7500000e+01;2.1907285e-01;1.7500000e+01;2.0039113e-01;1.7500000e+01;1.6648690e-01;1.7500000e+01;1.2450852e-01;1.7500000e+01;8.1159562e-02;1.7500000e+01;4.0925816e-02;1.7500000e+01;-5.9149871e-03;1.7500000e+01;-2.4962705e-03;1.7500000e+01;9.3544805e-03;1.7500000e+01;2.6057098e-02;1.7500000e+01;4.7633130e-02;1.7500000e+01;7.1282223e-02;1.7500000e+01;9.8823071e-02;1.7500000e+01;1.3183782e-01;1.7500000e+01;1.6697696e-01;1.7500000e+01;1.9272414e-01;1.7500000e+01;2.1232611e-01;1.7500000e+01;2.2040641e-01;1.7500000e+01;2.1907285e-01;1.7500000e+01;2.0039113e-01;1.7500000e+01;1.6648690e-01;1.7500000e+01;1.2450852e-01;1.7500000e+01;8.1159562e-02;1.7500000e+01;4.0925816e-02;1.7500000e+01;-5.9149871e-03;1.7500000e+01;-2.4962705e-03;1.7500000e+01;9.3544805e-03;1.7500000e+01;2.6057098e-02;1.7500000e+01;4.7633130e-02;1.7500000e+01;7.1282223e-02;1.7500000e+01;9.8823071e-02;1.7500000e+01;1.3183782e-01;1.7500000e+01;1.6697696e-01;1.7500000e+01;1.9272414e-01;1.7500000e+01;2.1232611e-01;1.7500000e+01;2.2040641e-01;1.7500000e+01;2.1907285e-01;1.7500000e+01;2.0039113e-01;1.7500000e+01;1.6648690e-01;1.7500000e+01;1.2450852e-01;1.7500000e+01;8.1159562e-02;1.7500000e+01;4.0925816e-02;1.7500000e+01;-5.9149871e-03;1.7500000e+01;-2.4962705e-03;1.7500000e+01;9.3544805e-03;1.7500000e+01;2.6057098e-02;1.7500000e+01;4.7633130e-02;1.7500000e+01;7.1282223e-02;1.7500000e+01;9.8823071e-02;1.7500000e+01;1.3183782e-01;1.7500000e+01;1.6697696e-01;1.7500000e+01;1.9272414e-01;1.7500000e+01;2.1232611e-01;1.7500000e+01;2.2040641e-01;1.7500000e+01;2.1907285e-01;1.7500000e+01;2.0039113e-01;1.7500000e+01;1.6648690e-01;1.7500000e+01;1.2450852e-01;1.7500000e+01;8.1159562e-02;1.7500000e+01;4.0925816e-02;1.7500000e+01;-5.9149871e-03;1.7500000e+01;-2.4962705e-03;1.7500000e+01;9.3544805e-03;1.7500000e+01;2.6057098e-02;1.7500000e+01;4.7633130e-02;1.7500000e+01;7.1282223e-02;1.7500000e+01;9.8823071e-02;1.7500000e+01;1.3183782e-01;1.7500000e+01;1.6697696e-01;1.7500000e+01;1.9272414e-01;1.7500000e+01;2.1232611e-01;1.7500000e+01;2.2040641e-01;1.7500000e+01;2.1907285e-01;1.7500000e+01;2.0039113e-01;1.7500000e+01;1.6648690e-01;1.7500000e+01;1.2450852e-01;1.7500000e+01;8.1159562e-02;1.7500000e+01;4.0925816e-02;1.7500000e+01;-5.9149871e-03;1.7500000e+01;-2.4962705e-03;1.7500000e+01;9.3544805e-03;1.7500000e+01;2.6057098e-02;1.7500000e+01;4.7633130e-02;1.7500000e+01;7.1282223e-02;1.7500000e+01;9.8823071e-02;1.7500000e+01;1.3183782e-01;1.7500000e+01;1.6697696e-01;1.7500000e+01;1.9272414e-01;1.7500000e+01;2.1232611e-01;1.7500000e+01;2.2040641e-01;1.7500000e+01;2.1907285e-01;1.7500000e+01;2.0039113e-01;1.7500000e+01;1.6648690e-01;1.7500000e+01;1.2450852e-01;1.7500000e+01;8.1159562e-02;1.7500000e+01;4.0925816e-02;1.7500000e+01;-5.9149871e-03;1.7500000e+01;-2.4962705e-03;1.7500000e+01;9.3544805e-03;1.7500000e+01;2.6057098e-02;1.7500000e+01;4.7633130e-02;1.7500000e+01;7.1282223e-02;1.7500000e+01;9.8823071e-02;1.7500000e+01;1.3183782e-01;1.7500000e+01;1.6697696e-01;1.7500000e+01;1.9272414e-01;1.7500000e+01;2.1232611e-01;1.7500000e+01;2.2040641e-01;1.7500000e+01;2.1907285e-01;1.7500000e+01;2.0039113e-01;1.7500000e+01;1.6648690e-01;1.7500000e+01;1.2450852e-01;1.7500000e+01;8.1159562e-02;1.7500000e+01;4.0925816e-02;1.7500000e+01;-5.9149871e-03;1.7500000e+01;-2.4962705e-03;1.7500000e+01;9.3544805e-03;1.7500000e+01;2.6057098e-02;1.7500000e+01;4.7633130e-02;1.7500000e+01;7.1282223e-02;1.7500000e+01;9.8823071e-02;1.7500000e+01;1.3183782e-01;1.7500000e+01;1.6697696e-01;1.7500000e+01;1.9272414e-01;1.7500000e+01;2.1232611e-01;1.7500000e+01;2.2040641e-01;1.7500000e+01;2.1907285e-01;1.7500000e+01;2.0039113e-01;1.7500000e+01;1.6648690e-01;1.7500000e+01;1.2450852e-01;1.7500000e+01;8.1159562e-02;1.7500000e+01;4.0925816e-02;1.7500000e+01;-5.9149871e-03;1.7500000e+01;-2.4962705e-03;1.7500000e+01;9.3544805e-03;1.7500000e+01;2.6057098e-02;1.7500000e+01;4.7633130e-02;1.7500000e+01;7.1282223e-02;1.7500000e+01;9.8823071e-02;1.7500000e+01;1.3183782e-01;1.7500000e+01;1.6697696e-01;1.7500000e+01;1.9272414e-01;1.7500000e+01;2.1232611e-01;1.7500000e+01;2.2040641e-01;1.7500000e+01;2.1907285e-01;1.7500000e+01;2.0039113e-01;1.7500000e+01;1.6648690e-01;1.7500000e+01;1.2450852e-01;1.7500000e+01;8.1159562e-02;1.7500000e+01;4.0925816e-02;1.7500000e+01;-5.9149871e-03;1.7500000e+01;-2.4962705e-03;1.7500000e+01;9.3544805e-03;1.7500000e+01;2.6057098e-02;1.7500000e+01;4.7633130e-02;1.7500000e+01;7.1282223e-02;1.7500000e+01;9.8823071e-02;1.7500000e+01;1.3183782e-01;1.7500000e+01;1.6697696e-01;1.7500000e+01;1.9272414e-01;1.7500000e+01;2.1232611e-01;1.7500000e+01;2.2040641e-01;1.7500000e+01;2.1907285e-01;1.7500000e+01;2.0039113e-01;1.7500000e+01;1.6648690e-01;1.7500000e+01;1.2450852e-01;1.7500000e+01;8.1159562e-02;1.7500000e+01;4.0925816e-02;1.7500000e+01;-5.9149871e-03;1.7500000e+01;-2.4962705e-03;1.7500000e+01;9.3544805e-03;1.7500000e+01;2.6057098e-02;1.7500000e+01;4.7633130e-02;1.7500000e+01;7.1282223e-02;1.7500000e+01;9.8823071e-02;1.7500000e+01;1.3183782e-01;1.7500000e+01;1.6697696e-01;1.7500000e+01;1.9272414e-01;1.7500000e+01;2.1232611e-01;1.7500000e+01;2.2040641e-01;1.7500000e+01;2.1907285e-01;1.7500000e+01;2.0039113e-01;1.7500000e+01;1.6648690e-01;1.7500000e+01;1.2450852e-01;1.7500000e+01;8.1159562e-02;1.7500000e+01;4.0925816e-02;1.7500000e+01;-5.9149871e-03;1.7500000e+01;-2.4962705e-03;1.7500000e+01;9.3544805e-03;1.7500000e+01;2.6057098e-02;1.7500000e+01;4.7633130e-02;1.7500000e+01;7.1282223e-02;1.7500000e+01;9.8823071e-02;1.7500000e+01;1.3183782e-01;1.7500000e+01;1.6697696e-01;1.7500000e+01;1.9272414e-01;1.7500000e+01;2.1232611e-01;1.7500000e+01;2.2040641e-01;1.7500000e+01;2.1907285e-01;1.7500000e+01;2.0039113e-01;1.7500000e+01;1.6648690e-01;1.7500000e+01;1.2450852e-01;1.7500000e+01;8.1159562e-02;1.7500000e+01;4.0925816e-02;1.7500000e+01;-5.9149871e-03;1.7500000e+01;-2.4962705e-03;1.7500000e+01;9.3544805e-03;1.7500000e+01;2.6057098e-02;1.7500000e+01;4.7633130e-02;1.7500000e+01;7.1282223e-02;1.7500000e+01;9.8823071e-02;1.7500000e+01;1.3183782e-01;1.7500000e+01;1.6697696e-01;1.7500000e+01;1.9272414e-01;1.7500000e+01;2.1232611e-01;1.7500000e+01;2.2040641e-01;1.7500000e+01;2.1907285e-01;1.7500000e+01;2.0039113e-01;1.7500000e+01;1.6648690e-01;1.7500000e+01;1.2450852e-01;1.7500000e+01;8.1159562e-02;1.7500000e+01;4.0925816e-02;1.7500000e+01;-5.9149871e-03;1.7500000e+01;-2.4962705e-03;1.7500000e+01;9.3544805e-03;1.7500000e+01;2.6057098e-02;1.7500000e+01;4.7633130e-02;1.7500000e+01;7.1282223e-02;1.7500000e+01;9.8823071e-02;1.7500000e+01;1.3183782e-01;1.7500000e+01;1.6697696e-01;1.7500000e+01;1.9272414e-01;1.7500000e+01;2.1232611e-01;1.7500000e+01;2.2040641e-01;1.7500000e+01;2.1907285e-01;1.7500000e+01;2.0039113e-01;1.7500000e+01;1.6648690e-01;1.7500000e+01;1.2450852e-01;1.7500000e+01;8.1159562e-02;1.7500000e+01;4.0925816e-02;1.7500000e+01;-5.9149871e-03;1.7500000e+01;-2.4962705e-03;1.7500000e+01;9.3544805e-03;1.7500000e+01;2.6057098e-02;1.7500000e+01;4.7633130e-02;1.7500000e+01;7.1282223e-02;1.7500000e+01;9.8823071e-02;1.7500000e+01;1.3183782e-01;1.7500000e+01;1.6697696e-01;1.7500000e+01;1.9272414e-01;1.7500000e+01;2.1232611e-01;1.7500000e+01;2.2040641e-01;1.7500000e+01;2.1907285e-01;1.7500000e+01;2.0039113e-01;1.7500000e+01;1.6648690e-01;1.7500000e+01;1.2450852e-01;1.7500000e+01;8.1159562e-02;1.7500000e+01;4.0925816e-02;1.7500000e+01;-5.9149871e-03;1.7500000e+01;-2.4962705e-03;1.7500000e+01;9.3544805e-03;1.7500000e+01;2.6057098e-02;1.7500000e+01;4.7633130e-02;1.7500000e+01;7.1282223e-02;1.7500000e+01;9.8823071e-02;1.7500000e+01;1.3183782e-01;1.7500000e+01;1.6697696e-01;1.7500000e+01;1.9272414e-01;1.7500000e+01;2.1232611e-01;1.7500000e+01;2.2040641e-01;1.7500000e+01;2.1907285e-01;1.7500000e+01;2.0039113e-01;1.7500000e+01;1.6648690e-01;1.7500000e+01;1.2450852e-01;1.7500000e+01;8.1159562e-02;1.7500000e+01;4.0925816e-02;1.7500000e+01;-5.9149871e-03;1.7500000e+01;-2.4962705e-03;1.7500000e+01;9.3544805e-03;1.7500000e+01;2.6057098e-02;1.7500000e+01;4.7633130e-02;1.7500000e+01;7.1282223e-02;1.7500000e+01;9.8823071e-02;1.7500000e+01;1.3183782e-01;1.7500000e+01;1.6697696e-01;1.7500000e+01;1.9272414e-01;1.7500000e+01;2.1232611e-01;1.7500000e+01;2.2040641e-01;1.7500000e+01;2.1907285e-01;1.7500000e+01;2.0039113e-01;1.7500000e+01;1.6648690e-01;1.7500000e+01;1.2450852e-01;1.7500000e+01;8.1159562e-02;1.7500000e+01;4.0925816e-02;1.7500000e+01;-5.9149871e-03;1.7500000e+01;-2.4962705e-03;1.7500000e+01;9.3544805e-03;1.7500000e+01;2.6057098e-02;1.7500000e+01;4.7633130e-02;1.7500000e+01;7.1282223e-02;1.7500000e+01;9.8823071e-02;1.7500000e+01;1.3183782e-01;1.7500000e+01;1.6697696e-01;1.7500000e+01;1.9272414e-01;1.7500000e+01;2.1232611e-01;1.7500000e+01;2.2040641e-01;1.7500000e+01;2.1907285e-01;1.7500000e+01;2.0039113e-01;1.7500000e+01;1.6648690e-01;1.7500000e+01;1.2450852e-01;1.7500000e+01;8.1159562e-02;1.7500000e+01;4.0925816e-02;1.7500000e+01;-5.9149871e-03;1.7500000e+01;-2.4962705e-03;1.7500000e+01;9.3544805e-03;1.7500000e+01;2.6057098e-02;1.7500000e+01;4.7633130e-02;1.7500000e+01;7.1282223e-02;1.7500000e+01;9.8823071e-02;1.7500000e+01;1.3183782e-01;1.7500000e+01;1.6697696e-01;1.7500000e+01;1.9272414e-01;1.7500000e+01;2.1232611e-01;1.7500000e+01;2.2040641e-01;1.7500000e+01;2.1907285e-01;1.7500000e+01;2.0039113e-01;1.7500000e+01;1.6648690e-01;1.7500000e+01;1.2450852e-01;1.7500000e+01;8.1159562e-02;1.7500000e+01;4.0925816e-02;1.7500000e+01;-5.9149871e-03;1.7500000e+01;-2.4962705e-03;1.7500000e+01;9.3544805e-03;1.7500000e+01;2.6057098e-02;1.7500000e+01;4.7633130e-02;1.7500000e+01;7.1282223e-02;1.7500000e+01;9.8823071e-02;1.7500000e+01;1.3183782e-01;1.7500000e+01;1.6697696e-01;1.7500000e+01;1.9272414e-01;1.7500000e+01;2.1232611e-01;1.7500000e+01;2.2040641e-01;1.7500000e+01;2.1907285e-01;1.7500000e+01;2.0039113e-01;1.7500000e+01;1.6648690e-01;1.7500000e+01;1.2450852e-01;1.7500000e+01;8.1159562e-02;1.7500000e+01;4.0925816e-02;1.7500000e+01;-5.9149871e-03;1.7500000e+01;-2.4962705e-03;1.7500000e+01;9.3544805e-03;1.7500000e+01;2.6057098e-02;1.7500000e+01;4.7633130e-02;1.7500000e+01;7.1282223e-02;1.7500000e+01;9.8823071e-02;1.7500000e+01;1.3183782e-01;1.7500000e+01;1.6697696e-01;1.7500000e+01;1.9272414e-01;1.7500000e+01;2.1232611e-01;1.7500000e+01;2.2040641e-01;1.7500000e+01;2.1907285e-01;1.7500000e+01;2.0039113e-01;1.7500000e+01;1.6648690e-01;1.7500000e+01;1.2450852e-01;1.7500000e+01;8.1159562e-02;1.7500000e+01;4.0925816e-02;1.7500000e+01;-5.9149871e-03;1.7500000e+01;-2.4962705e-03;1.7500000e+01;9.3544805e-03;1.7500000e+01;2.6057098e-02;1.7500000e+01;4.7633130e-02;1.7500000e+01;7.1282223e-02;1.7500000e+01;9.8823071e-02;1.7500000e+01;1.3183782e-01;1.7500000e+01;1.6697696e-01;1.7500000e+01;1.9272414e-01;1.7500000e+01;2.1232611e-01;1.7500000e+01;2.2040641e-01;1.7500000e+01;2.1907285e-01;1.7500000e+01;2.0039113e-01;1.7500000e+01;1.6648690e-01;1.7500000e+01;1.2450852e-01;1.7500000e+01;8.1159562e-02;1.7500000e+01;4.0925816e-02;1.7500000e+01;-5.9149871e-03;1.7500000e+01;-2.4962705e-03;1.7500000e+01;9.3544805e-03;1.7500000e+01;2.6057098e-02;1.7500000e+01;4.7633130e-02;1.7500000e+01;7.1282223e-02;1.7500000e+01;9.8823071e-02;1.7500000e+01;1.3183782e-01;1.7500000e+01;1.6697696e-01;1.7500000e+01;1.9272414e-01;1.7500000e+01;2.1232611e-01;1.7500000e+01;2.2040641e-01;1.7500000e+01;2.1907285e-01;1.7500000e+01;2.0039113e-01;1.7500000e+01;1.6648690e-01;1.7500000e+01;1.2450852e-01;1.7500000e+01;8.1159562e-02;1.7500000e+01;4.0925816e-02;1.7500000e+01;-5.9149871e-03;1.7500000e+01;-2.4962705e-03;1.7500000e+01;9.3544805e-03;1.7500000e+01;2.6057098e-02;1.7500000e+01;4.7633130e-02;1.7500000e+01;7.1282223e-02;1.7500000e+01;9.8823071e-02;1.7500000e+01;1.3183782e-01;1.7500000e+01;1.6697696e-01;1.7500000e+01;1.9272414e-01;1.7500000e+01;2.1232611e-01;1.7500000e+01;2.2040641e-01;1.7500000e+01;2.1907285e-01;1.7500000e+01;2.0039113e-01;1.7500000e+01;1.6648690e-01;1.7500000e+01;1.2450852e-01;1.7500000e+01;8.1159562e-02;1.7500000e+01;4.0925816e-02;1.7500000e+01;-5.9149871e-03;1.7500000e+01;-2.4962705e-03;1.7500000e+01;9.3544805e-03;1.7500000e+01;2.6057098e-02;1.7500000e+01;4.7633130e-02;1.7500000e+01;7.1282223e-02;1.7500000e+01;9.8823071e-02;1.7500000e+01;1.3183782e-01;1.7500000e+01;1.6697696e-01;1.7500000e+01;1.9272414e-01;1.7500000e+01;2.1232611e-01;1.7500000e+01;2.2040641e-01;1.7500000e+01;2.1907285e-01;1.7500000e+01;2.0039113e-01;1.7500000e+01;1.6648690e-01;1.7500000e+01;1.2450852e-01;1.7500000e+01;8.1159562e-02;1.7500000e+01;4.0925816e-02;1.7500000e+01;-5.9149871e-03;1.7500000e+01;-2.4962705e-03;1.7500000e+01;9.3544805e-03;1.7500000e+01;2.6057098e-02;1.7500000e+01;4.7633130e-02;1.7500000e+01;7.1282223e-02;1.7500000e+01;9.8823071e-02;1.7500000e+01;1.3183782e-01;1.7500000e+01;1.6697696e-01;1.7500000e+01;1.9272414e-01;1.7500000e+01;2.1232611e-01;1.7500000e+01;2.2040641e-01;1.7500000e+01;2.1907285e-01;1.7500000e+01;2.0039113e-01;1.7500000e+01;1.6648690e-01;1.7500000e+01;1.2450852e-01;1.7500000e+01;8.1159562e-02;1.7500000e+01;4.0925816e-02;1.7500000e+01;-5.9149871e-03;1.7500000e+01;-2.4962705e-03;1.7500000e+01;9.3544805e-03;1.7500000e+01;2.6057098e-02;1.7500000e+01;4.7633130e-02;1.7500000e+01;7.1282223e-02;1.7500000e+01;9.8823071e-02;1.7500000e+01;1.3183782e-01;1.7500000e+01;1.6697696e-01;1.7500000e+01;1.9272414e-01;1.7500000e+01;2.1232611e-01;1.7500000e+01;2.2040641e-01;1.7500000e+01;2.1907285e-01;1.7500000e+01;2.0039113e-01;1.7500000e+01;1.6648690e-01;1.7500000e+01;1.2450852e-01;1.7500000e+01;8.1159562e-02;1.7500000e+01;4.0925816e-02;1.7500000e+01;-5.9149871e-03;1.7500000e+01;-2.4962705e-03;1.7500000e+01;9.3544805e-03;1.7500000e+01;2.6057098e-02;1.7500000e+01;4.7633130e-02;1.7500000e+01;7.1282223e-02;1.7500000e+01;9.8823071e-02;1.7500000e+01;1.3183782e-01;1.7500000e+01;1.6697696e-01;1.7500000e+01;1.9272414e-01;1.7500000e+01;2.1232611e-01;1.7500000e+01;2.2040641e-01;1.7500000e+01;2.1907285e-01;1.7500000e+01;2.0039113e-01;1.7500000e+01;1.6648690e-01;1.7500000e+01;1.2450852e-01;1.7500000e+01;8.1159562e-02;1.7500000e+01;4.0925816e-02;1.7500000e+01;-5.9149871e-03;1.7500000e+01;-2.4962705e-03;1.7500000e+01;9.3544805e-03;1.7500000e+01;2.6057098e-02;1.7500000e+01;4.7633130e-02;1.7500000e+01;7.1282223e-02;1.7500000e+01;9.8823071e-02;1.7500000e+01;1.3183782e-01;1.7500000e+01;1.6697696e-01;1.7500000e+01;1.9272414e-01;1.7500000e+01;2.1232611e-01;1.7500000e+01;2.2040641e-01;1.7500000e+01;2.1907285e-01;1.7500000e+01;2.0039113e-01;1.7500000e+01;1.6648690e-01;1.7500000e+01;1.2450852e-01;1.7500000e+01;8.1159562e-02;1.7500000e+01;4.0925816e-02;1.7500000e+01;-5.9149871e-03;1.7500000e+01;-2.4962705e-03;1.7500000e+01;9.3544805e-03;1.7500000e+01;2.6057098e-02;1.7500000e+01;4.7633130e-02;1.7500000e+01;7.1282223e-02;1.7500000e+01;9.8823071e-02;1.7500000e+01;1.3183782e-01;1.7500000e+01;1.6697696e-01;1.7500000e+01;1.9272414e-01;1.7500000e+01;2.1232611e-01;1.7500000e+01;2.2040641e-01;1.7500000e+01;2.1907285e-01;1.7500000e+01;2.0039113e-01;1.7500000e+01;1.6648690e-01;1.7500000e+01;1.2450852e-01;1.7500000e+01;8.1159562e-02;1.7500000e+01;4.0925816e-02;1.7500000e+01;-5.9149871e-03;1.7500000e+01;-2.4962705e-03;1.7500000e+01;9.3544805e-03;1.7500000e+01;2.6057098e-02;1.7500000e+01;4.7633130e-02;1.7500000e+01;7.1282223e-02;1.7500000e+01;9.8823071e-02;1.7500000e+01;1.3183782e-01;1.7500000e+01;1.6697696e-01;1.7500000e+01;1.9272414e-01;1.7500000e+01;2.1232611e-01;1.7500000e+01;2.2040641e-01;1.7500000e+01;2.1907285e-01;1.7500000e+01;2.0039113e-01;1.7500000e+01;1.6648690e-01;1.7500000e+01;1.2450852e-01;1.7500000e+01;8.1159562e-02;1.7500000e+01;4.0925816e-02;1.7500000e+01;-5.9149871e-03;1.7500000e+01;-2.4962705e-03;1.7500000e+01;9.3544805e-03;1.7500000e+01;2.6057098e-02;1.7500000e+01;4.7633130e-02;1.7500000e+01;7.1282223e-02;1.7500000e+01;9.8823071e-02;1.7500000e+01;1.3183782e-01;1.7500000e+01;1.6697696e-01;1.7500000e+01;1.9272414e-01;1.7500000e+01;2.1232611e-01;1.7500000e+01;2.2040641e-01;1.7500000e+01;2.1907285e-01;1.7500000e+01;2.0039113e-01;1.7500000e+01;1.6648690e-01;1.7500000e+01;1.2450852e-01;1.7500000e+01;8.1159562e-02;1.7500000e+01;4.0925816e-02;1.7500000e+01;-5.9149871e-03;1.7500000e+01;-2.4962705e-03;1.7500000e+01;9.3544805e-03;1.7500000e+01;2.6057098e-02;1.7500000e+01;4.7633130e-02;1.7500000e+01;7.1282223e-02;1.7500000e+01;9.8823071e-02;1.7500000e+01;1.3183782e-01;1.7500000e+01;1.6697696e-01;1.7500000e+01;1.9272414e-01;1.7500000e+01;2.1232611e-01;1.7500000e+01;2.2040641e-01;1.7500000e+01;2.1907285e-01;1.7500000e+01;2.0039113e-01;1.7500000e+01;1.6648690e-01;1.7500000e+01;1.2450852e-01;1.7500000e+01;8.1159562e-02;1.7500000e+01;4.0925816e-02;1.7500000e+01;-5.9149871e-03;1.7500000e+01;-2.4962705e-03;1.7500000e+01;9.3544805e-03;1.7500000e+01;2.6057098e-02;1.7500000e+01;4.7633130e-02;1.7500000e+01;7.1282223e-02;1.7500000e+01;9.8823071e-02;1.7500000e+01;1.3183782e-01;1.7500000e+01;1.6697696e-01;1.7500000e+01;1.9272414e-01;1.7500000e+01;2.1232611e-01;1.7500000e+01;2.2040641e-01;1.7500000e+01;2.1907285e-01;1.7500000e+01;2.0039113e-01;1.7500000e+01;1.6648690e-01;1.7500000e+01;1.2450852e-01;1.7500000e+01;8.1159562e-02;1.7500000e+01;4.0925816e-02;1.7500000e+01;-5.9149871e-03;1.7500000e+01;-2.4962705e-03;1.7500000e+01;9.3544805e-03;1.7500000e+01;2.6057098e-02;1.7500000e+01;4.7633130e-02;1.7500000e+01;7.1282223e-02;1.7500000e+01;9.8823071e-02;1.7500000e+01;1.3183782e-01;1.7500000e+01;1.6697696e-01;1.7500000e+01;1.9272414e-01;1.7500000e+01;2.1232611e-01;1.7500000e+01;2.2040641e-01;1.7500000e+01;2.1907285e-01;1.7500000e+01;2.0039113e-01;1.7500000e+01;1.6648690e-01;1.7500000e+01;1.2450852e-01;1.7500000e+01;8.1159562e-02;1.7500000e+01;4.0925816e-02;1.7500000e+01;-5.9149871e-03;1.7500000e+01;-2.4962705e-03;1.7500000e+01;9.3544805e-03;1.7500000e+01;2.6057098e-02;1.7500000e+01;4.7633130e-02;1.7500000e+01;7.1282223e-02;1.7500000e+01;9.8823071e-02;1.7500000e+01;1.3183782e-01;1.7500000e+01;1.6697696e-01;1.7500000e+01;1.9272414e-01;1.7500000e+01;2.1232611e-01;1.7500000e+01;2.2040641e-01;1.7500000e+01;2.1907285e-01;1.7500000e+01;2.0039113e-01;1.7500000e+01;1.6648690e-01;1.7500000e+01;1.2450852e-01;1.7500000e+01;8.1159562e-02;1.7500000e+01;4.0925816e-02;1.7500000e+01;-5.9149871e-03;1.7500000e+01;-2.4962705e-03;1.7500000e+01;9.3544805e-03;1.7500000e+01;2.6057098e-02;1.7500000e+01;4.7633130e-02;1.7500000e+01;7.1282223e-02;1.7500000e+01;9.8823071e-02;1.7500000e+01;1.3183782e-01;1.7500000e+01;1.6697696e-01;1.7500000e+01;1.9272414e-01;1.7500000e+01;2.1232611e-01;1.7500000e+01;2.2040641e-01;1.7500000e+01;2.1907285e-01;1.7500000e+01;2.0039113e-01;1.7500000e+01;1.6648690e-01;1.7500000e+01;1.2450852e-01;1.7500000e+01;8.1159562e-02;1.7500000e+01;4.0925816e-02;1.7500000e+01;-5.9149871e-03;1.7500000e+01;-2.4962705e-03;1.7500000e+01;9.3544805e-03;1.7500000e+01;2.6057098e-02;1.7500000e+01;4.7633130e-02;1.7500000e+01;7.1282223e-02;1.7500000e+01;9.8823071e-02;1.7500000e+01;1.3183782e-01;1.7500000e+01;1.6697696e-01;1.7500000e+01;1.9272414e-01;1.7500000e+01;2.1232611e-01;1.7500000e+01;2.2040641e-01;1.7500000e+01;2.1907285e-01;1.7500000e+01;2.0039113e-01;1.7500000e+01;1.6648690e-01;1.7500000e+01;1.2450852e-01;1.7500000e+01;8.1159562e-02;1.7500000e+01;4.0925816e-02;1.7500000e+01;-5.9149871e-03;1.7500000e+01;-2.4962705e-03;1.7500000e+01;9.3544805e-03;1.7500000e+01;2.6057098e-02;1.7500000e+01;4.7633130e-02;1.7500000e+01;7.1282223e-02;1.7500000e+01;9.8823071e-02;1.7500000e+01;1.3183782e-01;1.7500000e+01;1.6697696e-01;1.7500000e+01;1.9272414e-01;1.7500000e+01;2.1232611e-01;1.7500000e+01;2.2040641e-01;1.7500000e+01;2.1907285e-01;1.7500000e+01;2.0039113e-01;1.7500000e+01;1.6648690e-01;1.7500000e+01;1.2450852e-01;1.7500000e+01;8.1159562e-02;1.7500000e+01;4.0925816e-02;1.7500000e+01;-5.9149871e-03;1.7500000e+01;-2.4962705e-03;1.7500000e+01;9.3544805e-03;1.7500000e+01;2.6057098e-02;1.7500000e+01;4.7633130e-02;1.7500000e+01;7.1282223e-02;1.7500000e+01;9.8823071e-02;1.7500000e+01;1.3183782e-01;1.7500000e+01;1.6697696e-01;1.7500000e+01;1.9272414e-01;1.7500000e+01;2.1232611e-01;1.7500000e+01;2.2040641e-01;1.7500000e+01;2.1907285e-01;1.7500000e+01;2.0039113e-01;1.7500000e+01;1.6648690e-01;1.7500000e+01;1.2450852e-01;1.7500000e+01;8.1159562e-02;1.7500000e+01;4.0925816e-02;1.7500000e+01;-5.9149871e-03;1.7500000e+01;-2.4962705e-03;1.7500000e+01;9.3544805e-03;1.7500000e+01;2.6057098e-02;1.7500000e+01;4.7633130e-02;1.7500000e+01;7.1282223e-02;1.7500000e+01;9.8823071e-02;1.7500000e+01;1.3183782e-01;1.7500000e+01;1.6697696e-01;1.7500000e+01;1.9272414e-01;1.7500000e+01;2.1232611e-01;1.7500000e+01;2.2040641e-01;1.7500000e+01;2.1907285e-01;1.7500000e+01;2.0039113e-01;1.7500000e+01;1.6648690e-01;1.7500000e+01;1.2450852e-01;1.7500000e+01;8.1159562e-02;1.7500000e+01;4.0925816e-02;1.7500000e+01;-5.9149871e-03;1.7500000e+01;-2.4962705e-03;1.7500000e+01;9.3544805e-03;1.7500000e+01;2.6057098e-02;1.7500000e+01;4.7633130e-02;1.7500000e+01;7.1282223e-02;1.7500000e+01;9.8823071e-02;1.7500000e+01;1.3183782e-01;1.7500000e+01;1.6697696e-01;1.7500000e+01;1.9272414e-01;1.7500000e+01;2.1232611e-01;1.7500000e+01;2.2040641e-01;1.7500000e+01;2.1907285e-01;1.7500000e+01;2.0039113e-01;1.7500000e+01;1.6648690e-01;1.7500000e+01;1.2450852e-01;1.7500000e+01;8.1159562e-02;1.7500000e+01;4.0925816e-02;1.7500000e+01;-5.9149871e-03;1.7500000e+01;-2.4962705e-03;1.7500000e+01;9.3544805e-03;1.7500000e+01;2.6057098e-02;1.7500000e+01;4.7633130e-02;1.7500000e+01;7.1282223e-02;1.7500000e+01;9.8823071e-02;1.7500000e+01;1.3183782e-01;1.7500000e+01;1.6697696e-01;1.7500000e+01;1.9272414e-01;1.7500000e+01;2.1232611e-01;1.7500000e+01;2.2040641e-01;1.7500000e+01;2.1907285e-01;1.7500000e+01;2.0039113e-01;1.7500000e+01;1.6648690e-01;1.7500000e+01;1.2450852e-01;1.7500000e+01;8.1159562e-02;1.7500000e+01;4.0925816e-02;1.7500000e+01;-5.9149871e-03;1.7500000e+01;-2.4962705e-03;1.7500000e+01;9.3544805e-03;1.7500000e+01;2.6057098e-02;1.7500000e+01;4.7633130e-02;1.7500000e+01;7.1282223e-02;1.7500000e+01;9.8823071e-02;1.7500000e+01;1.3183782e-01;1.7500000e+01;1.6697696e-01;1.7500000e+01;1.9272414e-01;1.7500000e+01;2.1232611e-01;1.7500000e+01;2.2040641e-01;1.7500000e+01;2.1907285e-01;1.7500000e+01;2.0039113e-01;1.7500000e+01;1.6648690e-01;1.7500000e+01;1.2450852e-01;1.7500000e+01;8.1159562e-02;1.7500000e+01;4.0925816e-02;1.7500000e+01;-5.9149871e-03;1.7500000e+01;-2.4962705e-03;1.7500000e+01;9.3544805e-03;1.7500000e+01;2.6057098e-02;1.7500000e+01;4.7633130e-02;1.7500000e+01;7.1282223e-02;1.7500000e+01;9.8823071e-02;1.7500000e+01;1.3183782e-01;1.7500000e+01;1.6697696e-01;1.7500000e+01;1.9272414e-01;1.7500000e+01;2.1232611e-01;1.7500000e+01;2.2040641e-01;1.7500000e+01;2.1907285e-01;1.7500000e+01;2.0039113e-01;1.7500000e+01;1.6648690e-01;1.7500000e+01;1.2450852e-01;1.7500000e+01;8.1159562e-02;1.7500000e+01;4.0925816e-02;1.7500000e+01;-5.9149871e-03;1.7500000e+01;-2.4962705e-03;1.7500000e+01;9.3544805e-03;1.7500000e+01;2.6057098e-02;1.7500000e+01;4.7633130e-02;1.7500000e+01;7.1282223e-02;1.7500000e+01;9.8823071e-02;1.7500000e+01;1.3183782e-01;1.7500000e+01;1.6697696e-01;1.7500000e+01;1.9272414e-01;1.7500000e+01;2.1232611e-01;1.7500000e+01;2.2040641e-01;1.7500000e+01;2.1907285e-01;1.7500000e+01;2.0039113e-01;1.7500000e+01;1.6648690e-01;1.7500000e+01;1.2450852e-01;1.7500000e+01;8.1159562e-02;1.7500000e+01;4.0925816e-02;1.7500000e+01;-5.9149871e-03;1.7500000e+01;-2.4962705e-03;1.7500000e+01;9.3544805e-03;1.7500000e+01;2.6057098e-02;1.7500000e+01;4.7633130e-02;1.7500000e+01;7.1282223e-02;1.7500000e+01;9.8823071e-02;1.7500000e+01;1.3183782e-01;1.7500000e+01;1.6697696e-01;1.7500000e+01;1.9272414e-01;1.7500000e+01;2.1232611e-01;1.7500000e+01;2.2040641e-01;1.7500000e+01;2.1907285e-01;1.7500000e+01;2.0039113e-01;1.7500000e+01;1.6648690e-01;1.7500000e+01;1.2450852e-01;1.7500000e+01;8.1159562e-02;1.7500000e+01;4.0925816e-02;1.7500000e+01;-5.9149871e-03;1.7500000e+01;-2.4962705e-03;1.7500000e+01;9.3544805e-03;1.7500000e+01;2.6057098e-02;1.7500000e+01;4.7633130e-02;1.7500000e+01;7.1282223e-02;1.7500000e+01;9.8823071e-02;1.7500000e+01;1.3183782e-01;1.7500000e+01;1.6697696e-01;1.7500000e+01;1.9272414e-01;1.7500000e+01;2.1232611e-01;1.7500000e+01;2.2040641e-01;1.7500000e+01;2.1907285e-01;1.7500000e+01;2.0039113e-01;1.7500000e+01;1.6648690e-01;1.7500000e+01;1.2450852e-01;1.7500000e+01;8.1159562e-02;1.7500000e+01;4.0925816e-02;1.7500000e+01;-5.9149871e-03;1.7500000e+01;-2.4962705e-03;1.7500000e+01;9.3544805e-03;1.7500000e+01;2.6057098e-02;1.7500000e+01;4.7633130e-02;1.7500000e+01;7.1282223e-02;1.7500000e+01;9.8823071e-02;1.7500000e+01;1.3183782e-01;1.7500000e+01;1.6697696e-01;1.7500000e+01;1.9272414e-01;1.7500000e+01;2.1232611e-01;1.7500000e+01;2.2040641e-01;1.7500000e+01;2.1907285e-01;1.7500000e+01;2.0039113e-01;1.7500000e+01;1.6648690e-01;1.7500000e+01;1.2450852e-01;1.7500000e+01;8.1159562e-02;1.7500000e+01;4.0925816e-02;1.7500000e+01;-5.9149871e-03;1.7500000e+01;-2.4962705e-03;1.7500000e+01;9.3544805e-03;1.7500000e+01;2.6057098e-02;1.7500000e+01;4.7633130e-02;1.7500000e+01;7.1282223e-02;1.7500000e+01;9.8823071e-02;1.7500000e+01;1.3183782e-01;1.7500000e+01;1.6697696e-01;1.7500000e+01;1.9272414e-01;1.7500000e+01;2.1232611e-01;1.7500000e+01;2.2040641e-01;1.7500000e+01;2.1907285e-01;1.7500000e+01;2.0039113e-01;1.7500000e+01;1.6648690e-01;1.7500000e+01;1.2450852e-01;1.7500000e+01;8.1159562e-02;1.7500000e+01;4.0925816e-02;1.7500000e+01;-5.9149871e-03;1.7500000e+01;-2.4962705e-03;1.7500000e+01;9.3544805e-03;1.7500000e+01;2.6057098e-02;1.7500000e+01;4.7633130e-02;1.7500000e+01;7.1282223e-02;1.7500000e+01;9.8823071e-02;1.7500000e+01;1.3183782e-01;1.7500000e+01;1.6697696e-01;1.7500000e+01;1.9272414e-01;1.7500000e+01;2.1232611e-01;1.7500000e+01;2.2040641e-01;1.7500000e+01;2.1907285e-01;1.7500000e+01;2.0039113e-01;1.7500000e+01;1.6648690e-01;1.7500000e+01;1.2450852e-01;1.7500000e+01;8.1159562e-02;1.7500000e+01;4.0925816e-02;1.7500000e+01;-5.9149871e-03;1.7500000e+01;-2.4962705e-03;1.7500000e+01;9.3544805e-03;1.7500000e+01;2.6057098e-02;1.7500000e+01;4.7633130e-02;1.7500000e+01;7.1282223e-02;1.7500000e+01;9.8823071e-02;1.7500000e+01;1.3183782e-01;1.7500000e+01;1.6697696e-01;1.7500000e+01;1.9272414e-01;1.7500000e+01;2.1232611e-01;1.7500000e+01;2.2040641e-01;1.7500000e+01;2.1907285e-01;1.7500000e+01;2.0039113e-01;1.7500000e+01;1.6648690e-01;1.7500000e+01;1.2450852e-01;1.7500000e+01;8.1159562e-02;1.7500000e+01;4.0925816e-02;1.7500000e+01;-5.9149871e-03;1.7500000e+01;-2.4962705e-03;1.7500000e+01;9.3544805e-03;1.7500000e+01;2.6057098e-02;1.7500000e+01;4.7633130e-02;1.7500000e+01;7.1282223e-02;1.7500000e+01;9.8823071e-02;1.7500000e+01;1.3183782e-01;1.7500000e+01;1.6697696e-01;1.7500000e+01;1.9272414e-01;1.7500000e+01;2.1232611e-01;1.7500000e+01;2.2040641e-01;1.7500000e+01;2.1907285e-01;1.7500000e+01;2.0039113e-01;1.7500000e+01;1.6648690e-01;1.7500000e+01;1.2450852e-01;1.7500000e+01;8.1159562e-02;1.7500000e+01;4.0925816e-02;1.7500000e+01;-5.9149871e-03;1.7500000e+01;-2.4962705e-03;1.7500000e+01;9.3544805e-03;1.7500000e+01;2.6057098e-02;1.7500000e+01;4.7633130e-02;1.7500000e+01;7.1282223e-02;1.7500000e+01;9.8823071e-02;1.7500000e+01;1.3183782e-01;1.7500000e+01;1.6697696e-01;1.7500000e+01;1.9272414e-01;1.7500000e+01;2.1232611e-01;1.7500000e+01;2.2040641e-01;1.7500000e+01;2.1907285e-01;1.7500000e+01;2.0039113e-01;1.7500000e+01;1.6648690e-01;1.7500000e+01;1.2450852e-01;1.7500000e+01;8.1159562e-02;1.7500000e+01;4.0925816e-02;1.7500000e+01;-5.9149871e-03;1.7500000e+01;-2.4962705e-03;1.7500000e+01;9.3544805e-03;1.7500000e+01;2.6057098e-02;1.7500000e+01;4.7633130e-02;1.7500000e+01;7.1282223e-02;1.7500000e+01;9.8823071e-02;1.7500000e+01;1.3183782e-01;1.7500000e+01;1.6697696e-01;1.7500000e+01;1.9272414e-01;1.7500000e+01;2.1232611e-01;1.7500000e+01;2.2040641e-01;1.7500000e+01;2.1907285e-01;1.7500000e+01;2.0039113e-01;1.7500000e+01;1.6648690e-01;1.7500000e+01;1.2450852e-01;1.7500000e+01;8.1159562e-02;1.7500000e+01;4.0925816e-02;1.7500000e+01;-5.9149871e-03;1.7500000e+01;-2.4962705e-03;1.7500000e+01;9.3544805e-03;1.7500000e+01;2.6057098e-02;1.7500000e+01;4.7633130e-02;1.7500000e+01;7.1282223e-02;1.7500000e+01;9.8823071e-02;1.7500000e+01;1.3183782e-01;1.7500000e+01;1.6697696e-01;1.7500000e+01;1.9272414e-01;1.7500000e+01;2.1232611e-01;1.7500000e+01;2.2040641e-01;1.7500000e+01;2.1907285e-01;1.7500000e+01;2.0039113e-01;1.7500000e+01;1.6648690e-01;1.7500000e+01;1.2450852e-01;1.7500000e+01;8.1159562e-02;1.7500000e+01;4.0925816e-02;1.7500000e+01;-5.9149871e-03;1.7500000e+01;-2.4962705e-03;1.7500000e+01;9.3544805e-03;1.7500000e+01;2.6057098e-02;1.7500000e+01;4.7633130e-02;1.7500000e+01;7.1282223e-02;1.7500000e+01;9.8823071e-02;1.7500000e+01;1.3183782e-01;1.7500000e+01;1.6697696e-01;1.7500000e+01;1.9272414e-01;1.7500000e+01;2.1232611e-01;1.7500000e+01;2.2040641e-01;1.7500000e+01;2.1907285e-01;1.7500000e+01;2.0039113e-01;1.7500000e+01;1.6648690e-01;1.7500000e+01;1.2450852e-01;1.7500000e+01;8.1159562e-02;1.7500000e+01;4.0925816e-02;1.7500000e+01;-5.9149871e-03;1.7500000e+01;-2.4962705e-03;1.7500000e+01;9.3544805e-03;1.7500000e+01;2.6057098e-02;1.7500000e+01;4.7633130e-02;1.7500000e+01;7.1282223e-02;1.7500000e+01;9.8823071e-02;1.7500000e+01;1.3183782e-01;1.7500000e+01;1.6697696e-01;1.7500000e+01;1.9272414e-01;1.7500000e+01;2.1232611e-01;1.7500000e+01;2.2040641e-01;1.7500000e+01;2.1907285e-01;1.7500000e+01;2.0039113e-01;1.7500000e+01;1.6648690e-01;1.7500000e+01;1.2450852e-01;1.7500000e+01;8.1159562e-02;1.7500000e+01;4.0925816e-02;1.7500000e+01;-5.9149871e-03;1.7500000e+01;-2.4962705e-03;1.7500000e+01;9.3544805e-03;1.7500000e+01;2.6057098e-02;1.7500000e+01;4.7633130e-02;1.7500000e+01;7.1282223e-02;1.7500000e+01;9.8823071e-02;1.7500000e+01;1.3183782e-01;1.7500000e+01;1.6697696e-01;1.7500000e+01;1.9272414e-01;1.7500000e+01;2.1232611e-01;1.7500000e+01;2.2040641e-01;1.7500000e+01;2.1907285e-01;1.7500000e+01;2.0039113e-01;1.7500000e+01;1.6648690e-01;1.7500000e+01;1.2450852e-01;1.7500000e+01;8.1159562e-02;1.7500000e+01;4.0925816e-02;1.7500000e+01;-5.9149871e-03;1.7500000e+01;-2.4962705e-03;1.7500000e+01;9.3544805e-03;1.7500000e+01;2.6057098e-02;1.7500000e+01;4.7633130e-02;1.7500000e+01;7.1282223e-02;1.7500000e+01;9.8823071e-02;1.7500000e+01;1.3183782e-01;1.7500000e+01;1.6697696e-01;1.7500000e+01;1.9272414e-01;1.7500000e+01;2.1232611e-01;1.7500000e+01;2.2040641e-01;1.7500000e+01;2.1907285e-01;1.7500000e+01;2.0039113e-01;1.7500000e+01;1.6648690e-01;1.7500000e+01;1.2450852e-01;1.7500000e+01;8.1159562e-02;1.7500000e+01;4.0925816e-02;1.7500000e+01;-5.9149871e-03;1.7500000e+01;-2.4962705e-03;1.7500000e+01;9.3544805e-03;1.7500000e+01;2.6057098e-02;1.7500000e+01;4.7633130e-02;1.7500000e+01;7.1282223e-02;1.7500000e+01;9.8823071e-02;1.7500000e+01;1.3183782e-01;1.7500000e+01;1.6697696e-01;1.7500000e+01;1.9272414e-01;1.7500000e+01;2.1232611e-01;1.7500000e+01;2.2040641e-01;1.7500000e+01;2.1907285e-01;1.7500000e+01;2.0039113e-01;1.7500000e+01;1.6648690e-01;1.7500000e+01;1.2450852e-01;1.7500000e+01;8.1159562e-02;1.7500000e+01;4.0925816e-02;1.7500000e+01;-5.9149871e-03;1.7500000e+01;-2.4962705e-03;1.7500000e+01;9.3544805e-03;1.7500000e+01;2.6057098e-02;1.7500000e+01;4.7633130e-02;1.7500000e+01;7.1282223e-02;1.7500000e+01;9.8823071e-02;1.7500000e+01;1.3183782e-01;1.7500000e+01;1.6697696e-01;1.7500000e+01;1.9272414e-01;1.7500000e+01;2.1232611e-01;1.7500000e+01;2.2040641e-01;1.7500000e+01;2.1907285e-01;1.7500000e+01;2.0039113e-01;1.7500000e+01;1.6648690e-01;1.7500000e+01;1.2450852e-01;1.7500000e+01;8.1159562e-02;1.7500000e+01;4.0925816e-02;1.7500000e+01;-5.9149871e-03;1.7500000e+01;-2.4962705e-03;1.7500000e+01;9.3544805e-03;1.7500000e+01;2.6057098e-02;1.7500000e+01;4.7633130e-02;1.7500000e+01;7.1282223e-02;1.7500000e+01;9.8823071e-02;1.7500000e+01;1.3183782e-01;1.7500000e+01;1.6697696e-01;1.7500000e+01;1.9272414e-01;1.7500000e+01;2.1232611e-01;1.7500000e+01;2.2040641e-01;1.7500000e+01;2.1907285e-01;1.7500000e+01;2.0039113e-01;1.7500000e+01;1.6648690e-01;1.7500000e+01;1.2450852e-01;1.7500000e+01;8.1159562e-02;1.7500000e+01;4.0925816e-02;1.7500000e+01;-5.9149871e-03;1.7500000e+01;-2.4962705e-03;1.7500000e+01;9.3544805e-03;1.7500000e+01;2.6057098e-02;1.7500000e+01;4.7633130e-02;1.7500000e+01;7.1282223e-02;1.7500000e+01;9.8823071e-02;1.7500000e+01;1.3183782e-01;1.7500000e+01;1.6697696e-01;1.7500000e+01;1.9272414e-01;1.7500000e+01;2.1232611e-01;1.7500000e+01;2.2040641e-01;1.7500000e+01;2.1907285e-01;1.7500000e+01;2.0039113e-01;1.7500000e+01;1.6648690e-01;1.7500000e+01;1.2450852e-01;1.7500000e+01;8.1159562e-02;1.7500000e+01;4.0925816e-02;1.7500000e+01;-5.9149871e-03;1.7500000e+01;-2.4962705e-03;1.7500000e+01;9.3544805e-03;1.7500000e+01;2.6057098e-02;1.7500000e+01;4.7633130e-02;1.7500000e+01;7.1282223e-02;1.7500000e+01;9.8823071e-02;1.7500000e+01;1.3183782e-01;1.7500000e+01;1.6697696e-01;1.7500000e+01;1.9272414e-01;1.7500000e+01;2.1232611e-01;1.7500000e+01;2.2040641e-01;1.7500000e+01;2.1907285e-01;1.7500000e+01;2.0039113e-01;1.7500000e+01;1.6648690e-01;1.7500000e+01;1.2450852e-01;1.7500000e+01;8.1159562e-02;1.7500000e+01;4.0925816e-02;1.7500000e+01;-5.9149871e-03;1.7500000e+01;-2.4962705e-03;1.7500000e+01;9.3544805e-03;1.7500000e+01;2.6057098e-02;1.7500000e+01;4.7633130e-02;1.7500000e+01;7.1282223e-02;1.7500000e+01;9.8823071e-02;1.7500000e+01;1.3183782e-01;1.7500000e+01;1.6697696e-01;1.7500000e+01;1.9272414e-01;1.7500000e+01;2.1232611e-01;1.7500000e+01;2.2040641e-01;1.7500000e+01;2.1907285e-01;1.7500000e+01;2.0039113e-01;1.7500000e+01;1.6648690e-01;1.7500000e+01;1.2450852e-01;1.7500000e+01;8.1159562e-02;1.7500000e+01;4.0925816e-02;1.7500000e+01;-5.9149871e-03;1.7500000e+01;-2.4962705e-03;1.7500000e+01;9.3544805e-03;1.7500000e+01;2.6057098e-02;1.7500000e+01;4.7633130e-02;1.7500000e+01;7.1282223e-02;1.7500000e+01;9.8823071e-02;1.7500000e+01;1.3183782e-01;1.7500000e+01;1.6697696e-01;1.7500000e+01;1.9272414e-01;1.7500000e+01;2.1232611e-01;1.7500000e+01;2.2040641e-01;1.7500000e+01;2.1907285e-01;1.7500000e+01;2.0039113e-01;1.7500000e+01;1.6648690e-01;1.7500000e+01;1.2450852e-01;1.7500000e+01;8.1159562e-02;1.7500000e+01;4.0925816e-02;1.7500000e+01;-5.9149871e-03;1.7500000e+01;-2.4962705e-03;1.7500000e+01;9.3544805e-03;1.7500000e+01;2.6057098e-02;1.7500000e+01;4.7633130e-02;1.7500000e+01;7.1282223e-02;1.7500000e+01;9.8823071e-02;1.7500000e+01;1.3183782e-01;1.7500000e+01;1.6697696e-01;1.7500000e+01;1.9272414e-01;1.7500000e+01;2.1232611e-01;1.7500000e+01;2.2040641e-01;1.7500000e+01;2.1907285e-01;1.7500000e+01;2.0039113e-01;1.7500000e+01;1.6648690e-01;1.7500000e+01;1.2450852e-01;1.7500000e+01;8.1159562e-02;1.7500000e+01;4.0925816e-02;1.7500000e+01;-5.9149871e-03;1.7500000e+01;-2.4962705e-03;1.7500000e+01;9.3544805e-03;1.7500000e+01;2.6057098e-02;1.7500000e+01;4.7633130e-02;1.7500000e+01;7.1282223e-02;1.7500000e+01;9.8823071e-02;1.7500000e+01;1.3183782e-01;1.7500000e+01;1.6697696e-01;1.7500000e+01;1.9272414e-01;1.7500000e+01;2.1232611e-01;1.7500000e+01;2.2040641e-01;1.7500000e+01;2.1907285e-01;1.7500000e+01;2.0039113e-01;1.7500000e+01;1.6648690e-01;1.7500000e+01;1.2450852e-01;1.7500000e+01;8.1159562e-02;1.7500000e+01;4.0925816e-02;1.7500000e+01;-5.9149871e-03;1.7500000e+01;-2.4962705e-03;1.7500000e+01;9.3544805e-03;1.7500000e+01;2.6057098e-02;1.7500000e+01;4.7633130e-02;1.7500000e+01;7.1282223e-02;1.7500000e+01;9.8823071e-02;1.7500000e+01;1.3183782e-01;1.7500000e+01;1.6697696e-01;1.7500000e+01;1.9272414e-01;1.7500000e+01;2.1232611e-01;1.7500000e+01;2.2040641e-01;1.7500000e+01;2.1907285e-01;1.7500000e+01;2.0039113e-01;1.7500000e+01;1.6648690e-01;1.7500000e+01;1.2450852e-01;1.7500000e+01;8.1159562e-02;1.7500000e+01;4.0925816e-02;1.7500000e+01;-5.9149871e-03;1.7500000e+01;-2.4962705e-03;1.7500000e+01;9.3544805e-03;1.7500000e+01;2.6057098e-02;1.7500000e+01;4.7633130e-02;1.7500000e+01;7.1282223e-02;1.7500000e+01;9.8823071e-02;1.7500000e+01;1.3183782e-01;1.7500000e+01;1.6697696e-01;1.7500000e+01;1.9272414e-01;1.7500000e+01;2.1232611e-01;1.7500000e+01;2.2040641e-01;1.7500000e+01;2.1907285e-01;1.7500000e+01;2.0039113e-01;1.7500000e+01;1.6648690e-01;1.7500000e+01;1.2450852e-01;1.7500000e+01;8.1159562e-02;1.7500000e+01;4.0925816e-02;1.7500000e+01;-5.9149871e-03;1.7500000e+01;-2.4962705e-03;1.7500000e+01;9.3544805e-03;1.7500000e+01;2.6057098e-02;1.7500000e+01;4.7633130e-02;1.7500000e+01;7.1282223e-02;1.7500000e+01;9.8823071e-02;1.7500000e+01;1.3183782e-01;1.7500000e+01;1.6697696e-01;1.7500000e+01;1.9272414e-01;1.7500000e+01;2.1232611e-01;1.7500000e+01;2.2040641e-01;1.7500000e+01;2.1907285e-01;1.7500000e+01;2.0039113e-01;1.7500000e+01;1.6648690e-01;1.7500000e+01;1.2450852e-01;1.7500000e+01;8.1159562e-02;1.7500000e+01;4.0925816e-02;1.7500000e+01;-5.9149871e-03;1.7500000e+01;-2.4962705e-03;1.7500000e+01;9.3544805e-03;1.7500000e+01;2.6057098e-02;1.7500000e+01;4.7633130e-02;1.7500000e+01;7.1282223e-02;1.7500000e+01;9.8823071e-02;1.7500000e+01;1.3183782e-01;1.7500000e+01;1.6697696e-01;1.7500000e+01;1.9272414e-01;1.7500000e+01;2.1232611e-01;1.7500000e+01;2.2040641e-01;1.7500000e+01;2.1907285e-01;1.7500000e+01;2.0039113e-01;1.7500000e+01;1.6648690e-01;1.7500000e+01;1.2450852e-01;1.7500000e+01;8.1159562e-02;1.7500000e+01;4.0925816e-02;1.7500000e+01;-5.9149871e-03;1.7500000e+01;-2.4962705e-03;1.7500000e+01;9.3544805e-03;1.7500000e+01;2.6057098e-02;1.7500000e+01;4.7633130e-02;1.7500000e+01;7.1282223e-02;1.7500000e+01;9.8823071e-02;1.7500000e+01;1.3183782e-01;1.7500000e+01;1.6697696e-01;1.7500000e+01;1.9272414e-01;1.7500000e+01;2.1232611e-01;1.7500000e+01;2.2040641e-01;1.7500000e+01;2.1907285e-01;1.7500000e+01;2.0039113e-01;1.7500000e+01;1.6648690e-01;1.7500000e+01;1.2450852e-01;1.7500000e+01;8.1159562e-02;1.7500000e+01;4.0925816e-02;1.7500000e+01;-5.9149871e-03;1.7500000e+01;-2.4962705e-03;1.7500000e+01;9.3544805e-03;1.7500000e+01;2.6057098e-02;1.7500000e+01;4.7633130e-02;1.7500000e+01;7.1282223e-02;1.7500000e+01;9.8823071e-02;1.7500000e+01;1.3183782e-01;1.7500000e+01;1.6697696e-01;1.7500000e+01;1.9272414e-01;1.7500000e+01;2.1232611e-01;1.7500000e+01;2.2040641e-01;1.7500000e+01;2.1907285e-01;1.7500000e+01;2.0039113e-01;1.7500000e+01;1.6648690e-01;1.7500000e+01;1.2450852e-01;1.7500000e+01;8.1159562e-02;1.7500000e+01;4.0925816e-02;1.7500000e+01;-5.9149871e-03;1.7500000e+01;-2.4962705e-03;1.7500000e+01;9.3544805e-03;1.7500000e+01;2.6057098e-02;1.7500000e+01;4.7633130e-02;1.7500000e+01;7.1282223e-02;1.7500000e+01;9.8823071e-02;1.7500000e+01;1.3183782e-01;1.7500000e+01;1.6697696e-01;1.7500000e+01;1.9272414e-01;1.7500000e+01;2.1232611e-01;1.7500000e+01;2.2040641e-01;1.7500000e+01;2.1907285e-01;1.7500000e+01;2.0039113e-01;1.7500000e+01;1.6648690e-01;1.7500000e+01;1.2450852e-01;1.7500000e+01;8.1159562e-02;1.7500000e+01;4.0925816e-02;1.7500000e+01;-5.9149871e-03;1.7500000e+01;-2.4962705e-03;1.7500000e+01;9.3544805e-03;1.7500000e+01;2.6057098e-02;1.7500000e+01;4.7633130e-02;1.7500000e+01;7.1282223e-02;1.7500000e+01;9.8823071e-02;1.7500000e+01;1.3183782e-01;1.7500000e+01;1.6697696e-01;1.7500000e+01;1.9272414e-01;1.7500000e+01;2.1232611e-01;1.7500000e+01;2.2040641e-01;1.7500000e+01;2.1907285e-01;1.7500000e+01;2.0039113e-01;1.7500000e+01;1.6648690e-01;1.7500000e+01;1.2450852e-01;1.7500000e+01;8.1159562e-02;1.7500000e+01;4.0925816e-02;1.7500000e+01;-5.9149871e-03;1.7500000e+01;-2.4962705e-03;1.7500000e+01;9.3544805e-03;1.7500000e+01;2.6057098e-02;1.7500000e+01;4.7633130e-02;1.7500000e+01;7.1282223e-02;1.7500000e+01;9.8823071e-02;1.7500000e+01;1.3183782e-01;1.7500000e+01;1.6697696e-01;1.7500000e+01;1.9272414e-01;1.7500000e+01;2.1232611e-01;1.7500000e+01;2.2040641e-01;1.7500000e+01;2.1907285e-01;1.7500000e+01;2.0039113e-01;1.7500000e+01;1.6648690e-01;1.7500000e+01;1.2450852e-01;1.7500000e+01;8.1159562e-02;1.7500000e+01;4.0925816e-02;1.7500000e+01;-5.9149871e-03;1.7500000e+01;-2.4962705e-03;1.7500000e+01;9.3544805e-03;1.7500000e+01;2.6057098e-02;1.7500000e+01;4.7633130e-02;1.7500000e+01;7.1282223e-02;1.7500000e+01;9.8823071e-02;1.7500000e+01;1.3183782e-01;1.7500000e+01;1.6697696e-01;1.7500000e+01;1.9272414e-01;1.7500000e+01;2.1232611e-01;1.7500000e+01;2.2040641e-01;1.7500000e+01;2.1907285e-01;1.7500000e+01;2.0039113e-01;1.7500000e+01;1.6648690e-01;1.7500000e+01;1.2450852e-01;1.7500000e+01;8.1159562e-02;1.7500000e+01;4.0925816e-02;1.7500000e+01;-5.9149871e-03;1.7500000e+01;-2.4962705e-03;1.7500000e+01;9.3544805e-03;1.7500000e+01;2.6057098e-02;1.7500000e+01;4.7633130e-02;1.7500000e+01;7.1282223e-02;1.7500000e+01;9.8823071e-02;1.7500000e+01;1.3183782e-01;1.7500000e+01;1.6697696e-01;1.7500000e+01;1.9272414e-01;1.7500000e+01;2.1232611e-01;1.7500000e+01;2.2040641e-01;1.7500000e+01;2.1907285e-01;1.7500000e+01;2.0039113e-01;1.7500000e+01;1.6648690e-01;1.7500000e+01;1.2450852e-01;1.7500000e+01;8.1159562e-02;1.7500000e+01;4.0925816e-02;1.7500000e+01;-5.9149871e-03;1.7500000e+01;-2.4962705e-03;1.7500000e+01;9.3544805e-03;1.7500000e+01;2.6057098e-02;1.7500000e+01;4.7633130e-02;1.7500000e+01;7.1282223e-02;1.7500000e+01;9.8823071e-02;1.7500000e+01;1.3183782e-01;1.7500000e+01;1.6697696e-01;1.7500000e+01;1.9272414e-01;1.7500000e+01;2.1232611e-01;1.7500000e+01;2.2040641e-01;1.7500000e+01;2.1907285e-01;1.7500000e+01;2.0039113e-01;1.7500000e+01;1.6648690e-01;1.7500000e+01;1.2450852e-01;1.7500000e+01;8.1159562e-02;1.7500000e+01;4.0925816e-02;1.7500000e+01;-5.9149871e-03;1.7500000e+01;-2.4962705e-03;1.7500000e+01;9.3544805e-03;1.7500000e+01;2.6057098e-02;1.7500000e+01;4.7633130e-02;1.7500000e+01;7.1282223e-02;1.7500000e+01;9.8823071e-02;1.7500000e+01;1.3183782e-01;1.7500000e+01;1.6697696e-01;1.7500000e+01;1.9272414e-01;1.7500000e+01;2.1232611e-01;1.7500000e+01;2.2040641e-01;1.7500000e+01;2.1907285e-01;1.7500000e+01;2.0039113e-01;1.7500000e+01;1.6648690e-01;1.7500000e+01;1.2450852e-01;1.7500000e+01;8.1159562e-02;1.7500000e+01;4.0925816e-02
2.2500000e+01;-6.1384775e-03;2.2500000e+01;-4.2474987e-03;2.2500000e+01;4.5807017e-03;2.2500000e+01;2.0901324e-02;2.2500000e+01;4.4679336e-02;2.2500000e+01;7.0701003e-02;2.2500000e+01;1.0173568e-01;2.2500000e+01;1.3776456e-01;2.2500000e+01;1.7532545e-01;2.2500000e+01;2.0218208e-01;2.2500000e+01;2.1961865e-01;2.2500000e+01;2.2329636e-01;2.2500000e+01;2.1662475e-01;2.2500000e+01;1.9458684e-01;2.2500000e+01;1.5983751e-01;2.2500000e+01;1.1888196e-01;2.2500000e+01;7.7093177e-02;2.2500000e+01;3.7537523e-02;2.2500000e+01;-6.1384775e-03;2.2500000e+01;-4.2474987e-03;2.2500000e+01;4.5807017e-03;2.2500000e+01;2.0901324e-02;2.2500000e+01;4.4679336e-02;2.2500000e+01;7.0701003e-02;2.2500000e+01;1.0173568e-01;2.2500000e+01;1.3776456e-01;2.2500000e+01;1.7532545e-01;2.2500000e+01;2.0218208e-01;2.2500000e+01;2.1961865e-01;2.2500000e+01;2.2329636e-01;2.2500000e+01;2.1662475e-01;2.2500000e+01;1.9458684e-01;2.2500000e+01;1.5983751e-01;2.2500000e+01;1.1888196e-01;2.2500000e+01;7.7093177e-02;2.2500000e+01;3.7537523e-02;2.2500000e+01;-6.1384775e-03;2.2500000e+01;-4.2474987e-03;2.2500000e+01;4.5807017e-03;2.2500000e+01;2.0901324e-02;2.2500000e+01;4.4679336e-02;2.2500000e+01;7.0701003e-02;2.2500000e+01;1.0173568e-01;2.2500000e+01;1.3776456e-01;2.2500000e+01;1.7532545e-01;2.2500000e+01;2.0218208e-01;2.2500000e+01;2.1961865e-01;2.2500000e+01;2.2329636e-01;2.2500000e+01;2.1662475e-01;2.2500000e+01;1.9458684e-01;2.2500000e+01;1.5983751e-01;2.2500000e+01;1.1888196e-01;2.2500000e+01;7.7093177e-02;2.2500000e+01;3.7537523e-02;2.2500000e+01;-6.1384775e-03;2.2500000e+01;-4.2474987e-03;2.2500000e+01;4.5807017e-03;2.2500000e+01;2.0901324e-02;2.2500000e+01;4.4679336e-02;2.2500000e+01;7.0701003e-02;2.2500000e+01;1.0173568e-01;2.2500000e+01;1.3776456e-01;2.2500000e+01;1.7532545e-01;2.2500000e+01;2.0218208e-01;2.2500000e+01;2.1961865e-01;2.2500000e+01;2.2329636e-01;2.2500000e+01;2.1662475e-01;2.2500000e+01;1.9458684e-01;2.2500000e+01;1.5983751e-01;2.2500000e+01;1.1888196e-01;2.2500000e+01;7.7093177e-02;2.2500000e+01;3.7537523e-02;2.2500000e+01;-6.1384775e-03;2.2500000e+01;-4.2474987e-03;2.2500000e+01;4.5807017e-03;2.2500000e+01;2.0901324e-02;2.2500000e+01;4.4679336e-02;2.2500000e+01;7.0701003e-02;2.2500000e+01;1.0173568e-01;2.2500000e+01;1.3776456e-01;2.2500000e+01;1.7532545e-01;2.2500000e+01;2.0218208e-01;2.2500000e+01;2.1961865e-01;2.2500000e+01;2.2329636e-01;2.2500000e+01;2.1662475e-01;2.2500000e+01;1.9458684e-01;2.2500000e+01;1.5983751e-01;2.2500000e+01;1.1888196e-01;2.2500000e+01;7.7093177e-02;2.2500000e+01;3.7537523e-02;2.2500000e+01;-6.1384775e-03;2.2500000e+01;-4.2474987e-03;2.2500000e+01;4.5807017e-03;2.2500000e+01;2.0901324e-02;2.2500000e+01;4.4679336e-02;2.2500000e+01;7.0701003e-02;2.2500000e+01;1.0173568e-01;2.2500000e+01;1.3776456e-01;2.2500000e+01;1.7532545e-01;2.2500000e+01;2.0218208e-01;2.2500000e+01;2.1961865e-01;2.2500000e+01;2.2329636e-01;2.2500000e+01;2.1662475e-01;2.2500000e+01;1.9458684e-01;2.2500000e+01;1.5983751e-01;2.2500000e+01;1.1888196e-01;2.2500000e+01;7.7093177e-02;2.2500000e+01;3.7537523e-02;2.2500000e+01;-6.1384775e-03;2.2500000e+01;-4.2474987e-03;2.2500000e+01;4.5807017e-03;2.2500000e+01;2.0901324e-02;2.2500000e+01;4.4679336e-02;2.2500000e+01;7.0701003e-02;2.2500000e+01;1.0173568e-01;2.2500000e+01;1.3776456e-01;2.2500000e+01;1.7532545e-01;2.2500000e+01;2.0218208e-01;2.2500000e+01;2.1961865e-01;2.2500000e+01;2.2329636e-01;2.2500000e+01;2.1662475e-01;2.2500000e+01;1.9458684e-01;2.2500000e+01;1.5983751e-01;2.2500000e+01;1.1888196e-01;2.2500000e+01;7.7093177e-02;2.2500000e+01;3.7537523e-02;2.2500000e+01;-6.1384775e-03;2.2500000e+01;-4.2474987e-03;2.2500000e+01;4.5807017e-03;2.2500000e+01;2.0901324e-02;2.2500000e+01;4.4679336e-02;2.2500000e+01;7.0701003e-02;2.2500000e+01;1.0173568e-01;2.2500000e+01;1.3776456e-01;2.2500000e+01;1.7532545e-01;2.2500000e+01;2.0218208e-01;2.2500000e+01;2.1961865e-01;2.2500000e+01;2.2329636e-01;2.2500000e+01;2.1662475e-01;2.2500000e+01;1.9458684e-01;2.2500000e+01;1.5983751e-01;2.2500000e+01;1.1888196e-01;2.2500000e+01;7.7093177e-02;2.2500000e+01;3.7537523e-02;2.2500000e+01;-6.1384775e-03;2.2500000e+01;-4.2474987e-03;2.2500000e+01;4.5807017e-03;2.2500000e+01;2.0901324e-02;2.2500000e+01;4.4679336e-02;2.2500000e+01;7.0701003e-02;2.2500000e+01;1.0173568e-01;2.2500000e+01;1.3776456e-01;2.2500000e+01;1.7532545e-01;2.2500000e+01;2.0218208e-01;2.2500000e+01;2.1961865e-01;2.2500000e+01;2.2329636e-01;2.2500000e+01;2.1662475e-01;2.2500000e+01;1.9458684e-01;2.2500000e+01;1.5983751e-01;2.2500000e+01;1.1888196e-01;2.2500000e+01;7.7093177e-02;2.2500000e+01;3.7537523e-02;2.2500000e+01;-6.1384775e-03;2.2500000e+01;-4.2474987e-03;2.2500000e+01;4.5807017e-03;2.2500000e+01;2.0901324e-02;2.2500000e+01;4.4679336e-02;2.2500000e+01;7.0701003e-02;2.2500000e+01;1.0173568e-01;2.2500000e+01;1.3776456e-01;2.2500000e+01;1.7532545e-01;2.2500000e+01;2.0218208e-01;2.2500000e+01;2.1961865e-01;2.2500000e+01;2.2329636e-01;2.2500000e+01;2.1662475e-01;2.2500000e+01;1.9458684e-01;2.2500000e+01;1.5983751e-01;2.2500000e+01;1.1888196e-01;2.2500000e+01;7.7093177e-02;2.2500000e+01;3.7537523e-02;2.2500000e+01;-6.1384775e-03;2.2500000e+01;-4.2474987e-03;2.2500000e+01;4.5807017e-03;2.2500000e+01;2.0901324e-02;2.2500000e+01;4.4679336e-02;2.2500000e+01;7.0701003e-02;2.2500000e+01;1.0173568e-01;2.2500000e+01;1.3776456e-01;2.2500000e+01;1.7532545e-01;2.2500000e+01;2.0218208e-01;2.2500000e+01;2.1961865e-01;2.2500000e+01;2.2329636e-01;2.2500000e+01;2.1662475e-01;2.2500000e+01;1.9458684e-01;2.2500000e+01;1.5983751e-01;2.2500000e+01;1.1888196e-01;2.2500000e+01;7.7093177e-02;2.2500000e+01;3.7537523e-02;2.2500000e+01;-6.1384775e-03;2.2500000e+01;-4.2474987e-03;2.2500000e+01;4.5807017e-03;2.2500000e+01;2.0901324e-02;2.2500000e+01;4.4679336e-02;2.2500000e+01;7.0701003e-02;2.2500000e+01;1.0173568e-01;2.2500000e+01;1.3776456e-01;2.2500000e+01;1.7532545e-01;2.2500000e+01;2.0218208e-01;2.2500000e+01;2.1961865e-01;2.2500000e+01;2.2329636e-01;2.2500000e+01;2.1662475e-01;2.2500000e+01;1.9458684e-01;2.2500000e+01;1.5983751e-01;2.2500000e+01;1.1888196e-01;2.2500000e+01;7.7093177e-02;2.2500000e+01;3.7537523e-02;2.2500000e+01;-6.1384775e-03;2.2500000e+01;-4.2474987e-03;2.2500000e+01;4.5807017e-03;2.2500000e+01;2.0901324e-02;2.2500000e+01;4.4679336e-02;2.2500000e+01;7.0701003e-02;2.2500000e+01;1.0173568e-01;2.2500000e+01;1.3776456e-01;2.2500000e+01;1.7532545e-01;2.2500000e+01;2.0218208e-01;2.2500000e+01;2.1961865e-01;2.2500000e+01;2.2329636e-01;2.2500000e+01;2.1662475e-01;2.2500000e+01;1.9458684e-01;2.2500000e+01;1.5983751e-01;2.2500000e+01;1.1888196e-01;2.2500000e+01;7.7093177e-02;2.2500000e+01;3.7537523e-02;2.2500000e+01;-6.1384775e-03;2.2500000e+01;-4.2474987e-03;2.2500000e+01;4.5807017e-03;2.2500000e+01;2.0901324e-02;2.2500000e+01;4.4679336e-02;2.2500000e+01;7.0701003e-02;2.2500000e+01;1.0173568e-01;2.2500000e+01;1.3776456e-01;2.2500000e+01;1.7532545e-01;2.2500000e+01;2.0218208e-01;2.2500000e+01;2.1961865e-01;2.2500000e+01;2.2329636e-01;2.2500000e+01;2.1662475e-01;2.2500000e+01;1.9458684e-01;2.2500000e+01;1.5983751e-01;2.2500000e+01;1.1888196e-01;2.2500000e+01;7.7093177e-02;2.2500000e+01;3.7537523e-02;2.2500000e+01;-6.1384775e-03;2.2500000e+01;-4.2474987e-03;2.2500000e+01;4.5807017e-03;2.2500000e+01;2.0901324e-02;2.2500000e+01;4.4679336e-02;2.2500000e+01;7.0701003e-02;2.2500000e+01;1.0173568e-01;2.2500000e+01;1.3776456e-01;2.2500000e+01;1.7532545e-01;2.2500000e+01;2.0218208e-01;2.2500000e+01;2.1961865e-01;2.2500000e+01;2.2329636e-01;2.2500000e+01;2.1662475e-01;2.2500000e+01;1.9458684e-01;2.2500000e+01;1.5983751e-01;2.2500000e+01;1.1888196e-01;2.2500000e+01;7.7093177e-02;2.2500000e+01;3.7537523e-02;2.2500000e+01;-6.1384775e-03;2.2500000e+01;-4.2474987e-03;2.2500000e+01;4.5807017e-03;2.2500000e+01;2.0901324e-02;2.2500000e+01;4.4679336e-02;2.2500000e+01;7.0701003e-02;2.2500000e+01;1.0173568e-01;2.2500000e+01;1.3776456e-01;2.2500000e+01;1.7532545e-01;2.2500000e+01;2.0218208e-01;2.2500000e+01;2.1961865e-01;2.2500000e+01;2.2329636e-01;2.2500000e+01;2.1662475e-01;2.2500000e+01;1.9458684e-01;2.2500000e+01;1.5983751e-01;2.2500000e+01;1.1888196e-01;2.2500000e+01;7.7093177e-02;2.2500000e+01;3.7537523e-02;2.2500000e+01;-6.1384775e-03;2.2500000e+01;-4.2474987e-03;2.2500000e+01;4.5807017e-03;2.2500000e+01;2.0901324e-02;2.2500000e+01;4.4679336e-02;2.2500000e+01;7.0701003e-02;2.2500000e+01;1.0173568e-01;2.2500000e+01;1.3776456e-01;2.2500000e+01;1.7532545e-01;2.2500000e+01;2.0218208e-01;2.2500000e+01;2.1961865e-01;2.2500000e+01;2.2329636e-01;2.2500000e+01;2.1662475e-01;2.2500000e+01;1.9458684e-01;2.2500000e+01;1.5983751e-01;2.2500000e+01;1.1888196e-01;2.2500000e+01;7.7093177e-02;2.2500000e+01;3.7537523e-02;2.2500000e+01;-6.1384775e-03;2.2500000e+01;-4.2474987e-03;2.2500000e+01;4.5807017e-03;2.2500000e+01;2.0901324e-02;2.2500000e+01;4.4679336e-02;2.2500000e+01;7.0701003e-02;2.2500000e+01;1.0173568e-01;2.2500000e+01;1.3776456e-01;2.2500000e+01;1.7532545e-01;2.2500000e+01;2.0218208e-01;2.2500000e+01;2.1961865e-01;2.2500000e+01;2.2329636e-01;2.2500000e+01;2.1662475e-01;2.2500000e+01;1.9458684e-01;2.2500000e+01;1.5983751e-01;2.2500000e+01;1.1888196e-01;2.2500000e+01;7.7093177e-02;2.2500000e+01;3.7537523e-02;2.2500000e+01;-6.1384775e-03;2.2500000e+01;-4.2474987e-03;2.2500000e+01;4.5807017e-03;2.2500000e+01;2.0901324e-02;2.2500000e+01;4.4679336e-02;2.2500000e+01;7.0701003e-02;2.2500000e+01;1.0173568e-01;2.2500000e+01;1.3776456e-01;2.2500000e+01;1.7532545e-01;2.2500000e+01;2.0218208e-01;2.2500000e+01;2.1961865e-01;2.2500000e+01;2.2329636e-01;2.2500000e+01;2.1662475e-01;2.2500000e+01;1.9458684e-01;2.2500000e+01;1.5983751e-01;2.2500000e+01;1.1888196e-01;2.2500000e+01;7.7093177e-02;2.2500000e+01;3.7537523e-02;2.2500000e+01;-6.1384775e-03;2.2500000e+01;-4.2474987e-03;2.2500000e+01;4.5807017e-03;2.2500000e+01;2.0901324e-02;2.2500000e+01;4.4679336e-02;2.2500000e+01;7.0701003e-02;2.2500000e+01;1.0173568e-01;2.2500000e+01;1.3776456e-01;2.2500000e+01;1.7532545e-01;2.2500000e+01;2.0218208e-01;2.2500000e+01;2.1961865e-01;2.2500000e+01;2.2329636e-01;2.2500000e+01;2.1662475e-01;2.2500000e+01;1.9458684e-01;2.2500000e+01;1.5983751e-01;2.2500000e+01;1.1888196e-01;2.2500000e+01;7.7093177e-02;2.2500000e+01;3.7537523e-02;2.2500000e+01;-6.1384775e-03;2.2500000e+01;-4.2474987e-03;2.2500000e+01;4.5807017e-03;2.2500000e+01;2.0901324e-02;2.2500000e+01;4.4679336e-02;2.2500000e+01;7.0701003e-02;2.2500000e+01;1.0173568e-01;2.2500000e+01;1.3776456e-01;2.2500000e+01;1.7532545e-01;2.2500000e+01;2.0218208e-01;2.2500000e+01;2.1961865e-01;2.2500000e+01;2.2329636e-01;2.2500000e+01;2.1662475e-01;2.2500000e+01;1.9458684e-01;2.2500000e+01;1.5983751e-01;2.2500000e+01;1.1888196e-01;2.2500000e+01;7.7093177e-02;2.2500000e+01;3.7537523e-02;2.2500000e+01;-6.1384775e-03;2.2500000e+01;-4.2474987e-03;2.2500000e+01;4.5807017e-03;2.2500000e+01;2.0901324e-02;2.2500000e+01;4.4679336e-02;2.2500000e+01;7.0701003e-02;2.2500000e+01;1.0173568e-01;2.2500000e+01;1.3776456e-01;2.2500000e+01;1.7532545e-01;2.2500000e+01;2.0218208e-01;2.2500000e+01;2.1961865e-01;2.2500000e+01;2.2329636e-01;2.2500000e+01;2.1662475e-01;2.2500000e+01;1.9458684e-01;2.2500000e+01;1.5983751e-01;2.2500000e+01;1.1888196e-01;2.2500000e+01;7.7093177e-02;2.2500000e+01;3.7537523e-02;2.2500000e+01;-6.1384775e-03;2.2500000e+01;-4.2474987e-03;2.2500000e+01;4.5807017e-03;2.2500000e+01;2.0901324e-02;2.2500000e+01;4.4679336e-02;2.2500000e+01;7.0701003e-02;2.2500000e+01;1.0173568e-01;2.2500000e+01;1.3776456e-01;2.2500000e+01;1.7532545e-01;2.2500000e+01;2.0218208e-01;2.2500000e+01;2.1961865e-01;2.2500000e+01;2.2329636e-01;2.2500000e+01;2.1662475e-01;2.2500000e+01;1.9458684e-01;2.2500000e+01;1.5983751e-01;2.2500000e+01;1.1888196e-01;2.2500000e+01;7.7093177e-02;2.2500000e+01;3.7537523e-02;2.2500000e+01;-6.1384775e-03;2.2500000e+01;-4.2474987e-03;2.2500000e+01;4.5807017e-03;2.2500000e+01;2.0901324e-02;2.2500000e+01;4.4679336e-02;2.2500000e+01;7.0701003e-02;2.2500000e+01;1.0173568e-01;2.2500000e+01;1.3776456e-01;2.2500000e+01;1.7532545e-01;2.2500000e+01;2.0218208e-01;2.2500000e+01;2.1961865e-01;2.2500000e+01;2.2329636e-01;2.2500000e+01;2.1662475e-01;2.2500000e+01;1.9458684e-01;2.2500000e+01;1.5983751e-01;2.2500000e+01;1.1888196e-01;2.2500000e+01;7.7093177e-02;2.2500000e+01;3.7537523e-02;2.2500000e+01;-6.1384775e-03;2.2500000e+01;-4.2474987e-03;2.2500000e+01;4.5807017e-03;2.2500000e+01;2.0901324e-02;2.2500000e+01;4.4679336e-02;2.2500000e+01;7.0701003e-02;2.2500000e+01;1.0173568e-01;2.2500000e+01;1.3776456e-01;2.2500000e+01;1.7532545e-01;2.2500000e+01;2.0218208e-01;2.2500000e+01;2.1961865e-01;2.2500000e+01;2.2329636e-01;2.2500000e+01;2.1662475e-01;2.2500000e+01;1.9458684e-01;2.2500000e+01;1.5983751e-01;2.2500000e+01;1.1888196e-01;2.2500000e+01;7.7093177e-02;2.2500000e+01;3.7537523e-02;2.2500000e+01;-6.1384775e-03;2.2500000e+01;-4.2474987e-03;2.2500000e+01;4.5807017e-03;2.2500000e+01;2.0901324e-02;2.2500000e+01;4.4679336e-02;2.2500000e+01;7.0701003e-02;2.2500000e+01;1.0173568e-01;2.2500000e+01;1.3776456e-01;2.2500000e+01;1.7532545e-01;2.2500000e+01;2.0218208e-01;2.2500000e+01;2.1961865e-01;2.2500000e+01;2.2329636e-01;2.2500000e+01;2.1662475e-01;2.2500000e+01;1.9458684e-01;2.2500000e+01;1.5983751e-01;2.2500000e+01;1.1888196e-01;2.2500000e+01;7.7093177e-02;2.2500000e+01;3.7537523e-02;2.2500000e+01;-6.1384775e-03;2.2500000e+01;-4.2474987e-03;2.2500000e+01;4.5807017e-03;2.2500000e+01;2.0901324e-02;2.2500000e+01;4.4679336e-02;2.2500000e+01;7.0701003e-02;2.2500000e+01;1.0173568e-01;2.2500000e+01;1.3776456e-01;2.2500000e+01;1.7532545e-01;2.2500000e+01;2.0218208e-01;2.2500000e+01;2.1961865e-01;2.2500000e+01;2.2329636e-01;2.2500000e+01;2.1662475e-01;2.2500000e+01;1.9458684e-01;2.2500000e+01;1.5983751e-01;2.2500000e+01;1.1888196e-01;2.2500000e+01;7.7093177e-02;2.2500000e+01;3.7537523e-02;2.2500000e+01;-6.1384775e-03;2.2500000e+01;-4.2474987e-03;2.2500000e+01;4.5807017e-03;2.2500000e+01;2.0901324e-02;2.2500000e+01;4.4679336e-02;2.2500000e+01;7.0701003e-02;2.2500000e+01;1.0173568e-01;2.2500000e+01;1.3776456e-01;2.2500000e+01;1.7532545e-01;2.2500000e+01;2.0218208e-01;2.2500000e+01;2.1961865e-01;2.2500000e+01;2.2329636e-01;2.2500000e+01;2.1662475e-01;2.2500000e+01;1.9458684e-01;2.2500000e+01;1.5983751e-01;2.2500000e+01;1.1888196e-01;2.2500000e+01;7.7093177e-02;2.2500000e+01;3.7537523e-02;2.2500000e+01;-6.1384775e-03;2.2500000e+01;-4.2474987e-03;2.2500000e+01;4.5807017e-03;2.2500000e+01;2.0901324e-02;2.2500000e+01;4.4679336e-02;2.2500000e+01;7.0701003e-02;2.2500000e+01;1.0173568e-01;2.2500000e+01;1.3776456e-01;2.2500000e+01;1.7532545e-01;2.2500000e+01;2.0218208e-01;2.2500000e+01;2.1961865e-01;2.2500000e+01;2.2329636e-01;2.2500000e+01;2.1662475e-01;2.2500000e+01;1.9458684e-01;2.2500000e+01;1.5983751e-01;2.2500000e+01;1.1888196e-01;2.2500000e+01;7.7093177e-02;2.2500000e+01;3.7537523e-02;2.2500000e+01;-6.1384775e-03;2.2500000e+01;-4.2474987e-03;2.2500000e+01;4.5807017e-03;2.2500000e+01;2.0901324e-02;2.2500000e+01;4.4679336e-02;2.2500000e+01;7.0701003e-02;2.2500000e+01;1.0173568e-01;2.2500000e+01;1.3776456e-01;2.2500000e+01;1.7532545e-01;2.2500000e+01;2.0218208e-01;2.2500000e+01;2.1961865e-01;2.2500000e+01;2.2329636e-01;2.2500000e+01;2.1662475e-01;2.2500000e+01;1.9458684e-01;2.2500000e+01;1.5983751e-01;2.2500000e+01;1.1888196e-01;2.2500000e+01;7.7093177e-02;2.2500000e+01;3.7537523e-02;2.2500000e+01;-6.1384775e-03;2.2500000e+01;-4.2474987e-03;2.2500000e+01;4.5807017e-03;2.2500000e+01;2.0901324e-02;2.2500000e+01;4.4679336e-02;2.2500000e+01;7.0701003e-02;2.2500000e+01;1.0173568e-01;2.2500000e+01;1.3776456e-01;2.2500000e+01;1.7532545e-01;2.2500000e+01;2.0218208e-01;2.2500000e+01;2.1961865e-01;2.2500000e+01;2.2329636e-01;2.2500000e+01;2.1662475e-01;2.2500000e+01;1.9458684e-01;2.2500000e+01;1.5983751e-01;2.2500000e+01;1.1888196e-01;2.2500000e+01;7.7093177e-02;2.2500000e+01;3.7537523e-02;2.2500000e+01;-6.1384775e-03;2.2500000e+01;-4.2474987e-03;2.2500000e+01;4.5807017e-03;2.2500000e+01;2.0901324e-02;2.2500000e+01;4.4679336e-02;2.2500000e+01;7.0701003e-02;2.2500000e+01;1.0173568e-01;2.2500000e+01;1.3776456e-01;2.2500000e+01;1.7532545e-01;2.2500000e+01;2.0218208e-01;2.2500000e+01;2.1961865e-01;2.2500000e+01;2.2329636e-01;2.2500000e+01;2.1662475e-01;2.2500000e+01;1.9458684e-01;2.2500000e+01;1.5983751e-01;2.2500000e+01;1.1888196e-01;2.2500000e+01;7.7093177e-02;2.2500000e+01;3.7537523e-02;2.2500000e+01;-6.1384775e-03;2.2500000e+01;-4.2474987e-03;2.2500000e+01;4.5807017e-03;2.2500000e+01;2.0901324e-02;2.2500000e+01;4.4679336e-02;2.2500000e+01;7.0701003e-02;2.2500000e+01;1.0173568e-01;2.2500000e+01;1.3776456e-01;2.2500000e+01;1.7532545e-01;2.2500000e+01;2.0218208e-01;2.2500000e+01;2.1961865e-01;2.2500000e+01;2.2329636e-01;2.2500000e+01;2.1662475e-01;2.2500000e+01;1.9458684e-01;2.2500000e+01;1.5983751e-01;2.2500000e+01;1.1888196e-01;2.2500000e+01;7.7093177e-02;2.2500000e+01;3.7537523e-02;2.2500000e+01;-6.1384775e-03;2.2500000e+01;-4.2474987e-03;2.2500000e+01;4.5807017e-03;2.2500000e+01;2.0901324e-02;2.2500000e+01;4.4679336e-02;2.2500000e+01;7.0701003e-02;2.2500000e+01;1.0173568e-01;2.2500000e+01;1.3776456e-01;2.2500000e+01;1.7532545e-01;2.2500000e+01;2.0218208e-01;2.2500000e+01;2.1961865e-01;2.2500000e+01;2.2329636e-01;2.2500000e+01;2.1662475e-01;2.2500000e+01;1.9458684e-01;2.2500000e+01;1.5983751e-01;2.2500000e+01;1.1888196e-01;2.2500000e+01;7.7093177e-02;2.2500000e+01;3.7537523e-02;2.2500000e+01;-6.1384775e-03;2.2500000e+01;-4.2474987e-03;2.2500000e+01;4.5807017e-03;2.2500000e+01;2.0901324e-02;2.2500000e+01;4.4679336e-02;2.2500000e+01;7.0701003e-02;2.2500000e+01;1.0173568e-01;2.2500000e+01;1.3776456e-01;2.2500000e+01;1.7532545e-01;2.2500000e+01;2.0218208e-01;2.2500000e+01;2.1961865e-01;2.2500000e+01;2.2329636e-01;2.2500000e+01;2.1662475e-01;2.2500000e+01;1.9458684e-01;2.2500000e+01;1.5983751e-01;2.2500000e+01;1.1888196e-01;2.2500000e+01;7.7093177e-02;2.2500000e+01;3.7537523e-02;2.2500000e+01;-6.1384775e-03;2.2500000e+01;-4.2474987e-03;2.2500000e+01;4.5807017e-03;2.2500000e+01;2.0901324e-02;2.2500000e+01;4.4679336e-02;2.2500000e+01;7.0701003e-02;2.2500000e+01;1.0173568e-01;2.2500000e+01;1.3776456e-01;2.2500000e+01;1.7532545e-01;2.2500000e+01;2.0218208e-01;2.2500000e+01;2.1961865e-01;2.2500000e+01;2.2329636e-01;2.2500000e+01;2.1662475e-01;2.2500000e+01;1.9458684e-01;2.2500000e+01;1.5983751e-01;2.2500000e+01;1.1888196e-01;2.2500000e+01;7.7093177e-02;2.2500000e+01;3.7537523e-02;2.2500000e+01;-6.1384775e-03;2.2500000e+01;-4.2474987e-03;2.2500000e+01;4.5807017e-03;2.2500000e+01;2.0901324e-02;2.2500000e+01;4.4679336e-02;2.2500000e+01;7.0701003e-02;2.2500000e+01;1.0173568e-01;2.2500000e+01;1.3776456e-01;2.2500000e+01;1.7532545e-01;2.2500000e+01;2.0218208e-01;2.2500000e+01;2.1961865e-01;2.2500000e+01;2.2329636e-01;2.2500000e+01;2.1662475e-01;2.2500000e+01;1.9458684e-01;2.2500000e+01;1.5983751e-01;2.2500000e+01;1.1888196e-01;2.2500000e+01;7.7093177e-02;2.2500000e+01;3.7537523e-02;2.2500000e+01;-6.1384775e-03;2.2500000e+01;-4.2474987e-03;2.2500000e+01;4.5807017e-03;2.2500000e+01;2.0901324e-02;2.2500000e+01;4.4679336e-02;2.2500000e+01;7.0701003e-02;2.2500000e+01;1.0173568e-01;2.2500000e+01;1.3776456e-01;2.2500000e+01;1.7532545e-01;2.2500000e+01;2.0218208e-01;2.2500000e+01;2.1961865e-01;2.2500000e+01;2.2329636e-01;2.2500000e+01;2.1662475e-01;2.2500000e+01;1.9458684e-01;2.2500000e+01;1.5983751e-01;2.2500000e+01;1.1888196e-01;2.2500000e+01;7.7093177e-02;2.2500000e+01;3.7537523e-02;2.2500000e+01;-6.1384775e-03;2.2500000e+01;-4.2474987e-03;2.2500000e+01;4.5807017e-03;2.2500000e+01;2.0901324e-02;2.2500000e+01;4.4679336e-02;2.2500000e+01;7.0701003e-02;2.2500000e+01;1.0173568e-01;2.2500000e+01;1.3776456e-01;2.2500000e+01;1.7532545e-01;2.2500000e+01;2.0218208e-01;2.2500000e+01;2.1961865e-01;2.2500000e+01;2.2329636e-01;2.2500000e+01;2.1662475e-01;2.2500000e+01;1.9458684e-01;2.2500000e+01;1.5983751e-01;2.2500000e+01;1.1888196e-01;2.2500000e+01;7.7093177e-02;2.2500000e+01;3.7537523e-02;2.2500000e+01;-6.1384775e-03;2.2500000e+01;-4.2474987e-03;2.2500000e+01;4.5807017e-03;2.2500000e+01;2.0901324e-02;2.2500000e+01;4.4679336e-02;2.2500000e+01;7.0701003e-02;2.2500000e+01;1.0173568e-01;2.2500000e+01;1.3776456e-01;2.2500000e+01;1.7532545e-01;2.2500000e+01;2.0218208e-01;2.2500000e+01;2.1961865e-01;2.2500000e+01;2.2329636e-01;2.2500000e+01;2.1662475e-01;2.2500000e+01;1.9458684e-01;2.2500000e+01;1.5983751e-01;2.2500000e+01;1.1888196e-01;2.2500000e+01;7.7093177e-02;2.2500000e+01;3.7537523e-02;2.2500000e+01;-6.1384775e-03;2.2500000e+01;-4.2474987e-03;2.2500000e+01;4.5807017e-03;2.2500000e+01;2.0901324e-02;2.2500000e+01;4.4679336e-02;2.2500000e+01;7.0701003e-02;2.2500000e+01;1.0173568e-01;2.2500000e+01;1.3776456e-01;2.2500000e+01;1.7532545e-01;2.2500000e+01;2.0218208e-01;2.2500000e+01;2.1961865e-01;2.2500000e+01;2.2329636e-01;2.2500000e+01;2.1662475e-01;2.2500000e+01;1.9458684e-01;2.2500000e+01;1.5983751e-01;2.2500000e+01;1.1888196e-01;2.2500000e+01;7.7093177e-02;2.2500000e+01;3.7537523e-02;2.2500000e+01;-6.1384775e-03;2.2500000e+01;-4.2474987e-03;2.2500000e+01;4.5807017e-03;2.2500000e+01;2.0901324e-02;2.2500000e+01;4.4679336e-02;2.2500000e+01;7.0701003e-02;2.2500000e+01;1.0173568e-01;2.2500000e+01;1.3776456e-01;2.2500000e+01;1.7532545e-01;2.2500000e+01;2.0218208e-01;2.2500000e+01;2.1961865e-01;2.2500000e+01;2.2329636e-01;2.2500000e+01;2.1662475e-01;2.2500000e+01;1.9458684e-01;2.2500000e+01;1.5983751e-01;2.2500000e+01;1.1888196e-01;2.2500000e+01;7.7093177e-02;2.2500000e+01;3.7537523e-02;2.2500000e+01;-6.1384775e-03;2.2500000e+01;-4.2474987e-03;2.2500000e+01;4.5807017e-03;2.2500000e+01;2.0901324e-02;2.2500000e+01;4.4679336e-02;2.2500000e+01;7.0701003e-02;2.2500000e+01;1.0173568e-01;2.2500000e+01;1.3776456e-01;2.2500000e+01;1.7532545e-01;2.2500000e+01;2.0218208e-01;2.2500000e+01;2.1961865e-01;2.2500000e+01;2.2329636e-01;2.2500000e+01;2.1662475e-01;2.2500000e+01;1.9458684e-01;2.2500000e+01;1.5983751e-01;2.2500000e+01;1.1888196e-01;2.2500000e+01;7.7093177e-02;2.2500000e+01;3.7537523e-02;2.2500000e+01;-6.1384775e-03;2.2500000e+01;-4.2474987e-03;2.2500000e+01;4.5807017e-03;2.2500000e+01;2.0901324e-02;2.2500000e+01;4.4679336e-02;2.2500000e+01;7.0701003e-02;2.2500000e+01;1.0173568e-01;2.2500000e+01;1.3776456e-01;2.2500000e+01;1.7532545e-01;2.2500000e+01;2.0218208e-01;2.2500000e+01;2.1961865e-01;2.2500000e+01;2.2329636e-01;2.2500000e+01;2.1662475e-01;2.2500000e+01;1.9458684e-01;2.2500000e+01;1.5983751e-01;2.2500000e+01;1.1888196e-01;2.2500000e+01;7.7093177e-02;2.2500000e+01;3.7537523e-02;2.2500000e+01;-6.1384775e-03;2.2500000e+01;-4.2474987e-03;2.2500000e+01;4.5807017e-03;2.2500000e+01;2.0901324e-02;2.2500000e+01;4.4679336e-02;2.2500000e+01;7.0701003e-02;2.2500000e+01;1.0173568e-01;2.2500000e+01;1.3776456e-01;2.2500000e+01;1.7532545e-01;2.2500000e+01;2.0218208e-01;2.2500000e+01;2.1961865e-01;2.2500000e+01;2.2329636e-01;2.2500000e+01;2.1662475e-01;2.2500000e+01;1.9458684e-01;2.2500000e+01;1.5983751e-01;2.2500000e+01;1.1888196e-01;2.2500000e+01;7.7093177e-02;2.2500000e+01;3.7537523e-02;2.2500000e+01;-6.1384775e-03;2.2500000e+01;-4.2474987e-03;2.2500000e+01;4.5807017e-03;2.2500000e+01;2.0901324e-02;2.2500000e+01;4.4679336e-02;2.2500000e+01;7.0701003e-02;2.2500000e+01;1.0173568e-01;2.2500000e+01;1.3776456e-01;2.2500000e+01;1.7532545e-01;2.2500000e+01;2.0218208e-01;2.2500000e+01;2.1961865e-01;2.2500000e+01;2.2329636e-01;2.2500000e+01;2.1662475e-01;2.2500000e+01;1.9458684e-01;2.2500000e+01;1.5983751e-01;2.2500000e+01;1.1888196e-01;2.2500000e+01;7.7093177e-02;2.2500000e+01;3.7537523e-02;2.2500000e+01;-6.1384775e-03;2.2500000e+01;-4.2474987e-03;2.2500000e+01;4.5807017e-03;2.2500000e+01;2.0901324e-02;2.2500000e+01;4.4679336e-02;2.2500000e+01;7.0701003e-02;2.2500000e+01;1.0173568e-01;2.2500000e+01;1.3776456e-01;2.2500000e+01;1.7532545e-01;2.2500000e+01;2.0218208e-01;2.2500000e+01;2.1961865e-01;2.2500000e+01;2.2329636e-01;2.2500000e+01;2.1662475e-01;2.2500000e+01;1.9458684e-01;2.2500000e+01;1.5983751e-01;2.2500000e+01;1.1888196e-01;2.2500000e+01;7.7093177e-02;2.2500000e+01;3.7537523e-02;2.2500000e+01;-6.1384775e-03;2.2500000e+01;-4.2474987e-03;2.2500000e+01;4.5807017e-03;2.2500000e+01;2.0901324e-02;2.2500000e+01;4.4679336e-02;2.2500000e+01;7.0701003e-02;2.2500000e+01;1.0173568e-01;2.2500000e+01;1.3776456e-01;2.2500000e+01;1.7532545e-01;2.2500000e+01;2.0218208e-01;2.2500000e+01;2.1961865e-01;2.2500000e+01;2.2329636e-01;2.2500000e+01;2.1662475e-01;2.2500000e+01;1.9458684e-01;2.2500000e+01;1.5983751e-01;2.2500000e+01;1.1888196e-01;2.2500000e+01;7.7093177e-02;2.2500000e+01;3.7537523e-02;2.2500000e+01;-6.1384775e-03;2.2500000e+01;-4.2474987e-03;2.2500000e+01;4.5807017e-03;2.2500000e+01;2.0901324e-02;2.2500000e+01;4.4679336e-02;2.2500000e+01;7.0701003e-02;2.2500000e+01;1.0173568e-01;2.2500000e+01;1.3776456e-01;2.2500000e+01;1.7532545e-01;2.2500000e+01;2.0218208e-01;2.2500000e+01;2.1961865e-01;2.2500000e+01;2.2329636e-01;2.2500000e+01;2.1662475e-01;2.2500000e+01;1.9458684e-01;2.2500000e+01;1.5983751e-01;2.2500000e+01;1.1888196e-01;2.2500000e+01;7.7093177e-02;2.2500000e+01;3.7537523e-02;2.2500000e+01;-6.1384775e-03;2.2500000e+01;-4.2474987e-03;2.2500000e+01;4.5807017e-03;2.2500000e+01;2.0901324e-02;2.2500000e+01;4.4679336e-02;2.2500000e+01;7.0701003e-02;2.2500000e+01;1.0173568e-01;2.2500000e+01;1.3776456e-01;2.2500000e+01;1.7532545e-01;2.2500000e+01;2.0218208e-01;2.2500000e+01;2.1961865e-01;2.2500000e+01;2.2329636e-01;2.2500000e+01;2.1662475e-01;2.2500000e+01;1.9458684e-01;2.2500000e+01;1.5983751e-01;2.2500000e+01;1.1888196e-01;2.2500000e+01;7.7093177e-02;2.2500000e+01;3.7537523e-02;2.2500000e+01;-6.1384775e-03;2.2500000e+01;-4.2474987e-03;2.2500000e+01;4.5807017e-03;2.2500000e+01;2.0901324e-02;2.2500000e+01;4.4679336e-02;2.2500000e+01;7.0701003e-02;2.2500000e+01;1.0173568e-01;2.2500000e+01;1.3776456e-01;2.2500000e+01;1.7532545e-01;2.2500000e+01;2.0218208e-01;2.2500000e+01;2.1961865e-01;2.2500000e+01;2.2329636e-01;2.2500000e+01;2.1662475e-01;2.2500000e+01;1.9458684e-01;2.2500000e+01;1.5983751e-01;2.2500000e+01;1.1888196e-01;2.2500000e+01;7.7093177e-02;2.2500000e+01;3.7537523e-02;2.2500000e+01;-6.1384775e-03;2.2500000e+01;-4.2474987e-03;2.2500000e+01;4.5807017e-03;2.2500000e+01;2.0901324e-02;2.2500000e+01;4.4679336e-02;2.2500000e+01;7.0701003e-02;2.2500000e+01;1.0173568e-01;2.2500000e+01;1.3776456e-01;2.2500000e+01;1.7532545e-01;2.2500000e+01;2.0218208e-01;2.2500000e+01;2.1961865e-01;2.2500000e+01;2.2329636e-01;2.2500000e+01;2.1662475e-01;2.2500000e+01;1.9458684e-01;2.2500000e+01;1.5983751e-01;2.2500000e+01;1.1888196e-01;2.2500000e+01;7.7093177e-02;2.2500000e+01;3.7537523e-02;2.2500000e+01;-6.1384775e-03;2.2500000e+01;-4.2474987e-03;2.2500000e+01;4.5807017e-03;2.2500000e+01;2.0901324e-02;2.2500000e+01;4.4679336e-02;2.2500000e+01;7.0701003e-02;2.2500000e+01;1.0173568e-01;2.2500000e+01;1.3776456e-01;2.2500000e+01;1.7532545e-01;2.2500000e+01;2.0218208e-01;2.2500000e+01;2.1961865e-01;2.2500000e+01;2.2329636e-01;2.2500000e+01;2.1662475e-01;2.2500000e+01;1.9458684e-01;2.2500000e+01;1.5983751e-01;2.2500000e+01;1.1888196e-01;2.2500000e+01;7.7093177e-02;2.2500000e+01;3.7537523e-02;2.2500000e+01;-6.1384775e-03;2.2500000e+01;-4.2474987e-03;2.2500000e+01;4.5807017e-03;2.2500000e+01;2.0901324e-02;2.2500000e+01;4.4679336e-02;2.2500000e+01;7.0701003e-02;2.2500000e+01;1.0173568e-01;2.2500000e+01;1.3776456e-01;2.2500000e+01;1.7532545e-01;2.2500000e+01;2.0218208e-01;2.2500000e+01;2.1961865e-01;2.2500000e+01;2.2329636e-01;2.2500000e+01;2.1662475e-01;2.2500000e+01;1.9458684e-01;2.2500000e+01;1.5983751e-01;2.2500000e+01;1.1888196e-01;2.2500000e+01;7.7093177e-02;2.2500000e+01;3.7537523e-02;2.2500000e+01;-6.1384775e-03;2.2500000e+01;-4.2474987e-03;2.2500000e+01;4.5807017e-03;2.2500000e+01;2.0901324e-02;2.2500000e+01;4.4679336e-02;2.2500000e+01;7.0701003e-02;2.2500000e+01;1.0173568e-01;2.2500000e+01;1.3776456e-01;2.2500000e+01;1.7532545e-01;2.2500000e+01;2.0218208e-01;2.2500000e+01;2.1961865e-01;2.2500000e+01;2.2329636e-01;2.2500000e+01;2.1662475e-01;2.2500000e+01;1.9458684e-01;2.2500000e+01;1.5983751e-01;2.2500000e+01;1.1888196e-01;2.2500000e+01;7.7093177e-02;2.2500000e+01;3.7537523e-02;2.2500000e+01;-6.1384775e-03;2.2500000e+01;-4.2474987e-03;2.2500000e+01;4.5807017e-03;2.2500000e+01;2.0901324e-02;2.2500000e+01;4.4679336e-02;2.2500000e+01;7.0701003e-02;2.2500000e+01;1.0173568e-01;2.2500000e+01;1.3776456e-01;2.2500000e+01;1.7532545e-01;2.2500000e+01;2.0218208e-01;2.2500000e+01;2.1961865e-01;2.2500000e+01;2.2329636e-01;2.2500000e+01;2.1662475e-01;2.2500000e+01;1.9458684e-01;2.2500000e+01;1.5983751e-01;2.2500000e+01;1.1888196e-01;2.2500000e+01;7.7093177e-02;2.2500000e+01;3.7537523e-02;2.2500000e+01;-6.1384775e-03;2.2500000e+01;-4.2474987e-03;2.2500000e+01;4.5807017e-03;2.2500000e+01;2.0901324e-02;2.2500000e+01;4.4679336e-02;2.2500000e+01;7.0701003e-02;2.2500000e+01;1.0173568e-01;2.2500000e+01;1.3776456e-01;2.2500000e+01;1.7532545e-01;2.2500000e+01;2.0218208e-01;2.2500000e+01;2.1961865e-01;2.2500000e+01;2.2329636e-01;2.2500000e+01;2.1662475e-01;2.2500000e+01;1.9458684e-01;2.2500000e+01;1.5983751e-01;2.2500000e+01;1.1888196e-01;2.2500000e+01;7.7093177e-02;2.2500000e+01;3.7537523e-02;2.2500000e+01;-6.1384775e-03;2.2500000e+01;-4.2474987e-03;2.2500000e+01;4.5807017e-03;2.2500000e+01;2.0901324e-02;2.2500000e+01;4.4679336e-02;2.2500000e+01;7.0701003e-02;2.2500000e+01;1.0173568e-01;2.2500000e+01;1.3776456e-01;2.2500000e+01;1.7532545e-01;2.2500000e+01;2.0218208e-01;2.2500000e+01;2.1961865e-01;2.2500000e+01;2.2329636e-01;2.2500000e+01;2.1662475e-01;2.2500000e+01;1.9458684e-01;2.2500000e+01;1.5983751e-01;2.2500000e+01;1.1888196e-01;2.2500000e+01;7.7093177e-02;2.2500000e+01;3.7537523e-02;2.2500000e+01;-6.1384775e-03;2.2500000e+01;-4.2474987e-03;2.2500000e+01;4.5807017e-03;2.2500000e+01;2.0901324e-02;2.2500000e+01;4.4679336e-02;2.2500000e+01;7.0701003e-02;2.2500000e+01;1.0173568e-01;2.2500000e+01;1.3776456e-01;2.2500000e+01;1.7532545e-01;2.2500000e+01;2.0218208e-01;2.2500000e+01;2.1961865e-01;2.2500000e+01;2.2329636e-01;2.2500000e+01;2.1662475e-01;2.2500000e+01;1.9458684e-01;2.2500000e+01;1.5983751e-01;2.2500000e+01;1.1888196e-01;2.2500000e+01;7.7093177e-02;2.2500000e+01;3.7537523e-02;2.2500000e+01;-6.1384775e-03;2.2500000e+01;-4.2474987e-03;2.2500000e+01;4.5807017e-03;2.2500000e+01;2.0901324e-02;2.2500000e+01;4.4679336e-02;2.2500000e+01;7.0701003e-02;2.2500000e+01;1.0173568e-01;2.2500000e+01;1.3776456e-01;2.2500000e+01;1.7532545e-01;2.2500000e+01;2.0218208e-01;2.2500000e+01;2.1961865e-01;2.2500000e+01;2.2329636e-01;2.2500000e+01;2.1662475e-01;2.2500000e+01;1.9458684e-01;2.2500000e+01;1.5983751e-01;2.2500000e+01;1.1888196e-01;2.2500000e+01;7.7093177e-02;2.2500000e+01;3.7537523e-02;2.2500000e+01;-6.1384775e-03;2.2500000e+01;-4.2474987e-03;2.2500000e+01;4.5807017e-03;2.2500000e+01;2.0901324e-02;2.2500000e+01;4.4679336e-02;2.2500000e+01;7.0701003e-02;2.2500000e+01;1.0173568e-01;2.2500000e+01;1.3776456e-01;2.2500000e+01;1.7532545e-01;2.2500000e+01;2.0218208e-01;2.2500000e+01;2.1961865e-01;2.2500000e+01;2.2329636e-01;2.2500000e+01;2.1662475e-01;2.2500000e+01;1.9458684e-01;2.2500000e+01;1.5983751e-01;2.2500000e+01;1.1888196e-01;2.2500000e+01;7.7093177e-02;2.2500000e+01;3.7537523e-02;2.2500000e+01;-6.1384775e-03;2.2500000e+01;-4.2474987e-03;2.2500000e+01;4.5807017e-03;2.2500000e+01;2.0901324e-02;2.2500000e+01;4.4679336e-02;2.2500000e+01;7.0701003e-02;2.2500000e+01;1.0173568e-01;2.2500000e+01;1.3776456e-01;2.2500000e+01;1.7532545e-01;2.2500000e+01;2.0218208e-01;2.2500000e+01;2.1961865e-01;2.2500000e+01;2.2329636e-01;2.2500000e+01;2.1662475e-01;2.2500000e+01;1.9458684e-01;2.2500000e+01;1.5983751e-01;2.2500000e+01;1.1888196e-01;2.2500000e+01;7.7093177e-02;2.2500000e+01;3.7537523e-02;2.2500000e+01;-6.1384775e-03;2.2500000e+01;-4.2474987e-03;2.2500000e+01;4.5807017e-03;2.2500000e+01;2.0901324e-02;2.2500000e+01;4.4679336e-02;2.2500000e+01;7.0701003e-02;2.2500000e+01;1.0173568e-01;2.2500000e+01;1.3776456e-01;2.2500000e+01;1.7532545e-01;2.2500000e+01;2.0218208e-01;2.2500000e+01;2.1961865e-01;2.2500000e+01;2.2329636e-01;2.2500000e+01;2.1662475e-01;2.2500000e+01;1.9458684e-01;2.2500000e+01;1.5983751e-01;2.2500000e+01;1.1888196e-01;2.2500000e+01;7.7093177e-02;2.2500000e+01;3.7537523e-02;2.2500000e+01;-6.1384775e-03;2.2500000e+01;-4.2474987e-03;2.2500000e+01;4.5807017e-03;2.2500000e+01;2.0901324e-02;2.2500000e+01;4.4679336e-02;2.2500000e+01;7.0701003e-02;2.2500000e+01;1.0173568e-01;2.2500000e+01;1.3776456e-01;2.2500000e+01;1.7532545e-01;2.2500000e+01;2.0218208e-01;2.2500000e+01;2.1961865e-01;2.2500000e+01;2.2329636e-01;2.2500000e+01;2.1662475e-01;2.2500000e+01;1.9458684e-01;2.2500000e+01;1.5983751e-01;2.2500000e+01;1.1888196e-01;2.2500000e+01;7.7093177e-02;2.2500000e+01;3.7537523e-02;2.2500000e+01;-6.1384775e-03;2.2500000e+01;-4.2474987e-03;2.2500000e+01;4.5807017e-03;2.2500000e+01;2.0901324e-02;2.2500000e+01;4.4679336e-02;2.2500000e+01;7.0701003e-02;2.2500000e+01;1.0173568e-01;2.2500000e+01;1.3776456e-01;2.2500000e+01;1.7532545e-01;2.2500000e+01;2.0218208e-01;2.2500000e+01;2.1961865e-01;2.2500000e+01;2.2329636e-01;2.2500000e+01;2.1662475e-01;2.2500000e+01;1.9458684e-01;2.2500000e+01;1.5983751e-01;2.2500000e+01;1.1888196e-01;2.2500000e+01;7.7093177e-02;2.2500000e+01;3.7537523e-02;2.2500000e+01;-6.1384775e-03;2.2500000e+01;-4.2474987e-03;2.2500000e+01;4.5807017e-03;2.2500000e+01;2.0901324e-02;2.2500000e+01;4.4679336e-02;2.2500000e+01;7.0701003e-02;2.2500000e+01;1.0173568e-01;2.2500000e+01;1.3776456e-01;2.2500000e+01;1.7532545e-01;2.2500000e+01;2.0218208e-01;2.2500000e+01;2.1961865e-01;2.2500000e+01;2.2329636e-01;2.2500000e+01;2.1662475e-01;2.2500000e+01;1.9458684e-01;2.2500000e+01;1.5983751e-01;2.2500000e+01;1.1888196e-01;2.2500000e+01;7.7093177e-02;2.2500000e+01;3.7537523e-02;2.2500000e+01;-6.1384775e-03;2.2500000e+01;-4.2474987e-03;2.2500000e+01;4.5807017e-03;2.2500000e+01;2.0901324e-02;2.2500000e+01;4.4679336e-02;2.2500000e+01;7.0701003e-02;2.2500000e+01;1.0173568e-01;2.2500000e+01;1.3776456e-01;2.2500000e+01;1.7532545e-01;2.2500000e+01;2.0218208e-01;2.2500000e+01;2.1961865e-01;2.2500000e+01;2.2329636e-01;2.2500000e+01;2.1662475e-01;2.2500000e+01;1.9458684e-01;2.2500000e+01;1.5983751e-01;2.2500000e+01;1.1888196e-01;2.2500000e+01;7.7093177e-02;2.2500000e+01;3.7537523e-02;2.2500000e+01;-6.1384775e-03;2.2500000e+01;-4.2474987e-03;2.2500000e+01;4.5807017e-03;2.2500000e+01;2.0901324e-02;2.2500000e+01;4.4679336e-02;2.2500000e+01;7.0701003e-02;2.2500000e+01;1.0173568e-01;2.2500000e+01;1.3776456e-01;2.2500000e+01;1.7532545e-01;2.2500000e+01;2.0218208e-01;2.2500000e+01;2.1961865e-01;2.2500000e+01;2.2329636e-01;2.2500000e+01;2.1662475e-01;2.2500000e+01;1.9458684e-01;2.2500000e+01;1.5983751e-01;2.2500000e+01;1.1888196e-01;2.2500000e+01;7.7093177e-02;2.2500000e+01;3.7537523e-02;2.2500000e+01;-6.1384775e-03;2.2500000e+01;-4.2474987e-03;2.2500000e+01;4.5807017e-03;2.2500000e+01;2.0901324e-02;2.2500000e+01;4.4679336e-02;2.2500000e+01;7.0701003e-02;2.2500000e+01;1.0173568e-01;2.2500000e+01;1.3776456e-01;2.2500000e+01;1.7532545e-01;2.2500000e+01;2.0218208e-01;2.2500000e+01;2.1961865e-01;2.2500000e+01;2.2329636e-01;2.2500000e+01;2.1662475e-01;2.2500000e+01;1.9458684e-01;2.2500000e+01;1.5983751e-01;2.2500000e+01;1.1888196e-01;2.2500000e+01;7.7093177e-02;2.2500000e+01;3.7537523e-02;2.2500000e+01;-6.1384775e-03;2.2500000e+01;-4.2474987e-03;2.2500000e+01;4.5807017e-03;2.2500000e+01;2.0901324e-02;2.2500000e+01;4.4679336e-02;2.2500000e+01;7.0701003e-02;2.2500000e+01;1.0173568e-01;2.2500000e+01;1.3776456e-01;2.2500000e+01;1.7532545e-01;2.2500000e+01;2.0218208e-01;2.2500000e+01;2.1961865e-01;2.2500000e+01;2.2329636e-01;2.2500000e+01;2.1662475e-01;2.2500000e+01;1.9458684e-01;2.2500000e+01;1.5983751e-01;2.2500000e+01;1.1888196e-01;2.2500000e+01;7.7093177e-02;2.2500000e+01;3.7537523e-02;2.2500000e+01;-6.1384775e-03;2.2500000e+01;-4.2474987e-03;2.2500000e+01;4.5807017e-03;2.2500000e+01;2.0901324e-02;2.2500000e+01;4.4679336e-02;2.2500000e+01;7.0701003e-02;2.2500000e+01;1.0173568e-01;2.2500000e+01;1.3776456e-01;2.2500000e+01;1.7532545e-01;2.2500000e+01;2.0218208e-01;2.2500000e+01;2.1961865e-01;2.2500000e+01;2.2329636e-01;2.2500000e+01;2.1662475e-01;2.2500000e+01;1.9458684e-01;2.2500000e+01;1.5983751e-01;2.2500000e+01;1.1888196e-01;2.2500000e+01;7.7093177e-02;2.2500000e+01;3.7537523e-02;2.2500000e+01;-6.1384775e-03;2.2500000e+01;-4.2474987e-03;2.2500000e+01;4.5807017e-03;2.2500000e+01;2.0901324e-02;2.2500000e+01;4.4679336e-02;2.2500000e+01;7.0701003e-02;2.2500000e+01;1.0173568e-01;2.2500000e+01;1.3776456e-01;2.2500000e+01;1.7532545e-01;2.2500000e+01;2.0218208e-01;2.2500000e+01;2.1961865e-01;2.2500000e+01;2.2329636e-01;2.2500000e+01;2.1662475e-01;2.2500000e+01;1.9458684e-01;2.2500000e+01;1.5983751e-01;2.2500000e+01;1.1888196e-01;2.2500000e+01;7.7093177e-02;2.2500000e+01;3.7537523e-02;2.2500000e+01;-6.1384775e-03;2.2500000e+01;-4.2474987e-03;2.2500000e+01;4.5807017e-03;2.2500000e+01;2.0901324e-02;2.2500000e+01;4.4679336e-02;2.2500000e+01;7.0701003e-02;2.2500000e+01;1.0173568e-01;2.2500000e+01;1.3776456e-01;2.2500000e+01;1.7532545e-01;2.2500000e+01;2.0218208e-01;2.2500000e+01;2.1961865e-01;2.2500000e+01;2.2329636e-01;2.2500000e+01;2.1662475e-01;2.2500000e+01;1.9458684e-01;2.2500000e+01;1.5983751e-01;2.2500000e+01;1.1888196e-01;2.2500000e+01;7.7093177e-02;2.2500000e+01;3.7537523e-02;2.2500000e+01;-6.1384775e-03;2.2500000e+01;-4.2474987e-03;2.2500000e+01;4.5807017e-03;2.2500000e+01;2.0901324e-02;2.2500000e+01;4.4679336e-02;2.2500000e+01;7.0701003e-02;2.2500000e+01;1.0173568e-01;2.2500000e+01;1.3776456e-01;2.2500000e+01;1.7532545e-01;2.2500000e+01;2.0218208e-01;2.2500000e+01;2.1961865e-01;2.2500000e+01;2.2329636e-01;2.2500000e+01;2.1662475e-01;2.2500000e+01;1.9458684e-01;2.2500000e+01;1.5983751e-01;2.2500000e+01;1.1888196e-01;2.2500000e+01;7.7093177e-02;2.2500000e+01;3.7537523e-02;2.2500000e+01;-6.1384775e-03;2.2500000e+01;-4.2474987e-03;2.2500000e+01;4.5807017e-03;2.2500000e+01;2.0901324e-02;2.2500000e+01;4.4679336e-02;2.2500000e+01;7.0701003e-02;2.2500000e+01;1.0173568e-01;2.2500000e+01;1.3776456e-01;2.2500000e+01;1.7532545e-01;2.2500000e+01;2.0218208e-01;2.2500000e+01;2.1961865e-01;2.2500000e+01;2.2329636e-01;2.2500000e+01;2.1662475e-01;2.2500000e+01;1.9458684e-01;2.2500000e+01;1.5983751e-01;2.2500000e+01;1.1888196e-01;2.2500000e+01;7.7093177e-02;2.2500000e+01;3.7537523e-02;2.2500000e+01;-6.1384775e-03;2.2500000e+01;-4.2474987e-03;2.2500000e+01;4.5807017e-03;2.2500000e+01;2.0901324e-02;2.2500000e+01;4.4679336e-02;2.2500000e+01;7.0701003e-02;2.2500000e+01;1.0173568e-01;2.2500000e+01;1.3776456e-01;2.2500000e+01;1.7532545e-01;2.2500000e+01;2.0218208e-01;2.2500000e+01;2.1961865e-01;2.2500000e+01;2.2329636e-01;2.2500000e+01;2.1662475e-01;2.2500000e+01;1.9458684e-01;2.2500000e+01;1.5983751e-01;2.2500000e+01;1.1888196e-01;2.2500000e+01;7.7093177e-02;2.2500000e+01;3.7537523e-02;2.2500000e+01;-6.1384775e-03;2.2500000e+01;-4.2474987e-03;2.2500000e+01;4.5807017e-03;2.2500000e+01;2.0901324e-02;2.2500000e+01;4.4679336e-02;2.2500000e+01;7.0701003e-02;2.2500000e+01;1.0173568e-01;2.2500000e+01;1.3776456e-01;2.2500000e+01;1.7532545e-01;2.2500000e+01;2.0218208e-01;2.2500000e+01;2.1961865e-01;2.2500000e+01;2.2329636e-01;2.2500000e+01;2.1662475e-01;2.2500000e+01;1.9458684e-01;2.2500000e+01;1.5983751e-01;2.2500000e+01;1.1888196e-01;2.2500000e+01;7.7093177e-02;2.2500000e+01;3.7537523e-02;2.2500000e+01;-6.1384775e-03;2.2500000e+01;-4.2474987e-03;2.2500000e+01;4.5807017e-03;2.2500000e+01;2.0901324e-02;2.2500000e+01;4.4679336e-02;2.2500000e+01;7.0701003e-02;2.2500000e+01;1.0173568e-01;2.2500000e+01;1.3776456e-01;2.2500000e+01;1.7532545e-01;2.2500000e+01;2.0218208e-01;2.2500000e+01;2.1961865e-01;2.2500000e+01;2.2329636e-01;2.2500000e+01;2.1662475e-01;2.2500000e+01;1.9458684e-01;2.2500000e+01;1.5983751e-01;2.2500000e+01;1.1888196e-01;2.2500000e+01;7.7093177e-02;2.2500000e+01;3.7537523e-02;2.2500000e+01;-6.1384775e-03;2.2500000e+01;-4.2474987e-03;2.2500000e+01;4.5807017e-03;2.2500000e+01;2.0901324e-02;2.2500000e+01;4.4679336e-02;2.2500000e+01;7.0701003e-02;2.2500000e+01;1.0173568e-01;2.2500000e+01;1.3776456e-01;2.2500000e+01;1.7532545e-01;2.2500000e+01;2.0218208e-01;2.2500000e+01;2.1961865e-01;2.2500000e+01;2.2329636e-01;2.2500000e+01;2.1662475e-01;2.2500000e+01;1.9458684e-01;2.2500000e+01;1.5983751e-01;2.2500000e+01;1.1888196e-01;2.2500000e+01;7.7093177e-02;2.2500000e+01;3.7537523e-02;2.2500000e+01;-6.1384775e-03;2.2500000e+01;-4.2474987e-03;2.2500000e+01;4.5807017e-03;2.2500000e+01;2.0901324e-02;2.2500000e+01;4.4679336e-02;2.2500000e+01;7.0701003e-02;2.2500000e+01;1.0173568e-01;2.2500000e+01;1.3776456e-01;2.2500000e+01;1.7532545e-01;2.2500000e+01;2.0218208e-01;2.2500000e+01;2.1961865e-01;2.2500000e+01;2.2329636e-01;2.2500000e+01;2.1662475e-01;2.2500000e+01;1.9458684e-01;2.2500000e+01;1.5983751e-01;2.2500000e+01;1.1888196e-01;2.2500000e+01;7.7093177e-02;2.2500000e+01;3.7537523e-02;2.2500000e+01;-6.1384775e-03;2.2500000e+01;-4.2474987e-03;2.2500000e+01;4.5807017e-03;2.2500000e+01;2.0901324e-02;2.2500000e+01;4.4679336e-02;2.2500000e+01;7.0701003e-02;2.2500000e+01;1.0173568e-01;2.2500000e+01;1.3776456e-01;2.2500000e+01;1.7532545e-01;2.2500000e+01;2.0218208e-01;2.2500000e+01;2.1961865e-01;2.2500000e+01;2.2329636e-01;2.2500000e+01;2.1662475e-01;2.2500000e+01;1.9458684e-01;2.2500000e+01;1.5983751e-01;2.2500000e+01;1.1888196e-01;2.2500000e+01;7.7093177e-02;2.2500000e+01;3.7537523e-02;2.2500000e+01;-6.1384775e-03;2.2500000e+01;-4.2474987e-03;2.2500000e+01;4.5807017e-03;2.2500000e+01;2.0901324e-02;2.2500000e+01;4.4679336e-02;2.2500000e+01;7.0701003e-02;2.2500000e+01;1.0173568e-01;2.2500000e+01;1.3776456e-01;2.2500000e+01;1.7532545e-01;2.2500000e+01;2.0218208e-01;2.2500000e+01;2.1961865e-01;2.2500000e+01;2.2329636e-01;2.2500000e+01;2.1662475e-01;2.2500000e+01;1.9458684e-01;2.2500000e+01;1.5983751e-01;2.2500000e+01;1.1888196e-01;2.2500000e+01;7.7093177e-02;2.2500000e+01;3.7537523e-02;2.2500000e+01;-6.1384775e-03;2.2500000e+01;-4.2474987e-03;2.2500000e+01;4.5807017e-03;2.2500000e+01;2.0901324e-02;2.2500000e+01;4.4679336e-02;2.2500000e+01;7.0701003e-02;2.2500000e+01;1.0173568e-01;2.2500000e+01;1.3776456e-01;2.2500000e+01;1.7532545e-01;2.2500000e+01;2.0218208e-01;2.2500000e+01;2.1961865e-01;2.2500000e+01;2.2329636e-01;2.2500000e+01;2.1662475e-01;2.2500000e+01;1.9458684e-01;2.2500000e+01;1.5983751e-01;2.2500000e+01;1.1888196e-01;2.2500000e+01;7.7093177e-02;2.2500000e+01;3.7537523e-02;2.2500000e+01;-6.1384775e-03;2.2500000e+01;-4.2474987e-03;2.2500000e+01;4.5807017e-03;2.2500000e+01;2.0901324e-02;2.2500000e+01;4.4679336e-02;2.2500000e+01;7.0701003e-02;2.2500000e+01;1.0173568e-01;2.2500000e+01;1.3776456e-01;2.2500000e+01;1.7532545e-01;2.2500000e+01;2.0218208e-01;2.2500000e+01;2.1961865e-01;2.2500000e+01;2.2329636e-01;2.2500000e+01;2.1662475e-01;2.2500000e+01;1.9458684e-01;2.2500000e+01;1.5983751e-01;2.2500000e+01;1.1888196e-01;2.2500000e+01;7.7093177e-02;2.2500000e+01;3.7537523e-02;2.2500000e+01;-6.1384775e-03;2.2500000e+01;-4.2474987e-03;2.2500000e+01;4.5807017e-03;2.2500000e+01;2.0901324e-02;2.2500000e+01;4.4679336e-02;2.2500000e+01;7.0701003e-02;2.2500000e+01;1.0173568e-01;2.2500000e+01;1.3776456e-01;2.2500000e+01;1.7532545e-01;2.2500000e+01;2.0218208e-01;2.2500000e+01;2.1961865e-01;2.2500000e+01;2.2329636e-01;2.2500000e+01;2.1662475e-01;2.2500000e+01;1.9458684e-01;2.2500000e+01;1.5983751e-01;2.2500000e+01;1.1888196e-01;2.2500000e+01;7.7093177e-02;2.2500000e+01;3.7537523e-02;2.2500000e+01;-6.1384775e-03;2.2500000e+01;-4.2474987e-03;2.2500000e+01;4.5807017e-03;2.2500000e+01;2.0901324e-02;2.2500000e+01;4.4679336e-02;2.2500000e+01;7.0701003e-02;2.2500000e+01;1.0173568e-01;2.2500000e+01;1.3776456e-01;2.2500000e+01;1.7532545e-01;2.2500000e+01;2.0218208e-01;2.2500000e+01;2.1961865e-01;2.2500000e+01;2.2329636e-01;2.2500000e+01;2.1662475e-01;2.2500000e+01;1.9458684e-01;2.2500000e+01;1.5983751e-01;2.2500000e+01;1.1888196e-01;2.2500000e+01;7.7093177e-02;2.2500000e+01;3.7537523e-02;2.2500000e+01;-6.1384775e-03;2.2500000e+01;-4.2474987e-03;2.2500000e+01;4.5807017e-03;2.2500000e+01;2.0901324e-02;2.2500000e+01;4.4679336e-02;2.2500000e+01;7.0701003e-02;2.2500000e+01;1.0173568e-01;2.2500000e+01;1.3776456e-01;2.2500000e+01;1.7532545e-01;2.2500000e+01;2.0218208e-01;2.2500000e+01;2.1961865e-01;2.2500000e+01;2.2329636e-01;2.2500000e+01;2.1662475e-01;2.2500000e+01;1.9458684e-01;2.2500000e+01;1.5983751e-01;2.2500000e+01;1.1888196e-01;2.2500000e+01;7.7093177e-02;2.2500000e+01;3.7537523e-02;2.2500000e+01;-6.1384775e-03;2.2500000e+01;-4.2474987e-03;2.2500000e+01;4.5807017e-03;2.2500000e+01;2.0901324e-02;2.2500000e+01;4.4679336e-02;2.2500000e+01;7.0701003e-02;2.2500000e+01;1.0173568e-01;2.2500000e+01;1.3776456e-01;2.2500000e+01;1.7532545e-01;2.2500000e+01;2.0218208e-01;2.2500000e+01;2.1961865e-01;2.2500000e+01;2.2329636e-01;2.2500000e+01;2.1662475e-01;2.2500000e+01;1.9458684e-01;2.2500000e+01;1.5983751e-01;2.2500000e+01;1.1888196e-01;2.2500000e+01;7.7093177e-02;2.2500000e+01;3.7537523e-02;2.2500000e+01;-6.1384775e-03;2.2500000e+01;-4.2474987e-03;2.2500000e+01;4.5807017e-03;2.2500000e+01;2.0901324e-02;2.2500000e+01;4.4679336e-02;2.2500000e+01;7.0701003e-02;2.2500000e+01;1.0173568e-01;2.2500000e+01;1.3776456e-01;2.2500000e+01;1.7532545e-01;2.2500000e+01;2.0218208e-01;2.2500000e+01;2.1961865e-01;2.2500000e+01;2.2329636e-01;2.2500000e+01;2.1662475e-01;2.2500000e+01;1.9458684e-01;2.2500000e+01;1.5983751e-01;2.2500000e+01;1.1888196e-01;2.2500000e+01;7.7093177e-02;2.2500000e+01;3.7537523e-02;2.2500000e+01;-6.1384775e-03;2.2500000e+01;-4.2474987e-03;2.2500000e+01;4.5807017e-03;2.2500000e+01;2.0901324e-02;2.2500000e+01;4.4679336e-02;2.2500000e+01;7.0701003e-02;2.2500000e+01;1.0173568e-01;2.2500000e+01;1.3776456e-01;2.2500000e+01;1.7532545e-01;2.2500000e+01;2.0218208e-01;2.2500000e+01;2.1961865e-01;2.2500000e+01;2.2329636e-01;2.2500000e+01;2.1662475e-01;2.2500000e+01;1.9458684e-01;2.2500000e+01;1.5983751e-01;2.2500000e+01;1.1888196e-01;2.2500000e+01;7.7093177e-02;2.2500000e+01;3.7537523e-02;2.2500000e+01;-6.1384775e-03;2.2500000e+01;-4.2474987e-03;2.2500000e+01;4.5807017e-03;2.2500000e+01;2.0901324e-02;2.2500000e+01;4.4679336e-02;2.2500000e+01;7.0701003e-02;2.2500000e+01;1.0173568e-01;2.2500000e+01;1.3776456e-01;2.2500000e+01;1.7532545e-01;2.2500000e+01;2.0218208e-01;2.2500000e+01;2.1961865e-01;2.2500000e+01;2.2329636e-01;2.2500000e+01;2.1662475e-01;2.2500000e+01;1.9458684e-01;2.2500000e+01;1.5983751e-01;2.2500000e+01;1.1888196e-01;2.2500000e+01;7.7093177e-02;2.2500000e+01;3.7537523e-02;2.2500000e+01;-6.1384775e-03;2.2500000e+01;-4.2474987e-03;2.2500000e+01;4.5807017e-03;2.2500000e+01;2.0901324e-02;2.2500000e+01;4.4679336e-02;2.2500000e+01;7.0701003e-02;2.2500000e+01;1.0173568e-01;2.2500000e+01;1.3776456e-01;2.2500000e+01;1.7532545e-01;2.2500000e+01;2.0218208e-01;2.2500000e+01;2.1961865e-01;2.2500000e+01;2.2329636e-01;2.2500000e+01;2.1662475e-01;2.2500000e+01;1.9458684e-01;2.2500000e+01;1.5983751e-01;2.2500000e+01;1.1888196e-01;2.2500000e+01;7.7093177e-02;2.2500000e+01;3.7537523e-02;2.2500000e+01;-6.1384775e-03;2.2500000e+01;-4.2474987e-03;2.2500000e+01;4.5807017e-03;2.2500000e+01;2.0901324e-02;2.2500000e+01;4.4679336e-02;2.2500000e+01;7.0701003e-02;2.2500000e+01;1.0173568e-01;2.2500000e+01;1.3776456e-01;2.2500000e+01;1.7532545e-01;2.2500000e+01;2.0218208e-01;2.2500000e+01;2.1961865e-01;2.2500000e+01;2.2329636e-01;2.2500000e+01;2.1662475e-01;2.2500000e+01;1.9458684e-01;2.2500000e+01;1.5983751e-01;2.2500000e+01;1.1888196e-01;2.2500000e+01;7.7093177e-02;2.2500000e+01;3.7537523e-02;2.2500000e+01;-6.1384775e-03;2.2500000e+01;-4.2474987e-03;2.2500000e+01;4.5807017e-03;2.2500000e+01;2.0901324e-02;2.2500000e+01;4.4679336e-02;2.2500000e+01;7.0701003e-02;2.2500000e+01;1.0173568e-01;2.2500000e+01;1.3776456e-01;2.2500000e+01;1.7532545e-01;2.2500000e+01;2.0218208e-01;2.2500000e+01;2.1961865e-01;2.2500000e+01;2.2329636e-01;2.2500000e+01;2.1662475e-01;2.2500000e+01;1.9458684e-01;2.2500000e+01;1.5983751e-01;2.2500000e+01;1.1888196e-01;2.2500000e+01;7.7093177e-02;2.2500000e+01;3.7537523e-02;2.2500000e+01;-6.1384775e-03;2.2500000e+01;-4.2474987e-03;2.2500000e+01;4.5807017e-03;2.2500000e+01;2.0901324e-02;2.2500000e+01;4.4679336e-02;2.2500000e+01;7.0701003e-02;2.2500000e+01;1.0173568e-01;2.2500000e+01;1.3776456e-01;2.2500000e+01;1.7532545e-01;2.2500000e+01;2.0218208e-01;2.2500000e+01;2.1961865e-01;2.2500000e+01;2.2329636e-01;2.2500000e+01;2.1662475e-01;2.2500000e+01;1.9458684e-01;2.2500000e+01;1.5983751e-01;2.2500000e+01;1.1888196e-01;2.2500000e+01;7.7093177e-02;2.2500000e+01;3.7537523e-02;2.2500000e+01;-6.1384775e-03;2.2500000e+01;-4.2474987e-03;2.2500000e+01;4.5807017e-03;2.2500000e+01;2.0901324e-02;2.2500000e+01;4.4679336e-02;2.2500000e+01;7.0701003e-02;2.2500000e+01;1.0173568e-01;2.2500000e+01;1.3776456e-01;2.2500000e+01;1.7532545e-01;2.2500000e+01;2.0218208e-01;2.2500000e+01;2.1961865e-01;2.2500000e+01;2.2329636e-01;2.2500000e+01;2.1662475e-01;2.2500000e+01;1.9458684e-01;2.2500000e+01;1.5983751e-01;2.2500000e+01;1.1888196e-01;2.2500000e+01;7.7093177e-02;2.2500000e+01;3.7537523e-02;2.2500000e+01;-6.1384775e-03;2.2500000e+01;-4.2474987e-03;2.2500000e+01;4.5807017e-03;2.2500000e+01;2.0901324e-02;2.2500000e+01;4.4679336e-02;2.2500000e+01;7.0701003e-02;2.2500000e+01;1.0173568e-01;2.2500000e+01;1.3776456e-01;2.2500000e+01;1.7532545e-01;2.2500000e+01;2.0218208e-01;2.2500000e+01;2.1961865e-01;2.2500000e+01;2.2329636e-01;2.2500000e+01;2.1662475e-01;2.2500000e+01;1.9458684e-01;2.2500000e+01;1.5983751e-01;2.2500000e+01;1.1888196e-01;2.2500000e+01;7.7093177e-02;2.2500000e+01;3.7537523e-02;2.2500000e+01;-6.1384775e-03;2.2500000e+01;-4.2474987e-03;2.2500000e+01;4.5807017e-03;2.2500000e+01;2.0901324e-02;2.2500000e+01;4.4679336e-02;2.2500000e+01;7.0701003e-02;2.2500000e+01;1.0173568e-01;2.2500000e+01;1.3776456e-01;2.2500000e+01;1.7532545e-01;2.2500000e+01;2.0218208e-01;2.2500000e+01;2.1961865e-01;2.2500000e+01;2.2329636e-01;2.2500000e+01;2.1662475e-01;2.2500000e+01;1.9458684e-01;2.2500000e+01;1.5983751e-01;2.2500000e+01;1.1888196e-01;2.2500000e+01;7.7093177e-02;2.2500000e+01;3.7537523e-02;2.2500000e+01;-6.1384775e-03;2.2500000e+01;-4.2474987e-03;2.2500000e+01;4.5807017e-03;2.2500000e+01;2.0901324e-02;2.2500000e+01;4.4679336e-02;2.2500000e+01;7.0701003e-02;2.2500000e+01;1.0173568e-01;2.2500000e+01;1.3776456e-01;2.2500000e+01;1.7532545e-01;2.2500000e+01;2.0218208e-01;2.2500000e+01;2.1961865e-01;2.2500000e+01;2.2329636e-01;2.2500000e+01;2.1662475e-01;2.2500000e+01;1.9458684e-01;2.2500000e+01;1.5983751e-01;2.2500000e+01;1.1888196e-01;2.2500000e+01;7.7093177e-02;2.2500000e+01;3.7537523e-02;2.2500000e+01;-6.1384775e-03;2.2500000e+01;-4.2474987e-03;2.2500000e+01;4.5807017e-03;2.2500000e+01;2.0901324e-02;2.2500000e+01;4.4679336e-02;2.2500000e+01;7.0701003e-02;2.2500000e+01;1.0173568e-01;2.2500000e+01;1.3776456e-01;2.2500000e+01;1.7532545e-01;2.2500000e+01;2.0218208e-01;2.2500000e+01;2.1961865e-01;2.2500000e+01;2.2329636e-01;2.2500000e+01;2.1662475e-01;2.2500000e+01;1.9458684e-01;2.2500000e+01;1.5983751e-01;2.2500000e+01;1.1888196e-01;2.2500000e+01;7.7093177e-02;2.2500000e+01;3.7537523e-02;2.2500000e+01;-6.1384775e-03;2.2500000e+01;-4.2474987e-03;2.2500000e+01;4.5807017e-03;2.2500000e+01;2.0901324e-02;2.2500000e+01;4.4679336e-02;2.2500000e+01;7.0701003e-02;2.2500000e+01;1.0173568e-01;2.2500000e+01;1.3776456e-01;2.2500000e+01;1.7532545e-01;2.2500000e+01;2.0218208e-01;2.2500000e+01;2.1961865e-01;2.2500000e+01;2.2329636e-01;2.2500000e+01;2.1662475e-01;2.2500000e+01;1.9458684e-01;2.2500000e+01;1.5983751e-01;2.2500000e+01;1.1888196e-01;2.2500000e+01;7.7093177e-02;2.2500000e+01;3.7537523e-02;2.2500000e+01;-6.1384775e-03;2.2500000e+01;-4.2474987e-03;2.2500000e+01;4.5807017e-03;2.2500000e+01;2.0901324e-02;2.2500000e+01;4.4679336e-02;2.2500000e+01;7.0701003e-02;2.2500000e+01;1.0173568e-01;2.2500000e+01;1.3776456e-01;2.2500000e+01;1.7532545e-01;2.2500000e+01;2.0218208e-01;2.2500000e+01;2.1961865e-01;2.2500000e+01;2.2329636e-01;2.2500000e+01;2.1662475e-01;2.2500000e+01;1.9458684e-01;2.2500000e+01;1.5983751e-01;2.2500000e+01;1.1888196e-01;2.2500000e+01;7.7093177e-02;2.2500000e+01;3.7537523e-02;2.2500000e+01;-6.1384775e-03;2.2500000e+01;-4.2474987e-03;2.2500000e+01;4.5807017e-03;2.2500000e+01;2.0901324e-02;2.2500000e+01;4.4679336e-02;2.2500000e+01;7.0701003e-02;2.2500000e+01;1.0173568e-01;2.2500000e+01;1.3776456e-01;2.2500000e+01;1.7532545e-01;2.2500000e+01;2.0218208e-01;2.2500000e+01;2.1961865e-01;2.2500000e+01;2.2329636e-01;2.2500000e+01;2.1662475e-01;2.2500000e+01;1.9458684e-01;2.2500000e+01;1.5983751e-01;2.2500000e+01;1.1888196e-01;2.2500000e+01;7.7093177e-02;2.2500000e+01;3.7537523e-02;2.2500000e+01;-6.1384775e-03;2.2500000e+01;-4.2474987e-03;2.2500000e+01;4.5807017e-03;2.2500000e+01;2.0901324e-02;2.2500000e+01;4.4679336e-02;2.2500000e+01;7.0701003e-02;2.2500000e+01;1.0173568e-01;2.2500000e+01;1.3776456e-01;2.2500000e+01;1.7532545e-01;2.2500000e+01;2.0218208e-01;2.2500000e+01;2.1961865e-01;2.2500000e+01;2.2329636e-01;2.2500000e+01;2.1662475e-01;2.2500000e+01;1.9458684e-01;2.2500000e+01;1.5983751e-01;2.2500000e+01;1.1888196e-01;2.2500000e+01;7.7093177e-02;2.2500000e+01;3.7537523e-02;2.2500000e+01;-6.1384775e-03;2.2500000e+01;-4.2474987e-03;2.2500000e+01;4.5807017e-03;2.2500000e+01;2.0901324e-02;2.2500000e+01;4.4679336e-02;2.2500000e+01;7.0701003e-02;2.2500000e+01;1.0173568e-01;2.2500000e+01;1.3776456e-01;2.2500000e+01;1.7532545e-01;2.2500000e+01;2.0218208e-01;2.2500000e+01;2.1961865e-01;2.2500000e+01;2.2329636e-01;2.2500000e+01;2.1662475e-01;2.2500000e+01;1.9458684e-01;2.2500000e+01;1.5983751e-01;2.2500000e+01;1.1888196e-01;2.2500000e+01;7.7093177e-02;2.2500000e+01;3.7537523e-02;2.2500000e+01;-6.1384775e-03;2.2500000e+01;-4.2474987e-03;2.2500000e+01;4.5807017e-03;2.2500000e+01;2.0901324e-02;2.2500000e+01;4.4679336e-02;2.2500000e+01;7.0701003e-02;2.2500000e+01;1.0173568e-01;2.2500000e+01;1.3776456e-01;2.2500000e+01;1.7532545e-01;2.2500000e+01;2.0218208e-01;2.2500000e+01;2.1961865e-01;2.2500000e+01;2.2329636e-01;2.2500000e+01;2.1662475e-01;2.2500000e+01;1.9458684e-01;2.2500000e+01;1.5983751e-01;2.2500000e+01;1.1888196e-01;2.2500000e+01;7.7093177e-02;2.2500000e+01;3.7537523e-02;2.2500000e+01;-6.1384775e-03;2.2500000e+01;-4.2474987e-03;2.2500000e+01;4.5807017e-03;2.2500000e+01;2.0901324e-02;2.2500000e+01;4.4679336e-02;2.2500000e+01;7.0701003e-02;2.2500000e+01;1.0173568e-01;2.2500000e+01;1.3776456e-01;2.2500000e+01;1.7532545e-01;2.2500000e+01;2.0218208e-01;2.2500000e+01;2.1961865e-01;2.2500000e+01;2.2329636e-01;2.2500000e+01;2.1662475e-01;2.2500000e+01;1.9458684e-01;2.2500000e+01;1.5983751e-01;2.2500000e+01;1.1888196e-01;2.2500000e+01;7.7093177e-02;2.2500000e+01;3.7537523e-02;2.2500000e+01;-6.1384775e-03;2.2500000e+01;-4.2474987e-03;2.2500000e+01;4.5807017e-03;2.2500000e+01;2.0901324e-02;2.2500000e+01;4.4679336e-02;2.2500000e+01;7.0701003e-02;2.2500000e+01;1.0173568e-01;2.2500000e+01;1.3776456e-01;2.2500000e+01;1.7532545e-01;2.2500000e+01;2.0218208e-01;2.2500000e+01;2.1961865e-01;2.2500000e+01;2.2329636e-01;2.2500000e+01;2.1662475e-01;2.2500000e+01;1.9458684e-01;2.2500000e+01;1.5983751e-01;2.2500000e+01;1.1888196e-01;2.2500000e+01;7.7093177e-02;2.2500000e+01;3.7537523e-02;2.2500000e+01;-6.1384775e-03;2.2500000e+01;-4.2474987e-03;2.2500000e+01;4.5807017e-03;2.2500000e+01;2.0901324e-02;2.2500000e+01;4.4679336e-02;2.2500000e+01;7.0701003e-02;2.2500000e+01;1.0173568e-01;2.2500000e+01;1.3776456e-01;2.2500000e+01;1.7532545e-01;2.2500000e+01;2.0218208e-01;2.2500000e+01;2.1961865e-01;2.2500000e+01;2.2329636e-01;2.2500000e+01;2.1662475e-01;2.2500000e+01;1.9458684e-01;2.2500000e+01;1.5983751e-01;2.2500000e+01;1.1888196e-01;2.2500000e+01;7.7093177e-02;2.2500000e+01;3.7537523e-02;2.2500000e+01;-6.1384775e-03;2.2500000e+01;-4.2474987e-03;2.2500000e+01;4.5807017e-03;2.2500000e+01;2.0901324e-02;2.2500000e+01;4.4679336e-02;2.2500000e+01;7.0701003e-02;2.2500000e+01;1.0173568e-01;2.2500000e+01;1.3776456e-01;2.2500000e+01;1.7532545e-01;2.2500000e+01;2.0218208e-01;2.2500000e+01;2.1961865e-01;2.2500000e+01;2.2329636e-01;2.2500000e+01;2.1662475e-01;2.2500000e+01;1.9458684e-01;2.2500000e+01;1.5983751e-01;2.2500000e+01;1.1888196e-01;2.2500000e+01;7.7093177e-02;2.2500000e+01;3.7537523e-02;2.2500000e+01;-6.1384775e-03;2.2500000e+01;-4.2474987e-03;2.2500000e+01;4.5807017e-03;2.2500000e+01;2.0901324e-02;2.2500000e+01;4.4679336e-02;2.2500000e+01;7.0701003e-02;2.2500000e+01;1.0173568e-01;2.2500000e+01;1.3776456e-01;2.2500000e+01;1.7532545e-01;2.2500000e+01;2.0218208e-01;2.2500000e+01;2.1961865e-01;2.2500000e+01;2.2329636e-01;2.2500000e+01;2.1662475e-01;2.2500000e+01;1.9458684e-01;2.2500000e+01;1.5983751e-01;2.2500000e+01;1.1888196e-01;2.2500000e+01;7.7093177e-02;2.2500000e+01;3.7537523e-02;2.2500000e+01;-6.1384775e-03;2.2500000e+01;-4.2474987e-03;2.2500000e+01;4.5807017e-03;2.2500000e+01;2.0901324e-02;2.2500000e+01;4.4679336e-02;2.2500000e+01;7.0701003e-02;2.2500000e+01;1.0173568e-01;2.2500000e+01;1.3776456e-01;2.2500000e+01;1.7532545e-01;2.2500000e+01;2.0218208e-01;2.2500000e+01;2.1961865e-01;2.2500000e+01;2.2329636e-01;2.2500000e+01;2.1662475e-01;2.2500000e+01;1.9458684e-01;2.2500000e+01;1.5983751e-01;2.2500000e+01;1.1888196e-01;2.2500000e+01;7.7093177e-02;2.2500000e+01;3.7537523e-02;2.2500000e+01;-6.1384775e-03;2.2500000e+01;-4.2474987e-03;2.2500000e+01;4.5807017e-03;2.2500000e+01;2.0901324e-02;2.2500000e+01;4.4679336e-02;2.2500000e+01;7.0701003e-02;2.2500000e+01;1.0173568e-01;2.2500000e+01;1.3776456e-01;2.2500000e+01;1.7532545e-01;2.2500000e+01;2.0218208e-01;2.2500000e+01;2.1961865e-01;2.2500000e+01;2.2329636e-01;2.2500000e+01;2.1662475e-01;2.2500000e+01;1.9458684e-01;2.2500000e+01;1.5983751e-01;2.2500000e+01;1.1888196e-01;2.2500000e+01;7.7093177e-02;2.2500000e+01;3.7537523e-02;2.2500000e+01;-6.1384775e-03;2.2500000e+01;-4.2474987e-03;2.2500000e+01;4.5807017e-03;2.2500000e+01;2.0901324e-02;2.2500000e+01;4.4679336e-02;2.2500000e+01;7.0701003e-02;2.2500000e+01;1.0173568e-01;2.2500000e+01;1.3776456e-01;2.2500000e+01;1.7532545e-01;2.2500000e+01;2.0218208e-01;2.2500000e+01;2.1961865e-01;2.2500000e+01;2.2329636e-01;2.2500000e+01;2.1662475e-01;2.2500000e+01;1.9458684e-01;2.2500000e+01;1.5983751e-01;2.2500000e+01;1.1888196e-01;2.2500000e+01;7.7093177e-02;2.2500000e+01;3.7537523e-02;2.2500000e+01;-6.1384775e-03;2.2500000e+01;-4.2474987e-03;2.2500000e+01;4.5807017e-03;2.2500000e+01;2.0901324e-02;2.2500000e+01;4.4679336e-02;2.2500000e+01;7.0701003e-02;2.2500000e+01;1.0173568e-01;2.2500000e+01;1.3776456e-01;2.2500000e+01;1.7532545e-01;2.2500000e+01;2.0218208e-01;2.2500000e+01;2.1961865e-01;2.2500000e+01;2.2329636e-01;2.2500000e+01;2.1662475e-01;2.2500000e+01;1.9458684e-01;2.2500000e+01;1.5983751e-01;2.2500000e+01;1.1888196e-01;2.2500000e+01;7.7093177e-02;2.2500000e+01;3.7537523e-02;2.2500000e+01;-6.1384775e-03;2.2500000e+01;-4.2474987e-03;2.2500000e+01;4.5807017e-03;2.2500000e+01;2.0901324e-02;2.2500000e+01;4.4679336e-02;2.2500000e+01;7.0701003e-02;2.2500000e+01;1.0173568e-01;2.2500000e+01;1.3776456e-01;2.2500000e+01;1.7532545e-01;2.2500000e+01;2.0218208e-01;2.2500000e+01;2.1961865e-01;2.2500000e+01;2.2329636e-01;2.2500000e+01;2.1662475e-01;2.2500000e+01;1.9458684e-01;2.2500000e+01;1.5983751e-01;2.2500000e+01;1.1888196e-01;2.2500000e+01;7.7093177e-02;2.2500000e+01;3.7537523e-02;2.2500000e+01;-6.1384775e-03;2.2500000e+01;-4.2474987e-03;2.2500000e+01;4.5807017e-03;2.2500000e+01;2.0901324e-02;2.2500000e+01;4.4679336e-02;2.2500000e+01;7.0701003e-02;2.2500000e+01;1.0173568e-01;2.2500000e+01;1.3776456e-01;2.2500000e+01;1.7532545e-01;2.2500000e+01;2.0218208e-01;2.2500000e+01;2.1961865e-01;2.2500000e+01;2.2329636e-01;2.2500000e+01;2.1662475e-01;2.2500000e+01;1.9458684e-01;2.2500000e+01;1.5983751e-01;2.2500000e+01;1.1888196e-01;2.2500000e+01;7.7093177e-02;2.2500000e+01;3.7537523e-02;2.2500000e+01;-6.1384775e-03;2.2500000e+01;-4.2474987e-03;2.2500000e+01;4.5807017e-03;2.2500000e+01;2.0901324e-02;2.2500000e+01;4.4679336e-02;2.2500000e+01;7.0701003e-02;2.2500000e+01;1.0173568e-01;2.2500000e+01;1.3776456e-01;2.2500000e+01;1.7532545e-01;2.2500000e+01;2.0218208e-01;2.2500000e+01;2.1961865e-01;2.2500000e+01;2.2329636e-01;2.2500000e+01;2.1662475e-01;2.2500000e+01;1.9458684e-01;2.2500000e+01;1.5983751e-01;2.2500000e+01;1.1888196e-01;2.2500000e+01;7.7093177e-02;2.2500000e+01;3.7537523e-02;2.2500000e+01;-6.1384775e-03;2.2500000e+01;-4.2474987e-03;2.2500000e+01;4.5807017e-03;2.2500000e+01;2.0901324e-02;2.2500000e+01;4.4679336e-02;2.2500000e+01;7.0701003e-02;2.2500000e+01;1.0173568e-01;2.2500000e+01;1.3776456e-01;2.2500000e+01;1.7532545e-01;2.2500000e+01;2.0218208e-01;2.2500000e+01;2.1961865e-01;2.2500000e+01;2.2329636e-01;2.2500000e+01;2.1662475e-01;2.2500000e+01;1.9458684e-01;2.2500000e+01;1.5983751e-01;2.2500000e+01;1.1888196e-01;2.2500000e+01;7.7093177e-02;2.2500000e+01;3.7537523e-02;2.2500000e+01;-6.1384775e-03;2.2500000e+01;-4.2474987e-03;2.2500000e+01;4.5807017e-03;2.2500000e+01;2.0901324e-02;2.2500000e+01;4.4679336e-02;2.2500000e+01;7.0701003e-02;2.2500000e+01;1.0173568e-01;2.2500000e+01;1.3776456e-01;2.2500000e+01;1.7532545e-01;2.2500000e+01;2.0218208e-01;2.2500000e+01;2.1961865e-01;2.2500000e+01;2.2329636e-01;2.2500000e+01;2.1662475e-01;2.2500000e+01;1.9458684e-01;2.2500000e+01;1.5983751e-01;2.2500000e+01;1.1888196e-01;2.2500000e+01;7.7093177e-02;2.2500000e+01;3.7537523e-02;2.2500000e+01;-6.1384775e-03;2.2500000e+01;-4.2474987e-03;2.2500000e+01;4.5807017e-03;2.2500000e+01;2.0901324e-02;2.2500000e+01;4.4679336e-02;2.2500000e+01;7.0701003e-02;2.2500000e+01;1.0173568e-01;2.2500000e+01;1.3776456e-01;2.2500000e+01;1.7532545e-01;2.2500000e+01;2.0218208e-01;2.2500000e+01;2.1961865e-01;2.2500000e+01;2.2329636e-01;2.2500000e+01;2.1662475e-01;2.2500000e+01;1.9458684e-01;2.2500000e+01;1.5983751e-01;2.2500000e+01;1.1888196e-01;2.2500000e+01;7.7093177e-02;2.2500000e+01;3.7537523e-02;2.2500000e+01;-6.1384775e-03;2.2500000e+01;-4.2474987e-03;2.2500000e+01;4.5807017e-03;2.2500000e+01;2.0901324e-02;2.2500000e+01;4.4679336e-02;2.2500000e+01;7.0701003e-02;2.2500000e+01;1.0173568e-01;2.2500000e+01;1.3776456e-01;2.2500000e+01;1.7532545e-01;2.2500000e+01;2.0218208e-01;2.2500000e+01;2.1961865e-01;2.2500000e+01;2.2329636e-01;2.2500000e+01;2.1662475e-01;2.2500000e+01;1.9458684e-01;2.2500000e+01;1.5983751e-01;2.2500000e+01;1.1888196e-01;2.2500000e+01;7.7093177e-02;2.2500000e+01;3.7537523e-02;2.2500000e+01;-6.1384775e-03;2.2500000e+01;-4.2474987e-03;2.2500000e+01;4.5807017e-03;2.2500000e+01;2.0901324e-02;2.2500000e+01;4.4679336e-02;2.2500000e+01;7.0701003e-02;2.2500000e+01;1.0173568e-01;2.2500000e+01;1.3776456e-01;2.2500000e+01;1.7532545e-01;2.2500000e+01;2.0218208e-01;2.2500000e+01;2.1961865e-01;2.2500000e+01;2.2329636e-01;2.2500000e+01;2.1662475e-01;2.2500000e+01;1.9458684e-01;2.2500000e+01;1.5983751e-01;2.2500000e+01;1.1888196e-01;2.2500000e+01;7.7093177e-02;2.2500000e+01;3.7537523e-02;2.2500000e+01;-6.1384775e-03;2.2500000e+01;-4.2474987e-03;2.2500000e+01;4.5807017e-03;2.2500000e+01;2.0901324e-02;2.2500000e+01;4.4679336e-02;2.2500000e+01;7.0701003e-02;2.2500000e+01;1.0173568e-01;2.2500000e+01;1.3776456e-01;2.2500000e+01;1.7532545e-01;2.2500000e+01;2.0218208e-01;2.2500000e+01;2.1961865e-01;2.2500000e+01;2.2329636e-01;2.2500000e+01;2.1662475e-01;2.2500000e+01;1.9458684e-01;2.2500000e+01;1.5983751e-01;2.2500000e+01;1.1888196e-01;2.2500000e+01;7.7093177e-02;2.2500000e+01;3.7537523e-02;2.2500000e+01;-6.1384775e-03;2.2500000e+01;-4.2474987e-03;2.2500000e+01;4.5807017e-03;2.2500000e+01;2.0901324e-02;2.2500000e+01;4.4679336e-02;2.2500000e+01;7.0701003e-02;2.2500000e+01;1.0173568e-01;2.2500000e+01;1.3776456e-01;2.2500000e+01;1.7532545e-01;2.2500000e+01;2.0218208e-01;2.2500000e+01;2.1961865e-01;2.2500000e+01;2.2329636e-01;2.2500000e+01;2.1662475e-01;2.2500000e+01;1.9458684e-01;2.2500000e+01;1.5983751e-01;2.2500000e+01;1.1888196e-01;2.2500000e+01;7.7093177e-02;2.2500000e+01;3.7537523e-02;2.2500000e+01;-6.1384775e-03;2.2500000e+01;-4.2474987e-03;2.2500000e+01;4.5807017e-03;2.2500000e+01;2.0901324e-02;2.2500000e+01;4.4679336e-02;2.2500000e+01;7.0701003e-02;2.2500000e+01;1.0173568e-01;2.2500000e+01;1.3776456e-01;2.2500000e+01;1.7532545e-01;2.2500000e+01;2.0218208e-01;2.2500000e+01;2.1961865e-01;2.2500000e+01;2.2329636e-01;2.2500000e+01;2.1662475e-01;2.2500000e+01;1.9458684e-01;2.2500000e+01;1.5983751e-01;2.2500000e+01;1.1888196e-01;2.2500000e+01;7.7093177e-02;2.2500000e+01;3.7537523e-02;2.2500000e+01;-6.1384775e-03;2.2500000e+01;-4.2474987e-03;2.2500000e+01;4.5807017e-03;2.2500000e+01;2.0901324e-02;2.2500000e+01;4.4679336e-02;2.2500000e+01;7.0701003e-02;2.2500000e+01;1.0173568e-01;2.2500000e+01;1.3776456e-01;2.2500000e+01;1.7532545e-01;2.2500000e+01;2.0218208e-01;2.2500000e+01;2.1961865e-01;2.2500000e+01;2.2329636e-01;2.2500000e+01;2.1662475e-01;2.2500000e+01;1.9458684e-01;2.2500000e+01;1.5983751e-01;2.2500000e+01;1.1888196e-01;2.2500000e+01;7.7093177e-02;2.2500000e+01;3.7537523e-02;2.2500000e+01;-6.1384775e-03;2.2500000e+01;-4.2474987e-03;2.2500000e+01;4.5807017e-03;2.2500000e+01;2.0901324e-02;2.2500000e+01;4.4679336e-02;2.2500000e+01;7.0701003e-02;2.2500000e+01;1.0173568e-01;2.2500000e+01;1.3776456e-01;2.2500000e+01;1.7532545e-01;2.2500000e+01;2.0218208e-01;2.2500000e+01;2.1961865e-01;2.2500000e+01;2.2329636e-01;2.2500000e+01;2.1662475e-01;2.2500000e+01;1.9458684e-01;2.2500000e+01;1.5983751e-01;2.2500000e+01;1.1888196e-01;2.2500000e+01;7.7093177e-02;2.2500000e+01;3.7537523e-02;2.2500000e+01;-6.1384775e-03;2.2500000e+01;-4.2474987e-03;2.2500000e+01;4.5807017e-03;2.2500000e+01;2.0901324e-02;2.2500000e+01;4.4679336e-02;2.2500000e+01;7.0701003e-02;2.2500000e+01;1.0173568e-01;2.2500000e+01;1.3776456e-01;2.2500000e+01;1.7532545e-01;2.2500000e+01;2.0218208e-01;2.2500000e+01;2.1961865e-01;2.2500000e+01;2.2329636e-01;2.2500000e+01;2.1662475e-01;2.2500000e+01;1.9458684e-01;2.2500000e+01;1.5983751e-01;2.2500000e+01;1.1888196e-01;2.2500000e+01;7.7093177e-02;2.2500000e+01;3.7537523e-02;2.2500000e+01;-6.1384775e-03;2.2500000e+01;-4.2474987e-03;2.2500000e+01;4.5807017e-03;2.2500000e+01;2.0901324e-02;2.2500000e+01;4.4679336e-02;2.2500000e+01;7.0701003e-02;2.2500000e+01;1.0173568e-01;2.2500000e+01;1.3776456e-01;2.2500000e+01;1.7532545e-01;2.2500000e+01;2.0218208e-01;2.2500000e+01;2.1961865e-01;2.2500000e+01;2.2329636e-01;2.2500000e+01;2.1662475e-01;2.2500000e+01;1.9458684e-01;2.2500000e+01;1.5983751e-01;2.2500000e+01;1.1888196e-01;2.2500000e+01;7.7093177e-02;2.2500000e+01;3.7537523e-02;2.2500000e+01;-6.1384775e-03;2.2500000e+01;-4.2474987e-03;2.2500000e+01;4.5807017e-03;2.2500000e+01;2.0901324e-02;2.2500000e+01;4.4679336e-02;2.2500000e+01;7.0701003e-02;2.2500000e+01;1.0173568e-01;2.2500000e+01;1.3776456e-01;2.2500000e+01;1.7532545e-01;2.2500000e+01;2.0218208e-01;2.2500000e+01;2.1961865e-01;2.2500000e+01;2.2329636e-01;2.2500000e+01;2.1662475e-01;2.2500000e+01;1.9458684e-01;2.2500000e+01;1.5983751e-01;2.2500000e+01;1.1888196e-01;2.2500000e+01;7.7093177e-02;2.2500000e+01;3.7537523e-02;2.2500000e+01;-6.1384775e-03;2.2500000e+01;-4.2474987e-03;2.2500000e+01;4.5807017e-03;2.2500000e+01;2.0901324e-02;2.2500000e+01;4.4679336e-02;2.2500000e+01;7.0701003e-02;2.2500000e+01;1.0173568e-01;2.2500000e+01;1.3776456e-01;2.2500000e+01;1.7532545e-01;2.2500000e+01;2.0218208e-01;2.2500000e+01;2.1961865e-01;2.2500000e+01;2.2329636e-01;2.2500000e+01;2.1662475e-01;2.2500000e+01;1.9458684e-01;2.2500000e+01;1.5983751e-01;2.2500000e+01;1.1888196e-01;2.2500000e+01;7.7093177e-02;2.2500000e+01;3.7537523e-02;2.2500000e+01;-6.1384775e-03;2.2500000e+01;-4.2474987e-03;2.2500000e+01;4.5807017e-03;2.2500000e+01;2.0901324e-02;2.2500000e+01;4.4679336e-02;2.2500000e+01;7.0701003e-02;2.2500000e+01;1.0173568e-01;2.2500000e+01;1.3776456e-01;2.2500000e+01;1.7532545e-01;2.2500000e+01;2.0218208e-01;2.2500000e+01;2.1961865e-01;2.2500000e+01;2.2329636e-01;2.2500000e+01;2.1662475e-01;2.2500000e+01;1.9458684e-01;2.2500000e+01;1.5983751e-01;2.2500000e+01;1.1888196e-01;2.2500000e+01;7.7093177e-02;2.2500000e+01;3.7537523e-02;2.2500000e+01;-6.1384775e-03;2.2500000e+01;-4.2474987e-03;2.2500000e+01;4.5807017e-03;2.2500000e+01;2.0901324e-02;2.2500000e+01;4.4679336e-02;2.2500000e+01;7.0701003e-02;2.2500000e+01;1.0173568e-01;2.2500000e+01;1.3776456e-01;2.2500000e+01;1.7532545e-01;2.2500000e+01;2.0218208e-01;2.2500000e+01;2.1961865e-01;2.2500000e+01;2.2329636e-01;2.2500000e+01;2.1662475e-01;2.2500000e+01;1.9458684e-01;2.2500000e+01;1.5983751e-01;2.2500000e+01;1.1888196e-01;2.2500000e+01;7.7093177e-02;2.2500000e+01;3.7537523e-02;2.2500000e+01;-6.1384775e-03;2.2500000e+01;-4.2474987e-03;2.2500000e+01;4.5807017e-03;2.2500000e+01;2.0901324e-02;2.2500000e+01;4.4679336e-02;2.2500000e+01;7.0701003e-02;2.2500000e+01;1.0173568e-01;2.2500000e+01;1.3776456e-01;2.2500000e+01;1.7532545e-01;2.2500000e+01;2.0218208e-01;2.2500000e+01;2.1961865e-01;2.2500000e+01;2.2329636e-01;2.2500000e+01;2.1662475e-01;2.2500000e+01;1.9458684e-01;2.2500000e+01;1.5983751e-01;2.2500000e+01;1.1888196e-01;2.2500000e+01;7.7093177e-02;2.2500000e+01;3.7537523e-02;2.2500000e+01;-6.1384775e-03;2.2500000e+01;-4.2474987e-03;2.2500000e+01;4.5807017e-03;2.2500000e+01;2.0901324e-02;2.2500000e+01;4.4679336e-02;2.2500000e+01;7.0701003e-02;2.2500000e+01;1.0173568e-01;2.2500000e+01;1.3776456e-01;2.2500000e+01;1.7532545e-01;2.2500000e+01;2.0218208e-01;2.2500000e+01;2.1961865e-01;2.2500000e+01;2.2329636e-01;2.2500000e+01;2.1662475e-01;2.2500000e+01;1.9458684e-01;2.2500000e+01;1.5983751e-01;2.2500000e+01;1.1888196e-01;2.2500000e+01;7.7093177e-02;2.2500000e+01;3.7537523e-02;2.2500000e+01;-6.1384775e-03;2.2500000e+01;-4.2474987e-03;2.2500000e+01;4.5807017e-03;2.2500000e+01;2.0901324e-02;2.2500000e+01;4.4679336e-02;2.2500000e+01;7.0701003e-02;2.2500000e+01;1.0173568e-01;2.2500000e+01;1.3776456e-01;2.2500000e+01;1.7532545e-01;2.2500000e+01;2.0218208e-01;2.2500000e+01;2.1961865e-01;2.2500000e+01;2.2329636e-01;2.2500000e+01;2.1662475e-01;2.2500000e+01;1.9458684e-01;2.2500000e+01;1.5983751e-01;2.2500000e+01;1.1888196e-01;2.2500000e+01;7.7093177e-02;2.2500000e+01;3.7537523e-02;2.2500000e+01;-6.1384775e-03;2.2500000e+01;-4.2474987e-03;2.2500000e+01;4.5807017e-03;2.2500000e+01;2.0901324e-02;2.2500000e+01;4.4679336e-02;2.2500000e+01;7.0701003e-02;2.2500000e+01;1.0173568e-01;2.2500000e+01;1.3776456e-01;2.2500000e+01;1.7532545e-01;2.2500000e+01;2.0218208e-01;2.2500000e+01;2.1961865e-01;2.2500000e+01;2.2329636e-01;2.2500000e+01;2.1662475e-01;2.2500000e+01;1.9458684e-01;2.2500000e+01;1.5983751e-01;2.2500000e+01;1.1888196e-01;2.2500000e+01;7.7093177e-02;2.2500000e+01;3.7537523e-02;2.2500000e+01;-6.1384775e-03;2.2500000e+01;-4.2474987e-03;2.2500000e+01;4.5807017e-03;2.2500000e+01;2.0901324e-02;2.2500000e+01;4.4679336e-02;2.2500000e+01;7.0701003e-02;2.2500000e+01;1.0173568e-01;2.2500000e+01;1.3776456e-01;2.2500000e+01;1.7532545e-01;2.2500000e+01;2.0218208e-01;2.2500000e+01;2.1961865e-01;2.2500000e+01;2.2329636e-01;2.2500000e+01;2.1662475e-01;2.2500000e+01;1.9458684e-01;2.2500000e+01;1.5983751e-01;2.2500000e+01;1.1888196e-01;2.2500000e+01;7.7093177e-02;2.2500000e+01;3.7537523e-02;2.2500000e+01;-6.1384775e-03;2.2500000e+01;-4.2474987e-03;2.2500000e+01;4.5807017e-03;2.2500000e+01;2.0901324e-02;2.2500000e+01;4.4679336e-02;2.2500000e+01;7.0701003e-02;2.2500000e+01;1.0173568e-01;2.2500000e+01;1.3776456e-01;2.2500000e+01;1.7532545e-01;2.2500000e+01;2.0218208e-01;2.2500000e+01;2.1961865e-01;2.2500000e+01;2.2329636e-01;2.2500000e+01;2.1662475e-01;2.2500000e+01;1.9458684e-01;2.2500000e+01;1.5983751e-01;2.2500000e+01;1.1888196e-01;2.2500000e+01;7.7093177e-02;2.2500000e+01;3.7537523e-02;2.2500000e+01;-6.1384775e-03;2.2500000e+01;-4.2474987e-03;2.2500000e+01;4.5807017e-03;2.2500000e+01;2.0901324e-02;2.2500000e+01;4.4679336e-02;2.2500000e+01;7.0701003e-02;2.2500000e+01;1.0173568e-01;2.2500000e+01;1.3776456e-01;2.2500000e+01;1.7532545e-01;2.2500000e+01;2.0218208e-01;2.2500000e+01;2.1961865e-01;2.2500000e+01;2.2329636e-01;2.2500000e+01;2.1662475e-01;2.2500000e+01;1.9458684e-01;2.2500000e+01;1.5983751e-01;2.2500000e+01;1.1888196e-01;2.2500000e+01;7.7093177e-02;2.2500000e+01;3.7537523e-02;2.2500000e+01;-6.1384775e-03;2.2500000e+01;-4.2474987e-03;2.2500000e+01;4.5807017e-03;2.2500000e+01;2.0901324e-02;2.2500000e+01;4.4679336e-02;2.2500000e+01;7.0701003e-02;2.2500000e+01;1.0173568e-01;2.2500000e+01;1.3776456e-01;2.2500000e+01;1.7532545e-01;2.2500000e+01;2.0218208e-01;2.2500000e+01;2.1961865e-01;2.2500000e+01;2.2329636e-01;2.2500000e+01;2.1662475e-01;2.2500000e+01;1.9458684e-01;2.2500000e+01;1.5983751e-01;2.2500000e+01;1.1888196e-01;2.2500000e+01;7.7093177e-02;2.2500000e+01;3.7537523e-02;2.2500000e+01;-6.1384775e-03;2.2500000e+01;-4.2474987e-03;2.2500000e+01;4.5807017e-03;2.2500000e+01;2.0901324e-02;2.2500000e+01;4.4679336e-02;2.2500000e+01;7.0701003e-02;2.2500000e+01;1.0173568e-01;2.2500000e+01;1.3776456e-01;2.2500000e+01;1.7532545e-01;2.2500000e+01;2.0218208e-01;2.2500000e+01;2.1961865e-01;2.2500000e+01;2.2329636e-01;2.2500000e+01;2.1662475e-01;2.2500000e+01;1.9458684e-01;2.2500000e+01;1.5983751e-01;2.2500000e+01;1.1888196e-01;2.2500000e+01;7.7093177e-02;2.2500000e+01;3.7537523e-02;2.2500000e+01;-6.1384775e-03;2.2500000e+01;-4.2474987e-03;2.2500000e+01;4.5807017e-03;2.2500000e+01;2.0901324e-02;2.2500000e+01;4.4679336e-02;2.2500000e+01;7.0701003e-02;2.2500000e+01;1.0173568e-01;2.2500000e+01;1.3776456e-01;2.2500000e+01;1.7532545e-01;2.2500000e+01;2.0218208e-01;2.2500000e+01;2.1961865e-01;2.2500000e+01;2.2329636e-01;2.2500000e+01;2.1662475e-01;2.2500000e+01;1.9458684e-01;2.2500000e+01;1.5983751e-01;2.2500000e+01;1.1888196e-01;2.2500000e+01;7.7093177e-02;2.2500000e+01;3.7537523e-02;2.2500000e+01;-6.1384775e-03;2.2500000e+01;-4.2474987e-03;2.2500000e+01;4.5807017e-03;2.2500000e+01;2.0901324e-02;2.2500000e+01;4.4679336e-02;2.2500000e+01;7.0701003e-02;2.2500000e+01;1.0173568e-01;2.2500000e+01;1.3776456e-01;2.2500000e+01;1.7532545e-01;2.2500000e+01;2.0218208e-01;2.2500000e+01;2.1961865e-01;2.2500000e+01;2.2329636e-01;2.2500000e+01;2.1662475e-01;2.2500000e+01;1.9458684e-01;2.2500000e+01;1.5983751e-01;2.2500000e+01;1.1888196e-01;2.2500000e+01;7.7093177e-02;2.2500000e+01;3.7537523e-02;2.2500000e+01;-6.1384775e-03;2.2500000e+01;-4.2474987e-03;2.2500000e+01;4.5807017e-03;2.2500000e+01;2.0901324e-02;2.2500000e+01;4.4679336e-02;2.2500000e+01;7.0701003e-02;2.2500000e+01;1.0173568e-01;2.2500000e+01;1.3776456e-01;2.2500000e+01;1.7532545e-01;2.2500000e+01;2.0218208e-01;2.2500000e+01;2.1961865e-01;2.2500000e+01;2.2329636e-01;2.2500000e+01;2.1662475e-01;2.2500000e+01;1.9458684e-01;2.2500000e+01;1.5983751e-01;2.2500000e+01;1.1888196e-01;2.2500000e+01;7.7093177e-02;2.2500000e+01;3.7537523e-02;2.2500000e+01;-6.1384775e-03;2.2500000e+01;-4.2474987e-03;2.2500000e+01;4.5807017e-03;2.2500000e+01;2.0901324e-02;2.2500000e+01;4.4679336e-02;2.2500000e+01;7.0701003e-02;2.2500000e+01;1.0173568e-01;2.2500000e+01;1.3776456e-01;2.2500000e+01;1.7532545e-01;2.2500000e+01;2.0218208e-01;2.2500000e+01;2.1961865e-01;2.2500000e+01;2.2329636e-01;2.2500000e+01;2.1662475e-01;2.2500000e+01;1.9458684e-01;2.2500000e+01;1.5983751e-01;2.2500000e+01;1.1888196e-01;2.2500000e+01;7.7093177e-02;2.2500000e+01;3.7537523e-02;2.2500000e+01;-6.1384775e-03;2.2500000e+01;-4.2474987e-03;2.2500000e+01;4.5807017e-03;2.2500000e+01;2.0901324e-02;2.2500000e+01;4.4679336e-02;2.2500000e+01;7.0701003e-02;2.2500000e+01;1.0173568e-01;2.2500000e+01;1.3776456e-01;2.2500000e+01;1.7532545e-01;2.2500000e+01;2.0218208e-01;2.2500000e+01;2.1961865e-01;2.2500000e+01;2.2329636e-01;2.2500000e+01;2.1662475e-01;2.2500000e+01;1.9458684e-01;2.2500000e+01;1.5983751e-01;2.2500000e+01;1.1888196e-01;2.2500000e+01;7.7093177e-02;2.2500000e+01;3.7537523e-02;2.2500000e+01;-6.1384775e-03;2.2500000e+01;-4.2474987e-03;2.2500000e+01;4.5807017e-03;2.2500000e+01;2.0901324e-02;2.2500000e+01;4.4679336e-02;2.2500000e+01;7.0701003e-02;2.2500000e+01;1.0173568e-01;2.2500000e+01;1.3776456e-01;2.2500000e+01;1.7532545e-01;2.2500000e+01;2.0218208e-01;2.2500000e+01;2.1961865e-01;2.2500000e+01;2.2329636e-01;2.2500000e+01;2.1662475e-01;2.2500000e+01;1.9458684e-01;2.2500000e+01;1.5983751e-01;2.2500000e+01;1.1888196e-01;2.2500000e+01;7.7093177e-02;2.2500000e+01;3.7537523e-02;2.2500000e+01;-6.1384775e-03;2.2500000e+01;-4.2474987e-03;2.2500000e+01;4.5807017e-03;2.2500000e+01;2.0901324e-02;2.2500000e+01;4.4679336e-02;2.2500000e+01;7.0701003e-02;2.2500000e+01;1.0173568e-01;2.2500000e+01;1.3776456e-01;2.2500000e+01;1.7532545e-01;2.2500000e+01;2.0218208e-01;2.2500000e+01;2.1961865e-01;2.2500000e+01;2.2329636e-01;2.2500000e+01;2.1662475e-01;2.2500000e+01;1.9458684e-01;2.2500000e+01;1.5983751e-01;2.2500000e+01;1.1888196e-01;2.2500000e+01;7.7093177e-02;2.2500000e+01;3.7537523e-02;2.2500000e+01;-6.1384775e-03;2.2500000e+01;-4.2474987e-03;2.2500000e+01;4.5807017e-03;2.2500000e+01;2.0901324e-02;2.2500000e+01;4.4679336e-02;2.2500000e+01;7.0701003e-02;2.2500000e+01;1.0173568e-01;2.2500000e+01;1.3776456e-01;2.2500000e+01;1.7532545e-01;2.2500000e+01;2.0218208e-01;2.2500000e+01;2.1961865e-01;2.2500000e+01;2.2329636e-01;2.2500000e+01;2.1662475e-01;2.2500000e+01;1.9458684e-01;2.2500000e+01;1.5983751e-01;2.2500000e+01;1.1888196e-01;2.2500000e+01;7.7093177e-02;2.2500000e+01;3.7537523e-02;2.2500000e+01;-6.1384775e-03;2.2500000e+01;-4.2474987e-03;2.2500000e+01;4.5807017e-03;2.2500000e+01;2.0901324e-02;2.2500000e+01;4.4679336e-02;2.2500000e+01;7.0701003e-02;2.2500000e+01;1.0173568e-01;2.2500000e+01;1.3776456e-01;2.2500000e+01;1.7532545e-01;2.2500000e+01;2.0218208e-01;2.2500000e+01;2.1961865e-01;2.2500000e+01;2.2329636e-01;2.2500000e+01;2.1662475e-01;2.2500000e+01;1.9458684e-01;2.2500000e+01;1.5983751e-01;2.2500000e+01;1.1888196e-01;2.2500000e+01;7.7093177e-02;2.2500000e+01;3.7537523e-02;2.2500000e+01;-6.1384775e-03;2.2500000e+01;-4.2474987e-03;2.2500000e+01;4.5807017e-03;2.2500000e+01;2.0901324e-02;2.2500000e+01;4.4679336e-02;2.2500000e+01;7.0701003e-02;2.2500000e+01;1.0173568e-01;2.2500000e+01;1.3776456e-01;2.2500000e+01;1.7532545e-01;2.2500000e+01;2.0218208e-01;2.2500000e+01;2.1961865e-01;2.2500000e+01;2.2329636e-01;2.2500000e+01;2.1662475e-01;2.2500000e+01;1.9458684e-01;2.2500000e+01;1.5983751e-01;2.2500000e+01;1.1888196e-01;2.2500000e+01;7.7093177e-02;2.2500000e+01;3.7537523e-02;2.2500000e+01;-6.1384775e-03;2.2500000e+01;-4.2474987e-03;2.2500000e+01;4.5807017e-03;2.2500000e+01;2.0901324e-02;2.2500000e+01;4.4679336e-02;2.2500000e+01;7.0701003e-02;2.2500000e+01;1.0173568e-01;2.2500000e+01;1.3776456e-01;2.2500000e+01;1.7532545e-01;2.2500000e+01;2.0218208e-01;2.2500000e+01;2.1961865e-01;2.2500000e+01;2.2329636e-01;2.2500000e+01;2.1662475e-01;2.2500000e+01;1.9458684e-01;2.2500000e+01;1.5983751e-01;2.2500000e+01;1.1888196e-01;2.2500000e+01;7.7093177e-02;2.2500000e+01;3.7537523e-02;2.2500000e+01;-6.1384775e-03;2.2500000e+01;-4.2474987e-03;2.2500000e+01;4.5807017e-03;2.2500000e+01;2.0901324e-02;2.2500000e+01;4.4679336e-02;2.2500000e+01;7.0701003e-02;2.2500000e+01;1.0173568e-01;2.2500000e+01;1.3776456e-01;2.2500000e+01;1.7532545e-01;2.2500000e+01;2.0218208e-01;2.2500000e+01;2.1961865e-01;2.2500000e+01;2.2329636e-01;2.2500000e+01;2.1662475e-01;2.2500000e+01;1.9458684e-01;2.2500000e+01;1.5983751e-01;2.2500000e+01;1.1888196e-01;2.2500000e+01;7.7093177e-02;2.2500000e+01;3.7537523e-02;2.2500000e+01;-6.1384775e-03;2.2500000e+01;-4.2474987e-03;2.2500000e+01;4.5807017e-03;2.2500000e+01;2.0901324e-02;2.2500000e+01;4.4679336e-02;2.2500000e+01;7.0701003e-02;2.2500000e+01;1.0173568e-01;2.2500000e+01;1.3776456e-01;2.2500000e+01;1.7532545e-01;2.2500000e+01;2.0218208e-01;2.2500000e+01;2.1961865e-01;2.2500000e+01;2.2329636e-01;2.2500000e+01;2.1662475e-01;2.2500000e+01;1.9458684e-01;2.2500000e+01;1.5983751e-01;2.2500000e+01;1.1888196e-01;2.2500000e+01;7.7093177e-02;2.2500000e+01;3.7537523e-02;2.2500000e+01;-6.1384775e-03;2.2500000e+01;-4.2474987e-03;2.2500000e+01;4.5807017e-03;2.2500000e+01;2.0901324e-02;2.2500000e+01;4.4679336e-02;2.2500000e+01;7.0701003e-02;2.2500000e+01;1.0173568e-01;2.2500000e+01;1.3776456e-01;2.2500000e+01;1.7532545e-01;2.2500000e+01;2.0218208e-01;2.2500000e+01;2.1961865e-01;2.2500000e+01;2.2329636e-01;2.2500000e+01;2.1662475e-01;2.2500000e+01;1.9458684e-01;2.2500000e+01;1.5983751e-01;2.2500000e+01;1.1888196e-01;2.2500000e+01;7.7093177e-02;2.2500000e+01;3.7537523e-02;2.2500000e+01;-6.1384775e-03;2.2500000e+01;-4.2474987e-03;2.2500000e+01;4.5807017e-03;2.2500000e+01;2.0901324e-02;2.2500000e+01;4.4679336e-02;2.2500000e+01;7.0701003e-02;2.2500000e+01;1.0173568e-01;2.2500000e+01;1.3776456e-01;2.2500000e+01;1.7532545e-01;2.2500000e+01;2.0218208e-01;2.2500000e+01;2.1961865e-01;2.2500000e+01;2.2329636e-01;2.2500000e+01;2.1662475e-01;2.2500000e+01;1.9458684e-01;2.2500000e+01;1.5983751e-01;2.2500000e+01;1.1888196e-01;2.2500000e+01;7.7093177e-02;2.2500000e+01;3.7537523e-02;2.2500000e+01;-6.1384775e-03;2.2500000e+01;-4.2474987e-03;2.2500000e+01;4.5807017e-03;2.2500000e+01;2.0901324e-02;2.2500000e+01;4.4679336e-02;2.2500000e+01;7.0701003e-02;2.2500000e+01;1.0173568e-01;2.2500000e+01;1.3776456e-01;2.2500000e+01;1.7532545e-01;2.2500000e+01;2.0218208e-01;2.2500000e+01;2.1961865e-01;2.2500000e+01;2.2329636e-01;2.2500000e+01;2.1662475e-01;2.2500000e+01;1.9458684e-01;2.2500000e+01;1.5983751e-01;2.2500000e+01;1.1888196e-01;2.2500000e+01;7.7093177e-02;2.2500000e+01;3.7537523e-02;2.2500000e+01;-6.1384775e-03;2.2500000e+01;-4.2474987e-03;2.2500000e+01;4.5807017e-03;2.2500000e+01;2.0901324e-02;2.2500000e+01;4.4679336e-02;2.2500000e+01;7.0701003e-02;2.2500000e+01;1.0173568e-01;2.2500000e+01;1.3776456e-01;2.2500000e+01;1.7532545e-01;2.2500000e+01;2.0218208e-01;2.2500000e+01;2.1961865e-01;2.2500000e+01;2.2329636e-01;2.2500000e+01;2.1662475e-01;2.2500000e+01;1.9458684e-01;2.2500000e+01;1.5983751e-01;2.2500000e+01;1.1888196e-01;2.2500000e+01;7.7093177e-02;2.2500000e+01;3.7537523e-02;2.2500000e+01;-6.1384775e-03;2.2500000e+01;-4.2474987e-03;2.2500000e+01;4.5807017e-03;2.2500000e+01;2.0901324e-02;2.2500000e+01;4.4679336e-02;2.2500000e+01;7.0701003e-02;2.2500000e+01;1.0173568e-01;2.2500000e+01;1.3776456e-01;2.2500000e+01;1.7532545e-01;2.2500000e+01;2.0218208e-01;2.2500000e+01;2.1961865e-01;2.2500000e+01;2.2329636e-01;2.2500000e+01;2.1662475e-01;2.2500000e+01;1.9458684e-01;2.2500000e+01;1.5983751e-01;2.2500000e+01;1.1888196e-01;2.2500000e+01;7.7093177e-02;2.2500000e+01;3.7537523e-02;2.2500000e+01;-6.1384775e-03;2.2500000e+01;-4.2474987e-03;2.2500000e+01;4.5807017e-03;2.2500000e+01;2.0901324e-02;2.2500000e+01;4.4679336e-02;2.2500000e+01;7.0701003e-02;2.2500000e+01;1.0173568e-01;2.2500000e+01;1.3776456e-01;2.2500000e+01;1.7532545e-01;2.2500000e+01;2.0218208e-01;2.2500000e+01;2.1961865e-01;2.2500000e+01;2.2329636e-01;2.2500000e+01;2.1662475e-01;2.2500000e+01;1.9458684e-01;2.2500000e+01;1.5983751e-01;2.2500000e+01;1.1888196e-01;2.2500000e+01;7.7093177e-02;2.2500000e+01;3.7537523e-02;2.2500000e+01;-6.1384775e-03;2.2500000e+01;-4.2474987e-03;2.2500000e+01;4.5807017e-03;2.2500000e+01;2.0901324e-02;2.2500000e+01;4.4679336e-02;2.2500000e+01;7.0701003e-02;2.2500000e+01;1.0173568e-01;2.2500000e+01;1.3776456e-01;2.2500000e+01;1.7532545e-01;2.2500000e+01;2.0218208e-01;2.2500000e+01;2.1961865e-01;2.2500000e+01;2.2329636e-01;2.2500000e+01;2.1662475e-01;2.2500000e+01;1.9458684e-01;2.2500000e+01;1.5983751e-01;2.2500000e+01;1.1888196e-01;2.2500000e+01;7.7093177e-02;2.2500000e+01;3.7537523e-02;2.2500000e+01;-6.1384775e-03;2.2500000e+01;-4.2474987e-03;2.2500000e+01;4.5807017e-03;2.2500000e+01;2.0901324e-02;2.2500000e+01;4.4679336e-02;2.2500000e+01;7.0701003e-02;2.2500000e+01;1.0173568e-01;2.2500000e+01;1.3776456e-01;2.2500000e+01;1.7532545e-01;2.2500000e+01;2.0218208e-01;2.2500000e+01;2.1961865e-01;2.2500000e+01;2.2329636e-01;2.2500000e+01;2.1662475e-01;2.2500000e+01;1.9458684e-01;2.2500000e+01;1.5983751e-01;2.2500000e+01;1.1888196e-01;2.2500000e+01;7.7093177e-02;2.2500000e+01;3.7537523e-02;2.2500000e+01;-6.1384775e-03;2.2500000e+01;-4.2474987e-03;2.2500000e+01;4.5807017e-03;2.2500000e+01;2.0901324e-02;2.2500000e+01;4.4679336e-02;2.2500000e+01;7.0701003e-02;2.2500000e+01;1.0173568e-01;2.2500000e+01;1.3776456e-01;2.2500000e+01;1.7532545e-01;2.2500000e+01;2.0218208e-01;2.2500000e+01;2.1961865e-01;2.2500000e+01;2.2329636e-01;2.2500000e+01;2.1662475e-01;2.2500000e+01;1.9458684e-01;2.2500000e+01;1.5983751e-01;2.2500000e+01;1.1888196e-01;2.2500000e+01;7.7093177e-02;2.2500000e+01;3.7537523e-02;2.2500000e+01;-6.1384775e-03;2.2500000e+01;-4.2474987e-03;2.2500000e+01;4.5807017e-03;2.2500000e+01;2.0901324e-02;2.2500000e+01;4.4679336e-02;2.2500000e+01;7.0701003e-02;2.2500000e+01;1.0173568e-01;2.2500000e+01;1.3776456e-01;2.2500000e+01;1.7532545e-01;2.2500000e+01;2.0218208e-01;2.2500000e+01;2.1961865e-01;2.2500000e+01;2.2329636e-01;2.2500000e+01;2.1662475e-01;2.2500000e+01;1.9458684e-01;2.2500000e+01;1.5983751e-01;2.2500000e+01;1.1888196e-01;2.2500000e+01;7.7093177e-02;2.2500000e+01;3.7537523e-02;2.2500000e+01;-6.1384775e-03;2.2500000e+01;-4.2474987e-03;2.2500000e+01;4.5807017e-03;2.2500000e+01;2.0901324e-02;2.2500000e+01;4.4679336e-02;2.2500000e+01;7.0701003e-02;2.2500000e+01;1.0173568e-01;2.2500000e+01;1.3776456e-01;2.2500000e+01;1.7532545e-01;2.2500000e+01;2.0218208e-01;2.2500000e+01;2.1961865e-01;2.2500000e+01;2.2329636e-01;2.2500000e+01;2.1662475e-01;2.2500000e+01;1.9458684e-01;2.2500000e+01;1.5983751e-01;2.2500000e+01;1.1888196e-01;2.2500000e+01;7.7093177e-02;2.2500000e+01;3.7537523e-02;2.2500000e+01;-6.1384775e-03;2.2500000e+01;-4.2474987e-03;2.2500000e+01;4.5807017e-03;2.2500000e+01;2.0901324e-02;2.2500000e+01;4.4679336e-02;2.2500000e+01;7.0701003e-02;2.2500000e+01;1.0173568e-01;2.2500000e+01;1.3776456e-01;2.2500000e+01;1.7532545e-01;2.2500000e+01;2.0218208e-01;2.2500000e+01;2.1961865e-01;2.2500000e+01;2.2329636e-01;2.2500000e+01;2.1662475e-01;2.2500000e+01;1.9458684e-01;2.2500000e+01;1.5983751e-01;2.2500000e+01;1.1888196e-01;2.2500000e+01;7.7093177e-02;2.2500000e+01;3.7537523e-02;2.2500000e+01;-6.1384775e-03;2.2500000e+01;-4.2474987e-03;2.2500000e+01;4.5807017e-03;2.2500000e+01;2.0901324e-02;2.2500000e+01;4.4679336e-02;2.2500000e+01;7.0701003e-02;2.2500000e+01;1.0173568e-01;2.2500000e+01;1.3776456e-01;2.2500000e+01;1.7532545e-01;2.2500000e+01;2.0218208e-01;2.2500000e+01;2.1961865e-01;2.2500000e+01;2.2329636e-01;2.2500000e+01;2.1662475e-01;2.2500000e+01;1.9458684e-01;2.2500000e+01;1.5983751e-01;2.2500000e+01;1.1888196e-01;2.2500000e+01;7.7093177e-02;2.2500000e+01;3.7537523e-02;2.2500000e+01;-6.1384775e-03;2.2500000e+01;-4.2474987e-03;2.2500000e+01;4.5807017e-03;2.2500000e+01;2.0901324e-02;2.2500000e+01;4.4679336e-02;2.2500000e+01;7.0701003e-02;2.2500000e+01;1.0173568e-01;2.2500000e+01;1.3776456e-01;2.2500000e+01;1.7532545e-01;2.2500000e+01;2.0218208e-01;2.2500000e+01;2.1961865e-01;2.2500000e+01;2.2329636e-01;2.2500000e+01;2.1662475e-01;2.2500000e+01;1.9458684e-01;2.2500000e+01;1.5983751e-01;2.2500000e+01;1.1888196e-01;2.2500000e+01;7.7093177e-02;2.2500000e+01;3.7537523e-02;2.2500000e+01;-6.1384775e-03;2.2500000e+01;-4.2474987e-03;2.2500000e+01;4.5807017e-03;2.2500000e+01;2.0901324e-02;2.2500000e+01;4.4679336e-02;2.2500000e+01;7.0701003e-02;2.2500000e+01;1.0173568e-01;2.2500000e+01;1.3776456e-01;2.2500000e+01;1.7532545e-01;2.2500000e+01;2.0218208e-01;2.2500000e+01;2.1961865e-01;2.2500000e+01;2.2329636e-01;2.2500000e+01;2.1662475e-01;2.2500000e+01;1.9458684e-01;2.2500000e+01;1.5983751e-01;2.2500000e+01;1.1888196e-01;2.2500000e+01;7.7093177e-02;2.2500000e+01;3.7537523e-02;2.2500000e+01;-6.1384775e-03;2.2500000e+01;-4.2474987e-03;2.2500000e+01;4.5807017e-03;2.2500000e+01;2.0901324e-02;2.2500000e+01;4.4679336e-02;2.2500000e+01;7.0701003e-02;2.2500000e+01;1.0173568e-01;2.2500000e+01;1.3776456e-01;2.2500000e+01;1.7532545e-01;2.2500000e+01;2.0218208e-01;2.2500000e+01;2.1961865e-01;2.2500000e+01;2.2329636e-01;2.2500000e+01;2.1662475e-01;2.2500000e+01;1.9458684e-01;2.2500000e+01;1.5983751e-01;2.2500000e+01;1.1888196e-01;2.2500000e+01;7.7093177e-02;2.2500000e+01;3.7537523e-02;2.2500000e+01;-6.1384775e-03;2.2500000e+01;-4.2474987e-03;2.2500000e+01;4.5807017e-03;2.2500000e+01;2.0901324e-02;2.2500000e+01;4.4679336e-02;2.2500000e+01;7.0701003e-02;2.2500000e+01;1.0173568e-01;2.2500000e+01;1.3776456e-01;2.2500000e+01;1.7532545e-01;2.2500000e+01;2.0218208e-01;2.2500000e+01;2.1961865e-01;2.2500000e+01;2.2329636e-01;2.2500000e+01;2.1662475e-01;2.2500000e+01;1.9458684e-01;2.2500000e+01;1.5983751e-01;2.2500000e+01;1.1888196e-01;2.2500000e+01;7.7093177e-02;2.2500000e+01;3.7537523e-02;2.2500000e+01;-6.1384775e-03;2.2500000e+01;-4.2474987e-03;2.2500000e+01;4.5807017e-03;2.2500000e+01;2.0901324e-02;2.2500000e+01;4.4679336e-02;2.2500000e+01;7.0701003e-02;2.2500000e+01;1.0173568e-01;2.2500000e+01;1.3776456e-01;2.2500000e+01;1.7532545e-01;2.2500000e+01;2.0218208e-01;2.2500000e+01;2.1961865e-01;2.2500000e+01;2.2329636e-01;2.2500000e+01;2.1662475e-01;2.2500000e+01;1.9458684e-01;2.2500000e+01;1.5983751e-01;2.2500000e+01;1.1888196e-01;2.2500000e+01;7.7093177e-02;2.2500000e+01;3.7537523e-02;2.2500000e+01;-6.1384775e-03;2.2500000e+01;-4.2474987e-03;2.2500000e+01;4.5807017e-03;2.2500000e+01;2.0901324e-02;2.2500000e+01;4.4679336e-02;2.2500000e+01;7.0701003e-02;2.2500000e+01;1.0173568e-01;2.2500000e+01;1.3776456e-01;2.2500000e+01;1.7532545e-01;2.2500000e+01;2.0218208e-01;2.2500000e+01;2.1961865e-01;2.2500000e+01;2.2329636e-01;2.2500000e+01;2.1662475e-01;2.2500000e+01;1.9458684e-01;2.2500000e+01;1.5983751e-01;2.2500000e+01;1.1888196e-01;2.2500000e+01;7.7093177e-02;2.2500000e+01;3.7537523e-02;2.2500000e+01;-6.1384775e-03;2.2500000e+01;-4.2474987e-03;2.2500000e+01;4.5807017e-03;2.2500000e+01;2.0901324e-02;2.2500000e+01;4.4679336e-02;2.2500000e+01;7.0701003e-02;2.2500000e+01;1.0173568e-01;2.2500000e+01;1.3776456e-01;2.2500000e+01;1.7532545e-01;2.2500000e+01;2.0218208e-01;2.2500000e+01;2.1961865e-01;2.2500000e+01;2.2329636e-01;2.2500000e+01;2.1662475e-01;2.2500000e+01;1.9458684e-01;2.2500000e+01;1.5983751e-01;2.2500000e+01;1.1888196e-01;2.2500000e+01;7.7093177e-02;2.2500000e+01;3.7537523e-02;2.2500000e+01;-6.1384775e-03;2.2500000e+01;-4.2474987e-03;2.2500000e+01;4.5807017e-03;2.2500000e+01;2.0901324e-02;2.2500000e+01;4.4679336e-02;2.2500000e+01;7.0701003e-02;2.2500000e+01;1.0173568e-01;2.2500000e+01;1.3776456e-01;2.2500000e+01;1.7532545e-01;2.2500000e+01;2.0218208e-01;2.2500000e+01;2.1961865e-01;2.2500000e+01;2.2329636e-01;2.2500000e+01;2.1662475e-01;2.2500000e+01;1.9458684e-01;2.2500000e+01;1.5983751e-01;2.2500000e+01;1.1888196e-01;2.2500000e+01;7.7093177e-02;2.2500000e+01;3.7537523e-02;2.2500000e+01;-6.1384775e-03;2.2500000e+01;-4.2474987e-03;2.2500000e+01;4.5807017e-03;2.2500000e+01;2.0901324e-02;2.2500000e+01;4.4679336e-02;2.2500000e+01;7.0701003e-02;2.2500000e+01;1.0173568e-01;2.2500000e+01;1.3776456e-01;2.2500000e+01;1.7532545e-01;2.2500000e+01;2.0218208e-01;2.2500000e+01;2.1961865e-01;2.2500000e+01;2.2329636e-01;2.2500000e+01;2.1662475e-01;2.2500000e+01;1.9458684e-01;2.2500000e+01;1.5983751e-01;2.2500000e+01;1.1888196e-01;2.2500000e+01;7.7093177e-02;2.2500000e+01;3.7537523e-02;2.2500000e+01;-6.1384775e-03;2.2500000e+01;-4.2474987e-03;2.2500000e+01;4.5807017e-03;2.2500000e+01;2.0901324e-02;2.2500000e+01;4.4679336e-02;2.2500000e+01;7.0701003e-02;2.2500000e+01;1.0173568e-01;2.2500000e+01;1.3776456e-01;2.2500000e+01;1.7532545e-01;2.2500000e+01;2.0218208e-01;2.2500000e+01;2.1961865e-01;2.2500000e+01;2.2329636e-01;2.2500000e+01;2.1662475e-01;2.2500000e+01;1.9458684e-01;2.2500000e+01;1.5983751e-01;2.2500000e+01;1.1888196e-01;2.2500000e+01;7.7093177e-02;2.2500000e+01;3.7537523e-02;2.2500000e+01;-6.1384775e-03;2.2500000e+01;-4.2474987e-03;2.2500000e+01;4.5807017e-03;2.2500000e+01;2.0901324e-02;2.2500000e+01;4.4679336e-02;2.2500000e+01;7.0701003e-02;2.2500000e+01;1.0173568e-01;2.2500000e+01;1.3776456e-01;2.2500000e+01;1.7532545e-01;2.2500000e+01;2.0218208e-01;2.2500000e+01;2.1961865e-01;2.2500000e+01;2.2329636e-01;2.2500000e+01;2.1662475e-01;2.2500000e+01;1.9458684e-01;2.2500000e+01;1.5983751e-01;2.2500000e+01;1.1888196e-01;2.2500000e+01;7.7093177e-02;2.2500000e+01;3.7537523e-02;2.2500000e+01;-6.1384775e-03;2.2500000e+01;-4.2474987e-03;2.2500000e+01;4.5807017e-03;2.2500000e+01;2.0901324e-02;2.2500000e+01;4.4679336e-02;2.2500000e+01;7.0701003e-02;2.2500000e+01;1.0173568e-01;2.2500000e+01;1.3776456e-01;2.2500000e+01;1.7532545e-01;2.2500000e+01;2.0218208e-01;2.2500000e+01;2.1961865e-01;2.2500000e+01;2.2329636e-01;2.2500000e+01;2.1662475e-01;2.2500000e+01;1.9458684e-01;2.2500000e+01;1.5983751e-01;2.2500000e+01;1.1888196e-01;2.2500000e+01;7.7093177e-02;2.2500000e+01;3.7537523e-02;2.2500000e+01;-6.1384775e-03;2.2500000e+01;-4.2474987e-03;2.2500000e+01;4.5807017e-03;2.2500000e+01;2.0901324e-02;2.2500000e+01;4.4679336e-02;2.2500000e+01;7.0701003e-02;2.2500000e+01;1.0173568e-01;2.2500000e+01;1.3776456e-01;2.2500000e+01;1.7532545e-01;2.2500000e+01;2.0218208e-01;2.2500000e+01;2.1961865e-01;2.2500000e+01;2.2329636e-01;2.2500000e+01;2.1662475e-01;2.2500000e+01;1.9458684e-01;2.2500000e+01;1.5983751e-01;2.2500000e+01;1.1888196e-01;2.2500000e+01;7.7093177e-02;2.2500000e+01;3.7537523e-02;2.2500000e+01;-6.1384775e-03;2.2500000e+01;-4.2474987e-03;2.2500000e+01;4.5807017e-03;2.2500000e+01;2.0901324e-02;2.2500000e+01;4.4679336e-02;2.2500000e+01;7.0701003e-02;2.2500000e+01;1.0173568e-01;2.2500000e+01;1.3776456e-01;2.2500000e+01;1.7532545e-01;2.2500000e+01;2.0218208e-01;2.2500000e+01;2.1961865e-01;2.2500000e+01;2.2329636e-01;2.2500000e+01;2.1662475e-01;2.2500000e+01;1.9458684e-01;2.2500000e+01;1.5983751e-01;2.2500000e+01;1.1888196e-01;2.2500000e+01;7.7093177e-02;2.2500000e+01;3.7537523e-02;2.2500000e+01;-6.1384775e-03;2.2500000e+01;-4.2474987e-03;2.2500000e+01;4.5807017e-03;2.2500000e+01;2.0901324e-02;2.2500000e+01;4.4679336e-02;2.2500000e+01;7.0701003e-02;2.2500000e+01;1.0173568e-01;2.2500000e+01;1.3776456e-01;2.2500000e+01;1.7532545e-01;2.2500000e+01;2.0218208e-01;2.2500000e+01;2.1961865e-01;2.2500000e+01;2.2329636e-01;2.2500000e+01;2.1662475e-01;2.2500000e+01;1.9458684e-01;2.2500000e+01;1.5983751e-01;2.2500000e+01;1.1888196e-01;2.2500000e+01;7.7093177e-02;2.2500000e+01;3.7537523e-02;2.2500000e+01;-6.1384775e-03;2.2500000e+01;-4.2474987e-03;2.2500000e+01;4.5807017e-03;2.2500000e+01;2.0901324e-02;2.2500000e+01;4.4679336e-02;2.2500000e+01;7.0701003e-02;2.2500000e+01;1.0173568e-01;2.2500000e+01;1.3776456e-01;2.2500000e+01;1.7532545e-01;2.2500000e+01;2.0218208e-01;2.2500000e+01;2.1961865e-01;2.2500000e+01;2.2329636e-01;2.2500000e+01;2.1662475e-01;2.2500000e+01;1.9458684e-01;2.2500000e+01;1.5983751e-01;2.2500000e+01;1.1888196e-01;2.2500000e+01;7.7093177e-02;2.2500000e+01;3.7537523e-02;2.2500000e+01;-6.1384775e-03;2.2500000e+01;-4.2474987e-03;2.2500000e+01;4.5807017e-03;2.2500000e+01;2.0901324e-02;2.2500000e+01;4.4679336e-02;2.2500000e+01;7.0701003e-02;2.2500000e+01;1.0173568e-01;2.2500000e+01;1.3776456e-01;2.2500000e+01;1.7532545e-01;2.2500000e+01;2.0218208e-01;2.2500000e+01;2.1961865e-01;2.2500000e+01;2.2329636e-01;2.2500000e+01;2.1662475e-01;2.2500000e+01;1.9458684e-01;2.2500000e+01;1.5983751e-01;2.2500000e+01;1.1888196e-01;2.2500000e+01;7.7093177e-02;2.2500000e+01;3.7537523e-02;2.2500000e+01;-6.1384775e-03;2.2500000e+01;-4.2474987e-03;2.2500000e+01;4.5807017e-03;2.2500000e+01;2.0901324e-02;2.2500000e+01;4.4679336e-02;2.2500000e+01;7.0701003e-02;2.2500000e+01;1.0173568e-01;2.2500000e+01;1.3776456e-01;2.2500000e+01;1.7532545e-01;2.2500000e+01;2.0218208e-01;2.2500000e+01;2.1961865e-01;2.2500000e+01;2.2329636e-01;2.2500000e+01;2.1662475e-01;2.2500000e+01;1.9458684e-01;2.2500000e+01;1.5983751e-01;2.2500000e+01;1.1888196e-01;2.2500000e+01;7.7093177e-02;2.2500000e+01;3.7537523e-02;2.2500000e+01;-6.1384775e-03;2.2500000e+01;-4.2474987e-03;2.2500000e+01;4.5807017e-03;2.2500000e+01;2.0901324e-02;2.2500000e+01;4.4679336e-02;2.2500000e+01;7.0701003e-02;2.2500000e+01;1.0173568e-01;2.2500000e+01;1.3776456e-01;2.2500000e+01;1.7532545e-01;2.2500000e+01;2.0218208e-01;2.2500000e+01;2.1961865e-01;2.2500000e+01;2.2329636e-01;2.2500000e+01;2.1662475e-01;2.2500000e+01;1.9458684e-01;2.2500000e+01;1.5983751e-01;2.2500000e+01;1.1888196e-01;2.2500000e+01;7.7093177e-02;2.2500000e+01;3.7537523e-02;2.2500000e+01;-6.1384775e-03;2.2500000e+01;-4.2474987e-03;2.2500000e+01;4.5807017e-03;2.2500000e+01;2.0901324e-02;2.2500000e+01;4.4679336e-02;2.2500000e+01;7.0701003e-02;2.2500000e+01;1.0173568e-01;2.2500000e+01;1.3776456e-01;2.2500000e+01;1.7532545e-01;2.2500000e+01;2.0218208e-01;2.2500000e+01;2.1961865e-01;2.2500000e+01;2.2329636e-01;2.2500000e+01;2.1662475e-01;2.2500000e+01;1.9458684e-01;2.2500000e+01;1.5983751e-01;2.2500000e+01;1.1888196e-01;2.2500000e+01;7.7093177e-02;2.2500000e+01;3.7537523e-02;2.2500000e+01;-6.1384775e-03;2.2500000e+01;-4.2474987e-03;2.2500000e+01;4.5807017e-03;2.2500000e+01;2.0901324e-02;2.2500000e+01;4.4679336e-02;2.2500000e+01;7.0701003e-02;2.2500000e+01;1.0173568e-01;2.2500000e+01;1.3776456e-01;2.2500000e+01;1.7532545e-01;2.2500000e+01;2.0218208e-01;2.2500000e+01;2.1961865e-01;2.2500000e+01;2.2329636e-01;2.2500000e+01;2.1662475e-01;2.2500000e+01;1.9458684e-01;2.2500000e+01;1.5983751e-01;2.2500000e+01;1.1888196e-01;2.2500000e+01;7.7093177e-02;2.2500000e+01;3.7537523e-02;2.2500000e+01;-6.1384775e-03;2.2500000e+01;-4.2474987e-03;2.2500000e+01;4.5807017e-03;2.2500000e+01;2.0901324e-02;2.2500000e+01;4.4679336e-02;2.2500000e+01;7.0701003e-02;2.2500000e+01;1.0173568e-01;2.2500000e+01;1.3776456e-01;2.2500000e+01;1.7532545e-01;2.2500000e+01;2.0218208e-01;2.2500000e+01;2.1961865e-01;2.2500000e+01;2.2329636e-01;2.2500000e+01;2.1662475e-01;2.2500000e+01;1.9458684e-01;2.2500000e+01;1.5983751e-01;2.2500000e+01;1.1888196e-01;2.2500000e+01;7.7093177e-02;2.2500000e+01;3.7537523e-02;2.2500000e+01;-6.1384775e-03;2.2500000e+01;-4.2474987e-03;2.2500000e+01;4.5807017e-03;2.2500000e+01;2.0901324e-02;2.2500000e+01;4.4679336e-02;2.2500000e+01;7.0701003e-02;2.2500000e+01;1.0173568e-01;2.2500000e+01;1.3776456e-01;2.2500000e+01;1.7532545e-01;2.2500000e+01;2.0218208e-01;2.2500000e+01;2.1961865e-01;2.2500000e+01;2.2329636e-01;2.2500000e+01;2.1662475e-01;2.2500000e+01;1.9458684e-01;2.2500000e+01;1.5983751e-01;2.2500000e+01;1.1888196e-01;2.2500000e+01;7.7093177e-02;2.2500000e+01;3.7537523e-02;2.2500000e+01;-6.1384775e-03;2.2500000e+01;-4.2474987e-03;2.2500000e+01;4.5807017e-03;2.2500000e+01;2.0901324e-02;2.2500000e+01;4.4679336e-02;2.2500000e+01;7.0701003e-02;2.2500000e+01;1.0173568e-01;2.2500000e+01;1.3776456e-01;2.2500000e+01;1.7532545e-01;2.2500000e+01;2.0218208e-01;2.2500000e+01;2.1961865e-01;2.2500000e+01;2.2329636e-01;2.2500000e+01;2.1662475e-01;2.2500000e+01;1.9458684e-01;2.2500000e+01;1.5983751e-01;2.2500000e+01;1.1888196e-01;2.2500000e+01;7.7093177e-02;2.2500000e+01;3.7537523e-02;2.2500000e+01;-6.1384775e-03;2.2500000e+01;-4.2474987e-03;2.2500000e+01;4.5807017e-03;2.2500000e+01;2.0901324e-02;2.2500000e+01;4.4679336e-02;2.2500000e+01;7.0701003e-02;2.2500000e+01;1.0173568e-01;2.2500000e+01;1.3776456e-01;2.2500000e+01;1.7532545e-01;2.2500000e+01;2.0218208e-01;2.2500000e+01;2.1961865e-01;2.2500000e+01;2.2329636e-01;2.2500000e+01;2.1662475e-01;2.2500000e+01;1.9458684e-01;2.2500000e+01;1.5983751e-01;2.2500000e+01;1.1888196e-01;2.2500000e+01;7.7093177e-02;2.2500000e+01;3.7537523e-02;2.2500000e+01;-6.1384775e-03;2.2500000e+01;-4.2474987e-03;2.2500000e+01;4.5807017e-03;2.2500000e+01;2.0901324e-02;2.2500000e+01;4.4679336e-02;2.2500000e+01;7.0701003e-02;2.2500000e+01;1.0173568e-01;2.2500000e+01;1.3776456e-01;2.2500000e+01;1.7532545e-01;2.2500000e+01;2.0218208e-01;2.2500000e+01;2.1961865e-01;2.2500000e+01;2.2329636e-01;2.2500000e+01;2.1662475e-01;2.2500000e+01;1.9458684e-01;2.2500000e+01;1.5983751e-01;2.2500000e+01;1.1888196e-01;2.2500000e+01;7.7093177e-02;2.2500000e+01;3.7537523e-02;2.2500000e+01;-6.1384775e-03;2.2500000e+01;-4.2474987e-03;2.2500000e+01;4.5807017e-03;2.2500000e+01;2.0901324e-02;2.2500000e+01;4.4679336e-02;2.2500000e+01;7.0701003e-02;2.2500000e+01;1.0173568e-01;2.2500000e+01;1.3776456e-01;2.2500000e+01;1.7532545e-01;2.2500000e+01;2.0218208e-01;2.2500000e+01;2.1961865e-01;2.2500000e+01;2.2329636e-01;2.2500000e+01;2.1662475e-01;2.2500000e+01;1.9458684e-01;2.2500000e+01;1.5983751e-01;2.2500000e+01;1.1888196e-01;2.2500000e+01;7.7093177e-02;2.2500000e+01;3.7537523e-02;2.2500000e+01;-6.1384775e-03;2.2500000e+01;-4.2474987e-03;2.2500000e+01;4.5807017e-03;2.2500000e+01;2.0901324e-02;2.2500000e+01;4.4679336e-02;2.2500000e+01;7.0701003e-02;2.2500000e+01;1.0173568e-01;2.2500000e+01;1.3776456e-01;2.2500000e+01;1.7532545e-01;2.2500000e+01;2.0218208e-01;2.2500000e+01;2.1961865e-01;2.2500000e+01;2.2329636e-01;2.2500000e+01;2.1662475e-01;2.2500000e+01;1.9458684e-01;2.2500000e+01;1.5983751e-01;2.2500000e+01;1.1888196e-01;2.2500000e+01;7.7093177e-02;2.2500000e+01;3.7537523e-02;2.2500000e+01;-6.1384775e-03;2.2500000e+01;-4.2474987e-03;2.2500000e+01;4.5807017e-03;2.2500000e+01;2.0901324e-02;2.2500000e+01;4.4679336e-02;2.2500000e+01;7.0701003e-02;2.2500000e+01;1.0173568e-01;2.2500000e+01;1.3776456e-01;2.2500000e+01;1.7532545e-01;2.2500000e+01;2.0218208e-01;2.2500000e+01;2.1961865e-01;2.2500000e+01;2.2329636e-01;2.2500000e+01;2.1662475e-01;2.2500000e+01;1.9458684e-01;2.2500000e+01;1.5983751e-01;2.2500000e+01;1.1888196e-01;2.2500000e+01;7.7093177e-02;2.2500000e+01;3.7537523e-02;2.2500000e+01;-6.1384775e-03;2.2500000e+01;-4.2474987e-03;2.2500000e+01;4.5807017e-03;2.2500000e+01;2.0901324e-02;2.2500000e+01;4.4679336e-02;2.2500000e+01;7.0701003e-02;2.2500000e+01;1.0173568e-01;2.2500000e+01;1.3776456e-01;2.2500000e+01;1.7532545e-01;2.2500000e+01;2.0218208e-01;2.2500000e+01;2.1961865e-01;2.2500000e+01;2.2329636e-01;2.2500000e+01;2.1662475e-01;2.2500000e+01;1.9458684e-01;2.2500000e+01;1.5983751e-01;2.2500000e+01;1.1888196e-01;2.2500000e+01;7.7093177e-02;2.2500000e+01;3.7537523e-02;2.2500000e+01;-6.1384775e-03;2.2500000e+01;-4.2474987e-03;2.2500000e+01;4.5807017e-03;2.2500000e+01;2.0901324e-02;2.2500000e+01;4.4679336e-02;2.2500000e+01;7.0701003e-02;2.2500000e+01;1.0173568e-01;2.2500000e+01;1.3776456e-01;2.2500000e+01;1.7532545e-01;2.2500000e+01;2.0218208e-01;2.2500000e+01;2.1961865e-01;2.2500000e+01;2.2329636e-01;2.2500000e+01;2.1662475e-01;2.2500000e+01;1.9458684e-01;2.2500000e+01;1.5983751e-01;2.2500000e+01;1.1888196e-01;2.2500000e+01;7.7093177e-02;2.2500000e+01;3.7537523e-02;2.2500000e+01;-6.1384775e-03;2.2500000e+01;-4.2474987e-03;2.2500000e+01;4.5807017e-03;2.2500000e+01;2.0901324e-02;2.2500000e+01;4.4679336e-02;2.2500000e+01;7.0701003e-02;2.2500000e+01;1.0173568e-01;2.2500000e+01;1.3776456e-01;2.2500000e+01;1.7532545e-01;2.2500000e+01;2.0218208e-01;2.2500000e+01;2.1961865e-01;2.2500000e+01;2.2329636e-01;2.2500000e+01;2.1662475e-01;2.2500000e+01;1.9458684e-01;2.2500000e+01;1.5983751e-01;2.2500000e+01;1.1888196e-01;2.2500000e+01;7.7093177e-02;2.2500000e+01;3.7537523e-02;2.2500000e+01;-6.1384775e-03;2.2500000e+01;-4.2474987e-03;2.2500000e+01;4.5807017e-03;2.2500000e+01;2.0901324e-02;2.2500000e+01;4.4679336e-02;2.2500000e+01;7.0701003e-02;2.2500000e+01;1.0173568e-01;2.2500000e+01;1.3776456e-01;2.2500000e+01;1.7532545e-01;2.2500000e+01;2.0218208e-01;2.2500000e+01;2.1961865e-01;2.2500000e+01;2.2329636e-01;2.2500000e+01;2.1662475e-01;2.2500000e+01;1.9458684e-01;2.2500000e+01;1.5983751e-01;2.2500000e+01;1.1888196e-01;2.2500000e+01;7.7093177e-02;2.2500000e+01;3.7537523e-02;2.2500000e+01;-6.1384775e-03;2.2500000e+01;-4.2474987e-03;2.2500000e+01;4.5807017e-03;2.2500000e+01;2.0901324e-02;2.2500000e+01;4.4679336e-02;2.2500000e+01;7.0701003e-02;2.2500000e+01;1.0173568e-01;2.2500000e+01;1.3776456e-01;2.2500000e+01;1.7532545e-01;2.2500000e+01;2.0218208e-01;2.2500000e+01;2.1961865e-01;2.2500000e+01;2.2329636e-01;2.2500000e+01;2.1662475e-01;2.2500000e+01;1.9458684e-01;2.2500000e+01;1.5983751e-01;2.2500000e+01;1.1888196e-01;2.2500000e+01;7.7093177e-02;2.2500000e+01;3.7537523e-02;2.2500000e+01;-6.1384775e-03;2.2500000e+01;-4.2474987e-03;2.2500000e+01;4.5807017e-03;2.2500000e+01;2.0901324e-02;2.2500000e+01;4.4679336e-02;2.2500000e+01;7.0701003e-02;2.2500000e+01;1.0173568e-01;2.2500000e+01;1.3776456e-01;2.2500000e+01;1.7532545e-01;2.2500000e+01;2.0218208e-01;2.2500000e+01;2.1961865e-01;2.2500000e+01;2.2329636e-01;2.2500000e+01;2.1662475e-01;2.2500000e+01;1.9458684e-01;2.2500000e+01;1.5983751e-01;2.2500000e+01;1.1888196e-01;2.2500000e+01;7.7093177e-02;2.2500000e+01;3.7537523e-02;2.2500000e+01;-6.1384775e-03;2.2500000e+01;-4.2474987e-03;2.2500000e+01;4.5807017e-03;2.2500000e+01;2.0901324e-02;2.2500000e+01;4.4679336e-02;2.2500000e+01;7.0701003e-02;2.2500000e+01;1.0173568e-01;2.2500000e+01;1.3776456e-01;2.2500000e+01;1.7532545e-01;2.2500000e+01;2.0218208e-01;2.2500000e+01;2.1961865e-01;2.2500000e+01;2.2329636e-01;2.2500000e+01;2.1662475e-01;2.2500000e+01;1.9458684e-01;2.2500000e+01;1.5983751e-01;2.2500000e+01;1.1888196e-01;2.2500000e+01;7.7093177e-02;2.2500000e+01;3.7537523e-02;2.2500000e+01;-6.1384775e-03;2.2500000e+01;-4.2474987e-03;2.2500000e+01;4.5807017e-03;2.2500000e+01;2.0901324e-02;2.2500000e+01;4.4679336e-02;2.2500000e+01;7.0701003e-02;2.2500000e+01;1.0173568e-01;2.2500000e+01;1.3776456e-01;2.2500000e+01;1.7532545e-01;2.2500000e+01;2.0218208e-01;2.2500000e+01;2.1961865e-01;2.2500000e+01;2.2329636e-01;2.2500000e+01;2.1662475e-01;2.2500000e+01;1.9458684e-01;2.2500000e+01;1.5983751e-01;2.2500000e+01;1.1888196e-01;2.2500000e+01;7.7093177e-02;2.2500000e+01;3.7537523e-02;2.2500000e+01;-6.1384775e-03;2.2500000e+01;-4.2474987e-03;2.2500000e+01;4.5807017e-03;2.2500000e+01;2.0901324e-02;2.2500000e+01;4.4679336e-02;2.2500000e+01;7.0701003e-02;2.2500000e+01;1.0173568e-01;2.2500000e+01;1.3776456e-01;2.2500000e+01;1.7532545e-01;2.2500000e+01;2.0218208e-01;2.2500000e+01;2.1961865e-01;2.2500000e+01;2.2329636e-01;2.2500000e+01;2.1662475e-01;2.2500000e+01;1.9458684e-01;2.2500000e+01;1.5983751e-01;2.2500000e+01;1.1888196e-01;2.2500000e+01;7.7093177e-02;2.2500000e+01;3.7537523e-02;2.2500000e+01;-6.1384775e-03;2.2500000e+01;-4.2474987e-03;2.2500000e+01;4.5807017e-03;2.2500000e+01;2.0901324e-02;2.2500000e+01;4.4679336e-02;2.2500000e+01;7.0701003e-02;2.2500000e+01;1.0173568e-01;2.2500000e+01;1.3776456e-01;2.2500000e+01;1.7532545e-01;2.2500000e+01;2.0218208e-01;2.2500000e+01;2.1961865e-01;2.2500000e+01;2.2329636e-01;2.2500000e+01;2.1662475e-01;2.2500000e+01;1.9458684e-01;2.2500000e+01;1.5983751e-01;2.2500000e+01;1.1888196e-01;2.2500000e+01;7.7093177e-02;2.2500000e+01;3.7537523e-02;2.2500000e+01;-6.1384775e-03;2.2500000e+01;-4.2474987e-03;2.2500000e+01;4.5807017e-03;2.2500000e+01;2.0901324e-02;2.2500000e+01;4.4679336e-02;2.2500000e+01;7.0701003e-02;2.2500000e+01;1.0173568e-01;2.2500000e+01;1.3776456e-01;2.2500000e+01;1.7532545e-01;2.2500000e+01;2.0218208e-01;2.2500000e+01;2.1961865e-01;2.2500000e+01;2.2329636e-01;2.2500000e+01;2.1662475e-01;2.2500000e+01;1.9458684e-01;2.2500000e+01;1.5983751e-01;2.2500000e+01;1.1888196e-01;2.2500000e+01;7.7093177e-02;2.2500000e+01;3.7537523e-02;2.2500000e+01;-6.1384775e-03;2.2500000e+01;-4.2474987e-03;2.2500000e+01;4.5807017e-03;2.2500000e+01;2.0901324e-02;2.2500000e+01;4.4679336e-02;2.2500000e+01;7.0701003e-02;2.2500000e+01;1.0173568e-01;2.2500000e+01;1.3776456e-01;2.2500000e+01;1.7532545e-01;2.2500000e+01;2.0218208e-01;2.2500000e+01;2.1961865e-01;2.2500000e+01;2.2329636e-01;2.2500000e+01;2.1662475e-01;2.2500000e+01;1.9458684e-01;2.2500000e+01;1.5983751e-01;2.2500000e+01;1.1888196e-01;2.2500000e+01;7.7093177e-02;2.2500000e+01;3.7537523e-02;2.2500000e+01;-6.1384775e-03;2.2500000e+01;-4.2474987e-03;2.2500000e+01;4.5807017e-03;2.2500000e+01;2.0901324e-02;2.2500000e+01;4.4679336e-02;2.2500000e+01;7.0701003e-02;2.2500000e+01;1.0173568e-01;2.2500000e+01;1.3776456e-01;2.2500000e+01;1.7532545e-01;2.2500000e+01;2.0218208e-01;2.2500000e+01;2.1961865e-01;2.2500000e+01;2.2329636e-01;2.2500000e+01;2.1662475e-01;2.2500000e+01;1.9458684e-01;2.2500000e+01;1.5983751e-01;2.2500000e+01;1.1888196e-01;2.2500000e+01;7.7093177e-02;2.2500000e+01;3.7537523e-02;2.2500000e+01;-6.1384775e-03;2.2500000e+01;-4.2474987e-03;2.2500000e+01;4.5807017e-03;2.2500000e+01;2.0901324e-02;2.2500000e+01;4.4679336e-02;2.2500000e+01;7.0701003e-02;2.2500000e+01;1.0173568e-01;2.2500000e+01;1.3776456e-01;2.2500000e+01;1.7532545e-01;2.2500000e+01;2.0218208e-01;2.2500000e+01;2.1961865e-01;2.2500000e+01;2.2329636e-01;2.2500000e+01;2.1662475e-01;2.2500000e+01;1.9458684e-01;2.2500000e+01;1.5983751e-01;2.2500000e+01;1.1888196e-01;2.2500000e+01;7.7093177e-02;2.2500000e+01;3.7537523e-02;2.2500000e+01;-6.1384775e-03;2.2500000e+01;-4.2474987e-03;2.2500000e+01;4.5807017e-03;2.2500000e+01;2.0901324e-02;2.2500000e+01;4.4679336e-02;2.2500000e+01;7.0701003e-02;2.2500000e+01;1.0173568e-01;2.2500000e+01;1.3776456e-01;2.2500000e+01;1.7532545e-01;2.2500000e+01;2.0218208e-01;2.2500000e+01;2.1961865e-01;2.2500000e+01;2.2329636e-01;2.2500000e+01;2.1662475e-01;2.2500000e+01;1.9458684e-01;2.2500000e+01;1.5983751e-01;2.2500000e+01;1.1888196e-01;2.2500000e+01;7.7093177e-02;2.2500000e+01;3.7537523e-02;2.2500000e+01;-6.1384775e-03;2.2500000e+01;-4.2474987e-03;2.2500000e+01;4.5807017e-03;2.2500000e+01;2.0901324e-02;2.2500000e+01;4.4679336e-02;2.2500000e+01;7.0701003e-02;2.2500000e+01;1.0173568e-01;2.2500000e+01;1.3776456e-01;2.2500000e+01;1.7532545e-01;2.2500000e+01;2.0218208e-01;2.2500000e+01;2.1961865e-01;2.2500000e+01;2.2329636e-01;2.2500000e+01;2.1662475e-01;2.2500000e+01;1.9458684e-01;2.2500000e+01;1.5983751e-01;2.2500000e+01;1.1888196e-01;2.2500000e+01;7.7093177e-02;2.2500000e+01;3.7537523e-02;2.2500000e+01;-6.1384775e-03;2.2500000e+01;-4.2474987e-03;2.2500000e+01;4.5807017e-03;2.2500000e+01;2.0901324e-02;2.2500000e+01;4.4679336e-02;2.2500000e+01;7.0701003e-02;2.2500000e+01;1.0173568e-01;2.2500000e+01;1.3776456e-01;2.2500000e+01;1.7532545e-01;2.2500000e+01;2.0218208e-01;2.2500000e+01;2.1961865e-01;2.2500000e+01;2.2329636e-01;2.2500000e+01;2.1662475e-01;2.2500000e+01;1.9458684e-01;2.2500000e+01;1.5983751e-01;2.2500000e+01;1.1888196e-01;2.2500000e+01;7.7093177e-02;2.2500000e+01;3.7537523e-02;2.2500000e+01;-6.1384775e-03;2.2500000e+01;-4.2474987e-03;2.2500000e+01;4.5807017e-03;2.2500000e+01;2.0901324e-02;2.2500000e+01;4.4679336e-02;2.2500000e+01;7.0701003e-02;2.2500000e+01;1.0173568e-01;2.2500000e+01;1.3776456e-01;2.2500000e+01;1.7532545e-01;2.2500000e+01;2.0218208e-01;2.2500000e+01;2.1961865e-01;2.2500000e+01;2.2329636e-01;2.2500000e+01;2.1662475e-01;2.2500000e+01;1.9458684e-01;2.2500000e+01;1.5983751e-01;2.2500000e+01;1.1888196e-01;2.2500000e+01;7.7093177e-02;2.2500000e+01;3.7537523e-02;2.2500000e+01;-6.1384775e-03;2.2500000e+01;-4.2474987e-03;2.2500000e+01;4.5807017e-03;2.2500000e+01;2.0901324e-02;2.2500000e+01;4.4679336e-02;2.2500000e+01;7.0701003e-02;2.2500000e+01;1.0173568e-01;2.2500000e+01;1.3776456e-01;2.2500000e+01;1.7532545e-01;2.2500000e+01;2.0218208e-01;2.2500000e+01;2.1961865e-01;2.2500000e+01;2.2329636e-01;2.2500000e+01;2.1662475e-01;2.2500000e+01;1.9458684e-01;2.2500000e+01;1.5983751e-01;2.2500000e+01;1.1888196e-01;2.2500000e+01;7.7093177e-02;2.2500000e+01;3.7537523e-02;2.2500000e+01;-6.1384775e-03;2.2500000e+01;-4.2474987e-03;2.2500000e+01;4.5807017e-03;2.2500000e+01;2.0901324e-02;2.2500000e+01;4.4679336e-02;2.2500000e+01;7.0701003e-02;2.2500000e+01;1.0173568e-01;2.2500000e+01;1.3776456e-01;2.2500000e+01;1.7532545e-01;2.2500000e+01;2.0218208e-01;2.2500000e+01;2.1961865e-01;2.2500000e+01;2.2329636e-01;2.2500000e+01;2.1662475e-01;2.2500000e+01;1.9458684e-01;2.2500000e+01;1.5983751e-01;2.2500000e+01;1.1888196e-01;2.2500000e+01;7.7093177e-02;2.2500000e+01;3.7537523e-02;2.2500000e+01;-6.1384775e-03;2.2500000e+01;-4.2474987e-03;2.2500000e+01;4.5807017e-03;2.2500000e+01;2.0901324e-02;2.2500000e+01;4.4679336e-02;2.2500000e+01;7.0701003e-02;2.2500000e+01;1.0173568e-01;2.2500000e+01;1.3776456e-01;2.2500000e+01;1.7532545e-01;2.2500000e+01;2.0218208e-01;2.2500000e+01;2.1961865e-01;2.2500000e+01;2.2329636e-01;2.2500000e+01;2.1662475e-01;2.2500000e+01;1.9458684e-01;2.2500000e+01;1.5983751e-01;2.2500000e+01;1.1888196e-01;2.2500000e+01;7.7093177e-02;2.2500000e+01;3.7537523e-02;2.2500000e+01;-6.1384775e-03;2.2500000e+01;-4.2474987e-03;2.2500000e+01;4.5807017e-03;2.2500000e+01;2.0901324e-02;2.2500000e+01;4.4679336e-02;2.2500000e+01;7.0701003e-02;2.2500000e+01;1.0173568e-01;2.2500000e+01;1.3776456e-01;2.2500000e+01;1.7532545e-01;2.2500000e+01;2.0218208e-01;2.2500000e+01;2.1961865e-01;2.2500000e+01;2.2329636e-01;2.2500000e+01;2.1662475e-01;2.2500000e+01;1.9458684e-01;2.2500000e+01;1.5983751e-01;2.2500000e+01;1.1888196e-01;2.2500000e+01;7.7093177e-02;2.2500000e+01;3.7537523e-02;2.2500000e+01;-6.1384775e-03;2.2500000e+01;-4.2474987e-03;2.2500000e+01;4.5807017e-03;2.2500000e+01;2.0901324e-02;2.2500000e+01;4.4679336e-02;2.2500000e+01;7.0701003e-02;2.2500000e+01;1.0173568e-01;2.2500000e+01;1.3776456e-01;2.2500000e+01;1.7532545e-01;2.2500000e+01;2.0218208e-01;2.2500000e+01;2.1961865e-01;2.2500000e+01;2.2329636e-01;2.2500000e+01;2.1662475e-01;2.2500000e+01;1.9458684e-01;2.2500000e+01;1.5983751e-01;2.2500000e+01;1.1888196e-01;2.2500000e+01;7.7093177e-02;2.2500000e+01;3.7537523e-02;2.2500000e+01;-6.1384775e-03;2.2500000e+01;-4.2474987e-03;2.2500000e+01;4.5807017e-03;2.2500000e+01;2.0901324e-02;2.2500000e+01;4.4679336e-02;2.2500000e+01;7.0701003e-02;2.2500000e+01;1.0173568e-01;2.2500000e+01;1.3776456e-01;2.2500000e+01;1.7532545e-01;2.2500000e+01;2.0218208e-01;2.2500000e+01;2.1961865e-01;2.2500000e+01;2.2329636e-01;2.2500000e+01;2.1662475e-01;2.2500000e+01;1.9458684e-01;2.2500000e+01;1.5983751e-01;2.2500000e+01;1.1888196e-01;2.2500000e+01;7.7093177e-02;2.2500000e+01;3.7537523e-02;2.2500000e+01;-6.1384775e-03;2.2500000e+01;-4.2474987e-03;2.2500000e+01;4.5807017e-03;2.2500000e+01;2.0901324e-02;2.2500000e+01;4.4679336e-02;2.2500000e+01;7.0701003e-02;2.2500000e+01;1.0173568e-01;2.2500000e+01;1.3776456e-01;2.2500000e+01;1.7532545e-01;2.2500000e+01;2.0218208e-01;2.2500000e+01;2.1961865e-01;2.2500000e+01;2.2329636e-01;2.2500000e+01;2.1662475e-01;2.2500000e+01;1.9458684e-01;2.2500000e+01;1.5983751e-01;2.2500000e+01;1.1888196e-01;2.2500000e+01;7.7093177e-02;2.2500000e+01;3.7537523e-02;2.2500000e+01;-6.1384775e-03;2.2500000e+01;-4.2474987e-03;2.2500000e+01;4.5807017e-03;2.2500000e+01;2.0901324e-02;2.2500000e+01;4.4679336e-02;2.2500000e+01;7.0701003e-02;2.2500000e+01;1.0173568e-01;2.2500000e+01;1.3776456e-01;2.2500000e+01;1.7532545e-01;2.2500000e+01;2.0218208e-01;2.2500000e+01;2.1961865e-01;2.2500000e+01;2.2329636e-01;2.2500000e+01;2.1662475e-01;2.2500000e+01;1.9458684e-01;2.2500000e+01;1.5983751e-01;2.2500000e+01;1.1888196e-01;2.2500000e+01;7.7093177e-02;2.2500000e+01;3.7537523e-02;2.2500000e+01;-6.1384775e-03;2.2500000e+01;-4.2474987e-03;2.2500000e+01;4.5807017e-03;2.2500000e+01;2.0901324e-02;2.2500000e+01;4.4679336e-02;2.2500000e+01;7.0701003e-02;2.2500000e+01;1.0173568e-01;2.2500000e+01;1.3776456e-01;2.2500000e+01;1.7532545e-01;2.2500000e+01;2.0218208e-01;2.2500000e+01;2.1961865e-01;2.2500000e+01;2.2329636e-01;2.2500000e+01;2.1662475e-01;2.2500000e+01;1.9458684e-01;2.2500000e+01;1.5983751e-01;2.2500000e+01;1.1888196e-01;2.2500000e+01;7.7093177e-02;2.2500000e+01;3.7537523e-02;2.2500000e+01;-6.1384775e-03;2.2500000e+01;-4.2474987e-03;2.2500000e+01;4.5807017e-03;2.2500000e+01;2.0901324e-02;2.2500000e+01;4.4679336e-02;2.2500000e+01;7.0701003e-02;2.2500000e+01;1.0173568e-01;2.2500000e+01;1.3776456e-01;2.2500000e+01;1.7532545e-01;2.2500000e+01;2.0218208e-01;2.2500000e+01;2.1961865e-01;2.2500000e+01;2.2329636e-01;2.2500000e+01;2.1662475e-01;2.2500000e+01;1.9458684e-01;2.2500000e+01;1.5983751e-01;2.2500000e+01;1.1888196e-01;2.2500000e+01;7.7093177e-02;2.2500000e+01;3.7537523e-02;2.2500000e+01;-6.1384775e-03;2.2500000e+01;-4.2474987e-03;2.2500000e+01;4.5807017e-03;2.2500000e+01;2.0901324e-02;2.2500000e+01;4.4679336e-02;2.2500000e+01;7.0701003e-02;2.2500000e+01;1.0173568e-01;2.2500000e+01;1.3776456e-01;2.2500000e+01;1.7532545e-01;2.2500000e+01;2.0218208e-01;2.2500000e+01;2.1961865e-01;2.2500000e+01;2.2329636e-01;2.2500000e+01;2.1662475e-01;2.2500000e+01;1.9458684e-01;2.2500000e+01;1.5983751e-01;2.2500000e+01;1.1888196e-01;2.2500000e+01;7.7093177e-02;2.2500000e+01;3.7537523e-02;2.2500000e+01;-6.1384775e-03;2.2500000e+01;-4.2474987e-03;2.2500000e+01;4.5807017e-03;2.2500000e+01;2.0901324e-02;2.2500000e+01;4.4679336e-02;2.2500000e+01;7.0701003e-02;2.2500000e+01;1.0173568e-01;2.2500000e+01;1.3776456e-01;2.2500000e+01;1.7532545e-01;2.2500000e+01;2.0218208e-01;2.2500000e+01;2.1961865e-01;2.2500000e+01;2.2329636e-01;2.2500000e+01;2.1662475e-01;2.2500000e+01;1.9458684e-01;2.2500000e+01;1.5983751e-01;2.2500000e+01;1.1888196e-01;2.2500000e+01;7.7093177e-02;2.2500000e+01;3.7537523e-02;2.2500000e+01;-6.1384775e-03;2.2500000e+01;-4.2474987e-03;2.2500000e+01;4.5807017e-03;2.2500000e+01;2.0901324e-02;2.2500000e+01;4.4679336e-02;2.2500000e+01;7.0701003e-02;2.2500000e+01;1.0173568e-01;2.2500000e+01;1.3776456e-01;2.2500000e+01;1.7532545e-01;2.2500000e+01;2.0218208e-01;2.2500000e+01;2.1961865e-01;2.2500000e+01;2.2329636e-01;2.2500000e+01;2.1662475e-01;2.2500000e+01;1.9458684e-01;2.2500000e+01;1.5983751e-01;2.2500000e+01;1.1888196e-01;2.2500000e+01;7.7093177e-02;2.2500000e+01;3.7537523e-02;2.2500000e+01;-6.1384775e-03;2.2500000e+01;-4.2474987e-03;2.2500000e+01;4.5807017e-03;2.2500000e+01;2.0901324e-02;2.2500000e+01;4.4679336e-02;2.2500000e+01;7.0701003e-02;2.2500000e+01;1.0173568e-01;2.2500000e+01;1.3776456e-01;2.2500000e+01;1.7532545e-01;2.2500000e+01;2.0218208e-01;2.2500000e+01;2.1961865e-01;2.2500000e+01;2.2329636e-01;2.2500000e+01;2.1662475e-01;2.2500000e+01;1.9458684e-01;2.2500000e+01;1.5983751e-01;2.2500000e+01;1.1888196e-01;2.2500000e+01;7.7093177e-02;2.2500000e+01;3.7537523e-02;2.2500000e+01;-6.1384775e-03;2.2500000e+01;-4.2474987e-03;2.2500000e+01;4.5807017e-03;2.2500000e+01;2.0901324e-02;2.2500000e+01;4.4679336e-02;2.2500000e+01;7.0701003e-02;2.2500000e+01;1.0173568e-01;2.2500000e+01;1.3776456e-01;2.2500000e+01;1.7532545e-01;2.2500000e+01;2.0218208e-01;2.2500000e+01;2.1961865e-01;2.2500000e+01;2.2329636e-01;2.2500000e+01;2.1662475e-01;2.2500000e+01;1.9458684e-01;2.2500000e+01;1.5983751e-01;2.2500000e+01;1.1888196e-01;2.2500000e+01;7.7093177e-02;2.2500000e+01;3.7537523e-02;2.2500000e+01;-6.1384775e-03;2.2500000e+01;-4.2474987e-03;2.2500000e+01;4.5807017e-03;2.2500000e+01;2.0901324e-02;2.2500000e+01;4.4679336e-02;2.2500000e+01;7.0701003e-02;2.2500000e+01;1.0173568e-01;2.2500000e+01;1.3776456e-01;2.2500000e+01;1.7532545e-01;2.2500000e+01;2.0218208e-01;2.2500000e+01;2.1961865e-01;2.2500000e+01;2.2329636e-01;2.2500000e+01;2.1662475e-01;2.2500000e+01;1.9458684e-01;2.2500000e+01;1.5983751e-01;2.2500000e+01;1.1888196e-01;2.2500000e+01;7.7093177e-02;2.2500000e+01;3.7537523e-02;2.2500000e+01;-6.1384775e-03;2.2500000e+01;-4.2474987e-03;2.2500000e+01;4.5807017e-03;2.2500000e+01;2.0901324e-02;2.2500000e+01;4.4679336e-02;2.2500000e+01;7.0701003e-02;2.2500000e+01;1.0173568e-01;2.2500000e+01;1.3776456e-01;2.2500000e+01;1.7532545e-01;2.2500000e+01;2.0218208e-01;2.2500000e+01;2.1961865e-01;2.2500000e+01;2.2329636e-01;2.2500000e+01;2.1662475e-01;2.2500000e+01;1.9458684e-01;2.2500000e+01;1.5983751e-01;2.2500000e+01;1.1888196e-01;2.2500000e+01;7.7093177e-02;2.2500000e+01;3.7537523e-02;2.2500000e+01;-6.1384775e-03;2.2500000e+01;-4.2474987e-03;2.2500000e+01;4.5807017e-03;2.2500000e+01;2.0901324e-02;2.2500000e+01;4.4679336e-02;2.2500000e+01;7.0701003e-02;2.2500000e+01;1.0173568e-01;2.2500000e+01;1.3776456e-01;2.2500000e+01;1.7532545e-01;2.2500000e+01;2.0218208e-01;2.2500000e+01;2.1961865e-01;2.2500000e+01;2.2329636e-01;2.2500000e+01;2.1662475e-01;2.2500000e+01;1.9458684e-01;2.2500000e+01;1.5983751e-01;2.2500000e+01;1.1888196e-01;2.2500000e+01;7.7093177e-02;2.2500000e+01;3.7537523e-02;2.2500000e+01;-6.1384775e-03;2.2500000e+01;-4.2474987e-03;2.2500000e+01;4.5807017e-03;2.2500000e+01;2.0901324e-02;2.2500000e+01;4.4679336e-02;2.2500000e+01;7.0701003e-02;2.2500000e+01;1.0173568e-01;2.2500000e+01;1.3776456e-01;2.2500000e+01;1.7532545e-01;2.2500000e+01;2.0218208e-01;2.2500000e+01;2.1961865e-01;2.2500000e+01;2.2329636e-01;2.2500000e+01;2.1662475e-01;2.2500000e+01;1.9458684e-01;2.2500000e+01;1.5983751e-01;2.2500000e+01;1.1888196e-01;2.2500000e+01;7.7093177e-02;2.2500000e+01;3.7537523e-02;2.2500000e+01;-6.1384775e-03;2.2500000e+01;-4.2474987e-03;2.2500000e+01;4.5807017e-03;2.2500000e+01;2.0901324e-02;2.2500000e+01;4.4679336e-02;2.2500000e+01;7.0701003e-02;2.2500000e+01;1.0173568e-01;2.2500000e+01;1.3776456e-01;2.2500000e+01;1.7532545e-01;2.2500000e+01;2.0218208e-01;2.2500000e+01;2.1961865e-01;2.2500000e+01;2.2329636e-01;2.2500000e+01;2.1662475e-01;2.2500000e+01;1.9458684e-01;2.2500000e+01;1.5983751e-01;2.2500000e+01;1.1888196e-01;2.2500000e+01;7.7093177e-02;2.2500000e+01;3.7537523e-02;2.2500000e+01;-6.1384775e-03;2.2500000e+01;-4.2474987e-03;2.2500000e+01;4.5807017e-03;2.2500000e+01;2.0901324e-02;2.2500000e+01;4.4679336e-02;2.2500000e+01;7.0701003e-02;2.2500000e+01;1.0173568e-01;2.2500000e+01;1.3776456e-01;2.2500000e+01;1.7532545e-01;2.2500000e+01;2.0218208e-01;2.2500000e+01;2.1961865e-01;2.2500000e+01;2.2329636e-01;2.2500000e+01;2.1662475e-01;2.2500000e+01;1.9458684e-01;2.2500000e+01;1.5983751e-01;2.2500000e+01;1.1888196e-01;2.2500000e+01;7.7093177e-02;2.2500000e+01;3.7537523e-02;2.2500000e+01;-6.1384775e-03;2.2500000e+01;-4.2474987e-03;2.2500000e+01;4.5807017e-03;2.2500000e+01;2.0901324e-02;2.2500000e+01;4.4679336e-02;2.2500000e+01;7.0701003e-02;2.2500000e+01;1.0173568e-01;2.2500000e+01;1.3776456e-01;2.2500000e+01;1.7532545e-01;2.2500000e+01;2.0218208e-01;2.2500000e+01;2.1961865e-01;2.2500000e+01;2.2329636e-01;2.2500000e+01;2.1662475e-01;2.2500000e+01;1.9458684e-01;2.2500000e+01;1.5983751e-01;2.2500000e+01;1.1888196e-01;2.2500000e+01;7.7093177e-02;2.2500000e+01;3.7537523e-02;2.2500000e+01;-6.1384775e-03;2.2500000e+01;-4.2474987e-03;2.2500000e+01;4.5807017e-03;2.2500000e+01;2.0901324e-02;2.2500000e+01;4.4679336e-02;2.2500000e+01;7.0701003e-02;2.2500000e+01;1.0173568e-01;2.2500000e+01;1.3776456e-01;2.2500000e+01;1.7532545e-01;2.2500000e+01;2.0218208e-01;2.2500000e+01;2.1961865e-01;2.2500000e+01;2.2329636e-01;2.2500000e+01;2.1662475e-01;2.2500000e+01;1.9458684e-01;2.2500000e+01;1.5983751e-01;2.2500000e+01;1.1888196e-01;2.2500000e+01;7.7093177e-02;2.2500000e+01;3.7537523e-02;2.2500000e+01;-6.1384775e-03;2.2500000e+01;-4.2474987e-03;2.2500000e+01;4.5807017e-03;2.2500000e+01;2.0901324e-02;2.2500000e+01;4.4679336e-02;2.2500000e+01;7.0701003e-02;2.2500000e+01;1.0173568e-01;2.2500000e+01;1.3776456e-01;2.2500000e+01;1.7532545e-01;2.2500000e+01;2.0218208e-01;2.2500000e+01;2.1961865e-01;2.2500000e+01;2.2329636e-01;2.2500000e+01;2.1662475e-01;2.2500000e+01;1.9458684e-01;2.2500000e+01;1.5983751e-01;2.2500000e+01;1.1888196e-01;2.2500000e+01;7.7093177e-02;2.2500000e+01;3.7537523e-02;2.2500000e+01;-6.1384775e-03;2.2500000e+01;-4.2474987e-03;2.2500000e+01;4.5807017e-03;2.2500000e+01;2.0901324e-02;2.2500000e+01;4.4679336e-02;2.2500000e+01;7.0701003e-02;2.2500000e+01;1.0173568e-01;2.2500000e+01;1.3776456e-01;2.2500000e+01;1.7532545e-01;2.2500000e+01;2.0218208e-01;2.2500000e+01;2.1961865e-01;2.2500000e+01;2.2329636e-01;2.2500000e+01;2.1662475e-01;2.2500000e+01;1.9458684e-01;2.2500000e+01;1.5983751e-01;2.2500000e+01;1.1888196e-01;2.2500000e+01;7.7093177e-02;2.2500000e+01;3.7537523e-02;2.2500000e+01;-6.1384775e-03;2.2500000e+01;-4.2474987e-03;2.2500000e+01;4.5807017e-03;2.2500000e+01;2.0901324e-02;2.2500000e+01;4.4679336e-02;2.2500000e+01;7.0701003e-02;2.2500000e+01;1.0173568e-01;2.2500000e+01;1.3776456e-01;2.2500000e+01;1.7532545e-01;2.2500000e+01;2.0218208e-01;2.2500000e+01;2.1961865e-01;2.2500000e+01;2.2329636e-01;2.2500000e+01;2.1662475e-01;2.2500000e+01;1.9458684e-01;2.2500000e+01;1.5983751e-01;2.2500000e+01;1.1888196e-01;2.2500000e+01;7.7093177e-02;2.2500000e+01;3.7537523e-02;2.2500000e+01;-6.1384775e-03;2.2500000e+01;-4.2474987e-03;2.2500000e+01;4.5807017e-03;2.2500000e+01;2.0901324e-02;2.2500000e+01;4.4679336e-02;2.2500000e+01;7.0701003e-02;2.2500000e+01;1.0173568e-01;2.2500000e+01;1.3776456e-01;2.2500000e+01;1.7532545e-01;2.2500000e+01;2.0218208e-01;2.2500000e+01;2.1961865e-01;2.2500000e+01;2.2329636e-01;2.2500000e+01;2.1662475e-01;2.2500000e+01;1.9458684e-01;2.2500000e+01;1.5983751e-01;2.2500000e+01;1.1888196e-01;2.2500000e+01;7.7093177e-02;2.2500000e+01;3.7537523e-02;2.2500000e+01;-6.1384775e-03;2.2500000e+01;-4.2474987e-03;2.2500000e+01;4.5807017e-03;2.2500000e+01;2.0901324e-02;2.2500000e+01;4.4679336e-02;2.2500000e+01;7.0701003e-02;2.2500000e+01;1.0173568e-01;2.2500000e+01;1.3776456e-01;2.2500000e+01;1.7532545e-01;2.2500000e+01;2.0218208e-01;2.2500000e+01;2.1961865e-01;2.2500000e+01;2.2329636e-01;2.2500000e+01;2.1662475e-01;2.2500000e+01;1.9458684e-01;2.2500000e+01;1.5983751e-01;2.2500000e+01;1.1888196e-01;2.2500000e+01;7.7093177e-02;2.2500000e+01;3.7537523e-02;2.2500000e+01;-6.1384775e-03;2.2500000e+01;-4.2474987e-03;2.2500000e+01;4.5807017e-03;2.2500000e+01;2.0901324e-02;2.2500000e+01;4.4679336e-02;2.2500000e+01;7.0701003e-02;2.2500000e+01;1.0173568e-01;2.2500000e+01;1.3776456e-01;2.2500000e+01;1.7532545e-01;2.2500000e+01;2.0218208e-01;2.2500000e+01;2.1961865e-01;2.2500000e+01;2.2329636e-01;2.2500000e+01;2.1662475e-01;2.2500000e+01;1.9458684e-01;2.2500000e+01;1.5983751e-01;2.2500000e+01;1.1888196e-01;2.2500000e+01;7.7093177e-02;2.2500000e+01;3.7537523e-02;2.2500000e+01;-6.1384775e-03;2.2500000e+01;-4.2474987e-03;2.2500000e+01;4.5807017e-03;2.2500000e+01;2.0901324e-02;2.2500000e+01;4.4679336e-02;2.2500000e+01;7.0701003e-02;2.2500000e+01;1.0173568e-01;2.2500000e+01;1.3776456e-01;2.2500000e+01;1.7532545e-01;2.2500000e+01;2.0218208e-01;2.2500000e+01;2.1961865e-01;2.2500000e+01;2.2329636e-01;2.2500000e+01;2.1662475e-01;2.2500000e+01;1.9458684e-01;2.2500000e+01;1.5983751e-01;2.2500000e+01;1.1888196e-01;2.2500000e+01;7.7093177e-02;2.2500000e+01;3.7537523e-02;2.2500000e+01;-6.1384775e-03;2.2500000e+01;-4.2474987e-03;2.2500000e+01;4.5807017e-03;2.2500000e+01;2.0901324e-02;2.2500000e+01;4.4679336e-02;2.2500000e+01;7.0701003e-02;2.2500000e+01;1.0173568e-01;2.2500000e+01;1.3776456e-01;2.2500000e+01;1.7532545e-01;2.2500000e+01;2.0218208e-01;2.2500000e+01;2.1961865e-01;2.2500000e+01;2.2329636e-01;2.2500000e+01;2.1662475e-01;2.2500000e+01;1.9458684e-01;2.2500000e+01;1.5983751e-01;2.2500000e+01;1.1888196e-01;2.2500000e+01;7.7093177e-02;2.2500000e+01;3.7537523e-02;2.2500000e+01;-6.1384775e-03;2.2500000e+01;-4.2474987e-03;2.2500000e+01;4.5807017e-03;2.2500000e+01;2.0901324e-02;2.2500000e+01;4.4679336e-02;2.2500000e+01;7.0701003e-02;2.2500000e+01;1.0173568e-01;2.2500000e+01;1.3776456e-01;2.2500000e+01;1.7532545e-01;2.2500000e+01;2.0218208e-01;2.2500000e+01;2.1961865e-01;2.2500000e+01;2.2329636e-01;2.2500000e+01;2.1662475e-01;2.2500000e+01;1.9458684e-01;2.2500000e+01;1.5983751e-01;2.2500000e+01;1.1888196e-01;2.2500000e+01;7.7093177e-02;2.2500000e+01;3.7537523e-02;2.2500000e+01;-6.1384775e-03;2.2500000e+01;-4.2474987e-03;2.2500000e+01;4.5807017e-03;2.2500000e+01;2.0901324e-02;2.2500000e+01;4.4679336e-02;2.2500000e+01;7.0701003e-02;2.2500000e+01;1.0173568e-01;2.2500000e+01;1.3776456e-01;2.2500000e+01;1.7532545e-01;2.2500000e+01;2.0218208e-01;2.2500000e+01;2.1961865e-01;2.2500000e+01;2.2329636e-01;2.2500000e+01;2.1662475e-01;2.2500000e+01;1.9458684e-01;2.2500000e+01;1.5983751e-01;2.2500000e+01;1.1888196e-01;2.2500000e+01;7.7093177e-02;2.2500000e+01;3.7537523e-02;2.2500000e+01;-6.1384775e-03;2.2500000e+01;-4.2474987e-03;2.2500000e+01;4.5807017e-03;2.2500000e+01;2.0901324e-02;2.2500000e+01;4.4679336e-02;2.2500000e+01;7.0701003e-02;2.2500000e+01;1.0173568e-01;2.2500000e+01;1.3776456e-01;2.2500000e+01;1.7532545e-01;2.2500000e+01;2.0218208e-01;2.2500000e+01;2.1961865e-01;2.2500000e+01;2.2329636e-01;2.2500000e+01;2.1662475e-01;2.2500000e+01;1.9458684e-01;2.2500000e+01;1.5983751e-01;2.2500000e+01;1.1888196e-01;2.2500000e+01;7.7093177e-02;2.2500000e+01;3.7537523e-02;2.2500000e+01;-6.1384775e-03;2.2500000e+01;-4.2474987e-03;2.2500000e+01;4.5807017e-03;2.2500000e+01;2.0901324e-02;2.2500000e+01;4.4679336e-02;2.2500000e+01;7.0701003e-02;2.2500000e+01;1.0173568e-01;2.2500000e+01;1.3776456e-01;2.2500000e+01;1.7532545e-01;2.2500000e+01;2.0218208e-01;2.2500000e+01;2.1961865e-01;2.2500000e+01;2.2329636e-01;2.2500000e+01;2.1662475e-01;2.2500000e+01;1.9458684e-01;2.2500000e+01;1.5983751e-01;2.2500000e+01;1.1888196e-01;2.2500000e+01;7.7093177e-02;2.2500000e+01;3.7537523e-02;2.2500000e+01;-6.1384775e-03;2.2500000e+01;-4.2474987e-03;2.2500000e+01;4.5807017e-03;2.2500000e+01;2.0901324e-02;2.2500000e+01;4.4679336e-02;2.2500000e+01;7.0701003e-02;2.2500000e+01;1.0173568e-01;2.2500000e+01;1.3776456e-01;2.2500000e+01;1.7532545e-01;2.2500000e+01;2.0218208e-01;2.2500000e+01;2.1961865e-01;2.2500000e+01;2.2329636e-01;2.2500000e+01;2.1662475e-01;2.2500000e+01;1.9458684e-01;2.2500000e+01;1.5983751e-01;2.2500000e+01;1.1888196e-01;2.2500000e+01;7.7093177e-02;2.2500000e+01;3.7537523e-02
2.7500000e+01;-5.0494093e-03;2.7500000e+01;-6.2167738e-04;2.7500000e+01;7.7125803e-03;2.7500000e+01;2.1857165e-02;2.7500000e+01;4.2225923e-02;2.7500000e+01;6.9840409e-02;2.7500000e+01;1.0367370e-01;2.7500000e+01;1.4332364e-01;2.7500000e+01;1.8418163e-01;2.7500000e+01;2.1283340e-01;2.7500000e+01;2.2796412e-01;2.7500000e+01;2.2810757e-01;2.7500000e+01;2.1576165e-01;2.7500000e+01;1.9042991e-01;2.7500000e+01;1.5458439e-01;2.7500000e+01;1.1415185e-01;2.7500000e+01;7.3784195e-02;2.7500000e+01;3.4595944e-02;2.7500000e+01;-5.0494093e-03;2.7500000e+01;-6.2167738e-04;2.7500000e+01;7.7125803e-03;2.7500000e+01;2.1857165e-02;2.7500000e+01;4.2225923e-02;2.7500000e+01;6.9840409e-02;2.7500000e+01;1.0367370e-01;2.7500000e+01;1.4332364e-01;2.7500000e+01;1.8418163e-01;2.7500000e+01;2.1283340e-01;2.7500000e+01;2.2796412e-01;2.7500000e+01;2.2810757e-01;2.7500000e+01;2.1576165e-01;2.7500000e+01;1.9042991e-01;2.7500000e+01;1.5458439e-01;2.7500000e+01;1.1415185e-01;2.7500000e+01;7.3784195e-02;2.7500000e+01;3.4595944e-02;2.7500000e+01;-5.0494093e-03;2.7500000e+01;-6.2167738e-04;2.7500000e+01;7.7125803e-03;2.7500000e+01;2.1857165e-02;2.7500000e+01;4.2225923e-02;2.7500000e+01;6.9840409e-02;2.7500000e+01;1.0367370e-01;2.7500000e+01;1.4332364e-01;2.7500000e+01;1.8418163e-01;2.7500000e+01;2.1283340e-01;2.7500000e+01;2.2796412e-01;2.7500000e+01;2.2810757e-01;2.7500000e+01;2.1576165e-01;2.7500000e+01;1.9042991e-01;2.7500000e+01;1.5458439e-01;2.7500000e+01;1.1415185e-01;2.7500000e+01;7.3784195e-02;2.7500000e+01;3.4595944e-02;2.7500000e+01;-5.0494093e-03;2.7500000e+01;-6.2167738e-04;2.7500000e+01;7.7125803e-03;2.7500000e+01;2.1857165e-02;2.7500000e+01;4.2225923e-02;2.7500000e+01;6.9840409e-02;2.7500000e+01;1.0367370e-01;2.7500000e+01;1.4332364e-01;2.7500000e+01;1.8418163e-01;2.7500000e+01;2.1283340e-01;2.7500000e+01;2.2796412e-01;2.7500000e+01;2.2810757e-01;2.7500000e+01;2.1576165e-01;2.7500000e+01;1.9042991e-01;2.7500000e+01;1.5458439e-01;2.7500000e+01;1.1415185e-01;2.7500000e+01;7.3784195e-02;2.7500000e+01;3.4595944e-02;2.7500000e+01;-5.0494093e-03;2.7500000e+01;-6.2167738e-04;2.7500000e+01;7.7125803e-03;2.7500000e+01;2.1857165e-02;2.7500000e+01;4.2225923e-02;2.7500000e+01;6.9840409e-02;2.7500000e+01;1.0367370e-01;2.7500000e+01;1.4332364e-01;2.7500000e+01;1.8418163e-01;2.7500000e+01;2.1283340e-01;2.7500000e+01;2.2796412e-01;2.7500000e+01;2.2810757e-01;2.7500000e+01;2.1576165e-01;2.7500000e+01;1.9042991e-01;2.7500000e+01;1.5458439e-01;2.7500000e+01;1.1415185e-01;2.7500000e+01;7.3784195e-02;2.7500000e+01;3.4595944e-02;2.7500000e+01;-5.0494093e-03;2.7500000e+01;-6.2167738e-04;2.7500000e+01;7.7125803e-03;2.7500000e+01;2.1857165e-02;2.7500000e+01;4.2225923e-02;2.7500000e+01;6.9840409e-02;2.7500000e+01;1.0367370e-01;2.7500000e+01;1.4332364e-01;2.7500000e+01;1.8418163e-01;2.7500000e+01;2.1283340e-01;2.7500000e+01;2.2796412e-01;2.7500000e+01;2.2810757e-01;2.7500000e+01;2.1576165e-01;2.7500000e+01;1.9042991e-01;2.7500000e+01;1.5458439e-01;2.7500000e+01;1.1415185e-01;2.7500000e+01;7.3784195e-02;2.7500000e+01;3.4595944e-02;2.7500000e+01;-5.0494093e-03;2.7500000e+01;-6.2167738e-04;2.7500000e+01;7.7125803e-03;2.7500000e+01;2.1857165e-02;2.7500000e+01;4.2225923e-02;2.7500000e+01;6.9840409e-02;2.7500000e+01;1.0367370e-01;2.7500000e+01;1.4332364e-01;2.7500000e+01;1.8418163e-01;2.7500000e+01;2.1283340e-01;2.7500000e+01;2.2796412e-01;2.7500000e+01;2.2810757e-01;2.7500000e+01;2.1576165e-01;2.7500000e+01;1.9042991e-01;2.7500000e+01;1.5458439e-01;2.7500000e+01;1.1415185e-01;2.7500000e+01;7.3784195e-02;2.7500000e+01;3.4595944e-02;2.7500000e+01;-5.0494093e-03;2.7500000e+01;-6.2167738e-04;2.7500000e+01;7.7125803e-03;2.7500000e+01;2.1857165e-02;2.7500000e+01;4.2225923e-02;2.7500000e+01;6.9840409e-02;2.7500000e+01;1.0367370e-01;2.7500000e+01;1.4332364e-01;2.7500000e+01;1.8418163e-01;2.7500000e+01;2.1283340e-01;2.7500000e+01;2.2796412e-01;2.7500000e+01;2.2810757e-01;2.7500000e+01;2.1576165e-01;2.7500000e+01;1.9042991e-01;2.7500000e+01;1.5458439e-01;2.7500000e+01;1.1415185e-01;2.7500000e+01;7.3784195e-02;2.7500000e+01;3.4595944e-02;2.7500000e+01;-5.0494093e-03;2.7500000e+01;-6.2167738e-04;2.7500000e+01;7.7125803e-03;2.7500000e+01;2.1857165e-02;2.7500000e+01;4.2225923e-02;2.7500000e+01;6.9840409e-02;2.7500000e+01;1.0367370e-01;2.7500000e+01;1.4332364e-01;2.7500000e+01;1.8418163e-01;2.7500000e+01;2.1283340e-01;2.7500000e+01;2.2796412e-01;2.7500000e+01;2.2810757e-01;2.7500000e+01;2.1576165e-01;2.7500000e+01;1.9042991e-01;2.7500000e+01;1.5458439e-01;2.7500000e+01;1.1415185e-01;2.7500000e+01;7.3784195e-02;2.7500000e+01;3.4595944e-02;2.7500000e+01;-5.0494093e-03;2.7500000e+01;-6.2167738e-04;2.7500000e+01;7.7125803e-03;2.7500000e+01;2.1857165e-02;2.7500000e+01;4.2225923e-02;2.7500000e+01;6.9840409e-02;2.7500000e+01;1.0367370e-01;2.7500000e+01;1.4332364e-01;2.7500000e+01;1.8418163e-01;2.7500000e+01;2.1283340e-01;2.7500000e+01;2.2796412e-01;2.7500000e+01;2.2810757e-01;2.7500000e+01;2.1576165e-01;2.7500000e+01;1.9042991e-01;2.7500000e+01;1.5458439e-01;2.7500000e+01;1.1415185e-01;2.7500000e+01;7.3784195e-02;2.7500000e+01;3.4595944e-02;2.7500000e+01;-5.0494093e-03;2.7500000e+01;-6.2167738e-04;2.7500000e+01;7.7125803e-03;2.7500000e+01;2.1857165e-02;2.7500000e+01;4.2225923e-02;2.7500000e+01;6.9840409e-02;2.7500000e+01;1.0367370e-01;2.7500000e+01;1.4332364e-01;2.7500000e+01;1.8418163e-01;2.7500000e+01;2.1283340e-01;2.7500000e+01;2.2796412e-01;2.7500000e+01;2.2810757e-01;2.7500000e+01;2.1576165e-01;2.7500000e+01;1.9042991e-01;2.7500000e+01;1.5458439e-01;2.7500000e+01;1.1415185e-01;2.7500000e+01;7.3784195e-02;2.7500000e+01;3.4595944e-02;2.7500000e+01;-5.0494093e-03;2.7500000e+01;-6.2167738e-04;2.7500000e+01;7.7125803e-03;2.7500000e+01;2.1857165e-02;2.7500000e+01;4.2225923e-02;2.7500000e+01;6.9840409e-02;2.7500000e+01;1.0367370e-01;2.7500000e+01;1.4332364e-01;2.7500000e+01;1.8418163e-01;2.7500000e+01;2.1283340e-01;2.7500000e+01;2.2796412e-01;2.7500000e+01;2.2810757e-01;2.7500000e+01;2.1576165e-01;2.7500000e+01;1.9042991e-01;2.7500000e+01;1.5458439e-01;2.7500000e+01;1.1415185e-01;2.7500000e+01;7.3784195e-02;2.7500000e+01;3.4595944e-02;2.7500000e+01;-5.0494093e-03;2.7500000e+01;-6.2167738e-04;2.7500000e+01;7.7125803e-03;2.7500000e+01;2.1857165e-02;2.7500000e+01;4.2225923e-02;2.7500000e+01;6.9840409e-02;2.7500000e+01;1.0367370e-01;2.7500000e+01;1.4332364e-01;2.7500000e+01;1.8418163e-01;2.7500000e+01;2.1283340e-01;2.7500000e+01;2.2796412e-01;2.7500000e+01;2.2810757e-01;2.7500000e+01;2.1576165e-01;2.7500000e+01;1.9042991e-01;2.7500000e+01;1.5458439e-01;2.7500000e+01;1.1415185e-01;2.7500000e+01;7.3784195e-02;2.7500000e+01;3.4595944e-02;2.7500000e+01;-5.0494093e-03;2.7500000e+01;-6.2167738e-04;2.7500000e+01;7.7125803e-03;2.7500000e+01;2.1857165e-02;2.7500000e+01;4.2225923e-02;2.7500000e+01;6.9840409e-02;2.7500000e+01;1.0367370e-01;2.7500000e+01;1.4332364e-01;2.7500000e+01;1.8418163e-01;2.7500000e+01;2.1283340e-01;2.7500000e+01;2.2796412e-01;2.7500000e+01;2.2810757e-01;2.7500000e+01;2.1576165e-01;2.7500000e+01;1.9042991e-01;2.7500000e+01;1.5458439e-01;2.7500000e+01;1.1415185e-01;2.7500000e+01;7.3784195e-02;2.7500000e+01;3.4595944e-02;2.7500000e+01;-5.0494093e-03;2.7500000e+01;-6.2167738e-04;2.7500000e+01;7.7125803e-03;2.7500000e+01;2.1857165e-02;2.7500000e+01;4.2225923e-02;2.7500000e+01;6.9840409e-02;2.7500000e+01;1.0367370e-01;2.7500000e+01;1.4332364e-01;2.7500000e+01;1.8418163e-01;2.7500000e+01;2.1283340e-01;2.7500000e+01;2.2796412e-01;2.7500000e+01;2.2810757e-01;2.7500000e+01;2.1576165e-01;2.7500000e+01;1.9042991e-01;2.7500000e+01;1.5458439e-01;2.7500000e+01;1.1415185e-01;2.7500000e+01;7.3784195e-02;2.7500000e+01;3.4595944e-02;2.7500000e+01;-5.0494093e-03;2.7500000e+01;-6.2167738e-04;2.7500000e+01;7.7125803e-03;2.7500000e+01;2.1857165e-02;2.7500000e+01;4.2225923e-02;2.7500000e+01;6.9840409e-02;2.7500000e+01;1.0367370e-01;2.7500000e+01;1.4332364e-01;2.7500000e+01;1.8418163e-01;2.7500000e+01;2.1283340e-01;2.7500000e+01;2.2796412e-01;2.7500000e+01;2.2810757e-01;2.7500000e+01;2.1576165e-01;2.7500000e+01;1.9042991e-01;2.7500000e+01;1.5458439e-01;2.7500000e+01;1.1415185e-01;2.7500000e+01;7.3784195e-02;2.7500000e+01;3.4595944e-02;2.7500000e+01;-5.0494093e-03;2.7500000e+01;-6.2167738e-04;2.7500000e+01;7.7125803e-03;2.7500000e+01;2.1857165e-02;2.7500000e+01;4.2225923e-02;2.7500000e+01;6.9840409e-02;2.7500000e+01;1.0367370e-01;2.7500000e+01;1.4332364e-01;2.7500000e+01;1.8418163e-01;2.7500000e+01;2.1283340e-01;2.7500000e+01;2.2796412e-01;2.7500000e+01;2.2810757e-01;2.7500000e+01;2.1576165e-01;2.7500000e+01;1.9042991e-01;2.7500000e+01;1.5458439e-01;2.7500000e+01;1.1415185e-01;2.7500000e+01;7.3784195e-02;2.7500000e+01;3.4595944e-02;2.7500000e+01;-5.0494093e-03;2.7500000e+01;-6.2167738e-04;2.7500000e+01;7.7125803e-03;2.7500000e+01;2.1857165e-02;2.7500000e+01;4.2225923e-02;2.7500000e+01;6.9840409e-02;2.7500000e+01;1.0367370e-01;2.7500000e+01;1.4332364e-01;2.7500000e+01;1.8418163e-01;2.7500000e+01;2.1283340e-01;2.7500000e+01;2.2796412e-01;2.7500000e+01;2.2810757e-01;2.7500000e+01;2.1576165e-01;2.7500000e+01;1.9042991e-01;2.7500000e+01;1.5458439e-01;2.7500000e+01;1.1415185e-01;2.7500000e+01;7.3784195e-02;2.7500000e+01;3.4595944e-02;2.7500000e+01;-5.0494093e-03;2.7500000e+01;-6.2167738e-04;2.7500000e+01;7.7125803e-03;2.7500000e+01;2.1857165e-02;2.7500000e+01;4.2225923e-02;2.7500000e+01;6.9840409e-02;2.7500000e+01;1.0367370e-01;2.7500000e+01;1.4332364e-01;2.7500000e+01;1.8418163e-01;2.7500000e+01;2.1283340e-01;2.7500000e+01;2.2796412e-01;2.7500000e+01;2.2810757e-01;2.7500000e+01;2.1576165e-01;2.7500000e+01;1.9042991e-01;2.7500000e+01;1.5458439e-01;2.7500000e+01;1.1415185e-01;2.7500000e+01;7.3784195e-02;2.7500000e+01;3.4595944e-02;2.7500000e+01;-5.0494093e-03;2.7500000e+01;-6.2167738e-04;2.7500000e+01;7.7125803e-03;2.7500000e+01;2.1857165e-02;2.7500000e+01;4.2225923e-02;2.7500000e+01;6.9840409e-02;2.7500000e+01;1.0367370e-01;2.7500000e+01;1.4332364e-01;2.7500000e+01;1.8418163e-01;2.7500000e+01;2.1283340e-01;2.7500000e+01;2.2796412e-01;2.7500000e+01;2.2810757e-01;2.7500000e+01;2.1576165e-01;2.7500000e+01;1.9042991e-01;2.7500000e+01;1.5458439e-01;2.7500000e+01;1.1415185e-01;2.7500000e+01;7.3784195e-02;2.7500000e+01;3.4595944e-02;2.7500000e+01;-5.0494093e-03;2.7500000e+01;-6.2167738e-04;2.7500000e+01;7.7125803e-03;2.7500000e+01;2.1857165e-02;2.7500000e+01;4.2225923e-02;2.7500000e+01;6.9840409e-02;2.7500000e+01;1.0367370e-01;2.7500000e+01;1.4332364e-01;2.7500000e+01;1.8418163e-01;2.7500000e+01;2.1283340e-01;2.7500000e+01;2.2796412e-01;2.7500000e+01;2.2810757e-01;2.7500000e+01;2.1576165e-01;2.7500000e+01;1.9042991e-01;2.7500000e+01;1.5458439e-01;2.7500000e+01;1.1415185e-01;2.7500000e+01;7.3784195e-02;2.7500000e+01;3.4595944e-02;2.7500000e+01;-5.0494093e-03;2.7500000e+01;-6.2167738e-04;2.7500000e+01;7.7125803e-03;2.7500000e+01;2.1857165e-02;2.7500000e+01;4.2225923e-02;2.7500000e+01;6.9840409e-02;2.7500000e+01;1.0367370e-01;2.7500000e+01;1.4332364e-01;2.7500000e+01;1.8418163e-01;2.7500000e+01;2.1283340e-01;2.7500000e+01;2.2796412e-01;2.7500000e+01;2.2810757e-01;2.7500000e+01;2.1576165e-01;2.7500000e+01;1.9042991e-01;2.7500000e+01;1.5458439e-01;2.7500000e+01;1.1415185e-01;2.7500000e+01;7.3784195e-02;2.7500000e+01;3.4595944e-02;2.7500000e+01;-5.0494093e-03;2.7500000e+01;-6.2167738e-04;2.7500000e+01;7.7125803e-03;2.7500000e+01;2.1857165e-02;2.7500000e+01;4.2225923e-02;2.7500000e+01;6.9840409e-02;2.7500000e+01;1.0367370e-01;2.7500000e+01;1.4332364e-01;2.7500000e+01;1.8418163e-01;2.7500000e+01;2.1283340e-01;2.7500000e+01;2.2796412e-01;2.7500000e+01;2.2810757e-01;2.7500000e+01;2.1576165e-01;2.7500000e+01;1.9042991e-01;2.7500000e+01;1.5458439e-01;2.7500000e+01;1.1415185e-01;2.7500000e+01;7.3784195e-02;2.7500000e+01;3.4595944e-02;2.7500000e+01;-5.0494093e-03;2.7500000e+01;-6.2167738e-04;2.7500000e+01;7.7125803e-03;2.7500000e+01;2.1857165e-02;2.7500000e+01;4.2225923e-02;2.7500000e+01;6.9840409e-02;2.7500000e+01;1.0367370e-01;2.7500000e+01;1.4332364e-01;2.7500000e+01;1.8418163e-01;2.7500000e+01;2.1283340e-01;2.7500000e+01;2.2796412e-01;2.7500000e+01;2.2810757e-01;2.7500000e+01;2.1576165e-01;2.7500000e+01;1.9042991e-01;2.7500000e+01;1.5458439e-01;2.7500000e+01;1.1415185e-01;2.7500000e+01;7.3784195e-02;2.7500000e+01;3.4595944e-02;2.7500000e+01;-5.0494093e-03;2.7500000e+01;-6.2167738e-04;2.7500000e+01;7.7125803e-03;2.7500000e+01;2.1857165e-02;2.7500000e+01;4.2225923e-02;2.7500000e+01;6.9840409e-02;2.7500000e+01;1.0367370e-01;2.7500000e+01;1.4332364e-01;2.7500000e+01;1.8418163e-01;2.7500000e+01;2.1283340e-01;2.7500000e+01;2.2796412e-01;2.7500000e+01;2.2810757e-01;2.7500000e+01;2.1576165e-01;2.7500000e+01;1.9042991e-01;2.7500000e+01;1.5458439e-01;2.7500000e+01;1.1415185e-01;2.7500000e+01;7.3784195e-02;2.7500000e+01;3.4595944e-02;2.7500000e+01;-5.0494093e-03;2.7500000e+01;-6.2167738e-04;2.7500000e+01;7.7125803e-03;2.7500000e+01;2.1857165e-02;2.7500000e+01;4.2225923e-02;2.7500000e+01;6.9840409e-02;2.7500000e+01;1.0367370e-01;2.7500000e+01;1.4332364e-01;2.7500000e+01;1.8418163e-01;2.7500000e+01;2.1283340e-01;2.7500000e+01;2.2796412e-01;2.7500000e+01;2.2810757e-01;2.7500000e+01;2.1576165e-01;2.7500000e+01;1.9042991e-01;2.7500000e+01;1.5458439e-01;2.7500000e+01;1.1415185e-01;2.7500000e+01;7.3784195e-02;2.7500000e+01;3.4595944e-02;2.7500000e+01;-5.0494093e-03;2.7500000e+01;-6.2167738e-04;2.7500000e+01;7.7125803e-03;2.7500000e+01;2.1857165e-02;2.7500000e+01;4.2225923e-02;2.7500000e+01;6.9840409e-02;2.7500000e+01;1.0367370e-01;2.7500000e+01;1.4332364e-01;2.7500000e+01;1.8418163e-01;2.7500000e+01;2.1283340e-01;2.7500000e+01;2.2796412e-01;2.7500000e+01;2.2810757e-01;2.7500000e+01;2.1576165e-01;2.7500000e+01;1.9042991e-01;2.7500000e+01;1.5458439e-01;2.7500000e+01;1.1415185e-01;2.7500000e+01;7.3784195e-02;2.7500000e+01;3.4595944e-02;2.7500000e+01;-5.0494093e-03;2.7500000e+01;-6.2167738e-04;2.7500000e+01;7.7125803e-03;2.7500000e+01;2.1857165e-02;2.7500000e+01;4.2225923e-02;2.7500000e+01;6.9840409e-02;2.7500000e+01;1.0367370e-01;2.7500000e+01;1.4332364e-01;2.7500000e+01;1.8418163e-01;2.7500000e+01;2.1283340e-01;2.7500000e+01;2.2796412e-01;2.7500000e+01;2.2810757e-01;2.7500000e+01;2.1576165e-01;2.7500000e+01;1.9042991e-01;2.7500000e+01;1.5458439e-01;2.7500000e+01;1.1415185e-01;2.7500000e+01;7.3784195e-02;2.7500000e+01;3.4595944e-02;2.7500000e+01;-5.0494093e-03;2.7500000e+01;-6.2167738e-04;2.7500000e+01;7.7125803e-03;2.7500000e+01;2.1857165e-02;2.7500000e+01;4.2225923e-02;2.7500000e+01;6.9840409e-02;2.7500000e+01;1.0367370e-01;2.7500000e+01;1.4332364e-01;2.7500000e+01;1.8418163e-01;2.7500000e+01;2.1283340e-01;2.7500000e+01;2.2796412e-01;2.7500000e+01;2.2810757e-01;2.7500000e+01;2.1576165e-01;2.7500000e+01;1.9042991e-01;2.7500000e+01;1.5458439e-01;2.7500000e+01;1.1415185e-01;2.7500000e+01;7.3784195e-02;2.7500000e+01;3.4595944e-02;2.7500000e+01;-5.0494093e-03;2.7500000e+01;-6.2167738e-04;2.7500000e+01;7.7125803e-03;2.7500000e+01;2.1857165e-02;2.7500000e+01;4.2225923e-02;2.7500000e+01;6.9840409e-02;2.7500000e+01;1.0367370e-01;2.7500000e+01;1.4332364e-01;2.7500000e+01;1.8418163e-01;2.7500000e+01;2.1283340e-01;2.7500000e+01;2.2796412e-01;2.7500000e+01;2.2810757e-01;2.7500000e+01;2.1576165e-01;2.7500000e+01;1.9042991e-01;2.7500000e+01;1.5458439e-01;2.7500000e+01;1.1415185e-01;2.7500000e+01;7.3784195e-02;2.7500000e+01;3.4595944e-02;2.7500000e+01;-5.0494093e-03;2.7500000e+01;-6.2167738e-04;2.7500000e+01;7.7125803e-03;2.7500000e+01;2.1857165e-02;2.7500000e+01;4.2225923e-02;2.7500000e+01;6.9840409e-02;2.7500000e+01;1.0367370e-01;2.7500000e+01;1.4332364e-01;2.7500000e+01;1.8418163e-01;2.7500000e+01;2.1283340e-01;2.7500000e+01;2.2796412e-01;2.7500000e+01;2.2810757e-01;2.7500000e+01;2.1576165e-01;2.7500000e+01;1.9042991e-01;2.7500000e+01;1.5458439e-01;2.7500000e+01;1.1415185e-01;2.7500000e+01;7.3784195e-02;2.7500000e+01;3.4595944e-02;2.7500000e+01;-5.0494093e-03;2.7500000e+01;-6.2167738e-04;2.7500000e+01;7.7125803e-03;2.7500000e+01;2.1857165e-02;2.7500000e+01;4.2225923e-02;2.7500000e+01;6.9840409e-02;2.7500000e+01;1.0367370e-01;2.7500000e+01;1.4332364e-01;2.7500000e+01;1.8418163e-01;2.7500000e+01;2.1283340e-01;2.7500000e+01;2.2796412e-01;2.7500000e+01;2.2810757e-01;2.7500000e+01;2.1576165e-01;2.7500000e+01;1.9042991e-01;2.7500000e+01;1.5458439e-01;2.7500000e+01;1.1415185e-01;2.7500000e+01;7.3784195e-02;2.7500000e+01;3.4595944e-02;2.7500000e+01;-5.0494093e-03;2.7500000e+01;-6.2167738e-04;2.7500000e+01;7.7125803e-03;2.7500000e+01;2.1857165e-02;2.7500000e+01;4.2225923e-02;2.7500000e+01;6.9840409e-02;2.7500000e+01;1.0367370e-01;2.7500000e+01;1.4332364e-01;2.7500000e+01;1.8418163e-01;2.7500000e+01;2.1283340e-01;2.7500000e+01;2.2796412e-01;2.7500000e+01;2.2810757e-01;2.7500000e+01;2.1576165e-01;2.7500000e+01;1.9042991e-01;2.7500000e+01;1.5458439e-01;2.7500000e+01;1.1415185e-01;2.7500000e+01;7.3784195e-02;2.7500000e+01;3.4595944e-02;2.7500000e+01;-5.0494093e-03;2.7500000e+01;-6.2167738e-04;2.7500000e+01;7.7125803e-03;2.7500000e+01;2.1857165e-02;2.7500000e+01;4.2225923e-02;2.7500000e+01;6.9840409e-02;2.7500000e+01;1.0367370e-01;2.7500000e+01;1.4332364e-01;2.7500000e+01;1.8418163e-01;2.7500000e+01;2.1283340e-01;2.7500000e+01;2.2796412e-01;2.7500000e+01;2.2810757e-01;2.7500000e+01;2.1576165e-01;2.7500000e+01;1.9042991e-01;2.7500000e+01;1.5458439e-01;2.7500000e+01;1.1415185e-01;2.7500000e+01;7.3784195e-02;2.7500000e+01;3.4595944e-02;2.7500000e+01;-5.0494093e-03;2.7500000e+01;-6.2167738e-04;2.7500000e+01;7.7125803e-03;2.7500000e+01;2.1857165e-02;2.7500000e+01;4.2225923e-02;2.7500000e+01;6.9840409e-02;2.7500000e+01;1.0367370e-01;2.7500000e+01;1.4332364e-01;2.7500000e+01;1.8418163e-01;2.7500000e+01;2.1283340e-01;2.7500000e+01;2.2796412e-01;2.7500000e+01;2.2810757e-01;2.7500000e+01;2.1576165e-01;2.7500000e+01;1.9042991e-01;2.7500000e+01;1.5458439e-01;2.7500000e+01;1.1415185e-01;2.7500000e+01;7.3784195e-02;2.7500000e+01;3.4595944e-02;2.7500000e+01;-5.0494093e-03;2.7500000e+01;-6.2167738e-04;2.7500000e+01;7.7125803e-03;2.7500000e+01;2.1857165e-02;2.7500000e+01;4.2225923e-02;2.7500000e+01;6.9840409e-02;2.7500000e+01;1.0367370e-01;2.7500000e+01;1.4332364e-01;2.7500000e+01;1.8418163e-01;2.7500000e+01;2.1283340e-01;2.7500000e+01;2.2796412e-01;2.7500000e+01;2.2810757e-01;2.7500000e+01;2.1576165e-01;2.7500000e+01;1.9042991e-01;2.7500000e+01;1.5458439e-01;2.7500000e+01;1.1415185e-01;2.7500000e+01;7.3784195e-02;2.7500000e+01;3.4595944e-02;2.7500000e+01;-5.0494093e-03;2.7500000e+01;-6.2167738e-04;2.7500000e+01;7.7125803e-03;2.7500000e+01;2.1857165e-02;2.7500000e+01;4.2225923e-02;2.7500000e+01;6.9840409e-02;2.7500000e+01;1.0367370e-01;2.7500000e+01;1.4332364e-01;2.7500000e+01;1.8418163e-01;2.7500000e+01;2.1283340e-01;2.7500000e+01;2.2796412e-01;2.7500000e+01;2.2810757e-01;2.7500000e+01;2.1576165e-01;2.7500000e+01;1.9042991e-01;2.7500000e+01;1.5458439e-01;2.7500000e+01;1.1415185e-01;2.7500000e+01;7.3784195e-02;2.7500000e+01;3.4595944e-02;2.7500000e+01;-5.0494093e-03;2.7500000e+01;-6.2167738e-04;2.7500000e+01;7.7125803e-03;2.7500000e+01;2.1857165e-02;2.7500000e+01;4.2225923e-02;2.7500000e+01;6.9840409e-02;2.7500000e+01;1.0367370e-01;2.7500000e+01;1.4332364e-01;2.7500000e+01;1.8418163e-01;2.7500000e+01;2.1283340e-01;2.7500000e+01;2.2796412e-01;2.7500000e+01;2.2810757e-01;2.7500000e+01;2.1576165e-01;2.7500000e+01;1.9042991e-01;2.7500000e+01;1.5458439e-01;2.7500000e+01;1.1415185e-01;2.7500000e+01;7.3784195e-02;2.7500000e+01;3.4595944e-02;2.7500000e+01;-5.0494093e-03;2.7500000e+01;-6.2167738e-04;2.7500000e+01;7.7125803e-03;2.7500000e+01;2.1857165e-02;2.7500000e+01;4.2225923e-02;2.7500000e+01;6.9840409e-02;2.7500000e+01;1.0367370e-01;2.7500000e+01;1.4332364e-01;2.7500000e+01;1.8418163e-01;2.7500000e+01;2.1283340e-01;2.7500000e+01;2.2796412e-01;2.7500000e+01;2.2810757e-01;2.7500000e+01;2.1576165e-01;2.7500000e+01;1.9042991e-01;2.7500000e+01;1.5458439e-01;2.7500000e+01;1.1415185e-01;2.7500000e+01;7.3784195e-02;2.7500000e+01;3.4595944e-02;2.7500000e+01;-5.0494093e-03;2.7500000e+01;-6.2167738e-04;2.7500000e+01;7.7125803e-03;2.7500000e+01;2.1857165e-02;2.7500000e+01;4.2225923e-02;2.7500000e+01;6.9840409e-02;2.7500000e+01;1.0367370e-01;2.7500000e+01;1.4332364e-01;2.7500000e+01;1.8418163e-01;2.7500000e+01;2.1283340e-01;2.7500000e+01;2.2796412e-01;2.7500000e+01;2.2810757e-01;2.7500000e+01;2.1576165e-01;2.7500000e+01;1.9042991e-01;2.7500000e+01;1.5458439e-01;2.7500000e+01;1.1415185e-01;2.7500000e+01;7.3784195e-02;2.7500000e+01;3.4595944e-02;2.7500000e+01;-5.0494093e-03;2.7500000e+01;-6.2167738e-04;2.7500000e+01;7.7125803e-03;2.7500000e+01;2.1857165e-02;2.7500000e+01;4.2225923e-02;2.7500000e+01;6.9840409e-02;2.7500000e+01;1.0367370e-01;2.7500000e+01;1.4332364e-01;2.7500000e+01;1.8418163e-01;2.7500000e+01;2.1283340e-01;2.7500000e+01;2.2796412e-01;2.7500000e+01;2.2810757e-01;2.7500000e+01;2.1576165e-01;2.7500000e+01;1.9042991e-01;2.7500000e+01;1.5458439e-01;2.7500000e+01;1.1415185e-01;2.7500000e+01;7.3784195e-02;2.7500000e+01;3.4595944e-02;2.7500000e+01;-5.0494093e-03;2.7500000e+01;-6.2167738e-04;2.7500000e+01;7.7125803e-03;2.7500000e+01;2.1857165e-02;2.7500000e+01;4.2225923e-02;2.7500000e+01;6.9840409e-02;2.7500000e+01;1.0367370e-01;2.7500000e+01;1.4332364e-01;2.7500000e+01;1.8418163e-01;2.7500000e+01;2.1283340e-01;2.7500000e+01;2.2796412e-01;2.7500000e+01;2.2810757e-01;2.7500000e+01;2.1576165e-01;2.7500000e+01;1.9042991e-01;2.7500000e+01;1.5458439e-01;2.7500000e+01;1.1415185e-01;2.7500000e+01;7.3784195e-02;2.7500000e+01;3.4595944e-02;2.7500000e+01;-5.0494093e-03;2.7500000e+01;-6.2167738e-04;2.7500000e+01;7.7125803e-03;2.7500000e+01;2.1857165e-02;2.7500000e+01;4.2225923e-02;2.7500000e+01;6.9840409e-02;2.7500000e+01;1.0367370e-01;2.7500000e+01;1.4332364e-01;2.7500000e+01;1.8418163e-01;2.7500000e+01;2.1283340e-01;2.7500000e+01;2.2796412e-01;2.7500000e+01;2.2810757e-01;2.7500000e+01;2.1576165e-01;2.7500000e+01;1.9042991e-01;2.7500000e+01;1.5458439e-01;2.7500000e+01;1.1415185e-01;2.7500000e+01;7.3784195e-02;2.7500000e+01;3.4595944e-02;2.7500000e+01;-5.0494093e-03;2.7500000e+01;-6.2167738e-04;2.7500000e+01;7.7125803e-03;2.7500000e+01;2.1857165e-02;2.7500000e+01;4.2225923e-02;2.7500000e+01;6.9840409e-02;2.7500000e+01;1.0367370e-01;2.7500000e+01;1.4332364e-01;2.7500000e+01;1.8418163e-01;2.7500000e+01;2.1283340e-01;2.7500000e+01;2.2796412e-01;2.7500000e+01;2.2810757e-01;2.7500000e+01;2.1576165e-01;2.7500000e+01;1.9042991e-01;2.7500000e+01;1.5458439e-01;2.7500000e+01;1.1415185e-01;2.7500000e+01;7.3784195e-02;2.7500000e+01;3.4595944e-02;2.7500000e+01;-5.0494093e-03;2.7500000e+01;-6.2167738e-04;2.7500000e+01;7.7125803e-03;2.7500000e+01;2.1857165e-02;2.7500000e+01;4.2225923e-02;2.7500000e+01;6.9840409e-02;2.7500000e+01;1.0367370e-01;2.7500000e+01;1.4332364e-01;2.7500000e+01;1.8418163e-01;2.7500000e+01;2.1283340e-01;2.7500000e+01;2.2796412e-01;2.7500000e+01;2.2810757e-01;2.7500000e+01;2.1576165e-01;2.7500000e+01;1.9042991e-01;2.7500000e+01;1.5458439e-01;2.7500000e+01;1.1415185e-01;2.7500000e+01;7.3784195e-02;2.7500000e+01;3.4595944e-02;2.7500000e+01;-5.0494093e-03;2.7500000e+01;-6.2167738e-04;2.7500000e+01;7.7125803e-03;2.7500000e+01;2.1857165e-02;2.7500000e+01;4.2225923e-02;2.7500000e+01;6.9840409e-02;2.7500000e+01;1.0367370e-01;2.7500000e+01;1.4332364e-01;2.7500000e+01;1.8418163e-01;2.7500000e+01;2.1283340e-01;2.7500000e+01;2.2796412e-01;2.7500000e+01;2.2810757e-01;2.7500000e+01;2.1576165e-01;2.7500000e+01;1.9042991e-01;2.7500000e+01;1.5458439e-01;2.7500000e+01;1.1415185e-01;2.7500000e+01;7.3784195e-02;2.7500000e+01;3.4595944e-02;2.7500000e+01;-5.0494093e-03;2.7500000e+01;-6.2167738e-04;2.7500000e+01;7.7125803e-03;2.7500000e+01;2.1857165e-02;2.7500000e+01;4.2225923e-02;2.7500000e+01;6.9840409e-02;2.7500000e+01;1.0367370e-01;2.7500000e+01;1.4332364e-01;2.7500000e+01;1.8418163e-01;2.7500000e+01;2.1283340e-01;2.7500000e+01;2.2796412e-01;2.7500000e+01;2.2810757e-01;2.7500000e+01;2.1576165e-01;2.7500000e+01;1.9042991e-01;2.7500000e+01;1.5458439e-01;2.7500000e+01;1.1415185e-01;2.7500000e+01;7.3784195e-02;2.7500000e+01;3.4595944e-02;2.7500000e+01;-5.0494093e-03;2.7500000e+01;-6.2167738e-04;2.7500000e+01;7.7125803e-03;2.7500000e+01;2.1857165e-02;2.7500000e+01;4.2225923e-02;2.7500000e+01;6.9840409e-02;2.7500000e+01;1.0367370e-01;2.7500000e+01;1.4332364e-01;2.7500000e+01;1.8418163e-01;2.7500000e+01;2.1283340e-01;2.7500000e+01;2.2796412e-01;2.7500000e+01;2.2810757e-01;2.7500000e+01;2.1576165e-01;2.7500000e+01;1.9042991e-01;2.7500000e+01;1.5458439e-01;2.7500000e+01;1.1415185e-01;2.7500000e+01;7.3784195e-02;2.7500000e+01;3.4595944e-02;2.7500000e+01;-5.0494093e-03;2.7500000e+01;-6.2167738e-04;2.7500000e+01;7.7125803e-03;2.7500000e+01;2.1857165e-02;2.7500000e+01;4.2225923e-02;2.7500000e+01;6.9840409e-02;2.7500000e+01;1.0367370e-01;2.7500000e+01;1.4332364e-01;2.7500000e+01;1.8418163e-01;2.7500000e+01;2.1283340e-01;2.7500000e+01;2.2796412e-01;2.7500000e+01;2.2810757e-01;2.7500000e+01;2.1576165e-01;2.7500000e+01;1.9042991e-01;2.7500000e+01;1.5458439e-01;2.7500000e+01;1.1415185e-01;2.7500000e+01;7.3784195e-02;2.7500000e+01;3.4595944e-02;2.7500000e+01;-5.0494093e-03;2.7500000e+01;-6.2167738e-04;2.7500000e+01;7.7125803e-03;2.7500000e+01;2.1857165e-02;2.7500000e+01;4.2225923e-02;2.7500000e+01;6.9840409e-02;2.7500000e+01;1.0367370e-01;2.7500000e+01;1.4332364e-01;2.7500000e+01;1.8418163e-01;2.7500000e+01;2.1283340e-01;2.7500000e+01;2.2796412e-01;2.7500000e+01;2.2810757e-01;2.7500000e+01;2.1576165e-01;2.7500000e+01;1.9042991e-01;2.7500000e+01;1.5458439e-01;2.7500000e+01;1.1415185e-01;2.7500000e+01;7.3784195e-02;2.7500000e+01;3.4595944e-02;2.7500000e+01;-5.0494093e-03;2.7500000e+01;-6.2167738e-04;2.7500000e+01;7.7125803e-03;2.7500000e+01;2.1857165e-02;2.7500000e+01;4.2225923e-02;2.7500000e+01;6.9840409e-02;2.7500000e+01;1.0367370e-01;2.7500000e+01;1.4332364e-01;2.7500000e+01;1.8418163e-01;2.7500000e+01;2.1283340e-01;2.7500000e+01;2.2796412e-01;2.7500000e+01;2.2810757e-01;2.7500000e+01;2.1576165e-01;2.7500000e+01;1.9042991e-01;2.7500000e+01;1.5458439e-01;2.7500000e+01;1.1415185e-01;2.7500000e+01;7.3784195e-02;2.7500000e+01;3.4595944e-02;2.7500000e+01;-5.0494093e-03;2.7500000e+01;-6.2167738e-04;2.7500000e+01;7.7125803e-03;2.7500000e+01;2.1857165e-02;2.7500000e+01;4.2225923e-02;2.7500000e+01;6.9840409e-02;2.7500000e+01;1.0367370e-01;2.7500000e+01;1.4332364e-01;2.7500000e+01;1.8418163e-01;2.7500000e+01;2.1283340e-01;2.7500000e+01;2.2796412e-01;2.7500000e+01;2.2810757e-01;2.7500000e+01;2.1576165e-01;2.7500000e+01;1.9042991e-01;2.7500000e+01;1.5458439e-01;2.7500000e+01;1.1415185e-01;2.7500000e+01;7.3784195e-02;2.7500000e+01;3.4595944e-02;2.7500000e+01;-5.0494093e-03;2.7500000e+01;-6.2167738e-04;2.7500000e+01;7.7125803e-03;2.7500000e+01;2.1857165e-02;2.7500000e+01;4.2225923e-02;2.7500000e+01;6.9840409e-02;2.7500000e+01;1.0367370e-01;2.7500000e+01;1.4332364e-01;2.7500000e+01;1.8418163e-01;2.7500000e+01;2.1283340e-01;2.7500000e+01;2.2796412e-01;2.7500000e+01;2.2810757e-01;2.7500000e+01;2.1576165e-01;2.7500000e+01;1.9042991e-01;2.7500000e+01;1.5458439e-01;2.7500000e+01;1.1415185e-01;2.7500000e+01;7.3784195e-02;2.7500000e+01;3.4595944e-02;2.7500000e+01;-5.0494093e-03;2.7500000e+01;-6.2167738e-04;2.7500000e+01;7.7125803e-03;2.7500000e+01;2.1857165e-02;2.7500000e+01;4.2225923e-02;2.7500000e+01;6.9840409e-02;2.7500000e+01;1.0367370e-01;2.7500000e+01;1.4332364e-01;2.7500000e+01;1.8418163e-01;2.7500000e+01;2.1283340e-01;2.7500000e+01;2.2796412e-01;2.7500000e+01;2.2810757e-01;2.7500000e+01;2.1576165e-01;2.7500000e+01;1.9042991e-01;2.7500000e+01;1.5458439e-01;2.7500000e+01;1.1415185e-01;2.7500000e+01;7.3784195e-02;2.7500000e+01;3.4595944e-02;2.7500000e+01;-5.0494093e-03;2.7500000e+01;-6.2167738e-04;2.7500000e+01;7.7125803e-03;2.7500000e+01;2.1857165e-02;2.7500000e+01;4.2225923e-02;2.7500000e+01;6.9840409e-02;2.7500000e+01;1.0367370e-01;2.7500000e+01;1.4332364e-01;2.7500000e+01;1.8418163e-01;2.7500000e+01;2.1283340e-01;2.7500000e+01;2.2796412e-01;2.7500000e+01;2.2810757e-01;2.7500000e+01;2.1576165e-01;2.7500000e+01;1.9042991e-01;2.7500000e+01;1.5458439e-01;2.7500000e+01;1.1415185e-01;2.7500000e+01;7.3784195e-02;2.7500000e+01;3.4595944e-02;2.7500000e+01;-5.0494093e-03;2.7500000e+01;-6.2167738e-04;2.7500000e+01;7.7125803e-03;2.7500000e+01;2.1857165e-02;2.7500000e+01;4.2225923e-02;2.7500000e+01;6.9840409e-02;2.7500000e+01;1.0367370e-01;2.7500000e+01;1.4332364e-01;2.7500000e+01;1.8418163e-01;2.7500000e+01;2.1283340e-01;2.7500000e+01;2.2796412e-01;2.7500000e+01;2.2810757e-01;2.7500000e+01;2.1576165e-01;2.7500000e+01;1.9042991e-01;2.7500000e+01;1.5458439e-01;2.7500000e+01;1.1415185e-01;2.7500000e+01;7.3784195e-02;2.7500000e+01;3.4595944e-02;2.7500000e+01;-5.0494093e-03;2.7500000e+01;-6.2167738e-04;2.7500000e+01;7.7125803e-03;2.7500000e+01;2.1857165e-02;2.7500000e+01;4.2225923e-02;2.7500000e+01;6.9840409e-02;2.7500000e+01;1.0367370e-01;2.7500000e+01;1.4332364e-01;2.7500000e+01;1.8418163e-01;2.7500000e+01;2.1283340e-01;2.7500000e+01;2.2796412e-01;2.7500000e+01;2.2810757e-01;2.7500000e+01;2.1576165e-01;2.7500000e+01;1.9042991e-01;2.7500000e+01;1.5458439e-01;2.7500000e+01;1.1415185e-01;2.7500000e+01;7.3784195e-02;2.7500000e+01;3.4595944e-02;2.7500000e+01;-5.0494093e-03;2.7500000e+01;-6.2167738e-04;2.7500000e+01;7.7125803e-03;2.7500000e+01;2.1857165e-02;2.7500000e+01;4.2225923e-02;2.7500000e+01;6.9840409e-02;2.7500000e+01;1.0367370e-01;2.7500000e+01;1.4332364e-01;2.7500000e+01;1.8418163e-01;2.7500000e+01;2.1283340e-01;2.7500000e+01;2.2796412e-01;2.7500000e+01;2.2810757e-01;2.7500000e+01;2.1576165e-01;2.7500000e+01;1.9042991e-01;2.7500000e+01;1.5458439e-01;2.7500000e+01;1.1415185e-01;2.7500000e+01;7.3784195e-02;2.7500000e+01;3.4595944e-02;2.7500000e+01;-5.0494093e-03;2.7500000e+01;-6.2167738e-04;2.7500000e+01;7.7125803e-03;2.7500000e+01;2.1857165e-02;2.7500000e+01;4.2225923e-02;2.7500000e+01;6.9840409e-02;2.7500000e+01;1.0367370e-01;2.7500000e+01;1.4332364e-01;2.7500000e+01;1.8418163e-01;2.7500000e+01;2.1283340e-01;2.7500000e+01;2.2796412e-01;2.7500000e+01;2.2810757e-01;2.7500000e+01;2.1576165e-01;2.7500000e+01;1.9042991e-01;2.7500000e+01;1.5458439e-01;2.7500000e+01;1.1415185e-01;2.7500000e+01;7.3784195e-02;2.7500000e+01;3.4595944e-02;2.7500000e+01;-5.0494093e-03;2.7500000e+01;-6.2167738e-04;2.7500000e+01;7.7125803e-03;2.7500000e+01;2.1857165e-02;2.7500000e+01;4.2225923e-02;2.7500000e+01;6.9840409e-02;2.7500000e+01;1.0367370e-01;2.7500000e+01;1.4332364e-01;2.7500000e+01;1.8418163e-01;2.7500000e+01;2.1283340e-01;2.7500000e+01;2.2796412e-01;2.7500000e+01;2.2810757e-01;2.7500000e+01;2.1576165e-01;2.7500000e+01;1.9042991e-01;2.7500000e+01;1.5458439e-01;2.7500000e+01;1.1415185e-01;2.7500000e+01;7.3784195e-02;2.7500000e+01;3.4595944e-02;2.7500000e+01;-5.0494093e-03;2.7500000e+01;-6.2167738e-04;2.7500000e+01;7.7125803e-03;2.7500000e+01;2.1857165e-02;2.7500000e+01;4.2225923e-02;2.7500000e+01;6.9840409e-02;2.7500000e+01;1.0367370e-01;2.7500000e+01;1.4332364e-01;2.7500000e+01;1.8418163e-01;2.7500000e+01;2.1283340e-01;2.7500000e+01;2.2796412e-01;2.7500000e+01;2.2810757e-01;2.7500000e+01;2.1576165e-01;2.7500000e+01;1.9042991e-01;2.7500000e+01;1.5458439e-01;2.7500000e+01;1.1415185e-01;2.7500000e+01;7.3784195e-02;2.7500000e+01;3.4595944e-02;2.7500000e+01;-5.0494093e-03;2.7500000e+01;-6.2167738e-04;2.7500000e+01;7.7125803e-03;2.7500000e+01;2.1857165e-02;2.7500000e+01;4.2225923e-02;2.7500000e+01;6.9840409e-02;2.7500000e+01;1.0367370e-01;2.7500000e+01;1.4332364e-01;2.7500000e+01;1.8418163e-01;2.7500000e+01;2.1283340e-01;2.7500000e+01;2.2796412e-01;2.7500000e+01;2.2810757e-01;2.7500000e+01;2.1576165e-01;2.7500000e+01;1.9042991e-01;2.7500000e+01;1.5458439e-01;2.7500000e+01;1.1415185e-01;2.7500000e+01;7.3784195e-02;2.7500000e+01;3.4595944e-02;2.7500000e+01;-5.0494093e-03;2.7500000e+01;-6.2167738e-04;2.7500000e+01;7.7125803e-03;2.7500000e+01;2.1857165e-02;2.7500000e+01;4.2225923e-02;2.7500000e+01;6.9840409e-02;2.7500000e+01;1.0367370e-01;2.7500000e+01;1.4332364e-01;2.7500000e+01;1.8418163e-01;2.7500000e+01;2.1283340e-01;2.7500000e+01;2.2796412e-01;2.7500000e+01;2.2810757e-01;2.7500000e+01;2.1576165e-01;2.7500000e+01;1.9042991e-01;2.7500000e+01;1.5458439e-01;2.7500000e+01;1.1415185e-01;2.7500000e+01;7.3784195e-02;2.7500000e+01;3.4595944e-02;2.7500000e+01;-5.0494093e-03;2.7500000e+01;-6.2167738e-04;2.7500000e+01;7.7125803e-03;2.7500000e+01;2.1857165e-02;2.7500000e+01;4.2225923e-02;2.7500000e+01;6.9840409e-02;2.7500000e+01;1.0367370e-01;2.7500000e+01;1.4332364e-01;2.7500000e+01;1.8418163e-01;2.7500000e+01;2.1283340e-01;2.7500000e+01;2.2796412e-01;2.7500000e+01;2.2810757e-01;2.7500000e+01;2.1576165e-01;2.7500000e+01;1.9042991e-01;2.7500000e+01;1.5458439e-01;2.7500000e+01;1.1415185e-01;2.7500000e+01;7.3784195e-02;2.7500000e+01;3.4595944e-02;2.7500000e+01;-5.0494093e-03;2.7500000e+01;-6.2167738e-04;2.7500000e+01;7.7125803e-03;2.7500000e+01;2.1857165e-02;2.7500000e+01;4.2225923e-02;2.7500000e+01;6.9840409e-02;2.7500000e+01;1.0367370e-01;2.7500000e+01;1.4332364e-01;2.7500000e+01;1.8418163e-01;2.7500000e+01;2.1283340e-01;2.7500000e+01;2.2796412e-01;2.7500000e+01;2.2810757e-01;2.7500000e+01;2.1576165e-01;2.7500000e+01;1.9042991e-01;2.7500000e+01;1.5458439e-01;2.7500000e+01;1.1415185e-01;2.7500000e+01;7.3784195e-02;2.7500000e+01;3.4595944e-02;2.7500000e+01;-5.0494093e-03;2.7500000e+01;-6.2167738e-04;2.7500000e+01;7.7125803e-03;2.7500000e+01;2.1857165e-02;2.7500000e+01;4.2225923e-02;2.7500000e+01;6.9840409e-02;2.7500000e+01;1.0367370e-01;2.7500000e+01;1.4332364e-01;2.7500000e+01;1.8418163e-01;2.7500000e+01;2.1283340e-01;2.7500000e+01;2.2796412e-01;2.7500000e+01;2.2810757e-01;2.7500000e+01;2.1576165e-01;2.7500000e+01;1.9042991e-01;2.7500000e+01;1.5458439e-01;2.7500000e+01;1.1415185e-01;2.7500000e+01;7.3784195e-02;2.7500000e+01;3.4595944e-02;2.7500000e+01;-5.0494093e-03;2.7500000e+01;-6.2167738e-04;2.7500000e+01;7.7125803e-03;2.7500000e+01;2.1857165e-02;2.7500000e+01;4.2225923e-02;2.7500000e+01;6.9840409e-02;2.7500000e+01;1.0367370e-01;2.7500000e+01;1.4332364e-01;2.7500000e+01;1.8418163e-01;2.7500000e+01;2.1283340e-01;2.7500000e+01;2.2796412e-01;2.7500000e+01;2.2810757e-01;2.7500000e+01;2.1576165e-01;2.7500000e+01;1.9042991e-01;2.7500000e+01;1.5458439e-01;2.7500000e+01;1.1415185e-01;2.7500000e+01;7.3784195e-02;2.7500000e+01;3.4595944e-02;2.7500000e+01;-5.0494093e-03;2.7500000e+01;-6.2167738e-04;2.7500000e+01;7.7125803e-03;2.7500000e+01;2.1857165e-02;2.7500000e+01;4.2225923e-02;2.7500000e+01;6.9840409e-02;2.7500000e+01;1.0367370e-01;2.7500000e+01;1.4332364e-01;2.7500000e+01;1.8418163e-01;2.7500000e+01;2.1283340e-01;2.7500000e+01;2.2796412e-01;2.7500000e+01;2.2810757e-01;2.7500000e+01;2.1576165e-01;2.7500000e+01;1.9042991e-01;2.7500000e+01;1.5458439e-01;2.7500000e+01;1.1415185e-01;2.7500000e+01;7.3784195e-02;2.7500000e+01;3.4595944e-02;2.7500000e+01;-5.0494093e-03;2.7500000e+01;-6.2167738e-04;2.7500000e+01;7.7125803e-03;2.7500000e+01;2.1857165e-02;2.7500000e+01;4.2225923e-02;2.7500000e+01;6.9840409e-02;2.7500000e+01;1.0367370e-01;2.7500000e+01;1.4332364e-01;2.7500000e+01;1.8418163e-01;2.7500000e+01;2.1283340e-01;2.7500000e+01;2.2796412e-01;2.7500000e+01;2.2810757e-01;2.7500000e+01;2.1576165e-01;2.7500000e+01;1.9042991e-01;2.7500000e+01;1.5458439e-01;2.7500000e+01;1.1415185e-01;2.7500000e+01;7.3784195e-02;2.7500000e+01;3.4595944e-02;2.7500000e+01;-5.0494093e-03;2.7500000e+01;-6.2167738e-04;2.7500000e+01;7.7125803e-03;2.7500000e+01;2.1857165e-02;2.7500000e+01;4.2225923e-02;2.7500000e+01;6.9840409e-02;2.7500000e+01;1.0367370e-01;2.7500000e+01;1.4332364e-01;2.7500000e+01;1.8418163e-01;2.7500000e+01;2.1283340e-01;2.7500000e+01;2.2796412e-01;2.7500000e+01;2.2810757e-01;2.7500000e+01;2.1576165e-01;2.7500000e+01;1.9042991e-01;2.7500000e+01;1.5458439e-01;2.7500000e+01;1.1415185e-01;2.7500000e+01;7.3784195e-02;2.7500000e+01;3.4595944e-02;2.7500000e+01;-5.0494093e-03;2.7500000e+01;-6.2167738e-04;2.7500000e+01;7.7125803e-03;2.7500000e+01;2.1857165e-02;2.7500000e+01;4.2225923e-02;2.7500000e+01;6.9840409e-02;2.7500000e+01;1.0367370e-01;2.7500000e+01;1.4332364e-01;2.7500000e+01;1.8418163e-01;2.7500000e+01;2.1283340e-01;2.7500000e+01;2.2796412e-01;2.7500000e+01;2.2810757e-01;2.7500000e+01;2.1576165e-01;2.7500000e+01;1.9042991e-01;2.7500000e+01;1.5458439e-01;2.7500000e+01;1.1415185e-01;2.7500000e+01;7.3784195e-02;2.7500000e+01;3.4595944e-02;2.7500000e+01;-5.0494093e-03;2.7500000e+01;-6.2167738e-04;2.7500000e+01;7.7125803e-03;2.7500000e+01;2.1857165e-02;2.7500000e+01;4.2225923e-02;2.7500000e+01;6.9840409e-02;2.7500000e+01;1.0367370e-01;2.7500000e+01;1.4332364e-01;2.7500000e+01;1.8418163e-01;2.7500000e+01;2.1283340e-01;2.7500000e+01;2.2796412e-01;2.7500000e+01;2.2810757e-01;2.7500000e+01;2.1576165e-01;2.7500000e+01;1.9042991e-01;2.7500000e+01;1.5458439e-01;2.7500000e+01;1.1415185e-01;2.7500000e+01;7.3784195e-02;2.7500000e+01;3.4595944e-02;2.7500000e+01;-5.0494093e-03;2.7500000e+01;-6.2167738e-04;2.7500000e+01;7.7125803e-03;2.7500000e+01;2.1857165e-02;2.7500000e+01;4.2225923e-02;2.7500000e+01;6.9840409e-02;2.7500000e+01;1.0367370e-01;2.7500000e+01;1.4332364e-01;2.7500000e+01;1.8418163e-01;2.7500000e+01;2.1283340e-01;2.7500000e+01;2.2796412e-01;2.7500000e+01;2.2810757e-01;2.7500000e+01;2.1576165e-01;2.7500000e+01;1.9042991e-01;2.7500000e+01;1.5458439e-01;2.7500000e+01;1.1415185e-01;2.7500000e+01;7.3784195e-02;2.7500000e+01;3.4595944e-02;2.7500000e+01;-5.0494093e-03;2.7500000e+01;-6.2167738e-04;2.7500000e+01;7.7125803e-03;2.7500000e+01;2.1857165e-02;2.7500000e+01;4.2225923e-02;2.7500000e+01;6.9840409e-02;2.7500000e+01;1.0367370e-01;2.7500000e+01;1.4332364e-01;2.7500000e+01;1.8418163e-01;2.7500000e+01;2.1283340e-01;2.7500000e+01;2.2796412e-01;2.7500000e+01;2.2810757e-01;2.7500000e+01;2.1576165e-01;2.7500000e+01;1.9042991e-01;2.7500000e+01;1.5458439e-01;2.7500000e+01;1.1415185e-01;2.7500000e+01;7.3784195e-02;2.7500000e+01;3.4595944e-02;2.7500000e+01;-5.0494093e-03;2.7500000e+01;-6.2167738e-04;2.7500000e+01;7.7125803e-03;2.7500000e+01;2.1857165e-02;2.7500000e+01;4.2225923e-02;2.7500000e+01;6.9840409e-02;2.7500000e+01;1.0367370e-01;2.7500000e+01;1.4332364e-01;2.7500000e+01;1.8418163e-01;2.7500000e+01;2.1283340e-01;2.7500000e+01;2.2796412e-01;2.7500000e+01;2.2810757e-01;2.7500000e+01;2.1576165e-01;2.7500000e+01;1.9042991e-01;2.7500000e+01;1.5458439e-01;2.7500000e+01;1.1415185e-01;2.7500000e+01;7.3784195e-02;2.7500000e+01;3.4595944e-02;2.7500000e+01;-5.0494093e-03;2.7500000e+01;-6.2167738e-04;2.7500000e+01;7.7125803e-03;2.7500000e+01;2.1857165e-02;2.7500000e+01;4.2225923e-02;2.7500000e+01;6.9840409e-02;2.7500000e+01;1.0367370e-01;2.7500000e+01;1.4332364e-01;2.7500000e+01;1.8418163e-01;2.7500000e+01;2.1283340e-01;2.7500000e+01;2.2796412e-01;2.7500000e+01;2.2810757e-01;2.7500000e+01;2.1576165e-01;2.7500000e+01;1.9042991e-01;2.7500000e+01;1.5458439e-01;2.7500000e+01;1.1415185e-01;2.7500000e+01;7.3784195e-02;2.7500000e+01;3.4595944e-02;2.7500000e+01;-5.0494093e-03;2.7500000e+01;-6.2167738e-04;2.7500000e+01;7.7125803e-03;2.7500000e+01;2.1857165e-02;2.7500000e+01;4.2225923e-02;2.7500000e+01;6.9840409e-02;2.7500000e+01;1.0367370e-01;2.7500000e+01;1.4332364e-01;2.7500000e+01;1.8418163e-01;2.7500000e+01;2.1283340e-01;2.7500000e+01;2.2796412e-01;2.7500000e+01;2.2810757e-01;2.7500000e+01;2.1576165e-01;2.7500000e+01;1.9042991e-01;2.7500000e+01;1.5458439e-01;2.7500000e+01;1.1415185e-01;2.7500000e+01;7.3784195e-02;2.7500000e+01;3.4595944e-02;2.7500000e+01;-5.0494093e-03;2.7500000e+01;-6.2167738e-04;2.7500000e+01;7.7125803e-03;2.7500000e+01;2.1857165e-02;2.7500000e+01;4.2225923e-02;2.7500000e+01;6.9840409e-02;2.7500000e+01;1.0367370e-01;2.7500000e+01;1.4332364e-01;2.7500000e+01;1.8418163e-01;2.7500000e+01;2.1283340e-01;2.7500000e+01;2.2796412e-01;2.7500000e+01;2.2810757e-01;2.7500000e+01;2.1576165e-01;2.7500000e+01;1.9042991e-01;2.7500000e+01;1.5458439e-01;2.7500000e+01;1.1415185e-01;2.7500000e+01;7.3784195e-02;2.7500000e+01;3.4595944e-02;2.7500000e+01;-5.0494093e-03;2.7500000e+01;-6.2167738e-04;2.7500000e+01;7.7125803e-03;2.7500000e+01;2.1857165e-02;2.7500000e+01;4.2225923e-02;2.7500000e+01;6.9840409e-02;2.7500000e+01;1.0367370e-01;2.7500000e+01;1.4332364e-01;2.7500000e+01;1.8418163e-01;2.7500000e+01;2.1283340e-01;2.7500000e+01;2.2796412e-01;2.7500000e+01;2.2810757e-01;2.7500000e+01;2.1576165e-01;2.7500000e+01;1.9042991e-01;2.7500000e+01;1.5458439e-01;2.7500000e+01;1.1415185e-01;2.7500000e+01;7.3784195e-02;2.7500000e+01;3.4595944e-02;2.7500000e+01;-5.0494093e-03;2.7500000e+01;-6.2167738e-04;2.7500000e+01;7.7125803e-03;2.7500000e+01;2.1857165e-02;2.7500000e+01;4.2225923e-02;2.7500000e+01;6.9840409e-02;2.7500000e+01;1.0367370e-01;2.7500000e+01;1.4332364e-01;2.7500000e+01;1.8418163e-01;2.7500000e+01;2.1283340e-01;2.7500000e+01;2.2796412e-01;2.7500000e+01;2.2810757e-01;2.7500000e+01;2.1576165e-01;2.7500000e+01;1.9042991e-01;2.7500000e+01;1.5458439e-01;2.7500000e+01;1.1415185e-01;2.7500000e+01;7.3784195e-02;2.7500000e+01;3.4595944e-02;2.7500000e+01;-5.0494093e-03;2.7500000e+01;-6.2167738e-04;2.7500000e+01;7.7125803e-03;2.7500000e+01;2.1857165e-02;2.7500000e+01;4.2225923e-02;2.7500000e+01;6.9840409e-02;2.7500000e+01;1.0367370e-01;2.7500000e+01;1.4332364e-01;2.7500000e+01;1.8418163e-01;2.7500000e+01;2.1283340e-01;2.7500000e+01;2.2796412e-01;2.7500000e+01;2.2810757e-01;2.7500000e+01;2.1576165e-01;2.7500000e+01;1.9042991e-01;2.7500000e+01;1.5458439e-01;2.7500000e+01;1.1415185e-01;2.7500000e+01;7.3784195e-02;2.7500000e+01;3.4595944e-02;2.7500000e+01;-5.0494093e-03;2.7500000e+01;-6.2167738e-04;2.7500000e+01;7.7125803e-03;2.7500000e+01;2.1857165e-02;2.7500000e+01;4.2225923e-02;2.7500000e+01;6.9840409e-02;2.7500000e+01;1.0367370e-01;2.7500000e+01;1.4332364e-01;2.7500000e+01;1.8418163e-01;2.7500000e+01;2.1283340e-01;2.7500000e+01;2.2796412e-01;2.7500000e+01;2.2810757e-01;2.7500000e+01;2.1576165e-01;2.7500000e+01;1.9042991e-01;2.7500000e+01;1.5458439e-01;2.7500000e+01;1.1415185e-01;2.7500000e+01;7.3784195e-02;2.7500000e+01;3.4595944e-02;2.7500000e+01;-5.0494093e-03;2.7500000e+01;-6.2167738e-04;2.7500000e+01;7.7125803e-03;2.7500000e+01;2.1857165e-02;2.7500000e+01;4.2225923e-02;2.7500000e+01;6.9840409e-02;2.7500000e+01;1.0367370e-01;2.7500000e+01;1.4332364e-01;2.7500000e+01;1.8418163e-01;2.7500000e+01;2.1283340e-01;2.7500000e+01;2.2796412e-01;2.7500000e+01;2.2810757e-01;2.7500000e+01;2.1576165e-01;2.7500000e+01;1.9042991e-01;2.7500000e+01;1.5458439e-01;2.7500000e+01;1.1415185e-01;2.7500000e+01;7.3784195e-02;2.7500000e+01;3.4595944e-02;2.7500000e+01;-5.0494093e-03;2.7500000e+01;-6.2167738e-04;2.7500000e+01;7.7125803e-03;2.7500000e+01;2.1857165e-02;2.7500000e+01;4.2225923e-02;2.7500000e+01;6.9840409e-02;2.7500000e+01;1.0367370e-01;2.7500000e+01;1.4332364e-01;2.7500000e+01;1.8418163e-01;2.7500000e+01;2.1283340e-01;2.7500000e+01;2.2796412e-01;2.7500000e+01;2.2810757e-01;2.7500000e+01;2.1576165e-01;2.7500000e+01;1.9042991e-01;2.7500000e+01;1.5458439e-01;2.7500000e+01;1.1415185e-01;2.7500000e+01;7.3784195e-02;2.7500000e+01;3.4595944e-02;2.7500000e+01;-5.0494093e-03;2.7500000e+01;-6.2167738e-04;2.7500000e+01;7.7125803e-03;2.7500000e+01;2.1857165e-02;2.7500000e+01;4.2225923e-02;2.7500000e+01;6.9840409e-02;2.7500000e+01;1.0367370e-01;2.7500000e+01;1.4332364e-01;2.7500000e+01;1.8418163e-01;2.7500000e+01;2.1283340e-01;2.7500000e+01;2.2796412e-01;2.7500000e+01;2.2810757e-01;2.7500000e+01;2.1576165e-01;2.7500000e+01;1.9042991e-01;2.7500000e+01;1.5458439e-01;2.7500000e+01;1.1415185e-01;2.7500000e+01;7.3784195e-02;2.7500000e+01;3.4595944e-02;2.7500000e+01;-5.0494093e-03;2.7500000e+01;-6.2167738e-04;2.7500000e+01;7.7125803e-03;2.7500000e+01;2.1857165e-02;2.7500000e+01;4.2225923e-02;2.7500000e+01;6.9840409e-02;2.7500000e+01;1.0367370e-01;2.7500000e+01;1.4332364e-01;2.7500000e+01;1.8418163e-01;2.7500000e+01;2.1283340e-01;2.7500000e+01;2.2796412e-01;2.7500000e+01;2.2810757e-01;2.7500000e+01;2.1576165e-01;2.7500000e+01;1.9042991e-01;2.7500000e+01;1.5458439e-01;2.7500000e+01;1.1415185e-01;2.7500000e+01;7.3784195e-02;2.7500000e+01;3.4595944e-02;2.7500000e+01;-5.0494093e-03;2.7500000e+01;-6.2167738e-04;2.7500000e+01;7.7125803e-03;2.7500000e+01;2.1857165e-02;2.7500000e+01;4.2225923e-02;2.7500000e+01;6.9840409e-02;2.7500000e+01;1.0367370e-01;2.7500000e+01;1.4332364e-01;2.7500000e+01;1.8418163e-01;2.7500000e+01;2.1283340e-01;2.7500000e+01;2.2796412e-01;2.7500000e+01;2.2810757e-01;2.7500000e+01;2.1576165e-01;2.7500000e+01;1.9042991e-01;2.7500000e+01;1.5458439e-01;2.7500000e+01;1.1415185e-01;2.7500000e+01;7.3784195e-02;2.7500000e+01;3.4595944e-02;2.7500000e+01;-5.0494093e-03;2.7500000e+01;-6.2167738e-04;2.7500000e+01;7.7125803e-03;2.7500000e+01;2.1857165e-02;2.7500000e+01;4.2225923e-02;2.7500000e+01;6.9840409e-02;2.7500000e+01;1.0367370e-01;2.7500000e+01;1.4332364e-01;2.7500000e+01;1.8418163e-01;2.7500000e+01;2.1283340e-01;2.7500000e+01;2.2796412e-01;2.7500000e+01;2.2810757e-01;2.7500000e+01;2.1576165e-01;2.7500000e+01;1.9042991e-01;2.7500000e+01;1.5458439e-01;2.7500000e+01;1.1415185e-01;2.7500000e+01;7.3784195e-02;2.7500000e+01;3.4595944e-02;2.7500000e+01;-5.0494093e-03;2.7500000e+01;-6.2167738e-04;2.7500000e+01;7.7125803e-03;2.7500000e+01;2.1857165e-02;2.7500000e+01;4.2225923e-02;2.7500000e+01;6.9840409e-02;2.7500000e+01;1.0367370e-01;2.7500000e+01;1.4332364e-01;2.7500000e+01;1.8418163e-01;2.7500000e+01;2.1283340e-01;2.7500000e+01;2.2796412e-01;2.7500000e+01;2.2810757e-01;2.7500000e+01;2.1576165e-01;2.7500000e+01;1.9042991e-01;2.7500000e+01;1.5458439e-01;2.7500000e+01;1.1415185e-01;2.7500000e+01;7.3784195e-02;2.7500000e+01;3.4595944e-02;2.7500000e+01;-5.0494093e-03;2.7500000e+01;-6.2167738e-04;2.7500000e+01;7.7125803e-03;2.7500000e+01;2.1857165e-02;2.7500000e+01;4.2225923e-02;2.7500000e+01;6.9840409e-02;2.7500000e+01;1.0367370e-01;2.7500000e+01;1.4332364e-01;2.7500000e+01;1.8418163e-01;2.7500000e+01;2.1283340e-01;2.7500000e+01;2.2796412e-01;2.7500000e+01;2.2810757e-01;2.7500000e+01;2.1576165e-01;2.7500000e+01;1.9042991e-01;2.7500000e+01;1.5458439e-01;2.7500000e+01;1.1415185e-01;2.7500000e+01;7.3784195e-02;2.7500000e+01;3.4595944e-02;2.7500000e+01;-5.0494093e-03;2.7500000e+01;-6.2167738e-04;2.7500000e+01;7.7125803e-03;2.7500000e+01;2.1857165e-02;2.7500000e+01;4.2225923e-02;2.7500000e+01;6.9840409e-02;2.7500000e+01;1.0367370e-01;2.7500000e+01;1.4332364e-01;2.7500000e+01;1.8418163e-01;2.7500000e+01;2.1283340e-01;2.7500000e+01;2.2796412e-01;2.7500000e+01;2.2810757e-01;2.7500000e+01;2.1576165e-01;2.7500000e+01;1.9042991e-01;2.7500000e+01;1.5458439e-01;2.7500000e+01;1.1415185e-01;2.7500000e+01;7.3784195e-02;2.7500000e+01;3.4595944e-02;2.7500000e+01;-5.0494093e-03;2.7500000e+01;-6.2167738e-04;2.7500000e+01;7.7125803e-03;2.7500000e+01;2.1857165e-02;2.7500000e+01;4.2225923e-02;2.7500000e+01;6.9840409e-02;2.7500000e+01;1.0367370e-01;2.7500000e+01;1.4332364e-01;2.7500000e+01;1.8418163e-01;2.7500000e+01;2.1283340e-01;2.7500000e+01;2.2796412e-01;2.7500000e+01;2.2810757e-01;2.7500000e+01;2.1576165e-01;2.7500000e+01;1.9042991e-01;2.7500000e+01;1.5458439e-01;2.7500000e+01;1.1415185e-01;2.7500000e+01;7.3784195e-02;2.7500000e+01;3.4595944e-02;2.7500000e+01;-5.0494093e-03;2.7500000e+01;-6.2167738e-04;2.7500000e+01;7.7125803e-03;2.7500000e+01;2.1857165e-02;2.7500000e+01;4.2225923e-02;2.7500000e+01;6.9840409e-02;2.7500000e+01;1.0367370e-01;2.7500000e+01;1.4332364e-01;2.7500000e+01;1.8418163e-01;2.7500000e+01;2.1283340e-01;2.7500000e+01;2.2796412e-01;2.7500000e+01;2.2810757e-01;2.7500000e+01;2.1576165e-01;2.7500000e+01;1.9042991e-01;2.7500000e+01;1.5458439e-01;2.7500000e+01;1.1415185e-01;2.7500000e+01;7.3784195e-02;2.7500000e+01;3.4595944e-02;2.7500000e+01;-5.0494093e-03;2.7500000e+01;-6.2167738e-04;2.7500000e+01;7.7125803e-03;2.7500000e+01;2.1857165e-02;2.7500000e+01;4.2225923e-02;2.7500000e+01;6.9840409e-02;2.7500000e+01;1.0367370e-01;2.7500000e+01;1.4332364e-01;2.7500000e+01;1.8418163e-01;2.7500000e+01;2.1283340e-01;2.7500000e+01;2.2796412e-01;2.7500000e+01;2.2810757e-01;2.7500000e+01;2.1576165e-01;2.7500000e+01;1.9042991e-01;2.7500000e+01;1.5458439e-01;2.7500000e+01;1.1415185e-01;2.7500000e+01;7.3784195e-02;2.7500000e+01;3.4595944e-02;2.7500000e+01;-5.0494093e-03;2.7500000e+01;-6.2167738e-04;2.7500000e+01;7.7125803e-03;2.7500000e+01;2.1857165e-02;2.7500000e+01;4.2225923e-02;2.7500000e+01;6.9840409e-02;2.7500000e+01;1.0367370e-01;2.7500000e+01;1.4332364e-01;2.7500000e+01;1.8418163e-01;2.7500000e+01;2.1283340e-01;2.7500000e+01;2.2796412e-01;2.7500000e+01;2.2810757e-01;2.7500000e+01;2.1576165e-01;2.7500000e+01;1.9042991e-01;2.7500000e+01;1.5458439e-01;2.7500000e+01;1.1415185e-01;2.7500000e+01;7.3784195e-02;2.7500000e+01;3.4595944e-02;2.7500000e+01;-5.0494093e-03;2.7500000e+01;-6.2167738e-04;2.7500000e+01;7.7125803e-03;2.7500000e+01;2.1857165e-02;2.7500000e+01;4.2225923e-02;2.7500000e+01;6.9840409e-02;2.7500000e+01;1.0367370e-01;2.7500000e+01;1.4332364e-01;2.7500000e+01;1.8418163e-01;2.7500000e+01;2.1283340e-01;2.7500000e+01;2.2796412e-01;2.7500000e+01;2.2810757e-01;2.7500000e+01;2.1576165e-01;2.7500000e+01;1.9042991e-01;2.7500000e+01;1.5458439e-01;2.7500000e+01;1.1415185e-01;2.7500000e+01;7.3784195e-02;2.7500000e+01;3.4595944e-02;2.7500000e+01;-5.0494093e-03;2.7500000e+01;-6.2167738e-04;2.7500000e+01;7.7125803e-03;2.7500000e+01;2.1857165e-02;2.7500000e+01;4.2225923e-02;2.7500000e+01;6.9840409e-02;2.7500000e+01;1.0367370e-01;2.7500000e+01;1.4332364e-01;2.7500000e+01;1.8418163e-01;2.7500000e+01;2.1283340e-01;2.7500000e+01;2.2796412e-01;2.7500000e+01;2.2810757e-01;2.7500000e+01;2.1576165e-01;2.7500000e+01;1.9042991e-01;2.7500000e+01;1.5458439e-01;2.7500000e+01;1.1415185e-01;2.7500000e+01;7.3784195e-02;2.7500000e+01;3.4595944e-02;2.7500000e+01;-5.0494093e-03;2.7500000e+01;-6.2167738e-04;2.7500000e+01;7.7125803e-03;2.7500000e+01;2.1857165e-02;2.7500000e+01;4.2225923e-02;2.7500000e+01;6.9840409e-02;2.7500000e+01;1.0367370e-01;2.7500000e+01;1.4332364e-01;2.7500000e+01;1.8418163e-01;2.7500000e+01;2.1283340e-01;2.7500000e+01;2.2796412e-01;2.7500000e+01;2.2810757e-01;2.7500000e+01;2.1576165e-01;2.7500000e+01;1.9042991e-01;2.7500000e+01;1.5458439e-01;2.7500000e+01;1.1415185e-01;2.7500000e+01;7.3784195e-02;2.7500000e+01;3.4595944e-02;2.7500000e+01;-5.0494093e-03;2.7500000e+01;-6.2167738e-04;2.7500000e+01;7.7125803e-03;2.7500000e+01;2.1857165e-02;2.7500000e+01;4.2225923e-02;2.7500000e+01;6.9840409e-02;2.7500000e+01;1.0367370e-01;2.7500000e+01;1.4332364e-01;2.7500000e+01;1.8418163e-01;2.7500000e+01;2.1283340e-01;2.7500000e+01;2.2796412e-01;2.7500000e+01;2.2810757e-01;2.7500000e+01;2.1576165e-01;2.7500000e+01;1.9042991e-01;2.7500000e+01;1.5458439e-01;2.7500000e+01;1.1415185e-01;2.7500000e+01;7.3784195e-02;2.7500000e+01;3.4595944e-02;2.7500000e+01;-5.0494093e-03;2.7500000e+01;-6.2167738e-04;2.7500000e+01;7.7125803e-03;2.7500000e+01;2.1857165e-02;2.7500000e+01;4.2225923e-02;2.7500000e+01;6.9840409e-02;2.7500000e+01;1.0367370e-01;2.7500000e+01;1.4332364e-01;2.7500000e+01;1.8418163e-01;2.7500000e+01;2.1283340e-01;2.7500000e+01;2.2796412e-01;2.7500000e+01;2.2810757e-01;2.7500000e+01;2.1576165e-01;2.7500000e+01;1.9042991e-01;2.7500000e+01;1.5458439e-01;2.7500000e+01;1.1415185e-01;2.7500000e+01;7.3784195e-02;2.7500000e+01;3.4595944e-02;2.7500000e+01;-5.0494093e-03;2.7500000e+01;-6.2167738e-04;2.7500000e+01;7.7125803e-03;2.7500000e+01;2.1857165e-02;2.7500000e+01;4.2225923e-02;2.7500000e+01;6.9840409e-02;2.7500000e+01;1.0367370e-01;2.7500000e+01;1.4332364e-01;2.7500000e+01;1.8418163e-01;2.7500000e+01;2.1283340e-01;2.7500000e+01;2.2796412e-01;2.7500000e+01;2.2810757e-01;2.7500000e+01;2.1576165e-01;2.7500000e+01;1.9042991e-01;2.7500000e+01;1.5458439e-01;2.7500000e+01;1.1415185e-01;2.7500000e+01;7.3784195e-02;2.7500000e+01;3.4595944e-02;2.7500000e+01;-5.0494093e-03;2.7500000e+01;-6.2167738e-04;2.7500000e+01;7.7125803e-03;2.7500000e+01;2.1857165e-02;2.7500000e+01;4.2225923e-02;2.7500000e+01;6.9840409e-02;2.7500000e+01;1.0367370e-01;2.7500000e+01;1.4332364e-01;2.7500000e+01;1.8418163e-01;2.7500000e+01;2.1283340e-01;2.7500000e+01;2.2796412e-01;2.7500000e+01;2.2810757e-01;2.7500000e+01;2.1576165e-01;2.7500000e+01;1.9042991e-01;2.7500000e+01;1.5458439e-01;2.7500000e+01;1.1415185e-01;2.7500000e+01;7.3784195e-02;2.7500000e+01;3.4595944e-02;2.7500000e+01;-5.0494093e-03;2.7500000e+01;-6.2167738e-04;2.7500000e+01;7.7125803e-03;2.7500000e+01;2.1857165e-02;2.7500000e+01;4.2225923e-02;2.7500000e+01;6.9840409e-02;2.7500000e+01;1.0367370e-01;2.7500000e+01;1.4332364e-01;2.7500000e+01;1.8418163e-01;2.7500000e+01;2.1283340e-01;2.7500000e+01;2.2796412e-01;2.7500000e+01;2.2810757e-01;2.7500000e+01;2.1576165e-01;2.7500000e+01;1.9042991e-01;2.7500000e+01;1.5458439e-01;2.7500000e+01;1.1415185e-01;2.7500000e+01;7.3784195e-02;2.7500000e+01;3.4595944e-02;2.7500000e+01;-5.0494093e-03;2.7500000e+01;-6.2167738e-04;2.7500000e+01;7.7125803e-03;2.7500000e+01;2.1857165e-02;2.7500000e+01;4.2225923e-02;2.7500000e+01;6.9840409e-02;2.7500000e+01;1.0367370e-01;2.7500000e+01;1.4332364e-01;2.7500000e+01;1.8418163e-01;2.7500000e+01;2.1283340e-01;2.7500000e+01;2.2796412e-01;2.7500000e+01;2.2810757e-01;2.7500000e+01;2.1576165e-01;2.7500000e+01;1.9042991e-01;2.7500000e+01;1.5458439e-01;2.7500000e+01;1.1415185e-01;2.7500000e+01;7.3784195e-02;2.7500000e+01;3.4595944e-02;2.7500000e+01;-5.0494093e-03;2.7500000e+01;-6.2167738e-04;2.7500000e+01;7.7125803e-03;2.7500000e+01;2.1857165e-02;2.7500000e+01;4.2225923e-02;2.7500000e+01;6.9840409e-02;2.7500000e+01;1.0367370e-01;2.7500000e+01;1.4332364e-01;2.7500000e+01;1.8418163e-01;2.7500000e+01;2.1283340e-01;2.7500000e+01;2.2796412e-01;2.7500000e+01;2.2810757e-01;2.7500000e+01;2.1576165e-01;2.7500000e+01;1.9042991e-01;2.7500000e+01;1.5458439e-01;2.7500000e+01;1.1415185e-01;2.7500000e+01;7.3784195e-02;2.7500000e+01;3.4595944e-02;2.7500000e+01;-5.0494093e-03;2.7500000e+01;-6.2167738e-04;2.7500000e+01;7.7125803e-03;2.7500000e+01;2.1857165e-02;2.7500000e+01;4.2225923e-02;2.7500000e+01;6.9840409e-02;2.7500000e+01;1.0367370e-01;2.7500000e+01;1.4332364e-01;2.7500000e+01;1.8418163e-01;2.7500000e+01;2.1283340e-01;2.7500000e+01;2.2796412e-01;2.7500000e+01;2.2810757e-01;2.7500000e+01;2.1576165e-01;2.7500000e+01;1.9042991e-01;2.7500000e+01;1.5458439e-01;2.7500000e+01;1.1415185e-01;2.7500000e+01;7.3784195e-02;2.7500000e+01;3.4595944e-02;2.7500000e+01;-5.0494093e-03;2.7500000e+01;-6.2167738e-04;2.7500000e+01;7.7125803e-03;2.7500000e+01;2.1857165e-02;2.7500000e+01;4.2225923e-02;2.7500000e+01;6.9840409e-02;2.7500000e+01;1.0367370e-01;2.7500000e+01;1.4332364e-01;2.7500000e+01;1.8418163e-01;2.7500000e+01;2.1283340e-01;2.7500000e+01;2.2796412e-01;2.7500000e+01;2.2810757e-01;2.7500000e+01;2.1576165e-01;2.7500000e+01;1.9042991e-01;2.7500000e+01;1.5458439e-01;2.7500000e+01;1.1415185e-01;2.7500000e+01;7.3784195e-02;2.7500000e+01;3.4595944e-02;2.7500000e+01;-5.0494093e-03;2.7500000e+01;-6.2167738e-04;2.7500000e+01;7.7125803e-03;2.7500000e+01;2.1857165e-02;2.7500000e+01;4.2225923e-02;2.7500000e+01;6.9840409e-02;2.7500000e+01;1.0367370e-01;2.7500000e+01;1.4332364e-01;2.7500000e+01;1.8418163e-01;2.7500000e+01;2.1283340e-01;2.7500000e+01;2.2796412e-01;2.7500000e+01;2.2810757e-01;2.7500000e+01;2.1576165e-01;2.7500000e+01;1.9042991e-01;2.7500000e+01;1.5458439e-01;2.7500000e+01;1.1415185e-01;2.7500000e+01;7.3784195e-02;2.7500000e+01;3.4595944e-02;2.7500000e+01;-5.0494093e-03;2.7500000e+01;-6.2167738e-04;2.7500000e+01;7.7125803e-03;2.7500000e+01;2.1857165e-02;2.7500000e+01;4.2225923e-02;2.7500000e+01;6.9840409e-02;2.7500000e+01;1.0367370e-01;2.7500000e+01;1.4332364e-01;2.7500000e+01;1.8418163e-01;2.7500000e+01;2.1283340e-01;2.7500000e+01;2.2796412e-01;2.7500000e+01;2.2810757e-01;2.7500000e+01;2.1576165e-01;2.7500000e+01;1.9042991e-01;2.7500000e+01;1.5458439e-01;2.7500000e+01;1.1415185e-01;2.7500000e+01;7.3784195e-02;2.7500000e+01;3.4595944e-02;2.7500000e+01;-5.0494093e-03;2.7500000e+01;-6.2167738e-04;2.7500000e+01;7.7125803e-03;2.7500000e+01;2.1857165e-02;2.7500000e+01;4.2225923e-02;2.7500000e+01;6.9840409e-02;2.7500000e+01;1.0367370e-01;2.7500000e+01;1.4332364e-01;2.7500000e+01;1.8418163e-01;2.7500000e+01;2.1283340e-01;2.7500000e+01;2.2796412e-01;2.7500000e+01;2.2810757e-01;2.7500000e+01;2.1576165e-01;2.7500000e+01;1.9042991e-01;2.7500000e+01;1.5458439e-01;2.7500000e+01;1.1415185e-01;2.7500000e+01;7.3784195e-02;2.7500000e+01;3.4595944e-02;2.7500000e+01;-5.0494093e-03;2.7500000e+01;-6.2167738e-04;2.7500000e+01;7.7125803e-03;2.7500000e+01;2.1857165e-02;2.7500000e+01;4.2225923e-02;2.7500000e+01;6.9840409e-02;2.7500000e+01;1.0367370e-01;2.7500000e+01;1.4332364e-01;2.7500000e+01;1.8418163e-01;2.7500000e+01;2.1283340e-01;2.7500000e+01;2.2796412e-01;2.7500000e+01;2.2810757e-01;2.7500000e+01;2.1576165e-01;2.7500000e+01;1.9042991e-01;2.7500000e+01;1.5458439e-01;2.7500000e+01;1.1415185e-01;2.7500000e+01;7.3784195e-02;2.7500000e+01;3.4595944e-02;2.7500000e+01;-5.0494093e-03;2.7500000e+01;-6.2167738e-04;2.7500000e+01;7.7125803e-03;2.7500000e+01;2.1857165e-02;2.7500000e+01;4.2225923e-02;2.7500000e+01;6.9840409e-02;2.7500000e+01;1.0367370e-01;2.7500000e+01;1.4332364e-01;2.7500000e+01;1.8418163e-01;2.7500000e+01;2.1283340e-01;2.7500000e+01;2.2796412e-01;2.7500000e+01;2.2810757e-01;2.7500000e+01;2.1576165e-01;2.7500000e+01;1.9042991e-01;2.7500000e+01;1.5458439e-01;2.7500000e+01;1.1415185e-01;2.7500000e+01;7.3784195e-02;2.7500000e+01;3.4595944e-02;2.7500000e+01;-5.0494093e-03;2.7500000e+01;-6.2167738e-04;2.7500000e+01;7.7125803e-03;2.7500000e+01;2.1857165e-02;2.7500000e+01;4.2225923e-02;2.7500000e+01;6.9840409e-02;2.7500000e+01;1.0367370e-01;2.7500000e+01;1.4332364e-01;2.7500000e+01;1.8418163e-01;2.7500000e+01;2.1283340e-01;2.7500000e+01;2.2796412e-01;2.7500000e+01;2.2810757e-01;2.7500000e+01;2.1576165e-01;2.7500000e+01;1.9042991e-01;2.7500000e+01;1.5458439e-01;2.7500000e+01;1.1415185e-01;2.7500000e+01;7.3784195e-02;2.7500000e+01;3.4595944e-02;2.7500000e+01;-5.0494093e-03;2.7500000e+01;-6.2167738e-04;2.7500000e+01;7.7125803e-03;2.7500000e+01;2.1857165e-02;2.7500000e+01;4.2225923e-02;2.7500000e+01;6.9840409e-02;2.7500000e+01;1.0367370e-01;2.7500000e+01;1.4332364e-01;2.7500000e+01;1.8418163e-01;2.7500000e+01;2.1283340e-01;2.7500000e+01;2.2796412e-01;2.7500000e+01;2.2810757e-01;2.7500000e+01;2.1576165e-01;2.7500000e+01;1.9042991e-01;2.7500000e+01;1.5458439e-01;2.7500000e+01;1.1415185e-01;2.7500000e+01;7.3784195e-02;2.7500000e+01;3.4595944e-02;2.7500000e+01;-5.0494093e-03;2.7500000e+01;-6.2167738e-04;2.7500000e+01;7.7125803e-03;2.7500000e+01;2.1857165e-02;2.7500000e+01;4.2225923e-02;2.7500000e+01;6.9840409e-02;2.7500000e+01;1.0367370e-01;2.7500000e+01;1.4332364e-01;2.7500000e+01;1.8418163e-01;2.7500000e+01;2.1283340e-01;2.7500000e+01;2.2796412e-01;2.7500000e+01;2.2810757e-01;2.7500000e+01;2.1576165e-01;2.7500000e+01;1.9042991e-01;2.7500000e+01;1.5458439e-01;2.7500000e+01;1.1415185e-01;2.7500000e+01;7.3784195e-02;2.7500000e+01;3.4595944e-02;2.7500000e+01;-5.0494093e-03;2.7500000e+01;-6.2167738e-04;2.7500000e+01;7.7125803e-03;2.7500000e+01;2.1857165e-02;2.7500000e+01;4.2225923e-02;2.7500000e+01;6.9840409e-02;2.7500000e+01;1.0367370e-01;2.7500000e+01;1.4332364e-01;2.7500000e+01;1.8418163e-01;2.7500000e+01;2.1283340e-01;2.7500000e+01;2.2796412e-01;2.7500000e+01;2.2810757e-01;2.7500000e+01;2.1576165e-01;2.7500000e+01;1.9042991e-01;2.7500000e+01;1.5458439e-01;2.7500000e+01;1.1415185e-01;2.7500000e+01;7.3784195e-02;2.7500000e+01;3.4595944e-02;2.7500000e+01;-5.0494093e-03;2.7500000e+01;-6.2167738e-04;2.7500000e+01;7.7125803e-03;2.7500000e+01;2.1857165e-02;2.7500000e+01;4.2225923e-02;2.7500000e+01;6.9840409e-02;2.7500000e+01;1.0367370e-01;2.7500000e+01;1.4332364e-01;2.7500000e+01;1.8418163e-01;2.7500000e+01;2.1283340e-01;2.7500000e+01;2.2796412e-01;2.7500000e+01;2.2810757e-01;2.7500000e+01;2.1576165e-01;2.7500000e+01;1.9042991e-01;2.7500000e+01;1.5458439e-01;2.7500000e+01;1.1415185e-01;2.7500000e+01;7.3784195e-02;2.7500000e+01;3.4595944e-02;2.7500000e+01;-5.0494093e-03;2.7500000e+01;-6.2167738e-04;2.7500000e+01;7.7125803e-03;2.7500000e+01;2.1857165e-02;2.7500000e+01;4.2225923e-02;2.7500000e+01;6.9840409e-02;2.7500000e+01;1.0367370e-01;2.7500000e+01;1.4332364e-01;2.7500000e+01;1.8418163e-01;2.7500000e+01;2.1283340e-01;2.7500000e+01;2.2796412e-01;2.7500000e+01;2.2810757e-01;2.7500000e+01;2.1576165e-01;2.7500000e+01;1.9042991e-01;2.7500000e+01;1.5458439e-01;2.7500000e+01;1.1415185e-01;2.7500000e+01;7.3784195e-02;2.7500000e+01;3.4595944e-02;2.7500000e+01;-5.0494093e-03;2.7500000e+01;-6.2167738e-04;2.7500000e+01;7.7125803e-03;2.7500000e+01;2.1857165e-02;2.7500000e+01;4.2225923e-02;2.7500000e+01;6.9840409e-02;2.7500000e+01;1.0367370e-01;2.7500000e+01;1.4332364e-01;2.7500000e+01;1.8418163e-01;2.7500000e+01;2.1283340e-01;2.7500000e+01;2.2796412e-01;2.7500000e+01;2.2810757e-01;2.7500000e+01;2.1576165e-01;2.7500000e+01;1.9042991e-01;2.7500000e+01;1.5458439e-01;2.7500000e+01;1.1415185e-01;2.7500000e+01;7.3784195e-02;2.7500000e+01;3.4595944e-02;2.7500000e+01;-5.0494093e-03;2.7500000e+01;-6.2167738e-04;2.7500000e+01;7.7125803e-03;2.7500000e+01;2.1857165e-02;2.7500000e+01;4.2225923e-02;2.7500000e+01;6.9840409e-02;2.7500000e+01;1.0367370e-01;2.7500000e+01;1.4332364e-01;2.7500000e+01;1.8418163e-01;2.7500000e+01;2.1283340e-01;2.7500000e+01;2.2796412e-01;2.7500000e+01;2.2810757e-01;2.7500000e+01;2.1576165e-01;2.7500000e+01;1.9042991e-01;2.7500000e+01;1.5458439e-01;2.7500000e+01;1.1415185e-01;2.7500000e+01;7.3784195e-02;2.7500000e+01;3.4595944e-02;2.7500000e+01;-5.0494093e-03;2.7500000e+01;-6.2167738e-04;2.7500000e+01;7.7125803e-03;2.7500000e+01;2.1857165e-02;2.7500000e+01;4.2225923e-02;2.7500000e+01;6.9840409e-02;2.7500000e+01;1.0367370e-01;2.7500000e+01;1.4332364e-01;2.7500000e+01;1.8418163e-01;2.7500000e+01;2.1283340e-01;2.7500000e+01;2.2796412e-01;2.7500000e+01;2.2810757e-01;2.7500000e+01;2.1576165e-01;2.7500000e+01;1.9042991e-01;2.7500000e+01;1.5458439e-01;2.7500000e+01;1.1415185e-01;2.7500000e+01;7.3784195e-02;2.7500000e+01;3.4595944e-02;2.7500000e+01;-5.0494093e-03;2.7500000e+01;-6.2167738e-04;2.7500000e+01;7.7125803e-03;2.7500000e+01;2.1857165e-02;2.7500000e+01;4.2225923e-02;2.7500000e+01;6.9840409e-02;2.7500000e+01;1.0367370e-01;2.7500000e+01;1.4332364e-01;2.7500000e+01;1.8418163e-01;2.7500000e+01;2.1283340e-01;2.7500000e+01;2.2796412e-01;2.7500000e+01;2.2810757e-01;2.7500000e+01;2.1576165e-01;2.7500000e+01;1.9042991e-01;2.7500000e+01;1.5458439e-01;2.7500000e+01;1.1415185e-01;2.7500000e+01;7.3784195e-02;2.7500000e+01;3.4595944e-02;2.7500000e+01;-5.0494093e-03;2.7500000e+01;-6.2167738e-04;2.7500000e+01;7.7125803e-03;2.7500000e+01;2.1857165e-02;2.7500000e+01;4.2225923e-02;2.7500000e+01;6.9840409e-02;2.7500000e+01;1.0367370e-01;2.7500000e+01;1.4332364e-01;2.7500000e+01;1.8418163e-01;2.7500000e+01;2.1283340e-01;2.7500000e+01;2.2796412e-01;2.7500000e+01;2.2810757e-01;2.7500000e+01;2.1576165e-01;2.7500000e+01;1.9042991e-01;2.7500000e+01;1.5458439e-01;2.7500000e+01;1.1415185e-01;2.7500000e+01;7.3784195e-02;2.7500000e+01;3.4595944e-02;2.7500000e+01;-5.0494093e-03;2.7500000e+01;-6.2167738e-04;2.7500000e+01;7.7125803e-03;2.7500000e+01;2.1857165e-02;2.7500000e+01;4.2225923e-02;2.7500000e+01;6.9840409e-02;2.7500000e+01;1.0367370e-01;2.7500000e+01;1.4332364e-01;2.7500000e+01;1.8418163e-01;2.7500000e+01;2.1283340e-01;2.7500000e+01;2.2796412e-01;2.7500000e+01;2.2810757e-01;2.7500000e+01;2.1576165e-01;2.7500000e+01;1.9042991e-01;2.7500000e+01;1.5458439e-01;2.7500000e+01;1.1415185e-01;2.7500000e+01;7.3784195e-02;2.7500000e+01;3.4595944e-02;2.7500000e+01;-5.0494093e-03;2.7500000e+01;-6.2167738e-04;2.7500000e+01;7.7125803e-03;2.7500000e+01;2.1857165e-02;2.7500000e+01;4.2225923e-02;2.7500000e+01;6.9840409e-02;2.7500000e+01;1.0367370e-01;2.7500000e+01;1.4332364e-01;2.7500000e+01;1.8418163e-01;2.7500000e+01;2.1283340e-01;2.7500000e+01;2.2796412e-01;2.7500000e+01;2.2810757e-01;2.7500000e+01;2.1576165e-01;2.7500000e+01;1.9042991e-01;2.7500000e+01;1.5458439e-01;2.7500000e+01;1.1415185e-01;2.7500000e+01;7.3784195e-02;2.7500000e+01;3.4595944e-02;2.7500000e+01;-5.0494093e-03;2.7500000e+01;-6.2167738e-04;2.7500000e+01;7.7125803e-03;2.7500000e+01;2.1857165e-02;2.7500000e+01;4.2225923e-02;2.7500000e+01;6.9840409e-02;2.7500000e+01;1.0367370e-01;2.7500000e+01;1.4332364e-01;2.7500000e+01;1.8418163e-01;2.7500000e+01;2.1283340e-01;2.7500000e+01;2.2796412e-01;2.7500000e+01;2.2810757e-01;2.7500000e+01;2.1576165e-01;2.7500000e+01;1.9042991e-01;2.7500000e+01;1.5458439e-01;2.7500000e+01;1.1415185e-01;2.7500000e+01;7.3784195e-02;2.7500000e+01;3.4595944e-02;2.7500000e+01;-5.0494093e-03;2.7500000e+01;-6.2167738e-04;2.7500000e+01;7.7125803e-03;2.7500000e+01;2.1857165e-02;2.7500000e+01;4.2225923e-02;2.7500000e+01;6.9840409e-02;2.7500000e+01;1.0367370e-01;2.7500000e+01;1.4332364e-01;2.7500000e+01;1.8418163e-01;2.7500000e+01;2.1283340e-01;2.7500000e+01;2.2796412e-01;2.7500000e+01;2.2810757e-01;2.7500000e+01;2.1576165e-01;2.7500000e+01;1.9042991e-01;2.7500000e+01;1.5458439e-01;2.7500000e+01;1.1415185e-01;2.7500000e+01;7.3784195e-02;2.7500000e+01;3.4595944e-02;2.7500000e+01;-5.0494093e-03;2.7500000e+01;-6.2167738e-04;2.7500000e+01;7.7125803e-03;2.7500000e+01;2.1857165e-02;2.7500000e+01;4.2225923e-02;2.7500000e+01;6.9840409e-02;2.7500000e+01;1.0367370e-01;2.7500000e+01;1.4332364e-01;2.7500000e+01;1.8418163e-01;2.7500000e+01;2.1283340e-01;2.7500000e+01;2.2796412e-01;2.7500000e+01;2.2810757e-01;2.7500000e+01;2.1576165e-01;2.7500000e+01;1.9042991e-01;2.7500000e+01;1.5458439e-01;2.7500000e+01;1.1415185e-01;2.7500000e+01;7.3784195e-02;2.7500000e+01;3.4595944e-02;2.7500000e+01;-5.0494093e-03;2.7500000e+01;-6.2167738e-04;2.7500000e+01;7.7125803e-03;2.7500000e+01;2.1857165e-02;2.7500000e+01;4.2225923e-02;2.7500000e+01;6.9840409e-02;2.7500000e+01;1.0367370e-01;2.7500000e+01;1.4332364e-01;2.7500000e+01;1.8418163e-01;2.7500000e+01;2.1283340e-01;2.7500000e+01;2.2796412e-01;2.7500000e+01;2.2810757e-01;2.7500000e+01;2.1576165e-01;2.7500000e+01;1.9042991e-01;2.7500000e+01;1.5458439e-01;2.7500000e+01;1.1415185e-01;2.7500000e+01;7.3784195e-02;2.7500000e+01;3.4595944e-02;2.7500000e+01;-5.0494093e-03;2.7500000e+01;-6.2167738e-04;2.7500000e+01;7.7125803e-03;2.7500000e+01;2.1857165e-02;2.7500000e+01;4.2225923e-02;2.7500000e+01;6.9840409e-02;2.7500000e+01;1.0367370e-01;2.7500000e+01;1.4332364e-01;2.7500000e+01;1.8418163e-01;2.7500000e+01;2.1283340e-01;2.7500000e+01;2.2796412e-01;2.7500000e+01;2.2810757e-01;2.7500000e+01;2.1576165e-01;2.7500000e+01;1.9042991e-01;2.7500000e+01;1.5458439e-01;2.7500000e+01;1.1415185e-01;2.7500000e+01;7.3784195e-02;2.7500000e+01;3.4595944e-02;2.7500000e+01;-5.0494093e-03;2.7500000e+01;-6.2167738e-04;2.7500000e+01;7.7125803e-03;2.7500000e+01;2.1857165e-02;2.7500000e+01;4.2225923e-02;2.7500000e+01;6.9840409e-02;2.7500000e+01;1.0367370e-01;2.7500000e+01;1.4332364e-01;2.7500000e+01;1.8418163e-01;2.7500000e+01;2.1283340e-01;2.7500000e+01;2.2796412e-01;2.7500000e+01;2.2810757e-01;2.7500000e+01;2.1576165e-01;2.7500000e+01;1.9042991e-01;2.7500000e+01;1.5458439e-01;2.7500000e+01;1.1415185e-01;2.7500000e+01;7.3784195e-02;2.7500000e+01;3.4595944e-02;2.7500000e+01;-5.0494093e-03;2.7500000e+01;-6.2167738e-04;2.7500000e+01;7.7125803e-03;2.7500000e+01;2.1857165e-02;2.7500000e+01;4.2225923e-02;2.7500000e+01;6.9840409e-02;2.7500000e+01;1.0367370e-01;2.7500000e+01;1.4332364e-01;2.7500000e+01;1.8418163e-01;2.7500000e+01;2.1283340e-01;2.7500000e+01;2.2796412e-01;2.7500000e+01;2.2810757e-01;2.7500000e+01;2.1576165e-01;2.7500000e+01;1.9042991e-01;2.7500000e+01;1.5458439e-01;2.7500000e+01;1.1415185e-01;2.7500000e+01;7.3784195e-02;2.7500000e+01;3.4595944e-02;2.7500000e+01;-5.0494093e-03;2.7500000e+01;-6.2167738e-04;2.7500000e+01;7.7125803e-03;2.7500000e+01;2.1857165e-02;2.7500000e+01;4.2225923e-02;2.7500000e+01;6.9840409e-02;2.7500000e+01;1.0367370e-01;2.7500000e+01;1.4332364e-01;2.7500000e+01;1.8418163e-01;2.7500000e+01;2.1283340e-01;2.7500000e+01;2.2796412e-01;2.7500000e+01;2.2810757e-01;2.7500000e+01;2.1576165e-01;2.7500000e+01;1.9042991e-01;2.7500000e+01;1.5458439e-01;2.7500000e+01;1.1415185e-01;2.7500000e+01;7.3784195e-02;2.7500000e+01;3.4595944e-02;2.7500000e+01;-5.0494093e-03;2.7500000e+01;-6.2167738e-04;2.7500000e+01;7.7125803e-03;2.7500000e+01;2.1857165e-02;2.7500000e+01;4.2225923e-02;2.7500000e+01;6.9840409e-02;2.7500000e+01;1.0367370e-01;2.7500000e+01;1.4332364e-01;2.7500000e+01;1.8418163e-01;2.7500000e+01;2.1283340e-01;2.7500000e+01;2.2796412e-01;2.7500000e+01;2.2810757e-01;2.7500000e+01;2.1576165e-01;2.7500000e+01;1.9042991e-01;2.7500000e+01;1.5458439e-01;2.7500000e+01;1.1415185e-01;2.7500000e+01;7.3784195e-02;2.7500000e+01;3.4595944e-02;2.7500000e+01;-5.0494093e-03;2.7500000e+01;-6.2167738e-04;2.7500000e+01;7.7125803e-03;2.7500000e+01;2.1857165e-02;2.7500000e+01;4.2225923e-02;2.7500000e+01;6.9840409e-02;2.7500000e+01;1.0367370e-01;2.7500000e+01;1.4332364e-01;2.7500000e+01;1.8418163e-01;2.7500000e+01;2.1283340e-01;2.7500000e+01;2.2796412e-01;2.7500000e+01;2.2810757e-01;2.7500000e+01;2.1576165e-01;2.7500000e+01;1.9042991e-01;2.7500000e+01;1.5458439e-01;2.7500000e+01;1.1415185e-01;2.7500000e+01;7.3784195e-02;2.7500000e+01;3.4595944e-02;2.7500000e+01;-5.0494093e-03;2.7500000e+01;-6.2167738e-04;2.7500000e+01;7.7125803e-03;2.7500000e+01;2.1857165e-02;2.7500000e+01;4.2225923e-02;2.7500000e+01;6.9840409e-02;2.7500000e+01;1.0367370e-01;2.7500000e+01;1.4332364e-01;2.7500000e+01;1.8418163e-01;2.7500000e+01;2.1283340e-01;2.7500000e+01;2.2796412e-01;2.7500000e+01;2.2810757e-01;2.7500000e+01;2.1576165e-01;2.7500000e+01;1.9042991e-01;2.7500000e+01;1.5458439e-01;2.7500000e+01;1.1415185e-01;2.7500000e+01;7.3784195e-02;2.7500000e+01;3.4595944e-02;2.7500000e+01;-5.0494093e-03;2.7500000e+01;-6.2167738e-04;2.7500000e+01;7.7125803e-03;2.7500000e+01;2.1857165e-02;2.7500000e+01;4.2225923e-02;2.7500000e+01;6.9840409e-02;2.7500000e+01;1.0367370e-01;2.7500000e+01;1.4332364e-01;2.7500000e+01;1.8418163e-01;2.7500000e+01;2.1283340e-01;2.7500000e+01;2.2796412e-01;2.7500000e+01;2.2810757e-01;2.7500000e+01;2.1576165e-01;2.7500000e+01;1.9042991e-01;2.7500000e+01;1.5458439e-01;2.7500000e+01;1.1415185e-01;2.7500000e+01;7.3784195e-02;2.7500000e+01;3.4595944e-02;2.7500000e+01;-5.0494093e-03;2.7500000e+01;-6.2167738e-04;2.7500000e+01;7.7125803e-03;2.7500000e+01;2.1857165e-02;2.7500000e+01;4.2225923e-02;2.7500000e+01;6.9840409e-02;2.7500000e+01;1.0367370e-01;2.7500000e+01;1.4332364e-01;2.7500000e+01;1.8418163e-01;2.7500000e+01;2.1283340e-01;2.7500000e+01;2.2796412e-01;2.7500000e+01;2.2810757e-01;2.7500000e+01;2.1576165e-01;2.7500000e+01;1.9042991e-01;2.7500000e+01;1.5458439e-01;2.7500000e+01;1.1415185e-01;2.7500000e+01;7.3784195e-02;2.7500000e+01;3.4595944e-02;2.7500000e+01;-5.0494093e-03;2.7500000e+01;-6.2167738e-04;2.7500000e+01;7.7125803e-03;2.7500000e+01;2.1857165e-02;2.7500000e+01;4.2225923e-02;2.7500000e+01;6.9840409e-02;2.7500000e+01;1.0367370e-01;2.7500000e+01;1.4332364e-01;2.7500000e+01;1.8418163e-01;2.7500000e+01;2.1283340e-01;2.7500000e+01;2.2796412e-01;2.7500000e+01;2.2810757e-01;2.7500000e+01;2.1576165e-01;2.7500000e+01;1.9042991e-01;2.7500000e+01;1.5458439e-01;2.7500000e+01;1.1415185e-01;2.7500000e+01;7.3784195e-02;2.7500000e+01;3.4595944e-02;2.7500000e+01;-5.0494093e-03;2.7500000e+01;-6.2167738e-04;2.7500000e+01;7.7125803e-03;2.7500000e+01;2.1857165e-02;2.7500000e+01;4.2225923e-02;2.7500000e+01;6.9840409e-02;2.7500000e+01;1.0367370e-01;2.7500000e+01;1.4332364e-01;2.7500000e+01;1.8418163e-01;2.7500000e+01;2.1283340e-01;2.7500000e+01;2.2796412e-01;2.7500000e+01;2.2810757e-01;2.7500000e+01;2.1576165e-01;2.7500000e+01;1.9042991e-01;2.7500000e+01;1.5458439e-01;2.7500000e+01;1.1415185e-01;2.7500000e+01;7.3784195e-02;2.7500000e+01;3.4595944e-02;2.7500000e+01;-5.0494093e-03;2.7500000e+01;-6.2167738e-04;2.7500000e+01;7.7125803e-03;2.7500000e+01;2.1857165e-02;2.7500000e+01;4.2225923e-02;2.7500000e+01;6.9840409e-02;2.7500000e+01;1.0367370e-01;2.7500000e+01;1.4332364e-01;2.7500000e+01;1.8418163e-01;2.7500000e+01;2.1283340e-01;2.7500000e+01;2.2796412e-01;2.7500000e+01;2.2810757e-01;2.7500000e+01;2.1576165e-01;2.7500000e+01;1.9042991e-01;2.7500000e+01;1.5458439e-01;2.7500000e+01;1.1415185e-01;2.7500000e+01;7.3784195e-02;2.7500000e+01;3.4595944e-02;2.7500000e+01;-5.0494093e-03;2.7500000e+01;-6.2167738e-04;2.7500000e+01;7.7125803e-03;2.7500000e+01;2.1857165e-02;2.7500000e+01;4.2225923e-02;2.7500000e+01;6.9840409e-02;2.7500000e+01;1.0367370e-01;2.7500000e+01;1.4332364e-01;2.7500000e+01;1.8418163e-01;2.7500000e+01;2.1283340e-01;2.7500000e+01;2.2796412e-01;2.7500000e+01;2.2810757e-01;2.7500000e+01;2.1576165e-01;2.7500000e+01;1.9042991e-01;2.7500000e+01;1.5458439e-01;2.7500000e+01;1.1415185e-01;2.7500000e+01;7.3784195e-02;2.7500000e+01;3.4595944e-02;2.7500000e+01;-5.0494093e-03;2.7500000e+01;-6.2167738e-04;2.7500000e+01;7.7125803e-03;2.7500000e+01;2.1857165e-02;2.7500000e+01;4.2225923e-02;2.7500000e+01;6.9840409e-02;2.7500000e+01;1.0367370e-01;2.7500000e+01;1.4332364e-01;2.7500000e+01;1.8418163e-01;2.7500000e+01;2.1283340e-01;2.7500000e+01;2.2796412e-01;2.7500000e+01;2.2810757e-01;2.7500000e+01;2.1576165e-01;2.7500000e+01;1.9042991e-01;2.7500000e+01;1.5458439e-01;2.7500000e+01;1.1415185e-01;2.7500000e+01;7.3784195e-02;2.7500000e+01;3.4595944e-02;2.7500000e+01;-5.0494093e-03;2.7500000e+01;-6.2167738e-04;2.7500000e+01;7.7125803e-03;2.7500000e+01;2.1857165e-02;2.7500000e+01;4.2225923e-02;2.7500000e+01;6.9840409e-02;2.7500000e+01;1.0367370e-01;2.7500000e+01;1.4332364e-01;2.7500000e+01;1.8418163e-01;2.7500000e+01;2.1283340e-01;2.7500000e+01;2.2796412e-01;2.7500000e+01;2.2810757e-01;2.7500000e+01;2.1576165e-01;2.7500000e+01;1.9042991e-01;2.7500000e+01;1.5458439e-01;2.7500000e+01;1.1415185e-01;2.7500000e+01;7.3784195e-02;2.7500000e+01;3.4595944e-02;2.7500000e+01;-5.0494093e-03;2.7500000e+01;-6.2167738e-04;2.7500000e+01;7.7125803e-03;2.7500000e+01;2.1857165e-02;2.7500000e+01;4.2225923e-02;2.7500000e+01;6.9840409e-02;2.7500000e+01;1.0367370e-01;2.7500000e+01;1.4332364e-01;2.7500000e+01;1.8418163e-01;2.7500000e+01;2.1283340e-01;2.7500000e+01;2.2796412e-01;2.7500000e+01;2.2810757e-01;2.7500000e+01;2.1576165e-01;2.7500000e+01;1.9042991e-01;2.7500000e+01;1.5458439e-01;2.7500000e+01;1.1415185e-01;2.7500000e+01;7.3784195e-02;2.7500000e+01;3.4595944e-02;2.7500000e+01;-5.0494093e-03;2.7500000e+01;-6.2167738e-04;2.7500000e+01;7.7125803e-03;2.7500000e+01;2.1857165e-02;2.7500000e+01;4.2225923e-02;2.7500000e+01;6.9840409e-02;2.7500000e+01;1.0367370e-01;2.7500000e+01;1.4332364e-01;2.7500000e+01;1.8418163e-01;2.7500000e+01;2.1283340e-01;2.7500000e+01;2.2796412e-01;2.7500000e+01;2.2810757e-01;2.7500000e+01;2.1576165e-01;2.7500000e+01;1.9042991e-01;2.7500000e+01;1.5458439e-01;2.7500000e+01;1.1415185e-01;2.7500000e+01;7.3784195e-02;2.7500000e+01;3.4595944e-02;2.7500000e+01;-5.0494093e-03;2.7500000e+01;-6.2167738e-04;2.7500000e+01;7.7125803e-03;2.7500000e+01;2.1857165e-02;2.7500000e+01;4.2225923e-02;2.7500000e+01;6.9840409e-02;2.7500000e+01;1.0367370e-01;2.7500000e+01;1.4332364e-01;2.7500000e+01;1.8418163e-01;2.7500000e+01;2.1283340e-01;2.7500000e+01;2.2796412e-01;2.7500000e+01;2.2810757e-01;2.7500000e+01;2.1576165e-01;2.7500000e+01;1.9042991e-01;2.7500000e+01;1.5458439e-01;2.7500000e+01;1.1415185e-01;2.7500000e+01;7.3784195e-02;2.7500000e+01;3.4595944e-02;2.7500000e+01;-5.0494093e-03;2.7500000e+01;-6.2167738e-04;2.7500000e+01;7.7125803e-03;2.7500000e+01;2.1857165e-02;2.7500000e+01;4.2225923e-02;2.7500000e+01;6.9840409e-02;2.7500000e+01;1.0367370e-01;2.7500000e+01;1.4332364e-01;2.7500000e+01;1.8418163e-01;2.7500000e+01;2.1283340e-01;2.7500000e+01;2.2796412e-01;2.7500000e+01;2.2810757e-01;2.7500000e+01;2.1576165e-01;2.7500000e+01;1.9042991e-01;2.7500000e+01;1.5458439e-01;2.7500000e+01;1.1415185e-01;2.7500000e+01;7.3784195e-02;2.7500000e+01;3.4595944e-02;2.7500000e+01;-5.0494093e-03;2.7500000e+01;-6.2167738e-04;2.7500000e+01;7.7125803e-03;2.7500000e+01;2.1857165e-02;2.7500000e+01;4.2225923e-02;2.7500000e+01;6.9840409e-02;2.7500000e+01;1.0367370e-01;2.7500000e+01;1.4332364e-01;2.7500000e+01;1.8418163e-01;2.7500000e+01;2.1283340e-01;2.7500000e+01;2.2796412e-01;2.7500000e+01;2.2810757e-01;2.7500000e+01;2.1576165e-01;2.7500000e+01;1.9042991e-01;2.7500000e+01;1.5458439e-01;2.7500000e+01;1.1415185e-01;2.7500000e+01;7.3784195e-02;2.7500000e+01;3.4595944e-02;2.7500000e+01;-5.0494093e-03;2.7500000e+01;-6.2167738e-04;2.7500000e+01;7.7125803e-03;2.7500000e+01;2.1857165e-02;2.7500000e+01;4.2225923e-02;2.7500000e+01;6.9840409e-02;2.7500000e+01;1.0367370e-01;2.7500000e+01;1.4332364e-01;2.7500000e+01;1.8418163e-01;2.7500000e+01;2.1283340e-01;2.7500000e+01;2.2796412e-01;2.7500000e+01;2.2810757e-01;2.7500000e+01;2.1576165e-01;2.7500000e+01;1.9042991e-01;2.7500000e+01;1.5458439e-01;2.7500000e+01;1.1415185e-01;2.7500000e+01;7.3784195e-02;2.7500000e+01;3.4595944e-02;2.7500000e+01;-5.0494093e-03;2.7500000e+01;-6.2167738e-04;2.7500000e+01;7.7125803e-03;2.7500000e+01;2.1857165e-02;2.7500000e+01;4.2225923e-02;2.7500000e+01;6.9840409e-02;2.7500000e+01;1.0367370e-01;2.7500000e+01;1.4332364e-01;2.7500000e+01;1.8418163e-01;2.7500000e+01;2.1283340e-01;2.7500000e+01;2.2796412e-01;2.7500000e+01;2.2810757e-01;2.7500000e+01;2.1576165e-01;2.7500000e+01;1.9042991e-01;2.7500000e+01;1.5458439e-01;2.7500000e+01;1.1415185e-01;2.7500000e+01;7.3784195e-02;2.7500000e+01;3.4595944e-02;2.7500000e+01;-5.0494093e-03;2.7500000e+01;-6.2167738e-04;2.7500000e+01;7.7125803e-03;2.7500000e+01;2.1857165e-02;2.7500000e+01;4.2225923e-02;2.7500000e+01;6.9840409e-02;2.7500000e+01;1.0367370e-01;2.7500000e+01;1.4332364e-01;2.7500000e+01;1.8418163e-01;2.7500000e+01;2.1283340e-01;2.7500000e+01;2.2796412e-01;2.7500000e+01;2.2810757e-01;2.7500000e+01;2.1576165e-01;2.7500000e+01;1.9042991e-01;2.7500000e+01;1.5458439e-01;2.7500000e+01;1.1415185e-01;2.7500000e+01;7.3784195e-02;2.7500000e+01;3.4595944e-02;2.7500000e+01;-5.0494093e-03;2.7500000e+01;-6.2167738e-04;2.7500000e+01;7.7125803e-03;2.7500000e+01;2.1857165e-02;2.7500000e+01;4.2225923e-02;2.7500000e+01;6.9840409e-02;2.7500000e+01;1.0367370e-01;2.7500000e+01;1.4332364e-01;2.7500000e+01;1.8418163e-01;2.7500000e+01;2.1283340e-01;2.7500000e+01;2.2796412e-01;2.7500000e+01;2.2810757e-01;2.7500000e+01;2.1576165e-01;2.7500000e+01;1.9042991e-01;2.7500000e+01;1.5458439e-01;2.7500000e+01;1.1415185e-01;2.7500000e+01;7.3784195e-02;2.7500000e+01;3.4595944e-02;2.7500000e+01;-5.0494093e-03;2.7500000e+01;-6.2167738e-04;2.7500000e+01;7.7125803e-03;2.7500000e+01;2.1857165e-02;2.7500000e+01;4.2225923e-02;2.7500000e+01;6.9840409e-02;2.7500000e+01;1.0367370e-01;2.7500000e+01;1.4332364e-01;2.7500000e+01;1.8418163e-01;2.7500000e+01;2.1283340e-01;2.7500000e+01;2.2796412e-01;2.7500000e+01;2.2810757e-01;2.7500000e+01;2.1576165e-01;2.7500000e+01;1.9042991e-01;2.7500000e+01;1.5458439e-01;2.7500000e+01;1.1415185e-01;2.7500000e+01;7.3784195e-02;2.7500000e+01;3.4595944e-02;2.7500000e+01;-5.0494093e-03;2.7500000e+01;-6.2167738e-04;2.7500000e+01;7.7125803e-03;2.7500000e+01;2.1857165e-02;2.7500000e+01;4.2225923e-02;2.7500000e+01;6.9840409e-02;2.7500000e+01;1.0367370e-01;2.7500000e+01;1.4332364e-01;2.7500000e+01;1.8418163e-01;2.7500000e+01;2.1283340e-01;2.7500000e+01;2.2796412e-01;2.7500000e+01;2.2810757e-01;2.7500000e+01;2.1576165e-01;2.7500000e+01;1.9042991e-01;2.7500000e+01;1.5458439e-01;2.7500000e+01;1.1415185e-01;2.7500000e+01;7.3784195e-02;2.7500000e+01;3.4595944e-02;2.7500000e+01;-5.0494093e-03;2.7500000e+01;-6.2167738e-04;2.7500000e+01;7.7125803e-03;2.7500000e+01;2.1857165e-02;2.7500000e+01;4.2225923e-02;2.7500000e+01;6.9840409e-02;2.7500000e+01;1.0367370e-01;2.7500000e+01;1.4332364e-01;2.7500000e+01;1.8418163e-01;2.7500000e+01;2.1283340e-01;2.7500000e+01;2.2796412e-01;2.7500000e+01;2.2810757e-01;2.7500000e+01;2.1576165e-01;2.7500000e+01;1.9042991e-01;2.7500000e+01;1.5458439e-01;2.7500000e+01;1.1415185e-01;2.7500000e+01;7.3784195e-02;2.7500000e+01;3.4595944e-02;2.7500000e+01;-5.0494093e-03;2.7500000e+01;-6.2167738e-04;2.7500000e+01;7.7125803e-03;2.7500000e+01;2.1857165e-02;2.7500000e+01;4.2225923e-02;2.7500000e+01;6.9840409e-02;2.7500000e+01;1.0367370e-01;2.7500000e+01;1.4332364e-01;2.7500000e+01;1.8418163e-01;2.7500000e+01;2.1283340e-01;2.7500000e+01;2.2796412e-01;2.7500000e+01;2.2810757e-01;2.7500000e+01;2.1576165e-01;2.7500000e+01;1.9042991e-01;2.7500000e+01;1.5458439e-01;2.7500000e+01;1.1415185e-01;2.7500000e+01;7.3784195e-02;2.7500000e+01;3.4595944e-02;2.7500000e+01;-5.0494093e-03;2.7500000e+01;-6.2167738e-04;2.7500000e+01;7.7125803e-03;2.7500000e+01;2.1857165e-02;2.7500000e+01;4.2225923e-02;2.7500000e+01;6.9840409e-02;2.7500000e+01;1.0367370e-01;2.7500000e+01;1.4332364e-01;2.7500000e+01;1.8418163e-01;2.7500000e+01;2.1283340e-01;2.7500000e+01;2.2796412e-01;2.7500000e+01;2.2810757e-01;2.7500000e+01;2.1576165e-01;2.7500000e+01;1.9042991e-01;2.7500000e+01;1.5458439e-01;2.7500000e+01;1.1415185e-01;2.7500000e+01;7.3784195e-02;2.7500000e+01;3.4595944e-02;2.7500000e+01;-5.0494093e-03;2.7500000e+01;-6.2167738e-04;2.7500000e+01;7.7125803e-03;2.7500000e+01;2.1857165e-02;2.7500000e+01;4.2225923e-02;2.7500000e+01;6.9840409e-02;2.7500000e+01;1.0367370e-01;2.7500000e+01;1.4332364e-01;2.7500000e+01;1.8418163e-01;2.7500000e+01;2.1283340e-01;2.7500000e+01;2.2796412e-01;2.7500000e+01;2.2810757e-01;2.7500000e+01;2.1576165e-01;2.7500000e+01;1.9042991e-01;2.7500000e+01;1.5458439e-01;2.7500000e+01;1.1415185e-01;2.7500000e+01;7.3784195e-02;2.7500000e+01;3.4595944e-02;2.7500000e+01;-5.0494093e-03;2.7500000e+01;-6.2167738e-04;2.7500000e+01;7.7125803e-03;2.7500000e+01;2.1857165e-02;2.7500000e+01;4.2225923e-02;2.7500000e+01;6.9840409e-02;2.7500000e+01;1.0367370e-01;2.7500000e+01;1.4332364e-01;2.7500000e+01;1.8418163e-01;2.7500000e+01;2.1283340e-01;2.7500000e+01;2.2796412e-01;2.7500000e+01;2.2810757e-01;2.7500000e+01;2.1576165e-01;2.7500000e+01;1.9042991e-01;2.7500000e+01;1.5458439e-01;2.7500000e+01;1.1415185e-01;2.7500000e+01;7.3784195e-02;2.7500000e+01;3.4595944e-02;2.7500000e+01;-5.0494093e-03;2.7500000e+01;-6.2167738e-04;2.7500000e+01;7.7125803e-03;2.7500000e+01;2.1857165e-02;2.7500000e+01;4.2225923e-02;2.7500000e+01;6.9840409e-02;2.7500000e+01;1.0367370e-01;2.7500000e+01;1.4332364e-01;2.7500000e+01;1.8418163e-01;2.7500000e+01;2.1283340e-01;2.7500000e+01;2.2796412e-01;2.7500000e+01;2.2810757e-01;2.7500000e+01;2.1576165e-01;2.7500000e+01;1.9042991e-01;2.7500000e+01;1.5458439e-01;2.7500000e+01;1.1415185e-01;2.7500000e+01;7.3784195e-02;2.7500000e+01;3.4595944e-02;2.7500000e+01;-5.0494093e-03;2.7500000e+01;-6.2167738e-04;2.7500000e+01;7.7125803e-03;2.7500000e+01;2.1857165e-02;2.7500000e+01;4.2225923e-02;2.7500000e+01;6.9840409e-02;2.7500000e+01;1.0367370e-01;2.7500000e+01;1.4332364e-01;2.7500000e+01;1.8418163e-01;2.7500000e+01;2.1283340e-01;2.7500000e+01;2.2796412e-01;2.7500000e+01;2.2810757e-01;2.7500000e+01;2.1576165e-01;2.7500000e+01;1.9042991e-01;2.7500000e+01;1.5458439e-01;2.7500000e+01;1.1415185e-01;2.7500000e+01;7.3784195e-02;2.7500000e+01;3.4595944e-02;2.7500000e+01;-5.0494093e-03;2.7500000e+01;-6.2167738e-04;2.7500000e+01;7.7125803e-03;2.7500000e+01;2.1857165e-02;2.7500000e+01;4.2225923e-02;2.7500000e+01;6.9840409e-02;2.7500000e+01;1.0367370e-01;2.7500000e+01;1.4332364e-01;2.7500000e+01;1.8418163e-01;2.7500000e+01;2.1283340e-01;2.7500000e+01;2.2796412e-01;2.7500000e+01;2.2810757e-01;2.7500000e+01;2.1576165e-01;2.7500000e+01;1.9042991e-01;2.7500000e+01;1.5458439e-01;2.7500000e+01;1.1415185e-01;2.7500000e+01;7.3784195e-02;2.7500000e+01;3.4595944e-02;2.7500000e+01;-5.0494093e-03;2.7500000e+01;-6.2167738e-04;2.7500000e+01;7.7125803e-03;2.7500000e+01;2.1857165e-02;2.7500000e+01;4.2225923e-02;2.7500000e+01;6.9840409e-02;2.7500000e+01;1.0367370e-01;2.7500000e+01;1.4332364e-01;2.7500000e+01;1.8418163e-01;2.7500000e+01;2.1283340e-01;2.7500000e+01;2.2796412e-01;2.7500000e+01;2.2810757e-01;2.7500000e+01;2.1576165e-01;2.7500000e+01;1.9042991e-01;2.7500000e+01;1.5458439e-01;2.7500000e+01;1.1415185e-01;2.7500000e+01;7.3784195e-02;2.7500000e+01;3.4595944e-02;2.7500000e+01;-5.0494093e-03;2.7500000e+01;-6.2167738e-04;2.7500000e+01;7.7125803e-03;2.7500000e+01;2.1857165e-02;2.7500000e+01;4.2225923e-02;2.7500000e+01;6.9840409e-02;2.7500000e+01;1.0367370e-01;2.7500000e+01;1.4332364e-01;2.7500000e+01;1.8418163e-01;2.7500000e+01;2.1283340e-01;2.7500000e+01;2.2796412e-01;2.7500000e+01;2.2810757e-01;2.7500000e+01;2.1576165e-01;2.7500000e+01;1.9042991e-01;2.7500000e+01;1.5458439e-01;2.7500000e+01;1.1415185e-01;2.7500000e+01;7.3784195e-02;2.7500000e+01;3.4595944e-02;2.7500000e+01;-5.0494093e-03;2.7500000e+01;-6.2167738e-04;2.7500000e+01;7.7125803e-03;2.7500000e+01;2.1857165e-02;2.7500000e+01;4.2225923e-02;2.7500000e+01;6.9840409e-02;2.7500000e+01;1.0367370e-01;2.7500000e+01;1.4332364e-01;2.7500000e+01;1.8418163e-01;2.7500000e+01;2.1283340e-01;2.7500000e+01;2.2796412e-01;2.7500000e+01;2.2810757e-01;2.7500000e+01;2.1576165e-01;2.7500000e+01;1.9042991e-01;2.7500000e+01;1.5458439e-01;2.7500000e+01;1.1415185e-01;2.7500000e+01;7.3784195e-02;2.7500000e+01;3.4595944e-02;2.7500000e+01;-5.0494093e-03;2.7500000e+01;-6.2167738e-04;2.7500000e+01;7.7125803e-03;2.7500000e+01;2.1857165e-02;2.7500000e+01;4.2225923e-02;2.7500000e+01;6.9840409e-02;2.7500000e+01;1.0367370e-01;2.7500000e+01;1.4332364e-01;2.7500000e+01;1.8418163e-01;2.7500000e+01;2.1283340e-01;2.7500000e+01;2.2796412e-01;2.7500000e+01;2.2810757e-01;2.7500000e+01;2.1576165e-01;2.7500000e+01;1.9042991e-01;2.7500000e+01;1.5458439e-01;2.7500000e+01;1.1415185e-01;2.7500000e+01;7.3784195e-02;2.7500000e+01;3.4595944e-02;2.7500000e+01;-5.0494093e-03;2.7500000e+01;-6.2167738e-04;2.7500000e+01;7.7125803e-03;2.7500000e+01;2.1857165e-02;2.7500000e+01;4.2225923e-02;2.7500000e+01;6.9840409e-02;2.7500000e+01;1.0367370e-01;2.7500000e+01;1.4332364e-01;2.7500000e+01;1.8418163e-01;2.7500000e+01;2.1283340e-01;2.7500000e+01;2.2796412e-01;2.7500000e+01;2.2810757e-01;2.7500000e+01;2.1576165e-01;2.7500000e+01;1.9042991e-01;2.7500000e+01;1.5458439e-01;2.7500000e+01;1.1415185e-01;2.7500000e+01;7.3784195e-02;2.7500000e+01;3.4595944e-02;2.7500000e+01;-5.0494093e-03;2.7500000e+01;-6.2167738e-04;2.7500000e+01;7.7125803e-03;2.7500000e+01;2.1857165e-02;2.7500000e+01;4.2225923e-02;2.7500000e+01;6.9840409e-02;2.7500000e+01;1.0367370e-01;2.7500000e+01;1.4332364e-01;2.7500000e+01;1.8418163e-01;2.7500000e+01;2.1283340e-01;2.7500000e+01;2.2796412e-01;2.7500000e+01;2.2810757e-01;2.7500000e+01;2.1576165e-01;2.7500000e+01;1.9042991e-01;2.7500000e+01;1.5458439e-01;2.7500000e+01;1.1415185e-01;2.7500000e+01;7.3784195e-02;2.7500000e+01;3.4595944e-02;2.7500000e+01;-5.0494093e-03;2.7500000e+01;-6.2167738e-04;2.7500000e+01;7.7125803e-03;2.7500000e+01;2.1857165e-02;2.7500000e+01;4.2225923e-02;2.7500000e+01;6.9840409e-02;2.7500000e+01;1.0367370e-01;2.7500000e+01;1.4332364e-01;2.7500000e+01;1.8418163e-01;2.7500000e+01;2.1283340e-01;2.7500000e+01;2.2796412e-01;2.7500000e+01;2.2810757e-01;2.7500000e+01;2.1576165e-01;2.7500000e+01;1.9042991e-01;2.7500000e+01;1.5458439e-01;2.7500000e+01;1.1415185e-01;2.7500000e+01;7.3784195e-02;2.7500000e+01;3.4595944e-02;2.7500000e+01;-5.0494093e-03;2.7500000e+01;-6.2167738e-04;2.7500000e+01;7.7125803e-03;2.7500000e+01;2.1857165e-02;2.7500000e+01;4.2225923e-02;2.7500000e+01;6.9840409e-02;2.7500000e+01;1.0367370e-01;2.7500000e+01;1.4332364e-01;2.7500000e+01;1.8418163e-01;2.7500000e+01;2.1283340e-01;2.7500000e+01;2.2796412e-01;2.7500000e+01;2.2810757e-01;2.7500000e+01;2.1576165e-01;2.7500000e+01;1.9042991e-01;2.7500000e+01;1.5458439e-01;2.7500000e+01;1.1415185e-01;2.7500000e+01;7.3784195e-02;2.7500000e+01;3.4595944e-02;2.7500000e+01;-5.0494093e-03;2.7500000e+01;-6.2167738e-04;2.7500000e+01;7.7125803e-03;2.7500000e+01;2.1857165e-02;2.7500000e+01;4.2225923e-02;2.7500000e+01;6.9840409e-02;2.7500000e+01;1.0367370e-01;2.7500000e+01;1.4332364e-01;2.7500000e+01;1.8418163e-01;2.7500000e+01;2.1283340e-01;2.7500000e+01;2.2796412e-01;2.7500000e+01;2.2810757e-01;2.7500000e+01;2.1576165e-01;2.7500000e+01;1.9042991e-01;2.7500000e+01;1.5458439e-01;2.7500000e+01;1.1415185e-01;2.7500000e+01;7.3784195e-02;2.7500000e+01;3.4595944e-02;2.7500000e+01;-5.0494093e-03;2.7500000e+01;-6.2167738e-04;2.7500000e+01;7.7125803e-03;2.7500000e+01;2.1857165e-02;2.7500000e+01;4.2225923e-02;2.7500000e+01;6.9840409e-02;2.7500000e+01;1.0367370e-01;2.7500000e+01;1.4332364e-01;2.7500000e+01;1.8418163e-01;2.7500000e+01;2.1283340e-01;2.7500000e+01;2.2796412e-01;2.7500000e+01;2.2810757e-01;2.7500000e+01;2.1576165e-01;2.7500000e+01;1.9042991e-01;2.7500000e+01;1.5458439e-01;2.7500000e+01;1.1415185e-01;2.7500000e+01;7.3784195e-02;2.7500000e+01;3.4595944e-02;2.7500000e+01;-5.0494093e-03;2.7500000e+01;-6.2167738e-04;2.7500000e+01;7.7125803e-03;2.7500000e+01;2.1857165e-02;2.7500000e+01;4.2225923e-02;2.7500000e+01;6.9840409e-02;2.7500000e+01;1.0367370e-01;2.7500000e+01;1.4332364e-01;2.7500000e+01;1.8418163e-01;2.7500000e+01;2.1283340e-01;2.7500000e+01;2.2796412e-01;2.7500000e+01;2.2810757e-01;2.7500000e+01;2.1576165e-01;2.7500000e+01;1.9042991e-01;2.7500000e+01;1.5458439e-01;2.7500000e+01;1.1415185e-01;2.7500000e+01;7.3784195e-02;2.7500000e+01;3.4595944e-02;2.7500000e+01;-5.0494093e-03;2.7500000e+01;-6.2167738e-04;2.7500000e+01;7.7125803e-03;2.7500000e+01;2.1857165e-02;2.7500000e+01;4.2225923e-02;2.7500000e+01;6.9840409e-02;2.7500000e+01;1.0367370e-01;2.7500000e+01;1.4332364e-01;2.7500000e+01;1.8418163e-01;2.7500000e+01;2.1283340e-01;2.7500000e+01;2.2796412e-01;2.7500000e+01;2.2810757e-01;2.7500000e+01;2.1576165e-01;2.7500000e+01;1.9042991e-01;2.7500000e+01;1.5458439e-01;2.7500000e+01;1.1415185e-01;2.7500000e+01;7.3784195e-02;2.7500000e+01;3.4595944e-02;2.7500000e+01;-5.0494093e-03;2.7500000e+01;-6.2167738e-04;2.7500000e+01;7.7125803e-03;2.7500000e+01;2.1857165e-02;2.7500000e+01;4.2225923e-02;2.7500000e+01;6.9840409e-02;2.7500000e+01;1.0367370e-01;2.7500000e+01;1.4332364e-01;2.7500000e+01;1.8418163e-01;2.7500000e+01;2.1283340e-01;2.7500000e+01;2.2796412e-01;2.7500000e+01;2.2810757e-01;2.7500000e+01;2.1576165e-01;2.7500000e+01;1.9042991e-01;2.7500000e+01;1.5458439e-01;2.7500000e+01;1.1415185e-01;2.7500000e+01;7.3784195e-02;2.7500000e+01;3.4595944e-02;2.7500000e+01;-5.0494093e-03;2.7500000e+01;-6.2167738e-04;2.7500000e+01;7.7125803e-03;2.7500000e+01;2.1857165e-02;2.7500000e+01;4.2225923e-02;2.7500000e+01;6.9840409e-02;2.7500000e+01;1.0367370e-01;2.7500000e+01;1.4332364e-01;2.7500000e+01;1.8418163e-01;2.7500000e+01;2.1283340e-01;2.7500000e+01;2.2796412e-01;2.7500000e+01;2.2810757e-01;2.7500000e+01;2.1576165e-01;2.7500000e+01;1.9042991e-01;2.7500000e+01;1.5458439e-01;2.7500000e+01;1.1415185e-01;2.7500000e+01;7.3784195e-02;2.7500000e+01;3.4595944e-02;2.7500000e+01;-5.0494093e-03;2.7500000e+01;-6.2167738e-04;2.7500000e+01;7.7125803e-03;2.7500000e+01;2.1857165e-02;2.7500000e+01;4.2225923e-02;2.7500000e+01;6.9840409e-02;2.7500000e+01;1.0367370e-01;2.7500000e+01;1.4332364e-01;2.7500000e+01;1.8418163e-01;2.7500000e+01;2.1283340e-01;2.7500000e+01;2.2796412e-01;2.7500000e+01;2.2810757e-01;2.7500000e+01;2.1576165e-01;2.7500000e+01;1.9042991e-01;2.7500000e+01;1.5458439e-01;2.7500000e+01;1.1415185e-01;2.7500000e+01;7.3784195e-02;2.7500000e+01;3.4595944e-02;2.7500000e+01;-5.0494093e-03;2.7500000e+01;-6.2167738e-04;2.7500000e+01;7.7125803e-03;2.7500000e+01;2.1857165e-02;2.7500000e+01;4.2225923e-02;2.7500000e+01;6.9840409e-02;2.7500000e+01;1.0367370e-01;2.7500000e+01;1.4332364e-01;2.7500000e+01;1.8418163e-01;2.7500000e+01;2.1283340e-01;2.7500000e+01;2.2796412e-01;2.7500000e+01;2.2810757e-01;2.7500000e+01;2.1576165e-01;2.7500000e+01;1.9042991e-01;2.7500000e+01;1.5458439e-01;2.7500000e+01;1.1415185e-01;2.7500000e+01;7.3784195e-02;2.7500000e+01;3.4595944e-02;2.7500000e+01;-5.0494093e-03;2.7500000e+01;-6.2167738e-04;2.7500000e+01;7.7125803e-03;2.7500000e+01;2.1857165e-02;2.7500000e+01;4.2225923e-02;2.7500000e+01;6.9840409e-02;2.7500000e+01;1.0367370e-01;2.7500000e+01;1.4332364e-01;2.7500000e+01;1.8418163e-01;2.7500000e+01;2.1283340e-01;2.7500000e+01;2.2796412e-01;2.7500000e+01;2.2810757e-01;2.7500000e+01;2.1576165e-01;2.7500000e+01;1.9042991e-01;2.7500000e+01;1.5458439e-01;2.7500000e+01;1.1415185e-01;2.7500000e+01;7.3784195e-02;2.7500000e+01;3.4595944e-02;2.7500000e+01;-5.0494093e-03;2.7500000e+01;-6.2167738e-04;2.7500000e+01;7.7125803e-03;2.7500000e+01;2.1857165e-02;2.7500000e+01;4.2225923e-02;2.7500000e+01;6.9840409e-02;2.7500000e+01;1.0367370e-01;2.7500000e+01;1.4332364e-01;2.7500000e+01;1.8418163e-01;2.7500000e+01;2.1283340e-01;2.7500000e+01;2.2796412e-01;2.7500000e+01;2.2810757e-01;2.7500000e+01;2.1576165e-01;2.7500000e+01;1.9042991e-01;2.7500000e+01;1.5458439e-01;2.7500000e+01;1.1415185e-01;2.7500000e+01;7.3784195e-02;2.7500000e+01;3.4595944e-02;2.7500000e+01;-5.0494093e-03;2.7500000e+01;-6.2167738e-04;2.7500000e+01;7.7125803e-03;2.7500000e+01;2.1857165e-02;2.7500000e+01;4.2225923e-02;2.7500000e+01;6.9840409e-02;2.7500000e+01;1.0367370e-01;2.7500000e+01;1.4332364e-01;2.7500000e+01;1.8418163e-01;2.7500000e+01;2.1283340e-01;2.7500000e+01;2.2796412e-01;2.7500000e+01;2.2810757e-01;2.7500000e+01;2.1576165e-01;2.7500000e+01;1.9042991e-01;2.7500000e+01;1.5458439e-01;2.7500000e+01;1.1415185e-01;2.7500000e+01;7.3784195e-02;2.7500000e+01;3.4595944e-02;2.7500000e+01;-5.0494093e-03;2.7500000e+01;-6.2167738e-04;2.7500000e+01;7.7125803e-03;2.7500000e+01;2.1857165e-02;2.7500000e+01;4.2225923e-02;2.7500000e+01;6.9840409e-02;2.7500000e+01;1.0367370e-01;2.7500000e+01;1.4332364e-01;2.7500000e+01;1.8418163e-01;2.7500000e+01;2.1283340e-01;2.7500000e+01;2.2796412e-01;2.7500000e+01;2.2810757e-01;2.7500000e+01;2.1576165e-01;2.7500000e+01;1.9042991e-01;2.7500000e+01;1.5458439e-01;2.7500000e+01;1.1415185e-01;2.7500000e+01;7.3784195e-02;2.7500000e+01;3.4595944e-02;2.7500000e+01;-5.0494093e-03;2.7500000e+01;-6.2167738e-04;2.7500000e+01;7.7125803e-03;2.7500000e+01;2.1857165e-02;2.7500000e+01;4.2225923e-02;2.7500000e+01;6.9840409e-02;2.7500000e+01;1.0367370e-01;2.7500000e+01;1.4332364e-01;2.7500000e+01;1.8418163e-01;2.7500000e+01;2.1283340e-01;2.7500000e+01;2.2796412e-01;2.7500000e+01;2.2810757e-01;2.7500000e+01;2.1576165e-01;2.7500000e+01;1.9042991e-01;2.7500000e+01;1.5458439e-01;2.7500000e+01;1.1415185e-01;2.7500000e+01;7.3784195e-02;2.7500000e+01;3.4595944e-02;2.7500000e+01;-5.0494093e-03;2.7500000e+01;-6.2167738e-04;2.7500000e+01;7.7125803e-03;2.7500000e+01;2.1857165e-02;2.7500000e+01;4.2225923e-02;2.7500000e+01;6.9840409e-02;2.7500000e+01;1.0367370e-01;2.7500000e+01;1.4332364e-01;2.7500000e+01;1.8418163e-01;2.7500000e+01;2.1283340e-01;2.7500000e+01;2.2796412e-01;2.7500000e+01;2.2810757e-01;2.7500000e+01;2.1576165e-01;2.7500000e+01;1.9042991e-01;2.7500000e+01;1.5458439e-01;2.7500000e+01;1.1415185e-01;2.7500000e+01;7.3784195e-02;2.7500000e+01;3.4595944e-02;2.7500000e+01;-5.0494093e-03;2.7500000e+01;-6.2167738e-04;2.7500000e+01;7.7125803e-03;2.7500000e+01;2.1857165e-02;2.7500000e+01;4.2225923e-02;2.7500000e+01;6.9840409e-02;2.7500000e+01;1.0367370e-01;2.7500000e+01;1.4332364e-01;2.7500000e+01;1.8418163e-01;2.7500000e+01;2.1283340e-01;2.7500000e+01;2.2796412e-01;2.7500000e+01;2.2810757e-01;2.7500000e+01;2.1576165e-01;2.7500000e+01;1.9042991e-01;2.7500000e+01;1.5458439e-01;2.7500000e+01;1.1415185e-01;2.7500000e+01;7.3784195e-02;2.7500000e+01;3.4595944e-02;2.7500000e+01;-5.0494093e-03;2.7500000e+01;-6.2167738e-04;2.7500000e+01;7.7125803e-03;2.7500000e+01;2.1857165e-02;2.7500000e+01;4.2225923e-02;2.7500000e+01;6.9840409e-02;2.7500000e+01;1.0367370e-01;2.7500000e+01;1.4332364e-01;2.7500000e+01;1.8418163e-01;2.7500000e+01;2.1283340e-01;2.7500000e+01;2.2796412e-01;2.7500000e+01;2.2810757e-01;2.7500000e+01;2.1576165e-01;2.7500000e+01;1.9042991e-01;2.7500000e+01;1.5458439e-01;2.7500000e+01;1.1415185e-01;2.7500000e+01;7.3784195e-02;2.7500000e+01;3.4595944e-02;2.7500000e+01;-5.0494093e-03;2.7500000e+01;-6.2167738e-04;2.7500000e+01;7.7125803e-03;2.7500000e+01;2.1857165e-02;2.7500000e+01;4.2225923e-02;2.7500000e+01;6.9840409e-02;2.7500000e+01;1.0367370e-01;2.7500000e+01;1.4332364e-01;2.7500000e+01;1.8418163e-01;2.7500000e+01;2.1283340e-01;2.7500000e+01;2.2796412e-01;2.7500000e+01;2.2810757e-01;2.7500000e+01;2.1576165e-01;2.7500000e+01;1.9042991e-01;2.7500000e+01;1.5458439e-01;2.7500000e+01;1.1415185e-01;2.7500000e+01;7.3784195e-02;2.7500000e+01;3.4595944e-02;2.7500000e+01;-5.0494093e-03;2.7500000e+01;-6.2167738e-04;2.7500000e+01;7.7125803e-03;2.7500000e+01;2.1857165e-02;2.7500000e+01;4.2225923e-02;2.7500000e+01;6.9840409e-02;2.7500000e+01;1.0367370e-01;2.7500000e+01;1.4332364e-01;2.7500000e+01;1.8418163e-01;2.7500000e+01;2.1283340e-01;2.7500000e+01;2.2796412e-01;2.7500000e+01;2.2810757e-01;2.7500000e+01;2.1576165e-01;2.7500000e+01;1.9042991e-01;2.7500000e+01;1.5458439e-01;2.7500000e+01;1.1415185e-01;2.7500000e+01;7.3784195e-02;2.7500000e+01;3.4595944e-02;2.7500000e+01;-5.0494093e-03;2.7500000e+01;-6.2167738e-04;2.7500000e+01;7.7125803e-03;2.7500000e+01;2.1857165e-02;2.7500000e+01;4.2225923e-02;2.7500000e+01;6.9840409e-02;2.7500000e+01;1.0367370e-01;2.7500000e+01;1.4332364e-01;2.7500000e+01;1.8418163e-01;2.7500000e+01;2.1283340e-01;2.7500000e+01;2.2796412e-01;2.7500000e+01;2.2810757e-01;2.7500000e+01;2.1576165e-01;2.7500000e+01;1.9042991e-01;2.7500000e+01;1.5458439e-01;2.7500000e+01;1.1415185e-01;2.7500000e+01;7.3784195e-02;2.7500000e+01;3.4595944e-02;2.7500000e+01;-5.0494093e-03;2.7500000e+01;-6.2167738e-04;2.7500000e+01;7.7125803e-03;2.7500000e+01;2.1857165e-02;2.7500000e+01;4.2225923e-02;2.7500000e+01;6.9840409e-02;2.7500000e+01;1.0367370e-01;2.7500000e+01;1.4332364e-01;2.7500000e+01;1.8418163e-01;2.7500000e+01;2.1283340e-01;2.7500000e+01;2.2796412e-01;2.7500000e+01;2.2810757e-01;2.7500000e+01;2.1576165e-01;2.7500000e+01;1.9042991e-01;2.7500000e+01;1.5458439e-01;2.7500000e+01;1.1415185e-01;2.7500000e+01;7.3784195e-02;2.7500000e+01;3.4595944e-02;2.7500000e+01;-5.0494093e-03;2.7500000e+01;-6.2167738e-04;2.7500000e+01;7.7125803e-03;2.7500000e+01;2.1857165e-02;2.7500000e+01;4.2225923e-02;2.7500000e+01;6.9840409e-02;2.7500000e+01;1.0367370e-01;2.7500000e+01;1.4332364e-01;2.7500000e+01;1.8418163e-01;2.7500000e+01;2.1283340e-01;2.7500000e+01;2.2796412e-01;2.7500000e+01;2.2810757e-01;2.7500000e+01;2.1576165e-01;2.7500000e+01;1.9042991e-01;2.7500000e+01;1.5458439e-01;2.7500000e+01;1.1415185e-01;2.7500000e+01;7.3784195e-02;2.7500000e+01;3.4595944e-02;2.7500000e+01;-5.0494093e-03;2.7500000e+01;-6.2167738e-04;2.7500000e+01;7.7125803e-03;2.7500000e+01;2.1857165e-02;2.7500000e+01;4.2225923e-02;2.7500000e+01;6.9840409e-02;2.7500000e+01;1.0367370e-01;2.7500000e+01;1.4332364e-01;2.7500000e+01;1.8418163e-01;2.7500000e+01;2.1283340e-01;2.7500000e+01;2.2796412e-01;2.7500000e+01;2.2810757e-01;2.7500000e+01;2.1576165e-01;2.7500000e+01;1.9042991e-01;2.7500000e+01;1.5458439e-01;2.7500000e+01;1.1415185e-01;2.7500000e+01;7.3784195e-02;2.7500000e+01;3.4595944e-02;2.7500000e+01;-5.0494093e-03;2.7500000e+01;-6.2167738e-04;2.7500000e+01;7.7125803e-03;2.7500000e+01;2.1857165e-02;2.7500000e+01;4.2225923e-02;2.7500000e+01;6.9840409e-02;2.7500000e+01;1.0367370e-01;2.7500000e+01;1.4332364e-01;2.7500000e+01;1.8418163e-01;2.7500000e+01;2.1283340e-01;2.7500000e+01;2.2796412e-01;2.7500000e+01;2.2810757e-01;2.7500000e+01;2.1576165e-01;2.7500000e+01;1.9042991e-01;2.7500000e+01;1.5458439e-01;2.7500000e+01;1.1415185e-01;2.7500000e+01;7.3784195e-02;2.7500000e+01;3.4595944e-02;2.7500000e+01;-5.0494093e-03;2.7500000e+01;-6.2167738e-04;2.7500000e+01;7.7125803e-03;2.7500000e+01;2.1857165e-02;2.7500000e+01;4.2225923e-02;2.7500000e+01;6.9840409e-02;2.7500000e+01;1.0367370e-01;2.7500000e+01;1.4332364e-01;2.7500000e+01;1.8418163e-01;2.7500000e+01;2.1283340e-01;2.7500000e+01;2.2796412e-01;2.7500000e+01;2.2810757e-01;2.7500000e+01;2.1576165e-01;2.7500000e+01;1.9042991e-01;2.7500000e+01;1.5458439e-01;2.7500000e+01;1.1415185e-01;2.7500000e+01;7.3784195e-02;2.7500000e+01;3.4595944e-02;2.7500000e+01;-5.0494093e-03;2.7500000e+01;-6.2167738e-04;2.7500000e+01;7.7125803e-03;2.7500000e+01;2.1857165e-02;2.7500000e+01;4.2225923e-02;2.7500000e+01;6.9840409e-02;2.7500000e+01;1.0367370e-01;2.7500000e+01;1.4332364e-01;2.7500000e+01;1.8418163e-01;2.7500000e+01;2.1283340e-01;2.7500000e+01;2.2796412e-01;2.7500000e+01;2.2810757e-01;2.7500000e+01;2.1576165e-01;2.7500000e+01;1.9042991e-01;2.7500000e+01;1.5458439e-01;2.7500000e+01;1.1415185e-01;2.7500000e+01;7.3784195e-02;2.7500000e+01;3.4595944e-02;2.7500000e+01;-5.0494093e-03;2.7500000e+01;-6.2167738e-04;2.7500000e+01;7.7125803e-03;2.7500000e+01;2.1857165e-02;2.7500000e+01;4.2225923e-02;2.7500000e+01;6.9840409e-02;2.7500000e+01;1.0367370e-01;2.7500000e+01;1.4332364e-01;2.7500000e+01;1.8418163e-01;2.7500000e+01;2.1283340e-01;2.7500000e+01;2.2796412e-01;2.7500000e+01;2.2810757e-01;2.7500000e+01;2.1576165e-01;2.7500000e+01;1.9042991e-01;2.7500000e+01;1.5458439e-01;2.7500000e+01;1.1415185e-01;2.7500000e+01;7.3784195e-02;2.7500000e+01;3.4595944e-02;2.7500000e+01;-5.0494093e-03;2.7500000e+01;-6.2167738e-04;2.7500000e+01;7.7125803e-03;2.7500000e+01;2.1857165e-02;2.7500000e+01;4.2225923e-02;2.7500000e+01;6.9840409e-02;2.7500000e+01;1.0367370e-01;2.7500000e+01;1.4332364e-01;2.7500000e+01;1.8418163e-01;2.7500000e+01;2.1283340e-01;2.7500000e+01;2.2796412e-01;2.7500000e+01;2.2810757e-01;2.7500000e+01;2.1576165e-01;2.7500000e+01;1.9042991e-01;2.7500000e+01;1.5458439e-01;2.7500000e+01;1.1415185e-01;2.7500000e+01;7.3784195e-02;2.7500000e+01;3.4595944e-02;2.7500000e+01;-5.0494093e-03;2.7500000e+01;-6.2167738e-04;2.7500000e+01;7.7125803e-03;2.7500000e+01;2.1857165e-02;2.7500000e+01;4.2225923e-02;2.7500000e+01;6.9840409e-02;2.7500000e+01;1.0367370e-01;2.7500000e+01;1.4332364e-01;2.7500000e+01;1.8418163e-01;2.7500000e+01;2.1283340e-01;2.7500000e+01;2.2796412e-01;2.7500000e+01;2.2810757e-01;2.7500000e+01;2.1576165e-01;2.7500000e+01;1.9042991e-01;2.7500000e+01;1.5458439e-01;2.7500000e+01;1.1415185e-01;2.7500000e+01;7.3784195e-02;2.7500000e+01;3.4595944e-02;2.7500000e+01;-5.0494093e-03;2.7500000e+01;-6.2167738e-04;2.7500000e+01;7.7125803e-03;2.7500000e+01;2.1857165e-02;2.7500000e+01;4.2225923e-02;2.7500000e+01;6.9840409e-02;2.7500000e+01;1.0367370e-01;2.7500000e+01;1.4332364e-01;2.7500000e+01;1.8418163e-01;2.7500000e+01;2.1283340e-01;2.7500000e+01;2.2796412e-01;2.7500000e+01;2.2810757e-01;2.7500000e+01;2.1576165e-01;2.7500000e+01;1.9042991e-01;2.7500000e+01;1.5458439e-01;2.7500000e+01;1.1415185e-01;2.7500000e+01;7.3784195e-02;2.7500000e+01;3.4595944e-02;2.7500000e+01;-5.0494093e-03;2.7500000e+01;-6.2167738e-04;2.7500000e+01;7.7125803e-03;2.7500000e+01;2.1857165e-02;2.7500000e+01;4.2225923e-02;2.7500000e+01;6.9840409e-02;2.7500000e+01;1.0367370e-01;2.7500000e+01;1.4332364e-01;2.7500000e+01;1.8418163e-01;2.7500000e+01;2.1283340e-01;2.7500000e+01;2.2796412e-01;2.7500000e+01;2.2810757e-01;2.7500000e+01;2.1576165e-01;2.7500000e+01;1.9042991e-01;2.7500000e+01;1.5458439e-01;2.7500000e+01;1.1415185e-01;2.7500000e+01;7.3784195e-02;2.7500000e+01;3.4595944e-02;2.7500000e+01;-5.0494093e-03;2.7500000e+01;-6.2167738e-04;2.7500000e+01;7.7125803e-03;2.7500000e+01;2.1857165e-02;2.7500000e+01;4.2225923e-02;2.7500000e+01;6.9840409e-02;2.7500000e+01;1.0367370e-01;2.7500000e+01;1.4332364e-01;2.7500000e+01;1.8418163e-01;2.7500000e+01;2.1283340e-01;2.7500000e+01;2.2796412e-01;2.7500000e+01;2.2810757e-01;2.7500000e+01;2.1576165e-01;2.7500000e+01;1.9042991e-01;2.7500000e+01;1.5458439e-01;2.7500000e+01;1.1415185e-01;2.7500000e+01;7.3784195e-02;2.7500000e+01;3.4595944e-02;2.7500000e+01;-5.0494093e-03;2.7500000e+01;-6.2167738e-04;2.7500000e+01;7.7125803e-03;2.7500000e+01;2.1857165e-02;2.7500000e+01;4.2225923e-02;2.7500000e+01;6.9840409e-02;2.7500000e+01;1.0367370e-01;2.7500000e+01;1.4332364e-01;2.7500000e+01;1.8418163e-01;2.7500000e+01;2.1283340e-01;2.7500000e+01;2.2796412e-01;2.7500000e+01;2.2810757e-01;2.7500000e+01;2.1576165e-01;2.7500000e+01;1.9042991e-01;2.7500000e+01;1.5458439e-01;2.7500000e+01;1.1415185e-01;2.7500000e+01;7.3784195e-02;2.7500000e+01;3.4595944e-02;2.7500000e+01;-5.0494093e-03;2.7500000e+01;-6.2167738e-04;2.7500000e+01;7.7125803e-03;2.7500000e+01;2.1857165e-02;2.7500000e+01;4.2225923e-02;2.7500000e+01;6.9840409e-02;2.7500000e+01;1.0367370e-01;2.7500000e+01;1.4332364e-01;2.7500000e+01;1.8418163e-01;2.7500000e+01;2.1283340e-01;2.7500000e+01;2.2796412e-01;2.7500000e+01;2.2810757e-01;2.7500000e+01;2.1576165e-01;2.7500000e+01;1.9042991e-01;2.7500000e+01;1.5458439e-01;2.7500000e+01;1.1415185e-01;2.7500000e+01;7.3784195e-02;2.7500000e+01;3.4595944e-02;2.7500000e+01;-5.0494093e-03;2.7500000e+01;-6.2167738e-04;2.7500000e+01;7.7125803e-03;2.7500000e+01;2.1857165e-02;2.7500000e+01;4.2225923e-02;2.7500000e+01;6.9840409e-02;2.7500000e+01;1.0367370e-01;2.7500000e+01;1.4332364e-01;2.7500000e+01;1.8418163e-01;2.7500000e+01;2.1283340e-01;2.7500000e+01;2.2796412e-01;2.7500000e+01;2.2810757e-01;2.7500000e+01;2.1576165e-01;2.7500000e+01;1.9042991e-01;2.7500000e+01;1.5458439e-01;2.7500000e+01;1.1415185e-01;2.7500000e+01;7.3784195e-02;2.7500000e+01;3.4595944e-02;2.7500000e+01;-5.0494093e-03;2.7500000e+01;-6.2167738e-04;2.7500000e+01;7.7125803e-03;2.7500000e+01;2.1857165e-02;2.7500000e+01;4.2225923e-02;2.7500000e+01;6.9840409e-02;2.7500000e+01;1.0367370e-01;2.7500000e+01;1.4332364e-01;2.7500000e+01;1.8418163e-01;2.7500000e+01;2.1283340e-01;2.7500000e+01;2.2796412e-01;2.7500000e+01;2.2810757e-01;2.7500000e+01;2.1576165e-01;2.7500000e+01;1.9042991e-01;2.7500000e+01;1.5458439e-01;2.7500000e+01;1.1415185e-01;2.7500000e+01;7.3784195e-02;2.7500000e+01;3.4595944e-02;2.7500000e+01;-5.0494093e-03;2.7500000e+01;-6.2167738e-04;2.7500000e+01;7.7125803e-03;2.7500000e+01;2.1857165e-02;2.7500000e+01;4.2225923e-02;2.7500000e+01;6.9840409e-02;2.7500000e+01;1.0367370e-01;2.7500000e+01;1.4332364e-01;2.7500000e+01;1.8418163e-01;2.7500000e+01;2.1283340e-01;2.7500000e+01;2.2796412e-01;2.7500000e+01;2.2810757e-01;2.7500000e+01;2.1576165e-01;2.7500000e+01;1.9042991e-01;2.7500000e+01;1.5458439e-01;2.7500000e+01;1.1415185e-01;2.7500000e+01;7.3784195e-02;2.7500000e+01;3.4595944e-02;2.7500000e+01;-5.0494093e-03;2.7500000e+01;-6.2167738e-04;2.7500000e+01;7.7125803e-03;2.7500000e+01;2.1857165e-02;2.7500000e+01;4.2225923e-02;2.7500000e+01;6.9840409e-02;2.7500000e+01;1.0367370e-01;2.7500000e+01;1.4332364e-01;2.7500000e+01;1.8418163e-01;2.7500000e+01;2.1283340e-01;2.7500000e+01;2.2796412e-01;2.7500000e+01;2.2810757e-01;2.7500000e+01;2.1576165e-01;2.7500000e+01;1.9042991e-01;2.7500000e+01;1.5458439e-01;2.7500000e+01;1.1415185e-01;2.7500000e+01;7.3784195e-02;2.7500000e+01;3.4595944e-02;2.7500000e+01;-5.0494093e-03;2.7500000e+01;-6.2167738e-04;2.7500000e+01;7.7125803e-03;2.7500000e+01;2.1857165e-02;2.7500000e+01;4.2225923e-02;2.7500000e+01;6.9840409e-02;2.7500000e+01;1.0367370e-01;2.7500000e+01;1.4332364e-01;2.7500000e+01;1.8418163e-01;2.7500000e+01;2.1283340e-01;2.7500000e+01;2.2796412e-01;2.7500000e+01;2.2810757e-01;2.7500000e+01;2.1576165e-01;2.7500000e+01;1.9042991e-01;2.7500000e+01;1.5458439e-01;2.7500000e+01;1.1415185e-01;2.7500000e+01;7.3784195e-02;2.7500000e+01;3.4595944e-02;2.7500000e+01;-5.0494093e-03;2.7500000e+01;-6.2167738e-04;2.7500000e+01;7.7125803e-03;2.7500000e+01;2.1857165e-02;2.7500000e+01;4.2225923e-02;2.7500000e+01;6.9840409e-02;2.7500000e+01;1.0367370e-01;2.7500000e+01;1.4332364e-01;2.7500000e+01;1.8418163e-01;2.7500000e+01;2.1283340e-01;2.7500000e+01;2.2796412e-01;2.7500000e+01;2.2810757e-01;2.7500000e+01;2.1576165e-01;2.7500000e+01;1.9042991e-01;2.7500000e+01;1.5458439e-01;2.7500000e+01;1.1415185e-01;2.7500000e+01;7.3784195e-02;2.7500000e+01;3.4595944e-02;2.7500000e+01;-5.0494093e-03;2.7500000e+01;-6.2167738e-04;2.7500000e+01;7.7125803e-03;2.7500000e+01;2.1857165e-02;2.7500000e+01;4.2225923e-02;2.7500000e+01;6.9840409e-02;2.7500000e+01;1.0367370e-01;2.7500000e+01;1.4332364e-01;2.7500000e+01;1.8418163e-01;2.7500000e+01;2.1283340e-01;2.7500000e+01;2.2796412e-01;2.7500000e+01;2.2810757e-01;2.7500000e+01;2.1576165e-01;2.7500000e+01;1.9042991e-01;2.7500000e+01;1.5458439e-01;2.7500000e+01;1.1415185e-01;2.7500000e+01;7.3784195e-02;2.7500000e+01;3.4595944e-02;2.7500000e+01;-5.0494093e-03;2.7500000e+01;-6.2167738e-04;2.7500000e+01;7.7125803e-03;2.7500000e+01;2.1857165e-02;2.7500000e+01;4.2225923e-02;2.7500000e+01;6.9840409e-02;2.7500000e+01;1.0367370e-01;2.7500000e+01;1.4332364e-01;2.7500000e+01;1.8418163e-01;2.7500000e+01;2.1283340e-01;2.7500000e+01;2.2796412e-01;2.7500000e+01;2.2810757e-01;2.7500000e+01;2.1576165e-01;2.7500000e+01;1.9042991e-01;2.7500000e+01;1.5458439e-01;2.7500000e+01;1.1415185e-01;2.7500000e+01;7.3784195e-02;2.7500000e+01;3.4595944e-02;2.7500000e+01;-5.0494093e-03;2.7500000e+01;-6.2167738e-04;2.7500000e+01;7.7125803e-03;2.7500000e+01;2.1857165e-02;2.7500000e+01;4.2225923e-02;2.7500000e+01;6.9840409e-02;2.7500000e+01;1.0367370e-01;2.7500000e+01;1.4332364e-01;2.7500000e+01;1.8418163e-01;2.7500000e+01;2.1283340e-01;2.7500000e+01;2.2796412e-01;2.7500000e+01;2.2810757e-01;2.7500000e+01;2.1576165e-01;2.7500000e+01;1.9042991e-01;2.7500000e+01;1.5458439e-01;2.7500000e+01;1.1415185e-01;2.7500000e+01;7.3784195e-02;2.7500000e+01;3.4595944e-02;2.7500000e+01;-5.0494093e-03;2.7500000e+01;-6.2167738e-04;2.7500000e+01;7.7125803e-03;2.7500000e+01;2.1857165e-02;2.7500000e+01;4.2225923e-02;2.7500000e+01;6.9840409e-02;2.7500000e+01;1.0367370e-01;2.7500000e+01;1.4332364e-01;2.7500000e+01;1.8418163e-01;2.7500000e+01;2.1283340e-01;2.7500000e+01;2.2796412e-01;2.7500000e+01;2.2810757e-01;2.7500000e+01;2.1576165e-01;2.7500000e+01;1.9042991e-01;2.7500000e+01;1.5458439e-01;2.7500000e+01;1.1415185e-01;2.7500000e+01;7.3784195e-02;2.7500000e+01;3.4595944e-02;2.7500000e+01;-5.0494093e-03;2.7500000e+01;-6.2167738e-04;2.7500000e+01;7.7125803e-03;2.7500000e+01;2.1857165e-02;2.7500000e+01;4.2225923e-02;2.7500000e+01;6.9840409e-02;2.7500000e+01;1.0367370e-01;2.7500000e+01;1.4332364e-01;2.7500000e+01;1.8418163e-01;2.7500000e+01;2.1283340e-01;2.7500000e+01;2.2796412e-01;2.7500000e+01;2.2810757e-01;2.7500000e+01;2.1576165e-01;2.7500000e+01;1.9042991e-01;2.7500000e+01;1.5458439e-01;2.7500000e+01;1.1415185e-01;2.7500000e+01;7.3784195e-02;2.7500000e+01;3.4595944e-02;2.7500000e+01;-5.0494093e-03;2.7500000e+01;-6.2167738e-04;2.7500000e+01;7.7125803e-03;2.7500000e+01;2.1857165e-02;2.7500000e+01;4.2225923e-02;2.7500000e+01;6.9840409e-02;2.7500000e+01;1.0367370e-01;2.7500000e+01;1.4332364e-01;2.7500000e+01;1.8418163e-01;2.7500000e+01;2.1283340e-01;2.7500000e+01;2.2796412e-01;2.7500000e+01;2.2810757e-01;2.7500000e+01;2.1576165e-01;2.7500000e+01;1.9042991e-01;2.7500000e+01;1.5458439e-01;2.7500000e+01;1.1415185e-01;2.7500000e+01;7.3784195e-02;2.7500000e+01;3.4595944e-02;2.7500000e+01;-5.0494093e-03;2.7500000e+01;-6.2167738e-04;2.7500000e+01;7.7125803e-03;2.7500000e+01;2.1857165e-02;2.7500000e+01;4.2225923e-02;2.7500000e+01;6.9840409e-02;2.7500000e+01;1.0367370e-01;2.7500000e+01;1.4332364e-01;2.7500000e+01;1.8418163e-01;2.7500000e+01;2.1283340e-01;2.7500000e+01;2.2796412e-01;2.7500000e+01;2.2810757e-01;2.7500000e+01;2.1576165e-01;2.7500000e+01;1.9042991e-01;2.7500000e+01;1.5458439e-01;2.7500000e+01;1.1415185e-01;2.7500000e+01;7.3784195e-02;2.7500000e+01;3.4595944e-02;2.7500000e+01;-5.0494093e-03;2.7500000e+01;-6.2167738e-04;2.7500000e+01;7.7125803e-03;2.7500000e+01;2.1857165e-02;2.7500000e+01;4.2225923e-02;2.7500000e+01;6.9840409e-02;2.7500000e+01;1.0367370e-01;2.7500000e+01;1.4332364e-01;2.7500000e+01;1.8418163e-01;2.7500000e+01;2.1283340e-01;2.7500000e+01;2.2796412e-01;2.7500000e+01;2.2810757e-01;2.7500000e+01;2.1576165e-01;2.7500000e+01;1.9042991e-01;2.7500000e+01;1.5458439e-01;2.7500000e+01;1.1415185e-01;2.7500000e+01;7.3784195e-02;2.7500000e+01;3.4595944e-02;2.7500000e+01;-5.0494093e-03;2.7500000e+01;-6.2167738e-04;2.7500000e+01;7.7125803e-03;2.7500000e+01;2.1857165e-02;2.7500000e+01;4.2225923e-02;2.7500000e+01;6.9840409e-02;2.7500000e+01;1.0367370e-01;2.7500000e+01;1.4332364e-01;2.7500000e+01;1.8418163e-01;2.7500000e+01;2.1283340e-01;2.7500000e+01;2.2796412e-01;2.7500000e+01;2.2810757e-01;2.7500000e+01;2.1576165e-01;2.7500000e+01;1.9042991e-01;2.7500000e+01;1.5458439e-01;2.7500000e+01;1.1415185e-01;2.7500000e+01;7.3784195e-02;2.7500000e+01;3.4595944e-02;2.7500000e+01;-5.0494093e-03;2.7500000e+01;-6.2167738e-04;2.7500000e+01;7.7125803e-03;2.7500000e+01;2.1857165e-02;2.7500000e+01;4.2225923e-02;2.7500000e+01;6.9840409e-02;2.7500000e+01;1.0367370e-01;2.7500000e+01;1.4332364e-01;2.7500000e+01;1.8418163e-01;2.7500000e+01;2.1283340e-01;2.7500000e+01;2.2796412e-01;2.7500000e+01;2.2810757e-01;2.7500000e+01;2.1576165e-01;2.7500000e+01;1.9042991e-01;2.7500000e+01;1.5458439e-01;2.7500000e+01;1.1415185e-01;2.7500000e+01;7.3784195e-02;2.7500000e+01;3.4595944e-02;2.7500000e+01;-5.0494093e-03;2.7500000e+01;-6.2167738e-04;2.7500000e+01;7.7125803e-03;2.7500000e+01;2.1857165e-02;2.7500000e+01;4.2225923e-02;2.7500000e+01;6.9840409e-02;2.7500000e+01;1.0367370e-01;2.7500000e+01;1.4332364e-01;2.7500000e+01;1.8418163e-01;2.7500000e+01;2.1283340e-01;2.7500000e+01;2.2796412e-01;2.7500000e+01;2.2810757e-01;2.7500000e+01;2.1576165e-01;2.7500000e+01;1.9042991e-01;2.7500000e+01;1.5458439e-01;2.7500000e+01;1.1415185e-01;2.7500000e+01;7.3784195e-02;2.7500000e+01;3.4595944e-02;2.7500000e+01;-5.0494093e-03;2.7500000e+01;-6.2167738e-04;2.7500000e+01;7.7125803e-03;2.7500000e+01;2.1857165e-02;2.7500000e+01;4.2225923e-02;2.7500000e+01;6.9840409e-02;2.7500000e+01;1.0367370e-01;2.7500000e+01;1.4332364e-01;2.7500000e+01;1.8418163e-01;2.7500000e+01;2.1283340e-01;2.7500000e+01;2.2796412e-01;2.7500000e+01;2.2810757e-01;2.7500000e+01;2.1576165e-01;2.7500000e+01;1.9042991e-01;2.7500000e+01;1.5458439e-01;2.7500000e+01;1.1415185e-01;2.7500000e+01;7.3784195e-02;2.7500000e+01;3.4595944e-02;2.7500000e+01;-5.0494093e-03;2.7500000e+01;-6.2167738e-04;2.7500000e+01;7.7125803e-03;2.7500000e+01;2.1857165e-02;2.7500000e+01;4.2225923e-02;2.7500000e+01;6.9840409e-02;2.7500000e+01;1.0367370e-01;2.7500000e+01;1.4332364e-01;2.7500000e+01;1.8418163e-01;2.7500000e+01;2.1283340e-01;2.7500000e+01;2.2796412e-01;2.7500000e+01;2.2810757e-01;2.7500000e+01;2.1576165e-01;2.7500000e+01;1.9042991e-01;2.7500000e+01;1.5458439e-01;2.7500000e+01;1.1415185e-01;2.7500000e+01;7.3784195e-02;2.7500000e+01;3.4595944e-02;2.7500000e+01;-5.0494093e-03;2.7500000e+01;-6.2167738e-04;2.7500000e+01;7.7125803e-03;2.7500000e+01;2.1857165e-02;2.7500000e+01;4.2225923e-02;2.7500000e+01;6.9840409e-02;2.7500000e+01;1.0367370e-01;2.7500000e+01;1.4332364e-01;2.7500000e+01;1.8418163e-01;2.7500000e+01;2.1283340e-01;2.7500000e+01;2.2796412e-01;2.7500000e+01;2.2810757e-01;2.7500000e+01;2.1576165e-01;2.7500000e+01;1.9042991e-01;2.7500000e+01;1.5458439e-01;2.7500000e+01;1.1415185e-01;2.7500000e+01;7.3784195e-02;2.7500000e+01;3.4595944e-02;2.7500000e+01;-5.0494093e-03;2.7500000e+01;-6.2167738e-04;2.7500000e+01;7.7125803e-03;2.7500000e+01;2.1857165e-02;2.7500000e+01;4.2225923e-02;2.7500000e+01;6.9840409e-02;2.7500000e+01;1.0367370e-01;2.7500000e+01;1.4332364e-01;2.7500000e+01;1.8418163e-01;2.7500000e+01;2.1283340e-01;2.7500000e+01;2.2796412e-01;2.7500000e+01;2.2810757e-01;2.7500000e+01;2.1576165e-01;2.7500000e+01;1.9042991e-01;2.7500000e+01;1.5458439e-01;2.7500000e+01;1.1415185e-01;2.7500000e+01;7.3784195e-02;2.7500000e+01;3.4595944e-02;2.7500000e+01;-5.0494093e-03;2.7500000e+01;-6.2167738e-04;2.7500000e+01;7.7125803e-03;2.7500000e+01;2.1857165e-02;2.7500000e+01;4.2225923e-02;2.7500000e+01;6.9840409e-02;2.7500000e+01;1.0367370e-01;2.7500000e+01;1.4332364e-01;2.7500000e+01;1.8418163e-01;2.7500000e+01;2.1283340e-01;2.7500000e+01;2.2796412e-01;2.7500000e+01;2.2810757e-01;2.7500000e+01;2.1576165e-01;2.7500000e+01;1.9042991e-01;2.7500000e+01;1.5458439e-01;2.7500000e+01;1.1415185e-01;2.7500000e+01;7.3784195e-02;2.7500000e+01;3.4595944e-02;2.7500000e+01;-5.0494093e-03;2.7500000e+01;-6.2167738e-04;2.7500000e+01;7.7125803e-03;2.7500000e+01;2.1857165e-02;2.7500000e+01;4.2225923e-02;2.7500000e+01;6.9840409e-02;2.7500000e+01;1.0367370e-01;2.7500000e+01;1.4332364e-01;2.7500000e+01;1.8418163e-01;2.7500000e+01;2.1283340e-01;2.7500000e+01;2.2796412e-01;2.7500000e+01;2.2810757e-01;2.7500000e+01;2.1576165e-01;2.7500000e+01;1.9042991e-01;2.7500000e+01;1.5458439e-01;2.7500000e+01;1.1415185e-01;2.7500000e+01;7.3784195e-02;2.7500000e+01;3.4595944e-02;2.7500000e+01;-5.0494093e-03;2.7500000e+01;-6.2167738e-04;2.7500000e+01;7.7125803e-03;2.7500000e+01;2.1857165e-02;2.7500000e+01;4.2225923e-02;2.7500000e+01;6.9840409e-02;2.7500000e+01;1.0367370e-01;2.7500000e+01;1.4332364e-01;2.7500000e+01;1.8418163e-01;2.7500000e+01;2.1283340e-01;2.7500000e+01;2.2796412e-01;2.7500000e+01;2.2810757e-01;2.7500000e+01;2.1576165e-01;2.7500000e+01;1.9042991e-01;2.7500000e+01;1.5458439e-01;2.7500000e+01;1.1415185e-01;2.7500000e+01;7.3784195e-02;2.7500000e+01;3.4595944e-02;2.7500000e+01;-5.0494093e-03;2.7500000e+01;-6.2167738e-04;2.7500000e+01;7.7125803e-03;2.7500000e+01;2.1857165e-02;2.7500000e+01;4.2225923e-02;2.7500000e+01;6.9840409e-02;2.7500000e+01;1.0367370e-01;2.7500000e+01;1.4332364e-01;2.7500000e+01;1.8418163e-01;2.7500000e+01;2.1283340e-01;2.7500000e+01;2.2796412e-01;2.7500000e+01;2.2810757e-01;2.7500000e+01;2.1576165e-01;2.7500000e+01;1.9042991e-01;2.7500000e+01;1.5458439e-01;2.7500000e+01;1.1415185e-01;2.7500000e+01;7.3784195e-02;2.7500000e+01;3.4595944e-02;2.7500000e+01;-5.0494093e-03;2.7500000e+01;-6.2167738e-04;2.7500000e+01;7.7125803e-03;2.7500000e+01;2.1857165e-02;2.7500000e+01;4.2225923e-02;2.7500000e+01;6.9840409e-02;2.7500000e+01;1.0367370e-01;2.7500000e+01;1.4332364e-01;2.7500000e+01;1.8418163e-01;2.7500000e+01;2.1283340e-01;2.7500000e+01;2.2796412e-01;2.7500000e+01;2.2810757e-01;2.7500000e+01;2.1576165e-01;2.7500000e+01;1.9042991e-01;2.7500000e+01;1.5458439e-01;2.7500000e+01;1.1415185e-01;2.7500000e+01;7.3784195e-02;2.7500000e+01;3.4595944e-02;2.7500000e+01;-5.0494093e-03;2.7500000e+01;-6.2167738e-04;2.7500000e+01;7.7125803e-03;2.7500000e+01;2.1857165e-02;2.7500000e+01;4.2225923e-02;2.7500000e+01;6.9840409e-02;2.7500000e+01;1.0367370e-01;2.7500000e+01;1.4332364e-01;2.7500000e+01;1.8418163e-01;2.7500000e+01;2.1283340e-01;2.7500000e+01;2.2796412e-01;2.7500000e+01;2.2810757e-01;2.7500000e+01;2.1576165e-01;2.7500000e+01;1.9042991e-01;2.7500000e+01;1.5458439e-01;2.7500000e+01;1.1415185e-01;2.7500000e+01;7.3784195e-02;2.7500000e+01;3.4595944e-02;2.7500000e+01;-5.0494093e-03;2.7500000e+01;-6.2167738e-04;2.7500000e+01;7.7125803e-03;2.7500000e+01;2.1857165e-02;2.7500000e+01;4.2225923e-02;2.7500000e+01;6.9840409e-02;2.7500000e+01;1.0367370e-01;2.7500000e+01;1.4332364e-01;2.7500000e+01;1.8418163e-01;2.7500000e+01;2.1283340e-01;2.7500000e+01;2.2796412e-01;2.7500000e+01;2.2810757e-01;2.7500000e+01;2.1576165e-01;2.7500000e+01;1.9042991e-01;2.7500000e+01;1.5458439e-01;2.7500000e+01;1.1415185e-01;2.7500000e+01;7.3784195e-02;2.7500000e+01;3.4595944e-02;2.7500000e+01;-5.0494093e-03;2.7500000e+01;-6.2167738e-04;2.7500000e+01;7.7125803e-03;2.7500000e+01;2.1857165e-02;2.7500000e+01;4.2225923e-02;2.7500000e+01;6.9840409e-02;2.7500000e+01;1.0367370e-01;2.7500000e+01;1.4332364e-01;2.7500000e+01;1.8418163e-01;2.7500000e+01;2.1283340e-01;2.7500000e+01;2.2796412e-01;2.7500000e+01;2.2810757e-01;2.7500000e+01;2.1576165e-01;2.7500000e+01;1.9042991e-01;2.7500000e+01;1.5458439e-01;2.7500000e+01;1.1415185e-01;2.7500000e+01;7.3784195e-02;2.7500000e+01;3.4595944e-02;2.7500000e+01;-5.0494093e-03;2.7500000e+01;-6.2167738e-04;2.7500000e+01;7.7125803e-03;2.7500000e+01;2.1857165e-02;2.7500000e+01;4.2225923e-02;2.7500000e+01;6.9840409e-02;2.7500000e+01;1.0367370e-01;2.7500000e+01;1.4332364e-01;2.7500000e+01;1.8418163e-01;2.7500000e+01;2.1283340e-01;2.7500000e+01;2.2796412e-01;2.7500000e+01;2.2810757e-01;2.7500000e+01;2.1576165e-01;2.7500000e+01;1.9042991e-01;2.7500000e+01;1.5458439e-01;2.7500000e+01;1.1415185e-01;2.7500000e+01;7.3784195e-02;2.7500000e+01;3.4595944e-02;2.7500000e+01;-5.0494093e-03;2.7500000e+01;-6.2167738e-04;2.7500000e+01;7.7125803e-03;2.7500000e+01;2.1857165e-02;2.7500000e+01;4.2225923e-02;2.7500000e+01;6.9840409e-02;2.7500000e+01;1.0367370e-01;2.7500000e+01;1.4332364e-01;2.7500000e+01;1.8418163e-01;2.7500000e+01;2.1283340e-01;2.7500000e+01;2.2796412e-01;2.7500000e+01;2.2810757e-01;2.7500000e+01;2.1576165e-01;2.7500000e+01;1.9042991e-01;2.7500000e+01;1.5458439e-01;2.7500000e+01;1.1415185e-01;2.7500000e+01;7.3784195e-02;2.7500000e+01;3.4595944e-02;2.7500000e+01;-5.0494093e-03;2.7500000e+01;-6.2167738e-04;2.7500000e+01;7.7125803e-03;2.7500000e+01;2.1857165e-02;2.7500000e+01;4.2225923e-02;2.7500000e+01;6.9840409e-02;2.7500000e+01;1.0367370e-01;2.7500000e+01;1.4332364e-01;2.7500000e+01;1.8418163e-01;2.7500000e+01;2.1283340e-01;2.7500000e+01;2.2796412e-01;2.7500000e+01;2.2810757e-01;2.7500000e+01;2.1576165e-01;2.7500000e+01;1.9042991e-01;2.7500000e+01;1.5458439e-01;2.7500000e+01;1.1415185e-01;2.7500000e+01;7.3784195e-02;2.7500000e+01;3.4595944e-02;2.7500000e+01;-5.0494093e-03;2.7500000e+01;-6.2167738e-04;2.7500000e+01;7.7125803e-03;2.7500000e+01;2.1857165e-02;2.7500000e+01;4.2225923e-02;2.7500000e+01;6.9840409e-02;2.7500000e+01;1.0367370e-01;2.7500000e+01;1.4332364e-01;2.7500000e+01;1.8418163e-01;2.7500000e+01;2.1283340e-01;2.7500000e+01;2.2796412e-01;2.7500000e+01;2.2810757e-01;2.7500000e+01;2.1576165e-01;2.7500000e+01;1.9042991e-01;2.7500000e+01;1.5458439e-01;2.7500000e+01;1.1415185e-01;2.7500000e+01;7.3784195e-02;2.7500000e+01;3.4595944e-02;2.7500000e+01;-5.0494093e-03;2.7500000e+01;-6.2167738e-04;2.7500000e+01;7.7125803e-03;2.7500000e+01;2.1857165e-02;2.7500000e+01;4.2225923e-02;2.7500000e+01;6.9840409e-02;2.7500000e+01;1.0367370e-01;2.7500000e+01;1.4332364e-01;2.7500000e+01;1.8418163e-01;2.7500000e+01;2.1283340e-01;2.7500000e+01;2.2796412e-01;2.7500000e+01;2.2810757e-01;2.7500000e+01;2.1576165e-01;2.7500000e+01;1.9042991e-01;2.7500000e+01;1.5458439e-01;2.7500000e+01;1.1415185e-01;2.7500000e+01;7.3784195e-02;2.7500000e+01;3.4595944e-02;2.7500000e+01;-5.0494093e-03;2.7500000e+01;-6.2167738e-04;2.7500000e+01;7.7125803e-03;2.7500000e+01;2.1857165e-02;2.7500000e+01;4.2225923e-02;2.7500000e+01;6.9840409e-02;2.7500000e+01;1.0367370e-01;2.7500000e+01;1.4332364e-01;2.7500000e+01;1.8418163e-01;2.7500000e+01;2.1283340e-01;2.7500000e+01;2.2796412e-01;2.7500000e+01;2.2810757e-01;2.7500000e+01;2.1576165e-01;2.7500000e+01;1.9042991e-01;2.7500000e+01;1.5458439e-01;2.7500000e+01;1.1415185e-01;2.7500000e+01;7.3784195e-02;2.7500000e+01;3.4595944e-02;2.7500000e+01;-5.0494093e-03;2.7500000e+01;-6.2167738e-04;2.7500000e+01;7.7125803e-03;2.7500000e+01;2.1857165e-02;2.7500000e+01;4.2225923e-02;2.7500000e+01;6.9840409e-02;2.7500000e+01;1.0367370e-01;2.7500000e+01;1.4332364e-01;2.7500000e+01;1.8418163e-01;2.7500000e+01;2.1283340e-01;2.7500000e+01;2.2796412e-01;2.7500000e+01;2.2810757e-01;2.7500000e+01;2.1576165e-01;2.7500000e+01;1.9042991e-01;2.7500000e+01;1.5458439e-01;2.7500000e+01;1.1415185e-01;2.7500000e+01;7.3784195e-02;2.7500000e+01;3.4595944e-02;2.7500000e+01;-5.0494093e-03;2.7500000e+01;-6.2167738e-04;2.7500000e+01;7.7125803e-03;2.7500000e+01;2.1857165e-02;2.7500000e+01;4.2225923e-02;2.7500000e+01;6.9840409e-02;2.7500000e+01;1.0367370e-01;2.7500000e+01;1.4332364e-01;2.7500000e+01;1.8418163e-01;2.7500000e+01;2.1283340e-01;2.7500000e+01;2.2796412e-01;2.7500000e+01;2.2810757e-01;2.7500000e+01;2.1576165e-01;2.7500000e+01;1.9042991e-01;2.7500000e+01;1.5458439e-01;2.7500000e+01;1.1415185e-01;2.7500000e+01;7.3784195e-02;2.7500000e+01;3.4595944e-02;2.7500000e+01;-5.0494093e-03;2.7500000e+01;-6.2167738e-04;2.7500000e+01;7.7125803e-03;2.7500000e+01;2.1857165e-02;2.7500000e+01;4.2225923e-02;2.7500000e+01;6.9840409e-02;2.7500000e+01;1.0367370e-01;2.7500000e+01;1.4332364e-01;2.7500000e+01;1.8418163e-01;2.7500000e+01;2.1283340e-01;2.7500000e+01;2.2796412e-01;2.7500000e+01;2.2810757e-01;2.7500000e+01;2.1576165e-01;2.7500000e+01;1.9042991e-01;2.7500000e+01;1.5458439e-01;2.7500000e+01;1.1415185e-01;2.7500000e+01;7.3784195e-02;2.7500000e+01;3.4595944e-02;2.7500000e+01;-5.0494093e-03;2.7500000e+01;-6.2167738e-04;2.7500000e+01;7.7125803e-03;2.7500000e+01;2.1857165e-02;2.7500000e+01;4.2225923e-02;2.7500000e+01;6.9840409e-02;2.7500000e+01;1.0367370e-01;2.7500000e+01;1.4332364e-01;2.7500000e+01;1.8418163e-01;2.7500000e+01;2.1283340e-01;2.7500000e+01;2.2796412e-01;2.7500000e+01;2.2810757e-01;2.7500000e+01;2.1576165e-01;2.7500000e+01;1.9042991e-01;2.7500000e+01;1.5458439e-01;2.7500000e+01;1.1415185e-01;2.7500000e+01;7.3784195e-02;2.7500000e+01;3.4595944e-02;2.7500000e+01;-5.0494093e-03;2.7500000e+01;-6.2167738e-04;2.7500000e+01;7.7125803e-03;2.7500000e+01;2.1857165e-02;2.7500000e+01;4.2225923e-02;2.7500000e+01;6.9840409e-02;2.7500000e+01;1.0367370e-01;2.7500000e+01;1.4332364e-01;2.7500000e+01;1.8418163e-01;2.7500000e+01;2.1283340e-01;2.7500000e+01;2.2796412e-01;2.7500000e+01;2.2810757e-01;2.7500000e+01;2.1576165e-01;2.7500000e+01;1.9042991e-01;2.7500000e+01;1.5458439e-01;2.7500000e+01;1.1415185e-01;2.7500000e+01;7.3784195e-02;2.7500000e+01;3.4595944e-02;2.7500000e+01;-5.0494093e-03;2.7500000e+01;-6.2167738e-04;2.7500000e+01;7.7125803e-03;2.7500000e+01;2.1857165e-02;2.7500000e+01;4.2225923e-02;2.7500000e+01;6.9840409e-02;2.7500000e+01;1.0367370e-01;2.7500000e+01;1.4332364e-01;2.7500000e+01;1.8418163e-01;2.7500000e+01;2.1283340e-01;2.7500000e+01;2.2796412e-01;2.7500000e+01;2.2810757e-01;2.7500000e+01;2.1576165e-01;2.7500000e+01;1.9042991e-01;2.7500000e+01;1.5458439e-01;2.7500000e+01;1.1415185e-01;2.7500000e+01;7.3784195e-02;2.7500000e+01;3.4595944e-02;2.7500000e+01;-5.0494093e-03;2.7500000e+01;-6.2167738e-04;2.7500000e+01;7.7125803e-03;2.7500000e+01;2.1857165e-02;2.7500000e+01;4.2225923e-02;2.7500000e+01;6.9840409e-02;2.7500000e+01;1.0367370e-01;2.7500000e+01;1.4332364e-01;2.7500000e+01;1.8418163e-01;2.7500000e+01;2.1283340e-01;2.7500000e+01;2.2796412e-01;2.7500000e+01;2.2810757e-01;2.7500000e+01;2.1576165e-01;2.7500000e+01;1.9042991e-01;2.7500000e+01;1.5458439e-01;2.7500000e+01;1.1415185e-01;2.7500000e+01;7.3784195e-02;2.7500000e+01;3.4595944e-02;2.7500000e+01;-5.0494093e-03;2.7500000e+01;-6.2167738e-04;2.7500000e+01;7.7125803e-03;2.7500000e+01;2.1857165e-02;2.7500000e+01;4.2225923e-02;2.7500000e+01;6.9840409e-02;2.7500000e+01;1.0367370e-01;2.7500000e+01;1.4332364e-01;2.7500000e+01;1.8418163e-01;2.7500000e+01;2.1283340e-01;2.7500000e+01;2.2796412e-01;2.7500000e+01;2.2810757e-01;2.7500000e+01;2.1576165e-01;2.7500000e+01;1.9042991e-01;2.7500000e+01;1.5458439e-01;2.7500000e+01;1.1415185e-01;2.7500000e+01;7.3784195e-02;2.7500000e+01;3.4595944e-02;2.7500000e+01;-5.0494093e-03;2.7500000e+01;-6.2167738e-04;2.7500000e+01;7.7125803e-03;2.7500000e+01;2.1857165e-02;2.7500000e+01;4.2225923e-02;2.7500000e+01;6.9840409e-02;2.7500000e+01;1.0367370e-01;2.7500000e+01;1.4332364e-01;2.7500000e+01;1.8418163e-01;2.7500000e+01;2.1283340e-01;2.7500000e+01;2.2796412e-01;2.7500000e+01;2.2810757e-01;2.7500000e+01;2.1576165e-01;2.7500000e+01;1.9042991e-01;2.7500000e+01;1.5458439e-01;2.7500000e+01;1.1415185e-01;2.7500000e+01;7.3784195e-02;2.7500000e+01;3.4595944e-02;2.7500000e+01;-5.0494093e-03;2.7500000e+01;-6.2167738e-04;2.7500000e+01;7.7125803e-03;2.7500000e+01;2.1857165e-02;2.7500000e+01;4.2225923e-02;2.7500000e+01;6.9840409e-02;2.7500000e+01;1.0367370e-01;2.7500000e+01;1.4332364e-01;2.7500000e+01;1.8418163e-01;2.7500000e+01;2.1283340e-01;2.7500000e+01;2.2796412e-01;2.7500000e+01;2.2810757e-01;2.7500000e+01;2.1576165e-01;2.7500000e+01;1.9042991e-01;2.7500000e+01;1.5458439e-01;2.7500000e+01;1.1415185e-01;2.7500000e+01;7.3784195e-02;2.7500000e+01;3.4595944e-02;2.7500000e+01;-5.0494093e-03;2.7500000e+01;-6.2167738e-04;2.7500000e+01;7.7125803e-03;2.7500000e+01;2.1857165e-02;2.7500000e+01;4.2225923e-02;2.7500000e+01;6.9840409e-02;2.7500000e+01;1.0367370e-01;2.7500000e+01;1.4332364e-01;2.7500000e+01;1.8418163e-01;2.7500000e+01;2.1283340e-01;2.7500000e+01;2.2796412e-01;2.7500000e+01;2.2810757e-01;2.7500000e+01;2.1576165e-01;2.7500000e+01;1.9042991e-01;2.7500000e+01;1.5458439e-01;2.7500000e+01;1.1415185e-01;2.7500000e+01;7.3784195e-02;2.7500000e+01;3.4595944e-02;2.7500000e+01;-5.0494093e-03;2.7500000e+01;-6.2167738e-04;2.7500000e+01;7.7125803e-03;2.7500000e+01;2.1857165e-02;2.7500000e+01;4.2225923e-02;2.7500000e+01;6.9840409e-02;2.7500000e+01;1.0367370e-01;2.7500000e+01;1.4332364e-01;2.7500000e+01;1.8418163e-01;2.7500000e+01;2.1283340e-01;2.7500000e+01;2.2796412e-01;2.7500000e+01;2.2810757e-01;2.7500000e+01;2.1576165e-01;2.7500000e+01;1.9042991e-01;2.7500000e+01;1.5458439e-01;2.7500000e+01;1.1415185e-01;2.7500000e+01;7.3784195e-02;2.7500000e+01;3.4595944e-02;2.7500000e+01;-5.0494093e-03;2.7500000e+01;-6.2167738e-04;2.7500000e+01;7.7125803e-03;2.7500000e+01;2.1857165e-02;2.7500000e+01;4.2225923e-02;2.7500000e+01;6.9840409e-02;2.7500000e+01;1.0367370e-01;2.7500000e+01;1.4332364e-01;2.7500000e+01;1.8418163e-01;2.7500000e+01;2.1283340e-01;2.7500000e+01;2.2796412e-01;2.7500000e+01;2.2810757e-01;2.7500000e+01;2.1576165e-01;2.7500000e+01;1.9042991e-01;2.7500000e+01;1.5458439e-01;2.7500000e+01;1.1415185e-01;2.7500000e+01;7.3784195e-02;2.7500000e+01;3.4595944e-02
3.2500000e+01;-5.4145092e-03;3.2500000e+01;2.2919150e-03;3.2500000e+01;1.4447076e-02;3.2500000e+01;2.8757337e-02;3.2500000e+01;4.7713794e-02;3.2500000e+01;7.1731947e-02;3.2500000e+01;1.0587236e-01;3.2500000e+01;1.4795646e-01;3.2500000e+01;1.9216093e-01;3.2500000e+01;2.2432831e-01;3.2500000e+01;2.3819759e-01;3.2500000e+01;2.3593193e-01;3.2500000e+01;2.1820506e-01;3.2500000e+01;1.8953934e-01;3.2500000e+01;1.5234840e-01;3.2500000e+01;1.1154838e-01;3.2500000e+01;7.2137490e-02;3.2500000e+01;3.3508413e-02;3.2500000e+01;-5.4145092e-03;3.2500000e+01;2.2919150e-03;3.2500000e+01;1.4447076e-02;3.2500000e+01;2.8757337e-02;3.2500000e+01;4.7713794e-02;3.2500000e+01;7.1731947e-02;3.2500000e+01;1.0587236e-01;3.2500000e+01;1.4795646e-01;3.2500000e+01;1.9216093e-01;3.2500000e+01;2.2432831e-01;3.2500000e+01;2.3819759e-01;3.2500000e+01;2.3593193e-01;3.2500000e+01;2.1820506e-01;3.2500000e+01;1.8953934e-01;3.2500000e+01;1.5234840e-01;3.2500000e+01;1.1154838e-01;3.2500000e+01;7.2137490e-02;3.2500000e+01;3.3508413e-02;3.2500000e+01;-5.4145092e-03;3.2500000e+01;2.2919150e-03;3.2500000e+01;1.4447076e-02;3.2500000e+01;2.8757337e-02;3.2500000e+01;4.7713794e-02;3.2500000e+01;7.1731947e-02;3.2500000e+01;1.0587236e-01;3.2500000e+01;1.4795646e-01;3.2500000e+01;1.9216093e-01;3.2500000e+01;2.2432831e-01;3.2500000e+01;2.3819759e-01;3.2500000e+01;2.3593193e-01;3.2500000e+01;2.1820506e-01;3.2500000e+01;1.8953934e-01;3.2500000e+01;1.5234840e-01;3.2500000e+01;1.1154838e-01;3.2500000e+01;7.2137490e-02;3.2500000e+01;3.3508413e-02;3.2500000e+01;-5.4145092e-03;3.2500000e+01;2.2919150e-03;3.2500000e+01;1.4447076e-02;3.2500000e+01;2.8757337e-02;3.2500000e+01;4.7713794e-02;3.2500000e+01;7.1731947e-02;3.2500000e+01;1.0587236e-01;3.2500000e+01;1.4795646e-01;3.2500000e+01;1.9216093e-01;3.2500000e+01;2.2432831e-01;3.2500000e+01;2.3819759e-01;3.2500000e+01;2.3593193e-01;3.2500000e+01;2.1820506e-01;3.2500000e+01;1.8953934e-01;3.2500000e+01;1.5234840e-01;3.2500000e+01;1.1154838e-01;3.2500000e+01;7.2137490e-02;3.2500000e+01;3.3508413e-02;3.2500000e+01;-5.4145092e-03;3.2500000e+01;2.2919150e-03;3.2500000e+01;1.4447076e-02;3.2500000e+01;2.8757337e-02;3.2500000e+01;4.7713794e-02;3.2500000e+01;7.1731947e-02;3.2500000e+01;1.0587236e-01;3.2500000e+01;1.4795646e-01;3.2500000e+01;1.9216093e-01;3.2500000e+01;2.2432831e-01;3.2500000e+01;2.3819759e-01;3.2500000e+01;2.3593193e-01;3.2500000e+01;2.1820506e-01;3.2500000e+01;1.8953934e-01;3.2500000e+01;1.5234840e-01;3.2500000e+01;1.1154838e-01;3.2500000e+01;7.2137490e-02;3.2500000e+01;3.3508413e-02;3.2500000e+01;-5.4145092e-03;3.2500000e+01;2.2919150e-03;3.2500000e+01;1.4447076e-02;3.2500000e+01;2.8757337e-02;3.2500000e+01;4.7713794e-02;3.2500000e+01;7.1731947e-02;3.2500000e+01;1.0587236e-01;3.2500000e+01;1.4795646e-01;3.2500000e+01;1.9216093e-01;3.2500000e+01;2.2432831e-01;3.2500000e+01;2.3819759e-01;3.2500000e+01;2.3593193e-01;3.2500000e+01;2.1820506e-01;3.2500000e+01;1.8953934e-01;3.2500000e+01;1.5234840e-01;3.2500000e+01;1.1154838e-01;3.2500000e+01;7.2137490e-02;3.2500000e+01;3.3508413e-02;3.2500000e+01;-5.4145092e-03;3.2500000e+01;2.2919150e-03;3.2500000e+01;1.4447076e-02;3.2500000e+01;2.8757337e-02;3.2500000e+01;4.7713794e-02;3.2500000e+01;7.1731947e-02;3.2500000e+01;1.0587236e-01;3.2500000e+01;1.4795646e-01;3.2500000e+01;1.9216093e-01;3.2500000e+01;2.2432831e-01;3.2500000e+01;2.3819759e-01;3.2500000e+01;2.3593193e-01;3.2500000e+01;2.1820506e-01;3.2500000e+01;1.8953934e-01;3.2500000e+01;1.5234840e-01;3.2500000e+01;1.1154838e-01;3.2500000e+01;7.2137490e-02;3.2500000e+01;3.3508413e-02;3.2500000e+01;-5.4145092e-03;3.2500000e+01;2.2919150e-03;3.2500000e+01;1.4447076e-02;3.2500000e+01;2.8757337e-02;3.2500000e+01;4.7713794e-02;3.2500000e+01;7.1731947e-02;3.2500000e+01;1.0587236e-01;3.2500000e+01;1.4795646e-01;3.2500000e+01;1.9216093e-01;3.2500000e+01;2.2432831e-01;3.2500000e+01;2.3819759e-01;3.2500000e+01;2.3593193e-01;3.2500000e+01;2.1820506e-01;3.2500000e+01;1.8953934e-01;3.2500000e+01;1.5234840e-01;3.2500000e+01;1.1154838e-01;3.2500000e+01;7.2137490e-02;3.2500000e+01;3.3508413e-02;3.2500000e+01;-5.4145092e-03;3.2500000e+01;2.2919150e-03;3.2500000e+01;1.4447076e-02;3.2500000e+01;2.8757337e-02;3.2500000e+01;4.7713794e-02;3.2500000e+01;7.1731947e-02;3.2500000e+01;1.0587236e-01;3.2500000e+01;1.4795646e-01;3.2500000e+01;1.9216093e-01;3.2500000e+01;2.2432831e-01;3.2500000e+01;2.3819759e-01;3.2500000e+01;2.3593193e-01;3.2500000e+01;2.1820506e-01;3.2500000e+01;1.8953934e-01;3.2500000e+01;1.5234840e-01;3.2500000e+01;1.1154838e-01;3.2500000e+01;7.2137490e-02;3.2500000e+01;3.3508413e-02;3.2500000e+01;-5.4145092e-03;3.2500000e+01;2.2919150e-03;3.2500000e+01;1.4447076e-02;3.2500000e+01;2.8757337e-02;3.2500000e+01;4.7713794e-02;3.2500000e+01;7.1731947e-02;3.2500000e+01;1.0587236e-01;3.2500000e+01;1.4795646e-01;3.2500000e+01;1.9216093e-01;3.2500000e+01;2.2432831e-01;3.2500000e+01;2.3819759e-01;3.2500000e+01;2.3593193e-01;3.2500000e+01;2.1820506e-01;3.2500000e+01;1.8953934e-01;3.2500000e+01;1.5234840e-01;3.2500000e+01;1.1154838e-01;3.2500000e+01;7.2137490e-02;3.2500000e+01;3.3508413e-02;3.2500000e+01;-5.4145092e-03;3.2500000e+01;2.2919150e-03;3.2500000e+01;1.4447076e-02;3.2500000e+01;2.8757337e-02;3.2500000e+01;4.7713794e-02;3.2500000e+01;7.1731947e-02;3.2500000e+01;1.0587236e-01;3.2500000e+01;1.4795646e-01;3.2500000e+01;1.9216093e-01;3.2500000e+01;2.2432831e-01;3.2500000e+01;2.3819759e-01;3.2500000e+01;2.3593193e-01;3.2500000e+01;2.1820506e-01;3.2500000e+01;1.8953934e-01;3.2500000e+01;1.5234840e-01;3.2500000e+01;1.1154838e-01;3.2500000e+01;7.2137490e-02;3.2500000e+01;3.3508413e-02;3.2500000e+01;-5.4145092e-03;3.2500000e+01;2.2919150e-03;3.2500000e+01;1.4447076e-02;3.2500000e+01;2.8757337e-02;3.2500000e+01;4.7713794e-02;3.2500000e+01;7.1731947e-02;3.2500000e+01;1.0587236e-01;3.2500000e+01;1.4795646e-01;3.2500000e+01;1.9216093e-01;3.2500000e+01;2.2432831e-01;3.2500000e+01;2.3819759e-01;3.2500000e+01;2.3593193e-01;3.2500000e+01;2.1820506e-01;3.2500000e+01;1.8953934e-01;3.2500000e+01;1.5234840e-01;3.2500000e+01;1.1154838e-01;3.2500000e+01;7.2137490e-02;3.2500000e+01;3.3508413e-02;3.2500000e+01;-5.4145092e-03;3.2500000e+01;2.2919150e-03;3.2500000e+01;1.4447076e-02;3.2500000e+01;2.8757337e-02;3.2500000e+01;4.7713794e-02;3.2500000e+01;7.1731947e-02;3.2500000e+01;1.0587236e-01;3.2500000e+01;1.4795646e-01;3.2500000e+01;1.9216093e-01;3.2500000e+01;2.2432831e-01;3.2500000e+01;2.3819759e-01;3.2500000e+01;2.3593193e-01;3.2500000e+01;2.1820506e-01;3.2500000e+01;1.8953934e-01;3.2500000e+01;1.5234840e-01;3.2500000e+01;1.1154838e-01;3.2500000e+01;7.2137490e-02;3.2500000e+01;3.3508413e-02;3.2500000e+01;-5.4145092e-03;3.2500000e+01;2.2919150e-03;3.2500000e+01;1.4447076e-02;3.2500000e+01;2.8757337e-02;3.2500000e+01;4.7713794e-02;3.2500000e+01;7.1731947e-02;3.2500000e+01;1.0587236e-01;3.2500000e+01;1.4795646e-01;3.2500000e+01;1.9216093e-01;3.2500000e+01;2.2432831e-01;3.2500000e+01;2.3819759e-01;3.2500000e+01;2.3593193e-01;3.2500000e+01;2.1820506e-01;3.2500000e+01;1.8953934e-01;3.2500000e+01;1.5234840e-01;3.2500000e+01;1.1154838e-01;3.2500000e+01;7.2137490e-02;3.2500000e+01;3.3508413e-02;3.2500000e+01;-5.4145092e-03;3.2500000e+01;2.2919150e-03;3.2500000e+01;1.4447076e-02;3.2500000e+01;2.8757337e-02;3.2500000e+01;4.7713794e-02;3.2500000e+01;7.1731947e-02;3.2500000e+01;1.0587236e-01;3.2500000e+01;1.4795646e-01;3.2500000e+01;1.9216093e-01;3.2500000e+01;2.2432831e-01;3.2500000e+01;2.3819759e-01;3.2500000e+01;2.3593193e-01;3.2500000e+01;2.1820506e-01;3.2500000e+01;1.8953934e-01;3.2500000e+01;1.5234840e-01;3.2500000e+01;1.1154838e-01;3.2500000e+01;7.2137490e-02;3.2500000e+01;3.3508413e-02;3.2500000e+01;-5.4145092e-03;3.2500000e+01;2.2919150e-03;3.2500000e+01;1.4447076e-02;3.2500000e+01;2.8757337e-02;3.2500000e+01;4.7713794e-02;3.2500000e+01;7.1731947e-02;3.2500000e+01;1.0587236e-01;3.2500000e+01;1.4795646e-01;3.2500000e+01;1.9216093e-01;3.2500000e+01;2.2432831e-01;3.2500000e+01;2.3819759e-01;3.2500000e+01;2.3593193e-01;3.2500000e+01;2.1820506e-01;3.2500000e+01;1.8953934e-01;3.2500000e+01;1.5234840e-01;3.2500000e+01;1.1154838e-01;3.2500000e+01;7.2137490e-02;3.2500000e+01;3.3508413e-02;3.2500000e+01;-5.4145092e-03;3.2500000e+01;2.2919150e-03;3.2500000e+01;1.4447076e-02;3.2500000e+01;2.8757337e-02;3.2500000e+01;4.7713794e-02;3.2500000e+01;7.1731947e-02;3.2500000e+01;1.0587236e-01;3.2500000e+01;1.4795646e-01;3.2500000e+01;1.9216093e-01;3.2500000e+01;2.2432831e-01;3.2500000e+01;2.3819759e-01;3.2500000e+01;2.3593193e-01;3.2500000e+01;2.1820506e-01;3.2500000e+01;1.8953934e-01;3.2500000e+01;1.5234840e-01;3.2500000e+01;1.1154838e-01;3.2500000e+01;7.2137490e-02;3.2500000e+01;3.3508413e-02;3.2500000e+01;-5.4145092e-03;3.2500000e+01;2.2919150e-03;3.2500000e+01;1.4447076e-02;3.2500000e+01;2.8757337e-02;3.2500000e+01;4.7713794e-02;3.2500000e+01;7.1731947e-02;3.2500000e+01;1.0587236e-01;3.2500000e+01;1.4795646e-01;3.2500000e+01;1.9216093e-01;3.2500000e+01;2.2432831e-01;3.2500000e+01;2.3819759e-01;3.2500000e+01;2.3593193e-01;3.2500000e+01;2.1820506e-01;3.2500000e+01;1.8953934e-01;3.2500000e+01;1.5234840e-01;3.2500000e+01;1.1154838e-01;3.2500000e+01;7.2137490e-02;3.2500000e+01;3.3508413e-02;3.2500000e+01;-5.4145092e-03;3.2500000e+01;2.2919150e-03;3.2500000e+01;1.4447076e-02;3.2500000e+01;2.8757337e-02;3.2500000e+01;4.7713794e-02;3.2500000e+01;7.1731947e-02;3.2500000e+01;1.0587236e-01;3.2500000e+01;1.4795646e-01;3.2500000e+01;1.9216093e-01;3.2500000e+01;2.2432831e-01;3.2500000e+01;2.3819759e-01;3.2500000e+01;2.3593193e-01;3.2500000e+01;2.1820506e-01;3.2500000e+01;1.8953934e-01;3.2500000e+01;1.5234840e-01;3.2500000e+01;1.1154838e-01;3.2500000e+01;7.2137490e-02;3.2500000e+01;3.3508413e-02;3.2500000e+01;-5.4145092e-03;3.2500000e+01;2.2919150e-03;3.2500000e+01;1.4447076e-02;3.2500000e+01;2.8757337e-02;3.2500000e+01;4.7713794e-02;3.2500000e+01;7.1731947e-02;3.2500000e+01;1.0587236e-01;3.2500000e+01;1.4795646e-01;3.2500000e+01;1.9216093e-01;3.2500000e+01;2.2432831e-01;3.2500000e+01;2.3819759e-01;3.2500000e+01;2.3593193e-01;3.2500000e+01;2.1820506e-01;3.2500000e+01;1.8953934e-01;3.2500000e+01;1.5234840e-01;3.2500000e+01;1.1154838e-01;3.2500000e+01;7.2137490e-02;3.2500000e+01;3.3508413e-02;3.2500000e+01;-5.4145092e-03;3.2500000e+01;2.2919150e-03;3.2500000e+01;1.4447076e-02;3.2500000e+01;2.8757337e-02;3.2500000e+01;4.7713794e-02;3.2500000e+01;7.1731947e-02;3.2500000e+01;1.0587236e-01;3.2500000e+01;1.4795646e-01;3.2500000e+01;1.9216093e-01;3.2500000e+01;2.2432831e-01;3.2500000e+01;2.3819759e-01;3.2500000e+01;2.3593193e-01;3.2500000e+01;2.1820506e-01;3.2500000e+01;1.8953934e-01;3.2500000e+01;1.5234840e-01;3.2500000e+01;1.1154838e-01;3.2500000e+01;7.2137490e-02;3.2500000e+01;3.3508413e-02;3.2500000e+01;-5.4145092e-03;3.2500000e+01;2.2919150e-03;3.2500000e+01;1.4447076e-02;3.2500000e+01;2.8757337e-02;3.2500000e+01;4.7713794e-02;3.2500000e+01;7.1731947e-02;3.2500000e+01;1.0587236e-01;3.2500000e+01;1.4795646e-01;3.2500000e+01;1.9216093e-01;3.2500000e+01;2.2432831e-01;3.2500000e+01;2.3819759e-01;3.2500000e+01;2.3593193e-01;3.2500000e+01;2.1820506e-01;3.2500000e+01;1.8953934e-01;3.2500000e+01;1.5234840e-01;3.2500000e+01;1.1154838e-01;3.2500000e+01;7.2137490e-02;3.2500000e+01;3.3508413e-02;3.2500000e+01;-5.4145092e-03;3.2500000e+01;2.2919150e-03;3.2500000e+01;1.4447076e-02;3.2500000e+01;2.8757337e-02;3.2500000e+01;4.7713794e-02;3.2500000e+01;7.1731947e-02;3.2500000e+01;1.0587236e-01;3.2500000e+01;1.4795646e-01;3.2500000e+01;1.9216093e-01;3.2500000e+01;2.2432831e-01;3.2500000e+01;2.3819759e-01;3.2500000e+01;2.3593193e-01;3.2500000e+01;2.1820506e-01;3.2500000e+01;1.8953934e-01;3.2500000e+01;1.5234840e-01;3.2500000e+01;1.1154838e-01;3.2500000e+01;7.2137490e-02;3.2500000e+01;3.3508413e-02;3.2500000e+01;-5.4145092e-03;3.2500000e+01;2.2919150e-03;3.2500000e+01;1.4447076e-02;3.2500000e+01;2.8757337e-02;3.2500000e+01;4.7713794e-02;3.2500000e+01;7.1731947e-02;3.2500000e+01;1.0587236e-01;3.2500000e+01;1.4795646e-01;3.2500000e+01;1.9216093e-01;3.2500000e+01;2.2432831e-01;3.2500000e+01;2.3819759e-01;3.2500000e+01;2.3593193e-01;3.2500000e+01;2.1820506e-01;3.2500000e+01;1.8953934e-01;3.2500000e+01;1.5234840e-01;3.2500000e+01;1.1154838e-01;3.2500000e+01;7.2137490e-02;3.2500000e+01;3.3508413e-02;3.2500000e+01;-5.4145092e-03;3.2500000e+01;2.2919150e-03;3.2500000e+01;1.4447076e-02;3.2500000e+01;2.8757337e-02;3.2500000e+01;4.7713794e-02;3.2500000e+01;7.1731947e-02;3.2500000e+01;1.0587236e-01;3.2500000e+01;1.4795646e-01;3.2500000e+01;1.9216093e-01;3.2500000e+01;2.2432831e-01;3.2500000e+01;2.3819759e-01;3.2500000e+01;2.3593193e-01;3.2500000e+01;2.1820506e-01;3.2500000e+01;1.8953934e-01;3.2500000e+01;1.5234840e-01;3.2500000e+01;1.1154838e-01;3.2500000e+01;7.2137490e-02;3.2500000e+01;3.3508413e-02;3.2500000e+01;-5.4145092e-03;3.2500000e+01;2.2919150e-03;3.2500000e+01;1.4447076e-02;3.2500000e+01;2.8757337e-02;3.2500000e+01;4.7713794e-02;3.2500000e+01;7.1731947e-02;3.2500000e+01;1.0587236e-01;3.2500000e+01;1.4795646e-01;3.2500000e+01;1.9216093e-01;3.2500000e+01;2.2432831e-01;3.2500000e+01;2.3819759e-01;3.2500000e+01;2.3593193e-01;3.2500000e+01;2.1820506e-01;3.2500000e+01;1.8953934e-01;3.2500000e+01;1.5234840e-01;3.2500000e+01;1.1154838e-01;3.2500000e+01;7.2137490e-02;3.2500000e+01;3.3508413e-02;3.2500000e+01;-5.4145092e-03;3.2500000e+01;2.2919150e-03;3.2500000e+01;1.4447076e-02;3.2500000e+01;2.8757337e-02;3.2500000e+01;4.7713794e-02;3.2500000e+01;7.1731947e-02;3.2500000e+01;1.0587236e-01;3.2500000e+01;1.4795646e-01;3.2500000e+01;1.9216093e-01;3.2500000e+01;2.2432831e-01;3.2500000e+01;2.3819759e-01;3.2500000e+01;2.3593193e-01;3.2500000e+01;2.1820506e-01;3.2500000e+01;1.8953934e-01;3.2500000e+01;1.5234840e-01;3.2500000e+01;1.1154838e-01;3.2500000e+01;7.2137490e-02;3.2500000e+01;3.3508413e-02;3.2500000e+01;-5.4145092e-03;3.2500000e+01;2.2919150e-03;3.2500000e+01;1.4447076e-02;3.2500000e+01;2.8757337e-02;3.2500000e+01;4.7713794e-02;3.2500000e+01;7.1731947e-02;3.2500000e+01;1.0587236e-01;3.2500000e+01;1.4795646e-01;3.2500000e+01;1.9216093e-01;3.2500000e+01;2.2432831e-01;3.2500000e+01;2.3819759e-01;3.2500000e+01;2.3593193e-01;3.2500000e+01;2.1820506e-01;3.2500000e+01;1.8953934e-01;3.2500000e+01;1.5234840e-01;3.2500000e+01;1.1154838e-01;3.2500000e+01;7.2137490e-02;3.2500000e+01;3.3508413e-02;3.2500000e+01;-5.4145092e-03;3.2500000e+01;2.2919150e-03;3.2500000e+01;1.4447076e-02;3.2500000e+01;2.8757337e-02;3.2500000e+01;4.7713794e-02;3.2500000e+01;7.1731947e-02;3.2500000e+01;1.0587236e-01;3.2500000e+01;1.4795646e-01;3.2500000e+01;1.9216093e-01;3.2500000e+01;2.2432831e-01;3.2500000e+01;2.3819759e-01;3.2500000e+01;2.3593193e-01;3.2500000e+01;2.1820506e-01;3.2500000e+01;1.8953934e-01;3.2500000e+01;1.5234840e-01;3.2500000e+01;1.1154838e-01;3.2500000e+01;7.2137490e-02;3.2500000e+01;3.3508413e-02;3.2500000e+01;-5.4145092e-03;3.2500000e+01;2.2919150e-03;3.2500000e+01;1.4447076e-02;3.2500000e+01;2.8757337e-02;3.2500000e+01;4.7713794e-02;3.2500000e+01;7.1731947e-02;3.2500000e+01;1.0587236e-01;3.2500000e+01;1.4795646e-01;3.2500000e+01;1.9216093e-01;3.2500000e+01;2.2432831e-01;3.2500000e+01;2.3819759e-01;3.2500000e+01;2.3593193e-01;3.2500000e+01;2.1820506e-01;3.2500000e+01;1.8953934e-01;3.2500000e+01;1.5234840e-01;3.2500000e+01;1.1154838e-01;3.2500000e+01;7.2137490e-02;3.2500000e+01;3.3508413e-02;3.2500000e+01;-5.4145092e-03;3.2500000e+01;2.2919150e-03;3.2500000e+01;1.4447076e-02;3.2500000e+01;2.8757337e-02;3.2500000e+01;4.7713794e-02;3.2500000e+01;7.1731947e-02;3.2500000e+01;1.0587236e-01;3.2500000e+01;1.4795646e-01;3.2500000e+01;1.9216093e-01;3.2500000e+01;2.2432831e-01;3.2500000e+01;2.3819759e-01;3.2500000e+01;2.3593193e-01;3.2500000e+01;2.1820506e-01;3.2500000e+01;1.8953934e-01;3.2500000e+01;1.5234840e-01;3.2500000e+01;1.1154838e-01;3.2500000e+01;7.2137490e-02;3.2500000e+01;3.3508413e-02;3.2500000e+01;-5.4145092e-03;3.2500000e+01;2.2919150e-03;3.2500000e+01;1.4447076e-02;3.2500000e+01;2.8757337e-02;3.2500000e+01;4.7713794e-02;3.2500000e+01;7.1731947e-02;3.2500000e+01;1.0587236e-01;3.2500000e+01;1.4795646e-01;3.2500000e+01;1.9216093e-01;3.2500000e+01;2.2432831e-01;3.2500000e+01;2.3819759e-01;3.2500000e+01;2.3593193e-01;3.2500000e+01;2.1820506e-01;3.2500000e+01;1.8953934e-01;3.2500000e+01;1.5234840e-01;3.2500000e+01;1.1154838e-01;3.2500000e+01;7.2137490e-02;3.2500000e+01;3.3508413e-02;3.2500000e+01;-5.4145092e-03;3.2500000e+01;2.2919150e-03;3.2500000e+01;1.4447076e-02;3.2500000e+01;2.8757337e-02;3.2500000e+01;4.7713794e-02;3.2500000e+01;7.1731947e-02;3.2500000e+01;1.0587236e-01;3.2500000e+01;1.4795646e-01;3.2500000e+01;1.9216093e-01;3.2500000e+01;2.2432831e-01;3.2500000e+01;2.3819759e-01;3.2500000e+01;2.3593193e-01;3.2500000e+01;2.1820506e-01;3.2500000e+01;1.8953934e-01;3.2500000e+01;1.5234840e-01;3.2500000e+01;1.1154838e-01;3.2500000e+01;7.2137490e-02;3.2500000e+01;3.3508413e-02;3.2500000e+01;-5.4145092e-03;3.2500000e+01;2.2919150e-03;3.2500000e+01;1.4447076e-02;3.2500000e+01;2.8757337e-02;3.2500000e+01;4.7713794e-02;3.2500000e+01;7.1731947e-02;3.2500000e+01;1.0587236e-01;3.2500000e+01;1.4795646e-01;3.2500000e+01;1.9216093e-01;3.2500000e+01;2.2432831e-01;3.2500000e+01;2.3819759e-01;3.2500000e+01;2.3593193e-01;3.2500000e+01;2.1820506e-01;3.2500000e+01;1.8953934e-01;3.2500000e+01;1.5234840e-01;3.2500000e+01;1.1154838e-01;3.2500000e+01;7.2137490e-02;3.2500000e+01;3.3508413e-02;3.2500000e+01;-5.4145092e-03;3.2500000e+01;2.2919150e-03;3.2500000e+01;1.4447076e-02;3.2500000e+01;2.8757337e-02;3.2500000e+01;4.7713794e-02;3.2500000e+01;7.1731947e-02;3.2500000e+01;1.0587236e-01;3.2500000e+01;1.4795646e-01;3.2500000e+01;1.9216093e-01;3.2500000e+01;2.2432831e-01;3.2500000e+01;2.3819759e-01;3.2500000e+01;2.3593193e-01;3.2500000e+01;2.1820506e-01;3.2500000e+01;1.8953934e-01;3.2500000e+01;1.5234840e-01;3.2500000e+01;1.1154838e-01;3.2500000e+01;7.2137490e-02;3.2500000e+01;3.3508413e-02;3.2500000e+01;-5.4145092e-03;3.2500000e+01;2.2919150e-03;3.2500000e+01;1.4447076e-02;3.2500000e+01;2.8757337e-02;3.2500000e+01;4.7713794e-02;3.2500000e+01;7.1731947e-02;3.2500000e+01;1.0587236e-01;3.2500000e+01;1.4795646e-01;3.2500000e+01;1.9216093e-01;3.2500000e+01;2.2432831e-01;3.2500000e+01;2.3819759e-01;3.2500000e+01;2.3593193e-01;3.2500000e+01;2.1820506e-01;3.2500000e+01;1.8953934e-01;3.2500000e+01;1.5234840e-01;3.2500000e+01;1.1154838e-01;3.2500000e+01;7.2137490e-02;3.2500000e+01;3.3508413e-02;3.2500000e+01;-5.4145092e-03;3.2500000e+01;2.2919150e-03;3.2500000e+01;1.4447076e-02;3.2500000e+01;2.8757337e-02;3.2500000e+01;4.7713794e-02;3.2500000e+01;7.1731947e-02;3.2500000e+01;1.0587236e-01;3.2500000e+01;1.4795646e-01;3.2500000e+01;1.9216093e-01;3.2500000e+01;2.2432831e-01;3.2500000e+01;2.3819759e-01;3.2500000e+01;2.3593193e-01;3.2500000e+01;2.1820506e-01;3.2500000e+01;1.8953934e-01;3.2500000e+01;1.5234840e-01;3.2500000e+01;1.1154838e-01;3.2500000e+01;7.2137490e-02;3.2500000e+01;3.3508413e-02;3.2500000e+01;-5.4145092e-03;3.2500000e+01;2.2919150e-03;3.2500000e+01;1.4447076e-02;3.2500000e+01;2.8757337e-02;3.2500000e+01;4.7713794e-02;3.2500000e+01;7.1731947e-02;3.2500000e+01;1.0587236e-01;3.2500000e+01;1.4795646e-01;3.2500000e+01;1.9216093e-01;3.2500000e+01;2.2432831e-01;3.2500000e+01;2.3819759e-01;3.2500000e+01;2.3593193e-01;3.2500000e+01;2.1820506e-01;3.2500000e+01;1.8953934e-01;3.2500000e+01;1.5234840e-01;3.2500000e+01;1.1154838e-01;3.2500000e+01;7.2137490e-02;3.2500000e+01;3.3508413e-02;3.2500000e+01;-5.4145092e-03;3.2500000e+01;2.2919150e-03;3.2500000e+01;1.4447076e-02;3.2500000e+01;2.8757337e-02;3.2500000e+01;4.7713794e-02;3.2500000e+01;7.1731947e-02;3.2500000e+01;1.0587236e-01;3.2500000e+01;1.4795646e-01;3.2500000e+01;1.9216093e-01;3.2500000e+01;2.2432831e-01;3.2500000e+01;2.3819759e-01;3.2500000e+01;2.3593193e-01;3.2500000e+01;2.1820506e-01;3.2500000e+01;1.8953934e-01;3.2500000e+01;1.5234840e-01;3.2500000e+01;1.1154838e-01;3.2500000e+01;7.2137490e-02;3.2500000e+01;3.3508413e-02;3.2500000e+01;-5.4145092e-03;3.2500000e+01;2.2919150e-03;3.2500000e+01;1.4447076e-02;3.2500000e+01;2.8757337e-02;3.2500000e+01;4.7713794e-02;3.2500000e+01;7.1731947e-02;3.2500000e+01;1.0587236e-01;3.2500000e+01;1.4795646e-01;3.2500000e+01;1.9216093e-01;3.2500000e+01;2.2432831e-01;3.2500000e+01;2.3819759e-01;3.2500000e+01;2.3593193e-01;3.2500000e+01;2.1820506e-01;3.2500000e+01;1.8953934e-01;3.2500000e+01;1.5234840e-01;3.2500000e+01;1.1154838e-01;3.2500000e+01;7.2137490e-02;3.2500000e+01;3.3508413e-02;3.2500000e+01;-5.4145092e-03;3.2500000e+01;2.2919150e-03;3.2500000e+01;1.4447076e-02;3.2500000e+01;2.8757337e-02;3.2500000e+01;4.7713794e-02;3.2500000e+01;7.1731947e-02;3.2500000e+01;1.0587236e-01;3.2500000e+01;1.4795646e-01;3.2500000e+01;1.9216093e-01;3.2500000e+01;2.2432831e-01;3.2500000e+01;2.3819759e-01;3.2500000e+01;2.3593193e-01;3.2500000e+01;2.1820506e-01;3.2500000e+01;1.8953934e-01;3.2500000e+01;1.5234840e-01;3.2500000e+01;1.1154838e-01;3.2500000e+01;7.2137490e-02;3.2500000e+01;3.3508413e-02;3.2500000e+01;-5.4145092e-03;3.2500000e+01;2.2919150e-03;3.2500000e+01;1.4447076e-02;3.2500000e+01;2.8757337e-02;3.2500000e+01;4.7713794e-02;3.2500000e+01;7.1731947e-02;3.2500000e+01;1.0587236e-01;3.2500000e+01;1.4795646e-01;3.2500000e+01;1.9216093e-01;3.2500000e+01;2.2432831e-01;3.2500000e+01;2.3819759e-01;3.2500000e+01;2.3593193e-01;3.2500000e+01;2.1820506e-01;3.2500000e+01;1.8953934e-01;3.2500000e+01;1.5234840e-01;3.2500000e+01;1.1154838e-01;3.2500000e+01;7.2137490e-02;3.2500000e+01;3.3508413e-02;3.2500000e+01;-5.4145092e-03;3.2500000e+01;2.2919150e-03;3.2500000e+01;1.4447076e-02;3.2500000e+01;2.8757337e-02;3.2500000e+01;4.7713794e-02;3.2500000e+01;7.1731947e-02;3.2500000e+01;1.0587236e-01;3.2500000e+01;1.4795646e-01;3.2500000e+01;1.9216093e-01;3.2500000e+01;2.2432831e-01;3.2500000e+01;2.3819759e-01;3.2500000e+01;2.3593193e-01;3.2500000e+01;2.1820506e-01;3.2500000e+01;1.8953934e-01;3.2500000e+01;1.5234840e-01;3.2500000e+01;1.1154838e-01;3.2500000e+01;7.2137490e-02;3.2500000e+01;3.3508413e-02;3.2500000e+01;-5.4145092e-03;3.2500000e+01;2.2919150e-03;3.2500000e+01;1.4447076e-02;3.2500000e+01;2.8757337e-02;3.2500000e+01;4.7713794e-02;3.2500000e+01;7.1731947e-02;3.2500000e+01;1.0587236e-01;3.2500000e+01;1.4795646e-01;3.2500000e+01;1.9216093e-01;3.2500000e+01;2.2432831e-01;3.2500000e+01;2.3819759e-01;3.2500000e+01;2.3593193e-01;3.2500000e+01;2.1820506e-01;3.2500000e+01;1.8953934e-01;3.2500000e+01;1.5234840e-01;3.2500000e+01;1.1154838e-01;3.2500000e+01;7.2137490e-02;3.2500000e+01;3.3508413e-02;3.2500000e+01;-5.4145092e-03;3.2500000e+01;2.2919150e-03;3.2500000e+01;1.4447076e-02;3.2500000e+01;2.8757337e-02;3.2500000e+01;4.7713794e-02;3.2500000e+01;7.1731947e-02;3.2500000e+01;1.0587236e-01;3.2500000e+01;1.4795646e-01;3.2500000e+01;1.9216093e-01;3.2500000e+01;2.2432831e-01;3.2500000e+01;2.3819759e-01;3.2500000e+01;2.3593193e-01;3.2500000e+01;2.1820506e-01;3.2500000e+01;1.8953934e-01;3.2500000e+01;1.5234840e-01;3.2500000e+01;1.1154838e-01;3.2500000e+01;7.2137490e-02;3.2500000e+01;3.3508413e-02;3.2500000e+01;-5.4145092e-03;3.2500000e+01;2.2919150e-03;3.2500000e+01;1.4447076e-02;3.2500000e+01;2.8757337e-02;3.2500000e+01;4.7713794e-02;3.2500000e+01;7.1731947e-02;3.2500000e+01;1.0587236e-01;3.2500000e+01;1.4795646e-01;3.2500000e+01;1.9216093e-01;3.2500000e+01;2.2432831e-01;3.2500000e+01;2.3819759e-01;3.2500000e+01;2.3593193e-01;3.2500000e+01;2.1820506e-01;3.2500000e+01;1.8953934e-01;3.2500000e+01;1.5234840e-01;3.2500000e+01;1.1154838e-01;3.2500000e+01;7.2137490e-02;3.2500000e+01;3.3508413e-02;3.2500000e+01;-5.4145092e-03;3.2500000e+01;2.2919150e-03;3.2500000e+01;1.4447076e-02;3.2500000e+01;2.8757337e-02;3.2500000e+01;4.7713794e-02;3.2500000e+01;7.1731947e-02;3.2500000e+01;1.0587236e-01;3.2500000e+01;1.4795646e-01;3.2500000e+01;1.9216093e-01;3.2500000e+01;2.2432831e-01;3.2500000e+01;2.3819759e-01;3.2500000e+01;2.3593193e-01;3.2500000e+01;2.1820506e-01;3.2500000e+01;1.8953934e-01;3.2500000e+01;1.5234840e-01;3.2500000e+01;1.1154838e-01;3.2500000e+01;7.2137490e-02;3.2500000e+01;3.3508413e-02;3.2500000e+01;-5.4145092e-03;3.2500000e+01;2.2919150e-03;3.2500000e+01;1.4447076e-02;3.2500000e+01;2.8757337e-02;3.2500000e+01;4.7713794e-02;3.2500000e+01;7.1731947e-02;3.2500000e+01;1.0587236e-01;3.2500000e+01;1.4795646e-01;3.2500000e+01;1.9216093e-01;3.2500000e+01;2.2432831e-01;3.2500000e+01;2.3819759e-01;3.2500000e+01;2.3593193e-01;3.2500000e+01;2.1820506e-01;3.2500000e+01;1.8953934e-01;3.2500000e+01;1.5234840e-01;3.2500000e+01;1.1154838e-01;3.2500000e+01;7.2137490e-02;3.2500000e+01;3.3508413e-02;3.2500000e+01;-5.4145092e-03;3.2500000e+01;2.2919150e-03;3.2500000e+01;1.4447076e-02;3.2500000e+01;2.8757337e-02;3.2500000e+01;4.7713794e-02;3.2500000e+01;7.1731947e-02;3.2500000e+01;1.0587236e-01;3.2500000e+01;1.4795646e-01;3.2500000e+01;1.9216093e-01;3.2500000e+01;2.2432831e-01;3.2500000e+01;2.3819759e-01;3.2500000e+01;2.3593193e-01;3.2500000e+01;2.1820506e-01;3.2500000e+01;1.8953934e-01;3.2500000e+01;1.5234840e-01;3.2500000e+01;1.1154838e-01;3.2500000e+01;7.2137490e-02;3.2500000e+01;3.3508413e-02;3.2500000e+01;-5.4145092e-03;3.2500000e+01;2.2919150e-03;3.2500000e+01;1.4447076e-02;3.2500000e+01;2.8757337e-02;3.2500000e+01;4.7713794e-02;3.2500000e+01;7.1731947e-02;3.2500000e+01;1.0587236e-01;3.2500000e+01;1.4795646e-01;3.2500000e+01;1.9216093e-01;3.2500000e+01;2.2432831e-01;3.2500000e+01;2.3819759e-01;3.2500000e+01;2.3593193e-01;3.2500000e+01;2.1820506e-01;3.2500000e+01;1.8953934e-01;3.2500000e+01;1.5234840e-01;3.2500000e+01;1.1154838e-01;3.2500000e+01;7.2137490e-02;3.2500000e+01;3.3508413e-02;3.2500000e+01;-5.4145092e-03;3.2500000e+01;2.2919150e-03;3.2500000e+01;1.4447076e-02;3.2500000e+01;2.8757337e-02;3.2500000e+01;4.7713794e-02;3.2500000e+01;7.1731947e-02;3.2500000e+01;1.0587236e-01;3.2500000e+01;1.4795646e-01;3.2500000e+01;1.9216093e-01;3.2500000e+01;2.2432831e-01;3.2500000e+01;2.3819759e-01;3.2500000e+01;2.3593193e-01;3.2500000e+01;2.1820506e-01;3.2500000e+01;1.8953934e-01;3.2500000e+01;1.5234840e-01;3.2500000e+01;1.1154838e-01;3.2500000e+01;7.2137490e-02;3.2500000e+01;3.3508413e-02;3.2500000e+01;-5.4145092e-03;3.2500000e+01;2.2919150e-03;3.2500000e+01;1.4447076e-02;3.2500000e+01;2.8757337e-02;3.2500000e+01;4.7713794e-02;3.2500000e+01;7.1731947e-02;3.2500000e+01;1.0587236e-01;3.2500000e+01;1.4795646e-01;3.2500000e+01;1.9216093e-01;3.2500000e+01;2.2432831e-01;3.2500000e+01;2.3819759e-01;3.2500000e+01;2.3593193e-01;3.2500000e+01;2.1820506e-01;3.2500000e+01;1.8953934e-01;3.2500000e+01;1.5234840e-01;3.2500000e+01;1.1154838e-01;3.2500000e+01;7.2137490e-02;3.2500000e+01;3.3508413e-02;3.2500000e+01;-5.4145092e-03;3.2500000e+01;2.2919150e-03;3.2500000e+01;1.4447076e-02;3.2500000e+01;2.8757337e-02;3.2500000e+01;4.7713794e-02;3.2500000e+01;7.1731947e-02;3.2500000e+01;1.0587236e-01;3.2500000e+01;1.4795646e-01;3.2500000e+01;1.9216093e-01;3.2500000e+01;2.2432831e-01;3.2500000e+01;2.3819759e-01;3.2500000e+01;2.3593193e-01;3.2500000e+01;2.1820506e-01;3.2500000e+01;1.8953934e-01;3.2500000e+01;1.5234840e-01;3.2500000e+01;1.1154838e-01;3.2500000e+01;7.2137490e-02;3.2500000e+01;3.3508413e-02;3.2500000e+01;-5.4145092e-03;3.2500000e+01;2.2919150e-03;3.2500000e+01;1.4447076e-02;3.2500000e+01;2.8757337e-02;3.2500000e+01;4.7713794e-02;3.2500000e+01;7.1731947e-02;3.2500000e+01;1.0587236e-01;3.2500000e+01;1.4795646e-01;3.2500000e+01;1.9216093e-01;3.2500000e+01;2.2432831e-01;3.2500000e+01;2.3819759e-01;3.2500000e+01;2.3593193e-01;3.2500000e+01;2.1820506e-01;3.2500000e+01;1.8953934e-01;3.2500000e+01;1.5234840e-01;3.2500000e+01;1.1154838e-01;3.2500000e+01;7.2137490e-02;3.2500000e+01;3.3508413e-02;3.2500000e+01;-5.4145092e-03;3.2500000e+01;2.2919150e-03;3.2500000e+01;1.4447076e-02;3.2500000e+01;2.8757337e-02;3.2500000e+01;4.7713794e-02;3.2500000e+01;7.1731947e-02;3.2500000e+01;1.0587236e-01;3.2500000e+01;1.4795646e-01;3.2500000e+01;1.9216093e-01;3.2500000e+01;2.2432831e-01;3.2500000e+01;2.3819759e-01;3.2500000e+01;2.3593193e-01;3.2500000e+01;2.1820506e-01;3.2500000e+01;1.8953934e-01;3.2500000e+01;1.5234840e-01;3.2500000e+01;1.1154838e-01;3.2500000e+01;7.2137490e-02;3.2500000e+01;3.3508413e-02;3.2500000e+01;-5.4145092e-03;3.2500000e+01;2.2919150e-03;3.2500000e+01;1.4447076e-02;3.2500000e+01;2.8757337e-02;3.2500000e+01;4.7713794e-02;3.2500000e+01;7.1731947e-02;3.2500000e+01;1.0587236e-01;3.2500000e+01;1.4795646e-01;3.2500000e+01;1.9216093e-01;3.2500000e+01;2.2432831e-01;3.2500000e+01;2.3819759e-01;3.2500000e+01;2.3593193e-01;3.2500000e+01;2.1820506e-01;3.2500000e+01;1.8953934e-01;3.2500000e+01;1.5234840e-01;3.2500000e+01;1.1154838e-01;3.2500000e+01;7.2137490e-02;3.2500000e+01;3.3508413e-02;3.2500000e+01;-5.4145092e-03;3.2500000e+01;2.2919150e-03;3.2500000e+01;1.4447076e-02;3.2500000e+01;2.8757337e-02;3.2500000e+01;4.7713794e-02;3.2500000e+01;7.1731947e-02;3.2500000e+01;1.0587236e-01;3.2500000e+01;1.4795646e-01;3.2500000e+01;1.9216093e-01;3.2500000e+01;2.2432831e-01;3.2500000e+01;2.3819759e-01;3.2500000e+01;2.3593193e-01;3.2500000e+01;2.1820506e-01;3.2500000e+01;1.8953934e-01;3.2500000e+01;1.5234840e-01;3.2500000e+01;1.1154838e-01;3.2500000e+01;7.2137490e-02;3.2500000e+01;3.3508413e-02;3.2500000e+01;-5.4145092e-03;3.2500000e+01;2.2919150e-03;3.2500000e+01;1.4447076e-02;3.2500000e+01;2.8757337e-02;3.2500000e+01;4.7713794e-02;3.2500000e+01;7.1731947e-02;3.2500000e+01;1.0587236e-01;3.2500000e+01;1.4795646e-01;3.2500000e+01;1.9216093e-01;3.2500000e+01;2.2432831e-01;3.2500000e+01;2.3819759e-01;3.2500000e+01;2.3593193e-01;3.2500000e+01;2.1820506e-01;3.2500000e+01;1.8953934e-01;3.2500000e+01;1.5234840e-01;3.2500000e+01;1.1154838e-01;3.2500000e+01;7.2137490e-02;3.2500000e+01;3.3508413e-02;3.2500000e+01;-5.4145092e-03;3.2500000e+01;2.2919150e-03;3.2500000e+01;1.4447076e-02;3.2500000e+01;2.8757337e-02;3.2500000e+01;4.7713794e-02;3.2500000e+01;7.1731947e-02;3.2500000e+01;1.0587236e-01;3.2500000e+01;1.4795646e-01;3.2500000e+01;1.9216093e-01;3.2500000e+01;2.2432831e-01;3.2500000e+01;2.3819759e-01;3.2500000e+01;2.3593193e-01;3.2500000e+01;2.1820506e-01;3.2500000e+01;1.8953934e-01;3.2500000e+01;1.5234840e-01;3.2500000e+01;1.1154838e-01;3.2500000e+01;7.2137490e-02;3.2500000e+01;3.3508413e-02;3.2500000e+01;-5.4145092e-03;3.2500000e+01;2.2919150e-03;3.2500000e+01;1.4447076e-02;3.2500000e+01;2.8757337e-02;3.2500000e+01;4.7713794e-02;3.2500000e+01;7.1731947e-02;3.2500000e+01;1.0587236e-01;3.2500000e+01;1.4795646e-01;3.2500000e+01;1.9216093e-01;3.2500000e+01;2.2432831e-01;3.2500000e+01;2.3819759e-01;3.2500000e+01;2.3593193e-01;3.2500000e+01;2.1820506e-01;3.2500000e+01;1.8953934e-01;3.2500000e+01;1.5234840e-01;3.2500000e+01;1.1154838e-01;3.2500000e+01;7.2137490e-02;3.2500000e+01;3.3508413e-02;3.2500000e+01;-5.4145092e-03;3.2500000e+01;2.2919150e-03;3.2500000e+01;1.4447076e-02;3.2500000e+01;2.8757337e-02;3.2500000e+01;4.7713794e-02;3.2500000e+01;7.1731947e-02;3.2500000e+01;1.0587236e-01;3.2500000e+01;1.4795646e-01;3.2500000e+01;1.9216093e-01;3.2500000e+01;2.2432831e-01;3.2500000e+01;2.3819759e-01;3.2500000e+01;2.3593193e-01;3.2500000e+01;2.1820506e-01;3.2500000e+01;1.8953934e-01;3.2500000e+01;1.5234840e-01;3.2500000e+01;1.1154838e-01;3.2500000e+01;7.2137490e-02;3.2500000e+01;3.3508413e-02;3.2500000e+01;-5.4145092e-03;3.2500000e+01;2.2919150e-03;3.2500000e+01;1.4447076e-02;3.2500000e+01;2.8757337e-02;3.2500000e+01;4.7713794e-02;3.2500000e+01;7.1731947e-02;3.2500000e+01;1.0587236e-01;3.2500000e+01;1.4795646e-01;3.2500000e+01;1.9216093e-01;3.2500000e+01;2.2432831e-01;3.2500000e+01;2.3819759e-01;3.2500000e+01;2.3593193e-01;3.2500000e+01;2.1820506e-01;3.2500000e+01;1.8953934e-01;3.2500000e+01;1.5234840e-01;3.2500000e+01;1.1154838e-01;3.2500000e+01;7.2137490e-02;3.2500000e+01;3.3508413e-02;3.2500000e+01;-5.4145092e-03;3.2500000e+01;2.2919150e-03;3.2500000e+01;1.4447076e-02;3.2500000e+01;2.8757337e-02;3.2500000e+01;4.7713794e-02;3.2500000e+01;7.1731947e-02;3.2500000e+01;1.0587236e-01;3.2500000e+01;1.4795646e-01;3.2500000e+01;1.9216093e-01;3.2500000e+01;2.2432831e-01;3.2500000e+01;2.3819759e-01;3.2500000e+01;2.3593193e-01;3.2500000e+01;2.1820506e-01;3.2500000e+01;1.8953934e-01;3.2500000e+01;1.5234840e-01;3.2500000e+01;1.1154838e-01;3.2500000e+01;7.2137490e-02;3.2500000e+01;3.3508413e-02;3.2500000e+01;-5.4145092e-03;3.2500000e+01;2.2919150e-03;3.2500000e+01;1.4447076e-02;3.2500000e+01;2.8757337e-02;3.2500000e+01;4.7713794e-02;3.2500000e+01;7.1731947e-02;3.2500000e+01;1.0587236e-01;3.2500000e+01;1.4795646e-01;3.2500000e+01;1.9216093e-01;3.2500000e+01;2.2432831e-01;3.2500000e+01;2.3819759e-01;3.2500000e+01;2.3593193e-01;3.2500000e+01;2.1820506e-01;3.2500000e+01;1.8953934e-01;3.2500000e+01;1.5234840e-01;3.2500000e+01;1.1154838e-01;3.2500000e+01;7.2137490e-02;3.2500000e+01;3.3508413e-02;3.2500000e+01;-5.4145092e-03;3.2500000e+01;2.2919150e-03;3.2500000e+01;1.4447076e-02;3.2500000e+01;2.8757337e-02;3.2500000e+01;4.7713794e-02;3.2500000e+01;7.1731947e-02;3.2500000e+01;1.0587236e-01;3.2500000e+01;1.4795646e-01;3.2500000e+01;1.9216093e-01;3.2500000e+01;2.2432831e-01;3.2500000e+01;2.3819759e-01;3.2500000e+01;2.3593193e-01;3.2500000e+01;2.1820506e-01;3.2500000e+01;1.8953934e-01;3.2500000e+01;1.5234840e-01;3.2500000e+01;1.1154838e-01;3.2500000e+01;7.2137490e-02;3.2500000e+01;3.3508413e-02;3.2500000e+01;-5.4145092e-03;3.2500000e+01;2.2919150e-03;3.2500000e+01;1.4447076e-02;3.2500000e+01;2.8757337e-02;3.2500000e+01;4.7713794e-02;3.2500000e+01;7.1731947e-02;3.2500000e+01;1.0587236e-01;3.2500000e+01;1.4795646e-01;3.2500000e+01;1.9216093e-01;3.2500000e+01;2.2432831e-01;3.2500000e+01;2.3819759e-01;3.2500000e+01;2.3593193e-01;3.2500000e+01;2.1820506e-01;3.2500000e+01;1.8953934e-01;3.2500000e+01;1.5234840e-01;3.2500000e+01;1.1154838e-01;3.2500000e+01;7.2137490e-02;3.2500000e+01;3.3508413e-02;3.2500000e+01;-5.4145092e-03;3.2500000e+01;2.2919150e-03;3.2500000e+01;1.4447076e-02;3.2500000e+01;2.8757337e-02;3.2500000e+01;4.7713794e-02;3.2500000e+01;7.1731947e-02;3.2500000e+01;1.0587236e-01;3.2500000e+01;1.4795646e-01;3.2500000e+01;1.9216093e-01;3.2500000e+01;2.2432831e-01;3.2500000e+01;2.3819759e-01;3.2500000e+01;2.3593193e-01;3.2500000e+01;2.1820506e-01;3.2500000e+01;1.8953934e-01;3.2500000e+01;1.5234840e-01;3.2500000e+01;1.1154838e-01;3.2500000e+01;7.2137490e-02;3.2500000e+01;3.3508413e-02;3.2500000e+01;-5.4145092e-03;3.2500000e+01;2.2919150e-03;3.2500000e+01;1.4447076e-02;3.2500000e+01;2.8757337e-02;3.2500000e+01;4.7713794e-02;3.2500000e+01;7.1731947e-02;3.2500000e+01;1.0587236e-01;3.2500000e+01;1.4795646e-01;3.2500000e+01;1.9216093e-01;3.2500000e+01;2.2432831e-01;3.2500000e+01;2.3819759e-01;3.2500000e+01;2.3593193e-01;3.2500000e+01;2.1820506e-01;3.2500000e+01;1.8953934e-01;3.2500000e+01;1.5234840e-01;3.2500000e+01;1.1154838e-01;3.2500000e+01;7.2137490e-02;3.2500000e+01;3.3508413e-02;3.2500000e+01;-5.4145092e-03;3.2500000e+01;2.2919150e-03;3.2500000e+01;1.4447076e-02;3.2500000e+01;2.8757337e-02;3.2500000e+01;4.7713794e-02;3.2500000e+01;7.1731947e-02;3.2500000e+01;1.0587236e-01;3.2500000e+01;1.4795646e-01;3.2500000e+01;1.9216093e-01;3.2500000e+01;2.2432831e-01;3.2500000e+01;2.3819759e-01;3.2500000e+01;2.3593193e-01;3.2500000e+01;2.1820506e-01;3.2500000e+01;1.8953934e-01;3.2500000e+01;1.5234840e-01;3.2500000e+01;1.1154838e-01;3.2500000e+01;7.2137490e-02;3.2500000e+01;3.3508413e-02;3.2500000e+01;-5.4145092e-03;3.2500000e+01;2.2919150e-03;3.2500000e+01;1.4447076e-02;3.2500000e+01;2.8757337e-02;3.2500000e+01;4.7713794e-02;3.2500000e+01;7.1731947e-02;3.2500000e+01;1.0587236e-01;3.2500000e+01;1.4795646e-01;3.2500000e+01;1.9216093e-01;3.2500000e+01;2.2432831e-01;3.2500000e+01;2.3819759e-01;3.2500000e+01;2.3593193e-01;3.2500000e+01;2.1820506e-01;3.2500000e+01;1.8953934e-01;3.2500000e+01;1.5234840e-01;3.2500000e+01;1.1154838e-01;3.2500000e+01;7.2137490e-02;3.2500000e+01;3.3508413e-02;3.2500000e+01;-5.4145092e-03;3.2500000e+01;2.2919150e-03;3.2500000e+01;1.4447076e-02;3.2500000e+01;2.8757337e-02;3.2500000e+01;4.7713794e-02;3.2500000e+01;7.1731947e-02;3.2500000e+01;1.0587236e-01;3.2500000e+01;1.4795646e-01;3.2500000e+01;1.9216093e-01;3.2500000e+01;2.2432831e-01;3.2500000e+01;2.3819759e-01;3.2500000e+01;2.3593193e-01;3.2500000e+01;2.1820506e-01;3.2500000e+01;1.8953934e-01;3.2500000e+01;1.5234840e-01;3.2500000e+01;1.1154838e-01;3.2500000e+01;7.2137490e-02;3.2500000e+01;3.3508413e-02;3.2500000e+01;-5.4145092e-03;3.2500000e+01;2.2919150e-03;3.2500000e+01;1.4447076e-02;3.2500000e+01;2.8757337e-02;3.2500000e+01;4.7713794e-02;3.2500000e+01;7.1731947e-02;3.2500000e+01;1.0587236e-01;3.2500000e+01;1.4795646e-01;3.2500000e+01;1.9216093e-01;3.2500000e+01;2.2432831e-01;3.2500000e+01;2.3819759e-01;3.2500000e+01;2.3593193e-01;3.2500000e+01;2.1820506e-01;3.2500000e+01;1.8953934e-01;3.2500000e+01;1.5234840e-01;3.2500000e+01;1.1154838e-01;3.2500000e+01;7.2137490e-02;3.2500000e+01;3.3508413e-02;3.2500000e+01;-5.4145092e-03;3.2500000e+01;2.2919150e-03;3.2500000e+01;1.4447076e-02;3.2500000e+01;2.8757337e-02;3.2500000e+01;4.7713794e-02;3.2500000e+01;7.1731947e-02;3.2500000e+01;1.0587236e-01;3.2500000e+01;1.4795646e-01;3.2500000e+01;1.9216093e-01;3.2500000e+01;2.2432831e-01;3.2500000e+01;2.3819759e-01;3.2500000e+01;2.3593193e-01;3.2500000e+01;2.1820506e-01;3.2500000e+01;1.8953934e-01;3.2500000e+01;1.5234840e-01;3.2500000e+01;1.1154838e-01;3.2500000e+01;7.2137490e-02;3.2500000e+01;3.3508413e-02;3.2500000e+01;-5.4145092e-03;3.2500000e+01;2.2919150e-03;3.2500000e+01;1.4447076e-02;3.2500000e+01;2.8757337e-02;3.2500000e+01;4.7713794e-02;3.2500000e+01;7.1731947e-02;3.2500000e+01;1.0587236e-01;3.2500000e+01;1.4795646e-01;3.2500000e+01;1.9216093e-01;3.2500000e+01;2.2432831e-01;3.2500000e+01;2.3819759e-01;3.2500000e+01;2.3593193e-01;3.2500000e+01;2.1820506e-01;3.2500000e+01;1.8953934e-01;3.2500000e+01;1.5234840e-01;3.2500000e+01;1.1154838e-01;3.2500000e+01;7.2137490e-02;3.2500000e+01;3.3508413e-02;3.2500000e+01;-5.4145092e-03;3.2500000e+01;2.2919150e-03;3.2500000e+01;1.4447076e-02;3.2500000e+01;2.8757337e-02;3.2500000e+01;4.7713794e-02;3.2500000e+01;7.1731947e-02;3.2500000e+01;1.0587236e-01;3.2500000e+01;1.4795646e-01;3.2500000e+01;1.9216093e-01;3.2500000e+01;2.2432831e-01;3.2500000e+01;2.3819759e-01;3.2500000e+01;2.3593193e-01;3.2500000e+01;2.1820506e-01;3.2500000e+01;1.8953934e-01;3.2500000e+01;1.5234840e-01;3.2500000e+01;1.1154838e-01;3.2500000e+01;7.2137490e-02;3.2500000e+01;3.3508413e-02;3.2500000e+01;-5.4145092e-03;3.2500000e+01;2.2919150e-03;3.2500000e+01;1.4447076e-02;3.2500000e+01;2.8757337e-02;3.2500000e+01;4.7713794e-02;3.2500000e+01;7.1731947e-02;3.2500000e+01;1.0587236e-01;3.2500000e+01;1.4795646e-01;3.2500000e+01;1.9216093e-01;3.2500000e+01;2.2432831e-01;3.2500000e+01;2.3819759e-01;3.2500000e+01;2.3593193e-01;3.2500000e+01;2.1820506e-01;3.2500000e+01;1.8953934e-01;3.2500000e+01;1.5234840e-01;3.2500000e+01;1.1154838e-01;3.2500000e+01;7.2137490e-02;3.2500000e+01;3.3508413e-02;3.2500000e+01;-5.4145092e-03;3.2500000e+01;2.2919150e-03;3.2500000e+01;1.4447076e-02;3.2500000e+01;2.8757337e-02;3.2500000e+01;4.7713794e-02;3.2500000e+01;7.1731947e-02;3.2500000e+01;1.0587236e-01;3.2500000e+01;1.4795646e-01;3.2500000e+01;1.9216093e-01;3.2500000e+01;2.2432831e-01;3.2500000e+01;2.3819759e-01;3.2500000e+01;2.3593193e-01;3.2500000e+01;2.1820506e-01;3.2500000e+01;1.8953934e-01;3.2500000e+01;1.5234840e-01;3.2500000e+01;1.1154838e-01;3.2500000e+01;7.2137490e-02;3.2500000e+01;3.3508413e-02;3.2500000e+01;-5.4145092e-03;3.2500000e+01;2.2919150e-03;3.2500000e+01;1.4447076e-02;3.2500000e+01;2.8757337e-02;3.2500000e+01;4.7713794e-02;3.2500000e+01;7.1731947e-02;3.2500000e+01;1.0587236e-01;3.2500000e+01;1.4795646e-01;3.2500000e+01;1.9216093e-01;3.2500000e+01;2.2432831e-01;3.2500000e+01;2.3819759e-01;3.2500000e+01;2.3593193e-01;3.2500000e+01;2.1820506e-01;3.2500000e+01;1.8953934e-01;3.2500000e+01;1.5234840e-01;3.2500000e+01;1.1154838e-01;3.2500000e+01;7.2137490e-02;3.2500000e+01;3.3508413e-02;3.2500000e+01;-5.4145092e-03;3.2500000e+01;2.2919150e-03;3.2500000e+01;1.4447076e-02;3.2500000e+01;2.8757337e-02;3.2500000e+01;4.7713794e-02;3.2500000e+01;7.1731947e-02;3.2500000e+01;1.0587236e-01;3.2500000e+01;1.4795646e-01;3.2500000e+01;1.9216093e-01;3.2500000e+01;2.2432831e-01;3.2500000e+01;2.3819759e-01;3.2500000e+01;2.3593193e-01;3.2500000e+01;2.1820506e-01;3.2500000e+01;1.8953934e-01;3.2500000e+01;1.5234840e-01;3.2500000e+01;1.1154838e-01;3.2500000e+01;7.2137490e-02;3.2500000e+01;3.3508413e-02;3.2500000e+01;-5.4145092e-03;3.2500000e+01;2.2919150e-03;3.2500000e+01;1.4447076e-02;3.2500000e+01;2.8757337e-02;3.2500000e+01;4.7713794e-02;3.2500000e+01;7.1731947e-02;3.2500000e+01;1.0587236e-01;3.2500000e+01;1.4795646e-01;3.2500000e+01;1.9216093e-01;3.2500000e+01;2.2432831e-01;3.2500000e+01;2.3819759e-01;3.2500000e+01;2.3593193e-01;3.2500000e+01;2.1820506e-01;3.2500000e+01;1.8953934e-01;3.2500000e+01;1.5234840e-01;3.2500000e+01;1.1154838e-01;3.2500000e+01;7.2137490e-02;3.2500000e+01;3.3508413e-02;3.2500000e+01;-5.4145092e-03;3.2500000e+01;2.2919150e-03;3.2500000e+01;1.4447076e-02;3.2500000e+01;2.8757337e-02;3.2500000e+01;4.7713794e-02;3.2500000e+01;7.1731947e-02;3.2500000e+01;1.0587236e-01;3.2500000e+01;1.4795646e-01;3.2500000e+01;1.9216093e-01;3.2500000e+01;2.2432831e-01;3.2500000e+01;2.3819759e-01;3.2500000e+01;2.3593193e-01;3.2500000e+01;2.1820506e-01;3.2500000e+01;1.8953934e-01;3.2500000e+01;1.5234840e-01;3.2500000e+01;1.1154838e-01;3.2500000e+01;7.2137490e-02;3.2500000e+01;3.3508413e-02;3.2500000e+01;-5.4145092e-03;3.2500000e+01;2.2919150e-03;3.2500000e+01;1.4447076e-02;3.2500000e+01;2.8757337e-02;3.2500000e+01;4.7713794e-02;3.2500000e+01;7.1731947e-02;3.2500000e+01;1.0587236e-01;3.2500000e+01;1.4795646e-01;3.2500000e+01;1.9216093e-01;3.2500000e+01;2.2432831e-01;3.2500000e+01;2.3819759e-01;3.2500000e+01;2.3593193e-01;3.2500000e+01;2.1820506e-01;3.2500000e+01;1.8953934e-01;3.2500000e+01;1.5234840e-01;3.2500000e+01;1.1154838e-01;3.2500000e+01;7.2137490e-02;3.2500000e+01;3.3508413e-02;3.2500000e+01;-5.4145092e-03;3.2500000e+01;2.2919150e-03;3.2500000e+01;1.4447076e-02;3.2500000e+01;2.8757337e-02;3.2500000e+01;4.7713794e-02;3.2500000e+01;7.1731947e-02;3.2500000e+01;1.0587236e-01;3.2500000e+01;1.4795646e-01;3.2500000e+01;1.9216093e-01;3.2500000e+01;2.2432831e-01;3.2500000e+01;2.3819759e-01;3.2500000e+01;2.3593193e-01;3.2500000e+01;2.1820506e-01;3.2500000e+01;1.8953934e-01;3.2500000e+01;1.5234840e-01;3.2500000e+01;1.1154838e-01;3.2500000e+01;7.2137490e-02;3.2500000e+01;3.3508413e-02;3.2500000e+01;-5.4145092e-03;3.2500000e+01;2.2919150e-03;3.2500000e+01;1.4447076e-02;3.2500000e+01;2.8757337e-02;3.2500000e+01;4.7713794e-02;3.2500000e+01;7.1731947e-02;3.2500000e+01;1.0587236e-01;3.2500000e+01;1.4795646e-01;3.2500000e+01;1.9216093e-01;3.2500000e+01;2.2432831e-01;3.2500000e+01;2.3819759e-01;3.2500000e+01;2.3593193e-01;3.2500000e+01;2.1820506e-01;3.2500000e+01;1.8953934e-01;3.2500000e+01;1.5234840e-01;3.2500000e+01;1.1154838e-01;3.2500000e+01;7.2137490e-02;3.2500000e+01;3.3508413e-02;3.2500000e+01;-5.4145092e-03;3.2500000e+01;2.2919150e-03;3.2500000e+01;1.4447076e-02;3.2500000e+01;2.8757337e-02;3.2500000e+01;4.7713794e-02;3.2500000e+01;7.1731947e-02;3.2500000e+01;1.0587236e-01;3.2500000e+01;1.4795646e-01;3.2500000e+01;1.9216093e-01;3.2500000e+01;2.2432831e-01;3.2500000e+01;2.3819759e-01;3.2500000e+01;2.3593193e-01;3.2500000e+01;2.1820506e-01;3.2500000e+01;1.8953934e-01;3.2500000e+01;1.5234840e-01;3.2500000e+01;1.1154838e-01;3.2500000e+01;7.2137490e-02;3.2500000e+01;3.3508413e-02;3.2500000e+01;-5.4145092e-03;3.2500000e+01;2.2919150e-03;3.2500000e+01;1.4447076e-02;3.2500000e+01;2.8757337e-02;3.2500000e+01;4.7713794e-02;3.2500000e+01;7.1731947e-02;3.2500000e+01;1.0587236e-01;3.2500000e+01;1.4795646e-01;3.2500000e+01;1.9216093e-01;3.2500000e+01;2.2432831e-01;3.2500000e+01;2.3819759e-01;3.2500000e+01;2.3593193e-01;3.2500000e+01;2.1820506e-01;3.2500000e+01;1.8953934e-01;3.2500000e+01;1.5234840e-01;3.2500000e+01;1.1154838e-01;3.2500000e+01;7.2137490e-02;3.2500000e+01;3.3508413e-02;3.2500000e+01;-5.4145092e-03;3.2500000e+01;2.2919150e-03;3.2500000e+01;1.4447076e-02;3.2500000e+01;2.8757337e-02;3.2500000e+01;4.7713794e-02;3.2500000e+01;7.1731947e-02;3.2500000e+01;1.0587236e-01;3.2500000e+01;1.4795646e-01;3.2500000e+01;1.9216093e-01;3.2500000e+01;2.2432831e-01;3.2500000e+01;2.3819759e-01;3.2500000e+01;2.3593193e-01;3.2500000e+01;2.1820506e-01;3.2500000e+01;1.8953934e-01;3.2500000e+01;1.5234840e-01;3.2500000e+01;1.1154838e-01;3.2500000e+01;7.2137490e-02;3.2500000e+01;3.3508413e-02;3.2500000e+01;-5.4145092e-03;3.2500000e+01;2.2919150e-03;3.2500000e+01;1.4447076e-02;3.2500000e+01;2.8757337e-02;3.2500000e+01;4.7713794e-02;3.2500000e+01;7.1731947e-02;3.2500000e+01;1.0587236e-01;3.2500000e+01;1.4795646e-01;3.2500000e+01;1.9216093e-01;3.2500000e+01;2.2432831e-01;3.2500000e+01;2.3819759e-01;3.2500000e+01;2.3593193e-01;3.2500000e+01;2.1820506e-01;3.2500000e+01;1.8953934e-01;3.2500000e+01;1.5234840e-01;3.2500000e+01;1.1154838e-01;3.2500000e+01;7.2137490e-02;3.2500000e+01;3.3508413e-02;3.2500000e+01;-5.4145092e-03;3.2500000e+01;2.2919150e-03;3.2500000e+01;1.4447076e-02;3.2500000e+01;2.8757337e-02;3.2500000e+01;4.7713794e-02;3.2500000e+01;7.1731947e-02;3.2500000e+01;1.0587236e-01;3.2500000e+01;1.4795646e-01;3.2500000e+01;1.9216093e-01;3.2500000e+01;2.2432831e-01;3.2500000e+01;2.3819759e-01;3.2500000e+01;2.3593193e-01;3.2500000e+01;2.1820506e-01;3.2500000e+01;1.8953934e-01;3.2500000e+01;1.5234840e-01;3.2500000e+01;1.1154838e-01;3.2500000e+01;7.2137490e-02;3.2500000e+01;3.3508413e-02;3.2500000e+01;-5.4145092e-03;3.2500000e+01;2.2919150e-03;3.2500000e+01;1.4447076e-02;3.2500000e+01;2.8757337e-02;3.2500000e+01;4.7713794e-02;3.2500000e+01;7.1731947e-02;3.2500000e+01;1.0587236e-01;3.2500000e+01;1.4795646e-01;3.2500000e+01;1.9216093e-01;3.2500000e+01;2.2432831e-01;3.2500000e+01;2.3819759e-01;3.2500000e+01;2.3593193e-01;3.2500000e+01;2.1820506e-01;3.2500000e+01;1.8953934e-01;3.2500000e+01;1.5234840e-01;3.2500000e+01;1.1154838e-01;3.2500000e+01;7.2137490e-02;3.2500000e+01;3.3508413e-02;3.2500000e+01;-5.4145092e-03;3.2500000e+01;2.2919150e-03;3.2500000e+01;1.4447076e-02;3.2500000e+01;2.8757337e-02;3.2500000e+01;4.7713794e-02;3.2500000e+01;7.1731947e-02;3.2500000e+01;1.0587236e-01;3.2500000e+01;1.4795646e-01;3.2500000e+01;1.9216093e-01;3.2500000e+01;2.2432831e-01;3.2500000e+01;2.3819759e-01;3.2500000e+01;2.3593193e-01;3.2500000e+01;2.1820506e-01;3.2500000e+01;1.8953934e-01;3.2500000e+01;1.5234840e-01;3.2500000e+01;1.1154838e-01;3.2500000e+01;7.2137490e-02;3.2500000e+01;3.3508413e-02;3.2500000e+01;-5.4145092e-03;3.2500000e+01;2.2919150e-03;3.2500000e+01;1.4447076e-02;3.2500000e+01;2.8757337e-02;3.2500000e+01;4.7713794e-02;3.2500000e+01;7.1731947e-02;3.2500000e+01;1.0587236e-01;3.2500000e+01;1.4795646e-01;3.2500000e+01;1.9216093e-01;3.2500000e+01;2.2432831e-01;3.2500000e+01;2.3819759e-01;3.2500000e+01;2.3593193e-01;3.2500000e+01;2.1820506e-01;3.2500000e+01;1.8953934e-01;3.2500000e+01;1.5234840e-01;3.2500000e+01;1.1154838e-01;3.2500000e+01;7.2137490e-02;3.2500000e+01;3.3508413e-02;3.2500000e+01;-5.4145092e-03;3.2500000e+01;2.2919150e-03;3.2500000e+01;1.4447076e-02;3.2500000e+01;2.8757337e-02;3.2500000e+01;4.7713794e-02;3.2500000e+01;7.1731947e-02;3.2500000e+01;1.0587236e-01;3.2500000e+01;1.4795646e-01;3.2500000e+01;1.9216093e-01;3.2500000e+01;2.2432831e-01;3.2500000e+01;2.3819759e-01;3.2500000e+01;2.3593193e-01;3.2500000e+01;2.1820506e-01;3.2500000e+01;1.8953934e-01;3.2500000e+01;1.5234840e-01;3.2500000e+01;1.1154838e-01;3.2500000e+01;7.2137490e-02;3.2500000e+01;3.3508413e-02;3.2500000e+01;-5.4145092e-03;3.2500000e+01;2.2919150e-03;3.2500000e+01;1.4447076e-02;3.2500000e+01;2.8757337e-02;3.2500000e+01;4.7713794e-02;3.2500000e+01;7.1731947e-02;3.2500000e+01;1.0587236e-01;3.2500000e+01;1.4795646e-01;3.2500000e+01;1.9216093e-01;3.2500000e+01;2.2432831e-01;3.2500000e+01;2.3819759e-01;3.2500000e+01;2.3593193e-01;3.2500000e+01;2.1820506e-01;3.2500000e+01;1.8953934e-01;3.2500000e+01;1.5234840e-01;3.2500000e+01;1.1154838e-01;3.2500000e+01;7.2137490e-02;3.2500000e+01;3.3508413e-02;3.2500000e+01;-5.4145092e-03;3.2500000e+01;2.2919150e-03;3.2500000e+01;1.4447076e-02;3.2500000e+01;2.8757337e-02;3.2500000e+01;4.7713794e-02;3.2500000e+01;7.1731947e-02;3.2500000e+01;1.0587236e-01;3.2500000e+01;1.4795646e-01;3.2500000e+01;1.9216093e-01;3.2500000e+01;2.2432831e-01;3.2500000e+01;2.3819759e-01;3.2500000e+01;2.3593193e-01;3.2500000e+01;2.1820506e-01;3.2500000e+01;1.8953934e-01;3.2500000e+01;1.5234840e-01;3.2500000e+01;1.1154838e-01;3.2500000e+01;7.2137490e-02;3.2500000e+01;3.3508413e-02;3.2500000e+01;-5.4145092e-03;3.2500000e+01;2.2919150e-03;3.2500000e+01;1.4447076e-02;3.2500000e+01;2.8757337e-02;3.2500000e+01;4.7713794e-02;3.2500000e+01;7.1731947e-02;3.2500000e+01;1.0587236e-01;3.2500000e+01;1.4795646e-01;3.2500000e+01;1.9216093e-01;3.2500000e+01;2.2432831e-01;3.2500000e+01;2.3819759e-01;3.2500000e+01;2.3593193e-01;3.2500000e+01;2.1820506e-01;3.2500000e+01;1.8953934e-01;3.2500000e+01;1.5234840e-01;3.2500000e+01;1.1154838e-01;3.2500000e+01;7.2137490e-02;3.2500000e+01;3.3508413e-02;3.2500000e+01;-5.4145092e-03;3.2500000e+01;2.2919150e-03;3.2500000e+01;1.4447076e-02;3.2500000e+01;2.8757337e-02;3.2500000e+01;4.7713794e-02;3.2500000e+01;7.1731947e-02;3.2500000e+01;1.0587236e-01;3.2500000e+01;1.4795646e-01;3.2500000e+01;1.9216093e-01;3.2500000e+01;2.2432831e-01;3.2500000e+01;2.3819759e-01;3.2500000e+01;2.3593193e-01;3.2500000e+01;2.1820506e-01;3.2500000e+01;1.8953934e-01;3.2500000e+01;1.5234840e-01;3.2500000e+01;1.1154838e-01;3.2500000e+01;7.2137490e-02;3.2500000e+01;3.3508413e-02;3.2500000e+01;-5.4145092e-03;3.2500000e+01;2.2919150e-03;3.2500000e+01;1.4447076e-02;3.2500000e+01;2.8757337e-02;3.2500000e+01;4.7713794e-02;3.2500000e+01;7.1731947e-02;3.2500000e+01;1.0587236e-01;3.2500000e+01;1.4795646e-01;3.2500000e+01;1.9216093e-01;3.2500000e+01;2.2432831e-01;3.2500000e+01;2.3819759e-01;3.2500000e+01;2.3593193e-01;3.2500000e+01;2.1820506e-01;3.2500000e+01;1.8953934e-01;3.2500000e+01;1.5234840e-01;3.2500000e+01;1.1154838e-01;3.2500000e+01;7.2137490e-02;3.2500000e+01;3.3508413e-02;3.2500000e+01;-5.4145092e-03;3.2500000e+01;2.2919150e-03;3.2500000e+01;1.4447076e-02;3.2500000e+01;2.8757337e-02;3.2500000e+01;4.7713794e-02;3.2500000e+01;7.1731947e-02;3.2500000e+01;1.0587236e-01;3.2500000e+01;1.4795646e-01;3.2500000e+01;1.9216093e-01;3.2500000e+01;2.2432831e-01;3.2500000e+01;2.3819759e-01;3.2500000e+01;2.3593193e-01;3.2500000e+01;2.1820506e-01;3.2500000e+01;1.8953934e-01;3.2500000e+01;1.5234840e-01;3.2500000e+01;1.1154838e-01;3.2500000e+01;7.2137490e-02;3.2500000e+01;3.3508413e-02;3.2500000e+01;-5.4145092e-03;3.2500000e+01;2.2919150e-03;3.2500000e+01;1.4447076e-02;3.2500000e+01;2.8757337e-02;3.2500000e+01;4.7713794e-02;3.2500000e+01;7.1731947e-02;3.2500000e+01;1.0587236e-01;3.2500000e+01;1.4795646e-01;3.2500000e+01;1.9216093e-01;3.2500000e+01;2.2432831e-01;3.2500000e+01;2.3819759e-01;3.2500000e+01;2.3593193e-01;3.2500000e+01;2.1820506e-01;3.2500000e+01;1.8953934e-01;3.2500000e+01;1.5234840e-01;3.2500000e+01;1.1154838e-01;3.2500000e+01;7.2137490e-02;3.2500000e+01;3.3508413e-02;3.2500000e+01;-5.4145092e-03;3.2500000e+01;2.2919150e-03;3.2500000e+01;1.4447076e-02;3.2500000e+01;2.8757337e-02;3.2500000e+01;4.7713794e-02;3.2500000e+01;7.1731947e-02;3.2500000e+01;1.0587236e-01;3.2500000e+01;1.4795646e-01;3.2500000e+01;1.9216093e-01;3.2500000e+01;2.2432831e-01;3.2500000e+01;2.3819759e-01;3.2500000e+01;2.3593193e-01;3.2500000e+01;2.1820506e-01;3.2500000e+01;1.8953934e-01;3.2500000e+01;1.5234840e-01;3.2500000e+01;1.1154838e-01;3.2500000e+01;7.2137490e-02;3.2500000e+01;3.3508413e-02;3.2500000e+01;-5.4145092e-03;3.2500000e+01;2.2919150e-03;3.2500000e+01;1.4447076e-02;3.2500000e+01;2.8757337e-02;3.2500000e+01;4.7713794e-02;3.2500000e+01;7.1731947e-02;3.2500000e+01;1.0587236e-01;3.2500000e+01;1.4795646e-01;3.2500000e+01;1.9216093e-01;3.2500000e+01;2.2432831e-01;3.2500000e+01;2.3819759e-01;3.2500000e+01;2.3593193e-01;3.2500000e+01;2.1820506e-01;3.2500000e+01;1.8953934e-01;3.2500000e+01;1.5234840e-01;3.2500000e+01;1.1154838e-01;3.2500000e+01;7.2137490e-02;3.2500000e+01;3.3508413e-02;3.2500000e+01;-5.4145092e-03;3.2500000e+01;2.2919150e-03;3.2500000e+01;1.4447076e-02;3.2500000e+01;2.8757337e-02;3.2500000e+01;4.7713794e-02;3.2500000e+01;7.1731947e-02;3.2500000e+01;1.0587236e-01;3.2500000e+01;1.4795646e-01;3.2500000e+01;1.9216093e-01;3.2500000e+01;2.2432831e-01;3.2500000e+01;2.3819759e-01;3.2500000e+01;2.3593193e-01;3.2500000e+01;2.1820506e-01;3.2500000e+01;1.8953934e-01;3.2500000e+01;1.5234840e-01;3.2500000e+01;1.1154838e-01;3.2500000e+01;7.2137490e-02;3.2500000e+01;3.3508413e-02;3.2500000e+01;-5.4145092e-03;3.2500000e+01;2.2919150e-03;3.2500000e+01;1.4447076e-02;3.2500000e+01;2.8757337e-02;3.2500000e+01;4.7713794e-02;3.2500000e+01;7.1731947e-02;3.2500000e+01;1.0587236e-01;3.2500000e+01;1.4795646e-01;3.2500000e+01;1.9216093e-01;3.2500000e+01;2.2432831e-01;3.2500000e+01;2.3819759e-01;3.2500000e+01;2.3593193e-01;3.2500000e+01;2.1820506e-01;3.2500000e+01;1.8953934e-01;3.2500000e+01;1.5234840e-01;3.2500000e+01;1.1154838e-01;3.2500000e+01;7.2137490e-02;3.2500000e+01;3.3508413e-02;3.2500000e+01;-5.4145092e-03;3.2500000e+01;2.2919150e-03;3.2500000e+01;1.4447076e-02;3.2500000e+01;2.8757337e-02;3.2500000e+01;4.7713794e-02;3.2500000e+01;7.1731947e-02;3.2500000e+01;1.0587236e-01;3.2500000e+01;1.4795646e-01;3.2500000e+01;1.9216093e-01;3.2500000e+01;2.2432831e-01;3.2500000e+01;2.3819759e-01;3.2500000e+01;2.3593193e-01;3.2500000e+01;2.1820506e-01;3.2500000e+01;1.8953934e-01;3.2500000e+01;1.5234840e-01;3.2500000e+01;1.1154838e-01;3.2500000e+01;7.2137490e-02;3.2500000e+01;3.3508413e-02;3.2500000e+01;-5.4145092e-03;3.2500000e+01;2.2919150e-03;3.2500000e+01;1.4447076e-02;3.2500000e+01;2.8757337e-02;3.2500000e+01;4.7713794e-02;3.2500000e+01;7.1731947e-02;3.2500000e+01;1.0587236e-01;3.2500000e+01;1.4795646e-01;3.2500000e+01;1.9216093e-01;3.2500000e+01;2.2432831e-01;3.2500000e+01;2.3819759e-01;3.2500000e+01;2.3593193e-01;3.2500000e+01;2.1820506e-01;3.2500000e+01;1.8953934e-01;3.2500000e+01;1.5234840e-01;3.2500000e+01;1.1154838e-01;3.2500000e+01;7.2137490e-02;3.2500000e+01;3.3508413e-02;3.2500000e+01;-5.4145092e-03;3.2500000e+01;2.2919150e-03;3.2500000e+01;1.4447076e-02;3.2500000e+01;2.8757337e-02;3.2500000e+01;4.7713794e-02;3.2500000e+01;7.1731947e-02;3.2500000e+01;1.0587236e-01;3.2500000e+01;1.4795646e-01;3.2500000e+01;1.9216093e-01;3.2500000e+01;2.2432831e-01;3.2500000e+01;2.3819759e-01;3.2500000e+01;2.3593193e-01;3.2500000e+01;2.1820506e-01;3.2500000e+01;1.8953934e-01;3.2500000e+01;1.5234840e-01;3.2500000e+01;1.1154838e-01;3.2500000e+01;7.2137490e-02;3.2500000e+01;3.3508413e-02;3.2500000e+01;-5.4145092e-03;3.2500000e+01;2.2919150e-03;3.2500000e+01;1.4447076e-02;3.2500000e+01;2.8757337e-02;3.2500000e+01;4.7713794e-02;3.2500000e+01;7.1731947e-02;3.2500000e+01;1.0587236e-01;3.2500000e+01;1.4795646e-01;3.2500000e+01;1.9216093e-01;3.2500000e+01;2.2432831e-01;3.2500000e+01;2.3819759e-01;3.2500000e+01;2.3593193e-01;3.2500000e+01;2.1820506e-01;3.2500000e+01;1.8953934e-01;3.2500000e+01;1.5234840e-01;3.2500000e+01;1.1154838e-01;3.2500000e+01;7.2137490e-02;3.2500000e+01;3.3508413e-02;3.2500000e+01;-5.4145092e-03;3.2500000e+01;2.2919150e-03;3.2500000e+01;1.4447076e-02;3.2500000e+01;2.8757337e-02;3.2500000e+01;4.7713794e-02;3.2500000e+01;7.1731947e-02;3.2500000e+01;1.0587236e-01;3.2500000e+01;1.4795646e-01;3.2500000e+01;1.9216093e-01;3.2500000e+01;2.2432831e-01;3.2500000e+01;2.3819759e-01;3.2500000e+01;2.3593193e-01;3.2500000e+01;2.1820506e-01;3.2500000e+01;1.8953934e-01;3.2500000e+01;1.5234840e-01;3.2500000e+01;1.1154838e-01;3.2500000e+01;7.2137490e-02;3.2500000e+01;3.3508413e-02;3.2500000e+01;-5.4145092e-03;3.2500000e+01;2.2919150e-03;3.2500000e+01;1.4447076e-02;3.2500000e+01;2.8757337e-02;3.2500000e+01;4.7713794e-02;3.2500000e+01;7.1731947e-02;3.2500000e+01;1.0587236e-01;3.2500000e+01;1.4795646e-01;3.2500000e+01;1.9216093e-01;3.2500000e+01;2.2432831e-01;3.2500000e+01;2.3819759e-01;3.2500000e+01;2.3593193e-01;3.2500000e+01;2.1820506e-01;3.2500000e+01;1.8953934e-01;3.2500000e+01;1.5234840e-01;3.2500000e+01;1.1154838e-01;3.2500000e+01;7.2137490e-02;3.2500000e+01;3.3508413e-02;3.2500000e+01;-5.4145092e-03;3.2500000e+01;2.2919150e-03;3.2500000e+01;1.4447076e-02;3.2500000e+01;2.8757337e-02;3.2500000e+01;4.7713794e-02;3.2500000e+01;7.1731947e-02;3.2500000e+01;1.0587236e-01;3.2500000e+01;1.4795646e-01;3.2500000e+01;1.9216093e-01;3.2500000e+01;2.2432831e-01;3.2500000e+01;2.3819759e-01;3.2500000e+01;2.3593193e-01;3.2500000e+01;2.1820506e-01;3.2500000e+01;1.8953934e-01;3.2500000e+01;1.5234840e-01;3.2500000e+01;1.1154838e-01;3.2500000e+01;7.2137490e-02;3.2500000e+01;3.3508413e-02;3.2500000e+01;-5.4145092e-03;3.2500000e+01;2.2919150e-03;3.2500000e+01;1.4447076e-02;3.2500000e+01;2.8757337e-02;3.2500000e+01;4.7713794e-02;3.2500000e+01;7.1731947e-02;3.2500000e+01;1.0587236e-01;3.2500000e+01;1.4795646e-01;3.2500000e+01;1.9216093e-01;3.2500000e+01;2.2432831e-01;3.2500000e+01;2.3819759e-01;3.2500000e+01;2.3593193e-01;3.2500000e+01;2.1820506e-01;3.2500000e+01;1.8953934e-01;3.2500000e+01;1.5234840e-01;3.2500000e+01;1.1154838e-01;3.2500000e+01;7.2137490e-02;3.2500000e+01;3.3508413e-02;3.2500000e+01;-5.4145092e-03;3.2500000e+01;2.2919150e-03;3.2500000e+01;1.4447076e-02;3.2500000e+01;2.8757337e-02;3.2500000e+01;4.7713794e-02;3.2500000e+01;7.1731947e-02;3.2500000e+01;1.0587236e-01;3.2500000e+01;1.4795646e-01;3.2500000e+01;1.9216093e-01;3.2500000e+01;2.2432831e-01;3.2500000e+01;2.3819759e-01;3.2500000e+01;2.3593193e-01;3.2500000e+01;2.1820506e-01;3.2500000e+01;1.8953934e-01;3.2500000e+01;1.5234840e-01;3.2500000e+01;1.1154838e-01;3.2500000e+01;7.2137490e-02;3.2500000e+01;3.3508413e-02;3.2500000e+01;-5.4145092e-03;3.2500000e+01;2.2919150e-03;3.2500000e+01;1.4447076e-02;3.2500000e+01;2.8757337e-02;3.2500000e+01;4.7713794e-02;3.2500000e+01;7.1731947e-02;3.2500000e+01;1.0587236e-01;3.2500000e+01;1.4795646e-01;3.2500000e+01;1.9216093e-01;3.2500000e+01;2.2432831e-01;3.2500000e+01;2.3819759e-01;3.2500000e+01;2.3593193e-01;3.2500000e+01;2.1820506e-01;3.2500000e+01;1.8953934e-01;3.2500000e+01;1.5234840e-01;3.2500000e+01;1.1154838e-01;3.2500000e+01;7.2137490e-02;3.2500000e+01;3.3508413e-02;3.2500000e+01;-5.4145092e-03;3.2500000e+01;2.2919150e-03;3.2500000e+01;1.4447076e-02;3.2500000e+01;2.8757337e-02;3.2500000e+01;4.7713794e-02;3.2500000e+01;7.1731947e-02;3.2500000e+01;1.0587236e-01;3.2500000e+01;1.4795646e-01;3.2500000e+01;1.9216093e-01;3.2500000e+01;2.2432831e-01;3.2500000e+01;2.3819759e-01;3.2500000e+01;2.3593193e-01;3.2500000e+01;2.1820506e-01;3.2500000e+01;1.8953934e-01;3.2500000e+01;1.5234840e-01;3.2500000e+01;1.1154838e-01;3.2500000e+01;7.2137490e-02;3.2500000e+01;3.3508413e-02;3.2500000e+01;-5.4145092e-03;3.2500000e+01;2.2919150e-03;3.2500000e+01;1.4447076e-02;3.2500000e+01;2.8757337e-02;3.2500000e+01;4.7713794e-02;3.2500000e+01;7.1731947e-02;3.2500000e+01;1.0587236e-01;3.2500000e+01;1.4795646e-01;3.2500000e+01;1.9216093e-01;3.2500000e+01;2.2432831e-01;3.2500000e+01;2.3819759e-01;3.2500000e+01;2.3593193e-01;3.2500000e+01;2.1820506e-01;3.2500000e+01;1.8953934e-01;3.2500000e+01;1.5234840e-01;3.2500000e+01;1.1154838e-01;3.2500000e+01;7.2137490e-02;3.2500000e+01;3.3508413e-02;3.2500000e+01;-5.4145092e-03;3.2500000e+01;2.2919150e-03;3.2500000e+01;1.4447076e-02;3.2500000e+01;2.8757337e-02;3.2500000e+01;4.7713794e-02;3.2500000e+01;7.1731947e-02;3.2500000e+01;1.0587236e-01;3.2500000e+01;1.4795646e-01;3.2500000e+01;1.9216093e-01;3.2500000e+01;2.2432831e-01;3.2500000e+01;2.3819759e-01;3.2500000e+01;2.3593193e-01;3.2500000e+01;2.1820506e-01;3.2500000e+01;1.8953934e-01;3.2500000e+01;1.5234840e-01;3.2500000e+01;1.1154838e-01;3.2500000e+01;7.2137490e-02;3.2500000e+01;3.3508413e-02;3.2500000e+01;-5.4145092e-03;3.2500000e+01;2.2919150e-03;3.2500000e+01;1.4447076e-02;3.2500000e+01;2.8757337e-02;3.2500000e+01;4.7713794e-02;3.2500000e+01;7.1731947e-02;3.2500000e+01;1.0587236e-01;3.2500000e+01;1.4795646e-01;3.2500000e+01;1.9216093e-01;3.2500000e+01;2.2432831e-01;3.2500000e+01;2.3819759e-01;3.2500000e+01;2.3593193e-01;3.2500000e+01;2.1820506e-01;3.2500000e+01;1.8953934e-01;3.2500000e+01;1.5234840e-01;3.2500000e+01;1.1154838e-01;3.2500000e+01;7.2137490e-02;3.2500000e+01;3.3508413e-02;3.2500000e+01;-5.4145092e-03;3.2500000e+01;2.2919150e-03;3.2500000e+01;1.4447076e-02;3.2500000e+01;2.8757337e-02;3.2500000e+01;4.7713794e-02;3.2500000e+01;7.1731947e-02;3.2500000e+01;1.0587236e-01;3.2500000e+01;1.4795646e-01;3.2500000e+01;1.9216093e-01;3.2500000e+01;2.2432831e-01;3.2500000e+01;2.3819759e-01;3.2500000e+01;2.3593193e-01;3.2500000e+01;2.1820506e-01;3.2500000e+01;1.8953934e-01;3.2500000e+01;1.5234840e-01;3.2500000e+01;1.1154838e-01;3.2500000e+01;7.2137490e-02;3.2500000e+01;3.3508413e-02;3.2500000e+01;-5.4145092e-03;3.2500000e+01;2.2919150e-03;3.2500000e+01;1.4447076e-02;3.2500000e+01;2.8757337e-02;3.2500000e+01;4.7713794e-02;3.2500000e+01;7.1731947e-02;3.2500000e+01;1.0587236e-01;3.2500000e+01;1.4795646e-01;3.2500000e+01;1.9216093e-01;3.2500000e+01;2.2432831e-01;3.2500000e+01;2.3819759e-01;3.2500000e+01;2.3593193e-01;3.2500000e+01;2.1820506e-01;3.2500000e+01;1.8953934e-01;3.2500000e+01;1.5234840e-01;3.2500000e+01;1.1154838e-01;3.2500000e+01;7.2137490e-02;3.2500000e+01;3.3508413e-02;3.2500000e+01;-5.4145092e-03;3.2500000e+01;2.2919150e-03;3.2500000e+01;1.4447076e-02;3.2500000e+01;2.8757337e-02;3.2500000e+01;4.7713794e-02;3.2500000e+01;7.1731947e-02;3.2500000e+01;1.0587236e-01;3.2500000e+01;1.4795646e-01;3.2500000e+01;1.9216093e-01;3.2500000e+01;2.2432831e-01;3.2500000e+01;2.3819759e-01;3.2500000e+01;2.3593193e-01;3.2500000e+01;2.1820506e-01;3.2500000e+01;1.8953934e-01;3.2500000e+01;1.5234840e-01;3.2500000e+01;1.1154838e-01;3.2500000e+01;7.2137490e-02;3.2500000e+01;3.3508413e-02;3.2500000e+01;-5.4145092e-03;3.2500000e+01;2.2919150e-03;3.2500000e+01;1.4447076e-02;3.2500000e+01;2.8757337e-02;3.2500000e+01;4.7713794e-02;3.2500000e+01;7.1731947e-02;3.2500000e+01;1.0587236e-01;3.2500000e+01;1.4795646e-01;3.2500000e+01;1.9216093e-01;3.2500000e+01;2.2432831e-01;3.2500000e+01;2.3819759e-01;3.2500000e+01;2.3593193e-01;3.2500000e+01;2.1820506e-01;3.2500000e+01;1.8953934e-01;3.2500000e+01;1.5234840e-01;3.2500000e+01;1.1154838e-01;3.2500000e+01;7.2137490e-02;3.2500000e+01;3.3508413e-02;3.2500000e+01;-5.4145092e-03;3.2500000e+01;2.2919150e-03;3.2500000e+01;1.4447076e-02;3.2500000e+01;2.8757337e-02;3.2500000e+01;4.7713794e-02;3.2500000e+01;7.1731947e-02;3.2500000e+01;1.0587236e-01;3.2500000e+01;1.4795646e-01;3.2500000e+01;1.9216093e-01;3.2500000e+01;2.2432831e-01;3.2500000e+01;2.3819759e-01;3.2500000e+01;2.3593193e-01;3.2500000e+01;2.1820506e-01;3.2500000e+01;1.8953934e-01;3.2500000e+01;1.5234840e-01;3.2500000e+01;1.1154838e-01;3.2500000e+01;7.2137490e-02;3.2500000e+01;3.3508413e-02;3.2500000e+01;-5.4145092e-03;3.2500000e+01;2.2919150e-03;3.2500000e+01;1.4447076e-02;3.2500000e+01;2.8757337e-02;3.2500000e+01;4.7713794e-02;3.2500000e+01;7.1731947e-02;3.2500000e+01;1.0587236e-01;3.2500000e+01;1.4795646e-01;3.2500000e+01;1.9216093e-01;3.2500000e+01;2.2432831e-01;3.2500000e+01;2.3819759e-01;3.2500000e+01;2.3593193e-01;3.2500000e+01;2.1820506e-01;3.2500000e+01;1.8953934e-01;3.2500000e+01;1.5234840e-01;3.2500000e+01;1.1154838e-01;3.2500000e+01;7.2137490e-02;3.2500000e+01;3.3508413e-02;3.2500000e+01;-5.4145092e-03;3.2500000e+01;2.2919150e-03;3.2500000e+01;1.4447076e-02;3.2500000e+01;2.8757337e-02;3.2500000e+01;4.7713794e-02;3.2500000e+01;7.1731947e-02;3.2500000e+01;1.0587236e-01;3.2500000e+01;1.4795646e-01;3.2500000e+01;1.9216093e-01;3.2500000e+01;2.2432831e-01;3.2500000e+01;2.3819759e-01;3.2500000e+01;2.3593193e-01;3.2500000e+01;2.1820506e-01;3.2500000e+01;1.8953934e-01;3.2500000e+01;1.5234840e-01;3.2500000e+01;1.1154838e-01;3.2500000e+01;7.2137490e-02;3.2500000e+01;3.3508413e-02;3.2500000e+01;-5.4145092e-03;3.2500000e+01;2.2919150e-03;3.2500000e+01;1.4447076e-02;3.2500000e+01;2.8757337e-02;3.2500000e+01;4.7713794e-02;3.2500000e+01;7.1731947e-02;3.2500000e+01;1.0587236e-01;3.2500000e+01;1.4795646e-01;3.2500000e+01;1.9216093e-01;3.2500000e+01;2.2432831e-01;3.2500000e+01;2.3819759e-01;3.2500000e+01;2.3593193e-01;3.2500000e+01;2.1820506e-01;3.2500000e+01;1.8953934e-01;3.2500000e+01;1.5234840e-01;3.2500000e+01;1.1154838e-01;3.2500000e+01;7.2137490e-02;3.2500000e+01;3.3508413e-02;3.2500000e+01;-5.4145092e-03;3.2500000e+01;2.2919150e-03;3.2500000e+01;1.4447076e-02;3.2500000e+01;2.8757337e-02;3.2500000e+01;4.7713794e-02;3.2500000e+01;7.1731947e-02;3.2500000e+01;1.0587236e-01;3.2500000e+01;1.4795646e-01;3.2500000e+01;1.9216093e-01;3.2500000e+01;2.2432831e-01;3.2500000e+01;2.3819759e-01;3.2500000e+01;2.3593193e-01;3.2500000e+01;2.1820506e-01;3.2500000e+01;1.8953934e-01;3.2500000e+01;1.5234840e-01;3.2500000e+01;1.1154838e-01;3.2500000e+01;7.2137490e-02;3.2500000e+01;3.3508413e-02;3.2500000e+01;-5.4145092e-03;3.2500000e+01;2.2919150e-03;3.2500000e+01;1.4447076e-02;3.2500000e+01;2.8757337e-02;3.2500000e+01;4.7713794e-02;3.2500000e+01;7.1731947e-02;3.2500000e+01;1.0587236e-01;3.2500000e+01;1.4795646e-01;3.2500000e+01;1.9216093e-01;3.2500000e+01;2.2432831e-01;3.2500000e+01;2.3819759e-01;3.2500000e+01;2.3593193e-01;3.2500000e+01;2.1820506e-01;3.2500000e+01;1.8953934e-01;3.2500000e+01;1.5234840e-01;3.2500000e+01;1.1154838e-01;3.2500000e+01;7.2137490e-02;3.2500000e+01;3.3508413e-02;3.2500000e+01;-5.4145092e-03;3.2500000e+01;2.2919150e-03;3.2500000e+01;1.4447076e-02;3.2500000e+01;2.8757337e-02;3.2500000e+01;4.7713794e-02;3.2500000e+01;7.1731947e-02;3.2500000e+01;1.0587236e-01;3.2500000e+01;1.4795646e-01;3.2500000e+01;1.9216093e-01;3.2500000e+01;2.2432831e-01;3.2500000e+01;2.3819759e-01;3.2500000e+01;2.3593193e-01;3.2500000e+01;2.1820506e-01;3.2500000e+01;1.8953934e-01;3.2500000e+01;1.5234840e-01;3.2500000e+01;1.1154838e-01;3.2500000e+01;7.2137490e-02;3.2500000e+01;3.3508413e-02;3.2500000e+01;-5.4145092e-03;3.2500000e+01;2.2919150e-03;3.2500000e+01;1.4447076e-02;3.2500000e+01;2.8757337e-02;3.2500000e+01;4.7713794e-02;3.2500000e+01;7.1731947e-02;3.2500000e+01;1.0587236e-01;3.2500000e+01;1.4795646e-01;3.2500000e+01;1.9216093e-01;3.2500000e+01;2.2432831e-01;3.2500000e+01;2.3819759e-01;3.2500000e+01;2.3593193e-01;3.2500000e+01;2.1820506e-01;3.2500000e+01;1.8953934e-01;3.2500000e+01;1.5234840e-01;3.2500000e+01;1.1154838e-01;3.2500000e+01;7.2137490e-02;3.2500000e+01;3.3508413e-02;3.2500000e+01;-5.4145092e-03;3.2500000e+01;2.2919150e-03;3.2500000e+01;1.4447076e-02;3.2500000e+01;2.8757337e-02;3.2500000e+01;4.7713794e-02;3.2500000e+01;7.1731947e-02;3.2500000e+01;1.0587236e-01;3.2500000e+01;1.4795646e-01;3.2500000e+01;1.9216093e-01;3.2500000e+01;2.2432831e-01;3.2500000e+01;2.3819759e-01;3.2500000e+01;2.3593193e-01;3.2500000e+01;2.1820506e-01;3.2500000e+01;1.8953934e-01;3.2500000e+01;1.5234840e-01;3.2500000e+01;1.1154838e-01;3.2500000e+01;7.2137490e-02;3.2500000e+01;3.3508413e-02;3.2500000e+01;-5.4145092e-03;3.2500000e+01;2.2919150e-03;3.2500000e+01;1.4447076e-02;3.2500000e+01;2.8757337e-02;3.2500000e+01;4.7713794e-02;3.2500000e+01;7.1731947e-02;3.2500000e+01;1.0587236e-01;3.2500000e+01;1.4795646e-01;3.2500000e+01;1.9216093e-01;3.2500000e+01;2.2432831e-01;3.2500000e+01;2.3819759e-01;3.2500000e+01;2.3593193e-01;3.2500000e+01;2.1820506e-01;3.2500000e+01;1.8953934e-01;3.2500000e+01;1.5234840e-01;3.2500000e+01;1.1154838e-01;3.2500000e+01;7.2137490e-02;3.2500000e+01;3.3508413e-02;3.2500000e+01;-5.4145092e-03;3.2500000e+01;2.2919150e-03;3.2500000e+01;1.4447076e-02;3.2500000e+01;2.8757337e-02;3.2500000e+01;4.7713794e-02;3.2500000e+01;7.1731947e-02;3.2500000e+01;1.0587236e-01;3.2500000e+01;1.4795646e-01;3.2500000e+01;1.9216093e-01;3.2500000e+01;2.2432831e-01;3.2500000e+01;2.3819759e-01;3.2500000e+01;2.3593193e-01;3.2500000e+01;2.1820506e-01;3.2500000e+01;1.8953934e-01;3.2500000e+01;1.5234840e-01;3.2500000e+01;1.1154838e-01;3.2500000e+01;7.2137490e-02;3.2500000e+01;3.3508413e-02;3.2500000e+01;-5.4145092e-03;3.2500000e+01;2.2919150e-03;3.2500000e+01;1.4447076e-02;3.2500000e+01;2.8757337e-02;3.2500000e+01;4.7713794e-02;3.2500000e+01;7.1731947e-02;3.2500000e+01;1.0587236e-01;3.2500000e+01;1.4795646e-01;3.2500000e+01;1.9216093e-01;3.2500000e+01;2.2432831e-01;3.2500000e+01;2.3819759e-01;3.2500000e+01;2.3593193e-01;3.2500000e+01;2.1820506e-01;3.2500000e+01;1.8953934e-01;3.2500000e+01;1.5234840e-01;3.2500000e+01;1.1154838e-01;3.2500000e+01;7.2137490e-02;3.2500000e+01;3.3508413e-02;3.2500000e+01;-5.4145092e-03;3.2500000e+01;2.2919150e-03;3.2500000e+01;1.4447076e-02;3.2500000e+01;2.8757337e-02;3.2500000e+01;4.7713794e-02;3.2500000e+01;7.1731947e-02;3.2500000e+01;1.0587236e-01;3.2500000e+01;1.4795646e-01;3.2500000e+01;1.9216093e-01;3.2500000e+01;2.2432831e-01;3.2500000e+01;2.3819759e-01;3.2500000e+01;2.3593193e-01;3.2500000e+01;2.1820506e-01;3.2500000e+01;1.8953934e-01;3.2500000e+01;1.5234840e-01;3.2500000e+01;1.1154838e-01;3.2500000e+01;7.2137490e-02;3.2500000e+01;3.3508413e-02;3.2500000e+01;-5.4145092e-03;3.2500000e+01;2.2919150e-03;3.2500000e+01;1.4447076e-02;3.2500000e+01;2.8757337e-02;3.2500000e+01;4.7713794e-02;3.2500000e+01;7.1731947e-02;3.2500000e+01;1.0587236e-01;3.2500000e+01;1.4795646e-01;3.2500000e+01;1.9216093e-01;3.2500000e+01;2.2432831e-01;3.2500000e+01;2.3819759e-01;3.2500000e+01;2.3593193e-01;3.2500000e+01;2.1820506e-01;3.2500000e+01;1.8953934e-01;3.2500000e+01;1.5234840e-01;3.2500000e+01;1.1154838e-01;3.2500000e+01;7.2137490e-02;3.2500000e+01;3.3508413e-02;3.2500000e+01;-5.4145092e-03;3.2500000e+01;2.2919150e-03;3.2500000e+01;1.4447076e-02;3.2500000e+01;2.8757337e-02;3.2500000e+01;4.7713794e-02;3.2500000e+01;7.1731947e-02;3.2500000e+01;1.0587236e-01;3.2500000e+01;1.4795646e-01;3.2500000e+01;1.9216093e-01;3.2500000e+01;2.2432831e-01;3.2500000e+01;2.3819759e-01;3.2500000e+01;2.3593193e-01;3.2500000e+01;2.1820506e-01;3.2500000e+01;1.8953934e-01;3.2500000e+01;1.5234840e-01;3.2500000e+01;1.1154838e-01;3.2500000e+01;7.2137490e-02;3.2500000e+01;3.3508413e-02;3.2500000e+01;-5.4145092e-03;3.2500000e+01;2.2919150e-03;3.2500000e+01;1.4447076e-02;3.2500000e+01;2.8757337e-02;3.2500000e+01;4.7713794e-02;3.2500000e+01;7.1731947e-02;3.2500000e+01;1.0587236e-01;3.2500000e+01;1.4795646e-01;3.2500000e+01;1.9216093e-01;3.2500000e+01;2.2432831e-01;3.2500000e+01;2.3819759e-01;3.2500000e+01;2.3593193e-01;3.2500000e+01;2.1820506e-01;3.2500000e+01;1.8953934e-01;3.2500000e+01;1.5234840e-01;3.2500000e+01;1.1154838e-01;3.2500000e+01;7.2137490e-02;3.2500000e+01;3.3508413e-02;3.2500000e+01;-5.4145092e-03;3.2500000e+01;2.2919150e-03;3.2500000e+01;1.4447076e-02;3.2500000e+01;2.8757337e-02;3.2500000e+01;4.7713794e-02;3.2500000e+01;7.1731947e-02;3.2500000e+01;1.0587236e-01;3.2500000e+01;1.4795646e-01;3.2500000e+01;1.9216093e-01;3.2500000e+01;2.2432831e-01;3.2500000e+01;2.3819759e-01;3.2500000e+01;2.3593193e-01;3.2500000e+01;2.1820506e-01;3.2500000e+01;1.8953934e-01;3.2500000e+01;1.5234840e-01;3.2500000e+01;1.1154838e-01;3.2500000e+01;7.2137490e-02;3.2500000e+01;3.3508413e-02;3.2500000e+01;-5.4145092e-03;3.2500000e+01;2.2919150e-03;3.2500000e+01;1.4447076e-02;3.2500000e+01;2.8757337e-02;3.2500000e+01;4.7713794e-02;3.2500000e+01;7.1731947e-02;3.2500000e+01;1.0587236e-01;3.2500000e+01;1.4795646e-01;3.2500000e+01;1.9216093e-01;3.2500000e+01;2.2432831e-01;3.2500000e+01;2.3819759e-01;3.2500000e+01;2.3593193e-01;3.2500000e+01;2.1820506e-01;3.2500000e+01;1.8953934e-01;3.2500000e+01;1.5234840e-01;3.2500000e+01;1.1154838e-01;3.2500000e+01;7.2137490e-02;3.2500000e+01;3.3508413e-02;3.2500000e+01;-5.4145092e-03;3.2500000e+01;2.2919150e-03;3.2500000e+01;1.4447076e-02;3.2500000e+01;2.8757337e-02;3.2500000e+01;4.7713794e-02;3.2500000e+01;7.1731947e-02;3.2500000e+01;1.0587236e-01;3.2500000e+01;1.4795646e-01;3.2500000e+01;1.9216093e-01;3.2500000e+01;2.2432831e-01;3.2500000e+01;2.3819759e-01;3.2500000e+01;2.3593193e-01;3.2500000e+01;2.1820506e-01;3.2500000e+01;1.8953934e-01;3.2500000e+01;1.5234840e-01;3.2500000e+01;1.1154838e-01;3.2500000e+01;7.2137490e-02;3.2500000e+01;3.3508413e-02;3.2500000e+01;-5.4145092e-03;3.2500000e+01;2.2919150e-03;3.2500000e+01;1.4447076e-02;3.2500000e+01;2.8757337e-02;3.2500000e+01;4.7713794e-02;3.2500000e+01;7.1731947e-02;3.2500000e+01;1.0587236e-01;3.2500000e+01;1.4795646e-01;3.2500000e+01;1.9216093e-01;3.2500000e+01;2.2432831e-01;3.2500000e+01;2.3819759e-01;3.2500000e+01;2.3593193e-01;3.2500000e+01;2.1820506e-01;3.2500000e+01;1.8953934e-01;3.2500000e+01;1.5234840e-01;3.2500000e+01;1.1154838e-01;3.2500000e+01;7.2137490e-02;3.2500000e+01;3.3508413e-02;3.2500000e+01;-5.4145092e-03;3.2500000e+01;2.2919150e-03;3.2500000e+01;1.4447076e-02;3.2500000e+01;2.8757337e-02;3.2500000e+01;4.7713794e-02;3.2500000e+01;7.1731947e-02;3.2500000e+01;1.0587236e-01;3.2500000e+01;1.4795646e-01;3.2500000e+01;1.9216093e-01;3.2500000e+01;2.2432831e-01;3.2500000e+01;2.3819759e-01;3.2500000e+01;2.3593193e-01;3.2500000e+01;2.1820506e-01;3.2500000e+01;1.8953934e-01;3.2500000e+01;1.5234840e-01;3.2500000e+01;1.1154838e-01;3.2500000e+01;7.2137490e-02;3.2500000e+01;3.3508413e-02;3.2500000e+01;-5.4145092e-03;3.2500000e+01;2.2919150e-03;3.2500000e+01;1.4447076e-02;3.2500000e+01;2.8757337e-02;3.2500000e+01;4.7713794e-02;3.2500000e+01;7.1731947e-02;3.2500000e+01;1.0587236e-01;3.2500000e+01;1.4795646e-01;3.2500000e+01;1.9216093e-01;3.2500000e+01;2.2432831e-01;3.2500000e+01;2.3819759e-01;3.2500000e+01;2.3593193e-01;3.2500000e+01;2.1820506e-01;3.2500000e+01;1.8953934e-01;3.2500000e+01;1.5234840e-01;3.2500000e+01;1.1154838e-01;3.2500000e+01;7.2137490e-02;3.2500000e+01;3.3508413e-02;3.2500000e+01;-5.4145092e-03;3.2500000e+01;2.2919150e-03;3.2500000e+01;1.4447076e-02;3.2500000e+01;2.8757337e-02;3.2500000e+01;4.7713794e-02;3.2500000e+01;7.1731947e-02;3.2500000e+01;1.0587236e-01;3.2500000e+01;1.4795646e-01;3.2500000e+01;1.9216093e-01;3.2500000e+01;2.2432831e-01;3.2500000e+01;2.3819759e-01;3.2500000e+01;2.3593193e-01;3.2500000e+01;2.1820506e-01;3.2500000e+01;1.8953934e-01;3.2500000e+01;1.5234840e-01;3.2500000e+01;1.1154838e-01;3.2500000e+01;7.2137490e-02;3.2500000e+01;3.3508413e-02;3.2500000e+01;-5.4145092e-03;3.2500000e+01;2.2919150e-03;3.2500000e+01;1.4447076e-02;3.2500000e+01;2.8757337e-02;3.2500000e+01;4.7713794e-02;3.2500000e+01;7.1731947e-02;3.2500000e+01;1.0587236e-01;3.2500000e+01;1.4795646e-01;3.2500000e+01;1.9216093e-01;3.2500000e+01;2.2432831e-01;3.2500000e+01;2.3819759e-01;3.2500000e+01;2.3593193e-01;3.2500000e+01;2.1820506e-01;3.2500000e+01;1.8953934e-01;3.2500000e+01;1.5234840e-01;3.2500000e+01;1.1154838e-01;3.2500000e+01;7.2137490e-02;3.2500000e+01;3.3508413e-02;3.2500000e+01;-5.4145092e-03;3.2500000e+01;2.2919150e-03;3.2500000e+01;1.4447076e-02;3.2500000e+01;2.8757337e-02;3.2500000e+01;4.7713794e-02;3.2500000e+01;7.1731947e-02;3.2500000e+01;1.0587236e-01;3.2500000e+01;1.4795646e-01;3.2500000e+01;1.9216093e-01;3.2500000e+01;2.2432831e-01;3.2500000e+01;2.3819759e-01;3.2500000e+01;2.3593193e-01;3.2500000e+01;2.1820506e-01;3.2500000e+01;1.8953934e-01;3.2500000e+01;1.5234840e-01;3.2500000e+01;1.1154838e-01;3.2500000e+01;7.2137490e-02;3.2500000e+01;3.3508413e-02;3.2500000e+01;-5.4145092e-03;3.2500000e+01;2.2919150e-03;3.2500000e+01;1.4447076e-02;3.2500000e+01;2.8757337e-02;3.2500000e+01;4.7713794e-02;3.2500000e+01;7.1731947e-02;3.2500000e+01;1.0587236e-01;3.2500000e+01;1.4795646e-01;3.2500000e+01;1.9216093e-01;3.2500000e+01;2.2432831e-01;3.2500000e+01;2.3819759e-01;3.2500000e+01;2.3593193e-01;3.2500000e+01;2.1820506e-01;3.2500000e+01;1.8953934e-01;3.2500000e+01;1.5234840e-01;3.2500000e+01;1.1154838e-01;3.2500000e+01;7.2137490e-02;3.2500000e+01;3.3508413e-02;3.2500000e+01;-5.4145092e-03;3.2500000e+01;2.2919150e-03;3.2500000e+01;1.4447076e-02;3.2500000e+01;2.8757337e-02;3.2500000e+01;4.7713794e-02;3.2500000e+01;7.1731947e-02;3.2500000e+01;1.0587236e-01;3.2500000e+01;1.4795646e-01;3.2500000e+01;1.9216093e-01;3.2500000e+01;2.2432831e-01;3.2500000e+01;2.3819759e-01;3.2500000e+01;2.3593193e-01;3.2500000e+01;2.1820506e-01;3.2500000e+01;1.8953934e-01;3.2500000e+01;1.5234840e-01;3.2500000e+01;1.1154838e-01;3.2500000e+01;7.2137490e-02;3.2500000e+01;3.3508413e-02;3.2500000e+01;-5.4145092e-03;3.2500000e+01;2.2919150e-03;3.2500000e+01;1.4447076e-02;3.2500000e+01;2.8757337e-02;3.2500000e+01;4.7713794e-02;3.2500000e+01;7.1731947e-02;3.2500000e+01;1.0587236e-01;3.2500000e+01;1.4795646e-01;3.2500000e+01;1.9216093e-01;3.2500000e+01;2.2432831e-01;3.2500000e+01;2.3819759e-01;3.2500000e+01;2.3593193e-01;3.2500000e+01;2.1820506e-01;3.2500000e+01;1.8953934e-01;3.2500000e+01;1.5234840e-01;3.2500000e+01;1.1154838e-01;3.2500000e+01;7.2137490e-02;3.2500000e+01;3.3508413e-02;3.2500000e+01;-5.4145092e-03;3.2500000e+01;2.2919150e-03;3.2500000e+01;1.4447076e-02;3.2500000e+01;2.8757337e-02;3.2500000e+01;4.7713794e-02;3.2500000e+01;7.1731947e-02;3.2500000e+01;1.0587236e-01;3.2500000e+01;1.4795646e-01;3.2500000e+01;1.9216093e-01;3.2500000e+01;2.2432831e-01;3.2500000e+01;2.3819759e-01;3.2500000e+01;2.3593193e-01;3.2500000e+01;2.1820506e-01;3.2500000e+01;1.8953934e-01;3.2500000e+01;1.5234840e-01;3.2500000e+01;1.1154838e-01;3.2500000e+01;7.2137490e-02;3.2500000e+01;3.3508413e-02;3.2500000e+01;-5.4145092e-03;3.2500000e+01;2.2919150e-03;3.2500000e+01;1.4447076e-02;3.2500000e+01;2.8757337e-02;3.2500000e+01;4.7713794e-02;3.2500000e+01;7.1731947e-02;3.2500000e+01;1.0587236e-01;3.2500000e+01;1.4795646e-01;3.2500000e+01;1.9216093e-01;3.2500000e+01;2.2432831e-01;3.2500000e+01;2.3819759e-01;3.2500000e+01;2.3593193e-01;3.2500000e+01;2.1820506e-01;3.2500000e+01;1.8953934e-01;3.2500000e+01;1.5234840e-01;3.2500000e+01;1.1154838e-01;3.2500000e+01;7.2137490e-02;3.2500000e+01;3.3508413e-02;3.2500000e+01;-5.4145092e-03;3.2500000e+01;2.2919150e-03;3.2500000e+01;1.4447076e-02;3.2500000e+01;2.8757337e-02;3.2500000e+01;4.7713794e-02;3.2500000e+01;7.1731947e-02;3.2500000e+01;1.0587236e-01;3.2500000e+01;1.4795646e-01;3.2500000e+01;1.9216093e-01;3.2500000e+01;2.2432831e-01;3.2500000e+01;2.3819759e-01;3.2500000e+01;2.3593193e-01;3.2500000e+01;2.1820506e-01;3.2500000e+01;1.8953934e-01;3.2500000e+01;1.5234840e-01;3.2500000e+01;1.1154838e-01;3.2500000e+01;7.2137490e-02;3.2500000e+01;3.3508413e-02;3.2500000e+01;-5.4145092e-03;3.2500000e+01;2.2919150e-03;3.2500000e+01;1.4447076e-02;3.2500000e+01;2.8757337e-02;3.2500000e+01;4.7713794e-02;3.2500000e+01;7.1731947e-02;3.2500000e+01;1.0587236e-01;3.2500000e+01;1.4795646e-01;3.2500000e+01;1.9216093e-01;3.2500000e+01;2.2432831e-01;3.2500000e+01;2.3819759e-01;3.2500000e+01;2.3593193e-01;3.2500000e+01;2.1820506e-01;3.2500000e+01;1.8953934e-01;3.2500000e+01;1.5234840e-01;3.2500000e+01;1.1154838e-01;3.2500000e+01;7.2137490e-02;3.2500000e+01;3.3508413e-02;3.2500000e+01;-5.4145092e-03;3.2500000e+01;2.2919150e-03;3.2500000e+01;1.4447076e-02;3.2500000e+01;2.8757337e-02;3.2500000e+01;4.7713794e-02;3.2500000e+01;7.1731947e-02;3.2500000e+01;1.0587236e-01;3.2500000e+01;1.4795646e-01;3.2500000e+01;1.9216093e-01;3.2500000e+01;2.2432831e-01;3.2500000e+01;2.3819759e-01;3.2500000e+01;2.3593193e-01;3.2500000e+01;2.1820506e-01;3.2500000e+01;1.8953934e-01;3.2500000e+01;1.5234840e-01;3.2500000e+01;1.1154838e-01;3.2500000e+01;7.2137490e-02;3.2500000e+01;3.3508413e-02;3.2500000e+01;-5.4145092e-03;3.2500000e+01;2.2919150e-03;3.2500000e+01;1.4447076e-02;3.2500000e+01;2.8757337e-02;3.2500000e+01;4.7713794e-02;3.2500000e+01;7.1731947e-02;3.2500000e+01;1.0587236e-01;3.2500000e+01;1.4795646e-01;3.2500000e+01;1.9216093e-01;3.2500000e+01;2.2432831e-01;3.2500000e+01;2.3819759e-01;3.2500000e+01;2.3593193e-01;3.2500000e+01;2.1820506e-01;3.2500000e+01;1.8953934e-01;3.2500000e+01;1.5234840e-01;3.2500000e+01;1.1154838e-01;3.2500000e+01;7.2137490e-02;3.2500000e+01;3.3508413e-02;3.2500000e+01;-5.4145092e-03;3.2500000e+01;2.2919150e-03;3.2500000e+01;1.4447076e-02;3.2500000e+01;2.8757337e-02;3.2500000e+01;4.7713794e-02;3.2500000e+01;7.1731947e-02;3.2500000e+01;1.0587236e-01;3.2500000e+01;1.4795646e-01;3.2500000e+01;1.9216093e-01;3.2500000e+01;2.2432831e-01;3.2500000e+01;2.3819759e-01;3.2500000e+01;2.3593193e-01;3.2500000e+01;2.1820506e-01;3.2500000e+01;1.8953934e-01;3.2500000e+01;1.5234840e-01;3.2500000e+01;1.1154838e-01;3.2500000e+01;7.2137490e-02;3.2500000e+01;3.3508413e-02;3.2500000e+01;-5.4145092e-03;3.2500000e+01;2.2919150e-03;3.2500000e+01;1.4447076e-02;3.2500000e+01;2.8757337e-02;3.2500000e+01;4.7713794e-02;3.2500000e+01;7.1731947e-02;3.2500000e+01;1.0587236e-01;3.2500000e+01;1.4795646e-01;3.2500000e+01;1.9216093e-01;3.2500000e+01;2.2432831e-01;3.2500000e+01;2.3819759e-01;3.2500000e+01;2.3593193e-01;3.2500000e+01;2.1820506e-01;3.2500000e+01;1.8953934e-01;3.2500000e+01;1.5234840e-01;3.2500000e+01;1.1154838e-01;3.2500000e+01;7.2137490e-02;3.2500000e+01;3.3508413e-02;3.2500000e+01;-5.4145092e-03;3.2500000e+01;2.2919150e-03;3.2500000e+01;1.4447076e-02;3.2500000e+01;2.8757337e-02;3.2500000e+01;4.7713794e-02;3.2500000e+01;7.1731947e-02;3.2500000e+01;1.0587236e-01;3.2500000e+01;1.4795646e-01;3.2500000e+01;1.9216093e-01;3.2500000e+01;2.2432831e-01;3.2500000e+01;2.3819759e-01;3.2500000e+01;2.3593193e-01;3.2500000e+01;2.1820506e-01;3.2500000e+01;1.8953934e-01;3.2500000e+01;1.5234840e-01;3.2500000e+01;1.1154838e-01;3.2500000e+01;7.2137490e-02;3.2500000e+01;3.3508413e-02;3.2500000e+01;-5.4145092e-03;3.2500000e+01;2.2919150e-03;3.2500000e+01;1.4447076e-02;3.2500000e+01;2.8757337e-02;3.2500000e+01;4.7713794e-02;3.2500000e+01;7.1731947e-02;3.2500000e+01;1.0587236e-01;3.2500000e+01;1.4795646e-01;3.2500000e+01;1.9216093e-01;3.2500000e+01;2.2432831e-01;3.2500000e+01;2.3819759e-01;3.2500000e+01;2.3593193e-01;3.2500000e+01;2.1820506e-01;3.2500000e+01;1.8953934e-01;3.2500000e+01;1.5234840e-01;3.2500000e+01;1.1154838e-01;3.2500000e+01;7.2137490e-02;3.2500000e+01;3.3508413e-02;3.2500000e+01;-5.4145092e-03;3.2500000e+01;2.2919150e-03;3.2500000e+01;1.4447076e-02;3.2500000e+01;2.8757337e-02;3.2500000e+01;4.7713794e-02;3.2500000e+01;7.1731947e-02;3.2500000e+01;1.0587236e-01;3.2500000e+01;1.4795646e-01;3.2500000e+01;1.9216093e-01;3.2500000e+01;2.2432831e-01;3.2500000e+01;2.3819759e-01;3.2500000e+01;2.3593193e-01;3.2500000e+01;2.1820506e-01;3.2500000e+01;1.8953934e-01;3.2500000e+01;1.5234840e-01;3.2500000e+01;1.1154838e-01;3.2500000e+01;7.2137490e-02;3.2500000e+01;3.3508413e-02;3.2500000e+01;-5.4145092e-03;3.2500000e+01;2.2919150e-03;3.2500000e+01;1.4447076e-02;3.2500000e+01;2.8757337e-02;3.2500000e+01;4.7713794e-02;3.2500000e+01;7.1731947e-02;3.2500000e+01;1.0587236e-01;3.2500000e+01;1.4795646e-01;3.2500000e+01;1.9216093e-01;3.2500000e+01;2.2432831e-01;3.2500000e+01;2.3819759e-01;3.2500000e+01;2.3593193e-01;3.2500000e+01;2.1820506e-01;3.2500000e+01;1.8953934e-01;3.2500000e+01;1.5234840e-01;3.2500000e+01;1.1154838e-01;3.2500000e+01;7.2137490e-02;3.2500000e+01;3.3508413e-02;3.2500000e+01;-5.4145092e-03;3.2500000e+01;2.2919150e-03;3.2500000e+01;1.4447076e-02;3.2500000e+01;2.8757337e-02;3.2500000e+01;4.7713794e-02;3.2500000e+01;7.1731947e-02;3.2500000e+01;1.0587236e-01;3.2500000e+01;1.4795646e-01;3.2500000e+01;1.9216093e-01;3.2500000e+01;2.2432831e-01;3.2500000e+01;2.3819759e-01;3.2500000e+01;2.3593193e-01;3.2500000e+01;2.1820506e-01;3.2500000e+01;1.8953934e-01;3.2500000e+01;1.5234840e-01;3.2500000e+01;1.1154838e-01;3.2500000e+01;7.2137490e-02;3.2500000e+01;3.3508413e-02;3.2500000e+01;-5.4145092e-03;3.2500000e+01;2.2919150e-03;3.2500000e+01;1.4447076e-02;3.2500000e+01;2.8757337e-02;3.2500000e+01;4.7713794e-02;3.2500000e+01;7.1731947e-02;3.2500000e+01;1.0587236e-01;3.2500000e+01;1.4795646e-01;3.2500000e+01;1.9216093e-01;3.2500000e+01;2.2432831e-01;3.2500000e+01;2.3819759e-01;3.2500000e+01;2.3593193e-01;3.2500000e+01;2.1820506e-01;3.2500000e+01;1.8953934e-01;3.2500000e+01;1.5234840e-01;3.2500000e+01;1.1154838e-01;3.2500000e+01;7.2137490e-02;3.2500000e+01;3.3508413e-02;3.2500000e+01;-5.4145092e-03;3.2500000e+01;2.2919150e-03;3.2500000e+01;1.4447076e-02;3.2500000e+01;2.8757337e-02;3.2500000e+01;4.7713794e-02;3.2500000e+01;7.1731947e-02;3.2500000e+01;1.0587236e-01;3.2500000e+01;1.4795646e-01;3.2500000e+01;1.9216093e-01;3.2500000e+01;2.2432831e-01;3.2500000e+01;2.3819759e-01;3.2500000e+01;2.3593193e-01;3.2500000e+01;2.1820506e-01;3.2500000e+01;1.8953934e-01;3.2500000e+01;1.5234840e-01;3.2500000e+01;1.1154838e-01;3.2500000e+01;7.2137490e-02;3.2500000e+01;3.3508413e-02;3.2500000e+01;-5.4145092e-03;3.2500000e+01;2.2919150e-03;3.2500000e+01;1.4447076e-02;3.2500000e+01;2.8757337e-02;3.2500000e+01;4.7713794e-02;3.2500000e+01;7.1731947e-02;3.2500000e+01;1.0587236e-01;3.2500000e+01;1.4795646e-01;3.2500000e+01;1.9216093e-01;3.2500000e+01;2.2432831e-01;3.2500000e+01;2.3819759e-01;3.2500000e+01;2.3593193e-01;3.2500000e+01;2.1820506e-01;3.2500000e+01;1.8953934e-01;3.2500000e+01;1.5234840e-01;3.2500000e+01;1.1154838e-01;3.2500000e+01;7.2137490e-02;3.2500000e+01;3.3508413e-02;3.2500000e+01;-5.4145092e-03;3.2500000e+01;2.2919150e-03;3.2500000e+01;1.4447076e-02;3.2500000e+01;2.8757337e-02;3.2500000e+01;4.7713794e-02;3.2500000e+01;7.1731947e-02;3.2500000e+01;1.0587236e-01;3.2500000e+01;1.4795646e-01;3.2500000e+01;1.9216093e-01;3.2500000e+01;2.2432831e-01;3.2500000e+01;2.3819759e-01;3.2500000e+01;2.3593193e-01;3.2500000e+01;2.1820506e-01;3.2500000e+01;1.8953934e-01;3.2500000e+01;1.5234840e-01;3.2500000e+01;1.1154838e-01;3.2500000e+01;7.2137490e-02;3.2500000e+01;3.3508413e-02;3.2500000e+01;-5.4145092e-03;3.2500000e+01;2.2919150e-03;3.2500000e+01;1.4447076e-02;3.2500000e+01;2.8757337e-02;3.2500000e+01;4.7713794e-02;3.2500000e+01;7.1731947e-02;3.2500000e+01;1.0587236e-01;3.2500000e+01;1.4795646e-01;3.2500000e+01;1.9216093e-01;3.2500000e+01;2.2432831e-01;3.2500000e+01;2.3819759e-01;3.2500000e+01;2.3593193e-01;3.2500000e+01;2.1820506e-01;3.2500000e+01;1.8953934e-01;3.2500000e+01;1.5234840e-01;3.2500000e+01;1.1154838e-01;3.2500000e+01;7.2137490e-02;3.2500000e+01;3.3508413e-02;3.2500000e+01;-5.4145092e-03;3.2500000e+01;2.2919150e-03;3.2500000e+01;1.4447076e-02;3.2500000e+01;2.8757337e-02;3.2500000e+01;4.7713794e-02;3.2500000e+01;7.1731947e-02;3.2500000e+01;1.0587236e-01;3.2500000e+01;1.4795646e-01;3.2500000e+01;1.9216093e-01;3.2500000e+01;2.2432831e-01;3.2500000e+01;2.3819759e-01;3.2500000e+01;2.3593193e-01;3.2500000e+01;2.1820506e-01;3.2500000e+01;1.8953934e-01;3.2500000e+01;1.5234840e-01;3.2500000e+01;1.1154838e-01;3.2500000e+01;7.2137490e-02;3.2500000e+01;3.3508413e-02;3.2500000e+01;-5.4145092e-03;3.2500000e+01;2.2919150e-03;3.2500000e+01;1.4447076e-02;3.2500000e+01;2.8757337e-02;3.2500000e+01;4.7713794e-02;3.2500000e+01;7.1731947e-02;3.2500000e+01;1.0587236e-01;3.2500000e+01;1.4795646e-01;3.2500000e+01;1.9216093e-01;3.2500000e+01;2.2432831e-01;3.2500000e+01;2.3819759e-01;3.2500000e+01;2.3593193e-01;3.2500000e+01;2.1820506e-01;3.2500000e+01;1.8953934e-01;3.2500000e+01;1.5234840e-01;3.2500000e+01;1.1154838e-01;3.2500000e+01;7.2137490e-02;3.2500000e+01;3.3508413e-02;3.2500000e+01;-5.4145092e-03;3.2500000e+01;2.2919150e-03;3.2500000e+01;1.4447076e-02;3.2500000e+01;2.8757337e-02;3.2500000e+01;4.7713794e-02;3.2500000e+01;7.1731947e-02;3.2500000e+01;1.0587236e-01;3.2500000e+01;1.4795646e-01;3.2500000e+01;1.9216093e-01;3.2500000e+01;2.2432831e-01;3.2500000e+01;2.3819759e-01;3.2500000e+01;2.3593193e-01;3.2500000e+01;2.1820506e-01;3.2500000e+01;1.8953934e-01;3.2500000e+01;1.5234840e-01;3.2500000e+01;1.1154838e-01;3.2500000e+01;7.2137490e-02;3.2500000e+01;3.3508413e-02;3.2500000e+01;-5.4145092e-03;3.2500000e+01;2.2919150e-03;3.2500000e+01;1.4447076e-02;3.2500000e+01;2.8757337e-02;3.2500000e+01;4.7713794e-02;3.2500000e+01;7.1731947e-02;3.2500000e+01;1.0587236e-01;3.2500000e+01;1.4795646e-01;3.2500000e+01;1.9216093e-01;3.2500000e+01;2.2432831e-01;3.2500000e+01;2.3819759e-01;3.2500000e+01;2.3593193e-01;3.2500000e+01;2.1820506e-01;3.2500000e+01;1.8953934e-01;3.2500000e+01;1.5234840e-01;3.2500000e+01;1.1154838e-01;3.2500000e+01;7.2137490e-02;3.2500000e+01;3.3508413e-02;3.2500000e+01;-5.4145092e-03;3.2500000e+01;2.2919150e-03;3.2500000e+01;1.4447076e-02;3.2500000e+01;2.8757337e-02;3.2500000e+01;4.7713794e-02;3.2500000e+01;7.1731947e-02;3.2500000e+01;1.0587236e-01;3.2500000e+01;1.4795646e-01;3.2500000e+01;1.9216093e-01;3.2500000e+01;2.2432831e-01;3.2500000e+01;2.3819759e-01;3.2500000e+01;2.3593193e-01;3.2500000e+01;2.1820506e-01;3.2500000e+01;1.8953934e-01;3.2500000e+01;1.5234840e-01;3.2500000e+01;1.1154838e-01;3.2500000e+01;7.2137490e-02;3.2500000e+01;3.3508413e-02;3.2500000e+01;-5.4145092e-03;3.2500000e+01;2.2919150e-03;3.2500000e+01;1.4447076e-02;3.2500000e+01;2.8757337e-02;3.2500000e+01;4.7713794e-02;3.2500000e+01;7.1731947e-02;3.2500000e+01;1.0587236e-01;3.2500000e+01;1.4795646e-01;3.2500000e+01;1.9216093e-01;3.2500000e+01;2.2432831e-01;3.2500000e+01;2.3819759e-01;3.2500000e+01;2.3593193e-01;3.2500000e+01;2.1820506e-01;3.2500000e+01;1.8953934e-01;3.2500000e+01;1.5234840e-01;3.2500000e+01;1.1154838e-01;3.2500000e+01;7.2137490e-02;3.2500000e+01;3.3508413e-02;3.2500000e+01;-5.4145092e-03;3.2500000e+01;2.2919150e-03;3.2500000e+01;1.4447076e-02;3.2500000e+01;2.8757337e-02;3.2500000e+01;4.7713794e-02;3.2500000e+01;7.1731947e-02;3.2500000e+01;1.0587236e-01;3.2500000e+01;1.4795646e-01;3.2500000e+01;1.9216093e-01;3.2500000e+01;2.2432831e-01;3.2500000e+01;2.3819759e-01;3.2500000e+01;2.3593193e-01;3.2500000e+01;2.1820506e-01;3.2500000e+01;1.8953934e-01;3.2500000e+01;1.5234840e-01;3.2500000e+01;1.1154838e-01;3.2500000e+01;7.2137490e-02;3.2500000e+01;3.3508413e-02;3.2500000e+01;-5.4145092e-03;3.2500000e+01;2.2919150e-03;3.2500000e+01;1.4447076e-02;3.2500000e+01;2.8757337e-02;3.2500000e+01;4.7713794e-02;3.2500000e+01;7.1731947e-02;3.2500000e+01;1.0587236e-01;3.2500000e+01;1.4795646e-01;3.2500000e+01;1.9216093e-01;3.2500000e+01;2.2432831e-01;3.2500000e+01;2.3819759e-01;3.2500000e+01;2.3593193e-01;3.2500000e+01;2.1820506e-01;3.2500000e+01;1.8953934e-01;3.2500000e+01;1.5234840e-01;3.2500000e+01;1.1154838e-01;3.2500000e+01;7.2137490e-02;3.2500000e+01;3.3508413e-02;3.2500000e+01;-5.4145092e-03;3.2500000e+01;2.2919150e-03;3.2500000e+01;1.4447076e-02;3.2500000e+01;2.8757337e-02;3.2500000e+01;4.7713794e-02;3.2500000e+01;7.1731947e-02;3.2500000e+01;1.0587236e-01;3.2500000e+01;1.4795646e-01;3.2500000e+01;1.9216093e-01;3.2500000e+01;2.2432831e-01;3.2500000e+01;2.3819759e-01;3.2500000e+01;2.3593193e-01;3.2500000e+01;2.1820506e-01;3.2500000e+01;1.8953934e-01;3.2500000e+01;1.5234840e-01;3.2500000e+01;1.1154838e-01;3.2500000e+01;7.2137490e-02;3.2500000e+01;3.3508413e-02;3.2500000e+01;-5.4145092e-03;3.2500000e+01;2.2919150e-03;3.2500000e+01;1.4447076e-02;3.2500000e+01;2.8757337e-02;3.2500000e+01;4.7713794e-02;3.2500000e+01;7.1731947e-02;3.2500000e+01;1.0587236e-01;3.2500000e+01;1.4795646e-01;3.2500000e+01;1.9216093e-01;3.2500000e+01;2.2432831e-01;3.2500000e+01;2.3819759e-01;3.2500000e+01;2.3593193e-01;3.2500000e+01;2.1820506e-01;3.2500000e+01;1.8953934e-01;3.2500000e+01;1.5234840e-01;3.2500000e+01;1.1154838e-01;3.2500000e+01;7.2137490e-02;3.2500000e+01;3.3508413e-02;3.2500000e+01;-5.4145092e-03;3.2500000e+01;2.2919150e-03;3.2500000e+01;1.4447076e-02;3.2500000e+01;2.8757337e-02;3.2500000e+01;4.7713794e-02;3.2500000e+01;7.1731947e-02;3.2500000e+01;1.0587236e-01;3.2500000e+01;1.4795646e-01;3.2500000e+01;1.9216093e-01;3.2500000e+01;2.2432831e-01;3.2500000e+01;2.3819759e-01;3.2500000e+01;2.3593193e-01;3.2500000e+01;2.1820506e-01;3.2500000e+01;1.8953934e-01;3.2500000e+01;1.5234840e-01;3.2500000e+01;1.1154838e-01;3.2500000e+01;7.2137490e-02;3.2500000e+01;3.3508413e-02;3.2500000e+01;-5.4145092e-03;3.2500000e+01;2.2919150e-03;3.2500000e+01;1.4447076e-02;3.2500000e+01;2.8757337e-02;3.2500000e+01;4.7713794e-02;3.2500000e+01;7.1731947e-02;3.2500000e+01;1.0587236e-01;3.2500000e+01;1.4795646e-01;3.2500000e+01;1.9216093e-01;3.2500000e+01;2.2432831e-01;3.2500000e+01;2.3819759e-01;3.2500000e+01;2.3593193e-01;3.2500000e+01;2.1820506e-01;3.2500000e+01;1.8953934e-01;3.2500000e+01;1.5234840e-01;3.2500000e+01;1.1154838e-01;3.2500000e+01;7.2137490e-02;3.2500000e+01;3.3508413e-02;3.2500000e+01;-5.4145092e-03;3.2500000e+01;2.2919150e-03;3.2500000e+01;1.4447076e-02;3.2500000e+01;2.8757337e-02;3.2500000e+01;4.7713794e-02;3.2500000e+01;7.1731947e-02;3.2500000e+01;1.0587236e-01;3.2500000e+01;1.4795646e-01;3.2500000e+01;1.9216093e-01;3.2500000e+01;2.2432831e-01;3.2500000e+01;2.3819759e-01;3.2500000e+01;2.3593193e-01;3.2500000e+01;2.1820506e-01;3.2500000e+01;1.8953934e-01;3.2500000e+01;1.5234840e-01;3.2500000e+01;1.1154838e-01;3.2500000e+01;7.2137490e-02;3.2500000e+01;3.3508413e-02;3.2500000e+01;-5.4145092e-03;3.2500000e+01;2.2919150e-03;3.2500000e+01;1.4447076e-02;3.2500000e+01;2.8757337e-02;3.2500000e+01;4.7713794e-02;3.2500000e+01;7.1731947e-02;3.2500000e+01;1.0587236e-01;3.2500000e+01;1.4795646e-01;3.2500000e+01;1.9216093e-01;3.2500000e+01;2.2432831e-01;3.2500000e+01;2.3819759e-01;3.2500000e+01;2.3593193e-01;3.2500000e+01;2.1820506e-01;3.2500000e+01;1.8953934e-01;3.2500000e+01;1.5234840e-01;3.2500000e+01;1.1154838e-01;3.2500000e+01;7.2137490e-02;3.2500000e+01;3.3508413e-02;3.2500000e+01;-5.4145092e-03;3.2500000e+01;2.2919150e-03;3.2500000e+01;1.4447076e-02;3.2500000e+01;2.8757337e-02;3.2500000e+01;4.7713794e-02;3.2500000e+01;7.1731947e-02;3.2500000e+01;1.0587236e-01;3.2500000e+01;1.4795646e-01;3.2500000e+01;1.9216093e-01;3.2500000e+01;2.2432831e-01;3.2500000e+01;2.3819759e-01;3.2500000e+01;2.3593193e-01;3.2500000e+01;2.1820506e-01;3.2500000e+01;1.8953934e-01;3.2500000e+01;1.5234840e-01;3.2500000e+01;1.1154838e-01;3.2500000e+01;7.2137490e-02;3.2500000e+01;3.3508413e-02;3.2500000e+01;-5.4145092e-03;3.2500000e+01;2.2919150e-03;3.2500000e+01;1.4447076e-02;3.2500000e+01;2.8757337e-02;3.2500000e+01;4.7713794e-02;3.2500000e+01;7.1731947e-02;3.2500000e+01;1.0587236e-01;3.2500000e+01;1.4795646e-01;3.2500000e+01;1.9216093e-01;3.2500000e+01;2.2432831e-01;3.2500000e+01;2.3819759e-01;3.2500000e+01;2.3593193e-01;3.2500000e+01;2.1820506e-01;3.2500000e+01;1.8953934e-01;3.2500000e+01;1.5234840e-01;3.2500000e+01;1.1154838e-01;3.2500000e+01;7.2137490e-02;3.2500000e+01;3.3508413e-02;3.2500000e+01;-5.4145092e-03;3.2500000e+01;2.2919150e-03;3.2500000e+01;1.4447076e-02;3.2500000e+01;2.8757337e-02;3.2500000e+01;4.7713794e-02;3.2500000e+01;7.1731947e-02;3.2500000e+01;1.0587236e-01;3.2500000e+01;1.4795646e-01;3.2500000e+01;1.9216093e-01;3.2500000e+01;2.2432831e-01;3.2500000e+01;2.3819759e-01;3.2500000e+01;2.3593193e-01;3.2500000e+01;2.1820506e-01;3.2500000e+01;1.8953934e-01;3.2500000e+01;1.5234840e-01;3.2500000e+01;1.1154838e-01;3.2500000e+01;7.2137490e-02;3.2500000e+01;3.3508413e-02;3.2500000e+01;-5.4145092e-03;3.2500000e+01;2.2919150e-03;3.2500000e+01;1.4447076e-02;3.2500000e+01;2.8757337e-02;3.2500000e+01;4.7713794e-02;3.2500000e+01;7.1731947e-02;3.2500000e+01;1.0587236e-01;3.2500000e+01;1.4795646e-01;3.2500000e+01;1.9216093e-01;3.2500000e+01;2.2432831e-01;3.2500000e+01;2.3819759e-01;3.2500000e+01;2.3593193e-01;3.2500000e+01;2.1820506e-01;3.2500000e+01;1.8953934e-01;3.2500000e+01;1.5234840e-01;3.2500000e+01;1.1154838e-01;3.2500000e+01;7.2137490e-02;3.2500000e+01;3.3508413e-02;3.2500000e+01;-5.4145092e-03;3.2500000e+01;2.2919150e-03;3.2500000e+01;1.4447076e-02;3.2500000e+01;2.8757337e-02;3.2500000e+01;4.7713794e-02;3.2500000e+01;7.1731947e-02;3.2500000e+01;1.0587236e-01;3.2500000e+01;1.4795646e-01;3.2500000e+01;1.9216093e-01;3.2500000e+01;2.2432831e-01;3.2500000e+01;2.3819759e-01;3.2500000e+01;2.3593193e-01;3.2500000e+01;2.1820506e-01;3.2500000e+01;1.8953934e-01;3.2500000e+01;1.5234840e-01;3.2500000e+01;1.1154838e-01;3.2500000e+01;7.2137490e-02;3.2500000e+01;3.3508413e-02;3.2500000e+01;-5.4145092e-03;3.2500000e+01;2.2919150e-03;3.2500000e+01;1.4447076e-02;3.2500000e+01;2.8757337e-02;3.2500000e+01;4.7713794e-02;3.2500000e+01;7.1731947e-02;3.2500000e+01;1.0587236e-01;3.2500000e+01;1.4795646e-01;3.2500000e+01;1.9216093e-01;3.2500000e+01;2.2432831e-01;3.2500000e+01;2.3819759e-01;3.2500000e+01;2.3593193e-01;3.2500000e+01;2.1820506e-01;3.2500000e+01;1.8953934e-01;3.2500000e+01;1.5234840e-01;3.2500000e+01;1.1154838e-01;3.2500000e+01;7.2137490e-02;3.2500000e+01;3.3508413e-02;3.2500000e+01;-5.4145092e-03;3.2500000e+01;2.2919150e-03;3.2500000e+01;1.4447076e-02;3.2500000e+01;2.8757337e-02;3.2500000e+01;4.7713794e-02;3.2500000e+01;7.1731947e-02;3.2500000e+01;1.0587236e-01;3.2500000e+01;1.4795646e-01;3.2500000e+01;1.9216093e-01;3.2500000e+01;2.2432831e-01;3.2500000e+01;2.3819759e-01;3.2500000e+01;2.3593193e-01;3.2500000e+01;2.1820506e-01;3.2500000e+01;1.8953934e-01;3.2500000e+01;1.5234840e-01;3.2500000e+01;1.1154838e-01;3.2500000e+01;7.2137490e-02;3.2500000e+01;3.3508413e-02;3.2500000e+01;-5.4145092e-03;3.2500000e+01;2.2919150e-03;3.2500000e+01;1.4447076e-02;3.2500000e+01;2.8757337e-02;3.2500000e+01;4.7713794e-02;3.2500000e+01;7.1731947e-02;3.2500000e+01;1.0587236e-01;3.2500000e+01;1.4795646e-01;3.2500000e+01;1.9216093e-01;3.2500000e+01;2.2432831e-01;3.2500000e+01;2.3819759e-01;3.2500000e+01;2.3593193e-01;3.2500000e+01;2.1820506e-01;3.2500000e+01;1.8953934e-01;3.2500000e+01;1.5234840e-01;3.2500000e+01;1.1154838e-01;3.2500000e+01;7.2137490e-02;3.2500000e+01;3.3508413e-02;3.2500000e+01;-5.4145092e-03;3.2500000e+01;2.2919150e-03;3.2500000e+01;1.4447076e-02;3.2500000e+01;2.8757337e-02;3.2500000e+01;4.7713794e-02;3.2500000e+01;7.1731947e-02;3.2500000e+01;1.0587236e-01;3.2500000e+01;1.4795646e-01;3.2500000e+01;1.9216093e-01;3.2500000e+01;2.2432831e-01;3.2500000e+01;2.3819759e-01;3.2500000e+01;2.3593193e-01;3.2500000e+01;2.1820506e-01;3.2500000e+01;1.8953934e-01;3.2500000e+01;1.5234840e-01;3.2500000e+01;1.1154838e-01;3.2500000e+01;7.2137490e-02;3.2500000e+01;3.3508413e-02;3.2500000e+01;-5.4145092e-03;3.2500000e+01;2.2919150e-03;3.2500000e+01;1.4447076e-02;3.2500000e+01;2.8757337e-02;3.2500000e+01;4.7713794e-02;3.2500000e+01;7.1731947e-02;3.2500000e+01;1.0587236e-01;3.2500000e+01;1.4795646e-01;3.2500000e+01;1.9216093e-01;3.2500000e+01;2.2432831e-01;3.2500000e+01;2.3819759e-01;3.2500000e+01;2.3593193e-01;3.2500000e+01;2.1820506e-01;3.2500000e+01;1.8953934e-01;3.2500000e+01;1.5234840e-01;3.2500000e+01;1.1154838e-01;3.2500000e+01;7.2137490e-02;3.2500000e+01;3.3508413e-02;3.2500000e+01;-5.4145092e-03;3.2500000e+01;2.2919150e-03;3.2500000e+01;1.4447076e-02;3.2500000e+01;2.8757337e-02;3.2500000e+01;4.7713794e-02;3.2500000e+01;7.1731947e-02;3.2500000e+01;1.0587236e-01;3.2500000e+01;1.4795646e-01;3.2500000e+01;1.9216093e-01;3.2500000e+01;2.2432831e-01;3.2500000e+01;2.3819759e-01;3.2500000e+01;2.3593193e-01;3.2500000e+01;2.1820506e-01;3.2500000e+01;1.8953934e-01;3.2500000e+01;1.5234840e-01;3.2500000e+01;1.1154838e-01;3.2500000e+01;7.2137490e-02;3.2500000e+01;3.3508413e-02;3.2500000e+01;-5.4145092e-03;3.2500000e+01;2.2919150e-03;3.2500000e+01;1.4447076e-02;3.2500000e+01;2.8757337e-02;3.2500000e+01;4.7713794e-02;3.2500000e+01;7.1731947e-02;3.2500000e+01;1.0587236e-01;3.2500000e+01;1.4795646e-01;3.2500000e+01;1.9216093e-01;3.2500000e+01;2.2432831e-01;3.2500000e+01;2.3819759e-01;3.2500000e+01;2.3593193e-01;3.2500000e+01;2.1820506e-01;3.2500000e+01;1.8953934e-01;3.2500000e+01;1.5234840e-01;3.2500000e+01;1.1154838e-01;3.2500000e+01;7.2137490e-02;3.2500000e+01;3.3508413e-02;3.2500000e+01;-5.4145092e-03;3.2500000e+01;2.2919150e-03;3.2500000e+01;1.4447076e-02;3.2500000e+01;2.8757337e-02;3.2500000e+01;4.7713794e-02;3.2500000e+01;7.1731947e-02;3.2500000e+01;1.0587236e-01;3.2500000e+01;1.4795646e-01;3.2500000e+01;1.9216093e-01;3.2500000e+01;2.2432831e-01;3.2500000e+01;2.3819759e-01;3.2500000e+01;2.3593193e-01;3.2500000e+01;2.1820506e-01;3.2500000e+01;1.8953934e-01;3.2500000e+01;1.5234840e-01;3.2500000e+01;1.1154838e-01;3.2500000e+01;7.2137490e-02;3.2500000e+01;3.3508413e-02;3.2500000e+01;-5.4145092e-03;3.2500000e+01;2.2919150e-03;3.2500000e+01;1.4447076e-02;3.2500000e+01;2.8757337e-02;3.2500000e+01;4.7713794e-02;3.2500000e+01;7.1731947e-02;3.2500000e+01;1.0587236e-01;3.2500000e+01;1.4795646e-01;3.2500000e+01;1.9216093e-01;3.2500000e+01;2.2432831e-01;3.2500000e+01;2.3819759e-01;3.2500000e+01;2.3593193e-01;3.2500000e+01;2.1820506e-01;3.2500000e+01;1.8953934e-01;3.2500000e+01;1.5234840e-01;3.2500000e+01;1.1154838e-01;3.2500000e+01;7.2137490e-02;3.2500000e+01;3.3508413e-02;3.2500000e+01;-5.4145092e-03;3.2500000e+01;2.2919150e-03;3.2500000e+01;1.4447076e-02;3.2500000e+01;2.8757337e-02;3.2500000e+01;4.7713794e-02;3.2500000e+01;7.1731947e-02;3.2500000e+01;1.0587236e-01;3.2500000e+01;1.4795646e-01;3.2500000e+01;1.9216093e-01;3.2500000e+01;2.2432831e-01;3.2500000e+01;2.3819759e-01;3.2500000e+01;2.3593193e-01;3.2500000e+01;2.1820506e-01;3.2500000e+01;1.8953934e-01;3.2500000e+01;1.5234840e-01;3.2500000e+01;1.1154838e-01;3.2500000e+01;7.2137490e-02;3.2500000e+01;3.3508413e-02;3.2500000e+01;-5.4145092e-03;3.2500000e+01;2.2919150e-03;3.2500000e+01;1.4447076e-02;3.2500000e+01;2.8757337e-02;3.2500000e+01;4.7713794e-02;3.2500000e+01;7.1731947e-02;3.2500000e+01;1.0587236e-01;3.2500000e+01;1.4795646e-01;3.2500000e+01;1.9216093e-01;3.2500000e+01;2.2432831e-01;3.2500000e+01;2.3819759e-01;3.2500000e+01;2.3593193e-01;3.2500000e+01;2.1820506e-01;3.2500000e+01;1.8953934e-01;3.2500000e+01;1.5234840e-01;3.2500000e+01;1.1154838e-01;3.2500000e+01;7.2137490e-02;3.2500000e+01;3.3508413e-02;3.2500000e+01;-5.4145092e-03;3.2500000e+01;2.2919150e-03;3.2500000e+01;1.4447076e-02;3.2500000e+01;2.8757337e-02;3.2500000e+01;4.7713794e-02;3.2500000e+01;7.1731947e-02;3.2500000e+01;1.0587236e-01;3.2500000e+01;1.4795646e-01;3.2500000e+01;1.9216093e-01;3.2500000e+01;2.2432831e-01;3.2500000e+01;2.3819759e-01;3.2500000e+01;2.3593193e-01;3.2500000e+01;2.1820506e-01;3.2500000e+01;1.8953934e-01;3.2500000e+01;1.5234840e-01;3.2500000e+01;1.1154838e-01;3.2500000e+01;7.2137490e-02;3.2500000e+01;3.3508413e-02;3.2500000e+01;-5.4145092e-03;3.2500000e+01;2.2919150e-03;3.2500000e+01;1.4447076e-02;3.2500000e+01;2.8757337e-02;3.2500000e+01;4.7713794e-02;3.2500000e+01;7.1731947e-02;3.2500000e+01;1.0587236e-01;3.2500000e+01;1.4795646e-01;3.2500000e+01;1.9216093e-01;3.2500000e+01;2.2432831e-01;3.2500000e+01;2.3819759e-01;3.2500000e+01;2.3593193e-01;3.2500000e+01;2.1820506e-01;3.2500000e+01;1.8953934e-01;3.2500000e+01;1.5234840e-01;3.2500000e+01;1.1154838e-01;3.2500000e+01;7.2137490e-02;3.2500000e+01;3.3508413e-02;3.2500000e+01;-5.4145092e-03;3.2500000e+01;2.2919150e-03;3.2500000e+01;1.4447076e-02;3.2500000e+01;2.8757337e-02;3.2500000e+01;4.7713794e-02;3.2500000e+01;7.1731947e-02;3.2500000e+01;1.0587236e-01;3.2500000e+01;1.4795646e-01;3.2500000e+01;1.9216093e-01;3.2500000e+01;2.2432831e-01;3.2500000e+01;2.3819759e-01;3.2500000e+01;2.3593193e-01;3.2500000e+01;2.1820506e-01;3.2500000e+01;1.8953934e-01;3.2500000e+01;1.5234840e-01;3.2500000e+01;1.1154838e-01;3.2500000e+01;7.2137490e-02;3.2500000e+01;3.3508413e-02;3.2500000e+01;-5.4145092e-03;3.2500000e+01;2.2919150e-03;3.2500000e+01;1.4447076e-02;3.2500000e+01;2.8757337e-02;3.2500000e+01;4.7713794e-02;3.2500000e+01;7.1731947e-02;3.2500000e+01;1.0587236e-01;3.2500000e+01;1.4795646e-01;3.2500000e+01;1.9216093e-01;3.2500000e+01;2.2432831e-01;3.2500000e+01;2.3819759e-01;3.2500000e+01;2.3593193e-01;3.2500000e+01;2.1820506e-01;3.2500000e+01;1.8953934e-01;3.2500000e+01;1.5234840e-01;3.2500000e+01;1.1154838e-01;3.2500000e+01;7.2137490e-02;3.2500000e+01;3.3508413e-02;3.2500000e+01;-5.4145092e-03;3.2500000e+01;2.2919150e-03;3.2500000e+01;1.4447076e-02;3.2500000e+01;2.8757337e-02;3.2500000e+01;4.7713794e-02;3.2500000e+01;7.1731947e-02;3.2500000e+01;1.0587236e-01;3.2500000e+01;1.4795646e-01;3.2500000e+01;1.9216093e-01;3.2500000e+01;2.2432831e-01;3.2500000e+01;2.3819759e-01;3.2500000e+01;2.3593193e-01;3.2500000e+01;2.1820506e-01;3.2500000e+01;1.8953934e-01;3.2500000e+01;1.5234840e-01;3.2500000e+01;1.1154838e-01;3.2500000e+01;7.2137490e-02;3.2500000e+01;3.3508413e-02;3.2500000e+01;-5.4145092e-03;3.2500000e+01;2.2919150e-03;3.2500000e+01;1.4447076e-02;3.2500000e+01;2.8757337e-02;3.2500000e+01;4.7713794e-02;3.2500000e+01;7.1731947e-02;3.2500000e+01;1.0587236e-01;3.2500000e+01;1.4795646e-01;3.2500000e+01;1.9216093e-01;3.2500000e+01;2.2432831e-01;3.2500000e+01;2.3819759e-01;3.2500000e+01;2.3593193e-01;3.2500000e+01;2.1820506e-01;3.2500000e+01;1.8953934e-01;3.2500000e+01;1.5234840e-01;3.2500000e+01;1.1154838e-01;3.2500000e+01;7.2137490e-02;3.2500000e+01;3.3508413e-02;3.2500000e+01;-5.4145092e-03;3.2500000e+01;2.2919150e-03;3.2500000e+01;1.4447076e-02;3.2500000e+01;2.8757337e-02;3.2500000e+01;4.7713794e-02;3.2500000e+01;7.1731947e-02;3.2500000e+01;1.0587236e-01;3.2500000e+01;1.4795646e-01;3.2500000e+01;1.9216093e-01;3.2500000e+01;2.2432831e-01;3.2500000e+01;2.3819759e-01;3.2500000e+01;2.3593193e-01;3.2500000e+01;2.1820506e-01;3.2500000e+01;1.8953934e-01;3.2500000e+01;1.5234840e-01;3.2500000e+01;1.1154838e-01;3.2500000e+01;7.2137490e-02;3.2500000e+01;3.3508413e-02;3.2500000e+01;-5.4145092e-03;3.2500000e+01;2.2919150e-03;3.2500000e+01;1.4447076e-02;3.2500000e+01;2.8757337e-02;3.2500000e+01;4.7713794e-02;3.2500000e+01;7.1731947e-02;3.2500000e+01;1.0587236e-01;3.2500000e+01;1.4795646e-01;3.2500000e+01;1.9216093e-01;3.2500000e+01;2.2432831e-01;3.2500000e+01;2.3819759e-01;3.2500000e+01;2.3593193e-01;3.2500000e+01;2.1820506e-01;3.2500000e+01;1.8953934e-01;3.2500000e+01;1.5234840e-01;3.2500000e+01;1.1154838e-01;3.2500000e+01;7.2137490e-02;3.2500000e+01;3.3508413e-02;3.2500000e+01;-5.4145092e-03;3.2500000e+01;2.2919150e-03;3.2500000e+01;1.4447076e-02;3.2500000e+01;2.8757337e-02;3.2500000e+01;4.7713794e-02;3.2500000e+01;7.1731947e-02;3.2500000e+01;1.0587236e-01;3.2500000e+01;1.4795646e-01;3.2500000e+01;1.9216093e-01;3.2500000e+01;2.2432831e-01;3.2500000e+01;2.3819759e-01;3.2500000e+01;2.3593193e-01;3.2500000e+01;2.1820506e-01;3.2500000e+01;1.8953934e-01;3.2500000e+01;1.5234840e-01;3.2500000e+01;1.1154838e-01;3.2500000e+01;7.2137490e-02;3.2500000e+01;3.3508413e-02;3.2500000e+01;-5.4145092e-03;3.2500000e+01;2.2919150e-03;3.2500000e+01;1.4447076e-02;3.2500000e+01;2.8757337e-02;3.2500000e+01;4.7713794e-02;3.2500000e+01;7.1731947e-02;3.2500000e+01;1.0587236e-01;3.2500000e+01;1.4795646e-01;3.2500000e+01;1.9216093e-01;3.2500000e+01;2.2432831e-01;3.2500000e+01;2.3819759e-01;3.2500000e+01;2.3593193e-01;3.2500000e+01;2.1820506e-01;3.2500000e+01;1.8953934e-01;3.2500000e+01;1.5234840e-01;3.2500000e+01;1.1154838e-01;3.2500000e+01;7.2137490e-02;3.2500000e+01;3.3508413e-02;3.2500000e+01;-5.4145092e-03;3.2500000e+01;2.2919150e-03;3.2500000e+01;1.4447076e-02;3.2500000e+01;2.8757337e-02;3.2500000e+01;4.7713794e-02;3.2500000e+01;7.1731947e-02;3.2500000e+01;1.0587236e-01;3.2500000e+01;1.4795646e-01;3.2500000e+01;1.9216093e-01;3.2500000e+01;2.2432831e-01;3.2500000e+01;2.3819759e-01;3.2500000e+01;2.3593193e-01;3.2500000e+01;2.1820506e-01;3.2500000e+01;1.8953934e-01;3.2500000e+01;1.5234840e-01;3.2500000e+01;1.1154838e-01;3.2500000e+01;7.2137490e-02;3.2500000e+01;3.3508413e-02;3.2500000e+01;-5.4145092e-03;3.2500000e+01;2.2919150e-03;3.2500000e+01;1.4447076e-02;3.2500000e+01;2.8757337e-02;3.2500000e+01;4.7713794e-02;3.2500000e+01;7.1731947e-02;3.2500000e+01;1.0587236e-01;3.2500000e+01;1.4795646e-01;3.2500000e+01;1.9216093e-01;3.2500000e+01;2.2432831e-01;3.2500000e+01;2.3819759e-01;3.2500000e+01;2.3593193e-01;3.2500000e+01;2.1820506e-01;3.2500000e+01;1.8953934e-01;3.2500000e+01;1.5234840e-01;3.2500000e+01;1.1154838e-01;3.2500000e+01;7.2137490e-02;3.2500000e+01;3.3508413e-02;3.2500000e+01;-5.4145092e-03;3.2500000e+01;2.2919150e-03;3.2500000e+01;1.4447076e-02;3.2500000e+01;2.8757337e-02;3.2500000e+01;4.7713794e-02;3.2500000e+01;7.1731947e-02;3.2500000e+01;1.0587236e-01;3.2500000e+01;1.4795646e-01;3.2500000e+01;1.9216093e-01;3.2500000e+01;2.2432831e-01;3.2500000e+01;2.3819759e-01;3.2500000e+01;2.3593193e-01;3.2500000e+01;2.1820506e-01;3.2500000e+01;1.8953934e-01;3.2500000e+01;1.5234840e-01;3.2500000e+01;1.1154838e-01;3.2500000e+01;7.2137490e-02;3.2500000e+01;3.3508413e-02;3.2500000e+01;-5.4145092e-03;3.2500000e+01;2.2919150e-03;3.2500000e+01;1.4447076e-02;3.2500000e+01;2.8757337e-02;3.2500000e+01;4.7713794e-02;3.2500000e+01;7.1731947e-02;3.2500000e+01;1.0587236e-01;3.2500000e+01;1.4795646e-01;3.2500000e+01;1.9216093e-01;3.2500000e+01;2.2432831e-01;3.2500000e+01;2.3819759e-01;3.2500000e+01;2.3593193e-01;3.2500000e+01;2.1820506e-01;3.2500000e+01;1.8953934e-01;3.2500000e+01;1.5234840e-01;3.2500000e+01;1.1154838e-01;3.2500000e+01;7.2137490e-02;3.2500000e+01;3.3508413e-02;3.2500000e+01;-5.4145092e-03;3.2500000e+01;2.2919150e-03;3.2500000e+01;1.4447076e-02;3.2500000e+01;2.8757337e-02;3.2500000e+01;4.7713794e-02;3.2500000e+01;7.1731947e-02;3.2500000e+01;1.0587236e-01;3.2500000e+01;1.4795646e-01;3.2500000e+01;1.9216093e-01;3.2500000e+01;2.2432831e-01;3.2500000e+01;2.3819759e-01;3.2500000e+01;2.3593193e-01;3.2500000e+01;2.1820506e-01;3.2500000e+01;1.8953934e-01;3.2500000e+01;1.5234840e-01;3.2500000e+01;1.1154838e-01;3.2500000e+01;7.2137490e-02;3.2500000e+01;3.3508413e-02;3.2500000e+01;-5.4145092e-03;3.2500000e+01;2.2919150e-03;3.2500000e+01;1.4447076e-02;3.2500000e+01;2.8757337e-02;3.2500000e+01;4.7713794e-02;3.2500000e+01;7.1731947e-02;3.2500000e+01;1.0587236e-01;3.2500000e+01;1.4795646e-01;3.2500000e+01;1.9216093e-01;3.2500000e+01;2.2432831e-01;3.2500000e+01;2.3819759e-01;3.2500000e+01;2.3593193e-01;3.2500000e+01;2.1820506e-01;3.2500000e+01;1.8953934e-01;3.2500000e+01;1.5234840e-01;3.2500000e+01;1.1154838e-01;3.2500000e+01;7.2137490e-02;3.2500000e+01;3.3508413e-02;3.2500000e+01;-5.4145092e-03;3.2500000e+01;2.2919150e-03;3.2500000e+01;1.4447076e-02;3.2500000e+01;2.8757337e-02;3.2500000e+01;4.7713794e-02;3.2500000e+01;7.1731947e-02;3.2500000e+01;1.0587236e-01;3.2500000e+01;1.4795646e-01;3.2500000e+01;1.9216093e-01;3.2500000e+01;2.2432831e-01;3.2500000e+01;2.3819759e-01;3.2500000e+01;2.3593193e-01;3.2500000e+01;2.1820506e-01;3.2500000e+01;1.8953934e-01;3.2500000e+01;1.5234840e-01;3.2500000e+01;1.1154838e-01;3.2500000e+01;7.2137490e-02;3.2500000e+01;3.3508413e-02;3.2500000e+01;-5.4145092e-03;3.2500000e+01;2.2919150e-03;3.2500000e+01;1.4447076e-02;3.2500000e+01;2.8757337e-02;3.2500000e+01;4.7713794e-02;3.2500000e+01;7.1731947e-02;3.2500000e+01;1.0587236e-01;3.2500000e+01;1.4795646e-01;3.2500000e+01;1.9216093e-01;3.2500000e+01;2.2432831e-01;3.2500000e+01;2.3819759e-01;3.2500000e+01;2.3593193e-01;3.2500000e+01;2.1820506e-01;3.2500000e+01;1.8953934e-01;3.2500000e+01;1.5234840e-01;3.2500000e+01;1.1154838e-01;3.2500000e+01;7.2137490e-02;3.2500000e+01;3.3508413e-02;3.2500000e+01;-5.4145092e-03;3.2500000e+01;2.2919150e-03;3.2500000e+01;1.4447076e-02;3.2500000e+01;2.8757337e-02;3.2500000e+01;4.7713794e-02;3.2500000e+01;7.1731947e-02;3.2500000e+01;1.0587236e-01;3.2500000e+01;1.4795646e-01;3.2500000e+01;1.9216093e-01;3.2500000e+01;2.2432831e-01;3.2500000e+01;2.3819759e-01;3.2500000e+01;2.3593193e-01;3.2500000e+01;2.1820506e-01;3.2500000e+01;1.8953934e-01;3.2500000e+01;1.5234840e-01;3.2500000e+01;1.1154838e-01;3.2500000e+01;7.2137490e-02;3.2500000e+01;3.3508413e-02;3.2500000e+01;-5.4145092e-03;3.2500000e+01;2.2919150e-03;3.2500000e+01;1.4447076e-02;3.2500000e+01;2.8757337e-02;3.2500000e+01;4.7713794e-02;3.2500000e+01;7.1731947e-02;3.2500000e+01;1.0587236e-01;3.2500000e+01;1.4795646e-01;3.2500000e+01;1.9216093e-01;3.2500000e+01;2.2432831e-01;3.2500000e+01;2.3819759e-01;3.2500000e+01;2.3593193e-01;3.2500000e+01;2.1820506e-01;3.2500000e+01;1.8953934e-01;3.2500000e+01;1.5234840e-01;3.2500000e+01;1.1154838e-01;3.2500000e+01;7.2137490e-02;3.2500000e+01;3.3508413e-02;3.2500000e+01;-5.4145092e-03;3.2500000e+01;2.2919150e-03;3.2500000e+01;1.4447076e-02;3.2500000e+01;2.8757337e-02;3.2500000e+01;4.7713794e-02;3.2500000e+01;7.1731947e-02;3.2500000e+01;1.0587236e-01;3.2500000e+01;1.4795646e-01;3.2500000e+01;1.9216093e-01;3.2500000e+01;2.2432831e-01;3.2500000e+01;2.3819759e-01;3.2500000e+01;2.3593193e-01;3.2500000e+01;2.1820506e-01;3.2500000e+01;1.8953934e-01;3.2500000e+01;1.5234840e-01;3.2500000e+01;1.1154838e-01;3.2500000e+01;7.2137490e-02;3.2500000e+01;3.3508413e-02;3.2500000e+01;-5.4145092e-03;3.2500000e+01;2.2919150e-03;3.2500000e+01;1.4447076e-02;3.2500000e+01;2.8757337e-02;3.2500000e+01;4.7713794e-02;3.2500000e+01;7.1731947e-02;3.2500000e+01;1.0587236e-01;3.2500000e+01;1.4795646e-01;3.2500000e+01;1.9216093e-01;3.2500000e+01;2.2432831e-01;3.2500000e+01;2.3819759e-01;3.2500000e+01;2.3593193e-01;3.2500000e+01;2.1820506e-01;3.2500000e+01;1.8953934e-01;3.2500000e+01;1.5234840e-01;3.2500000e+01;1.1154838e-01;3.2500000e+01;7.2137490e-02;3.2500000e+01;3.3508413e-02;3.2500000e+01;-5.4145092e-03;3.2500000e+01;2.2919150e-03;3.2500000e+01;1.4447076e-02;3.2500000e+01;2.8757337e-02;3.2500000e+01;4.7713794e-02;3.2500000e+01;7.1731947e-02;3.2500000e+01;1.0587236e-01;3.2500000e+01;1.4795646e-01;3.2500000e+01;1.9216093e-01;3.2500000e+01;2.2432831e-01;3.2500000e+01;2.3819759e-01;3.2500000e+01;2.3593193e-01;3.2500000e+01;2.1820506e-01;3.2500000e+01;1.8953934e-01;3.2500000e+01;1.5234840e-01;3.2500000e+01;1.1154838e-01;3.2500000e+01;7.2137490e-02;3.2500000e+01;3.3508413e-02;3.2500000e+01;-5.4145092e-03;3.2500000e+01;2.2919150e-03;3.2500000e+01;1.4447076e-02;3.2500000e+01;2.8757337e-02;3.2500000e+01;4.7713794e-02;3.2500000e+01;7.1731947e-02;3.2500000e+01;1.0587236e-01;3.2500000e+01;1.4795646e-01;3.2500000e+01;1.9216093e-01;3.2500000e+01;2.2432831e-01;3.2500000e+01;2.3819759e-01;3.2500000e+01;2.3593193e-01;3.2500000e+01;2.1820506e-01;3.2500000e+01;1.8953934e-01;3.2500000e+01;1.5234840e-01;3.2500000e+01;1.1154838e-01;3.2500000e+01;7.2137490e-02;3.2500000e+01;3.3508413e-02;3.2500000e+01;-5.4145092e-03;3.2500000e+01;2.2919150e-03;3.2500000e+01;1.4447076e-02;3.2500000e+01;2.8757337e-02;3.2500000e+01;4.7713794e-02;3.2500000e+01;7.1731947e-02;3.2500000e+01;1.0587236e-01;3.2500000e+01;1.4795646e-01;3.2500000e+01;1.9216093e-01;3.2500000e+01;2.2432831e-01;3.2500000e+01;2.3819759e-01;3.2500000e+01;2.3593193e-01;3.2500000e+01;2.1820506e-01;3.2500000e+01;1.8953934e-01;3.2500000e+01;1.5234840e-01;3.2500000e+01;1.1154838e-01;3.2500000e+01;7.2137490e-02;3.2500000e+01;3.3508413e-02;3.2500000e+01;-5.4145092e-03;3.2500000e+01;2.2919150e-03;3.2500000e+01;1.4447076e-02;3.2500000e+01;2.8757337e-02;3.2500000e+01;4.7713794e-02;3.2500000e+01;7.1731947e-02;3.2500000e+01;1.0587236e-01;3.2500000e+01;1.4795646e-01;3.2500000e+01;1.9216093e-01;3.2500000e+01;2.2432831e-01;3.2500000e+01;2.3819759e-01;3.2500000e+01;2.3593193e-01;3.2500000e+01;2.1820506e-01;3.2500000e+01;1.8953934e-01;3.2500000e+01;1.5234840e-01;3.2500000e+01;1.1154838e-01;3.2500000e+01;7.2137490e-02;3.2500000e+01;3.3508413e-02;3.2500000e+01;-5.4145092e-03;3.2500000e+01;2.2919150e-03;3.2500000e+01;1.4447076e-02;3.2500000e+01;2.8757337e-02;3.2500000e+01;4.7713794e-02;3.2500000e+01;7.1731947e-02;3.2500000e+01;1.0587236e-01;3.2500000e+01;1.4795646e-01;3.2500000e+01;1.9216093e-01;3.2500000e+01;2.2432831e-01;3.2500000e+01;2.3819759e-01;3.2500000e+01;2.3593193e-01;3.2500000e+01;2.1820506e-01;3.2500000e+01;1.8953934e-01;3.2500000e+01;1.5234840e-01;3.2500000e+01;1.1154838e-01;3.2500000e+01;7.2137490e-02;3.2500000e+01;3.3508413e-02;3.2500000e+01;-5.4145092e-03;3.2500000e+01;2.2919150e-03;3.2500000e+01;1.4447076e-02;3.2500000e+01;2.8757337e-02;3.2500000e+01;4.7713794e-02;3.2500000e+01;7.1731947e-02;3.2500000e+01;1.0587236e-01;3.2500000e+01;1.4795646e-01;3.2500000e+01;1.9216093e-01;3.2500000e+01;2.2432831e-01;3.2500000e+01;2.3819759e-01;3.2500000e+01;2.3593193e-01;3.2500000e+01;2.1820506e-01;3.2500000e+01;1.8953934e-01;3.2500000e+01;1.5234840e-01;3.2500000e+01;1.1154838e-01;3.2500000e+01;7.2137490e-02;3.2500000e+01;3.3508413e-02;3.2500000e+01;-5.4145092e-03;3.2500000e+01;2.2919150e-03;3.2500000e+01;1.4447076e-02;3.2500000e+01;2.8757337e-02;3.2500000e+01;4.7713794e-02;3.2500000e+01;7.1731947e-02;3.2500000e+01;1.0587236e-01;3.2500000e+01;1.4795646e-01;3.2500000e+01;1.9216093e-01;3.2500000e+01;2.2432831e-01;3.2500000e+01;2.3819759e-01;3.2500000e+01;2.3593193e-01;3.2500000e+01;2.1820506e-01;3.2500000e+01;1.8953934e-01;3.2500000e+01;1.5234840e-01;3.2500000e+01;1.1154838e-01;3.2500000e+01;7.2137490e-02;3.2500000e+01;3.3508413e-02;3.2500000e+01;-5.4145092e-03;3.2500000e+01;2.2919150e-03;3.2500000e+01;1.4447076e-02;3.2500000e+01;2.8757337e-02;3.2500000e+01;4.7713794e-02;3.2500000e+01;7.1731947e-02;3.2500000e+01;1.0587236e-01;3.2500000e+01;1.4795646e-01;3.2500000e+01;1.9216093e-01;3.2500000e+01;2.2432831e-01;3.2500000e+01;2.3819759e-01;3.2500000e+01;2.3593193e-01;3.2500000e+01;2.1820506e-01;3.2500000e+01;1.8953934e-01;3.2500000e+01;1.5234840e-01;3.2500000e+01;1.1154838e-01;3.2500000e+01;7.2137490e-02;3.2500000e+01;3.3508413e-02;3.2500000e+01;-5.4145092e-03;3.2500000e+01;2.2919150e-03;3.2500000e+01;1.4447076e-02;3.2500000e+01;2.8757337e-02;3.2500000e+01;4.7713794e-02;3.2500000e+01;7.1731947e-02;3.2500000e+01;1.0587236e-01;3.2500000e+01;1.4795646e-01;3.2500000e+01;1.9216093e-01;3.2500000e+01;2.2432831e-01;3.2500000e+01;2.3819759e-01;3.2500000e+01;2.3593193e-01;3.2500000e+01;2.1820506e-01;3.2500000e+01;1.8953934e-01;3.2500000e+01;1.5234840e-01;3.2500000e+01;1.1154838e-01;3.2500000e+01;7.2137490e-02;3.2500000e+01;3.3508413e-02;3.2500000e+01;-5.4145092e-03;3.2500000e+01;2.2919150e-03;3.2500000e+01;1.4447076e-02;3.2500000e+01;2.8757337e-02;3.2500000e+01;4.7713794e-02;3.2500000e+01;7.1731947e-02;3.2500000e+01;1.0587236e-01;3.2500000e+01;1.4795646e-01;3.2500000e+01;1.9216093e-01;3.2500000e+01;2.2432831e-01;3.2500000e+01;2.3819759e-01;3.2500000e+01;2.3593193e-01;3.2500000e+01;2.1820506e-01;3.2500000e+01;1.8953934e-01;3.2500000e+01;1.5234840e-01;3.2500000e+01;1.1154838e-01;3.2500000e+01;7.2137490e-02;3.2500000e+01;3.3508413e-02;3.2500000e+01;-5.4145092e-03;3.2500000e+01;2.2919150e-03;3.2500000e+01;1.4447076e-02;3.2500000e+01;2.8757337e-02;3.2500000e+01;4.7713794e-02;3.2500000e+01;7.1731947e-02;3.2500000e+01;1.0587236e-01;3.2500000e+01;1.4795646e-01;3.2500000e+01;1.9216093e-01;3.2500000e+01;2.2432831e-01;3.2500000e+01;2.3819759e-01;3.2500000e+01;2.3593193e-01;3.2500000e+01;2.1820506e-01;3.2500000e+01;1.8953934e-01;3.2500000e+01;1.5234840e-01;3.2500000e+01;1.1154838e-01;3.2500000e+01;7.2137490e-02;3.2500000e+01;3.3508413e-02;3.2500000e+01;-5.4145092e-03;3.2500000e+01;2.2919150e-03;3.2500000e+01;1.4447076e-02;3.2500000e+01;2.8757337e-02;3.2500000e+01;4.7713794e-02;3.2500000e+01;7.1731947e-02;3.2500000e+01;1.0587236e-01;3.2500000e+01;1.4795646e-01;3.2500000e+01;1.9216093e-01;3.2500000e+01;2.2432831e-01;3.2500000e+01;2.3819759e-01;3.2500000e+01;2.3593193e-01;3.2500000e+01;2.1820506e-01;3.2500000e+01;1.8953934e-01;3.2500000e+01;1.5234840e-01;3.2500000e+01;1.1154838e-01;3.2500000e+01;7.2137490e-02;3.2500000e+01;3.3508413e-02;3.2500000e+01;-5.4145092e-03;3.2500000e+01;2.2919150e-03;3.2500000e+01;1.4447076e-02;3.2500000e+01;2.8757337e-02;3.2500000e+01;4.7713794e-02;3.2500000e+01;7.1731947e-02;3.2500000e+01;1.0587236e-01;3.2500000e+01;1.4795646e-01;3.2500000e+01;1.9216093e-01;3.2500000e+01;2.2432831e-01;3.2500000e+01;2.3819759e-01;3.2500000e+01;2.3593193e-01;3.2500000e+01;2.1820506e-01;3.2500000e+01;1.8953934e-01;3.2500000e+01;1.5234840e-01;3.2500000e+01;1.1154838e-01;3.2500000e+01;7.2137490e-02;3.2500000e+01;3.3508413e-02;3.2500000e+01;-5.4145092e-03;3.2500000e+01;2.2919150e-03;3.2500000e+01;1.4447076e-02;3.2500000e+01;2.8757337e-02;3.2500000e+01;4.7713794e-02;3.2500000e+01;7.1731947e-02;3.2500000e+01;1.0587236e-01;3.2500000e+01;1.4795646e-01;3.2500000e+01;1.9216093e-01;3.2500000e+01;2.2432831e-01;3.2500000e+01;2.3819759e-01;3.2500000e+01;2.3593193e-01;3.2500000e+01;2.1820506e-01;3.2500000e+01;1.8953934e-01;3.2500000e+01;1.5234840e-01;3.2500000e+01;1.1154838e-01;3.2500000e+01;7.2137490e-02;3.2500000e+01;3.3508413e-02;3.2500000e+01;-5.4145092e-03;3.2500000e+01;2.2919150e-03;3.2500000e+01;1.4447076e-02;3.2500000e+01;2.8757337e-02;3.2500000e+01;4.7713794e-02;3.2500000e+01;7.1731947e-02;3.2500000e+01;1.0587236e-01;3.2500000e+01;1.4795646e-01;3.2500000e+01;1.9216093e-01;3.2500000e+01;2.2432831e-01;3.2500000e+01;2.3819759e-01;3.2500000e+01;2.3593193e-01;3.2500000e+01;2.1820506e-01;3.2500000e+01;1.8953934e-01;3.2500000e+01;1.5234840e-01;3.2500000e+01;1.1154838e-01;3.2500000e+01;7.2137490e-02;3.2500000e+01;3.3508413e-02;3.2500000e+01;-5.4145092e-03;3.2500000e+01;2.2919150e-03;3.2500000e+01;1.4447076e-02;3.2500000e+01;2.8757337e-02;3.2500000e+01;4.7713794e-02;3.2500000e+01;7.1731947e-02;3.2500000e+01;1.0587236e-01;3.2500000e+01;1.4795646e-01;3.2500000e+01;1.9216093e-01;3.2500000e+01;2.2432831e-01;3.2500000e+01;2.3819759e-01;3.2500000e+01;2.3593193e-01;3.2500000e+01;2.1820506e-01;3.2500000e+01;1.8953934e-01;3.2500000e+01;1.5234840e-01;3.2500000e+01;1.1154838e-01;3.2500000e+01;7.2137490e-02;3.2500000e+01;3.3508413e-02;3.2500000e+01;-5.4145092e-03;3.2500000e+01;2.2919150e-03;3.2500000e+01;1.4447076e-02;3.2500000e+01;2.8757337e-02;3.2500000e+01;4.7713794e-02;3.2500000e+01;7.1731947e-02;3.2500000e+01;1.0587236e-01;3.2500000e+01;1.4795646e-01;3.2500000e+01;1.9216093e-01;3.2500000e+01;2.2432831e-01;3.2500000e+01;2.3819759e-01;3.2500000e+01;2.3593193e-01;3.2500000e+01;2.1820506e-01;3.2500000e+01;1.8953934e-01;3.2500000e+01;1.5234840e-01;3.2500000e+01;1.1154838e-01;3.2500000e+01;7.2137490e-02;3.2500000e+01;3.3508413e-02;3.2500000e+01;-5.4145092e-03;3.2500000e+01;2.2919150e-03;3.2500000e+01;1.4447076e-02;3.2500000e+01;2.8757337e-02;3.2500000e+01;4.7713794e-02;3.2500000e+01;7.1731947e-02;3.2500000e+01;1.0587236e-01;3.2500000e+01;1.4795646e-01;3.2500000e+01;1.9216093e-01;3.2500000e+01;2.2432831e-01;3.2500000e+01;2.3819759e-01;3.2500000e+01;2.3593193e-01;3.2500000e+01;2.1820506e-01;3.2500000e+01;1.8953934e-01;3.2500000e+01;1.5234840e-01;3.2500000e+01;1.1154838e-01;3.2500000e+01;7.2137490e-02;3.2500000e+01;3.3508413e-02;3.2500000e+01;-5.4145092e-03;3.2500000e+01;2.2919150e-03;3.2500000e+01;1.4447076e-02;3.2500000e+01;2.8757337e-02;3.2500000e+01;4.7713794e-02;3.2500000e+01;7.1731947e-02;3.2500000e+01;1.0587236e-01;3.2500000e+01;1.4795646e-01;3.2500000e+01;1.9216093e-01;3.2500000e+01;2.2432831e-01;3.2500000e+01;2.3819759e-01;3.2500000e+01;2.3593193e-01;3.2500000e+01;2.1820506e-01;3.2500000e+01;1.8953934e-01;3.2500000e+01;1.5234840e-01;3.2500000e+01;1.1154838e-01;3.2500000e+01;7.2137490e-02;3.2500000e+01;3.3508413e-02;3.2500000e+01;-5.4145092e-03;3.2500000e+01;2.2919150e-03;3.2500000e+01;1.4447076e-02;3.2500000e+01;2.8757337e-02;3.2500000e+01;4.7713794e-02;3.2500000e+01;7.1731947e-02;3.2500000e+01;1.0587236e-01;3.2500000e+01;1.4795646e-01;3.2500000e+01;1.9216093e-01;3.2500000e+01;2.2432831e-01;3.2500000e+01;2.3819759e-01;3.2500000e+01;2.3593193e-01;3.2500000e+01;2.1820506e-01;3.2500000e+01;1.8953934e-01;3.2500000e+01;1.5234840e-01;3.2500000e+01;1.1154838e-01;3.2500000e+01;7.2137490e-02;3.2500000e+01;3.3508413e-02;3.2500000e+01;-5.4145092e-03;3.2500000e+01;2.2919150e-03;3.2500000e+01;1.4447076e-02;3.2500000e+01;2.8757337e-02;3.2500000e+01;4.7713794e-02;3.2500000e+01;7.1731947e-02;3.2500000e+01;1.0587236e-01;3.2500000e+01;1.4795646e-01;3.2500000e+01;1.9216093e-01;3.2500000e+01;2.2432831e-01;3.2500000e+01;2.3819759e-01;3.2500000e+01;2.3593193e-01;3.2500000e+01;2.1820506e-01;3.2500000e+01;1.8953934e-01;3.2500000e+01;1.5234840e-01;3.2500000e+01;1.1154838e-01;3.2500000e+01;7.2137490e-02;3.2500000e+01;3.3508413e-02;3.2500000e+01;-5.4145092e-03;3.2500000e+01;2.2919150e-03;3.2500000e+01;1.4447076e-02;3.2500000e+01;2.8757337e-02;3.2500000e+01;4.7713794e-02;3.2500000e+01;7.1731947e-02;3.2500000e+01;1.0587236e-01;3.2500000e+01;1.4795646e-01;3.2500000e+01;1.9216093e-01;3.2500000e+01;2.2432831e-01;3.2500000e+01;2.3819759e-01;3.2500000e+01;2.3593193e-01;3.2500000e+01;2.1820506e-01;3.2500000e+01;1.8953934e-01;3.2500000e+01;1.5234840e-01;3.2500000e+01;1.1154838e-01;3.2500000e+01;7.2137490e-02;3.2500000e+01;3.3508413e-02;3.2500000e+01;-5.4145092e-03;3.2500000e+01;2.2919150e-03;3.2500000e+01;1.4447076e-02;3.2500000e+01;2.8757337e-02;3.2500000e+01;4.7713794e-02;3.2500000e+01;7.1731947e-02;3.2500000e+01;1.0587236e-01;3.2500000e+01;1.4795646e-01;3.2500000e+01;1.9216093e-01;3.2500000e+01;2.2432831e-01;3.2500000e+01;2.3819759e-01;3.2500000e+01;2.3593193e-01;3.2500000e+01;2.1820506e-01;3.2500000e+01;1.8953934e-01;3.2500000e+01;1.5234840e-01;3.2500000e+01;1.1154838e-01;3.2500000e+01;7.2137490e-02;3.2500000e+01;3.3508413e-02;3.2500000e+01;-5.4145092e-03;3.2500000e+01;2.2919150e-03;3.2500000e+01;1.4447076e-02;3.2500000e+01;2.8757337e-02;3.2500000e+01;4.7713794e-02;3.2500000e+01;7.1731947e-02;3.2500000e+01;1.0587236e-01;3.2500000e+01;1.4795646e-01;3.2500000e+01;1.9216093e-01;3.2500000e+01;2.2432831e-01;3.2500000e+01;2.3819759e-01;3.2500000e+01;2.3593193e-01;3.2500000e+01;2.1820506e-01;3.2500000e+01;1.8953934e-01;3.2500000e+01;1.5234840e-01;3.2500000e+01;1.1154838e-01;3.2500000e+01;7.2137490e-02;3.2500000e+01;3.3508413e-02;3.2500000e+01;-5.4145092e-03;3.2500000e+01;2.2919150e-03;3.2500000e+01;1.4447076e-02;3.2500000e+01;2.8757337e-02;3.2500000e+01;4.7713794e-02;3.2500000e+01;7.1731947e-02;3.2500000e+01;1.0587236e-01;3.2500000e+01;1.4795646e-01;3.2500000e+01;1.9216093e-01;3.2500000e+01;2.2432831e-01;3.2500000e+01;2.3819759e-01;3.2500000e+01;2.3593193e-01;3.2500000e+01;2.1820506e-01;3.2500000e+01;1.8953934e-01;3.2500000e+01;1.5234840e-01;3.2500000e+01;1.1154838e-01;3.2500000e+01;7.2137490e-02;3.2500000e+01;3.3508413e-02;3.2500000e+01;-5.4145092e-03;3.2500000e+01;2.2919150e-03;3.2500000e+01;1.4447076e-02;3.2500000e+01;2.8757337e-02;3.2500000e+01;4.7713794e-02;3.2500000e+01;7.1731947e-02;3.2500000e+01;1.0587236e-01;3.2500000e+01;1.4795646e-01;3.2500000e+01;1.9216093e-01;3.2500000e+01;2.2432831e-01;3.2500000e+01;2.3819759e-01;3.2500000e+01;2.3593193e-01;3.2500000e+01;2.1820506e-01;3.2500000e+01;1.8953934e-01;3.2500000e+01;1.5234840e-01;3.2500000e+01;1.1154838e-01;3.2500000e+01;7.2137490e-02;3.2500000e+01;3.3508413e-02;3.2500000e+01;-5.4145092e-03;3.2500000e+01;2.2919150e-03;3.2500000e+01;1.4447076e-02;3.2500000e+01;2.8757337e-02;3.2500000e+01;4.7713794e-02;3.2500000e+01;7.1731947e-02;3.2500000e+01;1.0587236e-01;3.2500000e+01;1.4795646e-01;3.2500000e+01;1.9216093e-01;3.2500000e+01;2.2432831e-01;3.2500000e+01;2.3819759e-01;3.2500000e+01;2.3593193e-01;3.2500000e+01;2.1820506e-01;3.2500000e+01;1.8953934e-01;3.2500000e+01;1.5234840e-01;3.2500000e+01;1.1154838e-01;3.2500000e+01;7.2137490e-02;3.2500000e+01;3.3508413e-02;3.2500000e+01;-5.4145092e-03;3.2500000e+01;2.2919150e-03;3.2500000e+01;1.4447076e-02;3.2500000e+01;2.8757337e-02;3.2500000e+01;4.7713794e-02;3.2500000e+01;7.1731947e-02;3.2500000e+01;1.0587236e-01;3.2500000e+01;1.4795646e-01;3.2500000e+01;1.9216093e-01;3.2500000e+01;2.2432831e-01;3.2500000e+01;2.3819759e-01;3.2500000e+01;2.3593193e-01;3.2500000e+01;2.1820506e-01;3.2500000e+01;1.8953934e-01;3.2500000e+01;1.5234840e-01;3.2500000e+01;1.1154838e-01;3.2500000e+01;7.2137490e-02;3.2500000e+01;3.3508413e-02;3.2500000e+01;-5.4145092e-03;3.2500000e+01;2.2919150e-03;3.2500000e+01;1.4447076e-02;3.2500000e+01;2.8757337e-02;3.2500000e+01;4.7713794e-02;3.2500000e+01;7.1731947e-02;3.2500000e+01;1.0587236e-01;3.2500000e+01;1.4795646e-01;3.2500000e+01;1.9216093e-01;3.2500000e+01;2.2432831e-01;3.2500000e+01;2.3819759e-01;3.2500000e+01;2.3593193e-01;3.2500000e+01;2.1820506e-01;3.2500000e+01;1.8953934e-01;3.2500000e+01;1.5234840e-01;3.2500000e+01;1.1154838e-01;3.2500000e+01;7.2137490e-02;3.2500000e+01;3.3508413e-02;3.2500000e+01;-5.4145092e-03;3.2500000e+01;2.2919150e-03;3.2500000e+01;1.4447076e-02;3.2500000e+01;2.8757337e-02;3.2500000e+01;4.7713794e-02;3.2500000e+01;7.1731947e-02;3.2500000e+01;1.0587236e-01;3.2500000e+01;1.4795646e-01;3.2500000e+01;1.9216093e-01;3.2500000e+01;2.2432831e-01;3.2500000e+01;2.3819759e-01;3.2500000e+01;2.3593193e-01;3.2500000e+01;2.1820506e-01;3.2500000e+01;1.8953934e-01;3.2500000e+01;1.5234840e-01;3.2500000e+01;1.1154838e-01;3.2500000e+01;7.2137490e-02;3.2500000e+01;3.3508413e-02;3.2500000e+01;-5.4145092e-03;3.2500000e+01;2.2919150e-03;3.2500000e+01;1.4447076e-02;3.2500000e+01;2.8757337e-02;3.2500000e+01;4.7713794e-02;3.2500000e+01;7.1731947e-02;3.2500000e+01;1.0587236e-01;3.2500000e+01;1.4795646e-01;3.2500000e+01;1.9216093e-01;3.2500000e+01;2.2432831e-01;3.2500000e+01;2.3819759e-01;3.2500000e+01;2.3593193e-01;3.2500000e+01;2.1820506e-01;3.2500000e+01;1.8953934e-01;3.2500000e+01;1.5234840e-01;3.2500000e+01;1.1154838e-01;3.2500000e+01;7.2137490e-02;3.2500000e+01;3.3508413e-02;3.2500000e+01;-5.4145092e-03;3.2500000e+01;2.2919150e-03;3.2500000e+01;1.4447076e-02;3.2500000e+01;2.8757337e-02;3.2500000e+01;4.7713794e-02;3.2500000e+01;7.1731947e-02;3.2500000e+01;1.0587236e-01;3.2500000e+01;1.4795646e-01;3.2500000e+01;1.9216093e-01;3.2500000e+01;2.2432831e-01;3.2500000e+01;2.3819759e-01;3.2500000e+01;2.3593193e-01;3.2500000e+01;2.1820506e-01;3.2500000e+01;1.8953934e-01;3.2500000e+01;1.5234840e-01;3.2500000e+01;1.1154838e-01;3.2500000e+01;7.2137490e-02;3.2500000e+01;3.3508413e-02
3.7500000e+01;-3.0305618e-03;3.7500000e+01;5.0423993e-03;3.7500000e+01;1.9620664e-02;3.7500000e+01;3.8035110e-02;3.7500000e+01;5.7513744e-02;3.7500000e+01;8.0841884e-02;3.7500000e+01;1.1164287e-01;3.7500000e+01;1.5376642e-01;3.7500000e+01;1.9894825e-01;3.7500000e+01;2.3453611e-01;3.7500000e+01;2.5003880e-01;3.7500000e+01;2.4676415e-01;3.7500000e+01;2.2440150e-01;3.7500000e+01;1.9221240e-01;3.7500000e+01;1.5334243e-01;3.7500000e+01;1.1156150e-01;3.7500000e+01;7.2634563e-02;3.7500000e+01;3.4743264e-02;3.7500000e+01;-3.0305618e-03;3.7500000e+01;5.0423993e-03;3.7500000e+01;1.9620664e-02;3.7500000e+01;3.8035110e-02;3.7500000e+01;5.7513744e-02;3.7500000e+01;8.0841884e-02;3.7500000e+01;1.1164287e-01;3.7500000e+01;1.5376642e-01;3.7500000e+01;1.9894825e-01;3.7500000e+01;2.3453611e-01;3.7500000e+01;2.5003880e-01;3.7500000e+01;2.4676415e-01;3.7500000e+01;2.2440150e-01;3.7500000e+01;1.9221240e-01;3.7500000e+01;1.5334243e-01;3.7500000e+01;1.1156150e-01;3.7500000e+01;7.2634563e-02;3.7500000e+01;3.4743264e-02;3.7500000e+01;-3.0305618e-03;3.7500000e+01;5.0423993e-03;3.7500000e+01;1.9620664e-02;3.7500000e+01;3.8035110e-02;3.7500000e+01;5.7513744e-02;3.7500000e+01;8.0841884e-02;3.7500000e+01;1.1164287e-01;3.7500000e+01;1.5376642e-01;3.7500000e+01;1.9894825e-01;3.7500000e+01;2.3453611e-01;3.7500000e+01;2.5003880e-01;3.7500000e+01;2.4676415e-01;3.7500000e+01;2.2440150e-01;3.7500000e+01;1.9221240e-01;3.7500000e+01;1.5334243e-01;3.7500000e+01;1.1156150e-01;3.7500000e+01;7.2634563e-02;3.7500000e+01;3.4743264e-02;3.7500000e+01;-3.0305618e-03;3.7500000e+01;5.0423993e-03;3.7500000e+01;1.9620664e-02;3.7500000e+01;3.8035110e-02;3.7500000e+01;5.7513744e-02;3.7500000e+01;8.0841884e-02;3.7500000e+01;1.1164287e-01;3.7500000e+01;1.5376642e-01;3.7500000e+01;1.9894825e-01;3.7500000e+01;2.3453611e-01;3.7500000e+01;2.5003880e-01;3.7500000e+01;2.4676415e-01;3.7500000e+01;2.2440150e-01;3.7500000e+01;1.9221240e-01;3.7500000e+01;1.5334243e-01;3.7500000e+01;1.1156150e-01;3.7500000e+01;7.2634563e-02;3.7500000e+01;3.4743264e-02;3.7500000e+01;-3.0305618e-03;3.7500000e+01;5.0423993e-03;3.7500000e+01;1.9620664e-02;3.7500000e+01;3.8035110e-02;3.7500000e+01;5.7513744e-02;3.7500000e+01;8.0841884e-02;3.7500000e+01;1.1164287e-01;3.7500000e+01;1.5376642e-01;3.7500000e+01;1.9894825e-01;3.7500000e+01;2.3453611e-01;3.7500000e+01;2.5003880e-01;3.7500000e+01;2.4676415e-01;3.7500000e+01;2.2440150e-01;3.7500000e+01;1.9221240e-01;3.7500000e+01;1.5334243e-01;3.7500000e+01;1.1156150e-01;3.7500000e+01;7.2634563e-02;3.7500000e+01;3.4743264e-02;3.7500000e+01;-3.0305618e-03;3.7500000e+01;5.0423993e-03;3.7500000e+01;1.9620664e-02;3.7500000e+01;3.8035110e-02;3.7500000e+01;5.7513744e-02;3.7500000e+01;8.0841884e-02;3.7500000e+01;1.1164287e-01;3.7500000e+01;1.5376642e-01;3.7500000e+01;1.9894825e-01;3.7500000e+01;2.3453611e-01;3.7500000e+01;2.5003880e-01;3.7500000e+01;2.4676415e-01;3.7500000e+01;2.2440150e-01;3.7500000e+01;1.9221240e-01;3.7500000e+01;1.5334243e-01;3.7500000e+01;1.1156150e-01;3.7500000e+01;7.2634563e-02;3.7500000e+01;3.4743264e-02;3.7500000e+01;-3.0305618e-03;3.7500000e+01;5.0423993e-03;3.7500000e+01;1.9620664e-02;3.7500000e+01;3.8035110e-02;3.7500000e+01;5.7513744e-02;3.7500000e+01;8.0841884e-02;3.7500000e+01;1.1164287e-01;3.7500000e+01;1.5376642e-01;3.7500000e+01;1.9894825e-01;3.7500000e+01;2.3453611e-01;3.7500000e+01;2.5003880e-01;3.7500000e+01;2.4676415e-01;3.7500000e+01;2.2440150e-01;3.7500000e+01;1.9221240e-01;3.7500000e+01;1.5334243e-01;3.7500000e+01;1.1156150e-01;3.7500000e+01;7.2634563e-02;3.7500000e+01;3.4743264e-02;3.7500000e+01;-3.0305618e-03;3.7500000e+01;5.0423993e-03;3.7500000e+01;1.9620664e-02;3.7500000e+01;3.8035110e-02;3.7500000e+01;5.7513744e-02;3.7500000e+01;8.0841884e-02;3.7500000e+01;1.1164287e-01;3.7500000e+01;1.5376642e-01;3.7500000e+01;1.9894825e-01;3.7500000e+01;2.3453611e-01;3.7500000e+01;2.5003880e-01;3.7500000e+01;2.4676415e-01;3.7500000e+01;2.2440150e-01;3.7500000e+01;1.9221240e-01;3.7500000e+01;1.5334243e-01;3.7500000e+01;1.1156150e-01;3.7500000e+01;7.2634563e-02;3.7500000e+01;3.4743264e-02;3.7500000e+01;-3.0305618e-03;3.7500000e+01;5.0423993e-03;3.7500000e+01;1.9620664e-02;3.7500000e+01;3.8035110e-02;3.7500000e+01;5.7513744e-02;3.7500000e+01;8.0841884e-02;3.7500000e+01;1.1164287e-01;3.7500000e+01;1.5376642e-01;3.7500000e+01;1.9894825e-01;3.7500000e+01;2.3453611e-01;3.7500000e+01;2.5003880e-01;3.7500000e+01;2.4676415e-01;3.7500000e+01;2.2440150e-01;3.7500000e+01;1.9221240e-01;3.7500000e+01;1.5334243e-01;3.7500000e+01;1.1156150e-01;3.7500000e+01;7.2634563e-02;3.7500000e+01;3.4743264e-02;3.7500000e+01;-3.0305618e-03;3.7500000e+01;5.0423993e-03;3.7500000e+01;1.9620664e-02;3.7500000e+01;3.8035110e-02;3.7500000e+01;5.7513744e-02;3.7500000e+01;8.0841884e-02;3.7500000e+01;1.1164287e-01;3.7500000e+01;1.5376642e-01;3.7500000e+01;1.9894825e-01;3.7500000e+01;2.3453611e-01;3.7500000e+01;2.5003880e-01;3.7500000e+01;2.4676415e-01;3.7500000e+01;2.2440150e-01;3.7500000e+01;1.9221240e-01;3.7500000e+01;1.5334243e-01;3.7500000e+01;1.1156150e-01;3.7500000e+01;7.2634563e-02;3.7500000e+01;3.4743264e-02;3.7500000e+01;-3.0305618e-03;3.7500000e+01;5.0423993e-03;3.7500000e+01;1.9620664e-02;3.7500000e+01;3.8035110e-02;3.7500000e+01;5.7513744e-02;3.7500000e+01;8.0841884e-02;3.7500000e+01;1.1164287e-01;3.7500000e+01;1.5376642e-01;3.7500000e+01;1.9894825e-01;3.7500000e+01;2.3453611e-01;3.7500000e+01;2.5003880e-01;3.7500000e+01;2.4676415e-01;3.7500000e+01;2.2440150e-01;3.7500000e+01;1.9221240e-01;3.7500000e+01;1.5334243e-01;3.7500000e+01;1.1156150e-01;3.7500000e+01;7.2634563e-02;3.7500000e+01;3.4743264e-02;3.7500000e+01;-3.0305618e-03;3.7500000e+01;5.0423993e-03;3.7500000e+01;1.9620664e-02;3.7500000e+01;3.8035110e-02;3.7500000e+01;5.7513744e-02;3.7500000e+01;8.0841884e-02;3.7500000e+01;1.1164287e-01;3.7500000e+01;1.5376642e-01;3.7500000e+01;1.9894825e-01;3.7500000e+01;2.3453611e-01;3.7500000e+01;2.5003880e-01;3.7500000e+01;2.4676415e-01;3.7500000e+01;2.2440150e-01;3.7500000e+01;1.9221240e-01;3.7500000e+01;1.5334243e-01;3.7500000e+01;1.1156150e-01;3.7500000e+01;7.2634563e-02;3.7500000e+01;3.4743264e-02;3.7500000e+01;-3.0305618e-03;3.7500000e+01;5.0423993e-03;3.7500000e+01;1.9620664e-02;3.7500000e+01;3.8035110e-02;3.7500000e+01;5.7513744e-02;3.7500000e+01;8.0841884e-02;3.7500000e+01;1.1164287e-01;3.7500000e+01;1.5376642e-01;3.7500000e+01;1.9894825e-01;3.7500000e+01;2.3453611e-01;3.7500000e+01;2.5003880e-01;3.7500000e+01;2.4676415e-01;3.7500000e+01;2.2440150e-01;3.7500000e+01;1.9221240e-01;3.7500000e+01;1.5334243e-01;3.7500000e+01;1.1156150e-01;3.7500000e+01;7.2634563e-02;3.7500000e+01;3.4743264e-02;3.7500000e+01;-3.0305618e-03;3.7500000e+01;5.0423993e-03;3.7500000e+01;1.9620664e-02;3.7500000e+01;3.8035110e-02;3.7500000e+01;5.7513744e-02;3.7500000e+01;8.0841884e-02;3.7500000e+01;1.1164287e-01;3.7500000e+01;1.5376642e-01;3.7500000e+01;1.9894825e-01;3.7500000e+01;2.3453611e-01;3.7500000e+01;2.5003880e-01;3.7500000e+01;2.4676415e-01;3.7500000e+01;2.2440150e-01;3.7500000e+01;1.9221240e-01;3.7500000e+01;1.5334243e-01;3.7500000e+01;1.1156150e-01;3.7500000e+01;7.2634563e-02;3.7500000e+01;3.4743264e-02;3.7500000e+01;-3.0305618e-03;3.7500000e+01;5.0423993e-03;3.7500000e+01;1.9620664e-02;3.7500000e+01;3.8035110e-02;3.7500000e+01;5.7513744e-02;3.7500000e+01;8.0841884e-02;3.7500000e+01;1.1164287e-01;3.7500000e+01;1.5376642e-01;3.7500000e+01;1.9894825e-01;3.7500000e+01;2.3453611e-01;3.7500000e+01;2.5003880e-01;3.7500000e+01;2.4676415e-01;3.7500000e+01;2.2440150e-01;3.7500000e+01;1.9221240e-01;3.7500000e+01;1.5334243e-01;3.7500000e+01;1.1156150e-01;3.7500000e+01;7.2634563e-02;3.7500000e+01;3.4743264e-02;3.7500000e+01;-3.0305618e-03;3.7500000e+01;5.0423993e-03;3.7500000e+01;1.9620664e-02;3.7500000e+01;3.8035110e-02;3.7500000e+01;5.7513744e-02;3.7500000e+01;8.0841884e-02;3.7500000e+01;1.1164287e-01;3.7500000e+01;1.5376642e-01;3.7500000e+01;1.9894825e-01;3.7500000e+01;2.3453611e-01;3.7500000e+01;2.5003880e-01;3.7500000e+01;2.4676415e-01;3.7500000e+01;2.2440150e-01;3.7500000e+01;1.9221240e-01;3.7500000e+01;1.5334243e-01;3.7500000e+01;1.1156150e-01;3.7500000e+01;7.2634563e-02;3.7500000e+01;3.4743264e-02;3.7500000e+01;-3.0305618e-03;3.7500000e+01;5.0423993e-03;3.7500000e+01;1.9620664e-02;3.7500000e+01;3.8035110e-02;3.7500000e+01;5.7513744e-02;3.7500000e+01;8.0841884e-02;3.7500000e+01;1.1164287e-01;3.7500000e+01;1.5376642e-01;3.7500000e+01;1.9894825e-01;3.7500000e+01;2.3453611e-01;3.7500000e+01;2.5003880e-01;3.7500000e+01;2.4676415e-01;3.7500000e+01;2.2440150e-01;3.7500000e+01;1.9221240e-01;3.7500000e+01;1.5334243e-01;3.7500000e+01;1.1156150e-01;3.7500000e+01;7.2634563e-02;3.7500000e+01;3.4743264e-02;3.7500000e+01;-3.0305618e-03;3.7500000e+01;5.0423993e-03;3.7500000e+01;1.9620664e-02;3.7500000e+01;3.8035110e-02;3.7500000e+01;5.7513744e-02;3.7500000e+01;8.0841884e-02;3.7500000e+01;1.1164287e-01;3.7500000e+01;1.5376642e-01;3.7500000e+01;1.9894825e-01;3.7500000e+01;2.3453611e-01;3.7500000e+01;2.5003880e-01;3.7500000e+01;2.4676415e-01;3.7500000e+01;2.2440150e-01;3.7500000e+01;1.9221240e-01;3.7500000e+01;1.5334243e-01;3.7500000e+01;1.1156150e-01;3.7500000e+01;7.2634563e-02;3.7500000e+01;3.4743264e-02;3.7500000e+01;-3.0305618e-03;3.7500000e+01;5.0423993e-03;3.7500000e+01;1.9620664e-02;3.7500000e+01;3.8035110e-02;3.7500000e+01;5.7513744e-02;3.7500000e+01;8.0841884e-02;3.7500000e+01;1.1164287e-01;3.7500000e+01;1.5376642e-01;3.7500000e+01;1.9894825e-01;3.7500000e+01;2.3453611e-01;3.7500000e+01;2.5003880e-01;3.7500000e+01;2.4676415e-01;3.7500000e+01;2.2440150e-01;3.7500000e+01;1.9221240e-01;3.7500000e+01;1.5334243e-01;3.7500000e+01;1.1156150e-01;3.7500000e+01;7.2634563e-02;3.7500000e+01;3.4743264e-02;3.7500000e+01;-3.0305618e-03;3.7500000e+01;5.0423993e-03;3.7500000e+01;1.9620664e-02;3.7500000e+01;3.8035110e-02;3.7500000e+01;5.7513744e-02;3.7500000e+01;8.0841884e-02;3.7500000e+01;1.1164287e-01;3.7500000e+01;1.5376642e-01;3.7500000e+01;1.9894825e-01;3.7500000e+01;2.3453611e-01;3.7500000e+01;2.5003880e-01;3.7500000e+01;2.4676415e-01;3.7500000e+01;2.2440150e-01;3.7500000e+01;1.9221240e-01;3.7500000e+01;1.5334243e-01;3.7500000e+01;1.1156150e-01;3.7500000e+01;7.2634563e-02;3.7500000e+01;3.4743264e-02;3.7500000e+01;-3.0305618e-03;3.7500000e+01;5.0423993e-03;3.7500000e+01;1.9620664e-02;3.7500000e+01;3.8035110e-02;3.7500000e+01;5.7513744e-02;3.7500000e+01;8.0841884e-02;3.7500000e+01;1.1164287e-01;3.7500000e+01;1.5376642e-01;3.7500000e+01;1.9894825e-01;3.7500000e+01;2.3453611e-01;3.7500000e+01;2.5003880e-01;3.7500000e+01;2.4676415e-01;3.7500000e+01;2.2440150e-01;3.7500000e+01;1.9221240e-01;3.7500000e+01;1.5334243e-01;3.7500000e+01;1.1156150e-01;3.7500000e+01;7.2634563e-02;3.7500000e+01;3.4743264e-02;3.7500000e+01;-3.0305618e-03;3.7500000e+01;5.0423993e-03;3.7500000e+01;1.9620664e-02;3.7500000e+01;3.8035110e-02;3.7500000e+01;5.7513744e-02;3.7500000e+01;8.0841884e-02;3.7500000e+01;1.1164287e-01;3.7500000e+01;1.5376642e-01;3.7500000e+01;1.9894825e-01;3.7500000e+01;2.3453611e-01;3.7500000e+01;2.5003880e-01;3.7500000e+01;2.4676415e-01;3.7500000e+01;2.2440150e-01;3.7500000e+01;1.9221240e-01;3.7500000e+01;1.5334243e-01;3.7500000e+01;1.1156150e-01;3.7500000e+01;7.2634563e-02;3.7500000e+01;3.4743264e-02;3.7500000e+01;-3.0305618e-03;3.7500000e+01;5.0423993e-03;3.7500000e+01;1.9620664e-02;3.7500000e+01;3.8035110e-02;3.7500000e+01;5.7513744e-02;3.7500000e+01;8.0841884e-02;3.7500000e+01;1.1164287e-01;3.7500000e+01;1.5376642e-01;3.7500000e+01;1.9894825e-01;3.7500000e+01;2.3453611e-01;3.7500000e+01;2.5003880e-01;3.7500000e+01;2.4676415e-01;3.7500000e+01;2.2440150e-01;3.7500000e+01;1.9221240e-01;3.7500000e+01;1.5334243e-01;3.7500000e+01;1.1156150e-01;3.7500000e+01;7.2634563e-02;3.7500000e+01;3.4743264e-02;3.7500000e+01;-3.0305618e-03;3.7500000e+01;5.0423993e-03;3.7500000e+01;1.9620664e-02;3.7500000e+01;3.8035110e-02;3.7500000e+01;5.7513744e-02;3.7500000e+01;8.0841884e-02;3.7500000e+01;1.1164287e-01;3.7500000e+01;1.5376642e-01;3.7500000e+01;1.9894825e-01;3.7500000e+01;2.3453611e-01;3.7500000e+01;2.5003880e-01;3.7500000e+01;2.4676415e-01;3.7500000e+01;2.2440150e-01;3.7500000e+01;1.9221240e-01;3.7500000e+01;1.5334243e-01;3.7500000e+01;1.1156150e-01;3.7500000e+01;7.2634563e-02;3.7500000e+01;3.4743264e-02;3.7500000e+01;-3.0305618e-03;3.7500000e+01;5.0423993e-03;3.7500000e+01;1.9620664e-02;3.7500000e+01;3.8035110e-02;3.7500000e+01;5.7513744e-02;3.7500000e+01;8.0841884e-02;3.7500000e+01;1.1164287e-01;3.7500000e+01;1.5376642e-01;3.7500000e+01;1.9894825e-01;3.7500000e+01;2.3453611e-01;3.7500000e+01;2.5003880e-01;3.7500000e+01;2.4676415e-01;3.7500000e+01;2.2440150e-01;3.7500000e+01;1.9221240e-01;3.7500000e+01;1.5334243e-01;3.7500000e+01;1.1156150e-01;3.7500000e+01;7.2634563e-02;3.7500000e+01;3.4743264e-02;3.7500000e+01;-3.0305618e-03;3.7500000e+01;5.0423993e-03;3.7500000e+01;1.9620664e-02;3.7500000e+01;3.8035110e-02;3.7500000e+01;5.7513744e-02;3.7500000e+01;8.0841884e-02;3.7500000e+01;1.1164287e-01;3.7500000e+01;1.5376642e-01;3.7500000e+01;1.9894825e-01;3.7500000e+01;2.3453611e-01;3.7500000e+01;2.5003880e-01;3.7500000e+01;2.4676415e-01;3.7500000e+01;2.2440150e-01;3.7500000e+01;1.9221240e-01;3.7500000e+01;1.5334243e-01;3.7500000e+01;1.1156150e-01;3.7500000e+01;7.2634563e-02;3.7500000e+01;3.4743264e-02;3.7500000e+01;-3.0305618e-03;3.7500000e+01;5.0423993e-03;3.7500000e+01;1.9620664e-02;3.7500000e+01;3.8035110e-02;3.7500000e+01;5.7513744e-02;3.7500000e+01;8.0841884e-02;3.7500000e+01;1.1164287e-01;3.7500000e+01;1.5376642e-01;3.7500000e+01;1.9894825e-01;3.7500000e+01;2.3453611e-01;3.7500000e+01;2.5003880e-01;3.7500000e+01;2.4676415e-01;3.7500000e+01;2.2440150e-01;3.7500000e+01;1.9221240e-01;3.7500000e+01;1.5334243e-01;3.7500000e+01;1.1156150e-01;3.7500000e+01;7.2634563e-02;3.7500000e+01;3.4743264e-02;3.7500000e+01;-3.0305618e-03;3.7500000e+01;5.0423993e-03;3.7500000e+01;1.9620664e-02;3.7500000e+01;3.8035110e-02;3.7500000e+01;5.7513744e-02;3.7500000e+01;8.0841884e-02;3.7500000e+01;1.1164287e-01;3.7500000e+01;1.5376642e-01;3.7500000e+01;1.9894825e-01;3.7500000e+01;2.3453611e-01;3.7500000e+01;2.5003880e-01;3.7500000e+01;2.4676415e-01;3.7500000e+01;2.2440150e-01;3.7500000e+01;1.9221240e-01;3.7500000e+01;1.5334243e-01;3.7500000e+01;1.1156150e-01;3.7500000e+01;7.2634563e-02;3.7500000e+01;3.4743264e-02;3.7500000e+01;-3.0305618e-03;3.7500000e+01;5.0423993e-03;3.7500000e+01;1.9620664e-02;3.7500000e+01;3.8035110e-02;3.7500000e+01;5.7513744e-02;3.7500000e+01;8.0841884e-02;3.7500000e+01;1.1164287e-01;3.7500000e+01;1.5376642e-01;3.7500000e+01;1.9894825e-01;3.7500000e+01;2.3453611e-01;3.7500000e+01;2.5003880e-01;3.7500000e+01;2.4676415e-01;3.7500000e+01;2.2440150e-01;3.7500000e+01;1.9221240e-01;3.7500000e+01;1.5334243e-01;3.7500000e+01;1.1156150e-01;3.7500000e+01;7.2634563e-02;3.7500000e+01;3.4743264e-02;3.7500000e+01;-3.0305618e-03;3.7500000e+01;5.0423993e-03;3.7500000e+01;1.9620664e-02;3.7500000e+01;3.8035110e-02;3.7500000e+01;5.7513744e-02;3.7500000e+01;8.0841884e-02;3.7500000e+01;1.1164287e-01;3.7500000e+01;1.5376642e-01;3.7500000e+01;1.9894825e-01;3.7500000e+01;2.3453611e-01;3.7500000e+01;2.5003880e-01;3.7500000e+01;2.4676415e-01;3.7500000e+01;2.2440150e-01;3.7500000e+01;1.9221240e-01;3.7500000e+01;1.5334243e-01;3.7500000e+01;1.1156150e-01;3.7500000e+01;7.2634563e-02;3.7500000e+01;3.4743264e-02;3.7500000e+01;-3.0305618e-03;3.7500000e+01;5.0423993e-03;3.7500000e+01;1.9620664e-02;3.7500000e+01;3.8035110e-02;3.7500000e+01;5.7513744e-02;3.7500000e+01;8.0841884e-02;3.7500000e+01;1.1164287e-01;3.7500000e+01;1.5376642e-01;3.7500000e+01;1.9894825e-01;3.7500000e+01;2.3453611e-01;3.7500000e+01;2.5003880e-01;3.7500000e+01;2.4676415e-01;3.7500000e+01;2.2440150e-01;3.7500000e+01;1.9221240e-01;3.7500000e+01;1.5334243e-01;3.7500000e+01;1.1156150e-01;3.7500000e+01;7.2634563e-02;3.7500000e+01;3.4743264e-02;3.7500000e+01;-3.0305618e-03;3.7500000e+01;5.0423993e-03;3.7500000e+01;1.9620664e-02;3.7500000e+01;3.8035110e-02;3.7500000e+01;5.7513744e-02;3.7500000e+01;8.0841884e-02;3.7500000e+01;1.1164287e-01;3.7500000e+01;1.5376642e-01;3.7500000e+01;1.9894825e-01;3.7500000e+01;2.3453611e-01;3.7500000e+01;2.5003880e-01;3.7500000e+01;2.4676415e-01;3.7500000e+01;2.2440150e-01;3.7500000e+01;1.9221240e-01;3.7500000e+01;1.5334243e-01;3.7500000e+01;1.1156150e-01;3.7500000e+01;7.2634563e-02;3.7500000e+01;3.4743264e-02;3.7500000e+01;-3.0305618e-03;3.7500000e+01;5.0423993e-03;3.7500000e+01;1.9620664e-02;3.7500000e+01;3.8035110e-02;3.7500000e+01;5.7513744e-02;3.7500000e+01;8.0841884e-02;3.7500000e+01;1.1164287e-01;3.7500000e+01;1.5376642e-01;3.7500000e+01;1.9894825e-01;3.7500000e+01;2.3453611e-01;3.7500000e+01;2.5003880e-01;3.7500000e+01;2.4676415e-01;3.7500000e+01;2.2440150e-01;3.7500000e+01;1.9221240e-01;3.7500000e+01;1.5334243e-01;3.7500000e+01;1.1156150e-01;3.7500000e+01;7.2634563e-02;3.7500000e+01;3.4743264e-02;3.7500000e+01;-3.0305618e-03;3.7500000e+01;5.0423993e-03;3.7500000e+01;1.9620664e-02;3.7500000e+01;3.8035110e-02;3.7500000e+01;5.7513744e-02;3.7500000e+01;8.0841884e-02;3.7500000e+01;1.1164287e-01;3.7500000e+01;1.5376642e-01;3.7500000e+01;1.9894825e-01;3.7500000e+01;2.3453611e-01;3.7500000e+01;2.5003880e-01;3.7500000e+01;2.4676415e-01;3.7500000e+01;2.2440150e-01;3.7500000e+01;1.9221240e-01;3.7500000e+01;1.5334243e-01;3.7500000e+01;1.1156150e-01;3.7500000e+01;7.2634563e-02;3.7500000e+01;3.4743264e-02;3.7500000e+01;-3.0305618e-03;3.7500000e+01;5.0423993e-03;3.7500000e+01;1.9620664e-02;3.7500000e+01;3.8035110e-02;3.7500000e+01;5.7513744e-02;3.7500000e+01;8.0841884e-02;3.7500000e+01;1.1164287e-01;3.7500000e+01;1.5376642e-01;3.7500000e+01;1.9894825e-01;3.7500000e+01;2.3453611e-01;3.7500000e+01;2.5003880e-01;3.7500000e+01;2.4676415e-01;3.7500000e+01;2.2440150e-01;3.7500000e+01;1.9221240e-01;3.7500000e+01;1.5334243e-01;3.7500000e+01;1.1156150e-01;3.7500000e+01;7.2634563e-02;3.7500000e+01;3.4743264e-02;3.7500000e+01;-3.0305618e-03;3.7500000e+01;5.0423993e-03;3.7500000e+01;1.9620664e-02;3.7500000e+01;3.8035110e-02;3.7500000e+01;5.7513744e-02;3.7500000e+01;8.0841884e-02;3.7500000e+01;1.1164287e-01;3.7500000e+01;1.5376642e-01;3.7500000e+01;1.9894825e-01;3.7500000e+01;2.3453611e-01;3.7500000e+01;2.5003880e-01;3.7500000e+01;2.4676415e-01;3.7500000e+01;2.2440150e-01;3.7500000e+01;1.9221240e-01;3.7500000e+01;1.5334243e-01;3.7500000e+01;1.1156150e-01;3.7500000e+01;7.2634563e-02;3.7500000e+01;3.4743264e-02;3.7500000e+01;-3.0305618e-03;3.7500000e+01;5.0423993e-03;3.7500000e+01;1.9620664e-02;3.7500000e+01;3.8035110e-02;3.7500000e+01;5.7513744e-02;3.7500000e+01;8.0841884e-02;3.7500000e+01;1.1164287e-01;3.7500000e+01;1.5376642e-01;3.7500000e+01;1.9894825e-01;3.7500000e+01;2.3453611e-01;3.7500000e+01;2.5003880e-01;3.7500000e+01;2.4676415e-01;3.7500000e+01;2.2440150e-01;3.7500000e+01;1.9221240e-01;3.7500000e+01;1.5334243e-01;3.7500000e+01;1.1156150e-01;3.7500000e+01;7.2634563e-02;3.7500000e+01;3.4743264e-02;3.7500000e+01;-3.0305618e-03;3.7500000e+01;5.0423993e-03;3.7500000e+01;1.9620664e-02;3.7500000e+01;3.8035110e-02;3.7500000e+01;5.7513744e-02;3.7500000e+01;8.0841884e-02;3.7500000e+01;1.1164287e-01;3.7500000e+01;1.5376642e-01;3.7500000e+01;1.9894825e-01;3.7500000e+01;2.3453611e-01;3.7500000e+01;2.5003880e-01;3.7500000e+01;2.4676415e-01;3.7500000e+01;2.2440150e-01;3.7500000e+01;1.9221240e-01;3.7500000e+01;1.5334243e-01;3.7500000e+01;1.1156150e-01;3.7500000e+01;7.2634563e-02;3.7500000e+01;3.4743264e-02;3.7500000e+01;-3.0305618e-03;3.7500000e+01;5.0423993e-03;3.7500000e+01;1.9620664e-02;3.7500000e+01;3.8035110e-02;3.7500000e+01;5.7513744e-02;3.7500000e+01;8.0841884e-02;3.7500000e+01;1.1164287e-01;3.7500000e+01;1.5376642e-01;3.7500000e+01;1.9894825e-01;3.7500000e+01;2.3453611e-01;3.7500000e+01;2.5003880e-01;3.7500000e+01;2.4676415e-01;3.7500000e+01;2.2440150e-01;3.7500000e+01;1.9221240e-01;3.7500000e+01;1.5334243e-01;3.7500000e+01;1.1156150e-01;3.7500000e+01;7.2634563e-02;3.7500000e+01;3.4743264e-02;3.7500000e+01;-3.0305618e-03;3.7500000e+01;5.0423993e-03;3.7500000e+01;1.9620664e-02;3.7500000e+01;3.8035110e-02;3.7500000e+01;5.7513744e-02;3.7500000e+01;8.0841884e-02;3.7500000e+01;1.1164287e-01;3.7500000e+01;1.5376642e-01;3.7500000e+01;1.9894825e-01;3.7500000e+01;2.3453611e-01;3.7500000e+01;2.5003880e-01;3.7500000e+01;2.4676415e-01;3.7500000e+01;2.2440150e-01;3.7500000e+01;1.9221240e-01;3.7500000e+01;1.5334243e-01;3.7500000e+01;1.1156150e-01;3.7500000e+01;7.2634563e-02;3.7500000e+01;3.4743264e-02;3.7500000e+01;-3.0305618e-03;3.7500000e+01;5.0423993e-03;3.7500000e+01;1.9620664e-02;3.7500000e+01;3.8035110e-02;3.7500000e+01;5.7513744e-02;3.7500000e+01;8.0841884e-02;3.7500000e+01;1.1164287e-01;3.7500000e+01;1.5376642e-01;3.7500000e+01;1.9894825e-01;3.7500000e+01;2.3453611e-01;3.7500000e+01;2.5003880e-01;3.7500000e+01;2.4676415e-01;3.7500000e+01;2.2440150e-01;3.7500000e+01;1.9221240e-01;3.7500000e+01;1.5334243e-01;3.7500000e+01;1.1156150e-01;3.7500000e+01;7.2634563e-02;3.7500000e+01;3.4743264e-02;3.7500000e+01;-3.0305618e-03;3.7500000e+01;5.0423993e-03;3.7500000e+01;1.9620664e-02;3.7500000e+01;3.8035110e-02;3.7500000e+01;5.7513744e-02;3.7500000e+01;8.0841884e-02;3.7500000e+01;1.1164287e-01;3.7500000e+01;1.5376642e-01;3.7500000e+01;1.9894825e-01;3.7500000e+01;2.3453611e-01;3.7500000e+01;2.5003880e-01;3.7500000e+01;2.4676415e-01;3.7500000e+01;2.2440150e-01;3.7500000e+01;1.9221240e-01;3.7500000e+01;1.5334243e-01;3.7500000e+01;1.1156150e-01;3.7500000e+01;7.2634563e-02;3.7500000e+01;3.4743264e-02;3.7500000e+01;-3.0305618e-03;3.7500000e+01;5.0423993e-03;3.7500000e+01;1.9620664e-02;3.7500000e+01;3.8035110e-02;3.7500000e+01;5.7513744e-02;3.7500000e+01;8.0841884e-02;3.7500000e+01;1.1164287e-01;3.7500000e+01;1.5376642e-01;3.7500000e+01;1.9894825e-01;3.7500000e+01;2.3453611e-01;3.7500000e+01;2.5003880e-01;3.7500000e+01;2.4676415e-01;3.7500000e+01;2.2440150e-01;3.7500000e+01;1.9221240e-01;3.7500000e+01;1.5334243e-01;3.7500000e+01;1.1156150e-01;3.7500000e+01;7.2634563e-02;3.7500000e+01;3.4743264e-02;3.7500000e+01;-3.0305618e-03;3.7500000e+01;5.0423993e-03;3.7500000e+01;1.9620664e-02;3.7500000e+01;3.8035110e-02;3.7500000e+01;5.7513744e-02;3.7500000e+01;8.0841884e-02;3.7500000e+01;1.1164287e-01;3.7500000e+01;1.5376642e-01;3.7500000e+01;1.9894825e-01;3.7500000e+01;2.3453611e-01;3.7500000e+01;2.5003880e-01;3.7500000e+01;2.4676415e-01;3.7500000e+01;2.2440150e-01;3.7500000e+01;1.9221240e-01;3.7500000e+01;1.5334243e-01;3.7500000e+01;1.1156150e-01;3.7500000e+01;7.2634563e-02;3.7500000e+01;3.4743264e-02;3.7500000e+01;-3.0305618e-03;3.7500000e+01;5.0423993e-03;3.7500000e+01;1.9620664e-02;3.7500000e+01;3.8035110e-02;3.7500000e+01;5.7513744e-02;3.7500000e+01;8.0841884e-02;3.7500000e+01;1.1164287e-01;3.7500000e+01;1.5376642e-01;3.7500000e+01;1.9894825e-01;3.7500000e+01;2.3453611e-01;3.7500000e+01;2.5003880e-01;3.7500000e+01;2.4676415e-01;3.7500000e+01;2.2440150e-01;3.7500000e+01;1.9221240e-01;3.7500000e+01;1.5334243e-01;3.7500000e+01;1.1156150e-01;3.7500000e+01;7.2634563e-02;3.7500000e+01;3.4743264e-02;3.7500000e+01;-3.0305618e-03;3.7500000e+01;5.0423993e-03;3.7500000e+01;1.9620664e-02;3.7500000e+01;3.8035110e-02;3.7500000e+01;5.7513744e-02;3.7500000e+01;8.0841884e-02;3.7500000e+01;1.1164287e-01;3.7500000e+01;1.5376642e-01;3.7500000e+01;1.9894825e-01;3.7500000e+01;2.3453611e-01;3.7500000e+01;2.5003880e-01;3.7500000e+01;2.4676415e-01;3.7500000e+01;2.2440150e-01;3.7500000e+01;1.9221240e-01;3.7500000e+01;1.5334243e-01;3.7500000e+01;1.1156150e-01;3.7500000e+01;7.2634563e-02;3.7500000e+01;3.4743264e-02;3.7500000e+01;-3.0305618e-03;3.7500000e+01;5.0423993e-03;3.7500000e+01;1.9620664e-02;3.7500000e+01;3.8035110e-02;3.7500000e+01;5.7513744e-02;3.7500000e+01;8.0841884e-02;3.7500000e+01;1.1164287e-01;3.7500000e+01;1.5376642e-01;3.7500000e+01;1.9894825e-01;3.7500000e+01;2.3453611e-01;3.7500000e+01;2.5003880e-01;3.7500000e+01;2.4676415e-01;3.7500000e+01;2.2440150e-01;3.7500000e+01;1.9221240e-01;3.7500000e+01;1.5334243e-01;3.7500000e+01;1.1156150e-01;3.7500000e+01;7.2634563e-02;3.7500000e+01;3.4743264e-02;3.7500000e+01;-3.0305618e-03;3.7500000e+01;5.0423993e-03;3.7500000e+01;1.9620664e-02;3.7500000e+01;3.8035110e-02;3.7500000e+01;5.7513744e-02;3.7500000e+01;8.0841884e-02;3.7500000e+01;1.1164287e-01;3.7500000e+01;1.5376642e-01;3.7500000e+01;1.9894825e-01;3.7500000e+01;2.3453611e-01;3.7500000e+01;2.5003880e-01;3.7500000e+01;2.4676415e-01;3.7500000e+01;2.2440150e-01;3.7500000e+01;1.9221240e-01;3.7500000e+01;1.5334243e-01;3.7500000e+01;1.1156150e-01;3.7500000e+01;7.2634563e-02;3.7500000e+01;3.4743264e-02;3.7500000e+01;-3.0305618e-03;3.7500000e+01;5.0423993e-03;3.7500000e+01;1.9620664e-02;3.7500000e+01;3.8035110e-02;3.7500000e+01;5.7513744e-02;3.7500000e+01;8.0841884e-02;3.7500000e+01;1.1164287e-01;3.7500000e+01;1.5376642e-01;3.7500000e+01;1.9894825e-01;3.7500000e+01;2.3453611e-01;3.7500000e+01;2.5003880e-01;3.7500000e+01;2.4676415e-01;3.7500000e+01;2.2440150e-01;3.7500000e+01;1.9221240e-01;3.7500000e+01;1.5334243e-01;3.7500000e+01;1.1156150e-01;3.7500000e+01;7.2634563e-02;3.7500000e+01;3.4743264e-02;3.7500000e+01;-3.0305618e-03;3.7500000e+01;5.0423993e-03;3.7500000e+01;1.9620664e-02;3.7500000e+01;3.8035110e-02;3.7500000e+01;5.7513744e-02;3.7500000e+01;8.0841884e-02;3.7500000e+01;1.1164287e-01;3.7500000e+01;1.5376642e-01;3.7500000e+01;1.9894825e-01;3.7500000e+01;2.3453611e-01;3.7500000e+01;2.5003880e-01;3.7500000e+01;2.4676415e-01;3.7500000e+01;2.2440150e-01;3.7500000e+01;1.9221240e-01;3.7500000e+01;1.5334243e-01;3.7500000e+01;1.1156150e-01;3.7500000e+01;7.2634563e-02;3.7500000e+01;3.4743264e-02;3.7500000e+01;-3.0305618e-03;3.7500000e+01;5.0423993e-03;3.7500000e+01;1.9620664e-02;3.7500000e+01;3.8035110e-02;3.7500000e+01;5.7513744e-02;3.7500000e+01;8.0841884e-02;3.7500000e+01;1.1164287e-01;3.7500000e+01;1.5376642e-01;3.7500000e+01;1.9894825e-01;3.7500000e+01;2.3453611e-01;3.7500000e+01;2.5003880e-01;3.7500000e+01;2.4676415e-01;3.7500000e+01;2.2440150e-01;3.7500000e+01;1.9221240e-01;3.7500000e+01;1.5334243e-01;3.7500000e+01;1.1156150e-01;3.7500000e+01;7.2634563e-02;3.7500000e+01;3.4743264e-02;3.7500000e+01;-3.0305618e-03;3.7500000e+01;5.0423993e-03;3.7500000e+01;1.9620664e-02;3.7500000e+01;3.8035110e-02;3.7500000e+01;5.7513744e-02;3.7500000e+01;8.0841884e-02;3.7500000e+01;1.1164287e-01;3.7500000e+01;1.5376642e-01;3.7500000e+01;1.9894825e-01;3.7500000e+01;2.3453611e-01;3.7500000e+01;2.5003880e-01;3.7500000e+01;2.4676415e-01;3.7500000e+01;2.2440150e-01;3.7500000e+01;1.9221240e-01;3.7500000e+01;1.5334243e-01;3.7500000e+01;1.1156150e-01;3.7500000e+01;7.2634563e-02;3.7500000e+01;3.4743264e-02;3.7500000e+01;-3.0305618e-03;3.7500000e+01;5.0423993e-03;3.7500000e+01;1.9620664e-02;3.7500000e+01;3.8035110e-02;3.7500000e+01;5.7513744e-02;3.7500000e+01;8.0841884e-02;3.7500000e+01;1.1164287e-01;3.7500000e+01;1.5376642e-01;3.7500000e+01;1.9894825e-01;3.7500000e+01;2.3453611e-01;3.7500000e+01;2.5003880e-01;3.7500000e+01;2.4676415e-01;3.7500000e+01;2.2440150e-01;3.7500000e+01;1.9221240e-01;3.7500000e+01;1.5334243e-01;3.7500000e+01;1.1156150e-01;3.7500000e+01;7.2634563e-02;3.7500000e+01;3.4743264e-02;3.7500000e+01;-3.0305618e-03;3.7500000e+01;5.0423993e-03;3.7500000e+01;1.9620664e-02;3.7500000e+01;3.8035110e-02;3.7500000e+01;5.7513744e-02;3.7500000e+01;8.0841884e-02;3.7500000e+01;1.1164287e-01;3.7500000e+01;1.5376642e-01;3.7500000e+01;1.9894825e-01;3.7500000e+01;2.3453611e-01;3.7500000e+01;2.5003880e-01;3.7500000e+01;2.4676415e-01;3.7500000e+01;2.2440150e-01;3.7500000e+01;1.9221240e-01;3.7500000e+01;1.5334243e-01;3.7500000e+01;1.1156150e-01;3.7500000e+01;7.2634563e-02;3.7500000e+01;3.4743264e-02;3.7500000e+01;-3.0305618e-03;3.7500000e+01;5.0423993e-03;3.7500000e+01;1.9620664e-02;3.7500000e+01;3.8035110e-02;3.7500000e+01;5.7513744e-02;3.7500000e+01;8.0841884e-02;3.7500000e+01;1.1164287e-01;3.7500000e+01;1.5376642e-01;3.7500000e+01;1.9894825e-01;3.7500000e+01;2.3453611e-01;3.7500000e+01;2.5003880e-01;3.7500000e+01;2.4676415e-01;3.7500000e+01;2.2440150e-01;3.7500000e+01;1.9221240e-01;3.7500000e+01;1.5334243e-01;3.7500000e+01;1.1156150e-01;3.7500000e+01;7.2634563e-02;3.7500000e+01;3.4743264e-02;3.7500000e+01;-3.0305618e-03;3.7500000e+01;5.0423993e-03;3.7500000e+01;1.9620664e-02;3.7500000e+01;3.8035110e-02;3.7500000e+01;5.7513744e-02;3.7500000e+01;8.0841884e-02;3.7500000e+01;1.1164287e-01;3.7500000e+01;1.5376642e-01;3.7500000e+01;1.9894825e-01;3.7500000e+01;2.3453611e-01;3.7500000e+01;2.5003880e-01;3.7500000e+01;2.4676415e-01;3.7500000e+01;2.2440150e-01;3.7500000e+01;1.9221240e-01;3.7500000e+01;1.5334243e-01;3.7500000e+01;1.1156150e-01;3.7500000e+01;7.2634563e-02;3.7500000e+01;3.4743264e-02;3.7500000e+01;-3.0305618e-03;3.7500000e+01;5.0423993e-03;3.7500000e+01;1.9620664e-02;3.7500000e+01;3.8035110e-02;3.7500000e+01;5.7513744e-02;3.7500000e+01;8.0841884e-02;3.7500000e+01;1.1164287e-01;3.7500000e+01;1.5376642e-01;3.7500000e+01;1.9894825e-01;3.7500000e+01;2.3453611e-01;3.7500000e+01;2.5003880e-01;3.7500000e+01;2.4676415e-01;3.7500000e+01;2.2440150e-01;3.7500000e+01;1.9221240e-01;3.7500000e+01;1.5334243e-01;3.7500000e+01;1.1156150e-01;3.7500000e+01;7.2634563e-02;3.7500000e+01;3.4743264e-02;3.7500000e+01;-3.0305618e-03;3.7500000e+01;5.0423993e-03;3.7500000e+01;1.9620664e-02;3.7500000e+01;3.8035110e-02;3.7500000e+01;5.7513744e-02;3.7500000e+01;8.0841884e-02;3.7500000e+01;1.1164287e-01;3.7500000e+01;1.5376642e-01;3.7500000e+01;1.9894825e-01;3.7500000e+01;2.3453611e-01;3.7500000e+01;2.5003880e-01;3.7500000e+01;2.4676415e-01;3.7500000e+01;2.2440150e-01;3.7500000e+01;1.9221240e-01;3.7500000e+01;1.5334243e-01;3.7500000e+01;1.1156150e-01;3.7500000e+01;7.2634563e-02;3.7500000e+01;3.4743264e-02;3.7500000e+01;-3.0305618e-03;3.7500000e+01;5.0423993e-03;3.7500000e+01;1.9620664e-02;3.7500000e+01;3.8035110e-02;3.7500000e+01;5.7513744e-02;3.7500000e+01;8.0841884e-02;3.7500000e+01;1.1164287e-01;3.7500000e+01;1.5376642e-01;3.7500000e+01;1.9894825e-01;3.7500000e+01;2.3453611e-01;3.7500000e+01;2.5003880e-01;3.7500000e+01;2.4676415e-01;3.7500000e+01;2.2440150e-01;3.7500000e+01;1.9221240e-01;3.7500000e+01;1.5334243e-01;3.7500000e+01;1.1156150e-01;3.7500000e+01;7.2634563e-02;3.7500000e+01;3.4743264e-02;3.7500000e+01;-3.0305618e-03;3.7500000e+01;5.0423993e-03;3.7500000e+01;1.9620664e-02;3.7500000e+01;3.8035110e-02;3.7500000e+01;5.7513744e-02;3.7500000e+01;8.0841884e-02;3.7500000e+01;1.1164287e-01;3.7500000e+01;1.5376642e-01;3.7500000e+01;1.9894825e-01;3.7500000e+01;2.3453611e-01;3.7500000e+01;2.5003880e-01;3.7500000e+01;2.4676415e-01;3.7500000e+01;2.2440150e-01;3.7500000e+01;1.9221240e-01;3.7500000e+01;1.5334243e-01;3.7500000e+01;1.1156150e-01;3.7500000e+01;7.2634563e-02;3.7500000e+01;3.4743264e-02;3.7500000e+01;-3.0305618e-03;3.7500000e+01;5.0423993e-03;3.7500000e+01;1.9620664e-02;3.7500000e+01;3.8035110e-02;3.7500000e+01;5.7513744e-02;3.7500000e+01;8.0841884e-02;3.7500000e+01;1.1164287e-01;3.7500000e+01;1.5376642e-01;3.7500000e+01;1.9894825e-01;3.7500000e+01;2.3453611e-01;3.7500000e+01;2.5003880e-01;3.7500000e+01;2.4676415e-01;3.7500000e+01;2.2440150e-01;3.7500000e+01;1.9221240e-01;3.7500000e+01;1.5334243e-01;3.7500000e+01;1.1156150e-01;3.7500000e+01;7.2634563e-02;3.7500000e+01;3.4743264e-02;3.7500000e+01;-3.0305618e-03;3.7500000e+01;5.0423993e-03;3.7500000e+01;1.9620664e-02;3.7500000e+01;3.8035110e-02;3.7500000e+01;5.7513744e-02;3.7500000e+01;8.0841884e-02;3.7500000e+01;1.1164287e-01;3.7500000e+01;1.5376642e-01;3.7500000e+01;1.9894825e-01;3.7500000e+01;2.3453611e-01;3.7500000e+01;2.5003880e-01;3.7500000e+01;2.4676415e-01;3.7500000e+01;2.2440150e-01;3.7500000e+01;1.9221240e-01;3.7500000e+01;1.5334243e-01;3.7500000e+01;1.1156150e-01;3.7500000e+01;7.2634563e-02;3.7500000e+01;3.4743264e-02;3.7500000e+01;-3.0305618e-03;3.7500000e+01;5.0423993e-03;3.7500000e+01;1.9620664e-02;3.7500000e+01;3.8035110e-02;3.7500000e+01;5.7513744e-02;3.7500000e+01;8.0841884e-02;3.7500000e+01;1.1164287e-01;3.7500000e+01;1.5376642e-01;3.7500000e+01;1.9894825e-01;3.7500000e+01;2.3453611e-01;3.7500000e+01;2.5003880e-01;3.7500000e+01;2.4676415e-01;3.7500000e+01;2.2440150e-01;3.7500000e+01;1.9221240e-01;3.7500000e+01;1.5334243e-01;3.7500000e+01;1.1156150e-01;3.7500000e+01;7.2634563e-02;3.7500000e+01;3.4743264e-02;3.7500000e+01;-3.0305618e-03;3.7500000e+01;5.0423993e-03;3.7500000e+01;1.9620664e-02;3.7500000e+01;3.8035110e-02;3.7500000e+01;5.7513744e-02;3.7500000e+01;8.0841884e-02;3.7500000e+01;1.1164287e-01;3.7500000e+01;1.5376642e-01;3.7500000e+01;1.9894825e-01;3.7500000e+01;2.3453611e-01;3.7500000e+01;2.5003880e-01;3.7500000e+01;2.4676415e-01;3.7500000e+01;2.2440150e-01;3.7500000e+01;1.9221240e-01;3.7500000e+01;1.5334243e-01;3.7500000e+01;1.1156150e-01;3.7500000e+01;7.2634563e-02;3.7500000e+01;3.4743264e-02;3.7500000e+01;-3.0305618e-03;3.7500000e+01;5.0423993e-03;3.7500000e+01;1.9620664e-02;3.7500000e+01;3.8035110e-02;3.7500000e+01;5.7513744e-02;3.7500000e+01;8.0841884e-02;3.7500000e+01;1.1164287e-01;3.7500000e+01;1.5376642e-01;3.7500000e+01;1.9894825e-01;3.7500000e+01;2.3453611e-01;3.7500000e+01;2.5003880e-01;3.7500000e+01;2.4676415e-01;3.7500000e+01;2.2440150e-01;3.7500000e+01;1.9221240e-01;3.7500000e+01;1.5334243e-01;3.7500000e+01;1.1156150e-01;3.7500000e+01;7.2634563e-02;3.7500000e+01;3.4743264e-02;3.7500000e+01;-3.0305618e-03;3.7500000e+01;5.0423993e-03;3.7500000e+01;1.9620664e-02;3.7500000e+01;3.8035110e-02;3.7500000e+01;5.7513744e-02;3.7500000e+01;8.0841884e-02;3.7500000e+01;1.1164287e-01;3.7500000e+01;1.5376642e-01;3.7500000e+01;1.9894825e-01;3.7500000e+01;2.3453611e-01;3.7500000e+01;2.5003880e-01;3.7500000e+01;2.4676415e-01;3.7500000e+01;2.2440150e-01;3.7500000e+01;1.9221240e-01;3.7500000e+01;1.5334243e-01;3.7500000e+01;1.1156150e-01;3.7500000e+01;7.2634563e-02;3.7500000e+01;3.4743264e-02;3.7500000e+01;-3.0305618e-03;3.7500000e+01;5.0423993e-03;3.7500000e+01;1.9620664e-02;3.7500000e+01;3.8035110e-02;3.7500000e+01;5.7513744e-02;3.7500000e+01;8.0841884e-02;3.7500000e+01;1.1164287e-01;3.7500000e+01;1.5376642e-01;3.7500000e+01;1.9894825e-01;3.7500000e+01;2.3453611e-01;3.7500000e+01;2.5003880e-01;3.7500000e+01;2.4676415e-01;3.7500000e+01;2.2440150e-01;3.7500000e+01;1.9221240e-01;3.7500000e+01;1.5334243e-01;3.7500000e+01;1.1156150e-01;3.7500000e+01;7.2634563e-02;3.7500000e+01;3.4743264e-02;3.7500000e+01;-3.0305618e-03;3.7500000e+01;5.0423993e-03;3.7500000e+01;1.9620664e-02;3.7500000e+01;3.8035110e-02;3.7500000e+01;5.7513744e-02;3.7500000e+01;8.0841884e-02;3.7500000e+01;1.1164287e-01;3.7500000e+01;1.5376642e-01;3.7500000e+01;1.9894825e-01;3.7500000e+01;2.3453611e-01;3.7500000e+01;2.5003880e-01;3.7500000e+01;2.4676415e-01;3.7500000e+01;2.2440150e-01;3.7500000e+01;1.9221240e-01;3.7500000e+01;1.5334243e-01;3.7500000e+01;1.1156150e-01;3.7500000e+01;7.2634563e-02;3.7500000e+01;3.4743264e-02;3.7500000e+01;-3.0305618e-03;3.7500000e+01;5.0423993e-03;3.7500000e+01;1.9620664e-02;3.7500000e+01;3.8035110e-02;3.7500000e+01;5.7513744e-02;3.7500000e+01;8.0841884e-02;3.7500000e+01;1.1164287e-01;3.7500000e+01;1.5376642e-01;3.7500000e+01;1.9894825e-01;3.7500000e+01;2.3453611e-01;3.7500000e+01;2.5003880e-01;3.7500000e+01;2.4676415e-01;3.7500000e+01;2.2440150e-01;3.7500000e+01;1.9221240e-01;3.7500000e+01;1.5334243e-01;3.7500000e+01;1.1156150e-01;3.7500000e+01;7.2634563e-02;3.7500000e+01;3.4743264e-02;3.7500000e+01;-3.0305618e-03;3.7500000e+01;5.0423993e-03;3.7500000e+01;1.9620664e-02;3.7500000e+01;3.8035110e-02;3.7500000e+01;5.7513744e-02;3.7500000e+01;8.0841884e-02;3.7500000e+01;1.1164287e-01;3.7500000e+01;1.5376642e-01;3.7500000e+01;1.9894825e-01;3.7500000e+01;2.3453611e-01;3.7500000e+01;2.5003880e-01;3.7500000e+01;2.4676415e-01;3.7500000e+01;2.2440150e-01;3.7500000e+01;1.9221240e-01;3.7500000e+01;1.5334243e-01;3.7500000e+01;1.1156150e-01;3.7500000e+01;7.2634563e-02;3.7500000e+01;3.4743264e-02;3.7500000e+01;-3.0305618e-03;3.7500000e+01;5.0423993e-03;3.7500000e+01;1.9620664e-02;3.7500000e+01;3.8035110e-02;3.7500000e+01;5.7513744e-02;3.7500000e+01;8.0841884e-02;3.7500000e+01;1.1164287e-01;3.7500000e+01;1.5376642e-01;3.7500000e+01;1.9894825e-01;3.7500000e+01;2.3453611e-01;3.7500000e+01;2.5003880e-01;3.7500000e+01;2.4676415e-01;3.7500000e+01;2.2440150e-01;3.7500000e+01;1.9221240e-01;3.7500000e+01;1.5334243e-01;3.7500000e+01;1.1156150e-01;3.7500000e+01;7.2634563e-02;3.7500000e+01;3.4743264e-02;3.7500000e+01;-3.0305618e-03;3.7500000e+01;5.0423993e-03;3.7500000e+01;1.9620664e-02;3.7500000e+01;3.8035110e-02;3.7500000e+01;5.7513744e-02;3.7500000e+01;8.0841884e-02;3.7500000e+01;1.1164287e-01;3.7500000e+01;1.5376642e-01;3.7500000e+01;1.9894825e-01;3.7500000e+01;2.3453611e-01;3.7500000e+01;2.5003880e-01;3.7500000e+01;2.4676415e-01;3.7500000e+01;2.2440150e-01;3.7500000e+01;1.9221240e-01;3.7500000e+01;1.5334243e-01;3.7500000e+01;1.1156150e-01;3.7500000e+01;7.2634563e-02;3.7500000e+01;3.4743264e-02;3.7500000e+01;-3.0305618e-03;3.7500000e+01;5.0423993e-03;3.7500000e+01;1.9620664e-02;3.7500000e+01;3.8035110e-02;3.7500000e+01;5.7513744e-02;3.7500000e+01;8.0841884e-02;3.7500000e+01;1.1164287e-01;3.7500000e+01;1.5376642e-01;3.7500000e+01;1.9894825e-01;3.7500000e+01;2.3453611e-01;3.7500000e+01;2.5003880e-01;3.7500000e+01;2.4676415e-01;3.7500000e+01;2.2440150e-01;3.7500000e+01;1.9221240e-01;3.7500000e+01;1.5334243e-01;3.7500000e+01;1.1156150e-01;3.7500000e+01;7.2634563e-02;3.7500000e+01;3.4743264e-02;3.7500000e+01;-3.0305618e-03;3.7500000e+01;5.0423993e-03;3.7500000e+01;1.9620664e-02;3.7500000e+01;3.8035110e-02;3.7500000e+01;5.7513744e-02;3.7500000e+01;8.0841884e-02;3.7500000e+01;1.1164287e-01;3.7500000e+01;1.5376642e-01;3.7500000e+01;1.9894825e-01;3.7500000e+01;2.3453611e-01;3.7500000e+01;2.5003880e-01;3.7500000e+01;2.4676415e-01;3.7500000e+01;2.2440150e-01;3.7500000e+01;1.9221240e-01;3.7500000e+01;1.5334243e-01;3.7500000e+01;1.1156150e-01;3.7500000e+01;7.2634563e-02;3.7500000e+01;3.4743264e-02;3.7500000e+01;-3.0305618e-03;3.7500000e+01;5.0423993e-03;3.7500000e+01;1.9620664e-02;3.7500000e+01;3.8035110e-02;3.7500000e+01;5.7513744e-02;3.7500000e+01;8.0841884e-02;3.7500000e+01;1.1164287e-01;3.7500000e+01;1.5376642e-01;3.7500000e+01;1.9894825e-01;3.7500000e+01;2.3453611e-01;3.7500000e+01;2.5003880e-01;3.7500000e+01;2.4676415e-01;3.7500000e+01;2.2440150e-01;3.7500000e+01;1.9221240e-01;3.7500000e+01;1.5334243e-01;3.7500000e+01;1.1156150e-01;3.7500000e+01;7.2634563e-02;3.7500000e+01;3.4743264e-02;3.7500000e+01;-3.0305618e-03;3.7500000e+01;5.0423993e-03;3.7500000e+01;1.9620664e-02;3.7500000e+01;3.8035110e-02;3.7500000e+01;5.7513744e-02;3.7500000e+01;8.0841884e-02;3.7500000e+01;1.1164287e-01;3.7500000e+01;1.5376642e-01;3.7500000e+01;1.9894825e-01;3.7500000e+01;2.3453611e-01;3.7500000e+01;2.5003880e-01;3.7500000e+01;2.4676415e-01;3.7500000e+01;2.2440150e-01;3.7500000e+01;1.9221240e-01;3.7500000e+01;1.5334243e-01;3.7500000e+01;1.1156150e-01;3.7500000e+01;7.2634563e-02;3.7500000e+01;3.4743264e-02;3.7500000e+01;-3.0305618e-03;3.7500000e+01;5.0423993e-03;3.7500000e+01;1.9620664e-02;3.7500000e+01;3.8035110e-02;3.7500000e+01;5.7513744e-02;3.7500000e+01;8.0841884e-02;3.7500000e+01;1.1164287e-01;3.7500000e+01;1.5376642e-01;3.7500000e+01;1.9894825e-01;3.7500000e+01;2.3453611e-01;3.7500000e+01;2.5003880e-01;3.7500000e+01;2.4676415e-01;3.7500000e+01;2.2440150e-01;3.7500000e+01;1.9221240e-01;3.7500000e+01;1.5334243e-01;3.7500000e+01;1.1156150e-01;3.7500000e+01;7.2634563e-02;3.7500000e+01;3.4743264e-02;3.7500000e+01;-3.0305618e-03;3.7500000e+01;5.0423993e-03;3.7500000e+01;1.9620664e-02;3.7500000e+01;3.8035110e-02;3.7500000e+01;5.7513744e-02;3.7500000e+01;8.0841884e-02;3.7500000e+01;1.1164287e-01;3.7500000e+01;1.5376642e-01;3.7500000e+01;1.9894825e-01;3.7500000e+01;2.3453611e-01;3.7500000e+01;2.5003880e-01;3.7500000e+01;2.4676415e-01;3.7500000e+01;2.2440150e-01;3.7500000e+01;1.9221240e-01;3.7500000e+01;1.5334243e-01;3.7500000e+01;1.1156150e-01;3.7500000e+01;7.2634563e-02;3.7500000e+01;3.4743264e-02;3.7500000e+01;-3.0305618e-03;3.7500000e+01;5.0423993e-03;3.7500000e+01;1.9620664e-02;3.7500000e+01;3.8035110e-02;3.7500000e+01;5.7513744e-02;3.7500000e+01;8.0841884e-02;3.7500000e+01;1.1164287e-01;3.7500000e+01;1.5376642e-01;3.7500000e+01;1.9894825e-01;3.7500000e+01;2.3453611e-01;3.7500000e+01;2.5003880e-01;3.7500000e+01;2.4676415e-01;3.7500000e+01;2.2440150e-01;3.7500000e+01;1.9221240e-01;3.7500000e+01;1.5334243e-01;3.7500000e+01;1.1156150e-01;3.7500000e+01;7.2634563e-02;3.7500000e+01;3.4743264e-02;3.7500000e+01;-3.0305618e-03;3.7500000e+01;5.0423993e-03;3.7500000e+01;1.9620664e-02;3.7500000e+01;3.8035110e-02;3.7500000e+01;5.7513744e-02;3.7500000e+01;8.0841884e-02;3.7500000e+01;1.1164287e-01;3.7500000e+01;1.5376642e-01;3.7500000e+01;1.9894825e-01;3.7500000e+01;2.3453611e-01;3.7500000e+01;2.5003880e-01;3.7500000e+01;2.4676415e-01;3.7500000e+01;2.2440150e-01;3.7500000e+01;1.9221240e-01;3.7500000e+01;1.5334243e-01;3.7500000e+01;1.1156150e-01;3.7500000e+01;7.2634563e-02;3.7500000e+01;3.4743264e-02;3.7500000e+01;-3.0305618e-03;3.7500000e+01;5.0423993e-03;3.7500000e+01;1.9620664e-02;3.7500000e+01;3.8035110e-02;3.7500000e+01;5.7513744e-02;3.7500000e+01;8.0841884e-02;3.7500000e+01;1.1164287e-01;3.7500000e+01;1.5376642e-01;3.7500000e+01;1.9894825e-01;3.7500000e+01;2.3453611e-01;3.7500000e+01;2.5003880e-01;3.7500000e+01;2.4676415e-01;3.7500000e+01;2.2440150e-01;3.7500000e+01;1.9221240e-01;3.7500000e+01;1.5334243e-01;3.7500000e+01;1.1156150e-01;3.7500000e+01;7.2634563e-02;3.7500000e+01;3.4743264e-02;3.7500000e+01;-3.0305618e-03;3.7500000e+01;5.0423993e-03;3.7500000e+01;1.9620664e-02;3.7500000e+01;3.8035110e-02;3.7500000e+01;5.7513744e-02;3.7500000e+01;8.0841884e-02;3.7500000e+01;1.1164287e-01;3.7500000e+01;1.5376642e-01;3.7500000e+01;1.9894825e-01;3.7500000e+01;2.3453611e-01;3.7500000e+01;2.5003880e-01;3.7500000e+01;2.4676415e-01;3.7500000e+01;2.2440150e-01;3.7500000e+01;1.9221240e-01;3.7500000e+01;1.5334243e-01;3.7500000e+01;1.1156150e-01;3.7500000e+01;7.2634563e-02;3.7500000e+01;3.4743264e-02;3.7500000e+01;-3.0305618e-03;3.7500000e+01;5.0423993e-03;3.7500000e+01;1.9620664e-02;3.7500000e+01;3.8035110e-02;3.7500000e+01;5.7513744e-02;3.7500000e+01;8.0841884e-02;3.7500000e+01;1.1164287e-01;3.7500000e+01;1.5376642e-01;3.7500000e+01;1.9894825e-01;3.7500000e+01;2.3453611e-01;3.7500000e+01;2.5003880e-01;3.7500000e+01;2.4676415e-01;3.7500000e+01;2.2440150e-01;3.7500000e+01;1.9221240e-01;3.7500000e+01;1.5334243e-01;3.7500000e+01;1.1156150e-01;3.7500000e+01;7.2634563e-02;3.7500000e+01;3.4743264e-02;3.7500000e+01;-3.0305618e-03;3.7500000e+01;5.0423993e-03;3.7500000e+01;1.9620664e-02;3.7500000e+01;3.8035110e-02;3.7500000e+01;5.7513744e-02;3.7500000e+01;8.0841884e-02;3.7500000e+01;1.1164287e-01;3.7500000e+01;1.5376642e-01;3.7500000e+01;1.9894825e-01;3.7500000e+01;2.3453611e-01;3.7500000e+01;2.5003880e-01;3.7500000e+01;2.4676415e-01;3.7500000e+01;2.2440150e-01;3.7500000e+01;1.9221240e-01;3.7500000e+01;1.5334243e-01;3.7500000e+01;1.1156150e-01;3.7500000e+01;7.2634563e-02;3.7500000e+01;3.4743264e-02;3.7500000e+01;-3.0305618e-03;3.7500000e+01;5.0423993e-03;3.7500000e+01;1.9620664e-02;3.7500000e+01;3.8035110e-02;3.7500000e+01;5.7513744e-02;3.7500000e+01;8.0841884e-02;3.7500000e+01;1.1164287e-01;3.7500000e+01;1.5376642e-01;3.7500000e+01;1.9894825e-01;3.7500000e+01;2.3453611e-01;3.7500000e+01;2.5003880e-01;3.7500000e+01;2.4676415e-01;3.7500000e+01;2.2440150e-01;3.7500000e+01;1.9221240e-01;3.7500000e+01;1.5334243e-01;3.7500000e+01;1.1156150e-01;3.7500000e+01;7.2634563e-02;3.7500000e+01;3.4743264e-02;3.7500000e+01;-3.0305618e-03;3.7500000e+01;5.0423993e-03;3.7500000e+01;1.9620664e-02;3.7500000e+01;3.8035110e-02;3.7500000e+01;5.7513744e-02;3.7500000e+01;8.0841884e-02;3.7500000e+01;1.1164287e-01;3.7500000e+01;1.5376642e-01;3.7500000e+01;1.9894825e-01;3.7500000e+01;2.3453611e-01;3.7500000e+01;2.5003880e-01;3.7500000e+01;2.4676415e-01;3.7500000e+01;2.2440150e-01;3.7500000e+01;1.9221240e-01;3.7500000e+01;1.5334243e-01;3.7500000e+01;1.1156150e-01;3.7500000e+01;7.2634563e-02;3.7500000e+01;3.4743264e-02;3.7500000e+01;-3.0305618e-03;3.7500000e+01;5.0423993e-03;3.7500000e+01;1.9620664e-02;3.7500000e+01;3.8035110e-02;3.7500000e+01;5.7513744e-02;3.7500000e+01;8.0841884e-02;3.7500000e+01;1.1164287e-01;3.7500000e+01;1.5376642e-01;3.7500000e+01;1.9894825e-01;3.7500000e+01;2.3453611e-01;3.7500000e+01;2.5003880e-01;3.7500000e+01;2.4676415e-01;3.7500000e+01;2.2440150e-01;3.7500000e+01;1.9221240e-01;3.7500000e+01;1.5334243e-01;3.7500000e+01;1.1156150e-01;3.7500000e+01;7.2634563e-02;3.7500000e+01;3.4743264e-02;3.7500000e+01;-3.0305618e-03;3.7500000e+01;5.0423993e-03;3.7500000e+01;1.9620664e-02;3.7500000e+01;3.8035110e-02;3.7500000e+01;5.7513744e-02;3.7500000e+01;8.0841884e-02;3.7500000e+01;1.1164287e-01;3.7500000e+01;1.5376642e-01;3.7500000e+01;1.9894825e-01;3.7500000e+01;2.3453611e-01;3.7500000e+01;2.5003880e-01;3.7500000e+01;2.4676415e-01;3.7500000e+01;2.2440150e-01;3.7500000e+01;1.9221240e-01;3.7500000e+01;1.5334243e-01;3.7500000e+01;1.1156150e-01;3.7500000e+01;7.2634563e-02;3.7500000e+01;3.4743264e-02;3.7500000e+01;-3.0305618e-03;3.7500000e+01;5.0423993e-03;3.7500000e+01;1.9620664e-02;3.7500000e+01;3.8035110e-02;3.7500000e+01;5.7513744e-02;3.7500000e+01;8.0841884e-02;3.7500000e+01;1.1164287e-01;3.7500000e+01;1.5376642e-01;3.7500000e+01;1.9894825e-01;3.7500000e+01;2.3453611e-01;3.7500000e+01;2.5003880e-01;3.7500000e+01;2.4676415e-01;3.7500000e+01;2.2440150e-01;3.7500000e+01;1.9221240e-01;3.7500000e+01;1.5334243e-01;3.7500000e+01;1.1156150e-01;3.7500000e+01;7.2634563e-02;3.7500000e+01;3.4743264e-02;3.7500000e+01;-3.0305618e-03;3.7500000e+01;5.0423993e-03;3.7500000e+01;1.9620664e-02;3.7500000e+01;3.8035110e-02;3.7500000e+01;5.7513744e-02;3.7500000e+01;8.0841884e-02;3.7500000e+01;1.1164287e-01;3.7500000e+01;1.5376642e-01;3.7500000e+01;1.9894825e-01;3.7500000e+01;2.3453611e-01;3.7500000e+01;2.5003880e-01;3.7500000e+01;2.4676415e-01;3.7500000e+01;2.2440150e-01;3.7500000e+01;1.9221240e-01;3.7500000e+01;1.5334243e-01;3.7500000e+01;1.1156150e-01;3.7500000e+01;7.2634563e-02;3.7500000e+01;3.4743264e-02;3.7500000e+01;-3.0305618e-03;3.7500000e+01;5.0423993e-03;3.7500000e+01;1.9620664e-02;3.7500000e+01;3.8035110e-02;3.7500000e+01;5.7513744e-02;3.7500000e+01;8.0841884e-02;3.7500000e+01;1.1164287e-01;3.7500000e+01;1.5376642e-01;3.7500000e+01;1.9894825e-01;3.7500000e+01;2.3453611e-01;3.7500000e+01;2.5003880e-01;3.7500000e+01;2.4676415e-01;3.7500000e+01;2.2440150e-01;3.7500000e+01;1.9221240e-01;3.7500000e+01;1.5334243e-01;3.7500000e+01;1.1156150e-01;3.7500000e+01;7.2634563e-02;3.7500000e+01;3.4743264e-02;3.7500000e+01;-3.0305618e-03;3.7500000e+01;5.0423993e-03;3.7500000e+01;1.9620664e-02;3.7500000e+01;3.8035110e-02;3.7500000e+01;5.7513744e-02;3.7500000e+01;8.0841884e-02;3.7500000e+01;1.1164287e-01;3.7500000e+01;1.5376642e-01;3.7500000e+01;1.9894825e-01;3.7500000e+01;2.3453611e-01;3.7500000e+01;2.5003880e-01;3.7500000e+01;2.4676415e-01;3.7500000e+01;2.2440150e-01;3.7500000e+01;1.9221240e-01;3.7500000e+01;1.5334243e-01;3.7500000e+01;1.1156150e-01;3.7500000e+01;7.2634563e-02;3.7500000e+01;3.4743264e-02;3.7500000e+01;-3.0305618e-03;3.7500000e+01;5.0423993e-03;3.7500000e+01;1.9620664e-02;3.7500000e+01;3.8035110e-02;3.7500000e+01;5.7513744e-02;3.7500000e+01;8.0841884e-02;3.7500000e+01;1.1164287e-01;3.7500000e+01;1.5376642e-01;3.7500000e+01;1.9894825e-01;3.7500000e+01;2.3453611e-01;3.7500000e+01;2.5003880e-01;3.7500000e+01;2.4676415e-01;3.7500000e+01;2.2440150e-01;3.7500000e+01;1.9221240e-01;3.7500000e+01;1.5334243e-01;3.7500000e+01;1.1156150e-01;3.7500000e+01;7.2634563e-02;3.7500000e+01;3.4743264e-02;3.7500000e+01;-3.0305618e-03;3.7500000e+01;5.0423993e-03;3.7500000e+01;1.9620664e-02;3.7500000e+01;3.8035110e-02;3.7500000e+01;5.7513744e-02;3.7500000e+01;8.0841884e-02;3.7500000e+01;1.1164287e-01;3.7500000e+01;1.5376642e-01;3.7500000e+01;1.9894825e-01;3.7500000e+01;2.3453611e-01;3.7500000e+01;2.5003880e-01;3.7500000e+01;2.4676415e-01;3.7500000e+01;2.2440150e-01;3.7500000e+01;1.9221240e-01;3.7500000e+01;1.5334243e-01;3.7500000e+01;1.1156150e-01;3.7500000e+01;7.2634563e-02;3.7500000e+01;3.4743264e-02;3.7500000e+01;-3.0305618e-03;3.7500000e+01;5.0423993e-03;3.7500000e+01;1.9620664e-02;3.7500000e+01;3.8035110e-02;3.7500000e+01;5.7513744e-02;3.7500000e+01;8.0841884e-02;3.7500000e+01;1.1164287e-01;3.7500000e+01;1.5376642e-01;3.7500000e+01;1.9894825e-01;3.7500000e+01;2.3453611e-01;3.7500000e+01;2.5003880e-01;3.7500000e+01;2.4676415e-01;3.7500000e+01;2.2440150e-01;3.7500000e+01;1.9221240e-01;3.7500000e+01;1.5334243e-01;3.7500000e+01;1.1156150e-01;3.7500000e+01;7.2634563e-02;3.7500000e+01;3.4743264e-02;3.7500000e+01;-3.0305618e-03;3.7500000e+01;5.0423993e-03;3.7500000e+01;1.9620664e-02;3.7500000e+01;3.8035110e-02;3.7500000e+01;5.7513744e-02;3.7500000e+01;8.0841884e-02;3.7500000e+01;1.1164287e-01;3.7500000e+01;1.5376642e-01;3.7500000e+01;1.9894825e-01;3.7500000e+01;2.3453611e-01;3.7500000e+01;2.5003880e-01;3.7500000e+01;2.4676415e-01;3.7500000e+01;2.2440150e-01;3.7500000e+01;1.9221240e-01;3.7500000e+01;1.5334243e-01;3.7500000e+01;1.1156150e-01;3.7500000e+01;7.2634563e-02;3.7500000e+01;3.4743264e-02;3.7500000e+01;-3.0305618e-03;3.7500000e+01;5.0423993e-03;3.7500000e+01;1.9620664e-02;3.7500000e+01;3.8035110e-02;3.7500000e+01;5.7513744e-02;3.7500000e+01;8.0841884e-02;3.7500000e+01;1.1164287e-01;3.7500000e+01;1.5376642e-01;3.7500000e+01;1.9894825e-01;3.7500000e+01;2.3453611e-01;3.7500000e+01;2.5003880e-01;3.7500000e+01;2.4676415e-01;3.7500000e+01;2.2440150e-01;3.7500000e+01;1.9221240e-01;3.7500000e+01;1.5334243e-01;3.7500000e+01;1.1156150e-01;3.7500000e+01;7.2634563e-02;3.7500000e+01;3.4743264e-02;3.7500000e+01;-3.0305618e-03;3.7500000e+01;5.0423993e-03;3.7500000e+01;1.9620664e-02;3.7500000e+01;3.8035110e-02;3.7500000e+01;5.7513744e-02;3.7500000e+01;8.0841884e-02;3.7500000e+01;1.1164287e-01;3.7500000e+01;1.5376642e-01;3.7500000e+01;1.9894825e-01;3.7500000e+01;2.3453611e-01;3.7500000e+01;2.5003880e-01;3.7500000e+01;2.4676415e-01;3.7500000e+01;2.2440150e-01;3.7500000e+01;1.9221240e-01;3.7500000e+01;1.5334243e-01;3.7500000e+01;1.1156150e-01;3.7500000e+01;7.2634563e-02;3.7500000e+01;3.4743264e-02;3.7500000e+01;-3.0305618e-03;3.7500000e+01;5.0423993e-03;3.7500000e+01;1.9620664e-02;3.7500000e+01;3.8035110e-02;3.7500000e+01;5.7513744e-02;3.7500000e+01;8.0841884e-02;3.7500000e+01;1.1164287e-01;3.7500000e+01;1.5376642e-01;3.7500000e+01;1.9894825e-01;3.7500000e+01;2.3453611e-01;3.7500000e+01;2.5003880e-01;3.7500000e+01;2.4676415e-01;3.7500000e+01;2.2440150e-01;3.7500000e+01;1.9221240e-01;3.7500000e+01;1.5334243e-01;3.7500000e+01;1.1156150e-01;3.7500000e+01;7.2634563e-02;3.7500000e+01;3.4743264e-02;3.7500000e+01;-3.0305618e-03;3.7500000e+01;5.0423993e-03;3.7500000e+01;1.9620664e-02;3.7500000e+01;3.8035110e-02;3.7500000e+01;5.7513744e-02;3.7500000e+01;8.0841884e-02;3.7500000e+01;1.1164287e-01;3.7500000e+01;1.5376642e-01;3.7500000e+01;1.9894825e-01;3.7500000e+01;2.3453611e-01;3.7500000e+01;2.5003880e-01;3.7500000e+01;2.4676415e-01;3.7500000e+01;2.2440150e-01;3.7500000e+01;1.9221240e-01;3.7500000e+01;1.5334243e-01;3.7500000e+01;1.1156150e-01;3.7500000e+01;7.2634563e-02;3.7500000e+01;3.4743264e-02;3.7500000e+01;-3.0305618e-03;3.7500000e+01;5.0423993e-03;3.7500000e+01;1.9620664e-02;3.7500000e+01;3.8035110e-02;3.7500000e+01;5.7513744e-02;3.7500000e+01;8.0841884e-02;3.7500000e+01;1.1164287e-01;3.7500000e+01;1.5376642e-01;3.7500000e+01;1.9894825e-01;3.7500000e+01;2.3453611e-01;3.7500000e+01;2.5003880e-01;3.7500000e+01;2.4676415e-01;3.7500000e+01;2.2440150e-01;3.7500000e+01;1.9221240e-01;3.7500000e+01;1.5334243e-01;3.7500000e+01;1.1156150e-01;3.7500000e+01;7.2634563e-02;3.7500000e+01;3.4743264e-02;3.7500000e+01;-3.0305618e-03;3.7500000e+01;5.0423993e-03;3.7500000e+01;1.9620664e-02;3.7500000e+01;3.8035110e-02;3.7500000e+01;5.7513744e-02;3.7500000e+01;8.0841884e-02;3.7500000e+01;1.1164287e-01;3.7500000e+01;1.5376642e-01;3.7500000e+01;1.9894825e-01;3.7500000e+01;2.3453611e-01;3.7500000e+01;2.5003880e-01;3.7500000e+01;2.4676415e-01;3.7500000e+01;2.2440150e-01;3.7500000e+01;1.9221240e-01;3.7500000e+01;1.5334243e-01;3.7500000e+01;1.1156150e-01;3.7500000e+01;7.2634563e-02;3.7500000e+01;3.4743264e-02;3.7500000e+01;-3.0305618e-03;3.7500000e+01;5.0423993e-03;3.7500000e+01;1.9620664e-02;3.7500000e+01;3.8035110e-02;3.7500000e+01;5.7513744e-02;3.7500000e+01;8.0841884e-02;3.7500000e+01;1.1164287e-01;3.7500000e+01;1.5376642e-01;3.7500000e+01;1.9894825e-01;3.7500000e+01;2.3453611e-01;3.7500000e+01;2.5003880e-01;3.7500000e+01;2.4676415e-01;3.7500000e+01;2.2440150e-01;3.7500000e+01;1.9221240e-01;3.7500000e+01;1.5334243e-01;3.7500000e+01;1.1156150e-01;3.7500000e+01;7.2634563e-02;3.7500000e+01;3.4743264e-02;3.7500000e+01;-3.0305618e-03;3.7500000e+01;5.0423993e-03;3.7500000e+01;1.9620664e-02;3.7500000e+01;3.8035110e-02;3.7500000e+01;5.7513744e-02;3.7500000e+01;8.0841884e-02;3.7500000e+01;1.1164287e-01;3.7500000e+01;1.5376642e-01;3.7500000e+01;1.9894825e-01;3.7500000e+01;2.3453611e-01;3.7500000e+01;2.5003880e-01;3.7500000e+01;2.4676415e-01;3.7500000e+01;2.2440150e-01;3.7500000e+01;1.9221240e-01;3.7500000e+01;1.5334243e-01;3.7500000e+01;1.1156150e-01;3.7500000e+01;7.2634563e-02;3.7500000e+01;3.4743264e-02;3.7500000e+01;-3.0305618e-03;3.7500000e+01;5.0423993e-03;3.7500000e+01;1.9620664e-02;3.7500000e+01;3.8035110e-02;3.7500000e+01;5.7513744e-02;3.7500000e+01;8.0841884e-02;3.7500000e+01;1.1164287e-01;3.7500000e+01;1.5376642e-01;3.7500000e+01;1.9894825e-01;3.7500000e+01;2.3453611e-01;3.7500000e+01;2.5003880e-01;3.7500000e+01;2.4676415e-01;3.7500000e+01;2.2440150e-01;3.7500000e+01;1.9221240e-01;3.7500000e+01;1.5334243e-01;3.7500000e+01;1.1156150e-01;3.7500000e+01;7.2634563e-02;3.7500000e+01;3.4743264e-02;3.7500000e+01;-3.0305618e-03;3.7500000e+01;5.0423993e-03;3.7500000e+01;1.9620664e-02;3.7500000e+01;3.8035110e-02;3.7500000e+01;5.7513744e-02;3.7500000e+01;8.0841884e-02;3.7500000e+01;1.1164287e-01;3.7500000e+01;1.5376642e-01;3.7500000e+01;1.9894825e-01;3.7500000e+01;2.3453611e-01;3.7500000e+01;2.5003880e-01;3.7500000e+01;2.4676415e-01;3.7500000e+01;2.2440150e-01;3.7500000e+01;1.9221240e-01;3.7500000e+01;1.5334243e-01;3.7500000e+01;1.1156150e-01;3.7500000e+01;7.2634563e-02;3.7500000e+01;3.4743264e-02;3.7500000e+01;-3.0305618e-03;3.7500000e+01;5.0423993e-03;3.7500000e+01;1.9620664e-02;3.7500000e+01;3.8035110e-02;3.7500000e+01;5.7513744e-02;3.7500000e+01;8.0841884e-02;3.7500000e+01;1.1164287e-01;3.7500000e+01;1.5376642e-01;3.7500000e+01;1.9894825e-01;3.7500000e+01;2.3453611e-01;3.7500000e+01;2.5003880e-01;3.7500000e+01;2.4676415e-01;3.7500000e+01;2.2440150e-01;3.7500000e+01;1.9221240e-01;3.7500000e+01;1.5334243e-01;3.7500000e+01;1.1156150e-01;3.7500000e+01;7.2634563e-02;3.7500000e+01;3.4743264e-02;3.7500000e+01;-3.0305618e-03;3.7500000e+01;5.0423993e-03;3.7500000e+01;1.9620664e-02;3.7500000e+01;3.8035110e-02;3.7500000e+01;5.7513744e-02;3.7500000e+01;8.0841884e-02;3.7500000e+01;1.1164287e-01;3.7500000e+01;1.5376642e-01;3.7500000e+01;1.9894825e-01;3.7500000e+01;2.3453611e-01;3.7500000e+01;2.5003880e-01;3.7500000e+01;2.4676415e-01;3.7500000e+01;2.2440150e-01;3.7500000e+01;1.9221240e-01;3.7500000e+01;1.5334243e-01;3.7500000e+01;1.1156150e-01;3.7500000e+01;7.2634563e-02;3.7500000e+01;3.4743264e-02;3.7500000e+01;-3.0305618e-03;3.7500000e+01;5.0423993e-03;3.7500000e+01;1.9620664e-02;3.7500000e+01;3.8035110e-02;3.7500000e+01;5.7513744e-02;3.7500000e+01;8.0841884e-02;3.7500000e+01;1.1164287e-01;3.7500000e+01;1.5376642e-01;3.7500000e+01;1.9894825e-01;3.7500000e+01;2.3453611e-01;3.7500000e+01;2.5003880e-01;3.7500000e+01;2.4676415e-01;3.7500000e+01;2.2440150e-01;3.7500000e+01;1.9221240e-01;3.7500000e+01;1.5334243e-01;3.7500000e+01;1.1156150e-01;3.7500000e+01;7.2634563e-02;3.7500000e+01;3.4743264e-02;3.7500000e+01;-3.0305618e-03;3.7500000e+01;5.0423993e-03;3.7500000e+01;1.9620664e-02;3.7500000e+01;3.8035110e-02;3.7500000e+01;5.7513744e-02;3.7500000e+01;8.0841884e-02;3.7500000e+01;1.1164287e-01;3.7500000e+01;1.5376642e-01;3.7500000e+01;1.9894825e-01;3.7500000e+01;2.3453611e-01;3.7500000e+01;2.5003880e-01;3.7500000e+01;2.4676415e-01;3.7500000e+01;2.2440150e-01;3.7500000e+01;1.9221240e-01;3.7500000e+01;1.5334243e-01;3.7500000e+01;1.1156150e-01;3.7500000e+01;7.2634563e-02;3.7500000e+01;3.4743264e-02;3.7500000e+01;-3.0305618e-03;3.7500000e+01;5.0423993e-03;3.7500000e+01;1.9620664e-02;3.7500000e+01;3.8035110e-02;3.7500000e+01;5.7513744e-02;3.7500000e+01;8.0841884e-02;3.7500000e+01;1.1164287e-01;3.7500000e+01;1.5376642e-01;3.7500000e+01;1.9894825e-01;3.7500000e+01;2.3453611e-01;3.7500000e+01;2.5003880e-01;3.7500000e+01;2.4676415e-01;3.7500000e+01;2.2440150e-01;3.7500000e+01;1.9221240e-01;3.7500000e+01;1.5334243e-01;3.7500000e+01;1.1156150e-01;3.7500000e+01;7.2634563e-02;3.7500000e+01;3.4743264e-02;3.7500000e+01;-3.0305618e-03;3.7500000e+01;5.0423993e-03;3.7500000e+01;1.9620664e-02;3.7500000e+01;3.8035110e-02;3.7500000e+01;5.7513744e-02;3.7500000e+01;8.0841884e-02;3.7500000e+01;1.1164287e-01;3.7500000e+01;1.5376642e-01;3.7500000e+01;1.9894825e-01;3.7500000e+01;2.3453611e-01;3.7500000e+01;2.5003880e-01;3.7500000e+01;2.4676415e-01;3.7500000e+01;2.2440150e-01;3.7500000e+01;1.9221240e-01;3.7500000e+01;1.5334243e-01;3.7500000e+01;1.1156150e-01;3.7500000e+01;7.2634563e-02;3.7500000e+01;3.4743264e-02;3.7500000e+01;-3.0305618e-03;3.7500000e+01;5.0423993e-03;3.7500000e+01;1.9620664e-02;3.7500000e+01;3.8035110e-02;3.7500000e+01;5.7513744e-02;3.7500000e+01;8.0841884e-02;3.7500000e+01;1.1164287e-01;3.7500000e+01;1.5376642e-01;3.7500000e+01;1.9894825e-01;3.7500000e+01;2.3453611e-01;3.7500000e+01;2.5003880e-01;3.7500000e+01;2.4676415e-01;3.7500000e+01;2.2440150e-01;3.7500000e+01;1.9221240e-01;3.7500000e+01;1.5334243e-01;3.7500000e+01;1.1156150e-01;3.7500000e+01;7.2634563e-02;3.7500000e+01;3.4743264e-02;3.7500000e+01;-3.0305618e-03;3.7500000e+01;5.0423993e-03;3.7500000e+01;1.9620664e-02;3.7500000e+01;3.8035110e-02;3.7500000e+01;5.7513744e-02;3.7500000e+01;8.0841884e-02;3.7500000e+01;1.1164287e-01;3.7500000e+01;1.5376642e-01;3.7500000e+01;1.9894825e-01;3.7500000e+01;2.3453611e-01;3.7500000e+01;2.5003880e-01;3.7500000e+01;2.4676415e-01;3.7500000e+01;2.2440150e-01;3.7500000e+01;1.9221240e-01;3.7500000e+01;1.5334243e-01;3.7500000e+01;1.1156150e-01;3.7500000e+01;7.2634563e-02;3.7500000e+01;3.4743264e-02;3.7500000e+01;-3.0305618e-03;3.7500000e+01;5.0423993e-03;3.7500000e+01;1.9620664e-02;3.7500000e+01;3.8035110e-02;3.7500000e+01;5.7513744e-02;3.7500000e+01;8.0841884e-02;3.7500000e+01;1.1164287e-01;3.7500000e+01;1.5376642e-01;3.7500000e+01;1.9894825e-01;3.7500000e+01;2.3453611e-01;3.7500000e+01;2.5003880e-01;3.7500000e+01;2.4676415e-01;3.7500000e+01;2.2440150e-01;3.7500000e+01;1.9221240e-01;3.7500000e+01;1.5334243e-01;3.7500000e+01;1.1156150e-01;3.7500000e+01;7.2634563e-02;3.7500000e+01;3.4743264e-02;3.7500000e+01;-3.0305618e-03;3.7500000e+01;5.0423993e-03;3.7500000e+01;1.9620664e-02;3.7500000e+01;3.8035110e-02;3.7500000e+01;5.7513744e-02;3.7500000e+01;8.0841884e-02;3.7500000e+01;1.1164287e-01;3.7500000e+01;1.5376642e-01;3.7500000e+01;1.9894825e-01;3.7500000e+01;2.3453611e-01;3.7500000e+01;2.5003880e-01;3.7500000e+01;2.4676415e-01;3.7500000e+01;2.2440150e-01;3.7500000e+01;1.9221240e-01;3.7500000e+01;1.5334243e-01;3.7500000e+01;1.1156150e-01;3.7500000e+01;7.2634563e-02;3.7500000e+01;3.4743264e-02;3.7500000e+01;-3.0305618e-03;3.7500000e+01;5.0423993e-03;3.7500000e+01;1.9620664e-02;3.7500000e+01;3.8035110e-02;3.7500000e+01;5.7513744e-02;3.7500000e+01;8.0841884e-02;3.7500000e+01;1.1164287e-01;3.7500000e+01;1.5376642e-01;3.7500000e+01;1.9894825e-01;3.7500000e+01;2.3453611e-01;3.7500000e+01;2.5003880e-01;3.7500000e+01;2.4676415e-01;3.7500000e+01;2.2440150e-01;3.7500000e+01;1.9221240e-01;3.7500000e+01;1.5334243e-01;3.7500000e+01;1.1156150e-01;3.7500000e+01;7.2634563e-02;3.7500000e+01;3.4743264e-02;3.7500000e+01;-3.0305618e-03;3.7500000e+01;5.0423993e-03;3.7500000e+01;1.9620664e-02;3.7500000e+01;3.8035110e-02;3.7500000e+01;5.7513744e-02;3.7500000e+01;8.0841884e-02;3.7500000e+01;1.1164287e-01;3.7500000e+01;1.5376642e-01;3.7500000e+01;1.9894825e-01;3.7500000e+01;2.3453611e-01;3.7500000e+01;2.5003880e-01;3.7500000e+01;2.4676415e-01;3.7500000e+01;2.2440150e-01;3.7500000e+01;1.9221240e-01;3.7500000e+01;1.5334243e-01;3.7500000e+01;1.1156150e-01;3.7500000e+01;7.2634563e-02;3.7500000e+01;3.4743264e-02;3.7500000e+01;-3.0305618e-03;3.7500000e+01;5.0423993e-03;3.7500000e+01;1.9620664e-02;3.7500000e+01;3.8035110e-02;3.7500000e+01;5.7513744e-02;3.7500000e+01;8.0841884e-02;3.7500000e+01;1.1164287e-01;3.7500000e+01;1.5376642e-01;3.7500000e+01;1.9894825e-01;3.7500000e+01;2.3453611e-01;3.7500000e+01;2.5003880e-01;3.7500000e+01;2.4676415e-01;3.7500000e+01;2.2440150e-01;3.7500000e+01;1.9221240e-01;3.7500000e+01;1.5334243e-01;3.7500000e+01;1.1156150e-01;3.7500000e+01;7.2634563e-02;3.7500000e+01;3.4743264e-02;3.7500000e+01;-3.0305618e-03;3.7500000e+01;5.0423993e-03;3.7500000e+01;1.9620664e-02;3.7500000e+01;3.8035110e-02;3.7500000e+01;5.7513744e-02;3.7500000e+01;8.0841884e-02;3.7500000e+01;1.1164287e-01;3.7500000e+01;1.5376642e-01;3.7500000e+01;1.9894825e-01;3.7500000e+01;2.3453611e-01;3.7500000e+01;2.5003880e-01;3.7500000e+01;2.4676415e-01;3.7500000e+01;2.2440150e-01;3.7500000e+01;1.9221240e-01;3.7500000e+01;1.5334243e-01;3.7500000e+01;1.1156150e-01;3.7500000e+01;7.2634563e-02;3.7500000e+01;3.4743264e-02;3.7500000e+01;-3.0305618e-03;3.7500000e+01;5.0423993e-03;3.7500000e+01;1.9620664e-02;3.7500000e+01;3.8035110e-02;3.7500000e+01;5.7513744e-02;3.7500000e+01;8.0841884e-02;3.7500000e+01;1.1164287e-01;3.7500000e+01;1.5376642e-01;3.7500000e+01;1.9894825e-01;3.7500000e+01;2.3453611e-01;3.7500000e+01;2.5003880e-01;3.7500000e+01;2.4676415e-01;3.7500000e+01;2.2440150e-01;3.7500000e+01;1.9221240e-01;3.7500000e+01;1.5334243e-01;3.7500000e+01;1.1156150e-01;3.7500000e+01;7.2634563e-02;3.7500000e+01;3.4743264e-02;3.7500000e+01;-3.0305618e-03;3.7500000e+01;5.0423993e-03;3.7500000e+01;1.9620664e-02;3.7500000e+01;3.8035110e-02;3.7500000e+01;5.7513744e-02;3.7500000e+01;8.0841884e-02;3.7500000e+01;1.1164287e-01;3.7500000e+01;1.5376642e-01;3.7500000e+01;1.9894825e-01;3.7500000e+01;2.3453611e-01;3.7500000e+01;2.5003880e-01;3.7500000e+01;2.4676415e-01;3.7500000e+01;2.2440150e-01;3.7500000e+01;1.9221240e-01;3.7500000e+01;1.5334243e-01;3.7500000e+01;1.1156150e-01;3.7500000e+01;7.2634563e-02;3.7500000e+01;3.4743264e-02;3.7500000e+01;-3.0305618e-03;3.7500000e+01;5.0423993e-03;3.7500000e+01;1.9620664e-02;3.7500000e+01;3.8035110e-02;3.7500000e+01;5.7513744e-02;3.7500000e+01;8.0841884e-02;3.7500000e+01;1.1164287e-01;3.7500000e+01;1.5376642e-01;3.7500000e+01;1.9894825e-01;3.7500000e+01;2.3453611e-01;3.7500000e+01;2.5003880e-01;3.7500000e+01;2.4676415e-01;3.7500000e+01;2.2440150e-01;3.7500000e+01;1.9221240e-01;3.7500000e+01;1.5334243e-01;3.7500000e+01;1.1156150e-01;3.7500000e+01;7.2634563e-02;3.7500000e+01;3.4743264e-02;3.7500000e+01;-3.0305618e-03;3.7500000e+01;5.0423993e-03;3.7500000e+01;1.9620664e-02;3.7500000e+01;3.8035110e-02;3.7500000e+01;5.7513744e-02;3.7500000e+01;8.0841884e-02;3.7500000e+01;1.1164287e-01;3.7500000e+01;1.5376642e-01;3.7500000e+01;1.9894825e-01;3.7500000e+01;2.3453611e-01;3.7500000e+01;2.5003880e-01;3.7500000e+01;2.4676415e-01;3.7500000e+01;2.2440150e-01;3.7500000e+01;1.9221240e-01;3.7500000e+01;1.5334243e-01;3.7500000e+01;1.1156150e-01;3.7500000e+01;7.2634563e-02;3.7500000e+01;3.4743264e-02;3.7500000e+01;-3.0305618e-03;3.7500000e+01;5.0423993e-03;3.7500000e+01;1.9620664e-02;3.7500000e+01;3.8035110e-02;3.7500000e+01;5.7513744e-02;3.7500000e+01;8.0841884e-02;3.7500000e+01;1.1164287e-01;3.7500000e+01;1.5376642e-01;3.7500000e+01;1.9894825e-01;3.7500000e+01;2.3453611e-01;3.7500000e+01;2.5003880e-01;3.7500000e+01;2.4676415e-01;3.7500000e+01;2.2440150e-01;3.7500000e+01;1.9221240e-01;3.7500000e+01;1.5334243e-01;3.7500000e+01;1.1156150e-01;3.7500000e+01;7.2634563e-02;3.7500000e+01;3.4743264e-02;3.7500000e+01;-3.0305618e-03;3.7500000e+01;5.0423993e-03;3.7500000e+01;1.9620664e-02;3.7500000e+01;3.8035110e-02;3.7500000e+01;5.7513744e-02;3.7500000e+01;8.0841884e-02;3.7500000e+01;1.1164287e-01;3.7500000e+01;1.5376642e-01;3.7500000e+01;1.9894825e-01;3.7500000e+01;2.3453611e-01;3.7500000e+01;2.5003880e-01;3.7500000e+01;2.4676415e-01;3.7500000e+01;2.2440150e-01;3.7500000e+01;1.9221240e-01;3.7500000e+01;1.5334243e-01;3.7500000e+01;1.1156150e-01;3.7500000e+01;7.2634563e-02;3.7500000e+01;3.4743264e-02;3.7500000e+01;-3.0305618e-03;3.7500000e+01;5.0423993e-03;3.7500000e+01;1.9620664e-02;3.7500000e+01;3.8035110e-02;3.7500000e+01;5.7513744e-02;3.7500000e+01;8.0841884e-02;3.7500000e+01;1.1164287e-01;3.7500000e+01;1.5376642e-01;3.7500000e+01;1.9894825e-01;3.7500000e+01;2.3453611e-01;3.7500000e+01;2.5003880e-01;3.7500000e+01;2.4676415e-01;3.7500000e+01;2.2440150e-01;3.7500000e+01;1.9221240e-01;3.7500000e+01;1.5334243e-01;3.7500000e+01;1.1156150e-01;3.7500000e+01;7.2634563e-02;3.7500000e+01;3.4743264e-02;3.7500000e+01;-3.0305618e-03;3.7500000e+01;5.0423993e-03;3.7500000e+01;1.9620664e-02;3.7500000e+01;3.8035110e-02;3.7500000e+01;5.7513744e-02;3.7500000e+01;8.0841884e-02;3.7500000e+01;1.1164287e-01;3.7500000e+01;1.5376642e-01;3.7500000e+01;1.9894825e-01;3.7500000e+01;2.3453611e-01;3.7500000e+01;2.5003880e-01;3.7500000e+01;2.4676415e-01;3.7500000e+01;2.2440150e-01;3.7500000e+01;1.9221240e-01;3.7500000e+01;1.5334243e-01;3.7500000e+01;1.1156150e-01;3.7500000e+01;7.2634563e-02;3.7500000e+01;3.4743264e-02;3.7500000e+01;-3.0305618e-03;3.7500000e+01;5.0423993e-03;3.7500000e+01;1.9620664e-02;3.7500000e+01;3.8035110e-02;3.7500000e+01;5.7513744e-02;3.7500000e+01;8.0841884e-02;3.7500000e+01;1.1164287e-01;3.7500000e+01;1.5376642e-01;3.7500000e+01;1.9894825e-01;3.7500000e+01;2.3453611e-01;3.7500000e+01;2.5003880e-01;3.7500000e+01;2.4676415e-01;3.7500000e+01;2.2440150e-01;3.7500000e+01;1.9221240e-01;3.7500000e+01;1.5334243e-01;3.7500000e+01;1.1156150e-01;3.7500000e+01;7.2634563e-02;3.7500000e+01;3.4743264e-02;3.7500000e+01;-3.0305618e-03;3.7500000e+01;5.0423993e-03;3.7500000e+01;1.9620664e-02;3.7500000e+01;3.8035110e-02;3.7500000e+01;5.7513744e-02;3.7500000e+01;8.0841884e-02;3.7500000e+01;1.1164287e-01;3.7500000e+01;1.5376642e-01;3.7500000e+01;1.9894825e-01;3.7500000e+01;2.3453611e-01;3.7500000e+01;2.5003880e-01;3.7500000e+01;2.4676415e-01;3.7500000e+01;2.2440150e-01;3.7500000e+01;1.9221240e-01;3.7500000e+01;1.5334243e-01;3.7500000e+01;1.1156150e-01;3.7500000e+01;7.2634563e-02;3.7500000e+01;3.4743264e-02;3.7500000e+01;-3.0305618e-03;3.7500000e+01;5.0423993e-03;3.7500000e+01;1.9620664e-02;3.7500000e+01;3.8035110e-02;3.7500000e+01;5.7513744e-02;3.7500000e+01;8.0841884e-02;3.7500000e+01;1.1164287e-01;3.7500000e+01;1.5376642e-01;3.7500000e+01;1.9894825e-01;3.7500000e+01;2.3453611e-01;3.7500000e+01;2.5003880e-01;3.7500000e+01;2.4676415e-01;3.7500000e+01;2.2440150e-01;3.7500000e+01;1.9221240e-01;3.7500000e+01;1.5334243e-01;3.7500000e+01;1.1156150e-01;3.7500000e+01;7.2634563e-02;3.7500000e+01;3.4743264e-02;3.7500000e+01;-3.0305618e-03;3.7500000e+01;5.0423993e-03;3.7500000e+01;1.9620664e-02;3.7500000e+01;3.8035110e-02;3.7500000e+01;5.7513744e-02;3.7500000e+01;8.0841884e-02;3.7500000e+01;1.1164287e-01;3.7500000e+01;1.5376642e-01;3.7500000e+01;1.9894825e-01;3.7500000e+01;2.3453611e-01;3.7500000e+01;2.5003880e-01;3.7500000e+01;2.4676415e-01;3.7500000e+01;2.2440150e-01;3.7500000e+01;1.9221240e-01;3.7500000e+01;1.5334243e-01;3.7500000e+01;1.1156150e-01;3.7500000e+01;7.2634563e-02;3.7500000e+01;3.4743264e-02;3.7500000e+01;-3.0305618e-03;3.7500000e+01;5.0423993e-03;3.7500000e+01;1.9620664e-02;3.7500000e+01;3.8035110e-02;3.7500000e+01;5.7513744e-02;3.7500000e+01;8.0841884e-02;3.7500000e+01;1.1164287e-01;3.7500000e+01;1.5376642e-01;3.7500000e+01;1.9894825e-01;3.7500000e+01;2.3453611e-01;3.7500000e+01;2.5003880e-01;3.7500000e+01;2.4676415e-01;3.7500000e+01;2.2440150e-01;3.7500000e+01;1.9221240e-01;3.7500000e+01;1.5334243e-01;3.7500000e+01;1.1156150e-01;3.7500000e+01;7.2634563e-02;3.7500000e+01;3.4743264e-02;3.7500000e+01;-3.0305618e-03;3.7500000e+01;5.0423993e-03;3.7500000e+01;1.9620664e-02;3.7500000e+01;3.8035110e-02;3.7500000e+01;5.7513744e-02;3.7500000e+01;8.0841884e-02;3.7500000e+01;1.1164287e-01;3.7500000e+01;1.5376642e-01;3.7500000e+01;1.9894825e-01;3.7500000e+01;2.3453611e-01;3.7500000e+01;2.5003880e-01;3.7500000e+01;2.4676415e-01;3.7500000e+01;2.2440150e-01;3.7500000e+01;1.9221240e-01;3.7500000e+01;1.5334243e-01;3.7500000e+01;1.1156150e-01;3.7500000e+01;7.2634563e-02;3.7500000e+01;3.4743264e-02;3.7500000e+01;-3.0305618e-03;3.7500000e+01;5.0423993e-03;3.7500000e+01;1.9620664e-02;3.7500000e+01;3.8035110e-02;3.7500000e+01;5.7513744e-02;3.7500000e+01;8.0841884e-02;3.7500000e+01;1.1164287e-01;3.7500000e+01;1.5376642e-01;3.7500000e+01;1.9894825e-01;3.7500000e+01;2.3453611e-01;3.7500000e+01;2.5003880e-01;3.7500000e+01;2.4676415e-01;3.7500000e+01;2.2440150e-01;3.7500000e+01;1.9221240e-01;3.7500000e+01;1.5334243e-01;3.7500000e+01;1.1156150e-01;3.7500000e+01;7.2634563e-02;3.7500000e+01;3.4743264e-02;3.7500000e+01;-3.0305618e-03;3.7500000e+01;5.0423993e-03;3.7500000e+01;1.9620664e-02;3.7500000e+01;3.8035110e-02;3.7500000e+01;5.7513744e-02;3.7500000e+01;8.0841884e-02;3.7500000e+01;1.1164287e-01;3.7500000e+01;1.5376642e-01;3.7500000e+01;1.9894825e-01;3.7500000e+01;2.3453611e-01;3.7500000e+01;2.5003880e-01;3.7500000e+01;2.4676415e-01;3.7500000e+01;2.2440150e-01;3.7500000e+01;1.9221240e-01;3.7500000e+01;1.5334243e-01;3.7500000e+01;1.1156150e-01;3.7500000e+01;7.2634563e-02;3.7500000e+01;3.4743264e-02;3.7500000e+01;-3.0305618e-03;3.7500000e+01;5.0423993e-03;3.7500000e+01;1.9620664e-02;3.7500000e+01;3.8035110e-02;3.7500000e+01;5.7513744e-02;3.7500000e+01;8.0841884e-02;3.7500000e+01;1.1164287e-01;3.7500000e+01;1.5376642e-01;3.7500000e+01;1.9894825e-01;3.7500000e+01;2.3453611e-01;3.7500000e+01;2.5003880e-01;3.7500000e+01;2.4676415e-01;3.7500000e+01;2.2440150e-01;3.7500000e+01;1.9221240e-01;3.7500000e+01;1.5334243e-01;3.7500000e+01;1.1156150e-01;3.7500000e+01;7.2634563e-02;3.7500000e+01;3.4743264e-02;3.7500000e+01;-3.0305618e-03;3.7500000e+01;5.0423993e-03;3.7500000e+01;1.9620664e-02;3.7500000e+01;3.8035110e-02;3.7500000e+01;5.7513744e-02;3.7500000e+01;8.0841884e-02;3.7500000e+01;1.1164287e-01;3.7500000e+01;1.5376642e-01;3.7500000e+01;1.9894825e-01;3.7500000e+01;2.3453611e-01;3.7500000e+01;2.5003880e-01;3.7500000e+01;2.4676415e-01;3.7500000e+01;2.2440150e-01;3.7500000e+01;1.9221240e-01;3.7500000e+01;1.5334243e-01;3.7500000e+01;1.1156150e-01;3.7500000e+01;7.2634563e-02;3.7500000e+01;3.4743264e-02;3.7500000e+01;-3.0305618e-03;3.7500000e+01;5.0423993e-03;3.7500000e+01;1.9620664e-02;3.7500000e+01;3.8035110e-02;3.7500000e+01;5.7513744e-02;3.7500000e+01;8.0841884e-02;3.7500000e+01;1.1164287e-01;3.7500000e+01;1.5376642e-01;3.7500000e+01;1.9894825e-01;3.7500000e+01;2.3453611e-01;3.7500000e+01;2.5003880e-01;3.7500000e+01;2.4676415e-01;3.7500000e+01;2.2440150e-01;3.7500000e+01;1.9221240e-01;3.7500000e+01;1.5334243e-01;3.7500000e+01;1.1156150e-01;3.7500000e+01;7.2634563e-02;3.7500000e+01;3.4743264e-02;3.7500000e+01;-3.0305618e-03;3.7500000e+01;5.0423993e-03;3.7500000e+01;1.9620664e-02;3.7500000e+01;3.8035110e-02;3.7500000e+01;5.7513744e-02;3.7500000e+01;8.0841884e-02;3.7500000e+01;1.1164287e-01;3.7500000e+01;1.5376642e-01;3.7500000e+01;1.9894825e-01;3.7500000e+01;2.3453611e-01;3.7500000e+01;2.5003880e-01;3.7500000e+01;2.4676415e-01;3.7500000e+01;2.2440150e-01;3.7500000e+01;1.9221240e-01;3.7500000e+01;1.5334243e-01;3.7500000e+01;1.1156150e-01;3.7500000e+01;7.2634563e-02;3.7500000e+01;3.4743264e-02;3.7500000e+01;-3.0305618e-03;3.7500000e+01;5.0423993e-03;3.7500000e+01;1.9620664e-02;3.7500000e+01;3.8035110e-02;3.7500000e+01;5.7513744e-02;3.7500000e+01;8.0841884e-02;3.7500000e+01;1.1164287e-01;3.7500000e+01;1.5376642e-01;3.7500000e+01;1.9894825e-01;3.7500000e+01;2.3453611e-01;3.7500000e+01;2.5003880e-01;3.7500000e+01;2.4676415e-01;3.7500000e+01;2.2440150e-01;3.7500000e+01;1.9221240e-01;3.7500000e+01;1.5334243e-01;3.7500000e+01;1.1156150e-01;3.7500000e+01;7.2634563e-02;3.7500000e+01;3.4743264e-02;3.7500000e+01;-3.0305618e-03;3.7500000e+01;5.0423993e-03;3.7500000e+01;1.9620664e-02;3.7500000e+01;3.8035110e-02;3.7500000e+01;5.7513744e-02;3.7500000e+01;8.0841884e-02;3.7500000e+01;1.1164287e-01;3.7500000e+01;1.5376642e-01;3.7500000e+01;1.9894825e-01;3.7500000e+01;2.3453611e-01;3.7500000e+01;2.5003880e-01;3.7500000e+01;2.4676415e-01;3.7500000e+01;2.2440150e-01;3.7500000e+01;1.9221240e-01;3.7500000e+01;1.5334243e-01;3.7500000e+01;1.1156150e-01;3.7500000e+01;7.2634563e-02;3.7500000e+01;3.4743264e-02;3.7500000e+01;-3.0305618e-03;3.7500000e+01;5.0423993e-03;3.7500000e+01;1.9620664e-02;3.7500000e+01;3.8035110e-02;3.7500000e+01;5.7513744e-02;3.7500000e+01;8.0841884e-02;3.7500000e+01;1.1164287e-01;3.7500000e+01;1.5376642e-01;3.7500000e+01;1.9894825e-01;3.7500000e+01;2.3453611e-01;3.7500000e+01;2.5003880e-01;3.7500000e+01;2.4676415e-01;3.7500000e+01;2.2440150e-01;3.7500000e+01;1.9221240e-01;3.7500000e+01;1.5334243e-01;3.7500000e+01;1.1156150e-01;3.7500000e+01;7.2634563e-02;3.7500000e+01;3.4743264e-02;3.7500000e+01;-3.0305618e-03;3.7500000e+01;5.0423993e-03;3.7500000e+01;1.9620664e-02;3.7500000e+01;3.8035110e-02;3.7500000e+01;5.7513744e-02;3.7500000e+01;8.0841884e-02;3.7500000e+01;1.1164287e-01;3.7500000e+01;1.5376642e-01;3.7500000e+01;1.9894825e-01;3.7500000e+01;2.3453611e-01;3.7500000e+01;2.5003880e-01;3.7500000e+01;2.4676415e-01;3.7500000e+01;2.2440150e-01;3.7500000e+01;1.9221240e-01;3.7500000e+01;1.5334243e-01;3.7500000e+01;1.1156150e-01;3.7500000e+01;7.2634563e-02;3.7500000e+01;3.4743264e-02;3.7500000e+01;-3.0305618e-03;3.7500000e+01;5.0423993e-03;3.7500000e+01;1.9620664e-02;3.7500000e+01;3.8035110e-02;3.7500000e+01;5.7513744e-02;3.7500000e+01;8.0841884e-02;3.7500000e+01;1.1164287e-01;3.7500000e+01;1.5376642e-01;3.7500000e+01;1.9894825e-01;3.7500000e+01;2.3453611e-01;3.7500000e+01;2.5003880e-01;3.7500000e+01;2.4676415e-01;3.7500000e+01;2.2440150e-01;3.7500000e+01;1.9221240e-01;3.7500000e+01;1.5334243e-01;3.7500000e+01;1.1156150e-01;3.7500000e+01;7.2634563e-02;3.7500000e+01;3.4743264e-02;3.7500000e+01;-3.0305618e-03;3.7500000e+01;5.0423993e-03;3.7500000e+01;1.9620664e-02;3.7500000e+01;3.8035110e-02;3.7500000e+01;5.7513744e-02;3.7500000e+01;8.0841884e-02;3.7500000e+01;1.1164287e-01;3.7500000e+01;1.5376642e-01;3.7500000e+01;1.9894825e-01;3.7500000e+01;2.3453611e-01;3.7500000e+01;2.5003880e-01;3.7500000e+01;2.4676415e-01;3.7500000e+01;2.2440150e-01;3.7500000e+01;1.9221240e-01;3.7500000e+01;1.5334243e-01;3.7500000e+01;1.1156150e-01;3.7500000e+01;7.2634563e-02;3.7500000e+01;3.4743264e-02;3.7500000e+01;-3.0305618e-03;3.7500000e+01;5.0423993e-03;3.7500000e+01;1.9620664e-02;3.7500000e+01;3.8035110e-02;3.7500000e+01;5.7513744e-02;3.7500000e+01;8.0841884e-02;3.7500000e+01;1.1164287e-01;3.7500000e+01;1.5376642e-01;3.7500000e+01;1.9894825e-01;3.7500000e+01;2.3453611e-01;3.7500000e+01;2.5003880e-01;3.7500000e+01;2.4676415e-01;3.7500000e+01;2.2440150e-01;3.7500000e+01;1.9221240e-01;3.7500000e+01;1.5334243e-01;3.7500000e+01;1.1156150e-01;3.7500000e+01;7.2634563e-02;3.7500000e+01;3.4743264e-02;3.7500000e+01;-3.0305618e-03;3.7500000e+01;5.0423993e-03;3.7500000e+01;1.9620664e-02;3.7500000e+01;3.8035110e-02;3.7500000e+01;5.7513744e-02;3.7500000e+01;8.0841884e-02;3.7500000e+01;1.1164287e-01;3.7500000e+01;1.5376642e-01;3.7500000e+01;1.9894825e-01;3.7500000e+01;2.3453611e-01;3.7500000e+01;2.5003880e-01;3.7500000e+01;2.4676415e-01;3.7500000e+01;2.2440150e-01;3.7500000e+01;1.9221240e-01;3.7500000e+01;1.5334243e-01;3.7500000e+01;1.1156150e-01;3.7500000e+01;7.2634563e-02;3.7500000e+01;3.4743264e-02;3.7500000e+01;-3.0305618e-03;3.7500000e+01;5.0423993e-03;3.7500000e+01;1.9620664e-02;3.7500000e+01;3.8035110e-02;3.7500000e+01;5.7513744e-02;3.7500000e+01;8.0841884e-02;3.7500000e+01;1.1164287e-01;3.7500000e+01;1.5376642e-01;3.7500000e+01;1.9894825e-01;3.7500000e+01;2.3453611e-01;3.7500000e+01;2.5003880e-01;3.7500000e+01;2.4676415e-01;3.7500000e+01;2.2440150e-01;3.7500000e+01;1.9221240e-01;3.7500000e+01;1.5334243e-01;3.7500000e+01;1.1156150e-01;3.7500000e+01;7.2634563e-02;3.7500000e+01;3.4743264e-02;3.7500000e+01;-3.0305618e-03;3.7500000e+01;5.0423993e-03;3.7500000e+01;1.9620664e-02;3.7500000e+01;3.8035110e-02;3.7500000e+01;5.7513744e-02;3.7500000e+01;8.0841884e-02;3.7500000e+01;1.1164287e-01;3.7500000e+01;1.5376642e-01;3.7500000e+01;1.9894825e-01;3.7500000e+01;2.3453611e-01;3.7500000e+01;2.5003880e-01;3.7500000e+01;2.4676415e-01;3.7500000e+01;2.2440150e-01;3.7500000e+01;1.9221240e-01;3.7500000e+01;1.5334243e-01;3.7500000e+01;1.1156150e-01;3.7500000e+01;7.2634563e-02;3.7500000e+01;3.4743264e-02;3.7500000e+01;-3.0305618e-03;3.7500000e+01;5.0423993e-03;3.7500000e+01;1.9620664e-02;3.7500000e+01;3.8035110e-02;3.7500000e+01;5.7513744e-02;3.7500000e+01;8.0841884e-02;3.7500000e+01;1.1164287e-01;3.7500000e+01;1.5376642e-01;3.7500000e+01;1.9894825e-01;3.7500000e+01;2.3453611e-01;3.7500000e+01;2.5003880e-01;3.7500000e+01;2.4676415e-01;3.7500000e+01;2.2440150e-01;3.7500000e+01;1.9221240e-01;3.7500000e+01;1.5334243e-01;3.7500000e+01;1.1156150e-01;3.7500000e+01;7.2634563e-02;3.7500000e+01;3.4743264e-02;3.7500000e+01;-3.0305618e-03;3.7500000e+01;5.0423993e-03;3.7500000e+01;1.9620664e-02;3.7500000e+01;3.8035110e-02;3.7500000e+01;5.7513744e-02;3.7500000e+01;8.0841884e-02;3.7500000e+01;1.1164287e-01;3.7500000e+01;1.5376642e-01;3.7500000e+01;1.9894825e-01;3.7500000e+01;2.3453611e-01;3.7500000e+01;2.5003880e-01;3.7500000e+01;2.4676415e-01;3.7500000e+01;2.2440150e-01;3.7500000e+01;1.9221240e-01;3.7500000e+01;1.5334243e-01;3.7500000e+01;1.1156150e-01;3.7500000e+01;7.2634563e-02;3.7500000e+01;3.4743264e-02;3.7500000e+01;-3.0305618e-03;3.7500000e+01;5.0423993e-03;3.7500000e+01;1.9620664e-02;3.7500000e+01;3.8035110e-02;3.7500000e+01;5.7513744e-02;3.7500000e+01;8.0841884e-02;3.7500000e+01;1.1164287e-01;3.7500000e+01;1.5376642e-01;3.7500000e+01;1.9894825e-01;3.7500000e+01;2.3453611e-01;3.7500000e+01;2.5003880e-01;3.7500000e+01;2.4676415e-01;3.7500000e+01;2.2440150e-01;3.7500000e+01;1.9221240e-01;3.7500000e+01;1.5334243e-01;3.7500000e+01;1.1156150e-01;3.7500000e+01;7.2634563e-02;3.7500000e+01;3.4743264e-02;3.7500000e+01;-3.0305618e-03;3.7500000e+01;5.0423993e-03;3.7500000e+01;1.9620664e-02;3.7500000e+01;3.8035110e-02;3.7500000e+01;5.7513744e-02;3.7500000e+01;8.0841884e-02;3.7500000e+01;1.1164287e-01;3.7500000e+01;1.5376642e-01;3.7500000e+01;1.9894825e-01;3.7500000e+01;2.3453611e-01;3.7500000e+01;2.5003880e-01;3.7500000e+01;2.4676415e-01;3.7500000e+01;2.2440150e-01;3.7500000e+01;1.9221240e-01;3.7500000e+01;1.5334243e-01;3.7500000e+01;1.1156150e-01;3.7500000e+01;7.2634563e-02;3.7500000e+01;3.4743264e-02;3.7500000e+01;-3.0305618e-03;3.7500000e+01;5.0423993e-03;3.7500000e+01;1.9620664e-02;3.7500000e+01;3.8035110e-02;3.7500000e+01;5.7513744e-02;3.7500000e+01;8.0841884e-02;3.7500000e+01;1.1164287e-01;3.7500000e+01;1.5376642e-01;3.7500000e+01;1.9894825e-01;3.7500000e+01;2.3453611e-01;3.7500000e+01;2.5003880e-01;3.7500000e+01;2.4676415e-01;3.7500000e+01;2.2440150e-01;3.7500000e+01;1.9221240e-01;3.7500000e+01;1.5334243e-01;3.7500000e+01;1.1156150e-01;3.7500000e+01;7.2634563e-02;3.7500000e+01;3.4743264e-02;3.7500000e+01;-3.0305618e-03;3.7500000e+01;5.0423993e-03;3.7500000e+01;1.9620664e-02;3.7500000e+01;3.8035110e-02;3.7500000e+01;5.7513744e-02;3.7500000e+01;8.0841884e-02;3.7500000e+01;1.1164287e-01;3.7500000e+01;1.5376642e-01;3.7500000e+01;1.9894825e-01;3.7500000e+01;2.3453611e-01;3.7500000e+01;2.5003880e-01;3.7500000e+01;2.4676415e-01;3.7500000e+01;2.2440150e-01;3.7500000e+01;1.9221240e-01;3.7500000e+01;1.5334243e-01;3.7500000e+01;1.1156150e-01;3.7500000e+01;7.2634563e-02;3.7500000e+01;3.4743264e-02;3.7500000e+01;-3.0305618e-03;3.7500000e+01;5.0423993e-03;3.7500000e+01;1.9620664e-02;3.7500000e+01;3.8035110e-02;3.7500000e+01;5.7513744e-02;3.7500000e+01;8.0841884e-02;3.7500000e+01;1.1164287e-01;3.7500000e+01;1.5376642e-01;3.7500000e+01;1.9894825e-01;3.7500000e+01;2.3453611e-01;3.7500000e+01;2.5003880e-01;3.7500000e+01;2.4676415e-01;3.7500000e+01;2.2440150e-01;3.7500000e+01;1.9221240e-01;3.7500000e+01;1.5334243e-01;3.7500000e+01;1.1156150e-01;3.7500000e+01;7.2634563e-02;3.7500000e+01;3.4743264e-02;3.7500000e+01;-3.0305618e-03;3.7500000e+01;5.0423993e-03;3.7500000e+01;1.9620664e-02;3.7500000e+01;3.8035110e-02;3.7500000e+01;5.7513744e-02;3.7500000e+01;8.0841884e-02;3.7500000e+01;1.1164287e-01;3.7500000e+01;1.5376642e-01;3.7500000e+01;1.9894825e-01;3.7500000e+01;2.3453611e-01;3.7500000e+01;2.5003880e-01;3.7500000e+01;2.4676415e-01;3.7500000e+01;2.2440150e-01;3.7500000e+01;1.9221240e-01;3.7500000e+01;1.5334243e-01;3.7500000e+01;1.1156150e-01;3.7500000e+01;7.2634563e-02;3.7500000e+01;3.4743264e-02;3.7500000e+01;-3.0305618e-03;3.7500000e+01;5.0423993e-03;3.7500000e+01;1.9620664e-02;3.7500000e+01;3.8035110e-02;3.7500000e+01;5.7513744e-02;3.7500000e+01;8.0841884e-02;3.7500000e+01;1.1164287e-01;3.7500000e+01;1.5376642e-01;3.7500000e+01;1.9894825e-01;3.7500000e+01;2.3453611e-01;3.7500000e+01;2.5003880e-01;3.7500000e+01;2.4676415e-01;3.7500000e+01;2.2440150e-01;3.7500000e+01;1.9221240e-01;3.7500000e+01;1.5334243e-01;3.7500000e+01;1.1156150e-01;3.7500000e+01;7.2634563e-02;3.7500000e+01;3.4743264e-02;3.7500000e+01;-3.0305618e-03;3.7500000e+01;5.0423993e-03;3.7500000e+01;1.9620664e-02;3.7500000e+01;3.8035110e-02;3.7500000e+01;5.7513744e-02;3.7500000e+01;8.0841884e-02;3.7500000e+01;1.1164287e-01;3.7500000e+01;1.5376642e-01;3.7500000e+01;1.9894825e-01;3.7500000e+01;2.3453611e-01;3.7500000e+01;2.5003880e-01;3.7500000e+01;2.4676415e-01;3.7500000e+01;2.2440150e-01;3.7500000e+01;1.9221240e-01;3.7500000e+01;1.5334243e-01;3.7500000e+01;1.1156150e-01;3.7500000e+01;7.2634563e-02;3.7500000e+01;3.4743264e-02;3.7500000e+01;-3.0305618e-03;3.7500000e+01;5.0423993e-03;3.7500000e+01;1.9620664e-02;3.7500000e+01;3.8035110e-02;3.7500000e+01;5.7513744e-02;3.7500000e+01;8.0841884e-02;3.7500000e+01;1.1164287e-01;3.7500000e+01;1.5376642e-01;3.7500000e+01;1.9894825e-01;3.7500000e+01;2.3453611e-01;3.7500000e+01;2.5003880e-01;3.7500000e+01;2.4676415e-01;3.7500000e+01;2.2440150e-01;3.7500000e+01;1.9221240e-01;3.7500000e+01;1.5334243e-01;3.7500000e+01;1.1156150e-01;3.7500000e+01;7.2634563e-02;3.7500000e+01;3.4743264e-02;3.7500000e+01;-3.0305618e-03;3.7500000e+01;5.0423993e-03;3.7500000e+01;1.9620664e-02;3.7500000e+01;3.8035110e-02;3.7500000e+01;5.7513744e-02;3.7500000e+01;8.0841884e-02;3.7500000e+01;1.1164287e-01;3.7500000e+01;1.5376642e-01;3.7500000e+01;1.9894825e-01;3.7500000e+01;2.3453611e-01;3.7500000e+01;2.5003880e-01;3.7500000e+01;2.4676415e-01;3.7500000e+01;2.2440150e-01;3.7500000e+01;1.9221240e-01;3.7500000e+01;1.5334243e-01;3.7500000e+01;1.1156150e-01;3.7500000e+01;7.2634563e-02;3.7500000e+01;3.4743264e-02;3.7500000e+01;-3.0305618e-03;3.7500000e+01;5.0423993e-03;3.7500000e+01;1.9620664e-02;3.7500000e+01;3.8035110e-02;3.7500000e+01;5.7513744e-02;3.7500000e+01;8.0841884e-02;3.7500000e+01;1.1164287e-01;3.7500000e+01;1.5376642e-01;3.7500000e+01;1.9894825e-01;3.7500000e+01;2.3453611e-01;3.7500000e+01;2.5003880e-01;3.7500000e+01;2.4676415e-01;3.7500000e+01;2.2440150e-01;3.7500000e+01;1.9221240e-01;3.7500000e+01;1.5334243e-01;3.7500000e+01;1.1156150e-01;3.7500000e+01;7.2634563e-02;3.7500000e+01;3.4743264e-02;3.7500000e+01;-3.0305618e-03;3.7500000e+01;5.0423993e-03;3.7500000e+01;1.9620664e-02;3.7500000e+01;3.8035110e-02;3.7500000e+01;5.7513744e-02;3.7500000e+01;8.0841884e-02;3.7500000e+01;1.1164287e-01;3.7500000e+01;1.5376642e-01;3.7500000e+01;1.9894825e-01;3.7500000e+01;2.3453611e-01;3.7500000e+01;2.5003880e-01;3.7500000e+01;2.4676415e-01;3.7500000e+01;2.2440150e-01;3.7500000e+01;1.9221240e-01;3.7500000e+01;1.5334243e-01;3.7500000e+01;1.1156150e-01;3.7500000e+01;7.2634563e-02;3.7500000e+01;3.4743264e-02;3.7500000e+01;-3.0305618e-03;3.7500000e+01;5.0423993e-03;3.7500000e+01;1.9620664e-02;3.7500000e+01;3.8035110e-02;3.7500000e+01;5.7513744e-02;3.7500000e+01;8.0841884e-02;3.7500000e+01;1.1164287e-01;3.7500000e+01;1.5376642e-01;3.7500000e+01;1.9894825e-01;3.7500000e+01;2.3453611e-01;3.7500000e+01;2.5003880e-01;3.7500000e+01;2.4676415e-01;3.7500000e+01;2.2440150e-01;3.7500000e+01;1.9221240e-01;3.7500000e+01;1.5334243e-01;3.7500000e+01;1.1156150e-01;3.7500000e+01;7.2634563e-02;3.7500000e+01;3.4743264e-02;3.7500000e+01;-3.0305618e-03;3.7500000e+01;5.0423993e-03;3.7500000e+01;1.9620664e-02;3.7500000e+01;3.8035110e-02;3.7500000e+01;5.7513744e-02;3.7500000e+01;8.0841884e-02;3.7500000e+01;1.1164287e-01;3.7500000e+01;1.5376642e-01;3.7500000e+01;1.9894825e-01;3.7500000e+01;2.3453611e-01;3.7500000e+01;2.5003880e-01;3.7500000e+01;2.4676415e-01;3.7500000e+01;2.2440150e-01;3.7500000e+01;1.9221240e-01;3.7500000e+01;1.5334243e-01;3.7500000e+01;1.1156150e-01;3.7500000e+01;7.2634563e-02;3.7500000e+01;3.4743264e-02;3.7500000e+01;-3.0305618e-03;3.7500000e+01;5.0423993e-03;3.7500000e+01;1.9620664e-02;3.7500000e+01;3.8035110e-02;3.7500000e+01;5.7513744e-02;3.7500000e+01;8.0841884e-02;3.7500000e+01;1.1164287e-01;3.7500000e+01;1.5376642e-01;3.7500000e+01;1.9894825e-01;3.7500000e+01;2.3453611e-01;3.7500000e+01;2.5003880e-01;3.7500000e+01;2.4676415e-01;3.7500000e+01;2.2440150e-01;3.7500000e+01;1.9221240e-01;3.7500000e+01;1.5334243e-01;3.7500000e+01;1.1156150e-01;3.7500000e+01;7.2634563e-02;3.7500000e+01;3.4743264e-02;3.7500000e+01;-3.0305618e-03;3.7500000e+01;5.0423993e-03;3.7500000e+01;1.9620664e-02;3.7500000e+01;3.8035110e-02;3.7500000e+01;5.7513744e-02;3.7500000e+01;8.0841884e-02;3.7500000e+01;1.1164287e-01;3.7500000e+01;1.5376642e-01;3.7500000e+01;1.9894825e-01;3.7500000e+01;2.3453611e-01;3.7500000e+01;2.5003880e-01;3.7500000e+01;2.4676415e-01;3.7500000e+01;2.2440150e-01;3.7500000e+01;1.9221240e-01;3.7500000e+01;1.5334243e-01;3.7500000e+01;1.1156150e-01;3.7500000e+01;7.2634563e-02;3.7500000e+01;3.4743264e-02;3.7500000e+01;-3.0305618e-03;3.7500000e+01;5.0423993e-03;3.7500000e+01;1.9620664e-02;3.7500000e+01;3.8035110e-02;3.7500000e+01;5.7513744e-02;3.7500000e+01;8.0841884e-02;3.7500000e+01;1.1164287e-01;3.7500000e+01;1.5376642e-01;3.7500000e+01;1.9894825e-01;3.7500000e+01;2.3453611e-01;3.7500000e+01;2.5003880e-01;3.7500000e+01;2.4676415e-01;3.7500000e+01;2.2440150e-01;3.7500000e+01;1.9221240e-01;3.7500000e+01;1.5334243e-01;3.7500000e+01;1.1156150e-01;3.7500000e+01;7.2634563e-02;3.7500000e+01;3.4743264e-02;3.7500000e+01;-3.0305618e-03;3.7500000e+01;5.0423993e-03;3.7500000e+01;1.9620664e-02;3.7500000e+01;3.8035110e-02;3.7500000e+01;5.7513744e-02;3.7500000e+01;8.0841884e-02;3.7500000e+01;1.1164287e-01;3.7500000e+01;1.5376642e-01;3.7500000e+01;1.9894825e-01;3.7500000e+01;2.3453611e-01;3.7500000e+01;2.5003880e-01;3.7500000e+01;2.4676415e-01;3.7500000e+01;2.2440150e-01;3.7500000e+01;1.9221240e-01;3.7500000e+01;1.5334243e-01;3.7500000e+01;1.1156150e-01;3.7500000e+01;7.2634563e-02;3.7500000e+01;3.4743264e-02;3.7500000e+01;-3.0305618e-03;3.7500000e+01;5.0423993e-03;3.7500000e+01;1.9620664e-02;3.7500000e+01;3.8035110e-02;3.7500000e+01;5.7513744e-02;3.7500000e+01;8.0841884e-02;3.7500000e+01;1.1164287e-01;3.7500000e+01;1.5376642e-01;3.7500000e+01;1.9894825e-01;3.7500000e+01;2.3453611e-01;3.7500000e+01;2.5003880e-01;3.7500000e+01;2.4676415e-01;3.7500000e+01;2.2440150e-01;3.7500000e+01;1.9221240e-01;3.7500000e+01;1.5334243e-01;3.7500000e+01;1.1156150e-01;3.7500000e+01;7.2634563e-02;3.7500000e+01;3.4743264e-02;3.7500000e+01;-3.0305618e-03;3.7500000e+01;5.0423993e-03;3.7500000e+01;1.9620664e-02;3.7500000e+01;3.8035110e-02;3.7500000e+01;5.7513744e-02;3.7500000e+01;8.0841884e-02;3.7500000e+01;1.1164287e-01;3.7500000e+01;1.5376642e-01;3.7500000e+01;1.9894825e-01;3.7500000e+01;2.3453611e-01;3.7500000e+01;2.5003880e-01;3.7500000e+01;2.4676415e-01;3.7500000e+01;2.2440150e-01;3.7500000e+01;1.9221240e-01;3.7500000e+01;1.5334243e-01;3.7500000e+01;1.1156150e-01;3.7500000e+01;7.2634563e-02;3.7500000e+01;3.4743264e-02;3.7500000e+01;-3.0305618e-03;3.7500000e+01;5.0423993e-03;3.7500000e+01;1.9620664e-02;3.7500000e+01;3.8035110e-02;3.7500000e+01;5.7513744e-02;3.7500000e+01;8.0841884e-02;3.7500000e+01;1.1164287e-01;3.7500000e+01;1.5376642e-01;3.7500000e+01;1.9894825e-01;3.7500000e+01;2.3453611e-01;3.7500000e+01;2.5003880e-01;3.7500000e+01;2.4676415e-01;3.7500000e+01;2.2440150e-01;3.7500000e+01;1.9221240e-01;3.7500000e+01;1.5334243e-01;3.7500000e+01;1.1156150e-01;3.7500000e+01;7.2634563e-02;3.7500000e+01;3.4743264e-02;3.7500000e+01;-3.0305618e-03;3.7500000e+01;5.0423993e-03;3.7500000e+01;1.9620664e-02;3.7500000e+01;3.8035110e-02;3.7500000e+01;5.7513744e-02;3.7500000e+01;8.0841884e-02;3.7500000e+01;1.1164287e-01;3.7500000e+01;1.5376642e-01;3.7500000e+01;1.9894825e-01;3.7500000e+01;2.3453611e-01;3.7500000e+01;2.5003880e-01;3.7500000e+01;2.4676415e-01;3.7500000e+01;2.2440150e-01;3.7500000e+01;1.9221240e-01;3.7500000e+01;1.5334243e-01;3.7500000e+01;1.1156150e-01;3.7500000e+01;7.2634563e-02;3.7500000e+01;3.4743264e-02;3.7500000e+01;-3.0305618e-03;3.7500000e+01;5.0423993e-03;3.7500000e+01;1.9620664e-02;3.7500000e+01;3.8035110e-02;3.7500000e+01;5.7513744e-02;3.7500000e+01;8.0841884e-02;3.7500000e+01;1.1164287e-01;3.7500000e+01;1.5376642e-01;3.7500000e+01;1.9894825e-01;3.7500000e+01;2.3453611e-01;3.7500000e+01;2.5003880e-01;3.7500000e+01;2.4676415e-01;3.7500000e+01;2.2440150e-01;3.7500000e+01;1.9221240e-01;3.7500000e+01;1.5334243e-01;3.7500000e+01;1.1156150e-01;3.7500000e+01;7.2634563e-02;3.7500000e+01;3.4743264e-02;3.7500000e+01;-3.0305618e-03;3.7500000e+01;5.0423993e-03;3.7500000e+01;1.9620664e-02;3.7500000e+01;3.8035110e-02;3.7500000e+01;5.7513744e-02;3.7500000e+01;8.0841884e-02;3.7500000e+01;1.1164287e-01;3.7500000e+01;1.5376642e-01;3.7500000e+01;1.9894825e-01;3.7500000e+01;2.3453611e-01;3.7500000e+01;2.5003880e-01;3.7500000e+01;2.4676415e-01;3.7500000e+01;2.2440150e-01;3.7500000e+01;1.9221240e-01;3.7500000e+01;1.5334243e-01;3.7500000e+01;1.1156150e-01;3.7500000e+01;7.2634563e-02;3.7500000e+01;3.4743264e-02;3.7500000e+01;-3.0305618e-03;3.7500000e+01;5.0423993e-03;3.7500000e+01;1.9620664e-02;3.7500000e+01;3.8035110e-02;3.7500000e+01;5.7513744e-02;3.7500000e+01;8.0841884e-02;3.7500000e+01;1.1164287e-01;3.7500000e+01;1.5376642e-01;3.7500000e+01;1.9894825e-01;3.7500000e+01;2.3453611e-01;3.7500000e+01;2.5003880e-01;3.7500000e+01;2.4676415e-01;3.7500000e+01;2.2440150e-01;3.7500000e+01;1.9221240e-01;3.7500000e+01;1.5334243e-01;3.7500000e+01;1.1156150e-01;3.7500000e+01;7.2634563e-02;3.7500000e+01;3.4743264e-02;3.7500000e+01;-3.0305618e-03;3.7500000e+01;5.0423993e-03;3.7500000e+01;1.9620664e-02;3.7500000e+01;3.8035110e-02;3.7500000e+01;5.7513744e-02;3.7500000e+01;8.0841884e-02;3.7500000e+01;1.1164287e-01;3.7500000e+01;1.5376642e-01;3.7500000e+01;1.9894825e-01;3.7500000e+01;2.3453611e-01;3.7500000e+01;2.5003880e-01;3.7500000e+01;2.4676415e-01;3.7500000e+01;2.2440150e-01;3.7500000e+01;1.9221240e-01;3.7500000e+01;1.5334243e-01;3.7500000e+01;1.1156150e-01;3.7500000e+01;7.2634563e-02;3.7500000e+01;3.4743264e-02;3.7500000e+01;-3.0305618e-03;3.7500000e+01;5.0423993e-03;3.7500000e+01;1.9620664e-02;3.7500000e+01;3.8035110e-02;3.7500000e+01;5.7513744e-02;3.7500000e+01;8.0841884e-02;3.7500000e+01;1.1164287e-01;3.7500000e+01;1.5376642e-01;3.7500000e+01;1.9894825e-01;3.7500000e+01;2.3453611e-01;3.7500000e+01;2.5003880e-01;3.7500000e+01;2.4676415e-01;3.7500000e+01;2.2440150e-01;3.7500000e+01;1.9221240e-01;3.7500000e+01;1.5334243e-01;3.7500000e+01;1.1156150e-01;3.7500000e+01;7.2634563e-02;3.7500000e+01;3.4743264e-02;3.7500000e+01;-3.0305618e-03;3.7500000e+01;5.0423993e-03;3.7500000e+01;1.9620664e-02;3.7500000e+01;3.8035110e-02;3.7500000e+01;5.7513744e-02;3.7500000e+01;8.0841884e-02;3.7500000e+01;1.1164287e-01;3.7500000e+01;1.5376642e-01;3.7500000e+01;1.9894825e-01;3.7500000e+01;2.3453611e-01;3.7500000e+01;2.5003880e-01;3.7500000e+01;2.4676415e-01;3.7500000e+01;2.2440150e-01;3.7500000e+01;1.9221240e-01;3.7500000e+01;1.5334243e-01;3.7500000e+01;1.1156150e-01;3.7500000e+01;7.2634563e-02;3.7500000e+01;3.4743264e-02;3.7500000e+01;-3.0305618e-03;3.7500000e+01;5.0423993e-03;3.7500000e+01;1.9620664e-02;3.7500000e+01;3.8035110e-02;3.7500000e+01;5.7513744e-02;3.7500000e+01;8.0841884e-02;3.7500000e+01;1.1164287e-01;3.7500000e+01;1.5376642e-01;3.7500000e+01;1.9894825e-01;3.7500000e+01;2.3453611e-01;3.7500000e+01;2.5003880e-01;3.7500000e+01;2.4676415e-01;3.7500000e+01;2.2440150e-01;3.7500000e+01;1.9221240e-01;3.7500000e+01;1.5334243e-01;3.7500000e+01;1.1156150e-01;3.7500000e+01;7.2634563e-02;3.7500000e+01;3.4743264e-02;3.7500000e+01;-3.0305618e-03;3.7500000e+01;5.0423993e-03;3.7500000e+01;1.9620664e-02;3.7500000e+01;3.8035110e-02;3.7500000e+01;5.7513744e-02;3.7500000e+01;8.0841884e-02;3.7500000e+01;1.1164287e-01;3.7500000e+01;1.5376642e-01;3.7500000e+01;1.9894825e-01;3.7500000e+01;2.3453611e-01;3.7500000e+01;2.5003880e-01;3.7500000e+01;2.4676415e-01;3.7500000e+01;2.2440150e-01;3.7500000e+01;1.9221240e-01;3.7500000e+01;1.5334243e-01;3.7500000e+01;1.1156150e-01;3.7500000e+01;7.2634563e-02;3.7500000e+01;3.4743264e-02;3.7500000e+01;-3.0305618e-03;3.7500000e+01;5.0423993e-03;3.7500000e+01;1.9620664e-02;3.7500000e+01;3.8035110e-02;3.7500000e+01;5.7513744e-02;3.7500000e+01;8.0841884e-02;3.7500000e+01;1.1164287e-01;3.7500000e+01;1.5376642e-01;3.7500000e+01;1.9894825e-01;3.7500000e+01;2.3453611e-01;3.7500000e+01;2.5003880e-01;3.7500000e+01;2.4676415e-01;3.7500000e+01;2.2440150e-01;3.7500000e+01;1.9221240e-01;3.7500000e+01;1.5334243e-01;3.7500000e+01;1.1156150e-01;3.7500000e+01;7.2634563e-02;3.7500000e+01;3.4743264e-02;3.7500000e+01;-3.0305618e-03;3.7500000e+01;5.0423993e-03;3.7500000e+01;1.9620664e-02;3.7500000e+01;3.8035110e-02;3.7500000e+01;5.7513744e-02;3.7500000e+01;8.0841884e-02;3.7500000e+01;1.1164287e-01;3.7500000e+01;1.5376642e-01;3.7500000e+01;1.9894825e-01;3.7500000e+01;2.3453611e-01;3.7500000e+01;2.5003880e-01;3.7500000e+01;2.4676415e-01;3.7500000e+01;2.2440150e-01;3.7500000e+01;1.9221240e-01;3.7500000e+01;1.5334243e-01;3.7500000e+01;1.1156150e-01;3.7500000e+01;7.2634563e-02;3.7500000e+01;3.4743264e-02;3.7500000e+01;-3.0305618e-03;3.7500000e+01;5.0423993e-03;3.7500000e+01;1.9620664e-02;3.7500000e+01;3.8035110e-02;3.7500000e+01;5.7513744e-02;3.7500000e+01;8.0841884e-02;3.7500000e+01;1.1164287e-01;3.7500000e+01;1.5376642e-01;3.7500000e+01;1.9894825e-01;3.7500000e+01;2.3453611e-01;3.7500000e+01;2.5003880e-01;3.7500000e+01;2.4676415e-01;3.7500000e+01;2.2440150e-01;3.7500000e+01;1.9221240e-01;3.7500000e+01;1.5334243e-01;3.7500000e+01;1.1156150e-01;3.7500000e+01;7.2634563e-02;3.7500000e+01;3.4743264e-02;3.7500000e+01;-3.0305618e-03;3.7500000e+01;5.0423993e-03;3.7500000e+01;1.9620664e-02;3.7500000e+01;3.8035110e-02;3.7500000e+01;5.7513744e-02;3.7500000e+01;8.0841884e-02;3.7500000e+01;1.1164287e-01;3.7500000e+01;1.5376642e-01;3.7500000e+01;1.9894825e-01;3.7500000e+01;2.3453611e-01;3.7500000e+01;2.5003880e-01;3.7500000e+01;2.4676415e-01;3.7500000e+01;2.2440150e-01;3.7500000e+01;1.9221240e-01;3.7500000e+01;1.5334243e-01;3.7500000e+01;1.1156150e-01;3.7500000e+01;7.2634563e-02;3.7500000e+01;3.4743264e-02;3.7500000e+01;-3.0305618e-03;3.7500000e+01;5.0423993e-03;3.7500000e+01;1.9620664e-02;3.7500000e+01;3.8035110e-02;3.7500000e+01;5.7513744e-02;3.7500000e+01;8.0841884e-02;3.7500000e+01;1.1164287e-01;3.7500000e+01;1.5376642e-01;3.7500000e+01;1.9894825e-01;3.7500000e+01;2.3453611e-01;3.7500000e+01;2.5003880e-01;3.7500000e+01;2.4676415e-01;3.7500000e+01;2.2440150e-01;3.7500000e+01;1.9221240e-01;3.7500000e+01;1.5334243e-01;3.7500000e+01;1.1156150e-01;3.7500000e+01;7.2634563e-02;3.7500000e+01;3.4743264e-02;3.7500000e+01;-3.0305618e-03;3.7500000e+01;5.0423993e-03;3.7500000e+01;1.9620664e-02;3.7500000e+01;3.8035110e-02;3.7500000e+01;5.7513744e-02;3.7500000e+01;8.0841884e-02;3.7500000e+01;1.1164287e-01;3.7500000e+01;1.5376642e-01;3.7500000e+01;1.9894825e-01;3.7500000e+01;2.3453611e-01;3.7500000e+01;2.5003880e-01;3.7500000e+01;2.4676415e-01;3.7500000e+01;2.2440150e-01;3.7500000e+01;1.9221240e-01;3.7500000e+01;1.5334243e-01;3.7500000e+01;1.1156150e-01;3.7500000e+01;7.2634563e-02;3.7500000e+01;3.4743264e-02;3.7500000e+01;-3.0305618e-03;3.7500000e+01;5.0423993e-03;3.7500000e+01;1.9620664e-02;3.7500000e+01;3.8035110e-02;3.7500000e+01;5.7513744e-02;3.7500000e+01;8.0841884e-02;3.7500000e+01;1.1164287e-01;3.7500000e+01;1.5376642e-01;3.7500000e+01;1.9894825e-01;3.7500000e+01;2.3453611e-01;3.7500000e+01;2.5003880e-01;3.7500000e+01;2.4676415e-01;3.7500000e+01;2.2440150e-01;3.7500000e+01;1.9221240e-01;3.7500000e+01;1.5334243e-01;3.7500000e+01;1.1156150e-01;3.7500000e+01;7.2634563e-02;3.7500000e+01;3.4743264e-02;3.7500000e+01;-3.0305618e-03;3.7500000e+01;5.0423993e-03;3.7500000e+01;1.9620664e-02;3.7500000e+01;3.8035110e-02;3.7500000e+01;5.7513744e-02;3.7500000e+01;8.0841884e-02;3.7500000e+01;1.1164287e-01;3.7500000e+01;1.5376642e-01;3.7500000e+01;1.9894825e-01;3.7500000e+01;2.3453611e-01;3.7500000e+01;2.5003880e-01;3.7500000e+01;2.4676415e-01;3.7500000e+01;2.2440150e-01;3.7500000e+01;1.9221240e-01;3.7500000e+01;1.5334243e-01;3.7500000e+01;1.1156150e-01;3.7500000e+01;7.2634563e-02;3.7500000e+01;3.4743264e-02;3.7500000e+01;-3.0305618e-03;3.7500000e+01;5.0423993e-03;3.7500000e+01;1.9620664e-02;3.7500000e+01;3.8035110e-02;3.7500000e+01;5.7513744e-02;3.7500000e+01;8.0841884e-02;3.7500000e+01;1.1164287e-01;3.7500000e+01;1.5376642e-01;3.7500000e+01;1.9894825e-01;3.7500000e+01;2.3453611e-01;3.7500000e+01;2.5003880e-01;3.7500000e+01;2.4676415e-01;3.7500000e+01;2.2440150e-01;3.7500000e+01;1.9221240e-01;3.7500000e+01;1.5334243e-01;3.7500000e+01;1.1156150e-01;3.7500000e+01;7.2634563e-02;3.7500000e+01;3.4743264e-02;3.7500000e+01;-3.0305618e-03;3.7500000e+01;5.0423993e-03;3.7500000e+01;1.9620664e-02;3.7500000e+01;3.8035110e-02;3.7500000e+01;5.7513744e-02;3.7500000e+01;8.0841884e-02;3.7500000e+01;1.1164287e-01;3.7500000e+01;1.5376642e-01;3.7500000e+01;1.9894825e-01;3.7500000e+01;2.3453611e-01;3.7500000e+01;2.5003880e-01;3.7500000e+01;2.4676415e-01;3.7500000e+01;2.2440150e-01;3.7500000e+01;1.9221240e-01;3.7500000e+01;1.5334243e-01;3.7500000e+01;1.1156150e-01;3.7500000e+01;7.2634563e-02;3.7500000e+01;3.4743264e-02;3.7500000e+01;-3.0305618e-03;3.7500000e+01;5.0423993e-03;3.7500000e+01;1.9620664e-02;3.7500000e+01;3.8035110e-02;3.7500000e+01;5.7513744e-02;3.7500000e+01;8.0841884e-02;3.7500000e+01;1.1164287e-01;3.7500000e+01;1.5376642e-01;3.7500000e+01;1.9894825e-01;3.7500000e+01;2.3453611e-01;3.7500000e+01;2.5003880e-01;3.7500000e+01;2.4676415e-01;3.7500000e+01;2.2440150e-01;3.7500000e+01;1.9221240e-01;3.7500000e+01;1.5334243e-01;3.7500000e+01;1.1156150e-01;3.7500000e+01;7.2634563e-02;3.7500000e+01;3.4743264e-02;3.7500000e+01;-3.0305618e-03;3.7500000e+01;5.0423993e-03;3.7500000e+01;1.9620664e-02;3.7500000e+01;3.8035110e-02;3.7500000e+01;5.7513744e-02;3.7500000e+01;8.0841884e-02;3.7500000e+01;1.1164287e-01;3.7500000e+01;1.5376642e-01;3.7500000e+01;1.9894825e-01;3.7500000e+01;2.3453611e-01;3.7500000e+01;2.5003880e-01;3.7500000e+01;2.4676415e-01;3.7500000e+01;2.2440150e-01;3.7500000e+01;1.9221240e-01;3.7500000e+01;1.5334243e-01;3.7500000e+01;1.1156150e-01;3.7500000e+01;7.2634563e-02;3.7500000e+01;3.4743264e-02;3.7500000e+01;-3.0305618e-03;3.7500000e+01;5.0423993e-03;3.7500000e+01;1.9620664e-02;3.7500000e+01;3.8035110e-02;3.7500000e+01;5.7513744e-02;3.7500000e+01;8.0841884e-02;3.7500000e+01;1.1164287e-01;3.7500000e+01;1.5376642e-01;3.7500000e+01;1.9894825e-01;3.7500000e+01;2.3453611e-01;3.7500000e+01;2.5003880e-01;3.7500000e+01;2.4676415e-01;3.7500000e+01;2.2440150e-01;3.7500000e+01;1.9221240e-01;3.7500000e+01;1.5334243e-01;3.7500000e+01;1.1156150e-01;3.7500000e+01;7.2634563e-02;3.7500000e+01;3.4743264e-02;3.7500000e+01;-3.0305618e-03;3.7500000e+01;5.0423993e-03;3.7500000e+01;1.9620664e-02;3.7500000e+01;3.8035110e-02;3.7500000e+01;5.7513744e-02;3.7500000e+01;8.0841884e-02;3.7500000e+01;1.1164287e-01;3.7500000e+01;1.5376642e-01;3.7500000e+01;1.9894825e-01;3.7500000e+01;2.3453611e-01;3.7500000e+01;2.5003880e-01;3.7500000e+01;2.4676415e-01;3.7500000e+01;2.2440150e-01;3.7500000e+01;1.9221240e-01;3.7500000e+01;1.5334243e-01;3.7500000e+01;1.1156150e-01;3.7500000e+01;7.2634563e-02;3.7500000e+01;3.4743264e-02;3.7500000e+01;-3.0305618e-03;3.7500000e+01;5.0423993e-03;3.7500000e+01;1.9620664e-02;3.7500000e+01;3.8035110e-02;3.7500000e+01;5.7513744e-02;3.7500000e+01;8.0841884e-02;3.7500000e+01;1.1164287e-01;3.7500000e+01;1.5376642e-01;3.7500000e+01;1.9894825e-01;3.7500000e+01;2.3453611e-01;3.7500000e+01;2.5003880e-01;3.7500000e+01;2.4676415e-01;3.7500000e+01;2.2440150e-01;3.7500000e+01;1.9221240e-01;3.7500000e+01;1.5334243e-01;3.7500000e+01;1.1156150e-01;3.7500000e+01;7.2634563e-02;3.7500000e+01;3.4743264e-02;3.7500000e+01;-3.0305618e-03;3.7500000e+01;5.0423993e-03;3.7500000e+01;1.9620664e-02;3.7500000e+01;3.8035110e-02;3.7500000e+01;5.7513744e-02;3.7500000e+01;8.0841884e-02;3.7500000e+01;1.1164287e-01;3.7500000e+01;1.5376642e-01;3.7500000e+01;1.9894825e-01;3.7500000e+01;2.3453611e-01;3.7500000e+01;2.5003880e-01;3.7500000e+01;2.4676415e-01;3.7500000e+01;2.2440150e-01;3.7500000e+01;1.9221240e-01;3.7500000e+01;1.5334243e-01;3.7500000e+01;1.1156150e-01;3.7500000e+01;7.2634563e-02;3.7500000e+01;3.4743264e-02;3.7500000e+01;-3.0305618e-03;3.7500000e+01;5.0423993e-03;3.7500000e+01;1.9620664e-02;3.7500000e+01;3.8035110e-02;3.7500000e+01;5.7513744e-02;3.7500000e+01;8.0841884e-02;3.7500000e+01;1.1164287e-01;3.7500000e+01;1.5376642e-01;3.7500000e+01;1.9894825e-01;3.7500000e+01;2.3453611e-01;3.7500000e+01;2.5003880e-01;3.7500000e+01;2.4676415e-01;3.7500000e+01;2.2440150e-01;3.7500000e+01;1.9221240e-01;3.7500000e+01;1.5334243e-01;3.7500000e+01;1.1156150e-01;3.7500000e+01;7.2634563e-02;3.7500000e+01;3.4743264e-02;3.7500000e+01;-3.0305618e-03;3.7500000e+01;5.0423993e-03;3.7500000e+01;1.9620664e-02;3.7500000e+01;3.8035110e-02;3.7500000e+01;5.7513744e-02;3.7500000e+01;8.0841884e-02;3.7500000e+01;1.1164287e-01;3.7500000e+01;1.5376642e-01;3.7500000e+01;1.9894825e-01;3.7500000e+01;2.3453611e-01;3.7500000e+01;2.5003880e-01;3.7500000e+01;2.4676415e-01;3.7500000e+01;2.2440150e-01;3.7500000e+01;1.9221240e-01;3.7500000e+01;1.5334243e-01;3.7500000e+01;1.1156150e-01;3.7500000e+01;7.2634563e-02;3.7500000e+01;3.4743264e-02;3.7500000e+01;-3.0305618e-03;3.7500000e+01;5.0423993e-03;3.7500000e+01;1.9620664e-02;3.7500000e+01;3.8035110e-02;3.7500000e+01;5.7513744e-02;3.7500000e+01;8.0841884e-02;3.7500000e+01;1.1164287e-01;3.7500000e+01;1.5376642e-01;3.7500000e+01;1.9894825e-01;3.7500000e+01;2.3453611e-01;3.7500000e+01;2.5003880e-01;3.7500000e+01;2.4676415e-01;3.7500000e+01;2.2440150e-01;3.7500000e+01;1.9221240e-01;3.7500000e+01;1.5334243e-01;3.7500000e+01;1.1156150e-01;3.7500000e+01;7.2634563e-02;3.7500000e+01;3.4743264e-02;3.7500000e+01;-3.0305618e-03;3.7500000e+01;5.0423993e-03;3.7500000e+01;1.9620664e-02;3.7500000e+01;3.8035110e-02;3.7500000e+01;5.7513744e-02;3.7500000e+01;8.0841884e-02;3.7500000e+01;1.1164287e-01;3.7500000e+01;1.5376642e-01;3.7500000e+01;1.9894825e-01;3.7500000e+01;2.3453611e-01;3.7500000e+01;2.5003880e-01;3.7500000e+01;2.4676415e-01;3.7500000e+01;2.2440150e-01;3.7500000e+01;1.9221240e-01;3.7500000e+01;1.5334243e-01;3.7500000e+01;1.1156150e-01;3.7500000e+01;7.2634563e-02;3.7500000e+01;3.4743264e-02;3.7500000e+01;-3.0305618e-03;3.7500000e+01;5.0423993e-03;3.7500000e+01;1.9620664e-02;3.7500000e+01;3.8035110e-02;3.7500000e+01;5.7513744e-02;3.7500000e+01;8.0841884e-02;3.7500000e+01;1.1164287e-01;3.7500000e+01;1.5376642e-01;3.7500000e+01;1.9894825e-01;3.7500000e+01;2.3453611e-01;3.7500000e+01;2.5003880e-01;3.7500000e+01;2.4676415e-01;3.7500000e+01;2.2440150e-01;3.7500000e+01;1.9221240e-01;3.7500000e+01;1.5334243e-01;3.7500000e+01;1.1156150e-01;3.7500000e+01;7.2634563e-02;3.7500000e+01;3.4743264e-02;3.7500000e+01;-3.0305618e-03;3.7500000e+01;5.0423993e-03;3.7500000e+01;1.9620664e-02;3.7500000e+01;3.8035110e-02;3.7500000e+01;5.7513744e-02;3.7500000e+01;8.0841884e-02;3.7500000e+01;1.1164287e-01;3.7500000e+01;1.5376642e-01;3.7500000e+01;1.9894825e-01;3.7500000e+01;2.3453611e-01;3.7500000e+01;2.5003880e-01;3.7500000e+01;2.4676415e-01;3.7500000e+01;2.2440150e-01;3.7500000e+01;1.9221240e-01;3.7500000e+01;1.5334243e-01;3.7500000e+01;1.1156150e-01;3.7500000e+01;7.2634563e-02;3.7500000e+01;3.4743264e-02;3.7500000e+01;-3.0305618e-03;3.7500000e+01;5.0423993e-03;3.7500000e+01;1.9620664e-02;3.7500000e+01;3.8035110e-02;3.7500000e+01;5.7513744e-02;3.7500000e+01;8.0841884e-02;3.7500000e+01;1.1164287e-01;3.7500000e+01;1.5376642e-01;3.7500000e+01;1.9894825e-01;3.7500000e+01;2.3453611e-01;3.7500000e+01;2.5003880e-01;3.7500000e+01;2.4676415e-01;3.7500000e+01;2.2440150e-01;3.7500000e+01;1.9221240e-01;3.7500000e+01;1.5334243e-01;3.7500000e+01;1.1156150e-01;3.7500000e+01;7.2634563e-02;3.7500000e+01;3.4743264e-02;3.7500000e+01;-3.0305618e-03;3.7500000e+01;5.0423993e-03;3.7500000e+01;1.9620664e-02;3.7500000e+01;3.8035110e-02;3.7500000e+01;5.7513744e-02;3.7500000e+01;8.0841884e-02;3.7500000e+01;1.1164287e-01;3.7500000e+01;1.5376642e-01;3.7500000e+01;1.9894825e-01;3.7500000e+01;2.3453611e-01;3.7500000e+01;2.5003880e-01;3.7500000e+01;2.4676415e-01;3.7500000e+01;2.2440150e-01;3.7500000e+01;1.9221240e-01;3.7500000e+01;1.5334243e-01;3.7500000e+01;1.1156150e-01;3.7500000e+01;7.2634563e-02;3.7500000e+01;3.4743264e-02;3.7500000e+01;-3.0305618e-03;3.7500000e+01;5.0423993e-03;3.7500000e+01;1.9620664e-02;3.7500000e+01;3.8035110e-02;3.7500000e+01;5.7513744e-02;3.7500000e+01;8.0841884e-02;3.7500000e+01;1.1164287e-01;3.7500000e+01;1.5376642e-01;3.7500000e+01;1.9894825e-01;3.7500000e+01;2.3453611e-01;3.7500000e+01;2.5003880e-01;3.7500000e+01;2.4676415e-01;3.7500000e+01;2.2440150e-01;3.7500000e+01;1.9221240e-01;3.7500000e+01;1.5334243e-01;3.7500000e+01;1.1156150e-01;3.7500000e+01;7.2634563e-02;3.7500000e+01;3.4743264e-02;3.7500000e+01;-3.0305618e-03;3.7500000e+01;5.0423993e-03;3.7500000e+01;1.9620664e-02;3.7500000e+01;3.8035110e-02;3.7500000e+01;5.7513744e-02;3.7500000e+01;8.0841884e-02;3.7500000e+01;1.1164287e-01;3.7500000e+01;1.5376642e-01;3.7500000e+01;1.9894825e-01;3.7500000e+01;2.3453611e-01;3.7500000e+01;2.5003880e-01;3.7500000e+01;2.4676415e-01;3.7500000e+01;2.2440150e-01;3.7500000e+01;1.9221240e-01;3.7500000e+01;1.5334243e-01;3.7500000e+01;1.1156150e-01;3.7500000e+01;7.2634563e-02;3.7500000e+01;3.4743264e-02;3.7500000e+01;-3.0305618e-03;3.7500000e+01;5.0423993e-03;3.7500000e+01;1.9620664e-02;3.7500000e+01;3.8035110e-02;3.7500000e+01;5.7513744e-02;3.7500000e+01;8.0841884e-02;3.7500000e+01;1.1164287e-01;3.7500000e+01;1.5376642e-01;3.7500000e+01;1.9894825e-01;3.7500000e+01;2.3453611e-01;3.7500000e+01;2.5003880e-01;3.7500000e+01;2.4676415e-01;3.7500000e+01;2.2440150e-01;3.7500000e+01;1.9221240e-01;3.7500000e+01;1.5334243e-01;3.7500000e+01;1.1156150e-01;3.7500000e+01;7.2634563e-02;3.7500000e+01;3.4743264e-02;3.7500000e+01;-3.0305618e-03;3.7500000e+01;5.0423993e-03;3.7500000e+01;1.9620664e-02;3.7500000e+01;3.8035110e-02;3.7500000e+01;5.7513744e-02;3.7500000e+01;8.0841884e-02;3.7500000e+01;1.1164287e-01;3.7500000e+01;1.5376642e-01;3.7500000e+01;1.9894825e-01;3.7500000e+01;2.3453611e-01;3.7500000e+01;2.5003880e-01;3.7500000e+01;2.4676415e-01;3.7500000e+01;2.2440150e-01;3.7500000e+01;1.9221240e-01;3.7500000e+01;1.5334243e-01;3.7500000e+01;1.1156150e-01;3.7500000e+01;7.2634563e-02;3.7500000e+01;3.4743264e-02;3.7500000e+01;-3.0305618e-03;3.7500000e+01;5.0423993e-03;3.7500000e+01;1.9620664e-02;3.7500000e+01;3.8035110e-02;3.7500000e+01;5.7513744e-02;3.7500000e+01;8.0841884e-02;3.7500000e+01;1.1164287e-01;3.7500000e+01;1.5376642e-01;3.7500000e+01;1.9894825e-01;3.7500000e+01;2.3453611e-01;3.7500000e+01;2.5003880e-01;3.7500000e+01;2.4676415e-01;3.7500000e+01;2.2440150e-01;3.7500000e+01;1.9221240e-01;3.7500000e+01;1.5334243e-01;3.7500000e+01;1.1156150e-01;3.7500000e+01;7.2634563e-02;3.7500000e+01;3.4743264e-02;3.7500000e+01;-3.0305618e-03;3.7500000e+01;5.0423993e-03;3.7500000e+01;1.9620664e-02;3.7500000e+01;3.8035110e-02;3.7500000e+01;5.7513744e-02;3.7500000e+01;8.0841884e-02;3.7500000e+01;1.1164287e-01;3.7500000e+01;1.5376642e-01;3.7500000e+01;1.9894825e-01;3.7500000e+01;2.3453611e-01;3.7500000e+01;2.5003880e-01;3.7500000e+01;2.4676415e-01;3.7500000e+01;2.2440150e-01;3.7500000e+01;1.9221240e-01;3.7500000e+01;1.5334243e-01;3.7500000e+01;1.1156150e-01;3.7500000e+01;7.2634563e-02;3.7500000e+01;3.4743264e-02;3.7500000e+01;-3.0305618e-03;3.7500000e+01;5.0423993e-03;3.7500000e+01;1.9620664e-02;3.7500000e+01;3.8035110e-02;3.7500000e+01;5.7513744e-02;3.7500000e+01;8.0841884e-02;3.7500000e+01;1.1164287e-01;3.7500000e+01;1.5376642e-01;3.7500000e+01;1.9894825e-01;3.7500000e+01;2.3453611e-01;3.7500000e+01;2.5003880e-01;3.7500000e+01;2.4676415e-01;3.7500000e+01;2.2440150e-01;3.7500000e+01;1.9221240e-01;3.7500000e+01;1.5334243e-01;3.7500000e+01;1.1156150e-01;3.7500000e+01;7.2634563e-02;3.7500000e+01;3.4743264e-02;3.7500000e+01;-3.0305618e-03;3.7500000e+01;5.0423993e-03;3.7500000e+01;1.9620664e-02;3.7500000e+01;3.8035110e-02;3.7500000e+01;5.7513744e-02;3.7500000e+01;8.0841884e-02;3.7500000e+01;1.1164287e-01;3.7500000e+01;1.5376642e-01;3.7500000e+01;1.9894825e-01;3.7500000e+01;2.3453611e-01;3.7500000e+01;2.5003880e-01;3.7500000e+01;2.4676415e-01;3.7500000e+01;2.2440150e-01;3.7500000e+01;1.9221240e-01;3.7500000e+01;1.5334243e-01;3.7500000e+01;1.1156150e-01;3.7500000e+01;7.2634563e-02;3.7500000e+01;3.4743264e-02;3.7500000e+01;-3.0305618e-03;3.7500000e+01;5.0423993e-03;3.7500000e+01;1.9620664e-02;3.7500000e+01;3.8035110e-02;3.7500000e+01;5.7513744e-02;3.7500000e+01;8.0841884e-02;3.7500000e+01;1.1164287e-01;3.7500000e+01;1.5376642e-01;3.7500000e+01;1.9894825e-01;3.7500000e+01;2.3453611e-01;3.7500000e+01;2.5003880e-01;3.7500000e+01;2.4676415e-01;3.7500000e+01;2.2440150e-01;3.7500000e+01;1.9221240e-01;3.7500000e+01;1.5334243e-01;3.7500000e+01;1.1156150e-01;3.7500000e+01;7.2634563e-02;3.7500000e+01;3.4743264e-02;3.7500000e+01;-3.0305618e-03;3.7500000e+01;5.0423993e-03;3.7500000e+01;1.9620664e-02;3.7500000e+01;3.8035110e-02;3.7500000e+01;5.7513744e-02;3.7500000e+01;8.0841884e-02;3.7500000e+01;1.1164287e-01;3.7500000e+01;1.5376642e-01;3.7500000e+01;1.9894825e-01;3.7500000e+01;2.3453611e-01;3.7500000e+01;2.5003880e-01;3.7500000e+01;2.4676415e-01;3.7500000e+01;2.2440150e-01;3.7500000e+01;1.9221240e-01;3.7500000e+01;1.5334243e-01;3.7500000e+01;1.1156150e-01;3.7500000e+01;7.2634563e-02;3.7500000e+01;3.4743264e-02;3.7500000e+01;-3.0305618e-03;3.7500000e+01;5.0423993e-03;3.7500000e+01;1.9620664e-02;3.7500000e+01;3.8035110e-02;3.7500000e+01;5.7513744e-02;3.7500000e+01;8.0841884e-02;3.7500000e+01;1.1164287e-01;3.7500000e+01;1.5376642e-01;3.7500000e+01;1.9894825e-01;3.7500000e+01;2.3453611e-01;3.7500000e+01;2.5003880e-01;3.7500000e+01;2.4676415e-01;3.7500000e+01;2.2440150e-01;3.7500000e+01;1.9221240e-01;3.7500000e+01;1.5334243e-01;3.7500000e+01;1.1156150e-01;3.7500000e+01;7.2634563e-02;3.7500000e+01;3.4743264e-02;3.7500000e+01;-3.0305618e-03;3.7500000e+01;5.0423993e-03;3.7500000e+01;1.9620664e-02;3.7500000e+01;3.8035110e-02;3.7500000e+01;5.7513744e-02;3.7500000e+01;8.0841884e-02;3.7500000e+01;1.1164287e-01;3.7500000e+01;1.5376642e-01;3.7500000e+01;1.9894825e-01;3.7500000e+01;2.3453611e-01;3.7500000e+01;2.5003880e-01;3.7500000e+01;2.4676415e-01;3.7500000e+01;2.2440150e-01;3.7500000e+01;1.9221240e-01;3.7500000e+01;1.5334243e-01;3.7500000e+01;1.1156150e-01;3.7500000e+01;7.2634563e-02;3.7500000e+01;3.4743264e-02;3.7500000e+01;-3.0305618e-03;3.7500000e+01;5.0423993e-03;3.7500000e+01;1.9620664e-02;3.7500000e+01;3.8035110e-02;3.7500000e+01;5.7513744e-02;3.7500000e+01;8.0841884e-02;3.7500000e+01;1.1164287e-01;3.7500000e+01;1.5376642e-01;3.7500000e+01;1.9894825e-01;3.7500000e+01;2.3453611e-01;3.7500000e+01;2.5003880e-01;3.7500000e+01;2.4676415e-01;3.7500000e+01;2.2440150e-01;3.7500000e+01;1.9221240e-01;3.7500000e+01;1.5334243e-01;3.7500000e+01;1.1156150e-01;3.7500000e+01;7.2634563e-02;3.7500000e+01;3.4743264e-02;3.7500000e+01;-3.0305618e-03;3.7500000e+01;5.0423993e-03;3.7500000e+01;1.9620664e-02;3.7500000e+01;3.8035110e-02;3.7500000e+01;5.7513744e-02;3.7500000e+01;8.0841884e-02;3.7500000e+01;1.1164287e-01;3.7500000e+01;1.5376642e-01;3.7500000e+01;1.9894825e-01;3.7500000e+01;2.3453611e-01;3.7500000e+01;2.5003880e-01;3.7500000e+01;2.4676415e-01;3.7500000e+01;2.2440150e-01;3.7500000e+01;1.9221240e-01;3.7500000e+01;1.5334243e-01;3.7500000e+01;1.1156150e-01;3.7500000e+01;7.2634563e-02;3.7500000e+01;3.4743264e-02;3.7500000e+01;-3.0305618e-03;3.7500000e+01;5.0423993e-03;3.7500000e+01;1.9620664e-02;3.7500000e+01;3.8035110e-02;3.7500000e+01;5.7513744e-02;3.7500000e+01;8.0841884e-02;3.7500000e+01;1.1164287e-01;3.7500000e+01;1.5376642e-01;3.7500000e+01;1.9894825e-01;3.7500000e+01;2.3453611e-01;3.7500000e+01;2.5003880e-01;3.7500000e+01;2.4676415e-01;3.7500000e+01;2.2440150e-01;3.7500000e+01;1.9221240e-01;3.7500000e+01;1.5334243e-01;3.7500000e+01;1.1156150e-01;3.7500000e+01;7.2634563e-02;3.7500000e+01;3.4743264e-02;3.7500000e+01;-3.0305618e-03;3.7500000e+01;5.0423993e-03;3.7500000e+01;1.9620664e-02;3.7500000e+01;3.8035110e-02;3.7500000e+01;5.7513744e-02;3.7500000e+01;8.0841884e-02;3.7500000e+01;1.1164287e-01;3.7500000e+01;1.5376642e-01;3.7500000e+01;1.9894825e-01;3.7500000e+01;2.3453611e-01;3.7500000e+01;2.5003880e-01;3.7500000e+01;2.4676415e-01;3.7500000e+01;2.2440150e-01;3.7500000e+01;1.9221240e-01;3.7500000e+01;1.5334243e-01;3.7500000e+01;1.1156150e-01;3.7500000e+01;7.2634563e-02;3.7500000e+01;3.4743264e-02;3.7500000e+01;-3.0305618e-03;3.7500000e+01;5.0423993e-03;3.7500000e+01;1.9620664e-02;3.7500000e+01;3.8035110e-02;3.7500000e+01;5.7513744e-02;3.7500000e+01;8.0841884e-02;3.7500000e+01;1.1164287e-01;3.7500000e+01;1.5376642e-01;3.7500000e+01;1.9894825e-01;3.7500000e+01;2.3453611e-01;3.7500000e+01;2.5003880e-01;3.7500000e+01;2.4676415e-01;3.7500000e+01;2.2440150e-01;3.7500000e+01;1.9221240e-01;3.7500000e+01;1.5334243e-01;3.7500000e+01;1.1156150e-01;3.7500000e+01;7.2634563e-02;3.7500000e+01;3.4743264e-02;3.7500000e+01;-3.0305618e-03;3.7500000e+01;5.0423993e-03;3.7500000e+01;1.9620664e-02;3.7500000e+01;3.8035110e-02;3.7500000e+01;5.7513744e-02;3.7500000e+01;8.0841884e-02;3.7500000e+01;1.1164287e-01;3.7500000e+01;1.5376642e-01;3.7500000e+01;1.9894825e-01;3.7500000e+01;2.3453611e-01;3.7500000e+01;2.5003880e-01;3.7500000e+01;2.4676415e-01;3.7500000e+01;2.2440150e-01;3.7500000e+01;1.9221240e-01;3.7500000e+01;1.5334243e-01;3.7500000e+01;1.1156150e-01;3.7500000e+01;7.2634563e-02;3.7500000e+01;3.4743264e-02;3.7500000e+01;-3.0305618e-03;3.7500000e+01;5.0423993e-03;3.7500000e+01;1.9620664e-02;3.7500000e+01;3.8035110e-02;3.7500000e+01;5.7513744e-02;3.7500000e+01;8.0841884e-02;3.7500000e+01;1.1164287e-01;3.7500000e+01;1.5376642e-01;3.7500000e+01;1.9894825e-01;3.7500000e+01;2.3453611e-01;3.7500000e+01;2.5003880e-01;3.7500000e+01;2.4676415e-01;3.7500000e+01;2.2440150e-01;3.7500000e+01;1.9221240e-01;3.7500000e+01;1.5334243e-01;3.7500000e+01;1.1156150e-01;3.7500000e+01;7.2634563e-02;3.7500000e+01;3.4743264e-02;3.7500000e+01;-3.0305618e-03;3.7500000e+01;5.0423993e-03;3.7500000e+01;1.9620664e-02;3.7500000e+01;3.8035110e-02;3.7500000e+01;5.7513744e-02;3.7500000e+01;8.0841884e-02;3.7500000e+01;1.1164287e-01;3.7500000e+01;1.5376642e-01;3.7500000e+01;1.9894825e-01;3.7500000e+01;2.3453611e-01;3.7500000e+01;2.5003880e-01;3.7500000e+01;2.4676415e-01;3.7500000e+01;2.2440150e-01;3.7500000e+01;1.9221240e-01;3.7500000e+01;1.5334243e-01;3.7500000e+01;1.1156150e-01;3.7500000e+01;7.2634563e-02;3.7500000e+01;3.4743264e-02;3.7500000e+01;-3.0305618e-03;3.7500000e+01;5.0423993e-03;3.7500000e+01;1.9620664e-02;3.7500000e+01;3.8035110e-02;3.7500000e+01;5.7513744e-02;3.7500000e+01;8.0841884e-02;3.7500000e+01;1.1164287e-01;3.7500000e+01;1.5376642e-01;3.7500000e+01;1.9894825e-01;3.7500000e+01;2.3453611e-01;3.7500000e+01;2.5003880e-01;3.7500000e+01;2.4676415e-01;3.7500000e+01;2.2440150e-01;3.7500000e+01;1.9221240e-01;3.7500000e+01;1.5334243e-01;3.7500000e+01;1.1156150e-01;3.7500000e+01;7.2634563e-02;3.7500000e+01;3.4743264e-02;3.7500000e+01;-3.0305618e-03;3.7500000e+01;5.0423993e-03;3.7500000e+01;1.9620664e-02;3.7500000e+01;3.8035110e-02;3.7500000e+01;5.7513744e-02;3.7500000e+01;8.0841884e-02;3.7500000e+01;1.1164287e-01;3.7500000e+01;1.5376642e-01;3.7500000e+01;1.9894825e-01;3.7500000e+01;2.3453611e-01;3.7500000e+01;2.5003880e-01;3.7500000e+01;2.4676415e-01;3.7500000e+01;2.2440150e-01;3.7500000e+01;1.9221240e-01;3.7500000e+01;1.5334243e-01;3.7500000e+01;1.1156150e-01;3.7500000e+01;7.2634563e-02;3.7500000e+01;3.4743264e-02;3.7500000e+01;-3.0305618e-03;3.7500000e+01;5.0423993e-03;3.7500000e+01;1.9620664e-02;3.7500000e+01;3.8035110e-02;3.7500000e+01;5.7513744e-02;3.7500000e+01;8.0841884e-02;3.7500000e+01;1.1164287e-01;3.7500000e+01;1.5376642e-01;3.7500000e+01;1.9894825e-01;3.7500000e+01;2.3453611e-01;3.7500000e+01;2.5003880e-01;3.7500000e+01;2.4676415e-01;3.7500000e+01;2.2440150e-01;3.7500000e+01;1.9221240e-01;3.7500000e+01;1.5334243e-01;3.7500000e+01;1.1156150e-01;3.7500000e+01;7.2634563e-02;3.7500000e+01;3.4743264e-02;3.7500000e+01;-3.0305618e-03;3.7500000e+01;5.0423993e-03;3.7500000e+01;1.9620664e-02;3.7500000e+01;3.8035110e-02;3.7500000e+01;5.7513744e-02;3.7500000e+01;8.0841884e-02;3.7500000e+01;1.1164287e-01;3.7500000e+01;1.5376642e-01;3.7500000e+01;1.9894825e-01;3.7500000e+01;2.3453611e-01;3.7500000e+01;2.5003880e-01;3.7500000e+01;2.4676415e-01;3.7500000e+01;2.2440150e-01;3.7500000e+01;1.9221240e-01;3.7500000e+01;1.5334243e-01;3.7500000e+01;1.1156150e-01;3.7500000e+01;7.2634563e-02;3.7500000e+01;3.4743264e-02;3.7500000e+01;-3.0305618e-03;3.7500000e+01;5.0423993e-03;3.7500000e+01;1.9620664e-02;3.7500000e+01;3.8035110e-02;3.7500000e+01;5.7513744e-02;3.7500000e+01;8.0841884e-02;3.7500000e+01;1.1164287e-01;3.7500000e+01;1.5376642e-01;3.7500000e+01;1.9894825e-01;3.7500000e+01;2.3453611e-01;3.7500000e+01;2.5003880e-01;3.7500000e+01;2.4676415e-01;3.7500000e+01;2.2440150e-01;3.7500000e+01;1.9221240e-01;3.7500000e+01;1.5334243e-01;3.7500000e+01;1.1156150e-01;3.7500000e+01;7.2634563e-02;3.7500000e+01;3.4743264e-02;3.7500000e+01;-3.0305618e-03;3.7500000e+01;5.0423993e-03;3.7500000e+01;1.9620664e-02;3.7500000e+01;3.8035110e-02;3.7500000e+01;5.7513744e-02;3.7500000e+01;8.0841884e-02;3.7500000e+01;1.1164287e-01;3.7500000e+01;1.5376642e-01;3.7500000e+01;1.9894825e-01;3.7500000e+01;2.3453611e-01;3.7500000e+01;2.5003880e-01;3.7500000e+01;2.4676415e-01;3.7500000e+01;2.2440150e-01;3.7500000e+01;1.9221240e-01;3.7500000e+01;1.5334243e-01;3.7500000e+01;1.1156150e-01;3.7500000e+01;7.2634563e-02;3.7500000e+01;3.4743264e-02;3.7500000e+01;-3.0305618e-03;3.7500000e+01;5.0423993e-03;3.7500000e+01;1.9620664e-02;3.7500000e+01;3.8035110e-02;3.7500000e+01;5.7513744e-02;3.7500000e+01;8.0841884e-02;3.7500000e+01;1.1164287e-01;3.7500000e+01;1.5376642e-01;3.7500000e+01;1.9894825e-01;3.7500000e+01;2.3453611e-01;3.7500000e+01;2.5003880e-01;3.7500000e+01;2.4676415e-01;3.7500000e+01;2.2440150e-01;3.7500000e+01;1.9221240e-01;3.7500000e+01;1.5334243e-01;3.7500000e+01;1.1156150e-01;3.7500000e+01;7.2634563e-02;3.7500000e+01;3.4743264e-02;3.7500000e+01;-3.0305618e-03;3.7500000e+01;5.0423993e-03;3.7500000e+01;1.9620664e-02;3.7500000e+01;3.8035110e-02;3.7500000e+01;5.7513744e-02;3.7500000e+01;8.0841884e-02;3.7500000e+01;1.1164287e-01;3.7500000e+01;1.5376642e-01;3.7500000e+01;1.9894825e-01;3.7500000e+01;2.3453611e-01;3.7500000e+01;2.5003880e-01;3.7500000e+01;2.4676415e-01;3.7500000e+01;2.2440150e-01;3.7500000e+01;1.9221240e-01;3.7500000e+01;1.5334243e-01;3.7500000e+01;1.1156150e-01;3.7500000e+01;7.2634563e-02;3.7500000e+01;3.4743264e-02;3.7500000e+01;-3.0305618e-03;3.7500000e+01;5.0423993e-03;3.7500000e+01;1.9620664e-02;3.7500000e+01;3.8035110e-02;3.7500000e+01;5.7513744e-02;3.7500000e+01;8.0841884e-02;3.7500000e+01;1.1164287e-01;3.7500000e+01;1.5376642e-01;3.7500000e+01;1.9894825e-01;3.7500000e+01;2.3453611e-01;3.7500000e+01;2.5003880e-01;3.7500000e+01;2.4676415e-01;3.7500000e+01;2.2440150e-01;3.7500000e+01;1.9221240e-01;3.7500000e+01;1.5334243e-01;3.7500000e+01;1.1156150e-01;3.7500000e+01;7.2634563e-02;3.7500000e+01;3.4743264e-02;3.7500000e+01;-3.0305618e-03;3.7500000e+01;5.0423993e-03;3.7500000e+01;1.9620664e-02;3.7500000e+01;3.8035110e-02;3.7500000e+01;5.7513744e-02;3.7500000e+01;8.0841884e-02;3.7500000e+01;1.1164287e-01;3.7500000e+01;1.5376642e-01;3.7500000e+01;1.9894825e-01;3.7500000e+01;2.3453611e-01;3.7500000e+01;2.5003880e-01;3.7500000e+01;2.4676415e-01;3.7500000e+01;2.2440150e-01;3.7500000e+01;1.9221240e-01;3.7500000e+01;1.5334243e-01;3.7500000e+01;1.1156150e-01;3.7500000e+01;7.2634563e-02;3.7500000e+01;3.4743264e-02;3.7500000e+01;-3.0305618e-03;3.7500000e+01;5.0423993e-03;3.7500000e+01;1.9620664e-02;3.7500000e+01;3.8035110e-02;3.7500000e+01;5.7513744e-02;3.7500000e+01;8.0841884e-02;3.7500000e+01;1.1164287e-01;3.7500000e+01;1.5376642e-01;3.7500000e+01;1.9894825e-01;3.7500000e+01;2.3453611e-01;3.7500000e+01;2.5003880e-01;3.7500000e+01;2.4676415e-01;3.7500000e+01;2.2440150e-01;3.7500000e+01;1.9221240e-01;3.7500000e+01;1.5334243e-01;3.7500000e+01;1.1156150e-01;3.7500000e+01;7.2634563e-02;3.7500000e+01;3.4743264e-02;3.7500000e+01;-3.0305618e-03;3.7500000e+01;5.0423993e-03;3.7500000e+01;1.9620664e-02;3.7500000e+01;3.8035110e-02;3.7500000e+01;5.7513744e-02;3.7500000e+01;8.0841884e-02;3.7500000e+01;1.1164287e-01;3.7500000e+01;1.5376642e-01;3.7500000e+01;1.9894825e-01;3.7500000e+01;2.3453611e-01;3.7500000e+01;2.5003880e-01;3.7500000e+01;2.4676415e-01;3.7500000e+01;2.2440150e-01;3.7500000e+01;1.9221240e-01;3.7500000e+01;1.5334243e-01;3.7500000e+01;1.1156150e-01;3.7500000e+01;7.2634563e-02;3.7500000e+01;3.4743264e-02;3.7500000e+01;-3.0305618e-03;3.7500000e+01;5.0423993e-03;3.7500000e+01;1.9620664e-02;3.7500000e+01;3.8035110e-02;3.7500000e+01;5.7513744e-02;3.7500000e+01;8.0841884e-02;3.7500000e+01;1.1164287e-01;3.7500000e+01;1.5376642e-01;3.7500000e+01;1.9894825e-01;3.7500000e+01;2.3453611e-01;3.7500000e+01;2.5003880e-01;3.7500000e+01;2.4676415e-01;3.7500000e+01;2.2440150e-01;3.7500000e+01;1.9221240e-01;3.7500000e+01;1.5334243e-01;3.7500000e+01;1.1156150e-01;3.7500000e+01;7.2634563e-02;3.7500000e+01;3.4743264e-02;3.7500000e+01;-3.0305618e-03;3.7500000e+01;5.0423993e-03;3.7500000e+01;1.9620664e-02;3.7500000e+01;3.8035110e-02;3.7500000e+01;5.7513744e-02;3.7500000e+01;8.0841884e-02;3.7500000e+01;1.1164287e-01;3.7500000e+01;1.5376642e-01;3.7500000e+01;1.9894825e-01;3.7500000e+01;2.3453611e-01;3.7500000e+01;2.5003880e-01;3.7500000e+01;2.4676415e-01;3.7500000e+01;2.2440150e-01;3.7500000e+01;1.9221240e-01;3.7500000e+01;1.5334243e-01;3.7500000e+01;1.1156150e-01;3.7500000e+01;7.2634563e-02;3.7500000e+01;3.4743264e-02;3.7500000e+01;-3.0305618e-03;3.7500000e+01;5.0423993e-03;3.7500000e+01;1.9620664e-02;3.7500000e+01;3.8035110e-02;3.7500000e+01;5.7513744e-02;3.7500000e+01;8.0841884e-02;3.7500000e+01;1.1164287e-01;3.7500000e+01;1.5376642e-01;3.7500000e+01;1.9894825e-01;3.7500000e+01;2.3453611e-01;3.7500000e+01;2.5003880e-01;3.7500000e+01;2.4676415e-01;3.7500000e+01;2.2440150e-01;3.7500000e+01;1.9221240e-01;3.7500000e+01;1.5334243e-01;3.7500000e+01;1.1156150e-01;3.7500000e+01;7.2634563e-02;3.7500000e+01;3.4743264e-02;3.7500000e+01;-3.0305618e-03;3.7500000e+01;5.0423993e-03;3.7500000e+01;1.9620664e-02;3.7500000e+01;3.8035110e-02;3.7500000e+01;5.7513744e-02;3.7500000e+01;8.0841884e-02;3.7500000e+01;1.1164287e-01;3.7500000e+01;1.5376642e-01;3.7500000e+01;1.9894825e-01;3.7500000e+01;2.3453611e-01;3.7500000e+01;2.5003880e-01;3.7500000e+01;2.4676415e-01;3.7500000e+01;2.2440150e-01;3.7500000e+01;1.9221240e-01;3.7500000e+01;1.5334243e-01;3.7500000e+01;1.1156150e-01;3.7500000e+01;7.2634563e-02;3.7500000e+01;3.4743264e-02;3.7500000e+01;-3.0305618e-03;3.7500000e+01;5.0423993e-03;3.7500000e+01;1.9620664e-02;3.7500000e+01;3.8035110e-02;3.7500000e+01;5.7513744e-02;3.7500000e+01;8.0841884e-02;3.7500000e+01;1.1164287e-01;3.7500000e+01;1.5376642e-01;3.7500000e+01;1.9894825e-01;3.7500000e+01;2.3453611e-01;3.7500000e+01;2.5003880e-01;3.7500000e+01;2.4676415e-01;3.7500000e+01;2.2440150e-01;3.7500000e+01;1.9221240e-01;3.7500000e+01;1.5334243e-01;3.7500000e+01;1.1156150e-01;3.7500000e+01;7.2634563e-02;3.7500000e+01;3.4743264e-02;3.7500000e+01;-3.0305618e-03;3.7500000e+01;5.0423993e-03;3.7500000e+01;1.9620664e-02;3.7500000e+01;3.8035110e-02;3.7500000e+01;5.7513744e-02;3.7500000e+01;8.0841884e-02;3.7500000e+01;1.1164287e-01;3.7500000e+01;1.5376642e-01;3.7500000e+01;1.9894825e-01;3.7500000e+01;2.3453611e-01;3.7500000e+01;2.5003880e-01;3.7500000e+01;2.4676415e-01;3.7500000e+01;2.2440150e-01;3.7500000e+01;1.9221240e-01;3.7500000e+01;1.5334243e-01;3.7500000e+01;1.1156150e-01;3.7500000e+01;7.2634563e-02;3.7500000e+01;3.4743264e-02;3.7500000e+01;-3.0305618e-03;3.7500000e+01;5.0423993e-03;3.7500000e+01;1.9620664e-02;3.7500000e+01;3.8035110e-02;3.7500000e+01;5.7513744e-02;3.7500000e+01;8.0841884e-02;3.7500000e+01;1.1164287e-01;3.7500000e+01;1.5376642e-01;3.7500000e+01;1.9894825e-01;3.7500000e+01;2.3453611e-01;3.7500000e+01;2.5003880e-01;3.7500000e+01;2.4676415e-01;3.7500000e+01;2.2440150e-01;3.7500000e+01;1.9221240e-01;3.7500000e+01;1.5334243e-01;3.7500000e+01;1.1156150e-01;3.7500000e+01;7.2634563e-02;3.7500000e+01;3.4743264e-02;3.7500000e+01;-3.0305618e-03;3.7500000e+01;5.0423993e-03;3.7500000e+01;1.9620664e-02;3.7500000e+01;3.8035110e-02;3.7500000e+01;5.7513744e-02;3.7500000e+01;8.0841884e-02;3.7500000e+01;1.1164287e-01;3.7500000e+01;1.5376642e-01;3.7500000e+01;1.9894825e-01;3.7500000e+01;2.3453611e-01;3.7500000e+01;2.5003880e-01;3.7500000e+01;2.4676415e-01;3.7500000e+01;2.2440150e-01;3.7500000e+01;1.9221240e-01;3.7500000e+01;1.5334243e-01;3.7500000e+01;1.1156150e-01;3.7500000e+01;7.2634563e-02;3.7500000e+01;3.4743264e-02;3.7500000e+01;-3.0305618e-03;3.7500000e+01;5.0423993e-03;3.7500000e+01;1.9620664e-02;3.7500000e+01;3.8035110e-02;3.7500000e+01;5.7513744e-02;3.7500000e+01;8.0841884e-02;3.7500000e+01;1.1164287e-01;3.7500000e+01;1.5376642e-01;3.7500000e+01;1.9894825e-01;3.7500000e+01;2.3453611e-01;3.7500000e+01;2.5003880e-01;3.7500000e+01;2.4676415e-01;3.7500000e+01;2.2440150e-01;3.7500000e+01;1.9221240e-01;3.7500000e+01;1.5334243e-01;3.7500000e+01;1.1156150e-01;3.7500000e+01;7.2634563e-02;3.7500000e+01;3.4743264e-02;3.7500000e+01;-3.0305618e-03;3.7500000e+01;5.0423993e-03;3.7500000e+01;1.9620664e-02;3.7500000e+01;3.8035110e-02;3.7500000e+01;5.7513744e-02;3.7500000e+01;8.0841884e-02;3.7500000e+01;1.1164287e-01;3.7500000e+01;1.5376642e-01;3.7500000e+01;1.9894825e-01;3.7500000e+01;2.3453611e-01;3.7500000e+01;2.5003880e-01;3.7500000e+01;2.4676415e-01;3.7500000e+01;2.2440150e-01;3.7500000e+01;1.9221240e-01;3.7500000e+01;1.5334243e-01;3.7500000e+01;1.1156150e-01;3.7500000e+01;7.2634563e-02;3.7500000e+01;3.4743264e-02;3.7500000e+01;-3.0305618e-03;3.7500000e+01;5.0423993e-03;3.7500000e+01;1.9620664e-02;3.7500000e+01;3.8035110e-02;3.7500000e+01;5.7513744e-02;3.7500000e+01;8.0841884e-02;3.7500000e+01;1.1164287e-01;3.7500000e+01;1.5376642e-01;3.7500000e+01;1.9894825e-01;3.7500000e+01;2.3453611e-01;3.7500000e+01;2.5003880e-01;3.7500000e+01;2.4676415e-01;3.7500000e+01;2.2440150e-01;3.7500000e+01;1.9221240e-01;3.7500000e+01;1.5334243e-01;3.7500000e+01;1.1156150e-01;3.7500000e+01;7.2634563e-02;3.7500000e+01;3.4743264e-02;3.7500000e+01;-3.0305618e-03;3.7500000e+01;5.0423993e-03;3.7500000e+01;1.9620664e-02;3.7500000e+01;3.8035110e-02;3.7500000e+01;5.7513744e-02;3.7500000e+01;8.0841884e-02;3.7500000e+01;1.1164287e-01;3.7500000e+01;1.5376642e-01;3.7500000e+01;1.9894825e-01;3.7500000e+01;2.3453611e-01;3.7500000e+01;2.5003880e-01;3.7500000e+01;2.4676415e-01;3.7500000e+01;2.2440150e-01;3.7500000e+01;1.9221240e-01;3.7500000e+01;1.5334243e-01;3.7500000e+01;1.1156150e-01;3.7500000e+01;7.2634563e-02;3.7500000e+01;3.4743264e-02;3.7500000e+01;-3.0305618e-03;3.7500000e+01;5.0423993e-03;3.7500000e+01;1.9620664e-02;3.7500000e+01;3.8035110e-02;3.7500000e+01;5.7513744e-02;3.7500000e+01;8.0841884e-02;3.7500000e+01;1.1164287e-01;3.7500000e+01;1.5376642e-01;3.7500000e+01;1.9894825e-01;3.7500000e+01;2.3453611e-01;3.7500000e+01;2.5003880e-01;3.7500000e+01;2.4676415e-01;3.7500000e+01;2.2440150e-01;3.7500000e+01;1.9221240e-01;3.7500000e+01;1.5334243e-01;3.7500000e+01;1.1156150e-01;3.7500000e+01;7.2634563e-02;3.7500000e+01;3.4743264e-02;3.7500000e+01;-3.0305618e-03;3.7500000e+01;5.0423993e-03;3.7500000e+01;1.9620664e-02;3.7500000e+01;3.8035110e-02;3.7500000e+01;5.7513744e-02;3.7500000e+01;8.0841884e-02;3.7500000e+01;1.1164287e-01;3.7500000e+01;1.5376642e-01;3.7500000e+01;1.9894825e-01;3.7500000e+01;2.3453611e-01;3.7500000e+01;2.5003880e-01;3.7500000e+01;2.4676415e-01;3.7500000e+01;2.2440150e-01;3.7500000e+01;1.9221240e-01;3.7500000e+01;1.5334243e-01;3.7500000e+01;1.1156150e-01;3.7500000e+01;7.2634563e-02;3.7500000e+01;3.4743264e-02
4.2500000e+01;-4.2423978e-04;4.2500000e+01;9.3199220e-03;4.2500000e+01;2.4570860e-02;4.2500000e+01;4.4591684e-02;4.2500000e+01;6.8239838e-02;4.2500000e+01;9.2684492e-02;4.2500000e+01;1.2360279e-01;4.2500000e+01;1.6112600e-01;4.2500000e+01;2.0488822e-01;4.2500000e+01;2.4466406e-01;4.2500000e+01;2.6224777e-01;4.2500000e+01;2.5891364e-01;4.2500000e+01;2.3286536e-01;4.2500000e+01;1.9819802e-01;4.2500000e+01;1.5799907e-01;4.2500000e+01;1.1471775e-01;4.2500000e+01;7.5406797e-02;4.2500000e+01;3.7877716e-02;4.2500000e+01;-4.2423978e-04;4.2500000e+01;9.3199220e-03;4.2500000e+01;2.4570860e-02;4.2500000e+01;4.4591684e-02;4.2500000e+01;6.8239838e-02;4.2500000e+01;9.2684492e-02;4.2500000e+01;1.2360279e-01;4.2500000e+01;1.6112600e-01;4.2500000e+01;2.0488822e-01;4.2500000e+01;2.4466406e-01;4.2500000e+01;2.6224777e-01;4.2500000e+01;2.5891364e-01;4.2500000e+01;2.3286536e-01;4.2500000e+01;1.9819802e-01;4.2500000e+01;1.5799907e-01;4.2500000e+01;1.1471775e-01;4.2500000e+01;7.5406797e-02;4.2500000e+01;3.7877716e-02;4.2500000e+01;-4.2423978e-04;4.2500000e+01;9.3199220e-03;4.2500000e+01;2.4570860e-02;4.2500000e+01;4.4591684e-02;4.2500000e+01;6.8239838e-02;4.2500000e+01;9.2684492e-02;4.2500000e+01;1.2360279e-01;4.2500000e+01;1.6112600e-01;4.2500000e+01;2.0488822e-01;4.2500000e+01;2.4466406e-01;4.2500000e+01;2.6224777e-01;4.2500000e+01;2.5891364e-01;4.2500000e+01;2.3286536e-01;4.2500000e+01;1.9819802e-01;4.2500000e+01;1.5799907e-01;4.2500000e+01;1.1471775e-01;4.2500000e+01;7.5406797e-02;4.2500000e+01;3.7877716e-02;4.2500000e+01;-4.2423978e-04;4.2500000e+01;9.3199220e-03;4.2500000e+01;2.4570860e-02;4.2500000e+01;4.4591684e-02;4.2500000e+01;6.8239838e-02;4.2500000e+01;9.2684492e-02;4.2500000e+01;1.2360279e-01;4.2500000e+01;1.6112600e-01;4.2500000e+01;2.0488822e-01;4.2500000e+01;2.4466406e-01;4.2500000e+01;2.6224777e-01;4.2500000e+01;2.5891364e-01;4.2500000e+01;2.3286536e-01;4.2500000e+01;1.9819802e-01;4.2500000e+01;1.5799907e-01;4.2500000e+01;1.1471775e-01;4.2500000e+01;7.5406797e-02;4.2500000e+01;3.7877716e-02;4.2500000e+01;-4.2423978e-04;4.2500000e+01;9.3199220e-03;4.2500000e+01;2.4570860e-02;4.2500000e+01;4.4591684e-02;4.2500000e+01;6.8239838e-02;4.2500000e+01;9.2684492e-02;4.2500000e+01;1.2360279e-01;4.2500000e+01;1.6112600e-01;4.2500000e+01;2.0488822e-01;4.2500000e+01;2.4466406e-01;4.2500000e+01;2.6224777e-01;4.2500000e+01;2.5891364e-01;4.2500000e+01;2.3286536e-01;4.2500000e+01;1.9819802e-01;4.2500000e+01;1.5799907e-01;4.2500000e+01;1.1471775e-01;4.2500000e+01;7.5406797e-02;4.2500000e+01;3.7877716e-02;4.2500000e+01;-4.2423978e-04;4.2500000e+01;9.3199220e-03;4.2500000e+01;2.4570860e-02;4.2500000e+01;4.4591684e-02;4.2500000e+01;6.8239838e-02;4.2500000e+01;9.2684492e-02;4.2500000e+01;1.2360279e-01;4.2500000e+01;1.6112600e-01;4.2500000e+01;2.0488822e-01;4.2500000e+01;2.4466406e-01;4.2500000e+01;2.6224777e-01;4.2500000e+01;2.5891364e-01;4.2500000e+01;2.3286536e-01;4.2500000e+01;1.9819802e-01;4.2500000e+01;1.5799907e-01;4.2500000e+01;1.1471775e-01;4.2500000e+01;7.5406797e-02;4.2500000e+01;3.7877716e-02;4.2500000e+01;-4.2423978e-04;4.2500000e+01;9.3199220e-03;4.2500000e+01;2.4570860e-02;4.2500000e+01;4.4591684e-02;4.2500000e+01;6.8239838e-02;4.2500000e+01;9.2684492e-02;4.2500000e+01;1.2360279e-01;4.2500000e+01;1.6112600e-01;4.2500000e+01;2.0488822e-01;4.2500000e+01;2.4466406e-01;4.2500000e+01;2.6224777e-01;4.2500000e+01;2.5891364e-01;4.2500000e+01;2.3286536e-01;4.2500000e+01;1.9819802e-01;4.2500000e+01;1.5799907e-01;4.2500000e+01;1.1471775e-01;4.2500000e+01;7.5406797e-02;4.2500000e+01;3.7877716e-02;4.2500000e+01;-4.2423978e-04;4.2500000e+01;9.3199220e-03;4.2500000e+01;2.4570860e-02;4.2500000e+01;4.4591684e-02;4.2500000e+01;6.8239838e-02;4.2500000e+01;9.2684492e-02;4.2500000e+01;1.2360279e-01;4.2500000e+01;1.6112600e-01;4.2500000e+01;2.0488822e-01;4.2500000e+01;2.4466406e-01;4.2500000e+01;2.6224777e-01;4.2500000e+01;2.5891364e-01;4.2500000e+01;2.3286536e-01;4.2500000e+01;1.9819802e-01;4.2500000e+01;1.5799907e-01;4.2500000e+01;1.1471775e-01;4.2500000e+01;7.5406797e-02;4.2500000e+01;3.7877716e-02;4.2500000e+01;-4.2423978e-04;4.2500000e+01;9.3199220e-03;4.2500000e+01;2.4570860e-02;4.2500000e+01;4.4591684e-02;4.2500000e+01;6.8239838e-02;4.2500000e+01;9.2684492e-02;4.2500000e+01;1.2360279e-01;4.2500000e+01;1.6112600e-01;4.2500000e+01;2.0488822e-01;4.2500000e+01;2.4466406e-01;4.2500000e+01;2.6224777e-01;4.2500000e+01;2.5891364e-01;4.2500000e+01;2.3286536e-01;4.2500000e+01;1.9819802e-01;4.2500000e+01;1.5799907e-01;4.2500000e+01;1.1471775e-01;4.2500000e+01;7.5406797e-02;4.2500000e+01;3.7877716e-02;4.2500000e+01;-4.2423978e-04;4.2500000e+01;9.3199220e-03;4.2500000e+01;2.4570860e-02;4.2500000e+01;4.4591684e-02;4.2500000e+01;6.8239838e-02;4.2500000e+01;9.2684492e-02;4.2500000e+01;1.2360279e-01;4.2500000e+01;1.6112600e-01;4.2500000e+01;2.0488822e-01;4.2500000e+01;2.4466406e-01;4.2500000e+01;2.6224777e-01;4.2500000e+01;2.5891364e-01;4.2500000e+01;2.3286536e-01;4.2500000e+01;1.9819802e-01;4.2500000e+01;1.5799907e-01;4.2500000e+01;1.1471775e-01;4.2500000e+01;7.5406797e-02;4.2500000e+01;3.7877716e-02;4.2500000e+01;-4.2423978e-04;4.2500000e+01;9.3199220e-03;4.2500000e+01;2.4570860e-02;4.2500000e+01;4.4591684e-02;4.2500000e+01;6.8239838e-02;4.2500000e+01;9.2684492e-02;4.2500000e+01;1.2360279e-01;4.2500000e+01;1.6112600e-01;4.2500000e+01;2.0488822e-01;4.2500000e+01;2.4466406e-01;4.2500000e+01;2.6224777e-01;4.2500000e+01;2.5891364e-01;4.2500000e+01;2.3286536e-01;4.2500000e+01;1.9819802e-01;4.2500000e+01;1.5799907e-01;4.2500000e+01;1.1471775e-01;4.2500000e+01;7.5406797e-02;4.2500000e+01;3.7877716e-02;4.2500000e+01;-4.2423978e-04;4.2500000e+01;9.3199220e-03;4.2500000e+01;2.4570860e-02;4.2500000e+01;4.4591684e-02;4.2500000e+01;6.8239838e-02;4.2500000e+01;9.2684492e-02;4.2500000e+01;1.2360279e-01;4.2500000e+01;1.6112600e-01;4.2500000e+01;2.0488822e-01;4.2500000e+01;2.4466406e-01;4.2500000e+01;2.6224777e-01;4.2500000e+01;2.5891364e-01;4.2500000e+01;2.3286536e-01;4.2500000e+01;1.9819802e-01;4.2500000e+01;1.5799907e-01;4.2500000e+01;1.1471775e-01;4.2500000e+01;7.5406797e-02;4.2500000e+01;3.7877716e-02;4.2500000e+01;-4.2423978e-04;4.2500000e+01;9.3199220e-03;4.2500000e+01;2.4570860e-02;4.2500000e+01;4.4591684e-02;4.2500000e+01;6.8239838e-02;4.2500000e+01;9.2684492e-02;4.2500000e+01;1.2360279e-01;4.2500000e+01;1.6112600e-01;4.2500000e+01;2.0488822e-01;4.2500000e+01;2.4466406e-01;4.2500000e+01;2.6224777e-01;4.2500000e+01;2.5891364e-01;4.2500000e+01;2.3286536e-01;4.2500000e+01;1.9819802e-01;4.2500000e+01;1.5799907e-01;4.2500000e+01;1.1471775e-01;4.2500000e+01;7.5406797e-02;4.2500000e+01;3.7877716e-02;4.2500000e+01;-4.2423978e-04;4.2500000e+01;9.3199220e-03;4.2500000e+01;2.4570860e-02;4.2500000e+01;4.4591684e-02;4.2500000e+01;6.8239838e-02;4.2500000e+01;9.2684492e-02;4.2500000e+01;1.2360279e-01;4.2500000e+01;1.6112600e-01;4.2500000e+01;2.0488822e-01;4.2500000e+01;2.4466406e-01;4.2500000e+01;2.6224777e-01;4.2500000e+01;2.5891364e-01;4.2500000e+01;2.3286536e-01;4.2500000e+01;1.9819802e-01;4.2500000e+01;1.5799907e-01;4.2500000e+01;1.1471775e-01;4.2500000e+01;7.5406797e-02;4.2500000e+01;3.7877716e-02;4.2500000e+01;-4.2423978e-04;4.2500000e+01;9.3199220e-03;4.2500000e+01;2.4570860e-02;4.2500000e+01;4.4591684e-02;4.2500000e+01;6.8239838e-02;4.2500000e+01;9.2684492e-02;4.2500000e+01;1.2360279e-01;4.2500000e+01;1.6112600e-01;4.2500000e+01;2.0488822e-01;4.2500000e+01;2.4466406e-01;4.2500000e+01;2.6224777e-01;4.2500000e+01;2.5891364e-01;4.2500000e+01;2.3286536e-01;4.2500000e+01;1.9819802e-01;4.2500000e+01;1.5799907e-01;4.2500000e+01;1.1471775e-01;4.2500000e+01;7.5406797e-02;4.2500000e+01;3.7877716e-02;4.2500000e+01;-4.2423978e-04;4.2500000e+01;9.3199220e-03;4.2500000e+01;2.4570860e-02;4.2500000e+01;4.4591684e-02;4.2500000e+01;6.8239838e-02;4.2500000e+01;9.2684492e-02;4.2500000e+01;1.2360279e-01;4.2500000e+01;1.6112600e-01;4.2500000e+01;2.0488822e-01;4.2500000e+01;2.4466406e-01;4.2500000e+01;2.6224777e-01;4.2500000e+01;2.5891364e-01;4.2500000e+01;2.3286536e-01;4.2500000e+01;1.9819802e-01;4.2500000e+01;1.5799907e-01;4.2500000e+01;1.1471775e-01;4.2500000e+01;7.5406797e-02;4.2500000e+01;3.7877716e-02;4.2500000e+01;-4.2423978e-04;4.2500000e+01;9.3199220e-03;4.2500000e+01;2.4570860e-02;4.2500000e+01;4.4591684e-02;4.2500000e+01;6.8239838e-02;4.2500000e+01;9.2684492e-02;4.2500000e+01;1.2360279e-01;4.2500000e+01;1.6112600e-01;4.2500000e+01;2.0488822e-01;4.2500000e+01;2.4466406e-01;4.2500000e+01;2.6224777e-01;4.2500000e+01;2.5891364e-01;4.2500000e+01;2.3286536e-01;4.2500000e+01;1.9819802e-01;4.2500000e+01;1.5799907e-01;4.2500000e+01;1.1471775e-01;4.2500000e+01;7.5406797e-02;4.2500000e+01;3.7877716e-02;4.2500000e+01;-4.2423978e-04;4.2500000e+01;9.3199220e-03;4.2500000e+01;2.4570860e-02;4.2500000e+01;4.4591684e-02;4.2500000e+01;6.8239838e-02;4.2500000e+01;9.2684492e-02;4.2500000e+01;1.2360279e-01;4.2500000e+01;1.6112600e-01;4.2500000e+01;2.0488822e-01;4.2500000e+01;2.4466406e-01;4.2500000e+01;2.6224777e-01;4.2500000e+01;2.5891364e-01;4.2500000e+01;2.3286536e-01;4.2500000e+01;1.9819802e-01;4.2500000e+01;1.5799907e-01;4.2500000e+01;1.1471775e-01;4.2500000e+01;7.5406797e-02;4.2500000e+01;3.7877716e-02;4.2500000e+01;-4.2423978e-04;4.2500000e+01;9.3199220e-03;4.2500000e+01;2.4570860e-02;4.2500000e+01;4.4591684e-02;4.2500000e+01;6.8239838e-02;4.2500000e+01;9.2684492e-02;4.2500000e+01;1.2360279e-01;4.2500000e+01;1.6112600e-01;4.2500000e+01;2.0488822e-01;4.2500000e+01;2.4466406e-01;4.2500000e+01;2.6224777e-01;4.2500000e+01;2.5891364e-01;4.2500000e+01;2.3286536e-01;4.2500000e+01;1.9819802e-01;4.2500000e+01;1.5799907e-01;4.2500000e+01;1.1471775e-01;4.2500000e+01;7.5406797e-02;4.2500000e+01;3.7877716e-02;4.2500000e+01;-4.2423978e-04;4.2500000e+01;9.3199220e-03;4.2500000e+01;2.4570860e-02;4.2500000e+01;4.4591684e-02;4.2500000e+01;6.8239838e-02;4.2500000e+01;9.2684492e-02;4.2500000e+01;1.2360279e-01;4.2500000e+01;1.6112600e-01;4.2500000e+01;2.0488822e-01;4.2500000e+01;2.4466406e-01;4.2500000e+01;2.6224777e-01;4.2500000e+01;2.5891364e-01;4.2500000e+01;2.3286536e-01;4.2500000e+01;1.9819802e-01;4.2500000e+01;1.5799907e-01;4.2500000e+01;1.1471775e-01;4.2500000e+01;7.5406797e-02;4.2500000e+01;3.7877716e-02;4.2500000e+01;-4.2423978e-04;4.2500000e+01;9.3199220e-03;4.2500000e+01;2.4570860e-02;4.2500000e+01;4.4591684e-02;4.2500000e+01;6.8239838e-02;4.2500000e+01;9.2684492e-02;4.2500000e+01;1.2360279e-01;4.2500000e+01;1.6112600e-01;4.2500000e+01;2.0488822e-01;4.2500000e+01;2.4466406e-01;4.2500000e+01;2.6224777e-01;4.2500000e+01;2.5891364e-01;4.2500000e+01;2.3286536e-01;4.2500000e+01;1.9819802e-01;4.2500000e+01;1.5799907e-01;4.2500000e+01;1.1471775e-01;4.2500000e+01;7.5406797e-02;4.2500000e+01;3.7877716e-02;4.2500000e+01;-4.2423978e-04;4.2500000e+01;9.3199220e-03;4.2500000e+01;2.4570860e-02;4.2500000e+01;4.4591684e-02;4.2500000e+01;6.8239838e-02;4.2500000e+01;9.2684492e-02;4.2500000e+01;1.2360279e-01;4.2500000e+01;1.6112600e-01;4.2500000e+01;2.0488822e-01;4.2500000e+01;2.4466406e-01;4.2500000e+01;2.6224777e-01;4.2500000e+01;2.5891364e-01;4.2500000e+01;2.3286536e-01;4.2500000e+01;1.9819802e-01;4.2500000e+01;1.5799907e-01;4.2500000e+01;1.1471775e-01;4.2500000e+01;7.5406797e-02;4.2500000e+01;3.7877716e-02;4.2500000e+01;-4.2423978e-04;4.2500000e+01;9.3199220e-03;4.2500000e+01;2.4570860e-02;4.2500000e+01;4.4591684e-02;4.2500000e+01;6.8239838e-02;4.2500000e+01;9.2684492e-02;4.2500000e+01;1.2360279e-01;4.2500000e+01;1.6112600e-01;4.2500000e+01;2.0488822e-01;4.2500000e+01;2.4466406e-01;4.2500000e+01;2.6224777e-01;4.2500000e+01;2.5891364e-01;4.2500000e+01;2.3286536e-01;4.2500000e+01;1.9819802e-01;4.2500000e+01;1.5799907e-01;4.2500000e+01;1.1471775e-01;4.2500000e+01;7.5406797e-02;4.2500000e+01;3.7877716e-02;4.2500000e+01;-4.2423978e-04;4.2500000e+01;9.3199220e-03;4.2500000e+01;2.4570860e-02;4.2500000e+01;4.4591684e-02;4.2500000e+01;6.8239838e-02;4.2500000e+01;9.2684492e-02;4.2500000e+01;1.2360279e-01;4.2500000e+01;1.6112600e-01;4.2500000e+01;2.0488822e-01;4.2500000e+01;2.4466406e-01;4.2500000e+01;2.6224777e-01;4.2500000e+01;2.5891364e-01;4.2500000e+01;2.3286536e-01;4.2500000e+01;1.9819802e-01;4.2500000e+01;1.5799907e-01;4.2500000e+01;1.1471775e-01;4.2500000e+01;7.5406797e-02;4.2500000e+01;3.7877716e-02;4.2500000e+01;-4.2423978e-04;4.2500000e+01;9.3199220e-03;4.2500000e+01;2.4570860e-02;4.2500000e+01;4.4591684e-02;4.2500000e+01;6.8239838e-02;4.2500000e+01;9.2684492e-02;4.2500000e+01;1.2360279e-01;4.2500000e+01;1.6112600e-01;4.2500000e+01;2.0488822e-01;4.2500000e+01;2.4466406e-01;4.2500000e+01;2.6224777e-01;4.2500000e+01;2.5891364e-01;4.2500000e+01;2.3286536e-01;4.2500000e+01;1.9819802e-01;4.2500000e+01;1.5799907e-01;4.2500000e+01;1.1471775e-01;4.2500000e+01;7.5406797e-02;4.2500000e+01;3.7877716e-02;4.2500000e+01;-4.2423978e-04;4.2500000e+01;9.3199220e-03;4.2500000e+01;2.4570860e-02;4.2500000e+01;4.4591684e-02;4.2500000e+01;6.8239838e-02;4.2500000e+01;9.2684492e-02;4.2500000e+01;1.2360279e-01;4.2500000e+01;1.6112600e-01;4.2500000e+01;2.0488822e-01;4.2500000e+01;2.4466406e-01;4.2500000e+01;2.6224777e-01;4.2500000e+01;2.5891364e-01;4.2500000e+01;2.3286536e-01;4.2500000e+01;1.9819802e-01;4.2500000e+01;1.5799907e-01;4.2500000e+01;1.1471775e-01;4.2500000e+01;7.5406797e-02;4.2500000e+01;3.7877716e-02;4.2500000e+01;-4.2423978e-04;4.2500000e+01;9.3199220e-03;4.2500000e+01;2.4570860e-02;4.2500000e+01;4.4591684e-02;4.2500000e+01;6.8239838e-02;4.2500000e+01;9.2684492e-02;4.2500000e+01;1.2360279e-01;4.2500000e+01;1.6112600e-01;4.2500000e+01;2.0488822e-01;4.2500000e+01;2.4466406e-01;4.2500000e+01;2.6224777e-01;4.2500000e+01;2.5891364e-01;4.2500000e+01;2.3286536e-01;4.2500000e+01;1.9819802e-01;4.2500000e+01;1.5799907e-01;4.2500000e+01;1.1471775e-01;4.2500000e+01;7.5406797e-02;4.2500000e+01;3.7877716e-02;4.2500000e+01;-4.2423978e-04;4.2500000e+01;9.3199220e-03;4.2500000e+01;2.4570860e-02;4.2500000e+01;4.4591684e-02;4.2500000e+01;6.8239838e-02;4.2500000e+01;9.2684492e-02;4.2500000e+01;1.2360279e-01;4.2500000e+01;1.6112600e-01;4.2500000e+01;2.0488822e-01;4.2500000e+01;2.4466406e-01;4.2500000e+01;2.6224777e-01;4.2500000e+01;2.5891364e-01;4.2500000e+01;2.3286536e-01;4.2500000e+01;1.9819802e-01;4.2500000e+01;1.5799907e-01;4.2500000e+01;1.1471775e-01;4.2500000e+01;7.5406797e-02;4.2500000e+01;3.7877716e-02;4.2500000e+01;-4.2423978e-04;4.2500000e+01;9.3199220e-03;4.2500000e+01;2.4570860e-02;4.2500000e+01;4.4591684e-02;4.2500000e+01;6.8239838e-02;4.2500000e+01;9.2684492e-02;4.2500000e+01;1.2360279e-01;4.2500000e+01;1.6112600e-01;4.2500000e+01;2.0488822e-01;4.2500000e+01;2.4466406e-01;4.2500000e+01;2.6224777e-01;4.2500000e+01;2.5891364e-01;4.2500000e+01;2.3286536e-01;4.2500000e+01;1.9819802e-01;4.2500000e+01;1.5799907e-01;4.2500000e+01;1.1471775e-01;4.2500000e+01;7.5406797e-02;4.2500000e+01;3.7877716e-02;4.2500000e+01;-4.2423978e-04;4.2500000e+01;9.3199220e-03;4.2500000e+01;2.4570860e-02;4.2500000e+01;4.4591684e-02;4.2500000e+01;6.8239838e-02;4.2500000e+01;9.2684492e-02;4.2500000e+01;1.2360279e-01;4.2500000e+01;1.6112600e-01;4.2500000e+01;2.0488822e-01;4.2500000e+01;2.4466406e-01;4.2500000e+01;2.6224777e-01;4.2500000e+01;2.5891364e-01;4.2500000e+01;2.3286536e-01;4.2500000e+01;1.9819802e-01;4.2500000e+01;1.5799907e-01;4.2500000e+01;1.1471775e-01;4.2500000e+01;7.5406797e-02;4.2500000e+01;3.7877716e-02;4.2500000e+01;-4.2423978e-04;4.2500000e+01;9.3199220e-03;4.2500000e+01;2.4570860e-02;4.2500000e+01;4.4591684e-02;4.2500000e+01;6.8239838e-02;4.2500000e+01;9.2684492e-02;4.2500000e+01;1.2360279e-01;4.2500000e+01;1.6112600e-01;4.2500000e+01;2.0488822e-01;4.2500000e+01;2.4466406e-01;4.2500000e+01;2.6224777e-01;4.2500000e+01;2.5891364e-01;4.2500000e+01;2.3286536e-01;4.2500000e+01;1.9819802e-01;4.2500000e+01;1.5799907e-01;4.2500000e+01;1.1471775e-01;4.2500000e+01;7.5406797e-02;4.2500000e+01;3.7877716e-02;4.2500000e+01;-4.2423978e-04;4.2500000e+01;9.3199220e-03;4.2500000e+01;2.4570860e-02;4.2500000e+01;4.4591684e-02;4.2500000e+01;6.8239838e-02;4.2500000e+01;9.2684492e-02;4.2500000e+01;1.2360279e-01;4.2500000e+01;1.6112600e-01;4.2500000e+01;2.0488822e-01;4.2500000e+01;2.4466406e-01;4.2500000e+01;2.6224777e-01;4.2500000e+01;2.5891364e-01;4.2500000e+01;2.3286536e-01;4.2500000e+01;1.9819802e-01;4.2500000e+01;1.5799907e-01;4.2500000e+01;1.1471775e-01;4.2500000e+01;7.5406797e-02;4.2500000e+01;3.7877716e-02;4.2500000e+01;-4.2423978e-04;4.2500000e+01;9.3199220e-03;4.2500000e+01;2.4570860e-02;4.2500000e+01;4.4591684e-02;4.2500000e+01;6.8239838e-02;4.2500000e+01;9.2684492e-02;4.2500000e+01;1.2360279e-01;4.2500000e+01;1.6112600e-01;4.2500000e+01;2.0488822e-01;4.2500000e+01;2.4466406e-01;4.2500000e+01;2.6224777e-01;4.2500000e+01;2.5891364e-01;4.2500000e+01;2.3286536e-01;4.2500000e+01;1.9819802e-01;4.2500000e+01;1.5799907e-01;4.2500000e+01;1.1471775e-01;4.2500000e+01;7.5406797e-02;4.2500000e+01;3.7877716e-02;4.2500000e+01;-4.2423978e-04;4.2500000e+01;9.3199220e-03;4.2500000e+01;2.4570860e-02;4.2500000e+01;4.4591684e-02;4.2500000e+01;6.8239838e-02;4.2500000e+01;9.2684492e-02;4.2500000e+01;1.2360279e-01;4.2500000e+01;1.6112600e-01;4.2500000e+01;2.0488822e-01;4.2500000e+01;2.4466406e-01;4.2500000e+01;2.6224777e-01;4.2500000e+01;2.5891364e-01;4.2500000e+01;2.3286536e-01;4.2500000e+01;1.9819802e-01;4.2500000e+01;1.5799907e-01;4.2500000e+01;1.1471775e-01;4.2500000e+01;7.5406797e-02;4.2500000e+01;3.7877716e-02;4.2500000e+01;-4.2423978e-04;4.2500000e+01;9.3199220e-03;4.2500000e+01;2.4570860e-02;4.2500000e+01;4.4591684e-02;4.2500000e+01;6.8239838e-02;4.2500000e+01;9.2684492e-02;4.2500000e+01;1.2360279e-01;4.2500000e+01;1.6112600e-01;4.2500000e+01;2.0488822e-01;4.2500000e+01;2.4466406e-01;4.2500000e+01;2.6224777e-01;4.2500000e+01;2.5891364e-01;4.2500000e+01;2.3286536e-01;4.2500000e+01;1.9819802e-01;4.2500000e+01;1.5799907e-01;4.2500000e+01;1.1471775e-01;4.2500000e+01;7.5406797e-02;4.2500000e+01;3.7877716e-02;4.2500000e+01;-4.2423978e-04;4.2500000e+01;9.3199220e-03;4.2500000e+01;2.4570860e-02;4.2500000e+01;4.4591684e-02;4.2500000e+01;6.8239838e-02;4.2500000e+01;9.2684492e-02;4.2500000e+01;1.2360279e-01;4.2500000e+01;1.6112600e-01;4.2500000e+01;2.0488822e-01;4.2500000e+01;2.4466406e-01;4.2500000e+01;2.6224777e-01;4.2500000e+01;2.5891364e-01;4.2500000e+01;2.3286536e-01;4.2500000e+01;1.9819802e-01;4.2500000e+01;1.5799907e-01;4.2500000e+01;1.1471775e-01;4.2500000e+01;7.5406797e-02;4.2500000e+01;3.7877716e-02;4.2500000e+01;-4.2423978e-04;4.2500000e+01;9.3199220e-03;4.2500000e+01;2.4570860e-02;4.2500000e+01;4.4591684e-02;4.2500000e+01;6.8239838e-02;4.2500000e+01;9.2684492e-02;4.2500000e+01;1.2360279e-01;4.2500000e+01;1.6112600e-01;4.2500000e+01;2.0488822e-01;4.2500000e+01;2.4466406e-01;4.2500000e+01;2.6224777e-01;4.2500000e+01;2.5891364e-01;4.2500000e+01;2.3286536e-01;4.2500000e+01;1.9819802e-01;4.2500000e+01;1.5799907e-01;4.2500000e+01;1.1471775e-01;4.2500000e+01;7.5406797e-02;4.2500000e+01;3.7877716e-02;4.2500000e+01;-4.2423978e-04;4.2500000e+01;9.3199220e-03;4.2500000e+01;2.4570860e-02;4.2500000e+01;4.4591684e-02;4.2500000e+01;6.8239838e-02;4.2500000e+01;9.2684492e-02;4.2500000e+01;1.2360279e-01;4.2500000e+01;1.6112600e-01;4.2500000e+01;2.0488822e-01;4.2500000e+01;2.4466406e-01;4.2500000e+01;2.6224777e-01;4.2500000e+01;2.5891364e-01;4.2500000e+01;2.3286536e-01;4.2500000e+01;1.9819802e-01;4.2500000e+01;1.5799907e-01;4.2500000e+01;1.1471775e-01;4.2500000e+01;7.5406797e-02;4.2500000e+01;3.7877716e-02;4.2500000e+01;-4.2423978e-04;4.2500000e+01;9.3199220e-03;4.2500000e+01;2.4570860e-02;4.2500000e+01;4.4591684e-02;4.2500000e+01;6.8239838e-02;4.2500000e+01;9.2684492e-02;4.2500000e+01;1.2360279e-01;4.2500000e+01;1.6112600e-01;4.2500000e+01;2.0488822e-01;4.2500000e+01;2.4466406e-01;4.2500000e+01;2.6224777e-01;4.2500000e+01;2.5891364e-01;4.2500000e+01;2.3286536e-01;4.2500000e+01;1.9819802e-01;4.2500000e+01;1.5799907e-01;4.2500000e+01;1.1471775e-01;4.2500000e+01;7.5406797e-02;4.2500000e+01;3.7877716e-02;4.2500000e+01;-4.2423978e-04;4.2500000e+01;9.3199220e-03;4.2500000e+01;2.4570860e-02;4.2500000e+01;4.4591684e-02;4.2500000e+01;6.8239838e-02;4.2500000e+01;9.2684492e-02;4.2500000e+01;1.2360279e-01;4.2500000e+01;1.6112600e-01;4.2500000e+01;2.0488822e-01;4.2500000e+01;2.4466406e-01;4.2500000e+01;2.6224777e-01;4.2500000e+01;2.5891364e-01;4.2500000e+01;2.3286536e-01;4.2500000e+01;1.9819802e-01;4.2500000e+01;1.5799907e-01;4.2500000e+01;1.1471775e-01;4.2500000e+01;7.5406797e-02;4.2500000e+01;3.7877716e-02;4.2500000e+01;-4.2423978e-04;4.2500000e+01;9.3199220e-03;4.2500000e+01;2.4570860e-02;4.2500000e+01;4.4591684e-02;4.2500000e+01;6.8239838e-02;4.2500000e+01;9.2684492e-02;4.2500000e+01;1.2360279e-01;4.2500000e+01;1.6112600e-01;4.2500000e+01;2.0488822e-01;4.2500000e+01;2.4466406e-01;4.2500000e+01;2.6224777e-01;4.2500000e+01;2.5891364e-01;4.2500000e+01;2.3286536e-01;4.2500000e+01;1.9819802e-01;4.2500000e+01;1.5799907e-01;4.2500000e+01;1.1471775e-01;4.2500000e+01;7.5406797e-02;4.2500000e+01;3.7877716e-02;4.2500000e+01;-4.2423978e-04;4.2500000e+01;9.3199220e-03;4.2500000e+01;2.4570860e-02;4.2500000e+01;4.4591684e-02;4.2500000e+01;6.8239838e-02;4.2500000e+01;9.2684492e-02;4.2500000e+01;1.2360279e-01;4.2500000e+01;1.6112600e-01;4.2500000e+01;2.0488822e-01;4.2500000e+01;2.4466406e-01;4.2500000e+01;2.6224777e-01;4.2500000e+01;2.5891364e-01;4.2500000e+01;2.3286536e-01;4.2500000e+01;1.9819802e-01;4.2500000e+01;1.5799907e-01;4.2500000e+01;1.1471775e-01;4.2500000e+01;7.5406797e-02;4.2500000e+01;3.7877716e-02;4.2500000e+01;-4.2423978e-04;4.2500000e+01;9.3199220e-03;4.2500000e+01;2.4570860e-02;4.2500000e+01;4.4591684e-02;4.2500000e+01;6.8239838e-02;4.2500000e+01;9.2684492e-02;4.2500000e+01;1.2360279e-01;4.2500000e+01;1.6112600e-01;4.2500000e+01;2.0488822e-01;4.2500000e+01;2.4466406e-01;4.2500000e+01;2.6224777e-01;4.2500000e+01;2.5891364e-01;4.2500000e+01;2.3286536e-01;4.2500000e+01;1.9819802e-01;4.2500000e+01;1.5799907e-01;4.2500000e+01;1.1471775e-01;4.2500000e+01;7.5406797e-02;4.2500000e+01;3.7877716e-02;4.2500000e+01;-4.2423978e-04;4.2500000e+01;9.3199220e-03;4.2500000e+01;2.4570860e-02;4.2500000e+01;4.4591684e-02;4.2500000e+01;6.8239838e-02;4.2500000e+01;9.2684492e-02;4.2500000e+01;1.2360279e-01;4.2500000e+01;1.6112600e-01;4.2500000e+01;2.0488822e-01;4.2500000e+01;2.4466406e-01;4.2500000e+01;2.6224777e-01;4.2500000e+01;2.5891364e-01;4.2500000e+01;2.3286536e-01;4.2500000e+01;1.9819802e-01;4.2500000e+01;1.5799907e-01;4.2500000e+01;1.1471775e-01;4.2500000e+01;7.5406797e-02;4.2500000e+01;3.7877716e-02;4.2500000e+01;-4.2423978e-04;4.2500000e+01;9.3199220e-03;4.2500000e+01;2.4570860e-02;4.2500000e+01;4.4591684e-02;4.2500000e+01;6.8239838e-02;4.2500000e+01;9.2684492e-02;4.2500000e+01;1.2360279e-01;4.2500000e+01;1.6112600e-01;4.2500000e+01;2.0488822e-01;4.2500000e+01;2.4466406e-01;4.2500000e+01;2.6224777e-01;4.2500000e+01;2.5891364e-01;4.2500000e+01;2.3286536e-01;4.2500000e+01;1.9819802e-01;4.2500000e+01;1.5799907e-01;4.2500000e+01;1.1471775e-01;4.2500000e+01;7.5406797e-02;4.2500000e+01;3.7877716e-02;4.2500000e+01;-4.2423978e-04;4.2500000e+01;9.3199220e-03;4.2500000e+01;2.4570860e-02;4.2500000e+01;4.4591684e-02;4.2500000e+01;6.8239838e-02;4.2500000e+01;9.2684492e-02;4.2500000e+01;1.2360279e-01;4.2500000e+01;1.6112600e-01;4.2500000e+01;2.0488822e-01;4.2500000e+01;2.4466406e-01;4.2500000e+01;2.6224777e-01;4.2500000e+01;2.5891364e-01;4.2500000e+01;2.3286536e-01;4.2500000e+01;1.9819802e-01;4.2500000e+01;1.5799907e-01;4.2500000e+01;1.1471775e-01;4.2500000e+01;7.5406797e-02;4.2500000e+01;3.7877716e-02;4.2500000e+01;-4.2423978e-04;4.2500000e+01;9.3199220e-03;4.2500000e+01;2.4570860e-02;4.2500000e+01;4.4591684e-02;4.2500000e+01;6.8239838e-02;4.2500000e+01;9.2684492e-02;4.2500000e+01;1.2360279e-01;4.2500000e+01;1.6112600e-01;4.2500000e+01;2.0488822e-01;4.2500000e+01;2.4466406e-01;4.2500000e+01;2.6224777e-01;4.2500000e+01;2.5891364e-01;4.2500000e+01;2.3286536e-01;4.2500000e+01;1.9819802e-01;4.2500000e+01;1.5799907e-01;4.2500000e+01;1.1471775e-01;4.2500000e+01;7.5406797e-02;4.2500000e+01;3.7877716e-02;4.2500000e+01;-4.2423978e-04;4.2500000e+01;9.3199220e-03;4.2500000e+01;2.4570860e-02;4.2500000e+01;4.4591684e-02;4.2500000e+01;6.8239838e-02;4.2500000e+01;9.2684492e-02;4.2500000e+01;1.2360279e-01;4.2500000e+01;1.6112600e-01;4.2500000e+01;2.0488822e-01;4.2500000e+01;2.4466406e-01;4.2500000e+01;2.6224777e-01;4.2500000e+01;2.5891364e-01;4.2500000e+01;2.3286536e-01;4.2500000e+01;1.9819802e-01;4.2500000e+01;1.5799907e-01;4.2500000e+01;1.1471775e-01;4.2500000e+01;7.5406797e-02;4.2500000e+01;3.7877716e-02;4.2500000e+01;-4.2423978e-04;4.2500000e+01;9.3199220e-03;4.2500000e+01;2.4570860e-02;4.2500000e+01;4.4591684e-02;4.2500000e+01;6.8239838e-02;4.2500000e+01;9.2684492e-02;4.2500000e+01;1.2360279e-01;4.2500000e+01;1.6112600e-01;4.2500000e+01;2.0488822e-01;4.2500000e+01;2.4466406e-01;4.2500000e+01;2.6224777e-01;4.2500000e+01;2.5891364e-01;4.2500000e+01;2.3286536e-01;4.2500000e+01;1.9819802e-01;4.2500000e+01;1.5799907e-01;4.2500000e+01;1.1471775e-01;4.2500000e+01;7.5406797e-02;4.2500000e+01;3.7877716e-02;4.2500000e+01;-4.2423978e-04;4.2500000e+01;9.3199220e-03;4.2500000e+01;2.4570860e-02;4.2500000e+01;4.4591684e-02;4.2500000e+01;6.8239838e-02;4.2500000e+01;9.2684492e-02;4.2500000e+01;1.2360279e-01;4.2500000e+01;1.6112600e-01;4.2500000e+01;2.0488822e-01;4.2500000e+01;2.4466406e-01;4.2500000e+01;2.6224777e-01;4.2500000e+01;2.5891364e-01;4.2500000e+01;2.3286536e-01;4.2500000e+01;1.9819802e-01;4.2500000e+01;1.5799907e-01;4.2500000e+01;1.1471775e-01;4.2500000e+01;7.5406797e-02;4.2500000e+01;3.7877716e-02;4.2500000e+01;-4.2423978e-04;4.2500000e+01;9.3199220e-03;4.2500000e+01;2.4570860e-02;4.2500000e+01;4.4591684e-02;4.2500000e+01;6.8239838e-02;4.2500000e+01;9.2684492e-02;4.2500000e+01;1.2360279e-01;4.2500000e+01;1.6112600e-01;4.2500000e+01;2.0488822e-01;4.2500000e+01;2.4466406e-01;4.2500000e+01;2.6224777e-01;4.2500000e+01;2.5891364e-01;4.2500000e+01;2.3286536e-01;4.2500000e+01;1.9819802e-01;4.2500000e+01;1.5799907e-01;4.2500000e+01;1.1471775e-01;4.2500000e+01;7.5406797e-02;4.2500000e+01;3.7877716e-02;4.2500000e+01;-4.2423978e-04;4.2500000e+01;9.3199220e-03;4.2500000e+01;2.4570860e-02;4.2500000e+01;4.4591684e-02;4.2500000e+01;6.8239838e-02;4.2500000e+01;9.2684492e-02;4.2500000e+01;1.2360279e-01;4.2500000e+01;1.6112600e-01;4.2500000e+01;2.0488822e-01;4.2500000e+01;2.4466406e-01;4.2500000e+01;2.6224777e-01;4.2500000e+01;2.5891364e-01;4.2500000e+01;2.3286536e-01;4.2500000e+01;1.9819802e-01;4.2500000e+01;1.5799907e-01;4.2500000e+01;1.1471775e-01;4.2500000e+01;7.5406797e-02;4.2500000e+01;3.7877716e-02;4.2500000e+01;-4.2423978e-04;4.2500000e+01;9.3199220e-03;4.2500000e+01;2.4570860e-02;4.2500000e+01;4.4591684e-02;4.2500000e+01;6.8239838e-02;4.2500000e+01;9.2684492e-02;4.2500000e+01;1.2360279e-01;4.2500000e+01;1.6112600e-01;4.2500000e+01;2.0488822e-01;4.2500000e+01;2.4466406e-01;4.2500000e+01;2.6224777e-01;4.2500000e+01;2.5891364e-01;4.2500000e+01;2.3286536e-01;4.2500000e+01;1.9819802e-01;4.2500000e+01;1.5799907e-01;4.2500000e+01;1.1471775e-01;4.2500000e+01;7.5406797e-02;4.2500000e+01;3.7877716e-02;4.2500000e+01;-4.2423978e-04;4.2500000e+01;9.3199220e-03;4.2500000e+01;2.4570860e-02;4.2500000e+01;4.4591684e-02;4.2500000e+01;6.8239838e-02;4.2500000e+01;9.2684492e-02;4.2500000e+01;1.2360279e-01;4.2500000e+01;1.6112600e-01;4.2500000e+01;2.0488822e-01;4.2500000e+01;2.4466406e-01;4.2500000e+01;2.6224777e-01;4.2500000e+01;2.5891364e-01;4.2500000e+01;2.3286536e-01;4.2500000e+01;1.9819802e-01;4.2500000e+01;1.5799907e-01;4.2500000e+01;1.1471775e-01;4.2500000e+01;7.5406797e-02;4.2500000e+01;3.7877716e-02;4.2500000e+01;-4.2423978e-04;4.2500000e+01;9.3199220e-03;4.2500000e+01;2.4570860e-02;4.2500000e+01;4.4591684e-02;4.2500000e+01;6.8239838e-02;4.2500000e+01;9.2684492e-02;4.2500000e+01;1.2360279e-01;4.2500000e+01;1.6112600e-01;4.2500000e+01;2.0488822e-01;4.2500000e+01;2.4466406e-01;4.2500000e+01;2.6224777e-01;4.2500000e+01;2.5891364e-01;4.2500000e+01;2.3286536e-01;4.2500000e+01;1.9819802e-01;4.2500000e+01;1.5799907e-01;4.2500000e+01;1.1471775e-01;4.2500000e+01;7.5406797e-02;4.2500000e+01;3.7877716e-02;4.2500000e+01;-4.2423978e-04;4.2500000e+01;9.3199220e-03;4.2500000e+01;2.4570860e-02;4.2500000e+01;4.4591684e-02;4.2500000e+01;6.8239838e-02;4.2500000e+01;9.2684492e-02;4.2500000e+01;1.2360279e-01;4.2500000e+01;1.6112600e-01;4.2500000e+01;2.0488822e-01;4.2500000e+01;2.4466406e-01;4.2500000e+01;2.6224777e-01;4.2500000e+01;2.5891364e-01;4.2500000e+01;2.3286536e-01;4.2500000e+01;1.9819802e-01;4.2500000e+01;1.5799907e-01;4.2500000e+01;1.1471775e-01;4.2500000e+01;7.5406797e-02;4.2500000e+01;3.7877716e-02;4.2500000e+01;-4.2423978e-04;4.2500000e+01;9.3199220e-03;4.2500000e+01;2.4570860e-02;4.2500000e+01;4.4591684e-02;4.2500000e+01;6.8239838e-02;4.2500000e+01;9.2684492e-02;4.2500000e+01;1.2360279e-01;4.2500000e+01;1.6112600e-01;4.2500000e+01;2.0488822e-01;4.2500000e+01;2.4466406e-01;4.2500000e+01;2.6224777e-01;4.2500000e+01;2.5891364e-01;4.2500000e+01;2.3286536e-01;4.2500000e+01;1.9819802e-01;4.2500000e+01;1.5799907e-01;4.2500000e+01;1.1471775e-01;4.2500000e+01;7.5406797e-02;4.2500000e+01;3.7877716e-02;4.2500000e+01;-4.2423978e-04;4.2500000e+01;9.3199220e-03;4.2500000e+01;2.4570860e-02;4.2500000e+01;4.4591684e-02;4.2500000e+01;6.8239838e-02;4.2500000e+01;9.2684492e-02;4.2500000e+01;1.2360279e-01;4.2500000e+01;1.6112600e-01;4.2500000e+01;2.0488822e-01;4.2500000e+01;2.4466406e-01;4.2500000e+01;2.6224777e-01;4.2500000e+01;2.5891364e-01;4.2500000e+01;2.3286536e-01;4.2500000e+01;1.9819802e-01;4.2500000e+01;1.5799907e-01;4.2500000e+01;1.1471775e-01;4.2500000e+01;7.5406797e-02;4.2500000e+01;3.7877716e-02;4.2500000e+01;-4.2423978e-04;4.2500000e+01;9.3199220e-03;4.2500000e+01;2.4570860e-02;4.2500000e+01;4.4591684e-02;4.2500000e+01;6.8239838e-02;4.2500000e+01;9.2684492e-02;4.2500000e+01;1.2360279e-01;4.2500000e+01;1.6112600e-01;4.2500000e+01;2.0488822e-01;4.2500000e+01;2.4466406e-01;4.2500000e+01;2.6224777e-01;4.2500000e+01;2.5891364e-01;4.2500000e+01;2.3286536e-01;4.2500000e+01;1.9819802e-01;4.2500000e+01;1.5799907e-01;4.2500000e+01;1.1471775e-01;4.2500000e+01;7.5406797e-02;4.2500000e+01;3.7877716e-02;4.2500000e+01;-4.2423978e-04;4.2500000e+01;9.3199220e-03;4.2500000e+01;2.4570860e-02;4.2500000e+01;4.4591684e-02;4.2500000e+01;6.8239838e-02;4.2500000e+01;9.2684492e-02;4.2500000e+01;1.2360279e-01;4.2500000e+01;1.6112600e-01;4.2500000e+01;2.0488822e-01;4.2500000e+01;2.4466406e-01;4.2500000e+01;2.6224777e-01;4.2500000e+01;2.5891364e-01;4.2500000e+01;2.3286536e-01;4.2500000e+01;1.9819802e-01;4.2500000e+01;1.5799907e-01;4.2500000e+01;1.1471775e-01;4.2500000e+01;7.5406797e-02;4.2500000e+01;3.7877716e-02;4.2500000e+01;-4.2423978e-04;4.2500000e+01;9.3199220e-03;4.2500000e+01;2.4570860e-02;4.2500000e+01;4.4591684e-02;4.2500000e+01;6.8239838e-02;4.2500000e+01;9.2684492e-02;4.2500000e+01;1.2360279e-01;4.2500000e+01;1.6112600e-01;4.2500000e+01;2.0488822e-01;4.2500000e+01;2.4466406e-01;4.2500000e+01;2.6224777e-01;4.2500000e+01;2.5891364e-01;4.2500000e+01;2.3286536e-01;4.2500000e+01;1.9819802e-01;4.2500000e+01;1.5799907e-01;4.2500000e+01;1.1471775e-01;4.2500000e+01;7.5406797e-02;4.2500000e+01;3.7877716e-02;4.2500000e+01;-4.2423978e-04;4.2500000e+01;9.3199220e-03;4.2500000e+01;2.4570860e-02;4.2500000e+01;4.4591684e-02;4.2500000e+01;6.8239838e-02;4.2500000e+01;9.2684492e-02;4.2500000e+01;1.2360279e-01;4.2500000e+01;1.6112600e-01;4.2500000e+01;2.0488822e-01;4.2500000e+01;2.4466406e-01;4.2500000e+01;2.6224777e-01;4.2500000e+01;2.5891364e-01;4.2500000e+01;2.3286536e-01;4.2500000e+01;1.9819802e-01;4.2500000e+01;1.5799907e-01;4.2500000e+01;1.1471775e-01;4.2500000e+01;7.5406797e-02;4.2500000e+01;3.7877716e-02;4.2500000e+01;-4.2423978e-04;4.2500000e+01;9.3199220e-03;4.2500000e+01;2.4570860e-02;4.2500000e+01;4.4591684e-02;4.2500000e+01;6.8239838e-02;4.2500000e+01;9.2684492e-02;4.2500000e+01;1.2360279e-01;4.2500000e+01;1.6112600e-01;4.2500000e+01;2.0488822e-01;4.2500000e+01;2.4466406e-01;4.2500000e+01;2.6224777e-01;4.2500000e+01;2.5891364e-01;4.2500000e+01;2.3286536e-01;4.2500000e+01;1.9819802e-01;4.2500000e+01;1.5799907e-01;4.2500000e+01;1.1471775e-01;4.2500000e+01;7.5406797e-02;4.2500000e+01;3.7877716e-02;4.2500000e+01;-4.2423978e-04;4.2500000e+01;9.3199220e-03;4.2500000e+01;2.4570860e-02;4.2500000e+01;4.4591684e-02;4.2500000e+01;6.8239838e-02;4.2500000e+01;9.2684492e-02;4.2500000e+01;1.2360279e-01;4.2500000e+01;1.6112600e-01;4.2500000e+01;2.0488822e-01;4.2500000e+01;2.4466406e-01;4.2500000e+01;2.6224777e-01;4.2500000e+01;2.5891364e-01;4.2500000e+01;2.3286536e-01;4.2500000e+01;1.9819802e-01;4.2500000e+01;1.5799907e-01;4.2500000e+01;1.1471775e-01;4.2500000e+01;7.5406797e-02;4.2500000e+01;3.7877716e-02;4.2500000e+01;-4.2423978e-04;4.2500000e+01;9.3199220e-03;4.2500000e+01;2.4570860e-02;4.2500000e+01;4.4591684e-02;4.2500000e+01;6.8239838e-02;4.2500000e+01;9.2684492e-02;4.2500000e+01;1.2360279e-01;4.2500000e+01;1.6112600e-01;4.2500000e+01;2.0488822e-01;4.2500000e+01;2.4466406e-01;4.2500000e+01;2.6224777e-01;4.2500000e+01;2.5891364e-01;4.2500000e+01;2.3286536e-01;4.2500000e+01;1.9819802e-01;4.2500000e+01;1.5799907e-01;4.2500000e+01;1.1471775e-01;4.2500000e+01;7.5406797e-02;4.2500000e+01;3.7877716e-02;4.2500000e+01;-4.2423978e-04;4.2500000e+01;9.3199220e-03;4.2500000e+01;2.4570860e-02;4.2500000e+01;4.4591684e-02;4.2500000e+01;6.8239838e-02;4.2500000e+01;9.2684492e-02;4.2500000e+01;1.2360279e-01;4.2500000e+01;1.6112600e-01;4.2500000e+01;2.0488822e-01;4.2500000e+01;2.4466406e-01;4.2500000e+01;2.6224777e-01;4.2500000e+01;2.5891364e-01;4.2500000e+01;2.3286536e-01;4.2500000e+01;1.9819802e-01;4.2500000e+01;1.5799907e-01;4.2500000e+01;1.1471775e-01;4.2500000e+01;7.5406797e-02;4.2500000e+01;3.7877716e-02;4.2500000e+01;-4.2423978e-04;4.2500000e+01;9.3199220e-03;4.2500000e+01;2.4570860e-02;4.2500000e+01;4.4591684e-02;4.2500000e+01;6.8239838e-02;4.2500000e+01;9.2684492e-02;4.2500000e+01;1.2360279e-01;4.2500000e+01;1.6112600e-01;4.2500000e+01;2.0488822e-01;4.2500000e+01;2.4466406e-01;4.2500000e+01;2.6224777e-01;4.2500000e+01;2.5891364e-01;4.2500000e+01;2.3286536e-01;4.2500000e+01;1.9819802e-01;4.2500000e+01;1.5799907e-01;4.2500000e+01;1.1471775e-01;4.2500000e+01;7.5406797e-02;4.2500000e+01;3.7877716e-02;4.2500000e+01;-4.2423978e-04;4.2500000e+01;9.3199220e-03;4.2500000e+01;2.4570860e-02;4.2500000e+01;4.4591684e-02;4.2500000e+01;6.8239838e-02;4.2500000e+01;9.2684492e-02;4.2500000e+01;1.2360279e-01;4.2500000e+01;1.6112600e-01;4.2500000e+01;2.0488822e-01;4.2500000e+01;2.4466406e-01;4.2500000e+01;2.6224777e-01;4.2500000e+01;2.5891364e-01;4.2500000e+01;2.3286536e-01;4.2500000e+01;1.9819802e-01;4.2500000e+01;1.5799907e-01;4.2500000e+01;1.1471775e-01;4.2500000e+01;7.5406797e-02;4.2500000e+01;3.7877716e-02;4.2500000e+01;-4.2423978e-04;4.2500000e+01;9.3199220e-03;4.2500000e+01;2.4570860e-02;4.2500000e+01;4.4591684e-02;4.2500000e+01;6.8239838e-02;4.2500000e+01;9.2684492e-02;4.2500000e+01;1.2360279e-01;4.2500000e+01;1.6112600e-01;4.2500000e+01;2.0488822e-01;4.2500000e+01;2.4466406e-01;4.2500000e+01;2.6224777e-01;4.2500000e+01;2.5891364e-01;4.2500000e+01;2.3286536e-01;4.2500000e+01;1.9819802e-01;4.2500000e+01;1.5799907e-01;4.2500000e+01;1.1471775e-01;4.2500000e+01;7.5406797e-02;4.2500000e+01;3.7877716e-02;4.2500000e+01;-4.2423978e-04;4.2500000e+01;9.3199220e-03;4.2500000e+01;2.4570860e-02;4.2500000e+01;4.4591684e-02;4.2500000e+01;6.8239838e-02;4.2500000e+01;9.2684492e-02;4.2500000e+01;1.2360279e-01;4.2500000e+01;1.6112600e-01;4.2500000e+01;2.0488822e-01;4.2500000e+01;2.4466406e-01;4.2500000e+01;2.6224777e-01;4.2500000e+01;2.5891364e-01;4.2500000e+01;2.3286536e-01;4.2500000e+01;1.9819802e-01;4.2500000e+01;1.5799907e-01;4.2500000e+01;1.1471775e-01;4.2500000e+01;7.5406797e-02;4.2500000e+01;3.7877716e-02;4.2500000e+01;-4.2423978e-04;4.2500000e+01;9.3199220e-03;4.2500000e+01;2.4570860e-02;4.2500000e+01;4.4591684e-02;4.2500000e+01;6.8239838e-02;4.2500000e+01;9.2684492e-02;4.2500000e+01;1.2360279e-01;4.2500000e+01;1.6112600e-01;4.2500000e+01;2.0488822e-01;4.2500000e+01;2.4466406e-01;4.2500000e+01;2.6224777e-01;4.2500000e+01;2.5891364e-01;4.2500000e+01;2.3286536e-01;4.2500000e+01;1.9819802e-01;4.2500000e+01;1.5799907e-01;4.2500000e+01;1.1471775e-01;4.2500000e+01;7.5406797e-02;4.2500000e+01;3.7877716e-02;4.2500000e+01;-4.2423978e-04;4.2500000e+01;9.3199220e-03;4.2500000e+01;2.4570860e-02;4.2500000e+01;4.4591684e-02;4.2500000e+01;6.8239838e-02;4.2500000e+01;9.2684492e-02;4.2500000e+01;1.2360279e-01;4.2500000e+01;1.6112600e-01;4.2500000e+01;2.0488822e-01;4.2500000e+01;2.4466406e-01;4.2500000e+01;2.6224777e-01;4.2500000e+01;2.5891364e-01;4.2500000e+01;2.3286536e-01;4.2500000e+01;1.9819802e-01;4.2500000e+01;1.5799907e-01;4.2500000e+01;1.1471775e-01;4.2500000e+01;7.5406797e-02;4.2500000e+01;3.7877716e-02;4.2500000e+01;-4.2423978e-04;4.2500000e+01;9.3199220e-03;4.2500000e+01;2.4570860e-02;4.2500000e+01;4.4591684e-02;4.2500000e+01;6.8239838e-02;4.2500000e+01;9.2684492e-02;4.2500000e+01;1.2360279e-01;4.2500000e+01;1.6112600e-01;4.2500000e+01;2.0488822e-01;4.2500000e+01;2.4466406e-01;4.2500000e+01;2.6224777e-01;4.2500000e+01;2.5891364e-01;4.2500000e+01;2.3286536e-01;4.2500000e+01;1.9819802e-01;4.2500000e+01;1.5799907e-01;4.2500000e+01;1.1471775e-01;4.2500000e+01;7.5406797e-02;4.2500000e+01;3.7877716e-02;4.2500000e+01;-4.2423978e-04;4.2500000e+01;9.3199220e-03;4.2500000e+01;2.4570860e-02;4.2500000e+01;4.4591684e-02;4.2500000e+01;6.8239838e-02;4.2500000e+01;9.2684492e-02;4.2500000e+01;1.2360279e-01;4.2500000e+01;1.6112600e-01;4.2500000e+01;2.0488822e-01;4.2500000e+01;2.4466406e-01;4.2500000e+01;2.6224777e-01;4.2500000e+01;2.5891364e-01;4.2500000e+01;2.3286536e-01;4.2500000e+01;1.9819802e-01;4.2500000e+01;1.5799907e-01;4.2500000e+01;1.1471775e-01;4.2500000e+01;7.5406797e-02;4.2500000e+01;3.7877716e-02;4.2500000e+01;-4.2423978e-04;4.2500000e+01;9.3199220e-03;4.2500000e+01;2.4570860e-02;4.2500000e+01;4.4591684e-02;4.2500000e+01;6.8239838e-02;4.2500000e+01;9.2684492e-02;4.2500000e+01;1.2360279e-01;4.2500000e+01;1.6112600e-01;4.2500000e+01;2.0488822e-01;4.2500000e+01;2.4466406e-01;4.2500000e+01;2.6224777e-01;4.2500000e+01;2.5891364e-01;4.2500000e+01;2.3286536e-01;4.2500000e+01;1.9819802e-01;4.2500000e+01;1.5799907e-01;4.2500000e+01;1.1471775e-01;4.2500000e+01;7.5406797e-02;4.2500000e+01;3.7877716e-02;4.2500000e+01;-4.2423978e-04;4.2500000e+01;9.3199220e-03;4.2500000e+01;2.4570860e-02;4.2500000e+01;4.4591684e-02;4.2500000e+01;6.8239838e-02;4.2500000e+01;9.2684492e-02;4.2500000e+01;1.2360279e-01;4.2500000e+01;1.6112600e-01;4.2500000e+01;2.0488822e-01;4.2500000e+01;2.4466406e-01;4.2500000e+01;2.6224777e-01;4.2500000e+01;2.5891364e-01;4.2500000e+01;2.3286536e-01;4.2500000e+01;1.9819802e-01;4.2500000e+01;1.5799907e-01;4.2500000e+01;1.1471775e-01;4.2500000e+01;7.5406797e-02;4.2500000e+01;3.7877716e-02;4.2500000e+01;-4.2423978e-04;4.2500000e+01;9.3199220e-03;4.2500000e+01;2.4570860e-02;4.2500000e+01;4.4591684e-02;4.2500000e+01;6.8239838e-02;4.2500000e+01;9.2684492e-02;4.2500000e+01;1.2360279e-01;4.2500000e+01;1.6112600e-01;4.2500000e+01;2.0488822e-01;4.2500000e+01;2.4466406e-01;4.2500000e+01;2.6224777e-01;4.2500000e+01;2.5891364e-01;4.2500000e+01;2.3286536e-01;4.2500000e+01;1.9819802e-01;4.2500000e+01;1.5799907e-01;4.2500000e+01;1.1471775e-01;4.2500000e+01;7.5406797e-02;4.2500000e+01;3.7877716e-02;4.2500000e+01;-4.2423978e-04;4.2500000e+01;9.3199220e-03;4.2500000e+01;2.4570860e-02;4.2500000e+01;4.4591684e-02;4.2500000e+01;6.8239838e-02;4.2500000e+01;9.2684492e-02;4.2500000e+01;1.2360279e-01;4.2500000e+01;1.6112600e-01;4.2500000e+01;2.0488822e-01;4.2500000e+01;2.4466406e-01;4.2500000e+01;2.6224777e-01;4.2500000e+01;2.5891364e-01;4.2500000e+01;2.3286536e-01;4.2500000e+01;1.9819802e-01;4.2500000e+01;1.5799907e-01;4.2500000e+01;1.1471775e-01;4.2500000e+01;7.5406797e-02;4.2500000e+01;3.7877716e-02;4.2500000e+01;-4.2423978e-04;4.2500000e+01;9.3199220e-03;4.2500000e+01;2.4570860e-02;4.2500000e+01;4.4591684e-02;4.2500000e+01;6.8239838e-02;4.2500000e+01;9.2684492e-02;4.2500000e+01;1.2360279e-01;4.2500000e+01;1.6112600e-01;4.2500000e+01;2.0488822e-01;4.2500000e+01;2.4466406e-01;4.2500000e+01;2.6224777e-01;4.2500000e+01;2.5891364e-01;4.2500000e+01;2.3286536e-01;4.2500000e+01;1.9819802e-01;4.2500000e+01;1.5799907e-01;4.2500000e+01;1.1471775e-01;4.2500000e+01;7.5406797e-02;4.2500000e+01;3.7877716e-02;4.2500000e+01;-4.2423978e-04;4.2500000e+01;9.3199220e-03;4.2500000e+01;2.4570860e-02;4.2500000e+01;4.4591684e-02;4.2500000e+01;6.8239838e-02;4.2500000e+01;9.2684492e-02;4.2500000e+01;1.2360279e-01;4.2500000e+01;1.6112600e-01;4.2500000e+01;2.0488822e-01;4.2500000e+01;2.4466406e-01;4.2500000e+01;2.6224777e-01;4.2500000e+01;2.5891364e-01;4.2500000e+01;2.3286536e-01;4.2500000e+01;1.9819802e-01;4.2500000e+01;1.5799907e-01;4.2500000e+01;1.1471775e-01;4.2500000e+01;7.5406797e-02;4.2500000e+01;3.7877716e-02;4.2500000e+01;-4.2423978e-04;4.2500000e+01;9.3199220e-03;4.2500000e+01;2.4570860e-02;4.2500000e+01;4.4591684e-02;4.2500000e+01;6.8239838e-02;4.2500000e+01;9.2684492e-02;4.2500000e+01;1.2360279e-01;4.2500000e+01;1.6112600e-01;4.2500000e+01;2.0488822e-01;4.2500000e+01;2.4466406e-01;4.2500000e+01;2.6224777e-01;4.2500000e+01;2.5891364e-01;4.2500000e+01;2.3286536e-01;4.2500000e+01;1.9819802e-01;4.2500000e+01;1.5799907e-01;4.2500000e+01;1.1471775e-01;4.2500000e+01;7.5406797e-02;4.2500000e+01;3.7877716e-02;4.2500000e+01;-4.2423978e-04;4.2500000e+01;9.3199220e-03;4.2500000e+01;2.4570860e-02;4.2500000e+01;4.4591684e-02;4.2500000e+01;6.8239838e-02;4.2500000e+01;9.2684492e-02;4.2500000e+01;1.2360279e-01;4.2500000e+01;1.6112600e-01;4.2500000e+01;2.0488822e-01;4.2500000e+01;2.4466406e-01;4.2500000e+01;2.6224777e-01;4.2500000e+01;2.5891364e-01;4.2500000e+01;2.3286536e-01;4.2500000e+01;1.9819802e-01;4.2500000e+01;1.5799907e-01;4.2500000e+01;1.1471775e-01;4.2500000e+01;7.5406797e-02;4.2500000e+01;3.7877716e-02;4.2500000e+01;-4.2423978e-04;4.2500000e+01;9.3199220e-03;4.2500000e+01;2.4570860e-02;4.2500000e+01;4.4591684e-02;4.2500000e+01;6.8239838e-02;4.2500000e+01;9.2684492e-02;4.2500000e+01;1.2360279e-01;4.2500000e+01;1.6112600e-01;4.2500000e+01;2.0488822e-01;4.2500000e+01;2.4466406e-01;4.2500000e+01;2.6224777e-01;4.2500000e+01;2.5891364e-01;4.2500000e+01;2.3286536e-01;4.2500000e+01;1.9819802e-01;4.2500000e+01;1.5799907e-01;4.2500000e+01;1.1471775e-01;4.2500000e+01;7.5406797e-02;4.2500000e+01;3.7877716e-02;4.2500000e+01;-4.2423978e-04;4.2500000e+01;9.3199220e-03;4.2500000e+01;2.4570860e-02;4.2500000e+01;4.4591684e-02;4.2500000e+01;6.8239838e-02;4.2500000e+01;9.2684492e-02;4.2500000e+01;1.2360279e-01;4.2500000e+01;1.6112600e-01;4.2500000e+01;2.0488822e-01;4.2500000e+01;2.4466406e-01;4.2500000e+01;2.6224777e-01;4.2500000e+01;2.5891364e-01;4.2500000e+01;2.3286536e-01;4.2500000e+01;1.9819802e-01;4.2500000e+01;1.5799907e-01;4.2500000e+01;1.1471775e-01;4.2500000e+01;7.5406797e-02;4.2500000e+01;3.7877716e-02;4.2500000e+01;-4.2423978e-04;4.2500000e+01;9.3199220e-03;4.2500000e+01;2.4570860e-02;4.2500000e+01;4.4591684e-02;4.2500000e+01;6.8239838e-02;4.2500000e+01;9.2684492e-02;4.2500000e+01;1.2360279e-01;4.2500000e+01;1.6112600e-01;4.2500000e+01;2.0488822e-01;4.2500000e+01;2.4466406e-01;4.2500000e+01;2.6224777e-01;4.2500000e+01;2.5891364e-01;4.2500000e+01;2.3286536e-01;4.2500000e+01;1.9819802e-01;4.2500000e+01;1.5799907e-01;4.2500000e+01;1.1471775e-01;4.2500000e+01;7.5406797e-02;4.2500000e+01;3.7877716e-02;4.2500000e+01;-4.2423978e-04;4.2500000e+01;9.3199220e-03;4.2500000e+01;2.4570860e-02;4.2500000e+01;4.4591684e-02;4.2500000e+01;6.8239838e-02;4.2500000e+01;9.2684492e-02;4.2500000e+01;1.2360279e-01;4.2500000e+01;1.6112600e-01;4.2500000e+01;2.0488822e-01;4.2500000e+01;2.4466406e-01;4.2500000e+01;2.6224777e-01;4.2500000e+01;2.5891364e-01;4.2500000e+01;2.3286536e-01;4.2500000e+01;1.9819802e-01;4.2500000e+01;1.5799907e-01;4.2500000e+01;1.1471775e-01;4.2500000e+01;7.5406797e-02;4.2500000e+01;3.7877716e-02;4.2500000e+01;-4.2423978e-04;4.2500000e+01;9.3199220e-03;4.2500000e+01;2.4570860e-02;4.2500000e+01;4.4591684e-02;4.2500000e+01;6.8239838e-02;4.2500000e+01;9.2684492e-02;4.2500000e+01;1.2360279e-01;4.2500000e+01;1.6112600e-01;4.2500000e+01;2.0488822e-01;4.2500000e+01;2.4466406e-01;4.2500000e+01;2.6224777e-01;4.2500000e+01;2.5891364e-01;4.2500000e+01;2.3286536e-01;4.2500000e+01;1.9819802e-01;4.2500000e+01;1.5799907e-01;4.2500000e+01;1.1471775e-01;4.2500000e+01;7.5406797e-02;4.2500000e+01;3.7877716e-02;4.2500000e+01;-4.2423978e-04;4.2500000e+01;9.3199220e-03;4.2500000e+01;2.4570860e-02;4.2500000e+01;4.4591684e-02;4.2500000e+01;6.8239838e-02;4.2500000e+01;9.2684492e-02;4.2500000e+01;1.2360279e-01;4.2500000e+01;1.6112600e-01;4.2500000e+01;2.0488822e-01;4.2500000e+01;2.4466406e-01;4.2500000e+01;2.6224777e-01;4.2500000e+01;2.5891364e-01;4.2500000e+01;2.3286536e-01;4.2500000e+01;1.9819802e-01;4.2500000e+01;1.5799907e-01;4.2500000e+01;1.1471775e-01;4.2500000e+01;7.5406797e-02;4.2500000e+01;3.7877716e-02;4.2500000e+01;-4.2423978e-04;4.2500000e+01;9.3199220e-03;4.2500000e+01;2.4570860e-02;4.2500000e+01;4.4591684e-02;4.2500000e+01;6.8239838e-02;4.2500000e+01;9.2684492e-02;4.2500000e+01;1.2360279e-01;4.2500000e+01;1.6112600e-01;4.2500000e+01;2.0488822e-01;4.2500000e+01;2.4466406e-01;4.2500000e+01;2.6224777e-01;4.2500000e+01;2.5891364e-01;4.2500000e+01;2.3286536e-01;4.2500000e+01;1.9819802e-01;4.2500000e+01;1.5799907e-01;4.2500000e+01;1.1471775e-01;4.2500000e+01;7.5406797e-02;4.2500000e+01;3.7877716e-02;4.2500000e+01;-4.2423978e-04;4.2500000e+01;9.3199220e-03;4.2500000e+01;2.4570860e-02;4.2500000e+01;4.4591684e-02;4.2500000e+01;6.8239838e-02;4.2500000e+01;9.2684492e-02;4.2500000e+01;1.2360279e-01;4.2500000e+01;1.6112600e-01;4.2500000e+01;2.0488822e-01;4.2500000e+01;2.4466406e-01;4.2500000e+01;2.6224777e-01;4.2500000e+01;2.5891364e-01;4.2500000e+01;2.3286536e-01;4.2500000e+01;1.9819802e-01;4.2500000e+01;1.5799907e-01;4.2500000e+01;1.1471775e-01;4.2500000e+01;7.5406797e-02;4.2500000e+01;3.7877716e-02;4.2500000e+01;-4.2423978e-04;4.2500000e+01;9.3199220e-03;4.2500000e+01;2.4570860e-02;4.2500000e+01;4.4591684e-02;4.2500000e+01;6.8239838e-02;4.2500000e+01;9.2684492e-02;4.2500000e+01;1.2360279e-01;4.2500000e+01;1.6112600e-01;4.2500000e+01;2.0488822e-01;4.2500000e+01;2.4466406e-01;4.2500000e+01;2.6224777e-01;4.2500000e+01;2.5891364e-01;4.2500000e+01;2.3286536e-01;4.2500000e+01;1.9819802e-01;4.2500000e+01;1.5799907e-01;4.2500000e+01;1.1471775e-01;4.2500000e+01;7.5406797e-02;4.2500000e+01;3.7877716e-02;4.2500000e+01;-4.2423978e-04;4.2500000e+01;9.3199220e-03;4.2500000e+01;2.4570860e-02;4.2500000e+01;4.4591684e-02;4.2500000e+01;6.8239838e-02;4.2500000e+01;9.2684492e-02;4.2500000e+01;1.2360279e-01;4.2500000e+01;1.6112600e-01;4.2500000e+01;2.0488822e-01;4.2500000e+01;2.4466406e-01;4.2500000e+01;2.6224777e-01;4.2500000e+01;2.5891364e-01;4.2500000e+01;2.3286536e-01;4.2500000e+01;1.9819802e-01;4.2500000e+01;1.5799907e-01;4.2500000e+01;1.1471775e-01;4.2500000e+01;7.5406797e-02;4.2500000e+01;3.7877716e-02;4.2500000e+01;-4.2423978e-04;4.2500000e+01;9.3199220e-03;4.2500000e+01;2.4570860e-02;4.2500000e+01;4.4591684e-02;4.2500000e+01;6.8239838e-02;4.2500000e+01;9.2684492e-02;4.2500000e+01;1.2360279e-01;4.2500000e+01;1.6112600e-01;4.2500000e+01;2.0488822e-01;4.2500000e+01;2.4466406e-01;4.2500000e+01;2.6224777e-01;4.2500000e+01;2.5891364e-01;4.2500000e+01;2.3286536e-01;4.2500000e+01;1.9819802e-01;4.2500000e+01;1.5799907e-01;4.2500000e+01;1.1471775e-01;4.2500000e+01;7.5406797e-02;4.2500000e+01;3.7877716e-02;4.2500000e+01;-4.2423978e-04;4.2500000e+01;9.3199220e-03;4.2500000e+01;2.4570860e-02;4.2500000e+01;4.4591684e-02;4.2500000e+01;6.8239838e-02;4.2500000e+01;9.2684492e-02;4.2500000e+01;1.2360279e-01;4.2500000e+01;1.6112600e-01;4.2500000e+01;2.0488822e-01;4.2500000e+01;2.4466406e-01;4.2500000e+01;2.6224777e-01;4.2500000e+01;2.5891364e-01;4.2500000e+01;2.3286536e-01;4.2500000e+01;1.9819802e-01;4.2500000e+01;1.5799907e-01;4.2500000e+01;1.1471775e-01;4.2500000e+01;7.5406797e-02;4.2500000e+01;3.7877716e-02;4.2500000e+01;-4.2423978e-04;4.2500000e+01;9.3199220e-03;4.2500000e+01;2.4570860e-02;4.2500000e+01;4.4591684e-02;4.2500000e+01;6.8239838e-02;4.2500000e+01;9.2684492e-02;4.2500000e+01;1.2360279e-01;4.2500000e+01;1.6112600e-01;4.2500000e+01;2.0488822e-01;4.2500000e+01;2.4466406e-01;4.2500000e+01;2.6224777e-01;4.2500000e+01;2.5891364e-01;4.2500000e+01;2.3286536e-01;4.2500000e+01;1.9819802e-01;4.2500000e+01;1.5799907e-01;4.2500000e+01;1.1471775e-01;4.2500000e+01;7.5406797e-02;4.2500000e+01;3.7877716e-02;4.2500000e+01;-4.2423978e-04;4.2500000e+01;9.3199220e-03;4.2500000e+01;2.4570860e-02;4.2500000e+01;4.4591684e-02;4.2500000e+01;6.8239838e-02;4.2500000e+01;9.2684492e-02;4.2500000e+01;1.2360279e-01;4.2500000e+01;1.6112600e-01;4.2500000e+01;2.0488822e-01;4.2500000e+01;2.4466406e-01;4.2500000e+01;2.6224777e-01;4.2500000e+01;2.5891364e-01;4.2500000e+01;2.3286536e-01;4.2500000e+01;1.9819802e-01;4.2500000e+01;1.5799907e-01;4.2500000e+01;1.1471775e-01;4.2500000e+01;7.5406797e-02;4.2500000e+01;3.7877716e-02;4.2500000e+01;-4.2423978e-04;4.2500000e+01;9.3199220e-03;4.2500000e+01;2.4570860e-02;4.2500000e+01;4.4591684e-02;4.2500000e+01;6.8239838e-02;4.2500000e+01;9.2684492e-02;4.2500000e+01;1.2360279e-01;4.2500000e+01;1.6112600e-01;4.2500000e+01;2.0488822e-01;4.2500000e+01;2.4466406e-01;4.2500000e+01;2.6224777e-01;4.2500000e+01;2.5891364e-01;4.2500000e+01;2.3286536e-01;4.2500000e+01;1.9819802e-01;4.2500000e+01;1.5799907e-01;4.2500000e+01;1.1471775e-01;4.2500000e+01;7.5406797e-02;4.2500000e+01;3.7877716e-02;4.2500000e+01;-4.2423978e-04;4.2500000e+01;9.3199220e-03;4.2500000e+01;2.4570860e-02;4.2500000e+01;4.4591684e-02;4.2500000e+01;6.8239838e-02;4.2500000e+01;9.2684492e-02;4.2500000e+01;1.2360279e-01;4.2500000e+01;1.6112600e-01;4.2500000e+01;2.0488822e-01;4.2500000e+01;2.4466406e-01;4.2500000e+01;2.6224777e-01;4.2500000e+01;2.5891364e-01;4.2500000e+01;2.3286536e-01;4.2500000e+01;1.9819802e-01;4.2500000e+01;1.5799907e-01;4.2500000e+01;1.1471775e-01;4.2500000e+01;7.5406797e-02;4.2500000e+01;3.7877716e-02;4.2500000e+01;-4.2423978e-04;4.2500000e+01;9.3199220e-03;4.2500000e+01;2.4570860e-02;4.2500000e+01;4.4591684e-02;4.2500000e+01;6.8239838e-02;4.2500000e+01;9.2684492e-02;4.2500000e+01;1.2360279e-01;4.2500000e+01;1.6112600e-01;4.2500000e+01;2.0488822e-01;4.2500000e+01;2.4466406e-01;4.2500000e+01;2.6224777e-01;4.2500000e+01;2.5891364e-01;4.2500000e+01;2.3286536e-01;4.2500000e+01;1.9819802e-01;4.2500000e+01;1.5799907e-01;4.2500000e+01;1.1471775e-01;4.2500000e+01;7.5406797e-02;4.2500000e+01;3.7877716e-02;4.2500000e+01;-4.2423978e-04;4.2500000e+01;9.3199220e-03;4.2500000e+01;2.4570860e-02;4.2500000e+01;4.4591684e-02;4.2500000e+01;6.8239838e-02;4.2500000e+01;9.2684492e-02;4.2500000e+01;1.2360279e-01;4.2500000e+01;1.6112600e-01;4.2500000e+01;2.0488822e-01;4.2500000e+01;2.4466406e-01;4.2500000e+01;2.6224777e-01;4.2500000e+01;2.5891364e-01;4.2500000e+01;2.3286536e-01;4.2500000e+01;1.9819802e-01;4.2500000e+01;1.5799907e-01;4.2500000e+01;1.1471775e-01;4.2500000e+01;7.5406797e-02;4.2500000e+01;3.7877716e-02;4.2500000e+01;-4.2423978e-04;4.2500000e+01;9.3199220e-03;4.2500000e+01;2.4570860e-02;4.2500000e+01;4.4591684e-02;4.2500000e+01;6.8239838e-02;4.2500000e+01;9.2684492e-02;4.2500000e+01;1.2360279e-01;4.2500000e+01;1.6112600e-01;4.2500000e+01;2.0488822e-01;4.2500000e+01;2.4466406e-01;4.2500000e+01;2.6224777e-01;4.2500000e+01;2.5891364e-01;4.2500000e+01;2.3286536e-01;4.2500000e+01;1.9819802e-01;4.2500000e+01;1.5799907e-01;4.2500000e+01;1.1471775e-01;4.2500000e+01;7.5406797e-02;4.2500000e+01;3.7877716e-02;4.2500000e+01;-4.2423978e-04;4.2500000e+01;9.3199220e-03;4.2500000e+01;2.4570860e-02;4.2500000e+01;4.4591684e-02;4.2500000e+01;6.8239838e-02;4.2500000e+01;9.2684492e-02;4.2500000e+01;1.2360279e-01;4.2500000e+01;1.6112600e-01;4.2500000e+01;2.0488822e-01;4.2500000e+01;2.4466406e-01;4.2500000e+01;2.6224777e-01;4.2500000e+01;2.5891364e-01;4.2500000e+01;2.3286536e-01;4.2500000e+01;1.9819802e-01;4.2500000e+01;1.5799907e-01;4.2500000e+01;1.1471775e-01;4.2500000e+01;7.5406797e-02;4.2500000e+01;3.7877716e-02;4.2500000e+01;-4.2423978e-04;4.2500000e+01;9.3199220e-03;4.2500000e+01;2.4570860e-02;4.2500000e+01;4.4591684e-02;4.2500000e+01;6.8239838e-02;4.2500000e+01;9.2684492e-02;4.2500000e+01;1.2360279e-01;4.2500000e+01;1.6112600e-01;4.2500000e+01;2.0488822e-01;4.2500000e+01;2.4466406e-01;4.2500000e+01;2.6224777e-01;4.2500000e+01;2.5891364e-01;4.2500000e+01;2.3286536e-01;4.2500000e+01;1.9819802e-01;4.2500000e+01;1.5799907e-01;4.2500000e+01;1.1471775e-01;4.2500000e+01;7.5406797e-02;4.2500000e+01;3.7877716e-02;4.2500000e+01;-4.2423978e-04;4.2500000e+01;9.3199220e-03;4.2500000e+01;2.4570860e-02;4.2500000e+01;4.4591684e-02;4.2500000e+01;6.8239838e-02;4.2500000e+01;9.2684492e-02;4.2500000e+01;1.2360279e-01;4.2500000e+01;1.6112600e-01;4.2500000e+01;2.0488822e-01;4.2500000e+01;2.4466406e-01;4.2500000e+01;2.6224777e-01;4.2500000e+01;2.5891364e-01;4.2500000e+01;2.3286536e-01;4.2500000e+01;1.9819802e-01;4.2500000e+01;1.5799907e-01;4.2500000e+01;1.1471775e-01;4.2500000e+01;7.5406797e-02;4.2500000e+01;3.7877716e-02;4.2500000e+01;-4.2423978e-04;4.2500000e+01;9.3199220e-03;4.2500000e+01;2.4570860e-02;4.2500000e+01;4.4591684e-02;4.2500000e+01;6.8239838e-02;4.2500000e+01;9.2684492e-02;4.2500000e+01;1.2360279e-01;4.2500000e+01;1.6112600e-01;4.2500000e+01;2.0488822e-01;4.2500000e+01;2.4466406e-01;4.2500000e+01;2.6224777e-01;4.2500000e+01;2.5891364e-01;4.2500000e+01;2.3286536e-01;4.2500000e+01;1.9819802e-01;4.2500000e+01;1.5799907e-01;4.2500000e+01;1.1471775e-01;4.2500000e+01;7.5406797e-02;4.2500000e+01;3.7877716e-02;4.2500000e+01;-4.2423978e-04;4.2500000e+01;9.3199220e-03;4.2500000e+01;2.4570860e-02;4.2500000e+01;4.4591684e-02;4.2500000e+01;6.8239838e-02;4.2500000e+01;9.2684492e-02;4.2500000e+01;1.2360279e-01;4.2500000e+01;1.6112600e-01;4.2500000e+01;2.0488822e-01;4.2500000e+01;2.4466406e-01;4.2500000e+01;2.6224777e-01;4.2500000e+01;2.5891364e-01;4.2500000e+01;2.3286536e-01;4.2500000e+01;1.9819802e-01;4.2500000e+01;1.5799907e-01;4.2500000e+01;1.1471775e-01;4.2500000e+01;7.5406797e-02;4.2500000e+01;3.7877716e-02;4.2500000e+01;-4.2423978e-04;4.2500000e+01;9.3199220e-03;4.2500000e+01;2.4570860e-02;4.2500000e+01;4.4591684e-02;4.2500000e+01;6.8239838e-02;4.2500000e+01;9.2684492e-02;4.2500000e+01;1.2360279e-01;4.2500000e+01;1.6112600e-01;4.2500000e+01;2.0488822e-01;4.2500000e+01;2.4466406e-01;4.2500000e+01;2.6224777e-01;4.2500000e+01;2.5891364e-01;4.2500000e+01;2.3286536e-01;4.2500000e+01;1.9819802e-01;4.2500000e+01;1.5799907e-01;4.2500000e+01;1.1471775e-01;4.2500000e+01;7.5406797e-02;4.2500000e+01;3.7877716e-02;4.2500000e+01;-4.2423978e-04;4.2500000e+01;9.3199220e-03;4.2500000e+01;2.4570860e-02;4.2500000e+01;4.4591684e-02;4.2500000e+01;6.8239838e-02;4.2500000e+01;9.2684492e-02;4.2500000e+01;1.2360279e-01;4.2500000e+01;1.6112600e-01;4.2500000e+01;2.0488822e-01;4.2500000e+01;2.4466406e-01;4.2500000e+01;2.6224777e-01;4.2500000e+01;2.5891364e-01;4.2500000e+01;2.3286536e-01;4.2500000e+01;1.9819802e-01;4.2500000e+01;1.5799907e-01;4.2500000e+01;1.1471775e-01;4.2500000e+01;7.5406797e-02;4.2500000e+01;3.7877716e-02;4.2500000e+01;-4.2423978e-04;4.2500000e+01;9.3199220e-03;4.2500000e+01;2.4570860e-02;4.2500000e+01;4.4591684e-02;4.2500000e+01;6.8239838e-02;4.2500000e+01;9.2684492e-02;4.2500000e+01;1.2360279e-01;4.2500000e+01;1.6112600e-01;4.2500000e+01;2.0488822e-01;4.2500000e+01;2.4466406e-01;4.2500000e+01;2.6224777e-01;4.2500000e+01;2.5891364e-01;4.2500000e+01;2.3286536e-01;4.2500000e+01;1.9819802e-01;4.2500000e+01;1.5799907e-01;4.2500000e+01;1.1471775e-01;4.2500000e+01;7.5406797e-02;4.2500000e+01;3.7877716e-02;4.2500000e+01;-4.2423978e-04;4.2500000e+01;9.3199220e-03;4.2500000e+01;2.4570860e-02;4.2500000e+01;4.4591684e-02;4.2500000e+01;6.8239838e-02;4.2500000e+01;9.2684492e-02;4.2500000e+01;1.2360279e-01;4.2500000e+01;1.6112600e-01;4.2500000e+01;2.0488822e-01;4.2500000e+01;2.4466406e-01;4.2500000e+01;2.6224777e-01;4.2500000e+01;2.5891364e-01;4.2500000e+01;2.3286536e-01;4.2500000e+01;1.9819802e-01;4.2500000e+01;1.5799907e-01;4.2500000e+01;1.1471775e-01;4.2500000e+01;7.5406797e-02;4.2500000e+01;3.7877716e-02;4.2500000e+01;-4.2423978e-04;4.2500000e+01;9.3199220e-03;4.2500000e+01;2.4570860e-02;4.2500000e+01;4.4591684e-02;4.2500000e+01;6.8239838e-02;4.2500000e+01;9.2684492e-02;4.2500000e+01;1.2360279e-01;4.2500000e+01;1.6112600e-01;4.2500000e+01;2.0488822e-01;4.2500000e+01;2.4466406e-01;4.2500000e+01;2.6224777e-01;4.2500000e+01;2.5891364e-01;4.2500000e+01;2.3286536e-01;4.2500000e+01;1.9819802e-01;4.2500000e+01;1.5799907e-01;4.2500000e+01;1.1471775e-01;4.2500000e+01;7.5406797e-02;4.2500000e+01;3.7877716e-02;4.2500000e+01;-4.2423978e-04;4.2500000e+01;9.3199220e-03;4.2500000e+01;2.4570860e-02;4.2500000e+01;4.4591684e-02;4.2500000e+01;6.8239838e-02;4.2500000e+01;9.2684492e-02;4.2500000e+01;1.2360279e-01;4.2500000e+01;1.6112600e-01;4.2500000e+01;2.0488822e-01;4.2500000e+01;2.4466406e-01;4.2500000e+01;2.6224777e-01;4.2500000e+01;2.5891364e-01;4.2500000e+01;2.3286536e-01;4.2500000e+01;1.9819802e-01;4.2500000e+01;1.5799907e-01;4.2500000e+01;1.1471775e-01;4.2500000e+01;7.5406797e-02;4.2500000e+01;3.7877716e-02;4.2500000e+01;-4.2423978e-04;4.2500000e+01;9.3199220e-03;4.2500000e+01;2.4570860e-02;4.2500000e+01;4.4591684e-02;4.2500000e+01;6.8239838e-02;4.2500000e+01;9.2684492e-02;4.2500000e+01;1.2360279e-01;4.2500000e+01;1.6112600e-01;4.2500000e+01;2.0488822e-01;4.2500000e+01;2.4466406e-01;4.2500000e+01;2.6224777e-01;4.2500000e+01;2.5891364e-01;4.2500000e+01;2.3286536e-01;4.2500000e+01;1.9819802e-01;4.2500000e+01;1.5799907e-01;4.2500000e+01;1.1471775e-01;4.2500000e+01;7.5406797e-02;4.2500000e+01;3.7877716e-02;4.2500000e+01;-4.2423978e-04;4.2500000e+01;9.3199220e-03;4.2500000e+01;2.4570860e-02;4.2500000e+01;4.4591684e-02;4.2500000e+01;6.8239838e-02;4.2500000e+01;9.2684492e-02;4.2500000e+01;1.2360279e-01;4.2500000e+01;1.6112600e-01;4.2500000e+01;2.0488822e-01;4.2500000e+01;2.4466406e-01;4.2500000e+01;2.6224777e-01;4.2500000e+01;2.5891364e-01;4.2500000e+01;2.3286536e-01;4.2500000e+01;1.9819802e-01;4.2500000e+01;1.5799907e-01;4.2500000e+01;1.1471775e-01;4.2500000e+01;7.5406797e-02;4.2500000e+01;3.7877716e-02;4.2500000e+01;-4.2423978e-04;4.2500000e+01;9.3199220e-03;4.2500000e+01;2.4570860e-02;4.2500000e+01;4.4591684e-02;4.2500000e+01;6.8239838e-02;4.2500000e+01;9.2684492e-02;4.2500000e+01;1.2360279e-01;4.2500000e+01;1.6112600e-01;4.2500000e+01;2.0488822e-01;4.2500000e+01;2.4466406e-01;4.2500000e+01;2.6224777e-01;4.2500000e+01;2.5891364e-01;4.2500000e+01;2.3286536e-01;4.2500000e+01;1.9819802e-01;4.2500000e+01;1.5799907e-01;4.2500000e+01;1.1471775e-01;4.2500000e+01;7.5406797e-02;4.2500000e+01;3.7877716e-02;4.2500000e+01;-4.2423978e-04;4.2500000e+01;9.3199220e-03;4.2500000e+01;2.4570860e-02;4.2500000e+01;4.4591684e-02;4.2500000e+01;6.8239838e-02;4.2500000e+01;9.2684492e-02;4.2500000e+01;1.2360279e-01;4.2500000e+01;1.6112600e-01;4.2500000e+01;2.0488822e-01;4.2500000e+01;2.4466406e-01;4.2500000e+01;2.6224777e-01;4.2500000e+01;2.5891364e-01;4.2500000e+01;2.3286536e-01;4.2500000e+01;1.9819802e-01;4.2500000e+01;1.5799907e-01;4.2500000e+01;1.1471775e-01;4.2500000e+01;7.5406797e-02;4.2500000e+01;3.7877716e-02;4.2500000e+01;-4.2423978e-04;4.2500000e+01;9.3199220e-03;4.2500000e+01;2.4570860e-02;4.2500000e+01;4.4591684e-02;4.2500000e+01;6.8239838e-02;4.2500000e+01;9.2684492e-02;4.2500000e+01;1.2360279e-01;4.2500000e+01;1.6112600e-01;4.2500000e+01;2.0488822e-01;4.2500000e+01;2.4466406e-01;4.2500000e+01;2.6224777e-01;4.2500000e+01;2.5891364e-01;4.2500000e+01;2.3286536e-01;4.2500000e+01;1.9819802e-01;4.2500000e+01;1.5799907e-01;4.2500000e+01;1.1471775e-01;4.2500000e+01;7.5406797e-02;4.2500000e+01;3.7877716e-02;4.2500000e+01;-4.2423978e-04;4.2500000e+01;9.3199220e-03;4.2500000e+01;2.4570860e-02;4.2500000e+01;4.4591684e-02;4.2500000e+01;6.8239838e-02;4.2500000e+01;9.2684492e-02;4.2500000e+01;1.2360279e-01;4.2500000e+01;1.6112600e-01;4.2500000e+01;2.0488822e-01;4.2500000e+01;2.4466406e-01;4.2500000e+01;2.6224777e-01;4.2500000e+01;2.5891364e-01;4.2500000e+01;2.3286536e-01;4.2500000e+01;1.9819802e-01;4.2500000e+01;1.5799907e-01;4.2500000e+01;1.1471775e-01;4.2500000e+01;7.5406797e-02;4.2500000e+01;3.7877716e-02;4.2500000e+01;-4.2423978e-04;4.2500000e+01;9.3199220e-03;4.2500000e+01;2.4570860e-02;4.2500000e+01;4.4591684e-02;4.2500000e+01;6.8239838e-02;4.2500000e+01;9.2684492e-02;4.2500000e+01;1.2360279e-01;4.2500000e+01;1.6112600e-01;4.2500000e+01;2.0488822e-01;4.2500000e+01;2.4466406e-01;4.2500000e+01;2.6224777e-01;4.2500000e+01;2.5891364e-01;4.2500000e+01;2.3286536e-01;4.2500000e+01;1.9819802e-01;4.2500000e+01;1.5799907e-01;4.2500000e+01;1.1471775e-01;4.2500000e+01;7.5406797e-02;4.2500000e+01;3.7877716e-02;4.2500000e+01;-4.2423978e-04;4.2500000e+01;9.3199220e-03;4.2500000e+01;2.4570860e-02;4.2500000e+01;4.4591684e-02;4.2500000e+01;6.8239838e-02;4.2500000e+01;9.2684492e-02;4.2500000e+01;1.2360279e-01;4.2500000e+01;1.6112600e-01;4.2500000e+01;2.0488822e-01;4.2500000e+01;2.4466406e-01;4.2500000e+01;2.6224777e-01;4.2500000e+01;2.5891364e-01;4.2500000e+01;2.3286536e-01;4.2500000e+01;1.9819802e-01;4.2500000e+01;1.5799907e-01;4.2500000e+01;1.1471775e-01;4.2500000e+01;7.5406797e-02;4.2500000e+01;3.7877716e-02;4.2500000e+01;-4.2423978e-04;4.2500000e+01;9.3199220e-03;4.2500000e+01;2.4570860e-02;4.2500000e+01;4.4591684e-02;4.2500000e+01;6.8239838e-02;4.2500000e+01;9.2684492e-02;4.2500000e+01;1.2360279e-01;4.2500000e+01;1.6112600e-01;4.2500000e+01;2.0488822e-01;4.2500000e+01;2.4466406e-01;4.2500000e+01;2.6224777e-01;4.2500000e+01;2.5891364e-01;4.2500000e+01;2.3286536e-01;4.2500000e+01;1.9819802e-01;4.2500000e+01;1.5799907e-01;4.2500000e+01;1.1471775e-01;4.2500000e+01;7.5406797e-02;4.2500000e+01;3.7877716e-02;4.2500000e+01;-4.2423978e-04;4.2500000e+01;9.3199220e-03;4.2500000e+01;2.4570860e-02;4.2500000e+01;4.4591684e-02;4.2500000e+01;6.8239838e-02;4.2500000e+01;9.2684492e-02;4.2500000e+01;1.2360279e-01;4.2500000e+01;1.6112600e-01;4.2500000e+01;2.0488822e-01;4.2500000e+01;2.4466406e-01;4.2500000e+01;2.6224777e-01;4.2500000e+01;2.5891364e-01;4.2500000e+01;2.3286536e-01;4.2500000e+01;1.9819802e-01;4.2500000e+01;1.5799907e-01;4.2500000e+01;1.1471775e-01;4.2500000e+01;7.5406797e-02;4.2500000e+01;3.7877716e-02;4.2500000e+01;-4.2423978e-04;4.2500000e+01;9.3199220e-03;4.2500000e+01;2.4570860e-02;4.2500000e+01;4.4591684e-02;4.2500000e+01;6.8239838e-02;4.2500000e+01;9.2684492e-02;4.2500000e+01;1.2360279e-01;4.2500000e+01;1.6112600e-01;4.2500000e+01;2.0488822e-01;4.2500000e+01;2.4466406e-01;4.2500000e+01;2.6224777e-01;4.2500000e+01;2.5891364e-01;4.2500000e+01;2.3286536e-01;4.2500000e+01;1.9819802e-01;4.2500000e+01;1.5799907e-01;4.2500000e+01;1.1471775e-01;4.2500000e+01;7.5406797e-02;4.2500000e+01;3.7877716e-02;4.2500000e+01;-4.2423978e-04;4.2500000e+01;9.3199220e-03;4.2500000e+01;2.4570860e-02;4.2500000e+01;4.4591684e-02;4.2500000e+01;6.8239838e-02;4.2500000e+01;9.2684492e-02;4.2500000e+01;1.2360279e-01;4.2500000e+01;1.6112600e-01;4.2500000e+01;2.0488822e-01;4.2500000e+01;2.4466406e-01;4.2500000e+01;2.6224777e-01;4.2500000e+01;2.5891364e-01;4.2500000e+01;2.3286536e-01;4.2500000e+01;1.9819802e-01;4.2500000e+01;1.5799907e-01;4.2500000e+01;1.1471775e-01;4.2500000e+01;7.5406797e-02;4.2500000e+01;3.7877716e-02;4.2500000e+01;-4.2423978e-04;4.2500000e+01;9.3199220e-03;4.2500000e+01;2.4570860e-02;4.2500000e+01;4.4591684e-02;4.2500000e+01;6.8239838e-02;4.2500000e+01;9.2684492e-02;4.2500000e+01;1.2360279e-01;4.2500000e+01;1.6112600e-01;4.2500000e+01;2.0488822e-01;4.2500000e+01;2.4466406e-01;4.2500000e+01;2.6224777e-01;4.2500000e+01;2.5891364e-01;4.2500000e+01;2.3286536e-01;4.2500000e+01;1.9819802e-01;4.2500000e+01;1.5799907e-01;4.2500000e+01;1.1471775e-01;4.2500000e+01;7.5406797e-02;4.2500000e+01;3.7877716e-02;4.2500000e+01;-4.2423978e-04;4.2500000e+01;9.3199220e-03;4.2500000e+01;2.4570860e-02;4.2500000e+01;4.4591684e-02;4.2500000e+01;6.8239838e-02;4.2500000e+01;9.2684492e-02;4.2500000e+01;1.2360279e-01;4.2500000e+01;1.6112600e-01;4.2500000e+01;2.0488822e-01;4.2500000e+01;2.4466406e-01;4.2500000e+01;2.6224777e-01;4.2500000e+01;2.5891364e-01;4.2500000e+01;2.3286536e-01;4.2500000e+01;1.9819802e-01;4.2500000e+01;1.5799907e-01;4.2500000e+01;1.1471775e-01;4.2500000e+01;7.5406797e-02;4.2500000e+01;3.7877716e-02;4.2500000e+01;-4.2423978e-04;4.2500000e+01;9.3199220e-03;4.2500000e+01;2.4570860e-02;4.2500000e+01;4.4591684e-02;4.2500000e+01;6.8239838e-02;4.2500000e+01;9.2684492e-02;4.2500000e+01;1.2360279e-01;4.2500000e+01;1.6112600e-01;4.2500000e+01;2.0488822e-01;4.2500000e+01;2.4466406e-01;4.2500000e+01;2.6224777e-01;4.2500000e+01;2.5891364e-01;4.2500000e+01;2.3286536e-01;4.2500000e+01;1.9819802e-01;4.2500000e+01;1.5799907e-01;4.2500000e+01;1.1471775e-01;4.2500000e+01;7.5406797e-02;4.2500000e+01;3.7877716e-02;4.2500000e+01;-4.2423978e-04;4.2500000e+01;9.3199220e-03;4.2500000e+01;2.4570860e-02;4.2500000e+01;4.4591684e-02;4.2500000e+01;6.8239838e-02;4.2500000e+01;9.2684492e-02;4.2500000e+01;1.2360279e-01;4.2500000e+01;1.6112600e-01;4.2500000e+01;2.0488822e-01;4.2500000e+01;2.4466406e-01;4.2500000e+01;2.6224777e-01;4.2500000e+01;2.5891364e-01;4.2500000e+01;2.3286536e-01;4.2500000e+01;1.9819802e-01;4.2500000e+01;1.5799907e-01;4.2500000e+01;1.1471775e-01;4.2500000e+01;7.5406797e-02;4.2500000e+01;3.7877716e-02;4.2500000e+01;-4.2423978e-04;4.2500000e+01;9.3199220e-03;4.2500000e+01;2.4570860e-02;4.2500000e+01;4.4591684e-02;4.2500000e+01;6.8239838e-02;4.2500000e+01;9.2684492e-02;4.2500000e+01;1.2360279e-01;4.2500000e+01;1.6112600e-01;4.2500000e+01;2.0488822e-01;4.2500000e+01;2.4466406e-01;4.2500000e+01;2.6224777e-01;4.2500000e+01;2.5891364e-01;4.2500000e+01;2.3286536e-01;4.2500000e+01;1.9819802e-01;4.2500000e+01;1.5799907e-01;4.2500000e+01;1.1471775e-01;4.2500000e+01;7.5406797e-02;4.2500000e+01;3.7877716e-02;4.2500000e+01;-4.2423978e-04;4.2500000e+01;9.3199220e-03;4.2500000e+01;2.4570860e-02;4.2500000e+01;4.4591684e-02;4.2500000e+01;6.8239838e-02;4.2500000e+01;9.2684492e-02;4.2500000e+01;1.2360279e-01;4.2500000e+01;1.6112600e-01;4.2500000e+01;2.0488822e-01;4.2500000e+01;2.4466406e-01;4.2500000e+01;2.6224777e-01;4.2500000e+01;2.5891364e-01;4.2500000e+01;2.3286536e-01;4.2500000e+01;1.9819802e-01;4.2500000e+01;1.5799907e-01;4.2500000e+01;1.1471775e-01;4.2500000e+01;7.5406797e-02;4.2500000e+01;3.7877716e-02;4.2500000e+01;-4.2423978e-04;4.2500000e+01;9.3199220e-03;4.2500000e+01;2.4570860e-02;4.2500000e+01;4.4591684e-02;4.2500000e+01;6.8239838e-02;4.2500000e+01;9.2684492e-02;4.2500000e+01;1.2360279e-01;4.2500000e+01;1.6112600e-01;4.2500000e+01;2.0488822e-01;4.2500000e+01;2.4466406e-01;4.2500000e+01;2.6224777e-01;4.2500000e+01;2.5891364e-01;4.2500000e+01;2.3286536e-01;4.2500000e+01;1.9819802e-01;4.2500000e+01;1.5799907e-01;4.2500000e+01;1.1471775e-01;4.2500000e+01;7.5406797e-02;4.2500000e+01;3.7877716e-02;4.2500000e+01;-4.2423978e-04;4.2500000e+01;9.3199220e-03;4.2500000e+01;2.4570860e-02;4.2500000e+01;4.4591684e-02;4.2500000e+01;6.8239838e-02;4.2500000e+01;9.2684492e-02;4.2500000e+01;1.2360279e-01;4.2500000e+01;1.6112600e-01;4.2500000e+01;2.0488822e-01;4.2500000e+01;2.4466406e-01;4.2500000e+01;2.6224777e-01;4.2500000e+01;2.5891364e-01;4.2500000e+01;2.3286536e-01;4.2500000e+01;1.9819802e-01;4.2500000e+01;1.5799907e-01;4.2500000e+01;1.1471775e-01;4.2500000e+01;7.5406797e-02;4.2500000e+01;3.7877716e-02;4.2500000e+01;-4.2423978e-04;4.2500000e+01;9.3199220e-03;4.2500000e+01;2.4570860e-02;4.2500000e+01;4.4591684e-02;4.2500000e+01;6.8239838e-02;4.2500000e+01;9.2684492e-02;4.2500000e+01;1.2360279e-01;4.2500000e+01;1.6112600e-01;4.2500000e+01;2.0488822e-01;4.2500000e+01;2.4466406e-01;4.2500000e+01;2.6224777e-01;4.2500000e+01;2.5891364e-01;4.2500000e+01;2.3286536e-01;4.2500000e+01;1.9819802e-01;4.2500000e+01;1.5799907e-01;4.2500000e+01;1.1471775e-01;4.2500000e+01;7.5406797e-02;4.2500000e+01;3.7877716e-02;4.2500000e+01;-4.2423978e-04;4.2500000e+01;9.3199220e-03;4.2500000e+01;2.4570860e-02;4.2500000e+01;4.4591684e-02;4.2500000e+01;6.8239838e-02;4.2500000e+01;9.2684492e-02;4.2500000e+01;1.2360279e-01;4.2500000e+01;1.6112600e-01;4.2500000e+01;2.0488822e-01;4.2500000e+01;2.4466406e-01;4.2500000e+01;2.6224777e-01;4.2500000e+01;2.5891364e-01;4.2500000e+01;2.3286536e-01;4.2500000e+01;1.9819802e-01;4.2500000e+01;1.5799907e-01;4.2500000e+01;1.1471775e-01;4.2500000e+01;7.5406797e-02;4.2500000e+01;3.7877716e-02;4.2500000e+01;-4.2423978e-04;4.2500000e+01;9.3199220e-03;4.2500000e+01;2.4570860e-02;4.2500000e+01;4.4591684e-02;4.2500000e+01;6.8239838e-02;4.2500000e+01;9.2684492e-02;4.2500000e+01;1.2360279e-01;4.2500000e+01;1.6112600e-01;4.2500000e+01;2.0488822e-01;4.2500000e+01;2.4466406e-01;4.2500000e+01;2.6224777e-01;4.2500000e+01;2.5891364e-01;4.2500000e+01;2.3286536e-01;4.2500000e+01;1.9819802e-01;4.2500000e+01;1.5799907e-01;4.2500000e+01;1.1471775e-01;4.2500000e+01;7.5406797e-02;4.2500000e+01;3.7877716e-02;4.2500000e+01;-4.2423978e-04;4.2500000e+01;9.3199220e-03;4.2500000e+01;2.4570860e-02;4.2500000e+01;4.4591684e-02;4.2500000e+01;6.8239838e-02;4.2500000e+01;9.2684492e-02;4.2500000e+01;1.2360279e-01;4.2500000e+01;1.6112600e-01;4.2500000e+01;2.0488822e-01;4.2500000e+01;2.4466406e-01;4.2500000e+01;2.6224777e-01;4.2500000e+01;2.5891364e-01;4.2500000e+01;2.3286536e-01;4.2500000e+01;1.9819802e-01;4.2500000e+01;1.5799907e-01;4.2500000e+01;1.1471775e-01;4.2500000e+01;7.5406797e-02;4.2500000e+01;3.7877716e-02;4.2500000e+01;-4.2423978e-04;4.2500000e+01;9.3199220e-03;4.2500000e+01;2.4570860e-02;4.2500000e+01;4.4591684e-02;4.2500000e+01;6.8239838e-02;4.2500000e+01;9.2684492e-02;4.2500000e+01;1.2360279e-01;4.2500000e+01;1.6112600e-01;4.2500000e+01;2.0488822e-01;4.2500000e+01;2.4466406e-01;4.2500000e+01;2.6224777e-01;4.2500000e+01;2.5891364e-01;4.2500000e+01;2.3286536e-01;4.2500000e+01;1.9819802e-01;4.2500000e+01;1.5799907e-01;4.2500000e+01;1.1471775e-01;4.2500000e+01;7.5406797e-02;4.2500000e+01;3.7877716e-02;4.2500000e+01;-4.2423978e-04;4.2500000e+01;9.3199220e-03;4.2500000e+01;2.4570860e-02;4.2500000e+01;4.4591684e-02;4.2500000e+01;6.8239838e-02;4.2500000e+01;9.2684492e-02;4.2500000e+01;1.2360279e-01;4.2500000e+01;1.6112600e-01;4.2500000e+01;2.0488822e-01;4.2500000e+01;2.4466406e-01;4.2500000e+01;2.6224777e-01;4.2500000e+01;2.5891364e-01;4.2500000e+01;2.3286536e-01;4.2500000e+01;1.9819802e-01;4.2500000e+01;1.5799907e-01;4.2500000e+01;1.1471775e-01;4.2500000e+01;7.5406797e-02;4.2500000e+01;3.7877716e-02;4.2500000e+01;-4.2423978e-04;4.2500000e+01;9.3199220e-03;4.2500000e+01;2.4570860e-02;4.2500000e+01;4.4591684e-02;4.2500000e+01;6.8239838e-02;4.2500000e+01;9.2684492e-02;4.2500000e+01;1.2360279e-01;4.2500000e+01;1.6112600e-01;4.2500000e+01;2.0488822e-01;4.2500000e+01;2.4466406e-01;4.2500000e+01;2.6224777e-01;4.2500000e+01;2.5891364e-01;4.2500000e+01;2.3286536e-01;4.2500000e+01;1.9819802e-01;4.2500000e+01;1.5799907e-01;4.2500000e+01;1.1471775e-01;4.2500000e+01;7.5406797e-02;4.2500000e+01;3.7877716e-02;4.2500000e+01;-4.2423978e-04;4.2500000e+01;9.3199220e-03;4.2500000e+01;2.4570860e-02;4.2500000e+01;4.4591684e-02;4.2500000e+01;6.8239838e-02;4.2500000e+01;9.2684492e-02;4.2500000e+01;1.2360279e-01;4.2500000e+01;1.6112600e-01;4.2500000e+01;2.0488822e-01;4.2500000e+01;2.4466406e-01;4.2500000e+01;2.6224777e-01;4.2500000e+01;2.5891364e-01;4.2500000e+01;2.3286536e-01;4.2500000e+01;1.9819802e-01;4.2500000e+01;1.5799907e-01;4.2500000e+01;1.1471775e-01;4.2500000e+01;7.5406797e-02;4.2500000e+01;3.7877716e-02;4.2500000e+01;-4.2423978e-04;4.2500000e+01;9.3199220e-03;4.2500000e+01;2.4570860e-02;4.2500000e+01;4.4591684e-02;4.2500000e+01;6.8239838e-02;4.2500000e+01;9.2684492e-02;4.2500000e+01;1.2360279e-01;4.2500000e+01;1.6112600e-01;4.2500000e+01;2.0488822e-01;4.2500000e+01;2.4466406e-01;4.2500000e+01;2.6224777e-01;4.2500000e+01;2.5891364e-01;4.2500000e+01;2.3286536e-01;4.2500000e+01;1.9819802e-01;4.2500000e+01;1.5799907e-01;4.2500000e+01;1.1471775e-01;4.2500000e+01;7.5406797e-02;4.2500000e+01;3.7877716e-02;4.2500000e+01;-4.2423978e-04;4.2500000e+01;9.3199220e-03;4.2500000e+01;2.4570860e-02;4.2500000e+01;4.4591684e-02;4.2500000e+01;6.8239838e-02;4.2500000e+01;9.2684492e-02;4.2500000e+01;1.2360279e-01;4.2500000e+01;1.6112600e-01;4.2500000e+01;2.0488822e-01;4.2500000e+01;2.4466406e-01;4.2500000e+01;2.6224777e-01;4.2500000e+01;2.5891364e-01;4.2500000e+01;2.3286536e-01;4.2500000e+01;1.9819802e-01;4.2500000e+01;1.5799907e-01;4.2500000e+01;1.1471775e-01;4.2500000e+01;7.5406797e-02;4.2500000e+01;3.7877716e-02;4.2500000e+01;-4.2423978e-04;4.2500000e+01;9.3199220e-03;4.2500000e+01;2.4570860e-02;4.2500000e+01;4.4591684e-02;4.2500000e+01;6.8239838e-02;4.2500000e+01;9.2684492e-02;4.2500000e+01;1.2360279e-01;4.2500000e+01;1.6112600e-01;4.2500000e+01;2.0488822e-01;4.2500000e+01;2.4466406e-01;4.2500000e+01;2.6224777e-01;4.2500000e+01;2.5891364e-01;4.2500000e+01;2.3286536e-01;4.2500000e+01;1.9819802e-01;4.2500000e+01;1.5799907e-01;4.2500000e+01;1.1471775e-01;4.2500000e+01;7.5406797e-02;4.2500000e+01;3.7877716e-02;4.2500000e+01;-4.2423978e-04;4.2500000e+01;9.3199220e-03;4.2500000e+01;2.4570860e-02;4.2500000e+01;4.4591684e-02;4.2500000e+01;6.8239838e-02;4.2500000e+01;9.2684492e-02;4.2500000e+01;1.2360279e-01;4.2500000e+01;1.6112600e-01;4.2500000e+01;2.0488822e-01;4.2500000e+01;2.4466406e-01;4.2500000e+01;2.6224777e-01;4.2500000e+01;2.5891364e-01;4.2500000e+01;2.3286536e-01;4.2500000e+01;1.9819802e-01;4.2500000e+01;1.5799907e-01;4.2500000e+01;1.1471775e-01;4.2500000e+01;7.5406797e-02;4.2500000e+01;3.7877716e-02;4.2500000e+01;-4.2423978e-04;4.2500000e+01;9.3199220e-03;4.2500000e+01;2.4570860e-02;4.2500000e+01;4.4591684e-02;4.2500000e+01;6.8239838e-02;4.2500000e+01;9.2684492e-02;4.2500000e+01;1.2360279e-01;4.2500000e+01;1.6112600e-01;4.2500000e+01;2.0488822e-01;4.2500000e+01;2.4466406e-01;4.2500000e+01;2.6224777e-01;4.2500000e+01;2.5891364e-01;4.2500000e+01;2.3286536e-01;4.2500000e+01;1.9819802e-01;4.2500000e+01;1.5799907e-01;4.2500000e+01;1.1471775e-01;4.2500000e+01;7.5406797e-02;4.2500000e+01;3.7877716e-02;4.2500000e+01;-4.2423978e-04;4.2500000e+01;9.3199220e-03;4.2500000e+01;2.4570860e-02;4.2500000e+01;4.4591684e-02;4.2500000e+01;6.8239838e-02;4.2500000e+01;9.2684492e-02;4.2500000e+01;1.2360279e-01;4.2500000e+01;1.6112600e-01;4.2500000e+01;2.0488822e-01;4.2500000e+01;2.4466406e-01;4.2500000e+01;2.6224777e-01;4.2500000e+01;2.5891364e-01;4.2500000e+01;2.3286536e-01;4.2500000e+01;1.9819802e-01;4.2500000e+01;1.5799907e-01;4.2500000e+01;1.1471775e-01;4.2500000e+01;7.5406797e-02;4.2500000e+01;3.7877716e-02;4.2500000e+01;-4.2423978e-04;4.2500000e+01;9.3199220e-03;4.2500000e+01;2.4570860e-02;4.2500000e+01;4.4591684e-02;4.2500000e+01;6.8239838e-02;4.2500000e+01;9.2684492e-02;4.2500000e+01;1.2360279e-01;4.2500000e+01;1.6112600e-01;4.2500000e+01;2.0488822e-01;4.2500000e+01;2.4466406e-01;4.2500000e+01;2.6224777e-01;4.2500000e+01;2.5891364e-01;4.2500000e+01;2.3286536e-01;4.2500000e+01;1.9819802e-01;4.2500000e+01;1.5799907e-01;4.2500000e+01;1.1471775e-01;4.2500000e+01;7.5406797e-02;4.2500000e+01;3.7877716e-02;4.2500000e+01;-4.2423978e-04;4.2500000e+01;9.3199220e-03;4.2500000e+01;2.4570860e-02;4.2500000e+01;4.4591684e-02;4.2500000e+01;6.8239838e-02;4.2500000e+01;9.2684492e-02;4.2500000e+01;1.2360279e-01;4.2500000e+01;1.6112600e-01;4.2500000e+01;2.0488822e-01;4.2500000e+01;2.4466406e-01;4.2500000e+01;2.6224777e-01;4.2500000e+01;2.5891364e-01;4.2500000e+01;2.3286536e-01;4.2500000e+01;1.9819802e-01;4.2500000e+01;1.5799907e-01;4.2500000e+01;1.1471775e-01;4.2500000e+01;7.5406797e-02;4.2500000e+01;3.7877716e-02;4.2500000e+01;-4.2423978e-04;4.2500000e+01;9.3199220e-03;4.2500000e+01;2.4570860e-02;4.2500000e+01;4.4591684e-02;4.2500000e+01;6.8239838e-02;4.2500000e+01;9.2684492e-02;4.2500000e+01;1.2360279e-01;4.2500000e+01;1.6112600e-01;4.2500000e+01;2.0488822e-01;4.2500000e+01;2.4466406e-01;4.2500000e+01;2.6224777e-01;4.2500000e+01;2.5891364e-01;4.2500000e+01;2.3286536e-01;4.2500000e+01;1.9819802e-01;4.2500000e+01;1.5799907e-01;4.2500000e+01;1.1471775e-01;4.2500000e+01;7.5406797e-02;4.2500000e+01;3.7877716e-02;4.2500000e+01;-4.2423978e-04;4.2500000e+01;9.3199220e-03;4.2500000e+01;2.4570860e-02;4.2500000e+01;4.4591684e-02;4.2500000e+01;6.8239838e-02;4.2500000e+01;9.2684492e-02;4.2500000e+01;1.2360279e-01;4.2500000e+01;1.6112600e-01;4.2500000e+01;2.0488822e-01;4.2500000e+01;2.4466406e-01;4.2500000e+01;2.6224777e-01;4.2500000e+01;2.5891364e-01;4.2500000e+01;2.3286536e-01;4.2500000e+01;1.9819802e-01;4.2500000e+01;1.5799907e-01;4.2500000e+01;1.1471775e-01;4.2500000e+01;7.5406797e-02;4.2500000e+01;3.7877716e-02;4.2500000e+01;-4.2423978e-04;4.2500000e+01;9.3199220e-03;4.2500000e+01;2.4570860e-02;4.2500000e+01;4.4591684e-02;4.2500000e+01;6.8239838e-02;4.2500000e+01;9.2684492e-02;4.2500000e+01;1.2360279e-01;4.2500000e+01;1.6112600e-01;4.2500000e+01;2.0488822e-01;4.2500000e+01;2.4466406e-01;4.2500000e+01;2.6224777e-01;4.2500000e+01;2.5891364e-01;4.2500000e+01;2.3286536e-01;4.2500000e+01;1.9819802e-01;4.2500000e+01;1.5799907e-01;4.2500000e+01;1.1471775e-01;4.2500000e+01;7.5406797e-02;4.2500000e+01;3.7877716e-02;4.2500000e+01;-4.2423978e-04;4.2500000e+01;9.3199220e-03;4.2500000e+01;2.4570860e-02;4.2500000e+01;4.4591684e-02;4.2500000e+01;6.8239838e-02;4.2500000e+01;9.2684492e-02;4.2500000e+01;1.2360279e-01;4.2500000e+01;1.6112600e-01;4.2500000e+01;2.0488822e-01;4.2500000e+01;2.4466406e-01;4.2500000e+01;2.6224777e-01;4.2500000e+01;2.5891364e-01;4.2500000e+01;2.3286536e-01;4.2500000e+01;1.9819802e-01;4.2500000e+01;1.5799907e-01;4.2500000e+01;1.1471775e-01;4.2500000e+01;7.5406797e-02;4.2500000e+01;3.7877716e-02;4.2500000e+01;-4.2423978e-04;4.2500000e+01;9.3199220e-03;4.2500000e+01;2.4570860e-02;4.2500000e+01;4.4591684e-02;4.2500000e+01;6.8239838e-02;4.2500000e+01;9.2684492e-02;4.2500000e+01;1.2360279e-01;4.2500000e+01;1.6112600e-01;4.2500000e+01;2.0488822e-01;4.2500000e+01;2.4466406e-01;4.2500000e+01;2.6224777e-01;4.2500000e+01;2.5891364e-01;4.2500000e+01;2.3286536e-01;4.2500000e+01;1.9819802e-01;4.2500000e+01;1.5799907e-01;4.2500000e+01;1.1471775e-01;4.2500000e+01;7.5406797e-02;4.2500000e+01;3.7877716e-02;4.2500000e+01;-4.2423978e-04;4.2500000e+01;9.3199220e-03;4.2500000e+01;2.4570860e-02;4.2500000e+01;4.4591684e-02;4.2500000e+01;6.8239838e-02;4.2500000e+01;9.2684492e-02;4.2500000e+01;1.2360279e-01;4.2500000e+01;1.6112600e-01;4.2500000e+01;2.0488822e-01;4.2500000e+01;2.4466406e-01;4.2500000e+01;2.6224777e-01;4.2500000e+01;2.5891364e-01;4.2500000e+01;2.3286536e-01;4.2500000e+01;1.9819802e-01;4.2500000e+01;1.5799907e-01;4.2500000e+01;1.1471775e-01;4.2500000e+01;7.5406797e-02;4.2500000e+01;3.7877716e-02;4.2500000e+01;-4.2423978e-04;4.2500000e+01;9.3199220e-03;4.2500000e+01;2.4570860e-02;4.2500000e+01;4.4591684e-02;4.2500000e+01;6.8239838e-02;4.2500000e+01;9.2684492e-02;4.2500000e+01;1.2360279e-01;4.2500000e+01;1.6112600e-01;4.2500000e+01;2.0488822e-01;4.2500000e+01;2.4466406e-01;4.2500000e+01;2.6224777e-01;4.2500000e+01;2.5891364e-01;4.2500000e+01;2.3286536e-01;4.2500000e+01;1.9819802e-01;4.2500000e+01;1.5799907e-01;4.2500000e+01;1.1471775e-01;4.2500000e+01;7.5406797e-02;4.2500000e+01;3.7877716e-02;4.2500000e+01;-4.2423978e-04;4.2500000e+01;9.3199220e-03;4.2500000e+01;2.4570860e-02;4.2500000e+01;4.4591684e-02;4.2500000e+01;6.8239838e-02;4.2500000e+01;9.2684492e-02;4.2500000e+01;1.2360279e-01;4.2500000e+01;1.6112600e-01;4.2500000e+01;2.0488822e-01;4.2500000e+01;2.4466406e-01;4.2500000e+01;2.6224777e-01;4.2500000e+01;2.5891364e-01;4.2500000e+01;2.3286536e-01;4.2500000e+01;1.9819802e-01;4.2500000e+01;1.5799907e-01;4.2500000e+01;1.1471775e-01;4.2500000e+01;7.5406797e-02;4.2500000e+01;3.7877716e-02;4.2500000e+01;-4.2423978e-04;4.2500000e+01;9.3199220e-03;4.2500000e+01;2.4570860e-02;4.2500000e+01;4.4591684e-02;4.2500000e+01;6.8239838e-02;4.2500000e+01;9.2684492e-02;4.2500000e+01;1.2360279e-01;4.2500000e+01;1.6112600e-01;4.2500000e+01;2.0488822e-01;4.2500000e+01;2.4466406e-01;4.2500000e+01;2.6224777e-01;4.2500000e+01;2.5891364e-01;4.2500000e+01;2.3286536e-01;4.2500000e+01;1.9819802e-01;4.2500000e+01;1.5799907e-01;4.2500000e+01;1.1471775e-01;4.2500000e+01;7.5406797e-02;4.2500000e+01;3.7877716e-02;4.2500000e+01;-4.2423978e-04;4.2500000e+01;9.3199220e-03;4.2500000e+01;2.4570860e-02;4.2500000e+01;4.4591684e-02;4.2500000e+01;6.8239838e-02;4.2500000e+01;9.2684492e-02;4.2500000e+01;1.2360279e-01;4.2500000e+01;1.6112600e-01;4.2500000e+01;2.0488822e-01;4.2500000e+01;2.4466406e-01;4.2500000e+01;2.6224777e-01;4.2500000e+01;2.5891364e-01;4.2500000e+01;2.3286536e-01;4.2500000e+01;1.9819802e-01;4.2500000e+01;1.5799907e-01;4.2500000e+01;1.1471775e-01;4.2500000e+01;7.5406797e-02;4.2500000e+01;3.7877716e-02;4.2500000e+01;-4.2423978e-04;4.2500000e+01;9.3199220e-03;4.2500000e+01;2.4570860e-02;4.2500000e+01;4.4591684e-02;4.2500000e+01;6.8239838e-02;4.2500000e+01;9.2684492e-02;4.2500000e+01;1.2360279e-01;4.2500000e+01;1.6112600e-01;4.2500000e+01;2.0488822e-01;4.2500000e+01;2.4466406e-01;4.2500000e+01;2.6224777e-01;4.2500000e+01;2.5891364e-01;4.2500000e+01;2.3286536e-01;4.2500000e+01;1.9819802e-01;4.2500000e+01;1.5799907e-01;4.2500000e+01;1.1471775e-01;4.2500000e+01;7.5406797e-02;4.2500000e+01;3.7877716e-02;4.2500000e+01;-4.2423978e-04;4.2500000e+01;9.3199220e-03;4.2500000e+01;2.4570860e-02;4.2500000e+01;4.4591684e-02;4.2500000e+01;6.8239838e-02;4.2500000e+01;9.2684492e-02;4.2500000e+01;1.2360279e-01;4.2500000e+01;1.6112600e-01;4.2500000e+01;2.0488822e-01;4.2500000e+01;2.4466406e-01;4.2500000e+01;2.6224777e-01;4.2500000e+01;2.5891364e-01;4.2500000e+01;2.3286536e-01;4.2500000e+01;1.9819802e-01;4.2500000e+01;1.5799907e-01;4.2500000e+01;1.1471775e-01;4.2500000e+01;7.5406797e-02;4.2500000e+01;3.7877716e-02;4.2500000e+01;-4.2423978e-04;4.2500000e+01;9.3199220e-03;4.2500000e+01;2.4570860e-02;4.2500000e+01;4.4591684e-02;4.2500000e+01;6.8239838e-02;4.2500000e+01;9.2684492e-02;4.2500000e+01;1.2360279e-01;4.2500000e+01;1.6112600e-01;4.2500000e+01;2.0488822e-01;4.2500000e+01;2.4466406e-01;4.2500000e+01;2.6224777e-01;4.2500000e+01;2.5891364e-01;4.2500000e+01;2.3286536e-01;4.2500000e+01;1.9819802e-01;4.2500000e+01;1.5799907e-01;4.2500000e+01;1.1471775e-01;4.2500000e+01;7.5406797e-02;4.2500000e+01;3.7877716e-02;4.2500000e+01;-4.2423978e-04;4.2500000e+01;9.3199220e-03;4.2500000e+01;2.4570860e-02;4.2500000e+01;4.4591684e-02;4.2500000e+01;6.8239838e-02;4.2500000e+01;9.2684492e-02;4.2500000e+01;1.2360279e-01;4.2500000e+01;1.6112600e-01;4.2500000e+01;2.0488822e-01;4.2500000e+01;2.4466406e-01;4.2500000e+01;2.6224777e-01;4.2500000e+01;2.5891364e-01;4.2500000e+01;2.3286536e-01;4.2500000e+01;1.9819802e-01;4.2500000e+01;1.5799907e-01;4.2500000e+01;1.1471775e-01;4.2500000e+01;7.5406797e-02;4.2500000e+01;3.7877716e-02;4.2500000e+01;-4.2423978e-04;4.2500000e+01;9.3199220e-03;4.2500000e+01;2.4570860e-02;4.2500000e+01;4.4591684e-02;4.2500000e+01;6.8239838e-02;4.2500000e+01;9.2684492e-02;4.2500000e+01;1.2360279e-01;4.2500000e+01;1.6112600e-01;4.2500000e+01;2.0488822e-01;4.2500000e+01;2.4466406e-01;4.2500000e+01;2.6224777e-01;4.2500000e+01;2.5891364e-01;4.2500000e+01;2.3286536e-01;4.2500000e+01;1.9819802e-01;4.2500000e+01;1.5799907e-01;4.2500000e+01;1.1471775e-01;4.2500000e+01;7.5406797e-02;4.2500000e+01;3.7877716e-02;4.2500000e+01;-4.2423978e-04;4.2500000e+01;9.3199220e-03;4.2500000e+01;2.4570860e-02;4.2500000e+01;4.4591684e-02;4.2500000e+01;6.8239838e-02;4.2500000e+01;9.2684492e-02;4.2500000e+01;1.2360279e-01;4.2500000e+01;1.6112600e-01;4.2500000e+01;2.0488822e-01;4.2500000e+01;2.4466406e-01;4.2500000e+01;2.6224777e-01;4.2500000e+01;2.5891364e-01;4.2500000e+01;2.3286536e-01;4.2500000e+01;1.9819802e-01;4.2500000e+01;1.5799907e-01;4.2500000e+01;1.1471775e-01;4.2500000e+01;7.5406797e-02;4.2500000e+01;3.7877716e-02;4.2500000e+01;-4.2423978e-04;4.2500000e+01;9.3199220e-03;4.2500000e+01;2.4570860e-02;4.2500000e+01;4.4591684e-02;4.2500000e+01;6.8239838e-02;4.2500000e+01;9.2684492e-02;4.2500000e+01;1.2360279e-01;4.2500000e+01;1.6112600e-01;4.2500000e+01;2.0488822e-01;4.2500000e+01;2.4466406e-01;4.2500000e+01;2.6224777e-01;4.2500000e+01;2.5891364e-01;4.2500000e+01;2.3286536e-01;4.2500000e+01;1.9819802e-01;4.2500000e+01;1.5799907e-01;4.2500000e+01;1.1471775e-01;4.2500000e+01;7.5406797e-02;4.2500000e+01;3.7877716e-02;4.2500000e+01;-4.2423978e-04;4.2500000e+01;9.3199220e-03;4.2500000e+01;2.4570860e-02;4.2500000e+01;4.4591684e-02;4.2500000e+01;6.8239838e-02;4.2500000e+01;9.2684492e-02;4.2500000e+01;1.2360279e-01;4.2500000e+01;1.6112600e-01;4.2500000e+01;2.0488822e-01;4.2500000e+01;2.4466406e-01;4.2500000e+01;2.6224777e-01;4.2500000e+01;2.5891364e-01;4.2500000e+01;2.3286536e-01;4.2500000e+01;1.9819802e-01;4.2500000e+01;1.5799907e-01;4.2500000e+01;1.1471775e-01;4.2500000e+01;7.5406797e-02;4.2500000e+01;3.7877716e-02;4.2500000e+01;-4.2423978e-04;4.2500000e+01;9.3199220e-03;4.2500000e+01;2.4570860e-02;4.2500000e+01;4.4591684e-02;4.2500000e+01;6.8239838e-02;4.2500000e+01;9.2684492e-02;4.2500000e+01;1.2360279e-01;4.2500000e+01;1.6112600e-01;4.2500000e+01;2.0488822e-01;4.2500000e+01;2.4466406e-01;4.2500000e+01;2.6224777e-01;4.2500000e+01;2.5891364e-01;4.2500000e+01;2.3286536e-01;4.2500000e+01;1.9819802e-01;4.2500000e+01;1.5799907e-01;4.2500000e+01;1.1471775e-01;4.2500000e+01;7.5406797e-02;4.2500000e+01;3.7877716e-02;4.2500000e+01;-4.2423978e-04;4.2500000e+01;9.3199220e-03;4.2500000e+01;2.4570860e-02;4.2500000e+01;4.4591684e-02;4.2500000e+01;6.8239838e-02;4.2500000e+01;9.2684492e-02;4.2500000e+01;1.2360279e-01;4.2500000e+01;1.6112600e-01;4.2500000e+01;2.0488822e-01;4.2500000e+01;2.4466406e-01;4.2500000e+01;2.6224777e-01;4.2500000e+01;2.5891364e-01;4.2500000e+01;2.3286536e-01;4.2500000e+01;1.9819802e-01;4.2500000e+01;1.5799907e-01;4.2500000e+01;1.1471775e-01;4.2500000e+01;7.5406797e-02;4.2500000e+01;3.7877716e-02;4.2500000e+01;-4.2423978e-04;4.2500000e+01;9.3199220e-03;4.2500000e+01;2.4570860e-02;4.2500000e+01;4.4591684e-02;4.2500000e+01;6.8239838e-02;4.2500000e+01;9.2684492e-02;4.2500000e+01;1.2360279e-01;4.2500000e+01;1.6112600e-01;4.2500000e+01;2.0488822e-01;4.2500000e+01;2.4466406e-01;4.2500000e+01;2.6224777e-01;4.2500000e+01;2.5891364e-01;4.2500000e+01;2.3286536e-01;4.2500000e+01;1.9819802e-01;4.2500000e+01;1.5799907e-01;4.2500000e+01;1.1471775e-01;4.2500000e+01;7.5406797e-02;4.2500000e+01;3.7877716e-02;4.2500000e+01;-4.2423978e-04;4.2500000e+01;9.3199220e-03;4.2500000e+01;2.4570860e-02;4.2500000e+01;4.4591684e-02;4.2500000e+01;6.8239838e-02;4.2500000e+01;9.2684492e-02;4.2500000e+01;1.2360279e-01;4.2500000e+01;1.6112600e-01;4.2500000e+01;2.0488822e-01;4.2500000e+01;2.4466406e-01;4.2500000e+01;2.6224777e-01;4.2500000e+01;2.5891364e-01;4.2500000e+01;2.3286536e-01;4.2500000e+01;1.9819802e-01;4.2500000e+01;1.5799907e-01;4.2500000e+01;1.1471775e-01;4.2500000e+01;7.5406797e-02;4.2500000e+01;3.7877716e-02;4.2500000e+01;-4.2423978e-04;4.2500000e+01;9.3199220e-03;4.2500000e+01;2.4570860e-02;4.2500000e+01;4.4591684e-02;4.2500000e+01;6.8239838e-02;4.2500000e+01;9.2684492e-02;4.2500000e+01;1.2360279e-01;4.2500000e+01;1.6112600e-01;4.2500000e+01;2.0488822e-01;4.2500000e+01;2.4466406e-01;4.2500000e+01;2.6224777e-01;4.2500000e+01;2.5891364e-01;4.2500000e+01;2.3286536e-01;4.2500000e+01;1.9819802e-01;4.2500000e+01;1.5799907e-01;4.2500000e+01;1.1471775e-01;4.2500000e+01;7.5406797e-02;4.2500000e+01;3.7877716e-02;4.2500000e+01;-4.2423978e-04;4.2500000e+01;9.3199220e-03;4.2500000e+01;2.4570860e-02;4.2500000e+01;4.4591684e-02;4.2500000e+01;6.8239838e-02;4.2500000e+01;9.2684492e-02;4.2500000e+01;1.2360279e-01;4.2500000e+01;1.6112600e-01;4.2500000e+01;2.0488822e-01;4.2500000e+01;2.4466406e-01;4.2500000e+01;2.6224777e-01;4.2500000e+01;2.5891364e-01;4.2500000e+01;2.3286536e-01;4.2500000e+01;1.9819802e-01;4.2500000e+01;1.5799907e-01;4.2500000e+01;1.1471775e-01;4.2500000e+01;7.5406797e-02;4.2500000e+01;3.7877716e-02;4.2500000e+01;-4.2423978e-04;4.2500000e+01;9.3199220e-03;4.2500000e+01;2.4570860e-02;4.2500000e+01;4.4591684e-02;4.2500000e+01;6.8239838e-02;4.2500000e+01;9.2684492e-02;4.2500000e+01;1.2360279e-01;4.2500000e+01;1.6112600e-01;4.2500000e+01;2.0488822e-01;4.2500000e+01;2.4466406e-01;4.2500000e+01;2.6224777e-01;4.2500000e+01;2.5891364e-01;4.2500000e+01;2.3286536e-01;4.2500000e+01;1.9819802e-01;4.2500000e+01;1.5799907e-01;4.2500000e+01;1.1471775e-01;4.2500000e+01;7.5406797e-02;4.2500000e+01;3.7877716e-02;4.2500000e+01;-4.2423978e-04;4.2500000e+01;9.3199220e-03;4.2500000e+01;2.4570860e-02;4.2500000e+01;4.4591684e-02;4.2500000e+01;6.8239838e-02;4.2500000e+01;9.2684492e-02;4.2500000e+01;1.2360279e-01;4.2500000e+01;1.6112600e-01;4.2500000e+01;2.0488822e-01;4.2500000e+01;2.4466406e-01;4.2500000e+01;2.6224777e-01;4.2500000e+01;2.5891364e-01;4.2500000e+01;2.3286536e-01;4.2500000e+01;1.9819802e-01;4.2500000e+01;1.5799907e-01;4.2500000e+01;1.1471775e-01;4.2500000e+01;7.5406797e-02;4.2500000e+01;3.7877716e-02;4.2500000e+01;-4.2423978e-04;4.2500000e+01;9.3199220e-03;4.2500000e+01;2.4570860e-02;4.2500000e+01;4.4591684e-02;4.2500000e+01;6.8239838e-02;4.2500000e+01;9.2684492e-02;4.2500000e+01;1.2360279e-01;4.2500000e+01;1.6112600e-01;4.2500000e+01;2.0488822e-01;4.2500000e+01;2.4466406e-01;4.2500000e+01;2.6224777e-01;4.2500000e+01;2.5891364e-01;4.2500000e+01;2.3286536e-01;4.2500000e+01;1.9819802e-01;4.2500000e+01;1.5799907e-01;4.2500000e+01;1.1471775e-01;4.2500000e+01;7.5406797e-02;4.2500000e+01;3.7877716e-02;4.2500000e+01;-4.2423978e-04;4.2500000e+01;9.3199220e-03;4.2500000e+01;2.4570860e-02;4.2500000e+01;4.4591684e-02;4.2500000e+01;6.8239838e-02;4.2500000e+01;9.2684492e-02;4.2500000e+01;1.2360279e-01;4.2500000e+01;1.6112600e-01;4.2500000e+01;2.0488822e-01;4.2500000e+01;2.4466406e-01;4.2500000e+01;2.6224777e-01;4.2500000e+01;2.5891364e-01;4.2500000e+01;2.3286536e-01;4.2500000e+01;1.9819802e-01;4.2500000e+01;1.5799907e-01;4.2500000e+01;1.1471775e-01;4.2500000e+01;7.5406797e-02;4.2500000e+01;3.7877716e-02;4.2500000e+01;-4.2423978e-04;4.2500000e+01;9.3199220e-03;4.2500000e+01;2.4570860e-02;4.2500000e+01;4.4591684e-02;4.2500000e+01;6.8239838e-02;4.2500000e+01;9.2684492e-02;4.2500000e+01;1.2360279e-01;4.2500000e+01;1.6112600e-01;4.2500000e+01;2.0488822e-01;4.2500000e+01;2.4466406e-01;4.2500000e+01;2.6224777e-01;4.2500000e+01;2.5891364e-01;4.2500000e+01;2.3286536e-01;4.2500000e+01;1.9819802e-01;4.2500000e+01;1.5799907e-01;4.2500000e+01;1.1471775e-01;4.2500000e+01;7.5406797e-02;4.2500000e+01;3.7877716e-02;4.2500000e+01;-4.2423978e-04;4.2500000e+01;9.3199220e-03;4.2500000e+01;2.4570860e-02;4.2500000e+01;4.4591684e-02;4.2500000e+01;6.8239838e-02;4.2500000e+01;9.2684492e-02;4.2500000e+01;1.2360279e-01;4.2500000e+01;1.6112600e-01;4.2500000e+01;2.0488822e-01;4.2500000e+01;2.4466406e-01;4.2500000e+01;2.6224777e-01;4.2500000e+01;2.5891364e-01;4.2500000e+01;2.3286536e-01;4.2500000e+01;1.9819802e-01;4.2500000e+01;1.5799907e-01;4.2500000e+01;1.1471775e-01;4.2500000e+01;7.5406797e-02;4.2500000e+01;3.7877716e-02;4.2500000e+01;-4.2423978e-04;4.2500000e+01;9.3199220e-03;4.2500000e+01;2.4570860e-02;4.2500000e+01;4.4591684e-02;4.2500000e+01;6.8239838e-02;4.2500000e+01;9.2684492e-02;4.2500000e+01;1.2360279e-01;4.2500000e+01;1.6112600e-01;4.2500000e+01;2.0488822e-01;4.2500000e+01;2.4466406e-01;4.2500000e+01;2.6224777e-01;4.2500000e+01;2.5891364e-01;4.2500000e+01;2.3286536e-01;4.2500000e+01;1.9819802e-01;4.2500000e+01;1.5799907e-01;4.2500000e+01;1.1471775e-01;4.2500000e+01;7.5406797e-02;4.2500000e+01;3.7877716e-02;4.2500000e+01;-4.2423978e-04;4.2500000e+01;9.3199220e-03;4.2500000e+01;2.4570860e-02;4.2500000e+01;4.4591684e-02;4.2500000e+01;6.8239838e-02;4.2500000e+01;9.2684492e-02;4.2500000e+01;1.2360279e-01;4.2500000e+01;1.6112600e-01;4.2500000e+01;2.0488822e-01;4.2500000e+01;2.4466406e-01;4.2500000e+01;2.6224777e-01;4.2500000e+01;2.5891364e-01;4.2500000e+01;2.3286536e-01;4.2500000e+01;1.9819802e-01;4.2500000e+01;1.5799907e-01;4.2500000e+01;1.1471775e-01;4.2500000e+01;7.5406797e-02;4.2500000e+01;3.7877716e-02;4.2500000e+01;-4.2423978e-04;4.2500000e+01;9.3199220e-03;4.2500000e+01;2.4570860e-02;4.2500000e+01;4.4591684e-02;4.2500000e+01;6.8239838e-02;4.2500000e+01;9.2684492e-02;4.2500000e+01;1.2360279e-01;4.2500000e+01;1.6112600e-01;4.2500000e+01;2.0488822e-01;4.2500000e+01;2.4466406e-01;4.2500000e+01;2.6224777e-01;4.2500000e+01;2.5891364e-01;4.2500000e+01;2.3286536e-01;4.2500000e+01;1.9819802e-01;4.2500000e+01;1.5799907e-01;4.2500000e+01;1.1471775e-01;4.2500000e+01;7.5406797e-02;4.2500000e+01;3.7877716e-02;4.2500000e+01;-4.2423978e-04;4.2500000e+01;9.3199220e-03;4.2500000e+01;2.4570860e-02;4.2500000e+01;4.4591684e-02;4.2500000e+01;6.8239838e-02;4.2500000e+01;9.2684492e-02;4.2500000e+01;1.2360279e-01;4.2500000e+01;1.6112600e-01;4.2500000e+01;2.0488822e-01;4.2500000e+01;2.4466406e-01;4.2500000e+01;2.6224777e-01;4.2500000e+01;2.5891364e-01;4.2500000e+01;2.3286536e-01;4.2500000e+01;1.9819802e-01;4.2500000e+01;1.5799907e-01;4.2500000e+01;1.1471775e-01;4.2500000e+01;7.5406797e-02;4.2500000e+01;3.7877716e-02;4.2500000e+01;-4.2423978e-04;4.2500000e+01;9.3199220e-03;4.2500000e+01;2.4570860e-02;4.2500000e+01;4.4591684e-02;4.2500000e+01;6.8239838e-02;4.2500000e+01;9.2684492e-02;4.2500000e+01;1.2360279e-01;4.2500000e+01;1.6112600e-01;4.2500000e+01;2.0488822e-01;4.2500000e+01;2.4466406e-01;4.2500000e+01;2.6224777e-01;4.2500000e+01;2.5891364e-01;4.2500000e+01;2.3286536e-01;4.2500000e+01;1.9819802e-01;4.2500000e+01;1.5799907e-01;4.2500000e+01;1.1471775e-01;4.2500000e+01;7.5406797e-02;4.2500000e+01;3.7877716e-02;4.2500000e+01;-4.2423978e-04;4.2500000e+01;9.3199220e-03;4.2500000e+01;2.4570860e-02;4.2500000e+01;4.4591684e-02;4.2500000e+01;6.8239838e-02;4.2500000e+01;9.2684492e-02;4.2500000e+01;1.2360279e-01;4.2500000e+01;1.6112600e-01;4.2500000e+01;2.0488822e-01;4.2500000e+01;2.4466406e-01;4.2500000e+01;2.6224777e-01;4.2500000e+01;2.5891364e-01;4.2500000e+01;2.3286536e-01;4.2500000e+01;1.9819802e-01;4.2500000e+01;1.5799907e-01;4.2500000e+01;1.1471775e-01;4.2500000e+01;7.5406797e-02;4.2500000e+01;3.7877716e-02;4.2500000e+01;-4.2423978e-04;4.2500000e+01;9.3199220e-03;4.2500000e+01;2.4570860e-02;4.2500000e+01;4.4591684e-02;4.2500000e+01;6.8239838e-02;4.2500000e+01;9.2684492e-02;4.2500000e+01;1.2360279e-01;4.2500000e+01;1.6112600e-01;4.2500000e+01;2.0488822e-01;4.2500000e+01;2.4466406e-01;4.2500000e+01;2.6224777e-01;4.2500000e+01;2.5891364e-01;4.2500000e+01;2.3286536e-01;4.2500000e+01;1.9819802e-01;4.2500000e+01;1.5799907e-01;4.2500000e+01;1.1471775e-01;4.2500000e+01;7.5406797e-02;4.2500000e+01;3.7877716e-02;4.2500000e+01;-4.2423978e-04;4.2500000e+01;9.3199220e-03;4.2500000e+01;2.4570860e-02;4.2500000e+01;4.4591684e-02;4.2500000e+01;6.8239838e-02;4.2500000e+01;9.2684492e-02;4.2500000e+01;1.2360279e-01;4.2500000e+01;1.6112600e-01;4.2500000e+01;2.0488822e-01;4.2500000e+01;2.4466406e-01;4.2500000e+01;2.6224777e-01;4.2500000e+01;2.5891364e-01;4.2500000e+01;2.3286536e-01;4.2500000e+01;1.9819802e-01;4.2500000e+01;1.5799907e-01;4.2500000e+01;1.1471775e-01;4.2500000e+01;7.5406797e-02;4.2500000e+01;3.7877716e-02;4.2500000e+01;-4.2423978e-04;4.2500000e+01;9.3199220e-03;4.2500000e+01;2.4570860e-02;4.2500000e+01;4.4591684e-02;4.2500000e+01;6.8239838e-02;4.2500000e+01;9.2684492e-02;4.2500000e+01;1.2360279e-01;4.2500000e+01;1.6112600e-01;4.2500000e+01;2.0488822e-01;4.2500000e+01;2.4466406e-01;4.2500000e+01;2.6224777e-01;4.2500000e+01;2.5891364e-01;4.2500000e+01;2.3286536e-01;4.2500000e+01;1.9819802e-01;4.2500000e+01;1.5799907e-01;4.2500000e+01;1.1471775e-01;4.2500000e+01;7.5406797e-02;4.2500000e+01;3.7877716e-02;4.2500000e+01;-4.2423978e-04;4.2500000e+01;9.3199220e-03;4.2500000e+01;2.4570860e-02;4.2500000e+01;4.4591684e-02;4.2500000e+01;6.8239838e-02;4.2500000e+01;9.2684492e-02;4.2500000e+01;1.2360279e-01;4.2500000e+01;1.6112600e-01;4.2500000e+01;2.0488822e-01;4.2500000e+01;2.4466406e-01;4.2500000e+01;2.6224777e-01;4.2500000e+01;2.5891364e-01;4.2500000e+01;2.3286536e-01;4.2500000e+01;1.9819802e-01;4.2500000e+01;1.5799907e-01;4.2500000e+01;1.1471775e-01;4.2500000e+01;7.5406797e-02;4.2500000e+01;3.7877716e-02;4.2500000e+01;-4.2423978e-04;4.2500000e+01;9.3199220e-03;4.2500000e+01;2.4570860e-02;4.2500000e+01;4.4591684e-02;4.2500000e+01;6.8239838e-02;4.2500000e+01;9.2684492e-02;4.2500000e+01;1.2360279e-01;4.2500000e+01;1.6112600e-01;4.2500000e+01;2.0488822e-01;4.2500000e+01;2.4466406e-01;4.2500000e+01;2.6224777e-01;4.2500000e+01;2.5891364e-01;4.2500000e+01;2.3286536e-01;4.2500000e+01;1.9819802e-01;4.2500000e+01;1.5799907e-01;4.2500000e+01;1.1471775e-01;4.2500000e+01;7.5406797e-02;4.2500000e+01;3.7877716e-02;4.2500000e+01;-4.2423978e-04;4.2500000e+01;9.3199220e-03;4.2500000e+01;2.4570860e-02;4.2500000e+01;4.4591684e-02;4.2500000e+01;6.8239838e-02;4.2500000e+01;9.2684492e-02;4.2500000e+01;1.2360279e-01;4.2500000e+01;1.6112600e-01;4.2500000e+01;2.0488822e-01;4.2500000e+01;2.4466406e-01;4.2500000e+01;2.6224777e-01;4.2500000e+01;2.5891364e-01;4.2500000e+01;2.3286536e-01;4.2500000e+01;1.9819802e-01;4.2500000e+01;1.5799907e-01;4.2500000e+01;1.1471775e-01;4.2500000e+01;7.5406797e-02;4.2500000e+01;3.7877716e-02;4.2500000e+01;-4.2423978e-04;4.2500000e+01;9.3199220e-03;4.2500000e+01;2.4570860e-02;4.2500000e+01;4.4591684e-02;4.2500000e+01;6.8239838e-02;4.2500000e+01;9.2684492e-02;4.2500000e+01;1.2360279e-01;4.2500000e+01;1.6112600e-01;4.2500000e+01;2.0488822e-01;4.2500000e+01;2.4466406e-01;4.2500000e+01;2.6224777e-01;4.2500000e+01;2.5891364e-01;4.2500000e+01;2.3286536e-01;4.2500000e+01;1.9819802e-01;4.2500000e+01;1.5799907e-01;4.2500000e+01;1.1471775e-01;4.2500000e+01;7.5406797e-02;4.2500000e+01;3.7877716e-02;4.2500000e+01;-4.2423978e-04;4.2500000e+01;9.3199220e-03;4.2500000e+01;2.4570860e-02;4.2500000e+01;4.4591684e-02;4.2500000e+01;6.8239838e-02;4.2500000e+01;9.2684492e-02;4.2500000e+01;1.2360279e-01;4.2500000e+01;1.6112600e-01;4.2500000e+01;2.0488822e-01;4.2500000e+01;2.4466406e-01;4.2500000e+01;2.6224777e-01;4.2500000e+01;2.5891364e-01;4.2500000e+01;2.3286536e-01;4.2500000e+01;1.9819802e-01;4.2500000e+01;1.5799907e-01;4.2500000e+01;1.1471775e-01;4.2500000e+01;7.5406797e-02;4.2500000e+01;3.7877716e-02;4.2500000e+01;-4.2423978e-04;4.2500000e+01;9.3199220e-03;4.2500000e+01;2.4570860e-02;4.2500000e+01;4.4591684e-02;4.2500000e+01;6.8239838e-02;4.2500000e+01;9.2684492e-02;4.2500000e+01;1.2360279e-01;4.2500000e+01;1.6112600e-01;4.2500000e+01;2.0488822e-01;4.2500000e+01;2.4466406e-01;4.2500000e+01;2.6224777e-01;4.2500000e+01;2.5891364e-01;4.2500000e+01;2.3286536e-01;4.2500000e+01;1.9819802e-01;4.2500000e+01;1.5799907e-01;4.2500000e+01;1.1471775e-01;4.2500000e+01;7.5406797e-02;4.2500000e+01;3.7877716e-02;4.2500000e+01;-4.2423978e-04;4.2500000e+01;9.3199220e-03;4.2500000e+01;2.4570860e-02;4.2500000e+01;4.4591684e-02;4.2500000e+01;6.8239838e-02;4.2500000e+01;9.2684492e-02;4.2500000e+01;1.2360279e-01;4.2500000e+01;1.6112600e-01;4.2500000e+01;2.0488822e-01;4.2500000e+01;2.4466406e-01;4.2500000e+01;2.6224777e-01;4.2500000e+01;2.5891364e-01;4.2500000e+01;2.3286536e-01;4.2500000e+01;1.9819802e-01;4.2500000e+01;1.5799907e-01;4.2500000e+01;1.1471775e-01;4.2500000e+01;7.5406797e-02;4.2500000e+01;3.7877716e-02;4.2500000e+01;-4.2423978e-04;4.2500000e+01;9.3199220e-03;4.2500000e+01;2.4570860e-02;4.2500000e+01;4.4591684e-02;4.2500000e+01;6.8239838e-02;4.2500000e+01;9.2684492e-02;4.2500000e+01;1.2360279e-01;4.2500000e+01;1.6112600e-01;4.2500000e+01;2.0488822e-01;4.2500000e+01;2.4466406e-01;4.2500000e+01;2.6224777e-01;4.2500000e+01;2.5891364e-01;4.2500000e+01;2.3286536e-01;4.2500000e+01;1.9819802e-01;4.2500000e+01;1.5799907e-01;4.2500000e+01;1.1471775e-01;4.2500000e+01;7.5406797e-02;4.2500000e+01;3.7877716e-02;4.2500000e+01;-4.2423978e-04;4.2500000e+01;9.3199220e-03;4.2500000e+01;2.4570860e-02;4.2500000e+01;4.4591684e-02;4.2500000e+01;6.8239838e-02;4.2500000e+01;9.2684492e-02;4.2500000e+01;1.2360279e-01;4.2500000e+01;1.6112600e-01;4.2500000e+01;2.0488822e-01;4.2500000e+01;2.4466406e-01;4.2500000e+01;2.6224777e-01;4.2500000e+01;2.5891364e-01;4.2500000e+01;2.3286536e-01;4.2500000e+01;1.9819802e-01;4.2500000e+01;1.5799907e-01;4.2500000e+01;1.1471775e-01;4.2500000e+01;7.5406797e-02;4.2500000e+01;3.7877716e-02;4.2500000e+01;-4.2423978e-04;4.2500000e+01;9.3199220e-03;4.2500000e+01;2.4570860e-02;4.2500000e+01;4.4591684e-02;4.2500000e+01;6.8239838e-02;4.2500000e+01;9.2684492e-02;4.2500000e+01;1.2360279e-01;4.2500000e+01;1.6112600e-01;4.2500000e+01;2.0488822e-01;4.2500000e+01;2.4466406e-01;4.2500000e+01;2.6224777e-01;4.2500000e+01;2.5891364e-01;4.2500000e+01;2.3286536e-01;4.2500000e+01;1.9819802e-01;4.2500000e+01;1.5799907e-01;4.2500000e+01;1.1471775e-01;4.2500000e+01;7.5406797e-02;4.2500000e+01;3.7877716e-02;4.2500000e+01;-4.2423978e-04;4.2500000e+01;9.3199220e-03;4.2500000e+01;2.4570860e-02;4.2500000e+01;4.4591684e-02;4.2500000e+01;6.8239838e-02;4.2500000e+01;9.2684492e-02;4.2500000e+01;1.2360279e-01;4.2500000e+01;1.6112600e-01;4.2500000e+01;2.0488822e-01;4.2500000e+01;2.4466406e-01;4.2500000e+01;2.6224777e-01;4.2500000e+01;2.5891364e-01;4.2500000e+01;2.3286536e-01;4.2500000e+01;1.9819802e-01;4.2500000e+01;1.5799907e-01;4.2500000e+01;1.1471775e-01;4.2500000e+01;7.5406797e-02;4.2500000e+01;3.7877716e-02;4.2500000e+01;-4.2423978e-04;4.2500000e+01;9.3199220e-03;4.2500000e+01;2.4570860e-02;4.2500000e+01;4.4591684e-02;4.2500000e+01;6.8239838e-02;4.2500000e+01;9.2684492e-02;4.2500000e+01;1.2360279e-01;4.2500000e+01;1.6112600e-01;4.2500000e+01;2.0488822e-01;4.2500000e+01;2.4466406e-01;4.2500000e+01;2.6224777e-01;4.2500000e+01;2.5891364e-01;4.2500000e+01;2.3286536e-01;4.2500000e+01;1.9819802e-01;4.2500000e+01;1.5799907e-01;4.2500000e+01;1.1471775e-01;4.2500000e+01;7.5406797e-02;4.2500000e+01;3.7877716e-02;4.2500000e+01;-4.2423978e-04;4.2500000e+01;9.3199220e-03;4.2500000e+01;2.4570860e-02;4.2500000e+01;4.4591684e-02;4.2500000e+01;6.8239838e-02;4.2500000e+01;9.2684492e-02;4.2500000e+01;1.2360279e-01;4.2500000e+01;1.6112600e-01;4.2500000e+01;2.0488822e-01;4.2500000e+01;2.4466406e-01;4.2500000e+01;2.6224777e-01;4.2500000e+01;2.5891364e-01;4.2500000e+01;2.3286536e-01;4.2500000e+01;1.9819802e-01;4.2500000e+01;1.5799907e-01;4.2500000e+01;1.1471775e-01;4.2500000e+01;7.5406797e-02;4.2500000e+01;3.7877716e-02;4.2500000e+01;-4.2423978e-04;4.2500000e+01;9.3199220e-03;4.2500000e+01;2.4570860e-02;4.2500000e+01;4.4591684e-02;4.2500000e+01;6.8239838e-02;4.2500000e+01;9.2684492e-02;4.2500000e+01;1.2360279e-01;4.2500000e+01;1.6112600e-01;4.2500000e+01;2.0488822e-01;4.2500000e+01;2.4466406e-01;4.2500000e+01;2.6224777e-01;4.2500000e+01;2.5891364e-01;4.2500000e+01;2.3286536e-01;4.2500000e+01;1.9819802e-01;4.2500000e+01;1.5799907e-01;4.2500000e+01;1.1471775e-01;4.2500000e+01;7.5406797e-02;4.2500000e+01;3.7877716e-02;4.2500000e+01;-4.2423978e-04;4.2500000e+01;9.3199220e-03;4.2500000e+01;2.4570860e-02;4.2500000e+01;4.4591684e-02;4.2500000e+01;6.8239838e-02;4.2500000e+01;9.2684492e-02;4.2500000e+01;1.2360279e-01;4.2500000e+01;1.6112600e-01;4.2500000e+01;2.0488822e-01;4.2500000e+01;2.4466406e-01;4.2500000e+01;2.6224777e-01;4.2500000e+01;2.5891364e-01;4.2500000e+01;2.3286536e-01;4.2500000e+01;1.9819802e-01;4.2500000e+01;1.5799907e-01;4.2500000e+01;1.1471775e-01;4.2500000e+01;7.5406797e-02;4.2500000e+01;3.7877716e-02;4.2500000e+01;-4.2423978e-04;4.2500000e+01;9.3199220e-03;4.2500000e+01;2.4570860e-02;4.2500000e+01;4.4591684e-02;4.2500000e+01;6.8239838e-02;4.2500000e+01;9.2684492e-02;4.2500000e+01;1.2360279e-01;4.2500000e+01;1.6112600e-01;4.2500000e+01;2.0488822e-01;4.2500000e+01;2.4466406e-01;4.2500000e+01;2.6224777e-01;4.2500000e+01;2.5891364e-01;4.2500000e+01;2.3286536e-01;4.2500000e+01;1.9819802e-01;4.2500000e+01;1.5799907e-01;4.2500000e+01;1.1471775e-01;4.2500000e+01;7.5406797e-02;4.2500000e+01;3.7877716e-02;4.2500000e+01;-4.2423978e-04;4.2500000e+01;9.3199220e-03;4.2500000e+01;2.4570860e-02;4.2500000e+01;4.4591684e-02;4.2500000e+01;6.8239838e-02;4.2500000e+01;9.2684492e-02;4.2500000e+01;1.2360279e-01;4.2500000e+01;1.6112600e-01;4.2500000e+01;2.0488822e-01;4.2500000e+01;2.4466406e-01;4.2500000e+01;2.6224777e-01;4.2500000e+01;2.5891364e-01;4.2500000e+01;2.3286536e-01;4.2500000e+01;1.9819802e-01;4.2500000e+01;1.5799907e-01;4.2500000e+01;1.1471775e-01;4.2500000e+01;7.5406797e-02;4.2500000e+01;3.7877716e-02;4.2500000e+01;-4.2423978e-04;4.2500000e+01;9.3199220e-03;4.2500000e+01;2.4570860e-02;4.2500000e+01;4.4591684e-02;4.2500000e+01;6.8239838e-02;4.2500000e+01;9.2684492e-02;4.2500000e+01;1.2360279e-01;4.2500000e+01;1.6112600e-01;4.2500000e+01;2.0488822e-01;4.2500000e+01;2.4466406e-01;4.2500000e+01;2.6224777e-01;4.2500000e+01;2.5891364e-01;4.2500000e+01;2.3286536e-01;4.2500000e+01;1.9819802e-01;4.2500000e+01;1.5799907e-01;4.2500000e+01;1.1471775e-01;4.2500000e+01;7.5406797e-02;4.2500000e+01;3.7877716e-02;4.2500000e+01;-4.2423978e-04;4.2500000e+01;9.3199220e-03;4.2500000e+01;2.4570860e-02;4.2500000e+01;4.4591684e-02;4.2500000e+01;6.8239838e-02;4.2500000e+01;9.2684492e-02;4.2500000e+01;1.2360279e-01;4.2500000e+01;1.6112600e-01;4.2500000e+01;2.0488822e-01;4.2500000e+01;2.4466406e-01;4.2500000e+01;2.6224777e-01;4.2500000e+01;2.5891364e-01;4.2500000e+01;2.3286536e-01;4.2500000e+01;1.9819802e-01;4.2500000e+01;1.5799907e-01;4.2500000e+01;1.1471775e-01;4.2500000e+01;7.5406797e-02;4.2500000e+01;3.7877716e-02;4.2500000e+01;-4.2423978e-04;4.2500000e+01;9.3199220e-03;4.2500000e+01;2.4570860e-02;4.2500000e+01;4.4591684e-02;4.2500000e+01;6.8239838e-02;4.2500000e+01;9.2684492e-02;4.2500000e+01;1.2360279e-01;4.2500000e+01;1.6112600e-01;4.2500000e+01;2.0488822e-01;4.2500000e+01;2.4466406e-01;4.2500000e+01;2.6224777e-01;4.2500000e+01;2.5891364e-01;4.2500000e+01;2.3286536e-01;4.2500000e+01;1.9819802e-01;4.2500000e+01;1.5799907e-01;4.2500000e+01;1.1471775e-01;4.2500000e+01;7.5406797e-02;4.2500000e+01;3.7877716e-02;4.2500000e+01;-4.2423978e-04;4.2500000e+01;9.3199220e-03;4.2500000e+01;2.4570860e-02;4.2500000e+01;4.4591684e-02;4.2500000e+01;6.8239838e-02;4.2500000e+01;9.2684492e-02;4.2500000e+01;1.2360279e-01;4.2500000e+01;1.6112600e-01;4.2500000e+01;2.0488822e-01;4.2500000e+01;2.4466406e-01;4.2500000e+01;2.6224777e-01;4.2500000e+01;2.5891364e-01;4.2500000e+01;2.3286536e-01;4.2500000e+01;1.9819802e-01;4.2500000e+01;1.5799907e-01;4.2500000e+01;1.1471775e-01;4.2500000e+01;7.5406797e-02;4.2500000e+01;3.7877716e-02;4.2500000e+01;-4.2423978e-04;4.2500000e+01;9.3199220e-03;4.2500000e+01;2.4570860e-02;4.2500000e+01;4.4591684e-02;4.2500000e+01;6.8239838e-02;4.2500000e+01;9.2684492e-02;4.2500000e+01;1.2360279e-01;4.2500000e+01;1.6112600e-01;4.2500000e+01;2.0488822e-01;4.2500000e+01;2.4466406e-01;4.2500000e+01;2.6224777e-01;4.2500000e+01;2.5891364e-01;4.2500000e+01;2.3286536e-01;4.2500000e+01;1.9819802e-01;4.2500000e+01;1.5799907e-01;4.2500000e+01;1.1471775e-01;4.2500000e+01;7.5406797e-02;4.2500000e+01;3.7877716e-02;4.2500000e+01;-4.2423978e-04;4.2500000e+01;9.3199220e-03;4.2500000e+01;2.4570860e-02;4.2500000e+01;4.4591684e-02;4.2500000e+01;6.8239838e-02;4.2500000e+01;9.2684492e-02;4.2500000e+01;1.2360279e-01;4.2500000e+01;1.6112600e-01;4.2500000e+01;2.0488822e-01;4.2500000e+01;2.4466406e-01;4.2500000e+01;2.6224777e-01;4.2500000e+01;2.5891364e-01;4.2500000e+01;2.3286536e-01;4.2500000e+01;1.9819802e-01;4.2500000e+01;1.5799907e-01;4.2500000e+01;1.1471775e-01;4.2500000e+01;7.5406797e-02;4.2500000e+01;3.7877716e-02;4.2500000e+01;-4.2423978e-04;4.2500000e+01;9.3199220e-03;4.2500000e+01;2.4570860e-02;4.2500000e+01;4.4591684e-02;4.2500000e+01;6.8239838e-02;4.2500000e+01;9.2684492e-02;4.2500000e+01;1.2360279e-01;4.2500000e+01;1.6112600e-01;4.2500000e+01;2.0488822e-01;4.2500000e+01;2.4466406e-01;4.2500000e+01;2.6224777e-01;4.2500000e+01;2.5891364e-01;4.2500000e+01;2.3286536e-01;4.2500000e+01;1.9819802e-01;4.2500000e+01;1.5799907e-01;4.2500000e+01;1.1471775e-01;4.2500000e+01;7.5406797e-02;4.2500000e+01;3.7877716e-02;4.2500000e+01;-4.2423978e-04;4.2500000e+01;9.3199220e-03;4.2500000e+01;2.4570860e-02;4.2500000e+01;4.4591684e-02;4.2500000e+01;6.8239838e-02;4.2500000e+01;9.2684492e-02;4.2500000e+01;1.2360279e-01;4.2500000e+01;1.6112600e-01;4.2500000e+01;2.0488822e-01;4.2500000e+01;2.4466406e-01;4.2500000e+01;2.6224777e-01;4.2500000e+01;2.5891364e-01;4.2500000e+01;2.3286536e-01;4.2500000e+01;1.9819802e-01;4.2500000e+01;1.5799907e-01;4.2500000e+01;1.1471775e-01;4.2500000e+01;7.5406797e-02;4.2500000e+01;3.7877716e-02;4.2500000e+01;-4.2423978e-04;4.2500000e+01;9.3199220e-03;4.2500000e+01;2.4570860e-02;4.2500000e+01;4.4591684e-02;4.2500000e+01;6.8239838e-02;4.2500000e+01;9.2684492e-02;4.2500000e+01;1.2360279e-01;4.2500000e+01;1.6112600e-01;4.2500000e+01;2.0488822e-01;4.2500000e+01;2.4466406e-01;4.2500000e+01;2.6224777e-01;4.2500000e+01;2.5891364e-01;4.2500000e+01;2.3286536e-01;4.2500000e+01;1.9819802e-01;4.2500000e+01;1.5799907e-01;4.2500000e+01;1.1471775e-01;4.2500000e+01;7.5406797e-02;4.2500000e+01;3.7877716e-02;4.2500000e+01;-4.2423978e-04;4.2500000e+01;9.3199220e-03;4.2500000e+01;2.4570860e-02;4.2500000e+01;4.4591684e-02;4.2500000e+01;6.8239838e-02;4.2500000e+01;9.2684492e-02;4.2500000e+01;1.2360279e-01;4.2500000e+01;1.6112600e-01;4.2500000e+01;2.0488822e-01;4.2500000e+01;2.4466406e-01;4.2500000e+01;2.6224777e-01;4.2500000e+01;2.5891364e-01;4.2500000e+01;2.3286536e-01;4.2500000e+01;1.9819802e-01;4.2500000e+01;1.5799907e-01;4.2500000e+01;1.1471775e-01;4.2500000e+01;7.5406797e-02;4.2500000e+01;3.7877716e-02;4.2500000e+01;-4.2423978e-04;4.2500000e+01;9.3199220e-03;4.2500000e+01;2.4570860e-02;4.2500000e+01;4.4591684e-02;4.2500000e+01;6.8239838e-02;4.2500000e+01;9.2684492e-02;4.2500000e+01;1.2360279e-01;4.2500000e+01;1.6112600e-01;4.2500000e+01;2.0488822e-01;4.2500000e+01;2.4466406e-01;4.2500000e+01;2.6224777e-01;4.2500000e+01;2.5891364e-01;4.2500000e+01;2.3286536e-01;4.2500000e+01;1.9819802e-01;4.2500000e+01;1.5799907e-01;4.2500000e+01;1.1471775e-01;4.2500000e+01;7.5406797e-02;4.2500000e+01;3.7877716e-02;4.2500000e+01;-4.2423978e-04;4.2500000e+01;9.3199220e-03;4.2500000e+01;2.4570860e-02;4.2500000e+01;4.4591684e-02;4.2500000e+01;6.8239838e-02;4.2500000e+01;9.2684492e-02;4.2500000e+01;1.2360279e-01;4.2500000e+01;1.6112600e-01;4.2500000e+01;2.0488822e-01;4.2500000e+01;2.4466406e-01;4.2500000e+01;2.6224777e-01;4.2500000e+01;2.5891364e-01;4.2500000e+01;2.3286536e-01;4.2500000e+01;1.9819802e-01;4.2500000e+01;1.5799907e-01;4.2500000e+01;1.1471775e-01;4.2500000e+01;7.5406797e-02;4.2500000e+01;3.7877716e-02;4.2500000e+01;-4.2423978e-04;4.2500000e+01;9.3199220e-03;4.2500000e+01;2.4570860e-02;4.2500000e+01;4.4591684e-02;4.2500000e+01;6.8239838e-02;4.2500000e+01;9.2684492e-02;4.2500000e+01;1.2360279e-01;4.2500000e+01;1.6112600e-01;4.2500000e+01;2.0488822e-01;4.2500000e+01;2.4466406e-01;4.2500000e+01;2.6224777e-01;4.2500000e+01;2.5891364e-01;4.2500000e+01;2.3286536e-01;4.2500000e+01;1.9819802e-01;4.2500000e+01;1.5799907e-01;4.2500000e+01;1.1471775e-01;4.2500000e+01;7.5406797e-02;4.2500000e+01;3.7877716e-02;4.2500000e+01;-4.2423978e-04;4.2500000e+01;9.3199220e-03;4.2500000e+01;2.4570860e-02;4.2500000e+01;4.4591684e-02;4.2500000e+01;6.8239838e-02;4.2500000e+01;9.2684492e-02;4.2500000e+01;1.2360279e-01;4.2500000e+01;1.6112600e-01;4.2500000e+01;2.0488822e-01;4.2500000e+01;2.4466406e-01;4.2500000e+01;2.6224777e-01;4.2500000e+01;2.5891364e-01;4.2500000e+01;2.3286536e-01;4.2500000e+01;1.9819802e-01;4.2500000e+01;1.5799907e-01;4.2500000e+01;1.1471775e-01;4.2500000e+01;7.5406797e-02;4.2500000e+01;3.7877716e-02;4.2500000e+01;-4.2423978e-04;4.2500000e+01;9.3199220e-03;4.2500000e+01;2.4570860e-02;4.2500000e+01;4.4591684e-02;4.2500000e+01;6.8239838e-02;4.2500000e+01;9.2684492e-02;4.2500000e+01;1.2360279e-01;4.2500000e+01;1.6112600e-01;4.2500000e+01;2.0488822e-01;4.2500000e+01;2.4466406e-01;4.2500000e+01;2.6224777e-01;4.2500000e+01;2.5891364e-01;4.2500000e+01;2.3286536e-01;4.2500000e+01;1.9819802e-01;4.2500000e+01;1.5799907e-01;4.2500000e+01;1.1471775e-01;4.2500000e+01;7.5406797e-02;4.2500000e+01;3.7877716e-02;4.2500000e+01;-4.2423978e-04;4.2500000e+01;9.3199220e-03;4.2500000e+01;2.4570860e-02;4.2500000e+01;4.4591684e-02;4.2500000e+01;6.8239838e-02;4.2500000e+01;9.2684492e-02;4.2500000e+01;1.2360279e-01;4.2500000e+01;1.6112600e-01;4.2500000e+01;2.0488822e-01;4.2500000e+01;2.4466406e-01;4.2500000e+01;2.6224777e-01;4.2500000e+01;2.5891364e-01;4.2500000e+01;2.3286536e-01;4.2500000e+01;1.9819802e-01;4.2500000e+01;1.5799907e-01;4.2500000e+01;1.1471775e-01;4.2500000e+01;7.5406797e-02;4.2500000e+01;3.7877716e-02;4.2500000e+01;-4.2423978e-04;4.2500000e+01;9.3199220e-03;4.2500000e+01;2.4570860e-02;4.2500000e+01;4.4591684e-02;4.2500000e+01;6.8239838e-02;4.2500000e+01;9.2684492e-02;4.2500000e+01;1.2360279e-01;4.2500000e+01;1.6112600e-01;4.2500000e+01;2.0488822e-01;4.2500000e+01;2.4466406e-01;4.2500000e+01;2.6224777e-01;4.2500000e+01;2.5891364e-01;4.2500000e+01;2.3286536e-01;4.2500000e+01;1.9819802e-01;4.2500000e+01;1.5799907e-01;4.2500000e+01;1.1471775e-01;4.2500000e+01;7.5406797e-02;4.2500000e+01;3.7877716e-02;4.2500000e+01;-4.2423978e-04;4.2500000e+01;9.3199220e-03;4.2500000e+01;2.4570860e-02;4.2500000e+01;4.4591684e-02;4.2500000e+01;6.8239838e-02;4.2500000e+01;9.2684492e-02;4.2500000e+01;1.2360279e-01;4.2500000e+01;1.6112600e-01;4.2500000e+01;2.0488822e-01;4.2500000e+01;2.4466406e-01;4.2500000e+01;2.6224777e-01;4.2500000e+01;2.5891364e-01;4.2500000e+01;2.3286536e-01;4.2500000e+01;1.9819802e-01;4.2500000e+01;1.5799907e-01;4.2500000e+01;1.1471775e-01;4.2500000e+01;7.5406797e-02;4.2500000e+01;3.7877716e-02;4.2500000e+01;-4.2423978e-04;4.2500000e+01;9.3199220e-03;4.2500000e+01;2.4570860e-02;4.2500000e+01;4.4591684e-02;4.2500000e+01;6.8239838e-02;4.2500000e+01;9.2684492e-02;4.2500000e+01;1.2360279e-01;4.2500000e+01;1.6112600e-01;4.2500000e+01;2.0488822e-01;4.2500000e+01;2.4466406e-01;4.2500000e+01;2.6224777e-01;4.2500000e+01;2.5891364e-01;4.2500000e+01;2.3286536e-01;4.2500000e+01;1.9819802e-01;4.2500000e+01;1.5799907e-01;4.2500000e+01;1.1471775e-01;4.2500000e+01;7.5406797e-02;4.2500000e+01;3.7877716e-02;4.2500000e+01;-4.2423978e-04;4.2500000e+01;9.3199220e-03;4.2500000e+01;2.4570860e-02;4.2500000e+01;4.4591684e-02;4.2500000e+01;6.8239838e-02;4.2500000e+01;9.2684492e-02;4.2500000e+01;1.2360279e-01;4.2500000e+01;1.6112600e-01;4.2500000e+01;2.0488822e-01;4.2500000e+01;2.4466406e-01;4.2500000e+01;2.6224777e-01;4.2500000e+01;2.5891364e-01;4.2500000e+01;2.3286536e-01;4.2500000e+01;1.9819802e-01;4.2500000e+01;1.5799907e-01;4.2500000e+01;1.1471775e-01;4.2500000e+01;7.5406797e-02;4.2500000e+01;3.7877716e-02;4.2500000e+01;-4.2423978e-04;4.2500000e+01;9.3199220e-03;4.2500000e+01;2.4570860e-02;4.2500000e+01;4.4591684e-02;4.2500000e+01;6.8239838e-02;4.2500000e+01;9.2684492e-02;4.2500000e+01;1.2360279e-01;4.2500000e+01;1.6112600e-01;4.2500000e+01;2.0488822e-01;4.2500000e+01;2.4466406e-01;4.2500000e+01;2.6224777e-01;4.2500000e+01;2.5891364e-01;4.2500000e+01;2.3286536e-01;4.2500000e+01;1.9819802e-01;4.2500000e+01;1.5799907e-01;4.2500000e+01;1.1471775e-01;4.2500000e+01;7.5406797e-02;4.2500000e+01;3.7877716e-02;4.2500000e+01;-4.2423978e-04;4.2500000e+01;9.3199220e-03;4.2500000e+01;2.4570860e-02;4.2500000e+01;4.4591684e-02;4.2500000e+01;6.8239838e-02;4.2500000e+01;9.2684492e-02;4.2500000e+01;1.2360279e-01;4.2500000e+01;1.6112600e-01;4.2500000e+01;2.0488822e-01;4.2500000e+01;2.4466406e-01;4.2500000e+01;2.6224777e-01;4.2500000e+01;2.5891364e-01;4.2500000e+01;2.3286536e-01;4.2500000e+01;1.9819802e-01;4.2500000e+01;1.5799907e-01;4.2500000e+01;1.1471775e-01;4.2500000e+01;7.5406797e-02;4.2500000e+01;3.7877716e-02;4.2500000e+01;-4.2423978e-04;4.2500000e+01;9.3199220e-03;4.2500000e+01;2.4570860e-02;4.2500000e+01;4.4591684e-02;4.2500000e+01;6.8239838e-02;4.2500000e+01;9.2684492e-02;4.2500000e+01;1.2360279e-01;4.2500000e+01;1.6112600e-01;4.2500000e+01;2.0488822e-01;4.2500000e+01;2.4466406e-01;4.2500000e+01;2.6224777e-01;4.2500000e+01;2.5891364e-01;4.2500000e+01;2.3286536e-01;4.2500000e+01;1.9819802e-01;4.2500000e+01;1.5799907e-01;4.2500000e+01;1.1471775e-01;4.2500000e+01;7.5406797e-02;4.2500000e+01;3.7877716e-02;4.2500000e+01;-4.2423978e-04;4.2500000e+01;9.3199220e-03;4.2500000e+01;2.4570860e-02;4.2500000e+01;4.4591684e-02;4.2500000e+01;6.8239838e-02;4.2500000e+01;9.2684492e-02;4.2500000e+01;1.2360279e-01;4.2500000e+01;1.6112600e-01;4.2500000e+01;2.0488822e-01;4.2500000e+01;2.4466406e-01;4.2500000e+01;2.6224777e-01;4.2500000e+01;2.5891364e-01;4.2500000e+01;2.3286536e-01;4.2500000e+01;1.9819802e-01;4.2500000e+01;1.5799907e-01;4.2500000e+01;1.1471775e-01;4.2500000e+01;7.5406797e-02;4.2500000e+01;3.7877716e-02;4.2500000e+01;-4.2423978e-04;4.2500000e+01;9.3199220e-03;4.2500000e+01;2.4570860e-02;4.2500000e+01;4.4591684e-02;4.2500000e+01;6.8239838e-02;4.2500000e+01;9.2684492e-02;4.2500000e+01;1.2360279e-01;4.2500000e+01;1.6112600e-01;4.2500000e+01;2.0488822e-01;4.2500000e+01;2.4466406e-01;4.2500000e+01;2.6224777e-01;4.2500000e+01;2.5891364e-01;4.2500000e+01;2.3286536e-01;4.2500000e+01;1.9819802e-01;4.2500000e+01;1.5799907e-01;4.2500000e+01;1.1471775e-01;4.2500000e+01;7.5406797e-02;4.2500000e+01;3.7877716e-02;4.2500000e+01;-4.2423978e-04;4.2500000e+01;9.3199220e-03;4.2500000e+01;2.4570860e-02;4.2500000e+01;4.4591684e-02;4.2500000e+01;6.8239838e-02;4.2500000e+01;9.2684492e-02;4.2500000e+01;1.2360279e-01;4.2500000e+01;1.6112600e-01;4.2500000e+01;2.0488822e-01;4.2500000e+01;2.4466406e-01;4.2500000e+01;2.6224777e-01;4.2500000e+01;2.5891364e-01;4.2500000e+01;2.3286536e-01;4.2500000e+01;1.9819802e-01;4.2500000e+01;1.5799907e-01;4.2500000e+01;1.1471775e-01;4.2500000e+01;7.5406797e-02;4.2500000e+01;3.7877716e-02;4.2500000e+01;-4.2423978e-04;4.2500000e+01;9.3199220e-03;4.2500000e+01;2.4570860e-02;4.2500000e+01;4.4591684e-02;4.2500000e+01;6.8239838e-02;4.2500000e+01;9.2684492e-02;4.2500000e+01;1.2360279e-01;4.2500000e+01;1.6112600e-01;4.2500000e+01;2.0488822e-01;4.2500000e+01;2.4466406e-01;4.2500000e+01;2.6224777e-01;4.2500000e+01;2.5891364e-01;4.2500000e+01;2.3286536e-01;4.2500000e+01;1.9819802e-01;4.2500000e+01;1.5799907e-01;4.2500000e+01;1.1471775e-01;4.2500000e+01;7.5406797e-02;4.2500000e+01;3.7877716e-02;4.2500000e+01;-4.2423978e-04;4.2500000e+01;9.3199220e-03;4.2500000e+01;2.4570860e-02;4.2500000e+01;4.4591684e-02;4.2500000e+01;6.8239838e-02;4.2500000e+01;9.2684492e-02;4.2500000e+01;1.2360279e-01;4.2500000e+01;1.6112600e-01;4.2500000e+01;2.0488822e-01;4.2500000e+01;2.4466406e-01;4.2500000e+01;2.6224777e-01;4.2500000e+01;2.5891364e-01;4.2500000e+01;2.3286536e-01;4.2500000e+01;1.9819802e-01;4.2500000e+01;1.5799907e-01;4.2500000e+01;1.1471775e-01;4.2500000e+01;7.5406797e-02;4.2500000e+01;3.7877716e-02;4.2500000e+01;-4.2423978e-04;4.2500000e+01;9.3199220e-03;4.2500000e+01;2.4570860e-02;4.2500000e+01;4.4591684e-02;4.2500000e+01;6.8239838e-02;4.2500000e+01;9.2684492e-02;4.2500000e+01;1.2360279e-01;4.2500000e+01;1.6112600e-01;4.2500000e+01;2.0488822e-01;4.2500000e+01;2.4466406e-01;4.2500000e+01;2.6224777e-01;4.2500000e+01;2.5891364e-01;4.2500000e+01;2.3286536e-01;4.2500000e+01;1.9819802e-01;4.2500000e+01;1.5799907e-01;4.2500000e+01;1.1471775e-01;4.2500000e+01;7.5406797e-02;4.2500000e+01;3.7877716e-02;4.2500000e+01;-4.2423978e-04;4.2500000e+01;9.3199220e-03;4.2500000e+01;2.4570860e-02;4.2500000e+01;4.4591684e-02;4.2500000e+01;6.8239838e-02;4.2500000e+01;9.2684492e-02;4.2500000e+01;1.2360279e-01;4.2500000e+01;1.6112600e-01;4.2500000e+01;2.0488822e-01;4.2500000e+01;2.4466406e-01;4.2500000e+01;2.6224777e-01;4.2500000e+01;2.5891364e-01;4.2500000e+01;2.3286536e-01;4.2500000e+01;1.9819802e-01;4.2500000e+01;1.5799907e-01;4.2500000e+01;1.1471775e-01;4.2500000e+01;7.5406797e-02;4.2500000e+01;3.7877716e-02;4.2500000e+01;-4.2423978e-04;4.2500000e+01;9.3199220e-03;4.2500000e+01;2.4570860e-02;4.2500000e+01;4.4591684e-02;4.2500000e+01;6.8239838e-02;4.2500000e+01;9.2684492e-02;4.2500000e+01;1.2360279e-01;4.2500000e+01;1.6112600e-01;4.2500000e+01;2.0488822e-01;4.2500000e+01;2.4466406e-01;4.2500000e+01;2.6224777e-01;4.2500000e+01;2.5891364e-01;4.2500000e+01;2.3286536e-01;4.2500000e+01;1.9819802e-01;4.2500000e+01;1.5799907e-01;4.2500000e+01;1.1471775e-01;4.2500000e+01;7.5406797e-02;4.2500000e+01;3.7877716e-02;4.2500000e+01;-4.2423978e-04;4.2500000e+01;9.3199220e-03;4.2500000e+01;2.4570860e-02;4.2500000e+01;4.4591684e-02;4.2500000e+01;6.8239838e-02;4.2500000e+01;9.2684492e-02;4.2500000e+01;1.2360279e-01;4.2500000e+01;1.6112600e-01;4.2500000e+01;2.0488822e-01;4.2500000e+01;2.4466406e-01;4.2500000e+01;2.6224777e-01;4.2500000e+01;2.5891364e-01;4.2500000e+01;2.3286536e-01;4.2500000e+01;1.9819802e-01;4.2500000e+01;1.5799907e-01;4.2500000e+01;1.1471775e-01;4.2500000e+01;7.5406797e-02;4.2500000e+01;3.7877716e-02;4.2500000e+01;-4.2423978e-04;4.2500000e+01;9.3199220e-03;4.2500000e+01;2.4570860e-02;4.2500000e+01;4.4591684e-02;4.2500000e+01;6.8239838e-02;4.2500000e+01;9.2684492e-02;4.2500000e+01;1.2360279e-01;4.2500000e+01;1.6112600e-01;4.2500000e+01;2.0488822e-01;4.2500000e+01;2.4466406e-01;4.2500000e+01;2.6224777e-01;4.2500000e+01;2.5891364e-01;4.2500000e+01;2.3286536e-01;4.2500000e+01;1.9819802e-01;4.2500000e+01;1.5799907e-01;4.2500000e+01;1.1471775e-01;4.2500000e+01;7.5406797e-02;4.2500000e+01;3.7877716e-02;4.2500000e+01;-4.2423978e-04;4.2500000e+01;9.3199220e-03;4.2500000e+01;2.4570860e-02;4.2500000e+01;4.4591684e-02;4.2500000e+01;6.8239838e-02;4.2500000e+01;9.2684492e-02;4.2500000e+01;1.2360279e-01;4.2500000e+01;1.6112600e-01;4.2500000e+01;2.0488822e-01;4.2500000e+01;2.4466406e-01;4.2500000e+01;2.6224777e-01;4.2500000e+01;2.5891364e-01;4.2500000e+01;2.3286536e-01;4.2500000e+01;1.9819802e-01;4.2500000e+01;1.5799907e-01;4.2500000e+01;1.1471775e-01;4.2500000e+01;7.5406797e-02;4.2500000e+01;3.7877716e-02;4.2500000e+01;-4.2423978e-04;4.2500000e+01;9.3199220e-03;4.2500000e+01;2.4570860e-02;4.2500000e+01;4.4591684e-02;4.2500000e+01;6.8239838e-02;4.2500000e+01;9.2684492e-02;4.2500000e+01;1.2360279e-01;4.2500000e+01;1.6112600e-01;4.2500000e+01;2.0488822e-01;4.2500000e+01;2.4466406e-01;4.2500000e+01;2.6224777e-01;4.2500000e+01;2.5891364e-01;4.2500000e+01;2.3286536e-01;4.2500000e+01;1.9819802e-01;4.2500000e+01;1.5799907e-01;4.2500000e+01;1.1471775e-01;4.2500000e+01;7.5406797e-02;4.2500000e+01;3.7877716e-02;4.2500000e+01;-4.2423978e-04;4.2500000e+01;9.3199220e-03;4.2500000e+01;2.4570860e-02;4.2500000e+01;4.4591684e-02;4.2500000e+01;6.8239838e-02;4.2500000e+01;9.2684492e-02;4.2500000e+01;1.2360279e-01;4.2500000e+01;1.6112600e-01;4.2500000e+01;2.0488822e-01;4.2500000e+01;2.4466406e-01;4.2500000e+01;2.6224777e-01;4.2500000e+01;2.5891364e-01;4.2500000e+01;2.3286536e-01;4.2500000e+01;1.9819802e-01;4.2500000e+01;1.5799907e-01;4.2500000e+01;1.1471775e-01;4.2500000e+01;7.5406797e-02;4.2500000e+01;3.7877716e-02;4.2500000e+01;-4.2423978e-04;4.2500000e+01;9.3199220e-03;4.2500000e+01;2.4570860e-02;4.2500000e+01;4.4591684e-02;4.2500000e+01;6.8239838e-02;4.2500000e+01;9.2684492e-02;4.2500000e+01;1.2360279e-01;4.2500000e+01;1.6112600e-01;4.2500000e+01;2.0488822e-01;4.2500000e+01;2.4466406e-01;4.2500000e+01;2.6224777e-01;4.2500000e+01;2.5891364e-01;4.2500000e+01;2.3286536e-01;4.2500000e+01;1.9819802e-01;4.2500000e+01;1.5799907e-01;4.2500000e+01;1.1471775e-01;4.2500000e+01;7.5406797e-02;4.2500000e+01;3.7877716e-02;4.2500000e+01;-4.2423978e-04;4.2500000e+01;9.3199220e-03;4.2500000e+01;2.4570860e-02;4.2500000e+01;4.4591684e-02;4.2500000e+01;6.8239838e-02;4.2500000e+01;9.2684492e-02;4.2500000e+01;1.2360279e-01;4.2500000e+01;1.6112600e-01;4.2500000e+01;2.0488822e-01;4.2500000e+01;2.4466406e-01;4.2500000e+01;2.6224777e-01;4.2500000e+01;2.5891364e-01;4.2500000e+01;2.3286536e-01;4.2500000e+01;1.9819802e-01;4.2500000e+01;1.5799907e-01;4.2500000e+01;1.1471775e-01;4.2500000e+01;7.5406797e-02;4.2500000e+01;3.7877716e-02;4.2500000e+01;-4.2423978e-04;4.2500000e+01;9.3199220e-03;4.2500000e+01;2.4570860e-02;4.2500000e+01;4.4591684e-02;4.2500000e+01;6.8239838e-02;4.2500000e+01;9.2684492e-02;4.2500000e+01;1.2360279e-01;4.2500000e+01;1.6112600e-01;4.2500000e+01;2.0488822e-01;4.2500000e+01;2.4466406e-01;4.2500000e+01;2.6224777e-01;4.2500000e+01;2.5891364e-01;4.2500000e+01;2.3286536e-01;4.2500000e+01;1.9819802e-01;4.2500000e+01;1.5799907e-01;4.2500000e+01;1.1471775e-01;4.2500000e+01;7.5406797e-02;4.2500000e+01;3.7877716e-02;4.2500000e+01;-4.2423978e-04;4.2500000e+01;9.3199220e-03;4.2500000e+01;2.4570860e-02;4.2500000e+01;4.4591684e-02;4.2500000e+01;6.8239838e-02;4.2500000e+01;9.2684492e-02;4.2500000e+01;1.2360279e-01;4.2500000e+01;1.6112600e-01;4.2500000e+01;2.0488822e-01;4.2500000e+01;2.4466406e-01;4.2500000e+01;2.6224777e-01;4.2500000e+01;2.5891364e-01;4.2500000e+01;2.3286536e-01;4.2500000e+01;1.9819802e-01;4.2500000e+01;1.5799907e-01;4.2500000e+01;1.1471775e-01;4.2500000e+01;7.5406797e-02;4.2500000e+01;3.7877716e-02;4.2500000e+01;-4.2423978e-04;4.2500000e+01;9.3199220e-03;4.2500000e+01;2.4570860e-02;4.2500000e+01;4.4591684e-02;4.2500000e+01;6.8239838e-02;4.2500000e+01;9.2684492e-02;4.2500000e+01;1.2360279e-01;4.2500000e+01;1.6112600e-01;4.2500000e+01;2.0488822e-01;4.2500000e+01;2.4466406e-01;4.2500000e+01;2.6224777e-01;4.2500000e+01;2.5891364e-01;4.2500000e+01;2.3286536e-01;4.2500000e+01;1.9819802e-01;4.2500000e+01;1.5799907e-01;4.2500000e+01;1.1471775e-01;4.2500000e+01;7.5406797e-02;4.2500000e+01;3.7877716e-02;4.2500000e+01;-4.2423978e-04;4.2500000e+01;9.3199220e-03;4.2500000e+01;2.4570860e-02;4.2500000e+01;4.4591684e-02;4.2500000e+01;6.8239838e-02;4.2500000e+01;9.2684492e-02;4.2500000e+01;1.2360279e-01;4.2500000e+01;1.6112600e-01;4.2500000e+01;2.0488822e-01;4.2500000e+01;2.4466406e-01;4.2500000e+01;2.6224777e-01;4.2500000e+01;2.5891364e-01;4.2500000e+01;2.3286536e-01;4.2500000e+01;1.9819802e-01;4.2500000e+01;1.5799907e-01;4.2500000e+01;1.1471775e-01;4.2500000e+01;7.5406797e-02;4.2500000e+01;3.7877716e-02;4.2500000e+01;-4.2423978e-04;4.2500000e+01;9.3199220e-03;4.2500000e+01;2.4570860e-02;4.2500000e+01;4.4591684e-02;4.2500000e+01;6.8239838e-02;4.2500000e+01;9.2684492e-02;4.2500000e+01;1.2360279e-01;4.2500000e+01;1.6112600e-01;4.2500000e+01;2.0488822e-01;4.2500000e+01;2.4466406e-01;4.2500000e+01;2.6224777e-01;4.2500000e+01;2.5891364e-01;4.2500000e+01;2.3286536e-01;4.2500000e+01;1.9819802e-01;4.2500000e+01;1.5799907e-01;4.2500000e+01;1.1471775e-01;4.2500000e+01;7.5406797e-02;4.2500000e+01;3.7877716e-02;4.2500000e+01;-4.2423978e-04;4.2500000e+01;9.3199220e-03;4.2500000e+01;2.4570860e-02;4.2500000e+01;4.4591684e-02;4.2500000e+01;6.8239838e-02;4.2500000e+01;9.2684492e-02;4.2500000e+01;1.2360279e-01;4.2500000e+01;1.6112600e-01;4.2500000e+01;2.0488822e-01;4.2500000e+01;2.4466406e-01;4.2500000e+01;2.6224777e-01;4.2500000e+01;2.5891364e-01;4.2500000e+01;2.3286536e-01;4.2500000e+01;1.9819802e-01;4.2500000e+01;1.5799907e-01;4.2500000e+01;1.1471775e-01;4.2500000e+01;7.5406797e-02;4.2500000e+01;3.7877716e-02;4.2500000e+01;-4.2423978e-04;4.2500000e+01;9.3199220e-03;4.2500000e+01;2.4570860e-02;4.2500000e+01;4.4591684e-02;4.2500000e+01;6.8239838e-02;4.2500000e+01;9.2684492e-02;4.2500000e+01;1.2360279e-01;4.2500000e+01;1.6112600e-01;4.2500000e+01;2.0488822e-01;4.2500000e+01;2.4466406e-01;4.2500000e+01;2.6224777e-01;4.2500000e+01;2.5891364e-01;4.2500000e+01;2.3286536e-01;4.2500000e+01;1.9819802e-01;4.2500000e+01;1.5799907e-01;4.2500000e+01;1.1471775e-01;4.2500000e+01;7.5406797e-02;4.2500000e+01;3.7877716e-02;4.2500000e+01;-4.2423978e-04;4.2500000e+01;9.3199220e-03;4.2500000e+01;2.4570860e-02;4.2500000e+01;4.4591684e-02;4.2500000e+01;6.8239838e-02;4.2500000e+01;9.2684492e-02;4.2500000e+01;1.2360279e-01;4.2500000e+01;1.6112600e-01;4.2500000e+01;2.0488822e-01;4.2500000e+01;2.4466406e-01;4.2500000e+01;2.6224777e-01;4.2500000e+01;2.5891364e-01;4.2500000e+01;2.3286536e-01;4.2500000e+01;1.9819802e-01;4.2500000e+01;1.5799907e-01;4.2500000e+01;1.1471775e-01;4.2500000e+01;7.5406797e-02;4.2500000e+01;3.7877716e-02;4.2500000e+01;-4.2423978e-04;4.2500000e+01;9.3199220e-03;4.2500000e+01;2.4570860e-02;4.2500000e+01;4.4591684e-02;4.2500000e+01;6.8239838e-02;4.2500000e+01;9.2684492e-02;4.2500000e+01;1.2360279e-01;4.2500000e+01;1.6112600e-01;4.2500000e+01;2.0488822e-01;4.2500000e+01;2.4466406e-01;4.2500000e+01;2.6224777e-01;4.2500000e+01;2.5891364e-01;4.2500000e+01;2.3286536e-01;4.2500000e+01;1.9819802e-01;4.2500000e+01;1.5799907e-01;4.2500000e+01;1.1471775e-01;4.2500000e+01;7.5406797e-02;4.2500000e+01;3.7877716e-02;4.2500000e+01;-4.2423978e-04;4.2500000e+01;9.3199220e-03;4.2500000e+01;2.4570860e-02;4.2500000e+01;4.4591684e-02;4.2500000e+01;6.8239838e-02;4.2500000e+01;9.2684492e-02;4.2500000e+01;1.2360279e-01;4.2500000e+01;1.6112600e-01;4.2500000e+01;2.0488822e-01;4.2500000e+01;2.4466406e-01;4.2500000e+01;2.6224777e-01;4.2500000e+01;2.5891364e-01;4.2500000e+01;2.3286536e-01;4.2500000e+01;1.9819802e-01;4.2500000e+01;1.5799907e-01;4.2500000e+01;1.1471775e-01;4.2500000e+01;7.5406797e-02;4.2500000e+01;3.7877716e-02
4.7500000e+01;1.2773564e-03;4.7500000e+01;1.2828533e-02;4.7500000e+01;3.0352397e-02;4.7500000e+01;5.1146403e-02;4.7500000e+01;7.6138340e-02;4.7500000e+01;1.0514915e-01;4.7500000e+01;1.3548163e-01;4.7500000e+01;1.7117137e-01;4.7500000e+01;2.1053734e-01;4.7500000e+01;2.5308198e-01;4.7500000e+01;2.7370310e-01;4.7500000e+01;2.7096257e-01;4.7500000e+01;2.4285096e-01;4.7500000e+01;2.0693442e-01;4.7500000e+01;1.6555145e-01;4.7500000e+01;1.2024517e-01;4.7500000e+01;7.9540953e-02;4.7500000e+01;4.1780747e-02;4.7500000e+01;1.2773564e-03;4.7500000e+01;1.2828533e-02;4.7500000e+01;3.0352397e-02;4.7500000e+01;5.1146403e-02;4.7500000e+01;7.6138340e-02;4.7500000e+01;1.0514915e-01;4.7500000e+01;1.3548163e-01;4.7500000e+01;1.7117137e-01;4.7500000e+01;2.1053734e-01;4.7500000e+01;2.5308198e-01;4.7500000e+01;2.7370310e-01;4.7500000e+01;2.7096257e-01;4.7500000e+01;2.4285096e-01;4.7500000e+01;2.0693442e-01;4.7500000e+01;1.6555145e-01;4.7500000e+01;1.2024517e-01;4.7500000e+01;7.9540953e-02;4.7500000e+01;4.1780747e-02;4.7500000e+01;1.2773564e-03;4.7500000e+01;1.2828533e-02;4.7500000e+01;3.0352397e-02;4.7500000e+01;5.1146403e-02;4.7500000e+01;7.6138340e-02;4.7500000e+01;1.0514915e-01;4.7500000e+01;1.3548163e-01;4.7500000e+01;1.7117137e-01;4.7500000e+01;2.1053734e-01;4.7500000e+01;2.5308198e-01;4.7500000e+01;2.7370310e-01;4.7500000e+01;2.7096257e-01;4.7500000e+01;2.4285096e-01;4.7500000e+01;2.0693442e-01;4.7500000e+01;1.6555145e-01;4.7500000e+01;1.2024517e-01;4.7500000e+01;7.9540953e-02;4.7500000e+01;4.1780747e-02;4.7500000e+01;1.2773564e-03;4.7500000e+01;1.2828533e-02;4.7500000e+01;3.0352397e-02;4.7500000e+01;5.1146403e-02;4.7500000e+01;7.6138340e-02;4.7500000e+01;1.0514915e-01;4.7500000e+01;1.3548163e-01;4.7500000e+01;1.7117137e-01;4.7500000e+01;2.1053734e-01;4.7500000e+01;2.5308198e-01;4.7500000e+01;2.7370310e-01;4.7500000e+01;2.7096257e-01;4.7500000e+01;2.4285096e-01;4.7500000e+01;2.0693442e-01;4.7500000e+01;1.6555145e-01;4.7500000e+01;1.2024517e-01;4.7500000e+01;7.9540953e-02;4.7500000e+01;4.1780747e-02;4.7500000e+01;1.2773564e-03;4.7500000e+01;1.2828533e-02;4.7500000e+01;3.0352397e-02;4.7500000e+01;5.1146403e-02;4.7500000e+01;7.6138340e-02;4.7500000e+01;1.0514915e-01;4.7500000e+01;1.3548163e-01;4.7500000e+01;1.7117137e-01;4.7500000e+01;2.1053734e-01;4.7500000e+01;2.5308198e-01;4.7500000e+01;2.7370310e-01;4.7500000e+01;2.7096257e-01;4.7500000e+01;2.4285096e-01;4.7500000e+01;2.0693442e-01;4.7500000e+01;1.6555145e-01;4.7500000e+01;1.2024517e-01;4.7500000e+01;7.9540953e-02;4.7500000e+01;4.1780747e-02;4.7500000e+01;1.2773564e-03;4.7500000e+01;1.2828533e-02;4.7500000e+01;3.0352397e-02;4.7500000e+01;5.1146403e-02;4.7500000e+01;7.6138340e-02;4.7500000e+01;1.0514915e-01;4.7500000e+01;1.3548163e-01;4.7500000e+01;1.7117137e-01;4.7500000e+01;2.1053734e-01;4.7500000e+01;2.5308198e-01;4.7500000e+01;2.7370310e-01;4.7500000e+01;2.7096257e-01;4.7500000e+01;2.4285096e-01;4.7500000e+01;2.0693442e-01;4.7500000e+01;1.6555145e-01;4.7500000e+01;1.2024517e-01;4.7500000e+01;7.9540953e-02;4.7500000e+01;4.1780747e-02;4.7500000e+01;1.2773564e-03;4.7500000e+01;1.2828533e-02;4.7500000e+01;3.0352397e-02;4.7500000e+01;5.1146403e-02;4.7500000e+01;7.6138340e-02;4.7500000e+01;1.0514915e-01;4.7500000e+01;1.3548163e-01;4.7500000e+01;1.7117137e-01;4.7500000e+01;2.1053734e-01;4.7500000e+01;2.5308198e-01;4.7500000e+01;2.7370310e-01;4.7500000e+01;2.7096257e-01;4.7500000e+01;2.4285096e-01;4.7500000e+01;2.0693442e-01;4.7500000e+01;1.6555145e-01;4.7500000e+01;1.2024517e-01;4.7500000e+01;7.9540953e-02;4.7500000e+01;4.1780747e-02;4.7500000e+01;1.2773564e-03;4.7500000e+01;1.2828533e-02;4.7500000e+01;3.0352397e-02;4.7500000e+01;5.1146403e-02;4.7500000e+01;7.6138340e-02;4.7500000e+01;1.0514915e-01;4.7500000e+01;1.3548163e-01;4.7500000e+01;1.7117137e-01;4.7500000e+01;2.1053734e-01;4.7500000e+01;2.5308198e-01;4.7500000e+01;2.7370310e-01;4.7500000e+01;2.7096257e-01;4.7500000e+01;2.4285096e-01;4.7500000e+01;2.0693442e-01;4.7500000e+01;1.6555145e-01;4.7500000e+01;1.2024517e-01;4.7500000e+01;7.9540953e-02;4.7500000e+01;4.1780747e-02;4.7500000e+01;1.2773564e-03;4.7500000e+01;1.2828533e-02;4.7500000e+01;3.0352397e-02;4.7500000e+01;5.1146403e-02;4.7500000e+01;7.6138340e-02;4.7500000e+01;1.0514915e-01;4.7500000e+01;1.3548163e-01;4.7500000e+01;1.7117137e-01;4.7500000e+01;2.1053734e-01;4.7500000e+01;2.5308198e-01;4.7500000e+01;2.7370310e-01;4.7500000e+01;2.7096257e-01;4.7500000e+01;2.4285096e-01;4.7500000e+01;2.0693442e-01;4.7500000e+01;1.6555145e-01;4.7500000e+01;1.2024517e-01;4.7500000e+01;7.9540953e-02;4.7500000e+01;4.1780747e-02;4.7500000e+01;1.2773564e-03;4.7500000e+01;1.2828533e-02;4.7500000e+01;3.0352397e-02;4.7500000e+01;5.1146403e-02;4.7500000e+01;7.6138340e-02;4.7500000e+01;1.0514915e-01;4.7500000e+01;1.3548163e-01;4.7500000e+01;1.7117137e-01;4.7500000e+01;2.1053734e-01;4.7500000e+01;2.5308198e-01;4.7500000e+01;2.7370310e-01;4.7500000e+01;2.7096257e-01;4.7500000e+01;2.4285096e-01;4.7500000e+01;2.0693442e-01;4.7500000e+01;1.6555145e-01;4.7500000e+01;1.2024517e-01;4.7500000e+01;7.9540953e-02;4.7500000e+01;4.1780747e-02;4.7500000e+01;1.2773564e-03;4.7500000e+01;1.2828533e-02;4.7500000e+01;3.0352397e-02;4.7500000e+01;5.1146403e-02;4.7500000e+01;7.6138340e-02;4.7500000e+01;1.0514915e-01;4.7500000e+01;1.3548163e-01;4.7500000e+01;1.7117137e-01;4.7500000e+01;2.1053734e-01;4.7500000e+01;2.5308198e-01;4.7500000e+01;2.7370310e-01;4.7500000e+01;2.7096257e-01;4.7500000e+01;2.4285096e-01;4.7500000e+01;2.0693442e-01;4.7500000e+01;1.6555145e-01;4.7500000e+01;1.2024517e-01;4.7500000e+01;7.9540953e-02;4.7500000e+01;4.1780747e-02;4.7500000e+01;1.2773564e-03;4.7500000e+01;1.2828533e-02;4.7500000e+01;3.0352397e-02;4.7500000e+01;5.1146403e-02;4.7500000e+01;7.6138340e-02;4.7500000e+01;1.0514915e-01;4.7500000e+01;1.3548163e-01;4.7500000e+01;1.7117137e-01;4.7500000e+01;2.1053734e-01;4.7500000e+01;2.5308198e-01;4.7500000e+01;2.7370310e-01;4.7500000e+01;2.7096257e-01;4.7500000e+01;2.4285096e-01;4.7500000e+01;2.0693442e-01;4.7500000e+01;1.6555145e-01;4.7500000e+01;1.2024517e-01;4.7500000e+01;7.9540953e-02;4.7500000e+01;4.1780747e-02;4.7500000e+01;1.2773564e-03;4.7500000e+01;1.2828533e-02;4.7500000e+01;3.0352397e-02;4.7500000e+01;5.1146403e-02;4.7500000e+01;7.6138340e-02;4.7500000e+01;1.0514915e-01;4.7500000e+01;1.3548163e-01;4.7500000e+01;1.7117137e-01;4.7500000e+01;2.1053734e-01;4.7500000e+01;2.5308198e-01;4.7500000e+01;2.7370310e-01;4.7500000e+01;2.7096257e-01;4.7500000e+01;2.4285096e-01;4.7500000e+01;2.0693442e-01;4.7500000e+01;1.6555145e-01;4.7500000e+01;1.2024517e-01;4.7500000e+01;7.9540953e-02;4.7500000e+01;4.1780747e-02;4.7500000e+01;1.2773564e-03;4.7500000e+01;1.2828533e-02;4.7500000e+01;3.0352397e-02;4.7500000e+01;5.1146403e-02;4.7500000e+01;7.6138340e-02;4.7500000e+01;1.0514915e-01;4.7500000e+01;1.3548163e-01;4.7500000e+01;1.7117137e-01;4.7500000e+01;2.1053734e-01;4.7500000e+01;2.5308198e-01;4.7500000e+01;2.7370310e-01;4.7500000e+01;2.7096257e-01;4.7500000e+01;2.4285096e-01;4.7500000e+01;2.0693442e-01;4.7500000e+01;1.6555145e-01;4.7500000e+01;1.2024517e-01;4.7500000e+01;7.9540953e-02;4.7500000e+01;4.1780747e-02;4.7500000e+01;1.2773564e-03;4.7500000e+01;1.2828533e-02;4.7500000e+01;3.0352397e-02;4.7500000e+01;5.1146403e-02;4.7500000e+01;7.6138340e-02;4.7500000e+01;1.0514915e-01;4.7500000e+01;1.3548163e-01;4.7500000e+01;1.7117137e-01;4.7500000e+01;2.1053734e-01;4.7500000e+01;2.5308198e-01;4.7500000e+01;2.7370310e-01;4.7500000e+01;2.7096257e-01;4.7500000e+01;2.4285096e-01;4.7500000e+01;2.0693442e-01;4.7500000e+01;1.6555145e-01;4.7500000e+01;1.2024517e-01;4.7500000e+01;7.9540953e-02;4.7500000e+01;4.1780747e-02;4.7500000e+01;1.2773564e-03;4.7500000e+01;1.2828533e-02;4.7500000e+01;3.0352397e-02;4.7500000e+01;5.1146403e-02;4.7500000e+01;7.6138340e-02;4.7500000e+01;1.0514915e-01;4.7500000e+01;1.3548163e-01;4.7500000e+01;1.7117137e-01;4.7500000e+01;2.1053734e-01;4.7500000e+01;2.5308198e-01;4.7500000e+01;2.7370310e-01;4.7500000e+01;2.7096257e-01;4.7500000e+01;2.4285096e-01;4.7500000e+01;2.0693442e-01;4.7500000e+01;1.6555145e-01;4.7500000e+01;1.2024517e-01;4.7500000e+01;7.9540953e-02;4.7500000e+01;4.1780747e-02;4.7500000e+01;1.2773564e-03;4.7500000e+01;1.2828533e-02;4.7500000e+01;3.0352397e-02;4.7500000e+01;5.1146403e-02;4.7500000e+01;7.6138340e-02;4.7500000e+01;1.0514915e-01;4.7500000e+01;1.3548163e-01;4.7500000e+01;1.7117137e-01;4.7500000e+01;2.1053734e-01;4.7500000e+01;2.5308198e-01;4.7500000e+01;2.7370310e-01;4.7500000e+01;2.7096257e-01;4.7500000e+01;2.4285096e-01;4.7500000e+01;2.0693442e-01;4.7500000e+01;1.6555145e-01;4.7500000e+01;1.2024517e-01;4.7500000e+01;7.9540953e-02;4.7500000e+01;4.1780747e-02;4.7500000e+01;1.2773564e-03;4.7500000e+01;1.2828533e-02;4.7500000e+01;3.0352397e-02;4.7500000e+01;5.1146403e-02;4.7500000e+01;7.6138340e-02;4.7500000e+01;1.0514915e-01;4.7500000e+01;1.3548163e-01;4.7500000e+01;1.7117137e-01;4.7500000e+01;2.1053734e-01;4.7500000e+01;2.5308198e-01;4.7500000e+01;2.7370310e-01;4.7500000e+01;2.7096257e-01;4.7500000e+01;2.4285096e-01;4.7500000e+01;2.0693442e-01;4.7500000e+01;1.6555145e-01;4.7500000e+01;1.2024517e-01;4.7500000e+01;7.9540953e-02;4.7500000e+01;4.1780747e-02;4.7500000e+01;1.2773564e-03;4.7500000e+01;1.2828533e-02;4.7500000e+01;3.0352397e-02;4.7500000e+01;5.1146403e-02;4.7500000e+01;7.6138340e-02;4.7500000e+01;1.0514915e-01;4.7500000e+01;1.3548163e-01;4.7500000e+01;1.7117137e-01;4.7500000e+01;2.1053734e-01;4.7500000e+01;2.5308198e-01;4.7500000e+01;2.7370310e-01;4.7500000e+01;2.7096257e-01;4.7500000e+01;2.4285096e-01;4.7500000e+01;2.0693442e-01;4.7500000e+01;1.6555145e-01;4.7500000e+01;1.2024517e-01;4.7500000e+01;7.9540953e-02;4.7500000e+01;4.1780747e-02;4.7500000e+01;1.2773564e-03;4.7500000e+01;1.2828533e-02;4.7500000e+01;3.0352397e-02;4.7500000e+01;5.1146403e-02;4.7500000e+01;7.6138340e-02;4.7500000e+01;1.0514915e-01;4.7500000e+01;1.3548163e-01;4.7500000e+01;1.7117137e-01;4.7500000e+01;2.1053734e-01;4.7500000e+01;2.5308198e-01;4.7500000e+01;2.7370310e-01;4.7500000e+01;2.7096257e-01;4.7500000e+01;2.4285096e-01;4.7500000e+01;2.0693442e-01;4.7500000e+01;1.6555145e-01;4.7500000e+01;1.2024517e-01;4.7500000e+01;7.9540953e-02;4.7500000e+01;4.1780747e-02;4.7500000e+01;1.2773564e-03;4.7500000e+01;1.2828533e-02;4.7500000e+01;3.0352397e-02;4.7500000e+01;5.1146403e-02;4.7500000e+01;7.6138340e-02;4.7500000e+01;1.0514915e-01;4.7500000e+01;1.3548163e-01;4.7500000e+01;1.7117137e-01;4.7500000e+01;2.1053734e-01;4.7500000e+01;2.5308198e-01;4.7500000e+01;2.7370310e-01;4.7500000e+01;2.7096257e-01;4.7500000e+01;2.4285096e-01;4.7500000e+01;2.0693442e-01;4.7500000e+01;1.6555145e-01;4.7500000e+01;1.2024517e-01;4.7500000e+01;7.9540953e-02;4.7500000e+01;4.1780747e-02;4.7500000e+01;1.2773564e-03;4.7500000e+01;1.2828533e-02;4.7500000e+01;3.0352397e-02;4.7500000e+01;5.1146403e-02;4.7500000e+01;7.6138340e-02;4.7500000e+01;1.0514915e-01;4.7500000e+01;1.3548163e-01;4.7500000e+01;1.7117137e-01;4.7500000e+01;2.1053734e-01;4.7500000e+01;2.5308198e-01;4.7500000e+01;2.7370310e-01;4.7500000e+01;2.7096257e-01;4.7500000e+01;2.4285096e-01;4.7500000e+01;2.0693442e-01;4.7500000e+01;1.6555145e-01;4.7500000e+01;1.2024517e-01;4.7500000e+01;7.9540953e-02;4.7500000e+01;4.1780747e-02;4.7500000e+01;1.2773564e-03;4.7500000e+01;1.2828533e-02;4.7500000e+01;3.0352397e-02;4.7500000e+01;5.1146403e-02;4.7500000e+01;7.6138340e-02;4.7500000e+01;1.0514915e-01;4.7500000e+01;1.3548163e-01;4.7500000e+01;1.7117137e-01;4.7500000e+01;2.1053734e-01;4.7500000e+01;2.5308198e-01;4.7500000e+01;2.7370310e-01;4.7500000e+01;2.7096257e-01;4.7500000e+01;2.4285096e-01;4.7500000e+01;2.0693442e-01;4.7500000e+01;1.6555145e-01;4.7500000e+01;1.2024517e-01;4.7500000e+01;7.9540953e-02;4.7500000e+01;4.1780747e-02;4.7500000e+01;1.2773564e-03;4.7500000e+01;1.2828533e-02;4.7500000e+01;3.0352397e-02;4.7500000e+01;5.1146403e-02;4.7500000e+01;7.6138340e-02;4.7500000e+01;1.0514915e-01;4.7500000e+01;1.3548163e-01;4.7500000e+01;1.7117137e-01;4.7500000e+01;2.1053734e-01;4.7500000e+01;2.5308198e-01;4.7500000e+01;2.7370310e-01;4.7500000e+01;2.7096257e-01;4.7500000e+01;2.4285096e-01;4.7500000e+01;2.0693442e-01;4.7500000e+01;1.6555145e-01;4.7500000e+01;1.2024517e-01;4.7500000e+01;7.9540953e-02;4.7500000e+01;4.1780747e-02;4.7500000e+01;1.2773564e-03;4.7500000e+01;1.2828533e-02;4.7500000e+01;3.0352397e-02;4.7500000e+01;5.1146403e-02;4.7500000e+01;7.6138340e-02;4.7500000e+01;1.0514915e-01;4.7500000e+01;1.3548163e-01;4.7500000e+01;1.7117137e-01;4.7500000e+01;2.1053734e-01;4.7500000e+01;2.5308198e-01;4.7500000e+01;2.7370310e-01;4.7500000e+01;2.7096257e-01;4.7500000e+01;2.4285096e-01;4.7500000e+01;2.0693442e-01;4.7500000e+01;1.6555145e-01;4.7500000e+01;1.2024517e-01;4.7500000e+01;7.9540953e-02;4.7500000e+01;4.1780747e-02;4.7500000e+01;1.2773564e-03;4.7500000e+01;1.2828533e-02;4.7500000e+01;3.0352397e-02;4.7500000e+01;5.1146403e-02;4.7500000e+01;7.6138340e-02;4.7500000e+01;1.0514915e-01;4.7500000e+01;1.3548163e-01;4.7500000e+01;1.7117137e-01;4.7500000e+01;2.1053734e-01;4.7500000e+01;2.5308198e-01;4.7500000e+01;2.7370310e-01;4.7500000e+01;2.7096257e-01;4.7500000e+01;2.4285096e-01;4.7500000e+01;2.0693442e-01;4.7500000e+01;1.6555145e-01;4.7500000e+01;1.2024517e-01;4.7500000e+01;7.9540953e-02;4.7500000e+01;4.1780747e-02;4.7500000e+01;1.2773564e-03;4.7500000e+01;1.2828533e-02;4.7500000e+01;3.0352397e-02;4.7500000e+01;5.1146403e-02;4.7500000e+01;7.6138340e-02;4.7500000e+01;1.0514915e-01;4.7500000e+01;1.3548163e-01;4.7500000e+01;1.7117137e-01;4.7500000e+01;2.1053734e-01;4.7500000e+01;2.5308198e-01;4.7500000e+01;2.7370310e-01;4.7500000e+01;2.7096257e-01;4.7500000e+01;2.4285096e-01;4.7500000e+01;2.0693442e-01;4.7500000e+01;1.6555145e-01;4.7500000e+01;1.2024517e-01;4.7500000e+01;7.9540953e-02;4.7500000e+01;4.1780747e-02;4.7500000e+01;1.2773564e-03;4.7500000e+01;1.2828533e-02;4.7500000e+01;3.0352397e-02;4.7500000e+01;5.1146403e-02;4.7500000e+01;7.6138340e-02;4.7500000e+01;1.0514915e-01;4.7500000e+01;1.3548163e-01;4.7500000e+01;1.7117137e-01;4.7500000e+01;2.1053734e-01;4.7500000e+01;2.5308198e-01;4.7500000e+01;2.7370310e-01;4.7500000e+01;2.7096257e-01;4.7500000e+01;2.4285096e-01;4.7500000e+01;2.0693442e-01;4.7500000e+01;1.6555145e-01;4.7500000e+01;1.2024517e-01;4.7500000e+01;7.9540953e-02;4.7500000e+01;4.1780747e-02;4.7500000e+01;1.2773564e-03;4.7500000e+01;1.2828533e-02;4.7500000e+01;3.0352397e-02;4.7500000e+01;5.1146403e-02;4.7500000e+01;7.6138340e-02;4.7500000e+01;1.0514915e-01;4.7500000e+01;1.3548163e-01;4.7500000e+01;1.7117137e-01;4.7500000e+01;2.1053734e-01;4.7500000e+01;2.5308198e-01;4.7500000e+01;2.7370310e-01;4.7500000e+01;2.7096257e-01;4.7500000e+01;2.4285096e-01;4.7500000e+01;2.0693442e-01;4.7500000e+01;1.6555145e-01;4.7500000e+01;1.2024517e-01;4.7500000e+01;7.9540953e-02;4.7500000e+01;4.1780747e-02;4.7500000e+01;1.2773564e-03;4.7500000e+01;1.2828533e-02;4.7500000e+01;3.0352397e-02;4.7500000e+01;5.1146403e-02;4.7500000e+01;7.6138340e-02;4.7500000e+01;1.0514915e-01;4.7500000e+01;1.3548163e-01;4.7500000e+01;1.7117137e-01;4.7500000e+01;2.1053734e-01;4.7500000e+01;2.5308198e-01;4.7500000e+01;2.7370310e-01;4.7500000e+01;2.7096257e-01;4.7500000e+01;2.4285096e-01;4.7500000e+01;2.0693442e-01;4.7500000e+01;1.6555145e-01;4.7500000e+01;1.2024517e-01;4.7500000e+01;7.9540953e-02;4.7500000e+01;4.1780747e-02;4.7500000e+01;1.2773564e-03;4.7500000e+01;1.2828533e-02;4.7500000e+01;3.0352397e-02;4.7500000e+01;5.1146403e-02;4.7500000e+01;7.6138340e-02;4.7500000e+01;1.0514915e-01;4.7500000e+01;1.3548163e-01;4.7500000e+01;1.7117137e-01;4.7500000e+01;2.1053734e-01;4.7500000e+01;2.5308198e-01;4.7500000e+01;2.7370310e-01;4.7500000e+01;2.7096257e-01;4.7500000e+01;2.4285096e-01;4.7500000e+01;2.0693442e-01;4.7500000e+01;1.6555145e-01;4.7500000e+01;1.2024517e-01;4.7500000e+01;7.9540953e-02;4.7500000e+01;4.1780747e-02;4.7500000e+01;1.2773564e-03;4.7500000e+01;1.2828533e-02;4.7500000e+01;3.0352397e-02;4.7500000e+01;5.1146403e-02;4.7500000e+01;7.6138340e-02;4.7500000e+01;1.0514915e-01;4.7500000e+01;1.3548163e-01;4.7500000e+01;1.7117137e-01;4.7500000e+01;2.1053734e-01;4.7500000e+01;2.5308198e-01;4.7500000e+01;2.7370310e-01;4.7500000e+01;2.7096257e-01;4.7500000e+01;2.4285096e-01;4.7500000e+01;2.0693442e-01;4.7500000e+01;1.6555145e-01;4.7500000e+01;1.2024517e-01;4.7500000e+01;7.9540953e-02;4.7500000e+01;4.1780747e-02;4.7500000e+01;1.2773564e-03;4.7500000e+01;1.2828533e-02;4.7500000e+01;3.0352397e-02;4.7500000e+01;5.1146403e-02;4.7500000e+01;7.6138340e-02;4.7500000e+01;1.0514915e-01;4.7500000e+01;1.3548163e-01;4.7500000e+01;1.7117137e-01;4.7500000e+01;2.1053734e-01;4.7500000e+01;2.5308198e-01;4.7500000e+01;2.7370310e-01;4.7500000e+01;2.7096257e-01;4.7500000e+01;2.4285096e-01;4.7500000e+01;2.0693442e-01;4.7500000e+01;1.6555145e-01;4.7500000e+01;1.2024517e-01;4.7500000e+01;7.9540953e-02;4.7500000e+01;4.1780747e-02;4.7500000e+01;1.2773564e-03;4.7500000e+01;1.2828533e-02;4.7500000e+01;3.0352397e-02;4.7500000e+01;5.1146403e-02;4.7500000e+01;7.6138340e-02;4.7500000e+01;1.0514915e-01;4.7500000e+01;1.3548163e-01;4.7500000e+01;1.7117137e-01;4.7500000e+01;2.1053734e-01;4.7500000e+01;2.5308198e-01;4.7500000e+01;2.7370310e-01;4.7500000e+01;2.7096257e-01;4.7500000e+01;2.4285096e-01;4.7500000e+01;2.0693442e-01;4.7500000e+01;1.6555145e-01;4.7500000e+01;1.2024517e-01;4.7500000e+01;7.9540953e-02;4.7500000e+01;4.1780747e-02;4.7500000e+01;1.2773564e-03;4.7500000e+01;1.2828533e-02;4.7500000e+01;3.0352397e-02;4.7500000e+01;5.1146403e-02;4.7500000e+01;7.6138340e-02;4.7500000e+01;1.0514915e-01;4.7500000e+01;1.3548163e-01;4.7500000e+01;1.7117137e-01;4.7500000e+01;2.1053734e-01;4.7500000e+01;2.5308198e-01;4.7500000e+01;2.7370310e-01;4.7500000e+01;2.7096257e-01;4.7500000e+01;2.4285096e-01;4.7500000e+01;2.0693442e-01;4.7500000e+01;1.6555145e-01;4.7500000e+01;1.2024517e-01;4.7500000e+01;7.9540953e-02;4.7500000e+01;4.1780747e-02;4.7500000e+01;1.2773564e-03;4.7500000e+01;1.2828533e-02;4.7500000e+01;3.0352397e-02;4.7500000e+01;5.1146403e-02;4.7500000e+01;7.6138340e-02;4.7500000e+01;1.0514915e-01;4.7500000e+01;1.3548163e-01;4.7500000e+01;1.7117137e-01;4.7500000e+01;2.1053734e-01;4.7500000e+01;2.5308198e-01;4.7500000e+01;2.7370310e-01;4.7500000e+01;2.7096257e-01;4.7500000e+01;2.4285096e-01;4.7500000e+01;2.0693442e-01;4.7500000e+01;1.6555145e-01;4.7500000e+01;1.2024517e-01;4.7500000e+01;7.9540953e-02;4.7500000e+01;4.1780747e-02;4.7500000e+01;1.2773564e-03;4.7500000e+01;1.2828533e-02;4.7500000e+01;3.0352397e-02;4.7500000e+01;5.1146403e-02;4.7500000e+01;7.6138340e-02;4.7500000e+01;1.0514915e-01;4.7500000e+01;1.3548163e-01;4.7500000e+01;1.7117137e-01;4.7500000e+01;2.1053734e-01;4.7500000e+01;2.5308198e-01;4.7500000e+01;2.7370310e-01;4.7500000e+01;2.7096257e-01;4.7500000e+01;2.4285096e-01;4.7500000e+01;2.0693442e-01;4.7500000e+01;1.6555145e-01;4.7500000e+01;1.2024517e-01;4.7500000e+01;7.9540953e-02;4.7500000e+01;4.1780747e-02;4.7500000e+01;1.2773564e-03;4.7500000e+01;1.2828533e-02;4.7500000e+01;3.0352397e-02;4.7500000e+01;5.1146403e-02;4.7500000e+01;7.6138340e-02;4.7500000e+01;1.0514915e-01;4.7500000e+01;1.3548163e-01;4.7500000e+01;1.7117137e-01;4.7500000e+01;2.1053734e-01;4.7500000e+01;2.5308198e-01;4.7500000e+01;2.7370310e-01;4.7500000e+01;2.7096257e-01;4.7500000e+01;2.4285096e-01;4.7500000e+01;2.0693442e-01;4.7500000e+01;1.6555145e-01;4.7500000e+01;1.2024517e-01;4.7500000e+01;7.9540953e-02;4.7500000e+01;4.1780747e-02;4.7500000e+01;1.2773564e-03;4.7500000e+01;1.2828533e-02;4.7500000e+01;3.0352397e-02;4.7500000e+01;5.1146403e-02;4.7500000e+01;7.6138340e-02;4.7500000e+01;1.0514915e-01;4.7500000e+01;1.3548163e-01;4.7500000e+01;1.7117137e-01;4.7500000e+01;2.1053734e-01;4.7500000e+01;2.5308198e-01;4.7500000e+01;2.7370310e-01;4.7500000e+01;2.7096257e-01;4.7500000e+01;2.4285096e-01;4.7500000e+01;2.0693442e-01;4.7500000e+01;1.6555145e-01;4.7500000e+01;1.2024517e-01;4.7500000e+01;7.9540953e-02;4.7500000e+01;4.1780747e-02;4.7500000e+01;1.2773564e-03;4.7500000e+01;1.2828533e-02;4.7500000e+01;3.0352397e-02;4.7500000e+01;5.1146403e-02;4.7500000e+01;7.6138340e-02;4.7500000e+01;1.0514915e-01;4.7500000e+01;1.3548163e-01;4.7500000e+01;1.7117137e-01;4.7500000e+01;2.1053734e-01;4.7500000e+01;2.5308198e-01;4.7500000e+01;2.7370310e-01;4.7500000e+01;2.7096257e-01;4.7500000e+01;2.4285096e-01;4.7500000e+01;2.0693442e-01;4.7500000e+01;1.6555145e-01;4.7500000e+01;1.2024517e-01;4.7500000e+01;7.9540953e-02;4.7500000e+01;4.1780747e-02;4.7500000e+01;1.2773564e-03;4.7500000e+01;1.2828533e-02;4.7500000e+01;3.0352397e-02;4.7500000e+01;5.1146403e-02;4.7500000e+01;7.6138340e-02;4.7500000e+01;1.0514915e-01;4.7500000e+01;1.3548163e-01;4.7500000e+01;1.7117137e-01;4.7500000e+01;2.1053734e-01;4.7500000e+01;2.5308198e-01;4.7500000e+01;2.7370310e-01;4.7500000e+01;2.7096257e-01;4.7500000e+01;2.4285096e-01;4.7500000e+01;2.0693442e-01;4.7500000e+01;1.6555145e-01;4.7500000e+01;1.2024517e-01;4.7500000e+01;7.9540953e-02;4.7500000e+01;4.1780747e-02;4.7500000e+01;1.2773564e-03;4.7500000e+01;1.2828533e-02;4.7500000e+01;3.0352397e-02;4.7500000e+01;5.1146403e-02;4.7500000e+01;7.6138340e-02;4.7500000e+01;1.0514915e-01;4.7500000e+01;1.3548163e-01;4.7500000e+01;1.7117137e-01;4.7500000e+01;2.1053734e-01;4.7500000e+01;2.5308198e-01;4.7500000e+01;2.7370310e-01;4.7500000e+01;2.7096257e-01;4.7500000e+01;2.4285096e-01;4.7500000e+01;2.0693442e-01;4.7500000e+01;1.6555145e-01;4.7500000e+01;1.2024517e-01;4.7500000e+01;7.9540953e-02;4.7500000e+01;4.1780747e-02;4.7500000e+01;1.2773564e-03;4.7500000e+01;1.2828533e-02;4.7500000e+01;3.0352397e-02;4.7500000e+01;5.1146403e-02;4.7500000e+01;7.6138340e-02;4.7500000e+01;1.0514915e-01;4.7500000e+01;1.3548163e-01;4.7500000e+01;1.7117137e-01;4.7500000e+01;2.1053734e-01;4.7500000e+01;2.5308198e-01;4.7500000e+01;2.7370310e-01;4.7500000e+01;2.7096257e-01;4.7500000e+01;2.4285096e-01;4.7500000e+01;2.0693442e-01;4.7500000e+01;1.6555145e-01;4.7500000e+01;1.2024517e-01;4.7500000e+01;7.9540953e-02;4.7500000e+01;4.1780747e-02;4.7500000e+01;1.2773564e-03;4.7500000e+01;1.2828533e-02;4.7500000e+01;3.0352397e-02;4.7500000e+01;5.1146403e-02;4.7500000e+01;7.6138340e-02;4.7500000e+01;1.0514915e-01;4.7500000e+01;1.3548163e-01;4.7500000e+01;1.7117137e-01;4.7500000e+01;2.1053734e-01;4.7500000e+01;2.5308198e-01;4.7500000e+01;2.7370310e-01;4.7500000e+01;2.7096257e-01;4.7500000e+01;2.4285096e-01;4.7500000e+01;2.0693442e-01;4.7500000e+01;1.6555145e-01;4.7500000e+01;1.2024517e-01;4.7500000e+01;7.9540953e-02;4.7500000e+01;4.1780747e-02;4.7500000e+01;1.2773564e-03;4.7500000e+01;1.2828533e-02;4.7500000e+01;3.0352397e-02;4.7500000e+01;5.1146403e-02;4.7500000e+01;7.6138340e-02;4.7500000e+01;1.0514915e-01;4.7500000e+01;1.3548163e-01;4.7500000e+01;1.7117137e-01;4.7500000e+01;2.1053734e-01;4.7500000e+01;2.5308198e-01;4.7500000e+01;2.7370310e-01;4.7500000e+01;2.7096257e-01;4.7500000e+01;2.4285096e-01;4.7500000e+01;2.0693442e-01;4.7500000e+01;1.6555145e-01;4.7500000e+01;1.2024517e-01;4.7500000e+01;7.9540953e-02;4.7500000e+01;4.1780747e-02;4.7500000e+01;1.2773564e-03;4.7500000e+01;1.2828533e-02;4.7500000e+01;3.0352397e-02;4.7500000e+01;5.1146403e-02;4.7500000e+01;7.6138340e-02;4.7500000e+01;1.0514915e-01;4.7500000e+01;1.3548163e-01;4.7500000e+01;1.7117137e-01;4.7500000e+01;2.1053734e-01;4.7500000e+01;2.5308198e-01;4.7500000e+01;2.7370310e-01;4.7500000e+01;2.7096257e-01;4.7500000e+01;2.4285096e-01;4.7500000e+01;2.0693442e-01;4.7500000e+01;1.6555145e-01;4.7500000e+01;1.2024517e-01;4.7500000e+01;7.9540953e-02;4.7500000e+01;4.1780747e-02;4.7500000e+01;1.2773564e-03;4.7500000e+01;1.2828533e-02;4.7500000e+01;3.0352397e-02;4.7500000e+01;5.1146403e-02;4.7500000e+01;7.6138340e-02;4.7500000e+01;1.0514915e-01;4.7500000e+01;1.3548163e-01;4.7500000e+01;1.7117137e-01;4.7500000e+01;2.1053734e-01;4.7500000e+01;2.5308198e-01;4.7500000e+01;2.7370310e-01;4.7500000e+01;2.7096257e-01;4.7500000e+01;2.4285096e-01;4.7500000e+01;2.0693442e-01;4.7500000e+01;1.6555145e-01;4.7500000e+01;1.2024517e-01;4.7500000e+01;7.9540953e-02;4.7500000e+01;4.1780747e-02;4.7500000e+01;1.2773564e-03;4.7500000e+01;1.2828533e-02;4.7500000e+01;3.0352397e-02;4.7500000e+01;5.1146403e-02;4.7500000e+01;7.6138340e-02;4.7500000e+01;1.0514915e-01;4.7500000e+01;1.3548163e-01;4.7500000e+01;1.7117137e-01;4.7500000e+01;2.1053734e-01;4.7500000e+01;2.5308198e-01;4.7500000e+01;2.7370310e-01;4.7500000e+01;2.7096257e-01;4.7500000e+01;2.4285096e-01;4.7500000e+01;2.0693442e-01;4.7500000e+01;1.6555145e-01;4.7500000e+01;1.2024517e-01;4.7500000e+01;7.9540953e-02;4.7500000e+01;4.1780747e-02;4.7500000e+01;1.2773564e-03;4.7500000e+01;1.2828533e-02;4.7500000e+01;3.0352397e-02;4.7500000e+01;5.1146403e-02;4.7500000e+01;7.6138340e-02;4.7500000e+01;1.0514915e-01;4.7500000e+01;1.3548163e-01;4.7500000e+01;1.7117137e-01;4.7500000e+01;2.1053734e-01;4.7500000e+01;2.5308198e-01;4.7500000e+01;2.7370310e-01;4.7500000e+01;2.7096257e-01;4.7500000e+01;2.4285096e-01;4.7500000e+01;2.0693442e-01;4.7500000e+01;1.6555145e-01;4.7500000e+01;1.2024517e-01;4.7500000e+01;7.9540953e-02;4.7500000e+01;4.1780747e-02;4.7500000e+01;1.2773564e-03;4.7500000e+01;1.2828533e-02;4.7500000e+01;3.0352397e-02;4.7500000e+01;5.1146403e-02;4.7500000e+01;7.6138340e-02;4.7500000e+01;1.0514915e-01;4.7500000e+01;1.3548163e-01;4.7500000e+01;1.7117137e-01;4.7500000e+01;2.1053734e-01;4.7500000e+01;2.5308198e-01;4.7500000e+01;2.7370310e-01;4.7500000e+01;2.7096257e-01;4.7500000e+01;2.4285096e-01;4.7500000e+01;2.0693442e-01;4.7500000e+01;1.6555145e-01;4.7500000e+01;1.2024517e-01;4.7500000e+01;7.9540953e-02;4.7500000e+01;4.1780747e-02;4.7500000e+01;1.2773564e-03;4.7500000e+01;1.2828533e-02;4.7500000e+01;3.0352397e-02;4.7500000e+01;5.1146403e-02;4.7500000e+01;7.6138340e-02;4.7500000e+01;1.0514915e-01;4.7500000e+01;1.3548163e-01;4.7500000e+01;1.7117137e-01;4.7500000e+01;2.1053734e-01;4.7500000e+01;2.5308198e-01;4.7500000e+01;2.7370310e-01;4.7500000e+01;2.7096257e-01;4.7500000e+01;2.4285096e-01;4.7500000e+01;2.0693442e-01;4.7500000e+01;1.6555145e-01;4.7500000e+01;1.2024517e-01;4.7500000e+01;7.9540953e-02;4.7500000e+01;4.1780747e-02;4.7500000e+01;1.2773564e-03;4.7500000e+01;1.2828533e-02;4.7500000e+01;3.0352397e-02;4.7500000e+01;5.1146403e-02;4.7500000e+01;7.6138340e-02;4.7500000e+01;1.0514915e-01;4.7500000e+01;1.3548163e-01;4.7500000e+01;1.7117137e-01;4.7500000e+01;2.1053734e-01;4.7500000e+01;2.5308198e-01;4.7500000e+01;2.7370310e-01;4.7500000e+01;2.7096257e-01;4.7500000e+01;2.4285096e-01;4.7500000e+01;2.0693442e-01;4.7500000e+01;1.6555145e-01;4.7500000e+01;1.2024517e-01;4.7500000e+01;7.9540953e-02;4.7500000e+01;4.1780747e-02;4.7500000e+01;1.2773564e-03;4.7500000e+01;1.2828533e-02;4.7500000e+01;3.0352397e-02;4.7500000e+01;5.1146403e-02;4.7500000e+01;7.6138340e-02;4.7500000e+01;1.0514915e-01;4.7500000e+01;1.3548163e-01;4.7500000e+01;1.7117137e-01;4.7500000e+01;2.1053734e-01;4.7500000e+01;2.5308198e-01;4.7500000e+01;2.7370310e-01;4.7500000e+01;2.7096257e-01;4.7500000e+01;2.4285096e-01;4.7500000e+01;2.0693442e-01;4.7500000e+01;1.6555145e-01;4.7500000e+01;1.2024517e-01;4.7500000e+01;7.9540953e-02;4.7500000e+01;4.1780747e-02;4.7500000e+01;1.2773564e-03;4.7500000e+01;1.2828533e-02;4.7500000e+01;3.0352397e-02;4.7500000e+01;5.1146403e-02;4.7500000e+01;7.6138340e-02;4.7500000e+01;1.0514915e-01;4.7500000e+01;1.3548163e-01;4.7500000e+01;1.7117137e-01;4.7500000e+01;2.1053734e-01;4.7500000e+01;2.5308198e-01;4.7500000e+01;2.7370310e-01;4.7500000e+01;2.7096257e-01;4.7500000e+01;2.4285096e-01;4.7500000e+01;2.0693442e-01;4.7500000e+01;1.6555145e-01;4.7500000e+01;1.2024517e-01;4.7500000e+01;7.9540953e-02;4.7500000e+01;4.1780747e-02;4.7500000e+01;1.2773564e-03;4.7500000e+01;1.2828533e-02;4.7500000e+01;3.0352397e-02;4.7500000e+01;5.1146403e-02;4.7500000e+01;7.6138340e-02;4.7500000e+01;1.0514915e-01;4.7500000e+01;1.3548163e-01;4.7500000e+01;1.7117137e-01;4.7500000e+01;2.1053734e-01;4.7500000e+01;2.5308198e-01;4.7500000e+01;2.7370310e-01;4.7500000e+01;2.7096257e-01;4.7500000e+01;2.4285096e-01;4.7500000e+01;2.0693442e-01;4.7500000e+01;1.6555145e-01;4.7500000e+01;1.2024517e-01;4.7500000e+01;7.9540953e-02;4.7500000e+01;4.1780747e-02;4.7500000e+01;1.2773564e-03;4.7500000e+01;1.2828533e-02;4.7500000e+01;3.0352397e-02;4.7500000e+01;5.1146403e-02;4.7500000e+01;7.6138340e-02;4.7500000e+01;1.0514915e-01;4.7500000e+01;1.3548163e-01;4.7500000e+01;1.7117137e-01;4.7500000e+01;2.1053734e-01;4.7500000e+01;2.5308198e-01;4.7500000e+01;2.7370310e-01;4.7500000e+01;2.7096257e-01;4.7500000e+01;2.4285096e-01;4.7500000e+01;2.0693442e-01;4.7500000e+01;1.6555145e-01;4.7500000e+01;1.2024517e-01;4.7500000e+01;7.9540953e-02;4.7500000e+01;4.1780747e-02;4.7500000e+01;1.2773564e-03;4.7500000e+01;1.2828533e-02;4.7500000e+01;3.0352397e-02;4.7500000e+01;5.1146403e-02;4.7500000e+01;7.6138340e-02;4.7500000e+01;1.0514915e-01;4.7500000e+01;1.3548163e-01;4.7500000e+01;1.7117137e-01;4.7500000e+01;2.1053734e-01;4.7500000e+01;2.5308198e-01;4.7500000e+01;2.7370310e-01;4.7500000e+01;2.7096257e-01;4.7500000e+01;2.4285096e-01;4.7500000e+01;2.0693442e-01;4.7500000e+01;1.6555145e-01;4.7500000e+01;1.2024517e-01;4.7500000e+01;7.9540953e-02;4.7500000e+01;4.1780747e-02;4.7500000e+01;1.2773564e-03;4.7500000e+01;1.2828533e-02;4.7500000e+01;3.0352397e-02;4.7500000e+01;5.1146403e-02;4.7500000e+01;7.6138340e-02;4.7500000e+01;1.0514915e-01;4.7500000e+01;1.3548163e-01;4.7500000e+01;1.7117137e-01;4.7500000e+01;2.1053734e-01;4.7500000e+01;2.5308198e-01;4.7500000e+01;2.7370310e-01;4.7500000e+01;2.7096257e-01;4.7500000e+01;2.4285096e-01;4.7500000e+01;2.0693442e-01;4.7500000e+01;1.6555145e-01;4.7500000e+01;1.2024517e-01;4.7500000e+01;7.9540953e-02;4.7500000e+01;4.1780747e-02;4.7500000e+01;1.2773564e-03;4.7500000e+01;1.2828533e-02;4.7500000e+01;3.0352397e-02;4.7500000e+01;5.1146403e-02;4.7500000e+01;7.6138340e-02;4.7500000e+01;1.0514915e-01;4.7500000e+01;1.3548163e-01;4.7500000e+01;1.7117137e-01;4.7500000e+01;2.1053734e-01;4.7500000e+01;2.5308198e-01;4.7500000e+01;2.7370310e-01;4.7500000e+01;2.7096257e-01;4.7500000e+01;2.4285096e-01;4.7500000e+01;2.0693442e-01;4.7500000e+01;1.6555145e-01;4.7500000e+01;1.2024517e-01;4.7500000e+01;7.9540953e-02;4.7500000e+01;4.1780747e-02;4.7500000e+01;1.2773564e-03;4.7500000e+01;1.2828533e-02;4.7500000e+01;3.0352397e-02;4.7500000e+01;5.1146403e-02;4.7500000e+01;7.6138340e-02;4.7500000e+01;1.0514915e-01;4.7500000e+01;1.3548163e-01;4.7500000e+01;1.7117137e-01;4.7500000e+01;2.1053734e-01;4.7500000e+01;2.5308198e-01;4.7500000e+01;2.7370310e-01;4.7500000e+01;2.7096257e-01;4.7500000e+01;2.4285096e-01;4.7500000e+01;2.0693442e-01;4.7500000e+01;1.6555145e-01;4.7500000e+01;1.2024517e-01;4.7500000e+01;7.9540953e-02;4.7500000e+01;4.1780747e-02;4.7500000e+01;1.2773564e-03;4.7500000e+01;1.2828533e-02;4.7500000e+01;3.0352397e-02;4.7500000e+01;5.1146403e-02;4.7500000e+01;7.6138340e-02;4.7500000e+01;1.0514915e-01;4.7500000e+01;1.3548163e-01;4.7500000e+01;1.7117137e-01;4.7500000e+01;2.1053734e-01;4.7500000e+01;2.5308198e-01;4.7500000e+01;2.7370310e-01;4.7500000e+01;2.7096257e-01;4.7500000e+01;2.4285096e-01;4.7500000e+01;2.0693442e-01;4.7500000e+01;1.6555145e-01;4.7500000e+01;1.2024517e-01;4.7500000e+01;7.9540953e-02;4.7500000e+01;4.1780747e-02;4.7500000e+01;1.2773564e-03;4.7500000e+01;1.2828533e-02;4.7500000e+01;3.0352397e-02;4.7500000e+01;5.1146403e-02;4.7500000e+01;7.6138340e-02;4.7500000e+01;1.0514915e-01;4.7500000e+01;1.3548163e-01;4.7500000e+01;1.7117137e-01;4.7500000e+01;2.1053734e-01;4.7500000e+01;2.5308198e-01;4.7500000e+01;2.7370310e-01;4.7500000e+01;2.7096257e-01;4.7500000e+01;2.4285096e-01;4.7500000e+01;2.0693442e-01;4.7500000e+01;1.6555145e-01;4.7500000e+01;1.2024517e-01;4.7500000e+01;7.9540953e-02;4.7500000e+01;4.1780747e-02;4.7500000e+01;1.2773564e-03;4.7500000e+01;1.2828533e-02;4.7500000e+01;3.0352397e-02;4.7500000e+01;5.1146403e-02;4.7500000e+01;7.6138340e-02;4.7500000e+01;1.0514915e-01;4.7500000e+01;1.3548163e-01;4.7500000e+01;1.7117137e-01;4.7500000e+01;2.1053734e-01;4.7500000e+01;2.5308198e-01;4.7500000e+01;2.7370310e-01;4.7500000e+01;2.7096257e-01;4.7500000e+01;2.4285096e-01;4.7500000e+01;2.0693442e-01;4.7500000e+01;1.6555145e-01;4.7500000e+01;1.2024517e-01;4.7500000e+01;7.9540953e-02;4.7500000e+01;4.1780747e-02;4.7500000e+01;1.2773564e-03;4.7500000e+01;1.2828533e-02;4.7500000e+01;3.0352397e-02;4.7500000e+01;5.1146403e-02;4.7500000e+01;7.6138340e-02;4.7500000e+01;1.0514915e-01;4.7500000e+01;1.3548163e-01;4.7500000e+01;1.7117137e-01;4.7500000e+01;2.1053734e-01;4.7500000e+01;2.5308198e-01;4.7500000e+01;2.7370310e-01;4.7500000e+01;2.7096257e-01;4.7500000e+01;2.4285096e-01;4.7500000e+01;2.0693442e-01;4.7500000e+01;1.6555145e-01;4.7500000e+01;1.2024517e-01;4.7500000e+01;7.9540953e-02;4.7500000e+01;4.1780747e-02;4.7500000e+01;1.2773564e-03;4.7500000e+01;1.2828533e-02;4.7500000e+01;3.0352397e-02;4.7500000e+01;5.1146403e-02;4.7500000e+01;7.6138340e-02;4.7500000e+01;1.0514915e-01;4.7500000e+01;1.3548163e-01;4.7500000e+01;1.7117137e-01;4.7500000e+01;2.1053734e-01;4.7500000e+01;2.5308198e-01;4.7500000e+01;2.7370310e-01;4.7500000e+01;2.7096257e-01;4.7500000e+01;2.4285096e-01;4.7500000e+01;2.0693442e-01;4.7500000e+01;1.6555145e-01;4.7500000e+01;1.2024517e-01;4.7500000e+01;7.9540953e-02;4.7500000e+01;4.1780747e-02;4.7500000e+01;1.2773564e-03;4.7500000e+01;1.2828533e-02;4.7500000e+01;3.0352397e-02;4.7500000e+01;5.1146403e-02;4.7500000e+01;7.6138340e-02;4.7500000e+01;1.0514915e-01;4.7500000e+01;1.3548163e-01;4.7500000e+01;1.7117137e-01;4.7500000e+01;2.1053734e-01;4.7500000e+01;2.5308198e-01;4.7500000e+01;2.7370310e-01;4.7500000e+01;2.7096257e-01;4.7500000e+01;2.4285096e-01;4.7500000e+01;2.0693442e-01;4.7500000e+01;1.6555145e-01;4.7500000e+01;1.2024517e-01;4.7500000e+01;7.9540953e-02;4.7500000e+01;4.1780747e-02;4.7500000e+01;1.2773564e-03;4.7500000e+01;1.2828533e-02;4.7500000e+01;3.0352397e-02;4.7500000e+01;5.1146403e-02;4.7500000e+01;7.6138340e-02;4.7500000e+01;1.0514915e-01;4.7500000e+01;1.3548163e-01;4.7500000e+01;1.7117137e-01;4.7500000e+01;2.1053734e-01;4.7500000e+01;2.5308198e-01;4.7500000e+01;2.7370310e-01;4.7500000e+01;2.7096257e-01;4.7500000e+01;2.4285096e-01;4.7500000e+01;2.0693442e-01;4.7500000e+01;1.6555145e-01;4.7500000e+01;1.2024517e-01;4.7500000e+01;7.9540953e-02;4.7500000e+01;4.1780747e-02;4.7500000e+01;1.2773564e-03;4.7500000e+01;1.2828533e-02;4.7500000e+01;3.0352397e-02;4.7500000e+01;5.1146403e-02;4.7500000e+01;7.6138340e-02;4.7500000e+01;1.0514915e-01;4.7500000e+01;1.3548163e-01;4.7500000e+01;1.7117137e-01;4.7500000e+01;2.1053734e-01;4.7500000e+01;2.5308198e-01;4.7500000e+01;2.7370310e-01;4.7500000e+01;2.7096257e-01;4.7500000e+01;2.4285096e-01;4.7500000e+01;2.0693442e-01;4.7500000e+01;1.6555145e-01;4.7500000e+01;1.2024517e-01;4.7500000e+01;7.9540953e-02;4.7500000e+01;4.1780747e-02;4.7500000e+01;1.2773564e-03;4.7500000e+01;1.2828533e-02;4.7500000e+01;3.0352397e-02;4.7500000e+01;5.1146403e-02;4.7500000e+01;7.6138340e-02;4.7500000e+01;1.0514915e-01;4.7500000e+01;1.3548163e-01;4.7500000e+01;1.7117137e-01;4.7500000e+01;2.1053734e-01;4.7500000e+01;2.5308198e-01;4.7500000e+01;2.7370310e-01;4.7500000e+01;2.7096257e-01;4.7500000e+01;2.4285096e-01;4.7500000e+01;2.0693442e-01;4.7500000e+01;1.6555145e-01;4.7500000e+01;1.2024517e-01;4.7500000e+01;7.9540953e-02;4.7500000e+01;4.1780747e-02;4.7500000e+01;1.2773564e-03;4.7500000e+01;1.2828533e-02;4.7500000e+01;3.0352397e-02;4.7500000e+01;5.1146403e-02;4.7500000e+01;7.6138340e-02;4.7500000e+01;1.0514915e-01;4.7500000e+01;1.3548163e-01;4.7500000e+01;1.7117137e-01;4.7500000e+01;2.1053734e-01;4.7500000e+01;2.5308198e-01;4.7500000e+01;2.7370310e-01;4.7500000e+01;2.7096257e-01;4.7500000e+01;2.4285096e-01;4.7500000e+01;2.0693442e-01;4.7500000e+01;1.6555145e-01;4.7500000e+01;1.2024517e-01;4.7500000e+01;7.9540953e-02;4.7500000e+01;4.1780747e-02;4.7500000e+01;1.2773564e-03;4.7500000e+01;1.2828533e-02;4.7500000e+01;3.0352397e-02;4.7500000e+01;5.1146403e-02;4.7500000e+01;7.6138340e-02;4.7500000e+01;1.0514915e-01;4.7500000e+01;1.3548163e-01;4.7500000e+01;1.7117137e-01;4.7500000e+01;2.1053734e-01;4.7500000e+01;2.5308198e-01;4.7500000e+01;2.7370310e-01;4.7500000e+01;2.7096257e-01;4.7500000e+01;2.4285096e-01;4.7500000e+01;2.0693442e-01;4.7500000e+01;1.6555145e-01;4.7500000e+01;1.2024517e-01;4.7500000e+01;7.9540953e-02;4.7500000e+01;4.1780747e-02;4.7500000e+01;1.2773564e-03;4.7500000e+01;1.2828533e-02;4.7500000e+01;3.0352397e-02;4.7500000e+01;5.1146403e-02;4.7500000e+01;7.6138340e-02;4.7500000e+01;1.0514915e-01;4.7500000e+01;1.3548163e-01;4.7500000e+01;1.7117137e-01;4.7500000e+01;2.1053734e-01;4.7500000e+01;2.5308198e-01;4.7500000e+01;2.7370310e-01;4.7500000e+01;2.7096257e-01;4.7500000e+01;2.4285096e-01;4.7500000e+01;2.0693442e-01;4.7500000e+01;1.6555145e-01;4.7500000e+01;1.2024517e-01;4.7500000e+01;7.9540953e-02;4.7500000e+01;4.1780747e-02;4.7500000e+01;1.2773564e-03;4.7500000e+01;1.2828533e-02;4.7500000e+01;3.0352397e-02;4.7500000e+01;5.1146403e-02;4.7500000e+01;7.6138340e-02;4.7500000e+01;1.0514915e-01;4.7500000e+01;1.3548163e-01;4.7500000e+01;1.7117137e-01;4.7500000e+01;2.1053734e-01;4.7500000e+01;2.5308198e-01;4.7500000e+01;2.7370310e-01;4.7500000e+01;2.7096257e-01;4.7500000e+01;2.4285096e-01;4.7500000e+01;2.0693442e-01;4.7500000e+01;1.6555145e-01;4.7500000e+01;1.2024517e-01;4.7500000e+01;7.9540953e-02;4.7500000e+01;4.1780747e-02;4.7500000e+01;1.2773564e-03;4.7500000e+01;1.2828533e-02;4.7500000e+01;3.0352397e-02;4.7500000e+01;5.1146403e-02;4.7500000e+01;7.6138340e-02;4.7500000e+01;1.0514915e-01;4.7500000e+01;1.3548163e-01;4.7500000e+01;1.7117137e-01;4.7500000e+01;2.1053734e-01;4.7500000e+01;2.5308198e-01;4.7500000e+01;2.7370310e-01;4.7500000e+01;2.7096257e-01;4.7500000e+01;2.4285096e-01;4.7500000e+01;2.0693442e-01;4.7500000e+01;1.6555145e-01;4.7500000e+01;1.2024517e-01;4.7500000e+01;7.9540953e-02;4.7500000e+01;4.1780747e-02;4.7500000e+01;1.2773564e-03;4.7500000e+01;1.2828533e-02;4.7500000e+01;3.0352397e-02;4.7500000e+01;5.1146403e-02;4.7500000e+01;7.6138340e-02;4.7500000e+01;1.0514915e-01;4.7500000e+01;1.3548163e-01;4.7500000e+01;1.7117137e-01;4.7500000e+01;2.1053734e-01;4.7500000e+01;2.5308198e-01;4.7500000e+01;2.7370310e-01;4.7500000e+01;2.7096257e-01;4.7500000e+01;2.4285096e-01;4.7500000e+01;2.0693442e-01;4.7500000e+01;1.6555145e-01;4.7500000e+01;1.2024517e-01;4.7500000e+01;7.9540953e-02;4.7500000e+01;4.1780747e-02;4.7500000e+01;1.2773564e-03;4.7500000e+01;1.2828533e-02;4.7500000e+01;3.0352397e-02;4.7500000e+01;5.1146403e-02;4.7500000e+01;7.6138340e-02;4.7500000e+01;1.0514915e-01;4.7500000e+01;1.3548163e-01;4.7500000e+01;1.7117137e-01;4.7500000e+01;2.1053734e-01;4.7500000e+01;2.5308198e-01;4.7500000e+01;2.7370310e-01;4.7500000e+01;2.7096257e-01;4.7500000e+01;2.4285096e-01;4.7500000e+01;2.0693442e-01;4.7500000e+01;1.6555145e-01;4.7500000e+01;1.2024517e-01;4.7500000e+01;7.9540953e-02;4.7500000e+01;4.1780747e-02;4.7500000e+01;1.2773564e-03;4.7500000e+01;1.2828533e-02;4.7500000e+01;3.0352397e-02;4.7500000e+01;5.1146403e-02;4.7500000e+01;7.6138340e-02;4.7500000e+01;1.0514915e-01;4.7500000e+01;1.3548163e-01;4.7500000e+01;1.7117137e-01;4.7500000e+01;2.1053734e-01;4.7500000e+01;2.5308198e-01;4.7500000e+01;2.7370310e-01;4.7500000e+01;2.7096257e-01;4.7500000e+01;2.4285096e-01;4.7500000e+01;2.0693442e-01;4.7500000e+01;1.6555145e-01;4.7500000e+01;1.2024517e-01;4.7500000e+01;7.9540953e-02;4.7500000e+01;4.1780747e-02;4.7500000e+01;1.2773564e-03;4.7500000e+01;1.2828533e-02;4.7500000e+01;3.0352397e-02;4.7500000e+01;5.1146403e-02;4.7500000e+01;7.6138340e-02;4.7500000e+01;1.0514915e-01;4.7500000e+01;1.3548163e-01;4.7500000e+01;1.7117137e-01;4.7500000e+01;2.1053734e-01;4.7500000e+01;2.5308198e-01;4.7500000e+01;2.7370310e-01;4.7500000e+01;2.7096257e-01;4.7500000e+01;2.4285096e-01;4.7500000e+01;2.0693442e-01;4.7500000e+01;1.6555145e-01;4.7500000e+01;1.2024517e-01;4.7500000e+01;7.9540953e-02;4.7500000e+01;4.1780747e-02;4.7500000e+01;1.2773564e-03;4.7500000e+01;1.2828533e-02;4.7500000e+01;3.0352397e-02;4.7500000e+01;5.1146403e-02;4.7500000e+01;7.6138340e-02;4.7500000e+01;1.0514915e-01;4.7500000e+01;1.3548163e-01;4.7500000e+01;1.7117137e-01;4.7500000e+01;2.1053734e-01;4.7500000e+01;2.5308198e-01;4.7500000e+01;2.7370310e-01;4.7500000e+01;2.7096257e-01;4.7500000e+01;2.4285096e-01;4.7500000e+01;2.0693442e-01;4.7500000e+01;1.6555145e-01;4.7500000e+01;1.2024517e-01;4.7500000e+01;7.9540953e-02;4.7500000e+01;4.1780747e-02;4.7500000e+01;1.2773564e-03;4.7500000e+01;1.2828533e-02;4.7500000e+01;3.0352397e-02;4.7500000e+01;5.1146403e-02;4.7500000e+01;7.6138340e-02;4.7500000e+01;1.0514915e-01;4.7500000e+01;1.3548163e-01;4.7500000e+01;1.7117137e-01;4.7500000e+01;2.1053734e-01;4.7500000e+01;2.5308198e-01;4.7500000e+01;2.7370310e-01;4.7500000e+01;2.7096257e-01;4.7500000e+01;2.4285096e-01;4.7500000e+01;2.0693442e-01;4.7500000e+01;1.6555145e-01;4.7500000e+01;1.2024517e-01;4.7500000e+01;7.9540953e-02;4.7500000e+01;4.1780747e-02;4.7500000e+01;1.2773564e-03;4.7500000e+01;1.2828533e-02;4.7500000e+01;3.0352397e-02;4.7500000e+01;5.1146403e-02;4.7500000e+01;7.6138340e-02;4.7500000e+01;1.0514915e-01;4.7500000e+01;1.3548163e-01;4.7500000e+01;1.7117137e-01;4.7500000e+01;2.1053734e-01;4.7500000e+01;2.5308198e-01;4.7500000e+01;2.7370310e-01;4.7500000e+01;2.7096257e-01;4.7500000e+01;2.4285096e-01;4.7500000e+01;2.0693442e-01;4.7500000e+01;1.6555145e-01;4.7500000e+01;1.2024517e-01;4.7500000e+01;7.9540953e-02;4.7500000e+01;4.1780747e-02;4.7500000e+01;1.2773564e-03;4.7500000e+01;1.2828533e-02;4.7500000e+01;3.0352397e-02;4.7500000e+01;5.1146403e-02;4.7500000e+01;7.6138340e-02;4.7500000e+01;1.0514915e-01;4.7500000e+01;1.3548163e-01;4.7500000e+01;1.7117137e-01;4.7500000e+01;2.1053734e-01;4.7500000e+01;2.5308198e-01;4.7500000e+01;2.7370310e-01;4.7500000e+01;2.7096257e-01;4.7500000e+01;2.4285096e-01;4.7500000e+01;2.0693442e-01;4.7500000e+01;1.6555145e-01;4.7500000e+01;1.2024517e-01;4.7500000e+01;7.9540953e-02;4.7500000e+01;4.1780747e-02;4.7500000e+01;1.2773564e-03;4.7500000e+01;1.2828533e-02;4.7500000e+01;3.0352397e-02;4.7500000e+01;5.1146403e-02;4.7500000e+01;7.6138340e-02;4.7500000e+01;1.0514915e-01;4.7500000e+01;1.3548163e-01;4.7500000e+01;1.7117137e-01;4.7500000e+01;2.1053734e-01;4.7500000e+01;2.5308198e-01;4.7500000e+01;2.7370310e-01;4.7500000e+01;2.7096257e-01;4.7500000e+01;2.4285096e-01;4.7500000e+01;2.0693442e-01;4.7500000e+01;1.6555145e-01;4.7500000e+01;1.2024517e-01;4.7500000e+01;7.9540953e-02;4.7500000e+01;4.1780747e-02;4.7500000e+01;1.2773564e-03;4.7500000e+01;1.2828533e-02;4.7500000e+01;3.0352397e-02;4.7500000e+01;5.1146403e-02;4.7500000e+01;7.6138340e-02;4.7500000e+01;1.0514915e-01;4.7500000e+01;1.3548163e-01;4.7500000e+01;1.7117137e-01;4.7500000e+01;2.1053734e-01;4.7500000e+01;2.5308198e-01;4.7500000e+01;2.7370310e-01;4.7500000e+01;2.7096257e-01;4.7500000e+01;2.4285096e-01;4.7500000e+01;2.0693442e-01;4.7500000e+01;1.6555145e-01;4.7500000e+01;1.2024517e-01;4.7500000e+01;7.9540953e-02;4.7500000e+01;4.1780747e-02;4.7500000e+01;1.2773564e-03;4.7500000e+01;1.2828533e-02;4.7500000e+01;3.0352397e-02;4.7500000e+01;5.1146403e-02;4.7500000e+01;7.6138340e-02;4.7500000e+01;1.0514915e-01;4.7500000e+01;1.3548163e-01;4.7500000e+01;1.7117137e-01;4.7500000e+01;2.1053734e-01;4.7500000e+01;2.5308198e-01;4.7500000e+01;2.7370310e-01;4.7500000e+01;2.7096257e-01;4.7500000e+01;2.4285096e-01;4.7500000e+01;2.0693442e-01;4.7500000e+01;1.6555145e-01;4.7500000e+01;1.2024517e-01;4.7500000e+01;7.9540953e-02;4.7500000e+01;4.1780747e-02;4.7500000e+01;1.2773564e-03;4.7500000e+01;1.2828533e-02;4.7500000e+01;3.0352397e-02;4.7500000e+01;5.1146403e-02;4.7500000e+01;7.6138340e-02;4.7500000e+01;1.0514915e-01;4.7500000e+01;1.3548163e-01;4.7500000e+01;1.7117137e-01;4.7500000e+01;2.1053734e-01;4.7500000e+01;2.5308198e-01;4.7500000e+01;2.7370310e-01;4.7500000e+01;2.7096257e-01;4.7500000e+01;2.4285096e-01;4.7500000e+01;2.0693442e-01;4.7500000e+01;1.6555145e-01;4.7500000e+01;1.2024517e-01;4.7500000e+01;7.9540953e-02;4.7500000e+01;4.1780747e-02;4.7500000e+01;1.2773564e-03;4.7500000e+01;1.2828533e-02;4.7500000e+01;3.0352397e-02;4.7500000e+01;5.1146403e-02;4.7500000e+01;7.6138340e-02;4.7500000e+01;1.0514915e-01;4.7500000e+01;1.3548163e-01;4.7500000e+01;1.7117137e-01;4.7500000e+01;2.1053734e-01;4.7500000e+01;2.5308198e-01;4.7500000e+01;2.7370310e-01;4.7500000e+01;2.7096257e-01;4.7500000e+01;2.4285096e-01;4.7500000e+01;2.0693442e-01;4.7500000e+01;1.6555145e-01;4.7500000e+01;1.2024517e-01;4.7500000e+01;7.9540953e-02;4.7500000e+01;4.1780747e-02;4.7500000e+01;1.2773564e-03;4.7500000e+01;1.2828533e-02;4.7500000e+01;3.0352397e-02;4.7500000e+01;5.1146403e-02;4.7500000e+01;7.6138340e-02;4.7500000e+01;1.0514915e-01;4.7500000e+01;1.3548163e-01;4.7500000e+01;1.7117137e-01;4.7500000e+01;2.1053734e-01;4.7500000e+01;2.5308198e-01;4.7500000e+01;2.7370310e-01;4.7500000e+01;2.7096257e-01;4.7500000e+01;2.4285096e-01;4.7500000e+01;2.0693442e-01;4.7500000e+01;1.6555145e-01;4.7500000e+01;1.2024517e-01;4.7500000e+01;7.9540953e-02;4.7500000e+01;4.1780747e-02;4.7500000e+01;1.2773564e-03;4.7500000e+01;1.2828533e-02;4.7500000e+01;3.0352397e-02;4.7500000e+01;5.1146403e-02;4.7500000e+01;7.6138340e-02;4.7500000e+01;1.0514915e-01;4.7500000e+01;1.3548163e-01;4.7500000e+01;1.7117137e-01;4.7500000e+01;2.1053734e-01;4.7500000e+01;2.5308198e-01;4.7500000e+01;2.7370310e-01;4.7500000e+01;2.7096257e-01;4.7500000e+01;2.4285096e-01;4.7500000e+01;2.0693442e-01;4.7500000e+01;1.6555145e-01;4.7500000e+01;1.2024517e-01;4.7500000e+01;7.9540953e-02;4.7500000e+01;4.1780747e-02;4.7500000e+01;1.2773564e-03;4.7500000e+01;1.2828533e-02;4.7500000e+01;3.0352397e-02;4.7500000e+01;5.1146403e-02;4.7500000e+01;7.6138340e-02;4.7500000e+01;1.0514915e-01;4.7500000e+01;1.3548163e-01;4.7500000e+01;1.7117137e-01;4.7500000e+01;2.1053734e-01;4.7500000e+01;2.5308198e-01;4.7500000e+01;2.7370310e-01;4.7500000e+01;2.7096257e-01;4.7500000e+01;2.4285096e-01;4.7500000e+01;2.0693442e-01;4.7500000e+01;1.6555145e-01;4.7500000e+01;1.2024517e-01;4.7500000e+01;7.9540953e-02;4.7500000e+01;4.1780747e-02;4.7500000e+01;1.2773564e-03;4.7500000e+01;1.2828533e-02;4.7500000e+01;3.0352397e-02;4.7500000e+01;5.1146403e-02;4.7500000e+01;7.6138340e-02;4.7500000e+01;1.0514915e-01;4.7500000e+01;1.3548163e-01;4.7500000e+01;1.7117137e-01;4.7500000e+01;2.1053734e-01;4.7500000e+01;2.5308198e-01;4.7500000e+01;2.7370310e-01;4.7500000e+01;2.7096257e-01;4.7500000e+01;2.4285096e-01;4.7500000e+01;2.0693442e-01;4.7500000e+01;1.6555145e-01;4.7500000e+01;1.2024517e-01;4.7500000e+01;7.9540953e-02;4.7500000e+01;4.1780747e-02;4.7500000e+01;1.2773564e-03;4.7500000e+01;1.2828533e-02;4.7500000e+01;3.0352397e-02;4.7500000e+01;5.1146403e-02;4.7500000e+01;7.6138340e-02;4.7500000e+01;1.0514915e-01;4.7500000e+01;1.3548163e-01;4.7500000e+01;1.7117137e-01;4.7500000e+01;2.1053734e-01;4.7500000e+01;2.5308198e-01;4.7500000e+01;2.7370310e-01;4.7500000e+01;2.7096257e-01;4.7500000e+01;2.4285096e-01;4.7500000e+01;2.0693442e-01;4.7500000e+01;1.6555145e-01;4.7500000e+01;1.2024517e-01;4.7500000e+01;7.9540953e-02;4.7500000e+01;4.1780747e-02;4.7500000e+01;1.2773564e-03;4.7500000e+01;1.2828533e-02;4.7500000e+01;3.0352397e-02;4.7500000e+01;5.1146403e-02;4.7500000e+01;7.6138340e-02;4.7500000e+01;1.0514915e-01;4.7500000e+01;1.3548163e-01;4.7500000e+01;1.7117137e-01;4.7500000e+01;2.1053734e-01;4.7500000e+01;2.5308198e-01;4.7500000e+01;2.7370310e-01;4.7500000e+01;2.7096257e-01;4.7500000e+01;2.4285096e-01;4.7500000e+01;2.0693442e-01;4.7500000e+01;1.6555145e-01;4.7500000e+01;1.2024517e-01;4.7500000e+01;7.9540953e-02;4.7500000e+01;4.1780747e-02;4.7500000e+01;1.2773564e-03;4.7500000e+01;1.2828533e-02;4.7500000e+01;3.0352397e-02;4.7500000e+01;5.1146403e-02;4.7500000e+01;7.6138340e-02;4.7500000e+01;1.0514915e-01;4.7500000e+01;1.3548163e-01;4.7500000e+01;1.7117137e-01;4.7500000e+01;2.1053734e-01;4.7500000e+01;2.5308198e-01;4.7500000e+01;2.7370310e-01;4.7500000e+01;2.7096257e-01;4.7500000e+01;2.4285096e-01;4.7500000e+01;2.0693442e-01;4.7500000e+01;1.6555145e-01;4.7500000e+01;1.2024517e-01;4.7500000e+01;7.9540953e-02;4.7500000e+01;4.1780747e-02;4.7500000e+01;1.2773564e-03;4.7500000e+01;1.2828533e-02;4.7500000e+01;3.0352397e-02;4.7500000e+01;5.1146403e-02;4.7500000e+01;7.6138340e-02;4.7500000e+01;1.0514915e-01;4.7500000e+01;1.3548163e-01;4.7500000e+01;1.7117137e-01;4.7500000e+01;2.1053734e-01;4.7500000e+01;2.5308198e-01;4.7500000e+01;2.7370310e-01;4.7500000e+01;2.7096257e-01;4.7500000e+01;2.4285096e-01;4.7500000e+01;2.0693442e-01;4.7500000e+01;1.6555145e-01;4.7500000e+01;1.2024517e-01;4.7500000e+01;7.9540953e-02;4.7500000e+01;4.1780747e-02;4.7500000e+01;1.2773564e-03;4.7500000e+01;1.2828533e-02;4.7500000e+01;3.0352397e-02;4.7500000e+01;5.1146403e-02;4.7500000e+01;7.6138340e-02;4.7500000e+01;1.0514915e-01;4.7500000e+01;1.3548163e-01;4.7500000e+01;1.7117137e-01;4.7500000e+01;2.1053734e-01;4.7500000e+01;2.5308198e-01;4.7500000e+01;2.7370310e-01;4.7500000e+01;2.7096257e-01;4.7500000e+01;2.4285096e-01;4.7500000e+01;2.0693442e-01;4.7500000e+01;1.6555145e-01;4.7500000e+01;1.2024517e-01;4.7500000e+01;7.9540953e-02;4.7500000e+01;4.1780747e-02;4.7500000e+01;1.2773564e-03;4.7500000e+01;1.2828533e-02;4.7500000e+01;3.0352397e-02;4.7500000e+01;5.1146403e-02;4.7500000e+01;7.6138340e-02;4.7500000e+01;1.0514915e-01;4.7500000e+01;1.3548163e-01;4.7500000e+01;1.7117137e-01;4.7500000e+01;2.1053734e-01;4.7500000e+01;2.5308198e-01;4.7500000e+01;2.7370310e-01;4.7500000e+01;2.7096257e-01;4.7500000e+01;2.4285096e-01;4.7500000e+01;2.0693442e-01;4.7500000e+01;1.6555145e-01;4.7500000e+01;1.2024517e-01;4.7500000e+01;7.9540953e-02;4.7500000e+01;4.1780747e-02;4.7500000e+01;1.2773564e-03;4.7500000e+01;1.2828533e-02;4.7500000e+01;3.0352397e-02;4.7500000e+01;5.1146403e-02;4.7500000e+01;7.6138340e-02;4.7500000e+01;1.0514915e-01;4.7500000e+01;1.3548163e-01;4.7500000e+01;1.7117137e-01;4.7500000e+01;2.1053734e-01;4.7500000e+01;2.5308198e-01;4.7500000e+01;2.7370310e-01;4.7500000e+01;2.7096257e-01;4.7500000e+01;2.4285096e-01;4.7500000e+01;2.0693442e-01;4.7500000e+01;1.6555145e-01;4.7500000e+01;1.2024517e-01;4.7500000e+01;7.9540953e-02;4.7500000e+01;4.1780747e-02;4.7500000e+01;1.2773564e-03;4.7500000e+01;1.2828533e-02;4.7500000e+01;3.0352397e-02;4.7500000e+01;5.1146403e-02;4.7500000e+01;7.6138340e-02;4.7500000e+01;1.0514915e-01;4.7500000e+01;1.3548163e-01;4.7500000e+01;1.7117137e-01;4.7500000e+01;2.1053734e-01;4.7500000e+01;2.5308198e-01;4.7500000e+01;2.7370310e-01;4.7500000e+01;2.7096257e-01;4.7500000e+01;2.4285096e-01;4.7500000e+01;2.0693442e-01;4.7500000e+01;1.6555145e-01;4.7500000e+01;1.2024517e-01;4.7500000e+01;7.9540953e-02;4.7500000e+01;4.1780747e-02;4.7500000e+01;1.2773564e-03;4.7500000e+01;1.2828533e-02;4.7500000e+01;3.0352397e-02;4.7500000e+01;5.1146403e-02;4.7500000e+01;7.6138340e-02;4.7500000e+01;1.0514915e-01;4.7500000e+01;1.3548163e-01;4.7500000e+01;1.7117137e-01;4.7500000e+01;2.1053734e-01;4.7500000e+01;2.5308198e-01;4.7500000e+01;2.7370310e-01;4.7500000e+01;2.7096257e-01;4.7500000e+01;2.4285096e-01;4.7500000e+01;2.0693442e-01;4.7500000e+01;1.6555145e-01;4.7500000e+01;1.2024517e-01;4.7500000e+01;7.9540953e-02;4.7500000e+01;4.1780747e-02;4.7500000e+01;1.2773564e-03;4.7500000e+01;1.2828533e-02;4.7500000e+01;3.0352397e-02;4.7500000e+01;5.1146403e-02;4.7500000e+01;7.6138340e-02;4.7500000e+01;1.0514915e-01;4.7500000e+01;1.3548163e-01;4.7500000e+01;1.7117137e-01;4.7500000e+01;2.1053734e-01;4.7500000e+01;2.5308198e-01;4.7500000e+01;2.7370310e-01;4.7500000e+01;2.7096257e-01;4.7500000e+01;2.4285096e-01;4.7500000e+01;2.0693442e-01;4.7500000e+01;1.6555145e-01;4.7500000e+01;1.2024517e-01;4.7500000e+01;7.9540953e-02;4.7500000e+01;4.1780747e-02;4.7500000e+01;1.2773564e-03;4.7500000e+01;1.2828533e-02;4.7500000e+01;3.0352397e-02;4.7500000e+01;5.1146403e-02;4.7500000e+01;7.6138340e-02;4.7500000e+01;1.0514915e-01;4.7500000e+01;1.3548163e-01;4.7500000e+01;1.7117137e-01;4.7500000e+01;2.1053734e-01;4.7500000e+01;2.5308198e-01;4.7500000e+01;2.7370310e-01;4.7500000e+01;2.7096257e-01;4.7500000e+01;2.4285096e-01;4.7500000e+01;2.0693442e-01;4.7500000e+01;1.6555145e-01;4.7500000e+01;1.2024517e-01;4.7500000e+01;7.9540953e-02;4.7500000e+01;4.1780747e-02;4.7500000e+01;1.2773564e-03;4.7500000e+01;1.2828533e-02;4.7500000e+01;3.0352397e-02;4.7500000e+01;5.1146403e-02;4.7500000e+01;7.6138340e-02;4.7500000e+01;1.0514915e-01;4.7500000e+01;1.3548163e-01;4.7500000e+01;1.7117137e-01;4.7500000e+01;2.1053734e-01;4.7500000e+01;2.5308198e-01;4.7500000e+01;2.7370310e-01;4.7500000e+01;2.7096257e-01;4.7500000e+01;2.4285096e-01;4.7500000e+01;2.0693442e-01;4.7500000e+01;1.6555145e-01;4.7500000e+01;1.2024517e-01;4.7500000e+01;7.9540953e-02;4.7500000e+01;4.1780747e-02;4.7500000e+01;1.2773564e-03;4.7500000e+01;1.2828533e-02;4.7500000e+01;3.0352397e-02;4.7500000e+01;5.1146403e-02;4.7500000e+01;7.6138340e-02;4.7500000e+01;1.0514915e-01;4.7500000e+01;1.3548163e-01;4.7500000e+01;1.7117137e-01;4.7500000e+01;2.1053734e-01;4.7500000e+01;2.5308198e-01;4.7500000e+01;2.7370310e-01;4.7500000e+01;2.7096257e-01;4.7500000e+01;2.4285096e-01;4.7500000e+01;2.0693442e-01;4.7500000e+01;1.6555145e-01;4.7500000e+01;1.2024517e-01;4.7500000e+01;7.9540953e-02;4.7500000e+01;4.1780747e-02;4.7500000e+01;1.2773564e-03;4.7500000e+01;1.2828533e-02;4.7500000e+01;3.0352397e-02;4.7500000e+01;5.1146403e-02;4.7500000e+01;7.6138340e-02;4.7500000e+01;1.0514915e-01;4.7500000e+01;1.3548163e-01;4.7500000e+01;1.7117137e-01;4.7500000e+01;2.1053734e-01;4.7500000e+01;2.5308198e-01;4.7500000e+01;2.7370310e-01;4.7500000e+01;2.7096257e-01;4.7500000e+01;2.4285096e-01;4.7500000e+01;2.0693442e-01;4.7500000e+01;1.6555145e-01;4.7500000e+01;1.2024517e-01;4.7500000e+01;7.9540953e-02;4.7500000e+01;4.1780747e-02;4.7500000e+01;1.2773564e-03;4.7500000e+01;1.2828533e-02;4.7500000e+01;3.0352397e-02;4.7500000e+01;5.1146403e-02;4.7500000e+01;7.6138340e-02;4.7500000e+01;1.0514915e-01;4.7500000e+01;1.3548163e-01;4.7500000e+01;1.7117137e-01;4.7500000e+01;2.1053734e-01;4.7500000e+01;2.5308198e-01;4.7500000e+01;2.7370310e-01;4.7500000e+01;2.7096257e-01;4.7500000e+01;2.4285096e-01;4.7500000e+01;2.0693442e-01;4.7500000e+01;1.6555145e-01;4.7500000e+01;1.2024517e-01;4.7500000e+01;7.9540953e-02;4.7500000e+01;4.1780747e-02;4.7500000e+01;1.2773564e-03;4.7500000e+01;1.2828533e-02;4.7500000e+01;3.0352397e-02;4.7500000e+01;5.1146403e-02;4.7500000e+01;7.6138340e-02;4.7500000e+01;1.0514915e-01;4.7500000e+01;1.3548163e-01;4.7500000e+01;1.7117137e-01;4.7500000e+01;2.1053734e-01;4.7500000e+01;2.5308198e-01;4.7500000e+01;2.7370310e-01;4.7500000e+01;2.7096257e-01;4.7500000e+01;2.4285096e-01;4.7500000e+01;2.0693442e-01;4.7500000e+01;1.6555145e-01;4.7500000e+01;1.2024517e-01;4.7500000e+01;7.9540953e-02;4.7500000e+01;4.1780747e-02;4.7500000e+01;1.2773564e-03;4.7500000e+01;1.2828533e-02;4.7500000e+01;3.0352397e-02;4.7500000e+01;5.1146403e-02;4.7500000e+01;7.6138340e-02;4.7500000e+01;1.0514915e-01;4.7500000e+01;1.3548163e-01;4.7500000e+01;1.7117137e-01;4.7500000e+01;2.1053734e-01;4.7500000e+01;2.5308198e-01;4.7500000e+01;2.7370310e-01;4.7500000e+01;2.7096257e-01;4.7500000e+01;2.4285096e-01;4.7500000e+01;2.0693442e-01;4.7500000e+01;1.6555145e-01;4.7500000e+01;1.2024517e-01;4.7500000e+01;7.9540953e-02;4.7500000e+01;4.1780747e-02;4.7500000e+01;1.2773564e-03;4.7500000e+01;1.2828533e-02;4.7500000e+01;3.0352397e-02;4.7500000e+01;5.1146403e-02;4.7500000e+01;7.6138340e-02;4.7500000e+01;1.0514915e-01;4.7500000e+01;1.3548163e-01;4.7500000e+01;1.7117137e-01;4.7500000e+01;2.1053734e-01;4.7500000e+01;2.5308198e-01;4.7500000e+01;2.7370310e-01;4.7500000e+01;2.7096257e-01;4.7500000e+01;2.4285096e-01;4.7500000e+01;2.0693442e-01;4.7500000e+01;1.6555145e-01;4.7500000e+01;1.2024517e-01;4.7500000e+01;7.9540953e-02;4.7500000e+01;4.1780747e-02;4.7500000e+01;1.2773564e-03;4.7500000e+01;1.2828533e-02;4.7500000e+01;3.0352397e-02;4.7500000e+01;5.1146403e-02;4.7500000e+01;7.6138340e-02;4.7500000e+01;1.0514915e-01;4.7500000e+01;1.3548163e-01;4.7500000e+01;1.7117137e-01;4.7500000e+01;2.1053734e-01;4.7500000e+01;2.5308198e-01;4.7500000e+01;2.7370310e-01;4.7500000e+01;2.7096257e-01;4.7500000e+01;2.4285096e-01;4.7500000e+01;2.0693442e-01;4.7500000e+01;1.6555145e-01;4.7500000e+01;1.2024517e-01;4.7500000e+01;7.9540953e-02;4.7500000e+01;4.1780747e-02;4.7500000e+01;1.2773564e-03;4.7500000e+01;1.2828533e-02;4.7500000e+01;3.0352397e-02;4.7500000e+01;5.1146403e-02;4.7500000e+01;7.6138340e-02;4.7500000e+01;1.0514915e-01;4.7500000e+01;1.3548163e-01;4.7500000e+01;1.7117137e-01;4.7500000e+01;2.1053734e-01;4.7500000e+01;2.5308198e-01;4.7500000e+01;2.7370310e-01;4.7500000e+01;2.7096257e-01;4.7500000e+01;2.4285096e-01;4.7500000e+01;2.0693442e-01;4.7500000e+01;1.6555145e-01;4.7500000e+01;1.2024517e-01;4.7500000e+01;7.9540953e-02;4.7500000e+01;4.1780747e-02;4.7500000e+01;1.2773564e-03;4.7500000e+01;1.2828533e-02;4.7500000e+01;3.0352397e-02;4.7500000e+01;5.1146403e-02;4.7500000e+01;7.6138340e-02;4.7500000e+01;1.0514915e-01;4.7500000e+01;1.3548163e-01;4.7500000e+01;1.7117137e-01;4.7500000e+01;2.1053734e-01;4.7500000e+01;2.5308198e-01;4.7500000e+01;2.7370310e-01;4.7500000e+01;2.7096257e-01;4.7500000e+01;2.4285096e-01;4.7500000e+01;2.0693442e-01;4.7500000e+01;1.6555145e-01;4.7500000e+01;1.2024517e-01;4.7500000e+01;7.9540953e-02;4.7500000e+01;4.1780747e-02;4.7500000e+01;1.2773564e-03;4.7500000e+01;1.2828533e-02;4.7500000e+01;3.0352397e-02;4.7500000e+01;5.1146403e-02;4.7500000e+01;7.6138340e-02;4.7500000e+01;1.0514915e-01;4.7500000e+01;1.3548163e-01;4.7500000e+01;1.7117137e-01;4.7500000e+01;2.1053734e-01;4.7500000e+01;2.5308198e-01;4.7500000e+01;2.7370310e-01;4.7500000e+01;2.7096257e-01;4.7500000e+01;2.4285096e-01;4.7500000e+01;2.0693442e-01;4.7500000e+01;1.6555145e-01;4.7500000e+01;1.2024517e-01;4.7500000e+01;7.9540953e-02;4.7500000e+01;4.1780747e-02;4.7500000e+01;1.2773564e-03;4.7500000e+01;1.2828533e-02;4.7500000e+01;3.0352397e-02;4.7500000e+01;5.1146403e-02;4.7500000e+01;7.6138340e-02;4.7500000e+01;1.0514915e-01;4.7500000e+01;1.3548163e-01;4.7500000e+01;1.7117137e-01;4.7500000e+01;2.1053734e-01;4.7500000e+01;2.5308198e-01;4.7500000e+01;2.7370310e-01;4.7500000e+01;2.7096257e-01;4.7500000e+01;2.4285096e-01;4.7500000e+01;2.0693442e-01;4.7500000e+01;1.6555145e-01;4.7500000e+01;1.2024517e-01;4.7500000e+01;7.9540953e-02;4.7500000e+01;4.1780747e-02;4.7500000e+01;1.2773564e-03;4.7500000e+01;1.2828533e-02;4.7500000e+01;3.0352397e-02;4.7500000e+01;5.1146403e-02;4.7500000e+01;7.6138340e-02;4.7500000e+01;1.0514915e-01;4.7500000e+01;1.3548163e-01;4.7500000e+01;1.7117137e-01;4.7500000e+01;2.1053734e-01;4.7500000e+01;2.5308198e-01;4.7500000e+01;2.7370310e-01;4.7500000e+01;2.7096257e-01;4.7500000e+01;2.4285096e-01;4.7500000e+01;2.0693442e-01;4.7500000e+01;1.6555145e-01;4.7500000e+01;1.2024517e-01;4.7500000e+01;7.9540953e-02;4.7500000e+01;4.1780747e-02;4.7500000e+01;1.2773564e-03;4.7500000e+01;1.2828533e-02;4.7500000e+01;3.0352397e-02;4.7500000e+01;5.1146403e-02;4.7500000e+01;7.6138340e-02;4.7500000e+01;1.0514915e-01;4.7500000e+01;1.3548163e-01;4.7500000e+01;1.7117137e-01;4.7500000e+01;2.1053734e-01;4.7500000e+01;2.5308198e-01;4.7500000e+01;2.7370310e-01;4.7500000e+01;2.7096257e-01;4.7500000e+01;2.4285096e-01;4.7500000e+01;2.0693442e-01;4.7500000e+01;1.6555145e-01;4.7500000e+01;1.2024517e-01;4.7500000e+01;7.9540953e-02;4.7500000e+01;4.1780747e-02;4.7500000e+01;1.2773564e-03;4.7500000e+01;1.2828533e-02;4.7500000e+01;3.0352397e-02;4.7500000e+01;5.1146403e-02;4.7500000e+01;7.6138340e-02;4.7500000e+01;1.0514915e-01;4.7500000e+01;1.3548163e-01;4.7500000e+01;1.7117137e-01;4.7500000e+01;2.1053734e-01;4.7500000e+01;2.5308198e-01;4.7500000e+01;2.7370310e-01;4.7500000e+01;2.7096257e-01;4.7500000e+01;2.4285096e-01;4.7500000e+01;2.0693442e-01;4.7500000e+01;1.6555145e-01;4.7500000e+01;1.2024517e-01;4.7500000e+01;7.9540953e-02;4.7500000e+01;4.1780747e-02;4.7500000e+01;1.2773564e-03;4.7500000e+01;1.2828533e-02;4.7500000e+01;3.0352397e-02;4.7500000e+01;5.1146403e-02;4.7500000e+01;7.6138340e-02;4.7500000e+01;1.0514915e-01;4.7500000e+01;1.3548163e-01;4.7500000e+01;1.7117137e-01;4.7500000e+01;2.1053734e-01;4.7500000e+01;2.5308198e-01;4.7500000e+01;2.7370310e-01;4.7500000e+01;2.7096257e-01;4.7500000e+01;2.4285096e-01;4.7500000e+01;2.0693442e-01;4.7500000e+01;1.6555145e-01;4.7500000e+01;1.2024517e-01;4.7500000e+01;7.9540953e-02;4.7500000e+01;4.1780747e-02;4.7500000e+01;1.2773564e-03;4.7500000e+01;1.2828533e-02;4.7500000e+01;3.0352397e-02;4.7500000e+01;5.1146403e-02;4.7500000e+01;7.6138340e-02;4.7500000e+01;1.0514915e-01;4.7500000e+01;1.3548163e-01;4.7500000e+01;1.7117137e-01;4.7500000e+01;2.1053734e-01;4.7500000e+01;2.5308198e-01;4.7500000e+01;2.7370310e-01;4.7500000e+01;2.7096257e-01;4.7500000e+01;2.4285096e-01;4.7500000e+01;2.0693442e-01;4.7500000e+01;1.6555145e-01;4.7500000e+01;1.2024517e-01;4.7500000e+01;7.9540953e-02;4.7500000e+01;4.1780747e-02;4.7500000e+01;1.2773564e-03;4.7500000e+01;1.2828533e-02;4.7500000e+01;3.0352397e-02;4.7500000e+01;5.1146403e-02;4.7500000e+01;7.6138340e-02;4.7500000e+01;1.0514915e-01;4.7500000e+01;1.3548163e-01;4.7500000e+01;1.7117137e-01;4.7500000e+01;2.1053734e-01;4.7500000e+01;2.5308198e-01;4.7500000e+01;2.7370310e-01;4.7500000e+01;2.7096257e-01;4.7500000e+01;2.4285096e-01;4.7500000e+01;2.0693442e-01;4.7500000e+01;1.6555145e-01;4.7500000e+01;1.2024517e-01;4.7500000e+01;7.9540953e-02;4.7500000e+01;4.1780747e-02;4.7500000e+01;1.2773564e-03;4.7500000e+01;1.2828533e-02;4.7500000e+01;3.0352397e-02;4.7500000e+01;5.1146403e-02;4.7500000e+01;7.6138340e-02;4.7500000e+01;1.0514915e-01;4.7500000e+01;1.3548163e-01;4.7500000e+01;1.7117137e-01;4.7500000e+01;2.1053734e-01;4.7500000e+01;2.5308198e-01;4.7500000e+01;2.7370310e-01;4.7500000e+01;2.7096257e-01;4.7500000e+01;2.4285096e-01;4.7500000e+01;2.0693442e-01;4.7500000e+01;1.6555145e-01;4.7500000e+01;1.2024517e-01;4.7500000e+01;7.9540953e-02;4.7500000e+01;4.1780747e-02;4.7500000e+01;1.2773564e-03;4.7500000e+01;1.2828533e-02;4.7500000e+01;3.0352397e-02;4.7500000e+01;5.1146403e-02;4.7500000e+01;7.6138340e-02;4.7500000e+01;1.0514915e-01;4.7500000e+01;1.3548163e-01;4.7500000e+01;1.7117137e-01;4.7500000e+01;2.1053734e-01;4.7500000e+01;2.5308198e-01;4.7500000e+01;2.7370310e-01;4.7500000e+01;2.7096257e-01;4.7500000e+01;2.4285096e-01;4.7500000e+01;2.0693442e-01;4.7500000e+01;1.6555145e-01;4.7500000e+01;1.2024517e-01;4.7500000e+01;7.9540953e-02;4.7500000e+01;4.1780747e-02;4.7500000e+01;1.2773564e-03;4.7500000e+01;1.2828533e-02;4.7500000e+01;3.0352397e-02;4.7500000e+01;5.1146403e-02;4.7500000e+01;7.6138340e-02;4.7500000e+01;1.0514915e-01;4.7500000e+01;1.3548163e-01;4.7500000e+01;1.7117137e-01;4.7500000e+01;2.1053734e-01;4.7500000e+01;2.5308198e-01;4.7500000e+01;2.7370310e-01;4.7500000e+01;2.7096257e-01;4.7500000e+01;2.4285096e-01;4.7500000e+01;2.0693442e-01;4.7500000e+01;1.6555145e-01;4.7500000e+01;1.2024517e-01;4.7500000e+01;7.9540953e-02;4.7500000e+01;4.1780747e-02;4.7500000e+01;1.2773564e-03;4.7500000e+01;1.2828533e-02;4.7500000e+01;3.0352397e-02;4.7500000e+01;5.1146403e-02;4.7500000e+01;7.6138340e-02;4.7500000e+01;1.0514915e-01;4.7500000e+01;1.3548163e-01;4.7500000e+01;1.7117137e-01;4.7500000e+01;2.1053734e-01;4.7500000e+01;2.5308198e-01;4.7500000e+01;2.7370310e-01;4.7500000e+01;2.7096257e-01;4.7500000e+01;2.4285096e-01;4.7500000e+01;2.0693442e-01;4.7500000e+01;1.6555145e-01;4.7500000e+01;1.2024517e-01;4.7500000e+01;7.9540953e-02;4.7500000e+01;4.1780747e-02;4.7500000e+01;1.2773564e-03;4.7500000e+01;1.2828533e-02;4.7500000e+01;3.0352397e-02;4.7500000e+01;5.1146403e-02;4.7500000e+01;7.6138340e-02;4.7500000e+01;1.0514915e-01;4.7500000e+01;1.3548163e-01;4.7500000e+01;1.7117137e-01;4.7500000e+01;2.1053734e-01;4.7500000e+01;2.5308198e-01;4.7500000e+01;2.7370310e-01;4.7500000e+01;2.7096257e-01;4.7500000e+01;2.4285096e-01;4.7500000e+01;2.0693442e-01;4.7500000e+01;1.6555145e-01;4.7500000e+01;1.2024517e-01;4.7500000e+01;7.9540953e-02;4.7500000e+01;4.1780747e-02;4.7500000e+01;1.2773564e-03;4.7500000e+01;1.2828533e-02;4.7500000e+01;3.0352397e-02;4.7500000e+01;5.1146403e-02;4.7500000e+01;7.6138340e-02;4.7500000e+01;1.0514915e-01;4.7500000e+01;1.3548163e-01;4.7500000e+01;1.7117137e-01;4.7500000e+01;2.1053734e-01;4.7500000e+01;2.5308198e-01;4.7500000e+01;2.7370310e-01;4.7500000e+01;2.7096257e-01;4.7500000e+01;2.4285096e-01;4.7500000e+01;2.0693442e-01;4.7500000e+01;1.6555145e-01;4.7500000e+01;1.2024517e-01;4.7500000e+01;7.9540953e-02;4.7500000e+01;4.1780747e-02;4.7500000e+01;1.2773564e-03;4.7500000e+01;1.2828533e-02;4.7500000e+01;3.0352397e-02;4.7500000e+01;5.1146403e-02;4.7500000e+01;7.6138340e-02;4.7500000e+01;1.0514915e-01;4.7500000e+01;1.3548163e-01;4.7500000e+01;1.7117137e-01;4.7500000e+01;2.1053734e-01;4.7500000e+01;2.5308198e-01;4.7500000e+01;2.7370310e-01;4.7500000e+01;2.7096257e-01;4.7500000e+01;2.4285096e-01;4.7500000e+01;2.0693442e-01;4.7500000e+01;1.6555145e-01;4.7500000e+01;1.2024517e-01;4.7500000e+01;7.9540953e-02;4.7500000e+01;4.1780747e-02;4.7500000e+01;1.2773564e-03;4.7500000e+01;1.2828533e-02;4.7500000e+01;3.0352397e-02;4.7500000e+01;5.1146403e-02;4.7500000e+01;7.6138340e-02;4.7500000e+01;1.0514915e-01;4.7500000e+01;1.3548163e-01;4.7500000e+01;1.7117137e-01;4.7500000e+01;2.1053734e-01;4.7500000e+01;2.5308198e-01;4.7500000e+01;2.7370310e-01;4.7500000e+01;2.7096257e-01;4.7500000e+01;2.4285096e-01;4.7500000e+01;2.0693442e-01;4.7500000e+01;1.6555145e-01;4.7500000e+01;1.2024517e-01;4.7500000e+01;7.9540953e-02;4.7500000e+01;4.1780747e-02;4.7500000e+01;1.2773564e-03;4.7500000e+01;1.2828533e-02;4.7500000e+01;3.0352397e-02;4.7500000e+01;5.1146403e-02;4.7500000e+01;7.6138340e-02;4.7500000e+01;1.0514915e-01;4.7500000e+01;1.3548163e-01;4.7500000e+01;1.7117137e-01;4.7500000e+01;2.1053734e-01;4.7500000e+01;2.5308198e-01;4.7500000e+01;2.7370310e-01;4.7500000e+01;2.7096257e-01;4.7500000e+01;2.4285096e-01;4.7500000e+01;2.0693442e-01;4.7500000e+01;1.6555145e-01;4.7500000e+01;1.2024517e-01;4.7500000e+01;7.9540953e-02;4.7500000e+01;4.1780747e-02;4.7500000e+01;1.2773564e-03;4.7500000e+01;1.2828533e-02;4.7500000e+01;3.0352397e-02;4.7500000e+01;5.1146403e-02;4.7500000e+01;7.6138340e-02;4.7500000e+01;1.0514915e-01;4.7500000e+01;1.3548163e-01;4.7500000e+01;1.7117137e-01;4.7500000e+01;2.1053734e-01;4.7500000e+01;2.5308198e-01;4.7500000e+01;2.7370310e-01;4.7500000e+01;2.7096257e-01;4.7500000e+01;2.4285096e-01;4.7500000e+01;2.0693442e-01;4.7500000e+01;1.6555145e-01;4.7500000e+01;1.2024517e-01;4.7500000e+01;7.9540953e-02;4.7500000e+01;4.1780747e-02;4.7500000e+01;1.2773564e-03;4.7500000e+01;1.2828533e-02;4.7500000e+01;3.0352397e-02;4.7500000e+01;5.1146403e-02;4.7500000e+01;7.6138340e-02;4.7500000e+01;1.0514915e-01;4.7500000e+01;1.3548163e-01;4.7500000e+01;1.7117137e-01;4.7500000e+01;2.1053734e-01;4.7500000e+01;2.5308198e-01;4.7500000e+01;2.7370310e-01;4.7500000e+01;2.7096257e-01;4.7500000e+01;2.4285096e-01;4.7500000e+01;2.0693442e-01;4.7500000e+01;1.6555145e-01;4.7500000e+01;1.2024517e-01;4.7500000e+01;7.9540953e-02;4.7500000e+01;4.1780747e-02;4.7500000e+01;1.2773564e-03;4.7500000e+01;1.2828533e-02;4.7500000e+01;3.0352397e-02;4.7500000e+01;5.1146403e-02;4.7500000e+01;7.6138340e-02;4.7500000e+01;1.0514915e-01;4.7500000e+01;1.3548163e-01;4.7500000e+01;1.7117137e-01;4.7500000e+01;2.1053734e-01;4.7500000e+01;2.5308198e-01;4.7500000e+01;2.7370310e-01;4.7500000e+01;2.7096257e-01;4.7500000e+01;2.4285096e-01;4.7500000e+01;2.0693442e-01;4.7500000e+01;1.6555145e-01;4.7500000e+01;1.2024517e-01;4.7500000e+01;7.9540953e-02;4.7500000e+01;4.1780747e-02;4.7500000e+01;1.2773564e-03;4.7500000e+01;1.2828533e-02;4.7500000e+01;3.0352397e-02;4.7500000e+01;5.1146403e-02;4.7500000e+01;7.6138340e-02;4.7500000e+01;1.0514915e-01;4.7500000e+01;1.3548163e-01;4.7500000e+01;1.7117137e-01;4.7500000e+01;2.1053734e-01;4.7500000e+01;2.5308198e-01;4.7500000e+01;2.7370310e-01;4.7500000e+01;2.7096257e-01;4.7500000e+01;2.4285096e-01;4.7500000e+01;2.0693442e-01;4.7500000e+01;1.6555145e-01;4.7500000e+01;1.2024517e-01;4.7500000e+01;7.9540953e-02;4.7500000e+01;4.1780747e-02;4.7500000e+01;1.2773564e-03;4.7500000e+01;1.2828533e-02;4.7500000e+01;3.0352397e-02;4.7500000e+01;5.1146403e-02;4.7500000e+01;7.6138340e-02;4.7500000e+01;1.0514915e-01;4.7500000e+01;1.3548163e-01;4.7500000e+01;1.7117137e-01;4.7500000e+01;2.1053734e-01;4.7500000e+01;2.5308198e-01;4.7500000e+01;2.7370310e-01;4.7500000e+01;2.7096257e-01;4.7500000e+01;2.4285096e-01;4.7500000e+01;2.0693442e-01;4.7500000e+01;1.6555145e-01;4.7500000e+01;1.2024517e-01;4.7500000e+01;7.9540953e-02;4.7500000e+01;4.1780747e-02;4.7500000e+01;1.2773564e-03;4.7500000e+01;1.2828533e-02;4.7500000e+01;3.0352397e-02;4.7500000e+01;5.1146403e-02;4.7500000e+01;7.6138340e-02;4.7500000e+01;1.0514915e-01;4.7500000e+01;1.3548163e-01;4.7500000e+01;1.7117137e-01;4.7500000e+01;2.1053734e-01;4.7500000e+01;2.5308198e-01;4.7500000e+01;2.7370310e-01;4.7500000e+01;2.7096257e-01;4.7500000e+01;2.4285096e-01;4.7500000e+01;2.0693442e-01;4.7500000e+01;1.6555145e-01;4.7500000e+01;1.2024517e-01;4.7500000e+01;7.9540953e-02;4.7500000e+01;4.1780747e-02;4.7500000e+01;1.2773564e-03;4.7500000e+01;1.2828533e-02;4.7500000e+01;3.0352397e-02;4.7500000e+01;5.1146403e-02;4.7500000e+01;7.6138340e-02;4.7500000e+01;1.0514915e-01;4.7500000e+01;1.3548163e-01;4.7500000e+01;1.7117137e-01;4.7500000e+01;2.1053734e-01;4.7500000e+01;2.5308198e-01;4.7500000e+01;2.7370310e-01;4.7500000e+01;2.7096257e-01;4.7500000e+01;2.4285096e-01;4.7500000e+01;2.0693442e-01;4.7500000e+01;1.6555145e-01;4.7500000e+01;1.2024517e-01;4.7500000e+01;7.9540953e-02;4.7500000e+01;4.1780747e-02;4.7500000e+01;1.2773564e-03;4.7500000e+01;1.2828533e-02;4.7500000e+01;3.0352397e-02;4.7500000e+01;5.1146403e-02;4.7500000e+01;7.6138340e-02;4.7500000e+01;1.0514915e-01;4.7500000e+01;1.3548163e-01;4.7500000e+01;1.7117137e-01;4.7500000e+01;2.1053734e-01;4.7500000e+01;2.5308198e-01;4.7500000e+01;2.7370310e-01;4.7500000e+01;2.7096257e-01;4.7500000e+01;2.4285096e-01;4.7500000e+01;2.0693442e-01;4.7500000e+01;1.6555145e-01;4.7500000e+01;1.2024517e-01;4.7500000e+01;7.9540953e-02;4.7500000e+01;4.1780747e-02;4.7500000e+01;1.2773564e-03;4.7500000e+01;1.2828533e-02;4.7500000e+01;3.0352397e-02;4.7500000e+01;5.1146403e-02;4.7500000e+01;7.6138340e-02;4.7500000e+01;1.0514915e-01;4.7500000e+01;1.3548163e-01;4.7500000e+01;1.7117137e-01;4.7500000e+01;2.1053734e-01;4.7500000e+01;2.5308198e-01;4.7500000e+01;2.7370310e-01;4.7500000e+01;2.7096257e-01;4.7500000e+01;2.4285096e-01;4.7500000e+01;2.0693442e-01;4.7500000e+01;1.6555145e-01;4.7500000e+01;1.2024517e-01;4.7500000e+01;7.9540953e-02;4.7500000e+01;4.1780747e-02;4.7500000e+01;1.2773564e-03;4.7500000e+01;1.2828533e-02;4.7500000e+01;3.0352397e-02;4.7500000e+01;5.1146403e-02;4.7500000e+01;7.6138340e-02;4.7500000e+01;1.0514915e-01;4.7500000e+01;1.3548163e-01;4.7500000e+01;1.7117137e-01;4.7500000e+01;2.1053734e-01;4.7500000e+01;2.5308198e-01;4.7500000e+01;2.7370310e-01;4.7500000e+01;2.7096257e-01;4.7500000e+01;2.4285096e-01;4.7500000e+01;2.0693442e-01;4.7500000e+01;1.6555145e-01;4.7500000e+01;1.2024517e-01;4.7500000e+01;7.9540953e-02;4.7500000e+01;4.1780747e-02;4.7500000e+01;1.2773564e-03;4.7500000e+01;1.2828533e-02;4.7500000e+01;3.0352397e-02;4.7500000e+01;5.1146403e-02;4.7500000e+01;7.6138340e-02;4.7500000e+01;1.0514915e-01;4.7500000e+01;1.3548163e-01;4.7500000e+01;1.7117137e-01;4.7500000e+01;2.1053734e-01;4.7500000e+01;2.5308198e-01;4.7500000e+01;2.7370310e-01;4.7500000e+01;2.7096257e-01;4.7500000e+01;2.4285096e-01;4.7500000e+01;2.0693442e-01;4.7500000e+01;1.6555145e-01;4.7500000e+01;1.2024517e-01;4.7500000e+01;7.9540953e-02;4.7500000e+01;4.1780747e-02;4.7500000e+01;1.2773564e-03;4.7500000e+01;1.2828533e-02;4.7500000e+01;3.0352397e-02;4.7500000e+01;5.1146403e-02;4.7500000e+01;7.6138340e-02;4.7500000e+01;1.0514915e-01;4.7500000e+01;1.3548163e-01;4.7500000e+01;1.7117137e-01;4.7500000e+01;2.1053734e-01;4.7500000e+01;2.5308198e-01;4.7500000e+01;2.7370310e-01;4.7500000e+01;2.7096257e-01;4.7500000e+01;2.4285096e-01;4.7500000e+01;2.0693442e-01;4.7500000e+01;1.6555145e-01;4.7500000e+01;1.2024517e-01;4.7500000e+01;7.9540953e-02;4.7500000e+01;4.1780747e-02;4.7500000e+01;1.2773564e-03;4.7500000e+01;1.2828533e-02;4.7500000e+01;3.0352397e-02;4.7500000e+01;5.1146403e-02;4.7500000e+01;7.6138340e-02;4.7500000e+01;1.0514915e-01;4.7500000e+01;1.3548163e-01;4.7500000e+01;1.7117137e-01;4.7500000e+01;2.1053734e-01;4.7500000e+01;2.5308198e-01;4.7500000e+01;2.7370310e-01;4.7500000e+01;2.7096257e-01;4.7500000e+01;2.4285096e-01;4.7500000e+01;2.0693442e-01;4.7500000e+01;1.6555145e-01;4.7500000e+01;1.2024517e-01;4.7500000e+01;7.9540953e-02;4.7500000e+01;4.1780747e-02;4.7500000e+01;1.2773564e-03;4.7500000e+01;1.2828533e-02;4.7500000e+01;3.0352397e-02;4.7500000e+01;5.1146403e-02;4.7500000e+01;7.6138340e-02;4.7500000e+01;1.0514915e-01;4.7500000e+01;1.3548163e-01;4.7500000e+01;1.7117137e-01;4.7500000e+01;2.1053734e-01;4.7500000e+01;2.5308198e-01;4.7500000e+01;2.7370310e-01;4.7500000e+01;2.7096257e-01;4.7500000e+01;2.4285096e-01;4.7500000e+01;2.0693442e-01;4.7500000e+01;1.6555145e-01;4.7500000e+01;1.2024517e-01;4.7500000e+01;7.9540953e-02;4.7500000e+01;4.1780747e-02;4.7500000e+01;1.2773564e-03;4.7500000e+01;1.2828533e-02;4.7500000e+01;3.0352397e-02;4.7500000e+01;5.1146403e-02;4.7500000e+01;7.6138340e-02;4.7500000e+01;1.0514915e-01;4.7500000e+01;1.3548163e-01;4.7500000e+01;1.7117137e-01;4.7500000e+01;2.1053734e-01;4.7500000e+01;2.5308198e-01;4.7500000e+01;2.7370310e-01;4.7500000e+01;2.7096257e-01;4.7500000e+01;2.4285096e-01;4.7500000e+01;2.0693442e-01;4.7500000e+01;1.6555145e-01;4.7500000e+01;1.2024517e-01;4.7500000e+01;7.9540953e-02;4.7500000e+01;4.1780747e-02;4.7500000e+01;1.2773564e-03;4.7500000e+01;1.2828533e-02;4.7500000e+01;3.0352397e-02;4.7500000e+01;5.1146403e-02;4.7500000e+01;7.6138340e-02;4.7500000e+01;1.0514915e-01;4.7500000e+01;1.3548163e-01;4.7500000e+01;1.7117137e-01;4.7500000e+01;2.1053734e-01;4.7500000e+01;2.5308198e-01;4.7500000e+01;2.7370310e-01;4.7500000e+01;2.7096257e-01;4.7500000e+01;2.4285096e-01;4.7500000e+01;2.0693442e-01;4.7500000e+01;1.6555145e-01;4.7500000e+01;1.2024517e-01;4.7500000e+01;7.9540953e-02;4.7500000e+01;4.1780747e-02;4.7500000e+01;1.2773564e-03;4.7500000e+01;1.2828533e-02;4.7500000e+01;3.0352397e-02;4.7500000e+01;5.1146403e-02;4.7500000e+01;7.6138340e-02;4.7500000e+01;1.0514915e-01;4.7500000e+01;1.3548163e-01;4.7500000e+01;1.7117137e-01;4.7500000e+01;2.1053734e-01;4.7500000e+01;2.5308198e-01;4.7500000e+01;2.7370310e-01;4.7500000e+01;2.7096257e-01;4.7500000e+01;2.4285096e-01;4.7500000e+01;2.0693442e-01;4.7500000e+01;1.6555145e-01;4.7500000e+01;1.2024517e-01;4.7500000e+01;7.9540953e-02;4.7500000e+01;4.1780747e-02;4.7500000e+01;1.2773564e-03;4.7500000e+01;1.2828533e-02;4.7500000e+01;3.0352397e-02;4.7500000e+01;5.1146403e-02;4.7500000e+01;7.6138340e-02;4.7500000e+01;1.0514915e-01;4.7500000e+01;1.3548163e-01;4.7500000e+01;1.7117137e-01;4.7500000e+01;2.1053734e-01;4.7500000e+01;2.5308198e-01;4.7500000e+01;2.7370310e-01;4.7500000e+01;2.7096257e-01;4.7500000e+01;2.4285096e-01;4.7500000e+01;2.0693442e-01;4.7500000e+01;1.6555145e-01;4.7500000e+01;1.2024517e-01;4.7500000e+01;7.9540953e-02;4.7500000e+01;4.1780747e-02;4.7500000e+01;1.2773564e-03;4.7500000e+01;1.2828533e-02;4.7500000e+01;3.0352397e-02;4.7500000e+01;5.1146403e-02;4.7500000e+01;7.6138340e-02;4.7500000e+01;1.0514915e-01;4.7500000e+01;1.3548163e-01;4.7500000e+01;1.7117137e-01;4.7500000e+01;2.1053734e-01;4.7500000e+01;2.5308198e-01;4.7500000e+01;2.7370310e-01;4.7500000e+01;2.7096257e-01;4.7500000e+01;2.4285096e-01;4.7500000e+01;2.0693442e-01;4.7500000e+01;1.6555145e-01;4.7500000e+01;1.2024517e-01;4.7500000e+01;7.9540953e-02;4.7500000e+01;4.1780747e-02;4.7500000e+01;1.2773564e-03;4.7500000e+01;1.2828533e-02;4.7500000e+01;3.0352397e-02;4.7500000e+01;5.1146403e-02;4.7500000e+01;7.6138340e-02;4.7500000e+01;1.0514915e-01;4.7500000e+01;1.3548163e-01;4.7500000e+01;1.7117137e-01;4.7500000e+01;2.1053734e-01;4.7500000e+01;2.5308198e-01;4.7500000e+01;2.7370310e-01;4.7500000e+01;2.7096257e-01;4.7500000e+01;2.4285096e-01;4.7500000e+01;2.0693442e-01;4.7500000e+01;1.6555145e-01;4.7500000e+01;1.2024517e-01;4.7500000e+01;7.9540953e-02;4.7500000e+01;4.1780747e-02;4.7500000e+01;1.2773564e-03;4.7500000e+01;1.2828533e-02;4.7500000e+01;3.0352397e-02;4.7500000e+01;5.1146403e-02;4.7500000e+01;7.6138340e-02;4.7500000e+01;1.0514915e-01;4.7500000e+01;1.3548163e-01;4.7500000e+01;1.7117137e-01;4.7500000e+01;2.1053734e-01;4.7500000e+01;2.5308198e-01;4.7500000e+01;2.7370310e-01;4.7500000e+01;2.7096257e-01;4.7500000e+01;2.4285096e-01;4.7500000e+01;2.0693442e-01;4.7500000e+01;1.6555145e-01;4.7500000e+01;1.2024517e-01;4.7500000e+01;7.9540953e-02;4.7500000e+01;4.1780747e-02;4.7500000e+01;1.2773564e-03;4.7500000e+01;1.2828533e-02;4.7500000e+01;3.0352397e-02;4.7500000e+01;5.1146403e-02;4.7500000e+01;7.6138340e-02;4.7500000e+01;1.0514915e-01;4.7500000e+01;1.3548163e-01;4.7500000e+01;1.7117137e-01;4.7500000e+01;2.1053734e-01;4.7500000e+01;2.5308198e-01;4.7500000e+01;2.7370310e-01;4.7500000e+01;2.7096257e-01;4.7500000e+01;2.4285096e-01;4.7500000e+01;2.0693442e-01;4.7500000e+01;1.6555145e-01;4.7500000e+01;1.2024517e-01;4.7500000e+01;7.9540953e-02;4.7500000e+01;4.1780747e-02;4.7500000e+01;1.2773564e-03;4.7500000e+01;1.2828533e-02;4.7500000e+01;3.0352397e-02;4.7500000e+01;5.1146403e-02;4.7500000e+01;7.6138340e-02;4.7500000e+01;1.0514915e-01;4.7500000e+01;1.3548163e-01;4.7500000e+01;1.7117137e-01;4.7500000e+01;2.1053734e-01;4.7500000e+01;2.5308198e-01;4.7500000e+01;2.7370310e-01;4.7500000e+01;2.7096257e-01;4.7500000e+01;2.4285096e-01;4.7500000e+01;2.0693442e-01;4.7500000e+01;1.6555145e-01;4.7500000e+01;1.2024517e-01;4.7500000e+01;7.9540953e-02;4.7500000e+01;4.1780747e-02;4.7500000e+01;1.2773564e-03;4.7500000e+01;1.2828533e-02;4.7500000e+01;3.0352397e-02;4.7500000e+01;5.1146403e-02;4.7500000e+01;7.6138340e-02;4.7500000e+01;1.0514915e-01;4.7500000e+01;1.3548163e-01;4.7500000e+01;1.7117137e-01;4.7500000e+01;2.1053734e-01;4.7500000e+01;2.5308198e-01;4.7500000e+01;2.7370310e-01;4.7500000e+01;2.7096257e-01;4.7500000e+01;2.4285096e-01;4.7500000e+01;2.0693442e-01;4.7500000e+01;1.6555145e-01;4.7500000e+01;1.2024517e-01;4.7500000e+01;7.9540953e-02;4.7500000e+01;4.1780747e-02;4.7500000e+01;1.2773564e-03;4.7500000e+01;1.2828533e-02;4.7500000e+01;3.0352397e-02;4.7500000e+01;5.1146403e-02;4.7500000e+01;7.6138340e-02;4.7500000e+01;1.0514915e-01;4.7500000e+01;1.3548163e-01;4.7500000e+01;1.7117137e-01;4.7500000e+01;2.1053734e-01;4.7500000e+01;2.5308198e-01;4.7500000e+01;2.7370310e-01;4.7500000e+01;2.7096257e-01;4.7500000e+01;2.4285096e-01;4.7500000e+01;2.0693442e-01;4.7500000e+01;1.6555145e-01;4.7500000e+01;1.2024517e-01;4.7500000e+01;7.9540953e-02;4.7500000e+01;4.1780747e-02;4.7500000e+01;1.2773564e-03;4.7500000e+01;1.2828533e-02;4.7500000e+01;3.0352397e-02;4.7500000e+01;5.1146403e-02;4.7500000e+01;7.6138340e-02;4.7500000e+01;1.0514915e-01;4.7500000e+01;1.3548163e-01;4.7500000e+01;1.7117137e-01;4.7500000e+01;2.1053734e-01;4.7500000e+01;2.5308198e-01;4.7500000e+01;2.7370310e-01;4.7500000e+01;2.7096257e-01;4.7500000e+01;2.4285096e-01;4.7500000e+01;2.0693442e-01;4.7500000e+01;1.6555145e-01;4.7500000e+01;1.2024517e-01;4.7500000e+01;7.9540953e-02;4.7500000e+01;4.1780747e-02;4.7500000e+01;1.2773564e-03;4.7500000e+01;1.2828533e-02;4.7500000e+01;3.0352397e-02;4.7500000e+01;5.1146403e-02;4.7500000e+01;7.6138340e-02;4.7500000e+01;1.0514915e-01;4.7500000e+01;1.3548163e-01;4.7500000e+01;1.7117137e-01;4.7500000e+01;2.1053734e-01;4.7500000e+01;2.5308198e-01;4.7500000e+01;2.7370310e-01;4.7500000e+01;2.7096257e-01;4.7500000e+01;2.4285096e-01;4.7500000e+01;2.0693442e-01;4.7500000e+01;1.6555145e-01;4.7500000e+01;1.2024517e-01;4.7500000e+01;7.9540953e-02;4.7500000e+01;4.1780747e-02;4.7500000e+01;1.2773564e-03;4.7500000e+01;1.2828533e-02;4.7500000e+01;3.0352397e-02;4.7500000e+01;5.1146403e-02;4.7500000e+01;7.6138340e-02;4.7500000e+01;1.0514915e-01;4.7500000e+01;1.3548163e-01;4.7500000e+01;1.7117137e-01;4.7500000e+01;2.1053734e-01;4.7500000e+01;2.5308198e-01;4.7500000e+01;2.7370310e-01;4.7500000e+01;2.7096257e-01;4.7500000e+01;2.4285096e-01;4.7500000e+01;2.0693442e-01;4.7500000e+01;1.6555145e-01;4.7500000e+01;1.2024517e-01;4.7500000e+01;7.9540953e-02;4.7500000e+01;4.1780747e-02;4.7500000e+01;1.2773564e-03;4.7500000e+01;1.2828533e-02;4.7500000e+01;3.0352397e-02;4.7500000e+01;5.1146403e-02;4.7500000e+01;7.6138340e-02;4.7500000e+01;1.0514915e-01;4.7500000e+01;1.3548163e-01;4.7500000e+01;1.7117137e-01;4.7500000e+01;2.1053734e-01;4.7500000e+01;2.5308198e-01;4.7500000e+01;2.7370310e-01;4.7500000e+01;2.7096257e-01;4.7500000e+01;2.4285096e-01;4.7500000e+01;2.0693442e-01;4.7500000e+01;1.6555145e-01;4.7500000e+01;1.2024517e-01;4.7500000e+01;7.9540953e-02;4.7500000e+01;4.1780747e-02;4.7500000e+01;1.2773564e-03;4.7500000e+01;1.2828533e-02;4.7500000e+01;3.0352397e-02;4.7500000e+01;5.1146403e-02;4.7500000e+01;7.6138340e-02;4.7500000e+01;1.0514915e-01;4.7500000e+01;1.3548163e-01;4.7500000e+01;1.7117137e-01;4.7500000e+01;2.1053734e-01;4.7500000e+01;2.5308198e-01;4.7500000e+01;2.7370310e-01;4.7500000e+01;2.7096257e-01;4.7500000e+01;2.4285096e-01;4.7500000e+01;2.0693442e-01;4.7500000e+01;1.6555145e-01;4.7500000e+01;1.2024517e-01;4.7500000e+01;7.9540953e-02;4.7500000e+01;4.1780747e-02;4.7500000e+01;1.2773564e-03;4.7500000e+01;1.2828533e-02;4.7500000e+01;3.0352397e-02;4.7500000e+01;5.1146403e-02;4.7500000e+01;7.6138340e-02;4.7500000e+01;1.0514915e-01;4.7500000e+01;1.3548163e-01;4.7500000e+01;1.7117137e-01;4.7500000e+01;2.1053734e-01;4.7500000e+01;2.5308198e-01;4.7500000e+01;2.7370310e-01;4.7500000e+01;2.7096257e-01;4.7500000e+01;2.4285096e-01;4.7500000e+01;2.0693442e-01;4.7500000e+01;1.6555145e-01;4.7500000e+01;1.2024517e-01;4.7500000e+01;7.9540953e-02;4.7500000e+01;4.1780747e-02;4.7500000e+01;1.2773564e-03;4.7500000e+01;1.2828533e-02;4.7500000e+01;3.0352397e-02;4.7500000e+01;5.1146403e-02;4.7500000e+01;7.6138340e-02;4.7500000e+01;1.0514915e-01;4.7500000e+01;1.3548163e-01;4.7500000e+01;1.7117137e-01;4.7500000e+01;2.1053734e-01;4.7500000e+01;2.5308198e-01;4.7500000e+01;2.7370310e-01;4.7500000e+01;2.7096257e-01;4.7500000e+01;2.4285096e-01;4.7500000e+01;2.0693442e-01;4.7500000e+01;1.6555145e-01;4.7500000e+01;1.2024517e-01;4.7500000e+01;7.9540953e-02;4.7500000e+01;4.1780747e-02;4.7500000e+01;1.2773564e-03;4.7500000e+01;1.2828533e-02;4.7500000e+01;3.0352397e-02;4.7500000e+01;5.1146403e-02;4.7500000e+01;7.6138340e-02;4.7500000e+01;1.0514915e-01;4.7500000e+01;1.3548163e-01;4.7500000e+01;1.7117137e-01;4.7500000e+01;2.1053734e-01;4.7500000e+01;2.5308198e-01;4.7500000e+01;2.7370310e-01;4.7500000e+01;2.7096257e-01;4.7500000e+01;2.4285096e-01;4.7500000e+01;2.0693442e-01;4.7500000e+01;1.6555145e-01;4.7500000e+01;1.2024517e-01;4.7500000e+01;7.9540953e-02;4.7500000e+01;4.1780747e-02;4.7500000e+01;1.2773564e-03;4.7500000e+01;1.2828533e-02;4.7500000e+01;3.0352397e-02;4.7500000e+01;5.1146403e-02;4.7500000e+01;7.6138340e-02;4.7500000e+01;1.0514915e-01;4.7500000e+01;1.3548163e-01;4.7500000e+01;1.7117137e-01;4.7500000e+01;2.1053734e-01;4.7500000e+01;2.5308198e-01;4.7500000e+01;2.7370310e-01;4.7500000e+01;2.7096257e-01;4.7500000e+01;2.4285096e-01;4.7500000e+01;2.0693442e-01;4.7500000e+01;1.6555145e-01;4.7500000e+01;1.2024517e-01;4.7500000e+01;7.9540953e-02;4.7500000e+01;4.1780747e-02;4.7500000e+01;1.2773564e-03;4.7500000e+01;1.2828533e-02;4.7500000e+01;3.0352397e-02;4.7500000e+01;5.1146403e-02;4.7500000e+01;7.6138340e-02;4.7500000e+01;1.0514915e-01;4.7500000e+01;1.3548163e-01;4.7500000e+01;1.7117137e-01;4.7500000e+01;2.1053734e-01;4.7500000e+01;2.5308198e-01;4.7500000e+01;2.7370310e-01;4.7500000e+01;2.7096257e-01;4.7500000e+01;2.4285096e-01;4.7500000e+01;2.0693442e-01;4.7500000e+01;1.6555145e-01;4.7500000e+01;1.2024517e-01;4.7500000e+01;7.9540953e-02;4.7500000e+01;4.1780747e-02;4.7500000e+01;1.2773564e-03;4.7500000e+01;1.2828533e-02;4.7500000e+01;3.0352397e-02;4.7500000e+01;5.1146403e-02;4.7500000e+01;7.6138340e-02;4.7500000e+01;1.0514915e-01;4.7500000e+01;1.3548163e-01;4.7500000e+01;1.7117137e-01;4.7500000e+01;2.1053734e-01;4.7500000e+01;2.5308198e-01;4.7500000e+01;2.7370310e-01;4.7500000e+01;2.7096257e-01;4.7500000e+01;2.4285096e-01;4.7500000e+01;2.0693442e-01;4.7500000e+01;1.6555145e-01;4.7500000e+01;1.2024517e-01;4.7500000e+01;7.9540953e-02;4.7500000e+01;4.1780747e-02;4.7500000e+01;1.2773564e-03;4.7500000e+01;1.2828533e-02;4.7500000e+01;3.0352397e-02;4.7500000e+01;5.1146403e-02;4.7500000e+01;7.6138340e-02;4.7500000e+01;1.0514915e-01;4.7500000e+01;1.3548163e-01;4.7500000e+01;1.7117137e-01;4.7500000e+01;2.1053734e-01;4.7500000e+01;2.5308198e-01;4.7500000e+01;2.7370310e-01;4.7500000e+01;2.7096257e-01;4.7500000e+01;2.4285096e-01;4.7500000e+01;2.0693442e-01;4.7500000e+01;1.6555145e-01;4.7500000e+01;1.2024517e-01;4.7500000e+01;7.9540953e-02;4.7500000e+01;4.1780747e-02;4.7500000e+01;1.2773564e-03;4.7500000e+01;1.2828533e-02;4.7500000e+01;3.0352397e-02;4.7500000e+01;5.1146403e-02;4.7500000e+01;7.6138340e-02;4.7500000e+01;1.0514915e-01;4.7500000e+01;1.3548163e-01;4.7500000e+01;1.7117137e-01;4.7500000e+01;2.1053734e-01;4.7500000e+01;2.5308198e-01;4.7500000e+01;2.7370310e-01;4.7500000e+01;2.7096257e-01;4.7500000e+01;2.4285096e-01;4.7500000e+01;2.0693442e-01;4.7500000e+01;1.6555145e-01;4.7500000e+01;1.2024517e-01;4.7500000e+01;7.9540953e-02;4.7500000e+01;4.1780747e-02;4.7500000e+01;1.2773564e-03;4.7500000e+01;1.2828533e-02;4.7500000e+01;3.0352397e-02;4.7500000e+01;5.1146403e-02;4.7500000e+01;7.6138340e-02;4.7500000e+01;1.0514915e-01;4.7500000e+01;1.3548163e-01;4.7500000e+01;1.7117137e-01;4.7500000e+01;2.1053734e-01;4.7500000e+01;2.5308198e-01;4.7500000e+01;2.7370310e-01;4.7500000e+01;2.7096257e-01;4.7500000e+01;2.4285096e-01;4.7500000e+01;2.0693442e-01;4.7500000e+01;1.6555145e-01;4.7500000e+01;1.2024517e-01;4.7500000e+01;7.9540953e-02;4.7500000e+01;4.1780747e-02;4.7500000e+01;1.2773564e-03;4.7500000e+01;1.2828533e-02;4.7500000e+01;3.0352397e-02;4.7500000e+01;5.1146403e-02;4.7500000e+01;7.6138340e-02;4.7500000e+01;1.0514915e-01;4.7500000e+01;1.3548163e-01;4.7500000e+01;1.7117137e-01;4.7500000e+01;2.1053734e-01;4.7500000e+01;2.5308198e-01;4.7500000e+01;2.7370310e-01;4.7500000e+01;2.7096257e-01;4.7500000e+01;2.4285096e-01;4.7500000e+01;2.0693442e-01;4.7500000e+01;1.6555145e-01;4.7500000e+01;1.2024517e-01;4.7500000e+01;7.9540953e-02;4.7500000e+01;4.1780747e-02;4.7500000e+01;1.2773564e-03;4.7500000e+01;1.2828533e-02;4.7500000e+01;3.0352397e-02;4.7500000e+01;5.1146403e-02;4.7500000e+01;7.6138340e-02;4.7500000e+01;1.0514915e-01;4.7500000e+01;1.3548163e-01;4.7500000e+01;1.7117137e-01;4.7500000e+01;2.1053734e-01;4.7500000e+01;2.5308198e-01;4.7500000e+01;2.7370310e-01;4.7500000e+01;2.7096257e-01;4.7500000e+01;2.4285096e-01;4.7500000e+01;2.0693442e-01;4.7500000e+01;1.6555145e-01;4.7500000e+01;1.2024517e-01;4.7500000e+01;7.9540953e-02;4.7500000e+01;4.1780747e-02;4.7500000e+01;1.2773564e-03;4.7500000e+01;1.2828533e-02;4.7500000e+01;3.0352397e-02;4.7500000e+01;5.1146403e-02;4.7500000e+01;7.6138340e-02;4.7500000e+01;1.0514915e-01;4.7500000e+01;1.3548163e-01;4.7500000e+01;1.7117137e-01;4.7500000e+01;2.1053734e-01;4.7500000e+01;2.5308198e-01;4.7500000e+01;2.7370310e-01;4.7500000e+01;2.7096257e-01;4.7500000e+01;2.4285096e-01;4.7500000e+01;2.0693442e-01;4.7500000e+01;1.6555145e-01;4.7500000e+01;1.2024517e-01;4.7500000e+01;7.9540953e-02;4.7500000e+01;4.1780747e-02;4.7500000e+01;1.2773564e-03;4.7500000e+01;1.2828533e-02;4.7500000e+01;3.0352397e-02;4.7500000e+01;5.1146403e-02;4.7500000e+01;7.6138340e-02;4.7500000e+01;1.0514915e-01;4.7500000e+01;1.3548163e-01;4.7500000e+01;1.7117137e-01;4.7500000e+01;2.1053734e-01;4.7500000e+01;2.5308198e-01;4.7500000e+01;2.7370310e-01;4.7500000e+01;2.7096257e-01;4.7500000e+01;2.4285096e-01;4.7500000e+01;2.0693442e-01;4.7500000e+01;1.6555145e-01;4.7500000e+01;1.2024517e-01;4.7500000e+01;7.9540953e-02;4.7500000e+01;4.1780747e-02;4.7500000e+01;1.2773564e-03;4.7500000e+01;1.2828533e-02;4.7500000e+01;3.0352397e-02;4.7500000e+01;5.1146403e-02;4.7500000e+01;7.6138340e-02;4.7500000e+01;1.0514915e-01;4.7500000e+01;1.3548163e-01;4.7500000e+01;1.7117137e-01;4.7500000e+01;2.1053734e-01;4.7500000e+01;2.5308198e-01;4.7500000e+01;2.7370310e-01;4.7500000e+01;2.7096257e-01;4.7500000e+01;2.4285096e-01;4.7500000e+01;2.0693442e-01;4.7500000e+01;1.6555145e-01;4.7500000e+01;1.2024517e-01;4.7500000e+01;7.9540953e-02;4.7500000e+01;4.1780747e-02;4.7500000e+01;1.2773564e-03;4.7500000e+01;1.2828533e-02;4.7500000e+01;3.0352397e-02;4.7500000e+01;5.1146403e-02;4.7500000e+01;7.6138340e-02;4.7500000e+01;1.0514915e-01;4.7500000e+01;1.3548163e-01;4.7500000e+01;1.7117137e-01;4.7500000e+01;2.1053734e-01;4.7500000e+01;2.5308198e-01;4.7500000e+01;2.7370310e-01;4.7500000e+01;2.7096257e-01;4.7500000e+01;2.4285096e-01;4.7500000e+01;2.0693442e-01;4.7500000e+01;1.6555145e-01;4.7500000e+01;1.2024517e-01;4.7500000e+01;7.9540953e-02;4.7500000e+01;4.1780747e-02;4.7500000e+01;1.2773564e-03;4.7500000e+01;1.2828533e-02;4.7500000e+01;3.0352397e-02;4.7500000e+01;5.1146403e-02;4.7500000e+01;7.6138340e-02;4.7500000e+01;1.0514915e-01;4.7500000e+01;1.3548163e-01;4.7500000e+01;1.7117137e-01;4.7500000e+01;2.1053734e-01;4.7500000e+01;2.5308198e-01;4.7500000e+01;2.7370310e-01;4.7500000e+01;2.7096257e-01;4.7500000e+01;2.4285096e-01;4.7500000e+01;2.0693442e-01;4.7500000e+01;1.6555145e-01;4.7500000e+01;1.2024517e-01;4.7500000e+01;7.9540953e-02;4.7500000e+01;4.1780747e-02;4.7500000e+01;1.2773564e-03;4.7500000e+01;1.2828533e-02;4.7500000e+01;3.0352397e-02;4.7500000e+01;5.1146403e-02;4.7500000e+01;7.6138340e-02;4.7500000e+01;1.0514915e-01;4.7500000e+01;1.3548163e-01;4.7500000e+01;1.7117137e-01;4.7500000e+01;2.1053734e-01;4.7500000e+01;2.5308198e-01;4.7500000e+01;2.7370310e-01;4.7500000e+01;2.7096257e-01;4.7500000e+01;2.4285096e-01;4.7500000e+01;2.0693442e-01;4.7500000e+01;1.6555145e-01;4.7500000e+01;1.2024517e-01;4.7500000e+01;7.9540953e-02;4.7500000e+01;4.1780747e-02;4.7500000e+01;1.2773564e-03;4.7500000e+01;1.2828533e-02;4.7500000e+01;3.0352397e-02;4.7500000e+01;5.1146403e-02;4.7500000e+01;7.6138340e-02;4.7500000e+01;1.0514915e-01;4.7500000e+01;1.3548163e-01;4.7500000e+01;1.7117137e-01;4.7500000e+01;2.1053734e-01;4.7500000e+01;2.5308198e-01;4.7500000e+01;2.7370310e-01;4.7500000e+01;2.7096257e-01;4.7500000e+01;2.4285096e-01;4.7500000e+01;2.0693442e-01;4.7500000e+01;1.6555145e-01;4.7500000e+01;1.2024517e-01;4.7500000e+01;7.9540953e-02;4.7500000e+01;4.1780747e-02;4.7500000e+01;1.2773564e-03;4.7500000e+01;1.2828533e-02;4.7500000e+01;3.0352397e-02;4.7500000e+01;5.1146403e-02;4.7500000e+01;7.6138340e-02;4.7500000e+01;1.0514915e-01;4.7500000e+01;1.3548163e-01;4.7500000e+01;1.7117137e-01;4.7500000e+01;2.1053734e-01;4.7500000e+01;2.5308198e-01;4.7500000e+01;2.7370310e-01;4.7500000e+01;2.7096257e-01;4.7500000e+01;2.4285096e-01;4.7500000e+01;2.0693442e-01;4.7500000e+01;1.6555145e-01;4.7500000e+01;1.2024517e-01;4.7500000e+01;7.9540953e-02;4.7500000e+01;4.1780747e-02;4.7500000e+01;1.2773564e-03;4.7500000e+01;1.2828533e-02;4.7500000e+01;3.0352397e-02;4.7500000e+01;5.1146403e-02;4.7500000e+01;7.6138340e-02;4.7500000e+01;1.0514915e-01;4.7500000e+01;1.3548163e-01;4.7500000e+01;1.7117137e-01;4.7500000e+01;2.1053734e-01;4.7500000e+01;2.5308198e-01;4.7500000e+01;2.7370310e-01;4.7500000e+01;2.7096257e-01;4.7500000e+01;2.4285096e-01;4.7500000e+01;2.0693442e-01;4.7500000e+01;1.6555145e-01;4.7500000e+01;1.2024517e-01;4.7500000e+01;7.9540953e-02;4.7500000e+01;4.1780747e-02;4.7500000e+01;1.2773564e-03;4.7500000e+01;1.2828533e-02;4.7500000e+01;3.0352397e-02;4.7500000e+01;5.1146403e-02;4.7500000e+01;7.6138340e-02;4.7500000e+01;1.0514915e-01;4.7500000e+01;1.3548163e-01;4.7500000e+01;1.7117137e-01;4.7500000e+01;2.1053734e-01;4.7500000e+01;2.5308198e-01;4.7500000e+01;2.7370310e-01;4.7500000e+01;2.7096257e-01;4.7500000e+01;2.4285096e-01;4.7500000e+01;2.0693442e-01;4.7500000e+01;1.6555145e-01;4.7500000e+01;1.2024517e-01;4.7500000e+01;7.9540953e-02;4.7500000e+01;4.1780747e-02;4.7500000e+01;1.2773564e-03;4.7500000e+01;1.2828533e-02;4.7500000e+01;3.0352397e-02;4.7500000e+01;5.1146403e-02;4.7500000e+01;7.6138340e-02;4.7500000e+01;1.0514915e-01;4.7500000e+01;1.3548163e-01;4.7500000e+01;1.7117137e-01;4.7500000e+01;2.1053734e-01;4.7500000e+01;2.5308198e-01;4.7500000e+01;2.7370310e-01;4.7500000e+01;2.7096257e-01;4.7500000e+01;2.4285096e-01;4.7500000e+01;2.0693442e-01;4.7500000e+01;1.6555145e-01;4.7500000e+01;1.2024517e-01;4.7500000e+01;7.9540953e-02;4.7500000e+01;4.1780747e-02;4.7500000e+01;1.2773564e-03;4.7500000e+01;1.2828533e-02;4.7500000e+01;3.0352397e-02;4.7500000e+01;5.1146403e-02;4.7500000e+01;7.6138340e-02;4.7500000e+01;1.0514915e-01;4.7500000e+01;1.3548163e-01;4.7500000e+01;1.7117137e-01;4.7500000e+01;2.1053734e-01;4.7500000e+01;2.5308198e-01;4.7500000e+01;2.7370310e-01;4.7500000e+01;2.7096257e-01;4.7500000e+01;2.4285096e-01;4.7500000e+01;2.0693442e-01;4.7500000e+01;1.6555145e-01;4.7500000e+01;1.2024517e-01;4.7500000e+01;7.9540953e-02;4.7500000e+01;4.1780747e-02;4.7500000e+01;1.2773564e-03;4.7500000e+01;1.2828533e-02;4.7500000e+01;3.0352397e-02;4.7500000e+01;5.1146403e-02;4.7500000e+01;7.6138340e-02;4.7500000e+01;1.0514915e-01;4.7500000e+01;1.3548163e-01;4.7500000e+01;1.7117137e-01;4.7500000e+01;2.1053734e-01;4.7500000e+01;2.5308198e-01;4.7500000e+01;2.7370310e-01;4.7500000e+01;2.7096257e-01;4.7500000e+01;2.4285096e-01;4.7500000e+01;2.0693442e-01;4.7500000e+01;1.6555145e-01;4.7500000e+01;1.2024517e-01;4.7500000e+01;7.9540953e-02;4.7500000e+01;4.1780747e-02;4.7500000e+01;1.2773564e-03;4.7500000e+01;1.2828533e-02;4.7500000e+01;3.0352397e-02;4.7500000e+01;5.1146403e-02;4.7500000e+01;7.6138340e-02;4.7500000e+01;1.0514915e-01;4.7500000e+01;1.3548163e-01;4.7500000e+01;1.7117137e-01;4.7500000e+01;2.1053734e-01;4.7500000e+01;2.5308198e-01;4.7500000e+01;2.7370310e-01;4.7500000e+01;2.7096257e-01;4.7500000e+01;2.4285096e-01;4.7500000e+01;2.0693442e-01;4.7500000e+01;1.6555145e-01;4.7500000e+01;1.2024517e-01;4.7500000e+01;7.9540953e-02;4.7500000e+01;4.1780747e-02;4.7500000e+01;1.2773564e-03;4.7500000e+01;1.2828533e-02;4.7500000e+01;3.0352397e-02;4.7500000e+01;5.1146403e-02;4.7500000e+01;7.6138340e-02;4.7500000e+01;1.0514915e-01;4.7500000e+01;1.3548163e-01;4.7500000e+01;1.7117137e-01;4.7500000e+01;2.1053734e-01;4.7500000e+01;2.5308198e-01;4.7500000e+01;2.7370310e-01;4.7500000e+01;2.7096257e-01;4.7500000e+01;2.4285096e-01;4.7500000e+01;2.0693442e-01;4.7500000e+01;1.6555145e-01;4.7500000e+01;1.2024517e-01;4.7500000e+01;7.9540953e-02;4.7500000e+01;4.1780747e-02;4.7500000e+01;1.2773564e-03;4.7500000e+01;1.2828533e-02;4.7500000e+01;3.0352397e-02;4.7500000e+01;5.1146403e-02;4.7500000e+01;7.6138340e-02;4.7500000e+01;1.0514915e-01;4.7500000e+01;1.3548163e-01;4.7500000e+01;1.7117137e-01;4.7500000e+01;2.1053734e-01;4.7500000e+01;2.5308198e-01;4.7500000e+01;2.7370310e-01;4.7500000e+01;2.7096257e-01;4.7500000e+01;2.4285096e-01;4.7500000e+01;2.0693442e-01;4.7500000e+01;1.6555145e-01;4.7500000e+01;1.2024517e-01;4.7500000e+01;7.9540953e-02;4.7500000e+01;4.1780747e-02;4.7500000e+01;1.2773564e-03;4.7500000e+01;1.2828533e-02;4.7500000e+01;3.0352397e-02;4.7500000e+01;5.1146403e-02;4.7500000e+01;7.6138340e-02;4.7500000e+01;1.0514915e-01;4.7500000e+01;1.3548163e-01;4.7500000e+01;1.7117137e-01;4.7500000e+01;2.1053734e-01;4.7500000e+01;2.5308198e-01;4.7500000e+01;2.7370310e-01;4.7500000e+01;2.7096257e-01;4.7500000e+01;2.4285096e-01;4.7500000e+01;2.0693442e-01;4.7500000e+01;1.6555145e-01;4.7500000e+01;1.2024517e-01;4.7500000e+01;7.9540953e-02;4.7500000e+01;4.1780747e-02;4.7500000e+01;1.2773564e-03;4.7500000e+01;1.2828533e-02;4.7500000e+01;3.0352397e-02;4.7500000e+01;5.1146403e-02;4.7500000e+01;7.6138340e-02;4.7500000e+01;1.0514915e-01;4.7500000e+01;1.3548163e-01;4.7500000e+01;1.7117137e-01;4.7500000e+01;2.1053734e-01;4.7500000e+01;2.5308198e-01;4.7500000e+01;2.7370310e-01;4.7500000e+01;2.7096257e-01;4.7500000e+01;2.4285096e-01;4.7500000e+01;2.0693442e-01;4.7500000e+01;1.6555145e-01;4.7500000e+01;1.2024517e-01;4.7500000e+01;7.9540953e-02;4.7500000e+01;4.1780747e-02;4.7500000e+01;1.2773564e-03;4.7500000e+01;1.2828533e-02;4.7500000e+01;3.0352397e-02;4.7500000e+01;5.1146403e-02;4.7500000e+01;7.6138340e-02;4.7500000e+01;1.0514915e-01;4.7500000e+01;1.3548163e-01;4.7500000e+01;1.7117137e-01;4.7500000e+01;2.1053734e-01;4.7500000e+01;2.5308198e-01;4.7500000e+01;2.7370310e-01;4.7500000e+01;2.7096257e-01;4.7500000e+01;2.4285096e-01;4.7500000e+01;2.0693442e-01;4.7500000e+01;1.6555145e-01;4.7500000e+01;1.2024517e-01;4.7500000e+01;7.9540953e-02;4.7500000e+01;4.1780747e-02;4.7500000e+01;1.2773564e-03;4.7500000e+01;1.2828533e-02;4.7500000e+01;3.0352397e-02;4.7500000e+01;5.1146403e-02;4.7500000e+01;7.6138340e-02;4.7500000e+01;1.0514915e-01;4.7500000e+01;1.3548163e-01;4.7500000e+01;1.7117137e-01;4.7500000e+01;2.1053734e-01;4.7500000e+01;2.5308198e-01;4.7500000e+01;2.7370310e-01;4.7500000e+01;2.7096257e-01;4.7500000e+01;2.4285096e-01;4.7500000e+01;2.0693442e-01;4.7500000e+01;1.6555145e-01;4.7500000e+01;1.2024517e-01;4.7500000e+01;7.9540953e-02;4.7500000e+01;4.1780747e-02;4.7500000e+01;1.2773564e-03;4.7500000e+01;1.2828533e-02;4.7500000e+01;3.0352397e-02;4.7500000e+01;5.1146403e-02;4.7500000e+01;7.6138340e-02;4.7500000e+01;1.0514915e-01;4.7500000e+01;1.3548163e-01;4.7500000e+01;1.7117137e-01;4.7500000e+01;2.1053734e-01;4.7500000e+01;2.5308198e-01;4.7500000e+01;2.7370310e-01;4.7500000e+01;2.7096257e-01;4.7500000e+01;2.4285096e-01;4.7500000e+01;2.0693442e-01;4.7500000e+01;1.6555145e-01;4.7500000e+01;1.2024517e-01;4.7500000e+01;7.9540953e-02;4.7500000e+01;4.1780747e-02;4.7500000e+01;1.2773564e-03;4.7500000e+01;1.2828533e-02;4.7500000e+01;3.0352397e-02;4.7500000e+01;5.1146403e-02;4.7500000e+01;7.6138340e-02;4.7500000e+01;1.0514915e-01;4.7500000e+01;1.3548163e-01;4.7500000e+01;1.7117137e-01;4.7500000e+01;2.1053734e-01;4.7500000e+01;2.5308198e-01;4.7500000e+01;2.7370310e-01;4.7500000e+01;2.7096257e-01;4.7500000e+01;2.4285096e-01;4.7500000e+01;2.0693442e-01;4.7500000e+01;1.6555145e-01;4.7500000e+01;1.2024517e-01;4.7500000e+01;7.9540953e-02;4.7500000e+01;4.1780747e-02;4.7500000e+01;1.2773564e-03;4.7500000e+01;1.2828533e-02;4.7500000e+01;3.0352397e-02;4.7500000e+01;5.1146403e-02;4.7500000e+01;7.6138340e-02;4.7500000e+01;1.0514915e-01;4.7500000e+01;1.3548163e-01;4.7500000e+01;1.7117137e-01;4.7500000e+01;2.1053734e-01;4.7500000e+01;2.5308198e-01;4.7500000e+01;2.7370310e-01;4.7500000e+01;2.7096257e-01;4.7500000e+01;2.4285096e-01;4.7500000e+01;2.0693442e-01;4.7500000e+01;1.6555145e-01;4.7500000e+01;1.2024517e-01;4.7500000e+01;7.9540953e-02;4.7500000e+01;4.1780747e-02;4.7500000e+01;1.2773564e-03;4.7500000e+01;1.2828533e-02;4.7500000e+01;3.0352397e-02;4.7500000e+01;5.1146403e-02;4.7500000e+01;7.6138340e-02;4.7500000e+01;1.0514915e-01;4.7500000e+01;1.3548163e-01;4.7500000e+01;1.7117137e-01;4.7500000e+01;2.1053734e-01;4.7500000e+01;2.5308198e-01;4.7500000e+01;2.7370310e-01;4.7500000e+01;2.7096257e-01;4.7500000e+01;2.4285096e-01;4.7500000e+01;2.0693442e-01;4.7500000e+01;1.6555145e-01;4.7500000e+01;1.2024517e-01;4.7500000e+01;7.9540953e-02;4.7500000e+01;4.1780747e-02;4.7500000e+01;1.2773564e-03;4.7500000e+01;1.2828533e-02;4.7500000e+01;3.0352397e-02;4.7500000e+01;5.1146403e-02;4.7500000e+01;7.6138340e-02;4.7500000e+01;1.0514915e-01;4.7500000e+01;1.3548163e-01;4.7500000e+01;1.7117137e-01;4.7500000e+01;2.1053734e-01;4.7500000e+01;2.5308198e-01;4.7500000e+01;2.7370310e-01;4.7500000e+01;2.7096257e-01;4.7500000e+01;2.4285096e-01;4.7500000e+01;2.0693442e-01;4.7500000e+01;1.6555145e-01;4.7500000e+01;1.2024517e-01;4.7500000e+01;7.9540953e-02;4.7500000e+01;4.1780747e-02;4.7500000e+01;1.2773564e-03;4.7500000e+01;1.2828533e-02;4.7500000e+01;3.0352397e-02;4.7500000e+01;5.1146403e-02;4.7500000e+01;7.6138340e-02;4.7500000e+01;1.0514915e-01;4.7500000e+01;1.3548163e-01;4.7500000e+01;1.7117137e-01;4.7500000e+01;2.1053734e-01;4.7500000e+01;2.5308198e-01;4.7500000e+01;2.7370310e-01;4.7500000e+01;2.7096257e-01;4.7500000e+01;2.4285096e-01;4.7500000e+01;2.0693442e-01;4.7500000e+01;1.6555145e-01;4.7500000e+01;1.2024517e-01;4.7500000e+01;7.9540953e-02;4.7500000e+01;4.1780747e-02;4.7500000e+01;1.2773564e-03;4.7500000e+01;1.2828533e-02;4.7500000e+01;3.0352397e-02;4.7500000e+01;5.1146403e-02;4.7500000e+01;7.6138340e-02;4.7500000e+01;1.0514915e-01;4.7500000e+01;1.3548163e-01;4.7500000e+01;1.7117137e-01;4.7500000e+01;2.1053734e-01;4.7500000e+01;2.5308198e-01;4.7500000e+01;2.7370310e-01;4.7500000e+01;2.7096257e-01;4.7500000e+01;2.4285096e-01;4.7500000e+01;2.0693442e-01;4.7500000e+01;1.6555145e-01;4.7500000e+01;1.2024517e-01;4.7500000e+01;7.9540953e-02;4.7500000e+01;4.1780747e-02;4.7500000e+01;1.2773564e-03;4.7500000e+01;1.2828533e-02;4.7500000e+01;3.0352397e-02;4.7500000e+01;5.1146403e-02;4.7500000e+01;7.6138340e-02;4.7500000e+01;1.0514915e-01;4.7500000e+01;1.3548163e-01;4.7500000e+01;1.7117137e-01;4.7500000e+01;2.1053734e-01;4.7500000e+01;2.5308198e-01;4.7500000e+01;2.7370310e-01;4.7500000e+01;2.7096257e-01;4.7500000e+01;2.4285096e-01;4.7500000e+01;2.0693442e-01;4.7500000e+01;1.6555145e-01;4.7500000e+01;1.2024517e-01;4.7500000e+01;7.9540953e-02;4.7500000e+01;4.1780747e-02;4.7500000e+01;1.2773564e-03;4.7500000e+01;1.2828533e-02;4.7500000e+01;3.0352397e-02;4.7500000e+01;5.1146403e-02;4.7500000e+01;7.6138340e-02;4.7500000e+01;1.0514915e-01;4.7500000e+01;1.3548163e-01;4.7500000e+01;1.7117137e-01;4.7500000e+01;2.1053734e-01;4.7500000e+01;2.5308198e-01;4.7500000e+01;2.7370310e-01;4.7500000e+01;2.7096257e-01;4.7500000e+01;2.4285096e-01;4.7500000e+01;2.0693442e-01;4.7500000e+01;1.6555145e-01;4.7500000e+01;1.2024517e-01;4.7500000e+01;7.9540953e-02;4.7500000e+01;4.1780747e-02;4.7500000e+01;1.2773564e-03;4.7500000e+01;1.2828533e-02;4.7500000e+01;3.0352397e-02;4.7500000e+01;5.1146403e-02;4.7500000e+01;7.6138340e-02;4.7500000e+01;1.0514915e-01;4.7500000e+01;1.3548163e-01;4.7500000e+01;1.7117137e-01;4.7500000e+01;2.1053734e-01;4.7500000e+01;2.5308198e-01;4.7500000e+01;2.7370310e-01;4.7500000e+01;2.7096257e-01;4.7500000e+01;2.4285096e-01;4.7500000e+01;2.0693442e-01;4.7500000e+01;1.6555145e-01;4.7500000e+01;1.2024517e-01;4.7500000e+01;7.9540953e-02;4.7500000e+01;4.1780747e-02;4.7500000e+01;1.2773564e-03;4.7500000e+01;1.2828533e-02;4.7500000e+01;3.0352397e-02;4.7500000e+01;5.1146403e-02;4.7500000e+01;7.6138340e-02;4.7500000e+01;1.0514915e-01;4.7500000e+01;1.3548163e-01;4.7500000e+01;1.7117137e-01;4.7500000e+01;2.1053734e-01;4.7500000e+01;2.5308198e-01;4.7500000e+01;2.7370310e-01;4.7500000e+01;2.7096257e-01;4.7500000e+01;2.4285096e-01;4.7500000e+01;2.0693442e-01;4.7500000e+01;1.6555145e-01;4.7500000e+01;1.2024517e-01;4.7500000e+01;7.9540953e-02;4.7500000e+01;4.1780747e-02;4.7500000e+01;1.2773564e-03;4.7500000e+01;1.2828533e-02;4.7500000e+01;3.0352397e-02;4.7500000e+01;5.1146403e-02;4.7500000e+01;7.6138340e-02;4.7500000e+01;1.0514915e-01;4.7500000e+01;1.3548163e-01;4.7500000e+01;1.7117137e-01;4.7500000e+01;2.1053734e-01;4.7500000e+01;2.5308198e-01;4.7500000e+01;2.7370310e-01;4.7500000e+01;2.7096257e-01;4.7500000e+01;2.4285096e-01;4.7500000e+01;2.0693442e-01;4.7500000e+01;1.6555145e-01;4.7500000e+01;1.2024517e-01;4.7500000e+01;7.9540953e-02;4.7500000e+01;4.1780747e-02;4.7500000e+01;1.2773564e-03;4.7500000e+01;1.2828533e-02;4.7500000e+01;3.0352397e-02;4.7500000e+01;5.1146403e-02;4.7500000e+01;7.6138340e-02;4.7500000e+01;1.0514915e-01;4.7500000e+01;1.3548163e-01;4.7500000e+01;1.7117137e-01;4.7500000e+01;2.1053734e-01;4.7500000e+01;2.5308198e-01;4.7500000e+01;2.7370310e-01;4.7500000e+01;2.7096257e-01;4.7500000e+01;2.4285096e-01;4.7500000e+01;2.0693442e-01;4.7500000e+01;1.6555145e-01;4.7500000e+01;1.2024517e-01;4.7500000e+01;7.9540953e-02;4.7500000e+01;4.1780747e-02;4.7500000e+01;1.2773564e-03;4.7500000e+01;1.2828533e-02;4.7500000e+01;3.0352397e-02;4.7500000e+01;5.1146403e-02;4.7500000e+01;7.6138340e-02;4.7500000e+01;1.0514915e-01;4.7500000e+01;1.3548163e-01;4.7500000e+01;1.7117137e-01;4.7500000e+01;2.1053734e-01;4.7500000e+01;2.5308198e-01;4.7500000e+01;2.7370310e-01;4.7500000e+01;2.7096257e-01;4.7500000e+01;2.4285096e-01;4.7500000e+01;2.0693442e-01;4.7500000e+01;1.6555145e-01;4.7500000e+01;1.2024517e-01;4.7500000e+01;7.9540953e-02;4.7500000e+01;4.1780747e-02;4.7500000e+01;1.2773564e-03;4.7500000e+01;1.2828533e-02;4.7500000e+01;3.0352397e-02;4.7500000e+01;5.1146403e-02;4.7500000e+01;7.6138340e-02;4.7500000e+01;1.0514915e-01;4.7500000e+01;1.3548163e-01;4.7500000e+01;1.7117137e-01;4.7500000e+01;2.1053734e-01;4.7500000e+01;2.5308198e-01;4.7500000e+01;2.7370310e-01;4.7500000e+01;2.7096257e-01;4.7500000e+01;2.4285096e-01;4.7500000e+01;2.0693442e-01;4.7500000e+01;1.6555145e-01;4.7500000e+01;1.2024517e-01;4.7500000e+01;7.9540953e-02;4.7500000e+01;4.1780747e-02;4.7500000e+01;1.2773564e-03;4.7500000e+01;1.2828533e-02;4.7500000e+01;3.0352397e-02;4.7500000e+01;5.1146403e-02;4.7500000e+01;7.6138340e-02;4.7500000e+01;1.0514915e-01;4.7500000e+01;1.3548163e-01;4.7500000e+01;1.7117137e-01;4.7500000e+01;2.1053734e-01;4.7500000e+01;2.5308198e-01;4.7500000e+01;2.7370310e-01;4.7500000e+01;2.7096257e-01;4.7500000e+01;2.4285096e-01;4.7500000e+01;2.0693442e-01;4.7500000e+01;1.6555145e-01;4.7500000e+01;1.2024517e-01;4.7500000e+01;7.9540953e-02;4.7500000e+01;4.1780747e-02;4.7500000e+01;1.2773564e-03;4.7500000e+01;1.2828533e-02;4.7500000e+01;3.0352397e-02;4.7500000e+01;5.1146403e-02;4.7500000e+01;7.6138340e-02;4.7500000e+01;1.0514915e-01;4.7500000e+01;1.3548163e-01;4.7500000e+01;1.7117137e-01;4.7500000e+01;2.1053734e-01;4.7500000e+01;2.5308198e-01;4.7500000e+01;2.7370310e-01;4.7500000e+01;2.7096257e-01;4.7500000e+01;2.4285096e-01;4.7500000e+01;2.0693442e-01;4.7500000e+01;1.6555145e-01;4.7500000e+01;1.2024517e-01;4.7500000e+01;7.9540953e-02;4.7500000e+01;4.1780747e-02;4.7500000e+01;1.2773564e-03;4.7500000e+01;1.2828533e-02;4.7500000e+01;3.0352397e-02;4.7500000e+01;5.1146403e-02;4.7500000e+01;7.6138340e-02;4.7500000e+01;1.0514915e-01;4.7500000e+01;1.3548163e-01;4.7500000e+01;1.7117137e-01;4.7500000e+01;2.1053734e-01;4.7500000e+01;2.5308198e-01;4.7500000e+01;2.7370310e-01;4.7500000e+01;2.7096257e-01;4.7500000e+01;2.4285096e-01;4.7500000e+01;2.0693442e-01;4.7500000e+01;1.6555145e-01;4.7500000e+01;1.2024517e-01;4.7500000e+01;7.9540953e-02;4.7500000e+01;4.1780747e-02;4.7500000e+01;1.2773564e-03;4.7500000e+01;1.2828533e-02;4.7500000e+01;3.0352397e-02;4.7500000e+01;5.1146403e-02;4.7500000e+01;7.6138340e-02;4.7500000e+01;1.0514915e-01;4.7500000e+01;1.3548163e-01;4.7500000e+01;1.7117137e-01;4.7500000e+01;2.1053734e-01;4.7500000e+01;2.5308198e-01;4.7500000e+01;2.7370310e-01;4.7500000e+01;2.7096257e-01;4.7500000e+01;2.4285096e-01;4.7500000e+01;2.0693442e-01;4.7500000e+01;1.6555145e-01;4.7500000e+01;1.2024517e-01;4.7500000e+01;7.9540953e-02;4.7500000e+01;4.1780747e-02;4.7500000e+01;1.2773564e-03;4.7500000e+01;1.2828533e-02;4.7500000e+01;3.0352397e-02;4.7500000e+01;5.1146403e-02;4.7500000e+01;7.6138340e-02;4.7500000e+01;1.0514915e-01;4.7500000e+01;1.3548163e-01;4.7500000e+01;1.7117137e-01;4.7500000e+01;2.1053734e-01;4.7500000e+01;2.5308198e-01;4.7500000e+01;2.7370310e-01;4.7500000e+01;2.7096257e-01;4.7500000e+01;2.4285096e-01;4.7500000e+01;2.0693442e-01;4.7500000e+01;1.6555145e-01;4.7500000e+01;1.2024517e-01;4.7500000e+01;7.9540953e-02;4.7500000e+01;4.1780747e-02;4.7500000e+01;1.2773564e-03;4.7500000e+01;1.2828533e-02;4.7500000e+01;3.0352397e-02;4.7500000e+01;5.1146403e-02;4.7500000e+01;7.6138340e-02;4.7500000e+01;1.0514915e-01;4.7500000e+01;1.3548163e-01;4.7500000e+01;1.7117137e-01;4.7500000e+01;2.1053734e-01;4.7500000e+01;2.5308198e-01;4.7500000e+01;2.7370310e-01;4.7500000e+01;2.7096257e-01;4.7500000e+01;2.4285096e-01;4.7500000e+01;2.0693442e-01;4.7500000e+01;1.6555145e-01;4.7500000e+01;1.2024517e-01;4.7500000e+01;7.9540953e-02;4.7500000e+01;4.1780747e-02;4.7500000e+01;1.2773564e-03;4.7500000e+01;1.2828533e-02;4.7500000e+01;3.0352397e-02;4.7500000e+01;5.1146403e-02;4.7500000e+01;7.6138340e-02;4.7500000e+01;1.0514915e-01;4.7500000e+01;1.3548163e-01;4.7500000e+01;1.7117137e-01;4.7500000e+01;2.1053734e-01;4.7500000e+01;2.5308198e-01;4.7500000e+01;2.7370310e-01;4.7500000e+01;2.7096257e-01;4.7500000e+01;2.4285096e-01;4.7500000e+01;2.0693442e-01;4.7500000e+01;1.6555145e-01;4.7500000e+01;1.2024517e-01;4.7500000e+01;7.9540953e-02;4.7500000e+01;4.1780747e-02;4.7500000e+01;1.2773564e-03;4.7500000e+01;1.2828533e-02;4.7500000e+01;3.0352397e-02;4.7500000e+01;5.1146403e-02;4.7500000e+01;7.6138340e-02;4.7500000e+01;1.0514915e-01;4.7500000e+01;1.3548163e-01;4.7500000e+01;1.7117137e-01;4.7500000e+01;2.1053734e-01;4.7500000e+01;2.5308198e-01;4.7500000e+01;2.7370310e-01;4.7500000e+01;2.7096257e-01;4.7500000e+01;2.4285096e-01;4.7500000e+01;2.0693442e-01;4.7500000e+01;1.6555145e-01;4.7500000e+01;1.2024517e-01;4.7500000e+01;7.9540953e-02;4.7500000e+01;4.1780747e-02;4.7500000e+01;1.2773564e-03;4.7500000e+01;1.2828533e-02;4.7500000e+01;3.0352397e-02;4.7500000e+01;5.1146403e-02;4.7500000e+01;7.6138340e-02;4.7500000e+01;1.0514915e-01;4.7500000e+01;1.3548163e-01;4.7500000e+01;1.7117137e-01;4.7500000e+01;2.1053734e-01;4.7500000e+01;2.5308198e-01;4.7500000e+01;2.7370310e-01;4.7500000e+01;2.7096257e-01;4.7500000e+01;2.4285096e-01;4.7500000e+01;2.0693442e-01;4.7500000e+01;1.6555145e-01;4.7500000e+01;1.2024517e-01;4.7500000e+01;7.9540953e-02;4.7500000e+01;4.1780747e-02;4.7500000e+01;1.2773564e-03;4.7500000e+01;1.2828533e-02;4.7500000e+01;3.0352397e-02;4.7500000e+01;5.1146403e-02;4.7500000e+01;7.6138340e-02;4.7500000e+01;1.0514915e-01;4.7500000e+01;1.3548163e-01;4.7500000e+01;1.7117137e-01;4.7500000e+01;2.1053734e-01;4.7500000e+01;2.5308198e-01;4.7500000e+01;2.7370310e-01;4.7500000e+01;2.7096257e-01;4.7500000e+01;2.4285096e-01;4.7500000e+01;2.0693442e-01;4.7500000e+01;1.6555145e-01;4.7500000e+01;1.2024517e-01;4.7500000e+01;7.9540953e-02;4.7500000e+01;4.1780747e-02;4.7500000e+01;1.2773564e-03;4.7500000e+01;1.2828533e-02;4.7500000e+01;3.0352397e-02;4.7500000e+01;5.1146403e-02;4.7500000e+01;7.6138340e-02;4.7500000e+01;1.0514915e-01;4.7500000e+01;1.3548163e-01;4.7500000e+01;1.7117137e-01;4.7500000e+01;2.1053734e-01;4.7500000e+01;2.5308198e-01;4.7500000e+01;2.7370310e-01;4.7500000e+01;2.7096257e-01;4.7500000e+01;2.4285096e-01;4.7500000e+01;2.0693442e-01;4.7500000e+01;1.6555145e-01;4.7500000e+01;1.2024517e-01;4.7500000e+01;7.9540953e-02;4.7500000e+01;4.1780747e-02;4.7500000e+01;1.2773564e-03;4.7500000e+01;1.2828533e-02;4.7500000e+01;3.0352397e-02;4.7500000e+01;5.1146403e-02;4.7500000e+01;7.6138340e-02;4.7500000e+01;1.0514915e-01;4.7500000e+01;1.3548163e-01;4.7500000e+01;1.7117137e-01;4.7500000e+01;2.1053734e-01;4.7500000e+01;2.5308198e-01;4.7500000e+01;2.7370310e-01;4.7500000e+01;2.7096257e-01;4.7500000e+01;2.4285096e-01;4.7500000e+01;2.0693442e-01;4.7500000e+01;1.6555145e-01;4.7500000e+01;1.2024517e-01;4.7500000e+01;7.9540953e-02;4.7500000e+01;4.1780747e-02;4.7500000e+01;1.2773564e-03;4.7500000e+01;1.2828533e-02;4.7500000e+01;3.0352397e-02;4.7500000e+01;5.1146403e-02;4.7500000e+01;7.6138340e-02;4.7500000e+01;1.0514915e-01;4.7500000e+01;1.3548163e-01;4.7500000e+01;1.7117137e-01;4.7500000e+01;2.1053734e-01;4.7500000e+01;2.5308198e-01;4.7500000e+01;2.7370310e-01;4.7500000e+01;2.7096257e-01;4.7500000e+01;2.4285096e-01;4.7500000e+01;2.0693442e-01;4.7500000e+01;1.6555145e-01;4.7500000e+01;1.2024517e-01;4.7500000e+01;7.9540953e-02;4.7500000e+01;4.1780747e-02;4.7500000e+01;1.2773564e-03;4.7500000e+01;1.2828533e-02;4.7500000e+01;3.0352397e-02;4.7500000e+01;5.1146403e-02;4.7500000e+01;7.6138340e-02;4.7500000e+01;1.0514915e-01;4.7500000e+01;1.3548163e-01;4.7500000e+01;1.7117137e-01;4.7500000e+01;2.1053734e-01;4.7500000e+01;2.5308198e-01;4.7500000e+01;2.7370310e-01;4.7500000e+01;2.7096257e-01;4.7500000e+01;2.4285096e-01;4.7500000e+01;2.0693442e-01;4.7500000e+01;1.6555145e-01;4.7500000e+01;1.2024517e-01;4.7500000e+01;7.9540953e-02;4.7500000e+01;4.1780747e-02;4.7500000e+01;1.2773564e-03;4.7500000e+01;1.2828533e-02;4.7500000e+01;3.0352397e-02;4.7500000e+01;5.1146403e-02;4.7500000e+01;7.6138340e-02;4.7500000e+01;1.0514915e-01;4.7500000e+01;1.3548163e-01;4.7500000e+01;1.7117137e-01;4.7500000e+01;2.1053734e-01;4.7500000e+01;2.5308198e-01;4.7500000e+01;2.7370310e-01;4.7500000e+01;2.7096257e-01;4.7500000e+01;2.4285096e-01;4.7500000e+01;2.0693442e-01;4.7500000e+01;1.6555145e-01;4.7500000e+01;1.2024517e-01;4.7500000e+01;7.9540953e-02;4.7500000e+01;4.1780747e-02;4.7500000e+01;1.2773564e-03;4.7500000e+01;1.2828533e-02;4.7500000e+01;3.0352397e-02;4.7500000e+01;5.1146403e-02;4.7500000e+01;7.6138340e-02;4.7500000e+01;1.0514915e-01;4.7500000e+01;1.3548163e-01;4.7500000e+01;1.7117137e-01;4.7500000e+01;2.1053734e-01;4.7500000e+01;2.5308198e-01;4.7500000e+01;2.7370310e-01;4.7500000e+01;2.7096257e-01;4.7500000e+01;2.4285096e-01;4.7500000e+01;2.0693442e-01;4.7500000e+01;1.6555145e-01;4.7500000e+01;1.2024517e-01;4.7500000e+01;7.9540953e-02;4.7500000e+01;4.1780747e-02;4.7500000e+01;1.2773564e-03;4.7500000e+01;1.2828533e-02;4.7500000e+01;3.0352397e-02;4.7500000e+01;5.1146403e-02;4.7500000e+01;7.6138340e-02;4.7500000e+01;1.0514915e-01;4.7500000e+01;1.3548163e-01;4.7500000e+01;1.7117137e-01;4.7500000e+01;2.1053734e-01;4.7500000e+01;2.5308198e-01;4.7500000e+01;2.7370310e-01;4.7500000e+01;2.7096257e-01;4.7500000e+01;2.4285096e-01;4.7500000e+01;2.0693442e-01;4.7500000e+01;1.6555145e-01;4.7500000e+01;1.2024517e-01;4.7500000e+01;7.9540953e-02;4.7500000e+01;4.1780747e-02;4.7500000e+01;1.2773564e-03;4.7500000e+01;1.2828533e-02;4.7500000e+01;3.0352397e-02;4.7500000e+01;5.1146403e-02;4.7500000e+01;7.6138340e-02;4.7500000e+01;1.0514915e-01;4.7500000e+01;1.3548163e-01;4.7500000e+01;1.7117137e-01;4.7500000e+01;2.1053734e-01;4.7500000e+01;2.5308198e-01;4.7500000e+01;2.7370310e-01;4.7500000e+01;2.7096257e-01;4.7500000e+01;2.4285096e-01;4.7500000e+01;2.0693442e-01;4.7500000e+01;1.6555145e-01;4.7500000e+01;1.2024517e-01;4.7500000e+01;7.9540953e-02;4.7500000e+01;4.1780747e-02;4.7500000e+01;1.2773564e-03;4.7500000e+01;1.2828533e-02;4.7500000e+01;3.0352397e-02;4.7500000e+01;5.1146403e-02;4.7500000e+01;7.6138340e-02;4.7500000e+01;1.0514915e-01;4.7500000e+01;1.3548163e-01;4.7500000e+01;1.7117137e-01;4.7500000e+01;2.1053734e-01;4.7500000e+01;2.5308198e-01;4.7500000e+01;2.7370310e-01;4.7500000e+01;2.7096257e-01;4.7500000e+01;2.4285096e-01;4.7500000e+01;2.0693442e-01;4.7500000e+01;1.6555145e-01;4.7500000e+01;1.2024517e-01;4.7500000e+01;7.9540953e-02;4.7500000e+01;4.1780747e-02;4.7500000e+01;1.2773564e-03;4.7500000e+01;1.2828533e-02;4.7500000e+01;3.0352397e-02;4.7500000e+01;5.1146403e-02;4.7500000e+01;7.6138340e-02;4.7500000e+01;1.0514915e-01;4.7500000e+01;1.3548163e-01;4.7500000e+01;1.7117137e-01;4.7500000e+01;2.1053734e-01;4.7500000e+01;2.5308198e-01;4.7500000e+01;2.7370310e-01;4.7500000e+01;2.7096257e-01;4.7500000e+01;2.4285096e-01;4.7500000e+01;2.0693442e-01;4.7500000e+01;1.6555145e-01;4.7500000e+01;1.2024517e-01;4.7500000e+01;7.9540953e-02;4.7500000e+01;4.1780747e-02;4.7500000e+01;1.2773564e-03;4.7500000e+01;1.2828533e-02;4.7500000e+01;3.0352397e-02;4.7500000e+01;5.1146403e-02;4.7500000e+01;7.6138340e-02;4.7500000e+01;1.0514915e-01;4.7500000e+01;1.3548163e-01;4.7500000e+01;1.7117137e-01;4.7500000e+01;2.1053734e-01;4.7500000e+01;2.5308198e-01;4.7500000e+01;2.7370310e-01;4.7500000e+01;2.7096257e-01;4.7500000e+01;2.4285096e-01;4.7500000e+01;2.0693442e-01;4.7500000e+01;1.6555145e-01;4.7500000e+01;1.2024517e-01;4.7500000e+01;7.9540953e-02;4.7500000e+01;4.1780747e-02;4.7500000e+01;1.2773564e-03;4.7500000e+01;1.2828533e-02;4.7500000e+01;3.0352397e-02;4.7500000e+01;5.1146403e-02;4.7500000e+01;7.6138340e-02;4.7500000e+01;1.0514915e-01;4.7500000e+01;1.3548163e-01;4.7500000e+01;1.7117137e-01;4.7500000e+01;2.1053734e-01;4.7500000e+01;2.5308198e-01;4.7500000e+01;2.7370310e-01;4.7500000e+01;2.7096257e-01;4.7500000e+01;2.4285096e-01;4.7500000e+01;2.0693442e-01;4.7500000e+01;1.6555145e-01;4.7500000e+01;1.2024517e-01;4.7500000e+01;7.9540953e-02;4.7500000e+01;4.1780747e-02;4.7500000e+01;1.2773564e-03;4.7500000e+01;1.2828533e-02;4.7500000e+01;3.0352397e-02;4.7500000e+01;5.1146403e-02;4.7500000e+01;7.6138340e-02;4.7500000e+01;1.0514915e-01;4.7500000e+01;1.3548163e-01;4.7500000e+01;1.7117137e-01;4.7500000e+01;2.1053734e-01;4.7500000e+01;2.5308198e-01;4.7500000e+01;2.7370310e-01;4.7500000e+01;2.7096257e-01;4.7500000e+01;2.4285096e-01;4.7500000e+01;2.0693442e-01;4.7500000e+01;1.6555145e-01;4.7500000e+01;1.2024517e-01;4.7500000e+01;7.9540953e-02;4.7500000e+01;4.1780747e-02;4.7500000e+01;1.2773564e-03;4.7500000e+01;1.2828533e-02;4.7500000e+01;3.0352397e-02;4.7500000e+01;5.1146403e-02;4.7500000e+01;7.6138340e-02;4.7500000e+01;1.0514915e-01;4.7500000e+01;1.3548163e-01;4.7500000e+01;1.7117137e-01;4.7500000e+01;2.1053734e-01;4.7500000e+01;2.5308198e-01;4.7500000e+01;2.7370310e-01;4.7500000e+01;2.7096257e-01;4.7500000e+01;2.4285096e-01;4.7500000e+01;2.0693442e-01;4.7500000e+01;1.6555145e-01;4.7500000e+01;1.2024517e-01;4.7500000e+01;7.9540953e-02;4.7500000e+01;4.1780747e-02;4.7500000e+01;1.2773564e-03;4.7500000e+01;1.2828533e-02;4.7500000e+01;3.0352397e-02;4.7500000e+01;5.1146403e-02;4.7500000e+01;7.6138340e-02;4.7500000e+01;1.0514915e-01;4.7500000e+01;1.3548163e-01;4.7500000e+01;1.7117137e-01;4.7500000e+01;2.1053734e-01;4.7500000e+01;2.5308198e-01;4.7500000e+01;2.7370310e-01;4.7500000e+01;2.7096257e-01;4.7500000e+01;2.4285096e-01;4.7500000e+01;2.0693442e-01;4.7500000e+01;1.6555145e-01;4.7500000e+01;1.2024517e-01;4.7500000e+01;7.9540953e-02;4.7500000e+01;4.1780747e-02;4.7500000e+01;1.2773564e-03;4.7500000e+01;1.2828533e-02;4.7500000e+01;3.0352397e-02;4.7500000e+01;5.1146403e-02;4.7500000e+01;7.6138340e-02;4.7500000e+01;1.0514915e-01;4.7500000e+01;1.3548163e-01;4.7500000e+01;1.7117137e-01;4.7500000e+01;2.1053734e-01;4.7500000e+01;2.5308198e-01;4.7500000e+01;2.7370310e-01;4.7500000e+01;2.7096257e-01;4.7500000e+01;2.4285096e-01;4.7500000e+01;2.0693442e-01;4.7500000e+01;1.6555145e-01;4.7500000e+01;1.2024517e-01;4.7500000e+01;7.9540953e-02;4.7500000e+01;4.1780747e-02;4.7500000e+01;1.2773564e-03;4.7500000e+01;1.2828533e-02;4.7500000e+01;3.0352397e-02;4.7500000e+01;5.1146403e-02;4.7500000e+01;7.6138340e-02;4.7500000e+01;1.0514915e-01;4.7500000e+01;1.3548163e-01;4.7500000e+01;1.7117137e-01;4.7500000e+01;2.1053734e-01;4.7500000e+01;2.5308198e-01;4.7500000e+01;2.7370310e-01;4.7500000e+01;2.7096257e-01;4.7500000e+01;2.4285096e-01;4.7500000e+01;2.0693442e-01;4.7500000e+01;1.6555145e-01;4.7500000e+01;1.2024517e-01;4.7500000e+01;7.9540953e-02;4.7500000e+01;4.1780747e-02;4.7500000e+01;1.2773564e-03;4.7500000e+01;1.2828533e-02;4.7500000e+01;3.0352397e-02;4.7500000e+01;5.1146403e-02;4.7500000e+01;7.6138340e-02;4.7500000e+01;1.0514915e-01;4.7500000e+01;1.3548163e-01;4.7500000e+01;1.7117137e-01;4.7500000e+01;2.1053734e-01;4.7500000e+01;2.5308198e-01;4.7500000e+01;2.7370310e-01;4.7500000e+01;2.7096257e-01;4.7500000e+01;2.4285096e-01;4.7500000e+01;2.0693442e-01;4.7500000e+01;1.6555145e-01;4.7500000e+01;1.2024517e-01;4.7500000e+01;7.9540953e-02;4.7500000e+01;4.1780747e-02;4.7500000e+01;1.2773564e-03;4.7500000e+01;1.2828533e-02;4.7500000e+01;3.0352397e-02;4.7500000e+01;5.1146403e-02;4.7500000e+01;7.6138340e-02;4.7500000e+01;1.0514915e-01;4.7500000e+01;1.3548163e-01;4.7500000e+01;1.7117137e-01;4.7500000e+01;2.1053734e-01;4.7500000e+01;2.5308198e-01;4.7500000e+01;2.7370310e-01;4.7500000e+01;2.7096257e-01;4.7500000e+01;2.4285096e-01;4.7500000e+01;2.0693442e-01;4.7500000e+01;1.6555145e-01;4.7500000e+01;1.2024517e-01;4.7500000e+01;7.9540953e-02;4.7500000e+01;4.1780747e-02;4.7500000e+01;1.2773564e-03;4.7500000e+01;1.2828533e-02;4.7500000e+01;3.0352397e-02;4.7500000e+01;5.1146403e-02;4.7500000e+01;7.6138340e-02;4.7500000e+01;1.0514915e-01;4.7500000e+01;1.3548163e-01;4.7500000e+01;1.7117137e-01;4.7500000e+01;2.1053734e-01;4.7500000e+01;2.5308198e-01;4.7500000e+01;2.7370310e-01;4.7500000e+01;2.7096257e-01;4.7500000e+01;2.4285096e-01;4.7500000e+01;2.0693442e-01;4.7500000e+01;1.6555145e-01;4.7500000e+01;1.2024517e-01;4.7500000e+01;7.9540953e-02;4.7500000e+01;4.1780747e-02;4.7500000e+01;1.2773564e-03;4.7500000e+01;1.2828533e-02;4.7500000e+01;3.0352397e-02;4.7500000e+01;5.1146403e-02;4.7500000e+01;7.6138340e-02;4.7500000e+01;1.0514915e-01;4.7500000e+01;1.3548163e-01;4.7500000e+01;1.7117137e-01;4.7500000e+01;2.1053734e-01;4.7500000e+01;2.5308198e-01;4.7500000e+01;2.7370310e-01;4.7500000e+01;2.7096257e-01;4.7500000e+01;2.4285096e-01;4.7500000e+01;2.0693442e-01;4.7500000e+01;1.6555145e-01;4.7500000e+01;1.2024517e-01;4.7500000e+01;7.9540953e-02;4.7500000e+01;4.1780747e-02;4.7500000e+01;1.2773564e-03;4.7500000e+01;1.2828533e-02;4.7500000e+01;3.0352397e-02;4.7500000e+01;5.1146403e-02;4.7500000e+01;7.6138340e-02;4.7500000e+01;1.0514915e-01;4.7500000e+01;1.3548163e-01;4.7500000e+01;1.7117137e-01;4.7500000e+01;2.1053734e-01;4.7500000e+01;2.5308198e-01;4.7500000e+01;2.7370310e-01;4.7500000e+01;2.7096257e-01;4.7500000e+01;2.4285096e-01;4.7500000e+01;2.0693442e-01;4.7500000e+01;1.6555145e-01;4.7500000e+01;1.2024517e-01;4.7500000e+01;7.9540953e-02;4.7500000e+01;4.1780747e-02;4.7500000e+01;1.2773564e-03;4.7500000e+01;1.2828533e-02;4.7500000e+01;3.0352397e-02;4.7500000e+01;5.1146403e-02;4.7500000e+01;7.6138340e-02;4.7500000e+01;1.0514915e-01;4.7500000e+01;1.3548163e-01;4.7500000e+01;1.7117137e-01;4.7500000e+01;2.1053734e-01;4.7500000e+01;2.5308198e-01;4.7500000e+01;2.7370310e-01;4.7500000e+01;2.7096257e-01;4.7500000e+01;2.4285096e-01;4.7500000e+01;2.0693442e-01;4.7500000e+01;1.6555145e-01;4.7500000e+01;1.2024517e-01;4.7500000e+01;7.9540953e-02;4.7500000e+01;4.1780747e-02;4.7500000e+01;1.2773564e-03;4.7500000e+01;1.2828533e-02;4.7500000e+01;3.0352397e-02;4.7500000e+01;5.1146403e-02;4.7500000e+01;7.6138340e-02;4.7500000e+01;1.0514915e-01;4.7500000e+01;1.3548163e-01;4.7500000e+01;1.7117137e-01;4.7500000e+01;2.1053734e-01;4.7500000e+01;2.5308198e-01;4.7500000e+01;2.7370310e-01;4.7500000e+01;2.7096257e-01;4.7500000e+01;2.4285096e-01;4.7500000e+01;2.0693442e-01;4.7500000e+01;1.6555145e-01;4.7500000e+01;1.2024517e-01;4.7500000e+01;7.9540953e-02;4.7500000e+01;4.1780747e-02;4.7500000e+01;1.2773564e-03;4.7500000e+01;1.2828533e-02;4.7500000e+01;3.0352397e-02;4.7500000e+01;5.1146403e-02;4.7500000e+01;7.6138340e-02;4.7500000e+01;1.0514915e-01;4.7500000e+01;1.3548163e-01;4.7500000e+01;1.7117137e-01;4.7500000e+01;2.1053734e-01;4.7500000e+01;2.5308198e-01;4.7500000e+01;2.7370310e-01;4.7500000e+01;2.7096257e-01;4.7500000e+01;2.4285096e-01;4.7500000e+01;2.0693442e-01;4.7500000e+01;1.6555145e-01;4.7500000e+01;1.2024517e-01;4.7500000e+01;7.9540953e-02;4.7500000e+01;4.1780747e-02;4.7500000e+01;1.2773564e-03;4.7500000e+01;1.2828533e-02;4.7500000e+01;3.0352397e-02;4.7500000e+01;5.1146403e-02;4.7500000e+01;7.6138340e-02;4.7500000e+01;1.0514915e-01;4.7500000e+01;1.3548163e-01;4.7500000e+01;1.7117137e-01;4.7500000e+01;2.1053734e-01;4.7500000e+01;2.5308198e-01;4.7500000e+01;2.7370310e-01;4.7500000e+01;2.7096257e-01;4.7500000e+01;2.4285096e-01;4.7500000e+01;2.0693442e-01;4.7500000e+01;1.6555145e-01;4.7500000e+01;1.2024517e-01;4.7500000e+01;7.9540953e-02;4.7500000e+01;4.1780747e-02;4.7500000e+01;1.2773564e-03;4.7500000e+01;1.2828533e-02;4.7500000e+01;3.0352397e-02;4.7500000e+01;5.1146403e-02;4.7500000e+01;7.6138340e-02;4.7500000e+01;1.0514915e-01;4.7500000e+01;1.3548163e-01;4.7500000e+01;1.7117137e-01;4.7500000e+01;2.1053734e-01;4.7500000e+01;2.5308198e-01;4.7500000e+01;2.7370310e-01;4.7500000e+01;2.7096257e-01;4.7500000e+01;2.4285096e-01;4.7500000e+01;2.0693442e-01;4.7500000e+01;1.6555145e-01;4.7500000e+01;1.2024517e-01;4.7500000e+01;7.9540953e-02;4.7500000e+01;4.1780747e-02;4.7500000e+01;1.2773564e-03;4.7500000e+01;1.2828533e-02;4.7500000e+01;3.0352397e-02;4.7500000e+01;5.1146403e-02;4.7500000e+01;7.6138340e-02;4.7500000e+01;1.0514915e-01;4.7500000e+01;1.3548163e-01;4.7500000e+01;1.7117137e-01;4.7500000e+01;2.1053734e-01;4.7500000e+01;2.5308198e-01;4.7500000e+01;2.7370310e-01;4.7500000e+01;2.7096257e-01;4.7500000e+01;2.4285096e-01;4.7500000e+01;2.0693442e-01;4.7500000e+01;1.6555145e-01;4.7500000e+01;1.2024517e-01;4.7500000e+01;7.9540953e-02;4.7500000e+01;4.1780747e-02;4.7500000e+01;1.2773564e-03;4.7500000e+01;1.2828533e-02;4.7500000e+01;3.0352397e-02;4.7500000e+01;5.1146403e-02;4.7500000e+01;7.6138340e-02;4.7500000e+01;1.0514915e-01;4.7500000e+01;1.3548163e-01;4.7500000e+01;1.7117137e-01;4.7500000e+01;2.1053734e-01;4.7500000e+01;2.5308198e-01;4.7500000e+01;2.7370310e-01;4.7500000e+01;2.7096257e-01;4.7500000e+01;2.4285096e-01;4.7500000e+01;2.0693442e-01;4.7500000e+01;1.6555145e-01;4.7500000e+01;1.2024517e-01;4.7500000e+01;7.9540953e-02;4.7500000e+01;4.1780747e-02;4.7500000e+01;1.2773564e-03;4.7500000e+01;1.2828533e-02;4.7500000e+01;3.0352397e-02;4.7500000e+01;5.1146403e-02;4.7500000e+01;7.6138340e-02;4.7500000e+01;1.0514915e-01;4.7500000e+01;1.3548163e-01;4.7500000e+01;1.7117137e-01;4.7500000e+01;2.1053734e-01;4.7500000e+01;2.5308198e-01;4.7500000e+01;2.7370310e-01;4.7500000e+01;2.7096257e-01;4.7500000e+01;2.4285096e-01;4.7500000e+01;2.0693442e-01;4.7500000e+01;1.6555145e-01;4.7500000e+01;1.2024517e-01;4.7500000e+01;7.9540953e-02;4.7500000e+01;4.1780747e-02;4.7500000e+01;1.2773564e-03;4.7500000e+01;1.2828533e-02;4.7500000e+01;3.0352397e-02;4.7500000e+01;5.1146403e-02;4.7500000e+01;7.6138340e-02;4.7500000e+01;1.0514915e-01;4.7500000e+01;1.3548163e-01;4.7500000e+01;1.7117137e-01;4.7500000e+01;2.1053734e-01;4.7500000e+01;2.5308198e-01;4.7500000e+01;2.7370310e-01;4.7500000e+01;2.7096257e-01;4.7500000e+01;2.4285096e-01;4.7500000e+01;2.0693442e-01;4.7500000e+01;1.6555145e-01;4.7500000e+01;1.2024517e-01;4.7500000e+01;7.9540953e-02;4.7500000e+01;4.1780747e-02;4.7500000e+01;1.2773564e-03;4.7500000e+01;1.2828533e-02;4.7500000e+01;3.0352397e-02;4.7500000e+01;5.1146403e-02;4.7500000e+01;7.6138340e-02;4.7500000e+01;1.0514915e-01;4.7500000e+01;1.3548163e-01;4.7500000e+01;1.7117137e-01;4.7500000e+01;2.1053734e-01;4.7500000e+01;2.5308198e-01;4.7500000e+01;2.7370310e-01;4.7500000e+01;2.7096257e-01;4.7500000e+01;2.4285096e-01;4.7500000e+01;2.0693442e-01;4.7500000e+01;1.6555145e-01;4.7500000e+01;1.2024517e-01;4.7500000e+01;7.9540953e-02;4.7500000e+01;4.1780747e-02;4.7500000e+01;1.2773564e-03;4.7500000e+01;1.2828533e-02;4.7500000e+01;3.0352397e-02;4.7500000e+01;5.1146403e-02;4.7500000e+01;7.6138340e-02;4.7500000e+01;1.0514915e-01;4.7500000e+01;1.3548163e-01;4.7500000e+01;1.7117137e-01;4.7500000e+01;2.1053734e-01;4.7500000e+01;2.5308198e-01;4.7500000e+01;2.7370310e-01;4.7500000e+01;2.7096257e-01;4.7500000e+01;2.4285096e-01;4.7500000e+01;2.0693442e-01;4.7500000e+01;1.6555145e-01;4.7500000e+01;1.2024517e-01;4.7500000e+01;7.9540953e-02;4.7500000e+01;4.1780747e-02;4.7500000e+01;1.2773564e-03;4.7500000e+01;1.2828533e-02;4.7500000e+01;3.0352397e-02;4.7500000e+01;5.1146403e-02;4.7500000e+01;7.6138340e-02;4.7500000e+01;1.0514915e-01;4.7500000e+01;1.3548163e-01;4.7500000e+01;1.7117137e-01;4.7500000e+01;2.1053734e-01;4.7500000e+01;2.5308198e-01;4.7500000e+01;2.7370310e-01;4.7500000e+01;2.7096257e-01;4.7500000e+01;2.4285096e-01;4.7500000e+01;2.0693442e-01;4.7500000e+01;1.6555145e-01;4.7500000e+01;1.2024517e-01;4.7500000e+01;7.9540953e-02;4.7500000e+01;4.1780747e-02;4.7500000e+01;1.2773564e-03;4.7500000e+01;1.2828533e-02;4.7500000e+01;3.0352397e-02;4.7500000e+01;5.1146403e-02;4.7500000e+01;7.6138340e-02;4.7500000e+01;1.0514915e-01;4.7500000e+01;1.3548163e-01;4.7500000e+01;1.7117137e-01;4.7500000e+01;2.1053734e-01;4.7500000e+01;2.5308198e-01;4.7500000e+01;2.7370310e-01;4.7500000e+01;2.7096257e-01;4.7500000e+01;2.4285096e-01;4.7500000e+01;2.0693442e-01;4.7500000e+01;1.6555145e-01;4.7500000e+01;1.2024517e-01;4.7500000e+01;7.9540953e-02;4.7500000e+01;4.1780747e-02;4.7500000e+01;1.2773564e-03;4.7500000e+01;1.2828533e-02;4.7500000e+01;3.0352397e-02;4.7500000e+01;5.1146403e-02;4.7500000e+01;7.6138340e-02;4.7500000e+01;1.0514915e-01;4.7500000e+01;1.3548163e-01;4.7500000e+01;1.7117137e-01;4.7500000e+01;2.1053734e-01;4.7500000e+01;2.5308198e-01;4.7500000e+01;2.7370310e-01;4.7500000e+01;2.7096257e-01;4.7500000e+01;2.4285096e-01;4.7500000e+01;2.0693442e-01;4.7500000e+01;1.6555145e-01;4.7500000e+01;1.2024517e-01;4.7500000e+01;7.9540953e-02;4.7500000e+01;4.1780747e-02;4.7500000e+01;1.2773564e-03;4.7500000e+01;1.2828533e-02;4.7500000e+01;3.0352397e-02;4.7500000e+01;5.1146403e-02;4.7500000e+01;7.6138340e-02;4.7500000e+01;1.0514915e-01;4.7500000e+01;1.3548163e-01;4.7500000e+01;1.7117137e-01;4.7500000e+01;2.1053734e-01;4.7500000e+01;2.5308198e-01;4.7500000e+01;2.7370310e-01;4.7500000e+01;2.7096257e-01;4.7500000e+01;2.4285096e-01;4.7500000e+01;2.0693442e-01;4.7500000e+01;1.6555145e-01;4.7500000e+01;1.2024517e-01;4.7500000e+01;7.9540953e-02;4.7500000e+01;4.1780747e-02
5.2500000e+01;2.9781191e-03;5.2500000e+01;1.5125913e-02;5.2500000e+01;3.4341812e-02;5.2500000e+01;5.7420488e-02;5.2500000e+01;8.3538279e-02;5.2500000e+01;1.1312522e-01;5.2500000e+01;1.4486828e-01;5.2500000e+01;1.7973280e-01;5.2500000e+01;2.1837674e-01;5.2500000e+01;2.5792074e-01;5.2500000e+01;2.8223151e-01;5.2500000e+01;2.8080511e-01;5.2500000e+01;2.5356045e-01;5.2500000e+01;2.1671550e-01;5.2500000e+01;1.7411107e-01;5.2500000e+01;1.2663285e-01;5.2500000e+01;8.3971880e-02;5.2500000e+01;4.5440152e-02;5.2500000e+01;2.9781191e-03;5.2500000e+01;1.5125913e-02;5.2500000e+01;3.4341812e-02;5.2500000e+01;5.7420488e-02;5.2500000e+01;8.3538279e-02;5.2500000e+01;1.1312522e-01;5.2500000e+01;1.4486828e-01;5.2500000e+01;1.7973280e-01;5.2500000e+01;2.1837674e-01;5.2500000e+01;2.5792074e-01;5.2500000e+01;2.8223151e-01;5.2500000e+01;2.8080511e-01;5.2500000e+01;2.5356045e-01;5.2500000e+01;2.1671550e-01;5.2500000e+01;1.7411107e-01;5.2500000e+01;1.2663285e-01;5.2500000e+01;8.3971880e-02;5.2500000e+01;4.5440152e-02;5.2500000e+01;2.9781191e-03;5.2500000e+01;1.5125913e-02;5.2500000e+01;3.4341812e-02;5.2500000e+01;5.7420488e-02;5.2500000e+01;8.3538279e-02;5.2500000e+01;1.1312522e-01;5.2500000e+01;1.4486828e-01;5.2500000e+01;1.7973280e-01;5.2500000e+01;2.1837674e-01;5.2500000e+01;2.5792074e-01;5.2500000e+01;2.8223151e-01;5.2500000e+01;2.8080511e-01;5.2500000e+01;2.5356045e-01;5.2500000e+01;2.1671550e-01;5.2500000e+01;1.7411107e-01;5.2500000e+01;1.2663285e-01;5.2500000e+01;8.3971880e-02;5.2500000e+01;4.5440152e-02;5.2500000e+01;2.9781191e-03;5.2500000e+01;1.5125913e-02;5.2500000e+01;3.4341812e-02;5.2500000e+01;5.7420488e-02;5.2500000e+01;8.3538279e-02;5.2500000e+01;1.1312522e-01;5.2500000e+01;1.4486828e-01;5.2500000e+01;1.7973280e-01;5.2500000e+01;2.1837674e-01;5.2500000e+01;2.5792074e-01;5.2500000e+01;2.8223151e-01;5.2500000e+01;2.8080511e-01;5.2500000e+01;2.5356045e-01;5.2500000e+01;2.1671550e-01;5.2500000e+01;1.7411107e-01;5.2500000e+01;1.2663285e-01;5.2500000e+01;8.3971880e-02;5.2500000e+01;4.5440152e-02;5.2500000e+01;2.9781191e-03;5.2500000e+01;1.5125913e-02;5.2500000e+01;3.4341812e-02;5.2500000e+01;5.7420488e-02;5.2500000e+01;8.3538279e-02;5.2500000e+01;1.1312522e-01;5.2500000e+01;1.4486828e-01;5.2500000e+01;1.7973280e-01;5.2500000e+01;2.1837674e-01;5.2500000e+01;2.5792074e-01;5.2500000e+01;2.8223151e-01;5.2500000e+01;2.8080511e-01;5.2500000e+01;2.5356045e-01;5.2500000e+01;2.1671550e-01;5.2500000e+01;1.7411107e-01;5.2500000e+01;1.2663285e-01;5.2500000e+01;8.3971880e-02;5.2500000e+01;4.5440152e-02;5.2500000e+01;2.9781191e-03;5.2500000e+01;1.5125913e-02;5.2500000e+01;3.4341812e-02;5.2500000e+01;5.7420488e-02;5.2500000e+01;8.3538279e-02;5.2500000e+01;1.1312522e-01;5.2500000e+01;1.4486828e-01;5.2500000e+01;1.7973280e-01;5.2500000e+01;2.1837674e-01;5.2500000e+01;2.5792074e-01;5.2500000e+01;2.8223151e-01;5.2500000e+01;2.8080511e-01;5.2500000e+01;2.5356045e-01;5.2500000e+01;2.1671550e-01;5.2500000e+01;1.7411107e-01;5.2500000e+01;1.2663285e-01;5.2500000e+01;8.3971880e-02;5.2500000e+01;4.5440152e-02;5.2500000e+01;2.9781191e-03;5.2500000e+01;1.5125913e-02;5.2500000e+01;3.4341812e-02;5.2500000e+01;5.7420488e-02;5.2500000e+01;8.3538279e-02;5.2500000e+01;1.1312522e-01;5.2500000e+01;1.4486828e-01;5.2500000e+01;1.7973280e-01;5.2500000e+01;2.1837674e-01;5.2500000e+01;2.5792074e-01;5.2500000e+01;2.8223151e-01;5.2500000e+01;2.8080511e-01;5.2500000e+01;2.5356045e-01;5.2500000e+01;2.1671550e-01;5.2500000e+01;1.7411107e-01;5.2500000e+01;1.2663285e-01;5.2500000e+01;8.3971880e-02;5.2500000e+01;4.5440152e-02;5.2500000e+01;2.9781191e-03;5.2500000e+01;1.5125913e-02;5.2500000e+01;3.4341812e-02;5.2500000e+01;5.7420488e-02;5.2500000e+01;8.3538279e-02;5.2500000e+01;1.1312522e-01;5.2500000e+01;1.4486828e-01;5.2500000e+01;1.7973280e-01;5.2500000e+01;2.1837674e-01;5.2500000e+01;2.5792074e-01;5.2500000e+01;2.8223151e-01;5.2500000e+01;2.8080511e-01;5.2500000e+01;2.5356045e-01;5.2500000e+01;2.1671550e-01;5.2500000e+01;1.7411107e-01;5.2500000e+01;1.2663285e-01;5.2500000e+01;8.3971880e-02;5.2500000e+01;4.5440152e-02;5.2500000e+01;2.9781191e-03;5.2500000e+01;1.5125913e-02;5.2500000e+01;3.4341812e-02;5.2500000e+01;5.7420488e-02;5.2500000e+01;8.3538279e-02;5.2500000e+01;1.1312522e-01;5.2500000e+01;1.4486828e-01;5.2500000e+01;1.7973280e-01;5.2500000e+01;2.1837674e-01;5.2500000e+01;2.5792074e-01;5.2500000e+01;2.8223151e-01;5.2500000e+01;2.8080511e-01;5.2500000e+01;2.5356045e-01;5.2500000e+01;2.1671550e-01;5.2500000e+01;1.7411107e-01;5.2500000e+01;1.2663285e-01;5.2500000e+01;8.3971880e-02;5.2500000e+01;4.5440152e-02;5.2500000e+01;2.9781191e-03;5.2500000e+01;1.5125913e-02;5.2500000e+01;3.4341812e-02;5.2500000e+01;5.7420488e-02;5.2500000e+01;8.3538279e-02;5.2500000e+01;1.1312522e-01;5.2500000e+01;1.4486828e-01;5.2500000e+01;1.7973280e-01;5.2500000e+01;2.1837674e-01;5.2500000e+01;2.5792074e-01;5.2500000e+01;2.8223151e-01;5.2500000e+01;2.8080511e-01;5.2500000e+01;2.5356045e-01;5.2500000e+01;2.1671550e-01;5.2500000e+01;1.7411107e-01;5.2500000e+01;1.2663285e-01;5.2500000e+01;8.3971880e-02;5.2500000e+01;4.5440152e-02;5.2500000e+01;2.9781191e-03;5.2500000e+01;1.5125913e-02;5.2500000e+01;3.4341812e-02;5.2500000e+01;5.7420488e-02;5.2500000e+01;8.3538279e-02;5.2500000e+01;1.1312522e-01;5.2500000e+01;1.4486828e-01;5.2500000e+01;1.7973280e-01;5.2500000e+01;2.1837674e-01;5.2500000e+01;2.5792074e-01;5.2500000e+01;2.8223151e-01;5.2500000e+01;2.8080511e-01;5.2500000e+01;2.5356045e-01;5.2500000e+01;2.1671550e-01;5.2500000e+01;1.7411107e-01;5.2500000e+01;1.2663285e-01;5.2500000e+01;8.3971880e-02;5.2500000e+01;4.5440152e-02;5.2500000e+01;2.9781191e-03;5.2500000e+01;1.5125913e-02;5.2500000e+01;3.4341812e-02;5.2500000e+01;5.7420488e-02;5.2500000e+01;8.3538279e-02;5.2500000e+01;1.1312522e-01;5.2500000e+01;1.4486828e-01;5.2500000e+01;1.7973280e-01;5.2500000e+01;2.1837674e-01;5.2500000e+01;2.5792074e-01;5.2500000e+01;2.8223151e-01;5.2500000e+01;2.8080511e-01;5.2500000e+01;2.5356045e-01;5.2500000e+01;2.1671550e-01;5.2500000e+01;1.7411107e-01;5.2500000e+01;1.2663285e-01;5.2500000e+01;8.3971880e-02;5.2500000e+01;4.5440152e-02;5.2500000e+01;2.9781191e-03;5.2500000e+01;1.5125913e-02;5.2500000e+01;3.4341812e-02;5.2500000e+01;5.7420488e-02;5.2500000e+01;8.3538279e-02;5.2500000e+01;1.1312522e-01;5.2500000e+01;1.4486828e-01;5.2500000e+01;1.7973280e-01;5.2500000e+01;2.1837674e-01;5.2500000e+01;2.5792074e-01;5.2500000e+01;2.8223151e-01;5.2500000e+01;2.8080511e-01;5.2500000e+01;2.5356045e-01;5.2500000e+01;2.1671550e-01;5.2500000e+01;1.7411107e-01;5.2500000e+01;1.2663285e-01;5.2500000e+01;8.3971880e-02;5.2500000e+01;4.5440152e-02;5.2500000e+01;2.9781191e-03;5.2500000e+01;1.5125913e-02;5.2500000e+01;3.4341812e-02;5.2500000e+01;5.7420488e-02;5.2500000e+01;8.3538279e-02;5.2500000e+01;1.1312522e-01;5.2500000e+01;1.4486828e-01;5.2500000e+01;1.7973280e-01;5.2500000e+01;2.1837674e-01;5.2500000e+01;2.5792074e-01;5.2500000e+01;2.8223151e-01;5.2500000e+01;2.8080511e-01;5.2500000e+01;2.5356045e-01;5.2500000e+01;2.1671550e-01;5.2500000e+01;1.7411107e-01;5.2500000e+01;1.2663285e-01;5.2500000e+01;8.3971880e-02;5.2500000e+01;4.5440152e-02;5.2500000e+01;2.9781191e-03;5.2500000e+01;1.5125913e-02;5.2500000e+01;3.4341812e-02;5.2500000e+01;5.7420488e-02;5.2500000e+01;8.3538279e-02;5.2500000e+01;1.1312522e-01;5.2500000e+01;1.4486828e-01;5.2500000e+01;1.7973280e-01;5.2500000e+01;2.1837674e-01;5.2500000e+01;2.5792074e-01;5.2500000e+01;2.8223151e-01;5.2500000e+01;2.8080511e-01;5.2500000e+01;2.5356045e-01;5.2500000e+01;2.1671550e-01;5.2500000e+01;1.7411107e-01;5.2500000e+01;1.2663285e-01;5.2500000e+01;8.3971880e-02;5.2500000e+01;4.5440152e-02;5.2500000e+01;2.9781191e-03;5.2500000e+01;1.5125913e-02;5.2500000e+01;3.4341812e-02;5.2500000e+01;5.7420488e-02;5.2500000e+01;8.3538279e-02;5.2500000e+01;1.1312522e-01;5.2500000e+01;1.4486828e-01;5.2500000e+01;1.7973280e-01;5.2500000e+01;2.1837674e-01;5.2500000e+01;2.5792074e-01;5.2500000e+01;2.8223151e-01;5.2500000e+01;2.8080511e-01;5.2500000e+01;2.5356045e-01;5.2500000e+01;2.1671550e-01;5.2500000e+01;1.7411107e-01;5.2500000e+01;1.2663285e-01;5.2500000e+01;8.3971880e-02;5.2500000e+01;4.5440152e-02;5.2500000e+01;2.9781191e-03;5.2500000e+01;1.5125913e-02;5.2500000e+01;3.4341812e-02;5.2500000e+01;5.7420488e-02;5.2500000e+01;8.3538279e-02;5.2500000e+01;1.1312522e-01;5.2500000e+01;1.4486828e-01;5.2500000e+01;1.7973280e-01;5.2500000e+01;2.1837674e-01;5.2500000e+01;2.5792074e-01;5.2500000e+01;2.8223151e-01;5.2500000e+01;2.8080511e-01;5.2500000e+01;2.5356045e-01;5.2500000e+01;2.1671550e-01;5.2500000e+01;1.7411107e-01;5.2500000e+01;1.2663285e-01;5.2500000e+01;8.3971880e-02;5.2500000e+01;4.5440152e-02;5.2500000e+01;2.9781191e-03;5.2500000e+01;1.5125913e-02;5.2500000e+01;3.4341812e-02;5.2500000e+01;5.7420488e-02;5.2500000e+01;8.3538279e-02;5.2500000e+01;1.1312522e-01;5.2500000e+01;1.4486828e-01;5.2500000e+01;1.7973280e-01;5.2500000e+01;2.1837674e-01;5.2500000e+01;2.5792074e-01;5.2500000e+01;2.8223151e-01;5.2500000e+01;2.8080511e-01;5.2500000e+01;2.5356045e-01;5.2500000e+01;2.1671550e-01;5.2500000e+01;1.7411107e-01;5.2500000e+01;1.2663285e-01;5.2500000e+01;8.3971880e-02;5.2500000e+01;4.5440152e-02;5.2500000e+01;2.9781191e-03;5.2500000e+01;1.5125913e-02;5.2500000e+01;3.4341812e-02;5.2500000e+01;5.7420488e-02;5.2500000e+01;8.3538279e-02;5.2500000e+01;1.1312522e-01;5.2500000e+01;1.4486828e-01;5.2500000e+01;1.7973280e-01;5.2500000e+01;2.1837674e-01;5.2500000e+01;2.5792074e-01;5.2500000e+01;2.8223151e-01;5.2500000e+01;2.8080511e-01;5.2500000e+01;2.5356045e-01;5.2500000e+01;2.1671550e-01;5.2500000e+01;1.7411107e-01;5.2500000e+01;1.2663285e-01;5.2500000e+01;8.3971880e-02;5.2500000e+01;4.5440152e-02;5.2500000e+01;2.9781191e-03;5.2500000e+01;1.5125913e-02;5.2500000e+01;3.4341812e-02;5.2500000e+01;5.7420488e-02;5.2500000e+01;8.3538279e-02;5.2500000e+01;1.1312522e-01;5.2500000e+01;1.4486828e-01;5.2500000e+01;1.7973280e-01;5.2500000e+01;2.1837674e-01;5.2500000e+01;2.5792074e-01;5.2500000e+01;2.8223151e-01;5.2500000e+01;2.8080511e-01;5.2500000e+01;2.5356045e-01;5.2500000e+01;2.1671550e-01;5.2500000e+01;1.7411107e-01;5.2500000e+01;1.2663285e-01;5.2500000e+01;8.3971880e-02;5.2500000e+01;4.5440152e-02;5.2500000e+01;2.9781191e-03;5.2500000e+01;1.5125913e-02;5.2500000e+01;3.4341812e-02;5.2500000e+01;5.7420488e-02;5.2500000e+01;8.3538279e-02;5.2500000e+01;1.1312522e-01;5.2500000e+01;1.4486828e-01;5.2500000e+01;1.7973280e-01;5.2500000e+01;2.1837674e-01;5.2500000e+01;2.5792074e-01;5.2500000e+01;2.8223151e-01;5.2500000e+01;2.8080511e-01;5.2500000e+01;2.5356045e-01;5.2500000e+01;2.1671550e-01;5.2500000e+01;1.7411107e-01;5.2500000e+01;1.2663285e-01;5.2500000e+01;8.3971880e-02;5.2500000e+01;4.5440152e-02;5.2500000e+01;2.9781191e-03;5.2500000e+01;1.5125913e-02;5.2500000e+01;3.4341812e-02;5.2500000e+01;5.7420488e-02;5.2500000e+01;8.3538279e-02;5.2500000e+01;1.1312522e-01;5.2500000e+01;1.4486828e-01;5.2500000e+01;1.7973280e-01;5.2500000e+01;2.1837674e-01;5.2500000e+01;2.5792074e-01;5.2500000e+01;2.8223151e-01;5.2500000e+01;2.8080511e-01;5.2500000e+01;2.5356045e-01;5.2500000e+01;2.1671550e-01;5.2500000e+01;1.7411107e-01;5.2500000e+01;1.2663285e-01;5.2500000e+01;8.3971880e-02;5.2500000e+01;4.5440152e-02;5.2500000e+01;2.9781191e-03;5.2500000e+01;1.5125913e-02;5.2500000e+01;3.4341812e-02;5.2500000e+01;5.7420488e-02;5.2500000e+01;8.3538279e-02;5.2500000e+01;1.1312522e-01;5.2500000e+01;1.4486828e-01;5.2500000e+01;1.7973280e-01;5.2500000e+01;2.1837674e-01;5.2500000e+01;2.5792074e-01;5.2500000e+01;2.8223151e-01;5.2500000e+01;2.8080511e-01;5.2500000e+01;2.5356045e-01;5.2500000e+01;2.1671550e-01;5.2500000e+01;1.7411107e-01;5.2500000e+01;1.2663285e-01;5.2500000e+01;8.3971880e-02;5.2500000e+01;4.5440152e-02;5.2500000e+01;2.9781191e-03;5.2500000e+01;1.5125913e-02;5.2500000e+01;3.4341812e-02;5.2500000e+01;5.7420488e-02;5.2500000e+01;8.3538279e-02;5.2500000e+01;1.1312522e-01;5.2500000e+01;1.4486828e-01;5.2500000e+01;1.7973280e-01;5.2500000e+01;2.1837674e-01;5.2500000e+01;2.5792074e-01;5.2500000e+01;2.8223151e-01;5.2500000e+01;2.8080511e-01;5.2500000e+01;2.5356045e-01;5.2500000e+01;2.1671550e-01;5.2500000e+01;1.7411107e-01;5.2500000e+01;1.2663285e-01;5.2500000e+01;8.3971880e-02;5.2500000e+01;4.5440152e-02;5.2500000e+01;2.9781191e-03;5.2500000e+01;1.5125913e-02;5.2500000e+01;3.4341812e-02;5.2500000e+01;5.7420488e-02;5.2500000e+01;8.3538279e-02;5.2500000e+01;1.1312522e-01;5.2500000e+01;1.4486828e-01;5.2500000e+01;1.7973280e-01;5.2500000e+01;2.1837674e-01;5.2500000e+01;2.5792074e-01;5.2500000e+01;2.8223151e-01;5.2500000e+01;2.8080511e-01;5.2500000e+01;2.5356045e-01;5.2500000e+01;2.1671550e-01;5.2500000e+01;1.7411107e-01;5.2500000e+01;1.2663285e-01;5.2500000e+01;8.3971880e-02;5.2500000e+01;4.5440152e-02;5.2500000e+01;2.9781191e-03;5.2500000e+01;1.5125913e-02;5.2500000e+01;3.4341812e-02;5.2500000e+01;5.7420488e-02;5.2500000e+01;8.3538279e-02;5.2500000e+01;1.1312522e-01;5.2500000e+01;1.4486828e-01;5.2500000e+01;1.7973280e-01;5.2500000e+01;2.1837674e-01;5.2500000e+01;2.5792074e-01;5.2500000e+01;2.8223151e-01;5.2500000e+01;2.8080511e-01;5.2500000e+01;2.5356045e-01;5.2500000e+01;2.1671550e-01;5.2500000e+01;1.7411107e-01;5.2500000e+01;1.2663285e-01;5.2500000e+01;8.3971880e-02;5.2500000e+01;4.5440152e-02;5.2500000e+01;2.9781191e-03;5.2500000e+01;1.5125913e-02;5.2500000e+01;3.4341812e-02;5.2500000e+01;5.7420488e-02;5.2500000e+01;8.3538279e-02;5.2500000e+01;1.1312522e-01;5.2500000e+01;1.4486828e-01;5.2500000e+01;1.7973280e-01;5.2500000e+01;2.1837674e-01;5.2500000e+01;2.5792074e-01;5.2500000e+01;2.8223151e-01;5.2500000e+01;2.8080511e-01;5.2500000e+01;2.5356045e-01;5.2500000e+01;2.1671550e-01;5.2500000e+01;1.7411107e-01;5.2500000e+01;1.2663285e-01;5.2500000e+01;8.3971880e-02;5.2500000e+01;4.5440152e-02;5.2500000e+01;2.9781191e-03;5.2500000e+01;1.5125913e-02;5.2500000e+01;3.4341812e-02;5.2500000e+01;5.7420488e-02;5.2500000e+01;8.3538279e-02;5.2500000e+01;1.1312522e-01;5.2500000e+01;1.4486828e-01;5.2500000e+01;1.7973280e-01;5.2500000e+01;2.1837674e-01;5.2500000e+01;2.5792074e-01;5.2500000e+01;2.8223151e-01;5.2500000e+01;2.8080511e-01;5.2500000e+01;2.5356045e-01;5.2500000e+01;2.1671550e-01;5.2500000e+01;1.7411107e-01;5.2500000e+01;1.2663285e-01;5.2500000e+01;8.3971880e-02;5.2500000e+01;4.5440152e-02;5.2500000e+01;2.9781191e-03;5.2500000e+01;1.5125913e-02;5.2500000e+01;3.4341812e-02;5.2500000e+01;5.7420488e-02;5.2500000e+01;8.3538279e-02;5.2500000e+01;1.1312522e-01;5.2500000e+01;1.4486828e-01;5.2500000e+01;1.7973280e-01;5.2500000e+01;2.1837674e-01;5.2500000e+01;2.5792074e-01;5.2500000e+01;2.8223151e-01;5.2500000e+01;2.8080511e-01;5.2500000e+01;2.5356045e-01;5.2500000e+01;2.1671550e-01;5.2500000e+01;1.7411107e-01;5.2500000e+01;1.2663285e-01;5.2500000e+01;8.3971880e-02;5.2500000e+01;4.5440152e-02;5.2500000e+01;2.9781191e-03;5.2500000e+01;1.5125913e-02;5.2500000e+01;3.4341812e-02;5.2500000e+01;5.7420488e-02;5.2500000e+01;8.3538279e-02;5.2500000e+01;1.1312522e-01;5.2500000e+01;1.4486828e-01;5.2500000e+01;1.7973280e-01;5.2500000e+01;2.1837674e-01;5.2500000e+01;2.5792074e-01;5.2500000e+01;2.8223151e-01;5.2500000e+01;2.8080511e-01;5.2500000e+01;2.5356045e-01;5.2500000e+01;2.1671550e-01;5.2500000e+01;1.7411107e-01;5.2500000e+01;1.2663285e-01;5.2500000e+01;8.3971880e-02;5.2500000e+01;4.5440152e-02;5.2500000e+01;2.9781191e-03;5.2500000e+01;1.5125913e-02;5.2500000e+01;3.4341812e-02;5.2500000e+01;5.7420488e-02;5.2500000e+01;8.3538279e-02;5.2500000e+01;1.1312522e-01;5.2500000e+01;1.4486828e-01;5.2500000e+01;1.7973280e-01;5.2500000e+01;2.1837674e-01;5.2500000e+01;2.5792074e-01;5.2500000e+01;2.8223151e-01;5.2500000e+01;2.8080511e-01;5.2500000e+01;2.5356045e-01;5.2500000e+01;2.1671550e-01;5.2500000e+01;1.7411107e-01;5.2500000e+01;1.2663285e-01;5.2500000e+01;8.3971880e-02;5.2500000e+01;4.5440152e-02;5.2500000e+01;2.9781191e-03;5.2500000e+01;1.5125913e-02;5.2500000e+01;3.4341812e-02;5.2500000e+01;5.7420488e-02;5.2500000e+01;8.3538279e-02;5.2500000e+01;1.1312522e-01;5.2500000e+01;1.4486828e-01;5.2500000e+01;1.7973280e-01;5.2500000e+01;2.1837674e-01;5.2500000e+01;2.5792074e-01;5.2500000e+01;2.8223151e-01;5.2500000e+01;2.8080511e-01;5.2500000e+01;2.5356045e-01;5.2500000e+01;2.1671550e-01;5.2500000e+01;1.7411107e-01;5.2500000e+01;1.2663285e-01;5.2500000e+01;8.3971880e-02;5.2500000e+01;4.5440152e-02;5.2500000e+01;2.9781191e-03;5.2500000e+01;1.5125913e-02;5.2500000e+01;3.4341812e-02;5.2500000e+01;5.7420488e-02;5.2500000e+01;8.3538279e-02;5.2500000e+01;1.1312522e-01;5.2500000e+01;1.4486828e-01;5.2500000e+01;1.7973280e-01;5.2500000e+01;2.1837674e-01;5.2500000e+01;2.5792074e-01;5.2500000e+01;2.8223151e-01;5.2500000e+01;2.8080511e-01;5.2500000e+01;2.5356045e-01;5.2500000e+01;2.1671550e-01;5.2500000e+01;1.7411107e-01;5.2500000e+01;1.2663285e-01;5.2500000e+01;8.3971880e-02;5.2500000e+01;4.5440152e-02;5.2500000e+01;2.9781191e-03;5.2500000e+01;1.5125913e-02;5.2500000e+01;3.4341812e-02;5.2500000e+01;5.7420488e-02;5.2500000e+01;8.3538279e-02;5.2500000e+01;1.1312522e-01;5.2500000e+01;1.4486828e-01;5.2500000e+01;1.7973280e-01;5.2500000e+01;2.1837674e-01;5.2500000e+01;2.5792074e-01;5.2500000e+01;2.8223151e-01;5.2500000e+01;2.8080511e-01;5.2500000e+01;2.5356045e-01;5.2500000e+01;2.1671550e-01;5.2500000e+01;1.7411107e-01;5.2500000e+01;1.2663285e-01;5.2500000e+01;8.3971880e-02;5.2500000e+01;4.5440152e-02;5.2500000e+01;2.9781191e-03;5.2500000e+01;1.5125913e-02;5.2500000e+01;3.4341812e-02;5.2500000e+01;5.7420488e-02;5.2500000e+01;8.3538279e-02;5.2500000e+01;1.1312522e-01;5.2500000e+01;1.4486828e-01;5.2500000e+01;1.7973280e-01;5.2500000e+01;2.1837674e-01;5.2500000e+01;2.5792074e-01;5.2500000e+01;2.8223151e-01;5.2500000e+01;2.8080511e-01;5.2500000e+01;2.5356045e-01;5.2500000e+01;2.1671550e-01;5.2500000e+01;1.7411107e-01;5.2500000e+01;1.2663285e-01;5.2500000e+01;8.3971880e-02;5.2500000e+01;4.5440152e-02;5.2500000e+01;2.9781191e-03;5.2500000e+01;1.5125913e-02;5.2500000e+01;3.4341812e-02;5.2500000e+01;5.7420488e-02;5.2500000e+01;8.3538279e-02;5.2500000e+01;1.1312522e-01;5.2500000e+01;1.4486828e-01;5.2500000e+01;1.7973280e-01;5.2500000e+01;2.1837674e-01;5.2500000e+01;2.5792074e-01;5.2500000e+01;2.8223151e-01;5.2500000e+01;2.8080511e-01;5.2500000e+01;2.5356045e-01;5.2500000e+01;2.1671550e-01;5.2500000e+01;1.7411107e-01;5.2500000e+01;1.2663285e-01;5.2500000e+01;8.3971880e-02;5.2500000e+01;4.5440152e-02;5.2500000e+01;2.9781191e-03;5.2500000e+01;1.5125913e-02;5.2500000e+01;3.4341812e-02;5.2500000e+01;5.7420488e-02;5.2500000e+01;8.3538279e-02;5.2500000e+01;1.1312522e-01;5.2500000e+01;1.4486828e-01;5.2500000e+01;1.7973280e-01;5.2500000e+01;2.1837674e-01;5.2500000e+01;2.5792074e-01;5.2500000e+01;2.8223151e-01;5.2500000e+01;2.8080511e-01;5.2500000e+01;2.5356045e-01;5.2500000e+01;2.1671550e-01;5.2500000e+01;1.7411107e-01;5.2500000e+01;1.2663285e-01;5.2500000e+01;8.3971880e-02;5.2500000e+01;4.5440152e-02;5.2500000e+01;2.9781191e-03;5.2500000e+01;1.5125913e-02;5.2500000e+01;3.4341812e-02;5.2500000e+01;5.7420488e-02;5.2500000e+01;8.3538279e-02;5.2500000e+01;1.1312522e-01;5.2500000e+01;1.4486828e-01;5.2500000e+01;1.7973280e-01;5.2500000e+01;2.1837674e-01;5.2500000e+01;2.5792074e-01;5.2500000e+01;2.8223151e-01;5.2500000e+01;2.8080511e-01;5.2500000e+01;2.5356045e-01;5.2500000e+01;2.1671550e-01;5.2500000e+01;1.7411107e-01;5.2500000e+01;1.2663285e-01;5.2500000e+01;8.3971880e-02;5.2500000e+01;4.5440152e-02;5.2500000e+01;2.9781191e-03;5.2500000e+01;1.5125913e-02;5.2500000e+01;3.4341812e-02;5.2500000e+01;5.7420488e-02;5.2500000e+01;8.3538279e-02;5.2500000e+01;1.1312522e-01;5.2500000e+01;1.4486828e-01;5.2500000e+01;1.7973280e-01;5.2500000e+01;2.1837674e-01;5.2500000e+01;2.5792074e-01;5.2500000e+01;2.8223151e-01;5.2500000e+01;2.8080511e-01;5.2500000e+01;2.5356045e-01;5.2500000e+01;2.1671550e-01;5.2500000e+01;1.7411107e-01;5.2500000e+01;1.2663285e-01;5.2500000e+01;8.3971880e-02;5.2500000e+01;4.5440152e-02;5.2500000e+01;2.9781191e-03;5.2500000e+01;1.5125913e-02;5.2500000e+01;3.4341812e-02;5.2500000e+01;5.7420488e-02;5.2500000e+01;8.3538279e-02;5.2500000e+01;1.1312522e-01;5.2500000e+01;1.4486828e-01;5.2500000e+01;1.7973280e-01;5.2500000e+01;2.1837674e-01;5.2500000e+01;2.5792074e-01;5.2500000e+01;2.8223151e-01;5.2500000e+01;2.8080511e-01;5.2500000e+01;2.5356045e-01;5.2500000e+01;2.1671550e-01;5.2500000e+01;1.7411107e-01;5.2500000e+01;1.2663285e-01;5.2500000e+01;8.3971880e-02;5.2500000e+01;4.5440152e-02;5.2500000e+01;2.9781191e-03;5.2500000e+01;1.5125913e-02;5.2500000e+01;3.4341812e-02;5.2500000e+01;5.7420488e-02;5.2500000e+01;8.3538279e-02;5.2500000e+01;1.1312522e-01;5.2500000e+01;1.4486828e-01;5.2500000e+01;1.7973280e-01;5.2500000e+01;2.1837674e-01;5.2500000e+01;2.5792074e-01;5.2500000e+01;2.8223151e-01;5.2500000e+01;2.8080511e-01;5.2500000e+01;2.5356045e-01;5.2500000e+01;2.1671550e-01;5.2500000e+01;1.7411107e-01;5.2500000e+01;1.2663285e-01;5.2500000e+01;8.3971880e-02;5.2500000e+01;4.5440152e-02;5.2500000e+01;2.9781191e-03;5.2500000e+01;1.5125913e-02;5.2500000e+01;3.4341812e-02;5.2500000e+01;5.7420488e-02;5.2500000e+01;8.3538279e-02;5.2500000e+01;1.1312522e-01;5.2500000e+01;1.4486828e-01;5.2500000e+01;1.7973280e-01;5.2500000e+01;2.1837674e-01;5.2500000e+01;2.5792074e-01;5.2500000e+01;2.8223151e-01;5.2500000e+01;2.8080511e-01;5.2500000e+01;2.5356045e-01;5.2500000e+01;2.1671550e-01;5.2500000e+01;1.7411107e-01;5.2500000e+01;1.2663285e-01;5.2500000e+01;8.3971880e-02;5.2500000e+01;4.5440152e-02;5.2500000e+01;2.9781191e-03;5.2500000e+01;1.5125913e-02;5.2500000e+01;3.4341812e-02;5.2500000e+01;5.7420488e-02;5.2500000e+01;8.3538279e-02;5.2500000e+01;1.1312522e-01;5.2500000e+01;1.4486828e-01;5.2500000e+01;1.7973280e-01;5.2500000e+01;2.1837674e-01;5.2500000e+01;2.5792074e-01;5.2500000e+01;2.8223151e-01;5.2500000e+01;2.8080511e-01;5.2500000e+01;2.5356045e-01;5.2500000e+01;2.1671550e-01;5.2500000e+01;1.7411107e-01;5.2500000e+01;1.2663285e-01;5.2500000e+01;8.3971880e-02;5.2500000e+01;4.5440152e-02;5.2500000e+01;2.9781191e-03;5.2500000e+01;1.5125913e-02;5.2500000e+01;3.4341812e-02;5.2500000e+01;5.7420488e-02;5.2500000e+01;8.3538279e-02;5.2500000e+01;1.1312522e-01;5.2500000e+01;1.4486828e-01;5.2500000e+01;1.7973280e-01;5.2500000e+01;2.1837674e-01;5.2500000e+01;2.5792074e-01;5.2500000e+01;2.8223151e-01;5.2500000e+01;2.8080511e-01;5.2500000e+01;2.5356045e-01;5.2500000e+01;2.1671550e-01;5.2500000e+01;1.7411107e-01;5.2500000e+01;1.2663285e-01;5.2500000e+01;8.3971880e-02;5.2500000e+01;4.5440152e-02;5.2500000e+01;2.9781191e-03;5.2500000e+01;1.5125913e-02;5.2500000e+01;3.4341812e-02;5.2500000e+01;5.7420488e-02;5.2500000e+01;8.3538279e-02;5.2500000e+01;1.1312522e-01;5.2500000e+01;1.4486828e-01;5.2500000e+01;1.7973280e-01;5.2500000e+01;2.1837674e-01;5.2500000e+01;2.5792074e-01;5.2500000e+01;2.8223151e-01;5.2500000e+01;2.8080511e-01;5.2500000e+01;2.5356045e-01;5.2500000e+01;2.1671550e-01;5.2500000e+01;1.7411107e-01;5.2500000e+01;1.2663285e-01;5.2500000e+01;8.3971880e-02;5.2500000e+01;4.5440152e-02;5.2500000e+01;2.9781191e-03;5.2500000e+01;1.5125913e-02;5.2500000e+01;3.4341812e-02;5.2500000e+01;5.7420488e-02;5.2500000e+01;8.3538279e-02;5.2500000e+01;1.1312522e-01;5.2500000e+01;1.4486828e-01;5.2500000e+01;1.7973280e-01;5.2500000e+01;2.1837674e-01;5.2500000e+01;2.5792074e-01;5.2500000e+01;2.8223151e-01;5.2500000e+01;2.8080511e-01;5.2500000e+01;2.5356045e-01;5.2500000e+01;2.1671550e-01;5.2500000e+01;1.7411107e-01;5.2500000e+01;1.2663285e-01;5.2500000e+01;8.3971880e-02;5.2500000e+01;4.5440152e-02;5.2500000e+01;2.9781191e-03;5.2500000e+01;1.5125913e-02;5.2500000e+01;3.4341812e-02;5.2500000e+01;5.7420488e-02;5.2500000e+01;8.3538279e-02;5.2500000e+01;1.1312522e-01;5.2500000e+01;1.4486828e-01;5.2500000e+01;1.7973280e-01;5.2500000e+01;2.1837674e-01;5.2500000e+01;2.5792074e-01;5.2500000e+01;2.8223151e-01;5.2500000e+01;2.8080511e-01;5.2500000e+01;2.5356045e-01;5.2500000e+01;2.1671550e-01;5.2500000e+01;1.7411107e-01;5.2500000e+01;1.2663285e-01;5.2500000e+01;8.3971880e-02;5.2500000e+01;4.5440152e-02;5.2500000e+01;2.9781191e-03;5.2500000e+01;1.5125913e-02;5.2500000e+01;3.4341812e-02;5.2500000e+01;5.7420488e-02;5.2500000e+01;8.3538279e-02;5.2500000e+01;1.1312522e-01;5.2500000e+01;1.4486828e-01;5.2500000e+01;1.7973280e-01;5.2500000e+01;2.1837674e-01;5.2500000e+01;2.5792074e-01;5.2500000e+01;2.8223151e-01;5.2500000e+01;2.8080511e-01;5.2500000e+01;2.5356045e-01;5.2500000e+01;2.1671550e-01;5.2500000e+01;1.7411107e-01;5.2500000e+01;1.2663285e-01;5.2500000e+01;8.3971880e-02;5.2500000e+01;4.5440152e-02;5.2500000e+01;2.9781191e-03;5.2500000e+01;1.5125913e-02;5.2500000e+01;3.4341812e-02;5.2500000e+01;5.7420488e-02;5.2500000e+01;8.3538279e-02;5.2500000e+01;1.1312522e-01;5.2500000e+01;1.4486828e-01;5.2500000e+01;1.7973280e-01;5.2500000e+01;2.1837674e-01;5.2500000e+01;2.5792074e-01;5.2500000e+01;2.8223151e-01;5.2500000e+01;2.8080511e-01;5.2500000e+01;2.5356045e-01;5.2500000e+01;2.1671550e-01;5.2500000e+01;1.7411107e-01;5.2500000e+01;1.2663285e-01;5.2500000e+01;8.3971880e-02;5.2500000e+01;4.5440152e-02;5.2500000e+01;2.9781191e-03;5.2500000e+01;1.5125913e-02;5.2500000e+01;3.4341812e-02;5.2500000e+01;5.7420488e-02;5.2500000e+01;8.3538279e-02;5.2500000e+01;1.1312522e-01;5.2500000e+01;1.4486828e-01;5.2500000e+01;1.7973280e-01;5.2500000e+01;2.1837674e-01;5.2500000e+01;2.5792074e-01;5.2500000e+01;2.8223151e-01;5.2500000e+01;2.8080511e-01;5.2500000e+01;2.5356045e-01;5.2500000e+01;2.1671550e-01;5.2500000e+01;1.7411107e-01;5.2500000e+01;1.2663285e-01;5.2500000e+01;8.3971880e-02;5.2500000e+01;4.5440152e-02;5.2500000e+01;2.9781191e-03;5.2500000e+01;1.5125913e-02;5.2500000e+01;3.4341812e-02;5.2500000e+01;5.7420488e-02;5.2500000e+01;8.3538279e-02;5.2500000e+01;1.1312522e-01;5.2500000e+01;1.4486828e-01;5.2500000e+01;1.7973280e-01;5.2500000e+01;2.1837674e-01;5.2500000e+01;2.5792074e-01;5.2500000e+01;2.8223151e-01;5.2500000e+01;2.8080511e-01;5.2500000e+01;2.5356045e-01;5.2500000e+01;2.1671550e-01;5.2500000e+01;1.7411107e-01;5.2500000e+01;1.2663285e-01;5.2500000e+01;8.3971880e-02;5.2500000e+01;4.5440152e-02;5.2500000e+01;2.9781191e-03;5.2500000e+01;1.5125913e-02;5.2500000e+01;3.4341812e-02;5.2500000e+01;5.7420488e-02;5.2500000e+01;8.3538279e-02;5.2500000e+01;1.1312522e-01;5.2500000e+01;1.4486828e-01;5.2500000e+01;1.7973280e-01;5.2500000e+01;2.1837674e-01;5.2500000e+01;2.5792074e-01;5.2500000e+01;2.8223151e-01;5.2500000e+01;2.8080511e-01;5.2500000e+01;2.5356045e-01;5.2500000e+01;2.1671550e-01;5.2500000e+01;1.7411107e-01;5.2500000e+01;1.2663285e-01;5.2500000e+01;8.3971880e-02;5.2500000e+01;4.5440152e-02;5.2500000e+01;2.9781191e-03;5.2500000e+01;1.5125913e-02;5.2500000e+01;3.4341812e-02;5.2500000e+01;5.7420488e-02;5.2500000e+01;8.3538279e-02;5.2500000e+01;1.1312522e-01;5.2500000e+01;1.4486828e-01;5.2500000e+01;1.7973280e-01;5.2500000e+01;2.1837674e-01;5.2500000e+01;2.5792074e-01;5.2500000e+01;2.8223151e-01;5.2500000e+01;2.8080511e-01;5.2500000e+01;2.5356045e-01;5.2500000e+01;2.1671550e-01;5.2500000e+01;1.7411107e-01;5.2500000e+01;1.2663285e-01;5.2500000e+01;8.3971880e-02;5.2500000e+01;4.5440152e-02;5.2500000e+01;2.9781191e-03;5.2500000e+01;1.5125913e-02;5.2500000e+01;3.4341812e-02;5.2500000e+01;5.7420488e-02;5.2500000e+01;8.3538279e-02;5.2500000e+01;1.1312522e-01;5.2500000e+01;1.4486828e-01;5.2500000e+01;1.7973280e-01;5.2500000e+01;2.1837674e-01;5.2500000e+01;2.5792074e-01;5.2500000e+01;2.8223151e-01;5.2500000e+01;2.8080511e-01;5.2500000e+01;2.5356045e-01;5.2500000e+01;2.1671550e-01;5.2500000e+01;1.7411107e-01;5.2500000e+01;1.2663285e-01;5.2500000e+01;8.3971880e-02;5.2500000e+01;4.5440152e-02;5.2500000e+01;2.9781191e-03;5.2500000e+01;1.5125913e-02;5.2500000e+01;3.4341812e-02;5.2500000e+01;5.7420488e-02;5.2500000e+01;8.3538279e-02;5.2500000e+01;1.1312522e-01;5.2500000e+01;1.4486828e-01;5.2500000e+01;1.7973280e-01;5.2500000e+01;2.1837674e-01;5.2500000e+01;2.5792074e-01;5.2500000e+01;2.8223151e-01;5.2500000e+01;2.8080511e-01;5.2500000e+01;2.5356045e-01;5.2500000e+01;2.1671550e-01;5.2500000e+01;1.7411107e-01;5.2500000e+01;1.2663285e-01;5.2500000e+01;8.3971880e-02;5.2500000e+01;4.5440152e-02;5.2500000e+01;2.9781191e-03;5.2500000e+01;1.5125913e-02;5.2500000e+01;3.4341812e-02;5.2500000e+01;5.7420488e-02;5.2500000e+01;8.3538279e-02;5.2500000e+01;1.1312522e-01;5.2500000e+01;1.4486828e-01;5.2500000e+01;1.7973280e-01;5.2500000e+01;2.1837674e-01;5.2500000e+01;2.5792074e-01;5.2500000e+01;2.8223151e-01;5.2500000e+01;2.8080511e-01;5.2500000e+01;2.5356045e-01;5.2500000e+01;2.1671550e-01;5.2500000e+01;1.7411107e-01;5.2500000e+01;1.2663285e-01;5.2500000e+01;8.3971880e-02;5.2500000e+01;4.5440152e-02;5.2500000e+01;2.9781191e-03;5.2500000e+01;1.5125913e-02;5.2500000e+01;3.4341812e-02;5.2500000e+01;5.7420488e-02;5.2500000e+01;8.3538279e-02;5.2500000e+01;1.1312522e-01;5.2500000e+01;1.4486828e-01;5.2500000e+01;1.7973280e-01;5.2500000e+01;2.1837674e-01;5.2500000e+01;2.5792074e-01;5.2500000e+01;2.8223151e-01;5.2500000e+01;2.8080511e-01;5.2500000e+01;2.5356045e-01;5.2500000e+01;2.1671550e-01;5.2500000e+01;1.7411107e-01;5.2500000e+01;1.2663285e-01;5.2500000e+01;8.3971880e-02;5.2500000e+01;4.5440152e-02;5.2500000e+01;2.9781191e-03;5.2500000e+01;1.5125913e-02;5.2500000e+01;3.4341812e-02;5.2500000e+01;5.7420488e-02;5.2500000e+01;8.3538279e-02;5.2500000e+01;1.1312522e-01;5.2500000e+01;1.4486828e-01;5.2500000e+01;1.7973280e-01;5.2500000e+01;2.1837674e-01;5.2500000e+01;2.5792074e-01;5.2500000e+01;2.8223151e-01;5.2500000e+01;2.8080511e-01;5.2500000e+01;2.5356045e-01;5.2500000e+01;2.1671550e-01;5.2500000e+01;1.7411107e-01;5.2500000e+01;1.2663285e-01;5.2500000e+01;8.3971880e-02;5.2500000e+01;4.5440152e-02;5.2500000e+01;2.9781191e-03;5.2500000e+01;1.5125913e-02;5.2500000e+01;3.4341812e-02;5.2500000e+01;5.7420488e-02;5.2500000e+01;8.3538279e-02;5.2500000e+01;1.1312522e-01;5.2500000e+01;1.4486828e-01;5.2500000e+01;1.7973280e-01;5.2500000e+01;2.1837674e-01;5.2500000e+01;2.5792074e-01;5.2500000e+01;2.8223151e-01;5.2500000e+01;2.8080511e-01;5.2500000e+01;2.5356045e-01;5.2500000e+01;2.1671550e-01;5.2500000e+01;1.7411107e-01;5.2500000e+01;1.2663285e-01;5.2500000e+01;8.3971880e-02;5.2500000e+01;4.5440152e-02;5.2500000e+01;2.9781191e-03;5.2500000e+01;1.5125913e-02;5.2500000e+01;3.4341812e-02;5.2500000e+01;5.7420488e-02;5.2500000e+01;8.3538279e-02;5.2500000e+01;1.1312522e-01;5.2500000e+01;1.4486828e-01;5.2500000e+01;1.7973280e-01;5.2500000e+01;2.1837674e-01;5.2500000e+01;2.5792074e-01;5.2500000e+01;2.8223151e-01;5.2500000e+01;2.8080511e-01;5.2500000e+01;2.5356045e-01;5.2500000e+01;2.1671550e-01;5.2500000e+01;1.7411107e-01;5.2500000e+01;1.2663285e-01;5.2500000e+01;8.3971880e-02;5.2500000e+01;4.5440152e-02;5.2500000e+01;2.9781191e-03;5.2500000e+01;1.5125913e-02;5.2500000e+01;3.4341812e-02;5.2500000e+01;5.7420488e-02;5.2500000e+01;8.3538279e-02;5.2500000e+01;1.1312522e-01;5.2500000e+01;1.4486828e-01;5.2500000e+01;1.7973280e-01;5.2500000e+01;2.1837674e-01;5.2500000e+01;2.5792074e-01;5.2500000e+01;2.8223151e-01;5.2500000e+01;2.8080511e-01;5.2500000e+01;2.5356045e-01;5.2500000e+01;2.1671550e-01;5.2500000e+01;1.7411107e-01;5.2500000e+01;1.2663285e-01;5.2500000e+01;8.3971880e-02;5.2500000e+01;4.5440152e-02;5.2500000e+01;2.9781191e-03;5.2500000e+01;1.5125913e-02;5.2500000e+01;3.4341812e-02;5.2500000e+01;5.7420488e-02;5.2500000e+01;8.3538279e-02;5.2500000e+01;1.1312522e-01;5.2500000e+01;1.4486828e-01;5.2500000e+01;1.7973280e-01;5.2500000e+01;2.1837674e-01;5.2500000e+01;2.5792074e-01;5.2500000e+01;2.8223151e-01;5.2500000e+01;2.8080511e-01;5.2500000e+01;2.5356045e-01;5.2500000e+01;2.1671550e-01;5.2500000e+01;1.7411107e-01;5.2500000e+01;1.2663285e-01;5.2500000e+01;8.3971880e-02;5.2500000e+01;4.5440152e-02;5.2500000e+01;2.9781191e-03;5.2500000e+01;1.5125913e-02;5.2500000e+01;3.4341812e-02;5.2500000e+01;5.7420488e-02;5.2500000e+01;8.3538279e-02;5.2500000e+01;1.1312522e-01;5.2500000e+01;1.4486828e-01;5.2500000e+01;1.7973280e-01;5.2500000e+01;2.1837674e-01;5.2500000e+01;2.5792074e-01;5.2500000e+01;2.8223151e-01;5.2500000e+01;2.8080511e-01;5.2500000e+01;2.5356045e-01;5.2500000e+01;2.1671550e-01;5.2500000e+01;1.7411107e-01;5.2500000e+01;1.2663285e-01;5.2500000e+01;8.3971880e-02;5.2500000e+01;4.5440152e-02;5.2500000e+01;2.9781191e-03;5.2500000e+01;1.5125913e-02;5.2500000e+01;3.4341812e-02;5.2500000e+01;5.7420488e-02;5.2500000e+01;8.3538279e-02;5.2500000e+01;1.1312522e-01;5.2500000e+01;1.4486828e-01;5.2500000e+01;1.7973280e-01;5.2500000e+01;2.1837674e-01;5.2500000e+01;2.5792074e-01;5.2500000e+01;2.8223151e-01;5.2500000e+01;2.8080511e-01;5.2500000e+01;2.5356045e-01;5.2500000e+01;2.1671550e-01;5.2500000e+01;1.7411107e-01;5.2500000e+01;1.2663285e-01;5.2500000e+01;8.3971880e-02;5.2500000e+01;4.5440152e-02;5.2500000e+01;2.9781191e-03;5.2500000e+01;1.5125913e-02;5.2500000e+01;3.4341812e-02;5.2500000e+01;5.7420488e-02;5.2500000e+01;8.3538279e-02;5.2500000e+01;1.1312522e-01;5.2500000e+01;1.4486828e-01;5.2500000e+01;1.7973280e-01;5.2500000e+01;2.1837674e-01;5.2500000e+01;2.5792074e-01;5.2500000e+01;2.8223151e-01;5.2500000e+01;2.8080511e-01;5.2500000e+01;2.5356045e-01;5.2500000e+01;2.1671550e-01;5.2500000e+01;1.7411107e-01;5.2500000e+01;1.2663285e-01;5.2500000e+01;8.3971880e-02;5.2500000e+01;4.5440152e-02;5.2500000e+01;2.9781191e-03;5.2500000e+01;1.5125913e-02;5.2500000e+01;3.4341812e-02;5.2500000e+01;5.7420488e-02;5.2500000e+01;8.3538279e-02;5.2500000e+01;1.1312522e-01;5.2500000e+01;1.4486828e-01;5.2500000e+01;1.7973280e-01;5.2500000e+01;2.1837674e-01;5.2500000e+01;2.5792074e-01;5.2500000e+01;2.8223151e-01;5.2500000e+01;2.8080511e-01;5.2500000e+01;2.5356045e-01;5.2500000e+01;2.1671550e-01;5.2500000e+01;1.7411107e-01;5.2500000e+01;1.2663285e-01;5.2500000e+01;8.3971880e-02;5.2500000e+01;4.5440152e-02;5.2500000e+01;2.9781191e-03;5.2500000e+01;1.5125913e-02;5.2500000e+01;3.4341812e-02;5.2500000e+01;5.7420488e-02;5.2500000e+01;8.3538279e-02;5.2500000e+01;1.1312522e-01;5.2500000e+01;1.4486828e-01;5.2500000e+01;1.7973280e-01;5.2500000e+01;2.1837674e-01;5.2500000e+01;2.5792074e-01;5.2500000e+01;2.8223151e-01;5.2500000e+01;2.8080511e-01;5.2500000e+01;2.5356045e-01;5.2500000e+01;2.1671550e-01;5.2500000e+01;1.7411107e-01;5.2500000e+01;1.2663285e-01;5.2500000e+01;8.3971880e-02;5.2500000e+01;4.5440152e-02;5.2500000e+01;2.9781191e-03;5.2500000e+01;1.5125913e-02;5.2500000e+01;3.4341812e-02;5.2500000e+01;5.7420488e-02;5.2500000e+01;8.3538279e-02;5.2500000e+01;1.1312522e-01;5.2500000e+01;1.4486828e-01;5.2500000e+01;1.7973280e-01;5.2500000e+01;2.1837674e-01;5.2500000e+01;2.5792074e-01;5.2500000e+01;2.8223151e-01;5.2500000e+01;2.8080511e-01;5.2500000e+01;2.5356045e-01;5.2500000e+01;2.1671550e-01;5.2500000e+01;1.7411107e-01;5.2500000e+01;1.2663285e-01;5.2500000e+01;8.3971880e-02;5.2500000e+01;4.5440152e-02;5.2500000e+01;2.9781191e-03;5.2500000e+01;1.5125913e-02;5.2500000e+01;3.4341812e-02;5.2500000e+01;5.7420488e-02;5.2500000e+01;8.3538279e-02;5.2500000e+01;1.1312522e-01;5.2500000e+01;1.4486828e-01;5.2500000e+01;1.7973280e-01;5.2500000e+01;2.1837674e-01;5.2500000e+01;2.5792074e-01;5.2500000e+01;2.8223151e-01;5.2500000e+01;2.8080511e-01;5.2500000e+01;2.5356045e-01;5.2500000e+01;2.1671550e-01;5.2500000e+01;1.7411107e-01;5.2500000e+01;1.2663285e-01;5.2500000e+01;8.3971880e-02;5.2500000e+01;4.5440152e-02;5.2500000e+01;2.9781191e-03;5.2500000e+01;1.5125913e-02;5.2500000e+01;3.4341812e-02;5.2500000e+01;5.7420488e-02;5.2500000e+01;8.3538279e-02;5.2500000e+01;1.1312522e-01;5.2500000e+01;1.4486828e-01;5.2500000e+01;1.7973280e-01;5.2500000e+01;2.1837674e-01;5.2500000e+01;2.5792074e-01;5.2500000e+01;2.8223151e-01;5.2500000e+01;2.8080511e-01;5.2500000e+01;2.5356045e-01;5.2500000e+01;2.1671550e-01;5.2500000e+01;1.7411107e-01;5.2500000e+01;1.2663285e-01;5.2500000e+01;8.3971880e-02;5.2500000e+01;4.5440152e-02;5.2500000e+01;2.9781191e-03;5.2500000e+01;1.5125913e-02;5.2500000e+01;3.4341812e-02;5.2500000e+01;5.7420488e-02;5.2500000e+01;8.3538279e-02;5.2500000e+01;1.1312522e-01;5.2500000e+01;1.4486828e-01;5.2500000e+01;1.7973280e-01;5.2500000e+01;2.1837674e-01;5.2500000e+01;2.5792074e-01;5.2500000e+01;2.8223151e-01;5.2500000e+01;2.8080511e-01;5.2500000e+01;2.5356045e-01;5.2500000e+01;2.1671550e-01;5.2500000e+01;1.7411107e-01;5.2500000e+01;1.2663285e-01;5.2500000e+01;8.3971880e-02;5.2500000e+01;4.5440152e-02;5.2500000e+01;2.9781191e-03;5.2500000e+01;1.5125913e-02;5.2500000e+01;3.4341812e-02;5.2500000e+01;5.7420488e-02;5.2500000e+01;8.3538279e-02;5.2500000e+01;1.1312522e-01;5.2500000e+01;1.4486828e-01;5.2500000e+01;1.7973280e-01;5.2500000e+01;2.1837674e-01;5.2500000e+01;2.5792074e-01;5.2500000e+01;2.8223151e-01;5.2500000e+01;2.8080511e-01;5.2500000e+01;2.5356045e-01;5.2500000e+01;2.1671550e-01;5.2500000e+01;1.7411107e-01;5.2500000e+01;1.2663285e-01;5.2500000e+01;8.3971880e-02;5.2500000e+01;4.5440152e-02;5.2500000e+01;2.9781191e-03;5.2500000e+01;1.5125913e-02;5.2500000e+01;3.4341812e-02;5.2500000e+01;5.7420488e-02;5.2500000e+01;8.3538279e-02;5.2500000e+01;1.1312522e-01;5.2500000e+01;1.4486828e-01;5.2500000e+01;1.7973280e-01;5.2500000e+01;2.1837674e-01;5.2500000e+01;2.5792074e-01;5.2500000e+01;2.8223151e-01;5.2500000e+01;2.8080511e-01;5.2500000e+01;2.5356045e-01;5.2500000e+01;2.1671550e-01;5.2500000e+01;1.7411107e-01;5.2500000e+01;1.2663285e-01;5.2500000e+01;8.3971880e-02;5.2500000e+01;4.5440152e-02;5.2500000e+01;2.9781191e-03;5.2500000e+01;1.5125913e-02;5.2500000e+01;3.4341812e-02;5.2500000e+01;5.7420488e-02;5.2500000e+01;8.3538279e-02;5.2500000e+01;1.1312522e-01;5.2500000e+01;1.4486828e-01;5.2500000e+01;1.7973280e-01;5.2500000e+01;2.1837674e-01;5.2500000e+01;2.5792074e-01;5.2500000e+01;2.8223151e-01;5.2500000e+01;2.8080511e-01;5.2500000e+01;2.5356045e-01;5.2500000e+01;2.1671550e-01;5.2500000e+01;1.7411107e-01;5.2500000e+01;1.2663285e-01;5.2500000e+01;8.3971880e-02;5.2500000e+01;4.5440152e-02;5.2500000e+01;2.9781191e-03;5.2500000e+01;1.5125913e-02;5.2500000e+01;3.4341812e-02;5.2500000e+01;5.7420488e-02;5.2500000e+01;8.3538279e-02;5.2500000e+01;1.1312522e-01;5.2500000e+01;1.4486828e-01;5.2500000e+01;1.7973280e-01;5.2500000e+01;2.1837674e-01;5.2500000e+01;2.5792074e-01;5.2500000e+01;2.8223151e-01;5.2500000e+01;2.8080511e-01;5.2500000e+01;2.5356045e-01;5.2500000e+01;2.1671550e-01;5.2500000e+01;1.7411107e-01;5.2500000e+01;1.2663285e-01;5.2500000e+01;8.3971880e-02;5.2500000e+01;4.5440152e-02;5.2500000e+01;2.9781191e-03;5.2500000e+01;1.5125913e-02;5.2500000e+01;3.4341812e-02;5.2500000e+01;5.7420488e-02;5.2500000e+01;8.3538279e-02;5.2500000e+01;1.1312522e-01;5.2500000e+01;1.4486828e-01;5.2500000e+01;1.7973280e-01;5.2500000e+01;2.1837674e-01;5.2500000e+01;2.5792074e-01;5.2500000e+01;2.8223151e-01;5.2500000e+01;2.8080511e-01;5.2500000e+01;2.5356045e-01;5.2500000e+01;2.1671550e-01;5.2500000e+01;1.7411107e-01;5.2500000e+01;1.2663285e-01;5.2500000e+01;8.3971880e-02;5.2500000e+01;4.5440152e-02;5.2500000e+01;2.9781191e-03;5.2500000e+01;1.5125913e-02;5.2500000e+01;3.4341812e-02;5.2500000e+01;5.7420488e-02;5.2500000e+01;8.3538279e-02;5.2500000e+01;1.1312522e-01;5.2500000e+01;1.4486828e-01;5.2500000e+01;1.7973280e-01;5.2500000e+01;2.1837674e-01;5.2500000e+01;2.5792074e-01;5.2500000e+01;2.8223151e-01;5.2500000e+01;2.8080511e-01;5.2500000e+01;2.5356045e-01;5.2500000e+01;2.1671550e-01;5.2500000e+01;1.7411107e-01;5.2500000e+01;1.2663285e-01;5.2500000e+01;8.3971880e-02;5.2500000e+01;4.5440152e-02;5.2500000e+01;2.9781191e-03;5.2500000e+01;1.5125913e-02;5.2500000e+01;3.4341812e-02;5.2500000e+01;5.7420488e-02;5.2500000e+01;8.3538279e-02;5.2500000e+01;1.1312522e-01;5.2500000e+01;1.4486828e-01;5.2500000e+01;1.7973280e-01;5.2500000e+01;2.1837674e-01;5.2500000e+01;2.5792074e-01;5.2500000e+01;2.8223151e-01;5.2500000e+01;2.8080511e-01;5.2500000e+01;2.5356045e-01;5.2500000e+01;2.1671550e-01;5.2500000e+01;1.7411107e-01;5.2500000e+01;1.2663285e-01;5.2500000e+01;8.3971880e-02;5.2500000e+01;4.5440152e-02;5.2500000e+01;2.9781191e-03;5.2500000e+01;1.5125913e-02;5.2500000e+01;3.4341812e-02;5.2500000e+01;5.7420488e-02;5.2500000e+01;8.3538279e-02;5.2500000e+01;1.1312522e-01;5.2500000e+01;1.4486828e-01;5.2500000e+01;1.7973280e-01;5.2500000e+01;2.1837674e-01;5.2500000e+01;2.5792074e-01;5.2500000e+01;2.8223151e-01;5.2500000e+01;2.8080511e-01;5.2500000e+01;2.5356045e-01;5.2500000e+01;2.1671550e-01;5.2500000e+01;1.7411107e-01;5.2500000e+01;1.2663285e-01;5.2500000e+01;8.3971880e-02;5.2500000e+01;4.5440152e-02;5.2500000e+01;2.9781191e-03;5.2500000e+01;1.5125913e-02;5.2500000e+01;3.4341812e-02;5.2500000e+01;5.7420488e-02;5.2500000e+01;8.3538279e-02;5.2500000e+01;1.1312522e-01;5.2500000e+01;1.4486828e-01;5.2500000e+01;1.7973280e-01;5.2500000e+01;2.1837674e-01;5.2500000e+01;2.5792074e-01;5.2500000e+01;2.8223151e-01;5.2500000e+01;2.8080511e-01;5.2500000e+01;2.5356045e-01;5.2500000e+01;2.1671550e-01;5.2500000e+01;1.7411107e-01;5.2500000e+01;1.2663285e-01;5.2500000e+01;8.3971880e-02;5.2500000e+01;4.5440152e-02;5.2500000e+01;2.9781191e-03;5.2500000e+01;1.5125913e-02;5.2500000e+01;3.4341812e-02;5.2500000e+01;5.7420488e-02;5.2500000e+01;8.3538279e-02;5.2500000e+01;1.1312522e-01;5.2500000e+01;1.4486828e-01;5.2500000e+01;1.7973280e-01;5.2500000e+01;2.1837674e-01;5.2500000e+01;2.5792074e-01;5.2500000e+01;2.8223151e-01;5.2500000e+01;2.8080511e-01;5.2500000e+01;2.5356045e-01;5.2500000e+01;2.1671550e-01;5.2500000e+01;1.7411107e-01;5.2500000e+01;1.2663285e-01;5.2500000e+01;8.3971880e-02;5.2500000e+01;4.5440152e-02;5.2500000e+01;2.9781191e-03;5.2500000e+01;1.5125913e-02;5.2500000e+01;3.4341812e-02;5.2500000e+01;5.7420488e-02;5.2500000e+01;8.3538279e-02;5.2500000e+01;1.1312522e-01;5.2500000e+01;1.4486828e-01;5.2500000e+01;1.7973280e-01;5.2500000e+01;2.1837674e-01;5.2500000e+01;2.5792074e-01;5.2500000e+01;2.8223151e-01;5.2500000e+01;2.8080511e-01;5.2500000e+01;2.5356045e-01;5.2500000e+01;2.1671550e-01;5.2500000e+01;1.7411107e-01;5.2500000e+01;1.2663285e-01;5.2500000e+01;8.3971880e-02;5.2500000e+01;4.5440152e-02;5.2500000e+01;2.9781191e-03;5.2500000e+01;1.5125913e-02;5.2500000e+01;3.4341812e-02;5.2500000e+01;5.7420488e-02;5.2500000e+01;8.3538279e-02;5.2500000e+01;1.1312522e-01;5.2500000e+01;1.4486828e-01;5.2500000e+01;1.7973280e-01;5.2500000e+01;2.1837674e-01;5.2500000e+01;2.5792074e-01;5.2500000e+01;2.8223151e-01;5.2500000e+01;2.8080511e-01;5.2500000e+01;2.5356045e-01;5.2500000e+01;2.1671550e-01;5.2500000e+01;1.7411107e-01;5.2500000e+01;1.2663285e-01;5.2500000e+01;8.3971880e-02;5.2500000e+01;4.5440152e-02;5.2500000e+01;2.9781191e-03;5.2500000e+01;1.5125913e-02;5.2500000e+01;3.4341812e-02;5.2500000e+01;5.7420488e-02;5.2500000e+01;8.3538279e-02;5.2500000e+01;1.1312522e-01;5.2500000e+01;1.4486828e-01;5.2500000e+01;1.7973280e-01;5.2500000e+01;2.1837674e-01;5.2500000e+01;2.5792074e-01;5.2500000e+01;2.8223151e-01;5.2500000e+01;2.8080511e-01;5.2500000e+01;2.5356045e-01;5.2500000e+01;2.1671550e-01;5.2500000e+01;1.7411107e-01;5.2500000e+01;1.2663285e-01;5.2500000e+01;8.3971880e-02;5.2500000e+01;4.5440152e-02;5.2500000e+01;2.9781191e-03;5.2500000e+01;1.5125913e-02;5.2500000e+01;3.4341812e-02;5.2500000e+01;5.7420488e-02;5.2500000e+01;8.3538279e-02;5.2500000e+01;1.1312522e-01;5.2500000e+01;1.4486828e-01;5.2500000e+01;1.7973280e-01;5.2500000e+01;2.1837674e-01;5.2500000e+01;2.5792074e-01;5.2500000e+01;2.8223151e-01;5.2500000e+01;2.8080511e-01;5.2500000e+01;2.5356045e-01;5.2500000e+01;2.1671550e-01;5.2500000e+01;1.7411107e-01;5.2500000e+01;1.2663285e-01;5.2500000e+01;8.3971880e-02;5.2500000e+01;4.5440152e-02;5.2500000e+01;2.9781191e-03;5.2500000e+01;1.5125913e-02;5.2500000e+01;3.4341812e-02;5.2500000e+01;5.7420488e-02;5.2500000e+01;8.3538279e-02;5.2500000e+01;1.1312522e-01;5.2500000e+01;1.4486828e-01;5.2500000e+01;1.7973280e-01;5.2500000e+01;2.1837674e-01;5.2500000e+01;2.5792074e-01;5.2500000e+01;2.8223151e-01;5.2500000e+01;2.8080511e-01;5.2500000e+01;2.5356045e-01;5.2500000e+01;2.1671550e-01;5.2500000e+01;1.7411107e-01;5.2500000e+01;1.2663285e-01;5.2500000e+01;8.3971880e-02;5.2500000e+01;4.5440152e-02;5.2500000e+01;2.9781191e-03;5.2500000e+01;1.5125913e-02;5.2500000e+01;3.4341812e-02;5.2500000e+01;5.7420488e-02;5.2500000e+01;8.3538279e-02;5.2500000e+01;1.1312522e-01;5.2500000e+01;1.4486828e-01;5.2500000e+01;1.7973280e-01;5.2500000e+01;2.1837674e-01;5.2500000e+01;2.5792074e-01;5.2500000e+01;2.8223151e-01;5.2500000e+01;2.8080511e-01;5.2500000e+01;2.5356045e-01;5.2500000e+01;2.1671550e-01;5.2500000e+01;1.7411107e-01;5.2500000e+01;1.2663285e-01;5.2500000e+01;8.3971880e-02;5.2500000e+01;4.5440152e-02;5.2500000e+01;2.9781191e-03;5.2500000e+01;1.5125913e-02;5.2500000e+01;3.4341812e-02;5.2500000e+01;5.7420488e-02;5.2500000e+01;8.3538279e-02;5.2500000e+01;1.1312522e-01;5.2500000e+01;1.4486828e-01;5.2500000e+01;1.7973280e-01;5.2500000e+01;2.1837674e-01;5.2500000e+01;2.5792074e-01;5.2500000e+01;2.8223151e-01;5.2500000e+01;2.8080511e-01;5.2500000e+01;2.5356045e-01;5.2500000e+01;2.1671550e-01;5.2500000e+01;1.7411107e-01;5.2500000e+01;1.2663285e-01;5.2500000e+01;8.3971880e-02;5.2500000e+01;4.5440152e-02;5.2500000e+01;2.9781191e-03;5.2500000e+01;1.5125913e-02;5.2500000e+01;3.4341812e-02;5.2500000e+01;5.7420488e-02;5.2500000e+01;8.3538279e-02;5.2500000e+01;1.1312522e-01;5.2500000e+01;1.4486828e-01;5.2500000e+01;1.7973280e-01;5.2500000e+01;2.1837674e-01;5.2500000e+01;2.5792074e-01;5.2500000e+01;2.8223151e-01;5.2500000e+01;2.8080511e-01;5.2500000e+01;2.5356045e-01;5.2500000e+01;2.1671550e-01;5.2500000e+01;1.7411107e-01;5.2500000e+01;1.2663285e-01;5.2500000e+01;8.3971880e-02;5.2500000e+01;4.5440152e-02;5.2500000e+01;2.9781191e-03;5.2500000e+01;1.5125913e-02;5.2500000e+01;3.4341812e-02;5.2500000e+01;5.7420488e-02;5.2500000e+01;8.3538279e-02;5.2500000e+01;1.1312522e-01;5.2500000e+01;1.4486828e-01;5.2500000e+01;1.7973280e-01;5.2500000e+01;2.1837674e-01;5.2500000e+01;2.5792074e-01;5.2500000e+01;2.8223151e-01;5.2500000e+01;2.8080511e-01;5.2500000e+01;2.5356045e-01;5.2500000e+01;2.1671550e-01;5.2500000e+01;1.7411107e-01;5.2500000e+01;1.2663285e-01;5.2500000e+01;8.3971880e-02;5.2500000e+01;4.5440152e-02;5.2500000e+01;2.9781191e-03;5.2500000e+01;1.5125913e-02;5.2500000e+01;3.4341812e-02;5.2500000e+01;5.7420488e-02;5.2500000e+01;8.3538279e-02;5.2500000e+01;1.1312522e-01;5.2500000e+01;1.4486828e-01;5.2500000e+01;1.7973280e-01;5.2500000e+01;2.1837674e-01;5.2500000e+01;2.5792074e-01;5.2500000e+01;2.8223151e-01;5.2500000e+01;2.8080511e-01;5.2500000e+01;2.5356045e-01;5.2500000e+01;2.1671550e-01;5.2500000e+01;1.7411107e-01;5.2500000e+01;1.2663285e-01;5.2500000e+01;8.3971880e-02;5.2500000e+01;4.5440152e-02;5.2500000e+01;2.9781191e-03;5.2500000e+01;1.5125913e-02;5.2500000e+01;3.4341812e-02;5.2500000e+01;5.7420488e-02;5.2500000e+01;8.3538279e-02;5.2500000e+01;1.1312522e-01;5.2500000e+01;1.4486828e-01;5.2500000e+01;1.7973280e-01;5.2500000e+01;2.1837674e-01;5.2500000e+01;2.5792074e-01;5.2500000e+01;2.8223151e-01;5.2500000e+01;2.8080511e-01;5.2500000e+01;2.5356045e-01;5.2500000e+01;2.1671550e-01;5.2500000e+01;1.7411107e-01;5.2500000e+01;1.2663285e-01;5.2500000e+01;8.3971880e-02;5.2500000e+01;4.5440152e-02;5.2500000e+01;2.9781191e-03;5.2500000e+01;1.5125913e-02;5.2500000e+01;3.4341812e-02;5.2500000e+01;5.7420488e-02;5.2500000e+01;8.3538279e-02;5.2500000e+01;1.1312522e-01;5.2500000e+01;1.4486828e-01;5.2500000e+01;1.7973280e-01;5.2500000e+01;2.1837674e-01;5.2500000e+01;2.5792074e-01;5.2500000e+01;2.8223151e-01;5.2500000e+01;2.8080511e-01;5.2500000e+01;2.5356045e-01;5.2500000e+01;2.1671550e-01;5.2500000e+01;1.7411107e-01;5.2500000e+01;1.2663285e-01;5.2500000e+01;8.3971880e-02;5.2500000e+01;4.5440152e-02;5.2500000e+01;2.9781191e-03;5.2500000e+01;1.5125913e-02;5.2500000e+01;3.4341812e-02;5.2500000e+01;5.7420488e-02;5.2500000e+01;8.3538279e-02;5.2500000e+01;1.1312522e-01;5.2500000e+01;1.4486828e-01;5.2500000e+01;1.7973280e-01;5.2500000e+01;2.1837674e-01;5.2500000e+01;2.5792074e-01;5.2500000e+01;2.8223151e-01;5.2500000e+01;2.8080511e-01;5.2500000e+01;2.5356045e-01;5.2500000e+01;2.1671550e-01;5.2500000e+01;1.7411107e-01;5.2500000e+01;1.2663285e-01;5.2500000e+01;8.3971880e-02;5.2500000e+01;4.5440152e-02;5.2500000e+01;2.9781191e-03;5.2500000e+01;1.5125913e-02;5.2500000e+01;3.4341812e-02;5.2500000e+01;5.7420488e-02;5.2500000e+01;8.3538279e-02;5.2500000e+01;1.1312522e-01;5.2500000e+01;1.4486828e-01;5.2500000e+01;1.7973280e-01;5.2500000e+01;2.1837674e-01;5.2500000e+01;2.5792074e-01;5.2500000e+01;2.8223151e-01;5.2500000e+01;2.8080511e-01;5.2500000e+01;2.5356045e-01;5.2500000e+01;2.1671550e-01;5.2500000e+01;1.7411107e-01;5.2500000e+01;1.2663285e-01;5.2500000e+01;8.3971880e-02;5.2500000e+01;4.5440152e-02;5.2500000e+01;2.9781191e-03;5.2500000e+01;1.5125913e-02;5.2500000e+01;3.4341812e-02;5.2500000e+01;5.7420488e-02;5.2500000e+01;8.3538279e-02;5.2500000e+01;1.1312522e-01;5.2500000e+01;1.4486828e-01;5.2500000e+01;1.7973280e-01;5.2500000e+01;2.1837674e-01;5.2500000e+01;2.5792074e-01;5.2500000e+01;2.8223151e-01;5.2500000e+01;2.8080511e-01;5.2500000e+01;2.5356045e-01;5.2500000e+01;2.1671550e-01;5.2500000e+01;1.7411107e-01;5.2500000e+01;1.2663285e-01;5.2500000e+01;8.3971880e-02;5.2500000e+01;4.5440152e-02;5.2500000e+01;2.9781191e-03;5.2500000e+01;1.5125913e-02;5.2500000e+01;3.4341812e-02;5.2500000e+01;5.7420488e-02;5.2500000e+01;8.3538279e-02;5.2500000e+01;1.1312522e-01;5.2500000e+01;1.4486828e-01;5.2500000e+01;1.7973280e-01;5.2500000e+01;2.1837674e-01;5.2500000e+01;2.5792074e-01;5.2500000e+01;2.8223151e-01;5.2500000e+01;2.8080511e-01;5.2500000e+01;2.5356045e-01;5.2500000e+01;2.1671550e-01;5.2500000e+01;1.7411107e-01;5.2500000e+01;1.2663285e-01;5.2500000e+01;8.3971880e-02;5.2500000e+01;4.5440152e-02;5.2500000e+01;2.9781191e-03;5.2500000e+01;1.5125913e-02;5.2500000e+01;3.4341812e-02;5.2500000e+01;5.7420488e-02;5.2500000e+01;8.3538279e-02;5.2500000e+01;1.1312522e-01;5.2500000e+01;1.4486828e-01;5.2500000e+01;1.7973280e-01;5.2500000e+01;2.1837674e-01;5.2500000e+01;2.5792074e-01;5.2500000e+01;2.8223151e-01;5.2500000e+01;2.8080511e-01;5.2500000e+01;2.5356045e-01;5.2500000e+01;2.1671550e-01;5.2500000e+01;1.7411107e-01;5.2500000e+01;1.2663285e-01;5.2500000e+01;8.3971880e-02;5.2500000e+01;4.5440152e-02;5.2500000e+01;2.9781191e-03;5.2500000e+01;1.5125913e-02;5.2500000e+01;3.4341812e-02;5.2500000e+01;5.7420488e-02;5.2500000e+01;8.3538279e-02;5.2500000e+01;1.1312522e-01;5.2500000e+01;1.4486828e-01;5.2500000e+01;1.7973280e-01;5.2500000e+01;2.1837674e-01;5.2500000e+01;2.5792074e-01;5.2500000e+01;2.8223151e-01;5.2500000e+01;2.8080511e-01;5.2500000e+01;2.5356045e-01;5.2500000e+01;2.1671550e-01;5.2500000e+01;1.7411107e-01;5.2500000e+01;1.2663285e-01;5.2500000e+01;8.3971880e-02;5.2500000e+01;4.5440152e-02;5.2500000e+01;2.9781191e-03;5.2500000e+01;1.5125913e-02;5.2500000e+01;3.4341812e-02;5.2500000e+01;5.7420488e-02;5.2500000e+01;8.3538279e-02;5.2500000e+01;1.1312522e-01;5.2500000e+01;1.4486828e-01;5.2500000e+01;1.7973280e-01;5.2500000e+01;2.1837674e-01;5.2500000e+01;2.5792074e-01;5.2500000e+01;2.8223151e-01;5.2500000e+01;2.8080511e-01;5.2500000e+01;2.5356045e-01;5.2500000e+01;2.1671550e-01;5.2500000e+01;1.7411107e-01;5.2500000e+01;1.2663285e-01;5.2500000e+01;8.3971880e-02;5.2500000e+01;4.5440152e-02;5.2500000e+01;2.9781191e-03;5.2500000e+01;1.5125913e-02;5.2500000e+01;3.4341812e-02;5.2500000e+01;5.7420488e-02;5.2500000e+01;8.3538279e-02;5.2500000e+01;1.1312522e-01;5.2500000e+01;1.4486828e-01;5.2500000e+01;1.7973280e-01;5.2500000e+01;2.1837674e-01;5.2500000e+01;2.5792074e-01;5.2500000e+01;2.8223151e-01;5.2500000e+01;2.8080511e-01;5.2500000e+01;2.5356045e-01;5.2500000e+01;2.1671550e-01;5.2500000e+01;1.7411107e-01;5.2500000e+01;1.2663285e-01;5.2500000e+01;8.3971880e-02;5.2500000e+01;4.5440152e-02;5.2500000e+01;2.9781191e-03;5.2500000e+01;1.5125913e-02;5.2500000e+01;3.4341812e-02;5.2500000e+01;5.7420488e-02;5.2500000e+01;8.3538279e-02;5.2500000e+01;1.1312522e-01;5.2500000e+01;1.4486828e-01;5.2500000e+01;1.7973280e-01;5.2500000e+01;2.1837674e-01;5.2500000e+01;2.5792074e-01;5.2500000e+01;2.8223151e-01;5.2500000e+01;2.8080511e-01;5.2500000e+01;2.5356045e-01;5.2500000e+01;2.1671550e-01;5.2500000e+01;1.7411107e-01;5.2500000e+01;1.2663285e-01;5.2500000e+01;8.3971880e-02;5.2500000e+01;4.5440152e-02;5.2500000e+01;2.9781191e-03;5.2500000e+01;1.5125913e-02;5.2500000e+01;3.4341812e-02;5.2500000e+01;5.7420488e-02;5.2500000e+01;8.3538279e-02;5.2500000e+01;1.1312522e-01;5.2500000e+01;1.4486828e-01;5.2500000e+01;1.7973280e-01;5.2500000e+01;2.1837674e-01;5.2500000e+01;2.5792074e-01;5.2500000e+01;2.8223151e-01;5.2500000e+01;2.8080511e-01;5.2500000e+01;2.5356045e-01;5.2500000e+01;2.1671550e-01;5.2500000e+01;1.7411107e-01;5.2500000e+01;1.2663285e-01;5.2500000e+01;8.3971880e-02;5.2500000e+01;4.5440152e-02;5.2500000e+01;2.9781191e-03;5.2500000e+01;1.5125913e-02;5.2500000e+01;3.4341812e-02;5.2500000e+01;5.7420488e-02;5.2500000e+01;8.3538279e-02;5.2500000e+01;1.1312522e-01;5.2500000e+01;1.4486828e-01;5.2500000e+01;1.7973280e-01;5.2500000e+01;2.1837674e-01;5.2500000e+01;2.5792074e-01;5.2500000e+01;2.8223151e-01;5.2500000e+01;2.8080511e-01;5.2500000e+01;2.5356045e-01;5.2500000e+01;2.1671550e-01;5.2500000e+01;1.7411107e-01;5.2500000e+01;1.2663285e-01;5.2500000e+01;8.3971880e-02;5.2500000e+01;4.5440152e-02;5.2500000e+01;2.9781191e-03;5.2500000e+01;1.5125913e-02;5.2500000e+01;3.4341812e-02;5.2500000e+01;5.7420488e-02;5.2500000e+01;8.3538279e-02;5.2500000e+01;1.1312522e-01;5.2500000e+01;1.4486828e-01;5.2500000e+01;1.7973280e-01;5.2500000e+01;2.1837674e-01;5.2500000e+01;2.5792074e-01;5.2500000e+01;2.8223151e-01;5.2500000e+01;2.8080511e-01;5.2500000e+01;2.5356045e-01;5.2500000e+01;2.1671550e-01;5.2500000e+01;1.7411107e-01;5.2500000e+01;1.2663285e-01;5.2500000e+01;8.3971880e-02;5.2500000e+01;4.5440152e-02;5.2500000e+01;2.9781191e-03;5.2500000e+01;1.5125913e-02;5.2500000e+01;3.4341812e-02;5.2500000e+01;5.7420488e-02;5.2500000e+01;8.3538279e-02;5.2500000e+01;1.1312522e-01;5.2500000e+01;1.4486828e-01;5.2500000e+01;1.7973280e-01;5.2500000e+01;2.1837674e-01;5.2500000e+01;2.5792074e-01;5.2500000e+01;2.8223151e-01;5.2500000e+01;2.8080511e-01;5.2500000e+01;2.5356045e-01;5.2500000e+01;2.1671550e-01;5.2500000e+01;1.7411107e-01;5.2500000e+01;1.2663285e-01;5.2500000e+01;8.3971880e-02;5.2500000e+01;4.5440152e-02;5.2500000e+01;2.9781191e-03;5.2500000e+01;1.5125913e-02;5.2500000e+01;3.4341812e-02;5.2500000e+01;5.7420488e-02;5.2500000e+01;8.3538279e-02;5.2500000e+01;1.1312522e-01;5.2500000e+01;1.4486828e-01;5.2500000e+01;1.7973280e-01;5.2500000e+01;2.1837674e-01;5.2500000e+01;2.5792074e-01;5.2500000e+01;2.8223151e-01;5.2500000e+01;2.8080511e-01;5.2500000e+01;2.5356045e-01;5.2500000e+01;2.1671550e-01;5.2500000e+01;1.7411107e-01;5.2500000e+01;1.2663285e-01;5.2500000e+01;8.3971880e-02;5.2500000e+01;4.5440152e-02;5.2500000e+01;2.9781191e-03;5.2500000e+01;1.5125913e-02;5.2500000e+01;3.4341812e-02;5.2500000e+01;5.7420488e-02;5.2500000e+01;8.3538279e-02;5.2500000e+01;1.1312522e-01;5.2500000e+01;1.4486828e-01;5.2500000e+01;1.7973280e-01;5.2500000e+01;2.1837674e-01;5.2500000e+01;2.5792074e-01;5.2500000e+01;2.8223151e-01;5.2500000e+01;2.8080511e-01;5.2500000e+01;2.5356045e-01;5.2500000e+01;2.1671550e-01;5.2500000e+01;1.7411107e-01;5.2500000e+01;1.2663285e-01;5.2500000e+01;8.3971880e-02;5.2500000e+01;4.5440152e-02;5.2500000e+01;2.9781191e-03;5.2500000e+01;1.5125913e-02;5.2500000e+01;3.4341812e-02;5.2500000e+01;5.7420488e-02;5.2500000e+01;8.3538279e-02;5.2500000e+01;1.1312522e-01;5.2500000e+01;1.4486828e-01;5.2500000e+01;1.7973280e-01;5.2500000e+01;2.1837674e-01;5.2500000e+01;2.5792074e-01;5.2500000e+01;2.8223151e-01;5.2500000e+01;2.8080511e-01;5.2500000e+01;2.5356045e-01;5.2500000e+01;2.1671550e-01;5.2500000e+01;1.7411107e-01;5.2500000e+01;1.2663285e-01;5.2500000e+01;8.3971880e-02;5.2500000e+01;4.5440152e-02;5.2500000e+01;2.9781191e-03;5.2500000e+01;1.5125913e-02;5.2500000e+01;3.4341812e-02;5.2500000e+01;5.7420488e-02;5.2500000e+01;8.3538279e-02;5.2500000e+01;1.1312522e-01;5.2500000e+01;1.4486828e-01;5.2500000e+01;1.7973280e-01;5.2500000e+01;2.1837674e-01;5.2500000e+01;2.5792074e-01;5.2500000e+01;2.8223151e-01;5.2500000e+01;2.8080511e-01;5.2500000e+01;2.5356045e-01;5.2500000e+01;2.1671550e-01;5.2500000e+01;1.7411107e-01;5.2500000e+01;1.2663285e-01;5.2500000e+01;8.3971880e-02;5.2500000e+01;4.5440152e-02;5.2500000e+01;2.9781191e-03;5.2500000e+01;1.5125913e-02;5.2500000e+01;3.4341812e-02;5.2500000e+01;5.7420488e-02;5.2500000e+01;8.3538279e-02;5.2500000e+01;1.1312522e-01;5.2500000e+01;1.4486828e-01;5.2500000e+01;1.7973280e-01;5.2500000e+01;2.1837674e-01;5.2500000e+01;2.5792074e-01;5.2500000e+01;2.8223151e-01;5.2500000e+01;2.8080511e-01;5.2500000e+01;2.5356045e-01;5.2500000e+01;2.1671550e-01;5.2500000e+01;1.7411107e-01;5.2500000e+01;1.2663285e-01;5.2500000e+01;8.3971880e-02;5.2500000e+01;4.5440152e-02;5.2500000e+01;2.9781191e-03;5.2500000e+01;1.5125913e-02;5.2500000e+01;3.4341812e-02;5.2500000e+01;5.7420488e-02;5.2500000e+01;8.3538279e-02;5.2500000e+01;1.1312522e-01;5.2500000e+01;1.4486828e-01;5.2500000e+01;1.7973280e-01;5.2500000e+01;2.1837674e-01;5.2500000e+01;2.5792074e-01;5.2500000e+01;2.8223151e-01;5.2500000e+01;2.8080511e-01;5.2500000e+01;2.5356045e-01;5.2500000e+01;2.1671550e-01;5.2500000e+01;1.7411107e-01;5.2500000e+01;1.2663285e-01;5.2500000e+01;8.3971880e-02;5.2500000e+01;4.5440152e-02;5.2500000e+01;2.9781191e-03;5.2500000e+01;1.5125913e-02;5.2500000e+01;3.4341812e-02;5.2500000e+01;5.7420488e-02;5.2500000e+01;8.3538279e-02;5.2500000e+01;1.1312522e-01;5.2500000e+01;1.4486828e-01;5.2500000e+01;1.7973280e-01;5.2500000e+01;2.1837674e-01;5.2500000e+01;2.5792074e-01;5.2500000e+01;2.8223151e-01;5.2500000e+01;2.8080511e-01;5.2500000e+01;2.5356045e-01;5.2500000e+01;2.1671550e-01;5.2500000e+01;1.7411107e-01;5.2500000e+01;1.2663285e-01;5.2500000e+01;8.3971880e-02;5.2500000e+01;4.5440152e-02;5.2500000e+01;2.9781191e-03;5.2500000e+01;1.5125913e-02;5.2500000e+01;3.4341812e-02;5.2500000e+01;5.7420488e-02;5.2500000e+01;8.3538279e-02;5.2500000e+01;1.1312522e-01;5.2500000e+01;1.4486828e-01;5.2500000e+01;1.7973280e-01;5.2500000e+01;2.1837674e-01;5.2500000e+01;2.5792074e-01;5.2500000e+01;2.8223151e-01;5.2500000e+01;2.8080511e-01;5.2500000e+01;2.5356045e-01;5.2500000e+01;2.1671550e-01;5.2500000e+01;1.7411107e-01;5.2500000e+01;1.2663285e-01;5.2500000e+01;8.3971880e-02;5.2500000e+01;4.5440152e-02;5.2500000e+01;2.9781191e-03;5.2500000e+01;1.5125913e-02;5.2500000e+01;3.4341812e-02;5.2500000e+01;5.7420488e-02;5.2500000e+01;8.3538279e-02;5.2500000e+01;1.1312522e-01;5.2500000e+01;1.4486828e-01;5.2500000e+01;1.7973280e-01;5.2500000e+01;2.1837674e-01;5.2500000e+01;2.5792074e-01;5.2500000e+01;2.8223151e-01;5.2500000e+01;2.8080511e-01;5.2500000e+01;2.5356045e-01;5.2500000e+01;2.1671550e-01;5.2500000e+01;1.7411107e-01;5.2500000e+01;1.2663285e-01;5.2500000e+01;8.3971880e-02;5.2500000e+01;4.5440152e-02;5.2500000e+01;2.9781191e-03;5.2500000e+01;1.5125913e-02;5.2500000e+01;3.4341812e-02;5.2500000e+01;5.7420488e-02;5.2500000e+01;8.3538279e-02;5.2500000e+01;1.1312522e-01;5.2500000e+01;1.4486828e-01;5.2500000e+01;1.7973280e-01;5.2500000e+01;2.1837674e-01;5.2500000e+01;2.5792074e-01;5.2500000e+01;2.8223151e-01;5.2500000e+01;2.8080511e-01;5.2500000e+01;2.5356045e-01;5.2500000e+01;2.1671550e-01;5.2500000e+01;1.7411107e-01;5.2500000e+01;1.2663285e-01;5.2500000e+01;8.3971880e-02;5.2500000e+01;4.5440152e-02;5.2500000e+01;2.9781191e-03;5.2500000e+01;1.5125913e-02;5.2500000e+01;3.4341812e-02;5.2500000e+01;5.7420488e-02;5.2500000e+01;8.3538279e-02;5.2500000e+01;1.1312522e-01;5.2500000e+01;1.4486828e-01;5.2500000e+01;1.7973280e-01;5.2500000e+01;2.1837674e-01;5.2500000e+01;2.5792074e-01;5.2500000e+01;2.8223151e-01;5.2500000e+01;2.8080511e-01;5.2500000e+01;2.5356045e-01;5.2500000e+01;2.1671550e-01;5.2500000e+01;1.7411107e-01;5.2500000e+01;1.2663285e-01;5.2500000e+01;8.3971880e-02;5.2500000e+01;4.5440152e-02;5.2500000e+01;2.9781191e-03;5.2500000e+01;1.5125913e-02;5.2500000e+01;3.4341812e-02;5.2500000e+01;5.7420488e-02;5.2500000e+01;8.3538279e-02;5.2500000e+01;1.1312522e-01;5.2500000e+01;1.4486828e-01;5.2500000e+01;1.7973280e-01;5.2500000e+01;2.1837674e-01;5.2500000e+01;2.5792074e-01;5.2500000e+01;2.8223151e-01;5.2500000e+01;2.8080511e-01;5.2500000e+01;2.5356045e-01;5.2500000e+01;2.1671550e-01;5.2500000e+01;1.7411107e-01;5.2500000e+01;1.2663285e-01;5.2500000e+01;8.3971880e-02;5.2500000e+01;4.5440152e-02;5.2500000e+01;2.9781191e-03;5.2500000e+01;1.5125913e-02;5.2500000e+01;3.4341812e-02;5.2500000e+01;5.7420488e-02;5.2500000e+01;8.3538279e-02;5.2500000e+01;1.1312522e-01;5.2500000e+01;1.4486828e-01;5.2500000e+01;1.7973280e-01;5.2500000e+01;2.1837674e-01;5.2500000e+01;2.5792074e-01;5.2500000e+01;2.8223151e-01;5.2500000e+01;2.8080511e-01;5.2500000e+01;2.5356045e-01;5.2500000e+01;2.1671550e-01;5.2500000e+01;1.7411107e-01;5.2500000e+01;1.2663285e-01;5.2500000e+01;8.3971880e-02;5.2500000e+01;4.5440152e-02;5.2500000e+01;2.9781191e-03;5.2500000e+01;1.5125913e-02;5.2500000e+01;3.4341812e-02;5.2500000e+01;5.7420488e-02;5.2500000e+01;8.3538279e-02;5.2500000e+01;1.1312522e-01;5.2500000e+01;1.4486828e-01;5.2500000e+01;1.7973280e-01;5.2500000e+01;2.1837674e-01;5.2500000e+01;2.5792074e-01;5.2500000e+01;2.8223151e-01;5.2500000e+01;2.8080511e-01;5.2500000e+01;2.5356045e-01;5.2500000e+01;2.1671550e-01;5.2500000e+01;1.7411107e-01;5.2500000e+01;1.2663285e-01;5.2500000e+01;8.3971880e-02;5.2500000e+01;4.5440152e-02;5.2500000e+01;2.9781191e-03;5.2500000e+01;1.5125913e-02;5.2500000e+01;3.4341812e-02;5.2500000e+01;5.7420488e-02;5.2500000e+01;8.3538279e-02;5.2500000e+01;1.1312522e-01;5.2500000e+01;1.4486828e-01;5.2500000e+01;1.7973280e-01;5.2500000e+01;2.1837674e-01;5.2500000e+01;2.5792074e-01;5.2500000e+01;2.8223151e-01;5.2500000e+01;2.8080511e-01;5.2500000e+01;2.5356045e-01;5.2500000e+01;2.1671550e-01;5.2500000e+01;1.7411107e-01;5.2500000e+01;1.2663285e-01;5.2500000e+01;8.3971880e-02;5.2500000e+01;4.5440152e-02;5.2500000e+01;2.9781191e-03;5.2500000e+01;1.5125913e-02;5.2500000e+01;3.4341812e-02;5.2500000e+01;5.7420488e-02;5.2500000e+01;8.3538279e-02;5.2500000e+01;1.1312522e-01;5.2500000e+01;1.4486828e-01;5.2500000e+01;1.7973280e-01;5.2500000e+01;2.1837674e-01;5.2500000e+01;2.5792074e-01;5.2500000e+01;2.8223151e-01;5.2500000e+01;2.8080511e-01;5.2500000e+01;2.5356045e-01;5.2500000e+01;2.1671550e-01;5.2500000e+01;1.7411107e-01;5.2500000e+01;1.2663285e-01;5.2500000e+01;8.3971880e-02;5.2500000e+01;4.5440152e-02;5.2500000e+01;2.9781191e-03;5.2500000e+01;1.5125913e-02;5.2500000e+01;3.4341812e-02;5.2500000e+01;5.7420488e-02;5.2500000e+01;8.3538279e-02;5.2500000e+01;1.1312522e-01;5.2500000e+01;1.4486828e-01;5.2500000e+01;1.7973280e-01;5.2500000e+01;2.1837674e-01;5.2500000e+01;2.5792074e-01;5.2500000e+01;2.8223151e-01;5.2500000e+01;2.8080511e-01;5.2500000e+01;2.5356045e-01;5.2500000e+01;2.1671550e-01;5.2500000e+01;1.7411107e-01;5.2500000e+01;1.2663285e-01;5.2500000e+01;8.3971880e-02;5.2500000e+01;4.5440152e-02;5.2500000e+01;2.9781191e-03;5.2500000e+01;1.5125913e-02;5.2500000e+01;3.4341812e-02;5.2500000e+01;5.7420488e-02;5.2500000e+01;8.3538279e-02;5.2500000e+01;1.1312522e-01;5.2500000e+01;1.4486828e-01;5.2500000e+01;1.7973280e-01;5.2500000e+01;2.1837674e-01;5.2500000e+01;2.5792074e-01;5.2500000e+01;2.8223151e-01;5.2500000e+01;2.8080511e-01;5.2500000e+01;2.5356045e-01;5.2500000e+01;2.1671550e-01;5.2500000e+01;1.7411107e-01;5.2500000e+01;1.2663285e-01;5.2500000e+01;8.3971880e-02;5.2500000e+01;4.5440152e-02;5.2500000e+01;2.9781191e-03;5.2500000e+01;1.5125913e-02;5.2500000e+01;3.4341812e-02;5.2500000e+01;5.7420488e-02;5.2500000e+01;8.3538279e-02;5.2500000e+01;1.1312522e-01;5.2500000e+01;1.4486828e-01;5.2500000e+01;1.7973280e-01;5.2500000e+01;2.1837674e-01;5.2500000e+01;2.5792074e-01;5.2500000e+01;2.8223151e-01;5.2500000e+01;2.8080511e-01;5.2500000e+01;2.5356045e-01;5.2500000e+01;2.1671550e-01;5.2500000e+01;1.7411107e-01;5.2500000e+01;1.2663285e-01;5.2500000e+01;8.3971880e-02;5.2500000e+01;4.5440152e-02;5.2500000e+01;2.9781191e-03;5.2500000e+01;1.5125913e-02;5.2500000e+01;3.4341812e-02;5.2500000e+01;5.7420488e-02;5.2500000e+01;8.3538279e-02;5.2500000e+01;1.1312522e-01;5.2500000e+01;1.4486828e-01;5.2500000e+01;1.7973280e-01;5.2500000e+01;2.1837674e-01;5.2500000e+01;2.5792074e-01;5.2500000e+01;2.8223151e-01;5.2500000e+01;2.8080511e-01;5.2500000e+01;2.5356045e-01;5.2500000e+01;2.1671550e-01;5.2500000e+01;1.7411107e-01;5.2500000e+01;1.2663285e-01;5.2500000e+01;8.3971880e-02;5.2500000e+01;4.5440152e-02;5.2500000e+01;2.9781191e-03;5.2500000e+01;1.5125913e-02;5.2500000e+01;3.4341812e-02;5.2500000e+01;5.7420488e-02;5.2500000e+01;8.3538279e-02;5.2500000e+01;1.1312522e-01;5.2500000e+01;1.4486828e-01;5.2500000e+01;1.7973280e-01;5.2500000e+01;2.1837674e-01;5.2500000e+01;2.5792074e-01;5.2500000e+01;2.8223151e-01;5.2500000e+01;2.8080511e-01;5.2500000e+01;2.5356045e-01;5.2500000e+01;2.1671550e-01;5.2500000e+01;1.7411107e-01;5.2500000e+01;1.2663285e-01;5.2500000e+01;8.3971880e-02;5.2500000e+01;4.5440152e-02;5.2500000e+01;2.9781191e-03;5.2500000e+01;1.5125913e-02;5.2500000e+01;3.4341812e-02;5.2500000e+01;5.7420488e-02;5.2500000e+01;8.3538279e-02;5.2500000e+01;1.1312522e-01;5.2500000e+01;1.4486828e-01;5.2500000e+01;1.7973280e-01;5.2500000e+01;2.1837674e-01;5.2500000e+01;2.5792074e-01;5.2500000e+01;2.8223151e-01;5.2500000e+01;2.8080511e-01;5.2500000e+01;2.5356045e-01;5.2500000e+01;2.1671550e-01;5.2500000e+01;1.7411107e-01;5.2500000e+01;1.2663285e-01;5.2500000e+01;8.3971880e-02;5.2500000e+01;4.5440152e-02;5.2500000e+01;2.9781191e-03;5.2500000e+01;1.5125913e-02;5.2500000e+01;3.4341812e-02;5.2500000e+01;5.7420488e-02;5.2500000e+01;8.3538279e-02;5.2500000e+01;1.1312522e-01;5.2500000e+01;1.4486828e-01;5.2500000e+01;1.7973280e-01;5.2500000e+01;2.1837674e-01;5.2500000e+01;2.5792074e-01;5.2500000e+01;2.8223151e-01;5.2500000e+01;2.8080511e-01;5.2500000e+01;2.5356045e-01;5.2500000e+01;2.1671550e-01;5.2500000e+01;1.7411107e-01;5.2500000e+01;1.2663285e-01;5.2500000e+01;8.3971880e-02;5.2500000e+01;4.5440152e-02;5.2500000e+01;2.9781191e-03;5.2500000e+01;1.5125913e-02;5.2500000e+01;3.4341812e-02;5.2500000e+01;5.7420488e-02;5.2500000e+01;8.3538279e-02;5.2500000e+01;1.1312522e-01;5.2500000e+01;1.4486828e-01;5.2500000e+01;1.7973280e-01;5.2500000e+01;2.1837674e-01;5.2500000e+01;2.5792074e-01;5.2500000e+01;2.8223151e-01;5.2500000e+01;2.8080511e-01;5.2500000e+01;2.5356045e-01;5.2500000e+01;2.1671550e-01;5.2500000e+01;1.7411107e-01;5.2500000e+01;1.2663285e-01;5.2500000e+01;8.3971880e-02;5.2500000e+01;4.5440152e-02;5.2500000e+01;2.9781191e-03;5.2500000e+01;1.5125913e-02;5.2500000e+01;3.4341812e-02;5.2500000e+01;5.7420488e-02;5.2500000e+01;8.3538279e-02;5.2500000e+01;1.1312522e-01;5.2500000e+01;1.4486828e-01;5.2500000e+01;1.7973280e-01;5.2500000e+01;2.1837674e-01;5.2500000e+01;2.5792074e-01;5.2500000e+01;2.8223151e-01;5.2500000e+01;2.8080511e-01;5.2500000e+01;2.5356045e-01;5.2500000e+01;2.1671550e-01;5.2500000e+01;1.7411107e-01;5.2500000e+01;1.2663285e-01;5.2500000e+01;8.3971880e-02;5.2500000e+01;4.5440152e-02;5.2500000e+01;2.9781191e-03;5.2500000e+01;1.5125913e-02;5.2500000e+01;3.4341812e-02;5.2500000e+01;5.7420488e-02;5.2500000e+01;8.3538279e-02;5.2500000e+01;1.1312522e-01;5.2500000e+01;1.4486828e-01;5.2500000e+01;1.7973280e-01;5.2500000e+01;2.1837674e-01;5.2500000e+01;2.5792074e-01;5.2500000e+01;2.8223151e-01;5.2500000e+01;2.8080511e-01;5.2500000e+01;2.5356045e-01;5.2500000e+01;2.1671550e-01;5.2500000e+01;1.7411107e-01;5.2500000e+01;1.2663285e-01;5.2500000e+01;8.3971880e-02;5.2500000e+01;4.5440152e-02;5.2500000e+01;2.9781191e-03;5.2500000e+01;1.5125913e-02;5.2500000e+01;3.4341812e-02;5.2500000e+01;5.7420488e-02;5.2500000e+01;8.3538279e-02;5.2500000e+01;1.1312522e-01;5.2500000e+01;1.4486828e-01;5.2500000e+01;1.7973280e-01;5.2500000e+01;2.1837674e-01;5.2500000e+01;2.5792074e-01;5.2500000e+01;2.8223151e-01;5.2500000e+01;2.8080511e-01;5.2500000e+01;2.5356045e-01;5.2500000e+01;2.1671550e-01;5.2500000e+01;1.7411107e-01;5.2500000e+01;1.2663285e-01;5.2500000e+01;8.3971880e-02;5.2500000e+01;4.5440152e-02;5.2500000e+01;2.9781191e-03;5.2500000e+01;1.5125913e-02;5.2500000e+01;3.4341812e-02;5.2500000e+01;5.7420488e-02;5.2500000e+01;8.3538279e-02;5.2500000e+01;1.1312522e-01;5.2500000e+01;1.4486828e-01;5.2500000e+01;1.7973280e-01;5.2500000e+01;2.1837674e-01;5.2500000e+01;2.5792074e-01;5.2500000e+01;2.8223151e-01;5.2500000e+01;2.8080511e-01;5.2500000e+01;2.5356045e-01;5.2500000e+01;2.1671550e-01;5.2500000e+01;1.7411107e-01;5.2500000e+01;1.2663285e-01;5.2500000e+01;8.3971880e-02;5.2500000e+01;4.5440152e-02;5.2500000e+01;2.9781191e-03;5.2500000e+01;1.5125913e-02;5.2500000e+01;3.4341812e-02;5.2500000e+01;5.7420488e-02;5.2500000e+01;8.3538279e-02;5.2500000e+01;1.1312522e-01;5.2500000e+01;1.4486828e-01;5.2500000e+01;1.7973280e-01;5.2500000e+01;2.1837674e-01;5.2500000e+01;2.5792074e-01;5.2500000e+01;2.8223151e-01;5.2500000e+01;2.8080511e-01;5.2500000e+01;2.5356045e-01;5.2500000e+01;2.1671550e-01;5.2500000e+01;1.7411107e-01;5.2500000e+01;1.2663285e-01;5.2500000e+01;8.3971880e-02;5.2500000e+01;4.5440152e-02;5.2500000e+01;2.9781191e-03;5.2500000e+01;1.5125913e-02;5.2500000e+01;3.4341812e-02;5.2500000e+01;5.7420488e-02;5.2500000e+01;8.3538279e-02;5.2500000e+01;1.1312522e-01;5.2500000e+01;1.4486828e-01;5.2500000e+01;1.7973280e-01;5.2500000e+01;2.1837674e-01;5.2500000e+01;2.5792074e-01;5.2500000e+01;2.8223151e-01;5.2500000e+01;2.8080511e-01;5.2500000e+01;2.5356045e-01;5.2500000e+01;2.1671550e-01;5.2500000e+01;1.7411107e-01;5.2500000e+01;1.2663285e-01;5.2500000e+01;8.3971880e-02;5.2500000e+01;4.5440152e-02;5.2500000e+01;2.9781191e-03;5.2500000e+01;1.5125913e-02;5.2500000e+01;3.4341812e-02;5.2500000e+01;5.7420488e-02;5.2500000e+01;8.3538279e-02;5.2500000e+01;1.1312522e-01;5.2500000e+01;1.4486828e-01;5.2500000e+01;1.7973280e-01;5.2500000e+01;2.1837674e-01;5.2500000e+01;2.5792074e-01;5.2500000e+01;2.8223151e-01;5.2500000e+01;2.8080511e-01;5.2500000e+01;2.5356045e-01;5.2500000e+01;2.1671550e-01;5.2500000e+01;1.7411107e-01;5.2500000e+01;1.2663285e-01;5.2500000e+01;8.3971880e-02;5.2500000e+01;4.5440152e-02;5.2500000e+01;2.9781191e-03;5.2500000e+01;1.5125913e-02;5.2500000e+01;3.4341812e-02;5.2500000e+01;5.7420488e-02;5.2500000e+01;8.3538279e-02;5.2500000e+01;1.1312522e-01;5.2500000e+01;1.4486828e-01;5.2500000e+01;1.7973280e-01;5.2500000e+01;2.1837674e-01;5.2500000e+01;2.5792074e-01;5.2500000e+01;2.8223151e-01;5.2500000e+01;2.8080511e-01;5.2500000e+01;2.5356045e-01;5.2500000e+01;2.1671550e-01;5.2500000e+01;1.7411107e-01;5.2500000e+01;1.2663285e-01;5.2500000e+01;8.3971880e-02;5.2500000e+01;4.5440152e-02;5.2500000e+01;2.9781191e-03;5.2500000e+01;1.5125913e-02;5.2500000e+01;3.4341812e-02;5.2500000e+01;5.7420488e-02;5.2500000e+01;8.3538279e-02;5.2500000e+01;1.1312522e-01;5.2500000e+01;1.4486828e-01;5.2500000e+01;1.7973280e-01;5.2500000e+01;2.1837674e-01;5.2500000e+01;2.5792074e-01;5.2500000e+01;2.8223151e-01;5.2500000e+01;2.8080511e-01;5.2500000e+01;2.5356045e-01;5.2500000e+01;2.1671550e-01;5.2500000e+01;1.7411107e-01;5.2500000e+01;1.2663285e-01;5.2500000e+01;8.3971880e-02;5.2500000e+01;4.5440152e-02;5.2500000e+01;2.9781191e-03;5.2500000e+01;1.5125913e-02;5.2500000e+01;3.4341812e-02;5.2500000e+01;5.7420488e-02;5.2500000e+01;8.3538279e-02;5.2500000e+01;1.1312522e-01;5.2500000e+01;1.4486828e-01;5.2500000e+01;1.7973280e-01;5.2500000e+01;2.1837674e-01;5.2500000e+01;2.5792074e-01;5.2500000e+01;2.8223151e-01;5.2500000e+01;2.8080511e-01;5.2500000e+01;2.5356045e-01;5.2500000e+01;2.1671550e-01;5.2500000e+01;1.7411107e-01;5.2500000e+01;1.2663285e-01;5.2500000e+01;8.3971880e-02;5.2500000e+01;4.5440152e-02;5.2500000e+01;2.9781191e-03;5.2500000e+01;1.5125913e-02;5.2500000e+01;3.4341812e-02;5.2500000e+01;5.7420488e-02;5.2500000e+01;8.3538279e-02;5.2500000e+01;1.1312522e-01;5.2500000e+01;1.4486828e-01;5.2500000e+01;1.7973280e-01;5.2500000e+01;2.1837674e-01;5.2500000e+01;2.5792074e-01;5.2500000e+01;2.8223151e-01;5.2500000e+01;2.8080511e-01;5.2500000e+01;2.5356045e-01;5.2500000e+01;2.1671550e-01;5.2500000e+01;1.7411107e-01;5.2500000e+01;1.2663285e-01;5.2500000e+01;8.3971880e-02;5.2500000e+01;4.5440152e-02;5.2500000e+01;2.9781191e-03;5.2500000e+01;1.5125913e-02;5.2500000e+01;3.4341812e-02;5.2500000e+01;5.7420488e-02;5.2500000e+01;8.3538279e-02;5.2500000e+01;1.1312522e-01;5.2500000e+01;1.4486828e-01;5.2500000e+01;1.7973280e-01;5.2500000e+01;2.1837674e-01;5.2500000e+01;2.5792074e-01;5.2500000e+01;2.8223151e-01;5.2500000e+01;2.8080511e-01;5.2500000e+01;2.5356045e-01;5.2500000e+01;2.1671550e-01;5.2500000e+01;1.7411107e-01;5.2500000e+01;1.2663285e-01;5.2500000e+01;8.3971880e-02;5.2500000e+01;4.5440152e-02;5.2500000e+01;2.9781191e-03;5.2500000e+01;1.5125913e-02;5.2500000e+01;3.4341812e-02;5.2500000e+01;5.7420488e-02;5.2500000e+01;8.3538279e-02;5.2500000e+01;1.1312522e-01;5.2500000e+01;1.4486828e-01;5.2500000e+01;1.7973280e-01;5.2500000e+01;2.1837674e-01;5.2500000e+01;2.5792074e-01;5.2500000e+01;2.8223151e-01;5.2500000e+01;2.8080511e-01;5.2500000e+01;2.5356045e-01;5.2500000e+01;2.1671550e-01;5.2500000e+01;1.7411107e-01;5.2500000e+01;1.2663285e-01;5.2500000e+01;8.3971880e-02;5.2500000e+01;4.5440152e-02;5.2500000e+01;2.9781191e-03;5.2500000e+01;1.5125913e-02;5.2500000e+01;3.4341812e-02;5.2500000e+01;5.7420488e-02;5.2500000e+01;8.3538279e-02;5.2500000e+01;1.1312522e-01;5.2500000e+01;1.4486828e-01;5.2500000e+01;1.7973280e-01;5.2500000e+01;2.1837674e-01;5.2500000e+01;2.5792074e-01;5.2500000e+01;2.8223151e-01;5.2500000e+01;2.8080511e-01;5.2500000e+01;2.5356045e-01;5.2500000e+01;2.1671550e-01;5.2500000e+01;1.7411107e-01;5.2500000e+01;1.2663285e-01;5.2500000e+01;8.3971880e-02;5.2500000e+01;4.5440152e-02;5.2500000e+01;2.9781191e-03;5.2500000e+01;1.5125913e-02;5.2500000e+01;3.4341812e-02;5.2500000e+01;5.7420488e-02;5.2500000e+01;8.3538279e-02;5.2500000e+01;1.1312522e-01;5.2500000e+01;1.4486828e-01;5.2500000e+01;1.7973280e-01;5.2500000e+01;2.1837674e-01;5.2500000e+01;2.5792074e-01;5.2500000e+01;2.8223151e-01;5.2500000e+01;2.8080511e-01;5.2500000e+01;2.5356045e-01;5.2500000e+01;2.1671550e-01;5.2500000e+01;1.7411107e-01;5.2500000e+01;1.2663285e-01;5.2500000e+01;8.3971880e-02;5.2500000e+01;4.5440152e-02;5.2500000e+01;2.9781191e-03;5.2500000e+01;1.5125913e-02;5.2500000e+01;3.4341812e-02;5.2500000e+01;5.7420488e-02;5.2500000e+01;8.3538279e-02;5.2500000e+01;1.1312522e-01;5.2500000e+01;1.4486828e-01;5.2500000e+01;1.7973280e-01;5.2500000e+01;2.1837674e-01;5.2500000e+01;2.5792074e-01;5.2500000e+01;2.8223151e-01;5.2500000e+01;2.8080511e-01;5.2500000e+01;2.5356045e-01;5.2500000e+01;2.1671550e-01;5.2500000e+01;1.7411107e-01;5.2500000e+01;1.2663285e-01;5.2500000e+01;8.3971880e-02;5.2500000e+01;4.5440152e-02;5.2500000e+01;2.9781191e-03;5.2500000e+01;1.5125913e-02;5.2500000e+01;3.4341812e-02;5.2500000e+01;5.7420488e-02;5.2500000e+01;8.3538279e-02;5.2500000e+01;1.1312522e-01;5.2500000e+01;1.4486828e-01;5.2500000e+01;1.7973280e-01;5.2500000e+01;2.1837674e-01;5.2500000e+01;2.5792074e-01;5.2500000e+01;2.8223151e-01;5.2500000e+01;2.8080511e-01;5.2500000e+01;2.5356045e-01;5.2500000e+01;2.1671550e-01;5.2500000e+01;1.7411107e-01;5.2500000e+01;1.2663285e-01;5.2500000e+01;8.3971880e-02;5.2500000e+01;4.5440152e-02;5.2500000e+01;2.9781191e-03;5.2500000e+01;1.5125913e-02;5.2500000e+01;3.4341812e-02;5.2500000e+01;5.7420488e-02;5.2500000e+01;8.3538279e-02;5.2500000e+01;1.1312522e-01;5.2500000e+01;1.4486828e-01;5.2500000e+01;1.7973280e-01;5.2500000e+01;2.1837674e-01;5.2500000e+01;2.5792074e-01;5.2500000e+01;2.8223151e-01;5.2500000e+01;2.8080511e-01;5.2500000e+01;2.5356045e-01;5.2500000e+01;2.1671550e-01;5.2500000e+01;1.7411107e-01;5.2500000e+01;1.2663285e-01;5.2500000e+01;8.3971880e-02;5.2500000e+01;4.5440152e-02;5.2500000e+01;2.9781191e-03;5.2500000e+01;1.5125913e-02;5.2500000e+01;3.4341812e-02;5.2500000e+01;5.7420488e-02;5.2500000e+01;8.3538279e-02;5.2500000e+01;1.1312522e-01;5.2500000e+01;1.4486828e-01;5.2500000e+01;1.7973280e-01;5.2500000e+01;2.1837674e-01;5.2500000e+01;2.5792074e-01;5.2500000e+01;2.8223151e-01;5.2500000e+01;2.8080511e-01;5.2500000e+01;2.5356045e-01;5.2500000e+01;2.1671550e-01;5.2500000e+01;1.7411107e-01;5.2500000e+01;1.2663285e-01;5.2500000e+01;8.3971880e-02;5.2500000e+01;4.5440152e-02;5.2500000e+01;2.9781191e-03;5.2500000e+01;1.5125913e-02;5.2500000e+01;3.4341812e-02;5.2500000e+01;5.7420488e-02;5.2500000e+01;8.3538279e-02;5.2500000e+01;1.1312522e-01;5.2500000e+01;1.4486828e-01;5.2500000e+01;1.7973280e-01;5.2500000e+01;2.1837674e-01;5.2500000e+01;2.5792074e-01;5.2500000e+01;2.8223151e-01;5.2500000e+01;2.8080511e-01;5.2500000e+01;2.5356045e-01;5.2500000e+01;2.1671550e-01;5.2500000e+01;1.7411107e-01;5.2500000e+01;1.2663285e-01;5.2500000e+01;8.3971880e-02;5.2500000e+01;4.5440152e-02;5.2500000e+01;2.9781191e-03;5.2500000e+01;1.5125913e-02;5.2500000e+01;3.4341812e-02;5.2500000e+01;5.7420488e-02;5.2500000e+01;8.3538279e-02;5.2500000e+01;1.1312522e-01;5.2500000e+01;1.4486828e-01;5.2500000e+01;1.7973280e-01;5.2500000e+01;2.1837674e-01;5.2500000e+01;2.5792074e-01;5.2500000e+01;2.8223151e-01;5.2500000e+01;2.8080511e-01;5.2500000e+01;2.5356045e-01;5.2500000e+01;2.1671550e-01;5.2500000e+01;1.7411107e-01;5.2500000e+01;1.2663285e-01;5.2500000e+01;8.3971880e-02;5.2500000e+01;4.5440152e-02;5.2500000e+01;2.9781191e-03;5.2500000e+01;1.5125913e-02;5.2500000e+01;3.4341812e-02;5.2500000e+01;5.7420488e-02;5.2500000e+01;8.3538279e-02;5.2500000e+01;1.1312522e-01;5.2500000e+01;1.4486828e-01;5.2500000e+01;1.7973280e-01;5.2500000e+01;2.1837674e-01;5.2500000e+01;2.5792074e-01;5.2500000e+01;2.8223151e-01;5.2500000e+01;2.8080511e-01;5.2500000e+01;2.5356045e-01;5.2500000e+01;2.1671550e-01;5.2500000e+01;1.7411107e-01;5.2500000e+01;1.2663285e-01;5.2500000e+01;8.3971880e-02;5.2500000e+01;4.5440152e-02;5.2500000e+01;2.9781191e-03;5.2500000e+01;1.5125913e-02;5.2500000e+01;3.4341812e-02;5.2500000e+01;5.7420488e-02;5.2500000e+01;8.3538279e-02;5.2500000e+01;1.1312522e-01;5.2500000e+01;1.4486828e-01;5.2500000e+01;1.7973280e-01;5.2500000e+01;2.1837674e-01;5.2500000e+01;2.5792074e-01;5.2500000e+01;2.8223151e-01;5.2500000e+01;2.8080511e-01;5.2500000e+01;2.5356045e-01;5.2500000e+01;2.1671550e-01;5.2500000e+01;1.7411107e-01;5.2500000e+01;1.2663285e-01;5.2500000e+01;8.3971880e-02;5.2500000e+01;4.5440152e-02;5.2500000e+01;2.9781191e-03;5.2500000e+01;1.5125913e-02;5.2500000e+01;3.4341812e-02;5.2500000e+01;5.7420488e-02;5.2500000e+01;8.3538279e-02;5.2500000e+01;1.1312522e-01;5.2500000e+01;1.4486828e-01;5.2500000e+01;1.7973280e-01;5.2500000e+01;2.1837674e-01;5.2500000e+01;2.5792074e-01;5.2500000e+01;2.8223151e-01;5.2500000e+01;2.8080511e-01;5.2500000e+01;2.5356045e-01;5.2500000e+01;2.1671550e-01;5.2500000e+01;1.7411107e-01;5.2500000e+01;1.2663285e-01;5.2500000e+01;8.3971880e-02;5.2500000e+01;4.5440152e-02;5.2500000e+01;2.9781191e-03;5.2500000e+01;1.5125913e-02;5.2500000e+01;3.4341812e-02;5.2500000e+01;5.7420488e-02;5.2500000e+01;8.3538279e-02;5.2500000e+01;1.1312522e-01;5.2500000e+01;1.4486828e-01;5.2500000e+01;1.7973280e-01;5.2500000e+01;2.1837674e-01;5.2500000e+01;2.5792074e-01;5.2500000e+01;2.8223151e-01;5.2500000e+01;2.8080511e-01;5.2500000e+01;2.5356045e-01;5.2500000e+01;2.1671550e-01;5.2500000e+01;1.7411107e-01;5.2500000e+01;1.2663285e-01;5.2500000e+01;8.3971880e-02;5.2500000e+01;4.5440152e-02;5.2500000e+01;2.9781191e-03;5.2500000e+01;1.5125913e-02;5.2500000e+01;3.4341812e-02;5.2500000e+01;5.7420488e-02;5.2500000e+01;8.3538279e-02;5.2500000e+01;1.1312522e-01;5.2500000e+01;1.4486828e-01;5.2500000e+01;1.7973280e-01;5.2500000e+01;2.1837674e-01;5.2500000e+01;2.5792074e-01;5.2500000e+01;2.8223151e-01;5.2500000e+01;2.8080511e-01;5.2500000e+01;2.5356045e-01;5.2500000e+01;2.1671550e-01;5.2500000e+01;1.7411107e-01;5.2500000e+01;1.2663285e-01;5.2500000e+01;8.3971880e-02;5.2500000e+01;4.5440152e-02;5.2500000e+01;2.9781191e-03;5.2500000e+01;1.5125913e-02;5.2500000e+01;3.4341812e-02;5.2500000e+01;5.7420488e-02;5.2500000e+01;8.3538279e-02;5.2500000e+01;1.1312522e-01;5.2500000e+01;1.4486828e-01;5.2500000e+01;1.7973280e-01;5.2500000e+01;2.1837674e-01;5.2500000e+01;2.5792074e-01;5.2500000e+01;2.8223151e-01;5.2500000e+01;2.8080511e-01;5.2500000e+01;2.5356045e-01;5.2500000e+01;2.1671550e-01;5.2500000e+01;1.7411107e-01;5.2500000e+01;1.2663285e-01;5.2500000e+01;8.3971880e-02;5.2500000e+01;4.5440152e-02;5.2500000e+01;2.9781191e-03;5.2500000e+01;1.5125913e-02;5.2500000e+01;3.4341812e-02;5.2500000e+01;5.7420488e-02;5.2500000e+01;8.3538279e-02;5.2500000e+01;1.1312522e-01;5.2500000e+01;1.4486828e-01;5.2500000e+01;1.7973280e-01;5.2500000e+01;2.1837674e-01;5.2500000e+01;2.5792074e-01;5.2500000e+01;2.8223151e-01;5.2500000e+01;2.8080511e-01;5.2500000e+01;2.5356045e-01;5.2500000e+01;2.1671550e-01;5.2500000e+01;1.7411107e-01;5.2500000e+01;1.2663285e-01;5.2500000e+01;8.3971880e-02;5.2500000e+01;4.5440152e-02;5.2500000e+01;2.9781191e-03;5.2500000e+01;1.5125913e-02;5.2500000e+01;3.4341812e-02;5.2500000e+01;5.7420488e-02;5.2500000e+01;8.3538279e-02;5.2500000e+01;1.1312522e-01;5.2500000e+01;1.4486828e-01;5.2500000e+01;1.7973280e-01;5.2500000e+01;2.1837674e-01;5.2500000e+01;2.5792074e-01;5.2500000e+01;2.8223151e-01;5.2500000e+01;2.8080511e-01;5.2500000e+01;2.5356045e-01;5.2500000e+01;2.1671550e-01;5.2500000e+01;1.7411107e-01;5.2500000e+01;1.2663285e-01;5.2500000e+01;8.3971880e-02;5.2500000e+01;4.5440152e-02;5.2500000e+01;2.9781191e-03;5.2500000e+01;1.5125913e-02;5.2500000e+01;3.4341812e-02;5.2500000e+01;5.7420488e-02;5.2500000e+01;8.3538279e-02;5.2500000e+01;1.1312522e-01;5.2500000e+01;1.4486828e-01;5.2500000e+01;1.7973280e-01;5.2500000e+01;2.1837674e-01;5.2500000e+01;2.5792074e-01;5.2500000e+01;2.8223151e-01;5.2500000e+01;2.8080511e-01;5.2500000e+01;2.5356045e-01;5.2500000e+01;2.1671550e-01;5.2500000e+01;1.7411107e-01;5.2500000e+01;1.2663285e-01;5.2500000e+01;8.3971880e-02;5.2500000e+01;4.5440152e-02;5.2500000e+01;2.9781191e-03;5.2500000e+01;1.5125913e-02;5.2500000e+01;3.4341812e-02;5.2500000e+01;5.7420488e-02;5.2500000e+01;8.3538279e-02;5.2500000e+01;1.1312522e-01;5.2500000e+01;1.4486828e-01;5.2500000e+01;1.7973280e-01;5.2500000e+01;2.1837674e-01;5.2500000e+01;2.5792074e-01;5.2500000e+01;2.8223151e-01;5.2500000e+01;2.8080511e-01;5.2500000e+01;2.5356045e-01;5.2500000e+01;2.1671550e-01;5.2500000e+01;1.7411107e-01;5.2500000e+01;1.2663285e-01;5.2500000e+01;8.3971880e-02;5.2500000e+01;4.5440152e-02;5.2500000e+01;2.9781191e-03;5.2500000e+01;1.5125913e-02;5.2500000e+01;3.4341812e-02;5.2500000e+01;5.7420488e-02;5.2500000e+01;8.3538279e-02;5.2500000e+01;1.1312522e-01;5.2500000e+01;1.4486828e-01;5.2500000e+01;1.7973280e-01;5.2500000e+01;2.1837674e-01;5.2500000e+01;2.5792074e-01;5.2500000e+01;2.8223151e-01;5.2500000e+01;2.8080511e-01;5.2500000e+01;2.5356045e-01;5.2500000e+01;2.1671550e-01;5.2500000e+01;1.7411107e-01;5.2500000e+01;1.2663285e-01;5.2500000e+01;8.3971880e-02;5.2500000e+01;4.5440152e-02;5.2500000e+01;2.9781191e-03;5.2500000e+01;1.5125913e-02;5.2500000e+01;3.4341812e-02;5.2500000e+01;5.7420488e-02;5.2500000e+01;8.3538279e-02;5.2500000e+01;1.1312522e-01;5.2500000e+01;1.4486828e-01;5.2500000e+01;1.7973280e-01;5.2500000e+01;2.1837674e-01;5.2500000e+01;2.5792074e-01;5.2500000e+01;2.8223151e-01;5.2500000e+01;2.8080511e-01;5.2500000e+01;2.5356045e-01;5.2500000e+01;2.1671550e-01;5.2500000e+01;1.7411107e-01;5.2500000e+01;1.2663285e-01;5.2500000e+01;8.3971880e-02;5.2500000e+01;4.5440152e-02;5.2500000e+01;2.9781191e-03;5.2500000e+01;1.5125913e-02;5.2500000e+01;3.4341812e-02;5.2500000e+01;5.7420488e-02;5.2500000e+01;8.3538279e-02;5.2500000e+01;1.1312522e-01;5.2500000e+01;1.4486828e-01;5.2500000e+01;1.7973280e-01;5.2500000e+01;2.1837674e-01;5.2500000e+01;2.5792074e-01;5.2500000e+01;2.8223151e-01;5.2500000e+01;2.8080511e-01;5.2500000e+01;2.5356045e-01;5.2500000e+01;2.1671550e-01;5.2500000e+01;1.7411107e-01;5.2500000e+01;1.2663285e-01;5.2500000e+01;8.3971880e-02;5.2500000e+01;4.5440152e-02;5.2500000e+01;2.9781191e-03;5.2500000e+01;1.5125913e-02;5.2500000e+01;3.4341812e-02;5.2500000e+01;5.7420488e-02;5.2500000e+01;8.3538279e-02;5.2500000e+01;1.1312522e-01;5.2500000e+01;1.4486828e-01;5.2500000e+01;1.7973280e-01;5.2500000e+01;2.1837674e-01;5.2500000e+01;2.5792074e-01;5.2500000e+01;2.8223151e-01;5.2500000e+01;2.8080511e-01;5.2500000e+01;2.5356045e-01;5.2500000e+01;2.1671550e-01;5.2500000e+01;1.7411107e-01;5.2500000e+01;1.2663285e-01;5.2500000e+01;8.3971880e-02;5.2500000e+01;4.5440152e-02;5.2500000e+01;2.9781191e-03;5.2500000e+01;1.5125913e-02;5.2500000e+01;3.4341812e-02;5.2500000e+01;5.7420488e-02;5.2500000e+01;8.3538279e-02;5.2500000e+01;1.1312522e-01;5.2500000e+01;1.4486828e-01;5.2500000e+01;1.7973280e-01;5.2500000e+01;2.1837674e-01;5.2500000e+01;2.5792074e-01;5.2500000e+01;2.8223151e-01;5.2500000e+01;2.8080511e-01;5.2500000e+01;2.5356045e-01;5.2500000e+01;2.1671550e-01;5.2500000e+01;1.7411107e-01;5.2500000e+01;1.2663285e-01;5.2500000e+01;8.3971880e-02;5.2500000e+01;4.5440152e-02;5.2500000e+01;2.9781191e-03;5.2500000e+01;1.5125913e-02;5.2500000e+01;3.4341812e-02;5.2500000e+01;5.7420488e-02;5.2500000e+01;8.3538279e-02;5.2500000e+01;1.1312522e-01;5.2500000e+01;1.4486828e-01;5.2500000e+01;1.7973280e-01;5.2500000e+01;2.1837674e-01;5.2500000e+01;2.5792074e-01;5.2500000e+01;2.8223151e-01;5.2500000e+01;2.8080511e-01;5.2500000e+01;2.5356045e-01;5.2500000e+01;2.1671550e-01;5.2500000e+01;1.7411107e-01;5.2500000e+01;1.2663285e-01;5.2500000e+01;8.3971880e-02;5.2500000e+01;4.5440152e-02;5.2500000e+01;2.9781191e-03;5.2500000e+01;1.5125913e-02;5.2500000e+01;3.4341812e-02;5.2500000e+01;5.7420488e-02;5.2500000e+01;8.3538279e-02;5.2500000e+01;1.1312522e-01;5.2500000e+01;1.4486828e-01;5.2500000e+01;1.7973280e-01;5.2500000e+01;2.1837674e-01;5.2500000e+01;2.5792074e-01;5.2500000e+01;2.8223151e-01;5.2500000e+01;2.8080511e-01;5.2500000e+01;2.5356045e-01;5.2500000e+01;2.1671550e-01;5.2500000e+01;1.7411107e-01;5.2500000e+01;1.2663285e-01;5.2500000e+01;8.3971880e-02;5.2500000e+01;4.5440152e-02;5.2500000e+01;2.9781191e-03;5.2500000e+01;1.5125913e-02;5.2500000e+01;3.4341812e-02;5.2500000e+01;5.7420488e-02;5.2500000e+01;8.3538279e-02;5.2500000e+01;1.1312522e-01;5.2500000e+01;1.4486828e-01;5.2500000e+01;1.7973280e-01;5.2500000e+01;2.1837674e-01;5.2500000e+01;2.5792074e-01;5.2500000e+01;2.8223151e-01;5.2500000e+01;2.8080511e-01;5.2500000e+01;2.5356045e-01;5.2500000e+01;2.1671550e-01;5.2500000e+01;1.7411107e-01;5.2500000e+01;1.2663285e-01;5.2500000e+01;8.3971880e-02;5.2500000e+01;4.5440152e-02;5.2500000e+01;2.9781191e-03;5.2500000e+01;1.5125913e-02;5.2500000e+01;3.4341812e-02;5.2500000e+01;5.7420488e-02;5.2500000e+01;8.3538279e-02;5.2500000e+01;1.1312522e-01;5.2500000e+01;1.4486828e-01;5.2500000e+01;1.7973280e-01;5.2500000e+01;2.1837674e-01;5.2500000e+01;2.5792074e-01;5.2500000e+01;2.8223151e-01;5.2500000e+01;2.8080511e-01;5.2500000e+01;2.5356045e-01;5.2500000e+01;2.1671550e-01;5.2500000e+01;1.7411107e-01;5.2500000e+01;1.2663285e-01;5.2500000e+01;8.3971880e-02;5.2500000e+01;4.5440152e-02;5.2500000e+01;2.9781191e-03;5.2500000e+01;1.5125913e-02;5.2500000e+01;3.4341812e-02;5.2500000e+01;5.7420488e-02;5.2500000e+01;8.3538279e-02;5.2500000e+01;1.1312522e-01;5.2500000e+01;1.4486828e-01;5.2500000e+01;1.7973280e-01;5.2500000e+01;2.1837674e-01;5.2500000e+01;2.5792074e-01;5.2500000e+01;2.8223151e-01;5.2500000e+01;2.8080511e-01;5.2500000e+01;2.5356045e-01;5.2500000e+01;2.1671550e-01;5.2500000e+01;1.7411107e-01;5.2500000e+01;1.2663285e-01;5.2500000e+01;8.3971880e-02;5.2500000e+01;4.5440152e-02;5.2500000e+01;2.9781191e-03;5.2500000e+01;1.5125913e-02;5.2500000e+01;3.4341812e-02;5.2500000e+01;5.7420488e-02;5.2500000e+01;8.3538279e-02;5.2500000e+01;1.1312522e-01;5.2500000e+01;1.4486828e-01;5.2500000e+01;1.7973280e-01;5.2500000e+01;2.1837674e-01;5.2500000e+01;2.5792074e-01;5.2500000e+01;2.8223151e-01;5.2500000e+01;2.8080511e-01;5.2500000e+01;2.5356045e-01;5.2500000e+01;2.1671550e-01;5.2500000e+01;1.7411107e-01;5.2500000e+01;1.2663285e-01;5.2500000e+01;8.3971880e-02;5.2500000e+01;4.5440152e-02;5.2500000e+01;2.9781191e-03;5.2500000e+01;1.5125913e-02;5.2500000e+01;3.4341812e-02;5.2500000e+01;5.7420488e-02;5.2500000e+01;8.3538279e-02;5.2500000e+01;1.1312522e-01;5.2500000e+01;1.4486828e-01;5.2500000e+01;1.7973280e-01;5.2500000e+01;2.1837674e-01;5.2500000e+01;2.5792074e-01;5.2500000e+01;2.8223151e-01;5.2500000e+01;2.8080511e-01;5.2500000e+01;2.5356045e-01;5.2500000e+01;2.1671550e-01;5.2500000e+01;1.7411107e-01;5.2500000e+01;1.2663285e-01;5.2500000e+01;8.3971880e-02;5.2500000e+01;4.5440152e-02;5.2500000e+01;2.9781191e-03;5.2500000e+01;1.5125913e-02;5.2500000e+01;3.4341812e-02;5.2500000e+01;5.7420488e-02;5.2500000e+01;8.3538279e-02;5.2500000e+01;1.1312522e-01;5.2500000e+01;1.4486828e-01;5.2500000e+01;1.7973280e-01;5.2500000e+01;2.1837674e-01;5.2500000e+01;2.5792074e-01;5.2500000e+01;2.8223151e-01;5.2500000e+01;2.8080511e-01;5.2500000e+01;2.5356045e-01;5.2500000e+01;2.1671550e-01;5.2500000e+01;1.7411107e-01;5.2500000e+01;1.2663285e-01;5.2500000e+01;8.3971880e-02;5.2500000e+01;4.5440152e-02;5.2500000e+01;2.9781191e-03;5.2500000e+01;1.5125913e-02;5.2500000e+01;3.4341812e-02;5.2500000e+01;5.7420488e-02;5.2500000e+01;8.3538279e-02;5.2500000e+01;1.1312522e-01;5.2500000e+01;1.4486828e-01;5.2500000e+01;1.7973280e-01;5.2500000e+01;2.1837674e-01;5.2500000e+01;2.5792074e-01;5.2500000e+01;2.8223151e-01;5.2500000e+01;2.8080511e-01;5.2500000e+01;2.5356045e-01;5.2500000e+01;2.1671550e-01;5.2500000e+01;1.7411107e-01;5.2500000e+01;1.2663285e-01;5.2500000e+01;8.3971880e-02;5.2500000e+01;4.5440152e-02;5.2500000e+01;2.9781191e-03;5.2500000e+01;1.5125913e-02;5.2500000e+01;3.4341812e-02;5.2500000e+01;5.7420488e-02;5.2500000e+01;8.3538279e-02;5.2500000e+01;1.1312522e-01;5.2500000e+01;1.4486828e-01;5.2500000e+01;1.7973280e-01;5.2500000e+01;2.1837674e-01;5.2500000e+01;2.5792074e-01;5.2500000e+01;2.8223151e-01;5.2500000e+01;2.8080511e-01;5.2500000e+01;2.5356045e-01;5.2500000e+01;2.1671550e-01;5.2500000e+01;1.7411107e-01;5.2500000e+01;1.2663285e-01;5.2500000e+01;8.3971880e-02;5.2500000e+01;4.5440152e-02;5.2500000e+01;2.9781191e-03;5.2500000e+01;1.5125913e-02;5.2500000e+01;3.4341812e-02;5.2500000e+01;5.7420488e-02;5.2500000e+01;8.3538279e-02;5.2500000e+01;1.1312522e-01;5.2500000e+01;1.4486828e-01;5.2500000e+01;1.7973280e-01;5.2500000e+01;2.1837674e-01;5.2500000e+01;2.5792074e-01;5.2500000e+01;2.8223151e-01;5.2500000e+01;2.8080511e-01;5.2500000e+01;2.5356045e-01;5.2500000e+01;2.1671550e-01;5.2500000e+01;1.7411107e-01;5.2500000e+01;1.2663285e-01;5.2500000e+01;8.3971880e-02;5.2500000e+01;4.5440152e-02;5.2500000e+01;2.9781191e-03;5.2500000e+01;1.5125913e-02;5.2500000e+01;3.4341812e-02;5.2500000e+01;5.7420488e-02;5.2500000e+01;8.3538279e-02;5.2500000e+01;1.1312522e-01;5.2500000e+01;1.4486828e-01;5.2500000e+01;1.7973280e-01;5.2500000e+01;2.1837674e-01;5.2500000e+01;2.5792074e-01;5.2500000e+01;2.8223151e-01;5.2500000e+01;2.8080511e-01;5.2500000e+01;2.5356045e-01;5.2500000e+01;2.1671550e-01;5.2500000e+01;1.7411107e-01;5.2500000e+01;1.2663285e-01;5.2500000e+01;8.3971880e-02;5.2500000e+01;4.5440152e-02;5.2500000e+01;2.9781191e-03;5.2500000e+01;1.5125913e-02;5.2500000e+01;3.4341812e-02;5.2500000e+01;5.7420488e-02;5.2500000e+01;8.3538279e-02;5.2500000e+01;1.1312522e-01;5.2500000e+01;1.4486828e-01;5.2500000e+01;1.7973280e-01;5.2500000e+01;2.1837674e-01;5.2500000e+01;2.5792074e-01;5.2500000e+01;2.8223151e-01;5.2500000e+01;2.8080511e-01;5.2500000e+01;2.5356045e-01;5.2500000e+01;2.1671550e-01;5.2500000e+01;1.7411107e-01;5.2500000e+01;1.2663285e-01;5.2500000e+01;8.3971880e-02;5.2500000e+01;4.5440152e-02;5.2500000e+01;2.9781191e-03;5.2500000e+01;1.5125913e-02;5.2500000e+01;3.4341812e-02;5.2500000e+01;5.7420488e-02;5.2500000e+01;8.3538279e-02;5.2500000e+01;1.1312522e-01;5.2500000e+01;1.4486828e-01;5.2500000e+01;1.7973280e-01;5.2500000e+01;2.1837674e-01;5.2500000e+01;2.5792074e-01;5.2500000e+01;2.8223151e-01;5.2500000e+01;2.8080511e-01;5.2500000e+01;2.5356045e-01;5.2500000e+01;2.1671550e-01;5.2500000e+01;1.7411107e-01;5.2500000e+01;1.2663285e-01;5.2500000e+01;8.3971880e-02;5.2500000e+01;4.5440152e-02;5.2500000e+01;2.9781191e-03;5.2500000e+01;1.5125913e-02;5.2500000e+01;3.4341812e-02;5.2500000e+01;5.7420488e-02;5.2500000e+01;8.3538279e-02;5.2500000e+01;1.1312522e-01;5.2500000e+01;1.4486828e-01;5.2500000e+01;1.7973280e-01;5.2500000e+01;2.1837674e-01;5.2500000e+01;2.5792074e-01;5.2500000e+01;2.8223151e-01;5.2500000e+01;2.8080511e-01;5.2500000e+01;2.5356045e-01;5.2500000e+01;2.1671550e-01;5.2500000e+01;1.7411107e-01;5.2500000e+01;1.2663285e-01;5.2500000e+01;8.3971880e-02;5.2500000e+01;4.5440152e-02;5.2500000e+01;2.9781191e-03;5.2500000e+01;1.5125913e-02;5.2500000e+01;3.4341812e-02;5.2500000e+01;5.7420488e-02;5.2500000e+01;8.3538279e-02;5.2500000e+01;1.1312522e-01;5.2500000e+01;1.4486828e-01;5.2500000e+01;1.7973280e-01;5.2500000e+01;2.1837674e-01;5.2500000e+01;2.5792074e-01;5.2500000e+01;2.8223151e-01;5.2500000e+01;2.8080511e-01;5.2500000e+01;2.5356045e-01;5.2500000e+01;2.1671550e-01;5.2500000e+01;1.7411107e-01;5.2500000e+01;1.2663285e-01;5.2500000e+01;8.3971880e-02;5.2500000e+01;4.5440152e-02;5.2500000e+01;2.9781191e-03;5.2500000e+01;1.5125913e-02;5.2500000e+01;3.4341812e-02;5.2500000e+01;5.7420488e-02;5.2500000e+01;8.3538279e-02;5.2500000e+01;1.1312522e-01;5.2500000e+01;1.4486828e-01;5.2500000e+01;1.7973280e-01;5.2500000e+01;2.1837674e-01;5.2500000e+01;2.5792074e-01;5.2500000e+01;2.8223151e-01;5.2500000e+01;2.8080511e-01;5.2500000e+01;2.5356045e-01;5.2500000e+01;2.1671550e-01;5.2500000e+01;1.7411107e-01;5.2500000e+01;1.2663285e-01;5.2500000e+01;8.3971880e-02;5.2500000e+01;4.5440152e-02;5.2500000e+01;2.9781191e-03;5.2500000e+01;1.5125913e-02;5.2500000e+01;3.4341812e-02;5.2500000e+01;5.7420488e-02;5.2500000e+01;8.3538279e-02;5.2500000e+01;1.1312522e-01;5.2500000e+01;1.4486828e-01;5.2500000e+01;1.7973280e-01;5.2500000e+01;2.1837674e-01;5.2500000e+01;2.5792074e-01;5.2500000e+01;2.8223151e-01;5.2500000e+01;2.8080511e-01;5.2500000e+01;2.5356045e-01;5.2500000e+01;2.1671550e-01;5.2500000e+01;1.7411107e-01;5.2500000e+01;1.2663285e-01;5.2500000e+01;8.3971880e-02;5.2500000e+01;4.5440152e-02;5.2500000e+01;2.9781191e-03;5.2500000e+01;1.5125913e-02;5.2500000e+01;3.4341812e-02;5.2500000e+01;5.7420488e-02;5.2500000e+01;8.3538279e-02;5.2500000e+01;1.1312522e-01;5.2500000e+01;1.4486828e-01;5.2500000e+01;1.7973280e-01;5.2500000e+01;2.1837674e-01;5.2500000e+01;2.5792074e-01;5.2500000e+01;2.8223151e-01;5.2500000e+01;2.8080511e-01;5.2500000e+01;2.5356045e-01;5.2500000e+01;2.1671550e-01;5.2500000e+01;1.7411107e-01;5.2500000e+01;1.2663285e-01;5.2500000e+01;8.3971880e-02;5.2500000e+01;4.5440152e-02;5.2500000e+01;2.9781191e-03;5.2500000e+01;1.5125913e-02;5.2500000e+01;3.4341812e-02;5.2500000e+01;5.7420488e-02;5.2500000e+01;8.3538279e-02;5.2500000e+01;1.1312522e-01;5.2500000e+01;1.4486828e-01;5.2500000e+01;1.7973280e-01;5.2500000e+01;2.1837674e-01;5.2500000e+01;2.5792074e-01;5.2500000e+01;2.8223151e-01;5.2500000e+01;2.8080511e-01;5.2500000e+01;2.5356045e-01;5.2500000e+01;2.1671550e-01;5.2500000e+01;1.7411107e-01;5.2500000e+01;1.2663285e-01;5.2500000e+01;8.3971880e-02;5.2500000e+01;4.5440152e-02;5.2500000e+01;2.9781191e-03;5.2500000e+01;1.5125913e-02;5.2500000e+01;3.4341812e-02;5.2500000e+01;5.7420488e-02;5.2500000e+01;8.3538279e-02;5.2500000e+01;1.1312522e-01;5.2500000e+01;1.4486828e-01;5.2500000e+01;1.7973280e-01;5.2500000e+01;2.1837674e-01;5.2500000e+01;2.5792074e-01;5.2500000e+01;2.8223151e-01;5.2500000e+01;2.8080511e-01;5.2500000e+01;2.5356045e-01;5.2500000e+01;2.1671550e-01;5.2500000e+01;1.7411107e-01;5.2500000e+01;1.2663285e-01;5.2500000e+01;8.3971880e-02;5.2500000e+01;4.5440152e-02;5.2500000e+01;2.9781191e-03;5.2500000e+01;1.5125913e-02;5.2500000e+01;3.4341812e-02;5.2500000e+01;5.7420488e-02;5.2500000e+01;8.3538279e-02;5.2500000e+01;1.1312522e-01;5.2500000e+01;1.4486828e-01;5.2500000e+01;1.7973280e-01;5.2500000e+01;2.1837674e-01;5.2500000e+01;2.5792074e-01;5.2500000e+01;2.8223151e-01;5.2500000e+01;2.8080511e-01;5.2500000e+01;2.5356045e-01;5.2500000e+01;2.1671550e-01;5.2500000e+01;1.7411107e-01;5.2500000e+01;1.2663285e-01;5.2500000e+01;8.3971880e-02;5.2500000e+01;4.5440152e-02;5.2500000e+01;2.9781191e-03;5.2500000e+01;1.5125913e-02;5.2500000e+01;3.4341812e-02;5.2500000e+01;5.7420488e-02;5.2500000e+01;8.3538279e-02;5.2500000e+01;1.1312522e-01;5.2500000e+01;1.4486828e-01;5.2500000e+01;1.7973280e-01;5.2500000e+01;2.1837674e-01;5.2500000e+01;2.5792074e-01;5.2500000e+01;2.8223151e-01;5.2500000e+01;2.8080511e-01;5.2500000e+01;2.5356045e-01;5.2500000e+01;2.1671550e-01;5.2500000e+01;1.7411107e-01;5.2500000e+01;1.2663285e-01;5.2500000e+01;8.3971880e-02;5.2500000e+01;4.5440152e-02;5.2500000e+01;2.9781191e-03;5.2500000e+01;1.5125913e-02;5.2500000e+01;3.4341812e-02;5.2500000e+01;5.7420488e-02;5.2500000e+01;8.3538279e-02;5.2500000e+01;1.1312522e-01;5.2500000e+01;1.4486828e-01;5.2500000e+01;1.7973280e-01;5.2500000e+01;2.1837674e-01;5.2500000e+01;2.5792074e-01;5.2500000e+01;2.8223151e-01;5.2500000e+01;2.8080511e-01;5.2500000e+01;2.5356045e-01;5.2500000e+01;2.1671550e-01;5.2500000e+01;1.7411107e-01;5.2500000e+01;1.2663285e-01;5.2500000e+01;8.3971880e-02;5.2500000e+01;4.5440152e-02;5.2500000e+01;2.9781191e-03;5.2500000e+01;1.5125913e-02;5.2500000e+01;3.4341812e-02;5.2500000e+01;5.7420488e-02;5.2500000e+01;8.3538279e-02;5.2500000e+01;1.1312522e-01;5.2500000e+01;1.4486828e-01;5.2500000e+01;1.7973280e-01;5.2500000e+01;2.1837674e-01;5.2500000e+01;2.5792074e-01;5.2500000e+01;2.8223151e-01;5.2500000e+01;2.8080511e-01;5.2500000e+01;2.5356045e-01;5.2500000e+01;2.1671550e-01;5.2500000e+01;1.7411107e-01;5.2500000e+01;1.2663285e-01;5.2500000e+01;8.3971880e-02;5.2500000e+01;4.5440152e-02;5.2500000e+01;2.9781191e-03;5.2500000e+01;1.5125913e-02;5.2500000e+01;3.4341812e-02;5.2500000e+01;5.7420488e-02;5.2500000e+01;8.3538279e-02;5.2500000e+01;1.1312522e-01;5.2500000e+01;1.4486828e-01;5.2500000e+01;1.7973280e-01;5.2500000e+01;2.1837674e-01;5.2500000e+01;2.5792074e-01;5.2500000e+01;2.8223151e-01;5.2500000e+01;2.8080511e-01;5.2500000e+01;2.5356045e-01;5.2500000e+01;2.1671550e-01;5.2500000e+01;1.7411107e-01;5.2500000e+01;1.2663285e-01;5.2500000e+01;8.3971880e-02;5.2500000e+01;4.5440152e-02;5.2500000e+01;2.9781191e-03;5.2500000e+01;1.5125913e-02;5.2500000e+01;3.4341812e-02;5.2500000e+01;5.7420488e-02;5.2500000e+01;8.3538279e-02;5.2500000e+01;1.1312522e-01;5.2500000e+01;1.4486828e-01;5.2500000e+01;1.7973280e-01;5.2500000e+01;2.1837674e-01;5.2500000e+01;2.5792074e-01;5.2500000e+01;2.8223151e-01;5.2500000e+01;2.8080511e-01;5.2500000e+01;2.5356045e-01;5.2500000e+01;2.1671550e-01;5.2500000e+01;1.7411107e-01;5.2500000e+01;1.2663285e-01;5.2500000e+01;8.3971880e-02;5.2500000e+01;4.5440152e-02;5.2500000e+01;2.9781191e-03;5.2500000e+01;1.5125913e-02;5.2500000e+01;3.4341812e-02;5.2500000e+01;5.7420488e-02;5.2500000e+01;8.3538279e-02;5.2500000e+01;1.1312522e-01;5.2500000e+01;1.4486828e-01;5.2500000e+01;1.7973280e-01;5.2500000e+01;2.1837674e-01;5.2500000e+01;2.5792074e-01;5.2500000e+01;2.8223151e-01;5.2500000e+01;2.8080511e-01;5.2500000e+01;2.5356045e-01;5.2500000e+01;2.1671550e-01;5.2500000e+01;1.7411107e-01;5.2500000e+01;1.2663285e-01;5.2500000e+01;8.3971880e-02;5.2500000e+01;4.5440152e-02;5.2500000e+01;2.9781191e-03;5.2500000e+01;1.5125913e-02;5.2500000e+01;3.4341812e-02;5.2500000e+01;5.7420488e-02;5.2500000e+01;8.3538279e-02;5.2500000e+01;1.1312522e-01;5.2500000e+01;1.4486828e-01;5.2500000e+01;1.7973280e-01;5.2500000e+01;2.1837674e-01;5.2500000e+01;2.5792074e-01;5.2500000e+01;2.8223151e-01;5.2500000e+01;2.8080511e-01;5.2500000e+01;2.5356045e-01;5.2500000e+01;2.1671550e-01;5.2500000e+01;1.7411107e-01;5.2500000e+01;1.2663285e-01;5.2500000e+01;8.3971880e-02;5.2500000e+01;4.5440152e-02;5.2500000e+01;2.9781191e-03;5.2500000e+01;1.5125913e-02;5.2500000e+01;3.4341812e-02;5.2500000e+01;5.7420488e-02;5.2500000e+01;8.3538279e-02;5.2500000e+01;1.1312522e-01;5.2500000e+01;1.4486828e-01;5.2500000e+01;1.7973280e-01;5.2500000e+01;2.1837674e-01;5.2500000e+01;2.5792074e-01;5.2500000e+01;2.8223151e-01;5.2500000e+01;2.8080511e-01;5.2500000e+01;2.5356045e-01;5.2500000e+01;2.1671550e-01;5.2500000e+01;1.7411107e-01;5.2500000e+01;1.2663285e-01;5.2500000e+01;8.3971880e-02;5.2500000e+01;4.5440152e-02;5.2500000e+01;2.9781191e-03;5.2500000e+01;1.5125913e-02;5.2500000e+01;3.4341812e-02;5.2500000e+01;5.7420488e-02;5.2500000e+01;8.3538279e-02;5.2500000e+01;1.1312522e-01;5.2500000e+01;1.4486828e-01;5.2500000e+01;1.7973280e-01;5.2500000e+01;2.1837674e-01;5.2500000e+01;2.5792074e-01;5.2500000e+01;2.8223151e-01;5.2500000e+01;2.8080511e-01;5.2500000e+01;2.5356045e-01;5.2500000e+01;2.1671550e-01;5.2500000e+01;1.7411107e-01;5.2500000e+01;1.2663285e-01;5.2500000e+01;8.3971880e-02;5.2500000e+01;4.5440152e-02;5.2500000e+01;2.9781191e-03;5.2500000e+01;1.5125913e-02;5.2500000e+01;3.4341812e-02;5.2500000e+01;5.7420488e-02;5.2500000e+01;8.3538279e-02;5.2500000e+01;1.1312522e-01;5.2500000e+01;1.4486828e-01;5.2500000e+01;1.7973280e-01;5.2500000e+01;2.1837674e-01;5.2500000e+01;2.5792074e-01;5.2500000e+01;2.8223151e-01;5.2500000e+01;2.8080511e-01;5.2500000e+01;2.5356045e-01;5.2500000e+01;2.1671550e-01;5.2500000e+01;1.7411107e-01;5.2500000e+01;1.2663285e-01;5.2500000e+01;8.3971880e-02;5.2500000e+01;4.5440152e-02;5.2500000e+01;2.9781191e-03;5.2500000e+01;1.5125913e-02;5.2500000e+01;3.4341812e-02;5.2500000e+01;5.7420488e-02;5.2500000e+01;8.3538279e-02;5.2500000e+01;1.1312522e-01;5.2500000e+01;1.4486828e-01;5.2500000e+01;1.7973280e-01;5.2500000e+01;2.1837674e-01;5.2500000e+01;2.5792074e-01;5.2500000e+01;2.8223151e-01;5.2500000e+01;2.8080511e-01;5.2500000e+01;2.5356045e-01;5.2500000e+01;2.1671550e-01;5.2500000e+01;1.7411107e-01;5.2500000e+01;1.2663285e-01;5.2500000e+01;8.3971880e-02;5.2500000e+01;4.5440152e-02;5.2500000e+01;2.9781191e-03;5.2500000e+01;1.5125913e-02;5.2500000e+01;3.4341812e-02;5.2500000e+01;5.7420488e-02;5.2500000e+01;8.3538279e-02;5.2500000e+01;1.1312522e-01;5.2500000e+01;1.4486828e-01;5.2500000e+01;1.7973280e-01;5.2500000e+01;2.1837674e-01;5.2500000e+01;2.5792074e-01;5.2500000e+01;2.8223151e-01;5.2500000e+01;2.8080511e-01;5.2500000e+01;2.5356045e-01;5.2500000e+01;2.1671550e-01;5.2500000e+01;1.7411107e-01;5.2500000e+01;1.2663285e-01;5.2500000e+01;8.3971880e-02;5.2500000e+01;4.5440152e-02;5.2500000e+01;2.9781191e-03;5.2500000e+01;1.5125913e-02;5.2500000e+01;3.4341812e-02;5.2500000e+01;5.7420488e-02;5.2500000e+01;8.3538279e-02;5.2500000e+01;1.1312522e-01;5.2500000e+01;1.4486828e-01;5.2500000e+01;1.7973280e-01;5.2500000e+01;2.1837674e-01;5.2500000e+01;2.5792074e-01;5.2500000e+01;2.8223151e-01;5.2500000e+01;2.8080511e-01;5.2500000e+01;2.5356045e-01;5.2500000e+01;2.1671550e-01;5.2500000e+01;1.7411107e-01;5.2500000e+01;1.2663285e-01;5.2500000e+01;8.3971880e-02;5.2500000e+01;4.5440152e-02;5.2500000e+01;2.9781191e-03;5.2500000e+01;1.5125913e-02;5.2500000e+01;3.4341812e-02;5.2500000e+01;5.7420488e-02;5.2500000e+01;8.3538279e-02;5.2500000e+01;1.1312522e-01;5.2500000e+01;1.4486828e-01;5.2500000e+01;1.7973280e-01;5.2500000e+01;2.1837674e-01;5.2500000e+01;2.5792074e-01;5.2500000e+01;2.8223151e-01;5.2500000e+01;2.8080511e-01;5.2500000e+01;2.5356045e-01;5.2500000e+01;2.1671550e-01;5.2500000e+01;1.7411107e-01;5.2500000e+01;1.2663285e-01;5.2500000e+01;8.3971880e-02;5.2500000e+01;4.5440152e-02;5.2500000e+01;2.9781191e-03;5.2500000e+01;1.5125913e-02;5.2500000e+01;3.4341812e-02;5.2500000e+01;5.7420488e-02;5.2500000e+01;8.3538279e-02;5.2500000e+01;1.1312522e-01;5.2500000e+01;1.4486828e-01;5.2500000e+01;1.7973280e-01;5.2500000e+01;2.1837674e-01;5.2500000e+01;2.5792074e-01;5.2500000e+01;2.8223151e-01;5.2500000e+01;2.8080511e-01;5.2500000e+01;2.5356045e-01;5.2500000e+01;2.1671550e-01;5.2500000e+01;1.7411107e-01;5.2500000e+01;1.2663285e-01;5.2500000e+01;8.3971880e-02;5.2500000e+01;4.5440152e-02;5.2500000e+01;2.9781191e-03;5.2500000e+01;1.5125913e-02;5.2500000e+01;3.4341812e-02;5.2500000e+01;5.7420488e-02;5.2500000e+01;8.3538279e-02;5.2500000e+01;1.1312522e-01;5.2500000e+01;1.4486828e-01;5.2500000e+01;1.7973280e-01;5.2500000e+01;2.1837674e-01;5.2500000e+01;2.5792074e-01;5.2500000e+01;2.8223151e-01;5.2500000e+01;2.8080511e-01;5.2500000e+01;2.5356045e-01;5.2500000e+01;2.1671550e-01;5.2500000e+01;1.7411107e-01;5.2500000e+01;1.2663285e-01;5.2500000e+01;8.3971880e-02;5.2500000e+01;4.5440152e-02;5.2500000e+01;2.9781191e-03;5.2500000e+01;1.5125913e-02;5.2500000e+01;3.4341812e-02;5.2500000e+01;5.7420488e-02;5.2500000e+01;8.3538279e-02;5.2500000e+01;1.1312522e-01;5.2500000e+01;1.4486828e-01;5.2500000e+01;1.7973280e-01;5.2500000e+01;2.1837674e-01;5.2500000e+01;2.5792074e-01;5.2500000e+01;2.8223151e-01;5.2500000e+01;2.8080511e-01;5.2500000e+01;2.5356045e-01;5.2500000e+01;2.1671550e-01;5.2500000e+01;1.7411107e-01;5.2500000e+01;1.2663285e-01;5.2500000e+01;8.3971880e-02;5.2500000e+01;4.5440152e-02;5.2500000e+01;2.9781191e-03;5.2500000e+01;1.5125913e-02;5.2500000e+01;3.4341812e-02;5.2500000e+01;5.7420488e-02;5.2500000e+01;8.3538279e-02;5.2500000e+01;1.1312522e-01;5.2500000e+01;1.4486828e-01;5.2500000e+01;1.7973280e-01;5.2500000e+01;2.1837674e-01;5.2500000e+01;2.5792074e-01;5.2500000e+01;2.8223151e-01;5.2500000e+01;2.8080511e-01;5.2500000e+01;2.5356045e-01;5.2500000e+01;2.1671550e-01;5.2500000e+01;1.7411107e-01;5.2500000e+01;1.2663285e-01;5.2500000e+01;8.3971880e-02;5.2500000e+01;4.5440152e-02;5.2500000e+01;2.9781191e-03;5.2500000e+01;1.5125913e-02;5.2500000e+01;3.4341812e-02;5.2500000e+01;5.7420488e-02;5.2500000e+01;8.3538279e-02;5.2500000e+01;1.1312522e-01;5.2500000e+01;1.4486828e-01;5.2500000e+01;1.7973280e-01;5.2500000e+01;2.1837674e-01;5.2500000e+01;2.5792074e-01;5.2500000e+01;2.8223151e-01;5.2500000e+01;2.8080511e-01;5.2500000e+01;2.5356045e-01;5.2500000e+01;2.1671550e-01;5.2500000e+01;1.7411107e-01;5.2500000e+01;1.2663285e-01;5.2500000e+01;8.3971880e-02;5.2500000e+01;4.5440152e-02;5.2500000e+01;2.9781191e-03;5.2500000e+01;1.5125913e-02;5.2500000e+01;3.4341812e-02;5.2500000e+01;5.7420488e-02;5.2500000e+01;8.3538279e-02;5.2500000e+01;1.1312522e-01;5.2500000e+01;1.4486828e-01;5.2500000e+01;1.7973280e-01;5.2500000e+01;2.1837674e-01;5.2500000e+01;2.5792074e-01;5.2500000e+01;2.8223151e-01;5.2500000e+01;2.8080511e-01;5.2500000e+01;2.5356045e-01;5.2500000e+01;2.1671550e-01;5.2500000e+01;1.7411107e-01;5.2500000e+01;1.2663285e-01;5.2500000e+01;8.3971880e-02;5.2500000e+01;4.5440152e-02;5.2500000e+01;2.9781191e-03;5.2500000e+01;1.5125913e-02;5.2500000e+01;3.4341812e-02;5.2500000e+01;5.7420488e-02;5.2500000e+01;8.3538279e-02;5.2500000e+01;1.1312522e-01;5.2500000e+01;1.4486828e-01;5.2500000e+01;1.7973280e-01;5.2500000e+01;2.1837674e-01;5.2500000e+01;2.5792074e-01;5.2500000e+01;2.8223151e-01;5.2500000e+01;2.8080511e-01;5.2500000e+01;2.5356045e-01;5.2500000e+01;2.1671550e-01;5.2500000e+01;1.7411107e-01;5.2500000e+01;1.2663285e-01;5.2500000e+01;8.3971880e-02;5.2500000e+01;4.5440152e-02;5.2500000e+01;2.9781191e-03;5.2500000e+01;1.5125913e-02;5.2500000e+01;3.4341812e-02;5.2500000e+01;5.7420488e-02;5.2500000e+01;8.3538279e-02;5.2500000e+01;1.1312522e-01;5.2500000e+01;1.4486828e-01;5.2500000e+01;1.7973280e-01;5.2500000e+01;2.1837674e-01;5.2500000e+01;2.5792074e-01;5.2500000e+01;2.8223151e-01;5.2500000e+01;2.8080511e-01;5.2500000e+01;2.5356045e-01;5.2500000e+01;2.1671550e-01;5.2500000e+01;1.7411107e-01;5.2500000e+01;1.2663285e-01;5.2500000e+01;8.3971880e-02;5.2500000e+01;4.5440152e-02;5.2500000e+01;2.9781191e-03;5.2500000e+01;1.5125913e-02;5.2500000e+01;3.4341812e-02;5.2500000e+01;5.7420488e-02;5.2500000e+01;8.3538279e-02;5.2500000e+01;1.1312522e-01;5.2500000e+01;1.4486828e-01;5.2500000e+01;1.7973280e-01;5.2500000e+01;2.1837674e-01;5.2500000e+01;2.5792074e-01;5.2500000e+01;2.8223151e-01;5.2500000e+01;2.8080511e-01;5.2500000e+01;2.5356045e-01;5.2500000e+01;2.1671550e-01;5.2500000e+01;1.7411107e-01;5.2500000e+01;1.2663285e-01;5.2500000e+01;8.3971880e-02;5.2500000e+01;4.5440152e-02;5.2500000e+01;2.9781191e-03;5.2500000e+01;1.5125913e-02;5.2500000e+01;3.4341812e-02;5.2500000e+01;5.7420488e-02;5.2500000e+01;8.3538279e-02;5.2500000e+01;1.1312522e-01;5.2500000e+01;1.4486828e-01;5.2500000e+01;1.7973280e-01;5.2500000e+01;2.1837674e-01;5.2500000e+01;2.5792074e-01;5.2500000e+01;2.8223151e-01;5.2500000e+01;2.8080511e-01;5.2500000e+01;2.5356045e-01;5.2500000e+01;2.1671550e-01;5.2500000e+01;1.7411107e-01;5.2500000e+01;1.2663285e-01;5.2500000e+01;8.3971880e-02;5.2500000e+01;4.5440152e-02;5.2500000e+01;2.9781191e-03;5.2500000e+01;1.5125913e-02;5.2500000e+01;3.4341812e-02;5.2500000e+01;5.7420488e-02;5.2500000e+01;8.3538279e-02;5.2500000e+01;1.1312522e-01;5.2500000e+01;1.4486828e-01;5.2500000e+01;1.7973280e-01;5.2500000e+01;2.1837674e-01;5.2500000e+01;2.5792074e-01;5.2500000e+01;2.8223151e-01;5.2500000e+01;2.8080511e-01;5.2500000e+01;2.5356045e-01;5.2500000e+01;2.1671550e-01;5.2500000e+01;1.7411107e-01;5.2500000e+01;1.2663285e-01;5.2500000e+01;8.3971880e-02;5.2500000e+01;4.5440152e-02;5.2500000e+01;2.9781191e-03;5.2500000e+01;1.5125913e-02;5.2500000e+01;3.4341812e-02;5.2500000e+01;5.7420488e-02;5.2500000e+01;8.3538279e-02;5.2500000e+01;1.1312522e-01;5.2500000e+01;1.4486828e-01;5.2500000e+01;1.7973280e-01;5.2500000e+01;2.1837674e-01;5.2500000e+01;2.5792074e-01;5.2500000e+01;2.8223151e-01;5.2500000e+01;2.8080511e-01;5.2500000e+01;2.5356045e-01;5.2500000e+01;2.1671550e-01;5.2500000e+01;1.7411107e-01;5.2500000e+01;1.2663285e-01;5.2500000e+01;8.3971880e-02;5.2500000e+01;4.5440152e-02;5.2500000e+01;2.9781191e-03;5.2500000e+01;1.5125913e-02;5.2500000e+01;3.4341812e-02;5.2500000e+01;5.7420488e-02;5.2500000e+01;8.3538279e-02;5.2500000e+01;1.1312522e-01;5.2500000e+01;1.4486828e-01;5.2500000e+01;1.7973280e-01;5.2500000e+01;2.1837674e-01;5.2500000e+01;2.5792074e-01;5.2500000e+01;2.8223151e-01;5.2500000e+01;2.8080511e-01;5.2500000e+01;2.5356045e-01;5.2500000e+01;2.1671550e-01;5.2500000e+01;1.7411107e-01;5.2500000e+01;1.2663285e-01;5.2500000e+01;8.3971880e-02;5.2500000e+01;4.5440152e-02;5.2500000e+01;2.9781191e-03;5.2500000e+01;1.5125913e-02;5.2500000e+01;3.4341812e-02;5.2500000e+01;5.7420488e-02;5.2500000e+01;8.3538279e-02;5.2500000e+01;1.1312522e-01;5.2500000e+01;1.4486828e-01;5.2500000e+01;1.7973280e-01;5.2500000e+01;2.1837674e-01;5.2500000e+01;2.5792074e-01;5.2500000e+01;2.8223151e-01;5.2500000e+01;2.8080511e-01;5.2500000e+01;2.5356045e-01;5.2500000e+01;2.1671550e-01;5.2500000e+01;1.7411107e-01;5.2500000e+01;1.2663285e-01;5.2500000e+01;8.3971880e-02;5.2500000e+01;4.5440152e-02;5.2500000e+01;2.9781191e-03;5.2500000e+01;1.5125913e-02;5.2500000e+01;3.4341812e-02;5.2500000e+01;5.7420488e-02;5.2500000e+01;8.3538279e-02;5.2500000e+01;1.1312522e-01;5.2500000e+01;1.4486828e-01;5.2500000e+01;1.7973280e-01;5.2500000e+01;2.1837674e-01;5.2500000e+01;2.5792074e-01;5.2500000e+01;2.8223151e-01;5.2500000e+01;2.8080511e-01;5.2500000e+01;2.5356045e-01;5.2500000e+01;2.1671550e-01;5.2500000e+01;1.7411107e-01;5.2500000e+01;1.2663285e-01;5.2500000e+01;8.3971880e-02;5.2500000e+01;4.5440152e-02;5.2500000e+01;2.9781191e-03;5.2500000e+01;1.5125913e-02;5.2500000e+01;3.4341812e-02;5.2500000e+01;5.7420488e-02;5.2500000e+01;8.3538279e-02;5.2500000e+01;1.1312522e-01;5.2500000e+01;1.4486828e-01;5.2500000e+01;1.7973280e-01;5.2500000e+01;2.1837674e-01;5.2500000e+01;2.5792074e-01;5.2500000e+01;2.8223151e-01;5.2500000e+01;2.8080511e-01;5.2500000e+01;2.5356045e-01;5.2500000e+01;2.1671550e-01;5.2500000e+01;1.7411107e-01;5.2500000e+01;1.2663285e-01;5.2500000e+01;8.3971880e-02;5.2500000e+01;4.5440152e-02;5.2500000e+01;2.9781191e-03;5.2500000e+01;1.5125913e-02;5.2500000e+01;3.4341812e-02;5.2500000e+01;5.7420488e-02;5.2500000e+01;8.3538279e-02;5.2500000e+01;1.1312522e-01;5.2500000e+01;1.4486828e-01;5.2500000e+01;1.7973280e-01;5.2500000e+01;2.1837674e-01;5.2500000e+01;2.5792074e-01;5.2500000e+01;2.8223151e-01;5.2500000e+01;2.8080511e-01;5.2500000e+01;2.5356045e-01;5.2500000e+01;2.1671550e-01;5.2500000e+01;1.7411107e-01;5.2500000e+01;1.2663285e-01;5.2500000e+01;8.3971880e-02;5.2500000e+01;4.5440152e-02;5.2500000e+01;2.9781191e-03;5.2500000e+01;1.5125913e-02;5.2500000e+01;3.4341812e-02;5.2500000e+01;5.7420488e-02;5.2500000e+01;8.3538279e-02;5.2500000e+01;1.1312522e-01;5.2500000e+01;1.4486828e-01;5.2500000e+01;1.7973280e-01;5.2500000e+01;2.1837674e-01;5.2500000e+01;2.5792074e-01;5.2500000e+01;2.8223151e-01;5.2500000e+01;2.8080511e-01;5.2500000e+01;2.5356045e-01;5.2500000e+01;2.1671550e-01;5.2500000e+01;1.7411107e-01;5.2500000e+01;1.2663285e-01;5.2500000e+01;8.3971880e-02;5.2500000e+01;4.5440152e-02;5.2500000e+01;2.9781191e-03;5.2500000e+01;1.5125913e-02;5.2500000e+01;3.4341812e-02;5.2500000e+01;5.7420488e-02;5.2500000e+01;8.3538279e-02;5.2500000e+01;1.1312522e-01;5.2500000e+01;1.4486828e-01;5.2500000e+01;1.7973280e-01;5.2500000e+01;2.1837674e-01;5.2500000e+01;2.5792074e-01;5.2500000e+01;2.8223151e-01;5.2500000e+01;2.8080511e-01;5.2500000e+01;2.5356045e-01;5.2500000e+01;2.1671550e-01;5.2500000e+01;1.7411107e-01;5.2500000e+01;1.2663285e-01;5.2500000e+01;8.3971880e-02;5.2500000e+01;4.5440152e-02;5.2500000e+01;2.9781191e-03;5.2500000e+01;1.5125913e-02;5.2500000e+01;3.4341812e-02;5.2500000e+01;5.7420488e-02;5.2500000e+01;8.3538279e-02;5.2500000e+01;1.1312522e-01;5.2500000e+01;1.4486828e-01;5.2500000e+01;1.7973280e-01;5.2500000e+01;2.1837674e-01;5.2500000e+01;2.5792074e-01;5.2500000e+01;2.8223151e-01;5.2500000e+01;2.8080511e-01;5.2500000e+01;2.5356045e-01;5.2500000e+01;2.1671550e-01;5.2500000e+01;1.7411107e-01;5.2500000e+01;1.2663285e-01;5.2500000e+01;8.3971880e-02;5.2500000e+01;4.5440152e-02;5.2500000e+01;2.9781191e-03;5.2500000e+01;1.5125913e-02;5.2500000e+01;3.4341812e-02;5.2500000e+01;5.7420488e-02;5.2500000e+01;8.3538279e-02;5.2500000e+01;1.1312522e-01;5.2500000e+01;1.4486828e-01;5.2500000e+01;1.7973280e-01;5.2500000e+01;2.1837674e-01;5.2500000e+01;2.5792074e-01;5.2500000e+01;2.8223151e-01;5.2500000e+01;2.8080511e-01;5.2500000e+01;2.5356045e-01;5.2500000e+01;2.1671550e-01;5.2500000e+01;1.7411107e-01;5.2500000e+01;1.2663285e-01;5.2500000e+01;8.3971880e-02;5.2500000e+01;4.5440152e-02;5.2500000e+01;2.9781191e-03;5.2500000e+01;1.5125913e-02;5.2500000e+01;3.4341812e-02;5.2500000e+01;5.7420488e-02;5.2500000e+01;8.3538279e-02;5.2500000e+01;1.1312522e-01;5.2500000e+01;1.4486828e-01;5.2500000e+01;1.7973280e-01;5.2500000e+01;2.1837674e-01;5.2500000e+01;2.5792074e-01;5.2500000e+01;2.8223151e-01;5.2500000e+01;2.8080511e-01;5.2500000e+01;2.5356045e-01;5.2500000e+01;2.1671550e-01;5.2500000e+01;1.7411107e-01;5.2500000e+01;1.2663285e-01;5.2500000e+01;8.3971880e-02;5.2500000e+01;4.5440152e-02;5.2500000e+01;2.9781191e-03;5.2500000e+01;1.5125913e-02;5.2500000e+01;3.4341812e-02;5.2500000e+01;5.7420488e-02;5.2500000e+01;8.3538279e-02;5.2500000e+01;1.1312522e-01;5.2500000e+01;1.4486828e-01;5.2500000e+01;1.7973280e-01;5.2500000e+01;2.1837674e-01;5.2500000e+01;2.5792074e-01;5.2500000e+01;2.8223151e-01;5.2500000e+01;2.8080511e-01;5.2500000e+01;2.5356045e-01;5.2500000e+01;2.1671550e-01;5.2500000e+01;1.7411107e-01;5.2500000e+01;1.2663285e-01;5.2500000e+01;8.3971880e-02;5.2500000e+01;4.5440152e-02;5.2500000e+01;2.9781191e-03;5.2500000e+01;1.5125913e-02;5.2500000e+01;3.4341812e-02;5.2500000e+01;5.7420488e-02;5.2500000e+01;8.3538279e-02;5.2500000e+01;1.1312522e-01;5.2500000e+01;1.4486828e-01;5.2500000e+01;1.7973280e-01;5.2500000e+01;2.1837674e-01;5.2500000e+01;2.5792074e-01;5.2500000e+01;2.8223151e-01;5.2500000e+01;2.8080511e-01;5.2500000e+01;2.5356045e-01;5.2500000e+01;2.1671550e-01;5.2500000e+01;1.7411107e-01;5.2500000e+01;1.2663285e-01;5.2500000e+01;8.3971880e-02;5.2500000e+01;4.5440152e-02;5.2500000e+01;2.9781191e-03;5.2500000e+01;1.5125913e-02;5.2500000e+01;3.4341812e-02;5.2500000e+01;5.7420488e-02;5.2500000e+01;8.3538279e-02;5.2500000e+01;1.1312522e-01;5.2500000e+01;1.4486828e-01;5.2500000e+01;1.7973280e-01;5.2500000e+01;2.1837674e-01;5.2500000e+01;2.5792074e-01;5.2500000e+01;2.8223151e-01;5.2500000e+01;2.8080511e-01;5.2500000e+01;2.5356045e-01;5.2500000e+01;2.1671550e-01;5.2500000e+01;1.7411107e-01;5.2500000e+01;1.2663285e-01;5.2500000e+01;8.3971880e-02;5.2500000e+01;4.5440152e-02;5.2500000e+01;2.9781191e-03;5.2500000e+01;1.5125913e-02;5.2500000e+01;3.4341812e-02;5.2500000e+01;5.7420488e-02;5.2500000e+01;8.3538279e-02;5.2500000e+01;1.1312522e-01;5.2500000e+01;1.4486828e-01;5.2500000e+01;1.7973280e-01;5.2500000e+01;2.1837674e-01;5.2500000e+01;2.5792074e-01;5.2500000e+01;2.8223151e-01;5.2500000e+01;2.8080511e-01;5.2500000e+01;2.5356045e-01;5.2500000e+01;2.1671550e-01;5.2500000e+01;1.7411107e-01;5.2500000e+01;1.2663285e-01;5.2500000e+01;8.3971880e-02;5.2500000e+01;4.5440152e-02;5.2500000e+01;2.9781191e-03;5.2500000e+01;1.5125913e-02;5.2500000e+01;3.4341812e-02;5.2500000e+01;5.7420488e-02;5.2500000e+01;8.3538279e-02;5.2500000e+01;1.1312522e-01;5.2500000e+01;1.4486828e-01;5.2500000e+01;1.7973280e-01;5.2500000e+01;2.1837674e-01;5.2500000e+01;2.5792074e-01;5.2500000e+01;2.8223151e-01;5.2500000e+01;2.8080511e-01;5.2500000e+01;2.5356045e-01;5.2500000e+01;2.1671550e-01;5.2500000e+01;1.7411107e-01;5.2500000e+01;1.2663285e-01;5.2500000e+01;8.3971880e-02;5.2500000e+01;4.5440152e-02;5.2500000e+01;2.9781191e-03;5.2500000e+01;1.5125913e-02;5.2500000e+01;3.4341812e-02;5.2500000e+01;5.7420488e-02;5.2500000e+01;8.3538279e-02;5.2500000e+01;1.1312522e-01;5.2500000e+01;1.4486828e-01;5.2500000e+01;1.7973280e-01;5.2500000e+01;2.1837674e-01;5.2500000e+01;2.5792074e-01;5.2500000e+01;2.8223151e-01;5.2500000e+01;2.8080511e-01;5.2500000e+01;2.5356045e-01;5.2500000e+01;2.1671550e-01;5.2500000e+01;1.7411107e-01;5.2500000e+01;1.2663285e-01;5.2500000e+01;8.3971880e-02;5.2500000e+01;4.5440152e-02;5.2500000e+01;2.9781191e-03;5.2500000e+01;1.5125913e-02;5.2500000e+01;3.4341812e-02;5.2500000e+01;5.7420488e-02;5.2500000e+01;8.3538279e-02;5.2500000e+01;1.1312522e-01;5.2500000e+01;1.4486828e-01;5.2500000e+01;1.7973280e-01;5.2500000e+01;2.1837674e-01;5.2500000e+01;2.5792074e-01;5.2500000e+01;2.8223151e-01;5.2500000e+01;2.8080511e-01;5.2500000e+01;2.5356045e-01;5.2500000e+01;2.1671550e-01;5.2500000e+01;1.7411107e-01;5.2500000e+01;1.2663285e-01;5.2500000e+01;8.3971880e-02;5.2500000e+01;4.5440152e-02;5.2500000e+01;2.9781191e-03;5.2500000e+01;1.5125913e-02;5.2500000e+01;3.4341812e-02;5.2500000e+01;5.7420488e-02;5.2500000e+01;8.3538279e-02;5.2500000e+01;1.1312522e-01;5.2500000e+01;1.4486828e-01;5.2500000e+01;1.7973280e-01;5.2500000e+01;2.1837674e-01;5.2500000e+01;2.5792074e-01;5.2500000e+01;2.8223151e-01;5.2500000e+01;2.8080511e-01;5.2500000e+01;2.5356045e-01;5.2500000e+01;2.1671550e-01;5.2500000e+01;1.7411107e-01;5.2500000e+01;1.2663285e-01;5.2500000e+01;8.3971880e-02;5.2500000e+01;4.5440152e-02;5.2500000e+01;2.9781191e-03;5.2500000e+01;1.5125913e-02;5.2500000e+01;3.4341812e-02;5.2500000e+01;5.7420488e-02;5.2500000e+01;8.3538279e-02;5.2500000e+01;1.1312522e-01;5.2500000e+01;1.4486828e-01;5.2500000e+01;1.7973280e-01;5.2500000e+01;2.1837674e-01;5.2500000e+01;2.5792074e-01;5.2500000e+01;2.8223151e-01;5.2500000e+01;2.8080511e-01;5.2500000e+01;2.5356045e-01;5.2500000e+01;2.1671550e-01;5.2500000e+01;1.7411107e-01;5.2500000e+01;1.2663285e-01;5.2500000e+01;8.3971880e-02;5.2500000e+01;4.5440152e-02;5.2500000e+01;2.9781191e-03;5.2500000e+01;1.5125913e-02;5.2500000e+01;3.4341812e-02;5.2500000e+01;5.7420488e-02;5.2500000e+01;8.3538279e-02;5.2500000e+01;1.1312522e-01;5.2500000e+01;1.4486828e-01;5.2500000e+01;1.7973280e-01;5.2500000e+01;2.1837674e-01;5.2500000e+01;2.5792074e-01;5.2500000e+01;2.8223151e-01;5.2500000e+01;2.8080511e-01;5.2500000e+01;2.5356045e-01;5.2500000e+01;2.1671550e-01;5.2500000e+01;1.7411107e-01;5.2500000e+01;1.2663285e-01;5.2500000e+01;8.3971880e-02;5.2500000e+01;4.5440152e-02;5.2500000e+01;2.9781191e-03;5.2500000e+01;1.5125913e-02;5.2500000e+01;3.4341812e-02;5.2500000e+01;5.7420488e-02;5.2500000e+01;8.3538279e-02;5.2500000e+01;1.1312522e-01;5.2500000e+01;1.4486828e-01;5.2500000e+01;1.7973280e-01;5.2500000e+01;2.1837674e-01;5.2500000e+01;2.5792074e-01;5.2500000e+01;2.8223151e-01;5.2500000e+01;2.8080511e-01;5.2500000e+01;2.5356045e-01;5.2500000e+01;2.1671550e-01;5.2500000e+01;1.7411107e-01;5.2500000e+01;1.2663285e-01;5.2500000e+01;8.3971880e-02;5.2500000e+01;4.5440152e-02;5.2500000e+01;2.9781191e-03;5.2500000e+01;1.5125913e-02;5.2500000e+01;3.4341812e-02;5.2500000e+01;5.7420488e-02;5.2500000e+01;8.3538279e-02;5.2500000e+01;1.1312522e-01;5.2500000e+01;1.4486828e-01;5.2500000e+01;1.7973280e-01;5.2500000e+01;2.1837674e-01;5.2500000e+01;2.5792074e-01;5.2500000e+01;2.8223151e-01;5.2500000e+01;2.8080511e-01;5.2500000e+01;2.5356045e-01;5.2500000e+01;2.1671550e-01;5.2500000e+01;1.7411107e-01;5.2500000e+01;1.2663285e-01;5.2500000e+01;8.3971880e-02;5.2500000e+01;4.5440152e-02;5.2500000e+01;2.9781191e-03;5.2500000e+01;1.5125913e-02;5.2500000e+01;3.4341812e-02;5.2500000e+01;5.7420488e-02;5.2500000e+01;8.3538279e-02;5.2500000e+01;1.1312522e-01;5.2500000e+01;1.4486828e-01;5.2500000e+01;1.7973280e-01;5.2500000e+01;2.1837674e-01;5.2500000e+01;2.5792074e-01;5.2500000e+01;2.8223151e-01;5.2500000e+01;2.8080511e-01;5.2500000e+01;2.5356045e-01;5.2500000e+01;2.1671550e-01;5.2500000e+01;1.7411107e-01;5.2500000e+01;1.2663285e-01;5.2500000e+01;8.3971880e-02;5.2500000e+01;4.5440152e-02;5.2500000e+01;2.9781191e-03;5.2500000e+01;1.5125913e-02;5.2500000e+01;3.4341812e-02;5.2500000e+01;5.7420488e-02;5.2500000e+01;8.3538279e-02;5.2500000e+01;1.1312522e-01;5.2500000e+01;1.4486828e-01;5.2500000e+01;1.7973280e-01;5.2500000e+01;2.1837674e-01;5.2500000e+01;2.5792074e-01;5.2500000e+01;2.8223151e-01;5.2500000e+01;2.8080511e-01;5.2500000e+01;2.5356045e-01;5.2500000e+01;2.1671550e-01;5.2500000e+01;1.7411107e-01;5.2500000e+01;1.2663285e-01;5.2500000e+01;8.3971880e-02;5.2500000e+01;4.5440152e-02;5.2500000e+01;2.9781191e-03;5.2500000e+01;1.5125913e-02;5.2500000e+01;3.4341812e-02;5.2500000e+01;5.7420488e-02;5.2500000e+01;8.3538279e-02;5.2500000e+01;1.1312522e-01;5.2500000e+01;1.4486828e-01;5.2500000e+01;1.7973280e-01;5.2500000e+01;2.1837674e-01;5.2500000e+01;2.5792074e-01;5.2500000e+01;2.8223151e-01;5.2500000e+01;2.8080511e-01;5.2500000e+01;2.5356045e-01;5.2500000e+01;2.1671550e-01;5.2500000e+01;1.7411107e-01;5.2500000e+01;1.2663285e-01;5.2500000e+01;8.3971880e-02;5.2500000e+01;4.5440152e-02;5.2500000e+01;2.9781191e-03;5.2500000e+01;1.5125913e-02;5.2500000e+01;3.4341812e-02;5.2500000e+01;5.7420488e-02;5.2500000e+01;8.3538279e-02;5.2500000e+01;1.1312522e-01;5.2500000e+01;1.4486828e-01;5.2500000e+01;1.7973280e-01;5.2500000e+01;2.1837674e-01;5.2500000e+01;2.5792074e-01;5.2500000e+01;2.8223151e-01;5.2500000e+01;2.8080511e-01;5.2500000e+01;2.5356045e-01;5.2500000e+01;2.1671550e-01;5.2500000e+01;1.7411107e-01;5.2500000e+01;1.2663285e-01;5.2500000e+01;8.3971880e-02;5.2500000e+01;4.5440152e-02;5.2500000e+01;2.9781191e-03;5.2500000e+01;1.5125913e-02;5.2500000e+01;3.4341812e-02;5.2500000e+01;5.7420488e-02;5.2500000e+01;8.3538279e-02;5.2500000e+01;1.1312522e-01;5.2500000e+01;1.4486828e-01;5.2500000e+01;1.7973280e-01;5.2500000e+01;2.1837674e-01;5.2500000e+01;2.5792074e-01;5.2500000e+01;2.8223151e-01;5.2500000e+01;2.8080511e-01;5.2500000e+01;2.5356045e-01;5.2500000e+01;2.1671550e-01;5.2500000e+01;1.7411107e-01;5.2500000e+01;1.2663285e-01;5.2500000e+01;8.3971880e-02;5.2500000e+01;4.5440152e-02;5.2500000e+01;2.9781191e-03;5.2500000e+01;1.5125913e-02;5.2500000e+01;3.4341812e-02;5.2500000e+01;5.7420488e-02;5.2500000e+01;8.3538279e-02;5.2500000e+01;1.1312522e-01;5.2500000e+01;1.4486828e-01;5.2500000e+01;1.7973280e-01;5.2500000e+01;2.1837674e-01;5.2500000e+01;2.5792074e-01;5.2500000e+01;2.8223151e-01;5.2500000e+01;2.8080511e-01;5.2500000e+01;2.5356045e-01;5.2500000e+01;2.1671550e-01;5.2500000e+01;1.7411107e-01;5.2500000e+01;1.2663285e-01;5.2500000e+01;8.3971880e-02;5.2500000e+01;4.5440152e-02;5.2500000e+01;2.9781191e-03;5.2500000e+01;1.5125913e-02;5.2500000e+01;3.4341812e-02;5.2500000e+01;5.7420488e-02;5.2500000e+01;8.3538279e-02;5.2500000e+01;1.1312522e-01;5.2500000e+01;1.4486828e-01;5.2500000e+01;1.7973280e-01;5.2500000e+01;2.1837674e-01;5.2500000e+01;2.5792074e-01;5.2500000e+01;2.8223151e-01;5.2500000e+01;2.8080511e-01;5.2500000e+01;2.5356045e-01;5.2500000e+01;2.1671550e-01;5.2500000e+01;1.7411107e-01;5.2500000e+01;1.2663285e-01;5.2500000e+01;8.3971880e-02;5.2500000e+01;4.5440152e-02;5.2500000e+01;2.9781191e-03;5.2500000e+01;1.5125913e-02;5.2500000e+01;3.4341812e-02;5.2500000e+01;5.7420488e-02;5.2500000e+01;8.3538279e-02;5.2500000e+01;1.1312522e-01;5.2500000e+01;1.4486828e-01;5.2500000e+01;1.7973280e-01;5.2500000e+01;2.1837674e-01;5.2500000e+01;2.5792074e-01;5.2500000e+01;2.8223151e-01;5.2500000e+01;2.8080511e-01;5.2500000e+01;2.5356045e-01;5.2500000e+01;2.1671550e-01;5.2500000e+01;1.7411107e-01;5.2500000e+01;1.2663285e-01;5.2500000e+01;8.3971880e-02;5.2500000e+01;4.5440152e-02;5.2500000e+01;2.9781191e-03;5.2500000e+01;1.5125913e-02;5.2500000e+01;3.4341812e-02;5.2500000e+01;5.7420488e-02;5.2500000e+01;8.3538279e-02;5.2500000e+01;1.1312522e-01;5.2500000e+01;1.4486828e-01;5.2500000e+01;1.7973280e-01;5.2500000e+01;2.1837674e-01;5.2500000e+01;2.5792074e-01;5.2500000e+01;2.8223151e-01;5.2500000e+01;2.8080511e-01;5.2500000e+01;2.5356045e-01;5.2500000e+01;2.1671550e-01;5.2500000e+01;1.7411107e-01;5.2500000e+01;1.2663285e-01;5.2500000e+01;8.3971880e-02;5.2500000e+01;4.5440152e-02;5.2500000e+01;2.9781191e-03;5.2500000e+01;1.5125913e-02;5.2500000e+01;3.4341812e-02;5.2500000e+01;5.7420488e-02;5.2500000e+01;8.3538279e-02;5.2500000e+01;1.1312522e-01;5.2500000e+01;1.4486828e-01;5.2500000e+01;1.7973280e-01;5.2500000e+01;2.1837674e-01;5.2500000e+01;2.5792074e-01;5.2500000e+01;2.8223151e-01;5.2500000e+01;2.8080511e-01;5.2500000e+01;2.5356045e-01;5.2500000e+01;2.1671550e-01;5.2500000e+01;1.7411107e-01;5.2500000e+01;1.2663285e-01;5.2500000e+01;8.3971880e-02;5.2500000e+01;4.5440152e-02;5.2500000e+01;2.9781191e-03;5.2500000e+01;1.5125913e-02;5.2500000e+01;3.4341812e-02;5.2500000e+01;5.7420488e-02;5.2500000e+01;8.3538279e-02;5.2500000e+01;1.1312522e-01;5.2500000e+01;1.4486828e-01;5.2500000e+01;1.7973280e-01;5.2500000e+01;2.1837674e-01;5.2500000e+01;2.5792074e-01;5.2500000e+01;2.8223151e-01;5.2500000e+01;2.8080511e-01;5.2500000e+01;2.5356045e-01;5.2500000e+01;2.1671550e-01;5.2500000e+01;1.7411107e-01;5.2500000e+01;1.2663285e-01;5.2500000e+01;8.3971880e-02;5.2500000e+01;4.5440152e-02;5.2500000e+01;2.9781191e-03;5.2500000e+01;1.5125913e-02;5.2500000e+01;3.4341812e-02;5.2500000e+01;5.7420488e-02;5.2500000e+01;8.3538279e-02;5.2500000e+01;1.1312522e-01;5.2500000e+01;1.4486828e-01;5.2500000e+01;1.7973280e-01;5.2500000e+01;2.1837674e-01;5.2500000e+01;2.5792074e-01;5.2500000e+01;2.8223151e-01;5.2500000e+01;2.8080511e-01;5.2500000e+01;2.5356045e-01;5.2500000e+01;2.1671550e-01;5.2500000e+01;1.7411107e-01;5.2500000e+01;1.2663285e-01;5.2500000e+01;8.3971880e-02;5.2500000e+01;4.5440152e-02;5.2500000e+01;2.9781191e-03;5.2500000e+01;1.5125913e-02;5.2500000e+01;3.4341812e-02;5.2500000e+01;5.7420488e-02;5.2500000e+01;8.3538279e-02;5.2500000e+01;1.1312522e-01;5.2500000e+01;1.4486828e-01;5.2500000e+01;1.7973280e-01;5.2500000e+01;2.1837674e-01;5.2500000e+01;2.5792074e-01;5.2500000e+01;2.8223151e-01;5.2500000e+01;2.8080511e-01;5.2500000e+01;2.5356045e-01;5.2500000e+01;2.1671550e-01;5.2500000e+01;1.7411107e-01;5.2500000e+01;1.2663285e-01;5.2500000e+01;8.3971880e-02;5.2500000e+01;4.5440152e-02;5.2500000e+01;2.9781191e-03;5.2500000e+01;1.5125913e-02;5.2500000e+01;3.4341812e-02;5.2500000e+01;5.7420488e-02;5.2500000e+01;8.3538279e-02;5.2500000e+01;1.1312522e-01;5.2500000e+01;1.4486828e-01;5.2500000e+01;1.7973280e-01;5.2500000e+01;2.1837674e-01;5.2500000e+01;2.5792074e-01;5.2500000e+01;2.8223151e-01;5.2500000e+01;2.8080511e-01;5.2500000e+01;2.5356045e-01;5.2500000e+01;2.1671550e-01;5.2500000e+01;1.7411107e-01;5.2500000e+01;1.2663285e-01;5.2500000e+01;8.3971880e-02;5.2500000e+01;4.5440152e-02;5.2500000e+01;2.9781191e-03;5.2500000e+01;1.5125913e-02;5.2500000e+01;3.4341812e-02;5.2500000e+01;5.7420488e-02;5.2500000e+01;8.3538279e-02;5.2500000e+01;1.1312522e-01;5.2500000e+01;1.4486828e-01;5.2500000e+01;1.7973280e-01;5.2500000e+01;2.1837674e-01;5.2500000e+01;2.5792074e-01;5.2500000e+01;2.8223151e-01;5.2500000e+01;2.8080511e-01;5.2500000e+01;2.5356045e-01;5.2500000e+01;2.1671550e-01;5.2500000e+01;1.7411107e-01;5.2500000e+01;1.2663285e-01;5.2500000e+01;8.3971880e-02;5.2500000e+01;4.5440152e-02;5.2500000e+01;2.9781191e-03;5.2500000e+01;1.5125913e-02;5.2500000e+01;3.4341812e-02;5.2500000e+01;5.7420488e-02;5.2500000e+01;8.3538279e-02;5.2500000e+01;1.1312522e-01;5.2500000e+01;1.4486828e-01;5.2500000e+01;1.7973280e-01;5.2500000e+01;2.1837674e-01;5.2500000e+01;2.5792074e-01;5.2500000e+01;2.8223151e-01;5.2500000e+01;2.8080511e-01;5.2500000e+01;2.5356045e-01;5.2500000e+01;2.1671550e-01;5.2500000e+01;1.7411107e-01;5.2500000e+01;1.2663285e-01;5.2500000e+01;8.3971880e-02;5.2500000e+01;4.5440152e-02
5.7500000e+01;4.2259935e-03;5.7500000e+01;1.6935732e-02;5.7500000e+01;3.6389790e-02;5.7500000e+01;6.0742203e-02;5.7500000e+01;8.8380799e-02;5.7500000e+01;1.1849001e-01;5.7500000e+01;1.5157637e-01;5.7500000e+01;1.8487719e-01;5.7500000e+01;2.2407734e-01;5.7500000e+01;2.6105070e-01;5.7500000e+01;2.8648669e-01;5.7500000e+01;2.8633198e-01;5.7500000e+01;2.6249230e-01;5.7500000e+01;2.2605954e-01;5.7500000e+01;1.8224853e-01;5.7500000e+01;1.3257746e-01;5.7500000e+01;8.7632656e-02;5.7500000e+01;4.7856890e-02;5.7500000e+01;4.2259935e-03;5.7500000e+01;1.6935732e-02;5.7500000e+01;3.6389790e-02;5.7500000e+01;6.0742203e-02;5.7500000e+01;8.8380799e-02;5.7500000e+01;1.1849001e-01;5.7500000e+01;1.5157637e-01;5.7500000e+01;1.8487719e-01;5.7500000e+01;2.2407734e-01;5.7500000e+01;2.6105070e-01;5.7500000e+01;2.8648669e-01;5.7500000e+01;2.8633198e-01;5.7500000e+01;2.6249230e-01;5.7500000e+01;2.2605954e-01;5.7500000e+01;1.8224853e-01;5.7500000e+01;1.3257746e-01;5.7500000e+01;8.7632656e-02;5.7500000e+01;4.7856890e-02;5.7500000e+01;4.2259935e-03;5.7500000e+01;1.6935732e-02;5.7500000e+01;3.6389790e-02;5.7500000e+01;6.0742203e-02;5.7500000e+01;8.8380799e-02;5.7500000e+01;1.1849001e-01;5.7500000e+01;1.5157637e-01;5.7500000e+01;1.8487719e-01;5.7500000e+01;2.2407734e-01;5.7500000e+01;2.6105070e-01;5.7500000e+01;2.8648669e-01;5.7500000e+01;2.8633198e-01;5.7500000e+01;2.6249230e-01;5.7500000e+01;2.2605954e-01;5.7500000e+01;1.8224853e-01;5.7500000e+01;1.3257746e-01;5.7500000e+01;8.7632656e-02;5.7500000e+01;4.7856890e-02;5.7500000e+01;4.2259935e-03;5.7500000e+01;1.6935732e-02;5.7500000e+01;3.6389790e-02;5.7500000e+01;6.0742203e-02;5.7500000e+01;8.8380799e-02;5.7500000e+01;1.1849001e-01;5.7500000e+01;1.5157637e-01;5.7500000e+01;1.8487719e-01;5.7500000e+01;2.2407734e-01;5.7500000e+01;2.6105070e-01;5.7500000e+01;2.8648669e-01;5.7500000e+01;2.8633198e-01;5.7500000e+01;2.6249230e-01;5.7500000e+01;2.2605954e-01;5.7500000e+01;1.8224853e-01;5.7500000e+01;1.3257746e-01;5.7500000e+01;8.7632656e-02;5.7500000e+01;4.7856890e-02;5.7500000e+01;4.2259935e-03;5.7500000e+01;1.6935732e-02;5.7500000e+01;3.6389790e-02;5.7500000e+01;6.0742203e-02;5.7500000e+01;8.8380799e-02;5.7500000e+01;1.1849001e-01;5.7500000e+01;1.5157637e-01;5.7500000e+01;1.8487719e-01;5.7500000e+01;2.2407734e-01;5.7500000e+01;2.6105070e-01;5.7500000e+01;2.8648669e-01;5.7500000e+01;2.8633198e-01;5.7500000e+01;2.6249230e-01;5.7500000e+01;2.2605954e-01;5.7500000e+01;1.8224853e-01;5.7500000e+01;1.3257746e-01;5.7500000e+01;8.7632656e-02;5.7500000e+01;4.7856890e-02;5.7500000e+01;4.2259935e-03;5.7500000e+01;1.6935732e-02;5.7500000e+01;3.6389790e-02;5.7500000e+01;6.0742203e-02;5.7500000e+01;8.8380799e-02;5.7500000e+01;1.1849001e-01;5.7500000e+01;1.5157637e-01;5.7500000e+01;1.8487719e-01;5.7500000e+01;2.2407734e-01;5.7500000e+01;2.6105070e-01;5.7500000e+01;2.8648669e-01;5.7500000e+01;2.8633198e-01;5.7500000e+01;2.6249230e-01;5.7500000e+01;2.2605954e-01;5.7500000e+01;1.8224853e-01;5.7500000e+01;1.3257746e-01;5.7500000e+01;8.7632656e-02;5.7500000e+01;4.7856890e-02;5.7500000e+01;4.2259935e-03;5.7500000e+01;1.6935732e-02;5.7500000e+01;3.6389790e-02;5.7500000e+01;6.0742203e-02;5.7500000e+01;8.8380799e-02;5.7500000e+01;1.1849001e-01;5.7500000e+01;1.5157637e-01;5.7500000e+01;1.8487719e-01;5.7500000e+01;2.2407734e-01;5.7500000e+01;2.6105070e-01;5.7500000e+01;2.8648669e-01;5.7500000e+01;2.8633198e-01;5.7500000e+01;2.6249230e-01;5.7500000e+01;2.2605954e-01;5.7500000e+01;1.8224853e-01;5.7500000e+01;1.3257746e-01;5.7500000e+01;8.7632656e-02;5.7500000e+01;4.7856890e-02;5.7500000e+01;4.2259935e-03;5.7500000e+01;1.6935732e-02;5.7500000e+01;3.6389790e-02;5.7500000e+01;6.0742203e-02;5.7500000e+01;8.8380799e-02;5.7500000e+01;1.1849001e-01;5.7500000e+01;1.5157637e-01;5.7500000e+01;1.8487719e-01;5.7500000e+01;2.2407734e-01;5.7500000e+01;2.6105070e-01;5.7500000e+01;2.8648669e-01;5.7500000e+01;2.8633198e-01;5.7500000e+01;2.6249230e-01;5.7500000e+01;2.2605954e-01;5.7500000e+01;1.8224853e-01;5.7500000e+01;1.3257746e-01;5.7500000e+01;8.7632656e-02;5.7500000e+01;4.7856890e-02;5.7500000e+01;4.2259935e-03;5.7500000e+01;1.6935732e-02;5.7500000e+01;3.6389790e-02;5.7500000e+01;6.0742203e-02;5.7500000e+01;8.8380799e-02;5.7500000e+01;1.1849001e-01;5.7500000e+01;1.5157637e-01;5.7500000e+01;1.8487719e-01;5.7500000e+01;2.2407734e-01;5.7500000e+01;2.6105070e-01;5.7500000e+01;2.8648669e-01;5.7500000e+01;2.8633198e-01;5.7500000e+01;2.6249230e-01;5.7500000e+01;2.2605954e-01;5.7500000e+01;1.8224853e-01;5.7500000e+01;1.3257746e-01;5.7500000e+01;8.7632656e-02;5.7500000e+01;4.7856890e-02;5.7500000e+01;4.2259935e-03;5.7500000e+01;1.6935732e-02;5.7500000e+01;3.6389790e-02;5.7500000e+01;6.0742203e-02;5.7500000e+01;8.8380799e-02;5.7500000e+01;1.1849001e-01;5.7500000e+01;1.5157637e-01;5.7500000e+01;1.8487719e-01;5.7500000e+01;2.2407734e-01;5.7500000e+01;2.6105070e-01;5.7500000e+01;2.8648669e-01;5.7500000e+01;2.8633198e-01;5.7500000e+01;2.6249230e-01;5.7500000e+01;2.2605954e-01;5.7500000e+01;1.8224853e-01;5.7500000e+01;1.3257746e-01;5.7500000e+01;8.7632656e-02;5.7500000e+01;4.7856890e-02;5.7500000e+01;4.2259935e-03;5.7500000e+01;1.6935732e-02;5.7500000e+01;3.6389790e-02;5.7500000e+01;6.0742203e-02;5.7500000e+01;8.8380799e-02;5.7500000e+01;1.1849001e-01;5.7500000e+01;1.5157637e-01;5.7500000e+01;1.8487719e-01;5.7500000e+01;2.2407734e-01;5.7500000e+01;2.6105070e-01;5.7500000e+01;2.8648669e-01;5.7500000e+01;2.8633198e-01;5.7500000e+01;2.6249230e-01;5.7500000e+01;2.2605954e-01;5.7500000e+01;1.8224853e-01;5.7500000e+01;1.3257746e-01;5.7500000e+01;8.7632656e-02;5.7500000e+01;4.7856890e-02;5.7500000e+01;4.2259935e-03;5.7500000e+01;1.6935732e-02;5.7500000e+01;3.6389790e-02;5.7500000e+01;6.0742203e-02;5.7500000e+01;8.8380799e-02;5.7500000e+01;1.1849001e-01;5.7500000e+01;1.5157637e-01;5.7500000e+01;1.8487719e-01;5.7500000e+01;2.2407734e-01;5.7500000e+01;2.6105070e-01;5.7500000e+01;2.8648669e-01;5.7500000e+01;2.8633198e-01;5.7500000e+01;2.6249230e-01;5.7500000e+01;2.2605954e-01;5.7500000e+01;1.8224853e-01;5.7500000e+01;1.3257746e-01;5.7500000e+01;8.7632656e-02;5.7500000e+01;4.7856890e-02;5.7500000e+01;4.2259935e-03;5.7500000e+01;1.6935732e-02;5.7500000e+01;3.6389790e-02;5.7500000e+01;6.0742203e-02;5.7500000e+01;8.8380799e-02;5.7500000e+01;1.1849001e-01;5.7500000e+01;1.5157637e-01;5.7500000e+01;1.8487719e-01;5.7500000e+01;2.2407734e-01;5.7500000e+01;2.6105070e-01;5.7500000e+01;2.8648669e-01;5.7500000e+01;2.8633198e-01;5.7500000e+01;2.6249230e-01;5.7500000e+01;2.2605954e-01;5.7500000e+01;1.8224853e-01;5.7500000e+01;1.3257746e-01;5.7500000e+01;8.7632656e-02;5.7500000e+01;4.7856890e-02;5.7500000e+01;4.2259935e-03;5.7500000e+01;1.6935732e-02;5.7500000e+01;3.6389790e-02;5.7500000e+01;6.0742203e-02;5.7500000e+01;8.8380799e-02;5.7500000e+01;1.1849001e-01;5.7500000e+01;1.5157637e-01;5.7500000e+01;1.8487719e-01;5.7500000e+01;2.2407734e-01;5.7500000e+01;2.6105070e-01;5.7500000e+01;2.8648669e-01;5.7500000e+01;2.8633198e-01;5.7500000e+01;2.6249230e-01;5.7500000e+01;2.2605954e-01;5.7500000e+01;1.8224853e-01;5.7500000e+01;1.3257746e-01;5.7500000e+01;8.7632656e-02;5.7500000e+01;4.7856890e-02;5.7500000e+01;4.2259935e-03;5.7500000e+01;1.6935732e-02;5.7500000e+01;3.6389790e-02;5.7500000e+01;6.0742203e-02;5.7500000e+01;8.8380799e-02;5.7500000e+01;1.1849001e-01;5.7500000e+01;1.5157637e-01;5.7500000e+01;1.8487719e-01;5.7500000e+01;2.2407734e-01;5.7500000e+01;2.6105070e-01;5.7500000e+01;2.8648669e-01;5.7500000e+01;2.8633198e-01;5.7500000e+01;2.6249230e-01;5.7500000e+01;2.2605954e-01;5.7500000e+01;1.8224853e-01;5.7500000e+01;1.3257746e-01;5.7500000e+01;8.7632656e-02;5.7500000e+01;4.7856890e-02;5.7500000e+01;4.2259935e-03;5.7500000e+01;1.6935732e-02;5.7500000e+01;3.6389790e-02;5.7500000e+01;6.0742203e-02;5.7500000e+01;8.8380799e-02;5.7500000e+01;1.1849001e-01;5.7500000e+01;1.5157637e-01;5.7500000e+01;1.8487719e-01;5.7500000e+01;2.2407734e-01;5.7500000e+01;2.6105070e-01;5.7500000e+01;2.8648669e-01;5.7500000e+01;2.8633198e-01;5.7500000e+01;2.6249230e-01;5.7500000e+01;2.2605954e-01;5.7500000e+01;1.8224853e-01;5.7500000e+01;1.3257746e-01;5.7500000e+01;8.7632656e-02;5.7500000e+01;4.7856890e-02;5.7500000e+01;4.2259935e-03;5.7500000e+01;1.6935732e-02;5.7500000e+01;3.6389790e-02;5.7500000e+01;6.0742203e-02;5.7500000e+01;8.8380799e-02;5.7500000e+01;1.1849001e-01;5.7500000e+01;1.5157637e-01;5.7500000e+01;1.8487719e-01;5.7500000e+01;2.2407734e-01;5.7500000e+01;2.6105070e-01;5.7500000e+01;2.8648669e-01;5.7500000e+01;2.8633198e-01;5.7500000e+01;2.6249230e-01;5.7500000e+01;2.2605954e-01;5.7500000e+01;1.8224853e-01;5.7500000e+01;1.3257746e-01;5.7500000e+01;8.7632656e-02;5.7500000e+01;4.7856890e-02;5.7500000e+01;4.2259935e-03;5.7500000e+01;1.6935732e-02;5.7500000e+01;3.6389790e-02;5.7500000e+01;6.0742203e-02;5.7500000e+01;8.8380799e-02;5.7500000e+01;1.1849001e-01;5.7500000e+01;1.5157637e-01;5.7500000e+01;1.8487719e-01;5.7500000e+01;2.2407734e-01;5.7500000e+01;2.6105070e-01;5.7500000e+01;2.8648669e-01;5.7500000e+01;2.8633198e-01;5.7500000e+01;2.6249230e-01;5.7500000e+01;2.2605954e-01;5.7500000e+01;1.8224853e-01;5.7500000e+01;1.3257746e-01;5.7500000e+01;8.7632656e-02;5.7500000e+01;4.7856890e-02;5.7500000e+01;4.2259935e-03;5.7500000e+01;1.6935732e-02;5.7500000e+01;3.6389790e-02;5.7500000e+01;6.0742203e-02;5.7500000e+01;8.8380799e-02;5.7500000e+01;1.1849001e-01;5.7500000e+01;1.5157637e-01;5.7500000e+01;1.8487719e-01;5.7500000e+01;2.2407734e-01;5.7500000e+01;2.6105070e-01;5.7500000e+01;2.8648669e-01;5.7500000e+01;2.8633198e-01;5.7500000e+01;2.6249230e-01;5.7500000e+01;2.2605954e-01;5.7500000e+01;1.8224853e-01;5.7500000e+01;1.3257746e-01;5.7500000e+01;8.7632656e-02;5.7500000e+01;4.7856890e-02;5.7500000e+01;4.2259935e-03;5.7500000e+01;1.6935732e-02;5.7500000e+01;3.6389790e-02;5.7500000e+01;6.0742203e-02;5.7500000e+01;8.8380799e-02;5.7500000e+01;1.1849001e-01;5.7500000e+01;1.5157637e-01;5.7500000e+01;1.8487719e-01;5.7500000e+01;2.2407734e-01;5.7500000e+01;2.6105070e-01;5.7500000e+01;2.8648669e-01;5.7500000e+01;2.8633198e-01;5.7500000e+01;2.6249230e-01;5.7500000e+01;2.2605954e-01;5.7500000e+01;1.8224853e-01;5.7500000e+01;1.3257746e-01;5.7500000e+01;8.7632656e-02;5.7500000e+01;4.7856890e-02;5.7500000e+01;4.2259935e-03;5.7500000e+01;1.6935732e-02;5.7500000e+01;3.6389790e-02;5.7500000e+01;6.0742203e-02;5.7500000e+01;8.8380799e-02;5.7500000e+01;1.1849001e-01;5.7500000e+01;1.5157637e-01;5.7500000e+01;1.8487719e-01;5.7500000e+01;2.2407734e-01;5.7500000e+01;2.6105070e-01;5.7500000e+01;2.8648669e-01;5.7500000e+01;2.8633198e-01;5.7500000e+01;2.6249230e-01;5.7500000e+01;2.2605954e-01;5.7500000e+01;1.8224853e-01;5.7500000e+01;1.3257746e-01;5.7500000e+01;8.7632656e-02;5.7500000e+01;4.7856890e-02;5.7500000e+01;4.2259935e-03;5.7500000e+01;1.6935732e-02;5.7500000e+01;3.6389790e-02;5.7500000e+01;6.0742203e-02;5.7500000e+01;8.8380799e-02;5.7500000e+01;1.1849001e-01;5.7500000e+01;1.5157637e-01;5.7500000e+01;1.8487719e-01;5.7500000e+01;2.2407734e-01;5.7500000e+01;2.6105070e-01;5.7500000e+01;2.8648669e-01;5.7500000e+01;2.8633198e-01;5.7500000e+01;2.6249230e-01;5.7500000e+01;2.2605954e-01;5.7500000e+01;1.8224853e-01;5.7500000e+01;1.3257746e-01;5.7500000e+01;8.7632656e-02;5.7500000e+01;4.7856890e-02;5.7500000e+01;4.2259935e-03;5.7500000e+01;1.6935732e-02;5.7500000e+01;3.6389790e-02;5.7500000e+01;6.0742203e-02;5.7500000e+01;8.8380799e-02;5.7500000e+01;1.1849001e-01;5.7500000e+01;1.5157637e-01;5.7500000e+01;1.8487719e-01;5.7500000e+01;2.2407734e-01;5.7500000e+01;2.6105070e-01;5.7500000e+01;2.8648669e-01;5.7500000e+01;2.8633198e-01;5.7500000e+01;2.6249230e-01;5.7500000e+01;2.2605954e-01;5.7500000e+01;1.8224853e-01;5.7500000e+01;1.3257746e-01;5.7500000e+01;8.7632656e-02;5.7500000e+01;4.7856890e-02;5.7500000e+01;4.2259935e-03;5.7500000e+01;1.6935732e-02;5.7500000e+01;3.6389790e-02;5.7500000e+01;6.0742203e-02;5.7500000e+01;8.8380799e-02;5.7500000e+01;1.1849001e-01;5.7500000e+01;1.5157637e-01;5.7500000e+01;1.8487719e-01;5.7500000e+01;2.2407734e-01;5.7500000e+01;2.6105070e-01;5.7500000e+01;2.8648669e-01;5.7500000e+01;2.8633198e-01;5.7500000e+01;2.6249230e-01;5.7500000e+01;2.2605954e-01;5.7500000e+01;1.8224853e-01;5.7500000e+01;1.3257746e-01;5.7500000e+01;8.7632656e-02;5.7500000e+01;4.7856890e-02;5.7500000e+01;4.2259935e-03;5.7500000e+01;1.6935732e-02;5.7500000e+01;3.6389790e-02;5.7500000e+01;6.0742203e-02;5.7500000e+01;8.8380799e-02;5.7500000e+01;1.1849001e-01;5.7500000e+01;1.5157637e-01;5.7500000e+01;1.8487719e-01;5.7500000e+01;2.2407734e-01;5.7500000e+01;2.6105070e-01;5.7500000e+01;2.8648669e-01;5.7500000e+01;2.8633198e-01;5.7500000e+01;2.6249230e-01;5.7500000e+01;2.2605954e-01;5.7500000e+01;1.8224853e-01;5.7500000e+01;1.3257746e-01;5.7500000e+01;8.7632656e-02;5.7500000e+01;4.7856890e-02;5.7500000e+01;4.2259935e-03;5.7500000e+01;1.6935732e-02;5.7500000e+01;3.6389790e-02;5.7500000e+01;6.0742203e-02;5.7500000e+01;8.8380799e-02;5.7500000e+01;1.1849001e-01;5.7500000e+01;1.5157637e-01;5.7500000e+01;1.8487719e-01;5.7500000e+01;2.2407734e-01;5.7500000e+01;2.6105070e-01;5.7500000e+01;2.8648669e-01;5.7500000e+01;2.8633198e-01;5.7500000e+01;2.6249230e-01;5.7500000e+01;2.2605954e-01;5.7500000e+01;1.8224853e-01;5.7500000e+01;1.3257746e-01;5.7500000e+01;8.7632656e-02;5.7500000e+01;4.7856890e-02;5.7500000e+01;4.2259935e-03;5.7500000e+01;1.6935732e-02;5.7500000e+01;3.6389790e-02;5.7500000e+01;6.0742203e-02;5.7500000e+01;8.8380799e-02;5.7500000e+01;1.1849001e-01;5.7500000e+01;1.5157637e-01;5.7500000e+01;1.8487719e-01;5.7500000e+01;2.2407734e-01;5.7500000e+01;2.6105070e-01;5.7500000e+01;2.8648669e-01;5.7500000e+01;2.8633198e-01;5.7500000e+01;2.6249230e-01;5.7500000e+01;2.2605954e-01;5.7500000e+01;1.8224853e-01;5.7500000e+01;1.3257746e-01;5.7500000e+01;8.7632656e-02;5.7500000e+01;4.7856890e-02;5.7500000e+01;4.2259935e-03;5.7500000e+01;1.6935732e-02;5.7500000e+01;3.6389790e-02;5.7500000e+01;6.0742203e-02;5.7500000e+01;8.8380799e-02;5.7500000e+01;1.1849001e-01;5.7500000e+01;1.5157637e-01;5.7500000e+01;1.8487719e-01;5.7500000e+01;2.2407734e-01;5.7500000e+01;2.6105070e-01;5.7500000e+01;2.8648669e-01;5.7500000e+01;2.8633198e-01;5.7500000e+01;2.6249230e-01;5.7500000e+01;2.2605954e-01;5.7500000e+01;1.8224853e-01;5.7500000e+01;1.3257746e-01;5.7500000e+01;8.7632656e-02;5.7500000e+01;4.7856890e-02;5.7500000e+01;4.2259935e-03;5.7500000e+01;1.6935732e-02;5.7500000e+01;3.6389790e-02;5.7500000e+01;6.0742203e-02;5.7500000e+01;8.8380799e-02;5.7500000e+01;1.1849001e-01;5.7500000e+01;1.5157637e-01;5.7500000e+01;1.8487719e-01;5.7500000e+01;2.2407734e-01;5.7500000e+01;2.6105070e-01;5.7500000e+01;2.8648669e-01;5.7500000e+01;2.8633198e-01;5.7500000e+01;2.6249230e-01;5.7500000e+01;2.2605954e-01;5.7500000e+01;1.8224853e-01;5.7500000e+01;1.3257746e-01;5.7500000e+01;8.7632656e-02;5.7500000e+01;4.7856890e-02;5.7500000e+01;4.2259935e-03;5.7500000e+01;1.6935732e-02;5.7500000e+01;3.6389790e-02;5.7500000e+01;6.0742203e-02;5.7500000e+01;8.8380799e-02;5.7500000e+01;1.1849001e-01;5.7500000e+01;1.5157637e-01;5.7500000e+01;1.8487719e-01;5.7500000e+01;2.2407734e-01;5.7500000e+01;2.6105070e-01;5.7500000e+01;2.8648669e-01;5.7500000e+01;2.8633198e-01;5.7500000e+01;2.6249230e-01;5.7500000e+01;2.2605954e-01;5.7500000e+01;1.8224853e-01;5.7500000e+01;1.3257746e-01;5.7500000e+01;8.7632656e-02;5.7500000e+01;4.7856890e-02;5.7500000e+01;4.2259935e-03;5.7500000e+01;1.6935732e-02;5.7500000e+01;3.6389790e-02;5.7500000e+01;6.0742203e-02;5.7500000e+01;8.8380799e-02;5.7500000e+01;1.1849001e-01;5.7500000e+01;1.5157637e-01;5.7500000e+01;1.8487719e-01;5.7500000e+01;2.2407734e-01;5.7500000e+01;2.6105070e-01;5.7500000e+01;2.8648669e-01;5.7500000e+01;2.8633198e-01;5.7500000e+01;2.6249230e-01;5.7500000e+01;2.2605954e-01;5.7500000e+01;1.8224853e-01;5.7500000e+01;1.3257746e-01;5.7500000e+01;8.7632656e-02;5.7500000e+01;4.7856890e-02;5.7500000e+01;4.2259935e-03;5.7500000e+01;1.6935732e-02;5.7500000e+01;3.6389790e-02;5.7500000e+01;6.0742203e-02;5.7500000e+01;8.8380799e-02;5.7500000e+01;1.1849001e-01;5.7500000e+01;1.5157637e-01;5.7500000e+01;1.8487719e-01;5.7500000e+01;2.2407734e-01;5.7500000e+01;2.6105070e-01;5.7500000e+01;2.8648669e-01;5.7500000e+01;2.8633198e-01;5.7500000e+01;2.6249230e-01;5.7500000e+01;2.2605954e-01;5.7500000e+01;1.8224853e-01;5.7500000e+01;1.3257746e-01;5.7500000e+01;8.7632656e-02;5.7500000e+01;4.7856890e-02;5.7500000e+01;4.2259935e-03;5.7500000e+01;1.6935732e-02;5.7500000e+01;3.6389790e-02;5.7500000e+01;6.0742203e-02;5.7500000e+01;8.8380799e-02;5.7500000e+01;1.1849001e-01;5.7500000e+01;1.5157637e-01;5.7500000e+01;1.8487719e-01;5.7500000e+01;2.2407734e-01;5.7500000e+01;2.6105070e-01;5.7500000e+01;2.8648669e-01;5.7500000e+01;2.8633198e-01;5.7500000e+01;2.6249230e-01;5.7500000e+01;2.2605954e-01;5.7500000e+01;1.8224853e-01;5.7500000e+01;1.3257746e-01;5.7500000e+01;8.7632656e-02;5.7500000e+01;4.7856890e-02;5.7500000e+01;4.2259935e-03;5.7500000e+01;1.6935732e-02;5.7500000e+01;3.6389790e-02;5.7500000e+01;6.0742203e-02;5.7500000e+01;8.8380799e-02;5.7500000e+01;1.1849001e-01;5.7500000e+01;1.5157637e-01;5.7500000e+01;1.8487719e-01;5.7500000e+01;2.2407734e-01;5.7500000e+01;2.6105070e-01;5.7500000e+01;2.8648669e-01;5.7500000e+01;2.8633198e-01;5.7500000e+01;2.6249230e-01;5.7500000e+01;2.2605954e-01;5.7500000e+01;1.8224853e-01;5.7500000e+01;1.3257746e-01;5.7500000e+01;8.7632656e-02;5.7500000e+01;4.7856890e-02;5.7500000e+01;4.2259935e-03;5.7500000e+01;1.6935732e-02;5.7500000e+01;3.6389790e-02;5.7500000e+01;6.0742203e-02;5.7500000e+01;8.8380799e-02;5.7500000e+01;1.1849001e-01;5.7500000e+01;1.5157637e-01;5.7500000e+01;1.8487719e-01;5.7500000e+01;2.2407734e-01;5.7500000e+01;2.6105070e-01;5.7500000e+01;2.8648669e-01;5.7500000e+01;2.8633198e-01;5.7500000e+01;2.6249230e-01;5.7500000e+01;2.2605954e-01;5.7500000e+01;1.8224853e-01;5.7500000e+01;1.3257746e-01;5.7500000e+01;8.7632656e-02;5.7500000e+01;4.7856890e-02;5.7500000e+01;4.2259935e-03;5.7500000e+01;1.6935732e-02;5.7500000e+01;3.6389790e-02;5.7500000e+01;6.0742203e-02;5.7500000e+01;8.8380799e-02;5.7500000e+01;1.1849001e-01;5.7500000e+01;1.5157637e-01;5.7500000e+01;1.8487719e-01;5.7500000e+01;2.2407734e-01;5.7500000e+01;2.6105070e-01;5.7500000e+01;2.8648669e-01;5.7500000e+01;2.8633198e-01;5.7500000e+01;2.6249230e-01;5.7500000e+01;2.2605954e-01;5.7500000e+01;1.8224853e-01;5.7500000e+01;1.3257746e-01;5.7500000e+01;8.7632656e-02;5.7500000e+01;4.7856890e-02;5.7500000e+01;4.2259935e-03;5.7500000e+01;1.6935732e-02;5.7500000e+01;3.6389790e-02;5.7500000e+01;6.0742203e-02;5.7500000e+01;8.8380799e-02;5.7500000e+01;1.1849001e-01;5.7500000e+01;1.5157637e-01;5.7500000e+01;1.8487719e-01;5.7500000e+01;2.2407734e-01;5.7500000e+01;2.6105070e-01;5.7500000e+01;2.8648669e-01;5.7500000e+01;2.8633198e-01;5.7500000e+01;2.6249230e-01;5.7500000e+01;2.2605954e-01;5.7500000e+01;1.8224853e-01;5.7500000e+01;1.3257746e-01;5.7500000e+01;8.7632656e-02;5.7500000e+01;4.7856890e-02;5.7500000e+01;4.2259935e-03;5.7500000e+01;1.6935732e-02;5.7500000e+01;3.6389790e-02;5.7500000e+01;6.0742203e-02;5.7500000e+01;8.8380799e-02;5.7500000e+01;1.1849001e-01;5.7500000e+01;1.5157637e-01;5.7500000e+01;1.8487719e-01;5.7500000e+01;2.2407734e-01;5.7500000e+01;2.6105070e-01;5.7500000e+01;2.8648669e-01;5.7500000e+01;2.8633198e-01;5.7500000e+01;2.6249230e-01;5.7500000e+01;2.2605954e-01;5.7500000e+01;1.8224853e-01;5.7500000e+01;1.3257746e-01;5.7500000e+01;8.7632656e-02;5.7500000e+01;4.7856890e-02;5.7500000e+01;4.2259935e-03;5.7500000e+01;1.6935732e-02;5.7500000e+01;3.6389790e-02;5.7500000e+01;6.0742203e-02;5.7500000e+01;8.8380799e-02;5.7500000e+01;1.1849001e-01;5.7500000e+01;1.5157637e-01;5.7500000e+01;1.8487719e-01;5.7500000e+01;2.2407734e-01;5.7500000e+01;2.6105070e-01;5.7500000e+01;2.8648669e-01;5.7500000e+01;2.8633198e-01;5.7500000e+01;2.6249230e-01;5.7500000e+01;2.2605954e-01;5.7500000e+01;1.8224853e-01;5.7500000e+01;1.3257746e-01;5.7500000e+01;8.7632656e-02;5.7500000e+01;4.7856890e-02;5.7500000e+01;4.2259935e-03;5.7500000e+01;1.6935732e-02;5.7500000e+01;3.6389790e-02;5.7500000e+01;6.0742203e-02;5.7500000e+01;8.8380799e-02;5.7500000e+01;1.1849001e-01;5.7500000e+01;1.5157637e-01;5.7500000e+01;1.8487719e-01;5.7500000e+01;2.2407734e-01;5.7500000e+01;2.6105070e-01;5.7500000e+01;2.8648669e-01;5.7500000e+01;2.8633198e-01;5.7500000e+01;2.6249230e-01;5.7500000e+01;2.2605954e-01;5.7500000e+01;1.8224853e-01;5.7500000e+01;1.3257746e-01;5.7500000e+01;8.7632656e-02;5.7500000e+01;4.7856890e-02;5.7500000e+01;4.2259935e-03;5.7500000e+01;1.6935732e-02;5.7500000e+01;3.6389790e-02;5.7500000e+01;6.0742203e-02;5.7500000e+01;8.8380799e-02;5.7500000e+01;1.1849001e-01;5.7500000e+01;1.5157637e-01;5.7500000e+01;1.8487719e-01;5.7500000e+01;2.2407734e-01;5.7500000e+01;2.6105070e-01;5.7500000e+01;2.8648669e-01;5.7500000e+01;2.8633198e-01;5.7500000e+01;2.6249230e-01;5.7500000e+01;2.2605954e-01;5.7500000e+01;1.8224853e-01;5.7500000e+01;1.3257746e-01;5.7500000e+01;8.7632656e-02;5.7500000e+01;4.7856890e-02;5.7500000e+01;4.2259935e-03;5.7500000e+01;1.6935732e-02;5.7500000e+01;3.6389790e-02;5.7500000e+01;6.0742203e-02;5.7500000e+01;8.8380799e-02;5.7500000e+01;1.1849001e-01;5.7500000e+01;1.5157637e-01;5.7500000e+01;1.8487719e-01;5.7500000e+01;2.2407734e-01;5.7500000e+01;2.6105070e-01;5.7500000e+01;2.8648669e-01;5.7500000e+01;2.8633198e-01;5.7500000e+01;2.6249230e-01;5.7500000e+01;2.2605954e-01;5.7500000e+01;1.8224853e-01;5.7500000e+01;1.3257746e-01;5.7500000e+01;8.7632656e-02;5.7500000e+01;4.7856890e-02;5.7500000e+01;4.2259935e-03;5.7500000e+01;1.6935732e-02;5.7500000e+01;3.6389790e-02;5.7500000e+01;6.0742203e-02;5.7500000e+01;8.8380799e-02;5.7500000e+01;1.1849001e-01;5.7500000e+01;1.5157637e-01;5.7500000e+01;1.8487719e-01;5.7500000e+01;2.2407734e-01;5.7500000e+01;2.6105070e-01;5.7500000e+01;2.8648669e-01;5.7500000e+01;2.8633198e-01;5.7500000e+01;2.6249230e-01;5.7500000e+01;2.2605954e-01;5.7500000e+01;1.8224853e-01;5.7500000e+01;1.3257746e-01;5.7500000e+01;8.7632656e-02;5.7500000e+01;4.7856890e-02;5.7500000e+01;4.2259935e-03;5.7500000e+01;1.6935732e-02;5.7500000e+01;3.6389790e-02;5.7500000e+01;6.0742203e-02;5.7500000e+01;8.8380799e-02;5.7500000e+01;1.1849001e-01;5.7500000e+01;1.5157637e-01;5.7500000e+01;1.8487719e-01;5.7500000e+01;2.2407734e-01;5.7500000e+01;2.6105070e-01;5.7500000e+01;2.8648669e-01;5.7500000e+01;2.8633198e-01;5.7500000e+01;2.6249230e-01;5.7500000e+01;2.2605954e-01;5.7500000e+01;1.8224853e-01;5.7500000e+01;1.3257746e-01;5.7500000e+01;8.7632656e-02;5.7500000e+01;4.7856890e-02;5.7500000e+01;4.2259935e-03;5.7500000e+01;1.6935732e-02;5.7500000e+01;3.6389790e-02;5.7500000e+01;6.0742203e-02;5.7500000e+01;8.8380799e-02;5.7500000e+01;1.1849001e-01;5.7500000e+01;1.5157637e-01;5.7500000e+01;1.8487719e-01;5.7500000e+01;2.2407734e-01;5.7500000e+01;2.6105070e-01;5.7500000e+01;2.8648669e-01;5.7500000e+01;2.8633198e-01;5.7500000e+01;2.6249230e-01;5.7500000e+01;2.2605954e-01;5.7500000e+01;1.8224853e-01;5.7500000e+01;1.3257746e-01;5.7500000e+01;8.7632656e-02;5.7500000e+01;4.7856890e-02;5.7500000e+01;4.2259935e-03;5.7500000e+01;1.6935732e-02;5.7500000e+01;3.6389790e-02;5.7500000e+01;6.0742203e-02;5.7500000e+01;8.8380799e-02;5.7500000e+01;1.1849001e-01;5.7500000e+01;1.5157637e-01;5.7500000e+01;1.8487719e-01;5.7500000e+01;2.2407734e-01;5.7500000e+01;2.6105070e-01;5.7500000e+01;2.8648669e-01;5.7500000e+01;2.8633198e-01;5.7500000e+01;2.6249230e-01;5.7500000e+01;2.2605954e-01;5.7500000e+01;1.8224853e-01;5.7500000e+01;1.3257746e-01;5.7500000e+01;8.7632656e-02;5.7500000e+01;4.7856890e-02;5.7500000e+01;4.2259935e-03;5.7500000e+01;1.6935732e-02;5.7500000e+01;3.6389790e-02;5.7500000e+01;6.0742203e-02;5.7500000e+01;8.8380799e-02;5.7500000e+01;1.1849001e-01;5.7500000e+01;1.5157637e-01;5.7500000e+01;1.8487719e-01;5.7500000e+01;2.2407734e-01;5.7500000e+01;2.6105070e-01;5.7500000e+01;2.8648669e-01;5.7500000e+01;2.8633198e-01;5.7500000e+01;2.6249230e-01;5.7500000e+01;2.2605954e-01;5.7500000e+01;1.8224853e-01;5.7500000e+01;1.3257746e-01;5.7500000e+01;8.7632656e-02;5.7500000e+01;4.7856890e-02;5.7500000e+01;4.2259935e-03;5.7500000e+01;1.6935732e-02;5.7500000e+01;3.6389790e-02;5.7500000e+01;6.0742203e-02;5.7500000e+01;8.8380799e-02;5.7500000e+01;1.1849001e-01;5.7500000e+01;1.5157637e-01;5.7500000e+01;1.8487719e-01;5.7500000e+01;2.2407734e-01;5.7500000e+01;2.6105070e-01;5.7500000e+01;2.8648669e-01;5.7500000e+01;2.8633198e-01;5.7500000e+01;2.6249230e-01;5.7500000e+01;2.2605954e-01;5.7500000e+01;1.8224853e-01;5.7500000e+01;1.3257746e-01;5.7500000e+01;8.7632656e-02;5.7500000e+01;4.7856890e-02;5.7500000e+01;4.2259935e-03;5.7500000e+01;1.6935732e-02;5.7500000e+01;3.6389790e-02;5.7500000e+01;6.0742203e-02;5.7500000e+01;8.8380799e-02;5.7500000e+01;1.1849001e-01;5.7500000e+01;1.5157637e-01;5.7500000e+01;1.8487719e-01;5.7500000e+01;2.2407734e-01;5.7500000e+01;2.6105070e-01;5.7500000e+01;2.8648669e-01;5.7500000e+01;2.8633198e-01;5.7500000e+01;2.6249230e-01;5.7500000e+01;2.2605954e-01;5.7500000e+01;1.8224853e-01;5.7500000e+01;1.3257746e-01;5.7500000e+01;8.7632656e-02;5.7500000e+01;4.7856890e-02;5.7500000e+01;4.2259935e-03;5.7500000e+01;1.6935732e-02;5.7500000e+01;3.6389790e-02;5.7500000e+01;6.0742203e-02;5.7500000e+01;8.8380799e-02;5.7500000e+01;1.1849001e-01;5.7500000e+01;1.5157637e-01;5.7500000e+01;1.8487719e-01;5.7500000e+01;2.2407734e-01;5.7500000e+01;2.6105070e-01;5.7500000e+01;2.8648669e-01;5.7500000e+01;2.8633198e-01;5.7500000e+01;2.6249230e-01;5.7500000e+01;2.2605954e-01;5.7500000e+01;1.8224853e-01;5.7500000e+01;1.3257746e-01;5.7500000e+01;8.7632656e-02;5.7500000e+01;4.7856890e-02;5.7500000e+01;4.2259935e-03;5.7500000e+01;1.6935732e-02;5.7500000e+01;3.6389790e-02;5.7500000e+01;6.0742203e-02;5.7500000e+01;8.8380799e-02;5.7500000e+01;1.1849001e-01;5.7500000e+01;1.5157637e-01;5.7500000e+01;1.8487719e-01;5.7500000e+01;2.2407734e-01;5.7500000e+01;2.6105070e-01;5.7500000e+01;2.8648669e-01;5.7500000e+01;2.8633198e-01;5.7500000e+01;2.6249230e-01;5.7500000e+01;2.2605954e-01;5.7500000e+01;1.8224853e-01;5.7500000e+01;1.3257746e-01;5.7500000e+01;8.7632656e-02;5.7500000e+01;4.7856890e-02;5.7500000e+01;4.2259935e-03;5.7500000e+01;1.6935732e-02;5.7500000e+01;3.6389790e-02;5.7500000e+01;6.0742203e-02;5.7500000e+01;8.8380799e-02;5.7500000e+01;1.1849001e-01;5.7500000e+01;1.5157637e-01;5.7500000e+01;1.8487719e-01;5.7500000e+01;2.2407734e-01;5.7500000e+01;2.6105070e-01;5.7500000e+01;2.8648669e-01;5.7500000e+01;2.8633198e-01;5.7500000e+01;2.6249230e-01;5.7500000e+01;2.2605954e-01;5.7500000e+01;1.8224853e-01;5.7500000e+01;1.3257746e-01;5.7500000e+01;8.7632656e-02;5.7500000e+01;4.7856890e-02;5.7500000e+01;4.2259935e-03;5.7500000e+01;1.6935732e-02;5.7500000e+01;3.6389790e-02;5.7500000e+01;6.0742203e-02;5.7500000e+01;8.8380799e-02;5.7500000e+01;1.1849001e-01;5.7500000e+01;1.5157637e-01;5.7500000e+01;1.8487719e-01;5.7500000e+01;2.2407734e-01;5.7500000e+01;2.6105070e-01;5.7500000e+01;2.8648669e-01;5.7500000e+01;2.8633198e-01;5.7500000e+01;2.6249230e-01;5.7500000e+01;2.2605954e-01;5.7500000e+01;1.8224853e-01;5.7500000e+01;1.3257746e-01;5.7500000e+01;8.7632656e-02;5.7500000e+01;4.7856890e-02;5.7500000e+01;4.2259935e-03;5.7500000e+01;1.6935732e-02;5.7500000e+01;3.6389790e-02;5.7500000e+01;6.0742203e-02;5.7500000e+01;8.8380799e-02;5.7500000e+01;1.1849001e-01;5.7500000e+01;1.5157637e-01;5.7500000e+01;1.8487719e-01;5.7500000e+01;2.2407734e-01;5.7500000e+01;2.6105070e-01;5.7500000e+01;2.8648669e-01;5.7500000e+01;2.8633198e-01;5.7500000e+01;2.6249230e-01;5.7500000e+01;2.2605954e-01;5.7500000e+01;1.8224853e-01;5.7500000e+01;1.3257746e-01;5.7500000e+01;8.7632656e-02;5.7500000e+01;4.7856890e-02;5.7500000e+01;4.2259935e-03;5.7500000e+01;1.6935732e-02;5.7500000e+01;3.6389790e-02;5.7500000e+01;6.0742203e-02;5.7500000e+01;8.8380799e-02;5.7500000e+01;1.1849001e-01;5.7500000e+01;1.5157637e-01;5.7500000e+01;1.8487719e-01;5.7500000e+01;2.2407734e-01;5.7500000e+01;2.6105070e-01;5.7500000e+01;2.8648669e-01;5.7500000e+01;2.8633198e-01;5.7500000e+01;2.6249230e-01;5.7500000e+01;2.2605954e-01;5.7500000e+01;1.8224853e-01;5.7500000e+01;1.3257746e-01;5.7500000e+01;8.7632656e-02;5.7500000e+01;4.7856890e-02;5.7500000e+01;4.2259935e-03;5.7500000e+01;1.6935732e-02;5.7500000e+01;3.6389790e-02;5.7500000e+01;6.0742203e-02;5.7500000e+01;8.8380799e-02;5.7500000e+01;1.1849001e-01;5.7500000e+01;1.5157637e-01;5.7500000e+01;1.8487719e-01;5.7500000e+01;2.2407734e-01;5.7500000e+01;2.6105070e-01;5.7500000e+01;2.8648669e-01;5.7500000e+01;2.8633198e-01;5.7500000e+01;2.6249230e-01;5.7500000e+01;2.2605954e-01;5.7500000e+01;1.8224853e-01;5.7500000e+01;1.3257746e-01;5.7500000e+01;8.7632656e-02;5.7500000e+01;4.7856890e-02;5.7500000e+01;4.2259935e-03;5.7500000e+01;1.6935732e-02;5.7500000e+01;3.6389790e-02;5.7500000e+01;6.0742203e-02;5.7500000e+01;8.8380799e-02;5.7500000e+01;1.1849001e-01;5.7500000e+01;1.5157637e-01;5.7500000e+01;1.8487719e-01;5.7500000e+01;2.2407734e-01;5.7500000e+01;2.6105070e-01;5.7500000e+01;2.8648669e-01;5.7500000e+01;2.8633198e-01;5.7500000e+01;2.6249230e-01;5.7500000e+01;2.2605954e-01;5.7500000e+01;1.8224853e-01;5.7500000e+01;1.3257746e-01;5.7500000e+01;8.7632656e-02;5.7500000e+01;4.7856890e-02;5.7500000e+01;4.2259935e-03;5.7500000e+01;1.6935732e-02;5.7500000e+01;3.6389790e-02;5.7500000e+01;6.0742203e-02;5.7500000e+01;8.8380799e-02;5.7500000e+01;1.1849001e-01;5.7500000e+01;1.5157637e-01;5.7500000e+01;1.8487719e-01;5.7500000e+01;2.2407734e-01;5.7500000e+01;2.6105070e-01;5.7500000e+01;2.8648669e-01;5.7500000e+01;2.8633198e-01;5.7500000e+01;2.6249230e-01;5.7500000e+01;2.2605954e-01;5.7500000e+01;1.8224853e-01;5.7500000e+01;1.3257746e-01;5.7500000e+01;8.7632656e-02;5.7500000e+01;4.7856890e-02;5.7500000e+01;4.2259935e-03;5.7500000e+01;1.6935732e-02;5.7500000e+01;3.6389790e-02;5.7500000e+01;6.0742203e-02;5.7500000e+01;8.8380799e-02;5.7500000e+01;1.1849001e-01;5.7500000e+01;1.5157637e-01;5.7500000e+01;1.8487719e-01;5.7500000e+01;2.2407734e-01;5.7500000e+01;2.6105070e-01;5.7500000e+01;2.8648669e-01;5.7500000e+01;2.8633198e-01;5.7500000e+01;2.6249230e-01;5.7500000e+01;2.2605954e-01;5.7500000e+01;1.8224853e-01;5.7500000e+01;1.3257746e-01;5.7500000e+01;8.7632656e-02;5.7500000e+01;4.7856890e-02;5.7500000e+01;4.2259935e-03;5.7500000e+01;1.6935732e-02;5.7500000e+01;3.6389790e-02;5.7500000e+01;6.0742203e-02;5.7500000e+01;8.8380799e-02;5.7500000e+01;1.1849001e-01;5.7500000e+01;1.5157637e-01;5.7500000e+01;1.8487719e-01;5.7500000e+01;2.2407734e-01;5.7500000e+01;2.6105070e-01;5.7500000e+01;2.8648669e-01;5.7500000e+01;2.8633198e-01;5.7500000e+01;2.6249230e-01;5.7500000e+01;2.2605954e-01;5.7500000e+01;1.8224853e-01;5.7500000e+01;1.3257746e-01;5.7500000e+01;8.7632656e-02;5.7500000e+01;4.7856890e-02;5.7500000e+01;4.2259935e-03;5.7500000e+01;1.6935732e-02;5.7500000e+01;3.6389790e-02;5.7500000e+01;6.0742203e-02;5.7500000e+01;8.8380799e-02;5.7500000e+01;1.1849001e-01;5.7500000e+01;1.5157637e-01;5.7500000e+01;1.8487719e-01;5.7500000e+01;2.2407734e-01;5.7500000e+01;2.6105070e-01;5.7500000e+01;2.8648669e-01;5.7500000e+01;2.8633198e-01;5.7500000e+01;2.6249230e-01;5.7500000e+01;2.2605954e-01;5.7500000e+01;1.8224853e-01;5.7500000e+01;1.3257746e-01;5.7500000e+01;8.7632656e-02;5.7500000e+01;4.7856890e-02;5.7500000e+01;4.2259935e-03;5.7500000e+01;1.6935732e-02;5.7500000e+01;3.6389790e-02;5.7500000e+01;6.0742203e-02;5.7500000e+01;8.8380799e-02;5.7500000e+01;1.1849001e-01;5.7500000e+01;1.5157637e-01;5.7500000e+01;1.8487719e-01;5.7500000e+01;2.2407734e-01;5.7500000e+01;2.6105070e-01;5.7500000e+01;2.8648669e-01;5.7500000e+01;2.8633198e-01;5.7500000e+01;2.6249230e-01;5.7500000e+01;2.2605954e-01;5.7500000e+01;1.8224853e-01;5.7500000e+01;1.3257746e-01;5.7500000e+01;8.7632656e-02;5.7500000e+01;4.7856890e-02;5.7500000e+01;4.2259935e-03;5.7500000e+01;1.6935732e-02;5.7500000e+01;3.6389790e-02;5.7500000e+01;6.0742203e-02;5.7500000e+01;8.8380799e-02;5.7500000e+01;1.1849001e-01;5.7500000e+01;1.5157637e-01;5.7500000e+01;1.8487719e-01;5.7500000e+01;2.2407734e-01;5.7500000e+01;2.6105070e-01;5.7500000e+01;2.8648669e-01;5.7500000e+01;2.8633198e-01;5.7500000e+01;2.6249230e-01;5.7500000e+01;2.2605954e-01;5.7500000e+01;1.8224853e-01;5.7500000e+01;1.3257746e-01;5.7500000e+01;8.7632656e-02;5.7500000e+01;4.7856890e-02;5.7500000e+01;4.2259935e-03;5.7500000e+01;1.6935732e-02;5.7500000e+01;3.6389790e-02;5.7500000e+01;6.0742203e-02;5.7500000e+01;8.8380799e-02;5.7500000e+01;1.1849001e-01;5.7500000e+01;1.5157637e-01;5.7500000e+01;1.8487719e-01;5.7500000e+01;2.2407734e-01;5.7500000e+01;2.6105070e-01;5.7500000e+01;2.8648669e-01;5.7500000e+01;2.8633198e-01;5.7500000e+01;2.6249230e-01;5.7500000e+01;2.2605954e-01;5.7500000e+01;1.8224853e-01;5.7500000e+01;1.3257746e-01;5.7500000e+01;8.7632656e-02;5.7500000e+01;4.7856890e-02;5.7500000e+01;4.2259935e-03;5.7500000e+01;1.6935732e-02;5.7500000e+01;3.6389790e-02;5.7500000e+01;6.0742203e-02;5.7500000e+01;8.8380799e-02;5.7500000e+01;1.1849001e-01;5.7500000e+01;1.5157637e-01;5.7500000e+01;1.8487719e-01;5.7500000e+01;2.2407734e-01;5.7500000e+01;2.6105070e-01;5.7500000e+01;2.8648669e-01;5.7500000e+01;2.8633198e-01;5.7500000e+01;2.6249230e-01;5.7500000e+01;2.2605954e-01;5.7500000e+01;1.8224853e-01;5.7500000e+01;1.3257746e-01;5.7500000e+01;8.7632656e-02;5.7500000e+01;4.7856890e-02;5.7500000e+01;4.2259935e-03;5.7500000e+01;1.6935732e-02;5.7500000e+01;3.6389790e-02;5.7500000e+01;6.0742203e-02;5.7500000e+01;8.8380799e-02;5.7500000e+01;1.1849001e-01;5.7500000e+01;1.5157637e-01;5.7500000e+01;1.8487719e-01;5.7500000e+01;2.2407734e-01;5.7500000e+01;2.6105070e-01;5.7500000e+01;2.8648669e-01;5.7500000e+01;2.8633198e-01;5.7500000e+01;2.6249230e-01;5.7500000e+01;2.2605954e-01;5.7500000e+01;1.8224853e-01;5.7500000e+01;1.3257746e-01;5.7500000e+01;8.7632656e-02;5.7500000e+01;4.7856890e-02;5.7500000e+01;4.2259935e-03;5.7500000e+01;1.6935732e-02;5.7500000e+01;3.6389790e-02;5.7500000e+01;6.0742203e-02;5.7500000e+01;8.8380799e-02;5.7500000e+01;1.1849001e-01;5.7500000e+01;1.5157637e-01;5.7500000e+01;1.8487719e-01;5.7500000e+01;2.2407734e-01;5.7500000e+01;2.6105070e-01;5.7500000e+01;2.8648669e-01;5.7500000e+01;2.8633198e-01;5.7500000e+01;2.6249230e-01;5.7500000e+01;2.2605954e-01;5.7500000e+01;1.8224853e-01;5.7500000e+01;1.3257746e-01;5.7500000e+01;8.7632656e-02;5.7500000e+01;4.7856890e-02;5.7500000e+01;4.2259935e-03;5.7500000e+01;1.6935732e-02;5.7500000e+01;3.6389790e-02;5.7500000e+01;6.0742203e-02;5.7500000e+01;8.8380799e-02;5.7500000e+01;1.1849001e-01;5.7500000e+01;1.5157637e-01;5.7500000e+01;1.8487719e-01;5.7500000e+01;2.2407734e-01;5.7500000e+01;2.6105070e-01;5.7500000e+01;2.8648669e-01;5.7500000e+01;2.8633198e-01;5.7500000e+01;2.6249230e-01;5.7500000e+01;2.2605954e-01;5.7500000e+01;1.8224853e-01;5.7500000e+01;1.3257746e-01;5.7500000e+01;8.7632656e-02;5.7500000e+01;4.7856890e-02;5.7500000e+01;4.2259935e-03;5.7500000e+01;1.6935732e-02;5.7500000e+01;3.6389790e-02;5.7500000e+01;6.0742203e-02;5.7500000e+01;8.8380799e-02;5.7500000e+01;1.1849001e-01;5.7500000e+01;1.5157637e-01;5.7500000e+01;1.8487719e-01;5.7500000e+01;2.2407734e-01;5.7500000e+01;2.6105070e-01;5.7500000e+01;2.8648669e-01;5.7500000e+01;2.8633198e-01;5.7500000e+01;2.6249230e-01;5.7500000e+01;2.2605954e-01;5.7500000e+01;1.8224853e-01;5.7500000e+01;1.3257746e-01;5.7500000e+01;8.7632656e-02;5.7500000e+01;4.7856890e-02;5.7500000e+01;4.2259935e-03;5.7500000e+01;1.6935732e-02;5.7500000e+01;3.6389790e-02;5.7500000e+01;6.0742203e-02;5.7500000e+01;8.8380799e-02;5.7500000e+01;1.1849001e-01;5.7500000e+01;1.5157637e-01;5.7500000e+01;1.8487719e-01;5.7500000e+01;2.2407734e-01;5.7500000e+01;2.6105070e-01;5.7500000e+01;2.8648669e-01;5.7500000e+01;2.8633198e-01;5.7500000e+01;2.6249230e-01;5.7500000e+01;2.2605954e-01;5.7500000e+01;1.8224853e-01;5.7500000e+01;1.3257746e-01;5.7500000e+01;8.7632656e-02;5.7500000e+01;4.7856890e-02;5.7500000e+01;4.2259935e-03;5.7500000e+01;1.6935732e-02;5.7500000e+01;3.6389790e-02;5.7500000e+01;6.0742203e-02;5.7500000e+01;8.8380799e-02;5.7500000e+01;1.1849001e-01;5.7500000e+01;1.5157637e-01;5.7500000e+01;1.8487719e-01;5.7500000e+01;2.2407734e-01;5.7500000e+01;2.6105070e-01;5.7500000e+01;2.8648669e-01;5.7500000e+01;2.8633198e-01;5.7500000e+01;2.6249230e-01;5.7500000e+01;2.2605954e-01;5.7500000e+01;1.8224853e-01;5.7500000e+01;1.3257746e-01;5.7500000e+01;8.7632656e-02;5.7500000e+01;4.7856890e-02;5.7500000e+01;4.2259935e-03;5.7500000e+01;1.6935732e-02;5.7500000e+01;3.6389790e-02;5.7500000e+01;6.0742203e-02;5.7500000e+01;8.8380799e-02;5.7500000e+01;1.1849001e-01;5.7500000e+01;1.5157637e-01;5.7500000e+01;1.8487719e-01;5.7500000e+01;2.2407734e-01;5.7500000e+01;2.6105070e-01;5.7500000e+01;2.8648669e-01;5.7500000e+01;2.8633198e-01;5.7500000e+01;2.6249230e-01;5.7500000e+01;2.2605954e-01;5.7500000e+01;1.8224853e-01;5.7500000e+01;1.3257746e-01;5.7500000e+01;8.7632656e-02;5.7500000e+01;4.7856890e-02;5.7500000e+01;4.2259935e-03;5.7500000e+01;1.6935732e-02;5.7500000e+01;3.6389790e-02;5.7500000e+01;6.0742203e-02;5.7500000e+01;8.8380799e-02;5.7500000e+01;1.1849001e-01;5.7500000e+01;1.5157637e-01;5.7500000e+01;1.8487719e-01;5.7500000e+01;2.2407734e-01;5.7500000e+01;2.6105070e-01;5.7500000e+01;2.8648669e-01;5.7500000e+01;2.8633198e-01;5.7500000e+01;2.6249230e-01;5.7500000e+01;2.2605954e-01;5.7500000e+01;1.8224853e-01;5.7500000e+01;1.3257746e-01;5.7500000e+01;8.7632656e-02;5.7500000e+01;4.7856890e-02;5.7500000e+01;4.2259935e-03;5.7500000e+01;1.6935732e-02;5.7500000e+01;3.6389790e-02;5.7500000e+01;6.0742203e-02;5.7500000e+01;8.8380799e-02;5.7500000e+01;1.1849001e-01;5.7500000e+01;1.5157637e-01;5.7500000e+01;1.8487719e-01;5.7500000e+01;2.2407734e-01;5.7500000e+01;2.6105070e-01;5.7500000e+01;2.8648669e-01;5.7500000e+01;2.8633198e-01;5.7500000e+01;2.6249230e-01;5.7500000e+01;2.2605954e-01;5.7500000e+01;1.8224853e-01;5.7500000e+01;1.3257746e-01;5.7500000e+01;8.7632656e-02;5.7500000e+01;4.7856890e-02;5.7500000e+01;4.2259935e-03;5.7500000e+01;1.6935732e-02;5.7500000e+01;3.6389790e-02;5.7500000e+01;6.0742203e-02;5.7500000e+01;8.8380799e-02;5.7500000e+01;1.1849001e-01;5.7500000e+01;1.5157637e-01;5.7500000e+01;1.8487719e-01;5.7500000e+01;2.2407734e-01;5.7500000e+01;2.6105070e-01;5.7500000e+01;2.8648669e-01;5.7500000e+01;2.8633198e-01;5.7500000e+01;2.6249230e-01;5.7500000e+01;2.2605954e-01;5.7500000e+01;1.8224853e-01;5.7500000e+01;1.3257746e-01;5.7500000e+01;8.7632656e-02;5.7500000e+01;4.7856890e-02;5.7500000e+01;4.2259935e-03;5.7500000e+01;1.6935732e-02;5.7500000e+01;3.6389790e-02;5.7500000e+01;6.0742203e-02;5.7500000e+01;8.8380799e-02;5.7500000e+01;1.1849001e-01;5.7500000e+01;1.5157637e-01;5.7500000e+01;1.8487719e-01;5.7500000e+01;2.2407734e-01;5.7500000e+01;2.6105070e-01;5.7500000e+01;2.8648669e-01;5.7500000e+01;2.8633198e-01;5.7500000e+01;2.6249230e-01;5.7500000e+01;2.2605954e-01;5.7500000e+01;1.8224853e-01;5.7500000e+01;1.3257746e-01;5.7500000e+01;8.7632656e-02;5.7500000e+01;4.7856890e-02;5.7500000e+01;4.2259935e-03;5.7500000e+01;1.6935732e-02;5.7500000e+01;3.6389790e-02;5.7500000e+01;6.0742203e-02;5.7500000e+01;8.8380799e-02;5.7500000e+01;1.1849001e-01;5.7500000e+01;1.5157637e-01;5.7500000e+01;1.8487719e-01;5.7500000e+01;2.2407734e-01;5.7500000e+01;2.6105070e-01;5.7500000e+01;2.8648669e-01;5.7500000e+01;2.8633198e-01;5.7500000e+01;2.6249230e-01;5.7500000e+01;2.2605954e-01;5.7500000e+01;1.8224853e-01;5.7500000e+01;1.3257746e-01;5.7500000e+01;8.7632656e-02;5.7500000e+01;4.7856890e-02;5.7500000e+01;4.2259935e-03;5.7500000e+01;1.6935732e-02;5.7500000e+01;3.6389790e-02;5.7500000e+01;6.0742203e-02;5.7500000e+01;8.8380799e-02;5.7500000e+01;1.1849001e-01;5.7500000e+01;1.5157637e-01;5.7500000e+01;1.8487719e-01;5.7500000e+01;2.2407734e-01;5.7500000e+01;2.6105070e-01;5.7500000e+01;2.8648669e-01;5.7500000e+01;2.8633198e-01;5.7500000e+01;2.6249230e-01;5.7500000e+01;2.2605954e-01;5.7500000e+01;1.8224853e-01;5.7500000e+01;1.3257746e-01;5.7500000e+01;8.7632656e-02;5.7500000e+01;4.7856890e-02;5.7500000e+01;4.2259935e-03;5.7500000e+01;1.6935732e-02;5.7500000e+01;3.6389790e-02;5.7500000e+01;6.0742203e-02;5.7500000e+01;8.8380799e-02;5.7500000e+01;1.1849001e-01;5.7500000e+01;1.5157637e-01;5.7500000e+01;1.8487719e-01;5.7500000e+01;2.2407734e-01;5.7500000e+01;2.6105070e-01;5.7500000e+01;2.8648669e-01;5.7500000e+01;2.8633198e-01;5.7500000e+01;2.6249230e-01;5.7500000e+01;2.2605954e-01;5.7500000e+01;1.8224853e-01;5.7500000e+01;1.3257746e-01;5.7500000e+01;8.7632656e-02;5.7500000e+01;4.7856890e-02;5.7500000e+01;4.2259935e-03;5.7500000e+01;1.6935732e-02;5.7500000e+01;3.6389790e-02;5.7500000e+01;6.0742203e-02;5.7500000e+01;8.8380799e-02;5.7500000e+01;1.1849001e-01;5.7500000e+01;1.5157637e-01;5.7500000e+01;1.8487719e-01;5.7500000e+01;2.2407734e-01;5.7500000e+01;2.6105070e-01;5.7500000e+01;2.8648669e-01;5.7500000e+01;2.8633198e-01;5.7500000e+01;2.6249230e-01;5.7500000e+01;2.2605954e-01;5.7500000e+01;1.8224853e-01;5.7500000e+01;1.3257746e-01;5.7500000e+01;8.7632656e-02;5.7500000e+01;4.7856890e-02;5.7500000e+01;4.2259935e-03;5.7500000e+01;1.6935732e-02;5.7500000e+01;3.6389790e-02;5.7500000e+01;6.0742203e-02;5.7500000e+01;8.8380799e-02;5.7500000e+01;1.1849001e-01;5.7500000e+01;1.5157637e-01;5.7500000e+01;1.8487719e-01;5.7500000e+01;2.2407734e-01;5.7500000e+01;2.6105070e-01;5.7500000e+01;2.8648669e-01;5.7500000e+01;2.8633198e-01;5.7500000e+01;2.6249230e-01;5.7500000e+01;2.2605954e-01;5.7500000e+01;1.8224853e-01;5.7500000e+01;1.3257746e-01;5.7500000e+01;8.7632656e-02;5.7500000e+01;4.7856890e-02;5.7500000e+01;4.2259935e-03;5.7500000e+01;1.6935732e-02;5.7500000e+01;3.6389790e-02;5.7500000e+01;6.0742203e-02;5.7500000e+01;8.8380799e-02;5.7500000e+01;1.1849001e-01;5.7500000e+01;1.5157637e-01;5.7500000e+01;1.8487719e-01;5.7500000e+01;2.2407734e-01;5.7500000e+01;2.6105070e-01;5.7500000e+01;2.8648669e-01;5.7500000e+01;2.8633198e-01;5.7500000e+01;2.6249230e-01;5.7500000e+01;2.2605954e-01;5.7500000e+01;1.8224853e-01;5.7500000e+01;1.3257746e-01;5.7500000e+01;8.7632656e-02;5.7500000e+01;4.7856890e-02;5.7500000e+01;4.2259935e-03;5.7500000e+01;1.6935732e-02;5.7500000e+01;3.6389790e-02;5.7500000e+01;6.0742203e-02;5.7500000e+01;8.8380799e-02;5.7500000e+01;1.1849001e-01;5.7500000e+01;1.5157637e-01;5.7500000e+01;1.8487719e-01;5.7500000e+01;2.2407734e-01;5.7500000e+01;2.6105070e-01;5.7500000e+01;2.8648669e-01;5.7500000e+01;2.8633198e-01;5.7500000e+01;2.6249230e-01;5.7500000e+01;2.2605954e-01;5.7500000e+01;1.8224853e-01;5.7500000e+01;1.3257746e-01;5.7500000e+01;8.7632656e-02;5.7500000e+01;4.7856890e-02;5.7500000e+01;4.2259935e-03;5.7500000e+01;1.6935732e-02;5.7500000e+01;3.6389790e-02;5.7500000e+01;6.0742203e-02;5.7500000e+01;8.8380799e-02;5.7500000e+01;1.1849001e-01;5.7500000e+01;1.5157637e-01;5.7500000e+01;1.8487719e-01;5.7500000e+01;2.2407734e-01;5.7500000e+01;2.6105070e-01;5.7500000e+01;2.8648669e-01;5.7500000e+01;2.8633198e-01;5.7500000e+01;2.6249230e-01;5.7500000e+01;2.2605954e-01;5.7500000e+01;1.8224853e-01;5.7500000e+01;1.3257746e-01;5.7500000e+01;8.7632656e-02;5.7500000e+01;4.7856890e-02;5.7500000e+01;4.2259935e-03;5.7500000e+01;1.6935732e-02;5.7500000e+01;3.6389790e-02;5.7500000e+01;6.0742203e-02;5.7500000e+01;8.8380799e-02;5.7500000e+01;1.1849001e-01;5.7500000e+01;1.5157637e-01;5.7500000e+01;1.8487719e-01;5.7500000e+01;2.2407734e-01;5.7500000e+01;2.6105070e-01;5.7500000e+01;2.8648669e-01;5.7500000e+01;2.8633198e-01;5.7500000e+01;2.6249230e-01;5.7500000e+01;2.2605954e-01;5.7500000e+01;1.8224853e-01;5.7500000e+01;1.3257746e-01;5.7500000e+01;8.7632656e-02;5.7500000e+01;4.7856890e-02;5.7500000e+01;4.2259935e-03;5.7500000e+01;1.6935732e-02;5.7500000e+01;3.6389790e-02;5.7500000e+01;6.0742203e-02;5.7500000e+01;8.8380799e-02;5.7500000e+01;1.1849001e-01;5.7500000e+01;1.5157637e-01;5.7500000e+01;1.8487719e-01;5.7500000e+01;2.2407734e-01;5.7500000e+01;2.6105070e-01;5.7500000e+01;2.8648669e-01;5.7500000e+01;2.8633198e-01;5.7500000e+01;2.6249230e-01;5.7500000e+01;2.2605954e-01;5.7500000e+01;1.8224853e-01;5.7500000e+01;1.3257746e-01;5.7500000e+01;8.7632656e-02;5.7500000e+01;4.7856890e-02;5.7500000e+01;4.2259935e-03;5.7500000e+01;1.6935732e-02;5.7500000e+01;3.6389790e-02;5.7500000e+01;6.0742203e-02;5.7500000e+01;8.8380799e-02;5.7500000e+01;1.1849001e-01;5.7500000e+01;1.5157637e-01;5.7500000e+01;1.8487719e-01;5.7500000e+01;2.2407734e-01;5.7500000e+01;2.6105070e-01;5.7500000e+01;2.8648669e-01;5.7500000e+01;2.8633198e-01;5.7500000e+01;2.6249230e-01;5.7500000e+01;2.2605954e-01;5.7500000e+01;1.8224853e-01;5.7500000e+01;1.3257746e-01;5.7500000e+01;8.7632656e-02;5.7500000e+01;4.7856890e-02;5.7500000e+01;4.2259935e-03;5.7500000e+01;1.6935732e-02;5.7500000e+01;3.6389790e-02;5.7500000e+01;6.0742203e-02;5.7500000e+01;8.8380799e-02;5.7500000e+01;1.1849001e-01;5.7500000e+01;1.5157637e-01;5.7500000e+01;1.8487719e-01;5.7500000e+01;2.2407734e-01;5.7500000e+01;2.6105070e-01;5.7500000e+01;2.8648669e-01;5.7500000e+01;2.8633198e-01;5.7500000e+01;2.6249230e-01;5.7500000e+01;2.2605954e-01;5.7500000e+01;1.8224853e-01;5.7500000e+01;1.3257746e-01;5.7500000e+01;8.7632656e-02;5.7500000e+01;4.7856890e-02;5.7500000e+01;4.2259935e-03;5.7500000e+01;1.6935732e-02;5.7500000e+01;3.6389790e-02;5.7500000e+01;6.0742203e-02;5.7500000e+01;8.8380799e-02;5.7500000e+01;1.1849001e-01;5.7500000e+01;1.5157637e-01;5.7500000e+01;1.8487719e-01;5.7500000e+01;2.2407734e-01;5.7500000e+01;2.6105070e-01;5.7500000e+01;2.8648669e-01;5.7500000e+01;2.8633198e-01;5.7500000e+01;2.6249230e-01;5.7500000e+01;2.2605954e-01;5.7500000e+01;1.8224853e-01;5.7500000e+01;1.3257746e-01;5.7500000e+01;8.7632656e-02;5.7500000e+01;4.7856890e-02;5.7500000e+01;4.2259935e-03;5.7500000e+01;1.6935732e-02;5.7500000e+01;3.6389790e-02;5.7500000e+01;6.0742203e-02;5.7500000e+01;8.8380799e-02;5.7500000e+01;1.1849001e-01;5.7500000e+01;1.5157637e-01;5.7500000e+01;1.8487719e-01;5.7500000e+01;2.2407734e-01;5.7500000e+01;2.6105070e-01;5.7500000e+01;2.8648669e-01;5.7500000e+01;2.8633198e-01;5.7500000e+01;2.6249230e-01;5.7500000e+01;2.2605954e-01;5.7500000e+01;1.8224853e-01;5.7500000e+01;1.3257746e-01;5.7500000e+01;8.7632656e-02;5.7500000e+01;4.7856890e-02;5.7500000e+01;4.2259935e-03;5.7500000e+01;1.6935732e-02;5.7500000e+01;3.6389790e-02;5.7500000e+01;6.0742203e-02;5.7500000e+01;8.8380799e-02;5.7500000e+01;1.1849001e-01;5.7500000e+01;1.5157637e-01;5.7500000e+01;1.8487719e-01;5.7500000e+01;2.2407734e-01;5.7500000e+01;2.6105070e-01;5.7500000e+01;2.8648669e-01;5.7500000e+01;2.8633198e-01;5.7500000e+01;2.6249230e-01;5.7500000e+01;2.2605954e-01;5.7500000e+01;1.8224853e-01;5.7500000e+01;1.3257746e-01;5.7500000e+01;8.7632656e-02;5.7500000e+01;4.7856890e-02;5.7500000e+01;4.2259935e-03;5.7500000e+01;1.6935732e-02;5.7500000e+01;3.6389790e-02;5.7500000e+01;6.0742203e-02;5.7500000e+01;8.8380799e-02;5.7500000e+01;1.1849001e-01;5.7500000e+01;1.5157637e-01;5.7500000e+01;1.8487719e-01;5.7500000e+01;2.2407734e-01;5.7500000e+01;2.6105070e-01;5.7500000e+01;2.8648669e-01;5.7500000e+01;2.8633198e-01;5.7500000e+01;2.6249230e-01;5.7500000e+01;2.2605954e-01;5.7500000e+01;1.8224853e-01;5.7500000e+01;1.3257746e-01;5.7500000e+01;8.7632656e-02;5.7500000e+01;4.7856890e-02;5.7500000e+01;4.2259935e-03;5.7500000e+01;1.6935732e-02;5.7500000e+01;3.6389790e-02;5.7500000e+01;6.0742203e-02;5.7500000e+01;8.8380799e-02;5.7500000e+01;1.1849001e-01;5.7500000e+01;1.5157637e-01;5.7500000e+01;1.8487719e-01;5.7500000e+01;2.2407734e-01;5.7500000e+01;2.6105070e-01;5.7500000e+01;2.8648669e-01;5.7500000e+01;2.8633198e-01;5.7500000e+01;2.6249230e-01;5.7500000e+01;2.2605954e-01;5.7500000e+01;1.8224853e-01;5.7500000e+01;1.3257746e-01;5.7500000e+01;8.7632656e-02;5.7500000e+01;4.7856890e-02;5.7500000e+01;4.2259935e-03;5.7500000e+01;1.6935732e-02;5.7500000e+01;3.6389790e-02;5.7500000e+01;6.0742203e-02;5.7500000e+01;8.8380799e-02;5.7500000e+01;1.1849001e-01;5.7500000e+01;1.5157637e-01;5.7500000e+01;1.8487719e-01;5.7500000e+01;2.2407734e-01;5.7500000e+01;2.6105070e-01;5.7500000e+01;2.8648669e-01;5.7500000e+01;2.8633198e-01;5.7500000e+01;2.6249230e-01;5.7500000e+01;2.2605954e-01;5.7500000e+01;1.8224853e-01;5.7500000e+01;1.3257746e-01;5.7500000e+01;8.7632656e-02;5.7500000e+01;4.7856890e-02;5.7500000e+01;4.2259935e-03;5.7500000e+01;1.6935732e-02;5.7500000e+01;3.6389790e-02;5.7500000e+01;6.0742203e-02;5.7500000e+01;8.8380799e-02;5.7500000e+01;1.1849001e-01;5.7500000e+01;1.5157637e-01;5.7500000e+01;1.8487719e-01;5.7500000e+01;2.2407734e-01;5.7500000e+01;2.6105070e-01;5.7500000e+01;2.8648669e-01;5.7500000e+01;2.8633198e-01;5.7500000e+01;2.6249230e-01;5.7500000e+01;2.2605954e-01;5.7500000e+01;1.8224853e-01;5.7500000e+01;1.3257746e-01;5.7500000e+01;8.7632656e-02;5.7500000e+01;4.7856890e-02;5.7500000e+01;4.2259935e-03;5.7500000e+01;1.6935732e-02;5.7500000e+01;3.6389790e-02;5.7500000e+01;6.0742203e-02;5.7500000e+01;8.8380799e-02;5.7500000e+01;1.1849001e-01;5.7500000e+01;1.5157637e-01;5.7500000e+01;1.8487719e-01;5.7500000e+01;2.2407734e-01;5.7500000e+01;2.6105070e-01;5.7500000e+01;2.8648669e-01;5.7500000e+01;2.8633198e-01;5.7500000e+01;2.6249230e-01;5.7500000e+01;2.2605954e-01;5.7500000e+01;1.8224853e-01;5.7500000e+01;1.3257746e-01;5.7500000e+01;8.7632656e-02;5.7500000e+01;4.7856890e-02;5.7500000e+01;4.2259935e-03;5.7500000e+01;1.6935732e-02;5.7500000e+01;3.6389790e-02;5.7500000e+01;6.0742203e-02;5.7500000e+01;8.8380799e-02;5.7500000e+01;1.1849001e-01;5.7500000e+01;1.5157637e-01;5.7500000e+01;1.8487719e-01;5.7500000e+01;2.2407734e-01;5.7500000e+01;2.6105070e-01;5.7500000e+01;2.8648669e-01;5.7500000e+01;2.8633198e-01;5.7500000e+01;2.6249230e-01;5.7500000e+01;2.2605954e-01;5.7500000e+01;1.8224853e-01;5.7500000e+01;1.3257746e-01;5.7500000e+01;8.7632656e-02;5.7500000e+01;4.7856890e-02;5.7500000e+01;4.2259935e-03;5.7500000e+01;1.6935732e-02;5.7500000e+01;3.6389790e-02;5.7500000e+01;6.0742203e-02;5.7500000e+01;8.8380799e-02;5.7500000e+01;1.1849001e-01;5.7500000e+01;1.5157637e-01;5.7500000e+01;1.8487719e-01;5.7500000e+01;2.2407734e-01;5.7500000e+01;2.6105070e-01;5.7500000e+01;2.8648669e-01;5.7500000e+01;2.8633198e-01;5.7500000e+01;2.6249230e-01;5.7500000e+01;2.2605954e-01;5.7500000e+01;1.8224853e-01;5.7500000e+01;1.3257746e-01;5.7500000e+01;8.7632656e-02;5.7500000e+01;4.7856890e-02;5.7500000e+01;4.2259935e-03;5.7500000e+01;1.6935732e-02;5.7500000e+01;3.6389790e-02;5.7500000e+01;6.0742203e-02;5.7500000e+01;8.8380799e-02;5.7500000e+01;1.1849001e-01;5.7500000e+01;1.5157637e-01;5.7500000e+01;1.8487719e-01;5.7500000e+01;2.2407734e-01;5.7500000e+01;2.6105070e-01;5.7500000e+01;2.8648669e-01;5.7500000e+01;2.8633198e-01;5.7500000e+01;2.6249230e-01;5.7500000e+01;2.2605954e-01;5.7500000e+01;1.8224853e-01;5.7500000e+01;1.3257746e-01;5.7500000e+01;8.7632656e-02;5.7500000e+01;4.7856890e-02;5.7500000e+01;4.2259935e-03;5.7500000e+01;1.6935732e-02;5.7500000e+01;3.6389790e-02;5.7500000e+01;6.0742203e-02;5.7500000e+01;8.8380799e-02;5.7500000e+01;1.1849001e-01;5.7500000e+01;1.5157637e-01;5.7500000e+01;1.8487719e-01;5.7500000e+01;2.2407734e-01;5.7500000e+01;2.6105070e-01;5.7500000e+01;2.8648669e-01;5.7500000e+01;2.8633198e-01;5.7500000e+01;2.6249230e-01;5.7500000e+01;2.2605954e-01;5.7500000e+01;1.8224853e-01;5.7500000e+01;1.3257746e-01;5.7500000e+01;8.7632656e-02;5.7500000e+01;4.7856890e-02;5.7500000e+01;4.2259935e-03;5.7500000e+01;1.6935732e-02;5.7500000e+01;3.6389790e-02;5.7500000e+01;6.0742203e-02;5.7500000e+01;8.8380799e-02;5.7500000e+01;1.1849001e-01;5.7500000e+01;1.5157637e-01;5.7500000e+01;1.8487719e-01;5.7500000e+01;2.2407734e-01;5.7500000e+01;2.6105070e-01;5.7500000e+01;2.8648669e-01;5.7500000e+01;2.8633198e-01;5.7500000e+01;2.6249230e-01;5.7500000e+01;2.2605954e-01;5.7500000e+01;1.8224853e-01;5.7500000e+01;1.3257746e-01;5.7500000e+01;8.7632656e-02;5.7500000e+01;4.7856890e-02;5.7500000e+01;4.2259935e-03;5.7500000e+01;1.6935732e-02;5.7500000e+01;3.6389790e-02;5.7500000e+01;6.0742203e-02;5.7500000e+01;8.8380799e-02;5.7500000e+01;1.1849001e-01;5.7500000e+01;1.5157637e-01;5.7500000e+01;1.8487719e-01;5.7500000e+01;2.2407734e-01;5.7500000e+01;2.6105070e-01;5.7500000e+01;2.8648669e-01;5.7500000e+01;2.8633198e-01;5.7500000e+01;2.6249230e-01;5.7500000e+01;2.2605954e-01;5.7500000e+01;1.8224853e-01;5.7500000e+01;1.3257746e-01;5.7500000e+01;8.7632656e-02;5.7500000e+01;4.7856890e-02;5.7500000e+01;4.2259935e-03;5.7500000e+01;1.6935732e-02;5.7500000e+01;3.6389790e-02;5.7500000e+01;6.0742203e-02;5.7500000e+01;8.8380799e-02;5.7500000e+01;1.1849001e-01;5.7500000e+01;1.5157637e-01;5.7500000e+01;1.8487719e-01;5.7500000e+01;2.2407734e-01;5.7500000e+01;2.6105070e-01;5.7500000e+01;2.8648669e-01;5.7500000e+01;2.8633198e-01;5.7500000e+01;2.6249230e-01;5.7500000e+01;2.2605954e-01;5.7500000e+01;1.8224853e-01;5.7500000e+01;1.3257746e-01;5.7500000e+01;8.7632656e-02;5.7500000e+01;4.7856890e-02;5.7500000e+01;4.2259935e-03;5.7500000e+01;1.6935732e-02;5.7500000e+01;3.6389790e-02;5.7500000e+01;6.0742203e-02;5.7500000e+01;8.8380799e-02;5.7500000e+01;1.1849001e-01;5.7500000e+01;1.5157637e-01;5.7500000e+01;1.8487719e-01;5.7500000e+01;2.2407734e-01;5.7500000e+01;2.6105070e-01;5.7500000e+01;2.8648669e-01;5.7500000e+01;2.8633198e-01;5.7500000e+01;2.6249230e-01;5.7500000e+01;2.2605954e-01;5.7500000e+01;1.8224853e-01;5.7500000e+01;1.3257746e-01;5.7500000e+01;8.7632656e-02;5.7500000e+01;4.7856890e-02;5.7500000e+01;4.2259935e-03;5.7500000e+01;1.6935732e-02;5.7500000e+01;3.6389790e-02;5.7500000e+01;6.0742203e-02;5.7500000e+01;8.8380799e-02;5.7500000e+01;1.1849001e-01;5.7500000e+01;1.5157637e-01;5.7500000e+01;1.8487719e-01;5.7500000e+01;2.2407734e-01;5.7500000e+01;2.6105070e-01;5.7500000e+01;2.8648669e-01;5.7500000e+01;2.8633198e-01;5.7500000e+01;2.6249230e-01;5.7500000e+01;2.2605954e-01;5.7500000e+01;1.8224853e-01;5.7500000e+01;1.3257746e-01;5.7500000e+01;8.7632656e-02;5.7500000e+01;4.7856890e-02;5.7500000e+01;4.2259935e-03;5.7500000e+01;1.6935732e-02;5.7500000e+01;3.6389790e-02;5.7500000e+01;6.0742203e-02;5.7500000e+01;8.8380799e-02;5.7500000e+01;1.1849001e-01;5.7500000e+01;1.5157637e-01;5.7500000e+01;1.8487719e-01;5.7500000e+01;2.2407734e-01;5.7500000e+01;2.6105070e-01;5.7500000e+01;2.8648669e-01;5.7500000e+01;2.8633198e-01;5.7500000e+01;2.6249230e-01;5.7500000e+01;2.2605954e-01;5.7500000e+01;1.8224853e-01;5.7500000e+01;1.3257746e-01;5.7500000e+01;8.7632656e-02;5.7500000e+01;4.7856890e-02;5.7500000e+01;4.2259935e-03;5.7500000e+01;1.6935732e-02;5.7500000e+01;3.6389790e-02;5.7500000e+01;6.0742203e-02;5.7500000e+01;8.8380799e-02;5.7500000e+01;1.1849001e-01;5.7500000e+01;1.5157637e-01;5.7500000e+01;1.8487719e-01;5.7500000e+01;2.2407734e-01;5.7500000e+01;2.6105070e-01;5.7500000e+01;2.8648669e-01;5.7500000e+01;2.8633198e-01;5.7500000e+01;2.6249230e-01;5.7500000e+01;2.2605954e-01;5.7500000e+01;1.8224853e-01;5.7500000e+01;1.3257746e-01;5.7500000e+01;8.7632656e-02;5.7500000e+01;4.7856890e-02;5.7500000e+01;4.2259935e-03;5.7500000e+01;1.6935732e-02;5.7500000e+01;3.6389790e-02;5.7500000e+01;6.0742203e-02;5.7500000e+01;8.8380799e-02;5.7500000e+01;1.1849001e-01;5.7500000e+01;1.5157637e-01;5.7500000e+01;1.8487719e-01;5.7500000e+01;2.2407734e-01;5.7500000e+01;2.6105070e-01;5.7500000e+01;2.8648669e-01;5.7500000e+01;2.8633198e-01;5.7500000e+01;2.6249230e-01;5.7500000e+01;2.2605954e-01;5.7500000e+01;1.8224853e-01;5.7500000e+01;1.3257746e-01;5.7500000e+01;8.7632656e-02;5.7500000e+01;4.7856890e-02;5.7500000e+01;4.2259935e-03;5.7500000e+01;1.6935732e-02;5.7500000e+01;3.6389790e-02;5.7500000e+01;6.0742203e-02;5.7500000e+01;8.8380799e-02;5.7500000e+01;1.1849001e-01;5.7500000e+01;1.5157637e-01;5.7500000e+01;1.8487719e-01;5.7500000e+01;2.2407734e-01;5.7500000e+01;2.6105070e-01;5.7500000e+01;2.8648669e-01;5.7500000e+01;2.8633198e-01;5.7500000e+01;2.6249230e-01;5.7500000e+01;2.2605954e-01;5.7500000e+01;1.8224853e-01;5.7500000e+01;1.3257746e-01;5.7500000e+01;8.7632656e-02;5.7500000e+01;4.7856890e-02;5.7500000e+01;4.2259935e-03;5.7500000e+01;1.6935732e-02;5.7500000e+01;3.6389790e-02;5.7500000e+01;6.0742203e-02;5.7500000e+01;8.8380799e-02;5.7500000e+01;1.1849001e-01;5.7500000e+01;1.5157637e-01;5.7500000e+01;1.8487719e-01;5.7500000e+01;2.2407734e-01;5.7500000e+01;2.6105070e-01;5.7500000e+01;2.8648669e-01;5.7500000e+01;2.8633198e-01;5.7500000e+01;2.6249230e-01;5.7500000e+01;2.2605954e-01;5.7500000e+01;1.8224853e-01;5.7500000e+01;1.3257746e-01;5.7500000e+01;8.7632656e-02;5.7500000e+01;4.7856890e-02;5.7500000e+01;4.2259935e-03;5.7500000e+01;1.6935732e-02;5.7500000e+01;3.6389790e-02;5.7500000e+01;6.0742203e-02;5.7500000e+01;8.8380799e-02;5.7500000e+01;1.1849001e-01;5.7500000e+01;1.5157637e-01;5.7500000e+01;1.8487719e-01;5.7500000e+01;2.2407734e-01;5.7500000e+01;2.6105070e-01;5.7500000e+01;2.8648669e-01;5.7500000e+01;2.8633198e-01;5.7500000e+01;2.6249230e-01;5.7500000e+01;2.2605954e-01;5.7500000e+01;1.8224853e-01;5.7500000e+01;1.3257746e-01;5.7500000e+01;8.7632656e-02;5.7500000e+01;4.7856890e-02;5.7500000e+01;4.2259935e-03;5.7500000e+01;1.6935732e-02;5.7500000e+01;3.6389790e-02;5.7500000e+01;6.0742203e-02;5.7500000e+01;8.8380799e-02;5.7500000e+01;1.1849001e-01;5.7500000e+01;1.5157637e-01;5.7500000e+01;1.8487719e-01;5.7500000e+01;2.2407734e-01;5.7500000e+01;2.6105070e-01;5.7500000e+01;2.8648669e-01;5.7500000e+01;2.8633198e-01;5.7500000e+01;2.6249230e-01;5.7500000e+01;2.2605954e-01;5.7500000e+01;1.8224853e-01;5.7500000e+01;1.3257746e-01;5.7500000e+01;8.7632656e-02;5.7500000e+01;4.7856890e-02;5.7500000e+01;4.2259935e-03;5.7500000e+01;1.6935732e-02;5.7500000e+01;3.6389790e-02;5.7500000e+01;6.0742203e-02;5.7500000e+01;8.8380799e-02;5.7500000e+01;1.1849001e-01;5.7500000e+01;1.5157637e-01;5.7500000e+01;1.8487719e-01;5.7500000e+01;2.2407734e-01;5.7500000e+01;2.6105070e-01;5.7500000e+01;2.8648669e-01;5.7500000e+01;2.8633198e-01;5.7500000e+01;2.6249230e-01;5.7500000e+01;2.2605954e-01;5.7500000e+01;1.8224853e-01;5.7500000e+01;1.3257746e-01;5.7500000e+01;8.7632656e-02;5.7500000e+01;4.7856890e-02;5.7500000e+01;4.2259935e-03;5.7500000e+01;1.6935732e-02;5.7500000e+01;3.6389790e-02;5.7500000e+01;6.0742203e-02;5.7500000e+01;8.8380799e-02;5.7500000e+01;1.1849001e-01;5.7500000e+01;1.5157637e-01;5.7500000e+01;1.8487719e-01;5.7500000e+01;2.2407734e-01;5.7500000e+01;2.6105070e-01;5.7500000e+01;2.8648669e-01;5.7500000e+01;2.8633198e-01;5.7500000e+01;2.6249230e-01;5.7500000e+01;2.2605954e-01;5.7500000e+01;1.8224853e-01;5.7500000e+01;1.3257746e-01;5.7500000e+01;8.7632656e-02;5.7500000e+01;4.7856890e-02;5.7500000e+01;4.2259935e-03;5.7500000e+01;1.6935732e-02;5.7500000e+01;3.6389790e-02;5.7500000e+01;6.0742203e-02;5.7500000e+01;8.8380799e-02;5.7500000e+01;1.1849001e-01;5.7500000e+01;1.5157637e-01;5.7500000e+01;1.8487719e-01;5.7500000e+01;2.2407734e-01;5.7500000e+01;2.6105070e-01;5.7500000e+01;2.8648669e-01;5.7500000e+01;2.8633198e-01;5.7500000e+01;2.6249230e-01;5.7500000e+01;2.2605954e-01;5.7500000e+01;1.8224853e-01;5.7500000e+01;1.3257746e-01;5.7500000e+01;8.7632656e-02;5.7500000e+01;4.7856890e-02;5.7500000e+01;4.2259935e-03;5.7500000e+01;1.6935732e-02;5.7500000e+01;3.6389790e-02;5.7500000e+01;6.0742203e-02;5.7500000e+01;8.8380799e-02;5.7500000e+01;1.1849001e-01;5.7500000e+01;1.5157637e-01;5.7500000e+01;1.8487719e-01;5.7500000e+01;2.2407734e-01;5.7500000e+01;2.6105070e-01;5.7500000e+01;2.8648669e-01;5.7500000e+01;2.8633198e-01;5.7500000e+01;2.6249230e-01;5.7500000e+01;2.2605954e-01;5.7500000e+01;1.8224853e-01;5.7500000e+01;1.3257746e-01;5.7500000e+01;8.7632656e-02;5.7500000e+01;4.7856890e-02;5.7500000e+01;4.2259935e-03;5.7500000e+01;1.6935732e-02;5.7500000e+01;3.6389790e-02;5.7500000e+01;6.0742203e-02;5.7500000e+01;8.8380799e-02;5.7500000e+01;1.1849001e-01;5.7500000e+01;1.5157637e-01;5.7500000e+01;1.8487719e-01;5.7500000e+01;2.2407734e-01;5.7500000e+01;2.6105070e-01;5.7500000e+01;2.8648669e-01;5.7500000e+01;2.8633198e-01;5.7500000e+01;2.6249230e-01;5.7500000e+01;2.2605954e-01;5.7500000e+01;1.8224853e-01;5.7500000e+01;1.3257746e-01;5.7500000e+01;8.7632656e-02;5.7500000e+01;4.7856890e-02;5.7500000e+01;4.2259935e-03;5.7500000e+01;1.6935732e-02;5.7500000e+01;3.6389790e-02;5.7500000e+01;6.0742203e-02;5.7500000e+01;8.8380799e-02;5.7500000e+01;1.1849001e-01;5.7500000e+01;1.5157637e-01;5.7500000e+01;1.8487719e-01;5.7500000e+01;2.2407734e-01;5.7500000e+01;2.6105070e-01;5.7500000e+01;2.8648669e-01;5.7500000e+01;2.8633198e-01;5.7500000e+01;2.6249230e-01;5.7500000e+01;2.2605954e-01;5.7500000e+01;1.8224853e-01;5.7500000e+01;1.3257746e-01;5.7500000e+01;8.7632656e-02;5.7500000e+01;4.7856890e-02;5.7500000e+01;4.2259935e-03;5.7500000e+01;1.6935732e-02;5.7500000e+01;3.6389790e-02;5.7500000e+01;6.0742203e-02;5.7500000e+01;8.8380799e-02;5.7500000e+01;1.1849001e-01;5.7500000e+01;1.5157637e-01;5.7500000e+01;1.8487719e-01;5.7500000e+01;2.2407734e-01;5.7500000e+01;2.6105070e-01;5.7500000e+01;2.8648669e-01;5.7500000e+01;2.8633198e-01;5.7500000e+01;2.6249230e-01;5.7500000e+01;2.2605954e-01;5.7500000e+01;1.8224853e-01;5.7500000e+01;1.3257746e-01;5.7500000e+01;8.7632656e-02;5.7500000e+01;4.7856890e-02;5.7500000e+01;4.2259935e-03;5.7500000e+01;1.6935732e-02;5.7500000e+01;3.6389790e-02;5.7500000e+01;6.0742203e-02;5.7500000e+01;8.8380799e-02;5.7500000e+01;1.1849001e-01;5.7500000e+01;1.5157637e-01;5.7500000e+01;1.8487719e-01;5.7500000e+01;2.2407734e-01;5.7500000e+01;2.6105070e-01;5.7500000e+01;2.8648669e-01;5.7500000e+01;2.8633198e-01;5.7500000e+01;2.6249230e-01;5.7500000e+01;2.2605954e-01;5.7500000e+01;1.8224853e-01;5.7500000e+01;1.3257746e-01;5.7500000e+01;8.7632656e-02;5.7500000e+01;4.7856890e-02;5.7500000e+01;4.2259935e-03;5.7500000e+01;1.6935732e-02;5.7500000e+01;3.6389790e-02;5.7500000e+01;6.0742203e-02;5.7500000e+01;8.8380799e-02;5.7500000e+01;1.1849001e-01;5.7500000e+01;1.5157637e-01;5.7500000e+01;1.8487719e-01;5.7500000e+01;2.2407734e-01;5.7500000e+01;2.6105070e-01;5.7500000e+01;2.8648669e-01;5.7500000e+01;2.8633198e-01;5.7500000e+01;2.6249230e-01;5.7500000e+01;2.2605954e-01;5.7500000e+01;1.8224853e-01;5.7500000e+01;1.3257746e-01;5.7500000e+01;8.7632656e-02;5.7500000e+01;4.7856890e-02;5.7500000e+01;4.2259935e-03;5.7500000e+01;1.6935732e-02;5.7500000e+01;3.6389790e-02;5.7500000e+01;6.0742203e-02;5.7500000e+01;8.8380799e-02;5.7500000e+01;1.1849001e-01;5.7500000e+01;1.5157637e-01;5.7500000e+01;1.8487719e-01;5.7500000e+01;2.2407734e-01;5.7500000e+01;2.6105070e-01;5.7500000e+01;2.8648669e-01;5.7500000e+01;2.8633198e-01;5.7500000e+01;2.6249230e-01;5.7500000e+01;2.2605954e-01;5.7500000e+01;1.8224853e-01;5.7500000e+01;1.3257746e-01;5.7500000e+01;8.7632656e-02;5.7500000e+01;4.7856890e-02;5.7500000e+01;4.2259935e-03;5.7500000e+01;1.6935732e-02;5.7500000e+01;3.6389790e-02;5.7500000e+01;6.0742203e-02;5.7500000e+01;8.8380799e-02;5.7500000e+01;1.1849001e-01;5.7500000e+01;1.5157637e-01;5.7500000e+01;1.8487719e-01;5.7500000e+01;2.2407734e-01;5.7500000e+01;2.6105070e-01;5.7500000e+01;2.8648669e-01;5.7500000e+01;2.8633198e-01;5.7500000e+01;2.6249230e-01;5.7500000e+01;2.2605954e-01;5.7500000e+01;1.8224853e-01;5.7500000e+01;1.3257746e-01;5.7500000e+01;8.7632656e-02;5.7500000e+01;4.7856890e-02;5.7500000e+01;4.2259935e-03;5.7500000e+01;1.6935732e-02;5.7500000e+01;3.6389790e-02;5.7500000e+01;6.0742203e-02;5.7500000e+01;8.8380799e-02;5.7500000e+01;1.1849001e-01;5.7500000e+01;1.5157637e-01;5.7500000e+01;1.8487719e-01;5.7500000e+01;2.2407734e-01;5.7500000e+01;2.6105070e-01;5.7500000e+01;2.8648669e-01;5.7500000e+01;2.8633198e-01;5.7500000e+01;2.6249230e-01;5.7500000e+01;2.2605954e-01;5.7500000e+01;1.8224853e-01;5.7500000e+01;1.3257746e-01;5.7500000e+01;8.7632656e-02;5.7500000e+01;4.7856890e-02;5.7500000e+01;4.2259935e-03;5.7500000e+01;1.6935732e-02;5.7500000e+01;3.6389790e-02;5.7500000e+01;6.0742203e-02;5.7500000e+01;8.8380799e-02;5.7500000e+01;1.1849001e-01;5.7500000e+01;1.5157637e-01;5.7500000e+01;1.8487719e-01;5.7500000e+01;2.2407734e-01;5.7500000e+01;2.6105070e-01;5.7500000e+01;2.8648669e-01;5.7500000e+01;2.8633198e-01;5.7500000e+01;2.6249230e-01;5.7500000e+01;2.2605954e-01;5.7500000e+01;1.8224853e-01;5.7500000e+01;1.3257746e-01;5.7500000e+01;8.7632656e-02;5.7500000e+01;4.7856890e-02;5.7500000e+01;4.2259935e-03;5.7500000e+01;1.6935732e-02;5.7500000e+01;3.6389790e-02;5.7500000e+01;6.0742203e-02;5.7500000e+01;8.8380799e-02;5.7500000e+01;1.1849001e-01;5.7500000e+01;1.5157637e-01;5.7500000e+01;1.8487719e-01;5.7500000e+01;2.2407734e-01;5.7500000e+01;2.6105070e-01;5.7500000e+01;2.8648669e-01;5.7500000e+01;2.8633198e-01;5.7500000e+01;2.6249230e-01;5.7500000e+01;2.2605954e-01;5.7500000e+01;1.8224853e-01;5.7500000e+01;1.3257746e-01;5.7500000e+01;8.7632656e-02;5.7500000e+01;4.7856890e-02;5.7500000e+01;4.2259935e-03;5.7500000e+01;1.6935732e-02;5.7500000e+01;3.6389790e-02;5.7500000e+01;6.0742203e-02;5.7500000e+01;8.8380799e-02;5.7500000e+01;1.1849001e-01;5.7500000e+01;1.5157637e-01;5.7500000e+01;1.8487719e-01;5.7500000e+01;2.2407734e-01;5.7500000e+01;2.6105070e-01;5.7500000e+01;2.8648669e-01;5.7500000e+01;2.8633198e-01;5.7500000e+01;2.6249230e-01;5.7500000e+01;2.2605954e-01;5.7500000e+01;1.8224853e-01;5.7500000e+01;1.3257746e-01;5.7500000e+01;8.7632656e-02;5.7500000e+01;4.7856890e-02;5.7500000e+01;4.2259935e-03;5.7500000e+01;1.6935732e-02;5.7500000e+01;3.6389790e-02;5.7500000e+01;6.0742203e-02;5.7500000e+01;8.8380799e-02;5.7500000e+01;1.1849001e-01;5.7500000e+01;1.5157637e-01;5.7500000e+01;1.8487719e-01;5.7500000e+01;2.2407734e-01;5.7500000e+01;2.6105070e-01;5.7500000e+01;2.8648669e-01;5.7500000e+01;2.8633198e-01;5.7500000e+01;2.6249230e-01;5.7500000e+01;2.2605954e-01;5.7500000e+01;1.8224853e-01;5.7500000e+01;1.3257746e-01;5.7500000e+01;8.7632656e-02;5.7500000e+01;4.7856890e-02;5.7500000e+01;4.2259935e-03;5.7500000e+01;1.6935732e-02;5.7500000e+01;3.6389790e-02;5.7500000e+01;6.0742203e-02;5.7500000e+01;8.8380799e-02;5.7500000e+01;1.1849001e-01;5.7500000e+01;1.5157637e-01;5.7500000e+01;1.8487719e-01;5.7500000e+01;2.2407734e-01;5.7500000e+01;2.6105070e-01;5.7500000e+01;2.8648669e-01;5.7500000e+01;2.8633198e-01;5.7500000e+01;2.6249230e-01;5.7500000e+01;2.2605954e-01;5.7500000e+01;1.8224853e-01;5.7500000e+01;1.3257746e-01;5.7500000e+01;8.7632656e-02;5.7500000e+01;4.7856890e-02;5.7500000e+01;4.2259935e-03;5.7500000e+01;1.6935732e-02;5.7500000e+01;3.6389790e-02;5.7500000e+01;6.0742203e-02;5.7500000e+01;8.8380799e-02;5.7500000e+01;1.1849001e-01;5.7500000e+01;1.5157637e-01;5.7500000e+01;1.8487719e-01;5.7500000e+01;2.2407734e-01;5.7500000e+01;2.6105070e-01;5.7500000e+01;2.8648669e-01;5.7500000e+01;2.8633198e-01;5.7500000e+01;2.6249230e-01;5.7500000e+01;2.2605954e-01;5.7500000e+01;1.8224853e-01;5.7500000e+01;1.3257746e-01;5.7500000e+01;8.7632656e-02;5.7500000e+01;4.7856890e-02;5.7500000e+01;4.2259935e-03;5.7500000e+01;1.6935732e-02;5.7500000e+01;3.6389790e-02;5.7500000e+01;6.0742203e-02;5.7500000e+01;8.8380799e-02;5.7500000e+01;1.1849001e-01;5.7500000e+01;1.5157637e-01;5.7500000e+01;1.8487719e-01;5.7500000e+01;2.2407734e-01;5.7500000e+01;2.6105070e-01;5.7500000e+01;2.8648669e-01;5.7500000e+01;2.8633198e-01;5.7500000e+01;2.6249230e-01;5.7500000e+01;2.2605954e-01;5.7500000e+01;1.8224853e-01;5.7500000e+01;1.3257746e-01;5.7500000e+01;8.7632656e-02;5.7500000e+01;4.7856890e-02;5.7500000e+01;4.2259935e-03;5.7500000e+01;1.6935732e-02;5.7500000e+01;3.6389790e-02;5.7500000e+01;6.0742203e-02;5.7500000e+01;8.8380799e-02;5.7500000e+01;1.1849001e-01;5.7500000e+01;1.5157637e-01;5.7500000e+01;1.8487719e-01;5.7500000e+01;2.2407734e-01;5.7500000e+01;2.6105070e-01;5.7500000e+01;2.8648669e-01;5.7500000e+01;2.8633198e-01;5.7500000e+01;2.6249230e-01;5.7500000e+01;2.2605954e-01;5.7500000e+01;1.8224853e-01;5.7500000e+01;1.3257746e-01;5.7500000e+01;8.7632656e-02;5.7500000e+01;4.7856890e-02;5.7500000e+01;4.2259935e-03;5.7500000e+01;1.6935732e-02;5.7500000e+01;3.6389790e-02;5.7500000e+01;6.0742203e-02;5.7500000e+01;8.8380799e-02;5.7500000e+01;1.1849001e-01;5.7500000e+01;1.5157637e-01;5.7500000e+01;1.8487719e-01;5.7500000e+01;2.2407734e-01;5.7500000e+01;2.6105070e-01;5.7500000e+01;2.8648669e-01;5.7500000e+01;2.8633198e-01;5.7500000e+01;2.6249230e-01;5.7500000e+01;2.2605954e-01;5.7500000e+01;1.8224853e-01;5.7500000e+01;1.3257746e-01;5.7500000e+01;8.7632656e-02;5.7500000e+01;4.7856890e-02;5.7500000e+01;4.2259935e-03;5.7500000e+01;1.6935732e-02;5.7500000e+01;3.6389790e-02;5.7500000e+01;6.0742203e-02;5.7500000e+01;8.8380799e-02;5.7500000e+01;1.1849001e-01;5.7500000e+01;1.5157637e-01;5.7500000e+01;1.8487719e-01;5.7500000e+01;2.2407734e-01;5.7500000e+01;2.6105070e-01;5.7500000e+01;2.8648669e-01;5.7500000e+01;2.8633198e-01;5.7500000e+01;2.6249230e-01;5.7500000e+01;2.2605954e-01;5.7500000e+01;1.8224853e-01;5.7500000e+01;1.3257746e-01;5.7500000e+01;8.7632656e-02;5.7500000e+01;4.7856890e-02;5.7500000e+01;4.2259935e-03;5.7500000e+01;1.6935732e-02;5.7500000e+01;3.6389790e-02;5.7500000e+01;6.0742203e-02;5.7500000e+01;8.8380799e-02;5.7500000e+01;1.1849001e-01;5.7500000e+01;1.5157637e-01;5.7500000e+01;1.8487719e-01;5.7500000e+01;2.2407734e-01;5.7500000e+01;2.6105070e-01;5.7500000e+01;2.8648669e-01;5.7500000e+01;2.8633198e-01;5.7500000e+01;2.6249230e-01;5.7500000e+01;2.2605954e-01;5.7500000e+01;1.8224853e-01;5.7500000e+01;1.3257746e-01;5.7500000e+01;8.7632656e-02;5.7500000e+01;4.7856890e-02;5.7500000e+01;4.2259935e-03;5.7500000e+01;1.6935732e-02;5.7500000e+01;3.6389790e-02;5.7500000e+01;6.0742203e-02;5.7500000e+01;8.8380799e-02;5.7500000e+01;1.1849001e-01;5.7500000e+01;1.5157637e-01;5.7500000e+01;1.8487719e-01;5.7500000e+01;2.2407734e-01;5.7500000e+01;2.6105070e-01;5.7500000e+01;2.8648669e-01;5.7500000e+01;2.8633198e-01;5.7500000e+01;2.6249230e-01;5.7500000e+01;2.2605954e-01;5.7500000e+01;1.8224853e-01;5.7500000e+01;1.3257746e-01;5.7500000e+01;8.7632656e-02;5.7500000e+01;4.7856890e-02;5.7500000e+01;4.2259935e-03;5.7500000e+01;1.6935732e-02;5.7500000e+01;3.6389790e-02;5.7500000e+01;6.0742203e-02;5.7500000e+01;8.8380799e-02;5.7500000e+01;1.1849001e-01;5.7500000e+01;1.5157637e-01;5.7500000e+01;1.8487719e-01;5.7500000e+01;2.2407734e-01;5.7500000e+01;2.6105070e-01;5.7500000e+01;2.8648669e-01;5.7500000e+01;2.8633198e-01;5.7500000e+01;2.6249230e-01;5.7500000e+01;2.2605954e-01;5.7500000e+01;1.8224853e-01;5.7500000e+01;1.3257746e-01;5.7500000e+01;8.7632656e-02;5.7500000e+01;4.7856890e-02;5.7500000e+01;4.2259935e-03;5.7500000e+01;1.6935732e-02;5.7500000e+01;3.6389790e-02;5.7500000e+01;6.0742203e-02;5.7500000e+01;8.8380799e-02;5.7500000e+01;1.1849001e-01;5.7500000e+01;1.5157637e-01;5.7500000e+01;1.8487719e-01;5.7500000e+01;2.2407734e-01;5.7500000e+01;2.6105070e-01;5.7500000e+01;2.8648669e-01;5.7500000e+01;2.8633198e-01;5.7500000e+01;2.6249230e-01;5.7500000e+01;2.2605954e-01;5.7500000e+01;1.8224853e-01;5.7500000e+01;1.3257746e-01;5.7500000e+01;8.7632656e-02;5.7500000e+01;4.7856890e-02;5.7500000e+01;4.2259935e-03;5.7500000e+01;1.6935732e-02;5.7500000e+01;3.6389790e-02;5.7500000e+01;6.0742203e-02;5.7500000e+01;8.8380799e-02;5.7500000e+01;1.1849001e-01;5.7500000e+01;1.5157637e-01;5.7500000e+01;1.8487719e-01;5.7500000e+01;2.2407734e-01;5.7500000e+01;2.6105070e-01;5.7500000e+01;2.8648669e-01;5.7500000e+01;2.8633198e-01;5.7500000e+01;2.6249230e-01;5.7500000e+01;2.2605954e-01;5.7500000e+01;1.8224853e-01;5.7500000e+01;1.3257746e-01;5.7500000e+01;8.7632656e-02;5.7500000e+01;4.7856890e-02;5.7500000e+01;4.2259935e-03;5.7500000e+01;1.6935732e-02;5.7500000e+01;3.6389790e-02;5.7500000e+01;6.0742203e-02;5.7500000e+01;8.8380799e-02;5.7500000e+01;1.1849001e-01;5.7500000e+01;1.5157637e-01;5.7500000e+01;1.8487719e-01;5.7500000e+01;2.2407734e-01;5.7500000e+01;2.6105070e-01;5.7500000e+01;2.8648669e-01;5.7500000e+01;2.8633198e-01;5.7500000e+01;2.6249230e-01;5.7500000e+01;2.2605954e-01;5.7500000e+01;1.8224853e-01;5.7500000e+01;1.3257746e-01;5.7500000e+01;8.7632656e-02;5.7500000e+01;4.7856890e-02;5.7500000e+01;4.2259935e-03;5.7500000e+01;1.6935732e-02;5.7500000e+01;3.6389790e-02;5.7500000e+01;6.0742203e-02;5.7500000e+01;8.8380799e-02;5.7500000e+01;1.1849001e-01;5.7500000e+01;1.5157637e-01;5.7500000e+01;1.8487719e-01;5.7500000e+01;2.2407734e-01;5.7500000e+01;2.6105070e-01;5.7500000e+01;2.8648669e-01;5.7500000e+01;2.8633198e-01;5.7500000e+01;2.6249230e-01;5.7500000e+01;2.2605954e-01;5.7500000e+01;1.8224853e-01;5.7500000e+01;1.3257746e-01;5.7500000e+01;8.7632656e-02;5.7500000e+01;4.7856890e-02;5.7500000e+01;4.2259935e-03;5.7500000e+01;1.6935732e-02;5.7500000e+01;3.6389790e-02;5.7500000e+01;6.0742203e-02;5.7500000e+01;8.8380799e-02;5.7500000e+01;1.1849001e-01;5.7500000e+01;1.5157637e-01;5.7500000e+01;1.8487719e-01;5.7500000e+01;2.2407734e-01;5.7500000e+01;2.6105070e-01;5.7500000e+01;2.8648669e-01;5.7500000e+01;2.8633198e-01;5.7500000e+01;2.6249230e-01;5.7500000e+01;2.2605954e-01;5.7500000e+01;1.8224853e-01;5.7500000e+01;1.3257746e-01;5.7500000e+01;8.7632656e-02;5.7500000e+01;4.7856890e-02;5.7500000e+01;4.2259935e-03;5.7500000e+01;1.6935732e-02;5.7500000e+01;3.6389790e-02;5.7500000e+01;6.0742203e-02;5.7500000e+01;8.8380799e-02;5.7500000e+01;1.1849001e-01;5.7500000e+01;1.5157637e-01;5.7500000e+01;1.8487719e-01;5.7500000e+01;2.2407734e-01;5.7500000e+01;2.6105070e-01;5.7500000e+01;2.8648669e-01;5.7500000e+01;2.8633198e-01;5.7500000e+01;2.6249230e-01;5.7500000e+01;2.2605954e-01;5.7500000e+01;1.8224853e-01;5.7500000e+01;1.3257746e-01;5.7500000e+01;8.7632656e-02;5.7500000e+01;4.7856890e-02;5.7500000e+01;4.2259935e-03;5.7500000e+01;1.6935732e-02;5.7500000e+01;3.6389790e-02;5.7500000e+01;6.0742203e-02;5.7500000e+01;8.8380799e-02;5.7500000e+01;1.1849001e-01;5.7500000e+01;1.5157637e-01;5.7500000e+01;1.8487719e-01;5.7500000e+01;2.2407734e-01;5.7500000e+01;2.6105070e-01;5.7500000e+01;2.8648669e-01;5.7500000e+01;2.8633198e-01;5.7500000e+01;2.6249230e-01;5.7500000e+01;2.2605954e-01;5.7500000e+01;1.8224853e-01;5.7500000e+01;1.3257746e-01;5.7500000e+01;8.7632656e-02;5.7500000e+01;4.7856890e-02;5.7500000e+01;4.2259935e-03;5.7500000e+01;1.6935732e-02;5.7500000e+01;3.6389790e-02;5.7500000e+01;6.0742203e-02;5.7500000e+01;8.8380799e-02;5.7500000e+01;1.1849001e-01;5.7500000e+01;1.5157637e-01;5.7500000e+01;1.8487719e-01;5.7500000e+01;2.2407734e-01;5.7500000e+01;2.6105070e-01;5.7500000e+01;2.8648669e-01;5.7500000e+01;2.8633198e-01;5.7500000e+01;2.6249230e-01;5.7500000e+01;2.2605954e-01;5.7500000e+01;1.8224853e-01;5.7500000e+01;1.3257746e-01;5.7500000e+01;8.7632656e-02;5.7500000e+01;4.7856890e-02;5.7500000e+01;4.2259935e-03;5.7500000e+01;1.6935732e-02;5.7500000e+01;3.6389790e-02;5.7500000e+01;6.0742203e-02;5.7500000e+01;8.8380799e-02;5.7500000e+01;1.1849001e-01;5.7500000e+01;1.5157637e-01;5.7500000e+01;1.8487719e-01;5.7500000e+01;2.2407734e-01;5.7500000e+01;2.6105070e-01;5.7500000e+01;2.8648669e-01;5.7500000e+01;2.8633198e-01;5.7500000e+01;2.6249230e-01;5.7500000e+01;2.2605954e-01;5.7500000e+01;1.8224853e-01;5.7500000e+01;1.3257746e-01;5.7500000e+01;8.7632656e-02;5.7500000e+01;4.7856890e-02;5.7500000e+01;4.2259935e-03;5.7500000e+01;1.6935732e-02;5.7500000e+01;3.6389790e-02;5.7500000e+01;6.0742203e-02;5.7500000e+01;8.8380799e-02;5.7500000e+01;1.1849001e-01;5.7500000e+01;1.5157637e-01;5.7500000e+01;1.8487719e-01;5.7500000e+01;2.2407734e-01;5.7500000e+01;2.6105070e-01;5.7500000e+01;2.8648669e-01;5.7500000e+01;2.8633198e-01;5.7500000e+01;2.6249230e-01;5.7500000e+01;2.2605954e-01;5.7500000e+01;1.8224853e-01;5.7500000e+01;1.3257746e-01;5.7500000e+01;8.7632656e-02;5.7500000e+01;4.7856890e-02;5.7500000e+01;4.2259935e-03;5.7500000e+01;1.6935732e-02;5.7500000e+01;3.6389790e-02;5.7500000e+01;6.0742203e-02;5.7500000e+01;8.8380799e-02;5.7500000e+01;1.1849001e-01;5.7500000e+01;1.5157637e-01;5.7500000e+01;1.8487719e-01;5.7500000e+01;2.2407734e-01;5.7500000e+01;2.6105070e-01;5.7500000e+01;2.8648669e-01;5.7500000e+01;2.8633198e-01;5.7500000e+01;2.6249230e-01;5.7500000e+01;2.2605954e-01;5.7500000e+01;1.8224853e-01;5.7500000e+01;1.3257746e-01;5.7500000e+01;8.7632656e-02;5.7500000e+01;4.7856890e-02;5.7500000e+01;4.2259935e-03;5.7500000e+01;1.6935732e-02;5.7500000e+01;3.6389790e-02;5.7500000e+01;6.0742203e-02;5.7500000e+01;8.8380799e-02;5.7500000e+01;1.1849001e-01;5.7500000e+01;1.5157637e-01;5.7500000e+01;1.8487719e-01;5.7500000e+01;2.2407734e-01;5.7500000e+01;2.6105070e-01;5.7500000e+01;2.8648669e-01;5.7500000e+01;2.8633198e-01;5.7500000e+01;2.6249230e-01;5.7500000e+01;2.2605954e-01;5.7500000e+01;1.8224853e-01;5.7500000e+01;1.3257746e-01;5.7500000e+01;8.7632656e-02;5.7500000e+01;4.7856890e-02;5.7500000e+01;4.2259935e-03;5.7500000e+01;1.6935732e-02;5.7500000e+01;3.6389790e-02;5.7500000e+01;6.0742203e-02;5.7500000e+01;8.8380799e-02;5.7500000e+01;1.1849001e-01;5.7500000e+01;1.5157637e-01;5.7500000e+01;1.8487719e-01;5.7500000e+01;2.2407734e-01;5.7500000e+01;2.6105070e-01;5.7500000e+01;2.8648669e-01;5.7500000e+01;2.8633198e-01;5.7500000e+01;2.6249230e-01;5.7500000e+01;2.2605954e-01;5.7500000e+01;1.8224853e-01;5.7500000e+01;1.3257746e-01;5.7500000e+01;8.7632656e-02;5.7500000e+01;4.7856890e-02;5.7500000e+01;4.2259935e-03;5.7500000e+01;1.6935732e-02;5.7500000e+01;3.6389790e-02;5.7500000e+01;6.0742203e-02;5.7500000e+01;8.8380799e-02;5.7500000e+01;1.1849001e-01;5.7500000e+01;1.5157637e-01;5.7500000e+01;1.8487719e-01;5.7500000e+01;2.2407734e-01;5.7500000e+01;2.6105070e-01;5.7500000e+01;2.8648669e-01;5.7500000e+01;2.8633198e-01;5.7500000e+01;2.6249230e-01;5.7500000e+01;2.2605954e-01;5.7500000e+01;1.8224853e-01;5.7500000e+01;1.3257746e-01;5.7500000e+01;8.7632656e-02;5.7500000e+01;4.7856890e-02;5.7500000e+01;4.2259935e-03;5.7500000e+01;1.6935732e-02;5.7500000e+01;3.6389790e-02;5.7500000e+01;6.0742203e-02;5.7500000e+01;8.8380799e-02;5.7500000e+01;1.1849001e-01;5.7500000e+01;1.5157637e-01;5.7500000e+01;1.8487719e-01;5.7500000e+01;2.2407734e-01;5.7500000e+01;2.6105070e-01;5.7500000e+01;2.8648669e-01;5.7500000e+01;2.8633198e-01;5.7500000e+01;2.6249230e-01;5.7500000e+01;2.2605954e-01;5.7500000e+01;1.8224853e-01;5.7500000e+01;1.3257746e-01;5.7500000e+01;8.7632656e-02;5.7500000e+01;4.7856890e-02;5.7500000e+01;4.2259935e-03;5.7500000e+01;1.6935732e-02;5.7500000e+01;3.6389790e-02;5.7500000e+01;6.0742203e-02;5.7500000e+01;8.8380799e-02;5.7500000e+01;1.1849001e-01;5.7500000e+01;1.5157637e-01;5.7500000e+01;1.8487719e-01;5.7500000e+01;2.2407734e-01;5.7500000e+01;2.6105070e-01;5.7500000e+01;2.8648669e-01;5.7500000e+01;2.8633198e-01;5.7500000e+01;2.6249230e-01;5.7500000e+01;2.2605954e-01;5.7500000e+01;1.8224853e-01;5.7500000e+01;1.3257746e-01;5.7500000e+01;8.7632656e-02;5.7500000e+01;4.7856890e-02;5.7500000e+01;4.2259935e-03;5.7500000e+01;1.6935732e-02;5.7500000e+01;3.6389790e-02;5.7500000e+01;6.0742203e-02;5.7500000e+01;8.8380799e-02;5.7500000e+01;1.1849001e-01;5.7500000e+01;1.5157637e-01;5.7500000e+01;1.8487719e-01;5.7500000e+01;2.2407734e-01;5.7500000e+01;2.6105070e-01;5.7500000e+01;2.8648669e-01;5.7500000e+01;2.8633198e-01;5.7500000e+01;2.6249230e-01;5.7500000e+01;2.2605954e-01;5.7500000e+01;1.8224853e-01;5.7500000e+01;1.3257746e-01;5.7500000e+01;8.7632656e-02;5.7500000e+01;4.7856890e-02;5.7500000e+01;4.2259935e-03;5.7500000e+01;1.6935732e-02;5.7500000e+01;3.6389790e-02;5.7500000e+01;6.0742203e-02;5.7500000e+01;8.8380799e-02;5.7500000e+01;1.1849001e-01;5.7500000e+01;1.5157637e-01;5.7500000e+01;1.8487719e-01;5.7500000e+01;2.2407734e-01;5.7500000e+01;2.6105070e-01;5.7500000e+01;2.8648669e-01;5.7500000e+01;2.8633198e-01;5.7500000e+01;2.6249230e-01;5.7500000e+01;2.2605954e-01;5.7500000e+01;1.8224853e-01;5.7500000e+01;1.3257746e-01;5.7500000e+01;8.7632656e-02;5.7500000e+01;4.7856890e-02;5.7500000e+01;4.2259935e-03;5.7500000e+01;1.6935732e-02;5.7500000e+01;3.6389790e-02;5.7500000e+01;6.0742203e-02;5.7500000e+01;8.8380799e-02;5.7500000e+01;1.1849001e-01;5.7500000e+01;1.5157637e-01;5.7500000e+01;1.8487719e-01;5.7500000e+01;2.2407734e-01;5.7500000e+01;2.6105070e-01;5.7500000e+01;2.8648669e-01;5.7500000e+01;2.8633198e-01;5.7500000e+01;2.6249230e-01;5.7500000e+01;2.2605954e-01;5.7500000e+01;1.8224853e-01;5.7500000e+01;1.3257746e-01;5.7500000e+01;8.7632656e-02;5.7500000e+01;4.7856890e-02;5.7500000e+01;4.2259935e-03;5.7500000e+01;1.6935732e-02;5.7500000e+01;3.6389790e-02;5.7500000e+01;6.0742203e-02;5.7500000e+01;8.8380799e-02;5.7500000e+01;1.1849001e-01;5.7500000e+01;1.5157637e-01;5.7500000e+01;1.8487719e-01;5.7500000e+01;2.2407734e-01;5.7500000e+01;2.6105070e-01;5.7500000e+01;2.8648669e-01;5.7500000e+01;2.8633198e-01;5.7500000e+01;2.6249230e-01;5.7500000e+01;2.2605954e-01;5.7500000e+01;1.8224853e-01;5.7500000e+01;1.3257746e-01;5.7500000e+01;8.7632656e-02;5.7500000e+01;4.7856890e-02;5.7500000e+01;4.2259935e-03;5.7500000e+01;1.6935732e-02;5.7500000e+01;3.6389790e-02;5.7500000e+01;6.0742203e-02;5.7500000e+01;8.8380799e-02;5.7500000e+01;1.1849001e-01;5.7500000e+01;1.5157637e-01;5.7500000e+01;1.8487719e-01;5.7500000e+01;2.2407734e-01;5.7500000e+01;2.6105070e-01;5.7500000e+01;2.8648669e-01;5.7500000e+01;2.8633198e-01;5.7500000e+01;2.6249230e-01;5.7500000e+01;2.2605954e-01;5.7500000e+01;1.8224853e-01;5.7500000e+01;1.3257746e-01;5.7500000e+01;8.7632656e-02;5.7500000e+01;4.7856890e-02;5.7500000e+01;4.2259935e-03;5.7500000e+01;1.6935732e-02;5.7500000e+01;3.6389790e-02;5.7500000e+01;6.0742203e-02;5.7500000e+01;8.8380799e-02;5.7500000e+01;1.1849001e-01;5.7500000e+01;1.5157637e-01;5.7500000e+01;1.8487719e-01;5.7500000e+01;2.2407734e-01;5.7500000e+01;2.6105070e-01;5.7500000e+01;2.8648669e-01;5.7500000e+01;2.8633198e-01;5.7500000e+01;2.6249230e-01;5.7500000e+01;2.2605954e-01;5.7500000e+01;1.8224853e-01;5.7500000e+01;1.3257746e-01;5.7500000e+01;8.7632656e-02;5.7500000e+01;4.7856890e-02;5.7500000e+01;4.2259935e-03;5.7500000e+01;1.6935732e-02;5.7500000e+01;3.6389790e-02;5.7500000e+01;6.0742203e-02;5.7500000e+01;8.8380799e-02;5.7500000e+01;1.1849001e-01;5.7500000e+01;1.5157637e-01;5.7500000e+01;1.8487719e-01;5.7500000e+01;2.2407734e-01;5.7500000e+01;2.6105070e-01;5.7500000e+01;2.8648669e-01;5.7500000e+01;2.8633198e-01;5.7500000e+01;2.6249230e-01;5.7500000e+01;2.2605954e-01;5.7500000e+01;1.8224853e-01;5.7500000e+01;1.3257746e-01;5.7500000e+01;8.7632656e-02;5.7500000e+01;4.7856890e-02;5.7500000e+01;4.2259935e-03;5.7500000e+01;1.6935732e-02;5.7500000e+01;3.6389790e-02;5.7500000e+01;6.0742203e-02;5.7500000e+01;8.8380799e-02;5.7500000e+01;1.1849001e-01;5.7500000e+01;1.5157637e-01;5.7500000e+01;1.8487719e-01;5.7500000e+01;2.2407734e-01;5.7500000e+01;2.6105070e-01;5.7500000e+01;2.8648669e-01;5.7500000e+01;2.8633198e-01;5.7500000e+01;2.6249230e-01;5.7500000e+01;2.2605954e-01;5.7500000e+01;1.8224853e-01;5.7500000e+01;1.3257746e-01;5.7500000e+01;8.7632656e-02;5.7500000e+01;4.7856890e-02;5.7500000e+01;4.2259935e-03;5.7500000e+01;1.6935732e-02;5.7500000e+01;3.6389790e-02;5.7500000e+01;6.0742203e-02;5.7500000e+01;8.8380799e-02;5.7500000e+01;1.1849001e-01;5.7500000e+01;1.5157637e-01;5.7500000e+01;1.8487719e-01;5.7500000e+01;2.2407734e-01;5.7500000e+01;2.6105070e-01;5.7500000e+01;2.8648669e-01;5.7500000e+01;2.8633198e-01;5.7500000e+01;2.6249230e-01;5.7500000e+01;2.2605954e-01;5.7500000e+01;1.8224853e-01;5.7500000e+01;1.3257746e-01;5.7500000e+01;8.7632656e-02;5.7500000e+01;4.7856890e-02;5.7500000e+01;4.2259935e-03;5.7500000e+01;1.6935732e-02;5.7500000e+01;3.6389790e-02;5.7500000e+01;6.0742203e-02;5.7500000e+01;8.8380799e-02;5.7500000e+01;1.1849001e-01;5.7500000e+01;1.5157637e-01;5.7500000e+01;1.8487719e-01;5.7500000e+01;2.2407734e-01;5.7500000e+01;2.6105070e-01;5.7500000e+01;2.8648669e-01;5.7500000e+01;2.8633198e-01;5.7500000e+01;2.6249230e-01;5.7500000e+01;2.2605954e-01;5.7500000e+01;1.8224853e-01;5.7500000e+01;1.3257746e-01;5.7500000e+01;8.7632656e-02;5.7500000e+01;4.7856890e-02;5.7500000e+01;4.2259935e-03;5.7500000e+01;1.6935732e-02;5.7500000e+01;3.6389790e-02;5.7500000e+01;6.0742203e-02;5.7500000e+01;8.8380799e-02;5.7500000e+01;1.1849001e-01;5.7500000e+01;1.5157637e-01;5.7500000e+01;1.8487719e-01;5.7500000e+01;2.2407734e-01;5.7500000e+01;2.6105070e-01;5.7500000e+01;2.8648669e-01;5.7500000e+01;2.8633198e-01;5.7500000e+01;2.6249230e-01;5.7500000e+01;2.2605954e-01;5.7500000e+01;1.8224853e-01;5.7500000e+01;1.3257746e-01;5.7500000e+01;8.7632656e-02;5.7500000e+01;4.7856890e-02;5.7500000e+01;4.2259935e-03;5.7500000e+01;1.6935732e-02;5.7500000e+01;3.6389790e-02;5.7500000e+01;6.0742203e-02;5.7500000e+01;8.8380799e-02;5.7500000e+01;1.1849001e-01;5.7500000e+01;1.5157637e-01;5.7500000e+01;1.8487719e-01;5.7500000e+01;2.2407734e-01;5.7500000e+01;2.6105070e-01;5.7500000e+01;2.8648669e-01;5.7500000e+01;2.8633198e-01;5.7500000e+01;2.6249230e-01;5.7500000e+01;2.2605954e-01;5.7500000e+01;1.8224853e-01;5.7500000e+01;1.3257746e-01;5.7500000e+01;8.7632656e-02;5.7500000e+01;4.7856890e-02;5.7500000e+01;4.2259935e-03;5.7500000e+01;1.6935732e-02;5.7500000e+01;3.6389790e-02;5.7500000e+01;6.0742203e-02;5.7500000e+01;8.8380799e-02;5.7500000e+01;1.1849001e-01;5.7500000e+01;1.5157637e-01;5.7500000e+01;1.8487719e-01;5.7500000e+01;2.2407734e-01;5.7500000e+01;2.6105070e-01;5.7500000e+01;2.8648669e-01;5.7500000e+01;2.8633198e-01;5.7500000e+01;2.6249230e-01;5.7500000e+01;2.2605954e-01;5.7500000e+01;1.8224853e-01;5.7500000e+01;1.3257746e-01;5.7500000e+01;8.7632656e-02;5.7500000e+01;4.7856890e-02;5.7500000e+01;4.2259935e-03;5.7500000e+01;1.6935732e-02;5.7500000e+01;3.6389790e-02;5.7500000e+01;6.0742203e-02;5.7500000e+01;8.8380799e-02;5.7500000e+01;1.1849001e-01;5.7500000e+01;1.5157637e-01;5.7500000e+01;1.8487719e-01;5.7500000e+01;2.2407734e-01;5.7500000e+01;2.6105070e-01;5.7500000e+01;2.8648669e-01;5.7500000e+01;2.8633198e-01;5.7500000e+01;2.6249230e-01;5.7500000e+01;2.2605954e-01;5.7500000e+01;1.8224853e-01;5.7500000e+01;1.3257746e-01;5.7500000e+01;8.7632656e-02;5.7500000e+01;4.7856890e-02;5.7500000e+01;4.2259935e-03;5.7500000e+01;1.6935732e-02;5.7500000e+01;3.6389790e-02;5.7500000e+01;6.0742203e-02;5.7500000e+01;8.8380799e-02;5.7500000e+01;1.1849001e-01;5.7500000e+01;1.5157637e-01;5.7500000e+01;1.8487719e-01;5.7500000e+01;2.2407734e-01;5.7500000e+01;2.6105070e-01;5.7500000e+01;2.8648669e-01;5.7500000e+01;2.8633198e-01;5.7500000e+01;2.6249230e-01;5.7500000e+01;2.2605954e-01;5.7500000e+01;1.8224853e-01;5.7500000e+01;1.3257746e-01;5.7500000e+01;8.7632656e-02;5.7500000e+01;4.7856890e-02;5.7500000e+01;4.2259935e-03;5.7500000e+01;1.6935732e-02;5.7500000e+01;3.6389790e-02;5.7500000e+01;6.0742203e-02;5.7500000e+01;8.8380799e-02;5.7500000e+01;1.1849001e-01;5.7500000e+01;1.5157637e-01;5.7500000e+01;1.8487719e-01;5.7500000e+01;2.2407734e-01;5.7500000e+01;2.6105070e-01;5.7500000e+01;2.8648669e-01;5.7500000e+01;2.8633198e-01;5.7500000e+01;2.6249230e-01;5.7500000e+01;2.2605954e-01;5.7500000e+01;1.8224853e-01;5.7500000e+01;1.3257746e-01;5.7500000e+01;8.7632656e-02;5.7500000e+01;4.7856890e-02;5.7500000e+01;4.2259935e-03;5.7500000e+01;1.6935732e-02;5.7500000e+01;3.6389790e-02;5.7500000e+01;6.0742203e-02;5.7500000e+01;8.8380799e-02;5.7500000e+01;1.1849001e-01;5.7500000e+01;1.5157637e-01;5.7500000e+01;1.8487719e-01;5.7500000e+01;2.2407734e-01;5.7500000e+01;2.6105070e-01;5.7500000e+01;2.8648669e-01;5.7500000e+01;2.8633198e-01;5.7500000e+01;2.6249230e-01;5.7500000e+01;2.2605954e-01;5.7500000e+01;1.8224853e-01;5.7500000e+01;1.3257746e-01;5.7500000e+01;8.7632656e-02;5.7500000e+01;4.7856890e-02;5.7500000e+01;4.2259935e-03;5.7500000e+01;1.6935732e-02;5.7500000e+01;3.6389790e-02;5.7500000e+01;6.0742203e-02;5.7500000e+01;8.8380799e-02;5.7500000e+01;1.1849001e-01;5.7500000e+01;1.5157637e-01;5.7500000e+01;1.8487719e-01;5.7500000e+01;2.2407734e-01;5.7500000e+01;2.6105070e-01;5.7500000e+01;2.8648669e-01;5.7500000e+01;2.8633198e-01;5.7500000e+01;2.6249230e-01;5.7500000e+01;2.2605954e-01;5.7500000e+01;1.8224853e-01;5.7500000e+01;1.3257746e-01;5.7500000e+01;8.7632656e-02;5.7500000e+01;4.7856890e-02;5.7500000e+01;4.2259935e-03;5.7500000e+01;1.6935732e-02;5.7500000e+01;3.6389790e-02;5.7500000e+01;6.0742203e-02;5.7500000e+01;8.8380799e-02;5.7500000e+01;1.1849001e-01;5.7500000e+01;1.5157637e-01;5.7500000e+01;1.8487719e-01;5.7500000e+01;2.2407734e-01;5.7500000e+01;2.6105070e-01;5.7500000e+01;2.8648669e-01;5.7500000e+01;2.8633198e-01;5.7500000e+01;2.6249230e-01;5.7500000e+01;2.2605954e-01;5.7500000e+01;1.8224853e-01;5.7500000e+01;1.3257746e-01;5.7500000e+01;8.7632656e-02;5.7500000e+01;4.7856890e-02;5.7500000e+01;4.2259935e-03;5.7500000e+01;1.6935732e-02;5.7500000e+01;3.6389790e-02;5.7500000e+01;6.0742203e-02;5.7500000e+01;8.8380799e-02;5.7500000e+01;1.1849001e-01;5.7500000e+01;1.5157637e-01;5.7500000e+01;1.8487719e-01;5.7500000e+01;2.2407734e-01;5.7500000e+01;2.6105070e-01;5.7500000e+01;2.8648669e-01;5.7500000e+01;2.8633198e-01;5.7500000e+01;2.6249230e-01;5.7500000e+01;2.2605954e-01;5.7500000e+01;1.8224853e-01;5.7500000e+01;1.3257746e-01;5.7500000e+01;8.7632656e-02;5.7500000e+01;4.7856890e-02;5.7500000e+01;4.2259935e-03;5.7500000e+01;1.6935732e-02;5.7500000e+01;3.6389790e-02;5.7500000e+01;6.0742203e-02;5.7500000e+01;8.8380799e-02;5.7500000e+01;1.1849001e-01;5.7500000e+01;1.5157637e-01;5.7500000e+01;1.8487719e-01;5.7500000e+01;2.2407734e-01;5.7500000e+01;2.6105070e-01;5.7500000e+01;2.8648669e-01;5.7500000e+01;2.8633198e-01;5.7500000e+01;2.6249230e-01;5.7500000e+01;2.2605954e-01;5.7500000e+01;1.8224853e-01;5.7500000e+01;1.3257746e-01;5.7500000e+01;8.7632656e-02;5.7500000e+01;4.7856890e-02;5.7500000e+01;4.2259935e-03;5.7500000e+01;1.6935732e-02;5.7500000e+01;3.6389790e-02;5.7500000e+01;6.0742203e-02;5.7500000e+01;8.8380799e-02;5.7500000e+01;1.1849001e-01;5.7500000e+01;1.5157637e-01;5.7500000e+01;1.8487719e-01;5.7500000e+01;2.2407734e-01;5.7500000e+01;2.6105070e-01;5.7500000e+01;2.8648669e-01;5.7500000e+01;2.8633198e-01;5.7500000e+01;2.6249230e-01;5.7500000e+01;2.2605954e-01;5.7500000e+01;1.8224853e-01;5.7500000e+01;1.3257746e-01;5.7500000e+01;8.7632656e-02;5.7500000e+01;4.7856890e-02;5.7500000e+01;4.2259935e-03;5.7500000e+01;1.6935732e-02;5.7500000e+01;3.6389790e-02;5.7500000e+01;6.0742203e-02;5.7500000e+01;8.8380799e-02;5.7500000e+01;1.1849001e-01;5.7500000e+01;1.5157637e-01;5.7500000e+01;1.8487719e-01;5.7500000e+01;2.2407734e-01;5.7500000e+01;2.6105070e-01;5.7500000e+01;2.8648669e-01;5.7500000e+01;2.8633198e-01;5.7500000e+01;2.6249230e-01;5.7500000e+01;2.2605954e-01;5.7500000e+01;1.8224853e-01;5.7500000e+01;1.3257746e-01;5.7500000e+01;8.7632656e-02;5.7500000e+01;4.7856890e-02;5.7500000e+01;4.2259935e-03;5.7500000e+01;1.6935732e-02;5.7500000e+01;3.6389790e-02;5.7500000e+01;6.0742203e-02;5.7500000e+01;8.8380799e-02;5.7500000e+01;1.1849001e-01;5.7500000e+01;1.5157637e-01;5.7500000e+01;1.8487719e-01;5.7500000e+01;2.2407734e-01;5.7500000e+01;2.6105070e-01;5.7500000e+01;2.8648669e-01;5.7500000e+01;2.8633198e-01;5.7500000e+01;2.6249230e-01;5.7500000e+01;2.2605954e-01;5.7500000e+01;1.8224853e-01;5.7500000e+01;1.3257746e-01;5.7500000e+01;8.7632656e-02;5.7500000e+01;4.7856890e-02;5.7500000e+01;4.2259935e-03;5.7500000e+01;1.6935732e-02;5.7500000e+01;3.6389790e-02;5.7500000e+01;6.0742203e-02;5.7500000e+01;8.8380799e-02;5.7500000e+01;1.1849001e-01;5.7500000e+01;1.5157637e-01;5.7500000e+01;1.8487719e-01;5.7500000e+01;2.2407734e-01;5.7500000e+01;2.6105070e-01;5.7500000e+01;2.8648669e-01;5.7500000e+01;2.8633198e-01;5.7500000e+01;2.6249230e-01;5.7500000e+01;2.2605954e-01;5.7500000e+01;1.8224853e-01;5.7500000e+01;1.3257746e-01;5.7500000e+01;8.7632656e-02;5.7500000e+01;4.7856890e-02;5.7500000e+01;4.2259935e-03;5.7500000e+01;1.6935732e-02;5.7500000e+01;3.6389790e-02;5.7500000e+01;6.0742203e-02;5.7500000e+01;8.8380799e-02;5.7500000e+01;1.1849001e-01;5.7500000e+01;1.5157637e-01;5.7500000e+01;1.8487719e-01;5.7500000e+01;2.2407734e-01;5.7500000e+01;2.6105070e-01;5.7500000e+01;2.8648669e-01;5.7500000e+01;2.8633198e-01;5.7500000e+01;2.6249230e-01;5.7500000e+01;2.2605954e-01;5.7500000e+01;1.8224853e-01;5.7500000e+01;1.3257746e-01;5.7500000e+01;8.7632656e-02;5.7500000e+01;4.7856890e-02;5.7500000e+01;4.2259935e-03;5.7500000e+01;1.6935732e-02;5.7500000e+01;3.6389790e-02;5.7500000e+01;6.0742203e-02;5.7500000e+01;8.8380799e-02;5.7500000e+01;1.1849001e-01;5.7500000e+01;1.5157637e-01;5.7500000e+01;1.8487719e-01;5.7500000e+01;2.2407734e-01;5.7500000e+01;2.6105070e-01;5.7500000e+01;2.8648669e-01;5.7500000e+01;2.8633198e-01;5.7500000e+01;2.6249230e-01;5.7500000e+01;2.2605954e-01;5.7500000e+01;1.8224853e-01;5.7500000e+01;1.3257746e-01;5.7500000e+01;8.7632656e-02;5.7500000e+01;4.7856890e-02;5.7500000e+01;4.2259935e-03;5.7500000e+01;1.6935732e-02;5.7500000e+01;3.6389790e-02;5.7500000e+01;6.0742203e-02;5.7500000e+01;8.8380799e-02;5.7500000e+01;1.1849001e-01;5.7500000e+01;1.5157637e-01;5.7500000e+01;1.8487719e-01;5.7500000e+01;2.2407734e-01;5.7500000e+01;2.6105070e-01;5.7500000e+01;2.8648669e-01;5.7500000e+01;2.8633198e-01;5.7500000e+01;2.6249230e-01;5.7500000e+01;2.2605954e-01;5.7500000e+01;1.8224853e-01;5.7500000e+01;1.3257746e-01;5.7500000e+01;8.7632656e-02;5.7500000e+01;4.7856890e-02;5.7500000e+01;4.2259935e-03;5.7500000e+01;1.6935732e-02;5.7500000e+01;3.6389790e-02;5.7500000e+01;6.0742203e-02;5.7500000e+01;8.8380799e-02;5.7500000e+01;1.1849001e-01;5.7500000e+01;1.5157637e-01;5.7500000e+01;1.8487719e-01;5.7500000e+01;2.2407734e-01;5.7500000e+01;2.6105070e-01;5.7500000e+01;2.8648669e-01;5.7500000e+01;2.8633198e-01;5.7500000e+01;2.6249230e-01;5.7500000e+01;2.2605954e-01;5.7500000e+01;1.8224853e-01;5.7500000e+01;1.3257746e-01;5.7500000e+01;8.7632656e-02;5.7500000e+01;4.7856890e-02;5.7500000e+01;4.2259935e-03;5.7500000e+01;1.6935732e-02;5.7500000e+01;3.6389790e-02;5.7500000e+01;6.0742203e-02;5.7500000e+01;8.8380799e-02;5.7500000e+01;1.1849001e-01;5.7500000e+01;1.5157637e-01;5.7500000e+01;1.8487719e-01;5.7500000e+01;2.2407734e-01;5.7500000e+01;2.6105070e-01;5.7500000e+01;2.8648669e-01;5.7500000e+01;2.8633198e-01;5.7500000e+01;2.6249230e-01;5.7500000e+01;2.2605954e-01;5.7500000e+01;1.8224853e-01;5.7500000e+01;1.3257746e-01;5.7500000e+01;8.7632656e-02;5.7500000e+01;4.7856890e-02;5.7500000e+01;4.2259935e-03;5.7500000e+01;1.6935732e-02;5.7500000e+01;3.6389790e-02;5.7500000e+01;6.0742203e-02;5.7500000e+01;8.8380799e-02;5.7500000e+01;1.1849001e-01;5.7500000e+01;1.5157637e-01;5.7500000e+01;1.8487719e-01;5.7500000e+01;2.2407734e-01;5.7500000e+01;2.6105070e-01;5.7500000e+01;2.8648669e-01;5.7500000e+01;2.8633198e-01;5.7500000e+01;2.6249230e-01;5.7500000e+01;2.2605954e-01;5.7500000e+01;1.8224853e-01;5.7500000e+01;1.3257746e-01;5.7500000e+01;8.7632656e-02;5.7500000e+01;4.7856890e-02;5.7500000e+01;4.2259935e-03;5.7500000e+01;1.6935732e-02;5.7500000e+01;3.6389790e-02;5.7500000e+01;6.0742203e-02;5.7500000e+01;8.8380799e-02;5.7500000e+01;1.1849001e-01;5.7500000e+01;1.5157637e-01;5.7500000e+01;1.8487719e-01;5.7500000e+01;2.2407734e-01;5.7500000e+01;2.6105070e-01;5.7500000e+01;2.8648669e-01;5.7500000e+01;2.8633198e-01;5.7500000e+01;2.6249230e-01;5.7500000e+01;2.2605954e-01;5.7500000e+01;1.8224853e-01;5.7500000e+01;1.3257746e-01;5.7500000e+01;8.7632656e-02;5.7500000e+01;4.7856890e-02;5.7500000e+01;4.2259935e-03;5.7500000e+01;1.6935732e-02;5.7500000e+01;3.6389790e-02;5.7500000e+01;6.0742203e-02;5.7500000e+01;8.8380799e-02;5.7500000e+01;1.1849001e-01;5.7500000e+01;1.5157637e-01;5.7500000e+01;1.8487719e-01;5.7500000e+01;2.2407734e-01;5.7500000e+01;2.6105070e-01;5.7500000e+01;2.8648669e-01;5.7500000e+01;2.8633198e-01;5.7500000e+01;2.6249230e-01;5.7500000e+01;2.2605954e-01;5.7500000e+01;1.8224853e-01;5.7500000e+01;1.3257746e-01;5.7500000e+01;8.7632656e-02;5.7500000e+01;4.7856890e-02;5.7500000e+01;4.2259935e-03;5.7500000e+01;1.6935732e-02;5.7500000e+01;3.6389790e-02;5.7500000e+01;6.0742203e-02;5.7500000e+01;8.8380799e-02;5.7500000e+01;1.1849001e-01;5.7500000e+01;1.5157637e-01;5.7500000e+01;1.8487719e-01;5.7500000e+01;2.2407734e-01;5.7500000e+01;2.6105070e-01;5.7500000e+01;2.8648669e-01;5.7500000e+01;2.8633198e-01;5.7500000e+01;2.6249230e-01;5.7500000e+01;2.2605954e-01;5.7500000e+01;1.8224853e-01;5.7500000e+01;1.3257746e-01;5.7500000e+01;8.7632656e-02;5.7500000e+01;4.7856890e-02;5.7500000e+01;4.2259935e-03;5.7500000e+01;1.6935732e-02;5.7500000e+01;3.6389790e-02;5.7500000e+01;6.0742203e-02;5.7500000e+01;8.8380799e-02;5.7500000e+01;1.1849001e-01;5.7500000e+01;1.5157637e-01;5.7500000e+01;1.8487719e-01;5.7500000e+01;2.2407734e-01;5.7500000e+01;2.6105070e-01;5.7500000e+01;2.8648669e-01;5.7500000e+01;2.8633198e-01;5.7500000e+01;2.6249230e-01;5.7500000e+01;2.2605954e-01;5.7500000e+01;1.8224853e-01;5.7500000e+01;1.3257746e-01;5.7500000e+01;8.7632656e-02;5.7500000e+01;4.7856890e-02;5.7500000e+01;4.2259935e-03;5.7500000e+01;1.6935732e-02;5.7500000e+01;3.6389790e-02;5.7500000e+01;6.0742203e-02;5.7500000e+01;8.8380799e-02;5.7500000e+01;1.1849001e-01;5.7500000e+01;1.5157637e-01;5.7500000e+01;1.8487719e-01;5.7500000e+01;2.2407734e-01;5.7500000e+01;2.6105070e-01;5.7500000e+01;2.8648669e-01;5.7500000e+01;2.8633198e-01;5.7500000e+01;2.6249230e-01;5.7500000e+01;2.2605954e-01;5.7500000e+01;1.8224853e-01;5.7500000e+01;1.3257746e-01;5.7500000e+01;8.7632656e-02;5.7500000e+01;4.7856890e-02;5.7500000e+01;4.2259935e-03;5.7500000e+01;1.6935732e-02;5.7500000e+01;3.6389790e-02;5.7500000e+01;6.0742203e-02;5.7500000e+01;8.8380799e-02;5.7500000e+01;1.1849001e-01;5.7500000e+01;1.5157637e-01;5.7500000e+01;1.8487719e-01;5.7500000e+01;2.2407734e-01;5.7500000e+01;2.6105070e-01;5.7500000e+01;2.8648669e-01;5.7500000e+01;2.8633198e-01;5.7500000e+01;2.6249230e-01;5.7500000e+01;2.2605954e-01;5.7500000e+01;1.8224853e-01;5.7500000e+01;1.3257746e-01;5.7500000e+01;8.7632656e-02;5.7500000e+01;4.7856890e-02;5.7500000e+01;4.2259935e-03;5.7500000e+01;1.6935732e-02;5.7500000e+01;3.6389790e-02;5.7500000e+01;6.0742203e-02;5.7500000e+01;8.8380799e-02;5.7500000e+01;1.1849001e-01;5.7500000e+01;1.5157637e-01;5.7500000e+01;1.8487719e-01;5.7500000e+01;2.2407734e-01;5.7500000e+01;2.6105070e-01;5.7500000e+01;2.8648669e-01;5.7500000e+01;2.8633198e-01;5.7500000e+01;2.6249230e-01;5.7500000e+01;2.2605954e-01;5.7500000e+01;1.8224853e-01;5.7500000e+01;1.3257746e-01;5.7500000e+01;8.7632656e-02;5.7500000e+01;4.7856890e-02;5.7500000e+01;4.2259935e-03;5.7500000e+01;1.6935732e-02;5.7500000e+01;3.6389790e-02;5.7500000e+01;6.0742203e-02;5.7500000e+01;8.8380799e-02;5.7500000e+01;1.1849001e-01;5.7500000e+01;1.5157637e-01;5.7500000e+01;1.8487719e-01;5.7500000e+01;2.2407734e-01;5.7500000e+01;2.6105070e-01;5.7500000e+01;2.8648669e-01;5.7500000e+01;2.8633198e-01;5.7500000e+01;2.6249230e-01;5.7500000e+01;2.2605954e-01;5.7500000e+01;1.8224853e-01;5.7500000e+01;1.3257746e-01;5.7500000e+01;8.7632656e-02;5.7500000e+01;4.7856890e-02;5.7500000e+01;4.2259935e-03;5.7500000e+01;1.6935732e-02;5.7500000e+01;3.6389790e-02;5.7500000e+01;6.0742203e-02;5.7500000e+01;8.8380799e-02;5.7500000e+01;1.1849001e-01;5.7500000e+01;1.5157637e-01;5.7500000e+01;1.8487719e-01;5.7500000e+01;2.2407734e-01;5.7500000e+01;2.6105070e-01;5.7500000e+01;2.8648669e-01;5.7500000e+01;2.8633198e-01;5.7500000e+01;2.6249230e-01;5.7500000e+01;2.2605954e-01;5.7500000e+01;1.8224853e-01;5.7500000e+01;1.3257746e-01;5.7500000e+01;8.7632656e-02;5.7500000e+01;4.7856890e-02;5.7500000e+01;4.2259935e-03;5.7500000e+01;1.6935732e-02;5.7500000e+01;3.6389790e-02;5.7500000e+01;6.0742203e-02;5.7500000e+01;8.8380799e-02;5.7500000e+01;1.1849001e-01;5.7500000e+01;1.5157637e-01;5.7500000e+01;1.8487719e-01;5.7500000e+01;2.2407734e-01;5.7500000e+01;2.6105070e-01;5.7500000e+01;2.8648669e-01;5.7500000e+01;2.8633198e-01;5.7500000e+01;2.6249230e-01;5.7500000e+01;2.2605954e-01;5.7500000e+01;1.8224853e-01;5.7500000e+01;1.3257746e-01;5.7500000e+01;8.7632656e-02;5.7500000e+01;4.7856890e-02;5.7500000e+01;4.2259935e-03;5.7500000e+01;1.6935732e-02;5.7500000e+01;3.6389790e-02;5.7500000e+01;6.0742203e-02;5.7500000e+01;8.8380799e-02;5.7500000e+01;1.1849001e-01;5.7500000e+01;1.5157637e-01;5.7500000e+01;1.8487719e-01;5.7500000e+01;2.2407734e-01;5.7500000e+01;2.6105070e-01;5.7500000e+01;2.8648669e-01;5.7500000e+01;2.8633198e-01;5.7500000e+01;2.6249230e-01;5.7500000e+01;2.2605954e-01;5.7500000e+01;1.8224853e-01;5.7500000e+01;1.3257746e-01;5.7500000e+01;8.7632656e-02;5.7500000e+01;4.7856890e-02;5.7500000e+01;4.2259935e-03;5.7500000e+01;1.6935732e-02;5.7500000e+01;3.6389790e-02;5.7500000e+01;6.0742203e-02;5.7500000e+01;8.8380799e-02;5.7500000e+01;1.1849001e-01;5.7500000e+01;1.5157637e-01;5.7500000e+01;1.8487719e-01;5.7500000e+01;2.2407734e-01;5.7500000e+01;2.6105070e-01;5.7500000e+01;2.8648669e-01;5.7500000e+01;2.8633198e-01;5.7500000e+01;2.6249230e-01;5.7500000e+01;2.2605954e-01;5.7500000e+01;1.8224853e-01;5.7500000e+01;1.3257746e-01;5.7500000e+01;8.7632656e-02;5.7500000e+01;4.7856890e-02;5.7500000e+01;4.2259935e-03;5.7500000e+01;1.6935732e-02;5.7500000e+01;3.6389790e-02;5.7500000e+01;6.0742203e-02;5.7500000e+01;8.8380799e-02;5.7500000e+01;1.1849001e-01;5.7500000e+01;1.5157637e-01;5.7500000e+01;1.8487719e-01;5.7500000e+01;2.2407734e-01;5.7500000e+01;2.6105070e-01;5.7500000e+01;2.8648669e-01;5.7500000e+01;2.8633198e-01;5.7500000e+01;2.6249230e-01;5.7500000e+01;2.2605954e-01;5.7500000e+01;1.8224853e-01;5.7500000e+01;1.3257746e-01;5.7500000e+01;8.7632656e-02;5.7500000e+01;4.7856890e-02;5.7500000e+01;4.2259935e-03;5.7500000e+01;1.6935732e-02;5.7500000e+01;3.6389790e-02;5.7500000e+01;6.0742203e-02;5.7500000e+01;8.8380799e-02;5.7500000e+01;1.1849001e-01;5.7500000e+01;1.5157637e-01;5.7500000e+01;1.8487719e-01;5.7500000e+01;2.2407734e-01;5.7500000e+01;2.6105070e-01;5.7500000e+01;2.8648669e-01;5.7500000e+01;2.8633198e-01;5.7500000e+01;2.6249230e-01;5.7500000e+01;2.2605954e-01;5.7500000e+01;1.8224853e-01;5.7500000e+01;1.3257746e-01;5.7500000e+01;8.7632656e-02;5.7500000e+01;4.7856890e-02;5.7500000e+01;4.2259935e-03;5.7500000e+01;1.6935732e-02;5.7500000e+01;3.6389790e-02;5.7500000e+01;6.0742203e-02;5.7500000e+01;8.8380799e-02;5.7500000e+01;1.1849001e-01;5.7500000e+01;1.5157637e-01;5.7500000e+01;1.8487719e-01;5.7500000e+01;2.2407734e-01;5.7500000e+01;2.6105070e-01;5.7500000e+01;2.8648669e-01;5.7500000e+01;2.8633198e-01;5.7500000e+01;2.6249230e-01;5.7500000e+01;2.2605954e-01;5.7500000e+01;1.8224853e-01;5.7500000e+01;1.3257746e-01;5.7500000e+01;8.7632656e-02;5.7500000e+01;4.7856890e-02;5.7500000e+01;4.2259935e-03;5.7500000e+01;1.6935732e-02;5.7500000e+01;3.6389790e-02;5.7500000e+01;6.0742203e-02;5.7500000e+01;8.8380799e-02;5.7500000e+01;1.1849001e-01;5.7500000e+01;1.5157637e-01;5.7500000e+01;1.8487719e-01;5.7500000e+01;2.2407734e-01;5.7500000e+01;2.6105070e-01;5.7500000e+01;2.8648669e-01;5.7500000e+01;2.8633198e-01;5.7500000e+01;2.6249230e-01;5.7500000e+01;2.2605954e-01;5.7500000e+01;1.8224853e-01;5.7500000e+01;1.3257746e-01;5.7500000e+01;8.7632656e-02;5.7500000e+01;4.7856890e-02;5.7500000e+01;4.2259935e-03;5.7500000e+01;1.6935732e-02;5.7500000e+01;3.6389790e-02;5.7500000e+01;6.0742203e-02;5.7500000e+01;8.8380799e-02;5.7500000e+01;1.1849001e-01;5.7500000e+01;1.5157637e-01;5.7500000e+01;1.8487719e-01;5.7500000e+01;2.2407734e-01;5.7500000e+01;2.6105070e-01;5.7500000e+01;2.8648669e-01;5.7500000e+01;2.8633198e-01;5.7500000e+01;2.6249230e-01;5.7500000e+01;2.2605954e-01;5.7500000e+01;1.8224853e-01;5.7500000e+01;1.3257746e-01;5.7500000e+01;8.7632656e-02;5.7500000e+01;4.7856890e-02;5.7500000e+01;4.2259935e-03;5.7500000e+01;1.6935732e-02;5.7500000e+01;3.6389790e-02;5.7500000e+01;6.0742203e-02;5.7500000e+01;8.8380799e-02;5.7500000e+01;1.1849001e-01;5.7500000e+01;1.5157637e-01;5.7500000e+01;1.8487719e-01;5.7500000e+01;2.2407734e-01;5.7500000e+01;2.6105070e-01;5.7500000e+01;2.8648669e-01;5.7500000e+01;2.8633198e-01;5.7500000e+01;2.6249230e-01;5.7500000e+01;2.2605954e-01;5.7500000e+01;1.8224853e-01;5.7500000e+01;1.3257746e-01;5.7500000e+01;8.7632656e-02;5.7500000e+01;4.7856890e-02;5.7500000e+01;4.2259935e-03;5.7500000e+01;1.6935732e-02;5.7500000e+01;3.6389790e-02;5.7500000e+01;6.0742203e-02;5.7500000e+01;8.8380799e-02;5.7500000e+01;1.1849001e-01;5.7500000e+01;1.5157637e-01;5.7500000e+01;1.8487719e-01;5.7500000e+01;2.2407734e-01;5.7500000e+01;2.6105070e-01;5.7500000e+01;2.8648669e-01;5.7500000e+01;2.8633198e-01;5.7500000e+01;2.6249230e-01;5.7500000e+01;2.2605954e-01;5.7500000e+01;1.8224853e-01;5.7500000e+01;1.3257746e-01;5.7500000e+01;8.7632656e-02;5.7500000e+01;4.7856890e-02;5.7500000e+01;4.2259935e-03;5.7500000e+01;1.6935732e-02;5.7500000e+01;3.6389790e-02;5.7500000e+01;6.0742203e-02;5.7500000e+01;8.8380799e-02;5.7500000e+01;1.1849001e-01;5.7500000e+01;1.5157637e-01;5.7500000e+01;1.8487719e-01;5.7500000e+01;2.2407734e-01;5.7500000e+01;2.6105070e-01;5.7500000e+01;2.8648669e-01;5.7500000e+01;2.8633198e-01;5.7500000e+01;2.6249230e-01;5.7500000e+01;2.2605954e-01;5.7500000e+01;1.8224853e-01;5.7500000e+01;1.3257746e-01;5.7500000e+01;8.7632656e-02;5.7500000e+01;4.7856890e-02;5.7500000e+01;4.2259935e-03;5.7500000e+01;1.6935732e-02;5.7500000e+01;3.6389790e-02;5.7500000e+01;6.0742203e-02;5.7500000e+01;8.8380799e-02;5.7500000e+01;1.1849001e-01;5.7500000e+01;1.5157637e-01;5.7500000e+01;1.8487719e-01;5.7500000e+01;2.2407734e-01;5.7500000e+01;2.6105070e-01;5.7500000e+01;2.8648669e-01;5.7500000e+01;2.8633198e-01;5.7500000e+01;2.6249230e-01;5.7500000e+01;2.2605954e-01;5.7500000e+01;1.8224853e-01;5.7500000e+01;1.3257746e-01;5.7500000e+01;8.7632656e-02;5.7500000e+01;4.7856890e-02;5.7500000e+01;4.2259935e-03;5.7500000e+01;1.6935732e-02;5.7500000e+01;3.6389790e-02;5.7500000e+01;6.0742203e-02;5.7500000e+01;8.8380799e-02;5.7500000e+01;1.1849001e-01;5.7500000e+01;1.5157637e-01;5.7500000e+01;1.8487719e-01;5.7500000e+01;2.2407734e-01;5.7500000e+01;2.6105070e-01;5.7500000e+01;2.8648669e-01;5.7500000e+01;2.8633198e-01;5.7500000e+01;2.6249230e-01;5.7500000e+01;2.2605954e-01;5.7500000e+01;1.8224853e-01;5.7500000e+01;1.3257746e-01;5.7500000e+01;8.7632656e-02;5.7500000e+01;4.7856890e-02;5.7500000e+01;4.2259935e-03;5.7500000e+01;1.6935732e-02;5.7500000e+01;3.6389790e-02;5.7500000e+01;6.0742203e-02;5.7500000e+01;8.8380799e-02;5.7500000e+01;1.1849001e-01;5.7500000e+01;1.5157637e-01;5.7500000e+01;1.8487719e-01;5.7500000e+01;2.2407734e-01;5.7500000e+01;2.6105070e-01;5.7500000e+01;2.8648669e-01;5.7500000e+01;2.8633198e-01;5.7500000e+01;2.6249230e-01;5.7500000e+01;2.2605954e-01;5.7500000e+01;1.8224853e-01;5.7500000e+01;1.3257746e-01;5.7500000e+01;8.7632656e-02;5.7500000e+01;4.7856890e-02;5.7500000e+01;4.2259935e-03;5.7500000e+01;1.6935732e-02;5.7500000e+01;3.6389790e-02;5.7500000e+01;6.0742203e-02;5.7500000e+01;8.8380799e-02;5.7500000e+01;1.1849001e-01;5.7500000e+01;1.5157637e-01;5.7500000e+01;1.8487719e-01;5.7500000e+01;2.2407734e-01;5.7500000e+01;2.6105070e-01;5.7500000e+01;2.8648669e-01;5.7500000e+01;2.8633198e-01;5.7500000e+01;2.6249230e-01;5.7500000e+01;2.2605954e-01;5.7500000e+01;1.8224853e-01;5.7500000e+01;1.3257746e-01;5.7500000e+01;8.7632656e-02;5.7500000e+01;4.7856890e-02;5.7500000e+01;4.2259935e-03;5.7500000e+01;1.6935732e-02;5.7500000e+01;3.6389790e-02;5.7500000e+01;6.0742203e-02;5.7500000e+01;8.8380799e-02;5.7500000e+01;1.1849001e-01;5.7500000e+01;1.5157637e-01;5.7500000e+01;1.8487719e-01;5.7500000e+01;2.2407734e-01;5.7500000e+01;2.6105070e-01;5.7500000e+01;2.8648669e-01;5.7500000e+01;2.8633198e-01;5.7500000e+01;2.6249230e-01;5.7500000e+01;2.2605954e-01;5.7500000e+01;1.8224853e-01;5.7500000e+01;1.3257746e-01;5.7500000e+01;8.7632656e-02;5.7500000e+01;4.7856890e-02;5.7500000e+01;4.2259935e-03;5.7500000e+01;1.6935732e-02;5.7500000e+01;3.6389790e-02;5.7500000e+01;6.0742203e-02;5.7500000e+01;8.8380799e-02;5.7500000e+01;1.1849001e-01;5.7500000e+01;1.5157637e-01;5.7500000e+01;1.8487719e-01;5.7500000e+01;2.2407734e-01;5.7500000e+01;2.6105070e-01;5.7500000e+01;2.8648669e-01;5.7500000e+01;2.8633198e-01;5.7500000e+01;2.6249230e-01;5.7500000e+01;2.2605954e-01;5.7500000e+01;1.8224853e-01;5.7500000e+01;1.3257746e-01;5.7500000e+01;8.7632656e-02;5.7500000e+01;4.7856890e-02;5.7500000e+01;4.2259935e-03;5.7500000e+01;1.6935732e-02;5.7500000e+01;3.6389790e-02;5.7500000e+01;6.0742203e-02;5.7500000e+01;8.8380799e-02;5.7500000e+01;1.1849001e-01;5.7500000e+01;1.5157637e-01;5.7500000e+01;1.8487719e-01;5.7500000e+01;2.2407734e-01;5.7500000e+01;2.6105070e-01;5.7500000e+01;2.8648669e-01;5.7500000e+01;2.8633198e-01;5.7500000e+01;2.6249230e-01;5.7500000e+01;2.2605954e-01;5.7500000e+01;1.8224853e-01;5.7500000e+01;1.3257746e-01;5.7500000e+01;8.7632656e-02;5.7500000e+01;4.7856890e-02;5.7500000e+01;4.2259935e-03;5.7500000e+01;1.6935732e-02;5.7500000e+01;3.6389790e-02;5.7500000e+01;6.0742203e-02;5.7500000e+01;8.8380799e-02;5.7500000e+01;1.1849001e-01;5.7500000e+01;1.5157637e-01;5.7500000e+01;1.8487719e-01;5.7500000e+01;2.2407734e-01;5.7500000e+01;2.6105070e-01;5.7500000e+01;2.8648669e-01;5.7500000e+01;2.8633198e-01;5.7500000e+01;2.6249230e-01;5.7500000e+01;2.2605954e-01;5.7500000e+01;1.8224853e-01;5.7500000e+01;1.3257746e-01;5.7500000e+01;8.7632656e-02;5.7500000e+01;4.7856890e-02;5.7500000e+01;4.2259935e-03;5.7500000e+01;1.6935732e-02;5.7500000e+01;3.6389790e-02;5.7500000e+01;6.0742203e-02;5.7500000e+01;8.8380799e-02;5.7500000e+01;1.1849001e-01;5.7500000e+01;1.5157637e-01;5.7500000e+01;1.8487719e-01;5.7500000e+01;2.2407734e-01;5.7500000e+01;2.6105070e-01;5.7500000e+01;2.8648669e-01;5.7500000e+01;2.8633198e-01;5.7500000e+01;2.6249230e-01;5.7500000e+01;2.2605954e-01;5.7500000e+01;1.8224853e-01;5.7500000e+01;1.3257746e-01;5.7500000e+01;8.7632656e-02;5.7500000e+01;4.7856890e-02;5.7500000e+01;4.2259935e-03;5.7500000e+01;1.6935732e-02;5.7500000e+01;3.6389790e-02;5.7500000e+01;6.0742203e-02;5.7500000e+01;8.8380799e-02;5.7500000e+01;1.1849001e-01;5.7500000e+01;1.5157637e-01;5.7500000e+01;1.8487719e-01;5.7500000e+01;2.2407734e-01;5.7500000e+01;2.6105070e-01;5.7500000e+01;2.8648669e-01;5.7500000e+01;2.8633198e-01;5.7500000e+01;2.6249230e-01;5.7500000e+01;2.2605954e-01;5.7500000e+01;1.8224853e-01;5.7500000e+01;1.3257746e-01;5.7500000e+01;8.7632656e-02;5.7500000e+01;4.7856890e-02;5.7500000e+01;4.2259935e-03;5.7500000e+01;1.6935732e-02;5.7500000e+01;3.6389790e-02;5.7500000e+01;6.0742203e-02;5.7500000e+01;8.8380799e-02;5.7500000e+01;1.1849001e-01;5.7500000e+01;1.5157637e-01;5.7500000e+01;1.8487719e-01;5.7500000e+01;2.2407734e-01;5.7500000e+01;2.6105070e-01;5.7500000e+01;2.8648669e-01;5.7500000e+01;2.8633198e-01;5.7500000e+01;2.6249230e-01;5.7500000e+01;2.2605954e-01;5.7500000e+01;1.8224853e-01;5.7500000e+01;1.3257746e-01;5.7500000e+01;8.7632656e-02;5.7500000e+01;4.7856890e-02;5.7500000e+01;4.2259935e-03;5.7500000e+01;1.6935732e-02;5.7500000e+01;3.6389790e-02;5.7500000e+01;6.0742203e-02;5.7500000e+01;8.8380799e-02;5.7500000e+01;1.1849001e-01;5.7500000e+01;1.5157637e-01;5.7500000e+01;1.8487719e-01;5.7500000e+01;2.2407734e-01;5.7500000e+01;2.6105070e-01;5.7500000e+01;2.8648669e-01;5.7500000e+01;2.8633198e-01;5.7500000e+01;2.6249230e-01;5.7500000e+01;2.2605954e-01;5.7500000e+01;1.8224853e-01;5.7500000e+01;1.3257746e-01;5.7500000e+01;8.7632656e-02;5.7500000e+01;4.7856890e-02;5.7500000e+01;4.2259935e-03;5.7500000e+01;1.6935732e-02;5.7500000e+01;3.6389790e-02;5.7500000e+01;6.0742203e-02;5.7500000e+01;8.8380799e-02;5.7500000e+01;1.1849001e-01;5.7500000e+01;1.5157637e-01;5.7500000e+01;1.8487719e-01;5.7500000e+01;2.2407734e-01;5.7500000e+01;2.6105070e-01;5.7500000e+01;2.8648669e-01;5.7500000e+01;2.8633198e-01;5.7500000e+01;2.6249230e-01;5.7500000e+01;2.2605954e-01;5.7500000e+01;1.8224853e-01;5.7500000e+01;1.3257746e-01;5.7500000e+01;8.7632656e-02;5.7500000e+01;4.7856890e-02;5.7500000e+01;4.2259935e-03;5.7500000e+01;1.6935732e-02;5.7500000e+01;3.6389790e-02;5.7500000e+01;6.0742203e-02;5.7500000e+01;8.8380799e-02;5.7500000e+01;1.1849001e-01;5.7500000e+01;1.5157637e-01;5.7500000e+01;1.8487719e-01;5.7500000e+01;2.2407734e-01;5.7500000e+01;2.6105070e-01;5.7500000e+01;2.8648669e-01;5.7500000e+01;2.8633198e-01;5.7500000e+01;2.6249230e-01;5.7500000e+01;2.2605954e-01;5.7500000e+01;1.8224853e-01;5.7500000e+01;1.3257746e-01;5.7500000e+01;8.7632656e-02;5.7500000e+01;4.7856890e-02;5.7500000e+01;4.2259935e-03;5.7500000e+01;1.6935732e-02;5.7500000e+01;3.6389790e-02;5.7500000e+01;6.0742203e-02;5.7500000e+01;8.8380799e-02;5.7500000e+01;1.1849001e-01;5.7500000e+01;1.5157637e-01;5.7500000e+01;1.8487719e-01;5.7500000e+01;2.2407734e-01;5.7500000e+01;2.6105070e-01;5.7500000e+01;2.8648669e-01;5.7500000e+01;2.8633198e-01;5.7500000e+01;2.6249230e-01;5.7500000e+01;2.2605954e-01;5.7500000e+01;1.8224853e-01;5.7500000e+01;1.3257746e-01;5.7500000e+01;8.7632656e-02;5.7500000e+01;4.7856890e-02;5.7500000e+01;4.2259935e-03;5.7500000e+01;1.6935732e-02;5.7500000e+01;3.6389790e-02;5.7500000e+01;6.0742203e-02;5.7500000e+01;8.8380799e-02;5.7500000e+01;1.1849001e-01;5.7500000e+01;1.5157637e-01;5.7500000e+01;1.8487719e-01;5.7500000e+01;2.2407734e-01;5.7500000e+01;2.6105070e-01;5.7500000e+01;2.8648669e-01;5.7500000e+01;2.8633198e-01;5.7500000e+01;2.6249230e-01;5.7500000e+01;2.2605954e-01;5.7500000e+01;1.8224853e-01;5.7500000e+01;1.3257746e-01;5.7500000e+01;8.7632656e-02;5.7500000e+01;4.7856890e-02;5.7500000e+01;4.2259935e-03;5.7500000e+01;1.6935732e-02;5.7500000e+01;3.6389790e-02;5.7500000e+01;6.0742203e-02;5.7500000e+01;8.8380799e-02;5.7500000e+01;1.1849001e-01;5.7500000e+01;1.5157637e-01;5.7500000e+01;1.8487719e-01;5.7500000e+01;2.2407734e-01;5.7500000e+01;2.6105070e-01;5.7500000e+01;2.8648669e-01;5.7500000e+01;2.8633198e-01;5.7500000e+01;2.6249230e-01;5.7500000e+01;2.2605954e-01;5.7500000e+01;1.8224853e-01;5.7500000e+01;1.3257746e-01;5.7500000e+01;8.7632656e-02;5.7500000e+01;4.7856890e-02;5.7500000e+01;4.2259935e-03;5.7500000e+01;1.6935732e-02;5.7500000e+01;3.6389790e-02;5.7500000e+01;6.0742203e-02;5.7500000e+01;8.8380799e-02;5.7500000e+01;1.1849001e-01;5.7500000e+01;1.5157637e-01;5.7500000e+01;1.8487719e-01;5.7500000e+01;2.2407734e-01;5.7500000e+01;2.6105070e-01;5.7500000e+01;2.8648669e-01;5.7500000e+01;2.8633198e-01;5.7500000e+01;2.6249230e-01;5.7500000e+01;2.2605954e-01;5.7500000e+01;1.8224853e-01;5.7500000e+01;1.3257746e-01;5.7500000e+01;8.7632656e-02;5.7500000e+01;4.7856890e-02;5.7500000e+01;4.2259935e-03;5.7500000e+01;1.6935732e-02;5.7500000e+01;3.6389790e-02;5.7500000e+01;6.0742203e-02;5.7500000e+01;8.8380799e-02;5.7500000e+01;1.1849001e-01;5.7500000e+01;1.5157637e-01;5.7500000e+01;1.8487719e-01;5.7500000e+01;2.2407734e-01;5.7500000e+01;2.6105070e-01;5.7500000e+01;2.8648669e-01;5.7500000e+01;2.8633198e-01;5.7500000e+01;2.6249230e-01;5.7500000e+01;2.2605954e-01;5.7500000e+01;1.8224853e-01;5.7500000e+01;1.3257746e-01;5.7500000e+01;8.7632656e-02;5.7500000e+01;4.7856890e-02;5.7500000e+01;4.2259935e-03;5.7500000e+01;1.6935732e-02;5.7500000e+01;3.6389790e-02;5.7500000e+01;6.0742203e-02;5.7500000e+01;8.8380799e-02;5.7500000e+01;1.1849001e-01;5.7500000e+01;1.5157637e-01;5.7500000e+01;1.8487719e-01;5.7500000e+01;2.2407734e-01;5.7500000e+01;2.6105070e-01;5.7500000e+01;2.8648669e-01;5.7500000e+01;2.8633198e-01;5.7500000e+01;2.6249230e-01;5.7500000e+01;2.2605954e-01;5.7500000e+01;1.8224853e-01;5.7500000e+01;1.3257746e-01;5.7500000e+01;8.7632656e-02;5.7500000e+01;4.7856890e-02;5.7500000e+01;4.2259935e-03;5.7500000e+01;1.6935732e-02;5.7500000e+01;3.6389790e-02;5.7500000e+01;6.0742203e-02;5.7500000e+01;8.8380799e-02;5.7500000e+01;1.1849001e-01;5.7500000e+01;1.5157637e-01;5.7500000e+01;1.8487719e-01;5.7500000e+01;2.2407734e-01;5.7500000e+01;2.6105070e-01;5.7500000e+01;2.8648669e-01;5.7500000e+01;2.8633198e-01;5.7500000e+01;2.6249230e-01;5.7500000e+01;2.2605954e-01;5.7500000e+01;1.8224853e-01;5.7500000e+01;1.3257746e-01;5.7500000e+01;8.7632656e-02;5.7500000e+01;4.7856890e-02;5.7500000e+01;4.2259935e-03;5.7500000e+01;1.6935732e-02;5.7500000e+01;3.6389790e-02;5.7500000e+01;6.0742203e-02;5.7500000e+01;8.8380799e-02;5.7500000e+01;1.1849001e-01;5.7500000e+01;1.5157637e-01;5.7500000e+01;1.8487719e-01;5.7500000e+01;2.2407734e-01;5.7500000e+01;2.6105070e-01;5.7500000e+01;2.8648669e-01;5.7500000e+01;2.8633198e-01;5.7500000e+01;2.6249230e-01;5.7500000e+01;2.2605954e-01;5.7500000e+01;1.8224853e-01;5.7500000e+01;1.3257746e-01;5.7500000e+01;8.7632656e-02;5.7500000e+01;4.7856890e-02;5.7500000e+01;4.2259935e-03;5.7500000e+01;1.6935732e-02;5.7500000e+01;3.6389790e-02;5.7500000e+01;6.0742203e-02;5.7500000e+01;8.8380799e-02;5.7500000e+01;1.1849001e-01;5.7500000e+01;1.5157637e-01;5.7500000e+01;1.8487719e-01;5.7500000e+01;2.2407734e-01;5.7500000e+01;2.6105070e-01;5.7500000e+01;2.8648669e-01;5.7500000e+01;2.8633198e-01;5.7500000e+01;2.6249230e-01;5.7500000e+01;2.2605954e-01;5.7500000e+01;1.8224853e-01;5.7500000e+01;1.3257746e-01;5.7500000e+01;8.7632656e-02;5.7500000e+01;4.7856890e-02;5.7500000e+01;4.2259935e-03;5.7500000e+01;1.6935732e-02;5.7500000e+01;3.6389790e-02;5.7500000e+01;6.0742203e-02;5.7500000e+01;8.8380799e-02;5.7500000e+01;1.1849001e-01;5.7500000e+01;1.5157637e-01;5.7500000e+01;1.8487719e-01;5.7500000e+01;2.2407734e-01;5.7500000e+01;2.6105070e-01;5.7500000e+01;2.8648669e-01;5.7500000e+01;2.8633198e-01;5.7500000e+01;2.6249230e-01;5.7500000e+01;2.2605954e-01;5.7500000e+01;1.8224853e-01;5.7500000e+01;1.3257746e-01;5.7500000e+01;8.7632656e-02;5.7500000e+01;4.7856890e-02;5.7500000e+01;4.2259935e-03;5.7500000e+01;1.6935732e-02;5.7500000e+01;3.6389790e-02;5.7500000e+01;6.0742203e-02;5.7500000e+01;8.8380799e-02;5.7500000e+01;1.1849001e-01;5.7500000e+01;1.5157637e-01;5.7500000e+01;1.8487719e-01;5.7500000e+01;2.2407734e-01;5.7500000e+01;2.6105070e-01;5.7500000e+01;2.8648669e-01;5.7500000e+01;2.8633198e-01;5.7500000e+01;2.6249230e-01;5.7500000e+01;2.2605954e-01;5.7500000e+01;1.8224853e-01;5.7500000e+01;1.3257746e-01;5.7500000e+01;8.7632656e-02;5.7500000e+01;4.7856890e-02;5.7500000e+01;4.2259935e-03;5.7500000e+01;1.6935732e-02;5.7500000e+01;3.6389790e-02;5.7500000e+01;6.0742203e-02;5.7500000e+01;8.8380799e-02;5.7500000e+01;1.1849001e-01;5.7500000e+01;1.5157637e-01;5.7500000e+01;1.8487719e-01;5.7500000e+01;2.2407734e-01;5.7500000e+01;2.6105070e-01;5.7500000e+01;2.8648669e-01;5.7500000e+01;2.8633198e-01;5.7500000e+01;2.6249230e-01;5.7500000e+01;2.2605954e-01;5.7500000e+01;1.8224853e-01;5.7500000e+01;1.3257746e-01;5.7500000e+01;8.7632656e-02;5.7500000e+01;4.7856890e-02;5.7500000e+01;4.2259935e-03;5.7500000e+01;1.6935732e-02;5.7500000e+01;3.6389790e-02;5.7500000e+01;6.0742203e-02;5.7500000e+01;8.8380799e-02;5.7500000e+01;1.1849001e-01;5.7500000e+01;1.5157637e-01;5.7500000e+01;1.8487719e-01;5.7500000e+01;2.2407734e-01;5.7500000e+01;2.6105070e-01;5.7500000e+01;2.8648669e-01;5.7500000e+01;2.8633198e-01;5.7500000e+01;2.6249230e-01;5.7500000e+01;2.2605954e-01;5.7500000e+01;1.8224853e-01;5.7500000e+01;1.3257746e-01;5.7500000e+01;8.7632656e-02;5.7500000e+01;4.7856890e-02;5.7500000e+01;4.2259935e-03;5.7500000e+01;1.6935732e-02;5.7500000e+01;3.6389790e-02;5.7500000e+01;6.0742203e-02;5.7500000e+01;8.8380799e-02;5.7500000e+01;1.1849001e-01;5.7500000e+01;1.5157637e-01;5.7500000e+01;1.8487719e-01;5.7500000e+01;2.2407734e-01;5.7500000e+01;2.6105070e-01;5.7500000e+01;2.8648669e-01;5.7500000e+01;2.8633198e-01;5.7500000e+01;2.6249230e-01;5.7500000e+01;2.2605954e-01;5.7500000e+01;1.8224853e-01;5.7500000e+01;1.3257746e-01;5.7500000e+01;8.7632656e-02;5.7500000e+01;4.7856890e-02;5.7500000e+01;4.2259935e-03;5.7500000e+01;1.6935732e-02;5.7500000e+01;3.6389790e-02;5.7500000e+01;6.0742203e-02;5.7500000e+01;8.8380799e-02;5.7500000e+01;1.1849001e-01;5.7500000e+01;1.5157637e-01;5.7500000e+01;1.8487719e-01;5.7500000e+01;2.2407734e-01;5.7500000e+01;2.6105070e-01;5.7500000e+01;2.8648669e-01;5.7500000e+01;2.8633198e-01;5.7500000e+01;2.6249230e-01;5.7500000e+01;2.2605954e-01;5.7500000e+01;1.8224853e-01;5.7500000e+01;1.3257746e-01;5.7500000e+01;8.7632656e-02;5.7500000e+01;4.7856890e-02;5.7500000e+01;4.2259935e-03;5.7500000e+01;1.6935732e-02;5.7500000e+01;3.6389790e-02;5.7500000e+01;6.0742203e-02;5.7500000e+01;8.8380799e-02;5.7500000e+01;1.1849001e-01;5.7500000e+01;1.5157637e-01;5.7500000e+01;1.8487719e-01;5.7500000e+01;2.2407734e-01;5.7500000e+01;2.6105070e-01;5.7500000e+01;2.8648669e-01;5.7500000e+01;2.8633198e-01;5.7500000e+01;2.6249230e-01;5.7500000e+01;2.2605954e-01;5.7500000e+01;1.8224853e-01;5.7500000e+01;1.3257746e-01;5.7500000e+01;8.7632656e-02;5.7500000e+01;4.7856890e-02;5.7500000e+01;4.2259935e-03;5.7500000e+01;1.6935732e-02;5.7500000e+01;3.6389790e-02;5.7500000e+01;6.0742203e-02;5.7500000e+01;8.8380799e-02;5.7500000e+01;1.1849001e-01;5.7500000e+01;1.5157637e-01;5.7500000e+01;1.8487719e-01;5.7500000e+01;2.2407734e-01;5.7500000e+01;2.6105070e-01;5.7500000e+01;2.8648669e-01;5.7500000e+01;2.8633198e-01;5.7500000e+01;2.6249230e-01;5.7500000e+01;2.2605954e-01;5.7500000e+01;1.8224853e-01;5.7500000e+01;1.3257746e-01;5.7500000e+01;8.7632656e-02;5.7500000e+01;4.7856890e-02;5.7500000e+01;4.2259935e-03;5.7500000e+01;1.6935732e-02;5.7500000e+01;3.6389790e-02;5.7500000e+01;6.0742203e-02;5.7500000e+01;8.8380799e-02;5.7500000e+01;1.1849001e-01;5.7500000e+01;1.5157637e-01;5.7500000e+01;1.8487719e-01;5.7500000e+01;2.2407734e-01;5.7500000e+01;2.6105070e-01;5.7500000e+01;2.8648669e-01;5.7500000e+01;2.8633198e-01;5.7500000e+01;2.6249230e-01;5.7500000e+01;2.2605954e-01;5.7500000e+01;1.8224853e-01;5.7500000e+01;1.3257746e-01;5.7500000e+01;8.7632656e-02;5.7500000e+01;4.7856890e-02;5.7500000e+01;4.2259935e-03;5.7500000e+01;1.6935732e-02;5.7500000e+01;3.6389790e-02;5.7500000e+01;6.0742203e-02;5.7500000e+01;8.8380799e-02;5.7500000e+01;1.1849001e-01;5.7500000e+01;1.5157637e-01;5.7500000e+01;1.8487719e-01;5.7500000e+01;2.2407734e-01;5.7500000e+01;2.6105070e-01;5.7500000e+01;2.8648669e-01;5.7500000e+01;2.8633198e-01;5.7500000e+01;2.6249230e-01;5.7500000e+01;2.2605954e-01;5.7500000e+01;1.8224853e-01;5.7500000e+01;1.3257746e-01;5.7500000e+01;8.7632656e-02;5.7500000e+01;4.7856890e-02;5.7500000e+01;4.2259935e-03;5.7500000e+01;1.6935732e-02;5.7500000e+01;3.6389790e-02;5.7500000e+01;6.0742203e-02;5.7500000e+01;8.8380799e-02;5.7500000e+01;1.1849001e-01;5.7500000e+01;1.5157637e-01;5.7500000e+01;1.8487719e-01;5.7500000e+01;2.2407734e-01;5.7500000e+01;2.6105070e-01;5.7500000e+01;2.8648669e-01;5.7500000e+01;2.8633198e-01;5.7500000e+01;2.6249230e-01;5.7500000e+01;2.2605954e-01;5.7500000e+01;1.8224853e-01;5.7500000e+01;1.3257746e-01;5.7500000e+01;8.7632656e-02;5.7500000e+01;4.7856890e-02;5.7500000e+01;4.2259935e-03;5.7500000e+01;1.6935732e-02;5.7500000e+01;3.6389790e-02;5.7500000e+01;6.0742203e-02;5.7500000e+01;8.8380799e-02;5.7500000e+01;1.1849001e-01;5.7500000e+01;1.5157637e-01;5.7500000e+01;1.8487719e-01;5.7500000e+01;2.2407734e-01;5.7500000e+01;2.6105070e-01;5.7500000e+01;2.8648669e-01;5.7500000e+01;2.8633198e-01;5.7500000e+01;2.6249230e-01;5.7500000e+01;2.2605954e-01;5.7500000e+01;1.8224853e-01;5.7500000e+01;1.3257746e-01;5.7500000e+01;8.7632656e-02;5.7500000e+01;4.7856890e-02;5.7500000e+01;4.2259935e-03;5.7500000e+01;1.6935732e-02;5.7500000e+01;3.6389790e-02;5.7500000e+01;6.0742203e-02;5.7500000e+01;8.8380799e-02;5.7500000e+01;1.1849001e-01;5.7500000e+01;1.5157637e-01;5.7500000e+01;1.8487719e-01;5.7500000e+01;2.2407734e-01;5.7500000e+01;2.6105070e-01;5.7500000e+01;2.8648669e-01;5.7500000e+01;2.8633198e-01;5.7500000e+01;2.6249230e-01;5.7500000e+01;2.2605954e-01;5.7500000e+01;1.8224853e-01;5.7500000e+01;1.3257746e-01;5.7500000e+01;8.7632656e-02;5.7500000e+01;4.7856890e-02;5.7500000e+01;4.2259935e-03;5.7500000e+01;1.6935732e-02;5.7500000e+01;3.6389790e-02;5.7500000e+01;6.0742203e-02;5.7500000e+01;8.8380799e-02;5.7500000e+01;1.1849001e-01;5.7500000e+01;1.5157637e-01;5.7500000e+01;1.8487719e-01;5.7500000e+01;2.2407734e-01;5.7500000e+01;2.6105070e-01;5.7500000e+01;2.8648669e-01;5.7500000e+01;2.8633198e-01;5.7500000e+01;2.6249230e-01;5.7500000e+01;2.2605954e-01;5.7500000e+01;1.8224853e-01;5.7500000e+01;1.3257746e-01;5.7500000e+01;8.7632656e-02;5.7500000e+01;4.7856890e-02;5.7500000e+01;4.2259935e-03;5.7500000e+01;1.6935732e-02;5.7500000e+01;3.6389790e-02;5.7500000e+01;6.0742203e-02;5.7500000e+01;8.8380799e-02;5.7500000e+01;1.1849001e-01;5.7500000e+01;1.5157637e-01;5.7500000e+01;1.8487719e-01;5.7500000e+01;2.2407734e-01;5.7500000e+01;2.6105070e-01;5.7500000e+01;2.8648669e-01;5.7500000e+01;2.8633198e-01;5.7500000e+01;2.6249230e-01;5.7500000e+01;2.2605954e-01;5.7500000e+01;1.8224853e-01;5.7500000e+01;1.3257746e-01;5.7500000e+01;8.7632656e-02;5.7500000e+01;4.7856890e-02;5.7500000e+01;4.2259935e-03;5.7500000e+01;1.6935732e-02;5.7500000e+01;3.6389790e-02;5.7500000e+01;6.0742203e-02;5.7500000e+01;8.8380799e-02;5.7500000e+01;1.1849001e-01;5.7500000e+01;1.5157637e-01;5.7500000e+01;1.8487719e-01;5.7500000e+01;2.2407734e-01;5.7500000e+01;2.6105070e-01;5.7500000e+01;2.8648669e-01;5.7500000e+01;2.8633198e-01;5.7500000e+01;2.6249230e-01;5.7500000e+01;2.2605954e-01;5.7500000e+01;1.8224853e-01;5.7500000e+01;1.3257746e-01;5.7500000e+01;8.7632656e-02;5.7500000e+01;4.7856890e-02;5.7500000e+01;4.2259935e-03;5.7500000e+01;1.6935732e-02;5.7500000e+01;3.6389790e-02;5.7500000e+01;6.0742203e-02;5.7500000e+01;8.8380799e-02;5.7500000e+01;1.1849001e-01;5.7500000e+01;1.5157637e-01;5.7500000e+01;1.8487719e-01;5.7500000e+01;2.2407734e-01;5.7500000e+01;2.6105070e-01;5.7500000e+01;2.8648669e-01;5.7500000e+01;2.8633198e-01;5.7500000e+01;2.6249230e-01;5.7500000e+01;2.2605954e-01;5.7500000e+01;1.8224853e-01;5.7500000e+01;1.3257746e-01;5.7500000e+01;8.7632656e-02;5.7500000e+01;4.7856890e-02;5.7500000e+01;4.2259935e-03;5.7500000e+01;1.6935732e-02;5.7500000e+01;3.6389790e-02;5.7500000e+01;6.0742203e-02;5.7500000e+01;8.8380799e-02;5.7500000e+01;1.1849001e-01;5.7500000e+01;1.5157637e-01;5.7500000e+01;1.8487719e-01;5.7500000e+01;2.2407734e-01;5.7500000e+01;2.6105070e-01;5.7500000e+01;2.8648669e-01;5.7500000e+01;2.8633198e-01;5.7500000e+01;2.6249230e-01;5.7500000e+01;2.2605954e-01;5.7500000e+01;1.8224853e-01;5.7500000e+01;1.3257746e-01;5.7500000e+01;8.7632656e-02;5.7500000e+01;4.7856890e-02;5.7500000e+01;4.2259935e-03;5.7500000e+01;1.6935732e-02;5.7500000e+01;3.6389790e-02;5.7500000e+01;6.0742203e-02;5.7500000e+01;8.8380799e-02;5.7500000e+01;1.1849001e-01;5.7500000e+01;1.5157637e-01;5.7500000e+01;1.8487719e-01;5.7500000e+01;2.2407734e-01;5.7500000e+01;2.6105070e-01;5.7500000e+01;2.8648669e-01;5.7500000e+01;2.8633198e-01;5.7500000e+01;2.6249230e-01;5.7500000e+01;2.2605954e-01;5.7500000e+01;1.8224853e-01;5.7500000e+01;1.3257746e-01;5.7500000e+01;8.7632656e-02;5.7500000e+01;4.7856890e-02;5.7500000e+01;4.2259935e-03;5.7500000e+01;1.6935732e-02;5.7500000e+01;3.6389790e-02;5.7500000e+01;6.0742203e-02;5.7500000e+01;8.8380799e-02;5.7500000e+01;1.1849001e-01;5.7500000e+01;1.5157637e-01;5.7500000e+01;1.8487719e-01;5.7500000e+01;2.2407734e-01;5.7500000e+01;2.6105070e-01;5.7500000e+01;2.8648669e-01;5.7500000e+01;2.8633198e-01;5.7500000e+01;2.6249230e-01;5.7500000e+01;2.2605954e-01;5.7500000e+01;1.8224853e-01;5.7500000e+01;1.3257746e-01;5.7500000e+01;8.7632656e-02;5.7500000e+01;4.7856890e-02;5.7500000e+01;4.2259935e-03;5.7500000e+01;1.6935732e-02;5.7500000e+01;3.6389790e-02;5.7500000e+01;6.0742203e-02;5.7500000e+01;8.8380799e-02;5.7500000e+01;1.1849001e-01;5.7500000e+01;1.5157637e-01;5.7500000e+01;1.8487719e-01;5.7500000e+01;2.2407734e-01;5.7500000e+01;2.6105070e-01;5.7500000e+01;2.8648669e-01;5.7500000e+01;2.8633198e-01;5.7500000e+01;2.6249230e-01;5.7500000e+01;2.2605954e-01;5.7500000e+01;1.8224853e-01;5.7500000e+01;1.3257746e-01;5.7500000e+01;8.7632656e-02;5.7500000e+01;4.7856890e-02;5.7500000e+01;4.2259935e-03;5.7500000e+01;1.6935732e-02;5.7500000e+01;3.6389790e-02;5.7500000e+01;6.0742203e-02;5.7500000e+01;8.8380799e-02;5.7500000e+01;1.1849001e-01;5.7500000e+01;1.5157637e-01;5.7500000e+01;1.8487719e-01;5.7500000e+01;2.2407734e-01;5.7500000e+01;2.6105070e-01;5.7500000e+01;2.8648669e-01;5.7500000e+01;2.8633198e-01;5.7500000e+01;2.6249230e-01;5.7500000e+01;2.2605954e-01;5.7500000e+01;1.8224853e-01;5.7500000e+01;1.3257746e-01;5.7500000e+01;8.7632656e-02;5.7500000e+01;4.7856890e-02;5.7500000e+01;4.2259935e-03;5.7500000e+01;1.6935732e-02;5.7500000e+01;3.6389790e-02;5.7500000e+01;6.0742203e-02;5.7500000e+01;8.8380799e-02;5.7500000e+01;1.1849001e-01;5.7500000e+01;1.5157637e-01;5.7500000e+01;1.8487719e-01;5.7500000e+01;2.2407734e-01;5.7500000e+01;2.6105070e-01;5.7500000e+01;2.8648669e-01;5.7500000e+01;2.8633198e-01;5.7500000e+01;2.6249230e-01;5.7500000e+01;2.2605954e-01;5.7500000e+01;1.8224853e-01;5.7500000e+01;1.3257746e-01;5.7500000e+01;8.7632656e-02;5.7500000e+01;4.7856890e-02;5.7500000e+01;4.2259935e-03;5.7500000e+01;1.6935732e-02;5.7500000e+01;3.6389790e-02;5.7500000e+01;6.0742203e-02;5.7500000e+01;8.8380799e-02;5.7500000e+01;1.1849001e-01;5.7500000e+01;1.5157637e-01;5.7500000e+01;1.8487719e-01;5.7500000e+01;2.2407734e-01;5.7500000e+01;2.6105070e-01;5.7500000e+01;2.8648669e-01;5.7500000e+01;2.8633198e-01;5.7500000e+01;2.6249230e-01;5.7500000e+01;2.2605954e-01;5.7500000e+01;1.8224853e-01;5.7500000e+01;1.3257746e-01;5.7500000e+01;8.7632656e-02;5.7500000e+01;4.7856890e-02;5.7500000e+01;4.2259935e-03;5.7500000e+01;1.6935732e-02;5.7500000e+01;3.6389790e-02;5.7500000e+01;6.0742203e-02;5.7500000e+01;8.8380799e-02;5.7500000e+01;1.1849001e-01;5.7500000e+01;1.5157637e-01;5.7500000e+01;1.8487719e-01;5.7500000e+01;2.2407734e-01;5.7500000e+01;2.6105070e-01;5.7500000e+01;2.8648669e-01;5.7500000e+01;2.8633198e-01;5.7500000e+01;2.6249230e-01;5.7500000e+01;2.2605954e-01;5.7500000e+01;1.8224853e-01;5.7500000e+01;1.3257746e-01;5.7500000e+01;8.7632656e-02;5.7500000e+01;4.7856890e-02
6.2500000e+01;4.4617048e-03;6.2500000e+01;1.8464126e-02;6.2500000e+01;3.7250720e-02;6.2500000e+01;6.1614323e-02;6.2500000e+01;9.0498909e-02;6.2500000e+01;1.2102748e-01;6.2500000e+01;1.5411951e-01;6.2500000e+01;1.8793827e-01;6.2500000e+01;2.2674042e-01;6.2500000e+01;2.6205322e-01;6.2500000e+01;2.8440914e-01;6.2500000e+01;2.8613436e-01;6.2500000e+01;2.6800376e-01;6.2500000e+01;2.3317429e-01;6.2500000e+01;1.8880139e-01;6.2500000e+01;1.3735677e-01;6.2500000e+01;8.9843959e-02;6.2500000e+01;4.8391327e-02;6.2500000e+01;4.4617048e-03;6.2500000e+01;1.8464126e-02;6.2500000e+01;3.7250720e-02;6.2500000e+01;6.1614323e-02;6.2500000e+01;9.0498909e-02;6.2500000e+01;1.2102748e-01;6.2500000e+01;1.5411951e-01;6.2500000e+01;1.8793827e-01;6.2500000e+01;2.2674042e-01;6.2500000e+01;2.6205322e-01;6.2500000e+01;2.8440914e-01;6.2500000e+01;2.8613436e-01;6.2500000e+01;2.6800376e-01;6.2500000e+01;2.3317429e-01;6.2500000e+01;1.8880139e-01;6.2500000e+01;1.3735677e-01;6.2500000e+01;8.9843959e-02;6.2500000e+01;4.8391327e-02;6.2500000e+01;4.4617048e-03;6.2500000e+01;1.8464126e-02;6.2500000e+01;3.7250720e-02;6.2500000e+01;6.1614323e-02;6.2500000e+01;9.0498909e-02;6.2500000e+01;1.2102748e-01;6.2500000e+01;1.5411951e-01;6.2500000e+01;1.8793827e-01;6.2500000e+01;2.2674042e-01;6.2500000e+01;2.6205322e-01;6.2500000e+01;2.8440914e-01;6.2500000e+01;2.8613436e-01;6.2500000e+01;2.6800376e-01;6.2500000e+01;2.3317429e-01;6.2500000e+01;1.8880139e-01;6.2500000e+01;1.3735677e-01;6.2500000e+01;8.9843959e-02;6.2500000e+01;4.8391327e-02;6.2500000e+01;4.4617048e-03;6.2500000e+01;1.8464126e-02;6.2500000e+01;3.7250720e-02;6.2500000e+01;6.1614323e-02;6.2500000e+01;9.0498909e-02;6.2500000e+01;1.2102748e-01;6.2500000e+01;1.5411951e-01;6.2500000e+01;1.8793827e-01;6.2500000e+01;2.2674042e-01;6.2500000e+01;2.6205322e-01;6.2500000e+01;2.8440914e-01;6.2500000e+01;2.8613436e-01;6.2500000e+01;2.6800376e-01;6.2500000e+01;2.3317429e-01;6.2500000e+01;1.8880139e-01;6.2500000e+01;1.3735677e-01;6.2500000e+01;8.9843959e-02;6.2500000e+01;4.8391327e-02;6.2500000e+01;4.4617048e-03;6.2500000e+01;1.8464126e-02;6.2500000e+01;3.7250720e-02;6.2500000e+01;6.1614323e-02;6.2500000e+01;9.0498909e-02;6.2500000e+01;1.2102748e-01;6.2500000e+01;1.5411951e-01;6.2500000e+01;1.8793827e-01;6.2500000e+01;2.2674042e-01;6.2500000e+01;2.6205322e-01;6.2500000e+01;2.8440914e-01;6.2500000e+01;2.8613436e-01;6.2500000e+01;2.6800376e-01;6.2500000e+01;2.3317429e-01;6.2500000e+01;1.8880139e-01;6.2500000e+01;1.3735677e-01;6.2500000e+01;8.9843959e-02;6.2500000e+01;4.8391327e-02;6.2500000e+01;4.4617048e-03;6.2500000e+01;1.8464126e-02;6.2500000e+01;3.7250720e-02;6.2500000e+01;6.1614323e-02;6.2500000e+01;9.0498909e-02;6.2500000e+01;1.2102748e-01;6.2500000e+01;1.5411951e-01;6.2500000e+01;1.8793827e-01;6.2500000e+01;2.2674042e-01;6.2500000e+01;2.6205322e-01;6.2500000e+01;2.8440914e-01;6.2500000e+01;2.8613436e-01;6.2500000e+01;2.6800376e-01;6.2500000e+01;2.3317429e-01;6.2500000e+01;1.8880139e-01;6.2500000e+01;1.3735677e-01;6.2500000e+01;8.9843959e-02;6.2500000e+01;4.8391327e-02;6.2500000e+01;4.4617048e-03;6.2500000e+01;1.8464126e-02;6.2500000e+01;3.7250720e-02;6.2500000e+01;6.1614323e-02;6.2500000e+01;9.0498909e-02;6.2500000e+01;1.2102748e-01;6.2500000e+01;1.5411951e-01;6.2500000e+01;1.8793827e-01;6.2500000e+01;2.2674042e-01;6.2500000e+01;2.6205322e-01;6.2500000e+01;2.8440914e-01;6.2500000e+01;2.8613436e-01;6.2500000e+01;2.6800376e-01;6.2500000e+01;2.3317429e-01;6.2500000e+01;1.8880139e-01;6.2500000e+01;1.3735677e-01;6.2500000e+01;8.9843959e-02;6.2500000e+01;4.8391327e-02;6.2500000e+01;4.4617048e-03;6.2500000e+01;1.8464126e-02;6.2500000e+01;3.7250720e-02;6.2500000e+01;6.1614323e-02;6.2500000e+01;9.0498909e-02;6.2500000e+01;1.2102748e-01;6.2500000e+01;1.5411951e-01;6.2500000e+01;1.8793827e-01;6.2500000e+01;2.2674042e-01;6.2500000e+01;2.6205322e-01;6.2500000e+01;2.8440914e-01;6.2500000e+01;2.8613436e-01;6.2500000e+01;2.6800376e-01;6.2500000e+01;2.3317429e-01;6.2500000e+01;1.8880139e-01;6.2500000e+01;1.3735677e-01;6.2500000e+01;8.9843959e-02;6.2500000e+01;4.8391327e-02;6.2500000e+01;4.4617048e-03;6.2500000e+01;1.8464126e-02;6.2500000e+01;3.7250720e-02;6.2500000e+01;6.1614323e-02;6.2500000e+01;9.0498909e-02;6.2500000e+01;1.2102748e-01;6.2500000e+01;1.5411951e-01;6.2500000e+01;1.8793827e-01;6.2500000e+01;2.2674042e-01;6.2500000e+01;2.6205322e-01;6.2500000e+01;2.8440914e-01;6.2500000e+01;2.8613436e-01;6.2500000e+01;2.6800376e-01;6.2500000e+01;2.3317429e-01;6.2500000e+01;1.8880139e-01;6.2500000e+01;1.3735677e-01;6.2500000e+01;8.9843959e-02;6.2500000e+01;4.8391327e-02;6.2500000e+01;4.4617048e-03;6.2500000e+01;1.8464126e-02;6.2500000e+01;3.7250720e-02;6.2500000e+01;6.1614323e-02;6.2500000e+01;9.0498909e-02;6.2500000e+01;1.2102748e-01;6.2500000e+01;1.5411951e-01;6.2500000e+01;1.8793827e-01;6.2500000e+01;2.2674042e-01;6.2500000e+01;2.6205322e-01;6.2500000e+01;2.8440914e-01;6.2500000e+01;2.8613436e-01;6.2500000e+01;2.6800376e-01;6.2500000e+01;2.3317429e-01;6.2500000e+01;1.8880139e-01;6.2500000e+01;1.3735677e-01;6.2500000e+01;8.9843959e-02;6.2500000e+01;4.8391327e-02;6.2500000e+01;4.4617048e-03;6.2500000e+01;1.8464126e-02;6.2500000e+01;3.7250720e-02;6.2500000e+01;6.1614323e-02;6.2500000e+01;9.0498909e-02;6.2500000e+01;1.2102748e-01;6.2500000e+01;1.5411951e-01;6.2500000e+01;1.8793827e-01;6.2500000e+01;2.2674042e-01;6.2500000e+01;2.6205322e-01;6.2500000e+01;2.8440914e-01;6.2500000e+01;2.8613436e-01;6.2500000e+01;2.6800376e-01;6.2500000e+01;2.3317429e-01;6.2500000e+01;1.8880139e-01;6.2500000e+01;1.3735677e-01;6.2500000e+01;8.9843959e-02;6.2500000e+01;4.8391327e-02;6.2500000e+01;4.4617048e-03;6.2500000e+01;1.8464126e-02;6.2500000e+01;3.7250720e-02;6.2500000e+01;6.1614323e-02;6.2500000e+01;9.0498909e-02;6.2500000e+01;1.2102748e-01;6.2500000e+01;1.5411951e-01;6.2500000e+01;1.8793827e-01;6.2500000e+01;2.2674042e-01;6.2500000e+01;2.6205322e-01;6.2500000e+01;2.8440914e-01;6.2500000e+01;2.8613436e-01;6.2500000e+01;2.6800376e-01;6.2500000e+01;2.3317429e-01;6.2500000e+01;1.8880139e-01;6.2500000e+01;1.3735677e-01;6.2500000e+01;8.9843959e-02;6.2500000e+01;4.8391327e-02;6.2500000e+01;4.4617048e-03;6.2500000e+01;1.8464126e-02;6.2500000e+01;3.7250720e-02;6.2500000e+01;6.1614323e-02;6.2500000e+01;9.0498909e-02;6.2500000e+01;1.2102748e-01;6.2500000e+01;1.5411951e-01;6.2500000e+01;1.8793827e-01;6.2500000e+01;2.2674042e-01;6.2500000e+01;2.6205322e-01;6.2500000e+01;2.8440914e-01;6.2500000e+01;2.8613436e-01;6.2500000e+01;2.6800376e-01;6.2500000e+01;2.3317429e-01;6.2500000e+01;1.8880139e-01;6.2500000e+01;1.3735677e-01;6.2500000e+01;8.9843959e-02;6.2500000e+01;4.8391327e-02;6.2500000e+01;4.4617048e-03;6.2500000e+01;1.8464126e-02;6.2500000e+01;3.7250720e-02;6.2500000e+01;6.1614323e-02;6.2500000e+01;9.0498909e-02;6.2500000e+01;1.2102748e-01;6.2500000e+01;1.5411951e-01;6.2500000e+01;1.8793827e-01;6.2500000e+01;2.2674042e-01;6.2500000e+01;2.6205322e-01;6.2500000e+01;2.8440914e-01;6.2500000e+01;2.8613436e-01;6.2500000e+01;2.6800376e-01;6.2500000e+01;2.3317429e-01;6.2500000e+01;1.8880139e-01;6.2500000e+01;1.3735677e-01;6.2500000e+01;8.9843959e-02;6.2500000e+01;4.8391327e-02;6.2500000e+01;4.4617048e-03;6.2500000e+01;1.8464126e-02;6.2500000e+01;3.7250720e-02;6.2500000e+01;6.1614323e-02;6.2500000e+01;9.0498909e-02;6.2500000e+01;1.2102748e-01;6.2500000e+01;1.5411951e-01;6.2500000e+01;1.8793827e-01;6.2500000e+01;2.2674042e-01;6.2500000e+01;2.6205322e-01;6.2500000e+01;2.8440914e-01;6.2500000e+01;2.8613436e-01;6.2500000e+01;2.6800376e-01;6.2500000e+01;2.3317429e-01;6.2500000e+01;1.8880139e-01;6.2500000e+01;1.3735677e-01;6.2500000e+01;8.9843959e-02;6.2500000e+01;4.8391327e-02;6.2500000e+01;4.4617048e-03;6.2500000e+01;1.8464126e-02;6.2500000e+01;3.7250720e-02;6.2500000e+01;6.1614323e-02;6.2500000e+01;9.0498909e-02;6.2500000e+01;1.2102748e-01;6.2500000e+01;1.5411951e-01;6.2500000e+01;1.8793827e-01;6.2500000e+01;2.2674042e-01;6.2500000e+01;2.6205322e-01;6.2500000e+01;2.8440914e-01;6.2500000e+01;2.8613436e-01;6.2500000e+01;2.6800376e-01;6.2500000e+01;2.3317429e-01;6.2500000e+01;1.8880139e-01;6.2500000e+01;1.3735677e-01;6.2500000e+01;8.9843959e-02;6.2500000e+01;4.8391327e-02;6.2500000e+01;4.4617048e-03;6.2500000e+01;1.8464126e-02;6.2500000e+01;3.7250720e-02;6.2500000e+01;6.1614323e-02;6.2500000e+01;9.0498909e-02;6.2500000e+01;1.2102748e-01;6.2500000e+01;1.5411951e-01;6.2500000e+01;1.8793827e-01;6.2500000e+01;2.2674042e-01;6.2500000e+01;2.6205322e-01;6.2500000e+01;2.8440914e-01;6.2500000e+01;2.8613436e-01;6.2500000e+01;2.6800376e-01;6.2500000e+01;2.3317429e-01;6.2500000e+01;1.8880139e-01;6.2500000e+01;1.3735677e-01;6.2500000e+01;8.9843959e-02;6.2500000e+01;4.8391327e-02;6.2500000e+01;4.4617048e-03;6.2500000e+01;1.8464126e-02;6.2500000e+01;3.7250720e-02;6.2500000e+01;6.1614323e-02;6.2500000e+01;9.0498909e-02;6.2500000e+01;1.2102748e-01;6.2500000e+01;1.5411951e-01;6.2500000e+01;1.8793827e-01;6.2500000e+01;2.2674042e-01;6.2500000e+01;2.6205322e-01;6.2500000e+01;2.8440914e-01;6.2500000e+01;2.8613436e-01;6.2500000e+01;2.6800376e-01;6.2500000e+01;2.3317429e-01;6.2500000e+01;1.8880139e-01;6.2500000e+01;1.3735677e-01;6.2500000e+01;8.9843959e-02;6.2500000e+01;4.8391327e-02;6.2500000e+01;4.4617048e-03;6.2500000e+01;1.8464126e-02;6.2500000e+01;3.7250720e-02;6.2500000e+01;6.1614323e-02;6.2500000e+01;9.0498909e-02;6.2500000e+01;1.2102748e-01;6.2500000e+01;1.5411951e-01;6.2500000e+01;1.8793827e-01;6.2500000e+01;2.2674042e-01;6.2500000e+01;2.6205322e-01;6.2500000e+01;2.8440914e-01;6.2500000e+01;2.8613436e-01;6.2500000e+01;2.6800376e-01;6.2500000e+01;2.3317429e-01;6.2500000e+01;1.8880139e-01;6.2500000e+01;1.3735677e-01;6.2500000e+01;8.9843959e-02;6.2500000e+01;4.8391327e-02;6.2500000e+01;4.4617048e-03;6.2500000e+01;1.8464126e-02;6.2500000e+01;3.7250720e-02;6.2500000e+01;6.1614323e-02;6.2500000e+01;9.0498909e-02;6.2500000e+01;1.2102748e-01;6.2500000e+01;1.5411951e-01;6.2500000e+01;1.8793827e-01;6.2500000e+01;2.2674042e-01;6.2500000e+01;2.6205322e-01;6.2500000e+01;2.8440914e-01;6.2500000e+01;2.8613436e-01;6.2500000e+01;2.6800376e-01;6.2500000e+01;2.3317429e-01;6.2500000e+01;1.8880139e-01;6.2500000e+01;1.3735677e-01;6.2500000e+01;8.9843959e-02;6.2500000e+01;4.8391327e-02;6.2500000e+01;4.4617048e-03;6.2500000e+01;1.8464126e-02;6.2500000e+01;3.7250720e-02;6.2500000e+01;6.1614323e-02;6.2500000e+01;9.0498909e-02;6.2500000e+01;1.2102748e-01;6.2500000e+01;1.5411951e-01;6.2500000e+01;1.8793827e-01;6.2500000e+01;2.2674042e-01;6.2500000e+01;2.6205322e-01;6.2500000e+01;2.8440914e-01;6.2500000e+01;2.8613436e-01;6.2500000e+01;2.6800376e-01;6.2500000e+01;2.3317429e-01;6.2500000e+01;1.8880139e-01;6.2500000e+01;1.3735677e-01;6.2500000e+01;8.9843959e-02;6.2500000e+01;4.8391327e-02;6.2500000e+01;4.4617048e-03;6.2500000e+01;1.8464126e-02;6.2500000e+01;3.7250720e-02;6.2500000e+01;6.1614323e-02;6.2500000e+01;9.0498909e-02;6.2500000e+01;1.2102748e-01;6.2500000e+01;1.5411951e-01;6.2500000e+01;1.8793827e-01;6.2500000e+01;2.2674042e-01;6.2500000e+01;2.6205322e-01;6.2500000e+01;2.8440914e-01;6.2500000e+01;2.8613436e-01;6.2500000e+01;2.6800376e-01;6.2500000e+01;2.3317429e-01;6.2500000e+01;1.8880139e-01;6.2500000e+01;1.3735677e-01;6.2500000e+01;8.9843959e-02;6.2500000e+01;4.8391327e-02;6.2500000e+01;4.4617048e-03;6.2500000e+01;1.8464126e-02;6.2500000e+01;3.7250720e-02;6.2500000e+01;6.1614323e-02;6.2500000e+01;9.0498909e-02;6.2500000e+01;1.2102748e-01;6.2500000e+01;1.5411951e-01;6.2500000e+01;1.8793827e-01;6.2500000e+01;2.2674042e-01;6.2500000e+01;2.6205322e-01;6.2500000e+01;2.8440914e-01;6.2500000e+01;2.8613436e-01;6.2500000e+01;2.6800376e-01;6.2500000e+01;2.3317429e-01;6.2500000e+01;1.8880139e-01;6.2500000e+01;1.3735677e-01;6.2500000e+01;8.9843959e-02;6.2500000e+01;4.8391327e-02;6.2500000e+01;4.4617048e-03;6.2500000e+01;1.8464126e-02;6.2500000e+01;3.7250720e-02;6.2500000e+01;6.1614323e-02;6.2500000e+01;9.0498909e-02;6.2500000e+01;1.2102748e-01;6.2500000e+01;1.5411951e-01;6.2500000e+01;1.8793827e-01;6.2500000e+01;2.2674042e-01;6.2500000e+01;2.6205322e-01;6.2500000e+01;2.8440914e-01;6.2500000e+01;2.8613436e-01;6.2500000e+01;2.6800376e-01;6.2500000e+01;2.3317429e-01;6.2500000e+01;1.8880139e-01;6.2500000e+01;1.3735677e-01;6.2500000e+01;8.9843959e-02;6.2500000e+01;4.8391327e-02;6.2500000e+01;4.4617048e-03;6.2500000e+01;1.8464126e-02;6.2500000e+01;3.7250720e-02;6.2500000e+01;6.1614323e-02;6.2500000e+01;9.0498909e-02;6.2500000e+01;1.2102748e-01;6.2500000e+01;1.5411951e-01;6.2500000e+01;1.8793827e-01;6.2500000e+01;2.2674042e-01;6.2500000e+01;2.6205322e-01;6.2500000e+01;2.8440914e-01;6.2500000e+01;2.8613436e-01;6.2500000e+01;2.6800376e-01;6.2500000e+01;2.3317429e-01;6.2500000e+01;1.8880139e-01;6.2500000e+01;1.3735677e-01;6.2500000e+01;8.9843959e-02;6.2500000e+01;4.8391327e-02;6.2500000e+01;4.4617048e-03;6.2500000e+01;1.8464126e-02;6.2500000e+01;3.7250720e-02;6.2500000e+01;6.1614323e-02;6.2500000e+01;9.0498909e-02;6.2500000e+01;1.2102748e-01;6.2500000e+01;1.5411951e-01;6.2500000e+01;1.8793827e-01;6.2500000e+01;2.2674042e-01;6.2500000e+01;2.6205322e-01;6.2500000e+01;2.8440914e-01;6.2500000e+01;2.8613436e-01;6.2500000e+01;2.6800376e-01;6.2500000e+01;2.3317429e-01;6.2500000e+01;1.8880139e-01;6.2500000e+01;1.3735677e-01;6.2500000e+01;8.9843959e-02;6.2500000e+01;4.8391327e-02;6.2500000e+01;4.4617048e-03;6.2500000e+01;1.8464126e-02;6.2500000e+01;3.7250720e-02;6.2500000e+01;6.1614323e-02;6.2500000e+01;9.0498909e-02;6.2500000e+01;1.2102748e-01;6.2500000e+01;1.5411951e-01;6.2500000e+01;1.8793827e-01;6.2500000e+01;2.2674042e-01;6.2500000e+01;2.6205322e-01;6.2500000e+01;2.8440914e-01;6.2500000e+01;2.8613436e-01;6.2500000e+01;2.6800376e-01;6.2500000e+01;2.3317429e-01;6.2500000e+01;1.8880139e-01;6.2500000e+01;1.3735677e-01;6.2500000e+01;8.9843959e-02;6.2500000e+01;4.8391327e-02;6.2500000e+01;4.4617048e-03;6.2500000e+01;1.8464126e-02;6.2500000e+01;3.7250720e-02;6.2500000e+01;6.1614323e-02;6.2500000e+01;9.0498909e-02;6.2500000e+01;1.2102748e-01;6.2500000e+01;1.5411951e-01;6.2500000e+01;1.8793827e-01;6.2500000e+01;2.2674042e-01;6.2500000e+01;2.6205322e-01;6.2500000e+01;2.8440914e-01;6.2500000e+01;2.8613436e-01;6.2500000e+01;2.6800376e-01;6.2500000e+01;2.3317429e-01;6.2500000e+01;1.8880139e-01;6.2500000e+01;1.3735677e-01;6.2500000e+01;8.9843959e-02;6.2500000e+01;4.8391327e-02;6.2500000e+01;4.4617048e-03;6.2500000e+01;1.8464126e-02;6.2500000e+01;3.7250720e-02;6.2500000e+01;6.1614323e-02;6.2500000e+01;9.0498909e-02;6.2500000e+01;1.2102748e-01;6.2500000e+01;1.5411951e-01;6.2500000e+01;1.8793827e-01;6.2500000e+01;2.2674042e-01;6.2500000e+01;2.6205322e-01;6.2500000e+01;2.8440914e-01;6.2500000e+01;2.8613436e-01;6.2500000e+01;2.6800376e-01;6.2500000e+01;2.3317429e-01;6.2500000e+01;1.8880139e-01;6.2500000e+01;1.3735677e-01;6.2500000e+01;8.9843959e-02;6.2500000e+01;4.8391327e-02;6.2500000e+01;4.4617048e-03;6.2500000e+01;1.8464126e-02;6.2500000e+01;3.7250720e-02;6.2500000e+01;6.1614323e-02;6.2500000e+01;9.0498909e-02;6.2500000e+01;1.2102748e-01;6.2500000e+01;1.5411951e-01;6.2500000e+01;1.8793827e-01;6.2500000e+01;2.2674042e-01;6.2500000e+01;2.6205322e-01;6.2500000e+01;2.8440914e-01;6.2500000e+01;2.8613436e-01;6.2500000e+01;2.6800376e-01;6.2500000e+01;2.3317429e-01;6.2500000e+01;1.8880139e-01;6.2500000e+01;1.3735677e-01;6.2500000e+01;8.9843959e-02;6.2500000e+01;4.8391327e-02;6.2500000e+01;4.4617048e-03;6.2500000e+01;1.8464126e-02;6.2500000e+01;3.7250720e-02;6.2500000e+01;6.1614323e-02;6.2500000e+01;9.0498909e-02;6.2500000e+01;1.2102748e-01;6.2500000e+01;1.5411951e-01;6.2500000e+01;1.8793827e-01;6.2500000e+01;2.2674042e-01;6.2500000e+01;2.6205322e-01;6.2500000e+01;2.8440914e-01;6.2500000e+01;2.8613436e-01;6.2500000e+01;2.6800376e-01;6.2500000e+01;2.3317429e-01;6.2500000e+01;1.8880139e-01;6.2500000e+01;1.3735677e-01;6.2500000e+01;8.9843959e-02;6.2500000e+01;4.8391327e-02;6.2500000e+01;4.4617048e-03;6.2500000e+01;1.8464126e-02;6.2500000e+01;3.7250720e-02;6.2500000e+01;6.1614323e-02;6.2500000e+01;9.0498909e-02;6.2500000e+01;1.2102748e-01;6.2500000e+01;1.5411951e-01;6.2500000e+01;1.8793827e-01;6.2500000e+01;2.2674042e-01;6.2500000e+01;2.6205322e-01;6.2500000e+01;2.8440914e-01;6.2500000e+01;2.8613436e-01;6.2500000e+01;2.6800376e-01;6.2500000e+01;2.3317429e-01;6.2500000e+01;1.8880139e-01;6.2500000e+01;1.3735677e-01;6.2500000e+01;8.9843959e-02;6.2500000e+01;4.8391327e-02;6.2500000e+01;4.4617048e-03;6.2500000e+01;1.8464126e-02;6.2500000e+01;3.7250720e-02;6.2500000e+01;6.1614323e-02;6.2500000e+01;9.0498909e-02;6.2500000e+01;1.2102748e-01;6.2500000e+01;1.5411951e-01;6.2500000e+01;1.8793827e-01;6.2500000e+01;2.2674042e-01;6.2500000e+01;2.6205322e-01;6.2500000e+01;2.8440914e-01;6.2500000e+01;2.8613436e-01;6.2500000e+01;2.6800376e-01;6.2500000e+01;2.3317429e-01;6.2500000e+01;1.8880139e-01;6.2500000e+01;1.3735677e-01;6.2500000e+01;8.9843959e-02;6.2500000e+01;4.8391327e-02;6.2500000e+01;4.4617048e-03;6.2500000e+01;1.8464126e-02;6.2500000e+01;3.7250720e-02;6.2500000e+01;6.1614323e-02;6.2500000e+01;9.0498909e-02;6.2500000e+01;1.2102748e-01;6.2500000e+01;1.5411951e-01;6.2500000e+01;1.8793827e-01;6.2500000e+01;2.2674042e-01;6.2500000e+01;2.6205322e-01;6.2500000e+01;2.8440914e-01;6.2500000e+01;2.8613436e-01;6.2500000e+01;2.6800376e-01;6.2500000e+01;2.3317429e-01;6.2500000e+01;1.8880139e-01;6.2500000e+01;1.3735677e-01;6.2500000e+01;8.9843959e-02;6.2500000e+01;4.8391327e-02;6.2500000e+01;4.4617048e-03;6.2500000e+01;1.8464126e-02;6.2500000e+01;3.7250720e-02;6.2500000e+01;6.1614323e-02;6.2500000e+01;9.0498909e-02;6.2500000e+01;1.2102748e-01;6.2500000e+01;1.5411951e-01;6.2500000e+01;1.8793827e-01;6.2500000e+01;2.2674042e-01;6.2500000e+01;2.6205322e-01;6.2500000e+01;2.8440914e-01;6.2500000e+01;2.8613436e-01;6.2500000e+01;2.6800376e-01;6.2500000e+01;2.3317429e-01;6.2500000e+01;1.8880139e-01;6.2500000e+01;1.3735677e-01;6.2500000e+01;8.9843959e-02;6.2500000e+01;4.8391327e-02;6.2500000e+01;4.4617048e-03;6.2500000e+01;1.8464126e-02;6.2500000e+01;3.7250720e-02;6.2500000e+01;6.1614323e-02;6.2500000e+01;9.0498909e-02;6.2500000e+01;1.2102748e-01;6.2500000e+01;1.5411951e-01;6.2500000e+01;1.8793827e-01;6.2500000e+01;2.2674042e-01;6.2500000e+01;2.6205322e-01;6.2500000e+01;2.8440914e-01;6.2500000e+01;2.8613436e-01;6.2500000e+01;2.6800376e-01;6.2500000e+01;2.3317429e-01;6.2500000e+01;1.8880139e-01;6.2500000e+01;1.3735677e-01;6.2500000e+01;8.9843959e-02;6.2500000e+01;4.8391327e-02;6.2500000e+01;4.4617048e-03;6.2500000e+01;1.8464126e-02;6.2500000e+01;3.7250720e-02;6.2500000e+01;6.1614323e-02;6.2500000e+01;9.0498909e-02;6.2500000e+01;1.2102748e-01;6.2500000e+01;1.5411951e-01;6.2500000e+01;1.8793827e-01;6.2500000e+01;2.2674042e-01;6.2500000e+01;2.6205322e-01;6.2500000e+01;2.8440914e-01;6.2500000e+01;2.8613436e-01;6.2500000e+01;2.6800376e-01;6.2500000e+01;2.3317429e-01;6.2500000e+01;1.8880139e-01;6.2500000e+01;1.3735677e-01;6.2500000e+01;8.9843959e-02;6.2500000e+01;4.8391327e-02;6.2500000e+01;4.4617048e-03;6.2500000e+01;1.8464126e-02;6.2500000e+01;3.7250720e-02;6.2500000e+01;6.1614323e-02;6.2500000e+01;9.0498909e-02;6.2500000e+01;1.2102748e-01;6.2500000e+01;1.5411951e-01;6.2500000e+01;1.8793827e-01;6.2500000e+01;2.2674042e-01;6.2500000e+01;2.6205322e-01;6.2500000e+01;2.8440914e-01;6.2500000e+01;2.8613436e-01;6.2500000e+01;2.6800376e-01;6.2500000e+01;2.3317429e-01;6.2500000e+01;1.8880139e-01;6.2500000e+01;1.3735677e-01;6.2500000e+01;8.9843959e-02;6.2500000e+01;4.8391327e-02;6.2500000e+01;4.4617048e-03;6.2500000e+01;1.8464126e-02;6.2500000e+01;3.7250720e-02;6.2500000e+01;6.1614323e-02;6.2500000e+01;9.0498909e-02;6.2500000e+01;1.2102748e-01;6.2500000e+01;1.5411951e-01;6.2500000e+01;1.8793827e-01;6.2500000e+01;2.2674042e-01;6.2500000e+01;2.6205322e-01;6.2500000e+01;2.8440914e-01;6.2500000e+01;2.8613436e-01;6.2500000e+01;2.6800376e-01;6.2500000e+01;2.3317429e-01;6.2500000e+01;1.8880139e-01;6.2500000e+01;1.3735677e-01;6.2500000e+01;8.9843959e-02;6.2500000e+01;4.8391327e-02;6.2500000e+01;4.4617048e-03;6.2500000e+01;1.8464126e-02;6.2500000e+01;3.7250720e-02;6.2500000e+01;6.1614323e-02;6.2500000e+01;9.0498909e-02;6.2500000e+01;1.2102748e-01;6.2500000e+01;1.5411951e-01;6.2500000e+01;1.8793827e-01;6.2500000e+01;2.2674042e-01;6.2500000e+01;2.6205322e-01;6.2500000e+01;2.8440914e-01;6.2500000e+01;2.8613436e-01;6.2500000e+01;2.6800376e-01;6.2500000e+01;2.3317429e-01;6.2500000e+01;1.8880139e-01;6.2500000e+01;1.3735677e-01;6.2500000e+01;8.9843959e-02;6.2500000e+01;4.8391327e-02;6.2500000e+01;4.4617048e-03;6.2500000e+01;1.8464126e-02;6.2500000e+01;3.7250720e-02;6.2500000e+01;6.1614323e-02;6.2500000e+01;9.0498909e-02;6.2500000e+01;1.2102748e-01;6.2500000e+01;1.5411951e-01;6.2500000e+01;1.8793827e-01;6.2500000e+01;2.2674042e-01;6.2500000e+01;2.6205322e-01;6.2500000e+01;2.8440914e-01;6.2500000e+01;2.8613436e-01;6.2500000e+01;2.6800376e-01;6.2500000e+01;2.3317429e-01;6.2500000e+01;1.8880139e-01;6.2500000e+01;1.3735677e-01;6.2500000e+01;8.9843959e-02;6.2500000e+01;4.8391327e-02;6.2500000e+01;4.4617048e-03;6.2500000e+01;1.8464126e-02;6.2500000e+01;3.7250720e-02;6.2500000e+01;6.1614323e-02;6.2500000e+01;9.0498909e-02;6.2500000e+01;1.2102748e-01;6.2500000e+01;1.5411951e-01;6.2500000e+01;1.8793827e-01;6.2500000e+01;2.2674042e-01;6.2500000e+01;2.6205322e-01;6.2500000e+01;2.8440914e-01;6.2500000e+01;2.8613436e-01;6.2500000e+01;2.6800376e-01;6.2500000e+01;2.3317429e-01;6.2500000e+01;1.8880139e-01;6.2500000e+01;1.3735677e-01;6.2500000e+01;8.9843959e-02;6.2500000e+01;4.8391327e-02;6.2500000e+01;4.4617048e-03;6.2500000e+01;1.8464126e-02;6.2500000e+01;3.7250720e-02;6.2500000e+01;6.1614323e-02;6.2500000e+01;9.0498909e-02;6.2500000e+01;1.2102748e-01;6.2500000e+01;1.5411951e-01;6.2500000e+01;1.8793827e-01;6.2500000e+01;2.2674042e-01;6.2500000e+01;2.6205322e-01;6.2500000e+01;2.8440914e-01;6.2500000e+01;2.8613436e-01;6.2500000e+01;2.6800376e-01;6.2500000e+01;2.3317429e-01;6.2500000e+01;1.8880139e-01;6.2500000e+01;1.3735677e-01;6.2500000e+01;8.9843959e-02;6.2500000e+01;4.8391327e-02;6.2500000e+01;4.4617048e-03;6.2500000e+01;1.8464126e-02;6.2500000e+01;3.7250720e-02;6.2500000e+01;6.1614323e-02;6.2500000e+01;9.0498909e-02;6.2500000e+01;1.2102748e-01;6.2500000e+01;1.5411951e-01;6.2500000e+01;1.8793827e-01;6.2500000e+01;2.2674042e-01;6.2500000e+01;2.6205322e-01;6.2500000e+01;2.8440914e-01;6.2500000e+01;2.8613436e-01;6.2500000e+01;2.6800376e-01;6.2500000e+01;2.3317429e-01;6.2500000e+01;1.8880139e-01;6.2500000e+01;1.3735677e-01;6.2500000e+01;8.9843959e-02;6.2500000e+01;4.8391327e-02;6.2500000e+01;4.4617048e-03;6.2500000e+01;1.8464126e-02;6.2500000e+01;3.7250720e-02;6.2500000e+01;6.1614323e-02;6.2500000e+01;9.0498909e-02;6.2500000e+01;1.2102748e-01;6.2500000e+01;1.5411951e-01;6.2500000e+01;1.8793827e-01;6.2500000e+01;2.2674042e-01;6.2500000e+01;2.6205322e-01;6.2500000e+01;2.8440914e-01;6.2500000e+01;2.8613436e-01;6.2500000e+01;2.6800376e-01;6.2500000e+01;2.3317429e-01;6.2500000e+01;1.8880139e-01;6.2500000e+01;1.3735677e-01;6.2500000e+01;8.9843959e-02;6.2500000e+01;4.8391327e-02;6.2500000e+01;4.4617048e-03;6.2500000e+01;1.8464126e-02;6.2500000e+01;3.7250720e-02;6.2500000e+01;6.1614323e-02;6.2500000e+01;9.0498909e-02;6.2500000e+01;1.2102748e-01;6.2500000e+01;1.5411951e-01;6.2500000e+01;1.8793827e-01;6.2500000e+01;2.2674042e-01;6.2500000e+01;2.6205322e-01;6.2500000e+01;2.8440914e-01;6.2500000e+01;2.8613436e-01;6.2500000e+01;2.6800376e-01;6.2500000e+01;2.3317429e-01;6.2500000e+01;1.8880139e-01;6.2500000e+01;1.3735677e-01;6.2500000e+01;8.9843959e-02;6.2500000e+01;4.8391327e-02;6.2500000e+01;4.4617048e-03;6.2500000e+01;1.8464126e-02;6.2500000e+01;3.7250720e-02;6.2500000e+01;6.1614323e-02;6.2500000e+01;9.0498909e-02;6.2500000e+01;1.2102748e-01;6.2500000e+01;1.5411951e-01;6.2500000e+01;1.8793827e-01;6.2500000e+01;2.2674042e-01;6.2500000e+01;2.6205322e-01;6.2500000e+01;2.8440914e-01;6.2500000e+01;2.8613436e-01;6.2500000e+01;2.6800376e-01;6.2500000e+01;2.3317429e-01;6.2500000e+01;1.8880139e-01;6.2500000e+01;1.3735677e-01;6.2500000e+01;8.9843959e-02;6.2500000e+01;4.8391327e-02;6.2500000e+01;4.4617048e-03;6.2500000e+01;1.8464126e-02;6.2500000e+01;3.7250720e-02;6.2500000e+01;6.1614323e-02;6.2500000e+01;9.0498909e-02;6.2500000e+01;1.2102748e-01;6.2500000e+01;1.5411951e-01;6.2500000e+01;1.8793827e-01;6.2500000e+01;2.2674042e-01;6.2500000e+01;2.6205322e-01;6.2500000e+01;2.8440914e-01;6.2500000e+01;2.8613436e-01;6.2500000e+01;2.6800376e-01;6.2500000e+01;2.3317429e-01;6.2500000e+01;1.8880139e-01;6.2500000e+01;1.3735677e-01;6.2500000e+01;8.9843959e-02;6.2500000e+01;4.8391327e-02;6.2500000e+01;4.4617048e-03;6.2500000e+01;1.8464126e-02;6.2500000e+01;3.7250720e-02;6.2500000e+01;6.1614323e-02;6.2500000e+01;9.0498909e-02;6.2500000e+01;1.2102748e-01;6.2500000e+01;1.5411951e-01;6.2500000e+01;1.8793827e-01;6.2500000e+01;2.2674042e-01;6.2500000e+01;2.6205322e-01;6.2500000e+01;2.8440914e-01;6.2500000e+01;2.8613436e-01;6.2500000e+01;2.6800376e-01;6.2500000e+01;2.3317429e-01;6.2500000e+01;1.8880139e-01;6.2500000e+01;1.3735677e-01;6.2500000e+01;8.9843959e-02;6.2500000e+01;4.8391327e-02;6.2500000e+01;4.4617048e-03;6.2500000e+01;1.8464126e-02;6.2500000e+01;3.7250720e-02;6.2500000e+01;6.1614323e-02;6.2500000e+01;9.0498909e-02;6.2500000e+01;1.2102748e-01;6.2500000e+01;1.5411951e-01;6.2500000e+01;1.8793827e-01;6.2500000e+01;2.2674042e-01;6.2500000e+01;2.6205322e-01;6.2500000e+01;2.8440914e-01;6.2500000e+01;2.8613436e-01;6.2500000e+01;2.6800376e-01;6.2500000e+01;2.3317429e-01;6.2500000e+01;1.8880139e-01;6.2500000e+01;1.3735677e-01;6.2500000e+01;8.9843959e-02;6.2500000e+01;4.8391327e-02;6.2500000e+01;4.4617048e-03;6.2500000e+01;1.8464126e-02;6.2500000e+01;3.7250720e-02;6.2500000e+01;6.1614323e-02;6.2500000e+01;9.0498909e-02;6.2500000e+01;1.2102748e-01;6.2500000e+01;1.5411951e-01;6.2500000e+01;1.8793827e-01;6.2500000e+01;2.2674042e-01;6.2500000e+01;2.6205322e-01;6.2500000e+01;2.8440914e-01;6.2500000e+01;2.8613436e-01;6.2500000e+01;2.6800376e-01;6.2500000e+01;2.3317429e-01;6.2500000e+01;1.8880139e-01;6.2500000e+01;1.3735677e-01;6.2500000e+01;8.9843959e-02;6.2500000e+01;4.8391327e-02;6.2500000e+01;4.4617048e-03;6.2500000e+01;1.8464126e-02;6.2500000e+01;3.7250720e-02;6.2500000e+01;6.1614323e-02;6.2500000e+01;9.0498909e-02;6.2500000e+01;1.2102748e-01;6.2500000e+01;1.5411951e-01;6.2500000e+01;1.8793827e-01;6.2500000e+01;2.2674042e-01;6.2500000e+01;2.6205322e-01;6.2500000e+01;2.8440914e-01;6.2500000e+01;2.8613436e-01;6.2500000e+01;2.6800376e-01;6.2500000e+01;2.3317429e-01;6.2500000e+01;1.8880139e-01;6.2500000e+01;1.3735677e-01;6.2500000e+01;8.9843959e-02;6.2500000e+01;4.8391327e-02;6.2500000e+01;4.4617048e-03;6.2500000e+01;1.8464126e-02;6.2500000e+01;3.7250720e-02;6.2500000e+01;6.1614323e-02;6.2500000e+01;9.0498909e-02;6.2500000e+01;1.2102748e-01;6.2500000e+01;1.5411951e-01;6.2500000e+01;1.8793827e-01;6.2500000e+01;2.2674042e-01;6.2500000e+01;2.6205322e-01;6.2500000e+01;2.8440914e-01;6.2500000e+01;2.8613436e-01;6.2500000e+01;2.6800376e-01;6.2500000e+01;2.3317429e-01;6.2500000e+01;1.8880139e-01;6.2500000e+01;1.3735677e-01;6.2500000e+01;8.9843959e-02;6.2500000e+01;4.8391327e-02;6.2500000e+01;4.4617048e-03;6.2500000e+01;1.8464126e-02;6.2500000e+01;3.7250720e-02;6.2500000e+01;6.1614323e-02;6.2500000e+01;9.0498909e-02;6.2500000e+01;1.2102748e-01;6.2500000e+01;1.5411951e-01;6.2500000e+01;1.8793827e-01;6.2500000e+01;2.2674042e-01;6.2500000e+01;2.6205322e-01;6.2500000e+01;2.8440914e-01;6.2500000e+01;2.8613436e-01;6.2500000e+01;2.6800376e-01;6.2500000e+01;2.3317429e-01;6.2500000e+01;1.8880139e-01;6.2500000e+01;1.3735677e-01;6.2500000e+01;8.9843959e-02;6.2500000e+01;4.8391327e-02;6.2500000e+01;4.4617048e-03;6.2500000e+01;1.8464126e-02;6.2500000e+01;3.7250720e-02;6.2500000e+01;6.1614323e-02;6.2500000e+01;9.0498909e-02;6.2500000e+01;1.2102748e-01;6.2500000e+01;1.5411951e-01;6.2500000e+01;1.8793827e-01;6.2500000e+01;2.2674042e-01;6.2500000e+01;2.6205322e-01;6.2500000e+01;2.8440914e-01;6.2500000e+01;2.8613436e-01;6.2500000e+01;2.6800376e-01;6.2500000e+01;2.3317429e-01;6.2500000e+01;1.8880139e-01;6.2500000e+01;1.3735677e-01;6.2500000e+01;8.9843959e-02;6.2500000e+01;4.8391327e-02;6.2500000e+01;4.4617048e-03;6.2500000e+01;1.8464126e-02;6.2500000e+01;3.7250720e-02;6.2500000e+01;6.1614323e-02;6.2500000e+01;9.0498909e-02;6.2500000e+01;1.2102748e-01;6.2500000e+01;1.5411951e-01;6.2500000e+01;1.8793827e-01;6.2500000e+01;2.2674042e-01;6.2500000e+01;2.6205322e-01;6.2500000e+01;2.8440914e-01;6.2500000e+01;2.8613436e-01;6.2500000e+01;2.6800376e-01;6.2500000e+01;2.3317429e-01;6.2500000e+01;1.8880139e-01;6.2500000e+01;1.3735677e-01;6.2500000e+01;8.9843959e-02;6.2500000e+01;4.8391327e-02;6.2500000e+01;4.4617048e-03;6.2500000e+01;1.8464126e-02;6.2500000e+01;3.7250720e-02;6.2500000e+01;6.1614323e-02;6.2500000e+01;9.0498909e-02;6.2500000e+01;1.2102748e-01;6.2500000e+01;1.5411951e-01;6.2500000e+01;1.8793827e-01;6.2500000e+01;2.2674042e-01;6.2500000e+01;2.6205322e-01;6.2500000e+01;2.8440914e-01;6.2500000e+01;2.8613436e-01;6.2500000e+01;2.6800376e-01;6.2500000e+01;2.3317429e-01;6.2500000e+01;1.8880139e-01;6.2500000e+01;1.3735677e-01;6.2500000e+01;8.9843959e-02;6.2500000e+01;4.8391327e-02;6.2500000e+01;4.4617048e-03;6.2500000e+01;1.8464126e-02;6.2500000e+01;3.7250720e-02;6.2500000e+01;6.1614323e-02;6.2500000e+01;9.0498909e-02;6.2500000e+01;1.2102748e-01;6.2500000e+01;1.5411951e-01;6.2500000e+01;1.8793827e-01;6.2500000e+01;2.2674042e-01;6.2500000e+01;2.6205322e-01;6.2500000e+01;2.8440914e-01;6.2500000e+01;2.8613436e-01;6.2500000e+01;2.6800376e-01;6.2500000e+01;2.3317429e-01;6.2500000e+01;1.8880139e-01;6.2500000e+01;1.3735677e-01;6.2500000e+01;8.9843959e-02;6.2500000e+01;4.8391327e-02;6.2500000e+01;4.4617048e-03;6.2500000e+01;1.8464126e-02;6.2500000e+01;3.7250720e-02;6.2500000e+01;6.1614323e-02;6.2500000e+01;9.0498909e-02;6.2500000e+01;1.2102748e-01;6.2500000e+01;1.5411951e-01;6.2500000e+01;1.8793827e-01;6.2500000e+01;2.2674042e-01;6.2500000e+01;2.6205322e-01;6.2500000e+01;2.8440914e-01;6.2500000e+01;2.8613436e-01;6.2500000e+01;2.6800376e-01;6.2500000e+01;2.3317429e-01;6.2500000e+01;1.8880139e-01;6.2500000e+01;1.3735677e-01;6.2500000e+01;8.9843959e-02;6.2500000e+01;4.8391327e-02;6.2500000e+01;4.4617048e-03;6.2500000e+01;1.8464126e-02;6.2500000e+01;3.7250720e-02;6.2500000e+01;6.1614323e-02;6.2500000e+01;9.0498909e-02;6.2500000e+01;1.2102748e-01;6.2500000e+01;1.5411951e-01;6.2500000e+01;1.8793827e-01;6.2500000e+01;2.2674042e-01;6.2500000e+01;2.6205322e-01;6.2500000e+01;2.8440914e-01;6.2500000e+01;2.8613436e-01;6.2500000e+01;2.6800376e-01;6.2500000e+01;2.3317429e-01;6.2500000e+01;1.8880139e-01;6.2500000e+01;1.3735677e-01;6.2500000e+01;8.9843959e-02;6.2500000e+01;4.8391327e-02;6.2500000e+01;4.4617048e-03;6.2500000e+01;1.8464126e-02;6.2500000e+01;3.7250720e-02;6.2500000e+01;6.1614323e-02;6.2500000e+01;9.0498909e-02;6.2500000e+01;1.2102748e-01;6.2500000e+01;1.5411951e-01;6.2500000e+01;1.8793827e-01;6.2500000e+01;2.2674042e-01;6.2500000e+01;2.6205322e-01;6.2500000e+01;2.8440914e-01;6.2500000e+01;2.8613436e-01;6.2500000e+01;2.6800376e-01;6.2500000e+01;2.3317429e-01;6.2500000e+01;1.8880139e-01;6.2500000e+01;1.3735677e-01;6.2500000e+01;8.9843959e-02;6.2500000e+01;4.8391327e-02;6.2500000e+01;4.4617048e-03;6.2500000e+01;1.8464126e-02;6.2500000e+01;3.7250720e-02;6.2500000e+01;6.1614323e-02;6.2500000e+01;9.0498909e-02;6.2500000e+01;1.2102748e-01;6.2500000e+01;1.5411951e-01;6.2500000e+01;1.8793827e-01;6.2500000e+01;2.2674042e-01;6.2500000e+01;2.6205322e-01;6.2500000e+01;2.8440914e-01;6.2500000e+01;2.8613436e-01;6.2500000e+01;2.6800376e-01;6.2500000e+01;2.3317429e-01;6.2500000e+01;1.8880139e-01;6.2500000e+01;1.3735677e-01;6.2500000e+01;8.9843959e-02;6.2500000e+01;4.8391327e-02;6.2500000e+01;4.4617048e-03;6.2500000e+01;1.8464126e-02;6.2500000e+01;3.7250720e-02;6.2500000e+01;6.1614323e-02;6.2500000e+01;9.0498909e-02;6.2500000e+01;1.2102748e-01;6.2500000e+01;1.5411951e-01;6.2500000e+01;1.8793827e-01;6.2500000e+01;2.2674042e-01;6.2500000e+01;2.6205322e-01;6.2500000e+01;2.8440914e-01;6.2500000e+01;2.8613436e-01;6.2500000e+01;2.6800376e-01;6.2500000e+01;2.3317429e-01;6.2500000e+01;1.8880139e-01;6.2500000e+01;1.3735677e-01;6.2500000e+01;8.9843959e-02;6.2500000e+01;4.8391327e-02;6.2500000e+01;4.4617048e-03;6.2500000e+01;1.8464126e-02;6.2500000e+01;3.7250720e-02;6.2500000e+01;6.1614323e-02;6.2500000e+01;9.0498909e-02;6.2500000e+01;1.2102748e-01;6.2500000e+01;1.5411951e-01;6.2500000e+01;1.8793827e-01;6.2500000e+01;2.2674042e-01;6.2500000e+01;2.6205322e-01;6.2500000e+01;2.8440914e-01;6.2500000e+01;2.8613436e-01;6.2500000e+01;2.6800376e-01;6.2500000e+01;2.3317429e-01;6.2500000e+01;1.8880139e-01;6.2500000e+01;1.3735677e-01;6.2500000e+01;8.9843959e-02;6.2500000e+01;4.8391327e-02;6.2500000e+01;4.4617048e-03;6.2500000e+01;1.8464126e-02;6.2500000e+01;3.7250720e-02;6.2500000e+01;6.1614323e-02;6.2500000e+01;9.0498909e-02;6.2500000e+01;1.2102748e-01;6.2500000e+01;1.5411951e-01;6.2500000e+01;1.8793827e-01;6.2500000e+01;2.2674042e-01;6.2500000e+01;2.6205322e-01;6.2500000e+01;2.8440914e-01;6.2500000e+01;2.8613436e-01;6.2500000e+01;2.6800376e-01;6.2500000e+01;2.3317429e-01;6.2500000e+01;1.8880139e-01;6.2500000e+01;1.3735677e-01;6.2500000e+01;8.9843959e-02;6.2500000e+01;4.8391327e-02;6.2500000e+01;4.4617048e-03;6.2500000e+01;1.8464126e-02;6.2500000e+01;3.7250720e-02;6.2500000e+01;6.1614323e-02;6.2500000e+01;9.0498909e-02;6.2500000e+01;1.2102748e-01;6.2500000e+01;1.5411951e-01;6.2500000e+01;1.8793827e-01;6.2500000e+01;2.2674042e-01;6.2500000e+01;2.6205322e-01;6.2500000e+01;2.8440914e-01;6.2500000e+01;2.8613436e-01;6.2500000e+01;2.6800376e-01;6.2500000e+01;2.3317429e-01;6.2500000e+01;1.8880139e-01;6.2500000e+01;1.3735677e-01;6.2500000e+01;8.9843959e-02;6.2500000e+01;4.8391327e-02;6.2500000e+01;4.4617048e-03;6.2500000e+01;1.8464126e-02;6.2500000e+01;3.7250720e-02;6.2500000e+01;6.1614323e-02;6.2500000e+01;9.0498909e-02;6.2500000e+01;1.2102748e-01;6.2500000e+01;1.5411951e-01;6.2500000e+01;1.8793827e-01;6.2500000e+01;2.2674042e-01;6.2500000e+01;2.6205322e-01;6.2500000e+01;2.8440914e-01;6.2500000e+01;2.8613436e-01;6.2500000e+01;2.6800376e-01;6.2500000e+01;2.3317429e-01;6.2500000e+01;1.8880139e-01;6.2500000e+01;1.3735677e-01;6.2500000e+01;8.9843959e-02;6.2500000e+01;4.8391327e-02;6.2500000e+01;4.4617048e-03;6.2500000e+01;1.8464126e-02;6.2500000e+01;3.7250720e-02;6.2500000e+01;6.1614323e-02;6.2500000e+01;9.0498909e-02;6.2500000e+01;1.2102748e-01;6.2500000e+01;1.5411951e-01;6.2500000e+01;1.8793827e-01;6.2500000e+01;2.2674042e-01;6.2500000e+01;2.6205322e-01;6.2500000e+01;2.8440914e-01;6.2500000e+01;2.8613436e-01;6.2500000e+01;2.6800376e-01;6.2500000e+01;2.3317429e-01;6.2500000e+01;1.8880139e-01;6.2500000e+01;1.3735677e-01;6.2500000e+01;8.9843959e-02;6.2500000e+01;4.8391327e-02;6.2500000e+01;4.4617048e-03;6.2500000e+01;1.8464126e-02;6.2500000e+01;3.7250720e-02;6.2500000e+01;6.1614323e-02;6.2500000e+01;9.0498909e-02;6.2500000e+01;1.2102748e-01;6.2500000e+01;1.5411951e-01;6.2500000e+01;1.8793827e-01;6.2500000e+01;2.2674042e-01;6.2500000e+01;2.6205322e-01;6.2500000e+01;2.8440914e-01;6.2500000e+01;2.8613436e-01;6.2500000e+01;2.6800376e-01;6.2500000e+01;2.3317429e-01;6.2500000e+01;1.8880139e-01;6.2500000e+01;1.3735677e-01;6.2500000e+01;8.9843959e-02;6.2500000e+01;4.8391327e-02;6.2500000e+01;4.4617048e-03;6.2500000e+01;1.8464126e-02;6.2500000e+01;3.7250720e-02;6.2500000e+01;6.1614323e-02;6.2500000e+01;9.0498909e-02;6.2500000e+01;1.2102748e-01;6.2500000e+01;1.5411951e-01;6.2500000e+01;1.8793827e-01;6.2500000e+01;2.2674042e-01;6.2500000e+01;2.6205322e-01;6.2500000e+01;2.8440914e-01;6.2500000e+01;2.8613436e-01;6.2500000e+01;2.6800376e-01;6.2500000e+01;2.3317429e-01;6.2500000e+01;1.8880139e-01;6.2500000e+01;1.3735677e-01;6.2500000e+01;8.9843959e-02;6.2500000e+01;4.8391327e-02;6.2500000e+01;4.4617048e-03;6.2500000e+01;1.8464126e-02;6.2500000e+01;3.7250720e-02;6.2500000e+01;6.1614323e-02;6.2500000e+01;9.0498909e-02;6.2500000e+01;1.2102748e-01;6.2500000e+01;1.5411951e-01;6.2500000e+01;1.8793827e-01;6.2500000e+01;2.2674042e-01;6.2500000e+01;2.6205322e-01;6.2500000e+01;2.8440914e-01;6.2500000e+01;2.8613436e-01;6.2500000e+01;2.6800376e-01;6.2500000e+01;2.3317429e-01;6.2500000e+01;1.8880139e-01;6.2500000e+01;1.3735677e-01;6.2500000e+01;8.9843959e-02;6.2500000e+01;4.8391327e-02;6.2500000e+01;4.4617048e-03;6.2500000e+01;1.8464126e-02;6.2500000e+01;3.7250720e-02;6.2500000e+01;6.1614323e-02;6.2500000e+01;9.0498909e-02;6.2500000e+01;1.2102748e-01;6.2500000e+01;1.5411951e-01;6.2500000e+01;1.8793827e-01;6.2500000e+01;2.2674042e-01;6.2500000e+01;2.6205322e-01;6.2500000e+01;2.8440914e-01;6.2500000e+01;2.8613436e-01;6.2500000e+01;2.6800376e-01;6.2500000e+01;2.3317429e-01;6.2500000e+01;1.8880139e-01;6.2500000e+01;1.3735677e-01;6.2500000e+01;8.9843959e-02;6.2500000e+01;4.8391327e-02;6.2500000e+01;4.4617048e-03;6.2500000e+01;1.8464126e-02;6.2500000e+01;3.7250720e-02;6.2500000e+01;6.1614323e-02;6.2500000e+01;9.0498909e-02;6.2500000e+01;1.2102748e-01;6.2500000e+01;1.5411951e-01;6.2500000e+01;1.8793827e-01;6.2500000e+01;2.2674042e-01;6.2500000e+01;2.6205322e-01;6.2500000e+01;2.8440914e-01;6.2500000e+01;2.8613436e-01;6.2500000e+01;2.6800376e-01;6.2500000e+01;2.3317429e-01;6.2500000e+01;1.8880139e-01;6.2500000e+01;1.3735677e-01;6.2500000e+01;8.9843959e-02;6.2500000e+01;4.8391327e-02;6.2500000e+01;4.4617048e-03;6.2500000e+01;1.8464126e-02;6.2500000e+01;3.7250720e-02;6.2500000e+01;6.1614323e-02;6.2500000e+01;9.0498909e-02;6.2500000e+01;1.2102748e-01;6.2500000e+01;1.5411951e-01;6.2500000e+01;1.8793827e-01;6.2500000e+01;2.2674042e-01;6.2500000e+01;2.6205322e-01;6.2500000e+01;2.8440914e-01;6.2500000e+01;2.8613436e-01;6.2500000e+01;2.6800376e-01;6.2500000e+01;2.3317429e-01;6.2500000e+01;1.8880139e-01;6.2500000e+01;1.3735677e-01;6.2500000e+01;8.9843959e-02;6.2500000e+01;4.8391327e-02;6.2500000e+01;4.4617048e-03;6.2500000e+01;1.8464126e-02;6.2500000e+01;3.7250720e-02;6.2500000e+01;6.1614323e-02;6.2500000e+01;9.0498909e-02;6.2500000e+01;1.2102748e-01;6.2500000e+01;1.5411951e-01;6.2500000e+01;1.8793827e-01;6.2500000e+01;2.2674042e-01;6.2500000e+01;2.6205322e-01;6.2500000e+01;2.8440914e-01;6.2500000e+01;2.8613436e-01;6.2500000e+01;2.6800376e-01;6.2500000e+01;2.3317429e-01;6.2500000e+01;1.8880139e-01;6.2500000e+01;1.3735677e-01;6.2500000e+01;8.9843959e-02;6.2500000e+01;4.8391327e-02;6.2500000e+01;4.4617048e-03;6.2500000e+01;1.8464126e-02;6.2500000e+01;3.7250720e-02;6.2500000e+01;6.1614323e-02;6.2500000e+01;9.0498909e-02;6.2500000e+01;1.2102748e-01;6.2500000e+01;1.5411951e-01;6.2500000e+01;1.8793827e-01;6.2500000e+01;2.2674042e-01;6.2500000e+01;2.6205322e-01;6.2500000e+01;2.8440914e-01;6.2500000e+01;2.8613436e-01;6.2500000e+01;2.6800376e-01;6.2500000e+01;2.3317429e-01;6.2500000e+01;1.8880139e-01;6.2500000e+01;1.3735677e-01;6.2500000e+01;8.9843959e-02;6.2500000e+01;4.8391327e-02;6.2500000e+01;4.4617048e-03;6.2500000e+01;1.8464126e-02;6.2500000e+01;3.7250720e-02;6.2500000e+01;6.1614323e-02;6.2500000e+01;9.0498909e-02;6.2500000e+01;1.2102748e-01;6.2500000e+01;1.5411951e-01;6.2500000e+01;1.8793827e-01;6.2500000e+01;2.2674042e-01;6.2500000e+01;2.6205322e-01;6.2500000e+01;2.8440914e-01;6.2500000e+01;2.8613436e-01;6.2500000e+01;2.6800376e-01;6.2500000e+01;2.3317429e-01;6.2500000e+01;1.8880139e-01;6.2500000e+01;1.3735677e-01;6.2500000e+01;8.9843959e-02;6.2500000e+01;4.8391327e-02;6.2500000e+01;4.4617048e-03;6.2500000e+01;1.8464126e-02;6.2500000e+01;3.7250720e-02;6.2500000e+01;6.1614323e-02;6.2500000e+01;9.0498909e-02;6.2500000e+01;1.2102748e-01;6.2500000e+01;1.5411951e-01;6.2500000e+01;1.8793827e-01;6.2500000e+01;2.2674042e-01;6.2500000e+01;2.6205322e-01;6.2500000e+01;2.8440914e-01;6.2500000e+01;2.8613436e-01;6.2500000e+01;2.6800376e-01;6.2500000e+01;2.3317429e-01;6.2500000e+01;1.8880139e-01;6.2500000e+01;1.3735677e-01;6.2500000e+01;8.9843959e-02;6.2500000e+01;4.8391327e-02;6.2500000e+01;4.4617048e-03;6.2500000e+01;1.8464126e-02;6.2500000e+01;3.7250720e-02;6.2500000e+01;6.1614323e-02;6.2500000e+01;9.0498909e-02;6.2500000e+01;1.2102748e-01;6.2500000e+01;1.5411951e-01;6.2500000e+01;1.8793827e-01;6.2500000e+01;2.2674042e-01;6.2500000e+01;2.6205322e-01;6.2500000e+01;2.8440914e-01;6.2500000e+01;2.8613436e-01;6.2500000e+01;2.6800376e-01;6.2500000e+01;2.3317429e-01;6.2500000e+01;1.8880139e-01;6.2500000e+01;1.3735677e-01;6.2500000e+01;8.9843959e-02;6.2500000e+01;4.8391327e-02;6.2500000e+01;4.4617048e-03;6.2500000e+01;1.8464126e-02;6.2500000e+01;3.7250720e-02;6.2500000e+01;6.1614323e-02;6.2500000e+01;9.0498909e-02;6.2500000e+01;1.2102748e-01;6.2500000e+01;1.5411951e-01;6.2500000e+01;1.8793827e-01;6.2500000e+01;2.2674042e-01;6.2500000e+01;2.6205322e-01;6.2500000e+01;2.8440914e-01;6.2500000e+01;2.8613436e-01;6.2500000e+01;2.6800376e-01;6.2500000e+01;2.3317429e-01;6.2500000e+01;1.8880139e-01;6.2500000e+01;1.3735677e-01;6.2500000e+01;8.9843959e-02;6.2500000e+01;4.8391327e-02;6.2500000e+01;4.4617048e-03;6.2500000e+01;1.8464126e-02;6.2500000e+01;3.7250720e-02;6.2500000e+01;6.1614323e-02;6.2500000e+01;9.0498909e-02;6.2500000e+01;1.2102748e-01;6.2500000e+01;1.5411951e-01;6.2500000e+01;1.8793827e-01;6.2500000e+01;2.2674042e-01;6.2500000e+01;2.6205322e-01;6.2500000e+01;2.8440914e-01;6.2500000e+01;2.8613436e-01;6.2500000e+01;2.6800376e-01;6.2500000e+01;2.3317429e-01;6.2500000e+01;1.8880139e-01;6.2500000e+01;1.3735677e-01;6.2500000e+01;8.9843959e-02;6.2500000e+01;4.8391327e-02;6.2500000e+01;4.4617048e-03;6.2500000e+01;1.8464126e-02;6.2500000e+01;3.7250720e-02;6.2500000e+01;6.1614323e-02;6.2500000e+01;9.0498909e-02;6.2500000e+01;1.2102748e-01;6.2500000e+01;1.5411951e-01;6.2500000e+01;1.8793827e-01;6.2500000e+01;2.2674042e-01;6.2500000e+01;2.6205322e-01;6.2500000e+01;2.8440914e-01;6.2500000e+01;2.8613436e-01;6.2500000e+01;2.6800376e-01;6.2500000e+01;2.3317429e-01;6.2500000e+01;1.8880139e-01;6.2500000e+01;1.3735677e-01;6.2500000e+01;8.9843959e-02;6.2500000e+01;4.8391327e-02;6.2500000e+01;4.4617048e-03;6.2500000e+01;1.8464126e-02;6.2500000e+01;3.7250720e-02;6.2500000e+01;6.1614323e-02;6.2500000e+01;9.0498909e-02;6.2500000e+01;1.2102748e-01;6.2500000e+01;1.5411951e-01;6.2500000e+01;1.8793827e-01;6.2500000e+01;2.2674042e-01;6.2500000e+01;2.6205322e-01;6.2500000e+01;2.8440914e-01;6.2500000e+01;2.8613436e-01;6.2500000e+01;2.6800376e-01;6.2500000e+01;2.3317429e-01;6.2500000e+01;1.8880139e-01;6.2500000e+01;1.3735677e-01;6.2500000e+01;8.9843959e-02;6.2500000e+01;4.8391327e-02;6.2500000e+01;4.4617048e-03;6.2500000e+01;1.8464126e-02;6.2500000e+01;3.7250720e-02;6.2500000e+01;6.1614323e-02;6.2500000e+01;9.0498909e-02;6.2500000e+01;1.2102748e-01;6.2500000e+01;1.5411951e-01;6.2500000e+01;1.8793827e-01;6.2500000e+01;2.2674042e-01;6.2500000e+01;2.6205322e-01;6.2500000e+01;2.8440914e-01;6.2500000e+01;2.8613436e-01;6.2500000e+01;2.6800376e-01;6.2500000e+01;2.3317429e-01;6.2500000e+01;1.8880139e-01;6.2500000e+01;1.3735677e-01;6.2500000e+01;8.9843959e-02;6.2500000e+01;4.8391327e-02;6.2500000e+01;4.4617048e-03;6.2500000e+01;1.8464126e-02;6.2500000e+01;3.7250720e-02;6.2500000e+01;6.1614323e-02;6.2500000e+01;9.0498909e-02;6.2500000e+01;1.2102748e-01;6.2500000e+01;1.5411951e-01;6.2500000e+01;1.8793827e-01;6.2500000e+01;2.2674042e-01;6.2500000e+01;2.6205322e-01;6.2500000e+01;2.8440914e-01;6.2500000e+01;2.8613436e-01;6.2500000e+01;2.6800376e-01;6.2500000e+01;2.3317429e-01;6.2500000e+01;1.8880139e-01;6.2500000e+01;1.3735677e-01;6.2500000e+01;8.9843959e-02;6.2500000e+01;4.8391327e-02;6.2500000e+01;4.4617048e-03;6.2500000e+01;1.8464126e-02;6.2500000e+01;3.7250720e-02;6.2500000e+01;6.1614323e-02;6.2500000e+01;9.0498909e-02;6.2500000e+01;1.2102748e-01;6.2500000e+01;1.5411951e-01;6.2500000e+01;1.8793827e-01;6.2500000e+01;2.2674042e-01;6.2500000e+01;2.6205322e-01;6.2500000e+01;2.8440914e-01;6.2500000e+01;2.8613436e-01;6.2500000e+01;2.6800376e-01;6.2500000e+01;2.3317429e-01;6.2500000e+01;1.8880139e-01;6.2500000e+01;1.3735677e-01;6.2500000e+01;8.9843959e-02;6.2500000e+01;4.8391327e-02;6.2500000e+01;4.4617048e-03;6.2500000e+01;1.8464126e-02;6.2500000e+01;3.7250720e-02;6.2500000e+01;6.1614323e-02;6.2500000e+01;9.0498909e-02;6.2500000e+01;1.2102748e-01;6.2500000e+01;1.5411951e-01;6.2500000e+01;1.8793827e-01;6.2500000e+01;2.2674042e-01;6.2500000e+01;2.6205322e-01;6.2500000e+01;2.8440914e-01;6.2500000e+01;2.8613436e-01;6.2500000e+01;2.6800376e-01;6.2500000e+01;2.3317429e-01;6.2500000e+01;1.8880139e-01;6.2500000e+01;1.3735677e-01;6.2500000e+01;8.9843959e-02;6.2500000e+01;4.8391327e-02;6.2500000e+01;4.4617048e-03;6.2500000e+01;1.8464126e-02;6.2500000e+01;3.7250720e-02;6.2500000e+01;6.1614323e-02;6.2500000e+01;9.0498909e-02;6.2500000e+01;1.2102748e-01;6.2500000e+01;1.5411951e-01;6.2500000e+01;1.8793827e-01;6.2500000e+01;2.2674042e-01;6.2500000e+01;2.6205322e-01;6.2500000e+01;2.8440914e-01;6.2500000e+01;2.8613436e-01;6.2500000e+01;2.6800376e-01;6.2500000e+01;2.3317429e-01;6.2500000e+01;1.8880139e-01;6.2500000e+01;1.3735677e-01;6.2500000e+01;8.9843959e-02;6.2500000e+01;4.8391327e-02;6.2500000e+01;4.4617048e-03;6.2500000e+01;1.8464126e-02;6.2500000e+01;3.7250720e-02;6.2500000e+01;6.1614323e-02;6.2500000e+01;9.0498909e-02;6.2500000e+01;1.2102748e-01;6.2500000e+01;1.5411951e-01;6.2500000e+01;1.8793827e-01;6.2500000e+01;2.2674042e-01;6.2500000e+01;2.6205322e-01;6.2500000e+01;2.8440914e-01;6.2500000e+01;2.8613436e-01;6.2500000e+01;2.6800376e-01;6.2500000e+01;2.3317429e-01;6.2500000e+01;1.8880139e-01;6.2500000e+01;1.3735677e-01;6.2500000e+01;8.9843959e-02;6.2500000e+01;4.8391327e-02;6.2500000e+01;4.4617048e-03;6.2500000e+01;1.8464126e-02;6.2500000e+01;3.7250720e-02;6.2500000e+01;6.1614323e-02;6.2500000e+01;9.0498909e-02;6.2500000e+01;1.2102748e-01;6.2500000e+01;1.5411951e-01;6.2500000e+01;1.8793827e-01;6.2500000e+01;2.2674042e-01;6.2500000e+01;2.6205322e-01;6.2500000e+01;2.8440914e-01;6.2500000e+01;2.8613436e-01;6.2500000e+01;2.6800376e-01;6.2500000e+01;2.3317429e-01;6.2500000e+01;1.8880139e-01;6.2500000e+01;1.3735677e-01;6.2500000e+01;8.9843959e-02;6.2500000e+01;4.8391327e-02;6.2500000e+01;4.4617048e-03;6.2500000e+01;1.8464126e-02;6.2500000e+01;3.7250720e-02;6.2500000e+01;6.1614323e-02;6.2500000e+01;9.0498909e-02;6.2500000e+01;1.2102748e-01;6.2500000e+01;1.5411951e-01;6.2500000e+01;1.8793827e-01;6.2500000e+01;2.2674042e-01;6.2500000e+01;2.6205322e-01;6.2500000e+01;2.8440914e-01;6.2500000e+01;2.8613436e-01;6.2500000e+01;2.6800376e-01;6.2500000e+01;2.3317429e-01;6.2500000e+01;1.8880139e-01;6.2500000e+01;1.3735677e-01;6.2500000e+01;8.9843959e-02;6.2500000e+01;4.8391327e-02;6.2500000e+01;4.4617048e-03;6.2500000e+01;1.8464126e-02;6.2500000e+01;3.7250720e-02;6.2500000e+01;6.1614323e-02;6.2500000e+01;9.0498909e-02;6.2500000e+01;1.2102748e-01;6.2500000e+01;1.5411951e-01;6.2500000e+01;1.8793827e-01;6.2500000e+01;2.2674042e-01;6.2500000e+01;2.6205322e-01;6.2500000e+01;2.8440914e-01;6.2500000e+01;2.8613436e-01;6.2500000e+01;2.6800376e-01;6.2500000e+01;2.3317429e-01;6.2500000e+01;1.8880139e-01;6.2500000e+01;1.3735677e-01;6.2500000e+01;8.9843959e-02;6.2500000e+01;4.8391327e-02;6.2500000e+01;4.4617048e-03;6.2500000e+01;1.8464126e-02;6.2500000e+01;3.7250720e-02;6.2500000e+01;6.1614323e-02;6.2500000e+01;9.0498909e-02;6.2500000e+01;1.2102748e-01;6.2500000e+01;1.5411951e-01;6.2500000e+01;1.8793827e-01;6.2500000e+01;2.2674042e-01;6.2500000e+01;2.6205322e-01;6.2500000e+01;2.8440914e-01;6.2500000e+01;2.8613436e-01;6.2500000e+01;2.6800376e-01;6.2500000e+01;2.3317429e-01;6.2500000e+01;1.8880139e-01;6.2500000e+01;1.3735677e-01;6.2500000e+01;8.9843959e-02;6.2500000e+01;4.8391327e-02;6.2500000e+01;4.4617048e-03;6.2500000e+01;1.8464126e-02;6.2500000e+01;3.7250720e-02;6.2500000e+01;6.1614323e-02;6.2500000e+01;9.0498909e-02;6.2500000e+01;1.2102748e-01;6.2500000e+01;1.5411951e-01;6.2500000e+01;1.8793827e-01;6.2500000e+01;2.2674042e-01;6.2500000e+01;2.6205322e-01;6.2500000e+01;2.8440914e-01;6.2500000e+01;2.8613436e-01;6.2500000e+01;2.6800376e-01;6.2500000e+01;2.3317429e-01;6.2500000e+01;1.8880139e-01;6.2500000e+01;1.3735677e-01;6.2500000e+01;8.9843959e-02;6.2500000e+01;4.8391327e-02;6.2500000e+01;4.4617048e-03;6.2500000e+01;1.8464126e-02;6.2500000e+01;3.7250720e-02;6.2500000e+01;6.1614323e-02;6.2500000e+01;9.0498909e-02;6.2500000e+01;1.2102748e-01;6.2500000e+01;1.5411951e-01;6.2500000e+01;1.8793827e-01;6.2500000e+01;2.2674042e-01;6.2500000e+01;2.6205322e-01;6.2500000e+01;2.8440914e-01;6.2500000e+01;2.8613436e-01;6.2500000e+01;2.6800376e-01;6.2500000e+01;2.3317429e-01;6.2500000e+01;1.8880139e-01;6.2500000e+01;1.3735677e-01;6.2500000e+01;8.9843959e-02;6.2500000e+01;4.8391327e-02;6.2500000e+01;4.4617048e-03;6.2500000e+01;1.8464126e-02;6.2500000e+01;3.7250720e-02;6.2500000e+01;6.1614323e-02;6.2500000e+01;9.0498909e-02;6.2500000e+01;1.2102748e-01;6.2500000e+01;1.5411951e-01;6.2500000e+01;1.8793827e-01;6.2500000e+01;2.2674042e-01;6.2500000e+01;2.6205322e-01;6.2500000e+01;2.8440914e-01;6.2500000e+01;2.8613436e-01;6.2500000e+01;2.6800376e-01;6.2500000e+01;2.3317429e-01;6.2500000e+01;1.8880139e-01;6.2500000e+01;1.3735677e-01;6.2500000e+01;8.9843959e-02;6.2500000e+01;4.8391327e-02;6.2500000e+01;4.4617048e-03;6.2500000e+01;1.8464126e-02;6.2500000e+01;3.7250720e-02;6.2500000e+01;6.1614323e-02;6.2500000e+01;9.0498909e-02;6.2500000e+01;1.2102748e-01;6.2500000e+01;1.5411951e-01;6.2500000e+01;1.8793827e-01;6.2500000e+01;2.2674042e-01;6.2500000e+01;2.6205322e-01;6.2500000e+01;2.8440914e-01;6.2500000e+01;2.8613436e-01;6.2500000e+01;2.6800376e-01;6.2500000e+01;2.3317429e-01;6.2500000e+01;1.8880139e-01;6.2500000e+01;1.3735677e-01;6.2500000e+01;8.9843959e-02;6.2500000e+01;4.8391327e-02;6.2500000e+01;4.4617048e-03;6.2500000e+01;1.8464126e-02;6.2500000e+01;3.7250720e-02;6.2500000e+01;6.1614323e-02;6.2500000e+01;9.0498909e-02;6.2500000e+01;1.2102748e-01;6.2500000e+01;1.5411951e-01;6.2500000e+01;1.8793827e-01;6.2500000e+01;2.2674042e-01;6.2500000e+01;2.6205322e-01;6.2500000e+01;2.8440914e-01;6.2500000e+01;2.8613436e-01;6.2500000e+01;2.6800376e-01;6.2500000e+01;2.3317429e-01;6.2500000e+01;1.8880139e-01;6.2500000e+01;1.3735677e-01;6.2500000e+01;8.9843959e-02;6.2500000e+01;4.8391327e-02;6.2500000e+01;4.4617048e-03;6.2500000e+01;1.8464126e-02;6.2500000e+01;3.7250720e-02;6.2500000e+01;6.1614323e-02;6.2500000e+01;9.0498909e-02;6.2500000e+01;1.2102748e-01;6.2500000e+01;1.5411951e-01;6.2500000e+01;1.8793827e-01;6.2500000e+01;2.2674042e-01;6.2500000e+01;2.6205322e-01;6.2500000e+01;2.8440914e-01;6.2500000e+01;2.8613436e-01;6.2500000e+01;2.6800376e-01;6.2500000e+01;2.3317429e-01;6.2500000e+01;1.8880139e-01;6.2500000e+01;1.3735677e-01;6.2500000e+01;8.9843959e-02;6.2500000e+01;4.8391327e-02;6.2500000e+01;4.4617048e-03;6.2500000e+01;1.8464126e-02;6.2500000e+01;3.7250720e-02;6.2500000e+01;6.1614323e-02;6.2500000e+01;9.0498909e-02;6.2500000e+01;1.2102748e-01;6.2500000e+01;1.5411951e-01;6.2500000e+01;1.8793827e-01;6.2500000e+01;2.2674042e-01;6.2500000e+01;2.6205322e-01;6.2500000e+01;2.8440914e-01;6.2500000e+01;2.8613436e-01;6.2500000e+01;2.6800376e-01;6.2500000e+01;2.3317429e-01;6.2500000e+01;1.8880139e-01;6.2500000e+01;1.3735677e-01;6.2500000e+01;8.9843959e-02;6.2500000e+01;4.8391327e-02;6.2500000e+01;4.4617048e-03;6.2500000e+01;1.8464126e-02;6.2500000e+01;3.7250720e-02;6.2500000e+01;6.1614323e-02;6.2500000e+01;9.0498909e-02;6.2500000e+01;1.2102748e-01;6.2500000e+01;1.5411951e-01;6.2500000e+01;1.8793827e-01;6.2500000e+01;2.2674042e-01;6.2500000e+01;2.6205322e-01;6.2500000e+01;2.8440914e-01;6.2500000e+01;2.8613436e-01;6.2500000e+01;2.6800376e-01;6.2500000e+01;2.3317429e-01;6.2500000e+01;1.8880139e-01;6.2500000e+01;1.3735677e-01;6.2500000e+01;8.9843959e-02;6.2500000e+01;4.8391327e-02;6.2500000e+01;4.4617048e-03;6.2500000e+01;1.8464126e-02;6.2500000e+01;3.7250720e-02;6.2500000e+01;6.1614323e-02;6.2500000e+01;9.0498909e-02;6.2500000e+01;1.2102748e-01;6.2500000e+01;1.5411951e-01;6.2500000e+01;1.8793827e-01;6.2500000e+01;2.2674042e-01;6.2500000e+01;2.6205322e-01;6.2500000e+01;2.8440914e-01;6.2500000e+01;2.8613436e-01;6.2500000e+01;2.6800376e-01;6.2500000e+01;2.3317429e-01;6.2500000e+01;1.8880139e-01;6.2500000e+01;1.3735677e-01;6.2500000e+01;8.9843959e-02;6.2500000e+01;4.8391327e-02;6.2500000e+01;4.4617048e-03;6.2500000e+01;1.8464126e-02;6.2500000e+01;3.7250720e-02;6.2500000e+01;6.1614323e-02;6.2500000e+01;9.0498909e-02;6.2500000e+01;1.2102748e-01;6.2500000e+01;1.5411951e-01;6.2500000e+01;1.8793827e-01;6.2500000e+01;2.2674042e-01;6.2500000e+01;2.6205322e-01;6.2500000e+01;2.8440914e-01;6.2500000e+01;2.8613436e-01;6.2500000e+01;2.6800376e-01;6.2500000e+01;2.3317429e-01;6.2500000e+01;1.8880139e-01;6.2500000e+01;1.3735677e-01;6.2500000e+01;8.9843959e-02;6.2500000e+01;4.8391327e-02;6.2500000e+01;4.4617048e-03;6.2500000e+01;1.8464126e-02;6.2500000e+01;3.7250720e-02;6.2500000e+01;6.1614323e-02;6.2500000e+01;9.0498909e-02;6.2500000e+01;1.2102748e-01;6.2500000e+01;1.5411951e-01;6.2500000e+01;1.8793827e-01;6.2500000e+01;2.2674042e-01;6.2500000e+01;2.6205322e-01;6.2500000e+01;2.8440914e-01;6.2500000e+01;2.8613436e-01;6.2500000e+01;2.6800376e-01;6.2500000e+01;2.3317429e-01;6.2500000e+01;1.8880139e-01;6.2500000e+01;1.3735677e-01;6.2500000e+01;8.9843959e-02;6.2500000e+01;4.8391327e-02;6.2500000e+01;4.4617048e-03;6.2500000e+01;1.8464126e-02;6.2500000e+01;3.7250720e-02;6.2500000e+01;6.1614323e-02;6.2500000e+01;9.0498909e-02;6.2500000e+01;1.2102748e-01;6.2500000e+01;1.5411951e-01;6.2500000e+01;1.8793827e-01;6.2500000e+01;2.2674042e-01;6.2500000e+01;2.6205322e-01;6.2500000e+01;2.8440914e-01;6.2500000e+01;2.8613436e-01;6.2500000e+01;2.6800376e-01;6.2500000e+01;2.3317429e-01;6.2500000e+01;1.8880139e-01;6.2500000e+01;1.3735677e-01;6.2500000e+01;8.9843959e-02;6.2500000e+01;4.8391327e-02;6.2500000e+01;4.4617048e-03;6.2500000e+01;1.8464126e-02;6.2500000e+01;3.7250720e-02;6.2500000e+01;6.1614323e-02;6.2500000e+01;9.0498909e-02;6.2500000e+01;1.2102748e-01;6.2500000e+01;1.5411951e-01;6.2500000e+01;1.8793827e-01;6.2500000e+01;2.2674042e-01;6.2500000e+01;2.6205322e-01;6.2500000e+01;2.8440914e-01;6.2500000e+01;2.8613436e-01;6.2500000e+01;2.6800376e-01;6.2500000e+01;2.3317429e-01;6.2500000e+01;1.8880139e-01;6.2500000e+01;1.3735677e-01;6.2500000e+01;8.9843959e-02;6.2500000e+01;4.8391327e-02;6.2500000e+01;4.4617048e-03;6.2500000e+01;1.8464126e-02;6.2500000e+01;3.7250720e-02;6.2500000e+01;6.1614323e-02;6.2500000e+01;9.0498909e-02;6.2500000e+01;1.2102748e-01;6.2500000e+01;1.5411951e-01;6.2500000e+01;1.8793827e-01;6.2500000e+01;2.2674042e-01;6.2500000e+01;2.6205322e-01;6.2500000e+01;2.8440914e-01;6.2500000e+01;2.8613436e-01;6.2500000e+01;2.6800376e-01;6.2500000e+01;2.3317429e-01;6.2500000e+01;1.8880139e-01;6.2500000e+01;1.3735677e-01;6.2500000e+01;8.9843959e-02;6.2500000e+01;4.8391327e-02;6.2500000e+01;4.4617048e-03;6.2500000e+01;1.8464126e-02;6.2500000e+01;3.7250720e-02;6.2500000e+01;6.1614323e-02;6.2500000e+01;9.0498909e-02;6.2500000e+01;1.2102748e-01;6.2500000e+01;1.5411951e-01;6.2500000e+01;1.8793827e-01;6.2500000e+01;2.2674042e-01;6.2500000e+01;2.6205322e-01;6.2500000e+01;2.8440914e-01;6.2500000e+01;2.8613436e-01;6.2500000e+01;2.6800376e-01;6.2500000e+01;2.3317429e-01;6.2500000e+01;1.8880139e-01;6.2500000e+01;1.3735677e-01;6.2500000e+01;8.9843959e-02;6.2500000e+01;4.8391327e-02;6.2500000e+01;4.4617048e-03;6.2500000e+01;1.8464126e-02;6.2500000e+01;3.7250720e-02;6.2500000e+01;6.1614323e-02;6.2500000e+01;9.0498909e-02;6.2500000e+01;1.2102748e-01;6.2500000e+01;1.5411951e-01;6.2500000e+01;1.8793827e-01;6.2500000e+01;2.2674042e-01;6.2500000e+01;2.6205322e-01;6.2500000e+01;2.8440914e-01;6.2500000e+01;2.8613436e-01;6.2500000e+01;2.6800376e-01;6.2500000e+01;2.3317429e-01;6.2500000e+01;1.8880139e-01;6.2500000e+01;1.3735677e-01;6.2500000e+01;8.9843959e-02;6.2500000e+01;4.8391327e-02;6.2500000e+01;4.4617048e-03;6.2500000e+01;1.8464126e-02;6.2500000e+01;3.7250720e-02;6.2500000e+01;6.1614323e-02;6.2500000e+01;9.0498909e-02;6.2500000e+01;1.2102748e-01;6.2500000e+01;1.5411951e-01;6.2500000e+01;1.8793827e-01;6.2500000e+01;2.2674042e-01;6.2500000e+01;2.6205322e-01;6.2500000e+01;2.8440914e-01;6.2500000e+01;2.8613436e-01;6.2500000e+01;2.6800376e-01;6.2500000e+01;2.3317429e-01;6.2500000e+01;1.8880139e-01;6.2500000e+01;1.3735677e-01;6.2500000e+01;8.9843959e-02;6.2500000e+01;4.8391327e-02;6.2500000e+01;4.4617048e-03;6.2500000e+01;1.8464126e-02;6.2500000e+01;3.7250720e-02;6.2500000e+01;6.1614323e-02;6.2500000e+01;9.0498909e-02;6.2500000e+01;1.2102748e-01;6.2500000e+01;1.5411951e-01;6.2500000e+01;1.8793827e-01;6.2500000e+01;2.2674042e-01;6.2500000e+01;2.6205322e-01;6.2500000e+01;2.8440914e-01;6.2500000e+01;2.8613436e-01;6.2500000e+01;2.6800376e-01;6.2500000e+01;2.3317429e-01;6.2500000e+01;1.8880139e-01;6.2500000e+01;1.3735677e-01;6.2500000e+01;8.9843959e-02;6.2500000e+01;4.8391327e-02;6.2500000e+01;4.4617048e-03;6.2500000e+01;1.8464126e-02;6.2500000e+01;3.7250720e-02;6.2500000e+01;6.1614323e-02;6.2500000e+01;9.0498909e-02;6.2500000e+01;1.2102748e-01;6.2500000e+01;1.5411951e-01;6.2500000e+01;1.8793827e-01;6.2500000e+01;2.2674042e-01;6.2500000e+01;2.6205322e-01;6.2500000e+01;2.8440914e-01;6.2500000e+01;2.8613436e-01;6.2500000e+01;2.6800376e-01;6.2500000e+01;2.3317429e-01;6.2500000e+01;1.8880139e-01;6.2500000e+01;1.3735677e-01;6.2500000e+01;8.9843959e-02;6.2500000e+01;4.8391327e-02;6.2500000e+01;4.4617048e-03;6.2500000e+01;1.8464126e-02;6.2500000e+01;3.7250720e-02;6.2500000e+01;6.1614323e-02;6.2500000e+01;9.0498909e-02;6.2500000e+01;1.2102748e-01;6.2500000e+01;1.5411951e-01;6.2500000e+01;1.8793827e-01;6.2500000e+01;2.2674042e-01;6.2500000e+01;2.6205322e-01;6.2500000e+01;2.8440914e-01;6.2500000e+01;2.8613436e-01;6.2500000e+01;2.6800376e-01;6.2500000e+01;2.3317429e-01;6.2500000e+01;1.8880139e-01;6.2500000e+01;1.3735677e-01;6.2500000e+01;8.9843959e-02;6.2500000e+01;4.8391327e-02;6.2500000e+01;4.4617048e-03;6.2500000e+01;1.8464126e-02;6.2500000e+01;3.7250720e-02;6.2500000e+01;6.1614323e-02;6.2500000e+01;9.0498909e-02;6.2500000e+01;1.2102748e-01;6.2500000e+01;1.5411951e-01;6.2500000e+01;1.8793827e-01;6.2500000e+01;2.2674042e-01;6.2500000e+01;2.6205322e-01;6.2500000e+01;2.8440914e-01;6.2500000e+01;2.8613436e-01;6.2500000e+01;2.6800376e-01;6.2500000e+01;2.3317429e-01;6.2500000e+01;1.8880139e-01;6.2500000e+01;1.3735677e-01;6.2500000e+01;8.9843959e-02;6.2500000e+01;4.8391327e-02;6.2500000e+01;4.4617048e-03;6.2500000e+01;1.8464126e-02;6.2500000e+01;3.7250720e-02;6.2500000e+01;6.1614323e-02;6.2500000e+01;9.0498909e-02;6.2500000e+01;1.2102748e-01;6.2500000e+01;1.5411951e-01;6.2500000e+01;1.8793827e-01;6.2500000e+01;2.2674042e-01;6.2500000e+01;2.6205322e-01;6.2500000e+01;2.8440914e-01;6.2500000e+01;2.8613436e-01;6.2500000e+01;2.6800376e-01;6.2500000e+01;2.3317429e-01;6.2500000e+01;1.8880139e-01;6.2500000e+01;1.3735677e-01;6.2500000e+01;8.9843959e-02;6.2500000e+01;4.8391327e-02;6.2500000e+01;4.4617048e-03;6.2500000e+01;1.8464126e-02;6.2500000e+01;3.7250720e-02;6.2500000e+01;6.1614323e-02;6.2500000e+01;9.0498909e-02;6.2500000e+01;1.2102748e-01;6.2500000e+01;1.5411951e-01;6.2500000e+01;1.8793827e-01;6.2500000e+01;2.2674042e-01;6.2500000e+01;2.6205322e-01;6.2500000e+01;2.8440914e-01;6.2500000e+01;2.8613436e-01;6.2500000e+01;2.6800376e-01;6.2500000e+01;2.3317429e-01;6.2500000e+01;1.8880139e-01;6.2500000e+01;1.3735677e-01;6.2500000e+01;8.9843959e-02;6.2500000e+01;4.8391327e-02;6.2500000e+01;4.4617048e-03;6.2500000e+01;1.8464126e-02;6.2500000e+01;3.7250720e-02;6.2500000e+01;6.1614323e-02;6.2500000e+01;9.0498909e-02;6.2500000e+01;1.2102748e-01;6.2500000e+01;1.5411951e-01;6.2500000e+01;1.8793827e-01;6.2500000e+01;2.2674042e-01;6.2500000e+01;2.6205322e-01;6.2500000e+01;2.8440914e-01;6.2500000e+01;2.8613436e-01;6.2500000e+01;2.6800376e-01;6.2500000e+01;2.3317429e-01;6.2500000e+01;1.8880139e-01;6.2500000e+01;1.3735677e-01;6.2500000e+01;8.9843959e-02;6.2500000e+01;4.8391327e-02;6.2500000e+01;4.4617048e-03;6.2500000e+01;1.8464126e-02;6.2500000e+01;3.7250720e-02;6.2500000e+01;6.1614323e-02;6.2500000e+01;9.0498909e-02;6.2500000e+01;1.2102748e-01;6.2500000e+01;1.5411951e-01;6.2500000e+01;1.8793827e-01;6.2500000e+01;2.2674042e-01;6.2500000e+01;2.6205322e-01;6.2500000e+01;2.8440914e-01;6.2500000e+01;2.8613436e-01;6.2500000e+01;2.6800376e-01;6.2500000e+01;2.3317429e-01;6.2500000e+01;1.8880139e-01;6.2500000e+01;1.3735677e-01;6.2500000e+01;8.9843959e-02;6.2500000e+01;4.8391327e-02;6.2500000e+01;4.4617048e-03;6.2500000e+01;1.8464126e-02;6.2500000e+01;3.7250720e-02;6.2500000e+01;6.1614323e-02;6.2500000e+01;9.0498909e-02;6.2500000e+01;1.2102748e-01;6.2500000e+01;1.5411951e-01;6.2500000e+01;1.8793827e-01;6.2500000e+01;2.2674042e-01;6.2500000e+01;2.6205322e-01;6.2500000e+01;2.8440914e-01;6.2500000e+01;2.8613436e-01;6.2500000e+01;2.6800376e-01;6.2500000e+01;2.3317429e-01;6.2500000e+01;1.8880139e-01;6.2500000e+01;1.3735677e-01;6.2500000e+01;8.9843959e-02;6.2500000e+01;4.8391327e-02;6.2500000e+01;4.4617048e-03;6.2500000e+01;1.8464126e-02;6.2500000e+01;3.7250720e-02;6.2500000e+01;6.1614323e-02;6.2500000e+01;9.0498909e-02;6.2500000e+01;1.2102748e-01;6.2500000e+01;1.5411951e-01;6.2500000e+01;1.8793827e-01;6.2500000e+01;2.2674042e-01;6.2500000e+01;2.6205322e-01;6.2500000e+01;2.8440914e-01;6.2500000e+01;2.8613436e-01;6.2500000e+01;2.6800376e-01;6.2500000e+01;2.3317429e-01;6.2500000e+01;1.8880139e-01;6.2500000e+01;1.3735677e-01;6.2500000e+01;8.9843959e-02;6.2500000e+01;4.8391327e-02;6.2500000e+01;4.4617048e-03;6.2500000e+01;1.8464126e-02;6.2500000e+01;3.7250720e-02;6.2500000e+01;6.1614323e-02;6.2500000e+01;9.0498909e-02;6.2500000e+01;1.2102748e-01;6.2500000e+01;1.5411951e-01;6.2500000e+01;1.8793827e-01;6.2500000e+01;2.2674042e-01;6.2500000e+01;2.6205322e-01;6.2500000e+01;2.8440914e-01;6.2500000e+01;2.8613436e-01;6.2500000e+01;2.6800376e-01;6.2500000e+01;2.3317429e-01;6.2500000e+01;1.8880139e-01;6.2500000e+01;1.3735677e-01;6.2500000e+01;8.9843959e-02;6.2500000e+01;4.8391327e-02;6.2500000e+01;4.4617048e-03;6.2500000e+01;1.8464126e-02;6.2500000e+01;3.7250720e-02;6.2500000e+01;6.1614323e-02;6.2500000e+01;9.0498909e-02;6.2500000e+01;1.2102748e-01;6.2500000e+01;1.5411951e-01;6.2500000e+01;1.8793827e-01;6.2500000e+01;2.2674042e-01;6.2500000e+01;2.6205322e-01;6.2500000e+01;2.8440914e-01;6.2500000e+01;2.8613436e-01;6.2500000e+01;2.6800376e-01;6.2500000e+01;2.3317429e-01;6.2500000e+01;1.8880139e-01;6.2500000e+01;1.3735677e-01;6.2500000e+01;8.9843959e-02;6.2500000e+01;4.8391327e-02;6.2500000e+01;4.4617048e-03;6.2500000e+01;1.8464126e-02;6.2500000e+01;3.7250720e-02;6.2500000e+01;6.1614323e-02;6.2500000e+01;9.0498909e-02;6.2500000e+01;1.2102748e-01;6.2500000e+01;1.5411951e-01;6.2500000e+01;1.8793827e-01;6.2500000e+01;2.2674042e-01;6.2500000e+01;2.6205322e-01;6.2500000e+01;2.8440914e-01;6.2500000e+01;2.8613436e-01;6.2500000e+01;2.6800376e-01;6.2500000e+01;2.3317429e-01;6.2500000e+01;1.8880139e-01;6.2500000e+01;1.3735677e-01;6.2500000e+01;8.9843959e-02;6.2500000e+01;4.8391327e-02;6.2500000e+01;4.4617048e-03;6.2500000e+01;1.8464126e-02;6.2500000e+01;3.7250720e-02;6.2500000e+01;6.1614323e-02;6.2500000e+01;9.0498909e-02;6.2500000e+01;1.2102748e-01;6.2500000e+01;1.5411951e-01;6.2500000e+01;1.8793827e-01;6.2500000e+01;2.2674042e-01;6.2500000e+01;2.6205322e-01;6.2500000e+01;2.8440914e-01;6.2500000e+01;2.8613436e-01;6.2500000e+01;2.6800376e-01;6.2500000e+01;2.3317429e-01;6.2500000e+01;1.8880139e-01;6.2500000e+01;1.3735677e-01;6.2500000e+01;8.9843959e-02;6.2500000e+01;4.8391327e-02;6.2500000e+01;4.4617048e-03;6.2500000e+01;1.8464126e-02;6.2500000e+01;3.7250720e-02;6.2500000e+01;6.1614323e-02;6.2500000e+01;9.0498909e-02;6.2500000e+01;1.2102748e-01;6.2500000e+01;1.5411951e-01;6.2500000e+01;1.8793827e-01;6.2500000e+01;2.2674042e-01;6.2500000e+01;2.6205322e-01;6.2500000e+01;2.8440914e-01;6.2500000e+01;2.8613436e-01;6.2500000e+01;2.6800376e-01;6.2500000e+01;2.3317429e-01;6.2500000e+01;1.8880139e-01;6.2500000e+01;1.3735677e-01;6.2500000e+01;8.9843959e-02;6.2500000e+01;4.8391327e-02;6.2500000e+01;4.4617048e-03;6.2500000e+01;1.8464126e-02;6.2500000e+01;3.7250720e-02;6.2500000e+01;6.1614323e-02;6.2500000e+01;9.0498909e-02;6.2500000e+01;1.2102748e-01;6.2500000e+01;1.5411951e-01;6.2500000e+01;1.8793827e-01;6.2500000e+01;2.2674042e-01;6.2500000e+01;2.6205322e-01;6.2500000e+01;2.8440914e-01;6.2500000e+01;2.8613436e-01;6.2500000e+01;2.6800376e-01;6.2500000e+01;2.3317429e-01;6.2500000e+01;1.8880139e-01;6.2500000e+01;1.3735677e-01;6.2500000e+01;8.9843959e-02;6.2500000e+01;4.8391327e-02;6.2500000e+01;4.4617048e-03;6.2500000e+01;1.8464126e-02;6.2500000e+01;3.7250720e-02;6.2500000e+01;6.1614323e-02;6.2500000e+01;9.0498909e-02;6.2500000e+01;1.2102748e-01;6.2500000e+01;1.5411951e-01;6.2500000e+01;1.8793827e-01;6.2500000e+01;2.2674042e-01;6.2500000e+01;2.6205322e-01;6.2500000e+01;2.8440914e-01;6.2500000e+01;2.8613436e-01;6.2500000e+01;2.6800376e-01;6.2500000e+01;2.3317429e-01;6.2500000e+01;1.8880139e-01;6.2500000e+01;1.3735677e-01;6.2500000e+01;8.9843959e-02;6.2500000e+01;4.8391327e-02;6.2500000e+01;4.4617048e-03;6.2500000e+01;1.8464126e-02;6.2500000e+01;3.7250720e-02;6.2500000e+01;6.1614323e-02;6.2500000e+01;9.0498909e-02;6.2500000e+01;1.2102748e-01;6.2500000e+01;1.5411951e-01;6.2500000e+01;1.8793827e-01;6.2500000e+01;2.2674042e-01;6.2500000e+01;2.6205322e-01;6.2500000e+01;2.8440914e-01;6.2500000e+01;2.8613436e-01;6.2500000e+01;2.6800376e-01;6.2500000e+01;2.3317429e-01;6.2500000e+01;1.8880139e-01;6.2500000e+01;1.3735677e-01;6.2500000e+01;8.9843959e-02;6.2500000e+01;4.8391327e-02;6.2500000e+01;4.4617048e-03;6.2500000e+01;1.8464126e-02;6.2500000e+01;3.7250720e-02;6.2500000e+01;6.1614323e-02;6.2500000e+01;9.0498909e-02;6.2500000e+01;1.2102748e-01;6.2500000e+01;1.5411951e-01;6.2500000e+01;1.8793827e-01;6.2500000e+01;2.2674042e-01;6.2500000e+01;2.6205322e-01;6.2500000e+01;2.8440914e-01;6.2500000e+01;2.8613436e-01;6.2500000e+01;2.6800376e-01;6.2500000e+01;2.3317429e-01;6.2500000e+01;1.8880139e-01;6.2500000e+01;1.3735677e-01;6.2500000e+01;8.9843959e-02;6.2500000e+01;4.8391327e-02;6.2500000e+01;4.4617048e-03;6.2500000e+01;1.8464126e-02;6.2500000e+01;3.7250720e-02;6.2500000e+01;6.1614323e-02;6.2500000e+01;9.0498909e-02;6.2500000e+01;1.2102748e-01;6.2500000e+01;1.5411951e-01;6.2500000e+01;1.8793827e-01;6.2500000e+01;2.2674042e-01;6.2500000e+01;2.6205322e-01;6.2500000e+01;2.8440914e-01;6.2500000e+01;2.8613436e-01;6.2500000e+01;2.6800376e-01;6.2500000e+01;2.3317429e-01;6.2500000e+01;1.8880139e-01;6.2500000e+01;1.3735677e-01;6.2500000e+01;8.9843959e-02;6.2500000e+01;4.8391327e-02;6.2500000e+01;4.4617048e-03;6.2500000e+01;1.8464126e-02;6.2500000e+01;3.7250720e-02;6.2500000e+01;6.1614323e-02;6.2500000e+01;9.0498909e-02;6.2500000e+01;1.2102748e-01;6.2500000e+01;1.5411951e-01;6.2500000e+01;1.8793827e-01;6.2500000e+01;2.2674042e-01;6.2500000e+01;2.6205322e-01;6.2500000e+01;2.8440914e-01;6.2500000e+01;2.8613436e-01;6.2500000e+01;2.6800376e-01;6.2500000e+01;2.3317429e-01;6.2500000e+01;1.8880139e-01;6.2500000e+01;1.3735677e-01;6.2500000e+01;8.9843959e-02;6.2500000e+01;4.8391327e-02;6.2500000e+01;4.4617048e-03;6.2500000e+01;1.8464126e-02;6.2500000e+01;3.7250720e-02;6.2500000e+01;6.1614323e-02;6.2500000e+01;9.0498909e-02;6.2500000e+01;1.2102748e-01;6.2500000e+01;1.5411951e-01;6.2500000e+01;1.8793827e-01;6.2500000e+01;2.2674042e-01;6.2500000e+01;2.6205322e-01;6.2500000e+01;2.8440914e-01;6.2500000e+01;2.8613436e-01;6.2500000e+01;2.6800376e-01;6.2500000e+01;2.3317429e-01;6.2500000e+01;1.8880139e-01;6.2500000e+01;1.3735677e-01;6.2500000e+01;8.9843959e-02;6.2500000e+01;4.8391327e-02;6.2500000e+01;4.4617048e-03;6.2500000e+01;1.8464126e-02;6.2500000e+01;3.7250720e-02;6.2500000e+01;6.1614323e-02;6.2500000e+01;9.0498909e-02;6.2500000e+01;1.2102748e-01;6.2500000e+01;1.5411951e-01;6.2500000e+01;1.8793827e-01;6.2500000e+01;2.2674042e-01;6.2500000e+01;2.6205322e-01;6.2500000e+01;2.8440914e-01;6.2500000e+01;2.8613436e-01;6.2500000e+01;2.6800376e-01;6.2500000e+01;2.3317429e-01;6.2500000e+01;1.8880139e-01;6.2500000e+01;1.3735677e-01;6.2500000e+01;8.9843959e-02;6.2500000e+01;4.8391327e-02;6.2500000e+01;4.4617048e-03;6.2500000e+01;1.8464126e-02;6.2500000e+01;3.7250720e-02;6.2500000e+01;6.1614323e-02;6.2500000e+01;9.0498909e-02;6.2500000e+01;1.2102748e-01;6.2500000e+01;1.5411951e-01;6.2500000e+01;1.8793827e-01;6.2500000e+01;2.2674042e-01;6.2500000e+01;2.6205322e-01;6.2500000e+01;2.8440914e-01;6.2500000e+01;2.8613436e-01;6.2500000e+01;2.6800376e-01;6.2500000e+01;2.3317429e-01;6.2500000e+01;1.8880139e-01;6.2500000e+01;1.3735677e-01;6.2500000e+01;8.9843959e-02;6.2500000e+01;4.8391327e-02;6.2500000e+01;4.4617048e-03;6.2500000e+01;1.8464126e-02;6.2500000e+01;3.7250720e-02;6.2500000e+01;6.1614323e-02;6.2500000e+01;9.0498909e-02;6.2500000e+01;1.2102748e-01;6.2500000e+01;1.5411951e-01;6.2500000e+01;1.8793827e-01;6.2500000e+01;2.2674042e-01;6.2500000e+01;2.6205322e-01;6.2500000e+01;2.8440914e-01;6.2500000e+01;2.8613436e-01;6.2500000e+01;2.6800376e-01;6.2500000e+01;2.3317429e-01;6.2500000e+01;1.8880139e-01;6.2500000e+01;1.3735677e-01;6.2500000e+01;8.9843959e-02;6.2500000e+01;4.8391327e-02;6.2500000e+01;4.4617048e-03;6.2500000e+01;1.8464126e-02;6.2500000e+01;3.7250720e-02;6.2500000e+01;6.1614323e-02;6.2500000e+01;9.0498909e-02;6.2500000e+01;1.2102748e-01;6.2500000e+01;1.5411951e-01;6.2500000e+01;1.8793827e-01;6.2500000e+01;2.2674042e-01;6.2500000e+01;2.6205322e-01;6.2500000e+01;2.8440914e-01;6.2500000e+01;2.8613436e-01;6.2500000e+01;2.6800376e-01;6.2500000e+01;2.3317429e-01;6.2500000e+01;1.8880139e-01;6.2500000e+01;1.3735677e-01;6.2500000e+01;8.9843959e-02;6.2500000e+01;4.8391327e-02;6.2500000e+01;4.4617048e-03;6.2500000e+01;1.8464126e-02;6.2500000e+01;3.7250720e-02;6.2500000e+01;6.1614323e-02;6.2500000e+01;9.0498909e-02;6.2500000e+01;1.2102748e-01;6.2500000e+01;1.5411951e-01;6.2500000e+01;1.8793827e-01;6.2500000e+01;2.2674042e-01;6.2500000e+01;2.6205322e-01;6.2500000e+01;2.8440914e-01;6.2500000e+01;2.8613436e-01;6.2500000e+01;2.6800376e-01;6.2500000e+01;2.3317429e-01;6.2500000e+01;1.8880139e-01;6.2500000e+01;1.3735677e-01;6.2500000e+01;8.9843959e-02;6.2500000e+01;4.8391327e-02;6.2500000e+01;4.4617048e-03;6.2500000e+01;1.8464126e-02;6.2500000e+01;3.7250720e-02;6.2500000e+01;6.1614323e-02;6.2500000e+01;9.0498909e-02;6.2500000e+01;1.2102748e-01;6.2500000e+01;1.5411951e-01;6.2500000e+01;1.8793827e-01;6.2500000e+01;2.2674042e-01;6.2500000e+01;2.6205322e-01;6.2500000e+01;2.8440914e-01;6.2500000e+01;2.8613436e-01;6.2500000e+01;2.6800376e-01;6.2500000e+01;2.3317429e-01;6.2500000e+01;1.8880139e-01;6.2500000e+01;1.3735677e-01;6.2500000e+01;8.9843959e-02;6.2500000e+01;4.8391327e-02;6.2500000e+01;4.4617048e-03;6.2500000e+01;1.8464126e-02;6.2500000e+01;3.7250720e-02;6.2500000e+01;6.1614323e-02;6.2500000e+01;9.0498909e-02;6.2500000e+01;1.2102748e-01;6.2500000e+01;1.5411951e-01;6.2500000e+01;1.8793827e-01;6.2500000e+01;2.2674042e-01;6.2500000e+01;2.6205322e-01;6.2500000e+01;2.8440914e-01;6.2500000e+01;2.8613436e-01;6.2500000e+01;2.6800376e-01;6.2500000e+01;2.3317429e-01;6.2500000e+01;1.8880139e-01;6.2500000e+01;1.3735677e-01;6.2500000e+01;8.9843959e-02;6.2500000e+01;4.8391327e-02;6.2500000e+01;4.4617048e-03;6.2500000e+01;1.8464126e-02;6.2500000e+01;3.7250720e-02;6.2500000e+01;6.1614323e-02;6.2500000e+01;9.0498909e-02;6.2500000e+01;1.2102748e-01;6.2500000e+01;1.5411951e-01;6.2500000e+01;1.8793827e-01;6.2500000e+01;2.2674042e-01;6.2500000e+01;2.6205322e-01;6.2500000e+01;2.8440914e-01;6.2500000e+01;2.8613436e-01;6.2500000e+01;2.6800376e-01;6.2500000e+01;2.3317429e-01;6.2500000e+01;1.8880139e-01;6.2500000e+01;1.3735677e-01;6.2500000e+01;8.9843959e-02;6.2500000e+01;4.8391327e-02;6.2500000e+01;4.4617048e-03;6.2500000e+01;1.8464126e-02;6.2500000e+01;3.7250720e-02;6.2500000e+01;6.1614323e-02;6.2500000e+01;9.0498909e-02;6.2500000e+01;1.2102748e-01;6.2500000e+01;1.5411951e-01;6.2500000e+01;1.8793827e-01;6.2500000e+01;2.2674042e-01;6.2500000e+01;2.6205322e-01;6.2500000e+01;2.8440914e-01;6.2500000e+01;2.8613436e-01;6.2500000e+01;2.6800376e-01;6.2500000e+01;2.3317429e-01;6.2500000e+01;1.8880139e-01;6.2500000e+01;1.3735677e-01;6.2500000e+01;8.9843959e-02;6.2500000e+01;4.8391327e-02;6.2500000e+01;4.4617048e-03;6.2500000e+01;1.8464126e-02;6.2500000e+01;3.7250720e-02;6.2500000e+01;6.1614323e-02;6.2500000e+01;9.0498909e-02;6.2500000e+01;1.2102748e-01;6.2500000e+01;1.5411951e-01;6.2500000e+01;1.8793827e-01;6.2500000e+01;2.2674042e-01;6.2500000e+01;2.6205322e-01;6.2500000e+01;2.8440914e-01;6.2500000e+01;2.8613436e-01;6.2500000e+01;2.6800376e-01;6.2500000e+01;2.3317429e-01;6.2500000e+01;1.8880139e-01;6.2500000e+01;1.3735677e-01;6.2500000e+01;8.9843959e-02;6.2500000e+01;4.8391327e-02;6.2500000e+01;4.4617048e-03;6.2500000e+01;1.8464126e-02;6.2500000e+01;3.7250720e-02;6.2500000e+01;6.1614323e-02;6.2500000e+01;9.0498909e-02;6.2500000e+01;1.2102748e-01;6.2500000e+01;1.5411951e-01;6.2500000e+01;1.8793827e-01;6.2500000e+01;2.2674042e-01;6.2500000e+01;2.6205322e-01;6.2500000e+01;2.8440914e-01;6.2500000e+01;2.8613436e-01;6.2500000e+01;2.6800376e-01;6.2500000e+01;2.3317429e-01;6.2500000e+01;1.8880139e-01;6.2500000e+01;1.3735677e-01;6.2500000e+01;8.9843959e-02;6.2500000e+01;4.8391327e-02;6.2500000e+01;4.4617048e-03;6.2500000e+01;1.8464126e-02;6.2500000e+01;3.7250720e-02;6.2500000e+01;6.1614323e-02;6.2500000e+01;9.0498909e-02;6.2500000e+01;1.2102748e-01;6.2500000e+01;1.5411951e-01;6.2500000e+01;1.8793827e-01;6.2500000e+01;2.2674042e-01;6.2500000e+01;2.6205322e-01;6.2500000e+01;2.8440914e-01;6.2500000e+01;2.8613436e-01;6.2500000e+01;2.6800376e-01;6.2500000e+01;2.3317429e-01;6.2500000e+01;1.8880139e-01;6.2500000e+01;1.3735677e-01;6.2500000e+01;8.9843959e-02;6.2500000e+01;4.8391327e-02;6.2500000e+01;4.4617048e-03;6.2500000e+01;1.8464126e-02;6.2500000e+01;3.7250720e-02;6.2500000e+01;6.1614323e-02;6.2500000e+01;9.0498909e-02;6.2500000e+01;1.2102748e-01;6.2500000e+01;1.5411951e-01;6.2500000e+01;1.8793827e-01;6.2500000e+01;2.2674042e-01;6.2500000e+01;2.6205322e-01;6.2500000e+01;2.8440914e-01;6.2500000e+01;2.8613436e-01;6.2500000e+01;2.6800376e-01;6.2500000e+01;2.3317429e-01;6.2500000e+01;1.8880139e-01;6.2500000e+01;1.3735677e-01;6.2500000e+01;8.9843959e-02;6.2500000e+01;4.8391327e-02;6.2500000e+01;4.4617048e-03;6.2500000e+01;1.8464126e-02;6.2500000e+01;3.7250720e-02;6.2500000e+01;6.1614323e-02;6.2500000e+01;9.0498909e-02;6.2500000e+01;1.2102748e-01;6.2500000e+01;1.5411951e-01;6.2500000e+01;1.8793827e-01;6.2500000e+01;2.2674042e-01;6.2500000e+01;2.6205322e-01;6.2500000e+01;2.8440914e-01;6.2500000e+01;2.8613436e-01;6.2500000e+01;2.6800376e-01;6.2500000e+01;2.3317429e-01;6.2500000e+01;1.8880139e-01;6.2500000e+01;1.3735677e-01;6.2500000e+01;8.9843959e-02;6.2500000e+01;4.8391327e-02;6.2500000e+01;4.4617048e-03;6.2500000e+01;1.8464126e-02;6.2500000e+01;3.7250720e-02;6.2500000e+01;6.1614323e-02;6.2500000e+01;9.0498909e-02;6.2500000e+01;1.2102748e-01;6.2500000e+01;1.5411951e-01;6.2500000e+01;1.8793827e-01;6.2500000e+01;2.2674042e-01;6.2500000e+01;2.6205322e-01;6.2500000e+01;2.8440914e-01;6.2500000e+01;2.8613436e-01;6.2500000e+01;2.6800376e-01;6.2500000e+01;2.3317429e-01;6.2500000e+01;1.8880139e-01;6.2500000e+01;1.3735677e-01;6.2500000e+01;8.9843959e-02;6.2500000e+01;4.8391327e-02;6.2500000e+01;4.4617048e-03;6.2500000e+01;1.8464126e-02;6.2500000e+01;3.7250720e-02;6.2500000e+01;6.1614323e-02;6.2500000e+01;9.0498909e-02;6.2500000e+01;1.2102748e-01;6.2500000e+01;1.5411951e-01;6.2500000e+01;1.8793827e-01;6.2500000e+01;2.2674042e-01;6.2500000e+01;2.6205322e-01;6.2500000e+01;2.8440914e-01;6.2500000e+01;2.8613436e-01;6.2500000e+01;2.6800376e-01;6.2500000e+01;2.3317429e-01;6.2500000e+01;1.8880139e-01;6.2500000e+01;1.3735677e-01;6.2500000e+01;8.9843959e-02;6.2500000e+01;4.8391327e-02;6.2500000e+01;4.4617048e-03;6.2500000e+01;1.8464126e-02;6.2500000e+01;3.7250720e-02;6.2500000e+01;6.1614323e-02;6.2500000e+01;9.0498909e-02;6.2500000e+01;1.2102748e-01;6.2500000e+01;1.5411951e-01;6.2500000e+01;1.8793827e-01;6.2500000e+01;2.2674042e-01;6.2500000e+01;2.6205322e-01;6.2500000e+01;2.8440914e-01;6.2500000e+01;2.8613436e-01;6.2500000e+01;2.6800376e-01;6.2500000e+01;2.3317429e-01;6.2500000e+01;1.8880139e-01;6.2500000e+01;1.3735677e-01;6.2500000e+01;8.9843959e-02;6.2500000e+01;4.8391327e-02;6.2500000e+01;4.4617048e-03;6.2500000e+01;1.8464126e-02;6.2500000e+01;3.7250720e-02;6.2500000e+01;6.1614323e-02;6.2500000e+01;9.0498909e-02;6.2500000e+01;1.2102748e-01;6.2500000e+01;1.5411951e-01;6.2500000e+01;1.8793827e-01;6.2500000e+01;2.2674042e-01;6.2500000e+01;2.6205322e-01;6.2500000e+01;2.8440914e-01;6.2500000e+01;2.8613436e-01;6.2500000e+01;2.6800376e-01;6.2500000e+01;2.3317429e-01;6.2500000e+01;1.8880139e-01;6.2500000e+01;1.3735677e-01;6.2500000e+01;8.9843959e-02;6.2500000e+01;4.8391327e-02;6.2500000e+01;4.4617048e-03;6.2500000e+01;1.8464126e-02;6.2500000e+01;3.7250720e-02;6.2500000e+01;6.1614323e-02;6.2500000e+01;9.0498909e-02;6.2500000e+01;1.2102748e-01;6.2500000e+01;1.5411951e-01;6.2500000e+01;1.8793827e-01;6.2500000e+01;2.2674042e-01;6.2500000e+01;2.6205322e-01;6.2500000e+01;2.8440914e-01;6.2500000e+01;2.8613436e-01;6.2500000e+01;2.6800376e-01;6.2500000e+01;2.3317429e-01;6.2500000e+01;1.8880139e-01;6.2500000e+01;1.3735677e-01;6.2500000e+01;8.9843959e-02;6.2500000e+01;4.8391327e-02;6.2500000e+01;4.4617048e-03;6.2500000e+01;1.8464126e-02;6.2500000e+01;3.7250720e-02;6.2500000e+01;6.1614323e-02;6.2500000e+01;9.0498909e-02;6.2500000e+01;1.2102748e-01;6.2500000e+01;1.5411951e-01;6.2500000e+01;1.8793827e-01;6.2500000e+01;2.2674042e-01;6.2500000e+01;2.6205322e-01;6.2500000e+01;2.8440914e-01;6.2500000e+01;2.8613436e-01;6.2500000e+01;2.6800376e-01;6.2500000e+01;2.3317429e-01;6.2500000e+01;1.8880139e-01;6.2500000e+01;1.3735677e-01;6.2500000e+01;8.9843959e-02;6.2500000e+01;4.8391327e-02;6.2500000e+01;4.4617048e-03;6.2500000e+01;1.8464126e-02;6.2500000e+01;3.7250720e-02;6.2500000e+01;6.1614323e-02;6.2500000e+01;9.0498909e-02;6.2500000e+01;1.2102748e-01;6.2500000e+01;1.5411951e-01;6.2500000e+01;1.8793827e-01;6.2500000e+01;2.2674042e-01;6.2500000e+01;2.6205322e-01;6.2500000e+01;2.8440914e-01;6.2500000e+01;2.8613436e-01;6.2500000e+01;2.6800376e-01;6.2500000e+01;2.3317429e-01;6.2500000e+01;1.8880139e-01;6.2500000e+01;1.3735677e-01;6.2500000e+01;8.9843959e-02;6.2500000e+01;4.8391327e-02;6.2500000e+01;4.4617048e-03;6.2500000e+01;1.8464126e-02;6.2500000e+01;3.7250720e-02;6.2500000e+01;6.1614323e-02;6.2500000e+01;9.0498909e-02;6.2500000e+01;1.2102748e-01;6.2500000e+01;1.5411951e-01;6.2500000e+01;1.8793827e-01;6.2500000e+01;2.2674042e-01;6.2500000e+01;2.6205322e-01;6.2500000e+01;2.8440914e-01;6.2500000e+01;2.8613436e-01;6.2500000e+01;2.6800376e-01;6.2500000e+01;2.3317429e-01;6.2500000e+01;1.8880139e-01;6.2500000e+01;1.3735677e-01;6.2500000e+01;8.9843959e-02;6.2500000e+01;4.8391327e-02;6.2500000e+01;4.4617048e-03;6.2500000e+01;1.8464126e-02;6.2500000e+01;3.7250720e-02;6.2500000e+01;6.1614323e-02;6.2500000e+01;9.0498909e-02;6.2500000e+01;1.2102748e-01;6.2500000e+01;1.5411951e-01;6.2500000e+01;1.8793827e-01;6.2500000e+01;2.2674042e-01;6.2500000e+01;2.6205322e-01;6.2500000e+01;2.8440914e-01;6.2500000e+01;2.8613436e-01;6.2500000e+01;2.6800376e-01;6.2500000e+01;2.3317429e-01;6.2500000e+01;1.8880139e-01;6.2500000e+01;1.3735677e-01;6.2500000e+01;8.9843959e-02;6.2500000e+01;4.8391327e-02;6.2500000e+01;4.4617048e-03;6.2500000e+01;1.8464126e-02;6.2500000e+01;3.7250720e-02;6.2500000e+01;6.1614323e-02;6.2500000e+01;9.0498909e-02;6.2500000e+01;1.2102748e-01;6.2500000e+01;1.5411951e-01;6.2500000e+01;1.8793827e-01;6.2500000e+01;2.2674042e-01;6.2500000e+01;2.6205322e-01;6.2500000e+01;2.8440914e-01;6.2500000e+01;2.8613436e-01;6.2500000e+01;2.6800376e-01;6.2500000e+01;2.3317429e-01;6.2500000e+01;1.8880139e-01;6.2500000e+01;1.3735677e-01;6.2500000e+01;8.9843959e-02;6.2500000e+01;4.8391327e-02;6.2500000e+01;4.4617048e-03;6.2500000e+01;1.8464126e-02;6.2500000e+01;3.7250720e-02;6.2500000e+01;6.1614323e-02;6.2500000e+01;9.0498909e-02;6.2500000e+01;1.2102748e-01;6.2500000e+01;1.5411951e-01;6.2500000e+01;1.8793827e-01;6.2500000e+01;2.2674042e-01;6.2500000e+01;2.6205322e-01;6.2500000e+01;2.8440914e-01;6.2500000e+01;2.8613436e-01;6.2500000e+01;2.6800376e-01;6.2500000e+01;2.3317429e-01;6.2500000e+01;1.8880139e-01;6.2500000e+01;1.3735677e-01;6.2500000e+01;8.9843959e-02;6.2500000e+01;4.8391327e-02;6.2500000e+01;4.4617048e-03;6.2500000e+01;1.8464126e-02;6.2500000e+01;3.7250720e-02;6.2500000e+01;6.1614323e-02;6.2500000e+01;9.0498909e-02;6.2500000e+01;1.2102748e-01;6.2500000e+01;1.5411951e-01;6.2500000e+01;1.8793827e-01;6.2500000e+01;2.2674042e-01;6.2500000e+01;2.6205322e-01;6.2500000e+01;2.8440914e-01;6.2500000e+01;2.8613436e-01;6.2500000e+01;2.6800376e-01;6.2500000e+01;2.3317429e-01;6.2500000e+01;1.8880139e-01;6.2500000e+01;1.3735677e-01;6.2500000e+01;8.9843959e-02;6.2500000e+01;4.8391327e-02;6.2500000e+01;4.4617048e-03;6.2500000e+01;1.8464126e-02;6.2500000e+01;3.7250720e-02;6.2500000e+01;6.1614323e-02;6.2500000e+01;9.0498909e-02;6.2500000e+01;1.2102748e-01;6.2500000e+01;1.5411951e-01;6.2500000e+01;1.8793827e-01;6.2500000e+01;2.2674042e-01;6.2500000e+01;2.6205322e-01;6.2500000e+01;2.8440914e-01;6.2500000e+01;2.8613436e-01;6.2500000e+01;2.6800376e-01;6.2500000e+01;2.3317429e-01;6.2500000e+01;1.8880139e-01;6.2500000e+01;1.3735677e-01;6.2500000e+01;8.9843959e-02;6.2500000e+01;4.8391327e-02;6.2500000e+01;4.4617048e-03;6.2500000e+01;1.8464126e-02;6.2500000e+01;3.7250720e-02;6.2500000e+01;6.1614323e-02;6.2500000e+01;9.0498909e-02;6.2500000e+01;1.2102748e-01;6.2500000e+01;1.5411951e-01;6.2500000e+01;1.8793827e-01;6.2500000e+01;2.2674042e-01;6.2500000e+01;2.6205322e-01;6.2500000e+01;2.8440914e-01;6.2500000e+01;2.8613436e-01;6.2500000e+01;2.6800376e-01;6.2500000e+01;2.3317429e-01;6.2500000e+01;1.8880139e-01;6.2500000e+01;1.3735677e-01;6.2500000e+01;8.9843959e-02;6.2500000e+01;4.8391327e-02;6.2500000e+01;4.4617048e-03;6.2500000e+01;1.8464126e-02;6.2500000e+01;3.7250720e-02;6.2500000e+01;6.1614323e-02;6.2500000e+01;9.0498909e-02;6.2500000e+01;1.2102748e-01;6.2500000e+01;1.5411951e-01;6.2500000e+01;1.8793827e-01;6.2500000e+01;2.2674042e-01;6.2500000e+01;2.6205322e-01;6.2500000e+01;2.8440914e-01;6.2500000e+01;2.8613436e-01;6.2500000e+01;2.6800376e-01;6.2500000e+01;2.3317429e-01;6.2500000e+01;1.8880139e-01;6.2500000e+01;1.3735677e-01;6.2500000e+01;8.9843959e-02;6.2500000e+01;4.8391327e-02;6.2500000e+01;4.4617048e-03;6.2500000e+01;1.8464126e-02;6.2500000e+01;3.7250720e-02;6.2500000e+01;6.1614323e-02;6.2500000e+01;9.0498909e-02;6.2500000e+01;1.2102748e-01;6.2500000e+01;1.5411951e-01;6.2500000e+01;1.8793827e-01;6.2500000e+01;2.2674042e-01;6.2500000e+01;2.6205322e-01;6.2500000e+01;2.8440914e-01;6.2500000e+01;2.8613436e-01;6.2500000e+01;2.6800376e-01;6.2500000e+01;2.3317429e-01;6.2500000e+01;1.8880139e-01;6.2500000e+01;1.3735677e-01;6.2500000e+01;8.9843959e-02;6.2500000e+01;4.8391327e-02;6.2500000e+01;4.4617048e-03;6.2500000e+01;1.8464126e-02;6.2500000e+01;3.7250720e-02;6.2500000e+01;6.1614323e-02;6.2500000e+01;9.0498909e-02;6.2500000e+01;1.2102748e-01;6.2500000e+01;1.5411951e-01;6.2500000e+01;1.8793827e-01;6.2500000e+01;2.2674042e-01;6.2500000e+01;2.6205322e-01;6.2500000e+01;2.8440914e-01;6.2500000e+01;2.8613436e-01;6.2500000e+01;2.6800376e-01;6.2500000e+01;2.3317429e-01;6.2500000e+01;1.8880139e-01;6.2500000e+01;1.3735677e-01;6.2500000e+01;8.9843959e-02;6.2500000e+01;4.8391327e-02;6.2500000e+01;4.4617048e-03;6.2500000e+01;1.8464126e-02;6.2500000e+01;3.7250720e-02;6.2500000e+01;6.1614323e-02;6.2500000e+01;9.0498909e-02;6.2500000e+01;1.2102748e-01;6.2500000e+01;1.5411951e-01;6.2500000e+01;1.8793827e-01;6.2500000e+01;2.2674042e-01;6.2500000e+01;2.6205322e-01;6.2500000e+01;2.8440914e-01;6.2500000e+01;2.8613436e-01;6.2500000e+01;2.6800376e-01;6.2500000e+01;2.3317429e-01;6.2500000e+01;1.8880139e-01;6.2500000e+01;1.3735677e-01;6.2500000e+01;8.9843959e-02;6.2500000e+01;4.8391327e-02;6.2500000e+01;4.4617048e-03;6.2500000e+01;1.8464126e-02;6.2500000e+01;3.7250720e-02;6.2500000e+01;6.1614323e-02;6.2500000e+01;9.0498909e-02;6.2500000e+01;1.2102748e-01;6.2500000e+01;1.5411951e-01;6.2500000e+01;1.8793827e-01;6.2500000e+01;2.2674042e-01;6.2500000e+01;2.6205322e-01;6.2500000e+01;2.8440914e-01;6.2500000e+01;2.8613436e-01;6.2500000e+01;2.6800376e-01;6.2500000e+01;2.3317429e-01;6.2500000e+01;1.8880139e-01;6.2500000e+01;1.3735677e-01;6.2500000e+01;8.9843959e-02;6.2500000e+01;4.8391327e-02;6.2500000e+01;4.4617048e-03;6.2500000e+01;1.8464126e-02;6.2500000e+01;3.7250720e-02;6.2500000e+01;6.1614323e-02;6.2500000e+01;9.0498909e-02;6.2500000e+01;1.2102748e-01;6.2500000e+01;1.5411951e-01;6.2500000e+01;1.8793827e-01;6.2500000e+01;2.2674042e-01;6.2500000e+01;2.6205322e-01;6.2500000e+01;2.8440914e-01;6.2500000e+01;2.8613436e-01;6.2500000e+01;2.6800376e-01;6.2500000e+01;2.3317429e-01;6.2500000e+01;1.8880139e-01;6.2500000e+01;1.3735677e-01;6.2500000e+01;8.9843959e-02;6.2500000e+01;4.8391327e-02;6.2500000e+01;4.4617048e-03;6.2500000e+01;1.8464126e-02;6.2500000e+01;3.7250720e-02;6.2500000e+01;6.1614323e-02;6.2500000e+01;9.0498909e-02;6.2500000e+01;1.2102748e-01;6.2500000e+01;1.5411951e-01;6.2500000e+01;1.8793827e-01;6.2500000e+01;2.2674042e-01;6.2500000e+01;2.6205322e-01;6.2500000e+01;2.8440914e-01;6.2500000e+01;2.8613436e-01;6.2500000e+01;2.6800376e-01;6.2500000e+01;2.3317429e-01;6.2500000e+01;1.8880139e-01;6.2500000e+01;1.3735677e-01;6.2500000e+01;8.9843959e-02;6.2500000e+01;4.8391327e-02;6.2500000e+01;4.4617048e-03;6.2500000e+01;1.8464126e-02;6.2500000e+01;3.7250720e-02;6.2500000e+01;6.1614323e-02;6.2500000e+01;9.0498909e-02;6.2500000e+01;1.2102748e-01;6.2500000e+01;1.5411951e-01;6.2500000e+01;1.8793827e-01;6.2500000e+01;2.2674042e-01;6.2500000e+01;2.6205322e-01;6.2500000e+01;2.8440914e-01;6.2500000e+01;2.8613436e-01;6.2500000e+01;2.6800376e-01;6.2500000e+01;2.3317429e-01;6.2500000e+01;1.8880139e-01;6.2500000e+01;1.3735677e-01;6.2500000e+01;8.9843959e-02;6.2500000e+01;4.8391327e-02;6.2500000e+01;4.4617048e-03;6.2500000e+01;1.8464126e-02;6.2500000e+01;3.7250720e-02;6.2500000e+01;6.1614323e-02;6.2500000e+01;9.0498909e-02;6.2500000e+01;1.2102748e-01;6.2500000e+01;1.5411951e-01;6.2500000e+01;1.8793827e-01;6.2500000e+01;2.2674042e-01;6.2500000e+01;2.6205322e-01;6.2500000e+01;2.8440914e-01;6.2500000e+01;2.8613436e-01;6.2500000e+01;2.6800376e-01;6.2500000e+01;2.3317429e-01;6.2500000e+01;1.8880139e-01;6.2500000e+01;1.3735677e-01;6.2500000e+01;8.9843959e-02;6.2500000e+01;4.8391327e-02;6.2500000e+01;4.4617048e-03;6.2500000e+01;1.8464126e-02;6.2500000e+01;3.7250720e-02;6.2500000e+01;6.1614323e-02;6.2500000e+01;9.0498909e-02;6.2500000e+01;1.2102748e-01;6.2500000e+01;1.5411951e-01;6.2500000e+01;1.8793827e-01;6.2500000e+01;2.2674042e-01;6.2500000e+01;2.6205322e-01;6.2500000e+01;2.8440914e-01;6.2500000e+01;2.8613436e-01;6.2500000e+01;2.6800376e-01;6.2500000e+01;2.3317429e-01;6.2500000e+01;1.8880139e-01;6.2500000e+01;1.3735677e-01;6.2500000e+01;8.9843959e-02;6.2500000e+01;4.8391327e-02;6.2500000e+01;4.4617048e-03;6.2500000e+01;1.8464126e-02;6.2500000e+01;3.7250720e-02;6.2500000e+01;6.1614323e-02;6.2500000e+01;9.0498909e-02;6.2500000e+01;1.2102748e-01;6.2500000e+01;1.5411951e-01;6.2500000e+01;1.8793827e-01;6.2500000e+01;2.2674042e-01;6.2500000e+01;2.6205322e-01;6.2500000e+01;2.8440914e-01;6.2500000e+01;2.8613436e-01;6.2500000e+01;2.6800376e-01;6.2500000e+01;2.3317429e-01;6.2500000e+01;1.8880139e-01;6.2500000e+01;1.3735677e-01;6.2500000e+01;8.9843959e-02;6.2500000e+01;4.8391327e-02;6.2500000e+01;4.4617048e-03;6.2500000e+01;1.8464126e-02;6.2500000e+01;3.7250720e-02;6.2500000e+01;6.1614323e-02;6.2500000e+01;9.0498909e-02;6.2500000e+01;1.2102748e-01;6.2500000e+01;1.5411951e-01;6.2500000e+01;1.8793827e-01;6.2500000e+01;2.2674042e-01;6.2500000e+01;2.6205322e-01;6.2500000e+01;2.8440914e-01;6.2500000e+01;2.8613436e-01;6.2500000e+01;2.6800376e-01;6.2500000e+01;2.3317429e-01;6.2500000e+01;1.8880139e-01;6.2500000e+01;1.3735677e-01;6.2500000e+01;8.9843959e-02;6.2500000e+01;4.8391327e-02;6.2500000e+01;4.4617048e-03;6.2500000e+01;1.8464126e-02;6.2500000e+01;3.7250720e-02;6.2500000e+01;6.1614323e-02;6.2500000e+01;9.0498909e-02;6.2500000e+01;1.2102748e-01;6.2500000e+01;1.5411951e-01;6.2500000e+01;1.8793827e-01;6.2500000e+01;2.2674042e-01;6.2500000e+01;2.6205322e-01;6.2500000e+01;2.8440914e-01;6.2500000e+01;2.8613436e-01;6.2500000e+01;2.6800376e-01;6.2500000e+01;2.3317429e-01;6.2500000e+01;1.8880139e-01;6.2500000e+01;1.3735677e-01;6.2500000e+01;8.9843959e-02;6.2500000e+01;4.8391327e-02;6.2500000e+01;4.4617048e-03;6.2500000e+01;1.8464126e-02;6.2500000e+01;3.7250720e-02;6.2500000e+01;6.1614323e-02;6.2500000e+01;9.0498909e-02;6.2500000e+01;1.2102748e-01;6.2500000e+01;1.5411951e-01;6.2500000e+01;1.8793827e-01;6.2500000e+01;2.2674042e-01;6.2500000e+01;2.6205322e-01;6.2500000e+01;2.8440914e-01;6.2500000e+01;2.8613436e-01;6.2500000e+01;2.6800376e-01;6.2500000e+01;2.3317429e-01;6.2500000e+01;1.8880139e-01;6.2500000e+01;1.3735677e-01;6.2500000e+01;8.9843959e-02;6.2500000e+01;4.8391327e-02;6.2500000e+01;4.4617048e-03;6.2500000e+01;1.8464126e-02;6.2500000e+01;3.7250720e-02;6.2500000e+01;6.1614323e-02;6.2500000e+01;9.0498909e-02;6.2500000e+01;1.2102748e-01;6.2500000e+01;1.5411951e-01;6.2500000e+01;1.8793827e-01;6.2500000e+01;2.2674042e-01;6.2500000e+01;2.6205322e-01;6.2500000e+01;2.8440914e-01;6.2500000e+01;2.8613436e-01;6.2500000e+01;2.6800376e-01;6.2500000e+01;2.3317429e-01;6.2500000e+01;1.8880139e-01;6.2500000e+01;1.3735677e-01;6.2500000e+01;8.9843959e-02;6.2500000e+01;4.8391327e-02;6.2500000e+01;4.4617048e-03;6.2500000e+01;1.8464126e-02;6.2500000e+01;3.7250720e-02;6.2500000e+01;6.1614323e-02;6.2500000e+01;9.0498909e-02;6.2500000e+01;1.2102748e-01;6.2500000e+01;1.5411951e-01;6.2500000e+01;1.8793827e-01;6.2500000e+01;2.2674042e-01;6.2500000e+01;2.6205322e-01;6.2500000e+01;2.8440914e-01;6.2500000e+01;2.8613436e-01;6.2500000e+01;2.6800376e-01;6.2500000e+01;2.3317429e-01;6.2500000e+01;1.8880139e-01;6.2500000e+01;1.3735677e-01;6.2500000e+01;8.9843959e-02;6.2500000e+01;4.8391327e-02;6.2500000e+01;4.4617048e-03;6.2500000e+01;1.8464126e-02;6.2500000e+01;3.7250720e-02;6.2500000e+01;6.1614323e-02;6.2500000e+01;9.0498909e-02;6.2500000e+01;1.2102748e-01;6.2500000e+01;1.5411951e-01;6.2500000e+01;1.8793827e-01;6.2500000e+01;2.2674042e-01;6.2500000e+01;2.6205322e-01;6.2500000e+01;2.8440914e-01;6.2500000e+01;2.8613436e-01;6.2500000e+01;2.6800376e-01;6.2500000e+01;2.3317429e-01;6.2500000e+01;1.8880139e-01;6.2500000e+01;1.3735677e-01;6.2500000e+01;8.9843959e-02;6.2500000e+01;4.8391327e-02;6.2500000e+01;4.4617048e-03;6.2500000e+01;1.8464126e-02;6.2500000e+01;3.7250720e-02;6.2500000e+01;6.1614323e-02;6.2500000e+01;9.0498909e-02;6.2500000e+01;1.2102748e-01;6.2500000e+01;1.5411951e-01;6.2500000e+01;1.8793827e-01;6.2500000e+01;2.2674042e-01;6.2500000e+01;2.6205322e-01;6.2500000e+01;2.8440914e-01;6.2500000e+01;2.8613436e-01;6.2500000e+01;2.6800376e-01;6.2500000e+01;2.3317429e-01;6.2500000e+01;1.8880139e-01;6.2500000e+01;1.3735677e-01;6.2500000e+01;8.9843959e-02;6.2500000e+01;4.8391327e-02;6.2500000e+01;4.4617048e-03;6.2500000e+01;1.8464126e-02;6.2500000e+01;3.7250720e-02;6.2500000e+01;6.1614323e-02;6.2500000e+01;9.0498909e-02;6.2500000e+01;1.2102748e-01;6.2500000e+01;1.5411951e-01;6.2500000e+01;1.8793827e-01;6.2500000e+01;2.2674042e-01;6.2500000e+01;2.6205322e-01;6.2500000e+01;2.8440914e-01;6.2500000e+01;2.8613436e-01;6.2500000e+01;2.6800376e-01;6.2500000e+01;2.3317429e-01;6.2500000e+01;1.8880139e-01;6.2500000e+01;1.3735677e-01;6.2500000e+01;8.9843959e-02;6.2500000e+01;4.8391327e-02;6.2500000e+01;4.4617048e-03;6.2500000e+01;1.8464126e-02;6.2500000e+01;3.7250720e-02;6.2500000e+01;6.1614323e-02;6.2500000e+01;9.0498909e-02;6.2500000e+01;1.2102748e-01;6.2500000e+01;1.5411951e-01;6.2500000e+01;1.8793827e-01;6.2500000e+01;2.2674042e-01;6.2500000e+01;2.6205322e-01;6.2500000e+01;2.8440914e-01;6.2500000e+01;2.8613436e-01;6.2500000e+01;2.6800376e-01;6.2500000e+01;2.3317429e-01;6.2500000e+01;1.8880139e-01;6.2500000e+01;1.3735677e-01;6.2500000e+01;8.9843959e-02;6.2500000e+01;4.8391327e-02;6.2500000e+01;4.4617048e-03;6.2500000e+01;1.8464126e-02;6.2500000e+01;3.7250720e-02;6.2500000e+01;6.1614323e-02;6.2500000e+01;9.0498909e-02;6.2500000e+01;1.2102748e-01;6.2500000e+01;1.5411951e-01;6.2500000e+01;1.8793827e-01;6.2500000e+01;2.2674042e-01;6.2500000e+01;2.6205322e-01;6.2500000e+01;2.8440914e-01;6.2500000e+01;2.8613436e-01;6.2500000e+01;2.6800376e-01;6.2500000e+01;2.3317429e-01;6.2500000e+01;1.8880139e-01;6.2500000e+01;1.3735677e-01;6.2500000e+01;8.9843959e-02;6.2500000e+01;4.8391327e-02;6.2500000e+01;4.4617048e-03;6.2500000e+01;1.8464126e-02;6.2500000e+01;3.7250720e-02;6.2500000e+01;6.1614323e-02;6.2500000e+01;9.0498909e-02;6.2500000e+01;1.2102748e-01;6.2500000e+01;1.5411951e-01;6.2500000e+01;1.8793827e-01;6.2500000e+01;2.2674042e-01;6.2500000e+01;2.6205322e-01;6.2500000e+01;2.8440914e-01;6.2500000e+01;2.8613436e-01;6.2500000e+01;2.6800376e-01;6.2500000e+01;2.3317429e-01;6.2500000e+01;1.8880139e-01;6.2500000e+01;1.3735677e-01;6.2500000e+01;8.9843959e-02;6.2500000e+01;4.8391327e-02;6.2500000e+01;4.4617048e-03;6.2500000e+01;1.8464126e-02;6.2500000e+01;3.7250720e-02;6.2500000e+01;6.1614323e-02;6.2500000e+01;9.0498909e-02;6.2500000e+01;1.2102748e-01;6.2500000e+01;1.5411951e-01;6.2500000e+01;1.8793827e-01;6.2500000e+01;2.2674042e-01;6.2500000e+01;2.6205322e-01;6.2500000e+01;2.8440914e-01;6.2500000e+01;2.8613436e-01;6.2500000e+01;2.6800376e-01;6.2500000e+01;2.3317429e-01;6.2500000e+01;1.8880139e-01;6.2500000e+01;1.3735677e-01;6.2500000e+01;8.9843959e-02;6.2500000e+01;4.8391327e-02;6.2500000e+01;4.4617048e-03;6.2500000e+01;1.8464126e-02;6.2500000e+01;3.7250720e-02;6.2500000e+01;6.1614323e-02;6.2500000e+01;9.0498909e-02;6.2500000e+01;1.2102748e-01;6.2500000e+01;1.5411951e-01;6.2500000e+01;1.8793827e-01;6.2500000e+01;2.2674042e-01;6.2500000e+01;2.6205322e-01;6.2500000e+01;2.8440914e-01;6.2500000e+01;2.8613436e-01;6.2500000e+01;2.6800376e-01;6.2500000e+01;2.3317429e-01;6.2500000e+01;1.8880139e-01;6.2500000e+01;1.3735677e-01;6.2500000e+01;8.9843959e-02;6.2500000e+01;4.8391327e-02;6.2500000e+01;4.4617048e-03;6.2500000e+01;1.8464126e-02;6.2500000e+01;3.7250720e-02;6.2500000e+01;6.1614323e-02;6.2500000e+01;9.0498909e-02;6.2500000e+01;1.2102748e-01;6.2500000e+01;1.5411951e-01;6.2500000e+01;1.8793827e-01;6.2500000e+01;2.2674042e-01;6.2500000e+01;2.6205322e-01;6.2500000e+01;2.8440914e-01;6.2500000e+01;2.8613436e-01;6.2500000e+01;2.6800376e-01;6.2500000e+01;2.3317429e-01;6.2500000e+01;1.8880139e-01;6.2500000e+01;1.3735677e-01;6.2500000e+01;8.9843959e-02;6.2500000e+01;4.8391327e-02;6.2500000e+01;4.4617048e-03;6.2500000e+01;1.8464126e-02;6.2500000e+01;3.7250720e-02;6.2500000e+01;6.1614323e-02;6.2500000e+01;9.0498909e-02;6.2500000e+01;1.2102748e-01;6.2500000e+01;1.5411951e-01;6.2500000e+01;1.8793827e-01;6.2500000e+01;2.2674042e-01;6.2500000e+01;2.6205322e-01;6.2500000e+01;2.8440914e-01;6.2500000e+01;2.8613436e-01;6.2500000e+01;2.6800376e-01;6.2500000e+01;2.3317429e-01;6.2500000e+01;1.8880139e-01;6.2500000e+01;1.3735677e-01;6.2500000e+01;8.9843959e-02;6.2500000e+01;4.8391327e-02;6.2500000e+01;4.4617048e-03;6.2500000e+01;1.8464126e-02;6.2500000e+01;3.7250720e-02;6.2500000e+01;6.1614323e-02;6.2500000e+01;9.0498909e-02;6.2500000e+01;1.2102748e-01;6.2500000e+01;1.5411951e-01;6.2500000e+01;1.8793827e-01;6.2500000e+01;2.2674042e-01;6.2500000e+01;2.6205322e-01;6.2500000e+01;2.8440914e-01;6.2500000e+01;2.8613436e-01;6.2500000e+01;2.6800376e-01;6.2500000e+01;2.3317429e-01;6.2500000e+01;1.8880139e-01;6.2500000e+01;1.3735677e-01;6.2500000e+01;8.9843959e-02;6.2500000e+01;4.8391327e-02;6.2500000e+01;4.4617048e-03;6.2500000e+01;1.8464126e-02;6.2500000e+01;3.7250720e-02;6.2500000e+01;6.1614323e-02;6.2500000e+01;9.0498909e-02;6.2500000e+01;1.2102748e-01;6.2500000e+01;1.5411951e-01;6.2500000e+01;1.8793827e-01;6.2500000e+01;2.2674042e-01;6.2500000e+01;2.6205322e-01;6.2500000e+01;2.8440914e-01;6.2500000e+01;2.8613436e-01;6.2500000e+01;2.6800376e-01;6.2500000e+01;2.3317429e-01;6.2500000e+01;1.8880139e-01;6.2500000e+01;1.3735677e-01;6.2500000e+01;8.9843959e-02;6.2500000e+01;4.8391327e-02;6.2500000e+01;4.4617048e-03;6.2500000e+01;1.8464126e-02;6.2500000e+01;3.7250720e-02;6.2500000e+01;6.1614323e-02;6.2500000e+01;9.0498909e-02;6.2500000e+01;1.2102748e-01;6.2500000e+01;1.5411951e-01;6.2500000e+01;1.8793827e-01;6.2500000e+01;2.2674042e-01;6.2500000e+01;2.6205322e-01;6.2500000e+01;2.8440914e-01;6.2500000e+01;2.8613436e-01;6.2500000e+01;2.6800376e-01;6.2500000e+01;2.3317429e-01;6.2500000e+01;1.8880139e-01;6.2500000e+01;1.3735677e-01;6.2500000e+01;8.9843959e-02;6.2500000e+01;4.8391327e-02;6.2500000e+01;4.4617048e-03;6.2500000e+01;1.8464126e-02;6.2500000e+01;3.7250720e-02;6.2500000e+01;6.1614323e-02;6.2500000e+01;9.0498909e-02;6.2500000e+01;1.2102748e-01;6.2500000e+01;1.5411951e-01;6.2500000e+01;1.8793827e-01;6.2500000e+01;2.2674042e-01;6.2500000e+01;2.6205322e-01;6.2500000e+01;2.8440914e-01;6.2500000e+01;2.8613436e-01;6.2500000e+01;2.6800376e-01;6.2500000e+01;2.3317429e-01;6.2500000e+01;1.8880139e-01;6.2500000e+01;1.3735677e-01;6.2500000e+01;8.9843959e-02;6.2500000e+01;4.8391327e-02;6.2500000e+01;4.4617048e-03;6.2500000e+01;1.8464126e-02;6.2500000e+01;3.7250720e-02;6.2500000e+01;6.1614323e-02;6.2500000e+01;9.0498909e-02;6.2500000e+01;1.2102748e-01;6.2500000e+01;1.5411951e-01;6.2500000e+01;1.8793827e-01;6.2500000e+01;2.2674042e-01;6.2500000e+01;2.6205322e-01;6.2500000e+01;2.8440914e-01;6.2500000e+01;2.8613436e-01;6.2500000e+01;2.6800376e-01;6.2500000e+01;2.3317429e-01;6.2500000e+01;1.8880139e-01;6.2500000e+01;1.3735677e-01;6.2500000e+01;8.9843959e-02;6.2500000e+01;4.8391327e-02;6.2500000e+01;4.4617048e-03;6.2500000e+01;1.8464126e-02;6.2500000e+01;3.7250720e-02;6.2500000e+01;6.1614323e-02;6.2500000e+01;9.0498909e-02;6.2500000e+01;1.2102748e-01;6.2500000e+01;1.5411951e-01;6.2500000e+01;1.8793827e-01;6.2500000e+01;2.2674042e-01;6.2500000e+01;2.6205322e-01;6.2500000e+01;2.8440914e-01;6.2500000e+01;2.8613436e-01;6.2500000e+01;2.6800376e-01;6.2500000e+01;2.3317429e-01;6.2500000e+01;1.8880139e-01;6.2500000e+01;1.3735677e-01;6.2500000e+01;8.9843959e-02;6.2500000e+01;4.8391327e-02;6.2500000e+01;4.4617048e-03;6.2500000e+01;1.8464126e-02;6.2500000e+01;3.7250720e-02;6.2500000e+01;6.1614323e-02;6.2500000e+01;9.0498909e-02;6.2500000e+01;1.2102748e-01;6.2500000e+01;1.5411951e-01;6.2500000e+01;1.8793827e-01;6.2500000e+01;2.2674042e-01;6.2500000e+01;2.6205322e-01;6.2500000e+01;2.8440914e-01;6.2500000e+01;2.8613436e-01;6.2500000e+01;2.6800376e-01;6.2500000e+01;2.3317429e-01;6.2500000e+01;1.8880139e-01;6.2500000e+01;1.3735677e-01;6.2500000e+01;8.9843959e-02;6.2500000e+01;4.8391327e-02;6.2500000e+01;4.4617048e-03;6.2500000e+01;1.8464126e-02;6.2500000e+01;3.7250720e-02;6.2500000e+01;6.1614323e-02;6.2500000e+01;9.0498909e-02;6.2500000e+01;1.2102748e-01;6.2500000e+01;1.5411951e-01;6.2500000e+01;1.8793827e-01;6.2500000e+01;2.2674042e-01;6.2500000e+01;2.6205322e-01;6.2500000e+01;2.8440914e-01;6.2500000e+01;2.8613436e-01;6.2500000e+01;2.6800376e-01;6.2500000e+01;2.3317429e-01;6.2500000e+01;1.8880139e-01;6.2500000e+01;1.3735677e-01;6.2500000e+01;8.9843959e-02;6.2500000e+01;4.8391327e-02;6.2500000e+01;4.4617048e-03;6.2500000e+01;1.8464126e-02;6.2500000e+01;3.7250720e-02;6.2500000e+01;6.1614323e-02;6.2500000e+01;9.0498909e-02;6.2500000e+01;1.2102748e-01;6.2500000e+01;1.5411951e-01;6.2500000e+01;1.8793827e-01;6.2500000e+01;2.2674042e-01;6.2500000e+01;2.6205322e-01;6.2500000e+01;2.8440914e-01;6.2500000e+01;2.8613436e-01;6.2500000e+01;2.6800376e-01;6.2500000e+01;2.3317429e-01;6.2500000e+01;1.8880139e-01;6.2500000e+01;1.3735677e-01;6.2500000e+01;8.9843959e-02;6.2500000e+01;4.8391327e-02;6.2500000e+01;4.4617048e-03;6.2500000e+01;1.8464126e-02;6.2500000e+01;3.7250720e-02;6.2500000e+01;6.1614323e-02;6.2500000e+01;9.0498909e-02;6.2500000e+01;1.2102748e-01;6.2500000e+01;1.5411951e-01;6.2500000e+01;1.8793827e-01;6.2500000e+01;2.2674042e-01;6.2500000e+01;2.6205322e-01;6.2500000e+01;2.8440914e-01;6.2500000e+01;2.8613436e-01;6.2500000e+01;2.6800376e-01;6.2500000e+01;2.3317429e-01;6.2500000e+01;1.8880139e-01;6.2500000e+01;1.3735677e-01;6.2500000e+01;8.9843959e-02;6.2500000e+01;4.8391327e-02;6.2500000e+01;4.4617048e-03;6.2500000e+01;1.8464126e-02;6.2500000e+01;3.7250720e-02;6.2500000e+01;6.1614323e-02;6.2500000e+01;9.0498909e-02;6.2500000e+01;1.2102748e-01;6.2500000e+01;1.5411951e-01;6.2500000e+01;1.8793827e-01;6.2500000e+01;2.2674042e-01;6.2500000e+01;2.6205322e-01;6.2500000e+01;2.8440914e-01;6.2500000e+01;2.8613436e-01;6.2500000e+01;2.6800376e-01;6.2500000e+01;2.3317429e-01;6.2500000e+01;1.8880139e-01;6.2500000e+01;1.3735677e-01;6.2500000e+01;8.9843959e-02;6.2500000e+01;4.8391327e-02;6.2500000e+01;4.4617048e-03;6.2500000e+01;1.8464126e-02;6.2500000e+01;3.7250720e-02;6.2500000e+01;6.1614323e-02;6.2500000e+01;9.0498909e-02;6.2500000e+01;1.2102748e-01;6.2500000e+01;1.5411951e-01;6.2500000e+01;1.8793827e-01;6.2500000e+01;2.2674042e-01;6.2500000e+01;2.6205322e-01;6.2500000e+01;2.8440914e-01;6.2500000e+01;2.8613436e-01;6.2500000e+01;2.6800376e-01;6.2500000e+01;2.3317429e-01;6.2500000e+01;1.8880139e-01;6.2500000e+01;1.3735677e-01;6.2500000e+01;8.9843959e-02;6.2500000e+01;4.8391327e-02;6.2500000e+01;4.4617048e-03;6.2500000e+01;1.8464126e-02;6.2500000e+01;3.7250720e-02;6.2500000e+01;6.1614323e-02;6.2500000e+01;9.0498909e-02;6.2500000e+01;1.2102748e-01;6.2500000e+01;1.5411951e-01;6.2500000e+01;1.8793827e-01;6.2500000e+01;2.2674042e-01;6.2500000e+01;2.6205322e-01;6.2500000e+01;2.8440914e-01;6.2500000e+01;2.8613436e-01;6.2500000e+01;2.6800376e-01;6.2500000e+01;2.3317429e-01;6.2500000e+01;1.8880139e-01;6.2500000e+01;1.3735677e-01;6.2500000e+01;8.9843959e-02;6.2500000e+01;4.8391327e-02;6.2500000e+01;4.4617048e-03;6.2500000e+01;1.8464126e-02;6.2500000e+01;3.7250720e-02;6.2500000e+01;6.1614323e-02;6.2500000e+01;9.0498909e-02;6.2500000e+01;1.2102748e-01;6.2500000e+01;1.5411951e-01;6.2500000e+01;1.8793827e-01;6.2500000e+01;2.2674042e-01;6.2500000e+01;2.6205322e-01;6.2500000e+01;2.8440914e-01;6.2500000e+01;2.8613436e-01;6.2500000e+01;2.6800376e-01;6.2500000e+01;2.3317429e-01;6.2500000e+01;1.8880139e-01;6.2500000e+01;1.3735677e-01;6.2500000e+01;8.9843959e-02;6.2500000e+01;4.8391327e-02;6.2500000e+01;4.4617048e-03;6.2500000e+01;1.8464126e-02;6.2500000e+01;3.7250720e-02;6.2500000e+01;6.1614323e-02;6.2500000e+01;9.0498909e-02;6.2500000e+01;1.2102748e-01;6.2500000e+01;1.5411951e-01;6.2500000e+01;1.8793827e-01;6.2500000e+01;2.2674042e-01;6.2500000e+01;2.6205322e-01;6.2500000e+01;2.8440914e-01;6.2500000e+01;2.8613436e-01;6.2500000e+01;2.6800376e-01;6.2500000e+01;2.3317429e-01;6.2500000e+01;1.8880139e-01;6.2500000e+01;1.3735677e-01;6.2500000e+01;8.9843959e-02;6.2500000e+01;4.8391327e-02;6.2500000e+01;4.4617048e-03;6.2500000e+01;1.8464126e-02;6.2500000e+01;3.7250720e-02;6.2500000e+01;6.1614323e-02;6.2500000e+01;9.0498909e-02;6.2500000e+01;1.2102748e-01;6.2500000e+01;1.5411951e-01;6.2500000e+01;1.8793827e-01;6.2500000e+01;2.2674042e-01;6.2500000e+01;2.6205322e-01;6.2500000e+01;2.8440914e-01;6.2500000e+01;2.8613436e-01;6.2500000e+01;2.6800376e-01;6.2500000e+01;2.3317429e-01;6.2500000e+01;1.8880139e-01;6.2500000e+01;1.3735677e-01;6.2500000e+01;8.9843959e-02;6.2500000e+01;4.8391327e-02;6.2500000e+01;4.4617048e-03;6.2500000e+01;1.8464126e-02;6.2500000e+01;3.7250720e-02;6.2500000e+01;6.1614323e-02;6.2500000e+01;9.0498909e-02;6.2500000e+01;1.2102748e-01;6.2500000e+01;1.5411951e-01;6.2500000e+01;1.8793827e-01;6.2500000e+01;2.2674042e-01;6.2500000e+01;2.6205322e-01;6.2500000e+01;2.8440914e-01;6.2500000e+01;2.8613436e-01;6.2500000e+01;2.6800376e-01;6.2500000e+01;2.3317429e-01;6.2500000e+01;1.8880139e-01;6.2500000e+01;1.3735677e-01;6.2500000e+01;8.9843959e-02;6.2500000e+01;4.8391327e-02;6.2500000e+01;4.4617048e-03;6.2500000e+01;1.8464126e-02;6.2500000e+01;3.7250720e-02;6.2500000e+01;6.1614323e-02;6.2500000e+01;9.0498909e-02;6.2500000e+01;1.2102748e-01;6.2500000e+01;1.5411951e-01;6.2500000e+01;1.8793827e-01;6.2500000e+01;2.2674042e-01;6.2500000e+01;2.6205322e-01;6.2500000e+01;2.8440914e-01;6.2500000e+01;2.8613436e-01;6.2500000e+01;2.6800376e-01;6.2500000e+01;2.3317429e-01;6.2500000e+01;1.8880139e-01;6.2500000e+01;1.3735677e-01;6.2500000e+01;8.9843959e-02;6.2500000e+01;4.8391327e-02;6.2500000e+01;4.4617048e-03;6.2500000e+01;1.8464126e-02;6.2500000e+01;3.7250720e-02;6.2500000e+01;6.1614323e-02;6.2500000e+01;9.0498909e-02;6.2500000e+01;1.2102748e-01;6.2500000e+01;1.5411951e-01;6.2500000e+01;1.8793827e-01;6.2500000e+01;2.2674042e-01;6.2500000e+01;2.6205322e-01;6.2500000e+01;2.8440914e-01;6.2500000e+01;2.8613436e-01;6.2500000e+01;2.6800376e-01;6.2500000e+01;2.3317429e-01;6.2500000e+01;1.8880139e-01;6.2500000e+01;1.3735677e-01;6.2500000e+01;8.9843959e-02;6.2500000e+01;4.8391327e-02;6.2500000e+01;4.4617048e-03;6.2500000e+01;1.8464126e-02;6.2500000e+01;3.7250720e-02;6.2500000e+01;6.1614323e-02;6.2500000e+01;9.0498909e-02;6.2500000e+01;1.2102748e-01;6.2500000e+01;1.5411951e-01;6.2500000e+01;1.8793827e-01;6.2500000e+01;2.2674042e-01;6.2500000e+01;2.6205322e-01;6.2500000e+01;2.8440914e-01;6.2500000e+01;2.8613436e-01;6.2500000e+01;2.6800376e-01;6.2500000e+01;2.3317429e-01;6.2500000e+01;1.8880139e-01;6.2500000e+01;1.3735677e-01;6.2500000e+01;8.9843959e-02;6.2500000e+01;4.8391327e-02;6.2500000e+01;4.4617048e-03;6.2500000e+01;1.8464126e-02;6.2500000e+01;3.7250720e-02;6.2500000e+01;6.1614323e-02;6.2500000e+01;9.0498909e-02;6.2500000e+01;1.2102748e-01;6.2500000e+01;1.5411951e-01;6.2500000e+01;1.8793827e-01;6.2500000e+01;2.2674042e-01;6.2500000e+01;2.6205322e-01;6.2500000e+01;2.8440914e-01;6.2500000e+01;2.8613436e-01;6.2500000e+01;2.6800376e-01;6.2500000e+01;2.3317429e-01;6.2500000e+01;1.8880139e-01;6.2500000e+01;1.3735677e-01;6.2500000e+01;8.9843959e-02;6.2500000e+01;4.8391327e-02;6.2500000e+01;4.4617048e-03;6.2500000e+01;1.8464126e-02;6.2500000e+01;3.7250720e-02;6.2500000e+01;6.1614323e-02;6.2500000e+01;9.0498909e-02;6.2500000e+01;1.2102748e-01;6.2500000e+01;1.5411951e-01;6.2500000e+01;1.8793827e-01;6.2500000e+01;2.2674042e-01;6.2500000e+01;2.6205322e-01;6.2500000e+01;2.8440914e-01;6.2500000e+01;2.8613436e-01;6.2500000e+01;2.6800376e-01;6.2500000e+01;2.3317429e-01;6.2500000e+01;1.8880139e-01;6.2500000e+01;1.3735677e-01;6.2500000e+01;8.9843959e-02;6.2500000e+01;4.8391327e-02;6.2500000e+01;4.4617048e-03;6.2500000e+01;1.8464126e-02;6.2500000e+01;3.7250720e-02;6.2500000e+01;6.1614323e-02;6.2500000e+01;9.0498909e-02;6.2500000e+01;1.2102748e-01;6.2500000e+01;1.5411951e-01;6.2500000e+01;1.8793827e-01;6.2500000e+01;2.2674042e-01;6.2500000e+01;2.6205322e-01;6.2500000e+01;2.8440914e-01;6.2500000e+01;2.8613436e-01;6.2500000e+01;2.6800376e-01;6.2500000e+01;2.3317429e-01;6.2500000e+01;1.8880139e-01;6.2500000e+01;1.3735677e-01;6.2500000e+01;8.9843959e-02;6.2500000e+01;4.8391327e-02;6.2500000e+01;4.4617048e-03;6.2500000e+01;1.8464126e-02;6.2500000e+01;3.7250720e-02;6.2500000e+01;6.1614323e-02;6.2500000e+01;9.0498909e-02;6.2500000e+01;1.2102748e-01;6.2500000e+01;1.5411951e-01;6.2500000e+01;1.8793827e-01;6.2500000e+01;2.2674042e-01;6.2500000e+01;2.6205322e-01;6.2500000e+01;2.8440914e-01;6.2500000e+01;2.8613436e-01;6.2500000e+01;2.6800376e-01;6.2500000e+01;2.3317429e-01;6.2500000e+01;1.8880139e-01;6.2500000e+01;1.3735677e-01;6.2500000e+01;8.9843959e-02;6.2500000e+01;4.8391327e-02;6.2500000e+01;4.4617048e-03;6.2500000e+01;1.8464126e-02;6.2500000e+01;3.7250720e-02;6.2500000e+01;6.1614323e-02;6.2500000e+01;9.0498909e-02;6.2500000e+01;1.2102748e-01;6.2500000e+01;1.5411951e-01;6.2500000e+01;1.8793827e-01;6.2500000e+01;2.2674042e-01;6.2500000e+01;2.6205322e-01;6.2500000e+01;2.8440914e-01;6.2500000e+01;2.8613436e-01;6.2500000e+01;2.6800376e-01;6.2500000e+01;2.3317429e-01;6.2500000e+01;1.8880139e-01;6.2500000e+01;1.3735677e-01;6.2500000e+01;8.9843959e-02;6.2500000e+01;4.8391327e-02;6.2500000e+01;4.4617048e-03;6.2500000e+01;1.8464126e-02;6.2500000e+01;3.7250720e-02;6.2500000e+01;6.1614323e-02;6.2500000e+01;9.0498909e-02;6.2500000e+01;1.2102748e-01;6.2500000e+01;1.5411951e-01;6.2500000e+01;1.8793827e-01;6.2500000e+01;2.2674042e-01;6.2500000e+01;2.6205322e-01;6.2500000e+01;2.8440914e-01;6.2500000e+01;2.8613436e-01;6.2500000e+01;2.6800376e-01;6.2500000e+01;2.3317429e-01;6.2500000e+01;1.8880139e-01;6.2500000e+01;1.3735677e-01;6.2500000e+01;8.9843959e-02;6.2500000e+01;4.8391327e-02;6.2500000e+01;4.4617048e-03;6.2500000e+01;1.8464126e-02;6.2500000e+01;3.7250720e-02;6.2500000e+01;6.1614323e-02;6.2500000e+01;9.0498909e-02;6.2500000e+01;1.2102748e-01;6.2500000e+01;1.5411951e-01;6.2500000e+01;1.8793827e-01;6.2500000e+01;2.2674042e-01;6.2500000e+01;2.6205322e-01;6.2500000e+01;2.8440914e-01;6.2500000e+01;2.8613436e-01;6.2500000e+01;2.6800376e-01;6.2500000e+01;2.3317429e-01;6.2500000e+01;1.8880139e-01;6.2500000e+01;1.3735677e-01;6.2500000e+01;8.9843959e-02;6.2500000e+01;4.8391327e-02;6.2500000e+01;4.4617048e-03;6.2500000e+01;1.8464126e-02;6.2500000e+01;3.7250720e-02;6.2500000e+01;6.1614323e-02;6.2500000e+01;9.0498909e-02;6.2500000e+01;1.2102748e-01;6.2500000e+01;1.5411951e-01;6.2500000e+01;1.8793827e-01;6.2500000e+01;2.2674042e-01;6.2500000e+01;2.6205322e-01;6.2500000e+01;2.8440914e-01;6.2500000e+01;2.8613436e-01;6.2500000e+01;2.6800376e-01;6.2500000e+01;2.3317429e-01;6.2500000e+01;1.8880139e-01;6.2500000e+01;1.3735677e-01;6.2500000e+01;8.9843959e-02;6.2500000e+01;4.8391327e-02;6.2500000e+01;4.4617048e-03;6.2500000e+01;1.8464126e-02;6.2500000e+01;3.7250720e-02;6.2500000e+01;6.1614323e-02;6.2500000e+01;9.0498909e-02;6.2500000e+01;1.2102748e-01;6.2500000e+01;1.5411951e-01;6.2500000e+01;1.8793827e-01;6.2500000e+01;2.2674042e-01;6.2500000e+01;2.6205322e-01;6.2500000e+01;2.8440914e-01;6.2500000e+01;2.8613436e-01;6.2500000e+01;2.6800376e-01;6.2500000e+01;2.3317429e-01;6.2500000e+01;1.8880139e-01;6.2500000e+01;1.3735677e-01;6.2500000e+01;8.9843959e-02;6.2500000e+01;4.8391327e-02;6.2500000e+01;4.4617048e-03;6.2500000e+01;1.8464126e-02;6.2500000e+01;3.7250720e-02;6.2500000e+01;6.1614323e-02;6.2500000e+01;9.0498909e-02;6.2500000e+01;1.2102748e-01;6.2500000e+01;1.5411951e-01;6.2500000e+01;1.8793827e-01;6.2500000e+01;2.2674042e-01;6.2500000e+01;2.6205322e-01;6.2500000e+01;2.8440914e-01;6.2500000e+01;2.8613436e-01;6.2500000e+01;2.6800376e-01;6.2500000e+01;2.3317429e-01;6.2500000e+01;1.8880139e-01;6.2500000e+01;1.3735677e-01;6.2500000e+01;8.9843959e-02;6.2500000e+01;4.8391327e-02;6.2500000e+01;4.4617048e-03;6.2500000e+01;1.8464126e-02;6.2500000e+01;3.7250720e-02;6.2500000e+01;6.1614323e-02;6.2500000e+01;9.0498909e-02;6.2500000e+01;1.2102748e-01;6.2500000e+01;1.5411951e-01;6.2500000e+01;1.8793827e-01;6.2500000e+01;2.2674042e-01;6.2500000e+01;2.6205322e-01;6.2500000e+01;2.8440914e-01;6.2500000e+01;2.8613436e-01;6.2500000e+01;2.6800376e-01;6.2500000e+01;2.3317429e-01;6.2500000e+01;1.8880139e-01;6.2500000e+01;1.3735677e-01;6.2500000e+01;8.9843959e-02;6.2500000e+01;4.8391327e-02;6.2500000e+01;4.4617048e-03;6.2500000e+01;1.8464126e-02;6.2500000e+01;3.7250720e-02;6.2500000e+01;6.1614323e-02;6.2500000e+01;9.0498909e-02;6.2500000e+01;1.2102748e-01;6.2500000e+01;1.5411951e-01;6.2500000e+01;1.8793827e-01;6.2500000e+01;2.2674042e-01;6.2500000e+01;2.6205322e-01;6.2500000e+01;2.8440914e-01;6.2500000e+01;2.8613436e-01;6.2500000e+01;2.6800376e-01;6.2500000e+01;2.3317429e-01;6.2500000e+01;1.8880139e-01;6.2500000e+01;1.3735677e-01;6.2500000e+01;8.9843959e-02;6.2500000e+01;4.8391327e-02;6.2500000e+01;4.4617048e-03;6.2500000e+01;1.8464126e-02;6.2500000e+01;3.7250720e-02;6.2500000e+01;6.1614323e-02;6.2500000e+01;9.0498909e-02;6.2500000e+01;1.2102748e-01;6.2500000e+01;1.5411951e-01;6.2500000e+01;1.8793827e-01;6.2500000e+01;2.2674042e-01;6.2500000e+01;2.6205322e-01;6.2500000e+01;2.8440914e-01;6.2500000e+01;2.8613436e-01;6.2500000e+01;2.6800376e-01;6.2500000e+01;2.3317429e-01;6.2500000e+01;1.8880139e-01;6.2500000e+01;1.3735677e-01;6.2500000e+01;8.9843959e-02;6.2500000e+01;4.8391327e-02;6.2500000e+01;4.4617048e-03;6.2500000e+01;1.8464126e-02;6.2500000e+01;3.7250720e-02;6.2500000e+01;6.1614323e-02;6.2500000e+01;9.0498909e-02;6.2500000e+01;1.2102748e-01;6.2500000e+01;1.5411951e-01;6.2500000e+01;1.8793827e-01;6.2500000e+01;2.2674042e-01;6.2500000e+01;2.6205322e-01;6.2500000e+01;2.8440914e-01;6.2500000e+01;2.8613436e-01;6.2500000e+01;2.6800376e-01;6.2500000e+01;2.3317429e-01;6.2500000e+01;1.8880139e-01;6.2500000e+01;1.3735677e-01;6.2500000e+01;8.9843959e-02;6.2500000e+01;4.8391327e-02;6.2500000e+01;4.4617048e-03;6.2500000e+01;1.8464126e-02;6.2500000e+01;3.7250720e-02;6.2500000e+01;6.1614323e-02;6.2500000e+01;9.0498909e-02;6.2500000e+01;1.2102748e-01;6.2500000e+01;1.5411951e-01;6.2500000e+01;1.8793827e-01;6.2500000e+01;2.2674042e-01;6.2500000e+01;2.6205322e-01;6.2500000e+01;2.8440914e-01;6.2500000e+01;2.8613436e-01;6.2500000e+01;2.6800376e-01;6.2500000e+01;2.3317429e-01;6.2500000e+01;1.8880139e-01;6.2500000e+01;1.3735677e-01;6.2500000e+01;8.9843959e-02;6.2500000e+01;4.8391327e-02;6.2500000e+01;4.4617048e-03;6.2500000e+01;1.8464126e-02;6.2500000e+01;3.7250720e-02;6.2500000e+01;6.1614323e-02;6.2500000e+01;9.0498909e-02;6.2500000e+01;1.2102748e-01;6.2500000e+01;1.5411951e-01;6.2500000e+01;1.8793827e-01;6.2500000e+01;2.2674042e-01;6.2500000e+01;2.6205322e-01;6.2500000e+01;2.8440914e-01;6.2500000e+01;2.8613436e-01;6.2500000e+01;2.6800376e-01;6.2500000e+01;2.3317429e-01;6.2500000e+01;1.8880139e-01;6.2500000e+01;1.3735677e-01;6.2500000e+01;8.9843959e-02;6.2500000e+01;4.8391327e-02;6.2500000e+01;4.4617048e-03;6.2500000e+01;1.8464126e-02;6.2500000e+01;3.7250720e-02;6.2500000e+01;6.1614323e-02;6.2500000e+01;9.0498909e-02;6.2500000e+01;1.2102748e-01;6.2500000e+01;1.5411951e-01;6.2500000e+01;1.8793827e-01;6.2500000e+01;2.2674042e-01;6.2500000e+01;2.6205322e-01;6.2500000e+01;2.8440914e-01;6.2500000e+01;2.8613436e-01;6.2500000e+01;2.6800376e-01;6.2500000e+01;2.3317429e-01;6.2500000e+01;1.8880139e-01;6.2500000e+01;1.3735677e-01;6.2500000e+01;8.9843959e-02;6.2500000e+01;4.8391327e-02;6.2500000e+01;4.4617048e-03;6.2500000e+01;1.8464126e-02;6.2500000e+01;3.7250720e-02;6.2500000e+01;6.1614323e-02;6.2500000e+01;9.0498909e-02;6.2500000e+01;1.2102748e-01;6.2500000e+01;1.5411951e-01;6.2500000e+01;1.8793827e-01;6.2500000e+01;2.2674042e-01;6.2500000e+01;2.6205322e-01;6.2500000e+01;2.8440914e-01;6.2500000e+01;2.8613436e-01;6.2500000e+01;2.6800376e-01;6.2500000e+01;2.3317429e-01;6.2500000e+01;1.8880139e-01;6.2500000e+01;1.3735677e-01;6.2500000e+01;8.9843959e-02;6.2500000e+01;4.8391327e-02;6.2500000e+01;4.4617048e-03;6.2500000e+01;1.8464126e-02;6.2500000e+01;3.7250720e-02;6.2500000e+01;6.1614323e-02;6.2500000e+01;9.0498909e-02;6.2500000e+01;1.2102748e-01;6.2500000e+01;1.5411951e-01;6.2500000e+01;1.8793827e-01;6.2500000e+01;2.2674042e-01;6.2500000e+01;2.6205322e-01;6.2500000e+01;2.8440914e-01;6.2500000e+01;2.8613436e-01;6.2500000e+01;2.6800376e-01;6.2500000e+01;2.3317429e-01;6.2500000e+01;1.8880139e-01;6.2500000e+01;1.3735677e-01;6.2500000e+01;8.9843959e-02;6.2500000e+01;4.8391327e-02;6.2500000e+01;4.4617048e-03;6.2500000e+01;1.8464126e-02;6.2500000e+01;3.7250720e-02;6.2500000e+01;6.1614323e-02;6.2500000e+01;9.0498909e-02;6.2500000e+01;1.2102748e-01;6.2500000e+01;1.5411951e-01;6.2500000e+01;1.8793827e-01;6.2500000e+01;2.2674042e-01;6.2500000e+01;2.6205322e-01;6.2500000e+01;2.8440914e-01;6.2500000e+01;2.8613436e-01;6.2500000e+01;2.6800376e-01;6.2500000e+01;2.3317429e-01;6.2500000e+01;1.8880139e-01;6.2500000e+01;1.3735677e-01;6.2500000e+01;8.9843959e-02;6.2500000e+01;4.8391327e-02;6.2500000e+01;4.4617048e-03;6.2500000e+01;1.8464126e-02;6.2500000e+01;3.7250720e-02;6.2500000e+01;6.1614323e-02;6.2500000e+01;9.0498909e-02;6.2500000e+01;1.2102748e-01;6.2500000e+01;1.5411951e-01;6.2500000e+01;1.8793827e-01;6.2500000e+01;2.2674042e-01;6.2500000e+01;2.6205322e-01;6.2500000e+01;2.8440914e-01;6.2500000e+01;2.8613436e-01;6.2500000e+01;2.6800376e-01;6.2500000e+01;2.3317429e-01;6.2500000e+01;1.8880139e-01;6.2500000e+01;1.3735677e-01;6.2500000e+01;8.9843959e-02;6.2500000e+01;4.8391327e-02;6.2500000e+01;4.4617048e-03;6.2500000e+01;1.8464126e-02;6.2500000e+01;3.7250720e-02;6.2500000e+01;6.1614323e-02;6.2500000e+01;9.0498909e-02;6.2500000e+01;1.2102748e-01;6.2500000e+01;1.5411951e-01;6.2500000e+01;1.8793827e-01;6.2500000e+01;2.2674042e-01;6.2500000e+01;2.6205322e-01;6.2500000e+01;2.8440914e-01;6.2500000e+01;2.8613436e-01;6.2500000e+01;2.6800376e-01;6.2500000e+01;2.3317429e-01;6.2500000e+01;1.8880139e-01;6.2500000e+01;1.3735677e-01;6.2500000e+01;8.9843959e-02;6.2500000e+01;4.8391327e-02;6.2500000e+01;4.4617048e-03;6.2500000e+01;1.8464126e-02;6.2500000e+01;3.7250720e-02;6.2500000e+01;6.1614323e-02;6.2500000e+01;9.0498909e-02;6.2500000e+01;1.2102748e-01;6.2500000e+01;1.5411951e-01;6.2500000e+01;1.8793827e-01;6.2500000e+01;2.2674042e-01;6.2500000e+01;2.6205322e-01;6.2500000e+01;2.8440914e-01;6.2500000e+01;2.8613436e-01;6.2500000e+01;2.6800376e-01;6.2500000e+01;2.3317429e-01;6.2500000e+01;1.8880139e-01;6.2500000e+01;1.3735677e-01;6.2500000e+01;8.9843959e-02;6.2500000e+01;4.8391327e-02;6.2500000e+01;4.4617048e-03;6.2500000e+01;1.8464126e-02;6.2500000e+01;3.7250720e-02;6.2500000e+01;6.1614323e-02;6.2500000e+01;9.0498909e-02;6.2500000e+01;1.2102748e-01;6.2500000e+01;1.5411951e-01;6.2500000e+01;1.8793827e-01;6.2500000e+01;2.2674042e-01;6.2500000e+01;2.6205322e-01;6.2500000e+01;2.8440914e-01;6.2500000e+01;2.8613436e-01;6.2500000e+01;2.6800376e-01;6.2500000e+01;2.3317429e-01;6.2500000e+01;1.8880139e-01;6.2500000e+01;1.3735677e-01;6.2500000e+01;8.9843959e-02;6.2500000e+01;4.8391327e-02;6.2500000e+01;4.4617048e-03;6.2500000e+01;1.8464126e-02;6.2500000e+01;3.7250720e-02;6.2500000e+01;6.1614323e-02;6.2500000e+01;9.0498909e-02;6.2500000e+01;1.2102748e-01;6.2500000e+01;1.5411951e-01;6.2500000e+01;1.8793827e-01;6.2500000e+01;2.2674042e-01;6.2500000e+01;2.6205322e-01;6.2500000e+01;2.8440914e-01;6.2500000e+01;2.8613436e-01;6.2500000e+01;2.6800376e-01;6.2500000e+01;2.3317429e-01;6.2500000e+01;1.8880139e-01;6.2500000e+01;1.3735677e-01;6.2500000e+01;8.9843959e-02;6.2500000e+01;4.8391327e-02;6.2500000e+01;4.4617048e-03;6.2500000e+01;1.8464126e-02;6.2500000e+01;3.7250720e-02;6.2500000e+01;6.1614323e-02;6.2500000e+01;9.0498909e-02;6.2500000e+01;1.2102748e-01;6.2500000e+01;1.5411951e-01;6.2500000e+01;1.8793827e-01;6.2500000e+01;2.2674042e-01;6.2500000e+01;2.6205322e-01;6.2500000e+01;2.8440914e-01;6.2500000e+01;2.8613436e-01;6.2500000e+01;2.6800376e-01;6.2500000e+01;2.3317429e-01;6.2500000e+01;1.8880139e-01;6.2500000e+01;1.3735677e-01;6.2500000e+01;8.9843959e-02;6.2500000e+01;4.8391327e-02;6.2500000e+01;4.4617048e-03;6.2500000e+01;1.8464126e-02;6.2500000e+01;3.7250720e-02;6.2500000e+01;6.1614323e-02;6.2500000e+01;9.0498909e-02;6.2500000e+01;1.2102748e-01;6.2500000e+01;1.5411951e-01;6.2500000e+01;1.8793827e-01;6.2500000e+01;2.2674042e-01;6.2500000e+01;2.6205322e-01;6.2500000e+01;2.8440914e-01;6.2500000e+01;2.8613436e-01;6.2500000e+01;2.6800376e-01;6.2500000e+01;2.3317429e-01;6.2500000e+01;1.8880139e-01;6.2500000e+01;1.3735677e-01;6.2500000e+01;8.9843959e-02;6.2500000e+01;4.8391327e-02;6.2500000e+01;4.4617048e-03;6.2500000e+01;1.8464126e-02;6.2500000e+01;3.7250720e-02;6.2500000e+01;6.1614323e-02;6.2500000e+01;9.0498909e-02;6.2500000e+01;1.2102748e-01;6.2500000e+01;1.5411951e-01;6.2500000e+01;1.8793827e-01;6.2500000e+01;2.2674042e-01;6.2500000e+01;2.6205322e-01;6.2500000e+01;2.8440914e-01;6.2500000e+01;2.8613436e-01;6.2500000e+01;2.6800376e-01;6.2500000e+01;2.3317429e-01;6.2500000e+01;1.8880139e-01;6.2500000e+01;1.3735677e-01;6.2500000e+01;8.9843959e-02;6.2500000e+01;4.8391327e-02;6.2500000e+01;4.4617048e-03;6.2500000e+01;1.8464126e-02;6.2500000e+01;3.7250720e-02;6.2500000e+01;6.1614323e-02;6.2500000e+01;9.0498909e-02;6.2500000e+01;1.2102748e-01;6.2500000e+01;1.5411951e-01;6.2500000e+01;1.8793827e-01;6.2500000e+01;2.2674042e-01;6.2500000e+01;2.6205322e-01;6.2500000e+01;2.8440914e-01;6.2500000e+01;2.8613436e-01;6.2500000e+01;2.6800376e-01;6.2500000e+01;2.3317429e-01;6.2500000e+01;1.8880139e-01;6.2500000e+01;1.3735677e-01;6.2500000e+01;8.9843959e-02;6.2500000e+01;4.8391327e-02;6.2500000e+01;4.4617048e-03;6.2500000e+01;1.8464126e-02;6.2500000e+01;3.7250720e-02;6.2500000e+01;6.1614323e-02;6.2500000e+01;9.0498909e-02;6.2500000e+01;1.2102748e-01;6.2500000e+01;1.5411951e-01;6.2500000e+01;1.8793827e-01;6.2500000e+01;2.2674042e-01;6.2500000e+01;2.6205322e-01;6.2500000e+01;2.8440914e-01;6.2500000e+01;2.8613436e-01;6.2500000e+01;2.6800376e-01;6.2500000e+01;2.3317429e-01;6.2500000e+01;1.8880139e-01;6.2500000e+01;1.3735677e-01;6.2500000e+01;8.9843959e-02;6.2500000e+01;4.8391327e-02;6.2500000e+01;4.4617048e-03;6.2500000e+01;1.8464126e-02;6.2500000e+01;3.7250720e-02;6.2500000e+01;6.1614323e-02;6.2500000e+01;9.0498909e-02;6.2500000e+01;1.2102748e-01;6.2500000e+01;1.5411951e-01;6.2500000e+01;1.8793827e-01;6.2500000e+01;2.2674042e-01;6.2500000e+01;2.6205322e-01;6.2500000e+01;2.8440914e-01;6.2500000e+01;2.8613436e-01;6.2500000e+01;2.6800376e-01;6.2500000e+01;2.3317429e-01;6.2500000e+01;1.8880139e-01;6.2500000e+01;1.3735677e-01;6.2500000e+01;8.9843959e-02;6.2500000e+01;4.8391327e-02;6.2500000e+01;4.4617048e-03;6.2500000e+01;1.8464126e-02;6.2500000e+01;3.7250720e-02;6.2500000e+01;6.1614323e-02;6.2500000e+01;9.0498909e-02;6.2500000e+01;1.2102748e-01;6.2500000e+01;1.5411951e-01;6.2500000e+01;1.8793827e-01;6.2500000e+01;2.2674042e-01;6.2500000e+01;2.6205322e-01;6.2500000e+01;2.8440914e-01;6.2500000e+01;2.8613436e-01;6.2500000e+01;2.6800376e-01;6.2500000e+01;2.3317429e-01;6.2500000e+01;1.8880139e-01;6.2500000e+01;1.3735677e-01;6.2500000e+01;8.9843959e-02;6.2500000e+01;4.8391327e-02;6.2500000e+01;4.4617048e-03;6.2500000e+01;1.8464126e-02;6.2500000e+01;3.7250720e-02;6.2500000e+01;6.1614323e-02;6.2500000e+01;9.0498909e-02;6.2500000e+01;1.2102748e-01;6.2500000e+01;1.5411951e-01;6.2500000e+01;1.8793827e-01;6.2500000e+01;2.2674042e-01;6.2500000e+01;2.6205322e-01;6.2500000e+01;2.8440914e-01;6.2500000e+01;2.8613436e-01;6.2500000e+01;2.6800376e-01;6.2500000e+01;2.3317429e-01;6.2500000e+01;1.8880139e-01;6.2500000e+01;1.3735677e-01;6.2500000e+01;8.9843959e-02;6.2500000e+01;4.8391327e-02;6.2500000e+01;4.4617048e-03;6.2500000e+01;1.8464126e-02;6.2500000e+01;3.7250720e-02;6.2500000e+01;6.1614323e-02;6.2500000e+01;9.0498909e-02;6.2500000e+01;1.2102748e-01;6.2500000e+01;1.5411951e-01;6.2500000e+01;1.8793827e-01;6.2500000e+01;2.2674042e-01;6.2500000e+01;2.6205322e-01;6.2500000e+01;2.8440914e-01;6.2500000e+01;2.8613436e-01;6.2500000e+01;2.6800376e-01;6.2500000e+01;2.3317429e-01;6.2500000e+01;1.8880139e-01;6.2500000e+01;1.3735677e-01;6.2500000e+01;8.9843959e-02;6.2500000e+01;4.8391327e-02;6.2500000e+01;4.4617048e-03;6.2500000e+01;1.8464126e-02;6.2500000e+01;3.7250720e-02;6.2500000e+01;6.1614323e-02;6.2500000e+01;9.0498909e-02;6.2500000e+01;1.2102748e-01;6.2500000e+01;1.5411951e-01;6.2500000e+01;1.8793827e-01;6.2500000e+01;2.2674042e-01;6.2500000e+01;2.6205322e-01;6.2500000e+01;2.8440914e-01;6.2500000e+01;2.8613436e-01;6.2500000e+01;2.6800376e-01;6.2500000e+01;2.3317429e-01;6.2500000e+01;1.8880139e-01;6.2500000e+01;1.3735677e-01;6.2500000e+01;8.9843959e-02;6.2500000e+01;4.8391327e-02;6.2500000e+01;4.4617048e-03;6.2500000e+01;1.8464126e-02;6.2500000e+01;3.7250720e-02;6.2500000e+01;6.1614323e-02;6.2500000e+01;9.0498909e-02;6.2500000e+01;1.2102748e-01;6.2500000e+01;1.5411951e-01;6.2500000e+01;1.8793827e-01;6.2500000e+01;2.2674042e-01;6.2500000e+01;2.6205322e-01;6.2500000e+01;2.8440914e-01;6.2500000e+01;2.8613436e-01;6.2500000e+01;2.6800376e-01;6.2500000e+01;2.3317429e-01;6.2500000e+01;1.8880139e-01;6.2500000e+01;1.3735677e-01;6.2500000e+01;8.9843959e-02;6.2500000e+01;4.8391327e-02;6.2500000e+01;4.4617048e-03;6.2500000e+01;1.8464126e-02;6.2500000e+01;3.7250720e-02;6.2500000e+01;6.1614323e-02;6.2500000e+01;9.0498909e-02;6.2500000e+01;1.2102748e-01;6.2500000e+01;1.5411951e-01;6.2500000e+01;1.8793827e-01;6.2500000e+01;2.2674042e-01;6.2500000e+01;2.6205322e-01;6.2500000e+01;2.8440914e-01;6.2500000e+01;2.8613436e-01;6.2500000e+01;2.6800376e-01;6.2500000e+01;2.3317429e-01;6.2500000e+01;1.8880139e-01;6.2500000e+01;1.3735677e-01;6.2500000e+01;8.9843959e-02;6.2500000e+01;4.8391327e-02;6.2500000e+01;4.4617048e-03;6.2500000e+01;1.8464126e-02;6.2500000e+01;3.7250720e-02;6.2500000e+01;6.1614323e-02;6.2500000e+01;9.0498909e-02;6.2500000e+01;1.2102748e-01;6.2500000e+01;1.5411951e-01;6.2500000e+01;1.8793827e-01;6.2500000e+01;2.2674042e-01;6.2500000e+01;2.6205322e-01;6.2500000e+01;2.8440914e-01;6.2500000e+01;2.8613436e-01;6.2500000e+01;2.6800376e-01;6.2500000e+01;2.3317429e-01;6.2500000e+01;1.8880139e-01;6.2500000e+01;1.3735677e-01;6.2500000e+01;8.9843959e-02;6.2500000e+01;4.8391327e-02;6.2500000e+01;4.4617048e-03;6.2500000e+01;1.8464126e-02;6.2500000e+01;3.7250720e-02;6.2500000e+01;6.1614323e-02;6.2500000e+01;9.0498909e-02;6.2500000e+01;1.2102748e-01;6.2500000e+01;1.5411951e-01;6.2500000e+01;1.8793827e-01;6.2500000e+01;2.2674042e-01;6.2500000e+01;2.6205322e-01;6.2500000e+01;2.8440914e-01;6.2500000e+01;2.8613436e-01;6.2500000e+01;2.6800376e-01;6.2500000e+01;2.3317429e-01;6.2500000e+01;1.8880139e-01;6.2500000e+01;1.3735677e-01;6.2500000e+01;8.9843959e-02;6.2500000e+01;4.8391327e-02;6.2500000e+01;4.4617048e-03;6.2500000e+01;1.8464126e-02;6.2500000e+01;3.7250720e-02;6.2500000e+01;6.1614323e-02;6.2500000e+01;9.0498909e-02;6.2500000e+01;1.2102748e-01;6.2500000e+01;1.5411951e-01;6.2500000e+01;1.8793827e-01;6.2500000e+01;2.2674042e-01;6.2500000e+01;2.6205322e-01;6.2500000e+01;2.8440914e-01;6.2500000e+01;2.8613436e-01;6.2500000e+01;2.6800376e-01;6.2500000e+01;2.3317429e-01;6.2500000e+01;1.8880139e-01;6.2500000e+01;1.3735677e-01;6.2500000e+01;8.9843959e-02;6.2500000e+01;4.8391327e-02;6.2500000e+01;4.4617048e-03;6.2500000e+01;1.8464126e-02;6.2500000e+01;3.7250720e-02;6.2500000e+01;6.1614323e-02;6.2500000e+01;9.0498909e-02;6.2500000e+01;1.2102748e-01;6.2500000e+01;1.5411951e-01;6.2500000e+01;1.8793827e-01;6.2500000e+01;2.2674042e-01;6.2500000e+01;2.6205322e-01;6.2500000e+01;2.8440914e-01;6.2500000e+01;2.8613436e-01;6.2500000e+01;2.6800376e-01;6.2500000e+01;2.3317429e-01;6.2500000e+01;1.8880139e-01;6.2500000e+01;1.3735677e-01;6.2500000e+01;8.9843959e-02;6.2500000e+01;4.8391327e-02;6.2500000e+01;4.4617048e-03;6.2500000e+01;1.8464126e-02;6.2500000e+01;3.7250720e-02;6.2500000e+01;6.1614323e-02;6.2500000e+01;9.0498909e-02;6.2500000e+01;1.2102748e-01;6.2500000e+01;1.5411951e-01;6.2500000e+01;1.8793827e-01;6.2500000e+01;2.2674042e-01;6.2500000e+01;2.6205322e-01;6.2500000e+01;2.8440914e-01;6.2500000e+01;2.8613436e-01;6.2500000e+01;2.6800376e-01;6.2500000e+01;2.3317429e-01;6.2500000e+01;1.8880139e-01;6.2500000e+01;1.3735677e-01;6.2500000e+01;8.9843959e-02;6.2500000e+01;4.8391327e-02;6.2500000e+01;4.4617048e-03;6.2500000e+01;1.8464126e-02;6.2500000e+01;3.7250720e-02;6.2500000e+01;6.1614323e-02;6.2500000e+01;9.0498909e-02;6.2500000e+01;1.2102748e-01;6.2500000e+01;1.5411951e-01;6.2500000e+01;1.8793827e-01;6.2500000e+01;2.2674042e-01;6.2500000e+01;2.6205322e-01;6.2500000e+01;2.8440914e-01;6.2500000e+01;2.8613436e-01;6.2500000e+01;2.6800376e-01;6.2500000e+01;2.3317429e-01;6.2500000e+01;1.8880139e-01;6.2500000e+01;1.3735677e-01;6.2500000e+01;8.9843959e-02;6.2500000e+01;4.8391327e-02;6.2500000e+01;4.4617048e-03;6.2500000e+01;1.8464126e-02;6.2500000e+01;3.7250720e-02;6.2500000e+01;6.1614323e-02;6.2500000e+01;9.0498909e-02;6.2500000e+01;1.2102748e-01;6.2500000e+01;1.5411951e-01;6.2500000e+01;1.8793827e-01;6.2500000e+01;2.2674042e-01;6.2500000e+01;2.6205322e-01;6.2500000e+01;2.8440914e-01;6.2500000e+01;2.8613436e-01;6.2500000e+01;2.6800376e-01;6.2500000e+01;2.3317429e-01;6.2500000e+01;1.8880139e-01;6.2500000e+01;1.3735677e-01;6.2500000e+01;8.9843959e-02;6.2500000e+01;4.8391327e-02;6.2500000e+01;4.4617048e-03;6.2500000e+01;1.8464126e-02;6.2500000e+01;3.7250720e-02;6.2500000e+01;6.1614323e-02;6.2500000e+01;9.0498909e-02;6.2500000e+01;1.2102748e-01;6.2500000e+01;1.5411951e-01;6.2500000e+01;1.8793827e-01;6.2500000e+01;2.2674042e-01;6.2500000e+01;2.6205322e-01;6.2500000e+01;2.8440914e-01;6.2500000e+01;2.8613436e-01;6.2500000e+01;2.6800376e-01;6.2500000e+01;2.3317429e-01;6.2500000e+01;1.8880139e-01;6.2500000e+01;1.3735677e-01;6.2500000e+01;8.9843959e-02;6.2500000e+01;4.8391327e-02;6.2500000e+01;4.4617048e-03;6.2500000e+01;1.8464126e-02;6.2500000e+01;3.7250720e-02;6.2500000e+01;6.1614323e-02;6.2500000e+01;9.0498909e-02;6.2500000e+01;1.2102748e-01;6.2500000e+01;1.5411951e-01;6.2500000e+01;1.8793827e-01;6.2500000e+01;2.2674042e-01;6.2500000e+01;2.6205322e-01;6.2500000e+01;2.8440914e-01;6.2500000e+01;2.8613436e-01;6.2500000e+01;2.6800376e-01;6.2500000e+01;2.3317429e-01;6.2500000e+01;1.8880139e-01;6.2500000e+01;1.3735677e-01;6.2500000e+01;8.9843959e-02;6.2500000e+01;4.8391327e-02
6.7500000e+01;3.7412937e-03;6.7500000e+01;1.8334825e-02;6.7500000e+01;3.6930159e-02;6.7500000e+01;6.1277397e-02;6.7500000e+01;8.9511193e-02;6.7500000e+01;1.2002052e-01;6.7500000e+01;1.5223294e-01;6.7500000e+01;1.8930268e-01;6.7500000e+01;2.2670817e-01;6.7500000e+01;2.5688857e-01;6.7500000e+01;2.7640617e-01;6.7500000e+01;2.8188735e-01;6.7500000e+01;2.6975003e-01;6.7500000e+01;2.3730175e-01;6.7500000e+01;1.9289251e-01;6.7500000e+01;1.4017588e-01;6.7500000e+01;9.0415612e-02;6.7500000e+01;4.7270216e-02;6.7500000e+01;3.7412937e-03;6.7500000e+01;1.8334825e-02;6.7500000e+01;3.6930159e-02;6.7500000e+01;6.1277397e-02;6.7500000e+01;8.9511193e-02;6.7500000e+01;1.2002052e-01;6.7500000e+01;1.5223294e-01;6.7500000e+01;1.8930268e-01;6.7500000e+01;2.2670817e-01;6.7500000e+01;2.5688857e-01;6.7500000e+01;2.7640617e-01;6.7500000e+01;2.8188735e-01;6.7500000e+01;2.6975003e-01;6.7500000e+01;2.3730175e-01;6.7500000e+01;1.9289251e-01;6.7500000e+01;1.4017588e-01;6.7500000e+01;9.0415612e-02;6.7500000e+01;4.7270216e-02;6.7500000e+01;3.7412937e-03;6.7500000e+01;1.8334825e-02;6.7500000e+01;3.6930159e-02;6.7500000e+01;6.1277397e-02;6.7500000e+01;8.9511193e-02;6.7500000e+01;1.2002052e-01;6.7500000e+01;1.5223294e-01;6.7500000e+01;1.8930268e-01;6.7500000e+01;2.2670817e-01;6.7500000e+01;2.5688857e-01;6.7500000e+01;2.7640617e-01;6.7500000e+01;2.8188735e-01;6.7500000e+01;2.6975003e-01;6.7500000e+01;2.3730175e-01;6.7500000e+01;1.9289251e-01;6.7500000e+01;1.4017588e-01;6.7500000e+01;9.0415612e-02;6.7500000e+01;4.7270216e-02;6.7500000e+01;3.7412937e-03;6.7500000e+01;1.8334825e-02;6.7500000e+01;3.6930159e-02;6.7500000e+01;6.1277397e-02;6.7500000e+01;8.9511193e-02;6.7500000e+01;1.2002052e-01;6.7500000e+01;1.5223294e-01;6.7500000e+01;1.8930268e-01;6.7500000e+01;2.2670817e-01;6.7500000e+01;2.5688857e-01;6.7500000e+01;2.7640617e-01;6.7500000e+01;2.8188735e-01;6.7500000e+01;2.6975003e-01;6.7500000e+01;2.3730175e-01;6.7500000e+01;1.9289251e-01;6.7500000e+01;1.4017588e-01;6.7500000e+01;9.0415612e-02;6.7500000e+01;4.7270216e-02;6.7500000e+01;3.7412937e-03;6.7500000e+01;1.8334825e-02;6.7500000e+01;3.6930159e-02;6.7500000e+01;6.1277397e-02;6.7500000e+01;8.9511193e-02;6.7500000e+01;1.2002052e-01;6.7500000e+01;1.5223294e-01;6.7500000e+01;1.8930268e-01;6.7500000e+01;2.2670817e-01;6.7500000e+01;2.5688857e-01;6.7500000e+01;2.7640617e-01;6.7500000e+01;2.8188735e-01;6.7500000e+01;2.6975003e-01;6.7500000e+01;2.3730175e-01;6.7500000e+01;1.9289251e-01;6.7500000e+01;1.4017588e-01;6.7500000e+01;9.0415612e-02;6.7500000e+01;4.7270216e-02;6.7500000e+01;3.7412937e-03;6.7500000e+01;1.8334825e-02;6.7500000e+01;3.6930159e-02;6.7500000e+01;6.1277397e-02;6.7500000e+01;8.9511193e-02;6.7500000e+01;1.2002052e-01;6.7500000e+01;1.5223294e-01;6.7500000e+01;1.8930268e-01;6.7500000e+01;2.2670817e-01;6.7500000e+01;2.5688857e-01;6.7500000e+01;2.7640617e-01;6.7500000e+01;2.8188735e-01;6.7500000e+01;2.6975003e-01;6.7500000e+01;2.3730175e-01;6.7500000e+01;1.9289251e-01;6.7500000e+01;1.4017588e-01;6.7500000e+01;9.0415612e-02;6.7500000e+01;4.7270216e-02;6.7500000e+01;3.7412937e-03;6.7500000e+01;1.8334825e-02;6.7500000e+01;3.6930159e-02;6.7500000e+01;6.1277397e-02;6.7500000e+01;8.9511193e-02;6.7500000e+01;1.2002052e-01;6.7500000e+01;1.5223294e-01;6.7500000e+01;1.8930268e-01;6.7500000e+01;2.2670817e-01;6.7500000e+01;2.5688857e-01;6.7500000e+01;2.7640617e-01;6.7500000e+01;2.8188735e-01;6.7500000e+01;2.6975003e-01;6.7500000e+01;2.3730175e-01;6.7500000e+01;1.9289251e-01;6.7500000e+01;1.4017588e-01;6.7500000e+01;9.0415612e-02;6.7500000e+01;4.7270216e-02;6.7500000e+01;3.7412937e-03;6.7500000e+01;1.8334825e-02;6.7500000e+01;3.6930159e-02;6.7500000e+01;6.1277397e-02;6.7500000e+01;8.9511193e-02;6.7500000e+01;1.2002052e-01;6.7500000e+01;1.5223294e-01;6.7500000e+01;1.8930268e-01;6.7500000e+01;2.2670817e-01;6.7500000e+01;2.5688857e-01;6.7500000e+01;2.7640617e-01;6.7500000e+01;2.8188735e-01;6.7500000e+01;2.6975003e-01;6.7500000e+01;2.3730175e-01;6.7500000e+01;1.9289251e-01;6.7500000e+01;1.4017588e-01;6.7500000e+01;9.0415612e-02;6.7500000e+01;4.7270216e-02;6.7500000e+01;3.7412937e-03;6.7500000e+01;1.8334825e-02;6.7500000e+01;3.6930159e-02;6.7500000e+01;6.1277397e-02;6.7500000e+01;8.9511193e-02;6.7500000e+01;1.2002052e-01;6.7500000e+01;1.5223294e-01;6.7500000e+01;1.8930268e-01;6.7500000e+01;2.2670817e-01;6.7500000e+01;2.5688857e-01;6.7500000e+01;2.7640617e-01;6.7500000e+01;2.8188735e-01;6.7500000e+01;2.6975003e-01;6.7500000e+01;2.3730175e-01;6.7500000e+01;1.9289251e-01;6.7500000e+01;1.4017588e-01;6.7500000e+01;9.0415612e-02;6.7500000e+01;4.7270216e-02;6.7500000e+01;3.7412937e-03;6.7500000e+01;1.8334825e-02;6.7500000e+01;3.6930159e-02;6.7500000e+01;6.1277397e-02;6.7500000e+01;8.9511193e-02;6.7500000e+01;1.2002052e-01;6.7500000e+01;1.5223294e-01;6.7500000e+01;1.8930268e-01;6.7500000e+01;2.2670817e-01;6.7500000e+01;2.5688857e-01;6.7500000e+01;2.7640617e-01;6.7500000e+01;2.8188735e-01;6.7500000e+01;2.6975003e-01;6.7500000e+01;2.3730175e-01;6.7500000e+01;1.9289251e-01;6.7500000e+01;1.4017588e-01;6.7500000e+01;9.0415612e-02;6.7500000e+01;4.7270216e-02;6.7500000e+01;3.7412937e-03;6.7500000e+01;1.8334825e-02;6.7500000e+01;3.6930159e-02;6.7500000e+01;6.1277397e-02;6.7500000e+01;8.9511193e-02;6.7500000e+01;1.2002052e-01;6.7500000e+01;1.5223294e-01;6.7500000e+01;1.8930268e-01;6.7500000e+01;2.2670817e-01;6.7500000e+01;2.5688857e-01;6.7500000e+01;2.7640617e-01;6.7500000e+01;2.8188735e-01;6.7500000e+01;2.6975003e-01;6.7500000e+01;2.3730175e-01;6.7500000e+01;1.9289251e-01;6.7500000e+01;1.4017588e-01;6.7500000e+01;9.0415612e-02;6.7500000e+01;4.7270216e-02;6.7500000e+01;3.7412937e-03;6.7500000e+01;1.8334825e-02;6.7500000e+01;3.6930159e-02;6.7500000e+01;6.1277397e-02;6.7500000e+01;8.9511193e-02;6.7500000e+01;1.2002052e-01;6.7500000e+01;1.5223294e-01;6.7500000e+01;1.8930268e-01;6.7500000e+01;2.2670817e-01;6.7500000e+01;2.5688857e-01;6.7500000e+01;2.7640617e-01;6.7500000e+01;2.8188735e-01;6.7500000e+01;2.6975003e-01;6.7500000e+01;2.3730175e-01;6.7500000e+01;1.9289251e-01;6.7500000e+01;1.4017588e-01;6.7500000e+01;9.0415612e-02;6.7500000e+01;4.7270216e-02;6.7500000e+01;3.7412937e-03;6.7500000e+01;1.8334825e-02;6.7500000e+01;3.6930159e-02;6.7500000e+01;6.1277397e-02;6.7500000e+01;8.9511193e-02;6.7500000e+01;1.2002052e-01;6.7500000e+01;1.5223294e-01;6.7500000e+01;1.8930268e-01;6.7500000e+01;2.2670817e-01;6.7500000e+01;2.5688857e-01;6.7500000e+01;2.7640617e-01;6.7500000e+01;2.8188735e-01;6.7500000e+01;2.6975003e-01;6.7500000e+01;2.3730175e-01;6.7500000e+01;1.9289251e-01;6.7500000e+01;1.4017588e-01;6.7500000e+01;9.0415612e-02;6.7500000e+01;4.7270216e-02;6.7500000e+01;3.7412937e-03;6.7500000e+01;1.8334825e-02;6.7500000e+01;3.6930159e-02;6.7500000e+01;6.1277397e-02;6.7500000e+01;8.9511193e-02;6.7500000e+01;1.2002052e-01;6.7500000e+01;1.5223294e-01;6.7500000e+01;1.8930268e-01;6.7500000e+01;2.2670817e-01;6.7500000e+01;2.5688857e-01;6.7500000e+01;2.7640617e-01;6.7500000e+01;2.8188735e-01;6.7500000e+01;2.6975003e-01;6.7500000e+01;2.3730175e-01;6.7500000e+01;1.9289251e-01;6.7500000e+01;1.4017588e-01;6.7500000e+01;9.0415612e-02;6.7500000e+01;4.7270216e-02;6.7500000e+01;3.7412937e-03;6.7500000e+01;1.8334825e-02;6.7500000e+01;3.6930159e-02;6.7500000e+01;6.1277397e-02;6.7500000e+01;8.9511193e-02;6.7500000e+01;1.2002052e-01;6.7500000e+01;1.5223294e-01;6.7500000e+01;1.8930268e-01;6.7500000e+01;2.2670817e-01;6.7500000e+01;2.5688857e-01;6.7500000e+01;2.7640617e-01;6.7500000e+01;2.8188735e-01;6.7500000e+01;2.6975003e-01;6.7500000e+01;2.3730175e-01;6.7500000e+01;1.9289251e-01;6.7500000e+01;1.4017588e-01;6.7500000e+01;9.0415612e-02;6.7500000e+01;4.7270216e-02;6.7500000e+01;3.7412937e-03;6.7500000e+01;1.8334825e-02;6.7500000e+01;3.6930159e-02;6.7500000e+01;6.1277397e-02;6.7500000e+01;8.9511193e-02;6.7500000e+01;1.2002052e-01;6.7500000e+01;1.5223294e-01;6.7500000e+01;1.8930268e-01;6.7500000e+01;2.2670817e-01;6.7500000e+01;2.5688857e-01;6.7500000e+01;2.7640617e-01;6.7500000e+01;2.8188735e-01;6.7500000e+01;2.6975003e-01;6.7500000e+01;2.3730175e-01;6.7500000e+01;1.9289251e-01;6.7500000e+01;1.4017588e-01;6.7500000e+01;9.0415612e-02;6.7500000e+01;4.7270216e-02;6.7500000e+01;3.7412937e-03;6.7500000e+01;1.8334825e-02;6.7500000e+01;3.6930159e-02;6.7500000e+01;6.1277397e-02;6.7500000e+01;8.9511193e-02;6.7500000e+01;1.2002052e-01;6.7500000e+01;1.5223294e-01;6.7500000e+01;1.8930268e-01;6.7500000e+01;2.2670817e-01;6.7500000e+01;2.5688857e-01;6.7500000e+01;2.7640617e-01;6.7500000e+01;2.8188735e-01;6.7500000e+01;2.6975003e-01;6.7500000e+01;2.3730175e-01;6.7500000e+01;1.9289251e-01;6.7500000e+01;1.4017588e-01;6.7500000e+01;9.0415612e-02;6.7500000e+01;4.7270216e-02;6.7500000e+01;3.7412937e-03;6.7500000e+01;1.8334825e-02;6.7500000e+01;3.6930159e-02;6.7500000e+01;6.1277397e-02;6.7500000e+01;8.9511193e-02;6.7500000e+01;1.2002052e-01;6.7500000e+01;1.5223294e-01;6.7500000e+01;1.8930268e-01;6.7500000e+01;2.2670817e-01;6.7500000e+01;2.5688857e-01;6.7500000e+01;2.7640617e-01;6.7500000e+01;2.8188735e-01;6.7500000e+01;2.6975003e-01;6.7500000e+01;2.3730175e-01;6.7500000e+01;1.9289251e-01;6.7500000e+01;1.4017588e-01;6.7500000e+01;9.0415612e-02;6.7500000e+01;4.7270216e-02;6.7500000e+01;3.7412937e-03;6.7500000e+01;1.8334825e-02;6.7500000e+01;3.6930159e-02;6.7500000e+01;6.1277397e-02;6.7500000e+01;8.9511193e-02;6.7500000e+01;1.2002052e-01;6.7500000e+01;1.5223294e-01;6.7500000e+01;1.8930268e-01;6.7500000e+01;2.2670817e-01;6.7500000e+01;2.5688857e-01;6.7500000e+01;2.7640617e-01;6.7500000e+01;2.8188735e-01;6.7500000e+01;2.6975003e-01;6.7500000e+01;2.3730175e-01;6.7500000e+01;1.9289251e-01;6.7500000e+01;1.4017588e-01;6.7500000e+01;9.0415612e-02;6.7500000e+01;4.7270216e-02;6.7500000e+01;3.7412937e-03;6.7500000e+01;1.8334825e-02;6.7500000e+01;3.6930159e-02;6.7500000e+01;6.1277397e-02;6.7500000e+01;8.9511193e-02;6.7500000e+01;1.2002052e-01;6.7500000e+01;1.5223294e-01;6.7500000e+01;1.8930268e-01;6.7500000e+01;2.2670817e-01;6.7500000e+01;2.5688857e-01;6.7500000e+01;2.7640617e-01;6.7500000e+01;2.8188735e-01;6.7500000e+01;2.6975003e-01;6.7500000e+01;2.3730175e-01;6.7500000e+01;1.9289251e-01;6.7500000e+01;1.4017588e-01;6.7500000e+01;9.0415612e-02;6.7500000e+01;4.7270216e-02;6.7500000e+01;3.7412937e-03;6.7500000e+01;1.8334825e-02;6.7500000e+01;3.6930159e-02;6.7500000e+01;6.1277397e-02;6.7500000e+01;8.9511193e-02;6.7500000e+01;1.2002052e-01;6.7500000e+01;1.5223294e-01;6.7500000e+01;1.8930268e-01;6.7500000e+01;2.2670817e-01;6.7500000e+01;2.5688857e-01;6.7500000e+01;2.7640617e-01;6.7500000e+01;2.8188735e-01;6.7500000e+01;2.6975003e-01;6.7500000e+01;2.3730175e-01;6.7500000e+01;1.9289251e-01;6.7500000e+01;1.4017588e-01;6.7500000e+01;9.0415612e-02;6.7500000e+01;4.7270216e-02;6.7500000e+01;3.7412937e-03;6.7500000e+01;1.8334825e-02;6.7500000e+01;3.6930159e-02;6.7500000e+01;6.1277397e-02;6.7500000e+01;8.9511193e-02;6.7500000e+01;1.2002052e-01;6.7500000e+01;1.5223294e-01;6.7500000e+01;1.8930268e-01;6.7500000e+01;2.2670817e-01;6.7500000e+01;2.5688857e-01;6.7500000e+01;2.7640617e-01;6.7500000e+01;2.8188735e-01;6.7500000e+01;2.6975003e-01;6.7500000e+01;2.3730175e-01;6.7500000e+01;1.9289251e-01;6.7500000e+01;1.4017588e-01;6.7500000e+01;9.0415612e-02;6.7500000e+01;4.7270216e-02;6.7500000e+01;3.7412937e-03;6.7500000e+01;1.8334825e-02;6.7500000e+01;3.6930159e-02;6.7500000e+01;6.1277397e-02;6.7500000e+01;8.9511193e-02;6.7500000e+01;1.2002052e-01;6.7500000e+01;1.5223294e-01;6.7500000e+01;1.8930268e-01;6.7500000e+01;2.2670817e-01;6.7500000e+01;2.5688857e-01;6.7500000e+01;2.7640617e-01;6.7500000e+01;2.8188735e-01;6.7500000e+01;2.6975003e-01;6.7500000e+01;2.3730175e-01;6.7500000e+01;1.9289251e-01;6.7500000e+01;1.4017588e-01;6.7500000e+01;9.0415612e-02;6.7500000e+01;4.7270216e-02;6.7500000e+01;3.7412937e-03;6.7500000e+01;1.8334825e-02;6.7500000e+01;3.6930159e-02;6.7500000e+01;6.1277397e-02;6.7500000e+01;8.9511193e-02;6.7500000e+01;1.2002052e-01;6.7500000e+01;1.5223294e-01;6.7500000e+01;1.8930268e-01;6.7500000e+01;2.2670817e-01;6.7500000e+01;2.5688857e-01;6.7500000e+01;2.7640617e-01;6.7500000e+01;2.8188735e-01;6.7500000e+01;2.6975003e-01;6.7500000e+01;2.3730175e-01;6.7500000e+01;1.9289251e-01;6.7500000e+01;1.4017588e-01;6.7500000e+01;9.0415612e-02;6.7500000e+01;4.7270216e-02;6.7500000e+01;3.7412937e-03;6.7500000e+01;1.8334825e-02;6.7500000e+01;3.6930159e-02;6.7500000e+01;6.1277397e-02;6.7500000e+01;8.9511193e-02;6.7500000e+01;1.2002052e-01;6.7500000e+01;1.5223294e-01;6.7500000e+01;1.8930268e-01;6.7500000e+01;2.2670817e-01;6.7500000e+01;2.5688857e-01;6.7500000e+01;2.7640617e-01;6.7500000e+01;2.8188735e-01;6.7500000e+01;2.6975003e-01;6.7500000e+01;2.3730175e-01;6.7500000e+01;1.9289251e-01;6.7500000e+01;1.4017588e-01;6.7500000e+01;9.0415612e-02;6.7500000e+01;4.7270216e-02;6.7500000e+01;3.7412937e-03;6.7500000e+01;1.8334825e-02;6.7500000e+01;3.6930159e-02;6.7500000e+01;6.1277397e-02;6.7500000e+01;8.9511193e-02;6.7500000e+01;1.2002052e-01;6.7500000e+01;1.5223294e-01;6.7500000e+01;1.8930268e-01;6.7500000e+01;2.2670817e-01;6.7500000e+01;2.5688857e-01;6.7500000e+01;2.7640617e-01;6.7500000e+01;2.8188735e-01;6.7500000e+01;2.6975003e-01;6.7500000e+01;2.3730175e-01;6.7500000e+01;1.9289251e-01;6.7500000e+01;1.4017588e-01;6.7500000e+01;9.0415612e-02;6.7500000e+01;4.7270216e-02;6.7500000e+01;3.7412937e-03;6.7500000e+01;1.8334825e-02;6.7500000e+01;3.6930159e-02;6.7500000e+01;6.1277397e-02;6.7500000e+01;8.9511193e-02;6.7500000e+01;1.2002052e-01;6.7500000e+01;1.5223294e-01;6.7500000e+01;1.8930268e-01;6.7500000e+01;2.2670817e-01;6.7500000e+01;2.5688857e-01;6.7500000e+01;2.7640617e-01;6.7500000e+01;2.8188735e-01;6.7500000e+01;2.6975003e-01;6.7500000e+01;2.3730175e-01;6.7500000e+01;1.9289251e-01;6.7500000e+01;1.4017588e-01;6.7500000e+01;9.0415612e-02;6.7500000e+01;4.7270216e-02;6.7500000e+01;3.7412937e-03;6.7500000e+01;1.8334825e-02;6.7500000e+01;3.6930159e-02;6.7500000e+01;6.1277397e-02;6.7500000e+01;8.9511193e-02;6.7500000e+01;1.2002052e-01;6.7500000e+01;1.5223294e-01;6.7500000e+01;1.8930268e-01;6.7500000e+01;2.2670817e-01;6.7500000e+01;2.5688857e-01;6.7500000e+01;2.7640617e-01;6.7500000e+01;2.8188735e-01;6.7500000e+01;2.6975003e-01;6.7500000e+01;2.3730175e-01;6.7500000e+01;1.9289251e-01;6.7500000e+01;1.4017588e-01;6.7500000e+01;9.0415612e-02;6.7500000e+01;4.7270216e-02;6.7500000e+01;3.7412937e-03;6.7500000e+01;1.8334825e-02;6.7500000e+01;3.6930159e-02;6.7500000e+01;6.1277397e-02;6.7500000e+01;8.9511193e-02;6.7500000e+01;1.2002052e-01;6.7500000e+01;1.5223294e-01;6.7500000e+01;1.8930268e-01;6.7500000e+01;2.2670817e-01;6.7500000e+01;2.5688857e-01;6.7500000e+01;2.7640617e-01;6.7500000e+01;2.8188735e-01;6.7500000e+01;2.6975003e-01;6.7500000e+01;2.3730175e-01;6.7500000e+01;1.9289251e-01;6.7500000e+01;1.4017588e-01;6.7500000e+01;9.0415612e-02;6.7500000e+01;4.7270216e-02;6.7500000e+01;3.7412937e-03;6.7500000e+01;1.8334825e-02;6.7500000e+01;3.6930159e-02;6.7500000e+01;6.1277397e-02;6.7500000e+01;8.9511193e-02;6.7500000e+01;1.2002052e-01;6.7500000e+01;1.5223294e-01;6.7500000e+01;1.8930268e-01;6.7500000e+01;2.2670817e-01;6.7500000e+01;2.5688857e-01;6.7500000e+01;2.7640617e-01;6.7500000e+01;2.8188735e-01;6.7500000e+01;2.6975003e-01;6.7500000e+01;2.3730175e-01;6.7500000e+01;1.9289251e-01;6.7500000e+01;1.4017588e-01;6.7500000e+01;9.0415612e-02;6.7500000e+01;4.7270216e-02;6.7500000e+01;3.7412937e-03;6.7500000e+01;1.8334825e-02;6.7500000e+01;3.6930159e-02;6.7500000e+01;6.1277397e-02;6.7500000e+01;8.9511193e-02;6.7500000e+01;1.2002052e-01;6.7500000e+01;1.5223294e-01;6.7500000e+01;1.8930268e-01;6.7500000e+01;2.2670817e-01;6.7500000e+01;2.5688857e-01;6.7500000e+01;2.7640617e-01;6.7500000e+01;2.8188735e-01;6.7500000e+01;2.6975003e-01;6.7500000e+01;2.3730175e-01;6.7500000e+01;1.9289251e-01;6.7500000e+01;1.4017588e-01;6.7500000e+01;9.0415612e-02;6.7500000e+01;4.7270216e-02;6.7500000e+01;3.7412937e-03;6.7500000e+01;1.8334825e-02;6.7500000e+01;3.6930159e-02;6.7500000e+01;6.1277397e-02;6.7500000e+01;8.9511193e-02;6.7500000e+01;1.2002052e-01;6.7500000e+01;1.5223294e-01;6.7500000e+01;1.8930268e-01;6.7500000e+01;2.2670817e-01;6.7500000e+01;2.5688857e-01;6.7500000e+01;2.7640617e-01;6.7500000e+01;2.8188735e-01;6.7500000e+01;2.6975003e-01;6.7500000e+01;2.3730175e-01;6.7500000e+01;1.9289251e-01;6.7500000e+01;1.4017588e-01;6.7500000e+01;9.0415612e-02;6.7500000e+01;4.7270216e-02;6.7500000e+01;3.7412937e-03;6.7500000e+01;1.8334825e-02;6.7500000e+01;3.6930159e-02;6.7500000e+01;6.1277397e-02;6.7500000e+01;8.9511193e-02;6.7500000e+01;1.2002052e-01;6.7500000e+01;1.5223294e-01;6.7500000e+01;1.8930268e-01;6.7500000e+01;2.2670817e-01;6.7500000e+01;2.5688857e-01;6.7500000e+01;2.7640617e-01;6.7500000e+01;2.8188735e-01;6.7500000e+01;2.6975003e-01;6.7500000e+01;2.3730175e-01;6.7500000e+01;1.9289251e-01;6.7500000e+01;1.4017588e-01;6.7500000e+01;9.0415612e-02;6.7500000e+01;4.7270216e-02;6.7500000e+01;3.7412937e-03;6.7500000e+01;1.8334825e-02;6.7500000e+01;3.6930159e-02;6.7500000e+01;6.1277397e-02;6.7500000e+01;8.9511193e-02;6.7500000e+01;1.2002052e-01;6.7500000e+01;1.5223294e-01;6.7500000e+01;1.8930268e-01;6.7500000e+01;2.2670817e-01;6.7500000e+01;2.5688857e-01;6.7500000e+01;2.7640617e-01;6.7500000e+01;2.8188735e-01;6.7500000e+01;2.6975003e-01;6.7500000e+01;2.3730175e-01;6.7500000e+01;1.9289251e-01;6.7500000e+01;1.4017588e-01;6.7500000e+01;9.0415612e-02;6.7500000e+01;4.7270216e-02;6.7500000e+01;3.7412937e-03;6.7500000e+01;1.8334825e-02;6.7500000e+01;3.6930159e-02;6.7500000e+01;6.1277397e-02;6.7500000e+01;8.9511193e-02;6.7500000e+01;1.2002052e-01;6.7500000e+01;1.5223294e-01;6.7500000e+01;1.8930268e-01;6.7500000e+01;2.2670817e-01;6.7500000e+01;2.5688857e-01;6.7500000e+01;2.7640617e-01;6.7500000e+01;2.8188735e-01;6.7500000e+01;2.6975003e-01;6.7500000e+01;2.3730175e-01;6.7500000e+01;1.9289251e-01;6.7500000e+01;1.4017588e-01;6.7500000e+01;9.0415612e-02;6.7500000e+01;4.7270216e-02;6.7500000e+01;3.7412937e-03;6.7500000e+01;1.8334825e-02;6.7500000e+01;3.6930159e-02;6.7500000e+01;6.1277397e-02;6.7500000e+01;8.9511193e-02;6.7500000e+01;1.2002052e-01;6.7500000e+01;1.5223294e-01;6.7500000e+01;1.8930268e-01;6.7500000e+01;2.2670817e-01;6.7500000e+01;2.5688857e-01;6.7500000e+01;2.7640617e-01;6.7500000e+01;2.8188735e-01;6.7500000e+01;2.6975003e-01;6.7500000e+01;2.3730175e-01;6.7500000e+01;1.9289251e-01;6.7500000e+01;1.4017588e-01;6.7500000e+01;9.0415612e-02;6.7500000e+01;4.7270216e-02;6.7500000e+01;3.7412937e-03;6.7500000e+01;1.8334825e-02;6.7500000e+01;3.6930159e-02;6.7500000e+01;6.1277397e-02;6.7500000e+01;8.9511193e-02;6.7500000e+01;1.2002052e-01;6.7500000e+01;1.5223294e-01;6.7500000e+01;1.8930268e-01;6.7500000e+01;2.2670817e-01;6.7500000e+01;2.5688857e-01;6.7500000e+01;2.7640617e-01;6.7500000e+01;2.8188735e-01;6.7500000e+01;2.6975003e-01;6.7500000e+01;2.3730175e-01;6.7500000e+01;1.9289251e-01;6.7500000e+01;1.4017588e-01;6.7500000e+01;9.0415612e-02;6.7500000e+01;4.7270216e-02;6.7500000e+01;3.7412937e-03;6.7500000e+01;1.8334825e-02;6.7500000e+01;3.6930159e-02;6.7500000e+01;6.1277397e-02;6.7500000e+01;8.9511193e-02;6.7500000e+01;1.2002052e-01;6.7500000e+01;1.5223294e-01;6.7500000e+01;1.8930268e-01;6.7500000e+01;2.2670817e-01;6.7500000e+01;2.5688857e-01;6.7500000e+01;2.7640617e-01;6.7500000e+01;2.8188735e-01;6.7500000e+01;2.6975003e-01;6.7500000e+01;2.3730175e-01;6.7500000e+01;1.9289251e-01;6.7500000e+01;1.4017588e-01;6.7500000e+01;9.0415612e-02;6.7500000e+01;4.7270216e-02;6.7500000e+01;3.7412937e-03;6.7500000e+01;1.8334825e-02;6.7500000e+01;3.6930159e-02;6.7500000e+01;6.1277397e-02;6.7500000e+01;8.9511193e-02;6.7500000e+01;1.2002052e-01;6.7500000e+01;1.5223294e-01;6.7500000e+01;1.8930268e-01;6.7500000e+01;2.2670817e-01;6.7500000e+01;2.5688857e-01;6.7500000e+01;2.7640617e-01;6.7500000e+01;2.8188735e-01;6.7500000e+01;2.6975003e-01;6.7500000e+01;2.3730175e-01;6.7500000e+01;1.9289251e-01;6.7500000e+01;1.4017588e-01;6.7500000e+01;9.0415612e-02;6.7500000e+01;4.7270216e-02;6.7500000e+01;3.7412937e-03;6.7500000e+01;1.8334825e-02;6.7500000e+01;3.6930159e-02;6.7500000e+01;6.1277397e-02;6.7500000e+01;8.9511193e-02;6.7500000e+01;1.2002052e-01;6.7500000e+01;1.5223294e-01;6.7500000e+01;1.8930268e-01;6.7500000e+01;2.2670817e-01;6.7500000e+01;2.5688857e-01;6.7500000e+01;2.7640617e-01;6.7500000e+01;2.8188735e-01;6.7500000e+01;2.6975003e-01;6.7500000e+01;2.3730175e-01;6.7500000e+01;1.9289251e-01;6.7500000e+01;1.4017588e-01;6.7500000e+01;9.0415612e-02;6.7500000e+01;4.7270216e-02;6.7500000e+01;3.7412937e-03;6.7500000e+01;1.8334825e-02;6.7500000e+01;3.6930159e-02;6.7500000e+01;6.1277397e-02;6.7500000e+01;8.9511193e-02;6.7500000e+01;1.2002052e-01;6.7500000e+01;1.5223294e-01;6.7500000e+01;1.8930268e-01;6.7500000e+01;2.2670817e-01;6.7500000e+01;2.5688857e-01;6.7500000e+01;2.7640617e-01;6.7500000e+01;2.8188735e-01;6.7500000e+01;2.6975003e-01;6.7500000e+01;2.3730175e-01;6.7500000e+01;1.9289251e-01;6.7500000e+01;1.4017588e-01;6.7500000e+01;9.0415612e-02;6.7500000e+01;4.7270216e-02;6.7500000e+01;3.7412937e-03;6.7500000e+01;1.8334825e-02;6.7500000e+01;3.6930159e-02;6.7500000e+01;6.1277397e-02;6.7500000e+01;8.9511193e-02;6.7500000e+01;1.2002052e-01;6.7500000e+01;1.5223294e-01;6.7500000e+01;1.8930268e-01;6.7500000e+01;2.2670817e-01;6.7500000e+01;2.5688857e-01;6.7500000e+01;2.7640617e-01;6.7500000e+01;2.8188735e-01;6.7500000e+01;2.6975003e-01;6.7500000e+01;2.3730175e-01;6.7500000e+01;1.9289251e-01;6.7500000e+01;1.4017588e-01;6.7500000e+01;9.0415612e-02;6.7500000e+01;4.7270216e-02;6.7500000e+01;3.7412937e-03;6.7500000e+01;1.8334825e-02;6.7500000e+01;3.6930159e-02;6.7500000e+01;6.1277397e-02;6.7500000e+01;8.9511193e-02;6.7500000e+01;1.2002052e-01;6.7500000e+01;1.5223294e-01;6.7500000e+01;1.8930268e-01;6.7500000e+01;2.2670817e-01;6.7500000e+01;2.5688857e-01;6.7500000e+01;2.7640617e-01;6.7500000e+01;2.8188735e-01;6.7500000e+01;2.6975003e-01;6.7500000e+01;2.3730175e-01;6.7500000e+01;1.9289251e-01;6.7500000e+01;1.4017588e-01;6.7500000e+01;9.0415612e-02;6.7500000e+01;4.7270216e-02;6.7500000e+01;3.7412937e-03;6.7500000e+01;1.8334825e-02;6.7500000e+01;3.6930159e-02;6.7500000e+01;6.1277397e-02;6.7500000e+01;8.9511193e-02;6.7500000e+01;1.2002052e-01;6.7500000e+01;1.5223294e-01;6.7500000e+01;1.8930268e-01;6.7500000e+01;2.2670817e-01;6.7500000e+01;2.5688857e-01;6.7500000e+01;2.7640617e-01;6.7500000e+01;2.8188735e-01;6.7500000e+01;2.6975003e-01;6.7500000e+01;2.3730175e-01;6.7500000e+01;1.9289251e-01;6.7500000e+01;1.4017588e-01;6.7500000e+01;9.0415612e-02;6.7500000e+01;4.7270216e-02;6.7500000e+01;3.7412937e-03;6.7500000e+01;1.8334825e-02;6.7500000e+01;3.6930159e-02;6.7500000e+01;6.1277397e-02;6.7500000e+01;8.9511193e-02;6.7500000e+01;1.2002052e-01;6.7500000e+01;1.5223294e-01;6.7500000e+01;1.8930268e-01;6.7500000e+01;2.2670817e-01;6.7500000e+01;2.5688857e-01;6.7500000e+01;2.7640617e-01;6.7500000e+01;2.8188735e-01;6.7500000e+01;2.6975003e-01;6.7500000e+01;2.3730175e-01;6.7500000e+01;1.9289251e-01;6.7500000e+01;1.4017588e-01;6.7500000e+01;9.0415612e-02;6.7500000e+01;4.7270216e-02;6.7500000e+01;3.7412937e-03;6.7500000e+01;1.8334825e-02;6.7500000e+01;3.6930159e-02;6.7500000e+01;6.1277397e-02;6.7500000e+01;8.9511193e-02;6.7500000e+01;1.2002052e-01;6.7500000e+01;1.5223294e-01;6.7500000e+01;1.8930268e-01;6.7500000e+01;2.2670817e-01;6.7500000e+01;2.5688857e-01;6.7500000e+01;2.7640617e-01;6.7500000e+01;2.8188735e-01;6.7500000e+01;2.6975003e-01;6.7500000e+01;2.3730175e-01;6.7500000e+01;1.9289251e-01;6.7500000e+01;1.4017588e-01;6.7500000e+01;9.0415612e-02;6.7500000e+01;4.7270216e-02;6.7500000e+01;3.7412937e-03;6.7500000e+01;1.8334825e-02;6.7500000e+01;3.6930159e-02;6.7500000e+01;6.1277397e-02;6.7500000e+01;8.9511193e-02;6.7500000e+01;1.2002052e-01;6.7500000e+01;1.5223294e-01;6.7500000e+01;1.8930268e-01;6.7500000e+01;2.2670817e-01;6.7500000e+01;2.5688857e-01;6.7500000e+01;2.7640617e-01;6.7500000e+01;2.8188735e-01;6.7500000e+01;2.6975003e-01;6.7500000e+01;2.3730175e-01;6.7500000e+01;1.9289251e-01;6.7500000e+01;1.4017588e-01;6.7500000e+01;9.0415612e-02;6.7500000e+01;4.7270216e-02;6.7500000e+01;3.7412937e-03;6.7500000e+01;1.8334825e-02;6.7500000e+01;3.6930159e-02;6.7500000e+01;6.1277397e-02;6.7500000e+01;8.9511193e-02;6.7500000e+01;1.2002052e-01;6.7500000e+01;1.5223294e-01;6.7500000e+01;1.8930268e-01;6.7500000e+01;2.2670817e-01;6.7500000e+01;2.5688857e-01;6.7500000e+01;2.7640617e-01;6.7500000e+01;2.8188735e-01;6.7500000e+01;2.6975003e-01;6.7500000e+01;2.3730175e-01;6.7500000e+01;1.9289251e-01;6.7500000e+01;1.4017588e-01;6.7500000e+01;9.0415612e-02;6.7500000e+01;4.7270216e-02;6.7500000e+01;3.7412937e-03;6.7500000e+01;1.8334825e-02;6.7500000e+01;3.6930159e-02;6.7500000e+01;6.1277397e-02;6.7500000e+01;8.9511193e-02;6.7500000e+01;1.2002052e-01;6.7500000e+01;1.5223294e-01;6.7500000e+01;1.8930268e-01;6.7500000e+01;2.2670817e-01;6.7500000e+01;2.5688857e-01;6.7500000e+01;2.7640617e-01;6.7500000e+01;2.8188735e-01;6.7500000e+01;2.6975003e-01;6.7500000e+01;2.3730175e-01;6.7500000e+01;1.9289251e-01;6.7500000e+01;1.4017588e-01;6.7500000e+01;9.0415612e-02;6.7500000e+01;4.7270216e-02;6.7500000e+01;3.7412937e-03;6.7500000e+01;1.8334825e-02;6.7500000e+01;3.6930159e-02;6.7500000e+01;6.1277397e-02;6.7500000e+01;8.9511193e-02;6.7500000e+01;1.2002052e-01;6.7500000e+01;1.5223294e-01;6.7500000e+01;1.8930268e-01;6.7500000e+01;2.2670817e-01;6.7500000e+01;2.5688857e-01;6.7500000e+01;2.7640617e-01;6.7500000e+01;2.8188735e-01;6.7500000e+01;2.6975003e-01;6.7500000e+01;2.3730175e-01;6.7500000e+01;1.9289251e-01;6.7500000e+01;1.4017588e-01;6.7500000e+01;9.0415612e-02;6.7500000e+01;4.7270216e-02;6.7500000e+01;3.7412937e-03;6.7500000e+01;1.8334825e-02;6.7500000e+01;3.6930159e-02;6.7500000e+01;6.1277397e-02;6.7500000e+01;8.9511193e-02;6.7500000e+01;1.2002052e-01;6.7500000e+01;1.5223294e-01;6.7500000e+01;1.8930268e-01;6.7500000e+01;2.2670817e-01;6.7500000e+01;2.5688857e-01;6.7500000e+01;2.7640617e-01;6.7500000e+01;2.8188735e-01;6.7500000e+01;2.6975003e-01;6.7500000e+01;2.3730175e-01;6.7500000e+01;1.9289251e-01;6.7500000e+01;1.4017588e-01;6.7500000e+01;9.0415612e-02;6.7500000e+01;4.7270216e-02;6.7500000e+01;3.7412937e-03;6.7500000e+01;1.8334825e-02;6.7500000e+01;3.6930159e-02;6.7500000e+01;6.1277397e-02;6.7500000e+01;8.9511193e-02;6.7500000e+01;1.2002052e-01;6.7500000e+01;1.5223294e-01;6.7500000e+01;1.8930268e-01;6.7500000e+01;2.2670817e-01;6.7500000e+01;2.5688857e-01;6.7500000e+01;2.7640617e-01;6.7500000e+01;2.8188735e-01;6.7500000e+01;2.6975003e-01;6.7500000e+01;2.3730175e-01;6.7500000e+01;1.9289251e-01;6.7500000e+01;1.4017588e-01;6.7500000e+01;9.0415612e-02;6.7500000e+01;4.7270216e-02;6.7500000e+01;3.7412937e-03;6.7500000e+01;1.8334825e-02;6.7500000e+01;3.6930159e-02;6.7500000e+01;6.1277397e-02;6.7500000e+01;8.9511193e-02;6.7500000e+01;1.2002052e-01;6.7500000e+01;1.5223294e-01;6.7500000e+01;1.8930268e-01;6.7500000e+01;2.2670817e-01;6.7500000e+01;2.5688857e-01;6.7500000e+01;2.7640617e-01;6.7500000e+01;2.8188735e-01;6.7500000e+01;2.6975003e-01;6.7500000e+01;2.3730175e-01;6.7500000e+01;1.9289251e-01;6.7500000e+01;1.4017588e-01;6.7500000e+01;9.0415612e-02;6.7500000e+01;4.7270216e-02;6.7500000e+01;3.7412937e-03;6.7500000e+01;1.8334825e-02;6.7500000e+01;3.6930159e-02;6.7500000e+01;6.1277397e-02;6.7500000e+01;8.9511193e-02;6.7500000e+01;1.2002052e-01;6.7500000e+01;1.5223294e-01;6.7500000e+01;1.8930268e-01;6.7500000e+01;2.2670817e-01;6.7500000e+01;2.5688857e-01;6.7500000e+01;2.7640617e-01;6.7500000e+01;2.8188735e-01;6.7500000e+01;2.6975003e-01;6.7500000e+01;2.3730175e-01;6.7500000e+01;1.9289251e-01;6.7500000e+01;1.4017588e-01;6.7500000e+01;9.0415612e-02;6.7500000e+01;4.7270216e-02;6.7500000e+01;3.7412937e-03;6.7500000e+01;1.8334825e-02;6.7500000e+01;3.6930159e-02;6.7500000e+01;6.1277397e-02;6.7500000e+01;8.9511193e-02;6.7500000e+01;1.2002052e-01;6.7500000e+01;1.5223294e-01;6.7500000e+01;1.8930268e-01;6.7500000e+01;2.2670817e-01;6.7500000e+01;2.5688857e-01;6.7500000e+01;2.7640617e-01;6.7500000e+01;2.8188735e-01;6.7500000e+01;2.6975003e-01;6.7500000e+01;2.3730175e-01;6.7500000e+01;1.9289251e-01;6.7500000e+01;1.4017588e-01;6.7500000e+01;9.0415612e-02;6.7500000e+01;4.7270216e-02;6.7500000e+01;3.7412937e-03;6.7500000e+01;1.8334825e-02;6.7500000e+01;3.6930159e-02;6.7500000e+01;6.1277397e-02;6.7500000e+01;8.9511193e-02;6.7500000e+01;1.2002052e-01;6.7500000e+01;1.5223294e-01;6.7500000e+01;1.8930268e-01;6.7500000e+01;2.2670817e-01;6.7500000e+01;2.5688857e-01;6.7500000e+01;2.7640617e-01;6.7500000e+01;2.8188735e-01;6.7500000e+01;2.6975003e-01;6.7500000e+01;2.3730175e-01;6.7500000e+01;1.9289251e-01;6.7500000e+01;1.4017588e-01;6.7500000e+01;9.0415612e-02;6.7500000e+01;4.7270216e-02;6.7500000e+01;3.7412937e-03;6.7500000e+01;1.8334825e-02;6.7500000e+01;3.6930159e-02;6.7500000e+01;6.1277397e-02;6.7500000e+01;8.9511193e-02;6.7500000e+01;1.2002052e-01;6.7500000e+01;1.5223294e-01;6.7500000e+01;1.8930268e-01;6.7500000e+01;2.2670817e-01;6.7500000e+01;2.5688857e-01;6.7500000e+01;2.7640617e-01;6.7500000e+01;2.8188735e-01;6.7500000e+01;2.6975003e-01;6.7500000e+01;2.3730175e-01;6.7500000e+01;1.9289251e-01;6.7500000e+01;1.4017588e-01;6.7500000e+01;9.0415612e-02;6.7500000e+01;4.7270216e-02;6.7500000e+01;3.7412937e-03;6.7500000e+01;1.8334825e-02;6.7500000e+01;3.6930159e-02;6.7500000e+01;6.1277397e-02;6.7500000e+01;8.9511193e-02;6.7500000e+01;1.2002052e-01;6.7500000e+01;1.5223294e-01;6.7500000e+01;1.8930268e-01;6.7500000e+01;2.2670817e-01;6.7500000e+01;2.5688857e-01;6.7500000e+01;2.7640617e-01;6.7500000e+01;2.8188735e-01;6.7500000e+01;2.6975003e-01;6.7500000e+01;2.3730175e-01;6.7500000e+01;1.9289251e-01;6.7500000e+01;1.4017588e-01;6.7500000e+01;9.0415612e-02;6.7500000e+01;4.7270216e-02;6.7500000e+01;3.7412937e-03;6.7500000e+01;1.8334825e-02;6.7500000e+01;3.6930159e-02;6.7500000e+01;6.1277397e-02;6.7500000e+01;8.9511193e-02;6.7500000e+01;1.2002052e-01;6.7500000e+01;1.5223294e-01;6.7500000e+01;1.8930268e-01;6.7500000e+01;2.2670817e-01;6.7500000e+01;2.5688857e-01;6.7500000e+01;2.7640617e-01;6.7500000e+01;2.8188735e-01;6.7500000e+01;2.6975003e-01;6.7500000e+01;2.3730175e-01;6.7500000e+01;1.9289251e-01;6.7500000e+01;1.4017588e-01;6.7500000e+01;9.0415612e-02;6.7500000e+01;4.7270216e-02;6.7500000e+01;3.7412937e-03;6.7500000e+01;1.8334825e-02;6.7500000e+01;3.6930159e-02;6.7500000e+01;6.1277397e-02;6.7500000e+01;8.9511193e-02;6.7500000e+01;1.2002052e-01;6.7500000e+01;1.5223294e-01;6.7500000e+01;1.8930268e-01;6.7500000e+01;2.2670817e-01;6.7500000e+01;2.5688857e-01;6.7500000e+01;2.7640617e-01;6.7500000e+01;2.8188735e-01;6.7500000e+01;2.6975003e-01;6.7500000e+01;2.3730175e-01;6.7500000e+01;1.9289251e-01;6.7500000e+01;1.4017588e-01;6.7500000e+01;9.0415612e-02;6.7500000e+01;4.7270216e-02;6.7500000e+01;3.7412937e-03;6.7500000e+01;1.8334825e-02;6.7500000e+01;3.6930159e-02;6.7500000e+01;6.1277397e-02;6.7500000e+01;8.9511193e-02;6.7500000e+01;1.2002052e-01;6.7500000e+01;1.5223294e-01;6.7500000e+01;1.8930268e-01;6.7500000e+01;2.2670817e-01;6.7500000e+01;2.5688857e-01;6.7500000e+01;2.7640617e-01;6.7500000e+01;2.8188735e-01;6.7500000e+01;2.6975003e-01;6.7500000e+01;2.3730175e-01;6.7500000e+01;1.9289251e-01;6.7500000e+01;1.4017588e-01;6.7500000e+01;9.0415612e-02;6.7500000e+01;4.7270216e-02;6.7500000e+01;3.7412937e-03;6.7500000e+01;1.8334825e-02;6.7500000e+01;3.6930159e-02;6.7500000e+01;6.1277397e-02;6.7500000e+01;8.9511193e-02;6.7500000e+01;1.2002052e-01;6.7500000e+01;1.5223294e-01;6.7500000e+01;1.8930268e-01;6.7500000e+01;2.2670817e-01;6.7500000e+01;2.5688857e-01;6.7500000e+01;2.7640617e-01;6.7500000e+01;2.8188735e-01;6.7500000e+01;2.6975003e-01;6.7500000e+01;2.3730175e-01;6.7500000e+01;1.9289251e-01;6.7500000e+01;1.4017588e-01;6.7500000e+01;9.0415612e-02;6.7500000e+01;4.7270216e-02;6.7500000e+01;3.7412937e-03;6.7500000e+01;1.8334825e-02;6.7500000e+01;3.6930159e-02;6.7500000e+01;6.1277397e-02;6.7500000e+01;8.9511193e-02;6.7500000e+01;1.2002052e-01;6.7500000e+01;1.5223294e-01;6.7500000e+01;1.8930268e-01;6.7500000e+01;2.2670817e-01;6.7500000e+01;2.5688857e-01;6.7500000e+01;2.7640617e-01;6.7500000e+01;2.8188735e-01;6.7500000e+01;2.6975003e-01;6.7500000e+01;2.3730175e-01;6.7500000e+01;1.9289251e-01;6.7500000e+01;1.4017588e-01;6.7500000e+01;9.0415612e-02;6.7500000e+01;4.7270216e-02;6.7500000e+01;3.7412937e-03;6.7500000e+01;1.8334825e-02;6.7500000e+01;3.6930159e-02;6.7500000e+01;6.1277397e-02;6.7500000e+01;8.9511193e-02;6.7500000e+01;1.2002052e-01;6.7500000e+01;1.5223294e-01;6.7500000e+01;1.8930268e-01;6.7500000e+01;2.2670817e-01;6.7500000e+01;2.5688857e-01;6.7500000e+01;2.7640617e-01;6.7500000e+01;2.8188735e-01;6.7500000e+01;2.6975003e-01;6.7500000e+01;2.3730175e-01;6.7500000e+01;1.9289251e-01;6.7500000e+01;1.4017588e-01;6.7500000e+01;9.0415612e-02;6.7500000e+01;4.7270216e-02;6.7500000e+01;3.7412937e-03;6.7500000e+01;1.8334825e-02;6.7500000e+01;3.6930159e-02;6.7500000e+01;6.1277397e-02;6.7500000e+01;8.9511193e-02;6.7500000e+01;1.2002052e-01;6.7500000e+01;1.5223294e-01;6.7500000e+01;1.8930268e-01;6.7500000e+01;2.2670817e-01;6.7500000e+01;2.5688857e-01;6.7500000e+01;2.7640617e-01;6.7500000e+01;2.8188735e-01;6.7500000e+01;2.6975003e-01;6.7500000e+01;2.3730175e-01;6.7500000e+01;1.9289251e-01;6.7500000e+01;1.4017588e-01;6.7500000e+01;9.0415612e-02;6.7500000e+01;4.7270216e-02;6.7500000e+01;3.7412937e-03;6.7500000e+01;1.8334825e-02;6.7500000e+01;3.6930159e-02;6.7500000e+01;6.1277397e-02;6.7500000e+01;8.9511193e-02;6.7500000e+01;1.2002052e-01;6.7500000e+01;1.5223294e-01;6.7500000e+01;1.8930268e-01;6.7500000e+01;2.2670817e-01;6.7500000e+01;2.5688857e-01;6.7500000e+01;2.7640617e-01;6.7500000e+01;2.8188735e-01;6.7500000e+01;2.6975003e-01;6.7500000e+01;2.3730175e-01;6.7500000e+01;1.9289251e-01;6.7500000e+01;1.4017588e-01;6.7500000e+01;9.0415612e-02;6.7500000e+01;4.7270216e-02;6.7500000e+01;3.7412937e-03;6.7500000e+01;1.8334825e-02;6.7500000e+01;3.6930159e-02;6.7500000e+01;6.1277397e-02;6.7500000e+01;8.9511193e-02;6.7500000e+01;1.2002052e-01;6.7500000e+01;1.5223294e-01;6.7500000e+01;1.8930268e-01;6.7500000e+01;2.2670817e-01;6.7500000e+01;2.5688857e-01;6.7500000e+01;2.7640617e-01;6.7500000e+01;2.8188735e-01;6.7500000e+01;2.6975003e-01;6.7500000e+01;2.3730175e-01;6.7500000e+01;1.9289251e-01;6.7500000e+01;1.4017588e-01;6.7500000e+01;9.0415612e-02;6.7500000e+01;4.7270216e-02;6.7500000e+01;3.7412937e-03;6.7500000e+01;1.8334825e-02;6.7500000e+01;3.6930159e-02;6.7500000e+01;6.1277397e-02;6.7500000e+01;8.9511193e-02;6.7500000e+01;1.2002052e-01;6.7500000e+01;1.5223294e-01;6.7500000e+01;1.8930268e-01;6.7500000e+01;2.2670817e-01;6.7500000e+01;2.5688857e-01;6.7500000e+01;2.7640617e-01;6.7500000e+01;2.8188735e-01;6.7500000e+01;2.6975003e-01;6.7500000e+01;2.3730175e-01;6.7500000e+01;1.9289251e-01;6.7500000e+01;1.4017588e-01;6.7500000e+01;9.0415612e-02;6.7500000e+01;4.7270216e-02;6.7500000e+01;3.7412937e-03;6.7500000e+01;1.8334825e-02;6.7500000e+01;3.6930159e-02;6.7500000e+01;6.1277397e-02;6.7500000e+01;8.9511193e-02;6.7500000e+01;1.2002052e-01;6.7500000e+01;1.5223294e-01;6.7500000e+01;1.8930268e-01;6.7500000e+01;2.2670817e-01;6.7500000e+01;2.5688857e-01;6.7500000e+01;2.7640617e-01;6.7500000e+01;2.8188735e-01;6.7500000e+01;2.6975003e-01;6.7500000e+01;2.3730175e-01;6.7500000e+01;1.9289251e-01;6.7500000e+01;1.4017588e-01;6.7500000e+01;9.0415612e-02;6.7500000e+01;4.7270216e-02;6.7500000e+01;3.7412937e-03;6.7500000e+01;1.8334825e-02;6.7500000e+01;3.6930159e-02;6.7500000e+01;6.1277397e-02;6.7500000e+01;8.9511193e-02;6.7500000e+01;1.2002052e-01;6.7500000e+01;1.5223294e-01;6.7500000e+01;1.8930268e-01;6.7500000e+01;2.2670817e-01;6.7500000e+01;2.5688857e-01;6.7500000e+01;2.7640617e-01;6.7500000e+01;2.8188735e-01;6.7500000e+01;2.6975003e-01;6.7500000e+01;2.3730175e-01;6.7500000e+01;1.9289251e-01;6.7500000e+01;1.4017588e-01;6.7500000e+01;9.0415612e-02;6.7500000e+01;4.7270216e-02;6.7500000e+01;3.7412937e-03;6.7500000e+01;1.8334825e-02;6.7500000e+01;3.6930159e-02;6.7500000e+01;6.1277397e-02;6.7500000e+01;8.9511193e-02;6.7500000e+01;1.2002052e-01;6.7500000e+01;1.5223294e-01;6.7500000e+01;1.8930268e-01;6.7500000e+01;2.2670817e-01;6.7500000e+01;2.5688857e-01;6.7500000e+01;2.7640617e-01;6.7500000e+01;2.8188735e-01;6.7500000e+01;2.6975003e-01;6.7500000e+01;2.3730175e-01;6.7500000e+01;1.9289251e-01;6.7500000e+01;1.4017588e-01;6.7500000e+01;9.0415612e-02;6.7500000e+01;4.7270216e-02;6.7500000e+01;3.7412937e-03;6.7500000e+01;1.8334825e-02;6.7500000e+01;3.6930159e-02;6.7500000e+01;6.1277397e-02;6.7500000e+01;8.9511193e-02;6.7500000e+01;1.2002052e-01;6.7500000e+01;1.5223294e-01;6.7500000e+01;1.8930268e-01;6.7500000e+01;2.2670817e-01;6.7500000e+01;2.5688857e-01;6.7500000e+01;2.7640617e-01;6.7500000e+01;2.8188735e-01;6.7500000e+01;2.6975003e-01;6.7500000e+01;2.3730175e-01;6.7500000e+01;1.9289251e-01;6.7500000e+01;1.4017588e-01;6.7500000e+01;9.0415612e-02;6.7500000e+01;4.7270216e-02;6.7500000e+01;3.7412937e-03;6.7500000e+01;1.8334825e-02;6.7500000e+01;3.6930159e-02;6.7500000e+01;6.1277397e-02;6.7500000e+01;8.9511193e-02;6.7500000e+01;1.2002052e-01;6.7500000e+01;1.5223294e-01;6.7500000e+01;1.8930268e-01;6.7500000e+01;2.2670817e-01;6.7500000e+01;2.5688857e-01;6.7500000e+01;2.7640617e-01;6.7500000e+01;2.8188735e-01;6.7500000e+01;2.6975003e-01;6.7500000e+01;2.3730175e-01;6.7500000e+01;1.9289251e-01;6.7500000e+01;1.4017588e-01;6.7500000e+01;9.0415612e-02;6.7500000e+01;4.7270216e-02;6.7500000e+01;3.7412937e-03;6.7500000e+01;1.8334825e-02;6.7500000e+01;3.6930159e-02;6.7500000e+01;6.1277397e-02;6.7500000e+01;8.9511193e-02;6.7500000e+01;1.2002052e-01;6.7500000e+01;1.5223294e-01;6.7500000e+01;1.8930268e-01;6.7500000e+01;2.2670817e-01;6.7500000e+01;2.5688857e-01;6.7500000e+01;2.7640617e-01;6.7500000e+01;2.8188735e-01;6.7500000e+01;2.6975003e-01;6.7500000e+01;2.3730175e-01;6.7500000e+01;1.9289251e-01;6.7500000e+01;1.4017588e-01;6.7500000e+01;9.0415612e-02;6.7500000e+01;4.7270216e-02;6.7500000e+01;3.7412937e-03;6.7500000e+01;1.8334825e-02;6.7500000e+01;3.6930159e-02;6.7500000e+01;6.1277397e-02;6.7500000e+01;8.9511193e-02;6.7500000e+01;1.2002052e-01;6.7500000e+01;1.5223294e-01;6.7500000e+01;1.8930268e-01;6.7500000e+01;2.2670817e-01;6.7500000e+01;2.5688857e-01;6.7500000e+01;2.7640617e-01;6.7500000e+01;2.8188735e-01;6.7500000e+01;2.6975003e-01;6.7500000e+01;2.3730175e-01;6.7500000e+01;1.9289251e-01;6.7500000e+01;1.4017588e-01;6.7500000e+01;9.0415612e-02;6.7500000e+01;4.7270216e-02;6.7500000e+01;3.7412937e-03;6.7500000e+01;1.8334825e-02;6.7500000e+01;3.6930159e-02;6.7500000e+01;6.1277397e-02;6.7500000e+01;8.9511193e-02;6.7500000e+01;1.2002052e-01;6.7500000e+01;1.5223294e-01;6.7500000e+01;1.8930268e-01;6.7500000e+01;2.2670817e-01;6.7500000e+01;2.5688857e-01;6.7500000e+01;2.7640617e-01;6.7500000e+01;2.8188735e-01;6.7500000e+01;2.6975003e-01;6.7500000e+01;2.3730175e-01;6.7500000e+01;1.9289251e-01;6.7500000e+01;1.4017588e-01;6.7500000e+01;9.0415612e-02;6.7500000e+01;4.7270216e-02;6.7500000e+01;3.7412937e-03;6.7500000e+01;1.8334825e-02;6.7500000e+01;3.6930159e-02;6.7500000e+01;6.1277397e-02;6.7500000e+01;8.9511193e-02;6.7500000e+01;1.2002052e-01;6.7500000e+01;1.5223294e-01;6.7500000e+01;1.8930268e-01;6.7500000e+01;2.2670817e-01;6.7500000e+01;2.5688857e-01;6.7500000e+01;2.7640617e-01;6.7500000e+01;2.8188735e-01;6.7500000e+01;2.6975003e-01;6.7500000e+01;2.3730175e-01;6.7500000e+01;1.9289251e-01;6.7500000e+01;1.4017588e-01;6.7500000e+01;9.0415612e-02;6.7500000e+01;4.7270216e-02;6.7500000e+01;3.7412937e-03;6.7500000e+01;1.8334825e-02;6.7500000e+01;3.6930159e-02;6.7500000e+01;6.1277397e-02;6.7500000e+01;8.9511193e-02;6.7500000e+01;1.2002052e-01;6.7500000e+01;1.5223294e-01;6.7500000e+01;1.8930268e-01;6.7500000e+01;2.2670817e-01;6.7500000e+01;2.5688857e-01;6.7500000e+01;2.7640617e-01;6.7500000e+01;2.8188735e-01;6.7500000e+01;2.6975003e-01;6.7500000e+01;2.3730175e-01;6.7500000e+01;1.9289251e-01;6.7500000e+01;1.4017588e-01;6.7500000e+01;9.0415612e-02;6.7500000e+01;4.7270216e-02;6.7500000e+01;3.7412937e-03;6.7500000e+01;1.8334825e-02;6.7500000e+01;3.6930159e-02;6.7500000e+01;6.1277397e-02;6.7500000e+01;8.9511193e-02;6.7500000e+01;1.2002052e-01;6.7500000e+01;1.5223294e-01;6.7500000e+01;1.8930268e-01;6.7500000e+01;2.2670817e-01;6.7500000e+01;2.5688857e-01;6.7500000e+01;2.7640617e-01;6.7500000e+01;2.8188735e-01;6.7500000e+01;2.6975003e-01;6.7500000e+01;2.3730175e-01;6.7500000e+01;1.9289251e-01;6.7500000e+01;1.4017588e-01;6.7500000e+01;9.0415612e-02;6.7500000e+01;4.7270216e-02;6.7500000e+01;3.7412937e-03;6.7500000e+01;1.8334825e-02;6.7500000e+01;3.6930159e-02;6.7500000e+01;6.1277397e-02;6.7500000e+01;8.9511193e-02;6.7500000e+01;1.2002052e-01;6.7500000e+01;1.5223294e-01;6.7500000e+01;1.8930268e-01;6.7500000e+01;2.2670817e-01;6.7500000e+01;2.5688857e-01;6.7500000e+01;2.7640617e-01;6.7500000e+01;2.8188735e-01;6.7500000e+01;2.6975003e-01;6.7500000e+01;2.3730175e-01;6.7500000e+01;1.9289251e-01;6.7500000e+01;1.4017588e-01;6.7500000e+01;9.0415612e-02;6.7500000e+01;4.7270216e-02;6.7500000e+01;3.7412937e-03;6.7500000e+01;1.8334825e-02;6.7500000e+01;3.6930159e-02;6.7500000e+01;6.1277397e-02;6.7500000e+01;8.9511193e-02;6.7500000e+01;1.2002052e-01;6.7500000e+01;1.5223294e-01;6.7500000e+01;1.8930268e-01;6.7500000e+01;2.2670817e-01;6.7500000e+01;2.5688857e-01;6.7500000e+01;2.7640617e-01;6.7500000e+01;2.8188735e-01;6.7500000e+01;2.6975003e-01;6.7500000e+01;2.3730175e-01;6.7500000e+01;1.9289251e-01;6.7500000e+01;1.4017588e-01;6.7500000e+01;9.0415612e-02;6.7500000e+01;4.7270216e-02;6.7500000e+01;3.7412937e-03;6.7500000e+01;1.8334825e-02;6.7500000e+01;3.6930159e-02;6.7500000e+01;6.1277397e-02;6.7500000e+01;8.9511193e-02;6.7500000e+01;1.2002052e-01;6.7500000e+01;1.5223294e-01;6.7500000e+01;1.8930268e-01;6.7500000e+01;2.2670817e-01;6.7500000e+01;2.5688857e-01;6.7500000e+01;2.7640617e-01;6.7500000e+01;2.8188735e-01;6.7500000e+01;2.6975003e-01;6.7500000e+01;2.3730175e-01;6.7500000e+01;1.9289251e-01;6.7500000e+01;1.4017588e-01;6.7500000e+01;9.0415612e-02;6.7500000e+01;4.7270216e-02;6.7500000e+01;3.7412937e-03;6.7500000e+01;1.8334825e-02;6.7500000e+01;3.6930159e-02;6.7500000e+01;6.1277397e-02;6.7500000e+01;8.9511193e-02;6.7500000e+01;1.2002052e-01;6.7500000e+01;1.5223294e-01;6.7500000e+01;1.8930268e-01;6.7500000e+01;2.2670817e-01;6.7500000e+01;2.5688857e-01;6.7500000e+01;2.7640617e-01;6.7500000e+01;2.8188735e-01;6.7500000e+01;2.6975003e-01;6.7500000e+01;2.3730175e-01;6.7500000e+01;1.9289251e-01;6.7500000e+01;1.4017588e-01;6.7500000e+01;9.0415612e-02;6.7500000e+01;4.7270216e-02;6.7500000e+01;3.7412937e-03;6.7500000e+01;1.8334825e-02;6.7500000e+01;3.6930159e-02;6.7500000e+01;6.1277397e-02;6.7500000e+01;8.9511193e-02;6.7500000e+01;1.2002052e-01;6.7500000e+01;1.5223294e-01;6.7500000e+01;1.8930268e-01;6.7500000e+01;2.2670817e-01;6.7500000e+01;2.5688857e-01;6.7500000e+01;2.7640617e-01;6.7500000e+01;2.8188735e-01;6.7500000e+01;2.6975003e-01;6.7500000e+01;2.3730175e-01;6.7500000e+01;1.9289251e-01;6.7500000e+01;1.4017588e-01;6.7500000e+01;9.0415612e-02;6.7500000e+01;4.7270216e-02;6.7500000e+01;3.7412937e-03;6.7500000e+01;1.8334825e-02;6.7500000e+01;3.6930159e-02;6.7500000e+01;6.1277397e-02;6.7500000e+01;8.9511193e-02;6.7500000e+01;1.2002052e-01;6.7500000e+01;1.5223294e-01;6.7500000e+01;1.8930268e-01;6.7500000e+01;2.2670817e-01;6.7500000e+01;2.5688857e-01;6.7500000e+01;2.7640617e-01;6.7500000e+01;2.8188735e-01;6.7500000e+01;2.6975003e-01;6.7500000e+01;2.3730175e-01;6.7500000e+01;1.9289251e-01;6.7500000e+01;1.4017588e-01;6.7500000e+01;9.0415612e-02;6.7500000e+01;4.7270216e-02;6.7500000e+01;3.7412937e-03;6.7500000e+01;1.8334825e-02;6.7500000e+01;3.6930159e-02;6.7500000e+01;6.1277397e-02;6.7500000e+01;8.9511193e-02;6.7500000e+01;1.2002052e-01;6.7500000e+01;1.5223294e-01;6.7500000e+01;1.8930268e-01;6.7500000e+01;2.2670817e-01;6.7500000e+01;2.5688857e-01;6.7500000e+01;2.7640617e-01;6.7500000e+01;2.8188735e-01;6.7500000e+01;2.6975003e-01;6.7500000e+01;2.3730175e-01;6.7500000e+01;1.9289251e-01;6.7500000e+01;1.4017588e-01;6.7500000e+01;9.0415612e-02;6.7500000e+01;4.7270216e-02;6.7500000e+01;3.7412937e-03;6.7500000e+01;1.8334825e-02;6.7500000e+01;3.6930159e-02;6.7500000e+01;6.1277397e-02;6.7500000e+01;8.9511193e-02;6.7500000e+01;1.2002052e-01;6.7500000e+01;1.5223294e-01;6.7500000e+01;1.8930268e-01;6.7500000e+01;2.2670817e-01;6.7500000e+01;2.5688857e-01;6.7500000e+01;2.7640617e-01;6.7500000e+01;2.8188735e-01;6.7500000e+01;2.6975003e-01;6.7500000e+01;2.3730175e-01;6.7500000e+01;1.9289251e-01;6.7500000e+01;1.4017588e-01;6.7500000e+01;9.0415612e-02;6.7500000e+01;4.7270216e-02;6.7500000e+01;3.7412937e-03;6.7500000e+01;1.8334825e-02;6.7500000e+01;3.6930159e-02;6.7500000e+01;6.1277397e-02;6.7500000e+01;8.9511193e-02;6.7500000e+01;1.2002052e-01;6.7500000e+01;1.5223294e-01;6.7500000e+01;1.8930268e-01;6.7500000e+01;2.2670817e-01;6.7500000e+01;2.5688857e-01;6.7500000e+01;2.7640617e-01;6.7500000e+01;2.8188735e-01;6.7500000e+01;2.6975003e-01;6.7500000e+01;2.3730175e-01;6.7500000e+01;1.9289251e-01;6.7500000e+01;1.4017588e-01;6.7500000e+01;9.0415612e-02;6.7500000e+01;4.7270216e-02;6.7500000e+01;3.7412937e-03;6.7500000e+01;1.8334825e-02;6.7500000e+01;3.6930159e-02;6.7500000e+01;6.1277397e-02;6.7500000e+01;8.9511193e-02;6.7500000e+01;1.2002052e-01;6.7500000e+01;1.5223294e-01;6.7500000e+01;1.8930268e-01;6.7500000e+01;2.2670817e-01;6.7500000e+01;2.5688857e-01;6.7500000e+01;2.7640617e-01;6.7500000e+01;2.8188735e-01;6.7500000e+01;2.6975003e-01;6.7500000e+01;2.3730175e-01;6.7500000e+01;1.9289251e-01;6.7500000e+01;1.4017588e-01;6.7500000e+01;9.0415612e-02;6.7500000e+01;4.7270216e-02;6.7500000e+01;3.7412937e-03;6.7500000e+01;1.8334825e-02;6.7500000e+01;3.6930159e-02;6.7500000e+01;6.1277397e-02;6.7500000e+01;8.9511193e-02;6.7500000e+01;1.2002052e-01;6.7500000e+01;1.5223294e-01;6.7500000e+01;1.8930268e-01;6.7500000e+01;2.2670817e-01;6.7500000e+01;2.5688857e-01;6.7500000e+01;2.7640617e-01;6.7500000e+01;2.8188735e-01;6.7500000e+01;2.6975003e-01;6.7500000e+01;2.3730175e-01;6.7500000e+01;1.9289251e-01;6.7500000e+01;1.4017588e-01;6.7500000e+01;9.0415612e-02;6.7500000e+01;4.7270216e-02;6.7500000e+01;3.7412937e-03;6.7500000e+01;1.8334825e-02;6.7500000e+01;3.6930159e-02;6.7500000e+01;6.1277397e-02;6.7500000e+01;8.9511193e-02;6.7500000e+01;1.2002052e-01;6.7500000e+01;1.5223294e-01;6.7500000e+01;1.8930268e-01;6.7500000e+01;2.2670817e-01;6.7500000e+01;2.5688857e-01;6.7500000e+01;2.7640617e-01;6.7500000e+01;2.8188735e-01;6.7500000e+01;2.6975003e-01;6.7500000e+01;2.3730175e-01;6.7500000e+01;1.9289251e-01;6.7500000e+01;1.4017588e-01;6.7500000e+01;9.0415612e-02;6.7500000e+01;4.7270216e-02;6.7500000e+01;3.7412937e-03;6.7500000e+01;1.8334825e-02;6.7500000e+01;3.6930159e-02;6.7500000e+01;6.1277397e-02;6.7500000e+01;8.9511193e-02;6.7500000e+01;1.2002052e-01;6.7500000e+01;1.5223294e-01;6.7500000e+01;1.8930268e-01;6.7500000e+01;2.2670817e-01;6.7500000e+01;2.5688857e-01;6.7500000e+01;2.7640617e-01;6.7500000e+01;2.8188735e-01;6.7500000e+01;2.6975003e-01;6.7500000e+01;2.3730175e-01;6.7500000e+01;1.9289251e-01;6.7500000e+01;1.4017588e-01;6.7500000e+01;9.0415612e-02;6.7500000e+01;4.7270216e-02;6.7500000e+01;3.7412937e-03;6.7500000e+01;1.8334825e-02;6.7500000e+01;3.6930159e-02;6.7500000e+01;6.1277397e-02;6.7500000e+01;8.9511193e-02;6.7500000e+01;1.2002052e-01;6.7500000e+01;1.5223294e-01;6.7500000e+01;1.8930268e-01;6.7500000e+01;2.2670817e-01;6.7500000e+01;2.5688857e-01;6.7500000e+01;2.7640617e-01;6.7500000e+01;2.8188735e-01;6.7500000e+01;2.6975003e-01;6.7500000e+01;2.3730175e-01;6.7500000e+01;1.9289251e-01;6.7500000e+01;1.4017588e-01;6.7500000e+01;9.0415612e-02;6.7500000e+01;4.7270216e-02;6.7500000e+01;3.7412937e-03;6.7500000e+01;1.8334825e-02;6.7500000e+01;3.6930159e-02;6.7500000e+01;6.1277397e-02;6.7500000e+01;8.9511193e-02;6.7500000e+01;1.2002052e-01;6.7500000e+01;1.5223294e-01;6.7500000e+01;1.8930268e-01;6.7500000e+01;2.2670817e-01;6.7500000e+01;2.5688857e-01;6.7500000e+01;2.7640617e-01;6.7500000e+01;2.8188735e-01;6.7500000e+01;2.6975003e-01;6.7500000e+01;2.3730175e-01;6.7500000e+01;1.9289251e-01;6.7500000e+01;1.4017588e-01;6.7500000e+01;9.0415612e-02;6.7500000e+01;4.7270216e-02;6.7500000e+01;3.7412937e-03;6.7500000e+01;1.8334825e-02;6.7500000e+01;3.6930159e-02;6.7500000e+01;6.1277397e-02;6.7500000e+01;8.9511193e-02;6.7500000e+01;1.2002052e-01;6.7500000e+01;1.5223294e-01;6.7500000e+01;1.8930268e-01;6.7500000e+01;2.2670817e-01;6.7500000e+01;2.5688857e-01;6.7500000e+01;2.7640617e-01;6.7500000e+01;2.8188735e-01;6.7500000e+01;2.6975003e-01;6.7500000e+01;2.3730175e-01;6.7500000e+01;1.9289251e-01;6.7500000e+01;1.4017588e-01;6.7500000e+01;9.0415612e-02;6.7500000e+01;4.7270216e-02;6.7500000e+01;3.7412937e-03;6.7500000e+01;1.8334825e-02;6.7500000e+01;3.6930159e-02;6.7500000e+01;6.1277397e-02;6.7500000e+01;8.9511193e-02;6.7500000e+01;1.2002052e-01;6.7500000e+01;1.5223294e-01;6.7500000e+01;1.8930268e-01;6.7500000e+01;2.2670817e-01;6.7500000e+01;2.5688857e-01;6.7500000e+01;2.7640617e-01;6.7500000e+01;2.8188735e-01;6.7500000e+01;2.6975003e-01;6.7500000e+01;2.3730175e-01;6.7500000e+01;1.9289251e-01;6.7500000e+01;1.4017588e-01;6.7500000e+01;9.0415612e-02;6.7500000e+01;4.7270216e-02;6.7500000e+01;3.7412937e-03;6.7500000e+01;1.8334825e-02;6.7500000e+01;3.6930159e-02;6.7500000e+01;6.1277397e-02;6.7500000e+01;8.9511193e-02;6.7500000e+01;1.2002052e-01;6.7500000e+01;1.5223294e-01;6.7500000e+01;1.8930268e-01;6.7500000e+01;2.2670817e-01;6.7500000e+01;2.5688857e-01;6.7500000e+01;2.7640617e-01;6.7500000e+01;2.8188735e-01;6.7500000e+01;2.6975003e-01;6.7500000e+01;2.3730175e-01;6.7500000e+01;1.9289251e-01;6.7500000e+01;1.4017588e-01;6.7500000e+01;9.0415612e-02;6.7500000e+01;4.7270216e-02;6.7500000e+01;3.7412937e-03;6.7500000e+01;1.8334825e-02;6.7500000e+01;3.6930159e-02;6.7500000e+01;6.1277397e-02;6.7500000e+01;8.9511193e-02;6.7500000e+01;1.2002052e-01;6.7500000e+01;1.5223294e-01;6.7500000e+01;1.8930268e-01;6.7500000e+01;2.2670817e-01;6.7500000e+01;2.5688857e-01;6.7500000e+01;2.7640617e-01;6.7500000e+01;2.8188735e-01;6.7500000e+01;2.6975003e-01;6.7500000e+01;2.3730175e-01;6.7500000e+01;1.9289251e-01;6.7500000e+01;1.4017588e-01;6.7500000e+01;9.0415612e-02;6.7500000e+01;4.7270216e-02;6.7500000e+01;3.7412937e-03;6.7500000e+01;1.8334825e-02;6.7500000e+01;3.6930159e-02;6.7500000e+01;6.1277397e-02;6.7500000e+01;8.9511193e-02;6.7500000e+01;1.2002052e-01;6.7500000e+01;1.5223294e-01;6.7500000e+01;1.8930268e-01;6.7500000e+01;2.2670817e-01;6.7500000e+01;2.5688857e-01;6.7500000e+01;2.7640617e-01;6.7500000e+01;2.8188735e-01;6.7500000e+01;2.6975003e-01;6.7500000e+01;2.3730175e-01;6.7500000e+01;1.9289251e-01;6.7500000e+01;1.4017588e-01;6.7500000e+01;9.0415612e-02;6.7500000e+01;4.7270216e-02;6.7500000e+01;3.7412937e-03;6.7500000e+01;1.8334825e-02;6.7500000e+01;3.6930159e-02;6.7500000e+01;6.1277397e-02;6.7500000e+01;8.9511193e-02;6.7500000e+01;1.2002052e-01;6.7500000e+01;1.5223294e-01;6.7500000e+01;1.8930268e-01;6.7500000e+01;2.2670817e-01;6.7500000e+01;2.5688857e-01;6.7500000e+01;2.7640617e-01;6.7500000e+01;2.8188735e-01;6.7500000e+01;2.6975003e-01;6.7500000e+01;2.3730175e-01;6.7500000e+01;1.9289251e-01;6.7500000e+01;1.4017588e-01;6.7500000e+01;9.0415612e-02;6.7500000e+01;4.7270216e-02;6.7500000e+01;3.7412937e-03;6.7500000e+01;1.8334825e-02;6.7500000e+01;3.6930159e-02;6.7500000e+01;6.1277397e-02;6.7500000e+01;8.9511193e-02;6.7500000e+01;1.2002052e-01;6.7500000e+01;1.5223294e-01;6.7500000e+01;1.8930268e-01;6.7500000e+01;2.2670817e-01;6.7500000e+01;2.5688857e-01;6.7500000e+01;2.7640617e-01;6.7500000e+01;2.8188735e-01;6.7500000e+01;2.6975003e-01;6.7500000e+01;2.3730175e-01;6.7500000e+01;1.9289251e-01;6.7500000e+01;1.4017588e-01;6.7500000e+01;9.0415612e-02;6.7500000e+01;4.7270216e-02;6.7500000e+01;3.7412937e-03;6.7500000e+01;1.8334825e-02;6.7500000e+01;3.6930159e-02;6.7500000e+01;6.1277397e-02;6.7500000e+01;8.9511193e-02;6.7500000e+01;1.2002052e-01;6.7500000e+01;1.5223294e-01;6.7500000e+01;1.8930268e-01;6.7500000e+01;2.2670817e-01;6.7500000e+01;2.5688857e-01;6.7500000e+01;2.7640617e-01;6.7500000e+01;2.8188735e-01;6.7500000e+01;2.6975003e-01;6.7500000e+01;2.3730175e-01;6.7500000e+01;1.9289251e-01;6.7500000e+01;1.4017588e-01;6.7500000e+01;9.0415612e-02;6.7500000e+01;4.7270216e-02;6.7500000e+01;3.7412937e-03;6.7500000e+01;1.8334825e-02;6.7500000e+01;3.6930159e-02;6.7500000e+01;6.1277397e-02;6.7500000e+01;8.9511193e-02;6.7500000e+01;1.2002052e-01;6.7500000e+01;1.5223294e-01;6.7500000e+01;1.8930268e-01;6.7500000e+01;2.2670817e-01;6.7500000e+01;2.5688857e-01;6.7500000e+01;2.7640617e-01;6.7500000e+01;2.8188735e-01;6.7500000e+01;2.6975003e-01;6.7500000e+01;2.3730175e-01;6.7500000e+01;1.9289251e-01;6.7500000e+01;1.4017588e-01;6.7500000e+01;9.0415612e-02;6.7500000e+01;4.7270216e-02;6.7500000e+01;3.7412937e-03;6.7500000e+01;1.8334825e-02;6.7500000e+01;3.6930159e-02;6.7500000e+01;6.1277397e-02;6.7500000e+01;8.9511193e-02;6.7500000e+01;1.2002052e-01;6.7500000e+01;1.5223294e-01;6.7500000e+01;1.8930268e-01;6.7500000e+01;2.2670817e-01;6.7500000e+01;2.5688857e-01;6.7500000e+01;2.7640617e-01;6.7500000e+01;2.8188735e-01;6.7500000e+01;2.6975003e-01;6.7500000e+01;2.3730175e-01;6.7500000e+01;1.9289251e-01;6.7500000e+01;1.4017588e-01;6.7500000e+01;9.0415612e-02;6.7500000e+01;4.7270216e-02;6.7500000e+01;3.7412937e-03;6.7500000e+01;1.8334825e-02;6.7500000e+01;3.6930159e-02;6.7500000e+01;6.1277397e-02;6.7500000e+01;8.9511193e-02;6.7500000e+01;1.2002052e-01;6.7500000e+01;1.5223294e-01;6.7500000e+01;1.8930268e-01;6.7500000e+01;2.2670817e-01;6.7500000e+01;2.5688857e-01;6.7500000e+01;2.7640617e-01;6.7500000e+01;2.8188735e-01;6.7500000e+01;2.6975003e-01;6.7500000e+01;2.3730175e-01;6.7500000e+01;1.9289251e-01;6.7500000e+01;1.4017588e-01;6.7500000e+01;9.0415612e-02;6.7500000e+01;4.7270216e-02;6.7500000e+01;3.7412937e-03;6.7500000e+01;1.8334825e-02;6.7500000e+01;3.6930159e-02;6.7500000e+01;6.1277397e-02;6.7500000e+01;8.9511193e-02;6.7500000e+01;1.2002052e-01;6.7500000e+01;1.5223294e-01;6.7500000e+01;1.8930268e-01;6.7500000e+01;2.2670817e-01;6.7500000e+01;2.5688857e-01;6.7500000e+01;2.7640617e-01;6.7500000e+01;2.8188735e-01;6.7500000e+01;2.6975003e-01;6.7500000e+01;2.3730175e-01;6.7500000e+01;1.9289251e-01;6.7500000e+01;1.4017588e-01;6.7500000e+01;9.0415612e-02;6.7500000e+01;4.7270216e-02;6.7500000e+01;3.7412937e-03;6.7500000e+01;1.8334825e-02;6.7500000e+01;3.6930159e-02;6.7500000e+01;6.1277397e-02;6.7500000e+01;8.9511193e-02;6.7500000e+01;1.2002052e-01;6.7500000e+01;1.5223294e-01;6.7500000e+01;1.8930268e-01;6.7500000e+01;2.2670817e-01;6.7500000e+01;2.5688857e-01;6.7500000e+01;2.7640617e-01;6.7500000e+01;2.8188735e-01;6.7500000e+01;2.6975003e-01;6.7500000e+01;2.3730175e-01;6.7500000e+01;1.9289251e-01;6.7500000e+01;1.4017588e-01;6.7500000e+01;9.0415612e-02;6.7500000e+01;4.7270216e-02;6.7500000e+01;3.7412937e-03;6.7500000e+01;1.8334825e-02;6.7500000e+01;3.6930159e-02;6.7500000e+01;6.1277397e-02;6.7500000e+01;8.9511193e-02;6.7500000e+01;1.2002052e-01;6.7500000e+01;1.5223294e-01;6.7500000e+01;1.8930268e-01;6.7500000e+01;2.2670817e-01;6.7500000e+01;2.5688857e-01;6.7500000e+01;2.7640617e-01;6.7500000e+01;2.8188735e-01;6.7500000e+01;2.6975003e-01;6.7500000e+01;2.3730175e-01;6.7500000e+01;1.9289251e-01;6.7500000e+01;1.4017588e-01;6.7500000e+01;9.0415612e-02;6.7500000e+01;4.7270216e-02;6.7500000e+01;3.7412937e-03;6.7500000e+01;1.8334825e-02;6.7500000e+01;3.6930159e-02;6.7500000e+01;6.1277397e-02;6.7500000e+01;8.9511193e-02;6.7500000e+01;1.2002052e-01;6.7500000e+01;1.5223294e-01;6.7500000e+01;1.8930268e-01;6.7500000e+01;2.2670817e-01;6.7500000e+01;2.5688857e-01;6.7500000e+01;2.7640617e-01;6.7500000e+01;2.8188735e-01;6.7500000e+01;2.6975003e-01;6.7500000e+01;2.3730175e-01;6.7500000e+01;1.9289251e-01;6.7500000e+01;1.4017588e-01;6.7500000e+01;9.0415612e-02;6.7500000e+01;4.7270216e-02;6.7500000e+01;3.7412937e-03;6.7500000e+01;1.8334825e-02;6.7500000e+01;3.6930159e-02;6.7500000e+01;6.1277397e-02;6.7500000e+01;8.9511193e-02;6.7500000e+01;1.2002052e-01;6.7500000e+01;1.5223294e-01;6.7500000e+01;1.8930268e-01;6.7500000e+01;2.2670817e-01;6.7500000e+01;2.5688857e-01;6.7500000e+01;2.7640617e-01;6.7500000e+01;2.8188735e-01;6.7500000e+01;2.6975003e-01;6.7500000e+01;2.3730175e-01;6.7500000e+01;1.9289251e-01;6.7500000e+01;1.4017588e-01;6.7500000e+01;9.0415612e-02;6.7500000e+01;4.7270216e-02;6.7500000e+01;3.7412937e-03;6.7500000e+01;1.8334825e-02;6.7500000e+01;3.6930159e-02;6.7500000e+01;6.1277397e-02;6.7500000e+01;8.9511193e-02;6.7500000e+01;1.2002052e-01;6.7500000e+01;1.5223294e-01;6.7500000e+01;1.8930268e-01;6.7500000e+01;2.2670817e-01;6.7500000e+01;2.5688857e-01;6.7500000e+01;2.7640617e-01;6.7500000e+01;2.8188735e-01;6.7500000e+01;2.6975003e-01;6.7500000e+01;2.3730175e-01;6.7500000e+01;1.9289251e-01;6.7500000e+01;1.4017588e-01;6.7500000e+01;9.0415612e-02;6.7500000e+01;4.7270216e-02;6.7500000e+01;3.7412937e-03;6.7500000e+01;1.8334825e-02;6.7500000e+01;3.6930159e-02;6.7500000e+01;6.1277397e-02;6.7500000e+01;8.9511193e-02;6.7500000e+01;1.2002052e-01;6.7500000e+01;1.5223294e-01;6.7500000e+01;1.8930268e-01;6.7500000e+01;2.2670817e-01;6.7500000e+01;2.5688857e-01;6.7500000e+01;2.7640617e-01;6.7500000e+01;2.8188735e-01;6.7500000e+01;2.6975003e-01;6.7500000e+01;2.3730175e-01;6.7500000e+01;1.9289251e-01;6.7500000e+01;1.4017588e-01;6.7500000e+01;9.0415612e-02;6.7500000e+01;4.7270216e-02;6.7500000e+01;3.7412937e-03;6.7500000e+01;1.8334825e-02;6.7500000e+01;3.6930159e-02;6.7500000e+01;6.1277397e-02;6.7500000e+01;8.9511193e-02;6.7500000e+01;1.2002052e-01;6.7500000e+01;1.5223294e-01;6.7500000e+01;1.8930268e-01;6.7500000e+01;2.2670817e-01;6.7500000e+01;2.5688857e-01;6.7500000e+01;2.7640617e-01;6.7500000e+01;2.8188735e-01;6.7500000e+01;2.6975003e-01;6.7500000e+01;2.3730175e-01;6.7500000e+01;1.9289251e-01;6.7500000e+01;1.4017588e-01;6.7500000e+01;9.0415612e-02;6.7500000e+01;4.7270216e-02;6.7500000e+01;3.7412937e-03;6.7500000e+01;1.8334825e-02;6.7500000e+01;3.6930159e-02;6.7500000e+01;6.1277397e-02;6.7500000e+01;8.9511193e-02;6.7500000e+01;1.2002052e-01;6.7500000e+01;1.5223294e-01;6.7500000e+01;1.8930268e-01;6.7500000e+01;2.2670817e-01;6.7500000e+01;2.5688857e-01;6.7500000e+01;2.7640617e-01;6.7500000e+01;2.8188735e-01;6.7500000e+01;2.6975003e-01;6.7500000e+01;2.3730175e-01;6.7500000e+01;1.9289251e-01;6.7500000e+01;1.4017588e-01;6.7500000e+01;9.0415612e-02;6.7500000e+01;4.7270216e-02;6.7500000e+01;3.7412937e-03;6.7500000e+01;1.8334825e-02;6.7500000e+01;3.6930159e-02;6.7500000e+01;6.1277397e-02;6.7500000e+01;8.9511193e-02;6.7500000e+01;1.2002052e-01;6.7500000e+01;1.5223294e-01;6.7500000e+01;1.8930268e-01;6.7500000e+01;2.2670817e-01;6.7500000e+01;2.5688857e-01;6.7500000e+01;2.7640617e-01;6.7500000e+01;2.8188735e-01;6.7500000e+01;2.6975003e-01;6.7500000e+01;2.3730175e-01;6.7500000e+01;1.9289251e-01;6.7500000e+01;1.4017588e-01;6.7500000e+01;9.0415612e-02;6.7500000e+01;4.7270216e-02;6.7500000e+01;3.7412937e-03;6.7500000e+01;1.8334825e-02;6.7500000e+01;3.6930159e-02;6.7500000e+01;6.1277397e-02;6.7500000e+01;8.9511193e-02;6.7500000e+01;1.2002052e-01;6.7500000e+01;1.5223294e-01;6.7500000e+01;1.8930268e-01;6.7500000e+01;2.2670817e-01;6.7500000e+01;2.5688857e-01;6.7500000e+01;2.7640617e-01;6.7500000e+01;2.8188735e-01;6.7500000e+01;2.6975003e-01;6.7500000e+01;2.3730175e-01;6.7500000e+01;1.9289251e-01;6.7500000e+01;1.4017588e-01;6.7500000e+01;9.0415612e-02;6.7500000e+01;4.7270216e-02;6.7500000e+01;3.7412937e-03;6.7500000e+01;1.8334825e-02;6.7500000e+01;3.6930159e-02;6.7500000e+01;6.1277397e-02;6.7500000e+01;8.9511193e-02;6.7500000e+01;1.2002052e-01;6.7500000e+01;1.5223294e-01;6.7500000e+01;1.8930268e-01;6.7500000e+01;2.2670817e-01;6.7500000e+01;2.5688857e-01;6.7500000e+01;2.7640617e-01;6.7500000e+01;2.8188735e-01;6.7500000e+01;2.6975003e-01;6.7500000e+01;2.3730175e-01;6.7500000e+01;1.9289251e-01;6.7500000e+01;1.4017588e-01;6.7500000e+01;9.0415612e-02;6.7500000e+01;4.7270216e-02;6.7500000e+01;3.7412937e-03;6.7500000e+01;1.8334825e-02;6.7500000e+01;3.6930159e-02;6.7500000e+01;6.1277397e-02;6.7500000e+01;8.9511193e-02;6.7500000e+01;1.2002052e-01;6.7500000e+01;1.5223294e-01;6.7500000e+01;1.8930268e-01;6.7500000e+01;2.2670817e-01;6.7500000e+01;2.5688857e-01;6.7500000e+01;2.7640617e-01;6.7500000e+01;2.8188735e-01;6.7500000e+01;2.6975003e-01;6.7500000e+01;2.3730175e-01;6.7500000e+01;1.9289251e-01;6.7500000e+01;1.4017588e-01;6.7500000e+01;9.0415612e-02;6.7500000e+01;4.7270216e-02;6.7500000e+01;3.7412937e-03;6.7500000e+01;1.8334825e-02;6.7500000e+01;3.6930159e-02;6.7500000e+01;6.1277397e-02;6.7500000e+01;8.9511193e-02;6.7500000e+01;1.2002052e-01;6.7500000e+01;1.5223294e-01;6.7500000e+01;1.8930268e-01;6.7500000e+01;2.2670817e-01;6.7500000e+01;2.5688857e-01;6.7500000e+01;2.7640617e-01;6.7500000e+01;2.8188735e-01;6.7500000e+01;2.6975003e-01;6.7500000e+01;2.3730175e-01;6.7500000e+01;1.9289251e-01;6.7500000e+01;1.4017588e-01;6.7500000e+01;9.0415612e-02;6.7500000e+01;4.7270216e-02;6.7500000e+01;3.7412937e-03;6.7500000e+01;1.8334825e-02;6.7500000e+01;3.6930159e-02;6.7500000e+01;6.1277397e-02;6.7500000e+01;8.9511193e-02;6.7500000e+01;1.2002052e-01;6.7500000e+01;1.5223294e-01;6.7500000e+01;1.8930268e-01;6.7500000e+01;2.2670817e-01;6.7500000e+01;2.5688857e-01;6.7500000e+01;2.7640617e-01;6.7500000e+01;2.8188735e-01;6.7500000e+01;2.6975003e-01;6.7500000e+01;2.3730175e-01;6.7500000e+01;1.9289251e-01;6.7500000e+01;1.4017588e-01;6.7500000e+01;9.0415612e-02;6.7500000e+01;4.7270216e-02;6.7500000e+01;3.7412937e-03;6.7500000e+01;1.8334825e-02;6.7500000e+01;3.6930159e-02;6.7500000e+01;6.1277397e-02;6.7500000e+01;8.9511193e-02;6.7500000e+01;1.2002052e-01;6.7500000e+01;1.5223294e-01;6.7500000e+01;1.8930268e-01;6.7500000e+01;2.2670817e-01;6.7500000e+01;2.5688857e-01;6.7500000e+01;2.7640617e-01;6.7500000e+01;2.8188735e-01;6.7500000e+01;2.6975003e-01;6.7500000e+01;2.3730175e-01;6.7500000e+01;1.9289251e-01;6.7500000e+01;1.4017588e-01;6.7500000e+01;9.0415612e-02;6.7500000e+01;4.7270216e-02;6.7500000e+01;3.7412937e-03;6.7500000e+01;1.8334825e-02;6.7500000e+01;3.6930159e-02;6.7500000e+01;6.1277397e-02;6.7500000e+01;8.9511193e-02;6.7500000e+01;1.2002052e-01;6.7500000e+01;1.5223294e-01;6.7500000e+01;1.8930268e-01;6.7500000e+01;2.2670817e-01;6.7500000e+01;2.5688857e-01;6.7500000e+01;2.7640617e-01;6.7500000e+01;2.8188735e-01;6.7500000e+01;2.6975003e-01;6.7500000e+01;2.3730175e-01;6.7500000e+01;1.9289251e-01;6.7500000e+01;1.4017588e-01;6.7500000e+01;9.0415612e-02;6.7500000e+01;4.7270216e-02;6.7500000e+01;3.7412937e-03;6.7500000e+01;1.8334825e-02;6.7500000e+01;3.6930159e-02;6.7500000e+01;6.1277397e-02;6.7500000e+01;8.9511193e-02;6.7500000e+01;1.2002052e-01;6.7500000e+01;1.5223294e-01;6.7500000e+01;1.8930268e-01;6.7500000e+01;2.2670817e-01;6.7500000e+01;2.5688857e-01;6.7500000e+01;2.7640617e-01;6.7500000e+01;2.8188735e-01;6.7500000e+01;2.6975003e-01;6.7500000e+01;2.3730175e-01;6.7500000e+01;1.9289251e-01;6.7500000e+01;1.4017588e-01;6.7500000e+01;9.0415612e-02;6.7500000e+01;4.7270216e-02;6.7500000e+01;3.7412937e-03;6.7500000e+01;1.8334825e-02;6.7500000e+01;3.6930159e-02;6.7500000e+01;6.1277397e-02;6.7500000e+01;8.9511193e-02;6.7500000e+01;1.2002052e-01;6.7500000e+01;1.5223294e-01;6.7500000e+01;1.8930268e-01;6.7500000e+01;2.2670817e-01;6.7500000e+01;2.5688857e-01;6.7500000e+01;2.7640617e-01;6.7500000e+01;2.8188735e-01;6.7500000e+01;2.6975003e-01;6.7500000e+01;2.3730175e-01;6.7500000e+01;1.9289251e-01;6.7500000e+01;1.4017588e-01;6.7500000e+01;9.0415612e-02;6.7500000e+01;4.7270216e-02;6.7500000e+01;3.7412937e-03;6.7500000e+01;1.8334825e-02;6.7500000e+01;3.6930159e-02;6.7500000e+01;6.1277397e-02;6.7500000e+01;8.9511193e-02;6.7500000e+01;1.2002052e-01;6.7500000e+01;1.5223294e-01;6.7500000e+01;1.8930268e-01;6.7500000e+01;2.2670817e-01;6.7500000e+01;2.5688857e-01;6.7500000e+01;2.7640617e-01;6.7500000e+01;2.8188735e-01;6.7500000e+01;2.6975003e-01;6.7500000e+01;2.3730175e-01;6.7500000e+01;1.9289251e-01;6.7500000e+01;1.4017588e-01;6.7500000e+01;9.0415612e-02;6.7500000e+01;4.7270216e-02;6.7500000e+01;3.7412937e-03;6.7500000e+01;1.8334825e-02;6.7500000e+01;3.6930159e-02;6.7500000e+01;6.1277397e-02;6.7500000e+01;8.9511193e-02;6.7500000e+01;1.2002052e-01;6.7500000e+01;1.5223294e-01;6.7500000e+01;1.8930268e-01;6.7500000e+01;2.2670817e-01;6.7500000e+01;2.5688857e-01;6.7500000e+01;2.7640617e-01;6.7500000e+01;2.8188735e-01;6.7500000e+01;2.6975003e-01;6.7500000e+01;2.3730175e-01;6.7500000e+01;1.9289251e-01;6.7500000e+01;1.4017588e-01;6.7500000e+01;9.0415612e-02;6.7500000e+01;4.7270216e-02;6.7500000e+01;3.7412937e-03;6.7500000e+01;1.8334825e-02;6.7500000e+01;3.6930159e-02;6.7500000e+01;6.1277397e-02;6.7500000e+01;8.9511193e-02;6.7500000e+01;1.2002052e-01;6.7500000e+01;1.5223294e-01;6.7500000e+01;1.8930268e-01;6.7500000e+01;2.2670817e-01;6.7500000e+01;2.5688857e-01;6.7500000e+01;2.7640617e-01;6.7500000e+01;2.8188735e-01;6.7500000e+01;2.6975003e-01;6.7500000e+01;2.3730175e-01;6.7500000e+01;1.9289251e-01;6.7500000e+01;1.4017588e-01;6.7500000e+01;9.0415612e-02;6.7500000e+01;4.7270216e-02;6.7500000e+01;3.7412937e-03;6.7500000e+01;1.8334825e-02;6.7500000e+01;3.6930159e-02;6.7500000e+01;6.1277397e-02;6.7500000e+01;8.9511193e-02;6.7500000e+01;1.2002052e-01;6.7500000e+01;1.5223294e-01;6.7500000e+01;1.8930268e-01;6.7500000e+01;2.2670817e-01;6.7500000e+01;2.5688857e-01;6.7500000e+01;2.7640617e-01;6.7500000e+01;2.8188735e-01;6.7500000e+01;2.6975003e-01;6.7500000e+01;2.3730175e-01;6.7500000e+01;1.9289251e-01;6.7500000e+01;1.4017588e-01;6.7500000e+01;9.0415612e-02;6.7500000e+01;4.7270216e-02;6.7500000e+01;3.7412937e-03;6.7500000e+01;1.8334825e-02;6.7500000e+01;3.6930159e-02;6.7500000e+01;6.1277397e-02;6.7500000e+01;8.9511193e-02;6.7500000e+01;1.2002052e-01;6.7500000e+01;1.5223294e-01;6.7500000e+01;1.8930268e-01;6.7500000e+01;2.2670817e-01;6.7500000e+01;2.5688857e-01;6.7500000e+01;2.7640617e-01;6.7500000e+01;2.8188735e-01;6.7500000e+01;2.6975003e-01;6.7500000e+01;2.3730175e-01;6.7500000e+01;1.9289251e-01;6.7500000e+01;1.4017588e-01;6.7500000e+01;9.0415612e-02;6.7500000e+01;4.7270216e-02;6.7500000e+01;3.7412937e-03;6.7500000e+01;1.8334825e-02;6.7500000e+01;3.6930159e-02;6.7500000e+01;6.1277397e-02;6.7500000e+01;8.9511193e-02;6.7500000e+01;1.2002052e-01;6.7500000e+01;1.5223294e-01;6.7500000e+01;1.8930268e-01;6.7500000e+01;2.2670817e-01;6.7500000e+01;2.5688857e-01;6.7500000e+01;2.7640617e-01;6.7500000e+01;2.8188735e-01;6.7500000e+01;2.6975003e-01;6.7500000e+01;2.3730175e-01;6.7500000e+01;1.9289251e-01;6.7500000e+01;1.4017588e-01;6.7500000e+01;9.0415612e-02;6.7500000e+01;4.7270216e-02;6.7500000e+01;3.7412937e-03;6.7500000e+01;1.8334825e-02;6.7500000e+01;3.6930159e-02;6.7500000e+01;6.1277397e-02;6.7500000e+01;8.9511193e-02;6.7500000e+01;1.2002052e-01;6.7500000e+01;1.5223294e-01;6.7500000e+01;1.8930268e-01;6.7500000e+01;2.2670817e-01;6.7500000e+01;2.5688857e-01;6.7500000e+01;2.7640617e-01;6.7500000e+01;2.8188735e-01;6.7500000e+01;2.6975003e-01;6.7500000e+01;2.3730175e-01;6.7500000e+01;1.9289251e-01;6.7500000e+01;1.4017588e-01;6.7500000e+01;9.0415612e-02;6.7500000e+01;4.7270216e-02;6.7500000e+01;3.7412937e-03;6.7500000e+01;1.8334825e-02;6.7500000e+01;3.6930159e-02;6.7500000e+01;6.1277397e-02;6.7500000e+01;8.9511193e-02;6.7500000e+01;1.2002052e-01;6.7500000e+01;1.5223294e-01;6.7500000e+01;1.8930268e-01;6.7500000e+01;2.2670817e-01;6.7500000e+01;2.5688857e-01;6.7500000e+01;2.7640617e-01;6.7500000e+01;2.8188735e-01;6.7500000e+01;2.6975003e-01;6.7500000e+01;2.3730175e-01;6.7500000e+01;1.9289251e-01;6.7500000e+01;1.4017588e-01;6.7500000e+01;9.0415612e-02;6.7500000e+01;4.7270216e-02;6.7500000e+01;3.7412937e-03;6.7500000e+01;1.8334825e-02;6.7500000e+01;3.6930159e-02;6.7500000e+01;6.1277397e-02;6.7500000e+01;8.9511193e-02;6.7500000e+01;1.2002052e-01;6.7500000e+01;1.5223294e-01;6.7500000e+01;1.8930268e-01;6.7500000e+01;2.2670817e-01;6.7500000e+01;2.5688857e-01;6.7500000e+01;2.7640617e-01;6.7500000e+01;2.8188735e-01;6.7500000e+01;2.6975003e-01;6.7500000e+01;2.3730175e-01;6.7500000e+01;1.9289251e-01;6.7500000e+01;1.4017588e-01;6.7500000e+01;9.0415612e-02;6.7500000e+01;4.7270216e-02;6.7500000e+01;3.7412937e-03;6.7500000e+01;1.8334825e-02;6.7500000e+01;3.6930159e-02;6.7500000e+01;6.1277397e-02;6.7500000e+01;8.9511193e-02;6.7500000e+01;1.2002052e-01;6.7500000e+01;1.5223294e-01;6.7500000e+01;1.8930268e-01;6.7500000e+01;2.2670817e-01;6.7500000e+01;2.5688857e-01;6.7500000e+01;2.7640617e-01;6.7500000e+01;2.8188735e-01;6.7500000e+01;2.6975003e-01;6.7500000e+01;2.3730175e-01;6.7500000e+01;1.9289251e-01;6.7500000e+01;1.4017588e-01;6.7500000e+01;9.0415612e-02;6.7500000e+01;4.7270216e-02;6.7500000e+01;3.7412937e-03;6.7500000e+01;1.8334825e-02;6.7500000e+01;3.6930159e-02;6.7500000e+01;6.1277397e-02;6.7500000e+01;8.9511193e-02;6.7500000e+01;1.2002052e-01;6.7500000e+01;1.5223294e-01;6.7500000e+01;1.8930268e-01;6.7500000e+01;2.2670817e-01;6.7500000e+01;2.5688857e-01;6.7500000e+01;2.7640617e-01;6.7500000e+01;2.8188735e-01;6.7500000e+01;2.6975003e-01;6.7500000e+01;2.3730175e-01;6.7500000e+01;1.9289251e-01;6.7500000e+01;1.4017588e-01;6.7500000e+01;9.0415612e-02;6.7500000e+01;4.7270216e-02;6.7500000e+01;3.7412937e-03;6.7500000e+01;1.8334825e-02;6.7500000e+01;3.6930159e-02;6.7500000e+01;6.1277397e-02;6.7500000e+01;8.9511193e-02;6.7500000e+01;1.2002052e-01;6.7500000e+01;1.5223294e-01;6.7500000e+01;1.8930268e-01;6.7500000e+01;2.2670817e-01;6.7500000e+01;2.5688857e-01;6.7500000e+01;2.7640617e-01;6.7500000e+01;2.8188735e-01;6.7500000e+01;2.6975003e-01;6.7500000e+01;2.3730175e-01;6.7500000e+01;1.9289251e-01;6.7500000e+01;1.4017588e-01;6.7500000e+01;9.0415612e-02;6.7500000e+01;4.7270216e-02;6.7500000e+01;3.7412937e-03;6.7500000e+01;1.8334825e-02;6.7500000e+01;3.6930159e-02;6.7500000e+01;6.1277397e-02;6.7500000e+01;8.9511193e-02;6.7500000e+01;1.2002052e-01;6.7500000e+01;1.5223294e-01;6.7500000e+01;1.8930268e-01;6.7500000e+01;2.2670817e-01;6.7500000e+01;2.5688857e-01;6.7500000e+01;2.7640617e-01;6.7500000e+01;2.8188735e-01;6.7500000e+01;2.6975003e-01;6.7500000e+01;2.3730175e-01;6.7500000e+01;1.9289251e-01;6.7500000e+01;1.4017588e-01;6.7500000e+01;9.0415612e-02;6.7500000e+01;4.7270216e-02;6.7500000e+01;3.7412937e-03;6.7500000e+01;1.8334825e-02;6.7500000e+01;3.6930159e-02;6.7500000e+01;6.1277397e-02;6.7500000e+01;8.9511193e-02;6.7500000e+01;1.2002052e-01;6.7500000e+01;1.5223294e-01;6.7500000e+01;1.8930268e-01;6.7500000e+01;2.2670817e-01;6.7500000e+01;2.5688857e-01;6.7500000e+01;2.7640617e-01;6.7500000e+01;2.8188735e-01;6.7500000e+01;2.6975003e-01;6.7500000e+01;2.3730175e-01;6.7500000e+01;1.9289251e-01;6.7500000e+01;1.4017588e-01;6.7500000e+01;9.0415612e-02;6.7500000e+01;4.7270216e-02;6.7500000e+01;3.7412937e-03;6.7500000e+01;1.8334825e-02;6.7500000e+01;3.6930159e-02;6.7500000e+01;6.1277397e-02;6.7500000e+01;8.9511193e-02;6.7500000e+01;1.2002052e-01;6.7500000e+01;1.5223294e-01;6.7500000e+01;1.8930268e-01;6.7500000e+01;2.2670817e-01;6.7500000e+01;2.5688857e-01;6.7500000e+01;2.7640617e-01;6.7500000e+01;2.8188735e-01;6.7500000e+01;2.6975003e-01;6.7500000e+01;2.3730175e-01;6.7500000e+01;1.9289251e-01;6.7500000e+01;1.4017588e-01;6.7500000e+01;9.0415612e-02;6.7500000e+01;4.7270216e-02;6.7500000e+01;3.7412937e-03;6.7500000e+01;1.8334825e-02;6.7500000e+01;3.6930159e-02;6.7500000e+01;6.1277397e-02;6.7500000e+01;8.9511193e-02;6.7500000e+01;1.2002052e-01;6.7500000e+01;1.5223294e-01;6.7500000e+01;1.8930268e-01;6.7500000e+01;2.2670817e-01;6.7500000e+01;2.5688857e-01;6.7500000e+01;2.7640617e-01;6.7500000e+01;2.8188735e-01;6.7500000e+01;2.6975003e-01;6.7500000e+01;2.3730175e-01;6.7500000e+01;1.9289251e-01;6.7500000e+01;1.4017588e-01;6.7500000e+01;9.0415612e-02;6.7500000e+01;4.7270216e-02;6.7500000e+01;3.7412937e-03;6.7500000e+01;1.8334825e-02;6.7500000e+01;3.6930159e-02;6.7500000e+01;6.1277397e-02;6.7500000e+01;8.9511193e-02;6.7500000e+01;1.2002052e-01;6.7500000e+01;1.5223294e-01;6.7500000e+01;1.8930268e-01;6.7500000e+01;2.2670817e-01;6.7500000e+01;2.5688857e-01;6.7500000e+01;2.7640617e-01;6.7500000e+01;2.8188735e-01;6.7500000e+01;2.6975003e-01;6.7500000e+01;2.3730175e-01;6.7500000e+01;1.9289251e-01;6.7500000e+01;1.4017588e-01;6.7500000e+01;9.0415612e-02;6.7500000e+01;4.7270216e-02;6.7500000e+01;3.7412937e-03;6.7500000e+01;1.8334825e-02;6.7500000e+01;3.6930159e-02;6.7500000e+01;6.1277397e-02;6.7500000e+01;8.9511193e-02;6.7500000e+01;1.2002052e-01;6.7500000e+01;1.5223294e-01;6.7500000e+01;1.8930268e-01;6.7500000e+01;2.2670817e-01;6.7500000e+01;2.5688857e-01;6.7500000e+01;2.7640617e-01;6.7500000e+01;2.8188735e-01;6.7500000e+01;2.6975003e-01;6.7500000e+01;2.3730175e-01;6.7500000e+01;1.9289251e-01;6.7500000e+01;1.4017588e-01;6.7500000e+01;9.0415612e-02;6.7500000e+01;4.7270216e-02;6.7500000e+01;3.7412937e-03;6.7500000e+01;1.8334825e-02;6.7500000e+01;3.6930159e-02;6.7500000e+01;6.1277397e-02;6.7500000e+01;8.9511193e-02;6.7500000e+01;1.2002052e-01;6.7500000e+01;1.5223294e-01;6.7500000e+01;1.8930268e-01;6.7500000e+01;2.2670817e-01;6.7500000e+01;2.5688857e-01;6.7500000e+01;2.7640617e-01;6.7500000e+01;2.8188735e-01;6.7500000e+01;2.6975003e-01;6.7500000e+01;2.3730175e-01;6.7500000e+01;1.9289251e-01;6.7500000e+01;1.4017588e-01;6.7500000e+01;9.0415612e-02;6.7500000e+01;4.7270216e-02;6.7500000e+01;3.7412937e-03;6.7500000e+01;1.8334825e-02;6.7500000e+01;3.6930159e-02;6.7500000e+01;6.1277397e-02;6.7500000e+01;8.9511193e-02;6.7500000e+01;1.2002052e-01;6.7500000e+01;1.5223294e-01;6.7500000e+01;1.8930268e-01;6.7500000e+01;2.2670817e-01;6.7500000e+01;2.5688857e-01;6.7500000e+01;2.7640617e-01;6.7500000e+01;2.8188735e-01;6.7500000e+01;2.6975003e-01;6.7500000e+01;2.3730175e-01;6.7500000e+01;1.9289251e-01;6.7500000e+01;1.4017588e-01;6.7500000e+01;9.0415612e-02;6.7500000e+01;4.7270216e-02;6.7500000e+01;3.7412937e-03;6.7500000e+01;1.8334825e-02;6.7500000e+01;3.6930159e-02;6.7500000e+01;6.1277397e-02;6.7500000e+01;8.9511193e-02;6.7500000e+01;1.2002052e-01;6.7500000e+01;1.5223294e-01;6.7500000e+01;1.8930268e-01;6.7500000e+01;2.2670817e-01;6.7500000e+01;2.5688857e-01;6.7500000e+01;2.7640617e-01;6.7500000e+01;2.8188735e-01;6.7500000e+01;2.6975003e-01;6.7500000e+01;2.3730175e-01;6.7500000e+01;1.9289251e-01;6.7500000e+01;1.4017588e-01;6.7500000e+01;9.0415612e-02;6.7500000e+01;4.7270216e-02;6.7500000e+01;3.7412937e-03;6.7500000e+01;1.8334825e-02;6.7500000e+01;3.6930159e-02;6.7500000e+01;6.1277397e-02;6.7500000e+01;8.9511193e-02;6.7500000e+01;1.2002052e-01;6.7500000e+01;1.5223294e-01;6.7500000e+01;1.8930268e-01;6.7500000e+01;2.2670817e-01;6.7500000e+01;2.5688857e-01;6.7500000e+01;2.7640617e-01;6.7500000e+01;2.8188735e-01;6.7500000e+01;2.6975003e-01;6.7500000e+01;2.3730175e-01;6.7500000e+01;1.9289251e-01;6.7500000e+01;1.4017588e-01;6.7500000e+01;9.0415612e-02;6.7500000e+01;4.7270216e-02;6.7500000e+01;3.7412937e-03;6.7500000e+01;1.8334825e-02;6.7500000e+01;3.6930159e-02;6.7500000e+01;6.1277397e-02;6.7500000e+01;8.9511193e-02;6.7500000e+01;1.2002052e-01;6.7500000e+01;1.5223294e-01;6.7500000e+01;1.8930268e-01;6.7500000e+01;2.2670817e-01;6.7500000e+01;2.5688857e-01;6.7500000e+01;2.7640617e-01;6.7500000e+01;2.8188735e-01;6.7500000e+01;2.6975003e-01;6.7500000e+01;2.3730175e-01;6.7500000e+01;1.9289251e-01;6.7500000e+01;1.4017588e-01;6.7500000e+01;9.0415612e-02;6.7500000e+01;4.7270216e-02;6.7500000e+01;3.7412937e-03;6.7500000e+01;1.8334825e-02;6.7500000e+01;3.6930159e-02;6.7500000e+01;6.1277397e-02;6.7500000e+01;8.9511193e-02;6.7500000e+01;1.2002052e-01;6.7500000e+01;1.5223294e-01;6.7500000e+01;1.8930268e-01;6.7500000e+01;2.2670817e-01;6.7500000e+01;2.5688857e-01;6.7500000e+01;2.7640617e-01;6.7500000e+01;2.8188735e-01;6.7500000e+01;2.6975003e-01;6.7500000e+01;2.3730175e-01;6.7500000e+01;1.9289251e-01;6.7500000e+01;1.4017588e-01;6.7500000e+01;9.0415612e-02;6.7500000e+01;4.7270216e-02;6.7500000e+01;3.7412937e-03;6.7500000e+01;1.8334825e-02;6.7500000e+01;3.6930159e-02;6.7500000e+01;6.1277397e-02;6.7500000e+01;8.9511193e-02;6.7500000e+01;1.2002052e-01;6.7500000e+01;1.5223294e-01;6.7500000e+01;1.8930268e-01;6.7500000e+01;2.2670817e-01;6.7500000e+01;2.5688857e-01;6.7500000e+01;2.7640617e-01;6.7500000e+01;2.8188735e-01;6.7500000e+01;2.6975003e-01;6.7500000e+01;2.3730175e-01;6.7500000e+01;1.9289251e-01;6.7500000e+01;1.4017588e-01;6.7500000e+01;9.0415612e-02;6.7500000e+01;4.7270216e-02;6.7500000e+01;3.7412937e-03;6.7500000e+01;1.8334825e-02;6.7500000e+01;3.6930159e-02;6.7500000e+01;6.1277397e-02;6.7500000e+01;8.9511193e-02;6.7500000e+01;1.2002052e-01;6.7500000e+01;1.5223294e-01;6.7500000e+01;1.8930268e-01;6.7500000e+01;2.2670817e-01;6.7500000e+01;2.5688857e-01;6.7500000e+01;2.7640617e-01;6.7500000e+01;2.8188735e-01;6.7500000e+01;2.6975003e-01;6.7500000e+01;2.3730175e-01;6.7500000e+01;1.9289251e-01;6.7500000e+01;1.4017588e-01;6.7500000e+01;9.0415612e-02;6.7500000e+01;4.7270216e-02;6.7500000e+01;3.7412937e-03;6.7500000e+01;1.8334825e-02;6.7500000e+01;3.6930159e-02;6.7500000e+01;6.1277397e-02;6.7500000e+01;8.9511193e-02;6.7500000e+01;1.2002052e-01;6.7500000e+01;1.5223294e-01;6.7500000e+01;1.8930268e-01;6.7500000e+01;2.2670817e-01;6.7500000e+01;2.5688857e-01;6.7500000e+01;2.7640617e-01;6.7500000e+01;2.8188735e-01;6.7500000e+01;2.6975003e-01;6.7500000e+01;2.3730175e-01;6.7500000e+01;1.9289251e-01;6.7500000e+01;1.4017588e-01;6.7500000e+01;9.0415612e-02;6.7500000e+01;4.7270216e-02;6.7500000e+01;3.7412937e-03;6.7500000e+01;1.8334825e-02;6.7500000e+01;3.6930159e-02;6.7500000e+01;6.1277397e-02;6.7500000e+01;8.9511193e-02;6.7500000e+01;1.2002052e-01;6.7500000e+01;1.5223294e-01;6.7500000e+01;1.8930268e-01;6.7500000e+01;2.2670817e-01;6.7500000e+01;2.5688857e-01;6.7500000e+01;2.7640617e-01;6.7500000e+01;2.8188735e-01;6.7500000e+01;2.6975003e-01;6.7500000e+01;2.3730175e-01;6.7500000e+01;1.9289251e-01;6.7500000e+01;1.4017588e-01;6.7500000e+01;9.0415612e-02;6.7500000e+01;4.7270216e-02;6.7500000e+01;3.7412937e-03;6.7500000e+01;1.8334825e-02;6.7500000e+01;3.6930159e-02;6.7500000e+01;6.1277397e-02;6.7500000e+01;8.9511193e-02;6.7500000e+01;1.2002052e-01;6.7500000e+01;1.5223294e-01;6.7500000e+01;1.8930268e-01;6.7500000e+01;2.2670817e-01;6.7500000e+01;2.5688857e-01;6.7500000e+01;2.7640617e-01;6.7500000e+01;2.8188735e-01;6.7500000e+01;2.6975003e-01;6.7500000e+01;2.3730175e-01;6.7500000e+01;1.9289251e-01;6.7500000e+01;1.4017588e-01;6.7500000e+01;9.0415612e-02;6.7500000e+01;4.7270216e-02;6.7500000e+01;3.7412937e-03;6.7500000e+01;1.8334825e-02;6.7500000e+01;3.6930159e-02;6.7500000e+01;6.1277397e-02;6.7500000e+01;8.9511193e-02;6.7500000e+01;1.2002052e-01;6.7500000e+01;1.5223294e-01;6.7500000e+01;1.8930268e-01;6.7500000e+01;2.2670817e-01;6.7500000e+01;2.5688857e-01;6.7500000e+01;2.7640617e-01;6.7500000e+01;2.8188735e-01;6.7500000e+01;2.6975003e-01;6.7500000e+01;2.3730175e-01;6.7500000e+01;1.9289251e-01;6.7500000e+01;1.4017588e-01;6.7500000e+01;9.0415612e-02;6.7500000e+01;4.7270216e-02;6.7500000e+01;3.7412937e-03;6.7500000e+01;1.8334825e-02;6.7500000e+01;3.6930159e-02;6.7500000e+01;6.1277397e-02;6.7500000e+01;8.9511193e-02;6.7500000e+01;1.2002052e-01;6.7500000e+01;1.5223294e-01;6.7500000e+01;1.8930268e-01;6.7500000e+01;2.2670817e-01;6.7500000e+01;2.5688857e-01;6.7500000e+01;2.7640617e-01;6.7500000e+01;2.8188735e-01;6.7500000e+01;2.6975003e-01;6.7500000e+01;2.3730175e-01;6.7500000e+01;1.9289251e-01;6.7500000e+01;1.4017588e-01;6.7500000e+01;9.0415612e-02;6.7500000e+01;4.7270216e-02;6.7500000e+01;3.7412937e-03;6.7500000e+01;1.8334825e-02;6.7500000e+01;3.6930159e-02;6.7500000e+01;6.1277397e-02;6.7500000e+01;8.9511193e-02;6.7500000e+01;1.2002052e-01;6.7500000e+01;1.5223294e-01;6.7500000e+01;1.8930268e-01;6.7500000e+01;2.2670817e-01;6.7500000e+01;2.5688857e-01;6.7500000e+01;2.7640617e-01;6.7500000e+01;2.8188735e-01;6.7500000e+01;2.6975003e-01;6.7500000e+01;2.3730175e-01;6.7500000e+01;1.9289251e-01;6.7500000e+01;1.4017588e-01;6.7500000e+01;9.0415612e-02;6.7500000e+01;4.7270216e-02;6.7500000e+01;3.7412937e-03;6.7500000e+01;1.8334825e-02;6.7500000e+01;3.6930159e-02;6.7500000e+01;6.1277397e-02;6.7500000e+01;8.9511193e-02;6.7500000e+01;1.2002052e-01;6.7500000e+01;1.5223294e-01;6.7500000e+01;1.8930268e-01;6.7500000e+01;2.2670817e-01;6.7500000e+01;2.5688857e-01;6.7500000e+01;2.7640617e-01;6.7500000e+01;2.8188735e-01;6.7500000e+01;2.6975003e-01;6.7500000e+01;2.3730175e-01;6.7500000e+01;1.9289251e-01;6.7500000e+01;1.4017588e-01;6.7500000e+01;9.0415612e-02;6.7500000e+01;4.7270216e-02;6.7500000e+01;3.7412937e-03;6.7500000e+01;1.8334825e-02;6.7500000e+01;3.6930159e-02;6.7500000e+01;6.1277397e-02;6.7500000e+01;8.9511193e-02;6.7500000e+01;1.2002052e-01;6.7500000e+01;1.5223294e-01;6.7500000e+01;1.8930268e-01;6.7500000e+01;2.2670817e-01;6.7500000e+01;2.5688857e-01;6.7500000e+01;2.7640617e-01;6.7500000e+01;2.8188735e-01;6.7500000e+01;2.6975003e-01;6.7500000e+01;2.3730175e-01;6.7500000e+01;1.9289251e-01;6.7500000e+01;1.4017588e-01;6.7500000e+01;9.0415612e-02;6.7500000e+01;4.7270216e-02;6.7500000e+01;3.7412937e-03;6.7500000e+01;1.8334825e-02;6.7500000e+01;3.6930159e-02;6.7500000e+01;6.1277397e-02;6.7500000e+01;8.9511193e-02;6.7500000e+01;1.2002052e-01;6.7500000e+01;1.5223294e-01;6.7500000e+01;1.8930268e-01;6.7500000e+01;2.2670817e-01;6.7500000e+01;2.5688857e-01;6.7500000e+01;2.7640617e-01;6.7500000e+01;2.8188735e-01;6.7500000e+01;2.6975003e-01;6.7500000e+01;2.3730175e-01;6.7500000e+01;1.9289251e-01;6.7500000e+01;1.4017588e-01;6.7500000e+01;9.0415612e-02;6.7500000e+01;4.7270216e-02;6.7500000e+01;3.7412937e-03;6.7500000e+01;1.8334825e-02;6.7500000e+01;3.6930159e-02;6.7500000e+01;6.1277397e-02;6.7500000e+01;8.9511193e-02;6.7500000e+01;1.2002052e-01;6.7500000e+01;1.5223294e-01;6.7500000e+01;1.8930268e-01;6.7500000e+01;2.2670817e-01;6.7500000e+01;2.5688857e-01;6.7500000e+01;2.7640617e-01;6.7500000e+01;2.8188735e-01;6.7500000e+01;2.6975003e-01;6.7500000e+01;2.3730175e-01;6.7500000e+01;1.9289251e-01;6.7500000e+01;1.4017588e-01;6.7500000e+01;9.0415612e-02;6.7500000e+01;4.7270216e-02;6.7500000e+01;3.7412937e-03;6.7500000e+01;1.8334825e-02;6.7500000e+01;3.6930159e-02;6.7500000e+01;6.1277397e-02;6.7500000e+01;8.9511193e-02;6.7500000e+01;1.2002052e-01;6.7500000e+01;1.5223294e-01;6.7500000e+01;1.8930268e-01;6.7500000e+01;2.2670817e-01;6.7500000e+01;2.5688857e-01;6.7500000e+01;2.7640617e-01;6.7500000e+01;2.8188735e-01;6.7500000e+01;2.6975003e-01;6.7500000e+01;2.3730175e-01;6.7500000e+01;1.9289251e-01;6.7500000e+01;1.4017588e-01;6.7500000e+01;9.0415612e-02;6.7500000e+01;4.7270216e-02;6.7500000e+01;3.7412937e-03;6.7500000e+01;1.8334825e-02;6.7500000e+01;3.6930159e-02;6.7500000e+01;6.1277397e-02;6.7500000e+01;8.9511193e-02;6.7500000e+01;1.2002052e-01;6.7500000e+01;1.5223294e-01;6.7500000e+01;1.8930268e-01;6.7500000e+01;2.2670817e-01;6.7500000e+01;2.5688857e-01;6.7500000e+01;2.7640617e-01;6.7500000e+01;2.8188735e-01;6.7500000e+01;2.6975003e-01;6.7500000e+01;2.3730175e-01;6.7500000e+01;1.9289251e-01;6.7500000e+01;1.4017588e-01;6.7500000e+01;9.0415612e-02;6.7500000e+01;4.7270216e-02;6.7500000e+01;3.7412937e-03;6.7500000e+01;1.8334825e-02;6.7500000e+01;3.6930159e-02;6.7500000e+01;6.1277397e-02;6.7500000e+01;8.9511193e-02;6.7500000e+01;1.2002052e-01;6.7500000e+01;1.5223294e-01;6.7500000e+01;1.8930268e-01;6.7500000e+01;2.2670817e-01;6.7500000e+01;2.5688857e-01;6.7500000e+01;2.7640617e-01;6.7500000e+01;2.8188735e-01;6.7500000e+01;2.6975003e-01;6.7500000e+01;2.3730175e-01;6.7500000e+01;1.9289251e-01;6.7500000e+01;1.4017588e-01;6.7500000e+01;9.0415612e-02;6.7500000e+01;4.7270216e-02;6.7500000e+01;3.7412937e-03;6.7500000e+01;1.8334825e-02;6.7500000e+01;3.6930159e-02;6.7500000e+01;6.1277397e-02;6.7500000e+01;8.9511193e-02;6.7500000e+01;1.2002052e-01;6.7500000e+01;1.5223294e-01;6.7500000e+01;1.8930268e-01;6.7500000e+01;2.2670817e-01;6.7500000e+01;2.5688857e-01;6.7500000e+01;2.7640617e-01;6.7500000e+01;2.8188735e-01;6.7500000e+01;2.6975003e-01;6.7500000e+01;2.3730175e-01;6.7500000e+01;1.9289251e-01;6.7500000e+01;1.4017588e-01;6.7500000e+01;9.0415612e-02;6.7500000e+01;4.7270216e-02;6.7500000e+01;3.7412937e-03;6.7500000e+01;1.8334825e-02;6.7500000e+01;3.6930159e-02;6.7500000e+01;6.1277397e-02;6.7500000e+01;8.9511193e-02;6.7500000e+01;1.2002052e-01;6.7500000e+01;1.5223294e-01;6.7500000e+01;1.8930268e-01;6.7500000e+01;2.2670817e-01;6.7500000e+01;2.5688857e-01;6.7500000e+01;2.7640617e-01;6.7500000e+01;2.8188735e-01;6.7500000e+01;2.6975003e-01;6.7500000e+01;2.3730175e-01;6.7500000e+01;1.9289251e-01;6.7500000e+01;1.4017588e-01;6.7500000e+01;9.0415612e-02;6.7500000e+01;4.7270216e-02;6.7500000e+01;3.7412937e-03;6.7500000e+01;1.8334825e-02;6.7500000e+01;3.6930159e-02;6.7500000e+01;6.1277397e-02;6.7500000e+01;8.9511193e-02;6.7500000e+01;1.2002052e-01;6.7500000e+01;1.5223294e-01;6.7500000e+01;1.8930268e-01;6.7500000e+01;2.2670817e-01;6.7500000e+01;2.5688857e-01;6.7500000e+01;2.7640617e-01;6.7500000e+01;2.8188735e-01;6.7500000e+01;2.6975003e-01;6.7500000e+01;2.3730175e-01;6.7500000e+01;1.9289251e-01;6.7500000e+01;1.4017588e-01;6.7500000e+01;9.0415612e-02;6.7500000e+01;4.7270216e-02;6.7500000e+01;3.7412937e-03;6.7500000e+01;1.8334825e-02;6.7500000e+01;3.6930159e-02;6.7500000e+01;6.1277397e-02;6.7500000e+01;8.9511193e-02;6.7500000e+01;1.2002052e-01;6.7500000e+01;1.5223294e-01;6.7500000e+01;1.8930268e-01;6.7500000e+01;2.2670817e-01;6.7500000e+01;2.5688857e-01;6.7500000e+01;2.7640617e-01;6.7500000e+01;2.8188735e-01;6.7500000e+01;2.6975003e-01;6.7500000e+01;2.3730175e-01;6.7500000e+01;1.9289251e-01;6.7500000e+01;1.4017588e-01;6.7500000e+01;9.0415612e-02;6.7500000e+01;4.7270216e-02;6.7500000e+01;3.7412937e-03;6.7500000e+01;1.8334825e-02;6.7500000e+01;3.6930159e-02;6.7500000e+01;6.1277397e-02;6.7500000e+01;8.9511193e-02;6.7500000e+01;1.2002052e-01;6.7500000e+01;1.5223294e-01;6.7500000e+01;1.8930268e-01;6.7500000e+01;2.2670817e-01;6.7500000e+01;2.5688857e-01;6.7500000e+01;2.7640617e-01;6.7500000e+01;2.8188735e-01;6.7500000e+01;2.6975003e-01;6.7500000e+01;2.3730175e-01;6.7500000e+01;1.9289251e-01;6.7500000e+01;1.4017588e-01;6.7500000e+01;9.0415612e-02;6.7500000e+01;4.7270216e-02;6.7500000e+01;3.7412937e-03;6.7500000e+01;1.8334825e-02;6.7500000e+01;3.6930159e-02;6.7500000e+01;6.1277397e-02;6.7500000e+01;8.9511193e-02;6.7500000e+01;1.2002052e-01;6.7500000e+01;1.5223294e-01;6.7500000e+01;1.8930268e-01;6.7500000e+01;2.2670817e-01;6.7500000e+01;2.5688857e-01;6.7500000e+01;2.7640617e-01;6.7500000e+01;2.8188735e-01;6.7500000e+01;2.6975003e-01;6.7500000e+01;2.3730175e-01;6.7500000e+01;1.9289251e-01;6.7500000e+01;1.4017588e-01;6.7500000e+01;9.0415612e-02;6.7500000e+01;4.7270216e-02;6.7500000e+01;3.7412937e-03;6.7500000e+01;1.8334825e-02;6.7500000e+01;3.6930159e-02;6.7500000e+01;6.1277397e-02;6.7500000e+01;8.9511193e-02;6.7500000e+01;1.2002052e-01;6.7500000e+01;1.5223294e-01;6.7500000e+01;1.8930268e-01;6.7500000e+01;2.2670817e-01;6.7500000e+01;2.5688857e-01;6.7500000e+01;2.7640617e-01;6.7500000e+01;2.8188735e-01;6.7500000e+01;2.6975003e-01;6.7500000e+01;2.3730175e-01;6.7500000e+01;1.9289251e-01;6.7500000e+01;1.4017588e-01;6.7500000e+01;9.0415612e-02;6.7500000e+01;4.7270216e-02;6.7500000e+01;3.7412937e-03;6.7500000e+01;1.8334825e-02;6.7500000e+01;3.6930159e-02;6.7500000e+01;6.1277397e-02;6.7500000e+01;8.9511193e-02;6.7500000e+01;1.2002052e-01;6.7500000e+01;1.5223294e-01;6.7500000e+01;1.8930268e-01;6.7500000e+01;2.2670817e-01;6.7500000e+01;2.5688857e-01;6.7500000e+01;2.7640617e-01;6.7500000e+01;2.8188735e-01;6.7500000e+01;2.6975003e-01;6.7500000e+01;2.3730175e-01;6.7500000e+01;1.9289251e-01;6.7500000e+01;1.4017588e-01;6.7500000e+01;9.0415612e-02;6.7500000e+01;4.7270216e-02;6.7500000e+01;3.7412937e-03;6.7500000e+01;1.8334825e-02;6.7500000e+01;3.6930159e-02;6.7500000e+01;6.1277397e-02;6.7500000e+01;8.9511193e-02;6.7500000e+01;1.2002052e-01;6.7500000e+01;1.5223294e-01;6.7500000e+01;1.8930268e-01;6.7500000e+01;2.2670817e-01;6.7500000e+01;2.5688857e-01;6.7500000e+01;2.7640617e-01;6.7500000e+01;2.8188735e-01;6.7500000e+01;2.6975003e-01;6.7500000e+01;2.3730175e-01;6.7500000e+01;1.9289251e-01;6.7500000e+01;1.4017588e-01;6.7500000e+01;9.0415612e-02;6.7500000e+01;4.7270216e-02;6.7500000e+01;3.7412937e-03;6.7500000e+01;1.8334825e-02;6.7500000e+01;3.6930159e-02;6.7500000e+01;6.1277397e-02;6.7500000e+01;8.9511193e-02;6.7500000e+01;1.2002052e-01;6.7500000e+01;1.5223294e-01;6.7500000e+01;1.8930268e-01;6.7500000e+01;2.2670817e-01;6.7500000e+01;2.5688857e-01;6.7500000e+01;2.7640617e-01;6.7500000e+01;2.8188735e-01;6.7500000e+01;2.6975003e-01;6.7500000e+01;2.3730175e-01;6.7500000e+01;1.9289251e-01;6.7500000e+01;1.4017588e-01;6.7500000e+01;9.0415612e-02;6.7500000e+01;4.7270216e-02;6.7500000e+01;3.7412937e-03;6.7500000e+01;1.8334825e-02;6.7500000e+01;3.6930159e-02;6.7500000e+01;6.1277397e-02;6.7500000e+01;8.9511193e-02;6.7500000e+01;1.2002052e-01;6.7500000e+01;1.5223294e-01;6.7500000e+01;1.8930268e-01;6.7500000e+01;2.2670817e-01;6.7500000e+01;2.5688857e-01;6.7500000e+01;2.7640617e-01;6.7500000e+01;2.8188735e-01;6.7500000e+01;2.6975003e-01;6.7500000e+01;2.3730175e-01;6.7500000e+01;1.9289251e-01;6.7500000e+01;1.4017588e-01;6.7500000e+01;9.0415612e-02;6.7500000e+01;4.7270216e-02;6.7500000e+01;3.7412937e-03;6.7500000e+01;1.8334825e-02;6.7500000e+01;3.6930159e-02;6.7500000e+01;6.1277397e-02;6.7500000e+01;8.9511193e-02;6.7500000e+01;1.2002052e-01;6.7500000e+01;1.5223294e-01;6.7500000e+01;1.8930268e-01;6.7500000e+01;2.2670817e-01;6.7500000e+01;2.5688857e-01;6.7500000e+01;2.7640617e-01;6.7500000e+01;2.8188735e-01;6.7500000e+01;2.6975003e-01;6.7500000e+01;2.3730175e-01;6.7500000e+01;1.9289251e-01;6.7500000e+01;1.4017588e-01;6.7500000e+01;9.0415612e-02;6.7500000e+01;4.7270216e-02;6.7500000e+01;3.7412937e-03;6.7500000e+01;1.8334825e-02;6.7500000e+01;3.6930159e-02;6.7500000e+01;6.1277397e-02;6.7500000e+01;8.9511193e-02;6.7500000e+01;1.2002052e-01;6.7500000e+01;1.5223294e-01;6.7500000e+01;1.8930268e-01;6.7500000e+01;2.2670817e-01;6.7500000e+01;2.5688857e-01;6.7500000e+01;2.7640617e-01;6.7500000e+01;2.8188735e-01;6.7500000e+01;2.6975003e-01;6.7500000e+01;2.3730175e-01;6.7500000e+01;1.9289251e-01;6.7500000e+01;1.4017588e-01;6.7500000e+01;9.0415612e-02;6.7500000e+01;4.7270216e-02;6.7500000e+01;3.7412937e-03;6.7500000e+01;1.8334825e-02;6.7500000e+01;3.6930159e-02;6.7500000e+01;6.1277397e-02;6.7500000e+01;8.9511193e-02;6.7500000e+01;1.2002052e-01;6.7500000e+01;1.5223294e-01;6.7500000e+01;1.8930268e-01;6.7500000e+01;2.2670817e-01;6.7500000e+01;2.5688857e-01;6.7500000e+01;2.7640617e-01;6.7500000e+01;2.8188735e-01;6.7500000e+01;2.6975003e-01;6.7500000e+01;2.3730175e-01;6.7500000e+01;1.9289251e-01;6.7500000e+01;1.4017588e-01;6.7500000e+01;9.0415612e-02;6.7500000e+01;4.7270216e-02;6.7500000e+01;3.7412937e-03;6.7500000e+01;1.8334825e-02;6.7500000e+01;3.6930159e-02;6.7500000e+01;6.1277397e-02;6.7500000e+01;8.9511193e-02;6.7500000e+01;1.2002052e-01;6.7500000e+01;1.5223294e-01;6.7500000e+01;1.8930268e-01;6.7500000e+01;2.2670817e-01;6.7500000e+01;2.5688857e-01;6.7500000e+01;2.7640617e-01;6.7500000e+01;2.8188735e-01;6.7500000e+01;2.6975003e-01;6.7500000e+01;2.3730175e-01;6.7500000e+01;1.9289251e-01;6.7500000e+01;1.4017588e-01;6.7500000e+01;9.0415612e-02;6.7500000e+01;4.7270216e-02;6.7500000e+01;3.7412937e-03;6.7500000e+01;1.8334825e-02;6.7500000e+01;3.6930159e-02;6.7500000e+01;6.1277397e-02;6.7500000e+01;8.9511193e-02;6.7500000e+01;1.2002052e-01;6.7500000e+01;1.5223294e-01;6.7500000e+01;1.8930268e-01;6.7500000e+01;2.2670817e-01;6.7500000e+01;2.5688857e-01;6.7500000e+01;2.7640617e-01;6.7500000e+01;2.8188735e-01;6.7500000e+01;2.6975003e-01;6.7500000e+01;2.3730175e-01;6.7500000e+01;1.9289251e-01;6.7500000e+01;1.4017588e-01;6.7500000e+01;9.0415612e-02;6.7500000e+01;4.7270216e-02;6.7500000e+01;3.7412937e-03;6.7500000e+01;1.8334825e-02;6.7500000e+01;3.6930159e-02;6.7500000e+01;6.1277397e-02;6.7500000e+01;8.9511193e-02;6.7500000e+01;1.2002052e-01;6.7500000e+01;1.5223294e-01;6.7500000e+01;1.8930268e-01;6.7500000e+01;2.2670817e-01;6.7500000e+01;2.5688857e-01;6.7500000e+01;2.7640617e-01;6.7500000e+01;2.8188735e-01;6.7500000e+01;2.6975003e-01;6.7500000e+01;2.3730175e-01;6.7500000e+01;1.9289251e-01;6.7500000e+01;1.4017588e-01;6.7500000e+01;9.0415612e-02;6.7500000e+01;4.7270216e-02;6.7500000e+01;3.7412937e-03;6.7500000e+01;1.8334825e-02;6.7500000e+01;3.6930159e-02;6.7500000e+01;6.1277397e-02;6.7500000e+01;8.9511193e-02;6.7500000e+01;1.2002052e-01;6.7500000e+01;1.5223294e-01;6.7500000e+01;1.8930268e-01;6.7500000e+01;2.2670817e-01;6.7500000e+01;2.5688857e-01;6.7500000e+01;2.7640617e-01;6.7500000e+01;2.8188735e-01;6.7500000e+01;2.6975003e-01;6.7500000e+01;2.3730175e-01;6.7500000e+01;1.9289251e-01;6.7500000e+01;1.4017588e-01;6.7500000e+01;9.0415612e-02;6.7500000e+01;4.7270216e-02;6.7500000e+01;3.7412937e-03;6.7500000e+01;1.8334825e-02;6.7500000e+01;3.6930159e-02;6.7500000e+01;6.1277397e-02;6.7500000e+01;8.9511193e-02;6.7500000e+01;1.2002052e-01;6.7500000e+01;1.5223294e-01;6.7500000e+01;1.8930268e-01;6.7500000e+01;2.2670817e-01;6.7500000e+01;2.5688857e-01;6.7500000e+01;2.7640617e-01;6.7500000e+01;2.8188735e-01;6.7500000e+01;2.6975003e-01;6.7500000e+01;2.3730175e-01;6.7500000e+01;1.9289251e-01;6.7500000e+01;1.4017588e-01;6.7500000e+01;9.0415612e-02;6.7500000e+01;4.7270216e-02;6.7500000e+01;3.7412937e-03;6.7500000e+01;1.8334825e-02;6.7500000e+01;3.6930159e-02;6.7500000e+01;6.1277397e-02;6.7500000e+01;8.9511193e-02;6.7500000e+01;1.2002052e-01;6.7500000e+01;1.5223294e-01;6.7500000e+01;1.8930268e-01;6.7500000e+01;2.2670817e-01;6.7500000e+01;2.5688857e-01;6.7500000e+01;2.7640617e-01;6.7500000e+01;2.8188735e-01;6.7500000e+01;2.6975003e-01;6.7500000e+01;2.3730175e-01;6.7500000e+01;1.9289251e-01;6.7500000e+01;1.4017588e-01;6.7500000e+01;9.0415612e-02;6.7500000e+01;4.7270216e-02;6.7500000e+01;3.7412937e-03;6.7500000e+01;1.8334825e-02;6.7500000e+01;3.6930159e-02;6.7500000e+01;6.1277397e-02;6.7500000e+01;8.9511193e-02;6.7500000e+01;1.2002052e-01;6.7500000e+01;1.5223294e-01;6.7500000e+01;1.8930268e-01;6.7500000e+01;2.2670817e-01;6.7500000e+01;2.5688857e-01;6.7500000e+01;2.7640617e-01;6.7500000e+01;2.8188735e-01;6.7500000e+01;2.6975003e-01;6.7500000e+01;2.3730175e-01;6.7500000e+01;1.9289251e-01;6.7500000e+01;1.4017588e-01;6.7500000e+01;9.0415612e-02;6.7500000e+01;4.7270216e-02;6.7500000e+01;3.7412937e-03;6.7500000e+01;1.8334825e-02;6.7500000e+01;3.6930159e-02;6.7500000e+01;6.1277397e-02;6.7500000e+01;8.9511193e-02;6.7500000e+01;1.2002052e-01;6.7500000e+01;1.5223294e-01;6.7500000e+01;1.8930268e-01;6.7500000e+01;2.2670817e-01;6.7500000e+01;2.5688857e-01;6.7500000e+01;2.7640617e-01;6.7500000e+01;2.8188735e-01;6.7500000e+01;2.6975003e-01;6.7500000e+01;2.3730175e-01;6.7500000e+01;1.9289251e-01;6.7500000e+01;1.4017588e-01;6.7500000e+01;9.0415612e-02;6.7500000e+01;4.7270216e-02;6.7500000e+01;3.7412937e-03;6.7500000e+01;1.8334825e-02;6.7500000e+01;3.6930159e-02;6.7500000e+01;6.1277397e-02;6.7500000e+01;8.9511193e-02;6.7500000e+01;1.2002052e-01;6.7500000e+01;1.5223294e-01;6.7500000e+01;1.8930268e-01;6.7500000e+01;2.2670817e-01;6.7500000e+01;2.5688857e-01;6.7500000e+01;2.7640617e-01;6.7500000e+01;2.8188735e-01;6.7500000e+01;2.6975003e-01;6.7500000e+01;2.3730175e-01;6.7500000e+01;1.9289251e-01;6.7500000e+01;1.4017588e-01;6.7500000e+01;9.0415612e-02;6.7500000e+01;4.7270216e-02;6.7500000e+01;3.7412937e-03;6.7500000e+01;1.8334825e-02;6.7500000e+01;3.6930159e-02;6.7500000e+01;6.1277397e-02;6.7500000e+01;8.9511193e-02;6.7500000e+01;1.2002052e-01;6.7500000e+01;1.5223294e-01;6.7500000e+01;1.8930268e-01;6.7500000e+01;2.2670817e-01;6.7500000e+01;2.5688857e-01;6.7500000e+01;2.7640617e-01;6.7500000e+01;2.8188735e-01;6.7500000e+01;2.6975003e-01;6.7500000e+01;2.3730175e-01;6.7500000e+01;1.9289251e-01;6.7500000e+01;1.4017588e-01;6.7500000e+01;9.0415612e-02;6.7500000e+01;4.7270216e-02;6.7500000e+01;3.7412937e-03;6.7500000e+01;1.8334825e-02;6.7500000e+01;3.6930159e-02;6.7500000e+01;6.1277397e-02;6.7500000e+01;8.9511193e-02;6.7500000e+01;1.2002052e-01;6.7500000e+01;1.5223294e-01;6.7500000e+01;1.8930268e-01;6.7500000e+01;2.2670817e-01;6.7500000e+01;2.5688857e-01;6.7500000e+01;2.7640617e-01;6.7500000e+01;2.8188735e-01;6.7500000e+01;2.6975003e-01;6.7500000e+01;2.3730175e-01;6.7500000e+01;1.9289251e-01;6.7500000e+01;1.4017588e-01;6.7500000e+01;9.0415612e-02;6.7500000e+01;4.7270216e-02;6.7500000e+01;3.7412937e-03;6.7500000e+01;1.8334825e-02;6.7500000e+01;3.6930159e-02;6.7500000e+01;6.1277397e-02;6.7500000e+01;8.9511193e-02;6.7500000e+01;1.2002052e-01;6.7500000e+01;1.5223294e-01;6.7500000e+01;1.8930268e-01;6.7500000e+01;2.2670817e-01;6.7500000e+01;2.5688857e-01;6.7500000e+01;2.7640617e-01;6.7500000e+01;2.8188735e-01;6.7500000e+01;2.6975003e-01;6.7500000e+01;2.3730175e-01;6.7500000e+01;1.9289251e-01;6.7500000e+01;1.4017588e-01;6.7500000e+01;9.0415612e-02;6.7500000e+01;4.7270216e-02;6.7500000e+01;3.7412937e-03;6.7500000e+01;1.8334825e-02;6.7500000e+01;3.6930159e-02;6.7500000e+01;6.1277397e-02;6.7500000e+01;8.9511193e-02;6.7500000e+01;1.2002052e-01;6.7500000e+01;1.5223294e-01;6.7500000e+01;1.8930268e-01;6.7500000e+01;2.2670817e-01;6.7500000e+01;2.5688857e-01;6.7500000e+01;2.7640617e-01;6.7500000e+01;2.8188735e-01;6.7500000e+01;2.6975003e-01;6.7500000e+01;2.3730175e-01;6.7500000e+01;1.9289251e-01;6.7500000e+01;1.4017588e-01;6.7500000e+01;9.0415612e-02;6.7500000e+01;4.7270216e-02;6.7500000e+01;3.7412937e-03;6.7500000e+01;1.8334825e-02;6.7500000e+01;3.6930159e-02;6.7500000e+01;6.1277397e-02;6.7500000e+01;8.9511193e-02;6.7500000e+01;1.2002052e-01;6.7500000e+01;1.5223294e-01;6.7500000e+01;1.8930268e-01;6.7500000e+01;2.2670817e-01;6.7500000e+01;2.5688857e-01;6.7500000e+01;2.7640617e-01;6.7500000e+01;2.8188735e-01;6.7500000e+01;2.6975003e-01;6.7500000e+01;2.3730175e-01;6.7500000e+01;1.9289251e-01;6.7500000e+01;1.4017588e-01;6.7500000e+01;9.0415612e-02;6.7500000e+01;4.7270216e-02;6.7500000e+01;3.7412937e-03;6.7500000e+01;1.8334825e-02;6.7500000e+01;3.6930159e-02;6.7500000e+01;6.1277397e-02;6.7500000e+01;8.9511193e-02;6.7500000e+01;1.2002052e-01;6.7500000e+01;1.5223294e-01;6.7500000e+01;1.8930268e-01;6.7500000e+01;2.2670817e-01;6.7500000e+01;2.5688857e-01;6.7500000e+01;2.7640617e-01;6.7500000e+01;2.8188735e-01;6.7500000e+01;2.6975003e-01;6.7500000e+01;2.3730175e-01;6.7500000e+01;1.9289251e-01;6.7500000e+01;1.4017588e-01;6.7500000e+01;9.0415612e-02;6.7500000e+01;4.7270216e-02;6.7500000e+01;3.7412937e-03;6.7500000e+01;1.8334825e-02;6.7500000e+01;3.6930159e-02;6.7500000e+01;6.1277397e-02;6.7500000e+01;8.9511193e-02;6.7500000e+01;1.2002052e-01;6.7500000e+01;1.5223294e-01;6.7500000e+01;1.8930268e-01;6.7500000e+01;2.2670817e-01;6.7500000e+01;2.5688857e-01;6.7500000e+01;2.7640617e-01;6.7500000e+01;2.8188735e-01;6.7500000e+01;2.6975003e-01;6.7500000e+01;2.3730175e-01;6.7500000e+01;1.9289251e-01;6.7500000e+01;1.4017588e-01;6.7500000e+01;9.0415612e-02;6.7500000e+01;4.7270216e-02;6.7500000e+01;3.7412937e-03;6.7500000e+01;1.8334825e-02;6.7500000e+01;3.6930159e-02;6.7500000e+01;6.1277397e-02;6.7500000e+01;8.9511193e-02;6.7500000e+01;1.2002052e-01;6.7500000e+01;1.5223294e-01;6.7500000e+01;1.8930268e-01;6.7500000e+01;2.2670817e-01;6.7500000e+01;2.5688857e-01;6.7500000e+01;2.7640617e-01;6.7500000e+01;2.8188735e-01;6.7500000e+01;2.6975003e-01;6.7500000e+01;2.3730175e-01;6.7500000e+01;1.9289251e-01;6.7500000e+01;1.4017588e-01;6.7500000e+01;9.0415612e-02;6.7500000e+01;4.7270216e-02;6.7500000e+01;3.7412937e-03;6.7500000e+01;1.8334825e-02;6.7500000e+01;3.6930159e-02;6.7500000e+01;6.1277397e-02;6.7500000e+01;8.9511193e-02;6.7500000e+01;1.2002052e-01;6.7500000e+01;1.5223294e-01;6.7500000e+01;1.8930268e-01;6.7500000e+01;2.2670817e-01;6.7500000e+01;2.5688857e-01;6.7500000e+01;2.7640617e-01;6.7500000e+01;2.8188735e-01;6.7500000e+01;2.6975003e-01;6.7500000e+01;2.3730175e-01;6.7500000e+01;1.9289251e-01;6.7500000e+01;1.4017588e-01;6.7500000e+01;9.0415612e-02;6.7500000e+01;4.7270216e-02;6.7500000e+01;3.7412937e-03;6.7500000e+01;1.8334825e-02;6.7500000e+01;3.6930159e-02;6.7500000e+01;6.1277397e-02;6.7500000e+01;8.9511193e-02;6.7500000e+01;1.2002052e-01;6.7500000e+01;1.5223294e-01;6.7500000e+01;1.8930268e-01;6.7500000e+01;2.2670817e-01;6.7500000e+01;2.5688857e-01;6.7500000e+01;2.7640617e-01;6.7500000e+01;2.8188735e-01;6.7500000e+01;2.6975003e-01;6.7500000e+01;2.3730175e-01;6.7500000e+01;1.9289251e-01;6.7500000e+01;1.4017588e-01;6.7500000e+01;9.0415612e-02;6.7500000e+01;4.7270216e-02;6.7500000e+01;3.7412937e-03;6.7500000e+01;1.8334825e-02;6.7500000e+01;3.6930159e-02;6.7500000e+01;6.1277397e-02;6.7500000e+01;8.9511193e-02;6.7500000e+01;1.2002052e-01;6.7500000e+01;1.5223294e-01;6.7500000e+01;1.8930268e-01;6.7500000e+01;2.2670817e-01;6.7500000e+01;2.5688857e-01;6.7500000e+01;2.7640617e-01;6.7500000e+01;2.8188735e-01;6.7500000e+01;2.6975003e-01;6.7500000e+01;2.3730175e-01;6.7500000e+01;1.9289251e-01;6.7500000e+01;1.4017588e-01;6.7500000e+01;9.0415612e-02;6.7500000e+01;4.7270216e-02;6.7500000e+01;3.7412937e-03;6.7500000e+01;1.8334825e-02;6.7500000e+01;3.6930159e-02;6.7500000e+01;6.1277397e-02;6.7500000e+01;8.9511193e-02;6.7500000e+01;1.2002052e-01;6.7500000e+01;1.5223294e-01;6.7500000e+01;1.8930268e-01;6.7500000e+01;2.2670817e-01;6.7500000e+01;2.5688857e-01;6.7500000e+01;2.7640617e-01;6.7500000e+01;2.8188735e-01;6.7500000e+01;2.6975003e-01;6.7500000e+01;2.3730175e-01;6.7500000e+01;1.9289251e-01;6.7500000e+01;1.4017588e-01;6.7500000e+01;9.0415612e-02;6.7500000e+01;4.7270216e-02;6.7500000e+01;3.7412937e-03;6.7500000e+01;1.8334825e-02;6.7500000e+01;3.6930159e-02;6.7500000e+01;6.1277397e-02;6.7500000e+01;8.9511193e-02;6.7500000e+01;1.2002052e-01;6.7500000e+01;1.5223294e-01;6.7500000e+01;1.8930268e-01;6.7500000e+01;2.2670817e-01;6.7500000e+01;2.5688857e-01;6.7500000e+01;2.7640617e-01;6.7500000e+01;2.8188735e-01;6.7500000e+01;2.6975003e-01;6.7500000e+01;2.3730175e-01;6.7500000e+01;1.9289251e-01;6.7500000e+01;1.4017588e-01;6.7500000e+01;9.0415612e-02;6.7500000e+01;4.7270216e-02;6.7500000e+01;3.7412937e-03;6.7500000e+01;1.8334825e-02;6.7500000e+01;3.6930159e-02;6.7500000e+01;6.1277397e-02;6.7500000e+01;8.9511193e-02;6.7500000e+01;1.2002052e-01;6.7500000e+01;1.5223294e-01;6.7500000e+01;1.8930268e-01;6.7500000e+01;2.2670817e-01;6.7500000e+01;2.5688857e-01;6.7500000e+01;2.7640617e-01;6.7500000e+01;2.8188735e-01;6.7500000e+01;2.6975003e-01;6.7500000e+01;2.3730175e-01;6.7500000e+01;1.9289251e-01;6.7500000e+01;1.4017588e-01;6.7500000e+01;9.0415612e-02;6.7500000e+01;4.7270216e-02;6.7500000e+01;3.7412937e-03;6.7500000e+01;1.8334825e-02;6.7500000e+01;3.6930159e-02;6.7500000e+01;6.1277397e-02;6.7500000e+01;8.9511193e-02;6.7500000e+01;1.2002052e-01;6.7500000e+01;1.5223294e-01;6.7500000e+01;1.8930268e-01;6.7500000e+01;2.2670817e-01;6.7500000e+01;2.5688857e-01;6.7500000e+01;2.7640617e-01;6.7500000e+01;2.8188735e-01;6.7500000e+01;2.6975003e-01;6.7500000e+01;2.3730175e-01;6.7500000e+01;1.9289251e-01;6.7500000e+01;1.4017588e-01;6.7500000e+01;9.0415612e-02;6.7500000e+01;4.7270216e-02;6.7500000e+01;3.7412937e-03;6.7500000e+01;1.8334825e-02;6.7500000e+01;3.6930159e-02;6.7500000e+01;6.1277397e-02;6.7500000e+01;8.9511193e-02;6.7500000e+01;1.2002052e-01;6.7500000e+01;1.5223294e-01;6.7500000e+01;1.8930268e-01;6.7500000e+01;2.2670817e-01;6.7500000e+01;2.5688857e-01;6.7500000e+01;2.7640617e-01;6.7500000e+01;2.8188735e-01;6.7500000e+01;2.6975003e-01;6.7500000e+01;2.3730175e-01;6.7500000e+01;1.9289251e-01;6.7500000e+01;1.4017588e-01;6.7500000e+01;9.0415612e-02;6.7500000e+01;4.7270216e-02;6.7500000e+01;3.7412937e-03;6.7500000e+01;1.8334825e-02;6.7500000e+01;3.6930159e-02;6.7500000e+01;6.1277397e-02;6.7500000e+01;8.9511193e-02;6.7500000e+01;1.2002052e-01;6.7500000e+01;1.5223294e-01;6.7500000e+01;1.8930268e-01;6.7500000e+01;2.2670817e-01;6.7500000e+01;2.5688857e-01;6.7500000e+01;2.7640617e-01;6.7500000e+01;2.8188735e-01;6.7500000e+01;2.6975003e-01;6.7500000e+01;2.3730175e-01;6.7500000e+01;1.9289251e-01;6.7500000e+01;1.4017588e-01;6.7500000e+01;9.0415612e-02;6.7500000e+01;4.7270216e-02;6.7500000e+01;3.7412937e-03;6.7500000e+01;1.8334825e-02;6.7500000e+01;3.6930159e-02;6.7500000e+01;6.1277397e-02;6.7500000e+01;8.9511193e-02;6.7500000e+01;1.2002052e-01;6.7500000e+01;1.5223294e-01;6.7500000e+01;1.8930268e-01;6.7500000e+01;2.2670817e-01;6.7500000e+01;2.5688857e-01;6.7500000e+01;2.7640617e-01;6.7500000e+01;2.8188735e-01;6.7500000e+01;2.6975003e-01;6.7500000e+01;2.3730175e-01;6.7500000e+01;1.9289251e-01;6.7500000e+01;1.4017588e-01;6.7500000e+01;9.0415612e-02;6.7500000e+01;4.7270216e-02;6.7500000e+01;3.7412937e-03;6.7500000e+01;1.8334825e-02;6.7500000e+01;3.6930159e-02;6.7500000e+01;6.1277397e-02;6.7500000e+01;8.9511193e-02;6.7500000e+01;1.2002052e-01;6.7500000e+01;1.5223294e-01;6.7500000e+01;1.8930268e-01;6.7500000e+01;2.2670817e-01;6.7500000e+01;2.5688857e-01;6.7500000e+01;2.7640617e-01;6.7500000e+01;2.8188735e-01;6.7500000e+01;2.6975003e-01;6.7500000e+01;2.3730175e-01;6.7500000e+01;1.9289251e-01;6.7500000e+01;1.4017588e-01;6.7500000e+01;9.0415612e-02;6.7500000e+01;4.7270216e-02;6.7500000e+01;3.7412937e-03;6.7500000e+01;1.8334825e-02;6.7500000e+01;3.6930159e-02;6.7500000e+01;6.1277397e-02;6.7500000e+01;8.9511193e-02;6.7500000e+01;1.2002052e-01;6.7500000e+01;1.5223294e-01;6.7500000e+01;1.8930268e-01;6.7500000e+01;2.2670817e-01;6.7500000e+01;2.5688857e-01;6.7500000e+01;2.7640617e-01;6.7500000e+01;2.8188735e-01;6.7500000e+01;2.6975003e-01;6.7500000e+01;2.3730175e-01;6.7500000e+01;1.9289251e-01;6.7500000e+01;1.4017588e-01;6.7500000e+01;9.0415612e-02;6.7500000e+01;4.7270216e-02;6.7500000e+01;3.7412937e-03;6.7500000e+01;1.8334825e-02;6.7500000e+01;3.6930159e-02;6.7500000e+01;6.1277397e-02;6.7500000e+01;8.9511193e-02;6.7500000e+01;1.2002052e-01;6.7500000e+01;1.5223294e-01;6.7500000e+01;1.8930268e-01;6.7500000e+01;2.2670817e-01;6.7500000e+01;2.5688857e-01;6.7500000e+01;2.7640617e-01;6.7500000e+01;2.8188735e-01;6.7500000e+01;2.6975003e-01;6.7500000e+01;2.3730175e-01;6.7500000e+01;1.9289251e-01;6.7500000e+01;1.4017588e-01;6.7500000e+01;9.0415612e-02;6.7500000e+01;4.7270216e-02;6.7500000e+01;3.7412937e-03;6.7500000e+01;1.8334825e-02;6.7500000e+01;3.6930159e-02;6.7500000e+01;6.1277397e-02;6.7500000e+01;8.9511193e-02;6.7500000e+01;1.2002052e-01;6.7500000e+01;1.5223294e-01;6.7500000e+01;1.8930268e-01;6.7500000e+01;2.2670817e-01;6.7500000e+01;2.5688857e-01;6.7500000e+01;2.7640617e-01;6.7500000e+01;2.8188735e-01;6.7500000e+01;2.6975003e-01;6.7500000e+01;2.3730175e-01;6.7500000e+01;1.9289251e-01;6.7500000e+01;1.4017588e-01;6.7500000e+01;9.0415612e-02;6.7500000e+01;4.7270216e-02;6.7500000e+01;3.7412937e-03;6.7500000e+01;1.8334825e-02;6.7500000e+01;3.6930159e-02;6.7500000e+01;6.1277397e-02;6.7500000e+01;8.9511193e-02;6.7500000e+01;1.2002052e-01;6.7500000e+01;1.5223294e-01;6.7500000e+01;1.8930268e-01;6.7500000e+01;2.2670817e-01;6.7500000e+01;2.5688857e-01;6.7500000e+01;2.7640617e-01;6.7500000e+01;2.8188735e-01;6.7500000e+01;2.6975003e-01;6.7500000e+01;2.3730175e-01;6.7500000e+01;1.9289251e-01;6.7500000e+01;1.4017588e-01;6.7500000e+01;9.0415612e-02;6.7500000e+01;4.7270216e-02;6.7500000e+01;3.7412937e-03;6.7500000e+01;1.8334825e-02;6.7500000e+01;3.6930159e-02;6.7500000e+01;6.1277397e-02;6.7500000e+01;8.9511193e-02;6.7500000e+01;1.2002052e-01;6.7500000e+01;1.5223294e-01;6.7500000e+01;1.8930268e-01;6.7500000e+01;2.2670817e-01;6.7500000e+01;2.5688857e-01;6.7500000e+01;2.7640617e-01;6.7500000e+01;2.8188735e-01;6.7500000e+01;2.6975003e-01;6.7500000e+01;2.3730175e-01;6.7500000e+01;1.9289251e-01;6.7500000e+01;1.4017588e-01;6.7500000e+01;9.0415612e-02;6.7500000e+01;4.7270216e-02;6.7500000e+01;3.7412937e-03;6.7500000e+01;1.8334825e-02;6.7500000e+01;3.6930159e-02;6.7500000e+01;6.1277397e-02;6.7500000e+01;8.9511193e-02;6.7500000e+01;1.2002052e-01;6.7500000e+01;1.5223294e-01;6.7500000e+01;1.8930268e-01;6.7500000e+01;2.2670817e-01;6.7500000e+01;2.5688857e-01;6.7500000e+01;2.7640617e-01;6.7500000e+01;2.8188735e-01;6.7500000e+01;2.6975003e-01;6.7500000e+01;2.3730175e-01;6.7500000e+01;1.9289251e-01;6.7500000e+01;1.4017588e-01;6.7500000e+01;9.0415612e-02;6.7500000e+01;4.7270216e-02;6.7500000e+01;3.7412937e-03;6.7500000e+01;1.8334825e-02;6.7500000e+01;3.6930159e-02;6.7500000e+01;6.1277397e-02;6.7500000e+01;8.9511193e-02;6.7500000e+01;1.2002052e-01;6.7500000e+01;1.5223294e-01;6.7500000e+01;1.8930268e-01;6.7500000e+01;2.2670817e-01;6.7500000e+01;2.5688857e-01;6.7500000e+01;2.7640617e-01;6.7500000e+01;2.8188735e-01;6.7500000e+01;2.6975003e-01;6.7500000e+01;2.3730175e-01;6.7500000e+01;1.9289251e-01;6.7500000e+01;1.4017588e-01;6.7500000e+01;9.0415612e-02;6.7500000e+01;4.7270216e-02;6.7500000e+01;3.7412937e-03;6.7500000e+01;1.8334825e-02;6.7500000e+01;3.6930159e-02;6.7500000e+01;6.1277397e-02;6.7500000e+01;8.9511193e-02;6.7500000e+01;1.2002052e-01;6.7500000e+01;1.5223294e-01;6.7500000e+01;1.8930268e-01;6.7500000e+01;2.2670817e-01;6.7500000e+01;2.5688857e-01;6.7500000e+01;2.7640617e-01;6.7500000e+01;2.8188735e-01;6.7500000e+01;2.6975003e-01;6.7500000e+01;2.3730175e-01;6.7500000e+01;1.9289251e-01;6.7500000e+01;1.4017588e-01;6.7500000e+01;9.0415612e-02;6.7500000e+01;4.7270216e-02;6.7500000e+01;3.7412937e-03;6.7500000e+01;1.8334825e-02;6.7500000e+01;3.6930159e-02;6.7500000e+01;6.1277397e-02;6.7500000e+01;8.9511193e-02;6.7500000e+01;1.2002052e-01;6.7500000e+01;1.5223294e-01;6.7500000e+01;1.8930268e-01;6.7500000e+01;2.2670817e-01;6.7500000e+01;2.5688857e-01;6.7500000e+01;2.7640617e-01;6.7500000e+01;2.8188735e-01;6.7500000e+01;2.6975003e-01;6.7500000e+01;2.3730175e-01;6.7500000e+01;1.9289251e-01;6.7500000e+01;1.4017588e-01;6.7500000e+01;9.0415612e-02;6.7500000e+01;4.7270216e-02;6.7500000e+01;3.7412937e-03;6.7500000e+01;1.8334825e-02;6.7500000e+01;3.6930159e-02;6.7500000e+01;6.1277397e-02;6.7500000e+01;8.9511193e-02;6.7500000e+01;1.2002052e-01;6.7500000e+01;1.5223294e-01;6.7500000e+01;1.8930268e-01;6.7500000e+01;2.2670817e-01;6.7500000e+01;2.5688857e-01;6.7500000e+01;2.7640617e-01;6.7500000e+01;2.8188735e-01;6.7500000e+01;2.6975003e-01;6.7500000e+01;2.3730175e-01;6.7500000e+01;1.9289251e-01;6.7500000e+01;1.4017588e-01;6.7500000e+01;9.0415612e-02;6.7500000e+01;4.7270216e-02;6.7500000e+01;3.7412937e-03;6.7500000e+01;1.8334825e-02;6.7500000e+01;3.6930159e-02;6.7500000e+01;6.1277397e-02;6.7500000e+01;8.9511193e-02;6.7500000e+01;1.2002052e-01;6.7500000e+01;1.5223294e-01;6.7500000e+01;1.8930268e-01;6.7500000e+01;2.2670817e-01;6.7500000e+01;2.5688857e-01;6.7500000e+01;2.7640617e-01;6.7500000e+01;2.8188735e-01;6.7500000e+01;2.6975003e-01;6.7500000e+01;2.3730175e-01;6.7500000e+01;1.9289251e-01;6.7500000e+01;1.4017588e-01;6.7500000e+01;9.0415612e-02;6.7500000e+01;4.7270216e-02;6.7500000e+01;3.7412937e-03;6.7500000e+01;1.8334825e-02;6.7500000e+01;3.6930159e-02;6.7500000e+01;6.1277397e-02;6.7500000e+01;8.9511193e-02;6.7500000e+01;1.2002052e-01;6.7500000e+01;1.5223294e-01;6.7500000e+01;1.8930268e-01;6.7500000e+01;2.2670817e-01;6.7500000e+01;2.5688857e-01;6.7500000e+01;2.7640617e-01;6.7500000e+01;2.8188735e-01;6.7500000e+01;2.6975003e-01;6.7500000e+01;2.3730175e-01;6.7500000e+01;1.9289251e-01;6.7500000e+01;1.4017588e-01;6.7500000e+01;9.0415612e-02;6.7500000e+01;4.7270216e-02;6.7500000e+01;3.7412937e-03;6.7500000e+01;1.8334825e-02;6.7500000e+01;3.6930159e-02;6.7500000e+01;6.1277397e-02;6.7500000e+01;8.9511193e-02;6.7500000e+01;1.2002052e-01;6.7500000e+01;1.5223294e-01;6.7500000e+01;1.8930268e-01;6.7500000e+01;2.2670817e-01;6.7500000e+01;2.5688857e-01;6.7500000e+01;2.7640617e-01;6.7500000e+01;2.8188735e-01;6.7500000e+01;2.6975003e-01;6.7500000e+01;2.3730175e-01;6.7500000e+01;1.9289251e-01;6.7500000e+01;1.4017588e-01;6.7500000e+01;9.0415612e-02;6.7500000e+01;4.7270216e-02;6.7500000e+01;3.7412937e-03;6.7500000e+01;1.8334825e-02;6.7500000e+01;3.6930159e-02;6.7500000e+01;6.1277397e-02;6.7500000e+01;8.9511193e-02;6.7500000e+01;1.2002052e-01;6.7500000e+01;1.5223294e-01;6.7500000e+01;1.8930268e-01;6.7500000e+01;2.2670817e-01;6.7500000e+01;2.5688857e-01;6.7500000e+01;2.7640617e-01;6.7500000e+01;2.8188735e-01;6.7500000e+01;2.6975003e-01;6.7500000e+01;2.3730175e-01;6.7500000e+01;1.9289251e-01;6.7500000e+01;1.4017588e-01;6.7500000e+01;9.0415612e-02;6.7500000e+01;4.7270216e-02;6.7500000e+01;3.7412937e-03;6.7500000e+01;1.8334825e-02;6.7500000e+01;3.6930159e-02;6.7500000e+01;6.1277397e-02;6.7500000e+01;8.9511193e-02;6.7500000e+01;1.2002052e-01;6.7500000e+01;1.5223294e-01;6.7500000e+01;1.8930268e-01;6.7500000e+01;2.2670817e-01;6.7500000e+01;2.5688857e-01;6.7500000e+01;2.7640617e-01;6.7500000e+01;2.8188735e-01;6.7500000e+01;2.6975003e-01;6.7500000e+01;2.3730175e-01;6.7500000e+01;1.9289251e-01;6.7500000e+01;1.4017588e-01;6.7500000e+01;9.0415612e-02;6.7500000e+01;4.7270216e-02;6.7500000e+01;3.7412937e-03;6.7500000e+01;1.8334825e-02;6.7500000e+01;3.6930159e-02;6.7500000e+01;6.1277397e-02;6.7500000e+01;8.9511193e-02;6.7500000e+01;1.2002052e-01;6.7500000e+01;1.5223294e-01;6.7500000e+01;1.8930268e-01;6.7500000e+01;2.2670817e-01;6.7500000e+01;2.5688857e-01;6.7500000e+01;2.7640617e-01;6.7500000e+01;2.8188735e-01;6.7500000e+01;2.6975003e-01;6.7500000e+01;2.3730175e-01;6.7500000e+01;1.9289251e-01;6.7500000e+01;1.4017588e-01;6.7500000e+01;9.0415612e-02;6.7500000e+01;4.7270216e-02;6.7500000e+01;3.7412937e-03;6.7500000e+01;1.8334825e-02;6.7500000e+01;3.6930159e-02;6.7500000e+01;6.1277397e-02;6.7500000e+01;8.9511193e-02;6.7500000e+01;1.2002052e-01;6.7500000e+01;1.5223294e-01;6.7500000e+01;1.8930268e-01;6.7500000e+01;2.2670817e-01;6.7500000e+01;2.5688857e-01;6.7500000e+01;2.7640617e-01;6.7500000e+01;2.8188735e-01;6.7500000e+01;2.6975003e-01;6.7500000e+01;2.3730175e-01;6.7500000e+01;1.9289251e-01;6.7500000e+01;1.4017588e-01;6.7500000e+01;9.0415612e-02;6.7500000e+01;4.7270216e-02;6.7500000e+01;3.7412937e-03;6.7500000e+01;1.8334825e-02;6.7500000e+01;3.6930159e-02;6.7500000e+01;6.1277397e-02;6.7500000e+01;8.9511193e-02;6.7500000e+01;1.2002052e-01;6.7500000e+01;1.5223294e-01;6.7500000e+01;1.8930268e-01;6.7500000e+01;2.2670817e-01;6.7500000e+01;2.5688857e-01;6.7500000e+01;2.7640617e-01;6.7500000e+01;2.8188735e-01;6.7500000e+01;2.6975003e-01;6.7500000e+01;2.3730175e-01;6.7500000e+01;1.9289251e-01;6.7500000e+01;1.4017588e-01;6.7500000e+01;9.0415612e-02;6.7500000e+01;4.7270216e-02;6.7500000e+01;3.7412937e-03;6.7500000e+01;1.8334825e-02;6.7500000e+01;3.6930159e-02;6.7500000e+01;6.1277397e-02;6.7500000e+01;8.9511193e-02;6.7500000e+01;1.2002052e-01;6.7500000e+01;1.5223294e-01;6.7500000e+01;1.8930268e-01;6.7500000e+01;2.2670817e-01;6.7500000e+01;2.5688857e-01;6.7500000e+01;2.7640617e-01;6.7500000e+01;2.8188735e-01;6.7500000e+01;2.6975003e-01;6.7500000e+01;2.3730175e-01;6.7500000e+01;1.9289251e-01;6.7500000e+01;1.4017588e-01;6.7500000e+01;9.0415612e-02;6.7500000e+01;4.7270216e-02;6.7500000e+01;3.7412937e-03;6.7500000e+01;1.8334825e-02;6.7500000e+01;3.6930159e-02;6.7500000e+01;6.1277397e-02;6.7500000e+01;8.9511193e-02;6.7500000e+01;1.2002052e-01;6.7500000e+01;1.5223294e-01;6.7500000e+01;1.8930268e-01;6.7500000e+01;2.2670817e-01;6.7500000e+01;2.5688857e-01;6.7500000e+01;2.7640617e-01;6.7500000e+01;2.8188735e-01;6.7500000e+01;2.6975003e-01;6.7500000e+01;2.3730175e-01;6.7500000e+01;1.9289251e-01;6.7500000e+01;1.4017588e-01;6.7500000e+01;9.0415612e-02;6.7500000e+01;4.7270216e-02;6.7500000e+01;3.7412937e-03;6.7500000e+01;1.8334825e-02;6.7500000e+01;3.6930159e-02;6.7500000e+01;6.1277397e-02;6.7500000e+01;8.9511193e-02;6.7500000e+01;1.2002052e-01;6.7500000e+01;1.5223294e-01;6.7500000e+01;1.8930268e-01;6.7500000e+01;2.2670817e-01;6.7500000e+01;2.5688857e-01;6.7500000e+01;2.7640617e-01;6.7500000e+01;2.8188735e-01;6.7500000e+01;2.6975003e-01;6.7500000e+01;2.3730175e-01;6.7500000e+01;1.9289251e-01;6.7500000e+01;1.4017588e-01;6.7500000e+01;9.0415612e-02;6.7500000e+01;4.7270216e-02;6.7500000e+01;3.7412937e-03;6.7500000e+01;1.8334825e-02;6.7500000e+01;3.6930159e-02;6.7500000e+01;6.1277397e-02;6.7500000e+01;8.9511193e-02;6.7500000e+01;1.2002052e-01;6.7500000e+01;1.5223294e-01;6.7500000e+01;1.8930268e-01;6.7500000e+01;2.2670817e-01;6.7500000e+01;2.5688857e-01;6.7500000e+01;2.7640617e-01;6.7500000e+01;2.8188735e-01;6.7500000e+01;2.6975003e-01;6.7500000e+01;2.3730175e-01;6.7500000e+01;1.9289251e-01;6.7500000e+01;1.4017588e-01;6.7500000e+01;9.0415612e-02;6.7500000e+01;4.7270216e-02;6.7500000e+01;3.7412937e-03;6.7500000e+01;1.8334825e-02;6.7500000e+01;3.6930159e-02;6.7500000e+01;6.1277397e-02;6.7500000e+01;8.9511193e-02;6.7500000e+01;1.2002052e-01;6.7500000e+01;1.5223294e-01;6.7500000e+01;1.8930268e-01;6.7500000e+01;2.2670817e-01;6.7500000e+01;2.5688857e-01;6.7500000e+01;2.7640617e-01;6.7500000e+01;2.8188735e-01;6.7500000e+01;2.6975003e-01;6.7500000e+01;2.3730175e-01;6.7500000e+01;1.9289251e-01;6.7500000e+01;1.4017588e-01;6.7500000e+01;9.0415612e-02;6.7500000e+01;4.7270216e-02;6.7500000e+01;3.7412937e-03;6.7500000e+01;1.8334825e-02;6.7500000e+01;3.6930159e-02;6.7500000e+01;6.1277397e-02;6.7500000e+01;8.9511193e-02;6.7500000e+01;1.2002052e-01;6.7500000e+01;1.5223294e-01;6.7500000e+01;1.8930268e-01;6.7500000e+01;2.2670817e-01;6.7500000e+01;2.5688857e-01;6.7500000e+01;2.7640617e-01;6.7500000e+01;2.8188735e-01;6.7500000e+01;2.6975003e-01;6.7500000e+01;2.3730175e-01;6.7500000e+01;1.9289251e-01;6.7500000e+01;1.4017588e-01;6.7500000e+01;9.0415612e-02;6.7500000e+01;4.7270216e-02;6.7500000e+01;3.7412937e-03;6.7500000e+01;1.8334825e-02;6.7500000e+01;3.6930159e-02;6.7500000e+01;6.1277397e-02;6.7500000e+01;8.9511193e-02;6.7500000e+01;1.2002052e-01;6.7500000e+01;1.5223294e-01;6.7500000e+01;1.8930268e-01;6.7500000e+01;2.2670817e-01;6.7500000e+01;2.5688857e-01;6.7500000e+01;2.7640617e-01;6.7500000e+01;2.8188735e-01;6.7500000e+01;2.6975003e-01;6.7500000e+01;2.3730175e-01;6.7500000e+01;1.9289251e-01;6.7500000e+01;1.4017588e-01;6.7500000e+01;9.0415612e-02;6.7500000e+01;4.7270216e-02;6.7500000e+01;3.7412937e-03;6.7500000e+01;1.8334825e-02;6.7500000e+01;3.6930159e-02;6.7500000e+01;6.1277397e-02;6.7500000e+01;8.9511193e-02;6.7500000e+01;1.2002052e-01;6.7500000e+01;1.5223294e-01;6.7500000e+01;1.8930268e-01;6.7500000e+01;2.2670817e-01;6.7500000e+01;2.5688857e-01;6.7500000e+01;2.7640617e-01;6.7500000e+01;2.8188735e-01;6.7500000e+01;2.6975003e-01;6.7500000e+01;2.3730175e-01;6.7500000e+01;1.9289251e-01;6.7500000e+01;1.4017588e-01;6.7500000e+01;9.0415612e-02;6.7500000e+01;4.7270216e-02;6.7500000e+01;3.7412937e-03;6.7500000e+01;1.8334825e-02;6.7500000e+01;3.6930159e-02;6.7500000e+01;6.1277397e-02;6.7500000e+01;8.9511193e-02;6.7500000e+01;1.2002052e-01;6.7500000e+01;1.5223294e-01;6.7500000e+01;1.8930268e-01;6.7500000e+01;2.2670817e-01;6.7500000e+01;2.5688857e-01;6.7500000e+01;2.7640617e-01;6.7500000e+01;2.8188735e-01;6.7500000e+01;2.6975003e-01;6.7500000e+01;2.3730175e-01;6.7500000e+01;1.9289251e-01;6.7500000e+01;1.4017588e-01;6.7500000e+01;9.0415612e-02;6.7500000e+01;4.7270216e-02;6.7500000e+01;3.7412937e-03;6.7500000e+01;1.8334825e-02;6.7500000e+01;3.6930159e-02;6.7500000e+01;6.1277397e-02;6.7500000e+01;8.9511193e-02;6.7500000e+01;1.2002052e-01;6.7500000e+01;1.5223294e-01;6.7500000e+01;1.8930268e-01;6.7500000e+01;2.2670817e-01;6.7500000e+01;2.5688857e-01;6.7500000e+01;2.7640617e-01;6.7500000e+01;2.8188735e-01;6.7500000e+01;2.6975003e-01;6.7500000e+01;2.3730175e-01;6.7500000e+01;1.9289251e-01;6.7500000e+01;1.4017588e-01;6.7500000e+01;9.0415612e-02;6.7500000e+01;4.7270216e-02;6.7500000e+01;3.7412937e-03;6.7500000e+01;1.8334825e-02;6.7500000e+01;3.6930159e-02;6.7500000e+01;6.1277397e-02;6.7500000e+01;8.9511193e-02;6.7500000e+01;1.2002052e-01;6.7500000e+01;1.5223294e-01;6.7500000e+01;1.8930268e-01;6.7500000e+01;2.2670817e-01;6.7500000e+01;2.5688857e-01;6.7500000e+01;2.7640617e-01;6.7500000e+01;2.8188735e-01;6.7500000e+01;2.6975003e-01;6.7500000e+01;2.3730175e-01;6.7500000e+01;1.9289251e-01;6.7500000e+01;1.4017588e-01;6.7500000e+01;9.0415612e-02;6.7500000e+01;4.7270216e-02;6.7500000e+01;3.7412937e-03;6.7500000e+01;1.8334825e-02;6.7500000e+01;3.6930159e-02;6.7500000e+01;6.1277397e-02;6.7500000e+01;8.9511193e-02;6.7500000e+01;1.2002052e-01;6.7500000e+01;1.5223294e-01;6.7500000e+01;1.8930268e-01;6.7500000e+01;2.2670817e-01;6.7500000e+01;2.5688857e-01;6.7500000e+01;2.7640617e-01;6.7500000e+01;2.8188735e-01;6.7500000e+01;2.6975003e-01;6.7500000e+01;2.3730175e-01;6.7500000e+01;1.9289251e-01;6.7500000e+01;1.4017588e-01;6.7500000e+01;9.0415612e-02;6.7500000e+01;4.7270216e-02;6.7500000e+01;3.7412937e-03;6.7500000e+01;1.8334825e-02;6.7500000e+01;3.6930159e-02;6.7500000e+01;6.1277397e-02;6.7500000e+01;8.9511193e-02;6.7500000e+01;1.2002052e-01;6.7500000e+01;1.5223294e-01;6.7500000e+01;1.8930268e-01;6.7500000e+01;2.2670817e-01;6.7500000e+01;2.5688857e-01;6.7500000e+01;2.7640617e-01;6.7500000e+01;2.8188735e-01;6.7500000e+01;2.6975003e-01;6.7500000e+01;2.3730175e-01;6.7500000e+01;1.9289251e-01;6.7500000e+01;1.4017588e-01;6.7500000e+01;9.0415612e-02;6.7500000e+01;4.7270216e-02;6.7500000e+01;3.7412937e-03;6.7500000e+01;1.8334825e-02;6.7500000e+01;3.6930159e-02;6.7500000e+01;6.1277397e-02;6.7500000e+01;8.9511193e-02;6.7500000e+01;1.2002052e-01;6.7500000e+01;1.5223294e-01;6.7500000e+01;1.8930268e-01;6.7500000e+01;2.2670817e-01;6.7500000e+01;2.5688857e-01;6.7500000e+01;2.7640617e-01;6.7500000e+01;2.8188735e-01;6.7500000e+01;2.6975003e-01;6.7500000e+01;2.3730175e-01;6.7500000e+01;1.9289251e-01;6.7500000e+01;1.4017588e-01;6.7500000e+01;9.0415612e-02;6.7500000e+01;4.7270216e-02;6.7500000e+01;3.7412937e-03;6.7500000e+01;1.8334825e-02;6.7500000e+01;3.6930159e-02;6.7500000e+01;6.1277397e-02;6.7500000e+01;8.9511193e-02;6.7500000e+01;1.2002052e-01;6.7500000e+01;1.5223294e-01;6.7500000e+01;1.8930268e-01;6.7500000e+01;2.2670817e-01;6.7500000e+01;2.5688857e-01;6.7500000e+01;2.7640617e-01;6.7500000e+01;2.8188735e-01;6.7500000e+01;2.6975003e-01;6.7500000e+01;2.3730175e-01;6.7500000e+01;1.9289251e-01;6.7500000e+01;1.4017588e-01;6.7500000e+01;9.0415612e-02;6.7500000e+01;4.7270216e-02;6.7500000e+01;3.7412937e-03;6.7500000e+01;1.8334825e-02;6.7500000e+01;3.6930159e-02;6.7500000e+01;6.1277397e-02;6.7500000e+01;8.9511193e-02;6.7500000e+01;1.2002052e-01;6.7500000e+01;1.5223294e-01;6.7500000e+01;1.8930268e-01;6.7500000e+01;2.2670817e-01;6.7500000e+01;2.5688857e-01;6.7500000e+01;2.7640617e-01;6.7500000e+01;2.8188735e-01;6.7500000e+01;2.6975003e-01;6.7500000e+01;2.3730175e-01;6.7500000e+01;1.9289251e-01;6.7500000e+01;1.4017588e-01;6.7500000e+01;9.0415612e-02;6.7500000e+01;4.7270216e-02;6.7500000e+01;3.7412937e-03;6.7500000e+01;1.8334825e-02;6.7500000e+01;3.6930159e-02;6.7500000e+01;6.1277397e-02;6.7500000e+01;8.9511193e-02;6.7500000e+01;1.2002052e-01;6.7500000e+01;1.5223294e-01;6.7500000e+01;1.8930268e-01;6.7500000e+01;2.2670817e-01;6.7500000e+01;2.5688857e-01;6.7500000e+01;2.7640617e-01;6.7500000e+01;2.8188735e-01;6.7500000e+01;2.6975003e-01;6.7500000e+01;2.3730175e-01;6.7500000e+01;1.9289251e-01;6.7500000e+01;1.4017588e-01;6.7500000e+01;9.0415612e-02;6.7500000e+01;4.7270216e-02;6.7500000e+01;3.7412937e-03;6.7500000e+01;1.8334825e-02;6.7500000e+01;3.6930159e-02;6.7500000e+01;6.1277397e-02;6.7500000e+01;8.9511193e-02;6.7500000e+01;1.2002052e-01;6.7500000e+01;1.5223294e-01;6.7500000e+01;1.8930268e-01;6.7500000e+01;2.2670817e-01;6.7500000e+01;2.5688857e-01;6.7500000e+01;2.7640617e-01;6.7500000e+01;2.8188735e-01;6.7500000e+01;2.6975003e-01;6.7500000e+01;2.3730175e-01;6.7500000e+01;1.9289251e-01;6.7500000e+01;1.4017588e-01;6.7500000e+01;9.0415612e-02;6.7500000e+01;4.7270216e-02;6.7500000e+01;3.7412937e-03;6.7500000e+01;1.8334825e-02;6.7500000e+01;3.6930159e-02;6.7500000e+01;6.1277397e-02;6.7500000e+01;8.9511193e-02;6.7500000e+01;1.2002052e-01;6.7500000e+01;1.5223294e-01;6.7500000e+01;1.8930268e-01;6.7500000e+01;2.2670817e-01;6.7500000e+01;2.5688857e-01;6.7500000e+01;2.7640617e-01;6.7500000e+01;2.8188735e-01;6.7500000e+01;2.6975003e-01;6.7500000e+01;2.3730175e-01;6.7500000e+01;1.9289251e-01;6.7500000e+01;1.4017588e-01;6.7500000e+01;9.0415612e-02;6.7500000e+01;4.7270216e-02;6.7500000e+01;3.7412937e-03;6.7500000e+01;1.8334825e-02;6.7500000e+01;3.6930159e-02;6.7500000e+01;6.1277397e-02;6.7500000e+01;8.9511193e-02;6.7500000e+01;1.2002052e-01;6.7500000e+01;1.5223294e-01;6.7500000e+01;1.8930268e-01;6.7500000e+01;2.2670817e-01;6.7500000e+01;2.5688857e-01;6.7500000e+01;2.7640617e-01;6.7500000e+01;2.8188735e-01;6.7500000e+01;2.6975003e-01;6.7500000e+01;2.3730175e-01;6.7500000e+01;1.9289251e-01;6.7500000e+01;1.4017588e-01;6.7500000e+01;9.0415612e-02;6.7500000e+01;4.7270216e-02;6.7500000e+01;3.7412937e-03;6.7500000e+01;1.8334825e-02;6.7500000e+01;3.6930159e-02;6.7500000e+01;6.1277397e-02;6.7500000e+01;8.9511193e-02;6.7500000e+01;1.2002052e-01;6.7500000e+01;1.5223294e-01;6.7500000e+01;1.8930268e-01;6.7500000e+01;2.2670817e-01;6.7500000e+01;2.5688857e-01;6.7500000e+01;2.7640617e-01;6.7500000e+01;2.8188735e-01;6.7500000e+01;2.6975003e-01;6.7500000e+01;2.3730175e-01;6.7500000e+01;1.9289251e-01;6.7500000e+01;1.4017588e-01;6.7500000e+01;9.0415612e-02;6.7500000e+01;4.7270216e-02;6.7500000e+01;3.7412937e-03;6.7500000e+01;1.8334825e-02;6.7500000e+01;3.6930159e-02;6.7500000e+01;6.1277397e-02;6.7500000e+01;8.9511193e-02;6.7500000e+01;1.2002052e-01;6.7500000e+01;1.5223294e-01;6.7500000e+01;1.8930268e-01;6.7500000e+01;2.2670817e-01;6.7500000e+01;2.5688857e-01;6.7500000e+01;2.7640617e-01;6.7500000e+01;2.8188735e-01;6.7500000e+01;2.6975003e-01;6.7500000e+01;2.3730175e-01;6.7500000e+01;1.9289251e-01;6.7500000e+01;1.4017588e-01;6.7500000e+01;9.0415612e-02;6.7500000e+01;4.7270216e-02;6.7500000e+01;3.7412937e-03;6.7500000e+01;1.8334825e-02;6.7500000e+01;3.6930159e-02;6.7500000e+01;6.1277397e-02;6.7500000e+01;8.9511193e-02;6.7500000e+01;1.2002052e-01;6.7500000e+01;1.5223294e-01;6.7500000e+01;1.8930268e-01;6.7500000e+01;2.2670817e-01;6.7500000e+01;2.5688857e-01;6.7500000e+01;2.7640617e-01;6.7500000e+01;2.8188735e-01;6.7500000e+01;2.6975003e-01;6.7500000e+01;2.3730175e-01;6.7500000e+01;1.9289251e-01;6.7500000e+01;1.4017588e-01;6.7500000e+01;9.0415612e-02;6.7500000e+01;4.7270216e-02;6.7500000e+01;3.7412937e-03;6.7500000e+01;1.8334825e-02;6.7500000e+01;3.6930159e-02;6.7500000e+01;6.1277397e-02;6.7500000e+01;8.9511193e-02;6.7500000e+01;1.2002052e-01;6.7500000e+01;1.5223294e-01;6.7500000e+01;1.8930268e-01;6.7500000e+01;2.2670817e-01;6.7500000e+01;2.5688857e-01;6.7500000e+01;2.7640617e-01;6.7500000e+01;2.8188735e-01;6.7500000e+01;2.6975003e-01;6.7500000e+01;2.3730175e-01;6.7500000e+01;1.9289251e-01;6.7500000e+01;1.4017588e-01;6.7500000e+01;9.0415612e-02;6.7500000e+01;4.7270216e-02;6.7500000e+01;3.7412937e-03;6.7500000e+01;1.8334825e-02;6.7500000e+01;3.6930159e-02;6.7500000e+01;6.1277397e-02;6.7500000e+01;8.9511193e-02;6.7500000e+01;1.2002052e-01;6.7500000e+01;1.5223294e-01;6.7500000e+01;1.8930268e-01;6.7500000e+01;2.2670817e-01;6.7500000e+01;2.5688857e-01;6.7500000e+01;2.7640617e-01;6.7500000e+01;2.8188735e-01;6.7500000e+01;2.6975003e-01;6.7500000e+01;2.3730175e-01;6.7500000e+01;1.9289251e-01;6.7500000e+01;1.4017588e-01;6.7500000e+01;9.0415612e-02;6.7500000e+01;4.7270216e-02;6.7500000e+01;3.7412937e-03;6.7500000e+01;1.8334825e-02;6.7500000e+01;3.6930159e-02;6.7500000e+01;6.1277397e-02;6.7500000e+01;8.9511193e-02;6.7500000e+01;1.2002052e-01;6.7500000e+01;1.5223294e-01;6.7500000e+01;1.8930268e-01;6.7500000e+01;2.2670817e-01;6.7500000e+01;2.5688857e-01;6.7500000e+01;2.7640617e-01;6.7500000e+01;2.8188735e-01;6.7500000e+01;2.6975003e-01;6.7500000e+01;2.3730175e-01;6.7500000e+01;1.9289251e-01;6.7500000e+01;1.4017588e-01;6.7500000e+01;9.0415612e-02;6.7500000e+01;4.7270216e-02;6.7500000e+01;3.7412937e-03;6.7500000e+01;1.8334825e-02;6.7500000e+01;3.6930159e-02;6.7500000e+01;6.1277397e-02;6.7500000e+01;8.9511193e-02;6.7500000e+01;1.2002052e-01;6.7500000e+01;1.5223294e-01;6.7500000e+01;1.8930268e-01;6.7500000e+01;2.2670817e-01;6.7500000e+01;2.5688857e-01;6.7500000e+01;2.7640617e-01;6.7500000e+01;2.8188735e-01;6.7500000e+01;2.6975003e-01;6.7500000e+01;2.3730175e-01;6.7500000e+01;1.9289251e-01;6.7500000e+01;1.4017588e-01;6.7500000e+01;9.0415612e-02;6.7500000e+01;4.7270216e-02;6.7500000e+01;3.7412937e-03;6.7500000e+01;1.8334825e-02;6.7500000e+01;3.6930159e-02;6.7500000e+01;6.1277397e-02;6.7500000e+01;8.9511193e-02;6.7500000e+01;1.2002052e-01;6.7500000e+01;1.5223294e-01;6.7500000e+01;1.8930268e-01;6.7500000e+01;2.2670817e-01;6.7500000e+01;2.5688857e-01;6.7500000e+01;2.7640617e-01;6.7500000e+01;2.8188735e-01;6.7500000e+01;2.6975003e-01;6.7500000e+01;2.3730175e-01;6.7500000e+01;1.9289251e-01;6.7500000e+01;1.4017588e-01;6.7500000e+01;9.0415612e-02;6.7500000e+01;4.7270216e-02;6.7500000e+01;3.7412937e-03;6.7500000e+01;1.8334825e-02;6.7500000e+01;3.6930159e-02;6.7500000e+01;6.1277397e-02;6.7500000e+01;8.9511193e-02;6.7500000e+01;1.2002052e-01;6.7500000e+01;1.5223294e-01;6.7500000e+01;1.8930268e-01;6.7500000e+01;2.2670817e-01;6.7500000e+01;2.5688857e-01;6.7500000e+01;2.7640617e-01;6.7500000e+01;2.8188735e-01;6.7500000e+01;2.6975003e-01;6.7500000e+01;2.3730175e-01;6.7500000e+01;1.9289251e-01;6.7500000e+01;1.4017588e-01;6.7500000e+01;9.0415612e-02;6.7500000e+01;4.7270216e-02
7.2500000e+01;2.2709961e-03;7.2500000e+01;1.5723929e-02;7.2500000e+01;3.4759723e-02;7.2500000e+01;5.7990327e-02;7.2500000e+01;8.5741162e-02;7.2500000e+01;1.1528272e-01;7.2500000e+01;1.4789794e-01;7.2500000e+01;1.8702590e-01;7.2500000e+01;2.1964842e-01;7.2500000e+01;2.4650493e-01;7.2500000e+01;2.6417851e-01;7.2500000e+01;2.7407345e-01;7.2500000e+01;2.6802796e-01;7.2500000e+01;2.3831268e-01;7.2500000e+01;1.9399108e-01;7.2500000e+01;1.4036407e-01;7.2500000e+01;8.9374766e-02;7.2500000e+01;4.4944584e-02;7.2500000e+01;2.2709961e-03;7.2500000e+01;1.5723929e-02;7.2500000e+01;3.4759723e-02;7.2500000e+01;5.7990327e-02;7.2500000e+01;8.5741162e-02;7.2500000e+01;1.1528272e-01;7.2500000e+01;1.4789794e-01;7.2500000e+01;1.8702590e-01;7.2500000e+01;2.1964842e-01;7.2500000e+01;2.4650493e-01;7.2500000e+01;2.6417851e-01;7.2500000e+01;2.7407345e-01;7.2500000e+01;2.6802796e-01;7.2500000e+01;2.3831268e-01;7.2500000e+01;1.9399108e-01;7.2500000e+01;1.4036407e-01;7.2500000e+01;8.9374766e-02;7.2500000e+01;4.4944584e-02;7.2500000e+01;2.2709961e-03;7.2500000e+01;1.5723929e-02;7.2500000e+01;3.4759723e-02;7.2500000e+01;5.7990327e-02;7.2500000e+01;8.5741162e-02;7.2500000e+01;1.1528272e-01;7.2500000e+01;1.4789794e-01;7.2500000e+01;1.8702590e-01;7.2500000e+01;2.1964842e-01;7.2500000e+01;2.4650493e-01;7.2500000e+01;2.6417851e-01;7.2500000e+01;2.7407345e-01;7.2500000e+01;2.6802796e-01;7.2500000e+01;2.3831268e-01;7.2500000e+01;1.9399108e-01;7.2500000e+01;1.4036407e-01;7.2500000e+01;8.9374766e-02;7.2500000e+01;4.4944584e-02;7.2500000e+01;2.2709961e-03;7.2500000e+01;1.5723929e-02;7.2500000e+01;3.4759723e-02;7.2500000e+01;5.7990327e-02;7.2500000e+01;8.5741162e-02;7.2500000e+01;1.1528272e-01;7.2500000e+01;1.4789794e-01;7.2500000e+01;1.8702590e-01;7.2500000e+01;2.1964842e-01;7.2500000e+01;2.4650493e-01;7.2500000e+01;2.6417851e-01;7.2500000e+01;2.7407345e-01;7.2500000e+01;2.6802796e-01;7.2500000e+01;2.3831268e-01;7.2500000e+01;1.9399108e-01;7.2500000e+01;1.4036407e-01;7.2500000e+01;8.9374766e-02;7.2500000e+01;4.4944584e-02;7.2500000e+01;2.2709961e-03;7.2500000e+01;1.5723929e-02;7.2500000e+01;3.4759723e-02;7.2500000e+01;5.7990327e-02;7.2500000e+01;8.5741162e-02;7.2500000e+01;1.1528272e-01;7.2500000e+01;1.4789794e-01;7.2500000e+01;1.8702590e-01;7.2500000e+01;2.1964842e-01;7.2500000e+01;2.4650493e-01;7.2500000e+01;2.6417851e-01;7.2500000e+01;2.7407345e-01;7.2500000e+01;2.6802796e-01;7.2500000e+01;2.3831268e-01;7.2500000e+01;1.9399108e-01;7.2500000e+01;1.4036407e-01;7.2500000e+01;8.9374766e-02;7.2500000e+01;4.4944584e-02;7.2500000e+01;2.2709961e-03;7.2500000e+01;1.5723929e-02;7.2500000e+01;3.4759723e-02;7.2500000e+01;5.7990327e-02;7.2500000e+01;8.5741162e-02;7.2500000e+01;1.1528272e-01;7.2500000e+01;1.4789794e-01;7.2500000e+01;1.8702590e-01;7.2500000e+01;2.1964842e-01;7.2500000e+01;2.4650493e-01;7.2500000e+01;2.6417851e-01;7.2500000e+01;2.7407345e-01;7.2500000e+01;2.6802796e-01;7.2500000e+01;2.3831268e-01;7.2500000e+01;1.9399108e-01;7.2500000e+01;1.4036407e-01;7.2500000e+01;8.9374766e-02;7.2500000e+01;4.4944584e-02;7.2500000e+01;2.2709961e-03;7.2500000e+01;1.5723929e-02;7.2500000e+01;3.4759723e-02;7.2500000e+01;5.7990327e-02;7.2500000e+01;8.5741162e-02;7.2500000e+01;1.1528272e-01;7.2500000e+01;1.4789794e-01;7.2500000e+01;1.8702590e-01;7.2500000e+01;2.1964842e-01;7.2500000e+01;2.4650493e-01;7.2500000e+01;2.6417851e-01;7.2500000e+01;2.7407345e-01;7.2500000e+01;2.6802796e-01;7.2500000e+01;2.3831268e-01;7.2500000e+01;1.9399108e-01;7.2500000e+01;1.4036407e-01;7.2500000e+01;8.9374766e-02;7.2500000e+01;4.4944584e-02;7.2500000e+01;2.2709961e-03;7.2500000e+01;1.5723929e-02;7.2500000e+01;3.4759723e-02;7.2500000e+01;5.7990327e-02;7.2500000e+01;8.5741162e-02;7.2500000e+01;1.1528272e-01;7.2500000e+01;1.4789794e-01;7.2500000e+01;1.8702590e-01;7.2500000e+01;2.1964842e-01;7.2500000e+01;2.4650493e-01;7.2500000e+01;2.6417851e-01;7.2500000e+01;2.7407345e-01;7.2500000e+01;2.6802796e-01;7.2500000e+01;2.3831268e-01;7.2500000e+01;1.9399108e-01;7.2500000e+01;1.4036407e-01;7.2500000e+01;8.9374766e-02;7.2500000e+01;4.4944584e-02;7.2500000e+01;2.2709961e-03;7.2500000e+01;1.5723929e-02;7.2500000e+01;3.4759723e-02;7.2500000e+01;5.7990327e-02;7.2500000e+01;8.5741162e-02;7.2500000e+01;1.1528272e-01;7.2500000e+01;1.4789794e-01;7.2500000e+01;1.8702590e-01;7.2500000e+01;2.1964842e-01;7.2500000e+01;2.4650493e-01;7.2500000e+01;2.6417851e-01;7.2500000e+01;2.7407345e-01;7.2500000e+01;2.6802796e-01;7.2500000e+01;2.3831268e-01;7.2500000e+01;1.9399108e-01;7.2500000e+01;1.4036407e-01;7.2500000e+01;8.9374766e-02;7.2500000e+01;4.4944584e-02;7.2500000e+01;2.2709961e-03;7.2500000e+01;1.5723929e-02;7.2500000e+01;3.4759723e-02;7.2500000e+01;5.7990327e-02;7.2500000e+01;8.5741162e-02;7.2500000e+01;1.1528272e-01;7.2500000e+01;1.4789794e-01;7.2500000e+01;1.8702590e-01;7.2500000e+01;2.1964842e-01;7.2500000e+01;2.4650493e-01;7.2500000e+01;2.6417851e-01;7.2500000e+01;2.7407345e-01;7.2500000e+01;2.6802796e-01;7.2500000e+01;2.3831268e-01;7.2500000e+01;1.9399108e-01;7.2500000e+01;1.4036407e-01;7.2500000e+01;8.9374766e-02;7.2500000e+01;4.4944584e-02;7.2500000e+01;2.2709961e-03;7.2500000e+01;1.5723929e-02;7.2500000e+01;3.4759723e-02;7.2500000e+01;5.7990327e-02;7.2500000e+01;8.5741162e-02;7.2500000e+01;1.1528272e-01;7.2500000e+01;1.4789794e-01;7.2500000e+01;1.8702590e-01;7.2500000e+01;2.1964842e-01;7.2500000e+01;2.4650493e-01;7.2500000e+01;2.6417851e-01;7.2500000e+01;2.7407345e-01;7.2500000e+01;2.6802796e-01;7.2500000e+01;2.3831268e-01;7.2500000e+01;1.9399108e-01;7.2500000e+01;1.4036407e-01;7.2500000e+01;8.9374766e-02;7.2500000e+01;4.4944584e-02;7.2500000e+01;2.2709961e-03;7.2500000e+01;1.5723929e-02;7.2500000e+01;3.4759723e-02;7.2500000e+01;5.7990327e-02;7.2500000e+01;8.5741162e-02;7.2500000e+01;1.1528272e-01;7.2500000e+01;1.4789794e-01;7.2500000e+01;1.8702590e-01;7.2500000e+01;2.1964842e-01;7.2500000e+01;2.4650493e-01;7.2500000e+01;2.6417851e-01;7.2500000e+01;2.7407345e-01;7.2500000e+01;2.6802796e-01;7.2500000e+01;2.3831268e-01;7.2500000e+01;1.9399108e-01;7.2500000e+01;1.4036407e-01;7.2500000e+01;8.9374766e-02;7.2500000e+01;4.4944584e-02;7.2500000e+01;2.2709961e-03;7.2500000e+01;1.5723929e-02;7.2500000e+01;3.4759723e-02;7.2500000e+01;5.7990327e-02;7.2500000e+01;8.5741162e-02;7.2500000e+01;1.1528272e-01;7.2500000e+01;1.4789794e-01;7.2500000e+01;1.8702590e-01;7.2500000e+01;2.1964842e-01;7.2500000e+01;2.4650493e-01;7.2500000e+01;2.6417851e-01;7.2500000e+01;2.7407345e-01;7.2500000e+01;2.6802796e-01;7.2500000e+01;2.3831268e-01;7.2500000e+01;1.9399108e-01;7.2500000e+01;1.4036407e-01;7.2500000e+01;8.9374766e-02;7.2500000e+01;4.4944584e-02;7.2500000e+01;2.2709961e-03;7.2500000e+01;1.5723929e-02;7.2500000e+01;3.4759723e-02;7.2500000e+01;5.7990327e-02;7.2500000e+01;8.5741162e-02;7.2500000e+01;1.1528272e-01;7.2500000e+01;1.4789794e-01;7.2500000e+01;1.8702590e-01;7.2500000e+01;2.1964842e-01;7.2500000e+01;2.4650493e-01;7.2500000e+01;2.6417851e-01;7.2500000e+01;2.7407345e-01;7.2500000e+01;2.6802796e-01;7.2500000e+01;2.3831268e-01;7.2500000e+01;1.9399108e-01;7.2500000e+01;1.4036407e-01;7.2500000e+01;8.9374766e-02;7.2500000e+01;4.4944584e-02;7.2500000e+01;2.2709961e-03;7.2500000e+01;1.5723929e-02;7.2500000e+01;3.4759723e-02;7.2500000e+01;5.7990327e-02;7.2500000e+01;8.5741162e-02;7.2500000e+01;1.1528272e-01;7.2500000e+01;1.4789794e-01;7.2500000e+01;1.8702590e-01;7.2500000e+01;2.1964842e-01;7.2500000e+01;2.4650493e-01;7.2500000e+01;2.6417851e-01;7.2500000e+01;2.7407345e-01;7.2500000e+01;2.6802796e-01;7.2500000e+01;2.3831268e-01;7.2500000e+01;1.9399108e-01;7.2500000e+01;1.4036407e-01;7.2500000e+01;8.9374766e-02;7.2500000e+01;4.4944584e-02;7.2500000e+01;2.2709961e-03;7.2500000e+01;1.5723929e-02;7.2500000e+01;3.4759723e-02;7.2500000e+01;5.7990327e-02;7.2500000e+01;8.5741162e-02;7.2500000e+01;1.1528272e-01;7.2500000e+01;1.4789794e-01;7.2500000e+01;1.8702590e-01;7.2500000e+01;2.1964842e-01;7.2500000e+01;2.4650493e-01;7.2500000e+01;2.6417851e-01;7.2500000e+01;2.7407345e-01;7.2500000e+01;2.6802796e-01;7.2500000e+01;2.3831268e-01;7.2500000e+01;1.9399108e-01;7.2500000e+01;1.4036407e-01;7.2500000e+01;8.9374766e-02;7.2500000e+01;4.4944584e-02;7.2500000e+01;2.2709961e-03;7.2500000e+01;1.5723929e-02;7.2500000e+01;3.4759723e-02;7.2500000e+01;5.7990327e-02;7.2500000e+01;8.5741162e-02;7.2500000e+01;1.1528272e-01;7.2500000e+01;1.4789794e-01;7.2500000e+01;1.8702590e-01;7.2500000e+01;2.1964842e-01;7.2500000e+01;2.4650493e-01;7.2500000e+01;2.6417851e-01;7.2500000e+01;2.7407345e-01;7.2500000e+01;2.6802796e-01;7.2500000e+01;2.3831268e-01;7.2500000e+01;1.9399108e-01;7.2500000e+01;1.4036407e-01;7.2500000e+01;8.9374766e-02;7.2500000e+01;4.4944584e-02;7.2500000e+01;2.2709961e-03;7.2500000e+01;1.5723929e-02;7.2500000e+01;3.4759723e-02;7.2500000e+01;5.7990327e-02;7.2500000e+01;8.5741162e-02;7.2500000e+01;1.1528272e-01;7.2500000e+01;1.4789794e-01;7.2500000e+01;1.8702590e-01;7.2500000e+01;2.1964842e-01;7.2500000e+01;2.4650493e-01;7.2500000e+01;2.6417851e-01;7.2500000e+01;2.7407345e-01;7.2500000e+01;2.6802796e-01;7.2500000e+01;2.3831268e-01;7.2500000e+01;1.9399108e-01;7.2500000e+01;1.4036407e-01;7.2500000e+01;8.9374766e-02;7.2500000e+01;4.4944584e-02;7.2500000e+01;2.2709961e-03;7.2500000e+01;1.5723929e-02;7.2500000e+01;3.4759723e-02;7.2500000e+01;5.7990327e-02;7.2500000e+01;8.5741162e-02;7.2500000e+01;1.1528272e-01;7.2500000e+01;1.4789794e-01;7.2500000e+01;1.8702590e-01;7.2500000e+01;2.1964842e-01;7.2500000e+01;2.4650493e-01;7.2500000e+01;2.6417851e-01;7.2500000e+01;2.7407345e-01;7.2500000e+01;2.6802796e-01;7.2500000e+01;2.3831268e-01;7.2500000e+01;1.9399108e-01;7.2500000e+01;1.4036407e-01;7.2500000e+01;8.9374766e-02;7.2500000e+01;4.4944584e-02;7.2500000e+01;2.2709961e-03;7.2500000e+01;1.5723929e-02;7.2500000e+01;3.4759723e-02;7.2500000e+01;5.7990327e-02;7.2500000e+01;8.5741162e-02;7.2500000e+01;1.1528272e-01;7.2500000e+01;1.4789794e-01;7.2500000e+01;1.8702590e-01;7.2500000e+01;2.1964842e-01;7.2500000e+01;2.4650493e-01;7.2500000e+01;2.6417851e-01;7.2500000e+01;2.7407345e-01;7.2500000e+01;2.6802796e-01;7.2500000e+01;2.3831268e-01;7.2500000e+01;1.9399108e-01;7.2500000e+01;1.4036407e-01;7.2500000e+01;8.9374766e-02;7.2500000e+01;4.4944584e-02;7.2500000e+01;2.2709961e-03;7.2500000e+01;1.5723929e-02;7.2500000e+01;3.4759723e-02;7.2500000e+01;5.7990327e-02;7.2500000e+01;8.5741162e-02;7.2500000e+01;1.1528272e-01;7.2500000e+01;1.4789794e-01;7.2500000e+01;1.8702590e-01;7.2500000e+01;2.1964842e-01;7.2500000e+01;2.4650493e-01;7.2500000e+01;2.6417851e-01;7.2500000e+01;2.7407345e-01;7.2500000e+01;2.6802796e-01;7.2500000e+01;2.3831268e-01;7.2500000e+01;1.9399108e-01;7.2500000e+01;1.4036407e-01;7.2500000e+01;8.9374766e-02;7.2500000e+01;4.4944584e-02;7.2500000e+01;2.2709961e-03;7.2500000e+01;1.5723929e-02;7.2500000e+01;3.4759723e-02;7.2500000e+01;5.7990327e-02;7.2500000e+01;8.5741162e-02;7.2500000e+01;1.1528272e-01;7.2500000e+01;1.4789794e-01;7.2500000e+01;1.8702590e-01;7.2500000e+01;2.1964842e-01;7.2500000e+01;2.4650493e-01;7.2500000e+01;2.6417851e-01;7.2500000e+01;2.7407345e-01;7.2500000e+01;2.6802796e-01;7.2500000e+01;2.3831268e-01;7.2500000e+01;1.9399108e-01;7.2500000e+01;1.4036407e-01;7.2500000e+01;8.9374766e-02;7.2500000e+01;4.4944584e-02;7.2500000e+01;2.2709961e-03;7.2500000e+01;1.5723929e-02;7.2500000e+01;3.4759723e-02;7.2500000e+01;5.7990327e-02;7.2500000e+01;8.5741162e-02;7.2500000e+01;1.1528272e-01;7.2500000e+01;1.4789794e-01;7.2500000e+01;1.8702590e-01;7.2500000e+01;2.1964842e-01;7.2500000e+01;2.4650493e-01;7.2500000e+01;2.6417851e-01;7.2500000e+01;2.7407345e-01;7.2500000e+01;2.6802796e-01;7.2500000e+01;2.3831268e-01;7.2500000e+01;1.9399108e-01;7.2500000e+01;1.4036407e-01;7.2500000e+01;8.9374766e-02;7.2500000e+01;4.4944584e-02;7.2500000e+01;2.2709961e-03;7.2500000e+01;1.5723929e-02;7.2500000e+01;3.4759723e-02;7.2500000e+01;5.7990327e-02;7.2500000e+01;8.5741162e-02;7.2500000e+01;1.1528272e-01;7.2500000e+01;1.4789794e-01;7.2500000e+01;1.8702590e-01;7.2500000e+01;2.1964842e-01;7.2500000e+01;2.4650493e-01;7.2500000e+01;2.6417851e-01;7.2500000e+01;2.7407345e-01;7.2500000e+01;2.6802796e-01;7.2500000e+01;2.3831268e-01;7.2500000e+01;1.9399108e-01;7.2500000e+01;1.4036407e-01;7.2500000e+01;8.9374766e-02;7.2500000e+01;4.4944584e-02;7.2500000e+01;2.2709961e-03;7.2500000e+01;1.5723929e-02;7.2500000e+01;3.4759723e-02;7.2500000e+01;5.7990327e-02;7.2500000e+01;8.5741162e-02;7.2500000e+01;1.1528272e-01;7.2500000e+01;1.4789794e-01;7.2500000e+01;1.8702590e-01;7.2500000e+01;2.1964842e-01;7.2500000e+01;2.4650493e-01;7.2500000e+01;2.6417851e-01;7.2500000e+01;2.7407345e-01;7.2500000e+01;2.6802796e-01;7.2500000e+01;2.3831268e-01;7.2500000e+01;1.9399108e-01;7.2500000e+01;1.4036407e-01;7.2500000e+01;8.9374766e-02;7.2500000e+01;4.4944584e-02;7.2500000e+01;2.2709961e-03;7.2500000e+01;1.5723929e-02;7.2500000e+01;3.4759723e-02;7.2500000e+01;5.7990327e-02;7.2500000e+01;8.5741162e-02;7.2500000e+01;1.1528272e-01;7.2500000e+01;1.4789794e-01;7.2500000e+01;1.8702590e-01;7.2500000e+01;2.1964842e-01;7.2500000e+01;2.4650493e-01;7.2500000e+01;2.6417851e-01;7.2500000e+01;2.7407345e-01;7.2500000e+01;2.6802796e-01;7.2500000e+01;2.3831268e-01;7.2500000e+01;1.9399108e-01;7.2500000e+01;1.4036407e-01;7.2500000e+01;8.9374766e-02;7.2500000e+01;4.4944584e-02;7.2500000e+01;2.2709961e-03;7.2500000e+01;1.5723929e-02;7.2500000e+01;3.4759723e-02;7.2500000e+01;5.7990327e-02;7.2500000e+01;8.5741162e-02;7.2500000e+01;1.1528272e-01;7.2500000e+01;1.4789794e-01;7.2500000e+01;1.8702590e-01;7.2500000e+01;2.1964842e-01;7.2500000e+01;2.4650493e-01;7.2500000e+01;2.6417851e-01;7.2500000e+01;2.7407345e-01;7.2500000e+01;2.6802796e-01;7.2500000e+01;2.3831268e-01;7.2500000e+01;1.9399108e-01;7.2500000e+01;1.4036407e-01;7.2500000e+01;8.9374766e-02;7.2500000e+01;4.4944584e-02;7.2500000e+01;2.2709961e-03;7.2500000e+01;1.5723929e-02;7.2500000e+01;3.4759723e-02;7.2500000e+01;5.7990327e-02;7.2500000e+01;8.5741162e-02;7.2500000e+01;1.1528272e-01;7.2500000e+01;1.4789794e-01;7.2500000e+01;1.8702590e-01;7.2500000e+01;2.1964842e-01;7.2500000e+01;2.4650493e-01;7.2500000e+01;2.6417851e-01;7.2500000e+01;2.7407345e-01;7.2500000e+01;2.6802796e-01;7.2500000e+01;2.3831268e-01;7.2500000e+01;1.9399108e-01;7.2500000e+01;1.4036407e-01;7.2500000e+01;8.9374766e-02;7.2500000e+01;4.4944584e-02;7.2500000e+01;2.2709961e-03;7.2500000e+01;1.5723929e-02;7.2500000e+01;3.4759723e-02;7.2500000e+01;5.7990327e-02;7.2500000e+01;8.5741162e-02;7.2500000e+01;1.1528272e-01;7.2500000e+01;1.4789794e-01;7.2500000e+01;1.8702590e-01;7.2500000e+01;2.1964842e-01;7.2500000e+01;2.4650493e-01;7.2500000e+01;2.6417851e-01;7.2500000e+01;2.7407345e-01;7.2500000e+01;2.6802796e-01;7.2500000e+01;2.3831268e-01;7.2500000e+01;1.9399108e-01;7.2500000e+01;1.4036407e-01;7.2500000e+01;8.9374766e-02;7.2500000e+01;4.4944584e-02;7.2500000e+01;2.2709961e-03;7.2500000e+01;1.5723929e-02;7.2500000e+01;3.4759723e-02;7.2500000e+01;5.7990327e-02;7.2500000e+01;8.5741162e-02;7.2500000e+01;1.1528272e-01;7.2500000e+01;1.4789794e-01;7.2500000e+01;1.8702590e-01;7.2500000e+01;2.1964842e-01;7.2500000e+01;2.4650493e-01;7.2500000e+01;2.6417851e-01;7.2500000e+01;2.7407345e-01;7.2500000e+01;2.6802796e-01;7.2500000e+01;2.3831268e-01;7.2500000e+01;1.9399108e-01;7.2500000e+01;1.4036407e-01;7.2500000e+01;8.9374766e-02;7.2500000e+01;4.4944584e-02;7.2500000e+01;2.2709961e-03;7.2500000e+01;1.5723929e-02;7.2500000e+01;3.4759723e-02;7.2500000e+01;5.7990327e-02;7.2500000e+01;8.5741162e-02;7.2500000e+01;1.1528272e-01;7.2500000e+01;1.4789794e-01;7.2500000e+01;1.8702590e-01;7.2500000e+01;2.1964842e-01;7.2500000e+01;2.4650493e-01;7.2500000e+01;2.6417851e-01;7.2500000e+01;2.7407345e-01;7.2500000e+01;2.6802796e-01;7.2500000e+01;2.3831268e-01;7.2500000e+01;1.9399108e-01;7.2500000e+01;1.4036407e-01;7.2500000e+01;8.9374766e-02;7.2500000e+01;4.4944584e-02;7.2500000e+01;2.2709961e-03;7.2500000e+01;1.5723929e-02;7.2500000e+01;3.4759723e-02;7.2500000e+01;5.7990327e-02;7.2500000e+01;8.5741162e-02;7.2500000e+01;1.1528272e-01;7.2500000e+01;1.4789794e-01;7.2500000e+01;1.8702590e-01;7.2500000e+01;2.1964842e-01;7.2500000e+01;2.4650493e-01;7.2500000e+01;2.6417851e-01;7.2500000e+01;2.7407345e-01;7.2500000e+01;2.6802796e-01;7.2500000e+01;2.3831268e-01;7.2500000e+01;1.9399108e-01;7.2500000e+01;1.4036407e-01;7.2500000e+01;8.9374766e-02;7.2500000e+01;4.4944584e-02;7.2500000e+01;2.2709961e-03;7.2500000e+01;1.5723929e-02;7.2500000e+01;3.4759723e-02;7.2500000e+01;5.7990327e-02;7.2500000e+01;8.5741162e-02;7.2500000e+01;1.1528272e-01;7.2500000e+01;1.4789794e-01;7.2500000e+01;1.8702590e-01;7.2500000e+01;2.1964842e-01;7.2500000e+01;2.4650493e-01;7.2500000e+01;2.6417851e-01;7.2500000e+01;2.7407345e-01;7.2500000e+01;2.6802796e-01;7.2500000e+01;2.3831268e-01;7.2500000e+01;1.9399108e-01;7.2500000e+01;1.4036407e-01;7.2500000e+01;8.9374766e-02;7.2500000e+01;4.4944584e-02;7.2500000e+01;2.2709961e-03;7.2500000e+01;1.5723929e-02;7.2500000e+01;3.4759723e-02;7.2500000e+01;5.7990327e-02;7.2500000e+01;8.5741162e-02;7.2500000e+01;1.1528272e-01;7.2500000e+01;1.4789794e-01;7.2500000e+01;1.8702590e-01;7.2500000e+01;2.1964842e-01;7.2500000e+01;2.4650493e-01;7.2500000e+01;2.6417851e-01;7.2500000e+01;2.7407345e-01;7.2500000e+01;2.6802796e-01;7.2500000e+01;2.3831268e-01;7.2500000e+01;1.9399108e-01;7.2500000e+01;1.4036407e-01;7.2500000e+01;8.9374766e-02;7.2500000e+01;4.4944584e-02;7.2500000e+01;2.2709961e-03;7.2500000e+01;1.5723929e-02;7.2500000e+01;3.4759723e-02;7.2500000e+01;5.7990327e-02;7.2500000e+01;8.5741162e-02;7.2500000e+01;1.1528272e-01;7.2500000e+01;1.4789794e-01;7.2500000e+01;1.8702590e-01;7.2500000e+01;2.1964842e-01;7.2500000e+01;2.4650493e-01;7.2500000e+01;2.6417851e-01;7.2500000e+01;2.7407345e-01;7.2500000e+01;2.6802796e-01;7.2500000e+01;2.3831268e-01;7.2500000e+01;1.9399108e-01;7.2500000e+01;1.4036407e-01;7.2500000e+01;8.9374766e-02;7.2500000e+01;4.4944584e-02;7.2500000e+01;2.2709961e-03;7.2500000e+01;1.5723929e-02;7.2500000e+01;3.4759723e-02;7.2500000e+01;5.7990327e-02;7.2500000e+01;8.5741162e-02;7.2500000e+01;1.1528272e-01;7.2500000e+01;1.4789794e-01;7.2500000e+01;1.8702590e-01;7.2500000e+01;2.1964842e-01;7.2500000e+01;2.4650493e-01;7.2500000e+01;2.6417851e-01;7.2500000e+01;2.7407345e-01;7.2500000e+01;2.6802796e-01;7.2500000e+01;2.3831268e-01;7.2500000e+01;1.9399108e-01;7.2500000e+01;1.4036407e-01;7.2500000e+01;8.9374766e-02;7.2500000e+01;4.4944584e-02;7.2500000e+01;2.2709961e-03;7.2500000e+01;1.5723929e-02;7.2500000e+01;3.4759723e-02;7.2500000e+01;5.7990327e-02;7.2500000e+01;8.5741162e-02;7.2500000e+01;1.1528272e-01;7.2500000e+01;1.4789794e-01;7.2500000e+01;1.8702590e-01;7.2500000e+01;2.1964842e-01;7.2500000e+01;2.4650493e-01;7.2500000e+01;2.6417851e-01;7.2500000e+01;2.7407345e-01;7.2500000e+01;2.6802796e-01;7.2500000e+01;2.3831268e-01;7.2500000e+01;1.9399108e-01;7.2500000e+01;1.4036407e-01;7.2500000e+01;8.9374766e-02;7.2500000e+01;4.4944584e-02;7.2500000e+01;2.2709961e-03;7.2500000e+01;1.5723929e-02;7.2500000e+01;3.4759723e-02;7.2500000e+01;5.7990327e-02;7.2500000e+01;8.5741162e-02;7.2500000e+01;1.1528272e-01;7.2500000e+01;1.4789794e-01;7.2500000e+01;1.8702590e-01;7.2500000e+01;2.1964842e-01;7.2500000e+01;2.4650493e-01;7.2500000e+01;2.6417851e-01;7.2500000e+01;2.7407345e-01;7.2500000e+01;2.6802796e-01;7.2500000e+01;2.3831268e-01;7.2500000e+01;1.9399108e-01;7.2500000e+01;1.4036407e-01;7.2500000e+01;8.9374766e-02;7.2500000e+01;4.4944584e-02;7.2500000e+01;2.2709961e-03;7.2500000e+01;1.5723929e-02;7.2500000e+01;3.4759723e-02;7.2500000e+01;5.7990327e-02;7.2500000e+01;8.5741162e-02;7.2500000e+01;1.1528272e-01;7.2500000e+01;1.4789794e-01;7.2500000e+01;1.8702590e-01;7.2500000e+01;2.1964842e-01;7.2500000e+01;2.4650493e-01;7.2500000e+01;2.6417851e-01;7.2500000e+01;2.7407345e-01;7.2500000e+01;2.6802796e-01;7.2500000e+01;2.3831268e-01;7.2500000e+01;1.9399108e-01;7.2500000e+01;1.4036407e-01;7.2500000e+01;8.9374766e-02;7.2500000e+01;4.4944584e-02;7.2500000e+01;2.2709961e-03;7.2500000e+01;1.5723929e-02;7.2500000e+01;3.4759723e-02;7.2500000e+01;5.7990327e-02;7.2500000e+01;8.5741162e-02;7.2500000e+01;1.1528272e-01;7.2500000e+01;1.4789794e-01;7.2500000e+01;1.8702590e-01;7.2500000e+01;2.1964842e-01;7.2500000e+01;2.4650493e-01;7.2500000e+01;2.6417851e-01;7.2500000e+01;2.7407345e-01;7.2500000e+01;2.6802796e-01;7.2500000e+01;2.3831268e-01;7.2500000e+01;1.9399108e-01;7.2500000e+01;1.4036407e-01;7.2500000e+01;8.9374766e-02;7.2500000e+01;4.4944584e-02;7.2500000e+01;2.2709961e-03;7.2500000e+01;1.5723929e-02;7.2500000e+01;3.4759723e-02;7.2500000e+01;5.7990327e-02;7.2500000e+01;8.5741162e-02;7.2500000e+01;1.1528272e-01;7.2500000e+01;1.4789794e-01;7.2500000e+01;1.8702590e-01;7.2500000e+01;2.1964842e-01;7.2500000e+01;2.4650493e-01;7.2500000e+01;2.6417851e-01;7.2500000e+01;2.7407345e-01;7.2500000e+01;2.6802796e-01;7.2500000e+01;2.3831268e-01;7.2500000e+01;1.9399108e-01;7.2500000e+01;1.4036407e-01;7.2500000e+01;8.9374766e-02;7.2500000e+01;4.4944584e-02;7.2500000e+01;2.2709961e-03;7.2500000e+01;1.5723929e-02;7.2500000e+01;3.4759723e-02;7.2500000e+01;5.7990327e-02;7.2500000e+01;8.5741162e-02;7.2500000e+01;1.1528272e-01;7.2500000e+01;1.4789794e-01;7.2500000e+01;1.8702590e-01;7.2500000e+01;2.1964842e-01;7.2500000e+01;2.4650493e-01;7.2500000e+01;2.6417851e-01;7.2500000e+01;2.7407345e-01;7.2500000e+01;2.6802796e-01;7.2500000e+01;2.3831268e-01;7.2500000e+01;1.9399108e-01;7.2500000e+01;1.4036407e-01;7.2500000e+01;8.9374766e-02;7.2500000e+01;4.4944584e-02;7.2500000e+01;2.2709961e-03;7.2500000e+01;1.5723929e-02;7.2500000e+01;3.4759723e-02;7.2500000e+01;5.7990327e-02;7.2500000e+01;8.5741162e-02;7.2500000e+01;1.1528272e-01;7.2500000e+01;1.4789794e-01;7.2500000e+01;1.8702590e-01;7.2500000e+01;2.1964842e-01;7.2500000e+01;2.4650493e-01;7.2500000e+01;2.6417851e-01;7.2500000e+01;2.7407345e-01;7.2500000e+01;2.6802796e-01;7.2500000e+01;2.3831268e-01;7.2500000e+01;1.9399108e-01;7.2500000e+01;1.4036407e-01;7.2500000e+01;8.9374766e-02;7.2500000e+01;4.4944584e-02;7.2500000e+01;2.2709961e-03;7.2500000e+01;1.5723929e-02;7.2500000e+01;3.4759723e-02;7.2500000e+01;5.7990327e-02;7.2500000e+01;8.5741162e-02;7.2500000e+01;1.1528272e-01;7.2500000e+01;1.4789794e-01;7.2500000e+01;1.8702590e-01;7.2500000e+01;2.1964842e-01;7.2500000e+01;2.4650493e-01;7.2500000e+01;2.6417851e-01;7.2500000e+01;2.7407345e-01;7.2500000e+01;2.6802796e-01;7.2500000e+01;2.3831268e-01;7.2500000e+01;1.9399108e-01;7.2500000e+01;1.4036407e-01;7.2500000e+01;8.9374766e-02;7.2500000e+01;4.4944584e-02;7.2500000e+01;2.2709961e-03;7.2500000e+01;1.5723929e-02;7.2500000e+01;3.4759723e-02;7.2500000e+01;5.7990327e-02;7.2500000e+01;8.5741162e-02;7.2500000e+01;1.1528272e-01;7.2500000e+01;1.4789794e-01;7.2500000e+01;1.8702590e-01;7.2500000e+01;2.1964842e-01;7.2500000e+01;2.4650493e-01;7.2500000e+01;2.6417851e-01;7.2500000e+01;2.7407345e-01;7.2500000e+01;2.6802796e-01;7.2500000e+01;2.3831268e-01;7.2500000e+01;1.9399108e-01;7.2500000e+01;1.4036407e-01;7.2500000e+01;8.9374766e-02;7.2500000e+01;4.4944584e-02;7.2500000e+01;2.2709961e-03;7.2500000e+01;1.5723929e-02;7.2500000e+01;3.4759723e-02;7.2500000e+01;5.7990327e-02;7.2500000e+01;8.5741162e-02;7.2500000e+01;1.1528272e-01;7.2500000e+01;1.4789794e-01;7.2500000e+01;1.8702590e-01;7.2500000e+01;2.1964842e-01;7.2500000e+01;2.4650493e-01;7.2500000e+01;2.6417851e-01;7.2500000e+01;2.7407345e-01;7.2500000e+01;2.6802796e-01;7.2500000e+01;2.3831268e-01;7.2500000e+01;1.9399108e-01;7.2500000e+01;1.4036407e-01;7.2500000e+01;8.9374766e-02;7.2500000e+01;4.4944584e-02;7.2500000e+01;2.2709961e-03;7.2500000e+01;1.5723929e-02;7.2500000e+01;3.4759723e-02;7.2500000e+01;5.7990327e-02;7.2500000e+01;8.5741162e-02;7.2500000e+01;1.1528272e-01;7.2500000e+01;1.4789794e-01;7.2500000e+01;1.8702590e-01;7.2500000e+01;2.1964842e-01;7.2500000e+01;2.4650493e-01;7.2500000e+01;2.6417851e-01;7.2500000e+01;2.7407345e-01;7.2500000e+01;2.6802796e-01;7.2500000e+01;2.3831268e-01;7.2500000e+01;1.9399108e-01;7.2500000e+01;1.4036407e-01;7.2500000e+01;8.9374766e-02;7.2500000e+01;4.4944584e-02;7.2500000e+01;2.2709961e-03;7.2500000e+01;1.5723929e-02;7.2500000e+01;3.4759723e-02;7.2500000e+01;5.7990327e-02;7.2500000e+01;8.5741162e-02;7.2500000e+01;1.1528272e-01;7.2500000e+01;1.4789794e-01;7.2500000e+01;1.8702590e-01;7.2500000e+01;2.1964842e-01;7.2500000e+01;2.4650493e-01;7.2500000e+01;2.6417851e-01;7.2500000e+01;2.7407345e-01;7.2500000e+01;2.6802796e-01;7.2500000e+01;2.3831268e-01;7.2500000e+01;1.9399108e-01;7.2500000e+01;1.4036407e-01;7.2500000e+01;8.9374766e-02;7.2500000e+01;4.4944584e-02;7.2500000e+01;2.2709961e-03;7.2500000e+01;1.5723929e-02;7.2500000e+01;3.4759723e-02;7.2500000e+01;5.7990327e-02;7.2500000e+01;8.5741162e-02;7.2500000e+01;1.1528272e-01;7.2500000e+01;1.4789794e-01;7.2500000e+01;1.8702590e-01;7.2500000e+01;2.1964842e-01;7.2500000e+01;2.4650493e-01;7.2500000e+01;2.6417851e-01;7.2500000e+01;2.7407345e-01;7.2500000e+01;2.6802796e-01;7.2500000e+01;2.3831268e-01;7.2500000e+01;1.9399108e-01;7.2500000e+01;1.4036407e-01;7.2500000e+01;8.9374766e-02;7.2500000e+01;4.4944584e-02;7.2500000e+01;2.2709961e-03;7.2500000e+01;1.5723929e-02;7.2500000e+01;3.4759723e-02;7.2500000e+01;5.7990327e-02;7.2500000e+01;8.5741162e-02;7.2500000e+01;1.1528272e-01;7.2500000e+01;1.4789794e-01;7.2500000e+01;1.8702590e-01;7.2500000e+01;2.1964842e-01;7.2500000e+01;2.4650493e-01;7.2500000e+01;2.6417851e-01;7.2500000e+01;2.7407345e-01;7.2500000e+01;2.6802796e-01;7.2500000e+01;2.3831268e-01;7.2500000e+01;1.9399108e-01;7.2500000e+01;1.4036407e-01;7.2500000e+01;8.9374766e-02;7.2500000e+01;4.4944584e-02;7.2500000e+01;2.2709961e-03;7.2500000e+01;1.5723929e-02;7.2500000e+01;3.4759723e-02;7.2500000e+01;5.7990327e-02;7.2500000e+01;8.5741162e-02;7.2500000e+01;1.1528272e-01;7.2500000e+01;1.4789794e-01;7.2500000e+01;1.8702590e-01;7.2500000e+01;2.1964842e-01;7.2500000e+01;2.4650493e-01;7.2500000e+01;2.6417851e-01;7.2500000e+01;2.7407345e-01;7.2500000e+01;2.6802796e-01;7.2500000e+01;2.3831268e-01;7.2500000e+01;1.9399108e-01;7.2500000e+01;1.4036407e-01;7.2500000e+01;8.9374766e-02;7.2500000e+01;4.4944584e-02;7.2500000e+01;2.2709961e-03;7.2500000e+01;1.5723929e-02;7.2500000e+01;3.4759723e-02;7.2500000e+01;5.7990327e-02;7.2500000e+01;8.5741162e-02;7.2500000e+01;1.1528272e-01;7.2500000e+01;1.4789794e-01;7.2500000e+01;1.8702590e-01;7.2500000e+01;2.1964842e-01;7.2500000e+01;2.4650493e-01;7.2500000e+01;2.6417851e-01;7.2500000e+01;2.7407345e-01;7.2500000e+01;2.6802796e-01;7.2500000e+01;2.3831268e-01;7.2500000e+01;1.9399108e-01;7.2500000e+01;1.4036407e-01;7.2500000e+01;8.9374766e-02;7.2500000e+01;4.4944584e-02;7.2500000e+01;2.2709961e-03;7.2500000e+01;1.5723929e-02;7.2500000e+01;3.4759723e-02;7.2500000e+01;5.7990327e-02;7.2500000e+01;8.5741162e-02;7.2500000e+01;1.1528272e-01;7.2500000e+01;1.4789794e-01;7.2500000e+01;1.8702590e-01;7.2500000e+01;2.1964842e-01;7.2500000e+01;2.4650493e-01;7.2500000e+01;2.6417851e-01;7.2500000e+01;2.7407345e-01;7.2500000e+01;2.6802796e-01;7.2500000e+01;2.3831268e-01;7.2500000e+01;1.9399108e-01;7.2500000e+01;1.4036407e-01;7.2500000e+01;8.9374766e-02;7.2500000e+01;4.4944584e-02;7.2500000e+01;2.2709961e-03;7.2500000e+01;1.5723929e-02;7.2500000e+01;3.4759723e-02;7.2500000e+01;5.7990327e-02;7.2500000e+01;8.5741162e-02;7.2500000e+01;1.1528272e-01;7.2500000e+01;1.4789794e-01;7.2500000e+01;1.8702590e-01;7.2500000e+01;2.1964842e-01;7.2500000e+01;2.4650493e-01;7.2500000e+01;2.6417851e-01;7.2500000e+01;2.7407345e-01;7.2500000e+01;2.6802796e-01;7.2500000e+01;2.3831268e-01;7.2500000e+01;1.9399108e-01;7.2500000e+01;1.4036407e-01;7.2500000e+01;8.9374766e-02;7.2500000e+01;4.4944584e-02;7.2500000e+01;2.2709961e-03;7.2500000e+01;1.5723929e-02;7.2500000e+01;3.4759723e-02;7.2500000e+01;5.7990327e-02;7.2500000e+01;8.5741162e-02;7.2500000e+01;1.1528272e-01;7.2500000e+01;1.4789794e-01;7.2500000e+01;1.8702590e-01;7.2500000e+01;2.1964842e-01;7.2500000e+01;2.4650493e-01;7.2500000e+01;2.6417851e-01;7.2500000e+01;2.7407345e-01;7.2500000e+01;2.6802796e-01;7.2500000e+01;2.3831268e-01;7.2500000e+01;1.9399108e-01;7.2500000e+01;1.4036407e-01;7.2500000e+01;8.9374766e-02;7.2500000e+01;4.4944584e-02;7.2500000e+01;2.2709961e-03;7.2500000e+01;1.5723929e-02;7.2500000e+01;3.4759723e-02;7.2500000e+01;5.7990327e-02;7.2500000e+01;8.5741162e-02;7.2500000e+01;1.1528272e-01;7.2500000e+01;1.4789794e-01;7.2500000e+01;1.8702590e-01;7.2500000e+01;2.1964842e-01;7.2500000e+01;2.4650493e-01;7.2500000e+01;2.6417851e-01;7.2500000e+01;2.7407345e-01;7.2500000e+01;2.6802796e-01;7.2500000e+01;2.3831268e-01;7.2500000e+01;1.9399108e-01;7.2500000e+01;1.4036407e-01;7.2500000e+01;8.9374766e-02;7.2500000e+01;4.4944584e-02;7.2500000e+01;2.2709961e-03;7.2500000e+01;1.5723929e-02;7.2500000e+01;3.4759723e-02;7.2500000e+01;5.7990327e-02;7.2500000e+01;8.5741162e-02;7.2500000e+01;1.1528272e-01;7.2500000e+01;1.4789794e-01;7.2500000e+01;1.8702590e-01;7.2500000e+01;2.1964842e-01;7.2500000e+01;2.4650493e-01;7.2500000e+01;2.6417851e-01;7.2500000e+01;2.7407345e-01;7.2500000e+01;2.6802796e-01;7.2500000e+01;2.3831268e-01;7.2500000e+01;1.9399108e-01;7.2500000e+01;1.4036407e-01;7.2500000e+01;8.9374766e-02;7.2500000e+01;4.4944584e-02;7.2500000e+01;2.2709961e-03;7.2500000e+01;1.5723929e-02;7.2500000e+01;3.4759723e-02;7.2500000e+01;5.7990327e-02;7.2500000e+01;8.5741162e-02;7.2500000e+01;1.1528272e-01;7.2500000e+01;1.4789794e-01;7.2500000e+01;1.8702590e-01;7.2500000e+01;2.1964842e-01;7.2500000e+01;2.4650493e-01;7.2500000e+01;2.6417851e-01;7.2500000e+01;2.7407345e-01;7.2500000e+01;2.6802796e-01;7.2500000e+01;2.3831268e-01;7.2500000e+01;1.9399108e-01;7.2500000e+01;1.4036407e-01;7.2500000e+01;8.9374766e-02;7.2500000e+01;4.4944584e-02;7.2500000e+01;2.2709961e-03;7.2500000e+01;1.5723929e-02;7.2500000e+01;3.4759723e-02;7.2500000e+01;5.7990327e-02;7.2500000e+01;8.5741162e-02;7.2500000e+01;1.1528272e-01;7.2500000e+01;1.4789794e-01;7.2500000e+01;1.8702590e-01;7.2500000e+01;2.1964842e-01;7.2500000e+01;2.4650493e-01;7.2500000e+01;2.6417851e-01;7.2500000e+01;2.7407345e-01;7.2500000e+01;2.6802796e-01;7.2500000e+01;2.3831268e-01;7.2500000e+01;1.9399108e-01;7.2500000e+01;1.4036407e-01;7.2500000e+01;8.9374766e-02;7.2500000e+01;4.4944584e-02;7.2500000e+01;2.2709961e-03;7.2500000e+01;1.5723929e-02;7.2500000e+01;3.4759723e-02;7.2500000e+01;5.7990327e-02;7.2500000e+01;8.5741162e-02;7.2500000e+01;1.1528272e-01;7.2500000e+01;1.4789794e-01;7.2500000e+01;1.8702590e-01;7.2500000e+01;2.1964842e-01;7.2500000e+01;2.4650493e-01;7.2500000e+01;2.6417851e-01;7.2500000e+01;2.7407345e-01;7.2500000e+01;2.6802796e-01;7.2500000e+01;2.3831268e-01;7.2500000e+01;1.9399108e-01;7.2500000e+01;1.4036407e-01;7.2500000e+01;8.9374766e-02;7.2500000e+01;4.4944584e-02;7.2500000e+01;2.2709961e-03;7.2500000e+01;1.5723929e-02;7.2500000e+01;3.4759723e-02;7.2500000e+01;5.7990327e-02;7.2500000e+01;8.5741162e-02;7.2500000e+01;1.1528272e-01;7.2500000e+01;1.4789794e-01;7.2500000e+01;1.8702590e-01;7.2500000e+01;2.1964842e-01;7.2500000e+01;2.4650493e-01;7.2500000e+01;2.6417851e-01;7.2500000e+01;2.7407345e-01;7.2500000e+01;2.6802796e-01;7.2500000e+01;2.3831268e-01;7.2500000e+01;1.9399108e-01;7.2500000e+01;1.4036407e-01;7.2500000e+01;8.9374766e-02;7.2500000e+01;4.4944584e-02;7.2500000e+01;2.2709961e-03;7.2500000e+01;1.5723929e-02;7.2500000e+01;3.4759723e-02;7.2500000e+01;5.7990327e-02;7.2500000e+01;8.5741162e-02;7.2500000e+01;1.1528272e-01;7.2500000e+01;1.4789794e-01;7.2500000e+01;1.8702590e-01;7.2500000e+01;2.1964842e-01;7.2500000e+01;2.4650493e-01;7.2500000e+01;2.6417851e-01;7.2500000e+01;2.7407345e-01;7.2500000e+01;2.6802796e-01;7.2500000e+01;2.3831268e-01;7.2500000e+01;1.9399108e-01;7.2500000e+01;1.4036407e-01;7.2500000e+01;8.9374766e-02;7.2500000e+01;4.4944584e-02;7.2500000e+01;2.2709961e-03;7.2500000e+01;1.5723929e-02;7.2500000e+01;3.4759723e-02;7.2500000e+01;5.7990327e-02;7.2500000e+01;8.5741162e-02;7.2500000e+01;1.1528272e-01;7.2500000e+01;1.4789794e-01;7.2500000e+01;1.8702590e-01;7.2500000e+01;2.1964842e-01;7.2500000e+01;2.4650493e-01;7.2500000e+01;2.6417851e-01;7.2500000e+01;2.7407345e-01;7.2500000e+01;2.6802796e-01;7.2500000e+01;2.3831268e-01;7.2500000e+01;1.9399108e-01;7.2500000e+01;1.4036407e-01;7.2500000e+01;8.9374766e-02;7.2500000e+01;4.4944584e-02;7.2500000e+01;2.2709961e-03;7.2500000e+01;1.5723929e-02;7.2500000e+01;3.4759723e-02;7.2500000e+01;5.7990327e-02;7.2500000e+01;8.5741162e-02;7.2500000e+01;1.1528272e-01;7.2500000e+01;1.4789794e-01;7.2500000e+01;1.8702590e-01;7.2500000e+01;2.1964842e-01;7.2500000e+01;2.4650493e-01;7.2500000e+01;2.6417851e-01;7.2500000e+01;2.7407345e-01;7.2500000e+01;2.6802796e-01;7.2500000e+01;2.3831268e-01;7.2500000e+01;1.9399108e-01;7.2500000e+01;1.4036407e-01;7.2500000e+01;8.9374766e-02;7.2500000e+01;4.4944584e-02;7.2500000e+01;2.2709961e-03;7.2500000e+01;1.5723929e-02;7.2500000e+01;3.4759723e-02;7.2500000e+01;5.7990327e-02;7.2500000e+01;8.5741162e-02;7.2500000e+01;1.1528272e-01;7.2500000e+01;1.4789794e-01;7.2500000e+01;1.8702590e-01;7.2500000e+01;2.1964842e-01;7.2500000e+01;2.4650493e-01;7.2500000e+01;2.6417851e-01;7.2500000e+01;2.7407345e-01;7.2500000e+01;2.6802796e-01;7.2500000e+01;2.3831268e-01;7.2500000e+01;1.9399108e-01;7.2500000e+01;1.4036407e-01;7.2500000e+01;8.9374766e-02;7.2500000e+01;4.4944584e-02;7.2500000e+01;2.2709961e-03;7.2500000e+01;1.5723929e-02;7.2500000e+01;3.4759723e-02;7.2500000e+01;5.7990327e-02;7.2500000e+01;8.5741162e-02;7.2500000e+01;1.1528272e-01;7.2500000e+01;1.4789794e-01;7.2500000e+01;1.8702590e-01;7.2500000e+01;2.1964842e-01;7.2500000e+01;2.4650493e-01;7.2500000e+01;2.6417851e-01;7.2500000e+01;2.7407345e-01;7.2500000e+01;2.6802796e-01;7.2500000e+01;2.3831268e-01;7.2500000e+01;1.9399108e-01;7.2500000e+01;1.4036407e-01;7.2500000e+01;8.9374766e-02;7.2500000e+01;4.4944584e-02;7.2500000e+01;2.2709961e-03;7.2500000e+01;1.5723929e-02;7.2500000e+01;3.4759723e-02;7.2500000e+01;5.7990327e-02;7.2500000e+01;8.5741162e-02;7.2500000e+01;1.1528272e-01;7.2500000e+01;1.4789794e-01;7.2500000e+01;1.8702590e-01;7.2500000e+01;2.1964842e-01;7.2500000e+01;2.4650493e-01;7.2500000e+01;2.6417851e-01;7.2500000e+01;2.7407345e-01;7.2500000e+01;2.6802796e-01;7.2500000e+01;2.3831268e-01;7.2500000e+01;1.9399108e-01;7.2500000e+01;1.4036407e-01;7.2500000e+01;8.9374766e-02;7.2500000e+01;4.4944584e-02;7.2500000e+01;2.2709961e-03;7.2500000e+01;1.5723929e-02;7.2500000e+01;3.4759723e-02;7.2500000e+01;5.7990327e-02;7.2500000e+01;8.5741162e-02;7.2500000e+01;1.1528272e-01;7.2500000e+01;1.4789794e-01;7.2500000e+01;1.8702590e-01;7.2500000e+01;2.1964842e-01;7.2500000e+01;2.4650493e-01;7.2500000e+01;2.6417851e-01;7.2500000e+01;2.7407345e-01;7.2500000e+01;2.6802796e-01;7.2500000e+01;2.3831268e-01;7.2500000e+01;1.9399108e-01;7.2500000e+01;1.4036407e-01;7.2500000e+01;8.9374766e-02;7.2500000e+01;4.4944584e-02;7.2500000e+01;2.2709961e-03;7.2500000e+01;1.5723929e-02;7.2500000e+01;3.4759723e-02;7.2500000e+01;5.7990327e-02;7.2500000e+01;8.5741162e-02;7.2500000e+01;1.1528272e-01;7.2500000e+01;1.4789794e-01;7.2500000e+01;1.8702590e-01;7.2500000e+01;2.1964842e-01;7.2500000e+01;2.4650493e-01;7.2500000e+01;2.6417851e-01;7.2500000e+01;2.7407345e-01;7.2500000e+01;2.6802796e-01;7.2500000e+01;2.3831268e-01;7.2500000e+01;1.9399108e-01;7.2500000e+01;1.4036407e-01;7.2500000e+01;8.9374766e-02;7.2500000e+01;4.4944584e-02;7.2500000e+01;2.2709961e-03;7.2500000e+01;1.5723929e-02;7.2500000e+01;3.4759723e-02;7.2500000e+01;5.7990327e-02;7.2500000e+01;8.5741162e-02;7.2500000e+01;1.1528272e-01;7.2500000e+01;1.4789794e-01;7.2500000e+01;1.8702590e-01;7.2500000e+01;2.1964842e-01;7.2500000e+01;2.4650493e-01;7.2500000e+01;2.6417851e-01;7.2500000e+01;2.7407345e-01;7.2500000e+01;2.6802796e-01;7.2500000e+01;2.3831268e-01;7.2500000e+01;1.9399108e-01;7.2500000e+01;1.4036407e-01;7.2500000e+01;8.9374766e-02;7.2500000e+01;4.4944584e-02;7.2500000e+01;2.2709961e-03;7.2500000e+01;1.5723929e-02;7.2500000e+01;3.4759723e-02;7.2500000e+01;5.7990327e-02;7.2500000e+01;8.5741162e-02;7.2500000e+01;1.1528272e-01;7.2500000e+01;1.4789794e-01;7.2500000e+01;1.8702590e-01;7.2500000e+01;2.1964842e-01;7.2500000e+01;2.4650493e-01;7.2500000e+01;2.6417851e-01;7.2500000e+01;2.7407345e-01;7.2500000e+01;2.6802796e-01;7.2500000e+01;2.3831268e-01;7.2500000e+01;1.9399108e-01;7.2500000e+01;1.4036407e-01;7.2500000e+01;8.9374766e-02;7.2500000e+01;4.4944584e-02;7.2500000e+01;2.2709961e-03;7.2500000e+01;1.5723929e-02;7.2500000e+01;3.4759723e-02;7.2500000e+01;5.7990327e-02;7.2500000e+01;8.5741162e-02;7.2500000e+01;1.1528272e-01;7.2500000e+01;1.4789794e-01;7.2500000e+01;1.8702590e-01;7.2500000e+01;2.1964842e-01;7.2500000e+01;2.4650493e-01;7.2500000e+01;2.6417851e-01;7.2500000e+01;2.7407345e-01;7.2500000e+01;2.6802796e-01;7.2500000e+01;2.3831268e-01;7.2500000e+01;1.9399108e-01;7.2500000e+01;1.4036407e-01;7.2500000e+01;8.9374766e-02;7.2500000e+01;4.4944584e-02;7.2500000e+01;2.2709961e-03;7.2500000e+01;1.5723929e-02;7.2500000e+01;3.4759723e-02;7.2500000e+01;5.7990327e-02;7.2500000e+01;8.5741162e-02;7.2500000e+01;1.1528272e-01;7.2500000e+01;1.4789794e-01;7.2500000e+01;1.8702590e-01;7.2500000e+01;2.1964842e-01;7.2500000e+01;2.4650493e-01;7.2500000e+01;2.6417851e-01;7.2500000e+01;2.7407345e-01;7.2500000e+01;2.6802796e-01;7.2500000e+01;2.3831268e-01;7.2500000e+01;1.9399108e-01;7.2500000e+01;1.4036407e-01;7.2500000e+01;8.9374766e-02;7.2500000e+01;4.4944584e-02;7.2500000e+01;2.2709961e-03;7.2500000e+01;1.5723929e-02;7.2500000e+01;3.4759723e-02;7.2500000e+01;5.7990327e-02;7.2500000e+01;8.5741162e-02;7.2500000e+01;1.1528272e-01;7.2500000e+01;1.4789794e-01;7.2500000e+01;1.8702590e-01;7.2500000e+01;2.1964842e-01;7.2500000e+01;2.4650493e-01;7.2500000e+01;2.6417851e-01;7.2500000e+01;2.7407345e-01;7.2500000e+01;2.6802796e-01;7.2500000e+01;2.3831268e-01;7.2500000e+01;1.9399108e-01;7.2500000e+01;1.4036407e-01;7.2500000e+01;8.9374766e-02;7.2500000e+01;4.4944584e-02;7.2500000e+01;2.2709961e-03;7.2500000e+01;1.5723929e-02;7.2500000e+01;3.4759723e-02;7.2500000e+01;5.7990327e-02;7.2500000e+01;8.5741162e-02;7.2500000e+01;1.1528272e-01;7.2500000e+01;1.4789794e-01;7.2500000e+01;1.8702590e-01;7.2500000e+01;2.1964842e-01;7.2500000e+01;2.4650493e-01;7.2500000e+01;2.6417851e-01;7.2500000e+01;2.7407345e-01;7.2500000e+01;2.6802796e-01;7.2500000e+01;2.3831268e-01;7.2500000e+01;1.9399108e-01;7.2500000e+01;1.4036407e-01;7.2500000e+01;8.9374766e-02;7.2500000e+01;4.4944584e-02;7.2500000e+01;2.2709961e-03;7.2500000e+01;1.5723929e-02;7.2500000e+01;3.4759723e-02;7.2500000e+01;5.7990327e-02;7.2500000e+01;8.5741162e-02;7.2500000e+01;1.1528272e-01;7.2500000e+01;1.4789794e-01;7.2500000e+01;1.8702590e-01;7.2500000e+01;2.1964842e-01;7.2500000e+01;2.4650493e-01;7.2500000e+01;2.6417851e-01;7.2500000e+01;2.7407345e-01;7.2500000e+01;2.6802796e-01;7.2500000e+01;2.3831268e-01;7.2500000e+01;1.9399108e-01;7.2500000e+01;1.4036407e-01;7.2500000e+01;8.9374766e-02;7.2500000e+01;4.4944584e-02;7.2500000e+01;2.2709961e-03;7.2500000e+01;1.5723929e-02;7.2500000e+01;3.4759723e-02;7.2500000e+01;5.7990327e-02;7.2500000e+01;8.5741162e-02;7.2500000e+01;1.1528272e-01;7.2500000e+01;1.4789794e-01;7.2500000e+01;1.8702590e-01;7.2500000e+01;2.1964842e-01;7.2500000e+01;2.4650493e-01;7.2500000e+01;2.6417851e-01;7.2500000e+01;2.7407345e-01;7.2500000e+01;2.6802796e-01;7.2500000e+01;2.3831268e-01;7.2500000e+01;1.9399108e-01;7.2500000e+01;1.4036407e-01;7.2500000e+01;8.9374766e-02;7.2500000e+01;4.4944584e-02;7.2500000e+01;2.2709961e-03;7.2500000e+01;1.5723929e-02;7.2500000e+01;3.4759723e-02;7.2500000e+01;5.7990327e-02;7.2500000e+01;8.5741162e-02;7.2500000e+01;1.1528272e-01;7.2500000e+01;1.4789794e-01;7.2500000e+01;1.8702590e-01;7.2500000e+01;2.1964842e-01;7.2500000e+01;2.4650493e-01;7.2500000e+01;2.6417851e-01;7.2500000e+01;2.7407345e-01;7.2500000e+01;2.6802796e-01;7.2500000e+01;2.3831268e-01;7.2500000e+01;1.9399108e-01;7.2500000e+01;1.4036407e-01;7.2500000e+01;8.9374766e-02;7.2500000e+01;4.4944584e-02;7.2500000e+01;2.2709961e-03;7.2500000e+01;1.5723929e-02;7.2500000e+01;3.4759723e-02;7.2500000e+01;5.7990327e-02;7.2500000e+01;8.5741162e-02;7.2500000e+01;1.1528272e-01;7.2500000e+01;1.4789794e-01;7.2500000e+01;1.8702590e-01;7.2500000e+01;2.1964842e-01;7.2500000e+01;2.4650493e-01;7.2500000e+01;2.6417851e-01;7.2500000e+01;2.7407345e-01;7.2500000e+01;2.6802796e-01;7.2500000e+01;2.3831268e-01;7.2500000e+01;1.9399108e-01;7.2500000e+01;1.4036407e-01;7.2500000e+01;8.9374766e-02;7.2500000e+01;4.4944584e-02;7.2500000e+01;2.2709961e-03;7.2500000e+01;1.5723929e-02;7.2500000e+01;3.4759723e-02;7.2500000e+01;5.7990327e-02;7.2500000e+01;8.5741162e-02;7.2500000e+01;1.1528272e-01;7.2500000e+01;1.4789794e-01;7.2500000e+01;1.8702590e-01;7.2500000e+01;2.1964842e-01;7.2500000e+01;2.4650493e-01;7.2500000e+01;2.6417851e-01;7.2500000e+01;2.7407345e-01;7.2500000e+01;2.6802796e-01;7.2500000e+01;2.3831268e-01;7.2500000e+01;1.9399108e-01;7.2500000e+01;1.4036407e-01;7.2500000e+01;8.9374766e-02;7.2500000e+01;4.4944584e-02;7.2500000e+01;2.2709961e-03;7.2500000e+01;1.5723929e-02;7.2500000e+01;3.4759723e-02;7.2500000e+01;5.7990327e-02;7.2500000e+01;8.5741162e-02;7.2500000e+01;1.1528272e-01;7.2500000e+01;1.4789794e-01;7.2500000e+01;1.8702590e-01;7.2500000e+01;2.1964842e-01;7.2500000e+01;2.4650493e-01;7.2500000e+01;2.6417851e-01;7.2500000e+01;2.7407345e-01;7.2500000e+01;2.6802796e-01;7.2500000e+01;2.3831268e-01;7.2500000e+01;1.9399108e-01;7.2500000e+01;1.4036407e-01;7.2500000e+01;8.9374766e-02;7.2500000e+01;4.4944584e-02;7.2500000e+01;2.2709961e-03;7.2500000e+01;1.5723929e-02;7.2500000e+01;3.4759723e-02;7.2500000e+01;5.7990327e-02;7.2500000e+01;8.5741162e-02;7.2500000e+01;1.1528272e-01;7.2500000e+01;1.4789794e-01;7.2500000e+01;1.8702590e-01;7.2500000e+01;2.1964842e-01;7.2500000e+01;2.4650493e-01;7.2500000e+01;2.6417851e-01;7.2500000e+01;2.7407345e-01;7.2500000e+01;2.6802796e-01;7.2500000e+01;2.3831268e-01;7.2500000e+01;1.9399108e-01;7.2500000e+01;1.4036407e-01;7.2500000e+01;8.9374766e-02;7.2500000e+01;4.4944584e-02;7.2500000e+01;2.2709961e-03;7.2500000e+01;1.5723929e-02;7.2500000e+01;3.4759723e-02;7.2500000e+01;5.7990327e-02;7.2500000e+01;8.5741162e-02;7.2500000e+01;1.1528272e-01;7.2500000e+01;1.4789794e-01;7.2500000e+01;1.8702590e-01;7.2500000e+01;2.1964842e-01;7.2500000e+01;2.4650493e-01;7.2500000e+01;2.6417851e-01;7.2500000e+01;2.7407345e-01;7.2500000e+01;2.6802796e-01;7.2500000e+01;2.3831268e-01;7.2500000e+01;1.9399108e-01;7.2500000e+01;1.4036407e-01;7.2500000e+01;8.9374766e-02;7.2500000e+01;4.4944584e-02;7.2500000e+01;2.2709961e-03;7.2500000e+01;1.5723929e-02;7.2500000e+01;3.4759723e-02;7.2500000e+01;5.7990327e-02;7.2500000e+01;8.5741162e-02;7.2500000e+01;1.1528272e-01;7.2500000e+01;1.4789794e-01;7.2500000e+01;1.8702590e-01;7.2500000e+01;2.1964842e-01;7.2500000e+01;2.4650493e-01;7.2500000e+01;2.6417851e-01;7.2500000e+01;2.7407345e-01;7.2500000e+01;2.6802796e-01;7.2500000e+01;2.3831268e-01;7.2500000e+01;1.9399108e-01;7.2500000e+01;1.4036407e-01;7.2500000e+01;8.9374766e-02;7.2500000e+01;4.4944584e-02;7.2500000e+01;2.2709961e-03;7.2500000e+01;1.5723929e-02;7.2500000e+01;3.4759723e-02;7.2500000e+01;5.7990327e-02;7.2500000e+01;8.5741162e-02;7.2500000e+01;1.1528272e-01;7.2500000e+01;1.4789794e-01;7.2500000e+01;1.8702590e-01;7.2500000e+01;2.1964842e-01;7.2500000e+01;2.4650493e-01;7.2500000e+01;2.6417851e-01;7.2500000e+01;2.7407345e-01;7.2500000e+01;2.6802796e-01;7.2500000e+01;2.3831268e-01;7.2500000e+01;1.9399108e-01;7.2500000e+01;1.4036407e-01;7.2500000e+01;8.9374766e-02;7.2500000e+01;4.4944584e-02;7.2500000e+01;2.2709961e-03;7.2500000e+01;1.5723929e-02;7.2500000e+01;3.4759723e-02;7.2500000e+01;5.7990327e-02;7.2500000e+01;8.5741162e-02;7.2500000e+01;1.1528272e-01;7.2500000e+01;1.4789794e-01;7.2500000e+01;1.8702590e-01;7.2500000e+01;2.1964842e-01;7.2500000e+01;2.4650493e-01;7.2500000e+01;2.6417851e-01;7.2500000e+01;2.7407345e-01;7.2500000e+01;2.6802796e-01;7.2500000e+01;2.3831268e-01;7.2500000e+01;1.9399108e-01;7.2500000e+01;1.4036407e-01;7.2500000e+01;8.9374766e-02;7.2500000e+01;4.4944584e-02;7.2500000e+01;2.2709961e-03;7.2500000e+01;1.5723929e-02;7.2500000e+01;3.4759723e-02;7.2500000e+01;5.7990327e-02;7.2500000e+01;8.5741162e-02;7.2500000e+01;1.1528272e-01;7.2500000e+01;1.4789794e-01;7.2500000e+01;1.8702590e-01;7.2500000e+01;2.1964842e-01;7.2500000e+01;2.4650493e-01;7.2500000e+01;2.6417851e-01;7.2500000e+01;2.7407345e-01;7.2500000e+01;2.6802796e-01;7.2500000e+01;2.3831268e-01;7.2500000e+01;1.9399108e-01;7.2500000e+01;1.4036407e-01;7.2500000e+01;8.9374766e-02;7.2500000e+01;4.4944584e-02;7.2500000e+01;2.2709961e-03;7.2500000e+01;1.5723929e-02;7.2500000e+01;3.4759723e-02;7.2500000e+01;5.7990327e-02;7.2500000e+01;8.5741162e-02;7.2500000e+01;1.1528272e-01;7.2500000e+01;1.4789794e-01;7.2500000e+01;1.8702590e-01;7.2500000e+01;2.1964842e-01;7.2500000e+01;2.4650493e-01;7.2500000e+01;2.6417851e-01;7.2500000e+01;2.7407345e-01;7.2500000e+01;2.6802796e-01;7.2500000e+01;2.3831268e-01;7.2500000e+01;1.9399108e-01;7.2500000e+01;1.4036407e-01;7.2500000e+01;8.9374766e-02;7.2500000e+01;4.4944584e-02;7.2500000e+01;2.2709961e-03;7.2500000e+01;1.5723929e-02;7.2500000e+01;3.4759723e-02;7.2500000e+01;5.7990327e-02;7.2500000e+01;8.5741162e-02;7.2500000e+01;1.1528272e-01;7.2500000e+01;1.4789794e-01;7.2500000e+01;1.8702590e-01;7.2500000e+01;2.1964842e-01;7.2500000e+01;2.4650493e-01;7.2500000e+01;2.6417851e-01;7.2500000e+01;2.7407345e-01;7.2500000e+01;2.6802796e-01;7.2500000e+01;2.3831268e-01;7.2500000e+01;1.9399108e-01;7.2500000e+01;1.4036407e-01;7.2500000e+01;8.9374766e-02;7.2500000e+01;4.4944584e-02;7.2500000e+01;2.2709961e-03;7.2500000e+01;1.5723929e-02;7.2500000e+01;3.4759723e-02;7.2500000e+01;5.7990327e-02;7.2500000e+01;8.5741162e-02;7.2500000e+01;1.1528272e-01;7.2500000e+01;1.4789794e-01;7.2500000e+01;1.8702590e-01;7.2500000e+01;2.1964842e-01;7.2500000e+01;2.4650493e-01;7.2500000e+01;2.6417851e-01;7.2500000e+01;2.7407345e-01;7.2500000e+01;2.6802796e-01;7.2500000e+01;2.3831268e-01;7.2500000e+01;1.9399108e-01;7.2500000e+01;1.4036407e-01;7.2500000e+01;8.9374766e-02;7.2500000e+01;4.4944584e-02;7.2500000e+01;2.2709961e-03;7.2500000e+01;1.5723929e-02;7.2500000e+01;3.4759723e-02;7.2500000e+01;5.7990327e-02;7.2500000e+01;8.5741162e-02;7.2500000e+01;1.1528272e-01;7.2500000e+01;1.4789794e-01;7.2500000e+01;1.8702590e-01;7.2500000e+01;2.1964842e-01;7.2500000e+01;2.4650493e-01;7.2500000e+01;2.6417851e-01;7.2500000e+01;2.7407345e-01;7.2500000e+01;2.6802796e-01;7.2500000e+01;2.3831268e-01;7.2500000e+01;1.9399108e-01;7.2500000e+01;1.4036407e-01;7.2500000e+01;8.9374766e-02;7.2500000e+01;4.4944584e-02;7.2500000e+01;2.2709961e-03;7.2500000e+01;1.5723929e-02;7.2500000e+01;3.4759723e-02;7.2500000e+01;5.7990327e-02;7.2500000e+01;8.5741162e-02;7.2500000e+01;1.1528272e-01;7.2500000e+01;1.4789794e-01;7.2500000e+01;1.8702590e-01;7.2500000e+01;2.1964842e-01;7.2500000e+01;2.4650493e-01;7.2500000e+01;2.6417851e-01;7.2500000e+01;2.7407345e-01;7.2500000e+01;2.6802796e-01;7.2500000e+01;2.3831268e-01;7.2500000e+01;1.9399108e-01;7.2500000e+01;1.4036407e-01;7.2500000e+01;8.9374766e-02;7.2500000e+01;4.4944584e-02;7.2500000e+01;2.2709961e-03;7.2500000e+01;1.5723929e-02;7.2500000e+01;3.4759723e-02;7.2500000e+01;5.7990327e-02;7.2500000e+01;8.5741162e-02;7.2500000e+01;1.1528272e-01;7.2500000e+01;1.4789794e-01;7.2500000e+01;1.8702590e-01;7.2500000e+01;2.1964842e-01;7.2500000e+01;2.4650493e-01;7.2500000e+01;2.6417851e-01;7.2500000e+01;2.7407345e-01;7.2500000e+01;2.6802796e-01;7.2500000e+01;2.3831268e-01;7.2500000e+01;1.9399108e-01;7.2500000e+01;1.4036407e-01;7.2500000e+01;8.9374766e-02;7.2500000e+01;4.4944584e-02;7.2500000e+01;2.2709961e-03;7.2500000e+01;1.5723929e-02;7.2500000e+01;3.4759723e-02;7.2500000e+01;5.7990327e-02;7.2500000e+01;8.5741162e-02;7.2500000e+01;1.1528272e-01;7.2500000e+01;1.4789794e-01;7.2500000e+01;1.8702590e-01;7.2500000e+01;2.1964842e-01;7.2500000e+01;2.4650493e-01;7.2500000e+01;2.6417851e-01;7.2500000e+01;2.7407345e-01;7.2500000e+01;2.6802796e-01;7.2500000e+01;2.3831268e-01;7.2500000e+01;1.9399108e-01;7.2500000e+01;1.4036407e-01;7.2500000e+01;8.9374766e-02;7.2500000e+01;4.4944584e-02;7.2500000e+01;2.2709961e-03;7.2500000e+01;1.5723929e-02;7.2500000e+01;3.4759723e-02;7.2500000e+01;5.7990327e-02;7.2500000e+01;8.5741162e-02;7.2500000e+01;1.1528272e-01;7.2500000e+01;1.4789794e-01;7.2500000e+01;1.8702590e-01;7.2500000e+01;2.1964842e-01;7.2500000e+01;2.4650493e-01;7.2500000e+01;2.6417851e-01;7.2500000e+01;2.7407345e-01;7.2500000e+01;2.6802796e-01;7.2500000e+01;2.3831268e-01;7.2500000e+01;1.9399108e-01;7.2500000e+01;1.4036407e-01;7.2500000e+01;8.9374766e-02;7.2500000e+01;4.4944584e-02;7.2500000e+01;2.2709961e-03;7.2500000e+01;1.5723929e-02;7.2500000e+01;3.4759723e-02;7.2500000e+01;5.7990327e-02;7.2500000e+01;8.5741162e-02;7.2500000e+01;1.1528272e-01;7.2500000e+01;1.4789794e-01;7.2500000e+01;1.8702590e-01;7.2500000e+01;2.1964842e-01;7.2500000e+01;2.4650493e-01;7.2500000e+01;2.6417851e-01;7.2500000e+01;2.7407345e-01;7.2500000e+01;2.6802796e-01;7.2500000e+01;2.3831268e-01;7.2500000e+01;1.9399108e-01;7.2500000e+01;1.4036407e-01;7.2500000e+01;8.9374766e-02;7.2500000e+01;4.4944584e-02;7.2500000e+01;2.2709961e-03;7.2500000e+01;1.5723929e-02;7.2500000e+01;3.4759723e-02;7.2500000e+01;5.7990327e-02;7.2500000e+01;8.5741162e-02;7.2500000e+01;1.1528272e-01;7.2500000e+01;1.4789794e-01;7.2500000e+01;1.8702590e-01;7.2500000e+01;2.1964842e-01;7.2500000e+01;2.4650493e-01;7.2500000e+01;2.6417851e-01;7.2500000e+01;2.7407345e-01;7.2500000e+01;2.6802796e-01;7.2500000e+01;2.3831268e-01;7.2500000e+01;1.9399108e-01;7.2500000e+01;1.4036407e-01;7.2500000e+01;8.9374766e-02;7.2500000e+01;4.4944584e-02;7.2500000e+01;2.2709961e-03;7.2500000e+01;1.5723929e-02;7.2500000e+01;3.4759723e-02;7.2500000e+01;5.7990327e-02;7.2500000e+01;8.5741162e-02;7.2500000e+01;1.1528272e-01;7.2500000e+01;1.4789794e-01;7.2500000e+01;1.8702590e-01;7.2500000e+01;2.1964842e-01;7.2500000e+01;2.4650493e-01;7.2500000e+01;2.6417851e-01;7.2500000e+01;2.7407345e-01;7.2500000e+01;2.6802796e-01;7.2500000e+01;2.3831268e-01;7.2500000e+01;1.9399108e-01;7.2500000e+01;1.4036407e-01;7.2500000e+01;8.9374766e-02;7.2500000e+01;4.4944584e-02;7.2500000e+01;2.2709961e-03;7.2500000e+01;1.5723929e-02;7.2500000e+01;3.4759723e-02;7.2500000e+01;5.7990327e-02;7.2500000e+01;8.5741162e-02;7.2500000e+01;1.1528272e-01;7.2500000e+01;1.4789794e-01;7.2500000e+01;1.8702590e-01;7.2500000e+01;2.1964842e-01;7.2500000e+01;2.4650493e-01;7.2500000e+01;2.6417851e-01;7.2500000e+01;2.7407345e-01;7.2500000e+01;2.6802796e-01;7.2500000e+01;2.3831268e-01;7.2500000e+01;1.9399108e-01;7.2500000e+01;1.4036407e-01;7.2500000e+01;8.9374766e-02;7.2500000e+01;4.4944584e-02;7.2500000e+01;2.2709961e-03;7.2500000e+01;1.5723929e-02;7.2500000e+01;3.4759723e-02;7.2500000e+01;5.7990327e-02;7.2500000e+01;8.5741162e-02;7.2500000e+01;1.1528272e-01;7.2500000e+01;1.4789794e-01;7.2500000e+01;1.8702590e-01;7.2500000e+01;2.1964842e-01;7.2500000e+01;2.4650493e-01;7.2500000e+01;2.6417851e-01;7.2500000e+01;2.7407345e-01;7.2500000e+01;2.6802796e-01;7.2500000e+01;2.3831268e-01;7.2500000e+01;1.9399108e-01;7.2500000e+01;1.4036407e-01;7.2500000e+01;8.9374766e-02;7.2500000e+01;4.4944584e-02;7.2500000e+01;2.2709961e-03;7.2500000e+01;1.5723929e-02;7.2500000e+01;3.4759723e-02;7.2500000e+01;5.7990327e-02;7.2500000e+01;8.5741162e-02;7.2500000e+01;1.1528272e-01;7.2500000e+01;1.4789794e-01;7.2500000e+01;1.8702590e-01;7.2500000e+01;2.1964842e-01;7.2500000e+01;2.4650493e-01;7.2500000e+01;2.6417851e-01;7.2500000e+01;2.7407345e-01;7.2500000e+01;2.6802796e-01;7.2500000e+01;2.3831268e-01;7.2500000e+01;1.9399108e-01;7.2500000e+01;1.4036407e-01;7.2500000e+01;8.9374766e-02;7.2500000e+01;4.4944584e-02;7.2500000e+01;2.2709961e-03;7.2500000e+01;1.5723929e-02;7.2500000e+01;3.4759723e-02;7.2500000e+01;5.7990327e-02;7.2500000e+01;8.5741162e-02;7.2500000e+01;1.1528272e-01;7.2500000e+01;1.4789794e-01;7.2500000e+01;1.8702590e-01;7.2500000e+01;2.1964842e-01;7.2500000e+01;2.4650493e-01;7.2500000e+01;2.6417851e-01;7.2500000e+01;2.7407345e-01;7.2500000e+01;2.6802796e-01;7.2500000e+01;2.3831268e-01;7.2500000e+01;1.9399108e-01;7.2500000e+01;1.4036407e-01;7.2500000e+01;8.9374766e-02;7.2500000e+01;4.4944584e-02;7.2500000e+01;2.2709961e-03;7.2500000e+01;1.5723929e-02;7.2500000e+01;3.4759723e-02;7.2500000e+01;5.7990327e-02;7.2500000e+01;8.5741162e-02;7.2500000e+01;1.1528272e-01;7.2500000e+01;1.4789794e-01;7.2500000e+01;1.8702590e-01;7.2500000e+01;2.1964842e-01;7.2500000e+01;2.4650493e-01;7.2500000e+01;2.6417851e-01;7.2500000e+01;2.7407345e-01;7.2500000e+01;2.6802796e-01;7.2500000e+01;2.3831268e-01;7.2500000e+01;1.9399108e-01;7.2500000e+01;1.4036407e-01;7.2500000e+01;8.9374766e-02;7.2500000e+01;4.4944584e-02;7.2500000e+01;2.2709961e-03;7.2500000e+01;1.5723929e-02;7.2500000e+01;3.4759723e-02;7.2500000e+01;5.7990327e-02;7.2500000e+01;8.5741162e-02;7.2500000e+01;1.1528272e-01;7.2500000e+01;1.4789794e-01;7.2500000e+01;1.8702590e-01;7.2500000e+01;2.1964842e-01;7.2500000e+01;2.4650493e-01;7.2500000e+01;2.6417851e-01;7.2500000e+01;2.7407345e-01;7.2500000e+01;2.6802796e-01;7.2500000e+01;2.3831268e-01;7.2500000e+01;1.9399108e-01;7.2500000e+01;1.4036407e-01;7.2500000e+01;8.9374766e-02;7.2500000e+01;4.4944584e-02;7.2500000e+01;2.2709961e-03;7.2500000e+01;1.5723929e-02;7.2500000e+01;3.4759723e-02;7.2500000e+01;5.7990327e-02;7.2500000e+01;8.5741162e-02;7.2500000e+01;1.1528272e-01;7.2500000e+01;1.4789794e-01;7.2500000e+01;1.8702590e-01;7.2500000e+01;2.1964842e-01;7.2500000e+01;2.4650493e-01;7.2500000e+01;2.6417851e-01;7.2500000e+01;2.7407345e-01;7.2500000e+01;2.6802796e-01;7.2500000e+01;2.3831268e-01;7.2500000e+01;1.9399108e-01;7.2500000e+01;1.4036407e-01;7.2500000e+01;8.9374766e-02;7.2500000e+01;4.4944584e-02;7.2500000e+01;2.2709961e-03;7.2500000e+01;1.5723929e-02;7.2500000e+01;3.4759723e-02;7.2500000e+01;5.7990327e-02;7.2500000e+01;8.5741162e-02;7.2500000e+01;1.1528272e-01;7.2500000e+01;1.4789794e-01;7.2500000e+01;1.8702590e-01;7.2500000e+01;2.1964842e-01;7.2500000e+01;2.4650493e-01;7.2500000e+01;2.6417851e-01;7.2500000e+01;2.7407345e-01;7.2500000e+01;2.6802796e-01;7.2500000e+01;2.3831268e-01;7.2500000e+01;1.9399108e-01;7.2500000e+01;1.4036407e-01;7.2500000e+01;8.9374766e-02;7.2500000e+01;4.4944584e-02;7.2500000e+01;2.2709961e-03;7.2500000e+01;1.5723929e-02;7.2500000e+01;3.4759723e-02;7.2500000e+01;5.7990327e-02;7.2500000e+01;8.5741162e-02;7.2500000e+01;1.1528272e-01;7.2500000e+01;1.4789794e-01;7.2500000e+01;1.8702590e-01;7.2500000e+01;2.1964842e-01;7.2500000e+01;2.4650493e-01;7.2500000e+01;2.6417851e-01;7.2500000e+01;2.7407345e-01;7.2500000e+01;2.6802796e-01;7.2500000e+01;2.3831268e-01;7.2500000e+01;1.9399108e-01;7.2500000e+01;1.4036407e-01;7.2500000e+01;8.9374766e-02;7.2500000e+01;4.4944584e-02;7.2500000e+01;2.2709961e-03;7.2500000e+01;1.5723929e-02;7.2500000e+01;3.4759723e-02;7.2500000e+01;5.7990327e-02;7.2500000e+01;8.5741162e-02;7.2500000e+01;1.1528272e-01;7.2500000e+01;1.4789794e-01;7.2500000e+01;1.8702590e-01;7.2500000e+01;2.1964842e-01;7.2500000e+01;2.4650493e-01;7.2500000e+01;2.6417851e-01;7.2500000e+01;2.7407345e-01;7.2500000e+01;2.6802796e-01;7.2500000e+01;2.3831268e-01;7.2500000e+01;1.9399108e-01;7.2500000e+01;1.4036407e-01;7.2500000e+01;8.9374766e-02;7.2500000e+01;4.4944584e-02;7.2500000e+01;2.2709961e-03;7.2500000e+01;1.5723929e-02;7.2500000e+01;3.4759723e-02;7.2500000e+01;5.7990327e-02;7.2500000e+01;8.5741162e-02;7.2500000e+01;1.1528272e-01;7.2500000e+01;1.4789794e-01;7.2500000e+01;1.8702590e-01;7.2500000e+01;2.1964842e-01;7.2500000e+01;2.4650493e-01;7.2500000e+01;2.6417851e-01;7.2500000e+01;2.7407345e-01;7.2500000e+01;2.6802796e-01;7.2500000e+01;2.3831268e-01;7.2500000e+01;1.9399108e-01;7.2500000e+01;1.4036407e-01;7.2500000e+01;8.9374766e-02;7.2500000e+01;4.4944584e-02;7.2500000e+01;2.2709961e-03;7.2500000e+01;1.5723929e-02;7.2500000e+01;3.4759723e-02;7.2500000e+01;5.7990327e-02;7.2500000e+01;8.5741162e-02;7.2500000e+01;1.1528272e-01;7.2500000e+01;1.4789794e-01;7.2500000e+01;1.8702590e-01;7.2500000e+01;2.1964842e-01;7.2500000e+01;2.4650493e-01;7.2500000e+01;2.6417851e-01;7.2500000e+01;2.7407345e-01;7.2500000e+01;2.6802796e-01;7.2500000e+01;2.3831268e-01;7.2500000e+01;1.9399108e-01;7.2500000e+01;1.4036407e-01;7.2500000e+01;8.9374766e-02;7.2500000e+01;4.4944584e-02;7.2500000e+01;2.2709961e-03;7.2500000e+01;1.5723929e-02;7.2500000e+01;3.4759723e-02;7.2500000e+01;5.7990327e-02;7.2500000e+01;8.5741162e-02;7.2500000e+01;1.1528272e-01;7.2500000e+01;1.4789794e-01;7.2500000e+01;1.8702590e-01;7.2500000e+01;2.1964842e-01;7.2500000e+01;2.4650493e-01;7.2500000e+01;2.6417851e-01;7.2500000e+01;2.7407345e-01;7.2500000e+01;2.6802796e-01;7.2500000e+01;2.3831268e-01;7.2500000e+01;1.9399108e-01;7.2500000e+01;1.4036407e-01;7.2500000e+01;8.9374766e-02;7.2500000e+01;4.4944584e-02;7.2500000e+01;2.2709961e-03;7.2500000e+01;1.5723929e-02;7.2500000e+01;3.4759723e-02;7.2500000e+01;5.7990327e-02;7.2500000e+01;8.5741162e-02;7.2500000e+01;1.1528272e-01;7.2500000e+01;1.4789794e-01;7.2500000e+01;1.8702590e-01;7.2500000e+01;2.1964842e-01;7.2500000e+01;2.4650493e-01;7.2500000e+01;2.6417851e-01;7.2500000e+01;2.7407345e-01;7.2500000e+01;2.6802796e-01;7.2500000e+01;2.3831268e-01;7.2500000e+01;1.9399108e-01;7.2500000e+01;1.4036407e-01;7.2500000e+01;8.9374766e-02;7.2500000e+01;4.4944584e-02;7.2500000e+01;2.2709961e-03;7.2500000e+01;1.5723929e-02;7.2500000e+01;3.4759723e-02;7.2500000e+01;5.7990327e-02;7.2500000e+01;8.5741162e-02;7.2500000e+01;1.1528272e-01;7.2500000e+01;1.4789794e-01;7.2500000e+01;1.8702590e-01;7.2500000e+01;2.1964842e-01;7.2500000e+01;2.4650493e-01;7.2500000e+01;2.6417851e-01;7.2500000e+01;2.7407345e-01;7.2500000e+01;2.6802796e-01;7.2500000e+01;2.3831268e-01;7.2500000e+01;1.9399108e-01;7.2500000e+01;1.4036407e-01;7.2500000e+01;8.9374766e-02;7.2500000e+01;4.4944584e-02;7.2500000e+01;2.2709961e-03;7.2500000e+01;1.5723929e-02;7.2500000e+01;3.4759723e-02;7.2500000e+01;5.7990327e-02;7.2500000e+01;8.5741162e-02;7.2500000e+01;1.1528272e-01;7.2500000e+01;1.4789794e-01;7.2500000e+01;1.8702590e-01;7.2500000e+01;2.1964842e-01;7.2500000e+01;2.4650493e-01;7.2500000e+01;2.6417851e-01;7.2500000e+01;2.7407345e-01;7.2500000e+01;2.6802796e-01;7.2500000e+01;2.3831268e-01;7.2500000e+01;1.9399108e-01;7.2500000e+01;1.4036407e-01;7.2500000e+01;8.9374766e-02;7.2500000e+01;4.4944584e-02;7.2500000e+01;2.2709961e-03;7.2500000e+01;1.5723929e-02;7.2500000e+01;3.4759723e-02;7.2500000e+01;5.7990327e-02;7.2500000e+01;8.5741162e-02;7.2500000e+01;1.1528272e-01;7.2500000e+01;1.4789794e-01;7.2500000e+01;1.8702590e-01;7.2500000e+01;2.1964842e-01;7.2500000e+01;2.4650493e-01;7.2500000e+01;2.6417851e-01;7.2500000e+01;2.7407345e-01;7.2500000e+01;2.6802796e-01;7.2500000e+01;2.3831268e-01;7.2500000e+01;1.9399108e-01;7.2500000e+01;1.4036407e-01;7.2500000e+01;8.9374766e-02;7.2500000e+01;4.4944584e-02;7.2500000e+01;2.2709961e-03;7.2500000e+01;1.5723929e-02;7.2500000e+01;3.4759723e-02;7.2500000e+01;5.7990327e-02;7.2500000e+01;8.5741162e-02;7.2500000e+01;1.1528272e-01;7.2500000e+01;1.4789794e-01;7.2500000e+01;1.8702590e-01;7.2500000e+01;2.1964842e-01;7.2500000e+01;2.4650493e-01;7.2500000e+01;2.6417851e-01;7.2500000e+01;2.7407345e-01;7.2500000e+01;2.6802796e-01;7.2500000e+01;2.3831268e-01;7.2500000e+01;1.9399108e-01;7.2500000e+01;1.4036407e-01;7.2500000e+01;8.9374766e-02;7.2500000e+01;4.4944584e-02;7.2500000e+01;2.2709961e-03;7.2500000e+01;1.5723929e-02;7.2500000e+01;3.4759723e-02;7.2500000e+01;5.7990327e-02;7.2500000e+01;8.5741162e-02;7.2500000e+01;1.1528272e-01;7.2500000e+01;1.4789794e-01;7.2500000e+01;1.8702590e-01;7.2500000e+01;2.1964842e-01;7.2500000e+01;2.4650493e-01;7.2500000e+01;2.6417851e-01;7.2500000e+01;2.7407345e-01;7.2500000e+01;2.6802796e-01;7.2500000e+01;2.3831268e-01;7.2500000e+01;1.9399108e-01;7.2500000e+01;1.4036407e-01;7.2500000e+01;8.9374766e-02;7.2500000e+01;4.4944584e-02;7.2500000e+01;2.2709961e-03;7.2500000e+01;1.5723929e-02;7.2500000e+01;3.4759723e-02;7.2500000e+01;5.7990327e-02;7.2500000e+01;8.5741162e-02;7.2500000e+01;1.1528272e-01;7.2500000e+01;1.4789794e-01;7.2500000e+01;1.8702590e-01;7.2500000e+01;2.1964842e-01;7.2500000e+01;2.4650493e-01;7.2500000e+01;2.6417851e-01;7.2500000e+01;2.7407345e-01;7.2500000e+01;2.6802796e-01;7.2500000e+01;2.3831268e-01;7.2500000e+01;1.9399108e-01;7.2500000e+01;1.4036407e-01;7.2500000e+01;8.9374766e-02;7.2500000e+01;4.4944584e-02;7.2500000e+01;2.2709961e-03;7.2500000e+01;1.5723929e-02;7.2500000e+01;3.4759723e-02;7.2500000e+01;5.7990327e-02;7.2500000e+01;8.5741162e-02;7.2500000e+01;1.1528272e-01;7.2500000e+01;1.4789794e-01;7.2500000e+01;1.8702590e-01;7.2500000e+01;2.1964842e-01;7.2500000e+01;2.4650493e-01;7.2500000e+01;2.6417851e-01;7.2500000e+01;2.7407345e-01;7.2500000e+01;2.6802796e-01;7.2500000e+01;2.3831268e-01;7.2500000e+01;1.9399108e-01;7.2500000e+01;1.4036407e-01;7.2500000e+01;8.9374766e-02;7.2500000e+01;4.4944584e-02;7.2500000e+01;2.2709961e-03;7.2500000e+01;1.5723929e-02;7.2500000e+01;3.4759723e-02;7.2500000e+01;5.7990327e-02;7.2500000e+01;8.5741162e-02;7.2500000e+01;1.1528272e-01;7.2500000e+01;1.4789794e-01;7.2500000e+01;1.8702590e-01;7.2500000e+01;2.1964842e-01;7.2500000e+01;2.4650493e-01;7.2500000e+01;2.6417851e-01;7.2500000e+01;2.7407345e-01;7.2500000e+01;2.6802796e-01;7.2500000e+01;2.3831268e-01;7.2500000e+01;1.9399108e-01;7.2500000e+01;1.4036407e-01;7.2500000e+01;8.9374766e-02;7.2500000e+01;4.4944584e-02;7.2500000e+01;2.2709961e-03;7.2500000e+01;1.5723929e-02;7.2500000e+01;3.4759723e-02;7.2500000e+01;5.7990327e-02;7.2500000e+01;8.5741162e-02;7.2500000e+01;1.1528272e-01;7.2500000e+01;1.4789794e-01;7.2500000e+01;1.8702590e-01;7.2500000e+01;2.1964842e-01;7.2500000e+01;2.4650493e-01;7.2500000e+01;2.6417851e-01;7.2500000e+01;2.7407345e-01;7.2500000e+01;2.6802796e-01;7.2500000e+01;2.3831268e-01;7.2500000e+01;1.9399108e-01;7.2500000e+01;1.4036407e-01;7.2500000e+01;8.9374766e-02;7.2500000e+01;4.4944584e-02;7.2500000e+01;2.2709961e-03;7.2500000e+01;1.5723929e-02;7.2500000e+01;3.4759723e-02;7.2500000e+01;5.7990327e-02;7.2500000e+01;8.5741162e-02;7.2500000e+01;1.1528272e-01;7.2500000e+01;1.4789794e-01;7.2500000e+01;1.8702590e-01;7.2500000e+01;2.1964842e-01;7.2500000e+01;2.4650493e-01;7.2500000e+01;2.6417851e-01;7.2500000e+01;2.7407345e-01;7.2500000e+01;2.6802796e-01;7.2500000e+01;2.3831268e-01;7.2500000e+01;1.9399108e-01;7.2500000e+01;1.4036407e-01;7.2500000e+01;8.9374766e-02;7.2500000e+01;4.4944584e-02;7.2500000e+01;2.2709961e-03;7.2500000e+01;1.5723929e-02;7.2500000e+01;3.4759723e-02;7.2500000e+01;5.7990327e-02;7.2500000e+01;8.5741162e-02;7.2500000e+01;1.1528272e-01;7.2500000e+01;1.4789794e-01;7.2500000e+01;1.8702590e-01;7.2500000e+01;2.1964842e-01;7.2500000e+01;2.4650493e-01;7.2500000e+01;2.6417851e-01;7.2500000e+01;2.7407345e-01;7.2500000e+01;2.6802796e-01;7.2500000e+01;2.3831268e-01;7.2500000e+01;1.9399108e-01;7.2500000e+01;1.4036407e-01;7.2500000e+01;8.9374766e-02;7.2500000e+01;4.4944584e-02;7.2500000e+01;2.2709961e-03;7.2500000e+01;1.5723929e-02;7.2500000e+01;3.4759723e-02;7.2500000e+01;5.7990327e-02;7.2500000e+01;8.5741162e-02;7.2500000e+01;1.1528272e-01;7.2500000e+01;1.4789794e-01;7.2500000e+01;1.8702590e-01;7.2500000e+01;2.1964842e-01;7.2500000e+01;2.4650493e-01;7.2500000e+01;2.6417851e-01;7.2500000e+01;2.7407345e-01;7.2500000e+01;2.6802796e-01;7.2500000e+01;2.3831268e-01;7.2500000e+01;1.9399108e-01;7.2500000e+01;1.4036407e-01;7.2500000e+01;8.9374766e-02;7.2500000e+01;4.4944584e-02;7.2500000e+01;2.2709961e-03;7.2500000e+01;1.5723929e-02;7.2500000e+01;3.4759723e-02;7.2500000e+01;5.7990327e-02;7.2500000e+01;8.5741162e-02;7.2500000e+01;1.1528272e-01;7.2500000e+01;1.4789794e-01;7.2500000e+01;1.8702590e-01;7.2500000e+01;2.1964842e-01;7.2500000e+01;2.4650493e-01;7.2500000e+01;2.6417851e-01;7.2500000e+01;2.7407345e-01;7.2500000e+01;2.6802796e-01;7.2500000e+01;2.3831268e-01;7.2500000e+01;1.9399108e-01;7.2500000e+01;1.4036407e-01;7.2500000e+01;8.9374766e-02;7.2500000e+01;4.4944584e-02;7.2500000e+01;2.2709961e-03;7.2500000e+01;1.5723929e-02;7.2500000e+01;3.4759723e-02;7.2500000e+01;5.7990327e-02;7.2500000e+01;8.5741162e-02;7.2500000e+01;1.1528272e-01;7.2500000e+01;1.4789794e-01;7.2500000e+01;1.8702590e-01;7.2500000e+01;2.1964842e-01;7.2500000e+01;2.4650493e-01;7.2500000e+01;2.6417851e-01;7.2500000e+01;2.7407345e-01;7.2500000e+01;2.6802796e-01;7.2500000e+01;2.3831268e-01;7.2500000e+01;1.9399108e-01;7.2500000e+01;1.4036407e-01;7.2500000e+01;8.9374766e-02;7.2500000e+01;4.4944584e-02;7.2500000e+01;2.2709961e-03;7.2500000e+01;1.5723929e-02;7.2500000e+01;3.4759723e-02;7.2500000e+01;5.7990327e-02;7.2500000e+01;8.5741162e-02;7.2500000e+01;1.1528272e-01;7.2500000e+01;1.4789794e-01;7.2500000e+01;1.8702590e-01;7.2500000e+01;2.1964842e-01;7.2500000e+01;2.4650493e-01;7.2500000e+01;2.6417851e-01;7.2500000e+01;2.7407345e-01;7.2500000e+01;2.6802796e-01;7.2500000e+01;2.3831268e-01;7.2500000e+01;1.9399108e-01;7.2500000e+01;1.4036407e-01;7.2500000e+01;8.9374766e-02;7.2500000e+01;4.4944584e-02;7.2500000e+01;2.2709961e-03;7.2500000e+01;1.5723929e-02;7.2500000e+01;3.4759723e-02;7.2500000e+01;5.7990327e-02;7.2500000e+01;8.5741162e-02;7.2500000e+01;1.1528272e-01;7.2500000e+01;1.4789794e-01;7.2500000e+01;1.8702590e-01;7.2500000e+01;2.1964842e-01;7.2500000e+01;2.4650493e-01;7.2500000e+01;2.6417851e-01;7.2500000e+01;2.7407345e-01;7.2500000e+01;2.6802796e-01;7.2500000e+01;2.3831268e-01;7.2500000e+01;1.9399108e-01;7.2500000e+01;1.4036407e-01;7.2500000e+01;8.9374766e-02;7.2500000e+01;4.4944584e-02;7.2500000e+01;2.2709961e-03;7.2500000e+01;1.5723929e-02;7.2500000e+01;3.4759723e-02;7.2500000e+01;5.7990327e-02;7.2500000e+01;8.5741162e-02;7.2500000e+01;1.1528272e-01;7.2500000e+01;1.4789794e-01;7.2500000e+01;1.8702590e-01;7.2500000e+01;2.1964842e-01;7.2500000e+01;2.4650493e-01;7.2500000e+01;2.6417851e-01;7.2500000e+01;2.7407345e-01;7.2500000e+01;2.6802796e-01;7.2500000e+01;2.3831268e-01;7.2500000e+01;1.9399108e-01;7.2500000e+01;1.4036407e-01;7.2500000e+01;8.9374766e-02;7.2500000e+01;4.4944584e-02;7.2500000e+01;2.2709961e-03;7.2500000e+01;1.5723929e-02;7.2500000e+01;3.4759723e-02;7.2500000e+01;5.7990327e-02;7.2500000e+01;8.5741162e-02;7.2500000e+01;1.1528272e-01;7.2500000e+01;1.4789794e-01;7.2500000e+01;1.8702590e-01;7.2500000e+01;2.1964842e-01;7.2500000e+01;2.4650493e-01;7.2500000e+01;2.6417851e-01;7.2500000e+01;2.7407345e-01;7.2500000e+01;2.6802796e-01;7.2500000e+01;2.3831268e-01;7.2500000e+01;1.9399108e-01;7.2500000e+01;1.4036407e-01;7.2500000e+01;8.9374766e-02;7.2500000e+01;4.4944584e-02;7.2500000e+01;2.2709961e-03;7.2500000e+01;1.5723929e-02;7.2500000e+01;3.4759723e-02;7.2500000e+01;5.7990327e-02;7.2500000e+01;8.5741162e-02;7.2500000e+01;1.1528272e-01;7.2500000e+01;1.4789794e-01;7.2500000e+01;1.8702590e-01;7.2500000e+01;2.1964842e-01;7.2500000e+01;2.4650493e-01;7.2500000e+01;2.6417851e-01;7.2500000e+01;2.7407345e-01;7.2500000e+01;2.6802796e-01;7.2500000e+01;2.3831268e-01;7.2500000e+01;1.9399108e-01;7.2500000e+01;1.4036407e-01;7.2500000e+01;8.9374766e-02;7.2500000e+01;4.4944584e-02;7.2500000e+01;2.2709961e-03;7.2500000e+01;1.5723929e-02;7.2500000e+01;3.4759723e-02;7.2500000e+01;5.7990327e-02;7.2500000e+01;8.5741162e-02;7.2500000e+01;1.1528272e-01;7.2500000e+01;1.4789794e-01;7.2500000e+01;1.8702590e-01;7.2500000e+01;2.1964842e-01;7.2500000e+01;2.4650493e-01;7.2500000e+01;2.6417851e-01;7.2500000e+01;2.7407345e-01;7.2500000e+01;2.6802796e-01;7.2500000e+01;2.3831268e-01;7.2500000e+01;1.9399108e-01;7.2500000e+01;1.4036407e-01;7.2500000e+01;8.9374766e-02;7.2500000e+01;4.4944584e-02;7.2500000e+01;2.2709961e-03;7.2500000e+01;1.5723929e-02;7.2500000e+01;3.4759723e-02;7.2500000e+01;5.7990327e-02;7.2500000e+01;8.5741162e-02;7.2500000e+01;1.1528272e-01;7.2500000e+01;1.4789794e-01;7.2500000e+01;1.8702590e-01;7.2500000e+01;2.1964842e-01;7.2500000e+01;2.4650493e-01;7.2500000e+01;2.6417851e-01;7.2500000e+01;2.7407345e-01;7.2500000e+01;2.6802796e-01;7.2500000e+01;2.3831268e-01;7.2500000e+01;1.9399108e-01;7.2500000e+01;1.4036407e-01;7.2500000e+01;8.9374766e-02;7.2500000e+01;4.4944584e-02;7.2500000e+01;2.2709961e-03;7.2500000e+01;1.5723929e-02;7.2500000e+01;3.4759723e-02;7.2500000e+01;5.7990327e-02;7.2500000e+01;8.5741162e-02;7.2500000e+01;1.1528272e-01;7.2500000e+01;1.4789794e-01;7.2500000e+01;1.8702590e-01;7.2500000e+01;2.1964842e-01;7.2500000e+01;2.4650493e-01;7.2500000e+01;2.6417851e-01;7.2500000e+01;2.7407345e-01;7.2500000e+01;2.6802796e-01;7.2500000e+01;2.3831268e-01;7.2500000e+01;1.9399108e-01;7.2500000e+01;1.4036407e-01;7.2500000e+01;8.9374766e-02;7.2500000e+01;4.4944584e-02;7.2500000e+01;2.2709961e-03;7.2500000e+01;1.5723929e-02;7.2500000e+01;3.4759723e-02;7.2500000e+01;5.7990327e-02;7.2500000e+01;8.5741162e-02;7.2500000e+01;1.1528272e-01;7.2500000e+01;1.4789794e-01;7.2500000e+01;1.8702590e-01;7.2500000e+01;2.1964842e-01;7.2500000e+01;2.4650493e-01;7.2500000e+01;2.6417851e-01;7.2500000e+01;2.7407345e-01;7.2500000e+01;2.6802796e-01;7.2500000e+01;2.3831268e-01;7.2500000e+01;1.9399108e-01;7.2500000e+01;1.4036407e-01;7.2500000e+01;8.9374766e-02;7.2500000e+01;4.4944584e-02;7.2500000e+01;2.2709961e-03;7.2500000e+01;1.5723929e-02;7.2500000e+01;3.4759723e-02;7.2500000e+01;5.7990327e-02;7.2500000e+01;8.5741162e-02;7.2500000e+01;1.1528272e-01;7.2500000e+01;1.4789794e-01;7.2500000e+01;1.8702590e-01;7.2500000e+01;2.1964842e-01;7.2500000e+01;2.4650493e-01;7.2500000e+01;2.6417851e-01;7.2500000e+01;2.7407345e-01;7.2500000e+01;2.6802796e-01;7.2500000e+01;2.3831268e-01;7.2500000e+01;1.9399108e-01;7.2500000e+01;1.4036407e-01;7.2500000e+01;8.9374766e-02;7.2500000e+01;4.4944584e-02;7.2500000e+01;2.2709961e-03;7.2500000e+01;1.5723929e-02;7.2500000e+01;3.4759723e-02;7.2500000e+01;5.7990327e-02;7.2500000e+01;8.5741162e-02;7.2500000e+01;1.1528272e-01;7.2500000e+01;1.4789794e-01;7.2500000e+01;1.8702590e-01;7.2500000e+01;2.1964842e-01;7.2500000e+01;2.4650493e-01;7.2500000e+01;2.6417851e-01;7.2500000e+01;2.7407345e-01;7.2500000e+01;2.6802796e-01;7.2500000e+01;2.3831268e-01;7.2500000e+01;1.9399108e-01;7.2500000e+01;1.4036407e-01;7.2500000e+01;8.9374766e-02;7.2500000e+01;4.4944584e-02;7.2500000e+01;2.2709961e-03;7.2500000e+01;1.5723929e-02;7.2500000e+01;3.4759723e-02;7.2500000e+01;5.7990327e-02;7.2500000e+01;8.5741162e-02;7.2500000e+01;1.1528272e-01;7.2500000e+01;1.4789794e-01;7.2500000e+01;1.8702590e-01;7.2500000e+01;2.1964842e-01;7.2500000e+01;2.4650493e-01;7.2500000e+01;2.6417851e-01;7.2500000e+01;2.7407345e-01;7.2500000e+01;2.6802796e-01;7.2500000e+01;2.3831268e-01;7.2500000e+01;1.9399108e-01;7.2500000e+01;1.4036407e-01;7.2500000e+01;8.9374766e-02;7.2500000e+01;4.4944584e-02;7.2500000e+01;2.2709961e-03;7.2500000e+01;1.5723929e-02;7.2500000e+01;3.4759723e-02;7.2500000e+01;5.7990327e-02;7.2500000e+01;8.5741162e-02;7.2500000e+01;1.1528272e-01;7.2500000e+01;1.4789794e-01;7.2500000e+01;1.8702590e-01;7.2500000e+01;2.1964842e-01;7.2500000e+01;2.4650493e-01;7.2500000e+01;2.6417851e-01;7.2500000e+01;2.7407345e-01;7.2500000e+01;2.6802796e-01;7.2500000e+01;2.3831268e-01;7.2500000e+01;1.9399108e-01;7.2500000e+01;1.4036407e-01;7.2500000e+01;8.9374766e-02;7.2500000e+01;4.4944584e-02;7.2500000e+01;2.2709961e-03;7.2500000e+01;1.5723929e-02;7.2500000e+01;3.4759723e-02;7.2500000e+01;5.7990327e-02;7.2500000e+01;8.5741162e-02;7.2500000e+01;1.1528272e-01;7.2500000e+01;1.4789794e-01;7.2500000e+01;1.8702590e-01;7.2500000e+01;2.1964842e-01;7.2500000e+01;2.4650493e-01;7.2500000e+01;2.6417851e-01;7.2500000e+01;2.7407345e-01;7.2500000e+01;2.6802796e-01;7.2500000e+01;2.3831268e-01;7.2500000e+01;1.9399108e-01;7.2500000e+01;1.4036407e-01;7.2500000e+01;8.9374766e-02;7.2500000e+01;4.4944584e-02;7.2500000e+01;2.2709961e-03;7.2500000e+01;1.5723929e-02;7.2500000e+01;3.4759723e-02;7.2500000e+01;5.7990327e-02;7.2500000e+01;8.5741162e-02;7.2500000e+01;1.1528272e-01;7.2500000e+01;1.4789794e-01;7.2500000e+01;1.8702590e-01;7.2500000e+01;2.1964842e-01;7.2500000e+01;2.4650493e-01;7.2500000e+01;2.6417851e-01;7.2500000e+01;2.7407345e-01;7.2500000e+01;2.6802796e-01;7.2500000e+01;2.3831268e-01;7.2500000e+01;1.9399108e-01;7.2500000e+01;1.4036407e-01;7.2500000e+01;8.9374766e-02;7.2500000e+01;4.4944584e-02;7.2500000e+01;2.2709961e-03;7.2500000e+01;1.5723929e-02;7.2500000e+01;3.4759723e-02;7.2500000e+01;5.7990327e-02;7.2500000e+01;8.5741162e-02;7.2500000e+01;1.1528272e-01;7.2500000e+01;1.4789794e-01;7.2500000e+01;1.8702590e-01;7.2500000e+01;2.1964842e-01;7.2500000e+01;2.4650493e-01;7.2500000e+01;2.6417851e-01;7.2500000e+01;2.7407345e-01;7.2500000e+01;2.6802796e-01;7.2500000e+01;2.3831268e-01;7.2500000e+01;1.9399108e-01;7.2500000e+01;1.4036407e-01;7.2500000e+01;8.9374766e-02;7.2500000e+01;4.4944584e-02;7.2500000e+01;2.2709961e-03;7.2500000e+01;1.5723929e-02;7.2500000e+01;3.4759723e-02;7.2500000e+01;5.7990327e-02;7.2500000e+01;8.5741162e-02;7.2500000e+01;1.1528272e-01;7.2500000e+01;1.4789794e-01;7.2500000e+01;1.8702590e-01;7.2500000e+01;2.1964842e-01;7.2500000e+01;2.4650493e-01;7.2500000e+01;2.6417851e-01;7.2500000e+01;2.7407345e-01;7.2500000e+01;2.6802796e-01;7.2500000e+01;2.3831268e-01;7.2500000e+01;1.9399108e-01;7.2500000e+01;1.4036407e-01;7.2500000e+01;8.9374766e-02;7.2500000e+01;4.4944584e-02;7.2500000e+01;2.2709961e-03;7.2500000e+01;1.5723929e-02;7.2500000e+01;3.4759723e-02;7.2500000e+01;5.7990327e-02;7.2500000e+01;8.5741162e-02;7.2500000e+01;1.1528272e-01;7.2500000e+01;1.4789794e-01;7.2500000e+01;1.8702590e-01;7.2500000e+01;2.1964842e-01;7.2500000e+01;2.4650493e-01;7.2500000e+01;2.6417851e-01;7.2500000e+01;2.7407345e-01;7.2500000e+01;2.6802796e-01;7.2500000e+01;2.3831268e-01;7.2500000e+01;1.9399108e-01;7.2500000e+01;1.4036407e-01;7.2500000e+01;8.9374766e-02;7.2500000e+01;4.4944584e-02;7.2500000e+01;2.2709961e-03;7.2500000e+01;1.5723929e-02;7.2500000e+01;3.4759723e-02;7.2500000e+01;5.7990327e-02;7.2500000e+01;8.5741162e-02;7.2500000e+01;1.1528272e-01;7.2500000e+01;1.4789794e-01;7.2500000e+01;1.8702590e-01;7.2500000e+01;2.1964842e-01;7.2500000e+01;2.4650493e-01;7.2500000e+01;2.6417851e-01;7.2500000e+01;2.7407345e-01;7.2500000e+01;2.6802796e-01;7.2500000e+01;2.3831268e-01;7.2500000e+01;1.9399108e-01;7.2500000e+01;1.4036407e-01;7.2500000e+01;8.9374766e-02;7.2500000e+01;4.4944584e-02;7.2500000e+01;2.2709961e-03;7.2500000e+01;1.5723929e-02;7.2500000e+01;3.4759723e-02;7.2500000e+01;5.7990327e-02;7.2500000e+01;8.5741162e-02;7.2500000e+01;1.1528272e-01;7.2500000e+01;1.4789794e-01;7.2500000e+01;1.8702590e-01;7.2500000e+01;2.1964842e-01;7.2500000e+01;2.4650493e-01;7.2500000e+01;2.6417851e-01;7.2500000e+01;2.7407345e-01;7.2500000e+01;2.6802796e-01;7.2500000e+01;2.3831268e-01;7.2500000e+01;1.9399108e-01;7.2500000e+01;1.4036407e-01;7.2500000e+01;8.9374766e-02;7.2500000e+01;4.4944584e-02;7.2500000e+01;2.2709961e-03;7.2500000e+01;1.5723929e-02;7.2500000e+01;3.4759723e-02;7.2500000e+01;5.7990327e-02;7.2500000e+01;8.5741162e-02;7.2500000e+01;1.1528272e-01;7.2500000e+01;1.4789794e-01;7.2500000e+01;1.8702590e-01;7.2500000e+01;2.1964842e-01;7.2500000e+01;2.4650493e-01;7.2500000e+01;2.6417851e-01;7.2500000e+01;2.7407345e-01;7.2500000e+01;2.6802796e-01;7.2500000e+01;2.3831268e-01;7.2500000e+01;1.9399108e-01;7.2500000e+01;1.4036407e-01;7.2500000e+01;8.9374766e-02;7.2500000e+01;4.4944584e-02;7.2500000e+01;2.2709961e-03;7.2500000e+01;1.5723929e-02;7.2500000e+01;3.4759723e-02;7.2500000e+01;5.7990327e-02;7.2500000e+01;8.5741162e-02;7.2500000e+01;1.1528272e-01;7.2500000e+01;1.4789794e-01;7.2500000e+01;1.8702590e-01;7.2500000e+01;2.1964842e-01;7.2500000e+01;2.4650493e-01;7.2500000e+01;2.6417851e-01;7.2500000e+01;2.7407345e-01;7.2500000e+01;2.6802796e-01;7.2500000e+01;2.3831268e-01;7.2500000e+01;1.9399108e-01;7.2500000e+01;1.4036407e-01;7.2500000e+01;8.9374766e-02;7.2500000e+01;4.4944584e-02;7.2500000e+01;2.2709961e-03;7.2500000e+01;1.5723929e-02;7.2500000e+01;3.4759723e-02;7.2500000e+01;5.7990327e-02;7.2500000e+01;8.5741162e-02;7.2500000e+01;1.1528272e-01;7.2500000e+01;1.4789794e-01;7.2500000e+01;1.8702590e-01;7.2500000e+01;2.1964842e-01;7.2500000e+01;2.4650493e-01;7.2500000e+01;2.6417851e-01;7.2500000e+01;2.7407345e-01;7.2500000e+01;2.6802796e-01;7.2500000e+01;2.3831268e-01;7.2500000e+01;1.9399108e-01;7.2500000e+01;1.4036407e-01;7.2500000e+01;8.9374766e-02;7.2500000e+01;4.4944584e-02;7.2500000e+01;2.2709961e-03;7.2500000e+01;1.5723929e-02;7.2500000e+01;3.4759723e-02;7.2500000e+01;5.7990327e-02;7.2500000e+01;8.5741162e-02;7.2500000e+01;1.1528272e-01;7.2500000e+01;1.4789794e-01;7.2500000e+01;1.8702590e-01;7.2500000e+01;2.1964842e-01;7.2500000e+01;2.4650493e-01;7.2500000e+01;2.6417851e-01;7.2500000e+01;2.7407345e-01;7.2500000e+01;2.6802796e-01;7.2500000e+01;2.3831268e-01;7.2500000e+01;1.9399108e-01;7.2500000e+01;1.4036407e-01;7.2500000e+01;8.9374766e-02;7.2500000e+01;4.4944584e-02;7.2500000e+01;2.2709961e-03;7.2500000e+01;1.5723929e-02;7.2500000e+01;3.4759723e-02;7.2500000e+01;5.7990327e-02;7.2500000e+01;8.5741162e-02;7.2500000e+01;1.1528272e-01;7.2500000e+01;1.4789794e-01;7.2500000e+01;1.8702590e-01;7.2500000e+01;2.1964842e-01;7.2500000e+01;2.4650493e-01;7.2500000e+01;2.6417851e-01;7.2500000e+01;2.7407345e-01;7.2500000e+01;2.6802796e-01;7.2500000e+01;2.3831268e-01;7.2500000e+01;1.9399108e-01;7.2500000e+01;1.4036407e-01;7.2500000e+01;8.9374766e-02;7.2500000e+01;4.4944584e-02;7.2500000e+01;2.2709961e-03;7.2500000e+01;1.5723929e-02;7.2500000e+01;3.4759723e-02;7.2500000e+01;5.7990327e-02;7.2500000e+01;8.5741162e-02;7.2500000e+01;1.1528272e-01;7.2500000e+01;1.4789794e-01;7.2500000e+01;1.8702590e-01;7.2500000e+01;2.1964842e-01;7.2500000e+01;2.4650493e-01;7.2500000e+01;2.6417851e-01;7.2500000e+01;2.7407345e-01;7.2500000e+01;2.6802796e-01;7.2500000e+01;2.3831268e-01;7.2500000e+01;1.9399108e-01;7.2500000e+01;1.4036407e-01;7.2500000e+01;8.9374766e-02;7.2500000e+01;4.4944584e-02;7.2500000e+01;2.2709961e-03;7.2500000e+01;1.5723929e-02;7.2500000e+01;3.4759723e-02;7.2500000e+01;5.7990327e-02;7.2500000e+01;8.5741162e-02;7.2500000e+01;1.1528272e-01;7.2500000e+01;1.4789794e-01;7.2500000e+01;1.8702590e-01;7.2500000e+01;2.1964842e-01;7.2500000e+01;2.4650493e-01;7.2500000e+01;2.6417851e-01;7.2500000e+01;2.7407345e-01;7.2500000e+01;2.6802796e-01;7.2500000e+01;2.3831268e-01;7.2500000e+01;1.9399108e-01;7.2500000e+01;1.4036407e-01;7.2500000e+01;8.9374766e-02;7.2500000e+01;4.4944584e-02;7.2500000e+01;2.2709961e-03;7.2500000e+01;1.5723929e-02;7.2500000e+01;3.4759723e-02;7.2500000e+01;5.7990327e-02;7.2500000e+01;8.5741162e-02;7.2500000e+01;1.1528272e-01;7.2500000e+01;1.4789794e-01;7.2500000e+01;1.8702590e-01;7.2500000e+01;2.1964842e-01;7.2500000e+01;2.4650493e-01;7.2500000e+01;2.6417851e-01;7.2500000e+01;2.7407345e-01;7.2500000e+01;2.6802796e-01;7.2500000e+01;2.3831268e-01;7.2500000e+01;1.9399108e-01;7.2500000e+01;1.4036407e-01;7.2500000e+01;8.9374766e-02;7.2500000e+01;4.4944584e-02;7.2500000e+01;2.2709961e-03;7.2500000e+01;1.5723929e-02;7.2500000e+01;3.4759723e-02;7.2500000e+01;5.7990327e-02;7.2500000e+01;8.5741162e-02;7.2500000e+01;1.1528272e-01;7.2500000e+01;1.4789794e-01;7.2500000e+01;1.8702590e-01;7.2500000e+01;2.1964842e-01;7.2500000e+01;2.4650493e-01;7.2500000e+01;2.6417851e-01;7.2500000e+01;2.7407345e-01;7.2500000e+01;2.6802796e-01;7.2500000e+01;2.3831268e-01;7.2500000e+01;1.9399108e-01;7.2500000e+01;1.4036407e-01;7.2500000e+01;8.9374766e-02;7.2500000e+01;4.4944584e-02;7.2500000e+01;2.2709961e-03;7.2500000e+01;1.5723929e-02;7.2500000e+01;3.4759723e-02;7.2500000e+01;5.7990327e-02;7.2500000e+01;8.5741162e-02;7.2500000e+01;1.1528272e-01;7.2500000e+01;1.4789794e-01;7.2500000e+01;1.8702590e-01;7.2500000e+01;2.1964842e-01;7.2500000e+01;2.4650493e-01;7.2500000e+01;2.6417851e-01;7.2500000e+01;2.7407345e-01;7.2500000e+01;2.6802796e-01;7.2500000e+01;2.3831268e-01;7.2500000e+01;1.9399108e-01;7.2500000e+01;1.4036407e-01;7.2500000e+01;8.9374766e-02;7.2500000e+01;4.4944584e-02;7.2500000e+01;2.2709961e-03;7.2500000e+01;1.5723929e-02;7.2500000e+01;3.4759723e-02;7.2500000e+01;5.7990327e-02;7.2500000e+01;8.5741162e-02;7.2500000e+01;1.1528272e-01;7.2500000e+01;1.4789794e-01;7.2500000e+01;1.8702590e-01;7.2500000e+01;2.1964842e-01;7.2500000e+01;2.4650493e-01;7.2500000e+01;2.6417851e-01;7.2500000e+01;2.7407345e-01;7.2500000e+01;2.6802796e-01;7.2500000e+01;2.3831268e-01;7.2500000e+01;1.9399108e-01;7.2500000e+01;1.4036407e-01;7.2500000e+01;8.9374766e-02;7.2500000e+01;4.4944584e-02;7.2500000e+01;2.2709961e-03;7.2500000e+01;1.5723929e-02;7.2500000e+01;3.4759723e-02;7.2500000e+01;5.7990327e-02;7.2500000e+01;8.5741162e-02;7.2500000e+01;1.1528272e-01;7.2500000e+01;1.4789794e-01;7.2500000e+01;1.8702590e-01;7.2500000e+01;2.1964842e-01;7.2500000e+01;2.4650493e-01;7.2500000e+01;2.6417851e-01;7.2500000e+01;2.7407345e-01;7.2500000e+01;2.6802796e-01;7.2500000e+01;2.3831268e-01;7.2500000e+01;1.9399108e-01;7.2500000e+01;1.4036407e-01;7.2500000e+01;8.9374766e-02;7.2500000e+01;4.4944584e-02;7.2500000e+01;2.2709961e-03;7.2500000e+01;1.5723929e-02;7.2500000e+01;3.4759723e-02;7.2500000e+01;5.7990327e-02;7.2500000e+01;8.5741162e-02;7.2500000e+01;1.1528272e-01;7.2500000e+01;1.4789794e-01;7.2500000e+01;1.8702590e-01;7.2500000e+01;2.1964842e-01;7.2500000e+01;2.4650493e-01;7.2500000e+01;2.6417851e-01;7.2500000e+01;2.7407345e-01;7.2500000e+01;2.6802796e-01;7.2500000e+01;2.3831268e-01;7.2500000e+01;1.9399108e-01;7.2500000e+01;1.4036407e-01;7.2500000e+01;8.9374766e-02;7.2500000e+01;4.4944584e-02;7.2500000e+01;2.2709961e-03;7.2500000e+01;1.5723929e-02;7.2500000e+01;3.4759723e-02;7.2500000e+01;5.7990327e-02;7.2500000e+01;8.5741162e-02;7.2500000e+01;1.1528272e-01;7.2500000e+01;1.4789794e-01;7.2500000e+01;1.8702590e-01;7.2500000e+01;2.1964842e-01;7.2500000e+01;2.4650493e-01;7.2500000e+01;2.6417851e-01;7.2500000e+01;2.7407345e-01;7.2500000e+01;2.6802796e-01;7.2500000e+01;2.3831268e-01;7.2500000e+01;1.9399108e-01;7.2500000e+01;1.4036407e-01;7.2500000e+01;8.9374766e-02;7.2500000e+01;4.4944584e-02;7.2500000e+01;2.2709961e-03;7.2500000e+01;1.5723929e-02;7.2500000e+01;3.4759723e-02;7.2500000e+01;5.7990327e-02;7.2500000e+01;8.5741162e-02;7.2500000e+01;1.1528272e-01;7.2500000e+01;1.4789794e-01;7.2500000e+01;1.8702590e-01;7.2500000e+01;2.1964842e-01;7.2500000e+01;2.4650493e-01;7.2500000e+01;2.6417851e-01;7.2500000e+01;2.7407345e-01;7.2500000e+01;2.6802796e-01;7.2500000e+01;2.3831268e-01;7.2500000e+01;1.9399108e-01;7.2500000e+01;1.4036407e-01;7.2500000e+01;8.9374766e-02;7.2500000e+01;4.4944584e-02;7.2500000e+01;2.2709961e-03;7.2500000e+01;1.5723929e-02;7.2500000e+01;3.4759723e-02;7.2500000e+01;5.7990327e-02;7.2500000e+01;8.5741162e-02;7.2500000e+01;1.1528272e-01;7.2500000e+01;1.4789794e-01;7.2500000e+01;1.8702590e-01;7.2500000e+01;2.1964842e-01;7.2500000e+01;2.4650493e-01;7.2500000e+01;2.6417851e-01;7.2500000e+01;2.7407345e-01;7.2500000e+01;2.6802796e-01;7.2500000e+01;2.3831268e-01;7.2500000e+01;1.9399108e-01;7.2500000e+01;1.4036407e-01;7.2500000e+01;8.9374766e-02;7.2500000e+01;4.4944584e-02;7.2500000e+01;2.2709961e-03;7.2500000e+01;1.5723929e-02;7.2500000e+01;3.4759723e-02;7.2500000e+01;5.7990327e-02;7.2500000e+01;8.5741162e-02;7.2500000e+01;1.1528272e-01;7.2500000e+01;1.4789794e-01;7.2500000e+01;1.8702590e-01;7.2500000e+01;2.1964842e-01;7.2500000e+01;2.4650493e-01;7.2500000e+01;2.6417851e-01;7.2500000e+01;2.7407345e-01;7.2500000e+01;2.6802796e-01;7.2500000e+01;2.3831268e-01;7.2500000e+01;1.9399108e-01;7.2500000e+01;1.4036407e-01;7.2500000e+01;8.9374766e-02;7.2500000e+01;4.4944584e-02;7.2500000e+01;2.2709961e-03;7.2500000e+01;1.5723929e-02;7.2500000e+01;3.4759723e-02;7.2500000e+01;5.7990327e-02;7.2500000e+01;8.5741162e-02;7.2500000e+01;1.1528272e-01;7.2500000e+01;1.4789794e-01;7.2500000e+01;1.8702590e-01;7.2500000e+01;2.1964842e-01;7.2500000e+01;2.4650493e-01;7.2500000e+01;2.6417851e-01;7.2500000e+01;2.7407345e-01;7.2500000e+01;2.6802796e-01;7.2500000e+01;2.3831268e-01;7.2500000e+01;1.9399108e-01;7.2500000e+01;1.4036407e-01;7.2500000e+01;8.9374766e-02;7.2500000e+01;4.4944584e-02;7.2500000e+01;2.2709961e-03;7.2500000e+01;1.5723929e-02;7.2500000e+01;3.4759723e-02;7.2500000e+01;5.7990327e-02;7.2500000e+01;8.5741162e-02;7.2500000e+01;1.1528272e-01;7.2500000e+01;1.4789794e-01;7.2500000e+01;1.8702590e-01;7.2500000e+01;2.1964842e-01;7.2500000e+01;2.4650493e-01;7.2500000e+01;2.6417851e-01;7.2500000e+01;2.7407345e-01;7.2500000e+01;2.6802796e-01;7.2500000e+01;2.3831268e-01;7.2500000e+01;1.9399108e-01;7.2500000e+01;1.4036407e-01;7.2500000e+01;8.9374766e-02;7.2500000e+01;4.4944584e-02;7.2500000e+01;2.2709961e-03;7.2500000e+01;1.5723929e-02;7.2500000e+01;3.4759723e-02;7.2500000e+01;5.7990327e-02;7.2500000e+01;8.5741162e-02;7.2500000e+01;1.1528272e-01;7.2500000e+01;1.4789794e-01;7.2500000e+01;1.8702590e-01;7.2500000e+01;2.1964842e-01;7.2500000e+01;2.4650493e-01;7.2500000e+01;2.6417851e-01;7.2500000e+01;2.7407345e-01;7.2500000e+01;2.6802796e-01;7.2500000e+01;2.3831268e-01;7.2500000e+01;1.9399108e-01;7.2500000e+01;1.4036407e-01;7.2500000e+01;8.9374766e-02;7.2500000e+01;4.4944584e-02;7.2500000e+01;2.2709961e-03;7.2500000e+01;1.5723929e-02;7.2500000e+01;3.4759723e-02;7.2500000e+01;5.7990327e-02;7.2500000e+01;8.5741162e-02;7.2500000e+01;1.1528272e-01;7.2500000e+01;1.4789794e-01;7.2500000e+01;1.8702590e-01;7.2500000e+01;2.1964842e-01;7.2500000e+01;2.4650493e-01;7.2500000e+01;2.6417851e-01;7.2500000e+01;2.7407345e-01;7.2500000e+01;2.6802796e-01;7.2500000e+01;2.3831268e-01;7.2500000e+01;1.9399108e-01;7.2500000e+01;1.4036407e-01;7.2500000e+01;8.9374766e-02;7.2500000e+01;4.4944584e-02;7.2500000e+01;2.2709961e-03;7.2500000e+01;1.5723929e-02;7.2500000e+01;3.4759723e-02;7.2500000e+01;5.7990327e-02;7.2500000e+01;8.5741162e-02;7.2500000e+01;1.1528272e-01;7.2500000e+01;1.4789794e-01;7.2500000e+01;1.8702590e-01;7.2500000e+01;2.1964842e-01;7.2500000e+01;2.4650493e-01;7.2500000e+01;2.6417851e-01;7.2500000e+01;2.7407345e-01;7.2500000e+01;2.6802796e-01;7.2500000e+01;2.3831268e-01;7.2500000e+01;1.9399108e-01;7.2500000e+01;1.4036407e-01;7.2500000e+01;8.9374766e-02;7.2500000e+01;4.4944584e-02;7.2500000e+01;2.2709961e-03;7.2500000e+01;1.5723929e-02;7.2500000e+01;3.4759723e-02;7.2500000e+01;5.7990327e-02;7.2500000e+01;8.5741162e-02;7.2500000e+01;1.1528272e-01;7.2500000e+01;1.4789794e-01;7.2500000e+01;1.8702590e-01;7.2500000e+01;2.1964842e-01;7.2500000e+01;2.4650493e-01;7.2500000e+01;2.6417851e-01;7.2500000e+01;2.7407345e-01;7.2500000e+01;2.6802796e-01;7.2500000e+01;2.3831268e-01;7.2500000e+01;1.9399108e-01;7.2500000e+01;1.4036407e-01;7.2500000e+01;8.9374766e-02;7.2500000e+01;4.4944584e-02;7.2500000e+01;2.2709961e-03;7.2500000e+01;1.5723929e-02;7.2500000e+01;3.4759723e-02;7.2500000e+01;5.7990327e-02;7.2500000e+01;8.5741162e-02;7.2500000e+01;1.1528272e-01;7.2500000e+01;1.4789794e-01;7.2500000e+01;1.8702590e-01;7.2500000e+01;2.1964842e-01;7.2500000e+01;2.4650493e-01;7.2500000e+01;2.6417851e-01;7.2500000e+01;2.7407345e-01;7.2500000e+01;2.6802796e-01;7.2500000e+01;2.3831268e-01;7.2500000e+01;1.9399108e-01;7.2500000e+01;1.4036407e-01;7.2500000e+01;8.9374766e-02;7.2500000e+01;4.4944584e-02;7.2500000e+01;2.2709961e-03;7.2500000e+01;1.5723929e-02;7.2500000e+01;3.4759723e-02;7.2500000e+01;5.7990327e-02;7.2500000e+01;8.5741162e-02;7.2500000e+01;1.1528272e-01;7.2500000e+01;1.4789794e-01;7.2500000e+01;1.8702590e-01;7.2500000e+01;2.1964842e-01;7.2500000e+01;2.4650493e-01;7.2500000e+01;2.6417851e-01;7.2500000e+01;2.7407345e-01;7.2500000e+01;2.6802796e-01;7.2500000e+01;2.3831268e-01;7.2500000e+01;1.9399108e-01;7.2500000e+01;1.4036407e-01;7.2500000e+01;8.9374766e-02;7.2500000e+01;4.4944584e-02;7.2500000e+01;2.2709961e-03;7.2500000e+01;1.5723929e-02;7.2500000e+01;3.4759723e-02;7.2500000e+01;5.7990327e-02;7.2500000e+01;8.5741162e-02;7.2500000e+01;1.1528272e-01;7.2500000e+01;1.4789794e-01;7.2500000e+01;1.8702590e-01;7.2500000e+01;2.1964842e-01;7.2500000e+01;2.4650493e-01;7.2500000e+01;2.6417851e-01;7.2500000e+01;2.7407345e-01;7.2500000e+01;2.6802796e-01;7.2500000e+01;2.3831268e-01;7.2500000e+01;1.9399108e-01;7.2500000e+01;1.4036407e-01;7.2500000e+01;8.9374766e-02;7.2500000e+01;4.4944584e-02;7.2500000e+01;2.2709961e-03;7.2500000e+01;1.5723929e-02;7.2500000e+01;3.4759723e-02;7.2500000e+01;5.7990327e-02;7.2500000e+01;8.5741162e-02;7.2500000e+01;1.1528272e-01;7.2500000e+01;1.4789794e-01;7.2500000e+01;1.8702590e-01;7.2500000e+01;2.1964842e-01;7.2500000e+01;2.4650493e-01;7.2500000e+01;2.6417851e-01;7.2500000e+01;2.7407345e-01;7.2500000e+01;2.6802796e-01;7.2500000e+01;2.3831268e-01;7.2500000e+01;1.9399108e-01;7.2500000e+01;1.4036407e-01;7.2500000e+01;8.9374766e-02;7.2500000e+01;4.4944584e-02;7.2500000e+01;2.2709961e-03;7.2500000e+01;1.5723929e-02;7.2500000e+01;3.4759723e-02;7.2500000e+01;5.7990327e-02;7.2500000e+01;8.5741162e-02;7.2500000e+01;1.1528272e-01;7.2500000e+01;1.4789794e-01;7.2500000e+01;1.8702590e-01;7.2500000e+01;2.1964842e-01;7.2500000e+01;2.4650493e-01;7.2500000e+01;2.6417851e-01;7.2500000e+01;2.7407345e-01;7.2500000e+01;2.6802796e-01;7.2500000e+01;2.3831268e-01;7.2500000e+01;1.9399108e-01;7.2500000e+01;1.4036407e-01;7.2500000e+01;8.9374766e-02;7.2500000e+01;4.4944584e-02;7.2500000e+01;2.2709961e-03;7.2500000e+01;1.5723929e-02;7.2500000e+01;3.4759723e-02;7.2500000e+01;5.7990327e-02;7.2500000e+01;8.5741162e-02;7.2500000e+01;1.1528272e-01;7.2500000e+01;1.4789794e-01;7.2500000e+01;1.8702590e-01;7.2500000e+01;2.1964842e-01;7.2500000e+01;2.4650493e-01;7.2500000e+01;2.6417851e-01;7.2500000e+01;2.7407345e-01;7.2500000e+01;2.6802796e-01;7.2500000e+01;2.3831268e-01;7.2500000e+01;1.9399108e-01;7.2500000e+01;1.4036407e-01;7.2500000e+01;8.9374766e-02;7.2500000e+01;4.4944584e-02;7.2500000e+01;2.2709961e-03;7.2500000e+01;1.5723929e-02;7.2500000e+01;3.4759723e-02;7.2500000e+01;5.7990327e-02;7.2500000e+01;8.5741162e-02;7.2500000e+01;1.1528272e-01;7.2500000e+01;1.4789794e-01;7.2500000e+01;1.8702590e-01;7.2500000e+01;2.1964842e-01;7.2500000e+01;2.4650493e-01;7.2500000e+01;2.6417851e-01;7.2500000e+01;2.7407345e-01;7.2500000e+01;2.6802796e-01;7.2500000e+01;2.3831268e-01;7.2500000e+01;1.9399108e-01;7.2500000e+01;1.4036407e-01;7.2500000e+01;8.9374766e-02;7.2500000e+01;4.4944584e-02;7.2500000e+01;2.2709961e-03;7.2500000e+01;1.5723929e-02;7.2500000e+01;3.4759723e-02;7.2500000e+01;5.7990327e-02;7.2500000e+01;8.5741162e-02;7.2500000e+01;1.1528272e-01;7.2500000e+01;1.4789794e-01;7.2500000e+01;1.8702590e-01;7.2500000e+01;2.1964842e-01;7.2500000e+01;2.4650493e-01;7.2500000e+01;2.6417851e-01;7.2500000e+01;2.7407345e-01;7.2500000e+01;2.6802796e-01;7.2500000e+01;2.3831268e-01;7.2500000e+01;1.9399108e-01;7.2500000e+01;1.4036407e-01;7.2500000e+01;8.9374766e-02;7.2500000e+01;4.4944584e-02;7.2500000e+01;2.2709961e-03;7.2500000e+01;1.5723929e-02;7.2500000e+01;3.4759723e-02;7.2500000e+01;5.7990327e-02;7.2500000e+01;8.5741162e-02;7.2500000e+01;1.1528272e-01;7.2500000e+01;1.4789794e-01;7.2500000e+01;1.8702590e-01;7.2500000e+01;2.1964842e-01;7.2500000e+01;2.4650493e-01;7.2500000e+01;2.6417851e-01;7.2500000e+01;2.7407345e-01;7.2500000e+01;2.6802796e-01;7.2500000e+01;2.3831268e-01;7.2500000e+01;1.9399108e-01;7.2500000e+01;1.4036407e-01;7.2500000e+01;8.9374766e-02;7.2500000e+01;4.4944584e-02;7.2500000e+01;2.2709961e-03;7.2500000e+01;1.5723929e-02;7.2500000e+01;3.4759723e-02;7.2500000e+01;5.7990327e-02;7.2500000e+01;8.5741162e-02;7.2500000e+01;1.1528272e-01;7.2500000e+01;1.4789794e-01;7.2500000e+01;1.8702590e-01;7.2500000e+01;2.1964842e-01;7.2500000e+01;2.4650493e-01;7.2500000e+01;2.6417851e-01;7.2500000e+01;2.7407345e-01;7.2500000e+01;2.6802796e-01;7.2500000e+01;2.3831268e-01;7.2500000e+01;1.9399108e-01;7.2500000e+01;1.4036407e-01;7.2500000e+01;8.9374766e-02;7.2500000e+01;4.4944584e-02;7.2500000e+01;2.2709961e-03;7.2500000e+01;1.5723929e-02;7.2500000e+01;3.4759723e-02;7.2500000e+01;5.7990327e-02;7.2500000e+01;8.5741162e-02;7.2500000e+01;1.1528272e-01;7.2500000e+01;1.4789794e-01;7.2500000e+01;1.8702590e-01;7.2500000e+01;2.1964842e-01;7.2500000e+01;2.4650493e-01;7.2500000e+01;2.6417851e-01;7.2500000e+01;2.7407345e-01;7.2500000e+01;2.6802796e-01;7.2500000e+01;2.3831268e-01;7.2500000e+01;1.9399108e-01;7.2500000e+01;1.4036407e-01;7.2500000e+01;8.9374766e-02;7.2500000e+01;4.4944584e-02;7.2500000e+01;2.2709961e-03;7.2500000e+01;1.5723929e-02;7.2500000e+01;3.4759723e-02;7.2500000e+01;5.7990327e-02;7.2500000e+01;8.5741162e-02;7.2500000e+01;1.1528272e-01;7.2500000e+01;1.4789794e-01;7.2500000e+01;1.8702590e-01;7.2500000e+01;2.1964842e-01;7.2500000e+01;2.4650493e-01;7.2500000e+01;2.6417851e-01;7.2500000e+01;2.7407345e-01;7.2500000e+01;2.6802796e-01;7.2500000e+01;2.3831268e-01;7.2500000e+01;1.9399108e-01;7.2500000e+01;1.4036407e-01;7.2500000e+01;8.9374766e-02;7.2500000e+01;4.4944584e-02;7.2500000e+01;2.2709961e-03;7.2500000e+01;1.5723929e-02;7.2500000e+01;3.4759723e-02;7.2500000e+01;5.7990327e-02;7.2500000e+01;8.5741162e-02;7.2500000e+01;1.1528272e-01;7.2500000e+01;1.4789794e-01;7.2500000e+01;1.8702590e-01;7.2500000e+01;2.1964842e-01;7.2500000e+01;2.4650493e-01;7.2500000e+01;2.6417851e-01;7.2500000e+01;2.7407345e-01;7.2500000e+01;2.6802796e-01;7.2500000e+01;2.3831268e-01;7.2500000e+01;1.9399108e-01;7.2500000e+01;1.4036407e-01;7.2500000e+01;8.9374766e-02;7.2500000e+01;4.4944584e-02;7.2500000e+01;2.2709961e-03;7.2500000e+01;1.5723929e-02;7.2500000e+01;3.4759723e-02;7.2500000e+01;5.7990327e-02;7.2500000e+01;8.5741162e-02;7.2500000e+01;1.1528272e-01;7.2500000e+01;1.4789794e-01;7.2500000e+01;1.8702590e-01;7.2500000e+01;2.1964842e-01;7.2500000e+01;2.4650493e-01;7.2500000e+01;2.6417851e-01;7.2500000e+01;2.7407345e-01;7.2500000e+01;2.6802796e-01;7.2500000e+01;2.3831268e-01;7.2500000e+01;1.9399108e-01;7.2500000e+01;1.4036407e-01;7.2500000e+01;8.9374766e-02;7.2500000e+01;4.4944584e-02;7.2500000e+01;2.2709961e-03;7.2500000e+01;1.5723929e-02;7.2500000e+01;3.4759723e-02;7.2500000e+01;5.7990327e-02;7.2500000e+01;8.5741162e-02;7.2500000e+01;1.1528272e-01;7.2500000e+01;1.4789794e-01;7.2500000e+01;1.8702590e-01;7.2500000e+01;2.1964842e-01;7.2500000e+01;2.4650493e-01;7.2500000e+01;2.6417851e-01;7.2500000e+01;2.7407345e-01;7.2500000e+01;2.6802796e-01;7.2500000e+01;2.3831268e-01;7.2500000e+01;1.9399108e-01;7.2500000e+01;1.4036407e-01;7.2500000e+01;8.9374766e-02;7.2500000e+01;4.4944584e-02;7.2500000e+01;2.2709961e-03;7.2500000e+01;1.5723929e-02;7.2500000e+01;3.4759723e-02;7.2500000e+01;5.7990327e-02;7.2500000e+01;8.5741162e-02;7.2500000e+01;1.1528272e-01;7.2500000e+01;1.4789794e-01;7.2500000e+01;1.8702590e-01;7.2500000e+01;2.1964842e-01;7.2500000e+01;2.4650493e-01;7.2500000e+01;2.6417851e-01;7.2500000e+01;2.7407345e-01;7.2500000e+01;2.6802796e-01;7.2500000e+01;2.3831268e-01;7.2500000e+01;1.9399108e-01;7.2500000e+01;1.4036407e-01;7.2500000e+01;8.9374766e-02;7.2500000e+01;4.4944584e-02;7.2500000e+01;2.2709961e-03;7.2500000e+01;1.5723929e-02;7.2500000e+01;3.4759723e-02;7.2500000e+01;5.7990327e-02;7.2500000e+01;8.5741162e-02;7.2500000e+01;1.1528272e-01;7.2500000e+01;1.4789794e-01;7.2500000e+01;1.8702590e-01;7.2500000e+01;2.1964842e-01;7.2500000e+01;2.4650493e-01;7.2500000e+01;2.6417851e-01;7.2500000e+01;2.7407345e-01;7.2500000e+01;2.6802796e-01;7.2500000e+01;2.3831268e-01;7.2500000e+01;1.9399108e-01;7.2500000e+01;1.4036407e-01;7.2500000e+01;8.9374766e-02;7.2500000e+01;4.4944584e-02;7.2500000e+01;2.2709961e-03;7.2500000e+01;1.5723929e-02;7.2500000e+01;3.4759723e-02;7.2500000e+01;5.7990327e-02;7.2500000e+01;8.5741162e-02;7.2500000e+01;1.1528272e-01;7.2500000e+01;1.4789794e-01;7.2500000e+01;1.8702590e-01;7.2500000e+01;2.1964842e-01;7.2500000e+01;2.4650493e-01;7.2500000e+01;2.6417851e-01;7.2500000e+01;2.7407345e-01;7.2500000e+01;2.6802796e-01;7.2500000e+01;2.3831268e-01;7.2500000e+01;1.9399108e-01;7.2500000e+01;1.4036407e-01;7.2500000e+01;8.9374766e-02;7.2500000e+01;4.4944584e-02;7.2500000e+01;2.2709961e-03;7.2500000e+01;1.5723929e-02;7.2500000e+01;3.4759723e-02;7.2500000e+01;5.7990327e-02;7.2500000e+01;8.5741162e-02;7.2500000e+01;1.1528272e-01;7.2500000e+01;1.4789794e-01;7.2500000e+01;1.8702590e-01;7.2500000e+01;2.1964842e-01;7.2500000e+01;2.4650493e-01;7.2500000e+01;2.6417851e-01;7.2500000e+01;2.7407345e-01;7.2500000e+01;2.6802796e-01;7.2500000e+01;2.3831268e-01;7.2500000e+01;1.9399108e-01;7.2500000e+01;1.4036407e-01;7.2500000e+01;8.9374766e-02;7.2500000e+01;4.4944584e-02;7.2500000e+01;2.2709961e-03;7.2500000e+01;1.5723929e-02;7.2500000e+01;3.4759723e-02;7.2500000e+01;5.7990327e-02;7.2500000e+01;8.5741162e-02;7.2500000e+01;1.1528272e-01;7.2500000e+01;1.4789794e-01;7.2500000e+01;1.8702590e-01;7.2500000e+01;2.1964842e-01;7.2500000e+01;2.4650493e-01;7.2500000e+01;2.6417851e-01;7.2500000e+01;2.7407345e-01;7.2500000e+01;2.6802796e-01;7.2500000e+01;2.3831268e-01;7.2500000e+01;1.9399108e-01;7.2500000e+01;1.4036407e-01;7.2500000e+01;8.9374766e-02;7.2500000e+01;4.4944584e-02;7.2500000e+01;2.2709961e-03;7.2500000e+01;1.5723929e-02;7.2500000e+01;3.4759723e-02;7.2500000e+01;5.7990327e-02;7.2500000e+01;8.5741162e-02;7.2500000e+01;1.1528272e-01;7.2500000e+01;1.4789794e-01;7.2500000e+01;1.8702590e-01;7.2500000e+01;2.1964842e-01;7.2500000e+01;2.4650493e-01;7.2500000e+01;2.6417851e-01;7.2500000e+01;2.7407345e-01;7.2500000e+01;2.6802796e-01;7.2500000e+01;2.3831268e-01;7.2500000e+01;1.9399108e-01;7.2500000e+01;1.4036407e-01;7.2500000e+01;8.9374766e-02;7.2500000e+01;4.4944584e-02;7.2500000e+01;2.2709961e-03;7.2500000e+01;1.5723929e-02;7.2500000e+01;3.4759723e-02;7.2500000e+01;5.7990327e-02;7.2500000e+01;8.5741162e-02;7.2500000e+01;1.1528272e-01;7.2500000e+01;1.4789794e-01;7.2500000e+01;1.8702590e-01;7.2500000e+01;2.1964842e-01;7.2500000e+01;2.4650493e-01;7.2500000e+01;2.6417851e-01;7.2500000e+01;2.7407345e-01;7.2500000e+01;2.6802796e-01;7.2500000e+01;2.3831268e-01;7.2500000e+01;1.9399108e-01;7.2500000e+01;1.4036407e-01;7.2500000e+01;8.9374766e-02;7.2500000e+01;4.4944584e-02;7.2500000e+01;2.2709961e-03;7.2500000e+01;1.5723929e-02;7.2500000e+01;3.4759723e-02;7.2500000e+01;5.7990327e-02;7.2500000e+01;8.5741162e-02;7.2500000e+01;1.1528272e-01;7.2500000e+01;1.4789794e-01;7.2500000e+01;1.8702590e-01;7.2500000e+01;2.1964842e-01;7.2500000e+01;2.4650493e-01;7.2500000e+01;2.6417851e-01;7.2500000e+01;2.7407345e-01;7.2500000e+01;2.6802796e-01;7.2500000e+01;2.3831268e-01;7.2500000e+01;1.9399108e-01;7.2500000e+01;1.4036407e-01;7.2500000e+01;8.9374766e-02;7.2500000e+01;4.4944584e-02;7.2500000e+01;2.2709961e-03;7.2500000e+01;1.5723929e-02;7.2500000e+01;3.4759723e-02;7.2500000e+01;5.7990327e-02;7.2500000e+01;8.5741162e-02;7.2500000e+01;1.1528272e-01;7.2500000e+01;1.4789794e-01;7.2500000e+01;1.8702590e-01;7.2500000e+01;2.1964842e-01;7.2500000e+01;2.4650493e-01;7.2500000e+01;2.6417851e-01;7.2500000e+01;2.7407345e-01;7.2500000e+01;2.6802796e-01;7.2500000e+01;2.3831268e-01;7.2500000e+01;1.9399108e-01;7.2500000e+01;1.4036407e-01;7.2500000e+01;8.9374766e-02;7.2500000e+01;4.4944584e-02;7.2500000e+01;2.2709961e-03;7.2500000e+01;1.5723929e-02;7.2500000e+01;3.4759723e-02;7.2500000e+01;5.7990327e-02;7.2500000e+01;8.5741162e-02;7.2500000e+01;1.1528272e-01;7.2500000e+01;1.4789794e-01;7.2500000e+01;1.8702590e-01;7.2500000e+01;2.1964842e-01;7.2500000e+01;2.4650493e-01;7.2500000e+01;2.6417851e-01;7.2500000e+01;2.7407345e-01;7.2500000e+01;2.6802796e-01;7.2500000e+01;2.3831268e-01;7.2500000e+01;1.9399108e-01;7.2500000e+01;1.4036407e-01;7.2500000e+01;8.9374766e-02;7.2500000e+01;4.4944584e-02;7.2500000e+01;2.2709961e-03;7.2500000e+01;1.5723929e-02;7.2500000e+01;3.4759723e-02;7.2500000e+01;5.7990327e-02;7.2500000e+01;8.5741162e-02;7.2500000e+01;1.1528272e-01;7.2500000e+01;1.4789794e-01;7.2500000e+01;1.8702590e-01;7.2500000e+01;2.1964842e-01;7.2500000e+01;2.4650493e-01;7.2500000e+01;2.6417851e-01;7.2500000e+01;2.7407345e-01;7.2500000e+01;2.6802796e-01;7.2500000e+01;2.3831268e-01;7.2500000e+01;1.9399108e-01;7.2500000e+01;1.4036407e-01;7.2500000e+01;8.9374766e-02;7.2500000e+01;4.4944584e-02;7.2500000e+01;2.2709961e-03;7.2500000e+01;1.5723929e-02;7.2500000e+01;3.4759723e-02;7.2500000e+01;5.7990327e-02;7.2500000e+01;8.5741162e-02;7.2500000e+01;1.1528272e-01;7.2500000e+01;1.4789794e-01;7.2500000e+01;1.8702590e-01;7.2500000e+01;2.1964842e-01;7.2500000e+01;2.4650493e-01;7.2500000e+01;2.6417851e-01;7.2500000e+01;2.7407345e-01;7.2500000e+01;2.6802796e-01;7.2500000e+01;2.3831268e-01;7.2500000e+01;1.9399108e-01;7.2500000e+01;1.4036407e-01;7.2500000e+01;8.9374766e-02;7.2500000e+01;4.4944584e-02;7.2500000e+01;2.2709961e-03;7.2500000e+01;1.5723929e-02;7.2500000e+01;3.4759723e-02;7.2500000e+01;5.7990327e-02;7.2500000e+01;8.5741162e-02;7.2500000e+01;1.1528272e-01;7.2500000e+01;1.4789794e-01;7.2500000e+01;1.8702590e-01;7.2500000e+01;2.1964842e-01;7.2500000e+01;2.4650493e-01;7.2500000e+01;2.6417851e-01;7.2500000e+01;2.7407345e-01;7.2500000e+01;2.6802796e-01;7.2500000e+01;2.3831268e-01;7.2500000e+01;1.9399108e-01;7.2500000e+01;1.4036407e-01;7.2500000e+01;8.9374766e-02;7.2500000e+01;4.4944584e-02;7.2500000e+01;2.2709961e-03;7.2500000e+01;1.5723929e-02;7.2500000e+01;3.4759723e-02;7.2500000e+01;5.7990327e-02;7.2500000e+01;8.5741162e-02;7.2500000e+01;1.1528272e-01;7.2500000e+01;1.4789794e-01;7.2500000e+01;1.8702590e-01;7.2500000e+01;2.1964842e-01;7.2500000e+01;2.4650493e-01;7.2500000e+01;2.6417851e-01;7.2500000e+01;2.7407345e-01;7.2500000e+01;2.6802796e-01;7.2500000e+01;2.3831268e-01;7.2500000e+01;1.9399108e-01;7.2500000e+01;1.4036407e-01;7.2500000e+01;8.9374766e-02;7.2500000e+01;4.4944584e-02;7.2500000e+01;2.2709961e-03;7.2500000e+01;1.5723929e-02;7.2500000e+01;3.4759723e-02;7.2500000e+01;5.7990327e-02;7.2500000e+01;8.5741162e-02;7.2500000e+01;1.1528272e-01;7.2500000e+01;1.4789794e-01;7.2500000e+01;1.8702590e-01;7.2500000e+01;2.1964842e-01;7.2500000e+01;2.4650493e-01;7.2500000e+01;2.6417851e-01;7.2500000e+01;2.7407345e-01;7.2500000e+01;2.6802796e-01;7.2500000e+01;2.3831268e-01;7.2500000e+01;1.9399108e-01;7.2500000e+01;1.4036407e-01;7.2500000e+01;8.9374766e-02;7.2500000e+01;4.4944584e-02;7.2500000e+01;2.2709961e-03;7.2500000e+01;1.5723929e-02;7.2500000e+01;3.4759723e-02;7.2500000e+01;5.7990327e-02;7.2500000e+01;8.5741162e-02;7.2500000e+01;1.1528272e-01;7.2500000e+01;1.4789794e-01;7.2500000e+01;1.8702590e-01;7.2500000e+01;2.1964842e-01;7.2500000e+01;2.4650493e-01;7.2500000e+01;2.6417851e-01;7.2500000e+01;2.7407345e-01;7.2500000e+01;2.6802796e-01;7.2500000e+01;2.3831268e-01;7.2500000e+01;1.9399108e-01;7.2500000e+01;1.4036407e-01;7.2500000e+01;8.9374766e-02;7.2500000e+01;4.4944584e-02;7.2500000e+01;2.2709961e-03;7.2500000e+01;1.5723929e-02;7.2500000e+01;3.4759723e-02;7.2500000e+01;5.7990327e-02;7.2500000e+01;8.5741162e-02;7.2500000e+01;1.1528272e-01;7.2500000e+01;1.4789794e-01;7.2500000e+01;1.8702590e-01;7.2500000e+01;2.1964842e-01;7.2500000e+01;2.4650493e-01;7.2500000e+01;2.6417851e-01;7.2500000e+01;2.7407345e-01;7.2500000e+01;2.6802796e-01;7.2500000e+01;2.3831268e-01;7.2500000e+01;1.9399108e-01;7.2500000e+01;1.4036407e-01;7.2500000e+01;8.9374766e-02;7.2500000e+01;4.4944584e-02;7.2500000e+01;2.2709961e-03;7.2500000e+01;1.5723929e-02;7.2500000e+01;3.4759723e-02;7.2500000e+01;5.7990327e-02;7.2500000e+01;8.5741162e-02;7.2500000e+01;1.1528272e-01;7.2500000e+01;1.4789794e-01;7.2500000e+01;1.8702590e-01;7.2500000e+01;2.1964842e-01;7.2500000e+01;2.4650493e-01;7.2500000e+01;2.6417851e-01;7.2500000e+01;2.7407345e-01;7.2500000e+01;2.6802796e-01;7.2500000e+01;2.3831268e-01;7.2500000e+01;1.9399108e-01;7.2500000e+01;1.4036407e-01;7.2500000e+01;8.9374766e-02;7.2500000e+01;4.4944584e-02;7.2500000e+01;2.2709961e-03;7.2500000e+01;1.5723929e-02;7.2500000e+01;3.4759723e-02;7.2500000e+01;5.7990327e-02;7.2500000e+01;8.5741162e-02;7.2500000e+01;1.1528272e-01;7.2500000e+01;1.4789794e-01;7.2500000e+01;1.8702590e-01;7.2500000e+01;2.1964842e-01;7.2500000e+01;2.4650493e-01;7.2500000e+01;2.6417851e-01;7.2500000e+01;2.7407345e-01;7.2500000e+01;2.6802796e-01;7.2500000e+01;2.3831268e-01;7.2500000e+01;1.9399108e-01;7.2500000e+01;1.4036407e-01;7.2500000e+01;8.9374766e-02;7.2500000e+01;4.4944584e-02;7.2500000e+01;2.2709961e-03;7.2500000e+01;1.5723929e-02;7.2500000e+01;3.4759723e-02;7.2500000e+01;5.7990327e-02;7.2500000e+01;8.5741162e-02;7.2500000e+01;1.1528272e-01;7.2500000e+01;1.4789794e-01;7.2500000e+01;1.8702590e-01;7.2500000e+01;2.1964842e-01;7.2500000e+01;2.4650493e-01;7.2500000e+01;2.6417851e-01;7.2500000e+01;2.7407345e-01;7.2500000e+01;2.6802796e-01;7.2500000e+01;2.3831268e-01;7.2500000e+01;1.9399108e-01;7.2500000e+01;1.4036407e-01;7.2500000e+01;8.9374766e-02;7.2500000e+01;4.4944584e-02;7.2500000e+01;2.2709961e-03;7.2500000e+01;1.5723929e-02;7.2500000e+01;3.4759723e-02;7.2500000e+01;5.7990327e-02;7.2500000e+01;8.5741162e-02;7.2500000e+01;1.1528272e-01;7.2500000e+01;1.4789794e-01;7.2500000e+01;1.8702590e-01;7.2500000e+01;2.1964842e-01;7.2500000e+01;2.4650493e-01;7.2500000e+01;2.6417851e-01;7.2500000e+01;2.7407345e-01;7.2500000e+01;2.6802796e-01;7.2500000e+01;2.3831268e-01;7.2500000e+01;1.9399108e-01;7.2500000e+01;1.4036407e-01;7.2500000e+01;8.9374766e-02;7.2500000e+01;4.4944584e-02;7.2500000e+01;2.2709961e-03;7.2500000e+01;1.5723929e-02;7.2500000e+01;3.4759723e-02;7.2500000e+01;5.7990327e-02;7.2500000e+01;8.5741162e-02;7.2500000e+01;1.1528272e-01;7.2500000e+01;1.4789794e-01;7.2500000e+01;1.8702590e-01;7.2500000e+01;2.1964842e-01;7.2500000e+01;2.4650493e-01;7.2500000e+01;2.6417851e-01;7.2500000e+01;2.7407345e-01;7.2500000e+01;2.6802796e-01;7.2500000e+01;2.3831268e-01;7.2500000e+01;1.9399108e-01;7.2500000e+01;1.4036407e-01;7.2500000e+01;8.9374766e-02;7.2500000e+01;4.4944584e-02;7.2500000e+01;2.2709961e-03;7.2500000e+01;1.5723929e-02;7.2500000e+01;3.4759723e-02;7.2500000e+01;5.7990327e-02;7.2500000e+01;8.5741162e-02;7.2500000e+01;1.1528272e-01;7.2500000e+01;1.4789794e-01;7.2500000e+01;1.8702590e-01;7.2500000e+01;2.1964842e-01;7.2500000e+01;2.4650493e-01;7.2500000e+01;2.6417851e-01;7.2500000e+01;2.7407345e-01;7.2500000e+01;2.6802796e-01;7.2500000e+01;2.3831268e-01;7.2500000e+01;1.9399108e-01;7.2500000e+01;1.4036407e-01;7.2500000e+01;8.9374766e-02;7.2500000e+01;4.4944584e-02;7.2500000e+01;2.2709961e-03;7.2500000e+01;1.5723929e-02;7.2500000e+01;3.4759723e-02;7.2500000e+01;5.7990327e-02;7.2500000e+01;8.5741162e-02;7.2500000e+01;1.1528272e-01;7.2500000e+01;1.4789794e-01;7.2500000e+01;1.8702590e-01;7.2500000e+01;2.1964842e-01;7.2500000e+01;2.4650493e-01;7.2500000e+01;2.6417851e-01;7.2500000e+01;2.7407345e-01;7.2500000e+01;2.6802796e-01;7.2500000e+01;2.3831268e-01;7.2500000e+01;1.9399108e-01;7.2500000e+01;1.4036407e-01;7.2500000e+01;8.9374766e-02;7.2500000e+01;4.4944584e-02;7.2500000e+01;2.2709961e-03;7.2500000e+01;1.5723929e-02;7.2500000e+01;3.4759723e-02;7.2500000e+01;5.7990327e-02;7.2500000e+01;8.5741162e-02;7.2500000e+01;1.1528272e-01;7.2500000e+01;1.4789794e-01;7.2500000e+01;1.8702590e-01;7.2500000e+01;2.1964842e-01;7.2500000e+01;2.4650493e-01;7.2500000e+01;2.6417851e-01;7.2500000e+01;2.7407345e-01;7.2500000e+01;2.6802796e-01;7.2500000e+01;2.3831268e-01;7.2500000e+01;1.9399108e-01;7.2500000e+01;1.4036407e-01;7.2500000e+01;8.9374766e-02;7.2500000e+01;4.4944584e-02;7.2500000e+01;2.2709961e-03;7.2500000e+01;1.5723929e-02;7.2500000e+01;3.4759723e-02;7.2500000e+01;5.7990327e-02;7.2500000e+01;8.5741162e-02;7.2500000e+01;1.1528272e-01;7.2500000e+01;1.4789794e-01;7.2500000e+01;1.8702590e-01;7.2500000e+01;2.1964842e-01;7.2500000e+01;2.4650493e-01;7.2500000e+01;2.6417851e-01;7.2500000e+01;2.7407345e-01;7.2500000e+01;2.6802796e-01;7.2500000e+01;2.3831268e-01;7.2500000e+01;1.9399108e-01;7.2500000e+01;1.4036407e-01;7.2500000e+01;8.9374766e-02;7.2500000e+01;4.4944584e-02;7.2500000e+01;2.2709961e-03;7.2500000e+01;1.5723929e-02;7.2500000e+01;3.4759723e-02;7.2500000e+01;5.7990327e-02;7.2500000e+01;8.5741162e-02;7.2500000e+01;1.1528272e-01;7.2500000e+01;1.4789794e-01;7.2500000e+01;1.8702590e-01;7.2500000e+01;2.1964842e-01;7.2500000e+01;2.4650493e-01;7.2500000e+01;2.6417851e-01;7.2500000e+01;2.7407345e-01;7.2500000e+01;2.6802796e-01;7.2500000e+01;2.3831268e-01;7.2500000e+01;1.9399108e-01;7.2500000e+01;1.4036407e-01;7.2500000e+01;8.9374766e-02;7.2500000e+01;4.4944584e-02;7.2500000e+01;2.2709961e-03;7.2500000e+01;1.5723929e-02;7.2500000e+01;3.4759723e-02;7.2500000e+01;5.7990327e-02;7.2500000e+01;8.5741162e-02;7.2500000e+01;1.1528272e-01;7.2500000e+01;1.4789794e-01;7.2500000e+01;1.8702590e-01;7.2500000e+01;2.1964842e-01;7.2500000e+01;2.4650493e-01;7.2500000e+01;2.6417851e-01;7.2500000e+01;2.7407345e-01;7.2500000e+01;2.6802796e-01;7.2500000e+01;2.3831268e-01;7.2500000e+01;1.9399108e-01;7.2500000e+01;1.4036407e-01;7.2500000e+01;8.9374766e-02;7.2500000e+01;4.4944584e-02;7.2500000e+01;2.2709961e-03;7.2500000e+01;1.5723929e-02;7.2500000e+01;3.4759723e-02;7.2500000e+01;5.7990327e-02;7.2500000e+01;8.5741162e-02;7.2500000e+01;1.1528272e-01;7.2500000e+01;1.4789794e-01;7.2500000e+01;1.8702590e-01;7.2500000e+01;2.1964842e-01;7.2500000e+01;2.4650493e-01;7.2500000e+01;2.6417851e-01;7.2500000e+01;2.7407345e-01;7.2500000e+01;2.6802796e-01;7.2500000e+01;2.3831268e-01;7.2500000e+01;1.9399108e-01;7.2500000e+01;1.4036407e-01;7.2500000e+01;8.9374766e-02;7.2500000e+01;4.4944584e-02;7.2500000e+01;2.2709961e-03;7.2500000e+01;1.5723929e-02;7.2500000e+01;3.4759723e-02;7.2500000e+01;5.7990327e-02;7.2500000e+01;8.5741162e-02;7.2500000e+01;1.1528272e-01;7.2500000e+01;1.4789794e-01;7.2500000e+01;1.8702590e-01;7.2500000e+01;2.1964842e-01;7.2500000e+01;2.4650493e-01;7.2500000e+01;2.6417851e-01;7.2500000e+01;2.7407345e-01;7.2500000e+01;2.6802796e-01;7.2500000e+01;2.3831268e-01;7.2500000e+01;1.9399108e-01;7.2500000e+01;1.4036407e-01;7.2500000e+01;8.9374766e-02;7.2500000e+01;4.4944584e-02;7.2500000e+01;2.2709961e-03;7.2500000e+01;1.5723929e-02;7.2500000e+01;3.4759723e-02;7.2500000e+01;5.7990327e-02;7.2500000e+01;8.5741162e-02;7.2500000e+01;1.1528272e-01;7.2500000e+01;1.4789794e-01;7.2500000e+01;1.8702590e-01;7.2500000e+01;2.1964842e-01;7.2500000e+01;2.4650493e-01;7.2500000e+01;2.6417851e-01;7.2500000e+01;2.7407345e-01;7.2500000e+01;2.6802796e-01;7.2500000e+01;2.3831268e-01;7.2500000e+01;1.9399108e-01;7.2500000e+01;1.4036407e-01;7.2500000e+01;8.9374766e-02;7.2500000e+01;4.4944584e-02;7.2500000e+01;2.2709961e-03;7.2500000e+01;1.5723929e-02;7.2500000e+01;3.4759723e-02;7.2500000e+01;5.7990327e-02;7.2500000e+01;8.5741162e-02;7.2500000e+01;1.1528272e-01;7.2500000e+01;1.4789794e-01;7.2500000e+01;1.8702590e-01;7.2500000e+01;2.1964842e-01;7.2500000e+01;2.4650493e-01;7.2500000e+01;2.6417851e-01;7.2500000e+01;2.7407345e-01;7.2500000e+01;2.6802796e-01;7.2500000e+01;2.3831268e-01;7.2500000e+01;1.9399108e-01;7.2500000e+01;1.4036407e-01;7.2500000e+01;8.9374766e-02;7.2500000e+01;4.4944584e-02;7.2500000e+01;2.2709961e-03;7.2500000e+01;1.5723929e-02;7.2500000e+01;3.4759723e-02;7.2500000e+01;5.7990327e-02;7.2500000e+01;8.5741162e-02;7.2500000e+01;1.1528272e-01;7.2500000e+01;1.4789794e-01;7.2500000e+01;1.8702590e-01;7.2500000e+01;2.1964842e-01;7.2500000e+01;2.4650493e-01;7.2500000e+01;2.6417851e-01;7.2500000e+01;2.7407345e-01;7.2500000e+01;2.6802796e-01;7.2500000e+01;2.3831268e-01;7.2500000e+01;1.9399108e-01;7.2500000e+01;1.4036407e-01;7.2500000e+01;8.9374766e-02;7.2500000e+01;4.4944584e-02;7.2500000e+01;2.2709961e-03;7.2500000e+01;1.5723929e-02;7.2500000e+01;3.4759723e-02;7.2500000e+01;5.7990327e-02;7.2500000e+01;8.5741162e-02;7.2500000e+01;1.1528272e-01;7.2500000e+01;1.4789794e-01;7.2500000e+01;1.8702590e-01;7.2500000e+01;2.1964842e-01;7.2500000e+01;2.4650493e-01;7.2500000e+01;2.6417851e-01;7.2500000e+01;2.7407345e-01;7.2500000e+01;2.6802796e-01;7.2500000e+01;2.3831268e-01;7.2500000e+01;1.9399108e-01;7.2500000e+01;1.4036407e-01;7.2500000e+01;8.9374766e-02;7.2500000e+01;4.4944584e-02;7.2500000e+01;2.2709961e-03;7.2500000e+01;1.5723929e-02;7.2500000e+01;3.4759723e-02;7.2500000e+01;5.7990327e-02;7.2500000e+01;8.5741162e-02;7.2500000e+01;1.1528272e-01;7.2500000e+01;1.4789794e-01;7.2500000e+01;1.8702590e-01;7.2500000e+01;2.1964842e-01;7.2500000e+01;2.4650493e-01;7.2500000e+01;2.6417851e-01;7.2500000e+01;2.7407345e-01;7.2500000e+01;2.6802796e-01;7.2500000e+01;2.3831268e-01;7.2500000e+01;1.9399108e-01;7.2500000e+01;1.4036407e-01;7.2500000e+01;8.9374766e-02;7.2500000e+01;4.4944584e-02;7.2500000e+01;2.2709961e-03;7.2500000e+01;1.5723929e-02;7.2500000e+01;3.4759723e-02;7.2500000e+01;5.7990327e-02;7.2500000e+01;8.5741162e-02;7.2500000e+01;1.1528272e-01;7.2500000e+01;1.4789794e-01;7.2500000e+01;1.8702590e-01;7.2500000e+01;2.1964842e-01;7.2500000e+01;2.4650493e-01;7.2500000e+01;2.6417851e-01;7.2500000e+01;2.7407345e-01;7.2500000e+01;2.6802796e-01;7.2500000e+01;2.3831268e-01;7.2500000e+01;1.9399108e-01;7.2500000e+01;1.4036407e-01;7.2500000e+01;8.9374766e-02;7.2500000e+01;4.4944584e-02;7.2500000e+01;2.2709961e-03;7.2500000e+01;1.5723929e-02;7.2500000e+01;3.4759723e-02;7.2500000e+01;5.7990327e-02;7.2500000e+01;8.5741162e-02;7.2500000e+01;1.1528272e-01;7.2500000e+01;1.4789794e-01;7.2500000e+01;1.8702590e-01;7.2500000e+01;2.1964842e-01;7.2500000e+01;2.4650493e-01;7.2500000e+01;2.6417851e-01;7.2500000e+01;2.7407345e-01;7.2500000e+01;2.6802796e-01;7.2500000e+01;2.3831268e-01;7.2500000e+01;1.9399108e-01;7.2500000e+01;1.4036407e-01;7.2500000e+01;8.9374766e-02;7.2500000e+01;4.4944584e-02;7.2500000e+01;2.2709961e-03;7.2500000e+01;1.5723929e-02;7.2500000e+01;3.4759723e-02;7.2500000e+01;5.7990327e-02;7.2500000e+01;8.5741162e-02;7.2500000e+01;1.1528272e-01;7.2500000e+01;1.4789794e-01;7.2500000e+01;1.8702590e-01;7.2500000e+01;2.1964842e-01;7.2500000e+01;2.4650493e-01;7.2500000e+01;2.6417851e-01;7.2500000e+01;2.7407345e-01;7.2500000e+01;2.6802796e-01;7.2500000e+01;2.3831268e-01;7.2500000e+01;1.9399108e-01;7.2500000e+01;1.4036407e-01;7.2500000e+01;8.9374766e-02;7.2500000e+01;4.4944584e-02;7.2500000e+01;2.2709961e-03;7.2500000e+01;1.5723929e-02;7.2500000e+01;3.4759723e-02;7.2500000e+01;5.7990327e-02;7.2500000e+01;8.5741162e-02;7.2500000e+01;1.1528272e-01;7.2500000e+01;1.4789794e-01;7.2500000e+01;1.8702590e-01;7.2500000e+01;2.1964842e-01;7.2500000e+01;2.4650493e-01;7.2500000e+01;2.6417851e-01;7.2500000e+01;2.7407345e-01;7.2500000e+01;2.6802796e-01;7.2500000e+01;2.3831268e-01;7.2500000e+01;1.9399108e-01;7.2500000e+01;1.4036407e-01;7.2500000e+01;8.9374766e-02;7.2500000e+01;4.4944584e-02;7.2500000e+01;2.2709961e-03;7.2500000e+01;1.5723929e-02;7.2500000e+01;3.4759723e-02;7.2500000e+01;5.7990327e-02;7.2500000e+01;8.5741162e-02;7.2500000e+01;1.1528272e-01;7.2500000e+01;1.4789794e-01;7.2500000e+01;1.8702590e-01;7.2500000e+01;2.1964842e-01;7.2500000e+01;2.4650493e-01;7.2500000e+01;2.6417851e-01;7.2500000e+01;2.7407345e-01;7.2500000e+01;2.6802796e-01;7.2500000e+01;2.3831268e-01;7.2500000e+01;1.9399108e-01;7.2500000e+01;1.4036407e-01;7.2500000e+01;8.9374766e-02;7.2500000e+01;4.4944584e-02;7.2500000e+01;2.2709961e-03;7.2500000e+01;1.5723929e-02;7.2500000e+01;3.4759723e-02;7.2500000e+01;5.7990327e-02;7.2500000e+01;8.5741162e-02;7.2500000e+01;1.1528272e-01;7.2500000e+01;1.4789794e-01;7.2500000e+01;1.8702590e-01;7.2500000e+01;2.1964842e-01;7.2500000e+01;2.4650493e-01;7.2500000e+01;2.6417851e-01;7.2500000e+01;2.7407345e-01;7.2500000e+01;2.6802796e-01;7.2500000e+01;2.3831268e-01;7.2500000e+01;1.9399108e-01;7.2500000e+01;1.4036407e-01;7.2500000e+01;8.9374766e-02;7.2500000e+01;4.4944584e-02;7.2500000e+01;2.2709961e-03;7.2500000e+01;1.5723929e-02;7.2500000e+01;3.4759723e-02;7.2500000e+01;5.7990327e-02;7.2500000e+01;8.5741162e-02;7.2500000e+01;1.1528272e-01;7.2500000e+01;1.4789794e-01;7.2500000e+01;1.8702590e-01;7.2500000e+01;2.1964842e-01;7.2500000e+01;2.4650493e-01;7.2500000e+01;2.6417851e-01;7.2500000e+01;2.7407345e-01;7.2500000e+01;2.6802796e-01;7.2500000e+01;2.3831268e-01;7.2500000e+01;1.9399108e-01;7.2500000e+01;1.4036407e-01;7.2500000e+01;8.9374766e-02;7.2500000e+01;4.4944584e-02;7.2500000e+01;2.2709961e-03;7.2500000e+01;1.5723929e-02;7.2500000e+01;3.4759723e-02;7.2500000e+01;5.7990327e-02;7.2500000e+01;8.5741162e-02;7.2500000e+01;1.1528272e-01;7.2500000e+01;1.4789794e-01;7.2500000e+01;1.8702590e-01;7.2500000e+01;2.1964842e-01;7.2500000e+01;2.4650493e-01;7.2500000e+01;2.6417851e-01;7.2500000e+01;2.7407345e-01;7.2500000e+01;2.6802796e-01;7.2500000e+01;2.3831268e-01;7.2500000e+01;1.9399108e-01;7.2500000e+01;1.4036407e-01;7.2500000e+01;8.9374766e-02;7.2500000e+01;4.4944584e-02;7.2500000e+01;2.2709961e-03;7.2500000e+01;1.5723929e-02;7.2500000e+01;3.4759723e-02;7.2500000e+01;5.7990327e-02;7.2500000e+01;8.5741162e-02;7.2500000e+01;1.1528272e-01;7.2500000e+01;1.4789794e-01;7.2500000e+01;1.8702590e-01;7.2500000e+01;2.1964842e-01;7.2500000e+01;2.4650493e-01;7.2500000e+01;2.6417851e-01;7.2500000e+01;2.7407345e-01;7.2500000e+01;2.6802796e-01;7.2500000e+01;2.3831268e-01;7.2500000e+01;1.9399108e-01;7.2500000e+01;1.4036407e-01;7.2500000e+01;8.9374766e-02;7.2500000e+01;4.4944584e-02;7.2500000e+01;2.2709961e-03;7.2500000e+01;1.5723929e-02;7.2500000e+01;3.4759723e-02;7.2500000e+01;5.7990327e-02;7.2500000e+01;8.5741162e-02;7.2500000e+01;1.1528272e-01;7.2500000e+01;1.4789794e-01;7.2500000e+01;1.8702590e-01;7.2500000e+01;2.1964842e-01;7.2500000e+01;2.4650493e-01;7.2500000e+01;2.6417851e-01;7.2500000e+01;2.7407345e-01;7.2500000e+01;2.6802796e-01;7.2500000e+01;2.3831268e-01;7.2500000e+01;1.9399108e-01;7.2500000e+01;1.4036407e-01;7.2500000e+01;8.9374766e-02;7.2500000e+01;4.4944584e-02;7.2500000e+01;2.2709961e-03;7.2500000e+01;1.5723929e-02;7.2500000e+01;3.4759723e-02;7.2500000e+01;5.7990327e-02;7.2500000e+01;8.5741162e-02;7.2500000e+01;1.1528272e-01;7.2500000e+01;1.4789794e-01;7.2500000e+01;1.8702590e-01;7.2500000e+01;2.1964842e-01;7.2500000e+01;2.4650493e-01;7.2500000e+01;2.6417851e-01;7.2500000e+01;2.7407345e-01;7.2500000e+01;2.6802796e-01;7.2500000e+01;2.3831268e-01;7.2500000e+01;1.9399108e-01;7.2500000e+01;1.4036407e-01;7.2500000e+01;8.9374766e-02;7.2500000e+01;4.4944584e-02;7.2500000e+01;2.2709961e-03;7.2500000e+01;1.5723929e-02;7.2500000e+01;3.4759723e-02;7.2500000e+01;5.7990327e-02;7.2500000e+01;8.5741162e-02;7.2500000e+01;1.1528272e-01;7.2500000e+01;1.4789794e-01;7.2500000e+01;1.8702590e-01;7.2500000e+01;2.1964842e-01;7.2500000e+01;2.4650493e-01;7.2500000e+01;2.6417851e-01;7.2500000e+01;2.7407345e-01;7.2500000e+01;2.6802796e-01;7.2500000e+01;2.3831268e-01;7.2500000e+01;1.9399108e-01;7.2500000e+01;1.4036407e-01;7.2500000e+01;8.9374766e-02;7.2500000e+01;4.4944584e-02;7.2500000e+01;2.2709961e-03;7.2500000e+01;1.5723929e-02;7.2500000e+01;3.4759723e-02;7.2500000e+01;5.7990327e-02;7.2500000e+01;8.5741162e-02;7.2500000e+01;1.1528272e-01;7.2500000e+01;1.4789794e-01;7.2500000e+01;1.8702590e-01;7.2500000e+01;2.1964842e-01;7.2500000e+01;2.4650493e-01;7.2500000e+01;2.6417851e-01;7.2500000e+01;2.7407345e-01;7.2500000e+01;2.6802796e-01;7.2500000e+01;2.3831268e-01;7.2500000e+01;1.9399108e-01;7.2500000e+01;1.4036407e-01;7.2500000e+01;8.9374766e-02;7.2500000e+01;4.4944584e-02;7.2500000e+01;2.2709961e-03;7.2500000e+01;1.5723929e-02;7.2500000e+01;3.4759723e-02;7.2500000e+01;5.7990327e-02;7.2500000e+01;8.5741162e-02;7.2500000e+01;1.1528272e-01;7.2500000e+01;1.4789794e-01;7.2500000e+01;1.8702590e-01;7.2500000e+01;2.1964842e-01;7.2500000e+01;2.4650493e-01;7.2500000e+01;2.6417851e-01;7.2500000e+01;2.7407345e-01;7.2500000e+01;2.6802796e-01;7.2500000e+01;2.3831268e-01;7.2500000e+01;1.9399108e-01;7.2500000e+01;1.4036407e-01;7.2500000e+01;8.9374766e-02;7.2500000e+01;4.4944584e-02;7.2500000e+01;2.2709961e-03;7.2500000e+01;1.5723929e-02;7.2500000e+01;3.4759723e-02;7.2500000e+01;5.7990327e-02;7.2500000e+01;8.5741162e-02;7.2500000e+01;1.1528272e-01;7.2500000e+01;1.4789794e-01;7.2500000e+01;1.8702590e-01;7.2500000e+01;2.1964842e-01;7.2500000e+01;2.4650493e-01;7.2500000e+01;2.6417851e-01;7.2500000e+01;2.7407345e-01;7.2500000e+01;2.6802796e-01;7.2500000e+01;2.3831268e-01;7.2500000e+01;1.9399108e-01;7.2500000e+01;1.4036407e-01;7.2500000e+01;8.9374766e-02;7.2500000e+01;4.4944584e-02;7.2500000e+01;2.2709961e-03;7.2500000e+01;1.5723929e-02;7.2500000e+01;3.4759723e-02;7.2500000e+01;5.7990327e-02;7.2500000e+01;8.5741162e-02;7.2500000e+01;1.1528272e-01;7.2500000e+01;1.4789794e-01;7.2500000e+01;1.8702590e-01;7.2500000e+01;2.1964842e-01;7.2500000e+01;2.4650493e-01;7.2500000e+01;2.6417851e-01;7.2500000e+01;2.7407345e-01;7.2500000e+01;2.6802796e-01;7.2500000e+01;2.3831268e-01;7.2500000e+01;1.9399108e-01;7.2500000e+01;1.4036407e-01;7.2500000e+01;8.9374766e-02;7.2500000e+01;4.4944584e-02;7.2500000e+01;2.2709961e-03;7.2500000e+01;1.5723929e-02;7.2500000e+01;3.4759723e-02;7.2500000e+01;5.7990327e-02;7.2500000e+01;8.5741162e-02;7.2500000e+01;1.1528272e-01;7.2500000e+01;1.4789794e-01;7.2500000e+01;1.8702590e-01;7.2500000e+01;2.1964842e-01;7.2500000e+01;2.4650493e-01;7.2500000e+01;2.6417851e-01;7.2500000e+01;2.7407345e-01;7.2500000e+01;2.6802796e-01;7.2500000e+01;2.3831268e-01;7.2500000e+01;1.9399108e-01;7.2500000e+01;1.4036407e-01;7.2500000e+01;8.9374766e-02;7.2500000e+01;4.4944584e-02;7.2500000e+01;2.2709961e-03;7.2500000e+01;1.5723929e-02;7.2500000e+01;3.4759723e-02;7.2500000e+01;5.7990327e-02;7.2500000e+01;8.5741162e-02;7.2500000e+01;1.1528272e-01;7.2500000e+01;1.4789794e-01;7.2500000e+01;1.8702590e-01;7.2500000e+01;2.1964842e-01;7.2500000e+01;2.4650493e-01;7.2500000e+01;2.6417851e-01;7.2500000e+01;2.7407345e-01;7.2500000e+01;2.6802796e-01;7.2500000e+01;2.3831268e-01;7.2500000e+01;1.9399108e-01;7.2500000e+01;1.4036407e-01;7.2500000e+01;8.9374766e-02;7.2500000e+01;4.4944584e-02;7.2500000e+01;2.2709961e-03;7.2500000e+01;1.5723929e-02;7.2500000e+01;3.4759723e-02;7.2500000e+01;5.7990327e-02;7.2500000e+01;8.5741162e-02;7.2500000e+01;1.1528272e-01;7.2500000e+01;1.4789794e-01;7.2500000e+01;1.8702590e-01;7.2500000e+01;2.1964842e-01;7.2500000e+01;2.4650493e-01;7.2500000e+01;2.6417851e-01;7.2500000e+01;2.7407345e-01;7.2500000e+01;2.6802796e-01;7.2500000e+01;2.3831268e-01;7.2500000e+01;1.9399108e-01;7.2500000e+01;1.4036407e-01;7.2500000e+01;8.9374766e-02;7.2500000e+01;4.4944584e-02;7.2500000e+01;2.2709961e-03;7.2500000e+01;1.5723929e-02;7.2500000e+01;3.4759723e-02;7.2500000e+01;5.7990327e-02;7.2500000e+01;8.5741162e-02;7.2500000e+01;1.1528272e-01;7.2500000e+01;1.4789794e-01;7.2500000e+01;1.8702590e-01;7.2500000e+01;2.1964842e-01;7.2500000e+01;2.4650493e-01;7.2500000e+01;2.6417851e-01;7.2500000e+01;2.7407345e-01;7.2500000e+01;2.6802796e-01;7.2500000e+01;2.3831268e-01;7.2500000e+01;1.9399108e-01;7.2500000e+01;1.4036407e-01;7.2500000e+01;8.9374766e-02;7.2500000e+01;4.4944584e-02;7.2500000e+01;2.2709961e-03;7.2500000e+01;1.5723929e-02;7.2500000e+01;3.4759723e-02;7.2500000e+01;5.7990327e-02;7.2500000e+01;8.5741162e-02;7.2500000e+01;1.1528272e-01;7.2500000e+01;1.4789794e-01;7.2500000e+01;1.8702590e-01;7.2500000e+01;2.1964842e-01;7.2500000e+01;2.4650493e-01;7.2500000e+01;2.6417851e-01;7.2500000e+01;2.7407345e-01;7.2500000e+01;2.6802796e-01;7.2500000e+01;2.3831268e-01;7.2500000e+01;1.9399108e-01;7.2500000e+01;1.4036407e-01;7.2500000e+01;8.9374766e-02;7.2500000e+01;4.4944584e-02;7.2500000e+01;2.2709961e-03;7.2500000e+01;1.5723929e-02;7.2500000e+01;3.4759723e-02;7.2500000e+01;5.7990327e-02;7.2500000e+01;8.5741162e-02;7.2500000e+01;1.1528272e-01;7.2500000e+01;1.4789794e-01;7.2500000e+01;1.8702590e-01;7.2500000e+01;2.1964842e-01;7.2500000e+01;2.4650493e-01;7.2500000e+01;2.6417851e-01;7.2500000e+01;2.7407345e-01;7.2500000e+01;2.6802796e-01;7.2500000e+01;2.3831268e-01;7.2500000e+01;1.9399108e-01;7.2500000e+01;1.4036407e-01;7.2500000e+01;8.9374766e-02;7.2500000e+01;4.4944584e-02;7.2500000e+01;2.2709961e-03;7.2500000e+01;1.5723929e-02;7.2500000e+01;3.4759723e-02;7.2500000e+01;5.7990327e-02;7.2500000e+01;8.5741162e-02;7.2500000e+01;1.1528272e-01;7.2500000e+01;1.4789794e-01;7.2500000e+01;1.8702590e-01;7.2500000e+01;2.1964842e-01;7.2500000e+01;2.4650493e-01;7.2500000e+01;2.6417851e-01;7.2500000e+01;2.7407345e-01;7.2500000e+01;2.6802796e-01;7.2500000e+01;2.3831268e-01;7.2500000e+01;1.9399108e-01;7.2500000e+01;1.4036407e-01;7.2500000e+01;8.9374766e-02;7.2500000e+01;4.4944584e-02;7.2500000e+01;2.2709961e-03;7.2500000e+01;1.5723929e-02;7.2500000e+01;3.4759723e-02;7.2500000e+01;5.7990327e-02;7.2500000e+01;8.5741162e-02;7.2500000e+01;1.1528272e-01;7.2500000e+01;1.4789794e-01;7.2500000e+01;1.8702590e-01;7.2500000e+01;2.1964842e-01;7.2500000e+01;2.4650493e-01;7.2500000e+01;2.6417851e-01;7.2500000e+01;2.7407345e-01;7.2500000e+01;2.6802796e-01;7.2500000e+01;2.3831268e-01;7.2500000e+01;1.9399108e-01;7.2500000e+01;1.4036407e-01;7.2500000e+01;8.9374766e-02;7.2500000e+01;4.4944584e-02;7.2500000e+01;2.2709961e-03;7.2500000e+01;1.5723929e-02;7.2500000e+01;3.4759723e-02;7.2500000e+01;5.7990327e-02;7.2500000e+01;8.5741162e-02;7.2500000e+01;1.1528272e-01;7.2500000e+01;1.4789794e-01;7.2500000e+01;1.8702590e-01;7.2500000e+01;2.1964842e-01;7.2500000e+01;2.4650493e-01;7.2500000e+01;2.6417851e-01;7.2500000e+01;2.7407345e-01;7.2500000e+01;2.6802796e-01;7.2500000e+01;2.3831268e-01;7.2500000e+01;1.9399108e-01;7.2500000e+01;1.4036407e-01;7.2500000e+01;8.9374766e-02;7.2500000e+01;4.4944584e-02;7.2500000e+01;2.2709961e-03;7.2500000e+01;1.5723929e-02;7.2500000e+01;3.4759723e-02;7.2500000e+01;5.7990327e-02;7.2500000e+01;8.5741162e-02;7.2500000e+01;1.1528272e-01;7.2500000e+01;1.4789794e-01;7.2500000e+01;1.8702590e-01;7.2500000e+01;2.1964842e-01;7.2500000e+01;2.4650493e-01;7.2500000e+01;2.6417851e-01;7.2500000e+01;2.7407345e-01;7.2500000e+01;2.6802796e-01;7.2500000e+01;2.3831268e-01;7.2500000e+01;1.9399108e-01;7.2500000e+01;1.4036407e-01;7.2500000e+01;8.9374766e-02;7.2500000e+01;4.4944584e-02;7.2500000e+01;2.2709961e-03;7.2500000e+01;1.5723929e-02;7.2500000e+01;3.4759723e-02;7.2500000e+01;5.7990327e-02;7.2500000e+01;8.5741162e-02;7.2500000e+01;1.1528272e-01;7.2500000e+01;1.4789794e-01;7.2500000e+01;1.8702590e-01;7.2500000e+01;2.1964842e-01;7.2500000e+01;2.4650493e-01;7.2500000e+01;2.6417851e-01;7.2500000e+01;2.7407345e-01;7.2500000e+01;2.6802796e-01;7.2500000e+01;2.3831268e-01;7.2500000e+01;1.9399108e-01;7.2500000e+01;1.4036407e-01;7.2500000e+01;8.9374766e-02;7.2500000e+01;4.4944584e-02;7.2500000e+01;2.2709961e-03;7.2500000e+01;1.5723929e-02;7.2500000e+01;3.4759723e-02;7.2500000e+01;5.7990327e-02;7.2500000e+01;8.5741162e-02;7.2500000e+01;1.1528272e-01;7.2500000e+01;1.4789794e-01;7.2500000e+01;1.8702590e-01;7.2500000e+01;2.1964842e-01;7.2500000e+01;2.4650493e-01;7.2500000e+01;2.6417851e-01;7.2500000e+01;2.7407345e-01;7.2500000e+01;2.6802796e-01;7.2500000e+01;2.3831268e-01;7.2500000e+01;1.9399108e-01;7.2500000e+01;1.4036407e-01;7.2500000e+01;8.9374766e-02;7.2500000e+01;4.4944584e-02;7.2500000e+01;2.2709961e-03;7.2500000e+01;1.5723929e-02;7.2500000e+01;3.4759723e-02;7.2500000e+01;5.7990327e-02;7.2500000e+01;8.5741162e-02;7.2500000e+01;1.1528272e-01;7.2500000e+01;1.4789794e-01;7.2500000e+01;1.8702590e-01;7.2500000e+01;2.1964842e-01;7.2500000e+01;2.4650493e-01;7.2500000e+01;2.6417851e-01;7.2500000e+01;2.7407345e-01;7.2500000e+01;2.6802796e-01;7.2500000e+01;2.3831268e-01;7.2500000e+01;1.9399108e-01;7.2500000e+01;1.4036407e-01;7.2500000e+01;8.9374766e-02;7.2500000e+01;4.4944584e-02;7.2500000e+01;2.2709961e-03;7.2500000e+01;1.5723929e-02;7.2500000e+01;3.4759723e-02;7.2500000e+01;5.7990327e-02;7.2500000e+01;8.5741162e-02;7.2500000e+01;1.1528272e-01;7.2500000e+01;1.4789794e-01;7.2500000e+01;1.8702590e-01;7.2500000e+01;2.1964842e-01;7.2500000e+01;2.4650493e-01;7.2500000e+01;2.6417851e-01;7.2500000e+01;2.7407345e-01;7.2500000e+01;2.6802796e-01;7.2500000e+01;2.3831268e-01;7.2500000e+01;1.9399108e-01;7.2500000e+01;1.4036407e-01;7.2500000e+01;8.9374766e-02;7.2500000e+01;4.4944584e-02;7.2500000e+01;2.2709961e-03;7.2500000e+01;1.5723929e-02;7.2500000e+01;3.4759723e-02;7.2500000e+01;5.7990327e-02;7.2500000e+01;8.5741162e-02;7.2500000e+01;1.1528272e-01;7.2500000e+01;1.4789794e-01;7.2500000e+01;1.8702590e-01;7.2500000e+01;2.1964842e-01;7.2500000e+01;2.4650493e-01;7.2500000e+01;2.6417851e-01;7.2500000e+01;2.7407345e-01;7.2500000e+01;2.6802796e-01;7.2500000e+01;2.3831268e-01;7.2500000e+01;1.9399108e-01;7.2500000e+01;1.4036407e-01;7.2500000e+01;8.9374766e-02;7.2500000e+01;4.4944584e-02;7.2500000e+01;2.2709961e-03;7.2500000e+01;1.5723929e-02;7.2500000e+01;3.4759723e-02;7.2500000e+01;5.7990327e-02;7.2500000e+01;8.5741162e-02;7.2500000e+01;1.1528272e-01;7.2500000e+01;1.4789794e-01;7.2500000e+01;1.8702590e-01;7.2500000e+01;2.1964842e-01;7.2500000e+01;2.4650493e-01;7.2500000e+01;2.6417851e-01;7.2500000e+01;2.7407345e-01;7.2500000e+01;2.6802796e-01;7.2500000e+01;2.3831268e-01;7.2500000e+01;1.9399108e-01;7.2500000e+01;1.4036407e-01;7.2500000e+01;8.9374766e-02;7.2500000e+01;4.4944584e-02;7.2500000e+01;2.2709961e-03;7.2500000e+01;1.5723929e-02;7.2500000e+01;3.4759723e-02;7.2500000e+01;5.7990327e-02;7.2500000e+01;8.5741162e-02;7.2500000e+01;1.1528272e-01;7.2500000e+01;1.4789794e-01;7.2500000e+01;1.8702590e-01;7.2500000e+01;2.1964842e-01;7.2500000e+01;2.4650493e-01;7.2500000e+01;2.6417851e-01;7.2500000e+01;2.7407345e-01;7.2500000e+01;2.6802796e-01;7.2500000e+01;2.3831268e-01;7.2500000e+01;1.9399108e-01;7.2500000e+01;1.4036407e-01;7.2500000e+01;8.9374766e-02;7.2500000e+01;4.4944584e-02
7.7500000e+01;1.2771413e-04;7.7500000e+01;1.2388228e-02;7.7500000e+01;3.0650983e-02;7.7500000e+01;5.2904457e-02;7.7500000e+01;7.9919279e-02;7.7500000e+01;1.0849637e-01;7.7500000e+01;1.4227760e-01;7.7500000e+01;1.7912301e-01;7.7500000e+01;2.0801729e-01;7.7500000e+01;2.3118606e-01;7.7500000e+01;2.4928719e-01;7.7500000e+01;2.6336583e-01;7.7500000e+01;2.6266217e-01;7.7500000e+01;2.3588111e-01;7.7500000e+01;1.9208215e-01;7.7500000e+01;1.3862595e-01;7.7500000e+01;8.7346084e-02;7.7500000e+01;4.1854858e-02;7.7500000e+01;1.2771413e-04;7.7500000e+01;1.2388228e-02;7.7500000e+01;3.0650983e-02;7.7500000e+01;5.2904457e-02;7.7500000e+01;7.9919279e-02;7.7500000e+01;1.0849637e-01;7.7500000e+01;1.4227760e-01;7.7500000e+01;1.7912301e-01;7.7500000e+01;2.0801729e-01;7.7500000e+01;2.3118606e-01;7.7500000e+01;2.4928719e-01;7.7500000e+01;2.6336583e-01;7.7500000e+01;2.6266217e-01;7.7500000e+01;2.3588111e-01;7.7500000e+01;1.9208215e-01;7.7500000e+01;1.3862595e-01;7.7500000e+01;8.7346084e-02;7.7500000e+01;4.1854858e-02;7.7500000e+01;1.2771413e-04;7.7500000e+01;1.2388228e-02;7.7500000e+01;3.0650983e-02;7.7500000e+01;5.2904457e-02;7.7500000e+01;7.9919279e-02;7.7500000e+01;1.0849637e-01;7.7500000e+01;1.4227760e-01;7.7500000e+01;1.7912301e-01;7.7500000e+01;2.0801729e-01;7.7500000e+01;2.3118606e-01;7.7500000e+01;2.4928719e-01;7.7500000e+01;2.6336583e-01;7.7500000e+01;2.6266217e-01;7.7500000e+01;2.3588111e-01;7.7500000e+01;1.9208215e-01;7.7500000e+01;1.3862595e-01;7.7500000e+01;8.7346084e-02;7.7500000e+01;4.1854858e-02;7.7500000e+01;1.2771413e-04;7.7500000e+01;1.2388228e-02;7.7500000e+01;3.0650983e-02;7.7500000e+01;5.2904457e-02;7.7500000e+01;7.9919279e-02;7.7500000e+01;1.0849637e-01;7.7500000e+01;1.4227760e-01;7.7500000e+01;1.7912301e-01;7.7500000e+01;2.0801729e-01;7.7500000e+01;2.3118606e-01;7.7500000e+01;2.4928719e-01;7.7500000e+01;2.6336583e-01;7.7500000e+01;2.6266217e-01;7.7500000e+01;2.3588111e-01;7.7500000e+01;1.9208215e-01;7.7500000e+01;1.3862595e-01;7.7500000e+01;8.7346084e-02;7.7500000e+01;4.1854858e-02;7.7500000e+01;1.2771413e-04;7.7500000e+01;1.2388228e-02;7.7500000e+01;3.0650983e-02;7.7500000e+01;5.2904457e-02;7.7500000e+01;7.9919279e-02;7.7500000e+01;1.0849637e-01;7.7500000e+01;1.4227760e-01;7.7500000e+01;1.7912301e-01;7.7500000e+01;2.0801729e-01;7.7500000e+01;2.3118606e-01;7.7500000e+01;2.4928719e-01;7.7500000e+01;2.6336583e-01;7.7500000e+01;2.6266217e-01;7.7500000e+01;2.3588111e-01;7.7500000e+01;1.9208215e-01;7.7500000e+01;1.3862595e-01;7.7500000e+01;8.7346084e-02;7.7500000e+01;4.1854858e-02;7.7500000e+01;1.2771413e-04;7.7500000e+01;1.2388228e-02;7.7500000e+01;3.0650983e-02;7.7500000e+01;5.2904457e-02;7.7500000e+01;7.9919279e-02;7.7500000e+01;1.0849637e-01;7.7500000e+01;1.4227760e-01;7.7500000e+01;1.7912301e-01;7.7500000e+01;2.0801729e-01;7.7500000e+01;2.3118606e-01;7.7500000e+01;2.4928719e-01;7.7500000e+01;2.6336583e-01;7.7500000e+01;2.6266217e-01;7.7500000e+01;2.3588111e-01;7.7500000e+01;1.9208215e-01;7.7500000e+01;1.3862595e-01;7.7500000e+01;8.7346084e-02;7.7500000e+01;4.1854858e-02;7.7500000e+01;1.2771413e-04;7.7500000e+01;1.2388228e-02;7.7500000e+01;3.0650983e-02;7.7500000e+01;5.2904457e-02;7.7500000e+01;7.9919279e-02;7.7500000e+01;1.0849637e-01;7.7500000e+01;1.4227760e-01;7.7500000e+01;1.7912301e-01;7.7500000e+01;2.0801729e-01;7.7500000e+01;2.3118606e-01;7.7500000e+01;2.4928719e-01;7.7500000e+01;2.6336583e-01;7.7500000e+01;2.6266217e-01;7.7500000e+01;2.3588111e-01;7.7500000e+01;1.9208215e-01;7.7500000e+01;1.3862595e-01;7.7500000e+01;8.7346084e-02;7.7500000e+01;4.1854858e-02;7.7500000e+01;1.2771413e-04;7.7500000e+01;1.2388228e-02;7.7500000e+01;3.0650983e-02;7.7500000e+01;5.2904457e-02;7.7500000e+01;7.9919279e-02;7.7500000e+01;1.0849637e-01;7.7500000e+01;1.4227760e-01;7.7500000e+01;1.7912301e-01;7.7500000e+01;2.0801729e-01;7.7500000e+01;2.3118606e-01;7.7500000e+01;2.4928719e-01;7.7500000e+01;2.6336583e-01;7.7500000e+01;2.6266217e-01;7.7500000e+01;2.3588111e-01;7.7500000e+01;1.9208215e-01;7.7500000e+01;1.3862595e-01;7.7500000e+01;8.7346084e-02;7.7500000e+01;4.1854858e-02;7.7500000e+01;1.2771413e-04;7.7500000e+01;1.2388228e-02;7.7500000e+01;3.0650983e-02;7.7500000e+01;5.2904457e-02;7.7500000e+01;7.9919279e-02;7.7500000e+01;1.0849637e-01;7.7500000e+01;1.4227760e-01;7.7500000e+01;1.7912301e-01;7.7500000e+01;2.0801729e-01;7.7500000e+01;2.3118606e-01;7.7500000e+01;2.4928719e-01;7.7500000e+01;2.6336583e-01;7.7500000e+01;2.6266217e-01;7.7500000e+01;2.3588111e-01;7.7500000e+01;1.9208215e-01;7.7500000e+01;1.3862595e-01;7.7500000e+01;8.7346084e-02;7.7500000e+01;4.1854858e-02;7.7500000e+01;1.2771413e-04;7.7500000e+01;1.2388228e-02;7.7500000e+01;3.0650983e-02;7.7500000e+01;5.2904457e-02;7.7500000e+01;7.9919279e-02;7.7500000e+01;1.0849637e-01;7.7500000e+01;1.4227760e-01;7.7500000e+01;1.7912301e-01;7.7500000e+01;2.0801729e-01;7.7500000e+01;2.3118606e-01;7.7500000e+01;2.4928719e-01;7.7500000e+01;2.6336583e-01;7.7500000e+01;2.6266217e-01;7.7500000e+01;2.3588111e-01;7.7500000e+01;1.9208215e-01;7.7500000e+01;1.3862595e-01;7.7500000e+01;8.7346084e-02;7.7500000e+01;4.1854858e-02;7.7500000e+01;1.2771413e-04;7.7500000e+01;1.2388228e-02;7.7500000e+01;3.0650983e-02;7.7500000e+01;5.2904457e-02;7.7500000e+01;7.9919279e-02;7.7500000e+01;1.0849637e-01;7.7500000e+01;1.4227760e-01;7.7500000e+01;1.7912301e-01;7.7500000e+01;2.0801729e-01;7.7500000e+01;2.3118606e-01;7.7500000e+01;2.4928719e-01;7.7500000e+01;2.6336583e-01;7.7500000e+01;2.6266217e-01;7.7500000e+01;2.3588111e-01;7.7500000e+01;1.9208215e-01;7.7500000e+01;1.3862595e-01;7.7500000e+01;8.7346084e-02;7.7500000e+01;4.1854858e-02;7.7500000e+01;1.2771413e-04;7.7500000e+01;1.2388228e-02;7.7500000e+01;3.0650983e-02;7.7500000e+01;5.2904457e-02;7.7500000e+01;7.9919279e-02;7.7500000e+01;1.0849637e-01;7.7500000e+01;1.4227760e-01;7.7500000e+01;1.7912301e-01;7.7500000e+01;2.0801729e-01;7.7500000e+01;2.3118606e-01;7.7500000e+01;2.4928719e-01;7.7500000e+01;2.6336583e-01;7.7500000e+01;2.6266217e-01;7.7500000e+01;2.3588111e-01;7.7500000e+01;1.9208215e-01;7.7500000e+01;1.3862595e-01;7.7500000e+01;8.7346084e-02;7.7500000e+01;4.1854858e-02;7.7500000e+01;1.2771413e-04;7.7500000e+01;1.2388228e-02;7.7500000e+01;3.0650983e-02;7.7500000e+01;5.2904457e-02;7.7500000e+01;7.9919279e-02;7.7500000e+01;1.0849637e-01;7.7500000e+01;1.4227760e-01;7.7500000e+01;1.7912301e-01;7.7500000e+01;2.0801729e-01;7.7500000e+01;2.3118606e-01;7.7500000e+01;2.4928719e-01;7.7500000e+01;2.6336583e-01;7.7500000e+01;2.6266217e-01;7.7500000e+01;2.3588111e-01;7.7500000e+01;1.9208215e-01;7.7500000e+01;1.3862595e-01;7.7500000e+01;8.7346084e-02;7.7500000e+01;4.1854858e-02;7.7500000e+01;1.2771413e-04;7.7500000e+01;1.2388228e-02;7.7500000e+01;3.0650983e-02;7.7500000e+01;5.2904457e-02;7.7500000e+01;7.9919279e-02;7.7500000e+01;1.0849637e-01;7.7500000e+01;1.4227760e-01;7.7500000e+01;1.7912301e-01;7.7500000e+01;2.0801729e-01;7.7500000e+01;2.3118606e-01;7.7500000e+01;2.4928719e-01;7.7500000e+01;2.6336583e-01;7.7500000e+01;2.6266217e-01;7.7500000e+01;2.3588111e-01;7.7500000e+01;1.9208215e-01;7.7500000e+01;1.3862595e-01;7.7500000e+01;8.7346084e-02;7.7500000e+01;4.1854858e-02;7.7500000e+01;1.2771413e-04;7.7500000e+01;1.2388228e-02;7.7500000e+01;3.0650983e-02;7.7500000e+01;5.2904457e-02;7.7500000e+01;7.9919279e-02;7.7500000e+01;1.0849637e-01;7.7500000e+01;1.4227760e-01;7.7500000e+01;1.7912301e-01;7.7500000e+01;2.0801729e-01;7.7500000e+01;2.3118606e-01;7.7500000e+01;2.4928719e-01;7.7500000e+01;2.6336583e-01;7.7500000e+01;2.6266217e-01;7.7500000e+01;2.3588111e-01;7.7500000e+01;1.9208215e-01;7.7500000e+01;1.3862595e-01;7.7500000e+01;8.7346084e-02;7.7500000e+01;4.1854858e-02;7.7500000e+01;1.2771413e-04;7.7500000e+01;1.2388228e-02;7.7500000e+01;3.0650983e-02;7.7500000e+01;5.2904457e-02;7.7500000e+01;7.9919279e-02;7.7500000e+01;1.0849637e-01;7.7500000e+01;1.4227760e-01;7.7500000e+01;1.7912301e-01;7.7500000e+01;2.0801729e-01;7.7500000e+01;2.3118606e-01;7.7500000e+01;2.4928719e-01;7.7500000e+01;2.6336583e-01;7.7500000e+01;2.6266217e-01;7.7500000e+01;2.3588111e-01;7.7500000e+01;1.9208215e-01;7.7500000e+01;1.3862595e-01;7.7500000e+01;8.7346084e-02;7.7500000e+01;4.1854858e-02;7.7500000e+01;1.2771413e-04;7.7500000e+01;1.2388228e-02;7.7500000e+01;3.0650983e-02;7.7500000e+01;5.2904457e-02;7.7500000e+01;7.9919279e-02;7.7500000e+01;1.0849637e-01;7.7500000e+01;1.4227760e-01;7.7500000e+01;1.7912301e-01;7.7500000e+01;2.0801729e-01;7.7500000e+01;2.3118606e-01;7.7500000e+01;2.4928719e-01;7.7500000e+01;2.6336583e-01;7.7500000e+01;2.6266217e-01;7.7500000e+01;2.3588111e-01;7.7500000e+01;1.9208215e-01;7.7500000e+01;1.3862595e-01;7.7500000e+01;8.7346084e-02;7.7500000e+01;4.1854858e-02;7.7500000e+01;1.2771413e-04;7.7500000e+01;1.2388228e-02;7.7500000e+01;3.0650983e-02;7.7500000e+01;5.2904457e-02;7.7500000e+01;7.9919279e-02;7.7500000e+01;1.0849637e-01;7.7500000e+01;1.4227760e-01;7.7500000e+01;1.7912301e-01;7.7500000e+01;2.0801729e-01;7.7500000e+01;2.3118606e-01;7.7500000e+01;2.4928719e-01;7.7500000e+01;2.6336583e-01;7.7500000e+01;2.6266217e-01;7.7500000e+01;2.3588111e-01;7.7500000e+01;1.9208215e-01;7.7500000e+01;1.3862595e-01;7.7500000e+01;8.7346084e-02;7.7500000e+01;4.1854858e-02;7.7500000e+01;1.2771413e-04;7.7500000e+01;1.2388228e-02;7.7500000e+01;3.0650983e-02;7.7500000e+01;5.2904457e-02;7.7500000e+01;7.9919279e-02;7.7500000e+01;1.0849637e-01;7.7500000e+01;1.4227760e-01;7.7500000e+01;1.7912301e-01;7.7500000e+01;2.0801729e-01;7.7500000e+01;2.3118606e-01;7.7500000e+01;2.4928719e-01;7.7500000e+01;2.6336583e-01;7.7500000e+01;2.6266217e-01;7.7500000e+01;2.3588111e-01;7.7500000e+01;1.9208215e-01;7.7500000e+01;1.3862595e-01;7.7500000e+01;8.7346084e-02;7.7500000e+01;4.1854858e-02;7.7500000e+01;1.2771413e-04;7.7500000e+01;1.2388228e-02;7.7500000e+01;3.0650983e-02;7.7500000e+01;5.2904457e-02;7.7500000e+01;7.9919279e-02;7.7500000e+01;1.0849637e-01;7.7500000e+01;1.4227760e-01;7.7500000e+01;1.7912301e-01;7.7500000e+01;2.0801729e-01;7.7500000e+01;2.3118606e-01;7.7500000e+01;2.4928719e-01;7.7500000e+01;2.6336583e-01;7.7500000e+01;2.6266217e-01;7.7500000e+01;2.3588111e-01;7.7500000e+01;1.9208215e-01;7.7500000e+01;1.3862595e-01;7.7500000e+01;8.7346084e-02;7.7500000e+01;4.1854858e-02;7.7500000e+01;1.2771413e-04;7.7500000e+01;1.2388228e-02;7.7500000e+01;3.0650983e-02;7.7500000e+01;5.2904457e-02;7.7500000e+01;7.9919279e-02;7.7500000e+01;1.0849637e-01;7.7500000e+01;1.4227760e-01;7.7500000e+01;1.7912301e-01;7.7500000e+01;2.0801729e-01;7.7500000e+01;2.3118606e-01;7.7500000e+01;2.4928719e-01;7.7500000e+01;2.6336583e-01;7.7500000e+01;2.6266217e-01;7.7500000e+01;2.3588111e-01;7.7500000e+01;1.9208215e-01;7.7500000e+01;1.3862595e-01;7.7500000e+01;8.7346084e-02;7.7500000e+01;4.1854858e-02;7.7500000e+01;1.2771413e-04;7.7500000e+01;1.2388228e-02;7.7500000e+01;3.0650983e-02;7.7500000e+01;5.2904457e-02;7.7500000e+01;7.9919279e-02;7.7500000e+01;1.0849637e-01;7.7500000e+01;1.4227760e-01;7.7500000e+01;1.7912301e-01;7.7500000e+01;2.0801729e-01;7.7500000e+01;2.3118606e-01;7.7500000e+01;2.4928719e-01;7.7500000e+01;2.6336583e-01;7.7500000e+01;2.6266217e-01;7.7500000e+01;2.3588111e-01;7.7500000e+01;1.9208215e-01;7.7500000e+01;1.3862595e-01;7.7500000e+01;8.7346084e-02;7.7500000e+01;4.1854858e-02;7.7500000e+01;1.2771413e-04;7.7500000e+01;1.2388228e-02;7.7500000e+01;3.0650983e-02;7.7500000e+01;5.2904457e-02;7.7500000e+01;7.9919279e-02;7.7500000e+01;1.0849637e-01;7.7500000e+01;1.4227760e-01;7.7500000e+01;1.7912301e-01;7.7500000e+01;2.0801729e-01;7.7500000e+01;2.3118606e-01;7.7500000e+01;2.4928719e-01;7.7500000e+01;2.6336583e-01;7.7500000e+01;2.6266217e-01;7.7500000e+01;2.3588111e-01;7.7500000e+01;1.9208215e-01;7.7500000e+01;1.3862595e-01;7.7500000e+01;8.7346084e-02;7.7500000e+01;4.1854858e-02;7.7500000e+01;1.2771413e-04;7.7500000e+01;1.2388228e-02;7.7500000e+01;3.0650983e-02;7.7500000e+01;5.2904457e-02;7.7500000e+01;7.9919279e-02;7.7500000e+01;1.0849637e-01;7.7500000e+01;1.4227760e-01;7.7500000e+01;1.7912301e-01;7.7500000e+01;2.0801729e-01;7.7500000e+01;2.3118606e-01;7.7500000e+01;2.4928719e-01;7.7500000e+01;2.6336583e-01;7.7500000e+01;2.6266217e-01;7.7500000e+01;2.3588111e-01;7.7500000e+01;1.9208215e-01;7.7500000e+01;1.3862595e-01;7.7500000e+01;8.7346084e-02;7.7500000e+01;4.1854858e-02;7.7500000e+01;1.2771413e-04;7.7500000e+01;1.2388228e-02;7.7500000e+01;3.0650983e-02;7.7500000e+01;5.2904457e-02;7.7500000e+01;7.9919279e-02;7.7500000e+01;1.0849637e-01;7.7500000e+01;1.4227760e-01;7.7500000e+01;1.7912301e-01;7.7500000e+01;2.0801729e-01;7.7500000e+01;2.3118606e-01;7.7500000e+01;2.4928719e-01;7.7500000e+01;2.6336583e-01;7.7500000e+01;2.6266217e-01;7.7500000e+01;2.3588111e-01;7.7500000e+01;1.9208215e-01;7.7500000e+01;1.3862595e-01;7.7500000e+01;8.7346084e-02;7.7500000e+01;4.1854858e-02;7.7500000e+01;1.2771413e-04;7.7500000e+01;1.2388228e-02;7.7500000e+01;3.0650983e-02;7.7500000e+01;5.2904457e-02;7.7500000e+01;7.9919279e-02;7.7500000e+01;1.0849637e-01;7.7500000e+01;1.4227760e-01;7.7500000e+01;1.7912301e-01;7.7500000e+01;2.0801729e-01;7.7500000e+01;2.3118606e-01;7.7500000e+01;2.4928719e-01;7.7500000e+01;2.6336583e-01;7.7500000e+01;2.6266217e-01;7.7500000e+01;2.3588111e-01;7.7500000e+01;1.9208215e-01;7.7500000e+01;1.3862595e-01;7.7500000e+01;8.7346084e-02;7.7500000e+01;4.1854858e-02;7.7500000e+01;1.2771413e-04;7.7500000e+01;1.2388228e-02;7.7500000e+01;3.0650983e-02;7.7500000e+01;5.2904457e-02;7.7500000e+01;7.9919279e-02;7.7500000e+01;1.0849637e-01;7.7500000e+01;1.4227760e-01;7.7500000e+01;1.7912301e-01;7.7500000e+01;2.0801729e-01;7.7500000e+01;2.3118606e-01;7.7500000e+01;2.4928719e-01;7.7500000e+01;2.6336583e-01;7.7500000e+01;2.6266217e-01;7.7500000e+01;2.3588111e-01;7.7500000e+01;1.9208215e-01;7.7500000e+01;1.3862595e-01;7.7500000e+01;8.7346084e-02;7.7500000e+01;4.1854858e-02;7.7500000e+01;1.2771413e-04;7.7500000e+01;1.2388228e-02;7.7500000e+01;3.0650983e-02;7.7500000e+01;5.2904457e-02;7.7500000e+01;7.9919279e-02;7.7500000e+01;1.0849637e-01;7.7500000e+01;1.4227760e-01;7.7500000e+01;1.7912301e-01;7.7500000e+01;2.0801729e-01;7.7500000e+01;2.3118606e-01;7.7500000e+01;2.4928719e-01;7.7500000e+01;2.6336583e-01;7.7500000e+01;2.6266217e-01;7.7500000e+01;2.3588111e-01;7.7500000e+01;1.9208215e-01;7.7500000e+01;1.3862595e-01;7.7500000e+01;8.7346084e-02;7.7500000e+01;4.1854858e-02;7.7500000e+01;1.2771413e-04;7.7500000e+01;1.2388228e-02;7.7500000e+01;3.0650983e-02;7.7500000e+01;5.2904457e-02;7.7500000e+01;7.9919279e-02;7.7500000e+01;1.0849637e-01;7.7500000e+01;1.4227760e-01;7.7500000e+01;1.7912301e-01;7.7500000e+01;2.0801729e-01;7.7500000e+01;2.3118606e-01;7.7500000e+01;2.4928719e-01;7.7500000e+01;2.6336583e-01;7.7500000e+01;2.6266217e-01;7.7500000e+01;2.3588111e-01;7.7500000e+01;1.9208215e-01;7.7500000e+01;1.3862595e-01;7.7500000e+01;8.7346084e-02;7.7500000e+01;4.1854858e-02;7.7500000e+01;1.2771413e-04;7.7500000e+01;1.2388228e-02;7.7500000e+01;3.0650983e-02;7.7500000e+01;5.2904457e-02;7.7500000e+01;7.9919279e-02;7.7500000e+01;1.0849637e-01;7.7500000e+01;1.4227760e-01;7.7500000e+01;1.7912301e-01;7.7500000e+01;2.0801729e-01;7.7500000e+01;2.3118606e-01;7.7500000e+01;2.4928719e-01;7.7500000e+01;2.6336583e-01;7.7500000e+01;2.6266217e-01;7.7500000e+01;2.3588111e-01;7.7500000e+01;1.9208215e-01;7.7500000e+01;1.3862595e-01;7.7500000e+01;8.7346084e-02;7.7500000e+01;4.1854858e-02;7.7500000e+01;1.2771413e-04;7.7500000e+01;1.2388228e-02;7.7500000e+01;3.0650983e-02;7.7500000e+01;5.2904457e-02;7.7500000e+01;7.9919279e-02;7.7500000e+01;1.0849637e-01;7.7500000e+01;1.4227760e-01;7.7500000e+01;1.7912301e-01;7.7500000e+01;2.0801729e-01;7.7500000e+01;2.3118606e-01;7.7500000e+01;2.4928719e-01;7.7500000e+01;2.6336583e-01;7.7500000e+01;2.6266217e-01;7.7500000e+01;2.3588111e-01;7.7500000e+01;1.9208215e-01;7.7500000e+01;1.3862595e-01;7.7500000e+01;8.7346084e-02;7.7500000e+01;4.1854858e-02;7.7500000e+01;1.2771413e-04;7.7500000e+01;1.2388228e-02;7.7500000e+01;3.0650983e-02;7.7500000e+01;5.2904457e-02;7.7500000e+01;7.9919279e-02;7.7500000e+01;1.0849637e-01;7.7500000e+01;1.4227760e-01;7.7500000e+01;1.7912301e-01;7.7500000e+01;2.0801729e-01;7.7500000e+01;2.3118606e-01;7.7500000e+01;2.4928719e-01;7.7500000e+01;2.6336583e-01;7.7500000e+01;2.6266217e-01;7.7500000e+01;2.3588111e-01;7.7500000e+01;1.9208215e-01;7.7500000e+01;1.3862595e-01;7.7500000e+01;8.7346084e-02;7.7500000e+01;4.1854858e-02;7.7500000e+01;1.2771413e-04;7.7500000e+01;1.2388228e-02;7.7500000e+01;3.0650983e-02;7.7500000e+01;5.2904457e-02;7.7500000e+01;7.9919279e-02;7.7500000e+01;1.0849637e-01;7.7500000e+01;1.4227760e-01;7.7500000e+01;1.7912301e-01;7.7500000e+01;2.0801729e-01;7.7500000e+01;2.3118606e-01;7.7500000e+01;2.4928719e-01;7.7500000e+01;2.6336583e-01;7.7500000e+01;2.6266217e-01;7.7500000e+01;2.3588111e-01;7.7500000e+01;1.9208215e-01;7.7500000e+01;1.3862595e-01;7.7500000e+01;8.7346084e-02;7.7500000e+01;4.1854858e-02;7.7500000e+01;1.2771413e-04;7.7500000e+01;1.2388228e-02;7.7500000e+01;3.0650983e-02;7.7500000e+01;5.2904457e-02;7.7500000e+01;7.9919279e-02;7.7500000e+01;1.0849637e-01;7.7500000e+01;1.4227760e-01;7.7500000e+01;1.7912301e-01;7.7500000e+01;2.0801729e-01;7.7500000e+01;2.3118606e-01;7.7500000e+01;2.4928719e-01;7.7500000e+01;2.6336583e-01;7.7500000e+01;2.6266217e-01;7.7500000e+01;2.3588111e-01;7.7500000e+01;1.9208215e-01;7.7500000e+01;1.3862595e-01;7.7500000e+01;8.7346084e-02;7.7500000e+01;4.1854858e-02;7.7500000e+01;1.2771413e-04;7.7500000e+01;1.2388228e-02;7.7500000e+01;3.0650983e-02;7.7500000e+01;5.2904457e-02;7.7500000e+01;7.9919279e-02;7.7500000e+01;1.0849637e-01;7.7500000e+01;1.4227760e-01;7.7500000e+01;1.7912301e-01;7.7500000e+01;2.0801729e-01;7.7500000e+01;2.3118606e-01;7.7500000e+01;2.4928719e-01;7.7500000e+01;2.6336583e-01;7.7500000e+01;2.6266217e-01;7.7500000e+01;2.3588111e-01;7.7500000e+01;1.9208215e-01;7.7500000e+01;1.3862595e-01;7.7500000e+01;8.7346084e-02;7.7500000e+01;4.1854858e-02;7.7500000e+01;1.2771413e-04;7.7500000e+01;1.2388228e-02;7.7500000e+01;3.0650983e-02;7.7500000e+01;5.2904457e-02;7.7500000e+01;7.9919279e-02;7.7500000e+01;1.0849637e-01;7.7500000e+01;1.4227760e-01;7.7500000e+01;1.7912301e-01;7.7500000e+01;2.0801729e-01;7.7500000e+01;2.3118606e-01;7.7500000e+01;2.4928719e-01;7.7500000e+01;2.6336583e-01;7.7500000e+01;2.6266217e-01;7.7500000e+01;2.3588111e-01;7.7500000e+01;1.9208215e-01;7.7500000e+01;1.3862595e-01;7.7500000e+01;8.7346084e-02;7.7500000e+01;4.1854858e-02;7.7500000e+01;1.2771413e-04;7.7500000e+01;1.2388228e-02;7.7500000e+01;3.0650983e-02;7.7500000e+01;5.2904457e-02;7.7500000e+01;7.9919279e-02;7.7500000e+01;1.0849637e-01;7.7500000e+01;1.4227760e-01;7.7500000e+01;1.7912301e-01;7.7500000e+01;2.0801729e-01;7.7500000e+01;2.3118606e-01;7.7500000e+01;2.4928719e-01;7.7500000e+01;2.6336583e-01;7.7500000e+01;2.6266217e-01;7.7500000e+01;2.3588111e-01;7.7500000e+01;1.9208215e-01;7.7500000e+01;1.3862595e-01;7.7500000e+01;8.7346084e-02;7.7500000e+01;4.1854858e-02;7.7500000e+01;1.2771413e-04;7.7500000e+01;1.2388228e-02;7.7500000e+01;3.0650983e-02;7.7500000e+01;5.2904457e-02;7.7500000e+01;7.9919279e-02;7.7500000e+01;1.0849637e-01;7.7500000e+01;1.4227760e-01;7.7500000e+01;1.7912301e-01;7.7500000e+01;2.0801729e-01;7.7500000e+01;2.3118606e-01;7.7500000e+01;2.4928719e-01;7.7500000e+01;2.6336583e-01;7.7500000e+01;2.6266217e-01;7.7500000e+01;2.3588111e-01;7.7500000e+01;1.9208215e-01;7.7500000e+01;1.3862595e-01;7.7500000e+01;8.7346084e-02;7.7500000e+01;4.1854858e-02;7.7500000e+01;1.2771413e-04;7.7500000e+01;1.2388228e-02;7.7500000e+01;3.0650983e-02;7.7500000e+01;5.2904457e-02;7.7500000e+01;7.9919279e-02;7.7500000e+01;1.0849637e-01;7.7500000e+01;1.4227760e-01;7.7500000e+01;1.7912301e-01;7.7500000e+01;2.0801729e-01;7.7500000e+01;2.3118606e-01;7.7500000e+01;2.4928719e-01;7.7500000e+01;2.6336583e-01;7.7500000e+01;2.6266217e-01;7.7500000e+01;2.3588111e-01;7.7500000e+01;1.9208215e-01;7.7500000e+01;1.3862595e-01;7.7500000e+01;8.7346084e-02;7.7500000e+01;4.1854858e-02;7.7500000e+01;1.2771413e-04;7.7500000e+01;1.2388228e-02;7.7500000e+01;3.0650983e-02;7.7500000e+01;5.2904457e-02;7.7500000e+01;7.9919279e-02;7.7500000e+01;1.0849637e-01;7.7500000e+01;1.4227760e-01;7.7500000e+01;1.7912301e-01;7.7500000e+01;2.0801729e-01;7.7500000e+01;2.3118606e-01;7.7500000e+01;2.4928719e-01;7.7500000e+01;2.6336583e-01;7.7500000e+01;2.6266217e-01;7.7500000e+01;2.3588111e-01;7.7500000e+01;1.9208215e-01;7.7500000e+01;1.3862595e-01;7.7500000e+01;8.7346084e-02;7.7500000e+01;4.1854858e-02;7.7500000e+01;1.2771413e-04;7.7500000e+01;1.2388228e-02;7.7500000e+01;3.0650983e-02;7.7500000e+01;5.2904457e-02;7.7500000e+01;7.9919279e-02;7.7500000e+01;1.0849637e-01;7.7500000e+01;1.4227760e-01;7.7500000e+01;1.7912301e-01;7.7500000e+01;2.0801729e-01;7.7500000e+01;2.3118606e-01;7.7500000e+01;2.4928719e-01;7.7500000e+01;2.6336583e-01;7.7500000e+01;2.6266217e-01;7.7500000e+01;2.3588111e-01;7.7500000e+01;1.9208215e-01;7.7500000e+01;1.3862595e-01;7.7500000e+01;8.7346084e-02;7.7500000e+01;4.1854858e-02;7.7500000e+01;1.2771413e-04;7.7500000e+01;1.2388228e-02;7.7500000e+01;3.0650983e-02;7.7500000e+01;5.2904457e-02;7.7500000e+01;7.9919279e-02;7.7500000e+01;1.0849637e-01;7.7500000e+01;1.4227760e-01;7.7500000e+01;1.7912301e-01;7.7500000e+01;2.0801729e-01;7.7500000e+01;2.3118606e-01;7.7500000e+01;2.4928719e-01;7.7500000e+01;2.6336583e-01;7.7500000e+01;2.6266217e-01;7.7500000e+01;2.3588111e-01;7.7500000e+01;1.9208215e-01;7.7500000e+01;1.3862595e-01;7.7500000e+01;8.7346084e-02;7.7500000e+01;4.1854858e-02;7.7500000e+01;1.2771413e-04;7.7500000e+01;1.2388228e-02;7.7500000e+01;3.0650983e-02;7.7500000e+01;5.2904457e-02;7.7500000e+01;7.9919279e-02;7.7500000e+01;1.0849637e-01;7.7500000e+01;1.4227760e-01;7.7500000e+01;1.7912301e-01;7.7500000e+01;2.0801729e-01;7.7500000e+01;2.3118606e-01;7.7500000e+01;2.4928719e-01;7.7500000e+01;2.6336583e-01;7.7500000e+01;2.6266217e-01;7.7500000e+01;2.3588111e-01;7.7500000e+01;1.9208215e-01;7.7500000e+01;1.3862595e-01;7.7500000e+01;8.7346084e-02;7.7500000e+01;4.1854858e-02;7.7500000e+01;1.2771413e-04;7.7500000e+01;1.2388228e-02;7.7500000e+01;3.0650983e-02;7.7500000e+01;5.2904457e-02;7.7500000e+01;7.9919279e-02;7.7500000e+01;1.0849637e-01;7.7500000e+01;1.4227760e-01;7.7500000e+01;1.7912301e-01;7.7500000e+01;2.0801729e-01;7.7500000e+01;2.3118606e-01;7.7500000e+01;2.4928719e-01;7.7500000e+01;2.6336583e-01;7.7500000e+01;2.6266217e-01;7.7500000e+01;2.3588111e-01;7.7500000e+01;1.9208215e-01;7.7500000e+01;1.3862595e-01;7.7500000e+01;8.7346084e-02;7.7500000e+01;4.1854858e-02;7.7500000e+01;1.2771413e-04;7.7500000e+01;1.2388228e-02;7.7500000e+01;3.0650983e-02;7.7500000e+01;5.2904457e-02;7.7500000e+01;7.9919279e-02;7.7500000e+01;1.0849637e-01;7.7500000e+01;1.4227760e-01;7.7500000e+01;1.7912301e-01;7.7500000e+01;2.0801729e-01;7.7500000e+01;2.3118606e-01;7.7500000e+01;2.4928719e-01;7.7500000e+01;2.6336583e-01;7.7500000e+01;2.6266217e-01;7.7500000e+01;2.3588111e-01;7.7500000e+01;1.9208215e-01;7.7500000e+01;1.3862595e-01;7.7500000e+01;8.7346084e-02;7.7500000e+01;4.1854858e-02;7.7500000e+01;1.2771413e-04;7.7500000e+01;1.2388228e-02;7.7500000e+01;3.0650983e-02;7.7500000e+01;5.2904457e-02;7.7500000e+01;7.9919279e-02;7.7500000e+01;1.0849637e-01;7.7500000e+01;1.4227760e-01;7.7500000e+01;1.7912301e-01;7.7500000e+01;2.0801729e-01;7.7500000e+01;2.3118606e-01;7.7500000e+01;2.4928719e-01;7.7500000e+01;2.6336583e-01;7.7500000e+01;2.6266217e-01;7.7500000e+01;2.3588111e-01;7.7500000e+01;1.9208215e-01;7.7500000e+01;1.3862595e-01;7.7500000e+01;8.7346084e-02;7.7500000e+01;4.1854858e-02;7.7500000e+01;1.2771413e-04;7.7500000e+01;1.2388228e-02;7.7500000e+01;3.0650983e-02;7.7500000e+01;5.2904457e-02;7.7500000e+01;7.9919279e-02;7.7500000e+01;1.0849637e-01;7.7500000e+01;1.4227760e-01;7.7500000e+01;1.7912301e-01;7.7500000e+01;2.0801729e-01;7.7500000e+01;2.3118606e-01;7.7500000e+01;2.4928719e-01;7.7500000e+01;2.6336583e-01;7.7500000e+01;2.6266217e-01;7.7500000e+01;2.3588111e-01;7.7500000e+01;1.9208215e-01;7.7500000e+01;1.3862595e-01;7.7500000e+01;8.7346084e-02;7.7500000e+01;4.1854858e-02;7.7500000e+01;1.2771413e-04;7.7500000e+01;1.2388228e-02;7.7500000e+01;3.0650983e-02;7.7500000e+01;5.2904457e-02;7.7500000e+01;7.9919279e-02;7.7500000e+01;1.0849637e-01;7.7500000e+01;1.4227760e-01;7.7500000e+01;1.7912301e-01;7.7500000e+01;2.0801729e-01;7.7500000e+01;2.3118606e-01;7.7500000e+01;2.4928719e-01;7.7500000e+01;2.6336583e-01;7.7500000e+01;2.6266217e-01;7.7500000e+01;2.3588111e-01;7.7500000e+01;1.9208215e-01;7.7500000e+01;1.3862595e-01;7.7500000e+01;8.7346084e-02;7.7500000e+01;4.1854858e-02;7.7500000e+01;1.2771413e-04;7.7500000e+01;1.2388228e-02;7.7500000e+01;3.0650983e-02;7.7500000e+01;5.2904457e-02;7.7500000e+01;7.9919279e-02;7.7500000e+01;1.0849637e-01;7.7500000e+01;1.4227760e-01;7.7500000e+01;1.7912301e-01;7.7500000e+01;2.0801729e-01;7.7500000e+01;2.3118606e-01;7.7500000e+01;2.4928719e-01;7.7500000e+01;2.6336583e-01;7.7500000e+01;2.6266217e-01;7.7500000e+01;2.3588111e-01;7.7500000e+01;1.9208215e-01;7.7500000e+01;1.3862595e-01;7.7500000e+01;8.7346084e-02;7.7500000e+01;4.1854858e-02;7.7500000e+01;1.2771413e-04;7.7500000e+01;1.2388228e-02;7.7500000e+01;3.0650983e-02;7.7500000e+01;5.2904457e-02;7.7500000e+01;7.9919279e-02;7.7500000e+01;1.0849637e-01;7.7500000e+01;1.4227760e-01;7.7500000e+01;1.7912301e-01;7.7500000e+01;2.0801729e-01;7.7500000e+01;2.3118606e-01;7.7500000e+01;2.4928719e-01;7.7500000e+01;2.6336583e-01;7.7500000e+01;2.6266217e-01;7.7500000e+01;2.3588111e-01;7.7500000e+01;1.9208215e-01;7.7500000e+01;1.3862595e-01;7.7500000e+01;8.7346084e-02;7.7500000e+01;4.1854858e-02;7.7500000e+01;1.2771413e-04;7.7500000e+01;1.2388228e-02;7.7500000e+01;3.0650983e-02;7.7500000e+01;5.2904457e-02;7.7500000e+01;7.9919279e-02;7.7500000e+01;1.0849637e-01;7.7500000e+01;1.4227760e-01;7.7500000e+01;1.7912301e-01;7.7500000e+01;2.0801729e-01;7.7500000e+01;2.3118606e-01;7.7500000e+01;2.4928719e-01;7.7500000e+01;2.6336583e-01;7.7500000e+01;2.6266217e-01;7.7500000e+01;2.3588111e-01;7.7500000e+01;1.9208215e-01;7.7500000e+01;1.3862595e-01;7.7500000e+01;8.7346084e-02;7.7500000e+01;4.1854858e-02;7.7500000e+01;1.2771413e-04;7.7500000e+01;1.2388228e-02;7.7500000e+01;3.0650983e-02;7.7500000e+01;5.2904457e-02;7.7500000e+01;7.9919279e-02;7.7500000e+01;1.0849637e-01;7.7500000e+01;1.4227760e-01;7.7500000e+01;1.7912301e-01;7.7500000e+01;2.0801729e-01;7.7500000e+01;2.3118606e-01;7.7500000e+01;2.4928719e-01;7.7500000e+01;2.6336583e-01;7.7500000e+01;2.6266217e-01;7.7500000e+01;2.3588111e-01;7.7500000e+01;1.9208215e-01;7.7500000e+01;1.3862595e-01;7.7500000e+01;8.7346084e-02;7.7500000e+01;4.1854858e-02;7.7500000e+01;1.2771413e-04;7.7500000e+01;1.2388228e-02;7.7500000e+01;3.0650983e-02;7.7500000e+01;5.2904457e-02;7.7500000e+01;7.9919279e-02;7.7500000e+01;1.0849637e-01;7.7500000e+01;1.4227760e-01;7.7500000e+01;1.7912301e-01;7.7500000e+01;2.0801729e-01;7.7500000e+01;2.3118606e-01;7.7500000e+01;2.4928719e-01;7.7500000e+01;2.6336583e-01;7.7500000e+01;2.6266217e-01;7.7500000e+01;2.3588111e-01;7.7500000e+01;1.9208215e-01;7.7500000e+01;1.3862595e-01;7.7500000e+01;8.7346084e-02;7.7500000e+01;4.1854858e-02;7.7500000e+01;1.2771413e-04;7.7500000e+01;1.2388228e-02;7.7500000e+01;3.0650983e-02;7.7500000e+01;5.2904457e-02;7.7500000e+01;7.9919279e-02;7.7500000e+01;1.0849637e-01;7.7500000e+01;1.4227760e-01;7.7500000e+01;1.7912301e-01;7.7500000e+01;2.0801729e-01;7.7500000e+01;2.3118606e-01;7.7500000e+01;2.4928719e-01;7.7500000e+01;2.6336583e-01;7.7500000e+01;2.6266217e-01;7.7500000e+01;2.3588111e-01;7.7500000e+01;1.9208215e-01;7.7500000e+01;1.3862595e-01;7.7500000e+01;8.7346084e-02;7.7500000e+01;4.1854858e-02;7.7500000e+01;1.2771413e-04;7.7500000e+01;1.2388228e-02;7.7500000e+01;3.0650983e-02;7.7500000e+01;5.2904457e-02;7.7500000e+01;7.9919279e-02;7.7500000e+01;1.0849637e-01;7.7500000e+01;1.4227760e-01;7.7500000e+01;1.7912301e-01;7.7500000e+01;2.0801729e-01;7.7500000e+01;2.3118606e-01;7.7500000e+01;2.4928719e-01;7.7500000e+01;2.6336583e-01;7.7500000e+01;2.6266217e-01;7.7500000e+01;2.3588111e-01;7.7500000e+01;1.9208215e-01;7.7500000e+01;1.3862595e-01;7.7500000e+01;8.7346084e-02;7.7500000e+01;4.1854858e-02;7.7500000e+01;1.2771413e-04;7.7500000e+01;1.2388228e-02;7.7500000e+01;3.0650983e-02;7.7500000e+01;5.2904457e-02;7.7500000e+01;7.9919279e-02;7.7500000e+01;1.0849637e-01;7.7500000e+01;1.4227760e-01;7.7500000e+01;1.7912301e-01;7.7500000e+01;2.0801729e-01;7.7500000e+01;2.3118606e-01;7.7500000e+01;2.4928719e-01;7.7500000e+01;2.6336583e-01;7.7500000e+01;2.6266217e-01;7.7500000e+01;2.3588111e-01;7.7500000e+01;1.9208215e-01;7.7500000e+01;1.3862595e-01;7.7500000e+01;8.7346084e-02;7.7500000e+01;4.1854858e-02;7.7500000e+01;1.2771413e-04;7.7500000e+01;1.2388228e-02;7.7500000e+01;3.0650983e-02;7.7500000e+01;5.2904457e-02;7.7500000e+01;7.9919279e-02;7.7500000e+01;1.0849637e-01;7.7500000e+01;1.4227760e-01;7.7500000e+01;1.7912301e-01;7.7500000e+01;2.0801729e-01;7.7500000e+01;2.3118606e-01;7.7500000e+01;2.4928719e-01;7.7500000e+01;2.6336583e-01;7.7500000e+01;2.6266217e-01;7.7500000e+01;2.3588111e-01;7.7500000e+01;1.9208215e-01;7.7500000e+01;1.3862595e-01;7.7500000e+01;8.7346084e-02;7.7500000e+01;4.1854858e-02;7.7500000e+01;1.2771413e-04;7.7500000e+01;1.2388228e-02;7.7500000e+01;3.0650983e-02;7.7500000e+01;5.2904457e-02;7.7500000e+01;7.9919279e-02;7.7500000e+01;1.0849637e-01;7.7500000e+01;1.4227760e-01;7.7500000e+01;1.7912301e-01;7.7500000e+01;2.0801729e-01;7.7500000e+01;2.3118606e-01;7.7500000e+01;2.4928719e-01;7.7500000e+01;2.6336583e-01;7.7500000e+01;2.6266217e-01;7.7500000e+01;2.3588111e-01;7.7500000e+01;1.9208215e-01;7.7500000e+01;1.3862595e-01;7.7500000e+01;8.7346084e-02;7.7500000e+01;4.1854858e-02;7.7500000e+01;1.2771413e-04;7.7500000e+01;1.2388228e-02;7.7500000e+01;3.0650983e-02;7.7500000e+01;5.2904457e-02;7.7500000e+01;7.9919279e-02;7.7500000e+01;1.0849637e-01;7.7500000e+01;1.4227760e-01;7.7500000e+01;1.7912301e-01;7.7500000e+01;2.0801729e-01;7.7500000e+01;2.3118606e-01;7.7500000e+01;2.4928719e-01;7.7500000e+01;2.6336583e-01;7.7500000e+01;2.6266217e-01;7.7500000e+01;2.3588111e-01;7.7500000e+01;1.9208215e-01;7.7500000e+01;1.3862595e-01;7.7500000e+01;8.7346084e-02;7.7500000e+01;4.1854858e-02;7.7500000e+01;1.2771413e-04;7.7500000e+01;1.2388228e-02;7.7500000e+01;3.0650983e-02;7.7500000e+01;5.2904457e-02;7.7500000e+01;7.9919279e-02;7.7500000e+01;1.0849637e-01;7.7500000e+01;1.4227760e-01;7.7500000e+01;1.7912301e-01;7.7500000e+01;2.0801729e-01;7.7500000e+01;2.3118606e-01;7.7500000e+01;2.4928719e-01;7.7500000e+01;2.6336583e-01;7.7500000e+01;2.6266217e-01;7.7500000e+01;2.3588111e-01;7.7500000e+01;1.9208215e-01;7.7500000e+01;1.3862595e-01;7.7500000e+01;8.7346084e-02;7.7500000e+01;4.1854858e-02;7.7500000e+01;1.2771413e-04;7.7500000e+01;1.2388228e-02;7.7500000e+01;3.0650983e-02;7.7500000e+01;5.2904457e-02;7.7500000e+01;7.9919279e-02;7.7500000e+01;1.0849637e-01;7.7500000e+01;1.4227760e-01;7.7500000e+01;1.7912301e-01;7.7500000e+01;2.0801729e-01;7.7500000e+01;2.3118606e-01;7.7500000e+01;2.4928719e-01;7.7500000e+01;2.6336583e-01;7.7500000e+01;2.6266217e-01;7.7500000e+01;2.3588111e-01;7.7500000e+01;1.9208215e-01;7.7500000e+01;1.3862595e-01;7.7500000e+01;8.7346084e-02;7.7500000e+01;4.1854858e-02;7.7500000e+01;1.2771413e-04;7.7500000e+01;1.2388228e-02;7.7500000e+01;3.0650983e-02;7.7500000e+01;5.2904457e-02;7.7500000e+01;7.9919279e-02;7.7500000e+01;1.0849637e-01;7.7500000e+01;1.4227760e-01;7.7500000e+01;1.7912301e-01;7.7500000e+01;2.0801729e-01;7.7500000e+01;2.3118606e-01;7.7500000e+01;2.4928719e-01;7.7500000e+01;2.6336583e-01;7.7500000e+01;2.6266217e-01;7.7500000e+01;2.3588111e-01;7.7500000e+01;1.9208215e-01;7.7500000e+01;1.3862595e-01;7.7500000e+01;8.7346084e-02;7.7500000e+01;4.1854858e-02;7.7500000e+01;1.2771413e-04;7.7500000e+01;1.2388228e-02;7.7500000e+01;3.0650983e-02;7.7500000e+01;5.2904457e-02;7.7500000e+01;7.9919279e-02;7.7500000e+01;1.0849637e-01;7.7500000e+01;1.4227760e-01;7.7500000e+01;1.7912301e-01;7.7500000e+01;2.0801729e-01;7.7500000e+01;2.3118606e-01;7.7500000e+01;2.4928719e-01;7.7500000e+01;2.6336583e-01;7.7500000e+01;2.6266217e-01;7.7500000e+01;2.3588111e-01;7.7500000e+01;1.9208215e-01;7.7500000e+01;1.3862595e-01;7.7500000e+01;8.7346084e-02;7.7500000e+01;4.1854858e-02;7.7500000e+01;1.2771413e-04;7.7500000e+01;1.2388228e-02;7.7500000e+01;3.0650983e-02;7.7500000e+01;5.2904457e-02;7.7500000e+01;7.9919279e-02;7.7500000e+01;1.0849637e-01;7.7500000e+01;1.4227760e-01;7.7500000e+01;1.7912301e-01;7.7500000e+01;2.0801729e-01;7.7500000e+01;2.3118606e-01;7.7500000e+01;2.4928719e-01;7.7500000e+01;2.6336583e-01;7.7500000e+01;2.6266217e-01;7.7500000e+01;2.3588111e-01;7.7500000e+01;1.9208215e-01;7.7500000e+01;1.3862595e-01;7.7500000e+01;8.7346084e-02;7.7500000e+01;4.1854858e-02;7.7500000e+01;1.2771413e-04;7.7500000e+01;1.2388228e-02;7.7500000e+01;3.0650983e-02;7.7500000e+01;5.2904457e-02;7.7500000e+01;7.9919279e-02;7.7500000e+01;1.0849637e-01;7.7500000e+01;1.4227760e-01;7.7500000e+01;1.7912301e-01;7.7500000e+01;2.0801729e-01;7.7500000e+01;2.3118606e-01;7.7500000e+01;2.4928719e-01;7.7500000e+01;2.6336583e-01;7.7500000e+01;2.6266217e-01;7.7500000e+01;2.3588111e-01;7.7500000e+01;1.9208215e-01;7.7500000e+01;1.3862595e-01;7.7500000e+01;8.7346084e-02;7.7500000e+01;4.1854858e-02;7.7500000e+01;1.2771413e-04;7.7500000e+01;1.2388228e-02;7.7500000e+01;3.0650983e-02;7.7500000e+01;5.2904457e-02;7.7500000e+01;7.9919279e-02;7.7500000e+01;1.0849637e-01;7.7500000e+01;1.4227760e-01;7.7500000e+01;1.7912301e-01;7.7500000e+01;2.0801729e-01;7.7500000e+01;2.3118606e-01;7.7500000e+01;2.4928719e-01;7.7500000e+01;2.6336583e-01;7.7500000e+01;2.6266217e-01;7.7500000e+01;2.3588111e-01;7.7500000e+01;1.9208215e-01;7.7500000e+01;1.3862595e-01;7.7500000e+01;8.7346084e-02;7.7500000e+01;4.1854858e-02;7.7500000e+01;1.2771413e-04;7.7500000e+01;1.2388228e-02;7.7500000e+01;3.0650983e-02;7.7500000e+01;5.2904457e-02;7.7500000e+01;7.9919279e-02;7.7500000e+01;1.0849637e-01;7.7500000e+01;1.4227760e-01;7.7500000e+01;1.7912301e-01;7.7500000e+01;2.0801729e-01;7.7500000e+01;2.3118606e-01;7.7500000e+01;2.4928719e-01;7.7500000e+01;2.6336583e-01;7.7500000e+01;2.6266217e-01;7.7500000e+01;2.3588111e-01;7.7500000e+01;1.9208215e-01;7.7500000e+01;1.3862595e-01;7.7500000e+01;8.7346084e-02;7.7500000e+01;4.1854858e-02;7.7500000e+01;1.2771413e-04;7.7500000e+01;1.2388228e-02;7.7500000e+01;3.0650983e-02;7.7500000e+01;5.2904457e-02;7.7500000e+01;7.9919279e-02;7.7500000e+01;1.0849637e-01;7.7500000e+01;1.4227760e-01;7.7500000e+01;1.7912301e-01;7.7500000e+01;2.0801729e-01;7.7500000e+01;2.3118606e-01;7.7500000e+01;2.4928719e-01;7.7500000e+01;2.6336583e-01;7.7500000e+01;2.6266217e-01;7.7500000e+01;2.3588111e-01;7.7500000e+01;1.9208215e-01;7.7500000e+01;1.3862595e-01;7.7500000e+01;8.7346084e-02;7.7500000e+01;4.1854858e-02;7.7500000e+01;1.2771413e-04;7.7500000e+01;1.2388228e-02;7.7500000e+01;3.0650983e-02;7.7500000e+01;5.2904457e-02;7.7500000e+01;7.9919279e-02;7.7500000e+01;1.0849637e-01;7.7500000e+01;1.4227760e-01;7.7500000e+01;1.7912301e-01;7.7500000e+01;2.0801729e-01;7.7500000e+01;2.3118606e-01;7.7500000e+01;2.4928719e-01;7.7500000e+01;2.6336583e-01;7.7500000e+01;2.6266217e-01;7.7500000e+01;2.3588111e-01;7.7500000e+01;1.9208215e-01;7.7500000e+01;1.3862595e-01;7.7500000e+01;8.7346084e-02;7.7500000e+01;4.1854858e-02;7.7500000e+01;1.2771413e-04;7.7500000e+01;1.2388228e-02;7.7500000e+01;3.0650983e-02;7.7500000e+01;5.2904457e-02;7.7500000e+01;7.9919279e-02;7.7500000e+01;1.0849637e-01;7.7500000e+01;1.4227760e-01;7.7500000e+01;1.7912301e-01;7.7500000e+01;2.0801729e-01;7.7500000e+01;2.3118606e-01;7.7500000e+01;2.4928719e-01;7.7500000e+01;2.6336583e-01;7.7500000e+01;2.6266217e-01;7.7500000e+01;2.3588111e-01;7.7500000e+01;1.9208215e-01;7.7500000e+01;1.3862595e-01;7.7500000e+01;8.7346084e-02;7.7500000e+01;4.1854858e-02;7.7500000e+01;1.2771413e-04;7.7500000e+01;1.2388228e-02;7.7500000e+01;3.0650983e-02;7.7500000e+01;5.2904457e-02;7.7500000e+01;7.9919279e-02;7.7500000e+01;1.0849637e-01;7.7500000e+01;1.4227760e-01;7.7500000e+01;1.7912301e-01;7.7500000e+01;2.0801729e-01;7.7500000e+01;2.3118606e-01;7.7500000e+01;2.4928719e-01;7.7500000e+01;2.6336583e-01;7.7500000e+01;2.6266217e-01;7.7500000e+01;2.3588111e-01;7.7500000e+01;1.9208215e-01;7.7500000e+01;1.3862595e-01;7.7500000e+01;8.7346084e-02;7.7500000e+01;4.1854858e-02;7.7500000e+01;1.2771413e-04;7.7500000e+01;1.2388228e-02;7.7500000e+01;3.0650983e-02;7.7500000e+01;5.2904457e-02;7.7500000e+01;7.9919279e-02;7.7500000e+01;1.0849637e-01;7.7500000e+01;1.4227760e-01;7.7500000e+01;1.7912301e-01;7.7500000e+01;2.0801729e-01;7.7500000e+01;2.3118606e-01;7.7500000e+01;2.4928719e-01;7.7500000e+01;2.6336583e-01;7.7500000e+01;2.6266217e-01;7.7500000e+01;2.3588111e-01;7.7500000e+01;1.9208215e-01;7.7500000e+01;1.3862595e-01;7.7500000e+01;8.7346084e-02;7.7500000e+01;4.1854858e-02;7.7500000e+01;1.2771413e-04;7.7500000e+01;1.2388228e-02;7.7500000e+01;3.0650983e-02;7.7500000e+01;5.2904457e-02;7.7500000e+01;7.9919279e-02;7.7500000e+01;1.0849637e-01;7.7500000e+01;1.4227760e-01;7.7500000e+01;1.7912301e-01;7.7500000e+01;2.0801729e-01;7.7500000e+01;2.3118606e-01;7.7500000e+01;2.4928719e-01;7.7500000e+01;2.6336583e-01;7.7500000e+01;2.6266217e-01;7.7500000e+01;2.3588111e-01;7.7500000e+01;1.9208215e-01;7.7500000e+01;1.3862595e-01;7.7500000e+01;8.7346084e-02;7.7500000e+01;4.1854858e-02;7.7500000e+01;1.2771413e-04;7.7500000e+01;1.2388228e-02;7.7500000e+01;3.0650983e-02;7.7500000e+01;5.2904457e-02;7.7500000e+01;7.9919279e-02;7.7500000e+01;1.0849637e-01;7.7500000e+01;1.4227760e-01;7.7500000e+01;1.7912301e-01;7.7500000e+01;2.0801729e-01;7.7500000e+01;2.3118606e-01;7.7500000e+01;2.4928719e-01;7.7500000e+01;2.6336583e-01;7.7500000e+01;2.6266217e-01;7.7500000e+01;2.3588111e-01;7.7500000e+01;1.9208215e-01;7.7500000e+01;1.3862595e-01;7.7500000e+01;8.7346084e-02;7.7500000e+01;4.1854858e-02;7.7500000e+01;1.2771413e-04;7.7500000e+01;1.2388228e-02;7.7500000e+01;3.0650983e-02;7.7500000e+01;5.2904457e-02;7.7500000e+01;7.9919279e-02;7.7500000e+01;1.0849637e-01;7.7500000e+01;1.4227760e-01;7.7500000e+01;1.7912301e-01;7.7500000e+01;2.0801729e-01;7.7500000e+01;2.3118606e-01;7.7500000e+01;2.4928719e-01;7.7500000e+01;2.6336583e-01;7.7500000e+01;2.6266217e-01;7.7500000e+01;2.3588111e-01;7.7500000e+01;1.9208215e-01;7.7500000e+01;1.3862595e-01;7.7500000e+01;8.7346084e-02;7.7500000e+01;4.1854858e-02;7.7500000e+01;1.2771413e-04;7.7500000e+01;1.2388228e-02;7.7500000e+01;3.0650983e-02;7.7500000e+01;5.2904457e-02;7.7500000e+01;7.9919279e-02;7.7500000e+01;1.0849637e-01;7.7500000e+01;1.4227760e-01;7.7500000e+01;1.7912301e-01;7.7500000e+01;2.0801729e-01;7.7500000e+01;2.3118606e-01;7.7500000e+01;2.4928719e-01;7.7500000e+01;2.6336583e-01;7.7500000e+01;2.6266217e-01;7.7500000e+01;2.3588111e-01;7.7500000e+01;1.9208215e-01;7.7500000e+01;1.3862595e-01;7.7500000e+01;8.7346084e-02;7.7500000e+01;4.1854858e-02;7.7500000e+01;1.2771413e-04;7.7500000e+01;1.2388228e-02;7.7500000e+01;3.0650983e-02;7.7500000e+01;5.2904457e-02;7.7500000e+01;7.9919279e-02;7.7500000e+01;1.0849637e-01;7.7500000e+01;1.4227760e-01;7.7500000e+01;1.7912301e-01;7.7500000e+01;2.0801729e-01;7.7500000e+01;2.3118606e-01;7.7500000e+01;2.4928719e-01;7.7500000e+01;2.6336583e-01;7.7500000e+01;2.6266217e-01;7.7500000e+01;2.3588111e-01;7.7500000e+01;1.9208215e-01;7.7500000e+01;1.3862595e-01;7.7500000e+01;8.7346084e-02;7.7500000e+01;4.1854858e-02;7.7500000e+01;1.2771413e-04;7.7500000e+01;1.2388228e-02;7.7500000e+01;3.0650983e-02;7.7500000e+01;5.2904457e-02;7.7500000e+01;7.9919279e-02;7.7500000e+01;1.0849637e-01;7.7500000e+01;1.4227760e-01;7.7500000e+01;1.7912301e-01;7.7500000e+01;2.0801729e-01;7.7500000e+01;2.3118606e-01;7.7500000e+01;2.4928719e-01;7.7500000e+01;2.6336583e-01;7.7500000e+01;2.6266217e-01;7.7500000e+01;2.3588111e-01;7.7500000e+01;1.9208215e-01;7.7500000e+01;1.3862595e-01;7.7500000e+01;8.7346084e-02;7.7500000e+01;4.1854858e-02;7.7500000e+01;1.2771413e-04;7.7500000e+01;1.2388228e-02;7.7500000e+01;3.0650983e-02;7.7500000e+01;5.2904457e-02;7.7500000e+01;7.9919279e-02;7.7500000e+01;1.0849637e-01;7.7500000e+01;1.4227760e-01;7.7500000e+01;1.7912301e-01;7.7500000e+01;2.0801729e-01;7.7500000e+01;2.3118606e-01;7.7500000e+01;2.4928719e-01;7.7500000e+01;2.6336583e-01;7.7500000e+01;2.6266217e-01;7.7500000e+01;2.3588111e-01;7.7500000e+01;1.9208215e-01;7.7500000e+01;1.3862595e-01;7.7500000e+01;8.7346084e-02;7.7500000e+01;4.1854858e-02;7.7500000e+01;1.2771413e-04;7.7500000e+01;1.2388228e-02;7.7500000e+01;3.0650983e-02;7.7500000e+01;5.2904457e-02;7.7500000e+01;7.9919279e-02;7.7500000e+01;1.0849637e-01;7.7500000e+01;1.4227760e-01;7.7500000e+01;1.7912301e-01;7.7500000e+01;2.0801729e-01;7.7500000e+01;2.3118606e-01;7.7500000e+01;2.4928719e-01;7.7500000e+01;2.6336583e-01;7.7500000e+01;2.6266217e-01;7.7500000e+01;2.3588111e-01;7.7500000e+01;1.9208215e-01;7.7500000e+01;1.3862595e-01;7.7500000e+01;8.7346084e-02;7.7500000e+01;4.1854858e-02;7.7500000e+01;1.2771413e-04;7.7500000e+01;1.2388228e-02;7.7500000e+01;3.0650983e-02;7.7500000e+01;5.2904457e-02;7.7500000e+01;7.9919279e-02;7.7500000e+01;1.0849637e-01;7.7500000e+01;1.4227760e-01;7.7500000e+01;1.7912301e-01;7.7500000e+01;2.0801729e-01;7.7500000e+01;2.3118606e-01;7.7500000e+01;2.4928719e-01;7.7500000e+01;2.6336583e-01;7.7500000e+01;2.6266217e-01;7.7500000e+01;2.3588111e-01;7.7500000e+01;1.9208215e-01;7.7500000e+01;1.3862595e-01;7.7500000e+01;8.7346084e-02;7.7500000e+01;4.1854858e-02;7.7500000e+01;1.2771413e-04;7.7500000e+01;1.2388228e-02;7.7500000e+01;3.0650983e-02;7.7500000e+01;5.2904457e-02;7.7500000e+01;7.9919279e-02;7.7500000e+01;1.0849637e-01;7.7500000e+01;1.4227760e-01;7.7500000e+01;1.7912301e-01;7.7500000e+01;2.0801729e-01;7.7500000e+01;2.3118606e-01;7.7500000e+01;2.4928719e-01;7.7500000e+01;2.6336583e-01;7.7500000e+01;2.6266217e-01;7.7500000e+01;2.3588111e-01;7.7500000e+01;1.9208215e-01;7.7500000e+01;1.3862595e-01;7.7500000e+01;8.7346084e-02;7.7500000e+01;4.1854858e-02;7.7500000e+01;1.2771413e-04;7.7500000e+01;1.2388228e-02;7.7500000e+01;3.0650983e-02;7.7500000e+01;5.2904457e-02;7.7500000e+01;7.9919279e-02;7.7500000e+01;1.0849637e-01;7.7500000e+01;1.4227760e-01;7.7500000e+01;1.7912301e-01;7.7500000e+01;2.0801729e-01;7.7500000e+01;2.3118606e-01;7.7500000e+01;2.4928719e-01;7.7500000e+01;2.6336583e-01;7.7500000e+01;2.6266217e-01;7.7500000e+01;2.3588111e-01;7.7500000e+01;1.9208215e-01;7.7500000e+01;1.3862595e-01;7.7500000e+01;8.7346084e-02;7.7500000e+01;4.1854858e-02;7.7500000e+01;1.2771413e-04;7.7500000e+01;1.2388228e-02;7.7500000e+01;3.0650983e-02;7.7500000e+01;5.2904457e-02;7.7500000e+01;7.9919279e-02;7.7500000e+01;1.0849637e-01;7.7500000e+01;1.4227760e-01;7.7500000e+01;1.7912301e-01;7.7500000e+01;2.0801729e-01;7.7500000e+01;2.3118606e-01;7.7500000e+01;2.4928719e-01;7.7500000e+01;2.6336583e-01;7.7500000e+01;2.6266217e-01;7.7500000e+01;2.3588111e-01;7.7500000e+01;1.9208215e-01;7.7500000e+01;1.3862595e-01;7.7500000e+01;8.7346084e-02;7.7500000e+01;4.1854858e-02;7.7500000e+01;1.2771413e-04;7.7500000e+01;1.2388228e-02;7.7500000e+01;3.0650983e-02;7.7500000e+01;5.2904457e-02;7.7500000e+01;7.9919279e-02;7.7500000e+01;1.0849637e-01;7.7500000e+01;1.4227760e-01;7.7500000e+01;1.7912301e-01;7.7500000e+01;2.0801729e-01;7.7500000e+01;2.3118606e-01;7.7500000e+01;2.4928719e-01;7.7500000e+01;2.6336583e-01;7.7500000e+01;2.6266217e-01;7.7500000e+01;2.3588111e-01;7.7500000e+01;1.9208215e-01;7.7500000e+01;1.3862595e-01;7.7500000e+01;8.7346084e-02;7.7500000e+01;4.1854858e-02;7.7500000e+01;1.2771413e-04;7.7500000e+01;1.2388228e-02;7.7500000e+01;3.0650983e-02;7.7500000e+01;5.2904457e-02;7.7500000e+01;7.9919279e-02;7.7500000e+01;1.0849637e-01;7.7500000e+01;1.4227760e-01;7.7500000e+01;1.7912301e-01;7.7500000e+01;2.0801729e-01;7.7500000e+01;2.3118606e-01;7.7500000e+01;2.4928719e-01;7.7500000e+01;2.6336583e-01;7.7500000e+01;2.6266217e-01;7.7500000e+01;2.3588111e-01;7.7500000e+01;1.9208215e-01;7.7500000e+01;1.3862595e-01;7.7500000e+01;8.7346084e-02;7.7500000e+01;4.1854858e-02;7.7500000e+01;1.2771413e-04;7.7500000e+01;1.2388228e-02;7.7500000e+01;3.0650983e-02;7.7500000e+01;5.2904457e-02;7.7500000e+01;7.9919279e-02;7.7500000e+01;1.0849637e-01;7.7500000e+01;1.4227760e-01;7.7500000e+01;1.7912301e-01;7.7500000e+01;2.0801729e-01;7.7500000e+01;2.3118606e-01;7.7500000e+01;2.4928719e-01;7.7500000e+01;2.6336583e-01;7.7500000e+01;2.6266217e-01;7.7500000e+01;2.3588111e-01;7.7500000e+01;1.9208215e-01;7.7500000e+01;1.3862595e-01;7.7500000e+01;8.7346084e-02;7.7500000e+01;4.1854858e-02;7.7500000e+01;1.2771413e-04;7.7500000e+01;1.2388228e-02;7.7500000e+01;3.0650983e-02;7.7500000e+01;5.2904457e-02;7.7500000e+01;7.9919279e-02;7.7500000e+01;1.0849637e-01;7.7500000e+01;1.4227760e-01;7.7500000e+01;1.7912301e-01;7.7500000e+01;2.0801729e-01;7.7500000e+01;2.3118606e-01;7.7500000e+01;2.4928719e-01;7.7500000e+01;2.6336583e-01;7.7500000e+01;2.6266217e-01;7.7500000e+01;2.3588111e-01;7.7500000e+01;1.9208215e-01;7.7500000e+01;1.3862595e-01;7.7500000e+01;8.7346084e-02;7.7500000e+01;4.1854858e-02;7.7500000e+01;1.2771413e-04;7.7500000e+01;1.2388228e-02;7.7500000e+01;3.0650983e-02;7.7500000e+01;5.2904457e-02;7.7500000e+01;7.9919279e-02;7.7500000e+01;1.0849637e-01;7.7500000e+01;1.4227760e-01;7.7500000e+01;1.7912301e-01;7.7500000e+01;2.0801729e-01;7.7500000e+01;2.3118606e-01;7.7500000e+01;2.4928719e-01;7.7500000e+01;2.6336583e-01;7.7500000e+01;2.6266217e-01;7.7500000e+01;2.3588111e-01;7.7500000e+01;1.9208215e-01;7.7500000e+01;1.3862595e-01;7.7500000e+01;8.7346084e-02;7.7500000e+01;4.1854858e-02;7.7500000e+01;1.2771413e-04;7.7500000e+01;1.2388228e-02;7.7500000e+01;3.0650983e-02;7.7500000e+01;5.2904457e-02;7.7500000e+01;7.9919279e-02;7.7500000e+01;1.0849637e-01;7.7500000e+01;1.4227760e-01;7.7500000e+01;1.7912301e-01;7.7500000e+01;2.0801729e-01;7.7500000e+01;2.3118606e-01;7.7500000e+01;2.4928719e-01;7.7500000e+01;2.6336583e-01;7.7500000e+01;2.6266217e-01;7.7500000e+01;2.3588111e-01;7.7500000e+01;1.9208215e-01;7.7500000e+01;1.3862595e-01;7.7500000e+01;8.7346084e-02;7.7500000e+01;4.1854858e-02;7.7500000e+01;1.2771413e-04;7.7500000e+01;1.2388228e-02;7.7500000e+01;3.0650983e-02;7.7500000e+01;5.2904457e-02;7.7500000e+01;7.9919279e-02;7.7500000e+01;1.0849637e-01;7.7500000e+01;1.4227760e-01;7.7500000e+01;1.7912301e-01;7.7500000e+01;2.0801729e-01;7.7500000e+01;2.3118606e-01;7.7500000e+01;2.4928719e-01;7.7500000e+01;2.6336583e-01;7.7500000e+01;2.6266217e-01;7.7500000e+01;2.3588111e-01;7.7500000e+01;1.9208215e-01;7.7500000e+01;1.3862595e-01;7.7500000e+01;8.7346084e-02;7.7500000e+01;4.1854858e-02;7.7500000e+01;1.2771413e-04;7.7500000e+01;1.2388228e-02;7.7500000e+01;3.0650983e-02;7.7500000e+01;5.2904457e-02;7.7500000e+01;7.9919279e-02;7.7500000e+01;1.0849637e-01;7.7500000e+01;1.4227760e-01;7.7500000e+01;1.7912301e-01;7.7500000e+01;2.0801729e-01;7.7500000e+01;2.3118606e-01;7.7500000e+01;2.4928719e-01;7.7500000e+01;2.6336583e-01;7.7500000e+01;2.6266217e-01;7.7500000e+01;2.3588111e-01;7.7500000e+01;1.9208215e-01;7.7500000e+01;1.3862595e-01;7.7500000e+01;8.7346084e-02;7.7500000e+01;4.1854858e-02;7.7500000e+01;1.2771413e-04;7.7500000e+01;1.2388228e-02;7.7500000e+01;3.0650983e-02;7.7500000e+01;5.2904457e-02;7.7500000e+01;7.9919279e-02;7.7500000e+01;1.0849637e-01;7.7500000e+01;1.4227760e-01;7.7500000e+01;1.7912301e-01;7.7500000e+01;2.0801729e-01;7.7500000e+01;2.3118606e-01;7.7500000e+01;2.4928719e-01;7.7500000e+01;2.6336583e-01;7.7500000e+01;2.6266217e-01;7.7500000e+01;2.3588111e-01;7.7500000e+01;1.9208215e-01;7.7500000e+01;1.3862595e-01;7.7500000e+01;8.7346084e-02;7.7500000e+01;4.1854858e-02;7.7500000e+01;1.2771413e-04;7.7500000e+01;1.2388228e-02;7.7500000e+01;3.0650983e-02;7.7500000e+01;5.2904457e-02;7.7500000e+01;7.9919279e-02;7.7500000e+01;1.0849637e-01;7.7500000e+01;1.4227760e-01;7.7500000e+01;1.7912301e-01;7.7500000e+01;2.0801729e-01;7.7500000e+01;2.3118606e-01;7.7500000e+01;2.4928719e-01;7.7500000e+01;2.6336583e-01;7.7500000e+01;2.6266217e-01;7.7500000e+01;2.3588111e-01;7.7500000e+01;1.9208215e-01;7.7500000e+01;1.3862595e-01;7.7500000e+01;8.7346084e-02;7.7500000e+01;4.1854858e-02;7.7500000e+01;1.2771413e-04;7.7500000e+01;1.2388228e-02;7.7500000e+01;3.0650983e-02;7.7500000e+01;5.2904457e-02;7.7500000e+01;7.9919279e-02;7.7500000e+01;1.0849637e-01;7.7500000e+01;1.4227760e-01;7.7500000e+01;1.7912301e-01;7.7500000e+01;2.0801729e-01;7.7500000e+01;2.3118606e-01;7.7500000e+01;2.4928719e-01;7.7500000e+01;2.6336583e-01;7.7500000e+01;2.6266217e-01;7.7500000e+01;2.3588111e-01;7.7500000e+01;1.9208215e-01;7.7500000e+01;1.3862595e-01;7.7500000e+01;8.7346084e-02;7.7500000e+01;4.1854858e-02;7.7500000e+01;1.2771413e-04;7.7500000e+01;1.2388228e-02;7.7500000e+01;3.0650983e-02;7.7500000e+01;5.2904457e-02;7.7500000e+01;7.9919279e-02;7.7500000e+01;1.0849637e-01;7.7500000e+01;1.4227760e-01;7.7500000e+01;1.7912301e-01;7.7500000e+01;2.0801729e-01;7.7500000e+01;2.3118606e-01;7.7500000e+01;2.4928719e-01;7.7500000e+01;2.6336583e-01;7.7500000e+01;2.6266217e-01;7.7500000e+01;2.3588111e-01;7.7500000e+01;1.9208215e-01;7.7500000e+01;1.3862595e-01;7.7500000e+01;8.7346084e-02;7.7500000e+01;4.1854858e-02;7.7500000e+01;1.2771413e-04;7.7500000e+01;1.2388228e-02;7.7500000e+01;3.0650983e-02;7.7500000e+01;5.2904457e-02;7.7500000e+01;7.9919279e-02;7.7500000e+01;1.0849637e-01;7.7500000e+01;1.4227760e-01;7.7500000e+01;1.7912301e-01;7.7500000e+01;2.0801729e-01;7.7500000e+01;2.3118606e-01;7.7500000e+01;2.4928719e-01;7.7500000e+01;2.6336583e-01;7.7500000e+01;2.6266217e-01;7.7500000e+01;2.3588111e-01;7.7500000e+01;1.9208215e-01;7.7500000e+01;1.3862595e-01;7.7500000e+01;8.7346084e-02;7.7500000e+01;4.1854858e-02;7.7500000e+01;1.2771413e-04;7.7500000e+01;1.2388228e-02;7.7500000e+01;3.0650983e-02;7.7500000e+01;5.2904457e-02;7.7500000e+01;7.9919279e-02;7.7500000e+01;1.0849637e-01;7.7500000e+01;1.4227760e-01;7.7500000e+01;1.7912301e-01;7.7500000e+01;2.0801729e-01;7.7500000e+01;2.3118606e-01;7.7500000e+01;2.4928719e-01;7.7500000e+01;2.6336583e-01;7.7500000e+01;2.6266217e-01;7.7500000e+01;2.3588111e-01;7.7500000e+01;1.9208215e-01;7.7500000e+01;1.3862595e-01;7.7500000e+01;8.7346084e-02;7.7500000e+01;4.1854858e-02;7.7500000e+01;1.2771413e-04;7.7500000e+01;1.2388228e-02;7.7500000e+01;3.0650983e-02;7.7500000e+01;5.2904457e-02;7.7500000e+01;7.9919279e-02;7.7500000e+01;1.0849637e-01;7.7500000e+01;1.4227760e-01;7.7500000e+01;1.7912301e-01;7.7500000e+01;2.0801729e-01;7.7500000e+01;2.3118606e-01;7.7500000e+01;2.4928719e-01;7.7500000e+01;2.6336583e-01;7.7500000e+01;2.6266217e-01;7.7500000e+01;2.3588111e-01;7.7500000e+01;1.9208215e-01;7.7500000e+01;1.3862595e-01;7.7500000e+01;8.7346084e-02;7.7500000e+01;4.1854858e-02;7.7500000e+01;1.2771413e-04;7.7500000e+01;1.2388228e-02;7.7500000e+01;3.0650983e-02;7.7500000e+01;5.2904457e-02;7.7500000e+01;7.9919279e-02;7.7500000e+01;1.0849637e-01;7.7500000e+01;1.4227760e-01;7.7500000e+01;1.7912301e-01;7.7500000e+01;2.0801729e-01;7.7500000e+01;2.3118606e-01;7.7500000e+01;2.4928719e-01;7.7500000e+01;2.6336583e-01;7.7500000e+01;2.6266217e-01;7.7500000e+01;2.3588111e-01;7.7500000e+01;1.9208215e-01;7.7500000e+01;1.3862595e-01;7.7500000e+01;8.7346084e-02;7.7500000e+01;4.1854858e-02;7.7500000e+01;1.2771413e-04;7.7500000e+01;1.2388228e-02;7.7500000e+01;3.0650983e-02;7.7500000e+01;5.2904457e-02;7.7500000e+01;7.9919279e-02;7.7500000e+01;1.0849637e-01;7.7500000e+01;1.4227760e-01;7.7500000e+01;1.7912301e-01;7.7500000e+01;2.0801729e-01;7.7500000e+01;2.3118606e-01;7.7500000e+01;2.4928719e-01;7.7500000e+01;2.6336583e-01;7.7500000e+01;2.6266217e-01;7.7500000e+01;2.3588111e-01;7.7500000e+01;1.9208215e-01;7.7500000e+01;1.3862595e-01;7.7500000e+01;8.7346084e-02;7.7500000e+01;4.1854858e-02;7.7500000e+01;1.2771413e-04;7.7500000e+01;1.2388228e-02;7.7500000e+01;3.0650983e-02;7.7500000e+01;5.2904457e-02;7.7500000e+01;7.9919279e-02;7.7500000e+01;1.0849637e-01;7.7500000e+01;1.4227760e-01;7.7500000e+01;1.7912301e-01;7.7500000e+01;2.0801729e-01;7.7500000e+01;2.3118606e-01;7.7500000e+01;2.4928719e-01;7.7500000e+01;2.6336583e-01;7.7500000e+01;2.6266217e-01;7.7500000e+01;2.3588111e-01;7.7500000e+01;1.9208215e-01;7.7500000e+01;1.3862595e-01;7.7500000e+01;8.7346084e-02;7.7500000e+01;4.1854858e-02;7.7500000e+01;1.2771413e-04;7.7500000e+01;1.2388228e-02;7.7500000e+01;3.0650983e-02;7.7500000e+01;5.2904457e-02;7.7500000e+01;7.9919279e-02;7.7500000e+01;1.0849637e-01;7.7500000e+01;1.4227760e-01;7.7500000e+01;1.7912301e-01;7.7500000e+01;2.0801729e-01;7.7500000e+01;2.3118606e-01;7.7500000e+01;2.4928719e-01;7.7500000e+01;2.6336583e-01;7.7500000e+01;2.6266217e-01;7.7500000e+01;2.3588111e-01;7.7500000e+01;1.9208215e-01;7.7500000e+01;1.3862595e-01;7.7500000e+01;8.7346084e-02;7.7500000e+01;4.1854858e-02;7.7500000e+01;1.2771413e-04;7.7500000e+01;1.2388228e-02;7.7500000e+01;3.0650983e-02;7.7500000e+01;5.2904457e-02;7.7500000e+01;7.9919279e-02;7.7500000e+01;1.0849637e-01;7.7500000e+01;1.4227760e-01;7.7500000e+01;1.7912301e-01;7.7500000e+01;2.0801729e-01;7.7500000e+01;2.3118606e-01;7.7500000e+01;2.4928719e-01;7.7500000e+01;2.6336583e-01;7.7500000e+01;2.6266217e-01;7.7500000e+01;2.3588111e-01;7.7500000e+01;1.9208215e-01;7.7500000e+01;1.3862595e-01;7.7500000e+01;8.7346084e-02;7.7500000e+01;4.1854858e-02;7.7500000e+01;1.2771413e-04;7.7500000e+01;1.2388228e-02;7.7500000e+01;3.0650983e-02;7.7500000e+01;5.2904457e-02;7.7500000e+01;7.9919279e-02;7.7500000e+01;1.0849637e-01;7.7500000e+01;1.4227760e-01;7.7500000e+01;1.7912301e-01;7.7500000e+01;2.0801729e-01;7.7500000e+01;2.3118606e-01;7.7500000e+01;2.4928719e-01;7.7500000e+01;2.6336583e-01;7.7500000e+01;2.6266217e-01;7.7500000e+01;2.3588111e-01;7.7500000e+01;1.9208215e-01;7.7500000e+01;1.3862595e-01;7.7500000e+01;8.7346084e-02;7.7500000e+01;4.1854858e-02;7.7500000e+01;1.2771413e-04;7.7500000e+01;1.2388228e-02;7.7500000e+01;3.0650983e-02;7.7500000e+01;5.2904457e-02;7.7500000e+01;7.9919279e-02;7.7500000e+01;1.0849637e-01;7.7500000e+01;1.4227760e-01;7.7500000e+01;1.7912301e-01;7.7500000e+01;2.0801729e-01;7.7500000e+01;2.3118606e-01;7.7500000e+01;2.4928719e-01;7.7500000e+01;2.6336583e-01;7.7500000e+01;2.6266217e-01;7.7500000e+01;2.3588111e-01;7.7500000e+01;1.9208215e-01;7.7500000e+01;1.3862595e-01;7.7500000e+01;8.7346084e-02;7.7500000e+01;4.1854858e-02;7.7500000e+01;1.2771413e-04;7.7500000e+01;1.2388228e-02;7.7500000e+01;3.0650983e-02;7.7500000e+01;5.2904457e-02;7.7500000e+01;7.9919279e-02;7.7500000e+01;1.0849637e-01;7.7500000e+01;1.4227760e-01;7.7500000e+01;1.7912301e-01;7.7500000e+01;2.0801729e-01;7.7500000e+01;2.3118606e-01;7.7500000e+01;2.4928719e-01;7.7500000e+01;2.6336583e-01;7.7500000e+01;2.6266217e-01;7.7500000e+01;2.3588111e-01;7.7500000e+01;1.9208215e-01;7.7500000e+01;1.3862595e-01;7.7500000e+01;8.7346084e-02;7.7500000e+01;4.1854858e-02;7.7500000e+01;1.2771413e-04;7.7500000e+01;1.2388228e-02;7.7500000e+01;3.0650983e-02;7.7500000e+01;5.2904457e-02;7.7500000e+01;7.9919279e-02;7.7500000e+01;1.0849637e-01;7.7500000e+01;1.4227760e-01;7.7500000e+01;1.7912301e-01;7.7500000e+01;2.0801729e-01;7.7500000e+01;2.3118606e-01;7.7500000e+01;2.4928719e-01;7.7500000e+01;2.6336583e-01;7.7500000e+01;2.6266217e-01;7.7500000e+01;2.3588111e-01;7.7500000e+01;1.9208215e-01;7.7500000e+01;1.3862595e-01;7.7500000e+01;8.7346084e-02;7.7500000e+01;4.1854858e-02;7.7500000e+01;1.2771413e-04;7.7500000e+01;1.2388228e-02;7.7500000e+01;3.0650983e-02;7.7500000e+01;5.2904457e-02;7.7500000e+01;7.9919279e-02;7.7500000e+01;1.0849637e-01;7.7500000e+01;1.4227760e-01;7.7500000e+01;1.7912301e-01;7.7500000e+01;2.0801729e-01;7.7500000e+01;2.3118606e-01;7.7500000e+01;2.4928719e-01;7.7500000e+01;2.6336583e-01;7.7500000e+01;2.6266217e-01;7.7500000e+01;2.3588111e-01;7.7500000e+01;1.9208215e-01;7.7500000e+01;1.3862595e-01;7.7500000e+01;8.7346084e-02;7.7500000e+01;4.1854858e-02;7.7500000e+01;1.2771413e-04;7.7500000e+01;1.2388228e-02;7.7500000e+01;3.0650983e-02;7.7500000e+01;5.2904457e-02;7.7500000e+01;7.9919279e-02;7.7500000e+01;1.0849637e-01;7.7500000e+01;1.4227760e-01;7.7500000e+01;1.7912301e-01;7.7500000e+01;2.0801729e-01;7.7500000e+01;2.3118606e-01;7.7500000e+01;2.4928719e-01;7.7500000e+01;2.6336583e-01;7.7500000e+01;2.6266217e-01;7.7500000e+01;2.3588111e-01;7.7500000e+01;1.9208215e-01;7.7500000e+01;1.3862595e-01;7.7500000e+01;8.7346084e-02;7.7500000e+01;4.1854858e-02;7.7500000e+01;1.2771413e-04;7.7500000e+01;1.2388228e-02;7.7500000e+01;3.0650983e-02;7.7500000e+01;5.2904457e-02;7.7500000e+01;7.9919279e-02;7.7500000e+01;1.0849637e-01;7.7500000e+01;1.4227760e-01;7.7500000e+01;1.7912301e-01;7.7500000e+01;2.0801729e-01;7.7500000e+01;2.3118606e-01;7.7500000e+01;2.4928719e-01;7.7500000e+01;2.6336583e-01;7.7500000e+01;2.6266217e-01;7.7500000e+01;2.3588111e-01;7.7500000e+01;1.9208215e-01;7.7500000e+01;1.3862595e-01;7.7500000e+01;8.7346084e-02;7.7500000e+01;4.1854858e-02;7.7500000e+01;1.2771413e-04;7.7500000e+01;1.2388228e-02;7.7500000e+01;3.0650983e-02;7.7500000e+01;5.2904457e-02;7.7500000e+01;7.9919279e-02;7.7500000e+01;1.0849637e-01;7.7500000e+01;1.4227760e-01;7.7500000e+01;1.7912301e-01;7.7500000e+01;2.0801729e-01;7.7500000e+01;2.3118606e-01;7.7500000e+01;2.4928719e-01;7.7500000e+01;2.6336583e-01;7.7500000e+01;2.6266217e-01;7.7500000e+01;2.3588111e-01;7.7500000e+01;1.9208215e-01;7.7500000e+01;1.3862595e-01;7.7500000e+01;8.7346084e-02;7.7500000e+01;4.1854858e-02;7.7500000e+01;1.2771413e-04;7.7500000e+01;1.2388228e-02;7.7500000e+01;3.0650983e-02;7.7500000e+01;5.2904457e-02;7.7500000e+01;7.9919279e-02;7.7500000e+01;1.0849637e-01;7.7500000e+01;1.4227760e-01;7.7500000e+01;1.7912301e-01;7.7500000e+01;2.0801729e-01;7.7500000e+01;2.3118606e-01;7.7500000e+01;2.4928719e-01;7.7500000e+01;2.6336583e-01;7.7500000e+01;2.6266217e-01;7.7500000e+01;2.3588111e-01;7.7500000e+01;1.9208215e-01;7.7500000e+01;1.3862595e-01;7.7500000e+01;8.7346084e-02;7.7500000e+01;4.1854858e-02;7.7500000e+01;1.2771413e-04;7.7500000e+01;1.2388228e-02;7.7500000e+01;3.0650983e-02;7.7500000e+01;5.2904457e-02;7.7500000e+01;7.9919279e-02;7.7500000e+01;1.0849637e-01;7.7500000e+01;1.4227760e-01;7.7500000e+01;1.7912301e-01;7.7500000e+01;2.0801729e-01;7.7500000e+01;2.3118606e-01;7.7500000e+01;2.4928719e-01;7.7500000e+01;2.6336583e-01;7.7500000e+01;2.6266217e-01;7.7500000e+01;2.3588111e-01;7.7500000e+01;1.9208215e-01;7.7500000e+01;1.3862595e-01;7.7500000e+01;8.7346084e-02;7.7500000e+01;4.1854858e-02;7.7500000e+01;1.2771413e-04;7.7500000e+01;1.2388228e-02;7.7500000e+01;3.0650983e-02;7.7500000e+01;5.2904457e-02;7.7500000e+01;7.9919279e-02;7.7500000e+01;1.0849637e-01;7.7500000e+01;1.4227760e-01;7.7500000e+01;1.7912301e-01;7.7500000e+01;2.0801729e-01;7.7500000e+01;2.3118606e-01;7.7500000e+01;2.4928719e-01;7.7500000e+01;2.6336583e-01;7.7500000e+01;2.6266217e-01;7.7500000e+01;2.3588111e-01;7.7500000e+01;1.9208215e-01;7.7500000e+01;1.3862595e-01;7.7500000e+01;8.7346084e-02;7.7500000e+01;4.1854858e-02;7.7500000e+01;1.2771413e-04;7.7500000e+01;1.2388228e-02;7.7500000e+01;3.0650983e-02;7.7500000e+01;5.2904457e-02;7.7500000e+01;7.9919279e-02;7.7500000e+01;1.0849637e-01;7.7500000e+01;1.4227760e-01;7.7500000e+01;1.7912301e-01;7.7500000e+01;2.0801729e-01;7.7500000e+01;2.3118606e-01;7.7500000e+01;2.4928719e-01;7.7500000e+01;2.6336583e-01;7.7500000e+01;2.6266217e-01;7.7500000e+01;2.3588111e-01;7.7500000e+01;1.9208215e-01;7.7500000e+01;1.3862595e-01;7.7500000e+01;8.7346084e-02;7.7500000e+01;4.1854858e-02;7.7500000e+01;1.2771413e-04;7.7500000e+01;1.2388228e-02;7.7500000e+01;3.0650983e-02;7.7500000e+01;5.2904457e-02;7.7500000e+01;7.9919279e-02;7.7500000e+01;1.0849637e-01;7.7500000e+01;1.4227760e-01;7.7500000e+01;1.7912301e-01;7.7500000e+01;2.0801729e-01;7.7500000e+01;2.3118606e-01;7.7500000e+01;2.4928719e-01;7.7500000e+01;2.6336583e-01;7.7500000e+01;2.6266217e-01;7.7500000e+01;2.3588111e-01;7.7500000e+01;1.9208215e-01;7.7500000e+01;1.3862595e-01;7.7500000e+01;8.7346084e-02;7.7500000e+01;4.1854858e-02;7.7500000e+01;1.2771413e-04;7.7500000e+01;1.2388228e-02;7.7500000e+01;3.0650983e-02;7.7500000e+01;5.2904457e-02;7.7500000e+01;7.9919279e-02;7.7500000e+01;1.0849637e-01;7.7500000e+01;1.4227760e-01;7.7500000e+01;1.7912301e-01;7.7500000e+01;2.0801729e-01;7.7500000e+01;2.3118606e-01;7.7500000e+01;2.4928719e-01;7.7500000e+01;2.6336583e-01;7.7500000e+01;2.6266217e-01;7.7500000e+01;2.3588111e-01;7.7500000e+01;1.9208215e-01;7.7500000e+01;1.3862595e-01;7.7500000e+01;8.7346084e-02;7.7500000e+01;4.1854858e-02;7.7500000e+01;1.2771413e-04;7.7500000e+01;1.2388228e-02;7.7500000e+01;3.0650983e-02;7.7500000e+01;5.2904457e-02;7.7500000e+01;7.9919279e-02;7.7500000e+01;1.0849637e-01;7.7500000e+01;1.4227760e-01;7.7500000e+01;1.7912301e-01;7.7500000e+01;2.0801729e-01;7.7500000e+01;2.3118606e-01;7.7500000e+01;2.4928719e-01;7.7500000e+01;2.6336583e-01;7.7500000e+01;2.6266217e-01;7.7500000e+01;2.3588111e-01;7.7500000e+01;1.9208215e-01;7.7500000e+01;1.3862595e-01;7.7500000e+01;8.7346084e-02;7.7500000e+01;4.1854858e-02;7.7500000e+01;1.2771413e-04;7.7500000e+01;1.2388228e-02;7.7500000e+01;3.0650983e-02;7.7500000e+01;5.2904457e-02;7.7500000e+01;7.9919279e-02;7.7500000e+01;1.0849637e-01;7.7500000e+01;1.4227760e-01;7.7500000e+01;1.7912301e-01;7.7500000e+01;2.0801729e-01;7.7500000e+01;2.3118606e-01;7.7500000e+01;2.4928719e-01;7.7500000e+01;2.6336583e-01;7.7500000e+01;2.6266217e-01;7.7500000e+01;2.3588111e-01;7.7500000e+01;1.9208215e-01;7.7500000e+01;1.3862595e-01;7.7500000e+01;8.7346084e-02;7.7500000e+01;4.1854858e-02;7.7500000e+01;1.2771413e-04;7.7500000e+01;1.2388228e-02;7.7500000e+01;3.0650983e-02;7.7500000e+01;5.2904457e-02;7.7500000e+01;7.9919279e-02;7.7500000e+01;1.0849637e-01;7.7500000e+01;1.4227760e-01;7.7500000e+01;1.7912301e-01;7.7500000e+01;2.0801729e-01;7.7500000e+01;2.3118606e-01;7.7500000e+01;2.4928719e-01;7.7500000e+01;2.6336583e-01;7.7500000e+01;2.6266217e-01;7.7500000e+01;2.3588111e-01;7.7500000e+01;1.9208215e-01;7.7500000e+01;1.3862595e-01;7.7500000e+01;8.7346084e-02;7.7500000e+01;4.1854858e-02;7.7500000e+01;1.2771413e-04;7.7500000e+01;1.2388228e-02;7.7500000e+01;3.0650983e-02;7.7500000e+01;5.2904457e-02;7.7500000e+01;7.9919279e-02;7.7500000e+01;1.0849637e-01;7.7500000e+01;1.4227760e-01;7.7500000e+01;1.7912301e-01;7.7500000e+01;2.0801729e-01;7.7500000e+01;2.3118606e-01;7.7500000e+01;2.4928719e-01;7.7500000e+01;2.6336583e-01;7.7500000e+01;2.6266217e-01;7.7500000e+01;2.3588111e-01;7.7500000e+01;1.9208215e-01;7.7500000e+01;1.3862595e-01;7.7500000e+01;8.7346084e-02;7.7500000e+01;4.1854858e-02;7.7500000e+01;1.2771413e-04;7.7500000e+01;1.2388228e-02;7.7500000e+01;3.0650983e-02;7.7500000e+01;5.2904457e-02;7.7500000e+01;7.9919279e-02;7.7500000e+01;1.0849637e-01;7.7500000e+01;1.4227760e-01;7.7500000e+01;1.7912301e-01;7.7500000e+01;2.0801729e-01;7.7500000e+01;2.3118606e-01;7.7500000e+01;2.4928719e-01;7.7500000e+01;2.6336583e-01;7.7500000e+01;2.6266217e-01;7.7500000e+01;2.3588111e-01;7.7500000e+01;1.9208215e-01;7.7500000e+01;1.3862595e-01;7.7500000e+01;8.7346084e-02;7.7500000e+01;4.1854858e-02;7.7500000e+01;1.2771413e-04;7.7500000e+01;1.2388228e-02;7.7500000e+01;3.0650983e-02;7.7500000e+01;5.2904457e-02;7.7500000e+01;7.9919279e-02;7.7500000e+01;1.0849637e-01;7.7500000e+01;1.4227760e-01;7.7500000e+01;1.7912301e-01;7.7500000e+01;2.0801729e-01;7.7500000e+01;2.3118606e-01;7.7500000e+01;2.4928719e-01;7.7500000e+01;2.6336583e-01;7.7500000e+01;2.6266217e-01;7.7500000e+01;2.3588111e-01;7.7500000e+01;1.9208215e-01;7.7500000e+01;1.3862595e-01;7.7500000e+01;8.7346084e-02;7.7500000e+01;4.1854858e-02;7.7500000e+01;1.2771413e-04;7.7500000e+01;1.2388228e-02;7.7500000e+01;3.0650983e-02;7.7500000e+01;5.2904457e-02;7.7500000e+01;7.9919279e-02;7.7500000e+01;1.0849637e-01;7.7500000e+01;1.4227760e-01;7.7500000e+01;1.7912301e-01;7.7500000e+01;2.0801729e-01;7.7500000e+01;2.3118606e-01;7.7500000e+01;2.4928719e-01;7.7500000e+01;2.6336583e-01;7.7500000e+01;2.6266217e-01;7.7500000e+01;2.3588111e-01;7.7500000e+01;1.9208215e-01;7.7500000e+01;1.3862595e-01;7.7500000e+01;8.7346084e-02;7.7500000e+01;4.1854858e-02;7.7500000e+01;1.2771413e-04;7.7500000e+01;1.2388228e-02;7.7500000e+01;3.0650983e-02;7.7500000e+01;5.2904457e-02;7.7500000e+01;7.9919279e-02;7.7500000e+01;1.0849637e-01;7.7500000e+01;1.4227760e-01;7.7500000e+01;1.7912301e-01;7.7500000e+01;2.0801729e-01;7.7500000e+01;2.3118606e-01;7.7500000e+01;2.4928719e-01;7.7500000e+01;2.6336583e-01;7.7500000e+01;2.6266217e-01;7.7500000e+01;2.3588111e-01;7.7500000e+01;1.9208215e-01;7.7500000e+01;1.3862595e-01;7.7500000e+01;8.7346084e-02;7.7500000e+01;4.1854858e-02;7.7500000e+01;1.2771413e-04;7.7500000e+01;1.2388228e-02;7.7500000e+01;3.0650983e-02;7.7500000e+01;5.2904457e-02;7.7500000e+01;7.9919279e-02;7.7500000e+01;1.0849637e-01;7.7500000e+01;1.4227760e-01;7.7500000e+01;1.7912301e-01;7.7500000e+01;2.0801729e-01;7.7500000e+01;2.3118606e-01;7.7500000e+01;2.4928719e-01;7.7500000e+01;2.6336583e-01;7.7500000e+01;2.6266217e-01;7.7500000e+01;2.3588111e-01;7.7500000e+01;1.9208215e-01;7.7500000e+01;1.3862595e-01;7.7500000e+01;8.7346084e-02;7.7500000e+01;4.1854858e-02;7.7500000e+01;1.2771413e-04;7.7500000e+01;1.2388228e-02;7.7500000e+01;3.0650983e-02;7.7500000e+01;5.2904457e-02;7.7500000e+01;7.9919279e-02;7.7500000e+01;1.0849637e-01;7.7500000e+01;1.4227760e-01;7.7500000e+01;1.7912301e-01;7.7500000e+01;2.0801729e-01;7.7500000e+01;2.3118606e-01;7.7500000e+01;2.4928719e-01;7.7500000e+01;2.6336583e-01;7.7500000e+01;2.6266217e-01;7.7500000e+01;2.3588111e-01;7.7500000e+01;1.9208215e-01;7.7500000e+01;1.3862595e-01;7.7500000e+01;8.7346084e-02;7.7500000e+01;4.1854858e-02;7.7500000e+01;1.2771413e-04;7.7500000e+01;1.2388228e-02;7.7500000e+01;3.0650983e-02;7.7500000e+01;5.2904457e-02;7.7500000e+01;7.9919279e-02;7.7500000e+01;1.0849637e-01;7.7500000e+01;1.4227760e-01;7.7500000e+01;1.7912301e-01;7.7500000e+01;2.0801729e-01;7.7500000e+01;2.3118606e-01;7.7500000e+01;2.4928719e-01;7.7500000e+01;2.6336583e-01;7.7500000e+01;2.6266217e-01;7.7500000e+01;2.3588111e-01;7.7500000e+01;1.9208215e-01;7.7500000e+01;1.3862595e-01;7.7500000e+01;8.7346084e-02;7.7500000e+01;4.1854858e-02;7.7500000e+01;1.2771413e-04;7.7500000e+01;1.2388228e-02;7.7500000e+01;3.0650983e-02;7.7500000e+01;5.2904457e-02;7.7500000e+01;7.9919279e-02;7.7500000e+01;1.0849637e-01;7.7500000e+01;1.4227760e-01;7.7500000e+01;1.7912301e-01;7.7500000e+01;2.0801729e-01;7.7500000e+01;2.3118606e-01;7.7500000e+01;2.4928719e-01;7.7500000e+01;2.6336583e-01;7.7500000e+01;2.6266217e-01;7.7500000e+01;2.3588111e-01;7.7500000e+01;1.9208215e-01;7.7500000e+01;1.3862595e-01;7.7500000e+01;8.7346084e-02;7.7500000e+01;4.1854858e-02;7.7500000e+01;1.2771413e-04;7.7500000e+01;1.2388228e-02;7.7500000e+01;3.0650983e-02;7.7500000e+01;5.2904457e-02;7.7500000e+01;7.9919279e-02;7.7500000e+01;1.0849637e-01;7.7500000e+01;1.4227760e-01;7.7500000e+01;1.7912301e-01;7.7500000e+01;2.0801729e-01;7.7500000e+01;2.3118606e-01;7.7500000e+01;2.4928719e-01;7.7500000e+01;2.6336583e-01;7.7500000e+01;2.6266217e-01;7.7500000e+01;2.3588111e-01;7.7500000e+01;1.9208215e-01;7.7500000e+01;1.3862595e-01;7.7500000e+01;8.7346084e-02;7.7500000e+01;4.1854858e-02;7.7500000e+01;1.2771413e-04;7.7500000e+01;1.2388228e-02;7.7500000e+01;3.0650983e-02;7.7500000e+01;5.2904457e-02;7.7500000e+01;7.9919279e-02;7.7500000e+01;1.0849637e-01;7.7500000e+01;1.4227760e-01;7.7500000e+01;1.7912301e-01;7.7500000e+01;2.0801729e-01;7.7500000e+01;2.3118606e-01;7.7500000e+01;2.4928719e-01;7.7500000e+01;2.6336583e-01;7.7500000e+01;2.6266217e-01;7.7500000e+01;2.3588111e-01;7.7500000e+01;1.9208215e-01;7.7500000e+01;1.3862595e-01;7.7500000e+01;8.7346084e-02;7.7500000e+01;4.1854858e-02;7.7500000e+01;1.2771413e-04;7.7500000e+01;1.2388228e-02;7.7500000e+01;3.0650983e-02;7.7500000e+01;5.2904457e-02;7.7500000e+01;7.9919279e-02;7.7500000e+01;1.0849637e-01;7.7500000e+01;1.4227760e-01;7.7500000e+01;1.7912301e-01;7.7500000e+01;2.0801729e-01;7.7500000e+01;2.3118606e-01;7.7500000e+01;2.4928719e-01;7.7500000e+01;2.6336583e-01;7.7500000e+01;2.6266217e-01;7.7500000e+01;2.3588111e-01;7.7500000e+01;1.9208215e-01;7.7500000e+01;1.3862595e-01;7.7500000e+01;8.7346084e-02;7.7500000e+01;4.1854858e-02;7.7500000e+01;1.2771413e-04;7.7500000e+01;1.2388228e-02;7.7500000e+01;3.0650983e-02;7.7500000e+01;5.2904457e-02;7.7500000e+01;7.9919279e-02;7.7500000e+01;1.0849637e-01;7.7500000e+01;1.4227760e-01;7.7500000e+01;1.7912301e-01;7.7500000e+01;2.0801729e-01;7.7500000e+01;2.3118606e-01;7.7500000e+01;2.4928719e-01;7.7500000e+01;2.6336583e-01;7.7500000e+01;2.6266217e-01;7.7500000e+01;2.3588111e-01;7.7500000e+01;1.9208215e-01;7.7500000e+01;1.3862595e-01;7.7500000e+01;8.7346084e-02;7.7500000e+01;4.1854858e-02;7.7500000e+01;1.2771413e-04;7.7500000e+01;1.2388228e-02;7.7500000e+01;3.0650983e-02;7.7500000e+01;5.2904457e-02;7.7500000e+01;7.9919279e-02;7.7500000e+01;1.0849637e-01;7.7500000e+01;1.4227760e-01;7.7500000e+01;1.7912301e-01;7.7500000e+01;2.0801729e-01;7.7500000e+01;2.3118606e-01;7.7500000e+01;2.4928719e-01;7.7500000e+01;2.6336583e-01;7.7500000e+01;2.6266217e-01;7.7500000e+01;2.3588111e-01;7.7500000e+01;1.9208215e-01;7.7500000e+01;1.3862595e-01;7.7500000e+01;8.7346084e-02;7.7500000e+01;4.1854858e-02;7.7500000e+01;1.2771413e-04;7.7500000e+01;1.2388228e-02;7.7500000e+01;3.0650983e-02;7.7500000e+01;5.2904457e-02;7.7500000e+01;7.9919279e-02;7.7500000e+01;1.0849637e-01;7.7500000e+01;1.4227760e-01;7.7500000e+01;1.7912301e-01;7.7500000e+01;2.0801729e-01;7.7500000e+01;2.3118606e-01;7.7500000e+01;2.4928719e-01;7.7500000e+01;2.6336583e-01;7.7500000e+01;2.6266217e-01;7.7500000e+01;2.3588111e-01;7.7500000e+01;1.9208215e-01;7.7500000e+01;1.3862595e-01;7.7500000e+01;8.7346084e-02;7.7500000e+01;4.1854858e-02;7.7500000e+01;1.2771413e-04;7.7500000e+01;1.2388228e-02;7.7500000e+01;3.0650983e-02;7.7500000e+01;5.2904457e-02;7.7500000e+01;7.9919279e-02;7.7500000e+01;1.0849637e-01;7.7500000e+01;1.4227760e-01;7.7500000e+01;1.7912301e-01;7.7500000e+01;2.0801729e-01;7.7500000e+01;2.3118606e-01;7.7500000e+01;2.4928719e-01;7.7500000e+01;2.6336583e-01;7.7500000e+01;2.6266217e-01;7.7500000e+01;2.3588111e-01;7.7500000e+01;1.9208215e-01;7.7500000e+01;1.3862595e-01;7.7500000e+01;8.7346084e-02;7.7500000e+01;4.1854858e-02;7.7500000e+01;1.2771413e-04;7.7500000e+01;1.2388228e-02;7.7500000e+01;3.0650983e-02;7.7500000e+01;5.2904457e-02;7.7500000e+01;7.9919279e-02;7.7500000e+01;1.0849637e-01;7.7500000e+01;1.4227760e-01;7.7500000e+01;1.7912301e-01;7.7500000e+01;2.0801729e-01;7.7500000e+01;2.3118606e-01;7.7500000e+01;2.4928719e-01;7.7500000e+01;2.6336583e-01;7.7500000e+01;2.6266217e-01;7.7500000e+01;2.3588111e-01;7.7500000e+01;1.9208215e-01;7.7500000e+01;1.3862595e-01;7.7500000e+01;8.7346084e-02;7.7500000e+01;4.1854858e-02;7.7500000e+01;1.2771413e-04;7.7500000e+01;1.2388228e-02;7.7500000e+01;3.0650983e-02;7.7500000e+01;5.2904457e-02;7.7500000e+01;7.9919279e-02;7.7500000e+01;1.0849637e-01;7.7500000e+01;1.4227760e-01;7.7500000e+01;1.7912301e-01;7.7500000e+01;2.0801729e-01;7.7500000e+01;2.3118606e-01;7.7500000e+01;2.4928719e-01;7.7500000e+01;2.6336583e-01;7.7500000e+01;2.6266217e-01;7.7500000e+01;2.3588111e-01;7.7500000e+01;1.9208215e-01;7.7500000e+01;1.3862595e-01;7.7500000e+01;8.7346084e-02;7.7500000e+01;4.1854858e-02;7.7500000e+01;1.2771413e-04;7.7500000e+01;1.2388228e-02;7.7500000e+01;3.0650983e-02;7.7500000e+01;5.2904457e-02;7.7500000e+01;7.9919279e-02;7.7500000e+01;1.0849637e-01;7.7500000e+01;1.4227760e-01;7.7500000e+01;1.7912301e-01;7.7500000e+01;2.0801729e-01;7.7500000e+01;2.3118606e-01;7.7500000e+01;2.4928719e-01;7.7500000e+01;2.6336583e-01;7.7500000e+01;2.6266217e-01;7.7500000e+01;2.3588111e-01;7.7500000e+01;1.9208215e-01;7.7500000e+01;1.3862595e-01;7.7500000e+01;8.7346084e-02;7.7500000e+01;4.1854858e-02;7.7500000e+01;1.2771413e-04;7.7500000e+01;1.2388228e-02;7.7500000e+01;3.0650983e-02;7.7500000e+01;5.2904457e-02;7.7500000e+01;7.9919279e-02;7.7500000e+01;1.0849637e-01;7.7500000e+01;1.4227760e-01;7.7500000e+01;1.7912301e-01;7.7500000e+01;2.0801729e-01;7.7500000e+01;2.3118606e-01;7.7500000e+01;2.4928719e-01;7.7500000e+01;2.6336583e-01;7.7500000e+01;2.6266217e-01;7.7500000e+01;2.3588111e-01;7.7500000e+01;1.9208215e-01;7.7500000e+01;1.3862595e-01;7.7500000e+01;8.7346084e-02;7.7500000e+01;4.1854858e-02;7.7500000e+01;1.2771413e-04;7.7500000e+01;1.2388228e-02;7.7500000e+01;3.0650983e-02;7.7500000e+01;5.2904457e-02;7.7500000e+01;7.9919279e-02;7.7500000e+01;1.0849637e-01;7.7500000e+01;1.4227760e-01;7.7500000e+01;1.7912301e-01;7.7500000e+01;2.0801729e-01;7.7500000e+01;2.3118606e-01;7.7500000e+01;2.4928719e-01;7.7500000e+01;2.6336583e-01;7.7500000e+01;2.6266217e-01;7.7500000e+01;2.3588111e-01;7.7500000e+01;1.9208215e-01;7.7500000e+01;1.3862595e-01;7.7500000e+01;8.7346084e-02;7.7500000e+01;4.1854858e-02;7.7500000e+01;1.2771413e-04;7.7500000e+01;1.2388228e-02;7.7500000e+01;3.0650983e-02;7.7500000e+01;5.2904457e-02;7.7500000e+01;7.9919279e-02;7.7500000e+01;1.0849637e-01;7.7500000e+01;1.4227760e-01;7.7500000e+01;1.7912301e-01;7.7500000e+01;2.0801729e-01;7.7500000e+01;2.3118606e-01;7.7500000e+01;2.4928719e-01;7.7500000e+01;2.6336583e-01;7.7500000e+01;2.6266217e-01;7.7500000e+01;2.3588111e-01;7.7500000e+01;1.9208215e-01;7.7500000e+01;1.3862595e-01;7.7500000e+01;8.7346084e-02;7.7500000e+01;4.1854858e-02;7.7500000e+01;1.2771413e-04;7.7500000e+01;1.2388228e-02;7.7500000e+01;3.0650983e-02;7.7500000e+01;5.2904457e-02;7.7500000e+01;7.9919279e-02;7.7500000e+01;1.0849637e-01;7.7500000e+01;1.4227760e-01;7.7500000e+01;1.7912301e-01;7.7500000e+01;2.0801729e-01;7.7500000e+01;2.3118606e-01;7.7500000e+01;2.4928719e-01;7.7500000e+01;2.6336583e-01;7.7500000e+01;2.6266217e-01;7.7500000e+01;2.3588111e-01;7.7500000e+01;1.9208215e-01;7.7500000e+01;1.3862595e-01;7.7500000e+01;8.7346084e-02;7.7500000e+01;4.1854858e-02;7.7500000e+01;1.2771413e-04;7.7500000e+01;1.2388228e-02;7.7500000e+01;3.0650983e-02;7.7500000e+01;5.2904457e-02;7.7500000e+01;7.9919279e-02;7.7500000e+01;1.0849637e-01;7.7500000e+01;1.4227760e-01;7.7500000e+01;1.7912301e-01;7.7500000e+01;2.0801729e-01;7.7500000e+01;2.3118606e-01;7.7500000e+01;2.4928719e-01;7.7500000e+01;2.6336583e-01;7.7500000e+01;2.6266217e-01;7.7500000e+01;2.3588111e-01;7.7500000e+01;1.9208215e-01;7.7500000e+01;1.3862595e-01;7.7500000e+01;8.7346084e-02;7.7500000e+01;4.1854858e-02;7.7500000e+01;1.2771413e-04;7.7500000e+01;1.2388228e-02;7.7500000e+01;3.0650983e-02;7.7500000e+01;5.2904457e-02;7.7500000e+01;7.9919279e-02;7.7500000e+01;1.0849637e-01;7.7500000e+01;1.4227760e-01;7.7500000e+01;1.7912301e-01;7.7500000e+01;2.0801729e-01;7.7500000e+01;2.3118606e-01;7.7500000e+01;2.4928719e-01;7.7500000e+01;2.6336583e-01;7.7500000e+01;2.6266217e-01;7.7500000e+01;2.3588111e-01;7.7500000e+01;1.9208215e-01;7.7500000e+01;1.3862595e-01;7.7500000e+01;8.7346084e-02;7.7500000e+01;4.1854858e-02;7.7500000e+01;1.2771413e-04;7.7500000e+01;1.2388228e-02;7.7500000e+01;3.0650983e-02;7.7500000e+01;5.2904457e-02;7.7500000e+01;7.9919279e-02;7.7500000e+01;1.0849637e-01;7.7500000e+01;1.4227760e-01;7.7500000e+01;1.7912301e-01;7.7500000e+01;2.0801729e-01;7.7500000e+01;2.3118606e-01;7.7500000e+01;2.4928719e-01;7.7500000e+01;2.6336583e-01;7.7500000e+01;2.6266217e-01;7.7500000e+01;2.3588111e-01;7.7500000e+01;1.9208215e-01;7.7500000e+01;1.3862595e-01;7.7500000e+01;8.7346084e-02;7.7500000e+01;4.1854858e-02;7.7500000e+01;1.2771413e-04;7.7500000e+01;1.2388228e-02;7.7500000e+01;3.0650983e-02;7.7500000e+01;5.2904457e-02;7.7500000e+01;7.9919279e-02;7.7500000e+01;1.0849637e-01;7.7500000e+01;1.4227760e-01;7.7500000e+01;1.7912301e-01;7.7500000e+01;2.0801729e-01;7.7500000e+01;2.3118606e-01;7.7500000e+01;2.4928719e-01;7.7500000e+01;2.6336583e-01;7.7500000e+01;2.6266217e-01;7.7500000e+01;2.3588111e-01;7.7500000e+01;1.9208215e-01;7.7500000e+01;1.3862595e-01;7.7500000e+01;8.7346084e-02;7.7500000e+01;4.1854858e-02;7.7500000e+01;1.2771413e-04;7.7500000e+01;1.2388228e-02;7.7500000e+01;3.0650983e-02;7.7500000e+01;5.2904457e-02;7.7500000e+01;7.9919279e-02;7.7500000e+01;1.0849637e-01;7.7500000e+01;1.4227760e-01;7.7500000e+01;1.7912301e-01;7.7500000e+01;2.0801729e-01;7.7500000e+01;2.3118606e-01;7.7500000e+01;2.4928719e-01;7.7500000e+01;2.6336583e-01;7.7500000e+01;2.6266217e-01;7.7500000e+01;2.3588111e-01;7.7500000e+01;1.9208215e-01;7.7500000e+01;1.3862595e-01;7.7500000e+01;8.7346084e-02;7.7500000e+01;4.1854858e-02;7.7500000e+01;1.2771413e-04;7.7500000e+01;1.2388228e-02;7.7500000e+01;3.0650983e-02;7.7500000e+01;5.2904457e-02;7.7500000e+01;7.9919279e-02;7.7500000e+01;1.0849637e-01;7.7500000e+01;1.4227760e-01;7.7500000e+01;1.7912301e-01;7.7500000e+01;2.0801729e-01;7.7500000e+01;2.3118606e-01;7.7500000e+01;2.4928719e-01;7.7500000e+01;2.6336583e-01;7.7500000e+01;2.6266217e-01;7.7500000e+01;2.3588111e-01;7.7500000e+01;1.9208215e-01;7.7500000e+01;1.3862595e-01;7.7500000e+01;8.7346084e-02;7.7500000e+01;4.1854858e-02;7.7500000e+01;1.2771413e-04;7.7500000e+01;1.2388228e-02;7.7500000e+01;3.0650983e-02;7.7500000e+01;5.2904457e-02;7.7500000e+01;7.9919279e-02;7.7500000e+01;1.0849637e-01;7.7500000e+01;1.4227760e-01;7.7500000e+01;1.7912301e-01;7.7500000e+01;2.0801729e-01;7.7500000e+01;2.3118606e-01;7.7500000e+01;2.4928719e-01;7.7500000e+01;2.6336583e-01;7.7500000e+01;2.6266217e-01;7.7500000e+01;2.3588111e-01;7.7500000e+01;1.9208215e-01;7.7500000e+01;1.3862595e-01;7.7500000e+01;8.7346084e-02;7.7500000e+01;4.1854858e-02;7.7500000e+01;1.2771413e-04;7.7500000e+01;1.2388228e-02;7.7500000e+01;3.0650983e-02;7.7500000e+01;5.2904457e-02;7.7500000e+01;7.9919279e-02;7.7500000e+01;1.0849637e-01;7.7500000e+01;1.4227760e-01;7.7500000e+01;1.7912301e-01;7.7500000e+01;2.0801729e-01;7.7500000e+01;2.3118606e-01;7.7500000e+01;2.4928719e-01;7.7500000e+01;2.6336583e-01;7.7500000e+01;2.6266217e-01;7.7500000e+01;2.3588111e-01;7.7500000e+01;1.9208215e-01;7.7500000e+01;1.3862595e-01;7.7500000e+01;8.7346084e-02;7.7500000e+01;4.1854858e-02;7.7500000e+01;1.2771413e-04;7.7500000e+01;1.2388228e-02;7.7500000e+01;3.0650983e-02;7.7500000e+01;5.2904457e-02;7.7500000e+01;7.9919279e-02;7.7500000e+01;1.0849637e-01;7.7500000e+01;1.4227760e-01;7.7500000e+01;1.7912301e-01;7.7500000e+01;2.0801729e-01;7.7500000e+01;2.3118606e-01;7.7500000e+01;2.4928719e-01;7.7500000e+01;2.6336583e-01;7.7500000e+01;2.6266217e-01;7.7500000e+01;2.3588111e-01;7.7500000e+01;1.9208215e-01;7.7500000e+01;1.3862595e-01;7.7500000e+01;8.7346084e-02;7.7500000e+01;4.1854858e-02;7.7500000e+01;1.2771413e-04;7.7500000e+01;1.2388228e-02;7.7500000e+01;3.0650983e-02;7.7500000e+01;5.2904457e-02;7.7500000e+01;7.9919279e-02;7.7500000e+01;1.0849637e-01;7.7500000e+01;1.4227760e-01;7.7500000e+01;1.7912301e-01;7.7500000e+01;2.0801729e-01;7.7500000e+01;2.3118606e-01;7.7500000e+01;2.4928719e-01;7.7500000e+01;2.6336583e-01;7.7500000e+01;2.6266217e-01;7.7500000e+01;2.3588111e-01;7.7500000e+01;1.9208215e-01;7.7500000e+01;1.3862595e-01;7.7500000e+01;8.7346084e-02;7.7500000e+01;4.1854858e-02;7.7500000e+01;1.2771413e-04;7.7500000e+01;1.2388228e-02;7.7500000e+01;3.0650983e-02;7.7500000e+01;5.2904457e-02;7.7500000e+01;7.9919279e-02;7.7500000e+01;1.0849637e-01;7.7500000e+01;1.4227760e-01;7.7500000e+01;1.7912301e-01;7.7500000e+01;2.0801729e-01;7.7500000e+01;2.3118606e-01;7.7500000e+01;2.4928719e-01;7.7500000e+01;2.6336583e-01;7.7500000e+01;2.6266217e-01;7.7500000e+01;2.3588111e-01;7.7500000e+01;1.9208215e-01;7.7500000e+01;1.3862595e-01;7.7500000e+01;8.7346084e-02;7.7500000e+01;4.1854858e-02;7.7500000e+01;1.2771413e-04;7.7500000e+01;1.2388228e-02;7.7500000e+01;3.0650983e-02;7.7500000e+01;5.2904457e-02;7.7500000e+01;7.9919279e-02;7.7500000e+01;1.0849637e-01;7.7500000e+01;1.4227760e-01;7.7500000e+01;1.7912301e-01;7.7500000e+01;2.0801729e-01;7.7500000e+01;2.3118606e-01;7.7500000e+01;2.4928719e-01;7.7500000e+01;2.6336583e-01;7.7500000e+01;2.6266217e-01;7.7500000e+01;2.3588111e-01;7.7500000e+01;1.9208215e-01;7.7500000e+01;1.3862595e-01;7.7500000e+01;8.7346084e-02;7.7500000e+01;4.1854858e-02;7.7500000e+01;1.2771413e-04;7.7500000e+01;1.2388228e-02;7.7500000e+01;3.0650983e-02;7.7500000e+01;5.2904457e-02;7.7500000e+01;7.9919279e-02;7.7500000e+01;1.0849637e-01;7.7500000e+01;1.4227760e-01;7.7500000e+01;1.7912301e-01;7.7500000e+01;2.0801729e-01;7.7500000e+01;2.3118606e-01;7.7500000e+01;2.4928719e-01;7.7500000e+01;2.6336583e-01;7.7500000e+01;2.6266217e-01;7.7500000e+01;2.3588111e-01;7.7500000e+01;1.9208215e-01;7.7500000e+01;1.3862595e-01;7.7500000e+01;8.7346084e-02;7.7500000e+01;4.1854858e-02;7.7500000e+01;1.2771413e-04;7.7500000e+01;1.2388228e-02;7.7500000e+01;3.0650983e-02;7.7500000e+01;5.2904457e-02;7.7500000e+01;7.9919279e-02;7.7500000e+01;1.0849637e-01;7.7500000e+01;1.4227760e-01;7.7500000e+01;1.7912301e-01;7.7500000e+01;2.0801729e-01;7.7500000e+01;2.3118606e-01;7.7500000e+01;2.4928719e-01;7.7500000e+01;2.6336583e-01;7.7500000e+01;2.6266217e-01;7.7500000e+01;2.3588111e-01;7.7500000e+01;1.9208215e-01;7.7500000e+01;1.3862595e-01;7.7500000e+01;8.7346084e-02;7.7500000e+01;4.1854858e-02;7.7500000e+01;1.2771413e-04;7.7500000e+01;1.2388228e-02;7.7500000e+01;3.0650983e-02;7.7500000e+01;5.2904457e-02;7.7500000e+01;7.9919279e-02;7.7500000e+01;1.0849637e-01;7.7500000e+01;1.4227760e-01;7.7500000e+01;1.7912301e-01;7.7500000e+01;2.0801729e-01;7.7500000e+01;2.3118606e-01;7.7500000e+01;2.4928719e-01;7.7500000e+01;2.6336583e-01;7.7500000e+01;2.6266217e-01;7.7500000e+01;2.3588111e-01;7.7500000e+01;1.9208215e-01;7.7500000e+01;1.3862595e-01;7.7500000e+01;8.7346084e-02;7.7500000e+01;4.1854858e-02;7.7500000e+01;1.2771413e-04;7.7500000e+01;1.2388228e-02;7.7500000e+01;3.0650983e-02;7.7500000e+01;5.2904457e-02;7.7500000e+01;7.9919279e-02;7.7500000e+01;1.0849637e-01;7.7500000e+01;1.4227760e-01;7.7500000e+01;1.7912301e-01;7.7500000e+01;2.0801729e-01;7.7500000e+01;2.3118606e-01;7.7500000e+01;2.4928719e-01;7.7500000e+01;2.6336583e-01;7.7500000e+01;2.6266217e-01;7.7500000e+01;2.3588111e-01;7.7500000e+01;1.9208215e-01;7.7500000e+01;1.3862595e-01;7.7500000e+01;8.7346084e-02;7.7500000e+01;4.1854858e-02;7.7500000e+01;1.2771413e-04;7.7500000e+01;1.2388228e-02;7.7500000e+01;3.0650983e-02;7.7500000e+01;5.2904457e-02;7.7500000e+01;7.9919279e-02;7.7500000e+01;1.0849637e-01;7.7500000e+01;1.4227760e-01;7.7500000e+01;1.7912301e-01;7.7500000e+01;2.0801729e-01;7.7500000e+01;2.3118606e-01;7.7500000e+01;2.4928719e-01;7.7500000e+01;2.6336583e-01;7.7500000e+01;2.6266217e-01;7.7500000e+01;2.3588111e-01;7.7500000e+01;1.9208215e-01;7.7500000e+01;1.3862595e-01;7.7500000e+01;8.7346084e-02;7.7500000e+01;4.1854858e-02;7.7500000e+01;1.2771413e-04;7.7500000e+01;1.2388228e-02;7.7500000e+01;3.0650983e-02;7.7500000e+01;5.2904457e-02;7.7500000e+01;7.9919279e-02;7.7500000e+01;1.0849637e-01;7.7500000e+01;1.4227760e-01;7.7500000e+01;1.7912301e-01;7.7500000e+01;2.0801729e-01;7.7500000e+01;2.3118606e-01;7.7500000e+01;2.4928719e-01;7.7500000e+01;2.6336583e-01;7.7500000e+01;2.6266217e-01;7.7500000e+01;2.3588111e-01;7.7500000e+01;1.9208215e-01;7.7500000e+01;1.3862595e-01;7.7500000e+01;8.7346084e-02;7.7500000e+01;4.1854858e-02;7.7500000e+01;1.2771413e-04;7.7500000e+01;1.2388228e-02;7.7500000e+01;3.0650983e-02;7.7500000e+01;5.2904457e-02;7.7500000e+01;7.9919279e-02;7.7500000e+01;1.0849637e-01;7.7500000e+01;1.4227760e-01;7.7500000e+01;1.7912301e-01;7.7500000e+01;2.0801729e-01;7.7500000e+01;2.3118606e-01;7.7500000e+01;2.4928719e-01;7.7500000e+01;2.6336583e-01;7.7500000e+01;2.6266217e-01;7.7500000e+01;2.3588111e-01;7.7500000e+01;1.9208215e-01;7.7500000e+01;1.3862595e-01;7.7500000e+01;8.7346084e-02;7.7500000e+01;4.1854858e-02;7.7500000e+01;1.2771413e-04;7.7500000e+01;1.2388228e-02;7.7500000e+01;3.0650983e-02;7.7500000e+01;5.2904457e-02;7.7500000e+01;7.9919279e-02;7.7500000e+01;1.0849637e-01;7.7500000e+01;1.4227760e-01;7.7500000e+01;1.7912301e-01;7.7500000e+01;2.0801729e-01;7.7500000e+01;2.3118606e-01;7.7500000e+01;2.4928719e-01;7.7500000e+01;2.6336583e-01;7.7500000e+01;2.6266217e-01;7.7500000e+01;2.3588111e-01;7.7500000e+01;1.9208215e-01;7.7500000e+01;1.3862595e-01;7.7500000e+01;8.7346084e-02;7.7500000e+01;4.1854858e-02;7.7500000e+01;1.2771413e-04;7.7500000e+01;1.2388228e-02;7.7500000e+01;3.0650983e-02;7.7500000e+01;5.2904457e-02;7.7500000e+01;7.9919279e-02;7.7500000e+01;1.0849637e-01;7.7500000e+01;1.4227760e-01;7.7500000e+01;1.7912301e-01;7.7500000e+01;2.0801729e-01;7.7500000e+01;2.3118606e-01;7.7500000e+01;2.4928719e-01;7.7500000e+01;2.6336583e-01;7.7500000e+01;2.6266217e-01;7.7500000e+01;2.3588111e-01;7.7500000e+01;1.9208215e-01;7.7500000e+01;1.3862595e-01;7.7500000e+01;8.7346084e-02;7.7500000e+01;4.1854858e-02;7.7500000e+01;1.2771413e-04;7.7500000e+01;1.2388228e-02;7.7500000e+01;3.0650983e-02;7.7500000e+01;5.2904457e-02;7.7500000e+01;7.9919279e-02;7.7500000e+01;1.0849637e-01;7.7500000e+01;1.4227760e-01;7.7500000e+01;1.7912301e-01;7.7500000e+01;2.0801729e-01;7.7500000e+01;2.3118606e-01;7.7500000e+01;2.4928719e-01;7.7500000e+01;2.6336583e-01;7.7500000e+01;2.6266217e-01;7.7500000e+01;2.3588111e-01;7.7500000e+01;1.9208215e-01;7.7500000e+01;1.3862595e-01;7.7500000e+01;8.7346084e-02;7.7500000e+01;4.1854858e-02;7.7500000e+01;1.2771413e-04;7.7500000e+01;1.2388228e-02;7.7500000e+01;3.0650983e-02;7.7500000e+01;5.2904457e-02;7.7500000e+01;7.9919279e-02;7.7500000e+01;1.0849637e-01;7.7500000e+01;1.4227760e-01;7.7500000e+01;1.7912301e-01;7.7500000e+01;2.0801729e-01;7.7500000e+01;2.3118606e-01;7.7500000e+01;2.4928719e-01;7.7500000e+01;2.6336583e-01;7.7500000e+01;2.6266217e-01;7.7500000e+01;2.3588111e-01;7.7500000e+01;1.9208215e-01;7.7500000e+01;1.3862595e-01;7.7500000e+01;8.7346084e-02;7.7500000e+01;4.1854858e-02;7.7500000e+01;1.2771413e-04;7.7500000e+01;1.2388228e-02;7.7500000e+01;3.0650983e-02;7.7500000e+01;5.2904457e-02;7.7500000e+01;7.9919279e-02;7.7500000e+01;1.0849637e-01;7.7500000e+01;1.4227760e-01;7.7500000e+01;1.7912301e-01;7.7500000e+01;2.0801729e-01;7.7500000e+01;2.3118606e-01;7.7500000e+01;2.4928719e-01;7.7500000e+01;2.6336583e-01;7.7500000e+01;2.6266217e-01;7.7500000e+01;2.3588111e-01;7.7500000e+01;1.9208215e-01;7.7500000e+01;1.3862595e-01;7.7500000e+01;8.7346084e-02;7.7500000e+01;4.1854858e-02;7.7500000e+01;1.2771413e-04;7.7500000e+01;1.2388228e-02;7.7500000e+01;3.0650983e-02;7.7500000e+01;5.2904457e-02;7.7500000e+01;7.9919279e-02;7.7500000e+01;1.0849637e-01;7.7500000e+01;1.4227760e-01;7.7500000e+01;1.7912301e-01;7.7500000e+01;2.0801729e-01;7.7500000e+01;2.3118606e-01;7.7500000e+01;2.4928719e-01;7.7500000e+01;2.6336583e-01;7.7500000e+01;2.6266217e-01;7.7500000e+01;2.3588111e-01;7.7500000e+01;1.9208215e-01;7.7500000e+01;1.3862595e-01;7.7500000e+01;8.7346084e-02;7.7500000e+01;4.1854858e-02;7.7500000e+01;1.2771413e-04;7.7500000e+01;1.2388228e-02;7.7500000e+01;3.0650983e-02;7.7500000e+01;5.2904457e-02;7.7500000e+01;7.9919279e-02;7.7500000e+01;1.0849637e-01;7.7500000e+01;1.4227760e-01;7.7500000e+01;1.7912301e-01;7.7500000e+01;2.0801729e-01;7.7500000e+01;2.3118606e-01;7.7500000e+01;2.4928719e-01;7.7500000e+01;2.6336583e-01;7.7500000e+01;2.6266217e-01;7.7500000e+01;2.3588111e-01;7.7500000e+01;1.9208215e-01;7.7500000e+01;1.3862595e-01;7.7500000e+01;8.7346084e-02;7.7500000e+01;4.1854858e-02;7.7500000e+01;1.2771413e-04;7.7500000e+01;1.2388228e-02;7.7500000e+01;3.0650983e-02;7.7500000e+01;5.2904457e-02;7.7500000e+01;7.9919279e-02;7.7500000e+01;1.0849637e-01;7.7500000e+01;1.4227760e-01;7.7500000e+01;1.7912301e-01;7.7500000e+01;2.0801729e-01;7.7500000e+01;2.3118606e-01;7.7500000e+01;2.4928719e-01;7.7500000e+01;2.6336583e-01;7.7500000e+01;2.6266217e-01;7.7500000e+01;2.3588111e-01;7.7500000e+01;1.9208215e-01;7.7500000e+01;1.3862595e-01;7.7500000e+01;8.7346084e-02;7.7500000e+01;4.1854858e-02;7.7500000e+01;1.2771413e-04;7.7500000e+01;1.2388228e-02;7.7500000e+01;3.0650983e-02;7.7500000e+01;5.2904457e-02;7.7500000e+01;7.9919279e-02;7.7500000e+01;1.0849637e-01;7.7500000e+01;1.4227760e-01;7.7500000e+01;1.7912301e-01;7.7500000e+01;2.0801729e-01;7.7500000e+01;2.3118606e-01;7.7500000e+01;2.4928719e-01;7.7500000e+01;2.6336583e-01;7.7500000e+01;2.6266217e-01;7.7500000e+01;2.3588111e-01;7.7500000e+01;1.9208215e-01;7.7500000e+01;1.3862595e-01;7.7500000e+01;8.7346084e-02;7.7500000e+01;4.1854858e-02;7.7500000e+01;1.2771413e-04;7.7500000e+01;1.2388228e-02;7.7500000e+01;3.0650983e-02;7.7500000e+01;5.2904457e-02;7.7500000e+01;7.9919279e-02;7.7500000e+01;1.0849637e-01;7.7500000e+01;1.4227760e-01;7.7500000e+01;1.7912301e-01;7.7500000e+01;2.0801729e-01;7.7500000e+01;2.3118606e-01;7.7500000e+01;2.4928719e-01;7.7500000e+01;2.6336583e-01;7.7500000e+01;2.6266217e-01;7.7500000e+01;2.3588111e-01;7.7500000e+01;1.9208215e-01;7.7500000e+01;1.3862595e-01;7.7500000e+01;8.7346084e-02;7.7500000e+01;4.1854858e-02;7.7500000e+01;1.2771413e-04;7.7500000e+01;1.2388228e-02;7.7500000e+01;3.0650983e-02;7.7500000e+01;5.2904457e-02;7.7500000e+01;7.9919279e-02;7.7500000e+01;1.0849637e-01;7.7500000e+01;1.4227760e-01;7.7500000e+01;1.7912301e-01;7.7500000e+01;2.0801729e-01;7.7500000e+01;2.3118606e-01;7.7500000e+01;2.4928719e-01;7.7500000e+01;2.6336583e-01;7.7500000e+01;2.6266217e-01;7.7500000e+01;2.3588111e-01;7.7500000e+01;1.9208215e-01;7.7500000e+01;1.3862595e-01;7.7500000e+01;8.7346084e-02;7.7500000e+01;4.1854858e-02;7.7500000e+01;1.2771413e-04;7.7500000e+01;1.2388228e-02;7.7500000e+01;3.0650983e-02;7.7500000e+01;5.2904457e-02;7.7500000e+01;7.9919279e-02;7.7500000e+01;1.0849637e-01;7.7500000e+01;1.4227760e-01;7.7500000e+01;1.7912301e-01;7.7500000e+01;2.0801729e-01;7.7500000e+01;2.3118606e-01;7.7500000e+01;2.4928719e-01;7.7500000e+01;2.6336583e-01;7.7500000e+01;2.6266217e-01;7.7500000e+01;2.3588111e-01;7.7500000e+01;1.9208215e-01;7.7500000e+01;1.3862595e-01;7.7500000e+01;8.7346084e-02;7.7500000e+01;4.1854858e-02;7.7500000e+01;1.2771413e-04;7.7500000e+01;1.2388228e-02;7.7500000e+01;3.0650983e-02;7.7500000e+01;5.2904457e-02;7.7500000e+01;7.9919279e-02;7.7500000e+01;1.0849637e-01;7.7500000e+01;1.4227760e-01;7.7500000e+01;1.7912301e-01;7.7500000e+01;2.0801729e-01;7.7500000e+01;2.3118606e-01;7.7500000e+01;2.4928719e-01;7.7500000e+01;2.6336583e-01;7.7500000e+01;2.6266217e-01;7.7500000e+01;2.3588111e-01;7.7500000e+01;1.9208215e-01;7.7500000e+01;1.3862595e-01;7.7500000e+01;8.7346084e-02;7.7500000e+01;4.1854858e-02;7.7500000e+01;1.2771413e-04;7.7500000e+01;1.2388228e-02;7.7500000e+01;3.0650983e-02;7.7500000e+01;5.2904457e-02;7.7500000e+01;7.9919279e-02;7.7500000e+01;1.0849637e-01;7.7500000e+01;1.4227760e-01;7.7500000e+01;1.7912301e-01;7.7500000e+01;2.0801729e-01;7.7500000e+01;2.3118606e-01;7.7500000e+01;2.4928719e-01;7.7500000e+01;2.6336583e-01;7.7500000e+01;2.6266217e-01;7.7500000e+01;2.3588111e-01;7.7500000e+01;1.9208215e-01;7.7500000e+01;1.3862595e-01;7.7500000e+01;8.7346084e-02;7.7500000e+01;4.1854858e-02;7.7500000e+01;1.2771413e-04;7.7500000e+01;1.2388228e-02;7.7500000e+01;3.0650983e-02;7.7500000e+01;5.2904457e-02;7.7500000e+01;7.9919279e-02;7.7500000e+01;1.0849637e-01;7.7500000e+01;1.4227760e-01;7.7500000e+01;1.7912301e-01;7.7500000e+01;2.0801729e-01;7.7500000e+01;2.3118606e-01;7.7500000e+01;2.4928719e-01;7.7500000e+01;2.6336583e-01;7.7500000e+01;2.6266217e-01;7.7500000e+01;2.3588111e-01;7.7500000e+01;1.9208215e-01;7.7500000e+01;1.3862595e-01;7.7500000e+01;8.7346084e-02;7.7500000e+01;4.1854858e-02;7.7500000e+01;1.2771413e-04;7.7500000e+01;1.2388228e-02;7.7500000e+01;3.0650983e-02;7.7500000e+01;5.2904457e-02;7.7500000e+01;7.9919279e-02;7.7500000e+01;1.0849637e-01;7.7500000e+01;1.4227760e-01;7.7500000e+01;1.7912301e-01;7.7500000e+01;2.0801729e-01;7.7500000e+01;2.3118606e-01;7.7500000e+01;2.4928719e-01;7.7500000e+01;2.6336583e-01;7.7500000e+01;2.6266217e-01;7.7500000e+01;2.3588111e-01;7.7500000e+01;1.9208215e-01;7.7500000e+01;1.3862595e-01;7.7500000e+01;8.7346084e-02;7.7500000e+01;4.1854858e-02;7.7500000e+01;1.2771413e-04;7.7500000e+01;1.2388228e-02;7.7500000e+01;3.0650983e-02;7.7500000e+01;5.2904457e-02;7.7500000e+01;7.9919279e-02;7.7500000e+01;1.0849637e-01;7.7500000e+01;1.4227760e-01;7.7500000e+01;1.7912301e-01;7.7500000e+01;2.0801729e-01;7.7500000e+01;2.3118606e-01;7.7500000e+01;2.4928719e-01;7.7500000e+01;2.6336583e-01;7.7500000e+01;2.6266217e-01;7.7500000e+01;2.3588111e-01;7.7500000e+01;1.9208215e-01;7.7500000e+01;1.3862595e-01;7.7500000e+01;8.7346084e-02;7.7500000e+01;4.1854858e-02;7.7500000e+01;1.2771413e-04;7.7500000e+01;1.2388228e-02;7.7500000e+01;3.0650983e-02;7.7500000e+01;5.2904457e-02;7.7500000e+01;7.9919279e-02;7.7500000e+01;1.0849637e-01;7.7500000e+01;1.4227760e-01;7.7500000e+01;1.7912301e-01;7.7500000e+01;2.0801729e-01;7.7500000e+01;2.3118606e-01;7.7500000e+01;2.4928719e-01;7.7500000e+01;2.6336583e-01;7.7500000e+01;2.6266217e-01;7.7500000e+01;2.3588111e-01;7.7500000e+01;1.9208215e-01;7.7500000e+01;1.3862595e-01;7.7500000e+01;8.7346084e-02;7.7500000e+01;4.1854858e-02;7.7500000e+01;1.2771413e-04;7.7500000e+01;1.2388228e-02;7.7500000e+01;3.0650983e-02;7.7500000e+01;5.2904457e-02;7.7500000e+01;7.9919279e-02;7.7500000e+01;1.0849637e-01;7.7500000e+01;1.4227760e-01;7.7500000e+01;1.7912301e-01;7.7500000e+01;2.0801729e-01;7.7500000e+01;2.3118606e-01;7.7500000e+01;2.4928719e-01;7.7500000e+01;2.6336583e-01;7.7500000e+01;2.6266217e-01;7.7500000e+01;2.3588111e-01;7.7500000e+01;1.9208215e-01;7.7500000e+01;1.3862595e-01;7.7500000e+01;8.7346084e-02;7.7500000e+01;4.1854858e-02;7.7500000e+01;1.2771413e-04;7.7500000e+01;1.2388228e-02;7.7500000e+01;3.0650983e-02;7.7500000e+01;5.2904457e-02;7.7500000e+01;7.9919279e-02;7.7500000e+01;1.0849637e-01;7.7500000e+01;1.4227760e-01;7.7500000e+01;1.7912301e-01;7.7500000e+01;2.0801729e-01;7.7500000e+01;2.3118606e-01;7.7500000e+01;2.4928719e-01;7.7500000e+01;2.6336583e-01;7.7500000e+01;2.6266217e-01;7.7500000e+01;2.3588111e-01;7.7500000e+01;1.9208215e-01;7.7500000e+01;1.3862595e-01;7.7500000e+01;8.7346084e-02;7.7500000e+01;4.1854858e-02;7.7500000e+01;1.2771413e-04;7.7500000e+01;1.2388228e-02;7.7500000e+01;3.0650983e-02;7.7500000e+01;5.2904457e-02;7.7500000e+01;7.9919279e-02;7.7500000e+01;1.0849637e-01;7.7500000e+01;1.4227760e-01;7.7500000e+01;1.7912301e-01;7.7500000e+01;2.0801729e-01;7.7500000e+01;2.3118606e-01;7.7500000e+01;2.4928719e-01;7.7500000e+01;2.6336583e-01;7.7500000e+01;2.6266217e-01;7.7500000e+01;2.3588111e-01;7.7500000e+01;1.9208215e-01;7.7500000e+01;1.3862595e-01;7.7500000e+01;8.7346084e-02;7.7500000e+01;4.1854858e-02;7.7500000e+01;1.2771413e-04;7.7500000e+01;1.2388228e-02;7.7500000e+01;3.0650983e-02;7.7500000e+01;5.2904457e-02;7.7500000e+01;7.9919279e-02;7.7500000e+01;1.0849637e-01;7.7500000e+01;1.4227760e-01;7.7500000e+01;1.7912301e-01;7.7500000e+01;2.0801729e-01;7.7500000e+01;2.3118606e-01;7.7500000e+01;2.4928719e-01;7.7500000e+01;2.6336583e-01;7.7500000e+01;2.6266217e-01;7.7500000e+01;2.3588111e-01;7.7500000e+01;1.9208215e-01;7.7500000e+01;1.3862595e-01;7.7500000e+01;8.7346084e-02;7.7500000e+01;4.1854858e-02;7.7500000e+01;1.2771413e-04;7.7500000e+01;1.2388228e-02;7.7500000e+01;3.0650983e-02;7.7500000e+01;5.2904457e-02;7.7500000e+01;7.9919279e-02;7.7500000e+01;1.0849637e-01;7.7500000e+01;1.4227760e-01;7.7500000e+01;1.7912301e-01;7.7500000e+01;2.0801729e-01;7.7500000e+01;2.3118606e-01;7.7500000e+01;2.4928719e-01;7.7500000e+01;2.6336583e-01;7.7500000e+01;2.6266217e-01;7.7500000e+01;2.3588111e-01;7.7500000e+01;1.9208215e-01;7.7500000e+01;1.3862595e-01;7.7500000e+01;8.7346084e-02;7.7500000e+01;4.1854858e-02;7.7500000e+01;1.2771413e-04;7.7500000e+01;1.2388228e-02;7.7500000e+01;3.0650983e-02;7.7500000e+01;5.2904457e-02;7.7500000e+01;7.9919279e-02;7.7500000e+01;1.0849637e-01;7.7500000e+01;1.4227760e-01;7.7500000e+01;1.7912301e-01;7.7500000e+01;2.0801729e-01;7.7500000e+01;2.3118606e-01;7.7500000e+01;2.4928719e-01;7.7500000e+01;2.6336583e-01;7.7500000e+01;2.6266217e-01;7.7500000e+01;2.3588111e-01;7.7500000e+01;1.9208215e-01;7.7500000e+01;1.3862595e-01;7.7500000e+01;8.7346084e-02;7.7500000e+01;4.1854858e-02;7.7500000e+01;1.2771413e-04;7.7500000e+01;1.2388228e-02;7.7500000e+01;3.0650983e-02;7.7500000e+01;5.2904457e-02;7.7500000e+01;7.9919279e-02;7.7500000e+01;1.0849637e-01;7.7500000e+01;1.4227760e-01;7.7500000e+01;1.7912301e-01;7.7500000e+01;2.0801729e-01;7.7500000e+01;2.3118606e-01;7.7500000e+01;2.4928719e-01;7.7500000e+01;2.6336583e-01;7.7500000e+01;2.6266217e-01;7.7500000e+01;2.3588111e-01;7.7500000e+01;1.9208215e-01;7.7500000e+01;1.3862595e-01;7.7500000e+01;8.7346084e-02;7.7500000e+01;4.1854858e-02;7.7500000e+01;1.2771413e-04;7.7500000e+01;1.2388228e-02;7.7500000e+01;3.0650983e-02;7.7500000e+01;5.2904457e-02;7.7500000e+01;7.9919279e-02;7.7500000e+01;1.0849637e-01;7.7500000e+01;1.4227760e-01;7.7500000e+01;1.7912301e-01;7.7500000e+01;2.0801729e-01;7.7500000e+01;2.3118606e-01;7.7500000e+01;2.4928719e-01;7.7500000e+01;2.6336583e-01;7.7500000e+01;2.6266217e-01;7.7500000e+01;2.3588111e-01;7.7500000e+01;1.9208215e-01;7.7500000e+01;1.3862595e-01;7.7500000e+01;8.7346084e-02;7.7500000e+01;4.1854858e-02;7.7500000e+01;1.2771413e-04;7.7500000e+01;1.2388228e-02;7.7500000e+01;3.0650983e-02;7.7500000e+01;5.2904457e-02;7.7500000e+01;7.9919279e-02;7.7500000e+01;1.0849637e-01;7.7500000e+01;1.4227760e-01;7.7500000e+01;1.7912301e-01;7.7500000e+01;2.0801729e-01;7.7500000e+01;2.3118606e-01;7.7500000e+01;2.4928719e-01;7.7500000e+01;2.6336583e-01;7.7500000e+01;2.6266217e-01;7.7500000e+01;2.3588111e-01;7.7500000e+01;1.9208215e-01;7.7500000e+01;1.3862595e-01;7.7500000e+01;8.7346084e-02;7.7500000e+01;4.1854858e-02;7.7500000e+01;1.2771413e-04;7.7500000e+01;1.2388228e-02;7.7500000e+01;3.0650983e-02;7.7500000e+01;5.2904457e-02;7.7500000e+01;7.9919279e-02;7.7500000e+01;1.0849637e-01;7.7500000e+01;1.4227760e-01;7.7500000e+01;1.7912301e-01;7.7500000e+01;2.0801729e-01;7.7500000e+01;2.3118606e-01;7.7500000e+01;2.4928719e-01;7.7500000e+01;2.6336583e-01;7.7500000e+01;2.6266217e-01;7.7500000e+01;2.3588111e-01;7.7500000e+01;1.9208215e-01;7.7500000e+01;1.3862595e-01;7.7500000e+01;8.7346084e-02;7.7500000e+01;4.1854858e-02;7.7500000e+01;1.2771413e-04;7.7500000e+01;1.2388228e-02;7.7500000e+01;3.0650983e-02;7.7500000e+01;5.2904457e-02;7.7500000e+01;7.9919279e-02;7.7500000e+01;1.0849637e-01;7.7500000e+01;1.4227760e-01;7.7500000e+01;1.7912301e-01;7.7500000e+01;2.0801729e-01;7.7500000e+01;2.3118606e-01;7.7500000e+01;2.4928719e-01;7.7500000e+01;2.6336583e-01;7.7500000e+01;2.6266217e-01;7.7500000e+01;2.3588111e-01;7.7500000e+01;1.9208215e-01;7.7500000e+01;1.3862595e-01;7.7500000e+01;8.7346084e-02;7.7500000e+01;4.1854858e-02;7.7500000e+01;1.2771413e-04;7.7500000e+01;1.2388228e-02;7.7500000e+01;3.0650983e-02;7.7500000e+01;5.2904457e-02;7.7500000e+01;7.9919279e-02;7.7500000e+01;1.0849637e-01;7.7500000e+01;1.4227760e-01;7.7500000e+01;1.7912301e-01;7.7500000e+01;2.0801729e-01;7.7500000e+01;2.3118606e-01;7.7500000e+01;2.4928719e-01;7.7500000e+01;2.6336583e-01;7.7500000e+01;2.6266217e-01;7.7500000e+01;2.3588111e-01;7.7500000e+01;1.9208215e-01;7.7500000e+01;1.3862595e-01;7.7500000e+01;8.7346084e-02;7.7500000e+01;4.1854858e-02;7.7500000e+01;1.2771413e-04;7.7500000e+01;1.2388228e-02;7.7500000e+01;3.0650983e-02;7.7500000e+01;5.2904457e-02;7.7500000e+01;7.9919279e-02;7.7500000e+01;1.0849637e-01;7.7500000e+01;1.4227760e-01;7.7500000e+01;1.7912301e-01;7.7500000e+01;2.0801729e-01;7.7500000e+01;2.3118606e-01;7.7500000e+01;2.4928719e-01;7.7500000e+01;2.6336583e-01;7.7500000e+01;2.6266217e-01;7.7500000e+01;2.3588111e-01;7.7500000e+01;1.9208215e-01;7.7500000e+01;1.3862595e-01;7.7500000e+01;8.7346084e-02;7.7500000e+01;4.1854858e-02;7.7500000e+01;1.2771413e-04;7.7500000e+01;1.2388228e-02;7.7500000e+01;3.0650983e-02;7.7500000e+01;5.2904457e-02;7.7500000e+01;7.9919279e-02;7.7500000e+01;1.0849637e-01;7.7500000e+01;1.4227760e-01;7.7500000e+01;1.7912301e-01;7.7500000e+01;2.0801729e-01;7.7500000e+01;2.3118606e-01;7.7500000e+01;2.4928719e-01;7.7500000e+01;2.6336583e-01;7.7500000e+01;2.6266217e-01;7.7500000e+01;2.3588111e-01;7.7500000e+01;1.9208215e-01;7.7500000e+01;1.3862595e-01;7.7500000e+01;8.7346084e-02;7.7500000e+01;4.1854858e-02;7.7500000e+01;1.2771413e-04;7.7500000e+01;1.2388228e-02;7.7500000e+01;3.0650983e-02;7.7500000e+01;5.2904457e-02;7.7500000e+01;7.9919279e-02;7.7500000e+01;1.0849637e-01;7.7500000e+01;1.4227760e-01;7.7500000e+01;1.7912301e-01;7.7500000e+01;2.0801729e-01;7.7500000e+01;2.3118606e-01;7.7500000e+01;2.4928719e-01;7.7500000e+01;2.6336583e-01;7.7500000e+01;2.6266217e-01;7.7500000e+01;2.3588111e-01;7.7500000e+01;1.9208215e-01;7.7500000e+01;1.3862595e-01;7.7500000e+01;8.7346084e-02;7.7500000e+01;4.1854858e-02;7.7500000e+01;1.2771413e-04;7.7500000e+01;1.2388228e-02;7.7500000e+01;3.0650983e-02;7.7500000e+01;5.2904457e-02;7.7500000e+01;7.9919279e-02;7.7500000e+01;1.0849637e-01;7.7500000e+01;1.4227760e-01;7.7500000e+01;1.7912301e-01;7.7500000e+01;2.0801729e-01;7.7500000e+01;2.3118606e-01;7.7500000e+01;2.4928719e-01;7.7500000e+01;2.6336583e-01;7.7500000e+01;2.6266217e-01;7.7500000e+01;2.3588111e-01;7.7500000e+01;1.9208215e-01;7.7500000e+01;1.3862595e-01;7.7500000e+01;8.7346084e-02;7.7500000e+01;4.1854858e-02;7.7500000e+01;1.2771413e-04;7.7500000e+01;1.2388228e-02;7.7500000e+01;3.0650983e-02;7.7500000e+01;5.2904457e-02;7.7500000e+01;7.9919279e-02;7.7500000e+01;1.0849637e-01;7.7500000e+01;1.4227760e-01;7.7500000e+01;1.7912301e-01;7.7500000e+01;2.0801729e-01;7.7500000e+01;2.3118606e-01;7.7500000e+01;2.4928719e-01;7.7500000e+01;2.6336583e-01;7.7500000e+01;2.6266217e-01;7.7500000e+01;2.3588111e-01;7.7500000e+01;1.9208215e-01;7.7500000e+01;1.3862595e-01;7.7500000e+01;8.7346084e-02;7.7500000e+01;4.1854858e-02;7.7500000e+01;1.2771413e-04;7.7500000e+01;1.2388228e-02;7.7500000e+01;3.0650983e-02;7.7500000e+01;5.2904457e-02;7.7500000e+01;7.9919279e-02;7.7500000e+01;1.0849637e-01;7.7500000e+01;1.4227760e-01;7.7500000e+01;1.7912301e-01;7.7500000e+01;2.0801729e-01;7.7500000e+01;2.3118606e-01;7.7500000e+01;2.4928719e-01;7.7500000e+01;2.6336583e-01;7.7500000e+01;2.6266217e-01;7.7500000e+01;2.3588111e-01;7.7500000e+01;1.9208215e-01;7.7500000e+01;1.3862595e-01;7.7500000e+01;8.7346084e-02;7.7500000e+01;4.1854858e-02;7.7500000e+01;1.2771413e-04;7.7500000e+01;1.2388228e-02;7.7500000e+01;3.0650983e-02;7.7500000e+01;5.2904457e-02;7.7500000e+01;7.9919279e-02;7.7500000e+01;1.0849637e-01;7.7500000e+01;1.4227760e-01;7.7500000e+01;1.7912301e-01;7.7500000e+01;2.0801729e-01;7.7500000e+01;2.3118606e-01;7.7500000e+01;2.4928719e-01;7.7500000e+01;2.6336583e-01;7.7500000e+01;2.6266217e-01;7.7500000e+01;2.3588111e-01;7.7500000e+01;1.9208215e-01;7.7500000e+01;1.3862595e-01;7.7500000e+01;8.7346084e-02;7.7500000e+01;4.1854858e-02;7.7500000e+01;1.2771413e-04;7.7500000e+01;1.2388228e-02;7.7500000e+01;3.0650983e-02;7.7500000e+01;5.2904457e-02;7.7500000e+01;7.9919279e-02;7.7500000e+01;1.0849637e-01;7.7500000e+01;1.4227760e-01;7.7500000e+01;1.7912301e-01;7.7500000e+01;2.0801729e-01;7.7500000e+01;2.3118606e-01;7.7500000e+01;2.4928719e-01;7.7500000e+01;2.6336583e-01;7.7500000e+01;2.6266217e-01;7.7500000e+01;2.3588111e-01;7.7500000e+01;1.9208215e-01;7.7500000e+01;1.3862595e-01;7.7500000e+01;8.7346084e-02;7.7500000e+01;4.1854858e-02;7.7500000e+01;1.2771413e-04;7.7500000e+01;1.2388228e-02;7.7500000e+01;3.0650983e-02;7.7500000e+01;5.2904457e-02;7.7500000e+01;7.9919279e-02;7.7500000e+01;1.0849637e-01;7.7500000e+01;1.4227760e-01;7.7500000e+01;1.7912301e-01;7.7500000e+01;2.0801729e-01;7.7500000e+01;2.3118606e-01;7.7500000e+01;2.4928719e-01;7.7500000e+01;2.6336583e-01;7.7500000e+01;2.6266217e-01;7.7500000e+01;2.3588111e-01;7.7500000e+01;1.9208215e-01;7.7500000e+01;1.3862595e-01;7.7500000e+01;8.7346084e-02;7.7500000e+01;4.1854858e-02;7.7500000e+01;1.2771413e-04;7.7500000e+01;1.2388228e-02;7.7500000e+01;3.0650983e-02;7.7500000e+01;5.2904457e-02;7.7500000e+01;7.9919279e-02;7.7500000e+01;1.0849637e-01;7.7500000e+01;1.4227760e-01;7.7500000e+01;1.7912301e-01;7.7500000e+01;2.0801729e-01;7.7500000e+01;2.3118606e-01;7.7500000e+01;2.4928719e-01;7.7500000e+01;2.6336583e-01;7.7500000e+01;2.6266217e-01;7.7500000e+01;2.3588111e-01;7.7500000e+01;1.9208215e-01;7.7500000e+01;1.3862595e-01;7.7500000e+01;8.7346084e-02;7.7500000e+01;4.1854858e-02;7.7500000e+01;1.2771413e-04;7.7500000e+01;1.2388228e-02;7.7500000e+01;3.0650983e-02;7.7500000e+01;5.2904457e-02;7.7500000e+01;7.9919279e-02;7.7500000e+01;1.0849637e-01;7.7500000e+01;1.4227760e-01;7.7500000e+01;1.7912301e-01;7.7500000e+01;2.0801729e-01;7.7500000e+01;2.3118606e-01;7.7500000e+01;2.4928719e-01;7.7500000e+01;2.6336583e-01;7.7500000e+01;2.6266217e-01;7.7500000e+01;2.3588111e-01;7.7500000e+01;1.9208215e-01;7.7500000e+01;1.3862595e-01;7.7500000e+01;8.7346084e-02;7.7500000e+01;4.1854858e-02;7.7500000e+01;1.2771413e-04;7.7500000e+01;1.2388228e-02;7.7500000e+01;3.0650983e-02;7.7500000e+01;5.2904457e-02;7.7500000e+01;7.9919279e-02;7.7500000e+01;1.0849637e-01;7.7500000e+01;1.4227760e-01;7.7500000e+01;1.7912301e-01;7.7500000e+01;2.0801729e-01;7.7500000e+01;2.3118606e-01;7.7500000e+01;2.4928719e-01;7.7500000e+01;2.6336583e-01;7.7500000e+01;2.6266217e-01;7.7500000e+01;2.3588111e-01;7.7500000e+01;1.9208215e-01;7.7500000e+01;1.3862595e-01;7.7500000e+01;8.7346084e-02;7.7500000e+01;4.1854858e-02;7.7500000e+01;1.2771413e-04;7.7500000e+01;1.2388228e-02;7.7500000e+01;3.0650983e-02;7.7500000e+01;5.2904457e-02;7.7500000e+01;7.9919279e-02;7.7500000e+01;1.0849637e-01;7.7500000e+01;1.4227760e-01;7.7500000e+01;1.7912301e-01;7.7500000e+01;2.0801729e-01;7.7500000e+01;2.3118606e-01;7.7500000e+01;2.4928719e-01;7.7500000e+01;2.6336583e-01;7.7500000e+01;2.6266217e-01;7.7500000e+01;2.3588111e-01;7.7500000e+01;1.9208215e-01;7.7500000e+01;1.3862595e-01;7.7500000e+01;8.7346084e-02;7.7500000e+01;4.1854858e-02;7.7500000e+01;1.2771413e-04;7.7500000e+01;1.2388228e-02;7.7500000e+01;3.0650983e-02;7.7500000e+01;5.2904457e-02;7.7500000e+01;7.9919279e-02;7.7500000e+01;1.0849637e-01;7.7500000e+01;1.4227760e-01;7.7500000e+01;1.7912301e-01;7.7500000e+01;2.0801729e-01;7.7500000e+01;2.3118606e-01;7.7500000e+01;2.4928719e-01;7.7500000e+01;2.6336583e-01;7.7500000e+01;2.6266217e-01;7.7500000e+01;2.3588111e-01;7.7500000e+01;1.9208215e-01;7.7500000e+01;1.3862595e-01;7.7500000e+01;8.7346084e-02;7.7500000e+01;4.1854858e-02;7.7500000e+01;1.2771413e-04;7.7500000e+01;1.2388228e-02;7.7500000e+01;3.0650983e-02;7.7500000e+01;5.2904457e-02;7.7500000e+01;7.9919279e-02;7.7500000e+01;1.0849637e-01;7.7500000e+01;1.4227760e-01;7.7500000e+01;1.7912301e-01;7.7500000e+01;2.0801729e-01;7.7500000e+01;2.3118606e-01;7.7500000e+01;2.4928719e-01;7.7500000e+01;2.6336583e-01;7.7500000e+01;2.6266217e-01;7.7500000e+01;2.3588111e-01;7.7500000e+01;1.9208215e-01;7.7500000e+01;1.3862595e-01;7.7500000e+01;8.7346084e-02;7.7500000e+01;4.1854858e-02;7.7500000e+01;1.2771413e-04;7.7500000e+01;1.2388228e-02;7.7500000e+01;3.0650983e-02;7.7500000e+01;5.2904457e-02;7.7500000e+01;7.9919279e-02;7.7500000e+01;1.0849637e-01;7.7500000e+01;1.4227760e-01;7.7500000e+01;1.7912301e-01;7.7500000e+01;2.0801729e-01;7.7500000e+01;2.3118606e-01;7.7500000e+01;2.4928719e-01;7.7500000e+01;2.6336583e-01;7.7500000e+01;2.6266217e-01;7.7500000e+01;2.3588111e-01;7.7500000e+01;1.9208215e-01;7.7500000e+01;1.3862595e-01;7.7500000e+01;8.7346084e-02;7.7500000e+01;4.1854858e-02;7.7500000e+01;1.2771413e-04;7.7500000e+01;1.2388228e-02;7.7500000e+01;3.0650983e-02;7.7500000e+01;5.2904457e-02;7.7500000e+01;7.9919279e-02;7.7500000e+01;1.0849637e-01;7.7500000e+01;1.4227760e-01;7.7500000e+01;1.7912301e-01;7.7500000e+01;2.0801729e-01;7.7500000e+01;2.3118606e-01;7.7500000e+01;2.4928719e-01;7.7500000e+01;2.6336583e-01;7.7500000e+01;2.6266217e-01;7.7500000e+01;2.3588111e-01;7.7500000e+01;1.9208215e-01;7.7500000e+01;1.3862595e-01;7.7500000e+01;8.7346084e-02;7.7500000e+01;4.1854858e-02;7.7500000e+01;1.2771413e-04;7.7500000e+01;1.2388228e-02;7.7500000e+01;3.0650983e-02;7.7500000e+01;5.2904457e-02;7.7500000e+01;7.9919279e-02;7.7500000e+01;1.0849637e-01;7.7500000e+01;1.4227760e-01;7.7500000e+01;1.7912301e-01;7.7500000e+01;2.0801729e-01;7.7500000e+01;2.3118606e-01;7.7500000e+01;2.4928719e-01;7.7500000e+01;2.6336583e-01;7.7500000e+01;2.6266217e-01;7.7500000e+01;2.3588111e-01;7.7500000e+01;1.9208215e-01;7.7500000e+01;1.3862595e-01;7.7500000e+01;8.7346084e-02;7.7500000e+01;4.1854858e-02;7.7500000e+01;1.2771413e-04;7.7500000e+01;1.2388228e-02;7.7500000e+01;3.0650983e-02;7.7500000e+01;5.2904457e-02;7.7500000e+01;7.9919279e-02;7.7500000e+01;1.0849637e-01;7.7500000e+01;1.4227760e-01;7.7500000e+01;1.7912301e-01;7.7500000e+01;2.0801729e-01;7.7500000e+01;2.3118606e-01;7.7500000e+01;2.4928719e-01;7.7500000e+01;2.6336583e-01;7.7500000e+01;2.6266217e-01;7.7500000e+01;2.3588111e-01;7.7500000e+01;1.9208215e-01;7.7500000e+01;1.3862595e-01;7.7500000e+01;8.7346084e-02;7.7500000e+01;4.1854858e-02;7.7500000e+01;1.2771413e-04;7.7500000e+01;1.2388228e-02;7.7500000e+01;3.0650983e-02;7.7500000e+01;5.2904457e-02;7.7500000e+01;7.9919279e-02;7.7500000e+01;1.0849637e-01;7.7500000e+01;1.4227760e-01;7.7500000e+01;1.7912301e-01;7.7500000e+01;2.0801729e-01;7.7500000e+01;2.3118606e-01;7.7500000e+01;2.4928719e-01;7.7500000e+01;2.6336583e-01;7.7500000e+01;2.6266217e-01;7.7500000e+01;2.3588111e-01;7.7500000e+01;1.9208215e-01;7.7500000e+01;1.3862595e-01;7.7500000e+01;8.7346084e-02;7.7500000e+01;4.1854858e-02;7.7500000e+01;1.2771413e-04;7.7500000e+01;1.2388228e-02;7.7500000e+01;3.0650983e-02;7.7500000e+01;5.2904457e-02;7.7500000e+01;7.9919279e-02;7.7500000e+01;1.0849637e-01;7.7500000e+01;1.4227760e-01;7.7500000e+01;1.7912301e-01;7.7500000e+01;2.0801729e-01;7.7500000e+01;2.3118606e-01;7.7500000e+01;2.4928719e-01;7.7500000e+01;2.6336583e-01;7.7500000e+01;2.6266217e-01;7.7500000e+01;2.3588111e-01;7.7500000e+01;1.9208215e-01;7.7500000e+01;1.3862595e-01;7.7500000e+01;8.7346084e-02;7.7500000e+01;4.1854858e-02;7.7500000e+01;1.2771413e-04;7.7500000e+01;1.2388228e-02;7.7500000e+01;3.0650983e-02;7.7500000e+01;5.2904457e-02;7.7500000e+01;7.9919279e-02;7.7500000e+01;1.0849637e-01;7.7500000e+01;1.4227760e-01;7.7500000e+01;1.7912301e-01;7.7500000e+01;2.0801729e-01;7.7500000e+01;2.3118606e-01;7.7500000e+01;2.4928719e-01;7.7500000e+01;2.6336583e-01;7.7500000e+01;2.6266217e-01;7.7500000e+01;2.3588111e-01;7.7500000e+01;1.9208215e-01;7.7500000e+01;1.3862595e-01;7.7500000e+01;8.7346084e-02;7.7500000e+01;4.1854858e-02;7.7500000e+01;1.2771413e-04;7.7500000e+01;1.2388228e-02;7.7500000e+01;3.0650983e-02;7.7500000e+01;5.2904457e-02;7.7500000e+01;7.9919279e-02;7.7500000e+01;1.0849637e-01;7.7500000e+01;1.4227760e-01;7.7500000e+01;1.7912301e-01;7.7500000e+01;2.0801729e-01;7.7500000e+01;2.3118606e-01;7.7500000e+01;2.4928719e-01;7.7500000e+01;2.6336583e-01;7.7500000e+01;2.6266217e-01;7.7500000e+01;2.3588111e-01;7.7500000e+01;1.9208215e-01;7.7500000e+01;1.3862595e-01;7.7500000e+01;8.7346084e-02;7.7500000e+01;4.1854858e-02;7.7500000e+01;1.2771413e-04;7.7500000e+01;1.2388228e-02;7.7500000e+01;3.0650983e-02;7.7500000e+01;5.2904457e-02;7.7500000e+01;7.9919279e-02;7.7500000e+01;1.0849637e-01;7.7500000e+01;1.4227760e-01;7.7500000e+01;1.7912301e-01;7.7500000e+01;2.0801729e-01;7.7500000e+01;2.3118606e-01;7.7500000e+01;2.4928719e-01;7.7500000e+01;2.6336583e-01;7.7500000e+01;2.6266217e-01;7.7500000e+01;2.3588111e-01;7.7500000e+01;1.9208215e-01;7.7500000e+01;1.3862595e-01;7.7500000e+01;8.7346084e-02;7.7500000e+01;4.1854858e-02;7.7500000e+01;1.2771413e-04;7.7500000e+01;1.2388228e-02;7.7500000e+01;3.0650983e-02;7.7500000e+01;5.2904457e-02;7.7500000e+01;7.9919279e-02;7.7500000e+01;1.0849637e-01;7.7500000e+01;1.4227760e-01;7.7500000e+01;1.7912301e-01;7.7500000e+01;2.0801729e-01;7.7500000e+01;2.3118606e-01;7.7500000e+01;2.4928719e-01;7.7500000e+01;2.6336583e-01;7.7500000e+01;2.6266217e-01;7.7500000e+01;2.3588111e-01;7.7500000e+01;1.9208215e-01;7.7500000e+01;1.3862595e-01;7.7500000e+01;8.7346084e-02;7.7500000e+01;4.1854858e-02;7.7500000e+01;1.2771413e-04;7.7500000e+01;1.2388228e-02;7.7500000e+01;3.0650983e-02;7.7500000e+01;5.2904457e-02;7.7500000e+01;7.9919279e-02;7.7500000e+01;1.0849637e-01;7.7500000e+01;1.4227760e-01;7.7500000e+01;1.7912301e-01;7.7500000e+01;2.0801729e-01;7.7500000e+01;2.3118606e-01;7.7500000e+01;2.4928719e-01;7.7500000e+01;2.6336583e-01;7.7500000e+01;2.6266217e-01;7.7500000e+01;2.3588111e-01;7.7500000e+01;1.9208215e-01;7.7500000e+01;1.3862595e-01;7.7500000e+01;8.7346084e-02;7.7500000e+01;4.1854858e-02;7.7500000e+01;1.2771413e-04;7.7500000e+01;1.2388228e-02;7.7500000e+01;3.0650983e-02;7.7500000e+01;5.2904457e-02;7.7500000e+01;7.9919279e-02;7.7500000e+01;1.0849637e-01;7.7500000e+01;1.4227760e-01;7.7500000e+01;1.7912301e-01;7.7500000e+01;2.0801729e-01;7.7500000e+01;2.3118606e-01;7.7500000e+01;2.4928719e-01;7.7500000e+01;2.6336583e-01;7.7500000e+01;2.6266217e-01;7.7500000e+01;2.3588111e-01;7.7500000e+01;1.9208215e-01;7.7500000e+01;1.3862595e-01;7.7500000e+01;8.7346084e-02;7.7500000e+01;4.1854858e-02;7.7500000e+01;1.2771413e-04;7.7500000e+01;1.2388228e-02;7.7500000e+01;3.0650983e-02;7.7500000e+01;5.2904457e-02;7.7500000e+01;7.9919279e-02;7.7500000e+01;1.0849637e-01;7.7500000e+01;1.4227760e-01;7.7500000e+01;1.7912301e-01;7.7500000e+01;2.0801729e-01;7.7500000e+01;2.3118606e-01;7.7500000e+01;2.4928719e-01;7.7500000e+01;2.6336583e-01;7.7500000e+01;2.6266217e-01;7.7500000e+01;2.3588111e-01;7.7500000e+01;1.9208215e-01;7.7500000e+01;1.3862595e-01;7.7500000e+01;8.7346084e-02;7.7500000e+01;4.1854858e-02;7.7500000e+01;1.2771413e-04;7.7500000e+01;1.2388228e-02;7.7500000e+01;3.0650983e-02;7.7500000e+01;5.2904457e-02;7.7500000e+01;7.9919279e-02;7.7500000e+01;1.0849637e-01;7.7500000e+01;1.4227760e-01;7.7500000e+01;1.7912301e-01;7.7500000e+01;2.0801729e-01;7.7500000e+01;2.3118606e-01;7.7500000e+01;2.4928719e-01;7.7500000e+01;2.6336583e-01;7.7500000e+01;2.6266217e-01;7.7500000e+01;2.3588111e-01;7.7500000e+01;1.9208215e-01;7.7500000e+01;1.3862595e-01;7.7500000e+01;8.7346084e-02;7.7500000e+01;4.1854858e-02;7.7500000e+01;1.2771413e-04;7.7500000e+01;1.2388228e-02;7.7500000e+01;3.0650983e-02;7.7500000e+01;5.2904457e-02;7.7500000e+01;7.9919279e-02;7.7500000e+01;1.0849637e-01;7.7500000e+01;1.4227760e-01;7.7500000e+01;1.7912301e-01;7.7500000e+01;2.0801729e-01;7.7500000e+01;2.3118606e-01;7.7500000e+01;2.4928719e-01;7.7500000e+01;2.6336583e-01;7.7500000e+01;2.6266217e-01;7.7500000e+01;2.3588111e-01;7.7500000e+01;1.9208215e-01;7.7500000e+01;1.3862595e-01;7.7500000e+01;8.7346084e-02;7.7500000e+01;4.1854858e-02;7.7500000e+01;1.2771413e-04;7.7500000e+01;1.2388228e-02;7.7500000e+01;3.0650983e-02;7.7500000e+01;5.2904457e-02;7.7500000e+01;7.9919279e-02;7.7500000e+01;1.0849637e-01;7.7500000e+01;1.4227760e-01;7.7500000e+01;1.7912301e-01;7.7500000e+01;2.0801729e-01;7.7500000e+01;2.3118606e-01;7.7500000e+01;2.4928719e-01;7.7500000e+01;2.6336583e-01;7.7500000e+01;2.6266217e-01;7.7500000e+01;2.3588111e-01;7.7500000e+01;1.9208215e-01;7.7500000e+01;1.3862595e-01;7.7500000e+01;8.7346084e-02;7.7500000e+01;4.1854858e-02;7.7500000e+01;1.2771413e-04;7.7500000e+01;1.2388228e-02;7.7500000e+01;3.0650983e-02;7.7500000e+01;5.2904457e-02;7.7500000e+01;7.9919279e-02;7.7500000e+01;1.0849637e-01;7.7500000e+01;1.4227760e-01;7.7500000e+01;1.7912301e-01;7.7500000e+01;2.0801729e-01;7.7500000e+01;2.3118606e-01;7.7500000e+01;2.4928719e-01;7.7500000e+01;2.6336583e-01;7.7500000e+01;2.6266217e-01;7.7500000e+01;2.3588111e-01;7.7500000e+01;1.9208215e-01;7.7500000e+01;1.3862595e-01;7.7500000e+01;8.7346084e-02;7.7500000e+01;4.1854858e-02;7.7500000e+01;1.2771413e-04;7.7500000e+01;1.2388228e-02;7.7500000e+01;3.0650983e-02;7.7500000e+01;5.2904457e-02;7.7500000e+01;7.9919279e-02;7.7500000e+01;1.0849637e-01;7.7500000e+01;1.4227760e-01;7.7500000e+01;1.7912301e-01;7.7500000e+01;2.0801729e-01;7.7500000e+01;2.3118606e-01;7.7500000e+01;2.4928719e-01;7.7500000e+01;2.6336583e-01;7.7500000e+01;2.6266217e-01;7.7500000e+01;2.3588111e-01;7.7500000e+01;1.9208215e-01;7.7500000e+01;1.3862595e-01;7.7500000e+01;8.7346084e-02;7.7500000e+01;4.1854858e-02;7.7500000e+01;1.2771413e-04;7.7500000e+01;1.2388228e-02;7.7500000e+01;3.0650983e-02;7.7500000e+01;5.2904457e-02;7.7500000e+01;7.9919279e-02;7.7500000e+01;1.0849637e-01;7.7500000e+01;1.4227760e-01;7.7500000e+01;1.7912301e-01;7.7500000e+01;2.0801729e-01;7.7500000e+01;2.3118606e-01;7.7500000e+01;2.4928719e-01;7.7500000e+01;2.6336583e-01;7.7500000e+01;2.6266217e-01;7.7500000e+01;2.3588111e-01;7.7500000e+01;1.9208215e-01;7.7500000e+01;1.3862595e-01;7.7500000e+01;8.7346084e-02;7.7500000e+01;4.1854858e-02;7.7500000e+01;1.2771413e-04;7.7500000e+01;1.2388228e-02;7.7500000e+01;3.0650983e-02;7.7500000e+01;5.2904457e-02;7.7500000e+01;7.9919279e-02;7.7500000e+01;1.0849637e-01;7.7500000e+01;1.4227760e-01;7.7500000e+01;1.7912301e-01;7.7500000e+01;2.0801729e-01;7.7500000e+01;2.3118606e-01;7.7500000e+01;2.4928719e-01;7.7500000e+01;2.6336583e-01;7.7500000e+01;2.6266217e-01;7.7500000e+01;2.3588111e-01;7.7500000e+01;1.9208215e-01;7.7500000e+01;1.3862595e-01;7.7500000e+01;8.7346084e-02;7.7500000e+01;4.1854858e-02;7.7500000e+01;1.2771413e-04;7.7500000e+01;1.2388228e-02;7.7500000e+01;3.0650983e-02;7.7500000e+01;5.2904457e-02;7.7500000e+01;7.9919279e-02;7.7500000e+01;1.0849637e-01;7.7500000e+01;1.4227760e-01;7.7500000e+01;1.7912301e-01;7.7500000e+01;2.0801729e-01;7.7500000e+01;2.3118606e-01;7.7500000e+01;2.4928719e-01;7.7500000e+01;2.6336583e-01;7.7500000e+01;2.6266217e-01;7.7500000e+01;2.3588111e-01;7.7500000e+01;1.9208215e-01;7.7500000e+01;1.3862595e-01;7.7500000e+01;8.7346084e-02;7.7500000e+01;4.1854858e-02;7.7500000e+01;1.2771413e-04;7.7500000e+01;1.2388228e-02;7.7500000e+01;3.0650983e-02;7.7500000e+01;5.2904457e-02;7.7500000e+01;7.9919279e-02;7.7500000e+01;1.0849637e-01;7.7500000e+01;1.4227760e-01;7.7500000e+01;1.7912301e-01;7.7500000e+01;2.0801729e-01;7.7500000e+01;2.3118606e-01;7.7500000e+01;2.4928719e-01;7.7500000e+01;2.6336583e-01;7.7500000e+01;2.6266217e-01;7.7500000e+01;2.3588111e-01;7.7500000e+01;1.9208215e-01;7.7500000e+01;1.3862595e-01;7.7500000e+01;8.7346084e-02;7.7500000e+01;4.1854858e-02;7.7500000e+01;1.2771413e-04;7.7500000e+01;1.2388228e-02;7.7500000e+01;3.0650983e-02;7.7500000e+01;5.2904457e-02;7.7500000e+01;7.9919279e-02;7.7500000e+01;1.0849637e-01;7.7500000e+01;1.4227760e-01;7.7500000e+01;1.7912301e-01;7.7500000e+01;2.0801729e-01;7.7500000e+01;2.3118606e-01;7.7500000e+01;2.4928719e-01;7.7500000e+01;2.6336583e-01;7.7500000e+01;2.6266217e-01;7.7500000e+01;2.3588111e-01;7.7500000e+01;1.9208215e-01;7.7500000e+01;1.3862595e-01;7.7500000e+01;8.7346084e-02;7.7500000e+01;4.1854858e-02;7.7500000e+01;1.2771413e-04;7.7500000e+01;1.2388228e-02;7.7500000e+01;3.0650983e-02;7.7500000e+01;5.2904457e-02;7.7500000e+01;7.9919279e-02;7.7500000e+01;1.0849637e-01;7.7500000e+01;1.4227760e-01;7.7500000e+01;1.7912301e-01;7.7500000e+01;2.0801729e-01;7.7500000e+01;2.3118606e-01;7.7500000e+01;2.4928719e-01;7.7500000e+01;2.6336583e-01;7.7500000e+01;2.6266217e-01;7.7500000e+01;2.3588111e-01;7.7500000e+01;1.9208215e-01;7.7500000e+01;1.3862595e-01;7.7500000e+01;8.7346084e-02;7.7500000e+01;4.1854858e-02;7.7500000e+01;1.2771413e-04;7.7500000e+01;1.2388228e-02;7.7500000e+01;3.0650983e-02;7.7500000e+01;5.2904457e-02;7.7500000e+01;7.9919279e-02;7.7500000e+01;1.0849637e-01;7.7500000e+01;1.4227760e-01;7.7500000e+01;1.7912301e-01;7.7500000e+01;2.0801729e-01;7.7500000e+01;2.3118606e-01;7.7500000e+01;2.4928719e-01;7.7500000e+01;2.6336583e-01;7.7500000e+01;2.6266217e-01;7.7500000e+01;2.3588111e-01;7.7500000e+01;1.9208215e-01;7.7500000e+01;1.3862595e-01;7.7500000e+01;8.7346084e-02;7.7500000e+01;4.1854858e-02;7.7500000e+01;1.2771413e-04;7.7500000e+01;1.2388228e-02;7.7500000e+01;3.0650983e-02;7.7500000e+01;5.2904457e-02;7.7500000e+01;7.9919279e-02;7.7500000e+01;1.0849637e-01;7.7500000e+01;1.4227760e-01;7.7500000e+01;1.7912301e-01;7.7500000e+01;2.0801729e-01;7.7500000e+01;2.3118606e-01;7.7500000e+01;2.4928719e-01;7.7500000e+01;2.6336583e-01;7.7500000e+01;2.6266217e-01;7.7500000e+01;2.3588111e-01;7.7500000e+01;1.9208215e-01;7.7500000e+01;1.3862595e-01;7.7500000e+01;8.7346084e-02;7.7500000e+01;4.1854858e-02;7.7500000e+01;1.2771413e-04;7.7500000e+01;1.2388228e-02;7.7500000e+01;3.0650983e-02;7.7500000e+01;5.2904457e-02;7.7500000e+01;7.9919279e-02;7.7500000e+01;1.0849637e-01;7.7500000e+01;1.4227760e-01;7.7500000e+01;1.7912301e-01;7.7500000e+01;2.0801729e-01;7.7500000e+01;2.3118606e-01;7.7500000e+01;2.4928719e-01;7.7500000e+01;2.6336583e-01;7.7500000e+01;2.6266217e-01;7.7500000e+01;2.3588111e-01;7.7500000e+01;1.9208215e-01;7.7500000e+01;1.3862595e-01;7.7500000e+01;8.7346084e-02;7.7500000e+01;4.1854858e-02;7.7500000e+01;1.2771413e-04;7.7500000e+01;1.2388228e-02;7.7500000e+01;3.0650983e-02;7.7500000e+01;5.2904457e-02;7.7500000e+01;7.9919279e-02;7.7500000e+01;1.0849637e-01;7.7500000e+01;1.4227760e-01;7.7500000e+01;1.7912301e-01;7.7500000e+01;2.0801729e-01;7.7500000e+01;2.3118606e-01;7.7500000e+01;2.4928719e-01;7.7500000e+01;2.6336583e-01;7.7500000e+01;2.6266217e-01;7.7500000e+01;2.3588111e-01;7.7500000e+01;1.9208215e-01;7.7500000e+01;1.3862595e-01;7.7500000e+01;8.7346084e-02;7.7500000e+01;4.1854858e-02;7.7500000e+01;1.2771413e-04;7.7500000e+01;1.2388228e-02;7.7500000e+01;3.0650983e-02;7.7500000e+01;5.2904457e-02;7.7500000e+01;7.9919279e-02;7.7500000e+01;1.0849637e-01;7.7500000e+01;1.4227760e-01;7.7500000e+01;1.7912301e-01;7.7500000e+01;2.0801729e-01;7.7500000e+01;2.3118606e-01;7.7500000e+01;2.4928719e-01;7.7500000e+01;2.6336583e-01;7.7500000e+01;2.6266217e-01;7.7500000e+01;2.3588111e-01;7.7500000e+01;1.9208215e-01;7.7500000e+01;1.3862595e-01;7.7500000e+01;8.7346084e-02;7.7500000e+01;4.1854858e-02;7.7500000e+01;1.2771413e-04;7.7500000e+01;1.2388228e-02;7.7500000e+01;3.0650983e-02;7.7500000e+01;5.2904457e-02;7.7500000e+01;7.9919279e-02;7.7500000e+01;1.0849637e-01;7.7500000e+01;1.4227760e-01;7.7500000e+01;1.7912301e-01;7.7500000e+01;2.0801729e-01;7.7500000e+01;2.3118606e-01;7.7500000e+01;2.4928719e-01;7.7500000e+01;2.6336583e-01;7.7500000e+01;2.6266217e-01;7.7500000e+01;2.3588111e-01;7.7500000e+01;1.9208215e-01;7.7500000e+01;1.3862595e-01;7.7500000e+01;8.7346084e-02;7.7500000e+01;4.1854858e-02;7.7500000e+01;1.2771413e-04;7.7500000e+01;1.2388228e-02;7.7500000e+01;3.0650983e-02;7.7500000e+01;5.2904457e-02;7.7500000e+01;7.9919279e-02;7.7500000e+01;1.0849637e-01;7.7500000e+01;1.4227760e-01;7.7500000e+01;1.7912301e-01;7.7500000e+01;2.0801729e-01;7.7500000e+01;2.3118606e-01;7.7500000e+01;2.4928719e-01;7.7500000e+01;2.6336583e-01;7.7500000e+01;2.6266217e-01;7.7500000e+01;2.3588111e-01;7.7500000e+01;1.9208215e-01;7.7500000e+01;1.3862595e-01;7.7500000e+01;8.7346084e-02;7.7500000e+01;4.1854858e-02;7.7500000e+01;1.2771413e-04;7.7500000e+01;1.2388228e-02;7.7500000e+01;3.0650983e-02;7.7500000e+01;5.2904457e-02;7.7500000e+01;7.9919279e-02;7.7500000e+01;1.0849637e-01;7.7500000e+01;1.4227760e-01;7.7500000e+01;1.7912301e-01;7.7500000e+01;2.0801729e-01;7.7500000e+01;2.3118606e-01;7.7500000e+01;2.4928719e-01;7.7500000e+01;2.6336583e-01;7.7500000e+01;2.6266217e-01;7.7500000e+01;2.3588111e-01;7.7500000e+01;1.9208215e-01;7.7500000e+01;1.3862595e-01;7.7500000e+01;8.7346084e-02;7.7500000e+01;4.1854858e-02;7.7500000e+01;1.2771413e-04;7.7500000e+01;1.2388228e-02;7.7500000e+01;3.0650983e-02;7.7500000e+01;5.2904457e-02;7.7500000e+01;7.9919279e-02;7.7500000e+01;1.0849637e-01;7.7500000e+01;1.4227760e-01;7.7500000e+01;1.7912301e-01;7.7500000e+01;2.0801729e-01;7.7500000e+01;2.3118606e-01;7.7500000e+01;2.4928719e-01;7.7500000e+01;2.6336583e-01;7.7500000e+01;2.6266217e-01;7.7500000e+01;2.3588111e-01;7.7500000e+01;1.9208215e-01;7.7500000e+01;1.3862595e-01;7.7500000e+01;8.7346084e-02;7.7500000e+01;4.1854858e-02;7.7500000e+01;1.2771413e-04;7.7500000e+01;1.2388228e-02;7.7500000e+01;3.0650983e-02;7.7500000e+01;5.2904457e-02;7.7500000e+01;7.9919279e-02;7.7500000e+01;1.0849637e-01;7.7500000e+01;1.4227760e-01;7.7500000e+01;1.7912301e-01;7.7500000e+01;2.0801729e-01;7.7500000e+01;2.3118606e-01;7.7500000e+01;2.4928719e-01;7.7500000e+01;2.6336583e-01;7.7500000e+01;2.6266217e-01;7.7500000e+01;2.3588111e-01;7.7500000e+01;1.9208215e-01;7.7500000e+01;1.3862595e-01;7.7500000e+01;8.7346084e-02;7.7500000e+01;4.1854858e-02;7.7500000e+01;1.2771413e-04;7.7500000e+01;1.2388228e-02;7.7500000e+01;3.0650983e-02;7.7500000e+01;5.2904457e-02;7.7500000e+01;7.9919279e-02;7.7500000e+01;1.0849637e-01;7.7500000e+01;1.4227760e-01;7.7500000e+01;1.7912301e-01;7.7500000e+01;2.0801729e-01;7.7500000e+01;2.3118606e-01;7.7500000e+01;2.4928719e-01;7.7500000e+01;2.6336583e-01;7.7500000e+01;2.6266217e-01;7.7500000e+01;2.3588111e-01;7.7500000e+01;1.9208215e-01;7.7500000e+01;1.3862595e-01;7.7500000e+01;8.7346084e-02;7.7500000e+01;4.1854858e-02;7.7500000e+01;1.2771413e-04;7.7500000e+01;1.2388228e-02;7.7500000e+01;3.0650983e-02;7.7500000e+01;5.2904457e-02;7.7500000e+01;7.9919279e-02;7.7500000e+01;1.0849637e-01;7.7500000e+01;1.4227760e-01;7.7500000e+01;1.7912301e-01;7.7500000e+01;2.0801729e-01;7.7500000e+01;2.3118606e-01;7.7500000e+01;2.4928719e-01;7.7500000e+01;2.6336583e-01;7.7500000e+01;2.6266217e-01;7.7500000e+01;2.3588111e-01;7.7500000e+01;1.9208215e-01;7.7500000e+01;1.3862595e-01;7.7500000e+01;8.7346084e-02;7.7500000e+01;4.1854858e-02;7.7500000e+01;1.2771413e-04;7.7500000e+01;1.2388228e-02;7.7500000e+01;3.0650983e-02;7.7500000e+01;5.2904457e-02;7.7500000e+01;7.9919279e-02;7.7500000e+01;1.0849637e-01;7.7500000e+01;1.4227760e-01;7.7500000e+01;1.7912301e-01;7.7500000e+01;2.0801729e-01;7.7500000e+01;2.3118606e-01;7.7500000e+01;2.4928719e-01;7.7500000e+01;2.6336583e-01;7.7500000e+01;2.6266217e-01;7.7500000e+01;2.3588111e-01;7.7500000e+01;1.9208215e-01;7.7500000e+01;1.3862595e-01;7.7500000e+01;8.7346084e-02;7.7500000e+01;4.1854858e-02;7.7500000e+01;1.2771413e-04;7.7500000e+01;1.2388228e-02;7.7500000e+01;3.0650983e-02;7.7500000e+01;5.2904457e-02;7.7500000e+01;7.9919279e-02;7.7500000e+01;1.0849637e-01;7.7500000e+01;1.4227760e-01;7.7500000e+01;1.7912301e-01;7.7500000e+01;2.0801729e-01;7.7500000e+01;2.3118606e-01;7.7500000e+01;2.4928719e-01;7.7500000e+01;2.6336583e-01;7.7500000e+01;2.6266217e-01;7.7500000e+01;2.3588111e-01;7.7500000e+01;1.9208215e-01;7.7500000e+01;1.3862595e-01;7.7500000e+01;8.7346084e-02;7.7500000e+01;4.1854858e-02;7.7500000e+01;1.2771413e-04;7.7500000e+01;1.2388228e-02;7.7500000e+01;3.0650983e-02;7.7500000e+01;5.2904457e-02;7.7500000e+01;7.9919279e-02;7.7500000e+01;1.0849637e-01;7.7500000e+01;1.4227760e-01;7.7500000e+01;1.7912301e-01;7.7500000e+01;2.0801729e-01;7.7500000e+01;2.3118606e-01;7.7500000e+01;2.4928719e-01;7.7500000e+01;2.6336583e-01;7.7500000e+01;2.6266217e-01;7.7500000e+01;2.3588111e-01;7.7500000e+01;1.9208215e-01;7.7500000e+01;1.3862595e-01;7.7500000e+01;8.7346084e-02;7.7500000e+01;4.1854858e-02;7.7500000e+01;1.2771413e-04;7.7500000e+01;1.2388228e-02;7.7500000e+01;3.0650983e-02;7.7500000e+01;5.2904457e-02;7.7500000e+01;7.9919279e-02;7.7500000e+01;1.0849637e-01;7.7500000e+01;1.4227760e-01;7.7500000e+01;1.7912301e-01;7.7500000e+01;2.0801729e-01;7.7500000e+01;2.3118606e-01;7.7500000e+01;2.4928719e-01;7.7500000e+01;2.6336583e-01;7.7500000e+01;2.6266217e-01;7.7500000e+01;2.3588111e-01;7.7500000e+01;1.9208215e-01;7.7500000e+01;1.3862595e-01;7.7500000e+01;8.7346084e-02;7.7500000e+01;4.1854858e-02;7.7500000e+01;1.2771413e-04;7.7500000e+01;1.2388228e-02;7.7500000e+01;3.0650983e-02;7.7500000e+01;5.2904457e-02;7.7500000e+01;7.9919279e-02;7.7500000e+01;1.0849637e-01;7.7500000e+01;1.4227760e-01;7.7500000e+01;1.7912301e-01;7.7500000e+01;2.0801729e-01;7.7500000e+01;2.3118606e-01;7.7500000e+01;2.4928719e-01;7.7500000e+01;2.6336583e-01;7.7500000e+01;2.6266217e-01;7.7500000e+01;2.3588111e-01;7.7500000e+01;1.9208215e-01;7.7500000e+01;1.3862595e-01;7.7500000e+01;8.7346084e-02;7.7500000e+01;4.1854858e-02;7.7500000e+01;1.2771413e-04;7.7500000e+01;1.2388228e-02;7.7500000e+01;3.0650983e-02;7.7500000e+01;5.2904457e-02;7.7500000e+01;7.9919279e-02;7.7500000e+01;1.0849637e-01;7.7500000e+01;1.4227760e-01;7.7500000e+01;1.7912301e-01;7.7500000e+01;2.0801729e-01;7.7500000e+01;2.3118606e-01;7.7500000e+01;2.4928719e-01;7.7500000e+01;2.6336583e-01;7.7500000e+01;2.6266217e-01;7.7500000e+01;2.3588111e-01;7.7500000e+01;1.9208215e-01;7.7500000e+01;1.3862595e-01;7.7500000e+01;8.7346084e-02;7.7500000e+01;4.1854858e-02;7.7500000e+01;1.2771413e-04;7.7500000e+01;1.2388228e-02;7.7500000e+01;3.0650983e-02;7.7500000e+01;5.2904457e-02;7.7500000e+01;7.9919279e-02;7.7500000e+01;1.0849637e-01;7.7500000e+01;1.4227760e-01;7.7500000e+01;1.7912301e-01;7.7500000e+01;2.0801729e-01;7.7500000e+01;2.3118606e-01;7.7500000e+01;2.4928719e-01;7.7500000e+01;2.6336583e-01;7.7500000e+01;2.6266217e-01;7.7500000e+01;2.3588111e-01;7.7500000e+01;1.9208215e-01;7.7500000e+01;1.3862595e-01;7.7500000e+01;8.7346084e-02;7.7500000e+01;4.1854858e-02;7.7500000e+01;1.2771413e-04;7.7500000e+01;1.2388228e-02;7.7500000e+01;3.0650983e-02;7.7500000e+01;5.2904457e-02;7.7500000e+01;7.9919279e-02;7.7500000e+01;1.0849637e-01;7.7500000e+01;1.4227760e-01;7.7500000e+01;1.7912301e-01;7.7500000e+01;2.0801729e-01;7.7500000e+01;2.3118606e-01;7.7500000e+01;2.4928719e-01;7.7500000e+01;2.6336583e-01;7.7500000e+01;2.6266217e-01;7.7500000e+01;2.3588111e-01;7.7500000e+01;1.9208215e-01;7.7500000e+01;1.3862595e-01;7.7500000e+01;8.7346084e-02;7.7500000e+01;4.1854858e-02
8.2500000e+01;-2.6501282e-03;8.2500000e+01;8.5161692e-03;8.2500000e+01;2.5408052e-02;8.2500000e+01;4.7235303e-02;8.2500000e+01;7.2601981e-02;8.2500000e+01;1.0163302e-01;8.2500000e+01;1.3321121e-01;8.2500000e+01;1.6726768e-01;8.2500000e+01;1.9303927e-01;8.2500000e+01;2.1328649e-01;8.2500000e+01;2.3352586e-01;8.2500000e+01;2.5055993e-01;8.2500000e+01;2.5448775e-01;8.2500000e+01;2.3112549e-01;8.2500000e+01;1.8893842e-01;8.2500000e+01;1.3631141e-01;8.2500000e+01;8.4995225e-02;8.2500000e+01;3.8670339e-02;8.2500000e+01;-2.6501282e-03;8.2500000e+01;8.5161692e-03;8.2500000e+01;2.5408052e-02;8.2500000e+01;4.7235303e-02;8.2500000e+01;7.2601981e-02;8.2500000e+01;1.0163302e-01;8.2500000e+01;1.3321121e-01;8.2500000e+01;1.6726768e-01;8.2500000e+01;1.9303927e-01;8.2500000e+01;2.1328649e-01;8.2500000e+01;2.3352586e-01;8.2500000e+01;2.5055993e-01;8.2500000e+01;2.5448775e-01;8.2500000e+01;2.3112549e-01;8.2500000e+01;1.8893842e-01;8.2500000e+01;1.3631141e-01;8.2500000e+01;8.4995225e-02;8.2500000e+01;3.8670339e-02;8.2500000e+01;-2.6501282e-03;8.2500000e+01;8.5161692e-03;8.2500000e+01;2.5408052e-02;8.2500000e+01;4.7235303e-02;8.2500000e+01;7.2601981e-02;8.2500000e+01;1.0163302e-01;8.2500000e+01;1.3321121e-01;8.2500000e+01;1.6726768e-01;8.2500000e+01;1.9303927e-01;8.2500000e+01;2.1328649e-01;8.2500000e+01;2.3352586e-01;8.2500000e+01;2.5055993e-01;8.2500000e+01;2.5448775e-01;8.2500000e+01;2.3112549e-01;8.2500000e+01;1.8893842e-01;8.2500000e+01;1.3631141e-01;8.2500000e+01;8.4995225e-02;8.2500000e+01;3.8670339e-02;8.2500000e+01;-2.6501282e-03;8.2500000e+01;8.5161692e-03;8.2500000e+01;2.5408052e-02;8.2500000e+01;4.7235303e-02;8.2500000e+01;7.2601981e-02;8.2500000e+01;1.0163302e-01;8.2500000e+01;1.3321121e-01;8.2500000e+01;1.6726768e-01;8.2500000e+01;1.9303927e-01;8.2500000e+01;2.1328649e-01;8.2500000e+01;2.3352586e-01;8.2500000e+01;2.5055993e-01;8.2500000e+01;2.5448775e-01;8.2500000e+01;2.3112549e-01;8.2500000e+01;1.8893842e-01;8.2500000e+01;1.3631141e-01;8.2500000e+01;8.4995225e-02;8.2500000e+01;3.8670339e-02;8.2500000e+01;-2.6501282e-03;8.2500000e+01;8.5161692e-03;8.2500000e+01;2.5408052e-02;8.2500000e+01;4.7235303e-02;8.2500000e+01;7.2601981e-02;8.2500000e+01;1.0163302e-01;8.2500000e+01;1.3321121e-01;8.2500000e+01;1.6726768e-01;8.2500000e+01;1.9303927e-01;8.2500000e+01;2.1328649e-01;8.2500000e+01;2.3352586e-01;8.2500000e+01;2.5055993e-01;8.2500000e+01;2.5448775e-01;8.2500000e+01;2.3112549e-01;8.2500000e+01;1.8893842e-01;8.2500000e+01;1.3631141e-01;8.2500000e+01;8.4995225e-02;8.2500000e+01;3.8670339e-02;8.2500000e+01;-2.6501282e-03;8.2500000e+01;8.5161692e-03;8.2500000e+01;2.5408052e-02;8.2500000e+01;4.7235303e-02;8.2500000e+01;7.2601981e-02;8.2500000e+01;1.0163302e-01;8.2500000e+01;1.3321121e-01;8.2500000e+01;1.6726768e-01;8.2500000e+01;1.9303927e-01;8.2500000e+01;2.1328649e-01;8.2500000e+01;2.3352586e-01;8.2500000e+01;2.5055993e-01;8.2500000e+01;2.5448775e-01;8.2500000e+01;2.3112549e-01;8.2500000e+01;1.8893842e-01;8.2500000e+01;1.3631141e-01;8.2500000e+01;8.4995225e-02;8.2500000e+01;3.8670339e-02;8.2500000e+01;-2.6501282e-03;8.2500000e+01;8.5161692e-03;8.2500000e+01;2.5408052e-02;8.2500000e+01;4.7235303e-02;8.2500000e+01;7.2601981e-02;8.2500000e+01;1.0163302e-01;8.2500000e+01;1.3321121e-01;8.2500000e+01;1.6726768e-01;8.2500000e+01;1.9303927e-01;8.2500000e+01;2.1328649e-01;8.2500000e+01;2.3352586e-01;8.2500000e+01;2.5055993e-01;8.2500000e+01;2.5448775e-01;8.2500000e+01;2.3112549e-01;8.2500000e+01;1.8893842e-01;8.2500000e+01;1.3631141e-01;8.2500000e+01;8.4995225e-02;8.2500000e+01;3.8670339e-02;8.2500000e+01;-2.6501282e-03;8.2500000e+01;8.5161692e-03;8.2500000e+01;2.5408052e-02;8.2500000e+01;4.7235303e-02;8.2500000e+01;7.2601981e-02;8.2500000e+01;1.0163302e-01;8.2500000e+01;1.3321121e-01;8.2500000e+01;1.6726768e-01;8.2500000e+01;1.9303927e-01;8.2500000e+01;2.1328649e-01;8.2500000e+01;2.3352586e-01;8.2500000e+01;2.5055993e-01;8.2500000e+01;2.5448775e-01;8.2500000e+01;2.3112549e-01;8.2500000e+01;1.8893842e-01;8.2500000e+01;1.3631141e-01;8.2500000e+01;8.4995225e-02;8.2500000e+01;3.8670339e-02;8.2500000e+01;-2.6501282e-03;8.2500000e+01;8.5161692e-03;8.2500000e+01;2.5408052e-02;8.2500000e+01;4.7235303e-02;8.2500000e+01;7.2601981e-02;8.2500000e+01;1.0163302e-01;8.2500000e+01;1.3321121e-01;8.2500000e+01;1.6726768e-01;8.2500000e+01;1.9303927e-01;8.2500000e+01;2.1328649e-01;8.2500000e+01;2.3352586e-01;8.2500000e+01;2.5055993e-01;8.2500000e+01;2.5448775e-01;8.2500000e+01;2.3112549e-01;8.2500000e+01;1.8893842e-01;8.2500000e+01;1.3631141e-01;8.2500000e+01;8.4995225e-02;8.2500000e+01;3.8670339e-02;8.2500000e+01;-2.6501282e-03;8.2500000e+01;8.5161692e-03;8.2500000e+01;2.5408052e-02;8.2500000e+01;4.7235303e-02;8.2500000e+01;7.2601981e-02;8.2500000e+01;1.0163302e-01;8.2500000e+01;1.3321121e-01;8.2500000e+01;1.6726768e-01;8.2500000e+01;1.9303927e-01;8.2500000e+01;2.1328649e-01;8.2500000e+01;2.3352586e-01;8.2500000e+01;2.5055993e-01;8.2500000e+01;2.5448775e-01;8.2500000e+01;2.3112549e-01;8.2500000e+01;1.8893842e-01;8.2500000e+01;1.3631141e-01;8.2500000e+01;8.4995225e-02;8.2500000e+01;3.8670339e-02;8.2500000e+01;-2.6501282e-03;8.2500000e+01;8.5161692e-03;8.2500000e+01;2.5408052e-02;8.2500000e+01;4.7235303e-02;8.2500000e+01;7.2601981e-02;8.2500000e+01;1.0163302e-01;8.2500000e+01;1.3321121e-01;8.2500000e+01;1.6726768e-01;8.2500000e+01;1.9303927e-01;8.2500000e+01;2.1328649e-01;8.2500000e+01;2.3352586e-01;8.2500000e+01;2.5055993e-01;8.2500000e+01;2.5448775e-01;8.2500000e+01;2.3112549e-01;8.2500000e+01;1.8893842e-01;8.2500000e+01;1.3631141e-01;8.2500000e+01;8.4995225e-02;8.2500000e+01;3.8670339e-02;8.2500000e+01;-2.6501282e-03;8.2500000e+01;8.5161692e-03;8.2500000e+01;2.5408052e-02;8.2500000e+01;4.7235303e-02;8.2500000e+01;7.2601981e-02;8.2500000e+01;1.0163302e-01;8.2500000e+01;1.3321121e-01;8.2500000e+01;1.6726768e-01;8.2500000e+01;1.9303927e-01;8.2500000e+01;2.1328649e-01;8.2500000e+01;2.3352586e-01;8.2500000e+01;2.5055993e-01;8.2500000e+01;2.5448775e-01;8.2500000e+01;2.3112549e-01;8.2500000e+01;1.8893842e-01;8.2500000e+01;1.3631141e-01;8.2500000e+01;8.4995225e-02;8.2500000e+01;3.8670339e-02;8.2500000e+01;-2.6501282e-03;8.2500000e+01;8.5161692e-03;8.2500000e+01;2.5408052e-02;8.2500000e+01;4.7235303e-02;8.2500000e+01;7.2601981e-02;8.2500000e+01;1.0163302e-01;8.2500000e+01;1.3321121e-01;8.2500000e+01;1.6726768e-01;8.2500000e+01;1.9303927e-01;8.2500000e+01;2.1328649e-01;8.2500000e+01;2.3352586e-01;8.2500000e+01;2.5055993e-01;8.2500000e+01;2.5448775e-01;8.2500000e+01;2.3112549e-01;8.2500000e+01;1.8893842e-01;8.2500000e+01;1.3631141e-01;8.2500000e+01;8.4995225e-02;8.2500000e+01;3.8670339e-02;8.2500000e+01;-2.6501282e-03;8.2500000e+01;8.5161692e-03;8.2500000e+01;2.5408052e-02;8.2500000e+01;4.7235303e-02;8.2500000e+01;7.2601981e-02;8.2500000e+01;1.0163302e-01;8.2500000e+01;1.3321121e-01;8.2500000e+01;1.6726768e-01;8.2500000e+01;1.9303927e-01;8.2500000e+01;2.1328649e-01;8.2500000e+01;2.3352586e-01;8.2500000e+01;2.5055993e-01;8.2500000e+01;2.5448775e-01;8.2500000e+01;2.3112549e-01;8.2500000e+01;1.8893842e-01;8.2500000e+01;1.3631141e-01;8.2500000e+01;8.4995225e-02;8.2500000e+01;3.8670339e-02;8.2500000e+01;-2.6501282e-03;8.2500000e+01;8.5161692e-03;8.2500000e+01;2.5408052e-02;8.2500000e+01;4.7235303e-02;8.2500000e+01;7.2601981e-02;8.2500000e+01;1.0163302e-01;8.2500000e+01;1.3321121e-01;8.2500000e+01;1.6726768e-01;8.2500000e+01;1.9303927e-01;8.2500000e+01;2.1328649e-01;8.2500000e+01;2.3352586e-01;8.2500000e+01;2.5055993e-01;8.2500000e+01;2.5448775e-01;8.2500000e+01;2.3112549e-01;8.2500000e+01;1.8893842e-01;8.2500000e+01;1.3631141e-01;8.2500000e+01;8.4995225e-02;8.2500000e+01;3.8670339e-02;8.2500000e+01;-2.6501282e-03;8.2500000e+01;8.5161692e-03;8.2500000e+01;2.5408052e-02;8.2500000e+01;4.7235303e-02;8.2500000e+01;7.2601981e-02;8.2500000e+01;1.0163302e-01;8.2500000e+01;1.3321121e-01;8.2500000e+01;1.6726768e-01;8.2500000e+01;1.9303927e-01;8.2500000e+01;2.1328649e-01;8.2500000e+01;2.3352586e-01;8.2500000e+01;2.5055993e-01;8.2500000e+01;2.5448775e-01;8.2500000e+01;2.3112549e-01;8.2500000e+01;1.8893842e-01;8.2500000e+01;1.3631141e-01;8.2500000e+01;8.4995225e-02;8.2500000e+01;3.8670339e-02;8.2500000e+01;-2.6501282e-03;8.2500000e+01;8.5161692e-03;8.2500000e+01;2.5408052e-02;8.2500000e+01;4.7235303e-02;8.2500000e+01;7.2601981e-02;8.2500000e+01;1.0163302e-01;8.2500000e+01;1.3321121e-01;8.2500000e+01;1.6726768e-01;8.2500000e+01;1.9303927e-01;8.2500000e+01;2.1328649e-01;8.2500000e+01;2.3352586e-01;8.2500000e+01;2.5055993e-01;8.2500000e+01;2.5448775e-01;8.2500000e+01;2.3112549e-01;8.2500000e+01;1.8893842e-01;8.2500000e+01;1.3631141e-01;8.2500000e+01;8.4995225e-02;8.2500000e+01;3.8670339e-02;8.2500000e+01;-2.6501282e-03;8.2500000e+01;8.5161692e-03;8.2500000e+01;2.5408052e-02;8.2500000e+01;4.7235303e-02;8.2500000e+01;7.2601981e-02;8.2500000e+01;1.0163302e-01;8.2500000e+01;1.3321121e-01;8.2500000e+01;1.6726768e-01;8.2500000e+01;1.9303927e-01;8.2500000e+01;2.1328649e-01;8.2500000e+01;2.3352586e-01;8.2500000e+01;2.5055993e-01;8.2500000e+01;2.5448775e-01;8.2500000e+01;2.3112549e-01;8.2500000e+01;1.8893842e-01;8.2500000e+01;1.3631141e-01;8.2500000e+01;8.4995225e-02;8.2500000e+01;3.8670339e-02;8.2500000e+01;-2.6501282e-03;8.2500000e+01;8.5161692e-03;8.2500000e+01;2.5408052e-02;8.2500000e+01;4.7235303e-02;8.2500000e+01;7.2601981e-02;8.2500000e+01;1.0163302e-01;8.2500000e+01;1.3321121e-01;8.2500000e+01;1.6726768e-01;8.2500000e+01;1.9303927e-01;8.2500000e+01;2.1328649e-01;8.2500000e+01;2.3352586e-01;8.2500000e+01;2.5055993e-01;8.2500000e+01;2.5448775e-01;8.2500000e+01;2.3112549e-01;8.2500000e+01;1.8893842e-01;8.2500000e+01;1.3631141e-01;8.2500000e+01;8.4995225e-02;8.2500000e+01;3.8670339e-02;8.2500000e+01;-2.6501282e-03;8.2500000e+01;8.5161692e-03;8.2500000e+01;2.5408052e-02;8.2500000e+01;4.7235303e-02;8.2500000e+01;7.2601981e-02;8.2500000e+01;1.0163302e-01;8.2500000e+01;1.3321121e-01;8.2500000e+01;1.6726768e-01;8.2500000e+01;1.9303927e-01;8.2500000e+01;2.1328649e-01;8.2500000e+01;2.3352586e-01;8.2500000e+01;2.5055993e-01;8.2500000e+01;2.5448775e-01;8.2500000e+01;2.3112549e-01;8.2500000e+01;1.8893842e-01;8.2500000e+01;1.3631141e-01;8.2500000e+01;8.4995225e-02;8.2500000e+01;3.8670339e-02;8.2500000e+01;-2.6501282e-03;8.2500000e+01;8.5161692e-03;8.2500000e+01;2.5408052e-02;8.2500000e+01;4.7235303e-02;8.2500000e+01;7.2601981e-02;8.2500000e+01;1.0163302e-01;8.2500000e+01;1.3321121e-01;8.2500000e+01;1.6726768e-01;8.2500000e+01;1.9303927e-01;8.2500000e+01;2.1328649e-01;8.2500000e+01;2.3352586e-01;8.2500000e+01;2.5055993e-01;8.2500000e+01;2.5448775e-01;8.2500000e+01;2.3112549e-01;8.2500000e+01;1.8893842e-01;8.2500000e+01;1.3631141e-01;8.2500000e+01;8.4995225e-02;8.2500000e+01;3.8670339e-02;8.2500000e+01;-2.6501282e-03;8.2500000e+01;8.5161692e-03;8.2500000e+01;2.5408052e-02;8.2500000e+01;4.7235303e-02;8.2500000e+01;7.2601981e-02;8.2500000e+01;1.0163302e-01;8.2500000e+01;1.3321121e-01;8.2500000e+01;1.6726768e-01;8.2500000e+01;1.9303927e-01;8.2500000e+01;2.1328649e-01;8.2500000e+01;2.3352586e-01;8.2500000e+01;2.5055993e-01;8.2500000e+01;2.5448775e-01;8.2500000e+01;2.3112549e-01;8.2500000e+01;1.8893842e-01;8.2500000e+01;1.3631141e-01;8.2500000e+01;8.4995225e-02;8.2500000e+01;3.8670339e-02;8.2500000e+01;-2.6501282e-03;8.2500000e+01;8.5161692e-03;8.2500000e+01;2.5408052e-02;8.2500000e+01;4.7235303e-02;8.2500000e+01;7.2601981e-02;8.2500000e+01;1.0163302e-01;8.2500000e+01;1.3321121e-01;8.2500000e+01;1.6726768e-01;8.2500000e+01;1.9303927e-01;8.2500000e+01;2.1328649e-01;8.2500000e+01;2.3352586e-01;8.2500000e+01;2.5055993e-01;8.2500000e+01;2.5448775e-01;8.2500000e+01;2.3112549e-01;8.2500000e+01;1.8893842e-01;8.2500000e+01;1.3631141e-01;8.2500000e+01;8.4995225e-02;8.2500000e+01;3.8670339e-02;8.2500000e+01;-2.6501282e-03;8.2500000e+01;8.5161692e-03;8.2500000e+01;2.5408052e-02;8.2500000e+01;4.7235303e-02;8.2500000e+01;7.2601981e-02;8.2500000e+01;1.0163302e-01;8.2500000e+01;1.3321121e-01;8.2500000e+01;1.6726768e-01;8.2500000e+01;1.9303927e-01;8.2500000e+01;2.1328649e-01;8.2500000e+01;2.3352586e-01;8.2500000e+01;2.5055993e-01;8.2500000e+01;2.5448775e-01;8.2500000e+01;2.3112549e-01;8.2500000e+01;1.8893842e-01;8.2500000e+01;1.3631141e-01;8.2500000e+01;8.4995225e-02;8.2500000e+01;3.8670339e-02;8.2500000e+01;-2.6501282e-03;8.2500000e+01;8.5161692e-03;8.2500000e+01;2.5408052e-02;8.2500000e+01;4.7235303e-02;8.2500000e+01;7.2601981e-02;8.2500000e+01;1.0163302e-01;8.2500000e+01;1.3321121e-01;8.2500000e+01;1.6726768e-01;8.2500000e+01;1.9303927e-01;8.2500000e+01;2.1328649e-01;8.2500000e+01;2.3352586e-01;8.2500000e+01;2.5055993e-01;8.2500000e+01;2.5448775e-01;8.2500000e+01;2.3112549e-01;8.2500000e+01;1.8893842e-01;8.2500000e+01;1.3631141e-01;8.2500000e+01;8.4995225e-02;8.2500000e+01;3.8670339e-02;8.2500000e+01;-2.6501282e-03;8.2500000e+01;8.5161692e-03;8.2500000e+01;2.5408052e-02;8.2500000e+01;4.7235303e-02;8.2500000e+01;7.2601981e-02;8.2500000e+01;1.0163302e-01;8.2500000e+01;1.3321121e-01;8.2500000e+01;1.6726768e-01;8.2500000e+01;1.9303927e-01;8.2500000e+01;2.1328649e-01;8.2500000e+01;2.3352586e-01;8.2500000e+01;2.5055993e-01;8.2500000e+01;2.5448775e-01;8.2500000e+01;2.3112549e-01;8.2500000e+01;1.8893842e-01;8.2500000e+01;1.3631141e-01;8.2500000e+01;8.4995225e-02;8.2500000e+01;3.8670339e-02;8.2500000e+01;-2.6501282e-03;8.2500000e+01;8.5161692e-03;8.2500000e+01;2.5408052e-02;8.2500000e+01;4.7235303e-02;8.2500000e+01;7.2601981e-02;8.2500000e+01;1.0163302e-01;8.2500000e+01;1.3321121e-01;8.2500000e+01;1.6726768e-01;8.2500000e+01;1.9303927e-01;8.2500000e+01;2.1328649e-01;8.2500000e+01;2.3352586e-01;8.2500000e+01;2.5055993e-01;8.2500000e+01;2.5448775e-01;8.2500000e+01;2.3112549e-01;8.2500000e+01;1.8893842e-01;8.2500000e+01;1.3631141e-01;8.2500000e+01;8.4995225e-02;8.2500000e+01;3.8670339e-02;8.2500000e+01;-2.6501282e-03;8.2500000e+01;8.5161692e-03;8.2500000e+01;2.5408052e-02;8.2500000e+01;4.7235303e-02;8.2500000e+01;7.2601981e-02;8.2500000e+01;1.0163302e-01;8.2500000e+01;1.3321121e-01;8.2500000e+01;1.6726768e-01;8.2500000e+01;1.9303927e-01;8.2500000e+01;2.1328649e-01;8.2500000e+01;2.3352586e-01;8.2500000e+01;2.5055993e-01;8.2500000e+01;2.5448775e-01;8.2500000e+01;2.3112549e-01;8.2500000e+01;1.8893842e-01;8.2500000e+01;1.3631141e-01;8.2500000e+01;8.4995225e-02;8.2500000e+01;3.8670339e-02;8.2500000e+01;-2.6501282e-03;8.2500000e+01;8.5161692e-03;8.2500000e+01;2.5408052e-02;8.2500000e+01;4.7235303e-02;8.2500000e+01;7.2601981e-02;8.2500000e+01;1.0163302e-01;8.2500000e+01;1.3321121e-01;8.2500000e+01;1.6726768e-01;8.2500000e+01;1.9303927e-01;8.2500000e+01;2.1328649e-01;8.2500000e+01;2.3352586e-01;8.2500000e+01;2.5055993e-01;8.2500000e+01;2.5448775e-01;8.2500000e+01;2.3112549e-01;8.2500000e+01;1.8893842e-01;8.2500000e+01;1.3631141e-01;8.2500000e+01;8.4995225e-02;8.2500000e+01;3.8670339e-02;8.2500000e+01;-2.6501282e-03;8.2500000e+01;8.5161692e-03;8.2500000e+01;2.5408052e-02;8.2500000e+01;4.7235303e-02;8.2500000e+01;7.2601981e-02;8.2500000e+01;1.0163302e-01;8.2500000e+01;1.3321121e-01;8.2500000e+01;1.6726768e-01;8.2500000e+01;1.9303927e-01;8.2500000e+01;2.1328649e-01;8.2500000e+01;2.3352586e-01;8.2500000e+01;2.5055993e-01;8.2500000e+01;2.5448775e-01;8.2500000e+01;2.3112549e-01;8.2500000e+01;1.8893842e-01;8.2500000e+01;1.3631141e-01;8.2500000e+01;8.4995225e-02;8.2500000e+01;3.8670339e-02;8.2500000e+01;-2.6501282e-03;8.2500000e+01;8.5161692e-03;8.2500000e+01;2.5408052e-02;8.2500000e+01;4.7235303e-02;8.2500000e+01;7.2601981e-02;8.2500000e+01;1.0163302e-01;8.2500000e+01;1.3321121e-01;8.2500000e+01;1.6726768e-01;8.2500000e+01;1.9303927e-01;8.2500000e+01;2.1328649e-01;8.2500000e+01;2.3352586e-01;8.2500000e+01;2.5055993e-01;8.2500000e+01;2.5448775e-01;8.2500000e+01;2.3112549e-01;8.2500000e+01;1.8893842e-01;8.2500000e+01;1.3631141e-01;8.2500000e+01;8.4995225e-02;8.2500000e+01;3.8670339e-02;8.2500000e+01;-2.6501282e-03;8.2500000e+01;8.5161692e-03;8.2500000e+01;2.5408052e-02;8.2500000e+01;4.7235303e-02;8.2500000e+01;7.2601981e-02;8.2500000e+01;1.0163302e-01;8.2500000e+01;1.3321121e-01;8.2500000e+01;1.6726768e-01;8.2500000e+01;1.9303927e-01;8.2500000e+01;2.1328649e-01;8.2500000e+01;2.3352586e-01;8.2500000e+01;2.5055993e-01;8.2500000e+01;2.5448775e-01;8.2500000e+01;2.3112549e-01;8.2500000e+01;1.8893842e-01;8.2500000e+01;1.3631141e-01;8.2500000e+01;8.4995225e-02;8.2500000e+01;3.8670339e-02;8.2500000e+01;-2.6501282e-03;8.2500000e+01;8.5161692e-03;8.2500000e+01;2.5408052e-02;8.2500000e+01;4.7235303e-02;8.2500000e+01;7.2601981e-02;8.2500000e+01;1.0163302e-01;8.2500000e+01;1.3321121e-01;8.2500000e+01;1.6726768e-01;8.2500000e+01;1.9303927e-01;8.2500000e+01;2.1328649e-01;8.2500000e+01;2.3352586e-01;8.2500000e+01;2.5055993e-01;8.2500000e+01;2.5448775e-01;8.2500000e+01;2.3112549e-01;8.2500000e+01;1.8893842e-01;8.2500000e+01;1.3631141e-01;8.2500000e+01;8.4995225e-02;8.2500000e+01;3.8670339e-02;8.2500000e+01;-2.6501282e-03;8.2500000e+01;8.5161692e-03;8.2500000e+01;2.5408052e-02;8.2500000e+01;4.7235303e-02;8.2500000e+01;7.2601981e-02;8.2500000e+01;1.0163302e-01;8.2500000e+01;1.3321121e-01;8.2500000e+01;1.6726768e-01;8.2500000e+01;1.9303927e-01;8.2500000e+01;2.1328649e-01;8.2500000e+01;2.3352586e-01;8.2500000e+01;2.5055993e-01;8.2500000e+01;2.5448775e-01;8.2500000e+01;2.3112549e-01;8.2500000e+01;1.8893842e-01;8.2500000e+01;1.3631141e-01;8.2500000e+01;8.4995225e-02;8.2500000e+01;3.8670339e-02;8.2500000e+01;-2.6501282e-03;8.2500000e+01;8.5161692e-03;8.2500000e+01;2.5408052e-02;8.2500000e+01;4.7235303e-02;8.2500000e+01;7.2601981e-02;8.2500000e+01;1.0163302e-01;8.2500000e+01;1.3321121e-01;8.2500000e+01;1.6726768e-01;8.2500000e+01;1.9303927e-01;8.2500000e+01;2.1328649e-01;8.2500000e+01;2.3352586e-01;8.2500000e+01;2.5055993e-01;8.2500000e+01;2.5448775e-01;8.2500000e+01;2.3112549e-01;8.2500000e+01;1.8893842e-01;8.2500000e+01;1.3631141e-01;8.2500000e+01;8.4995225e-02;8.2500000e+01;3.8670339e-02;8.2500000e+01;-2.6501282e-03;8.2500000e+01;8.5161692e-03;8.2500000e+01;2.5408052e-02;8.2500000e+01;4.7235303e-02;8.2500000e+01;7.2601981e-02;8.2500000e+01;1.0163302e-01;8.2500000e+01;1.3321121e-01;8.2500000e+01;1.6726768e-01;8.2500000e+01;1.9303927e-01;8.2500000e+01;2.1328649e-01;8.2500000e+01;2.3352586e-01;8.2500000e+01;2.5055993e-01;8.2500000e+01;2.5448775e-01;8.2500000e+01;2.3112549e-01;8.2500000e+01;1.8893842e-01;8.2500000e+01;1.3631141e-01;8.2500000e+01;8.4995225e-02;8.2500000e+01;3.8670339e-02;8.2500000e+01;-2.6501282e-03;8.2500000e+01;8.5161692e-03;8.2500000e+01;2.5408052e-02;8.2500000e+01;4.7235303e-02;8.2500000e+01;7.2601981e-02;8.2500000e+01;1.0163302e-01;8.2500000e+01;1.3321121e-01;8.2500000e+01;1.6726768e-01;8.2500000e+01;1.9303927e-01;8.2500000e+01;2.1328649e-01;8.2500000e+01;2.3352586e-01;8.2500000e+01;2.5055993e-01;8.2500000e+01;2.5448775e-01;8.2500000e+01;2.3112549e-01;8.2500000e+01;1.8893842e-01;8.2500000e+01;1.3631141e-01;8.2500000e+01;8.4995225e-02;8.2500000e+01;3.8670339e-02;8.2500000e+01;-2.6501282e-03;8.2500000e+01;8.5161692e-03;8.2500000e+01;2.5408052e-02;8.2500000e+01;4.7235303e-02;8.2500000e+01;7.2601981e-02;8.2500000e+01;1.0163302e-01;8.2500000e+01;1.3321121e-01;8.2500000e+01;1.6726768e-01;8.2500000e+01;1.9303927e-01;8.2500000e+01;2.1328649e-01;8.2500000e+01;2.3352586e-01;8.2500000e+01;2.5055993e-01;8.2500000e+01;2.5448775e-01;8.2500000e+01;2.3112549e-01;8.2500000e+01;1.8893842e-01;8.2500000e+01;1.3631141e-01;8.2500000e+01;8.4995225e-02;8.2500000e+01;3.8670339e-02;8.2500000e+01;-2.6501282e-03;8.2500000e+01;8.5161692e-03;8.2500000e+01;2.5408052e-02;8.2500000e+01;4.7235303e-02;8.2500000e+01;7.2601981e-02;8.2500000e+01;1.0163302e-01;8.2500000e+01;1.3321121e-01;8.2500000e+01;1.6726768e-01;8.2500000e+01;1.9303927e-01;8.2500000e+01;2.1328649e-01;8.2500000e+01;2.3352586e-01;8.2500000e+01;2.5055993e-01;8.2500000e+01;2.5448775e-01;8.2500000e+01;2.3112549e-01;8.2500000e+01;1.8893842e-01;8.2500000e+01;1.3631141e-01;8.2500000e+01;8.4995225e-02;8.2500000e+01;3.8670339e-02;8.2500000e+01;-2.6501282e-03;8.2500000e+01;8.5161692e-03;8.2500000e+01;2.5408052e-02;8.2500000e+01;4.7235303e-02;8.2500000e+01;7.2601981e-02;8.2500000e+01;1.0163302e-01;8.2500000e+01;1.3321121e-01;8.2500000e+01;1.6726768e-01;8.2500000e+01;1.9303927e-01;8.2500000e+01;2.1328649e-01;8.2500000e+01;2.3352586e-01;8.2500000e+01;2.5055993e-01;8.2500000e+01;2.5448775e-01;8.2500000e+01;2.3112549e-01;8.2500000e+01;1.8893842e-01;8.2500000e+01;1.3631141e-01;8.2500000e+01;8.4995225e-02;8.2500000e+01;3.8670339e-02;8.2500000e+01;-2.6501282e-03;8.2500000e+01;8.5161692e-03;8.2500000e+01;2.5408052e-02;8.2500000e+01;4.7235303e-02;8.2500000e+01;7.2601981e-02;8.2500000e+01;1.0163302e-01;8.2500000e+01;1.3321121e-01;8.2500000e+01;1.6726768e-01;8.2500000e+01;1.9303927e-01;8.2500000e+01;2.1328649e-01;8.2500000e+01;2.3352586e-01;8.2500000e+01;2.5055993e-01;8.2500000e+01;2.5448775e-01;8.2500000e+01;2.3112549e-01;8.2500000e+01;1.8893842e-01;8.2500000e+01;1.3631141e-01;8.2500000e+01;8.4995225e-02;8.2500000e+01;3.8670339e-02;8.2500000e+01;-2.6501282e-03;8.2500000e+01;8.5161692e-03;8.2500000e+01;2.5408052e-02;8.2500000e+01;4.7235303e-02;8.2500000e+01;7.2601981e-02;8.2500000e+01;1.0163302e-01;8.2500000e+01;1.3321121e-01;8.2500000e+01;1.6726768e-01;8.2500000e+01;1.9303927e-01;8.2500000e+01;2.1328649e-01;8.2500000e+01;2.3352586e-01;8.2500000e+01;2.5055993e-01;8.2500000e+01;2.5448775e-01;8.2500000e+01;2.3112549e-01;8.2500000e+01;1.8893842e-01;8.2500000e+01;1.3631141e-01;8.2500000e+01;8.4995225e-02;8.2500000e+01;3.8670339e-02;8.2500000e+01;-2.6501282e-03;8.2500000e+01;8.5161692e-03;8.2500000e+01;2.5408052e-02;8.2500000e+01;4.7235303e-02;8.2500000e+01;7.2601981e-02;8.2500000e+01;1.0163302e-01;8.2500000e+01;1.3321121e-01;8.2500000e+01;1.6726768e-01;8.2500000e+01;1.9303927e-01;8.2500000e+01;2.1328649e-01;8.2500000e+01;2.3352586e-01;8.2500000e+01;2.5055993e-01;8.2500000e+01;2.5448775e-01;8.2500000e+01;2.3112549e-01;8.2500000e+01;1.8893842e-01;8.2500000e+01;1.3631141e-01;8.2500000e+01;8.4995225e-02;8.2500000e+01;3.8670339e-02;8.2500000e+01;-2.6501282e-03;8.2500000e+01;8.5161692e-03;8.2500000e+01;2.5408052e-02;8.2500000e+01;4.7235303e-02;8.2500000e+01;7.2601981e-02;8.2500000e+01;1.0163302e-01;8.2500000e+01;1.3321121e-01;8.2500000e+01;1.6726768e-01;8.2500000e+01;1.9303927e-01;8.2500000e+01;2.1328649e-01;8.2500000e+01;2.3352586e-01;8.2500000e+01;2.5055993e-01;8.2500000e+01;2.5448775e-01;8.2500000e+01;2.3112549e-01;8.2500000e+01;1.8893842e-01;8.2500000e+01;1.3631141e-01;8.2500000e+01;8.4995225e-02;8.2500000e+01;3.8670339e-02;8.2500000e+01;-2.6501282e-03;8.2500000e+01;8.5161692e-03;8.2500000e+01;2.5408052e-02;8.2500000e+01;4.7235303e-02;8.2500000e+01;7.2601981e-02;8.2500000e+01;1.0163302e-01;8.2500000e+01;1.3321121e-01;8.2500000e+01;1.6726768e-01;8.2500000e+01;1.9303927e-01;8.2500000e+01;2.1328649e-01;8.2500000e+01;2.3352586e-01;8.2500000e+01;2.5055993e-01;8.2500000e+01;2.5448775e-01;8.2500000e+01;2.3112549e-01;8.2500000e+01;1.8893842e-01;8.2500000e+01;1.3631141e-01;8.2500000e+01;8.4995225e-02;8.2500000e+01;3.8670339e-02;8.2500000e+01;-2.6501282e-03;8.2500000e+01;8.5161692e-03;8.2500000e+01;2.5408052e-02;8.2500000e+01;4.7235303e-02;8.2500000e+01;7.2601981e-02;8.2500000e+01;1.0163302e-01;8.2500000e+01;1.3321121e-01;8.2500000e+01;1.6726768e-01;8.2500000e+01;1.9303927e-01;8.2500000e+01;2.1328649e-01;8.2500000e+01;2.3352586e-01;8.2500000e+01;2.5055993e-01;8.2500000e+01;2.5448775e-01;8.2500000e+01;2.3112549e-01;8.2500000e+01;1.8893842e-01;8.2500000e+01;1.3631141e-01;8.2500000e+01;8.4995225e-02;8.2500000e+01;3.8670339e-02;8.2500000e+01;-2.6501282e-03;8.2500000e+01;8.5161692e-03;8.2500000e+01;2.5408052e-02;8.2500000e+01;4.7235303e-02;8.2500000e+01;7.2601981e-02;8.2500000e+01;1.0163302e-01;8.2500000e+01;1.3321121e-01;8.2500000e+01;1.6726768e-01;8.2500000e+01;1.9303927e-01;8.2500000e+01;2.1328649e-01;8.2500000e+01;2.3352586e-01;8.2500000e+01;2.5055993e-01;8.2500000e+01;2.5448775e-01;8.2500000e+01;2.3112549e-01;8.2500000e+01;1.8893842e-01;8.2500000e+01;1.3631141e-01;8.2500000e+01;8.4995225e-02;8.2500000e+01;3.8670339e-02;8.2500000e+01;-2.6501282e-03;8.2500000e+01;8.5161692e-03;8.2500000e+01;2.5408052e-02;8.2500000e+01;4.7235303e-02;8.2500000e+01;7.2601981e-02;8.2500000e+01;1.0163302e-01;8.2500000e+01;1.3321121e-01;8.2500000e+01;1.6726768e-01;8.2500000e+01;1.9303927e-01;8.2500000e+01;2.1328649e-01;8.2500000e+01;2.3352586e-01;8.2500000e+01;2.5055993e-01;8.2500000e+01;2.5448775e-01;8.2500000e+01;2.3112549e-01;8.2500000e+01;1.8893842e-01;8.2500000e+01;1.3631141e-01;8.2500000e+01;8.4995225e-02;8.2500000e+01;3.8670339e-02;8.2500000e+01;-2.6501282e-03;8.2500000e+01;8.5161692e-03;8.2500000e+01;2.5408052e-02;8.2500000e+01;4.7235303e-02;8.2500000e+01;7.2601981e-02;8.2500000e+01;1.0163302e-01;8.2500000e+01;1.3321121e-01;8.2500000e+01;1.6726768e-01;8.2500000e+01;1.9303927e-01;8.2500000e+01;2.1328649e-01;8.2500000e+01;2.3352586e-01;8.2500000e+01;2.5055993e-01;8.2500000e+01;2.5448775e-01;8.2500000e+01;2.3112549e-01;8.2500000e+01;1.8893842e-01;8.2500000e+01;1.3631141e-01;8.2500000e+01;8.4995225e-02;8.2500000e+01;3.8670339e-02;8.2500000e+01;-2.6501282e-03;8.2500000e+01;8.5161692e-03;8.2500000e+01;2.5408052e-02;8.2500000e+01;4.7235303e-02;8.2500000e+01;7.2601981e-02;8.2500000e+01;1.0163302e-01;8.2500000e+01;1.3321121e-01;8.2500000e+01;1.6726768e-01;8.2500000e+01;1.9303927e-01;8.2500000e+01;2.1328649e-01;8.2500000e+01;2.3352586e-01;8.2500000e+01;2.5055993e-01;8.2500000e+01;2.5448775e-01;8.2500000e+01;2.3112549e-01;8.2500000e+01;1.8893842e-01;8.2500000e+01;1.3631141e-01;8.2500000e+01;8.4995225e-02;8.2500000e+01;3.8670339e-02;8.2500000e+01;-2.6501282e-03;8.2500000e+01;8.5161692e-03;8.2500000e+01;2.5408052e-02;8.2500000e+01;4.7235303e-02;8.2500000e+01;7.2601981e-02;8.2500000e+01;1.0163302e-01;8.2500000e+01;1.3321121e-01;8.2500000e+01;1.6726768e-01;8.2500000e+01;1.9303927e-01;8.2500000e+01;2.1328649e-01;8.2500000e+01;2.3352586e-01;8.2500000e+01;2.5055993e-01;8.2500000e+01;2.5448775e-01;8.2500000e+01;2.3112549e-01;8.2500000e+01;1.8893842e-01;8.2500000e+01;1.3631141e-01;8.2500000e+01;8.4995225e-02;8.2500000e+01;3.8670339e-02;8.2500000e+01;-2.6501282e-03;8.2500000e+01;8.5161692e-03;8.2500000e+01;2.5408052e-02;8.2500000e+01;4.7235303e-02;8.2500000e+01;7.2601981e-02;8.2500000e+01;1.0163302e-01;8.2500000e+01;1.3321121e-01;8.2500000e+01;1.6726768e-01;8.2500000e+01;1.9303927e-01;8.2500000e+01;2.1328649e-01;8.2500000e+01;2.3352586e-01;8.2500000e+01;2.5055993e-01;8.2500000e+01;2.5448775e-01;8.2500000e+01;2.3112549e-01;8.2500000e+01;1.8893842e-01;8.2500000e+01;1.3631141e-01;8.2500000e+01;8.4995225e-02;8.2500000e+01;3.8670339e-02;8.2500000e+01;-2.6501282e-03;8.2500000e+01;8.5161692e-03;8.2500000e+01;2.5408052e-02;8.2500000e+01;4.7235303e-02;8.2500000e+01;7.2601981e-02;8.2500000e+01;1.0163302e-01;8.2500000e+01;1.3321121e-01;8.2500000e+01;1.6726768e-01;8.2500000e+01;1.9303927e-01;8.2500000e+01;2.1328649e-01;8.2500000e+01;2.3352586e-01;8.2500000e+01;2.5055993e-01;8.2500000e+01;2.5448775e-01;8.2500000e+01;2.3112549e-01;8.2500000e+01;1.8893842e-01;8.2500000e+01;1.3631141e-01;8.2500000e+01;8.4995225e-02;8.2500000e+01;3.8670339e-02;8.2500000e+01;-2.6501282e-03;8.2500000e+01;8.5161692e-03;8.2500000e+01;2.5408052e-02;8.2500000e+01;4.7235303e-02;8.2500000e+01;7.2601981e-02;8.2500000e+01;1.0163302e-01;8.2500000e+01;1.3321121e-01;8.2500000e+01;1.6726768e-01;8.2500000e+01;1.9303927e-01;8.2500000e+01;2.1328649e-01;8.2500000e+01;2.3352586e-01;8.2500000e+01;2.5055993e-01;8.2500000e+01;2.5448775e-01;8.2500000e+01;2.3112549e-01;8.2500000e+01;1.8893842e-01;8.2500000e+01;1.3631141e-01;8.2500000e+01;8.4995225e-02;8.2500000e+01;3.8670339e-02;8.2500000e+01;-2.6501282e-03;8.2500000e+01;8.5161692e-03;8.2500000e+01;2.5408052e-02;8.2500000e+01;4.7235303e-02;8.2500000e+01;7.2601981e-02;8.2500000e+01;1.0163302e-01;8.2500000e+01;1.3321121e-01;8.2500000e+01;1.6726768e-01;8.2500000e+01;1.9303927e-01;8.2500000e+01;2.1328649e-01;8.2500000e+01;2.3352586e-01;8.2500000e+01;2.5055993e-01;8.2500000e+01;2.5448775e-01;8.2500000e+01;2.3112549e-01;8.2500000e+01;1.8893842e-01;8.2500000e+01;1.3631141e-01;8.2500000e+01;8.4995225e-02;8.2500000e+01;3.8670339e-02;8.2500000e+01;-2.6501282e-03;8.2500000e+01;8.5161692e-03;8.2500000e+01;2.5408052e-02;8.2500000e+01;4.7235303e-02;8.2500000e+01;7.2601981e-02;8.2500000e+01;1.0163302e-01;8.2500000e+01;1.3321121e-01;8.2500000e+01;1.6726768e-01;8.2500000e+01;1.9303927e-01;8.2500000e+01;2.1328649e-01;8.2500000e+01;2.3352586e-01;8.2500000e+01;2.5055993e-01;8.2500000e+01;2.5448775e-01;8.2500000e+01;2.3112549e-01;8.2500000e+01;1.8893842e-01;8.2500000e+01;1.3631141e-01;8.2500000e+01;8.4995225e-02;8.2500000e+01;3.8670339e-02;8.2500000e+01;-2.6501282e-03;8.2500000e+01;8.5161692e-03;8.2500000e+01;2.5408052e-02;8.2500000e+01;4.7235303e-02;8.2500000e+01;7.2601981e-02;8.2500000e+01;1.0163302e-01;8.2500000e+01;1.3321121e-01;8.2500000e+01;1.6726768e-01;8.2500000e+01;1.9303927e-01;8.2500000e+01;2.1328649e-01;8.2500000e+01;2.3352586e-01;8.2500000e+01;2.5055993e-01;8.2500000e+01;2.5448775e-01;8.2500000e+01;2.3112549e-01;8.2500000e+01;1.8893842e-01;8.2500000e+01;1.3631141e-01;8.2500000e+01;8.4995225e-02;8.2500000e+01;3.8670339e-02;8.2500000e+01;-2.6501282e-03;8.2500000e+01;8.5161692e-03;8.2500000e+01;2.5408052e-02;8.2500000e+01;4.7235303e-02;8.2500000e+01;7.2601981e-02;8.2500000e+01;1.0163302e-01;8.2500000e+01;1.3321121e-01;8.2500000e+01;1.6726768e-01;8.2500000e+01;1.9303927e-01;8.2500000e+01;2.1328649e-01;8.2500000e+01;2.3352586e-01;8.2500000e+01;2.5055993e-01;8.2500000e+01;2.5448775e-01;8.2500000e+01;2.3112549e-01;8.2500000e+01;1.8893842e-01;8.2500000e+01;1.3631141e-01;8.2500000e+01;8.4995225e-02;8.2500000e+01;3.8670339e-02;8.2500000e+01;-2.6501282e-03;8.2500000e+01;8.5161692e-03;8.2500000e+01;2.5408052e-02;8.2500000e+01;4.7235303e-02;8.2500000e+01;7.2601981e-02;8.2500000e+01;1.0163302e-01;8.2500000e+01;1.3321121e-01;8.2500000e+01;1.6726768e-01;8.2500000e+01;1.9303927e-01;8.2500000e+01;2.1328649e-01;8.2500000e+01;2.3352586e-01;8.2500000e+01;2.5055993e-01;8.2500000e+01;2.5448775e-01;8.2500000e+01;2.3112549e-01;8.2500000e+01;1.8893842e-01;8.2500000e+01;1.3631141e-01;8.2500000e+01;8.4995225e-02;8.2500000e+01;3.8670339e-02;8.2500000e+01;-2.6501282e-03;8.2500000e+01;8.5161692e-03;8.2500000e+01;2.5408052e-02;8.2500000e+01;4.7235303e-02;8.2500000e+01;7.2601981e-02;8.2500000e+01;1.0163302e-01;8.2500000e+01;1.3321121e-01;8.2500000e+01;1.6726768e-01;8.2500000e+01;1.9303927e-01;8.2500000e+01;2.1328649e-01;8.2500000e+01;2.3352586e-01;8.2500000e+01;2.5055993e-01;8.2500000e+01;2.5448775e-01;8.2500000e+01;2.3112549e-01;8.2500000e+01;1.8893842e-01;8.2500000e+01;1.3631141e-01;8.2500000e+01;8.4995225e-02;8.2500000e+01;3.8670339e-02;8.2500000e+01;-2.6501282e-03;8.2500000e+01;8.5161692e-03;8.2500000e+01;2.5408052e-02;8.2500000e+01;4.7235303e-02;8.2500000e+01;7.2601981e-02;8.2500000e+01;1.0163302e-01;8.2500000e+01;1.3321121e-01;8.2500000e+01;1.6726768e-01;8.2500000e+01;1.9303927e-01;8.2500000e+01;2.1328649e-01;8.2500000e+01;2.3352586e-01;8.2500000e+01;2.5055993e-01;8.2500000e+01;2.5448775e-01;8.2500000e+01;2.3112549e-01;8.2500000e+01;1.8893842e-01;8.2500000e+01;1.3631141e-01;8.2500000e+01;8.4995225e-02;8.2500000e+01;3.8670339e-02;8.2500000e+01;-2.6501282e-03;8.2500000e+01;8.5161692e-03;8.2500000e+01;2.5408052e-02;8.2500000e+01;4.7235303e-02;8.2500000e+01;7.2601981e-02;8.2500000e+01;1.0163302e-01;8.2500000e+01;1.3321121e-01;8.2500000e+01;1.6726768e-01;8.2500000e+01;1.9303927e-01;8.2500000e+01;2.1328649e-01;8.2500000e+01;2.3352586e-01;8.2500000e+01;2.5055993e-01;8.2500000e+01;2.5448775e-01;8.2500000e+01;2.3112549e-01;8.2500000e+01;1.8893842e-01;8.2500000e+01;1.3631141e-01;8.2500000e+01;8.4995225e-02;8.2500000e+01;3.8670339e-02;8.2500000e+01;-2.6501282e-03;8.2500000e+01;8.5161692e-03;8.2500000e+01;2.5408052e-02;8.2500000e+01;4.7235303e-02;8.2500000e+01;7.2601981e-02;8.2500000e+01;1.0163302e-01;8.2500000e+01;1.3321121e-01;8.2500000e+01;1.6726768e-01;8.2500000e+01;1.9303927e-01;8.2500000e+01;2.1328649e-01;8.2500000e+01;2.3352586e-01;8.2500000e+01;2.5055993e-01;8.2500000e+01;2.5448775e-01;8.2500000e+01;2.3112549e-01;8.2500000e+01;1.8893842e-01;8.2500000e+01;1.3631141e-01;8.2500000e+01;8.4995225e-02;8.2500000e+01;3.8670339e-02;8.2500000e+01;-2.6501282e-03;8.2500000e+01;8.5161692e-03;8.2500000e+01;2.5408052e-02;8.2500000e+01;4.7235303e-02;8.2500000e+01;7.2601981e-02;8.2500000e+01;1.0163302e-01;8.2500000e+01;1.3321121e-01;8.2500000e+01;1.6726768e-01;8.2500000e+01;1.9303927e-01;8.2500000e+01;2.1328649e-01;8.2500000e+01;2.3352586e-01;8.2500000e+01;2.5055993e-01;8.2500000e+01;2.5448775e-01;8.2500000e+01;2.3112549e-01;8.2500000e+01;1.8893842e-01;8.2500000e+01;1.3631141e-01;8.2500000e+01;8.4995225e-02;8.2500000e+01;3.8670339e-02;8.2500000e+01;-2.6501282e-03;8.2500000e+01;8.5161692e-03;8.2500000e+01;2.5408052e-02;8.2500000e+01;4.7235303e-02;8.2500000e+01;7.2601981e-02;8.2500000e+01;1.0163302e-01;8.2500000e+01;1.3321121e-01;8.2500000e+01;1.6726768e-01;8.2500000e+01;1.9303927e-01;8.2500000e+01;2.1328649e-01;8.2500000e+01;2.3352586e-01;8.2500000e+01;2.5055993e-01;8.2500000e+01;2.5448775e-01;8.2500000e+01;2.3112549e-01;8.2500000e+01;1.8893842e-01;8.2500000e+01;1.3631141e-01;8.2500000e+01;8.4995225e-02;8.2500000e+01;3.8670339e-02;8.2500000e+01;-2.6501282e-03;8.2500000e+01;8.5161692e-03;8.2500000e+01;2.5408052e-02;8.2500000e+01;4.7235303e-02;8.2500000e+01;7.2601981e-02;8.2500000e+01;1.0163302e-01;8.2500000e+01;1.3321121e-01;8.2500000e+01;1.6726768e-01;8.2500000e+01;1.9303927e-01;8.2500000e+01;2.1328649e-01;8.2500000e+01;2.3352586e-01;8.2500000e+01;2.5055993e-01;8.2500000e+01;2.5448775e-01;8.2500000e+01;2.3112549e-01;8.2500000e+01;1.8893842e-01;8.2500000e+01;1.3631141e-01;8.2500000e+01;8.4995225e-02;8.2500000e+01;3.8670339e-02;8.2500000e+01;-2.6501282e-03;8.2500000e+01;8.5161692e-03;8.2500000e+01;2.5408052e-02;8.2500000e+01;4.7235303e-02;8.2500000e+01;7.2601981e-02;8.2500000e+01;1.0163302e-01;8.2500000e+01;1.3321121e-01;8.2500000e+01;1.6726768e-01;8.2500000e+01;1.9303927e-01;8.2500000e+01;2.1328649e-01;8.2500000e+01;2.3352586e-01;8.2500000e+01;2.5055993e-01;8.2500000e+01;2.5448775e-01;8.2500000e+01;2.3112549e-01;8.2500000e+01;1.8893842e-01;8.2500000e+01;1.3631141e-01;8.2500000e+01;8.4995225e-02;8.2500000e+01;3.8670339e-02;8.2500000e+01;-2.6501282e-03;8.2500000e+01;8.5161692e-03;8.2500000e+01;2.5408052e-02;8.2500000e+01;4.7235303e-02;8.2500000e+01;7.2601981e-02;8.2500000e+01;1.0163302e-01;8.2500000e+01;1.3321121e-01;8.2500000e+01;1.6726768e-01;8.2500000e+01;1.9303927e-01;8.2500000e+01;2.1328649e-01;8.2500000e+01;2.3352586e-01;8.2500000e+01;2.5055993e-01;8.2500000e+01;2.5448775e-01;8.2500000e+01;2.3112549e-01;8.2500000e+01;1.8893842e-01;8.2500000e+01;1.3631141e-01;8.2500000e+01;8.4995225e-02;8.2500000e+01;3.8670339e-02;8.2500000e+01;-2.6501282e-03;8.2500000e+01;8.5161692e-03;8.2500000e+01;2.5408052e-02;8.2500000e+01;4.7235303e-02;8.2500000e+01;7.2601981e-02;8.2500000e+01;1.0163302e-01;8.2500000e+01;1.3321121e-01;8.2500000e+01;1.6726768e-01;8.2500000e+01;1.9303927e-01;8.2500000e+01;2.1328649e-01;8.2500000e+01;2.3352586e-01;8.2500000e+01;2.5055993e-01;8.2500000e+01;2.5448775e-01;8.2500000e+01;2.3112549e-01;8.2500000e+01;1.8893842e-01;8.2500000e+01;1.3631141e-01;8.2500000e+01;8.4995225e-02;8.2500000e+01;3.8670339e-02;8.2500000e+01;-2.6501282e-03;8.2500000e+01;8.5161692e-03;8.2500000e+01;2.5408052e-02;8.2500000e+01;4.7235303e-02;8.2500000e+01;7.2601981e-02;8.2500000e+01;1.0163302e-01;8.2500000e+01;1.3321121e-01;8.2500000e+01;1.6726768e-01;8.2500000e+01;1.9303927e-01;8.2500000e+01;2.1328649e-01;8.2500000e+01;2.3352586e-01;8.2500000e+01;2.5055993e-01;8.2500000e+01;2.5448775e-01;8.2500000e+01;2.3112549e-01;8.2500000e+01;1.8893842e-01;8.2500000e+01;1.3631141e-01;8.2500000e+01;8.4995225e-02;8.2500000e+01;3.8670339e-02;8.2500000e+01;-2.6501282e-03;8.2500000e+01;8.5161692e-03;8.2500000e+01;2.5408052e-02;8.2500000e+01;4.7235303e-02;8.2500000e+01;7.2601981e-02;8.2500000e+01;1.0163302e-01;8.2500000e+01;1.3321121e-01;8.2500000e+01;1.6726768e-01;8.2500000e+01;1.9303927e-01;8.2500000e+01;2.1328649e-01;8.2500000e+01;2.3352586e-01;8.2500000e+01;2.5055993e-01;8.2500000e+01;2.5448775e-01;8.2500000e+01;2.3112549e-01;8.2500000e+01;1.8893842e-01;8.2500000e+01;1.3631141e-01;8.2500000e+01;8.4995225e-02;8.2500000e+01;3.8670339e-02;8.2500000e+01;-2.6501282e-03;8.2500000e+01;8.5161692e-03;8.2500000e+01;2.5408052e-02;8.2500000e+01;4.7235303e-02;8.2500000e+01;7.2601981e-02;8.2500000e+01;1.0163302e-01;8.2500000e+01;1.3321121e-01;8.2500000e+01;1.6726768e-01;8.2500000e+01;1.9303927e-01;8.2500000e+01;2.1328649e-01;8.2500000e+01;2.3352586e-01;8.2500000e+01;2.5055993e-01;8.2500000e+01;2.5448775e-01;8.2500000e+01;2.3112549e-01;8.2500000e+01;1.8893842e-01;8.2500000e+01;1.3631141e-01;8.2500000e+01;8.4995225e-02;8.2500000e+01;3.8670339e-02;8.2500000e+01;-2.6501282e-03;8.2500000e+01;8.5161692e-03;8.2500000e+01;2.5408052e-02;8.2500000e+01;4.7235303e-02;8.2500000e+01;7.2601981e-02;8.2500000e+01;1.0163302e-01;8.2500000e+01;1.3321121e-01;8.2500000e+01;1.6726768e-01;8.2500000e+01;1.9303927e-01;8.2500000e+01;2.1328649e-01;8.2500000e+01;2.3352586e-01;8.2500000e+01;2.5055993e-01;8.2500000e+01;2.5448775e-01;8.2500000e+01;2.3112549e-01;8.2500000e+01;1.8893842e-01;8.2500000e+01;1.3631141e-01;8.2500000e+01;8.4995225e-02;8.2500000e+01;3.8670339e-02;8.2500000e+01;-2.6501282e-03;8.2500000e+01;8.5161692e-03;8.2500000e+01;2.5408052e-02;8.2500000e+01;4.7235303e-02;8.2500000e+01;7.2601981e-02;8.2500000e+01;1.0163302e-01;8.2500000e+01;1.3321121e-01;8.2500000e+01;1.6726768e-01;8.2500000e+01;1.9303927e-01;8.2500000e+01;2.1328649e-01;8.2500000e+01;2.3352586e-01;8.2500000e+01;2.5055993e-01;8.2500000e+01;2.5448775e-01;8.2500000e+01;2.3112549e-01;8.2500000e+01;1.8893842e-01;8.2500000e+01;1.3631141e-01;8.2500000e+01;8.4995225e-02;8.2500000e+01;3.8670339e-02;8.2500000e+01;-2.6501282e-03;8.2500000e+01;8.5161692e-03;8.2500000e+01;2.5408052e-02;8.2500000e+01;4.7235303e-02;8.2500000e+01;7.2601981e-02;8.2500000e+01;1.0163302e-01;8.2500000e+01;1.3321121e-01;8.2500000e+01;1.6726768e-01;8.2500000e+01;1.9303927e-01;8.2500000e+01;2.1328649e-01;8.2500000e+01;2.3352586e-01;8.2500000e+01;2.5055993e-01;8.2500000e+01;2.5448775e-01;8.2500000e+01;2.3112549e-01;8.2500000e+01;1.8893842e-01;8.2500000e+01;1.3631141e-01;8.2500000e+01;8.4995225e-02;8.2500000e+01;3.8670339e-02;8.2500000e+01;-2.6501282e-03;8.2500000e+01;8.5161692e-03;8.2500000e+01;2.5408052e-02;8.2500000e+01;4.7235303e-02;8.2500000e+01;7.2601981e-02;8.2500000e+01;1.0163302e-01;8.2500000e+01;1.3321121e-01;8.2500000e+01;1.6726768e-01;8.2500000e+01;1.9303927e-01;8.2500000e+01;2.1328649e-01;8.2500000e+01;2.3352586e-01;8.2500000e+01;2.5055993e-01;8.2500000e+01;2.5448775e-01;8.2500000e+01;2.3112549e-01;8.2500000e+01;1.8893842e-01;8.2500000e+01;1.3631141e-01;8.2500000e+01;8.4995225e-02;8.2500000e+01;3.8670339e-02;8.2500000e+01;-2.6501282e-03;8.2500000e+01;8.5161692e-03;8.2500000e+01;2.5408052e-02;8.2500000e+01;4.7235303e-02;8.2500000e+01;7.2601981e-02;8.2500000e+01;1.0163302e-01;8.2500000e+01;1.3321121e-01;8.2500000e+01;1.6726768e-01;8.2500000e+01;1.9303927e-01;8.2500000e+01;2.1328649e-01;8.2500000e+01;2.3352586e-01;8.2500000e+01;2.5055993e-01;8.2500000e+01;2.5448775e-01;8.2500000e+01;2.3112549e-01;8.2500000e+01;1.8893842e-01;8.2500000e+01;1.3631141e-01;8.2500000e+01;8.4995225e-02;8.2500000e+01;3.8670339e-02;8.2500000e+01;-2.6501282e-03;8.2500000e+01;8.5161692e-03;8.2500000e+01;2.5408052e-02;8.2500000e+01;4.7235303e-02;8.2500000e+01;7.2601981e-02;8.2500000e+01;1.0163302e-01;8.2500000e+01;1.3321121e-01;8.2500000e+01;1.6726768e-01;8.2500000e+01;1.9303927e-01;8.2500000e+01;2.1328649e-01;8.2500000e+01;2.3352586e-01;8.2500000e+01;2.5055993e-01;8.2500000e+01;2.5448775e-01;8.2500000e+01;2.3112549e-01;8.2500000e+01;1.8893842e-01;8.2500000e+01;1.3631141e-01;8.2500000e+01;8.4995225e-02;8.2500000e+01;3.8670339e-02;8.2500000e+01;-2.6501282e-03;8.2500000e+01;8.5161692e-03;8.2500000e+01;2.5408052e-02;8.2500000e+01;4.7235303e-02;8.2500000e+01;7.2601981e-02;8.2500000e+01;1.0163302e-01;8.2500000e+01;1.3321121e-01;8.2500000e+01;1.6726768e-01;8.2500000e+01;1.9303927e-01;8.2500000e+01;2.1328649e-01;8.2500000e+01;2.3352586e-01;8.2500000e+01;2.5055993e-01;8.2500000e+01;2.5448775e-01;8.2500000e+01;2.3112549e-01;8.2500000e+01;1.8893842e-01;8.2500000e+01;1.3631141e-01;8.2500000e+01;8.4995225e-02;8.2500000e+01;3.8670339e-02;8.2500000e+01;-2.6501282e-03;8.2500000e+01;8.5161692e-03;8.2500000e+01;2.5408052e-02;8.2500000e+01;4.7235303e-02;8.2500000e+01;7.2601981e-02;8.2500000e+01;1.0163302e-01;8.2500000e+01;1.3321121e-01;8.2500000e+01;1.6726768e-01;8.2500000e+01;1.9303927e-01;8.2500000e+01;2.1328649e-01;8.2500000e+01;2.3352586e-01;8.2500000e+01;2.5055993e-01;8.2500000e+01;2.5448775e-01;8.2500000e+01;2.3112549e-01;8.2500000e+01;1.8893842e-01;8.2500000e+01;1.3631141e-01;8.2500000e+01;8.4995225e-02;8.2500000e+01;3.8670339e-02;8.2500000e+01;-2.6501282e-03;8.2500000e+01;8.5161692e-03;8.2500000e+01;2.5408052e-02;8.2500000e+01;4.7235303e-02;8.2500000e+01;7.2601981e-02;8.2500000e+01;1.0163302e-01;8.2500000e+01;1.3321121e-01;8.2500000e+01;1.6726768e-01;8.2500000e+01;1.9303927e-01;8.2500000e+01;2.1328649e-01;8.2500000e+01;2.3352586e-01;8.2500000e+01;2.5055993e-01;8.2500000e+01;2.5448775e-01;8.2500000e+01;2.3112549e-01;8.2500000e+01;1.8893842e-01;8.2500000e+01;1.3631141e-01;8.2500000e+01;8.4995225e-02;8.2500000e+01;3.8670339e-02;8.2500000e+01;-2.6501282e-03;8.2500000e+01;8.5161692e-03;8.2500000e+01;2.5408052e-02;8.2500000e+01;4.7235303e-02;8.2500000e+01;7.2601981e-02;8.2500000e+01;1.0163302e-01;8.2500000e+01;1.3321121e-01;8.2500000e+01;1.6726768e-01;8.2500000e+01;1.9303927e-01;8.2500000e+01;2.1328649e-01;8.2500000e+01;2.3352586e-01;8.2500000e+01;2.5055993e-01;8.2500000e+01;2.5448775e-01;8.2500000e+01;2.3112549e-01;8.2500000e+01;1.8893842e-01;8.2500000e+01;1.3631141e-01;8.2500000e+01;8.4995225e-02;8.2500000e+01;3.8670339e-02;8.2500000e+01;-2.6501282e-03;8.2500000e+01;8.5161692e-03;8.2500000e+01;2.5408052e-02;8.2500000e+01;4.7235303e-02;8.2500000e+01;7.2601981e-02;8.2500000e+01;1.0163302e-01;8.2500000e+01;1.3321121e-01;8.2500000e+01;1.6726768e-01;8.2500000e+01;1.9303927e-01;8.2500000e+01;2.1328649e-01;8.2500000e+01;2.3352586e-01;8.2500000e+01;2.5055993e-01;8.2500000e+01;2.5448775e-01;8.2500000e+01;2.3112549e-01;8.2500000e+01;1.8893842e-01;8.2500000e+01;1.3631141e-01;8.2500000e+01;8.4995225e-02;8.2500000e+01;3.8670339e-02;8.2500000e+01;-2.6501282e-03;8.2500000e+01;8.5161692e-03;8.2500000e+01;2.5408052e-02;8.2500000e+01;4.7235303e-02;8.2500000e+01;7.2601981e-02;8.2500000e+01;1.0163302e-01;8.2500000e+01;1.3321121e-01;8.2500000e+01;1.6726768e-01;8.2500000e+01;1.9303927e-01;8.2500000e+01;2.1328649e-01;8.2500000e+01;2.3352586e-01;8.2500000e+01;2.5055993e-01;8.2500000e+01;2.5448775e-01;8.2500000e+01;2.3112549e-01;8.2500000e+01;1.8893842e-01;8.2500000e+01;1.3631141e-01;8.2500000e+01;8.4995225e-02;8.2500000e+01;3.8670339e-02;8.2500000e+01;-2.6501282e-03;8.2500000e+01;8.5161692e-03;8.2500000e+01;2.5408052e-02;8.2500000e+01;4.7235303e-02;8.2500000e+01;7.2601981e-02;8.2500000e+01;1.0163302e-01;8.2500000e+01;1.3321121e-01;8.2500000e+01;1.6726768e-01;8.2500000e+01;1.9303927e-01;8.2500000e+01;2.1328649e-01;8.2500000e+01;2.3352586e-01;8.2500000e+01;2.5055993e-01;8.2500000e+01;2.5448775e-01;8.2500000e+01;2.3112549e-01;8.2500000e+01;1.8893842e-01;8.2500000e+01;1.3631141e-01;8.2500000e+01;8.4995225e-02;8.2500000e+01;3.8670339e-02;8.2500000e+01;-2.6501282e-03;8.2500000e+01;8.5161692e-03;8.2500000e+01;2.5408052e-02;8.2500000e+01;4.7235303e-02;8.2500000e+01;7.2601981e-02;8.2500000e+01;1.0163302e-01;8.2500000e+01;1.3321121e-01;8.2500000e+01;1.6726768e-01;8.2500000e+01;1.9303927e-01;8.2500000e+01;2.1328649e-01;8.2500000e+01;2.3352586e-01;8.2500000e+01;2.5055993e-01;8.2500000e+01;2.5448775e-01;8.2500000e+01;2.3112549e-01;8.2500000e+01;1.8893842e-01;8.2500000e+01;1.3631141e-01;8.2500000e+01;8.4995225e-02;8.2500000e+01;3.8670339e-02;8.2500000e+01;-2.6501282e-03;8.2500000e+01;8.5161692e-03;8.2500000e+01;2.5408052e-02;8.2500000e+01;4.7235303e-02;8.2500000e+01;7.2601981e-02;8.2500000e+01;1.0163302e-01;8.2500000e+01;1.3321121e-01;8.2500000e+01;1.6726768e-01;8.2500000e+01;1.9303927e-01;8.2500000e+01;2.1328649e-01;8.2500000e+01;2.3352586e-01;8.2500000e+01;2.5055993e-01;8.2500000e+01;2.5448775e-01;8.2500000e+01;2.3112549e-01;8.2500000e+01;1.8893842e-01;8.2500000e+01;1.3631141e-01;8.2500000e+01;8.4995225e-02;8.2500000e+01;3.8670339e-02;8.2500000e+01;-2.6501282e-03;8.2500000e+01;8.5161692e-03;8.2500000e+01;2.5408052e-02;8.2500000e+01;4.7235303e-02;8.2500000e+01;7.2601981e-02;8.2500000e+01;1.0163302e-01;8.2500000e+01;1.3321121e-01;8.2500000e+01;1.6726768e-01;8.2500000e+01;1.9303927e-01;8.2500000e+01;2.1328649e-01;8.2500000e+01;2.3352586e-01;8.2500000e+01;2.5055993e-01;8.2500000e+01;2.5448775e-01;8.2500000e+01;2.3112549e-01;8.2500000e+01;1.8893842e-01;8.2500000e+01;1.3631141e-01;8.2500000e+01;8.4995225e-02;8.2500000e+01;3.8670339e-02;8.2500000e+01;-2.6501282e-03;8.2500000e+01;8.5161692e-03;8.2500000e+01;2.5408052e-02;8.2500000e+01;4.7235303e-02;8.2500000e+01;7.2601981e-02;8.2500000e+01;1.0163302e-01;8.2500000e+01;1.3321121e-01;8.2500000e+01;1.6726768e-01;8.2500000e+01;1.9303927e-01;8.2500000e+01;2.1328649e-01;8.2500000e+01;2.3352586e-01;8.2500000e+01;2.5055993e-01;8.2500000e+01;2.5448775e-01;8.2500000e+01;2.3112549e-01;8.2500000e+01;1.8893842e-01;8.2500000e+01;1.3631141e-01;8.2500000e+01;8.4995225e-02;8.2500000e+01;3.8670339e-02;8.2500000e+01;-2.6501282e-03;8.2500000e+01;8.5161692e-03;8.2500000e+01;2.5408052e-02;8.2500000e+01;4.7235303e-02;8.2500000e+01;7.2601981e-02;8.2500000e+01;1.0163302e-01;8.2500000e+01;1.3321121e-01;8.2500000e+01;1.6726768e-01;8.2500000e+01;1.9303927e-01;8.2500000e+01;2.1328649e-01;8.2500000e+01;2.3352586e-01;8.2500000e+01;2.5055993e-01;8.2500000e+01;2.5448775e-01;8.2500000e+01;2.3112549e-01;8.2500000e+01;1.8893842e-01;8.2500000e+01;1.3631141e-01;8.2500000e+01;8.4995225e-02;8.2500000e+01;3.8670339e-02;8.2500000e+01;-2.6501282e-03;8.2500000e+01;8.5161692e-03;8.2500000e+01;2.5408052e-02;8.2500000e+01;4.7235303e-02;8.2500000e+01;7.2601981e-02;8.2500000e+01;1.0163302e-01;8.2500000e+01;1.3321121e-01;8.2500000e+01;1.6726768e-01;8.2500000e+01;1.9303927e-01;8.2500000e+01;2.1328649e-01;8.2500000e+01;2.3352586e-01;8.2500000e+01;2.5055993e-01;8.2500000e+01;2.5448775e-01;8.2500000e+01;2.3112549e-01;8.2500000e+01;1.8893842e-01;8.2500000e+01;1.3631141e-01;8.2500000e+01;8.4995225e-02;8.2500000e+01;3.8670339e-02;8.2500000e+01;-2.6501282e-03;8.2500000e+01;8.5161692e-03;8.2500000e+01;2.5408052e-02;8.2500000e+01;4.7235303e-02;8.2500000e+01;7.2601981e-02;8.2500000e+01;1.0163302e-01;8.2500000e+01;1.3321121e-01;8.2500000e+01;1.6726768e-01;8.2500000e+01;1.9303927e-01;8.2500000e+01;2.1328649e-01;8.2500000e+01;2.3352586e-01;8.2500000e+01;2.5055993e-01;8.2500000e+01;2.5448775e-01;8.2500000e+01;2.3112549e-01;8.2500000e+01;1.8893842e-01;8.2500000e+01;1.3631141e-01;8.2500000e+01;8.4995225e-02;8.2500000e+01;3.8670339e-02;8.2500000e+01;-2.6501282e-03;8.2500000e+01;8.5161692e-03;8.2500000e+01;2.5408052e-02;8.2500000e+01;4.7235303e-02;8.2500000e+01;7.2601981e-02;8.2500000e+01;1.0163302e-01;8.2500000e+01;1.3321121e-01;8.2500000e+01;1.6726768e-01;8.2500000e+01;1.9303927e-01;8.2500000e+01;2.1328649e-01;8.2500000e+01;2.3352586e-01;8.2500000e+01;2.5055993e-01;8.2500000e+01;2.5448775e-01;8.2500000e+01;2.3112549e-01;8.2500000e+01;1.8893842e-01;8.2500000e+01;1.3631141e-01;8.2500000e+01;8.4995225e-02;8.2500000e+01;3.8670339e-02;8.2500000e+01;-2.6501282e-03;8.2500000e+01;8.5161692e-03;8.2500000e+01;2.5408052e-02;8.2500000e+01;4.7235303e-02;8.2500000e+01;7.2601981e-02;8.2500000e+01;1.0163302e-01;8.2500000e+01;1.3321121e-01;8.2500000e+01;1.6726768e-01;8.2500000e+01;1.9303927e-01;8.2500000e+01;2.1328649e-01;8.2500000e+01;2.3352586e-01;8.2500000e+01;2.5055993e-01;8.2500000e+01;2.5448775e-01;8.2500000e+01;2.3112549e-01;8.2500000e+01;1.8893842e-01;8.2500000e+01;1.3631141e-01;8.2500000e+01;8.4995225e-02;8.2500000e+01;3.8670339e-02;8.2500000e+01;-2.6501282e-03;8.2500000e+01;8.5161692e-03;8.2500000e+01;2.5408052e-02;8.2500000e+01;4.7235303e-02;8.2500000e+01;7.2601981e-02;8.2500000e+01;1.0163302e-01;8.2500000e+01;1.3321121e-01;8.2500000e+01;1.6726768e-01;8.2500000e+01;1.9303927e-01;8.2500000e+01;2.1328649e-01;8.2500000e+01;2.3352586e-01;8.2500000e+01;2.5055993e-01;8.2500000e+01;2.5448775e-01;8.2500000e+01;2.3112549e-01;8.2500000e+01;1.8893842e-01;8.2500000e+01;1.3631141e-01;8.2500000e+01;8.4995225e-02;8.2500000e+01;3.8670339e-02;8.2500000e+01;-2.6501282e-03;8.2500000e+01;8.5161692e-03;8.2500000e+01;2.5408052e-02;8.2500000e+01;4.7235303e-02;8.2500000e+01;7.2601981e-02;8.2500000e+01;1.0163302e-01;8.2500000e+01;1.3321121e-01;8.2500000e+01;1.6726768e-01;8.2500000e+01;1.9303927e-01;8.2500000e+01;2.1328649e-01;8.2500000e+01;2.3352586e-01;8.2500000e+01;2.5055993e-01;8.2500000e+01;2.5448775e-01;8.2500000e+01;2.3112549e-01;8.2500000e+01;1.8893842e-01;8.2500000e+01;1.3631141e-01;8.2500000e+01;8.4995225e-02;8.2500000e+01;3.8670339e-02;8.2500000e+01;-2.6501282e-03;8.2500000e+01;8.5161692e-03;8.2500000e+01;2.5408052e-02;8.2500000e+01;4.7235303e-02;8.2500000e+01;7.2601981e-02;8.2500000e+01;1.0163302e-01;8.2500000e+01;1.3321121e-01;8.2500000e+01;1.6726768e-01;8.2500000e+01;1.9303927e-01;8.2500000e+01;2.1328649e-01;8.2500000e+01;2.3352586e-01;8.2500000e+01;2.5055993e-01;8.2500000e+01;2.5448775e-01;8.2500000e+01;2.3112549e-01;8.2500000e+01;1.8893842e-01;8.2500000e+01;1.3631141e-01;8.2500000e+01;8.4995225e-02;8.2500000e+01;3.8670339e-02;8.2500000e+01;-2.6501282e-03;8.2500000e+01;8.5161692e-03;8.2500000e+01;2.5408052e-02;8.2500000e+01;4.7235303e-02;8.2500000e+01;7.2601981e-02;8.2500000e+01;1.0163302e-01;8.2500000e+01;1.3321121e-01;8.2500000e+01;1.6726768e-01;8.2500000e+01;1.9303927e-01;8.2500000e+01;2.1328649e-01;8.2500000e+01;2.3352586e-01;8.2500000e+01;2.5055993e-01;8.2500000e+01;2.5448775e-01;8.2500000e+01;2.3112549e-01;8.2500000e+01;1.8893842e-01;8.2500000e+01;1.3631141e-01;8.2500000e+01;8.4995225e-02;8.2500000e+01;3.8670339e-02;8.2500000e+01;-2.6501282e-03;8.2500000e+01;8.5161692e-03;8.2500000e+01;2.5408052e-02;8.2500000e+01;4.7235303e-02;8.2500000e+01;7.2601981e-02;8.2500000e+01;1.0163302e-01;8.2500000e+01;1.3321121e-01;8.2500000e+01;1.6726768e-01;8.2500000e+01;1.9303927e-01;8.2500000e+01;2.1328649e-01;8.2500000e+01;2.3352586e-01;8.2500000e+01;2.5055993e-01;8.2500000e+01;2.5448775e-01;8.2500000e+01;2.3112549e-01;8.2500000e+01;1.8893842e-01;8.2500000e+01;1.3631141e-01;8.2500000e+01;8.4995225e-02;8.2500000e+01;3.8670339e-02;8.2500000e+01;-2.6501282e-03;8.2500000e+01;8.5161692e-03;8.2500000e+01;2.5408052e-02;8.2500000e+01;4.7235303e-02;8.2500000e+01;7.2601981e-02;8.2500000e+01;1.0163302e-01;8.2500000e+01;1.3321121e-01;8.2500000e+01;1.6726768e-01;8.2500000e+01;1.9303927e-01;8.2500000e+01;2.1328649e-01;8.2500000e+01;2.3352586e-01;8.2500000e+01;2.5055993e-01;8.2500000e+01;2.5448775e-01;8.2500000e+01;2.3112549e-01;8.2500000e+01;1.8893842e-01;8.2500000e+01;1.3631141e-01;8.2500000e+01;8.4995225e-02;8.2500000e+01;3.8670339e-02;8.2500000e+01;-2.6501282e-03;8.2500000e+01;8.5161692e-03;8.2500000e+01;2.5408052e-02;8.2500000e+01;4.7235303e-02;8.2500000e+01;7.2601981e-02;8.2500000e+01;1.0163302e-01;8.2500000e+01;1.3321121e-01;8.2500000e+01;1.6726768e-01;8.2500000e+01;1.9303927e-01;8.2500000e+01;2.1328649e-01;8.2500000e+01;2.3352586e-01;8.2500000e+01;2.5055993e-01;8.2500000e+01;2.5448775e-01;8.2500000e+01;2.3112549e-01;8.2500000e+01;1.8893842e-01;8.2500000e+01;1.3631141e-01;8.2500000e+01;8.4995225e-02;8.2500000e+01;3.8670339e-02;8.2500000e+01;-2.6501282e-03;8.2500000e+01;8.5161692e-03;8.2500000e+01;2.5408052e-02;8.2500000e+01;4.7235303e-02;8.2500000e+01;7.2601981e-02;8.2500000e+01;1.0163302e-01;8.2500000e+01;1.3321121e-01;8.2500000e+01;1.6726768e-01;8.2500000e+01;1.9303927e-01;8.2500000e+01;2.1328649e-01;8.2500000e+01;2.3352586e-01;8.2500000e+01;2.5055993e-01;8.2500000e+01;2.5448775e-01;8.2500000e+01;2.3112549e-01;8.2500000e+01;1.8893842e-01;8.2500000e+01;1.3631141e-01;8.2500000e+01;8.4995225e-02;8.2500000e+01;3.8670339e-02;8.2500000e+01;-2.6501282e-03;8.2500000e+01;8.5161692e-03;8.2500000e+01;2.5408052e-02;8.2500000e+01;4.7235303e-02;8.2500000e+01;7.2601981e-02;8.2500000e+01;1.0163302e-01;8.2500000e+01;1.3321121e-01;8.2500000e+01;1.6726768e-01;8.2500000e+01;1.9303927e-01;8.2500000e+01;2.1328649e-01;8.2500000e+01;2.3352586e-01;8.2500000e+01;2.5055993e-01;8.2500000e+01;2.5448775e-01;8.2500000e+01;2.3112549e-01;8.2500000e+01;1.8893842e-01;8.2500000e+01;1.3631141e-01;8.2500000e+01;8.4995225e-02;8.2500000e+01;3.8670339e-02;8.2500000e+01;-2.6501282e-03;8.2500000e+01;8.5161692e-03;8.2500000e+01;2.5408052e-02;8.2500000e+01;4.7235303e-02;8.2500000e+01;7.2601981e-02;8.2500000e+01;1.0163302e-01;8.2500000e+01;1.3321121e-01;8.2500000e+01;1.6726768e-01;8.2500000e+01;1.9303927e-01;8.2500000e+01;2.1328649e-01;8.2500000e+01;2.3352586e-01;8.2500000e+01;2.5055993e-01;8.2500000e+01;2.5448775e-01;8.2500000e+01;2.3112549e-01;8.2500000e+01;1.8893842e-01;8.2500000e+01;1.3631141e-01;8.2500000e+01;8.4995225e-02;8.2500000e+01;3.8670339e-02;8.2500000e+01;-2.6501282e-03;8.2500000e+01;8.5161692e-03;8.2500000e+01;2.5408052e-02;8.2500000e+01;4.7235303e-02;8.2500000e+01;7.2601981e-02;8.2500000e+01;1.0163302e-01;8.2500000e+01;1.3321121e-01;8.2500000e+01;1.6726768e-01;8.2500000e+01;1.9303927e-01;8.2500000e+01;2.1328649e-01;8.2500000e+01;2.3352586e-01;8.2500000e+01;2.5055993e-01;8.2500000e+01;2.5448775e-01;8.2500000e+01;2.3112549e-01;8.2500000e+01;1.8893842e-01;8.2500000e+01;1.3631141e-01;8.2500000e+01;8.4995225e-02;8.2500000e+01;3.8670339e-02;8.2500000e+01;-2.6501282e-03;8.2500000e+01;8.5161692e-03;8.2500000e+01;2.5408052e-02;8.2500000e+01;4.7235303e-02;8.2500000e+01;7.2601981e-02;8.2500000e+01;1.0163302e-01;8.2500000e+01;1.3321121e-01;8.2500000e+01;1.6726768e-01;8.2500000e+01;1.9303927e-01;8.2500000e+01;2.1328649e-01;8.2500000e+01;2.3352586e-01;8.2500000e+01;2.5055993e-01;8.2500000e+01;2.5448775e-01;8.2500000e+01;2.3112549e-01;8.2500000e+01;1.8893842e-01;8.2500000e+01;1.3631141e-01;8.2500000e+01;8.4995225e-02;8.2500000e+01;3.8670339e-02;8.2500000e+01;-2.6501282e-03;8.2500000e+01;8.5161692e-03;8.2500000e+01;2.5408052e-02;8.2500000e+01;4.7235303e-02;8.2500000e+01;7.2601981e-02;8.2500000e+01;1.0163302e-01;8.2500000e+01;1.3321121e-01;8.2500000e+01;1.6726768e-01;8.2500000e+01;1.9303927e-01;8.2500000e+01;2.1328649e-01;8.2500000e+01;2.3352586e-01;8.2500000e+01;2.5055993e-01;8.2500000e+01;2.5448775e-01;8.2500000e+01;2.3112549e-01;8.2500000e+01;1.8893842e-01;8.2500000e+01;1.3631141e-01;8.2500000e+01;8.4995225e-02;8.2500000e+01;3.8670339e-02;8.2500000e+01;-2.6501282e-03;8.2500000e+01;8.5161692e-03;8.2500000e+01;2.5408052e-02;8.2500000e+01;4.7235303e-02;8.2500000e+01;7.2601981e-02;8.2500000e+01;1.0163302e-01;8.2500000e+01;1.3321121e-01;8.2500000e+01;1.6726768e-01;8.2500000e+01;1.9303927e-01;8.2500000e+01;2.1328649e-01;8.2500000e+01;2.3352586e-01;8.2500000e+01;2.5055993e-01;8.2500000e+01;2.5448775e-01;8.2500000e+01;2.3112549e-01;8.2500000e+01;1.8893842e-01;8.2500000e+01;1.3631141e-01;8.2500000e+01;8.4995225e-02;8.2500000e+01;3.8670339e-02;8.2500000e+01;-2.6501282e-03;8.2500000e+01;8.5161692e-03;8.2500000e+01;2.5408052e-02;8.2500000e+01;4.7235303e-02;8.2500000e+01;7.2601981e-02;8.2500000e+01;1.0163302e-01;8.2500000e+01;1.3321121e-01;8.2500000e+01;1.6726768e-01;8.2500000e+01;1.9303927e-01;8.2500000e+01;2.1328649e-01;8.2500000e+01;2.3352586e-01;8.2500000e+01;2.5055993e-01;8.2500000e+01;2.5448775e-01;8.2500000e+01;2.3112549e-01;8.2500000e+01;1.8893842e-01;8.2500000e+01;1.3631141e-01;8.2500000e+01;8.4995225e-02;8.2500000e+01;3.8670339e-02;8.2500000e+01;-2.6501282e-03;8.2500000e+01;8.5161692e-03;8.2500000e+01;2.5408052e-02;8.2500000e+01;4.7235303e-02;8.2500000e+01;7.2601981e-02;8.2500000e+01;1.0163302e-01;8.2500000e+01;1.3321121e-01;8.2500000e+01;1.6726768e-01;8.2500000e+01;1.9303927e-01;8.2500000e+01;2.1328649e-01;8.2500000e+01;2.3352586e-01;8.2500000e+01;2.5055993e-01;8.2500000e+01;2.5448775e-01;8.2500000e+01;2.3112549e-01;8.2500000e+01;1.8893842e-01;8.2500000e+01;1.3631141e-01;8.2500000e+01;8.4995225e-02;8.2500000e+01;3.8670339e-02;8.2500000e+01;-2.6501282e-03;8.2500000e+01;8.5161692e-03;8.2500000e+01;2.5408052e-02;8.2500000e+01;4.7235303e-02;8.2500000e+01;7.2601981e-02;8.2500000e+01;1.0163302e-01;8.2500000e+01;1.3321121e-01;8.2500000e+01;1.6726768e-01;8.2500000e+01;1.9303927e-01;8.2500000e+01;2.1328649e-01;8.2500000e+01;2.3352586e-01;8.2500000e+01;2.5055993e-01;8.2500000e+01;2.5448775e-01;8.2500000e+01;2.3112549e-01;8.2500000e+01;1.8893842e-01;8.2500000e+01;1.3631141e-01;8.2500000e+01;8.4995225e-02;8.2500000e+01;3.8670339e-02;8.2500000e+01;-2.6501282e-03;8.2500000e+01;8.5161692e-03;8.2500000e+01;2.5408052e-02;8.2500000e+01;4.7235303e-02;8.2500000e+01;7.2601981e-02;8.2500000e+01;1.0163302e-01;8.2500000e+01;1.3321121e-01;8.2500000e+01;1.6726768e-01;8.2500000e+01;1.9303927e-01;8.2500000e+01;2.1328649e-01;8.2500000e+01;2.3352586e-01;8.2500000e+01;2.5055993e-01;8.2500000e+01;2.5448775e-01;8.2500000e+01;2.3112549e-01;8.2500000e+01;1.8893842e-01;8.2500000e+01;1.3631141e-01;8.2500000e+01;8.4995225e-02;8.2500000e+01;3.8670339e-02;8.2500000e+01;-2.6501282e-03;8.2500000e+01;8.5161692e-03;8.2500000e+01;2.5408052e-02;8.2500000e+01;4.7235303e-02;8.2500000e+01;7.2601981e-02;8.2500000e+01;1.0163302e-01;8.2500000e+01;1.3321121e-01;8.2500000e+01;1.6726768e-01;8.2500000e+01;1.9303927e-01;8.2500000e+01;2.1328649e-01;8.2500000e+01;2.3352586e-01;8.2500000e+01;2.5055993e-01;8.2500000e+01;2.5448775e-01;8.2500000e+01;2.3112549e-01;8.2500000e+01;1.8893842e-01;8.2500000e+01;1.3631141e-01;8.2500000e+01;8.4995225e-02;8.2500000e+01;3.8670339e-02;8.2500000e+01;-2.6501282e-03;8.2500000e+01;8.5161692e-03;8.2500000e+01;2.5408052e-02;8.2500000e+01;4.7235303e-02;8.2500000e+01;7.2601981e-02;8.2500000e+01;1.0163302e-01;8.2500000e+01;1.3321121e-01;8.2500000e+01;1.6726768e-01;8.2500000e+01;1.9303927e-01;8.2500000e+01;2.1328649e-01;8.2500000e+01;2.3352586e-01;8.2500000e+01;2.5055993e-01;8.2500000e+01;2.5448775e-01;8.2500000e+01;2.3112549e-01;8.2500000e+01;1.8893842e-01;8.2500000e+01;1.3631141e-01;8.2500000e+01;8.4995225e-02;8.2500000e+01;3.8670339e-02;8.2500000e+01;-2.6501282e-03;8.2500000e+01;8.5161692e-03;8.2500000e+01;2.5408052e-02;8.2500000e+01;4.7235303e-02;8.2500000e+01;7.2601981e-02;8.2500000e+01;1.0163302e-01;8.2500000e+01;1.3321121e-01;8.2500000e+01;1.6726768e-01;8.2500000e+01;1.9303927e-01;8.2500000e+01;2.1328649e-01;8.2500000e+01;2.3352586e-01;8.2500000e+01;2.5055993e-01;8.2500000e+01;2.5448775e-01;8.2500000e+01;2.3112549e-01;8.2500000e+01;1.8893842e-01;8.2500000e+01;1.3631141e-01;8.2500000e+01;8.4995225e-02;8.2500000e+01;3.8670339e-02;8.2500000e+01;-2.6501282e-03;8.2500000e+01;8.5161692e-03;8.2500000e+01;2.5408052e-02;8.2500000e+01;4.7235303e-02;8.2500000e+01;7.2601981e-02;8.2500000e+01;1.0163302e-01;8.2500000e+01;1.3321121e-01;8.2500000e+01;1.6726768e-01;8.2500000e+01;1.9303927e-01;8.2500000e+01;2.1328649e-01;8.2500000e+01;2.3352586e-01;8.2500000e+01;2.5055993e-01;8.2500000e+01;2.5448775e-01;8.2500000e+01;2.3112549e-01;8.2500000e+01;1.8893842e-01;8.2500000e+01;1.3631141e-01;8.2500000e+01;8.4995225e-02;8.2500000e+01;3.8670339e-02;8.2500000e+01;-2.6501282e-03;8.2500000e+01;8.5161692e-03;8.2500000e+01;2.5408052e-02;8.2500000e+01;4.7235303e-02;8.2500000e+01;7.2601981e-02;8.2500000e+01;1.0163302e-01;8.2500000e+01;1.3321121e-01;8.2500000e+01;1.6726768e-01;8.2500000e+01;1.9303927e-01;8.2500000e+01;2.1328649e-01;8.2500000e+01;2.3352586e-01;8.2500000e+01;2.5055993e-01;8.2500000e+01;2.5448775e-01;8.2500000e+01;2.3112549e-01;8.2500000e+01;1.8893842e-01;8.2500000e+01;1.3631141e-01;8.2500000e+01;8.4995225e-02;8.2500000e+01;3.8670339e-02;8.2500000e+01;-2.6501282e-03;8.2500000e+01;8.5161692e-03;8.2500000e+01;2.5408052e-02;8.2500000e+01;4.7235303e-02;8.2500000e+01;7.2601981e-02;8.2500000e+01;1.0163302e-01;8.2500000e+01;1.3321121e-01;8.2500000e+01;1.6726768e-01;8.2500000e+01;1.9303927e-01;8.2500000e+01;2.1328649e-01;8.2500000e+01;2.3352586e-01;8.2500000e+01;2.5055993e-01;8.2500000e+01;2.5448775e-01;8.2500000e+01;2.3112549e-01;8.2500000e+01;1.8893842e-01;8.2500000e+01;1.3631141e-01;8.2500000e+01;8.4995225e-02;8.2500000e+01;3.8670339e-02;8.2500000e+01;-2.6501282e-03;8.2500000e+01;8.5161692e-03;8.2500000e+01;2.5408052e-02;8.2500000e+01;4.7235303e-02;8.2500000e+01;7.2601981e-02;8.2500000e+01;1.0163302e-01;8.2500000e+01;1.3321121e-01;8.2500000e+01;1.6726768e-01;8.2500000e+01;1.9303927e-01;8.2500000e+01;2.1328649e-01;8.2500000e+01;2.3352586e-01;8.2500000e+01;2.5055993e-01;8.2500000e+01;2.5448775e-01;8.2500000e+01;2.3112549e-01;8.2500000e+01;1.8893842e-01;8.2500000e+01;1.3631141e-01;8.2500000e+01;8.4995225e-02;8.2500000e+01;3.8670339e-02;8.2500000e+01;-2.6501282e-03;8.2500000e+01;8.5161692e-03;8.2500000e+01;2.5408052e-02;8.2500000e+01;4.7235303e-02;8.2500000e+01;7.2601981e-02;8.2500000e+01;1.0163302e-01;8.2500000e+01;1.3321121e-01;8.2500000e+01;1.6726768e-01;8.2500000e+01;1.9303927e-01;8.2500000e+01;2.1328649e-01;8.2500000e+01;2.3352586e-01;8.2500000e+01;2.5055993e-01;8.2500000e+01;2.5448775e-01;8.2500000e+01;2.3112549e-01;8.2500000e+01;1.8893842e-01;8.2500000e+01;1.3631141e-01;8.2500000e+01;8.4995225e-02;8.2500000e+01;3.8670339e-02;8.2500000e+01;-2.6501282e-03;8.2500000e+01;8.5161692e-03;8.2500000e+01;2.5408052e-02;8.2500000e+01;4.7235303e-02;8.2500000e+01;7.2601981e-02;8.2500000e+01;1.0163302e-01;8.2500000e+01;1.3321121e-01;8.2500000e+01;1.6726768e-01;8.2500000e+01;1.9303927e-01;8.2500000e+01;2.1328649e-01;8.2500000e+01;2.3352586e-01;8.2500000e+01;2.5055993e-01;8.2500000e+01;2.5448775e-01;8.2500000e+01;2.3112549e-01;8.2500000e+01;1.8893842e-01;8.2500000e+01;1.3631141e-01;8.2500000e+01;8.4995225e-02;8.2500000e+01;3.8670339e-02;8.2500000e+01;-2.6501282e-03;8.2500000e+01;8.5161692e-03;8.2500000e+01;2.5408052e-02;8.2500000e+01;4.7235303e-02;8.2500000e+01;7.2601981e-02;8.2500000e+01;1.0163302e-01;8.2500000e+01;1.3321121e-01;8.2500000e+01;1.6726768e-01;8.2500000e+01;1.9303927e-01;8.2500000e+01;2.1328649e-01;8.2500000e+01;2.3352586e-01;8.2500000e+01;2.5055993e-01;8.2500000e+01;2.5448775e-01;8.2500000e+01;2.3112549e-01;8.2500000e+01;1.8893842e-01;8.2500000e+01;1.3631141e-01;8.2500000e+01;8.4995225e-02;8.2500000e+01;3.8670339e-02;8.2500000e+01;-2.6501282e-03;8.2500000e+01;8.5161692e-03;8.2500000e+01;2.5408052e-02;8.2500000e+01;4.7235303e-02;8.2500000e+01;7.2601981e-02;8.2500000e+01;1.0163302e-01;8.2500000e+01;1.3321121e-01;8.2500000e+01;1.6726768e-01;8.2500000e+01;1.9303927e-01;8.2500000e+01;2.1328649e-01;8.2500000e+01;2.3352586e-01;8.2500000e+01;2.5055993e-01;8.2500000e+01;2.5448775e-01;8.2500000e+01;2.3112549e-01;8.2500000e+01;1.8893842e-01;8.2500000e+01;1.3631141e-01;8.2500000e+01;8.4995225e-02;8.2500000e+01;3.8670339e-02;8.2500000e+01;-2.6501282e-03;8.2500000e+01;8.5161692e-03;8.2500000e+01;2.5408052e-02;8.2500000e+01;4.7235303e-02;8.2500000e+01;7.2601981e-02;8.2500000e+01;1.0163302e-01;8.2500000e+01;1.3321121e-01;8.2500000e+01;1.6726768e-01;8.2500000e+01;1.9303927e-01;8.2500000e+01;2.1328649e-01;8.2500000e+01;2.3352586e-01;8.2500000e+01;2.5055993e-01;8.2500000e+01;2.5448775e-01;8.2500000e+01;2.3112549e-01;8.2500000e+01;1.8893842e-01;8.2500000e+01;1.3631141e-01;8.2500000e+01;8.4995225e-02;8.2500000e+01;3.8670339e-02;8.2500000e+01;-2.6501282e-03;8.2500000e+01;8.5161692e-03;8.2500000e+01;2.5408052e-02;8.2500000e+01;4.7235303e-02;8.2500000e+01;7.2601981e-02;8.2500000e+01;1.0163302e-01;8.2500000e+01;1.3321121e-01;8.2500000e+01;1.6726768e-01;8.2500000e+01;1.9303927e-01;8.2500000e+01;2.1328649e-01;8.2500000e+01;2.3352586e-01;8.2500000e+01;2.5055993e-01;8.2500000e+01;2.5448775e-01;8.2500000e+01;2.3112549e-01;8.2500000e+01;1.8893842e-01;8.2500000e+01;1.3631141e-01;8.2500000e+01;8.4995225e-02;8.2500000e+01;3.8670339e-02;8.2500000e+01;-2.6501282e-03;8.2500000e+01;8.5161692e-03;8.2500000e+01;2.5408052e-02;8.2500000e+01;4.7235303e-02;8.2500000e+01;7.2601981e-02;8.2500000e+01;1.0163302e-01;8.2500000e+01;1.3321121e-01;8.2500000e+01;1.6726768e-01;8.2500000e+01;1.9303927e-01;8.2500000e+01;2.1328649e-01;8.2500000e+01;2.3352586e-01;8.2500000e+01;2.5055993e-01;8.2500000e+01;2.5448775e-01;8.2500000e+01;2.3112549e-01;8.2500000e+01;1.8893842e-01;8.2500000e+01;1.3631141e-01;8.2500000e+01;8.4995225e-02;8.2500000e+01;3.8670339e-02;8.2500000e+01;-2.6501282e-03;8.2500000e+01;8.5161692e-03;8.2500000e+01;2.5408052e-02;8.2500000e+01;4.7235303e-02;8.2500000e+01;7.2601981e-02;8.2500000e+01;1.0163302e-01;8.2500000e+01;1.3321121e-01;8.2500000e+01;1.6726768e-01;8.2500000e+01;1.9303927e-01;8.2500000e+01;2.1328649e-01;8.2500000e+01;2.3352586e-01;8.2500000e+01;2.5055993e-01;8.2500000e+01;2.5448775e-01;8.2500000e+01;2.3112549e-01;8.2500000e+01;1.8893842e-01;8.2500000e+01;1.3631141e-01;8.2500000e+01;8.4995225e-02;8.2500000e+01;3.8670339e-02;8.2500000e+01;-2.6501282e-03;8.2500000e+01;8.5161692e-03;8.2500000e+01;2.5408052e-02;8.2500000e+01;4.7235303e-02;8.2500000e+01;7.2601981e-02;8.2500000e+01;1.0163302e-01;8.2500000e+01;1.3321121e-01;8.2500000e+01;1.6726768e-01;8.2500000e+01;1.9303927e-01;8.2500000e+01;2.1328649e-01;8.2500000e+01;2.3352586e-01;8.2500000e+01;2.5055993e-01;8.2500000e+01;2.5448775e-01;8.2500000e+01;2.3112549e-01;8.2500000e+01;1.8893842e-01;8.2500000e+01;1.3631141e-01;8.2500000e+01;8.4995225e-02;8.2500000e+01;3.8670339e-02;8.2500000e+01;-2.6501282e-03;8.2500000e+01;8.5161692e-03;8.2500000e+01;2.5408052e-02;8.2500000e+01;4.7235303e-02;8.2500000e+01;7.2601981e-02;8.2500000e+01;1.0163302e-01;8.2500000e+01;1.3321121e-01;8.2500000e+01;1.6726768e-01;8.2500000e+01;1.9303927e-01;8.2500000e+01;2.1328649e-01;8.2500000e+01;2.3352586e-01;8.2500000e+01;2.5055993e-01;8.2500000e+01;2.5448775e-01;8.2500000e+01;2.3112549e-01;8.2500000e+01;1.8893842e-01;8.2500000e+01;1.3631141e-01;8.2500000e+01;8.4995225e-02;8.2500000e+01;3.8670339e-02;8.2500000e+01;-2.6501282e-03;8.2500000e+01;8.5161692e-03;8.2500000e+01;2.5408052e-02;8.2500000e+01;4.7235303e-02;8.2500000e+01;7.2601981e-02;8.2500000e+01;1.0163302e-01;8.2500000e+01;1.3321121e-01;8.2500000e+01;1.6726768e-01;8.2500000e+01;1.9303927e-01;8.2500000e+01;2.1328649e-01;8.2500000e+01;2.3352586e-01;8.2500000e+01;2.5055993e-01;8.2500000e+01;2.5448775e-01;8.2500000e+01;2.3112549e-01;8.2500000e+01;1.8893842e-01;8.2500000e+01;1.3631141e-01;8.2500000e+01;8.4995225e-02;8.2500000e+01;3.8670339e-02;8.2500000e+01;-2.6501282e-03;8.2500000e+01;8.5161692e-03;8.2500000e+01;2.5408052e-02;8.2500000e+01;4.7235303e-02;8.2500000e+01;7.2601981e-02;8.2500000e+01;1.0163302e-01;8.2500000e+01;1.3321121e-01;8.2500000e+01;1.6726768e-01;8.2500000e+01;1.9303927e-01;8.2500000e+01;2.1328649e-01;8.2500000e+01;2.3352586e-01;8.2500000e+01;2.5055993e-01;8.2500000e+01;2.5448775e-01;8.2500000e+01;2.3112549e-01;8.2500000e+01;1.8893842e-01;8.2500000e+01;1.3631141e-01;8.2500000e+01;8.4995225e-02;8.2500000e+01;3.8670339e-02;8.2500000e+01;-2.6501282e-03;8.2500000e+01;8.5161692e-03;8.2500000e+01;2.5408052e-02;8.2500000e+01;4.7235303e-02;8.2500000e+01;7.2601981e-02;8.2500000e+01;1.0163302e-01;8.2500000e+01;1.3321121e-01;8.2500000e+01;1.6726768e-01;8.2500000e+01;1.9303927e-01;8.2500000e+01;2.1328649e-01;8.2500000e+01;2.3352586e-01;8.2500000e+01;2.5055993e-01;8.2500000e+01;2.5448775e-01;8.2500000e+01;2.3112549e-01;8.2500000e+01;1.8893842e-01;8.2500000e+01;1.3631141e-01;8.2500000e+01;8.4995225e-02;8.2500000e+01;3.8670339e-02;8.2500000e+01;-2.6501282e-03;8.2500000e+01;8.5161692e-03;8.2500000e+01;2.5408052e-02;8.2500000e+01;4.7235303e-02;8.2500000e+01;7.2601981e-02;8.2500000e+01;1.0163302e-01;8.2500000e+01;1.3321121e-01;8.2500000e+01;1.6726768e-01;8.2500000e+01;1.9303927e-01;8.2500000e+01;2.1328649e-01;8.2500000e+01;2.3352586e-01;8.2500000e+01;2.5055993e-01;8.2500000e+01;2.5448775e-01;8.2500000e+01;2.3112549e-01;8.2500000e+01;1.8893842e-01;8.2500000e+01;1.3631141e-01;8.2500000e+01;8.4995225e-02;8.2500000e+01;3.8670339e-02;8.2500000e+01;-2.6501282e-03;8.2500000e+01;8.5161692e-03;8.2500000e+01;2.5408052e-02;8.2500000e+01;4.7235303e-02;8.2500000e+01;7.2601981e-02;8.2500000e+01;1.0163302e-01;8.2500000e+01;1.3321121e-01;8.2500000e+01;1.6726768e-01;8.2500000e+01;1.9303927e-01;8.2500000e+01;2.1328649e-01;8.2500000e+01;2.3352586e-01;8.2500000e+01;2.5055993e-01;8.2500000e+01;2.5448775e-01;8.2500000e+01;2.3112549e-01;8.2500000e+01;1.8893842e-01;8.2500000e+01;1.3631141e-01;8.2500000e+01;8.4995225e-02;8.2500000e+01;3.8670339e-02;8.2500000e+01;-2.6501282e-03;8.2500000e+01;8.5161692e-03;8.2500000e+01;2.5408052e-02;8.2500000e+01;4.7235303e-02;8.2500000e+01;7.2601981e-02;8.2500000e+01;1.0163302e-01;8.2500000e+01;1.3321121e-01;8.2500000e+01;1.6726768e-01;8.2500000e+01;1.9303927e-01;8.2500000e+01;2.1328649e-01;8.2500000e+01;2.3352586e-01;8.2500000e+01;2.5055993e-01;8.2500000e+01;2.5448775e-01;8.2500000e+01;2.3112549e-01;8.2500000e+01;1.8893842e-01;8.2500000e+01;1.3631141e-01;8.2500000e+01;8.4995225e-02;8.2500000e+01;3.8670339e-02;8.2500000e+01;-2.6501282e-03;8.2500000e+01;8.5161692e-03;8.2500000e+01;2.5408052e-02;8.2500000e+01;4.7235303e-02;8.2500000e+01;7.2601981e-02;8.2500000e+01;1.0163302e-01;8.2500000e+01;1.3321121e-01;8.2500000e+01;1.6726768e-01;8.2500000e+01;1.9303927e-01;8.2500000e+01;2.1328649e-01;8.2500000e+01;2.3352586e-01;8.2500000e+01;2.5055993e-01;8.2500000e+01;2.5448775e-01;8.2500000e+01;2.3112549e-01;8.2500000e+01;1.8893842e-01;8.2500000e+01;1.3631141e-01;8.2500000e+01;8.4995225e-02;8.2500000e+01;3.8670339e-02;8.2500000e+01;-2.6501282e-03;8.2500000e+01;8.5161692e-03;8.2500000e+01;2.5408052e-02;8.2500000e+01;4.7235303e-02;8.2500000e+01;7.2601981e-02;8.2500000e+01;1.0163302e-01;8.2500000e+01;1.3321121e-01;8.2500000e+01;1.6726768e-01;8.2500000e+01;1.9303927e-01;8.2500000e+01;2.1328649e-01;8.2500000e+01;2.3352586e-01;8.2500000e+01;2.5055993e-01;8.2500000e+01;2.5448775e-01;8.2500000e+01;2.3112549e-01;8.2500000e+01;1.8893842e-01;8.2500000e+01;1.3631141e-01;8.2500000e+01;8.4995225e-02;8.2500000e+01;3.8670339e-02;8.2500000e+01;-2.6501282e-03;8.2500000e+01;8.5161692e-03;8.2500000e+01;2.5408052e-02;8.2500000e+01;4.7235303e-02;8.2500000e+01;7.2601981e-02;8.2500000e+01;1.0163302e-01;8.2500000e+01;1.3321121e-01;8.2500000e+01;1.6726768e-01;8.2500000e+01;1.9303927e-01;8.2500000e+01;2.1328649e-01;8.2500000e+01;2.3352586e-01;8.2500000e+01;2.5055993e-01;8.2500000e+01;2.5448775e-01;8.2500000e+01;2.3112549e-01;8.2500000e+01;1.8893842e-01;8.2500000e+01;1.3631141e-01;8.2500000e+01;8.4995225e-02;8.2500000e+01;3.8670339e-02;8.2500000e+01;-2.6501282e-03;8.2500000e+01;8.5161692e-03;8.2500000e+01;2.5408052e-02;8.2500000e+01;4.7235303e-02;8.2500000e+01;7.2601981e-02;8.2500000e+01;1.0163302e-01;8.2500000e+01;1.3321121e-01;8.2500000e+01;1.6726768e-01;8.2500000e+01;1.9303927e-01;8.2500000e+01;2.1328649e-01;8.2500000e+01;2.3352586e-01;8.2500000e+01;2.5055993e-01;8.2500000e+01;2.5448775e-01;8.2500000e+01;2.3112549e-01;8.2500000e+01;1.8893842e-01;8.2500000e+01;1.3631141e-01;8.2500000e+01;8.4995225e-02;8.2500000e+01;3.8670339e-02;8.2500000e+01;-2.6501282e-03;8.2500000e+01;8.5161692e-03;8.2500000e+01;2.5408052e-02;8.2500000e+01;4.7235303e-02;8.2500000e+01;7.2601981e-02;8.2500000e+01;1.0163302e-01;8.2500000e+01;1.3321121e-01;8.2500000e+01;1.6726768e-01;8.2500000e+01;1.9303927e-01;8.2500000e+01;2.1328649e-01;8.2500000e+01;2.3352586e-01;8.2500000e+01;2.5055993e-01;8.2500000e+01;2.5448775e-01;8.2500000e+01;2.3112549e-01;8.2500000e+01;1.8893842e-01;8.2500000e+01;1.3631141e-01;8.2500000e+01;8.4995225e-02;8.2500000e+01;3.8670339e-02;8.2500000e+01;-2.6501282e-03;8.2500000e+01;8.5161692e-03;8.2500000e+01;2.5408052e-02;8.2500000e+01;4.7235303e-02;8.2500000e+01;7.2601981e-02;8.2500000e+01;1.0163302e-01;8.2500000e+01;1.3321121e-01;8.2500000e+01;1.6726768e-01;8.2500000e+01;1.9303927e-01;8.2500000e+01;2.1328649e-01;8.2500000e+01;2.3352586e-01;8.2500000e+01;2.5055993e-01;8.2500000e+01;2.5448775e-01;8.2500000e+01;2.3112549e-01;8.2500000e+01;1.8893842e-01;8.2500000e+01;1.3631141e-01;8.2500000e+01;8.4995225e-02;8.2500000e+01;3.8670339e-02;8.2500000e+01;-2.6501282e-03;8.2500000e+01;8.5161692e-03;8.2500000e+01;2.5408052e-02;8.2500000e+01;4.7235303e-02;8.2500000e+01;7.2601981e-02;8.2500000e+01;1.0163302e-01;8.2500000e+01;1.3321121e-01;8.2500000e+01;1.6726768e-01;8.2500000e+01;1.9303927e-01;8.2500000e+01;2.1328649e-01;8.2500000e+01;2.3352586e-01;8.2500000e+01;2.5055993e-01;8.2500000e+01;2.5448775e-01;8.2500000e+01;2.3112549e-01;8.2500000e+01;1.8893842e-01;8.2500000e+01;1.3631141e-01;8.2500000e+01;8.4995225e-02;8.2500000e+01;3.8670339e-02;8.2500000e+01;-2.6501282e-03;8.2500000e+01;8.5161692e-03;8.2500000e+01;2.5408052e-02;8.2500000e+01;4.7235303e-02;8.2500000e+01;7.2601981e-02;8.2500000e+01;1.0163302e-01;8.2500000e+01;1.3321121e-01;8.2500000e+01;1.6726768e-01;8.2500000e+01;1.9303927e-01;8.2500000e+01;2.1328649e-01;8.2500000e+01;2.3352586e-01;8.2500000e+01;2.5055993e-01;8.2500000e+01;2.5448775e-01;8.2500000e+01;2.3112549e-01;8.2500000e+01;1.8893842e-01;8.2500000e+01;1.3631141e-01;8.2500000e+01;8.4995225e-02;8.2500000e+01;3.8670339e-02;8.2500000e+01;-2.6501282e-03;8.2500000e+01;8.5161692e-03;8.2500000e+01;2.5408052e-02;8.2500000e+01;4.7235303e-02;8.2500000e+01;7.2601981e-02;8.2500000e+01;1.0163302e-01;8.2500000e+01;1.3321121e-01;8.2500000e+01;1.6726768e-01;8.2500000e+01;1.9303927e-01;8.2500000e+01;2.1328649e-01;8.2500000e+01;2.3352586e-01;8.2500000e+01;2.5055993e-01;8.2500000e+01;2.5448775e-01;8.2500000e+01;2.3112549e-01;8.2500000e+01;1.8893842e-01;8.2500000e+01;1.3631141e-01;8.2500000e+01;8.4995225e-02;8.2500000e+01;3.8670339e-02;8.2500000e+01;-2.6501282e-03;8.2500000e+01;8.5161692e-03;8.2500000e+01;2.5408052e-02;8.2500000e+01;4.7235303e-02;8.2500000e+01;7.2601981e-02;8.2500000e+01;1.0163302e-01;8.2500000e+01;1.3321121e-01;8.2500000e+01;1.6726768e-01;8.2500000e+01;1.9303927e-01;8.2500000e+01;2.1328649e-01;8.2500000e+01;2.3352586e-01;8.2500000e+01;2.5055993e-01;8.2500000e+01;2.5448775e-01;8.2500000e+01;2.3112549e-01;8.2500000e+01;1.8893842e-01;8.2500000e+01;1.3631141e-01;8.2500000e+01;8.4995225e-02;8.2500000e+01;3.8670339e-02;8.2500000e+01;-2.6501282e-03;8.2500000e+01;8.5161692e-03;8.2500000e+01;2.5408052e-02;8.2500000e+01;4.7235303e-02;8.2500000e+01;7.2601981e-02;8.2500000e+01;1.0163302e-01;8.2500000e+01;1.3321121e-01;8.2500000e+01;1.6726768e-01;8.2500000e+01;1.9303927e-01;8.2500000e+01;2.1328649e-01;8.2500000e+01;2.3352586e-01;8.2500000e+01;2.5055993e-01;8.2500000e+01;2.5448775e-01;8.2500000e+01;2.3112549e-01;8.2500000e+01;1.8893842e-01;8.2500000e+01;1.3631141e-01;8.2500000e+01;8.4995225e-02;8.2500000e+01;3.8670339e-02;8.2500000e+01;-2.6501282e-03;8.2500000e+01;8.5161692e-03;8.2500000e+01;2.5408052e-02;8.2500000e+01;4.7235303e-02;8.2500000e+01;7.2601981e-02;8.2500000e+01;1.0163302e-01;8.2500000e+01;1.3321121e-01;8.2500000e+01;1.6726768e-01;8.2500000e+01;1.9303927e-01;8.2500000e+01;2.1328649e-01;8.2500000e+01;2.3352586e-01;8.2500000e+01;2.5055993e-01;8.2500000e+01;2.5448775e-01;8.2500000e+01;2.3112549e-01;8.2500000e+01;1.8893842e-01;8.2500000e+01;1.3631141e-01;8.2500000e+01;8.4995225e-02;8.2500000e+01;3.8670339e-02;8.2500000e+01;-2.6501282e-03;8.2500000e+01;8.5161692e-03;8.2500000e+01;2.5408052e-02;8.2500000e+01;4.7235303e-02;8.2500000e+01;7.2601981e-02;8.2500000e+01;1.0163302e-01;8.2500000e+01;1.3321121e-01;8.2500000e+01;1.6726768e-01;8.2500000e+01;1.9303927e-01;8.2500000e+01;2.1328649e-01;8.2500000e+01;2.3352586e-01;8.2500000e+01;2.5055993e-01;8.2500000e+01;2.5448775e-01;8.2500000e+01;2.3112549e-01;8.2500000e+01;1.8893842e-01;8.2500000e+01;1.3631141e-01;8.2500000e+01;8.4995225e-02;8.2500000e+01;3.8670339e-02;8.2500000e+01;-2.6501282e-03;8.2500000e+01;8.5161692e-03;8.2500000e+01;2.5408052e-02;8.2500000e+01;4.7235303e-02;8.2500000e+01;7.2601981e-02;8.2500000e+01;1.0163302e-01;8.2500000e+01;1.3321121e-01;8.2500000e+01;1.6726768e-01;8.2500000e+01;1.9303927e-01;8.2500000e+01;2.1328649e-01;8.2500000e+01;2.3352586e-01;8.2500000e+01;2.5055993e-01;8.2500000e+01;2.5448775e-01;8.2500000e+01;2.3112549e-01;8.2500000e+01;1.8893842e-01;8.2500000e+01;1.3631141e-01;8.2500000e+01;8.4995225e-02;8.2500000e+01;3.8670339e-02;8.2500000e+01;-2.6501282e-03;8.2500000e+01;8.5161692e-03;8.2500000e+01;2.5408052e-02;8.2500000e+01;4.7235303e-02;8.2500000e+01;7.2601981e-02;8.2500000e+01;1.0163302e-01;8.2500000e+01;1.3321121e-01;8.2500000e+01;1.6726768e-01;8.2500000e+01;1.9303927e-01;8.2500000e+01;2.1328649e-01;8.2500000e+01;2.3352586e-01;8.2500000e+01;2.5055993e-01;8.2500000e+01;2.5448775e-01;8.2500000e+01;2.3112549e-01;8.2500000e+01;1.8893842e-01;8.2500000e+01;1.3631141e-01;8.2500000e+01;8.4995225e-02;8.2500000e+01;3.8670339e-02;8.2500000e+01;-2.6501282e-03;8.2500000e+01;8.5161692e-03;8.2500000e+01;2.5408052e-02;8.2500000e+01;4.7235303e-02;8.2500000e+01;7.2601981e-02;8.2500000e+01;1.0163302e-01;8.2500000e+01;1.3321121e-01;8.2500000e+01;1.6726768e-01;8.2500000e+01;1.9303927e-01;8.2500000e+01;2.1328649e-01;8.2500000e+01;2.3352586e-01;8.2500000e+01;2.5055993e-01;8.2500000e+01;2.5448775e-01;8.2500000e+01;2.3112549e-01;8.2500000e+01;1.8893842e-01;8.2500000e+01;1.3631141e-01;8.2500000e+01;8.4995225e-02;8.2500000e+01;3.8670339e-02;8.2500000e+01;-2.6501282e-03;8.2500000e+01;8.5161692e-03;8.2500000e+01;2.5408052e-02;8.2500000e+01;4.7235303e-02;8.2500000e+01;7.2601981e-02;8.2500000e+01;1.0163302e-01;8.2500000e+01;1.3321121e-01;8.2500000e+01;1.6726768e-01;8.2500000e+01;1.9303927e-01;8.2500000e+01;2.1328649e-01;8.2500000e+01;2.3352586e-01;8.2500000e+01;2.5055993e-01;8.2500000e+01;2.5448775e-01;8.2500000e+01;2.3112549e-01;8.2500000e+01;1.8893842e-01;8.2500000e+01;1.3631141e-01;8.2500000e+01;8.4995225e-02;8.2500000e+01;3.8670339e-02;8.2500000e+01;-2.6501282e-03;8.2500000e+01;8.5161692e-03;8.2500000e+01;2.5408052e-02;8.2500000e+01;4.7235303e-02;8.2500000e+01;7.2601981e-02;8.2500000e+01;1.0163302e-01;8.2500000e+01;1.3321121e-01;8.2500000e+01;1.6726768e-01;8.2500000e+01;1.9303927e-01;8.2500000e+01;2.1328649e-01;8.2500000e+01;2.3352586e-01;8.2500000e+01;2.5055993e-01;8.2500000e+01;2.5448775e-01;8.2500000e+01;2.3112549e-01;8.2500000e+01;1.8893842e-01;8.2500000e+01;1.3631141e-01;8.2500000e+01;8.4995225e-02;8.2500000e+01;3.8670339e-02;8.2500000e+01;-2.6501282e-03;8.2500000e+01;8.5161692e-03;8.2500000e+01;2.5408052e-02;8.2500000e+01;4.7235303e-02;8.2500000e+01;7.2601981e-02;8.2500000e+01;1.0163302e-01;8.2500000e+01;1.3321121e-01;8.2500000e+01;1.6726768e-01;8.2500000e+01;1.9303927e-01;8.2500000e+01;2.1328649e-01;8.2500000e+01;2.3352586e-01;8.2500000e+01;2.5055993e-01;8.2500000e+01;2.5448775e-01;8.2500000e+01;2.3112549e-01;8.2500000e+01;1.8893842e-01;8.2500000e+01;1.3631141e-01;8.2500000e+01;8.4995225e-02;8.2500000e+01;3.8670339e-02;8.2500000e+01;-2.6501282e-03;8.2500000e+01;8.5161692e-03;8.2500000e+01;2.5408052e-02;8.2500000e+01;4.7235303e-02;8.2500000e+01;7.2601981e-02;8.2500000e+01;1.0163302e-01;8.2500000e+01;1.3321121e-01;8.2500000e+01;1.6726768e-01;8.2500000e+01;1.9303927e-01;8.2500000e+01;2.1328649e-01;8.2500000e+01;2.3352586e-01;8.2500000e+01;2.5055993e-01;8.2500000e+01;2.5448775e-01;8.2500000e+01;2.3112549e-01;8.2500000e+01;1.8893842e-01;8.2500000e+01;1.3631141e-01;8.2500000e+01;8.4995225e-02;8.2500000e+01;3.8670339e-02;8.2500000e+01;-2.6501282e-03;8.2500000e+01;8.5161692e-03;8.2500000e+01;2.5408052e-02;8.2500000e+01;4.7235303e-02;8.2500000e+01;7.2601981e-02;8.2500000e+01;1.0163302e-01;8.2500000e+01;1.3321121e-01;8.2500000e+01;1.6726768e-01;8.2500000e+01;1.9303927e-01;8.2500000e+01;2.1328649e-01;8.2500000e+01;2.3352586e-01;8.2500000e+01;2.5055993e-01;8.2500000e+01;2.5448775e-01;8.2500000e+01;2.3112549e-01;8.2500000e+01;1.8893842e-01;8.2500000e+01;1.3631141e-01;8.2500000e+01;8.4995225e-02;8.2500000e+01;3.8670339e-02;8.2500000e+01;-2.6501282e-03;8.2500000e+01;8.5161692e-03;8.2500000e+01;2.5408052e-02;8.2500000e+01;4.7235303e-02;8.2500000e+01;7.2601981e-02;8.2500000e+01;1.0163302e-01;8.2500000e+01;1.3321121e-01;8.2500000e+01;1.6726768e-01;8.2500000e+01;1.9303927e-01;8.2500000e+01;2.1328649e-01;8.2500000e+01;2.3352586e-01;8.2500000e+01;2.5055993e-01;8.2500000e+01;2.5448775e-01;8.2500000e+01;2.3112549e-01;8.2500000e+01;1.8893842e-01;8.2500000e+01;1.3631141e-01;8.2500000e+01;8.4995225e-02;8.2500000e+01;3.8670339e-02;8.2500000e+01;-2.6501282e-03;8.2500000e+01;8.5161692e-03;8.2500000e+01;2.5408052e-02;8.2500000e+01;4.7235303e-02;8.2500000e+01;7.2601981e-02;8.2500000e+01;1.0163302e-01;8.2500000e+01;1.3321121e-01;8.2500000e+01;1.6726768e-01;8.2500000e+01;1.9303927e-01;8.2500000e+01;2.1328649e-01;8.2500000e+01;2.3352586e-01;8.2500000e+01;2.5055993e-01;8.2500000e+01;2.5448775e-01;8.2500000e+01;2.3112549e-01;8.2500000e+01;1.8893842e-01;8.2500000e+01;1.3631141e-01;8.2500000e+01;8.4995225e-02;8.2500000e+01;3.8670339e-02;8.2500000e+01;-2.6501282e-03;8.2500000e+01;8.5161692e-03;8.2500000e+01;2.5408052e-02;8.2500000e+01;4.7235303e-02;8.2500000e+01;7.2601981e-02;8.2500000e+01;1.0163302e-01;8.2500000e+01;1.3321121e-01;8.2500000e+01;1.6726768e-01;8.2500000e+01;1.9303927e-01;8.2500000e+01;2.1328649e-01;8.2500000e+01;2.3352586e-01;8.2500000e+01;2.5055993e-01;8.2500000e+01;2.5448775e-01;8.2500000e+01;2.3112549e-01;8.2500000e+01;1.8893842e-01;8.2500000e+01;1.3631141e-01;8.2500000e+01;8.4995225e-02;8.2500000e+01;3.8670339e-02;8.2500000e+01;-2.6501282e-03;8.2500000e+01;8.5161692e-03;8.2500000e+01;2.5408052e-02;8.2500000e+01;4.7235303e-02;8.2500000e+01;7.2601981e-02;8.2500000e+01;1.0163302e-01;8.2500000e+01;1.3321121e-01;8.2500000e+01;1.6726768e-01;8.2500000e+01;1.9303927e-01;8.2500000e+01;2.1328649e-01;8.2500000e+01;2.3352586e-01;8.2500000e+01;2.5055993e-01;8.2500000e+01;2.5448775e-01;8.2500000e+01;2.3112549e-01;8.2500000e+01;1.8893842e-01;8.2500000e+01;1.3631141e-01;8.2500000e+01;8.4995225e-02;8.2500000e+01;3.8670339e-02;8.2500000e+01;-2.6501282e-03;8.2500000e+01;8.5161692e-03;8.2500000e+01;2.5408052e-02;8.2500000e+01;4.7235303e-02;8.2500000e+01;7.2601981e-02;8.2500000e+01;1.0163302e-01;8.2500000e+01;1.3321121e-01;8.2500000e+01;1.6726768e-01;8.2500000e+01;1.9303927e-01;8.2500000e+01;2.1328649e-01;8.2500000e+01;2.3352586e-01;8.2500000e+01;2.5055993e-01;8.2500000e+01;2.5448775e-01;8.2500000e+01;2.3112549e-01;8.2500000e+01;1.8893842e-01;8.2500000e+01;1.3631141e-01;8.2500000e+01;8.4995225e-02;8.2500000e+01;3.8670339e-02;8.2500000e+01;-2.6501282e-03;8.2500000e+01;8.5161692e-03;8.2500000e+01;2.5408052e-02;8.2500000e+01;4.7235303e-02;8.2500000e+01;7.2601981e-02;8.2500000e+01;1.0163302e-01;8.2500000e+01;1.3321121e-01;8.2500000e+01;1.6726768e-01;8.2500000e+01;1.9303927e-01;8.2500000e+01;2.1328649e-01;8.2500000e+01;2.3352586e-01;8.2500000e+01;2.5055993e-01;8.2500000e+01;2.5448775e-01;8.2500000e+01;2.3112549e-01;8.2500000e+01;1.8893842e-01;8.2500000e+01;1.3631141e-01;8.2500000e+01;8.4995225e-02;8.2500000e+01;3.8670339e-02;8.2500000e+01;-2.6501282e-03;8.2500000e+01;8.5161692e-03;8.2500000e+01;2.5408052e-02;8.2500000e+01;4.7235303e-02;8.2500000e+01;7.2601981e-02;8.2500000e+01;1.0163302e-01;8.2500000e+01;1.3321121e-01;8.2500000e+01;1.6726768e-01;8.2500000e+01;1.9303927e-01;8.2500000e+01;2.1328649e-01;8.2500000e+01;2.3352586e-01;8.2500000e+01;2.5055993e-01;8.2500000e+01;2.5448775e-01;8.2500000e+01;2.3112549e-01;8.2500000e+01;1.8893842e-01;8.2500000e+01;1.3631141e-01;8.2500000e+01;8.4995225e-02;8.2500000e+01;3.8670339e-02;8.2500000e+01;-2.6501282e-03;8.2500000e+01;8.5161692e-03;8.2500000e+01;2.5408052e-02;8.2500000e+01;4.7235303e-02;8.2500000e+01;7.2601981e-02;8.2500000e+01;1.0163302e-01;8.2500000e+01;1.3321121e-01;8.2500000e+01;1.6726768e-01;8.2500000e+01;1.9303927e-01;8.2500000e+01;2.1328649e-01;8.2500000e+01;2.3352586e-01;8.2500000e+01;2.5055993e-01;8.2500000e+01;2.5448775e-01;8.2500000e+01;2.3112549e-01;8.2500000e+01;1.8893842e-01;8.2500000e+01;1.3631141e-01;8.2500000e+01;8.4995225e-02;8.2500000e+01;3.8670339e-02;8.2500000e+01;-2.6501282e-03;8.2500000e+01;8.5161692e-03;8.2500000e+01;2.5408052e-02;8.2500000e+01;4.7235303e-02;8.2500000e+01;7.2601981e-02;8.2500000e+01;1.0163302e-01;8.2500000e+01;1.3321121e-01;8.2500000e+01;1.6726768e-01;8.2500000e+01;1.9303927e-01;8.2500000e+01;2.1328649e-01;8.2500000e+01;2.3352586e-01;8.2500000e+01;2.5055993e-01;8.2500000e+01;2.5448775e-01;8.2500000e+01;2.3112549e-01;8.2500000e+01;1.8893842e-01;8.2500000e+01;1.3631141e-01;8.2500000e+01;8.4995225e-02;8.2500000e+01;3.8670339e-02;8.2500000e+01;-2.6501282e-03;8.2500000e+01;8.5161692e-03;8.2500000e+01;2.5408052e-02;8.2500000e+01;4.7235303e-02;8.2500000e+01;7.2601981e-02;8.2500000e+01;1.0163302e-01;8.2500000e+01;1.3321121e-01;8.2500000e+01;1.6726768e-01;8.2500000e+01;1.9303927e-01;8.2500000e+01;2.1328649e-01;8.2500000e+01;2.3352586e-01;8.2500000e+01;2.5055993e-01;8.2500000e+01;2.5448775e-01;8.2500000e+01;2.3112549e-01;8.2500000e+01;1.8893842e-01;8.2500000e+01;1.3631141e-01;8.2500000e+01;8.4995225e-02;8.2500000e+01;3.8670339e-02;8.2500000e+01;-2.6501282e-03;8.2500000e+01;8.5161692e-03;8.2500000e+01;2.5408052e-02;8.2500000e+01;4.7235303e-02;8.2500000e+01;7.2601981e-02;8.2500000e+01;1.0163302e-01;8.2500000e+01;1.3321121e-01;8.2500000e+01;1.6726768e-01;8.2500000e+01;1.9303927e-01;8.2500000e+01;2.1328649e-01;8.2500000e+01;2.3352586e-01;8.2500000e+01;2.5055993e-01;8.2500000e+01;2.5448775e-01;8.2500000e+01;2.3112549e-01;8.2500000e+01;1.8893842e-01;8.2500000e+01;1.3631141e-01;8.2500000e+01;8.4995225e-02;8.2500000e+01;3.8670339e-02;8.2500000e+01;-2.6501282e-03;8.2500000e+01;8.5161692e-03;8.2500000e+01;2.5408052e-02;8.2500000e+01;4.7235303e-02;8.2500000e+01;7.2601981e-02;8.2500000e+01;1.0163302e-01;8.2500000e+01;1.3321121e-01;8.2500000e+01;1.6726768e-01;8.2500000e+01;1.9303927e-01;8.2500000e+01;2.1328649e-01;8.2500000e+01;2.3352586e-01;8.2500000e+01;2.5055993e-01;8.2500000e+01;2.5448775e-01;8.2500000e+01;2.3112549e-01;8.2500000e+01;1.8893842e-01;8.2500000e+01;1.3631141e-01;8.2500000e+01;8.4995225e-02;8.2500000e+01;3.8670339e-02;8.2500000e+01;-2.6501282e-03;8.2500000e+01;8.5161692e-03;8.2500000e+01;2.5408052e-02;8.2500000e+01;4.7235303e-02;8.2500000e+01;7.2601981e-02;8.2500000e+01;1.0163302e-01;8.2500000e+01;1.3321121e-01;8.2500000e+01;1.6726768e-01;8.2500000e+01;1.9303927e-01;8.2500000e+01;2.1328649e-01;8.2500000e+01;2.3352586e-01;8.2500000e+01;2.5055993e-01;8.2500000e+01;2.5448775e-01;8.2500000e+01;2.3112549e-01;8.2500000e+01;1.8893842e-01;8.2500000e+01;1.3631141e-01;8.2500000e+01;8.4995225e-02;8.2500000e+01;3.8670339e-02;8.2500000e+01;-2.6501282e-03;8.2500000e+01;8.5161692e-03;8.2500000e+01;2.5408052e-02;8.2500000e+01;4.7235303e-02;8.2500000e+01;7.2601981e-02;8.2500000e+01;1.0163302e-01;8.2500000e+01;1.3321121e-01;8.2500000e+01;1.6726768e-01;8.2500000e+01;1.9303927e-01;8.2500000e+01;2.1328649e-01;8.2500000e+01;2.3352586e-01;8.2500000e+01;2.5055993e-01;8.2500000e+01;2.5448775e-01;8.2500000e+01;2.3112549e-01;8.2500000e+01;1.8893842e-01;8.2500000e+01;1.3631141e-01;8.2500000e+01;8.4995225e-02;8.2500000e+01;3.8670339e-02;8.2500000e+01;-2.6501282e-03;8.2500000e+01;8.5161692e-03;8.2500000e+01;2.5408052e-02;8.2500000e+01;4.7235303e-02;8.2500000e+01;7.2601981e-02;8.2500000e+01;1.0163302e-01;8.2500000e+01;1.3321121e-01;8.2500000e+01;1.6726768e-01;8.2500000e+01;1.9303927e-01;8.2500000e+01;2.1328649e-01;8.2500000e+01;2.3352586e-01;8.2500000e+01;2.5055993e-01;8.2500000e+01;2.5448775e-01;8.2500000e+01;2.3112549e-01;8.2500000e+01;1.8893842e-01;8.2500000e+01;1.3631141e-01;8.2500000e+01;8.4995225e-02;8.2500000e+01;3.8670339e-02;8.2500000e+01;-2.6501282e-03;8.2500000e+01;8.5161692e-03;8.2500000e+01;2.5408052e-02;8.2500000e+01;4.7235303e-02;8.2500000e+01;7.2601981e-02;8.2500000e+01;1.0163302e-01;8.2500000e+01;1.3321121e-01;8.2500000e+01;1.6726768e-01;8.2500000e+01;1.9303927e-01;8.2500000e+01;2.1328649e-01;8.2500000e+01;2.3352586e-01;8.2500000e+01;2.5055993e-01;8.2500000e+01;2.5448775e-01;8.2500000e+01;2.3112549e-01;8.2500000e+01;1.8893842e-01;8.2500000e+01;1.3631141e-01;8.2500000e+01;8.4995225e-02;8.2500000e+01;3.8670339e-02;8.2500000e+01;-2.6501282e-03;8.2500000e+01;8.5161692e-03;8.2500000e+01;2.5408052e-02;8.2500000e+01;4.7235303e-02;8.2500000e+01;7.2601981e-02;8.2500000e+01;1.0163302e-01;8.2500000e+01;1.3321121e-01;8.2500000e+01;1.6726768e-01;8.2500000e+01;1.9303927e-01;8.2500000e+01;2.1328649e-01;8.2500000e+01;2.3352586e-01;8.2500000e+01;2.5055993e-01;8.2500000e+01;2.5448775e-01;8.2500000e+01;2.3112549e-01;8.2500000e+01;1.8893842e-01;8.2500000e+01;1.3631141e-01;8.2500000e+01;8.4995225e-02;8.2500000e+01;3.8670339e-02;8.2500000e+01;-2.6501282e-03;8.2500000e+01;8.5161692e-03;8.2500000e+01;2.5408052e-02;8.2500000e+01;4.7235303e-02;8.2500000e+01;7.2601981e-02;8.2500000e+01;1.0163302e-01;8.2500000e+01;1.3321121e-01;8.2500000e+01;1.6726768e-01;8.2500000e+01;1.9303927e-01;8.2500000e+01;2.1328649e-01;8.2500000e+01;2.3352586e-01;8.2500000e+01;2.5055993e-01;8.2500000e+01;2.5448775e-01;8.2500000e+01;2.3112549e-01;8.2500000e+01;1.8893842e-01;8.2500000e+01;1.3631141e-01;8.2500000e+01;8.4995225e-02;8.2500000e+01;3.8670339e-02;8.2500000e+01;-2.6501282e-03;8.2500000e+01;8.5161692e-03;8.2500000e+01;2.5408052e-02;8.2500000e+01;4.7235303e-02;8.2500000e+01;7.2601981e-02;8.2500000e+01;1.0163302e-01;8.2500000e+01;1.3321121e-01;8.2500000e+01;1.6726768e-01;8.2500000e+01;1.9303927e-01;8.2500000e+01;2.1328649e-01;8.2500000e+01;2.3352586e-01;8.2500000e+01;2.5055993e-01;8.2500000e+01;2.5448775e-01;8.2500000e+01;2.3112549e-01;8.2500000e+01;1.8893842e-01;8.2500000e+01;1.3631141e-01;8.2500000e+01;8.4995225e-02;8.2500000e+01;3.8670339e-02;8.2500000e+01;-2.6501282e-03;8.2500000e+01;8.5161692e-03;8.2500000e+01;2.5408052e-02;8.2500000e+01;4.7235303e-02;8.2500000e+01;7.2601981e-02;8.2500000e+01;1.0163302e-01;8.2500000e+01;1.3321121e-01;8.2500000e+01;1.6726768e-01;8.2500000e+01;1.9303927e-01;8.2500000e+01;2.1328649e-01;8.2500000e+01;2.3352586e-01;8.2500000e+01;2.5055993e-01;8.2500000e+01;2.5448775e-01;8.2500000e+01;2.3112549e-01;8.2500000e+01;1.8893842e-01;8.2500000e+01;1.3631141e-01;8.2500000e+01;8.4995225e-02;8.2500000e+01;3.8670339e-02;8.2500000e+01;-2.6501282e-03;8.2500000e+01;8.5161692e-03;8.2500000e+01;2.5408052e-02;8.2500000e+01;4.7235303e-02;8.2500000e+01;7.2601981e-02;8.2500000e+01;1.0163302e-01;8.2500000e+01;1.3321121e-01;8.2500000e+01;1.6726768e-01;8.2500000e+01;1.9303927e-01;8.2500000e+01;2.1328649e-01;8.2500000e+01;2.3352586e-01;8.2500000e+01;2.5055993e-01;8.2500000e+01;2.5448775e-01;8.2500000e+01;2.3112549e-01;8.2500000e+01;1.8893842e-01;8.2500000e+01;1.3631141e-01;8.2500000e+01;8.4995225e-02;8.2500000e+01;3.8670339e-02;8.2500000e+01;-2.6501282e-03;8.2500000e+01;8.5161692e-03;8.2500000e+01;2.5408052e-02;8.2500000e+01;4.7235303e-02;8.2500000e+01;7.2601981e-02;8.2500000e+01;1.0163302e-01;8.2500000e+01;1.3321121e-01;8.2500000e+01;1.6726768e-01;8.2500000e+01;1.9303927e-01;8.2500000e+01;2.1328649e-01;8.2500000e+01;2.3352586e-01;8.2500000e+01;2.5055993e-01;8.2500000e+01;2.5448775e-01;8.2500000e+01;2.3112549e-01;8.2500000e+01;1.8893842e-01;8.2500000e+01;1.3631141e-01;8.2500000e+01;8.4995225e-02;8.2500000e+01;3.8670339e-02;8.2500000e+01;-2.6501282e-03;8.2500000e+01;8.5161692e-03;8.2500000e+01;2.5408052e-02;8.2500000e+01;4.7235303e-02;8.2500000e+01;7.2601981e-02;8.2500000e+01;1.0163302e-01;8.2500000e+01;1.3321121e-01;8.2500000e+01;1.6726768e-01;8.2500000e+01;1.9303927e-01;8.2500000e+01;2.1328649e-01;8.2500000e+01;2.3352586e-01;8.2500000e+01;2.5055993e-01;8.2500000e+01;2.5448775e-01;8.2500000e+01;2.3112549e-01;8.2500000e+01;1.8893842e-01;8.2500000e+01;1.3631141e-01;8.2500000e+01;8.4995225e-02;8.2500000e+01;3.8670339e-02;8.2500000e+01;-2.6501282e-03;8.2500000e+01;8.5161692e-03;8.2500000e+01;2.5408052e-02;8.2500000e+01;4.7235303e-02;8.2500000e+01;7.2601981e-02;8.2500000e+01;1.0163302e-01;8.2500000e+01;1.3321121e-01;8.2500000e+01;1.6726768e-01;8.2500000e+01;1.9303927e-01;8.2500000e+01;2.1328649e-01;8.2500000e+01;2.3352586e-01;8.2500000e+01;2.5055993e-01;8.2500000e+01;2.5448775e-01;8.2500000e+01;2.3112549e-01;8.2500000e+01;1.8893842e-01;8.2500000e+01;1.3631141e-01;8.2500000e+01;8.4995225e-02;8.2500000e+01;3.8670339e-02;8.2500000e+01;-2.6501282e-03;8.2500000e+01;8.5161692e-03;8.2500000e+01;2.5408052e-02;8.2500000e+01;4.7235303e-02;8.2500000e+01;7.2601981e-02;8.2500000e+01;1.0163302e-01;8.2500000e+01;1.3321121e-01;8.2500000e+01;1.6726768e-01;8.2500000e+01;1.9303927e-01;8.2500000e+01;2.1328649e-01;8.2500000e+01;2.3352586e-01;8.2500000e+01;2.5055993e-01;8.2500000e+01;2.5448775e-01;8.2500000e+01;2.3112549e-01;8.2500000e+01;1.8893842e-01;8.2500000e+01;1.3631141e-01;8.2500000e+01;8.4995225e-02;8.2500000e+01;3.8670339e-02;8.2500000e+01;-2.6501282e-03;8.2500000e+01;8.5161692e-03;8.2500000e+01;2.5408052e-02;8.2500000e+01;4.7235303e-02;8.2500000e+01;7.2601981e-02;8.2500000e+01;1.0163302e-01;8.2500000e+01;1.3321121e-01;8.2500000e+01;1.6726768e-01;8.2500000e+01;1.9303927e-01;8.2500000e+01;2.1328649e-01;8.2500000e+01;2.3352586e-01;8.2500000e+01;2.5055993e-01;8.2500000e+01;2.5448775e-01;8.2500000e+01;2.3112549e-01;8.2500000e+01;1.8893842e-01;8.2500000e+01;1.3631141e-01;8.2500000e+01;8.4995225e-02;8.2500000e+01;3.8670339e-02;8.2500000e+01;-2.6501282e-03;8.2500000e+01;8.5161692e-03;8.2500000e+01;2.5408052e-02;8.2500000e+01;4.7235303e-02;8.2500000e+01;7.2601981e-02;8.2500000e+01;1.0163302e-01;8.2500000e+01;1.3321121e-01;8.2500000e+01;1.6726768e-01;8.2500000e+01;1.9303927e-01;8.2500000e+01;2.1328649e-01;8.2500000e+01;2.3352586e-01;8.2500000e+01;2.5055993e-01;8.2500000e+01;2.5448775e-01;8.2500000e+01;2.3112549e-01;8.2500000e+01;1.8893842e-01;8.2500000e+01;1.3631141e-01;8.2500000e+01;8.4995225e-02;8.2500000e+01;3.8670339e-02;8.2500000e+01;-2.6501282e-03;8.2500000e+01;8.5161692e-03;8.2500000e+01;2.5408052e-02;8.2500000e+01;4.7235303e-02;8.2500000e+01;7.2601981e-02;8.2500000e+01;1.0163302e-01;8.2500000e+01;1.3321121e-01;8.2500000e+01;1.6726768e-01;8.2500000e+01;1.9303927e-01;8.2500000e+01;2.1328649e-01;8.2500000e+01;2.3352586e-01;8.2500000e+01;2.5055993e-01;8.2500000e+01;2.5448775e-01;8.2500000e+01;2.3112549e-01;8.2500000e+01;1.8893842e-01;8.2500000e+01;1.3631141e-01;8.2500000e+01;8.4995225e-02;8.2500000e+01;3.8670339e-02;8.2500000e+01;-2.6501282e-03;8.2500000e+01;8.5161692e-03;8.2500000e+01;2.5408052e-02;8.2500000e+01;4.7235303e-02;8.2500000e+01;7.2601981e-02;8.2500000e+01;1.0163302e-01;8.2500000e+01;1.3321121e-01;8.2500000e+01;1.6726768e-01;8.2500000e+01;1.9303927e-01;8.2500000e+01;2.1328649e-01;8.2500000e+01;2.3352586e-01;8.2500000e+01;2.5055993e-01;8.2500000e+01;2.5448775e-01;8.2500000e+01;2.3112549e-01;8.2500000e+01;1.8893842e-01;8.2500000e+01;1.3631141e-01;8.2500000e+01;8.4995225e-02;8.2500000e+01;3.8670339e-02;8.2500000e+01;-2.6501282e-03;8.2500000e+01;8.5161692e-03;8.2500000e+01;2.5408052e-02;8.2500000e+01;4.7235303e-02;8.2500000e+01;7.2601981e-02;8.2500000e+01;1.0163302e-01;8.2500000e+01;1.3321121e-01;8.2500000e+01;1.6726768e-01;8.2500000e+01;1.9303927e-01;8.2500000e+01;2.1328649e-01;8.2500000e+01;2.3352586e-01;8.2500000e+01;2.5055993e-01;8.2500000e+01;2.5448775e-01;8.2500000e+01;2.3112549e-01;8.2500000e+01;1.8893842e-01;8.2500000e+01;1.3631141e-01;8.2500000e+01;8.4995225e-02;8.2500000e+01;3.8670339e-02;8.2500000e+01;-2.6501282e-03;8.2500000e+01;8.5161692e-03;8.2500000e+01;2.5408052e-02;8.2500000e+01;4.7235303e-02;8.2500000e+01;7.2601981e-02;8.2500000e+01;1.0163302e-01;8.2500000e+01;1.3321121e-01;8.2500000e+01;1.6726768e-01;8.2500000e+01;1.9303927e-01;8.2500000e+01;2.1328649e-01;8.2500000e+01;2.3352586e-01;8.2500000e+01;2.5055993e-01;8.2500000e+01;2.5448775e-01;8.2500000e+01;2.3112549e-01;8.2500000e+01;1.8893842e-01;8.2500000e+01;1.3631141e-01;8.2500000e+01;8.4995225e-02;8.2500000e+01;3.8670339e-02;8.2500000e+01;-2.6501282e-03;8.2500000e+01;8.5161692e-03;8.2500000e+01;2.5408052e-02;8.2500000e+01;4.7235303e-02;8.2500000e+01;7.2601981e-02;8.2500000e+01;1.0163302e-01;8.2500000e+01;1.3321121e-01;8.2500000e+01;1.6726768e-01;8.2500000e+01;1.9303927e-01;8.2500000e+01;2.1328649e-01;8.2500000e+01;2.3352586e-01;8.2500000e+01;2.5055993e-01;8.2500000e+01;2.5448775e-01;8.2500000e+01;2.3112549e-01;8.2500000e+01;1.8893842e-01;8.2500000e+01;1.3631141e-01;8.2500000e+01;8.4995225e-02;8.2500000e+01;3.8670339e-02;8.2500000e+01;-2.6501282e-03;8.2500000e+01;8.5161692e-03;8.2500000e+01;2.5408052e-02;8.2500000e+01;4.7235303e-02;8.2500000e+01;7.2601981e-02;8.2500000e+01;1.0163302e-01;8.2500000e+01;1.3321121e-01;8.2500000e+01;1.6726768e-01;8.2500000e+01;1.9303927e-01;8.2500000e+01;2.1328649e-01;8.2500000e+01;2.3352586e-01;8.2500000e+01;2.5055993e-01;8.2500000e+01;2.5448775e-01;8.2500000e+01;2.3112549e-01;8.2500000e+01;1.8893842e-01;8.2500000e+01;1.3631141e-01;8.2500000e+01;8.4995225e-02;8.2500000e+01;3.8670339e-02;8.2500000e+01;-2.6501282e-03;8.2500000e+01;8.5161692e-03;8.2500000e+01;2.5408052e-02;8.2500000e+01;4.7235303e-02;8.2500000e+01;7.2601981e-02;8.2500000e+01;1.0163302e-01;8.2500000e+01;1.3321121e-01;8.2500000e+01;1.6726768e-01;8.2500000e+01;1.9303927e-01;8.2500000e+01;2.1328649e-01;8.2500000e+01;2.3352586e-01;8.2500000e+01;2.5055993e-01;8.2500000e+01;2.5448775e-01;8.2500000e+01;2.3112549e-01;8.2500000e+01;1.8893842e-01;8.2500000e+01;1.3631141e-01;8.2500000e+01;8.4995225e-02;8.2500000e+01;3.8670339e-02;8.2500000e+01;-2.6501282e-03;8.2500000e+01;8.5161692e-03;8.2500000e+01;2.5408052e-02;8.2500000e+01;4.7235303e-02;8.2500000e+01;7.2601981e-02;8.2500000e+01;1.0163302e-01;8.2500000e+01;1.3321121e-01;8.2500000e+01;1.6726768e-01;8.2500000e+01;1.9303927e-01;8.2500000e+01;2.1328649e-01;8.2500000e+01;2.3352586e-01;8.2500000e+01;2.5055993e-01;8.2500000e+01;2.5448775e-01;8.2500000e+01;2.3112549e-01;8.2500000e+01;1.8893842e-01;8.2500000e+01;1.3631141e-01;8.2500000e+01;8.4995225e-02;8.2500000e+01;3.8670339e-02;8.2500000e+01;-2.6501282e-03;8.2500000e+01;8.5161692e-03;8.2500000e+01;2.5408052e-02;8.2500000e+01;4.7235303e-02;8.2500000e+01;7.2601981e-02;8.2500000e+01;1.0163302e-01;8.2500000e+01;1.3321121e-01;8.2500000e+01;1.6726768e-01;8.2500000e+01;1.9303927e-01;8.2500000e+01;2.1328649e-01;8.2500000e+01;2.3352586e-01;8.2500000e+01;2.5055993e-01;8.2500000e+01;2.5448775e-01;8.2500000e+01;2.3112549e-01;8.2500000e+01;1.8893842e-01;8.2500000e+01;1.3631141e-01;8.2500000e+01;8.4995225e-02;8.2500000e+01;3.8670339e-02;8.2500000e+01;-2.6501282e-03;8.2500000e+01;8.5161692e-03;8.2500000e+01;2.5408052e-02;8.2500000e+01;4.7235303e-02;8.2500000e+01;7.2601981e-02;8.2500000e+01;1.0163302e-01;8.2500000e+01;1.3321121e-01;8.2500000e+01;1.6726768e-01;8.2500000e+01;1.9303927e-01;8.2500000e+01;2.1328649e-01;8.2500000e+01;2.3352586e-01;8.2500000e+01;2.5055993e-01;8.2500000e+01;2.5448775e-01;8.2500000e+01;2.3112549e-01;8.2500000e+01;1.8893842e-01;8.2500000e+01;1.3631141e-01;8.2500000e+01;8.4995225e-02;8.2500000e+01;3.8670339e-02;8.2500000e+01;-2.6501282e-03;8.2500000e+01;8.5161692e-03;8.2500000e+01;2.5408052e-02;8.2500000e+01;4.7235303e-02;8.2500000e+01;7.2601981e-02;8.2500000e+01;1.0163302e-01;8.2500000e+01;1.3321121e-01;8.2500000e+01;1.6726768e-01;8.2500000e+01;1.9303927e-01;8.2500000e+01;2.1328649e-01;8.2500000e+01;2.3352586e-01;8.2500000e+01;2.5055993e-01;8.2500000e+01;2.5448775e-01;8.2500000e+01;2.3112549e-01;8.2500000e+01;1.8893842e-01;8.2500000e+01;1.3631141e-01;8.2500000e+01;8.4995225e-02;8.2500000e+01;3.8670339e-02;8.2500000e+01;-2.6501282e-03;8.2500000e+01;8.5161692e-03;8.2500000e+01;2.5408052e-02;8.2500000e+01;4.7235303e-02;8.2500000e+01;7.2601981e-02;8.2500000e+01;1.0163302e-01;8.2500000e+01;1.3321121e-01;8.2500000e+01;1.6726768e-01;8.2500000e+01;1.9303927e-01;8.2500000e+01;2.1328649e-01;8.2500000e+01;2.3352586e-01;8.2500000e+01;2.5055993e-01;8.2500000e+01;2.5448775e-01;8.2500000e+01;2.3112549e-01;8.2500000e+01;1.8893842e-01;8.2500000e+01;1.3631141e-01;8.2500000e+01;8.4995225e-02;8.2500000e+01;3.8670339e-02;8.2500000e+01;-2.6501282e-03;8.2500000e+01;8.5161692e-03;8.2500000e+01;2.5408052e-02;8.2500000e+01;4.7235303e-02;8.2500000e+01;7.2601981e-02;8.2500000e+01;1.0163302e-01;8.2500000e+01;1.3321121e-01;8.2500000e+01;1.6726768e-01;8.2500000e+01;1.9303927e-01;8.2500000e+01;2.1328649e-01;8.2500000e+01;2.3352586e-01;8.2500000e+01;2.5055993e-01;8.2500000e+01;2.5448775e-01;8.2500000e+01;2.3112549e-01;8.2500000e+01;1.8893842e-01;8.2500000e+01;1.3631141e-01;8.2500000e+01;8.4995225e-02;8.2500000e+01;3.8670339e-02;8.2500000e+01;-2.6501282e-03;8.2500000e+01;8.5161692e-03;8.2500000e+01;2.5408052e-02;8.2500000e+01;4.7235303e-02;8.2500000e+01;7.2601981e-02;8.2500000e+01;1.0163302e-01;8.2500000e+01;1.3321121e-01;8.2500000e+01;1.6726768e-01;8.2500000e+01;1.9303927e-01;8.2500000e+01;2.1328649e-01;8.2500000e+01;2.3352586e-01;8.2500000e+01;2.5055993e-01;8.2500000e+01;2.5448775e-01;8.2500000e+01;2.3112549e-01;8.2500000e+01;1.8893842e-01;8.2500000e+01;1.3631141e-01;8.2500000e+01;8.4995225e-02;8.2500000e+01;3.8670339e-02;8.2500000e+01;-2.6501282e-03;8.2500000e+01;8.5161692e-03;8.2500000e+01;2.5408052e-02;8.2500000e+01;4.7235303e-02;8.2500000e+01;7.2601981e-02;8.2500000e+01;1.0163302e-01;8.2500000e+01;1.3321121e-01;8.2500000e+01;1.6726768e-01;8.2500000e+01;1.9303927e-01;8.2500000e+01;2.1328649e-01;8.2500000e+01;2.3352586e-01;8.2500000e+01;2.5055993e-01;8.2500000e+01;2.5448775e-01;8.2500000e+01;2.3112549e-01;8.2500000e+01;1.8893842e-01;8.2500000e+01;1.3631141e-01;8.2500000e+01;8.4995225e-02;8.2500000e+01;3.8670339e-02;8.2500000e+01;-2.6501282e-03;8.2500000e+01;8.5161692e-03;8.2500000e+01;2.5408052e-02;8.2500000e+01;4.7235303e-02;8.2500000e+01;7.2601981e-02;8.2500000e+01;1.0163302e-01;8.2500000e+01;1.3321121e-01;8.2500000e+01;1.6726768e-01;8.2500000e+01;1.9303927e-01;8.2500000e+01;2.1328649e-01;8.2500000e+01;2.3352586e-01;8.2500000e+01;2.5055993e-01;8.2500000e+01;2.5448775e-01;8.2500000e+01;2.3112549e-01;8.2500000e+01;1.8893842e-01;8.2500000e+01;1.3631141e-01;8.2500000e+01;8.4995225e-02;8.2500000e+01;3.8670339e-02;8.2500000e+01;-2.6501282e-03;8.2500000e+01;8.5161692e-03;8.2500000e+01;2.5408052e-02;8.2500000e+01;4.7235303e-02;8.2500000e+01;7.2601981e-02;8.2500000e+01;1.0163302e-01;8.2500000e+01;1.3321121e-01;8.2500000e+01;1.6726768e-01;8.2500000e+01;1.9303927e-01;8.2500000e+01;2.1328649e-01;8.2500000e+01;2.3352586e-01;8.2500000e+01;2.5055993e-01;8.2500000e+01;2.5448775e-01;8.2500000e+01;2.3112549e-01;8.2500000e+01;1.8893842e-01;8.2500000e+01;1.3631141e-01;8.2500000e+01;8.4995225e-02;8.2500000e+01;3.8670339e-02;8.2500000e+01;-2.6501282e-03;8.2500000e+01;8.5161692e-03;8.2500000e+01;2.5408052e-02;8.2500000e+01;4.7235303e-02;8.2500000e+01;7.2601981e-02;8.2500000e+01;1.0163302e-01;8.2500000e+01;1.3321121e-01;8.2500000e+01;1.6726768e-01;8.2500000e+01;1.9303927e-01;8.2500000e+01;2.1328649e-01;8.2500000e+01;2.3352586e-01;8.2500000e+01;2.5055993e-01;8.2500000e+01;2.5448775e-01;8.2500000e+01;2.3112549e-01;8.2500000e+01;1.8893842e-01;8.2500000e+01;1.3631141e-01;8.2500000e+01;8.4995225e-02;8.2500000e+01;3.8670339e-02;8.2500000e+01;-2.6501282e-03;8.2500000e+01;8.5161692e-03;8.2500000e+01;2.5408052e-02;8.2500000e+01;4.7235303e-02;8.2500000e+01;7.2601981e-02;8.2500000e+01;1.0163302e-01;8.2500000e+01;1.3321121e-01;8.2500000e+01;1.6726768e-01;8.2500000e+01;1.9303927e-01;8.2500000e+01;2.1328649e-01;8.2500000e+01;2.3352586e-01;8.2500000e+01;2.5055993e-01;8.2500000e+01;2.5448775e-01;8.2500000e+01;2.3112549e-01;8.2500000e+01;1.8893842e-01;8.2500000e+01;1.3631141e-01;8.2500000e+01;8.4995225e-02;8.2500000e+01;3.8670339e-02;8.2500000e+01;-2.6501282e-03;8.2500000e+01;8.5161692e-03;8.2500000e+01;2.5408052e-02;8.2500000e+01;4.7235303e-02;8.2500000e+01;7.2601981e-02;8.2500000e+01;1.0163302e-01;8.2500000e+01;1.3321121e-01;8.2500000e+01;1.6726768e-01;8.2500000e+01;1.9303927e-01;8.2500000e+01;2.1328649e-01;8.2500000e+01;2.3352586e-01;8.2500000e+01;2.5055993e-01;8.2500000e+01;2.5448775e-01;8.2500000e+01;2.3112549e-01;8.2500000e+01;1.8893842e-01;8.2500000e+01;1.3631141e-01;8.2500000e+01;8.4995225e-02;8.2500000e+01;3.8670339e-02;8.2500000e+01;-2.6501282e-03;8.2500000e+01;8.5161692e-03;8.2500000e+01;2.5408052e-02;8.2500000e+01;4.7235303e-02;8.2500000e+01;7.2601981e-02;8.2500000e+01;1.0163302e-01;8.2500000e+01;1.3321121e-01;8.2500000e+01;1.6726768e-01;8.2500000e+01;1.9303927e-01;8.2500000e+01;2.1328649e-01;8.2500000e+01;2.3352586e-01;8.2500000e+01;2.5055993e-01;8.2500000e+01;2.5448775e-01;8.2500000e+01;2.3112549e-01;8.2500000e+01;1.8893842e-01;8.2500000e+01;1.3631141e-01;8.2500000e+01;8.4995225e-02;8.2500000e+01;3.8670339e-02;8.2500000e+01;-2.6501282e-03;8.2500000e+01;8.5161692e-03;8.2500000e+01;2.5408052e-02;8.2500000e+01;4.7235303e-02;8.2500000e+01;7.2601981e-02;8.2500000e+01;1.0163302e-01;8.2500000e+01;1.3321121e-01;8.2500000e+01;1.6726768e-01;8.2500000e+01;1.9303927e-01;8.2500000e+01;2.1328649e-01;8.2500000e+01;2.3352586e-01;8.2500000e+01;2.5055993e-01;8.2500000e+01;2.5448775e-01;8.2500000e+01;2.3112549e-01;8.2500000e+01;1.8893842e-01;8.2500000e+01;1.3631141e-01;8.2500000e+01;8.4995225e-02;8.2500000e+01;3.8670339e-02;8.2500000e+01;-2.6501282e-03;8.2500000e+01;8.5161692e-03;8.2500000e+01;2.5408052e-02;8.2500000e+01;4.7235303e-02;8.2500000e+01;7.2601981e-02;8.2500000e+01;1.0163302e-01;8.2500000e+01;1.3321121e-01;8.2500000e+01;1.6726768e-01;8.2500000e+01;1.9303927e-01;8.2500000e+01;2.1328649e-01;8.2500000e+01;2.3352586e-01;8.2500000e+01;2.5055993e-01;8.2500000e+01;2.5448775e-01;8.2500000e+01;2.3112549e-01;8.2500000e+01;1.8893842e-01;8.2500000e+01;1.3631141e-01;8.2500000e+01;8.4995225e-02;8.2500000e+01;3.8670339e-02;8.2500000e+01;-2.6501282e-03;8.2500000e+01;8.5161692e-03;8.2500000e+01;2.5408052e-02;8.2500000e+01;4.7235303e-02;8.2500000e+01;7.2601981e-02;8.2500000e+01;1.0163302e-01;8.2500000e+01;1.3321121e-01;8.2500000e+01;1.6726768e-01;8.2500000e+01;1.9303927e-01;8.2500000e+01;2.1328649e-01;8.2500000e+01;2.3352586e-01;8.2500000e+01;2.5055993e-01;8.2500000e+01;2.5448775e-01;8.2500000e+01;2.3112549e-01;8.2500000e+01;1.8893842e-01;8.2500000e+01;1.3631141e-01;8.2500000e+01;8.4995225e-02;8.2500000e+01;3.8670339e-02;8.2500000e+01;-2.6501282e-03;8.2500000e+01;8.5161692e-03;8.2500000e+01;2.5408052e-02;8.2500000e+01;4.7235303e-02;8.2500000e+01;7.2601981e-02;8.2500000e+01;1.0163302e-01;8.2500000e+01;1.3321121e-01;8.2500000e+01;1.6726768e-01;8.2500000e+01;1.9303927e-01;8.2500000e+01;2.1328649e-01;8.2500000e+01;2.3352586e-01;8.2500000e+01;2.5055993e-01;8.2500000e+01;2.5448775e-01;8.2500000e+01;2.3112549e-01;8.2500000e+01;1.8893842e-01;8.2500000e+01;1.3631141e-01;8.2500000e+01;8.4995225e-02;8.2500000e+01;3.8670339e-02;8.2500000e+01;-2.6501282e-03;8.2500000e+01;8.5161692e-03;8.2500000e+01;2.5408052e-02;8.2500000e+01;4.7235303e-02;8.2500000e+01;7.2601981e-02;8.2500000e+01;1.0163302e-01;8.2500000e+01;1.3321121e-01;8.2500000e+01;1.6726768e-01;8.2500000e+01;1.9303927e-01;8.2500000e+01;2.1328649e-01;8.2500000e+01;2.3352586e-01;8.2500000e+01;2.5055993e-01;8.2500000e+01;2.5448775e-01;8.2500000e+01;2.3112549e-01;8.2500000e+01;1.8893842e-01;8.2500000e+01;1.3631141e-01;8.2500000e+01;8.4995225e-02;8.2500000e+01;3.8670339e-02;8.2500000e+01;-2.6501282e-03;8.2500000e+01;8.5161692e-03;8.2500000e+01;2.5408052e-02;8.2500000e+01;4.7235303e-02;8.2500000e+01;7.2601981e-02;8.2500000e+01;1.0163302e-01;8.2500000e+01;1.3321121e-01;8.2500000e+01;1.6726768e-01;8.2500000e+01;1.9303927e-01;8.2500000e+01;2.1328649e-01;8.2500000e+01;2.3352586e-01;8.2500000e+01;2.5055993e-01;8.2500000e+01;2.5448775e-01;8.2500000e+01;2.3112549e-01;8.2500000e+01;1.8893842e-01;8.2500000e+01;1.3631141e-01;8.2500000e+01;8.4995225e-02;8.2500000e+01;3.8670339e-02;8.2500000e+01;-2.6501282e-03;8.2500000e+01;8.5161692e-03;8.2500000e+01;2.5408052e-02;8.2500000e+01;4.7235303e-02;8.2500000e+01;7.2601981e-02;8.2500000e+01;1.0163302e-01;8.2500000e+01;1.3321121e-01;8.2500000e+01;1.6726768e-01;8.2500000e+01;1.9303927e-01;8.2500000e+01;2.1328649e-01;8.2500000e+01;2.3352586e-01;8.2500000e+01;2.5055993e-01;8.2500000e+01;2.5448775e-01;8.2500000e+01;2.3112549e-01;8.2500000e+01;1.8893842e-01;8.2500000e+01;1.3631141e-01;8.2500000e+01;8.4995225e-02;8.2500000e+01;3.8670339e-02;8.2500000e+01;-2.6501282e-03;8.2500000e+01;8.5161692e-03;8.2500000e+01;2.5408052e-02;8.2500000e+01;4.7235303e-02;8.2500000e+01;7.2601981e-02;8.2500000e+01;1.0163302e-01;8.2500000e+01;1.3321121e-01;8.2500000e+01;1.6726768e-01;8.2500000e+01;1.9303927e-01;8.2500000e+01;2.1328649e-01;8.2500000e+01;2.3352586e-01;8.2500000e+01;2.5055993e-01;8.2500000e+01;2.5448775e-01;8.2500000e+01;2.3112549e-01;8.2500000e+01;1.8893842e-01;8.2500000e+01;1.3631141e-01;8.2500000e+01;8.4995225e-02;8.2500000e+01;3.8670339e-02;8.2500000e+01;-2.6501282e-03;8.2500000e+01;8.5161692e-03;8.2500000e+01;2.5408052e-02;8.2500000e+01;4.7235303e-02;8.2500000e+01;7.2601981e-02;8.2500000e+01;1.0163302e-01;8.2500000e+01;1.3321121e-01;8.2500000e+01;1.6726768e-01;8.2500000e+01;1.9303927e-01;8.2500000e+01;2.1328649e-01;8.2500000e+01;2.3352586e-01;8.2500000e+01;2.5055993e-01;8.2500000e+01;2.5448775e-01;8.2500000e+01;2.3112549e-01;8.2500000e+01;1.8893842e-01;8.2500000e+01;1.3631141e-01;8.2500000e+01;8.4995225e-02;8.2500000e+01;3.8670339e-02;8.2500000e+01;-2.6501282e-03;8.2500000e+01;8.5161692e-03;8.2500000e+01;2.5408052e-02;8.2500000e+01;4.7235303e-02;8.2500000e+01;7.2601981e-02;8.2500000e+01;1.0163302e-01;8.2500000e+01;1.3321121e-01;8.2500000e+01;1.6726768e-01;8.2500000e+01;1.9303927e-01;8.2500000e+01;2.1328649e-01;8.2500000e+01;2.3352586e-01;8.2500000e+01;2.5055993e-01;8.2500000e+01;2.5448775e-01;8.2500000e+01;2.3112549e-01;8.2500000e+01;1.8893842e-01;8.2500000e+01;1.3631141e-01;8.2500000e+01;8.4995225e-02;8.2500000e+01;3.8670339e-02;8.2500000e+01;-2.6501282e-03;8.2500000e+01;8.5161692e-03;8.2500000e+01;2.5408052e-02;8.2500000e+01;4.7235303e-02;8.2500000e+01;7.2601981e-02;8.2500000e+01;1.0163302e-01;8.2500000e+01;1.3321121e-01;8.2500000e+01;1.6726768e-01;8.2500000e+01;1.9303927e-01;8.2500000e+01;2.1328649e-01;8.2500000e+01;2.3352586e-01;8.2500000e+01;2.5055993e-01;8.2500000e+01;2.5448775e-01;8.2500000e+01;2.3112549e-01;8.2500000e+01;1.8893842e-01;8.2500000e+01;1.3631141e-01;8.2500000e+01;8.4995225e-02;8.2500000e+01;3.8670339e-02;8.2500000e+01;-2.6501282e-03;8.2500000e+01;8.5161692e-03;8.2500000e+01;2.5408052e-02;8.2500000e+01;4.7235303e-02;8.2500000e+01;7.2601981e-02;8.2500000e+01;1.0163302e-01;8.2500000e+01;1.3321121e-01;8.2500000e+01;1.6726768e-01;8.2500000e+01;1.9303927e-01;8.2500000e+01;2.1328649e-01;8.2500000e+01;2.3352586e-01;8.2500000e+01;2.5055993e-01;8.2500000e+01;2.5448775e-01;8.2500000e+01;2.3112549e-01;8.2500000e+01;1.8893842e-01;8.2500000e+01;1.3631141e-01;8.2500000e+01;8.4995225e-02;8.2500000e+01;3.8670339e-02;8.2500000e+01;-2.6501282e-03;8.2500000e+01;8.5161692e-03;8.2500000e+01;2.5408052e-02;8.2500000e+01;4.7235303e-02;8.2500000e+01;7.2601981e-02;8.2500000e+01;1.0163302e-01;8.2500000e+01;1.3321121e-01;8.2500000e+01;1.6726768e-01;8.2500000e+01;1.9303927e-01;8.2500000e+01;2.1328649e-01;8.2500000e+01;2.3352586e-01;8.2500000e+01;2.5055993e-01;8.2500000e+01;2.5448775e-01;8.2500000e+01;2.3112549e-01;8.2500000e+01;1.8893842e-01;8.2500000e+01;1.3631141e-01;8.2500000e+01;8.4995225e-02;8.2500000e+01;3.8670339e-02;8.2500000e+01;-2.6501282e-03;8.2500000e+01;8.5161692e-03;8.2500000e+01;2.5408052e-02;8.2500000e+01;4.7235303e-02;8.2500000e+01;7.2601981e-02;8.2500000e+01;1.0163302e-01;8.2500000e+01;1.3321121e-01;8.2500000e+01;1.6726768e-01;8.2500000e+01;1.9303927e-01;8.2500000e+01;2.1328649e-01;8.2500000e+01;2.3352586e-01;8.2500000e+01;2.5055993e-01;8.2500000e+01;2.5448775e-01;8.2500000e+01;2.3112549e-01;8.2500000e+01;1.8893842e-01;8.2500000e+01;1.3631141e-01;8.2500000e+01;8.4995225e-02;8.2500000e+01;3.8670339e-02;8.2500000e+01;-2.6501282e-03;8.2500000e+01;8.5161692e-03;8.2500000e+01;2.5408052e-02;8.2500000e+01;4.7235303e-02;8.2500000e+01;7.2601981e-02;8.2500000e+01;1.0163302e-01;8.2500000e+01;1.3321121e-01;8.2500000e+01;1.6726768e-01;8.2500000e+01;1.9303927e-01;8.2500000e+01;2.1328649e-01;8.2500000e+01;2.3352586e-01;8.2500000e+01;2.5055993e-01;8.2500000e+01;2.5448775e-01;8.2500000e+01;2.3112549e-01;8.2500000e+01;1.8893842e-01;8.2500000e+01;1.3631141e-01;8.2500000e+01;8.4995225e-02;8.2500000e+01;3.8670339e-02;8.2500000e+01;-2.6501282e-03;8.2500000e+01;8.5161692e-03;8.2500000e+01;2.5408052e-02;8.2500000e+01;4.7235303e-02;8.2500000e+01;7.2601981e-02;8.2500000e+01;1.0163302e-01;8.2500000e+01;1.3321121e-01;8.2500000e+01;1.6726768e-01;8.2500000e+01;1.9303927e-01;8.2500000e+01;2.1328649e-01;8.2500000e+01;2.3352586e-01;8.2500000e+01;2.5055993e-01;8.2500000e+01;2.5448775e-01;8.2500000e+01;2.3112549e-01;8.2500000e+01;1.8893842e-01;8.2500000e+01;1.3631141e-01;8.2500000e+01;8.4995225e-02;8.2500000e+01;3.8670339e-02;8.2500000e+01;-2.6501282e-03;8.2500000e+01;8.5161692e-03;8.2500000e+01;2.5408052e-02;8.2500000e+01;4.7235303e-02;8.2500000e+01;7.2601981e-02;8.2500000e+01;1.0163302e-01;8.2500000e+01;1.3321121e-01;8.2500000e+01;1.6726768e-01;8.2500000e+01;1.9303927e-01;8.2500000e+01;2.1328649e-01;8.2500000e+01;2.3352586e-01;8.2500000e+01;2.5055993e-01;8.2500000e+01;2.5448775e-01;8.2500000e+01;2.3112549e-01;8.2500000e+01;1.8893842e-01;8.2500000e+01;1.3631141e-01;8.2500000e+01;8.4995225e-02;8.2500000e+01;3.8670339e-02;8.2500000e+01;-2.6501282e-03;8.2500000e+01;8.5161692e-03;8.2500000e+01;2.5408052e-02;8.2500000e+01;4.7235303e-02;8.2500000e+01;7.2601981e-02;8.2500000e+01;1.0163302e-01;8.2500000e+01;1.3321121e-01;8.2500000e+01;1.6726768e-01;8.2500000e+01;1.9303927e-01;8.2500000e+01;2.1328649e-01;8.2500000e+01;2.3352586e-01;8.2500000e+01;2.5055993e-01;8.2500000e+01;2.5448775e-01;8.2500000e+01;2.3112549e-01;8.2500000e+01;1.8893842e-01;8.2500000e+01;1.3631141e-01;8.2500000e+01;8.4995225e-02;8.2500000e+01;3.8670339e-02;8.2500000e+01;-2.6501282e-03;8.2500000e+01;8.5161692e-03;8.2500000e+01;2.5408052e-02;8.2500000e+01;4.7235303e-02;8.2500000e+01;7.2601981e-02;8.2500000e+01;1.0163302e-01;8.2500000e+01;1.3321121e-01;8.2500000e+01;1.6726768e-01;8.2500000e+01;1.9303927e-01;8.2500000e+01;2.1328649e-01;8.2500000e+01;2.3352586e-01;8.2500000e+01;2.5055993e-01;8.2500000e+01;2.5448775e-01;8.2500000e+01;2.3112549e-01;8.2500000e+01;1.8893842e-01;8.2500000e+01;1.3631141e-01;8.2500000e+01;8.4995225e-02;8.2500000e+01;3.8670339e-02;8.2500000e+01;-2.6501282e-03;8.2500000e+01;8.5161692e-03;8.2500000e+01;2.5408052e-02;8.2500000e+01;4.7235303e-02;8.2500000e+01;7.2601981e-02;8.2500000e+01;1.0163302e-01;8.2500000e+01;1.3321121e-01;8.2500000e+01;1.6726768e-01;8.2500000e+01;1.9303927e-01;8.2500000e+01;2.1328649e-01;8.2500000e+01;2.3352586e-01;8.2500000e+01;2.5055993e-01;8.2500000e+01;2.5448775e-01;8.2500000e+01;2.3112549e-01;8.2500000e+01;1.8893842e-01;8.2500000e+01;1.3631141e-01;8.2500000e+01;8.4995225e-02;8.2500000e+01;3.8670339e-02;8.2500000e+01;-2.6501282e-03;8.2500000e+01;8.5161692e-03;8.2500000e+01;2.5408052e-02;8.2500000e+01;4.7235303e-02;8.2500000e+01;7.2601981e-02;8.2500000e+01;1.0163302e-01;8.2500000e+01;1.3321121e-01;8.2500000e+01;1.6726768e-01;8.2500000e+01;1.9303927e-01;8.2500000e+01;2.1328649e-01;8.2500000e+01;2.3352586e-01;8.2500000e+01;2.5055993e-01;8.2500000e+01;2.5448775e-01;8.2500000e+01;2.3112549e-01;8.2500000e+01;1.8893842e-01;8.2500000e+01;1.3631141e-01;8.2500000e+01;8.4995225e-02;8.2500000e+01;3.8670339e-02;8.2500000e+01;-2.6501282e-03;8.2500000e+01;8.5161692e-03;8.2500000e+01;2.5408052e-02;8.2500000e+01;4.7235303e-02;8.2500000e+01;7.2601981e-02;8.2500000e+01;1.0163302e-01;8.2500000e+01;1.3321121e-01;8.2500000e+01;1.6726768e-01;8.2500000e+01;1.9303927e-01;8.2500000e+01;2.1328649e-01;8.2500000e+01;2.3352586e-01;8.2500000e+01;2.5055993e-01;8.2500000e+01;2.5448775e-01;8.2500000e+01;2.3112549e-01;8.2500000e+01;1.8893842e-01;8.2500000e+01;1.3631141e-01;8.2500000e+01;8.4995225e-02;8.2500000e+01;3.8670339e-02;8.2500000e+01;-2.6501282e-03;8.2500000e+01;8.5161692e-03;8.2500000e+01;2.5408052e-02;8.2500000e+01;4.7235303e-02;8.2500000e+01;7.2601981e-02;8.2500000e+01;1.0163302e-01;8.2500000e+01;1.3321121e-01;8.2500000e+01;1.6726768e-01;8.2500000e+01;1.9303927e-01;8.2500000e+01;2.1328649e-01;8.2500000e+01;2.3352586e-01;8.2500000e+01;2.5055993e-01;8.2500000e+01;2.5448775e-01;8.2500000e+01;2.3112549e-01;8.2500000e+01;1.8893842e-01;8.2500000e+01;1.3631141e-01;8.2500000e+01;8.4995225e-02;8.2500000e+01;3.8670339e-02;8.2500000e+01;-2.6501282e-03;8.2500000e+01;8.5161692e-03;8.2500000e+01;2.5408052e-02;8.2500000e+01;4.7235303e-02;8.2500000e+01;7.2601981e-02;8.2500000e+01;1.0163302e-01;8.2500000e+01;1.3321121e-01;8.2500000e+01;1.6726768e-01;8.2500000e+01;1.9303927e-01;8.2500000e+01;2.1328649e-01;8.2500000e+01;2.3352586e-01;8.2500000e+01;2.5055993e-01;8.2500000e+01;2.5448775e-01;8.2500000e+01;2.3112549e-01;8.2500000e+01;1.8893842e-01;8.2500000e+01;1.3631141e-01;8.2500000e+01;8.4995225e-02;8.2500000e+01;3.8670339e-02;8.2500000e+01;-2.6501282e-03;8.2500000e+01;8.5161692e-03;8.2500000e+01;2.5408052e-02;8.2500000e+01;4.7235303e-02;8.2500000e+01;7.2601981e-02;8.2500000e+01;1.0163302e-01;8.2500000e+01;1.3321121e-01;8.2500000e+01;1.6726768e-01;8.2500000e+01;1.9303927e-01;8.2500000e+01;2.1328649e-01;8.2500000e+01;2.3352586e-01;8.2500000e+01;2.5055993e-01;8.2500000e+01;2.5448775e-01;8.2500000e+01;2.3112549e-01;8.2500000e+01;1.8893842e-01;8.2500000e+01;1.3631141e-01;8.2500000e+01;8.4995225e-02;8.2500000e+01;3.8670339e-02;8.2500000e+01;-2.6501282e-03;8.2500000e+01;8.5161692e-03;8.2500000e+01;2.5408052e-02;8.2500000e+01;4.7235303e-02;8.2500000e+01;7.2601981e-02;8.2500000e+01;1.0163302e-01;8.2500000e+01;1.3321121e-01;8.2500000e+01;1.6726768e-01;8.2500000e+01;1.9303927e-01;8.2500000e+01;2.1328649e-01;8.2500000e+01;2.3352586e-01;8.2500000e+01;2.5055993e-01;8.2500000e+01;2.5448775e-01;8.2500000e+01;2.3112549e-01;8.2500000e+01;1.8893842e-01;8.2500000e+01;1.3631141e-01;8.2500000e+01;8.4995225e-02;8.2500000e+01;3.8670339e-02;8.2500000e+01;-2.6501282e-03;8.2500000e+01;8.5161692e-03;8.2500000e+01;2.5408052e-02;8.2500000e+01;4.7235303e-02;8.2500000e+01;7.2601981e-02;8.2500000e+01;1.0163302e-01;8.2500000e+01;1.3321121e-01;8.2500000e+01;1.6726768e-01;8.2500000e+01;1.9303927e-01;8.2500000e+01;2.1328649e-01;8.2500000e+01;2.3352586e-01;8.2500000e+01;2.5055993e-01;8.2500000e+01;2.5448775e-01;8.2500000e+01;2.3112549e-01;8.2500000e+01;1.8893842e-01;8.2500000e+01;1.3631141e-01;8.2500000e+01;8.4995225e-02;8.2500000e+01;3.8670339e-02;8.2500000e+01;-2.6501282e-03;8.2500000e+01;8.5161692e-03;8.2500000e+01;2.5408052e-02;8.2500000e+01;4.7235303e-02;8.2500000e+01;7.2601981e-02;8.2500000e+01;1.0163302e-01;8.2500000e+01;1.3321121e-01;8.2500000e+01;1.6726768e-01;8.2500000e+01;1.9303927e-01;8.2500000e+01;2.1328649e-01;8.2500000e+01;2.3352586e-01;8.2500000e+01;2.5055993e-01;8.2500000e+01;2.5448775e-01;8.2500000e+01;2.3112549e-01;8.2500000e+01;1.8893842e-01;8.2500000e+01;1.3631141e-01;8.2500000e+01;8.4995225e-02;8.2500000e+01;3.8670339e-02;8.2500000e+01;-2.6501282e-03;8.2500000e+01;8.5161692e-03;8.2500000e+01;2.5408052e-02;8.2500000e+01;4.7235303e-02;8.2500000e+01;7.2601981e-02;8.2500000e+01;1.0163302e-01;8.2500000e+01;1.3321121e-01;8.2500000e+01;1.6726768e-01;8.2500000e+01;1.9303927e-01;8.2500000e+01;2.1328649e-01;8.2500000e+01;2.3352586e-01;8.2500000e+01;2.5055993e-01;8.2500000e+01;2.5448775e-01;8.2500000e+01;2.3112549e-01;8.2500000e+01;1.8893842e-01;8.2500000e+01;1.3631141e-01;8.2500000e+01;8.4995225e-02;8.2500000e+01;3.8670339e-02;8.2500000e+01;-2.6501282e-03;8.2500000e+01;8.5161692e-03;8.2500000e+01;2.5408052e-02;8.2500000e+01;4.7235303e-02;8.2500000e+01;7.2601981e-02;8.2500000e+01;1.0163302e-01;8.2500000e+01;1.3321121e-01;8.2500000e+01;1.6726768e-01;8.2500000e+01;1.9303927e-01;8.2500000e+01;2.1328649e-01;8.2500000e+01;2.3352586e-01;8.2500000e+01;2.5055993e-01;8.2500000e+01;2.5448775e-01;8.2500000e+01;2.3112549e-01;8.2500000e+01;1.8893842e-01;8.2500000e+01;1.3631141e-01;8.2500000e+01;8.4995225e-02;8.2500000e+01;3.8670339e-02;8.2500000e+01;-2.6501282e-03;8.2500000e+01;8.5161692e-03;8.2500000e+01;2.5408052e-02;8.2500000e+01;4.7235303e-02;8.2500000e+01;7.2601981e-02;8.2500000e+01;1.0163302e-01;8.2500000e+01;1.3321121e-01;8.2500000e+01;1.6726768e-01;8.2500000e+01;1.9303927e-01;8.2500000e+01;2.1328649e-01;8.2500000e+01;2.3352586e-01;8.2500000e+01;2.5055993e-01;8.2500000e+01;2.5448775e-01;8.2500000e+01;2.3112549e-01;8.2500000e+01;1.8893842e-01;8.2500000e+01;1.3631141e-01;8.2500000e+01;8.4995225e-02;8.2500000e+01;3.8670339e-02;8.2500000e+01;-2.6501282e-03;8.2500000e+01;8.5161692e-03;8.2500000e+01;2.5408052e-02;8.2500000e+01;4.7235303e-02;8.2500000e+01;7.2601981e-02;8.2500000e+01;1.0163302e-01;8.2500000e+01;1.3321121e-01;8.2500000e+01;1.6726768e-01;8.2500000e+01;1.9303927e-01;8.2500000e+01;2.1328649e-01;8.2500000e+01;2.3352586e-01;8.2500000e+01;2.5055993e-01;8.2500000e+01;2.5448775e-01;8.2500000e+01;2.3112549e-01;8.2500000e+01;1.8893842e-01;8.2500000e+01;1.3631141e-01;8.2500000e+01;8.4995225e-02;8.2500000e+01;3.8670339e-02;8.2500000e+01;-2.6501282e-03;8.2500000e+01;8.5161692e-03;8.2500000e+01;2.5408052e-02;8.2500000e+01;4.7235303e-02;8.2500000e+01;7.2601981e-02;8.2500000e+01;1.0163302e-01;8.2500000e+01;1.3321121e-01;8.2500000e+01;1.6726768e-01;8.2500000e+01;1.9303927e-01;8.2500000e+01;2.1328649e-01;8.2500000e+01;2.3352586e-01;8.2500000e+01;2.5055993e-01;8.2500000e+01;2.5448775e-01;8.2500000e+01;2.3112549e-01;8.2500000e+01;1.8893842e-01;8.2500000e+01;1.3631141e-01;8.2500000e+01;8.4995225e-02;8.2500000e+01;3.8670339e-02;8.2500000e+01;-2.6501282e-03;8.2500000e+01;8.5161692e-03;8.2500000e+01;2.5408052e-02;8.2500000e+01;4.7235303e-02;8.2500000e+01;7.2601981e-02;8.2500000e+01;1.0163302e-01;8.2500000e+01;1.3321121e-01;8.2500000e+01;1.6726768e-01;8.2500000e+01;1.9303927e-01;8.2500000e+01;2.1328649e-01;8.2500000e+01;2.3352586e-01;8.2500000e+01;2.5055993e-01;8.2500000e+01;2.5448775e-01;8.2500000e+01;2.3112549e-01;8.2500000e+01;1.8893842e-01;8.2500000e+01;1.3631141e-01;8.2500000e+01;8.4995225e-02;8.2500000e+01;3.8670339e-02;8.2500000e+01;-2.6501282e-03;8.2500000e+01;8.5161692e-03;8.2500000e+01;2.5408052e-02;8.2500000e+01;4.7235303e-02;8.2500000e+01;7.2601981e-02;8.2500000e+01;1.0163302e-01;8.2500000e+01;1.3321121e-01;8.2500000e+01;1.6726768e-01;8.2500000e+01;1.9303927e-01;8.2500000e+01;2.1328649e-01;8.2500000e+01;2.3352586e-01;8.2500000e+01;2.5055993e-01;8.2500000e+01;2.5448775e-01;8.2500000e+01;2.3112549e-01;8.2500000e+01;1.8893842e-01;8.2500000e+01;1.3631141e-01;8.2500000e+01;8.4995225e-02;8.2500000e+01;3.8670339e-02;8.2500000e+01;-2.6501282e-03;8.2500000e+01;8.5161692e-03;8.2500000e+01;2.5408052e-02;8.2500000e+01;4.7235303e-02;8.2500000e+01;7.2601981e-02;8.2500000e+01;1.0163302e-01;8.2500000e+01;1.3321121e-01;8.2500000e+01;1.6726768e-01;8.2500000e+01;1.9303927e-01;8.2500000e+01;2.1328649e-01;8.2500000e+01;2.3352586e-01;8.2500000e+01;2.5055993e-01;8.2500000e+01;2.5448775e-01;8.2500000e+01;2.3112549e-01;8.2500000e+01;1.8893842e-01;8.2500000e+01;1.3631141e-01;8.2500000e+01;8.4995225e-02;8.2500000e+01;3.8670339e-02;8.2500000e+01;-2.6501282e-03;8.2500000e+01;8.5161692e-03;8.2500000e+01;2.5408052e-02;8.2500000e+01;4.7235303e-02;8.2500000e+01;7.2601981e-02;8.2500000e+01;1.0163302e-01;8.2500000e+01;1.3321121e-01;8.2500000e+01;1.6726768e-01;8.2500000e+01;1.9303927e-01;8.2500000e+01;2.1328649e-01;8.2500000e+01;2.3352586e-01;8.2500000e+01;2.5055993e-01;8.2500000e+01;2.5448775e-01;8.2500000e+01;2.3112549e-01;8.2500000e+01;1.8893842e-01;8.2500000e+01;1.3631141e-01;8.2500000e+01;8.4995225e-02;8.2500000e+01;3.8670339e-02;8.2500000e+01;-2.6501282e-03;8.2500000e+01;8.5161692e-03;8.2500000e+01;2.5408052e-02;8.2500000e+01;4.7235303e-02;8.2500000e+01;7.2601981e-02;8.2500000e+01;1.0163302e-01;8.2500000e+01;1.3321121e-01;8.2500000e+01;1.6726768e-01;8.2500000e+01;1.9303927e-01;8.2500000e+01;2.1328649e-01;8.2500000e+01;2.3352586e-01;8.2500000e+01;2.5055993e-01;8.2500000e+01;2.5448775e-01;8.2500000e+01;2.3112549e-01;8.2500000e+01;1.8893842e-01;8.2500000e+01;1.3631141e-01;8.2500000e+01;8.4995225e-02;8.2500000e+01;3.8670339e-02;8.2500000e+01;-2.6501282e-03;8.2500000e+01;8.5161692e-03;8.2500000e+01;2.5408052e-02;8.2500000e+01;4.7235303e-02;8.2500000e+01;7.2601981e-02;8.2500000e+01;1.0163302e-01;8.2500000e+01;1.3321121e-01;8.2500000e+01;1.6726768e-01;8.2500000e+01;1.9303927e-01;8.2500000e+01;2.1328649e-01;8.2500000e+01;2.3352586e-01;8.2500000e+01;2.5055993e-01;8.2500000e+01;2.5448775e-01;8.2500000e+01;2.3112549e-01;8.2500000e+01;1.8893842e-01;8.2500000e+01;1.3631141e-01;8.2500000e+01;8.4995225e-02;8.2500000e+01;3.8670339e-02;8.2500000e+01;-2.6501282e-03;8.2500000e+01;8.5161692e-03;8.2500000e+01;2.5408052e-02;8.2500000e+01;4.7235303e-02;8.2500000e+01;7.2601981e-02;8.2500000e+01;1.0163302e-01;8.2500000e+01;1.3321121e-01;8.2500000e+01;1.6726768e-01;8.2500000e+01;1.9303927e-01;8.2500000e+01;2.1328649e-01;8.2500000e+01;2.3352586e-01;8.2500000e+01;2.5055993e-01;8.2500000e+01;2.5448775e-01;8.2500000e+01;2.3112549e-01;8.2500000e+01;1.8893842e-01;8.2500000e+01;1.3631141e-01;8.2500000e+01;8.4995225e-02;8.2500000e+01;3.8670339e-02;8.2500000e+01;-2.6501282e-03;8.2500000e+01;8.5161692e-03;8.2500000e+01;2.5408052e-02;8.2500000e+01;4.7235303e-02;8.2500000e+01;7.2601981e-02;8.2500000e+01;1.0163302e-01;8.2500000e+01;1.3321121e-01;8.2500000e+01;1.6726768e-01;8.2500000e+01;1.9303927e-01;8.2500000e+01;2.1328649e-01;8.2500000e+01;2.3352586e-01;8.2500000e+01;2.5055993e-01;8.2500000e+01;2.5448775e-01;8.2500000e+01;2.3112549e-01;8.2500000e+01;1.8893842e-01;8.2500000e+01;1.3631141e-01;8.2500000e+01;8.4995225e-02;8.2500000e+01;3.8670339e-02;8.2500000e+01;-2.6501282e-03;8.2500000e+01;8.5161692e-03;8.2500000e+01;2.5408052e-02;8.2500000e+01;4.7235303e-02;8.2500000e+01;7.2601981e-02;8.2500000e+01;1.0163302e-01;8.2500000e+01;1.3321121e-01;8.2500000e+01;1.6726768e-01;8.2500000e+01;1.9303927e-01;8.2500000e+01;2.1328649e-01;8.2500000e+01;2.3352586e-01;8.2500000e+01;2.5055993e-01;8.2500000e+01;2.5448775e-01;8.2500000e+01;2.3112549e-01;8.2500000e+01;1.8893842e-01;8.2500000e+01;1.3631141e-01;8.2500000e+01;8.4995225e-02;8.2500000e+01;3.8670339e-02;8.2500000e+01;-2.6501282e-03;8.2500000e+01;8.5161692e-03;8.2500000e+01;2.5408052e-02;8.2500000e+01;4.7235303e-02;8.2500000e+01;7.2601981e-02;8.2500000e+01;1.0163302e-01;8.2500000e+01;1.3321121e-01;8.2500000e+01;1.6726768e-01;8.2500000e+01;1.9303927e-01;8.2500000e+01;2.1328649e-01;8.2500000e+01;2.3352586e-01;8.2500000e+01;2.5055993e-01;8.2500000e+01;2.5448775e-01;8.2500000e+01;2.3112549e-01;8.2500000e+01;1.8893842e-01;8.2500000e+01;1.3631141e-01;8.2500000e+01;8.4995225e-02;8.2500000e+01;3.8670339e-02;8.2500000e+01;-2.6501282e-03;8.2500000e+01;8.5161692e-03;8.2500000e+01;2.5408052e-02;8.2500000e+01;4.7235303e-02;8.2500000e+01;7.2601981e-02;8.2500000e+01;1.0163302e-01;8.2500000e+01;1.3321121e-01;8.2500000e+01;1.6726768e-01;8.2500000e+01;1.9303927e-01;8.2500000e+01;2.1328649e-01;8.2500000e+01;2.3352586e-01;8.2500000e+01;2.5055993e-01;8.2500000e+01;2.5448775e-01;8.2500000e+01;2.3112549e-01;8.2500000e+01;1.8893842e-01;8.2500000e+01;1.3631141e-01;8.2500000e+01;8.4995225e-02;8.2500000e+01;3.8670339e-02;8.2500000e+01;-2.6501282e-03;8.2500000e+01;8.5161692e-03;8.2500000e+01;2.5408052e-02;8.2500000e+01;4.7235303e-02;8.2500000e+01;7.2601981e-02;8.2500000e+01;1.0163302e-01;8.2500000e+01;1.3321121e-01;8.2500000e+01;1.6726768e-01;8.2500000e+01;1.9303927e-01;8.2500000e+01;2.1328649e-01;8.2500000e+01;2.3352586e-01;8.2500000e+01;2.5055993e-01;8.2500000e+01;2.5448775e-01;8.2500000e+01;2.3112549e-01;8.2500000e+01;1.8893842e-01;8.2500000e+01;1.3631141e-01;8.2500000e+01;8.4995225e-02;8.2500000e+01;3.8670339e-02;8.2500000e+01;-2.6501282e-03;8.2500000e+01;8.5161692e-03;8.2500000e+01;2.5408052e-02;8.2500000e+01;4.7235303e-02;8.2500000e+01;7.2601981e-02;8.2500000e+01;1.0163302e-01;8.2500000e+01;1.3321121e-01;8.2500000e+01;1.6726768e-01;8.2500000e+01;1.9303927e-01;8.2500000e+01;2.1328649e-01;8.2500000e+01;2.3352586e-01;8.2500000e+01;2.5055993e-01;8.2500000e+01;2.5448775e-01;8.2500000e+01;2.3112549e-01;8.2500000e+01;1.8893842e-01;8.2500000e+01;1.3631141e-01;8.2500000e+01;8.4995225e-02;8.2500000e+01;3.8670339e-02;8.2500000e+01;-2.6501282e-03;8.2500000e+01;8.5161692e-03;8.2500000e+01;2.5408052e-02;8.2500000e+01;4.7235303e-02;8.2500000e+01;7.2601981e-02;8.2500000e+01;1.0163302e-01;8.2500000e+01;1.3321121e-01;8.2500000e+01;1.6726768e-01;8.2500000e+01;1.9303927e-01;8.2500000e+01;2.1328649e-01;8.2500000e+01;2.3352586e-01;8.2500000e+01;2.5055993e-01;8.2500000e+01;2.5448775e-01;8.2500000e+01;2.3112549e-01;8.2500000e+01;1.8893842e-01;8.2500000e+01;1.3631141e-01;8.2500000e+01;8.4995225e-02;8.2500000e+01;3.8670339e-02;8.2500000e+01;-2.6501282e-03;8.2500000e+01;8.5161692e-03;8.2500000e+01;2.5408052e-02;8.2500000e+01;4.7235303e-02;8.2500000e+01;7.2601981e-02;8.2500000e+01;1.0163302e-01;8.2500000e+01;1.3321121e-01;8.2500000e+01;1.6726768e-01;8.2500000e+01;1.9303927e-01;8.2500000e+01;2.1328649e-01;8.2500000e+01;2.3352586e-01;8.2500000e+01;2.5055993e-01;8.2500000e+01;2.5448775e-01;8.2500000e+01;2.3112549e-01;8.2500000e+01;1.8893842e-01;8.2500000e+01;1.3631141e-01;8.2500000e+01;8.4995225e-02;8.2500000e+01;3.8670339e-02
8.7500000e+01;-5.3787972e-03;8.7500000e+01;4.7445567e-03;8.7500000e+01;2.0307094e-02;8.7500000e+01;4.0535614e-02;8.7500000e+01;6.4928062e-02;8.7500000e+01;9.3419328e-02;8.7500000e+01;1.2347470e-01;8.7500000e+01;1.5312636e-01;8.7500000e+01;1.7634541e-01;8.7500000e+01;1.9545127e-01;8.7500000e+01;2.1774825e-01;8.7500000e+01;2.3789437e-01;8.7500000e+01;2.4612373e-01;8.7500000e+01;2.2608860e-01;8.7500000e+01;1.8580940e-01;8.7500000e+01;1.3420953e-01;8.7500000e+01;8.2969695e-02;8.7500000e+01;3.6132529e-02;8.7500000e+01;-5.3787972e-03;8.7500000e+01;4.7445567e-03;8.7500000e+01;2.0307094e-02;8.7500000e+01;4.0535614e-02;8.7500000e+01;6.4928062e-02;8.7500000e+01;9.3419328e-02;8.7500000e+01;1.2347470e-01;8.7500000e+01;1.5312636e-01;8.7500000e+01;1.7634541e-01;8.7500000e+01;1.9545127e-01;8.7500000e+01;2.1774825e-01;8.7500000e+01;2.3789437e-01;8.7500000e+01;2.4612373e-01;8.7500000e+01;2.2608860e-01;8.7500000e+01;1.8580940e-01;8.7500000e+01;1.3420953e-01;8.7500000e+01;8.2969695e-02;8.7500000e+01;3.6132529e-02;8.7500000e+01;-5.3787972e-03;8.7500000e+01;4.7445567e-03;8.7500000e+01;2.0307094e-02;8.7500000e+01;4.0535614e-02;8.7500000e+01;6.4928062e-02;8.7500000e+01;9.3419328e-02;8.7500000e+01;1.2347470e-01;8.7500000e+01;1.5312636e-01;8.7500000e+01;1.7634541e-01;8.7500000e+01;1.9545127e-01;8.7500000e+01;2.1774825e-01;8.7500000e+01;2.3789437e-01;8.7500000e+01;2.4612373e-01;8.7500000e+01;2.2608860e-01;8.7500000e+01;1.8580940e-01;8.7500000e+01;1.3420953e-01;8.7500000e+01;8.2969695e-02;8.7500000e+01;3.6132529e-02;8.7500000e+01;-5.3787972e-03;8.7500000e+01;4.7445567e-03;8.7500000e+01;2.0307094e-02;8.7500000e+01;4.0535614e-02;8.7500000e+01;6.4928062e-02;8.7500000e+01;9.3419328e-02;8.7500000e+01;1.2347470e-01;8.7500000e+01;1.5312636e-01;8.7500000e+01;1.7634541e-01;8.7500000e+01;1.9545127e-01;8.7500000e+01;2.1774825e-01;8.7500000e+01;2.3789437e-01;8.7500000e+01;2.4612373e-01;8.7500000e+01;2.2608860e-01;8.7500000e+01;1.8580940e-01;8.7500000e+01;1.3420953e-01;8.7500000e+01;8.2969695e-02;8.7500000e+01;3.6132529e-02;8.7500000e+01;-5.3787972e-03;8.7500000e+01;4.7445567e-03;8.7500000e+01;2.0307094e-02;8.7500000e+01;4.0535614e-02;8.7500000e+01;6.4928062e-02;8.7500000e+01;9.3419328e-02;8.7500000e+01;1.2347470e-01;8.7500000e+01;1.5312636e-01;8.7500000e+01;1.7634541e-01;8.7500000e+01;1.9545127e-01;8.7500000e+01;2.1774825e-01;8.7500000e+01;2.3789437e-01;8.7500000e+01;2.4612373e-01;8.7500000e+01;2.2608860e-01;8.7500000e+01;1.8580940e-01;8.7500000e+01;1.3420953e-01;8.7500000e+01;8.2969695e-02;8.7500000e+01;3.6132529e-02;8.7500000e+01;-5.3787972e-03;8.7500000e+01;4.7445567e-03;8.7500000e+01;2.0307094e-02;8.7500000e+01;4.0535614e-02;8.7500000e+01;6.4928062e-02;8.7500000e+01;9.3419328e-02;8.7500000e+01;1.2347470e-01;8.7500000e+01;1.5312636e-01;8.7500000e+01;1.7634541e-01;8.7500000e+01;1.9545127e-01;8.7500000e+01;2.1774825e-01;8.7500000e+01;2.3789437e-01;8.7500000e+01;2.4612373e-01;8.7500000e+01;2.2608860e-01;8.7500000e+01;1.8580940e-01;8.7500000e+01;1.3420953e-01;8.7500000e+01;8.2969695e-02;8.7500000e+01;3.6132529e-02;8.7500000e+01;-5.3787972e-03;8.7500000e+01;4.7445567e-03;8.7500000e+01;2.0307094e-02;8.7500000e+01;4.0535614e-02;8.7500000e+01;6.4928062e-02;8.7500000e+01;9.3419328e-02;8.7500000e+01;1.2347470e-01;8.7500000e+01;1.5312636e-01;8.7500000e+01;1.7634541e-01;8.7500000e+01;1.9545127e-01;8.7500000e+01;2.1774825e-01;8.7500000e+01;2.3789437e-01;8.7500000e+01;2.4612373e-01;8.7500000e+01;2.2608860e-01;8.7500000e+01;1.8580940e-01;8.7500000e+01;1.3420953e-01;8.7500000e+01;8.2969695e-02;8.7500000e+01;3.6132529e-02;8.7500000e+01;-5.3787972e-03;8.7500000e+01;4.7445567e-03;8.7500000e+01;2.0307094e-02;8.7500000e+01;4.0535614e-02;8.7500000e+01;6.4928062e-02;8.7500000e+01;9.3419328e-02;8.7500000e+01;1.2347470e-01;8.7500000e+01;1.5312636e-01;8.7500000e+01;1.7634541e-01;8.7500000e+01;1.9545127e-01;8.7500000e+01;2.1774825e-01;8.7500000e+01;2.3789437e-01;8.7500000e+01;2.4612373e-01;8.7500000e+01;2.2608860e-01;8.7500000e+01;1.8580940e-01;8.7500000e+01;1.3420953e-01;8.7500000e+01;8.2969695e-02;8.7500000e+01;3.6132529e-02;8.7500000e+01;-5.3787972e-03;8.7500000e+01;4.7445567e-03;8.7500000e+01;2.0307094e-02;8.7500000e+01;4.0535614e-02;8.7500000e+01;6.4928062e-02;8.7500000e+01;9.3419328e-02;8.7500000e+01;1.2347470e-01;8.7500000e+01;1.5312636e-01;8.7500000e+01;1.7634541e-01;8.7500000e+01;1.9545127e-01;8.7500000e+01;2.1774825e-01;8.7500000e+01;2.3789437e-01;8.7500000e+01;2.4612373e-01;8.7500000e+01;2.2608860e-01;8.7500000e+01;1.8580940e-01;8.7500000e+01;1.3420953e-01;8.7500000e+01;8.2969695e-02;8.7500000e+01;3.6132529e-02;8.7500000e+01;-5.3787972e-03;8.7500000e+01;4.7445567e-03;8.7500000e+01;2.0307094e-02;8.7500000e+01;4.0535614e-02;8.7500000e+01;6.4928062e-02;8.7500000e+01;9.3419328e-02;8.7500000e+01;1.2347470e-01;8.7500000e+01;1.5312636e-01;8.7500000e+01;1.7634541e-01;8.7500000e+01;1.9545127e-01;8.7500000e+01;2.1774825e-01;8.7500000e+01;2.3789437e-01;8.7500000e+01;2.4612373e-01;8.7500000e+01;2.2608860e-01;8.7500000e+01;1.8580940e-01;8.7500000e+01;1.3420953e-01;8.7500000e+01;8.2969695e-02;8.7500000e+01;3.6132529e-02;8.7500000e+01;-5.3787972e-03;8.7500000e+01;4.7445567e-03;8.7500000e+01;2.0307094e-02;8.7500000e+01;4.0535614e-02;8.7500000e+01;6.4928062e-02;8.7500000e+01;9.3419328e-02;8.7500000e+01;1.2347470e-01;8.7500000e+01;1.5312636e-01;8.7500000e+01;1.7634541e-01;8.7500000e+01;1.9545127e-01;8.7500000e+01;2.1774825e-01;8.7500000e+01;2.3789437e-01;8.7500000e+01;2.4612373e-01;8.7500000e+01;2.2608860e-01;8.7500000e+01;1.8580940e-01;8.7500000e+01;1.3420953e-01;8.7500000e+01;8.2969695e-02;8.7500000e+01;3.6132529e-02;8.7500000e+01;-5.3787972e-03;8.7500000e+01;4.7445567e-03;8.7500000e+01;2.0307094e-02;8.7500000e+01;4.0535614e-02;8.7500000e+01;6.4928062e-02;8.7500000e+01;9.3419328e-02;8.7500000e+01;1.2347470e-01;8.7500000e+01;1.5312636e-01;8.7500000e+01;1.7634541e-01;8.7500000e+01;1.9545127e-01;8.7500000e+01;2.1774825e-01;8.7500000e+01;2.3789437e-01;8.7500000e+01;2.4612373e-01;8.7500000e+01;2.2608860e-01;8.7500000e+01;1.8580940e-01;8.7500000e+01;1.3420953e-01;8.7500000e+01;8.2969695e-02;8.7500000e+01;3.6132529e-02;8.7500000e+01;-5.3787972e-03;8.7500000e+01;4.7445567e-03;8.7500000e+01;2.0307094e-02;8.7500000e+01;4.0535614e-02;8.7500000e+01;6.4928062e-02;8.7500000e+01;9.3419328e-02;8.7500000e+01;1.2347470e-01;8.7500000e+01;1.5312636e-01;8.7500000e+01;1.7634541e-01;8.7500000e+01;1.9545127e-01;8.7500000e+01;2.1774825e-01;8.7500000e+01;2.3789437e-01;8.7500000e+01;2.4612373e-01;8.7500000e+01;2.2608860e-01;8.7500000e+01;1.8580940e-01;8.7500000e+01;1.3420953e-01;8.7500000e+01;8.2969695e-02;8.7500000e+01;3.6132529e-02;8.7500000e+01;-5.3787972e-03;8.7500000e+01;4.7445567e-03;8.7500000e+01;2.0307094e-02;8.7500000e+01;4.0535614e-02;8.7500000e+01;6.4928062e-02;8.7500000e+01;9.3419328e-02;8.7500000e+01;1.2347470e-01;8.7500000e+01;1.5312636e-01;8.7500000e+01;1.7634541e-01;8.7500000e+01;1.9545127e-01;8.7500000e+01;2.1774825e-01;8.7500000e+01;2.3789437e-01;8.7500000e+01;2.4612373e-01;8.7500000e+01;2.2608860e-01;8.7500000e+01;1.8580940e-01;8.7500000e+01;1.3420953e-01;8.7500000e+01;8.2969695e-02;8.7500000e+01;3.6132529e-02;8.7500000e+01;-5.3787972e-03;8.7500000e+01;4.7445567e-03;8.7500000e+01;2.0307094e-02;8.7500000e+01;4.0535614e-02;8.7500000e+01;6.4928062e-02;8.7500000e+01;9.3419328e-02;8.7500000e+01;1.2347470e-01;8.7500000e+01;1.5312636e-01;8.7500000e+01;1.7634541e-01;8.7500000e+01;1.9545127e-01;8.7500000e+01;2.1774825e-01;8.7500000e+01;2.3789437e-01;8.7500000e+01;2.4612373e-01;8.7500000e+01;2.2608860e-01;8.7500000e+01;1.8580940e-01;8.7500000e+01;1.3420953e-01;8.7500000e+01;8.2969695e-02;8.7500000e+01;3.6132529e-02;8.7500000e+01;-5.3787972e-03;8.7500000e+01;4.7445567e-03;8.7500000e+01;2.0307094e-02;8.7500000e+01;4.0535614e-02;8.7500000e+01;6.4928062e-02;8.7500000e+01;9.3419328e-02;8.7500000e+01;1.2347470e-01;8.7500000e+01;1.5312636e-01;8.7500000e+01;1.7634541e-01;8.7500000e+01;1.9545127e-01;8.7500000e+01;2.1774825e-01;8.7500000e+01;2.3789437e-01;8.7500000e+01;2.4612373e-01;8.7500000e+01;2.2608860e-01;8.7500000e+01;1.8580940e-01;8.7500000e+01;1.3420953e-01;8.7500000e+01;8.2969695e-02;8.7500000e+01;3.6132529e-02;8.7500000e+01;-5.3787972e-03;8.7500000e+01;4.7445567e-03;8.7500000e+01;2.0307094e-02;8.7500000e+01;4.0535614e-02;8.7500000e+01;6.4928062e-02;8.7500000e+01;9.3419328e-02;8.7500000e+01;1.2347470e-01;8.7500000e+01;1.5312636e-01;8.7500000e+01;1.7634541e-01;8.7500000e+01;1.9545127e-01;8.7500000e+01;2.1774825e-01;8.7500000e+01;2.3789437e-01;8.7500000e+01;2.4612373e-01;8.7500000e+01;2.2608860e-01;8.7500000e+01;1.8580940e-01;8.7500000e+01;1.3420953e-01;8.7500000e+01;8.2969695e-02;8.7500000e+01;3.6132529e-02;8.7500000e+01;-5.3787972e-03;8.7500000e+01;4.7445567e-03;8.7500000e+01;2.0307094e-02;8.7500000e+01;4.0535614e-02;8.7500000e+01;6.4928062e-02;8.7500000e+01;9.3419328e-02;8.7500000e+01;1.2347470e-01;8.7500000e+01;1.5312636e-01;8.7500000e+01;1.7634541e-01;8.7500000e+01;1.9545127e-01;8.7500000e+01;2.1774825e-01;8.7500000e+01;2.3789437e-01;8.7500000e+01;2.4612373e-01;8.7500000e+01;2.2608860e-01;8.7500000e+01;1.8580940e-01;8.7500000e+01;1.3420953e-01;8.7500000e+01;8.2969695e-02;8.7500000e+01;3.6132529e-02;8.7500000e+01;-5.3787972e-03;8.7500000e+01;4.7445567e-03;8.7500000e+01;2.0307094e-02;8.7500000e+01;4.0535614e-02;8.7500000e+01;6.4928062e-02;8.7500000e+01;9.3419328e-02;8.7500000e+01;1.2347470e-01;8.7500000e+01;1.5312636e-01;8.7500000e+01;1.7634541e-01;8.7500000e+01;1.9545127e-01;8.7500000e+01;2.1774825e-01;8.7500000e+01;2.3789437e-01;8.7500000e+01;2.4612373e-01;8.7500000e+01;2.2608860e-01;8.7500000e+01;1.8580940e-01;8.7500000e+01;1.3420953e-01;8.7500000e+01;8.2969695e-02;8.7500000e+01;3.6132529e-02;8.7500000e+01;-5.3787972e-03;8.7500000e+01;4.7445567e-03;8.7500000e+01;2.0307094e-02;8.7500000e+01;4.0535614e-02;8.7500000e+01;6.4928062e-02;8.7500000e+01;9.3419328e-02;8.7500000e+01;1.2347470e-01;8.7500000e+01;1.5312636e-01;8.7500000e+01;1.7634541e-01;8.7500000e+01;1.9545127e-01;8.7500000e+01;2.1774825e-01;8.7500000e+01;2.3789437e-01;8.7500000e+01;2.4612373e-01;8.7500000e+01;2.2608860e-01;8.7500000e+01;1.8580940e-01;8.7500000e+01;1.3420953e-01;8.7500000e+01;8.2969695e-02;8.7500000e+01;3.6132529e-02;8.7500000e+01;-5.3787972e-03;8.7500000e+01;4.7445567e-03;8.7500000e+01;2.0307094e-02;8.7500000e+01;4.0535614e-02;8.7500000e+01;6.4928062e-02;8.7500000e+01;9.3419328e-02;8.7500000e+01;1.2347470e-01;8.7500000e+01;1.5312636e-01;8.7500000e+01;1.7634541e-01;8.7500000e+01;1.9545127e-01;8.7500000e+01;2.1774825e-01;8.7500000e+01;2.3789437e-01;8.7500000e+01;2.4612373e-01;8.7500000e+01;2.2608860e-01;8.7500000e+01;1.8580940e-01;8.7500000e+01;1.3420953e-01;8.7500000e+01;8.2969695e-02;8.7500000e+01;3.6132529e-02;8.7500000e+01;-5.3787972e-03;8.7500000e+01;4.7445567e-03;8.7500000e+01;2.0307094e-02;8.7500000e+01;4.0535614e-02;8.7500000e+01;6.4928062e-02;8.7500000e+01;9.3419328e-02;8.7500000e+01;1.2347470e-01;8.7500000e+01;1.5312636e-01;8.7500000e+01;1.7634541e-01;8.7500000e+01;1.9545127e-01;8.7500000e+01;2.1774825e-01;8.7500000e+01;2.3789437e-01;8.7500000e+01;2.4612373e-01;8.7500000e+01;2.2608860e-01;8.7500000e+01;1.8580940e-01;8.7500000e+01;1.3420953e-01;8.7500000e+01;8.2969695e-02;8.7500000e+01;3.6132529e-02;8.7500000e+01;-5.3787972e-03;8.7500000e+01;4.7445567e-03;8.7500000e+01;2.0307094e-02;8.7500000e+01;4.0535614e-02;8.7500000e+01;6.4928062e-02;8.7500000e+01;9.3419328e-02;8.7500000e+01;1.2347470e-01;8.7500000e+01;1.5312636e-01;8.7500000e+01;1.7634541e-01;8.7500000e+01;1.9545127e-01;8.7500000e+01;2.1774825e-01;8.7500000e+01;2.3789437e-01;8.7500000e+01;2.4612373e-01;8.7500000e+01;2.2608860e-01;8.7500000e+01;1.8580940e-01;8.7500000e+01;1.3420953e-01;8.7500000e+01;8.2969695e-02;8.7500000e+01;3.6132529e-02;8.7500000e+01;-5.3787972e-03;8.7500000e+01;4.7445567e-03;8.7500000e+01;2.0307094e-02;8.7500000e+01;4.0535614e-02;8.7500000e+01;6.4928062e-02;8.7500000e+01;9.3419328e-02;8.7500000e+01;1.2347470e-01;8.7500000e+01;1.5312636e-01;8.7500000e+01;1.7634541e-01;8.7500000e+01;1.9545127e-01;8.7500000e+01;2.1774825e-01;8.7500000e+01;2.3789437e-01;8.7500000e+01;2.4612373e-01;8.7500000e+01;2.2608860e-01;8.7500000e+01;1.8580940e-01;8.7500000e+01;1.3420953e-01;8.7500000e+01;8.2969695e-02;8.7500000e+01;3.6132529e-02;8.7500000e+01;-5.3787972e-03;8.7500000e+01;4.7445567e-03;8.7500000e+01;2.0307094e-02;8.7500000e+01;4.0535614e-02;8.7500000e+01;6.4928062e-02;8.7500000e+01;9.3419328e-02;8.7500000e+01;1.2347470e-01;8.7500000e+01;1.5312636e-01;8.7500000e+01;1.7634541e-01;8.7500000e+01;1.9545127e-01;8.7500000e+01;2.1774825e-01;8.7500000e+01;2.3789437e-01;8.7500000e+01;2.4612373e-01;8.7500000e+01;2.2608860e-01;8.7500000e+01;1.8580940e-01;8.7500000e+01;1.3420953e-01;8.7500000e+01;8.2969695e-02;8.7500000e+01;3.6132529e-02;8.7500000e+01;-5.3787972e-03;8.7500000e+01;4.7445567e-03;8.7500000e+01;2.0307094e-02;8.7500000e+01;4.0535614e-02;8.7500000e+01;6.4928062e-02;8.7500000e+01;9.3419328e-02;8.7500000e+01;1.2347470e-01;8.7500000e+01;1.5312636e-01;8.7500000e+01;1.7634541e-01;8.7500000e+01;1.9545127e-01;8.7500000e+01;2.1774825e-01;8.7500000e+01;2.3789437e-01;8.7500000e+01;2.4612373e-01;8.7500000e+01;2.2608860e-01;8.7500000e+01;1.8580940e-01;8.7500000e+01;1.3420953e-01;8.7500000e+01;8.2969695e-02;8.7500000e+01;3.6132529e-02;8.7500000e+01;-5.3787972e-03;8.7500000e+01;4.7445567e-03;8.7500000e+01;2.0307094e-02;8.7500000e+01;4.0535614e-02;8.7500000e+01;6.4928062e-02;8.7500000e+01;9.3419328e-02;8.7500000e+01;1.2347470e-01;8.7500000e+01;1.5312636e-01;8.7500000e+01;1.7634541e-01;8.7500000e+01;1.9545127e-01;8.7500000e+01;2.1774825e-01;8.7500000e+01;2.3789437e-01;8.7500000e+01;2.4612373e-01;8.7500000e+01;2.2608860e-01;8.7500000e+01;1.8580940e-01;8.7500000e+01;1.3420953e-01;8.7500000e+01;8.2969695e-02;8.7500000e+01;3.6132529e-02;8.7500000e+01;-5.3787972e-03;8.7500000e+01;4.7445567e-03;8.7500000e+01;2.0307094e-02;8.7500000e+01;4.0535614e-02;8.7500000e+01;6.4928062e-02;8.7500000e+01;9.3419328e-02;8.7500000e+01;1.2347470e-01;8.7500000e+01;1.5312636e-01;8.7500000e+01;1.7634541e-01;8.7500000e+01;1.9545127e-01;8.7500000e+01;2.1774825e-01;8.7500000e+01;2.3789437e-01;8.7500000e+01;2.4612373e-01;8.7500000e+01;2.2608860e-01;8.7500000e+01;1.8580940e-01;8.7500000e+01;1.3420953e-01;8.7500000e+01;8.2969695e-02;8.7500000e+01;3.6132529e-02;8.7500000e+01;-5.3787972e-03;8.7500000e+01;4.7445567e-03;8.7500000e+01;2.0307094e-02;8.7500000e+01;4.0535614e-02;8.7500000e+01;6.4928062e-02;8.7500000e+01;9.3419328e-02;8.7500000e+01;1.2347470e-01;8.7500000e+01;1.5312636e-01;8.7500000e+01;1.7634541e-01;8.7500000e+01;1.9545127e-01;8.7500000e+01;2.1774825e-01;8.7500000e+01;2.3789437e-01;8.7500000e+01;2.4612373e-01;8.7500000e+01;2.2608860e-01;8.7500000e+01;1.8580940e-01;8.7500000e+01;1.3420953e-01;8.7500000e+01;8.2969695e-02;8.7500000e+01;3.6132529e-02;8.7500000e+01;-5.3787972e-03;8.7500000e+01;4.7445567e-03;8.7500000e+01;2.0307094e-02;8.7500000e+01;4.0535614e-02;8.7500000e+01;6.4928062e-02;8.7500000e+01;9.3419328e-02;8.7500000e+01;1.2347470e-01;8.7500000e+01;1.5312636e-01;8.7500000e+01;1.7634541e-01;8.7500000e+01;1.9545127e-01;8.7500000e+01;2.1774825e-01;8.7500000e+01;2.3789437e-01;8.7500000e+01;2.4612373e-01;8.7500000e+01;2.2608860e-01;8.7500000e+01;1.8580940e-01;8.7500000e+01;1.3420953e-01;8.7500000e+01;8.2969695e-02;8.7500000e+01;3.6132529e-02;8.7500000e+01;-5.3787972e-03;8.7500000e+01;4.7445567e-03;8.7500000e+01;2.0307094e-02;8.7500000e+01;4.0535614e-02;8.7500000e+01;6.4928062e-02;8.7500000e+01;9.3419328e-02;8.7500000e+01;1.2347470e-01;8.7500000e+01;1.5312636e-01;8.7500000e+01;1.7634541e-01;8.7500000e+01;1.9545127e-01;8.7500000e+01;2.1774825e-01;8.7500000e+01;2.3789437e-01;8.7500000e+01;2.4612373e-01;8.7500000e+01;2.2608860e-01;8.7500000e+01;1.8580940e-01;8.7500000e+01;1.3420953e-01;8.7500000e+01;8.2969695e-02;8.7500000e+01;3.6132529e-02;8.7500000e+01;-5.3787972e-03;8.7500000e+01;4.7445567e-03;8.7500000e+01;2.0307094e-02;8.7500000e+01;4.0535614e-02;8.7500000e+01;6.4928062e-02;8.7500000e+01;9.3419328e-02;8.7500000e+01;1.2347470e-01;8.7500000e+01;1.5312636e-01;8.7500000e+01;1.7634541e-01;8.7500000e+01;1.9545127e-01;8.7500000e+01;2.1774825e-01;8.7500000e+01;2.3789437e-01;8.7500000e+01;2.4612373e-01;8.7500000e+01;2.2608860e-01;8.7500000e+01;1.8580940e-01;8.7500000e+01;1.3420953e-01;8.7500000e+01;8.2969695e-02;8.7500000e+01;3.6132529e-02;8.7500000e+01;-5.3787972e-03;8.7500000e+01;4.7445567e-03;8.7500000e+01;2.0307094e-02;8.7500000e+01;4.0535614e-02;8.7500000e+01;6.4928062e-02;8.7500000e+01;9.3419328e-02;8.7500000e+01;1.2347470e-01;8.7500000e+01;1.5312636e-01;8.7500000e+01;1.7634541e-01;8.7500000e+01;1.9545127e-01;8.7500000e+01;2.1774825e-01;8.7500000e+01;2.3789437e-01;8.7500000e+01;2.4612373e-01;8.7500000e+01;2.2608860e-01;8.7500000e+01;1.8580940e-01;8.7500000e+01;1.3420953e-01;8.7500000e+01;8.2969695e-02;8.7500000e+01;3.6132529e-02;8.7500000e+01;-5.3787972e-03;8.7500000e+01;4.7445567e-03;8.7500000e+01;2.0307094e-02;8.7500000e+01;4.0535614e-02;8.7500000e+01;6.4928062e-02;8.7500000e+01;9.3419328e-02;8.7500000e+01;1.2347470e-01;8.7500000e+01;1.5312636e-01;8.7500000e+01;1.7634541e-01;8.7500000e+01;1.9545127e-01;8.7500000e+01;2.1774825e-01;8.7500000e+01;2.3789437e-01;8.7500000e+01;2.4612373e-01;8.7500000e+01;2.2608860e-01;8.7500000e+01;1.8580940e-01;8.7500000e+01;1.3420953e-01;8.7500000e+01;8.2969695e-02;8.7500000e+01;3.6132529e-02;8.7500000e+01;-5.3787972e-03;8.7500000e+01;4.7445567e-03;8.7500000e+01;2.0307094e-02;8.7500000e+01;4.0535614e-02;8.7500000e+01;6.4928062e-02;8.7500000e+01;9.3419328e-02;8.7500000e+01;1.2347470e-01;8.7500000e+01;1.5312636e-01;8.7500000e+01;1.7634541e-01;8.7500000e+01;1.9545127e-01;8.7500000e+01;2.1774825e-01;8.7500000e+01;2.3789437e-01;8.7500000e+01;2.4612373e-01;8.7500000e+01;2.2608860e-01;8.7500000e+01;1.8580940e-01;8.7500000e+01;1.3420953e-01;8.7500000e+01;8.2969695e-02;8.7500000e+01;3.6132529e-02;8.7500000e+01;-5.3787972e-03;8.7500000e+01;4.7445567e-03;8.7500000e+01;2.0307094e-02;8.7500000e+01;4.0535614e-02;8.7500000e+01;6.4928062e-02;8.7500000e+01;9.3419328e-02;8.7500000e+01;1.2347470e-01;8.7500000e+01;1.5312636e-01;8.7500000e+01;1.7634541e-01;8.7500000e+01;1.9545127e-01;8.7500000e+01;2.1774825e-01;8.7500000e+01;2.3789437e-01;8.7500000e+01;2.4612373e-01;8.7500000e+01;2.2608860e-01;8.7500000e+01;1.8580940e-01;8.7500000e+01;1.3420953e-01;8.7500000e+01;8.2969695e-02;8.7500000e+01;3.6132529e-02;8.7500000e+01;-5.3787972e-03;8.7500000e+01;4.7445567e-03;8.7500000e+01;2.0307094e-02;8.7500000e+01;4.0535614e-02;8.7500000e+01;6.4928062e-02;8.7500000e+01;9.3419328e-02;8.7500000e+01;1.2347470e-01;8.7500000e+01;1.5312636e-01;8.7500000e+01;1.7634541e-01;8.7500000e+01;1.9545127e-01;8.7500000e+01;2.1774825e-01;8.7500000e+01;2.3789437e-01;8.7500000e+01;2.4612373e-01;8.7500000e+01;2.2608860e-01;8.7500000e+01;1.8580940e-01;8.7500000e+01;1.3420953e-01;8.7500000e+01;8.2969695e-02;8.7500000e+01;3.6132529e-02;8.7500000e+01;-5.3787972e-03;8.7500000e+01;4.7445567e-03;8.7500000e+01;2.0307094e-02;8.7500000e+01;4.0535614e-02;8.7500000e+01;6.4928062e-02;8.7500000e+01;9.3419328e-02;8.7500000e+01;1.2347470e-01;8.7500000e+01;1.5312636e-01;8.7500000e+01;1.7634541e-01;8.7500000e+01;1.9545127e-01;8.7500000e+01;2.1774825e-01;8.7500000e+01;2.3789437e-01;8.7500000e+01;2.4612373e-01;8.7500000e+01;2.2608860e-01;8.7500000e+01;1.8580940e-01;8.7500000e+01;1.3420953e-01;8.7500000e+01;8.2969695e-02;8.7500000e+01;3.6132529e-02;8.7500000e+01;-5.3787972e-03;8.7500000e+01;4.7445567e-03;8.7500000e+01;2.0307094e-02;8.7500000e+01;4.0535614e-02;8.7500000e+01;6.4928062e-02;8.7500000e+01;9.3419328e-02;8.7500000e+01;1.2347470e-01;8.7500000e+01;1.5312636e-01;8.7500000e+01;1.7634541e-01;8.7500000e+01;1.9545127e-01;8.7500000e+01;2.1774825e-01;8.7500000e+01;2.3789437e-01;8.7500000e+01;2.4612373e-01;8.7500000e+01;2.2608860e-01;8.7500000e+01;1.8580940e-01;8.7500000e+01;1.3420953e-01;8.7500000e+01;8.2969695e-02;8.7500000e+01;3.6132529e-02;8.7500000e+01;-5.3787972e-03;8.7500000e+01;4.7445567e-03;8.7500000e+01;2.0307094e-02;8.7500000e+01;4.0535614e-02;8.7500000e+01;6.4928062e-02;8.7500000e+01;9.3419328e-02;8.7500000e+01;1.2347470e-01;8.7500000e+01;1.5312636e-01;8.7500000e+01;1.7634541e-01;8.7500000e+01;1.9545127e-01;8.7500000e+01;2.1774825e-01;8.7500000e+01;2.3789437e-01;8.7500000e+01;2.4612373e-01;8.7500000e+01;2.2608860e-01;8.7500000e+01;1.8580940e-01;8.7500000e+01;1.3420953e-01;8.7500000e+01;8.2969695e-02;8.7500000e+01;3.6132529e-02;8.7500000e+01;-5.3787972e-03;8.7500000e+01;4.7445567e-03;8.7500000e+01;2.0307094e-02;8.7500000e+01;4.0535614e-02;8.7500000e+01;6.4928062e-02;8.7500000e+01;9.3419328e-02;8.7500000e+01;1.2347470e-01;8.7500000e+01;1.5312636e-01;8.7500000e+01;1.7634541e-01;8.7500000e+01;1.9545127e-01;8.7500000e+01;2.1774825e-01;8.7500000e+01;2.3789437e-01;8.7500000e+01;2.4612373e-01;8.7500000e+01;2.2608860e-01;8.7500000e+01;1.8580940e-01;8.7500000e+01;1.3420953e-01;8.7500000e+01;8.2969695e-02;8.7500000e+01;3.6132529e-02;8.7500000e+01;-5.3787972e-03;8.7500000e+01;4.7445567e-03;8.7500000e+01;2.0307094e-02;8.7500000e+01;4.0535614e-02;8.7500000e+01;6.4928062e-02;8.7500000e+01;9.3419328e-02;8.7500000e+01;1.2347470e-01;8.7500000e+01;1.5312636e-01;8.7500000e+01;1.7634541e-01;8.7500000e+01;1.9545127e-01;8.7500000e+01;2.1774825e-01;8.7500000e+01;2.3789437e-01;8.7500000e+01;2.4612373e-01;8.7500000e+01;2.2608860e-01;8.7500000e+01;1.8580940e-01;8.7500000e+01;1.3420953e-01;8.7500000e+01;8.2969695e-02;8.7500000e+01;3.6132529e-02;8.7500000e+01;-5.3787972e-03;8.7500000e+01;4.7445567e-03;8.7500000e+01;2.0307094e-02;8.7500000e+01;4.0535614e-02;8.7500000e+01;6.4928062e-02;8.7500000e+01;9.3419328e-02;8.7500000e+01;1.2347470e-01;8.7500000e+01;1.5312636e-01;8.7500000e+01;1.7634541e-01;8.7500000e+01;1.9545127e-01;8.7500000e+01;2.1774825e-01;8.7500000e+01;2.3789437e-01;8.7500000e+01;2.4612373e-01;8.7500000e+01;2.2608860e-01;8.7500000e+01;1.8580940e-01;8.7500000e+01;1.3420953e-01;8.7500000e+01;8.2969695e-02;8.7500000e+01;3.6132529e-02;8.7500000e+01;-5.3787972e-03;8.7500000e+01;4.7445567e-03;8.7500000e+01;2.0307094e-02;8.7500000e+01;4.0535614e-02;8.7500000e+01;6.4928062e-02;8.7500000e+01;9.3419328e-02;8.7500000e+01;1.2347470e-01;8.7500000e+01;1.5312636e-01;8.7500000e+01;1.7634541e-01;8.7500000e+01;1.9545127e-01;8.7500000e+01;2.1774825e-01;8.7500000e+01;2.3789437e-01;8.7500000e+01;2.4612373e-01;8.7500000e+01;2.2608860e-01;8.7500000e+01;1.8580940e-01;8.7500000e+01;1.3420953e-01;8.7500000e+01;8.2969695e-02;8.7500000e+01;3.6132529e-02;8.7500000e+01;-5.3787972e-03;8.7500000e+01;4.7445567e-03;8.7500000e+01;2.0307094e-02;8.7500000e+01;4.0535614e-02;8.7500000e+01;6.4928062e-02;8.7500000e+01;9.3419328e-02;8.7500000e+01;1.2347470e-01;8.7500000e+01;1.5312636e-01;8.7500000e+01;1.7634541e-01;8.7500000e+01;1.9545127e-01;8.7500000e+01;2.1774825e-01;8.7500000e+01;2.3789437e-01;8.7500000e+01;2.4612373e-01;8.7500000e+01;2.2608860e-01;8.7500000e+01;1.8580940e-01;8.7500000e+01;1.3420953e-01;8.7500000e+01;8.2969695e-02;8.7500000e+01;3.6132529e-02;8.7500000e+01;-5.3787972e-03;8.7500000e+01;4.7445567e-03;8.7500000e+01;2.0307094e-02;8.7500000e+01;4.0535614e-02;8.7500000e+01;6.4928062e-02;8.7500000e+01;9.3419328e-02;8.7500000e+01;1.2347470e-01;8.7500000e+01;1.5312636e-01;8.7500000e+01;1.7634541e-01;8.7500000e+01;1.9545127e-01;8.7500000e+01;2.1774825e-01;8.7500000e+01;2.3789437e-01;8.7500000e+01;2.4612373e-01;8.7500000e+01;2.2608860e-01;8.7500000e+01;1.8580940e-01;8.7500000e+01;1.3420953e-01;8.7500000e+01;8.2969695e-02;8.7500000e+01;3.6132529e-02;8.7500000e+01;-5.3787972e-03;8.7500000e+01;4.7445567e-03;8.7500000e+01;2.0307094e-02;8.7500000e+01;4.0535614e-02;8.7500000e+01;6.4928062e-02;8.7500000e+01;9.3419328e-02;8.7500000e+01;1.2347470e-01;8.7500000e+01;1.5312636e-01;8.7500000e+01;1.7634541e-01;8.7500000e+01;1.9545127e-01;8.7500000e+01;2.1774825e-01;8.7500000e+01;2.3789437e-01;8.7500000e+01;2.4612373e-01;8.7500000e+01;2.2608860e-01;8.7500000e+01;1.8580940e-01;8.7500000e+01;1.3420953e-01;8.7500000e+01;8.2969695e-02;8.7500000e+01;3.6132529e-02;8.7500000e+01;-5.3787972e-03;8.7500000e+01;4.7445567e-03;8.7500000e+01;2.0307094e-02;8.7500000e+01;4.0535614e-02;8.7500000e+01;6.4928062e-02;8.7500000e+01;9.3419328e-02;8.7500000e+01;1.2347470e-01;8.7500000e+01;1.5312636e-01;8.7500000e+01;1.7634541e-01;8.7500000e+01;1.9545127e-01;8.7500000e+01;2.1774825e-01;8.7500000e+01;2.3789437e-01;8.7500000e+01;2.4612373e-01;8.7500000e+01;2.2608860e-01;8.7500000e+01;1.8580940e-01;8.7500000e+01;1.3420953e-01;8.7500000e+01;8.2969695e-02;8.7500000e+01;3.6132529e-02;8.7500000e+01;-5.3787972e-03;8.7500000e+01;4.7445567e-03;8.7500000e+01;2.0307094e-02;8.7500000e+01;4.0535614e-02;8.7500000e+01;6.4928062e-02;8.7500000e+01;9.3419328e-02;8.7500000e+01;1.2347470e-01;8.7500000e+01;1.5312636e-01;8.7500000e+01;1.7634541e-01;8.7500000e+01;1.9545127e-01;8.7500000e+01;2.1774825e-01;8.7500000e+01;2.3789437e-01;8.7500000e+01;2.4612373e-01;8.7500000e+01;2.2608860e-01;8.7500000e+01;1.8580940e-01;8.7500000e+01;1.3420953e-01;8.7500000e+01;8.2969695e-02;8.7500000e+01;3.6132529e-02;8.7500000e+01;-5.3787972e-03;8.7500000e+01;4.7445567e-03;8.7500000e+01;2.0307094e-02;8.7500000e+01;4.0535614e-02;8.7500000e+01;6.4928062e-02;8.7500000e+01;9.3419328e-02;8.7500000e+01;1.2347470e-01;8.7500000e+01;1.5312636e-01;8.7500000e+01;1.7634541e-01;8.7500000e+01;1.9545127e-01;8.7500000e+01;2.1774825e-01;8.7500000e+01;2.3789437e-01;8.7500000e+01;2.4612373e-01;8.7500000e+01;2.2608860e-01;8.7500000e+01;1.8580940e-01;8.7500000e+01;1.3420953e-01;8.7500000e+01;8.2969695e-02;8.7500000e+01;3.6132529e-02;8.7500000e+01;-5.3787972e-03;8.7500000e+01;4.7445567e-03;8.7500000e+01;2.0307094e-02;8.7500000e+01;4.0535614e-02;8.7500000e+01;6.4928062e-02;8.7500000e+01;9.3419328e-02;8.7500000e+01;1.2347470e-01;8.7500000e+01;1.5312636e-01;8.7500000e+01;1.7634541e-01;8.7500000e+01;1.9545127e-01;8.7500000e+01;2.1774825e-01;8.7500000e+01;2.3789437e-01;8.7500000e+01;2.4612373e-01;8.7500000e+01;2.2608860e-01;8.7500000e+01;1.8580940e-01;8.7500000e+01;1.3420953e-01;8.7500000e+01;8.2969695e-02;8.7500000e+01;3.6132529e-02;8.7500000e+01;-5.3787972e-03;8.7500000e+01;4.7445567e-03;8.7500000e+01;2.0307094e-02;8.7500000e+01;4.0535614e-02;8.7500000e+01;6.4928062e-02;8.7500000e+01;9.3419328e-02;8.7500000e+01;1.2347470e-01;8.7500000e+01;1.5312636e-01;8.7500000e+01;1.7634541e-01;8.7500000e+01;1.9545127e-01;8.7500000e+01;2.1774825e-01;8.7500000e+01;2.3789437e-01;8.7500000e+01;2.4612373e-01;8.7500000e+01;2.2608860e-01;8.7500000e+01;1.8580940e-01;8.7500000e+01;1.3420953e-01;8.7500000e+01;8.2969695e-02;8.7500000e+01;3.6132529e-02;8.7500000e+01;-5.3787972e-03;8.7500000e+01;4.7445567e-03;8.7500000e+01;2.0307094e-02;8.7500000e+01;4.0535614e-02;8.7500000e+01;6.4928062e-02;8.7500000e+01;9.3419328e-02;8.7500000e+01;1.2347470e-01;8.7500000e+01;1.5312636e-01;8.7500000e+01;1.7634541e-01;8.7500000e+01;1.9545127e-01;8.7500000e+01;2.1774825e-01;8.7500000e+01;2.3789437e-01;8.7500000e+01;2.4612373e-01;8.7500000e+01;2.2608860e-01;8.7500000e+01;1.8580940e-01;8.7500000e+01;1.3420953e-01;8.7500000e+01;8.2969695e-02;8.7500000e+01;3.6132529e-02;8.7500000e+01;-5.3787972e-03;8.7500000e+01;4.7445567e-03;8.7500000e+01;2.0307094e-02;8.7500000e+01;4.0535614e-02;8.7500000e+01;6.4928062e-02;8.7500000e+01;9.3419328e-02;8.7500000e+01;1.2347470e-01;8.7500000e+01;1.5312636e-01;8.7500000e+01;1.7634541e-01;8.7500000e+01;1.9545127e-01;8.7500000e+01;2.1774825e-01;8.7500000e+01;2.3789437e-01;8.7500000e+01;2.4612373e-01;8.7500000e+01;2.2608860e-01;8.7500000e+01;1.8580940e-01;8.7500000e+01;1.3420953e-01;8.7500000e+01;8.2969695e-02;8.7500000e+01;3.6132529e-02;8.7500000e+01;-5.3787972e-03;8.7500000e+01;4.7445567e-03;8.7500000e+01;2.0307094e-02;8.7500000e+01;4.0535614e-02;8.7500000e+01;6.4928062e-02;8.7500000e+01;9.3419328e-02;8.7500000e+01;1.2347470e-01;8.7500000e+01;1.5312636e-01;8.7500000e+01;1.7634541e-01;8.7500000e+01;1.9545127e-01;8.7500000e+01;2.1774825e-01;8.7500000e+01;2.3789437e-01;8.7500000e+01;2.4612373e-01;8.7500000e+01;2.2608860e-01;8.7500000e+01;1.8580940e-01;8.7500000e+01;1.3420953e-01;8.7500000e+01;8.2969695e-02;8.7500000e+01;3.6132529e-02;8.7500000e+01;-5.3787972e-03;8.7500000e+01;4.7445567e-03;8.7500000e+01;2.0307094e-02;8.7500000e+01;4.0535614e-02;8.7500000e+01;6.4928062e-02;8.7500000e+01;9.3419328e-02;8.7500000e+01;1.2347470e-01;8.7500000e+01;1.5312636e-01;8.7500000e+01;1.7634541e-01;8.7500000e+01;1.9545127e-01;8.7500000e+01;2.1774825e-01;8.7500000e+01;2.3789437e-01;8.7500000e+01;2.4612373e-01;8.7500000e+01;2.2608860e-01;8.7500000e+01;1.8580940e-01;8.7500000e+01;1.3420953e-01;8.7500000e+01;8.2969695e-02;8.7500000e+01;3.6132529e-02;8.7500000e+01;-5.3787972e-03;8.7500000e+01;4.7445567e-03;8.7500000e+01;2.0307094e-02;8.7500000e+01;4.0535614e-02;8.7500000e+01;6.4928062e-02;8.7500000e+01;9.3419328e-02;8.7500000e+01;1.2347470e-01;8.7500000e+01;1.5312636e-01;8.7500000e+01;1.7634541e-01;8.7500000e+01;1.9545127e-01;8.7500000e+01;2.1774825e-01;8.7500000e+01;2.3789437e-01;8.7500000e+01;2.4612373e-01;8.7500000e+01;2.2608860e-01;8.7500000e+01;1.8580940e-01;8.7500000e+01;1.3420953e-01;8.7500000e+01;8.2969695e-02;8.7500000e+01;3.6132529e-02;8.7500000e+01;-5.3787972e-03;8.7500000e+01;4.7445567e-03;8.7500000e+01;2.0307094e-02;8.7500000e+01;4.0535614e-02;8.7500000e+01;6.4928062e-02;8.7500000e+01;9.3419328e-02;8.7500000e+01;1.2347470e-01;8.7500000e+01;1.5312636e-01;8.7500000e+01;1.7634541e-01;8.7500000e+01;1.9545127e-01;8.7500000e+01;2.1774825e-01;8.7500000e+01;2.3789437e-01;8.7500000e+01;2.4612373e-01;8.7500000e+01;2.2608860e-01;8.7500000e+01;1.8580940e-01;8.7500000e+01;1.3420953e-01;8.7500000e+01;8.2969695e-02;8.7500000e+01;3.6132529e-02;8.7500000e+01;-5.3787972e-03;8.7500000e+01;4.7445567e-03;8.7500000e+01;2.0307094e-02;8.7500000e+01;4.0535614e-02;8.7500000e+01;6.4928062e-02;8.7500000e+01;9.3419328e-02;8.7500000e+01;1.2347470e-01;8.7500000e+01;1.5312636e-01;8.7500000e+01;1.7634541e-01;8.7500000e+01;1.9545127e-01;8.7500000e+01;2.1774825e-01;8.7500000e+01;2.3789437e-01;8.7500000e+01;2.4612373e-01;8.7500000e+01;2.2608860e-01;8.7500000e+01;1.8580940e-01;8.7500000e+01;1.3420953e-01;8.7500000e+01;8.2969695e-02;8.7500000e+01;3.6132529e-02;8.7500000e+01;-5.3787972e-03;8.7500000e+01;4.7445567e-03;8.7500000e+01;2.0307094e-02;8.7500000e+01;4.0535614e-02;8.7500000e+01;6.4928062e-02;8.7500000e+01;9.3419328e-02;8.7500000e+01;1.2347470e-01;8.7500000e+01;1.5312636e-01;8.7500000e+01;1.7634541e-01;8.7500000e+01;1.9545127e-01;8.7500000e+01;2.1774825e-01;8.7500000e+01;2.3789437e-01;8.7500000e+01;2.4612373e-01;8.7500000e+01;2.2608860e-01;8.7500000e+01;1.8580940e-01;8.7500000e+01;1.3420953e-01;8.7500000e+01;8.2969695e-02;8.7500000e+01;3.6132529e-02;8.7500000e+01;-5.3787972e-03;8.7500000e+01;4.7445567e-03;8.7500000e+01;2.0307094e-02;8.7500000e+01;4.0535614e-02;8.7500000e+01;6.4928062e-02;8.7500000e+01;9.3419328e-02;8.7500000e+01;1.2347470e-01;8.7500000e+01;1.5312636e-01;8.7500000e+01;1.7634541e-01;8.7500000e+01;1.9545127e-01;8.7500000e+01;2.1774825e-01;8.7500000e+01;2.3789437e-01;8.7500000e+01;2.4612373e-01;8.7500000e+01;2.2608860e-01;8.7500000e+01;1.8580940e-01;8.7500000e+01;1.3420953e-01;8.7500000e+01;8.2969695e-02;8.7500000e+01;3.6132529e-02;8.7500000e+01;-5.3787972e-03;8.7500000e+01;4.7445567e-03;8.7500000e+01;2.0307094e-02;8.7500000e+01;4.0535614e-02;8.7500000e+01;6.4928062e-02;8.7500000e+01;9.3419328e-02;8.7500000e+01;1.2347470e-01;8.7500000e+01;1.5312636e-01;8.7500000e+01;1.7634541e-01;8.7500000e+01;1.9545127e-01;8.7500000e+01;2.1774825e-01;8.7500000e+01;2.3789437e-01;8.7500000e+01;2.4612373e-01;8.7500000e+01;2.2608860e-01;8.7500000e+01;1.8580940e-01;8.7500000e+01;1.3420953e-01;8.7500000e+01;8.2969695e-02;8.7500000e+01;3.6132529e-02;8.7500000e+01;-5.3787972e-03;8.7500000e+01;4.7445567e-03;8.7500000e+01;2.0307094e-02;8.7500000e+01;4.0535614e-02;8.7500000e+01;6.4928062e-02;8.7500000e+01;9.3419328e-02;8.7500000e+01;1.2347470e-01;8.7500000e+01;1.5312636e-01;8.7500000e+01;1.7634541e-01;8.7500000e+01;1.9545127e-01;8.7500000e+01;2.1774825e-01;8.7500000e+01;2.3789437e-01;8.7500000e+01;2.4612373e-01;8.7500000e+01;2.2608860e-01;8.7500000e+01;1.8580940e-01;8.7500000e+01;1.3420953e-01;8.7500000e+01;8.2969695e-02;8.7500000e+01;3.6132529e-02;8.7500000e+01;-5.3787972e-03;8.7500000e+01;4.7445567e-03;8.7500000e+01;2.0307094e-02;8.7500000e+01;4.0535614e-02;8.7500000e+01;6.4928062e-02;8.7500000e+01;9.3419328e-02;8.7500000e+01;1.2347470e-01;8.7500000e+01;1.5312636e-01;8.7500000e+01;1.7634541e-01;8.7500000e+01;1.9545127e-01;8.7500000e+01;2.1774825e-01;8.7500000e+01;2.3789437e-01;8.7500000e+01;2.4612373e-01;8.7500000e+01;2.2608860e-01;8.7500000e+01;1.8580940e-01;8.7500000e+01;1.3420953e-01;8.7500000e+01;8.2969695e-02;8.7500000e+01;3.6132529e-02;8.7500000e+01;-5.3787972e-03;8.7500000e+01;4.7445567e-03;8.7500000e+01;2.0307094e-02;8.7500000e+01;4.0535614e-02;8.7500000e+01;6.4928062e-02;8.7500000e+01;9.3419328e-02;8.7500000e+01;1.2347470e-01;8.7500000e+01;1.5312636e-01;8.7500000e+01;1.7634541e-01;8.7500000e+01;1.9545127e-01;8.7500000e+01;2.1774825e-01;8.7500000e+01;2.3789437e-01;8.7500000e+01;2.4612373e-01;8.7500000e+01;2.2608860e-01;8.7500000e+01;1.8580940e-01;8.7500000e+01;1.3420953e-01;8.7500000e+01;8.2969695e-02;8.7500000e+01;3.6132529e-02;8.7500000e+01;-5.3787972e-03;8.7500000e+01;4.7445567e-03;8.7500000e+01;2.0307094e-02;8.7500000e+01;4.0535614e-02;8.7500000e+01;6.4928062e-02;8.7500000e+01;9.3419328e-02;8.7500000e+01;1.2347470e-01;8.7500000e+01;1.5312636e-01;8.7500000e+01;1.7634541e-01;8.7500000e+01;1.9545127e-01;8.7500000e+01;2.1774825e-01;8.7500000e+01;2.3789437e-01;8.7500000e+01;2.4612373e-01;8.7500000e+01;2.2608860e-01;8.7500000e+01;1.8580940e-01;8.7500000e+01;1.3420953e-01;8.7500000e+01;8.2969695e-02;8.7500000e+01;3.6132529e-02;8.7500000e+01;-5.3787972e-03;8.7500000e+01;4.7445567e-03;8.7500000e+01;2.0307094e-02;8.7500000e+01;4.0535614e-02;8.7500000e+01;6.4928062e-02;8.7500000e+01;9.3419328e-02;8.7500000e+01;1.2347470e-01;8.7500000e+01;1.5312636e-01;8.7500000e+01;1.7634541e-01;8.7500000e+01;1.9545127e-01;8.7500000e+01;2.1774825e-01;8.7500000e+01;2.3789437e-01;8.7500000e+01;2.4612373e-01;8.7500000e+01;2.2608860e-01;8.7500000e+01;1.8580940e-01;8.7500000e+01;1.3420953e-01;8.7500000e+01;8.2969695e-02;8.7500000e+01;3.6132529e-02;8.7500000e+01;-5.3787972e-03;8.7500000e+01;4.7445567e-03;8.7500000e+01;2.0307094e-02;8.7500000e+01;4.0535614e-02;8.7500000e+01;6.4928062e-02;8.7500000e+01;9.3419328e-02;8.7500000e+01;1.2347470e-01;8.7500000e+01;1.5312636e-01;8.7500000e+01;1.7634541e-01;8.7500000e+01;1.9545127e-01;8.7500000e+01;2.1774825e-01;8.7500000e+01;2.3789437e-01;8.7500000e+01;2.4612373e-01;8.7500000e+01;2.2608860e-01;8.7500000e+01;1.8580940e-01;8.7500000e+01;1.3420953e-01;8.7500000e+01;8.2969695e-02;8.7500000e+01;3.6132529e-02;8.7500000e+01;-5.3787972e-03;8.7500000e+01;4.7445567e-03;8.7500000e+01;2.0307094e-02;8.7500000e+01;4.0535614e-02;8.7500000e+01;6.4928062e-02;8.7500000e+01;9.3419328e-02;8.7500000e+01;1.2347470e-01;8.7500000e+01;1.5312636e-01;8.7500000e+01;1.7634541e-01;8.7500000e+01;1.9545127e-01;8.7500000e+01;2.1774825e-01;8.7500000e+01;2.3789437e-01;8.7500000e+01;2.4612373e-01;8.7500000e+01;2.2608860e-01;8.7500000e+01;1.8580940e-01;8.7500000e+01;1.3420953e-01;8.7500000e+01;8.2969695e-02;8.7500000e+01;3.6132529e-02;8.7500000e+01;-5.3787972e-03;8.7500000e+01;4.7445567e-03;8.7500000e+01;2.0307094e-02;8.7500000e+01;4.0535614e-02;8.7500000e+01;6.4928062e-02;8.7500000e+01;9.3419328e-02;8.7500000e+01;1.2347470e-01;8.7500000e+01;1.5312636e-01;8.7500000e+01;1.7634541e-01;8.7500000e+01;1.9545127e-01;8.7500000e+01;2.1774825e-01;8.7500000e+01;2.3789437e-01;8.7500000e+01;2.4612373e-01;8.7500000e+01;2.2608860e-01;8.7500000e+01;1.8580940e-01;8.7500000e+01;1.3420953e-01;8.7500000e+01;8.2969695e-02;8.7500000e+01;3.6132529e-02;8.7500000e+01;-5.3787972e-03;8.7500000e+01;4.7445567e-03;8.7500000e+01;2.0307094e-02;8.7500000e+01;4.0535614e-02;8.7500000e+01;6.4928062e-02;8.7500000e+01;9.3419328e-02;8.7500000e+01;1.2347470e-01;8.7500000e+01;1.5312636e-01;8.7500000e+01;1.7634541e-01;8.7500000e+01;1.9545127e-01;8.7500000e+01;2.1774825e-01;8.7500000e+01;2.3789437e-01;8.7500000e+01;2.4612373e-01;8.7500000e+01;2.2608860e-01;8.7500000e+01;1.8580940e-01;8.7500000e+01;1.3420953e-01;8.7500000e+01;8.2969695e-02;8.7500000e+01;3.6132529e-02;8.7500000e+01;-5.3787972e-03;8.7500000e+01;4.7445567e-03;8.7500000e+01;2.0307094e-02;8.7500000e+01;4.0535614e-02;8.7500000e+01;6.4928062e-02;8.7500000e+01;9.3419328e-02;8.7500000e+01;1.2347470e-01;8.7500000e+01;1.5312636e-01;8.7500000e+01;1.7634541e-01;8.7500000e+01;1.9545127e-01;8.7500000e+01;2.1774825e-01;8.7500000e+01;2.3789437e-01;8.7500000e+01;2.4612373e-01;8.7500000e+01;2.2608860e-01;8.7500000e+01;1.8580940e-01;8.7500000e+01;1.3420953e-01;8.7500000e+01;8.2969695e-02;8.7500000e+01;3.6132529e-02;8.7500000e+01;-5.3787972e-03;8.7500000e+01;4.7445567e-03;8.7500000e+01;2.0307094e-02;8.7500000e+01;4.0535614e-02;8.7500000e+01;6.4928062e-02;8.7500000e+01;9.3419328e-02;8.7500000e+01;1.2347470e-01;8.7500000e+01;1.5312636e-01;8.7500000e+01;1.7634541e-01;8.7500000e+01;1.9545127e-01;8.7500000e+01;2.1774825e-01;8.7500000e+01;2.3789437e-01;8.7500000e+01;2.4612373e-01;8.7500000e+01;2.2608860e-01;8.7500000e+01;1.8580940e-01;8.7500000e+01;1.3420953e-01;8.7500000e+01;8.2969695e-02;8.7500000e+01;3.6132529e-02;8.7500000e+01;-5.3787972e-03;8.7500000e+01;4.7445567e-03;8.7500000e+01;2.0307094e-02;8.7500000e+01;4.0535614e-02;8.7500000e+01;6.4928062e-02;8.7500000e+01;9.3419328e-02;8.7500000e+01;1.2347470e-01;8.7500000e+01;1.5312636e-01;8.7500000e+01;1.7634541e-01;8.7500000e+01;1.9545127e-01;8.7500000e+01;2.1774825e-01;8.7500000e+01;2.3789437e-01;8.7500000e+01;2.4612373e-01;8.7500000e+01;2.2608860e-01;8.7500000e+01;1.8580940e-01;8.7500000e+01;1.3420953e-01;8.7500000e+01;8.2969695e-02;8.7500000e+01;3.6132529e-02;8.7500000e+01;-5.3787972e-03;8.7500000e+01;4.7445567e-03;8.7500000e+01;2.0307094e-02;8.7500000e+01;4.0535614e-02;8.7500000e+01;6.4928062e-02;8.7500000e+01;9.3419328e-02;8.7500000e+01;1.2347470e-01;8.7500000e+01;1.5312636e-01;8.7500000e+01;1.7634541e-01;8.7500000e+01;1.9545127e-01;8.7500000e+01;2.1774825e-01;8.7500000e+01;2.3789437e-01;8.7500000e+01;2.4612373e-01;8.7500000e+01;2.2608860e-01;8.7500000e+01;1.8580940e-01;8.7500000e+01;1.3420953e-01;8.7500000e+01;8.2969695e-02;8.7500000e+01;3.6132529e-02;8.7500000e+01;-5.3787972e-03;8.7500000e+01;4.7445567e-03;8.7500000e+01;2.0307094e-02;8.7500000e+01;4.0535614e-02;8.7500000e+01;6.4928062e-02;8.7500000e+01;9.3419328e-02;8.7500000e+01;1.2347470e-01;8.7500000e+01;1.5312636e-01;8.7500000e+01;1.7634541e-01;8.7500000e+01;1.9545127e-01;8.7500000e+01;2.1774825e-01;8.7500000e+01;2.3789437e-01;8.7500000e+01;2.4612373e-01;8.7500000e+01;2.2608860e-01;8.7500000e+01;1.8580940e-01;8.7500000e+01;1.3420953e-01;8.7500000e+01;8.2969695e-02;8.7500000e+01;3.6132529e-02;8.7500000e+01;-5.3787972e-03;8.7500000e+01;4.7445567e-03;8.7500000e+01;2.0307094e-02;8.7500000e+01;4.0535614e-02;8.7500000e+01;6.4928062e-02;8.7500000e+01;9.3419328e-02;8.7500000e+01;1.2347470e-01;8.7500000e+01;1.5312636e-01;8.7500000e+01;1.7634541e-01;8.7500000e+01;1.9545127e-01;8.7500000e+01;2.1774825e-01;8.7500000e+01;2.3789437e-01;8.7500000e+01;2.4612373e-01;8.7500000e+01;2.2608860e-01;8.7500000e+01;1.8580940e-01;8.7500000e+01;1.3420953e-01;8.7500000e+01;8.2969695e-02;8.7500000e+01;3.6132529e-02;8.7500000e+01;-5.3787972e-03;8.7500000e+01;4.7445567e-03;8.7500000e+01;2.0307094e-02;8.7500000e+01;4.0535614e-02;8.7500000e+01;6.4928062e-02;8.7500000e+01;9.3419328e-02;8.7500000e+01;1.2347470e-01;8.7500000e+01;1.5312636e-01;8.7500000e+01;1.7634541e-01;8.7500000e+01;1.9545127e-01;8.7500000e+01;2.1774825e-01;8.7500000e+01;2.3789437e-01;8.7500000e+01;2.4612373e-01;8.7500000e+01;2.2608860e-01;8.7500000e+01;1.8580940e-01;8.7500000e+01;1.3420953e-01;8.7500000e+01;8.2969695e-02;8.7500000e+01;3.6132529e-02;8.7500000e+01;-5.3787972e-03;8.7500000e+01;4.7445567e-03;8.7500000e+01;2.0307094e-02;8.7500000e+01;4.0535614e-02;8.7500000e+01;6.4928062e-02;8.7500000e+01;9.3419328e-02;8.7500000e+01;1.2347470e-01;8.7500000e+01;1.5312636e-01;8.7500000e+01;1.7634541e-01;8.7500000e+01;1.9545127e-01;8.7500000e+01;2.1774825e-01;8.7500000e+01;2.3789437e-01;8.7500000e+01;2.4612373e-01;8.7500000e+01;2.2608860e-01;8.7500000e+01;1.8580940e-01;8.7500000e+01;1.3420953e-01;8.7500000e+01;8.2969695e-02;8.7500000e+01;3.6132529e-02;8.7500000e+01;-5.3787972e-03;8.7500000e+01;4.7445567e-03;8.7500000e+01;2.0307094e-02;8.7500000e+01;4.0535614e-02;8.7500000e+01;6.4928062e-02;8.7500000e+01;9.3419328e-02;8.7500000e+01;1.2347470e-01;8.7500000e+01;1.5312636e-01;8.7500000e+01;1.7634541e-01;8.7500000e+01;1.9545127e-01;8.7500000e+01;2.1774825e-01;8.7500000e+01;2.3789437e-01;8.7500000e+01;2.4612373e-01;8.7500000e+01;2.2608860e-01;8.7500000e+01;1.8580940e-01;8.7500000e+01;1.3420953e-01;8.7500000e+01;8.2969695e-02;8.7500000e+01;3.6132529e-02;8.7500000e+01;-5.3787972e-03;8.7500000e+01;4.7445567e-03;8.7500000e+01;2.0307094e-02;8.7500000e+01;4.0535614e-02;8.7500000e+01;6.4928062e-02;8.7500000e+01;9.3419328e-02;8.7500000e+01;1.2347470e-01;8.7500000e+01;1.5312636e-01;8.7500000e+01;1.7634541e-01;8.7500000e+01;1.9545127e-01;8.7500000e+01;2.1774825e-01;8.7500000e+01;2.3789437e-01;8.7500000e+01;2.4612373e-01;8.7500000e+01;2.2608860e-01;8.7500000e+01;1.8580940e-01;8.7500000e+01;1.3420953e-01;8.7500000e+01;8.2969695e-02;8.7500000e+01;3.6132529e-02;8.7500000e+01;-5.3787972e-03;8.7500000e+01;4.7445567e-03;8.7500000e+01;2.0307094e-02;8.7500000e+01;4.0535614e-02;8.7500000e+01;6.4928062e-02;8.7500000e+01;9.3419328e-02;8.7500000e+01;1.2347470e-01;8.7500000e+01;1.5312636e-01;8.7500000e+01;1.7634541e-01;8.7500000e+01;1.9545127e-01;8.7500000e+01;2.1774825e-01;8.7500000e+01;2.3789437e-01;8.7500000e+01;2.4612373e-01;8.7500000e+01;2.2608860e-01;8.7500000e+01;1.8580940e-01;8.7500000e+01;1.3420953e-01;8.7500000e+01;8.2969695e-02;8.7500000e+01;3.6132529e-02;8.7500000e+01;-5.3787972e-03;8.7500000e+01;4.7445567e-03;8.7500000e+01;2.0307094e-02;8.7500000e+01;4.0535614e-02;8.7500000e+01;6.4928062e-02;8.7500000e+01;9.3419328e-02;8.7500000e+01;1.2347470e-01;8.7500000e+01;1.5312636e-01;8.7500000e+01;1.7634541e-01;8.7500000e+01;1.9545127e-01;8.7500000e+01;2.1774825e-01;8.7500000e+01;2.3789437e-01;8.7500000e+01;2.4612373e-01;8.7500000e+01;2.2608860e-01;8.7500000e+01;1.8580940e-01;8.7500000e+01;1.3420953e-01;8.7500000e+01;8.2969695e-02;8.7500000e+01;3.6132529e-02;8.7500000e+01;-5.3787972e-03;8.7500000e+01;4.7445567e-03;8.7500000e+01;2.0307094e-02;8.7500000e+01;4.0535614e-02;8.7500000e+01;6.4928062e-02;8.7500000e+01;9.3419328e-02;8.7500000e+01;1.2347470e-01;8.7500000e+01;1.5312636e-01;8.7500000e+01;1.7634541e-01;8.7500000e+01;1.9545127e-01;8.7500000e+01;2.1774825e-01;8.7500000e+01;2.3789437e-01;8.7500000e+01;2.4612373e-01;8.7500000e+01;2.2608860e-01;8.7500000e+01;1.8580940e-01;8.7500000e+01;1.3420953e-01;8.7500000e+01;8.2969695e-02;8.7500000e+01;3.6132529e-02;8.7500000e+01;-5.3787972e-03;8.7500000e+01;4.7445567e-03;8.7500000e+01;2.0307094e-02;8.7500000e+01;4.0535614e-02;8.7500000e+01;6.4928062e-02;8.7500000e+01;9.3419328e-02;8.7500000e+01;1.2347470e-01;8.7500000e+01;1.5312636e-01;8.7500000e+01;1.7634541e-01;8.7500000e+01;1.9545127e-01;8.7500000e+01;2.1774825e-01;8.7500000e+01;2.3789437e-01;8.7500000e+01;2.4612373e-01;8.7500000e+01;2.2608860e-01;8.7500000e+01;1.8580940e-01;8.7500000e+01;1.3420953e-01;8.7500000e+01;8.2969695e-02;8.7500000e+01;3.6132529e-02;8.7500000e+01;-5.3787972e-03;8.7500000e+01;4.7445567e-03;8.7500000e+01;2.0307094e-02;8.7500000e+01;4.0535614e-02;8.7500000e+01;6.4928062e-02;8.7500000e+01;9.3419328e-02;8.7500000e+01;1.2347470e-01;8.7500000e+01;1.5312636e-01;8.7500000e+01;1.7634541e-01;8.7500000e+01;1.9545127e-01;8.7500000e+01;2.1774825e-01;8.7500000e+01;2.3789437e-01;8.7500000e+01;2.4612373e-01;8.7500000e+01;2.2608860e-01;8.7500000e+01;1.8580940e-01;8.7500000e+01;1.3420953e-01;8.7500000e+01;8.2969695e-02;8.7500000e+01;3.6132529e-02;8.7500000e+01;-5.3787972e-03;8.7500000e+01;4.7445567e-03;8.7500000e+01;2.0307094e-02;8.7500000e+01;4.0535614e-02;8.7500000e+01;6.4928062e-02;8.7500000e+01;9.3419328e-02;8.7500000e+01;1.2347470e-01;8.7500000e+01;1.5312636e-01;8.7500000e+01;1.7634541e-01;8.7500000e+01;1.9545127e-01;8.7500000e+01;2.1774825e-01;8.7500000e+01;2.3789437e-01;8.7500000e+01;2.4612373e-01;8.7500000e+01;2.2608860e-01;8.7500000e+01;1.8580940e-01;8.7500000e+01;1.3420953e-01;8.7500000e+01;8.2969695e-02;8.7500000e+01;3.6132529e-02;8.7500000e+01;-5.3787972e-03;8.7500000e+01;4.7445567e-03;8.7500000e+01;2.0307094e-02;8.7500000e+01;4.0535614e-02;8.7500000e+01;6.4928062e-02;8.7500000e+01;9.3419328e-02;8.7500000e+01;1.2347470e-01;8.7500000e+01;1.5312636e-01;8.7500000e+01;1.7634541e-01;8.7500000e+01;1.9545127e-01;8.7500000e+01;2.1774825e-01;8.7500000e+01;2.3789437e-01;8.7500000e+01;2.4612373e-01;8.7500000e+01;2.2608860e-01;8.7500000e+01;1.8580940e-01;8.7500000e+01;1.3420953e-01;8.7500000e+01;8.2969695e-02;8.7500000e+01;3.6132529e-02;8.7500000e+01;-5.3787972e-03;8.7500000e+01;4.7445567e-03;8.7500000e+01;2.0307094e-02;8.7500000e+01;4.0535614e-02;8.7500000e+01;6.4928062e-02;8.7500000e+01;9.3419328e-02;8.7500000e+01;1.2347470e-01;8.7500000e+01;1.5312636e-01;8.7500000e+01;1.7634541e-01;8.7500000e+01;1.9545127e-01;8.7500000e+01;2.1774825e-01;8.7500000e+01;2.3789437e-01;8.7500000e+01;2.4612373e-01;8.7500000e+01;2.2608860e-01;8.7500000e+01;1.8580940e-01;8.7500000e+01;1.3420953e-01;8.7500000e+01;8.2969695e-02;8.7500000e+01;3.6132529e-02;8.7500000e+01;-5.3787972e-03;8.7500000e+01;4.7445567e-03;8.7500000e+01;2.0307094e-02;8.7500000e+01;4.0535614e-02;8.7500000e+01;6.4928062e-02;8.7500000e+01;9.3419328e-02;8.7500000e+01;1.2347470e-01;8.7500000e+01;1.5312636e-01;8.7500000e+01;1.7634541e-01;8.7500000e+01;1.9545127e-01;8.7500000e+01;2.1774825e-01;8.7500000e+01;2.3789437e-01;8.7500000e+01;2.4612373e-01;8.7500000e+01;2.2608860e-01;8.7500000e+01;1.8580940e-01;8.7500000e+01;1.3420953e-01;8.7500000e+01;8.2969695e-02;8.7500000e+01;3.6132529e-02;8.7500000e+01;-5.3787972e-03;8.7500000e+01;4.7445567e-03;8.7500000e+01;2.0307094e-02;8.7500000e+01;4.0535614e-02;8.7500000e+01;6.4928062e-02;8.7500000e+01;9.3419328e-02;8.7500000e+01;1.2347470e-01;8.7500000e+01;1.5312636e-01;8.7500000e+01;1.7634541e-01;8.7500000e+01;1.9545127e-01;8.7500000e+01;2.1774825e-01;8.7500000e+01;2.3789437e-01;8.7500000e+01;2.4612373e-01;8.7500000e+01;2.2608860e-01;8.7500000e+01;1.8580940e-01;8.7500000e+01;1.3420953e-01;8.7500000e+01;8.2969695e-02;8.7500000e+01;3.6132529e-02;8.7500000e+01;-5.3787972e-03;8.7500000e+01;4.7445567e-03;8.7500000e+01;2.0307094e-02;8.7500000e+01;4.0535614e-02;8.7500000e+01;6.4928062e-02;8.7500000e+01;9.3419328e-02;8.7500000e+01;1.2347470e-01;8.7500000e+01;1.5312636e-01;8.7500000e+01;1.7634541e-01;8.7500000e+01;1.9545127e-01;8.7500000e+01;2.1774825e-01;8.7500000e+01;2.3789437e-01;8.7500000e+01;2.4612373e-01;8.7500000e+01;2.2608860e-01;8.7500000e+01;1.8580940e-01;8.7500000e+01;1.3420953e-01;8.7500000e+01;8.2969695e-02;8.7500000e+01;3.6132529e-02;8.7500000e+01;-5.3787972e-03;8.7500000e+01;4.7445567e-03;8.7500000e+01;2.0307094e-02;8.7500000e+01;4.0535614e-02;8.7500000e+01;6.4928062e-02;8.7500000e+01;9.3419328e-02;8.7500000e+01;1.2347470e-01;8.7500000e+01;1.5312636e-01;8.7500000e+01;1.7634541e-01;8.7500000e+01;1.9545127e-01;8.7500000e+01;2.1774825e-01;8.7500000e+01;2.3789437e-01;8.7500000e+01;2.4612373e-01;8.7500000e+01;2.2608860e-01;8.7500000e+01;1.8580940e-01;8.7500000e+01;1.3420953e-01;8.7500000e+01;8.2969695e-02;8.7500000e+01;3.6132529e-02;8.7500000e+01;-5.3787972e-03;8.7500000e+01;4.7445567e-03;8.7500000e+01;2.0307094e-02;8.7500000e+01;4.0535614e-02;8.7500000e+01;6.4928062e-02;8.7500000e+01;9.3419328e-02;8.7500000e+01;1.2347470e-01;8.7500000e+01;1.5312636e-01;8.7500000e+01;1.7634541e-01;8.7500000e+01;1.9545127e-01;8.7500000e+01;2.1774825e-01;8.7500000e+01;2.3789437e-01;8.7500000e+01;2.4612373e-01;8.7500000e+01;2.2608860e-01;8.7500000e+01;1.8580940e-01;8.7500000e+01;1.3420953e-01;8.7500000e+01;8.2969695e-02;8.7500000e+01;3.6132529e-02;8.7500000e+01;-5.3787972e-03;8.7500000e+01;4.7445567e-03;8.7500000e+01;2.0307094e-02;8.7500000e+01;4.0535614e-02;8.7500000e+01;6.4928062e-02;8.7500000e+01;9.3419328e-02;8.7500000e+01;1.2347470e-01;8.7500000e+01;1.5312636e-01;8.7500000e+01;1.7634541e-01;8.7500000e+01;1.9545127e-01;8.7500000e+01;2.1774825e-01;8.7500000e+01;2.3789437e-01;8.7500000e+01;2.4612373e-01;8.7500000e+01;2.2608860e-01;8.7500000e+01;1.8580940e-01;8.7500000e+01;1.3420953e-01;8.7500000e+01;8.2969695e-02;8.7500000e+01;3.6132529e-02;8.7500000e+01;-5.3787972e-03;8.7500000e+01;4.7445567e-03;8.7500000e+01;2.0307094e-02;8.7500000e+01;4.0535614e-02;8.7500000e+01;6.4928062e-02;8.7500000e+01;9.3419328e-02;8.7500000e+01;1.2347470e-01;8.7500000e+01;1.5312636e-01;8.7500000e+01;1.7634541e-01;8.7500000e+01;1.9545127e-01;8.7500000e+01;2.1774825e-01;8.7500000e+01;2.3789437e-01;8.7500000e+01;2.4612373e-01;8.7500000e+01;2.2608860e-01;8.7500000e+01;1.8580940e-01;8.7500000e+01;1.3420953e-01;8.7500000e+01;8.2969695e-02;8.7500000e+01;3.6132529e-02;8.7500000e+01;-5.3787972e-03;8.7500000e+01;4.7445567e-03;8.7500000e+01;2.0307094e-02;8.7500000e+01;4.0535614e-02;8.7500000e+01;6.4928062e-02;8.7500000e+01;9.3419328e-02;8.7500000e+01;1.2347470e-01;8.7500000e+01;1.5312636e-01;8.7500000e+01;1.7634541e-01;8.7500000e+01;1.9545127e-01;8.7500000e+01;2.1774825e-01;8.7500000e+01;2.3789437e-01;8.7500000e+01;2.4612373e-01;8.7500000e+01;2.2608860e-01;8.7500000e+01;1.8580940e-01;8.7500000e+01;1.3420953e-01;8.7500000e+01;8.2969695e-02;8.7500000e+01;3.6132529e-02;8.7500000e+01;-5.3787972e-03;8.7500000e+01;4.7445567e-03;8.7500000e+01;2.0307094e-02;8.7500000e+01;4.0535614e-02;8.7500000e+01;6.4928062e-02;8.7500000e+01;9.3419328e-02;8.7500000e+01;1.2347470e-01;8.7500000e+01;1.5312636e-01;8.7500000e+01;1.7634541e-01;8.7500000e+01;1.9545127e-01;8.7500000e+01;2.1774825e-01;8.7500000e+01;2.3789437e-01;8.7500000e+01;2.4612373e-01;8.7500000e+01;2.2608860e-01;8.7500000e+01;1.8580940e-01;8.7500000e+01;1.3420953e-01;8.7500000e+01;8.2969695e-02;8.7500000e+01;3.6132529e-02;8.7500000e+01;-5.3787972e-03;8.7500000e+01;4.7445567e-03;8.7500000e+01;2.0307094e-02;8.7500000e+01;4.0535614e-02;8.7500000e+01;6.4928062e-02;8.7500000e+01;9.3419328e-02;8.7500000e+01;1.2347470e-01;8.7500000e+01;1.5312636e-01;8.7500000e+01;1.7634541e-01;8.7500000e+01;1.9545127e-01;8.7500000e+01;2.1774825e-01;8.7500000e+01;2.3789437e-01;8.7500000e+01;2.4612373e-01;8.7500000e+01;2.2608860e-01;8.7500000e+01;1.8580940e-01;8.7500000e+01;1.3420953e-01;8.7500000e+01;8.2969695e-02;8.7500000e+01;3.6132529e-02;8.7500000e+01;-5.3787972e-03;8.7500000e+01;4.7445567e-03;8.7500000e+01;2.0307094e-02;8.7500000e+01;4.0535614e-02;8.7500000e+01;6.4928062e-02;8.7500000e+01;9.3419328e-02;8.7500000e+01;1.2347470e-01;8.7500000e+01;1.5312636e-01;8.7500000e+01;1.7634541e-01;8.7500000e+01;1.9545127e-01;8.7500000e+01;2.1774825e-01;8.7500000e+01;2.3789437e-01;8.7500000e+01;2.4612373e-01;8.7500000e+01;2.2608860e-01;8.7500000e+01;1.8580940e-01;8.7500000e+01;1.3420953e-01;8.7500000e+01;8.2969695e-02;8.7500000e+01;3.6132529e-02;8.7500000e+01;-5.3787972e-03;8.7500000e+01;4.7445567e-03;8.7500000e+01;2.0307094e-02;8.7500000e+01;4.0535614e-02;8.7500000e+01;6.4928062e-02;8.7500000e+01;9.3419328e-02;8.7500000e+01;1.2347470e-01;8.7500000e+01;1.5312636e-01;8.7500000e+01;1.7634541e-01;8.7500000e+01;1.9545127e-01;8.7500000e+01;2.1774825e-01;8.7500000e+01;2.3789437e-01;8.7500000e+01;2.4612373e-01;8.7500000e+01;2.2608860e-01;8.7500000e+01;1.8580940e-01;8.7500000e+01;1.3420953e-01;8.7500000e+01;8.2969695e-02;8.7500000e+01;3.6132529e-02;8.7500000e+01;-5.3787972e-03;8.7500000e+01;4.7445567e-03;8.7500000e+01;2.0307094e-02;8.7500000e+01;4.0535614e-02;8.7500000e+01;6.4928062e-02;8.7500000e+01;9.3419328e-02;8.7500000e+01;1.2347470e-01;8.7500000e+01;1.5312636e-01;8.7500000e+01;1.7634541e-01;8.7500000e+01;1.9545127e-01;8.7500000e+01;2.1774825e-01;8.7500000e+01;2.3789437e-01;8.7500000e+01;2.4612373e-01;8.7500000e+01;2.2608860e-01;8.7500000e+01;1.8580940e-01;8.7500000e+01;1.3420953e-01;8.7500000e+01;8.2969695e-02;8.7500000e+01;3.6132529e-02;8.7500000e+01;-5.3787972e-03;8.7500000e+01;4.7445567e-03;8.7500000e+01;2.0307094e-02;8.7500000e+01;4.0535614e-02;8.7500000e+01;6.4928062e-02;8.7500000e+01;9.3419328e-02;8.7500000e+01;1.2347470e-01;8.7500000e+01;1.5312636e-01;8.7500000e+01;1.7634541e-01;8.7500000e+01;1.9545127e-01;8.7500000e+01;2.1774825e-01;8.7500000e+01;2.3789437e-01;8.7500000e+01;2.4612373e-01;8.7500000e+01;2.2608860e-01;8.7500000e+01;1.8580940e-01;8.7500000e+01;1.3420953e-01;8.7500000e+01;8.2969695e-02;8.7500000e+01;3.6132529e-02;8.7500000e+01;-5.3787972e-03;8.7500000e+01;4.7445567e-03;8.7500000e+01;2.0307094e-02;8.7500000e+01;4.0535614e-02;8.7500000e+01;6.4928062e-02;8.7500000e+01;9.3419328e-02;8.7500000e+01;1.2347470e-01;8.7500000e+01;1.5312636e-01;8.7500000e+01;1.7634541e-01;8.7500000e+01;1.9545127e-01;8.7500000e+01;2.1774825e-01;8.7500000e+01;2.3789437e-01;8.7500000e+01;2.4612373e-01;8.7500000e+01;2.2608860e-01;8.7500000e+01;1.8580940e-01;8.7500000e+01;1.3420953e-01;8.7500000e+01;8.2969695e-02;8.7500000e+01;3.6132529e-02;8.7500000e+01;-5.3787972e-03;8.7500000e+01;4.7445567e-03;8.7500000e+01;2.0307094e-02;8.7500000e+01;4.0535614e-02;8.7500000e+01;6.4928062e-02;8.7500000e+01;9.3419328e-02;8.7500000e+01;1.2347470e-01;8.7500000e+01;1.5312636e-01;8.7500000e+01;1.7634541e-01;8.7500000e+01;1.9545127e-01;8.7500000e+01;2.1774825e-01;8.7500000e+01;2.3789437e-01;8.7500000e+01;2.4612373e-01;8.7500000e+01;2.2608860e-01;8.7500000e+01;1.8580940e-01;8.7500000e+01;1.3420953e-01;8.7500000e+01;8.2969695e-02;8.7500000e+01;3.6132529e-02;8.7500000e+01;-5.3787972e-03;8.7500000e+01;4.7445567e-03;8.7500000e+01;2.0307094e-02;8.7500000e+01;4.0535614e-02;8.7500000e+01;6.4928062e-02;8.7500000e+01;9.3419328e-02;8.7500000e+01;1.2347470e-01;8.7500000e+01;1.5312636e-01;8.7500000e+01;1.7634541e-01;8.7500000e+01;1.9545127e-01;8.7500000e+01;2.1774825e-01;8.7500000e+01;2.3789437e-01;8.7500000e+01;2.4612373e-01;8.7500000e+01;2.2608860e-01;8.7500000e+01;1.8580940e-01;8.7500000e+01;1.3420953e-01;8.7500000e+01;8.2969695e-02;8.7500000e+01;3.6132529e-02;8.7500000e+01;-5.3787972e-03;8.7500000e+01;4.7445567e-03;8.7500000e+01;2.0307094e-02;8.7500000e+01;4.0535614e-02;8.7500000e+01;6.4928062e-02;8.7500000e+01;9.3419328e-02;8.7500000e+01;1.2347470e-01;8.7500000e+01;1.5312636e-01;8.7500000e+01;1.7634541e-01;8.7500000e+01;1.9545127e-01;8.7500000e+01;2.1774825e-01;8.7500000e+01;2.3789437e-01;8.7500000e+01;2.4612373e-01;8.7500000e+01;2.2608860e-01;8.7500000e+01;1.8580940e-01;8.7500000e+01;1.3420953e-01;8.7500000e+01;8.2969695e-02;8.7500000e+01;3.6132529e-02;8.7500000e+01;-5.3787972e-03;8.7500000e+01;4.7445567e-03;8.7500000e+01;2.0307094e-02;8.7500000e+01;4.0535614e-02;8.7500000e+01;6.4928062e-02;8.7500000e+01;9.3419328e-02;8.7500000e+01;1.2347470e-01;8.7500000e+01;1.5312636e-01;8.7500000e+01;1.7634541e-01;8.7500000e+01;1.9545127e-01;8.7500000e+01;2.1774825e-01;8.7500000e+01;2.3789437e-01;8.7500000e+01;2.4612373e-01;8.7500000e+01;2.2608860e-01;8.7500000e+01;1.8580940e-01;8.7500000e+01;1.3420953e-01;8.7500000e+01;8.2969695e-02;8.7500000e+01;3.6132529e-02;8.7500000e+01;-5.3787972e-03;8.7500000e+01;4.7445567e-03;8.7500000e+01;2.0307094e-02;8.7500000e+01;4.0535614e-02;8.7500000e+01;6.4928062e-02;8.7500000e+01;9.3419328e-02;8.7500000e+01;1.2347470e-01;8.7500000e+01;1.5312636e-01;8.7500000e+01;1.7634541e-01;8.7500000e+01;1.9545127e-01;8.7500000e+01;2.1774825e-01;8.7500000e+01;2.3789437e-01;8.7500000e+01;2.4612373e-01;8.7500000e+01;2.2608860e-01;8.7500000e+01;1.8580940e-01;8.7500000e+01;1.3420953e-01;8.7500000e+01;8.2969695e-02;8.7500000e+01;3.6132529e-02;8.7500000e+01;-5.3787972e-03;8.7500000e+01;4.7445567e-03;8.7500000e+01;2.0307094e-02;8.7500000e+01;4.0535614e-02;8.7500000e+01;6.4928062e-02;8.7500000e+01;9.3419328e-02;8.7500000e+01;1.2347470e-01;8.7500000e+01;1.5312636e-01;8.7500000e+01;1.7634541e-01;8.7500000e+01;1.9545127e-01;8.7500000e+01;2.1774825e-01;8.7500000e+01;2.3789437e-01;8.7500000e+01;2.4612373e-01;8.7500000e+01;2.2608860e-01;8.7500000e+01;1.8580940e-01;8.7500000e+01;1.3420953e-01;8.7500000e+01;8.2969695e-02;8.7500000e+01;3.6132529e-02;8.7500000e+01;-5.3787972e-03;8.7500000e+01;4.7445567e-03;8.7500000e+01;2.0307094e-02;8.7500000e+01;4.0535614e-02;8.7500000e+01;6.4928062e-02;8.7500000e+01;9.3419328e-02;8.7500000e+01;1.2347470e-01;8.7500000e+01;1.5312636e-01;8.7500000e+01;1.7634541e-01;8.7500000e+01;1.9545127e-01;8.7500000e+01;2.1774825e-01;8.7500000e+01;2.3789437e-01;8.7500000e+01;2.4612373e-01;8.7500000e+01;2.2608860e-01;8.7500000e+01;1.8580940e-01;8.7500000e+01;1.3420953e-01;8.7500000e+01;8.2969695e-02;8.7500000e+01;3.6132529e-02;8.7500000e+01;-5.3787972e-03;8.7500000e+01;4.7445567e-03;8.7500000e+01;2.0307094e-02;8.7500000e+01;4.0535614e-02;8.7500000e+01;6.4928062e-02;8.7500000e+01;9.3419328e-02;8.7500000e+01;1.2347470e-01;8.7500000e+01;1.5312636e-01;8.7500000e+01;1.7634541e-01;8.7500000e+01;1.9545127e-01;8.7500000e+01;2.1774825e-01;8.7500000e+01;2.3789437e-01;8.7500000e+01;2.4612373e-01;8.7500000e+01;2.2608860e-01;8.7500000e+01;1.8580940e-01;8.7500000e+01;1.3420953e-01;8.7500000e+01;8.2969695e-02;8.7500000e+01;3.6132529e-02;8.7500000e+01;-5.3787972e-03;8.7500000e+01;4.7445567e-03;8.7500000e+01;2.0307094e-02;8.7500000e+01;4.0535614e-02;8.7500000e+01;6.4928062e-02;8.7500000e+01;9.3419328e-02;8.7500000e+01;1.2347470e-01;8.7500000e+01;1.5312636e-01;8.7500000e+01;1.7634541e-01;8.7500000e+01;1.9545127e-01;8.7500000e+01;2.1774825e-01;8.7500000e+01;2.3789437e-01;8.7500000e+01;2.4612373e-01;8.7500000e+01;2.2608860e-01;8.7500000e+01;1.8580940e-01;8.7500000e+01;1.3420953e-01;8.7500000e+01;8.2969695e-02;8.7500000e+01;3.6132529e-02;8.7500000e+01;-5.3787972e-03;8.7500000e+01;4.7445567e-03;8.7500000e+01;2.0307094e-02;8.7500000e+01;4.0535614e-02;8.7500000e+01;6.4928062e-02;8.7500000e+01;9.3419328e-02;8.7500000e+01;1.2347470e-01;8.7500000e+01;1.5312636e-01;8.7500000e+01;1.7634541e-01;8.7500000e+01;1.9545127e-01;8.7500000e+01;2.1774825e-01;8.7500000e+01;2.3789437e-01;8.7500000e+01;2.4612373e-01;8.7500000e+01;2.2608860e-01;8.7500000e+01;1.8580940e-01;8.7500000e+01;1.3420953e-01;8.7500000e+01;8.2969695e-02;8.7500000e+01;3.6132529e-02;8.7500000e+01;-5.3787972e-03;8.7500000e+01;4.7445567e-03;8.7500000e+01;2.0307094e-02;8.7500000e+01;4.0535614e-02;8.7500000e+01;6.4928062e-02;8.7500000e+01;9.3419328e-02;8.7500000e+01;1.2347470e-01;8.7500000e+01;1.5312636e-01;8.7500000e+01;1.7634541e-01;8.7500000e+01;1.9545127e-01;8.7500000e+01;2.1774825e-01;8.7500000e+01;2.3789437e-01;8.7500000e+01;2.4612373e-01;8.7500000e+01;2.2608860e-01;8.7500000e+01;1.8580940e-01;8.7500000e+01;1.3420953e-01;8.7500000e+01;8.2969695e-02;8.7500000e+01;3.6132529e-02;8.7500000e+01;-5.3787972e-03;8.7500000e+01;4.7445567e-03;8.7500000e+01;2.0307094e-02;8.7500000e+01;4.0535614e-02;8.7500000e+01;6.4928062e-02;8.7500000e+01;9.3419328e-02;8.7500000e+01;1.2347470e-01;8.7500000e+01;1.5312636e-01;8.7500000e+01;1.7634541e-01;8.7500000e+01;1.9545127e-01;8.7500000e+01;2.1774825e-01;8.7500000e+01;2.3789437e-01;8.7500000e+01;2.4612373e-01;8.7500000e+01;2.2608860e-01;8.7500000e+01;1.8580940e-01;8.7500000e+01;1.3420953e-01;8.7500000e+01;8.2969695e-02;8.7500000e+01;3.6132529e-02;8.7500000e+01;-5.3787972e-03;8.7500000e+01;4.7445567e-03;8.7500000e+01;2.0307094e-02;8.7500000e+01;4.0535614e-02;8.7500000e+01;6.4928062e-02;8.7500000e+01;9.3419328e-02;8.7500000e+01;1.2347470e-01;8.7500000e+01;1.5312636e-01;8.7500000e+01;1.7634541e-01;8.7500000e+01;1.9545127e-01;8.7500000e+01;2.1774825e-01;8.7500000e+01;2.3789437e-01;8.7500000e+01;2.4612373e-01;8.7500000e+01;2.2608860e-01;8.7500000e+01;1.8580940e-01;8.7500000e+01;1.3420953e-01;8.7500000e+01;8.2969695e-02;8.7500000e+01;3.6132529e-02;8.7500000e+01;-5.3787972e-03;8.7500000e+01;4.7445567e-03;8.7500000e+01;2.0307094e-02;8.7500000e+01;4.0535614e-02;8.7500000e+01;6.4928062e-02;8.7500000e+01;9.3419328e-02;8.7500000e+01;1.2347470e-01;8.7500000e+01;1.5312636e-01;8.7500000e+01;1.7634541e-01;8.7500000e+01;1.9545127e-01;8.7500000e+01;2.1774825e-01;8.7500000e+01;2.3789437e-01;8.7500000e+01;2.4612373e-01;8.7500000e+01;2.2608860e-01;8.7500000e+01;1.8580940e-01;8.7500000e+01;1.3420953e-01;8.7500000e+01;8.2969695e-02;8.7500000e+01;3.6132529e-02;8.7500000e+01;-5.3787972e-03;8.7500000e+01;4.7445567e-03;8.7500000e+01;2.0307094e-02;8.7500000e+01;4.0535614e-02;8.7500000e+01;6.4928062e-02;8.7500000e+01;9.3419328e-02;8.7500000e+01;1.2347470e-01;8.7500000e+01;1.5312636e-01;8.7500000e+01;1.7634541e-01;8.7500000e+01;1.9545127e-01;8.7500000e+01;2.1774825e-01;8.7500000e+01;2.3789437e-01;8.7500000e+01;2.4612373e-01;8.7500000e+01;2.2608860e-01;8.7500000e+01;1.8580940e-01;8.7500000e+01;1.3420953e-01;8.7500000e+01;8.2969695e-02;8.7500000e+01;3.6132529e-02;8.7500000e+01;-5.3787972e-03;8.7500000e+01;4.7445567e-03;8.7500000e+01;2.0307094e-02;8.7500000e+01;4.0535614e-02;8.7500000e+01;6.4928062e-02;8.7500000e+01;9.3419328e-02;8.7500000e+01;1.2347470e-01;8.7500000e+01;1.5312636e-01;8.7500000e+01;1.7634541e-01;8.7500000e+01;1.9545127e-01;8.7500000e+01;2.1774825e-01;8.7500000e+01;2.3789437e-01;8.7500000e+01;2.4612373e-01;8.7500000e+01;2.2608860e-01;8.7500000e+01;1.8580940e-01;8.7500000e+01;1.3420953e-01;8.7500000e+01;8.2969695e-02;8.7500000e+01;3.6132529e-02;8.7500000e+01;-5.3787972e-03;8.7500000e+01;4.7445567e-03;8.7500000e+01;2.0307094e-02;8.7500000e+01;4.0535614e-02;8.7500000e+01;6.4928062e-02;8.7500000e+01;9.3419328e-02;8.7500000e+01;1.2347470e-01;8.7500000e+01;1.5312636e-01;8.7500000e+01;1.7634541e-01;8.7500000e+01;1.9545127e-01;8.7500000e+01;2.1774825e-01;8.7500000e+01;2.3789437e-01;8.7500000e+01;2.4612373e-01;8.7500000e+01;2.2608860e-01;8.7500000e+01;1.8580940e-01;8.7500000e+01;1.3420953e-01;8.7500000e+01;8.2969695e-02;8.7500000e+01;3.6132529e-02;8.7500000e+01;-5.3787972e-03;8.7500000e+01;4.7445567e-03;8.7500000e+01;2.0307094e-02;8.7500000e+01;4.0535614e-02;8.7500000e+01;6.4928062e-02;8.7500000e+01;9.3419328e-02;8.7500000e+01;1.2347470e-01;8.7500000e+01;1.5312636e-01;8.7500000e+01;1.7634541e-01;8.7500000e+01;1.9545127e-01;8.7500000e+01;2.1774825e-01;8.7500000e+01;2.3789437e-01;8.7500000e+01;2.4612373e-01;8.7500000e+01;2.2608860e-01;8.7500000e+01;1.8580940e-01;8.7500000e+01;1.3420953e-01;8.7500000e+01;8.2969695e-02;8.7500000e+01;3.6132529e-02;8.7500000e+01;-5.3787972e-03;8.7500000e+01;4.7445567e-03;8.7500000e+01;2.0307094e-02;8.7500000e+01;4.0535614e-02;8.7500000e+01;6.4928062e-02;8.7500000e+01;9.3419328e-02;8.7500000e+01;1.2347470e-01;8.7500000e+01;1.5312636e-01;8.7500000e+01;1.7634541e-01;8.7500000e+01;1.9545127e-01;8.7500000e+01;2.1774825e-01;8.7500000e+01;2.3789437e-01;8.7500000e+01;2.4612373e-01;8.7500000e+01;2.2608860e-01;8.7500000e+01;1.8580940e-01;8.7500000e+01;1.3420953e-01;8.7500000e+01;8.2969695e-02;8.7500000e+01;3.6132529e-02;8.7500000e+01;-5.3787972e-03;8.7500000e+01;4.7445567e-03;8.7500000e+01;2.0307094e-02;8.7500000e+01;4.0535614e-02;8.7500000e+01;6.4928062e-02;8.7500000e+01;9.3419328e-02;8.7500000e+01;1.2347470e-01;8.7500000e+01;1.5312636e-01;8.7500000e+01;1.7634541e-01;8.7500000e+01;1.9545127e-01;8.7500000e+01;2.1774825e-01;8.7500000e+01;2.3789437e-01;8.7500000e+01;2.4612373e-01;8.7500000e+01;2.2608860e-01;8.7500000e+01;1.8580940e-01;8.7500000e+01;1.3420953e-01;8.7500000e+01;8.2969695e-02;8.7500000e+01;3.6132529e-02;8.7500000e+01;-5.3787972e-03;8.7500000e+01;4.7445567e-03;8.7500000e+01;2.0307094e-02;8.7500000e+01;4.0535614e-02;8.7500000e+01;6.4928062e-02;8.7500000e+01;9.3419328e-02;8.7500000e+01;1.2347470e-01;8.7500000e+01;1.5312636e-01;8.7500000e+01;1.7634541e-01;8.7500000e+01;1.9545127e-01;8.7500000e+01;2.1774825e-01;8.7500000e+01;2.3789437e-01;8.7500000e+01;2.4612373e-01;8.7500000e+01;2.2608860e-01;8.7500000e+01;1.8580940e-01;8.7500000e+01;1.3420953e-01;8.7500000e+01;8.2969695e-02;8.7500000e+01;3.6132529e-02;8.7500000e+01;-5.3787972e-03;8.7500000e+01;4.7445567e-03;8.7500000e+01;2.0307094e-02;8.7500000e+01;4.0535614e-02;8.7500000e+01;6.4928062e-02;8.7500000e+01;9.3419328e-02;8.7500000e+01;1.2347470e-01;8.7500000e+01;1.5312636e-01;8.7500000e+01;1.7634541e-01;8.7500000e+01;1.9545127e-01;8.7500000e+01;2.1774825e-01;8.7500000e+01;2.3789437e-01;8.7500000e+01;2.4612373e-01;8.7500000e+01;2.2608860e-01;8.7500000e+01;1.8580940e-01;8.7500000e+01;1.3420953e-01;8.7500000e+01;8.2969695e-02;8.7500000e+01;3.6132529e-02;8.7500000e+01;-5.3787972e-03;8.7500000e+01;4.7445567e-03;8.7500000e+01;2.0307094e-02;8.7500000e+01;4.0535614e-02;8.7500000e+01;6.4928062e-02;8.7500000e+01;9.3419328e-02;8.7500000e+01;1.2347470e-01;8.7500000e+01;1.5312636e-01;8.7500000e+01;1.7634541e-01;8.7500000e+01;1.9545127e-01;8.7500000e+01;2.1774825e-01;8.7500000e+01;2.3789437e-01;8.7500000e+01;2.4612373e-01;8.7500000e+01;2.2608860e-01;8.7500000e+01;1.8580940e-01;8.7500000e+01;1.3420953e-01;8.7500000e+01;8.2969695e-02;8.7500000e+01;3.6132529e-02;8.7500000e+01;-5.3787972e-03;8.7500000e+01;4.7445567e-03;8.7500000e+01;2.0307094e-02;8.7500000e+01;4.0535614e-02;8.7500000e+01;6.4928062e-02;8.7500000e+01;9.3419328e-02;8.7500000e+01;1.2347470e-01;8.7500000e+01;1.5312636e-01;8.7500000e+01;1.7634541e-01;8.7500000e+01;1.9545127e-01;8.7500000e+01;2.1774825e-01;8.7500000e+01;2.3789437e-01;8.7500000e+01;2.4612373e-01;8.7500000e+01;2.2608860e-01;8.7500000e+01;1.8580940e-01;8.7500000e+01;1.3420953e-01;8.7500000e+01;8.2969695e-02;8.7500000e+01;3.6132529e-02;8.7500000e+01;-5.3787972e-03;8.7500000e+01;4.7445567e-03;8.7500000e+01;2.0307094e-02;8.7500000e+01;4.0535614e-02;8.7500000e+01;6.4928062e-02;8.7500000e+01;9.3419328e-02;8.7500000e+01;1.2347470e-01;8.7500000e+01;1.5312636e-01;8.7500000e+01;1.7634541e-01;8.7500000e+01;1.9545127e-01;8.7500000e+01;2.1774825e-01;8.7500000e+01;2.3789437e-01;8.7500000e+01;2.4612373e-01;8.7500000e+01;2.2608860e-01;8.7500000e+01;1.8580940e-01;8.7500000e+01;1.3420953e-01;8.7500000e+01;8.2969695e-02;8.7500000e+01;3.6132529e-02;8.7500000e+01;-5.3787972e-03;8.7500000e+01;4.7445567e-03;8.7500000e+01;2.0307094e-02;8.7500000e+01;4.0535614e-02;8.7500000e+01;6.4928062e-02;8.7500000e+01;9.3419328e-02;8.7500000e+01;1.2347470e-01;8.7500000e+01;1.5312636e-01;8.7500000e+01;1.7634541e-01;8.7500000e+01;1.9545127e-01;8.7500000e+01;2.1774825e-01;8.7500000e+01;2.3789437e-01;8.7500000e+01;2.4612373e-01;8.7500000e+01;2.2608860e-01;8.7500000e+01;1.8580940e-01;8.7500000e+01;1.3420953e-01;8.7500000e+01;8.2969695e-02;8.7500000e+01;3.6132529e-02;8.7500000e+01;-5.3787972e-03;8.7500000e+01;4.7445567e-03;8.7500000e+01;2.0307094e-02;8.7500000e+01;4.0535614e-02;8.7500000e+01;6.4928062e-02;8.7500000e+01;9.3419328e-02;8.7500000e+01;1.2347470e-01;8.7500000e+01;1.5312636e-01;8.7500000e+01;1.7634541e-01;8.7500000e+01;1.9545127e-01;8.7500000e+01;2.1774825e-01;8.7500000e+01;2.3789437e-01;8.7500000e+01;2.4612373e-01;8.7500000e+01;2.2608860e-01;8.7500000e+01;1.8580940e-01;8.7500000e+01;1.3420953e-01;8.7500000e+01;8.2969695e-02;8.7500000e+01;3.6132529e-02;8.7500000e+01;-5.3787972e-03;8.7500000e+01;4.7445567e-03;8.7500000e+01;2.0307094e-02;8.7500000e+01;4.0535614e-02;8.7500000e+01;6.4928062e-02;8.7500000e+01;9.3419328e-02;8.7500000e+01;1.2347470e-01;8.7500000e+01;1.5312636e-01;8.7500000e+01;1.7634541e-01;8.7500000e+01;1.9545127e-01;8.7500000e+01;2.1774825e-01;8.7500000e+01;2.3789437e-01;8.7500000e+01;2.4612373e-01;8.7500000e+01;2.2608860e-01;8.7500000e+01;1.8580940e-01;8.7500000e+01;1.3420953e-01;8.7500000e+01;8.2969695e-02;8.7500000e+01;3.6132529e-02;8.7500000e+01;-5.3787972e-03;8.7500000e+01;4.7445567e-03;8.7500000e+01;2.0307094e-02;8.7500000e+01;4.0535614e-02;8.7500000e+01;6.4928062e-02;8.7500000e+01;9.3419328e-02;8.7500000e+01;1.2347470e-01;8.7500000e+01;1.5312636e-01;8.7500000e+01;1.7634541e-01;8.7500000e+01;1.9545127e-01;8.7500000e+01;2.1774825e-01;8.7500000e+01;2.3789437e-01;8.7500000e+01;2.4612373e-01;8.7500000e+01;2.2608860e-01;8.7500000e+01;1.8580940e-01;8.7500000e+01;1.3420953e-01;8.7500000e+01;8.2969695e-02;8.7500000e+01;3.6132529e-02;8.7500000e+01;-5.3787972e-03;8.7500000e+01;4.7445567e-03;8.7500000e+01;2.0307094e-02;8.7500000e+01;4.0535614e-02;8.7500000e+01;6.4928062e-02;8.7500000e+01;9.3419328e-02;8.7500000e+01;1.2347470e-01;8.7500000e+01;1.5312636e-01;8.7500000e+01;1.7634541e-01;8.7500000e+01;1.9545127e-01;8.7500000e+01;2.1774825e-01;8.7500000e+01;2.3789437e-01;8.7500000e+01;2.4612373e-01;8.7500000e+01;2.2608860e-01;8.7500000e+01;1.8580940e-01;8.7500000e+01;1.3420953e-01;8.7500000e+01;8.2969695e-02;8.7500000e+01;3.6132529e-02;8.7500000e+01;-5.3787972e-03;8.7500000e+01;4.7445567e-03;8.7500000e+01;2.0307094e-02;8.7500000e+01;4.0535614e-02;8.7500000e+01;6.4928062e-02;8.7500000e+01;9.3419328e-02;8.7500000e+01;1.2347470e-01;8.7500000e+01;1.5312636e-01;8.7500000e+01;1.7634541e-01;8.7500000e+01;1.9545127e-01;8.7500000e+01;2.1774825e-01;8.7500000e+01;2.3789437e-01;8.7500000e+01;2.4612373e-01;8.7500000e+01;2.2608860e-01;8.7500000e+01;1.8580940e-01;8.7500000e+01;1.3420953e-01;8.7500000e+01;8.2969695e-02;8.7500000e+01;3.6132529e-02;8.7500000e+01;-5.3787972e-03;8.7500000e+01;4.7445567e-03;8.7500000e+01;2.0307094e-02;8.7500000e+01;4.0535614e-02;8.7500000e+01;6.4928062e-02;8.7500000e+01;9.3419328e-02;8.7500000e+01;1.2347470e-01;8.7500000e+01;1.5312636e-01;8.7500000e+01;1.7634541e-01;8.7500000e+01;1.9545127e-01;8.7500000e+01;2.1774825e-01;8.7500000e+01;2.3789437e-01;8.7500000e+01;2.4612373e-01;8.7500000e+01;2.2608860e-01;8.7500000e+01;1.8580940e-01;8.7500000e+01;1.3420953e-01;8.7500000e+01;8.2969695e-02;8.7500000e+01;3.6132529e-02;8.7500000e+01;-5.3787972e-03;8.7500000e+01;4.7445567e-03;8.7500000e+01;2.0307094e-02;8.7500000e+01;4.0535614e-02;8.7500000e+01;6.4928062e-02;8.7500000e+01;9.3419328e-02;8.7500000e+01;1.2347470e-01;8.7500000e+01;1.5312636e-01;8.7500000e+01;1.7634541e-01;8.7500000e+01;1.9545127e-01;8.7500000e+01;2.1774825e-01;8.7500000e+01;2.3789437e-01;8.7500000e+01;2.4612373e-01;8.7500000e+01;2.2608860e-01;8.7500000e+01;1.8580940e-01;8.7500000e+01;1.3420953e-01;8.7500000e+01;8.2969695e-02;8.7500000e+01;3.6132529e-02;8.7500000e+01;-5.3787972e-03;8.7500000e+01;4.7445567e-03;8.7500000e+01;2.0307094e-02;8.7500000e+01;4.0535614e-02;8.7500000e+01;6.4928062e-02;8.7500000e+01;9.3419328e-02;8.7500000e+01;1.2347470e-01;8.7500000e+01;1.5312636e-01;8.7500000e+01;1.7634541e-01;8.7500000e+01;1.9545127e-01;8.7500000e+01;2.1774825e-01;8.7500000e+01;2.3789437e-01;8.7500000e+01;2.4612373e-01;8.7500000e+01;2.2608860e-01;8.7500000e+01;1.8580940e-01;8.7500000e+01;1.3420953e-01;8.7500000e+01;8.2969695e-02;8.7500000e+01;3.6132529e-02;8.7500000e+01;-5.3787972e-03;8.7500000e+01;4.7445567e-03;8.7500000e+01;2.0307094e-02;8.7500000e+01;4.0535614e-02;8.7500000e+01;6.4928062e-02;8.7500000e+01;9.3419328e-02;8.7500000e+01;1.2347470e-01;8.7500000e+01;1.5312636e-01;8.7500000e+01;1.7634541e-01;8.7500000e+01;1.9545127e-01;8.7500000e+01;2.1774825e-01;8.7500000e+01;2.3789437e-01;8.7500000e+01;2.4612373e-01;8.7500000e+01;2.2608860e-01;8.7500000e+01;1.8580940e-01;8.7500000e+01;1.3420953e-01;8.7500000e+01;8.2969695e-02;8.7500000e+01;3.6132529e-02;8.7500000e+01;-5.3787972e-03;8.7500000e+01;4.7445567e-03;8.7500000e+01;2.0307094e-02;8.7500000e+01;4.0535614e-02;8.7500000e+01;6.4928062e-02;8.7500000e+01;9.3419328e-02;8.7500000e+01;1.2347470e-01;8.7500000e+01;1.5312636e-01;8.7500000e+01;1.7634541e-01;8.7500000e+01;1.9545127e-01;8.7500000e+01;2.1774825e-01;8.7500000e+01;2.3789437e-01;8.7500000e+01;2.4612373e-01;8.7500000e+01;2.2608860e-01;8.7500000e+01;1.8580940e-01;8.7500000e+01;1.3420953e-01;8.7500000e+01;8.2969695e-02;8.7500000e+01;3.6132529e-02;8.7500000e+01;-5.3787972e-03;8.7500000e+01;4.7445567e-03;8.7500000e+01;2.0307094e-02;8.7500000e+01;4.0535614e-02;8.7500000e+01;6.4928062e-02;8.7500000e+01;9.3419328e-02;8.7500000e+01;1.2347470e-01;8.7500000e+01;1.5312636e-01;8.7500000e+01;1.7634541e-01;8.7500000e+01;1.9545127e-01;8.7500000e+01;2.1774825e-01;8.7500000e+01;2.3789437e-01;8.7500000e+01;2.4612373e-01;8.7500000e+01;2.2608860e-01;8.7500000e+01;1.8580940e-01;8.7500000e+01;1.3420953e-01;8.7500000e+01;8.2969695e-02;8.7500000e+01;3.6132529e-02;8.7500000e+01;-5.3787972e-03;8.7500000e+01;4.7445567e-03;8.7500000e+01;2.0307094e-02;8.7500000e+01;4.0535614e-02;8.7500000e+01;6.4928062e-02;8.7500000e+01;9.3419328e-02;8.7500000e+01;1.2347470e-01;8.7500000e+01;1.5312636e-01;8.7500000e+01;1.7634541e-01;8.7500000e+01;1.9545127e-01;8.7500000e+01;2.1774825e-01;8.7500000e+01;2.3789437e-01;8.7500000e+01;2.4612373e-01;8.7500000e+01;2.2608860e-01;8.7500000e+01;1.8580940e-01;8.7500000e+01;1.3420953e-01;8.7500000e+01;8.2969695e-02;8.7500000e+01;3.6132529e-02;8.7500000e+01;-5.3787972e-03;8.7500000e+01;4.7445567e-03;8.7500000e+01;2.0307094e-02;8.7500000e+01;4.0535614e-02;8.7500000e+01;6.4928062e-02;8.7500000e+01;9.3419328e-02;8.7500000e+01;1.2347470e-01;8.7500000e+01;1.5312636e-01;8.7500000e+01;1.7634541e-01;8.7500000e+01;1.9545127e-01;8.7500000e+01;2.1774825e-01;8.7500000e+01;2.3789437e-01;8.7500000e+01;2.4612373e-01;8.7500000e+01;2.2608860e-01;8.7500000e+01;1.8580940e-01;8.7500000e+01;1.3420953e-01;8.7500000e+01;8.2969695e-02;8.7500000e+01;3.6132529e-02;8.7500000e+01;-5.3787972e-03;8.7500000e+01;4.7445567e-03;8.7500000e+01;2.0307094e-02;8.7500000e+01;4.0535614e-02;8.7500000e+01;6.4928062e-02;8.7500000e+01;9.3419328e-02;8.7500000e+01;1.2347470e-01;8.7500000e+01;1.5312636e-01;8.7500000e+01;1.7634541e-01;8.7500000e+01;1.9545127e-01;8.7500000e+01;2.1774825e-01;8.7500000e+01;2.3789437e-01;8.7500000e+01;2.4612373e-01;8.7500000e+01;2.2608860e-01;8.7500000e+01;1.8580940e-01;8.7500000e+01;1.3420953e-01;8.7500000e+01;8.2969695e-02;8.7500000e+01;3.6132529e-02;8.7500000e+01;-5.3787972e-03;8.7500000e+01;4.7445567e-03;8.7500000e+01;2.0307094e-02;8.7500000e+01;4.0535614e-02;8.7500000e+01;6.4928062e-02;8.7500000e+01;9.3419328e-02;8.7500000e+01;1.2347470e-01;8.7500000e+01;1.5312636e-01;8.7500000e+01;1.7634541e-01;8.7500000e+01;1.9545127e-01;8.7500000e+01;2.1774825e-01;8.7500000e+01;2.3789437e-01;8.7500000e+01;2.4612373e-01;8.7500000e+01;2.2608860e-01;8.7500000e+01;1.8580940e-01;8.7500000e+01;1.3420953e-01;8.7500000e+01;8.2969695e-02;8.7500000e+01;3.6132529e-02;8.7500000e+01;-5.3787972e-03;8.7500000e+01;4.7445567e-03;8.7500000e+01;2.0307094e-02;8.7500000e+01;4.0535614e-02;8.7500000e+01;6.4928062e-02;8.7500000e+01;9.3419328e-02;8.7500000e+01;1.2347470e-01;8.7500000e+01;1.5312636e-01;8.7500000e+01;1.7634541e-01;8.7500000e+01;1.9545127e-01;8.7500000e+01;2.1774825e-01;8.7500000e+01;2.3789437e-01;8.7500000e+01;2.4612373e-01;8.7500000e+01;2.2608860e-01;8.7500000e+01;1.8580940e-01;8.7500000e+01;1.3420953e-01;8.7500000e+01;8.2969695e-02;8.7500000e+01;3.6132529e-02;8.7500000e+01;-5.3787972e-03;8.7500000e+01;4.7445567e-03;8.7500000e+01;2.0307094e-02;8.7500000e+01;4.0535614e-02;8.7500000e+01;6.4928062e-02;8.7500000e+01;9.3419328e-02;8.7500000e+01;1.2347470e-01;8.7500000e+01;1.5312636e-01;8.7500000e+01;1.7634541e-01;8.7500000e+01;1.9545127e-01;8.7500000e+01;2.1774825e-01;8.7500000e+01;2.3789437e-01;8.7500000e+01;2.4612373e-01;8.7500000e+01;2.2608860e-01;8.7500000e+01;1.8580940e-01;8.7500000e+01;1.3420953e-01;8.7500000e+01;8.2969695e-02;8.7500000e+01;3.6132529e-02;8.7500000e+01;-5.3787972e-03;8.7500000e+01;4.7445567e-03;8.7500000e+01;2.0307094e-02;8.7500000e+01;4.0535614e-02;8.7500000e+01;6.4928062e-02;8.7500000e+01;9.3419328e-02;8.7500000e+01;1.2347470e-01;8.7500000e+01;1.5312636e-01;8.7500000e+01;1.7634541e-01;8.7500000e+01;1.9545127e-01;8.7500000e+01;2.1774825e-01;8.7500000e+01;2.3789437e-01;8.7500000e+01;2.4612373e-01;8.7500000e+01;2.2608860e-01;8.7500000e+01;1.8580940e-01;8.7500000e+01;1.3420953e-01;8.7500000e+01;8.2969695e-02;8.7500000e+01;3.6132529e-02;8.7500000e+01;-5.3787972e-03;8.7500000e+01;4.7445567e-03;8.7500000e+01;2.0307094e-02;8.7500000e+01;4.0535614e-02;8.7500000e+01;6.4928062e-02;8.7500000e+01;9.3419328e-02;8.7500000e+01;1.2347470e-01;8.7500000e+01;1.5312636e-01;8.7500000e+01;1.7634541e-01;8.7500000e+01;1.9545127e-01;8.7500000e+01;2.1774825e-01;8.7500000e+01;2.3789437e-01;8.7500000e+01;2.4612373e-01;8.7500000e+01;2.2608860e-01;8.7500000e+01;1.8580940e-01;8.7500000e+01;1.3420953e-01;8.7500000e+01;8.2969695e-02;8.7500000e+01;3.6132529e-02;8.7500000e+01;-5.3787972e-03;8.7500000e+01;4.7445567e-03;8.7500000e+01;2.0307094e-02;8.7500000e+01;4.0535614e-02;8.7500000e+01;6.4928062e-02;8.7500000e+01;9.3419328e-02;8.7500000e+01;1.2347470e-01;8.7500000e+01;1.5312636e-01;8.7500000e+01;1.7634541e-01;8.7500000e+01;1.9545127e-01;8.7500000e+01;2.1774825e-01;8.7500000e+01;2.3789437e-01;8.7500000e+01;2.4612373e-01;8.7500000e+01;2.2608860e-01;8.7500000e+01;1.8580940e-01;8.7500000e+01;1.3420953e-01;8.7500000e+01;8.2969695e-02;8.7500000e+01;3.6132529e-02;8.7500000e+01;-5.3787972e-03;8.7500000e+01;4.7445567e-03;8.7500000e+01;2.0307094e-02;8.7500000e+01;4.0535614e-02;8.7500000e+01;6.4928062e-02;8.7500000e+01;9.3419328e-02;8.7500000e+01;1.2347470e-01;8.7500000e+01;1.5312636e-01;8.7500000e+01;1.7634541e-01;8.7500000e+01;1.9545127e-01;8.7500000e+01;2.1774825e-01;8.7500000e+01;2.3789437e-01;8.7500000e+01;2.4612373e-01;8.7500000e+01;2.2608860e-01;8.7500000e+01;1.8580940e-01;8.7500000e+01;1.3420953e-01;8.7500000e+01;8.2969695e-02;8.7500000e+01;3.6132529e-02;8.7500000e+01;-5.3787972e-03;8.7500000e+01;4.7445567e-03;8.7500000e+01;2.0307094e-02;8.7500000e+01;4.0535614e-02;8.7500000e+01;6.4928062e-02;8.7500000e+01;9.3419328e-02;8.7500000e+01;1.2347470e-01;8.7500000e+01;1.5312636e-01;8.7500000e+01;1.7634541e-01;8.7500000e+01;1.9545127e-01;8.7500000e+01;2.1774825e-01;8.7500000e+01;2.3789437e-01;8.7500000e+01;2.4612373e-01;8.7500000e+01;2.2608860e-01;8.7500000e+01;1.8580940e-01;8.7500000e+01;1.3420953e-01;8.7500000e+01;8.2969695e-02;8.7500000e+01;3.6132529e-02;8.7500000e+01;-5.3787972e-03;8.7500000e+01;4.7445567e-03;8.7500000e+01;2.0307094e-02;8.7500000e+01;4.0535614e-02;8.7500000e+01;6.4928062e-02;8.7500000e+01;9.3419328e-02;8.7500000e+01;1.2347470e-01;8.7500000e+01;1.5312636e-01;8.7500000e+01;1.7634541e-01;8.7500000e+01;1.9545127e-01;8.7500000e+01;2.1774825e-01;8.7500000e+01;2.3789437e-01;8.7500000e+01;2.4612373e-01;8.7500000e+01;2.2608860e-01;8.7500000e+01;1.8580940e-01;8.7500000e+01;1.3420953e-01;8.7500000e+01;8.2969695e-02;8.7500000e+01;3.6132529e-02;8.7500000e+01;-5.3787972e-03;8.7500000e+01;4.7445567e-03;8.7500000e+01;2.0307094e-02;8.7500000e+01;4.0535614e-02;8.7500000e+01;6.4928062e-02;8.7500000e+01;9.3419328e-02;8.7500000e+01;1.2347470e-01;8.7500000e+01;1.5312636e-01;8.7500000e+01;1.7634541e-01;8.7500000e+01;1.9545127e-01;8.7500000e+01;2.1774825e-01;8.7500000e+01;2.3789437e-01;8.7500000e+01;2.4612373e-01;8.7500000e+01;2.2608860e-01;8.7500000e+01;1.8580940e-01;8.7500000e+01;1.3420953e-01;8.7500000e+01;8.2969695e-02;8.7500000e+01;3.6132529e-02;8.7500000e+01;-5.3787972e-03;8.7500000e+01;4.7445567e-03;8.7500000e+01;2.0307094e-02;8.7500000e+01;4.0535614e-02;8.7500000e+01;6.4928062e-02;8.7500000e+01;9.3419328e-02;8.7500000e+01;1.2347470e-01;8.7500000e+01;1.5312636e-01;8.7500000e+01;1.7634541e-01;8.7500000e+01;1.9545127e-01;8.7500000e+01;2.1774825e-01;8.7500000e+01;2.3789437e-01;8.7500000e+01;2.4612373e-01;8.7500000e+01;2.2608860e-01;8.7500000e+01;1.8580940e-01;8.7500000e+01;1.3420953e-01;8.7500000e+01;8.2969695e-02;8.7500000e+01;3.6132529e-02;8.7500000e+01;-5.3787972e-03;8.7500000e+01;4.7445567e-03;8.7500000e+01;2.0307094e-02;8.7500000e+01;4.0535614e-02;8.7500000e+01;6.4928062e-02;8.7500000e+01;9.3419328e-02;8.7500000e+01;1.2347470e-01;8.7500000e+01;1.5312636e-01;8.7500000e+01;1.7634541e-01;8.7500000e+01;1.9545127e-01;8.7500000e+01;2.1774825e-01;8.7500000e+01;2.3789437e-01;8.7500000e+01;2.4612373e-01;8.7500000e+01;2.2608860e-01;8.7500000e+01;1.8580940e-01;8.7500000e+01;1.3420953e-01;8.7500000e+01;8.2969695e-02;8.7500000e+01;3.6132529e-02;8.7500000e+01;-5.3787972e-03;8.7500000e+01;4.7445567e-03;8.7500000e+01;2.0307094e-02;8.7500000e+01;4.0535614e-02;8.7500000e+01;6.4928062e-02;8.7500000e+01;9.3419328e-02;8.7500000e+01;1.2347470e-01;8.7500000e+01;1.5312636e-01;8.7500000e+01;1.7634541e-01;8.7500000e+01;1.9545127e-01;8.7500000e+01;2.1774825e-01;8.7500000e+01;2.3789437e-01;8.7500000e+01;2.4612373e-01;8.7500000e+01;2.2608860e-01;8.7500000e+01;1.8580940e-01;8.7500000e+01;1.3420953e-01;8.7500000e+01;8.2969695e-02;8.7500000e+01;3.6132529e-02;8.7500000e+01;-5.3787972e-03;8.7500000e+01;4.7445567e-03;8.7500000e+01;2.0307094e-02;8.7500000e+01;4.0535614e-02;8.7500000e+01;6.4928062e-02;8.7500000e+01;9.3419328e-02;8.7500000e+01;1.2347470e-01;8.7500000e+01;1.5312636e-01;8.7500000e+01;1.7634541e-01;8.7500000e+01;1.9545127e-01;8.7500000e+01;2.1774825e-01;8.7500000e+01;2.3789437e-01;8.7500000e+01;2.4612373e-01;8.7500000e+01;2.2608860e-01;8.7500000e+01;1.8580940e-01;8.7500000e+01;1.3420953e-01;8.7500000e+01;8.2969695e-02;8.7500000e+01;3.6132529e-02;8.7500000e+01;-5.3787972e-03;8.7500000e+01;4.7445567e-03;8.7500000e+01;2.0307094e-02;8.7500000e+01;4.0535614e-02;8.7500000e+01;6.4928062e-02;8.7500000e+01;9.3419328e-02;8.7500000e+01;1.2347470e-01;8.7500000e+01;1.5312636e-01;8.7500000e+01;1.7634541e-01;8.7500000e+01;1.9545127e-01;8.7500000e+01;2.1774825e-01;8.7500000e+01;2.3789437e-01;8.7500000e+01;2.4612373e-01;8.7500000e+01;2.2608860e-01;8.7500000e+01;1.8580940e-01;8.7500000e+01;1.3420953e-01;8.7500000e+01;8.2969695e-02;8.7500000e+01;3.6132529e-02;8.7500000e+01;-5.3787972e-03;8.7500000e+01;4.7445567e-03;8.7500000e+01;2.0307094e-02;8.7500000e+01;4.0535614e-02;8.7500000e+01;6.4928062e-02;8.7500000e+01;9.3419328e-02;8.7500000e+01;1.2347470e-01;8.7500000e+01;1.5312636e-01;8.7500000e+01;1.7634541e-01;8.7500000e+01;1.9545127e-01;8.7500000e+01;2.1774825e-01;8.7500000e+01;2.3789437e-01;8.7500000e+01;2.4612373e-01;8.7500000e+01;2.2608860e-01;8.7500000e+01;1.8580940e-01;8.7500000e+01;1.3420953e-01;8.7500000e+01;8.2969695e-02;8.7500000e+01;3.6132529e-02;8.7500000e+01;-5.3787972e-03;8.7500000e+01;4.7445567e-03;8.7500000e+01;2.0307094e-02;8.7500000e+01;4.0535614e-02;8.7500000e+01;6.4928062e-02;8.7500000e+01;9.3419328e-02;8.7500000e+01;1.2347470e-01;8.7500000e+01;1.5312636e-01;8.7500000e+01;1.7634541e-01;8.7500000e+01;1.9545127e-01;8.7500000e+01;2.1774825e-01;8.7500000e+01;2.3789437e-01;8.7500000e+01;2.4612373e-01;8.7500000e+01;2.2608860e-01;8.7500000e+01;1.8580940e-01;8.7500000e+01;1.3420953e-01;8.7500000e+01;8.2969695e-02;8.7500000e+01;3.6132529e-02;8.7500000e+01;-5.3787972e-03;8.7500000e+01;4.7445567e-03;8.7500000e+01;2.0307094e-02;8.7500000e+01;4.0535614e-02;8.7500000e+01;6.4928062e-02;8.7500000e+01;9.3419328e-02;8.7500000e+01;1.2347470e-01;8.7500000e+01;1.5312636e-01;8.7500000e+01;1.7634541e-01;8.7500000e+01;1.9545127e-01;8.7500000e+01;2.1774825e-01;8.7500000e+01;2.3789437e-01;8.7500000e+01;2.4612373e-01;8.7500000e+01;2.2608860e-01;8.7500000e+01;1.8580940e-01;8.7500000e+01;1.3420953e-01;8.7500000e+01;8.2969695e-02;8.7500000e+01;3.6132529e-02;8.7500000e+01;-5.3787972e-03;8.7500000e+01;4.7445567e-03;8.7500000e+01;2.0307094e-02;8.7500000e+01;4.0535614e-02;8.7500000e+01;6.4928062e-02;8.7500000e+01;9.3419328e-02;8.7500000e+01;1.2347470e-01;8.7500000e+01;1.5312636e-01;8.7500000e+01;1.7634541e-01;8.7500000e+01;1.9545127e-01;8.7500000e+01;2.1774825e-01;8.7500000e+01;2.3789437e-01;8.7500000e+01;2.4612373e-01;8.7500000e+01;2.2608860e-01;8.7500000e+01;1.8580940e-01;8.7500000e+01;1.3420953e-01;8.7500000e+01;8.2969695e-02;8.7500000e+01;3.6132529e-02;8.7500000e+01;-5.3787972e-03;8.7500000e+01;4.7445567e-03;8.7500000e+01;2.0307094e-02;8.7500000e+01;4.0535614e-02;8.7500000e+01;6.4928062e-02;8.7500000e+01;9.3419328e-02;8.7500000e+01;1.2347470e-01;8.7500000e+01;1.5312636e-01;8.7500000e+01;1.7634541e-01;8.7500000e+01;1.9545127e-01;8.7500000e+01;2.1774825e-01;8.7500000e+01;2.3789437e-01;8.7500000e+01;2.4612373e-01;8.7500000e+01;2.2608860e-01;8.7500000e+01;1.8580940e-01;8.7500000e+01;1.3420953e-01;8.7500000e+01;8.2969695e-02;8.7500000e+01;3.6132529e-02;8.7500000e+01;-5.3787972e-03;8.7500000e+01;4.7445567e-03;8.7500000e+01;2.0307094e-02;8.7500000e+01;4.0535614e-02;8.7500000e+01;6.4928062e-02;8.7500000e+01;9.3419328e-02;8.7500000e+01;1.2347470e-01;8.7500000e+01;1.5312636e-01;8.7500000e+01;1.7634541e-01;8.7500000e+01;1.9545127e-01;8.7500000e+01;2.1774825e-01;8.7500000e+01;2.3789437e-01;8.7500000e+01;2.4612373e-01;8.7500000e+01;2.2608860e-01;8.7500000e+01;1.8580940e-01;8.7500000e+01;1.3420953e-01;8.7500000e+01;8.2969695e-02;8.7500000e+01;3.6132529e-02;8.7500000e+01;-5.3787972e-03;8.7500000e+01;4.7445567e-03;8.7500000e+01;2.0307094e-02;8.7500000e+01;4.0535614e-02;8.7500000e+01;6.4928062e-02;8.7500000e+01;9.3419328e-02;8.7500000e+01;1.2347470e-01;8.7500000e+01;1.5312636e-01;8.7500000e+01;1.7634541e-01;8.7500000e+01;1.9545127e-01;8.7500000e+01;2.1774825e-01;8.7500000e+01;2.3789437e-01;8.7500000e+01;2.4612373e-01;8.7500000e+01;2.2608860e-01;8.7500000e+01;1.8580940e-01;8.7500000e+01;1.3420953e-01;8.7500000e+01;8.2969695e-02;8.7500000e+01;3.6132529e-02;8.7500000e+01;-5.3787972e-03;8.7500000e+01;4.7445567e-03;8.7500000e+01;2.0307094e-02;8.7500000e+01;4.0535614e-02;8.7500000e+01;6.4928062e-02;8.7500000e+01;9.3419328e-02;8.7500000e+01;1.2347470e-01;8.7500000e+01;1.5312636e-01;8.7500000e+01;1.7634541e-01;8.7500000e+01;1.9545127e-01;8.7500000e+01;2.1774825e-01;8.7500000e+01;2.3789437e-01;8.7500000e+01;2.4612373e-01;8.7500000e+01;2.2608860e-01;8.7500000e+01;1.8580940e-01;8.7500000e+01;1.3420953e-01;8.7500000e+01;8.2969695e-02;8.7500000e+01;3.6132529e-02;8.7500000e+01;-5.3787972e-03;8.7500000e+01;4.7445567e-03;8.7500000e+01;2.0307094e-02;8.7500000e+01;4.0535614e-02;8.7500000e+01;6.4928062e-02;8.7500000e+01;9.3419328e-02;8.7500000e+01;1.2347470e-01;8.7500000e+01;1.5312636e-01;8.7500000e+01;1.7634541e-01;8.7500000e+01;1.9545127e-01;8.7500000e+01;2.1774825e-01;8.7500000e+01;2.3789437e-01;8.7500000e+01;2.4612373e-01;8.7500000e+01;2.2608860e-01;8.7500000e+01;1.8580940e-01;8.7500000e+01;1.3420953e-01;8.7500000e+01;8.2969695e-02;8.7500000e+01;3.6132529e-02;8.7500000e+01;-5.3787972e-03;8.7500000e+01;4.7445567e-03;8.7500000e+01;2.0307094e-02;8.7500000e+01;4.0535614e-02;8.7500000e+01;6.4928062e-02;8.7500000e+01;9.3419328e-02;8.7500000e+01;1.2347470e-01;8.7500000e+01;1.5312636e-01;8.7500000e+01;1.7634541e-01;8.7500000e+01;1.9545127e-01;8.7500000e+01;2.1774825e-01;8.7500000e+01;2.3789437e-01;8.7500000e+01;2.4612373e-01;8.7500000e+01;2.2608860e-01;8.7500000e+01;1.8580940e-01;8.7500000e+01;1.3420953e-01;8.7500000e+01;8.2969695e-02;8.7500000e+01;3.6132529e-02;8.7500000e+01;-5.3787972e-03;8.7500000e+01;4.7445567e-03;8.7500000e+01;2.0307094e-02;8.7500000e+01;4.0535614e-02;8.7500000e+01;6.4928062e-02;8.7500000e+01;9.3419328e-02;8.7500000e+01;1.2347470e-01;8.7500000e+01;1.5312636e-01;8.7500000e+01;1.7634541e-01;8.7500000e+01;1.9545127e-01;8.7500000e+01;2.1774825e-01;8.7500000e+01;2.3789437e-01;8.7500000e+01;2.4612373e-01;8.7500000e+01;2.2608860e-01;8.7500000e+01;1.8580940e-01;8.7500000e+01;1.3420953e-01;8.7500000e+01;8.2969695e-02;8.7500000e+01;3.6132529e-02;8.7500000e+01;-5.3787972e-03;8.7500000e+01;4.7445567e-03;8.7500000e+01;2.0307094e-02;8.7500000e+01;4.0535614e-02;8.7500000e+01;6.4928062e-02;8.7500000e+01;9.3419328e-02;8.7500000e+01;1.2347470e-01;8.7500000e+01;1.5312636e-01;8.7500000e+01;1.7634541e-01;8.7500000e+01;1.9545127e-01;8.7500000e+01;2.1774825e-01;8.7500000e+01;2.3789437e-01;8.7500000e+01;2.4612373e-01;8.7500000e+01;2.2608860e-01;8.7500000e+01;1.8580940e-01;8.7500000e+01;1.3420953e-01;8.7500000e+01;8.2969695e-02;8.7500000e+01;3.6132529e-02;8.7500000e+01;-5.3787972e-03;8.7500000e+01;4.7445567e-03;8.7500000e+01;2.0307094e-02;8.7500000e+01;4.0535614e-02;8.7500000e+01;6.4928062e-02;8.7500000e+01;9.3419328e-02;8.7500000e+01;1.2347470e-01;8.7500000e+01;1.5312636e-01;8.7500000e+01;1.7634541e-01;8.7500000e+01;1.9545127e-01;8.7500000e+01;2.1774825e-01;8.7500000e+01;2.3789437e-01;8.7500000e+01;2.4612373e-01;8.7500000e+01;2.2608860e-01;8.7500000e+01;1.8580940e-01;8.7500000e+01;1.3420953e-01;8.7500000e+01;8.2969695e-02;8.7500000e+01;3.6132529e-02;8.7500000e+01;-5.3787972e-03;8.7500000e+01;4.7445567e-03;8.7500000e+01;2.0307094e-02;8.7500000e+01;4.0535614e-02;8.7500000e+01;6.4928062e-02;8.7500000e+01;9.3419328e-02;8.7500000e+01;1.2347470e-01;8.7500000e+01;1.5312636e-01;8.7500000e+01;1.7634541e-01;8.7500000e+01;1.9545127e-01;8.7500000e+01;2.1774825e-01;8.7500000e+01;2.3789437e-01;8.7500000e+01;2.4612373e-01;8.7500000e+01;2.2608860e-01;8.7500000e+01;1.8580940e-01;8.7500000e+01;1.3420953e-01;8.7500000e+01;8.2969695e-02;8.7500000e+01;3.6132529e-02;8.7500000e+01;-5.3787972e-03;8.7500000e+01;4.7445567e-03;8.7500000e+01;2.0307094e-02;8.7500000e+01;4.0535614e-02;8.7500000e+01;6.4928062e-02;8.7500000e+01;9.3419328e-02;8.7500000e+01;1.2347470e-01;8.7500000e+01;1.5312636e-01;8.7500000e+01;1.7634541e-01;8.7500000e+01;1.9545127e-01;8.7500000e+01;2.1774825e-01;8.7500000e+01;2.3789437e-01;8.7500000e+01;2.4612373e-01;8.7500000e+01;2.2608860e-01;8.7500000e+01;1.8580940e-01;8.7500000e+01;1.3420953e-01;8.7500000e+01;8.2969695e-02;8.7500000e+01;3.6132529e-02;8.7500000e+01;-5.3787972e-03;8.7500000e+01;4.7445567e-03;8.7500000e+01;2.0307094e-02;8.7500000e+01;4.0535614e-02;8.7500000e+01;6.4928062e-02;8.7500000e+01;9.3419328e-02;8.7500000e+01;1.2347470e-01;8.7500000e+01;1.5312636e-01;8.7500000e+01;1.7634541e-01;8.7500000e+01;1.9545127e-01;8.7500000e+01;2.1774825e-01;8.7500000e+01;2.3789437e-01;8.7500000e+01;2.4612373e-01;8.7500000e+01;2.2608860e-01;8.7500000e+01;1.8580940e-01;8.7500000e+01;1.3420953e-01;8.7500000e+01;8.2969695e-02;8.7500000e+01;3.6132529e-02;8.7500000e+01;-5.3787972e-03;8.7500000e+01;4.7445567e-03;8.7500000e+01;2.0307094e-02;8.7500000e+01;4.0535614e-02;8.7500000e+01;6.4928062e-02;8.7500000e+01;9.3419328e-02;8.7500000e+01;1.2347470e-01;8.7500000e+01;1.5312636e-01;8.7500000e+01;1.7634541e-01;8.7500000e+01;1.9545127e-01;8.7500000e+01;2.1774825e-01;8.7500000e+01;2.3789437e-01;8.7500000e+01;2.4612373e-01;8.7500000e+01;2.2608860e-01;8.7500000e+01;1.8580940e-01;8.7500000e+01;1.3420953e-01;8.7500000e+01;8.2969695e-02;8.7500000e+01;3.6132529e-02;8.7500000e+01;-5.3787972e-03;8.7500000e+01;4.7445567e-03;8.7500000e+01;2.0307094e-02;8.7500000e+01;4.0535614e-02;8.7500000e+01;6.4928062e-02;8.7500000e+01;9.3419328e-02;8.7500000e+01;1.2347470e-01;8.7500000e+01;1.5312636e-01;8.7500000e+01;1.7634541e-01;8.7500000e+01;1.9545127e-01;8.7500000e+01;2.1774825e-01;8.7500000e+01;2.3789437e-01;8.7500000e+01;2.4612373e-01;8.7500000e+01;2.2608860e-01;8.7500000e+01;1.8580940e-01;8.7500000e+01;1.3420953e-01;8.7500000e+01;8.2969695e-02;8.7500000e+01;3.6132529e-02;8.7500000e+01;-5.3787972e-03;8.7500000e+01;4.7445567e-03;8.7500000e+01;2.0307094e-02;8.7500000e+01;4.0535614e-02;8.7500000e+01;6.4928062e-02;8.7500000e+01;9.3419328e-02;8.7500000e+01;1.2347470e-01;8.7500000e+01;1.5312636e-01;8.7500000e+01;1.7634541e-01;8.7500000e+01;1.9545127e-01;8.7500000e+01;2.1774825e-01;8.7500000e+01;2.3789437e-01;8.7500000e+01;2.4612373e-01;8.7500000e+01;2.2608860e-01;8.7500000e+01;1.8580940e-01;8.7500000e+01;1.3420953e-01;8.7500000e+01;8.2969695e-02;8.7500000e+01;3.6132529e-02;8.7500000e+01;-5.3787972e-03;8.7500000e+01;4.7445567e-03;8.7500000e+01;2.0307094e-02;8.7500000e+01;4.0535614e-02;8.7500000e+01;6.4928062e-02;8.7500000e+01;9.3419328e-02;8.7500000e+01;1.2347470e-01;8.7500000e+01;1.5312636e-01;8.7500000e+01;1.7634541e-01;8.7500000e+01;1.9545127e-01;8.7500000e+01;2.1774825e-01;8.7500000e+01;2.3789437e-01;8.7500000e+01;2.4612373e-01;8.7500000e+01;2.2608860e-01;8.7500000e+01;1.8580940e-01;8.7500000e+01;1.3420953e-01;8.7500000e+01;8.2969695e-02;8.7500000e+01;3.6132529e-02;8.7500000e+01;-5.3787972e-03;8.7500000e+01;4.7445567e-03;8.7500000e+01;2.0307094e-02;8.7500000e+01;4.0535614e-02;8.7500000e+01;6.4928062e-02;8.7500000e+01;9.3419328e-02;8.7500000e+01;1.2347470e-01;8.7500000e+01;1.5312636e-01;8.7500000e+01;1.7634541e-01;8.7500000e+01;1.9545127e-01;8.7500000e+01;2.1774825e-01;8.7500000e+01;2.3789437e-01;8.7500000e+01;2.4612373e-01;8.7500000e+01;2.2608860e-01;8.7500000e+01;1.8580940e-01;8.7500000e+01;1.3420953e-01;8.7500000e+01;8.2969695e-02;8.7500000e+01;3.6132529e-02;8.7500000e+01;-5.3787972e-03;8.7500000e+01;4.7445567e-03;8.7500000e+01;2.0307094e-02;8.7500000e+01;4.0535614e-02;8.7500000e+01;6.4928062e-02;8.7500000e+01;9.3419328e-02;8.7500000e+01;1.2347470e-01;8.7500000e+01;1.5312636e-01;8.7500000e+01;1.7634541e-01;8.7500000e+01;1.9545127e-01;8.7500000e+01;2.1774825e-01;8.7500000e+01;2.3789437e-01;8.7500000e+01;2.4612373e-01;8.7500000e+01;2.2608860e-01;8.7500000e+01;1.8580940e-01;8.7500000e+01;1.3420953e-01;8.7500000e+01;8.2969695e-02;8.7500000e+01;3.6132529e-02;8.7500000e+01;-5.3787972e-03;8.7500000e+01;4.7445567e-03;8.7500000e+01;2.0307094e-02;8.7500000e+01;4.0535614e-02;8.7500000e+01;6.4928062e-02;8.7500000e+01;9.3419328e-02;8.7500000e+01;1.2347470e-01;8.7500000e+01;1.5312636e-01;8.7500000e+01;1.7634541e-01;8.7500000e+01;1.9545127e-01;8.7500000e+01;2.1774825e-01;8.7500000e+01;2.3789437e-01;8.7500000e+01;2.4612373e-01;8.7500000e+01;2.2608860e-01;8.7500000e+01;1.8580940e-01;8.7500000e+01;1.3420953e-01;8.7500000e+01;8.2969695e-02;8.7500000e+01;3.6132529e-02;8.7500000e+01;-5.3787972e-03;8.7500000e+01;4.7445567e-03;8.7500000e+01;2.0307094e-02;8.7500000e+01;4.0535614e-02;8.7500000e+01;6.4928062e-02;8.7500000e+01;9.3419328e-02;8.7500000e+01;1.2347470e-01;8.7500000e+01;1.5312636e-01;8.7500000e+01;1.7634541e-01;8.7500000e+01;1.9545127e-01;8.7500000e+01;2.1774825e-01;8.7500000e+01;2.3789437e-01;8.7500000e+01;2.4612373e-01;8.7500000e+01;2.2608860e-01;8.7500000e+01;1.8580940e-01;8.7500000e+01;1.3420953e-01;8.7500000e+01;8.2969695e-02;8.7500000e+01;3.6132529e-02;8.7500000e+01;-5.3787972e-03;8.7500000e+01;4.7445567e-03;8.7500000e+01;2.0307094e-02;8.7500000e+01;4.0535614e-02;8.7500000e+01;6.4928062e-02;8.7500000e+01;9.3419328e-02;8.7500000e+01;1.2347470e-01;8.7500000e+01;1.5312636e-01;8.7500000e+01;1.7634541e-01;8.7500000e+01;1.9545127e-01;8.7500000e+01;2.1774825e-01;8.7500000e+01;2.3789437e-01;8.7500000e+01;2.4612373e-01;8.7500000e+01;2.2608860e-01;8.7500000e+01;1.8580940e-01;8.7500000e+01;1.3420953e-01;8.7500000e+01;8.2969695e-02;8.7500000e+01;3.6132529e-02;8.7500000e+01;-5.3787972e-03;8.7500000e+01;4.7445567e-03;8.7500000e+01;2.0307094e-02;8.7500000e+01;4.0535614e-02;8.7500000e+01;6.4928062e-02;8.7500000e+01;9.3419328e-02;8.7500000e+01;1.2347470e-01;8.7500000e+01;1.5312636e-01;8.7500000e+01;1.7634541e-01;8.7500000e+01;1.9545127e-01;8.7500000e+01;2.1774825e-01;8.7500000e+01;2.3789437e-01;8.7500000e+01;2.4612373e-01;8.7500000e+01;2.2608860e-01;8.7500000e+01;1.8580940e-01;8.7500000e+01;1.3420953e-01;8.7500000e+01;8.2969695e-02;8.7500000e+01;3.6132529e-02;8.7500000e+01;-5.3787972e-03;8.7500000e+01;4.7445567e-03;8.7500000e+01;2.0307094e-02;8.7500000e+01;4.0535614e-02;8.7500000e+01;6.4928062e-02;8.7500000e+01;9.3419328e-02;8.7500000e+01;1.2347470e-01;8.7500000e+01;1.5312636e-01;8.7500000e+01;1.7634541e-01;8.7500000e+01;1.9545127e-01;8.7500000e+01;2.1774825e-01;8.7500000e+01;2.3789437e-01;8.7500000e+01;2.4612373e-01;8.7500000e+01;2.2608860e-01;8.7500000e+01;1.8580940e-01;8.7500000e+01;1.3420953e-01;8.7500000e+01;8.2969695e-02;8.7500000e+01;3.6132529e-02;8.7500000e+01;-5.3787972e-03;8.7500000e+01;4.7445567e-03;8.7500000e+01;2.0307094e-02;8.7500000e+01;4.0535614e-02;8.7500000e+01;6.4928062e-02;8.7500000e+01;9.3419328e-02;8.7500000e+01;1.2347470e-01;8.7500000e+01;1.5312636e-01;8.7500000e+01;1.7634541e-01;8.7500000e+01;1.9545127e-01;8.7500000e+01;2.1774825e-01;8.7500000e+01;2.3789437e-01;8.7500000e+01;2.4612373e-01;8.7500000e+01;2.2608860e-01;8.7500000e+01;1.8580940e-01;8.7500000e+01;1.3420953e-01;8.7500000e+01;8.2969695e-02;8.7500000e+01;3.6132529e-02;8.7500000e+01;-5.3787972e-03;8.7500000e+01;4.7445567e-03;8.7500000e+01;2.0307094e-02;8.7500000e+01;4.0535614e-02;8.7500000e+01;6.4928062e-02;8.7500000e+01;9.3419328e-02;8.7500000e+01;1.2347470e-01;8.7500000e+01;1.5312636e-01;8.7500000e+01;1.7634541e-01;8.7500000e+01;1.9545127e-01;8.7500000e+01;2.1774825e-01;8.7500000e+01;2.3789437e-01;8.7500000e+01;2.4612373e-01;8.7500000e+01;2.2608860e-01;8.7500000e+01;1.8580940e-01;8.7500000e+01;1.3420953e-01;8.7500000e+01;8.2969695e-02;8.7500000e+01;3.6132529e-02;8.7500000e+01;-5.3787972e-03;8.7500000e+01;4.7445567e-03;8.7500000e+01;2.0307094e-02;8.7500000e+01;4.0535614e-02;8.7500000e+01;6.4928062e-02;8.7500000e+01;9.3419328e-02;8.7500000e+01;1.2347470e-01;8.7500000e+01;1.5312636e-01;8.7500000e+01;1.7634541e-01;8.7500000e+01;1.9545127e-01;8.7500000e+01;2.1774825e-01;8.7500000e+01;2.3789437e-01;8.7500000e+01;2.4612373e-01;8.7500000e+01;2.2608860e-01;8.7500000e+01;1.8580940e-01;8.7500000e+01;1.3420953e-01;8.7500000e+01;8.2969695e-02;8.7500000e+01;3.6132529e-02;8.7500000e+01;-5.3787972e-03;8.7500000e+01;4.7445567e-03;8.7500000e+01;2.0307094e-02;8.7500000e+01;4.0535614e-02;8.7500000e+01;6.4928062e-02;8.7500000e+01;9.3419328e-02;8.7500000e+01;1.2347470e-01;8.7500000e+01;1.5312636e-01;8.7500000e+01;1.7634541e-01;8.7500000e+01;1.9545127e-01;8.7500000e+01;2.1774825e-01;8.7500000e+01;2.3789437e-01;8.7500000e+01;2.4612373e-01;8.7500000e+01;2.2608860e-01;8.7500000e+01;1.8580940e-01;8.7500000e+01;1.3420953e-01;8.7500000e+01;8.2969695e-02;8.7500000e+01;3.6132529e-02;8.7500000e+01;-5.3787972e-03;8.7500000e+01;4.7445567e-03;8.7500000e+01;2.0307094e-02;8.7500000e+01;4.0535614e-02;8.7500000e+01;6.4928062e-02;8.7500000e+01;9.3419328e-02;8.7500000e+01;1.2347470e-01;8.7500000e+01;1.5312636e-01;8.7500000e+01;1.7634541e-01;8.7500000e+01;1.9545127e-01;8.7500000e+01;2.1774825e-01;8.7500000e+01;2.3789437e-01;8.7500000e+01;2.4612373e-01;8.7500000e+01;2.2608860e-01;8.7500000e+01;1.8580940e-01;8.7500000e+01;1.3420953e-01;8.7500000e+01;8.2969695e-02;8.7500000e+01;3.6132529e-02;8.7500000e+01;-5.3787972e-03;8.7500000e+01;4.7445567e-03;8.7500000e+01;2.0307094e-02;8.7500000e+01;4.0535614e-02;8.7500000e+01;6.4928062e-02;8.7500000e+01;9.3419328e-02;8.7500000e+01;1.2347470e-01;8.7500000e+01;1.5312636e-01;8.7500000e+01;1.7634541e-01;8.7500000e+01;1.9545127e-01;8.7500000e+01;2.1774825e-01;8.7500000e+01;2.3789437e-01;8.7500000e+01;2.4612373e-01;8.7500000e+01;2.2608860e-01;8.7500000e+01;1.8580940e-01;8.7500000e+01;1.3420953e-01;8.7500000e+01;8.2969695e-02;8.7500000e+01;3.6132529e-02;8.7500000e+01;-5.3787972e-03;8.7500000e+01;4.7445567e-03;8.7500000e+01;2.0307094e-02;8.7500000e+01;4.0535614e-02;8.7500000e+01;6.4928062e-02;8.7500000e+01;9.3419328e-02;8.7500000e+01;1.2347470e-01;8.7500000e+01;1.5312636e-01;8.7500000e+01;1.7634541e-01;8.7500000e+01;1.9545127e-01;8.7500000e+01;2.1774825e-01;8.7500000e+01;2.3789437e-01;8.7500000e+01;2.4612373e-01;8.7500000e+01;2.2608860e-01;8.7500000e+01;1.8580940e-01;8.7500000e+01;1.3420953e-01;8.7500000e+01;8.2969695e-02;8.7500000e+01;3.6132529e-02;8.7500000e+01;-5.3787972e-03;8.7500000e+01;4.7445567e-03;8.7500000e+01;2.0307094e-02;8.7500000e+01;4.0535614e-02;8.7500000e+01;6.4928062e-02;8.7500000e+01;9.3419328e-02;8.7500000e+01;1.2347470e-01;8.7500000e+01;1.5312636e-01;8.7500000e+01;1.7634541e-01;8.7500000e+01;1.9545127e-01;8.7500000e+01;2.1774825e-01;8.7500000e+01;2.3789437e-01;8.7500000e+01;2.4612373e-01;8.7500000e+01;2.2608860e-01;8.7500000e+01;1.8580940e-01;8.7500000e+01;1.3420953e-01;8.7500000e+01;8.2969695e-02;8.7500000e+01;3.6132529e-02;8.7500000e+01;-5.3787972e-03;8.7500000e+01;4.7445567e-03;8.7500000e+01;2.0307094e-02;8.7500000e+01;4.0535614e-02;8.7500000e+01;6.4928062e-02;8.7500000e+01;9.3419328e-02;8.7500000e+01;1.2347470e-01;8.7500000e+01;1.5312636e-01;8.7500000e+01;1.7634541e-01;8.7500000e+01;1.9545127e-01;8.7500000e+01;2.1774825e-01;8.7500000e+01;2.3789437e-01;8.7500000e+01;2.4612373e-01;8.7500000e+01;2.2608860e-01;8.7500000e+01;1.8580940e-01;8.7500000e+01;1.3420953e-01;8.7500000e+01;8.2969695e-02;8.7500000e+01;3.6132529e-02;8.7500000e+01;-5.3787972e-03;8.7500000e+01;4.7445567e-03;8.7500000e+01;2.0307094e-02;8.7500000e+01;4.0535614e-02;8.7500000e+01;6.4928062e-02;8.7500000e+01;9.3419328e-02;8.7500000e+01;1.2347470e-01;8.7500000e+01;1.5312636e-01;8.7500000e+01;1.7634541e-01;8.7500000e+01;1.9545127e-01;8.7500000e+01;2.1774825e-01;8.7500000e+01;2.3789437e-01;8.7500000e+01;2.4612373e-01;8.7500000e+01;2.2608860e-01;8.7500000e+01;1.8580940e-01;8.7500000e+01;1.3420953e-01;8.7500000e+01;8.2969695e-02;8.7500000e+01;3.6132529e-02;8.7500000e+01;-5.3787972e-03;8.7500000e+01;4.7445567e-03;8.7500000e+01;2.0307094e-02;8.7500000e+01;4.0535614e-02;8.7500000e+01;6.4928062e-02;8.7500000e+01;9.3419328e-02;8.7500000e+01;1.2347470e-01;8.7500000e+01;1.5312636e-01;8.7500000e+01;1.7634541e-01;8.7500000e+01;1.9545127e-01;8.7500000e+01;2.1774825e-01;8.7500000e+01;2.3789437e-01;8.7500000e+01;2.4612373e-01;8.7500000e+01;2.2608860e-01;8.7500000e+01;1.8580940e-01;8.7500000e+01;1.3420953e-01;8.7500000e+01;8.2969695e-02;8.7500000e+01;3.6132529e-02;8.7500000e+01;-5.3787972e-03;8.7500000e+01;4.7445567e-03;8.7500000e+01;2.0307094e-02;8.7500000e+01;4.0535614e-02;8.7500000e+01;6.4928062e-02;8.7500000e+01;9.3419328e-02;8.7500000e+01;1.2347470e-01;8.7500000e+01;1.5312636e-01;8.7500000e+01;1.7634541e-01;8.7500000e+01;1.9545127e-01;8.7500000e+01;2.1774825e-01;8.7500000e+01;2.3789437e-01;8.7500000e+01;2.4612373e-01;8.7500000e+01;2.2608860e-01;8.7500000e+01;1.8580940e-01;8.7500000e+01;1.3420953e-01;8.7500000e+01;8.2969695e-02;8.7500000e+01;3.6132529e-02;8.7500000e+01;-5.3787972e-03;8.7500000e+01;4.7445567e-03;8.7500000e+01;2.0307094e-02;8.7500000e+01;4.0535614e-02;8.7500000e+01;6.4928062e-02;8.7500000e+01;9.3419328e-02;8.7500000e+01;1.2347470e-01;8.7500000e+01;1.5312636e-01;8.7500000e+01;1.7634541e-01;8.7500000e+01;1.9545127e-01;8.7500000e+01;2.1774825e-01;8.7500000e+01;2.3789437e-01;8.7500000e+01;2.4612373e-01;8.7500000e+01;2.2608860e-01;8.7500000e+01;1.8580940e-01;8.7500000e+01;1.3420953e-01;8.7500000e+01;8.2969695e-02;8.7500000e+01;3.6132529e-02;8.7500000e+01;-5.3787972e-03;8.7500000e+01;4.7445567e-03;8.7500000e+01;2.0307094e-02;8.7500000e+01;4.0535614e-02;8.7500000e+01;6.4928062e-02;8.7500000e+01;9.3419328e-02;8.7500000e+01;1.2347470e-01;8.7500000e+01;1.5312636e-01;8.7500000e+01;1.7634541e-01;8.7500000e+01;1.9545127e-01;8.7500000e+01;2.1774825e-01;8.7500000e+01;2.3789437e-01;8.7500000e+01;2.4612373e-01;8.7500000e+01;2.2608860e-01;8.7500000e+01;1.8580940e-01;8.7500000e+01;1.3420953e-01;8.7500000e+01;8.2969695e-02;8.7500000e+01;3.6132529e-02;8.7500000e+01;-5.3787972e-03;8.7500000e+01;4.7445567e-03;8.7500000e+01;2.0307094e-02;8.7500000e+01;4.0535614e-02;8.7500000e+01;6.4928062e-02;8.7500000e+01;9.3419328e-02;8.7500000e+01;1.2347470e-01;8.7500000e+01;1.5312636e-01;8.7500000e+01;1.7634541e-01;8.7500000e+01;1.9545127e-01;8.7500000e+01;2.1774825e-01;8.7500000e+01;2.3789437e-01;8.7500000e+01;2.4612373e-01;8.7500000e+01;2.2608860e-01;8.7500000e+01;1.8580940e-01;8.7500000e+01;1.3420953e-01;8.7500000e+01;8.2969695e-02;8.7500000e+01;3.6132529e-02;8.7500000e+01;-5.3787972e-03;8.7500000e+01;4.7445567e-03;8.7500000e+01;2.0307094e-02;8.7500000e+01;4.0535614e-02;8.7500000e+01;6.4928062e-02;8.7500000e+01;9.3419328e-02;8.7500000e+01;1.2347470e-01;8.7500000e+01;1.5312636e-01;8.7500000e+01;1.7634541e-01;8.7500000e+01;1.9545127e-01;8.7500000e+01;2.1774825e-01;8.7500000e+01;2.3789437e-01;8.7500000e+01;2.4612373e-01;8.7500000e+01;2.2608860e-01;8.7500000e+01;1.8580940e-01;8.7500000e+01;1.3420953e-01;8.7500000e+01;8.2969695e-02;8.7500000e+01;3.6132529e-02;8.7500000e+01;-5.3787972e-03;8.7500000e+01;4.7445567e-03;8.7500000e+01;2.0307094e-02;8.7500000e+01;4.0535614e-02;8.7500000e+01;6.4928062e-02;8.7500000e+01;9.3419328e-02;8.7500000e+01;1.2347470e-01;8.7500000e+01;1.5312636e-01;8.7500000e+01;1.7634541e-01;8.7500000e+01;1.9545127e-01;8.7500000e+01;2.1774825e-01;8.7500000e+01;2.3789437e-01;8.7500000e+01;2.4612373e-01;8.7500000e+01;2.2608860e-01;8.7500000e+01;1.8580940e-01;8.7500000e+01;1.3420953e-01;8.7500000e+01;8.2969695e-02;8.7500000e+01;3.6132529e-02;8.7500000e+01;-5.3787972e-03;8.7500000e+01;4.7445567e-03;8.7500000e+01;2.0307094e-02;8.7500000e+01;4.0535614e-02;8.7500000e+01;6.4928062e-02;8.7500000e+01;9.3419328e-02;8.7500000e+01;1.2347470e-01;8.7500000e+01;1.5312636e-01;8.7500000e+01;1.7634541e-01;8.7500000e+01;1.9545127e-01;8.7500000e+01;2.1774825e-01;8.7500000e+01;2.3789437e-01;8.7500000e+01;2.4612373e-01;8.7500000e+01;2.2608860e-01;8.7500000e+01;1.8580940e-01;8.7500000e+01;1.3420953e-01;8.7500000e+01;8.2969695e-02;8.7500000e+01;3.6132529e-02;8.7500000e+01;-5.3787972e-03;8.7500000e+01;4.7445567e-03;8.7500000e+01;2.0307094e-02;8.7500000e+01;4.0535614e-02;8.7500000e+01;6.4928062e-02;8.7500000e+01;9.3419328e-02;8.7500000e+01;1.2347470e-01;8.7500000e+01;1.5312636e-01;8.7500000e+01;1.7634541e-01;8.7500000e+01;1.9545127e-01;8.7500000e+01;2.1774825e-01;8.7500000e+01;2.3789437e-01;8.7500000e+01;2.4612373e-01;8.7500000e+01;2.2608860e-01;8.7500000e+01;1.8580940e-01;8.7500000e+01;1.3420953e-01;8.7500000e+01;8.2969695e-02;8.7500000e+01;3.6132529e-02;8.7500000e+01;-5.3787972e-03;8.7500000e+01;4.7445567e-03;8.7500000e+01;2.0307094e-02;8.7500000e+01;4.0535614e-02;8.7500000e+01;6.4928062e-02;8.7500000e+01;9.3419328e-02;8.7500000e+01;1.2347470e-01;8.7500000e+01;1.5312636e-01;8.7500000e+01;1.7634541e-01;8.7500000e+01;1.9545127e-01;8.7500000e+01;2.1774825e-01;8.7500000e+01;2.3789437e-01;8.7500000e+01;2.4612373e-01;8.7500000e+01;2.2608860e-01;8.7500000e+01;1.8580940e-01;8.7500000e+01;1.3420953e-01;8.7500000e+01;8.2969695e-02;8.7500000e+01;3.6132529e-02;8.7500000e+01;-5.3787972e-03;8.7500000e+01;4.7445567e-03;8.7500000e+01;2.0307094e-02;8.7500000e+01;4.0535614e-02;8.7500000e+01;6.4928062e-02;8.7500000e+01;9.3419328e-02;8.7500000e+01;1.2347470e-01;8.7500000e+01;1.5312636e-01;8.7500000e+01;1.7634541e-01;8.7500000e+01;1.9545127e-01;8.7500000e+01;2.1774825e-01;8.7500000e+01;2.3789437e-01;8.7500000e+01;2.4612373e-01;8.7500000e+01;2.2608860e-01;8.7500000e+01;1.8580940e-01;8.7500000e+01;1.3420953e-01;8.7500000e+01;8.2969695e-02;8.7500000e+01;3.6132529e-02;8.7500000e+01;-5.3787972e-03;8.7500000e+01;4.7445567e-03;8.7500000e+01;2.0307094e-02;8.7500000e+01;4.0535614e-02;8.7500000e+01;6.4928062e-02;8.7500000e+01;9.3419328e-02;8.7500000e+01;1.2347470e-01;8.7500000e+01;1.5312636e-01;8.7500000e+01;1.7634541e-01;8.7500000e+01;1.9545127e-01;8.7500000e+01;2.1774825e-01;8.7500000e+01;2.3789437e-01;8.7500000e+01;2.4612373e-01;8.7500000e+01;2.2608860e-01;8.7500000e+01;1.8580940e-01;8.7500000e+01;1.3420953e-01;8.7500000e+01;8.2969695e-02;8.7500000e+01;3.6132529e-02;8.7500000e+01;-5.3787972e-03;8.7500000e+01;4.7445567e-03;8.7500000e+01;2.0307094e-02;8.7500000e+01;4.0535614e-02;8.7500000e+01;6.4928062e-02;8.7500000e+01;9.3419328e-02;8.7500000e+01;1.2347470e-01;8.7500000e+01;1.5312636e-01;8.7500000e+01;1.7634541e-01;8.7500000e+01;1.9545127e-01;8.7500000e+01;2.1774825e-01;8.7500000e+01;2.3789437e-01;8.7500000e+01;2.4612373e-01;8.7500000e+01;2.2608860e-01;8.7500000e+01;1.8580940e-01;8.7500000e+01;1.3420953e-01;8.7500000e+01;8.2969695e-02;8.7500000e+01;3.6132529e-02;8.7500000e+01;-5.3787972e-03;8.7500000e+01;4.7445567e-03;8.7500000e+01;2.0307094e-02;8.7500000e+01;4.0535614e-02;8.7500000e+01;6.4928062e-02;8.7500000e+01;9.3419328e-02;8.7500000e+01;1.2347470e-01;8.7500000e+01;1.5312636e-01;8.7500000e+01;1.7634541e-01;8.7500000e+01;1.9545127e-01;8.7500000e+01;2.1774825e-01;8.7500000e+01;2.3789437e-01;8.7500000e+01;2.4612373e-01;8.7500000e+01;2.2608860e-01;8.7500000e+01;1.8580940e-01;8.7500000e+01;1.3420953e-01;8.7500000e+01;8.2969695e-02;8.7500000e+01;3.6132529e-02;8.7500000e+01;-5.3787972e-03;8.7500000e+01;4.7445567e-03;8.7500000e+01;2.0307094e-02;8.7500000e+01;4.0535614e-02;8.7500000e+01;6.4928062e-02;8.7500000e+01;9.3419328e-02;8.7500000e+01;1.2347470e-01;8.7500000e+01;1.5312636e-01;8.7500000e+01;1.7634541e-01;8.7500000e+01;1.9545127e-01;8.7500000e+01;2.1774825e-01;8.7500000e+01;2.3789437e-01;8.7500000e+01;2.4612373e-01;8.7500000e+01;2.2608860e-01;8.7500000e+01;1.8580940e-01;8.7500000e+01;1.3420953e-01;8.7500000e+01;8.2969695e-02;8.7500000e+01;3.6132529e-02;8.7500000e+01;-5.3787972e-03;8.7500000e+01;4.7445567e-03;8.7500000e+01;2.0307094e-02;8.7500000e+01;4.0535614e-02;8.7500000e+01;6.4928062e-02;8.7500000e+01;9.3419328e-02;8.7500000e+01;1.2347470e-01;8.7500000e+01;1.5312636e-01;8.7500000e+01;1.7634541e-01;8.7500000e+01;1.9545127e-01;8.7500000e+01;2.1774825e-01;8.7500000e+01;2.3789437e-01;8.7500000e+01;2.4612373e-01;8.7500000e+01;2.2608860e-01;8.7500000e+01;1.8580940e-01;8.7500000e+01;1.3420953e-01;8.7500000e+01;8.2969695e-02;8.7500000e+01;3.6132529e-02;8.7500000e+01;-5.3787972e-03;8.7500000e+01;4.7445567e-03;8.7500000e+01;2.0307094e-02;8.7500000e+01;4.0535614e-02;8.7500000e+01;6.4928062e-02;8.7500000e+01;9.3419328e-02;8.7500000e+01;1.2347470e-01;8.7500000e+01;1.5312636e-01;8.7500000e+01;1.7634541e-01;8.7500000e+01;1.9545127e-01;8.7500000e+01;2.1774825e-01;8.7500000e+01;2.3789437e-01;8.7500000e+01;2.4612373e-01;8.7500000e+01;2.2608860e-01;8.7500000e+01;1.8580940e-01;8.7500000e+01;1.3420953e-01;8.7500000e+01;8.2969695e-02;8.7500000e+01;3.6132529e-02;8.7500000e+01;-5.3787972e-03;8.7500000e+01;4.7445567e-03;8.7500000e+01;2.0307094e-02;8.7500000e+01;4.0535614e-02;8.7500000e+01;6.4928062e-02;8.7500000e+01;9.3419328e-02;8.7500000e+01;1.2347470e-01;8.7500000e+01;1.5312636e-01;8.7500000e+01;1.7634541e-01;8.7500000e+01;1.9545127e-01;8.7500000e+01;2.1774825e-01;8.7500000e+01;2.3789437e-01;8.7500000e+01;2.4612373e-01;8.7500000e+01;2.2608860e-01;8.7500000e+01;1.8580940e-01;8.7500000e+01;1.3420953e-01;8.7500000e+01;8.2969695e-02;8.7500000e+01;3.6132529e-02;8.7500000e+01;-5.3787972e-03;8.7500000e+01;4.7445567e-03;8.7500000e+01;2.0307094e-02;8.7500000e+01;4.0535614e-02;8.7500000e+01;6.4928062e-02;8.7500000e+01;9.3419328e-02;8.7500000e+01;1.2347470e-01;8.7500000e+01;1.5312636e-01;8.7500000e+01;1.7634541e-01;8.7500000e+01;1.9545127e-01;8.7500000e+01;2.1774825e-01;8.7500000e+01;2.3789437e-01;8.7500000e+01;2.4612373e-01;8.7500000e+01;2.2608860e-01;8.7500000e+01;1.8580940e-01;8.7500000e+01;1.3420953e-01;8.7500000e+01;8.2969695e-02;8.7500000e+01;3.6132529e-02;8.7500000e+01;-5.3787972e-03;8.7500000e+01;4.7445567e-03;8.7500000e+01;2.0307094e-02;8.7500000e+01;4.0535614e-02;8.7500000e+01;6.4928062e-02;8.7500000e+01;9.3419328e-02;8.7500000e+01;1.2347470e-01;8.7500000e+01;1.5312636e-01;8.7500000e+01;1.7634541e-01;8.7500000e+01;1.9545127e-01;8.7500000e+01;2.1774825e-01;8.7500000e+01;2.3789437e-01;8.7500000e+01;2.4612373e-01;8.7500000e+01;2.2608860e-01;8.7500000e+01;1.8580940e-01;8.7500000e+01;1.3420953e-01;8.7500000e+01;8.2969695e-02;8.7500000e+01;3.6132529e-02;8.7500000e+01;-5.3787972e-03;8.7500000e+01;4.7445567e-03;8.7500000e+01;2.0307094e-02;8.7500000e+01;4.0535614e-02;8.7500000e+01;6.4928062e-02;8.7500000e+01;9.3419328e-02;8.7500000e+01;1.2347470e-01;8.7500000e+01;1.5312636e-01;8.7500000e+01;1.7634541e-01;8.7500000e+01;1.9545127e-01;8.7500000e+01;2.1774825e-01;8.7500000e+01;2.3789437e-01;8.7500000e+01;2.4612373e-01;8.7500000e+01;2.2608860e-01;8.7500000e+01;1.8580940e-01;8.7500000e+01;1.3420953e-01;8.7500000e+01;8.2969695e-02;8.7500000e+01;3.6132529e-02;8.7500000e+01;-5.3787972e-03;8.7500000e+01;4.7445567e-03;8.7500000e+01;2.0307094e-02;8.7500000e+01;4.0535614e-02;8.7500000e+01;6.4928062e-02;8.7500000e+01;9.3419328e-02;8.7500000e+01;1.2347470e-01;8.7500000e+01;1.5312636e-01;8.7500000e+01;1.7634541e-01;8.7500000e+01;1.9545127e-01;8.7500000e+01;2.1774825e-01;8.7500000e+01;2.3789437e-01;8.7500000e+01;2.4612373e-01;8.7500000e+01;2.2608860e-01;8.7500000e+01;1.8580940e-01;8.7500000e+01;1.3420953e-01;8.7500000e+01;8.2969695e-02;8.7500000e+01;3.6132529e-02;8.7500000e+01;-5.3787972e-03;8.7500000e+01;4.7445567e-03;8.7500000e+01;2.0307094e-02;8.7500000e+01;4.0535614e-02;8.7500000e+01;6.4928062e-02;8.7500000e+01;9.3419328e-02;8.7500000e+01;1.2347470e-01;8.7500000e+01;1.5312636e-01;8.7500000e+01;1.7634541e-01;8.7500000e+01;1.9545127e-01;8.7500000e+01;2.1774825e-01;8.7500000e+01;2.3789437e-01;8.7500000e+01;2.4612373e-01;8.7500000e+01;2.2608860e-01;8.7500000e+01;1.8580940e-01;8.7500000e+01;1.3420953e-01;8.7500000e+01;8.2969695e-02;8.7500000e+01;3.6132529e-02;8.7500000e+01;-5.3787972e-03;8.7500000e+01;4.7445567e-03;8.7500000e+01;2.0307094e-02;8.7500000e+01;4.0535614e-02;8.7500000e+01;6.4928062e-02;8.7500000e+01;9.3419328e-02;8.7500000e+01;1.2347470e-01;8.7500000e+01;1.5312636e-01;8.7500000e+01;1.7634541e-01;8.7500000e+01;1.9545127e-01;8.7500000e+01;2.1774825e-01;8.7500000e+01;2.3789437e-01;8.7500000e+01;2.4612373e-01;8.7500000e+01;2.2608860e-01;8.7500000e+01;1.8580940e-01;8.7500000e+01;1.3420953e-01;8.7500000e+01;8.2969695e-02;8.7500000e+01;3.6132529e-02;8.7500000e+01;-5.3787972e-03;8.7500000e+01;4.7445567e-03;8.7500000e+01;2.0307094e-02;8.7500000e+01;4.0535614e-02;8.7500000e+01;6.4928062e-02;8.7500000e+01;9.3419328e-02;8.7500000e+01;1.2347470e-01;8.7500000e+01;1.5312636e-01;8.7500000e+01;1.7634541e-01;8.7500000e+01;1.9545127e-01;8.7500000e+01;2.1774825e-01;8.7500000e+01;2.3789437e-01;8.7500000e+01;2.4612373e-01;8.7500000e+01;2.2608860e-01;8.7500000e+01;1.8580940e-01;8.7500000e+01;1.3420953e-01;8.7500000e+01;8.2969695e-02;8.7500000e+01;3.6132529e-02;8.7500000e+01;-5.3787972e-03;8.7500000e+01;4.7445567e-03;8.7500000e+01;2.0307094e-02;8.7500000e+01;4.0535614e-02;8.7500000e+01;6.4928062e-02;8.7500000e+01;9.3419328e-02;8.7500000e+01;1.2347470e-01;8.7500000e+01;1.5312636e-01;8.7500000e+01;1.7634541e-01;8.7500000e+01;1.9545127e-01;8.7500000e+01;2.1774825e-01;8.7500000e+01;2.3789437e-01;8.7500000e+01;2.4612373e-01;8.7500000e+01;2.2608860e-01;8.7500000e+01;1.8580940e-01;8.7500000e+01;1.3420953e-01;8.7500000e+01;8.2969695e-02;8.7500000e+01;3.6132529e-02;8.7500000e+01;-5.3787972e-03;8.7500000e+01;4.7445567e-03;8.7500000e+01;2.0307094e-02;8.7500000e+01;4.0535614e-02;8.7500000e+01;6.4928062e-02;8.7500000e+01;9.3419328e-02;8.7500000e+01;1.2347470e-01;8.7500000e+01;1.5312636e-01;8.7500000e+01;1.7634541e-01;8.7500000e+01;1.9545127e-01;8.7500000e+01;2.1774825e-01;8.7500000e+01;2.3789437e-01;8.7500000e+01;2.4612373e-01;8.7500000e+01;2.2608860e-01;8.7500000e+01;1.8580940e-01;8.7500000e+01;1.3420953e-01;8.7500000e+01;8.2969695e-02;8.7500000e+01;3.6132529e-02;8.7500000e+01;-5.3787972e-03;8.7500000e+01;4.7445567e-03;8.7500000e+01;2.0307094e-02;8.7500000e+01;4.0535614e-02;8.7500000e+01;6.4928062e-02;8.7500000e+01;9.3419328e-02;8.7500000e+01;1.2347470e-01;8.7500000e+01;1.5312636e-01;8.7500000e+01;1.7634541e-01;8.7500000e+01;1.9545127e-01;8.7500000e+01;2.1774825e-01;8.7500000e+01;2.3789437e-01;8.7500000e+01;2.4612373e-01;8.7500000e+01;2.2608860e-01;8.7500000e+01;1.8580940e-01;8.7500000e+01;1.3420953e-01;8.7500000e+01;8.2969695e-02;8.7500000e+01;3.6132529e-02;8.7500000e+01;-5.3787972e-03;8.7500000e+01;4.7445567e-03;8.7500000e+01;2.0307094e-02;8.7500000e+01;4.0535614e-02;8.7500000e+01;6.4928062e-02;8.7500000e+01;9.3419328e-02;8.7500000e+01;1.2347470e-01;8.7500000e+01;1.5312636e-01;8.7500000e+01;1.7634541e-01;8.7500000e+01;1.9545127e-01;8.7500000e+01;2.1774825e-01;8.7500000e+01;2.3789437e-01;8.7500000e+01;2.4612373e-01;8.7500000e+01;2.2608860e-01;8.7500000e+01;1.8580940e-01;8.7500000e+01;1.3420953e-01;8.7500000e+01;8.2969695e-02;8.7500000e+01;3.6132529e-02;8.7500000e+01;-5.3787972e-03;8.7500000e+01;4.7445567e-03;8.7500000e+01;2.0307094e-02;8.7500000e+01;4.0535614e-02;8.7500000e+01;6.4928062e-02;8.7500000e+01;9.3419328e-02;8.7500000e+01;1.2347470e-01;8.7500000e+01;1.5312636e-01;8.7500000e+01;1.7634541e-01;8.7500000e+01;1.9545127e-01;8.7500000e+01;2.1774825e-01;8.7500000e+01;2.3789437e-01;8.7500000e+01;2.4612373e-01;8.7500000e+01;2.2608860e-01;8.7500000e+01;1.8580940e-01;8.7500000e+01;1.3420953e-01;8.7500000e+01;8.2969695e-02;8.7500000e+01;3.6132529e-02;8.7500000e+01;-5.3787972e-03;8.7500000e+01;4.7445567e-03;8.7500000e+01;2.0307094e-02;8.7500000e+01;4.0535614e-02;8.7500000e+01;6.4928062e-02;8.7500000e+01;9.3419328e-02;8.7500000e+01;1.2347470e-01;8.7500000e+01;1.5312636e-01;8.7500000e+01;1.7634541e-01;8.7500000e+01;1.9545127e-01;8.7500000e+01;2.1774825e-01;8.7500000e+01;2.3789437e-01;8.7500000e+01;2.4612373e-01;8.7500000e+01;2.2608860e-01;8.7500000e+01;1.8580940e-01;8.7500000e+01;1.3420953e-01;8.7500000e+01;8.2969695e-02;8.7500000e+01;3.6132529e-02;8.7500000e+01;-5.3787972e-03;8.7500000e+01;4.7445567e-03;8.7500000e+01;2.0307094e-02;8.7500000e+01;4.0535614e-02;8.7500000e+01;6.4928062e-02;8.7500000e+01;9.3419328e-02;8.7500000e+01;1.2347470e-01;8.7500000e+01;1.5312636e-01;8.7500000e+01;1.7634541e-01;8.7500000e+01;1.9545127e-01;8.7500000e+01;2.1774825e-01;8.7500000e+01;2.3789437e-01;8.7500000e+01;2.4612373e-01;8.7500000e+01;2.2608860e-01;8.7500000e+01;1.8580940e-01;8.7500000e+01;1.3420953e-01;8.7500000e+01;8.2969695e-02;8.7500000e+01;3.6132529e-02;8.7500000e+01;-5.3787972e-03;8.7500000e+01;4.7445567e-03;8.7500000e+01;2.0307094e-02;8.7500000e+01;4.0535614e-02;8.7500000e+01;6.4928062e-02;8.7500000e+01;9.3419328e-02;8.7500000e+01;1.2347470e-01;8.7500000e+01;1.5312636e-01;8.7500000e+01;1.7634541e-01;8.7500000e+01;1.9545127e-01;8.7500000e+01;2.1774825e-01;8.7500000e+01;2.3789437e-01;8.7500000e+01;2.4612373e-01;8.7500000e+01;2.2608860e-01;8.7500000e+01;1.8580940e-01;8.7500000e+01;1.3420953e-01;8.7500000e+01;8.2969695e-02;8.7500000e+01;3.6132529e-02;8.7500000e+01;-5.3787972e-03;8.7500000e+01;4.7445567e-03;8.7500000e+01;2.0307094e-02;8.7500000e+01;4.0535614e-02;8.7500000e+01;6.4928062e-02;8.7500000e+01;9.3419328e-02;8.7500000e+01;1.2347470e-01;8.7500000e+01;1.5312636e-01;8.7500000e+01;1.7634541e-01;8.7500000e+01;1.9545127e-01;8.7500000e+01;2.1774825e-01;8.7500000e+01;2.3789437e-01;8.7500000e+01;2.4612373e-01;8.7500000e+01;2.2608860e-01;8.7500000e+01;1.8580940e-01;8.7500000e+01;1.3420953e-01;8.7500000e+01;8.2969695e-02;8.7500000e+01;3.6132529e-02;8.7500000e+01;-5.3787972e-03;8.7500000e+01;4.7445567e-03;8.7500000e+01;2.0307094e-02;8.7500000e+01;4.0535614e-02;8.7500000e+01;6.4928062e-02;8.7500000e+01;9.3419328e-02;8.7500000e+01;1.2347470e-01;8.7500000e+01;1.5312636e-01;8.7500000e+01;1.7634541e-01;8.7500000e+01;1.9545127e-01;8.7500000e+01;2.1774825e-01;8.7500000e+01;2.3789437e-01;8.7500000e+01;2.4612373e-01;8.7500000e+01;2.2608860e-01;8.7500000e+01;1.8580940e-01;8.7500000e+01;1.3420953e-01;8.7500000e+01;8.2969695e-02;8.7500000e+01;3.6132529e-02;8.7500000e+01;-5.3787972e-03;8.7500000e+01;4.7445567e-03;8.7500000e+01;2.0307094e-02;8.7500000e+01;4.0535614e-02;8.7500000e+01;6.4928062e-02;8.7500000e+01;9.3419328e-02;8.7500000e+01;1.2347470e-01;8.7500000e+01;1.5312636e-01;8.7500000e+01;1.7634541e-01;8.7500000e+01;1.9545127e-01;8.7500000e+01;2.1774825e-01;8.7500000e+01;2.3789437e-01;8.7500000e+01;2.4612373e-01;8.7500000e+01;2.2608860e-01;8.7500000e+01;1.8580940e-01;8.7500000e+01;1.3420953e-01;8.7500000e+01;8.2969695e-02;8.7500000e+01;3.6132529e-02;8.7500000e+01;-5.3787972e-03;8.7500000e+01;4.7445567e-03;8.7500000e+01;2.0307094e-02;8.7500000e+01;4.0535614e-02;8.7500000e+01;6.4928062e-02;8.7500000e+01;9.3419328e-02;8.7500000e+01;1.2347470e-01;8.7500000e+01;1.5312636e-01;8.7500000e+01;1.7634541e-01;8.7500000e+01;1.9545127e-01;8.7500000e+01;2.1774825e-01;8.7500000e+01;2.3789437e-01;8.7500000e+01;2.4612373e-01;8.7500000e+01;2.2608860e-01;8.7500000e+01;1.8580940e-01;8.7500000e+01;1.3420953e-01;8.7500000e+01;8.2969695e-02;8.7500000e+01;3.6132529e-02;8.7500000e+01;-5.3787972e-03;8.7500000e+01;4.7445567e-03;8.7500000e+01;2.0307094e-02;8.7500000e+01;4.0535614e-02;8.7500000e+01;6.4928062e-02;8.7500000e+01;9.3419328e-02;8.7500000e+01;1.2347470e-01;8.7500000e+01;1.5312636e-01;8.7500000e+01;1.7634541e-01;8.7500000e+01;1.9545127e-01;8.7500000e+01;2.1774825e-01;8.7500000e+01;2.3789437e-01;8.7500000e+01;2.4612373e-01;8.7500000e+01;2.2608860e-01;8.7500000e+01;1.8580940e-01;8.7500000e+01;1.3420953e-01;8.7500000e+01;8.2969695e-02;8.7500000e+01;3.6132529e-02;8.7500000e+01;-5.3787972e-03;8.7500000e+01;4.7445567e-03;8.7500000e+01;2.0307094e-02;8.7500000e+01;4.0535614e-02;8.7500000e+01;6.4928062e-02;8.7500000e+01;9.3419328e-02;8.7500000e+01;1.2347470e-01;8.7500000e+01;1.5312636e-01;8.7500000e+01;1.7634541e-01;8.7500000e+01;1.9545127e-01;8.7500000e+01;2.1774825e-01;8.7500000e+01;2.3789437e-01;8.7500000e+01;2.4612373e-01;8.7500000e+01;2.2608860e-01;8.7500000e+01;1.8580940e-01;8.7500000e+01;1.3420953e-01;8.7500000e+01;8.2969695e-02;8.7500000e+01;3.6132529e-02;8.7500000e+01;-5.3787972e-03;8.7500000e+01;4.7445567e-03;8.7500000e+01;2.0307094e-02;8.7500000e+01;4.0535614e-02;8.7500000e+01;6.4928062e-02;8.7500000e+01;9.3419328e-02;8.7500000e+01;1.2347470e-01;8.7500000e+01;1.5312636e-01;8.7500000e+01;1.7634541e-01;8.7500000e+01;1.9545127e-01;8.7500000e+01;2.1774825e-01;8.7500000e+01;2.3789437e-01;8.7500000e+01;2.4612373e-01;8.7500000e+01;2.2608860e-01;8.7500000e+01;1.8580940e-01;8.7500000e+01;1.3420953e-01;8.7500000e+01;8.2969695e-02;8.7500000e+01;3.6132529e-02;8.7500000e+01;-5.3787972e-03;8.7500000e+01;4.7445567e-03;8.7500000e+01;2.0307094e-02;8.7500000e+01;4.0535614e-02;8.7500000e+01;6.4928062e-02;8.7500000e+01;9.3419328e-02;8.7500000e+01;1.2347470e-01;8.7500000e+01;1.5312636e-01;8.7500000e+01;1.7634541e-01;8.7500000e+01;1.9545127e-01;8.7500000e+01;2.1774825e-01;8.7500000e+01;2.3789437e-01;8.7500000e+01;2.4612373e-01;8.7500000e+01;2.2608860e-01;8.7500000e+01;1.8580940e-01;8.7500000e+01;1.3420953e-01;8.7500000e+01;8.2969695e-02;8.7500000e+01;3.6132529e-02;8.7500000e+01;-5.3787972e-03;8.7500000e+01;4.7445567e-03;8.7500000e+01;2.0307094e-02;8.7500000e+01;4.0535614e-02;8.7500000e+01;6.4928062e-02;8.7500000e+01;9.3419328e-02;8.7500000e+01;1.2347470e-01;8.7500000e+01;1.5312636e-01;8.7500000e+01;1.7634541e-01;8.7500000e+01;1.9545127e-01;8.7500000e+01;2.1774825e-01;8.7500000e+01;2.3789437e-01;8.7500000e+01;2.4612373e-01;8.7500000e+01;2.2608860e-01;8.7500000e+01;1.8580940e-01;8.7500000e+01;1.3420953e-01;8.7500000e+01;8.2969695e-02;8.7500000e+01;3.6132529e-02;8.7500000e+01;-5.3787972e-03;8.7500000e+01;4.7445567e-03;8.7500000e+01;2.0307094e-02;8.7500000e+01;4.0535614e-02;8.7500000e+01;6.4928062e-02;8.7500000e+01;9.3419328e-02;8.7500000e+01;1.2347470e-01;8.7500000e+01;1.5312636e-01;8.7500000e+01;1.7634541e-01;8.7500000e+01;1.9545127e-01;8.7500000e+01;2.1774825e-01;8.7500000e+01;2.3789437e-01;8.7500000e+01;2.4612373e-01;8.7500000e+01;2.2608860e-01;8.7500000e+01;1.8580940e-01;8.7500000e+01;1.3420953e-01;8.7500000e+01;8.2969695e-02;8.7500000e+01;3.6132529e-02;8.7500000e+01;-5.3787972e-03;8.7500000e+01;4.7445567e-03;8.7500000e+01;2.0307094e-02;8.7500000e+01;4.0535614e-02;8.7500000e+01;6.4928062e-02;8.7500000e+01;9.3419328e-02;8.7500000e+01;1.2347470e-01;8.7500000e+01;1.5312636e-01;8.7500000e+01;1.7634541e-01;8.7500000e+01;1.9545127e-01;8.7500000e+01;2.1774825e-01;8.7500000e+01;2.3789437e-01;8.7500000e+01;2.4612373e-01;8.7500000e+01;2.2608860e-01;8.7500000e+01;1.8580940e-01;8.7500000e+01;1.3420953e-01;8.7500000e+01;8.2969695e-02;8.7500000e+01;3.6132529e-02;8.7500000e+01;-5.3787972e-03;8.7500000e+01;4.7445567e-03;8.7500000e+01;2.0307094e-02;8.7500000e+01;4.0535614e-02;8.7500000e+01;6.4928062e-02;8.7500000e+01;9.3419328e-02;8.7500000e+01;1.2347470e-01;8.7500000e+01;1.5312636e-01;8.7500000e+01;1.7634541e-01;8.7500000e+01;1.9545127e-01;8.7500000e+01;2.1774825e-01;8.7500000e+01;2.3789437e-01;8.7500000e+01;2.4612373e-01;8.7500000e+01;2.2608860e-01;8.7500000e+01;1.8580940e-01;8.7500000e+01;1.3420953e-01;8.7500000e+01;8.2969695e-02;8.7500000e+01;3.6132529e-02;8.7500000e+01;-5.3787972e-03;8.7500000e+01;4.7445567e-03;8.7500000e+01;2.0307094e-02;8.7500000e+01;4.0535614e-02;8.7500000e+01;6.4928062e-02;8.7500000e+01;9.3419328e-02;8.7500000e+01;1.2347470e-01;8.7500000e+01;1.5312636e-01;8.7500000e+01;1.7634541e-01;8.7500000e+01;1.9545127e-01;8.7500000e+01;2.1774825e-01;8.7500000e+01;2.3789437e-01;8.7500000e+01;2.4612373e-01;8.7500000e+01;2.2608860e-01;8.7500000e+01;1.8580940e-01;8.7500000e+01;1.3420953e-01;8.7500000e+01;8.2969695e-02;8.7500000e+01;3.6132529e-02;8.7500000e+01;-5.3787972e-03;8.7500000e+01;4.7445567e-03;8.7500000e+01;2.0307094e-02;8.7500000e+01;4.0535614e-02;8.7500000e+01;6.4928062e-02;8.7500000e+01;9.3419328e-02;8.7500000e+01;1.2347470e-01;8.7500000e+01;1.5312636e-01;8.7500000e+01;1.7634541e-01;8.7500000e+01;1.9545127e-01;8.7500000e+01;2.1774825e-01;8.7500000e+01;2.3789437e-01;8.7500000e+01;2.4612373e-01;8.7500000e+01;2.2608860e-01;8.7500000e+01;1.8580940e-01;8.7500000e+01;1.3420953e-01;8.7500000e+01;8.2969695e-02;8.7500000e+01;3.6132529e-02;8.7500000e+01;-5.3787972e-03;8.7500000e+01;4.7445567e-03;8.7500000e+01;2.0307094e-02;8.7500000e+01;4.0535614e-02;8.7500000e+01;6.4928062e-02;8.7500000e+01;9.3419328e-02;8.7500000e+01;1.2347470e-01;8.7500000e+01;1.5312636e-01;8.7500000e+01;1.7634541e-01;8.7500000e+01;1.9545127e-01;8.7500000e+01;2.1774825e-01;8.7500000e+01;2.3789437e-01;8.7500000e+01;2.4612373e-01;8.7500000e+01;2.2608860e-01;8.7500000e+01;1.8580940e-01;8.7500000e+01;1.3420953e-01;8.7500000e+01;8.2969695e-02;8.7500000e+01;3.6132529e-02;8.7500000e+01;-5.3787972e-03;8.7500000e+01;4.7445567e-03;8.7500000e+01;2.0307094e-02;8.7500000e+01;4.0535614e-02;8.7500000e+01;6.4928062e-02;8.7500000e+01;9.3419328e-02;8.7500000e+01;1.2347470e-01;8.7500000e+01;1.5312636e-01;8.7500000e+01;1.7634541e-01;8.7500000e+01;1.9545127e-01;8.7500000e+01;2.1774825e-01;8.7500000e+01;2.3789437e-01;8.7500000e+01;2.4612373e-01;8.7500000e+01;2.2608860e-01;8.7500000e+01;1.8580940e-01;8.7500000e+01;1.3420953e-01;8.7500000e+01;8.2969695e-02;8.7500000e+01;3.6132529e-02;8.7500000e+01;-5.3787972e-03;8.7500000e+01;4.7445567e-03;8.7500000e+01;2.0307094e-02;8.7500000e+01;4.0535614e-02;8.7500000e+01;6.4928062e-02;8.7500000e+01;9.3419328e-02;8.7500000e+01;1.2347470e-01;8.7500000e+01;1.5312636e-01;8.7500000e+01;1.7634541e-01;8.7500000e+01;1.9545127e-01;8.7500000e+01;2.1774825e-01;8.7500000e+01;2.3789437e-01;8.7500000e+01;2.4612373e-01;8.7500000e+01;2.2608860e-01;8.7500000e+01;1.8580940e-01;8.7500000e+01;1.3420953e-01;8.7500000e+01;8.2969695e-02;8.7500000e+01;3.6132529e-02;8.7500000e+01;-5.3787972e-03;8.7500000e+01;4.7445567e-03;8.7500000e+01;2.0307094e-02;8.7500000e+01;4.0535614e-02;8.7500000e+01;6.4928062e-02;8.7500000e+01;9.3419328e-02;8.7500000e+01;1.2347470e-01;8.7500000e+01;1.5312636e-01;8.7500000e+01;1.7634541e-01;8.7500000e+01;1.9545127e-01;8.7500000e+01;2.1774825e-01;8.7500000e+01;2.3789437e-01;8.7500000e+01;2.4612373e-01;8.7500000e+01;2.2608860e-01;8.7500000e+01;1.8580940e-01;8.7500000e+01;1.3420953e-01;8.7500000e+01;8.2969695e-02;8.7500000e+01;3.6132529e-02;8.7500000e+01;-5.3787972e-03;8.7500000e+01;4.7445567e-03;8.7500000e+01;2.0307094e-02;8.7500000e+01;4.0535614e-02;8.7500000e+01;6.4928062e-02;8.7500000e+01;9.3419328e-02;8.7500000e+01;1.2347470e-01;8.7500000e+01;1.5312636e-01;8.7500000e+01;1.7634541e-01;8.7500000e+01;1.9545127e-01;8.7500000e+01;2.1774825e-01;8.7500000e+01;2.3789437e-01;8.7500000e+01;2.4612373e-01;8.7500000e+01;2.2608860e-01;8.7500000e+01;1.8580940e-01;8.7500000e+01;1.3420953e-01;8.7500000e+01;8.2969695e-02;8.7500000e+01;3.6132529e-02;8.7500000e+01;-5.3787972e-03;8.7500000e+01;4.7445567e-03;8.7500000e+01;2.0307094e-02;8.7500000e+01;4.0535614e-02;8.7500000e+01;6.4928062e-02;8.7500000e+01;9.3419328e-02;8.7500000e+01;1.2347470e-01;8.7500000e+01;1.5312636e-01;8.7500000e+01;1.7634541e-01;8.7500000e+01;1.9545127e-01;8.7500000e+01;2.1774825e-01;8.7500000e+01;2.3789437e-01;8.7500000e+01;2.4612373e-01;8.7500000e+01;2.2608860e-01;8.7500000e+01;1.8580940e-01;8.7500000e+01;1.3420953e-01;8.7500000e+01;8.2969695e-02;8.7500000e+01;3.6132529e-02;8.7500000e+01;-5.3787972e-03;8.7500000e+01;4.7445567e-03;8.7500000e+01;2.0307094e-02;8.7500000e+01;4.0535614e-02;8.7500000e+01;6.4928062e-02;8.7500000e+01;9.3419328e-02;8.7500000e+01;1.2347470e-01;8.7500000e+01;1.5312636e-01;8.7500000e+01;1.7634541e-01;8.7500000e+01;1.9545127e-01;8.7500000e+01;2.1774825e-01;8.7500000e+01;2.3789437e-01;8.7500000e+01;2.4612373e-01;8.7500000e+01;2.2608860e-01;8.7500000e+01;1.8580940e-01;8.7500000e+01;1.3420953e-01;8.7500000e+01;8.2969695e-02;8.7500000e+01;3.6132529e-02;8.7500000e+01;-5.3787972e-03;8.7500000e+01;4.7445567e-03;8.7500000e+01;2.0307094e-02;8.7500000e+01;4.0535614e-02;8.7500000e+01;6.4928062e-02;8.7500000e+01;9.3419328e-02;8.7500000e+01;1.2347470e-01;8.7500000e+01;1.5312636e-01;8.7500000e+01;1.7634541e-01;8.7500000e+01;1.9545127e-01;8.7500000e+01;2.1774825e-01;8.7500000e+01;2.3789437e-01;8.7500000e+01;2.4612373e-01;8.7500000e+01;2.2608860e-01;8.7500000e+01;1.8580940e-01;8.7500000e+01;1.3420953e-01;8.7500000e+01;8.2969695e-02;8.7500000e+01;3.6132529e-02;8.7500000e+01;-5.3787972e-03;8.7500000e+01;4.7445567e-03;8.7500000e+01;2.0307094e-02;8.7500000e+01;4.0535614e-02;8.7500000e+01;6.4928062e-02;8.7500000e+01;9.3419328e-02;8.7500000e+01;1.2347470e-01;8.7500000e+01;1.5312636e-01;8.7500000e+01;1.7634541e-01;8.7500000e+01;1.9545127e-01;8.7500000e+01;2.1774825e-01;8.7500000e+01;2.3789437e-01;8.7500000e+01;2.4612373e-01;8.7500000e+01;2.2608860e-01;8.7500000e+01;1.8580940e-01;8.7500000e+01;1.3420953e-01;8.7500000e+01;8.2969695e-02;8.7500000e+01;3.6132529e-02
9.2500000e+01;-7.0990231e-03;9.2500000e+01;1.2616068e-03;9.2500000e+01;1.5310822e-02;9.2500000e+01;3.3979438e-02;9.2500000e+01;5.7961859e-02;9.2500000e+01;8.4940374e-02;9.2500000e+01;1.1358834e-01;9.2500000e+01;1.3890752e-01;9.2500000e+01;1.5993889e-01;9.2500000e+01;1.7930967e-01;9.2500000e+01;2.0386209e-01;9.2500000e+01;2.2758831e-01;9.2500000e+01;2.3862495e-01;9.2500000e+01;2.2153926e-01;9.2500000e+01;1.8327041e-01;9.2500000e+01;1.3275301e-01;9.2500000e+01;8.1584267e-02;9.2500000e+01;3.4691222e-02;9.2500000e+01;-7.0990231e-03;9.2500000e+01;1.2616068e-03;9.2500000e+01;1.5310822e-02;9.2500000e+01;3.3979438e-02;9.2500000e+01;5.7961859e-02;9.2500000e+01;8.4940374e-02;9.2500000e+01;1.1358834e-01;9.2500000e+01;1.3890752e-01;9.2500000e+01;1.5993889e-01;9.2500000e+01;1.7930967e-01;9.2500000e+01;2.0386209e-01;9.2500000e+01;2.2758831e-01;9.2500000e+01;2.3862495e-01;9.2500000e+01;2.2153926e-01;9.2500000e+01;1.8327041e-01;9.2500000e+01;1.3275301e-01;9.2500000e+01;8.1584267e-02;9.2500000e+01;3.4691222e-02;9.2500000e+01;-7.0990231e-03;9.2500000e+01;1.2616068e-03;9.2500000e+01;1.5310822e-02;9.2500000e+01;3.3979438e-02;9.2500000e+01;5.7961859e-02;9.2500000e+01;8.4940374e-02;9.2500000e+01;1.1358834e-01;9.2500000e+01;1.3890752e-01;9.2500000e+01;1.5993889e-01;9.2500000e+01;1.7930967e-01;9.2500000e+01;2.0386209e-01;9.2500000e+01;2.2758831e-01;9.2500000e+01;2.3862495e-01;9.2500000e+01;2.2153926e-01;9.2500000e+01;1.8327041e-01;9.2500000e+01;1.3275301e-01;9.2500000e+01;8.1584267e-02;9.2500000e+01;3.4691222e-02;9.2500000e+01;-7.0990231e-03;9.2500000e+01;1.2616068e-03;9.2500000e+01;1.5310822e-02;9.2500000e+01;3.3979438e-02;9.2500000e+01;5.7961859e-02;9.2500000e+01;8.4940374e-02;9.2500000e+01;1.1358834e-01;9.2500000e+01;1.3890752e-01;9.2500000e+01;1.5993889e-01;9.2500000e+01;1.7930967e-01;9.2500000e+01;2.0386209e-01;9.2500000e+01;2.2758831e-01;9.2500000e+01;2.3862495e-01;9.2500000e+01;2.2153926e-01;9.2500000e+01;1.8327041e-01;9.2500000e+01;1.3275301e-01;9.2500000e+01;8.1584267e-02;9.2500000e+01;3.4691222e-02;9.2500000e+01;-7.0990231e-03;9.2500000e+01;1.2616068e-03;9.2500000e+01;1.5310822e-02;9.2500000e+01;3.3979438e-02;9.2500000e+01;5.7961859e-02;9.2500000e+01;8.4940374e-02;9.2500000e+01;1.1358834e-01;9.2500000e+01;1.3890752e-01;9.2500000e+01;1.5993889e-01;9.2500000e+01;1.7930967e-01;9.2500000e+01;2.0386209e-01;9.2500000e+01;2.2758831e-01;9.2500000e+01;2.3862495e-01;9.2500000e+01;2.2153926e-01;9.2500000e+01;1.8327041e-01;9.2500000e+01;1.3275301e-01;9.2500000e+01;8.1584267e-02;9.2500000e+01;3.4691222e-02;9.2500000e+01;-7.0990231e-03;9.2500000e+01;1.2616068e-03;9.2500000e+01;1.5310822e-02;9.2500000e+01;3.3979438e-02;9.2500000e+01;5.7961859e-02;9.2500000e+01;8.4940374e-02;9.2500000e+01;1.1358834e-01;9.2500000e+01;1.3890752e-01;9.2500000e+01;1.5993889e-01;9.2500000e+01;1.7930967e-01;9.2500000e+01;2.0386209e-01;9.2500000e+01;2.2758831e-01;9.2500000e+01;2.3862495e-01;9.2500000e+01;2.2153926e-01;9.2500000e+01;1.8327041e-01;9.2500000e+01;1.3275301e-01;9.2500000e+01;8.1584267e-02;9.2500000e+01;3.4691222e-02;9.2500000e+01;-7.0990231e-03;9.2500000e+01;1.2616068e-03;9.2500000e+01;1.5310822e-02;9.2500000e+01;3.3979438e-02;9.2500000e+01;5.7961859e-02;9.2500000e+01;8.4940374e-02;9.2500000e+01;1.1358834e-01;9.2500000e+01;1.3890752e-01;9.2500000e+01;1.5993889e-01;9.2500000e+01;1.7930967e-01;9.2500000e+01;2.0386209e-01;9.2500000e+01;2.2758831e-01;9.2500000e+01;2.3862495e-01;9.2500000e+01;2.2153926e-01;9.2500000e+01;1.8327041e-01;9.2500000e+01;1.3275301e-01;9.2500000e+01;8.1584267e-02;9.2500000e+01;3.4691222e-02;9.2500000e+01;-7.0990231e-03;9.2500000e+01;1.2616068e-03;9.2500000e+01;1.5310822e-02;9.2500000e+01;3.3979438e-02;9.2500000e+01;5.7961859e-02;9.2500000e+01;8.4940374e-02;9.2500000e+01;1.1358834e-01;9.2500000e+01;1.3890752e-01;9.2500000e+01;1.5993889e-01;9.2500000e+01;1.7930967e-01;9.2500000e+01;2.0386209e-01;9.2500000e+01;2.2758831e-01;9.2500000e+01;2.3862495e-01;9.2500000e+01;2.2153926e-01;9.2500000e+01;1.8327041e-01;9.2500000e+01;1.3275301e-01;9.2500000e+01;8.1584267e-02;9.2500000e+01;3.4691222e-02;9.2500000e+01;-7.0990231e-03;9.2500000e+01;1.2616068e-03;9.2500000e+01;1.5310822e-02;9.2500000e+01;3.3979438e-02;9.2500000e+01;5.7961859e-02;9.2500000e+01;8.4940374e-02;9.2500000e+01;1.1358834e-01;9.2500000e+01;1.3890752e-01;9.2500000e+01;1.5993889e-01;9.2500000e+01;1.7930967e-01;9.2500000e+01;2.0386209e-01;9.2500000e+01;2.2758831e-01;9.2500000e+01;2.3862495e-01;9.2500000e+01;2.2153926e-01;9.2500000e+01;1.8327041e-01;9.2500000e+01;1.3275301e-01;9.2500000e+01;8.1584267e-02;9.2500000e+01;3.4691222e-02;9.2500000e+01;-7.0990231e-03;9.2500000e+01;1.2616068e-03;9.2500000e+01;1.5310822e-02;9.2500000e+01;3.3979438e-02;9.2500000e+01;5.7961859e-02;9.2500000e+01;8.4940374e-02;9.2500000e+01;1.1358834e-01;9.2500000e+01;1.3890752e-01;9.2500000e+01;1.5993889e-01;9.2500000e+01;1.7930967e-01;9.2500000e+01;2.0386209e-01;9.2500000e+01;2.2758831e-01;9.2500000e+01;2.3862495e-01;9.2500000e+01;2.2153926e-01;9.2500000e+01;1.8327041e-01;9.2500000e+01;1.3275301e-01;9.2500000e+01;8.1584267e-02;9.2500000e+01;3.4691222e-02;9.2500000e+01;-7.0990231e-03;9.2500000e+01;1.2616068e-03;9.2500000e+01;1.5310822e-02;9.2500000e+01;3.3979438e-02;9.2500000e+01;5.7961859e-02;9.2500000e+01;8.4940374e-02;9.2500000e+01;1.1358834e-01;9.2500000e+01;1.3890752e-01;9.2500000e+01;1.5993889e-01;9.2500000e+01;1.7930967e-01;9.2500000e+01;2.0386209e-01;9.2500000e+01;2.2758831e-01;9.2500000e+01;2.3862495e-01;9.2500000e+01;2.2153926e-01;9.2500000e+01;1.8327041e-01;9.2500000e+01;1.3275301e-01;9.2500000e+01;8.1584267e-02;9.2500000e+01;3.4691222e-02;9.2500000e+01;-7.0990231e-03;9.2500000e+01;1.2616068e-03;9.2500000e+01;1.5310822e-02;9.2500000e+01;3.3979438e-02;9.2500000e+01;5.7961859e-02;9.2500000e+01;8.4940374e-02;9.2500000e+01;1.1358834e-01;9.2500000e+01;1.3890752e-01;9.2500000e+01;1.5993889e-01;9.2500000e+01;1.7930967e-01;9.2500000e+01;2.0386209e-01;9.2500000e+01;2.2758831e-01;9.2500000e+01;2.3862495e-01;9.2500000e+01;2.2153926e-01;9.2500000e+01;1.8327041e-01;9.2500000e+01;1.3275301e-01;9.2500000e+01;8.1584267e-02;9.2500000e+01;3.4691222e-02;9.2500000e+01;-7.0990231e-03;9.2500000e+01;1.2616068e-03;9.2500000e+01;1.5310822e-02;9.2500000e+01;3.3979438e-02;9.2500000e+01;5.7961859e-02;9.2500000e+01;8.4940374e-02;9.2500000e+01;1.1358834e-01;9.2500000e+01;1.3890752e-01;9.2500000e+01;1.5993889e-01;9.2500000e+01;1.7930967e-01;9.2500000e+01;2.0386209e-01;9.2500000e+01;2.2758831e-01;9.2500000e+01;2.3862495e-01;9.2500000e+01;2.2153926e-01;9.2500000e+01;1.8327041e-01;9.2500000e+01;1.3275301e-01;9.2500000e+01;8.1584267e-02;9.2500000e+01;3.4691222e-02;9.2500000e+01;-7.0990231e-03;9.2500000e+01;1.2616068e-03;9.2500000e+01;1.5310822e-02;9.2500000e+01;3.3979438e-02;9.2500000e+01;5.7961859e-02;9.2500000e+01;8.4940374e-02;9.2500000e+01;1.1358834e-01;9.2500000e+01;1.3890752e-01;9.2500000e+01;1.5993889e-01;9.2500000e+01;1.7930967e-01;9.2500000e+01;2.0386209e-01;9.2500000e+01;2.2758831e-01;9.2500000e+01;2.3862495e-01;9.2500000e+01;2.2153926e-01;9.2500000e+01;1.8327041e-01;9.2500000e+01;1.3275301e-01;9.2500000e+01;8.1584267e-02;9.2500000e+01;3.4691222e-02;9.2500000e+01;-7.0990231e-03;9.2500000e+01;1.2616068e-03;9.2500000e+01;1.5310822e-02;9.2500000e+01;3.3979438e-02;9.2500000e+01;5.7961859e-02;9.2500000e+01;8.4940374e-02;9.2500000e+01;1.1358834e-01;9.2500000e+01;1.3890752e-01;9.2500000e+01;1.5993889e-01;9.2500000e+01;1.7930967e-01;9.2500000e+01;2.0386209e-01;9.2500000e+01;2.2758831e-01;9.2500000e+01;2.3862495e-01;9.2500000e+01;2.2153926e-01;9.2500000e+01;1.8327041e-01;9.2500000e+01;1.3275301e-01;9.2500000e+01;8.1584267e-02;9.2500000e+01;3.4691222e-02;9.2500000e+01;-7.0990231e-03;9.2500000e+01;1.2616068e-03;9.2500000e+01;1.5310822e-02;9.2500000e+01;3.3979438e-02;9.2500000e+01;5.7961859e-02;9.2500000e+01;8.4940374e-02;9.2500000e+01;1.1358834e-01;9.2500000e+01;1.3890752e-01;9.2500000e+01;1.5993889e-01;9.2500000e+01;1.7930967e-01;9.2500000e+01;2.0386209e-01;9.2500000e+01;2.2758831e-01;9.2500000e+01;2.3862495e-01;9.2500000e+01;2.2153926e-01;9.2500000e+01;1.8327041e-01;9.2500000e+01;1.3275301e-01;9.2500000e+01;8.1584267e-02;9.2500000e+01;3.4691222e-02;9.2500000e+01;-7.0990231e-03;9.2500000e+01;1.2616068e-03;9.2500000e+01;1.5310822e-02;9.2500000e+01;3.3979438e-02;9.2500000e+01;5.7961859e-02;9.2500000e+01;8.4940374e-02;9.2500000e+01;1.1358834e-01;9.2500000e+01;1.3890752e-01;9.2500000e+01;1.5993889e-01;9.2500000e+01;1.7930967e-01;9.2500000e+01;2.0386209e-01;9.2500000e+01;2.2758831e-01;9.2500000e+01;2.3862495e-01;9.2500000e+01;2.2153926e-01;9.2500000e+01;1.8327041e-01;9.2500000e+01;1.3275301e-01;9.2500000e+01;8.1584267e-02;9.2500000e+01;3.4691222e-02;9.2500000e+01;-7.0990231e-03;9.2500000e+01;1.2616068e-03;9.2500000e+01;1.5310822e-02;9.2500000e+01;3.3979438e-02;9.2500000e+01;5.7961859e-02;9.2500000e+01;8.4940374e-02;9.2500000e+01;1.1358834e-01;9.2500000e+01;1.3890752e-01;9.2500000e+01;1.5993889e-01;9.2500000e+01;1.7930967e-01;9.2500000e+01;2.0386209e-01;9.2500000e+01;2.2758831e-01;9.2500000e+01;2.3862495e-01;9.2500000e+01;2.2153926e-01;9.2500000e+01;1.8327041e-01;9.2500000e+01;1.3275301e-01;9.2500000e+01;8.1584267e-02;9.2500000e+01;3.4691222e-02;9.2500000e+01;-7.0990231e-03;9.2500000e+01;1.2616068e-03;9.2500000e+01;1.5310822e-02;9.2500000e+01;3.3979438e-02;9.2500000e+01;5.7961859e-02;9.2500000e+01;8.4940374e-02;9.2500000e+01;1.1358834e-01;9.2500000e+01;1.3890752e-01;9.2500000e+01;1.5993889e-01;9.2500000e+01;1.7930967e-01;9.2500000e+01;2.0386209e-01;9.2500000e+01;2.2758831e-01;9.2500000e+01;2.3862495e-01;9.2500000e+01;2.2153926e-01;9.2500000e+01;1.8327041e-01;9.2500000e+01;1.3275301e-01;9.2500000e+01;8.1584267e-02;9.2500000e+01;3.4691222e-02;9.2500000e+01;-7.0990231e-03;9.2500000e+01;1.2616068e-03;9.2500000e+01;1.5310822e-02;9.2500000e+01;3.3979438e-02;9.2500000e+01;5.7961859e-02;9.2500000e+01;8.4940374e-02;9.2500000e+01;1.1358834e-01;9.2500000e+01;1.3890752e-01;9.2500000e+01;1.5993889e-01;9.2500000e+01;1.7930967e-01;9.2500000e+01;2.0386209e-01;9.2500000e+01;2.2758831e-01;9.2500000e+01;2.3862495e-01;9.2500000e+01;2.2153926e-01;9.2500000e+01;1.8327041e-01;9.2500000e+01;1.3275301e-01;9.2500000e+01;8.1584267e-02;9.2500000e+01;3.4691222e-02;9.2500000e+01;-7.0990231e-03;9.2500000e+01;1.2616068e-03;9.2500000e+01;1.5310822e-02;9.2500000e+01;3.3979438e-02;9.2500000e+01;5.7961859e-02;9.2500000e+01;8.4940374e-02;9.2500000e+01;1.1358834e-01;9.2500000e+01;1.3890752e-01;9.2500000e+01;1.5993889e-01;9.2500000e+01;1.7930967e-01;9.2500000e+01;2.0386209e-01;9.2500000e+01;2.2758831e-01;9.2500000e+01;2.3862495e-01;9.2500000e+01;2.2153926e-01;9.2500000e+01;1.8327041e-01;9.2500000e+01;1.3275301e-01;9.2500000e+01;8.1584267e-02;9.2500000e+01;3.4691222e-02;9.2500000e+01;-7.0990231e-03;9.2500000e+01;1.2616068e-03;9.2500000e+01;1.5310822e-02;9.2500000e+01;3.3979438e-02;9.2500000e+01;5.7961859e-02;9.2500000e+01;8.4940374e-02;9.2500000e+01;1.1358834e-01;9.2500000e+01;1.3890752e-01;9.2500000e+01;1.5993889e-01;9.2500000e+01;1.7930967e-01;9.2500000e+01;2.0386209e-01;9.2500000e+01;2.2758831e-01;9.2500000e+01;2.3862495e-01;9.2500000e+01;2.2153926e-01;9.2500000e+01;1.8327041e-01;9.2500000e+01;1.3275301e-01;9.2500000e+01;8.1584267e-02;9.2500000e+01;3.4691222e-02;9.2500000e+01;-7.0990231e-03;9.2500000e+01;1.2616068e-03;9.2500000e+01;1.5310822e-02;9.2500000e+01;3.3979438e-02;9.2500000e+01;5.7961859e-02;9.2500000e+01;8.4940374e-02;9.2500000e+01;1.1358834e-01;9.2500000e+01;1.3890752e-01;9.2500000e+01;1.5993889e-01;9.2500000e+01;1.7930967e-01;9.2500000e+01;2.0386209e-01;9.2500000e+01;2.2758831e-01;9.2500000e+01;2.3862495e-01;9.2500000e+01;2.2153926e-01;9.2500000e+01;1.8327041e-01;9.2500000e+01;1.3275301e-01;9.2500000e+01;8.1584267e-02;9.2500000e+01;3.4691222e-02;9.2500000e+01;-7.0990231e-03;9.2500000e+01;1.2616068e-03;9.2500000e+01;1.5310822e-02;9.2500000e+01;3.3979438e-02;9.2500000e+01;5.7961859e-02;9.2500000e+01;8.4940374e-02;9.2500000e+01;1.1358834e-01;9.2500000e+01;1.3890752e-01;9.2500000e+01;1.5993889e-01;9.2500000e+01;1.7930967e-01;9.2500000e+01;2.0386209e-01;9.2500000e+01;2.2758831e-01;9.2500000e+01;2.3862495e-01;9.2500000e+01;2.2153926e-01;9.2500000e+01;1.8327041e-01;9.2500000e+01;1.3275301e-01;9.2500000e+01;8.1584267e-02;9.2500000e+01;3.4691222e-02;9.2500000e+01;-7.0990231e-03;9.2500000e+01;1.2616068e-03;9.2500000e+01;1.5310822e-02;9.2500000e+01;3.3979438e-02;9.2500000e+01;5.7961859e-02;9.2500000e+01;8.4940374e-02;9.2500000e+01;1.1358834e-01;9.2500000e+01;1.3890752e-01;9.2500000e+01;1.5993889e-01;9.2500000e+01;1.7930967e-01;9.2500000e+01;2.0386209e-01;9.2500000e+01;2.2758831e-01;9.2500000e+01;2.3862495e-01;9.2500000e+01;2.2153926e-01;9.2500000e+01;1.8327041e-01;9.2500000e+01;1.3275301e-01;9.2500000e+01;8.1584267e-02;9.2500000e+01;3.4691222e-02;9.2500000e+01;-7.0990231e-03;9.2500000e+01;1.2616068e-03;9.2500000e+01;1.5310822e-02;9.2500000e+01;3.3979438e-02;9.2500000e+01;5.7961859e-02;9.2500000e+01;8.4940374e-02;9.2500000e+01;1.1358834e-01;9.2500000e+01;1.3890752e-01;9.2500000e+01;1.5993889e-01;9.2500000e+01;1.7930967e-01;9.2500000e+01;2.0386209e-01;9.2500000e+01;2.2758831e-01;9.2500000e+01;2.3862495e-01;9.2500000e+01;2.2153926e-01;9.2500000e+01;1.8327041e-01;9.2500000e+01;1.3275301e-01;9.2500000e+01;8.1584267e-02;9.2500000e+01;3.4691222e-02;9.2500000e+01;-7.0990231e-03;9.2500000e+01;1.2616068e-03;9.2500000e+01;1.5310822e-02;9.2500000e+01;3.3979438e-02;9.2500000e+01;5.7961859e-02;9.2500000e+01;8.4940374e-02;9.2500000e+01;1.1358834e-01;9.2500000e+01;1.3890752e-01;9.2500000e+01;1.5993889e-01;9.2500000e+01;1.7930967e-01;9.2500000e+01;2.0386209e-01;9.2500000e+01;2.2758831e-01;9.2500000e+01;2.3862495e-01;9.2500000e+01;2.2153926e-01;9.2500000e+01;1.8327041e-01;9.2500000e+01;1.3275301e-01;9.2500000e+01;8.1584267e-02;9.2500000e+01;3.4691222e-02;9.2500000e+01;-7.0990231e-03;9.2500000e+01;1.2616068e-03;9.2500000e+01;1.5310822e-02;9.2500000e+01;3.3979438e-02;9.2500000e+01;5.7961859e-02;9.2500000e+01;8.4940374e-02;9.2500000e+01;1.1358834e-01;9.2500000e+01;1.3890752e-01;9.2500000e+01;1.5993889e-01;9.2500000e+01;1.7930967e-01;9.2500000e+01;2.0386209e-01;9.2500000e+01;2.2758831e-01;9.2500000e+01;2.3862495e-01;9.2500000e+01;2.2153926e-01;9.2500000e+01;1.8327041e-01;9.2500000e+01;1.3275301e-01;9.2500000e+01;8.1584267e-02;9.2500000e+01;3.4691222e-02;9.2500000e+01;-7.0990231e-03;9.2500000e+01;1.2616068e-03;9.2500000e+01;1.5310822e-02;9.2500000e+01;3.3979438e-02;9.2500000e+01;5.7961859e-02;9.2500000e+01;8.4940374e-02;9.2500000e+01;1.1358834e-01;9.2500000e+01;1.3890752e-01;9.2500000e+01;1.5993889e-01;9.2500000e+01;1.7930967e-01;9.2500000e+01;2.0386209e-01;9.2500000e+01;2.2758831e-01;9.2500000e+01;2.3862495e-01;9.2500000e+01;2.2153926e-01;9.2500000e+01;1.8327041e-01;9.2500000e+01;1.3275301e-01;9.2500000e+01;8.1584267e-02;9.2500000e+01;3.4691222e-02;9.2500000e+01;-7.0990231e-03;9.2500000e+01;1.2616068e-03;9.2500000e+01;1.5310822e-02;9.2500000e+01;3.3979438e-02;9.2500000e+01;5.7961859e-02;9.2500000e+01;8.4940374e-02;9.2500000e+01;1.1358834e-01;9.2500000e+01;1.3890752e-01;9.2500000e+01;1.5993889e-01;9.2500000e+01;1.7930967e-01;9.2500000e+01;2.0386209e-01;9.2500000e+01;2.2758831e-01;9.2500000e+01;2.3862495e-01;9.2500000e+01;2.2153926e-01;9.2500000e+01;1.8327041e-01;9.2500000e+01;1.3275301e-01;9.2500000e+01;8.1584267e-02;9.2500000e+01;3.4691222e-02;9.2500000e+01;-7.0990231e-03;9.2500000e+01;1.2616068e-03;9.2500000e+01;1.5310822e-02;9.2500000e+01;3.3979438e-02;9.2500000e+01;5.7961859e-02;9.2500000e+01;8.4940374e-02;9.2500000e+01;1.1358834e-01;9.2500000e+01;1.3890752e-01;9.2500000e+01;1.5993889e-01;9.2500000e+01;1.7930967e-01;9.2500000e+01;2.0386209e-01;9.2500000e+01;2.2758831e-01;9.2500000e+01;2.3862495e-01;9.2500000e+01;2.2153926e-01;9.2500000e+01;1.8327041e-01;9.2500000e+01;1.3275301e-01;9.2500000e+01;8.1584267e-02;9.2500000e+01;3.4691222e-02;9.2500000e+01;-7.0990231e-03;9.2500000e+01;1.2616068e-03;9.2500000e+01;1.5310822e-02;9.2500000e+01;3.3979438e-02;9.2500000e+01;5.7961859e-02;9.2500000e+01;8.4940374e-02;9.2500000e+01;1.1358834e-01;9.2500000e+01;1.3890752e-01;9.2500000e+01;1.5993889e-01;9.2500000e+01;1.7930967e-01;9.2500000e+01;2.0386209e-01;9.2500000e+01;2.2758831e-01;9.2500000e+01;2.3862495e-01;9.2500000e+01;2.2153926e-01;9.2500000e+01;1.8327041e-01;9.2500000e+01;1.3275301e-01;9.2500000e+01;8.1584267e-02;9.2500000e+01;3.4691222e-02;9.2500000e+01;-7.0990231e-03;9.2500000e+01;1.2616068e-03;9.2500000e+01;1.5310822e-02;9.2500000e+01;3.3979438e-02;9.2500000e+01;5.7961859e-02;9.2500000e+01;8.4940374e-02;9.2500000e+01;1.1358834e-01;9.2500000e+01;1.3890752e-01;9.2500000e+01;1.5993889e-01;9.2500000e+01;1.7930967e-01;9.2500000e+01;2.0386209e-01;9.2500000e+01;2.2758831e-01;9.2500000e+01;2.3862495e-01;9.2500000e+01;2.2153926e-01;9.2500000e+01;1.8327041e-01;9.2500000e+01;1.3275301e-01;9.2500000e+01;8.1584267e-02;9.2500000e+01;3.4691222e-02;9.2500000e+01;-7.0990231e-03;9.2500000e+01;1.2616068e-03;9.2500000e+01;1.5310822e-02;9.2500000e+01;3.3979438e-02;9.2500000e+01;5.7961859e-02;9.2500000e+01;8.4940374e-02;9.2500000e+01;1.1358834e-01;9.2500000e+01;1.3890752e-01;9.2500000e+01;1.5993889e-01;9.2500000e+01;1.7930967e-01;9.2500000e+01;2.0386209e-01;9.2500000e+01;2.2758831e-01;9.2500000e+01;2.3862495e-01;9.2500000e+01;2.2153926e-01;9.2500000e+01;1.8327041e-01;9.2500000e+01;1.3275301e-01;9.2500000e+01;8.1584267e-02;9.2500000e+01;3.4691222e-02;9.2500000e+01;-7.0990231e-03;9.2500000e+01;1.2616068e-03;9.2500000e+01;1.5310822e-02;9.2500000e+01;3.3979438e-02;9.2500000e+01;5.7961859e-02;9.2500000e+01;8.4940374e-02;9.2500000e+01;1.1358834e-01;9.2500000e+01;1.3890752e-01;9.2500000e+01;1.5993889e-01;9.2500000e+01;1.7930967e-01;9.2500000e+01;2.0386209e-01;9.2500000e+01;2.2758831e-01;9.2500000e+01;2.3862495e-01;9.2500000e+01;2.2153926e-01;9.2500000e+01;1.8327041e-01;9.2500000e+01;1.3275301e-01;9.2500000e+01;8.1584267e-02;9.2500000e+01;3.4691222e-02;9.2500000e+01;-7.0990231e-03;9.2500000e+01;1.2616068e-03;9.2500000e+01;1.5310822e-02;9.2500000e+01;3.3979438e-02;9.2500000e+01;5.7961859e-02;9.2500000e+01;8.4940374e-02;9.2500000e+01;1.1358834e-01;9.2500000e+01;1.3890752e-01;9.2500000e+01;1.5993889e-01;9.2500000e+01;1.7930967e-01;9.2500000e+01;2.0386209e-01;9.2500000e+01;2.2758831e-01;9.2500000e+01;2.3862495e-01;9.2500000e+01;2.2153926e-01;9.2500000e+01;1.8327041e-01;9.2500000e+01;1.3275301e-01;9.2500000e+01;8.1584267e-02;9.2500000e+01;3.4691222e-02;9.2500000e+01;-7.0990231e-03;9.2500000e+01;1.2616068e-03;9.2500000e+01;1.5310822e-02;9.2500000e+01;3.3979438e-02;9.2500000e+01;5.7961859e-02;9.2500000e+01;8.4940374e-02;9.2500000e+01;1.1358834e-01;9.2500000e+01;1.3890752e-01;9.2500000e+01;1.5993889e-01;9.2500000e+01;1.7930967e-01;9.2500000e+01;2.0386209e-01;9.2500000e+01;2.2758831e-01;9.2500000e+01;2.3862495e-01;9.2500000e+01;2.2153926e-01;9.2500000e+01;1.8327041e-01;9.2500000e+01;1.3275301e-01;9.2500000e+01;8.1584267e-02;9.2500000e+01;3.4691222e-02;9.2500000e+01;-7.0990231e-03;9.2500000e+01;1.2616068e-03;9.2500000e+01;1.5310822e-02;9.2500000e+01;3.3979438e-02;9.2500000e+01;5.7961859e-02;9.2500000e+01;8.4940374e-02;9.2500000e+01;1.1358834e-01;9.2500000e+01;1.3890752e-01;9.2500000e+01;1.5993889e-01;9.2500000e+01;1.7930967e-01;9.2500000e+01;2.0386209e-01;9.2500000e+01;2.2758831e-01;9.2500000e+01;2.3862495e-01;9.2500000e+01;2.2153926e-01;9.2500000e+01;1.8327041e-01;9.2500000e+01;1.3275301e-01;9.2500000e+01;8.1584267e-02;9.2500000e+01;3.4691222e-02;9.2500000e+01;-7.0990231e-03;9.2500000e+01;1.2616068e-03;9.2500000e+01;1.5310822e-02;9.2500000e+01;3.3979438e-02;9.2500000e+01;5.7961859e-02;9.2500000e+01;8.4940374e-02;9.2500000e+01;1.1358834e-01;9.2500000e+01;1.3890752e-01;9.2500000e+01;1.5993889e-01;9.2500000e+01;1.7930967e-01;9.2500000e+01;2.0386209e-01;9.2500000e+01;2.2758831e-01;9.2500000e+01;2.3862495e-01;9.2500000e+01;2.2153926e-01;9.2500000e+01;1.8327041e-01;9.2500000e+01;1.3275301e-01;9.2500000e+01;8.1584267e-02;9.2500000e+01;3.4691222e-02;9.2500000e+01;-7.0990231e-03;9.2500000e+01;1.2616068e-03;9.2500000e+01;1.5310822e-02;9.2500000e+01;3.3979438e-02;9.2500000e+01;5.7961859e-02;9.2500000e+01;8.4940374e-02;9.2500000e+01;1.1358834e-01;9.2500000e+01;1.3890752e-01;9.2500000e+01;1.5993889e-01;9.2500000e+01;1.7930967e-01;9.2500000e+01;2.0386209e-01;9.2500000e+01;2.2758831e-01;9.2500000e+01;2.3862495e-01;9.2500000e+01;2.2153926e-01;9.2500000e+01;1.8327041e-01;9.2500000e+01;1.3275301e-01;9.2500000e+01;8.1584267e-02;9.2500000e+01;3.4691222e-02;9.2500000e+01;-7.0990231e-03;9.2500000e+01;1.2616068e-03;9.2500000e+01;1.5310822e-02;9.2500000e+01;3.3979438e-02;9.2500000e+01;5.7961859e-02;9.2500000e+01;8.4940374e-02;9.2500000e+01;1.1358834e-01;9.2500000e+01;1.3890752e-01;9.2500000e+01;1.5993889e-01;9.2500000e+01;1.7930967e-01;9.2500000e+01;2.0386209e-01;9.2500000e+01;2.2758831e-01;9.2500000e+01;2.3862495e-01;9.2500000e+01;2.2153926e-01;9.2500000e+01;1.8327041e-01;9.2500000e+01;1.3275301e-01;9.2500000e+01;8.1584267e-02;9.2500000e+01;3.4691222e-02;9.2500000e+01;-7.0990231e-03;9.2500000e+01;1.2616068e-03;9.2500000e+01;1.5310822e-02;9.2500000e+01;3.3979438e-02;9.2500000e+01;5.7961859e-02;9.2500000e+01;8.4940374e-02;9.2500000e+01;1.1358834e-01;9.2500000e+01;1.3890752e-01;9.2500000e+01;1.5993889e-01;9.2500000e+01;1.7930967e-01;9.2500000e+01;2.0386209e-01;9.2500000e+01;2.2758831e-01;9.2500000e+01;2.3862495e-01;9.2500000e+01;2.2153926e-01;9.2500000e+01;1.8327041e-01;9.2500000e+01;1.3275301e-01;9.2500000e+01;8.1584267e-02;9.2500000e+01;3.4691222e-02;9.2500000e+01;-7.0990231e-03;9.2500000e+01;1.2616068e-03;9.2500000e+01;1.5310822e-02;9.2500000e+01;3.3979438e-02;9.2500000e+01;5.7961859e-02;9.2500000e+01;8.4940374e-02;9.2500000e+01;1.1358834e-01;9.2500000e+01;1.3890752e-01;9.2500000e+01;1.5993889e-01;9.2500000e+01;1.7930967e-01;9.2500000e+01;2.0386209e-01;9.2500000e+01;2.2758831e-01;9.2500000e+01;2.3862495e-01;9.2500000e+01;2.2153926e-01;9.2500000e+01;1.8327041e-01;9.2500000e+01;1.3275301e-01;9.2500000e+01;8.1584267e-02;9.2500000e+01;3.4691222e-02;9.2500000e+01;-7.0990231e-03;9.2500000e+01;1.2616068e-03;9.2500000e+01;1.5310822e-02;9.2500000e+01;3.3979438e-02;9.2500000e+01;5.7961859e-02;9.2500000e+01;8.4940374e-02;9.2500000e+01;1.1358834e-01;9.2500000e+01;1.3890752e-01;9.2500000e+01;1.5993889e-01;9.2500000e+01;1.7930967e-01;9.2500000e+01;2.0386209e-01;9.2500000e+01;2.2758831e-01;9.2500000e+01;2.3862495e-01;9.2500000e+01;2.2153926e-01;9.2500000e+01;1.8327041e-01;9.2500000e+01;1.3275301e-01;9.2500000e+01;8.1584267e-02;9.2500000e+01;3.4691222e-02;9.2500000e+01;-7.0990231e-03;9.2500000e+01;1.2616068e-03;9.2500000e+01;1.5310822e-02;9.2500000e+01;3.3979438e-02;9.2500000e+01;5.7961859e-02;9.2500000e+01;8.4940374e-02;9.2500000e+01;1.1358834e-01;9.2500000e+01;1.3890752e-01;9.2500000e+01;1.5993889e-01;9.2500000e+01;1.7930967e-01;9.2500000e+01;2.0386209e-01;9.2500000e+01;2.2758831e-01;9.2500000e+01;2.3862495e-01;9.2500000e+01;2.2153926e-01;9.2500000e+01;1.8327041e-01;9.2500000e+01;1.3275301e-01;9.2500000e+01;8.1584267e-02;9.2500000e+01;3.4691222e-02;9.2500000e+01;-7.0990231e-03;9.2500000e+01;1.2616068e-03;9.2500000e+01;1.5310822e-02;9.2500000e+01;3.3979438e-02;9.2500000e+01;5.7961859e-02;9.2500000e+01;8.4940374e-02;9.2500000e+01;1.1358834e-01;9.2500000e+01;1.3890752e-01;9.2500000e+01;1.5993889e-01;9.2500000e+01;1.7930967e-01;9.2500000e+01;2.0386209e-01;9.2500000e+01;2.2758831e-01;9.2500000e+01;2.3862495e-01;9.2500000e+01;2.2153926e-01;9.2500000e+01;1.8327041e-01;9.2500000e+01;1.3275301e-01;9.2500000e+01;8.1584267e-02;9.2500000e+01;3.4691222e-02;9.2500000e+01;-7.0990231e-03;9.2500000e+01;1.2616068e-03;9.2500000e+01;1.5310822e-02;9.2500000e+01;3.3979438e-02;9.2500000e+01;5.7961859e-02;9.2500000e+01;8.4940374e-02;9.2500000e+01;1.1358834e-01;9.2500000e+01;1.3890752e-01;9.2500000e+01;1.5993889e-01;9.2500000e+01;1.7930967e-01;9.2500000e+01;2.0386209e-01;9.2500000e+01;2.2758831e-01;9.2500000e+01;2.3862495e-01;9.2500000e+01;2.2153926e-01;9.2500000e+01;1.8327041e-01;9.2500000e+01;1.3275301e-01;9.2500000e+01;8.1584267e-02;9.2500000e+01;3.4691222e-02;9.2500000e+01;-7.0990231e-03;9.2500000e+01;1.2616068e-03;9.2500000e+01;1.5310822e-02;9.2500000e+01;3.3979438e-02;9.2500000e+01;5.7961859e-02;9.2500000e+01;8.4940374e-02;9.2500000e+01;1.1358834e-01;9.2500000e+01;1.3890752e-01;9.2500000e+01;1.5993889e-01;9.2500000e+01;1.7930967e-01;9.2500000e+01;2.0386209e-01;9.2500000e+01;2.2758831e-01;9.2500000e+01;2.3862495e-01;9.2500000e+01;2.2153926e-01;9.2500000e+01;1.8327041e-01;9.2500000e+01;1.3275301e-01;9.2500000e+01;8.1584267e-02;9.2500000e+01;3.4691222e-02;9.2500000e+01;-7.0990231e-03;9.2500000e+01;1.2616068e-03;9.2500000e+01;1.5310822e-02;9.2500000e+01;3.3979438e-02;9.2500000e+01;5.7961859e-02;9.2500000e+01;8.4940374e-02;9.2500000e+01;1.1358834e-01;9.2500000e+01;1.3890752e-01;9.2500000e+01;1.5993889e-01;9.2500000e+01;1.7930967e-01;9.2500000e+01;2.0386209e-01;9.2500000e+01;2.2758831e-01;9.2500000e+01;2.3862495e-01;9.2500000e+01;2.2153926e-01;9.2500000e+01;1.8327041e-01;9.2500000e+01;1.3275301e-01;9.2500000e+01;8.1584267e-02;9.2500000e+01;3.4691222e-02;9.2500000e+01;-7.0990231e-03;9.2500000e+01;1.2616068e-03;9.2500000e+01;1.5310822e-02;9.2500000e+01;3.3979438e-02;9.2500000e+01;5.7961859e-02;9.2500000e+01;8.4940374e-02;9.2500000e+01;1.1358834e-01;9.2500000e+01;1.3890752e-01;9.2500000e+01;1.5993889e-01;9.2500000e+01;1.7930967e-01;9.2500000e+01;2.0386209e-01;9.2500000e+01;2.2758831e-01;9.2500000e+01;2.3862495e-01;9.2500000e+01;2.2153926e-01;9.2500000e+01;1.8327041e-01;9.2500000e+01;1.3275301e-01;9.2500000e+01;8.1584267e-02;9.2500000e+01;3.4691222e-02;9.2500000e+01;-7.0990231e-03;9.2500000e+01;1.2616068e-03;9.2500000e+01;1.5310822e-02;9.2500000e+01;3.3979438e-02;9.2500000e+01;5.7961859e-02;9.2500000e+01;8.4940374e-02;9.2500000e+01;1.1358834e-01;9.2500000e+01;1.3890752e-01;9.2500000e+01;1.5993889e-01;9.2500000e+01;1.7930967e-01;9.2500000e+01;2.0386209e-01;9.2500000e+01;2.2758831e-01;9.2500000e+01;2.3862495e-01;9.2500000e+01;2.2153926e-01;9.2500000e+01;1.8327041e-01;9.2500000e+01;1.3275301e-01;9.2500000e+01;8.1584267e-02;9.2500000e+01;3.4691222e-02;9.2500000e+01;-7.0990231e-03;9.2500000e+01;1.2616068e-03;9.2500000e+01;1.5310822e-02;9.2500000e+01;3.3979438e-02;9.2500000e+01;5.7961859e-02;9.2500000e+01;8.4940374e-02;9.2500000e+01;1.1358834e-01;9.2500000e+01;1.3890752e-01;9.2500000e+01;1.5993889e-01;9.2500000e+01;1.7930967e-01;9.2500000e+01;2.0386209e-01;9.2500000e+01;2.2758831e-01;9.2500000e+01;2.3862495e-01;9.2500000e+01;2.2153926e-01;9.2500000e+01;1.8327041e-01;9.2500000e+01;1.3275301e-01;9.2500000e+01;8.1584267e-02;9.2500000e+01;3.4691222e-02;9.2500000e+01;-7.0990231e-03;9.2500000e+01;1.2616068e-03;9.2500000e+01;1.5310822e-02;9.2500000e+01;3.3979438e-02;9.2500000e+01;5.7961859e-02;9.2500000e+01;8.4940374e-02;9.2500000e+01;1.1358834e-01;9.2500000e+01;1.3890752e-01;9.2500000e+01;1.5993889e-01;9.2500000e+01;1.7930967e-01;9.2500000e+01;2.0386209e-01;9.2500000e+01;2.2758831e-01;9.2500000e+01;2.3862495e-01;9.2500000e+01;2.2153926e-01;9.2500000e+01;1.8327041e-01;9.2500000e+01;1.3275301e-01;9.2500000e+01;8.1584267e-02;9.2500000e+01;3.4691222e-02;9.2500000e+01;-7.0990231e-03;9.2500000e+01;1.2616068e-03;9.2500000e+01;1.5310822e-02;9.2500000e+01;3.3979438e-02;9.2500000e+01;5.7961859e-02;9.2500000e+01;8.4940374e-02;9.2500000e+01;1.1358834e-01;9.2500000e+01;1.3890752e-01;9.2500000e+01;1.5993889e-01;9.2500000e+01;1.7930967e-01;9.2500000e+01;2.0386209e-01;9.2500000e+01;2.2758831e-01;9.2500000e+01;2.3862495e-01;9.2500000e+01;2.2153926e-01;9.2500000e+01;1.8327041e-01;9.2500000e+01;1.3275301e-01;9.2500000e+01;8.1584267e-02;9.2500000e+01;3.4691222e-02;9.2500000e+01;-7.0990231e-03;9.2500000e+01;1.2616068e-03;9.2500000e+01;1.5310822e-02;9.2500000e+01;3.3979438e-02;9.2500000e+01;5.7961859e-02;9.2500000e+01;8.4940374e-02;9.2500000e+01;1.1358834e-01;9.2500000e+01;1.3890752e-01;9.2500000e+01;1.5993889e-01;9.2500000e+01;1.7930967e-01;9.2500000e+01;2.0386209e-01;9.2500000e+01;2.2758831e-01;9.2500000e+01;2.3862495e-01;9.2500000e+01;2.2153926e-01;9.2500000e+01;1.8327041e-01;9.2500000e+01;1.3275301e-01;9.2500000e+01;8.1584267e-02;9.2500000e+01;3.4691222e-02;9.2500000e+01;-7.0990231e-03;9.2500000e+01;1.2616068e-03;9.2500000e+01;1.5310822e-02;9.2500000e+01;3.3979438e-02;9.2500000e+01;5.7961859e-02;9.2500000e+01;8.4940374e-02;9.2500000e+01;1.1358834e-01;9.2500000e+01;1.3890752e-01;9.2500000e+01;1.5993889e-01;9.2500000e+01;1.7930967e-01;9.2500000e+01;2.0386209e-01;9.2500000e+01;2.2758831e-01;9.2500000e+01;2.3862495e-01;9.2500000e+01;2.2153926e-01;9.2500000e+01;1.8327041e-01;9.2500000e+01;1.3275301e-01;9.2500000e+01;8.1584267e-02;9.2500000e+01;3.4691222e-02;9.2500000e+01;-7.0990231e-03;9.2500000e+01;1.2616068e-03;9.2500000e+01;1.5310822e-02;9.2500000e+01;3.3979438e-02;9.2500000e+01;5.7961859e-02;9.2500000e+01;8.4940374e-02;9.2500000e+01;1.1358834e-01;9.2500000e+01;1.3890752e-01;9.2500000e+01;1.5993889e-01;9.2500000e+01;1.7930967e-01;9.2500000e+01;2.0386209e-01;9.2500000e+01;2.2758831e-01;9.2500000e+01;2.3862495e-01;9.2500000e+01;2.2153926e-01;9.2500000e+01;1.8327041e-01;9.2500000e+01;1.3275301e-01;9.2500000e+01;8.1584267e-02;9.2500000e+01;3.4691222e-02;9.2500000e+01;-7.0990231e-03;9.2500000e+01;1.2616068e-03;9.2500000e+01;1.5310822e-02;9.2500000e+01;3.3979438e-02;9.2500000e+01;5.7961859e-02;9.2500000e+01;8.4940374e-02;9.2500000e+01;1.1358834e-01;9.2500000e+01;1.3890752e-01;9.2500000e+01;1.5993889e-01;9.2500000e+01;1.7930967e-01;9.2500000e+01;2.0386209e-01;9.2500000e+01;2.2758831e-01;9.2500000e+01;2.3862495e-01;9.2500000e+01;2.2153926e-01;9.2500000e+01;1.8327041e-01;9.2500000e+01;1.3275301e-01;9.2500000e+01;8.1584267e-02;9.2500000e+01;3.4691222e-02;9.2500000e+01;-7.0990231e-03;9.2500000e+01;1.2616068e-03;9.2500000e+01;1.5310822e-02;9.2500000e+01;3.3979438e-02;9.2500000e+01;5.7961859e-02;9.2500000e+01;8.4940374e-02;9.2500000e+01;1.1358834e-01;9.2500000e+01;1.3890752e-01;9.2500000e+01;1.5993889e-01;9.2500000e+01;1.7930967e-01;9.2500000e+01;2.0386209e-01;9.2500000e+01;2.2758831e-01;9.2500000e+01;2.3862495e-01;9.2500000e+01;2.2153926e-01;9.2500000e+01;1.8327041e-01;9.2500000e+01;1.3275301e-01;9.2500000e+01;8.1584267e-02;9.2500000e+01;3.4691222e-02;9.2500000e+01;-7.0990231e-03;9.2500000e+01;1.2616068e-03;9.2500000e+01;1.5310822e-02;9.2500000e+01;3.3979438e-02;9.2500000e+01;5.7961859e-02;9.2500000e+01;8.4940374e-02;9.2500000e+01;1.1358834e-01;9.2500000e+01;1.3890752e-01;9.2500000e+01;1.5993889e-01;9.2500000e+01;1.7930967e-01;9.2500000e+01;2.0386209e-01;9.2500000e+01;2.2758831e-01;9.2500000e+01;2.3862495e-01;9.2500000e+01;2.2153926e-01;9.2500000e+01;1.8327041e-01;9.2500000e+01;1.3275301e-01;9.2500000e+01;8.1584267e-02;9.2500000e+01;3.4691222e-02;9.2500000e+01;-7.0990231e-03;9.2500000e+01;1.2616068e-03;9.2500000e+01;1.5310822e-02;9.2500000e+01;3.3979438e-02;9.2500000e+01;5.7961859e-02;9.2500000e+01;8.4940374e-02;9.2500000e+01;1.1358834e-01;9.2500000e+01;1.3890752e-01;9.2500000e+01;1.5993889e-01;9.2500000e+01;1.7930967e-01;9.2500000e+01;2.0386209e-01;9.2500000e+01;2.2758831e-01;9.2500000e+01;2.3862495e-01;9.2500000e+01;2.2153926e-01;9.2500000e+01;1.8327041e-01;9.2500000e+01;1.3275301e-01;9.2500000e+01;8.1584267e-02;9.2500000e+01;3.4691222e-02;9.2500000e+01;-7.0990231e-03;9.2500000e+01;1.2616068e-03;9.2500000e+01;1.5310822e-02;9.2500000e+01;3.3979438e-02;9.2500000e+01;5.7961859e-02;9.2500000e+01;8.4940374e-02;9.2500000e+01;1.1358834e-01;9.2500000e+01;1.3890752e-01;9.2500000e+01;1.5993889e-01;9.2500000e+01;1.7930967e-01;9.2500000e+01;2.0386209e-01;9.2500000e+01;2.2758831e-01;9.2500000e+01;2.3862495e-01;9.2500000e+01;2.2153926e-01;9.2500000e+01;1.8327041e-01;9.2500000e+01;1.3275301e-01;9.2500000e+01;8.1584267e-02;9.2500000e+01;3.4691222e-02;9.2500000e+01;-7.0990231e-03;9.2500000e+01;1.2616068e-03;9.2500000e+01;1.5310822e-02;9.2500000e+01;3.3979438e-02;9.2500000e+01;5.7961859e-02;9.2500000e+01;8.4940374e-02;9.2500000e+01;1.1358834e-01;9.2500000e+01;1.3890752e-01;9.2500000e+01;1.5993889e-01;9.2500000e+01;1.7930967e-01;9.2500000e+01;2.0386209e-01;9.2500000e+01;2.2758831e-01;9.2500000e+01;2.3862495e-01;9.2500000e+01;2.2153926e-01;9.2500000e+01;1.8327041e-01;9.2500000e+01;1.3275301e-01;9.2500000e+01;8.1584267e-02;9.2500000e+01;3.4691222e-02;9.2500000e+01;-7.0990231e-03;9.2500000e+01;1.2616068e-03;9.2500000e+01;1.5310822e-02;9.2500000e+01;3.3979438e-02;9.2500000e+01;5.7961859e-02;9.2500000e+01;8.4940374e-02;9.2500000e+01;1.1358834e-01;9.2500000e+01;1.3890752e-01;9.2500000e+01;1.5993889e-01;9.2500000e+01;1.7930967e-01;9.2500000e+01;2.0386209e-01;9.2500000e+01;2.2758831e-01;9.2500000e+01;2.3862495e-01;9.2500000e+01;2.2153926e-01;9.2500000e+01;1.8327041e-01;9.2500000e+01;1.3275301e-01;9.2500000e+01;8.1584267e-02;9.2500000e+01;3.4691222e-02;9.2500000e+01;-7.0990231e-03;9.2500000e+01;1.2616068e-03;9.2500000e+01;1.5310822e-02;9.2500000e+01;3.3979438e-02;9.2500000e+01;5.7961859e-02;9.2500000e+01;8.4940374e-02;9.2500000e+01;1.1358834e-01;9.2500000e+01;1.3890752e-01;9.2500000e+01;1.5993889e-01;9.2500000e+01;1.7930967e-01;9.2500000e+01;2.0386209e-01;9.2500000e+01;2.2758831e-01;9.2500000e+01;2.3862495e-01;9.2500000e+01;2.2153926e-01;9.2500000e+01;1.8327041e-01;9.2500000e+01;1.3275301e-01;9.2500000e+01;8.1584267e-02;9.2500000e+01;3.4691222e-02;9.2500000e+01;-7.0990231e-03;9.2500000e+01;1.2616068e-03;9.2500000e+01;1.5310822e-02;9.2500000e+01;3.3979438e-02;9.2500000e+01;5.7961859e-02;9.2500000e+01;8.4940374e-02;9.2500000e+01;1.1358834e-01;9.2500000e+01;1.3890752e-01;9.2500000e+01;1.5993889e-01;9.2500000e+01;1.7930967e-01;9.2500000e+01;2.0386209e-01;9.2500000e+01;2.2758831e-01;9.2500000e+01;2.3862495e-01;9.2500000e+01;2.2153926e-01;9.2500000e+01;1.8327041e-01;9.2500000e+01;1.3275301e-01;9.2500000e+01;8.1584267e-02;9.2500000e+01;3.4691222e-02;9.2500000e+01;-7.0990231e-03;9.2500000e+01;1.2616068e-03;9.2500000e+01;1.5310822e-02;9.2500000e+01;3.3979438e-02;9.2500000e+01;5.7961859e-02;9.2500000e+01;8.4940374e-02;9.2500000e+01;1.1358834e-01;9.2500000e+01;1.3890752e-01;9.2500000e+01;1.5993889e-01;9.2500000e+01;1.7930967e-01;9.2500000e+01;2.0386209e-01;9.2500000e+01;2.2758831e-01;9.2500000e+01;2.3862495e-01;9.2500000e+01;2.2153926e-01;9.2500000e+01;1.8327041e-01;9.2500000e+01;1.3275301e-01;9.2500000e+01;8.1584267e-02;9.2500000e+01;3.4691222e-02;9.2500000e+01;-7.0990231e-03;9.2500000e+01;1.2616068e-03;9.2500000e+01;1.5310822e-02;9.2500000e+01;3.3979438e-02;9.2500000e+01;5.7961859e-02;9.2500000e+01;8.4940374e-02;9.2500000e+01;1.1358834e-01;9.2500000e+01;1.3890752e-01;9.2500000e+01;1.5993889e-01;9.2500000e+01;1.7930967e-01;9.2500000e+01;2.0386209e-01;9.2500000e+01;2.2758831e-01;9.2500000e+01;2.3862495e-01;9.2500000e+01;2.2153926e-01;9.2500000e+01;1.8327041e-01;9.2500000e+01;1.3275301e-01;9.2500000e+01;8.1584267e-02;9.2500000e+01;3.4691222e-02;9.2500000e+01;-7.0990231e-03;9.2500000e+01;1.2616068e-03;9.2500000e+01;1.5310822e-02;9.2500000e+01;3.3979438e-02;9.2500000e+01;5.7961859e-02;9.2500000e+01;8.4940374e-02;9.2500000e+01;1.1358834e-01;9.2500000e+01;1.3890752e-01;9.2500000e+01;1.5993889e-01;9.2500000e+01;1.7930967e-01;9.2500000e+01;2.0386209e-01;9.2500000e+01;2.2758831e-01;9.2500000e+01;2.3862495e-01;9.2500000e+01;2.2153926e-01;9.2500000e+01;1.8327041e-01;9.2500000e+01;1.3275301e-01;9.2500000e+01;8.1584267e-02;9.2500000e+01;3.4691222e-02;9.2500000e+01;-7.0990231e-03;9.2500000e+01;1.2616068e-03;9.2500000e+01;1.5310822e-02;9.2500000e+01;3.3979438e-02;9.2500000e+01;5.7961859e-02;9.2500000e+01;8.4940374e-02;9.2500000e+01;1.1358834e-01;9.2500000e+01;1.3890752e-01;9.2500000e+01;1.5993889e-01;9.2500000e+01;1.7930967e-01;9.2500000e+01;2.0386209e-01;9.2500000e+01;2.2758831e-01;9.2500000e+01;2.3862495e-01;9.2500000e+01;2.2153926e-01;9.2500000e+01;1.8327041e-01;9.2500000e+01;1.3275301e-01;9.2500000e+01;8.1584267e-02;9.2500000e+01;3.4691222e-02;9.2500000e+01;-7.0990231e-03;9.2500000e+01;1.2616068e-03;9.2500000e+01;1.5310822e-02;9.2500000e+01;3.3979438e-02;9.2500000e+01;5.7961859e-02;9.2500000e+01;8.4940374e-02;9.2500000e+01;1.1358834e-01;9.2500000e+01;1.3890752e-01;9.2500000e+01;1.5993889e-01;9.2500000e+01;1.7930967e-01;9.2500000e+01;2.0386209e-01;9.2500000e+01;2.2758831e-01;9.2500000e+01;2.3862495e-01;9.2500000e+01;2.2153926e-01;9.2500000e+01;1.8327041e-01;9.2500000e+01;1.3275301e-01;9.2500000e+01;8.1584267e-02;9.2500000e+01;3.4691222e-02;9.2500000e+01;-7.0990231e-03;9.2500000e+01;1.2616068e-03;9.2500000e+01;1.5310822e-02;9.2500000e+01;3.3979438e-02;9.2500000e+01;5.7961859e-02;9.2500000e+01;8.4940374e-02;9.2500000e+01;1.1358834e-01;9.2500000e+01;1.3890752e-01;9.2500000e+01;1.5993889e-01;9.2500000e+01;1.7930967e-01;9.2500000e+01;2.0386209e-01;9.2500000e+01;2.2758831e-01;9.2500000e+01;2.3862495e-01;9.2500000e+01;2.2153926e-01;9.2500000e+01;1.8327041e-01;9.2500000e+01;1.3275301e-01;9.2500000e+01;8.1584267e-02;9.2500000e+01;3.4691222e-02;9.2500000e+01;-7.0990231e-03;9.2500000e+01;1.2616068e-03;9.2500000e+01;1.5310822e-02;9.2500000e+01;3.3979438e-02;9.2500000e+01;5.7961859e-02;9.2500000e+01;8.4940374e-02;9.2500000e+01;1.1358834e-01;9.2500000e+01;1.3890752e-01;9.2500000e+01;1.5993889e-01;9.2500000e+01;1.7930967e-01;9.2500000e+01;2.0386209e-01;9.2500000e+01;2.2758831e-01;9.2500000e+01;2.3862495e-01;9.2500000e+01;2.2153926e-01;9.2500000e+01;1.8327041e-01;9.2500000e+01;1.3275301e-01;9.2500000e+01;8.1584267e-02;9.2500000e+01;3.4691222e-02;9.2500000e+01;-7.0990231e-03;9.2500000e+01;1.2616068e-03;9.2500000e+01;1.5310822e-02;9.2500000e+01;3.3979438e-02;9.2500000e+01;5.7961859e-02;9.2500000e+01;8.4940374e-02;9.2500000e+01;1.1358834e-01;9.2500000e+01;1.3890752e-01;9.2500000e+01;1.5993889e-01;9.2500000e+01;1.7930967e-01;9.2500000e+01;2.0386209e-01;9.2500000e+01;2.2758831e-01;9.2500000e+01;2.3862495e-01;9.2500000e+01;2.2153926e-01;9.2500000e+01;1.8327041e-01;9.2500000e+01;1.3275301e-01;9.2500000e+01;8.1584267e-02;9.2500000e+01;3.4691222e-02;9.2500000e+01;-7.0990231e-03;9.2500000e+01;1.2616068e-03;9.2500000e+01;1.5310822e-02;9.2500000e+01;3.3979438e-02;9.2500000e+01;5.7961859e-02;9.2500000e+01;8.4940374e-02;9.2500000e+01;1.1358834e-01;9.2500000e+01;1.3890752e-01;9.2500000e+01;1.5993889e-01;9.2500000e+01;1.7930967e-01;9.2500000e+01;2.0386209e-01;9.2500000e+01;2.2758831e-01;9.2500000e+01;2.3862495e-01;9.2500000e+01;2.2153926e-01;9.2500000e+01;1.8327041e-01;9.2500000e+01;1.3275301e-01;9.2500000e+01;8.1584267e-02;9.2500000e+01;3.4691222e-02;9.2500000e+01;-7.0990231e-03;9.2500000e+01;1.2616068e-03;9.2500000e+01;1.5310822e-02;9.2500000e+01;3.3979438e-02;9.2500000e+01;5.7961859e-02;9.2500000e+01;8.4940374e-02;9.2500000e+01;1.1358834e-01;9.2500000e+01;1.3890752e-01;9.2500000e+01;1.5993889e-01;9.2500000e+01;1.7930967e-01;9.2500000e+01;2.0386209e-01;9.2500000e+01;2.2758831e-01;9.2500000e+01;2.3862495e-01;9.2500000e+01;2.2153926e-01;9.2500000e+01;1.8327041e-01;9.2500000e+01;1.3275301e-01;9.2500000e+01;8.1584267e-02;9.2500000e+01;3.4691222e-02;9.2500000e+01;-7.0990231e-03;9.2500000e+01;1.2616068e-03;9.2500000e+01;1.5310822e-02;9.2500000e+01;3.3979438e-02;9.2500000e+01;5.7961859e-02;9.2500000e+01;8.4940374e-02;9.2500000e+01;1.1358834e-01;9.2500000e+01;1.3890752e-01;9.2500000e+01;1.5993889e-01;9.2500000e+01;1.7930967e-01;9.2500000e+01;2.0386209e-01;9.2500000e+01;2.2758831e-01;9.2500000e+01;2.3862495e-01;9.2500000e+01;2.2153926e-01;9.2500000e+01;1.8327041e-01;9.2500000e+01;1.3275301e-01;9.2500000e+01;8.1584267e-02;9.2500000e+01;3.4691222e-02;9.2500000e+01;-7.0990231e-03;9.2500000e+01;1.2616068e-03;9.2500000e+01;1.5310822e-02;9.2500000e+01;3.3979438e-02;9.2500000e+01;5.7961859e-02;9.2500000e+01;8.4940374e-02;9.2500000e+01;1.1358834e-01;9.2500000e+01;1.3890752e-01;9.2500000e+01;1.5993889e-01;9.2500000e+01;1.7930967e-01;9.2500000e+01;2.0386209e-01;9.2500000e+01;2.2758831e-01;9.2500000e+01;2.3862495e-01;9.2500000e+01;2.2153926e-01;9.2500000e+01;1.8327041e-01;9.2500000e+01;1.3275301e-01;9.2500000e+01;8.1584267e-02;9.2500000e+01;3.4691222e-02;9.2500000e+01;-7.0990231e-03;9.2500000e+01;1.2616068e-03;9.2500000e+01;1.5310822e-02;9.2500000e+01;3.3979438e-02;9.2500000e+01;5.7961859e-02;9.2500000e+01;8.4940374e-02;9.2500000e+01;1.1358834e-01;9.2500000e+01;1.3890752e-01;9.2500000e+01;1.5993889e-01;9.2500000e+01;1.7930967e-01;9.2500000e+01;2.0386209e-01;9.2500000e+01;2.2758831e-01;9.2500000e+01;2.3862495e-01;9.2500000e+01;2.2153926e-01;9.2500000e+01;1.8327041e-01;9.2500000e+01;1.3275301e-01;9.2500000e+01;8.1584267e-02;9.2500000e+01;3.4691222e-02;9.2500000e+01;-7.0990231e-03;9.2500000e+01;1.2616068e-03;9.2500000e+01;1.5310822e-02;9.2500000e+01;3.3979438e-02;9.2500000e+01;5.7961859e-02;9.2500000e+01;8.4940374e-02;9.2500000e+01;1.1358834e-01;9.2500000e+01;1.3890752e-01;9.2500000e+01;1.5993889e-01;9.2500000e+01;1.7930967e-01;9.2500000e+01;2.0386209e-01;9.2500000e+01;2.2758831e-01;9.2500000e+01;2.3862495e-01;9.2500000e+01;2.2153926e-01;9.2500000e+01;1.8327041e-01;9.2500000e+01;1.3275301e-01;9.2500000e+01;8.1584267e-02;9.2500000e+01;3.4691222e-02;9.2500000e+01;-7.0990231e-03;9.2500000e+01;1.2616068e-03;9.2500000e+01;1.5310822e-02;9.2500000e+01;3.3979438e-02;9.2500000e+01;5.7961859e-02;9.2500000e+01;8.4940374e-02;9.2500000e+01;1.1358834e-01;9.2500000e+01;1.3890752e-01;9.2500000e+01;1.5993889e-01;9.2500000e+01;1.7930967e-01;9.2500000e+01;2.0386209e-01;9.2500000e+01;2.2758831e-01;9.2500000e+01;2.3862495e-01;9.2500000e+01;2.2153926e-01;9.2500000e+01;1.8327041e-01;9.2500000e+01;1.3275301e-01;9.2500000e+01;8.1584267e-02;9.2500000e+01;3.4691222e-02;9.2500000e+01;-7.0990231e-03;9.2500000e+01;1.2616068e-03;9.2500000e+01;1.5310822e-02;9.2500000e+01;3.3979438e-02;9.2500000e+01;5.7961859e-02;9.2500000e+01;8.4940374e-02;9.2500000e+01;1.1358834e-01;9.2500000e+01;1.3890752e-01;9.2500000e+01;1.5993889e-01;9.2500000e+01;1.7930967e-01;9.2500000e+01;2.0386209e-01;9.2500000e+01;2.2758831e-01;9.2500000e+01;2.3862495e-01;9.2500000e+01;2.2153926e-01;9.2500000e+01;1.8327041e-01;9.2500000e+01;1.3275301e-01;9.2500000e+01;8.1584267e-02;9.2500000e+01;3.4691222e-02;9.2500000e+01;-7.0990231e-03;9.2500000e+01;1.2616068e-03;9.2500000e+01;1.5310822e-02;9.2500000e+01;3.3979438e-02;9.2500000e+01;5.7961859e-02;9.2500000e+01;8.4940374e-02;9.2500000e+01;1.1358834e-01;9.2500000e+01;1.3890752e-01;9.2500000e+01;1.5993889e-01;9.2500000e+01;1.7930967e-01;9.2500000e+01;2.0386209e-01;9.2500000e+01;2.2758831e-01;9.2500000e+01;2.3862495e-01;9.2500000e+01;2.2153926e-01;9.2500000e+01;1.8327041e-01;9.2500000e+01;1.3275301e-01;9.2500000e+01;8.1584267e-02;9.2500000e+01;3.4691222e-02;9.2500000e+01;-7.0990231e-03;9.2500000e+01;1.2616068e-03;9.2500000e+01;1.5310822e-02;9.2500000e+01;3.3979438e-02;9.2500000e+01;5.7961859e-02;9.2500000e+01;8.4940374e-02;9.2500000e+01;1.1358834e-01;9.2500000e+01;1.3890752e-01;9.2500000e+01;1.5993889e-01;9.2500000e+01;1.7930967e-01;9.2500000e+01;2.0386209e-01;9.2500000e+01;2.2758831e-01;9.2500000e+01;2.3862495e-01;9.2500000e+01;2.2153926e-01;9.2500000e+01;1.8327041e-01;9.2500000e+01;1.3275301e-01;9.2500000e+01;8.1584267e-02;9.2500000e+01;3.4691222e-02;9.2500000e+01;-7.0990231e-03;9.2500000e+01;1.2616068e-03;9.2500000e+01;1.5310822e-02;9.2500000e+01;3.3979438e-02;9.2500000e+01;5.7961859e-02;9.2500000e+01;8.4940374e-02;9.2500000e+01;1.1358834e-01;9.2500000e+01;1.3890752e-01;9.2500000e+01;1.5993889e-01;9.2500000e+01;1.7930967e-01;9.2500000e+01;2.0386209e-01;9.2500000e+01;2.2758831e-01;9.2500000e+01;2.3862495e-01;9.2500000e+01;2.2153926e-01;9.2500000e+01;1.8327041e-01;9.2500000e+01;1.3275301e-01;9.2500000e+01;8.1584267e-02;9.2500000e+01;3.4691222e-02;9.2500000e+01;-7.0990231e-03;9.2500000e+01;1.2616068e-03;9.2500000e+01;1.5310822e-02;9.2500000e+01;3.3979438e-02;9.2500000e+01;5.7961859e-02;9.2500000e+01;8.4940374e-02;9.2500000e+01;1.1358834e-01;9.2500000e+01;1.3890752e-01;9.2500000e+01;1.5993889e-01;9.2500000e+01;1.7930967e-01;9.2500000e+01;2.0386209e-01;9.2500000e+01;2.2758831e-01;9.2500000e+01;2.3862495e-01;9.2500000e+01;2.2153926e-01;9.2500000e+01;1.8327041e-01;9.2500000e+01;1.3275301e-01;9.2500000e+01;8.1584267e-02;9.2500000e+01;3.4691222e-02;9.2500000e+01;-7.0990231e-03;9.2500000e+01;1.2616068e-03;9.2500000e+01;1.5310822e-02;9.2500000e+01;3.3979438e-02;9.2500000e+01;5.7961859e-02;9.2500000e+01;8.4940374e-02;9.2500000e+01;1.1358834e-01;9.2500000e+01;1.3890752e-01;9.2500000e+01;1.5993889e-01;9.2500000e+01;1.7930967e-01;9.2500000e+01;2.0386209e-01;9.2500000e+01;2.2758831e-01;9.2500000e+01;2.3862495e-01;9.2500000e+01;2.2153926e-01;9.2500000e+01;1.8327041e-01;9.2500000e+01;1.3275301e-01;9.2500000e+01;8.1584267e-02;9.2500000e+01;3.4691222e-02;9.2500000e+01;-7.0990231e-03;9.2500000e+01;1.2616068e-03;9.2500000e+01;1.5310822e-02;9.2500000e+01;3.3979438e-02;9.2500000e+01;5.7961859e-02;9.2500000e+01;8.4940374e-02;9.2500000e+01;1.1358834e-01;9.2500000e+01;1.3890752e-01;9.2500000e+01;1.5993889e-01;9.2500000e+01;1.7930967e-01;9.2500000e+01;2.0386209e-01;9.2500000e+01;2.2758831e-01;9.2500000e+01;2.3862495e-01;9.2500000e+01;2.2153926e-01;9.2500000e+01;1.8327041e-01;9.2500000e+01;1.3275301e-01;9.2500000e+01;8.1584267e-02;9.2500000e+01;3.4691222e-02;9.2500000e+01;-7.0990231e-03;9.2500000e+01;1.2616068e-03;9.2500000e+01;1.5310822e-02;9.2500000e+01;3.3979438e-02;9.2500000e+01;5.7961859e-02;9.2500000e+01;8.4940374e-02;9.2500000e+01;1.1358834e-01;9.2500000e+01;1.3890752e-01;9.2500000e+01;1.5993889e-01;9.2500000e+01;1.7930967e-01;9.2500000e+01;2.0386209e-01;9.2500000e+01;2.2758831e-01;9.2500000e+01;2.3862495e-01;9.2500000e+01;2.2153926e-01;9.2500000e+01;1.8327041e-01;9.2500000e+01;1.3275301e-01;9.2500000e+01;8.1584267e-02;9.2500000e+01;3.4691222e-02;9.2500000e+01;-7.0990231e-03;9.2500000e+01;1.2616068e-03;9.2500000e+01;1.5310822e-02;9.2500000e+01;3.3979438e-02;9.2500000e+01;5.7961859e-02;9.2500000e+01;8.4940374e-02;9.2500000e+01;1.1358834e-01;9.2500000e+01;1.3890752e-01;9.2500000e+01;1.5993889e-01;9.2500000e+01;1.7930967e-01;9.2500000e+01;2.0386209e-01;9.2500000e+01;2.2758831e-01;9.2500000e+01;2.3862495e-01;9.2500000e+01;2.2153926e-01;9.2500000e+01;1.8327041e-01;9.2500000e+01;1.3275301e-01;9.2500000e+01;8.1584267e-02;9.2500000e+01;3.4691222e-02;9.2500000e+01;-7.0990231e-03;9.2500000e+01;1.2616068e-03;9.2500000e+01;1.5310822e-02;9.2500000e+01;3.3979438e-02;9.2500000e+01;5.7961859e-02;9.2500000e+01;8.4940374e-02;9.2500000e+01;1.1358834e-01;9.2500000e+01;1.3890752e-01;9.2500000e+01;1.5993889e-01;9.2500000e+01;1.7930967e-01;9.2500000e+01;2.0386209e-01;9.2500000e+01;2.2758831e-01;9.2500000e+01;2.3862495e-01;9.2500000e+01;2.2153926e-01;9.2500000e+01;1.8327041e-01;9.2500000e+01;1.3275301e-01;9.2500000e+01;8.1584267e-02;9.2500000e+01;3.4691222e-02;9.2500000e+01;-7.0990231e-03;9.2500000e+01;1.2616068e-03;9.2500000e+01;1.5310822e-02;9.2500000e+01;3.3979438e-02;9.2500000e+01;5.7961859e-02;9.2500000e+01;8.4940374e-02;9.2500000e+01;1.1358834e-01;9.2500000e+01;1.3890752e-01;9.2500000e+01;1.5993889e-01;9.2500000e+01;1.7930967e-01;9.2500000e+01;2.0386209e-01;9.2500000e+01;2.2758831e-01;9.2500000e+01;2.3862495e-01;9.2500000e+01;2.2153926e-01;9.2500000e+01;1.8327041e-01;9.2500000e+01;1.3275301e-01;9.2500000e+01;8.1584267e-02;9.2500000e+01;3.4691222e-02;9.2500000e+01;-7.0990231e-03;9.2500000e+01;1.2616068e-03;9.2500000e+01;1.5310822e-02;9.2500000e+01;3.3979438e-02;9.2500000e+01;5.7961859e-02;9.2500000e+01;8.4940374e-02;9.2500000e+01;1.1358834e-01;9.2500000e+01;1.3890752e-01;9.2500000e+01;1.5993889e-01;9.2500000e+01;1.7930967e-01;9.2500000e+01;2.0386209e-01;9.2500000e+01;2.2758831e-01;9.2500000e+01;2.3862495e-01;9.2500000e+01;2.2153926e-01;9.2500000e+01;1.8327041e-01;9.2500000e+01;1.3275301e-01;9.2500000e+01;8.1584267e-02;9.2500000e+01;3.4691222e-02;9.2500000e+01;-7.0990231e-03;9.2500000e+01;1.2616068e-03;9.2500000e+01;1.5310822e-02;9.2500000e+01;3.3979438e-02;9.2500000e+01;5.7961859e-02;9.2500000e+01;8.4940374e-02;9.2500000e+01;1.1358834e-01;9.2500000e+01;1.3890752e-01;9.2500000e+01;1.5993889e-01;9.2500000e+01;1.7930967e-01;9.2500000e+01;2.0386209e-01;9.2500000e+01;2.2758831e-01;9.2500000e+01;2.3862495e-01;9.2500000e+01;2.2153926e-01;9.2500000e+01;1.8327041e-01;9.2500000e+01;1.3275301e-01;9.2500000e+01;8.1584267e-02;9.2500000e+01;3.4691222e-02;9.2500000e+01;-7.0990231e-03;9.2500000e+01;1.2616068e-03;9.2500000e+01;1.5310822e-02;9.2500000e+01;3.3979438e-02;9.2500000e+01;5.7961859e-02;9.2500000e+01;8.4940374e-02;9.2500000e+01;1.1358834e-01;9.2500000e+01;1.3890752e-01;9.2500000e+01;1.5993889e-01;9.2500000e+01;1.7930967e-01;9.2500000e+01;2.0386209e-01;9.2500000e+01;2.2758831e-01;9.2500000e+01;2.3862495e-01;9.2500000e+01;2.2153926e-01;9.2500000e+01;1.8327041e-01;9.2500000e+01;1.3275301e-01;9.2500000e+01;8.1584267e-02;9.2500000e+01;3.4691222e-02;9.2500000e+01;-7.0990231e-03;9.2500000e+01;1.2616068e-03;9.2500000e+01;1.5310822e-02;9.2500000e+01;3.3979438e-02;9.2500000e+01;5.7961859e-02;9.2500000e+01;8.4940374e-02;9.2500000e+01;1.1358834e-01;9.2500000e+01;1.3890752e-01;9.2500000e+01;1.5993889e-01;9.2500000e+01;1.7930967e-01;9.2500000e+01;2.0386209e-01;9.2500000e+01;2.2758831e-01;9.2500000e+01;2.3862495e-01;9.2500000e+01;2.2153926e-01;9.2500000e+01;1.8327041e-01;9.2500000e+01;1.3275301e-01;9.2500000e+01;8.1584267e-02;9.2500000e+01;3.4691222e-02;9.2500000e+01;-7.0990231e-03;9.2500000e+01;1.2616068e-03;9.2500000e+01;1.5310822e-02;9.2500000e+01;3.3979438e-02;9.2500000e+01;5.7961859e-02;9.2500000e+01;8.4940374e-02;9.2500000e+01;1.1358834e-01;9.2500000e+01;1.3890752e-01;9.2500000e+01;1.5993889e-01;9.2500000e+01;1.7930967e-01;9.2500000e+01;2.0386209e-01;9.2500000e+01;2.2758831e-01;9.2500000e+01;2.3862495e-01;9.2500000e+01;2.2153926e-01;9.2500000e+01;1.8327041e-01;9.2500000e+01;1.3275301e-01;9.2500000e+01;8.1584267e-02;9.2500000e+01;3.4691222e-02;9.2500000e+01;-7.0990231e-03;9.2500000e+01;1.2616068e-03;9.2500000e+01;1.5310822e-02;9.2500000e+01;3.3979438e-02;9.2500000e+01;5.7961859e-02;9.2500000e+01;8.4940374e-02;9.2500000e+01;1.1358834e-01;9.2500000e+01;1.3890752e-01;9.2500000e+01;1.5993889e-01;9.2500000e+01;1.7930967e-01;9.2500000e+01;2.0386209e-01;9.2500000e+01;2.2758831e-01;9.2500000e+01;2.3862495e-01;9.2500000e+01;2.2153926e-01;9.2500000e+01;1.8327041e-01;9.2500000e+01;1.3275301e-01;9.2500000e+01;8.1584267e-02;9.2500000e+01;3.4691222e-02;9.2500000e+01;-7.0990231e-03;9.2500000e+01;1.2616068e-03;9.2500000e+01;1.5310822e-02;9.2500000e+01;3.3979438e-02;9.2500000e+01;5.7961859e-02;9.2500000e+01;8.4940374e-02;9.2500000e+01;1.1358834e-01;9.2500000e+01;1.3890752e-01;9.2500000e+01;1.5993889e-01;9.2500000e+01;1.7930967e-01;9.2500000e+01;2.0386209e-01;9.2500000e+01;2.2758831e-01;9.2500000e+01;2.3862495e-01;9.2500000e+01;2.2153926e-01;9.2500000e+01;1.8327041e-01;9.2500000e+01;1.3275301e-01;9.2500000e+01;8.1584267e-02;9.2500000e+01;3.4691222e-02;9.2500000e+01;-7.0990231e-03;9.2500000e+01;1.2616068e-03;9.2500000e+01;1.5310822e-02;9.2500000e+01;3.3979438e-02;9.2500000e+01;5.7961859e-02;9.2500000e+01;8.4940374e-02;9.2500000e+01;1.1358834e-01;9.2500000e+01;1.3890752e-01;9.2500000e+01;1.5993889e-01;9.2500000e+01;1.7930967e-01;9.2500000e+01;2.0386209e-01;9.2500000e+01;2.2758831e-01;9.2500000e+01;2.3862495e-01;9.2500000e+01;2.2153926e-01;9.2500000e+01;1.8327041e-01;9.2500000e+01;1.3275301e-01;9.2500000e+01;8.1584267e-02;9.2500000e+01;3.4691222e-02;9.2500000e+01;-7.0990231e-03;9.2500000e+01;1.2616068e-03;9.2500000e+01;1.5310822e-02;9.2500000e+01;3.3979438e-02;9.2500000e+01;5.7961859e-02;9.2500000e+01;8.4940374e-02;9.2500000e+01;1.1358834e-01;9.2500000e+01;1.3890752e-01;9.2500000e+01;1.5993889e-01;9.2500000e+01;1.7930967e-01;9.2500000e+01;2.0386209e-01;9.2500000e+01;2.2758831e-01;9.2500000e+01;2.3862495e-01;9.2500000e+01;2.2153926e-01;9.2500000e+01;1.8327041e-01;9.2500000e+01;1.3275301e-01;9.2500000e+01;8.1584267e-02;9.2500000e+01;3.4691222e-02;9.2500000e+01;-7.0990231e-03;9.2500000e+01;1.2616068e-03;9.2500000e+01;1.5310822e-02;9.2500000e+01;3.3979438e-02;9.2500000e+01;5.7961859e-02;9.2500000e+01;8.4940374e-02;9.2500000e+01;1.1358834e-01;9.2500000e+01;1.3890752e-01;9.2500000e+01;1.5993889e-01;9.2500000e+01;1.7930967e-01;9.2500000e+01;2.0386209e-01;9.2500000e+01;2.2758831e-01;9.2500000e+01;2.3862495e-01;9.2500000e+01;2.2153926e-01;9.2500000e+01;1.8327041e-01;9.2500000e+01;1.3275301e-01;9.2500000e+01;8.1584267e-02;9.2500000e+01;3.4691222e-02;9.2500000e+01;-7.0990231e-03;9.2500000e+01;1.2616068e-03;9.2500000e+01;1.5310822e-02;9.2500000e+01;3.3979438e-02;9.2500000e+01;5.7961859e-02;9.2500000e+01;8.4940374e-02;9.2500000e+01;1.1358834e-01;9.2500000e+01;1.3890752e-01;9.2500000e+01;1.5993889e-01;9.2500000e+01;1.7930967e-01;9.2500000e+01;2.0386209e-01;9.2500000e+01;2.2758831e-01;9.2500000e+01;2.3862495e-01;9.2500000e+01;2.2153926e-01;9.2500000e+01;1.8327041e-01;9.2500000e+01;1.3275301e-01;9.2500000e+01;8.1584267e-02;9.2500000e+01;3.4691222e-02;9.2500000e+01;-7.0990231e-03;9.2500000e+01;1.2616068e-03;9.2500000e+01;1.5310822e-02;9.2500000e+01;3.3979438e-02;9.2500000e+01;5.7961859e-02;9.2500000e+01;8.4940374e-02;9.2500000e+01;1.1358834e-01;9.2500000e+01;1.3890752e-01;9.2500000e+01;1.5993889e-01;9.2500000e+01;1.7930967e-01;9.2500000e+01;2.0386209e-01;9.2500000e+01;2.2758831e-01;9.2500000e+01;2.3862495e-01;9.2500000e+01;2.2153926e-01;9.2500000e+01;1.8327041e-01;9.2500000e+01;1.3275301e-01;9.2500000e+01;8.1584267e-02;9.2500000e+01;3.4691222e-02;9.2500000e+01;-7.0990231e-03;9.2500000e+01;1.2616068e-03;9.2500000e+01;1.5310822e-02;9.2500000e+01;3.3979438e-02;9.2500000e+01;5.7961859e-02;9.2500000e+01;8.4940374e-02;9.2500000e+01;1.1358834e-01;9.2500000e+01;1.3890752e-01;9.2500000e+01;1.5993889e-01;9.2500000e+01;1.7930967e-01;9.2500000e+01;2.0386209e-01;9.2500000e+01;2.2758831e-01;9.2500000e+01;2.3862495e-01;9.2500000e+01;2.2153926e-01;9.2500000e+01;1.8327041e-01;9.2500000e+01;1.3275301e-01;9.2500000e+01;8.1584267e-02;9.2500000e+01;3.4691222e-02;9.2500000e+01;-7.0990231e-03;9.2500000e+01;1.2616068e-03;9.2500000e+01;1.5310822e-02;9.2500000e+01;3.3979438e-02;9.2500000e+01;5.7961859e-02;9.2500000e+01;8.4940374e-02;9.2500000e+01;1.1358834e-01;9.2500000e+01;1.3890752e-01;9.2500000e+01;1.5993889e-01;9.2500000e+01;1.7930967e-01;9.2500000e+01;2.0386209e-01;9.2500000e+01;2.2758831e-01;9.2500000e+01;2.3862495e-01;9.2500000e+01;2.2153926e-01;9.2500000e+01;1.8327041e-01;9.2500000e+01;1.3275301e-01;9.2500000e+01;8.1584267e-02;9.2500000e+01;3.4691222e-02;9.2500000e+01;-7.0990231e-03;9.2500000e+01;1.2616068e-03;9.2500000e+01;1.5310822e-02;9.2500000e+01;3.3979438e-02;9.2500000e+01;5.7961859e-02;9.2500000e+01;8.4940374e-02;9.2500000e+01;1.1358834e-01;9.2500000e+01;1.3890752e-01;9.2500000e+01;1.5993889e-01;9.2500000e+01;1.7930967e-01;9.2500000e+01;2.0386209e-01;9.2500000e+01;2.2758831e-01;9.2500000e+01;2.3862495e-01;9.2500000e+01;2.2153926e-01;9.2500000e+01;1.8327041e-01;9.2500000e+01;1.3275301e-01;9.2500000e+01;8.1584267e-02;9.2500000e+01;3.4691222e-02;9.2500000e+01;-7.0990231e-03;9.2500000e+01;1.2616068e-03;9.2500000e+01;1.5310822e-02;9.2500000e+01;3.3979438e-02;9.2500000e+01;5.7961859e-02;9.2500000e+01;8.4940374e-02;9.2500000e+01;1.1358834e-01;9.2500000e+01;1.3890752e-01;9.2500000e+01;1.5993889e-01;9.2500000e+01;1.7930967e-01;9.2500000e+01;2.0386209e-01;9.2500000e+01;2.2758831e-01;9.2500000e+01;2.3862495e-01;9.2500000e+01;2.2153926e-01;9.2500000e+01;1.8327041e-01;9.2500000e+01;1.3275301e-01;9.2500000e+01;8.1584267e-02;9.2500000e+01;3.4691222e-02;9.2500000e+01;-7.0990231e-03;9.2500000e+01;1.2616068e-03;9.2500000e+01;1.5310822e-02;9.2500000e+01;3.3979438e-02;9.2500000e+01;5.7961859e-02;9.2500000e+01;8.4940374e-02;9.2500000e+01;1.1358834e-01;9.2500000e+01;1.3890752e-01;9.2500000e+01;1.5993889e-01;9.2500000e+01;1.7930967e-01;9.2500000e+01;2.0386209e-01;9.2500000e+01;2.2758831e-01;9.2500000e+01;2.3862495e-01;9.2500000e+01;2.2153926e-01;9.2500000e+01;1.8327041e-01;9.2500000e+01;1.3275301e-01;9.2500000e+01;8.1584267e-02;9.2500000e+01;3.4691222e-02;9.2500000e+01;-7.0990231e-03;9.2500000e+01;1.2616068e-03;9.2500000e+01;1.5310822e-02;9.2500000e+01;3.3979438e-02;9.2500000e+01;5.7961859e-02;9.2500000e+01;8.4940374e-02;9.2500000e+01;1.1358834e-01;9.2500000e+01;1.3890752e-01;9.2500000e+01;1.5993889e-01;9.2500000e+01;1.7930967e-01;9.2500000e+01;2.0386209e-01;9.2500000e+01;2.2758831e-01;9.2500000e+01;2.3862495e-01;9.2500000e+01;2.2153926e-01;9.2500000e+01;1.8327041e-01;9.2500000e+01;1.3275301e-01;9.2500000e+01;8.1584267e-02;9.2500000e+01;3.4691222e-02;9.2500000e+01;-7.0990231e-03;9.2500000e+01;1.2616068e-03;9.2500000e+01;1.5310822e-02;9.2500000e+01;3.3979438e-02;9.2500000e+01;5.7961859e-02;9.2500000e+01;8.4940374e-02;9.2500000e+01;1.1358834e-01;9.2500000e+01;1.3890752e-01;9.2500000e+01;1.5993889e-01;9.2500000e+01;1.7930967e-01;9.2500000e+01;2.0386209e-01;9.2500000e+01;2.2758831e-01;9.2500000e+01;2.3862495e-01;9.2500000e+01;2.2153926e-01;9.2500000e+01;1.8327041e-01;9.2500000e+01;1.3275301e-01;9.2500000e+01;8.1584267e-02;9.2500000e+01;3.4691222e-02;9.2500000e+01;-7.0990231e-03;9.2500000e+01;1.2616068e-03;9.2500000e+01;1.5310822e-02;9.2500000e+01;3.3979438e-02;9.2500000e+01;5.7961859e-02;9.2500000e+01;8.4940374e-02;9.2500000e+01;1.1358834e-01;9.2500000e+01;1.3890752e-01;9.2500000e+01;1.5993889e-01;9.2500000e+01;1.7930967e-01;9.2500000e+01;2.0386209e-01;9.2500000e+01;2.2758831e-01;9.2500000e+01;2.3862495e-01;9.2500000e+01;2.2153926e-01;9.2500000e+01;1.8327041e-01;9.2500000e+01;1.3275301e-01;9.2500000e+01;8.1584267e-02;9.2500000e+01;3.4691222e-02;9.2500000e+01;-7.0990231e-03;9.2500000e+01;1.2616068e-03;9.2500000e+01;1.5310822e-02;9.2500000e+01;3.3979438e-02;9.2500000e+01;5.7961859e-02;9.2500000e+01;8.4940374e-02;9.2500000e+01;1.1358834e-01;9.2500000e+01;1.3890752e-01;9.2500000e+01;1.5993889e-01;9.2500000e+01;1.7930967e-01;9.2500000e+01;2.0386209e-01;9.2500000e+01;2.2758831e-01;9.2500000e+01;2.3862495e-01;9.2500000e+01;2.2153926e-01;9.2500000e+01;1.8327041e-01;9.2500000e+01;1.3275301e-01;9.2500000e+01;8.1584267e-02;9.2500000e+01;3.4691222e-02;9.2500000e+01;-7.0990231e-03;9.2500000e+01;1.2616068e-03;9.2500000e+01;1.5310822e-02;9.2500000e+01;3.3979438e-02;9.2500000e+01;5.7961859e-02;9.2500000e+01;8.4940374e-02;9.2500000e+01;1.1358834e-01;9.2500000e+01;1.3890752e-01;9.2500000e+01;1.5993889e-01;9.2500000e+01;1.7930967e-01;9.2500000e+01;2.0386209e-01;9.2500000e+01;2.2758831e-01;9.2500000e+01;2.3862495e-01;9.2500000e+01;2.2153926e-01;9.2500000e+01;1.8327041e-01;9.2500000e+01;1.3275301e-01;9.2500000e+01;8.1584267e-02;9.2500000e+01;3.4691222e-02;9.2500000e+01;-7.0990231e-03;9.2500000e+01;1.2616068e-03;9.2500000e+01;1.5310822e-02;9.2500000e+01;3.3979438e-02;9.2500000e+01;5.7961859e-02;9.2500000e+01;8.4940374e-02;9.2500000e+01;1.1358834e-01;9.2500000e+01;1.3890752e-01;9.2500000e+01;1.5993889e-01;9.2500000e+01;1.7930967e-01;9.2500000e+01;2.0386209e-01;9.2500000e+01;2.2758831e-01;9.2500000e+01;2.3862495e-01;9.2500000e+01;2.2153926e-01;9.2500000e+01;1.8327041e-01;9.2500000e+01;1.3275301e-01;9.2500000e+01;8.1584267e-02;9.2500000e+01;3.4691222e-02;9.2500000e+01;-7.0990231e-03;9.2500000e+01;1.2616068e-03;9.2500000e+01;1.5310822e-02;9.2500000e+01;3.3979438e-02;9.2500000e+01;5.7961859e-02;9.2500000e+01;8.4940374e-02;9.2500000e+01;1.1358834e-01;9.2500000e+01;1.3890752e-01;9.2500000e+01;1.5993889e-01;9.2500000e+01;1.7930967e-01;9.2500000e+01;2.0386209e-01;9.2500000e+01;2.2758831e-01;9.2500000e+01;2.3862495e-01;9.2500000e+01;2.2153926e-01;9.2500000e+01;1.8327041e-01;9.2500000e+01;1.3275301e-01;9.2500000e+01;8.1584267e-02;9.2500000e+01;3.4691222e-02;9.2500000e+01;-7.0990231e-03;9.2500000e+01;1.2616068e-03;9.2500000e+01;1.5310822e-02;9.2500000e+01;3.3979438e-02;9.2500000e+01;5.7961859e-02;9.2500000e+01;8.4940374e-02;9.2500000e+01;1.1358834e-01;9.2500000e+01;1.3890752e-01;9.2500000e+01;1.5993889e-01;9.2500000e+01;1.7930967e-01;9.2500000e+01;2.0386209e-01;9.2500000e+01;2.2758831e-01;9.2500000e+01;2.3862495e-01;9.2500000e+01;2.2153926e-01;9.2500000e+01;1.8327041e-01;9.2500000e+01;1.3275301e-01;9.2500000e+01;8.1584267e-02;9.2500000e+01;3.4691222e-02;9.2500000e+01;-7.0990231e-03;9.2500000e+01;1.2616068e-03;9.2500000e+01;1.5310822e-02;9.2500000e+01;3.3979438e-02;9.2500000e+01;5.7961859e-02;9.2500000e+01;8.4940374e-02;9.2500000e+01;1.1358834e-01;9.2500000e+01;1.3890752e-01;9.2500000e+01;1.5993889e-01;9.2500000e+01;1.7930967e-01;9.2500000e+01;2.0386209e-01;9.2500000e+01;2.2758831e-01;9.2500000e+01;2.3862495e-01;9.2500000e+01;2.2153926e-01;9.2500000e+01;1.8327041e-01;9.2500000e+01;1.3275301e-01;9.2500000e+01;8.1584267e-02;9.2500000e+01;3.4691222e-02;9.2500000e+01;-7.0990231e-03;9.2500000e+01;1.2616068e-03;9.2500000e+01;1.5310822e-02;9.2500000e+01;3.3979438e-02;9.2500000e+01;5.7961859e-02;9.2500000e+01;8.4940374e-02;9.2500000e+01;1.1358834e-01;9.2500000e+01;1.3890752e-01;9.2500000e+01;1.5993889e-01;9.2500000e+01;1.7930967e-01;9.2500000e+01;2.0386209e-01;9.2500000e+01;2.2758831e-01;9.2500000e+01;2.3862495e-01;9.2500000e+01;2.2153926e-01;9.2500000e+01;1.8327041e-01;9.2500000e+01;1.3275301e-01;9.2500000e+01;8.1584267e-02;9.2500000e+01;3.4691222e-02;9.2500000e+01;-7.0990231e-03;9.2500000e+01;1.2616068e-03;9.2500000e+01;1.5310822e-02;9.2500000e+01;3.3979438e-02;9.2500000e+01;5.7961859e-02;9.2500000e+01;8.4940374e-02;9.2500000e+01;1.1358834e-01;9.2500000e+01;1.3890752e-01;9.2500000e+01;1.5993889e-01;9.2500000e+01;1.7930967e-01;9.2500000e+01;2.0386209e-01;9.2500000e+01;2.2758831e-01;9.2500000e+01;2.3862495e-01;9.2500000e+01;2.2153926e-01;9.2500000e+01;1.8327041e-01;9.2500000e+01;1.3275301e-01;9.2500000e+01;8.1584267e-02;9.2500000e+01;3.4691222e-02;9.2500000e+01;-7.0990231e-03;9.2500000e+01;1.2616068e-03;9.2500000e+01;1.5310822e-02;9.2500000e+01;3.3979438e-02;9.2500000e+01;5.7961859e-02;9.2500000e+01;8.4940374e-02;9.2500000e+01;1.1358834e-01;9.2500000e+01;1.3890752e-01;9.2500000e+01;1.5993889e-01;9.2500000e+01;1.7930967e-01;9.2500000e+01;2.0386209e-01;9.2500000e+01;2.2758831e-01;9.2500000e+01;2.3862495e-01;9.2500000e+01;2.2153926e-01;9.2500000e+01;1.8327041e-01;9.2500000e+01;1.3275301e-01;9.2500000e+01;8.1584267e-02;9.2500000e+01;3.4691222e-02;9.2500000e+01;-7.0990231e-03;9.2500000e+01;1.2616068e-03;9.2500000e+01;1.5310822e-02;9.2500000e+01;3.3979438e-02;9.2500000e+01;5.7961859e-02;9.2500000e+01;8.4940374e-02;9.2500000e+01;1.1358834e-01;9.2500000e+01;1.3890752e-01;9.2500000e+01;1.5993889e-01;9.2500000e+01;1.7930967e-01;9.2500000e+01;2.0386209e-01;9.2500000e+01;2.2758831e-01;9.2500000e+01;2.3862495e-01;9.2500000e+01;2.2153926e-01;9.2500000e+01;1.8327041e-01;9.2500000e+01;1.3275301e-01;9.2500000e+01;8.1584267e-02;9.2500000e+01;3.4691222e-02;9.2500000e+01;-7.0990231e-03;9.2500000e+01;1.2616068e-03;9.2500000e+01;1.5310822e-02;9.2500000e+01;3.3979438e-02;9.2500000e+01;5.7961859e-02;9.2500000e+01;8.4940374e-02;9.2500000e+01;1.1358834e-01;9.2500000e+01;1.3890752e-01;9.2500000e+01;1.5993889e-01;9.2500000e+01;1.7930967e-01;9.2500000e+01;2.0386209e-01;9.2500000e+01;2.2758831e-01;9.2500000e+01;2.3862495e-01;9.2500000e+01;2.2153926e-01;9.2500000e+01;1.8327041e-01;9.2500000e+01;1.3275301e-01;9.2500000e+01;8.1584267e-02;9.2500000e+01;3.4691222e-02;9.2500000e+01;-7.0990231e-03;9.2500000e+01;1.2616068e-03;9.2500000e+01;1.5310822e-02;9.2500000e+01;3.3979438e-02;9.2500000e+01;5.7961859e-02;9.2500000e+01;8.4940374e-02;9.2500000e+01;1.1358834e-01;9.2500000e+01;1.3890752e-01;9.2500000e+01;1.5993889e-01;9.2500000e+01;1.7930967e-01;9.2500000e+01;2.0386209e-01;9.2500000e+01;2.2758831e-01;9.2500000e+01;2.3862495e-01;9.2500000e+01;2.2153926e-01;9.2500000e+01;1.8327041e-01;9.2500000e+01;1.3275301e-01;9.2500000e+01;8.1584267e-02;9.2500000e+01;3.4691222e-02;9.2500000e+01;-7.0990231e-03;9.2500000e+01;1.2616068e-03;9.2500000e+01;1.5310822e-02;9.2500000e+01;3.3979438e-02;9.2500000e+01;5.7961859e-02;9.2500000e+01;8.4940374e-02;9.2500000e+01;1.1358834e-01;9.2500000e+01;1.3890752e-01;9.2500000e+01;1.5993889e-01;9.2500000e+01;1.7930967e-01;9.2500000e+01;2.0386209e-01;9.2500000e+01;2.2758831e-01;9.2500000e+01;2.3862495e-01;9.2500000e+01;2.2153926e-01;9.2500000e+01;1.8327041e-01;9.2500000e+01;1.3275301e-01;9.2500000e+01;8.1584267e-02;9.2500000e+01;3.4691222e-02;9.2500000e+01;-7.0990231e-03;9.2500000e+01;1.2616068e-03;9.2500000e+01;1.5310822e-02;9.2500000e+01;3.3979438e-02;9.2500000e+01;5.7961859e-02;9.2500000e+01;8.4940374e-02;9.2500000e+01;1.1358834e-01;9.2500000e+01;1.3890752e-01;9.2500000e+01;1.5993889e-01;9.2500000e+01;1.7930967e-01;9.2500000e+01;2.0386209e-01;9.2500000e+01;2.2758831e-01;9.2500000e+01;2.3862495e-01;9.2500000e+01;2.2153926e-01;9.2500000e+01;1.8327041e-01;9.2500000e+01;1.3275301e-01;9.2500000e+01;8.1584267e-02;9.2500000e+01;3.4691222e-02;9.2500000e+01;-7.0990231e-03;9.2500000e+01;1.2616068e-03;9.2500000e+01;1.5310822e-02;9.2500000e+01;3.3979438e-02;9.2500000e+01;5.7961859e-02;9.2500000e+01;8.4940374e-02;9.2500000e+01;1.1358834e-01;9.2500000e+01;1.3890752e-01;9.2500000e+01;1.5993889e-01;9.2500000e+01;1.7930967e-01;9.2500000e+01;2.0386209e-01;9.2500000e+01;2.2758831e-01;9.2500000e+01;2.3862495e-01;9.2500000e+01;2.2153926e-01;9.2500000e+01;1.8327041e-01;9.2500000e+01;1.3275301e-01;9.2500000e+01;8.1584267e-02;9.2500000e+01;3.4691222e-02;9.2500000e+01;-7.0990231e-03;9.2500000e+01;1.2616068e-03;9.2500000e+01;1.5310822e-02;9.2500000e+01;3.3979438e-02;9.2500000e+01;5.7961859e-02;9.2500000e+01;8.4940374e-02;9.2500000e+01;1.1358834e-01;9.2500000e+01;1.3890752e-01;9.2500000e+01;1.5993889e-01;9.2500000e+01;1.7930967e-01;9.2500000e+01;2.0386209e-01;9.2500000e+01;2.2758831e-01;9.2500000e+01;2.3862495e-01;9.2500000e+01;2.2153926e-01;9.2500000e+01;1.8327041e-01;9.2500000e+01;1.3275301e-01;9.2500000e+01;8.1584267e-02;9.2500000e+01;3.4691222e-02;9.2500000e+01;-7.0990231e-03;9.2500000e+01;1.2616068e-03;9.2500000e+01;1.5310822e-02;9.2500000e+01;3.3979438e-02;9.2500000e+01;5.7961859e-02;9.2500000e+01;8.4940374e-02;9.2500000e+01;1.1358834e-01;9.2500000e+01;1.3890752e-01;9.2500000e+01;1.5993889e-01;9.2500000e+01;1.7930967e-01;9.2500000e+01;2.0386209e-01;9.2500000e+01;2.2758831e-01;9.2500000e+01;2.3862495e-01;9.2500000e+01;2.2153926e-01;9.2500000e+01;1.8327041e-01;9.2500000e+01;1.3275301e-01;9.2500000e+01;8.1584267e-02;9.2500000e+01;3.4691222e-02;9.2500000e+01;-7.0990231e-03;9.2500000e+01;1.2616068e-03;9.2500000e+01;1.5310822e-02;9.2500000e+01;3.3979438e-02;9.2500000e+01;5.7961859e-02;9.2500000e+01;8.4940374e-02;9.2500000e+01;1.1358834e-01;9.2500000e+01;1.3890752e-01;9.2500000e+01;1.5993889e-01;9.2500000e+01;1.7930967e-01;9.2500000e+01;2.0386209e-01;9.2500000e+01;2.2758831e-01;9.2500000e+01;2.3862495e-01;9.2500000e+01;2.2153926e-01;9.2500000e+01;1.8327041e-01;9.2500000e+01;1.3275301e-01;9.2500000e+01;8.1584267e-02;9.2500000e+01;3.4691222e-02;9.2500000e+01;-7.0990231e-03;9.2500000e+01;1.2616068e-03;9.2500000e+01;1.5310822e-02;9.2500000e+01;3.3979438e-02;9.2500000e+01;5.7961859e-02;9.2500000e+01;8.4940374e-02;9.2500000e+01;1.1358834e-01;9.2500000e+01;1.3890752e-01;9.2500000e+01;1.5993889e-01;9.2500000e+01;1.7930967e-01;9.2500000e+01;2.0386209e-01;9.2500000e+01;2.2758831e-01;9.2500000e+01;2.3862495e-01;9.2500000e+01;2.2153926e-01;9.2500000e+01;1.8327041e-01;9.2500000e+01;1.3275301e-01;9.2500000e+01;8.1584267e-02;9.2500000e+01;3.4691222e-02;9.2500000e+01;-7.0990231e-03;9.2500000e+01;1.2616068e-03;9.2500000e+01;1.5310822e-02;9.2500000e+01;3.3979438e-02;9.2500000e+01;5.7961859e-02;9.2500000e+01;8.4940374e-02;9.2500000e+01;1.1358834e-01;9.2500000e+01;1.3890752e-01;9.2500000e+01;1.5993889e-01;9.2500000e+01;1.7930967e-01;9.2500000e+01;2.0386209e-01;9.2500000e+01;2.2758831e-01;9.2500000e+01;2.3862495e-01;9.2500000e+01;2.2153926e-01;9.2500000e+01;1.8327041e-01;9.2500000e+01;1.3275301e-01;9.2500000e+01;8.1584267e-02;9.2500000e+01;3.4691222e-02;9.2500000e+01;-7.0990231e-03;9.2500000e+01;1.2616068e-03;9.2500000e+01;1.5310822e-02;9.2500000e+01;3.3979438e-02;9.2500000e+01;5.7961859e-02;9.2500000e+01;8.4940374e-02;9.2500000e+01;1.1358834e-01;9.2500000e+01;1.3890752e-01;9.2500000e+01;1.5993889e-01;9.2500000e+01;1.7930967e-01;9.2500000e+01;2.0386209e-01;9.2500000e+01;2.2758831e-01;9.2500000e+01;2.3862495e-01;9.2500000e+01;2.2153926e-01;9.2500000e+01;1.8327041e-01;9.2500000e+01;1.3275301e-01;9.2500000e+01;8.1584267e-02;9.2500000e+01;3.4691222e-02;9.2500000e+01;-7.0990231e-03;9.2500000e+01;1.2616068e-03;9.2500000e+01;1.5310822e-02;9.2500000e+01;3.3979438e-02;9.2500000e+01;5.7961859e-02;9.2500000e+01;8.4940374e-02;9.2500000e+01;1.1358834e-01;9.2500000e+01;1.3890752e-01;9.2500000e+01;1.5993889e-01;9.2500000e+01;1.7930967e-01;9.2500000e+01;2.0386209e-01;9.2500000e+01;2.2758831e-01;9.2500000e+01;2.3862495e-01;9.2500000e+01;2.2153926e-01;9.2500000e+01;1.8327041e-01;9.2500000e+01;1.3275301e-01;9.2500000e+01;8.1584267e-02;9.2500000e+01;3.4691222e-02;9.2500000e+01;-7.0990231e-03;9.2500000e+01;1.2616068e-03;9.2500000e+01;1.5310822e-02;9.2500000e+01;3.3979438e-02;9.2500000e+01;5.7961859e-02;9.2500000e+01;8.4940374e-02;9.2500000e+01;1.1358834e-01;9.2500000e+01;1.3890752e-01;9.2500000e+01;1.5993889e-01;9.2500000e+01;1.7930967e-01;9.2500000e+01;2.0386209e-01;9.2500000e+01;2.2758831e-01;9.2500000e+01;2.3862495e-01;9.2500000e+01;2.2153926e-01;9.2500000e+01;1.8327041e-01;9.2500000e+01;1.3275301e-01;9.2500000e+01;8.1584267e-02;9.2500000e+01;3.4691222e-02;9.2500000e+01;-7.0990231e-03;9.2500000e+01;1.2616068e-03;9.2500000e+01;1.5310822e-02;9.2500000e+01;3.3979438e-02;9.2500000e+01;5.7961859e-02;9.2500000e+01;8.4940374e-02;9.2500000e+01;1.1358834e-01;9.2500000e+01;1.3890752e-01;9.2500000e+01;1.5993889e-01;9.2500000e+01;1.7930967e-01;9.2500000e+01;2.0386209e-01;9.2500000e+01;2.2758831e-01;9.2500000e+01;2.3862495e-01;9.2500000e+01;2.2153926e-01;9.2500000e+01;1.8327041e-01;9.2500000e+01;1.3275301e-01;9.2500000e+01;8.1584267e-02;9.2500000e+01;3.4691222e-02;9.2500000e+01;-7.0990231e-03;9.2500000e+01;1.2616068e-03;9.2500000e+01;1.5310822e-02;9.2500000e+01;3.3979438e-02;9.2500000e+01;5.7961859e-02;9.2500000e+01;8.4940374e-02;9.2500000e+01;1.1358834e-01;9.2500000e+01;1.3890752e-01;9.2500000e+01;1.5993889e-01;9.2500000e+01;1.7930967e-01;9.2500000e+01;2.0386209e-01;9.2500000e+01;2.2758831e-01;9.2500000e+01;2.3862495e-01;9.2500000e+01;2.2153926e-01;9.2500000e+01;1.8327041e-01;9.2500000e+01;1.3275301e-01;9.2500000e+01;8.1584267e-02;9.2500000e+01;3.4691222e-02;9.2500000e+01;-7.0990231e-03;9.2500000e+01;1.2616068e-03;9.2500000e+01;1.5310822e-02;9.2500000e+01;3.3979438e-02;9.2500000e+01;5.7961859e-02;9.2500000e+01;8.4940374e-02;9.2500000e+01;1.1358834e-01;9.2500000e+01;1.3890752e-01;9.2500000e+01;1.5993889e-01;9.2500000e+01;1.7930967e-01;9.2500000e+01;2.0386209e-01;9.2500000e+01;2.2758831e-01;9.2500000e+01;2.3862495e-01;9.2500000e+01;2.2153926e-01;9.2500000e+01;1.8327041e-01;9.2500000e+01;1.3275301e-01;9.2500000e+01;8.1584267e-02;9.2500000e+01;3.4691222e-02;9.2500000e+01;-7.0990231e-03;9.2500000e+01;1.2616068e-03;9.2500000e+01;1.5310822e-02;9.2500000e+01;3.3979438e-02;9.2500000e+01;5.7961859e-02;9.2500000e+01;8.4940374e-02;9.2500000e+01;1.1358834e-01;9.2500000e+01;1.3890752e-01;9.2500000e+01;1.5993889e-01;9.2500000e+01;1.7930967e-01;9.2500000e+01;2.0386209e-01;9.2500000e+01;2.2758831e-01;9.2500000e+01;2.3862495e-01;9.2500000e+01;2.2153926e-01;9.2500000e+01;1.8327041e-01;9.2500000e+01;1.3275301e-01;9.2500000e+01;8.1584267e-02;9.2500000e+01;3.4691222e-02;9.2500000e+01;-7.0990231e-03;9.2500000e+01;1.2616068e-03;9.2500000e+01;1.5310822e-02;9.2500000e+01;3.3979438e-02;9.2500000e+01;5.7961859e-02;9.2500000e+01;8.4940374e-02;9.2500000e+01;1.1358834e-01;9.2500000e+01;1.3890752e-01;9.2500000e+01;1.5993889e-01;9.2500000e+01;1.7930967e-01;9.2500000e+01;2.0386209e-01;9.2500000e+01;2.2758831e-01;9.2500000e+01;2.3862495e-01;9.2500000e+01;2.2153926e-01;9.2500000e+01;1.8327041e-01;9.2500000e+01;1.3275301e-01;9.2500000e+01;8.1584267e-02;9.2500000e+01;3.4691222e-02;9.2500000e+01;-7.0990231e-03;9.2500000e+01;1.2616068e-03;9.2500000e+01;1.5310822e-02;9.2500000e+01;3.3979438e-02;9.2500000e+01;5.7961859e-02;9.2500000e+01;8.4940374e-02;9.2500000e+01;1.1358834e-01;9.2500000e+01;1.3890752e-01;9.2500000e+01;1.5993889e-01;9.2500000e+01;1.7930967e-01;9.2500000e+01;2.0386209e-01;9.2500000e+01;2.2758831e-01;9.2500000e+01;2.3862495e-01;9.2500000e+01;2.2153926e-01;9.2500000e+01;1.8327041e-01;9.2500000e+01;1.3275301e-01;9.2500000e+01;8.1584267e-02;9.2500000e+01;3.4691222e-02;9.2500000e+01;-7.0990231e-03;9.2500000e+01;1.2616068e-03;9.2500000e+01;1.5310822e-02;9.2500000e+01;3.3979438e-02;9.2500000e+01;5.7961859e-02;9.2500000e+01;8.4940374e-02;9.2500000e+01;1.1358834e-01;9.2500000e+01;1.3890752e-01;9.2500000e+01;1.5993889e-01;9.2500000e+01;1.7930967e-01;9.2500000e+01;2.0386209e-01;9.2500000e+01;2.2758831e-01;9.2500000e+01;2.3862495e-01;9.2500000e+01;2.2153926e-01;9.2500000e+01;1.8327041e-01;9.2500000e+01;1.3275301e-01;9.2500000e+01;8.1584267e-02;9.2500000e+01;3.4691222e-02;9.2500000e+01;-7.0990231e-03;9.2500000e+01;1.2616068e-03;9.2500000e+01;1.5310822e-02;9.2500000e+01;3.3979438e-02;9.2500000e+01;5.7961859e-02;9.2500000e+01;8.4940374e-02;9.2500000e+01;1.1358834e-01;9.2500000e+01;1.3890752e-01;9.2500000e+01;1.5993889e-01;9.2500000e+01;1.7930967e-01;9.2500000e+01;2.0386209e-01;9.2500000e+01;2.2758831e-01;9.2500000e+01;2.3862495e-01;9.2500000e+01;2.2153926e-01;9.2500000e+01;1.8327041e-01;9.2500000e+01;1.3275301e-01;9.2500000e+01;8.1584267e-02;9.2500000e+01;3.4691222e-02;9.2500000e+01;-7.0990231e-03;9.2500000e+01;1.2616068e-03;9.2500000e+01;1.5310822e-02;9.2500000e+01;3.3979438e-02;9.2500000e+01;5.7961859e-02;9.2500000e+01;8.4940374e-02;9.2500000e+01;1.1358834e-01;9.2500000e+01;1.3890752e-01;9.2500000e+01;1.5993889e-01;9.2500000e+01;1.7930967e-01;9.2500000e+01;2.0386209e-01;9.2500000e+01;2.2758831e-01;9.2500000e+01;2.3862495e-01;9.2500000e+01;2.2153926e-01;9.2500000e+01;1.8327041e-01;9.2500000e+01;1.3275301e-01;9.2500000e+01;8.1584267e-02;9.2500000e+01;3.4691222e-02;9.2500000e+01;-7.0990231e-03;9.2500000e+01;1.2616068e-03;9.2500000e+01;1.5310822e-02;9.2500000e+01;3.3979438e-02;9.2500000e+01;5.7961859e-02;9.2500000e+01;8.4940374e-02;9.2500000e+01;1.1358834e-01;9.2500000e+01;1.3890752e-01;9.2500000e+01;1.5993889e-01;9.2500000e+01;1.7930967e-01;9.2500000e+01;2.0386209e-01;9.2500000e+01;2.2758831e-01;9.2500000e+01;2.3862495e-01;9.2500000e+01;2.2153926e-01;9.2500000e+01;1.8327041e-01;9.2500000e+01;1.3275301e-01;9.2500000e+01;8.1584267e-02;9.2500000e+01;3.4691222e-02;9.2500000e+01;-7.0990231e-03;9.2500000e+01;1.2616068e-03;9.2500000e+01;1.5310822e-02;9.2500000e+01;3.3979438e-02;9.2500000e+01;5.7961859e-02;9.2500000e+01;8.4940374e-02;9.2500000e+01;1.1358834e-01;9.2500000e+01;1.3890752e-01;9.2500000e+01;1.5993889e-01;9.2500000e+01;1.7930967e-01;9.2500000e+01;2.0386209e-01;9.2500000e+01;2.2758831e-01;9.2500000e+01;2.3862495e-01;9.2500000e+01;2.2153926e-01;9.2500000e+01;1.8327041e-01;9.2500000e+01;1.3275301e-01;9.2500000e+01;8.1584267e-02;9.2500000e+01;3.4691222e-02;9.2500000e+01;-7.0990231e-03;9.2500000e+01;1.2616068e-03;9.2500000e+01;1.5310822e-02;9.2500000e+01;3.3979438e-02;9.2500000e+01;5.7961859e-02;9.2500000e+01;8.4940374e-02;9.2500000e+01;1.1358834e-01;9.2500000e+01;1.3890752e-01;9.2500000e+01;1.5993889e-01;9.2500000e+01;1.7930967e-01;9.2500000e+01;2.0386209e-01;9.2500000e+01;2.2758831e-01;9.2500000e+01;2.3862495e-01;9.2500000e+01;2.2153926e-01;9.2500000e+01;1.8327041e-01;9.2500000e+01;1.3275301e-01;9.2500000e+01;8.1584267e-02;9.2500000e+01;3.4691222e-02;9.2500000e+01;-7.0990231e-03;9.2500000e+01;1.2616068e-03;9.2500000e+01;1.5310822e-02;9.2500000e+01;3.3979438e-02;9.2500000e+01;5.7961859e-02;9.2500000e+01;8.4940374e-02;9.2500000e+01;1.1358834e-01;9.2500000e+01;1.3890752e-01;9.2500000e+01;1.5993889e-01;9.2500000e+01;1.7930967e-01;9.2500000e+01;2.0386209e-01;9.2500000e+01;2.2758831e-01;9.2500000e+01;2.3862495e-01;9.2500000e+01;2.2153926e-01;9.2500000e+01;1.8327041e-01;9.2500000e+01;1.3275301e-01;9.2500000e+01;8.1584267e-02;9.2500000e+01;3.4691222e-02;9.2500000e+01;-7.0990231e-03;9.2500000e+01;1.2616068e-03;9.2500000e+01;1.5310822e-02;9.2500000e+01;3.3979438e-02;9.2500000e+01;5.7961859e-02;9.2500000e+01;8.4940374e-02;9.2500000e+01;1.1358834e-01;9.2500000e+01;1.3890752e-01;9.2500000e+01;1.5993889e-01;9.2500000e+01;1.7930967e-01;9.2500000e+01;2.0386209e-01;9.2500000e+01;2.2758831e-01;9.2500000e+01;2.3862495e-01;9.2500000e+01;2.2153926e-01;9.2500000e+01;1.8327041e-01;9.2500000e+01;1.3275301e-01;9.2500000e+01;8.1584267e-02;9.2500000e+01;3.4691222e-02;9.2500000e+01;-7.0990231e-03;9.2500000e+01;1.2616068e-03;9.2500000e+01;1.5310822e-02;9.2500000e+01;3.3979438e-02;9.2500000e+01;5.7961859e-02;9.2500000e+01;8.4940374e-02;9.2500000e+01;1.1358834e-01;9.2500000e+01;1.3890752e-01;9.2500000e+01;1.5993889e-01;9.2500000e+01;1.7930967e-01;9.2500000e+01;2.0386209e-01;9.2500000e+01;2.2758831e-01;9.2500000e+01;2.3862495e-01;9.2500000e+01;2.2153926e-01;9.2500000e+01;1.8327041e-01;9.2500000e+01;1.3275301e-01;9.2500000e+01;8.1584267e-02;9.2500000e+01;3.4691222e-02;9.2500000e+01;-7.0990231e-03;9.2500000e+01;1.2616068e-03;9.2500000e+01;1.5310822e-02;9.2500000e+01;3.3979438e-02;9.2500000e+01;5.7961859e-02;9.2500000e+01;8.4940374e-02;9.2500000e+01;1.1358834e-01;9.2500000e+01;1.3890752e-01;9.2500000e+01;1.5993889e-01;9.2500000e+01;1.7930967e-01;9.2500000e+01;2.0386209e-01;9.2500000e+01;2.2758831e-01;9.2500000e+01;2.3862495e-01;9.2500000e+01;2.2153926e-01;9.2500000e+01;1.8327041e-01;9.2500000e+01;1.3275301e-01;9.2500000e+01;8.1584267e-02;9.2500000e+01;3.4691222e-02;9.2500000e+01;-7.0990231e-03;9.2500000e+01;1.2616068e-03;9.2500000e+01;1.5310822e-02;9.2500000e+01;3.3979438e-02;9.2500000e+01;5.7961859e-02;9.2500000e+01;8.4940374e-02;9.2500000e+01;1.1358834e-01;9.2500000e+01;1.3890752e-01;9.2500000e+01;1.5993889e-01;9.2500000e+01;1.7930967e-01;9.2500000e+01;2.0386209e-01;9.2500000e+01;2.2758831e-01;9.2500000e+01;2.3862495e-01;9.2500000e+01;2.2153926e-01;9.2500000e+01;1.8327041e-01;9.2500000e+01;1.3275301e-01;9.2500000e+01;8.1584267e-02;9.2500000e+01;3.4691222e-02;9.2500000e+01;-7.0990231e-03;9.2500000e+01;1.2616068e-03;9.2500000e+01;1.5310822e-02;9.2500000e+01;3.3979438e-02;9.2500000e+01;5.7961859e-02;9.2500000e+01;8.4940374e-02;9.2500000e+01;1.1358834e-01;9.2500000e+01;1.3890752e-01;9.2500000e+01;1.5993889e-01;9.2500000e+01;1.7930967e-01;9.2500000e+01;2.0386209e-01;9.2500000e+01;2.2758831e-01;9.2500000e+01;2.3862495e-01;9.2500000e+01;2.2153926e-01;9.2500000e+01;1.8327041e-01;9.2500000e+01;1.3275301e-01;9.2500000e+01;8.1584267e-02;9.2500000e+01;3.4691222e-02;9.2500000e+01;-7.0990231e-03;9.2500000e+01;1.2616068e-03;9.2500000e+01;1.5310822e-02;9.2500000e+01;3.3979438e-02;9.2500000e+01;5.7961859e-02;9.2500000e+01;8.4940374e-02;9.2500000e+01;1.1358834e-01;9.2500000e+01;1.3890752e-01;9.2500000e+01;1.5993889e-01;9.2500000e+01;1.7930967e-01;9.2500000e+01;2.0386209e-01;9.2500000e+01;2.2758831e-01;9.2500000e+01;2.3862495e-01;9.2500000e+01;2.2153926e-01;9.2500000e+01;1.8327041e-01;9.2500000e+01;1.3275301e-01;9.2500000e+01;8.1584267e-02;9.2500000e+01;3.4691222e-02;9.2500000e+01;-7.0990231e-03;9.2500000e+01;1.2616068e-03;9.2500000e+01;1.5310822e-02;9.2500000e+01;3.3979438e-02;9.2500000e+01;5.7961859e-02;9.2500000e+01;8.4940374e-02;9.2500000e+01;1.1358834e-01;9.2500000e+01;1.3890752e-01;9.2500000e+01;1.5993889e-01;9.2500000e+01;1.7930967e-01;9.2500000e+01;2.0386209e-01;9.2500000e+01;2.2758831e-01;9.2500000e+01;2.3862495e-01;9.2500000e+01;2.2153926e-01;9.2500000e+01;1.8327041e-01;9.2500000e+01;1.3275301e-01;9.2500000e+01;8.1584267e-02;9.2500000e+01;3.4691222e-02;9.2500000e+01;-7.0990231e-03;9.2500000e+01;1.2616068e-03;9.2500000e+01;1.5310822e-02;9.2500000e+01;3.3979438e-02;9.2500000e+01;5.7961859e-02;9.2500000e+01;8.4940374e-02;9.2500000e+01;1.1358834e-01;9.2500000e+01;1.3890752e-01;9.2500000e+01;1.5993889e-01;9.2500000e+01;1.7930967e-01;9.2500000e+01;2.0386209e-01;9.2500000e+01;2.2758831e-01;9.2500000e+01;2.3862495e-01;9.2500000e+01;2.2153926e-01;9.2500000e+01;1.8327041e-01;9.2500000e+01;1.3275301e-01;9.2500000e+01;8.1584267e-02;9.2500000e+01;3.4691222e-02;9.2500000e+01;-7.0990231e-03;9.2500000e+01;1.2616068e-03;9.2500000e+01;1.5310822e-02;9.2500000e+01;3.3979438e-02;9.2500000e+01;5.7961859e-02;9.2500000e+01;8.4940374e-02;9.2500000e+01;1.1358834e-01;9.2500000e+01;1.3890752e-01;9.2500000e+01;1.5993889e-01;9.2500000e+01;1.7930967e-01;9.2500000e+01;2.0386209e-01;9.2500000e+01;2.2758831e-01;9.2500000e+01;2.3862495e-01;9.2500000e+01;2.2153926e-01;9.2500000e+01;1.8327041e-01;9.2500000e+01;1.3275301e-01;9.2500000e+01;8.1584267e-02;9.2500000e+01;3.4691222e-02;9.2500000e+01;-7.0990231e-03;9.2500000e+01;1.2616068e-03;9.2500000e+01;1.5310822e-02;9.2500000e+01;3.3979438e-02;9.2500000e+01;5.7961859e-02;9.2500000e+01;8.4940374e-02;9.2500000e+01;1.1358834e-01;9.2500000e+01;1.3890752e-01;9.2500000e+01;1.5993889e-01;9.2500000e+01;1.7930967e-01;9.2500000e+01;2.0386209e-01;9.2500000e+01;2.2758831e-01;9.2500000e+01;2.3862495e-01;9.2500000e+01;2.2153926e-01;9.2500000e+01;1.8327041e-01;9.2500000e+01;1.3275301e-01;9.2500000e+01;8.1584267e-02;9.2500000e+01;3.4691222e-02;9.2500000e+01;-7.0990231e-03;9.2500000e+01;1.2616068e-03;9.2500000e+01;1.5310822e-02;9.2500000e+01;3.3979438e-02;9.2500000e+01;5.7961859e-02;9.2500000e+01;8.4940374e-02;9.2500000e+01;1.1358834e-01;9.2500000e+01;1.3890752e-01;9.2500000e+01;1.5993889e-01;9.2500000e+01;1.7930967e-01;9.2500000e+01;2.0386209e-01;9.2500000e+01;2.2758831e-01;9.2500000e+01;2.3862495e-01;9.2500000e+01;2.2153926e-01;9.2500000e+01;1.8327041e-01;9.2500000e+01;1.3275301e-01;9.2500000e+01;8.1584267e-02;9.2500000e+01;3.4691222e-02;9.2500000e+01;-7.0990231e-03;9.2500000e+01;1.2616068e-03;9.2500000e+01;1.5310822e-02;9.2500000e+01;3.3979438e-02;9.2500000e+01;5.7961859e-02;9.2500000e+01;8.4940374e-02;9.2500000e+01;1.1358834e-01;9.2500000e+01;1.3890752e-01;9.2500000e+01;1.5993889e-01;9.2500000e+01;1.7930967e-01;9.2500000e+01;2.0386209e-01;9.2500000e+01;2.2758831e-01;9.2500000e+01;2.3862495e-01;9.2500000e+01;2.2153926e-01;9.2500000e+01;1.8327041e-01;9.2500000e+01;1.3275301e-01;9.2500000e+01;8.1584267e-02;9.2500000e+01;3.4691222e-02;9.2500000e+01;-7.0990231e-03;9.2500000e+01;1.2616068e-03;9.2500000e+01;1.5310822e-02;9.2500000e+01;3.3979438e-02;9.2500000e+01;5.7961859e-02;9.2500000e+01;8.4940374e-02;9.2500000e+01;1.1358834e-01;9.2500000e+01;1.3890752e-01;9.2500000e+01;1.5993889e-01;9.2500000e+01;1.7930967e-01;9.2500000e+01;2.0386209e-01;9.2500000e+01;2.2758831e-01;9.2500000e+01;2.3862495e-01;9.2500000e+01;2.2153926e-01;9.2500000e+01;1.8327041e-01;9.2500000e+01;1.3275301e-01;9.2500000e+01;8.1584267e-02;9.2500000e+01;3.4691222e-02;9.2500000e+01;-7.0990231e-03;9.2500000e+01;1.2616068e-03;9.2500000e+01;1.5310822e-02;9.2500000e+01;3.3979438e-02;9.2500000e+01;5.7961859e-02;9.2500000e+01;8.4940374e-02;9.2500000e+01;1.1358834e-01;9.2500000e+01;1.3890752e-01;9.2500000e+01;1.5993889e-01;9.2500000e+01;1.7930967e-01;9.2500000e+01;2.0386209e-01;9.2500000e+01;2.2758831e-01;9.2500000e+01;2.3862495e-01;9.2500000e+01;2.2153926e-01;9.2500000e+01;1.8327041e-01;9.2500000e+01;1.3275301e-01;9.2500000e+01;8.1584267e-02;9.2500000e+01;3.4691222e-02;9.2500000e+01;-7.0990231e-03;9.2500000e+01;1.2616068e-03;9.2500000e+01;1.5310822e-02;9.2500000e+01;3.3979438e-02;9.2500000e+01;5.7961859e-02;9.2500000e+01;8.4940374e-02;9.2500000e+01;1.1358834e-01;9.2500000e+01;1.3890752e-01;9.2500000e+01;1.5993889e-01;9.2500000e+01;1.7930967e-01;9.2500000e+01;2.0386209e-01;9.2500000e+01;2.2758831e-01;9.2500000e+01;2.3862495e-01;9.2500000e+01;2.2153926e-01;9.2500000e+01;1.8327041e-01;9.2500000e+01;1.3275301e-01;9.2500000e+01;8.1584267e-02;9.2500000e+01;3.4691222e-02;9.2500000e+01;-7.0990231e-03;9.2500000e+01;1.2616068e-03;9.2500000e+01;1.5310822e-02;9.2500000e+01;3.3979438e-02;9.2500000e+01;5.7961859e-02;9.2500000e+01;8.4940374e-02;9.2500000e+01;1.1358834e-01;9.2500000e+01;1.3890752e-01;9.2500000e+01;1.5993889e-01;9.2500000e+01;1.7930967e-01;9.2500000e+01;2.0386209e-01;9.2500000e+01;2.2758831e-01;9.2500000e+01;2.3862495e-01;9.2500000e+01;2.2153926e-01;9.2500000e+01;1.8327041e-01;9.2500000e+01;1.3275301e-01;9.2500000e+01;8.1584267e-02;9.2500000e+01;3.4691222e-02;9.2500000e+01;-7.0990231e-03;9.2500000e+01;1.2616068e-03;9.2500000e+01;1.5310822e-02;9.2500000e+01;3.3979438e-02;9.2500000e+01;5.7961859e-02;9.2500000e+01;8.4940374e-02;9.2500000e+01;1.1358834e-01;9.2500000e+01;1.3890752e-01;9.2500000e+01;1.5993889e-01;9.2500000e+01;1.7930967e-01;9.2500000e+01;2.0386209e-01;9.2500000e+01;2.2758831e-01;9.2500000e+01;2.3862495e-01;9.2500000e+01;2.2153926e-01;9.2500000e+01;1.8327041e-01;9.2500000e+01;1.3275301e-01;9.2500000e+01;8.1584267e-02;9.2500000e+01;3.4691222e-02;9.2500000e+01;-7.0990231e-03;9.2500000e+01;1.2616068e-03;9.2500000e+01;1.5310822e-02;9.2500000e+01;3.3979438e-02;9.2500000e+01;5.7961859e-02;9.2500000e+01;8.4940374e-02;9.2500000e+01;1.1358834e-01;9.2500000e+01;1.3890752e-01;9.2500000e+01;1.5993889e-01;9.2500000e+01;1.7930967e-01;9.2500000e+01;2.0386209e-01;9.2500000e+01;2.2758831e-01;9.2500000e+01;2.3862495e-01;9.2500000e+01;2.2153926e-01;9.2500000e+01;1.8327041e-01;9.2500000e+01;1.3275301e-01;9.2500000e+01;8.1584267e-02;9.2500000e+01;3.4691222e-02;9.2500000e+01;-7.0990231e-03;9.2500000e+01;1.2616068e-03;9.2500000e+01;1.5310822e-02;9.2500000e+01;3.3979438e-02;9.2500000e+01;5.7961859e-02;9.2500000e+01;8.4940374e-02;9.2500000e+01;1.1358834e-01;9.2500000e+01;1.3890752e-01;9.2500000e+01;1.5993889e-01;9.2500000e+01;1.7930967e-01;9.2500000e+01;2.0386209e-01;9.2500000e+01;2.2758831e-01;9.2500000e+01;2.3862495e-01;9.2500000e+01;2.2153926e-01;9.2500000e+01;1.8327041e-01;9.2500000e+01;1.3275301e-01;9.2500000e+01;8.1584267e-02;9.2500000e+01;3.4691222e-02;9.2500000e+01;-7.0990231e-03;9.2500000e+01;1.2616068e-03;9.2500000e+01;1.5310822e-02;9.2500000e+01;3.3979438e-02;9.2500000e+01;5.7961859e-02;9.2500000e+01;8.4940374e-02;9.2500000e+01;1.1358834e-01;9.2500000e+01;1.3890752e-01;9.2500000e+01;1.5993889e-01;9.2500000e+01;1.7930967e-01;9.2500000e+01;2.0386209e-01;9.2500000e+01;2.2758831e-01;9.2500000e+01;2.3862495e-01;9.2500000e+01;2.2153926e-01;9.2500000e+01;1.8327041e-01;9.2500000e+01;1.3275301e-01;9.2500000e+01;8.1584267e-02;9.2500000e+01;3.4691222e-02;9.2500000e+01;-7.0990231e-03;9.2500000e+01;1.2616068e-03;9.2500000e+01;1.5310822e-02;9.2500000e+01;3.3979438e-02;9.2500000e+01;5.7961859e-02;9.2500000e+01;8.4940374e-02;9.2500000e+01;1.1358834e-01;9.2500000e+01;1.3890752e-01;9.2500000e+01;1.5993889e-01;9.2500000e+01;1.7930967e-01;9.2500000e+01;2.0386209e-01;9.2500000e+01;2.2758831e-01;9.2500000e+01;2.3862495e-01;9.2500000e+01;2.2153926e-01;9.2500000e+01;1.8327041e-01;9.2500000e+01;1.3275301e-01;9.2500000e+01;8.1584267e-02;9.2500000e+01;3.4691222e-02;9.2500000e+01;-7.0990231e-03;9.2500000e+01;1.2616068e-03;9.2500000e+01;1.5310822e-02;9.2500000e+01;3.3979438e-02;9.2500000e+01;5.7961859e-02;9.2500000e+01;8.4940374e-02;9.2500000e+01;1.1358834e-01;9.2500000e+01;1.3890752e-01;9.2500000e+01;1.5993889e-01;9.2500000e+01;1.7930967e-01;9.2500000e+01;2.0386209e-01;9.2500000e+01;2.2758831e-01;9.2500000e+01;2.3862495e-01;9.2500000e+01;2.2153926e-01;9.2500000e+01;1.8327041e-01;9.2500000e+01;1.3275301e-01;9.2500000e+01;8.1584267e-02;9.2500000e+01;3.4691222e-02;9.2500000e+01;-7.0990231e-03;9.2500000e+01;1.2616068e-03;9.2500000e+01;1.5310822e-02;9.2500000e+01;3.3979438e-02;9.2500000e+01;5.7961859e-02;9.2500000e+01;8.4940374e-02;9.2500000e+01;1.1358834e-01;9.2500000e+01;1.3890752e-01;9.2500000e+01;1.5993889e-01;9.2500000e+01;1.7930967e-01;9.2500000e+01;2.0386209e-01;9.2500000e+01;2.2758831e-01;9.2500000e+01;2.3862495e-01;9.2500000e+01;2.2153926e-01;9.2500000e+01;1.8327041e-01;9.2500000e+01;1.3275301e-01;9.2500000e+01;8.1584267e-02;9.2500000e+01;3.4691222e-02;9.2500000e+01;-7.0990231e-03;9.2500000e+01;1.2616068e-03;9.2500000e+01;1.5310822e-02;9.2500000e+01;3.3979438e-02;9.2500000e+01;5.7961859e-02;9.2500000e+01;8.4940374e-02;9.2500000e+01;1.1358834e-01;9.2500000e+01;1.3890752e-01;9.2500000e+01;1.5993889e-01;9.2500000e+01;1.7930967e-01;9.2500000e+01;2.0386209e-01;9.2500000e+01;2.2758831e-01;9.2500000e+01;2.3862495e-01;9.2500000e+01;2.2153926e-01;9.2500000e+01;1.8327041e-01;9.2500000e+01;1.3275301e-01;9.2500000e+01;8.1584267e-02;9.2500000e+01;3.4691222e-02;9.2500000e+01;-7.0990231e-03;9.2500000e+01;1.2616068e-03;9.2500000e+01;1.5310822e-02;9.2500000e+01;3.3979438e-02;9.2500000e+01;5.7961859e-02;9.2500000e+01;8.4940374e-02;9.2500000e+01;1.1358834e-01;9.2500000e+01;1.3890752e-01;9.2500000e+01;1.5993889e-01;9.2500000e+01;1.7930967e-01;9.2500000e+01;2.0386209e-01;9.2500000e+01;2.2758831e-01;9.2500000e+01;2.3862495e-01;9.2500000e+01;2.2153926e-01;9.2500000e+01;1.8327041e-01;9.2500000e+01;1.3275301e-01;9.2500000e+01;8.1584267e-02;9.2500000e+01;3.4691222e-02;9.2500000e+01;-7.0990231e-03;9.2500000e+01;1.2616068e-03;9.2500000e+01;1.5310822e-02;9.2500000e+01;3.3979438e-02;9.2500000e+01;5.7961859e-02;9.2500000e+01;8.4940374e-02;9.2500000e+01;1.1358834e-01;9.2500000e+01;1.3890752e-01;9.2500000e+01;1.5993889e-01;9.2500000e+01;1.7930967e-01;9.2500000e+01;2.0386209e-01;9.2500000e+01;2.2758831e-01;9.2500000e+01;2.3862495e-01;9.2500000e+01;2.2153926e-01;9.2500000e+01;1.8327041e-01;9.2500000e+01;1.3275301e-01;9.2500000e+01;8.1584267e-02;9.2500000e+01;3.4691222e-02;9.2500000e+01;-7.0990231e-03;9.2500000e+01;1.2616068e-03;9.2500000e+01;1.5310822e-02;9.2500000e+01;3.3979438e-02;9.2500000e+01;5.7961859e-02;9.2500000e+01;8.4940374e-02;9.2500000e+01;1.1358834e-01;9.2500000e+01;1.3890752e-01;9.2500000e+01;1.5993889e-01;9.2500000e+01;1.7930967e-01;9.2500000e+01;2.0386209e-01;9.2500000e+01;2.2758831e-01;9.2500000e+01;2.3862495e-01;9.2500000e+01;2.2153926e-01;9.2500000e+01;1.8327041e-01;9.2500000e+01;1.3275301e-01;9.2500000e+01;8.1584267e-02;9.2500000e+01;3.4691222e-02;9.2500000e+01;-7.0990231e-03;9.2500000e+01;1.2616068e-03;9.2500000e+01;1.5310822e-02;9.2500000e+01;3.3979438e-02;9.2500000e+01;5.7961859e-02;9.2500000e+01;8.4940374e-02;9.2500000e+01;1.1358834e-01;9.2500000e+01;1.3890752e-01;9.2500000e+01;1.5993889e-01;9.2500000e+01;1.7930967e-01;9.2500000e+01;2.0386209e-01;9.2500000e+01;2.2758831e-01;9.2500000e+01;2.3862495e-01;9.2500000e+01;2.2153926e-01;9.2500000e+01;1.8327041e-01;9.2500000e+01;1.3275301e-01;9.2500000e+01;8.1584267e-02;9.2500000e+01;3.4691222e-02;9.2500000e+01;-7.0990231e-03;9.2500000e+01;1.2616068e-03;9.2500000e+01;1.5310822e-02;9.2500000e+01;3.3979438e-02;9.2500000e+01;5.7961859e-02;9.2500000e+01;8.4940374e-02;9.2500000e+01;1.1358834e-01;9.2500000e+01;1.3890752e-01;9.2500000e+01;1.5993889e-01;9.2500000e+01;1.7930967e-01;9.2500000e+01;2.0386209e-01;9.2500000e+01;2.2758831e-01;9.2500000e+01;2.3862495e-01;9.2500000e+01;2.2153926e-01;9.2500000e+01;1.8327041e-01;9.2500000e+01;1.3275301e-01;9.2500000e+01;8.1584267e-02;9.2500000e+01;3.4691222e-02;9.2500000e+01;-7.0990231e-03;9.2500000e+01;1.2616068e-03;9.2500000e+01;1.5310822e-02;9.2500000e+01;3.3979438e-02;9.2500000e+01;5.7961859e-02;9.2500000e+01;8.4940374e-02;9.2500000e+01;1.1358834e-01;9.2500000e+01;1.3890752e-01;9.2500000e+01;1.5993889e-01;9.2500000e+01;1.7930967e-01;9.2500000e+01;2.0386209e-01;9.2500000e+01;2.2758831e-01;9.2500000e+01;2.3862495e-01;9.2500000e+01;2.2153926e-01;9.2500000e+01;1.8327041e-01;9.2500000e+01;1.3275301e-01;9.2500000e+01;8.1584267e-02;9.2500000e+01;3.4691222e-02;9.2500000e+01;-7.0990231e-03;9.2500000e+01;1.2616068e-03;9.2500000e+01;1.5310822e-02;9.2500000e+01;3.3979438e-02;9.2500000e+01;5.7961859e-02;9.2500000e+01;8.4940374e-02;9.2500000e+01;1.1358834e-01;9.2500000e+01;1.3890752e-01;9.2500000e+01;1.5993889e-01;9.2500000e+01;1.7930967e-01;9.2500000e+01;2.0386209e-01;9.2500000e+01;2.2758831e-01;9.2500000e+01;2.3862495e-01;9.2500000e+01;2.2153926e-01;9.2500000e+01;1.8327041e-01;9.2500000e+01;1.3275301e-01;9.2500000e+01;8.1584267e-02;9.2500000e+01;3.4691222e-02;9.2500000e+01;-7.0990231e-03;9.2500000e+01;1.2616068e-03;9.2500000e+01;1.5310822e-02;9.2500000e+01;3.3979438e-02;9.2500000e+01;5.7961859e-02;9.2500000e+01;8.4940374e-02;9.2500000e+01;1.1358834e-01;9.2500000e+01;1.3890752e-01;9.2500000e+01;1.5993889e-01;9.2500000e+01;1.7930967e-01;9.2500000e+01;2.0386209e-01;9.2500000e+01;2.2758831e-01;9.2500000e+01;2.3862495e-01;9.2500000e+01;2.2153926e-01;9.2500000e+01;1.8327041e-01;9.2500000e+01;1.3275301e-01;9.2500000e+01;8.1584267e-02;9.2500000e+01;3.4691222e-02;9.2500000e+01;-7.0990231e-03;9.2500000e+01;1.2616068e-03;9.2500000e+01;1.5310822e-02;9.2500000e+01;3.3979438e-02;9.2500000e+01;5.7961859e-02;9.2500000e+01;8.4940374e-02;9.2500000e+01;1.1358834e-01;9.2500000e+01;1.3890752e-01;9.2500000e+01;1.5993889e-01;9.2500000e+01;1.7930967e-01;9.2500000e+01;2.0386209e-01;9.2500000e+01;2.2758831e-01;9.2500000e+01;2.3862495e-01;9.2500000e+01;2.2153926e-01;9.2500000e+01;1.8327041e-01;9.2500000e+01;1.3275301e-01;9.2500000e+01;8.1584267e-02;9.2500000e+01;3.4691222e-02;9.2500000e+01;-7.0990231e-03;9.2500000e+01;1.2616068e-03;9.2500000e+01;1.5310822e-02;9.2500000e+01;3.3979438e-02;9.2500000e+01;5.7961859e-02;9.2500000e+01;8.4940374e-02;9.2500000e+01;1.1358834e-01;9.2500000e+01;1.3890752e-01;9.2500000e+01;1.5993889e-01;9.2500000e+01;1.7930967e-01;9.2500000e+01;2.0386209e-01;9.2500000e+01;2.2758831e-01;9.2500000e+01;2.3862495e-01;9.2500000e+01;2.2153926e-01;9.2500000e+01;1.8327041e-01;9.2500000e+01;1.3275301e-01;9.2500000e+01;8.1584267e-02;9.2500000e+01;3.4691222e-02;9.2500000e+01;-7.0990231e-03;9.2500000e+01;1.2616068e-03;9.2500000e+01;1.5310822e-02;9.2500000e+01;3.3979438e-02;9.2500000e+01;5.7961859e-02;9.2500000e+01;8.4940374e-02;9.2500000e+01;1.1358834e-01;9.2500000e+01;1.3890752e-01;9.2500000e+01;1.5993889e-01;9.2500000e+01;1.7930967e-01;9.2500000e+01;2.0386209e-01;9.2500000e+01;2.2758831e-01;9.2500000e+01;2.3862495e-01;9.2500000e+01;2.2153926e-01;9.2500000e+01;1.8327041e-01;9.2500000e+01;1.3275301e-01;9.2500000e+01;8.1584267e-02;9.2500000e+01;3.4691222e-02;9.2500000e+01;-7.0990231e-03;9.2500000e+01;1.2616068e-03;9.2500000e+01;1.5310822e-02;9.2500000e+01;3.3979438e-02;9.2500000e+01;5.7961859e-02;9.2500000e+01;8.4940374e-02;9.2500000e+01;1.1358834e-01;9.2500000e+01;1.3890752e-01;9.2500000e+01;1.5993889e-01;9.2500000e+01;1.7930967e-01;9.2500000e+01;2.0386209e-01;9.2500000e+01;2.2758831e-01;9.2500000e+01;2.3862495e-01;9.2500000e+01;2.2153926e-01;9.2500000e+01;1.8327041e-01;9.2500000e+01;1.3275301e-01;9.2500000e+01;8.1584267e-02;9.2500000e+01;3.4691222e-02;9.2500000e+01;-7.0990231e-03;9.2500000e+01;1.2616068e-03;9.2500000e+01;1.5310822e-02;9.2500000e+01;3.3979438e-02;9.2500000e+01;5.7961859e-02;9.2500000e+01;8.4940374e-02;9.2500000e+01;1.1358834e-01;9.2500000e+01;1.3890752e-01;9.2500000e+01;1.5993889e-01;9.2500000e+01;1.7930967e-01;9.2500000e+01;2.0386209e-01;9.2500000e+01;2.2758831e-01;9.2500000e+01;2.3862495e-01;9.2500000e+01;2.2153926e-01;9.2500000e+01;1.8327041e-01;9.2500000e+01;1.3275301e-01;9.2500000e+01;8.1584267e-02;9.2500000e+01;3.4691222e-02;9.2500000e+01;-7.0990231e-03;9.2500000e+01;1.2616068e-03;9.2500000e+01;1.5310822e-02;9.2500000e+01;3.3979438e-02;9.2500000e+01;5.7961859e-02;9.2500000e+01;8.4940374e-02;9.2500000e+01;1.1358834e-01;9.2500000e+01;1.3890752e-01;9.2500000e+01;1.5993889e-01;9.2500000e+01;1.7930967e-01;9.2500000e+01;2.0386209e-01;9.2500000e+01;2.2758831e-01;9.2500000e+01;2.3862495e-01;9.2500000e+01;2.2153926e-01;9.2500000e+01;1.8327041e-01;9.2500000e+01;1.3275301e-01;9.2500000e+01;8.1584267e-02;9.2500000e+01;3.4691222e-02;9.2500000e+01;-7.0990231e-03;9.2500000e+01;1.2616068e-03;9.2500000e+01;1.5310822e-02;9.2500000e+01;3.3979438e-02;9.2500000e+01;5.7961859e-02;9.2500000e+01;8.4940374e-02;9.2500000e+01;1.1358834e-01;9.2500000e+01;1.3890752e-01;9.2500000e+01;1.5993889e-01;9.2500000e+01;1.7930967e-01;9.2500000e+01;2.0386209e-01;9.2500000e+01;2.2758831e-01;9.2500000e+01;2.3862495e-01;9.2500000e+01;2.2153926e-01;9.2500000e+01;1.8327041e-01;9.2500000e+01;1.3275301e-01;9.2500000e+01;8.1584267e-02;9.2500000e+01;3.4691222e-02;9.2500000e+01;-7.0990231e-03;9.2500000e+01;1.2616068e-03;9.2500000e+01;1.5310822e-02;9.2500000e+01;3.3979438e-02;9.2500000e+01;5.7961859e-02;9.2500000e+01;8.4940374e-02;9.2500000e+01;1.1358834e-01;9.2500000e+01;1.3890752e-01;9.2500000e+01;1.5993889e-01;9.2500000e+01;1.7930967e-01;9.2500000e+01;2.0386209e-01;9.2500000e+01;2.2758831e-01;9.2500000e+01;2.3862495e-01;9.2500000e+01;2.2153926e-01;9.2500000e+01;1.8327041e-01;9.2500000e+01;1.3275301e-01;9.2500000e+01;8.1584267e-02;9.2500000e+01;3.4691222e-02;9.2500000e+01;-7.0990231e-03;9.2500000e+01;1.2616068e-03;9.2500000e+01;1.5310822e-02;9.2500000e+01;3.3979438e-02;9.2500000e+01;5.7961859e-02;9.2500000e+01;8.4940374e-02;9.2500000e+01;1.1358834e-01;9.2500000e+01;1.3890752e-01;9.2500000e+01;1.5993889e-01;9.2500000e+01;1.7930967e-01;9.2500000e+01;2.0386209e-01;9.2500000e+01;2.2758831e-01;9.2500000e+01;2.3862495e-01;9.2500000e+01;2.2153926e-01;9.2500000e+01;1.8327041e-01;9.2500000e+01;1.3275301e-01;9.2500000e+01;8.1584267e-02;9.2500000e+01;3.4691222e-02;9.2500000e+01;-7.0990231e-03;9.2500000e+01;1.2616068e-03;9.2500000e+01;1.5310822e-02;9.2500000e+01;3.3979438e-02;9.2500000e+01;5.7961859e-02;9.2500000e+01;8.4940374e-02;9.2500000e+01;1.1358834e-01;9.2500000e+01;1.3890752e-01;9.2500000e+01;1.5993889e-01;9.2500000e+01;1.7930967e-01;9.2500000e+01;2.0386209e-01;9.2500000e+01;2.2758831e-01;9.2500000e+01;2.3862495e-01;9.2500000e+01;2.2153926e-01;9.2500000e+01;1.8327041e-01;9.2500000e+01;1.3275301e-01;9.2500000e+01;8.1584267e-02;9.2500000e+01;3.4691222e-02;9.2500000e+01;-7.0990231e-03;9.2500000e+01;1.2616068e-03;9.2500000e+01;1.5310822e-02;9.2500000e+01;3.3979438e-02;9.2500000e+01;5.7961859e-02;9.2500000e+01;8.4940374e-02;9.2500000e+01;1.1358834e-01;9.2500000e+01;1.3890752e-01;9.2500000e+01;1.5993889e-01;9.2500000e+01;1.7930967e-01;9.2500000e+01;2.0386209e-01;9.2500000e+01;2.2758831e-01;9.2500000e+01;2.3862495e-01;9.2500000e+01;2.2153926e-01;9.2500000e+01;1.8327041e-01;9.2500000e+01;1.3275301e-01;9.2500000e+01;8.1584267e-02;9.2500000e+01;3.4691222e-02;9.2500000e+01;-7.0990231e-03;9.2500000e+01;1.2616068e-03;9.2500000e+01;1.5310822e-02;9.2500000e+01;3.3979438e-02;9.2500000e+01;5.7961859e-02;9.2500000e+01;8.4940374e-02;9.2500000e+01;1.1358834e-01;9.2500000e+01;1.3890752e-01;9.2500000e+01;1.5993889e-01;9.2500000e+01;1.7930967e-01;9.2500000e+01;2.0386209e-01;9.2500000e+01;2.2758831e-01;9.2500000e+01;2.3862495e-01;9.2500000e+01;2.2153926e-01;9.2500000e+01;1.8327041e-01;9.2500000e+01;1.3275301e-01;9.2500000e+01;8.1584267e-02;9.2500000e+01;3.4691222e-02;9.2500000e+01;-7.0990231e-03;9.2500000e+01;1.2616068e-03;9.2500000e+01;1.5310822e-02;9.2500000e+01;3.3979438e-02;9.2500000e+01;5.7961859e-02;9.2500000e+01;8.4940374e-02;9.2500000e+01;1.1358834e-01;9.2500000e+01;1.3890752e-01;9.2500000e+01;1.5993889e-01;9.2500000e+01;1.7930967e-01;9.2500000e+01;2.0386209e-01;9.2500000e+01;2.2758831e-01;9.2500000e+01;2.3862495e-01;9.2500000e+01;2.2153926e-01;9.2500000e+01;1.8327041e-01;9.2500000e+01;1.3275301e-01;9.2500000e+01;8.1584267e-02;9.2500000e+01;3.4691222e-02;9.2500000e+01;-7.0990231e-03;9.2500000e+01;1.2616068e-03;9.2500000e+01;1.5310822e-02;9.2500000e+01;3.3979438e-02;9.2500000e+01;5.7961859e-02;9.2500000e+01;8.4940374e-02;9.2500000e+01;1.1358834e-01;9.2500000e+01;1.3890752e-01;9.2500000e+01;1.5993889e-01;9.2500000e+01;1.7930967e-01;9.2500000e+01;2.0386209e-01;9.2500000e+01;2.2758831e-01;9.2500000e+01;2.3862495e-01;9.2500000e+01;2.2153926e-01;9.2500000e+01;1.8327041e-01;9.2500000e+01;1.3275301e-01;9.2500000e+01;8.1584267e-02;9.2500000e+01;3.4691222e-02;9.2500000e+01;-7.0990231e-03;9.2500000e+01;1.2616068e-03;9.2500000e+01;1.5310822e-02;9.2500000e+01;3.3979438e-02;9.2500000e+01;5.7961859e-02;9.2500000e+01;8.4940374e-02;9.2500000e+01;1.1358834e-01;9.2500000e+01;1.3890752e-01;9.2500000e+01;1.5993889e-01;9.2500000e+01;1.7930967e-01;9.2500000e+01;2.0386209e-01;9.2500000e+01;2.2758831e-01;9.2500000e+01;2.3862495e-01;9.2500000e+01;2.2153926e-01;9.2500000e+01;1.8327041e-01;9.2500000e+01;1.3275301e-01;9.2500000e+01;8.1584267e-02;9.2500000e+01;3.4691222e-02;9.2500000e+01;-7.0990231e-03;9.2500000e+01;1.2616068e-03;9.2500000e+01;1.5310822e-02;9.2500000e+01;3.3979438e-02;9.2500000e+01;5.7961859e-02;9.2500000e+01;8.4940374e-02;9.2500000e+01;1.1358834e-01;9.2500000e+01;1.3890752e-01;9.2500000e+01;1.5993889e-01;9.2500000e+01;1.7930967e-01;9.2500000e+01;2.0386209e-01;9.2500000e+01;2.2758831e-01;9.2500000e+01;2.3862495e-01;9.2500000e+01;2.2153926e-01;9.2500000e+01;1.8327041e-01;9.2500000e+01;1.3275301e-01;9.2500000e+01;8.1584267e-02;9.2500000e+01;3.4691222e-02;9.2500000e+01;-7.0990231e-03;9.2500000e+01;1.2616068e-03;9.2500000e+01;1.5310822e-02;9.2500000e+01;3.3979438e-02;9.2500000e+01;5.7961859e-02;9.2500000e+01;8.4940374e-02;9.2500000e+01;1.1358834e-01;9.2500000e+01;1.3890752e-01;9.2500000e+01;1.5993889e-01;9.2500000e+01;1.7930967e-01;9.2500000e+01;2.0386209e-01;9.2500000e+01;2.2758831e-01;9.2500000e+01;2.3862495e-01;9.2500000e+01;2.2153926e-01;9.2500000e+01;1.8327041e-01;9.2500000e+01;1.3275301e-01;9.2500000e+01;8.1584267e-02;9.2500000e+01;3.4691222e-02;9.2500000e+01;-7.0990231e-03;9.2500000e+01;1.2616068e-03;9.2500000e+01;1.5310822e-02;9.2500000e+01;3.3979438e-02;9.2500000e+01;5.7961859e-02;9.2500000e+01;8.4940374e-02;9.2500000e+01;1.1358834e-01;9.2500000e+01;1.3890752e-01;9.2500000e+01;1.5993889e-01;9.2500000e+01;1.7930967e-01;9.2500000e+01;2.0386209e-01;9.2500000e+01;2.2758831e-01;9.2500000e+01;2.3862495e-01;9.2500000e+01;2.2153926e-01;9.2500000e+01;1.8327041e-01;9.2500000e+01;1.3275301e-01;9.2500000e+01;8.1584267e-02;9.2500000e+01;3.4691222e-02;9.2500000e+01;-7.0990231e-03;9.2500000e+01;1.2616068e-03;9.2500000e+01;1.5310822e-02;9.2500000e+01;3.3979438e-02;9.2500000e+01;5.7961859e-02;9.2500000e+01;8.4940374e-02;9.2500000e+01;1.1358834e-01;9.2500000e+01;1.3890752e-01;9.2500000e+01;1.5993889e-01;9.2500000e+01;1.7930967e-01;9.2500000e+01;2.0386209e-01;9.2500000e+01;2.2758831e-01;9.2500000e+01;2.3862495e-01;9.2500000e+01;2.2153926e-01;9.2500000e+01;1.8327041e-01;9.2500000e+01;1.3275301e-01;9.2500000e+01;8.1584267e-02;9.2500000e+01;3.4691222e-02;9.2500000e+01;-7.0990231e-03;9.2500000e+01;1.2616068e-03;9.2500000e+01;1.5310822e-02;9.2500000e+01;3.3979438e-02;9.2500000e+01;5.7961859e-02;9.2500000e+01;8.4940374e-02;9.2500000e+01;1.1358834e-01;9.2500000e+01;1.3890752e-01;9.2500000e+01;1.5993889e-01;9.2500000e+01;1.7930967e-01;9.2500000e+01;2.0386209e-01;9.2500000e+01;2.2758831e-01;9.2500000e+01;2.3862495e-01;9.2500000e+01;2.2153926e-01;9.2500000e+01;1.8327041e-01;9.2500000e+01;1.3275301e-01;9.2500000e+01;8.1584267e-02;9.2500000e+01;3.4691222e-02;9.2500000e+01;-7.0990231e-03;9.2500000e+01;1.2616068e-03;9.2500000e+01;1.5310822e-02;9.2500000e+01;3.3979438e-02;9.2500000e+01;5.7961859e-02;9.2500000e+01;8.4940374e-02;9.2500000e+01;1.1358834e-01;9.2500000e+01;1.3890752e-01;9.2500000e+01;1.5993889e-01;9.2500000e+01;1.7930967e-01;9.2500000e+01;2.0386209e-01;9.2500000e+01;2.2758831e-01;9.2500000e+01;2.3862495e-01;9.2500000e+01;2.2153926e-01;9.2500000e+01;1.8327041e-01;9.2500000e+01;1.3275301e-01;9.2500000e+01;8.1584267e-02;9.2500000e+01;3.4691222e-02;9.2500000e+01;-7.0990231e-03;9.2500000e+01;1.2616068e-03;9.2500000e+01;1.5310822e-02;9.2500000e+01;3.3979438e-02;9.2500000e+01;5.7961859e-02;9.2500000e+01;8.4940374e-02;9.2500000e+01;1.1358834e-01;9.2500000e+01;1.3890752e-01;9.2500000e+01;1.5993889e-01;9.2500000e+01;1.7930967e-01;9.2500000e+01;2.0386209e-01;9.2500000e+01;2.2758831e-01;9.2500000e+01;2.3862495e-01;9.2500000e+01;2.2153926e-01;9.2500000e+01;1.8327041e-01;9.2500000e+01;1.3275301e-01;9.2500000e+01;8.1584267e-02;9.2500000e+01;3.4691222e-02;9.2500000e+01;-7.0990231e-03;9.2500000e+01;1.2616068e-03;9.2500000e+01;1.5310822e-02;9.2500000e+01;3.3979438e-02;9.2500000e+01;5.7961859e-02;9.2500000e+01;8.4940374e-02;9.2500000e+01;1.1358834e-01;9.2500000e+01;1.3890752e-01;9.2500000e+01;1.5993889e-01;9.2500000e+01;1.7930967e-01;9.2500000e+01;2.0386209e-01;9.2500000e+01;2.2758831e-01;9.2500000e+01;2.3862495e-01;9.2500000e+01;2.2153926e-01;9.2500000e+01;1.8327041e-01;9.2500000e+01;1.3275301e-01;9.2500000e+01;8.1584267e-02;9.2500000e+01;3.4691222e-02;9.2500000e+01;-7.0990231e-03;9.2500000e+01;1.2616068e-03;9.2500000e+01;1.5310822e-02;9.2500000e+01;3.3979438e-02;9.2500000e+01;5.7961859e-02;9.2500000e+01;8.4940374e-02;9.2500000e+01;1.1358834e-01;9.2500000e+01;1.3890752e-01;9.2500000e+01;1.5993889e-01;9.2500000e+01;1.7930967e-01;9.2500000e+01;2.0386209e-01;9.2500000e+01;2.2758831e-01;9.2500000e+01;2.3862495e-01;9.2500000e+01;2.2153926e-01;9.2500000e+01;1.8327041e-01;9.2500000e+01;1.3275301e-01;9.2500000e+01;8.1584267e-02;9.2500000e+01;3.4691222e-02;9.2500000e+01;-7.0990231e-03;9.2500000e+01;1.2616068e-03;9.2500000e+01;1.5310822e-02;9.2500000e+01;3.3979438e-02;9.2500000e+01;5.7961859e-02;9.2500000e+01;8.4940374e-02;9.2500000e+01;1.1358834e-01;9.2500000e+01;1.3890752e-01;9.2500000e+01;1.5993889e-01;9.2500000e+01;1.7930967e-01;9.2500000e+01;2.0386209e-01;9.2500000e+01;2.2758831e-01;9.2500000e+01;2.3862495e-01;9.2500000e+01;2.2153926e-01;9.2500000e+01;1.8327041e-01;9.2500000e+01;1.3275301e-01;9.2500000e+01;8.1584267e-02;9.2500000e+01;3.4691222e-02;9.2500000e+01;-7.0990231e-03;9.2500000e+01;1.2616068e-03;9.2500000e+01;1.5310822e-02;9.2500000e+01;3.3979438e-02;9.2500000e+01;5.7961859e-02;9.2500000e+01;8.4940374e-02;9.2500000e+01;1.1358834e-01;9.2500000e+01;1.3890752e-01;9.2500000e+01;1.5993889e-01;9.2500000e+01;1.7930967e-01;9.2500000e+01;2.0386209e-01;9.2500000e+01;2.2758831e-01;9.2500000e+01;2.3862495e-01;9.2500000e+01;2.2153926e-01;9.2500000e+01;1.8327041e-01;9.2500000e+01;1.3275301e-01;9.2500000e+01;8.1584267e-02;9.2500000e+01;3.4691222e-02;9.2500000e+01;-7.0990231e-03;9.2500000e+01;1.2616068e-03;9.2500000e+01;1.5310822e-02;9.2500000e+01;3.3979438e-02;9.2500000e+01;5.7961859e-02;9.2500000e+01;8.4940374e-02;9.2500000e+01;1.1358834e-01;9.2500000e+01;1.3890752e-01;9.2500000e+01;1.5993889e-01;9.2500000e+01;1.7930967e-01;9.2500000e+01;2.0386209e-01;9.2500000e+01;2.2758831e-01;9.2500000e+01;2.3862495e-01;9.2500000e+01;2.2153926e-01;9.2500000e+01;1.8327041e-01;9.2500000e+01;1.3275301e-01;9.2500000e+01;8.1584267e-02;9.2500000e+01;3.4691222e-02;9.2500000e+01;-7.0990231e-03;9.2500000e+01;1.2616068e-03;9.2500000e+01;1.5310822e-02;9.2500000e+01;3.3979438e-02;9.2500000e+01;5.7961859e-02;9.2500000e+01;8.4940374e-02;9.2500000e+01;1.1358834e-01;9.2500000e+01;1.3890752e-01;9.2500000e+01;1.5993889e-01;9.2500000e+01;1.7930967e-01;9.2500000e+01;2.0386209e-01;9.2500000e+01;2.2758831e-01;9.2500000e+01;2.3862495e-01;9.2500000e+01;2.2153926e-01;9.2500000e+01;1.8327041e-01;9.2500000e+01;1.3275301e-01;9.2500000e+01;8.1584267e-02;9.2500000e+01;3.4691222e-02;9.2500000e+01;-7.0990231e-03;9.2500000e+01;1.2616068e-03;9.2500000e+01;1.5310822e-02;9.2500000e+01;3.3979438e-02;9.2500000e+01;5.7961859e-02;9.2500000e+01;8.4940374e-02;9.2500000e+01;1.1358834e-01;9.2500000e+01;1.3890752e-01;9.2500000e+01;1.5993889e-01;9.2500000e+01;1.7930967e-01;9.2500000e+01;2.0386209e-01;9.2500000e+01;2.2758831e-01;9.2500000e+01;2.3862495e-01;9.2500000e+01;2.2153926e-01;9.2500000e+01;1.8327041e-01;9.2500000e+01;1.3275301e-01;9.2500000e+01;8.1584267e-02;9.2500000e+01;3.4691222e-02;9.2500000e+01;-7.0990231e-03;9.2500000e+01;1.2616068e-03;9.2500000e+01;1.5310822e-02;9.2500000e+01;3.3979438e-02;9.2500000e+01;5.7961859e-02;9.2500000e+01;8.4940374e-02;9.2500000e+01;1.1358834e-01;9.2500000e+01;1.3890752e-01;9.2500000e+01;1.5993889e-01;9.2500000e+01;1.7930967e-01;9.2500000e+01;2.0386209e-01;9.2500000e+01;2.2758831e-01;9.2500000e+01;2.3862495e-01;9.2500000e+01;2.2153926e-01;9.2500000e+01;1.8327041e-01;9.2500000e+01;1.3275301e-01;9.2500000e+01;8.1584267e-02;9.2500000e+01;3.4691222e-02;9.2500000e+01;-7.0990231e-03;9.2500000e+01;1.2616068e-03;9.2500000e+01;1.5310822e-02;9.2500000e+01;3.3979438e-02;9.2500000e+01;5.7961859e-02;9.2500000e+01;8.4940374e-02;9.2500000e+01;1.1358834e-01;9.2500000e+01;1.3890752e-01;9.2500000e+01;1.5993889e-01;9.2500000e+01;1.7930967e-01;9.2500000e+01;2.0386209e-01;9.2500000e+01;2.2758831e-01;9.2500000e+01;2.3862495e-01;9.2500000e+01;2.2153926e-01;9.2500000e+01;1.8327041e-01;9.2500000e+01;1.3275301e-01;9.2500000e+01;8.1584267e-02;9.2500000e+01;3.4691222e-02;9.2500000e+01;-7.0990231e-03;9.2500000e+01;1.2616068e-03;9.2500000e+01;1.5310822e-02;9.2500000e+01;3.3979438e-02;9.2500000e+01;5.7961859e-02;9.2500000e+01;8.4940374e-02;9.2500000e+01;1.1358834e-01;9.2500000e+01;1.3890752e-01;9.2500000e+01;1.5993889e-01;9.2500000e+01;1.7930967e-01;9.2500000e+01;2.0386209e-01;9.2500000e+01;2.2758831e-01;9.2500000e+01;2.3862495e-01;9.2500000e+01;2.2153926e-01;9.2500000e+01;1.8327041e-01;9.2500000e+01;1.3275301e-01;9.2500000e+01;8.1584267e-02;9.2500000e+01;3.4691222e-02;9.2500000e+01;-7.0990231e-03;9.2500000e+01;1.2616068e-03;9.2500000e+01;1.5310822e-02;9.2500000e+01;3.3979438e-02;9.2500000e+01;5.7961859e-02;9.2500000e+01;8.4940374e-02;9.2500000e+01;1.1358834e-01;9.2500000e+01;1.3890752e-01;9.2500000e+01;1.5993889e-01;9.2500000e+01;1.7930967e-01;9.2500000e+01;2.0386209e-01;9.2500000e+01;2.2758831e-01;9.2500000e+01;2.3862495e-01;9.2500000e+01;2.2153926e-01;9.2500000e+01;1.8327041e-01;9.2500000e+01;1.3275301e-01;9.2500000e+01;8.1584267e-02;9.2500000e+01;3.4691222e-02;9.2500000e+01;-7.0990231e-03;9.2500000e+01;1.2616068e-03;9.2500000e+01;1.5310822e-02;9.2500000e+01;3.3979438e-02;9.2500000e+01;5.7961859e-02;9.2500000e+01;8.4940374e-02;9.2500000e+01;1.1358834e-01;9.2500000e+01;1.3890752e-01;9.2500000e+01;1.5993889e-01;9.2500000e+01;1.7930967e-01;9.2500000e+01;2.0386209e-01;9.2500000e+01;2.2758831e-01;9.2500000e+01;2.3862495e-01;9.2500000e+01;2.2153926e-01;9.2500000e+01;1.8327041e-01;9.2500000e+01;1.3275301e-01;9.2500000e+01;8.1584267e-02;9.2500000e+01;3.4691222e-02;9.2500000e+01;-7.0990231e-03;9.2500000e+01;1.2616068e-03;9.2500000e+01;1.5310822e-02;9.2500000e+01;3.3979438e-02;9.2500000e+01;5.7961859e-02;9.2500000e+01;8.4940374e-02;9.2500000e+01;1.1358834e-01;9.2500000e+01;1.3890752e-01;9.2500000e+01;1.5993889e-01;9.2500000e+01;1.7930967e-01;9.2500000e+01;2.0386209e-01;9.2500000e+01;2.2758831e-01;9.2500000e+01;2.3862495e-01;9.2500000e+01;2.2153926e-01;9.2500000e+01;1.8327041e-01;9.2500000e+01;1.3275301e-01;9.2500000e+01;8.1584267e-02;9.2500000e+01;3.4691222e-02;9.2500000e+01;-7.0990231e-03;9.2500000e+01;1.2616068e-03;9.2500000e+01;1.5310822e-02;9.2500000e+01;3.3979438e-02;9.2500000e+01;5.7961859e-02;9.2500000e+01;8.4940374e-02;9.2500000e+01;1.1358834e-01;9.2500000e+01;1.3890752e-01;9.2500000e+01;1.5993889e-01;9.2500000e+01;1.7930967e-01;9.2500000e+01;2.0386209e-01;9.2500000e+01;2.2758831e-01;9.2500000e+01;2.3862495e-01;9.2500000e+01;2.2153926e-01;9.2500000e+01;1.8327041e-01;9.2500000e+01;1.3275301e-01;9.2500000e+01;8.1584267e-02;9.2500000e+01;3.4691222e-02;9.2500000e+01;-7.0990231e-03;9.2500000e+01;1.2616068e-03;9.2500000e+01;1.5310822e-02;9.2500000e+01;3.3979438e-02;9.2500000e+01;5.7961859e-02;9.2500000e+01;8.4940374e-02;9.2500000e+01;1.1358834e-01;9.2500000e+01;1.3890752e-01;9.2500000e+01;1.5993889e-01;9.2500000e+01;1.7930967e-01;9.2500000e+01;2.0386209e-01;9.2500000e+01;2.2758831e-01;9.2500000e+01;2.3862495e-01;9.2500000e+01;2.2153926e-01;9.2500000e+01;1.8327041e-01;9.2500000e+01;1.3275301e-01;9.2500000e+01;8.1584267e-02;9.2500000e+01;3.4691222e-02;9.2500000e+01;-7.0990231e-03;9.2500000e+01;1.2616068e-03;9.2500000e+01;1.5310822e-02;9.2500000e+01;3.3979438e-02;9.2500000e+01;5.7961859e-02;9.2500000e+01;8.4940374e-02;9.2500000e+01;1.1358834e-01;9.2500000e+01;1.3890752e-01;9.2500000e+01;1.5993889e-01;9.2500000e+01;1.7930967e-01;9.2500000e+01;2.0386209e-01;9.2500000e+01;2.2758831e-01;9.2500000e+01;2.3862495e-01;9.2500000e+01;2.2153926e-01;9.2500000e+01;1.8327041e-01;9.2500000e+01;1.3275301e-01;9.2500000e+01;8.1584267e-02;9.2500000e+01;3.4691222e-02;9.2500000e+01;-7.0990231e-03;9.2500000e+01;1.2616068e-03;9.2500000e+01;1.5310822e-02;9.2500000e+01;3.3979438e-02;9.2500000e+01;5.7961859e-02;9.2500000e+01;8.4940374e-02;9.2500000e+01;1.1358834e-01;9.2500000e+01;1.3890752e-01;9.2500000e+01;1.5993889e-01;9.2500000e+01;1.7930967e-01;9.2500000e+01;2.0386209e-01;9.2500000e+01;2.2758831e-01;9.2500000e+01;2.3862495e-01;9.2500000e+01;2.2153926e-01;9.2500000e+01;1.8327041e-01;9.2500000e+01;1.3275301e-01;9.2500000e+01;8.1584267e-02;9.2500000e+01;3.4691222e-02;9.2500000e+01;-7.0990231e-03;9.2500000e+01;1.2616068e-03;9.2500000e+01;1.5310822e-02;9.2500000e+01;3.3979438e-02;9.2500000e+01;5.7961859e-02;9.2500000e+01;8.4940374e-02;9.2500000e+01;1.1358834e-01;9.2500000e+01;1.3890752e-01;9.2500000e+01;1.5993889e-01;9.2500000e+01;1.7930967e-01;9.2500000e+01;2.0386209e-01;9.2500000e+01;2.2758831e-01;9.2500000e+01;2.3862495e-01;9.2500000e+01;2.2153926e-01;9.2500000e+01;1.8327041e-01;9.2500000e+01;1.3275301e-01;9.2500000e+01;8.1584267e-02;9.2500000e+01;3.4691222e-02;9.2500000e+01;-7.0990231e-03;9.2500000e+01;1.2616068e-03;9.2500000e+01;1.5310822e-02;9.2500000e+01;3.3979438e-02;9.2500000e+01;5.7961859e-02;9.2500000e+01;8.4940374e-02;9.2500000e+01;1.1358834e-01;9.2500000e+01;1.3890752e-01;9.2500000e+01;1.5993889e-01;9.2500000e+01;1.7930967e-01;9.2500000e+01;2.0386209e-01;9.2500000e+01;2.2758831e-01;9.2500000e+01;2.3862495e-01;9.2500000e+01;2.2153926e-01;9.2500000e+01;1.8327041e-01;9.2500000e+01;1.3275301e-01;9.2500000e+01;8.1584267e-02;9.2500000e+01;3.4691222e-02;9.2500000e+01;-7.0990231e-03;9.2500000e+01;1.2616068e-03;9.2500000e+01;1.5310822e-02;9.2500000e+01;3.3979438e-02;9.2500000e+01;5.7961859e-02;9.2500000e+01;8.4940374e-02;9.2500000e+01;1.1358834e-01;9.2500000e+01;1.3890752e-01;9.2500000e+01;1.5993889e-01;9.2500000e+01;1.7930967e-01;9.2500000e+01;2.0386209e-01;9.2500000e+01;2.2758831e-01;9.2500000e+01;2.3862495e-01;9.2500000e+01;2.2153926e-01;9.2500000e+01;1.8327041e-01;9.2500000e+01;1.3275301e-01;9.2500000e+01;8.1584267e-02;9.2500000e+01;3.4691222e-02;9.2500000e+01;-7.0990231e-03;9.2500000e+01;1.2616068e-03;9.2500000e+01;1.5310822e-02;9.2500000e+01;3.3979438e-02;9.2500000e+01;5.7961859e-02;9.2500000e+01;8.4940374e-02;9.2500000e+01;1.1358834e-01;9.2500000e+01;1.3890752e-01;9.2500000e+01;1.5993889e-01;9.2500000e+01;1.7930967e-01;9.2500000e+01;2.0386209e-01;9.2500000e+01;2.2758831e-01;9.2500000e+01;2.3862495e-01;9.2500000e+01;2.2153926e-01;9.2500000e+01;1.8327041e-01;9.2500000e+01;1.3275301e-01;9.2500000e+01;8.1584267e-02;9.2500000e+01;3.4691222e-02;9.2500000e+01;-7.0990231e-03;9.2500000e+01;1.2616068e-03;9.2500000e+01;1.5310822e-02;9.2500000e+01;3.3979438e-02;9.2500000e+01;5.7961859e-02;9.2500000e+01;8.4940374e-02;9.2500000e+01;1.1358834e-01;9.2500000e+01;1.3890752e-01;9.2500000e+01;1.5993889e-01;9.2500000e+01;1.7930967e-01;9.2500000e+01;2.0386209e-01;9.2500000e+01;2.2758831e-01;9.2500000e+01;2.3862495e-01;9.2500000e+01;2.2153926e-01;9.2500000e+01;1.8327041e-01;9.2500000e+01;1.3275301e-01;9.2500000e+01;8.1584267e-02;9.2500000e+01;3.4691222e-02;9.2500000e+01;-7.0990231e-03;9.2500000e+01;1.2616068e-03;9.2500000e+01;1.5310822e-02;9.2500000e+01;3.3979438e-02;9.2500000e+01;5.7961859e-02;9.2500000e+01;8.4940374e-02;9.2500000e+01;1.1358834e-01;9.2500000e+01;1.3890752e-01;9.2500000e+01;1.5993889e-01;9.2500000e+01;1.7930967e-01;9.2500000e+01;2.0386209e-01;9.2500000e+01;2.2758831e-01;9.2500000e+01;2.3862495e-01;9.2500000e+01;2.2153926e-01;9.2500000e+01;1.8327041e-01;9.2500000e+01;1.3275301e-01;9.2500000e+01;8.1584267e-02;9.2500000e+01;3.4691222e-02;9.2500000e+01;-7.0990231e-03;9.2500000e+01;1.2616068e-03;9.2500000e+01;1.5310822e-02;9.2500000e+01;3.3979438e-02;9.2500000e+01;5.7961859e-02;9.2500000e+01;8.4940374e-02;9.2500000e+01;1.1358834e-01;9.2500000e+01;1.3890752e-01;9.2500000e+01;1.5993889e-01;9.2500000e+01;1.7930967e-01;9.2500000e+01;2.0386209e-01;9.2500000e+01;2.2758831e-01;9.2500000e+01;2.3862495e-01;9.2500000e+01;2.2153926e-01;9.2500000e+01;1.8327041e-01;9.2500000e+01;1.3275301e-01;9.2500000e+01;8.1584267e-02;9.2500000e+01;3.4691222e-02;9.2500000e+01;-7.0990231e-03;9.2500000e+01;1.2616068e-03;9.2500000e+01;1.5310822e-02;9.2500000e+01;3.3979438e-02;9.2500000e+01;5.7961859e-02;9.2500000e+01;8.4940374e-02;9.2500000e+01;1.1358834e-01;9.2500000e+01;1.3890752e-01;9.2500000e+01;1.5993889e-01;9.2500000e+01;1.7930967e-01;9.2500000e+01;2.0386209e-01;9.2500000e+01;2.2758831e-01;9.2500000e+01;2.3862495e-01;9.2500000e+01;2.2153926e-01;9.2500000e+01;1.8327041e-01;9.2500000e+01;1.3275301e-01;9.2500000e+01;8.1584267e-02;9.2500000e+01;3.4691222e-02;9.2500000e+01;-7.0990231e-03;9.2500000e+01;1.2616068e-03;9.2500000e+01;1.5310822e-02;9.2500000e+01;3.3979438e-02;9.2500000e+01;5.7961859e-02;9.2500000e+01;8.4940374e-02;9.2500000e+01;1.1358834e-01;9.2500000e+01;1.3890752e-01;9.2500000e+01;1.5993889e-01;9.2500000e+01;1.7930967e-01;9.2500000e+01;2.0386209e-01;9.2500000e+01;2.2758831e-01;9.2500000e+01;2.3862495e-01;9.2500000e+01;2.2153926e-01;9.2500000e+01;1.8327041e-01;9.2500000e+01;1.3275301e-01;9.2500000e+01;8.1584267e-02;9.2500000e+01;3.4691222e-02;9.2500000e+01;-7.0990231e-03;9.2500000e+01;1.2616068e-03;9.2500000e+01;1.5310822e-02;9.2500000e+01;3.3979438e-02;9.2500000e+01;5.7961859e-02;9.2500000e+01;8.4940374e-02;9.2500000e+01;1.1358834e-01;9.2500000e+01;1.3890752e-01;9.2500000e+01;1.5993889e-01;9.2500000e+01;1.7930967e-01;9.2500000e+01;2.0386209e-01;9.2500000e+01;2.2758831e-01;9.2500000e+01;2.3862495e-01;9.2500000e+01;2.2153926e-01;9.2500000e+01;1.8327041e-01;9.2500000e+01;1.3275301e-01;9.2500000e+01;8.1584267e-02;9.2500000e+01;3.4691222e-02;9.2500000e+01;-7.0990231e-03;9.2500000e+01;1.2616068e-03;9.2500000e+01;1.5310822e-02;9.2500000e+01;3.3979438e-02;9.2500000e+01;5.7961859e-02;9.2500000e+01;8.4940374e-02;9.2500000e+01;1.1358834e-01;9.2500000e+01;1.3890752e-01;9.2500000e+01;1.5993889e-01;9.2500000e+01;1.7930967e-01;9.2500000e+01;2.0386209e-01;9.2500000e+01;2.2758831e-01;9.2500000e+01;2.3862495e-01;9.2500000e+01;2.2153926e-01;9.2500000e+01;1.8327041e-01;9.2500000e+01;1.3275301e-01;9.2500000e+01;8.1584267e-02;9.2500000e+01;3.4691222e-02;9.2500000e+01;-7.0990231e-03;9.2500000e+01;1.2616068e-03;9.2500000e+01;1.5310822e-02;9.2500000e+01;3.3979438e-02;9.2500000e+01;5.7961859e-02;9.2500000e+01;8.4940374e-02;9.2500000e+01;1.1358834e-01;9.2500000e+01;1.3890752e-01;9.2500000e+01;1.5993889e-01;9.2500000e+01;1.7930967e-01;9.2500000e+01;2.0386209e-01;9.2500000e+01;2.2758831e-01;9.2500000e+01;2.3862495e-01;9.2500000e+01;2.2153926e-01;9.2500000e+01;1.8327041e-01;9.2500000e+01;1.3275301e-01;9.2500000e+01;8.1584267e-02;9.2500000e+01;3.4691222e-02;9.2500000e+01;-7.0990231e-03;9.2500000e+01;1.2616068e-03;9.2500000e+01;1.5310822e-02;9.2500000e+01;3.3979438e-02;9.2500000e+01;5.7961859e-02;9.2500000e+01;8.4940374e-02;9.2500000e+01;1.1358834e-01;9.2500000e+01;1.3890752e-01;9.2500000e+01;1.5993889e-01;9.2500000e+01;1.7930967e-01;9.2500000e+01;2.0386209e-01;9.2500000e+01;2.2758831e-01;9.2500000e+01;2.3862495e-01;9.2500000e+01;2.2153926e-01;9.2500000e+01;1.8327041e-01;9.2500000e+01;1.3275301e-01;9.2500000e+01;8.1584267e-02;9.2500000e+01;3.4691222e-02;9.2500000e+01;-7.0990231e-03;9.2500000e+01;1.2616068e-03;9.2500000e+01;1.5310822e-02;9.2500000e+01;3.3979438e-02;9.2500000e+01;5.7961859e-02;9.2500000e+01;8.4940374e-02;9.2500000e+01;1.1358834e-01;9.2500000e+01;1.3890752e-01;9.2500000e+01;1.5993889e-01;9.2500000e+01;1.7930967e-01;9.2500000e+01;2.0386209e-01;9.2500000e+01;2.2758831e-01;9.2500000e+01;2.3862495e-01;9.2500000e+01;2.2153926e-01;9.2500000e+01;1.8327041e-01;9.2500000e+01;1.3275301e-01;9.2500000e+01;8.1584267e-02;9.2500000e+01;3.4691222e-02;9.2500000e+01;-7.0990231e-03;9.2500000e+01;1.2616068e-03;9.2500000e+01;1.5310822e-02;9.2500000e+01;3.3979438e-02;9.2500000e+01;5.7961859e-02;9.2500000e+01;8.4940374e-02;9.2500000e+01;1.1358834e-01;9.2500000e+01;1.3890752e-01;9.2500000e+01;1.5993889e-01;9.2500000e+01;1.7930967e-01;9.2500000e+01;2.0386209e-01;9.2500000e+01;2.2758831e-01;9.2500000e+01;2.3862495e-01;9.2500000e+01;2.2153926e-01;9.2500000e+01;1.8327041e-01;9.2500000e+01;1.3275301e-01;9.2500000e+01;8.1584267e-02;9.2500000e+01;3.4691222e-02;9.2500000e+01;-7.0990231e-03;9.2500000e+01;1.2616068e-03;9.2500000e+01;1.5310822e-02;9.2500000e+01;3.3979438e-02;9.2500000e+01;5.7961859e-02;9.2500000e+01;8.4940374e-02;9.2500000e+01;1.1358834e-01;9.2500000e+01;1.3890752e-01;9.2500000e+01;1.5993889e-01;9.2500000e+01;1.7930967e-01;9.2500000e+01;2.0386209e-01;9.2500000e+01;2.2758831e-01;9.2500000e+01;2.3862495e-01;9.2500000e+01;2.2153926e-01;9.2500000e+01;1.8327041e-01;9.2500000e+01;1.3275301e-01;9.2500000e+01;8.1584267e-02;9.2500000e+01;3.4691222e-02;9.2500000e+01;-7.0990231e-03;9.2500000e+01;1.2616068e-03;9.2500000e+01;1.5310822e-02;9.2500000e+01;3.3979438e-02;9.2500000e+01;5.7961859e-02;9.2500000e+01;8.4940374e-02;9.2500000e+01;1.1358834e-01;9.2500000e+01;1.3890752e-01;9.2500000e+01;1.5993889e-01;9.2500000e+01;1.7930967e-01;9.2500000e+01;2.0386209e-01;9.2500000e+01;2.2758831e-01;9.2500000e+01;2.3862495e-01;9.2500000e+01;2.2153926e-01;9.2500000e+01;1.8327041e-01;9.2500000e+01;1.3275301e-01;9.2500000e+01;8.1584267e-02;9.2500000e+01;3.4691222e-02;9.2500000e+01;-7.0990231e-03;9.2500000e+01;1.2616068e-03;9.2500000e+01;1.5310822e-02;9.2500000e+01;3.3979438e-02;9.2500000e+01;5.7961859e-02;9.2500000e+01;8.4940374e-02;9.2500000e+01;1.1358834e-01;9.2500000e+01;1.3890752e-01;9.2500000e+01;1.5993889e-01;9.2500000e+01;1.7930967e-01;9.2500000e+01;2.0386209e-01;9.2500000e+01;2.2758831e-01;9.2500000e+01;2.3862495e-01;9.2500000e+01;2.2153926e-01;9.2500000e+01;1.8327041e-01;9.2500000e+01;1.3275301e-01;9.2500000e+01;8.1584267e-02;9.2500000e+01;3.4691222e-02;9.2500000e+01;-7.0990231e-03;9.2500000e+01;1.2616068e-03;9.2500000e+01;1.5310822e-02;9.2500000e+01;3.3979438e-02;9.2500000e+01;5.7961859e-02;9.2500000e+01;8.4940374e-02;9.2500000e+01;1.1358834e-01;9.2500000e+01;1.3890752e-01;9.2500000e+01;1.5993889e-01;9.2500000e+01;1.7930967e-01;9.2500000e+01;2.0386209e-01;9.2500000e+01;2.2758831e-01;9.2500000e+01;2.3862495e-01;9.2500000e+01;2.2153926e-01;9.2500000e+01;1.8327041e-01;9.2500000e+01;1.3275301e-01;9.2500000e+01;8.1584267e-02;9.2500000e+01;3.4691222e-02;9.2500000e+01;-7.0990231e-03;9.2500000e+01;1.2616068e-03;9.2500000e+01;1.5310822e-02;9.2500000e+01;3.3979438e-02;9.2500000e+01;5.7961859e-02;9.2500000e+01;8.4940374e-02;9.2500000e+01;1.1358834e-01;9.2500000e+01;1.3890752e-01;9.2500000e+01;1.5993889e-01;9.2500000e+01;1.7930967e-01;9.2500000e+01;2.0386209e-01;9.2500000e+01;2.2758831e-01;9.2500000e+01;2.3862495e-01;9.2500000e+01;2.2153926e-01;9.2500000e+01;1.8327041e-01;9.2500000e+01;1.3275301e-01;9.2500000e+01;8.1584267e-02;9.2500000e+01;3.4691222e-02;9.2500000e+01;-7.0990231e-03;9.2500000e+01;1.2616068e-03;9.2500000e+01;1.5310822e-02;9.2500000e+01;3.3979438e-02;9.2500000e+01;5.7961859e-02;9.2500000e+01;8.4940374e-02;9.2500000e+01;1.1358834e-01;9.2500000e+01;1.3890752e-01;9.2500000e+01;1.5993889e-01;9.2500000e+01;1.7930967e-01;9.2500000e+01;2.0386209e-01;9.2500000e+01;2.2758831e-01;9.2500000e+01;2.3862495e-01;9.2500000e+01;2.2153926e-01;9.2500000e+01;1.8327041e-01;9.2500000e+01;1.3275301e-01;9.2500000e+01;8.1584267e-02;9.2500000e+01;3.4691222e-02;9.2500000e+01;-7.0990231e-03;9.2500000e+01;1.2616068e-03;9.2500000e+01;1.5310822e-02;9.2500000e+01;3.3979438e-02;9.2500000e+01;5.7961859e-02;9.2500000e+01;8.4940374e-02;9.2500000e+01;1.1358834e-01;9.2500000e+01;1.3890752e-01;9.2500000e+01;1.5993889e-01;9.2500000e+01;1.7930967e-01;9.2500000e+01;2.0386209e-01;9.2500000e+01;2.2758831e-01;9.2500000e+01;2.3862495e-01;9.2500000e+01;2.2153926e-01;9.2500000e+01;1.8327041e-01;9.2500000e+01;1.3275301e-01;9.2500000e+01;8.1584267e-02;9.2500000e+01;3.4691222e-02;9.2500000e+01;-7.0990231e-03;9.2500000e+01;1.2616068e-03;9.2500000e+01;1.5310822e-02;9.2500000e+01;3.3979438e-02;9.2500000e+01;5.7961859e-02;9.2500000e+01;8.4940374e-02;9.2500000e+01;1.1358834e-01;9.2500000e+01;1.3890752e-01;9.2500000e+01;1.5993889e-01;9.2500000e+01;1.7930967e-01;9.2500000e+01;2.0386209e-01;9.2500000e+01;2.2758831e-01;9.2500000e+01;2.3862495e-01;9.2500000e+01;2.2153926e-01;9.2500000e+01;1.8327041e-01;9.2500000e+01;1.3275301e-01;9.2500000e+01;8.1584267e-02;9.2500000e+01;3.4691222e-02;9.2500000e+01;-7.0990231e-03;9.2500000e+01;1.2616068e-03;9.2500000e+01;1.5310822e-02;9.2500000e+01;3.3979438e-02;9.2500000e+01;5.7961859e-02;9.2500000e+01;8.4940374e-02;9.2500000e+01;1.1358834e-01;9.2500000e+01;1.3890752e-01;9.2500000e+01;1.5993889e-01;9.2500000e+01;1.7930967e-01;9.2500000e+01;2.0386209e-01;9.2500000e+01;2.2758831e-01;9.2500000e+01;2.3862495e-01;9.2500000e+01;2.2153926e-01;9.2500000e+01;1.8327041e-01;9.2500000e+01;1.3275301e-01;9.2500000e+01;8.1584267e-02;9.2500000e+01;3.4691222e-02;9.2500000e+01;-7.0990231e-03;9.2500000e+01;1.2616068e-03;9.2500000e+01;1.5310822e-02;9.2500000e+01;3.3979438e-02;9.2500000e+01;5.7961859e-02;9.2500000e+01;8.4940374e-02;9.2500000e+01;1.1358834e-01;9.2500000e+01;1.3890752e-01;9.2500000e+01;1.5993889e-01;9.2500000e+01;1.7930967e-01;9.2500000e+01;2.0386209e-01;9.2500000e+01;2.2758831e-01;9.2500000e+01;2.3862495e-01;9.2500000e+01;2.2153926e-01;9.2500000e+01;1.8327041e-01;9.2500000e+01;1.3275301e-01;9.2500000e+01;8.1584267e-02;9.2500000e+01;3.4691222e-02;9.2500000e+01;-7.0990231e-03;9.2500000e+01;1.2616068e-03;9.2500000e+01;1.5310822e-02;9.2500000e+01;3.3979438e-02;9.2500000e+01;5.7961859e-02;9.2500000e+01;8.4940374e-02;9.2500000e+01;1.1358834e-01;9.2500000e+01;1.3890752e-01;9.2500000e+01;1.5993889e-01;9.2500000e+01;1.7930967e-01;9.2500000e+01;2.0386209e-01;9.2500000e+01;2.2758831e-01;9.2500000e+01;2.3862495e-01;9.2500000e+01;2.2153926e-01;9.2500000e+01;1.8327041e-01;9.2500000e+01;1.3275301e-01;9.2500000e+01;8.1584267e-02;9.2500000e+01;3.4691222e-02;9.2500000e+01;-7.0990231e-03;9.2500000e+01;1.2616068e-03;9.2500000e+01;1.5310822e-02;9.2500000e+01;3.3979438e-02;9.2500000e+01;5.7961859e-02;9.2500000e+01;8.4940374e-02;9.2500000e+01;1.1358834e-01;9.2500000e+01;1.3890752e-01;9.2500000e+01;1.5993889e-01;9.2500000e+01;1.7930967e-01;9.2500000e+01;2.0386209e-01;9.2500000e+01;2.2758831e-01;9.2500000e+01;2.3862495e-01;9.2500000e+01;2.2153926e-01;9.2500000e+01;1.8327041e-01;9.2500000e+01;1.3275301e-01;9.2500000e+01;8.1584267e-02;9.2500000e+01;3.4691222e-02;9.2500000e+01;-7.0990231e-03;9.2500000e+01;1.2616068e-03;9.2500000e+01;1.5310822e-02;9.2500000e+01;3.3979438e-02;9.2500000e+01;5.7961859e-02;9.2500000e+01;8.4940374e-02;9.2500000e+01;1.1358834e-01;9.2500000e+01;1.3890752e-01;9.2500000e+01;1.5993889e-01;9.2500000e+01;1.7930967e-01;9.2500000e+01;2.0386209e-01;9.2500000e+01;2.2758831e-01;9.2500000e+01;2.3862495e-01;9.2500000e+01;2.2153926e-01;9.2500000e+01;1.8327041e-01;9.2500000e+01;1.3275301e-01;9.2500000e+01;8.1584267e-02;9.2500000e+01;3.4691222e-02;9.2500000e+01;-7.0990231e-03;9.2500000e+01;1.2616068e-03;9.2500000e+01;1.5310822e-02;9.2500000e+01;3.3979438e-02;9.2500000e+01;5.7961859e-02;9.2500000e+01;8.4940374e-02;9.2500000e+01;1.1358834e-01;9.2500000e+01;1.3890752e-01;9.2500000e+01;1.5993889e-01;9.2500000e+01;1.7930967e-01;9.2500000e+01;2.0386209e-01;9.2500000e+01;2.2758831e-01;9.2500000e+01;2.3862495e-01;9.2500000e+01;2.2153926e-01;9.2500000e+01;1.8327041e-01;9.2500000e+01;1.3275301e-01;9.2500000e+01;8.1584267e-02;9.2500000e+01;3.4691222e-02;9.2500000e+01;-7.0990231e-03;9.2500000e+01;1.2616068e-03;9.2500000e+01;1.5310822e-02;9.2500000e+01;3.3979438e-02;9.2500000e+01;5.7961859e-02;9.2500000e+01;8.4940374e-02;9.2500000e+01;1.1358834e-01;9.2500000e+01;1.3890752e-01;9.2500000e+01;1.5993889e-01;9.2500000e+01;1.7930967e-01;9.2500000e+01;2.0386209e-01;9.2500000e+01;2.2758831e-01;9.2500000e+01;2.3862495e-01;9.2500000e+01;2.2153926e-01;9.2500000e+01;1.8327041e-01;9.2500000e+01;1.3275301e-01;9.2500000e+01;8.1584267e-02;9.2500000e+01;3.4691222e-02;9.2500000e+01;-7.0990231e-03;9.2500000e+01;1.2616068e-03;9.2500000e+01;1.5310822e-02;9.2500000e+01;3.3979438e-02;9.2500000e+01;5.7961859e-02;9.2500000e+01;8.4940374e-02;9.2500000e+01;1.1358834e-01;9.2500000e+01;1.3890752e-01;9.2500000e+01;1.5993889e-01;9.2500000e+01;1.7930967e-01;9.2500000e+01;2.0386209e-01;9.2500000e+01;2.2758831e-01;9.2500000e+01;2.3862495e-01;9.2500000e+01;2.2153926e-01;9.2500000e+01;1.8327041e-01;9.2500000e+01;1.3275301e-01;9.2500000e+01;8.1584267e-02;9.2500000e+01;3.4691222e-02;9.2500000e+01;-7.0990231e-03;9.2500000e+01;1.2616068e-03;9.2500000e+01;1.5310822e-02;9.2500000e+01;3.3979438e-02;9.2500000e+01;5.7961859e-02;9.2500000e+01;8.4940374e-02;9.2500000e+01;1.1358834e-01;9.2500000e+01;1.3890752e-01;9.2500000e+01;1.5993889e-01;9.2500000e+01;1.7930967e-01;9.2500000e+01;2.0386209e-01;9.2500000e+01;2.2758831e-01;9.2500000e+01;2.3862495e-01;9.2500000e+01;2.2153926e-01;9.2500000e+01;1.8327041e-01;9.2500000e+01;1.3275301e-01;9.2500000e+01;8.1584267e-02;9.2500000e+01;3.4691222e-02;9.2500000e+01;-7.0990231e-03;9.2500000e+01;1.2616068e-03;9.2500000e+01;1.5310822e-02;9.2500000e+01;3.3979438e-02;9.2500000e+01;5.7961859e-02;9.2500000e+01;8.4940374e-02;9.2500000e+01;1.1358834e-01;9.2500000e+01;1.3890752e-01;9.2500000e+01;1.5993889e-01;9.2500000e+01;1.7930967e-01;9.2500000e+01;2.0386209e-01;9.2500000e+01;2.2758831e-01;9.2500000e+01;2.3862495e-01;9.2500000e+01;2.2153926e-01;9.2500000e+01;1.8327041e-01;9.2500000e+01;1.3275301e-01;9.2500000e+01;8.1584267e-02;9.2500000e+01;3.4691222e-02
9.7500000e+01;-8.3189243e-03;9.7500000e+01;-1.3816301e-03;9.7500000e+01;1.1568828e-02;9.7500000e+01;2.9740060e-02;9.7500000e+01;5.2538719e-02;9.7500000e+01;7.8159481e-02;9.7500000e+01;1.0411187e-01;9.7500000e+01;1.2748089e-01;9.7500000e+01;1.4700511e-01;9.7500000e+01;1.6678980e-01;9.7500000e+01;1.9314647e-01;9.7500000e+01;2.1940246e-01;9.7500000e+01;2.3227181e-01;9.7500000e+01;2.1811298e-01;9.7500000e+01;1.8161419e-01;9.7500000e+01;1.3218114e-01;9.7500000e+01;8.1254199e-02;9.7500000e+01;3.4680098e-02;9.7500000e+01;-8.3189243e-03;9.7500000e+01;-1.3816301e-03;9.7500000e+01;1.1568828e-02;9.7500000e+01;2.9740060e-02;9.7500000e+01;5.2538719e-02;9.7500000e+01;7.8159481e-02;9.7500000e+01;1.0411187e-01;9.7500000e+01;1.2748089e-01;9.7500000e+01;1.4700511e-01;9.7500000e+01;1.6678980e-01;9.7500000e+01;1.9314647e-01;9.7500000e+01;2.1940246e-01;9.7500000e+01;2.3227181e-01;9.7500000e+01;2.1811298e-01;9.7500000e+01;1.8161419e-01;9.7500000e+01;1.3218114e-01;9.7500000e+01;8.1254199e-02;9.7500000e+01;3.4680098e-02;9.7500000e+01;-8.3189243e-03;9.7500000e+01;-1.3816301e-03;9.7500000e+01;1.1568828e-02;9.7500000e+01;2.9740060e-02;9.7500000e+01;5.2538719e-02;9.7500000e+01;7.8159481e-02;9.7500000e+01;1.0411187e-01;9.7500000e+01;1.2748089e-01;9.7500000e+01;1.4700511e-01;9.7500000e+01;1.6678980e-01;9.7500000e+01;1.9314647e-01;9.7500000e+01;2.1940246e-01;9.7500000e+01;2.3227181e-01;9.7500000e+01;2.1811298e-01;9.7500000e+01;1.8161419e-01;9.7500000e+01;1.3218114e-01;9.7500000e+01;8.1254199e-02;9.7500000e+01;3.4680098e-02;9.7500000e+01;-8.3189243e-03;9.7500000e+01;-1.3816301e-03;9.7500000e+01;1.1568828e-02;9.7500000e+01;2.9740060e-02;9.7500000e+01;5.2538719e-02;9.7500000e+01;7.8159481e-02;9.7500000e+01;1.0411187e-01;9.7500000e+01;1.2748089e-01;9.7500000e+01;1.4700511e-01;9.7500000e+01;1.6678980e-01;9.7500000e+01;1.9314647e-01;9.7500000e+01;2.1940246e-01;9.7500000e+01;2.3227181e-01;9.7500000e+01;2.1811298e-01;9.7500000e+01;1.8161419e-01;9.7500000e+01;1.3218114e-01;9.7500000e+01;8.1254199e-02;9.7500000e+01;3.4680098e-02;9.7500000e+01;-8.3189243e-03;9.7500000e+01;-1.3816301e-03;9.7500000e+01;1.1568828e-02;9.7500000e+01;2.9740060e-02;9.7500000e+01;5.2538719e-02;9.7500000e+01;7.8159481e-02;9.7500000e+01;1.0411187e-01;9.7500000e+01;1.2748089e-01;9.7500000e+01;1.4700511e-01;9.7500000e+01;1.6678980e-01;9.7500000e+01;1.9314647e-01;9.7500000e+01;2.1940246e-01;9.7500000e+01;2.3227181e-01;9.7500000e+01;2.1811298e-01;9.7500000e+01;1.8161419e-01;9.7500000e+01;1.3218114e-01;9.7500000e+01;8.1254199e-02;9.7500000e+01;3.4680098e-02;9.7500000e+01;-8.3189243e-03;9.7500000e+01;-1.3816301e-03;9.7500000e+01;1.1568828e-02;9.7500000e+01;2.9740060e-02;9.7500000e+01;5.2538719e-02;9.7500000e+01;7.8159481e-02;9.7500000e+01;1.0411187e-01;9.7500000e+01;1.2748089e-01;9.7500000e+01;1.4700511e-01;9.7500000e+01;1.6678980e-01;9.7500000e+01;1.9314647e-01;9.7500000e+01;2.1940246e-01;9.7500000e+01;2.3227181e-01;9.7500000e+01;2.1811298e-01;9.7500000e+01;1.8161419e-01;9.7500000e+01;1.3218114e-01;9.7500000e+01;8.1254199e-02;9.7500000e+01;3.4680098e-02;9.7500000e+01;-8.3189243e-03;9.7500000e+01;-1.3816301e-03;9.7500000e+01;1.1568828e-02;9.7500000e+01;2.9740060e-02;9.7500000e+01;5.2538719e-02;9.7500000e+01;7.8159481e-02;9.7500000e+01;1.0411187e-01;9.7500000e+01;1.2748089e-01;9.7500000e+01;1.4700511e-01;9.7500000e+01;1.6678980e-01;9.7500000e+01;1.9314647e-01;9.7500000e+01;2.1940246e-01;9.7500000e+01;2.3227181e-01;9.7500000e+01;2.1811298e-01;9.7500000e+01;1.8161419e-01;9.7500000e+01;1.3218114e-01;9.7500000e+01;8.1254199e-02;9.7500000e+01;3.4680098e-02;9.7500000e+01;-8.3189243e-03;9.7500000e+01;-1.3816301e-03;9.7500000e+01;1.1568828e-02;9.7500000e+01;2.9740060e-02;9.7500000e+01;5.2538719e-02;9.7500000e+01;7.8159481e-02;9.7500000e+01;1.0411187e-01;9.7500000e+01;1.2748089e-01;9.7500000e+01;1.4700511e-01;9.7500000e+01;1.6678980e-01;9.7500000e+01;1.9314647e-01;9.7500000e+01;2.1940246e-01;9.7500000e+01;2.3227181e-01;9.7500000e+01;2.1811298e-01;9.7500000e+01;1.8161419e-01;9.7500000e+01;1.3218114e-01;9.7500000e+01;8.1254199e-02;9.7500000e+01;3.4680098e-02;9.7500000e+01;-8.3189243e-03;9.7500000e+01;-1.3816301e-03;9.7500000e+01;1.1568828e-02;9.7500000e+01;2.9740060e-02;9.7500000e+01;5.2538719e-02;9.7500000e+01;7.8159481e-02;9.7500000e+01;1.0411187e-01;9.7500000e+01;1.2748089e-01;9.7500000e+01;1.4700511e-01;9.7500000e+01;1.6678980e-01;9.7500000e+01;1.9314647e-01;9.7500000e+01;2.1940246e-01;9.7500000e+01;2.3227181e-01;9.7500000e+01;2.1811298e-01;9.7500000e+01;1.8161419e-01;9.7500000e+01;1.3218114e-01;9.7500000e+01;8.1254199e-02;9.7500000e+01;3.4680098e-02;9.7500000e+01;-8.3189243e-03;9.7500000e+01;-1.3816301e-03;9.7500000e+01;1.1568828e-02;9.7500000e+01;2.9740060e-02;9.7500000e+01;5.2538719e-02;9.7500000e+01;7.8159481e-02;9.7500000e+01;1.0411187e-01;9.7500000e+01;1.2748089e-01;9.7500000e+01;1.4700511e-01;9.7500000e+01;1.6678980e-01;9.7500000e+01;1.9314647e-01;9.7500000e+01;2.1940246e-01;9.7500000e+01;2.3227181e-01;9.7500000e+01;2.1811298e-01;9.7500000e+01;1.8161419e-01;9.7500000e+01;1.3218114e-01;9.7500000e+01;8.1254199e-02;9.7500000e+01;3.4680098e-02;9.7500000e+01;-8.3189243e-03;9.7500000e+01;-1.3816301e-03;9.7500000e+01;1.1568828e-02;9.7500000e+01;2.9740060e-02;9.7500000e+01;5.2538719e-02;9.7500000e+01;7.8159481e-02;9.7500000e+01;1.0411187e-01;9.7500000e+01;1.2748089e-01;9.7500000e+01;1.4700511e-01;9.7500000e+01;1.6678980e-01;9.7500000e+01;1.9314647e-01;9.7500000e+01;2.1940246e-01;9.7500000e+01;2.3227181e-01;9.7500000e+01;2.1811298e-01;9.7500000e+01;1.8161419e-01;9.7500000e+01;1.3218114e-01;9.7500000e+01;8.1254199e-02;9.7500000e+01;3.4680098e-02;9.7500000e+01;-8.3189243e-03;9.7500000e+01;-1.3816301e-03;9.7500000e+01;1.1568828e-02;9.7500000e+01;2.9740060e-02;9.7500000e+01;5.2538719e-02;9.7500000e+01;7.8159481e-02;9.7500000e+01;1.0411187e-01;9.7500000e+01;1.2748089e-01;9.7500000e+01;1.4700511e-01;9.7500000e+01;1.6678980e-01;9.7500000e+01;1.9314647e-01;9.7500000e+01;2.1940246e-01;9.7500000e+01;2.3227181e-01;9.7500000e+01;2.1811298e-01;9.7500000e+01;1.8161419e-01;9.7500000e+01;1.3218114e-01;9.7500000e+01;8.1254199e-02;9.7500000e+01;3.4680098e-02;9.7500000e+01;-8.3189243e-03;9.7500000e+01;-1.3816301e-03;9.7500000e+01;1.1568828e-02;9.7500000e+01;2.9740060e-02;9.7500000e+01;5.2538719e-02;9.7500000e+01;7.8159481e-02;9.7500000e+01;1.0411187e-01;9.7500000e+01;1.2748089e-01;9.7500000e+01;1.4700511e-01;9.7500000e+01;1.6678980e-01;9.7500000e+01;1.9314647e-01;9.7500000e+01;2.1940246e-01;9.7500000e+01;2.3227181e-01;9.7500000e+01;2.1811298e-01;9.7500000e+01;1.8161419e-01;9.7500000e+01;1.3218114e-01;9.7500000e+01;8.1254199e-02;9.7500000e+01;3.4680098e-02;9.7500000e+01;-8.3189243e-03;9.7500000e+01;-1.3816301e-03;9.7500000e+01;1.1568828e-02;9.7500000e+01;2.9740060e-02;9.7500000e+01;5.2538719e-02;9.7500000e+01;7.8159481e-02;9.7500000e+01;1.0411187e-01;9.7500000e+01;1.2748089e-01;9.7500000e+01;1.4700511e-01;9.7500000e+01;1.6678980e-01;9.7500000e+01;1.9314647e-01;9.7500000e+01;2.1940246e-01;9.7500000e+01;2.3227181e-01;9.7500000e+01;2.1811298e-01;9.7500000e+01;1.8161419e-01;9.7500000e+01;1.3218114e-01;9.7500000e+01;8.1254199e-02;9.7500000e+01;3.4680098e-02;9.7500000e+01;-8.3189243e-03;9.7500000e+01;-1.3816301e-03;9.7500000e+01;1.1568828e-02;9.7500000e+01;2.9740060e-02;9.7500000e+01;5.2538719e-02;9.7500000e+01;7.8159481e-02;9.7500000e+01;1.0411187e-01;9.7500000e+01;1.2748089e-01;9.7500000e+01;1.4700511e-01;9.7500000e+01;1.6678980e-01;9.7500000e+01;1.9314647e-01;9.7500000e+01;2.1940246e-01;9.7500000e+01;2.3227181e-01;9.7500000e+01;2.1811298e-01;9.7500000e+01;1.8161419e-01;9.7500000e+01;1.3218114e-01;9.7500000e+01;8.1254199e-02;9.7500000e+01;3.4680098e-02;9.7500000e+01;-8.3189243e-03;9.7500000e+01;-1.3816301e-03;9.7500000e+01;1.1568828e-02;9.7500000e+01;2.9740060e-02;9.7500000e+01;5.2538719e-02;9.7500000e+01;7.8159481e-02;9.7500000e+01;1.0411187e-01;9.7500000e+01;1.2748089e-01;9.7500000e+01;1.4700511e-01;9.7500000e+01;1.6678980e-01;9.7500000e+01;1.9314647e-01;9.7500000e+01;2.1940246e-01;9.7500000e+01;2.3227181e-01;9.7500000e+01;2.1811298e-01;9.7500000e+01;1.8161419e-01;9.7500000e+01;1.3218114e-01;9.7500000e+01;8.1254199e-02;9.7500000e+01;3.4680098e-02;9.7500000e+01;-8.3189243e-03;9.7500000e+01;-1.3816301e-03;9.7500000e+01;1.1568828e-02;9.7500000e+01;2.9740060e-02;9.7500000e+01;5.2538719e-02;9.7500000e+01;7.8159481e-02;9.7500000e+01;1.0411187e-01;9.7500000e+01;1.2748089e-01;9.7500000e+01;1.4700511e-01;9.7500000e+01;1.6678980e-01;9.7500000e+01;1.9314647e-01;9.7500000e+01;2.1940246e-01;9.7500000e+01;2.3227181e-01;9.7500000e+01;2.1811298e-01;9.7500000e+01;1.8161419e-01;9.7500000e+01;1.3218114e-01;9.7500000e+01;8.1254199e-02;9.7500000e+01;3.4680098e-02;9.7500000e+01;-8.3189243e-03;9.7500000e+01;-1.3816301e-03;9.7500000e+01;1.1568828e-02;9.7500000e+01;2.9740060e-02;9.7500000e+01;5.2538719e-02;9.7500000e+01;7.8159481e-02;9.7500000e+01;1.0411187e-01;9.7500000e+01;1.2748089e-01;9.7500000e+01;1.4700511e-01;9.7500000e+01;1.6678980e-01;9.7500000e+01;1.9314647e-01;9.7500000e+01;2.1940246e-01;9.7500000e+01;2.3227181e-01;9.7500000e+01;2.1811298e-01;9.7500000e+01;1.8161419e-01;9.7500000e+01;1.3218114e-01;9.7500000e+01;8.1254199e-02;9.7500000e+01;3.4680098e-02;9.7500000e+01;-8.3189243e-03;9.7500000e+01;-1.3816301e-03;9.7500000e+01;1.1568828e-02;9.7500000e+01;2.9740060e-02;9.7500000e+01;5.2538719e-02;9.7500000e+01;7.8159481e-02;9.7500000e+01;1.0411187e-01;9.7500000e+01;1.2748089e-01;9.7500000e+01;1.4700511e-01;9.7500000e+01;1.6678980e-01;9.7500000e+01;1.9314647e-01;9.7500000e+01;2.1940246e-01;9.7500000e+01;2.3227181e-01;9.7500000e+01;2.1811298e-01;9.7500000e+01;1.8161419e-01;9.7500000e+01;1.3218114e-01;9.7500000e+01;8.1254199e-02;9.7500000e+01;3.4680098e-02;9.7500000e+01;-8.3189243e-03;9.7500000e+01;-1.3816301e-03;9.7500000e+01;1.1568828e-02;9.7500000e+01;2.9740060e-02;9.7500000e+01;5.2538719e-02;9.7500000e+01;7.8159481e-02;9.7500000e+01;1.0411187e-01;9.7500000e+01;1.2748089e-01;9.7500000e+01;1.4700511e-01;9.7500000e+01;1.6678980e-01;9.7500000e+01;1.9314647e-01;9.7500000e+01;2.1940246e-01;9.7500000e+01;2.3227181e-01;9.7500000e+01;2.1811298e-01;9.7500000e+01;1.8161419e-01;9.7500000e+01;1.3218114e-01;9.7500000e+01;8.1254199e-02;9.7500000e+01;3.4680098e-02;9.7500000e+01;-8.3189243e-03;9.7500000e+01;-1.3816301e-03;9.7500000e+01;1.1568828e-02;9.7500000e+01;2.9740060e-02;9.7500000e+01;5.2538719e-02;9.7500000e+01;7.8159481e-02;9.7500000e+01;1.0411187e-01;9.7500000e+01;1.2748089e-01;9.7500000e+01;1.4700511e-01;9.7500000e+01;1.6678980e-01;9.7500000e+01;1.9314647e-01;9.7500000e+01;2.1940246e-01;9.7500000e+01;2.3227181e-01;9.7500000e+01;2.1811298e-01;9.7500000e+01;1.8161419e-01;9.7500000e+01;1.3218114e-01;9.7500000e+01;8.1254199e-02;9.7500000e+01;3.4680098e-02;9.7500000e+01;-8.3189243e-03;9.7500000e+01;-1.3816301e-03;9.7500000e+01;1.1568828e-02;9.7500000e+01;2.9740060e-02;9.7500000e+01;5.2538719e-02;9.7500000e+01;7.8159481e-02;9.7500000e+01;1.0411187e-01;9.7500000e+01;1.2748089e-01;9.7500000e+01;1.4700511e-01;9.7500000e+01;1.6678980e-01;9.7500000e+01;1.9314647e-01;9.7500000e+01;2.1940246e-01;9.7500000e+01;2.3227181e-01;9.7500000e+01;2.1811298e-01;9.7500000e+01;1.8161419e-01;9.7500000e+01;1.3218114e-01;9.7500000e+01;8.1254199e-02;9.7500000e+01;3.4680098e-02;9.7500000e+01;-8.3189243e-03;9.7500000e+01;-1.3816301e-03;9.7500000e+01;1.1568828e-02;9.7500000e+01;2.9740060e-02;9.7500000e+01;5.2538719e-02;9.7500000e+01;7.8159481e-02;9.7500000e+01;1.0411187e-01;9.7500000e+01;1.2748089e-01;9.7500000e+01;1.4700511e-01;9.7500000e+01;1.6678980e-01;9.7500000e+01;1.9314647e-01;9.7500000e+01;2.1940246e-01;9.7500000e+01;2.3227181e-01;9.7500000e+01;2.1811298e-01;9.7500000e+01;1.8161419e-01;9.7500000e+01;1.3218114e-01;9.7500000e+01;8.1254199e-02;9.7500000e+01;3.4680098e-02;9.7500000e+01;-8.3189243e-03;9.7500000e+01;-1.3816301e-03;9.7500000e+01;1.1568828e-02;9.7500000e+01;2.9740060e-02;9.7500000e+01;5.2538719e-02;9.7500000e+01;7.8159481e-02;9.7500000e+01;1.0411187e-01;9.7500000e+01;1.2748089e-01;9.7500000e+01;1.4700511e-01;9.7500000e+01;1.6678980e-01;9.7500000e+01;1.9314647e-01;9.7500000e+01;2.1940246e-01;9.7500000e+01;2.3227181e-01;9.7500000e+01;2.1811298e-01;9.7500000e+01;1.8161419e-01;9.7500000e+01;1.3218114e-01;9.7500000e+01;8.1254199e-02;9.7500000e+01;3.4680098e-02;9.7500000e+01;-8.3189243e-03;9.7500000e+01;-1.3816301e-03;9.7500000e+01;1.1568828e-02;9.7500000e+01;2.9740060e-02;9.7500000e+01;5.2538719e-02;9.7500000e+01;7.8159481e-02;9.7500000e+01;1.0411187e-01;9.7500000e+01;1.2748089e-01;9.7500000e+01;1.4700511e-01;9.7500000e+01;1.6678980e-01;9.7500000e+01;1.9314647e-01;9.7500000e+01;2.1940246e-01;9.7500000e+01;2.3227181e-01;9.7500000e+01;2.1811298e-01;9.7500000e+01;1.8161419e-01;9.7500000e+01;1.3218114e-01;9.7500000e+01;8.1254199e-02;9.7500000e+01;3.4680098e-02;9.7500000e+01;-8.3189243e-03;9.7500000e+01;-1.3816301e-03;9.7500000e+01;1.1568828e-02;9.7500000e+01;2.9740060e-02;9.7500000e+01;5.2538719e-02;9.7500000e+01;7.8159481e-02;9.7500000e+01;1.0411187e-01;9.7500000e+01;1.2748089e-01;9.7500000e+01;1.4700511e-01;9.7500000e+01;1.6678980e-01;9.7500000e+01;1.9314647e-01;9.7500000e+01;2.1940246e-01;9.7500000e+01;2.3227181e-01;9.7500000e+01;2.1811298e-01;9.7500000e+01;1.8161419e-01;9.7500000e+01;1.3218114e-01;9.7500000e+01;8.1254199e-02;9.7500000e+01;3.4680098e-02;9.7500000e+01;-8.3189243e-03;9.7500000e+01;-1.3816301e-03;9.7500000e+01;1.1568828e-02;9.7500000e+01;2.9740060e-02;9.7500000e+01;5.2538719e-02;9.7500000e+01;7.8159481e-02;9.7500000e+01;1.0411187e-01;9.7500000e+01;1.2748089e-01;9.7500000e+01;1.4700511e-01;9.7500000e+01;1.6678980e-01;9.7500000e+01;1.9314647e-01;9.7500000e+01;2.1940246e-01;9.7500000e+01;2.3227181e-01;9.7500000e+01;2.1811298e-01;9.7500000e+01;1.8161419e-01;9.7500000e+01;1.3218114e-01;9.7500000e+01;8.1254199e-02;9.7500000e+01;3.4680098e-02;9.7500000e+01;-8.3189243e-03;9.7500000e+01;-1.3816301e-03;9.7500000e+01;1.1568828e-02;9.7500000e+01;2.9740060e-02;9.7500000e+01;5.2538719e-02;9.7500000e+01;7.8159481e-02;9.7500000e+01;1.0411187e-01;9.7500000e+01;1.2748089e-01;9.7500000e+01;1.4700511e-01;9.7500000e+01;1.6678980e-01;9.7500000e+01;1.9314647e-01;9.7500000e+01;2.1940246e-01;9.7500000e+01;2.3227181e-01;9.7500000e+01;2.1811298e-01;9.7500000e+01;1.8161419e-01;9.7500000e+01;1.3218114e-01;9.7500000e+01;8.1254199e-02;9.7500000e+01;3.4680098e-02;9.7500000e+01;-8.3189243e-03;9.7500000e+01;-1.3816301e-03;9.7500000e+01;1.1568828e-02;9.7500000e+01;2.9740060e-02;9.7500000e+01;5.2538719e-02;9.7500000e+01;7.8159481e-02;9.7500000e+01;1.0411187e-01;9.7500000e+01;1.2748089e-01;9.7500000e+01;1.4700511e-01;9.7500000e+01;1.6678980e-01;9.7500000e+01;1.9314647e-01;9.7500000e+01;2.1940246e-01;9.7500000e+01;2.3227181e-01;9.7500000e+01;2.1811298e-01;9.7500000e+01;1.8161419e-01;9.7500000e+01;1.3218114e-01;9.7500000e+01;8.1254199e-02;9.7500000e+01;3.4680098e-02;9.7500000e+01;-8.3189243e-03;9.7500000e+01;-1.3816301e-03;9.7500000e+01;1.1568828e-02;9.7500000e+01;2.9740060e-02;9.7500000e+01;5.2538719e-02;9.7500000e+01;7.8159481e-02;9.7500000e+01;1.0411187e-01;9.7500000e+01;1.2748089e-01;9.7500000e+01;1.4700511e-01;9.7500000e+01;1.6678980e-01;9.7500000e+01;1.9314647e-01;9.7500000e+01;2.1940246e-01;9.7500000e+01;2.3227181e-01;9.7500000e+01;2.1811298e-01;9.7500000e+01;1.8161419e-01;9.7500000e+01;1.3218114e-01;9.7500000e+01;8.1254199e-02;9.7500000e+01;3.4680098e-02;9.7500000e+01;-8.3189243e-03;9.7500000e+01;-1.3816301e-03;9.7500000e+01;1.1568828e-02;9.7500000e+01;2.9740060e-02;9.7500000e+01;5.2538719e-02;9.7500000e+01;7.8159481e-02;9.7500000e+01;1.0411187e-01;9.7500000e+01;1.2748089e-01;9.7500000e+01;1.4700511e-01;9.7500000e+01;1.6678980e-01;9.7500000e+01;1.9314647e-01;9.7500000e+01;2.1940246e-01;9.7500000e+01;2.3227181e-01;9.7500000e+01;2.1811298e-01;9.7500000e+01;1.8161419e-01;9.7500000e+01;1.3218114e-01;9.7500000e+01;8.1254199e-02;9.7500000e+01;3.4680098e-02;9.7500000e+01;-8.3189243e-03;9.7500000e+01;-1.3816301e-03;9.7500000e+01;1.1568828e-02;9.7500000e+01;2.9740060e-02;9.7500000e+01;5.2538719e-02;9.7500000e+01;7.8159481e-02;9.7500000e+01;1.0411187e-01;9.7500000e+01;1.2748089e-01;9.7500000e+01;1.4700511e-01;9.7500000e+01;1.6678980e-01;9.7500000e+01;1.9314647e-01;9.7500000e+01;2.1940246e-01;9.7500000e+01;2.3227181e-01;9.7500000e+01;2.1811298e-01;9.7500000e+01;1.8161419e-01;9.7500000e+01;1.3218114e-01;9.7500000e+01;8.1254199e-02;9.7500000e+01;3.4680098e-02;9.7500000e+01;-8.3189243e-03;9.7500000e+01;-1.3816301e-03;9.7500000e+01;1.1568828e-02;9.7500000e+01;2.9740060e-02;9.7500000e+01;5.2538719e-02;9.7500000e+01;7.8159481e-02;9.7500000e+01;1.0411187e-01;9.7500000e+01;1.2748089e-01;9.7500000e+01;1.4700511e-01;9.7500000e+01;1.6678980e-01;9.7500000e+01;1.9314647e-01;9.7500000e+01;2.1940246e-01;9.7500000e+01;2.3227181e-01;9.7500000e+01;2.1811298e-01;9.7500000e+01;1.8161419e-01;9.7500000e+01;1.3218114e-01;9.7500000e+01;8.1254199e-02;9.7500000e+01;3.4680098e-02;9.7500000e+01;-8.3189243e-03;9.7500000e+01;-1.3816301e-03;9.7500000e+01;1.1568828e-02;9.7500000e+01;2.9740060e-02;9.7500000e+01;5.2538719e-02;9.7500000e+01;7.8159481e-02;9.7500000e+01;1.0411187e-01;9.7500000e+01;1.2748089e-01;9.7500000e+01;1.4700511e-01;9.7500000e+01;1.6678980e-01;9.7500000e+01;1.9314647e-01;9.7500000e+01;2.1940246e-01;9.7500000e+01;2.3227181e-01;9.7500000e+01;2.1811298e-01;9.7500000e+01;1.8161419e-01;9.7500000e+01;1.3218114e-01;9.7500000e+01;8.1254199e-02;9.7500000e+01;3.4680098e-02;9.7500000e+01;-8.3189243e-03;9.7500000e+01;-1.3816301e-03;9.7500000e+01;1.1568828e-02;9.7500000e+01;2.9740060e-02;9.7500000e+01;5.2538719e-02;9.7500000e+01;7.8159481e-02;9.7500000e+01;1.0411187e-01;9.7500000e+01;1.2748089e-01;9.7500000e+01;1.4700511e-01;9.7500000e+01;1.6678980e-01;9.7500000e+01;1.9314647e-01;9.7500000e+01;2.1940246e-01;9.7500000e+01;2.3227181e-01;9.7500000e+01;2.1811298e-01;9.7500000e+01;1.8161419e-01;9.7500000e+01;1.3218114e-01;9.7500000e+01;8.1254199e-02;9.7500000e+01;3.4680098e-02;9.7500000e+01;-8.3189243e-03;9.7500000e+01;-1.3816301e-03;9.7500000e+01;1.1568828e-02;9.7500000e+01;2.9740060e-02;9.7500000e+01;5.2538719e-02;9.7500000e+01;7.8159481e-02;9.7500000e+01;1.0411187e-01;9.7500000e+01;1.2748089e-01;9.7500000e+01;1.4700511e-01;9.7500000e+01;1.6678980e-01;9.7500000e+01;1.9314647e-01;9.7500000e+01;2.1940246e-01;9.7500000e+01;2.3227181e-01;9.7500000e+01;2.1811298e-01;9.7500000e+01;1.8161419e-01;9.7500000e+01;1.3218114e-01;9.7500000e+01;8.1254199e-02;9.7500000e+01;3.4680098e-02;9.7500000e+01;-8.3189243e-03;9.7500000e+01;-1.3816301e-03;9.7500000e+01;1.1568828e-02;9.7500000e+01;2.9740060e-02;9.7500000e+01;5.2538719e-02;9.7500000e+01;7.8159481e-02;9.7500000e+01;1.0411187e-01;9.7500000e+01;1.2748089e-01;9.7500000e+01;1.4700511e-01;9.7500000e+01;1.6678980e-01;9.7500000e+01;1.9314647e-01;9.7500000e+01;2.1940246e-01;9.7500000e+01;2.3227181e-01;9.7500000e+01;2.1811298e-01;9.7500000e+01;1.8161419e-01;9.7500000e+01;1.3218114e-01;9.7500000e+01;8.1254199e-02;9.7500000e+01;3.4680098e-02;9.7500000e+01;-8.3189243e-03;9.7500000e+01;-1.3816301e-03;9.7500000e+01;1.1568828e-02;9.7500000e+01;2.9740060e-02;9.7500000e+01;5.2538719e-02;9.7500000e+01;7.8159481e-02;9.7500000e+01;1.0411187e-01;9.7500000e+01;1.2748089e-01;9.7500000e+01;1.4700511e-01;9.7500000e+01;1.6678980e-01;9.7500000e+01;1.9314647e-01;9.7500000e+01;2.1940246e-01;9.7500000e+01;2.3227181e-01;9.7500000e+01;2.1811298e-01;9.7500000e+01;1.8161419e-01;9.7500000e+01;1.3218114e-01;9.7500000e+01;8.1254199e-02;9.7500000e+01;3.4680098e-02;9.7500000e+01;-8.3189243e-03;9.7500000e+01;-1.3816301e-03;9.7500000e+01;1.1568828e-02;9.7500000e+01;2.9740060e-02;9.7500000e+01;5.2538719e-02;9.7500000e+01;7.8159481e-02;9.7500000e+01;1.0411187e-01;9.7500000e+01;1.2748089e-01;9.7500000e+01;1.4700511e-01;9.7500000e+01;1.6678980e-01;9.7500000e+01;1.9314647e-01;9.7500000e+01;2.1940246e-01;9.7500000e+01;2.3227181e-01;9.7500000e+01;2.1811298e-01;9.7500000e+01;1.8161419e-01;9.7500000e+01;1.3218114e-01;9.7500000e+01;8.1254199e-02;9.7500000e+01;3.4680098e-02;9.7500000e+01;-8.3189243e-03;9.7500000e+01;-1.3816301e-03;9.7500000e+01;1.1568828e-02;9.7500000e+01;2.9740060e-02;9.7500000e+01;5.2538719e-02;9.7500000e+01;7.8159481e-02;9.7500000e+01;1.0411187e-01;9.7500000e+01;1.2748089e-01;9.7500000e+01;1.4700511e-01;9.7500000e+01;1.6678980e-01;9.7500000e+01;1.9314647e-01;9.7500000e+01;2.1940246e-01;9.7500000e+01;2.3227181e-01;9.7500000e+01;2.1811298e-01;9.7500000e+01;1.8161419e-01;9.7500000e+01;1.3218114e-01;9.7500000e+01;8.1254199e-02;9.7500000e+01;3.4680098e-02;9.7500000e+01;-8.3189243e-03;9.7500000e+01;-1.3816301e-03;9.7500000e+01;1.1568828e-02;9.7500000e+01;2.9740060e-02;9.7500000e+01;5.2538719e-02;9.7500000e+01;7.8159481e-02;9.7500000e+01;1.0411187e-01;9.7500000e+01;1.2748089e-01;9.7500000e+01;1.4700511e-01;9.7500000e+01;1.6678980e-01;9.7500000e+01;1.9314647e-01;9.7500000e+01;2.1940246e-01;9.7500000e+01;2.3227181e-01;9.7500000e+01;2.1811298e-01;9.7500000e+01;1.8161419e-01;9.7500000e+01;1.3218114e-01;9.7500000e+01;8.1254199e-02;9.7500000e+01;3.4680098e-02;9.7500000e+01;-8.3189243e-03;9.7500000e+01;-1.3816301e-03;9.7500000e+01;1.1568828e-02;9.7500000e+01;2.9740060e-02;9.7500000e+01;5.2538719e-02;9.7500000e+01;7.8159481e-02;9.7500000e+01;1.0411187e-01;9.7500000e+01;1.2748089e-01;9.7500000e+01;1.4700511e-01;9.7500000e+01;1.6678980e-01;9.7500000e+01;1.9314647e-01;9.7500000e+01;2.1940246e-01;9.7500000e+01;2.3227181e-01;9.7500000e+01;2.1811298e-01;9.7500000e+01;1.8161419e-01;9.7500000e+01;1.3218114e-01;9.7500000e+01;8.1254199e-02;9.7500000e+01;3.4680098e-02;9.7500000e+01;-8.3189243e-03;9.7500000e+01;-1.3816301e-03;9.7500000e+01;1.1568828e-02;9.7500000e+01;2.9740060e-02;9.7500000e+01;5.2538719e-02;9.7500000e+01;7.8159481e-02;9.7500000e+01;1.0411187e-01;9.7500000e+01;1.2748089e-01;9.7500000e+01;1.4700511e-01;9.7500000e+01;1.6678980e-01;9.7500000e+01;1.9314647e-01;9.7500000e+01;2.1940246e-01;9.7500000e+01;2.3227181e-01;9.7500000e+01;2.1811298e-01;9.7500000e+01;1.8161419e-01;9.7500000e+01;1.3218114e-01;9.7500000e+01;8.1254199e-02;9.7500000e+01;3.4680098e-02;9.7500000e+01;-8.3189243e-03;9.7500000e+01;-1.3816301e-03;9.7500000e+01;1.1568828e-02;9.7500000e+01;2.9740060e-02;9.7500000e+01;5.2538719e-02;9.7500000e+01;7.8159481e-02;9.7500000e+01;1.0411187e-01;9.7500000e+01;1.2748089e-01;9.7500000e+01;1.4700511e-01;9.7500000e+01;1.6678980e-01;9.7500000e+01;1.9314647e-01;9.7500000e+01;2.1940246e-01;9.7500000e+01;2.3227181e-01;9.7500000e+01;2.1811298e-01;9.7500000e+01;1.8161419e-01;9.7500000e+01;1.3218114e-01;9.7500000e+01;8.1254199e-02;9.7500000e+01;3.4680098e-02;9.7500000e+01;-8.3189243e-03;9.7500000e+01;-1.3816301e-03;9.7500000e+01;1.1568828e-02;9.7500000e+01;2.9740060e-02;9.7500000e+01;5.2538719e-02;9.7500000e+01;7.8159481e-02;9.7500000e+01;1.0411187e-01;9.7500000e+01;1.2748089e-01;9.7500000e+01;1.4700511e-01;9.7500000e+01;1.6678980e-01;9.7500000e+01;1.9314647e-01;9.7500000e+01;2.1940246e-01;9.7500000e+01;2.3227181e-01;9.7500000e+01;2.1811298e-01;9.7500000e+01;1.8161419e-01;9.7500000e+01;1.3218114e-01;9.7500000e+01;8.1254199e-02;9.7500000e+01;3.4680098e-02;9.7500000e+01;-8.3189243e-03;9.7500000e+01;-1.3816301e-03;9.7500000e+01;1.1568828e-02;9.7500000e+01;2.9740060e-02;9.7500000e+01;5.2538719e-02;9.7500000e+01;7.8159481e-02;9.7500000e+01;1.0411187e-01;9.7500000e+01;1.2748089e-01;9.7500000e+01;1.4700511e-01;9.7500000e+01;1.6678980e-01;9.7500000e+01;1.9314647e-01;9.7500000e+01;2.1940246e-01;9.7500000e+01;2.3227181e-01;9.7500000e+01;2.1811298e-01;9.7500000e+01;1.8161419e-01;9.7500000e+01;1.3218114e-01;9.7500000e+01;8.1254199e-02;9.7500000e+01;3.4680098e-02;9.7500000e+01;-8.3189243e-03;9.7500000e+01;-1.3816301e-03;9.7500000e+01;1.1568828e-02;9.7500000e+01;2.9740060e-02;9.7500000e+01;5.2538719e-02;9.7500000e+01;7.8159481e-02;9.7500000e+01;1.0411187e-01;9.7500000e+01;1.2748089e-01;9.7500000e+01;1.4700511e-01;9.7500000e+01;1.6678980e-01;9.7500000e+01;1.9314647e-01;9.7500000e+01;2.1940246e-01;9.7500000e+01;2.3227181e-01;9.7500000e+01;2.1811298e-01;9.7500000e+01;1.8161419e-01;9.7500000e+01;1.3218114e-01;9.7500000e+01;8.1254199e-02;9.7500000e+01;3.4680098e-02;9.7500000e+01;-8.3189243e-03;9.7500000e+01;-1.3816301e-03;9.7500000e+01;1.1568828e-02;9.7500000e+01;2.9740060e-02;9.7500000e+01;5.2538719e-02;9.7500000e+01;7.8159481e-02;9.7500000e+01;1.0411187e-01;9.7500000e+01;1.2748089e-01;9.7500000e+01;1.4700511e-01;9.7500000e+01;1.6678980e-01;9.7500000e+01;1.9314647e-01;9.7500000e+01;2.1940246e-01;9.7500000e+01;2.3227181e-01;9.7500000e+01;2.1811298e-01;9.7500000e+01;1.8161419e-01;9.7500000e+01;1.3218114e-01;9.7500000e+01;8.1254199e-02;9.7500000e+01;3.4680098e-02;9.7500000e+01;-8.3189243e-03;9.7500000e+01;-1.3816301e-03;9.7500000e+01;1.1568828e-02;9.7500000e+01;2.9740060e-02;9.7500000e+01;5.2538719e-02;9.7500000e+01;7.8159481e-02;9.7500000e+01;1.0411187e-01;9.7500000e+01;1.2748089e-01;9.7500000e+01;1.4700511e-01;9.7500000e+01;1.6678980e-01;9.7500000e+01;1.9314647e-01;9.7500000e+01;2.1940246e-01;9.7500000e+01;2.3227181e-01;9.7500000e+01;2.1811298e-01;9.7500000e+01;1.8161419e-01;9.7500000e+01;1.3218114e-01;9.7500000e+01;8.1254199e-02;9.7500000e+01;3.4680098e-02;9.7500000e+01;-8.3189243e-03;9.7500000e+01;-1.3816301e-03;9.7500000e+01;1.1568828e-02;9.7500000e+01;2.9740060e-02;9.7500000e+01;5.2538719e-02;9.7500000e+01;7.8159481e-02;9.7500000e+01;1.0411187e-01;9.7500000e+01;1.2748089e-01;9.7500000e+01;1.4700511e-01;9.7500000e+01;1.6678980e-01;9.7500000e+01;1.9314647e-01;9.7500000e+01;2.1940246e-01;9.7500000e+01;2.3227181e-01;9.7500000e+01;2.1811298e-01;9.7500000e+01;1.8161419e-01;9.7500000e+01;1.3218114e-01;9.7500000e+01;8.1254199e-02;9.7500000e+01;3.4680098e-02;9.7500000e+01;-8.3189243e-03;9.7500000e+01;-1.3816301e-03;9.7500000e+01;1.1568828e-02;9.7500000e+01;2.9740060e-02;9.7500000e+01;5.2538719e-02;9.7500000e+01;7.8159481e-02;9.7500000e+01;1.0411187e-01;9.7500000e+01;1.2748089e-01;9.7500000e+01;1.4700511e-01;9.7500000e+01;1.6678980e-01;9.7500000e+01;1.9314647e-01;9.7500000e+01;2.1940246e-01;9.7500000e+01;2.3227181e-01;9.7500000e+01;2.1811298e-01;9.7500000e+01;1.8161419e-01;9.7500000e+01;1.3218114e-01;9.7500000e+01;8.1254199e-02;9.7500000e+01;3.4680098e-02;9.7500000e+01;-8.3189243e-03;9.7500000e+01;-1.3816301e-03;9.7500000e+01;1.1568828e-02;9.7500000e+01;2.9740060e-02;9.7500000e+01;5.2538719e-02;9.7500000e+01;7.8159481e-02;9.7500000e+01;1.0411187e-01;9.7500000e+01;1.2748089e-01;9.7500000e+01;1.4700511e-01;9.7500000e+01;1.6678980e-01;9.7500000e+01;1.9314647e-01;9.7500000e+01;2.1940246e-01;9.7500000e+01;2.3227181e-01;9.7500000e+01;2.1811298e-01;9.7500000e+01;1.8161419e-01;9.7500000e+01;1.3218114e-01;9.7500000e+01;8.1254199e-02;9.7500000e+01;3.4680098e-02;9.7500000e+01;-8.3189243e-03;9.7500000e+01;-1.3816301e-03;9.7500000e+01;1.1568828e-02;9.7500000e+01;2.9740060e-02;9.7500000e+01;5.2538719e-02;9.7500000e+01;7.8159481e-02;9.7500000e+01;1.0411187e-01;9.7500000e+01;1.2748089e-01;9.7500000e+01;1.4700511e-01;9.7500000e+01;1.6678980e-01;9.7500000e+01;1.9314647e-01;9.7500000e+01;2.1940246e-01;9.7500000e+01;2.3227181e-01;9.7500000e+01;2.1811298e-01;9.7500000e+01;1.8161419e-01;9.7500000e+01;1.3218114e-01;9.7500000e+01;8.1254199e-02;9.7500000e+01;3.4680098e-02;9.7500000e+01;-8.3189243e-03;9.7500000e+01;-1.3816301e-03;9.7500000e+01;1.1568828e-02;9.7500000e+01;2.9740060e-02;9.7500000e+01;5.2538719e-02;9.7500000e+01;7.8159481e-02;9.7500000e+01;1.0411187e-01;9.7500000e+01;1.2748089e-01;9.7500000e+01;1.4700511e-01;9.7500000e+01;1.6678980e-01;9.7500000e+01;1.9314647e-01;9.7500000e+01;2.1940246e-01;9.7500000e+01;2.3227181e-01;9.7500000e+01;2.1811298e-01;9.7500000e+01;1.8161419e-01;9.7500000e+01;1.3218114e-01;9.7500000e+01;8.1254199e-02;9.7500000e+01;3.4680098e-02;9.7500000e+01;-8.3189243e-03;9.7500000e+01;-1.3816301e-03;9.7500000e+01;1.1568828e-02;9.7500000e+01;2.9740060e-02;9.7500000e+01;5.2538719e-02;9.7500000e+01;7.8159481e-02;9.7500000e+01;1.0411187e-01;9.7500000e+01;1.2748089e-01;9.7500000e+01;1.4700511e-01;9.7500000e+01;1.6678980e-01;9.7500000e+01;1.9314647e-01;9.7500000e+01;2.1940246e-01;9.7500000e+01;2.3227181e-01;9.7500000e+01;2.1811298e-01;9.7500000e+01;1.8161419e-01;9.7500000e+01;1.3218114e-01;9.7500000e+01;8.1254199e-02;9.7500000e+01;3.4680098e-02;9.7500000e+01;-8.3189243e-03;9.7500000e+01;-1.3816301e-03;9.7500000e+01;1.1568828e-02;9.7500000e+01;2.9740060e-02;9.7500000e+01;5.2538719e-02;9.7500000e+01;7.8159481e-02;9.7500000e+01;1.0411187e-01;9.7500000e+01;1.2748089e-01;9.7500000e+01;1.4700511e-01;9.7500000e+01;1.6678980e-01;9.7500000e+01;1.9314647e-01;9.7500000e+01;2.1940246e-01;9.7500000e+01;2.3227181e-01;9.7500000e+01;2.1811298e-01;9.7500000e+01;1.8161419e-01;9.7500000e+01;1.3218114e-01;9.7500000e+01;8.1254199e-02;9.7500000e+01;3.4680098e-02;9.7500000e+01;-8.3189243e-03;9.7500000e+01;-1.3816301e-03;9.7500000e+01;1.1568828e-02;9.7500000e+01;2.9740060e-02;9.7500000e+01;5.2538719e-02;9.7500000e+01;7.8159481e-02;9.7500000e+01;1.0411187e-01;9.7500000e+01;1.2748089e-01;9.7500000e+01;1.4700511e-01;9.7500000e+01;1.6678980e-01;9.7500000e+01;1.9314647e-01;9.7500000e+01;2.1940246e-01;9.7500000e+01;2.3227181e-01;9.7500000e+01;2.1811298e-01;9.7500000e+01;1.8161419e-01;9.7500000e+01;1.3218114e-01;9.7500000e+01;8.1254199e-02;9.7500000e+01;3.4680098e-02;9.7500000e+01;-8.3189243e-03;9.7500000e+01;-1.3816301e-03;9.7500000e+01;1.1568828e-02;9.7500000e+01;2.9740060e-02;9.7500000e+01;5.2538719e-02;9.7500000e+01;7.8159481e-02;9.7500000e+01;1.0411187e-01;9.7500000e+01;1.2748089e-01;9.7500000e+01;1.4700511e-01;9.7500000e+01;1.6678980e-01;9.7500000e+01;1.9314647e-01;9.7500000e+01;2.1940246e-01;9.7500000e+01;2.3227181e-01;9.7500000e+01;2.1811298e-01;9.7500000e+01;1.8161419e-01;9.7500000e+01;1.3218114e-01;9.7500000e+01;8.1254199e-02;9.7500000e+01;3.4680098e-02;9.7500000e+01;-8.3189243e-03;9.7500000e+01;-1.3816301e-03;9.7500000e+01;1.1568828e-02;9.7500000e+01;2.9740060e-02;9.7500000e+01;5.2538719e-02;9.7500000e+01;7.8159481e-02;9.7500000e+01;1.0411187e-01;9.7500000e+01;1.2748089e-01;9.7500000e+01;1.4700511e-01;9.7500000e+01;1.6678980e-01;9.7500000e+01;1.9314647e-01;9.7500000e+01;2.1940246e-01;9.7500000e+01;2.3227181e-01;9.7500000e+01;2.1811298e-01;9.7500000e+01;1.8161419e-01;9.7500000e+01;1.3218114e-01;9.7500000e+01;8.1254199e-02;9.7500000e+01;3.4680098e-02;9.7500000e+01;-8.3189243e-03;9.7500000e+01;-1.3816301e-03;9.7500000e+01;1.1568828e-02;9.7500000e+01;2.9740060e-02;9.7500000e+01;5.2538719e-02;9.7500000e+01;7.8159481e-02;9.7500000e+01;1.0411187e-01;9.7500000e+01;1.2748089e-01;9.7500000e+01;1.4700511e-01;9.7500000e+01;1.6678980e-01;9.7500000e+01;1.9314647e-01;9.7500000e+01;2.1940246e-01;9.7500000e+01;2.3227181e-01;9.7500000e+01;2.1811298e-01;9.7500000e+01;1.8161419e-01;9.7500000e+01;1.3218114e-01;9.7500000e+01;8.1254199e-02;9.7500000e+01;3.4680098e-02;9.7500000e+01;-8.3189243e-03;9.7500000e+01;-1.3816301e-03;9.7500000e+01;1.1568828e-02;9.7500000e+01;2.9740060e-02;9.7500000e+01;5.2538719e-02;9.7500000e+01;7.8159481e-02;9.7500000e+01;1.0411187e-01;9.7500000e+01;1.2748089e-01;9.7500000e+01;1.4700511e-01;9.7500000e+01;1.6678980e-01;9.7500000e+01;1.9314647e-01;9.7500000e+01;2.1940246e-01;9.7500000e+01;2.3227181e-01;9.7500000e+01;2.1811298e-01;9.7500000e+01;1.8161419e-01;9.7500000e+01;1.3218114e-01;9.7500000e+01;8.1254199e-02;9.7500000e+01;3.4680098e-02;9.7500000e+01;-8.3189243e-03;9.7500000e+01;-1.3816301e-03;9.7500000e+01;1.1568828e-02;9.7500000e+01;2.9740060e-02;9.7500000e+01;5.2538719e-02;9.7500000e+01;7.8159481e-02;9.7500000e+01;1.0411187e-01;9.7500000e+01;1.2748089e-01;9.7500000e+01;1.4700511e-01;9.7500000e+01;1.6678980e-01;9.7500000e+01;1.9314647e-01;9.7500000e+01;2.1940246e-01;9.7500000e+01;2.3227181e-01;9.7500000e+01;2.1811298e-01;9.7500000e+01;1.8161419e-01;9.7500000e+01;1.3218114e-01;9.7500000e+01;8.1254199e-02;9.7500000e+01;3.4680098e-02;9.7500000e+01;-8.3189243e-03;9.7500000e+01;-1.3816301e-03;9.7500000e+01;1.1568828e-02;9.7500000e+01;2.9740060e-02;9.7500000e+01;5.2538719e-02;9.7500000e+01;7.8159481e-02;9.7500000e+01;1.0411187e-01;9.7500000e+01;1.2748089e-01;9.7500000e+01;1.4700511e-01;9.7500000e+01;1.6678980e-01;9.7500000e+01;1.9314647e-01;9.7500000e+01;2.1940246e-01;9.7500000e+01;2.3227181e-01;9.7500000e+01;2.1811298e-01;9.7500000e+01;1.8161419e-01;9.7500000e+01;1.3218114e-01;9.7500000e+01;8.1254199e-02;9.7500000e+01;3.4680098e-02;9.7500000e+01;-8.3189243e-03;9.7500000e+01;-1.3816301e-03;9.7500000e+01;1.1568828e-02;9.7500000e+01;2.9740060e-02;9.7500000e+01;5.2538719e-02;9.7500000e+01;7.8159481e-02;9.7500000e+01;1.0411187e-01;9.7500000e+01;1.2748089e-01;9.7500000e+01;1.4700511e-01;9.7500000e+01;1.6678980e-01;9.7500000e+01;1.9314647e-01;9.7500000e+01;2.1940246e-01;9.7500000e+01;2.3227181e-01;9.7500000e+01;2.1811298e-01;9.7500000e+01;1.8161419e-01;9.7500000e+01;1.3218114e-01;9.7500000e+01;8.1254199e-02;9.7500000e+01;3.4680098e-02;9.7500000e+01;-8.3189243e-03;9.7500000e+01;-1.3816301e-03;9.7500000e+01;1.1568828e-02;9.7500000e+01;2.9740060e-02;9.7500000e+01;5.2538719e-02;9.7500000e+01;7.8159481e-02;9.7500000e+01;1.0411187e-01;9.7500000e+01;1.2748089e-01;9.7500000e+01;1.4700511e-01;9.7500000e+01;1.6678980e-01;9.7500000e+01;1.9314647e-01;9.7500000e+01;2.1940246e-01;9.7500000e+01;2.3227181e-01;9.7500000e+01;2.1811298e-01;9.7500000e+01;1.8161419e-01;9.7500000e+01;1.3218114e-01;9.7500000e+01;8.1254199e-02;9.7500000e+01;3.4680098e-02;9.7500000e+01;-8.3189243e-03;9.7500000e+01;-1.3816301e-03;9.7500000e+01;1.1568828e-02;9.7500000e+01;2.9740060e-02;9.7500000e+01;5.2538719e-02;9.7500000e+01;7.8159481e-02;9.7500000e+01;1.0411187e-01;9.7500000e+01;1.2748089e-01;9.7500000e+01;1.4700511e-01;9.7500000e+01;1.6678980e-01;9.7500000e+01;1.9314647e-01;9.7500000e+01;2.1940246e-01;9.7500000e+01;2.3227181e-01;9.7500000e+01;2.1811298e-01;9.7500000e+01;1.8161419e-01;9.7500000e+01;1.3218114e-01;9.7500000e+01;8.1254199e-02;9.7500000e+01;3.4680098e-02;9.7500000e+01;-8.3189243e-03;9.7500000e+01;-1.3816301e-03;9.7500000e+01;1.1568828e-02;9.7500000e+01;2.9740060e-02;9.7500000e+01;5.2538719e-02;9.7500000e+01;7.8159481e-02;9.7500000e+01;1.0411187e-01;9.7500000e+01;1.2748089e-01;9.7500000e+01;1.4700511e-01;9.7500000e+01;1.6678980e-01;9.7500000e+01;1.9314647e-01;9.7500000e+01;2.1940246e-01;9.7500000e+01;2.3227181e-01;9.7500000e+01;2.1811298e-01;9.7500000e+01;1.8161419e-01;9.7500000e+01;1.3218114e-01;9.7500000e+01;8.1254199e-02;9.7500000e+01;3.4680098e-02;9.7500000e+01;-8.3189243e-03;9.7500000e+01;-1.3816301e-03;9.7500000e+01;1.1568828e-02;9.7500000e+01;2.9740060e-02;9.7500000e+01;5.2538719e-02;9.7500000e+01;7.8159481e-02;9.7500000e+01;1.0411187e-01;9.7500000e+01;1.2748089e-01;9.7500000e+01;1.4700511e-01;9.7500000e+01;1.6678980e-01;9.7500000e+01;1.9314647e-01;9.7500000e+01;2.1940246e-01;9.7500000e+01;2.3227181e-01;9.7500000e+01;2.1811298e-01;9.7500000e+01;1.8161419e-01;9.7500000e+01;1.3218114e-01;9.7500000e+01;8.1254199e-02;9.7500000e+01;3.4680098e-02;9.7500000e+01;-8.3189243e-03;9.7500000e+01;-1.3816301e-03;9.7500000e+01;1.1568828e-02;9.7500000e+01;2.9740060e-02;9.7500000e+01;5.2538719e-02;9.7500000e+01;7.8159481e-02;9.7500000e+01;1.0411187e-01;9.7500000e+01;1.2748089e-01;9.7500000e+01;1.4700511e-01;9.7500000e+01;1.6678980e-01;9.7500000e+01;1.9314647e-01;9.7500000e+01;2.1940246e-01;9.7500000e+01;2.3227181e-01;9.7500000e+01;2.1811298e-01;9.7500000e+01;1.8161419e-01;9.7500000e+01;1.3218114e-01;9.7500000e+01;8.1254199e-02;9.7500000e+01;3.4680098e-02;9.7500000e+01;-8.3189243e-03;9.7500000e+01;-1.3816301e-03;9.7500000e+01;1.1568828e-02;9.7500000e+01;2.9740060e-02;9.7500000e+01;5.2538719e-02;9.7500000e+01;7.8159481e-02;9.7500000e+01;1.0411187e-01;9.7500000e+01;1.2748089e-01;9.7500000e+01;1.4700511e-01;9.7500000e+01;1.6678980e-01;9.7500000e+01;1.9314647e-01;9.7500000e+01;2.1940246e-01;9.7500000e+01;2.3227181e-01;9.7500000e+01;2.1811298e-01;9.7500000e+01;1.8161419e-01;9.7500000e+01;1.3218114e-01;9.7500000e+01;8.1254199e-02;9.7500000e+01;3.4680098e-02;9.7500000e+01;-8.3189243e-03;9.7500000e+01;-1.3816301e-03;9.7500000e+01;1.1568828e-02;9.7500000e+01;2.9740060e-02;9.7500000e+01;5.2538719e-02;9.7500000e+01;7.8159481e-02;9.7500000e+01;1.0411187e-01;9.7500000e+01;1.2748089e-01;9.7500000e+01;1.4700511e-01;9.7500000e+01;1.6678980e-01;9.7500000e+01;1.9314647e-01;9.7500000e+01;2.1940246e-01;9.7500000e+01;2.3227181e-01;9.7500000e+01;2.1811298e-01;9.7500000e+01;1.8161419e-01;9.7500000e+01;1.3218114e-01;9.7500000e+01;8.1254199e-02;9.7500000e+01;3.4680098e-02;9.7500000e+01;-8.3189243e-03;9.7500000e+01;-1.3816301e-03;9.7500000e+01;1.1568828e-02;9.7500000e+01;2.9740060e-02;9.7500000e+01;5.2538719e-02;9.7500000e+01;7.8159481e-02;9.7500000e+01;1.0411187e-01;9.7500000e+01;1.2748089e-01;9.7500000e+01;1.4700511e-01;9.7500000e+01;1.6678980e-01;9.7500000e+01;1.9314647e-01;9.7500000e+01;2.1940246e-01;9.7500000e+01;2.3227181e-01;9.7500000e+01;2.1811298e-01;9.7500000e+01;1.8161419e-01;9.7500000e+01;1.3218114e-01;9.7500000e+01;8.1254199e-02;9.7500000e+01;3.4680098e-02;9.7500000e+01;-8.3189243e-03;9.7500000e+01;-1.3816301e-03;9.7500000e+01;1.1568828e-02;9.7500000e+01;2.9740060e-02;9.7500000e+01;5.2538719e-02;9.7500000e+01;7.8159481e-02;9.7500000e+01;1.0411187e-01;9.7500000e+01;1.2748089e-01;9.7500000e+01;1.4700511e-01;9.7500000e+01;1.6678980e-01;9.7500000e+01;1.9314647e-01;9.7500000e+01;2.1940246e-01;9.7500000e+01;2.3227181e-01;9.7500000e+01;2.1811298e-01;9.7500000e+01;1.8161419e-01;9.7500000e+01;1.3218114e-01;9.7500000e+01;8.1254199e-02;9.7500000e+01;3.4680098e-02;9.7500000e+01;-8.3189243e-03;9.7500000e+01;-1.3816301e-03;9.7500000e+01;1.1568828e-02;9.7500000e+01;2.9740060e-02;9.7500000e+01;5.2538719e-02;9.7500000e+01;7.8159481e-02;9.7500000e+01;1.0411187e-01;9.7500000e+01;1.2748089e-01;9.7500000e+01;1.4700511e-01;9.7500000e+01;1.6678980e-01;9.7500000e+01;1.9314647e-01;9.7500000e+01;2.1940246e-01;9.7500000e+01;2.3227181e-01;9.7500000e+01;2.1811298e-01;9.7500000e+01;1.8161419e-01;9.7500000e+01;1.3218114e-01;9.7500000e+01;8.1254199e-02;9.7500000e+01;3.4680098e-02;9.7500000e+01;-8.3189243e-03;9.7500000e+01;-1.3816301e-03;9.7500000e+01;1.1568828e-02;9.7500000e+01;2.9740060e-02;9.7500000e+01;5.2538719e-02;9.7500000e+01;7.8159481e-02;9.7500000e+01;1.0411187e-01;9.7500000e+01;1.2748089e-01;9.7500000e+01;1.4700511e-01;9.7500000e+01;1.6678980e-01;9.7500000e+01;1.9314647e-01;9.7500000e+01;2.1940246e-01;9.7500000e+01;2.3227181e-01;9.7500000e+01;2.1811298e-01;9.7500000e+01;1.8161419e-01;9.7500000e+01;1.3218114e-01;9.7500000e+01;8.1254199e-02;9.7500000e+01;3.4680098e-02;9.7500000e+01;-8.3189243e-03;9.7500000e+01;-1.3816301e-03;9.7500000e+01;1.1568828e-02;9.7500000e+01;2.9740060e-02;9.7500000e+01;5.2538719e-02;9.7500000e+01;7.8159481e-02;9.7500000e+01;1.0411187e-01;9.7500000e+01;1.2748089e-01;9.7500000e+01;1.4700511e-01;9.7500000e+01;1.6678980e-01;9.7500000e+01;1.9314647e-01;9.7500000e+01;2.1940246e-01;9.7500000e+01;2.3227181e-01;9.7500000e+01;2.1811298e-01;9.7500000e+01;1.8161419e-01;9.7500000e+01;1.3218114e-01;9.7500000e+01;8.1254199e-02;9.7500000e+01;3.4680098e-02;9.7500000e+01;-8.3189243e-03;9.7500000e+01;-1.3816301e-03;9.7500000e+01;1.1568828e-02;9.7500000e+01;2.9740060e-02;9.7500000e+01;5.2538719e-02;9.7500000e+01;7.8159481e-02;9.7500000e+01;1.0411187e-01;9.7500000e+01;1.2748089e-01;9.7500000e+01;1.4700511e-01;9.7500000e+01;1.6678980e-01;9.7500000e+01;1.9314647e-01;9.7500000e+01;2.1940246e-01;9.7500000e+01;2.3227181e-01;9.7500000e+01;2.1811298e-01;9.7500000e+01;1.8161419e-01;9.7500000e+01;1.3218114e-01;9.7500000e+01;8.1254199e-02;9.7500000e+01;3.4680098e-02;9.7500000e+01;-8.3189243e-03;9.7500000e+01;-1.3816301e-03;9.7500000e+01;1.1568828e-02;9.7500000e+01;2.9740060e-02;9.7500000e+01;5.2538719e-02;9.7500000e+01;7.8159481e-02;9.7500000e+01;1.0411187e-01;9.7500000e+01;1.2748089e-01;9.7500000e+01;1.4700511e-01;9.7500000e+01;1.6678980e-01;9.7500000e+01;1.9314647e-01;9.7500000e+01;2.1940246e-01;9.7500000e+01;2.3227181e-01;9.7500000e+01;2.1811298e-01;9.7500000e+01;1.8161419e-01;9.7500000e+01;1.3218114e-01;9.7500000e+01;8.1254199e-02;9.7500000e+01;3.4680098e-02;9.7500000e+01;-8.3189243e-03;9.7500000e+01;-1.3816301e-03;9.7500000e+01;1.1568828e-02;9.7500000e+01;2.9740060e-02;9.7500000e+01;5.2538719e-02;9.7500000e+01;7.8159481e-02;9.7500000e+01;1.0411187e-01;9.7500000e+01;1.2748089e-01;9.7500000e+01;1.4700511e-01;9.7500000e+01;1.6678980e-01;9.7500000e+01;1.9314647e-01;9.7500000e+01;2.1940246e-01;9.7500000e+01;2.3227181e-01;9.7500000e+01;2.1811298e-01;9.7500000e+01;1.8161419e-01;9.7500000e+01;1.3218114e-01;9.7500000e+01;8.1254199e-02;9.7500000e+01;3.4680098e-02;9.7500000e+01;-8.3189243e-03;9.7500000e+01;-1.3816301e-03;9.7500000e+01;1.1568828e-02;9.7500000e+01;2.9740060e-02;9.7500000e+01;5.2538719e-02;9.7500000e+01;7.8159481e-02;9.7500000e+01;1.0411187e-01;9.7500000e+01;1.2748089e-01;9.7500000e+01;1.4700511e-01;9.7500000e+01;1.6678980e-01;9.7500000e+01;1.9314647e-01;9.7500000e+01;2.1940246e-01;9.7500000e+01;2.3227181e-01;9.7500000e+01;2.1811298e-01;9.7500000e+01;1.8161419e-01;9.7500000e+01;1.3218114e-01;9.7500000e+01;8.1254199e-02;9.7500000e+01;3.4680098e-02;9.7500000e+01;-8.3189243e-03;9.7500000e+01;-1.3816301e-03;9.7500000e+01;1.1568828e-02;9.7500000e+01;2.9740060e-02;9.7500000e+01;5.2538719e-02;9.7500000e+01;7.8159481e-02;9.7500000e+01;1.0411187e-01;9.7500000e+01;1.2748089e-01;9.7500000e+01;1.4700511e-01;9.7500000e+01;1.6678980e-01;9.7500000e+01;1.9314647e-01;9.7500000e+01;2.1940246e-01;9.7500000e+01;2.3227181e-01;9.7500000e+01;2.1811298e-01;9.7500000e+01;1.8161419e-01;9.7500000e+01;1.3218114e-01;9.7500000e+01;8.1254199e-02;9.7500000e+01;3.4680098e-02;9.7500000e+01;-8.3189243e-03;9.7500000e+01;-1.3816301e-03;9.7500000e+01;1.1568828e-02;9.7500000e+01;2.9740060e-02;9.7500000e+01;5.2538719e-02;9.7500000e+01;7.8159481e-02;9.7500000e+01;1.0411187e-01;9.7500000e+01;1.2748089e-01;9.7500000e+01;1.4700511e-01;9.7500000e+01;1.6678980e-01;9.7500000e+01;1.9314647e-01;9.7500000e+01;2.1940246e-01;9.7500000e+01;2.3227181e-01;9.7500000e+01;2.1811298e-01;9.7500000e+01;1.8161419e-01;9.7500000e+01;1.3218114e-01;9.7500000e+01;8.1254199e-02;9.7500000e+01;3.4680098e-02;9.7500000e+01;-8.3189243e-03;9.7500000e+01;-1.3816301e-03;9.7500000e+01;1.1568828e-02;9.7500000e+01;2.9740060e-02;9.7500000e+01;5.2538719e-02;9.7500000e+01;7.8159481e-02;9.7500000e+01;1.0411187e-01;9.7500000e+01;1.2748089e-01;9.7500000e+01;1.4700511e-01;9.7500000e+01;1.6678980e-01;9.7500000e+01;1.9314647e-01;9.7500000e+01;2.1940246e-01;9.7500000e+01;2.3227181e-01;9.7500000e+01;2.1811298e-01;9.7500000e+01;1.8161419e-01;9.7500000e+01;1.3218114e-01;9.7500000e+01;8.1254199e-02;9.7500000e+01;3.4680098e-02;9.7500000e+01;-8.3189243e-03;9.7500000e+01;-1.3816301e-03;9.7500000e+01;1.1568828e-02;9.7500000e+01;2.9740060e-02;9.7500000e+01;5.2538719e-02;9.7500000e+01;7.8159481e-02;9.7500000e+01;1.0411187e-01;9.7500000e+01;1.2748089e-01;9.7500000e+01;1.4700511e-01;9.7500000e+01;1.6678980e-01;9.7500000e+01;1.9314647e-01;9.7500000e+01;2.1940246e-01;9.7500000e+01;2.3227181e-01;9.7500000e+01;2.1811298e-01;9.7500000e+01;1.8161419e-01;9.7500000e+01;1.3218114e-01;9.7500000e+01;8.1254199e-02;9.7500000e+01;3.4680098e-02;9.7500000e+01;-8.3189243e-03;9.7500000e+01;-1.3816301e-03;9.7500000e+01;1.1568828e-02;9.7500000e+01;2.9740060e-02;9.7500000e+01;5.2538719e-02;9.7500000e+01;7.8159481e-02;9.7500000e+01;1.0411187e-01;9.7500000e+01;1.2748089e-01;9.7500000e+01;1.4700511e-01;9.7500000e+01;1.6678980e-01;9.7500000e+01;1.9314647e-01;9.7500000e+01;2.1940246e-01;9.7500000e+01;2.3227181e-01;9.7500000e+01;2.1811298e-01;9.7500000e+01;1.8161419e-01;9.7500000e+01;1.3218114e-01;9.7500000e+01;8.1254199e-02;9.7500000e+01;3.4680098e-02;9.7500000e+01;-8.3189243e-03;9.7500000e+01;-1.3816301e-03;9.7500000e+01;1.1568828e-02;9.7500000e+01;2.9740060e-02;9.7500000e+01;5.2538719e-02;9.7500000e+01;7.8159481e-02;9.7500000e+01;1.0411187e-01;9.7500000e+01;1.2748089e-01;9.7500000e+01;1.4700511e-01;9.7500000e+01;1.6678980e-01;9.7500000e+01;1.9314647e-01;9.7500000e+01;2.1940246e-01;9.7500000e+01;2.3227181e-01;9.7500000e+01;2.1811298e-01;9.7500000e+01;1.8161419e-01;9.7500000e+01;1.3218114e-01;9.7500000e+01;8.1254199e-02;9.7500000e+01;3.4680098e-02;9.7500000e+01;-8.3189243e-03;9.7500000e+01;-1.3816301e-03;9.7500000e+01;1.1568828e-02;9.7500000e+01;2.9740060e-02;9.7500000e+01;5.2538719e-02;9.7500000e+01;7.8159481e-02;9.7500000e+01;1.0411187e-01;9.7500000e+01;1.2748089e-01;9.7500000e+01;1.4700511e-01;9.7500000e+01;1.6678980e-01;9.7500000e+01;1.9314647e-01;9.7500000e+01;2.1940246e-01;9.7500000e+01;2.3227181e-01;9.7500000e+01;2.1811298e-01;9.7500000e+01;1.8161419e-01;9.7500000e+01;1.3218114e-01;9.7500000e+01;8.1254199e-02;9.7500000e+01;3.4680098e-02;9.7500000e+01;-8.3189243e-03;9.7500000e+01;-1.3816301e-03;9.7500000e+01;1.1568828e-02;9.7500000e+01;2.9740060e-02;9.7500000e+01;5.2538719e-02;9.7500000e+01;7.8159481e-02;9.7500000e+01;1.0411187e-01;9.7500000e+01;1.2748089e-01;9.7500000e+01;1.4700511e-01;9.7500000e+01;1.6678980e-01;9.7500000e+01;1.9314647e-01;9.7500000e+01;2.1940246e-01;9.7500000e+01;2.3227181e-01;9.7500000e+01;2.1811298e-01;9.7500000e+01;1.8161419e-01;9.7500000e+01;1.3218114e-01;9.7500000e+01;8.1254199e-02;9.7500000e+01;3.4680098e-02;9.7500000e+01;-8.3189243e-03;9.7500000e+01;-1.3816301e-03;9.7500000e+01;1.1568828e-02;9.7500000e+01;2.9740060e-02;9.7500000e+01;5.2538719e-02;9.7500000e+01;7.8159481e-02;9.7500000e+01;1.0411187e-01;9.7500000e+01;1.2748089e-01;9.7500000e+01;1.4700511e-01;9.7500000e+01;1.6678980e-01;9.7500000e+01;1.9314647e-01;9.7500000e+01;2.1940246e-01;9.7500000e+01;2.3227181e-01;9.7500000e+01;2.1811298e-01;9.7500000e+01;1.8161419e-01;9.7500000e+01;1.3218114e-01;9.7500000e+01;8.1254199e-02;9.7500000e+01;3.4680098e-02;9.7500000e+01;-8.3189243e-03;9.7500000e+01;-1.3816301e-03;9.7500000e+01;1.1568828e-02;9.7500000e+01;2.9740060e-02;9.7500000e+01;5.2538719e-02;9.7500000e+01;7.8159481e-02;9.7500000e+01;1.0411187e-01;9.7500000e+01;1.2748089e-01;9.7500000e+01;1.4700511e-01;9.7500000e+01;1.6678980e-01;9.7500000e+01;1.9314647e-01;9.7500000e+01;2.1940246e-01;9.7500000e+01;2.3227181e-01;9.7500000e+01;2.1811298e-01;9.7500000e+01;1.8161419e-01;9.7500000e+01;1.3218114e-01;9.7500000e+01;8.1254199e-02;9.7500000e+01;3.4680098e-02;9.7500000e+01;-8.3189243e-03;9.7500000e+01;-1.3816301e-03;9.7500000e+01;1.1568828e-02;9.7500000e+01;2.9740060e-02;9.7500000e+01;5.2538719e-02;9.7500000e+01;7.8159481e-02;9.7500000e+01;1.0411187e-01;9.7500000e+01;1.2748089e-01;9.7500000e+01;1.4700511e-01;9.7500000e+01;1.6678980e-01;9.7500000e+01;1.9314647e-01;9.7500000e+01;2.1940246e-01;9.7500000e+01;2.3227181e-01;9.7500000e+01;2.1811298e-01;9.7500000e+01;1.8161419e-01;9.7500000e+01;1.3218114e-01;9.7500000e+01;8.1254199e-02;9.7500000e+01;3.4680098e-02;9.7500000e+01;-8.3189243e-03;9.7500000e+01;-1.3816301e-03;9.7500000e+01;1.1568828e-02;9.7500000e+01;2.9740060e-02;9.7500000e+01;5.2538719e-02;9.7500000e+01;7.8159481e-02;9.7500000e+01;1.0411187e-01;9.7500000e+01;1.2748089e-01;9.7500000e+01;1.4700511e-01;9.7500000e+01;1.6678980e-01;9.7500000e+01;1.9314647e-01;9.7500000e+01;2.1940246e-01;9.7500000e+01;2.3227181e-01;9.7500000e+01;2.1811298e-01;9.7500000e+01;1.8161419e-01;9.7500000e+01;1.3218114e-01;9.7500000e+01;8.1254199e-02;9.7500000e+01;3.4680098e-02;9.7500000e+01;-8.3189243e-03;9.7500000e+01;-1.3816301e-03;9.7500000e+01;1.1568828e-02;9.7500000e+01;2.9740060e-02;9.7500000e+01;5.2538719e-02;9.7500000e+01;7.8159481e-02;9.7500000e+01;1.0411187e-01;9.7500000e+01;1.2748089e-01;9.7500000e+01;1.4700511e-01;9.7500000e+01;1.6678980e-01;9.7500000e+01;1.9314647e-01;9.7500000e+01;2.1940246e-01;9.7500000e+01;2.3227181e-01;9.7500000e+01;2.1811298e-01;9.7500000e+01;1.8161419e-01;9.7500000e+01;1.3218114e-01;9.7500000e+01;8.1254199e-02;9.7500000e+01;3.4680098e-02;9.7500000e+01;-8.3189243e-03;9.7500000e+01;-1.3816301e-03;9.7500000e+01;1.1568828e-02;9.7500000e+01;2.9740060e-02;9.7500000e+01;5.2538719e-02;9.7500000e+01;7.8159481e-02;9.7500000e+01;1.0411187e-01;9.7500000e+01;1.2748089e-01;9.7500000e+01;1.4700511e-01;9.7500000e+01;1.6678980e-01;9.7500000e+01;1.9314647e-01;9.7500000e+01;2.1940246e-01;9.7500000e+01;2.3227181e-01;9.7500000e+01;2.1811298e-01;9.7500000e+01;1.8161419e-01;9.7500000e+01;1.3218114e-01;9.7500000e+01;8.1254199e-02;9.7500000e+01;3.4680098e-02;9.7500000e+01;-8.3189243e-03;9.7500000e+01;-1.3816301e-03;9.7500000e+01;1.1568828e-02;9.7500000e+01;2.9740060e-02;9.7500000e+01;5.2538719e-02;9.7500000e+01;7.8159481e-02;9.7500000e+01;1.0411187e-01;9.7500000e+01;1.2748089e-01;9.7500000e+01;1.4700511e-01;9.7500000e+01;1.6678980e-01;9.7500000e+01;1.9314647e-01;9.7500000e+01;2.1940246e-01;9.7500000e+01;2.3227181e-01;9.7500000e+01;2.1811298e-01;9.7500000e+01;1.8161419e-01;9.7500000e+01;1.3218114e-01;9.7500000e+01;8.1254199e-02;9.7500000e+01;3.4680098e-02;9.7500000e+01;-8.3189243e-03;9.7500000e+01;-1.3816301e-03;9.7500000e+01;1.1568828e-02;9.7500000e+01;2.9740060e-02;9.7500000e+01;5.2538719e-02;9.7500000e+01;7.8159481e-02;9.7500000e+01;1.0411187e-01;9.7500000e+01;1.2748089e-01;9.7500000e+01;1.4700511e-01;9.7500000e+01;1.6678980e-01;9.7500000e+01;1.9314647e-01;9.7500000e+01;2.1940246e-01;9.7500000e+01;2.3227181e-01;9.7500000e+01;2.1811298e-01;9.7500000e+01;1.8161419e-01;9.7500000e+01;1.3218114e-01;9.7500000e+01;8.1254199e-02;9.7500000e+01;3.4680098e-02;9.7500000e+01;-8.3189243e-03;9.7500000e+01;-1.3816301e-03;9.7500000e+01;1.1568828e-02;9.7500000e+01;2.9740060e-02;9.7500000e+01;5.2538719e-02;9.7500000e+01;7.8159481e-02;9.7500000e+01;1.0411187e-01;9.7500000e+01;1.2748089e-01;9.7500000e+01;1.4700511e-01;9.7500000e+01;1.6678980e-01;9.7500000e+01;1.9314647e-01;9.7500000e+01;2.1940246e-01;9.7500000e+01;2.3227181e-01;9.7500000e+01;2.1811298e-01;9.7500000e+01;1.8161419e-01;9.7500000e+01;1.3218114e-01;9.7500000e+01;8.1254199e-02;9.7500000e+01;3.4680098e-02;9.7500000e+01;-8.3189243e-03;9.7500000e+01;-1.3816301e-03;9.7500000e+01;1.1568828e-02;9.7500000e+01;2.9740060e-02;9.7500000e+01;5.2538719e-02;9.7500000e+01;7.8159481e-02;9.7500000e+01;1.0411187e-01;9.7500000e+01;1.2748089e-01;9.7500000e+01;1.4700511e-01;9.7500000e+01;1.6678980e-01;9.7500000e+01;1.9314647e-01;9.7500000e+01;2.1940246e-01;9.7500000e+01;2.3227181e-01;9.7500000e+01;2.1811298e-01;9.7500000e+01;1.8161419e-01;9.7500000e+01;1.3218114e-01;9.7500000e+01;8.1254199e-02;9.7500000e+01;3.4680098e-02;9.7500000e+01;-8.3189243e-03;9.7500000e+01;-1.3816301e-03;9.7500000e+01;1.1568828e-02;9.7500000e+01;2.9740060e-02;9.7500000e+01;5.2538719e-02;9.7500000e+01;7.8159481e-02;9.7500000e+01;1.0411187e-01;9.7500000e+01;1.2748089e-01;9.7500000e+01;1.4700511e-01;9.7500000e+01;1.6678980e-01;9.7500000e+01;1.9314647e-01;9.7500000e+01;2.1940246e-01;9.7500000e+01;2.3227181e-01;9.7500000e+01;2.1811298e-01;9.7500000e+01;1.8161419e-01;9.7500000e+01;1.3218114e-01;9.7500000e+01;8.1254199e-02;9.7500000e+01;3.4680098e-02;9.7500000e+01;-8.3189243e-03;9.7500000e+01;-1.3816301e-03;9.7500000e+01;1.1568828e-02;9.7500000e+01;2.9740060e-02;9.7500000e+01;5.2538719e-02;9.7500000e+01;7.8159481e-02;9.7500000e+01;1.0411187e-01;9.7500000e+01;1.2748089e-01;9.7500000e+01;1.4700511e-01;9.7500000e+01;1.6678980e-01;9.7500000e+01;1.9314647e-01;9.7500000e+01;2.1940246e-01;9.7500000e+01;2.3227181e-01;9.7500000e+01;2.1811298e-01;9.7500000e+01;1.8161419e-01;9.7500000e+01;1.3218114e-01;9.7500000e+01;8.1254199e-02;9.7500000e+01;3.4680098e-02;9.7500000e+01;-8.3189243e-03;9.7500000e+01;-1.3816301e-03;9.7500000e+01;1.1568828e-02;9.7500000e+01;2.9740060e-02;9.7500000e+01;5.2538719e-02;9.7500000e+01;7.8159481e-02;9.7500000e+01;1.0411187e-01;9.7500000e+01;1.2748089e-01;9.7500000e+01;1.4700511e-01;9.7500000e+01;1.6678980e-01;9.7500000e+01;1.9314647e-01;9.7500000e+01;2.1940246e-01;9.7500000e+01;2.3227181e-01;9.7500000e+01;2.1811298e-01;9.7500000e+01;1.8161419e-01;9.7500000e+01;1.3218114e-01;9.7500000e+01;8.1254199e-02;9.7500000e+01;3.4680098e-02;9.7500000e+01;-8.3189243e-03;9.7500000e+01;-1.3816301e-03;9.7500000e+01;1.1568828e-02;9.7500000e+01;2.9740060e-02;9.7500000e+01;5.2538719e-02;9.7500000e+01;7.8159481e-02;9.7500000e+01;1.0411187e-01;9.7500000e+01;1.2748089e-01;9.7500000e+01;1.4700511e-01;9.7500000e+01;1.6678980e-01;9.7500000e+01;1.9314647e-01;9.7500000e+01;2.1940246e-01;9.7500000e+01;2.3227181e-01;9.7500000e+01;2.1811298e-01;9.7500000e+01;1.8161419e-01;9.7500000e+01;1.3218114e-01;9.7500000e+01;8.1254199e-02;9.7500000e+01;3.4680098e-02;9.7500000e+01;-8.3189243e-03;9.7500000e+01;-1.3816301e-03;9.7500000e+01;1.1568828e-02;9.7500000e+01;2.9740060e-02;9.7500000e+01;5.2538719e-02;9.7500000e+01;7.8159481e-02;9.7500000e+01;1.0411187e-01;9.7500000e+01;1.2748089e-01;9.7500000e+01;1.4700511e-01;9.7500000e+01;1.6678980e-01;9.7500000e+01;1.9314647e-01;9.7500000e+01;2.1940246e-01;9.7500000e+01;2.3227181e-01;9.7500000e+01;2.1811298e-01;9.7500000e+01;1.8161419e-01;9.7500000e+01;1.3218114e-01;9.7500000e+01;8.1254199e-02;9.7500000e+01;3.4680098e-02;9.7500000e+01;-8.3189243e-03;9.7500000e+01;-1.3816301e-03;9.7500000e+01;1.1568828e-02;9.7500000e+01;2.9740060e-02;9.7500000e+01;5.2538719e-02;9.7500000e+01;7.8159481e-02;9.7500000e+01;1.0411187e-01;9.7500000e+01;1.2748089e-01;9.7500000e+01;1.4700511e-01;9.7500000e+01;1.6678980e-01;9.7500000e+01;1.9314647e-01;9.7500000e+01;2.1940246e-01;9.7500000e+01;2.3227181e-01;9.7500000e+01;2.1811298e-01;9.7500000e+01;1.8161419e-01;9.7500000e+01;1.3218114e-01;9.7500000e+01;8.1254199e-02;9.7500000e+01;3.4680098e-02;9.7500000e+01;-8.3189243e-03;9.7500000e+01;-1.3816301e-03;9.7500000e+01;1.1568828e-02;9.7500000e+01;2.9740060e-02;9.7500000e+01;5.2538719e-02;9.7500000e+01;7.8159481e-02;9.7500000e+01;1.0411187e-01;9.7500000e+01;1.2748089e-01;9.7500000e+01;1.4700511e-01;9.7500000e+01;1.6678980e-01;9.7500000e+01;1.9314647e-01;9.7500000e+01;2.1940246e-01;9.7500000e+01;2.3227181e-01;9.7500000e+01;2.1811298e-01;9.7500000e+01;1.8161419e-01;9.7500000e+01;1.3218114e-01;9.7500000e+01;8.1254199e-02;9.7500000e+01;3.4680098e-02;9.7500000e+01;-8.3189243e-03;9.7500000e+01;-1.3816301e-03;9.7500000e+01;1.1568828e-02;9.7500000e+01;2.9740060e-02;9.7500000e+01;5.2538719e-02;9.7500000e+01;7.8159481e-02;9.7500000e+01;1.0411187e-01;9.7500000e+01;1.2748089e-01;9.7500000e+01;1.4700511e-01;9.7500000e+01;1.6678980e-01;9.7500000e+01;1.9314647e-01;9.7500000e+01;2.1940246e-01;9.7500000e+01;2.3227181e-01;9.7500000e+01;2.1811298e-01;9.7500000e+01;1.8161419e-01;9.7500000e+01;1.3218114e-01;9.7500000e+01;8.1254199e-02;9.7500000e+01;3.4680098e-02;9.7500000e+01;-8.3189243e-03;9.7500000e+01;-1.3816301e-03;9.7500000e+01;1.1568828e-02;9.7500000e+01;2.9740060e-02;9.7500000e+01;5.2538719e-02;9.7500000e+01;7.8159481e-02;9.7500000e+01;1.0411187e-01;9.7500000e+01;1.2748089e-01;9.7500000e+01;1.4700511e-01;9.7500000e+01;1.6678980e-01;9.7500000e+01;1.9314647e-01;9.7500000e+01;2.1940246e-01;9.7500000e+01;2.3227181e-01;9.7500000e+01;2.1811298e-01;9.7500000e+01;1.8161419e-01;9.7500000e+01;1.3218114e-01;9.7500000e+01;8.1254199e-02;9.7500000e+01;3.4680098e-02;9.7500000e+01;-8.3189243e-03;9.7500000e+01;-1.3816301e-03;9.7500000e+01;1.1568828e-02;9.7500000e+01;2.9740060e-02;9.7500000e+01;5.2538719e-02;9.7500000e+01;7.8159481e-02;9.7500000e+01;1.0411187e-01;9.7500000e+01;1.2748089e-01;9.7500000e+01;1.4700511e-01;9.7500000e+01;1.6678980e-01;9.7500000e+01;1.9314647e-01;9.7500000e+01;2.1940246e-01;9.7500000e+01;2.3227181e-01;9.7500000e+01;2.1811298e-01;9.7500000e+01;1.8161419e-01;9.7500000e+01;1.3218114e-01;9.7500000e+01;8.1254199e-02;9.7500000e+01;3.4680098e-02;9.7500000e+01;-8.3189243e-03;9.7500000e+01;-1.3816301e-03;9.7500000e+01;1.1568828e-02;9.7500000e+01;2.9740060e-02;9.7500000e+01;5.2538719e-02;9.7500000e+01;7.8159481e-02;9.7500000e+01;1.0411187e-01;9.7500000e+01;1.2748089e-01;9.7500000e+01;1.4700511e-01;9.7500000e+01;1.6678980e-01;9.7500000e+01;1.9314647e-01;9.7500000e+01;2.1940246e-01;9.7500000e+01;2.3227181e-01;9.7500000e+01;2.1811298e-01;9.7500000e+01;1.8161419e-01;9.7500000e+01;1.3218114e-01;9.7500000e+01;8.1254199e-02;9.7500000e+01;3.4680098e-02;9.7500000e+01;-8.3189243e-03;9.7500000e+01;-1.3816301e-03;9.7500000e+01;1.1568828e-02;9.7500000e+01;2.9740060e-02;9.7500000e+01;5.2538719e-02;9.7500000e+01;7.8159481e-02;9.7500000e+01;1.0411187e-01;9.7500000e+01;1.2748089e-01;9.7500000e+01;1.4700511e-01;9.7500000e+01;1.6678980e-01;9.7500000e+01;1.9314647e-01;9.7500000e+01;2.1940246e-01;9.7500000e+01;2.3227181e-01;9.7500000e+01;2.1811298e-01;9.7500000e+01;1.8161419e-01;9.7500000e+01;1.3218114e-01;9.7500000e+01;8.1254199e-02;9.7500000e+01;3.4680098e-02;9.7500000e+01;-8.3189243e-03;9.7500000e+01;-1.3816301e-03;9.7500000e+01;1.1568828e-02;9.7500000e+01;2.9740060e-02;9.7500000e+01;5.2538719e-02;9.7500000e+01;7.8159481e-02;9.7500000e+01;1.0411187e-01;9.7500000e+01;1.2748089e-01;9.7500000e+01;1.4700511e-01;9.7500000e+01;1.6678980e-01;9.7500000e+01;1.9314647e-01;9.7500000e+01;2.1940246e-01;9.7500000e+01;2.3227181e-01;9.7500000e+01;2.1811298e-01;9.7500000e+01;1.8161419e-01;9.7500000e+01;1.3218114e-01;9.7500000e+01;8.1254199e-02;9.7500000e+01;3.4680098e-02;9.7500000e+01;-8.3189243e-03;9.7500000e+01;-1.3816301e-03;9.7500000e+01;1.1568828e-02;9.7500000e+01;2.9740060e-02;9.7500000e+01;5.2538719e-02;9.7500000e+01;7.8159481e-02;9.7500000e+01;1.0411187e-01;9.7500000e+01;1.2748089e-01;9.7500000e+01;1.4700511e-01;9.7500000e+01;1.6678980e-01;9.7500000e+01;1.9314647e-01;9.7500000e+01;2.1940246e-01;9.7500000e+01;2.3227181e-01;9.7500000e+01;2.1811298e-01;9.7500000e+01;1.8161419e-01;9.7500000e+01;1.3218114e-01;9.7500000e+01;8.1254199e-02;9.7500000e+01;3.4680098e-02;9.7500000e+01;-8.3189243e-03;9.7500000e+01;-1.3816301e-03;9.7500000e+01;1.1568828e-02;9.7500000e+01;2.9740060e-02;9.7500000e+01;5.2538719e-02;9.7500000e+01;7.8159481e-02;9.7500000e+01;1.0411187e-01;9.7500000e+01;1.2748089e-01;9.7500000e+01;1.4700511e-01;9.7500000e+01;1.6678980e-01;9.7500000e+01;1.9314647e-01;9.7500000e+01;2.1940246e-01;9.7500000e+01;2.3227181e-01;9.7500000e+01;2.1811298e-01;9.7500000e+01;1.8161419e-01;9.7500000e+01;1.3218114e-01;9.7500000e+01;8.1254199e-02;9.7500000e+01;3.4680098e-02;9.7500000e+01;-8.3189243e-03;9.7500000e+01;-1.3816301e-03;9.7500000e+01;1.1568828e-02;9.7500000e+01;2.9740060e-02;9.7500000e+01;5.2538719e-02;9.7500000e+01;7.8159481e-02;9.7500000e+01;1.0411187e-01;9.7500000e+01;1.2748089e-01;9.7500000e+01;1.4700511e-01;9.7500000e+01;1.6678980e-01;9.7500000e+01;1.9314647e-01;9.7500000e+01;2.1940246e-01;9.7500000e+01;2.3227181e-01;9.7500000e+01;2.1811298e-01;9.7500000e+01;1.8161419e-01;9.7500000e+01;1.3218114e-01;9.7500000e+01;8.1254199e-02;9.7500000e+01;3.4680098e-02;9.7500000e+01;-8.3189243e-03;9.7500000e+01;-1.3816301e-03;9.7500000e+01;1.1568828e-02;9.7500000e+01;2.9740060e-02;9.7500000e+01;5.2538719e-02;9.7500000e+01;7.8159481e-02;9.7500000e+01;1.0411187e-01;9.7500000e+01;1.2748089e-01;9.7500000e+01;1.4700511e-01;9.7500000e+01;1.6678980e-01;9.7500000e+01;1.9314647e-01;9.7500000e+01;2.1940246e-01;9.7500000e+01;2.3227181e-01;9.7500000e+01;2.1811298e-01;9.7500000e+01;1.8161419e-01;9.7500000e+01;1.3218114e-01;9.7500000e+01;8.1254199e-02;9.7500000e+01;3.4680098e-02;9.7500000e+01;-8.3189243e-03;9.7500000e+01;-1.3816301e-03;9.7500000e+01;1.1568828e-02;9.7500000e+01;2.9740060e-02;9.7500000e+01;5.2538719e-02;9.7500000e+01;7.8159481e-02;9.7500000e+01;1.0411187e-01;9.7500000e+01;1.2748089e-01;9.7500000e+01;1.4700511e-01;9.7500000e+01;1.6678980e-01;9.7500000e+01;1.9314647e-01;9.7500000e+01;2.1940246e-01;9.7500000e+01;2.3227181e-01;9.7500000e+01;2.1811298e-01;9.7500000e+01;1.8161419e-01;9.7500000e+01;1.3218114e-01;9.7500000e+01;8.1254199e-02;9.7500000e+01;3.4680098e-02;9.7500000e+01;-8.3189243e-03;9.7500000e+01;-1.3816301e-03;9.7500000e+01;1.1568828e-02;9.7500000e+01;2.9740060e-02;9.7500000e+01;5.2538719e-02;9.7500000e+01;7.8159481e-02;9.7500000e+01;1.0411187e-01;9.7500000e+01;1.2748089e-01;9.7500000e+01;1.4700511e-01;9.7500000e+01;1.6678980e-01;9.7500000e+01;1.9314647e-01;9.7500000e+01;2.1940246e-01;9.7500000e+01;2.3227181e-01;9.7500000e+01;2.1811298e-01;9.7500000e+01;1.8161419e-01;9.7500000e+01;1.3218114e-01;9.7500000e+01;8.1254199e-02;9.7500000e+01;3.4680098e-02;9.7500000e+01;-8.3189243e-03;9.7500000e+01;-1.3816301e-03;9.7500000e+01;1.1568828e-02;9.7500000e+01;2.9740060e-02;9.7500000e+01;5.2538719e-02;9.7500000e+01;7.8159481e-02;9.7500000e+01;1.0411187e-01;9.7500000e+01;1.2748089e-01;9.7500000e+01;1.4700511e-01;9.7500000e+01;1.6678980e-01;9.7500000e+01;1.9314647e-01;9.7500000e+01;2.1940246e-01;9.7500000e+01;2.3227181e-01;9.7500000e+01;2.1811298e-01;9.7500000e+01;1.8161419e-01;9.7500000e+01;1.3218114e-01;9.7500000e+01;8.1254199e-02;9.7500000e+01;3.4680098e-02;9.7500000e+01;-8.3189243e-03;9.7500000e+01;-1.3816301e-03;9.7500000e+01;1.1568828e-02;9.7500000e+01;2.9740060e-02;9.7500000e+01;5.2538719e-02;9.7500000e+01;7.8159481e-02;9.7500000e+01;1.0411187e-01;9.7500000e+01;1.2748089e-01;9.7500000e+01;1.4700511e-01;9.7500000e+01;1.6678980e-01;9.7500000e+01;1.9314647e-01;9.7500000e+01;2.1940246e-01;9.7500000e+01;2.3227181e-01;9.7500000e+01;2.1811298e-01;9.7500000e+01;1.8161419e-01;9.7500000e+01;1.3218114e-01;9.7500000e+01;8.1254199e-02;9.7500000e+01;3.4680098e-02;9.7500000e+01;-8.3189243e-03;9.7500000e+01;-1.3816301e-03;9.7500000e+01;1.1568828e-02;9.7500000e+01;2.9740060e-02;9.7500000e+01;5.2538719e-02;9.7500000e+01;7.8159481e-02;9.7500000e+01;1.0411187e-01;9.7500000e+01;1.2748089e-01;9.7500000e+01;1.4700511e-01;9.7500000e+01;1.6678980e-01;9.7500000e+01;1.9314647e-01;9.7500000e+01;2.1940246e-01;9.7500000e+01;2.3227181e-01;9.7500000e+01;2.1811298e-01;9.7500000e+01;1.8161419e-01;9.7500000e+01;1.3218114e-01;9.7500000e+01;8.1254199e-02;9.7500000e+01;3.4680098e-02;9.7500000e+01;-8.3189243e-03;9.7500000e+01;-1.3816301e-03;9.7500000e+01;1.1568828e-02;9.7500000e+01;2.9740060e-02;9.7500000e+01;5.2538719e-02;9.7500000e+01;7.8159481e-02;9.7500000e+01;1.0411187e-01;9.7500000e+01;1.2748089e-01;9.7500000e+01;1.4700511e-01;9.7500000e+01;1.6678980e-01;9.7500000e+01;1.9314647e-01;9.7500000e+01;2.1940246e-01;9.7500000e+01;2.3227181e-01;9.7500000e+01;2.1811298e-01;9.7500000e+01;1.8161419e-01;9.7500000e+01;1.3218114e-01;9.7500000e+01;8.1254199e-02;9.7500000e+01;3.4680098e-02;9.7500000e+01;-8.3189243e-03;9.7500000e+01;-1.3816301e-03;9.7500000e+01;1.1568828e-02;9.7500000e+01;2.9740060e-02;9.7500000e+01;5.2538719e-02;9.7500000e+01;7.8159481e-02;9.7500000e+01;1.0411187e-01;9.7500000e+01;1.2748089e-01;9.7500000e+01;1.4700511e-01;9.7500000e+01;1.6678980e-01;9.7500000e+01;1.9314647e-01;9.7500000e+01;2.1940246e-01;9.7500000e+01;2.3227181e-01;9.7500000e+01;2.1811298e-01;9.7500000e+01;1.8161419e-01;9.7500000e+01;1.3218114e-01;9.7500000e+01;8.1254199e-02;9.7500000e+01;3.4680098e-02;9.7500000e+01;-8.3189243e-03;9.7500000e+01;-1.3816301e-03;9.7500000e+01;1.1568828e-02;9.7500000e+01;2.9740060e-02;9.7500000e+01;5.2538719e-02;9.7500000e+01;7.8159481e-02;9.7500000e+01;1.0411187e-01;9.7500000e+01;1.2748089e-01;9.7500000e+01;1.4700511e-01;9.7500000e+01;1.6678980e-01;9.7500000e+01;1.9314647e-01;9.7500000e+01;2.1940246e-01;9.7500000e+01;2.3227181e-01;9.7500000e+01;2.1811298e-01;9.7500000e+01;1.8161419e-01;9.7500000e+01;1.3218114e-01;9.7500000e+01;8.1254199e-02;9.7500000e+01;3.4680098e-02;9.7500000e+01;-8.3189243e-03;9.7500000e+01;-1.3816301e-03;9.7500000e+01;1.1568828e-02;9.7500000e+01;2.9740060e-02;9.7500000e+01;5.2538719e-02;9.7500000e+01;7.8159481e-02;9.7500000e+01;1.0411187e-01;9.7500000e+01;1.2748089e-01;9.7500000e+01;1.4700511e-01;9.7500000e+01;1.6678980e-01;9.7500000e+01;1.9314647e-01;9.7500000e+01;2.1940246e-01;9.7500000e+01;2.3227181e-01;9.7500000e+01;2.1811298e-01;9.7500000e+01;1.8161419e-01;9.7500000e+01;1.3218114e-01;9.7500000e+01;8.1254199e-02;9.7500000e+01;3.4680098e-02;9.7500000e+01;-8.3189243e-03;9.7500000e+01;-1.3816301e-03;9.7500000e+01;1.1568828e-02;9.7500000e+01;2.9740060e-02;9.7500000e+01;5.2538719e-02;9.7500000e+01;7.8159481e-02;9.7500000e+01;1.0411187e-01;9.7500000e+01;1.2748089e-01;9.7500000e+01;1.4700511e-01;9.7500000e+01;1.6678980e-01;9.7500000e+01;1.9314647e-01;9.7500000e+01;2.1940246e-01;9.7500000e+01;2.3227181e-01;9.7500000e+01;2.1811298e-01;9.7500000e+01;1.8161419e-01;9.7500000e+01;1.3218114e-01;9.7500000e+01;8.1254199e-02;9.7500000e+01;3.4680098e-02;9.7500000e+01;-8.3189243e-03;9.7500000e+01;-1.3816301e-03;9.7500000e+01;1.1568828e-02;9.7500000e+01;2.9740060e-02;9.7500000e+01;5.2538719e-02;9.7500000e+01;7.8159481e-02;9.7500000e+01;1.0411187e-01;9.7500000e+01;1.2748089e-01;9.7500000e+01;1.4700511e-01;9.7500000e+01;1.6678980e-01;9.7500000e+01;1.9314647e-01;9.7500000e+01;2.1940246e-01;9.7500000e+01;2.3227181e-01;9.7500000e+01;2.1811298e-01;9.7500000e+01;1.8161419e-01;9.7500000e+01;1.3218114e-01;9.7500000e+01;8.1254199e-02;9.7500000e+01;3.4680098e-02;9.7500000e+01;-8.3189243e-03;9.7500000e+01;-1.3816301e-03;9.7500000e+01;1.1568828e-02;9.7500000e+01;2.9740060e-02;9.7500000e+01;5.2538719e-02;9.7500000e+01;7.8159481e-02;9.7500000e+01;1.0411187e-01;9.7500000e+01;1.2748089e-01;9.7500000e+01;1.4700511e-01;9.7500000e+01;1.6678980e-01;9.7500000e+01;1.9314647e-01;9.7500000e+01;2.1940246e-01;9.7500000e+01;2.3227181e-01;9.7500000e+01;2.1811298e-01;9.7500000e+01;1.8161419e-01;9.7500000e+01;1.3218114e-01;9.7500000e+01;8.1254199e-02;9.7500000e+01;3.4680098e-02;9.7500000e+01;-8.3189243e-03;9.7500000e+01;-1.3816301e-03;9.7500000e+01;1.1568828e-02;9.7500000e+01;2.9740060e-02;9.7500000e+01;5.2538719e-02;9.7500000e+01;7.8159481e-02;9.7500000e+01;1.0411187e-01;9.7500000e+01;1.2748089e-01;9.7500000e+01;1.4700511e-01;9.7500000e+01;1.6678980e-01;9.7500000e+01;1.9314647e-01;9.7500000e+01;2.1940246e-01;9.7500000e+01;2.3227181e-01;9.7500000e+01;2.1811298e-01;9.7500000e+01;1.8161419e-01;9.7500000e+01;1.3218114e-01;9.7500000e+01;8.1254199e-02;9.7500000e+01;3.4680098e-02;9.7500000e+01;-8.3189243e-03;9.7500000e+01;-1.3816301e-03;9.7500000e+01;1.1568828e-02;9.7500000e+01;2.9740060e-02;9.7500000e+01;5.2538719e-02;9.7500000e+01;7.8159481e-02;9.7500000e+01;1.0411187e-01;9.7500000e+01;1.2748089e-01;9.7500000e+01;1.4700511e-01;9.7500000e+01;1.6678980e-01;9.7500000e+01;1.9314647e-01;9.7500000e+01;2.1940246e-01;9.7500000e+01;2.3227181e-01;9.7500000e+01;2.1811298e-01;9.7500000e+01;1.8161419e-01;9.7500000e+01;1.3218114e-01;9.7500000e+01;8.1254199e-02;9.7500000e+01;3.4680098e-02;9.7500000e+01;-8.3189243e-03;9.7500000e+01;-1.3816301e-03;9.7500000e+01;1.1568828e-02;9.7500000e+01;2.9740060e-02;9.7500000e+01;5.2538719e-02;9.7500000e+01;7.8159481e-02;9.7500000e+01;1.0411187e-01;9.7500000e+01;1.2748089e-01;9.7500000e+01;1.4700511e-01;9.7500000e+01;1.6678980e-01;9.7500000e+01;1.9314647e-01;9.7500000e+01;2.1940246e-01;9.7500000e+01;2.3227181e-01;9.7500000e+01;2.1811298e-01;9.7500000e+01;1.8161419e-01;9.7500000e+01;1.3218114e-01;9.7500000e+01;8.1254199e-02;9.7500000e+01;3.4680098e-02;9.7500000e+01;-8.3189243e-03;9.7500000e+01;-1.3816301e-03;9.7500000e+01;1.1568828e-02;9.7500000e+01;2.9740060e-02;9.7500000e+01;5.2538719e-02;9.7500000e+01;7.8159481e-02;9.7500000e+01;1.0411187e-01;9.7500000e+01;1.2748089e-01;9.7500000e+01;1.4700511e-01;9.7500000e+01;1.6678980e-01;9.7500000e+01;1.9314647e-01;9.7500000e+01;2.1940246e-01;9.7500000e+01;2.3227181e-01;9.7500000e+01;2.1811298e-01;9.7500000e+01;1.8161419e-01;9.7500000e+01;1.3218114e-01;9.7500000e+01;8.1254199e-02;9.7500000e+01;3.4680098e-02;9.7500000e+01;-8.3189243e-03;9.7500000e+01;-1.3816301e-03;9.7500000e+01;1.1568828e-02;9.7500000e+01;2.9740060e-02;9.7500000e+01;5.2538719e-02;9.7500000e+01;7.8159481e-02;9.7500000e+01;1.0411187e-01;9.7500000e+01;1.2748089e-01;9.7500000e+01;1.4700511e-01;9.7500000e+01;1.6678980e-01;9.7500000e+01;1.9314647e-01;9.7500000e+01;2.1940246e-01;9.7500000e+01;2.3227181e-01;9.7500000e+01;2.1811298e-01;9.7500000e+01;1.8161419e-01;9.7500000e+01;1.3218114e-01;9.7500000e+01;8.1254199e-02;9.7500000e+01;3.4680098e-02;9.7500000e+01;-8.3189243e-03;9.7500000e+01;-1.3816301e-03;9.7500000e+01;1.1568828e-02;9.7500000e+01;2.9740060e-02;9.7500000e+01;5.2538719e-02;9.7500000e+01;7.8159481e-02;9.7500000e+01;1.0411187e-01;9.7500000e+01;1.2748089e-01;9.7500000e+01;1.4700511e-01;9.7500000e+01;1.6678980e-01;9.7500000e+01;1.9314647e-01;9.7500000e+01;2.1940246e-01;9.7500000e+01;2.3227181e-01;9.7500000e+01;2.1811298e-01;9.7500000e+01;1.8161419e-01;9.7500000e+01;1.3218114e-01;9.7500000e+01;8.1254199e-02;9.7500000e+01;3.4680098e-02;9.7500000e+01;-8.3189243e-03;9.7500000e+01;-1.3816301e-03;9.7500000e+01;1.1568828e-02;9.7500000e+01;2.9740060e-02;9.7500000e+01;5.2538719e-02;9.7500000e+01;7.8159481e-02;9.7500000e+01;1.0411187e-01;9.7500000e+01;1.2748089e-01;9.7500000e+01;1.4700511e-01;9.7500000e+01;1.6678980e-01;9.7500000e+01;1.9314647e-01;9.7500000e+01;2.1940246e-01;9.7500000e+01;2.3227181e-01;9.7500000e+01;2.1811298e-01;9.7500000e+01;1.8161419e-01;9.7500000e+01;1.3218114e-01;9.7500000e+01;8.1254199e-02;9.7500000e+01;3.4680098e-02;9.7500000e+01;-8.3189243e-03;9.7500000e+01;-1.3816301e-03;9.7500000e+01;1.1568828e-02;9.7500000e+01;2.9740060e-02;9.7500000e+01;5.2538719e-02;9.7500000e+01;7.8159481e-02;9.7500000e+01;1.0411187e-01;9.7500000e+01;1.2748089e-01;9.7500000e+01;1.4700511e-01;9.7500000e+01;1.6678980e-01;9.7500000e+01;1.9314647e-01;9.7500000e+01;2.1940246e-01;9.7500000e+01;2.3227181e-01;9.7500000e+01;2.1811298e-01;9.7500000e+01;1.8161419e-01;9.7500000e+01;1.3218114e-01;9.7500000e+01;8.1254199e-02;9.7500000e+01;3.4680098e-02;9.7500000e+01;-8.3189243e-03;9.7500000e+01;-1.3816301e-03;9.7500000e+01;1.1568828e-02;9.7500000e+01;2.9740060e-02;9.7500000e+01;5.2538719e-02;9.7500000e+01;7.8159481e-02;9.7500000e+01;1.0411187e-01;9.7500000e+01;1.2748089e-01;9.7500000e+01;1.4700511e-01;9.7500000e+01;1.6678980e-01;9.7500000e+01;1.9314647e-01;9.7500000e+01;2.1940246e-01;9.7500000e+01;2.3227181e-01;9.7500000e+01;2.1811298e-01;9.7500000e+01;1.8161419e-01;9.7500000e+01;1.3218114e-01;9.7500000e+01;8.1254199e-02;9.7500000e+01;3.4680098e-02;9.7500000e+01;-8.3189243e-03;9.7500000e+01;-1.3816301e-03;9.7500000e+01;1.1568828e-02;9.7500000e+01;2.9740060e-02;9.7500000e+01;5.2538719e-02;9.7500000e+01;7.8159481e-02;9.7500000e+01;1.0411187e-01;9.7500000e+01;1.2748089e-01;9.7500000e+01;1.4700511e-01;9.7500000e+01;1.6678980e-01;9.7500000e+01;1.9314647e-01;9.7500000e+01;2.1940246e-01;9.7500000e+01;2.3227181e-01;9.7500000e+01;2.1811298e-01;9.7500000e+01;1.8161419e-01;9.7500000e+01;1.3218114e-01;9.7500000e+01;8.1254199e-02;9.7500000e+01;3.4680098e-02;9.7500000e+01;-8.3189243e-03;9.7500000e+01;-1.3816301e-03;9.7500000e+01;1.1568828e-02;9.7500000e+01;2.9740060e-02;9.7500000e+01;5.2538719e-02;9.7500000e+01;7.8159481e-02;9.7500000e+01;1.0411187e-01;9.7500000e+01;1.2748089e-01;9.7500000e+01;1.4700511e-01;9.7500000e+01;1.6678980e-01;9.7500000e+01;1.9314647e-01;9.7500000e+01;2.1940246e-01;9.7500000e+01;2.3227181e-01;9.7500000e+01;2.1811298e-01;9.7500000e+01;1.8161419e-01;9.7500000e+01;1.3218114e-01;9.7500000e+01;8.1254199e-02;9.7500000e+01;3.4680098e-02;9.7500000e+01;-8.3189243e-03;9.7500000e+01;-1.3816301e-03;9.7500000e+01;1.1568828e-02;9.7500000e+01;2.9740060e-02;9.7500000e+01;5.2538719e-02;9.7500000e+01;7.8159481e-02;9.7500000e+01;1.0411187e-01;9.7500000e+01;1.2748089e-01;9.7500000e+01;1.4700511e-01;9.7500000e+01;1.6678980e-01;9.7500000e+01;1.9314647e-01;9.7500000e+01;2.1940246e-01;9.7500000e+01;2.3227181e-01;9.7500000e+01;2.1811298e-01;9.7500000e+01;1.8161419e-01;9.7500000e+01;1.3218114e-01;9.7500000e+01;8.1254199e-02;9.7500000e+01;3.4680098e-02;9.7500000e+01;-8.3189243e-03;9.7500000e+01;-1.3816301e-03;9.7500000e+01;1.1568828e-02;9.7500000e+01;2.9740060e-02;9.7500000e+01;5.2538719e-02;9.7500000e+01;7.8159481e-02;9.7500000e+01;1.0411187e-01;9.7500000e+01;1.2748089e-01;9.7500000e+01;1.4700511e-01;9.7500000e+01;1.6678980e-01;9.7500000e+01;1.9314647e-01;9.7500000e+01;2.1940246e-01;9.7500000e+01;2.3227181e-01;9.7500000e+01;2.1811298e-01;9.7500000e+01;1.8161419e-01;9.7500000e+01;1.3218114e-01;9.7500000e+01;8.1254199e-02;9.7500000e+01;3.4680098e-02;9.7500000e+01;-8.3189243e-03;9.7500000e+01;-1.3816301e-03;9.7500000e+01;1.1568828e-02;9.7500000e+01;2.9740060e-02;9.7500000e+01;5.2538719e-02;9.7500000e+01;7.8159481e-02;9.7500000e+01;1.0411187e-01;9.7500000e+01;1.2748089e-01;9.7500000e+01;1.4700511e-01;9.7500000e+01;1.6678980e-01;9.7500000e+01;1.9314647e-01;9.7500000e+01;2.1940246e-01;9.7500000e+01;2.3227181e-01;9.7500000e+01;2.1811298e-01;9.7500000e+01;1.8161419e-01;9.7500000e+01;1.3218114e-01;9.7500000e+01;8.1254199e-02;9.7500000e+01;3.4680098e-02;9.7500000e+01;-8.3189243e-03;9.7500000e+01;-1.3816301e-03;9.7500000e+01;1.1568828e-02;9.7500000e+01;2.9740060e-02;9.7500000e+01;5.2538719e-02;9.7500000e+01;7.8159481e-02;9.7500000e+01;1.0411187e-01;9.7500000e+01;1.2748089e-01;9.7500000e+01;1.4700511e-01;9.7500000e+01;1.6678980e-01;9.7500000e+01;1.9314647e-01;9.7500000e+01;2.1940246e-01;9.7500000e+01;2.3227181e-01;9.7500000e+01;2.1811298e-01;9.7500000e+01;1.8161419e-01;9.7500000e+01;1.3218114e-01;9.7500000e+01;8.1254199e-02;9.7500000e+01;3.4680098e-02;9.7500000e+01;-8.3189243e-03;9.7500000e+01;-1.3816301e-03;9.7500000e+01;1.1568828e-02;9.7500000e+01;2.9740060e-02;9.7500000e+01;5.2538719e-02;9.7500000e+01;7.8159481e-02;9.7500000e+01;1.0411187e-01;9.7500000e+01;1.2748089e-01;9.7500000e+01;1.4700511e-01;9.7500000e+01;1.6678980e-01;9.7500000e+01;1.9314647e-01;9.7500000e+01;2.1940246e-01;9.7500000e+01;2.3227181e-01;9.7500000e+01;2.1811298e-01;9.7500000e+01;1.8161419e-01;9.7500000e+01;1.3218114e-01;9.7500000e+01;8.1254199e-02;9.7500000e+01;3.4680098e-02;9.7500000e+01;-8.3189243e-03;9.7500000e+01;-1.3816301e-03;9.7500000e+01;1.1568828e-02;9.7500000e+01;2.9740060e-02;9.7500000e+01;5.2538719e-02;9.7500000e+01;7.8159481e-02;9.7500000e+01;1.0411187e-01;9.7500000e+01;1.2748089e-01;9.7500000e+01;1.4700511e-01;9.7500000e+01;1.6678980e-01;9.7500000e+01;1.9314647e-01;9.7500000e+01;2.1940246e-01;9.7500000e+01;2.3227181e-01;9.7500000e+01;2.1811298e-01;9.7500000e+01;1.8161419e-01;9.7500000e+01;1.3218114e-01;9.7500000e+01;8.1254199e-02;9.7500000e+01;3.4680098e-02;9.7500000e+01;-8.3189243e-03;9.7500000e+01;-1.3816301e-03;9.7500000e+01;1.1568828e-02;9.7500000e+01;2.9740060e-02;9.7500000e+01;5.2538719e-02;9.7500000e+01;7.8159481e-02;9.7500000e+01;1.0411187e-01;9.7500000e+01;1.2748089e-01;9.7500000e+01;1.4700511e-01;9.7500000e+01;1.6678980e-01;9.7500000e+01;1.9314647e-01;9.7500000e+01;2.1940246e-01;9.7500000e+01;2.3227181e-01;9.7500000e+01;2.1811298e-01;9.7500000e+01;1.8161419e-01;9.7500000e+01;1.3218114e-01;9.7500000e+01;8.1254199e-02;9.7500000e+01;3.4680098e-02;9.7500000e+01;-8.3189243e-03;9.7500000e+01;-1.3816301e-03;9.7500000e+01;1.1568828e-02;9.7500000e+01;2.9740060e-02;9.7500000e+01;5.2538719e-02;9.7500000e+01;7.8159481e-02;9.7500000e+01;1.0411187e-01;9.7500000e+01;1.2748089e-01;9.7500000e+01;1.4700511e-01;9.7500000e+01;1.6678980e-01;9.7500000e+01;1.9314647e-01;9.7500000e+01;2.1940246e-01;9.7500000e+01;2.3227181e-01;9.7500000e+01;2.1811298e-01;9.7500000e+01;1.8161419e-01;9.7500000e+01;1.3218114e-01;9.7500000e+01;8.1254199e-02;9.7500000e+01;3.4680098e-02;9.7500000e+01;-8.3189243e-03;9.7500000e+01;-1.3816301e-03;9.7500000e+01;1.1568828e-02;9.7500000e+01;2.9740060e-02;9.7500000e+01;5.2538719e-02;9.7500000e+01;7.8159481e-02;9.7500000e+01;1.0411187e-01;9.7500000e+01;1.2748089e-01;9.7500000e+01;1.4700511e-01;9.7500000e+01;1.6678980e-01;9.7500000e+01;1.9314647e-01;9.7500000e+01;2.1940246e-01;9.7500000e+01;2.3227181e-01;9.7500000e+01;2.1811298e-01;9.7500000e+01;1.8161419e-01;9.7500000e+01;1.3218114e-01;9.7500000e+01;8.1254199e-02;9.7500000e+01;3.4680098e-02;9.7500000e+01;-8.3189243e-03;9.7500000e+01;-1.3816301e-03;9.7500000e+01;1.1568828e-02;9.7500000e+01;2.9740060e-02;9.7500000e+01;5.2538719e-02;9.7500000e+01;7.8159481e-02;9.7500000e+01;1.0411187e-01;9.7500000e+01;1.2748089e-01;9.7500000e+01;1.4700511e-01;9.7500000e+01;1.6678980e-01;9.7500000e+01;1.9314647e-01;9.7500000e+01;2.1940246e-01;9.7500000e+01;2.3227181e-01;9.7500000e+01;2.1811298e-01;9.7500000e+01;1.8161419e-01;9.7500000e+01;1.3218114e-01;9.7500000e+01;8.1254199e-02;9.7500000e+01;3.4680098e-02;9.7500000e+01;-8.3189243e-03;9.7500000e+01;-1.3816301e-03;9.7500000e+01;1.1568828e-02;9.7500000e+01;2.9740060e-02;9.7500000e+01;5.2538719e-02;9.7500000e+01;7.8159481e-02;9.7500000e+01;1.0411187e-01;9.7500000e+01;1.2748089e-01;9.7500000e+01;1.4700511e-01;9.7500000e+01;1.6678980e-01;9.7500000e+01;1.9314647e-01;9.7500000e+01;2.1940246e-01;9.7500000e+01;2.3227181e-01;9.7500000e+01;2.1811298e-01;9.7500000e+01;1.8161419e-01;9.7500000e+01;1.3218114e-01;9.7500000e+01;8.1254199e-02;9.7500000e+01;3.4680098e-02;9.7500000e+01;-8.3189243e-03;9.7500000e+01;-1.3816301e-03;9.7500000e+01;1.1568828e-02;9.7500000e+01;2.9740060e-02;9.7500000e+01;5.2538719e-02;9.7500000e+01;7.8159481e-02;9.7500000e+01;1.0411187e-01;9.7500000e+01;1.2748089e-01;9.7500000e+01;1.4700511e-01;9.7500000e+01;1.6678980e-01;9.7500000e+01;1.9314647e-01;9.7500000e+01;2.1940246e-01;9.7500000e+01;2.3227181e-01;9.7500000e+01;2.1811298e-01;9.7500000e+01;1.8161419e-01;9.7500000e+01;1.3218114e-01;9.7500000e+01;8.1254199e-02;9.7500000e+01;3.4680098e-02;9.7500000e+01;-8.3189243e-03;9.7500000e+01;-1.3816301e-03;9.7500000e+01;1.1568828e-02;9.7500000e+01;2.9740060e-02;9.7500000e+01;5.2538719e-02;9.7500000e+01;7.8159481e-02;9.7500000e+01;1.0411187e-01;9.7500000e+01;1.2748089e-01;9.7500000e+01;1.4700511e-01;9.7500000e+01;1.6678980e-01;9.7500000e+01;1.9314647e-01;9.7500000e+01;2.1940246e-01;9.7500000e+01;2.3227181e-01;9.7500000e+01;2.1811298e-01;9.7500000e+01;1.8161419e-01;9.7500000e+01;1.3218114e-01;9.7500000e+01;8.1254199e-02;9.7500000e+01;3.4680098e-02;9.7500000e+01;-8.3189243e-03;9.7500000e+01;-1.3816301e-03;9.7500000e+01;1.1568828e-02;9.7500000e+01;2.9740060e-02;9.7500000e+01;5.2538719e-02;9.7500000e+01;7.8159481e-02;9.7500000e+01;1.0411187e-01;9.7500000e+01;1.2748089e-01;9.7500000e+01;1.4700511e-01;9.7500000e+01;1.6678980e-01;9.7500000e+01;1.9314647e-01;9.7500000e+01;2.1940246e-01;9.7500000e+01;2.3227181e-01;9.7500000e+01;2.1811298e-01;9.7500000e+01;1.8161419e-01;9.7500000e+01;1.3218114e-01;9.7500000e+01;8.1254199e-02;9.7500000e+01;3.4680098e-02;9.7500000e+01;-8.3189243e-03;9.7500000e+01;-1.3816301e-03;9.7500000e+01;1.1568828e-02;9.7500000e+01;2.9740060e-02;9.7500000e+01;5.2538719e-02;9.7500000e+01;7.8159481e-02;9.7500000e+01;1.0411187e-01;9.7500000e+01;1.2748089e-01;9.7500000e+01;1.4700511e-01;9.7500000e+01;1.6678980e-01;9.7500000e+01;1.9314647e-01;9.7500000e+01;2.1940246e-01;9.7500000e+01;2.3227181e-01;9.7500000e+01;2.1811298e-01;9.7500000e+01;1.8161419e-01;9.7500000e+01;1.3218114e-01;9.7500000e+01;8.1254199e-02;9.7500000e+01;3.4680098e-02;9.7500000e+01;-8.3189243e-03;9.7500000e+01;-1.3816301e-03;9.7500000e+01;1.1568828e-02;9.7500000e+01;2.9740060e-02;9.7500000e+01;5.2538719e-02;9.7500000e+01;7.8159481e-02;9.7500000e+01;1.0411187e-01;9.7500000e+01;1.2748089e-01;9.7500000e+01;1.4700511e-01;9.7500000e+01;1.6678980e-01;9.7500000e+01;1.9314647e-01;9.7500000e+01;2.1940246e-01;9.7500000e+01;2.3227181e-01;9.7500000e+01;2.1811298e-01;9.7500000e+01;1.8161419e-01;9.7500000e+01;1.3218114e-01;9.7500000e+01;8.1254199e-02;9.7500000e+01;3.4680098e-02;9.7500000e+01;-8.3189243e-03;9.7500000e+01;-1.3816301e-03;9.7500000e+01;1.1568828e-02;9.7500000e+01;2.9740060e-02;9.7500000e+01;5.2538719e-02;9.7500000e+01;7.8159481e-02;9.7500000e+01;1.0411187e-01;9.7500000e+01;1.2748089e-01;9.7500000e+01;1.4700511e-01;9.7500000e+01;1.6678980e-01;9.7500000e+01;1.9314647e-01;9.7500000e+01;2.1940246e-01;9.7500000e+01;2.3227181e-01;9.7500000e+01;2.1811298e-01;9.7500000e+01;1.8161419e-01;9.7500000e+01;1.3218114e-01;9.7500000e+01;8.1254199e-02;9.7500000e+01;3.4680098e-02;9.7500000e+01;-8.3189243e-03;9.7500000e+01;-1.3816301e-03;9.7500000e+01;1.1568828e-02;9.7500000e+01;2.9740060e-02;9.7500000e+01;5.2538719e-02;9.7500000e+01;7.8159481e-02;9.7500000e+01;1.0411187e-01;9.7500000e+01;1.2748089e-01;9.7500000e+01;1.4700511e-01;9.7500000e+01;1.6678980e-01;9.7500000e+01;1.9314647e-01;9.7500000e+01;2.1940246e-01;9.7500000e+01;2.3227181e-01;9.7500000e+01;2.1811298e-01;9.7500000e+01;1.8161419e-01;9.7500000e+01;1.3218114e-01;9.7500000e+01;8.1254199e-02;9.7500000e+01;3.4680098e-02;9.7500000e+01;-8.3189243e-03;9.7500000e+01;-1.3816301e-03;9.7500000e+01;1.1568828e-02;9.7500000e+01;2.9740060e-02;9.7500000e+01;5.2538719e-02;9.7500000e+01;7.8159481e-02;9.7500000e+01;1.0411187e-01;9.7500000e+01;1.2748089e-01;9.7500000e+01;1.4700511e-01;9.7500000e+01;1.6678980e-01;9.7500000e+01;1.9314647e-01;9.7500000e+01;2.1940246e-01;9.7500000e+01;2.3227181e-01;9.7500000e+01;2.1811298e-01;9.7500000e+01;1.8161419e-01;9.7500000e+01;1.3218114e-01;9.7500000e+01;8.1254199e-02;9.7500000e+01;3.4680098e-02;9.7500000e+01;-8.3189243e-03;9.7500000e+01;-1.3816301e-03;9.7500000e+01;1.1568828e-02;9.7500000e+01;2.9740060e-02;9.7500000e+01;5.2538719e-02;9.7500000e+01;7.8159481e-02;9.7500000e+01;1.0411187e-01;9.7500000e+01;1.2748089e-01;9.7500000e+01;1.4700511e-01;9.7500000e+01;1.6678980e-01;9.7500000e+01;1.9314647e-01;9.7500000e+01;2.1940246e-01;9.7500000e+01;2.3227181e-01;9.7500000e+01;2.1811298e-01;9.7500000e+01;1.8161419e-01;9.7500000e+01;1.3218114e-01;9.7500000e+01;8.1254199e-02;9.7500000e+01;3.4680098e-02;9.7500000e+01;-8.3189243e-03;9.7500000e+01;-1.3816301e-03;9.7500000e+01;1.1568828e-02;9.7500000e+01;2.9740060e-02;9.7500000e+01;5.2538719e-02;9.7500000e+01;7.8159481e-02;9.7500000e+01;1.0411187e-01;9.7500000e+01;1.2748089e-01;9.7500000e+01;1.4700511e-01;9.7500000e+01;1.6678980e-01;9.7500000e+01;1.9314647e-01;9.7500000e+01;2.1940246e-01;9.7500000e+01;2.3227181e-01;9.7500000e+01;2.1811298e-01;9.7500000e+01;1.8161419e-01;9.7500000e+01;1.3218114e-01;9.7500000e+01;8.1254199e-02;9.7500000e+01;3.4680098e-02;9.7500000e+01;-8.3189243e-03;9.7500000e+01;-1.3816301e-03;9.7500000e+01;1.1568828e-02;9.7500000e+01;2.9740060e-02;9.7500000e+01;5.2538719e-02;9.7500000e+01;7.8159481e-02;9.7500000e+01;1.0411187e-01;9.7500000e+01;1.2748089e-01;9.7500000e+01;1.4700511e-01;9.7500000e+01;1.6678980e-01;9.7500000e+01;1.9314647e-01;9.7500000e+01;2.1940246e-01;9.7500000e+01;2.3227181e-01;9.7500000e+01;2.1811298e-01;9.7500000e+01;1.8161419e-01;9.7500000e+01;1.3218114e-01;9.7500000e+01;8.1254199e-02;9.7500000e+01;3.4680098e-02;9.7500000e+01;-8.3189243e-03;9.7500000e+01;-1.3816301e-03;9.7500000e+01;1.1568828e-02;9.7500000e+01;2.9740060e-02;9.7500000e+01;5.2538719e-02;9.7500000e+01;7.8159481e-02;9.7500000e+01;1.0411187e-01;9.7500000e+01;1.2748089e-01;9.7500000e+01;1.4700511e-01;9.7500000e+01;1.6678980e-01;9.7500000e+01;1.9314647e-01;9.7500000e+01;2.1940246e-01;9.7500000e+01;2.3227181e-01;9.7500000e+01;2.1811298e-01;9.7500000e+01;1.8161419e-01;9.7500000e+01;1.3218114e-01;9.7500000e+01;8.1254199e-02;9.7500000e+01;3.4680098e-02;9.7500000e+01;-8.3189243e-03;9.7500000e+01;-1.3816301e-03;9.7500000e+01;1.1568828e-02;9.7500000e+01;2.9740060e-02;9.7500000e+01;5.2538719e-02;9.7500000e+01;7.8159481e-02;9.7500000e+01;1.0411187e-01;9.7500000e+01;1.2748089e-01;9.7500000e+01;1.4700511e-01;9.7500000e+01;1.6678980e-01;9.7500000e+01;1.9314647e-01;9.7500000e+01;2.1940246e-01;9.7500000e+01;2.3227181e-01;9.7500000e+01;2.1811298e-01;9.7500000e+01;1.8161419e-01;9.7500000e+01;1.3218114e-01;9.7500000e+01;8.1254199e-02;9.7500000e+01;3.4680098e-02;9.7500000e+01;-8.3189243e-03;9.7500000e+01;-1.3816301e-03;9.7500000e+01;1.1568828e-02;9.7500000e+01;2.9740060e-02;9.7500000e+01;5.2538719e-02;9.7500000e+01;7.8159481e-02;9.7500000e+01;1.0411187e-01;9.7500000e+01;1.2748089e-01;9.7500000e+01;1.4700511e-01;9.7500000e+01;1.6678980e-01;9.7500000e+01;1.9314647e-01;9.7500000e+01;2.1940246e-01;9.7500000e+01;2.3227181e-01;9.7500000e+01;2.1811298e-01;9.7500000e+01;1.8161419e-01;9.7500000e+01;1.3218114e-01;9.7500000e+01;8.1254199e-02;9.7500000e+01;3.4680098e-02;9.7500000e+01;-8.3189243e-03;9.7500000e+01;-1.3816301e-03;9.7500000e+01;1.1568828e-02;9.7500000e+01;2.9740060e-02;9.7500000e+01;5.2538719e-02;9.7500000e+01;7.8159481e-02;9.7500000e+01;1.0411187e-01;9.7500000e+01;1.2748089e-01;9.7500000e+01;1.4700511e-01;9.7500000e+01;1.6678980e-01;9.7500000e+01;1.9314647e-01;9.7500000e+01;2.1940246e-01;9.7500000e+01;2.3227181e-01;9.7500000e+01;2.1811298e-01;9.7500000e+01;1.8161419e-01;9.7500000e+01;1.3218114e-01;9.7500000e+01;8.1254199e-02;9.7500000e+01;3.4680098e-02;9.7500000e+01;-8.3189243e-03;9.7500000e+01;-1.3816301e-03;9.7500000e+01;1.1568828e-02;9.7500000e+01;2.9740060e-02;9.7500000e+01;5.2538719e-02;9.7500000e+01;7.8159481e-02;9.7500000e+01;1.0411187e-01;9.7500000e+01;1.2748089e-01;9.7500000e+01;1.4700511e-01;9.7500000e+01;1.6678980e-01;9.7500000e+01;1.9314647e-01;9.7500000e+01;2.1940246e-01;9.7500000e+01;2.3227181e-01;9.7500000e+01;2.1811298e-01;9.7500000e+01;1.8161419e-01;9.7500000e+01;1.3218114e-01;9.7500000e+01;8.1254199e-02;9.7500000e+01;3.4680098e-02;9.7500000e+01;-8.3189243e-03;9.7500000e+01;-1.3816301e-03;9.7500000e+01;1.1568828e-02;9.7500000e+01;2.9740060e-02;9.7500000e+01;5.2538719e-02;9.7500000e+01;7.8159481e-02;9.7500000e+01;1.0411187e-01;9.7500000e+01;1.2748089e-01;9.7500000e+01;1.4700511e-01;9.7500000e+01;1.6678980e-01;9.7500000e+01;1.9314647e-01;9.7500000e+01;2.1940246e-01;9.7500000e+01;2.3227181e-01;9.7500000e+01;2.1811298e-01;9.7500000e+01;1.8161419e-01;9.7500000e+01;1.3218114e-01;9.7500000e+01;8.1254199e-02;9.7500000e+01;3.4680098e-02;9.7500000e+01;-8.3189243e-03;9.7500000e+01;-1.3816301e-03;9.7500000e+01;1.1568828e-02;9.7500000e+01;2.9740060e-02;9.7500000e+01;5.2538719e-02;9.7500000e+01;7.8159481e-02;9.7500000e+01;1.0411187e-01;9.7500000e+01;1.2748089e-01;9.7500000e+01;1.4700511e-01;9.7500000e+01;1.6678980e-01;9.7500000e+01;1.9314647e-01;9.7500000e+01;2.1940246e-01;9.7500000e+01;2.3227181e-01;9.7500000e+01;2.1811298e-01;9.7500000e+01;1.8161419e-01;9.7500000e+01;1.3218114e-01;9.7500000e+01;8.1254199e-02;9.7500000e+01;3.4680098e-02;9.7500000e+01;-8.3189243e-03;9.7500000e+01;-1.3816301e-03;9.7500000e+01;1.1568828e-02;9.7500000e+01;2.9740060e-02;9.7500000e+01;5.2538719e-02;9.7500000e+01;7.8159481e-02;9.7500000e+01;1.0411187e-01;9.7500000e+01;1.2748089e-01;9.7500000e+01;1.4700511e-01;9.7500000e+01;1.6678980e-01;9.7500000e+01;1.9314647e-01;9.7500000e+01;2.1940246e-01;9.7500000e+01;2.3227181e-01;9.7500000e+01;2.1811298e-01;9.7500000e+01;1.8161419e-01;9.7500000e+01;1.3218114e-01;9.7500000e+01;8.1254199e-02;9.7500000e+01;3.4680098e-02;9.7500000e+01;-8.3189243e-03;9.7500000e+01;-1.3816301e-03;9.7500000e+01;1.1568828e-02;9.7500000e+01;2.9740060e-02;9.7500000e+01;5.2538719e-02;9.7500000e+01;7.8159481e-02;9.7500000e+01;1.0411187e-01;9.7500000e+01;1.2748089e-01;9.7500000e+01;1.4700511e-01;9.7500000e+01;1.6678980e-01;9.7500000e+01;1.9314647e-01;9.7500000e+01;2.1940246e-01;9.7500000e+01;2.3227181e-01;9.7500000e+01;2.1811298e-01;9.7500000e+01;1.8161419e-01;9.7500000e+01;1.3218114e-01;9.7500000e+01;8.1254199e-02;9.7500000e+01;3.4680098e-02;9.7500000e+01;-8.3189243e-03;9.7500000e+01;-1.3816301e-03;9.7500000e+01;1.1568828e-02;9.7500000e+01;2.9740060e-02;9.7500000e+01;5.2538719e-02;9.7500000e+01;7.8159481e-02;9.7500000e+01;1.0411187e-01;9.7500000e+01;1.2748089e-01;9.7500000e+01;1.4700511e-01;9.7500000e+01;1.6678980e-01;9.7500000e+01;1.9314647e-01;9.7500000e+01;2.1940246e-01;9.7500000e+01;2.3227181e-01;9.7500000e+01;2.1811298e-01;9.7500000e+01;1.8161419e-01;9.7500000e+01;1.3218114e-01;9.7500000e+01;8.1254199e-02;9.7500000e+01;3.4680098e-02;9.7500000e+01;-8.3189243e-03;9.7500000e+01;-1.3816301e-03;9.7500000e+01;1.1568828e-02;9.7500000e+01;2.9740060e-02;9.7500000e+01;5.2538719e-02;9.7500000e+01;7.8159481e-02;9.7500000e+01;1.0411187e-01;9.7500000e+01;1.2748089e-01;9.7500000e+01;1.4700511e-01;9.7500000e+01;1.6678980e-01;9.7500000e+01;1.9314647e-01;9.7500000e+01;2.1940246e-01;9.7500000e+01;2.3227181e-01;9.7500000e+01;2.1811298e-01;9.7500000e+01;1.8161419e-01;9.7500000e+01;1.3218114e-01;9.7500000e+01;8.1254199e-02;9.7500000e+01;3.4680098e-02;9.7500000e+01;-8.3189243e-03;9.7500000e+01;-1.3816301e-03;9.7500000e+01;1.1568828e-02;9.7500000e+01;2.9740060e-02;9.7500000e+01;5.2538719e-02;9.7500000e+01;7.8159481e-02;9.7500000e+01;1.0411187e-01;9.7500000e+01;1.2748089e-01;9.7500000e+01;1.4700511e-01;9.7500000e+01;1.6678980e-01;9.7500000e+01;1.9314647e-01;9.7500000e+01;2.1940246e-01;9.7500000e+01;2.3227181e-01;9.7500000e+01;2.1811298e-01;9.7500000e+01;1.8161419e-01;9.7500000e+01;1.3218114e-01;9.7500000e+01;8.1254199e-02;9.7500000e+01;3.4680098e-02;9.7500000e+01;-8.3189243e-03;9.7500000e+01;-1.3816301e-03;9.7500000e+01;1.1568828e-02;9.7500000e+01;2.9740060e-02;9.7500000e+01;5.2538719e-02;9.7500000e+01;7.8159481e-02;9.7500000e+01;1.0411187e-01;9.7500000e+01;1.2748089e-01;9.7500000e+01;1.4700511e-01;9.7500000e+01;1.6678980e-01;9.7500000e+01;1.9314647e-01;9.7500000e+01;2.1940246e-01;9.7500000e+01;2.3227181e-01;9.7500000e+01;2.1811298e-01;9.7500000e+01;1.8161419e-01;9.7500000e+01;1.3218114e-01;9.7500000e+01;8.1254199e-02;9.7500000e+01;3.4680098e-02;9.7500000e+01;-8.3189243e-03;9.7500000e+01;-1.3816301e-03;9.7500000e+01;1.1568828e-02;9.7500000e+01;2.9740060e-02;9.7500000e+01;5.2538719e-02;9.7500000e+01;7.8159481e-02;9.7500000e+01;1.0411187e-01;9.7500000e+01;1.2748089e-01;9.7500000e+01;1.4700511e-01;9.7500000e+01;1.6678980e-01;9.7500000e+01;1.9314647e-01;9.7500000e+01;2.1940246e-01;9.7500000e+01;2.3227181e-01;9.7500000e+01;2.1811298e-01;9.7500000e+01;1.8161419e-01;9.7500000e+01;1.3218114e-01;9.7500000e+01;8.1254199e-02;9.7500000e+01;3.4680098e-02;9.7500000e+01;-8.3189243e-03;9.7500000e+01;-1.3816301e-03;9.7500000e+01;1.1568828e-02;9.7500000e+01;2.9740060e-02;9.7500000e+01;5.2538719e-02;9.7500000e+01;7.8159481e-02;9.7500000e+01;1.0411187e-01;9.7500000e+01;1.2748089e-01;9.7500000e+01;1.4700511e-01;9.7500000e+01;1.6678980e-01;9.7500000e+01;1.9314647e-01;9.7500000e+01;2.1940246e-01;9.7500000e+01;2.3227181e-01;9.7500000e+01;2.1811298e-01;9.7500000e+01;1.8161419e-01;9.7500000e+01;1.3218114e-01;9.7500000e+01;8.1254199e-02;9.7500000e+01;3.4680098e-02;9.7500000e+01;-8.3189243e-03;9.7500000e+01;-1.3816301e-03;9.7500000e+01;1.1568828e-02;9.7500000e+01;2.9740060e-02;9.7500000e+01;5.2538719e-02;9.7500000e+01;7.8159481e-02;9.7500000e+01;1.0411187e-01;9.7500000e+01;1.2748089e-01;9.7500000e+01;1.4700511e-01;9.7500000e+01;1.6678980e-01;9.7500000e+01;1.9314647e-01;9.7500000e+01;2.1940246e-01;9.7500000e+01;2.3227181e-01;9.7500000e+01;2.1811298e-01;9.7500000e+01;1.8161419e-01;9.7500000e+01;1.3218114e-01;9.7500000e+01;8.1254199e-02;9.7500000e+01;3.4680098e-02;9.7500000e+01;-8.3189243e-03;9.7500000e+01;-1.3816301e-03;9.7500000e+01;1.1568828e-02;9.7500000e+01;2.9740060e-02;9.7500000e+01;5.2538719e-02;9.7500000e+01;7.8159481e-02;9.7500000e+01;1.0411187e-01;9.7500000e+01;1.2748089e-01;9.7500000e+01;1.4700511e-01;9.7500000e+01;1.6678980e-01;9.7500000e+01;1.9314647e-01;9.7500000e+01;2.1940246e-01;9.7500000e+01;2.3227181e-01;9.7500000e+01;2.1811298e-01;9.7500000e+01;1.8161419e-01;9.7500000e+01;1.3218114e-01;9.7500000e+01;8.1254199e-02;9.7500000e+01;3.4680098e-02;9.7500000e+01;-8.3189243e-03;9.7500000e+01;-1.3816301e-03;9.7500000e+01;1.1568828e-02;9.7500000e+01;2.9740060e-02;9.7500000e+01;5.2538719e-02;9.7500000e+01;7.8159481e-02;9.7500000e+01;1.0411187e-01;9.7500000e+01;1.2748089e-01;9.7500000e+01;1.4700511e-01;9.7500000e+01;1.6678980e-01;9.7500000e+01;1.9314647e-01;9.7500000e+01;2.1940246e-01;9.7500000e+01;2.3227181e-01;9.7500000e+01;2.1811298e-01;9.7500000e+01;1.8161419e-01;9.7500000e+01;1.3218114e-01;9.7500000e+01;8.1254199e-02;9.7500000e+01;3.4680098e-02;9.7500000e+01;-8.3189243e-03;9.7500000e+01;-1.3816301e-03;9.7500000e+01;1.1568828e-02;9.7500000e+01;2.9740060e-02;9.7500000e+01;5.2538719e-02;9.7500000e+01;7.8159481e-02;9.7500000e+01;1.0411187e-01;9.7500000e+01;1.2748089e-01;9.7500000e+01;1.4700511e-01;9.7500000e+01;1.6678980e-01;9.7500000e+01;1.9314647e-01;9.7500000e+01;2.1940246e-01;9.7500000e+01;2.3227181e-01;9.7500000e+01;2.1811298e-01;9.7500000e+01;1.8161419e-01;9.7500000e+01;1.3218114e-01;9.7500000e+01;8.1254199e-02;9.7500000e+01;3.4680098e-02;9.7500000e+01;-8.3189243e-03;9.7500000e+01;-1.3816301e-03;9.7500000e+01;1.1568828e-02;9.7500000e+01;2.9740060e-02;9.7500000e+01;5.2538719e-02;9.7500000e+01;7.8159481e-02;9.7500000e+01;1.0411187e-01;9.7500000e+01;1.2748089e-01;9.7500000e+01;1.4700511e-01;9.7500000e+01;1.6678980e-01;9.7500000e+01;1.9314647e-01;9.7500000e+01;2.1940246e-01;9.7500000e+01;2.3227181e-01;9.7500000e+01;2.1811298e-01;9.7500000e+01;1.8161419e-01;9.7500000e+01;1.3218114e-01;9.7500000e+01;8.1254199e-02;9.7500000e+01;3.4680098e-02;9.7500000e+01;-8.3189243e-03;9.7500000e+01;-1.3816301e-03;9.7500000e+01;1.1568828e-02;9.7500000e+01;2.9740060e-02;9.7500000e+01;5.2538719e-02;9.7500000e+01;7.8159481e-02;9.7500000e+01;1.0411187e-01;9.7500000e+01;1.2748089e-01;9.7500000e+01;1.4700511e-01;9.7500000e+01;1.6678980e-01;9.7500000e+01;1.9314647e-01;9.7500000e+01;2.1940246e-01;9.7500000e+01;2.3227181e-01;9.7500000e+01;2.1811298e-01;9.7500000e+01;1.8161419e-01;9.7500000e+01;1.3218114e-01;9.7500000e+01;8.1254199e-02;9.7500000e+01;3.4680098e-02;9.7500000e+01;-8.3189243e-03;9.7500000e+01;-1.3816301e-03;9.7500000e+01;1.1568828e-02;9.7500000e+01;2.9740060e-02;9.7500000e+01;5.2538719e-02;9.7500000e+01;7.8159481e-02;9.7500000e+01;1.0411187e-01;9.7500000e+01;1.2748089e-01;9.7500000e+01;1.4700511e-01;9.7500000e+01;1.6678980e-01;9.7500000e+01;1.9314647e-01;9.7500000e+01;2.1940246e-01;9.7500000e+01;2.3227181e-01;9.7500000e+01;2.1811298e-01;9.7500000e+01;1.8161419e-01;9.7500000e+01;1.3218114e-01;9.7500000e+01;8.1254199e-02;9.7500000e+01;3.4680098e-02;9.7500000e+01;-8.3189243e-03;9.7500000e+01;-1.3816301e-03;9.7500000e+01;1.1568828e-02;9.7500000e+01;2.9740060e-02;9.7500000e+01;5.2538719e-02;9.7500000e+01;7.8159481e-02;9.7500000e+01;1.0411187e-01;9.7500000e+01;1.2748089e-01;9.7500000e+01;1.4700511e-01;9.7500000e+01;1.6678980e-01;9.7500000e+01;1.9314647e-01;9.7500000e+01;2.1940246e-01;9.7500000e+01;2.3227181e-01;9.7500000e+01;2.1811298e-01;9.7500000e+01;1.8161419e-01;9.7500000e+01;1.3218114e-01;9.7500000e+01;8.1254199e-02;9.7500000e+01;3.4680098e-02;9.7500000e+01;-8.3189243e-03;9.7500000e+01;-1.3816301e-03;9.7500000e+01;1.1568828e-02;9.7500000e+01;2.9740060e-02;9.7500000e+01;5.2538719e-02;9.7500000e+01;7.8159481e-02;9.7500000e+01;1.0411187e-01;9.7500000e+01;1.2748089e-01;9.7500000e+01;1.4700511e-01;9.7500000e+01;1.6678980e-01;9.7500000e+01;1.9314647e-01;9.7500000e+01;2.1940246e-01;9.7500000e+01;2.3227181e-01;9.7500000e+01;2.1811298e-01;9.7500000e+01;1.8161419e-01;9.7500000e+01;1.3218114e-01;9.7500000e+01;8.1254199e-02;9.7500000e+01;3.4680098e-02;9.7500000e+01;-8.3189243e-03;9.7500000e+01;-1.3816301e-03;9.7500000e+01;1.1568828e-02;9.7500000e+01;2.9740060e-02;9.7500000e+01;5.2538719e-02;9.7500000e+01;7.8159481e-02;9.7500000e+01;1.0411187e-01;9.7500000e+01;1.2748089e-01;9.7500000e+01;1.4700511e-01;9.7500000e+01;1.6678980e-01;9.7500000e+01;1.9314647e-01;9.7500000e+01;2.1940246e-01;9.7500000e+01;2.3227181e-01;9.7500000e+01;2.1811298e-01;9.7500000e+01;1.8161419e-01;9.7500000e+01;1.3218114e-01;9.7500000e+01;8.1254199e-02;9.7500000e+01;3.4680098e-02;9.7500000e+01;-8.3189243e-03;9.7500000e+01;-1.3816301e-03;9.7500000e+01;1.1568828e-02;9.7500000e+01;2.9740060e-02;9.7500000e+01;5.2538719e-02;9.7500000e+01;7.8159481e-02;9.7500000e+01;1.0411187e-01;9.7500000e+01;1.2748089e-01;9.7500000e+01;1.4700511e-01;9.7500000e+01;1.6678980e-01;9.7500000e+01;1.9314647e-01;9.7500000e+01;2.1940246e-01;9.7500000e+01;2.3227181e-01;9.7500000e+01;2.1811298e-01;9.7500000e+01;1.8161419e-01;9.7500000e+01;1.3218114e-01;9.7500000e+01;8.1254199e-02;9.7500000e+01;3.4680098e-02;9.7500000e+01;-8.3189243e-03;9.7500000e+01;-1.3816301e-03;9.7500000e+01;1.1568828e-02;9.7500000e+01;2.9740060e-02;9.7500000e+01;5.2538719e-02;9.7500000e+01;7.8159481e-02;9.7500000e+01;1.0411187e-01;9.7500000e+01;1.2748089e-01;9.7500000e+01;1.4700511e-01;9.7500000e+01;1.6678980e-01;9.7500000e+01;1.9314647e-01;9.7500000e+01;2.1940246e-01;9.7500000e+01;2.3227181e-01;9.7500000e+01;2.1811298e-01;9.7500000e+01;1.8161419e-01;9.7500000e+01;1.3218114e-01;9.7500000e+01;8.1254199e-02;9.7500000e+01;3.4680098e-02;9.7500000e+01;-8.3189243e-03;9.7500000e+01;-1.3816301e-03;9.7500000e+01;1.1568828e-02;9.7500000e+01;2.9740060e-02;9.7500000e+01;5.2538719e-02;9.7500000e+01;7.8159481e-02;9.7500000e+01;1.0411187e-01;9.7500000e+01;1.2748089e-01;9.7500000e+01;1.4700511e-01;9.7500000e+01;1.6678980e-01;9.7500000e+01;1.9314647e-01;9.7500000e+01;2.1940246e-01;9.7500000e+01;2.3227181e-01;9.7500000e+01;2.1811298e-01;9.7500000e+01;1.8161419e-01;9.7500000e+01;1.3218114e-01;9.7500000e+01;8.1254199e-02;9.7500000e+01;3.4680098e-02;9.7500000e+01;-8.3189243e-03;9.7500000e+01;-1.3816301e-03;9.7500000e+01;1.1568828e-02;9.7500000e+01;2.9740060e-02;9.7500000e+01;5.2538719e-02;9.7500000e+01;7.8159481e-02;9.7500000e+01;1.0411187e-01;9.7500000e+01;1.2748089e-01;9.7500000e+01;1.4700511e-01;9.7500000e+01;1.6678980e-01;9.7500000e+01;1.9314647e-01;9.7500000e+01;2.1940246e-01;9.7500000e+01;2.3227181e-01;9.7500000e+01;2.1811298e-01;9.7500000e+01;1.8161419e-01;9.7500000e+01;1.3218114e-01;9.7500000e+01;8.1254199e-02;9.7500000e+01;3.4680098e-02;9.7500000e+01;-8.3189243e-03;9.7500000e+01;-1.3816301e-03;9.7500000e+01;1.1568828e-02;9.7500000e+01;2.9740060e-02;9.7500000e+01;5.2538719e-02;9.7500000e+01;7.8159481e-02;9.7500000e+01;1.0411187e-01;9.7500000e+01;1.2748089e-01;9.7500000e+01;1.4700511e-01;9.7500000e+01;1.6678980e-01;9.7500000e+01;1.9314647e-01;9.7500000e+01;2.1940246e-01;9.7500000e+01;2.3227181e-01;9.7500000e+01;2.1811298e-01;9.7500000e+01;1.8161419e-01;9.7500000e+01;1.3218114e-01;9.7500000e+01;8.1254199e-02;9.7500000e+01;3.4680098e-02;9.7500000e+01;-8.3189243e-03;9.7500000e+01;-1.3816301e-03;9.7500000e+01;1.1568828e-02;9.7500000e+01;2.9740060e-02;9.7500000e+01;5.2538719e-02;9.7500000e+01;7.8159481e-02;9.7500000e+01;1.0411187e-01;9.7500000e+01;1.2748089e-01;9.7500000e+01;1.4700511e-01;9.7500000e+01;1.6678980e-01;9.7500000e+01;1.9314647e-01;9.7500000e+01;2.1940246e-01;9.7500000e+01;2.3227181e-01;9.7500000e+01;2.1811298e-01;9.7500000e+01;1.8161419e-01;9.7500000e+01;1.3218114e-01;9.7500000e+01;8.1254199e-02;9.7500000e+01;3.4680098e-02;9.7500000e+01;-8.3189243e-03;9.7500000e+01;-1.3816301e-03;9.7500000e+01;1.1568828e-02;9.7500000e+01;2.9740060e-02;9.7500000e+01;5.2538719e-02;9.7500000e+01;7.8159481e-02;9.7500000e+01;1.0411187e-01;9.7500000e+01;1.2748089e-01;9.7500000e+01;1.4700511e-01;9.7500000e+01;1.6678980e-01;9.7500000e+01;1.9314647e-01;9.7500000e+01;2.1940246e-01;9.7500000e+01;2.3227181e-01;9.7500000e+01;2.1811298e-01;9.7500000e+01;1.8161419e-01;9.7500000e+01;1.3218114e-01;9.7500000e+01;8.1254199e-02;9.7500000e+01;3.4680098e-02;9.7500000e+01;-8.3189243e-03;9.7500000e+01;-1.3816301e-03;9.7500000e+01;1.1568828e-02;9.7500000e+01;2.9740060e-02;9.7500000e+01;5.2538719e-02;9.7500000e+01;7.8159481e-02;9.7500000e+01;1.0411187e-01;9.7500000e+01;1.2748089e-01;9.7500000e+01;1.4700511e-01;9.7500000e+01;1.6678980e-01;9.7500000e+01;1.9314647e-01;9.7500000e+01;2.1940246e-01;9.7500000e+01;2.3227181e-01;9.7500000e+01;2.1811298e-01;9.7500000e+01;1.8161419e-01;9.7500000e+01;1.3218114e-01;9.7500000e+01;8.1254199e-02;9.7500000e+01;3.4680098e-02;9.7500000e+01;-8.3189243e-03;9.7500000e+01;-1.3816301e-03;9.7500000e+01;1.1568828e-02;9.7500000e+01;2.9740060e-02;9.7500000e+01;5.2538719e-02;9.7500000e+01;7.8159481e-02;9.7500000e+01;1.0411187e-01;9.7500000e+01;1.2748089e-01;9.7500000e+01;1.4700511e-01;9.7500000e+01;1.6678980e-01;9.7500000e+01;1.9314647e-01;9.7500000e+01;2.1940246e-01;9.7500000e+01;2.3227181e-01;9.7500000e+01;2.1811298e-01;9.7500000e+01;1.8161419e-01;9.7500000e+01;1.3218114e-01;9.7500000e+01;8.1254199e-02;9.7500000e+01;3.4680098e-02;9.7500000e+01;-8.3189243e-03;9.7500000e+01;-1.3816301e-03;9.7500000e+01;1.1568828e-02;9.7500000e+01;2.9740060e-02;9.7500000e+01;5.2538719e-02;9.7500000e+01;7.8159481e-02;9.7500000e+01;1.0411187e-01;9.7500000e+01;1.2748089e-01;9.7500000e+01;1.4700511e-01;9.7500000e+01;1.6678980e-01;9.7500000e+01;1.9314647e-01;9.7500000e+01;2.1940246e-01;9.7500000e+01;2.3227181e-01;9.7500000e+01;2.1811298e-01;9.7500000e+01;1.8161419e-01;9.7500000e+01;1.3218114e-01;9.7500000e+01;8.1254199e-02;9.7500000e+01;3.4680098e-02;9.7500000e+01;-8.3189243e-03;9.7500000e+01;-1.3816301e-03;9.7500000e+01;1.1568828e-02;9.7500000e+01;2.9740060e-02;9.7500000e+01;5.2538719e-02;9.7500000e+01;7.8159481e-02;9.7500000e+01;1.0411187e-01;9.7500000e+01;1.2748089e-01;9.7500000e+01;1.4700511e-01;9.7500000e+01;1.6678980e-01;9.7500000e+01;1.9314647e-01;9.7500000e+01;2.1940246e-01;9.7500000e+01;2.3227181e-01;9.7500000e+01;2.1811298e-01;9.7500000e+01;1.8161419e-01;9.7500000e+01;1.3218114e-01;9.7500000e+01;8.1254199e-02;9.7500000e+01;3.4680098e-02;9.7500000e+01;-8.3189243e-03;9.7500000e+01;-1.3816301e-03;9.7500000e+01;1.1568828e-02;9.7500000e+01;2.9740060e-02;9.7500000e+01;5.2538719e-02;9.7500000e+01;7.8159481e-02;9.7500000e+01;1.0411187e-01;9.7500000e+01;1.2748089e-01;9.7500000e+01;1.4700511e-01;9.7500000e+01;1.6678980e-01;9.7500000e+01;1.9314647e-01;9.7500000e+01;2.1940246e-01;9.7500000e+01;2.3227181e-01;9.7500000e+01;2.1811298e-01;9.7500000e+01;1.8161419e-01;9.7500000e+01;1.3218114e-01;9.7500000e+01;8.1254199e-02;9.7500000e+01;3.4680098e-02;9.7500000e+01;-8.3189243e-03;9.7500000e+01;-1.3816301e-03;9.7500000e+01;1.1568828e-02;9.7500000e+01;2.9740060e-02;9.7500000e+01;5.2538719e-02;9.7500000e+01;7.8159481e-02;9.7500000e+01;1.0411187e-01;9.7500000e+01;1.2748089e-01;9.7500000e+01;1.4700511e-01;9.7500000e+01;1.6678980e-01;9.7500000e+01;1.9314647e-01;9.7500000e+01;2.1940246e-01;9.7500000e+01;2.3227181e-01;9.7500000e+01;2.1811298e-01;9.7500000e+01;1.8161419e-01;9.7500000e+01;1.3218114e-01;9.7500000e+01;8.1254199e-02;9.7500000e+01;3.4680098e-02;9.7500000e+01;-8.3189243e-03;9.7500000e+01;-1.3816301e-03;9.7500000e+01;1.1568828e-02;9.7500000e+01;2.9740060e-02;9.7500000e+01;5.2538719e-02;9.7500000e+01;7.8159481e-02;9.7500000e+01;1.0411187e-01;9.7500000e+01;1.2748089e-01;9.7500000e+01;1.4700511e-01;9.7500000e+01;1.6678980e-01;9.7500000e+01;1.9314647e-01;9.7500000e+01;2.1940246e-01;9.7500000e+01;2.3227181e-01;9.7500000e+01;2.1811298e-01;9.7500000e+01;1.8161419e-01;9.7500000e+01;1.3218114e-01;9.7500000e+01;8.1254199e-02;9.7500000e+01;3.4680098e-02;9.7500000e+01;-8.3189243e-03;9.7500000e+01;-1.3816301e-03;9.7500000e+01;1.1568828e-02;9.7500000e+01;2.9740060e-02;9.7500000e+01;5.2538719e-02;9.7500000e+01;7.8159481e-02;9.7500000e+01;1.0411187e-01;9.7500000e+01;1.2748089e-01;9.7500000e+01;1.4700511e-01;9.7500000e+01;1.6678980e-01;9.7500000e+01;1.9314647e-01;9.7500000e+01;2.1940246e-01;9.7500000e+01;2.3227181e-01;9.7500000e+01;2.1811298e-01;9.7500000e+01;1.8161419e-01;9.7500000e+01;1.3218114e-01;9.7500000e+01;8.1254199e-02;9.7500000e+01;3.4680098e-02;9.7500000e+01;-8.3189243e-03;9.7500000e+01;-1.3816301e-03;9.7500000e+01;1.1568828e-02;9.7500000e+01;2.9740060e-02;9.7500000e+01;5.2538719e-02;9.7500000e+01;7.8159481e-02;9.7500000e+01;1.0411187e-01;9.7500000e+01;1.2748089e-01;9.7500000e+01;1.4700511e-01;9.7500000e+01;1.6678980e-01;9.7500000e+01;1.9314647e-01;9.7500000e+01;2.1940246e-01;9.7500000e+01;2.3227181e-01;9.7500000e+01;2.1811298e-01;9.7500000e+01;1.8161419e-01;9.7500000e+01;1.3218114e-01;9.7500000e+01;8.1254199e-02;9.7500000e+01;3.4680098e-02;9.7500000e+01;-8.3189243e-03;9.7500000e+01;-1.3816301e-03;9.7500000e+01;1.1568828e-02;9.7500000e+01;2.9740060e-02;9.7500000e+01;5.2538719e-02;9.7500000e+01;7.8159481e-02;9.7500000e+01;1.0411187e-01;9.7500000e+01;1.2748089e-01;9.7500000e+01;1.4700511e-01;9.7500000e+01;1.6678980e-01;9.7500000e+01;1.9314647e-01;9.7500000e+01;2.1940246e-01;9.7500000e+01;2.3227181e-01;9.7500000e+01;2.1811298e-01;9.7500000e+01;1.8161419e-01;9.7500000e+01;1.3218114e-01;9.7500000e+01;8.1254199e-02;9.7500000e+01;3.4680098e-02;9.7500000e+01;-8.3189243e-03;9.7500000e+01;-1.3816301e-03;9.7500000e+01;1.1568828e-02;9.7500000e+01;2.9740060e-02;9.7500000e+01;5.2538719e-02;9.7500000e+01;7.8159481e-02;9.7500000e+01;1.0411187e-01;9.7500000e+01;1.2748089e-01;9.7500000e+01;1.4700511e-01;9.7500000e+01;1.6678980e-01;9.7500000e+01;1.9314647e-01;9.7500000e+01;2.1940246e-01;9.7500000e+01;2.3227181e-01;9.7500000e+01;2.1811298e-01;9.7500000e+01;1.8161419e-01;9.7500000e+01;1.3218114e-01;9.7500000e+01;8.1254199e-02;9.7500000e+01;3.4680098e-02;9.7500000e+01;-8.3189243e-03;9.7500000e+01;-1.3816301e-03;9.7500000e+01;1.1568828e-02;9.7500000e+01;2.9740060e-02;9.7500000e+01;5.2538719e-02;9.7500000e+01;7.8159481e-02;9.7500000e+01;1.0411187e-01;9.7500000e+01;1.2748089e-01;9.7500000e+01;1.4700511e-01;9.7500000e+01;1.6678980e-01;9.7500000e+01;1.9314647e-01;9.7500000e+01;2.1940246e-01;9.7500000e+01;2.3227181e-01;9.7500000e+01;2.1811298e-01;9.7500000e+01;1.8161419e-01;9.7500000e+01;1.3218114e-01;9.7500000e+01;8.1254199e-02;9.7500000e+01;3.4680098e-02;9.7500000e+01;-8.3189243e-03;9.7500000e+01;-1.3816301e-03;9.7500000e+01;1.1568828e-02;9.7500000e+01;2.9740060e-02;9.7500000e+01;5.2538719e-02;9.7500000e+01;7.8159481e-02;9.7500000e+01;1.0411187e-01;9.7500000e+01;1.2748089e-01;9.7500000e+01;1.4700511e-01;9.7500000e+01;1.6678980e-01;9.7500000e+01;1.9314647e-01;9.7500000e+01;2.1940246e-01;9.7500000e+01;2.3227181e-01;9.7500000e+01;2.1811298e-01;9.7500000e+01;1.8161419e-01;9.7500000e+01;1.3218114e-01;9.7500000e+01;8.1254199e-02;9.7500000e+01;3.4680098e-02;9.7500000e+01;-8.3189243e-03;9.7500000e+01;-1.3816301e-03;9.7500000e+01;1.1568828e-02;9.7500000e+01;2.9740060e-02;9.7500000e+01;5.2538719e-02;9.7500000e+01;7.8159481e-02;9.7500000e+01;1.0411187e-01;9.7500000e+01;1.2748089e-01;9.7500000e+01;1.4700511e-01;9.7500000e+01;1.6678980e-01;9.7500000e+01;1.9314647e-01;9.7500000e+01;2.1940246e-01;9.7500000e+01;2.3227181e-01;9.7500000e+01;2.1811298e-01;9.7500000e+01;1.8161419e-01;9.7500000e+01;1.3218114e-01;9.7500000e+01;8.1254199e-02;9.7500000e+01;3.4680098e-02;9.7500000e+01;-8.3189243e-03;9.7500000e+01;-1.3816301e-03;9.7500000e+01;1.1568828e-02;9.7500000e+01;2.9740060e-02;9.7500000e+01;5.2538719e-02;9.7500000e+01;7.8159481e-02;9.7500000e+01;1.0411187e-01;9.7500000e+01;1.2748089e-01;9.7500000e+01;1.4700511e-01;9.7500000e+01;1.6678980e-01;9.7500000e+01;1.9314647e-01;9.7500000e+01;2.1940246e-01;9.7500000e+01;2.3227181e-01;9.7500000e+01;2.1811298e-01;9.7500000e+01;1.8161419e-01;9.7500000e+01;1.3218114e-01;9.7500000e+01;8.1254199e-02;9.7500000e+01;3.4680098e-02;9.7500000e+01;-8.3189243e-03;9.7500000e+01;-1.3816301e-03;9.7500000e+01;1.1568828e-02;9.7500000e+01;2.9740060e-02;9.7500000e+01;5.2538719e-02;9.7500000e+01;7.8159481e-02;9.7500000e+01;1.0411187e-01;9.7500000e+01;1.2748089e-01;9.7500000e+01;1.4700511e-01;9.7500000e+01;1.6678980e-01;9.7500000e+01;1.9314647e-01;9.7500000e+01;2.1940246e-01;9.7500000e+01;2.3227181e-01;9.7500000e+01;2.1811298e-01;9.7500000e+01;1.8161419e-01;9.7500000e+01;1.3218114e-01;9.7500000e+01;8.1254199e-02;9.7500000e+01;3.4680098e-02;9.7500000e+01;-8.3189243e-03;9.7500000e+01;-1.3816301e-03;9.7500000e+01;1.1568828e-02;9.7500000e+01;2.9740060e-02;9.7500000e+01;5.2538719e-02;9.7500000e+01;7.8159481e-02;9.7500000e+01;1.0411187e-01;9.7500000e+01;1.2748089e-01;9.7500000e+01;1.4700511e-01;9.7500000e+01;1.6678980e-01;9.7500000e+01;1.9314647e-01;9.7500000e+01;2.1940246e-01;9.7500000e+01;2.3227181e-01;9.7500000e+01;2.1811298e-01;9.7500000e+01;1.8161419e-01;9.7500000e+01;1.3218114e-01;9.7500000e+01;8.1254199e-02;9.7500000e+01;3.4680098e-02;9.7500000e+01;-8.3189243e-03;9.7500000e+01;-1.3816301e-03;9.7500000e+01;1.1568828e-02;9.7500000e+01;2.9740060e-02;9.7500000e+01;5.2538719e-02;9.7500000e+01;7.8159481e-02;9.7500000e+01;1.0411187e-01;9.7500000e+01;1.2748089e-01;9.7500000e+01;1.4700511e-01;9.7500000e+01;1.6678980e-01;9.7500000e+01;1.9314647e-01;9.7500000e+01;2.1940246e-01;9.7500000e+01;2.3227181e-01;9.7500000e+01;2.1811298e-01;9.7500000e+01;1.8161419e-01;9.7500000e+01;1.3218114e-01;9.7500000e+01;8.1254199e-02;9.7500000e+01;3.4680098e-02;9.7500000e+01;-8.3189243e-03;9.7500000e+01;-1.3816301e-03;9.7500000e+01;1.1568828e-02;9.7500000e+01;2.9740060e-02;9.7500000e+01;5.2538719e-02;9.7500000e+01;7.8159481e-02;9.7500000e+01;1.0411187e-01;9.7500000e+01;1.2748089e-01;9.7500000e+01;1.4700511e-01;9.7500000e+01;1.6678980e-01;9.7500000e+01;1.9314647e-01;9.7500000e+01;2.1940246e-01;9.7500000e+01;2.3227181e-01;9.7500000e+01;2.1811298e-01;9.7500000e+01;1.8161419e-01;9.7500000e+01;1.3218114e-01;9.7500000e+01;8.1254199e-02;9.7500000e+01;3.4680098e-02;9.7500000e+01;-8.3189243e-03;9.7500000e+01;-1.3816301e-03;9.7500000e+01;1.1568828e-02;9.7500000e+01;2.9740060e-02;9.7500000e+01;5.2538719e-02;9.7500000e+01;7.8159481e-02;9.7500000e+01;1.0411187e-01;9.7500000e+01;1.2748089e-01;9.7500000e+01;1.4700511e-01;9.7500000e+01;1.6678980e-01;9.7500000e+01;1.9314647e-01;9.7500000e+01;2.1940246e-01;9.7500000e+01;2.3227181e-01;9.7500000e+01;2.1811298e-01;9.7500000e+01;1.8161419e-01;9.7500000e+01;1.3218114e-01;9.7500000e+01;8.1254199e-02;9.7500000e+01;3.4680098e-02;9.7500000e+01;-8.3189243e-03;9.7500000e+01;-1.3816301e-03;9.7500000e+01;1.1568828e-02;9.7500000e+01;2.9740060e-02;9.7500000e+01;5.2538719e-02;9.7500000e+01;7.8159481e-02;9.7500000e+01;1.0411187e-01;9.7500000e+01;1.2748089e-01;9.7500000e+01;1.4700511e-01;9.7500000e+01;1.6678980e-01;9.7500000e+01;1.9314647e-01;9.7500000e+01;2.1940246e-01;9.7500000e+01;2.3227181e-01;9.7500000e+01;2.1811298e-01;9.7500000e+01;1.8161419e-01;9.7500000e+01;1.3218114e-01;9.7500000e+01;8.1254199e-02;9.7500000e+01;3.4680098e-02;9.7500000e+01;-8.3189243e-03;9.7500000e+01;-1.3816301e-03;9.7500000e+01;1.1568828e-02;9.7500000e+01;2.9740060e-02;9.7500000e+01;5.2538719e-02;9.7500000e+01;7.8159481e-02;9.7500000e+01;1.0411187e-01;9.7500000e+01;1.2748089e-01;9.7500000e+01;1.4700511e-01;9.7500000e+01;1.6678980e-01;9.7500000e+01;1.9314647e-01;9.7500000e+01;2.1940246e-01;9.7500000e+01;2.3227181e-01;9.7500000e+01;2.1811298e-01;9.7500000e+01;1.8161419e-01;9.7500000e+01;1.3218114e-01;9.7500000e+01;8.1254199e-02;9.7500000e+01;3.4680098e-02;9.7500000e+01;-8.3189243e-03;9.7500000e+01;-1.3816301e-03;9.7500000e+01;1.1568828e-02;9.7500000e+01;2.9740060e-02;9.7500000e+01;5.2538719e-02;9.7500000e+01;7.8159481e-02;9.7500000e+01;1.0411187e-01;9.7500000e+01;1.2748089e-01;9.7500000e+01;1.4700511e-01;9.7500000e+01;1.6678980e-01;9.7500000e+01;1.9314647e-01;9.7500000e+01;2.1940246e-01;9.7500000e+01;2.3227181e-01;9.7500000e+01;2.1811298e-01;9.7500000e+01;1.8161419e-01;9.7500000e+01;1.3218114e-01;9.7500000e+01;8.1254199e-02;9.7500000e+01;3.4680098e-02;9.7500000e+01;-8.3189243e-03;9.7500000e+01;-1.3816301e-03;9.7500000e+01;1.1568828e-02;9.7500000e+01;2.9740060e-02;9.7500000e+01;5.2538719e-02;9.7500000e+01;7.8159481e-02;9.7500000e+01;1.0411187e-01;9.7500000e+01;1.2748089e-01;9.7500000e+01;1.4700511e-01;9.7500000e+01;1.6678980e-01;9.7500000e+01;1.9314647e-01;9.7500000e+01;2.1940246e-01;9.7500000e+01;2.3227181e-01;9.7500000e+01;2.1811298e-01;9.7500000e+01;1.8161419e-01;9.7500000e+01;1.3218114e-01;9.7500000e+01;8.1254199e-02;9.7500000e+01;3.4680098e-02;9.7500000e+01;-8.3189243e-03;9.7500000e+01;-1.3816301e-03;9.7500000e+01;1.1568828e-02;9.7500000e+01;2.9740060e-02;9.7500000e+01;5.2538719e-02;9.7500000e+01;7.8159481e-02;9.7500000e+01;1.0411187e-01;9.7500000e+01;1.2748089e-01;9.7500000e+01;1.4700511e-01;9.7500000e+01;1.6678980e-01;9.7500000e+01;1.9314647e-01;9.7500000e+01;2.1940246e-01;9.7500000e+01;2.3227181e-01;9.7500000e+01;2.1811298e-01;9.7500000e+01;1.8161419e-01;9.7500000e+01;1.3218114e-01;9.7500000e+01;8.1254199e-02;9.7500000e+01;3.4680098e-02;9.7500000e+01;-8.3189243e-03;9.7500000e+01;-1.3816301e-03;9.7500000e+01;1.1568828e-02;9.7500000e+01;2.9740060e-02;9.7500000e+01;5.2538719e-02;9.7500000e+01;7.8159481e-02;9.7500000e+01;1.0411187e-01;9.7500000e+01;1.2748089e-01;9.7500000e+01;1.4700511e-01;9.7500000e+01;1.6678980e-01;9.7500000e+01;1.9314647e-01;9.7500000e+01;2.1940246e-01;9.7500000e+01;2.3227181e-01;9.7500000e+01;2.1811298e-01;9.7500000e+01;1.8161419e-01;9.7500000e+01;1.3218114e-01;9.7500000e+01;8.1254199e-02;9.7500000e+01;3.4680098e-02;9.7500000e+01;-8.3189243e-03;9.7500000e+01;-1.3816301e-03;9.7500000e+01;1.1568828e-02;9.7500000e+01;2.9740060e-02;9.7500000e+01;5.2538719e-02;9.7500000e+01;7.8159481e-02;9.7500000e+01;1.0411187e-01;9.7500000e+01;1.2748089e-01;9.7500000e+01;1.4700511e-01;9.7500000e+01;1.6678980e-01;9.7500000e+01;1.9314647e-01;9.7500000e+01;2.1940246e-01;9.7500000e+01;2.3227181e-01;9.7500000e+01;2.1811298e-01;9.7500000e+01;1.8161419e-01;9.7500000e+01;1.3218114e-01;9.7500000e+01;8.1254199e-02;9.7500000e+01;3.4680098e-02;9.7500000e+01;-8.3189243e-03;9.7500000e+01;-1.3816301e-03;9.7500000e+01;1.1568828e-02;9.7500000e+01;2.9740060e-02;9.7500000e+01;5.2538719e-02;9.7500000e+01;7.8159481e-02;9.7500000e+01;1.0411187e-01;9.7500000e+01;1.2748089e-01;9.7500000e+01;1.4700511e-01;9.7500000e+01;1.6678980e-01;9.7500000e+01;1.9314647e-01;9.7500000e+01;2.1940246e-01;9.7500000e+01;2.3227181e-01;9.7500000e+01;2.1811298e-01;9.7500000e+01;1.8161419e-01;9.7500000e+01;1.3218114e-01;9.7500000e+01;8.1254199e-02;9.7500000e+01;3.4680098e-02;9.7500000e+01;-8.3189243e-03;9.7500000e+01;-1.3816301e-03;9.7500000e+01;1.1568828e-02;9.7500000e+01;2.9740060e-02;9.7500000e+01;5.2538719e-02;9.7500000e+01;7.8159481e-02;9.7500000e+01;1.0411187e-01;9.7500000e+01;1.2748089e-01;9.7500000e+01;1.4700511e-01;9.7500000e+01;1.6678980e-01;9.7500000e+01;1.9314647e-01;9.7500000e+01;2.1940246e-01;9.7500000e+01;2.3227181e-01;9.7500000e+01;2.1811298e-01;9.7500000e+01;1.8161419e-01;9.7500000e+01;1.3218114e-01;9.7500000e+01;8.1254199e-02;9.7500000e+01;3.4680098e-02;9.7500000e+01;-8.3189243e-03;9.7500000e+01;-1.3816301e-03;9.7500000e+01;1.1568828e-02;9.7500000e+01;2.9740060e-02;9.7500000e+01;5.2538719e-02;9.7500000e+01;7.8159481e-02;9.7500000e+01;1.0411187e-01;9.7500000e+01;1.2748089e-01;9.7500000e+01;1.4700511e-01;9.7500000e+01;1.6678980e-01;9.7500000e+01;1.9314647e-01;9.7500000e+01;2.1940246e-01;9.7500000e+01;2.3227181e-01;9.7500000e+01;2.1811298e-01;9.7500000e+01;1.8161419e-01;9.7500000e+01;1.3218114e-01;9.7500000e+01;8.1254199e-02;9.7500000e+01;3.4680098e-02;9.7500000e+01;-8.3189243e-03;9.7500000e+01;-1.3816301e-03;9.7500000e+01;1.1568828e-02;9.7500000e+01;2.9740060e-02;9.7500000e+01;5.2538719e-02;9.7500000e+01;7.8159481e-02;9.7500000e+01;1.0411187e-01;9.7500000e+01;1.2748089e-01;9.7500000e+01;1.4700511e-01;9.7500000e+01;1.6678980e-01;9.7500000e+01;1.9314647e-01;9.7500000e+01;2.1940246e-01;9.7500000e+01;2.3227181e-01;9.7500000e+01;2.1811298e-01;9.7500000e+01;1.8161419e-01;9.7500000e+01;1.3218114e-01;9.7500000e+01;8.1254199e-02;9.7500000e+01;3.4680098e-02;9.7500000e+01;-8.3189243e-03;9.7500000e+01;-1.3816301e-03;9.7500000e+01;1.1568828e-02;9.7500000e+01;2.9740060e-02;9.7500000e+01;5.2538719e-02;9.7500000e+01;7.8159481e-02;9.7500000e+01;1.0411187e-01;9.7500000e+01;1.2748089e-01;9.7500000e+01;1.4700511e-01;9.7500000e+01;1.6678980e-01;9.7500000e+01;1.9314647e-01;9.7500000e+01;2.1940246e-01;9.7500000e+01;2.3227181e-01;9.7500000e+01;2.1811298e-01;9.7500000e+01;1.8161419e-01;9.7500000e+01;1.3218114e-01;9.7500000e+01;8.1254199e-02;9.7500000e+01;3.4680098e-02;9.7500000e+01;-8.3189243e-03;9.7500000e+01;-1.3816301e-03;9.7500000e+01;1.1568828e-02;9.7500000e+01;2.9740060e-02;9.7500000e+01;5.2538719e-02;9.7500000e+01;7.8159481e-02;9.7500000e+01;1.0411187e-01;9.7500000e+01;1.2748089e-01;9.7500000e+01;1.4700511e-01;9.7500000e+01;1.6678980e-01;9.7500000e+01;1.9314647e-01;9.7500000e+01;2.1940246e-01;9.7500000e+01;2.3227181e-01;9.7500000e+01;2.1811298e-01;9.7500000e+01;1.8161419e-01;9.7500000e+01;1.3218114e-01;9.7500000e+01;8.1254199e-02;9.7500000e+01;3.4680098e-02;9.7500000e+01;-8.3189243e-03;9.7500000e+01;-1.3816301e-03;9.7500000e+01;1.1568828e-02;9.7500000e+01;2.9740060e-02;9.7500000e+01;5.2538719e-02;9.7500000e+01;7.8159481e-02;9.7500000e+01;1.0411187e-01;9.7500000e+01;1.2748089e-01;9.7500000e+01;1.4700511e-01;9.7500000e+01;1.6678980e-01;9.7500000e+01;1.9314647e-01;9.7500000e+01;2.1940246e-01;9.7500000e+01;2.3227181e-01;9.7500000e+01;2.1811298e-01;9.7500000e+01;1.8161419e-01;9.7500000e+01;1.3218114e-01;9.7500000e+01;8.1254199e-02;9.7500000e+01;3.4680098e-02;9.7500000e+01;-8.3189243e-03;9.7500000e+01;-1.3816301e-03;9.7500000e+01;1.1568828e-02;9.7500000e+01;2.9740060e-02;9.7500000e+01;5.2538719e-02;9.7500000e+01;7.8159481e-02;9.7500000e+01;1.0411187e-01;9.7500000e+01;1.2748089e-01;9.7500000e+01;1.4700511e-01;9.7500000e+01;1.6678980e-01;9.7500000e+01;1.9314647e-01;9.7500000e+01;2.1940246e-01;9.7500000e+01;2.3227181e-01;9.7500000e+01;2.1811298e-01;9.7500000e+01;1.8161419e-01;9.7500000e+01;1.3218114e-01;9.7500000e+01;8.1254199e-02;9.7500000e+01;3.4680098e-02;9.7500000e+01;-8.3189243e-03;9.7500000e+01;-1.3816301e-03;9.7500000e+01;1.1568828e-02;9.7500000e+01;2.9740060e-02;9.7500000e+01;5.2538719e-02;9.7500000e+01;7.8159481e-02;9.7500000e+01;1.0411187e-01;9.7500000e+01;1.2748089e-01;9.7500000e+01;1.4700511e-01;9.7500000e+01;1.6678980e-01;9.7500000e+01;1.9314647e-01;9.7500000e+01;2.1940246e-01;9.7500000e+01;2.3227181e-01;9.7500000e+01;2.1811298e-01;9.7500000e+01;1.8161419e-01;9.7500000e+01;1.3218114e-01;9.7500000e+01;8.1254199e-02;9.7500000e+01;3.4680098e-02;9.7500000e+01;-8.3189243e-03;9.7500000e+01;-1.3816301e-03;9.7500000e+01;1.1568828e-02;9.7500000e+01;2.9740060e-02;9.7500000e+01;5.2538719e-02;9.7500000e+01;7.8159481e-02;9.7500000e+01;1.0411187e-01;9.7500000e+01;1.2748089e-01;9.7500000e+01;1.4700511e-01;9.7500000e+01;1.6678980e-01;9.7500000e+01;1.9314647e-01;9.7500000e+01;2.1940246e-01;9.7500000e+01;2.3227181e-01;9.7500000e+01;2.1811298e-01;9.7500000e+01;1.8161419e-01;9.7500000e+01;1.3218114e-01;9.7500000e+01;8.1254199e-02;9.7500000e+01;3.4680098e-02;9.7500000e+01;-8.3189243e-03;9.7500000e+01;-1.3816301e-03;9.7500000e+01;1.1568828e-02;9.7500000e+01;2.9740060e-02;9.7500000e+01;5.2538719e-02;9.7500000e+01;7.8159481e-02;9.7500000e+01;1.0411187e-01;9.7500000e+01;1.2748089e-01;9.7500000e+01;1.4700511e-01;9.7500000e+01;1.6678980e-01;9.7500000e+01;1.9314647e-01;9.7500000e+01;2.1940246e-01;9.7500000e+01;2.3227181e-01;9.7500000e+01;2.1811298e-01;9.7500000e+01;1.8161419e-01;9.7500000e+01;1.3218114e-01;9.7500000e+01;8.1254199e-02;9.7500000e+01;3.4680098e-02;9.7500000e+01;-8.3189243e-03;9.7500000e+01;-1.3816301e-03;9.7500000e+01;1.1568828e-02;9.7500000e+01;2.9740060e-02;9.7500000e+01;5.2538719e-02;9.7500000e+01;7.8159481e-02;9.7500000e+01;1.0411187e-01;9.7500000e+01;1.2748089e-01;9.7500000e+01;1.4700511e-01;9.7500000e+01;1.6678980e-01;9.7500000e+01;1.9314647e-01;9.7500000e+01;2.1940246e-01;9.7500000e+01;2.3227181e-01;9.7500000e+01;2.1811298e-01;9.7500000e+01;1.8161419e-01;9.7500000e+01;1.3218114e-01;9.7500000e+01;8.1254199e-02;9.7500000e+01;3.4680098e-02;9.7500000e+01;-8.3189243e-03;9.7500000e+01;-1.3816301e-03;9.7500000e+01;1.1568828e-02;9.7500000e+01;2.9740060e-02;9.7500000e+01;5.2538719e-02;9.7500000e+01;7.8159481e-02;9.7500000e+01;1.0411187e-01;9.7500000e+01;1.2748089e-01;9.7500000e+01;1.4700511e-01;9.7500000e+01;1.6678980e-01;9.7500000e+01;1.9314647e-01;9.7500000e+01;2.1940246e-01;9.7500000e+01;2.3227181e-01;9.7500000e+01;2.1811298e-01;9.7500000e+01;1.8161419e-01;9.7500000e+01;1.3218114e-01;9.7500000e+01;8.1254199e-02;9.7500000e+01;3.4680098e-02;9.7500000e+01;-8.3189243e-03;9.7500000e+01;-1.3816301e-03;9.7500000e+01;1.1568828e-02;9.7500000e+01;2.9740060e-02;9.7500000e+01;5.2538719e-02;9.7500000e+01;7.8159481e-02;9.7500000e+01;1.0411187e-01;9.7500000e+01;1.2748089e-01;9.7500000e+01;1.4700511e-01;9.7500000e+01;1.6678980e-01;9.7500000e+01;1.9314647e-01;9.7500000e+01;2.1940246e-01;9.7500000e+01;2.3227181e-01;9.7500000e+01;2.1811298e-01;9.7500000e+01;1.8161419e-01;9.7500000e+01;1.3218114e-01;9.7500000e+01;8.1254199e-02;9.7500000e+01;3.4680098e-02;9.7500000e+01;-8.3189243e-03;9.7500000e+01;-1.3816301e-03;9.7500000e+01;1.1568828e-02;9.7500000e+01;2.9740060e-02;9.7500000e+01;5.2538719e-02;9.7500000e+01;7.8159481e-02;9.7500000e+01;1.0411187e-01;9.7500000e+01;1.2748089e-01;9.7500000e+01;1.4700511e-01;9.7500000e+01;1.6678980e-01;9.7500000e+01;1.9314647e-01;9.7500000e+01;2.1940246e-01;9.7500000e+01;2.3227181e-01;9.7500000e+01;2.1811298e-01;9.7500000e+01;1.8161419e-01;9.7500000e+01;1.3218114e-01;9.7500000e+01;8.1254199e-02;9.7500000e+01;3.4680098e-02;9.7500000e+01;-8.3189243e-03;9.7500000e+01;-1.3816301e-03;9.7500000e+01;1.1568828e-02;9.7500000e+01;2.9740060e-02;9.7500000e+01;5.2538719e-02;9.7500000e+01;7.8159481e-02;9.7500000e+01;1.0411187e-01;9.7500000e+01;1.2748089e-01;9.7500000e+01;1.4700511e-01;9.7500000e+01;1.6678980e-01;9.7500000e+01;1.9314647e-01;9.7500000e+01;2.1940246e-01;9.7500000e+01;2.3227181e-01;9.7500000e+01;2.1811298e-01;9.7500000e+01;1.8161419e-01;9.7500000e+01;1.3218114e-01;9.7500000e+01;8.1254199e-02;9.7500000e+01;3.4680098e-02;9.7500000e+01;-8.3189243e-03;9.7500000e+01;-1.3816301e-03;9.7500000e+01;1.1568828e-02;9.7500000e+01;2.9740060e-02;9.7500000e+01;5.2538719e-02;9.7500000e+01;7.8159481e-02;9.7500000e+01;1.0411187e-01;9.7500000e+01;1.2748089e-01;9.7500000e+01;1.4700511e-01;9.7500000e+01;1.6678980e-01;9.7500000e+01;1.9314647e-01;9.7500000e+01;2.1940246e-01;9.7500000e+01;2.3227181e-01;9.7500000e+01;2.1811298e-01;9.7500000e+01;1.8161419e-01;9.7500000e+01;1.3218114e-01;9.7500000e+01;8.1254199e-02;9.7500000e+01;3.4680098e-02;9.7500000e+01;-8.3189243e-03;9.7500000e+01;-1.3816301e-03;9.7500000e+01;1.1568828e-02;9.7500000e+01;2.9740060e-02;9.7500000e+01;5.2538719e-02;9.7500000e+01;7.8159481e-02;9.7500000e+01;1.0411187e-01;9.7500000e+01;1.2748089e-01;9.7500000e+01;1.4700511e-01;9.7500000e+01;1.6678980e-01;9.7500000e+01;1.9314647e-01;9.7500000e+01;2.1940246e-01;9.7500000e+01;2.3227181e-01;9.7500000e+01;2.1811298e-01;9.7500000e+01;1.8161419e-01;9.7500000e+01;1.3218114e-01;9.7500000e+01;8.1254199e-02;9.7500000e+01;3.4680098e-02;9.7500000e+01;-8.3189243e-03;9.7500000e+01;-1.3816301e-03;9.7500000e+01;1.1568828e-02;9.7500000e+01;2.9740060e-02;9.7500000e+01;5.2538719e-02;9.7500000e+01;7.8159481e-02;9.7500000e+01;1.0411187e-01;9.7500000e+01;1.2748089e-01;9.7500000e+01;1.4700511e-01;9.7500000e+01;1.6678980e-01;9.7500000e+01;1.9314647e-01;9.7500000e+01;2.1940246e-01;9.7500000e+01;2.3227181e-01;9.7500000e+01;2.1811298e-01;9.7500000e+01;1.8161419e-01;9.7500000e+01;1.3218114e-01;9.7500000e+01;8.1254199e-02;9.7500000e+01;3.4680098e-02;9.7500000e+01;-8.3189243e-03;9.7500000e+01;-1.3816301e-03;9.7500000e+01;1.1568828e-02;9.7500000e+01;2.9740060e-02;9.7500000e+01;5.2538719e-02;9.7500000e+01;7.8159481e-02;9.7500000e+01;1.0411187e-01;9.7500000e+01;1.2748089e-01;9.7500000e+01;1.4700511e-01;9.7500000e+01;1.6678980e-01;9.7500000e+01;1.9314647e-01;9.7500000e+01;2.1940246e-01;9.7500000e+01;2.3227181e-01;9.7500000e+01;2.1811298e-01;9.7500000e+01;1.8161419e-01;9.7500000e+01;1.3218114e-01;9.7500000e+01;8.1254199e-02;9.7500000e+01;3.4680098e-02;9.7500000e+01;-8.3189243e-03;9.7500000e+01;-1.3816301e-03;9.7500000e+01;1.1568828e-02;9.7500000e+01;2.9740060e-02;9.7500000e+01;5.2538719e-02;9.7500000e+01;7.8159481e-02;9.7500000e+01;1.0411187e-01;9.7500000e+01;1.2748089e-01;9.7500000e+01;1.4700511e-01;9.7500000e+01;1.6678980e-01;9.7500000e+01;1.9314647e-01;9.7500000e+01;2.1940246e-01;9.7500000e+01;2.3227181e-01;9.7500000e+01;2.1811298e-01;9.7500000e+01;1.8161419e-01;9.7500000e+01;1.3218114e-01;9.7500000e+01;8.1254199e-02;9.7500000e+01;3.4680098e-02;9.7500000e+01;-8.3189243e-03;9.7500000e+01;-1.3816301e-03;9.7500000e+01;1.1568828e-02;9.7500000e+01;2.9740060e-02;9.7500000e+01;5.2538719e-02;9.7500000e+01;7.8159481e-02;9.7500000e+01;1.0411187e-01;9.7500000e+01;1.2748089e-01;9.7500000e+01;1.4700511e-01;9.7500000e+01;1.6678980e-01;9.7500000e+01;1.9314647e-01;9.7500000e+01;2.1940246e-01;9.7500000e+01;2.3227181e-01;9.7500000e+01;2.1811298e-01;9.7500000e+01;1.8161419e-01;9.7500000e+01;1.3218114e-01;9.7500000e+01;8.1254199e-02;9.7500000e+01;3.4680098e-02;9.7500000e+01;-8.3189243e-03;9.7500000e+01;-1.3816301e-03;9.7500000e+01;1.1568828e-02;9.7500000e+01;2.9740060e-02;9.7500000e+01;5.2538719e-02;9.7500000e+01;7.8159481e-02;9.7500000e+01;1.0411187e-01;9.7500000e+01;1.2748089e-01;9.7500000e+01;1.4700511e-01;9.7500000e+01;1.6678980e-01;9.7500000e+01;1.9314647e-01;9.7500000e+01;2.1940246e-01;9.7500000e+01;2.3227181e-01;9.7500000e+01;2.1811298e-01;9.7500000e+01;1.8161419e-01;9.7500000e+01;1.3218114e-01;9.7500000e+01;8.1254199e-02;9.7500000e+01;3.4680098e-02;9.7500000e+01;-8.3189243e-03;9.7500000e+01;-1.3816301e-03;9.7500000e+01;1.1568828e-02;9.7500000e+01;2.9740060e-02;9.7500000e+01;5.2538719e-02;9.7500000e+01;7.8159481e-02;9.7500000e+01;1.0411187e-01;9.7500000e+01;1.2748089e-01;9.7500000e+01;1.4700511e-01;9.7500000e+01;1.6678980e-01;9.7500000e+01;1.9314647e-01;9.7500000e+01;2.1940246e-01;9.7500000e+01;2.3227181e-01;9.7500000e+01;2.1811298e-01;9.7500000e+01;1.8161419e-01;9.7500000e+01;1.3218114e-01;9.7500000e+01;8.1254199e-02;9.7500000e+01;3.4680098e-02;9.7500000e+01;-8.3189243e-03;9.7500000e+01;-1.3816301e-03;9.7500000e+01;1.1568828e-02;9.7500000e+01;2.9740060e-02;9.7500000e+01;5.2538719e-02;9.7500000e+01;7.8159481e-02;9.7500000e+01;1.0411187e-01;9.7500000e+01;1.2748089e-01;9.7500000e+01;1.4700511e-01;9.7500000e+01;1.6678980e-01;9.7500000e+01;1.9314647e-01;9.7500000e+01;2.1940246e-01;9.7500000e+01;2.3227181e-01;9.7500000e+01;2.1811298e-01;9.7500000e+01;1.8161419e-01;9.7500000e+01;1.3218114e-01;9.7500000e+01;8.1254199e-02;9.7500000e+01;3.4680098e-02;9.7500000e+01;-8.3189243e-03;9.7500000e+01;-1.3816301e-03;9.7500000e+01;1.1568828e-02;9.7500000e+01;2.9740060e-02;9.7500000e+01;5.2538719e-02;9.7500000e+01;7.8159481e-02;9.7500000e+01;1.0411187e-01;9.7500000e+01;1.2748089e-01;9.7500000e+01;1.4700511e-01;9.7500000e+01;1.6678980e-01;9.7500000e+01;1.9314647e-01;9.7500000e+01;2.1940246e-01;9.7500000e+01;2.3227181e-01;9.7500000e+01;2.1811298e-01;9.7500000e+01;1.8161419e-01;9.7500000e+01;1.3218114e-01;9.7500000e+01;8.1254199e-02;9.7500000e+01;3.4680098e-02;9.7500000e+01;-8.3189243e-03;9.7500000e+01;-1.3816301e-03;9.7500000e+01;1.1568828e-02;9.7500000e+01;2.9740060e-02;9.7500000e+01;5.2538719e-02;9.7500000e+01;7.8159481e-02;9.7500000e+01;1.0411187e-01;9.7500000e+01;1.2748089e-01;9.7500000e+01;1.4700511e-01;9.7500000e+01;1.6678980e-01;9.7500000e+01;1.9314647e-01;9.7500000e+01;2.1940246e-01;9.7500000e+01;2.3227181e-01;9.7500000e+01;2.1811298e-01;9.7500000e+01;1.8161419e-01;9.7500000e+01;1.3218114e-01;9.7500000e+01;8.1254199e-02;9.7500000e+01;3.4680098e-02;9.7500000e+01;-8.3189243e-03;9.7500000e+01;-1.3816301e-03;9.7500000e+01;1.1568828e-02;9.7500000e+01;2.9740060e-02;9.7500000e+01;5.2538719e-02;9.7500000e+01;7.8159481e-02;9.7500000e+01;1.0411187e-01;9.7500000e+01;1.2748089e-01;9.7500000e+01;1.4700511e-01;9.7500000e+01;1.6678980e-01;9.7500000e+01;1.9314647e-01;9.7500000e+01;2.1940246e-01;9.7500000e+01;2.3227181e-01;9.7500000e+01;2.1811298e-01;9.7500000e+01;1.8161419e-01;9.7500000e+01;1.3218114e-01;9.7500000e+01;8.1254199e-02;9.7500000e+01;3.4680098e-02;9.7500000e+01;-8.3189243e-03;9.7500000e+01;-1.3816301e-03;9.7500000e+01;1.1568828e-02;9.7500000e+01;2.9740060e-02;9.7500000e+01;5.2538719e-02;9.7500000e+01;7.8159481e-02;9.7500000e+01;1.0411187e-01;9.7500000e+01;1.2748089e-01;9.7500000e+01;1.4700511e-01;9.7500000e+01;1.6678980e-01;9.7500000e+01;1.9314647e-01;9.7500000e+01;2.1940246e-01;9.7500000e+01;2.3227181e-01;9.7500000e+01;2.1811298e-01;9.7500000e+01;1.8161419e-01;9.7500000e+01;1.3218114e-01;9.7500000e+01;8.1254199e-02;9.7500000e+01;3.4680098e-02;9.7500000e+01;-8.3189243e-03;9.7500000e+01;-1.3816301e-03;9.7500000e+01;1.1568828e-02;9.7500000e+01;2.9740060e-02;9.7500000e+01;5.2538719e-02;9.7500000e+01;7.8159481e-02;9.7500000e+01;1.0411187e-01;9.7500000e+01;1.2748089e-01;9.7500000e+01;1.4700511e-01;9.7500000e+01;1.6678980e-01;9.7500000e+01;1.9314647e-01;9.7500000e+01;2.1940246e-01;9.7500000e+01;2.3227181e-01;9.7500000e+01;2.1811298e-01;9.7500000e+01;1.8161419e-01;9.7500000e+01;1.3218114e-01;9.7500000e+01;8.1254199e-02;9.7500000e+01;3.4680098e-02;9.7500000e+01;-8.3189243e-03;9.7500000e+01;-1.3816301e-03;9.7500000e+01;1.1568828e-02;9.7500000e+01;2.9740060e-02;9.7500000e+01;5.2538719e-02;9.7500000e+01;7.8159481e-02;9.7500000e+01;1.0411187e-01;9.7500000e+01;1.2748089e-01;9.7500000e+01;1.4700511e-01;9.7500000e+01;1.6678980e-01;9.7500000e+01;1.9314647e-01;9.7500000e+01;2.1940246e-01;9.7500000e+01;2.3227181e-01;9.7500000e+01;2.1811298e-01;9.7500000e+01;1.8161419e-01;9.7500000e+01;1.3218114e-01;9.7500000e+01;8.1254199e-02;9.7500000e+01;3.4680098e-02;9.7500000e+01;-8.3189243e-03;9.7500000e+01;-1.3816301e-03;9.7500000e+01;1.1568828e-02;9.7500000e+01;2.9740060e-02;9.7500000e+01;5.2538719e-02;9.7500000e+01;7.8159481e-02;9.7500000e+01;1.0411187e-01;9.7500000e+01;1.2748089e-01;9.7500000e+01;1.4700511e-01;9.7500000e+01;1.6678980e-01;9.7500000e+01;1.9314647e-01;9.7500000e+01;2.1940246e-01;9.7500000e+01;2.3227181e-01;9.7500000e+01;2.1811298e-01;9.7500000e+01;1.8161419e-01;9.7500000e+01;1.3218114e-01;9.7500000e+01;8.1254199e-02;9.7500000e+01;3.4680098e-02;9.7500000e+01;-8.3189243e-03;9.7500000e+01;-1.3816301e-03;9.7500000e+01;1.1568828e-02;9.7500000e+01;2.9740060e-02;9.7500000e+01;5.2538719e-02;9.7500000e+01;7.8159481e-02;9.7500000e+01;1.0411187e-01;9.7500000e+01;1.2748089e-01;9.7500000e+01;1.4700511e-01;9.7500000e+01;1.6678980e-01;9.7500000e+01;1.9314647e-01;9.7500000e+01;2.1940246e-01;9.7500000e+01;2.3227181e-01;9.7500000e+01;2.1811298e-01;9.7500000e+01;1.8161419e-01;9.7500000e+01;1.3218114e-01;9.7500000e+01;8.1254199e-02;9.7500000e+01;3.4680098e-02
1.0250000e+02;-7.9174191e-03;1.0250000e+02;-1.8729921e-03;1.0250000e+02;1.0087288e-02;1.0250000e+02;2.7382942e-02;1.0250000e+02;4.9723372e-02;1.0250000e+02;7.4052058e-02;1.0250000e+02;9.7259954e-02;1.0250000e+02;1.1883686e-01;1.0250000e+02;1.3779750e-01;1.0250000e+02;1.5865502e-01;1.0250000e+02;1.8615317e-01;1.0250000e+02;2.1347974e-01;1.0250000e+02;2.2854938e-01;1.0250000e+02;2.1615171e-01;1.0250000e+02;1.8100978e-01;1.0250000e+02;1.3253447e-01;1.0250000e+02;8.1946649e-02;1.0250000e+02;3.6174729e-02;1.0250000e+02;-7.9174191e-03;1.0250000e+02;-1.8729921e-03;1.0250000e+02;1.0087288e-02;1.0250000e+02;2.7382942e-02;1.0250000e+02;4.9723372e-02;1.0250000e+02;7.4052058e-02;1.0250000e+02;9.7259954e-02;1.0250000e+02;1.1883686e-01;1.0250000e+02;1.3779750e-01;1.0250000e+02;1.5865502e-01;1.0250000e+02;1.8615317e-01;1.0250000e+02;2.1347974e-01;1.0250000e+02;2.2854938e-01;1.0250000e+02;2.1615171e-01;1.0250000e+02;1.8100978e-01;1.0250000e+02;1.3253447e-01;1.0250000e+02;8.1946649e-02;1.0250000e+02;3.6174729e-02;1.0250000e+02;-7.9174191e-03;1.0250000e+02;-1.8729921e-03;1.0250000e+02;1.0087288e-02;1.0250000e+02;2.7382942e-02;1.0250000e+02;4.9723372e-02;1.0250000e+02;7.4052058e-02;1.0250000e+02;9.7259954e-02;1.0250000e+02;1.1883686e-01;1.0250000e+02;1.3779750e-01;1.0250000e+02;1.5865502e-01;1.0250000e+02;1.8615317e-01;1.0250000e+02;2.1347974e-01;1.0250000e+02;2.2854938e-01;1.0250000e+02;2.1615171e-01;1.0250000e+02;1.8100978e-01;1.0250000e+02;1.3253447e-01;1.0250000e+02;8.1946649e-02;1.0250000e+02;3.6174729e-02;1.0250000e+02;-7.9174191e-03;1.0250000e+02;-1.8729921e-03;1.0250000e+02;1.0087288e-02;1.0250000e+02;2.7382942e-02;1.0250000e+02;4.9723372e-02;1.0250000e+02;7.4052058e-02;1.0250000e+02;9.7259954e-02;1.0250000e+02;1.1883686e-01;1.0250000e+02;1.3779750e-01;1.0250000e+02;1.5865502e-01;1.0250000e+02;1.8615317e-01;1.0250000e+02;2.1347974e-01;1.0250000e+02;2.2854938e-01;1.0250000e+02;2.1615171e-01;1.0250000e+02;1.8100978e-01;1.0250000e+02;1.3253447e-01;1.0250000e+02;8.1946649e-02;1.0250000e+02;3.6174729e-02;1.0250000e+02;-7.9174191e-03;1.0250000e+02;-1.8729921e-03;1.0250000e+02;1.0087288e-02;1.0250000e+02;2.7382942e-02;1.0250000e+02;4.9723372e-02;1.0250000e+02;7.4052058e-02;1.0250000e+02;9.7259954e-02;1.0250000e+02;1.1883686e-01;1.0250000e+02;1.3779750e-01;1.0250000e+02;1.5865502e-01;1.0250000e+02;1.8615317e-01;1.0250000e+02;2.1347974e-01;1.0250000e+02;2.2854938e-01;1.0250000e+02;2.1615171e-01;1.0250000e+02;1.8100978e-01;1.0250000e+02;1.3253447e-01;1.0250000e+02;8.1946649e-02;1.0250000e+02;3.6174729e-02;1.0250000e+02;-7.9174191e-03;1.0250000e+02;-1.8729921e-03;1.0250000e+02;1.0087288e-02;1.0250000e+02;2.7382942e-02;1.0250000e+02;4.9723372e-02;1.0250000e+02;7.4052058e-02;1.0250000e+02;9.7259954e-02;1.0250000e+02;1.1883686e-01;1.0250000e+02;1.3779750e-01;1.0250000e+02;1.5865502e-01;1.0250000e+02;1.8615317e-01;1.0250000e+02;2.1347974e-01;1.0250000e+02;2.2854938e-01;1.0250000e+02;2.1615171e-01;1.0250000e+02;1.8100978e-01;1.0250000e+02;1.3253447e-01;1.0250000e+02;8.1946649e-02;1.0250000e+02;3.6174729e-02;1.0250000e+02;-7.9174191e-03;1.0250000e+02;-1.8729921e-03;1.0250000e+02;1.0087288e-02;1.0250000e+02;2.7382942e-02;1.0250000e+02;4.9723372e-02;1.0250000e+02;7.4052058e-02;1.0250000e+02;9.7259954e-02;1.0250000e+02;1.1883686e-01;1.0250000e+02;1.3779750e-01;1.0250000e+02;1.5865502e-01;1.0250000e+02;1.8615317e-01;1.0250000e+02;2.1347974e-01;1.0250000e+02;2.2854938e-01;1.0250000e+02;2.1615171e-01;1.0250000e+02;1.8100978e-01;1.0250000e+02;1.3253447e-01;1.0250000e+02;8.1946649e-02;1.0250000e+02;3.6174729e-02;1.0250000e+02;-7.9174191e-03;1.0250000e+02;-1.8729921e-03;1.0250000e+02;1.0087288e-02;1.0250000e+02;2.7382942e-02;1.0250000e+02;4.9723372e-02;1.0250000e+02;7.4052058e-02;1.0250000e+02;9.7259954e-02;1.0250000e+02;1.1883686e-01;1.0250000e+02;1.3779750e-01;1.0250000e+02;1.5865502e-01;1.0250000e+02;1.8615317e-01;1.0250000e+02;2.1347974e-01;1.0250000e+02;2.2854938e-01;1.0250000e+02;2.1615171e-01;1.0250000e+02;1.8100978e-01;1.0250000e+02;1.3253447e-01;1.0250000e+02;8.1946649e-02;1.0250000e+02;3.6174729e-02;1.0250000e+02;-7.9174191e-03;1.0250000e+02;-1.8729921e-03;1.0250000e+02;1.0087288e-02;1.0250000e+02;2.7382942e-02;1.0250000e+02;4.9723372e-02;1.0250000e+02;7.4052058e-02;1.0250000e+02;9.7259954e-02;1.0250000e+02;1.1883686e-01;1.0250000e+02;1.3779750e-01;1.0250000e+02;1.5865502e-01;1.0250000e+02;1.8615317e-01;1.0250000e+02;2.1347974e-01;1.0250000e+02;2.2854938e-01;1.0250000e+02;2.1615171e-01;1.0250000e+02;1.8100978e-01;1.0250000e+02;1.3253447e-01;1.0250000e+02;8.1946649e-02;1.0250000e+02;3.6174729e-02;1.0250000e+02;-7.9174191e-03;1.0250000e+02;-1.8729921e-03;1.0250000e+02;1.0087288e-02;1.0250000e+02;2.7382942e-02;1.0250000e+02;4.9723372e-02;1.0250000e+02;7.4052058e-02;1.0250000e+02;9.7259954e-02;1.0250000e+02;1.1883686e-01;1.0250000e+02;1.3779750e-01;1.0250000e+02;1.5865502e-01;1.0250000e+02;1.8615317e-01;1.0250000e+02;2.1347974e-01;1.0250000e+02;2.2854938e-01;1.0250000e+02;2.1615171e-01;1.0250000e+02;1.8100978e-01;1.0250000e+02;1.3253447e-01;1.0250000e+02;8.1946649e-02;1.0250000e+02;3.6174729e-02;1.0250000e+02;-7.9174191e-03;1.0250000e+02;-1.8729921e-03;1.0250000e+02;1.0087288e-02;1.0250000e+02;2.7382942e-02;1.0250000e+02;4.9723372e-02;1.0250000e+02;7.4052058e-02;1.0250000e+02;9.7259954e-02;1.0250000e+02;1.1883686e-01;1.0250000e+02;1.3779750e-01;1.0250000e+02;1.5865502e-01;1.0250000e+02;1.8615317e-01;1.0250000e+02;2.1347974e-01;1.0250000e+02;2.2854938e-01;1.0250000e+02;2.1615171e-01;1.0250000e+02;1.8100978e-01;1.0250000e+02;1.3253447e-01;1.0250000e+02;8.1946649e-02;1.0250000e+02;3.6174729e-02;1.0250000e+02;-7.9174191e-03;1.0250000e+02;-1.8729921e-03;1.0250000e+02;1.0087288e-02;1.0250000e+02;2.7382942e-02;1.0250000e+02;4.9723372e-02;1.0250000e+02;7.4052058e-02;1.0250000e+02;9.7259954e-02;1.0250000e+02;1.1883686e-01;1.0250000e+02;1.3779750e-01;1.0250000e+02;1.5865502e-01;1.0250000e+02;1.8615317e-01;1.0250000e+02;2.1347974e-01;1.0250000e+02;2.2854938e-01;1.0250000e+02;2.1615171e-01;1.0250000e+02;1.8100978e-01;1.0250000e+02;1.3253447e-01;1.0250000e+02;8.1946649e-02;1.0250000e+02;3.6174729e-02;1.0250000e+02;-7.9174191e-03;1.0250000e+02;-1.8729921e-03;1.0250000e+02;1.0087288e-02;1.0250000e+02;2.7382942e-02;1.0250000e+02;4.9723372e-02;1.0250000e+02;7.4052058e-02;1.0250000e+02;9.7259954e-02;1.0250000e+02;1.1883686e-01;1.0250000e+02;1.3779750e-01;1.0250000e+02;1.5865502e-01;1.0250000e+02;1.8615317e-01;1.0250000e+02;2.1347974e-01;1.0250000e+02;2.2854938e-01;1.0250000e+02;2.1615171e-01;1.0250000e+02;1.8100978e-01;1.0250000e+02;1.3253447e-01;1.0250000e+02;8.1946649e-02;1.0250000e+02;3.6174729e-02;1.0250000e+02;-7.9174191e-03;1.0250000e+02;-1.8729921e-03;1.0250000e+02;1.0087288e-02;1.0250000e+02;2.7382942e-02;1.0250000e+02;4.9723372e-02;1.0250000e+02;7.4052058e-02;1.0250000e+02;9.7259954e-02;1.0250000e+02;1.1883686e-01;1.0250000e+02;1.3779750e-01;1.0250000e+02;1.5865502e-01;1.0250000e+02;1.8615317e-01;1.0250000e+02;2.1347974e-01;1.0250000e+02;2.2854938e-01;1.0250000e+02;2.1615171e-01;1.0250000e+02;1.8100978e-01;1.0250000e+02;1.3253447e-01;1.0250000e+02;8.1946649e-02;1.0250000e+02;3.6174729e-02;1.0250000e+02;-7.9174191e-03;1.0250000e+02;-1.8729921e-03;1.0250000e+02;1.0087288e-02;1.0250000e+02;2.7382942e-02;1.0250000e+02;4.9723372e-02;1.0250000e+02;7.4052058e-02;1.0250000e+02;9.7259954e-02;1.0250000e+02;1.1883686e-01;1.0250000e+02;1.3779750e-01;1.0250000e+02;1.5865502e-01;1.0250000e+02;1.8615317e-01;1.0250000e+02;2.1347974e-01;1.0250000e+02;2.2854938e-01;1.0250000e+02;2.1615171e-01;1.0250000e+02;1.8100978e-01;1.0250000e+02;1.3253447e-01;1.0250000e+02;8.1946649e-02;1.0250000e+02;3.6174729e-02;1.0250000e+02;-7.9174191e-03;1.0250000e+02;-1.8729921e-03;1.0250000e+02;1.0087288e-02;1.0250000e+02;2.7382942e-02;1.0250000e+02;4.9723372e-02;1.0250000e+02;7.4052058e-02;1.0250000e+02;9.7259954e-02;1.0250000e+02;1.1883686e-01;1.0250000e+02;1.3779750e-01;1.0250000e+02;1.5865502e-01;1.0250000e+02;1.8615317e-01;1.0250000e+02;2.1347974e-01;1.0250000e+02;2.2854938e-01;1.0250000e+02;2.1615171e-01;1.0250000e+02;1.8100978e-01;1.0250000e+02;1.3253447e-01;1.0250000e+02;8.1946649e-02;1.0250000e+02;3.6174729e-02;1.0250000e+02;-7.9174191e-03;1.0250000e+02;-1.8729921e-03;1.0250000e+02;1.0087288e-02;1.0250000e+02;2.7382942e-02;1.0250000e+02;4.9723372e-02;1.0250000e+02;7.4052058e-02;1.0250000e+02;9.7259954e-02;1.0250000e+02;1.1883686e-01;1.0250000e+02;1.3779750e-01;1.0250000e+02;1.5865502e-01;1.0250000e+02;1.8615317e-01;1.0250000e+02;2.1347974e-01;1.0250000e+02;2.2854938e-01;1.0250000e+02;2.1615171e-01;1.0250000e+02;1.8100978e-01;1.0250000e+02;1.3253447e-01;1.0250000e+02;8.1946649e-02;1.0250000e+02;3.6174729e-02;1.0250000e+02;-7.9174191e-03;1.0250000e+02;-1.8729921e-03;1.0250000e+02;1.0087288e-02;1.0250000e+02;2.7382942e-02;1.0250000e+02;4.9723372e-02;1.0250000e+02;7.4052058e-02;1.0250000e+02;9.7259954e-02;1.0250000e+02;1.1883686e-01;1.0250000e+02;1.3779750e-01;1.0250000e+02;1.5865502e-01;1.0250000e+02;1.8615317e-01;1.0250000e+02;2.1347974e-01;1.0250000e+02;2.2854938e-01;1.0250000e+02;2.1615171e-01;1.0250000e+02;1.8100978e-01;1.0250000e+02;1.3253447e-01;1.0250000e+02;8.1946649e-02;1.0250000e+02;3.6174729e-02;1.0250000e+02;-7.9174191e-03;1.0250000e+02;-1.8729921e-03;1.0250000e+02;1.0087288e-02;1.0250000e+02;2.7382942e-02;1.0250000e+02;4.9723372e-02;1.0250000e+02;7.4052058e-02;1.0250000e+02;9.7259954e-02;1.0250000e+02;1.1883686e-01;1.0250000e+02;1.3779750e-01;1.0250000e+02;1.5865502e-01;1.0250000e+02;1.8615317e-01;1.0250000e+02;2.1347974e-01;1.0250000e+02;2.2854938e-01;1.0250000e+02;2.1615171e-01;1.0250000e+02;1.8100978e-01;1.0250000e+02;1.3253447e-01;1.0250000e+02;8.1946649e-02;1.0250000e+02;3.6174729e-02;1.0250000e+02;-7.9174191e-03;1.0250000e+02;-1.8729921e-03;1.0250000e+02;1.0087288e-02;1.0250000e+02;2.7382942e-02;1.0250000e+02;4.9723372e-02;1.0250000e+02;7.4052058e-02;1.0250000e+02;9.7259954e-02;1.0250000e+02;1.1883686e-01;1.0250000e+02;1.3779750e-01;1.0250000e+02;1.5865502e-01;1.0250000e+02;1.8615317e-01;1.0250000e+02;2.1347974e-01;1.0250000e+02;2.2854938e-01;1.0250000e+02;2.1615171e-01;1.0250000e+02;1.8100978e-01;1.0250000e+02;1.3253447e-01;1.0250000e+02;8.1946649e-02;1.0250000e+02;3.6174729e-02;1.0250000e+02;-7.9174191e-03;1.0250000e+02;-1.8729921e-03;1.0250000e+02;1.0087288e-02;1.0250000e+02;2.7382942e-02;1.0250000e+02;4.9723372e-02;1.0250000e+02;7.4052058e-02;1.0250000e+02;9.7259954e-02;1.0250000e+02;1.1883686e-01;1.0250000e+02;1.3779750e-01;1.0250000e+02;1.5865502e-01;1.0250000e+02;1.8615317e-01;1.0250000e+02;2.1347974e-01;1.0250000e+02;2.2854938e-01;1.0250000e+02;2.1615171e-01;1.0250000e+02;1.8100978e-01;1.0250000e+02;1.3253447e-01;1.0250000e+02;8.1946649e-02;1.0250000e+02;3.6174729e-02;1.0250000e+02;-7.9174191e-03;1.0250000e+02;-1.8729921e-03;1.0250000e+02;1.0087288e-02;1.0250000e+02;2.7382942e-02;1.0250000e+02;4.9723372e-02;1.0250000e+02;7.4052058e-02;1.0250000e+02;9.7259954e-02;1.0250000e+02;1.1883686e-01;1.0250000e+02;1.3779750e-01;1.0250000e+02;1.5865502e-01;1.0250000e+02;1.8615317e-01;1.0250000e+02;2.1347974e-01;1.0250000e+02;2.2854938e-01;1.0250000e+02;2.1615171e-01;1.0250000e+02;1.8100978e-01;1.0250000e+02;1.3253447e-01;1.0250000e+02;8.1946649e-02;1.0250000e+02;3.6174729e-02;1.0250000e+02;-7.9174191e-03;1.0250000e+02;-1.8729921e-03;1.0250000e+02;1.0087288e-02;1.0250000e+02;2.7382942e-02;1.0250000e+02;4.9723372e-02;1.0250000e+02;7.4052058e-02;1.0250000e+02;9.7259954e-02;1.0250000e+02;1.1883686e-01;1.0250000e+02;1.3779750e-01;1.0250000e+02;1.5865502e-01;1.0250000e+02;1.8615317e-01;1.0250000e+02;2.1347974e-01;1.0250000e+02;2.2854938e-01;1.0250000e+02;2.1615171e-01;1.0250000e+02;1.8100978e-01;1.0250000e+02;1.3253447e-01;1.0250000e+02;8.1946649e-02;1.0250000e+02;3.6174729e-02;1.0250000e+02;-7.9174191e-03;1.0250000e+02;-1.8729921e-03;1.0250000e+02;1.0087288e-02;1.0250000e+02;2.7382942e-02;1.0250000e+02;4.9723372e-02;1.0250000e+02;7.4052058e-02;1.0250000e+02;9.7259954e-02;1.0250000e+02;1.1883686e-01;1.0250000e+02;1.3779750e-01;1.0250000e+02;1.5865502e-01;1.0250000e+02;1.8615317e-01;1.0250000e+02;2.1347974e-01;1.0250000e+02;2.2854938e-01;1.0250000e+02;2.1615171e-01;1.0250000e+02;1.8100978e-01;1.0250000e+02;1.3253447e-01;1.0250000e+02;8.1946649e-02;1.0250000e+02;3.6174729e-02;1.0250000e+02;-7.9174191e-03;1.0250000e+02;-1.8729921e-03;1.0250000e+02;1.0087288e-02;1.0250000e+02;2.7382942e-02;1.0250000e+02;4.9723372e-02;1.0250000e+02;7.4052058e-02;1.0250000e+02;9.7259954e-02;1.0250000e+02;1.1883686e-01;1.0250000e+02;1.3779750e-01;1.0250000e+02;1.5865502e-01;1.0250000e+02;1.8615317e-01;1.0250000e+02;2.1347974e-01;1.0250000e+02;2.2854938e-01;1.0250000e+02;2.1615171e-01;1.0250000e+02;1.8100978e-01;1.0250000e+02;1.3253447e-01;1.0250000e+02;8.1946649e-02;1.0250000e+02;3.6174729e-02;1.0250000e+02;-7.9174191e-03;1.0250000e+02;-1.8729921e-03;1.0250000e+02;1.0087288e-02;1.0250000e+02;2.7382942e-02;1.0250000e+02;4.9723372e-02;1.0250000e+02;7.4052058e-02;1.0250000e+02;9.7259954e-02;1.0250000e+02;1.1883686e-01;1.0250000e+02;1.3779750e-01;1.0250000e+02;1.5865502e-01;1.0250000e+02;1.8615317e-01;1.0250000e+02;2.1347974e-01;1.0250000e+02;2.2854938e-01;1.0250000e+02;2.1615171e-01;1.0250000e+02;1.8100978e-01;1.0250000e+02;1.3253447e-01;1.0250000e+02;8.1946649e-02;1.0250000e+02;3.6174729e-02;1.0250000e+02;-7.9174191e-03;1.0250000e+02;-1.8729921e-03;1.0250000e+02;1.0087288e-02;1.0250000e+02;2.7382942e-02;1.0250000e+02;4.9723372e-02;1.0250000e+02;7.4052058e-02;1.0250000e+02;9.7259954e-02;1.0250000e+02;1.1883686e-01;1.0250000e+02;1.3779750e-01;1.0250000e+02;1.5865502e-01;1.0250000e+02;1.8615317e-01;1.0250000e+02;2.1347974e-01;1.0250000e+02;2.2854938e-01;1.0250000e+02;2.1615171e-01;1.0250000e+02;1.8100978e-01;1.0250000e+02;1.3253447e-01;1.0250000e+02;8.1946649e-02;1.0250000e+02;3.6174729e-02;1.0250000e+02;-7.9174191e-03;1.0250000e+02;-1.8729921e-03;1.0250000e+02;1.0087288e-02;1.0250000e+02;2.7382942e-02;1.0250000e+02;4.9723372e-02;1.0250000e+02;7.4052058e-02;1.0250000e+02;9.7259954e-02;1.0250000e+02;1.1883686e-01;1.0250000e+02;1.3779750e-01;1.0250000e+02;1.5865502e-01;1.0250000e+02;1.8615317e-01;1.0250000e+02;2.1347974e-01;1.0250000e+02;2.2854938e-01;1.0250000e+02;2.1615171e-01;1.0250000e+02;1.8100978e-01;1.0250000e+02;1.3253447e-01;1.0250000e+02;8.1946649e-02;1.0250000e+02;3.6174729e-02;1.0250000e+02;-7.9174191e-03;1.0250000e+02;-1.8729921e-03;1.0250000e+02;1.0087288e-02;1.0250000e+02;2.7382942e-02;1.0250000e+02;4.9723372e-02;1.0250000e+02;7.4052058e-02;1.0250000e+02;9.7259954e-02;1.0250000e+02;1.1883686e-01;1.0250000e+02;1.3779750e-01;1.0250000e+02;1.5865502e-01;1.0250000e+02;1.8615317e-01;1.0250000e+02;2.1347974e-01;1.0250000e+02;2.2854938e-01;1.0250000e+02;2.1615171e-01;1.0250000e+02;1.8100978e-01;1.0250000e+02;1.3253447e-01;1.0250000e+02;8.1946649e-02;1.0250000e+02;3.6174729e-02;1.0250000e+02;-7.9174191e-03;1.0250000e+02;-1.8729921e-03;1.0250000e+02;1.0087288e-02;1.0250000e+02;2.7382942e-02;1.0250000e+02;4.9723372e-02;1.0250000e+02;7.4052058e-02;1.0250000e+02;9.7259954e-02;1.0250000e+02;1.1883686e-01;1.0250000e+02;1.3779750e-01;1.0250000e+02;1.5865502e-01;1.0250000e+02;1.8615317e-01;1.0250000e+02;2.1347974e-01;1.0250000e+02;2.2854938e-01;1.0250000e+02;2.1615171e-01;1.0250000e+02;1.8100978e-01;1.0250000e+02;1.3253447e-01;1.0250000e+02;8.1946649e-02;1.0250000e+02;3.6174729e-02;1.0250000e+02;-7.9174191e-03;1.0250000e+02;-1.8729921e-03;1.0250000e+02;1.0087288e-02;1.0250000e+02;2.7382942e-02;1.0250000e+02;4.9723372e-02;1.0250000e+02;7.4052058e-02;1.0250000e+02;9.7259954e-02;1.0250000e+02;1.1883686e-01;1.0250000e+02;1.3779750e-01;1.0250000e+02;1.5865502e-01;1.0250000e+02;1.8615317e-01;1.0250000e+02;2.1347974e-01;1.0250000e+02;2.2854938e-01;1.0250000e+02;2.1615171e-01;1.0250000e+02;1.8100978e-01;1.0250000e+02;1.3253447e-01;1.0250000e+02;8.1946649e-02;1.0250000e+02;3.6174729e-02;1.0250000e+02;-7.9174191e-03;1.0250000e+02;-1.8729921e-03;1.0250000e+02;1.0087288e-02;1.0250000e+02;2.7382942e-02;1.0250000e+02;4.9723372e-02;1.0250000e+02;7.4052058e-02;1.0250000e+02;9.7259954e-02;1.0250000e+02;1.1883686e-01;1.0250000e+02;1.3779750e-01;1.0250000e+02;1.5865502e-01;1.0250000e+02;1.8615317e-01;1.0250000e+02;2.1347974e-01;1.0250000e+02;2.2854938e-01;1.0250000e+02;2.1615171e-01;1.0250000e+02;1.8100978e-01;1.0250000e+02;1.3253447e-01;1.0250000e+02;8.1946649e-02;1.0250000e+02;3.6174729e-02;1.0250000e+02;-7.9174191e-03;1.0250000e+02;-1.8729921e-03;1.0250000e+02;1.0087288e-02;1.0250000e+02;2.7382942e-02;1.0250000e+02;4.9723372e-02;1.0250000e+02;7.4052058e-02;1.0250000e+02;9.7259954e-02;1.0250000e+02;1.1883686e-01;1.0250000e+02;1.3779750e-01;1.0250000e+02;1.5865502e-01;1.0250000e+02;1.8615317e-01;1.0250000e+02;2.1347974e-01;1.0250000e+02;2.2854938e-01;1.0250000e+02;2.1615171e-01;1.0250000e+02;1.8100978e-01;1.0250000e+02;1.3253447e-01;1.0250000e+02;8.1946649e-02;1.0250000e+02;3.6174729e-02;1.0250000e+02;-7.9174191e-03;1.0250000e+02;-1.8729921e-03;1.0250000e+02;1.0087288e-02;1.0250000e+02;2.7382942e-02;1.0250000e+02;4.9723372e-02;1.0250000e+02;7.4052058e-02;1.0250000e+02;9.7259954e-02;1.0250000e+02;1.1883686e-01;1.0250000e+02;1.3779750e-01;1.0250000e+02;1.5865502e-01;1.0250000e+02;1.8615317e-01;1.0250000e+02;2.1347974e-01;1.0250000e+02;2.2854938e-01;1.0250000e+02;2.1615171e-01;1.0250000e+02;1.8100978e-01;1.0250000e+02;1.3253447e-01;1.0250000e+02;8.1946649e-02;1.0250000e+02;3.6174729e-02;1.0250000e+02;-7.9174191e-03;1.0250000e+02;-1.8729921e-03;1.0250000e+02;1.0087288e-02;1.0250000e+02;2.7382942e-02;1.0250000e+02;4.9723372e-02;1.0250000e+02;7.4052058e-02;1.0250000e+02;9.7259954e-02;1.0250000e+02;1.1883686e-01;1.0250000e+02;1.3779750e-01;1.0250000e+02;1.5865502e-01;1.0250000e+02;1.8615317e-01;1.0250000e+02;2.1347974e-01;1.0250000e+02;2.2854938e-01;1.0250000e+02;2.1615171e-01;1.0250000e+02;1.8100978e-01;1.0250000e+02;1.3253447e-01;1.0250000e+02;8.1946649e-02;1.0250000e+02;3.6174729e-02;1.0250000e+02;-7.9174191e-03;1.0250000e+02;-1.8729921e-03;1.0250000e+02;1.0087288e-02;1.0250000e+02;2.7382942e-02;1.0250000e+02;4.9723372e-02;1.0250000e+02;7.4052058e-02;1.0250000e+02;9.7259954e-02;1.0250000e+02;1.1883686e-01;1.0250000e+02;1.3779750e-01;1.0250000e+02;1.5865502e-01;1.0250000e+02;1.8615317e-01;1.0250000e+02;2.1347974e-01;1.0250000e+02;2.2854938e-01;1.0250000e+02;2.1615171e-01;1.0250000e+02;1.8100978e-01;1.0250000e+02;1.3253447e-01;1.0250000e+02;8.1946649e-02;1.0250000e+02;3.6174729e-02;1.0250000e+02;-7.9174191e-03;1.0250000e+02;-1.8729921e-03;1.0250000e+02;1.0087288e-02;1.0250000e+02;2.7382942e-02;1.0250000e+02;4.9723372e-02;1.0250000e+02;7.4052058e-02;1.0250000e+02;9.7259954e-02;1.0250000e+02;1.1883686e-01;1.0250000e+02;1.3779750e-01;1.0250000e+02;1.5865502e-01;1.0250000e+02;1.8615317e-01;1.0250000e+02;2.1347974e-01;1.0250000e+02;2.2854938e-01;1.0250000e+02;2.1615171e-01;1.0250000e+02;1.8100978e-01;1.0250000e+02;1.3253447e-01;1.0250000e+02;8.1946649e-02;1.0250000e+02;3.6174729e-02;1.0250000e+02;-7.9174191e-03;1.0250000e+02;-1.8729921e-03;1.0250000e+02;1.0087288e-02;1.0250000e+02;2.7382942e-02;1.0250000e+02;4.9723372e-02;1.0250000e+02;7.4052058e-02;1.0250000e+02;9.7259954e-02;1.0250000e+02;1.1883686e-01;1.0250000e+02;1.3779750e-01;1.0250000e+02;1.5865502e-01;1.0250000e+02;1.8615317e-01;1.0250000e+02;2.1347974e-01;1.0250000e+02;2.2854938e-01;1.0250000e+02;2.1615171e-01;1.0250000e+02;1.8100978e-01;1.0250000e+02;1.3253447e-01;1.0250000e+02;8.1946649e-02;1.0250000e+02;3.6174729e-02;1.0250000e+02;-7.9174191e-03;1.0250000e+02;-1.8729921e-03;1.0250000e+02;1.0087288e-02;1.0250000e+02;2.7382942e-02;1.0250000e+02;4.9723372e-02;1.0250000e+02;7.4052058e-02;1.0250000e+02;9.7259954e-02;1.0250000e+02;1.1883686e-01;1.0250000e+02;1.3779750e-01;1.0250000e+02;1.5865502e-01;1.0250000e+02;1.8615317e-01;1.0250000e+02;2.1347974e-01;1.0250000e+02;2.2854938e-01;1.0250000e+02;2.1615171e-01;1.0250000e+02;1.8100978e-01;1.0250000e+02;1.3253447e-01;1.0250000e+02;8.1946649e-02;1.0250000e+02;3.6174729e-02;1.0250000e+02;-7.9174191e-03;1.0250000e+02;-1.8729921e-03;1.0250000e+02;1.0087288e-02;1.0250000e+02;2.7382942e-02;1.0250000e+02;4.9723372e-02;1.0250000e+02;7.4052058e-02;1.0250000e+02;9.7259954e-02;1.0250000e+02;1.1883686e-01;1.0250000e+02;1.3779750e-01;1.0250000e+02;1.5865502e-01;1.0250000e+02;1.8615317e-01;1.0250000e+02;2.1347974e-01;1.0250000e+02;2.2854938e-01;1.0250000e+02;2.1615171e-01;1.0250000e+02;1.8100978e-01;1.0250000e+02;1.3253447e-01;1.0250000e+02;8.1946649e-02;1.0250000e+02;3.6174729e-02;1.0250000e+02;-7.9174191e-03;1.0250000e+02;-1.8729921e-03;1.0250000e+02;1.0087288e-02;1.0250000e+02;2.7382942e-02;1.0250000e+02;4.9723372e-02;1.0250000e+02;7.4052058e-02;1.0250000e+02;9.7259954e-02;1.0250000e+02;1.1883686e-01;1.0250000e+02;1.3779750e-01;1.0250000e+02;1.5865502e-01;1.0250000e+02;1.8615317e-01;1.0250000e+02;2.1347974e-01;1.0250000e+02;2.2854938e-01;1.0250000e+02;2.1615171e-01;1.0250000e+02;1.8100978e-01;1.0250000e+02;1.3253447e-01;1.0250000e+02;8.1946649e-02;1.0250000e+02;3.6174729e-02;1.0250000e+02;-7.9174191e-03;1.0250000e+02;-1.8729921e-03;1.0250000e+02;1.0087288e-02;1.0250000e+02;2.7382942e-02;1.0250000e+02;4.9723372e-02;1.0250000e+02;7.4052058e-02;1.0250000e+02;9.7259954e-02;1.0250000e+02;1.1883686e-01;1.0250000e+02;1.3779750e-01;1.0250000e+02;1.5865502e-01;1.0250000e+02;1.8615317e-01;1.0250000e+02;2.1347974e-01;1.0250000e+02;2.2854938e-01;1.0250000e+02;2.1615171e-01;1.0250000e+02;1.8100978e-01;1.0250000e+02;1.3253447e-01;1.0250000e+02;8.1946649e-02;1.0250000e+02;3.6174729e-02;1.0250000e+02;-7.9174191e-03;1.0250000e+02;-1.8729921e-03;1.0250000e+02;1.0087288e-02;1.0250000e+02;2.7382942e-02;1.0250000e+02;4.9723372e-02;1.0250000e+02;7.4052058e-02;1.0250000e+02;9.7259954e-02;1.0250000e+02;1.1883686e-01;1.0250000e+02;1.3779750e-01;1.0250000e+02;1.5865502e-01;1.0250000e+02;1.8615317e-01;1.0250000e+02;2.1347974e-01;1.0250000e+02;2.2854938e-01;1.0250000e+02;2.1615171e-01;1.0250000e+02;1.8100978e-01;1.0250000e+02;1.3253447e-01;1.0250000e+02;8.1946649e-02;1.0250000e+02;3.6174729e-02;1.0250000e+02;-7.9174191e-03;1.0250000e+02;-1.8729921e-03;1.0250000e+02;1.0087288e-02;1.0250000e+02;2.7382942e-02;1.0250000e+02;4.9723372e-02;1.0250000e+02;7.4052058e-02;1.0250000e+02;9.7259954e-02;1.0250000e+02;1.1883686e-01;1.0250000e+02;1.3779750e-01;1.0250000e+02;1.5865502e-01;1.0250000e+02;1.8615317e-01;1.0250000e+02;2.1347974e-01;1.0250000e+02;2.2854938e-01;1.0250000e+02;2.1615171e-01;1.0250000e+02;1.8100978e-01;1.0250000e+02;1.3253447e-01;1.0250000e+02;8.1946649e-02;1.0250000e+02;3.6174729e-02;1.0250000e+02;-7.9174191e-03;1.0250000e+02;-1.8729921e-03;1.0250000e+02;1.0087288e-02;1.0250000e+02;2.7382942e-02;1.0250000e+02;4.9723372e-02;1.0250000e+02;7.4052058e-02;1.0250000e+02;9.7259954e-02;1.0250000e+02;1.1883686e-01;1.0250000e+02;1.3779750e-01;1.0250000e+02;1.5865502e-01;1.0250000e+02;1.8615317e-01;1.0250000e+02;2.1347974e-01;1.0250000e+02;2.2854938e-01;1.0250000e+02;2.1615171e-01;1.0250000e+02;1.8100978e-01;1.0250000e+02;1.3253447e-01;1.0250000e+02;8.1946649e-02;1.0250000e+02;3.6174729e-02;1.0250000e+02;-7.9174191e-03;1.0250000e+02;-1.8729921e-03;1.0250000e+02;1.0087288e-02;1.0250000e+02;2.7382942e-02;1.0250000e+02;4.9723372e-02;1.0250000e+02;7.4052058e-02;1.0250000e+02;9.7259954e-02;1.0250000e+02;1.1883686e-01;1.0250000e+02;1.3779750e-01;1.0250000e+02;1.5865502e-01;1.0250000e+02;1.8615317e-01;1.0250000e+02;2.1347974e-01;1.0250000e+02;2.2854938e-01;1.0250000e+02;2.1615171e-01;1.0250000e+02;1.8100978e-01;1.0250000e+02;1.3253447e-01;1.0250000e+02;8.1946649e-02;1.0250000e+02;3.6174729e-02;1.0250000e+02;-7.9174191e-03;1.0250000e+02;-1.8729921e-03;1.0250000e+02;1.0087288e-02;1.0250000e+02;2.7382942e-02;1.0250000e+02;4.9723372e-02;1.0250000e+02;7.4052058e-02;1.0250000e+02;9.7259954e-02;1.0250000e+02;1.1883686e-01;1.0250000e+02;1.3779750e-01;1.0250000e+02;1.5865502e-01;1.0250000e+02;1.8615317e-01;1.0250000e+02;2.1347974e-01;1.0250000e+02;2.2854938e-01;1.0250000e+02;2.1615171e-01;1.0250000e+02;1.8100978e-01;1.0250000e+02;1.3253447e-01;1.0250000e+02;8.1946649e-02;1.0250000e+02;3.6174729e-02;1.0250000e+02;-7.9174191e-03;1.0250000e+02;-1.8729921e-03;1.0250000e+02;1.0087288e-02;1.0250000e+02;2.7382942e-02;1.0250000e+02;4.9723372e-02;1.0250000e+02;7.4052058e-02;1.0250000e+02;9.7259954e-02;1.0250000e+02;1.1883686e-01;1.0250000e+02;1.3779750e-01;1.0250000e+02;1.5865502e-01;1.0250000e+02;1.8615317e-01;1.0250000e+02;2.1347974e-01;1.0250000e+02;2.2854938e-01;1.0250000e+02;2.1615171e-01;1.0250000e+02;1.8100978e-01;1.0250000e+02;1.3253447e-01;1.0250000e+02;8.1946649e-02;1.0250000e+02;3.6174729e-02;1.0250000e+02;-7.9174191e-03;1.0250000e+02;-1.8729921e-03;1.0250000e+02;1.0087288e-02;1.0250000e+02;2.7382942e-02;1.0250000e+02;4.9723372e-02;1.0250000e+02;7.4052058e-02;1.0250000e+02;9.7259954e-02;1.0250000e+02;1.1883686e-01;1.0250000e+02;1.3779750e-01;1.0250000e+02;1.5865502e-01;1.0250000e+02;1.8615317e-01;1.0250000e+02;2.1347974e-01;1.0250000e+02;2.2854938e-01;1.0250000e+02;2.1615171e-01;1.0250000e+02;1.8100978e-01;1.0250000e+02;1.3253447e-01;1.0250000e+02;8.1946649e-02;1.0250000e+02;3.6174729e-02;1.0250000e+02;-7.9174191e-03;1.0250000e+02;-1.8729921e-03;1.0250000e+02;1.0087288e-02;1.0250000e+02;2.7382942e-02;1.0250000e+02;4.9723372e-02;1.0250000e+02;7.4052058e-02;1.0250000e+02;9.7259954e-02;1.0250000e+02;1.1883686e-01;1.0250000e+02;1.3779750e-01;1.0250000e+02;1.5865502e-01;1.0250000e+02;1.8615317e-01;1.0250000e+02;2.1347974e-01;1.0250000e+02;2.2854938e-01;1.0250000e+02;2.1615171e-01;1.0250000e+02;1.8100978e-01;1.0250000e+02;1.3253447e-01;1.0250000e+02;8.1946649e-02;1.0250000e+02;3.6174729e-02;1.0250000e+02;-7.9174191e-03;1.0250000e+02;-1.8729921e-03;1.0250000e+02;1.0087288e-02;1.0250000e+02;2.7382942e-02;1.0250000e+02;4.9723372e-02;1.0250000e+02;7.4052058e-02;1.0250000e+02;9.7259954e-02;1.0250000e+02;1.1883686e-01;1.0250000e+02;1.3779750e-01;1.0250000e+02;1.5865502e-01;1.0250000e+02;1.8615317e-01;1.0250000e+02;2.1347974e-01;1.0250000e+02;2.2854938e-01;1.0250000e+02;2.1615171e-01;1.0250000e+02;1.8100978e-01;1.0250000e+02;1.3253447e-01;1.0250000e+02;8.1946649e-02;1.0250000e+02;3.6174729e-02;1.0250000e+02;-7.9174191e-03;1.0250000e+02;-1.8729921e-03;1.0250000e+02;1.0087288e-02;1.0250000e+02;2.7382942e-02;1.0250000e+02;4.9723372e-02;1.0250000e+02;7.4052058e-02;1.0250000e+02;9.7259954e-02;1.0250000e+02;1.1883686e-01;1.0250000e+02;1.3779750e-01;1.0250000e+02;1.5865502e-01;1.0250000e+02;1.8615317e-01;1.0250000e+02;2.1347974e-01;1.0250000e+02;2.2854938e-01;1.0250000e+02;2.1615171e-01;1.0250000e+02;1.8100978e-01;1.0250000e+02;1.3253447e-01;1.0250000e+02;8.1946649e-02;1.0250000e+02;3.6174729e-02;1.0250000e+02;-7.9174191e-03;1.0250000e+02;-1.8729921e-03;1.0250000e+02;1.0087288e-02;1.0250000e+02;2.7382942e-02;1.0250000e+02;4.9723372e-02;1.0250000e+02;7.4052058e-02;1.0250000e+02;9.7259954e-02;1.0250000e+02;1.1883686e-01;1.0250000e+02;1.3779750e-01;1.0250000e+02;1.5865502e-01;1.0250000e+02;1.8615317e-01;1.0250000e+02;2.1347974e-01;1.0250000e+02;2.2854938e-01;1.0250000e+02;2.1615171e-01;1.0250000e+02;1.8100978e-01;1.0250000e+02;1.3253447e-01;1.0250000e+02;8.1946649e-02;1.0250000e+02;3.6174729e-02;1.0250000e+02;-7.9174191e-03;1.0250000e+02;-1.8729921e-03;1.0250000e+02;1.0087288e-02;1.0250000e+02;2.7382942e-02;1.0250000e+02;4.9723372e-02;1.0250000e+02;7.4052058e-02;1.0250000e+02;9.7259954e-02;1.0250000e+02;1.1883686e-01;1.0250000e+02;1.3779750e-01;1.0250000e+02;1.5865502e-01;1.0250000e+02;1.8615317e-01;1.0250000e+02;2.1347974e-01;1.0250000e+02;2.2854938e-01;1.0250000e+02;2.1615171e-01;1.0250000e+02;1.8100978e-01;1.0250000e+02;1.3253447e-01;1.0250000e+02;8.1946649e-02;1.0250000e+02;3.6174729e-02;1.0250000e+02;-7.9174191e-03;1.0250000e+02;-1.8729921e-03;1.0250000e+02;1.0087288e-02;1.0250000e+02;2.7382942e-02;1.0250000e+02;4.9723372e-02;1.0250000e+02;7.4052058e-02;1.0250000e+02;9.7259954e-02;1.0250000e+02;1.1883686e-01;1.0250000e+02;1.3779750e-01;1.0250000e+02;1.5865502e-01;1.0250000e+02;1.8615317e-01;1.0250000e+02;2.1347974e-01;1.0250000e+02;2.2854938e-01;1.0250000e+02;2.1615171e-01;1.0250000e+02;1.8100978e-01;1.0250000e+02;1.3253447e-01;1.0250000e+02;8.1946649e-02;1.0250000e+02;3.6174729e-02;1.0250000e+02;-7.9174191e-03;1.0250000e+02;-1.8729921e-03;1.0250000e+02;1.0087288e-02;1.0250000e+02;2.7382942e-02;1.0250000e+02;4.9723372e-02;1.0250000e+02;7.4052058e-02;1.0250000e+02;9.7259954e-02;1.0250000e+02;1.1883686e-01;1.0250000e+02;1.3779750e-01;1.0250000e+02;1.5865502e-01;1.0250000e+02;1.8615317e-01;1.0250000e+02;2.1347974e-01;1.0250000e+02;2.2854938e-01;1.0250000e+02;2.1615171e-01;1.0250000e+02;1.8100978e-01;1.0250000e+02;1.3253447e-01;1.0250000e+02;8.1946649e-02;1.0250000e+02;3.6174729e-02;1.0250000e+02;-7.9174191e-03;1.0250000e+02;-1.8729921e-03;1.0250000e+02;1.0087288e-02;1.0250000e+02;2.7382942e-02;1.0250000e+02;4.9723372e-02;1.0250000e+02;7.4052058e-02;1.0250000e+02;9.7259954e-02;1.0250000e+02;1.1883686e-01;1.0250000e+02;1.3779750e-01;1.0250000e+02;1.5865502e-01;1.0250000e+02;1.8615317e-01;1.0250000e+02;2.1347974e-01;1.0250000e+02;2.2854938e-01;1.0250000e+02;2.1615171e-01;1.0250000e+02;1.8100978e-01;1.0250000e+02;1.3253447e-01;1.0250000e+02;8.1946649e-02;1.0250000e+02;3.6174729e-02;1.0250000e+02;-7.9174191e-03;1.0250000e+02;-1.8729921e-03;1.0250000e+02;1.0087288e-02;1.0250000e+02;2.7382942e-02;1.0250000e+02;4.9723372e-02;1.0250000e+02;7.4052058e-02;1.0250000e+02;9.7259954e-02;1.0250000e+02;1.1883686e-01;1.0250000e+02;1.3779750e-01;1.0250000e+02;1.5865502e-01;1.0250000e+02;1.8615317e-01;1.0250000e+02;2.1347974e-01;1.0250000e+02;2.2854938e-01;1.0250000e+02;2.1615171e-01;1.0250000e+02;1.8100978e-01;1.0250000e+02;1.3253447e-01;1.0250000e+02;8.1946649e-02;1.0250000e+02;3.6174729e-02;1.0250000e+02;-7.9174191e-03;1.0250000e+02;-1.8729921e-03;1.0250000e+02;1.0087288e-02;1.0250000e+02;2.7382942e-02;1.0250000e+02;4.9723372e-02;1.0250000e+02;7.4052058e-02;1.0250000e+02;9.7259954e-02;1.0250000e+02;1.1883686e-01;1.0250000e+02;1.3779750e-01;1.0250000e+02;1.5865502e-01;1.0250000e+02;1.8615317e-01;1.0250000e+02;2.1347974e-01;1.0250000e+02;2.2854938e-01;1.0250000e+02;2.1615171e-01;1.0250000e+02;1.8100978e-01;1.0250000e+02;1.3253447e-01;1.0250000e+02;8.1946649e-02;1.0250000e+02;3.6174729e-02;1.0250000e+02;-7.9174191e-03;1.0250000e+02;-1.8729921e-03;1.0250000e+02;1.0087288e-02;1.0250000e+02;2.7382942e-02;1.0250000e+02;4.9723372e-02;1.0250000e+02;7.4052058e-02;1.0250000e+02;9.7259954e-02;1.0250000e+02;1.1883686e-01;1.0250000e+02;1.3779750e-01;1.0250000e+02;1.5865502e-01;1.0250000e+02;1.8615317e-01;1.0250000e+02;2.1347974e-01;1.0250000e+02;2.2854938e-01;1.0250000e+02;2.1615171e-01;1.0250000e+02;1.8100978e-01;1.0250000e+02;1.3253447e-01;1.0250000e+02;8.1946649e-02;1.0250000e+02;3.6174729e-02;1.0250000e+02;-7.9174191e-03;1.0250000e+02;-1.8729921e-03;1.0250000e+02;1.0087288e-02;1.0250000e+02;2.7382942e-02;1.0250000e+02;4.9723372e-02;1.0250000e+02;7.4052058e-02;1.0250000e+02;9.7259954e-02;1.0250000e+02;1.1883686e-01;1.0250000e+02;1.3779750e-01;1.0250000e+02;1.5865502e-01;1.0250000e+02;1.8615317e-01;1.0250000e+02;2.1347974e-01;1.0250000e+02;2.2854938e-01;1.0250000e+02;2.1615171e-01;1.0250000e+02;1.8100978e-01;1.0250000e+02;1.3253447e-01;1.0250000e+02;8.1946649e-02;1.0250000e+02;3.6174729e-02;1.0250000e+02;-7.9174191e-03;1.0250000e+02;-1.8729921e-03;1.0250000e+02;1.0087288e-02;1.0250000e+02;2.7382942e-02;1.0250000e+02;4.9723372e-02;1.0250000e+02;7.4052058e-02;1.0250000e+02;9.7259954e-02;1.0250000e+02;1.1883686e-01;1.0250000e+02;1.3779750e-01;1.0250000e+02;1.5865502e-01;1.0250000e+02;1.8615317e-01;1.0250000e+02;2.1347974e-01;1.0250000e+02;2.2854938e-01;1.0250000e+02;2.1615171e-01;1.0250000e+02;1.8100978e-01;1.0250000e+02;1.3253447e-01;1.0250000e+02;8.1946649e-02;1.0250000e+02;3.6174729e-02;1.0250000e+02;-7.9174191e-03;1.0250000e+02;-1.8729921e-03;1.0250000e+02;1.0087288e-02;1.0250000e+02;2.7382942e-02;1.0250000e+02;4.9723372e-02;1.0250000e+02;7.4052058e-02;1.0250000e+02;9.7259954e-02;1.0250000e+02;1.1883686e-01;1.0250000e+02;1.3779750e-01;1.0250000e+02;1.5865502e-01;1.0250000e+02;1.8615317e-01;1.0250000e+02;2.1347974e-01;1.0250000e+02;2.2854938e-01;1.0250000e+02;2.1615171e-01;1.0250000e+02;1.8100978e-01;1.0250000e+02;1.3253447e-01;1.0250000e+02;8.1946649e-02;1.0250000e+02;3.6174729e-02;1.0250000e+02;-7.9174191e-03;1.0250000e+02;-1.8729921e-03;1.0250000e+02;1.0087288e-02;1.0250000e+02;2.7382942e-02;1.0250000e+02;4.9723372e-02;1.0250000e+02;7.4052058e-02;1.0250000e+02;9.7259954e-02;1.0250000e+02;1.1883686e-01;1.0250000e+02;1.3779750e-01;1.0250000e+02;1.5865502e-01;1.0250000e+02;1.8615317e-01;1.0250000e+02;2.1347974e-01;1.0250000e+02;2.2854938e-01;1.0250000e+02;2.1615171e-01;1.0250000e+02;1.8100978e-01;1.0250000e+02;1.3253447e-01;1.0250000e+02;8.1946649e-02;1.0250000e+02;3.6174729e-02;1.0250000e+02;-7.9174191e-03;1.0250000e+02;-1.8729921e-03;1.0250000e+02;1.0087288e-02;1.0250000e+02;2.7382942e-02;1.0250000e+02;4.9723372e-02;1.0250000e+02;7.4052058e-02;1.0250000e+02;9.7259954e-02;1.0250000e+02;1.1883686e-01;1.0250000e+02;1.3779750e-01;1.0250000e+02;1.5865502e-01;1.0250000e+02;1.8615317e-01;1.0250000e+02;2.1347974e-01;1.0250000e+02;2.2854938e-01;1.0250000e+02;2.1615171e-01;1.0250000e+02;1.8100978e-01;1.0250000e+02;1.3253447e-01;1.0250000e+02;8.1946649e-02;1.0250000e+02;3.6174729e-02;1.0250000e+02;-7.9174191e-03;1.0250000e+02;-1.8729921e-03;1.0250000e+02;1.0087288e-02;1.0250000e+02;2.7382942e-02;1.0250000e+02;4.9723372e-02;1.0250000e+02;7.4052058e-02;1.0250000e+02;9.7259954e-02;1.0250000e+02;1.1883686e-01;1.0250000e+02;1.3779750e-01;1.0250000e+02;1.5865502e-01;1.0250000e+02;1.8615317e-01;1.0250000e+02;2.1347974e-01;1.0250000e+02;2.2854938e-01;1.0250000e+02;2.1615171e-01;1.0250000e+02;1.8100978e-01;1.0250000e+02;1.3253447e-01;1.0250000e+02;8.1946649e-02;1.0250000e+02;3.6174729e-02;1.0250000e+02;-7.9174191e-03;1.0250000e+02;-1.8729921e-03;1.0250000e+02;1.0087288e-02;1.0250000e+02;2.7382942e-02;1.0250000e+02;4.9723372e-02;1.0250000e+02;7.4052058e-02;1.0250000e+02;9.7259954e-02;1.0250000e+02;1.1883686e-01;1.0250000e+02;1.3779750e-01;1.0250000e+02;1.5865502e-01;1.0250000e+02;1.8615317e-01;1.0250000e+02;2.1347974e-01;1.0250000e+02;2.2854938e-01;1.0250000e+02;2.1615171e-01;1.0250000e+02;1.8100978e-01;1.0250000e+02;1.3253447e-01;1.0250000e+02;8.1946649e-02;1.0250000e+02;3.6174729e-02;1.0250000e+02;-7.9174191e-03;1.0250000e+02;-1.8729921e-03;1.0250000e+02;1.0087288e-02;1.0250000e+02;2.7382942e-02;1.0250000e+02;4.9723372e-02;1.0250000e+02;7.4052058e-02;1.0250000e+02;9.7259954e-02;1.0250000e+02;1.1883686e-01;1.0250000e+02;1.3779750e-01;1.0250000e+02;1.5865502e-01;1.0250000e+02;1.8615317e-01;1.0250000e+02;2.1347974e-01;1.0250000e+02;2.2854938e-01;1.0250000e+02;2.1615171e-01;1.0250000e+02;1.8100978e-01;1.0250000e+02;1.3253447e-01;1.0250000e+02;8.1946649e-02;1.0250000e+02;3.6174729e-02;1.0250000e+02;-7.9174191e-03;1.0250000e+02;-1.8729921e-03;1.0250000e+02;1.0087288e-02;1.0250000e+02;2.7382942e-02;1.0250000e+02;4.9723372e-02;1.0250000e+02;7.4052058e-02;1.0250000e+02;9.7259954e-02;1.0250000e+02;1.1883686e-01;1.0250000e+02;1.3779750e-01;1.0250000e+02;1.5865502e-01;1.0250000e+02;1.8615317e-01;1.0250000e+02;2.1347974e-01;1.0250000e+02;2.2854938e-01;1.0250000e+02;2.1615171e-01;1.0250000e+02;1.8100978e-01;1.0250000e+02;1.3253447e-01;1.0250000e+02;8.1946649e-02;1.0250000e+02;3.6174729e-02;1.0250000e+02;-7.9174191e-03;1.0250000e+02;-1.8729921e-03;1.0250000e+02;1.0087288e-02;1.0250000e+02;2.7382942e-02;1.0250000e+02;4.9723372e-02;1.0250000e+02;7.4052058e-02;1.0250000e+02;9.7259954e-02;1.0250000e+02;1.1883686e-01;1.0250000e+02;1.3779750e-01;1.0250000e+02;1.5865502e-01;1.0250000e+02;1.8615317e-01;1.0250000e+02;2.1347974e-01;1.0250000e+02;2.2854938e-01;1.0250000e+02;2.1615171e-01;1.0250000e+02;1.8100978e-01;1.0250000e+02;1.3253447e-01;1.0250000e+02;8.1946649e-02;1.0250000e+02;3.6174729e-02;1.0250000e+02;-7.9174191e-03;1.0250000e+02;-1.8729921e-03;1.0250000e+02;1.0087288e-02;1.0250000e+02;2.7382942e-02;1.0250000e+02;4.9723372e-02;1.0250000e+02;7.4052058e-02;1.0250000e+02;9.7259954e-02;1.0250000e+02;1.1883686e-01;1.0250000e+02;1.3779750e-01;1.0250000e+02;1.5865502e-01;1.0250000e+02;1.8615317e-01;1.0250000e+02;2.1347974e-01;1.0250000e+02;2.2854938e-01;1.0250000e+02;2.1615171e-01;1.0250000e+02;1.8100978e-01;1.0250000e+02;1.3253447e-01;1.0250000e+02;8.1946649e-02;1.0250000e+02;3.6174729e-02;1.0250000e+02;-7.9174191e-03;1.0250000e+02;-1.8729921e-03;1.0250000e+02;1.0087288e-02;1.0250000e+02;2.7382942e-02;1.0250000e+02;4.9723372e-02;1.0250000e+02;7.4052058e-02;1.0250000e+02;9.7259954e-02;1.0250000e+02;1.1883686e-01;1.0250000e+02;1.3779750e-01;1.0250000e+02;1.5865502e-01;1.0250000e+02;1.8615317e-01;1.0250000e+02;2.1347974e-01;1.0250000e+02;2.2854938e-01;1.0250000e+02;2.1615171e-01;1.0250000e+02;1.8100978e-01;1.0250000e+02;1.3253447e-01;1.0250000e+02;8.1946649e-02;1.0250000e+02;3.6174729e-02;1.0250000e+02;-7.9174191e-03;1.0250000e+02;-1.8729921e-03;1.0250000e+02;1.0087288e-02;1.0250000e+02;2.7382942e-02;1.0250000e+02;4.9723372e-02;1.0250000e+02;7.4052058e-02;1.0250000e+02;9.7259954e-02;1.0250000e+02;1.1883686e-01;1.0250000e+02;1.3779750e-01;1.0250000e+02;1.5865502e-01;1.0250000e+02;1.8615317e-01;1.0250000e+02;2.1347974e-01;1.0250000e+02;2.2854938e-01;1.0250000e+02;2.1615171e-01;1.0250000e+02;1.8100978e-01;1.0250000e+02;1.3253447e-01;1.0250000e+02;8.1946649e-02;1.0250000e+02;3.6174729e-02;1.0250000e+02;-7.9174191e-03;1.0250000e+02;-1.8729921e-03;1.0250000e+02;1.0087288e-02;1.0250000e+02;2.7382942e-02;1.0250000e+02;4.9723372e-02;1.0250000e+02;7.4052058e-02;1.0250000e+02;9.7259954e-02;1.0250000e+02;1.1883686e-01;1.0250000e+02;1.3779750e-01;1.0250000e+02;1.5865502e-01;1.0250000e+02;1.8615317e-01;1.0250000e+02;2.1347974e-01;1.0250000e+02;2.2854938e-01;1.0250000e+02;2.1615171e-01;1.0250000e+02;1.8100978e-01;1.0250000e+02;1.3253447e-01;1.0250000e+02;8.1946649e-02;1.0250000e+02;3.6174729e-02;1.0250000e+02;-7.9174191e-03;1.0250000e+02;-1.8729921e-03;1.0250000e+02;1.0087288e-02;1.0250000e+02;2.7382942e-02;1.0250000e+02;4.9723372e-02;1.0250000e+02;7.4052058e-02;1.0250000e+02;9.7259954e-02;1.0250000e+02;1.1883686e-01;1.0250000e+02;1.3779750e-01;1.0250000e+02;1.5865502e-01;1.0250000e+02;1.8615317e-01;1.0250000e+02;2.1347974e-01;1.0250000e+02;2.2854938e-01;1.0250000e+02;2.1615171e-01;1.0250000e+02;1.8100978e-01;1.0250000e+02;1.3253447e-01;1.0250000e+02;8.1946649e-02;1.0250000e+02;3.6174729e-02;1.0250000e+02;-7.9174191e-03;1.0250000e+02;-1.8729921e-03;1.0250000e+02;1.0087288e-02;1.0250000e+02;2.7382942e-02;1.0250000e+02;4.9723372e-02;1.0250000e+02;7.4052058e-02;1.0250000e+02;9.7259954e-02;1.0250000e+02;1.1883686e-01;1.0250000e+02;1.3779750e-01;1.0250000e+02;1.5865502e-01;1.0250000e+02;1.8615317e-01;1.0250000e+02;2.1347974e-01;1.0250000e+02;2.2854938e-01;1.0250000e+02;2.1615171e-01;1.0250000e+02;1.8100978e-01;1.0250000e+02;1.3253447e-01;1.0250000e+02;8.1946649e-02;1.0250000e+02;3.6174729e-02;1.0250000e+02;-7.9174191e-03;1.0250000e+02;-1.8729921e-03;1.0250000e+02;1.0087288e-02;1.0250000e+02;2.7382942e-02;1.0250000e+02;4.9723372e-02;1.0250000e+02;7.4052058e-02;1.0250000e+02;9.7259954e-02;1.0250000e+02;1.1883686e-01;1.0250000e+02;1.3779750e-01;1.0250000e+02;1.5865502e-01;1.0250000e+02;1.8615317e-01;1.0250000e+02;2.1347974e-01;1.0250000e+02;2.2854938e-01;1.0250000e+02;2.1615171e-01;1.0250000e+02;1.8100978e-01;1.0250000e+02;1.3253447e-01;1.0250000e+02;8.1946649e-02;1.0250000e+02;3.6174729e-02;1.0250000e+02;-7.9174191e-03;1.0250000e+02;-1.8729921e-03;1.0250000e+02;1.0087288e-02;1.0250000e+02;2.7382942e-02;1.0250000e+02;4.9723372e-02;1.0250000e+02;7.4052058e-02;1.0250000e+02;9.7259954e-02;1.0250000e+02;1.1883686e-01;1.0250000e+02;1.3779750e-01;1.0250000e+02;1.5865502e-01;1.0250000e+02;1.8615317e-01;1.0250000e+02;2.1347974e-01;1.0250000e+02;2.2854938e-01;1.0250000e+02;2.1615171e-01;1.0250000e+02;1.8100978e-01;1.0250000e+02;1.3253447e-01;1.0250000e+02;8.1946649e-02;1.0250000e+02;3.6174729e-02;1.0250000e+02;-7.9174191e-03;1.0250000e+02;-1.8729921e-03;1.0250000e+02;1.0087288e-02;1.0250000e+02;2.7382942e-02;1.0250000e+02;4.9723372e-02;1.0250000e+02;7.4052058e-02;1.0250000e+02;9.7259954e-02;1.0250000e+02;1.1883686e-01;1.0250000e+02;1.3779750e-01;1.0250000e+02;1.5865502e-01;1.0250000e+02;1.8615317e-01;1.0250000e+02;2.1347974e-01;1.0250000e+02;2.2854938e-01;1.0250000e+02;2.1615171e-01;1.0250000e+02;1.8100978e-01;1.0250000e+02;1.3253447e-01;1.0250000e+02;8.1946649e-02;1.0250000e+02;3.6174729e-02;1.0250000e+02;-7.9174191e-03;1.0250000e+02;-1.8729921e-03;1.0250000e+02;1.0087288e-02;1.0250000e+02;2.7382942e-02;1.0250000e+02;4.9723372e-02;1.0250000e+02;7.4052058e-02;1.0250000e+02;9.7259954e-02;1.0250000e+02;1.1883686e-01;1.0250000e+02;1.3779750e-01;1.0250000e+02;1.5865502e-01;1.0250000e+02;1.8615317e-01;1.0250000e+02;2.1347974e-01;1.0250000e+02;2.2854938e-01;1.0250000e+02;2.1615171e-01;1.0250000e+02;1.8100978e-01;1.0250000e+02;1.3253447e-01;1.0250000e+02;8.1946649e-02;1.0250000e+02;3.6174729e-02;1.0250000e+02;-7.9174191e-03;1.0250000e+02;-1.8729921e-03;1.0250000e+02;1.0087288e-02;1.0250000e+02;2.7382942e-02;1.0250000e+02;4.9723372e-02;1.0250000e+02;7.4052058e-02;1.0250000e+02;9.7259954e-02;1.0250000e+02;1.1883686e-01;1.0250000e+02;1.3779750e-01;1.0250000e+02;1.5865502e-01;1.0250000e+02;1.8615317e-01;1.0250000e+02;2.1347974e-01;1.0250000e+02;2.2854938e-01;1.0250000e+02;2.1615171e-01;1.0250000e+02;1.8100978e-01;1.0250000e+02;1.3253447e-01;1.0250000e+02;8.1946649e-02;1.0250000e+02;3.6174729e-02;1.0250000e+02;-7.9174191e-03;1.0250000e+02;-1.8729921e-03;1.0250000e+02;1.0087288e-02;1.0250000e+02;2.7382942e-02;1.0250000e+02;4.9723372e-02;1.0250000e+02;7.4052058e-02;1.0250000e+02;9.7259954e-02;1.0250000e+02;1.1883686e-01;1.0250000e+02;1.3779750e-01;1.0250000e+02;1.5865502e-01;1.0250000e+02;1.8615317e-01;1.0250000e+02;2.1347974e-01;1.0250000e+02;2.2854938e-01;1.0250000e+02;2.1615171e-01;1.0250000e+02;1.8100978e-01;1.0250000e+02;1.3253447e-01;1.0250000e+02;8.1946649e-02;1.0250000e+02;3.6174729e-02;1.0250000e+02;-7.9174191e-03;1.0250000e+02;-1.8729921e-03;1.0250000e+02;1.0087288e-02;1.0250000e+02;2.7382942e-02;1.0250000e+02;4.9723372e-02;1.0250000e+02;7.4052058e-02;1.0250000e+02;9.7259954e-02;1.0250000e+02;1.1883686e-01;1.0250000e+02;1.3779750e-01;1.0250000e+02;1.5865502e-01;1.0250000e+02;1.8615317e-01;1.0250000e+02;2.1347974e-01;1.0250000e+02;2.2854938e-01;1.0250000e+02;2.1615171e-01;1.0250000e+02;1.8100978e-01;1.0250000e+02;1.3253447e-01;1.0250000e+02;8.1946649e-02;1.0250000e+02;3.6174729e-02;1.0250000e+02;-7.9174191e-03;1.0250000e+02;-1.8729921e-03;1.0250000e+02;1.0087288e-02;1.0250000e+02;2.7382942e-02;1.0250000e+02;4.9723372e-02;1.0250000e+02;7.4052058e-02;1.0250000e+02;9.7259954e-02;1.0250000e+02;1.1883686e-01;1.0250000e+02;1.3779750e-01;1.0250000e+02;1.5865502e-01;1.0250000e+02;1.8615317e-01;1.0250000e+02;2.1347974e-01;1.0250000e+02;2.2854938e-01;1.0250000e+02;2.1615171e-01;1.0250000e+02;1.8100978e-01;1.0250000e+02;1.3253447e-01;1.0250000e+02;8.1946649e-02;1.0250000e+02;3.6174729e-02;1.0250000e+02;-7.9174191e-03;1.0250000e+02;-1.8729921e-03;1.0250000e+02;1.0087288e-02;1.0250000e+02;2.7382942e-02;1.0250000e+02;4.9723372e-02;1.0250000e+02;7.4052058e-02;1.0250000e+02;9.7259954e-02;1.0250000e+02;1.1883686e-01;1.0250000e+02;1.3779750e-01;1.0250000e+02;1.5865502e-01;1.0250000e+02;1.8615317e-01;1.0250000e+02;2.1347974e-01;1.0250000e+02;2.2854938e-01;1.0250000e+02;2.1615171e-01;1.0250000e+02;1.8100978e-01;1.0250000e+02;1.3253447e-01;1.0250000e+02;8.1946649e-02;1.0250000e+02;3.6174729e-02;1.0250000e+02;-7.9174191e-03;1.0250000e+02;-1.8729921e-03;1.0250000e+02;1.0087288e-02;1.0250000e+02;2.7382942e-02;1.0250000e+02;4.9723372e-02;1.0250000e+02;7.4052058e-02;1.0250000e+02;9.7259954e-02;1.0250000e+02;1.1883686e-01;1.0250000e+02;1.3779750e-01;1.0250000e+02;1.5865502e-01;1.0250000e+02;1.8615317e-01;1.0250000e+02;2.1347974e-01;1.0250000e+02;2.2854938e-01;1.0250000e+02;2.1615171e-01;1.0250000e+02;1.8100978e-01;1.0250000e+02;1.3253447e-01;1.0250000e+02;8.1946649e-02;1.0250000e+02;3.6174729e-02;1.0250000e+02;-7.9174191e-03;1.0250000e+02;-1.8729921e-03;1.0250000e+02;1.0087288e-02;1.0250000e+02;2.7382942e-02;1.0250000e+02;4.9723372e-02;1.0250000e+02;7.4052058e-02;1.0250000e+02;9.7259954e-02;1.0250000e+02;1.1883686e-01;1.0250000e+02;1.3779750e-01;1.0250000e+02;1.5865502e-01;1.0250000e+02;1.8615317e-01;1.0250000e+02;2.1347974e-01;1.0250000e+02;2.2854938e-01;1.0250000e+02;2.1615171e-01;1.0250000e+02;1.8100978e-01;1.0250000e+02;1.3253447e-01;1.0250000e+02;8.1946649e-02;1.0250000e+02;3.6174729e-02;1.0250000e+02;-7.9174191e-03;1.0250000e+02;-1.8729921e-03;1.0250000e+02;1.0087288e-02;1.0250000e+02;2.7382942e-02;1.0250000e+02;4.9723372e-02;1.0250000e+02;7.4052058e-02;1.0250000e+02;9.7259954e-02;1.0250000e+02;1.1883686e-01;1.0250000e+02;1.3779750e-01;1.0250000e+02;1.5865502e-01;1.0250000e+02;1.8615317e-01;1.0250000e+02;2.1347974e-01;1.0250000e+02;2.2854938e-01;1.0250000e+02;2.1615171e-01;1.0250000e+02;1.8100978e-01;1.0250000e+02;1.3253447e-01;1.0250000e+02;8.1946649e-02;1.0250000e+02;3.6174729e-02;1.0250000e+02;-7.9174191e-03;1.0250000e+02;-1.8729921e-03;1.0250000e+02;1.0087288e-02;1.0250000e+02;2.7382942e-02;1.0250000e+02;4.9723372e-02;1.0250000e+02;7.4052058e-02;1.0250000e+02;9.7259954e-02;1.0250000e+02;1.1883686e-01;1.0250000e+02;1.3779750e-01;1.0250000e+02;1.5865502e-01;1.0250000e+02;1.8615317e-01;1.0250000e+02;2.1347974e-01;1.0250000e+02;2.2854938e-01;1.0250000e+02;2.1615171e-01;1.0250000e+02;1.8100978e-01;1.0250000e+02;1.3253447e-01;1.0250000e+02;8.1946649e-02;1.0250000e+02;3.6174729e-02;1.0250000e+02;-7.9174191e-03;1.0250000e+02;-1.8729921e-03;1.0250000e+02;1.0087288e-02;1.0250000e+02;2.7382942e-02;1.0250000e+02;4.9723372e-02;1.0250000e+02;7.4052058e-02;1.0250000e+02;9.7259954e-02;1.0250000e+02;1.1883686e-01;1.0250000e+02;1.3779750e-01;1.0250000e+02;1.5865502e-01;1.0250000e+02;1.8615317e-01;1.0250000e+02;2.1347974e-01;1.0250000e+02;2.2854938e-01;1.0250000e+02;2.1615171e-01;1.0250000e+02;1.8100978e-01;1.0250000e+02;1.3253447e-01;1.0250000e+02;8.1946649e-02;1.0250000e+02;3.6174729e-02;1.0250000e+02;-7.9174191e-03;1.0250000e+02;-1.8729921e-03;1.0250000e+02;1.0087288e-02;1.0250000e+02;2.7382942e-02;1.0250000e+02;4.9723372e-02;1.0250000e+02;7.4052058e-02;1.0250000e+02;9.7259954e-02;1.0250000e+02;1.1883686e-01;1.0250000e+02;1.3779750e-01;1.0250000e+02;1.5865502e-01;1.0250000e+02;1.8615317e-01;1.0250000e+02;2.1347974e-01;1.0250000e+02;2.2854938e-01;1.0250000e+02;2.1615171e-01;1.0250000e+02;1.8100978e-01;1.0250000e+02;1.3253447e-01;1.0250000e+02;8.1946649e-02;1.0250000e+02;3.6174729e-02;1.0250000e+02;-7.9174191e-03;1.0250000e+02;-1.8729921e-03;1.0250000e+02;1.0087288e-02;1.0250000e+02;2.7382942e-02;1.0250000e+02;4.9723372e-02;1.0250000e+02;7.4052058e-02;1.0250000e+02;9.7259954e-02;1.0250000e+02;1.1883686e-01;1.0250000e+02;1.3779750e-01;1.0250000e+02;1.5865502e-01;1.0250000e+02;1.8615317e-01;1.0250000e+02;2.1347974e-01;1.0250000e+02;2.2854938e-01;1.0250000e+02;2.1615171e-01;1.0250000e+02;1.8100978e-01;1.0250000e+02;1.3253447e-01;1.0250000e+02;8.1946649e-02;1.0250000e+02;3.6174729e-02;1.0250000e+02;-7.9174191e-03;1.0250000e+02;-1.8729921e-03;1.0250000e+02;1.0087288e-02;1.0250000e+02;2.7382942e-02;1.0250000e+02;4.9723372e-02;1.0250000e+02;7.4052058e-02;1.0250000e+02;9.7259954e-02;1.0250000e+02;1.1883686e-01;1.0250000e+02;1.3779750e-01;1.0250000e+02;1.5865502e-01;1.0250000e+02;1.8615317e-01;1.0250000e+02;2.1347974e-01;1.0250000e+02;2.2854938e-01;1.0250000e+02;2.1615171e-01;1.0250000e+02;1.8100978e-01;1.0250000e+02;1.3253447e-01;1.0250000e+02;8.1946649e-02;1.0250000e+02;3.6174729e-02;1.0250000e+02;-7.9174191e-03;1.0250000e+02;-1.8729921e-03;1.0250000e+02;1.0087288e-02;1.0250000e+02;2.7382942e-02;1.0250000e+02;4.9723372e-02;1.0250000e+02;7.4052058e-02;1.0250000e+02;9.7259954e-02;1.0250000e+02;1.1883686e-01;1.0250000e+02;1.3779750e-01;1.0250000e+02;1.5865502e-01;1.0250000e+02;1.8615317e-01;1.0250000e+02;2.1347974e-01;1.0250000e+02;2.2854938e-01;1.0250000e+02;2.1615171e-01;1.0250000e+02;1.8100978e-01;1.0250000e+02;1.3253447e-01;1.0250000e+02;8.1946649e-02;1.0250000e+02;3.6174729e-02;1.0250000e+02;-7.9174191e-03;1.0250000e+02;-1.8729921e-03;1.0250000e+02;1.0087288e-02;1.0250000e+02;2.7382942e-02;1.0250000e+02;4.9723372e-02;1.0250000e+02;7.4052058e-02;1.0250000e+02;9.7259954e-02;1.0250000e+02;1.1883686e-01;1.0250000e+02;1.3779750e-01;1.0250000e+02;1.5865502e-01;1.0250000e+02;1.8615317e-01;1.0250000e+02;2.1347974e-01;1.0250000e+02;2.2854938e-01;1.0250000e+02;2.1615171e-01;1.0250000e+02;1.8100978e-01;1.0250000e+02;1.3253447e-01;1.0250000e+02;8.1946649e-02;1.0250000e+02;3.6174729e-02;1.0250000e+02;-7.9174191e-03;1.0250000e+02;-1.8729921e-03;1.0250000e+02;1.0087288e-02;1.0250000e+02;2.7382942e-02;1.0250000e+02;4.9723372e-02;1.0250000e+02;7.4052058e-02;1.0250000e+02;9.7259954e-02;1.0250000e+02;1.1883686e-01;1.0250000e+02;1.3779750e-01;1.0250000e+02;1.5865502e-01;1.0250000e+02;1.8615317e-01;1.0250000e+02;2.1347974e-01;1.0250000e+02;2.2854938e-01;1.0250000e+02;2.1615171e-01;1.0250000e+02;1.8100978e-01;1.0250000e+02;1.3253447e-01;1.0250000e+02;8.1946649e-02;1.0250000e+02;3.6174729e-02;1.0250000e+02;-7.9174191e-03;1.0250000e+02;-1.8729921e-03;1.0250000e+02;1.0087288e-02;1.0250000e+02;2.7382942e-02;1.0250000e+02;4.9723372e-02;1.0250000e+02;7.4052058e-02;1.0250000e+02;9.7259954e-02;1.0250000e+02;1.1883686e-01;1.0250000e+02;1.3779750e-01;1.0250000e+02;1.5865502e-01;1.0250000e+02;1.8615317e-01;1.0250000e+02;2.1347974e-01;1.0250000e+02;2.2854938e-01;1.0250000e+02;2.1615171e-01;1.0250000e+02;1.8100978e-01;1.0250000e+02;1.3253447e-01;1.0250000e+02;8.1946649e-02;1.0250000e+02;3.6174729e-02;1.0250000e+02;-7.9174191e-03;1.0250000e+02;-1.8729921e-03;1.0250000e+02;1.0087288e-02;1.0250000e+02;2.7382942e-02;1.0250000e+02;4.9723372e-02;1.0250000e+02;7.4052058e-02;1.0250000e+02;9.7259954e-02;1.0250000e+02;1.1883686e-01;1.0250000e+02;1.3779750e-01;1.0250000e+02;1.5865502e-01;1.0250000e+02;1.8615317e-01;1.0250000e+02;2.1347974e-01;1.0250000e+02;2.2854938e-01;1.0250000e+02;2.1615171e-01;1.0250000e+02;1.8100978e-01;1.0250000e+02;1.3253447e-01;1.0250000e+02;8.1946649e-02;1.0250000e+02;3.6174729e-02;1.0250000e+02;-7.9174191e-03;1.0250000e+02;-1.8729921e-03;1.0250000e+02;1.0087288e-02;1.0250000e+02;2.7382942e-02;1.0250000e+02;4.9723372e-02;1.0250000e+02;7.4052058e-02;1.0250000e+02;9.7259954e-02;1.0250000e+02;1.1883686e-01;1.0250000e+02;1.3779750e-01;1.0250000e+02;1.5865502e-01;1.0250000e+02;1.8615317e-01;1.0250000e+02;2.1347974e-01;1.0250000e+02;2.2854938e-01;1.0250000e+02;2.1615171e-01;1.0250000e+02;1.8100978e-01;1.0250000e+02;1.3253447e-01;1.0250000e+02;8.1946649e-02;1.0250000e+02;3.6174729e-02;1.0250000e+02;-7.9174191e-03;1.0250000e+02;-1.8729921e-03;1.0250000e+02;1.0087288e-02;1.0250000e+02;2.7382942e-02;1.0250000e+02;4.9723372e-02;1.0250000e+02;7.4052058e-02;1.0250000e+02;9.7259954e-02;1.0250000e+02;1.1883686e-01;1.0250000e+02;1.3779750e-01;1.0250000e+02;1.5865502e-01;1.0250000e+02;1.8615317e-01;1.0250000e+02;2.1347974e-01;1.0250000e+02;2.2854938e-01;1.0250000e+02;2.1615171e-01;1.0250000e+02;1.8100978e-01;1.0250000e+02;1.3253447e-01;1.0250000e+02;8.1946649e-02;1.0250000e+02;3.6174729e-02;1.0250000e+02;-7.9174191e-03;1.0250000e+02;-1.8729921e-03;1.0250000e+02;1.0087288e-02;1.0250000e+02;2.7382942e-02;1.0250000e+02;4.9723372e-02;1.0250000e+02;7.4052058e-02;1.0250000e+02;9.7259954e-02;1.0250000e+02;1.1883686e-01;1.0250000e+02;1.3779750e-01;1.0250000e+02;1.5865502e-01;1.0250000e+02;1.8615317e-01;1.0250000e+02;2.1347974e-01;1.0250000e+02;2.2854938e-01;1.0250000e+02;2.1615171e-01;1.0250000e+02;1.8100978e-01;1.0250000e+02;1.3253447e-01;1.0250000e+02;8.1946649e-02;1.0250000e+02;3.6174729e-02;1.0250000e+02;-7.9174191e-03;1.0250000e+02;-1.8729921e-03;1.0250000e+02;1.0087288e-02;1.0250000e+02;2.7382942e-02;1.0250000e+02;4.9723372e-02;1.0250000e+02;7.4052058e-02;1.0250000e+02;9.7259954e-02;1.0250000e+02;1.1883686e-01;1.0250000e+02;1.3779750e-01;1.0250000e+02;1.5865502e-01;1.0250000e+02;1.8615317e-01;1.0250000e+02;2.1347974e-01;1.0250000e+02;2.2854938e-01;1.0250000e+02;2.1615171e-01;1.0250000e+02;1.8100978e-01;1.0250000e+02;1.3253447e-01;1.0250000e+02;8.1946649e-02;1.0250000e+02;3.6174729e-02;1.0250000e+02;-7.9174191e-03;1.0250000e+02;-1.8729921e-03;1.0250000e+02;1.0087288e-02;1.0250000e+02;2.7382942e-02;1.0250000e+02;4.9723372e-02;1.0250000e+02;7.4052058e-02;1.0250000e+02;9.7259954e-02;1.0250000e+02;1.1883686e-01;1.0250000e+02;1.3779750e-01;1.0250000e+02;1.5865502e-01;1.0250000e+02;1.8615317e-01;1.0250000e+02;2.1347974e-01;1.0250000e+02;2.2854938e-01;1.0250000e+02;2.1615171e-01;1.0250000e+02;1.8100978e-01;1.0250000e+02;1.3253447e-01;1.0250000e+02;8.1946649e-02;1.0250000e+02;3.6174729e-02;1.0250000e+02;-7.9174191e-03;1.0250000e+02;-1.8729921e-03;1.0250000e+02;1.0087288e-02;1.0250000e+02;2.7382942e-02;1.0250000e+02;4.9723372e-02;1.0250000e+02;7.4052058e-02;1.0250000e+02;9.7259954e-02;1.0250000e+02;1.1883686e-01;1.0250000e+02;1.3779750e-01;1.0250000e+02;1.5865502e-01;1.0250000e+02;1.8615317e-01;1.0250000e+02;2.1347974e-01;1.0250000e+02;2.2854938e-01;1.0250000e+02;2.1615171e-01;1.0250000e+02;1.8100978e-01;1.0250000e+02;1.3253447e-01;1.0250000e+02;8.1946649e-02;1.0250000e+02;3.6174729e-02;1.0250000e+02;-7.9174191e-03;1.0250000e+02;-1.8729921e-03;1.0250000e+02;1.0087288e-02;1.0250000e+02;2.7382942e-02;1.0250000e+02;4.9723372e-02;1.0250000e+02;7.4052058e-02;1.0250000e+02;9.7259954e-02;1.0250000e+02;1.1883686e-01;1.0250000e+02;1.3779750e-01;1.0250000e+02;1.5865502e-01;1.0250000e+02;1.8615317e-01;1.0250000e+02;2.1347974e-01;1.0250000e+02;2.2854938e-01;1.0250000e+02;2.1615171e-01;1.0250000e+02;1.8100978e-01;1.0250000e+02;1.3253447e-01;1.0250000e+02;8.1946649e-02;1.0250000e+02;3.6174729e-02;1.0250000e+02;-7.9174191e-03;1.0250000e+02;-1.8729921e-03;1.0250000e+02;1.0087288e-02;1.0250000e+02;2.7382942e-02;1.0250000e+02;4.9723372e-02;1.0250000e+02;7.4052058e-02;1.0250000e+02;9.7259954e-02;1.0250000e+02;1.1883686e-01;1.0250000e+02;1.3779750e-01;1.0250000e+02;1.5865502e-01;1.0250000e+02;1.8615317e-01;1.0250000e+02;2.1347974e-01;1.0250000e+02;2.2854938e-01;1.0250000e+02;2.1615171e-01;1.0250000e+02;1.8100978e-01;1.0250000e+02;1.3253447e-01;1.0250000e+02;8.1946649e-02;1.0250000e+02;3.6174729e-02;1.0250000e+02;-7.9174191e-03;1.0250000e+02;-1.8729921e-03;1.0250000e+02;1.0087288e-02;1.0250000e+02;2.7382942e-02;1.0250000e+02;4.9723372e-02;1.0250000e+02;7.4052058e-02;1.0250000e+02;9.7259954e-02;1.0250000e+02;1.1883686e-01;1.0250000e+02;1.3779750e-01;1.0250000e+02;1.5865502e-01;1.0250000e+02;1.8615317e-01;1.0250000e+02;2.1347974e-01;1.0250000e+02;2.2854938e-01;1.0250000e+02;2.1615171e-01;1.0250000e+02;1.8100978e-01;1.0250000e+02;1.3253447e-01;1.0250000e+02;8.1946649e-02;1.0250000e+02;3.6174729e-02;1.0250000e+02;-7.9174191e-03;1.0250000e+02;-1.8729921e-03;1.0250000e+02;1.0087288e-02;1.0250000e+02;2.7382942e-02;1.0250000e+02;4.9723372e-02;1.0250000e+02;7.4052058e-02;1.0250000e+02;9.7259954e-02;1.0250000e+02;1.1883686e-01;1.0250000e+02;1.3779750e-01;1.0250000e+02;1.5865502e-01;1.0250000e+02;1.8615317e-01;1.0250000e+02;2.1347974e-01;1.0250000e+02;2.2854938e-01;1.0250000e+02;2.1615171e-01;1.0250000e+02;1.8100978e-01;1.0250000e+02;1.3253447e-01;1.0250000e+02;8.1946649e-02;1.0250000e+02;3.6174729e-02;1.0250000e+02;-7.9174191e-03;1.0250000e+02;-1.8729921e-03;1.0250000e+02;1.0087288e-02;1.0250000e+02;2.7382942e-02;1.0250000e+02;4.9723372e-02;1.0250000e+02;7.4052058e-02;1.0250000e+02;9.7259954e-02;1.0250000e+02;1.1883686e-01;1.0250000e+02;1.3779750e-01;1.0250000e+02;1.5865502e-01;1.0250000e+02;1.8615317e-01;1.0250000e+02;2.1347974e-01;1.0250000e+02;2.2854938e-01;1.0250000e+02;2.1615171e-01;1.0250000e+02;1.8100978e-01;1.0250000e+02;1.3253447e-01;1.0250000e+02;8.1946649e-02;1.0250000e+02;3.6174729e-02;1.0250000e+02;-7.9174191e-03;1.0250000e+02;-1.8729921e-03;1.0250000e+02;1.0087288e-02;1.0250000e+02;2.7382942e-02;1.0250000e+02;4.9723372e-02;1.0250000e+02;7.4052058e-02;1.0250000e+02;9.7259954e-02;1.0250000e+02;1.1883686e-01;1.0250000e+02;1.3779750e-01;1.0250000e+02;1.5865502e-01;1.0250000e+02;1.8615317e-01;1.0250000e+02;2.1347974e-01;1.0250000e+02;2.2854938e-01;1.0250000e+02;2.1615171e-01;1.0250000e+02;1.8100978e-01;1.0250000e+02;1.3253447e-01;1.0250000e+02;8.1946649e-02;1.0250000e+02;3.6174729e-02;1.0250000e+02;-7.9174191e-03;1.0250000e+02;-1.8729921e-03;1.0250000e+02;1.0087288e-02;1.0250000e+02;2.7382942e-02;1.0250000e+02;4.9723372e-02;1.0250000e+02;7.4052058e-02;1.0250000e+02;9.7259954e-02;1.0250000e+02;1.1883686e-01;1.0250000e+02;1.3779750e-01;1.0250000e+02;1.5865502e-01;1.0250000e+02;1.8615317e-01;1.0250000e+02;2.1347974e-01;1.0250000e+02;2.2854938e-01;1.0250000e+02;2.1615171e-01;1.0250000e+02;1.8100978e-01;1.0250000e+02;1.3253447e-01;1.0250000e+02;8.1946649e-02;1.0250000e+02;3.6174729e-02;1.0250000e+02;-7.9174191e-03;1.0250000e+02;-1.8729921e-03;1.0250000e+02;1.0087288e-02;1.0250000e+02;2.7382942e-02;1.0250000e+02;4.9723372e-02;1.0250000e+02;7.4052058e-02;1.0250000e+02;9.7259954e-02;1.0250000e+02;1.1883686e-01;1.0250000e+02;1.3779750e-01;1.0250000e+02;1.5865502e-01;1.0250000e+02;1.8615317e-01;1.0250000e+02;2.1347974e-01;1.0250000e+02;2.2854938e-01;1.0250000e+02;2.1615171e-01;1.0250000e+02;1.8100978e-01;1.0250000e+02;1.3253447e-01;1.0250000e+02;8.1946649e-02;1.0250000e+02;3.6174729e-02;1.0250000e+02;-7.9174191e-03;1.0250000e+02;-1.8729921e-03;1.0250000e+02;1.0087288e-02;1.0250000e+02;2.7382942e-02;1.0250000e+02;4.9723372e-02;1.0250000e+02;7.4052058e-02;1.0250000e+02;9.7259954e-02;1.0250000e+02;1.1883686e-01;1.0250000e+02;1.3779750e-01;1.0250000e+02;1.5865502e-01;1.0250000e+02;1.8615317e-01;1.0250000e+02;2.1347974e-01;1.0250000e+02;2.2854938e-01;1.0250000e+02;2.1615171e-01;1.0250000e+02;1.8100978e-01;1.0250000e+02;1.3253447e-01;1.0250000e+02;8.1946649e-02;1.0250000e+02;3.6174729e-02;1.0250000e+02;-7.9174191e-03;1.0250000e+02;-1.8729921e-03;1.0250000e+02;1.0087288e-02;1.0250000e+02;2.7382942e-02;1.0250000e+02;4.9723372e-02;1.0250000e+02;7.4052058e-02;1.0250000e+02;9.7259954e-02;1.0250000e+02;1.1883686e-01;1.0250000e+02;1.3779750e-01;1.0250000e+02;1.5865502e-01;1.0250000e+02;1.8615317e-01;1.0250000e+02;2.1347974e-01;1.0250000e+02;2.2854938e-01;1.0250000e+02;2.1615171e-01;1.0250000e+02;1.8100978e-01;1.0250000e+02;1.3253447e-01;1.0250000e+02;8.1946649e-02;1.0250000e+02;3.6174729e-02;1.0250000e+02;-7.9174191e-03;1.0250000e+02;-1.8729921e-03;1.0250000e+02;1.0087288e-02;1.0250000e+02;2.7382942e-02;1.0250000e+02;4.9723372e-02;1.0250000e+02;7.4052058e-02;1.0250000e+02;9.7259954e-02;1.0250000e+02;1.1883686e-01;1.0250000e+02;1.3779750e-01;1.0250000e+02;1.5865502e-01;1.0250000e+02;1.8615317e-01;1.0250000e+02;2.1347974e-01;1.0250000e+02;2.2854938e-01;1.0250000e+02;2.1615171e-01;1.0250000e+02;1.8100978e-01;1.0250000e+02;1.3253447e-01;1.0250000e+02;8.1946649e-02;1.0250000e+02;3.6174729e-02;1.0250000e+02;-7.9174191e-03;1.0250000e+02;-1.8729921e-03;1.0250000e+02;1.0087288e-02;1.0250000e+02;2.7382942e-02;1.0250000e+02;4.9723372e-02;1.0250000e+02;7.4052058e-02;1.0250000e+02;9.7259954e-02;1.0250000e+02;1.1883686e-01;1.0250000e+02;1.3779750e-01;1.0250000e+02;1.5865502e-01;1.0250000e+02;1.8615317e-01;1.0250000e+02;2.1347974e-01;1.0250000e+02;2.2854938e-01;1.0250000e+02;2.1615171e-01;1.0250000e+02;1.8100978e-01;1.0250000e+02;1.3253447e-01;1.0250000e+02;8.1946649e-02;1.0250000e+02;3.6174729e-02;1.0250000e+02;-7.9174191e-03;1.0250000e+02;-1.8729921e-03;1.0250000e+02;1.0087288e-02;1.0250000e+02;2.7382942e-02;1.0250000e+02;4.9723372e-02;1.0250000e+02;7.4052058e-02;1.0250000e+02;9.7259954e-02;1.0250000e+02;1.1883686e-01;1.0250000e+02;1.3779750e-01;1.0250000e+02;1.5865502e-01;1.0250000e+02;1.8615317e-01;1.0250000e+02;2.1347974e-01;1.0250000e+02;2.2854938e-01;1.0250000e+02;2.1615171e-01;1.0250000e+02;1.8100978e-01;1.0250000e+02;1.3253447e-01;1.0250000e+02;8.1946649e-02;1.0250000e+02;3.6174729e-02;1.0250000e+02;-7.9174191e-03;1.0250000e+02;-1.8729921e-03;1.0250000e+02;1.0087288e-02;1.0250000e+02;2.7382942e-02;1.0250000e+02;4.9723372e-02;1.0250000e+02;7.4052058e-02;1.0250000e+02;9.7259954e-02;1.0250000e+02;1.1883686e-01;1.0250000e+02;1.3779750e-01;1.0250000e+02;1.5865502e-01;1.0250000e+02;1.8615317e-01;1.0250000e+02;2.1347974e-01;1.0250000e+02;2.2854938e-01;1.0250000e+02;2.1615171e-01;1.0250000e+02;1.8100978e-01;1.0250000e+02;1.3253447e-01;1.0250000e+02;8.1946649e-02;1.0250000e+02;3.6174729e-02;1.0250000e+02;-7.9174191e-03;1.0250000e+02;-1.8729921e-03;1.0250000e+02;1.0087288e-02;1.0250000e+02;2.7382942e-02;1.0250000e+02;4.9723372e-02;1.0250000e+02;7.4052058e-02;1.0250000e+02;9.7259954e-02;1.0250000e+02;1.1883686e-01;1.0250000e+02;1.3779750e-01;1.0250000e+02;1.5865502e-01;1.0250000e+02;1.8615317e-01;1.0250000e+02;2.1347974e-01;1.0250000e+02;2.2854938e-01;1.0250000e+02;2.1615171e-01;1.0250000e+02;1.8100978e-01;1.0250000e+02;1.3253447e-01;1.0250000e+02;8.1946649e-02;1.0250000e+02;3.6174729e-02;1.0250000e+02;-7.9174191e-03;1.0250000e+02;-1.8729921e-03;1.0250000e+02;1.0087288e-02;1.0250000e+02;2.7382942e-02;1.0250000e+02;4.9723372e-02;1.0250000e+02;7.4052058e-02;1.0250000e+02;9.7259954e-02;1.0250000e+02;1.1883686e-01;1.0250000e+02;1.3779750e-01;1.0250000e+02;1.5865502e-01;1.0250000e+02;1.8615317e-01;1.0250000e+02;2.1347974e-01;1.0250000e+02;2.2854938e-01;1.0250000e+02;2.1615171e-01;1.0250000e+02;1.8100978e-01;1.0250000e+02;1.3253447e-01;1.0250000e+02;8.1946649e-02;1.0250000e+02;3.6174729e-02;1.0250000e+02;-7.9174191e-03;1.0250000e+02;-1.8729921e-03;1.0250000e+02;1.0087288e-02;1.0250000e+02;2.7382942e-02;1.0250000e+02;4.9723372e-02;1.0250000e+02;7.4052058e-02;1.0250000e+02;9.7259954e-02;1.0250000e+02;1.1883686e-01;1.0250000e+02;1.3779750e-01;1.0250000e+02;1.5865502e-01;1.0250000e+02;1.8615317e-01;1.0250000e+02;2.1347974e-01;1.0250000e+02;2.2854938e-01;1.0250000e+02;2.1615171e-01;1.0250000e+02;1.8100978e-01;1.0250000e+02;1.3253447e-01;1.0250000e+02;8.1946649e-02;1.0250000e+02;3.6174729e-02;1.0250000e+02;-7.9174191e-03;1.0250000e+02;-1.8729921e-03;1.0250000e+02;1.0087288e-02;1.0250000e+02;2.7382942e-02;1.0250000e+02;4.9723372e-02;1.0250000e+02;7.4052058e-02;1.0250000e+02;9.7259954e-02;1.0250000e+02;1.1883686e-01;1.0250000e+02;1.3779750e-01;1.0250000e+02;1.5865502e-01;1.0250000e+02;1.8615317e-01;1.0250000e+02;2.1347974e-01;1.0250000e+02;2.2854938e-01;1.0250000e+02;2.1615171e-01;1.0250000e+02;1.8100978e-01;1.0250000e+02;1.3253447e-01;1.0250000e+02;8.1946649e-02;1.0250000e+02;3.6174729e-02;1.0250000e+02;-7.9174191e-03;1.0250000e+02;-1.8729921e-03;1.0250000e+02;1.0087288e-02;1.0250000e+02;2.7382942e-02;1.0250000e+02;4.9723372e-02;1.0250000e+02;7.4052058e-02;1.0250000e+02;9.7259954e-02;1.0250000e+02;1.1883686e-01;1.0250000e+02;1.3779750e-01;1.0250000e+02;1.5865502e-01;1.0250000e+02;1.8615317e-01;1.0250000e+02;2.1347974e-01;1.0250000e+02;2.2854938e-01;1.0250000e+02;2.1615171e-01;1.0250000e+02;1.8100978e-01;1.0250000e+02;1.3253447e-01;1.0250000e+02;8.1946649e-02;1.0250000e+02;3.6174729e-02;1.0250000e+02;-7.9174191e-03;1.0250000e+02;-1.8729921e-03;1.0250000e+02;1.0087288e-02;1.0250000e+02;2.7382942e-02;1.0250000e+02;4.9723372e-02;1.0250000e+02;7.4052058e-02;1.0250000e+02;9.7259954e-02;1.0250000e+02;1.1883686e-01;1.0250000e+02;1.3779750e-01;1.0250000e+02;1.5865502e-01;1.0250000e+02;1.8615317e-01;1.0250000e+02;2.1347974e-01;1.0250000e+02;2.2854938e-01;1.0250000e+02;2.1615171e-01;1.0250000e+02;1.8100978e-01;1.0250000e+02;1.3253447e-01;1.0250000e+02;8.1946649e-02;1.0250000e+02;3.6174729e-02;1.0250000e+02;-7.9174191e-03;1.0250000e+02;-1.8729921e-03;1.0250000e+02;1.0087288e-02;1.0250000e+02;2.7382942e-02;1.0250000e+02;4.9723372e-02;1.0250000e+02;7.4052058e-02;1.0250000e+02;9.7259954e-02;1.0250000e+02;1.1883686e-01;1.0250000e+02;1.3779750e-01;1.0250000e+02;1.5865502e-01;1.0250000e+02;1.8615317e-01;1.0250000e+02;2.1347974e-01;1.0250000e+02;2.2854938e-01;1.0250000e+02;2.1615171e-01;1.0250000e+02;1.8100978e-01;1.0250000e+02;1.3253447e-01;1.0250000e+02;8.1946649e-02;1.0250000e+02;3.6174729e-02;1.0250000e+02;-7.9174191e-03;1.0250000e+02;-1.8729921e-03;1.0250000e+02;1.0087288e-02;1.0250000e+02;2.7382942e-02;1.0250000e+02;4.9723372e-02;1.0250000e+02;7.4052058e-02;1.0250000e+02;9.7259954e-02;1.0250000e+02;1.1883686e-01;1.0250000e+02;1.3779750e-01;1.0250000e+02;1.5865502e-01;1.0250000e+02;1.8615317e-01;1.0250000e+02;2.1347974e-01;1.0250000e+02;2.2854938e-01;1.0250000e+02;2.1615171e-01;1.0250000e+02;1.8100978e-01;1.0250000e+02;1.3253447e-01;1.0250000e+02;8.1946649e-02;1.0250000e+02;3.6174729e-02;1.0250000e+02;-7.9174191e-03;1.0250000e+02;-1.8729921e-03;1.0250000e+02;1.0087288e-02;1.0250000e+02;2.7382942e-02;1.0250000e+02;4.9723372e-02;1.0250000e+02;7.4052058e-02;1.0250000e+02;9.7259954e-02;1.0250000e+02;1.1883686e-01;1.0250000e+02;1.3779750e-01;1.0250000e+02;1.5865502e-01;1.0250000e+02;1.8615317e-01;1.0250000e+02;2.1347974e-01;1.0250000e+02;2.2854938e-01;1.0250000e+02;2.1615171e-01;1.0250000e+02;1.8100978e-01;1.0250000e+02;1.3253447e-01;1.0250000e+02;8.1946649e-02;1.0250000e+02;3.6174729e-02;1.0250000e+02;-7.9174191e-03;1.0250000e+02;-1.8729921e-03;1.0250000e+02;1.0087288e-02;1.0250000e+02;2.7382942e-02;1.0250000e+02;4.9723372e-02;1.0250000e+02;7.4052058e-02;1.0250000e+02;9.7259954e-02;1.0250000e+02;1.1883686e-01;1.0250000e+02;1.3779750e-01;1.0250000e+02;1.5865502e-01;1.0250000e+02;1.8615317e-01;1.0250000e+02;2.1347974e-01;1.0250000e+02;2.2854938e-01;1.0250000e+02;2.1615171e-01;1.0250000e+02;1.8100978e-01;1.0250000e+02;1.3253447e-01;1.0250000e+02;8.1946649e-02;1.0250000e+02;3.6174729e-02;1.0250000e+02;-7.9174191e-03;1.0250000e+02;-1.8729921e-03;1.0250000e+02;1.0087288e-02;1.0250000e+02;2.7382942e-02;1.0250000e+02;4.9723372e-02;1.0250000e+02;7.4052058e-02;1.0250000e+02;9.7259954e-02;1.0250000e+02;1.1883686e-01;1.0250000e+02;1.3779750e-01;1.0250000e+02;1.5865502e-01;1.0250000e+02;1.8615317e-01;1.0250000e+02;2.1347974e-01;1.0250000e+02;2.2854938e-01;1.0250000e+02;2.1615171e-01;1.0250000e+02;1.8100978e-01;1.0250000e+02;1.3253447e-01;1.0250000e+02;8.1946649e-02;1.0250000e+02;3.6174729e-02;1.0250000e+02;-7.9174191e-03;1.0250000e+02;-1.8729921e-03;1.0250000e+02;1.0087288e-02;1.0250000e+02;2.7382942e-02;1.0250000e+02;4.9723372e-02;1.0250000e+02;7.4052058e-02;1.0250000e+02;9.7259954e-02;1.0250000e+02;1.1883686e-01;1.0250000e+02;1.3779750e-01;1.0250000e+02;1.5865502e-01;1.0250000e+02;1.8615317e-01;1.0250000e+02;2.1347974e-01;1.0250000e+02;2.2854938e-01;1.0250000e+02;2.1615171e-01;1.0250000e+02;1.8100978e-01;1.0250000e+02;1.3253447e-01;1.0250000e+02;8.1946649e-02;1.0250000e+02;3.6174729e-02;1.0250000e+02;-7.9174191e-03;1.0250000e+02;-1.8729921e-03;1.0250000e+02;1.0087288e-02;1.0250000e+02;2.7382942e-02;1.0250000e+02;4.9723372e-02;1.0250000e+02;7.4052058e-02;1.0250000e+02;9.7259954e-02;1.0250000e+02;1.1883686e-01;1.0250000e+02;1.3779750e-01;1.0250000e+02;1.5865502e-01;1.0250000e+02;1.8615317e-01;1.0250000e+02;2.1347974e-01;1.0250000e+02;2.2854938e-01;1.0250000e+02;2.1615171e-01;1.0250000e+02;1.8100978e-01;1.0250000e+02;1.3253447e-01;1.0250000e+02;8.1946649e-02;1.0250000e+02;3.6174729e-02;1.0250000e+02;-7.9174191e-03;1.0250000e+02;-1.8729921e-03;1.0250000e+02;1.0087288e-02;1.0250000e+02;2.7382942e-02;1.0250000e+02;4.9723372e-02;1.0250000e+02;7.4052058e-02;1.0250000e+02;9.7259954e-02;1.0250000e+02;1.1883686e-01;1.0250000e+02;1.3779750e-01;1.0250000e+02;1.5865502e-01;1.0250000e+02;1.8615317e-01;1.0250000e+02;2.1347974e-01;1.0250000e+02;2.2854938e-01;1.0250000e+02;2.1615171e-01;1.0250000e+02;1.8100978e-01;1.0250000e+02;1.3253447e-01;1.0250000e+02;8.1946649e-02;1.0250000e+02;3.6174729e-02;1.0250000e+02;-7.9174191e-03;1.0250000e+02;-1.8729921e-03;1.0250000e+02;1.0087288e-02;1.0250000e+02;2.7382942e-02;1.0250000e+02;4.9723372e-02;1.0250000e+02;7.4052058e-02;1.0250000e+02;9.7259954e-02;1.0250000e+02;1.1883686e-01;1.0250000e+02;1.3779750e-01;1.0250000e+02;1.5865502e-01;1.0250000e+02;1.8615317e-01;1.0250000e+02;2.1347974e-01;1.0250000e+02;2.2854938e-01;1.0250000e+02;2.1615171e-01;1.0250000e+02;1.8100978e-01;1.0250000e+02;1.3253447e-01;1.0250000e+02;8.1946649e-02;1.0250000e+02;3.6174729e-02;1.0250000e+02;-7.9174191e-03;1.0250000e+02;-1.8729921e-03;1.0250000e+02;1.0087288e-02;1.0250000e+02;2.7382942e-02;1.0250000e+02;4.9723372e-02;1.0250000e+02;7.4052058e-02;1.0250000e+02;9.7259954e-02;1.0250000e+02;1.1883686e-01;1.0250000e+02;1.3779750e-01;1.0250000e+02;1.5865502e-01;1.0250000e+02;1.8615317e-01;1.0250000e+02;2.1347974e-01;1.0250000e+02;2.2854938e-01;1.0250000e+02;2.1615171e-01;1.0250000e+02;1.8100978e-01;1.0250000e+02;1.3253447e-01;1.0250000e+02;8.1946649e-02;1.0250000e+02;3.6174729e-02;1.0250000e+02;-7.9174191e-03;1.0250000e+02;-1.8729921e-03;1.0250000e+02;1.0087288e-02;1.0250000e+02;2.7382942e-02;1.0250000e+02;4.9723372e-02;1.0250000e+02;7.4052058e-02;1.0250000e+02;9.7259954e-02;1.0250000e+02;1.1883686e-01;1.0250000e+02;1.3779750e-01;1.0250000e+02;1.5865502e-01;1.0250000e+02;1.8615317e-01;1.0250000e+02;2.1347974e-01;1.0250000e+02;2.2854938e-01;1.0250000e+02;2.1615171e-01;1.0250000e+02;1.8100978e-01;1.0250000e+02;1.3253447e-01;1.0250000e+02;8.1946649e-02;1.0250000e+02;3.6174729e-02;1.0250000e+02;-7.9174191e-03;1.0250000e+02;-1.8729921e-03;1.0250000e+02;1.0087288e-02;1.0250000e+02;2.7382942e-02;1.0250000e+02;4.9723372e-02;1.0250000e+02;7.4052058e-02;1.0250000e+02;9.7259954e-02;1.0250000e+02;1.1883686e-01;1.0250000e+02;1.3779750e-01;1.0250000e+02;1.5865502e-01;1.0250000e+02;1.8615317e-01;1.0250000e+02;2.1347974e-01;1.0250000e+02;2.2854938e-01;1.0250000e+02;2.1615171e-01;1.0250000e+02;1.8100978e-01;1.0250000e+02;1.3253447e-01;1.0250000e+02;8.1946649e-02;1.0250000e+02;3.6174729e-02;1.0250000e+02;-7.9174191e-03;1.0250000e+02;-1.8729921e-03;1.0250000e+02;1.0087288e-02;1.0250000e+02;2.7382942e-02;1.0250000e+02;4.9723372e-02;1.0250000e+02;7.4052058e-02;1.0250000e+02;9.7259954e-02;1.0250000e+02;1.1883686e-01;1.0250000e+02;1.3779750e-01;1.0250000e+02;1.5865502e-01;1.0250000e+02;1.8615317e-01;1.0250000e+02;2.1347974e-01;1.0250000e+02;2.2854938e-01;1.0250000e+02;2.1615171e-01;1.0250000e+02;1.8100978e-01;1.0250000e+02;1.3253447e-01;1.0250000e+02;8.1946649e-02;1.0250000e+02;3.6174729e-02;1.0250000e+02;-7.9174191e-03;1.0250000e+02;-1.8729921e-03;1.0250000e+02;1.0087288e-02;1.0250000e+02;2.7382942e-02;1.0250000e+02;4.9723372e-02;1.0250000e+02;7.4052058e-02;1.0250000e+02;9.7259954e-02;1.0250000e+02;1.1883686e-01;1.0250000e+02;1.3779750e-01;1.0250000e+02;1.5865502e-01;1.0250000e+02;1.8615317e-01;1.0250000e+02;2.1347974e-01;1.0250000e+02;2.2854938e-01;1.0250000e+02;2.1615171e-01;1.0250000e+02;1.8100978e-01;1.0250000e+02;1.3253447e-01;1.0250000e+02;8.1946649e-02;1.0250000e+02;3.6174729e-02;1.0250000e+02;-7.9174191e-03;1.0250000e+02;-1.8729921e-03;1.0250000e+02;1.0087288e-02;1.0250000e+02;2.7382942e-02;1.0250000e+02;4.9723372e-02;1.0250000e+02;7.4052058e-02;1.0250000e+02;9.7259954e-02;1.0250000e+02;1.1883686e-01;1.0250000e+02;1.3779750e-01;1.0250000e+02;1.5865502e-01;1.0250000e+02;1.8615317e-01;1.0250000e+02;2.1347974e-01;1.0250000e+02;2.2854938e-01;1.0250000e+02;2.1615171e-01;1.0250000e+02;1.8100978e-01;1.0250000e+02;1.3253447e-01;1.0250000e+02;8.1946649e-02;1.0250000e+02;3.6174729e-02;1.0250000e+02;-7.9174191e-03;1.0250000e+02;-1.8729921e-03;1.0250000e+02;1.0087288e-02;1.0250000e+02;2.7382942e-02;1.0250000e+02;4.9723372e-02;1.0250000e+02;7.4052058e-02;1.0250000e+02;9.7259954e-02;1.0250000e+02;1.1883686e-01;1.0250000e+02;1.3779750e-01;1.0250000e+02;1.5865502e-01;1.0250000e+02;1.8615317e-01;1.0250000e+02;2.1347974e-01;1.0250000e+02;2.2854938e-01;1.0250000e+02;2.1615171e-01;1.0250000e+02;1.8100978e-01;1.0250000e+02;1.3253447e-01;1.0250000e+02;8.1946649e-02;1.0250000e+02;3.6174729e-02;1.0250000e+02;-7.9174191e-03;1.0250000e+02;-1.8729921e-03;1.0250000e+02;1.0087288e-02;1.0250000e+02;2.7382942e-02;1.0250000e+02;4.9723372e-02;1.0250000e+02;7.4052058e-02;1.0250000e+02;9.7259954e-02;1.0250000e+02;1.1883686e-01;1.0250000e+02;1.3779750e-01;1.0250000e+02;1.5865502e-01;1.0250000e+02;1.8615317e-01;1.0250000e+02;2.1347974e-01;1.0250000e+02;2.2854938e-01;1.0250000e+02;2.1615171e-01;1.0250000e+02;1.8100978e-01;1.0250000e+02;1.3253447e-01;1.0250000e+02;8.1946649e-02;1.0250000e+02;3.6174729e-02;1.0250000e+02;-7.9174191e-03;1.0250000e+02;-1.8729921e-03;1.0250000e+02;1.0087288e-02;1.0250000e+02;2.7382942e-02;1.0250000e+02;4.9723372e-02;1.0250000e+02;7.4052058e-02;1.0250000e+02;9.7259954e-02;1.0250000e+02;1.1883686e-01;1.0250000e+02;1.3779750e-01;1.0250000e+02;1.5865502e-01;1.0250000e+02;1.8615317e-01;1.0250000e+02;2.1347974e-01;1.0250000e+02;2.2854938e-01;1.0250000e+02;2.1615171e-01;1.0250000e+02;1.8100978e-01;1.0250000e+02;1.3253447e-01;1.0250000e+02;8.1946649e-02;1.0250000e+02;3.6174729e-02;1.0250000e+02;-7.9174191e-03;1.0250000e+02;-1.8729921e-03;1.0250000e+02;1.0087288e-02;1.0250000e+02;2.7382942e-02;1.0250000e+02;4.9723372e-02;1.0250000e+02;7.4052058e-02;1.0250000e+02;9.7259954e-02;1.0250000e+02;1.1883686e-01;1.0250000e+02;1.3779750e-01;1.0250000e+02;1.5865502e-01;1.0250000e+02;1.8615317e-01;1.0250000e+02;2.1347974e-01;1.0250000e+02;2.2854938e-01;1.0250000e+02;2.1615171e-01;1.0250000e+02;1.8100978e-01;1.0250000e+02;1.3253447e-01;1.0250000e+02;8.1946649e-02;1.0250000e+02;3.6174729e-02;1.0250000e+02;-7.9174191e-03;1.0250000e+02;-1.8729921e-03;1.0250000e+02;1.0087288e-02;1.0250000e+02;2.7382942e-02;1.0250000e+02;4.9723372e-02;1.0250000e+02;7.4052058e-02;1.0250000e+02;9.7259954e-02;1.0250000e+02;1.1883686e-01;1.0250000e+02;1.3779750e-01;1.0250000e+02;1.5865502e-01;1.0250000e+02;1.8615317e-01;1.0250000e+02;2.1347974e-01;1.0250000e+02;2.2854938e-01;1.0250000e+02;2.1615171e-01;1.0250000e+02;1.8100978e-01;1.0250000e+02;1.3253447e-01;1.0250000e+02;8.1946649e-02;1.0250000e+02;3.6174729e-02;1.0250000e+02;-7.9174191e-03;1.0250000e+02;-1.8729921e-03;1.0250000e+02;1.0087288e-02;1.0250000e+02;2.7382942e-02;1.0250000e+02;4.9723372e-02;1.0250000e+02;7.4052058e-02;1.0250000e+02;9.7259954e-02;1.0250000e+02;1.1883686e-01;1.0250000e+02;1.3779750e-01;1.0250000e+02;1.5865502e-01;1.0250000e+02;1.8615317e-01;1.0250000e+02;2.1347974e-01;1.0250000e+02;2.2854938e-01;1.0250000e+02;2.1615171e-01;1.0250000e+02;1.8100978e-01;1.0250000e+02;1.3253447e-01;1.0250000e+02;8.1946649e-02;1.0250000e+02;3.6174729e-02;1.0250000e+02;-7.9174191e-03;1.0250000e+02;-1.8729921e-03;1.0250000e+02;1.0087288e-02;1.0250000e+02;2.7382942e-02;1.0250000e+02;4.9723372e-02;1.0250000e+02;7.4052058e-02;1.0250000e+02;9.7259954e-02;1.0250000e+02;1.1883686e-01;1.0250000e+02;1.3779750e-01;1.0250000e+02;1.5865502e-01;1.0250000e+02;1.8615317e-01;1.0250000e+02;2.1347974e-01;1.0250000e+02;2.2854938e-01;1.0250000e+02;2.1615171e-01;1.0250000e+02;1.8100978e-01;1.0250000e+02;1.3253447e-01;1.0250000e+02;8.1946649e-02;1.0250000e+02;3.6174729e-02;1.0250000e+02;-7.9174191e-03;1.0250000e+02;-1.8729921e-03;1.0250000e+02;1.0087288e-02;1.0250000e+02;2.7382942e-02;1.0250000e+02;4.9723372e-02;1.0250000e+02;7.4052058e-02;1.0250000e+02;9.7259954e-02;1.0250000e+02;1.1883686e-01;1.0250000e+02;1.3779750e-01;1.0250000e+02;1.5865502e-01;1.0250000e+02;1.8615317e-01;1.0250000e+02;2.1347974e-01;1.0250000e+02;2.2854938e-01;1.0250000e+02;2.1615171e-01;1.0250000e+02;1.8100978e-01;1.0250000e+02;1.3253447e-01;1.0250000e+02;8.1946649e-02;1.0250000e+02;3.6174729e-02;1.0250000e+02;-7.9174191e-03;1.0250000e+02;-1.8729921e-03;1.0250000e+02;1.0087288e-02;1.0250000e+02;2.7382942e-02;1.0250000e+02;4.9723372e-02;1.0250000e+02;7.4052058e-02;1.0250000e+02;9.7259954e-02;1.0250000e+02;1.1883686e-01;1.0250000e+02;1.3779750e-01;1.0250000e+02;1.5865502e-01;1.0250000e+02;1.8615317e-01;1.0250000e+02;2.1347974e-01;1.0250000e+02;2.2854938e-01;1.0250000e+02;2.1615171e-01;1.0250000e+02;1.8100978e-01;1.0250000e+02;1.3253447e-01;1.0250000e+02;8.1946649e-02;1.0250000e+02;3.6174729e-02;1.0250000e+02;-7.9174191e-03;1.0250000e+02;-1.8729921e-03;1.0250000e+02;1.0087288e-02;1.0250000e+02;2.7382942e-02;1.0250000e+02;4.9723372e-02;1.0250000e+02;7.4052058e-02;1.0250000e+02;9.7259954e-02;1.0250000e+02;1.1883686e-01;1.0250000e+02;1.3779750e-01;1.0250000e+02;1.5865502e-01;1.0250000e+02;1.8615317e-01;1.0250000e+02;2.1347974e-01;1.0250000e+02;2.2854938e-01;1.0250000e+02;2.1615171e-01;1.0250000e+02;1.8100978e-01;1.0250000e+02;1.3253447e-01;1.0250000e+02;8.1946649e-02;1.0250000e+02;3.6174729e-02;1.0250000e+02;-7.9174191e-03;1.0250000e+02;-1.8729921e-03;1.0250000e+02;1.0087288e-02;1.0250000e+02;2.7382942e-02;1.0250000e+02;4.9723372e-02;1.0250000e+02;7.4052058e-02;1.0250000e+02;9.7259954e-02;1.0250000e+02;1.1883686e-01;1.0250000e+02;1.3779750e-01;1.0250000e+02;1.5865502e-01;1.0250000e+02;1.8615317e-01;1.0250000e+02;2.1347974e-01;1.0250000e+02;2.2854938e-01;1.0250000e+02;2.1615171e-01;1.0250000e+02;1.8100978e-01;1.0250000e+02;1.3253447e-01;1.0250000e+02;8.1946649e-02;1.0250000e+02;3.6174729e-02;1.0250000e+02;-7.9174191e-03;1.0250000e+02;-1.8729921e-03;1.0250000e+02;1.0087288e-02;1.0250000e+02;2.7382942e-02;1.0250000e+02;4.9723372e-02;1.0250000e+02;7.4052058e-02;1.0250000e+02;9.7259954e-02;1.0250000e+02;1.1883686e-01;1.0250000e+02;1.3779750e-01;1.0250000e+02;1.5865502e-01;1.0250000e+02;1.8615317e-01;1.0250000e+02;2.1347974e-01;1.0250000e+02;2.2854938e-01;1.0250000e+02;2.1615171e-01;1.0250000e+02;1.8100978e-01;1.0250000e+02;1.3253447e-01;1.0250000e+02;8.1946649e-02;1.0250000e+02;3.6174729e-02;1.0250000e+02;-7.9174191e-03;1.0250000e+02;-1.8729921e-03;1.0250000e+02;1.0087288e-02;1.0250000e+02;2.7382942e-02;1.0250000e+02;4.9723372e-02;1.0250000e+02;7.4052058e-02;1.0250000e+02;9.7259954e-02;1.0250000e+02;1.1883686e-01;1.0250000e+02;1.3779750e-01;1.0250000e+02;1.5865502e-01;1.0250000e+02;1.8615317e-01;1.0250000e+02;2.1347974e-01;1.0250000e+02;2.2854938e-01;1.0250000e+02;2.1615171e-01;1.0250000e+02;1.8100978e-01;1.0250000e+02;1.3253447e-01;1.0250000e+02;8.1946649e-02;1.0250000e+02;3.6174729e-02;1.0250000e+02;-7.9174191e-03;1.0250000e+02;-1.8729921e-03;1.0250000e+02;1.0087288e-02;1.0250000e+02;2.7382942e-02;1.0250000e+02;4.9723372e-02;1.0250000e+02;7.4052058e-02;1.0250000e+02;9.7259954e-02;1.0250000e+02;1.1883686e-01;1.0250000e+02;1.3779750e-01;1.0250000e+02;1.5865502e-01;1.0250000e+02;1.8615317e-01;1.0250000e+02;2.1347974e-01;1.0250000e+02;2.2854938e-01;1.0250000e+02;2.1615171e-01;1.0250000e+02;1.8100978e-01;1.0250000e+02;1.3253447e-01;1.0250000e+02;8.1946649e-02;1.0250000e+02;3.6174729e-02;1.0250000e+02;-7.9174191e-03;1.0250000e+02;-1.8729921e-03;1.0250000e+02;1.0087288e-02;1.0250000e+02;2.7382942e-02;1.0250000e+02;4.9723372e-02;1.0250000e+02;7.4052058e-02;1.0250000e+02;9.7259954e-02;1.0250000e+02;1.1883686e-01;1.0250000e+02;1.3779750e-01;1.0250000e+02;1.5865502e-01;1.0250000e+02;1.8615317e-01;1.0250000e+02;2.1347974e-01;1.0250000e+02;2.2854938e-01;1.0250000e+02;2.1615171e-01;1.0250000e+02;1.8100978e-01;1.0250000e+02;1.3253447e-01;1.0250000e+02;8.1946649e-02;1.0250000e+02;3.6174729e-02;1.0250000e+02;-7.9174191e-03;1.0250000e+02;-1.8729921e-03;1.0250000e+02;1.0087288e-02;1.0250000e+02;2.7382942e-02;1.0250000e+02;4.9723372e-02;1.0250000e+02;7.4052058e-02;1.0250000e+02;9.7259954e-02;1.0250000e+02;1.1883686e-01;1.0250000e+02;1.3779750e-01;1.0250000e+02;1.5865502e-01;1.0250000e+02;1.8615317e-01;1.0250000e+02;2.1347974e-01;1.0250000e+02;2.2854938e-01;1.0250000e+02;2.1615171e-01;1.0250000e+02;1.8100978e-01;1.0250000e+02;1.3253447e-01;1.0250000e+02;8.1946649e-02;1.0250000e+02;3.6174729e-02;1.0250000e+02;-7.9174191e-03;1.0250000e+02;-1.8729921e-03;1.0250000e+02;1.0087288e-02;1.0250000e+02;2.7382942e-02;1.0250000e+02;4.9723372e-02;1.0250000e+02;7.4052058e-02;1.0250000e+02;9.7259954e-02;1.0250000e+02;1.1883686e-01;1.0250000e+02;1.3779750e-01;1.0250000e+02;1.5865502e-01;1.0250000e+02;1.8615317e-01;1.0250000e+02;2.1347974e-01;1.0250000e+02;2.2854938e-01;1.0250000e+02;2.1615171e-01;1.0250000e+02;1.8100978e-01;1.0250000e+02;1.3253447e-01;1.0250000e+02;8.1946649e-02;1.0250000e+02;3.6174729e-02;1.0250000e+02;-7.9174191e-03;1.0250000e+02;-1.8729921e-03;1.0250000e+02;1.0087288e-02;1.0250000e+02;2.7382942e-02;1.0250000e+02;4.9723372e-02;1.0250000e+02;7.4052058e-02;1.0250000e+02;9.7259954e-02;1.0250000e+02;1.1883686e-01;1.0250000e+02;1.3779750e-01;1.0250000e+02;1.5865502e-01;1.0250000e+02;1.8615317e-01;1.0250000e+02;2.1347974e-01;1.0250000e+02;2.2854938e-01;1.0250000e+02;2.1615171e-01;1.0250000e+02;1.8100978e-01;1.0250000e+02;1.3253447e-01;1.0250000e+02;8.1946649e-02;1.0250000e+02;3.6174729e-02;1.0250000e+02;-7.9174191e-03;1.0250000e+02;-1.8729921e-03;1.0250000e+02;1.0087288e-02;1.0250000e+02;2.7382942e-02;1.0250000e+02;4.9723372e-02;1.0250000e+02;7.4052058e-02;1.0250000e+02;9.7259954e-02;1.0250000e+02;1.1883686e-01;1.0250000e+02;1.3779750e-01;1.0250000e+02;1.5865502e-01;1.0250000e+02;1.8615317e-01;1.0250000e+02;2.1347974e-01;1.0250000e+02;2.2854938e-01;1.0250000e+02;2.1615171e-01;1.0250000e+02;1.8100978e-01;1.0250000e+02;1.3253447e-01;1.0250000e+02;8.1946649e-02;1.0250000e+02;3.6174729e-02;1.0250000e+02;-7.9174191e-03;1.0250000e+02;-1.8729921e-03;1.0250000e+02;1.0087288e-02;1.0250000e+02;2.7382942e-02;1.0250000e+02;4.9723372e-02;1.0250000e+02;7.4052058e-02;1.0250000e+02;9.7259954e-02;1.0250000e+02;1.1883686e-01;1.0250000e+02;1.3779750e-01;1.0250000e+02;1.5865502e-01;1.0250000e+02;1.8615317e-01;1.0250000e+02;2.1347974e-01;1.0250000e+02;2.2854938e-01;1.0250000e+02;2.1615171e-01;1.0250000e+02;1.8100978e-01;1.0250000e+02;1.3253447e-01;1.0250000e+02;8.1946649e-02;1.0250000e+02;3.6174729e-02;1.0250000e+02;-7.9174191e-03;1.0250000e+02;-1.8729921e-03;1.0250000e+02;1.0087288e-02;1.0250000e+02;2.7382942e-02;1.0250000e+02;4.9723372e-02;1.0250000e+02;7.4052058e-02;1.0250000e+02;9.7259954e-02;1.0250000e+02;1.1883686e-01;1.0250000e+02;1.3779750e-01;1.0250000e+02;1.5865502e-01;1.0250000e+02;1.8615317e-01;1.0250000e+02;2.1347974e-01;1.0250000e+02;2.2854938e-01;1.0250000e+02;2.1615171e-01;1.0250000e+02;1.8100978e-01;1.0250000e+02;1.3253447e-01;1.0250000e+02;8.1946649e-02;1.0250000e+02;3.6174729e-02;1.0250000e+02;-7.9174191e-03;1.0250000e+02;-1.8729921e-03;1.0250000e+02;1.0087288e-02;1.0250000e+02;2.7382942e-02;1.0250000e+02;4.9723372e-02;1.0250000e+02;7.4052058e-02;1.0250000e+02;9.7259954e-02;1.0250000e+02;1.1883686e-01;1.0250000e+02;1.3779750e-01;1.0250000e+02;1.5865502e-01;1.0250000e+02;1.8615317e-01;1.0250000e+02;2.1347974e-01;1.0250000e+02;2.2854938e-01;1.0250000e+02;2.1615171e-01;1.0250000e+02;1.8100978e-01;1.0250000e+02;1.3253447e-01;1.0250000e+02;8.1946649e-02;1.0250000e+02;3.6174729e-02;1.0250000e+02;-7.9174191e-03;1.0250000e+02;-1.8729921e-03;1.0250000e+02;1.0087288e-02;1.0250000e+02;2.7382942e-02;1.0250000e+02;4.9723372e-02;1.0250000e+02;7.4052058e-02;1.0250000e+02;9.7259954e-02;1.0250000e+02;1.1883686e-01;1.0250000e+02;1.3779750e-01;1.0250000e+02;1.5865502e-01;1.0250000e+02;1.8615317e-01;1.0250000e+02;2.1347974e-01;1.0250000e+02;2.2854938e-01;1.0250000e+02;2.1615171e-01;1.0250000e+02;1.8100978e-01;1.0250000e+02;1.3253447e-01;1.0250000e+02;8.1946649e-02;1.0250000e+02;3.6174729e-02;1.0250000e+02;-7.9174191e-03;1.0250000e+02;-1.8729921e-03;1.0250000e+02;1.0087288e-02;1.0250000e+02;2.7382942e-02;1.0250000e+02;4.9723372e-02;1.0250000e+02;7.4052058e-02;1.0250000e+02;9.7259954e-02;1.0250000e+02;1.1883686e-01;1.0250000e+02;1.3779750e-01;1.0250000e+02;1.5865502e-01;1.0250000e+02;1.8615317e-01;1.0250000e+02;2.1347974e-01;1.0250000e+02;2.2854938e-01;1.0250000e+02;2.1615171e-01;1.0250000e+02;1.8100978e-01;1.0250000e+02;1.3253447e-01;1.0250000e+02;8.1946649e-02;1.0250000e+02;3.6174729e-02;1.0250000e+02;-7.9174191e-03;1.0250000e+02;-1.8729921e-03;1.0250000e+02;1.0087288e-02;1.0250000e+02;2.7382942e-02;1.0250000e+02;4.9723372e-02;1.0250000e+02;7.4052058e-02;1.0250000e+02;9.7259954e-02;1.0250000e+02;1.1883686e-01;1.0250000e+02;1.3779750e-01;1.0250000e+02;1.5865502e-01;1.0250000e+02;1.8615317e-01;1.0250000e+02;2.1347974e-01;1.0250000e+02;2.2854938e-01;1.0250000e+02;2.1615171e-01;1.0250000e+02;1.8100978e-01;1.0250000e+02;1.3253447e-01;1.0250000e+02;8.1946649e-02;1.0250000e+02;3.6174729e-02;1.0250000e+02;-7.9174191e-03;1.0250000e+02;-1.8729921e-03;1.0250000e+02;1.0087288e-02;1.0250000e+02;2.7382942e-02;1.0250000e+02;4.9723372e-02;1.0250000e+02;7.4052058e-02;1.0250000e+02;9.7259954e-02;1.0250000e+02;1.1883686e-01;1.0250000e+02;1.3779750e-01;1.0250000e+02;1.5865502e-01;1.0250000e+02;1.8615317e-01;1.0250000e+02;2.1347974e-01;1.0250000e+02;2.2854938e-01;1.0250000e+02;2.1615171e-01;1.0250000e+02;1.8100978e-01;1.0250000e+02;1.3253447e-01;1.0250000e+02;8.1946649e-02;1.0250000e+02;3.6174729e-02;1.0250000e+02;-7.9174191e-03;1.0250000e+02;-1.8729921e-03;1.0250000e+02;1.0087288e-02;1.0250000e+02;2.7382942e-02;1.0250000e+02;4.9723372e-02;1.0250000e+02;7.4052058e-02;1.0250000e+02;9.7259954e-02;1.0250000e+02;1.1883686e-01;1.0250000e+02;1.3779750e-01;1.0250000e+02;1.5865502e-01;1.0250000e+02;1.8615317e-01;1.0250000e+02;2.1347974e-01;1.0250000e+02;2.2854938e-01;1.0250000e+02;2.1615171e-01;1.0250000e+02;1.8100978e-01;1.0250000e+02;1.3253447e-01;1.0250000e+02;8.1946649e-02;1.0250000e+02;3.6174729e-02;1.0250000e+02;-7.9174191e-03;1.0250000e+02;-1.8729921e-03;1.0250000e+02;1.0087288e-02;1.0250000e+02;2.7382942e-02;1.0250000e+02;4.9723372e-02;1.0250000e+02;7.4052058e-02;1.0250000e+02;9.7259954e-02;1.0250000e+02;1.1883686e-01;1.0250000e+02;1.3779750e-01;1.0250000e+02;1.5865502e-01;1.0250000e+02;1.8615317e-01;1.0250000e+02;2.1347974e-01;1.0250000e+02;2.2854938e-01;1.0250000e+02;2.1615171e-01;1.0250000e+02;1.8100978e-01;1.0250000e+02;1.3253447e-01;1.0250000e+02;8.1946649e-02;1.0250000e+02;3.6174729e-02;1.0250000e+02;-7.9174191e-03;1.0250000e+02;-1.8729921e-03;1.0250000e+02;1.0087288e-02;1.0250000e+02;2.7382942e-02;1.0250000e+02;4.9723372e-02;1.0250000e+02;7.4052058e-02;1.0250000e+02;9.7259954e-02;1.0250000e+02;1.1883686e-01;1.0250000e+02;1.3779750e-01;1.0250000e+02;1.5865502e-01;1.0250000e+02;1.8615317e-01;1.0250000e+02;2.1347974e-01;1.0250000e+02;2.2854938e-01;1.0250000e+02;2.1615171e-01;1.0250000e+02;1.8100978e-01;1.0250000e+02;1.3253447e-01;1.0250000e+02;8.1946649e-02;1.0250000e+02;3.6174729e-02;1.0250000e+02;-7.9174191e-03;1.0250000e+02;-1.8729921e-03;1.0250000e+02;1.0087288e-02;1.0250000e+02;2.7382942e-02;1.0250000e+02;4.9723372e-02;1.0250000e+02;7.4052058e-02;1.0250000e+02;9.7259954e-02;1.0250000e+02;1.1883686e-01;1.0250000e+02;1.3779750e-01;1.0250000e+02;1.5865502e-01;1.0250000e+02;1.8615317e-01;1.0250000e+02;2.1347974e-01;1.0250000e+02;2.2854938e-01;1.0250000e+02;2.1615171e-01;1.0250000e+02;1.8100978e-01;1.0250000e+02;1.3253447e-01;1.0250000e+02;8.1946649e-02;1.0250000e+02;3.6174729e-02;1.0250000e+02;-7.9174191e-03;1.0250000e+02;-1.8729921e-03;1.0250000e+02;1.0087288e-02;1.0250000e+02;2.7382942e-02;1.0250000e+02;4.9723372e-02;1.0250000e+02;7.4052058e-02;1.0250000e+02;9.7259954e-02;1.0250000e+02;1.1883686e-01;1.0250000e+02;1.3779750e-01;1.0250000e+02;1.5865502e-01;1.0250000e+02;1.8615317e-01;1.0250000e+02;2.1347974e-01;1.0250000e+02;2.2854938e-01;1.0250000e+02;2.1615171e-01;1.0250000e+02;1.8100978e-01;1.0250000e+02;1.3253447e-01;1.0250000e+02;8.1946649e-02;1.0250000e+02;3.6174729e-02;1.0250000e+02;-7.9174191e-03;1.0250000e+02;-1.8729921e-03;1.0250000e+02;1.0087288e-02;1.0250000e+02;2.7382942e-02;1.0250000e+02;4.9723372e-02;1.0250000e+02;7.4052058e-02;1.0250000e+02;9.7259954e-02;1.0250000e+02;1.1883686e-01;1.0250000e+02;1.3779750e-01;1.0250000e+02;1.5865502e-01;1.0250000e+02;1.8615317e-01;1.0250000e+02;2.1347974e-01;1.0250000e+02;2.2854938e-01;1.0250000e+02;2.1615171e-01;1.0250000e+02;1.8100978e-01;1.0250000e+02;1.3253447e-01;1.0250000e+02;8.1946649e-02;1.0250000e+02;3.6174729e-02;1.0250000e+02;-7.9174191e-03;1.0250000e+02;-1.8729921e-03;1.0250000e+02;1.0087288e-02;1.0250000e+02;2.7382942e-02;1.0250000e+02;4.9723372e-02;1.0250000e+02;7.4052058e-02;1.0250000e+02;9.7259954e-02;1.0250000e+02;1.1883686e-01;1.0250000e+02;1.3779750e-01;1.0250000e+02;1.5865502e-01;1.0250000e+02;1.8615317e-01;1.0250000e+02;2.1347974e-01;1.0250000e+02;2.2854938e-01;1.0250000e+02;2.1615171e-01;1.0250000e+02;1.8100978e-01;1.0250000e+02;1.3253447e-01;1.0250000e+02;8.1946649e-02;1.0250000e+02;3.6174729e-02;1.0250000e+02;-7.9174191e-03;1.0250000e+02;-1.8729921e-03;1.0250000e+02;1.0087288e-02;1.0250000e+02;2.7382942e-02;1.0250000e+02;4.9723372e-02;1.0250000e+02;7.4052058e-02;1.0250000e+02;9.7259954e-02;1.0250000e+02;1.1883686e-01;1.0250000e+02;1.3779750e-01;1.0250000e+02;1.5865502e-01;1.0250000e+02;1.8615317e-01;1.0250000e+02;2.1347974e-01;1.0250000e+02;2.2854938e-01;1.0250000e+02;2.1615171e-01;1.0250000e+02;1.8100978e-01;1.0250000e+02;1.3253447e-01;1.0250000e+02;8.1946649e-02;1.0250000e+02;3.6174729e-02;1.0250000e+02;-7.9174191e-03;1.0250000e+02;-1.8729921e-03;1.0250000e+02;1.0087288e-02;1.0250000e+02;2.7382942e-02;1.0250000e+02;4.9723372e-02;1.0250000e+02;7.4052058e-02;1.0250000e+02;9.7259954e-02;1.0250000e+02;1.1883686e-01;1.0250000e+02;1.3779750e-01;1.0250000e+02;1.5865502e-01;1.0250000e+02;1.8615317e-01;1.0250000e+02;2.1347974e-01;1.0250000e+02;2.2854938e-01;1.0250000e+02;2.1615171e-01;1.0250000e+02;1.8100978e-01;1.0250000e+02;1.3253447e-01;1.0250000e+02;8.1946649e-02;1.0250000e+02;3.6174729e-02;1.0250000e+02;-7.9174191e-03;1.0250000e+02;-1.8729921e-03;1.0250000e+02;1.0087288e-02;1.0250000e+02;2.7382942e-02;1.0250000e+02;4.9723372e-02;1.0250000e+02;7.4052058e-02;1.0250000e+02;9.7259954e-02;1.0250000e+02;1.1883686e-01;1.0250000e+02;1.3779750e-01;1.0250000e+02;1.5865502e-01;1.0250000e+02;1.8615317e-01;1.0250000e+02;2.1347974e-01;1.0250000e+02;2.2854938e-01;1.0250000e+02;2.1615171e-01;1.0250000e+02;1.8100978e-01;1.0250000e+02;1.3253447e-01;1.0250000e+02;8.1946649e-02;1.0250000e+02;3.6174729e-02;1.0250000e+02;-7.9174191e-03;1.0250000e+02;-1.8729921e-03;1.0250000e+02;1.0087288e-02;1.0250000e+02;2.7382942e-02;1.0250000e+02;4.9723372e-02;1.0250000e+02;7.4052058e-02;1.0250000e+02;9.7259954e-02;1.0250000e+02;1.1883686e-01;1.0250000e+02;1.3779750e-01;1.0250000e+02;1.5865502e-01;1.0250000e+02;1.8615317e-01;1.0250000e+02;2.1347974e-01;1.0250000e+02;2.2854938e-01;1.0250000e+02;2.1615171e-01;1.0250000e+02;1.8100978e-01;1.0250000e+02;1.3253447e-01;1.0250000e+02;8.1946649e-02;1.0250000e+02;3.6174729e-02;1.0250000e+02;-7.9174191e-03;1.0250000e+02;-1.8729921e-03;1.0250000e+02;1.0087288e-02;1.0250000e+02;2.7382942e-02;1.0250000e+02;4.9723372e-02;1.0250000e+02;7.4052058e-02;1.0250000e+02;9.7259954e-02;1.0250000e+02;1.1883686e-01;1.0250000e+02;1.3779750e-01;1.0250000e+02;1.5865502e-01;1.0250000e+02;1.8615317e-01;1.0250000e+02;2.1347974e-01;1.0250000e+02;2.2854938e-01;1.0250000e+02;2.1615171e-01;1.0250000e+02;1.8100978e-01;1.0250000e+02;1.3253447e-01;1.0250000e+02;8.1946649e-02;1.0250000e+02;3.6174729e-02;1.0250000e+02;-7.9174191e-03;1.0250000e+02;-1.8729921e-03;1.0250000e+02;1.0087288e-02;1.0250000e+02;2.7382942e-02;1.0250000e+02;4.9723372e-02;1.0250000e+02;7.4052058e-02;1.0250000e+02;9.7259954e-02;1.0250000e+02;1.1883686e-01;1.0250000e+02;1.3779750e-01;1.0250000e+02;1.5865502e-01;1.0250000e+02;1.8615317e-01;1.0250000e+02;2.1347974e-01;1.0250000e+02;2.2854938e-01;1.0250000e+02;2.1615171e-01;1.0250000e+02;1.8100978e-01;1.0250000e+02;1.3253447e-01;1.0250000e+02;8.1946649e-02;1.0250000e+02;3.6174729e-02;1.0250000e+02;-7.9174191e-03;1.0250000e+02;-1.8729921e-03;1.0250000e+02;1.0087288e-02;1.0250000e+02;2.7382942e-02;1.0250000e+02;4.9723372e-02;1.0250000e+02;7.4052058e-02;1.0250000e+02;9.7259954e-02;1.0250000e+02;1.1883686e-01;1.0250000e+02;1.3779750e-01;1.0250000e+02;1.5865502e-01;1.0250000e+02;1.8615317e-01;1.0250000e+02;2.1347974e-01;1.0250000e+02;2.2854938e-01;1.0250000e+02;2.1615171e-01;1.0250000e+02;1.8100978e-01;1.0250000e+02;1.3253447e-01;1.0250000e+02;8.1946649e-02;1.0250000e+02;3.6174729e-02;1.0250000e+02;-7.9174191e-03;1.0250000e+02;-1.8729921e-03;1.0250000e+02;1.0087288e-02;1.0250000e+02;2.7382942e-02;1.0250000e+02;4.9723372e-02;1.0250000e+02;7.4052058e-02;1.0250000e+02;9.7259954e-02;1.0250000e+02;1.1883686e-01;1.0250000e+02;1.3779750e-01;1.0250000e+02;1.5865502e-01;1.0250000e+02;1.8615317e-01;1.0250000e+02;2.1347974e-01;1.0250000e+02;2.2854938e-01;1.0250000e+02;2.1615171e-01;1.0250000e+02;1.8100978e-01;1.0250000e+02;1.3253447e-01;1.0250000e+02;8.1946649e-02;1.0250000e+02;3.6174729e-02;1.0250000e+02;-7.9174191e-03;1.0250000e+02;-1.8729921e-03;1.0250000e+02;1.0087288e-02;1.0250000e+02;2.7382942e-02;1.0250000e+02;4.9723372e-02;1.0250000e+02;7.4052058e-02;1.0250000e+02;9.7259954e-02;1.0250000e+02;1.1883686e-01;1.0250000e+02;1.3779750e-01;1.0250000e+02;1.5865502e-01;1.0250000e+02;1.8615317e-01;1.0250000e+02;2.1347974e-01;1.0250000e+02;2.2854938e-01;1.0250000e+02;2.1615171e-01;1.0250000e+02;1.8100978e-01;1.0250000e+02;1.3253447e-01;1.0250000e+02;8.1946649e-02;1.0250000e+02;3.6174729e-02;1.0250000e+02;-7.9174191e-03;1.0250000e+02;-1.8729921e-03;1.0250000e+02;1.0087288e-02;1.0250000e+02;2.7382942e-02;1.0250000e+02;4.9723372e-02;1.0250000e+02;7.4052058e-02;1.0250000e+02;9.7259954e-02;1.0250000e+02;1.1883686e-01;1.0250000e+02;1.3779750e-01;1.0250000e+02;1.5865502e-01;1.0250000e+02;1.8615317e-01;1.0250000e+02;2.1347974e-01;1.0250000e+02;2.2854938e-01;1.0250000e+02;2.1615171e-01;1.0250000e+02;1.8100978e-01;1.0250000e+02;1.3253447e-01;1.0250000e+02;8.1946649e-02;1.0250000e+02;3.6174729e-02;1.0250000e+02;-7.9174191e-03;1.0250000e+02;-1.8729921e-03;1.0250000e+02;1.0087288e-02;1.0250000e+02;2.7382942e-02;1.0250000e+02;4.9723372e-02;1.0250000e+02;7.4052058e-02;1.0250000e+02;9.7259954e-02;1.0250000e+02;1.1883686e-01;1.0250000e+02;1.3779750e-01;1.0250000e+02;1.5865502e-01;1.0250000e+02;1.8615317e-01;1.0250000e+02;2.1347974e-01;1.0250000e+02;2.2854938e-01;1.0250000e+02;2.1615171e-01;1.0250000e+02;1.8100978e-01;1.0250000e+02;1.3253447e-01;1.0250000e+02;8.1946649e-02;1.0250000e+02;3.6174729e-02;1.0250000e+02;-7.9174191e-03;1.0250000e+02;-1.8729921e-03;1.0250000e+02;1.0087288e-02;1.0250000e+02;2.7382942e-02;1.0250000e+02;4.9723372e-02;1.0250000e+02;7.4052058e-02;1.0250000e+02;9.7259954e-02;1.0250000e+02;1.1883686e-01;1.0250000e+02;1.3779750e-01;1.0250000e+02;1.5865502e-01;1.0250000e+02;1.8615317e-01;1.0250000e+02;2.1347974e-01;1.0250000e+02;2.2854938e-01;1.0250000e+02;2.1615171e-01;1.0250000e+02;1.8100978e-01;1.0250000e+02;1.3253447e-01;1.0250000e+02;8.1946649e-02;1.0250000e+02;3.6174729e-02;1.0250000e+02;-7.9174191e-03;1.0250000e+02;-1.8729921e-03;1.0250000e+02;1.0087288e-02;1.0250000e+02;2.7382942e-02;1.0250000e+02;4.9723372e-02;1.0250000e+02;7.4052058e-02;1.0250000e+02;9.7259954e-02;1.0250000e+02;1.1883686e-01;1.0250000e+02;1.3779750e-01;1.0250000e+02;1.5865502e-01;1.0250000e+02;1.8615317e-01;1.0250000e+02;2.1347974e-01;1.0250000e+02;2.2854938e-01;1.0250000e+02;2.1615171e-01;1.0250000e+02;1.8100978e-01;1.0250000e+02;1.3253447e-01;1.0250000e+02;8.1946649e-02;1.0250000e+02;3.6174729e-02;1.0250000e+02;-7.9174191e-03;1.0250000e+02;-1.8729921e-03;1.0250000e+02;1.0087288e-02;1.0250000e+02;2.7382942e-02;1.0250000e+02;4.9723372e-02;1.0250000e+02;7.4052058e-02;1.0250000e+02;9.7259954e-02;1.0250000e+02;1.1883686e-01;1.0250000e+02;1.3779750e-01;1.0250000e+02;1.5865502e-01;1.0250000e+02;1.8615317e-01;1.0250000e+02;2.1347974e-01;1.0250000e+02;2.2854938e-01;1.0250000e+02;2.1615171e-01;1.0250000e+02;1.8100978e-01;1.0250000e+02;1.3253447e-01;1.0250000e+02;8.1946649e-02;1.0250000e+02;3.6174729e-02;1.0250000e+02;-7.9174191e-03;1.0250000e+02;-1.8729921e-03;1.0250000e+02;1.0087288e-02;1.0250000e+02;2.7382942e-02;1.0250000e+02;4.9723372e-02;1.0250000e+02;7.4052058e-02;1.0250000e+02;9.7259954e-02;1.0250000e+02;1.1883686e-01;1.0250000e+02;1.3779750e-01;1.0250000e+02;1.5865502e-01;1.0250000e+02;1.8615317e-01;1.0250000e+02;2.1347974e-01;1.0250000e+02;2.2854938e-01;1.0250000e+02;2.1615171e-01;1.0250000e+02;1.8100978e-01;1.0250000e+02;1.3253447e-01;1.0250000e+02;8.1946649e-02;1.0250000e+02;3.6174729e-02;1.0250000e+02;-7.9174191e-03;1.0250000e+02;-1.8729921e-03;1.0250000e+02;1.0087288e-02;1.0250000e+02;2.7382942e-02;1.0250000e+02;4.9723372e-02;1.0250000e+02;7.4052058e-02;1.0250000e+02;9.7259954e-02;1.0250000e+02;1.1883686e-01;1.0250000e+02;1.3779750e-01;1.0250000e+02;1.5865502e-01;1.0250000e+02;1.8615317e-01;1.0250000e+02;2.1347974e-01;1.0250000e+02;2.2854938e-01;1.0250000e+02;2.1615171e-01;1.0250000e+02;1.8100978e-01;1.0250000e+02;1.3253447e-01;1.0250000e+02;8.1946649e-02;1.0250000e+02;3.6174729e-02;1.0250000e+02;-7.9174191e-03;1.0250000e+02;-1.8729921e-03;1.0250000e+02;1.0087288e-02;1.0250000e+02;2.7382942e-02;1.0250000e+02;4.9723372e-02;1.0250000e+02;7.4052058e-02;1.0250000e+02;9.7259954e-02;1.0250000e+02;1.1883686e-01;1.0250000e+02;1.3779750e-01;1.0250000e+02;1.5865502e-01;1.0250000e+02;1.8615317e-01;1.0250000e+02;2.1347974e-01;1.0250000e+02;2.2854938e-01;1.0250000e+02;2.1615171e-01;1.0250000e+02;1.8100978e-01;1.0250000e+02;1.3253447e-01;1.0250000e+02;8.1946649e-02;1.0250000e+02;3.6174729e-02;1.0250000e+02;-7.9174191e-03;1.0250000e+02;-1.8729921e-03;1.0250000e+02;1.0087288e-02;1.0250000e+02;2.7382942e-02;1.0250000e+02;4.9723372e-02;1.0250000e+02;7.4052058e-02;1.0250000e+02;9.7259954e-02;1.0250000e+02;1.1883686e-01;1.0250000e+02;1.3779750e-01;1.0250000e+02;1.5865502e-01;1.0250000e+02;1.8615317e-01;1.0250000e+02;2.1347974e-01;1.0250000e+02;2.2854938e-01;1.0250000e+02;2.1615171e-01;1.0250000e+02;1.8100978e-01;1.0250000e+02;1.3253447e-01;1.0250000e+02;8.1946649e-02;1.0250000e+02;3.6174729e-02;1.0250000e+02;-7.9174191e-03;1.0250000e+02;-1.8729921e-03;1.0250000e+02;1.0087288e-02;1.0250000e+02;2.7382942e-02;1.0250000e+02;4.9723372e-02;1.0250000e+02;7.4052058e-02;1.0250000e+02;9.7259954e-02;1.0250000e+02;1.1883686e-01;1.0250000e+02;1.3779750e-01;1.0250000e+02;1.5865502e-01;1.0250000e+02;1.8615317e-01;1.0250000e+02;2.1347974e-01;1.0250000e+02;2.2854938e-01;1.0250000e+02;2.1615171e-01;1.0250000e+02;1.8100978e-01;1.0250000e+02;1.3253447e-01;1.0250000e+02;8.1946649e-02;1.0250000e+02;3.6174729e-02;1.0250000e+02;-7.9174191e-03;1.0250000e+02;-1.8729921e-03;1.0250000e+02;1.0087288e-02;1.0250000e+02;2.7382942e-02;1.0250000e+02;4.9723372e-02;1.0250000e+02;7.4052058e-02;1.0250000e+02;9.7259954e-02;1.0250000e+02;1.1883686e-01;1.0250000e+02;1.3779750e-01;1.0250000e+02;1.5865502e-01;1.0250000e+02;1.8615317e-01;1.0250000e+02;2.1347974e-01;1.0250000e+02;2.2854938e-01;1.0250000e+02;2.1615171e-01;1.0250000e+02;1.8100978e-01;1.0250000e+02;1.3253447e-01;1.0250000e+02;8.1946649e-02;1.0250000e+02;3.6174729e-02;1.0250000e+02;-7.9174191e-03;1.0250000e+02;-1.8729921e-03;1.0250000e+02;1.0087288e-02;1.0250000e+02;2.7382942e-02;1.0250000e+02;4.9723372e-02;1.0250000e+02;7.4052058e-02;1.0250000e+02;9.7259954e-02;1.0250000e+02;1.1883686e-01;1.0250000e+02;1.3779750e-01;1.0250000e+02;1.5865502e-01;1.0250000e+02;1.8615317e-01;1.0250000e+02;2.1347974e-01;1.0250000e+02;2.2854938e-01;1.0250000e+02;2.1615171e-01;1.0250000e+02;1.8100978e-01;1.0250000e+02;1.3253447e-01;1.0250000e+02;8.1946649e-02;1.0250000e+02;3.6174729e-02;1.0250000e+02;-7.9174191e-03;1.0250000e+02;-1.8729921e-03;1.0250000e+02;1.0087288e-02;1.0250000e+02;2.7382942e-02;1.0250000e+02;4.9723372e-02;1.0250000e+02;7.4052058e-02;1.0250000e+02;9.7259954e-02;1.0250000e+02;1.1883686e-01;1.0250000e+02;1.3779750e-01;1.0250000e+02;1.5865502e-01;1.0250000e+02;1.8615317e-01;1.0250000e+02;2.1347974e-01;1.0250000e+02;2.2854938e-01;1.0250000e+02;2.1615171e-01;1.0250000e+02;1.8100978e-01;1.0250000e+02;1.3253447e-01;1.0250000e+02;8.1946649e-02;1.0250000e+02;3.6174729e-02;1.0250000e+02;-7.9174191e-03;1.0250000e+02;-1.8729921e-03;1.0250000e+02;1.0087288e-02;1.0250000e+02;2.7382942e-02;1.0250000e+02;4.9723372e-02;1.0250000e+02;7.4052058e-02;1.0250000e+02;9.7259954e-02;1.0250000e+02;1.1883686e-01;1.0250000e+02;1.3779750e-01;1.0250000e+02;1.5865502e-01;1.0250000e+02;1.8615317e-01;1.0250000e+02;2.1347974e-01;1.0250000e+02;2.2854938e-01;1.0250000e+02;2.1615171e-01;1.0250000e+02;1.8100978e-01;1.0250000e+02;1.3253447e-01;1.0250000e+02;8.1946649e-02;1.0250000e+02;3.6174729e-02;1.0250000e+02;-7.9174191e-03;1.0250000e+02;-1.8729921e-03;1.0250000e+02;1.0087288e-02;1.0250000e+02;2.7382942e-02;1.0250000e+02;4.9723372e-02;1.0250000e+02;7.4052058e-02;1.0250000e+02;9.7259954e-02;1.0250000e+02;1.1883686e-01;1.0250000e+02;1.3779750e-01;1.0250000e+02;1.5865502e-01;1.0250000e+02;1.8615317e-01;1.0250000e+02;2.1347974e-01;1.0250000e+02;2.2854938e-01;1.0250000e+02;2.1615171e-01;1.0250000e+02;1.8100978e-01;1.0250000e+02;1.3253447e-01;1.0250000e+02;8.1946649e-02;1.0250000e+02;3.6174729e-02;1.0250000e+02;-7.9174191e-03;1.0250000e+02;-1.8729921e-03;1.0250000e+02;1.0087288e-02;1.0250000e+02;2.7382942e-02;1.0250000e+02;4.9723372e-02;1.0250000e+02;7.4052058e-02;1.0250000e+02;9.7259954e-02;1.0250000e+02;1.1883686e-01;1.0250000e+02;1.3779750e-01;1.0250000e+02;1.5865502e-01;1.0250000e+02;1.8615317e-01;1.0250000e+02;2.1347974e-01;1.0250000e+02;2.2854938e-01;1.0250000e+02;2.1615171e-01;1.0250000e+02;1.8100978e-01;1.0250000e+02;1.3253447e-01;1.0250000e+02;8.1946649e-02;1.0250000e+02;3.6174729e-02;1.0250000e+02;-7.9174191e-03;1.0250000e+02;-1.8729921e-03;1.0250000e+02;1.0087288e-02;1.0250000e+02;2.7382942e-02;1.0250000e+02;4.9723372e-02;1.0250000e+02;7.4052058e-02;1.0250000e+02;9.7259954e-02;1.0250000e+02;1.1883686e-01;1.0250000e+02;1.3779750e-01;1.0250000e+02;1.5865502e-01;1.0250000e+02;1.8615317e-01;1.0250000e+02;2.1347974e-01;1.0250000e+02;2.2854938e-01;1.0250000e+02;2.1615171e-01;1.0250000e+02;1.8100978e-01;1.0250000e+02;1.3253447e-01;1.0250000e+02;8.1946649e-02;1.0250000e+02;3.6174729e-02;1.0250000e+02;-7.9174191e-03;1.0250000e+02;-1.8729921e-03;1.0250000e+02;1.0087288e-02;1.0250000e+02;2.7382942e-02;1.0250000e+02;4.9723372e-02;1.0250000e+02;7.4052058e-02;1.0250000e+02;9.7259954e-02;1.0250000e+02;1.1883686e-01;1.0250000e+02;1.3779750e-01;1.0250000e+02;1.5865502e-01;1.0250000e+02;1.8615317e-01;1.0250000e+02;2.1347974e-01;1.0250000e+02;2.2854938e-01;1.0250000e+02;2.1615171e-01;1.0250000e+02;1.8100978e-01;1.0250000e+02;1.3253447e-01;1.0250000e+02;8.1946649e-02;1.0250000e+02;3.6174729e-02;1.0250000e+02;-7.9174191e-03;1.0250000e+02;-1.8729921e-03;1.0250000e+02;1.0087288e-02;1.0250000e+02;2.7382942e-02;1.0250000e+02;4.9723372e-02;1.0250000e+02;7.4052058e-02;1.0250000e+02;9.7259954e-02;1.0250000e+02;1.1883686e-01;1.0250000e+02;1.3779750e-01;1.0250000e+02;1.5865502e-01;1.0250000e+02;1.8615317e-01;1.0250000e+02;2.1347974e-01;1.0250000e+02;2.2854938e-01;1.0250000e+02;2.1615171e-01;1.0250000e+02;1.8100978e-01;1.0250000e+02;1.3253447e-01;1.0250000e+02;8.1946649e-02;1.0250000e+02;3.6174729e-02;1.0250000e+02;-7.9174191e-03;1.0250000e+02;-1.8729921e-03;1.0250000e+02;1.0087288e-02;1.0250000e+02;2.7382942e-02;1.0250000e+02;4.9723372e-02;1.0250000e+02;7.4052058e-02;1.0250000e+02;9.7259954e-02;1.0250000e+02;1.1883686e-01;1.0250000e+02;1.3779750e-01;1.0250000e+02;1.5865502e-01;1.0250000e+02;1.8615317e-01;1.0250000e+02;2.1347974e-01;1.0250000e+02;2.2854938e-01;1.0250000e+02;2.1615171e-01;1.0250000e+02;1.8100978e-01;1.0250000e+02;1.3253447e-01;1.0250000e+02;8.1946649e-02;1.0250000e+02;3.6174729e-02;1.0250000e+02;-7.9174191e-03;1.0250000e+02;-1.8729921e-03;1.0250000e+02;1.0087288e-02;1.0250000e+02;2.7382942e-02;1.0250000e+02;4.9723372e-02;1.0250000e+02;7.4052058e-02;1.0250000e+02;9.7259954e-02;1.0250000e+02;1.1883686e-01;1.0250000e+02;1.3779750e-01;1.0250000e+02;1.5865502e-01;1.0250000e+02;1.8615317e-01;1.0250000e+02;2.1347974e-01;1.0250000e+02;2.2854938e-01;1.0250000e+02;2.1615171e-01;1.0250000e+02;1.8100978e-01;1.0250000e+02;1.3253447e-01;1.0250000e+02;8.1946649e-02;1.0250000e+02;3.6174729e-02;1.0250000e+02;-7.9174191e-03;1.0250000e+02;-1.8729921e-03;1.0250000e+02;1.0087288e-02;1.0250000e+02;2.7382942e-02;1.0250000e+02;4.9723372e-02;1.0250000e+02;7.4052058e-02;1.0250000e+02;9.7259954e-02;1.0250000e+02;1.1883686e-01;1.0250000e+02;1.3779750e-01;1.0250000e+02;1.5865502e-01;1.0250000e+02;1.8615317e-01;1.0250000e+02;2.1347974e-01;1.0250000e+02;2.2854938e-01;1.0250000e+02;2.1615171e-01;1.0250000e+02;1.8100978e-01;1.0250000e+02;1.3253447e-01;1.0250000e+02;8.1946649e-02;1.0250000e+02;3.6174729e-02;1.0250000e+02;-7.9174191e-03;1.0250000e+02;-1.8729921e-03;1.0250000e+02;1.0087288e-02;1.0250000e+02;2.7382942e-02;1.0250000e+02;4.9723372e-02;1.0250000e+02;7.4052058e-02;1.0250000e+02;9.7259954e-02;1.0250000e+02;1.1883686e-01;1.0250000e+02;1.3779750e-01;1.0250000e+02;1.5865502e-01;1.0250000e+02;1.8615317e-01;1.0250000e+02;2.1347974e-01;1.0250000e+02;2.2854938e-01;1.0250000e+02;2.1615171e-01;1.0250000e+02;1.8100978e-01;1.0250000e+02;1.3253447e-01;1.0250000e+02;8.1946649e-02;1.0250000e+02;3.6174729e-02;1.0250000e+02;-7.9174191e-03;1.0250000e+02;-1.8729921e-03;1.0250000e+02;1.0087288e-02;1.0250000e+02;2.7382942e-02;1.0250000e+02;4.9723372e-02;1.0250000e+02;7.4052058e-02;1.0250000e+02;9.7259954e-02;1.0250000e+02;1.1883686e-01;1.0250000e+02;1.3779750e-01;1.0250000e+02;1.5865502e-01;1.0250000e+02;1.8615317e-01;1.0250000e+02;2.1347974e-01;1.0250000e+02;2.2854938e-01;1.0250000e+02;2.1615171e-01;1.0250000e+02;1.8100978e-01;1.0250000e+02;1.3253447e-01;1.0250000e+02;8.1946649e-02;1.0250000e+02;3.6174729e-02;1.0250000e+02;-7.9174191e-03;1.0250000e+02;-1.8729921e-03;1.0250000e+02;1.0087288e-02;1.0250000e+02;2.7382942e-02;1.0250000e+02;4.9723372e-02;1.0250000e+02;7.4052058e-02;1.0250000e+02;9.7259954e-02;1.0250000e+02;1.1883686e-01;1.0250000e+02;1.3779750e-01;1.0250000e+02;1.5865502e-01;1.0250000e+02;1.8615317e-01;1.0250000e+02;2.1347974e-01;1.0250000e+02;2.2854938e-01;1.0250000e+02;2.1615171e-01;1.0250000e+02;1.8100978e-01;1.0250000e+02;1.3253447e-01;1.0250000e+02;8.1946649e-02;1.0250000e+02;3.6174729e-02;1.0250000e+02;-7.9174191e-03;1.0250000e+02;-1.8729921e-03;1.0250000e+02;1.0087288e-02;1.0250000e+02;2.7382942e-02;1.0250000e+02;4.9723372e-02;1.0250000e+02;7.4052058e-02;1.0250000e+02;9.7259954e-02;1.0250000e+02;1.1883686e-01;1.0250000e+02;1.3779750e-01;1.0250000e+02;1.5865502e-01;1.0250000e+02;1.8615317e-01;1.0250000e+02;2.1347974e-01;1.0250000e+02;2.2854938e-01;1.0250000e+02;2.1615171e-01;1.0250000e+02;1.8100978e-01;1.0250000e+02;1.3253447e-01;1.0250000e+02;8.1946649e-02;1.0250000e+02;3.6174729e-02;1.0250000e+02;-7.9174191e-03;1.0250000e+02;-1.8729921e-03;1.0250000e+02;1.0087288e-02;1.0250000e+02;2.7382942e-02;1.0250000e+02;4.9723372e-02;1.0250000e+02;7.4052058e-02;1.0250000e+02;9.7259954e-02;1.0250000e+02;1.1883686e-01;1.0250000e+02;1.3779750e-01;1.0250000e+02;1.5865502e-01;1.0250000e+02;1.8615317e-01;1.0250000e+02;2.1347974e-01;1.0250000e+02;2.2854938e-01;1.0250000e+02;2.1615171e-01;1.0250000e+02;1.8100978e-01;1.0250000e+02;1.3253447e-01;1.0250000e+02;8.1946649e-02;1.0250000e+02;3.6174729e-02;1.0250000e+02;-7.9174191e-03;1.0250000e+02;-1.8729921e-03;1.0250000e+02;1.0087288e-02;1.0250000e+02;2.7382942e-02;1.0250000e+02;4.9723372e-02;1.0250000e+02;7.4052058e-02;1.0250000e+02;9.7259954e-02;1.0250000e+02;1.1883686e-01;1.0250000e+02;1.3779750e-01;1.0250000e+02;1.5865502e-01;1.0250000e+02;1.8615317e-01;1.0250000e+02;2.1347974e-01;1.0250000e+02;2.2854938e-01;1.0250000e+02;2.1615171e-01;1.0250000e+02;1.8100978e-01;1.0250000e+02;1.3253447e-01;1.0250000e+02;8.1946649e-02;1.0250000e+02;3.6174729e-02;1.0250000e+02;-7.9174191e-03;1.0250000e+02;-1.8729921e-03;1.0250000e+02;1.0087288e-02;1.0250000e+02;2.7382942e-02;1.0250000e+02;4.9723372e-02;1.0250000e+02;7.4052058e-02;1.0250000e+02;9.7259954e-02;1.0250000e+02;1.1883686e-01;1.0250000e+02;1.3779750e-01;1.0250000e+02;1.5865502e-01;1.0250000e+02;1.8615317e-01;1.0250000e+02;2.1347974e-01;1.0250000e+02;2.2854938e-01;1.0250000e+02;2.1615171e-01;1.0250000e+02;1.8100978e-01;1.0250000e+02;1.3253447e-01;1.0250000e+02;8.1946649e-02;1.0250000e+02;3.6174729e-02;1.0250000e+02;-7.9174191e-03;1.0250000e+02;-1.8729921e-03;1.0250000e+02;1.0087288e-02;1.0250000e+02;2.7382942e-02;1.0250000e+02;4.9723372e-02;1.0250000e+02;7.4052058e-02;1.0250000e+02;9.7259954e-02;1.0250000e+02;1.1883686e-01;1.0250000e+02;1.3779750e-01;1.0250000e+02;1.5865502e-01;1.0250000e+02;1.8615317e-01;1.0250000e+02;2.1347974e-01;1.0250000e+02;2.2854938e-01;1.0250000e+02;2.1615171e-01;1.0250000e+02;1.8100978e-01;1.0250000e+02;1.3253447e-01;1.0250000e+02;8.1946649e-02;1.0250000e+02;3.6174729e-02;1.0250000e+02;-7.9174191e-03;1.0250000e+02;-1.8729921e-03;1.0250000e+02;1.0087288e-02;1.0250000e+02;2.7382942e-02;1.0250000e+02;4.9723372e-02;1.0250000e+02;7.4052058e-02;1.0250000e+02;9.7259954e-02;1.0250000e+02;1.1883686e-01;1.0250000e+02;1.3779750e-01;1.0250000e+02;1.5865502e-01;1.0250000e+02;1.8615317e-01;1.0250000e+02;2.1347974e-01;1.0250000e+02;2.2854938e-01;1.0250000e+02;2.1615171e-01;1.0250000e+02;1.8100978e-01;1.0250000e+02;1.3253447e-01;1.0250000e+02;8.1946649e-02;1.0250000e+02;3.6174729e-02;1.0250000e+02;-7.9174191e-03;1.0250000e+02;-1.8729921e-03;1.0250000e+02;1.0087288e-02;1.0250000e+02;2.7382942e-02;1.0250000e+02;4.9723372e-02;1.0250000e+02;7.4052058e-02;1.0250000e+02;9.7259954e-02;1.0250000e+02;1.1883686e-01;1.0250000e+02;1.3779750e-01;1.0250000e+02;1.5865502e-01;1.0250000e+02;1.8615317e-01;1.0250000e+02;2.1347974e-01;1.0250000e+02;2.2854938e-01;1.0250000e+02;2.1615171e-01;1.0250000e+02;1.8100978e-01;1.0250000e+02;1.3253447e-01;1.0250000e+02;8.1946649e-02;1.0250000e+02;3.6174729e-02;1.0250000e+02;-7.9174191e-03;1.0250000e+02;-1.8729921e-03;1.0250000e+02;1.0087288e-02;1.0250000e+02;2.7382942e-02;1.0250000e+02;4.9723372e-02;1.0250000e+02;7.4052058e-02;1.0250000e+02;9.7259954e-02;1.0250000e+02;1.1883686e-01;1.0250000e+02;1.3779750e-01;1.0250000e+02;1.5865502e-01;1.0250000e+02;1.8615317e-01;1.0250000e+02;2.1347974e-01;1.0250000e+02;2.2854938e-01;1.0250000e+02;2.1615171e-01;1.0250000e+02;1.8100978e-01;1.0250000e+02;1.3253447e-01;1.0250000e+02;8.1946649e-02;1.0250000e+02;3.6174729e-02;1.0250000e+02;-7.9174191e-03;1.0250000e+02;-1.8729921e-03;1.0250000e+02;1.0087288e-02;1.0250000e+02;2.7382942e-02;1.0250000e+02;4.9723372e-02;1.0250000e+02;7.4052058e-02;1.0250000e+02;9.7259954e-02;1.0250000e+02;1.1883686e-01;1.0250000e+02;1.3779750e-01;1.0250000e+02;1.5865502e-01;1.0250000e+02;1.8615317e-01;1.0250000e+02;2.1347974e-01;1.0250000e+02;2.2854938e-01;1.0250000e+02;2.1615171e-01;1.0250000e+02;1.8100978e-01;1.0250000e+02;1.3253447e-01;1.0250000e+02;8.1946649e-02;1.0250000e+02;3.6174729e-02;1.0250000e+02;-7.9174191e-03;1.0250000e+02;-1.8729921e-03;1.0250000e+02;1.0087288e-02;1.0250000e+02;2.7382942e-02;1.0250000e+02;4.9723372e-02;1.0250000e+02;7.4052058e-02;1.0250000e+02;9.7259954e-02;1.0250000e+02;1.1883686e-01;1.0250000e+02;1.3779750e-01;1.0250000e+02;1.5865502e-01;1.0250000e+02;1.8615317e-01;1.0250000e+02;2.1347974e-01;1.0250000e+02;2.2854938e-01;1.0250000e+02;2.1615171e-01;1.0250000e+02;1.8100978e-01;1.0250000e+02;1.3253447e-01;1.0250000e+02;8.1946649e-02;1.0250000e+02;3.6174729e-02;1.0250000e+02;-7.9174191e-03;1.0250000e+02;-1.8729921e-03;1.0250000e+02;1.0087288e-02;1.0250000e+02;2.7382942e-02;1.0250000e+02;4.9723372e-02;1.0250000e+02;7.4052058e-02;1.0250000e+02;9.7259954e-02;1.0250000e+02;1.1883686e-01;1.0250000e+02;1.3779750e-01;1.0250000e+02;1.5865502e-01;1.0250000e+02;1.8615317e-01;1.0250000e+02;2.1347974e-01;1.0250000e+02;2.2854938e-01;1.0250000e+02;2.1615171e-01;1.0250000e+02;1.8100978e-01;1.0250000e+02;1.3253447e-01;1.0250000e+02;8.1946649e-02;1.0250000e+02;3.6174729e-02;1.0250000e+02;-7.9174191e-03;1.0250000e+02;-1.8729921e-03;1.0250000e+02;1.0087288e-02;1.0250000e+02;2.7382942e-02;1.0250000e+02;4.9723372e-02;1.0250000e+02;7.4052058e-02;1.0250000e+02;9.7259954e-02;1.0250000e+02;1.1883686e-01;1.0250000e+02;1.3779750e-01;1.0250000e+02;1.5865502e-01;1.0250000e+02;1.8615317e-01;1.0250000e+02;2.1347974e-01;1.0250000e+02;2.2854938e-01;1.0250000e+02;2.1615171e-01;1.0250000e+02;1.8100978e-01;1.0250000e+02;1.3253447e-01;1.0250000e+02;8.1946649e-02;1.0250000e+02;3.6174729e-02;1.0250000e+02;-7.9174191e-03;1.0250000e+02;-1.8729921e-03;1.0250000e+02;1.0087288e-02;1.0250000e+02;2.7382942e-02;1.0250000e+02;4.9723372e-02;1.0250000e+02;7.4052058e-02;1.0250000e+02;9.7259954e-02;1.0250000e+02;1.1883686e-01;1.0250000e+02;1.3779750e-01;1.0250000e+02;1.5865502e-01;1.0250000e+02;1.8615317e-01;1.0250000e+02;2.1347974e-01;1.0250000e+02;2.2854938e-01;1.0250000e+02;2.1615171e-01;1.0250000e+02;1.8100978e-01;1.0250000e+02;1.3253447e-01;1.0250000e+02;8.1946649e-02;1.0250000e+02;3.6174729e-02;1.0250000e+02;-7.9174191e-03;1.0250000e+02;-1.8729921e-03;1.0250000e+02;1.0087288e-02;1.0250000e+02;2.7382942e-02;1.0250000e+02;4.9723372e-02;1.0250000e+02;7.4052058e-02;1.0250000e+02;9.7259954e-02;1.0250000e+02;1.1883686e-01;1.0250000e+02;1.3779750e-01;1.0250000e+02;1.5865502e-01;1.0250000e+02;1.8615317e-01;1.0250000e+02;2.1347974e-01;1.0250000e+02;2.2854938e-01;1.0250000e+02;2.1615171e-01;1.0250000e+02;1.8100978e-01;1.0250000e+02;1.3253447e-01;1.0250000e+02;8.1946649e-02;1.0250000e+02;3.6174729e-02;1.0250000e+02;-7.9174191e-03;1.0250000e+02;-1.8729921e-03;1.0250000e+02;1.0087288e-02;1.0250000e+02;2.7382942e-02;1.0250000e+02;4.9723372e-02;1.0250000e+02;7.4052058e-02;1.0250000e+02;9.7259954e-02;1.0250000e+02;1.1883686e-01;1.0250000e+02;1.3779750e-01;1.0250000e+02;1.5865502e-01;1.0250000e+02;1.8615317e-01;1.0250000e+02;2.1347974e-01;1.0250000e+02;2.2854938e-01;1.0250000e+02;2.1615171e-01;1.0250000e+02;1.8100978e-01;1.0250000e+02;1.3253447e-01;1.0250000e+02;8.1946649e-02;1.0250000e+02;3.6174729e-02;1.0250000e+02;-7.9174191e-03;1.0250000e+02;-1.8729921e-03;1.0250000e+02;1.0087288e-02;1.0250000e+02;2.7382942e-02;1.0250000e+02;4.9723372e-02;1.0250000e+02;7.4052058e-02;1.0250000e+02;9.7259954e-02;1.0250000e+02;1.1883686e-01;1.0250000e+02;1.3779750e-01;1.0250000e+02;1.5865502e-01;1.0250000e+02;1.8615317e-01;1.0250000e+02;2.1347974e-01;1.0250000e+02;2.2854938e-01;1.0250000e+02;2.1615171e-01;1.0250000e+02;1.8100978e-01;1.0250000e+02;1.3253447e-01;1.0250000e+02;8.1946649e-02;1.0250000e+02;3.6174729e-02;1.0250000e+02;-7.9174191e-03;1.0250000e+02;-1.8729921e-03;1.0250000e+02;1.0087288e-02;1.0250000e+02;2.7382942e-02;1.0250000e+02;4.9723372e-02;1.0250000e+02;7.4052058e-02;1.0250000e+02;9.7259954e-02;1.0250000e+02;1.1883686e-01;1.0250000e+02;1.3779750e-01;1.0250000e+02;1.5865502e-01;1.0250000e+02;1.8615317e-01;1.0250000e+02;2.1347974e-01;1.0250000e+02;2.2854938e-01;1.0250000e+02;2.1615171e-01;1.0250000e+02;1.8100978e-01;1.0250000e+02;1.3253447e-01;1.0250000e+02;8.1946649e-02;1.0250000e+02;3.6174729e-02;1.0250000e+02;-7.9174191e-03;1.0250000e+02;-1.8729921e-03;1.0250000e+02;1.0087288e-02;1.0250000e+02;2.7382942e-02;1.0250000e+02;4.9723372e-02;1.0250000e+02;7.4052058e-02;1.0250000e+02;9.7259954e-02;1.0250000e+02;1.1883686e-01;1.0250000e+02;1.3779750e-01;1.0250000e+02;1.5865502e-01;1.0250000e+02;1.8615317e-01;1.0250000e+02;2.1347974e-01;1.0250000e+02;2.2854938e-01;1.0250000e+02;2.1615171e-01;1.0250000e+02;1.8100978e-01;1.0250000e+02;1.3253447e-01;1.0250000e+02;8.1946649e-02;1.0250000e+02;3.6174729e-02;1.0250000e+02;-7.9174191e-03;1.0250000e+02;-1.8729921e-03;1.0250000e+02;1.0087288e-02;1.0250000e+02;2.7382942e-02;1.0250000e+02;4.9723372e-02;1.0250000e+02;7.4052058e-02;1.0250000e+02;9.7259954e-02;1.0250000e+02;1.1883686e-01;1.0250000e+02;1.3779750e-01;1.0250000e+02;1.5865502e-01;1.0250000e+02;1.8615317e-01;1.0250000e+02;2.1347974e-01;1.0250000e+02;2.2854938e-01;1.0250000e+02;2.1615171e-01;1.0250000e+02;1.8100978e-01;1.0250000e+02;1.3253447e-01;1.0250000e+02;8.1946649e-02;1.0250000e+02;3.6174729e-02;1.0250000e+02;-7.9174191e-03;1.0250000e+02;-1.8729921e-03;1.0250000e+02;1.0087288e-02;1.0250000e+02;2.7382942e-02;1.0250000e+02;4.9723372e-02;1.0250000e+02;7.4052058e-02;1.0250000e+02;9.7259954e-02;1.0250000e+02;1.1883686e-01;1.0250000e+02;1.3779750e-01;1.0250000e+02;1.5865502e-01;1.0250000e+02;1.8615317e-01;1.0250000e+02;2.1347974e-01;1.0250000e+02;2.2854938e-01;1.0250000e+02;2.1615171e-01;1.0250000e+02;1.8100978e-01;1.0250000e+02;1.3253447e-01;1.0250000e+02;8.1946649e-02;1.0250000e+02;3.6174729e-02;1.0250000e+02;-7.9174191e-03;1.0250000e+02;-1.8729921e-03;1.0250000e+02;1.0087288e-02;1.0250000e+02;2.7382942e-02;1.0250000e+02;4.9723372e-02;1.0250000e+02;7.4052058e-02;1.0250000e+02;9.7259954e-02;1.0250000e+02;1.1883686e-01;1.0250000e+02;1.3779750e-01;1.0250000e+02;1.5865502e-01;1.0250000e+02;1.8615317e-01;1.0250000e+02;2.1347974e-01;1.0250000e+02;2.2854938e-01;1.0250000e+02;2.1615171e-01;1.0250000e+02;1.8100978e-01;1.0250000e+02;1.3253447e-01;1.0250000e+02;8.1946649e-02;1.0250000e+02;3.6174729e-02;1.0250000e+02;-7.9174191e-03;1.0250000e+02;-1.8729921e-03;1.0250000e+02;1.0087288e-02;1.0250000e+02;2.7382942e-02;1.0250000e+02;4.9723372e-02;1.0250000e+02;7.4052058e-02;1.0250000e+02;9.7259954e-02;1.0250000e+02;1.1883686e-01;1.0250000e+02;1.3779750e-01;1.0250000e+02;1.5865502e-01;1.0250000e+02;1.8615317e-01;1.0250000e+02;2.1347974e-01;1.0250000e+02;2.2854938e-01;1.0250000e+02;2.1615171e-01;1.0250000e+02;1.8100978e-01;1.0250000e+02;1.3253447e-01;1.0250000e+02;8.1946649e-02;1.0250000e+02;3.6174729e-02;1.0250000e+02;-7.9174191e-03;1.0250000e+02;-1.8729921e-03;1.0250000e+02;1.0087288e-02;1.0250000e+02;2.7382942e-02;1.0250000e+02;4.9723372e-02;1.0250000e+02;7.4052058e-02;1.0250000e+02;9.7259954e-02;1.0250000e+02;1.1883686e-01;1.0250000e+02;1.3779750e-01;1.0250000e+02;1.5865502e-01;1.0250000e+02;1.8615317e-01;1.0250000e+02;2.1347974e-01;1.0250000e+02;2.2854938e-01;1.0250000e+02;2.1615171e-01;1.0250000e+02;1.8100978e-01;1.0250000e+02;1.3253447e-01;1.0250000e+02;8.1946649e-02;1.0250000e+02;3.6174729e-02;1.0250000e+02;-7.9174191e-03;1.0250000e+02;-1.8729921e-03;1.0250000e+02;1.0087288e-02;1.0250000e+02;2.7382942e-02;1.0250000e+02;4.9723372e-02;1.0250000e+02;7.4052058e-02;1.0250000e+02;9.7259954e-02;1.0250000e+02;1.1883686e-01;1.0250000e+02;1.3779750e-01;1.0250000e+02;1.5865502e-01;1.0250000e+02;1.8615317e-01;1.0250000e+02;2.1347974e-01;1.0250000e+02;2.2854938e-01;1.0250000e+02;2.1615171e-01;1.0250000e+02;1.8100978e-01;1.0250000e+02;1.3253447e-01;1.0250000e+02;8.1946649e-02;1.0250000e+02;3.6174729e-02;1.0250000e+02;-7.9174191e-03;1.0250000e+02;-1.8729921e-03;1.0250000e+02;1.0087288e-02;1.0250000e+02;2.7382942e-02;1.0250000e+02;4.9723372e-02;1.0250000e+02;7.4052058e-02;1.0250000e+02;9.7259954e-02;1.0250000e+02;1.1883686e-01;1.0250000e+02;1.3779750e-01;1.0250000e+02;1.5865502e-01;1.0250000e+02;1.8615317e-01;1.0250000e+02;2.1347974e-01;1.0250000e+02;2.2854938e-01;1.0250000e+02;2.1615171e-01;1.0250000e+02;1.8100978e-01;1.0250000e+02;1.3253447e-01;1.0250000e+02;8.1946649e-02;1.0250000e+02;3.6174729e-02;1.0250000e+02;-7.9174191e-03;1.0250000e+02;-1.8729921e-03;1.0250000e+02;1.0087288e-02;1.0250000e+02;2.7382942e-02;1.0250000e+02;4.9723372e-02;1.0250000e+02;7.4052058e-02;1.0250000e+02;9.7259954e-02;1.0250000e+02;1.1883686e-01;1.0250000e+02;1.3779750e-01;1.0250000e+02;1.5865502e-01;1.0250000e+02;1.8615317e-01;1.0250000e+02;2.1347974e-01;1.0250000e+02;2.2854938e-01;1.0250000e+02;2.1615171e-01;1.0250000e+02;1.8100978e-01;1.0250000e+02;1.3253447e-01;1.0250000e+02;8.1946649e-02;1.0250000e+02;3.6174729e-02;1.0250000e+02;-7.9174191e-03;1.0250000e+02;-1.8729921e-03;1.0250000e+02;1.0087288e-02;1.0250000e+02;2.7382942e-02;1.0250000e+02;4.9723372e-02;1.0250000e+02;7.4052058e-02;1.0250000e+02;9.7259954e-02;1.0250000e+02;1.1883686e-01;1.0250000e+02;1.3779750e-01;1.0250000e+02;1.5865502e-01;1.0250000e+02;1.8615317e-01;1.0250000e+02;2.1347974e-01;1.0250000e+02;2.2854938e-01;1.0250000e+02;2.1615171e-01;1.0250000e+02;1.8100978e-01;1.0250000e+02;1.3253447e-01;1.0250000e+02;8.1946649e-02;1.0250000e+02;3.6174729e-02;1.0250000e+02;-7.9174191e-03;1.0250000e+02;-1.8729921e-03;1.0250000e+02;1.0087288e-02;1.0250000e+02;2.7382942e-02;1.0250000e+02;4.9723372e-02;1.0250000e+02;7.4052058e-02;1.0250000e+02;9.7259954e-02;1.0250000e+02;1.1883686e-01;1.0250000e+02;1.3779750e-01;1.0250000e+02;1.5865502e-01;1.0250000e+02;1.8615317e-01;1.0250000e+02;2.1347974e-01;1.0250000e+02;2.2854938e-01;1.0250000e+02;2.1615171e-01;1.0250000e+02;1.8100978e-01;1.0250000e+02;1.3253447e-01;1.0250000e+02;8.1946649e-02;1.0250000e+02;3.6174729e-02;1.0250000e+02;-7.9174191e-03;1.0250000e+02;-1.8729921e-03;1.0250000e+02;1.0087288e-02;1.0250000e+02;2.7382942e-02;1.0250000e+02;4.9723372e-02;1.0250000e+02;7.4052058e-02;1.0250000e+02;9.7259954e-02;1.0250000e+02;1.1883686e-01;1.0250000e+02;1.3779750e-01;1.0250000e+02;1.5865502e-01;1.0250000e+02;1.8615317e-01;1.0250000e+02;2.1347974e-01;1.0250000e+02;2.2854938e-01;1.0250000e+02;2.1615171e-01;1.0250000e+02;1.8100978e-01;1.0250000e+02;1.3253447e-01;1.0250000e+02;8.1946649e-02;1.0250000e+02;3.6174729e-02;1.0250000e+02;-7.9174191e-03;1.0250000e+02;-1.8729921e-03;1.0250000e+02;1.0087288e-02;1.0250000e+02;2.7382942e-02;1.0250000e+02;4.9723372e-02;1.0250000e+02;7.4052058e-02;1.0250000e+02;9.7259954e-02;1.0250000e+02;1.1883686e-01;1.0250000e+02;1.3779750e-01;1.0250000e+02;1.5865502e-01;1.0250000e+02;1.8615317e-01;1.0250000e+02;2.1347974e-01;1.0250000e+02;2.2854938e-01;1.0250000e+02;2.1615171e-01;1.0250000e+02;1.8100978e-01;1.0250000e+02;1.3253447e-01;1.0250000e+02;8.1946649e-02;1.0250000e+02;3.6174729e-02;1.0250000e+02;-7.9174191e-03;1.0250000e+02;-1.8729921e-03;1.0250000e+02;1.0087288e-02;1.0250000e+02;2.7382942e-02;1.0250000e+02;4.9723372e-02;1.0250000e+02;7.4052058e-02;1.0250000e+02;9.7259954e-02;1.0250000e+02;1.1883686e-01;1.0250000e+02;1.3779750e-01;1.0250000e+02;1.5865502e-01;1.0250000e+02;1.8615317e-01;1.0250000e+02;2.1347974e-01;1.0250000e+02;2.2854938e-01;1.0250000e+02;2.1615171e-01;1.0250000e+02;1.8100978e-01;1.0250000e+02;1.3253447e-01;1.0250000e+02;8.1946649e-02;1.0250000e+02;3.6174729e-02;1.0250000e+02;-7.9174191e-03;1.0250000e+02;-1.8729921e-03;1.0250000e+02;1.0087288e-02;1.0250000e+02;2.7382942e-02;1.0250000e+02;4.9723372e-02;1.0250000e+02;7.4052058e-02;1.0250000e+02;9.7259954e-02;1.0250000e+02;1.1883686e-01;1.0250000e+02;1.3779750e-01;1.0250000e+02;1.5865502e-01;1.0250000e+02;1.8615317e-01;1.0250000e+02;2.1347974e-01;1.0250000e+02;2.2854938e-01;1.0250000e+02;2.1615171e-01;1.0250000e+02;1.8100978e-01;1.0250000e+02;1.3253447e-01;1.0250000e+02;8.1946649e-02;1.0250000e+02;3.6174729e-02;1.0250000e+02;-7.9174191e-03;1.0250000e+02;-1.8729921e-03;1.0250000e+02;1.0087288e-02;1.0250000e+02;2.7382942e-02;1.0250000e+02;4.9723372e-02;1.0250000e+02;7.4052058e-02;1.0250000e+02;9.7259954e-02;1.0250000e+02;1.1883686e-01;1.0250000e+02;1.3779750e-01;1.0250000e+02;1.5865502e-01;1.0250000e+02;1.8615317e-01;1.0250000e+02;2.1347974e-01;1.0250000e+02;2.2854938e-01;1.0250000e+02;2.1615171e-01;1.0250000e+02;1.8100978e-01;1.0250000e+02;1.3253447e-01;1.0250000e+02;8.1946649e-02;1.0250000e+02;3.6174729e-02;1.0250000e+02;-7.9174191e-03;1.0250000e+02;-1.8729921e-03;1.0250000e+02;1.0087288e-02;1.0250000e+02;2.7382942e-02;1.0250000e+02;4.9723372e-02;1.0250000e+02;7.4052058e-02;1.0250000e+02;9.7259954e-02;1.0250000e+02;1.1883686e-01;1.0250000e+02;1.3779750e-01;1.0250000e+02;1.5865502e-01;1.0250000e+02;1.8615317e-01;1.0250000e+02;2.1347974e-01;1.0250000e+02;2.2854938e-01;1.0250000e+02;2.1615171e-01;1.0250000e+02;1.8100978e-01;1.0250000e+02;1.3253447e-01;1.0250000e+02;8.1946649e-02;1.0250000e+02;3.6174729e-02;1.0250000e+02;-7.9174191e-03;1.0250000e+02;-1.8729921e-03;1.0250000e+02;1.0087288e-02;1.0250000e+02;2.7382942e-02;1.0250000e+02;4.9723372e-02;1.0250000e+02;7.4052058e-02;1.0250000e+02;9.7259954e-02;1.0250000e+02;1.1883686e-01;1.0250000e+02;1.3779750e-01;1.0250000e+02;1.5865502e-01;1.0250000e+02;1.8615317e-01;1.0250000e+02;2.1347974e-01;1.0250000e+02;2.2854938e-01;1.0250000e+02;2.1615171e-01;1.0250000e+02;1.8100978e-01;1.0250000e+02;1.3253447e-01;1.0250000e+02;8.1946649e-02;1.0250000e+02;3.6174729e-02;1.0250000e+02;-7.9174191e-03;1.0250000e+02;-1.8729921e-03;1.0250000e+02;1.0087288e-02;1.0250000e+02;2.7382942e-02;1.0250000e+02;4.9723372e-02;1.0250000e+02;7.4052058e-02;1.0250000e+02;9.7259954e-02;1.0250000e+02;1.1883686e-01;1.0250000e+02;1.3779750e-01;1.0250000e+02;1.5865502e-01;1.0250000e+02;1.8615317e-01;1.0250000e+02;2.1347974e-01;1.0250000e+02;2.2854938e-01;1.0250000e+02;2.1615171e-01;1.0250000e+02;1.8100978e-01;1.0250000e+02;1.3253447e-01;1.0250000e+02;8.1946649e-02;1.0250000e+02;3.6174729e-02;1.0250000e+02;-7.9174191e-03;1.0250000e+02;-1.8729921e-03;1.0250000e+02;1.0087288e-02;1.0250000e+02;2.7382942e-02;1.0250000e+02;4.9723372e-02;1.0250000e+02;7.4052058e-02;1.0250000e+02;9.7259954e-02;1.0250000e+02;1.1883686e-01;1.0250000e+02;1.3779750e-01;1.0250000e+02;1.5865502e-01;1.0250000e+02;1.8615317e-01;1.0250000e+02;2.1347974e-01;1.0250000e+02;2.2854938e-01;1.0250000e+02;2.1615171e-01;1.0250000e+02;1.8100978e-01;1.0250000e+02;1.3253447e-01;1.0250000e+02;8.1946649e-02;1.0250000e+02;3.6174729e-02;1.0250000e+02;-7.9174191e-03;1.0250000e+02;-1.8729921e-03;1.0250000e+02;1.0087288e-02;1.0250000e+02;2.7382942e-02;1.0250000e+02;4.9723372e-02;1.0250000e+02;7.4052058e-02;1.0250000e+02;9.7259954e-02;1.0250000e+02;1.1883686e-01;1.0250000e+02;1.3779750e-01;1.0250000e+02;1.5865502e-01;1.0250000e+02;1.8615317e-01;1.0250000e+02;2.1347974e-01;1.0250000e+02;2.2854938e-01;1.0250000e+02;2.1615171e-01;1.0250000e+02;1.8100978e-01;1.0250000e+02;1.3253447e-01;1.0250000e+02;8.1946649e-02;1.0250000e+02;3.6174729e-02;1.0250000e+02;-7.9174191e-03;1.0250000e+02;-1.8729921e-03;1.0250000e+02;1.0087288e-02;1.0250000e+02;2.7382942e-02;1.0250000e+02;4.9723372e-02;1.0250000e+02;7.4052058e-02;1.0250000e+02;9.7259954e-02;1.0250000e+02;1.1883686e-01;1.0250000e+02;1.3779750e-01;1.0250000e+02;1.5865502e-01;1.0250000e+02;1.8615317e-01;1.0250000e+02;2.1347974e-01;1.0250000e+02;2.2854938e-01;1.0250000e+02;2.1615171e-01;1.0250000e+02;1.8100978e-01;1.0250000e+02;1.3253447e-01;1.0250000e+02;8.1946649e-02;1.0250000e+02;3.6174729e-02;1.0250000e+02;-7.9174191e-03;1.0250000e+02;-1.8729921e-03;1.0250000e+02;1.0087288e-02;1.0250000e+02;2.7382942e-02;1.0250000e+02;4.9723372e-02;1.0250000e+02;7.4052058e-02;1.0250000e+02;9.7259954e-02;1.0250000e+02;1.1883686e-01;1.0250000e+02;1.3779750e-01;1.0250000e+02;1.5865502e-01;1.0250000e+02;1.8615317e-01;1.0250000e+02;2.1347974e-01;1.0250000e+02;2.2854938e-01;1.0250000e+02;2.1615171e-01;1.0250000e+02;1.8100978e-01;1.0250000e+02;1.3253447e-01;1.0250000e+02;8.1946649e-02;1.0250000e+02;3.6174729e-02;1.0250000e+02;-7.9174191e-03;1.0250000e+02;-1.8729921e-03;1.0250000e+02;1.0087288e-02;1.0250000e+02;2.7382942e-02;1.0250000e+02;4.9723372e-02;1.0250000e+02;7.4052058e-02;1.0250000e+02;9.7259954e-02;1.0250000e+02;1.1883686e-01;1.0250000e+02;1.3779750e-01;1.0250000e+02;1.5865502e-01;1.0250000e+02;1.8615317e-01;1.0250000e+02;2.1347974e-01;1.0250000e+02;2.2854938e-01;1.0250000e+02;2.1615171e-01;1.0250000e+02;1.8100978e-01;1.0250000e+02;1.3253447e-01;1.0250000e+02;8.1946649e-02;1.0250000e+02;3.6174729e-02;1.0250000e+02;-7.9174191e-03;1.0250000e+02;-1.8729921e-03;1.0250000e+02;1.0087288e-02;1.0250000e+02;2.7382942e-02;1.0250000e+02;4.9723372e-02;1.0250000e+02;7.4052058e-02;1.0250000e+02;9.7259954e-02;1.0250000e+02;1.1883686e-01;1.0250000e+02;1.3779750e-01;1.0250000e+02;1.5865502e-01;1.0250000e+02;1.8615317e-01;1.0250000e+02;2.1347974e-01;1.0250000e+02;2.2854938e-01;1.0250000e+02;2.1615171e-01;1.0250000e+02;1.8100978e-01;1.0250000e+02;1.3253447e-01;1.0250000e+02;8.1946649e-02;1.0250000e+02;3.6174729e-02;1.0250000e+02;-7.9174191e-03;1.0250000e+02;-1.8729921e-03;1.0250000e+02;1.0087288e-02;1.0250000e+02;2.7382942e-02;1.0250000e+02;4.9723372e-02;1.0250000e+02;7.4052058e-02;1.0250000e+02;9.7259954e-02;1.0250000e+02;1.1883686e-01;1.0250000e+02;1.3779750e-01;1.0250000e+02;1.5865502e-01;1.0250000e+02;1.8615317e-01;1.0250000e+02;2.1347974e-01;1.0250000e+02;2.2854938e-01;1.0250000e+02;2.1615171e-01;1.0250000e+02;1.8100978e-01;1.0250000e+02;1.3253447e-01;1.0250000e+02;8.1946649e-02;1.0250000e+02;3.6174729e-02;1.0250000e+02;-7.9174191e-03;1.0250000e+02;-1.8729921e-03;1.0250000e+02;1.0087288e-02;1.0250000e+02;2.7382942e-02;1.0250000e+02;4.9723372e-02;1.0250000e+02;7.4052058e-02;1.0250000e+02;9.7259954e-02;1.0250000e+02;1.1883686e-01;1.0250000e+02;1.3779750e-01;1.0250000e+02;1.5865502e-01;1.0250000e+02;1.8615317e-01;1.0250000e+02;2.1347974e-01;1.0250000e+02;2.2854938e-01;1.0250000e+02;2.1615171e-01;1.0250000e+02;1.8100978e-01;1.0250000e+02;1.3253447e-01;1.0250000e+02;8.1946649e-02;1.0250000e+02;3.6174729e-02;1.0250000e+02;-7.9174191e-03;1.0250000e+02;-1.8729921e-03;1.0250000e+02;1.0087288e-02;1.0250000e+02;2.7382942e-02;1.0250000e+02;4.9723372e-02;1.0250000e+02;7.4052058e-02;1.0250000e+02;9.7259954e-02;1.0250000e+02;1.1883686e-01;1.0250000e+02;1.3779750e-01;1.0250000e+02;1.5865502e-01;1.0250000e+02;1.8615317e-01;1.0250000e+02;2.1347974e-01;1.0250000e+02;2.2854938e-01;1.0250000e+02;2.1615171e-01;1.0250000e+02;1.8100978e-01;1.0250000e+02;1.3253447e-01;1.0250000e+02;8.1946649e-02;1.0250000e+02;3.6174729e-02;1.0250000e+02;-7.9174191e-03;1.0250000e+02;-1.8729921e-03;1.0250000e+02;1.0087288e-02;1.0250000e+02;2.7382942e-02;1.0250000e+02;4.9723372e-02;1.0250000e+02;7.4052058e-02;1.0250000e+02;9.7259954e-02;1.0250000e+02;1.1883686e-01;1.0250000e+02;1.3779750e-01;1.0250000e+02;1.5865502e-01;1.0250000e+02;1.8615317e-01;1.0250000e+02;2.1347974e-01;1.0250000e+02;2.2854938e-01;1.0250000e+02;2.1615171e-01;1.0250000e+02;1.8100978e-01;1.0250000e+02;1.3253447e-01;1.0250000e+02;8.1946649e-02;1.0250000e+02;3.6174729e-02
1.0750000e+02;-5.6756288e-03;1.0750000e+02;-1.9016117e-04;1.0750000e+02;1.1210347e-02;1.0750000e+02;2.8429013e-02;1.0750000e+02;4.8750639e-02;1.0750000e+02;7.1091674e-02;1.0750000e+02;9.2782542e-02;1.0750000e+02;1.1331841e-01;1.0750000e+02;1.3355045e-01;1.0750000e+02;1.5472265e-01;1.0750000e+02;1.8196273e-01;1.0750000e+02;2.1049331e-01;1.0750000e+02;2.2676671e-01;1.0750000e+02;2.1529262e-01;1.0750000e+02;1.8123683e-01;1.0750000e+02;1.3333635e-01;1.0750000e+02;8.3690204e-02;1.0750000e+02;3.8645819e-02;1.0750000e+02;-5.6756288e-03;1.0750000e+02;-1.9016117e-04;1.0750000e+02;1.1210347e-02;1.0750000e+02;2.8429013e-02;1.0750000e+02;4.8750639e-02;1.0750000e+02;7.1091674e-02;1.0750000e+02;9.2782542e-02;1.0750000e+02;1.1331841e-01;1.0750000e+02;1.3355045e-01;1.0750000e+02;1.5472265e-01;1.0750000e+02;1.8196273e-01;1.0750000e+02;2.1049331e-01;1.0750000e+02;2.2676671e-01;1.0750000e+02;2.1529262e-01;1.0750000e+02;1.8123683e-01;1.0750000e+02;1.3333635e-01;1.0750000e+02;8.3690204e-02;1.0750000e+02;3.8645819e-02;1.0750000e+02;-5.6756288e-03;1.0750000e+02;-1.9016117e-04;1.0750000e+02;1.1210347e-02;1.0750000e+02;2.8429013e-02;1.0750000e+02;4.8750639e-02;1.0750000e+02;7.1091674e-02;1.0750000e+02;9.2782542e-02;1.0750000e+02;1.1331841e-01;1.0750000e+02;1.3355045e-01;1.0750000e+02;1.5472265e-01;1.0750000e+02;1.8196273e-01;1.0750000e+02;2.1049331e-01;1.0750000e+02;2.2676671e-01;1.0750000e+02;2.1529262e-01;1.0750000e+02;1.8123683e-01;1.0750000e+02;1.3333635e-01;1.0750000e+02;8.3690204e-02;1.0750000e+02;3.8645819e-02;1.0750000e+02;-5.6756288e-03;1.0750000e+02;-1.9016117e-04;1.0750000e+02;1.1210347e-02;1.0750000e+02;2.8429013e-02;1.0750000e+02;4.8750639e-02;1.0750000e+02;7.1091674e-02;1.0750000e+02;9.2782542e-02;1.0750000e+02;1.1331841e-01;1.0750000e+02;1.3355045e-01;1.0750000e+02;1.5472265e-01;1.0750000e+02;1.8196273e-01;1.0750000e+02;2.1049331e-01;1.0750000e+02;2.2676671e-01;1.0750000e+02;2.1529262e-01;1.0750000e+02;1.8123683e-01;1.0750000e+02;1.3333635e-01;1.0750000e+02;8.3690204e-02;1.0750000e+02;3.8645819e-02;1.0750000e+02;-5.6756288e-03;1.0750000e+02;-1.9016117e-04;1.0750000e+02;1.1210347e-02;1.0750000e+02;2.8429013e-02;1.0750000e+02;4.8750639e-02;1.0750000e+02;7.1091674e-02;1.0750000e+02;9.2782542e-02;1.0750000e+02;1.1331841e-01;1.0750000e+02;1.3355045e-01;1.0750000e+02;1.5472265e-01;1.0750000e+02;1.8196273e-01;1.0750000e+02;2.1049331e-01;1.0750000e+02;2.2676671e-01;1.0750000e+02;2.1529262e-01;1.0750000e+02;1.8123683e-01;1.0750000e+02;1.3333635e-01;1.0750000e+02;8.3690204e-02;1.0750000e+02;3.8645819e-02;1.0750000e+02;-5.6756288e-03;1.0750000e+02;-1.9016117e-04;1.0750000e+02;1.1210347e-02;1.0750000e+02;2.8429013e-02;1.0750000e+02;4.8750639e-02;1.0750000e+02;7.1091674e-02;1.0750000e+02;9.2782542e-02;1.0750000e+02;1.1331841e-01;1.0750000e+02;1.3355045e-01;1.0750000e+02;1.5472265e-01;1.0750000e+02;1.8196273e-01;1.0750000e+02;2.1049331e-01;1.0750000e+02;2.2676671e-01;1.0750000e+02;2.1529262e-01;1.0750000e+02;1.8123683e-01;1.0750000e+02;1.3333635e-01;1.0750000e+02;8.3690204e-02;1.0750000e+02;3.8645819e-02;1.0750000e+02;-5.6756288e-03;1.0750000e+02;-1.9016117e-04;1.0750000e+02;1.1210347e-02;1.0750000e+02;2.8429013e-02;1.0750000e+02;4.8750639e-02;1.0750000e+02;7.1091674e-02;1.0750000e+02;9.2782542e-02;1.0750000e+02;1.1331841e-01;1.0750000e+02;1.3355045e-01;1.0750000e+02;1.5472265e-01;1.0750000e+02;1.8196273e-01;1.0750000e+02;2.1049331e-01;1.0750000e+02;2.2676671e-01;1.0750000e+02;2.1529262e-01;1.0750000e+02;1.8123683e-01;1.0750000e+02;1.3333635e-01;1.0750000e+02;8.3690204e-02;1.0750000e+02;3.8645819e-02;1.0750000e+02;-5.6756288e-03;1.0750000e+02;-1.9016117e-04;1.0750000e+02;1.1210347e-02;1.0750000e+02;2.8429013e-02;1.0750000e+02;4.8750639e-02;1.0750000e+02;7.1091674e-02;1.0750000e+02;9.2782542e-02;1.0750000e+02;1.1331841e-01;1.0750000e+02;1.3355045e-01;1.0750000e+02;1.5472265e-01;1.0750000e+02;1.8196273e-01;1.0750000e+02;2.1049331e-01;1.0750000e+02;2.2676671e-01;1.0750000e+02;2.1529262e-01;1.0750000e+02;1.8123683e-01;1.0750000e+02;1.3333635e-01;1.0750000e+02;8.3690204e-02;1.0750000e+02;3.8645819e-02;1.0750000e+02;-5.6756288e-03;1.0750000e+02;-1.9016117e-04;1.0750000e+02;1.1210347e-02;1.0750000e+02;2.8429013e-02;1.0750000e+02;4.8750639e-02;1.0750000e+02;7.1091674e-02;1.0750000e+02;9.2782542e-02;1.0750000e+02;1.1331841e-01;1.0750000e+02;1.3355045e-01;1.0750000e+02;1.5472265e-01;1.0750000e+02;1.8196273e-01;1.0750000e+02;2.1049331e-01;1.0750000e+02;2.2676671e-01;1.0750000e+02;2.1529262e-01;1.0750000e+02;1.8123683e-01;1.0750000e+02;1.3333635e-01;1.0750000e+02;8.3690204e-02;1.0750000e+02;3.8645819e-02;1.0750000e+02;-5.6756288e-03;1.0750000e+02;-1.9016117e-04;1.0750000e+02;1.1210347e-02;1.0750000e+02;2.8429013e-02;1.0750000e+02;4.8750639e-02;1.0750000e+02;7.1091674e-02;1.0750000e+02;9.2782542e-02;1.0750000e+02;1.1331841e-01;1.0750000e+02;1.3355045e-01;1.0750000e+02;1.5472265e-01;1.0750000e+02;1.8196273e-01;1.0750000e+02;2.1049331e-01;1.0750000e+02;2.2676671e-01;1.0750000e+02;2.1529262e-01;1.0750000e+02;1.8123683e-01;1.0750000e+02;1.3333635e-01;1.0750000e+02;8.3690204e-02;1.0750000e+02;3.8645819e-02;1.0750000e+02;-5.6756288e-03;1.0750000e+02;-1.9016117e-04;1.0750000e+02;1.1210347e-02;1.0750000e+02;2.8429013e-02;1.0750000e+02;4.8750639e-02;1.0750000e+02;7.1091674e-02;1.0750000e+02;9.2782542e-02;1.0750000e+02;1.1331841e-01;1.0750000e+02;1.3355045e-01;1.0750000e+02;1.5472265e-01;1.0750000e+02;1.8196273e-01;1.0750000e+02;2.1049331e-01;1.0750000e+02;2.2676671e-01;1.0750000e+02;2.1529262e-01;1.0750000e+02;1.8123683e-01;1.0750000e+02;1.3333635e-01;1.0750000e+02;8.3690204e-02;1.0750000e+02;3.8645819e-02;1.0750000e+02;-5.6756288e-03;1.0750000e+02;-1.9016117e-04;1.0750000e+02;1.1210347e-02;1.0750000e+02;2.8429013e-02;1.0750000e+02;4.8750639e-02;1.0750000e+02;7.1091674e-02;1.0750000e+02;9.2782542e-02;1.0750000e+02;1.1331841e-01;1.0750000e+02;1.3355045e-01;1.0750000e+02;1.5472265e-01;1.0750000e+02;1.8196273e-01;1.0750000e+02;2.1049331e-01;1.0750000e+02;2.2676671e-01;1.0750000e+02;2.1529262e-01;1.0750000e+02;1.8123683e-01;1.0750000e+02;1.3333635e-01;1.0750000e+02;8.3690204e-02;1.0750000e+02;3.8645819e-02;1.0750000e+02;-5.6756288e-03;1.0750000e+02;-1.9016117e-04;1.0750000e+02;1.1210347e-02;1.0750000e+02;2.8429013e-02;1.0750000e+02;4.8750639e-02;1.0750000e+02;7.1091674e-02;1.0750000e+02;9.2782542e-02;1.0750000e+02;1.1331841e-01;1.0750000e+02;1.3355045e-01;1.0750000e+02;1.5472265e-01;1.0750000e+02;1.8196273e-01;1.0750000e+02;2.1049331e-01;1.0750000e+02;2.2676671e-01;1.0750000e+02;2.1529262e-01;1.0750000e+02;1.8123683e-01;1.0750000e+02;1.3333635e-01;1.0750000e+02;8.3690204e-02;1.0750000e+02;3.8645819e-02;1.0750000e+02;-5.6756288e-03;1.0750000e+02;-1.9016117e-04;1.0750000e+02;1.1210347e-02;1.0750000e+02;2.8429013e-02;1.0750000e+02;4.8750639e-02;1.0750000e+02;7.1091674e-02;1.0750000e+02;9.2782542e-02;1.0750000e+02;1.1331841e-01;1.0750000e+02;1.3355045e-01;1.0750000e+02;1.5472265e-01;1.0750000e+02;1.8196273e-01;1.0750000e+02;2.1049331e-01;1.0750000e+02;2.2676671e-01;1.0750000e+02;2.1529262e-01;1.0750000e+02;1.8123683e-01;1.0750000e+02;1.3333635e-01;1.0750000e+02;8.3690204e-02;1.0750000e+02;3.8645819e-02;1.0750000e+02;-5.6756288e-03;1.0750000e+02;-1.9016117e-04;1.0750000e+02;1.1210347e-02;1.0750000e+02;2.8429013e-02;1.0750000e+02;4.8750639e-02;1.0750000e+02;7.1091674e-02;1.0750000e+02;9.2782542e-02;1.0750000e+02;1.1331841e-01;1.0750000e+02;1.3355045e-01;1.0750000e+02;1.5472265e-01;1.0750000e+02;1.8196273e-01;1.0750000e+02;2.1049331e-01;1.0750000e+02;2.2676671e-01;1.0750000e+02;2.1529262e-01;1.0750000e+02;1.8123683e-01;1.0750000e+02;1.3333635e-01;1.0750000e+02;8.3690204e-02;1.0750000e+02;3.8645819e-02;1.0750000e+02;-5.6756288e-03;1.0750000e+02;-1.9016117e-04;1.0750000e+02;1.1210347e-02;1.0750000e+02;2.8429013e-02;1.0750000e+02;4.8750639e-02;1.0750000e+02;7.1091674e-02;1.0750000e+02;9.2782542e-02;1.0750000e+02;1.1331841e-01;1.0750000e+02;1.3355045e-01;1.0750000e+02;1.5472265e-01;1.0750000e+02;1.8196273e-01;1.0750000e+02;2.1049331e-01;1.0750000e+02;2.2676671e-01;1.0750000e+02;2.1529262e-01;1.0750000e+02;1.8123683e-01;1.0750000e+02;1.3333635e-01;1.0750000e+02;8.3690204e-02;1.0750000e+02;3.8645819e-02;1.0750000e+02;-5.6756288e-03;1.0750000e+02;-1.9016117e-04;1.0750000e+02;1.1210347e-02;1.0750000e+02;2.8429013e-02;1.0750000e+02;4.8750639e-02;1.0750000e+02;7.1091674e-02;1.0750000e+02;9.2782542e-02;1.0750000e+02;1.1331841e-01;1.0750000e+02;1.3355045e-01;1.0750000e+02;1.5472265e-01;1.0750000e+02;1.8196273e-01;1.0750000e+02;2.1049331e-01;1.0750000e+02;2.2676671e-01;1.0750000e+02;2.1529262e-01;1.0750000e+02;1.8123683e-01;1.0750000e+02;1.3333635e-01;1.0750000e+02;8.3690204e-02;1.0750000e+02;3.8645819e-02;1.0750000e+02;-5.6756288e-03;1.0750000e+02;-1.9016117e-04;1.0750000e+02;1.1210347e-02;1.0750000e+02;2.8429013e-02;1.0750000e+02;4.8750639e-02;1.0750000e+02;7.1091674e-02;1.0750000e+02;9.2782542e-02;1.0750000e+02;1.1331841e-01;1.0750000e+02;1.3355045e-01;1.0750000e+02;1.5472265e-01;1.0750000e+02;1.8196273e-01;1.0750000e+02;2.1049331e-01;1.0750000e+02;2.2676671e-01;1.0750000e+02;2.1529262e-01;1.0750000e+02;1.8123683e-01;1.0750000e+02;1.3333635e-01;1.0750000e+02;8.3690204e-02;1.0750000e+02;3.8645819e-02;1.0750000e+02;-5.6756288e-03;1.0750000e+02;-1.9016117e-04;1.0750000e+02;1.1210347e-02;1.0750000e+02;2.8429013e-02;1.0750000e+02;4.8750639e-02;1.0750000e+02;7.1091674e-02;1.0750000e+02;9.2782542e-02;1.0750000e+02;1.1331841e-01;1.0750000e+02;1.3355045e-01;1.0750000e+02;1.5472265e-01;1.0750000e+02;1.8196273e-01;1.0750000e+02;2.1049331e-01;1.0750000e+02;2.2676671e-01;1.0750000e+02;2.1529262e-01;1.0750000e+02;1.8123683e-01;1.0750000e+02;1.3333635e-01;1.0750000e+02;8.3690204e-02;1.0750000e+02;3.8645819e-02;1.0750000e+02;-5.6756288e-03;1.0750000e+02;-1.9016117e-04;1.0750000e+02;1.1210347e-02;1.0750000e+02;2.8429013e-02;1.0750000e+02;4.8750639e-02;1.0750000e+02;7.1091674e-02;1.0750000e+02;9.2782542e-02;1.0750000e+02;1.1331841e-01;1.0750000e+02;1.3355045e-01;1.0750000e+02;1.5472265e-01;1.0750000e+02;1.8196273e-01;1.0750000e+02;2.1049331e-01;1.0750000e+02;2.2676671e-01;1.0750000e+02;2.1529262e-01;1.0750000e+02;1.8123683e-01;1.0750000e+02;1.3333635e-01;1.0750000e+02;8.3690204e-02;1.0750000e+02;3.8645819e-02;1.0750000e+02;-5.6756288e-03;1.0750000e+02;-1.9016117e-04;1.0750000e+02;1.1210347e-02;1.0750000e+02;2.8429013e-02;1.0750000e+02;4.8750639e-02;1.0750000e+02;7.1091674e-02;1.0750000e+02;9.2782542e-02;1.0750000e+02;1.1331841e-01;1.0750000e+02;1.3355045e-01;1.0750000e+02;1.5472265e-01;1.0750000e+02;1.8196273e-01;1.0750000e+02;2.1049331e-01;1.0750000e+02;2.2676671e-01;1.0750000e+02;2.1529262e-01;1.0750000e+02;1.8123683e-01;1.0750000e+02;1.3333635e-01;1.0750000e+02;8.3690204e-02;1.0750000e+02;3.8645819e-02;1.0750000e+02;-5.6756288e-03;1.0750000e+02;-1.9016117e-04;1.0750000e+02;1.1210347e-02;1.0750000e+02;2.8429013e-02;1.0750000e+02;4.8750639e-02;1.0750000e+02;7.1091674e-02;1.0750000e+02;9.2782542e-02;1.0750000e+02;1.1331841e-01;1.0750000e+02;1.3355045e-01;1.0750000e+02;1.5472265e-01;1.0750000e+02;1.8196273e-01;1.0750000e+02;2.1049331e-01;1.0750000e+02;2.2676671e-01;1.0750000e+02;2.1529262e-01;1.0750000e+02;1.8123683e-01;1.0750000e+02;1.3333635e-01;1.0750000e+02;8.3690204e-02;1.0750000e+02;3.8645819e-02;1.0750000e+02;-5.6756288e-03;1.0750000e+02;-1.9016117e-04;1.0750000e+02;1.1210347e-02;1.0750000e+02;2.8429013e-02;1.0750000e+02;4.8750639e-02;1.0750000e+02;7.1091674e-02;1.0750000e+02;9.2782542e-02;1.0750000e+02;1.1331841e-01;1.0750000e+02;1.3355045e-01;1.0750000e+02;1.5472265e-01;1.0750000e+02;1.8196273e-01;1.0750000e+02;2.1049331e-01;1.0750000e+02;2.2676671e-01;1.0750000e+02;2.1529262e-01;1.0750000e+02;1.8123683e-01;1.0750000e+02;1.3333635e-01;1.0750000e+02;8.3690204e-02;1.0750000e+02;3.8645819e-02;1.0750000e+02;-5.6756288e-03;1.0750000e+02;-1.9016117e-04;1.0750000e+02;1.1210347e-02;1.0750000e+02;2.8429013e-02;1.0750000e+02;4.8750639e-02;1.0750000e+02;7.1091674e-02;1.0750000e+02;9.2782542e-02;1.0750000e+02;1.1331841e-01;1.0750000e+02;1.3355045e-01;1.0750000e+02;1.5472265e-01;1.0750000e+02;1.8196273e-01;1.0750000e+02;2.1049331e-01;1.0750000e+02;2.2676671e-01;1.0750000e+02;2.1529262e-01;1.0750000e+02;1.8123683e-01;1.0750000e+02;1.3333635e-01;1.0750000e+02;8.3690204e-02;1.0750000e+02;3.8645819e-02;1.0750000e+02;-5.6756288e-03;1.0750000e+02;-1.9016117e-04;1.0750000e+02;1.1210347e-02;1.0750000e+02;2.8429013e-02;1.0750000e+02;4.8750639e-02;1.0750000e+02;7.1091674e-02;1.0750000e+02;9.2782542e-02;1.0750000e+02;1.1331841e-01;1.0750000e+02;1.3355045e-01;1.0750000e+02;1.5472265e-01;1.0750000e+02;1.8196273e-01;1.0750000e+02;2.1049331e-01;1.0750000e+02;2.2676671e-01;1.0750000e+02;2.1529262e-01;1.0750000e+02;1.8123683e-01;1.0750000e+02;1.3333635e-01;1.0750000e+02;8.3690204e-02;1.0750000e+02;3.8645819e-02;1.0750000e+02;-5.6756288e-03;1.0750000e+02;-1.9016117e-04;1.0750000e+02;1.1210347e-02;1.0750000e+02;2.8429013e-02;1.0750000e+02;4.8750639e-02;1.0750000e+02;7.1091674e-02;1.0750000e+02;9.2782542e-02;1.0750000e+02;1.1331841e-01;1.0750000e+02;1.3355045e-01;1.0750000e+02;1.5472265e-01;1.0750000e+02;1.8196273e-01;1.0750000e+02;2.1049331e-01;1.0750000e+02;2.2676671e-01;1.0750000e+02;2.1529262e-01;1.0750000e+02;1.8123683e-01;1.0750000e+02;1.3333635e-01;1.0750000e+02;8.3690204e-02;1.0750000e+02;3.8645819e-02;1.0750000e+02;-5.6756288e-03;1.0750000e+02;-1.9016117e-04;1.0750000e+02;1.1210347e-02;1.0750000e+02;2.8429013e-02;1.0750000e+02;4.8750639e-02;1.0750000e+02;7.1091674e-02;1.0750000e+02;9.2782542e-02;1.0750000e+02;1.1331841e-01;1.0750000e+02;1.3355045e-01;1.0750000e+02;1.5472265e-01;1.0750000e+02;1.8196273e-01;1.0750000e+02;2.1049331e-01;1.0750000e+02;2.2676671e-01;1.0750000e+02;2.1529262e-01;1.0750000e+02;1.8123683e-01;1.0750000e+02;1.3333635e-01;1.0750000e+02;8.3690204e-02;1.0750000e+02;3.8645819e-02;1.0750000e+02;-5.6756288e-03;1.0750000e+02;-1.9016117e-04;1.0750000e+02;1.1210347e-02;1.0750000e+02;2.8429013e-02;1.0750000e+02;4.8750639e-02;1.0750000e+02;7.1091674e-02;1.0750000e+02;9.2782542e-02;1.0750000e+02;1.1331841e-01;1.0750000e+02;1.3355045e-01;1.0750000e+02;1.5472265e-01;1.0750000e+02;1.8196273e-01;1.0750000e+02;2.1049331e-01;1.0750000e+02;2.2676671e-01;1.0750000e+02;2.1529262e-01;1.0750000e+02;1.8123683e-01;1.0750000e+02;1.3333635e-01;1.0750000e+02;8.3690204e-02;1.0750000e+02;3.8645819e-02;1.0750000e+02;-5.6756288e-03;1.0750000e+02;-1.9016117e-04;1.0750000e+02;1.1210347e-02;1.0750000e+02;2.8429013e-02;1.0750000e+02;4.8750639e-02;1.0750000e+02;7.1091674e-02;1.0750000e+02;9.2782542e-02;1.0750000e+02;1.1331841e-01;1.0750000e+02;1.3355045e-01;1.0750000e+02;1.5472265e-01;1.0750000e+02;1.8196273e-01;1.0750000e+02;2.1049331e-01;1.0750000e+02;2.2676671e-01;1.0750000e+02;2.1529262e-01;1.0750000e+02;1.8123683e-01;1.0750000e+02;1.3333635e-01;1.0750000e+02;8.3690204e-02;1.0750000e+02;3.8645819e-02;1.0750000e+02;-5.6756288e-03;1.0750000e+02;-1.9016117e-04;1.0750000e+02;1.1210347e-02;1.0750000e+02;2.8429013e-02;1.0750000e+02;4.8750639e-02;1.0750000e+02;7.1091674e-02;1.0750000e+02;9.2782542e-02;1.0750000e+02;1.1331841e-01;1.0750000e+02;1.3355045e-01;1.0750000e+02;1.5472265e-01;1.0750000e+02;1.8196273e-01;1.0750000e+02;2.1049331e-01;1.0750000e+02;2.2676671e-01;1.0750000e+02;2.1529262e-01;1.0750000e+02;1.8123683e-01;1.0750000e+02;1.3333635e-01;1.0750000e+02;8.3690204e-02;1.0750000e+02;3.8645819e-02;1.0750000e+02;-5.6756288e-03;1.0750000e+02;-1.9016117e-04;1.0750000e+02;1.1210347e-02;1.0750000e+02;2.8429013e-02;1.0750000e+02;4.8750639e-02;1.0750000e+02;7.1091674e-02;1.0750000e+02;9.2782542e-02;1.0750000e+02;1.1331841e-01;1.0750000e+02;1.3355045e-01;1.0750000e+02;1.5472265e-01;1.0750000e+02;1.8196273e-01;1.0750000e+02;2.1049331e-01;1.0750000e+02;2.2676671e-01;1.0750000e+02;2.1529262e-01;1.0750000e+02;1.8123683e-01;1.0750000e+02;1.3333635e-01;1.0750000e+02;8.3690204e-02;1.0750000e+02;3.8645819e-02;1.0750000e+02;-5.6756288e-03;1.0750000e+02;-1.9016117e-04;1.0750000e+02;1.1210347e-02;1.0750000e+02;2.8429013e-02;1.0750000e+02;4.8750639e-02;1.0750000e+02;7.1091674e-02;1.0750000e+02;9.2782542e-02;1.0750000e+02;1.1331841e-01;1.0750000e+02;1.3355045e-01;1.0750000e+02;1.5472265e-01;1.0750000e+02;1.8196273e-01;1.0750000e+02;2.1049331e-01;1.0750000e+02;2.2676671e-01;1.0750000e+02;2.1529262e-01;1.0750000e+02;1.8123683e-01;1.0750000e+02;1.3333635e-01;1.0750000e+02;8.3690204e-02;1.0750000e+02;3.8645819e-02;1.0750000e+02;-5.6756288e-03;1.0750000e+02;-1.9016117e-04;1.0750000e+02;1.1210347e-02;1.0750000e+02;2.8429013e-02;1.0750000e+02;4.8750639e-02;1.0750000e+02;7.1091674e-02;1.0750000e+02;9.2782542e-02;1.0750000e+02;1.1331841e-01;1.0750000e+02;1.3355045e-01;1.0750000e+02;1.5472265e-01;1.0750000e+02;1.8196273e-01;1.0750000e+02;2.1049331e-01;1.0750000e+02;2.2676671e-01;1.0750000e+02;2.1529262e-01;1.0750000e+02;1.8123683e-01;1.0750000e+02;1.3333635e-01;1.0750000e+02;8.3690204e-02;1.0750000e+02;3.8645819e-02;1.0750000e+02;-5.6756288e-03;1.0750000e+02;-1.9016117e-04;1.0750000e+02;1.1210347e-02;1.0750000e+02;2.8429013e-02;1.0750000e+02;4.8750639e-02;1.0750000e+02;7.1091674e-02;1.0750000e+02;9.2782542e-02;1.0750000e+02;1.1331841e-01;1.0750000e+02;1.3355045e-01;1.0750000e+02;1.5472265e-01;1.0750000e+02;1.8196273e-01;1.0750000e+02;2.1049331e-01;1.0750000e+02;2.2676671e-01;1.0750000e+02;2.1529262e-01;1.0750000e+02;1.8123683e-01;1.0750000e+02;1.3333635e-01;1.0750000e+02;8.3690204e-02;1.0750000e+02;3.8645819e-02;1.0750000e+02;-5.6756288e-03;1.0750000e+02;-1.9016117e-04;1.0750000e+02;1.1210347e-02;1.0750000e+02;2.8429013e-02;1.0750000e+02;4.8750639e-02;1.0750000e+02;7.1091674e-02;1.0750000e+02;9.2782542e-02;1.0750000e+02;1.1331841e-01;1.0750000e+02;1.3355045e-01;1.0750000e+02;1.5472265e-01;1.0750000e+02;1.8196273e-01;1.0750000e+02;2.1049331e-01;1.0750000e+02;2.2676671e-01;1.0750000e+02;2.1529262e-01;1.0750000e+02;1.8123683e-01;1.0750000e+02;1.3333635e-01;1.0750000e+02;8.3690204e-02;1.0750000e+02;3.8645819e-02;1.0750000e+02;-5.6756288e-03;1.0750000e+02;-1.9016117e-04;1.0750000e+02;1.1210347e-02;1.0750000e+02;2.8429013e-02;1.0750000e+02;4.8750639e-02;1.0750000e+02;7.1091674e-02;1.0750000e+02;9.2782542e-02;1.0750000e+02;1.1331841e-01;1.0750000e+02;1.3355045e-01;1.0750000e+02;1.5472265e-01;1.0750000e+02;1.8196273e-01;1.0750000e+02;2.1049331e-01;1.0750000e+02;2.2676671e-01;1.0750000e+02;2.1529262e-01;1.0750000e+02;1.8123683e-01;1.0750000e+02;1.3333635e-01;1.0750000e+02;8.3690204e-02;1.0750000e+02;3.8645819e-02;1.0750000e+02;-5.6756288e-03;1.0750000e+02;-1.9016117e-04;1.0750000e+02;1.1210347e-02;1.0750000e+02;2.8429013e-02;1.0750000e+02;4.8750639e-02;1.0750000e+02;7.1091674e-02;1.0750000e+02;9.2782542e-02;1.0750000e+02;1.1331841e-01;1.0750000e+02;1.3355045e-01;1.0750000e+02;1.5472265e-01;1.0750000e+02;1.8196273e-01;1.0750000e+02;2.1049331e-01;1.0750000e+02;2.2676671e-01;1.0750000e+02;2.1529262e-01;1.0750000e+02;1.8123683e-01;1.0750000e+02;1.3333635e-01;1.0750000e+02;8.3690204e-02;1.0750000e+02;3.8645819e-02;1.0750000e+02;-5.6756288e-03;1.0750000e+02;-1.9016117e-04;1.0750000e+02;1.1210347e-02;1.0750000e+02;2.8429013e-02;1.0750000e+02;4.8750639e-02;1.0750000e+02;7.1091674e-02;1.0750000e+02;9.2782542e-02;1.0750000e+02;1.1331841e-01;1.0750000e+02;1.3355045e-01;1.0750000e+02;1.5472265e-01;1.0750000e+02;1.8196273e-01;1.0750000e+02;2.1049331e-01;1.0750000e+02;2.2676671e-01;1.0750000e+02;2.1529262e-01;1.0750000e+02;1.8123683e-01;1.0750000e+02;1.3333635e-01;1.0750000e+02;8.3690204e-02;1.0750000e+02;3.8645819e-02;1.0750000e+02;-5.6756288e-03;1.0750000e+02;-1.9016117e-04;1.0750000e+02;1.1210347e-02;1.0750000e+02;2.8429013e-02;1.0750000e+02;4.8750639e-02;1.0750000e+02;7.1091674e-02;1.0750000e+02;9.2782542e-02;1.0750000e+02;1.1331841e-01;1.0750000e+02;1.3355045e-01;1.0750000e+02;1.5472265e-01;1.0750000e+02;1.8196273e-01;1.0750000e+02;2.1049331e-01;1.0750000e+02;2.2676671e-01;1.0750000e+02;2.1529262e-01;1.0750000e+02;1.8123683e-01;1.0750000e+02;1.3333635e-01;1.0750000e+02;8.3690204e-02;1.0750000e+02;3.8645819e-02;1.0750000e+02;-5.6756288e-03;1.0750000e+02;-1.9016117e-04;1.0750000e+02;1.1210347e-02;1.0750000e+02;2.8429013e-02;1.0750000e+02;4.8750639e-02;1.0750000e+02;7.1091674e-02;1.0750000e+02;9.2782542e-02;1.0750000e+02;1.1331841e-01;1.0750000e+02;1.3355045e-01;1.0750000e+02;1.5472265e-01;1.0750000e+02;1.8196273e-01;1.0750000e+02;2.1049331e-01;1.0750000e+02;2.2676671e-01;1.0750000e+02;2.1529262e-01;1.0750000e+02;1.8123683e-01;1.0750000e+02;1.3333635e-01;1.0750000e+02;8.3690204e-02;1.0750000e+02;3.8645819e-02;1.0750000e+02;-5.6756288e-03;1.0750000e+02;-1.9016117e-04;1.0750000e+02;1.1210347e-02;1.0750000e+02;2.8429013e-02;1.0750000e+02;4.8750639e-02;1.0750000e+02;7.1091674e-02;1.0750000e+02;9.2782542e-02;1.0750000e+02;1.1331841e-01;1.0750000e+02;1.3355045e-01;1.0750000e+02;1.5472265e-01;1.0750000e+02;1.8196273e-01;1.0750000e+02;2.1049331e-01;1.0750000e+02;2.2676671e-01;1.0750000e+02;2.1529262e-01;1.0750000e+02;1.8123683e-01;1.0750000e+02;1.3333635e-01;1.0750000e+02;8.3690204e-02;1.0750000e+02;3.8645819e-02;1.0750000e+02;-5.6756288e-03;1.0750000e+02;-1.9016117e-04;1.0750000e+02;1.1210347e-02;1.0750000e+02;2.8429013e-02;1.0750000e+02;4.8750639e-02;1.0750000e+02;7.1091674e-02;1.0750000e+02;9.2782542e-02;1.0750000e+02;1.1331841e-01;1.0750000e+02;1.3355045e-01;1.0750000e+02;1.5472265e-01;1.0750000e+02;1.8196273e-01;1.0750000e+02;2.1049331e-01;1.0750000e+02;2.2676671e-01;1.0750000e+02;2.1529262e-01;1.0750000e+02;1.8123683e-01;1.0750000e+02;1.3333635e-01;1.0750000e+02;8.3690204e-02;1.0750000e+02;3.8645819e-02;1.0750000e+02;-5.6756288e-03;1.0750000e+02;-1.9016117e-04;1.0750000e+02;1.1210347e-02;1.0750000e+02;2.8429013e-02;1.0750000e+02;4.8750639e-02;1.0750000e+02;7.1091674e-02;1.0750000e+02;9.2782542e-02;1.0750000e+02;1.1331841e-01;1.0750000e+02;1.3355045e-01;1.0750000e+02;1.5472265e-01;1.0750000e+02;1.8196273e-01;1.0750000e+02;2.1049331e-01;1.0750000e+02;2.2676671e-01;1.0750000e+02;2.1529262e-01;1.0750000e+02;1.8123683e-01;1.0750000e+02;1.3333635e-01;1.0750000e+02;8.3690204e-02;1.0750000e+02;3.8645819e-02;1.0750000e+02;-5.6756288e-03;1.0750000e+02;-1.9016117e-04;1.0750000e+02;1.1210347e-02;1.0750000e+02;2.8429013e-02;1.0750000e+02;4.8750639e-02;1.0750000e+02;7.1091674e-02;1.0750000e+02;9.2782542e-02;1.0750000e+02;1.1331841e-01;1.0750000e+02;1.3355045e-01;1.0750000e+02;1.5472265e-01;1.0750000e+02;1.8196273e-01;1.0750000e+02;2.1049331e-01;1.0750000e+02;2.2676671e-01;1.0750000e+02;2.1529262e-01;1.0750000e+02;1.8123683e-01;1.0750000e+02;1.3333635e-01;1.0750000e+02;8.3690204e-02;1.0750000e+02;3.8645819e-02;1.0750000e+02;-5.6756288e-03;1.0750000e+02;-1.9016117e-04;1.0750000e+02;1.1210347e-02;1.0750000e+02;2.8429013e-02;1.0750000e+02;4.8750639e-02;1.0750000e+02;7.1091674e-02;1.0750000e+02;9.2782542e-02;1.0750000e+02;1.1331841e-01;1.0750000e+02;1.3355045e-01;1.0750000e+02;1.5472265e-01;1.0750000e+02;1.8196273e-01;1.0750000e+02;2.1049331e-01;1.0750000e+02;2.2676671e-01;1.0750000e+02;2.1529262e-01;1.0750000e+02;1.8123683e-01;1.0750000e+02;1.3333635e-01;1.0750000e+02;8.3690204e-02;1.0750000e+02;3.8645819e-02;1.0750000e+02;-5.6756288e-03;1.0750000e+02;-1.9016117e-04;1.0750000e+02;1.1210347e-02;1.0750000e+02;2.8429013e-02;1.0750000e+02;4.8750639e-02;1.0750000e+02;7.1091674e-02;1.0750000e+02;9.2782542e-02;1.0750000e+02;1.1331841e-01;1.0750000e+02;1.3355045e-01;1.0750000e+02;1.5472265e-01;1.0750000e+02;1.8196273e-01;1.0750000e+02;2.1049331e-01;1.0750000e+02;2.2676671e-01;1.0750000e+02;2.1529262e-01;1.0750000e+02;1.8123683e-01;1.0750000e+02;1.3333635e-01;1.0750000e+02;8.3690204e-02;1.0750000e+02;3.8645819e-02;1.0750000e+02;-5.6756288e-03;1.0750000e+02;-1.9016117e-04;1.0750000e+02;1.1210347e-02;1.0750000e+02;2.8429013e-02;1.0750000e+02;4.8750639e-02;1.0750000e+02;7.1091674e-02;1.0750000e+02;9.2782542e-02;1.0750000e+02;1.1331841e-01;1.0750000e+02;1.3355045e-01;1.0750000e+02;1.5472265e-01;1.0750000e+02;1.8196273e-01;1.0750000e+02;2.1049331e-01;1.0750000e+02;2.2676671e-01;1.0750000e+02;2.1529262e-01;1.0750000e+02;1.8123683e-01;1.0750000e+02;1.3333635e-01;1.0750000e+02;8.3690204e-02;1.0750000e+02;3.8645819e-02;1.0750000e+02;-5.6756288e-03;1.0750000e+02;-1.9016117e-04;1.0750000e+02;1.1210347e-02;1.0750000e+02;2.8429013e-02;1.0750000e+02;4.8750639e-02;1.0750000e+02;7.1091674e-02;1.0750000e+02;9.2782542e-02;1.0750000e+02;1.1331841e-01;1.0750000e+02;1.3355045e-01;1.0750000e+02;1.5472265e-01;1.0750000e+02;1.8196273e-01;1.0750000e+02;2.1049331e-01;1.0750000e+02;2.2676671e-01;1.0750000e+02;2.1529262e-01;1.0750000e+02;1.8123683e-01;1.0750000e+02;1.3333635e-01;1.0750000e+02;8.3690204e-02;1.0750000e+02;3.8645819e-02;1.0750000e+02;-5.6756288e-03;1.0750000e+02;-1.9016117e-04;1.0750000e+02;1.1210347e-02;1.0750000e+02;2.8429013e-02;1.0750000e+02;4.8750639e-02;1.0750000e+02;7.1091674e-02;1.0750000e+02;9.2782542e-02;1.0750000e+02;1.1331841e-01;1.0750000e+02;1.3355045e-01;1.0750000e+02;1.5472265e-01;1.0750000e+02;1.8196273e-01;1.0750000e+02;2.1049331e-01;1.0750000e+02;2.2676671e-01;1.0750000e+02;2.1529262e-01;1.0750000e+02;1.8123683e-01;1.0750000e+02;1.3333635e-01;1.0750000e+02;8.3690204e-02;1.0750000e+02;3.8645819e-02;1.0750000e+02;-5.6756288e-03;1.0750000e+02;-1.9016117e-04;1.0750000e+02;1.1210347e-02;1.0750000e+02;2.8429013e-02;1.0750000e+02;4.8750639e-02;1.0750000e+02;7.1091674e-02;1.0750000e+02;9.2782542e-02;1.0750000e+02;1.1331841e-01;1.0750000e+02;1.3355045e-01;1.0750000e+02;1.5472265e-01;1.0750000e+02;1.8196273e-01;1.0750000e+02;2.1049331e-01;1.0750000e+02;2.2676671e-01;1.0750000e+02;2.1529262e-01;1.0750000e+02;1.8123683e-01;1.0750000e+02;1.3333635e-01;1.0750000e+02;8.3690204e-02;1.0750000e+02;3.8645819e-02;1.0750000e+02;-5.6756288e-03;1.0750000e+02;-1.9016117e-04;1.0750000e+02;1.1210347e-02;1.0750000e+02;2.8429013e-02;1.0750000e+02;4.8750639e-02;1.0750000e+02;7.1091674e-02;1.0750000e+02;9.2782542e-02;1.0750000e+02;1.1331841e-01;1.0750000e+02;1.3355045e-01;1.0750000e+02;1.5472265e-01;1.0750000e+02;1.8196273e-01;1.0750000e+02;2.1049331e-01;1.0750000e+02;2.2676671e-01;1.0750000e+02;2.1529262e-01;1.0750000e+02;1.8123683e-01;1.0750000e+02;1.3333635e-01;1.0750000e+02;8.3690204e-02;1.0750000e+02;3.8645819e-02;1.0750000e+02;-5.6756288e-03;1.0750000e+02;-1.9016117e-04;1.0750000e+02;1.1210347e-02;1.0750000e+02;2.8429013e-02;1.0750000e+02;4.8750639e-02;1.0750000e+02;7.1091674e-02;1.0750000e+02;9.2782542e-02;1.0750000e+02;1.1331841e-01;1.0750000e+02;1.3355045e-01;1.0750000e+02;1.5472265e-01;1.0750000e+02;1.8196273e-01;1.0750000e+02;2.1049331e-01;1.0750000e+02;2.2676671e-01;1.0750000e+02;2.1529262e-01;1.0750000e+02;1.8123683e-01;1.0750000e+02;1.3333635e-01;1.0750000e+02;8.3690204e-02;1.0750000e+02;3.8645819e-02;1.0750000e+02;-5.6756288e-03;1.0750000e+02;-1.9016117e-04;1.0750000e+02;1.1210347e-02;1.0750000e+02;2.8429013e-02;1.0750000e+02;4.8750639e-02;1.0750000e+02;7.1091674e-02;1.0750000e+02;9.2782542e-02;1.0750000e+02;1.1331841e-01;1.0750000e+02;1.3355045e-01;1.0750000e+02;1.5472265e-01;1.0750000e+02;1.8196273e-01;1.0750000e+02;2.1049331e-01;1.0750000e+02;2.2676671e-01;1.0750000e+02;2.1529262e-01;1.0750000e+02;1.8123683e-01;1.0750000e+02;1.3333635e-01;1.0750000e+02;8.3690204e-02;1.0750000e+02;3.8645819e-02;1.0750000e+02;-5.6756288e-03;1.0750000e+02;-1.9016117e-04;1.0750000e+02;1.1210347e-02;1.0750000e+02;2.8429013e-02;1.0750000e+02;4.8750639e-02;1.0750000e+02;7.1091674e-02;1.0750000e+02;9.2782542e-02;1.0750000e+02;1.1331841e-01;1.0750000e+02;1.3355045e-01;1.0750000e+02;1.5472265e-01;1.0750000e+02;1.8196273e-01;1.0750000e+02;2.1049331e-01;1.0750000e+02;2.2676671e-01;1.0750000e+02;2.1529262e-01;1.0750000e+02;1.8123683e-01;1.0750000e+02;1.3333635e-01;1.0750000e+02;8.3690204e-02;1.0750000e+02;3.8645819e-02;1.0750000e+02;-5.6756288e-03;1.0750000e+02;-1.9016117e-04;1.0750000e+02;1.1210347e-02;1.0750000e+02;2.8429013e-02;1.0750000e+02;4.8750639e-02;1.0750000e+02;7.1091674e-02;1.0750000e+02;9.2782542e-02;1.0750000e+02;1.1331841e-01;1.0750000e+02;1.3355045e-01;1.0750000e+02;1.5472265e-01;1.0750000e+02;1.8196273e-01;1.0750000e+02;2.1049331e-01;1.0750000e+02;2.2676671e-01;1.0750000e+02;2.1529262e-01;1.0750000e+02;1.8123683e-01;1.0750000e+02;1.3333635e-01;1.0750000e+02;8.3690204e-02;1.0750000e+02;3.8645819e-02;1.0750000e+02;-5.6756288e-03;1.0750000e+02;-1.9016117e-04;1.0750000e+02;1.1210347e-02;1.0750000e+02;2.8429013e-02;1.0750000e+02;4.8750639e-02;1.0750000e+02;7.1091674e-02;1.0750000e+02;9.2782542e-02;1.0750000e+02;1.1331841e-01;1.0750000e+02;1.3355045e-01;1.0750000e+02;1.5472265e-01;1.0750000e+02;1.8196273e-01;1.0750000e+02;2.1049331e-01;1.0750000e+02;2.2676671e-01;1.0750000e+02;2.1529262e-01;1.0750000e+02;1.8123683e-01;1.0750000e+02;1.3333635e-01;1.0750000e+02;8.3690204e-02;1.0750000e+02;3.8645819e-02;1.0750000e+02;-5.6756288e-03;1.0750000e+02;-1.9016117e-04;1.0750000e+02;1.1210347e-02;1.0750000e+02;2.8429013e-02;1.0750000e+02;4.8750639e-02;1.0750000e+02;7.1091674e-02;1.0750000e+02;9.2782542e-02;1.0750000e+02;1.1331841e-01;1.0750000e+02;1.3355045e-01;1.0750000e+02;1.5472265e-01;1.0750000e+02;1.8196273e-01;1.0750000e+02;2.1049331e-01;1.0750000e+02;2.2676671e-01;1.0750000e+02;2.1529262e-01;1.0750000e+02;1.8123683e-01;1.0750000e+02;1.3333635e-01;1.0750000e+02;8.3690204e-02;1.0750000e+02;3.8645819e-02;1.0750000e+02;-5.6756288e-03;1.0750000e+02;-1.9016117e-04;1.0750000e+02;1.1210347e-02;1.0750000e+02;2.8429013e-02;1.0750000e+02;4.8750639e-02;1.0750000e+02;7.1091674e-02;1.0750000e+02;9.2782542e-02;1.0750000e+02;1.1331841e-01;1.0750000e+02;1.3355045e-01;1.0750000e+02;1.5472265e-01;1.0750000e+02;1.8196273e-01;1.0750000e+02;2.1049331e-01;1.0750000e+02;2.2676671e-01;1.0750000e+02;2.1529262e-01;1.0750000e+02;1.8123683e-01;1.0750000e+02;1.3333635e-01;1.0750000e+02;8.3690204e-02;1.0750000e+02;3.8645819e-02;1.0750000e+02;-5.6756288e-03;1.0750000e+02;-1.9016117e-04;1.0750000e+02;1.1210347e-02;1.0750000e+02;2.8429013e-02;1.0750000e+02;4.8750639e-02;1.0750000e+02;7.1091674e-02;1.0750000e+02;9.2782542e-02;1.0750000e+02;1.1331841e-01;1.0750000e+02;1.3355045e-01;1.0750000e+02;1.5472265e-01;1.0750000e+02;1.8196273e-01;1.0750000e+02;2.1049331e-01;1.0750000e+02;2.2676671e-01;1.0750000e+02;2.1529262e-01;1.0750000e+02;1.8123683e-01;1.0750000e+02;1.3333635e-01;1.0750000e+02;8.3690204e-02;1.0750000e+02;3.8645819e-02;1.0750000e+02;-5.6756288e-03;1.0750000e+02;-1.9016117e-04;1.0750000e+02;1.1210347e-02;1.0750000e+02;2.8429013e-02;1.0750000e+02;4.8750639e-02;1.0750000e+02;7.1091674e-02;1.0750000e+02;9.2782542e-02;1.0750000e+02;1.1331841e-01;1.0750000e+02;1.3355045e-01;1.0750000e+02;1.5472265e-01;1.0750000e+02;1.8196273e-01;1.0750000e+02;2.1049331e-01;1.0750000e+02;2.2676671e-01;1.0750000e+02;2.1529262e-01;1.0750000e+02;1.8123683e-01;1.0750000e+02;1.3333635e-01;1.0750000e+02;8.3690204e-02;1.0750000e+02;3.8645819e-02;1.0750000e+02;-5.6756288e-03;1.0750000e+02;-1.9016117e-04;1.0750000e+02;1.1210347e-02;1.0750000e+02;2.8429013e-02;1.0750000e+02;4.8750639e-02;1.0750000e+02;7.1091674e-02;1.0750000e+02;9.2782542e-02;1.0750000e+02;1.1331841e-01;1.0750000e+02;1.3355045e-01;1.0750000e+02;1.5472265e-01;1.0750000e+02;1.8196273e-01;1.0750000e+02;2.1049331e-01;1.0750000e+02;2.2676671e-01;1.0750000e+02;2.1529262e-01;1.0750000e+02;1.8123683e-01;1.0750000e+02;1.3333635e-01;1.0750000e+02;8.3690204e-02;1.0750000e+02;3.8645819e-02;1.0750000e+02;-5.6756288e-03;1.0750000e+02;-1.9016117e-04;1.0750000e+02;1.1210347e-02;1.0750000e+02;2.8429013e-02;1.0750000e+02;4.8750639e-02;1.0750000e+02;7.1091674e-02;1.0750000e+02;9.2782542e-02;1.0750000e+02;1.1331841e-01;1.0750000e+02;1.3355045e-01;1.0750000e+02;1.5472265e-01;1.0750000e+02;1.8196273e-01;1.0750000e+02;2.1049331e-01;1.0750000e+02;2.2676671e-01;1.0750000e+02;2.1529262e-01;1.0750000e+02;1.8123683e-01;1.0750000e+02;1.3333635e-01;1.0750000e+02;8.3690204e-02;1.0750000e+02;3.8645819e-02;1.0750000e+02;-5.6756288e-03;1.0750000e+02;-1.9016117e-04;1.0750000e+02;1.1210347e-02;1.0750000e+02;2.8429013e-02;1.0750000e+02;4.8750639e-02;1.0750000e+02;7.1091674e-02;1.0750000e+02;9.2782542e-02;1.0750000e+02;1.1331841e-01;1.0750000e+02;1.3355045e-01;1.0750000e+02;1.5472265e-01;1.0750000e+02;1.8196273e-01;1.0750000e+02;2.1049331e-01;1.0750000e+02;2.2676671e-01;1.0750000e+02;2.1529262e-01;1.0750000e+02;1.8123683e-01;1.0750000e+02;1.3333635e-01;1.0750000e+02;8.3690204e-02;1.0750000e+02;3.8645819e-02;1.0750000e+02;-5.6756288e-03;1.0750000e+02;-1.9016117e-04;1.0750000e+02;1.1210347e-02;1.0750000e+02;2.8429013e-02;1.0750000e+02;4.8750639e-02;1.0750000e+02;7.1091674e-02;1.0750000e+02;9.2782542e-02;1.0750000e+02;1.1331841e-01;1.0750000e+02;1.3355045e-01;1.0750000e+02;1.5472265e-01;1.0750000e+02;1.8196273e-01;1.0750000e+02;2.1049331e-01;1.0750000e+02;2.2676671e-01;1.0750000e+02;2.1529262e-01;1.0750000e+02;1.8123683e-01;1.0750000e+02;1.3333635e-01;1.0750000e+02;8.3690204e-02;1.0750000e+02;3.8645819e-02;1.0750000e+02;-5.6756288e-03;1.0750000e+02;-1.9016117e-04;1.0750000e+02;1.1210347e-02;1.0750000e+02;2.8429013e-02;1.0750000e+02;4.8750639e-02;1.0750000e+02;7.1091674e-02;1.0750000e+02;9.2782542e-02;1.0750000e+02;1.1331841e-01;1.0750000e+02;1.3355045e-01;1.0750000e+02;1.5472265e-01;1.0750000e+02;1.8196273e-01;1.0750000e+02;2.1049331e-01;1.0750000e+02;2.2676671e-01;1.0750000e+02;2.1529262e-01;1.0750000e+02;1.8123683e-01;1.0750000e+02;1.3333635e-01;1.0750000e+02;8.3690204e-02;1.0750000e+02;3.8645819e-02;1.0750000e+02;-5.6756288e-03;1.0750000e+02;-1.9016117e-04;1.0750000e+02;1.1210347e-02;1.0750000e+02;2.8429013e-02;1.0750000e+02;4.8750639e-02;1.0750000e+02;7.1091674e-02;1.0750000e+02;9.2782542e-02;1.0750000e+02;1.1331841e-01;1.0750000e+02;1.3355045e-01;1.0750000e+02;1.5472265e-01;1.0750000e+02;1.8196273e-01;1.0750000e+02;2.1049331e-01;1.0750000e+02;2.2676671e-01;1.0750000e+02;2.1529262e-01;1.0750000e+02;1.8123683e-01;1.0750000e+02;1.3333635e-01;1.0750000e+02;8.3690204e-02;1.0750000e+02;3.8645819e-02;1.0750000e+02;-5.6756288e-03;1.0750000e+02;-1.9016117e-04;1.0750000e+02;1.1210347e-02;1.0750000e+02;2.8429013e-02;1.0750000e+02;4.8750639e-02;1.0750000e+02;7.1091674e-02;1.0750000e+02;9.2782542e-02;1.0750000e+02;1.1331841e-01;1.0750000e+02;1.3355045e-01;1.0750000e+02;1.5472265e-01;1.0750000e+02;1.8196273e-01;1.0750000e+02;2.1049331e-01;1.0750000e+02;2.2676671e-01;1.0750000e+02;2.1529262e-01;1.0750000e+02;1.8123683e-01;1.0750000e+02;1.3333635e-01;1.0750000e+02;8.3690204e-02;1.0750000e+02;3.8645819e-02;1.0750000e+02;-5.6756288e-03;1.0750000e+02;-1.9016117e-04;1.0750000e+02;1.1210347e-02;1.0750000e+02;2.8429013e-02;1.0750000e+02;4.8750639e-02;1.0750000e+02;7.1091674e-02;1.0750000e+02;9.2782542e-02;1.0750000e+02;1.1331841e-01;1.0750000e+02;1.3355045e-01;1.0750000e+02;1.5472265e-01;1.0750000e+02;1.8196273e-01;1.0750000e+02;2.1049331e-01;1.0750000e+02;2.2676671e-01;1.0750000e+02;2.1529262e-01;1.0750000e+02;1.8123683e-01;1.0750000e+02;1.3333635e-01;1.0750000e+02;8.3690204e-02;1.0750000e+02;3.8645819e-02;1.0750000e+02;-5.6756288e-03;1.0750000e+02;-1.9016117e-04;1.0750000e+02;1.1210347e-02;1.0750000e+02;2.8429013e-02;1.0750000e+02;4.8750639e-02;1.0750000e+02;7.1091674e-02;1.0750000e+02;9.2782542e-02;1.0750000e+02;1.1331841e-01;1.0750000e+02;1.3355045e-01;1.0750000e+02;1.5472265e-01;1.0750000e+02;1.8196273e-01;1.0750000e+02;2.1049331e-01;1.0750000e+02;2.2676671e-01;1.0750000e+02;2.1529262e-01;1.0750000e+02;1.8123683e-01;1.0750000e+02;1.3333635e-01;1.0750000e+02;8.3690204e-02;1.0750000e+02;3.8645819e-02;1.0750000e+02;-5.6756288e-03;1.0750000e+02;-1.9016117e-04;1.0750000e+02;1.1210347e-02;1.0750000e+02;2.8429013e-02;1.0750000e+02;4.8750639e-02;1.0750000e+02;7.1091674e-02;1.0750000e+02;9.2782542e-02;1.0750000e+02;1.1331841e-01;1.0750000e+02;1.3355045e-01;1.0750000e+02;1.5472265e-01;1.0750000e+02;1.8196273e-01;1.0750000e+02;2.1049331e-01;1.0750000e+02;2.2676671e-01;1.0750000e+02;2.1529262e-01;1.0750000e+02;1.8123683e-01;1.0750000e+02;1.3333635e-01;1.0750000e+02;8.3690204e-02;1.0750000e+02;3.8645819e-02;1.0750000e+02;-5.6756288e-03;1.0750000e+02;-1.9016117e-04;1.0750000e+02;1.1210347e-02;1.0750000e+02;2.8429013e-02;1.0750000e+02;4.8750639e-02;1.0750000e+02;7.1091674e-02;1.0750000e+02;9.2782542e-02;1.0750000e+02;1.1331841e-01;1.0750000e+02;1.3355045e-01;1.0750000e+02;1.5472265e-01;1.0750000e+02;1.8196273e-01;1.0750000e+02;2.1049331e-01;1.0750000e+02;2.2676671e-01;1.0750000e+02;2.1529262e-01;1.0750000e+02;1.8123683e-01;1.0750000e+02;1.3333635e-01;1.0750000e+02;8.3690204e-02;1.0750000e+02;3.8645819e-02;1.0750000e+02;-5.6756288e-03;1.0750000e+02;-1.9016117e-04;1.0750000e+02;1.1210347e-02;1.0750000e+02;2.8429013e-02;1.0750000e+02;4.8750639e-02;1.0750000e+02;7.1091674e-02;1.0750000e+02;9.2782542e-02;1.0750000e+02;1.1331841e-01;1.0750000e+02;1.3355045e-01;1.0750000e+02;1.5472265e-01;1.0750000e+02;1.8196273e-01;1.0750000e+02;2.1049331e-01;1.0750000e+02;2.2676671e-01;1.0750000e+02;2.1529262e-01;1.0750000e+02;1.8123683e-01;1.0750000e+02;1.3333635e-01;1.0750000e+02;8.3690204e-02;1.0750000e+02;3.8645819e-02;1.0750000e+02;-5.6756288e-03;1.0750000e+02;-1.9016117e-04;1.0750000e+02;1.1210347e-02;1.0750000e+02;2.8429013e-02;1.0750000e+02;4.8750639e-02;1.0750000e+02;7.1091674e-02;1.0750000e+02;9.2782542e-02;1.0750000e+02;1.1331841e-01;1.0750000e+02;1.3355045e-01;1.0750000e+02;1.5472265e-01;1.0750000e+02;1.8196273e-01;1.0750000e+02;2.1049331e-01;1.0750000e+02;2.2676671e-01;1.0750000e+02;2.1529262e-01;1.0750000e+02;1.8123683e-01;1.0750000e+02;1.3333635e-01;1.0750000e+02;8.3690204e-02;1.0750000e+02;3.8645819e-02;1.0750000e+02;-5.6756288e-03;1.0750000e+02;-1.9016117e-04;1.0750000e+02;1.1210347e-02;1.0750000e+02;2.8429013e-02;1.0750000e+02;4.8750639e-02;1.0750000e+02;7.1091674e-02;1.0750000e+02;9.2782542e-02;1.0750000e+02;1.1331841e-01;1.0750000e+02;1.3355045e-01;1.0750000e+02;1.5472265e-01;1.0750000e+02;1.8196273e-01;1.0750000e+02;2.1049331e-01;1.0750000e+02;2.2676671e-01;1.0750000e+02;2.1529262e-01;1.0750000e+02;1.8123683e-01;1.0750000e+02;1.3333635e-01;1.0750000e+02;8.3690204e-02;1.0750000e+02;3.8645819e-02;1.0750000e+02;-5.6756288e-03;1.0750000e+02;-1.9016117e-04;1.0750000e+02;1.1210347e-02;1.0750000e+02;2.8429013e-02;1.0750000e+02;4.8750639e-02;1.0750000e+02;7.1091674e-02;1.0750000e+02;9.2782542e-02;1.0750000e+02;1.1331841e-01;1.0750000e+02;1.3355045e-01;1.0750000e+02;1.5472265e-01;1.0750000e+02;1.8196273e-01;1.0750000e+02;2.1049331e-01;1.0750000e+02;2.2676671e-01;1.0750000e+02;2.1529262e-01;1.0750000e+02;1.8123683e-01;1.0750000e+02;1.3333635e-01;1.0750000e+02;8.3690204e-02;1.0750000e+02;3.8645819e-02;1.0750000e+02;-5.6756288e-03;1.0750000e+02;-1.9016117e-04;1.0750000e+02;1.1210347e-02;1.0750000e+02;2.8429013e-02;1.0750000e+02;4.8750639e-02;1.0750000e+02;7.1091674e-02;1.0750000e+02;9.2782542e-02;1.0750000e+02;1.1331841e-01;1.0750000e+02;1.3355045e-01;1.0750000e+02;1.5472265e-01;1.0750000e+02;1.8196273e-01;1.0750000e+02;2.1049331e-01;1.0750000e+02;2.2676671e-01;1.0750000e+02;2.1529262e-01;1.0750000e+02;1.8123683e-01;1.0750000e+02;1.3333635e-01;1.0750000e+02;8.3690204e-02;1.0750000e+02;3.8645819e-02;1.0750000e+02;-5.6756288e-03;1.0750000e+02;-1.9016117e-04;1.0750000e+02;1.1210347e-02;1.0750000e+02;2.8429013e-02;1.0750000e+02;4.8750639e-02;1.0750000e+02;7.1091674e-02;1.0750000e+02;9.2782542e-02;1.0750000e+02;1.1331841e-01;1.0750000e+02;1.3355045e-01;1.0750000e+02;1.5472265e-01;1.0750000e+02;1.8196273e-01;1.0750000e+02;2.1049331e-01;1.0750000e+02;2.2676671e-01;1.0750000e+02;2.1529262e-01;1.0750000e+02;1.8123683e-01;1.0750000e+02;1.3333635e-01;1.0750000e+02;8.3690204e-02;1.0750000e+02;3.8645819e-02;1.0750000e+02;-5.6756288e-03;1.0750000e+02;-1.9016117e-04;1.0750000e+02;1.1210347e-02;1.0750000e+02;2.8429013e-02;1.0750000e+02;4.8750639e-02;1.0750000e+02;7.1091674e-02;1.0750000e+02;9.2782542e-02;1.0750000e+02;1.1331841e-01;1.0750000e+02;1.3355045e-01;1.0750000e+02;1.5472265e-01;1.0750000e+02;1.8196273e-01;1.0750000e+02;2.1049331e-01;1.0750000e+02;2.2676671e-01;1.0750000e+02;2.1529262e-01;1.0750000e+02;1.8123683e-01;1.0750000e+02;1.3333635e-01;1.0750000e+02;8.3690204e-02;1.0750000e+02;3.8645819e-02;1.0750000e+02;-5.6756288e-03;1.0750000e+02;-1.9016117e-04;1.0750000e+02;1.1210347e-02;1.0750000e+02;2.8429013e-02;1.0750000e+02;4.8750639e-02;1.0750000e+02;7.1091674e-02;1.0750000e+02;9.2782542e-02;1.0750000e+02;1.1331841e-01;1.0750000e+02;1.3355045e-01;1.0750000e+02;1.5472265e-01;1.0750000e+02;1.8196273e-01;1.0750000e+02;2.1049331e-01;1.0750000e+02;2.2676671e-01;1.0750000e+02;2.1529262e-01;1.0750000e+02;1.8123683e-01;1.0750000e+02;1.3333635e-01;1.0750000e+02;8.3690204e-02;1.0750000e+02;3.8645819e-02;1.0750000e+02;-5.6756288e-03;1.0750000e+02;-1.9016117e-04;1.0750000e+02;1.1210347e-02;1.0750000e+02;2.8429013e-02;1.0750000e+02;4.8750639e-02;1.0750000e+02;7.1091674e-02;1.0750000e+02;9.2782542e-02;1.0750000e+02;1.1331841e-01;1.0750000e+02;1.3355045e-01;1.0750000e+02;1.5472265e-01;1.0750000e+02;1.8196273e-01;1.0750000e+02;2.1049331e-01;1.0750000e+02;2.2676671e-01;1.0750000e+02;2.1529262e-01;1.0750000e+02;1.8123683e-01;1.0750000e+02;1.3333635e-01;1.0750000e+02;8.3690204e-02;1.0750000e+02;3.8645819e-02;1.0750000e+02;-5.6756288e-03;1.0750000e+02;-1.9016117e-04;1.0750000e+02;1.1210347e-02;1.0750000e+02;2.8429013e-02;1.0750000e+02;4.8750639e-02;1.0750000e+02;7.1091674e-02;1.0750000e+02;9.2782542e-02;1.0750000e+02;1.1331841e-01;1.0750000e+02;1.3355045e-01;1.0750000e+02;1.5472265e-01;1.0750000e+02;1.8196273e-01;1.0750000e+02;2.1049331e-01;1.0750000e+02;2.2676671e-01;1.0750000e+02;2.1529262e-01;1.0750000e+02;1.8123683e-01;1.0750000e+02;1.3333635e-01;1.0750000e+02;8.3690204e-02;1.0750000e+02;3.8645819e-02;1.0750000e+02;-5.6756288e-03;1.0750000e+02;-1.9016117e-04;1.0750000e+02;1.1210347e-02;1.0750000e+02;2.8429013e-02;1.0750000e+02;4.8750639e-02;1.0750000e+02;7.1091674e-02;1.0750000e+02;9.2782542e-02;1.0750000e+02;1.1331841e-01;1.0750000e+02;1.3355045e-01;1.0750000e+02;1.5472265e-01;1.0750000e+02;1.8196273e-01;1.0750000e+02;2.1049331e-01;1.0750000e+02;2.2676671e-01;1.0750000e+02;2.1529262e-01;1.0750000e+02;1.8123683e-01;1.0750000e+02;1.3333635e-01;1.0750000e+02;8.3690204e-02;1.0750000e+02;3.8645819e-02;1.0750000e+02;-5.6756288e-03;1.0750000e+02;-1.9016117e-04;1.0750000e+02;1.1210347e-02;1.0750000e+02;2.8429013e-02;1.0750000e+02;4.8750639e-02;1.0750000e+02;7.1091674e-02;1.0750000e+02;9.2782542e-02;1.0750000e+02;1.1331841e-01;1.0750000e+02;1.3355045e-01;1.0750000e+02;1.5472265e-01;1.0750000e+02;1.8196273e-01;1.0750000e+02;2.1049331e-01;1.0750000e+02;2.2676671e-01;1.0750000e+02;2.1529262e-01;1.0750000e+02;1.8123683e-01;1.0750000e+02;1.3333635e-01;1.0750000e+02;8.3690204e-02;1.0750000e+02;3.8645819e-02;1.0750000e+02;-5.6756288e-03;1.0750000e+02;-1.9016117e-04;1.0750000e+02;1.1210347e-02;1.0750000e+02;2.8429013e-02;1.0750000e+02;4.8750639e-02;1.0750000e+02;7.1091674e-02;1.0750000e+02;9.2782542e-02;1.0750000e+02;1.1331841e-01;1.0750000e+02;1.3355045e-01;1.0750000e+02;1.5472265e-01;1.0750000e+02;1.8196273e-01;1.0750000e+02;2.1049331e-01;1.0750000e+02;2.2676671e-01;1.0750000e+02;2.1529262e-01;1.0750000e+02;1.8123683e-01;1.0750000e+02;1.3333635e-01;1.0750000e+02;8.3690204e-02;1.0750000e+02;3.8645819e-02;1.0750000e+02;-5.6756288e-03;1.0750000e+02;-1.9016117e-04;1.0750000e+02;1.1210347e-02;1.0750000e+02;2.8429013e-02;1.0750000e+02;4.8750639e-02;1.0750000e+02;7.1091674e-02;1.0750000e+02;9.2782542e-02;1.0750000e+02;1.1331841e-01;1.0750000e+02;1.3355045e-01;1.0750000e+02;1.5472265e-01;1.0750000e+02;1.8196273e-01;1.0750000e+02;2.1049331e-01;1.0750000e+02;2.2676671e-01;1.0750000e+02;2.1529262e-01;1.0750000e+02;1.8123683e-01;1.0750000e+02;1.3333635e-01;1.0750000e+02;8.3690204e-02;1.0750000e+02;3.8645819e-02;1.0750000e+02;-5.6756288e-03;1.0750000e+02;-1.9016117e-04;1.0750000e+02;1.1210347e-02;1.0750000e+02;2.8429013e-02;1.0750000e+02;4.8750639e-02;1.0750000e+02;7.1091674e-02;1.0750000e+02;9.2782542e-02;1.0750000e+02;1.1331841e-01;1.0750000e+02;1.3355045e-01;1.0750000e+02;1.5472265e-01;1.0750000e+02;1.8196273e-01;1.0750000e+02;2.1049331e-01;1.0750000e+02;2.2676671e-01;1.0750000e+02;2.1529262e-01;1.0750000e+02;1.8123683e-01;1.0750000e+02;1.3333635e-01;1.0750000e+02;8.3690204e-02;1.0750000e+02;3.8645819e-02;1.0750000e+02;-5.6756288e-03;1.0750000e+02;-1.9016117e-04;1.0750000e+02;1.1210347e-02;1.0750000e+02;2.8429013e-02;1.0750000e+02;4.8750639e-02;1.0750000e+02;7.1091674e-02;1.0750000e+02;9.2782542e-02;1.0750000e+02;1.1331841e-01;1.0750000e+02;1.3355045e-01;1.0750000e+02;1.5472265e-01;1.0750000e+02;1.8196273e-01;1.0750000e+02;2.1049331e-01;1.0750000e+02;2.2676671e-01;1.0750000e+02;2.1529262e-01;1.0750000e+02;1.8123683e-01;1.0750000e+02;1.3333635e-01;1.0750000e+02;8.3690204e-02;1.0750000e+02;3.8645819e-02;1.0750000e+02;-5.6756288e-03;1.0750000e+02;-1.9016117e-04;1.0750000e+02;1.1210347e-02;1.0750000e+02;2.8429013e-02;1.0750000e+02;4.8750639e-02;1.0750000e+02;7.1091674e-02;1.0750000e+02;9.2782542e-02;1.0750000e+02;1.1331841e-01;1.0750000e+02;1.3355045e-01;1.0750000e+02;1.5472265e-01;1.0750000e+02;1.8196273e-01;1.0750000e+02;2.1049331e-01;1.0750000e+02;2.2676671e-01;1.0750000e+02;2.1529262e-01;1.0750000e+02;1.8123683e-01;1.0750000e+02;1.3333635e-01;1.0750000e+02;8.3690204e-02;1.0750000e+02;3.8645819e-02;1.0750000e+02;-5.6756288e-03;1.0750000e+02;-1.9016117e-04;1.0750000e+02;1.1210347e-02;1.0750000e+02;2.8429013e-02;1.0750000e+02;4.8750639e-02;1.0750000e+02;7.1091674e-02;1.0750000e+02;9.2782542e-02;1.0750000e+02;1.1331841e-01;1.0750000e+02;1.3355045e-01;1.0750000e+02;1.5472265e-01;1.0750000e+02;1.8196273e-01;1.0750000e+02;2.1049331e-01;1.0750000e+02;2.2676671e-01;1.0750000e+02;2.1529262e-01;1.0750000e+02;1.8123683e-01;1.0750000e+02;1.3333635e-01;1.0750000e+02;8.3690204e-02;1.0750000e+02;3.8645819e-02;1.0750000e+02;-5.6756288e-03;1.0750000e+02;-1.9016117e-04;1.0750000e+02;1.1210347e-02;1.0750000e+02;2.8429013e-02;1.0750000e+02;4.8750639e-02;1.0750000e+02;7.1091674e-02;1.0750000e+02;9.2782542e-02;1.0750000e+02;1.1331841e-01;1.0750000e+02;1.3355045e-01;1.0750000e+02;1.5472265e-01;1.0750000e+02;1.8196273e-01;1.0750000e+02;2.1049331e-01;1.0750000e+02;2.2676671e-01;1.0750000e+02;2.1529262e-01;1.0750000e+02;1.8123683e-01;1.0750000e+02;1.3333635e-01;1.0750000e+02;8.3690204e-02;1.0750000e+02;3.8645819e-02;1.0750000e+02;-5.6756288e-03;1.0750000e+02;-1.9016117e-04;1.0750000e+02;1.1210347e-02;1.0750000e+02;2.8429013e-02;1.0750000e+02;4.8750639e-02;1.0750000e+02;7.1091674e-02;1.0750000e+02;9.2782542e-02;1.0750000e+02;1.1331841e-01;1.0750000e+02;1.3355045e-01;1.0750000e+02;1.5472265e-01;1.0750000e+02;1.8196273e-01;1.0750000e+02;2.1049331e-01;1.0750000e+02;2.2676671e-01;1.0750000e+02;2.1529262e-01;1.0750000e+02;1.8123683e-01;1.0750000e+02;1.3333635e-01;1.0750000e+02;8.3690204e-02;1.0750000e+02;3.8645819e-02;1.0750000e+02;-5.6756288e-03;1.0750000e+02;-1.9016117e-04;1.0750000e+02;1.1210347e-02;1.0750000e+02;2.8429013e-02;1.0750000e+02;4.8750639e-02;1.0750000e+02;7.1091674e-02;1.0750000e+02;9.2782542e-02;1.0750000e+02;1.1331841e-01;1.0750000e+02;1.3355045e-01;1.0750000e+02;1.5472265e-01;1.0750000e+02;1.8196273e-01;1.0750000e+02;2.1049331e-01;1.0750000e+02;2.2676671e-01;1.0750000e+02;2.1529262e-01;1.0750000e+02;1.8123683e-01;1.0750000e+02;1.3333635e-01;1.0750000e+02;8.3690204e-02;1.0750000e+02;3.8645819e-02;1.0750000e+02;-5.6756288e-03;1.0750000e+02;-1.9016117e-04;1.0750000e+02;1.1210347e-02;1.0750000e+02;2.8429013e-02;1.0750000e+02;4.8750639e-02;1.0750000e+02;7.1091674e-02;1.0750000e+02;9.2782542e-02;1.0750000e+02;1.1331841e-01;1.0750000e+02;1.3355045e-01;1.0750000e+02;1.5472265e-01;1.0750000e+02;1.8196273e-01;1.0750000e+02;2.1049331e-01;1.0750000e+02;2.2676671e-01;1.0750000e+02;2.1529262e-01;1.0750000e+02;1.8123683e-01;1.0750000e+02;1.3333635e-01;1.0750000e+02;8.3690204e-02;1.0750000e+02;3.8645819e-02;1.0750000e+02;-5.6756288e-03;1.0750000e+02;-1.9016117e-04;1.0750000e+02;1.1210347e-02;1.0750000e+02;2.8429013e-02;1.0750000e+02;4.8750639e-02;1.0750000e+02;7.1091674e-02;1.0750000e+02;9.2782542e-02;1.0750000e+02;1.1331841e-01;1.0750000e+02;1.3355045e-01;1.0750000e+02;1.5472265e-01;1.0750000e+02;1.8196273e-01;1.0750000e+02;2.1049331e-01;1.0750000e+02;2.2676671e-01;1.0750000e+02;2.1529262e-01;1.0750000e+02;1.8123683e-01;1.0750000e+02;1.3333635e-01;1.0750000e+02;8.3690204e-02;1.0750000e+02;3.8645819e-02;1.0750000e+02;-5.6756288e-03;1.0750000e+02;-1.9016117e-04;1.0750000e+02;1.1210347e-02;1.0750000e+02;2.8429013e-02;1.0750000e+02;4.8750639e-02;1.0750000e+02;7.1091674e-02;1.0750000e+02;9.2782542e-02;1.0750000e+02;1.1331841e-01;1.0750000e+02;1.3355045e-01;1.0750000e+02;1.5472265e-01;1.0750000e+02;1.8196273e-01;1.0750000e+02;2.1049331e-01;1.0750000e+02;2.2676671e-01;1.0750000e+02;2.1529262e-01;1.0750000e+02;1.8123683e-01;1.0750000e+02;1.3333635e-01;1.0750000e+02;8.3690204e-02;1.0750000e+02;3.8645819e-02;1.0750000e+02;-5.6756288e-03;1.0750000e+02;-1.9016117e-04;1.0750000e+02;1.1210347e-02;1.0750000e+02;2.8429013e-02;1.0750000e+02;4.8750639e-02;1.0750000e+02;7.1091674e-02;1.0750000e+02;9.2782542e-02;1.0750000e+02;1.1331841e-01;1.0750000e+02;1.3355045e-01;1.0750000e+02;1.5472265e-01;1.0750000e+02;1.8196273e-01;1.0750000e+02;2.1049331e-01;1.0750000e+02;2.2676671e-01;1.0750000e+02;2.1529262e-01;1.0750000e+02;1.8123683e-01;1.0750000e+02;1.3333635e-01;1.0750000e+02;8.3690204e-02;1.0750000e+02;3.8645819e-02;1.0750000e+02;-5.6756288e-03;1.0750000e+02;-1.9016117e-04;1.0750000e+02;1.1210347e-02;1.0750000e+02;2.8429013e-02;1.0750000e+02;4.8750639e-02;1.0750000e+02;7.1091674e-02;1.0750000e+02;9.2782542e-02;1.0750000e+02;1.1331841e-01;1.0750000e+02;1.3355045e-01;1.0750000e+02;1.5472265e-01;1.0750000e+02;1.8196273e-01;1.0750000e+02;2.1049331e-01;1.0750000e+02;2.2676671e-01;1.0750000e+02;2.1529262e-01;1.0750000e+02;1.8123683e-01;1.0750000e+02;1.3333635e-01;1.0750000e+02;8.3690204e-02;1.0750000e+02;3.8645819e-02;1.0750000e+02;-5.6756288e-03;1.0750000e+02;-1.9016117e-04;1.0750000e+02;1.1210347e-02;1.0750000e+02;2.8429013e-02;1.0750000e+02;4.8750639e-02;1.0750000e+02;7.1091674e-02;1.0750000e+02;9.2782542e-02;1.0750000e+02;1.1331841e-01;1.0750000e+02;1.3355045e-01;1.0750000e+02;1.5472265e-01;1.0750000e+02;1.8196273e-01;1.0750000e+02;2.1049331e-01;1.0750000e+02;2.2676671e-01;1.0750000e+02;2.1529262e-01;1.0750000e+02;1.8123683e-01;1.0750000e+02;1.3333635e-01;1.0750000e+02;8.3690204e-02;1.0750000e+02;3.8645819e-02;1.0750000e+02;-5.6756288e-03;1.0750000e+02;-1.9016117e-04;1.0750000e+02;1.1210347e-02;1.0750000e+02;2.8429013e-02;1.0750000e+02;4.8750639e-02;1.0750000e+02;7.1091674e-02;1.0750000e+02;9.2782542e-02;1.0750000e+02;1.1331841e-01;1.0750000e+02;1.3355045e-01;1.0750000e+02;1.5472265e-01;1.0750000e+02;1.8196273e-01;1.0750000e+02;2.1049331e-01;1.0750000e+02;2.2676671e-01;1.0750000e+02;2.1529262e-01;1.0750000e+02;1.8123683e-01;1.0750000e+02;1.3333635e-01;1.0750000e+02;8.3690204e-02;1.0750000e+02;3.8645819e-02;1.0750000e+02;-5.6756288e-03;1.0750000e+02;-1.9016117e-04;1.0750000e+02;1.1210347e-02;1.0750000e+02;2.8429013e-02;1.0750000e+02;4.8750639e-02;1.0750000e+02;7.1091674e-02;1.0750000e+02;9.2782542e-02;1.0750000e+02;1.1331841e-01;1.0750000e+02;1.3355045e-01;1.0750000e+02;1.5472265e-01;1.0750000e+02;1.8196273e-01;1.0750000e+02;2.1049331e-01;1.0750000e+02;2.2676671e-01;1.0750000e+02;2.1529262e-01;1.0750000e+02;1.8123683e-01;1.0750000e+02;1.3333635e-01;1.0750000e+02;8.3690204e-02;1.0750000e+02;3.8645819e-02;1.0750000e+02;-5.6756288e-03;1.0750000e+02;-1.9016117e-04;1.0750000e+02;1.1210347e-02;1.0750000e+02;2.8429013e-02;1.0750000e+02;4.8750639e-02;1.0750000e+02;7.1091674e-02;1.0750000e+02;9.2782542e-02;1.0750000e+02;1.1331841e-01;1.0750000e+02;1.3355045e-01;1.0750000e+02;1.5472265e-01;1.0750000e+02;1.8196273e-01;1.0750000e+02;2.1049331e-01;1.0750000e+02;2.2676671e-01;1.0750000e+02;2.1529262e-01;1.0750000e+02;1.8123683e-01;1.0750000e+02;1.3333635e-01;1.0750000e+02;8.3690204e-02;1.0750000e+02;3.8645819e-02;1.0750000e+02;-5.6756288e-03;1.0750000e+02;-1.9016117e-04;1.0750000e+02;1.1210347e-02;1.0750000e+02;2.8429013e-02;1.0750000e+02;4.8750639e-02;1.0750000e+02;7.1091674e-02;1.0750000e+02;9.2782542e-02;1.0750000e+02;1.1331841e-01;1.0750000e+02;1.3355045e-01;1.0750000e+02;1.5472265e-01;1.0750000e+02;1.8196273e-01;1.0750000e+02;2.1049331e-01;1.0750000e+02;2.2676671e-01;1.0750000e+02;2.1529262e-01;1.0750000e+02;1.8123683e-01;1.0750000e+02;1.3333635e-01;1.0750000e+02;8.3690204e-02;1.0750000e+02;3.8645819e-02;1.0750000e+02;-5.6756288e-03;1.0750000e+02;-1.9016117e-04;1.0750000e+02;1.1210347e-02;1.0750000e+02;2.8429013e-02;1.0750000e+02;4.8750639e-02;1.0750000e+02;7.1091674e-02;1.0750000e+02;9.2782542e-02;1.0750000e+02;1.1331841e-01;1.0750000e+02;1.3355045e-01;1.0750000e+02;1.5472265e-01;1.0750000e+02;1.8196273e-01;1.0750000e+02;2.1049331e-01;1.0750000e+02;2.2676671e-01;1.0750000e+02;2.1529262e-01;1.0750000e+02;1.8123683e-01;1.0750000e+02;1.3333635e-01;1.0750000e+02;8.3690204e-02;1.0750000e+02;3.8645819e-02;1.0750000e+02;-5.6756288e-03;1.0750000e+02;-1.9016117e-04;1.0750000e+02;1.1210347e-02;1.0750000e+02;2.8429013e-02;1.0750000e+02;4.8750639e-02;1.0750000e+02;7.1091674e-02;1.0750000e+02;9.2782542e-02;1.0750000e+02;1.1331841e-01;1.0750000e+02;1.3355045e-01;1.0750000e+02;1.5472265e-01;1.0750000e+02;1.8196273e-01;1.0750000e+02;2.1049331e-01;1.0750000e+02;2.2676671e-01;1.0750000e+02;2.1529262e-01;1.0750000e+02;1.8123683e-01;1.0750000e+02;1.3333635e-01;1.0750000e+02;8.3690204e-02;1.0750000e+02;3.8645819e-02;1.0750000e+02;-5.6756288e-03;1.0750000e+02;-1.9016117e-04;1.0750000e+02;1.1210347e-02;1.0750000e+02;2.8429013e-02;1.0750000e+02;4.8750639e-02;1.0750000e+02;7.1091674e-02;1.0750000e+02;9.2782542e-02;1.0750000e+02;1.1331841e-01;1.0750000e+02;1.3355045e-01;1.0750000e+02;1.5472265e-01;1.0750000e+02;1.8196273e-01;1.0750000e+02;2.1049331e-01;1.0750000e+02;2.2676671e-01;1.0750000e+02;2.1529262e-01;1.0750000e+02;1.8123683e-01;1.0750000e+02;1.3333635e-01;1.0750000e+02;8.3690204e-02;1.0750000e+02;3.8645819e-02;1.0750000e+02;-5.6756288e-03;1.0750000e+02;-1.9016117e-04;1.0750000e+02;1.1210347e-02;1.0750000e+02;2.8429013e-02;1.0750000e+02;4.8750639e-02;1.0750000e+02;7.1091674e-02;1.0750000e+02;9.2782542e-02;1.0750000e+02;1.1331841e-01;1.0750000e+02;1.3355045e-01;1.0750000e+02;1.5472265e-01;1.0750000e+02;1.8196273e-01;1.0750000e+02;2.1049331e-01;1.0750000e+02;2.2676671e-01;1.0750000e+02;2.1529262e-01;1.0750000e+02;1.8123683e-01;1.0750000e+02;1.3333635e-01;1.0750000e+02;8.3690204e-02;1.0750000e+02;3.8645819e-02;1.0750000e+02;-5.6756288e-03;1.0750000e+02;-1.9016117e-04;1.0750000e+02;1.1210347e-02;1.0750000e+02;2.8429013e-02;1.0750000e+02;4.8750639e-02;1.0750000e+02;7.1091674e-02;1.0750000e+02;9.2782542e-02;1.0750000e+02;1.1331841e-01;1.0750000e+02;1.3355045e-01;1.0750000e+02;1.5472265e-01;1.0750000e+02;1.8196273e-01;1.0750000e+02;2.1049331e-01;1.0750000e+02;2.2676671e-01;1.0750000e+02;2.1529262e-01;1.0750000e+02;1.8123683e-01;1.0750000e+02;1.3333635e-01;1.0750000e+02;8.3690204e-02;1.0750000e+02;3.8645819e-02;1.0750000e+02;-5.6756288e-03;1.0750000e+02;-1.9016117e-04;1.0750000e+02;1.1210347e-02;1.0750000e+02;2.8429013e-02;1.0750000e+02;4.8750639e-02;1.0750000e+02;7.1091674e-02;1.0750000e+02;9.2782542e-02;1.0750000e+02;1.1331841e-01;1.0750000e+02;1.3355045e-01;1.0750000e+02;1.5472265e-01;1.0750000e+02;1.8196273e-01;1.0750000e+02;2.1049331e-01;1.0750000e+02;2.2676671e-01;1.0750000e+02;2.1529262e-01;1.0750000e+02;1.8123683e-01;1.0750000e+02;1.3333635e-01;1.0750000e+02;8.3690204e-02;1.0750000e+02;3.8645819e-02;1.0750000e+02;-5.6756288e-03;1.0750000e+02;-1.9016117e-04;1.0750000e+02;1.1210347e-02;1.0750000e+02;2.8429013e-02;1.0750000e+02;4.8750639e-02;1.0750000e+02;7.1091674e-02;1.0750000e+02;9.2782542e-02;1.0750000e+02;1.1331841e-01;1.0750000e+02;1.3355045e-01;1.0750000e+02;1.5472265e-01;1.0750000e+02;1.8196273e-01;1.0750000e+02;2.1049331e-01;1.0750000e+02;2.2676671e-01;1.0750000e+02;2.1529262e-01;1.0750000e+02;1.8123683e-01;1.0750000e+02;1.3333635e-01;1.0750000e+02;8.3690204e-02;1.0750000e+02;3.8645819e-02;1.0750000e+02;-5.6756288e-03;1.0750000e+02;-1.9016117e-04;1.0750000e+02;1.1210347e-02;1.0750000e+02;2.8429013e-02;1.0750000e+02;4.8750639e-02;1.0750000e+02;7.1091674e-02;1.0750000e+02;9.2782542e-02;1.0750000e+02;1.1331841e-01;1.0750000e+02;1.3355045e-01;1.0750000e+02;1.5472265e-01;1.0750000e+02;1.8196273e-01;1.0750000e+02;2.1049331e-01;1.0750000e+02;2.2676671e-01;1.0750000e+02;2.1529262e-01;1.0750000e+02;1.8123683e-01;1.0750000e+02;1.3333635e-01;1.0750000e+02;8.3690204e-02;1.0750000e+02;3.8645819e-02;1.0750000e+02;-5.6756288e-03;1.0750000e+02;-1.9016117e-04;1.0750000e+02;1.1210347e-02;1.0750000e+02;2.8429013e-02;1.0750000e+02;4.8750639e-02;1.0750000e+02;7.1091674e-02;1.0750000e+02;9.2782542e-02;1.0750000e+02;1.1331841e-01;1.0750000e+02;1.3355045e-01;1.0750000e+02;1.5472265e-01;1.0750000e+02;1.8196273e-01;1.0750000e+02;2.1049331e-01;1.0750000e+02;2.2676671e-01;1.0750000e+02;2.1529262e-01;1.0750000e+02;1.8123683e-01;1.0750000e+02;1.3333635e-01;1.0750000e+02;8.3690204e-02;1.0750000e+02;3.8645819e-02;1.0750000e+02;-5.6756288e-03;1.0750000e+02;-1.9016117e-04;1.0750000e+02;1.1210347e-02;1.0750000e+02;2.8429013e-02;1.0750000e+02;4.8750639e-02;1.0750000e+02;7.1091674e-02;1.0750000e+02;9.2782542e-02;1.0750000e+02;1.1331841e-01;1.0750000e+02;1.3355045e-01;1.0750000e+02;1.5472265e-01;1.0750000e+02;1.8196273e-01;1.0750000e+02;2.1049331e-01;1.0750000e+02;2.2676671e-01;1.0750000e+02;2.1529262e-01;1.0750000e+02;1.8123683e-01;1.0750000e+02;1.3333635e-01;1.0750000e+02;8.3690204e-02;1.0750000e+02;3.8645819e-02;1.0750000e+02;-5.6756288e-03;1.0750000e+02;-1.9016117e-04;1.0750000e+02;1.1210347e-02;1.0750000e+02;2.8429013e-02;1.0750000e+02;4.8750639e-02;1.0750000e+02;7.1091674e-02;1.0750000e+02;9.2782542e-02;1.0750000e+02;1.1331841e-01;1.0750000e+02;1.3355045e-01;1.0750000e+02;1.5472265e-01;1.0750000e+02;1.8196273e-01;1.0750000e+02;2.1049331e-01;1.0750000e+02;2.2676671e-01;1.0750000e+02;2.1529262e-01;1.0750000e+02;1.8123683e-01;1.0750000e+02;1.3333635e-01;1.0750000e+02;8.3690204e-02;1.0750000e+02;3.8645819e-02;1.0750000e+02;-5.6756288e-03;1.0750000e+02;-1.9016117e-04;1.0750000e+02;1.1210347e-02;1.0750000e+02;2.8429013e-02;1.0750000e+02;4.8750639e-02;1.0750000e+02;7.1091674e-02;1.0750000e+02;9.2782542e-02;1.0750000e+02;1.1331841e-01;1.0750000e+02;1.3355045e-01;1.0750000e+02;1.5472265e-01;1.0750000e+02;1.8196273e-01;1.0750000e+02;2.1049331e-01;1.0750000e+02;2.2676671e-01;1.0750000e+02;2.1529262e-01;1.0750000e+02;1.8123683e-01;1.0750000e+02;1.3333635e-01;1.0750000e+02;8.3690204e-02;1.0750000e+02;3.8645819e-02;1.0750000e+02;-5.6756288e-03;1.0750000e+02;-1.9016117e-04;1.0750000e+02;1.1210347e-02;1.0750000e+02;2.8429013e-02;1.0750000e+02;4.8750639e-02;1.0750000e+02;7.1091674e-02;1.0750000e+02;9.2782542e-02;1.0750000e+02;1.1331841e-01;1.0750000e+02;1.3355045e-01;1.0750000e+02;1.5472265e-01;1.0750000e+02;1.8196273e-01;1.0750000e+02;2.1049331e-01;1.0750000e+02;2.2676671e-01;1.0750000e+02;2.1529262e-01;1.0750000e+02;1.8123683e-01;1.0750000e+02;1.3333635e-01;1.0750000e+02;8.3690204e-02;1.0750000e+02;3.8645819e-02;1.0750000e+02;-5.6756288e-03;1.0750000e+02;-1.9016117e-04;1.0750000e+02;1.1210347e-02;1.0750000e+02;2.8429013e-02;1.0750000e+02;4.8750639e-02;1.0750000e+02;7.1091674e-02;1.0750000e+02;9.2782542e-02;1.0750000e+02;1.1331841e-01;1.0750000e+02;1.3355045e-01;1.0750000e+02;1.5472265e-01;1.0750000e+02;1.8196273e-01;1.0750000e+02;2.1049331e-01;1.0750000e+02;2.2676671e-01;1.0750000e+02;2.1529262e-01;1.0750000e+02;1.8123683e-01;1.0750000e+02;1.3333635e-01;1.0750000e+02;8.3690204e-02;1.0750000e+02;3.8645819e-02;1.0750000e+02;-5.6756288e-03;1.0750000e+02;-1.9016117e-04;1.0750000e+02;1.1210347e-02;1.0750000e+02;2.8429013e-02;1.0750000e+02;4.8750639e-02;1.0750000e+02;7.1091674e-02;1.0750000e+02;9.2782542e-02;1.0750000e+02;1.1331841e-01;1.0750000e+02;1.3355045e-01;1.0750000e+02;1.5472265e-01;1.0750000e+02;1.8196273e-01;1.0750000e+02;2.1049331e-01;1.0750000e+02;2.2676671e-01;1.0750000e+02;2.1529262e-01;1.0750000e+02;1.8123683e-01;1.0750000e+02;1.3333635e-01;1.0750000e+02;8.3690204e-02;1.0750000e+02;3.8645819e-02;1.0750000e+02;-5.6756288e-03;1.0750000e+02;-1.9016117e-04;1.0750000e+02;1.1210347e-02;1.0750000e+02;2.8429013e-02;1.0750000e+02;4.8750639e-02;1.0750000e+02;7.1091674e-02;1.0750000e+02;9.2782542e-02;1.0750000e+02;1.1331841e-01;1.0750000e+02;1.3355045e-01;1.0750000e+02;1.5472265e-01;1.0750000e+02;1.8196273e-01;1.0750000e+02;2.1049331e-01;1.0750000e+02;2.2676671e-01;1.0750000e+02;2.1529262e-01;1.0750000e+02;1.8123683e-01;1.0750000e+02;1.3333635e-01;1.0750000e+02;8.3690204e-02;1.0750000e+02;3.8645819e-02;1.0750000e+02;-5.6756288e-03;1.0750000e+02;-1.9016117e-04;1.0750000e+02;1.1210347e-02;1.0750000e+02;2.8429013e-02;1.0750000e+02;4.8750639e-02;1.0750000e+02;7.1091674e-02;1.0750000e+02;9.2782542e-02;1.0750000e+02;1.1331841e-01;1.0750000e+02;1.3355045e-01;1.0750000e+02;1.5472265e-01;1.0750000e+02;1.8196273e-01;1.0750000e+02;2.1049331e-01;1.0750000e+02;2.2676671e-01;1.0750000e+02;2.1529262e-01;1.0750000e+02;1.8123683e-01;1.0750000e+02;1.3333635e-01;1.0750000e+02;8.3690204e-02;1.0750000e+02;3.8645819e-02;1.0750000e+02;-5.6756288e-03;1.0750000e+02;-1.9016117e-04;1.0750000e+02;1.1210347e-02;1.0750000e+02;2.8429013e-02;1.0750000e+02;4.8750639e-02;1.0750000e+02;7.1091674e-02;1.0750000e+02;9.2782542e-02;1.0750000e+02;1.1331841e-01;1.0750000e+02;1.3355045e-01;1.0750000e+02;1.5472265e-01;1.0750000e+02;1.8196273e-01;1.0750000e+02;2.1049331e-01;1.0750000e+02;2.2676671e-01;1.0750000e+02;2.1529262e-01;1.0750000e+02;1.8123683e-01;1.0750000e+02;1.3333635e-01;1.0750000e+02;8.3690204e-02;1.0750000e+02;3.8645819e-02;1.0750000e+02;-5.6756288e-03;1.0750000e+02;-1.9016117e-04;1.0750000e+02;1.1210347e-02;1.0750000e+02;2.8429013e-02;1.0750000e+02;4.8750639e-02;1.0750000e+02;7.1091674e-02;1.0750000e+02;9.2782542e-02;1.0750000e+02;1.1331841e-01;1.0750000e+02;1.3355045e-01;1.0750000e+02;1.5472265e-01;1.0750000e+02;1.8196273e-01;1.0750000e+02;2.1049331e-01;1.0750000e+02;2.2676671e-01;1.0750000e+02;2.1529262e-01;1.0750000e+02;1.8123683e-01;1.0750000e+02;1.3333635e-01;1.0750000e+02;8.3690204e-02;1.0750000e+02;3.8645819e-02;1.0750000e+02;-5.6756288e-03;1.0750000e+02;-1.9016117e-04;1.0750000e+02;1.1210347e-02;1.0750000e+02;2.8429013e-02;1.0750000e+02;4.8750639e-02;1.0750000e+02;7.1091674e-02;1.0750000e+02;9.2782542e-02;1.0750000e+02;1.1331841e-01;1.0750000e+02;1.3355045e-01;1.0750000e+02;1.5472265e-01;1.0750000e+02;1.8196273e-01;1.0750000e+02;2.1049331e-01;1.0750000e+02;2.2676671e-01;1.0750000e+02;2.1529262e-01;1.0750000e+02;1.8123683e-01;1.0750000e+02;1.3333635e-01;1.0750000e+02;8.3690204e-02;1.0750000e+02;3.8645819e-02;1.0750000e+02;-5.6756288e-03;1.0750000e+02;-1.9016117e-04;1.0750000e+02;1.1210347e-02;1.0750000e+02;2.8429013e-02;1.0750000e+02;4.8750639e-02;1.0750000e+02;7.1091674e-02;1.0750000e+02;9.2782542e-02;1.0750000e+02;1.1331841e-01;1.0750000e+02;1.3355045e-01;1.0750000e+02;1.5472265e-01;1.0750000e+02;1.8196273e-01;1.0750000e+02;2.1049331e-01;1.0750000e+02;2.2676671e-01;1.0750000e+02;2.1529262e-01;1.0750000e+02;1.8123683e-01;1.0750000e+02;1.3333635e-01;1.0750000e+02;8.3690204e-02;1.0750000e+02;3.8645819e-02;1.0750000e+02;-5.6756288e-03;1.0750000e+02;-1.9016117e-04;1.0750000e+02;1.1210347e-02;1.0750000e+02;2.8429013e-02;1.0750000e+02;4.8750639e-02;1.0750000e+02;7.1091674e-02;1.0750000e+02;9.2782542e-02;1.0750000e+02;1.1331841e-01;1.0750000e+02;1.3355045e-01;1.0750000e+02;1.5472265e-01;1.0750000e+02;1.8196273e-01;1.0750000e+02;2.1049331e-01;1.0750000e+02;2.2676671e-01;1.0750000e+02;2.1529262e-01;1.0750000e+02;1.8123683e-01;1.0750000e+02;1.3333635e-01;1.0750000e+02;8.3690204e-02;1.0750000e+02;3.8645819e-02;1.0750000e+02;-5.6756288e-03;1.0750000e+02;-1.9016117e-04;1.0750000e+02;1.1210347e-02;1.0750000e+02;2.8429013e-02;1.0750000e+02;4.8750639e-02;1.0750000e+02;7.1091674e-02;1.0750000e+02;9.2782542e-02;1.0750000e+02;1.1331841e-01;1.0750000e+02;1.3355045e-01;1.0750000e+02;1.5472265e-01;1.0750000e+02;1.8196273e-01;1.0750000e+02;2.1049331e-01;1.0750000e+02;2.2676671e-01;1.0750000e+02;2.1529262e-01;1.0750000e+02;1.8123683e-01;1.0750000e+02;1.3333635e-01;1.0750000e+02;8.3690204e-02;1.0750000e+02;3.8645819e-02;1.0750000e+02;-5.6756288e-03;1.0750000e+02;-1.9016117e-04;1.0750000e+02;1.1210347e-02;1.0750000e+02;2.8429013e-02;1.0750000e+02;4.8750639e-02;1.0750000e+02;7.1091674e-02;1.0750000e+02;9.2782542e-02;1.0750000e+02;1.1331841e-01;1.0750000e+02;1.3355045e-01;1.0750000e+02;1.5472265e-01;1.0750000e+02;1.8196273e-01;1.0750000e+02;2.1049331e-01;1.0750000e+02;2.2676671e-01;1.0750000e+02;2.1529262e-01;1.0750000e+02;1.8123683e-01;1.0750000e+02;1.3333635e-01;1.0750000e+02;8.3690204e-02;1.0750000e+02;3.8645819e-02;1.0750000e+02;-5.6756288e-03;1.0750000e+02;-1.9016117e-04;1.0750000e+02;1.1210347e-02;1.0750000e+02;2.8429013e-02;1.0750000e+02;4.8750639e-02;1.0750000e+02;7.1091674e-02;1.0750000e+02;9.2782542e-02;1.0750000e+02;1.1331841e-01;1.0750000e+02;1.3355045e-01;1.0750000e+02;1.5472265e-01;1.0750000e+02;1.8196273e-01;1.0750000e+02;2.1049331e-01;1.0750000e+02;2.2676671e-01;1.0750000e+02;2.1529262e-01;1.0750000e+02;1.8123683e-01;1.0750000e+02;1.3333635e-01;1.0750000e+02;8.3690204e-02;1.0750000e+02;3.8645819e-02;1.0750000e+02;-5.6756288e-03;1.0750000e+02;-1.9016117e-04;1.0750000e+02;1.1210347e-02;1.0750000e+02;2.8429013e-02;1.0750000e+02;4.8750639e-02;1.0750000e+02;7.1091674e-02;1.0750000e+02;9.2782542e-02;1.0750000e+02;1.1331841e-01;1.0750000e+02;1.3355045e-01;1.0750000e+02;1.5472265e-01;1.0750000e+02;1.8196273e-01;1.0750000e+02;2.1049331e-01;1.0750000e+02;2.2676671e-01;1.0750000e+02;2.1529262e-01;1.0750000e+02;1.8123683e-01;1.0750000e+02;1.3333635e-01;1.0750000e+02;8.3690204e-02;1.0750000e+02;3.8645819e-02;1.0750000e+02;-5.6756288e-03;1.0750000e+02;-1.9016117e-04;1.0750000e+02;1.1210347e-02;1.0750000e+02;2.8429013e-02;1.0750000e+02;4.8750639e-02;1.0750000e+02;7.1091674e-02;1.0750000e+02;9.2782542e-02;1.0750000e+02;1.1331841e-01;1.0750000e+02;1.3355045e-01;1.0750000e+02;1.5472265e-01;1.0750000e+02;1.8196273e-01;1.0750000e+02;2.1049331e-01;1.0750000e+02;2.2676671e-01;1.0750000e+02;2.1529262e-01;1.0750000e+02;1.8123683e-01;1.0750000e+02;1.3333635e-01;1.0750000e+02;8.3690204e-02;1.0750000e+02;3.8645819e-02;1.0750000e+02;-5.6756288e-03;1.0750000e+02;-1.9016117e-04;1.0750000e+02;1.1210347e-02;1.0750000e+02;2.8429013e-02;1.0750000e+02;4.8750639e-02;1.0750000e+02;7.1091674e-02;1.0750000e+02;9.2782542e-02;1.0750000e+02;1.1331841e-01;1.0750000e+02;1.3355045e-01;1.0750000e+02;1.5472265e-01;1.0750000e+02;1.8196273e-01;1.0750000e+02;2.1049331e-01;1.0750000e+02;2.2676671e-01;1.0750000e+02;2.1529262e-01;1.0750000e+02;1.8123683e-01;1.0750000e+02;1.3333635e-01;1.0750000e+02;8.3690204e-02;1.0750000e+02;3.8645819e-02;1.0750000e+02;-5.6756288e-03;1.0750000e+02;-1.9016117e-04;1.0750000e+02;1.1210347e-02;1.0750000e+02;2.8429013e-02;1.0750000e+02;4.8750639e-02;1.0750000e+02;7.1091674e-02;1.0750000e+02;9.2782542e-02;1.0750000e+02;1.1331841e-01;1.0750000e+02;1.3355045e-01;1.0750000e+02;1.5472265e-01;1.0750000e+02;1.8196273e-01;1.0750000e+02;2.1049331e-01;1.0750000e+02;2.2676671e-01;1.0750000e+02;2.1529262e-01;1.0750000e+02;1.8123683e-01;1.0750000e+02;1.3333635e-01;1.0750000e+02;8.3690204e-02;1.0750000e+02;3.8645819e-02;1.0750000e+02;-5.6756288e-03;1.0750000e+02;-1.9016117e-04;1.0750000e+02;1.1210347e-02;1.0750000e+02;2.8429013e-02;1.0750000e+02;4.8750639e-02;1.0750000e+02;7.1091674e-02;1.0750000e+02;9.2782542e-02;1.0750000e+02;1.1331841e-01;1.0750000e+02;1.3355045e-01;1.0750000e+02;1.5472265e-01;1.0750000e+02;1.8196273e-01;1.0750000e+02;2.1049331e-01;1.0750000e+02;2.2676671e-01;1.0750000e+02;2.1529262e-01;1.0750000e+02;1.8123683e-01;1.0750000e+02;1.3333635e-01;1.0750000e+02;8.3690204e-02;1.0750000e+02;3.8645819e-02;1.0750000e+02;-5.6756288e-03;1.0750000e+02;-1.9016117e-04;1.0750000e+02;1.1210347e-02;1.0750000e+02;2.8429013e-02;1.0750000e+02;4.8750639e-02;1.0750000e+02;7.1091674e-02;1.0750000e+02;9.2782542e-02;1.0750000e+02;1.1331841e-01;1.0750000e+02;1.3355045e-01;1.0750000e+02;1.5472265e-01;1.0750000e+02;1.8196273e-01;1.0750000e+02;2.1049331e-01;1.0750000e+02;2.2676671e-01;1.0750000e+02;2.1529262e-01;1.0750000e+02;1.8123683e-01;1.0750000e+02;1.3333635e-01;1.0750000e+02;8.3690204e-02;1.0750000e+02;3.8645819e-02;1.0750000e+02;-5.6756288e-03;1.0750000e+02;-1.9016117e-04;1.0750000e+02;1.1210347e-02;1.0750000e+02;2.8429013e-02;1.0750000e+02;4.8750639e-02;1.0750000e+02;7.1091674e-02;1.0750000e+02;9.2782542e-02;1.0750000e+02;1.1331841e-01;1.0750000e+02;1.3355045e-01;1.0750000e+02;1.5472265e-01;1.0750000e+02;1.8196273e-01;1.0750000e+02;2.1049331e-01;1.0750000e+02;2.2676671e-01;1.0750000e+02;2.1529262e-01;1.0750000e+02;1.8123683e-01;1.0750000e+02;1.3333635e-01;1.0750000e+02;8.3690204e-02;1.0750000e+02;3.8645819e-02;1.0750000e+02;-5.6756288e-03;1.0750000e+02;-1.9016117e-04;1.0750000e+02;1.1210347e-02;1.0750000e+02;2.8429013e-02;1.0750000e+02;4.8750639e-02;1.0750000e+02;7.1091674e-02;1.0750000e+02;9.2782542e-02;1.0750000e+02;1.1331841e-01;1.0750000e+02;1.3355045e-01;1.0750000e+02;1.5472265e-01;1.0750000e+02;1.8196273e-01;1.0750000e+02;2.1049331e-01;1.0750000e+02;2.2676671e-01;1.0750000e+02;2.1529262e-01;1.0750000e+02;1.8123683e-01;1.0750000e+02;1.3333635e-01;1.0750000e+02;8.3690204e-02;1.0750000e+02;3.8645819e-02;1.0750000e+02;-5.6756288e-03;1.0750000e+02;-1.9016117e-04;1.0750000e+02;1.1210347e-02;1.0750000e+02;2.8429013e-02;1.0750000e+02;4.8750639e-02;1.0750000e+02;7.1091674e-02;1.0750000e+02;9.2782542e-02;1.0750000e+02;1.1331841e-01;1.0750000e+02;1.3355045e-01;1.0750000e+02;1.5472265e-01;1.0750000e+02;1.8196273e-01;1.0750000e+02;2.1049331e-01;1.0750000e+02;2.2676671e-01;1.0750000e+02;2.1529262e-01;1.0750000e+02;1.8123683e-01;1.0750000e+02;1.3333635e-01;1.0750000e+02;8.3690204e-02;1.0750000e+02;3.8645819e-02;1.0750000e+02;-5.6756288e-03;1.0750000e+02;-1.9016117e-04;1.0750000e+02;1.1210347e-02;1.0750000e+02;2.8429013e-02;1.0750000e+02;4.8750639e-02;1.0750000e+02;7.1091674e-02;1.0750000e+02;9.2782542e-02;1.0750000e+02;1.1331841e-01;1.0750000e+02;1.3355045e-01;1.0750000e+02;1.5472265e-01;1.0750000e+02;1.8196273e-01;1.0750000e+02;2.1049331e-01;1.0750000e+02;2.2676671e-01;1.0750000e+02;2.1529262e-01;1.0750000e+02;1.8123683e-01;1.0750000e+02;1.3333635e-01;1.0750000e+02;8.3690204e-02;1.0750000e+02;3.8645819e-02;1.0750000e+02;-5.6756288e-03;1.0750000e+02;-1.9016117e-04;1.0750000e+02;1.1210347e-02;1.0750000e+02;2.8429013e-02;1.0750000e+02;4.8750639e-02;1.0750000e+02;7.1091674e-02;1.0750000e+02;9.2782542e-02;1.0750000e+02;1.1331841e-01;1.0750000e+02;1.3355045e-01;1.0750000e+02;1.5472265e-01;1.0750000e+02;1.8196273e-01;1.0750000e+02;2.1049331e-01;1.0750000e+02;2.2676671e-01;1.0750000e+02;2.1529262e-01;1.0750000e+02;1.8123683e-01;1.0750000e+02;1.3333635e-01;1.0750000e+02;8.3690204e-02;1.0750000e+02;3.8645819e-02;1.0750000e+02;-5.6756288e-03;1.0750000e+02;-1.9016117e-04;1.0750000e+02;1.1210347e-02;1.0750000e+02;2.8429013e-02;1.0750000e+02;4.8750639e-02;1.0750000e+02;7.1091674e-02;1.0750000e+02;9.2782542e-02;1.0750000e+02;1.1331841e-01;1.0750000e+02;1.3355045e-01;1.0750000e+02;1.5472265e-01;1.0750000e+02;1.8196273e-01;1.0750000e+02;2.1049331e-01;1.0750000e+02;2.2676671e-01;1.0750000e+02;2.1529262e-01;1.0750000e+02;1.8123683e-01;1.0750000e+02;1.3333635e-01;1.0750000e+02;8.3690204e-02;1.0750000e+02;3.8645819e-02;1.0750000e+02;-5.6756288e-03;1.0750000e+02;-1.9016117e-04;1.0750000e+02;1.1210347e-02;1.0750000e+02;2.8429013e-02;1.0750000e+02;4.8750639e-02;1.0750000e+02;7.1091674e-02;1.0750000e+02;9.2782542e-02;1.0750000e+02;1.1331841e-01;1.0750000e+02;1.3355045e-01;1.0750000e+02;1.5472265e-01;1.0750000e+02;1.8196273e-01;1.0750000e+02;2.1049331e-01;1.0750000e+02;2.2676671e-01;1.0750000e+02;2.1529262e-01;1.0750000e+02;1.8123683e-01;1.0750000e+02;1.3333635e-01;1.0750000e+02;8.3690204e-02;1.0750000e+02;3.8645819e-02;1.0750000e+02;-5.6756288e-03;1.0750000e+02;-1.9016117e-04;1.0750000e+02;1.1210347e-02;1.0750000e+02;2.8429013e-02;1.0750000e+02;4.8750639e-02;1.0750000e+02;7.1091674e-02;1.0750000e+02;9.2782542e-02;1.0750000e+02;1.1331841e-01;1.0750000e+02;1.3355045e-01;1.0750000e+02;1.5472265e-01;1.0750000e+02;1.8196273e-01;1.0750000e+02;2.1049331e-01;1.0750000e+02;2.2676671e-01;1.0750000e+02;2.1529262e-01;1.0750000e+02;1.8123683e-01;1.0750000e+02;1.3333635e-01;1.0750000e+02;8.3690204e-02;1.0750000e+02;3.8645819e-02;1.0750000e+02;-5.6756288e-03;1.0750000e+02;-1.9016117e-04;1.0750000e+02;1.1210347e-02;1.0750000e+02;2.8429013e-02;1.0750000e+02;4.8750639e-02;1.0750000e+02;7.1091674e-02;1.0750000e+02;9.2782542e-02;1.0750000e+02;1.1331841e-01;1.0750000e+02;1.3355045e-01;1.0750000e+02;1.5472265e-01;1.0750000e+02;1.8196273e-01;1.0750000e+02;2.1049331e-01;1.0750000e+02;2.2676671e-01;1.0750000e+02;2.1529262e-01;1.0750000e+02;1.8123683e-01;1.0750000e+02;1.3333635e-01;1.0750000e+02;8.3690204e-02;1.0750000e+02;3.8645819e-02;1.0750000e+02;-5.6756288e-03;1.0750000e+02;-1.9016117e-04;1.0750000e+02;1.1210347e-02;1.0750000e+02;2.8429013e-02;1.0750000e+02;4.8750639e-02;1.0750000e+02;7.1091674e-02;1.0750000e+02;9.2782542e-02;1.0750000e+02;1.1331841e-01;1.0750000e+02;1.3355045e-01;1.0750000e+02;1.5472265e-01;1.0750000e+02;1.8196273e-01;1.0750000e+02;2.1049331e-01;1.0750000e+02;2.2676671e-01;1.0750000e+02;2.1529262e-01;1.0750000e+02;1.8123683e-01;1.0750000e+02;1.3333635e-01;1.0750000e+02;8.3690204e-02;1.0750000e+02;3.8645819e-02;1.0750000e+02;-5.6756288e-03;1.0750000e+02;-1.9016117e-04;1.0750000e+02;1.1210347e-02;1.0750000e+02;2.8429013e-02;1.0750000e+02;4.8750639e-02;1.0750000e+02;7.1091674e-02;1.0750000e+02;9.2782542e-02;1.0750000e+02;1.1331841e-01;1.0750000e+02;1.3355045e-01;1.0750000e+02;1.5472265e-01;1.0750000e+02;1.8196273e-01;1.0750000e+02;2.1049331e-01;1.0750000e+02;2.2676671e-01;1.0750000e+02;2.1529262e-01;1.0750000e+02;1.8123683e-01;1.0750000e+02;1.3333635e-01;1.0750000e+02;8.3690204e-02;1.0750000e+02;3.8645819e-02;1.0750000e+02;-5.6756288e-03;1.0750000e+02;-1.9016117e-04;1.0750000e+02;1.1210347e-02;1.0750000e+02;2.8429013e-02;1.0750000e+02;4.8750639e-02;1.0750000e+02;7.1091674e-02;1.0750000e+02;9.2782542e-02;1.0750000e+02;1.1331841e-01;1.0750000e+02;1.3355045e-01;1.0750000e+02;1.5472265e-01;1.0750000e+02;1.8196273e-01;1.0750000e+02;2.1049331e-01;1.0750000e+02;2.2676671e-01;1.0750000e+02;2.1529262e-01;1.0750000e+02;1.8123683e-01;1.0750000e+02;1.3333635e-01;1.0750000e+02;8.3690204e-02;1.0750000e+02;3.8645819e-02;1.0750000e+02;-5.6756288e-03;1.0750000e+02;-1.9016117e-04;1.0750000e+02;1.1210347e-02;1.0750000e+02;2.8429013e-02;1.0750000e+02;4.8750639e-02;1.0750000e+02;7.1091674e-02;1.0750000e+02;9.2782542e-02;1.0750000e+02;1.1331841e-01;1.0750000e+02;1.3355045e-01;1.0750000e+02;1.5472265e-01;1.0750000e+02;1.8196273e-01;1.0750000e+02;2.1049331e-01;1.0750000e+02;2.2676671e-01;1.0750000e+02;2.1529262e-01;1.0750000e+02;1.8123683e-01;1.0750000e+02;1.3333635e-01;1.0750000e+02;8.3690204e-02;1.0750000e+02;3.8645819e-02;1.0750000e+02;-5.6756288e-03;1.0750000e+02;-1.9016117e-04;1.0750000e+02;1.1210347e-02;1.0750000e+02;2.8429013e-02;1.0750000e+02;4.8750639e-02;1.0750000e+02;7.1091674e-02;1.0750000e+02;9.2782542e-02;1.0750000e+02;1.1331841e-01;1.0750000e+02;1.3355045e-01;1.0750000e+02;1.5472265e-01;1.0750000e+02;1.8196273e-01;1.0750000e+02;2.1049331e-01;1.0750000e+02;2.2676671e-01;1.0750000e+02;2.1529262e-01;1.0750000e+02;1.8123683e-01;1.0750000e+02;1.3333635e-01;1.0750000e+02;8.3690204e-02;1.0750000e+02;3.8645819e-02;1.0750000e+02;-5.6756288e-03;1.0750000e+02;-1.9016117e-04;1.0750000e+02;1.1210347e-02;1.0750000e+02;2.8429013e-02;1.0750000e+02;4.8750639e-02;1.0750000e+02;7.1091674e-02;1.0750000e+02;9.2782542e-02;1.0750000e+02;1.1331841e-01;1.0750000e+02;1.3355045e-01;1.0750000e+02;1.5472265e-01;1.0750000e+02;1.8196273e-01;1.0750000e+02;2.1049331e-01;1.0750000e+02;2.2676671e-01;1.0750000e+02;2.1529262e-01;1.0750000e+02;1.8123683e-01;1.0750000e+02;1.3333635e-01;1.0750000e+02;8.3690204e-02;1.0750000e+02;3.8645819e-02;1.0750000e+02;-5.6756288e-03;1.0750000e+02;-1.9016117e-04;1.0750000e+02;1.1210347e-02;1.0750000e+02;2.8429013e-02;1.0750000e+02;4.8750639e-02;1.0750000e+02;7.1091674e-02;1.0750000e+02;9.2782542e-02;1.0750000e+02;1.1331841e-01;1.0750000e+02;1.3355045e-01;1.0750000e+02;1.5472265e-01;1.0750000e+02;1.8196273e-01;1.0750000e+02;2.1049331e-01;1.0750000e+02;2.2676671e-01;1.0750000e+02;2.1529262e-01;1.0750000e+02;1.8123683e-01;1.0750000e+02;1.3333635e-01;1.0750000e+02;8.3690204e-02;1.0750000e+02;3.8645819e-02;1.0750000e+02;-5.6756288e-03;1.0750000e+02;-1.9016117e-04;1.0750000e+02;1.1210347e-02;1.0750000e+02;2.8429013e-02;1.0750000e+02;4.8750639e-02;1.0750000e+02;7.1091674e-02;1.0750000e+02;9.2782542e-02;1.0750000e+02;1.1331841e-01;1.0750000e+02;1.3355045e-01;1.0750000e+02;1.5472265e-01;1.0750000e+02;1.8196273e-01;1.0750000e+02;2.1049331e-01;1.0750000e+02;2.2676671e-01;1.0750000e+02;2.1529262e-01;1.0750000e+02;1.8123683e-01;1.0750000e+02;1.3333635e-01;1.0750000e+02;8.3690204e-02;1.0750000e+02;3.8645819e-02;1.0750000e+02;-5.6756288e-03;1.0750000e+02;-1.9016117e-04;1.0750000e+02;1.1210347e-02;1.0750000e+02;2.8429013e-02;1.0750000e+02;4.8750639e-02;1.0750000e+02;7.1091674e-02;1.0750000e+02;9.2782542e-02;1.0750000e+02;1.1331841e-01;1.0750000e+02;1.3355045e-01;1.0750000e+02;1.5472265e-01;1.0750000e+02;1.8196273e-01;1.0750000e+02;2.1049331e-01;1.0750000e+02;2.2676671e-01;1.0750000e+02;2.1529262e-01;1.0750000e+02;1.8123683e-01;1.0750000e+02;1.3333635e-01;1.0750000e+02;8.3690204e-02;1.0750000e+02;3.8645819e-02;1.0750000e+02;-5.6756288e-03;1.0750000e+02;-1.9016117e-04;1.0750000e+02;1.1210347e-02;1.0750000e+02;2.8429013e-02;1.0750000e+02;4.8750639e-02;1.0750000e+02;7.1091674e-02;1.0750000e+02;9.2782542e-02;1.0750000e+02;1.1331841e-01;1.0750000e+02;1.3355045e-01;1.0750000e+02;1.5472265e-01;1.0750000e+02;1.8196273e-01;1.0750000e+02;2.1049331e-01;1.0750000e+02;2.2676671e-01;1.0750000e+02;2.1529262e-01;1.0750000e+02;1.8123683e-01;1.0750000e+02;1.3333635e-01;1.0750000e+02;8.3690204e-02;1.0750000e+02;3.8645819e-02;1.0750000e+02;-5.6756288e-03;1.0750000e+02;-1.9016117e-04;1.0750000e+02;1.1210347e-02;1.0750000e+02;2.8429013e-02;1.0750000e+02;4.8750639e-02;1.0750000e+02;7.1091674e-02;1.0750000e+02;9.2782542e-02;1.0750000e+02;1.1331841e-01;1.0750000e+02;1.3355045e-01;1.0750000e+02;1.5472265e-01;1.0750000e+02;1.8196273e-01;1.0750000e+02;2.1049331e-01;1.0750000e+02;2.2676671e-01;1.0750000e+02;2.1529262e-01;1.0750000e+02;1.8123683e-01;1.0750000e+02;1.3333635e-01;1.0750000e+02;8.3690204e-02;1.0750000e+02;3.8645819e-02;1.0750000e+02;-5.6756288e-03;1.0750000e+02;-1.9016117e-04;1.0750000e+02;1.1210347e-02;1.0750000e+02;2.8429013e-02;1.0750000e+02;4.8750639e-02;1.0750000e+02;7.1091674e-02;1.0750000e+02;9.2782542e-02;1.0750000e+02;1.1331841e-01;1.0750000e+02;1.3355045e-01;1.0750000e+02;1.5472265e-01;1.0750000e+02;1.8196273e-01;1.0750000e+02;2.1049331e-01;1.0750000e+02;2.2676671e-01;1.0750000e+02;2.1529262e-01;1.0750000e+02;1.8123683e-01;1.0750000e+02;1.3333635e-01;1.0750000e+02;8.3690204e-02;1.0750000e+02;3.8645819e-02;1.0750000e+02;-5.6756288e-03;1.0750000e+02;-1.9016117e-04;1.0750000e+02;1.1210347e-02;1.0750000e+02;2.8429013e-02;1.0750000e+02;4.8750639e-02;1.0750000e+02;7.1091674e-02;1.0750000e+02;9.2782542e-02;1.0750000e+02;1.1331841e-01;1.0750000e+02;1.3355045e-01;1.0750000e+02;1.5472265e-01;1.0750000e+02;1.8196273e-01;1.0750000e+02;2.1049331e-01;1.0750000e+02;2.2676671e-01;1.0750000e+02;2.1529262e-01;1.0750000e+02;1.8123683e-01;1.0750000e+02;1.3333635e-01;1.0750000e+02;8.3690204e-02;1.0750000e+02;3.8645819e-02;1.0750000e+02;-5.6756288e-03;1.0750000e+02;-1.9016117e-04;1.0750000e+02;1.1210347e-02;1.0750000e+02;2.8429013e-02;1.0750000e+02;4.8750639e-02;1.0750000e+02;7.1091674e-02;1.0750000e+02;9.2782542e-02;1.0750000e+02;1.1331841e-01;1.0750000e+02;1.3355045e-01;1.0750000e+02;1.5472265e-01;1.0750000e+02;1.8196273e-01;1.0750000e+02;2.1049331e-01;1.0750000e+02;2.2676671e-01;1.0750000e+02;2.1529262e-01;1.0750000e+02;1.8123683e-01;1.0750000e+02;1.3333635e-01;1.0750000e+02;8.3690204e-02;1.0750000e+02;3.8645819e-02;1.0750000e+02;-5.6756288e-03;1.0750000e+02;-1.9016117e-04;1.0750000e+02;1.1210347e-02;1.0750000e+02;2.8429013e-02;1.0750000e+02;4.8750639e-02;1.0750000e+02;7.1091674e-02;1.0750000e+02;9.2782542e-02;1.0750000e+02;1.1331841e-01;1.0750000e+02;1.3355045e-01;1.0750000e+02;1.5472265e-01;1.0750000e+02;1.8196273e-01;1.0750000e+02;2.1049331e-01;1.0750000e+02;2.2676671e-01;1.0750000e+02;2.1529262e-01;1.0750000e+02;1.8123683e-01;1.0750000e+02;1.3333635e-01;1.0750000e+02;8.3690204e-02;1.0750000e+02;3.8645819e-02;1.0750000e+02;-5.6756288e-03;1.0750000e+02;-1.9016117e-04;1.0750000e+02;1.1210347e-02;1.0750000e+02;2.8429013e-02;1.0750000e+02;4.8750639e-02;1.0750000e+02;7.1091674e-02;1.0750000e+02;9.2782542e-02;1.0750000e+02;1.1331841e-01;1.0750000e+02;1.3355045e-01;1.0750000e+02;1.5472265e-01;1.0750000e+02;1.8196273e-01;1.0750000e+02;2.1049331e-01;1.0750000e+02;2.2676671e-01;1.0750000e+02;2.1529262e-01;1.0750000e+02;1.8123683e-01;1.0750000e+02;1.3333635e-01;1.0750000e+02;8.3690204e-02;1.0750000e+02;3.8645819e-02;1.0750000e+02;-5.6756288e-03;1.0750000e+02;-1.9016117e-04;1.0750000e+02;1.1210347e-02;1.0750000e+02;2.8429013e-02;1.0750000e+02;4.8750639e-02;1.0750000e+02;7.1091674e-02;1.0750000e+02;9.2782542e-02;1.0750000e+02;1.1331841e-01;1.0750000e+02;1.3355045e-01;1.0750000e+02;1.5472265e-01;1.0750000e+02;1.8196273e-01;1.0750000e+02;2.1049331e-01;1.0750000e+02;2.2676671e-01;1.0750000e+02;2.1529262e-01;1.0750000e+02;1.8123683e-01;1.0750000e+02;1.3333635e-01;1.0750000e+02;8.3690204e-02;1.0750000e+02;3.8645819e-02;1.0750000e+02;-5.6756288e-03;1.0750000e+02;-1.9016117e-04;1.0750000e+02;1.1210347e-02;1.0750000e+02;2.8429013e-02;1.0750000e+02;4.8750639e-02;1.0750000e+02;7.1091674e-02;1.0750000e+02;9.2782542e-02;1.0750000e+02;1.1331841e-01;1.0750000e+02;1.3355045e-01;1.0750000e+02;1.5472265e-01;1.0750000e+02;1.8196273e-01;1.0750000e+02;2.1049331e-01;1.0750000e+02;2.2676671e-01;1.0750000e+02;2.1529262e-01;1.0750000e+02;1.8123683e-01;1.0750000e+02;1.3333635e-01;1.0750000e+02;8.3690204e-02;1.0750000e+02;3.8645819e-02;1.0750000e+02;-5.6756288e-03;1.0750000e+02;-1.9016117e-04;1.0750000e+02;1.1210347e-02;1.0750000e+02;2.8429013e-02;1.0750000e+02;4.8750639e-02;1.0750000e+02;7.1091674e-02;1.0750000e+02;9.2782542e-02;1.0750000e+02;1.1331841e-01;1.0750000e+02;1.3355045e-01;1.0750000e+02;1.5472265e-01;1.0750000e+02;1.8196273e-01;1.0750000e+02;2.1049331e-01;1.0750000e+02;2.2676671e-01;1.0750000e+02;2.1529262e-01;1.0750000e+02;1.8123683e-01;1.0750000e+02;1.3333635e-01;1.0750000e+02;8.3690204e-02;1.0750000e+02;3.8645819e-02;1.0750000e+02;-5.6756288e-03;1.0750000e+02;-1.9016117e-04;1.0750000e+02;1.1210347e-02;1.0750000e+02;2.8429013e-02;1.0750000e+02;4.8750639e-02;1.0750000e+02;7.1091674e-02;1.0750000e+02;9.2782542e-02;1.0750000e+02;1.1331841e-01;1.0750000e+02;1.3355045e-01;1.0750000e+02;1.5472265e-01;1.0750000e+02;1.8196273e-01;1.0750000e+02;2.1049331e-01;1.0750000e+02;2.2676671e-01;1.0750000e+02;2.1529262e-01;1.0750000e+02;1.8123683e-01;1.0750000e+02;1.3333635e-01;1.0750000e+02;8.3690204e-02;1.0750000e+02;3.8645819e-02;1.0750000e+02;-5.6756288e-03;1.0750000e+02;-1.9016117e-04;1.0750000e+02;1.1210347e-02;1.0750000e+02;2.8429013e-02;1.0750000e+02;4.8750639e-02;1.0750000e+02;7.1091674e-02;1.0750000e+02;9.2782542e-02;1.0750000e+02;1.1331841e-01;1.0750000e+02;1.3355045e-01;1.0750000e+02;1.5472265e-01;1.0750000e+02;1.8196273e-01;1.0750000e+02;2.1049331e-01;1.0750000e+02;2.2676671e-01;1.0750000e+02;2.1529262e-01;1.0750000e+02;1.8123683e-01;1.0750000e+02;1.3333635e-01;1.0750000e+02;8.3690204e-02;1.0750000e+02;3.8645819e-02;1.0750000e+02;-5.6756288e-03;1.0750000e+02;-1.9016117e-04;1.0750000e+02;1.1210347e-02;1.0750000e+02;2.8429013e-02;1.0750000e+02;4.8750639e-02;1.0750000e+02;7.1091674e-02;1.0750000e+02;9.2782542e-02;1.0750000e+02;1.1331841e-01;1.0750000e+02;1.3355045e-01;1.0750000e+02;1.5472265e-01;1.0750000e+02;1.8196273e-01;1.0750000e+02;2.1049331e-01;1.0750000e+02;2.2676671e-01;1.0750000e+02;2.1529262e-01;1.0750000e+02;1.8123683e-01;1.0750000e+02;1.3333635e-01;1.0750000e+02;8.3690204e-02;1.0750000e+02;3.8645819e-02;1.0750000e+02;-5.6756288e-03;1.0750000e+02;-1.9016117e-04;1.0750000e+02;1.1210347e-02;1.0750000e+02;2.8429013e-02;1.0750000e+02;4.8750639e-02;1.0750000e+02;7.1091674e-02;1.0750000e+02;9.2782542e-02;1.0750000e+02;1.1331841e-01;1.0750000e+02;1.3355045e-01;1.0750000e+02;1.5472265e-01;1.0750000e+02;1.8196273e-01;1.0750000e+02;2.1049331e-01;1.0750000e+02;2.2676671e-01;1.0750000e+02;2.1529262e-01;1.0750000e+02;1.8123683e-01;1.0750000e+02;1.3333635e-01;1.0750000e+02;8.3690204e-02;1.0750000e+02;3.8645819e-02;1.0750000e+02;-5.6756288e-03;1.0750000e+02;-1.9016117e-04;1.0750000e+02;1.1210347e-02;1.0750000e+02;2.8429013e-02;1.0750000e+02;4.8750639e-02;1.0750000e+02;7.1091674e-02;1.0750000e+02;9.2782542e-02;1.0750000e+02;1.1331841e-01;1.0750000e+02;1.3355045e-01;1.0750000e+02;1.5472265e-01;1.0750000e+02;1.8196273e-01;1.0750000e+02;2.1049331e-01;1.0750000e+02;2.2676671e-01;1.0750000e+02;2.1529262e-01;1.0750000e+02;1.8123683e-01;1.0750000e+02;1.3333635e-01;1.0750000e+02;8.3690204e-02;1.0750000e+02;3.8645819e-02;1.0750000e+02;-5.6756288e-03;1.0750000e+02;-1.9016117e-04;1.0750000e+02;1.1210347e-02;1.0750000e+02;2.8429013e-02;1.0750000e+02;4.8750639e-02;1.0750000e+02;7.1091674e-02;1.0750000e+02;9.2782542e-02;1.0750000e+02;1.1331841e-01;1.0750000e+02;1.3355045e-01;1.0750000e+02;1.5472265e-01;1.0750000e+02;1.8196273e-01;1.0750000e+02;2.1049331e-01;1.0750000e+02;2.2676671e-01;1.0750000e+02;2.1529262e-01;1.0750000e+02;1.8123683e-01;1.0750000e+02;1.3333635e-01;1.0750000e+02;8.3690204e-02;1.0750000e+02;3.8645819e-02;1.0750000e+02;-5.6756288e-03;1.0750000e+02;-1.9016117e-04;1.0750000e+02;1.1210347e-02;1.0750000e+02;2.8429013e-02;1.0750000e+02;4.8750639e-02;1.0750000e+02;7.1091674e-02;1.0750000e+02;9.2782542e-02;1.0750000e+02;1.1331841e-01;1.0750000e+02;1.3355045e-01;1.0750000e+02;1.5472265e-01;1.0750000e+02;1.8196273e-01;1.0750000e+02;2.1049331e-01;1.0750000e+02;2.2676671e-01;1.0750000e+02;2.1529262e-01;1.0750000e+02;1.8123683e-01;1.0750000e+02;1.3333635e-01;1.0750000e+02;8.3690204e-02;1.0750000e+02;3.8645819e-02;1.0750000e+02;-5.6756288e-03;1.0750000e+02;-1.9016117e-04;1.0750000e+02;1.1210347e-02;1.0750000e+02;2.8429013e-02;1.0750000e+02;4.8750639e-02;1.0750000e+02;7.1091674e-02;1.0750000e+02;9.2782542e-02;1.0750000e+02;1.1331841e-01;1.0750000e+02;1.3355045e-01;1.0750000e+02;1.5472265e-01;1.0750000e+02;1.8196273e-01;1.0750000e+02;2.1049331e-01;1.0750000e+02;2.2676671e-01;1.0750000e+02;2.1529262e-01;1.0750000e+02;1.8123683e-01;1.0750000e+02;1.3333635e-01;1.0750000e+02;8.3690204e-02;1.0750000e+02;3.8645819e-02;1.0750000e+02;-5.6756288e-03;1.0750000e+02;-1.9016117e-04;1.0750000e+02;1.1210347e-02;1.0750000e+02;2.8429013e-02;1.0750000e+02;4.8750639e-02;1.0750000e+02;7.1091674e-02;1.0750000e+02;9.2782542e-02;1.0750000e+02;1.1331841e-01;1.0750000e+02;1.3355045e-01;1.0750000e+02;1.5472265e-01;1.0750000e+02;1.8196273e-01;1.0750000e+02;2.1049331e-01;1.0750000e+02;2.2676671e-01;1.0750000e+02;2.1529262e-01;1.0750000e+02;1.8123683e-01;1.0750000e+02;1.3333635e-01;1.0750000e+02;8.3690204e-02;1.0750000e+02;3.8645819e-02;1.0750000e+02;-5.6756288e-03;1.0750000e+02;-1.9016117e-04;1.0750000e+02;1.1210347e-02;1.0750000e+02;2.8429013e-02;1.0750000e+02;4.8750639e-02;1.0750000e+02;7.1091674e-02;1.0750000e+02;9.2782542e-02;1.0750000e+02;1.1331841e-01;1.0750000e+02;1.3355045e-01;1.0750000e+02;1.5472265e-01;1.0750000e+02;1.8196273e-01;1.0750000e+02;2.1049331e-01;1.0750000e+02;2.2676671e-01;1.0750000e+02;2.1529262e-01;1.0750000e+02;1.8123683e-01;1.0750000e+02;1.3333635e-01;1.0750000e+02;8.3690204e-02;1.0750000e+02;3.8645819e-02;1.0750000e+02;-5.6756288e-03;1.0750000e+02;-1.9016117e-04;1.0750000e+02;1.1210347e-02;1.0750000e+02;2.8429013e-02;1.0750000e+02;4.8750639e-02;1.0750000e+02;7.1091674e-02;1.0750000e+02;9.2782542e-02;1.0750000e+02;1.1331841e-01;1.0750000e+02;1.3355045e-01;1.0750000e+02;1.5472265e-01;1.0750000e+02;1.8196273e-01;1.0750000e+02;2.1049331e-01;1.0750000e+02;2.2676671e-01;1.0750000e+02;2.1529262e-01;1.0750000e+02;1.8123683e-01;1.0750000e+02;1.3333635e-01;1.0750000e+02;8.3690204e-02;1.0750000e+02;3.8645819e-02;1.0750000e+02;-5.6756288e-03;1.0750000e+02;-1.9016117e-04;1.0750000e+02;1.1210347e-02;1.0750000e+02;2.8429013e-02;1.0750000e+02;4.8750639e-02;1.0750000e+02;7.1091674e-02;1.0750000e+02;9.2782542e-02;1.0750000e+02;1.1331841e-01;1.0750000e+02;1.3355045e-01;1.0750000e+02;1.5472265e-01;1.0750000e+02;1.8196273e-01;1.0750000e+02;2.1049331e-01;1.0750000e+02;2.2676671e-01;1.0750000e+02;2.1529262e-01;1.0750000e+02;1.8123683e-01;1.0750000e+02;1.3333635e-01;1.0750000e+02;8.3690204e-02;1.0750000e+02;3.8645819e-02;1.0750000e+02;-5.6756288e-03;1.0750000e+02;-1.9016117e-04;1.0750000e+02;1.1210347e-02;1.0750000e+02;2.8429013e-02;1.0750000e+02;4.8750639e-02;1.0750000e+02;7.1091674e-02;1.0750000e+02;9.2782542e-02;1.0750000e+02;1.1331841e-01;1.0750000e+02;1.3355045e-01;1.0750000e+02;1.5472265e-01;1.0750000e+02;1.8196273e-01;1.0750000e+02;2.1049331e-01;1.0750000e+02;2.2676671e-01;1.0750000e+02;2.1529262e-01;1.0750000e+02;1.8123683e-01;1.0750000e+02;1.3333635e-01;1.0750000e+02;8.3690204e-02;1.0750000e+02;3.8645819e-02;1.0750000e+02;-5.6756288e-03;1.0750000e+02;-1.9016117e-04;1.0750000e+02;1.1210347e-02;1.0750000e+02;2.8429013e-02;1.0750000e+02;4.8750639e-02;1.0750000e+02;7.1091674e-02;1.0750000e+02;9.2782542e-02;1.0750000e+02;1.1331841e-01;1.0750000e+02;1.3355045e-01;1.0750000e+02;1.5472265e-01;1.0750000e+02;1.8196273e-01;1.0750000e+02;2.1049331e-01;1.0750000e+02;2.2676671e-01;1.0750000e+02;2.1529262e-01;1.0750000e+02;1.8123683e-01;1.0750000e+02;1.3333635e-01;1.0750000e+02;8.3690204e-02;1.0750000e+02;3.8645819e-02;1.0750000e+02;-5.6756288e-03;1.0750000e+02;-1.9016117e-04;1.0750000e+02;1.1210347e-02;1.0750000e+02;2.8429013e-02;1.0750000e+02;4.8750639e-02;1.0750000e+02;7.1091674e-02;1.0750000e+02;9.2782542e-02;1.0750000e+02;1.1331841e-01;1.0750000e+02;1.3355045e-01;1.0750000e+02;1.5472265e-01;1.0750000e+02;1.8196273e-01;1.0750000e+02;2.1049331e-01;1.0750000e+02;2.2676671e-01;1.0750000e+02;2.1529262e-01;1.0750000e+02;1.8123683e-01;1.0750000e+02;1.3333635e-01;1.0750000e+02;8.3690204e-02;1.0750000e+02;3.8645819e-02;1.0750000e+02;-5.6756288e-03;1.0750000e+02;-1.9016117e-04;1.0750000e+02;1.1210347e-02;1.0750000e+02;2.8429013e-02;1.0750000e+02;4.8750639e-02;1.0750000e+02;7.1091674e-02;1.0750000e+02;9.2782542e-02;1.0750000e+02;1.1331841e-01;1.0750000e+02;1.3355045e-01;1.0750000e+02;1.5472265e-01;1.0750000e+02;1.8196273e-01;1.0750000e+02;2.1049331e-01;1.0750000e+02;2.2676671e-01;1.0750000e+02;2.1529262e-01;1.0750000e+02;1.8123683e-01;1.0750000e+02;1.3333635e-01;1.0750000e+02;8.3690204e-02;1.0750000e+02;3.8645819e-02;1.0750000e+02;-5.6756288e-03;1.0750000e+02;-1.9016117e-04;1.0750000e+02;1.1210347e-02;1.0750000e+02;2.8429013e-02;1.0750000e+02;4.8750639e-02;1.0750000e+02;7.1091674e-02;1.0750000e+02;9.2782542e-02;1.0750000e+02;1.1331841e-01;1.0750000e+02;1.3355045e-01;1.0750000e+02;1.5472265e-01;1.0750000e+02;1.8196273e-01;1.0750000e+02;2.1049331e-01;1.0750000e+02;2.2676671e-01;1.0750000e+02;2.1529262e-01;1.0750000e+02;1.8123683e-01;1.0750000e+02;1.3333635e-01;1.0750000e+02;8.3690204e-02;1.0750000e+02;3.8645819e-02;1.0750000e+02;-5.6756288e-03;1.0750000e+02;-1.9016117e-04;1.0750000e+02;1.1210347e-02;1.0750000e+02;2.8429013e-02;1.0750000e+02;4.8750639e-02;1.0750000e+02;7.1091674e-02;1.0750000e+02;9.2782542e-02;1.0750000e+02;1.1331841e-01;1.0750000e+02;1.3355045e-01;1.0750000e+02;1.5472265e-01;1.0750000e+02;1.8196273e-01;1.0750000e+02;2.1049331e-01;1.0750000e+02;2.2676671e-01;1.0750000e+02;2.1529262e-01;1.0750000e+02;1.8123683e-01;1.0750000e+02;1.3333635e-01;1.0750000e+02;8.3690204e-02;1.0750000e+02;3.8645819e-02;1.0750000e+02;-5.6756288e-03;1.0750000e+02;-1.9016117e-04;1.0750000e+02;1.1210347e-02;1.0750000e+02;2.8429013e-02;1.0750000e+02;4.8750639e-02;1.0750000e+02;7.1091674e-02;1.0750000e+02;9.2782542e-02;1.0750000e+02;1.1331841e-01;1.0750000e+02;1.3355045e-01;1.0750000e+02;1.5472265e-01;1.0750000e+02;1.8196273e-01;1.0750000e+02;2.1049331e-01;1.0750000e+02;2.2676671e-01;1.0750000e+02;2.1529262e-01;1.0750000e+02;1.8123683e-01;1.0750000e+02;1.3333635e-01;1.0750000e+02;8.3690204e-02;1.0750000e+02;3.8645819e-02;1.0750000e+02;-5.6756288e-03;1.0750000e+02;-1.9016117e-04;1.0750000e+02;1.1210347e-02;1.0750000e+02;2.8429013e-02;1.0750000e+02;4.8750639e-02;1.0750000e+02;7.1091674e-02;1.0750000e+02;9.2782542e-02;1.0750000e+02;1.1331841e-01;1.0750000e+02;1.3355045e-01;1.0750000e+02;1.5472265e-01;1.0750000e+02;1.8196273e-01;1.0750000e+02;2.1049331e-01;1.0750000e+02;2.2676671e-01;1.0750000e+02;2.1529262e-01;1.0750000e+02;1.8123683e-01;1.0750000e+02;1.3333635e-01;1.0750000e+02;8.3690204e-02;1.0750000e+02;3.8645819e-02;1.0750000e+02;-5.6756288e-03;1.0750000e+02;-1.9016117e-04;1.0750000e+02;1.1210347e-02;1.0750000e+02;2.8429013e-02;1.0750000e+02;4.8750639e-02;1.0750000e+02;7.1091674e-02;1.0750000e+02;9.2782542e-02;1.0750000e+02;1.1331841e-01;1.0750000e+02;1.3355045e-01;1.0750000e+02;1.5472265e-01;1.0750000e+02;1.8196273e-01;1.0750000e+02;2.1049331e-01;1.0750000e+02;2.2676671e-01;1.0750000e+02;2.1529262e-01;1.0750000e+02;1.8123683e-01;1.0750000e+02;1.3333635e-01;1.0750000e+02;8.3690204e-02;1.0750000e+02;3.8645819e-02;1.0750000e+02;-5.6756288e-03;1.0750000e+02;-1.9016117e-04;1.0750000e+02;1.1210347e-02;1.0750000e+02;2.8429013e-02;1.0750000e+02;4.8750639e-02;1.0750000e+02;7.1091674e-02;1.0750000e+02;9.2782542e-02;1.0750000e+02;1.1331841e-01;1.0750000e+02;1.3355045e-01;1.0750000e+02;1.5472265e-01;1.0750000e+02;1.8196273e-01;1.0750000e+02;2.1049331e-01;1.0750000e+02;2.2676671e-01;1.0750000e+02;2.1529262e-01;1.0750000e+02;1.8123683e-01;1.0750000e+02;1.3333635e-01;1.0750000e+02;8.3690204e-02;1.0750000e+02;3.8645819e-02;1.0750000e+02;-5.6756288e-03;1.0750000e+02;-1.9016117e-04;1.0750000e+02;1.1210347e-02;1.0750000e+02;2.8429013e-02;1.0750000e+02;4.8750639e-02;1.0750000e+02;7.1091674e-02;1.0750000e+02;9.2782542e-02;1.0750000e+02;1.1331841e-01;1.0750000e+02;1.3355045e-01;1.0750000e+02;1.5472265e-01;1.0750000e+02;1.8196273e-01;1.0750000e+02;2.1049331e-01;1.0750000e+02;2.2676671e-01;1.0750000e+02;2.1529262e-01;1.0750000e+02;1.8123683e-01;1.0750000e+02;1.3333635e-01;1.0750000e+02;8.3690204e-02;1.0750000e+02;3.8645819e-02;1.0750000e+02;-5.6756288e-03;1.0750000e+02;-1.9016117e-04;1.0750000e+02;1.1210347e-02;1.0750000e+02;2.8429013e-02;1.0750000e+02;4.8750639e-02;1.0750000e+02;7.1091674e-02;1.0750000e+02;9.2782542e-02;1.0750000e+02;1.1331841e-01;1.0750000e+02;1.3355045e-01;1.0750000e+02;1.5472265e-01;1.0750000e+02;1.8196273e-01;1.0750000e+02;2.1049331e-01;1.0750000e+02;2.2676671e-01;1.0750000e+02;2.1529262e-01;1.0750000e+02;1.8123683e-01;1.0750000e+02;1.3333635e-01;1.0750000e+02;8.3690204e-02;1.0750000e+02;3.8645819e-02;1.0750000e+02;-5.6756288e-03;1.0750000e+02;-1.9016117e-04;1.0750000e+02;1.1210347e-02;1.0750000e+02;2.8429013e-02;1.0750000e+02;4.8750639e-02;1.0750000e+02;7.1091674e-02;1.0750000e+02;9.2782542e-02;1.0750000e+02;1.1331841e-01;1.0750000e+02;1.3355045e-01;1.0750000e+02;1.5472265e-01;1.0750000e+02;1.8196273e-01;1.0750000e+02;2.1049331e-01;1.0750000e+02;2.2676671e-01;1.0750000e+02;2.1529262e-01;1.0750000e+02;1.8123683e-01;1.0750000e+02;1.3333635e-01;1.0750000e+02;8.3690204e-02;1.0750000e+02;3.8645819e-02;1.0750000e+02;-5.6756288e-03;1.0750000e+02;-1.9016117e-04;1.0750000e+02;1.1210347e-02;1.0750000e+02;2.8429013e-02;1.0750000e+02;4.8750639e-02;1.0750000e+02;7.1091674e-02;1.0750000e+02;9.2782542e-02;1.0750000e+02;1.1331841e-01;1.0750000e+02;1.3355045e-01;1.0750000e+02;1.5472265e-01;1.0750000e+02;1.8196273e-01;1.0750000e+02;2.1049331e-01;1.0750000e+02;2.2676671e-01;1.0750000e+02;2.1529262e-01;1.0750000e+02;1.8123683e-01;1.0750000e+02;1.3333635e-01;1.0750000e+02;8.3690204e-02;1.0750000e+02;3.8645819e-02;1.0750000e+02;-5.6756288e-03;1.0750000e+02;-1.9016117e-04;1.0750000e+02;1.1210347e-02;1.0750000e+02;2.8429013e-02;1.0750000e+02;4.8750639e-02;1.0750000e+02;7.1091674e-02;1.0750000e+02;9.2782542e-02;1.0750000e+02;1.1331841e-01;1.0750000e+02;1.3355045e-01;1.0750000e+02;1.5472265e-01;1.0750000e+02;1.8196273e-01;1.0750000e+02;2.1049331e-01;1.0750000e+02;2.2676671e-01;1.0750000e+02;2.1529262e-01;1.0750000e+02;1.8123683e-01;1.0750000e+02;1.3333635e-01;1.0750000e+02;8.3690204e-02;1.0750000e+02;3.8645819e-02;1.0750000e+02;-5.6756288e-03;1.0750000e+02;-1.9016117e-04;1.0750000e+02;1.1210347e-02;1.0750000e+02;2.8429013e-02;1.0750000e+02;4.8750639e-02;1.0750000e+02;7.1091674e-02;1.0750000e+02;9.2782542e-02;1.0750000e+02;1.1331841e-01;1.0750000e+02;1.3355045e-01;1.0750000e+02;1.5472265e-01;1.0750000e+02;1.8196273e-01;1.0750000e+02;2.1049331e-01;1.0750000e+02;2.2676671e-01;1.0750000e+02;2.1529262e-01;1.0750000e+02;1.8123683e-01;1.0750000e+02;1.3333635e-01;1.0750000e+02;8.3690204e-02;1.0750000e+02;3.8645819e-02;1.0750000e+02;-5.6756288e-03;1.0750000e+02;-1.9016117e-04;1.0750000e+02;1.1210347e-02;1.0750000e+02;2.8429013e-02;1.0750000e+02;4.8750639e-02;1.0750000e+02;7.1091674e-02;1.0750000e+02;9.2782542e-02;1.0750000e+02;1.1331841e-01;1.0750000e+02;1.3355045e-01;1.0750000e+02;1.5472265e-01;1.0750000e+02;1.8196273e-01;1.0750000e+02;2.1049331e-01;1.0750000e+02;2.2676671e-01;1.0750000e+02;2.1529262e-01;1.0750000e+02;1.8123683e-01;1.0750000e+02;1.3333635e-01;1.0750000e+02;8.3690204e-02;1.0750000e+02;3.8645819e-02;1.0750000e+02;-5.6756288e-03;1.0750000e+02;-1.9016117e-04;1.0750000e+02;1.1210347e-02;1.0750000e+02;2.8429013e-02;1.0750000e+02;4.8750639e-02;1.0750000e+02;7.1091674e-02;1.0750000e+02;9.2782542e-02;1.0750000e+02;1.1331841e-01;1.0750000e+02;1.3355045e-01;1.0750000e+02;1.5472265e-01;1.0750000e+02;1.8196273e-01;1.0750000e+02;2.1049331e-01;1.0750000e+02;2.2676671e-01;1.0750000e+02;2.1529262e-01;1.0750000e+02;1.8123683e-01;1.0750000e+02;1.3333635e-01;1.0750000e+02;8.3690204e-02;1.0750000e+02;3.8645819e-02;1.0750000e+02;-5.6756288e-03;1.0750000e+02;-1.9016117e-04;1.0750000e+02;1.1210347e-02;1.0750000e+02;2.8429013e-02;1.0750000e+02;4.8750639e-02;1.0750000e+02;7.1091674e-02;1.0750000e+02;9.2782542e-02;1.0750000e+02;1.1331841e-01;1.0750000e+02;1.3355045e-01;1.0750000e+02;1.5472265e-01;1.0750000e+02;1.8196273e-01;1.0750000e+02;2.1049331e-01;1.0750000e+02;2.2676671e-01;1.0750000e+02;2.1529262e-01;1.0750000e+02;1.8123683e-01;1.0750000e+02;1.3333635e-01;1.0750000e+02;8.3690204e-02;1.0750000e+02;3.8645819e-02;1.0750000e+02;-5.6756288e-03;1.0750000e+02;-1.9016117e-04;1.0750000e+02;1.1210347e-02;1.0750000e+02;2.8429013e-02;1.0750000e+02;4.8750639e-02;1.0750000e+02;7.1091674e-02;1.0750000e+02;9.2782542e-02;1.0750000e+02;1.1331841e-01;1.0750000e+02;1.3355045e-01;1.0750000e+02;1.5472265e-01;1.0750000e+02;1.8196273e-01;1.0750000e+02;2.1049331e-01;1.0750000e+02;2.2676671e-01;1.0750000e+02;2.1529262e-01;1.0750000e+02;1.8123683e-01;1.0750000e+02;1.3333635e-01;1.0750000e+02;8.3690204e-02;1.0750000e+02;3.8645819e-02;1.0750000e+02;-5.6756288e-03;1.0750000e+02;-1.9016117e-04;1.0750000e+02;1.1210347e-02;1.0750000e+02;2.8429013e-02;1.0750000e+02;4.8750639e-02;1.0750000e+02;7.1091674e-02;1.0750000e+02;9.2782542e-02;1.0750000e+02;1.1331841e-01;1.0750000e+02;1.3355045e-01;1.0750000e+02;1.5472265e-01;1.0750000e+02;1.8196273e-01;1.0750000e+02;2.1049331e-01;1.0750000e+02;2.2676671e-01;1.0750000e+02;2.1529262e-01;1.0750000e+02;1.8123683e-01;1.0750000e+02;1.3333635e-01;1.0750000e+02;8.3690204e-02;1.0750000e+02;3.8645819e-02;1.0750000e+02;-5.6756288e-03;1.0750000e+02;-1.9016117e-04;1.0750000e+02;1.1210347e-02;1.0750000e+02;2.8429013e-02;1.0750000e+02;4.8750639e-02;1.0750000e+02;7.1091674e-02;1.0750000e+02;9.2782542e-02;1.0750000e+02;1.1331841e-01;1.0750000e+02;1.3355045e-01;1.0750000e+02;1.5472265e-01;1.0750000e+02;1.8196273e-01;1.0750000e+02;2.1049331e-01;1.0750000e+02;2.2676671e-01;1.0750000e+02;2.1529262e-01;1.0750000e+02;1.8123683e-01;1.0750000e+02;1.3333635e-01;1.0750000e+02;8.3690204e-02;1.0750000e+02;3.8645819e-02;1.0750000e+02;-5.6756288e-03;1.0750000e+02;-1.9016117e-04;1.0750000e+02;1.1210347e-02;1.0750000e+02;2.8429013e-02;1.0750000e+02;4.8750639e-02;1.0750000e+02;7.1091674e-02;1.0750000e+02;9.2782542e-02;1.0750000e+02;1.1331841e-01;1.0750000e+02;1.3355045e-01;1.0750000e+02;1.5472265e-01;1.0750000e+02;1.8196273e-01;1.0750000e+02;2.1049331e-01;1.0750000e+02;2.2676671e-01;1.0750000e+02;2.1529262e-01;1.0750000e+02;1.8123683e-01;1.0750000e+02;1.3333635e-01;1.0750000e+02;8.3690204e-02;1.0750000e+02;3.8645819e-02;1.0750000e+02;-5.6756288e-03;1.0750000e+02;-1.9016117e-04;1.0750000e+02;1.1210347e-02;1.0750000e+02;2.8429013e-02;1.0750000e+02;4.8750639e-02;1.0750000e+02;7.1091674e-02;1.0750000e+02;9.2782542e-02;1.0750000e+02;1.1331841e-01;1.0750000e+02;1.3355045e-01;1.0750000e+02;1.5472265e-01;1.0750000e+02;1.8196273e-01;1.0750000e+02;2.1049331e-01;1.0750000e+02;2.2676671e-01;1.0750000e+02;2.1529262e-01;1.0750000e+02;1.8123683e-01;1.0750000e+02;1.3333635e-01;1.0750000e+02;8.3690204e-02;1.0750000e+02;3.8645819e-02;1.0750000e+02;-5.6756288e-03;1.0750000e+02;-1.9016117e-04;1.0750000e+02;1.1210347e-02;1.0750000e+02;2.8429013e-02;1.0750000e+02;4.8750639e-02;1.0750000e+02;7.1091674e-02;1.0750000e+02;9.2782542e-02;1.0750000e+02;1.1331841e-01;1.0750000e+02;1.3355045e-01;1.0750000e+02;1.5472265e-01;1.0750000e+02;1.8196273e-01;1.0750000e+02;2.1049331e-01;1.0750000e+02;2.2676671e-01;1.0750000e+02;2.1529262e-01;1.0750000e+02;1.8123683e-01;1.0750000e+02;1.3333635e-01;1.0750000e+02;8.3690204e-02;1.0750000e+02;3.8645819e-02;1.0750000e+02;-5.6756288e-03;1.0750000e+02;-1.9016117e-04;1.0750000e+02;1.1210347e-02;1.0750000e+02;2.8429013e-02;1.0750000e+02;4.8750639e-02;1.0750000e+02;7.1091674e-02;1.0750000e+02;9.2782542e-02;1.0750000e+02;1.1331841e-01;1.0750000e+02;1.3355045e-01;1.0750000e+02;1.5472265e-01;1.0750000e+02;1.8196273e-01;1.0750000e+02;2.1049331e-01;1.0750000e+02;2.2676671e-01;1.0750000e+02;2.1529262e-01;1.0750000e+02;1.8123683e-01;1.0750000e+02;1.3333635e-01;1.0750000e+02;8.3690204e-02;1.0750000e+02;3.8645819e-02;1.0750000e+02;-5.6756288e-03;1.0750000e+02;-1.9016117e-04;1.0750000e+02;1.1210347e-02;1.0750000e+02;2.8429013e-02;1.0750000e+02;4.8750639e-02;1.0750000e+02;7.1091674e-02;1.0750000e+02;9.2782542e-02;1.0750000e+02;1.1331841e-01;1.0750000e+02;1.3355045e-01;1.0750000e+02;1.5472265e-01;1.0750000e+02;1.8196273e-01;1.0750000e+02;2.1049331e-01;1.0750000e+02;2.2676671e-01;1.0750000e+02;2.1529262e-01;1.0750000e+02;1.8123683e-01;1.0750000e+02;1.3333635e-01;1.0750000e+02;8.3690204e-02;1.0750000e+02;3.8645819e-02;1.0750000e+02;-5.6756288e-03;1.0750000e+02;-1.9016117e-04;1.0750000e+02;1.1210347e-02;1.0750000e+02;2.8429013e-02;1.0750000e+02;4.8750639e-02;1.0750000e+02;7.1091674e-02;1.0750000e+02;9.2782542e-02;1.0750000e+02;1.1331841e-01;1.0750000e+02;1.3355045e-01;1.0750000e+02;1.5472265e-01;1.0750000e+02;1.8196273e-01;1.0750000e+02;2.1049331e-01;1.0750000e+02;2.2676671e-01;1.0750000e+02;2.1529262e-01;1.0750000e+02;1.8123683e-01;1.0750000e+02;1.3333635e-01;1.0750000e+02;8.3690204e-02;1.0750000e+02;3.8645819e-02;1.0750000e+02;-5.6756288e-03;1.0750000e+02;-1.9016117e-04;1.0750000e+02;1.1210347e-02;1.0750000e+02;2.8429013e-02;1.0750000e+02;4.8750639e-02;1.0750000e+02;7.1091674e-02;1.0750000e+02;9.2782542e-02;1.0750000e+02;1.1331841e-01;1.0750000e+02;1.3355045e-01;1.0750000e+02;1.5472265e-01;1.0750000e+02;1.8196273e-01;1.0750000e+02;2.1049331e-01;1.0750000e+02;2.2676671e-01;1.0750000e+02;2.1529262e-01;1.0750000e+02;1.8123683e-01;1.0750000e+02;1.3333635e-01;1.0750000e+02;8.3690204e-02;1.0750000e+02;3.8645819e-02;1.0750000e+02;-5.6756288e-03;1.0750000e+02;-1.9016117e-04;1.0750000e+02;1.1210347e-02;1.0750000e+02;2.8429013e-02;1.0750000e+02;4.8750639e-02;1.0750000e+02;7.1091674e-02;1.0750000e+02;9.2782542e-02;1.0750000e+02;1.1331841e-01;1.0750000e+02;1.3355045e-01;1.0750000e+02;1.5472265e-01;1.0750000e+02;1.8196273e-01;1.0750000e+02;2.1049331e-01;1.0750000e+02;2.2676671e-01;1.0750000e+02;2.1529262e-01;1.0750000e+02;1.8123683e-01;1.0750000e+02;1.3333635e-01;1.0750000e+02;8.3690204e-02;1.0750000e+02;3.8645819e-02;1.0750000e+02;-5.6756288e-03;1.0750000e+02;-1.9016117e-04;1.0750000e+02;1.1210347e-02;1.0750000e+02;2.8429013e-02;1.0750000e+02;4.8750639e-02;1.0750000e+02;7.1091674e-02;1.0750000e+02;9.2782542e-02;1.0750000e+02;1.1331841e-01;1.0750000e+02;1.3355045e-01;1.0750000e+02;1.5472265e-01;1.0750000e+02;1.8196273e-01;1.0750000e+02;2.1049331e-01;1.0750000e+02;2.2676671e-01;1.0750000e+02;2.1529262e-01;1.0750000e+02;1.8123683e-01;1.0750000e+02;1.3333635e-01;1.0750000e+02;8.3690204e-02;1.0750000e+02;3.8645819e-02;1.0750000e+02;-5.6756288e-03;1.0750000e+02;-1.9016117e-04;1.0750000e+02;1.1210347e-02;1.0750000e+02;2.8429013e-02;1.0750000e+02;4.8750639e-02;1.0750000e+02;7.1091674e-02;1.0750000e+02;9.2782542e-02;1.0750000e+02;1.1331841e-01;1.0750000e+02;1.3355045e-01;1.0750000e+02;1.5472265e-01;1.0750000e+02;1.8196273e-01;1.0750000e+02;2.1049331e-01;1.0750000e+02;2.2676671e-01;1.0750000e+02;2.1529262e-01;1.0750000e+02;1.8123683e-01;1.0750000e+02;1.3333635e-01;1.0750000e+02;8.3690204e-02;1.0750000e+02;3.8645819e-02;1.0750000e+02;-5.6756288e-03;1.0750000e+02;-1.9016117e-04;1.0750000e+02;1.1210347e-02;1.0750000e+02;2.8429013e-02;1.0750000e+02;4.8750639e-02;1.0750000e+02;7.1091674e-02;1.0750000e+02;9.2782542e-02;1.0750000e+02;1.1331841e-01;1.0750000e+02;1.3355045e-01;1.0750000e+02;1.5472265e-01;1.0750000e+02;1.8196273e-01;1.0750000e+02;2.1049331e-01;1.0750000e+02;2.2676671e-01;1.0750000e+02;2.1529262e-01;1.0750000e+02;1.8123683e-01;1.0750000e+02;1.3333635e-01;1.0750000e+02;8.3690204e-02;1.0750000e+02;3.8645819e-02;1.0750000e+02;-5.6756288e-03;1.0750000e+02;-1.9016117e-04;1.0750000e+02;1.1210347e-02;1.0750000e+02;2.8429013e-02;1.0750000e+02;4.8750639e-02;1.0750000e+02;7.1091674e-02;1.0750000e+02;9.2782542e-02;1.0750000e+02;1.1331841e-01;1.0750000e+02;1.3355045e-01;1.0750000e+02;1.5472265e-01;1.0750000e+02;1.8196273e-01;1.0750000e+02;2.1049331e-01;1.0750000e+02;2.2676671e-01;1.0750000e+02;2.1529262e-01;1.0750000e+02;1.8123683e-01;1.0750000e+02;1.3333635e-01;1.0750000e+02;8.3690204e-02;1.0750000e+02;3.8645819e-02;1.0750000e+02;-5.6756288e-03;1.0750000e+02;-1.9016117e-04;1.0750000e+02;1.1210347e-02;1.0750000e+02;2.8429013e-02;1.0750000e+02;4.8750639e-02;1.0750000e+02;7.1091674e-02;1.0750000e+02;9.2782542e-02;1.0750000e+02;1.1331841e-01;1.0750000e+02;1.3355045e-01;1.0750000e+02;1.5472265e-01;1.0750000e+02;1.8196273e-01;1.0750000e+02;2.1049331e-01;1.0750000e+02;2.2676671e-01;1.0750000e+02;2.1529262e-01;1.0750000e+02;1.8123683e-01;1.0750000e+02;1.3333635e-01;1.0750000e+02;8.3690204e-02;1.0750000e+02;3.8645819e-02;1.0750000e+02;-5.6756288e-03;1.0750000e+02;-1.9016117e-04;1.0750000e+02;1.1210347e-02;1.0750000e+02;2.8429013e-02;1.0750000e+02;4.8750639e-02;1.0750000e+02;7.1091674e-02;1.0750000e+02;9.2782542e-02;1.0750000e+02;1.1331841e-01;1.0750000e+02;1.3355045e-01;1.0750000e+02;1.5472265e-01;1.0750000e+02;1.8196273e-01;1.0750000e+02;2.1049331e-01;1.0750000e+02;2.2676671e-01;1.0750000e+02;2.1529262e-01;1.0750000e+02;1.8123683e-01;1.0750000e+02;1.3333635e-01;1.0750000e+02;8.3690204e-02;1.0750000e+02;3.8645819e-02;1.0750000e+02;-5.6756288e-03;1.0750000e+02;-1.9016117e-04;1.0750000e+02;1.1210347e-02;1.0750000e+02;2.8429013e-02;1.0750000e+02;4.8750639e-02;1.0750000e+02;7.1091674e-02;1.0750000e+02;9.2782542e-02;1.0750000e+02;1.1331841e-01;1.0750000e+02;1.3355045e-01;1.0750000e+02;1.5472265e-01;1.0750000e+02;1.8196273e-01;1.0750000e+02;2.1049331e-01;1.0750000e+02;2.2676671e-01;1.0750000e+02;2.1529262e-01;1.0750000e+02;1.8123683e-01;1.0750000e+02;1.3333635e-01;1.0750000e+02;8.3690204e-02;1.0750000e+02;3.8645819e-02;1.0750000e+02;-5.6756288e-03;1.0750000e+02;-1.9016117e-04;1.0750000e+02;1.1210347e-02;1.0750000e+02;2.8429013e-02;1.0750000e+02;4.8750639e-02;1.0750000e+02;7.1091674e-02;1.0750000e+02;9.2782542e-02;1.0750000e+02;1.1331841e-01;1.0750000e+02;1.3355045e-01;1.0750000e+02;1.5472265e-01;1.0750000e+02;1.8196273e-01;1.0750000e+02;2.1049331e-01;1.0750000e+02;2.2676671e-01;1.0750000e+02;2.1529262e-01;1.0750000e+02;1.8123683e-01;1.0750000e+02;1.3333635e-01;1.0750000e+02;8.3690204e-02;1.0750000e+02;3.8645819e-02;1.0750000e+02;-5.6756288e-03;1.0750000e+02;-1.9016117e-04;1.0750000e+02;1.1210347e-02;1.0750000e+02;2.8429013e-02;1.0750000e+02;4.8750639e-02;1.0750000e+02;7.1091674e-02;1.0750000e+02;9.2782542e-02;1.0750000e+02;1.1331841e-01;1.0750000e+02;1.3355045e-01;1.0750000e+02;1.5472265e-01;1.0750000e+02;1.8196273e-01;1.0750000e+02;2.1049331e-01;1.0750000e+02;2.2676671e-01;1.0750000e+02;2.1529262e-01;1.0750000e+02;1.8123683e-01;1.0750000e+02;1.3333635e-01;1.0750000e+02;8.3690204e-02;1.0750000e+02;3.8645819e-02;1.0750000e+02;-5.6756288e-03;1.0750000e+02;-1.9016117e-04;1.0750000e+02;1.1210347e-02;1.0750000e+02;2.8429013e-02;1.0750000e+02;4.8750639e-02;1.0750000e+02;7.1091674e-02;1.0750000e+02;9.2782542e-02;1.0750000e+02;1.1331841e-01;1.0750000e+02;1.3355045e-01;1.0750000e+02;1.5472265e-01;1.0750000e+02;1.8196273e-01;1.0750000e+02;2.1049331e-01;1.0750000e+02;2.2676671e-01;1.0750000e+02;2.1529262e-01;1.0750000e+02;1.8123683e-01;1.0750000e+02;1.3333635e-01;1.0750000e+02;8.3690204e-02;1.0750000e+02;3.8645819e-02;1.0750000e+02;-5.6756288e-03;1.0750000e+02;-1.9016117e-04;1.0750000e+02;1.1210347e-02;1.0750000e+02;2.8429013e-02;1.0750000e+02;4.8750639e-02;1.0750000e+02;7.1091674e-02;1.0750000e+02;9.2782542e-02;1.0750000e+02;1.1331841e-01;1.0750000e+02;1.3355045e-01;1.0750000e+02;1.5472265e-01;1.0750000e+02;1.8196273e-01;1.0750000e+02;2.1049331e-01;1.0750000e+02;2.2676671e-01;1.0750000e+02;2.1529262e-01;1.0750000e+02;1.8123683e-01;1.0750000e+02;1.3333635e-01;1.0750000e+02;8.3690204e-02;1.0750000e+02;3.8645819e-02;1.0750000e+02;-5.6756288e-03;1.0750000e+02;-1.9016117e-04;1.0750000e+02;1.1210347e-02;1.0750000e+02;2.8429013e-02;1.0750000e+02;4.8750639e-02;1.0750000e+02;7.1091674e-02;1.0750000e+02;9.2782542e-02;1.0750000e+02;1.1331841e-01;1.0750000e+02;1.3355045e-01;1.0750000e+02;1.5472265e-01;1.0750000e+02;1.8196273e-01;1.0750000e+02;2.1049331e-01;1.0750000e+02;2.2676671e-01;1.0750000e+02;2.1529262e-01;1.0750000e+02;1.8123683e-01;1.0750000e+02;1.3333635e-01;1.0750000e+02;8.3690204e-02;1.0750000e+02;3.8645819e-02;1.0750000e+02;-5.6756288e-03;1.0750000e+02;-1.9016117e-04;1.0750000e+02;1.1210347e-02;1.0750000e+02;2.8429013e-02;1.0750000e+02;4.8750639e-02;1.0750000e+02;7.1091674e-02;1.0750000e+02;9.2782542e-02;1.0750000e+02;1.1331841e-01;1.0750000e+02;1.3355045e-01;1.0750000e+02;1.5472265e-01;1.0750000e+02;1.8196273e-01;1.0750000e+02;2.1049331e-01;1.0750000e+02;2.2676671e-01;1.0750000e+02;2.1529262e-01;1.0750000e+02;1.8123683e-01;1.0750000e+02;1.3333635e-01;1.0750000e+02;8.3690204e-02;1.0750000e+02;3.8645819e-02;1.0750000e+02;-5.6756288e-03;1.0750000e+02;-1.9016117e-04;1.0750000e+02;1.1210347e-02;1.0750000e+02;2.8429013e-02;1.0750000e+02;4.8750639e-02;1.0750000e+02;7.1091674e-02;1.0750000e+02;9.2782542e-02;1.0750000e+02;1.1331841e-01;1.0750000e+02;1.3355045e-01;1.0750000e+02;1.5472265e-01;1.0750000e+02;1.8196273e-01;1.0750000e+02;2.1049331e-01;1.0750000e+02;2.2676671e-01;1.0750000e+02;2.1529262e-01;1.0750000e+02;1.8123683e-01;1.0750000e+02;1.3333635e-01;1.0750000e+02;8.3690204e-02;1.0750000e+02;3.8645819e-02;1.0750000e+02;-5.6756288e-03;1.0750000e+02;-1.9016117e-04;1.0750000e+02;1.1210347e-02;1.0750000e+02;2.8429013e-02;1.0750000e+02;4.8750639e-02;1.0750000e+02;7.1091674e-02;1.0750000e+02;9.2782542e-02;1.0750000e+02;1.1331841e-01;1.0750000e+02;1.3355045e-01;1.0750000e+02;1.5472265e-01;1.0750000e+02;1.8196273e-01;1.0750000e+02;2.1049331e-01;1.0750000e+02;2.2676671e-01;1.0750000e+02;2.1529262e-01;1.0750000e+02;1.8123683e-01;1.0750000e+02;1.3333635e-01;1.0750000e+02;8.3690204e-02;1.0750000e+02;3.8645819e-02;1.0750000e+02;-5.6756288e-03;1.0750000e+02;-1.9016117e-04;1.0750000e+02;1.1210347e-02;1.0750000e+02;2.8429013e-02;1.0750000e+02;4.8750639e-02;1.0750000e+02;7.1091674e-02;1.0750000e+02;9.2782542e-02;1.0750000e+02;1.1331841e-01;1.0750000e+02;1.3355045e-01;1.0750000e+02;1.5472265e-01;1.0750000e+02;1.8196273e-01;1.0750000e+02;2.1049331e-01;1.0750000e+02;2.2676671e-01;1.0750000e+02;2.1529262e-01;1.0750000e+02;1.8123683e-01;1.0750000e+02;1.3333635e-01;1.0750000e+02;8.3690204e-02;1.0750000e+02;3.8645819e-02;1.0750000e+02;-5.6756288e-03;1.0750000e+02;-1.9016117e-04;1.0750000e+02;1.1210347e-02;1.0750000e+02;2.8429013e-02;1.0750000e+02;4.8750639e-02;1.0750000e+02;7.1091674e-02;1.0750000e+02;9.2782542e-02;1.0750000e+02;1.1331841e-01;1.0750000e+02;1.3355045e-01;1.0750000e+02;1.5472265e-01;1.0750000e+02;1.8196273e-01;1.0750000e+02;2.1049331e-01;1.0750000e+02;2.2676671e-01;1.0750000e+02;2.1529262e-01;1.0750000e+02;1.8123683e-01;1.0750000e+02;1.3333635e-01;1.0750000e+02;8.3690204e-02;1.0750000e+02;3.8645819e-02;1.0750000e+02;-5.6756288e-03;1.0750000e+02;-1.9016117e-04;1.0750000e+02;1.1210347e-02;1.0750000e+02;2.8429013e-02;1.0750000e+02;4.8750639e-02;1.0750000e+02;7.1091674e-02;1.0750000e+02;9.2782542e-02;1.0750000e+02;1.1331841e-01;1.0750000e+02;1.3355045e-01;1.0750000e+02;1.5472265e-01;1.0750000e+02;1.8196273e-01;1.0750000e+02;2.1049331e-01;1.0750000e+02;2.2676671e-01;1.0750000e+02;2.1529262e-01;1.0750000e+02;1.8123683e-01;1.0750000e+02;1.3333635e-01;1.0750000e+02;8.3690204e-02;1.0750000e+02;3.8645819e-02;1.0750000e+02;-5.6756288e-03;1.0750000e+02;-1.9016117e-04;1.0750000e+02;1.1210347e-02;1.0750000e+02;2.8429013e-02;1.0750000e+02;4.8750639e-02;1.0750000e+02;7.1091674e-02;1.0750000e+02;9.2782542e-02;1.0750000e+02;1.1331841e-01;1.0750000e+02;1.3355045e-01;1.0750000e+02;1.5472265e-01;1.0750000e+02;1.8196273e-01;1.0750000e+02;2.1049331e-01;1.0750000e+02;2.2676671e-01;1.0750000e+02;2.1529262e-01;1.0750000e+02;1.8123683e-01;1.0750000e+02;1.3333635e-01;1.0750000e+02;8.3690204e-02;1.0750000e+02;3.8645819e-02;1.0750000e+02;-5.6756288e-03;1.0750000e+02;-1.9016117e-04;1.0750000e+02;1.1210347e-02;1.0750000e+02;2.8429013e-02;1.0750000e+02;4.8750639e-02;1.0750000e+02;7.1091674e-02;1.0750000e+02;9.2782542e-02;1.0750000e+02;1.1331841e-01;1.0750000e+02;1.3355045e-01;1.0750000e+02;1.5472265e-01;1.0750000e+02;1.8196273e-01;1.0750000e+02;2.1049331e-01;1.0750000e+02;2.2676671e-01;1.0750000e+02;2.1529262e-01;1.0750000e+02;1.8123683e-01;1.0750000e+02;1.3333635e-01;1.0750000e+02;8.3690204e-02;1.0750000e+02;3.8645819e-02;1.0750000e+02;-5.6756288e-03;1.0750000e+02;-1.9016117e-04;1.0750000e+02;1.1210347e-02;1.0750000e+02;2.8429013e-02;1.0750000e+02;4.8750639e-02;1.0750000e+02;7.1091674e-02;1.0750000e+02;9.2782542e-02;1.0750000e+02;1.1331841e-01;1.0750000e+02;1.3355045e-01;1.0750000e+02;1.5472265e-01;1.0750000e+02;1.8196273e-01;1.0750000e+02;2.1049331e-01;1.0750000e+02;2.2676671e-01;1.0750000e+02;2.1529262e-01;1.0750000e+02;1.8123683e-01;1.0750000e+02;1.3333635e-01;1.0750000e+02;8.3690204e-02;1.0750000e+02;3.8645819e-02;1.0750000e+02;-5.6756288e-03;1.0750000e+02;-1.9016117e-04;1.0750000e+02;1.1210347e-02;1.0750000e+02;2.8429013e-02;1.0750000e+02;4.8750639e-02;1.0750000e+02;7.1091674e-02;1.0750000e+02;9.2782542e-02;1.0750000e+02;1.1331841e-01;1.0750000e+02;1.3355045e-01;1.0750000e+02;1.5472265e-01;1.0750000e+02;1.8196273e-01;1.0750000e+02;2.1049331e-01;1.0750000e+02;2.2676671e-01;1.0750000e+02;2.1529262e-01;1.0750000e+02;1.8123683e-01;1.0750000e+02;1.3333635e-01;1.0750000e+02;8.3690204e-02;1.0750000e+02;3.8645819e-02;1.0750000e+02;-5.6756288e-03;1.0750000e+02;-1.9016117e-04;1.0750000e+02;1.1210347e-02;1.0750000e+02;2.8429013e-02;1.0750000e+02;4.8750639e-02;1.0750000e+02;7.1091674e-02;1.0750000e+02;9.2782542e-02;1.0750000e+02;1.1331841e-01;1.0750000e+02;1.3355045e-01;1.0750000e+02;1.5472265e-01;1.0750000e+02;1.8196273e-01;1.0750000e+02;2.1049331e-01;1.0750000e+02;2.2676671e-01;1.0750000e+02;2.1529262e-01;1.0750000e+02;1.8123683e-01;1.0750000e+02;1.3333635e-01;1.0750000e+02;8.3690204e-02;1.0750000e+02;3.8645819e-02;1.0750000e+02;-5.6756288e-03;1.0750000e+02;-1.9016117e-04;1.0750000e+02;1.1210347e-02;1.0750000e+02;2.8429013e-02;1.0750000e+02;4.8750639e-02;1.0750000e+02;7.1091674e-02;1.0750000e+02;9.2782542e-02;1.0750000e+02;1.1331841e-01;1.0750000e+02;1.3355045e-01;1.0750000e+02;1.5472265e-01;1.0750000e+02;1.8196273e-01;1.0750000e+02;2.1049331e-01;1.0750000e+02;2.2676671e-01;1.0750000e+02;2.1529262e-01;1.0750000e+02;1.8123683e-01;1.0750000e+02;1.3333635e-01;1.0750000e+02;8.3690204e-02;1.0750000e+02;3.8645819e-02;1.0750000e+02;-5.6756288e-03;1.0750000e+02;-1.9016117e-04;1.0750000e+02;1.1210347e-02;1.0750000e+02;2.8429013e-02;1.0750000e+02;4.8750639e-02;1.0750000e+02;7.1091674e-02;1.0750000e+02;9.2782542e-02;1.0750000e+02;1.1331841e-01;1.0750000e+02;1.3355045e-01;1.0750000e+02;1.5472265e-01;1.0750000e+02;1.8196273e-01;1.0750000e+02;2.1049331e-01;1.0750000e+02;2.2676671e-01;1.0750000e+02;2.1529262e-01;1.0750000e+02;1.8123683e-01;1.0750000e+02;1.3333635e-01;1.0750000e+02;8.3690204e-02;1.0750000e+02;3.8645819e-02;1.0750000e+02;-5.6756288e-03;1.0750000e+02;-1.9016117e-04;1.0750000e+02;1.1210347e-02;1.0750000e+02;2.8429013e-02;1.0750000e+02;4.8750639e-02;1.0750000e+02;7.1091674e-02;1.0750000e+02;9.2782542e-02;1.0750000e+02;1.1331841e-01;1.0750000e+02;1.3355045e-01;1.0750000e+02;1.5472265e-01;1.0750000e+02;1.8196273e-01;1.0750000e+02;2.1049331e-01;1.0750000e+02;2.2676671e-01;1.0750000e+02;2.1529262e-01;1.0750000e+02;1.8123683e-01;1.0750000e+02;1.3333635e-01;1.0750000e+02;8.3690204e-02;1.0750000e+02;3.8645819e-02;1.0750000e+02;-5.6756288e-03;1.0750000e+02;-1.9016117e-04;1.0750000e+02;1.1210347e-02;1.0750000e+02;2.8429013e-02;1.0750000e+02;4.8750639e-02;1.0750000e+02;7.1091674e-02;1.0750000e+02;9.2782542e-02;1.0750000e+02;1.1331841e-01;1.0750000e+02;1.3355045e-01;1.0750000e+02;1.5472265e-01;1.0750000e+02;1.8196273e-01;1.0750000e+02;2.1049331e-01;1.0750000e+02;2.2676671e-01;1.0750000e+02;2.1529262e-01;1.0750000e+02;1.8123683e-01;1.0750000e+02;1.3333635e-01;1.0750000e+02;8.3690204e-02;1.0750000e+02;3.8645819e-02;1.0750000e+02;-5.6756288e-03;1.0750000e+02;-1.9016117e-04;1.0750000e+02;1.1210347e-02;1.0750000e+02;2.8429013e-02;1.0750000e+02;4.8750639e-02;1.0750000e+02;7.1091674e-02;1.0750000e+02;9.2782542e-02;1.0750000e+02;1.1331841e-01;1.0750000e+02;1.3355045e-01;1.0750000e+02;1.5472265e-01;1.0750000e+02;1.8196273e-01;1.0750000e+02;2.1049331e-01;1.0750000e+02;2.2676671e-01;1.0750000e+02;2.1529262e-01;1.0750000e+02;1.8123683e-01;1.0750000e+02;1.3333635e-01;1.0750000e+02;8.3690204e-02;1.0750000e+02;3.8645819e-02;1.0750000e+02;-5.6756288e-03;1.0750000e+02;-1.9016117e-04;1.0750000e+02;1.1210347e-02;1.0750000e+02;2.8429013e-02;1.0750000e+02;4.8750639e-02;1.0750000e+02;7.1091674e-02;1.0750000e+02;9.2782542e-02;1.0750000e+02;1.1331841e-01;1.0750000e+02;1.3355045e-01;1.0750000e+02;1.5472265e-01;1.0750000e+02;1.8196273e-01;1.0750000e+02;2.1049331e-01;1.0750000e+02;2.2676671e-01;1.0750000e+02;2.1529262e-01;1.0750000e+02;1.8123683e-01;1.0750000e+02;1.3333635e-01;1.0750000e+02;8.3690204e-02;1.0750000e+02;3.8645819e-02;1.0750000e+02;-5.6756288e-03;1.0750000e+02;-1.9016117e-04;1.0750000e+02;1.1210347e-02;1.0750000e+02;2.8429013e-02;1.0750000e+02;4.8750639e-02;1.0750000e+02;7.1091674e-02;1.0750000e+02;9.2782542e-02;1.0750000e+02;1.1331841e-01;1.0750000e+02;1.3355045e-01;1.0750000e+02;1.5472265e-01;1.0750000e+02;1.8196273e-01;1.0750000e+02;2.1049331e-01;1.0750000e+02;2.2676671e-01;1.0750000e+02;2.1529262e-01;1.0750000e+02;1.8123683e-01;1.0750000e+02;1.3333635e-01;1.0750000e+02;8.3690204e-02;1.0750000e+02;3.8645819e-02;1.0750000e+02;-5.6756288e-03;1.0750000e+02;-1.9016117e-04;1.0750000e+02;1.1210347e-02;1.0750000e+02;2.8429013e-02;1.0750000e+02;4.8750639e-02;1.0750000e+02;7.1091674e-02;1.0750000e+02;9.2782542e-02;1.0750000e+02;1.1331841e-01;1.0750000e+02;1.3355045e-01;1.0750000e+02;1.5472265e-01;1.0750000e+02;1.8196273e-01;1.0750000e+02;2.1049331e-01;1.0750000e+02;2.2676671e-01;1.0750000e+02;2.1529262e-01;1.0750000e+02;1.8123683e-01;1.0750000e+02;1.3333635e-01;1.0750000e+02;8.3690204e-02;1.0750000e+02;3.8645819e-02;1.0750000e+02;-5.6756288e-03;1.0750000e+02;-1.9016117e-04;1.0750000e+02;1.1210347e-02;1.0750000e+02;2.8429013e-02;1.0750000e+02;4.8750639e-02;1.0750000e+02;7.1091674e-02;1.0750000e+02;9.2782542e-02;1.0750000e+02;1.1331841e-01;1.0750000e+02;1.3355045e-01;1.0750000e+02;1.5472265e-01;1.0750000e+02;1.8196273e-01;1.0750000e+02;2.1049331e-01;1.0750000e+02;2.2676671e-01;1.0750000e+02;2.1529262e-01;1.0750000e+02;1.8123683e-01;1.0750000e+02;1.3333635e-01;1.0750000e+02;8.3690204e-02;1.0750000e+02;3.8645819e-02;1.0750000e+02;-5.6756288e-03;1.0750000e+02;-1.9016117e-04;1.0750000e+02;1.1210347e-02;1.0750000e+02;2.8429013e-02;1.0750000e+02;4.8750639e-02;1.0750000e+02;7.1091674e-02;1.0750000e+02;9.2782542e-02;1.0750000e+02;1.1331841e-01;1.0750000e+02;1.3355045e-01;1.0750000e+02;1.5472265e-01;1.0750000e+02;1.8196273e-01;1.0750000e+02;2.1049331e-01;1.0750000e+02;2.2676671e-01;1.0750000e+02;2.1529262e-01;1.0750000e+02;1.8123683e-01;1.0750000e+02;1.3333635e-01;1.0750000e+02;8.3690204e-02;1.0750000e+02;3.8645819e-02;1.0750000e+02;-5.6756288e-03;1.0750000e+02;-1.9016117e-04;1.0750000e+02;1.1210347e-02;1.0750000e+02;2.8429013e-02;1.0750000e+02;4.8750639e-02;1.0750000e+02;7.1091674e-02;1.0750000e+02;9.2782542e-02;1.0750000e+02;1.1331841e-01;1.0750000e+02;1.3355045e-01;1.0750000e+02;1.5472265e-01;1.0750000e+02;1.8196273e-01;1.0750000e+02;2.1049331e-01;1.0750000e+02;2.2676671e-01;1.0750000e+02;2.1529262e-01;1.0750000e+02;1.8123683e-01;1.0750000e+02;1.3333635e-01;1.0750000e+02;8.3690204e-02;1.0750000e+02;3.8645819e-02;1.0750000e+02;-5.6756288e-03;1.0750000e+02;-1.9016117e-04;1.0750000e+02;1.1210347e-02;1.0750000e+02;2.8429013e-02;1.0750000e+02;4.8750639e-02;1.0750000e+02;7.1091674e-02;1.0750000e+02;9.2782542e-02;1.0750000e+02;1.1331841e-01;1.0750000e+02;1.3355045e-01;1.0750000e+02;1.5472265e-01;1.0750000e+02;1.8196273e-01;1.0750000e+02;2.1049331e-01;1.0750000e+02;2.2676671e-01;1.0750000e+02;2.1529262e-01;1.0750000e+02;1.8123683e-01;1.0750000e+02;1.3333635e-01;1.0750000e+02;8.3690204e-02;1.0750000e+02;3.8645819e-02;1.0750000e+02;-5.6756288e-03;1.0750000e+02;-1.9016117e-04;1.0750000e+02;1.1210347e-02;1.0750000e+02;2.8429013e-02;1.0750000e+02;4.8750639e-02;1.0750000e+02;7.1091674e-02;1.0750000e+02;9.2782542e-02;1.0750000e+02;1.1331841e-01;1.0750000e+02;1.3355045e-01;1.0750000e+02;1.5472265e-01;1.0750000e+02;1.8196273e-01;1.0750000e+02;2.1049331e-01;1.0750000e+02;2.2676671e-01;1.0750000e+02;2.1529262e-01;1.0750000e+02;1.8123683e-01;1.0750000e+02;1.3333635e-01;1.0750000e+02;8.3690204e-02;1.0750000e+02;3.8645819e-02;1.0750000e+02;-5.6756288e-03;1.0750000e+02;-1.9016117e-04;1.0750000e+02;1.1210347e-02;1.0750000e+02;2.8429013e-02;1.0750000e+02;4.8750639e-02;1.0750000e+02;7.1091674e-02;1.0750000e+02;9.2782542e-02;1.0750000e+02;1.1331841e-01;1.0750000e+02;1.3355045e-01;1.0750000e+02;1.5472265e-01;1.0750000e+02;1.8196273e-01;1.0750000e+02;2.1049331e-01;1.0750000e+02;2.2676671e-01;1.0750000e+02;2.1529262e-01;1.0750000e+02;1.8123683e-01;1.0750000e+02;1.3333635e-01;1.0750000e+02;8.3690204e-02;1.0750000e+02;3.8645819e-02;1.0750000e+02;-5.6756288e-03;1.0750000e+02;-1.9016117e-04;1.0750000e+02;1.1210347e-02;1.0750000e+02;2.8429013e-02;1.0750000e+02;4.8750639e-02;1.0750000e+02;7.1091674e-02;1.0750000e+02;9.2782542e-02;1.0750000e+02;1.1331841e-01;1.0750000e+02;1.3355045e-01;1.0750000e+02;1.5472265e-01;1.0750000e+02;1.8196273e-01;1.0750000e+02;2.1049331e-01;1.0750000e+02;2.2676671e-01;1.0750000e+02;2.1529262e-01;1.0750000e+02;1.8123683e-01;1.0750000e+02;1.3333635e-01;1.0750000e+02;8.3690204e-02;1.0750000e+02;3.8645819e-02;1.0750000e+02;-5.6756288e-03;1.0750000e+02;-1.9016117e-04;1.0750000e+02;1.1210347e-02;1.0750000e+02;2.8429013e-02;1.0750000e+02;4.8750639e-02;1.0750000e+02;7.1091674e-02;1.0750000e+02;9.2782542e-02;1.0750000e+02;1.1331841e-01;1.0750000e+02;1.3355045e-01;1.0750000e+02;1.5472265e-01;1.0750000e+02;1.8196273e-01;1.0750000e+02;2.1049331e-01;1.0750000e+02;2.2676671e-01;1.0750000e+02;2.1529262e-01;1.0750000e+02;1.8123683e-01;1.0750000e+02;1.3333635e-01;1.0750000e+02;8.3690204e-02;1.0750000e+02;3.8645819e-02;1.0750000e+02;-5.6756288e-03;1.0750000e+02;-1.9016117e-04;1.0750000e+02;1.1210347e-02;1.0750000e+02;2.8429013e-02;1.0750000e+02;4.8750639e-02;1.0750000e+02;7.1091674e-02;1.0750000e+02;9.2782542e-02;1.0750000e+02;1.1331841e-01;1.0750000e+02;1.3355045e-01;1.0750000e+02;1.5472265e-01;1.0750000e+02;1.8196273e-01;1.0750000e+02;2.1049331e-01;1.0750000e+02;2.2676671e-01;1.0750000e+02;2.1529262e-01;1.0750000e+02;1.8123683e-01;1.0750000e+02;1.3333635e-01;1.0750000e+02;8.3690204e-02;1.0750000e+02;3.8645819e-02;1.0750000e+02;-5.6756288e-03;1.0750000e+02;-1.9016117e-04;1.0750000e+02;1.1210347e-02;1.0750000e+02;2.8429013e-02;1.0750000e+02;4.8750639e-02;1.0750000e+02;7.1091674e-02;1.0750000e+02;9.2782542e-02;1.0750000e+02;1.1331841e-01;1.0750000e+02;1.3355045e-01;1.0750000e+02;1.5472265e-01;1.0750000e+02;1.8196273e-01;1.0750000e+02;2.1049331e-01;1.0750000e+02;2.2676671e-01;1.0750000e+02;2.1529262e-01;1.0750000e+02;1.8123683e-01;1.0750000e+02;1.3333635e-01;1.0750000e+02;8.3690204e-02;1.0750000e+02;3.8645819e-02;1.0750000e+02;-5.6756288e-03;1.0750000e+02;-1.9016117e-04;1.0750000e+02;1.1210347e-02;1.0750000e+02;2.8429013e-02;1.0750000e+02;4.8750639e-02;1.0750000e+02;7.1091674e-02;1.0750000e+02;9.2782542e-02;1.0750000e+02;1.1331841e-01;1.0750000e+02;1.3355045e-01;1.0750000e+02;1.5472265e-01;1.0750000e+02;1.8196273e-01;1.0750000e+02;2.1049331e-01;1.0750000e+02;2.2676671e-01;1.0750000e+02;2.1529262e-01;1.0750000e+02;1.8123683e-01;1.0750000e+02;1.3333635e-01;1.0750000e+02;8.3690204e-02;1.0750000e+02;3.8645819e-02;1.0750000e+02;-5.6756288e-03;1.0750000e+02;-1.9016117e-04;1.0750000e+02;1.1210347e-02;1.0750000e+02;2.8429013e-02;1.0750000e+02;4.8750639e-02;1.0750000e+02;7.1091674e-02;1.0750000e+02;9.2782542e-02;1.0750000e+02;1.1331841e-01;1.0750000e+02;1.3355045e-01;1.0750000e+02;1.5472265e-01;1.0750000e+02;1.8196273e-01;1.0750000e+02;2.1049331e-01;1.0750000e+02;2.2676671e-01;1.0750000e+02;2.1529262e-01;1.0750000e+02;1.8123683e-01;1.0750000e+02;1.3333635e-01;1.0750000e+02;8.3690204e-02;1.0750000e+02;3.8645819e-02;1.0750000e+02;-5.6756288e-03;1.0750000e+02;-1.9016117e-04;1.0750000e+02;1.1210347e-02;1.0750000e+02;2.8429013e-02;1.0750000e+02;4.8750639e-02;1.0750000e+02;7.1091674e-02;1.0750000e+02;9.2782542e-02;1.0750000e+02;1.1331841e-01;1.0750000e+02;1.3355045e-01;1.0750000e+02;1.5472265e-01;1.0750000e+02;1.8196273e-01;1.0750000e+02;2.1049331e-01;1.0750000e+02;2.2676671e-01;1.0750000e+02;2.1529262e-01;1.0750000e+02;1.8123683e-01;1.0750000e+02;1.3333635e-01;1.0750000e+02;8.3690204e-02;1.0750000e+02;3.8645819e-02;1.0750000e+02;-5.6756288e-03;1.0750000e+02;-1.9016117e-04;1.0750000e+02;1.1210347e-02;1.0750000e+02;2.8429013e-02;1.0750000e+02;4.8750639e-02;1.0750000e+02;7.1091674e-02;1.0750000e+02;9.2782542e-02;1.0750000e+02;1.1331841e-01;1.0750000e+02;1.3355045e-01;1.0750000e+02;1.5472265e-01;1.0750000e+02;1.8196273e-01;1.0750000e+02;2.1049331e-01;1.0750000e+02;2.2676671e-01;1.0750000e+02;2.1529262e-01;1.0750000e+02;1.8123683e-01;1.0750000e+02;1.3333635e-01;1.0750000e+02;8.3690204e-02;1.0750000e+02;3.8645819e-02;1.0750000e+02;-5.6756288e-03;1.0750000e+02;-1.9016117e-04;1.0750000e+02;1.1210347e-02;1.0750000e+02;2.8429013e-02;1.0750000e+02;4.8750639e-02;1.0750000e+02;7.1091674e-02;1.0750000e+02;9.2782542e-02;1.0750000e+02;1.1331841e-01;1.0750000e+02;1.3355045e-01;1.0750000e+02;1.5472265e-01;1.0750000e+02;1.8196273e-01;1.0750000e+02;2.1049331e-01;1.0750000e+02;2.2676671e-01;1.0750000e+02;2.1529262e-01;1.0750000e+02;1.8123683e-01;1.0750000e+02;1.3333635e-01;1.0750000e+02;8.3690204e-02;1.0750000e+02;3.8645819e-02;1.0750000e+02;-5.6756288e-03;1.0750000e+02;-1.9016117e-04;1.0750000e+02;1.1210347e-02;1.0750000e+02;2.8429013e-02;1.0750000e+02;4.8750639e-02;1.0750000e+02;7.1091674e-02;1.0750000e+02;9.2782542e-02;1.0750000e+02;1.1331841e-01;1.0750000e+02;1.3355045e-01;1.0750000e+02;1.5472265e-01;1.0750000e+02;1.8196273e-01;1.0750000e+02;2.1049331e-01;1.0750000e+02;2.2676671e-01;1.0750000e+02;2.1529262e-01;1.0750000e+02;1.8123683e-01;1.0750000e+02;1.3333635e-01;1.0750000e+02;8.3690204e-02;1.0750000e+02;3.8645819e-02;1.0750000e+02;-5.6756288e-03;1.0750000e+02;-1.9016117e-04;1.0750000e+02;1.1210347e-02;1.0750000e+02;2.8429013e-02;1.0750000e+02;4.8750639e-02;1.0750000e+02;7.1091674e-02;1.0750000e+02;9.2782542e-02;1.0750000e+02;1.1331841e-01;1.0750000e+02;1.3355045e-01;1.0750000e+02;1.5472265e-01;1.0750000e+02;1.8196273e-01;1.0750000e+02;2.1049331e-01;1.0750000e+02;2.2676671e-01;1.0750000e+02;2.1529262e-01;1.0750000e+02;1.8123683e-01;1.0750000e+02;1.3333635e-01;1.0750000e+02;8.3690204e-02;1.0750000e+02;3.8645819e-02;1.0750000e+02;-5.6756288e-03;1.0750000e+02;-1.9016117e-04;1.0750000e+02;1.1210347e-02;1.0750000e+02;2.8429013e-02;1.0750000e+02;4.8750639e-02;1.0750000e+02;7.1091674e-02;1.0750000e+02;9.2782542e-02;1.0750000e+02;1.1331841e-01;1.0750000e+02;1.3355045e-01;1.0750000e+02;1.5472265e-01;1.0750000e+02;1.8196273e-01;1.0750000e+02;2.1049331e-01;1.0750000e+02;2.2676671e-01;1.0750000e+02;2.1529262e-01;1.0750000e+02;1.8123683e-01;1.0750000e+02;1.3333635e-01;1.0750000e+02;8.3690204e-02;1.0750000e+02;3.8645819e-02
1.1250000e+02;-1.1652038e-03;1.1250000e+02;3.9627980e-03;1.1250000e+02;1.5211411e-02;1.1250000e+02;3.1517532e-02;1.1250000e+02;4.9475379e-02;1.1250000e+02;6.9395252e-02;1.1250000e+02;9.0874940e-02;1.1250000e+02;1.1236763e-01;1.1250000e+02;1.3305122e-01;1.1250000e+02;1.5503336e-01;1.1250000e+02;1.8200348e-01;1.1250000e+02;2.1040104e-01;1.1250000e+02;2.2602652e-01;1.1250000e+02;2.1498458e-01;1.1250000e+02;1.8171814e-01;1.1250000e+02;1.3461676e-01;1.1250000e+02;8.5766196e-02;1.1250000e+02;4.1603811e-02;1.1250000e+02;-1.1652038e-03;1.1250000e+02;3.9627980e-03;1.1250000e+02;1.5211411e-02;1.1250000e+02;3.1517532e-02;1.1250000e+02;4.9475379e-02;1.1250000e+02;6.9395252e-02;1.1250000e+02;9.0874940e-02;1.1250000e+02;1.1236763e-01;1.1250000e+02;1.3305122e-01;1.1250000e+02;1.5503336e-01;1.1250000e+02;1.8200348e-01;1.1250000e+02;2.1040104e-01;1.1250000e+02;2.2602652e-01;1.1250000e+02;2.1498458e-01;1.1250000e+02;1.8171814e-01;1.1250000e+02;1.3461676e-01;1.1250000e+02;8.5766196e-02;1.1250000e+02;4.1603811e-02;1.1250000e+02;-1.1652038e-03;1.1250000e+02;3.9627980e-03;1.1250000e+02;1.5211411e-02;1.1250000e+02;3.1517532e-02;1.1250000e+02;4.9475379e-02;1.1250000e+02;6.9395252e-02;1.1250000e+02;9.0874940e-02;1.1250000e+02;1.1236763e-01;1.1250000e+02;1.3305122e-01;1.1250000e+02;1.5503336e-01;1.1250000e+02;1.8200348e-01;1.1250000e+02;2.1040104e-01;1.1250000e+02;2.2602652e-01;1.1250000e+02;2.1498458e-01;1.1250000e+02;1.8171814e-01;1.1250000e+02;1.3461676e-01;1.1250000e+02;8.5766196e-02;1.1250000e+02;4.1603811e-02;1.1250000e+02;-1.1652038e-03;1.1250000e+02;3.9627980e-03;1.1250000e+02;1.5211411e-02;1.1250000e+02;3.1517532e-02;1.1250000e+02;4.9475379e-02;1.1250000e+02;6.9395252e-02;1.1250000e+02;9.0874940e-02;1.1250000e+02;1.1236763e-01;1.1250000e+02;1.3305122e-01;1.1250000e+02;1.5503336e-01;1.1250000e+02;1.8200348e-01;1.1250000e+02;2.1040104e-01;1.1250000e+02;2.2602652e-01;1.1250000e+02;2.1498458e-01;1.1250000e+02;1.8171814e-01;1.1250000e+02;1.3461676e-01;1.1250000e+02;8.5766196e-02;1.1250000e+02;4.1603811e-02;1.1250000e+02;-1.1652038e-03;1.1250000e+02;3.9627980e-03;1.1250000e+02;1.5211411e-02;1.1250000e+02;3.1517532e-02;1.1250000e+02;4.9475379e-02;1.1250000e+02;6.9395252e-02;1.1250000e+02;9.0874940e-02;1.1250000e+02;1.1236763e-01;1.1250000e+02;1.3305122e-01;1.1250000e+02;1.5503336e-01;1.1250000e+02;1.8200348e-01;1.1250000e+02;2.1040104e-01;1.1250000e+02;2.2602652e-01;1.1250000e+02;2.1498458e-01;1.1250000e+02;1.8171814e-01;1.1250000e+02;1.3461676e-01;1.1250000e+02;8.5766196e-02;1.1250000e+02;4.1603811e-02;1.1250000e+02;-1.1652038e-03;1.1250000e+02;3.9627980e-03;1.1250000e+02;1.5211411e-02;1.1250000e+02;3.1517532e-02;1.1250000e+02;4.9475379e-02;1.1250000e+02;6.9395252e-02;1.1250000e+02;9.0874940e-02;1.1250000e+02;1.1236763e-01;1.1250000e+02;1.3305122e-01;1.1250000e+02;1.5503336e-01;1.1250000e+02;1.8200348e-01;1.1250000e+02;2.1040104e-01;1.1250000e+02;2.2602652e-01;1.1250000e+02;2.1498458e-01;1.1250000e+02;1.8171814e-01;1.1250000e+02;1.3461676e-01;1.1250000e+02;8.5766196e-02;1.1250000e+02;4.1603811e-02;1.1250000e+02;-1.1652038e-03;1.1250000e+02;3.9627980e-03;1.1250000e+02;1.5211411e-02;1.1250000e+02;3.1517532e-02;1.1250000e+02;4.9475379e-02;1.1250000e+02;6.9395252e-02;1.1250000e+02;9.0874940e-02;1.1250000e+02;1.1236763e-01;1.1250000e+02;1.3305122e-01;1.1250000e+02;1.5503336e-01;1.1250000e+02;1.8200348e-01;1.1250000e+02;2.1040104e-01;1.1250000e+02;2.2602652e-01;1.1250000e+02;2.1498458e-01;1.1250000e+02;1.8171814e-01;1.1250000e+02;1.3461676e-01;1.1250000e+02;8.5766196e-02;1.1250000e+02;4.1603811e-02;1.1250000e+02;-1.1652038e-03;1.1250000e+02;3.9627980e-03;1.1250000e+02;1.5211411e-02;1.1250000e+02;3.1517532e-02;1.1250000e+02;4.9475379e-02;1.1250000e+02;6.9395252e-02;1.1250000e+02;9.0874940e-02;1.1250000e+02;1.1236763e-01;1.1250000e+02;1.3305122e-01;1.1250000e+02;1.5503336e-01;1.1250000e+02;1.8200348e-01;1.1250000e+02;2.1040104e-01;1.1250000e+02;2.2602652e-01;1.1250000e+02;2.1498458e-01;1.1250000e+02;1.8171814e-01;1.1250000e+02;1.3461676e-01;1.1250000e+02;8.5766196e-02;1.1250000e+02;4.1603811e-02;1.1250000e+02;-1.1652038e-03;1.1250000e+02;3.9627980e-03;1.1250000e+02;1.5211411e-02;1.1250000e+02;3.1517532e-02;1.1250000e+02;4.9475379e-02;1.1250000e+02;6.9395252e-02;1.1250000e+02;9.0874940e-02;1.1250000e+02;1.1236763e-01;1.1250000e+02;1.3305122e-01;1.1250000e+02;1.5503336e-01;1.1250000e+02;1.8200348e-01;1.1250000e+02;2.1040104e-01;1.1250000e+02;2.2602652e-01;1.1250000e+02;2.1498458e-01;1.1250000e+02;1.8171814e-01;1.1250000e+02;1.3461676e-01;1.1250000e+02;8.5766196e-02;1.1250000e+02;4.1603811e-02;1.1250000e+02;-1.1652038e-03;1.1250000e+02;3.9627980e-03;1.1250000e+02;1.5211411e-02;1.1250000e+02;3.1517532e-02;1.1250000e+02;4.9475379e-02;1.1250000e+02;6.9395252e-02;1.1250000e+02;9.0874940e-02;1.1250000e+02;1.1236763e-01;1.1250000e+02;1.3305122e-01;1.1250000e+02;1.5503336e-01;1.1250000e+02;1.8200348e-01;1.1250000e+02;2.1040104e-01;1.1250000e+02;2.2602652e-01;1.1250000e+02;2.1498458e-01;1.1250000e+02;1.8171814e-01;1.1250000e+02;1.3461676e-01;1.1250000e+02;8.5766196e-02;1.1250000e+02;4.1603811e-02;1.1250000e+02;-1.1652038e-03;1.1250000e+02;3.9627980e-03;1.1250000e+02;1.5211411e-02;1.1250000e+02;3.1517532e-02;1.1250000e+02;4.9475379e-02;1.1250000e+02;6.9395252e-02;1.1250000e+02;9.0874940e-02;1.1250000e+02;1.1236763e-01;1.1250000e+02;1.3305122e-01;1.1250000e+02;1.5503336e-01;1.1250000e+02;1.8200348e-01;1.1250000e+02;2.1040104e-01;1.1250000e+02;2.2602652e-01;1.1250000e+02;2.1498458e-01;1.1250000e+02;1.8171814e-01;1.1250000e+02;1.3461676e-01;1.1250000e+02;8.5766196e-02;1.1250000e+02;4.1603811e-02;1.1250000e+02;-1.1652038e-03;1.1250000e+02;3.9627980e-03;1.1250000e+02;1.5211411e-02;1.1250000e+02;3.1517532e-02;1.1250000e+02;4.9475379e-02;1.1250000e+02;6.9395252e-02;1.1250000e+02;9.0874940e-02;1.1250000e+02;1.1236763e-01;1.1250000e+02;1.3305122e-01;1.1250000e+02;1.5503336e-01;1.1250000e+02;1.8200348e-01;1.1250000e+02;2.1040104e-01;1.1250000e+02;2.2602652e-01;1.1250000e+02;2.1498458e-01;1.1250000e+02;1.8171814e-01;1.1250000e+02;1.3461676e-01;1.1250000e+02;8.5766196e-02;1.1250000e+02;4.1603811e-02;1.1250000e+02;-1.1652038e-03;1.1250000e+02;3.9627980e-03;1.1250000e+02;1.5211411e-02;1.1250000e+02;3.1517532e-02;1.1250000e+02;4.9475379e-02;1.1250000e+02;6.9395252e-02;1.1250000e+02;9.0874940e-02;1.1250000e+02;1.1236763e-01;1.1250000e+02;1.3305122e-01;1.1250000e+02;1.5503336e-01;1.1250000e+02;1.8200348e-01;1.1250000e+02;2.1040104e-01;1.1250000e+02;2.2602652e-01;1.1250000e+02;2.1498458e-01;1.1250000e+02;1.8171814e-01;1.1250000e+02;1.3461676e-01;1.1250000e+02;8.5766196e-02;1.1250000e+02;4.1603811e-02;1.1250000e+02;-1.1652038e-03;1.1250000e+02;3.9627980e-03;1.1250000e+02;1.5211411e-02;1.1250000e+02;3.1517532e-02;1.1250000e+02;4.9475379e-02;1.1250000e+02;6.9395252e-02;1.1250000e+02;9.0874940e-02;1.1250000e+02;1.1236763e-01;1.1250000e+02;1.3305122e-01;1.1250000e+02;1.5503336e-01;1.1250000e+02;1.8200348e-01;1.1250000e+02;2.1040104e-01;1.1250000e+02;2.2602652e-01;1.1250000e+02;2.1498458e-01;1.1250000e+02;1.8171814e-01;1.1250000e+02;1.3461676e-01;1.1250000e+02;8.5766196e-02;1.1250000e+02;4.1603811e-02;1.1250000e+02;-1.1652038e-03;1.1250000e+02;3.9627980e-03;1.1250000e+02;1.5211411e-02;1.1250000e+02;3.1517532e-02;1.1250000e+02;4.9475379e-02;1.1250000e+02;6.9395252e-02;1.1250000e+02;9.0874940e-02;1.1250000e+02;1.1236763e-01;1.1250000e+02;1.3305122e-01;1.1250000e+02;1.5503336e-01;1.1250000e+02;1.8200348e-01;1.1250000e+02;2.1040104e-01;1.1250000e+02;2.2602652e-01;1.1250000e+02;2.1498458e-01;1.1250000e+02;1.8171814e-01;1.1250000e+02;1.3461676e-01;1.1250000e+02;8.5766196e-02;1.1250000e+02;4.1603811e-02;1.1250000e+02;-1.1652038e-03;1.1250000e+02;3.9627980e-03;1.1250000e+02;1.5211411e-02;1.1250000e+02;3.1517532e-02;1.1250000e+02;4.9475379e-02;1.1250000e+02;6.9395252e-02;1.1250000e+02;9.0874940e-02;1.1250000e+02;1.1236763e-01;1.1250000e+02;1.3305122e-01;1.1250000e+02;1.5503336e-01;1.1250000e+02;1.8200348e-01;1.1250000e+02;2.1040104e-01;1.1250000e+02;2.2602652e-01;1.1250000e+02;2.1498458e-01;1.1250000e+02;1.8171814e-01;1.1250000e+02;1.3461676e-01;1.1250000e+02;8.5766196e-02;1.1250000e+02;4.1603811e-02;1.1250000e+02;-1.1652038e-03;1.1250000e+02;3.9627980e-03;1.1250000e+02;1.5211411e-02;1.1250000e+02;3.1517532e-02;1.1250000e+02;4.9475379e-02;1.1250000e+02;6.9395252e-02;1.1250000e+02;9.0874940e-02;1.1250000e+02;1.1236763e-01;1.1250000e+02;1.3305122e-01;1.1250000e+02;1.5503336e-01;1.1250000e+02;1.8200348e-01;1.1250000e+02;2.1040104e-01;1.1250000e+02;2.2602652e-01;1.1250000e+02;2.1498458e-01;1.1250000e+02;1.8171814e-01;1.1250000e+02;1.3461676e-01;1.1250000e+02;8.5766196e-02;1.1250000e+02;4.1603811e-02;1.1250000e+02;-1.1652038e-03;1.1250000e+02;3.9627980e-03;1.1250000e+02;1.5211411e-02;1.1250000e+02;3.1517532e-02;1.1250000e+02;4.9475379e-02;1.1250000e+02;6.9395252e-02;1.1250000e+02;9.0874940e-02;1.1250000e+02;1.1236763e-01;1.1250000e+02;1.3305122e-01;1.1250000e+02;1.5503336e-01;1.1250000e+02;1.8200348e-01;1.1250000e+02;2.1040104e-01;1.1250000e+02;2.2602652e-01;1.1250000e+02;2.1498458e-01;1.1250000e+02;1.8171814e-01;1.1250000e+02;1.3461676e-01;1.1250000e+02;8.5766196e-02;1.1250000e+02;4.1603811e-02;1.1250000e+02;-1.1652038e-03;1.1250000e+02;3.9627980e-03;1.1250000e+02;1.5211411e-02;1.1250000e+02;3.1517532e-02;1.1250000e+02;4.9475379e-02;1.1250000e+02;6.9395252e-02;1.1250000e+02;9.0874940e-02;1.1250000e+02;1.1236763e-01;1.1250000e+02;1.3305122e-01;1.1250000e+02;1.5503336e-01;1.1250000e+02;1.8200348e-01;1.1250000e+02;2.1040104e-01;1.1250000e+02;2.2602652e-01;1.1250000e+02;2.1498458e-01;1.1250000e+02;1.8171814e-01;1.1250000e+02;1.3461676e-01;1.1250000e+02;8.5766196e-02;1.1250000e+02;4.1603811e-02;1.1250000e+02;-1.1652038e-03;1.1250000e+02;3.9627980e-03;1.1250000e+02;1.5211411e-02;1.1250000e+02;3.1517532e-02;1.1250000e+02;4.9475379e-02;1.1250000e+02;6.9395252e-02;1.1250000e+02;9.0874940e-02;1.1250000e+02;1.1236763e-01;1.1250000e+02;1.3305122e-01;1.1250000e+02;1.5503336e-01;1.1250000e+02;1.8200348e-01;1.1250000e+02;2.1040104e-01;1.1250000e+02;2.2602652e-01;1.1250000e+02;2.1498458e-01;1.1250000e+02;1.8171814e-01;1.1250000e+02;1.3461676e-01;1.1250000e+02;8.5766196e-02;1.1250000e+02;4.1603811e-02;1.1250000e+02;-1.1652038e-03;1.1250000e+02;3.9627980e-03;1.1250000e+02;1.5211411e-02;1.1250000e+02;3.1517532e-02;1.1250000e+02;4.9475379e-02;1.1250000e+02;6.9395252e-02;1.1250000e+02;9.0874940e-02;1.1250000e+02;1.1236763e-01;1.1250000e+02;1.3305122e-01;1.1250000e+02;1.5503336e-01;1.1250000e+02;1.8200348e-01;1.1250000e+02;2.1040104e-01;1.1250000e+02;2.2602652e-01;1.1250000e+02;2.1498458e-01;1.1250000e+02;1.8171814e-01;1.1250000e+02;1.3461676e-01;1.1250000e+02;8.5766196e-02;1.1250000e+02;4.1603811e-02;1.1250000e+02;-1.1652038e-03;1.1250000e+02;3.9627980e-03;1.1250000e+02;1.5211411e-02;1.1250000e+02;3.1517532e-02;1.1250000e+02;4.9475379e-02;1.1250000e+02;6.9395252e-02;1.1250000e+02;9.0874940e-02;1.1250000e+02;1.1236763e-01;1.1250000e+02;1.3305122e-01;1.1250000e+02;1.5503336e-01;1.1250000e+02;1.8200348e-01;1.1250000e+02;2.1040104e-01;1.1250000e+02;2.2602652e-01;1.1250000e+02;2.1498458e-01;1.1250000e+02;1.8171814e-01;1.1250000e+02;1.3461676e-01;1.1250000e+02;8.5766196e-02;1.1250000e+02;4.1603811e-02;1.1250000e+02;-1.1652038e-03;1.1250000e+02;3.9627980e-03;1.1250000e+02;1.5211411e-02;1.1250000e+02;3.1517532e-02;1.1250000e+02;4.9475379e-02;1.1250000e+02;6.9395252e-02;1.1250000e+02;9.0874940e-02;1.1250000e+02;1.1236763e-01;1.1250000e+02;1.3305122e-01;1.1250000e+02;1.5503336e-01;1.1250000e+02;1.8200348e-01;1.1250000e+02;2.1040104e-01;1.1250000e+02;2.2602652e-01;1.1250000e+02;2.1498458e-01;1.1250000e+02;1.8171814e-01;1.1250000e+02;1.3461676e-01;1.1250000e+02;8.5766196e-02;1.1250000e+02;4.1603811e-02;1.1250000e+02;-1.1652038e-03;1.1250000e+02;3.9627980e-03;1.1250000e+02;1.5211411e-02;1.1250000e+02;3.1517532e-02;1.1250000e+02;4.9475379e-02;1.1250000e+02;6.9395252e-02;1.1250000e+02;9.0874940e-02;1.1250000e+02;1.1236763e-01;1.1250000e+02;1.3305122e-01;1.1250000e+02;1.5503336e-01;1.1250000e+02;1.8200348e-01;1.1250000e+02;2.1040104e-01;1.1250000e+02;2.2602652e-01;1.1250000e+02;2.1498458e-01;1.1250000e+02;1.8171814e-01;1.1250000e+02;1.3461676e-01;1.1250000e+02;8.5766196e-02;1.1250000e+02;4.1603811e-02;1.1250000e+02;-1.1652038e-03;1.1250000e+02;3.9627980e-03;1.1250000e+02;1.5211411e-02;1.1250000e+02;3.1517532e-02;1.1250000e+02;4.9475379e-02;1.1250000e+02;6.9395252e-02;1.1250000e+02;9.0874940e-02;1.1250000e+02;1.1236763e-01;1.1250000e+02;1.3305122e-01;1.1250000e+02;1.5503336e-01;1.1250000e+02;1.8200348e-01;1.1250000e+02;2.1040104e-01;1.1250000e+02;2.2602652e-01;1.1250000e+02;2.1498458e-01;1.1250000e+02;1.8171814e-01;1.1250000e+02;1.3461676e-01;1.1250000e+02;8.5766196e-02;1.1250000e+02;4.1603811e-02;1.1250000e+02;-1.1652038e-03;1.1250000e+02;3.9627980e-03;1.1250000e+02;1.5211411e-02;1.1250000e+02;3.1517532e-02;1.1250000e+02;4.9475379e-02;1.1250000e+02;6.9395252e-02;1.1250000e+02;9.0874940e-02;1.1250000e+02;1.1236763e-01;1.1250000e+02;1.3305122e-01;1.1250000e+02;1.5503336e-01;1.1250000e+02;1.8200348e-01;1.1250000e+02;2.1040104e-01;1.1250000e+02;2.2602652e-01;1.1250000e+02;2.1498458e-01;1.1250000e+02;1.8171814e-01;1.1250000e+02;1.3461676e-01;1.1250000e+02;8.5766196e-02;1.1250000e+02;4.1603811e-02;1.1250000e+02;-1.1652038e-03;1.1250000e+02;3.9627980e-03;1.1250000e+02;1.5211411e-02;1.1250000e+02;3.1517532e-02;1.1250000e+02;4.9475379e-02;1.1250000e+02;6.9395252e-02;1.1250000e+02;9.0874940e-02;1.1250000e+02;1.1236763e-01;1.1250000e+02;1.3305122e-01;1.1250000e+02;1.5503336e-01;1.1250000e+02;1.8200348e-01;1.1250000e+02;2.1040104e-01;1.1250000e+02;2.2602652e-01;1.1250000e+02;2.1498458e-01;1.1250000e+02;1.8171814e-01;1.1250000e+02;1.3461676e-01;1.1250000e+02;8.5766196e-02;1.1250000e+02;4.1603811e-02;1.1250000e+02;-1.1652038e-03;1.1250000e+02;3.9627980e-03;1.1250000e+02;1.5211411e-02;1.1250000e+02;3.1517532e-02;1.1250000e+02;4.9475379e-02;1.1250000e+02;6.9395252e-02;1.1250000e+02;9.0874940e-02;1.1250000e+02;1.1236763e-01;1.1250000e+02;1.3305122e-01;1.1250000e+02;1.5503336e-01;1.1250000e+02;1.8200348e-01;1.1250000e+02;2.1040104e-01;1.1250000e+02;2.2602652e-01;1.1250000e+02;2.1498458e-01;1.1250000e+02;1.8171814e-01;1.1250000e+02;1.3461676e-01;1.1250000e+02;8.5766196e-02;1.1250000e+02;4.1603811e-02;1.1250000e+02;-1.1652038e-03;1.1250000e+02;3.9627980e-03;1.1250000e+02;1.5211411e-02;1.1250000e+02;3.1517532e-02;1.1250000e+02;4.9475379e-02;1.1250000e+02;6.9395252e-02;1.1250000e+02;9.0874940e-02;1.1250000e+02;1.1236763e-01;1.1250000e+02;1.3305122e-01;1.1250000e+02;1.5503336e-01;1.1250000e+02;1.8200348e-01;1.1250000e+02;2.1040104e-01;1.1250000e+02;2.2602652e-01;1.1250000e+02;2.1498458e-01;1.1250000e+02;1.8171814e-01;1.1250000e+02;1.3461676e-01;1.1250000e+02;8.5766196e-02;1.1250000e+02;4.1603811e-02;1.1250000e+02;-1.1652038e-03;1.1250000e+02;3.9627980e-03;1.1250000e+02;1.5211411e-02;1.1250000e+02;3.1517532e-02;1.1250000e+02;4.9475379e-02;1.1250000e+02;6.9395252e-02;1.1250000e+02;9.0874940e-02;1.1250000e+02;1.1236763e-01;1.1250000e+02;1.3305122e-01;1.1250000e+02;1.5503336e-01;1.1250000e+02;1.8200348e-01;1.1250000e+02;2.1040104e-01;1.1250000e+02;2.2602652e-01;1.1250000e+02;2.1498458e-01;1.1250000e+02;1.8171814e-01;1.1250000e+02;1.3461676e-01;1.1250000e+02;8.5766196e-02;1.1250000e+02;4.1603811e-02;1.1250000e+02;-1.1652038e-03;1.1250000e+02;3.9627980e-03;1.1250000e+02;1.5211411e-02;1.1250000e+02;3.1517532e-02;1.1250000e+02;4.9475379e-02;1.1250000e+02;6.9395252e-02;1.1250000e+02;9.0874940e-02;1.1250000e+02;1.1236763e-01;1.1250000e+02;1.3305122e-01;1.1250000e+02;1.5503336e-01;1.1250000e+02;1.8200348e-01;1.1250000e+02;2.1040104e-01;1.1250000e+02;2.2602652e-01;1.1250000e+02;2.1498458e-01;1.1250000e+02;1.8171814e-01;1.1250000e+02;1.3461676e-01;1.1250000e+02;8.5766196e-02;1.1250000e+02;4.1603811e-02;1.1250000e+02;-1.1652038e-03;1.1250000e+02;3.9627980e-03;1.1250000e+02;1.5211411e-02;1.1250000e+02;3.1517532e-02;1.1250000e+02;4.9475379e-02;1.1250000e+02;6.9395252e-02;1.1250000e+02;9.0874940e-02;1.1250000e+02;1.1236763e-01;1.1250000e+02;1.3305122e-01;1.1250000e+02;1.5503336e-01;1.1250000e+02;1.8200348e-01;1.1250000e+02;2.1040104e-01;1.1250000e+02;2.2602652e-01;1.1250000e+02;2.1498458e-01;1.1250000e+02;1.8171814e-01;1.1250000e+02;1.3461676e-01;1.1250000e+02;8.5766196e-02;1.1250000e+02;4.1603811e-02;1.1250000e+02;-1.1652038e-03;1.1250000e+02;3.9627980e-03;1.1250000e+02;1.5211411e-02;1.1250000e+02;3.1517532e-02;1.1250000e+02;4.9475379e-02;1.1250000e+02;6.9395252e-02;1.1250000e+02;9.0874940e-02;1.1250000e+02;1.1236763e-01;1.1250000e+02;1.3305122e-01;1.1250000e+02;1.5503336e-01;1.1250000e+02;1.8200348e-01;1.1250000e+02;2.1040104e-01;1.1250000e+02;2.2602652e-01;1.1250000e+02;2.1498458e-01;1.1250000e+02;1.8171814e-01;1.1250000e+02;1.3461676e-01;1.1250000e+02;8.5766196e-02;1.1250000e+02;4.1603811e-02;1.1250000e+02;-1.1652038e-03;1.1250000e+02;3.9627980e-03;1.1250000e+02;1.5211411e-02;1.1250000e+02;3.1517532e-02;1.1250000e+02;4.9475379e-02;1.1250000e+02;6.9395252e-02;1.1250000e+02;9.0874940e-02;1.1250000e+02;1.1236763e-01;1.1250000e+02;1.3305122e-01;1.1250000e+02;1.5503336e-01;1.1250000e+02;1.8200348e-01;1.1250000e+02;2.1040104e-01;1.1250000e+02;2.2602652e-01;1.1250000e+02;2.1498458e-01;1.1250000e+02;1.8171814e-01;1.1250000e+02;1.3461676e-01;1.1250000e+02;8.5766196e-02;1.1250000e+02;4.1603811e-02;1.1250000e+02;-1.1652038e-03;1.1250000e+02;3.9627980e-03;1.1250000e+02;1.5211411e-02;1.1250000e+02;3.1517532e-02;1.1250000e+02;4.9475379e-02;1.1250000e+02;6.9395252e-02;1.1250000e+02;9.0874940e-02;1.1250000e+02;1.1236763e-01;1.1250000e+02;1.3305122e-01;1.1250000e+02;1.5503336e-01;1.1250000e+02;1.8200348e-01;1.1250000e+02;2.1040104e-01;1.1250000e+02;2.2602652e-01;1.1250000e+02;2.1498458e-01;1.1250000e+02;1.8171814e-01;1.1250000e+02;1.3461676e-01;1.1250000e+02;8.5766196e-02;1.1250000e+02;4.1603811e-02;1.1250000e+02;-1.1652038e-03;1.1250000e+02;3.9627980e-03;1.1250000e+02;1.5211411e-02;1.1250000e+02;3.1517532e-02;1.1250000e+02;4.9475379e-02;1.1250000e+02;6.9395252e-02;1.1250000e+02;9.0874940e-02;1.1250000e+02;1.1236763e-01;1.1250000e+02;1.3305122e-01;1.1250000e+02;1.5503336e-01;1.1250000e+02;1.8200348e-01;1.1250000e+02;2.1040104e-01;1.1250000e+02;2.2602652e-01;1.1250000e+02;2.1498458e-01;1.1250000e+02;1.8171814e-01;1.1250000e+02;1.3461676e-01;1.1250000e+02;8.5766196e-02;1.1250000e+02;4.1603811e-02;1.1250000e+02;-1.1652038e-03;1.1250000e+02;3.9627980e-03;1.1250000e+02;1.5211411e-02;1.1250000e+02;3.1517532e-02;1.1250000e+02;4.9475379e-02;1.1250000e+02;6.9395252e-02;1.1250000e+02;9.0874940e-02;1.1250000e+02;1.1236763e-01;1.1250000e+02;1.3305122e-01;1.1250000e+02;1.5503336e-01;1.1250000e+02;1.8200348e-01;1.1250000e+02;2.1040104e-01;1.1250000e+02;2.2602652e-01;1.1250000e+02;2.1498458e-01;1.1250000e+02;1.8171814e-01;1.1250000e+02;1.3461676e-01;1.1250000e+02;8.5766196e-02;1.1250000e+02;4.1603811e-02;1.1250000e+02;-1.1652038e-03;1.1250000e+02;3.9627980e-03;1.1250000e+02;1.5211411e-02;1.1250000e+02;3.1517532e-02;1.1250000e+02;4.9475379e-02;1.1250000e+02;6.9395252e-02;1.1250000e+02;9.0874940e-02;1.1250000e+02;1.1236763e-01;1.1250000e+02;1.3305122e-01;1.1250000e+02;1.5503336e-01;1.1250000e+02;1.8200348e-01;1.1250000e+02;2.1040104e-01;1.1250000e+02;2.2602652e-01;1.1250000e+02;2.1498458e-01;1.1250000e+02;1.8171814e-01;1.1250000e+02;1.3461676e-01;1.1250000e+02;8.5766196e-02;1.1250000e+02;4.1603811e-02;1.1250000e+02;-1.1652038e-03;1.1250000e+02;3.9627980e-03;1.1250000e+02;1.5211411e-02;1.1250000e+02;3.1517532e-02;1.1250000e+02;4.9475379e-02;1.1250000e+02;6.9395252e-02;1.1250000e+02;9.0874940e-02;1.1250000e+02;1.1236763e-01;1.1250000e+02;1.3305122e-01;1.1250000e+02;1.5503336e-01;1.1250000e+02;1.8200348e-01;1.1250000e+02;2.1040104e-01;1.1250000e+02;2.2602652e-01;1.1250000e+02;2.1498458e-01;1.1250000e+02;1.8171814e-01;1.1250000e+02;1.3461676e-01;1.1250000e+02;8.5766196e-02;1.1250000e+02;4.1603811e-02;1.1250000e+02;-1.1652038e-03;1.1250000e+02;3.9627980e-03;1.1250000e+02;1.5211411e-02;1.1250000e+02;3.1517532e-02;1.1250000e+02;4.9475379e-02;1.1250000e+02;6.9395252e-02;1.1250000e+02;9.0874940e-02;1.1250000e+02;1.1236763e-01;1.1250000e+02;1.3305122e-01;1.1250000e+02;1.5503336e-01;1.1250000e+02;1.8200348e-01;1.1250000e+02;2.1040104e-01;1.1250000e+02;2.2602652e-01;1.1250000e+02;2.1498458e-01;1.1250000e+02;1.8171814e-01;1.1250000e+02;1.3461676e-01;1.1250000e+02;8.5766196e-02;1.1250000e+02;4.1603811e-02;1.1250000e+02;-1.1652038e-03;1.1250000e+02;3.9627980e-03;1.1250000e+02;1.5211411e-02;1.1250000e+02;3.1517532e-02;1.1250000e+02;4.9475379e-02;1.1250000e+02;6.9395252e-02;1.1250000e+02;9.0874940e-02;1.1250000e+02;1.1236763e-01;1.1250000e+02;1.3305122e-01;1.1250000e+02;1.5503336e-01;1.1250000e+02;1.8200348e-01;1.1250000e+02;2.1040104e-01;1.1250000e+02;2.2602652e-01;1.1250000e+02;2.1498458e-01;1.1250000e+02;1.8171814e-01;1.1250000e+02;1.3461676e-01;1.1250000e+02;8.5766196e-02;1.1250000e+02;4.1603811e-02;1.1250000e+02;-1.1652038e-03;1.1250000e+02;3.9627980e-03;1.1250000e+02;1.5211411e-02;1.1250000e+02;3.1517532e-02;1.1250000e+02;4.9475379e-02;1.1250000e+02;6.9395252e-02;1.1250000e+02;9.0874940e-02;1.1250000e+02;1.1236763e-01;1.1250000e+02;1.3305122e-01;1.1250000e+02;1.5503336e-01;1.1250000e+02;1.8200348e-01;1.1250000e+02;2.1040104e-01;1.1250000e+02;2.2602652e-01;1.1250000e+02;2.1498458e-01;1.1250000e+02;1.8171814e-01;1.1250000e+02;1.3461676e-01;1.1250000e+02;8.5766196e-02;1.1250000e+02;4.1603811e-02;1.1250000e+02;-1.1652038e-03;1.1250000e+02;3.9627980e-03;1.1250000e+02;1.5211411e-02;1.1250000e+02;3.1517532e-02;1.1250000e+02;4.9475379e-02;1.1250000e+02;6.9395252e-02;1.1250000e+02;9.0874940e-02;1.1250000e+02;1.1236763e-01;1.1250000e+02;1.3305122e-01;1.1250000e+02;1.5503336e-01;1.1250000e+02;1.8200348e-01;1.1250000e+02;2.1040104e-01;1.1250000e+02;2.2602652e-01;1.1250000e+02;2.1498458e-01;1.1250000e+02;1.8171814e-01;1.1250000e+02;1.3461676e-01;1.1250000e+02;8.5766196e-02;1.1250000e+02;4.1603811e-02;1.1250000e+02;-1.1652038e-03;1.1250000e+02;3.9627980e-03;1.1250000e+02;1.5211411e-02;1.1250000e+02;3.1517532e-02;1.1250000e+02;4.9475379e-02;1.1250000e+02;6.9395252e-02;1.1250000e+02;9.0874940e-02;1.1250000e+02;1.1236763e-01;1.1250000e+02;1.3305122e-01;1.1250000e+02;1.5503336e-01;1.1250000e+02;1.8200348e-01;1.1250000e+02;2.1040104e-01;1.1250000e+02;2.2602652e-01;1.1250000e+02;2.1498458e-01;1.1250000e+02;1.8171814e-01;1.1250000e+02;1.3461676e-01;1.1250000e+02;8.5766196e-02;1.1250000e+02;4.1603811e-02;1.1250000e+02;-1.1652038e-03;1.1250000e+02;3.9627980e-03;1.1250000e+02;1.5211411e-02;1.1250000e+02;3.1517532e-02;1.1250000e+02;4.9475379e-02;1.1250000e+02;6.9395252e-02;1.1250000e+02;9.0874940e-02;1.1250000e+02;1.1236763e-01;1.1250000e+02;1.3305122e-01;1.1250000e+02;1.5503336e-01;1.1250000e+02;1.8200348e-01;1.1250000e+02;2.1040104e-01;1.1250000e+02;2.2602652e-01;1.1250000e+02;2.1498458e-01;1.1250000e+02;1.8171814e-01;1.1250000e+02;1.3461676e-01;1.1250000e+02;8.5766196e-02;1.1250000e+02;4.1603811e-02;1.1250000e+02;-1.1652038e-03;1.1250000e+02;3.9627980e-03;1.1250000e+02;1.5211411e-02;1.1250000e+02;3.1517532e-02;1.1250000e+02;4.9475379e-02;1.1250000e+02;6.9395252e-02;1.1250000e+02;9.0874940e-02;1.1250000e+02;1.1236763e-01;1.1250000e+02;1.3305122e-01;1.1250000e+02;1.5503336e-01;1.1250000e+02;1.8200348e-01;1.1250000e+02;2.1040104e-01;1.1250000e+02;2.2602652e-01;1.1250000e+02;2.1498458e-01;1.1250000e+02;1.8171814e-01;1.1250000e+02;1.3461676e-01;1.1250000e+02;8.5766196e-02;1.1250000e+02;4.1603811e-02;1.1250000e+02;-1.1652038e-03;1.1250000e+02;3.9627980e-03;1.1250000e+02;1.5211411e-02;1.1250000e+02;3.1517532e-02;1.1250000e+02;4.9475379e-02;1.1250000e+02;6.9395252e-02;1.1250000e+02;9.0874940e-02;1.1250000e+02;1.1236763e-01;1.1250000e+02;1.3305122e-01;1.1250000e+02;1.5503336e-01;1.1250000e+02;1.8200348e-01;1.1250000e+02;2.1040104e-01;1.1250000e+02;2.2602652e-01;1.1250000e+02;2.1498458e-01;1.1250000e+02;1.8171814e-01;1.1250000e+02;1.3461676e-01;1.1250000e+02;8.5766196e-02;1.1250000e+02;4.1603811e-02;1.1250000e+02;-1.1652038e-03;1.1250000e+02;3.9627980e-03;1.1250000e+02;1.5211411e-02;1.1250000e+02;3.1517532e-02;1.1250000e+02;4.9475379e-02;1.1250000e+02;6.9395252e-02;1.1250000e+02;9.0874940e-02;1.1250000e+02;1.1236763e-01;1.1250000e+02;1.3305122e-01;1.1250000e+02;1.5503336e-01;1.1250000e+02;1.8200348e-01;1.1250000e+02;2.1040104e-01;1.1250000e+02;2.2602652e-01;1.1250000e+02;2.1498458e-01;1.1250000e+02;1.8171814e-01;1.1250000e+02;1.3461676e-01;1.1250000e+02;8.5766196e-02;1.1250000e+02;4.1603811e-02;1.1250000e+02;-1.1652038e-03;1.1250000e+02;3.9627980e-03;1.1250000e+02;1.5211411e-02;1.1250000e+02;3.1517532e-02;1.1250000e+02;4.9475379e-02;1.1250000e+02;6.9395252e-02;1.1250000e+02;9.0874940e-02;1.1250000e+02;1.1236763e-01;1.1250000e+02;1.3305122e-01;1.1250000e+02;1.5503336e-01;1.1250000e+02;1.8200348e-01;1.1250000e+02;2.1040104e-01;1.1250000e+02;2.2602652e-01;1.1250000e+02;2.1498458e-01;1.1250000e+02;1.8171814e-01;1.1250000e+02;1.3461676e-01;1.1250000e+02;8.5766196e-02;1.1250000e+02;4.1603811e-02;1.1250000e+02;-1.1652038e-03;1.1250000e+02;3.9627980e-03;1.1250000e+02;1.5211411e-02;1.1250000e+02;3.1517532e-02;1.1250000e+02;4.9475379e-02;1.1250000e+02;6.9395252e-02;1.1250000e+02;9.0874940e-02;1.1250000e+02;1.1236763e-01;1.1250000e+02;1.3305122e-01;1.1250000e+02;1.5503336e-01;1.1250000e+02;1.8200348e-01;1.1250000e+02;2.1040104e-01;1.1250000e+02;2.2602652e-01;1.1250000e+02;2.1498458e-01;1.1250000e+02;1.8171814e-01;1.1250000e+02;1.3461676e-01;1.1250000e+02;8.5766196e-02;1.1250000e+02;4.1603811e-02;1.1250000e+02;-1.1652038e-03;1.1250000e+02;3.9627980e-03;1.1250000e+02;1.5211411e-02;1.1250000e+02;3.1517532e-02;1.1250000e+02;4.9475379e-02;1.1250000e+02;6.9395252e-02;1.1250000e+02;9.0874940e-02;1.1250000e+02;1.1236763e-01;1.1250000e+02;1.3305122e-01;1.1250000e+02;1.5503336e-01;1.1250000e+02;1.8200348e-01;1.1250000e+02;2.1040104e-01;1.1250000e+02;2.2602652e-01;1.1250000e+02;2.1498458e-01;1.1250000e+02;1.8171814e-01;1.1250000e+02;1.3461676e-01;1.1250000e+02;8.5766196e-02;1.1250000e+02;4.1603811e-02;1.1250000e+02;-1.1652038e-03;1.1250000e+02;3.9627980e-03;1.1250000e+02;1.5211411e-02;1.1250000e+02;3.1517532e-02;1.1250000e+02;4.9475379e-02;1.1250000e+02;6.9395252e-02;1.1250000e+02;9.0874940e-02;1.1250000e+02;1.1236763e-01;1.1250000e+02;1.3305122e-01;1.1250000e+02;1.5503336e-01;1.1250000e+02;1.8200348e-01;1.1250000e+02;2.1040104e-01;1.1250000e+02;2.2602652e-01;1.1250000e+02;2.1498458e-01;1.1250000e+02;1.8171814e-01;1.1250000e+02;1.3461676e-01;1.1250000e+02;8.5766196e-02;1.1250000e+02;4.1603811e-02;1.1250000e+02;-1.1652038e-03;1.1250000e+02;3.9627980e-03;1.1250000e+02;1.5211411e-02;1.1250000e+02;3.1517532e-02;1.1250000e+02;4.9475379e-02;1.1250000e+02;6.9395252e-02;1.1250000e+02;9.0874940e-02;1.1250000e+02;1.1236763e-01;1.1250000e+02;1.3305122e-01;1.1250000e+02;1.5503336e-01;1.1250000e+02;1.8200348e-01;1.1250000e+02;2.1040104e-01;1.1250000e+02;2.2602652e-01;1.1250000e+02;2.1498458e-01;1.1250000e+02;1.8171814e-01;1.1250000e+02;1.3461676e-01;1.1250000e+02;8.5766196e-02;1.1250000e+02;4.1603811e-02;1.1250000e+02;-1.1652038e-03;1.1250000e+02;3.9627980e-03;1.1250000e+02;1.5211411e-02;1.1250000e+02;3.1517532e-02;1.1250000e+02;4.9475379e-02;1.1250000e+02;6.9395252e-02;1.1250000e+02;9.0874940e-02;1.1250000e+02;1.1236763e-01;1.1250000e+02;1.3305122e-01;1.1250000e+02;1.5503336e-01;1.1250000e+02;1.8200348e-01;1.1250000e+02;2.1040104e-01;1.1250000e+02;2.2602652e-01;1.1250000e+02;2.1498458e-01;1.1250000e+02;1.8171814e-01;1.1250000e+02;1.3461676e-01;1.1250000e+02;8.5766196e-02;1.1250000e+02;4.1603811e-02;1.1250000e+02;-1.1652038e-03;1.1250000e+02;3.9627980e-03;1.1250000e+02;1.5211411e-02;1.1250000e+02;3.1517532e-02;1.1250000e+02;4.9475379e-02;1.1250000e+02;6.9395252e-02;1.1250000e+02;9.0874940e-02;1.1250000e+02;1.1236763e-01;1.1250000e+02;1.3305122e-01;1.1250000e+02;1.5503336e-01;1.1250000e+02;1.8200348e-01;1.1250000e+02;2.1040104e-01;1.1250000e+02;2.2602652e-01;1.1250000e+02;2.1498458e-01;1.1250000e+02;1.8171814e-01;1.1250000e+02;1.3461676e-01;1.1250000e+02;8.5766196e-02;1.1250000e+02;4.1603811e-02;1.1250000e+02;-1.1652038e-03;1.1250000e+02;3.9627980e-03;1.1250000e+02;1.5211411e-02;1.1250000e+02;3.1517532e-02;1.1250000e+02;4.9475379e-02;1.1250000e+02;6.9395252e-02;1.1250000e+02;9.0874940e-02;1.1250000e+02;1.1236763e-01;1.1250000e+02;1.3305122e-01;1.1250000e+02;1.5503336e-01;1.1250000e+02;1.8200348e-01;1.1250000e+02;2.1040104e-01;1.1250000e+02;2.2602652e-01;1.1250000e+02;2.1498458e-01;1.1250000e+02;1.8171814e-01;1.1250000e+02;1.3461676e-01;1.1250000e+02;8.5766196e-02;1.1250000e+02;4.1603811e-02;1.1250000e+02;-1.1652038e-03;1.1250000e+02;3.9627980e-03;1.1250000e+02;1.5211411e-02;1.1250000e+02;3.1517532e-02;1.1250000e+02;4.9475379e-02;1.1250000e+02;6.9395252e-02;1.1250000e+02;9.0874940e-02;1.1250000e+02;1.1236763e-01;1.1250000e+02;1.3305122e-01;1.1250000e+02;1.5503336e-01;1.1250000e+02;1.8200348e-01;1.1250000e+02;2.1040104e-01;1.1250000e+02;2.2602652e-01;1.1250000e+02;2.1498458e-01;1.1250000e+02;1.8171814e-01;1.1250000e+02;1.3461676e-01;1.1250000e+02;8.5766196e-02;1.1250000e+02;4.1603811e-02;1.1250000e+02;-1.1652038e-03;1.1250000e+02;3.9627980e-03;1.1250000e+02;1.5211411e-02;1.1250000e+02;3.1517532e-02;1.1250000e+02;4.9475379e-02;1.1250000e+02;6.9395252e-02;1.1250000e+02;9.0874940e-02;1.1250000e+02;1.1236763e-01;1.1250000e+02;1.3305122e-01;1.1250000e+02;1.5503336e-01;1.1250000e+02;1.8200348e-01;1.1250000e+02;2.1040104e-01;1.1250000e+02;2.2602652e-01;1.1250000e+02;2.1498458e-01;1.1250000e+02;1.8171814e-01;1.1250000e+02;1.3461676e-01;1.1250000e+02;8.5766196e-02;1.1250000e+02;4.1603811e-02;1.1250000e+02;-1.1652038e-03;1.1250000e+02;3.9627980e-03;1.1250000e+02;1.5211411e-02;1.1250000e+02;3.1517532e-02;1.1250000e+02;4.9475379e-02;1.1250000e+02;6.9395252e-02;1.1250000e+02;9.0874940e-02;1.1250000e+02;1.1236763e-01;1.1250000e+02;1.3305122e-01;1.1250000e+02;1.5503336e-01;1.1250000e+02;1.8200348e-01;1.1250000e+02;2.1040104e-01;1.1250000e+02;2.2602652e-01;1.1250000e+02;2.1498458e-01;1.1250000e+02;1.8171814e-01;1.1250000e+02;1.3461676e-01;1.1250000e+02;8.5766196e-02;1.1250000e+02;4.1603811e-02;1.1250000e+02;-1.1652038e-03;1.1250000e+02;3.9627980e-03;1.1250000e+02;1.5211411e-02;1.1250000e+02;3.1517532e-02;1.1250000e+02;4.9475379e-02;1.1250000e+02;6.9395252e-02;1.1250000e+02;9.0874940e-02;1.1250000e+02;1.1236763e-01;1.1250000e+02;1.3305122e-01;1.1250000e+02;1.5503336e-01;1.1250000e+02;1.8200348e-01;1.1250000e+02;2.1040104e-01;1.1250000e+02;2.2602652e-01;1.1250000e+02;2.1498458e-01;1.1250000e+02;1.8171814e-01;1.1250000e+02;1.3461676e-01;1.1250000e+02;8.5766196e-02;1.1250000e+02;4.1603811e-02;1.1250000e+02;-1.1652038e-03;1.1250000e+02;3.9627980e-03;1.1250000e+02;1.5211411e-02;1.1250000e+02;3.1517532e-02;1.1250000e+02;4.9475379e-02;1.1250000e+02;6.9395252e-02;1.1250000e+02;9.0874940e-02;1.1250000e+02;1.1236763e-01;1.1250000e+02;1.3305122e-01;1.1250000e+02;1.5503336e-01;1.1250000e+02;1.8200348e-01;1.1250000e+02;2.1040104e-01;1.1250000e+02;2.2602652e-01;1.1250000e+02;2.1498458e-01;1.1250000e+02;1.8171814e-01;1.1250000e+02;1.3461676e-01;1.1250000e+02;8.5766196e-02;1.1250000e+02;4.1603811e-02;1.1250000e+02;-1.1652038e-03;1.1250000e+02;3.9627980e-03;1.1250000e+02;1.5211411e-02;1.1250000e+02;3.1517532e-02;1.1250000e+02;4.9475379e-02;1.1250000e+02;6.9395252e-02;1.1250000e+02;9.0874940e-02;1.1250000e+02;1.1236763e-01;1.1250000e+02;1.3305122e-01;1.1250000e+02;1.5503336e-01;1.1250000e+02;1.8200348e-01;1.1250000e+02;2.1040104e-01;1.1250000e+02;2.2602652e-01;1.1250000e+02;2.1498458e-01;1.1250000e+02;1.8171814e-01;1.1250000e+02;1.3461676e-01;1.1250000e+02;8.5766196e-02;1.1250000e+02;4.1603811e-02;1.1250000e+02;-1.1652038e-03;1.1250000e+02;3.9627980e-03;1.1250000e+02;1.5211411e-02;1.1250000e+02;3.1517532e-02;1.1250000e+02;4.9475379e-02;1.1250000e+02;6.9395252e-02;1.1250000e+02;9.0874940e-02;1.1250000e+02;1.1236763e-01;1.1250000e+02;1.3305122e-01;1.1250000e+02;1.5503336e-01;1.1250000e+02;1.8200348e-01;1.1250000e+02;2.1040104e-01;1.1250000e+02;2.2602652e-01;1.1250000e+02;2.1498458e-01;1.1250000e+02;1.8171814e-01;1.1250000e+02;1.3461676e-01;1.1250000e+02;8.5766196e-02;1.1250000e+02;4.1603811e-02;1.1250000e+02;-1.1652038e-03;1.1250000e+02;3.9627980e-03;1.1250000e+02;1.5211411e-02;1.1250000e+02;3.1517532e-02;1.1250000e+02;4.9475379e-02;1.1250000e+02;6.9395252e-02;1.1250000e+02;9.0874940e-02;1.1250000e+02;1.1236763e-01;1.1250000e+02;1.3305122e-01;1.1250000e+02;1.5503336e-01;1.1250000e+02;1.8200348e-01;1.1250000e+02;2.1040104e-01;1.1250000e+02;2.2602652e-01;1.1250000e+02;2.1498458e-01;1.1250000e+02;1.8171814e-01;1.1250000e+02;1.3461676e-01;1.1250000e+02;8.5766196e-02;1.1250000e+02;4.1603811e-02;1.1250000e+02;-1.1652038e-03;1.1250000e+02;3.9627980e-03;1.1250000e+02;1.5211411e-02;1.1250000e+02;3.1517532e-02;1.1250000e+02;4.9475379e-02;1.1250000e+02;6.9395252e-02;1.1250000e+02;9.0874940e-02;1.1250000e+02;1.1236763e-01;1.1250000e+02;1.3305122e-01;1.1250000e+02;1.5503336e-01;1.1250000e+02;1.8200348e-01;1.1250000e+02;2.1040104e-01;1.1250000e+02;2.2602652e-01;1.1250000e+02;2.1498458e-01;1.1250000e+02;1.8171814e-01;1.1250000e+02;1.3461676e-01;1.1250000e+02;8.5766196e-02;1.1250000e+02;4.1603811e-02;1.1250000e+02;-1.1652038e-03;1.1250000e+02;3.9627980e-03;1.1250000e+02;1.5211411e-02;1.1250000e+02;3.1517532e-02;1.1250000e+02;4.9475379e-02;1.1250000e+02;6.9395252e-02;1.1250000e+02;9.0874940e-02;1.1250000e+02;1.1236763e-01;1.1250000e+02;1.3305122e-01;1.1250000e+02;1.5503336e-01;1.1250000e+02;1.8200348e-01;1.1250000e+02;2.1040104e-01;1.1250000e+02;2.2602652e-01;1.1250000e+02;2.1498458e-01;1.1250000e+02;1.8171814e-01;1.1250000e+02;1.3461676e-01;1.1250000e+02;8.5766196e-02;1.1250000e+02;4.1603811e-02;1.1250000e+02;-1.1652038e-03;1.1250000e+02;3.9627980e-03;1.1250000e+02;1.5211411e-02;1.1250000e+02;3.1517532e-02;1.1250000e+02;4.9475379e-02;1.1250000e+02;6.9395252e-02;1.1250000e+02;9.0874940e-02;1.1250000e+02;1.1236763e-01;1.1250000e+02;1.3305122e-01;1.1250000e+02;1.5503336e-01;1.1250000e+02;1.8200348e-01;1.1250000e+02;2.1040104e-01;1.1250000e+02;2.2602652e-01;1.1250000e+02;2.1498458e-01;1.1250000e+02;1.8171814e-01;1.1250000e+02;1.3461676e-01;1.1250000e+02;8.5766196e-02;1.1250000e+02;4.1603811e-02;1.1250000e+02;-1.1652038e-03;1.1250000e+02;3.9627980e-03;1.1250000e+02;1.5211411e-02;1.1250000e+02;3.1517532e-02;1.1250000e+02;4.9475379e-02;1.1250000e+02;6.9395252e-02;1.1250000e+02;9.0874940e-02;1.1250000e+02;1.1236763e-01;1.1250000e+02;1.3305122e-01;1.1250000e+02;1.5503336e-01;1.1250000e+02;1.8200348e-01;1.1250000e+02;2.1040104e-01;1.1250000e+02;2.2602652e-01;1.1250000e+02;2.1498458e-01;1.1250000e+02;1.8171814e-01;1.1250000e+02;1.3461676e-01;1.1250000e+02;8.5766196e-02;1.1250000e+02;4.1603811e-02;1.1250000e+02;-1.1652038e-03;1.1250000e+02;3.9627980e-03;1.1250000e+02;1.5211411e-02;1.1250000e+02;3.1517532e-02;1.1250000e+02;4.9475379e-02;1.1250000e+02;6.9395252e-02;1.1250000e+02;9.0874940e-02;1.1250000e+02;1.1236763e-01;1.1250000e+02;1.3305122e-01;1.1250000e+02;1.5503336e-01;1.1250000e+02;1.8200348e-01;1.1250000e+02;2.1040104e-01;1.1250000e+02;2.2602652e-01;1.1250000e+02;2.1498458e-01;1.1250000e+02;1.8171814e-01;1.1250000e+02;1.3461676e-01;1.1250000e+02;8.5766196e-02;1.1250000e+02;4.1603811e-02;1.1250000e+02;-1.1652038e-03;1.1250000e+02;3.9627980e-03;1.1250000e+02;1.5211411e-02;1.1250000e+02;3.1517532e-02;1.1250000e+02;4.9475379e-02;1.1250000e+02;6.9395252e-02;1.1250000e+02;9.0874940e-02;1.1250000e+02;1.1236763e-01;1.1250000e+02;1.3305122e-01;1.1250000e+02;1.5503336e-01;1.1250000e+02;1.8200348e-01;1.1250000e+02;2.1040104e-01;1.1250000e+02;2.2602652e-01;1.1250000e+02;2.1498458e-01;1.1250000e+02;1.8171814e-01;1.1250000e+02;1.3461676e-01;1.1250000e+02;8.5766196e-02;1.1250000e+02;4.1603811e-02;1.1250000e+02;-1.1652038e-03;1.1250000e+02;3.9627980e-03;1.1250000e+02;1.5211411e-02;1.1250000e+02;3.1517532e-02;1.1250000e+02;4.9475379e-02;1.1250000e+02;6.9395252e-02;1.1250000e+02;9.0874940e-02;1.1250000e+02;1.1236763e-01;1.1250000e+02;1.3305122e-01;1.1250000e+02;1.5503336e-01;1.1250000e+02;1.8200348e-01;1.1250000e+02;2.1040104e-01;1.1250000e+02;2.2602652e-01;1.1250000e+02;2.1498458e-01;1.1250000e+02;1.8171814e-01;1.1250000e+02;1.3461676e-01;1.1250000e+02;8.5766196e-02;1.1250000e+02;4.1603811e-02;1.1250000e+02;-1.1652038e-03;1.1250000e+02;3.9627980e-03;1.1250000e+02;1.5211411e-02;1.1250000e+02;3.1517532e-02;1.1250000e+02;4.9475379e-02;1.1250000e+02;6.9395252e-02;1.1250000e+02;9.0874940e-02;1.1250000e+02;1.1236763e-01;1.1250000e+02;1.3305122e-01;1.1250000e+02;1.5503336e-01;1.1250000e+02;1.8200348e-01;1.1250000e+02;2.1040104e-01;1.1250000e+02;2.2602652e-01;1.1250000e+02;2.1498458e-01;1.1250000e+02;1.8171814e-01;1.1250000e+02;1.3461676e-01;1.1250000e+02;8.5766196e-02;1.1250000e+02;4.1603811e-02;1.1250000e+02;-1.1652038e-03;1.1250000e+02;3.9627980e-03;1.1250000e+02;1.5211411e-02;1.1250000e+02;3.1517532e-02;1.1250000e+02;4.9475379e-02;1.1250000e+02;6.9395252e-02;1.1250000e+02;9.0874940e-02;1.1250000e+02;1.1236763e-01;1.1250000e+02;1.3305122e-01;1.1250000e+02;1.5503336e-01;1.1250000e+02;1.8200348e-01;1.1250000e+02;2.1040104e-01;1.1250000e+02;2.2602652e-01;1.1250000e+02;2.1498458e-01;1.1250000e+02;1.8171814e-01;1.1250000e+02;1.3461676e-01;1.1250000e+02;8.5766196e-02;1.1250000e+02;4.1603811e-02;1.1250000e+02;-1.1652038e-03;1.1250000e+02;3.9627980e-03;1.1250000e+02;1.5211411e-02;1.1250000e+02;3.1517532e-02;1.1250000e+02;4.9475379e-02;1.1250000e+02;6.9395252e-02;1.1250000e+02;9.0874940e-02;1.1250000e+02;1.1236763e-01;1.1250000e+02;1.3305122e-01;1.1250000e+02;1.5503336e-01;1.1250000e+02;1.8200348e-01;1.1250000e+02;2.1040104e-01;1.1250000e+02;2.2602652e-01;1.1250000e+02;2.1498458e-01;1.1250000e+02;1.8171814e-01;1.1250000e+02;1.3461676e-01;1.1250000e+02;8.5766196e-02;1.1250000e+02;4.1603811e-02;1.1250000e+02;-1.1652038e-03;1.1250000e+02;3.9627980e-03;1.1250000e+02;1.5211411e-02;1.1250000e+02;3.1517532e-02;1.1250000e+02;4.9475379e-02;1.1250000e+02;6.9395252e-02;1.1250000e+02;9.0874940e-02;1.1250000e+02;1.1236763e-01;1.1250000e+02;1.3305122e-01;1.1250000e+02;1.5503336e-01;1.1250000e+02;1.8200348e-01;1.1250000e+02;2.1040104e-01;1.1250000e+02;2.2602652e-01;1.1250000e+02;2.1498458e-01;1.1250000e+02;1.8171814e-01;1.1250000e+02;1.3461676e-01;1.1250000e+02;8.5766196e-02;1.1250000e+02;4.1603811e-02;1.1250000e+02;-1.1652038e-03;1.1250000e+02;3.9627980e-03;1.1250000e+02;1.5211411e-02;1.1250000e+02;3.1517532e-02;1.1250000e+02;4.9475379e-02;1.1250000e+02;6.9395252e-02;1.1250000e+02;9.0874940e-02;1.1250000e+02;1.1236763e-01;1.1250000e+02;1.3305122e-01;1.1250000e+02;1.5503336e-01;1.1250000e+02;1.8200348e-01;1.1250000e+02;2.1040104e-01;1.1250000e+02;2.2602652e-01;1.1250000e+02;2.1498458e-01;1.1250000e+02;1.8171814e-01;1.1250000e+02;1.3461676e-01;1.1250000e+02;8.5766196e-02;1.1250000e+02;4.1603811e-02;1.1250000e+02;-1.1652038e-03;1.1250000e+02;3.9627980e-03;1.1250000e+02;1.5211411e-02;1.1250000e+02;3.1517532e-02;1.1250000e+02;4.9475379e-02;1.1250000e+02;6.9395252e-02;1.1250000e+02;9.0874940e-02;1.1250000e+02;1.1236763e-01;1.1250000e+02;1.3305122e-01;1.1250000e+02;1.5503336e-01;1.1250000e+02;1.8200348e-01;1.1250000e+02;2.1040104e-01;1.1250000e+02;2.2602652e-01;1.1250000e+02;2.1498458e-01;1.1250000e+02;1.8171814e-01;1.1250000e+02;1.3461676e-01;1.1250000e+02;8.5766196e-02;1.1250000e+02;4.1603811e-02;1.1250000e+02;-1.1652038e-03;1.1250000e+02;3.9627980e-03;1.1250000e+02;1.5211411e-02;1.1250000e+02;3.1517532e-02;1.1250000e+02;4.9475379e-02;1.1250000e+02;6.9395252e-02;1.1250000e+02;9.0874940e-02;1.1250000e+02;1.1236763e-01;1.1250000e+02;1.3305122e-01;1.1250000e+02;1.5503336e-01;1.1250000e+02;1.8200348e-01;1.1250000e+02;2.1040104e-01;1.1250000e+02;2.2602652e-01;1.1250000e+02;2.1498458e-01;1.1250000e+02;1.8171814e-01;1.1250000e+02;1.3461676e-01;1.1250000e+02;8.5766196e-02;1.1250000e+02;4.1603811e-02;1.1250000e+02;-1.1652038e-03;1.1250000e+02;3.9627980e-03;1.1250000e+02;1.5211411e-02;1.1250000e+02;3.1517532e-02;1.1250000e+02;4.9475379e-02;1.1250000e+02;6.9395252e-02;1.1250000e+02;9.0874940e-02;1.1250000e+02;1.1236763e-01;1.1250000e+02;1.3305122e-01;1.1250000e+02;1.5503336e-01;1.1250000e+02;1.8200348e-01;1.1250000e+02;2.1040104e-01;1.1250000e+02;2.2602652e-01;1.1250000e+02;2.1498458e-01;1.1250000e+02;1.8171814e-01;1.1250000e+02;1.3461676e-01;1.1250000e+02;8.5766196e-02;1.1250000e+02;4.1603811e-02;1.1250000e+02;-1.1652038e-03;1.1250000e+02;3.9627980e-03;1.1250000e+02;1.5211411e-02;1.1250000e+02;3.1517532e-02;1.1250000e+02;4.9475379e-02;1.1250000e+02;6.9395252e-02;1.1250000e+02;9.0874940e-02;1.1250000e+02;1.1236763e-01;1.1250000e+02;1.3305122e-01;1.1250000e+02;1.5503336e-01;1.1250000e+02;1.8200348e-01;1.1250000e+02;2.1040104e-01;1.1250000e+02;2.2602652e-01;1.1250000e+02;2.1498458e-01;1.1250000e+02;1.8171814e-01;1.1250000e+02;1.3461676e-01;1.1250000e+02;8.5766196e-02;1.1250000e+02;4.1603811e-02;1.1250000e+02;-1.1652038e-03;1.1250000e+02;3.9627980e-03;1.1250000e+02;1.5211411e-02;1.1250000e+02;3.1517532e-02;1.1250000e+02;4.9475379e-02;1.1250000e+02;6.9395252e-02;1.1250000e+02;9.0874940e-02;1.1250000e+02;1.1236763e-01;1.1250000e+02;1.3305122e-01;1.1250000e+02;1.5503336e-01;1.1250000e+02;1.8200348e-01;1.1250000e+02;2.1040104e-01;1.1250000e+02;2.2602652e-01;1.1250000e+02;2.1498458e-01;1.1250000e+02;1.8171814e-01;1.1250000e+02;1.3461676e-01;1.1250000e+02;8.5766196e-02;1.1250000e+02;4.1603811e-02;1.1250000e+02;-1.1652038e-03;1.1250000e+02;3.9627980e-03;1.1250000e+02;1.5211411e-02;1.1250000e+02;3.1517532e-02;1.1250000e+02;4.9475379e-02;1.1250000e+02;6.9395252e-02;1.1250000e+02;9.0874940e-02;1.1250000e+02;1.1236763e-01;1.1250000e+02;1.3305122e-01;1.1250000e+02;1.5503336e-01;1.1250000e+02;1.8200348e-01;1.1250000e+02;2.1040104e-01;1.1250000e+02;2.2602652e-01;1.1250000e+02;2.1498458e-01;1.1250000e+02;1.8171814e-01;1.1250000e+02;1.3461676e-01;1.1250000e+02;8.5766196e-02;1.1250000e+02;4.1603811e-02;1.1250000e+02;-1.1652038e-03;1.1250000e+02;3.9627980e-03;1.1250000e+02;1.5211411e-02;1.1250000e+02;3.1517532e-02;1.1250000e+02;4.9475379e-02;1.1250000e+02;6.9395252e-02;1.1250000e+02;9.0874940e-02;1.1250000e+02;1.1236763e-01;1.1250000e+02;1.3305122e-01;1.1250000e+02;1.5503336e-01;1.1250000e+02;1.8200348e-01;1.1250000e+02;2.1040104e-01;1.1250000e+02;2.2602652e-01;1.1250000e+02;2.1498458e-01;1.1250000e+02;1.8171814e-01;1.1250000e+02;1.3461676e-01;1.1250000e+02;8.5766196e-02;1.1250000e+02;4.1603811e-02;1.1250000e+02;-1.1652038e-03;1.1250000e+02;3.9627980e-03;1.1250000e+02;1.5211411e-02;1.1250000e+02;3.1517532e-02;1.1250000e+02;4.9475379e-02;1.1250000e+02;6.9395252e-02;1.1250000e+02;9.0874940e-02;1.1250000e+02;1.1236763e-01;1.1250000e+02;1.3305122e-01;1.1250000e+02;1.5503336e-01;1.1250000e+02;1.8200348e-01;1.1250000e+02;2.1040104e-01;1.1250000e+02;2.2602652e-01;1.1250000e+02;2.1498458e-01;1.1250000e+02;1.8171814e-01;1.1250000e+02;1.3461676e-01;1.1250000e+02;8.5766196e-02;1.1250000e+02;4.1603811e-02;1.1250000e+02;-1.1652038e-03;1.1250000e+02;3.9627980e-03;1.1250000e+02;1.5211411e-02;1.1250000e+02;3.1517532e-02;1.1250000e+02;4.9475379e-02;1.1250000e+02;6.9395252e-02;1.1250000e+02;9.0874940e-02;1.1250000e+02;1.1236763e-01;1.1250000e+02;1.3305122e-01;1.1250000e+02;1.5503336e-01;1.1250000e+02;1.8200348e-01;1.1250000e+02;2.1040104e-01;1.1250000e+02;2.2602652e-01;1.1250000e+02;2.1498458e-01;1.1250000e+02;1.8171814e-01;1.1250000e+02;1.3461676e-01;1.1250000e+02;8.5766196e-02;1.1250000e+02;4.1603811e-02;1.1250000e+02;-1.1652038e-03;1.1250000e+02;3.9627980e-03;1.1250000e+02;1.5211411e-02;1.1250000e+02;3.1517532e-02;1.1250000e+02;4.9475379e-02;1.1250000e+02;6.9395252e-02;1.1250000e+02;9.0874940e-02;1.1250000e+02;1.1236763e-01;1.1250000e+02;1.3305122e-01;1.1250000e+02;1.5503336e-01;1.1250000e+02;1.8200348e-01;1.1250000e+02;2.1040104e-01;1.1250000e+02;2.2602652e-01;1.1250000e+02;2.1498458e-01;1.1250000e+02;1.8171814e-01;1.1250000e+02;1.3461676e-01;1.1250000e+02;8.5766196e-02;1.1250000e+02;4.1603811e-02;1.1250000e+02;-1.1652038e-03;1.1250000e+02;3.9627980e-03;1.1250000e+02;1.5211411e-02;1.1250000e+02;3.1517532e-02;1.1250000e+02;4.9475379e-02;1.1250000e+02;6.9395252e-02;1.1250000e+02;9.0874940e-02;1.1250000e+02;1.1236763e-01;1.1250000e+02;1.3305122e-01;1.1250000e+02;1.5503336e-01;1.1250000e+02;1.8200348e-01;1.1250000e+02;2.1040104e-01;1.1250000e+02;2.2602652e-01;1.1250000e+02;2.1498458e-01;1.1250000e+02;1.8171814e-01;1.1250000e+02;1.3461676e-01;1.1250000e+02;8.5766196e-02;1.1250000e+02;4.1603811e-02;1.1250000e+02;-1.1652038e-03;1.1250000e+02;3.9627980e-03;1.1250000e+02;1.5211411e-02;1.1250000e+02;3.1517532e-02;1.1250000e+02;4.9475379e-02;1.1250000e+02;6.9395252e-02;1.1250000e+02;9.0874940e-02;1.1250000e+02;1.1236763e-01;1.1250000e+02;1.3305122e-01;1.1250000e+02;1.5503336e-01;1.1250000e+02;1.8200348e-01;1.1250000e+02;2.1040104e-01;1.1250000e+02;2.2602652e-01;1.1250000e+02;2.1498458e-01;1.1250000e+02;1.8171814e-01;1.1250000e+02;1.3461676e-01;1.1250000e+02;8.5766196e-02;1.1250000e+02;4.1603811e-02;1.1250000e+02;-1.1652038e-03;1.1250000e+02;3.9627980e-03;1.1250000e+02;1.5211411e-02;1.1250000e+02;3.1517532e-02;1.1250000e+02;4.9475379e-02;1.1250000e+02;6.9395252e-02;1.1250000e+02;9.0874940e-02;1.1250000e+02;1.1236763e-01;1.1250000e+02;1.3305122e-01;1.1250000e+02;1.5503336e-01;1.1250000e+02;1.8200348e-01;1.1250000e+02;2.1040104e-01;1.1250000e+02;2.2602652e-01;1.1250000e+02;2.1498458e-01;1.1250000e+02;1.8171814e-01;1.1250000e+02;1.3461676e-01;1.1250000e+02;8.5766196e-02;1.1250000e+02;4.1603811e-02;1.1250000e+02;-1.1652038e-03;1.1250000e+02;3.9627980e-03;1.1250000e+02;1.5211411e-02;1.1250000e+02;3.1517532e-02;1.1250000e+02;4.9475379e-02;1.1250000e+02;6.9395252e-02;1.1250000e+02;9.0874940e-02;1.1250000e+02;1.1236763e-01;1.1250000e+02;1.3305122e-01;1.1250000e+02;1.5503336e-01;1.1250000e+02;1.8200348e-01;1.1250000e+02;2.1040104e-01;1.1250000e+02;2.2602652e-01;1.1250000e+02;2.1498458e-01;1.1250000e+02;1.8171814e-01;1.1250000e+02;1.3461676e-01;1.1250000e+02;8.5766196e-02;1.1250000e+02;4.1603811e-02;1.1250000e+02;-1.1652038e-03;1.1250000e+02;3.9627980e-03;1.1250000e+02;1.5211411e-02;1.1250000e+02;3.1517532e-02;1.1250000e+02;4.9475379e-02;1.1250000e+02;6.9395252e-02;1.1250000e+02;9.0874940e-02;1.1250000e+02;1.1236763e-01;1.1250000e+02;1.3305122e-01;1.1250000e+02;1.5503336e-01;1.1250000e+02;1.8200348e-01;1.1250000e+02;2.1040104e-01;1.1250000e+02;2.2602652e-01;1.1250000e+02;2.1498458e-01;1.1250000e+02;1.8171814e-01;1.1250000e+02;1.3461676e-01;1.1250000e+02;8.5766196e-02;1.1250000e+02;4.1603811e-02;1.1250000e+02;-1.1652038e-03;1.1250000e+02;3.9627980e-03;1.1250000e+02;1.5211411e-02;1.1250000e+02;3.1517532e-02;1.1250000e+02;4.9475379e-02;1.1250000e+02;6.9395252e-02;1.1250000e+02;9.0874940e-02;1.1250000e+02;1.1236763e-01;1.1250000e+02;1.3305122e-01;1.1250000e+02;1.5503336e-01;1.1250000e+02;1.8200348e-01;1.1250000e+02;2.1040104e-01;1.1250000e+02;2.2602652e-01;1.1250000e+02;2.1498458e-01;1.1250000e+02;1.8171814e-01;1.1250000e+02;1.3461676e-01;1.1250000e+02;8.5766196e-02;1.1250000e+02;4.1603811e-02;1.1250000e+02;-1.1652038e-03;1.1250000e+02;3.9627980e-03;1.1250000e+02;1.5211411e-02;1.1250000e+02;3.1517532e-02;1.1250000e+02;4.9475379e-02;1.1250000e+02;6.9395252e-02;1.1250000e+02;9.0874940e-02;1.1250000e+02;1.1236763e-01;1.1250000e+02;1.3305122e-01;1.1250000e+02;1.5503336e-01;1.1250000e+02;1.8200348e-01;1.1250000e+02;2.1040104e-01;1.1250000e+02;2.2602652e-01;1.1250000e+02;2.1498458e-01;1.1250000e+02;1.8171814e-01;1.1250000e+02;1.3461676e-01;1.1250000e+02;8.5766196e-02;1.1250000e+02;4.1603811e-02;1.1250000e+02;-1.1652038e-03;1.1250000e+02;3.9627980e-03;1.1250000e+02;1.5211411e-02;1.1250000e+02;3.1517532e-02;1.1250000e+02;4.9475379e-02;1.1250000e+02;6.9395252e-02;1.1250000e+02;9.0874940e-02;1.1250000e+02;1.1236763e-01;1.1250000e+02;1.3305122e-01;1.1250000e+02;1.5503336e-01;1.1250000e+02;1.8200348e-01;1.1250000e+02;2.1040104e-01;1.1250000e+02;2.2602652e-01;1.1250000e+02;2.1498458e-01;1.1250000e+02;1.8171814e-01;1.1250000e+02;1.3461676e-01;1.1250000e+02;8.5766196e-02;1.1250000e+02;4.1603811e-02;1.1250000e+02;-1.1652038e-03;1.1250000e+02;3.9627980e-03;1.1250000e+02;1.5211411e-02;1.1250000e+02;3.1517532e-02;1.1250000e+02;4.9475379e-02;1.1250000e+02;6.9395252e-02;1.1250000e+02;9.0874940e-02;1.1250000e+02;1.1236763e-01;1.1250000e+02;1.3305122e-01;1.1250000e+02;1.5503336e-01;1.1250000e+02;1.8200348e-01;1.1250000e+02;2.1040104e-01;1.1250000e+02;2.2602652e-01;1.1250000e+02;2.1498458e-01;1.1250000e+02;1.8171814e-01;1.1250000e+02;1.3461676e-01;1.1250000e+02;8.5766196e-02;1.1250000e+02;4.1603811e-02;1.1250000e+02;-1.1652038e-03;1.1250000e+02;3.9627980e-03;1.1250000e+02;1.5211411e-02;1.1250000e+02;3.1517532e-02;1.1250000e+02;4.9475379e-02;1.1250000e+02;6.9395252e-02;1.1250000e+02;9.0874940e-02;1.1250000e+02;1.1236763e-01;1.1250000e+02;1.3305122e-01;1.1250000e+02;1.5503336e-01;1.1250000e+02;1.8200348e-01;1.1250000e+02;2.1040104e-01;1.1250000e+02;2.2602652e-01;1.1250000e+02;2.1498458e-01;1.1250000e+02;1.8171814e-01;1.1250000e+02;1.3461676e-01;1.1250000e+02;8.5766196e-02;1.1250000e+02;4.1603811e-02;1.1250000e+02;-1.1652038e-03;1.1250000e+02;3.9627980e-03;1.1250000e+02;1.5211411e-02;1.1250000e+02;3.1517532e-02;1.1250000e+02;4.9475379e-02;1.1250000e+02;6.9395252e-02;1.1250000e+02;9.0874940e-02;1.1250000e+02;1.1236763e-01;1.1250000e+02;1.3305122e-01;1.1250000e+02;1.5503336e-01;1.1250000e+02;1.8200348e-01;1.1250000e+02;2.1040104e-01;1.1250000e+02;2.2602652e-01;1.1250000e+02;2.1498458e-01;1.1250000e+02;1.8171814e-01;1.1250000e+02;1.3461676e-01;1.1250000e+02;8.5766196e-02;1.1250000e+02;4.1603811e-02;1.1250000e+02;-1.1652038e-03;1.1250000e+02;3.9627980e-03;1.1250000e+02;1.5211411e-02;1.1250000e+02;3.1517532e-02;1.1250000e+02;4.9475379e-02;1.1250000e+02;6.9395252e-02;1.1250000e+02;9.0874940e-02;1.1250000e+02;1.1236763e-01;1.1250000e+02;1.3305122e-01;1.1250000e+02;1.5503336e-01;1.1250000e+02;1.8200348e-01;1.1250000e+02;2.1040104e-01;1.1250000e+02;2.2602652e-01;1.1250000e+02;2.1498458e-01;1.1250000e+02;1.8171814e-01;1.1250000e+02;1.3461676e-01;1.1250000e+02;8.5766196e-02;1.1250000e+02;4.1603811e-02;1.1250000e+02;-1.1652038e-03;1.1250000e+02;3.9627980e-03;1.1250000e+02;1.5211411e-02;1.1250000e+02;3.1517532e-02;1.1250000e+02;4.9475379e-02;1.1250000e+02;6.9395252e-02;1.1250000e+02;9.0874940e-02;1.1250000e+02;1.1236763e-01;1.1250000e+02;1.3305122e-01;1.1250000e+02;1.5503336e-01;1.1250000e+02;1.8200348e-01;1.1250000e+02;2.1040104e-01;1.1250000e+02;2.2602652e-01;1.1250000e+02;2.1498458e-01;1.1250000e+02;1.8171814e-01;1.1250000e+02;1.3461676e-01;1.1250000e+02;8.5766196e-02;1.1250000e+02;4.1603811e-02;1.1250000e+02;-1.1652038e-03;1.1250000e+02;3.9627980e-03;1.1250000e+02;1.5211411e-02;1.1250000e+02;3.1517532e-02;1.1250000e+02;4.9475379e-02;1.1250000e+02;6.9395252e-02;1.1250000e+02;9.0874940e-02;1.1250000e+02;1.1236763e-01;1.1250000e+02;1.3305122e-01;1.1250000e+02;1.5503336e-01;1.1250000e+02;1.8200348e-01;1.1250000e+02;2.1040104e-01;1.1250000e+02;2.2602652e-01;1.1250000e+02;2.1498458e-01;1.1250000e+02;1.8171814e-01;1.1250000e+02;1.3461676e-01;1.1250000e+02;8.5766196e-02;1.1250000e+02;4.1603811e-02;1.1250000e+02;-1.1652038e-03;1.1250000e+02;3.9627980e-03;1.1250000e+02;1.5211411e-02;1.1250000e+02;3.1517532e-02;1.1250000e+02;4.9475379e-02;1.1250000e+02;6.9395252e-02;1.1250000e+02;9.0874940e-02;1.1250000e+02;1.1236763e-01;1.1250000e+02;1.3305122e-01;1.1250000e+02;1.5503336e-01;1.1250000e+02;1.8200348e-01;1.1250000e+02;2.1040104e-01;1.1250000e+02;2.2602652e-01;1.1250000e+02;2.1498458e-01;1.1250000e+02;1.8171814e-01;1.1250000e+02;1.3461676e-01;1.1250000e+02;8.5766196e-02;1.1250000e+02;4.1603811e-02;1.1250000e+02;-1.1652038e-03;1.1250000e+02;3.9627980e-03;1.1250000e+02;1.5211411e-02;1.1250000e+02;3.1517532e-02;1.1250000e+02;4.9475379e-02;1.1250000e+02;6.9395252e-02;1.1250000e+02;9.0874940e-02;1.1250000e+02;1.1236763e-01;1.1250000e+02;1.3305122e-01;1.1250000e+02;1.5503336e-01;1.1250000e+02;1.8200348e-01;1.1250000e+02;2.1040104e-01;1.1250000e+02;2.2602652e-01;1.1250000e+02;2.1498458e-01;1.1250000e+02;1.8171814e-01;1.1250000e+02;1.3461676e-01;1.1250000e+02;8.5766196e-02;1.1250000e+02;4.1603811e-02;1.1250000e+02;-1.1652038e-03;1.1250000e+02;3.9627980e-03;1.1250000e+02;1.5211411e-02;1.1250000e+02;3.1517532e-02;1.1250000e+02;4.9475379e-02;1.1250000e+02;6.9395252e-02;1.1250000e+02;9.0874940e-02;1.1250000e+02;1.1236763e-01;1.1250000e+02;1.3305122e-01;1.1250000e+02;1.5503336e-01;1.1250000e+02;1.8200348e-01;1.1250000e+02;2.1040104e-01;1.1250000e+02;2.2602652e-01;1.1250000e+02;2.1498458e-01;1.1250000e+02;1.8171814e-01;1.1250000e+02;1.3461676e-01;1.1250000e+02;8.5766196e-02;1.1250000e+02;4.1603811e-02;1.1250000e+02;-1.1652038e-03;1.1250000e+02;3.9627980e-03;1.1250000e+02;1.5211411e-02;1.1250000e+02;3.1517532e-02;1.1250000e+02;4.9475379e-02;1.1250000e+02;6.9395252e-02;1.1250000e+02;9.0874940e-02;1.1250000e+02;1.1236763e-01;1.1250000e+02;1.3305122e-01;1.1250000e+02;1.5503336e-01;1.1250000e+02;1.8200348e-01;1.1250000e+02;2.1040104e-01;1.1250000e+02;2.2602652e-01;1.1250000e+02;2.1498458e-01;1.1250000e+02;1.8171814e-01;1.1250000e+02;1.3461676e-01;1.1250000e+02;8.5766196e-02;1.1250000e+02;4.1603811e-02;1.1250000e+02;-1.1652038e-03;1.1250000e+02;3.9627980e-03;1.1250000e+02;1.5211411e-02;1.1250000e+02;3.1517532e-02;1.1250000e+02;4.9475379e-02;1.1250000e+02;6.9395252e-02;1.1250000e+02;9.0874940e-02;1.1250000e+02;1.1236763e-01;1.1250000e+02;1.3305122e-01;1.1250000e+02;1.5503336e-01;1.1250000e+02;1.8200348e-01;1.1250000e+02;2.1040104e-01;1.1250000e+02;2.2602652e-01;1.1250000e+02;2.1498458e-01;1.1250000e+02;1.8171814e-01;1.1250000e+02;1.3461676e-01;1.1250000e+02;8.5766196e-02;1.1250000e+02;4.1603811e-02;1.1250000e+02;-1.1652038e-03;1.1250000e+02;3.9627980e-03;1.1250000e+02;1.5211411e-02;1.1250000e+02;3.1517532e-02;1.1250000e+02;4.9475379e-02;1.1250000e+02;6.9395252e-02;1.1250000e+02;9.0874940e-02;1.1250000e+02;1.1236763e-01;1.1250000e+02;1.3305122e-01;1.1250000e+02;1.5503336e-01;1.1250000e+02;1.8200348e-01;1.1250000e+02;2.1040104e-01;1.1250000e+02;2.2602652e-01;1.1250000e+02;2.1498458e-01;1.1250000e+02;1.8171814e-01;1.1250000e+02;1.3461676e-01;1.1250000e+02;8.5766196e-02;1.1250000e+02;4.1603811e-02;1.1250000e+02;-1.1652038e-03;1.1250000e+02;3.9627980e-03;1.1250000e+02;1.5211411e-02;1.1250000e+02;3.1517532e-02;1.1250000e+02;4.9475379e-02;1.1250000e+02;6.9395252e-02;1.1250000e+02;9.0874940e-02;1.1250000e+02;1.1236763e-01;1.1250000e+02;1.3305122e-01;1.1250000e+02;1.5503336e-01;1.1250000e+02;1.8200348e-01;1.1250000e+02;2.1040104e-01;1.1250000e+02;2.2602652e-01;1.1250000e+02;2.1498458e-01;1.1250000e+02;1.8171814e-01;1.1250000e+02;1.3461676e-01;1.1250000e+02;8.5766196e-02;1.1250000e+02;4.1603811e-02;1.1250000e+02;-1.1652038e-03;1.1250000e+02;3.9627980e-03;1.1250000e+02;1.5211411e-02;1.1250000e+02;3.1517532e-02;1.1250000e+02;4.9475379e-02;1.1250000e+02;6.9395252e-02;1.1250000e+02;9.0874940e-02;1.1250000e+02;1.1236763e-01;1.1250000e+02;1.3305122e-01;1.1250000e+02;1.5503336e-01;1.1250000e+02;1.8200348e-01;1.1250000e+02;2.1040104e-01;1.1250000e+02;2.2602652e-01;1.1250000e+02;2.1498458e-01;1.1250000e+02;1.8171814e-01;1.1250000e+02;1.3461676e-01;1.1250000e+02;8.5766196e-02;1.1250000e+02;4.1603811e-02;1.1250000e+02;-1.1652038e-03;1.1250000e+02;3.9627980e-03;1.1250000e+02;1.5211411e-02;1.1250000e+02;3.1517532e-02;1.1250000e+02;4.9475379e-02;1.1250000e+02;6.9395252e-02;1.1250000e+02;9.0874940e-02;1.1250000e+02;1.1236763e-01;1.1250000e+02;1.3305122e-01;1.1250000e+02;1.5503336e-01;1.1250000e+02;1.8200348e-01;1.1250000e+02;2.1040104e-01;1.1250000e+02;2.2602652e-01;1.1250000e+02;2.1498458e-01;1.1250000e+02;1.8171814e-01;1.1250000e+02;1.3461676e-01;1.1250000e+02;8.5766196e-02;1.1250000e+02;4.1603811e-02;1.1250000e+02;-1.1652038e-03;1.1250000e+02;3.9627980e-03;1.1250000e+02;1.5211411e-02;1.1250000e+02;3.1517532e-02;1.1250000e+02;4.9475379e-02;1.1250000e+02;6.9395252e-02;1.1250000e+02;9.0874940e-02;1.1250000e+02;1.1236763e-01;1.1250000e+02;1.3305122e-01;1.1250000e+02;1.5503336e-01;1.1250000e+02;1.8200348e-01;1.1250000e+02;2.1040104e-01;1.1250000e+02;2.2602652e-01;1.1250000e+02;2.1498458e-01;1.1250000e+02;1.8171814e-01;1.1250000e+02;1.3461676e-01;1.1250000e+02;8.5766196e-02;1.1250000e+02;4.1603811e-02;1.1250000e+02;-1.1652038e-03;1.1250000e+02;3.9627980e-03;1.1250000e+02;1.5211411e-02;1.1250000e+02;3.1517532e-02;1.1250000e+02;4.9475379e-02;1.1250000e+02;6.9395252e-02;1.1250000e+02;9.0874940e-02;1.1250000e+02;1.1236763e-01;1.1250000e+02;1.3305122e-01;1.1250000e+02;1.5503336e-01;1.1250000e+02;1.8200348e-01;1.1250000e+02;2.1040104e-01;1.1250000e+02;2.2602652e-01;1.1250000e+02;2.1498458e-01;1.1250000e+02;1.8171814e-01;1.1250000e+02;1.3461676e-01;1.1250000e+02;8.5766196e-02;1.1250000e+02;4.1603811e-02;1.1250000e+02;-1.1652038e-03;1.1250000e+02;3.9627980e-03;1.1250000e+02;1.5211411e-02;1.1250000e+02;3.1517532e-02;1.1250000e+02;4.9475379e-02;1.1250000e+02;6.9395252e-02;1.1250000e+02;9.0874940e-02;1.1250000e+02;1.1236763e-01;1.1250000e+02;1.3305122e-01;1.1250000e+02;1.5503336e-01;1.1250000e+02;1.8200348e-01;1.1250000e+02;2.1040104e-01;1.1250000e+02;2.2602652e-01;1.1250000e+02;2.1498458e-01;1.1250000e+02;1.8171814e-01;1.1250000e+02;1.3461676e-01;1.1250000e+02;8.5766196e-02;1.1250000e+02;4.1603811e-02;1.1250000e+02;-1.1652038e-03;1.1250000e+02;3.9627980e-03;1.1250000e+02;1.5211411e-02;1.1250000e+02;3.1517532e-02;1.1250000e+02;4.9475379e-02;1.1250000e+02;6.9395252e-02;1.1250000e+02;9.0874940e-02;1.1250000e+02;1.1236763e-01;1.1250000e+02;1.3305122e-01;1.1250000e+02;1.5503336e-01;1.1250000e+02;1.8200348e-01;1.1250000e+02;2.1040104e-01;1.1250000e+02;2.2602652e-01;1.1250000e+02;2.1498458e-01;1.1250000e+02;1.8171814e-01;1.1250000e+02;1.3461676e-01;1.1250000e+02;8.5766196e-02;1.1250000e+02;4.1603811e-02;1.1250000e+02;-1.1652038e-03;1.1250000e+02;3.9627980e-03;1.1250000e+02;1.5211411e-02;1.1250000e+02;3.1517532e-02;1.1250000e+02;4.9475379e-02;1.1250000e+02;6.9395252e-02;1.1250000e+02;9.0874940e-02;1.1250000e+02;1.1236763e-01;1.1250000e+02;1.3305122e-01;1.1250000e+02;1.5503336e-01;1.1250000e+02;1.8200348e-01;1.1250000e+02;2.1040104e-01;1.1250000e+02;2.2602652e-01;1.1250000e+02;2.1498458e-01;1.1250000e+02;1.8171814e-01;1.1250000e+02;1.3461676e-01;1.1250000e+02;8.5766196e-02;1.1250000e+02;4.1603811e-02;1.1250000e+02;-1.1652038e-03;1.1250000e+02;3.9627980e-03;1.1250000e+02;1.5211411e-02;1.1250000e+02;3.1517532e-02;1.1250000e+02;4.9475379e-02;1.1250000e+02;6.9395252e-02;1.1250000e+02;9.0874940e-02;1.1250000e+02;1.1236763e-01;1.1250000e+02;1.3305122e-01;1.1250000e+02;1.5503336e-01;1.1250000e+02;1.8200348e-01;1.1250000e+02;2.1040104e-01;1.1250000e+02;2.2602652e-01;1.1250000e+02;2.1498458e-01;1.1250000e+02;1.8171814e-01;1.1250000e+02;1.3461676e-01;1.1250000e+02;8.5766196e-02;1.1250000e+02;4.1603811e-02;1.1250000e+02;-1.1652038e-03;1.1250000e+02;3.9627980e-03;1.1250000e+02;1.5211411e-02;1.1250000e+02;3.1517532e-02;1.1250000e+02;4.9475379e-02;1.1250000e+02;6.9395252e-02;1.1250000e+02;9.0874940e-02;1.1250000e+02;1.1236763e-01;1.1250000e+02;1.3305122e-01;1.1250000e+02;1.5503336e-01;1.1250000e+02;1.8200348e-01;1.1250000e+02;2.1040104e-01;1.1250000e+02;2.2602652e-01;1.1250000e+02;2.1498458e-01;1.1250000e+02;1.8171814e-01;1.1250000e+02;1.3461676e-01;1.1250000e+02;8.5766196e-02;1.1250000e+02;4.1603811e-02;1.1250000e+02;-1.1652038e-03;1.1250000e+02;3.9627980e-03;1.1250000e+02;1.5211411e-02;1.1250000e+02;3.1517532e-02;1.1250000e+02;4.9475379e-02;1.1250000e+02;6.9395252e-02;1.1250000e+02;9.0874940e-02;1.1250000e+02;1.1236763e-01;1.1250000e+02;1.3305122e-01;1.1250000e+02;1.5503336e-01;1.1250000e+02;1.8200348e-01;1.1250000e+02;2.1040104e-01;1.1250000e+02;2.2602652e-01;1.1250000e+02;2.1498458e-01;1.1250000e+02;1.8171814e-01;1.1250000e+02;1.3461676e-01;1.1250000e+02;8.5766196e-02;1.1250000e+02;4.1603811e-02;1.1250000e+02;-1.1652038e-03;1.1250000e+02;3.9627980e-03;1.1250000e+02;1.5211411e-02;1.1250000e+02;3.1517532e-02;1.1250000e+02;4.9475379e-02;1.1250000e+02;6.9395252e-02;1.1250000e+02;9.0874940e-02;1.1250000e+02;1.1236763e-01;1.1250000e+02;1.3305122e-01;1.1250000e+02;1.5503336e-01;1.1250000e+02;1.8200348e-01;1.1250000e+02;2.1040104e-01;1.1250000e+02;2.2602652e-01;1.1250000e+02;2.1498458e-01;1.1250000e+02;1.8171814e-01;1.1250000e+02;1.3461676e-01;1.1250000e+02;8.5766196e-02;1.1250000e+02;4.1603811e-02;1.1250000e+02;-1.1652038e-03;1.1250000e+02;3.9627980e-03;1.1250000e+02;1.5211411e-02;1.1250000e+02;3.1517532e-02;1.1250000e+02;4.9475379e-02;1.1250000e+02;6.9395252e-02;1.1250000e+02;9.0874940e-02;1.1250000e+02;1.1236763e-01;1.1250000e+02;1.3305122e-01;1.1250000e+02;1.5503336e-01;1.1250000e+02;1.8200348e-01;1.1250000e+02;2.1040104e-01;1.1250000e+02;2.2602652e-01;1.1250000e+02;2.1498458e-01;1.1250000e+02;1.8171814e-01;1.1250000e+02;1.3461676e-01;1.1250000e+02;8.5766196e-02;1.1250000e+02;4.1603811e-02;1.1250000e+02;-1.1652038e-03;1.1250000e+02;3.9627980e-03;1.1250000e+02;1.5211411e-02;1.1250000e+02;3.1517532e-02;1.1250000e+02;4.9475379e-02;1.1250000e+02;6.9395252e-02;1.1250000e+02;9.0874940e-02;1.1250000e+02;1.1236763e-01;1.1250000e+02;1.3305122e-01;1.1250000e+02;1.5503336e-01;1.1250000e+02;1.8200348e-01;1.1250000e+02;2.1040104e-01;1.1250000e+02;2.2602652e-01;1.1250000e+02;2.1498458e-01;1.1250000e+02;1.8171814e-01;1.1250000e+02;1.3461676e-01;1.1250000e+02;8.5766196e-02;1.1250000e+02;4.1603811e-02;1.1250000e+02;-1.1652038e-03;1.1250000e+02;3.9627980e-03;1.1250000e+02;1.5211411e-02;1.1250000e+02;3.1517532e-02;1.1250000e+02;4.9475379e-02;1.1250000e+02;6.9395252e-02;1.1250000e+02;9.0874940e-02;1.1250000e+02;1.1236763e-01;1.1250000e+02;1.3305122e-01;1.1250000e+02;1.5503336e-01;1.1250000e+02;1.8200348e-01;1.1250000e+02;2.1040104e-01;1.1250000e+02;2.2602652e-01;1.1250000e+02;2.1498458e-01;1.1250000e+02;1.8171814e-01;1.1250000e+02;1.3461676e-01;1.1250000e+02;8.5766196e-02;1.1250000e+02;4.1603811e-02;1.1250000e+02;-1.1652038e-03;1.1250000e+02;3.9627980e-03;1.1250000e+02;1.5211411e-02;1.1250000e+02;3.1517532e-02;1.1250000e+02;4.9475379e-02;1.1250000e+02;6.9395252e-02;1.1250000e+02;9.0874940e-02;1.1250000e+02;1.1236763e-01;1.1250000e+02;1.3305122e-01;1.1250000e+02;1.5503336e-01;1.1250000e+02;1.8200348e-01;1.1250000e+02;2.1040104e-01;1.1250000e+02;2.2602652e-01;1.1250000e+02;2.1498458e-01;1.1250000e+02;1.8171814e-01;1.1250000e+02;1.3461676e-01;1.1250000e+02;8.5766196e-02;1.1250000e+02;4.1603811e-02;1.1250000e+02;-1.1652038e-03;1.1250000e+02;3.9627980e-03;1.1250000e+02;1.5211411e-02;1.1250000e+02;3.1517532e-02;1.1250000e+02;4.9475379e-02;1.1250000e+02;6.9395252e-02;1.1250000e+02;9.0874940e-02;1.1250000e+02;1.1236763e-01;1.1250000e+02;1.3305122e-01;1.1250000e+02;1.5503336e-01;1.1250000e+02;1.8200348e-01;1.1250000e+02;2.1040104e-01;1.1250000e+02;2.2602652e-01;1.1250000e+02;2.1498458e-01;1.1250000e+02;1.8171814e-01;1.1250000e+02;1.3461676e-01;1.1250000e+02;8.5766196e-02;1.1250000e+02;4.1603811e-02;1.1250000e+02;-1.1652038e-03;1.1250000e+02;3.9627980e-03;1.1250000e+02;1.5211411e-02;1.1250000e+02;3.1517532e-02;1.1250000e+02;4.9475379e-02;1.1250000e+02;6.9395252e-02;1.1250000e+02;9.0874940e-02;1.1250000e+02;1.1236763e-01;1.1250000e+02;1.3305122e-01;1.1250000e+02;1.5503336e-01;1.1250000e+02;1.8200348e-01;1.1250000e+02;2.1040104e-01;1.1250000e+02;2.2602652e-01;1.1250000e+02;2.1498458e-01;1.1250000e+02;1.8171814e-01;1.1250000e+02;1.3461676e-01;1.1250000e+02;8.5766196e-02;1.1250000e+02;4.1603811e-02;1.1250000e+02;-1.1652038e-03;1.1250000e+02;3.9627980e-03;1.1250000e+02;1.5211411e-02;1.1250000e+02;3.1517532e-02;1.1250000e+02;4.9475379e-02;1.1250000e+02;6.9395252e-02;1.1250000e+02;9.0874940e-02;1.1250000e+02;1.1236763e-01;1.1250000e+02;1.3305122e-01;1.1250000e+02;1.5503336e-01;1.1250000e+02;1.8200348e-01;1.1250000e+02;2.1040104e-01;1.1250000e+02;2.2602652e-01;1.1250000e+02;2.1498458e-01;1.1250000e+02;1.8171814e-01;1.1250000e+02;1.3461676e-01;1.1250000e+02;8.5766196e-02;1.1250000e+02;4.1603811e-02;1.1250000e+02;-1.1652038e-03;1.1250000e+02;3.9627980e-03;1.1250000e+02;1.5211411e-02;1.1250000e+02;3.1517532e-02;1.1250000e+02;4.9475379e-02;1.1250000e+02;6.9395252e-02;1.1250000e+02;9.0874940e-02;1.1250000e+02;1.1236763e-01;1.1250000e+02;1.3305122e-01;1.1250000e+02;1.5503336e-01;1.1250000e+02;1.8200348e-01;1.1250000e+02;2.1040104e-01;1.1250000e+02;2.2602652e-01;1.1250000e+02;2.1498458e-01;1.1250000e+02;1.8171814e-01;1.1250000e+02;1.3461676e-01;1.1250000e+02;8.5766196e-02;1.1250000e+02;4.1603811e-02;1.1250000e+02;-1.1652038e-03;1.1250000e+02;3.9627980e-03;1.1250000e+02;1.5211411e-02;1.1250000e+02;3.1517532e-02;1.1250000e+02;4.9475379e-02;1.1250000e+02;6.9395252e-02;1.1250000e+02;9.0874940e-02;1.1250000e+02;1.1236763e-01;1.1250000e+02;1.3305122e-01;1.1250000e+02;1.5503336e-01;1.1250000e+02;1.8200348e-01;1.1250000e+02;2.1040104e-01;1.1250000e+02;2.2602652e-01;1.1250000e+02;2.1498458e-01;1.1250000e+02;1.8171814e-01;1.1250000e+02;1.3461676e-01;1.1250000e+02;8.5766196e-02;1.1250000e+02;4.1603811e-02;1.1250000e+02;-1.1652038e-03;1.1250000e+02;3.9627980e-03;1.1250000e+02;1.5211411e-02;1.1250000e+02;3.1517532e-02;1.1250000e+02;4.9475379e-02;1.1250000e+02;6.9395252e-02;1.1250000e+02;9.0874940e-02;1.1250000e+02;1.1236763e-01;1.1250000e+02;1.3305122e-01;1.1250000e+02;1.5503336e-01;1.1250000e+02;1.8200348e-01;1.1250000e+02;2.1040104e-01;1.1250000e+02;2.2602652e-01;1.1250000e+02;2.1498458e-01;1.1250000e+02;1.8171814e-01;1.1250000e+02;1.3461676e-01;1.1250000e+02;8.5766196e-02;1.1250000e+02;4.1603811e-02;1.1250000e+02;-1.1652038e-03;1.1250000e+02;3.9627980e-03;1.1250000e+02;1.5211411e-02;1.1250000e+02;3.1517532e-02;1.1250000e+02;4.9475379e-02;1.1250000e+02;6.9395252e-02;1.1250000e+02;9.0874940e-02;1.1250000e+02;1.1236763e-01;1.1250000e+02;1.3305122e-01;1.1250000e+02;1.5503336e-01;1.1250000e+02;1.8200348e-01;1.1250000e+02;2.1040104e-01;1.1250000e+02;2.2602652e-01;1.1250000e+02;2.1498458e-01;1.1250000e+02;1.8171814e-01;1.1250000e+02;1.3461676e-01;1.1250000e+02;8.5766196e-02;1.1250000e+02;4.1603811e-02;1.1250000e+02;-1.1652038e-03;1.1250000e+02;3.9627980e-03;1.1250000e+02;1.5211411e-02;1.1250000e+02;3.1517532e-02;1.1250000e+02;4.9475379e-02;1.1250000e+02;6.9395252e-02;1.1250000e+02;9.0874940e-02;1.1250000e+02;1.1236763e-01;1.1250000e+02;1.3305122e-01;1.1250000e+02;1.5503336e-01;1.1250000e+02;1.8200348e-01;1.1250000e+02;2.1040104e-01;1.1250000e+02;2.2602652e-01;1.1250000e+02;2.1498458e-01;1.1250000e+02;1.8171814e-01;1.1250000e+02;1.3461676e-01;1.1250000e+02;8.5766196e-02;1.1250000e+02;4.1603811e-02;1.1250000e+02;-1.1652038e-03;1.1250000e+02;3.9627980e-03;1.1250000e+02;1.5211411e-02;1.1250000e+02;3.1517532e-02;1.1250000e+02;4.9475379e-02;1.1250000e+02;6.9395252e-02;1.1250000e+02;9.0874940e-02;1.1250000e+02;1.1236763e-01;1.1250000e+02;1.3305122e-01;1.1250000e+02;1.5503336e-01;1.1250000e+02;1.8200348e-01;1.1250000e+02;2.1040104e-01;1.1250000e+02;2.2602652e-01;1.1250000e+02;2.1498458e-01;1.1250000e+02;1.8171814e-01;1.1250000e+02;1.3461676e-01;1.1250000e+02;8.5766196e-02;1.1250000e+02;4.1603811e-02;1.1250000e+02;-1.1652038e-03;1.1250000e+02;3.9627980e-03;1.1250000e+02;1.5211411e-02;1.1250000e+02;3.1517532e-02;1.1250000e+02;4.9475379e-02;1.1250000e+02;6.9395252e-02;1.1250000e+02;9.0874940e-02;1.1250000e+02;1.1236763e-01;1.1250000e+02;1.3305122e-01;1.1250000e+02;1.5503336e-01;1.1250000e+02;1.8200348e-01;1.1250000e+02;2.1040104e-01;1.1250000e+02;2.2602652e-01;1.1250000e+02;2.1498458e-01;1.1250000e+02;1.8171814e-01;1.1250000e+02;1.3461676e-01;1.1250000e+02;8.5766196e-02;1.1250000e+02;4.1603811e-02;1.1250000e+02;-1.1652038e-03;1.1250000e+02;3.9627980e-03;1.1250000e+02;1.5211411e-02;1.1250000e+02;3.1517532e-02;1.1250000e+02;4.9475379e-02;1.1250000e+02;6.9395252e-02;1.1250000e+02;9.0874940e-02;1.1250000e+02;1.1236763e-01;1.1250000e+02;1.3305122e-01;1.1250000e+02;1.5503336e-01;1.1250000e+02;1.8200348e-01;1.1250000e+02;2.1040104e-01;1.1250000e+02;2.2602652e-01;1.1250000e+02;2.1498458e-01;1.1250000e+02;1.8171814e-01;1.1250000e+02;1.3461676e-01;1.1250000e+02;8.5766196e-02;1.1250000e+02;4.1603811e-02;1.1250000e+02;-1.1652038e-03;1.1250000e+02;3.9627980e-03;1.1250000e+02;1.5211411e-02;1.1250000e+02;3.1517532e-02;1.1250000e+02;4.9475379e-02;1.1250000e+02;6.9395252e-02;1.1250000e+02;9.0874940e-02;1.1250000e+02;1.1236763e-01;1.1250000e+02;1.3305122e-01;1.1250000e+02;1.5503336e-01;1.1250000e+02;1.8200348e-01;1.1250000e+02;2.1040104e-01;1.1250000e+02;2.2602652e-01;1.1250000e+02;2.1498458e-01;1.1250000e+02;1.8171814e-01;1.1250000e+02;1.3461676e-01;1.1250000e+02;8.5766196e-02;1.1250000e+02;4.1603811e-02;1.1250000e+02;-1.1652038e-03;1.1250000e+02;3.9627980e-03;1.1250000e+02;1.5211411e-02;1.1250000e+02;3.1517532e-02;1.1250000e+02;4.9475379e-02;1.1250000e+02;6.9395252e-02;1.1250000e+02;9.0874940e-02;1.1250000e+02;1.1236763e-01;1.1250000e+02;1.3305122e-01;1.1250000e+02;1.5503336e-01;1.1250000e+02;1.8200348e-01;1.1250000e+02;2.1040104e-01;1.1250000e+02;2.2602652e-01;1.1250000e+02;2.1498458e-01;1.1250000e+02;1.8171814e-01;1.1250000e+02;1.3461676e-01;1.1250000e+02;8.5766196e-02;1.1250000e+02;4.1603811e-02;1.1250000e+02;-1.1652038e-03;1.1250000e+02;3.9627980e-03;1.1250000e+02;1.5211411e-02;1.1250000e+02;3.1517532e-02;1.1250000e+02;4.9475379e-02;1.1250000e+02;6.9395252e-02;1.1250000e+02;9.0874940e-02;1.1250000e+02;1.1236763e-01;1.1250000e+02;1.3305122e-01;1.1250000e+02;1.5503336e-01;1.1250000e+02;1.8200348e-01;1.1250000e+02;2.1040104e-01;1.1250000e+02;2.2602652e-01;1.1250000e+02;2.1498458e-01;1.1250000e+02;1.8171814e-01;1.1250000e+02;1.3461676e-01;1.1250000e+02;8.5766196e-02;1.1250000e+02;4.1603811e-02;1.1250000e+02;-1.1652038e-03;1.1250000e+02;3.9627980e-03;1.1250000e+02;1.5211411e-02;1.1250000e+02;3.1517532e-02;1.1250000e+02;4.9475379e-02;1.1250000e+02;6.9395252e-02;1.1250000e+02;9.0874940e-02;1.1250000e+02;1.1236763e-01;1.1250000e+02;1.3305122e-01;1.1250000e+02;1.5503336e-01;1.1250000e+02;1.8200348e-01;1.1250000e+02;2.1040104e-01;1.1250000e+02;2.2602652e-01;1.1250000e+02;2.1498458e-01;1.1250000e+02;1.8171814e-01;1.1250000e+02;1.3461676e-01;1.1250000e+02;8.5766196e-02;1.1250000e+02;4.1603811e-02;1.1250000e+02;-1.1652038e-03;1.1250000e+02;3.9627980e-03;1.1250000e+02;1.5211411e-02;1.1250000e+02;3.1517532e-02;1.1250000e+02;4.9475379e-02;1.1250000e+02;6.9395252e-02;1.1250000e+02;9.0874940e-02;1.1250000e+02;1.1236763e-01;1.1250000e+02;1.3305122e-01;1.1250000e+02;1.5503336e-01;1.1250000e+02;1.8200348e-01;1.1250000e+02;2.1040104e-01;1.1250000e+02;2.2602652e-01;1.1250000e+02;2.1498458e-01;1.1250000e+02;1.8171814e-01;1.1250000e+02;1.3461676e-01;1.1250000e+02;8.5766196e-02;1.1250000e+02;4.1603811e-02;1.1250000e+02;-1.1652038e-03;1.1250000e+02;3.9627980e-03;1.1250000e+02;1.5211411e-02;1.1250000e+02;3.1517532e-02;1.1250000e+02;4.9475379e-02;1.1250000e+02;6.9395252e-02;1.1250000e+02;9.0874940e-02;1.1250000e+02;1.1236763e-01;1.1250000e+02;1.3305122e-01;1.1250000e+02;1.5503336e-01;1.1250000e+02;1.8200348e-01;1.1250000e+02;2.1040104e-01;1.1250000e+02;2.2602652e-01;1.1250000e+02;2.1498458e-01;1.1250000e+02;1.8171814e-01;1.1250000e+02;1.3461676e-01;1.1250000e+02;8.5766196e-02;1.1250000e+02;4.1603811e-02;1.1250000e+02;-1.1652038e-03;1.1250000e+02;3.9627980e-03;1.1250000e+02;1.5211411e-02;1.1250000e+02;3.1517532e-02;1.1250000e+02;4.9475379e-02;1.1250000e+02;6.9395252e-02;1.1250000e+02;9.0874940e-02;1.1250000e+02;1.1236763e-01;1.1250000e+02;1.3305122e-01;1.1250000e+02;1.5503336e-01;1.1250000e+02;1.8200348e-01;1.1250000e+02;2.1040104e-01;1.1250000e+02;2.2602652e-01;1.1250000e+02;2.1498458e-01;1.1250000e+02;1.8171814e-01;1.1250000e+02;1.3461676e-01;1.1250000e+02;8.5766196e-02;1.1250000e+02;4.1603811e-02;1.1250000e+02;-1.1652038e-03;1.1250000e+02;3.9627980e-03;1.1250000e+02;1.5211411e-02;1.1250000e+02;3.1517532e-02;1.1250000e+02;4.9475379e-02;1.1250000e+02;6.9395252e-02;1.1250000e+02;9.0874940e-02;1.1250000e+02;1.1236763e-01;1.1250000e+02;1.3305122e-01;1.1250000e+02;1.5503336e-01;1.1250000e+02;1.8200348e-01;1.1250000e+02;2.1040104e-01;1.1250000e+02;2.2602652e-01;1.1250000e+02;2.1498458e-01;1.1250000e+02;1.8171814e-01;1.1250000e+02;1.3461676e-01;1.1250000e+02;8.5766196e-02;1.1250000e+02;4.1603811e-02;1.1250000e+02;-1.1652038e-03;1.1250000e+02;3.9627980e-03;1.1250000e+02;1.5211411e-02;1.1250000e+02;3.1517532e-02;1.1250000e+02;4.9475379e-02;1.1250000e+02;6.9395252e-02;1.1250000e+02;9.0874940e-02;1.1250000e+02;1.1236763e-01;1.1250000e+02;1.3305122e-01;1.1250000e+02;1.5503336e-01;1.1250000e+02;1.8200348e-01;1.1250000e+02;2.1040104e-01;1.1250000e+02;2.2602652e-01;1.1250000e+02;2.1498458e-01;1.1250000e+02;1.8171814e-01;1.1250000e+02;1.3461676e-01;1.1250000e+02;8.5766196e-02;1.1250000e+02;4.1603811e-02;1.1250000e+02;-1.1652038e-03;1.1250000e+02;3.9627980e-03;1.1250000e+02;1.5211411e-02;1.1250000e+02;3.1517532e-02;1.1250000e+02;4.9475379e-02;1.1250000e+02;6.9395252e-02;1.1250000e+02;9.0874940e-02;1.1250000e+02;1.1236763e-01;1.1250000e+02;1.3305122e-01;1.1250000e+02;1.5503336e-01;1.1250000e+02;1.8200348e-01;1.1250000e+02;2.1040104e-01;1.1250000e+02;2.2602652e-01;1.1250000e+02;2.1498458e-01;1.1250000e+02;1.8171814e-01;1.1250000e+02;1.3461676e-01;1.1250000e+02;8.5766196e-02;1.1250000e+02;4.1603811e-02;1.1250000e+02;-1.1652038e-03;1.1250000e+02;3.9627980e-03;1.1250000e+02;1.5211411e-02;1.1250000e+02;3.1517532e-02;1.1250000e+02;4.9475379e-02;1.1250000e+02;6.9395252e-02;1.1250000e+02;9.0874940e-02;1.1250000e+02;1.1236763e-01;1.1250000e+02;1.3305122e-01;1.1250000e+02;1.5503336e-01;1.1250000e+02;1.8200348e-01;1.1250000e+02;2.1040104e-01;1.1250000e+02;2.2602652e-01;1.1250000e+02;2.1498458e-01;1.1250000e+02;1.8171814e-01;1.1250000e+02;1.3461676e-01;1.1250000e+02;8.5766196e-02;1.1250000e+02;4.1603811e-02;1.1250000e+02;-1.1652038e-03;1.1250000e+02;3.9627980e-03;1.1250000e+02;1.5211411e-02;1.1250000e+02;3.1517532e-02;1.1250000e+02;4.9475379e-02;1.1250000e+02;6.9395252e-02;1.1250000e+02;9.0874940e-02;1.1250000e+02;1.1236763e-01;1.1250000e+02;1.3305122e-01;1.1250000e+02;1.5503336e-01;1.1250000e+02;1.8200348e-01;1.1250000e+02;2.1040104e-01;1.1250000e+02;2.2602652e-01;1.1250000e+02;2.1498458e-01;1.1250000e+02;1.8171814e-01;1.1250000e+02;1.3461676e-01;1.1250000e+02;8.5766196e-02;1.1250000e+02;4.1603811e-02;1.1250000e+02;-1.1652038e-03;1.1250000e+02;3.9627980e-03;1.1250000e+02;1.5211411e-02;1.1250000e+02;3.1517532e-02;1.1250000e+02;4.9475379e-02;1.1250000e+02;6.9395252e-02;1.1250000e+02;9.0874940e-02;1.1250000e+02;1.1236763e-01;1.1250000e+02;1.3305122e-01;1.1250000e+02;1.5503336e-01;1.1250000e+02;1.8200348e-01;1.1250000e+02;2.1040104e-01;1.1250000e+02;2.2602652e-01;1.1250000e+02;2.1498458e-01;1.1250000e+02;1.8171814e-01;1.1250000e+02;1.3461676e-01;1.1250000e+02;8.5766196e-02;1.1250000e+02;4.1603811e-02;1.1250000e+02;-1.1652038e-03;1.1250000e+02;3.9627980e-03;1.1250000e+02;1.5211411e-02;1.1250000e+02;3.1517532e-02;1.1250000e+02;4.9475379e-02;1.1250000e+02;6.9395252e-02;1.1250000e+02;9.0874940e-02;1.1250000e+02;1.1236763e-01;1.1250000e+02;1.3305122e-01;1.1250000e+02;1.5503336e-01;1.1250000e+02;1.8200348e-01;1.1250000e+02;2.1040104e-01;1.1250000e+02;2.2602652e-01;1.1250000e+02;2.1498458e-01;1.1250000e+02;1.8171814e-01;1.1250000e+02;1.3461676e-01;1.1250000e+02;8.5766196e-02;1.1250000e+02;4.1603811e-02;1.1250000e+02;-1.1652038e-03;1.1250000e+02;3.9627980e-03;1.1250000e+02;1.5211411e-02;1.1250000e+02;3.1517532e-02;1.1250000e+02;4.9475379e-02;1.1250000e+02;6.9395252e-02;1.1250000e+02;9.0874940e-02;1.1250000e+02;1.1236763e-01;1.1250000e+02;1.3305122e-01;1.1250000e+02;1.5503336e-01;1.1250000e+02;1.8200348e-01;1.1250000e+02;2.1040104e-01;1.1250000e+02;2.2602652e-01;1.1250000e+02;2.1498458e-01;1.1250000e+02;1.8171814e-01;1.1250000e+02;1.3461676e-01;1.1250000e+02;8.5766196e-02;1.1250000e+02;4.1603811e-02;1.1250000e+02;-1.1652038e-03;1.1250000e+02;3.9627980e-03;1.1250000e+02;1.5211411e-02;1.1250000e+02;3.1517532e-02;1.1250000e+02;4.9475379e-02;1.1250000e+02;6.9395252e-02;1.1250000e+02;9.0874940e-02;1.1250000e+02;1.1236763e-01;1.1250000e+02;1.3305122e-01;1.1250000e+02;1.5503336e-01;1.1250000e+02;1.8200348e-01;1.1250000e+02;2.1040104e-01;1.1250000e+02;2.2602652e-01;1.1250000e+02;2.1498458e-01;1.1250000e+02;1.8171814e-01;1.1250000e+02;1.3461676e-01;1.1250000e+02;8.5766196e-02;1.1250000e+02;4.1603811e-02;1.1250000e+02;-1.1652038e-03;1.1250000e+02;3.9627980e-03;1.1250000e+02;1.5211411e-02;1.1250000e+02;3.1517532e-02;1.1250000e+02;4.9475379e-02;1.1250000e+02;6.9395252e-02;1.1250000e+02;9.0874940e-02;1.1250000e+02;1.1236763e-01;1.1250000e+02;1.3305122e-01;1.1250000e+02;1.5503336e-01;1.1250000e+02;1.8200348e-01;1.1250000e+02;2.1040104e-01;1.1250000e+02;2.2602652e-01;1.1250000e+02;2.1498458e-01;1.1250000e+02;1.8171814e-01;1.1250000e+02;1.3461676e-01;1.1250000e+02;8.5766196e-02;1.1250000e+02;4.1603811e-02;1.1250000e+02;-1.1652038e-03;1.1250000e+02;3.9627980e-03;1.1250000e+02;1.5211411e-02;1.1250000e+02;3.1517532e-02;1.1250000e+02;4.9475379e-02;1.1250000e+02;6.9395252e-02;1.1250000e+02;9.0874940e-02;1.1250000e+02;1.1236763e-01;1.1250000e+02;1.3305122e-01;1.1250000e+02;1.5503336e-01;1.1250000e+02;1.8200348e-01;1.1250000e+02;2.1040104e-01;1.1250000e+02;2.2602652e-01;1.1250000e+02;2.1498458e-01;1.1250000e+02;1.8171814e-01;1.1250000e+02;1.3461676e-01;1.1250000e+02;8.5766196e-02;1.1250000e+02;4.1603811e-02;1.1250000e+02;-1.1652038e-03;1.1250000e+02;3.9627980e-03;1.1250000e+02;1.5211411e-02;1.1250000e+02;3.1517532e-02;1.1250000e+02;4.9475379e-02;1.1250000e+02;6.9395252e-02;1.1250000e+02;9.0874940e-02;1.1250000e+02;1.1236763e-01;1.1250000e+02;1.3305122e-01;1.1250000e+02;1.5503336e-01;1.1250000e+02;1.8200348e-01;1.1250000e+02;2.1040104e-01;1.1250000e+02;2.2602652e-01;1.1250000e+02;2.1498458e-01;1.1250000e+02;1.8171814e-01;1.1250000e+02;1.3461676e-01;1.1250000e+02;8.5766196e-02;1.1250000e+02;4.1603811e-02;1.1250000e+02;-1.1652038e-03;1.1250000e+02;3.9627980e-03;1.1250000e+02;1.5211411e-02;1.1250000e+02;3.1517532e-02;1.1250000e+02;4.9475379e-02;1.1250000e+02;6.9395252e-02;1.1250000e+02;9.0874940e-02;1.1250000e+02;1.1236763e-01;1.1250000e+02;1.3305122e-01;1.1250000e+02;1.5503336e-01;1.1250000e+02;1.8200348e-01;1.1250000e+02;2.1040104e-01;1.1250000e+02;2.2602652e-01;1.1250000e+02;2.1498458e-01;1.1250000e+02;1.8171814e-01;1.1250000e+02;1.3461676e-01;1.1250000e+02;8.5766196e-02;1.1250000e+02;4.1603811e-02;1.1250000e+02;-1.1652038e-03;1.1250000e+02;3.9627980e-03;1.1250000e+02;1.5211411e-02;1.1250000e+02;3.1517532e-02;1.1250000e+02;4.9475379e-02;1.1250000e+02;6.9395252e-02;1.1250000e+02;9.0874940e-02;1.1250000e+02;1.1236763e-01;1.1250000e+02;1.3305122e-01;1.1250000e+02;1.5503336e-01;1.1250000e+02;1.8200348e-01;1.1250000e+02;2.1040104e-01;1.1250000e+02;2.2602652e-01;1.1250000e+02;2.1498458e-01;1.1250000e+02;1.8171814e-01;1.1250000e+02;1.3461676e-01;1.1250000e+02;8.5766196e-02;1.1250000e+02;4.1603811e-02;1.1250000e+02;-1.1652038e-03;1.1250000e+02;3.9627980e-03;1.1250000e+02;1.5211411e-02;1.1250000e+02;3.1517532e-02;1.1250000e+02;4.9475379e-02;1.1250000e+02;6.9395252e-02;1.1250000e+02;9.0874940e-02;1.1250000e+02;1.1236763e-01;1.1250000e+02;1.3305122e-01;1.1250000e+02;1.5503336e-01;1.1250000e+02;1.8200348e-01;1.1250000e+02;2.1040104e-01;1.1250000e+02;2.2602652e-01;1.1250000e+02;2.1498458e-01;1.1250000e+02;1.8171814e-01;1.1250000e+02;1.3461676e-01;1.1250000e+02;8.5766196e-02;1.1250000e+02;4.1603811e-02;1.1250000e+02;-1.1652038e-03;1.1250000e+02;3.9627980e-03;1.1250000e+02;1.5211411e-02;1.1250000e+02;3.1517532e-02;1.1250000e+02;4.9475379e-02;1.1250000e+02;6.9395252e-02;1.1250000e+02;9.0874940e-02;1.1250000e+02;1.1236763e-01;1.1250000e+02;1.3305122e-01;1.1250000e+02;1.5503336e-01;1.1250000e+02;1.8200348e-01;1.1250000e+02;2.1040104e-01;1.1250000e+02;2.2602652e-01;1.1250000e+02;2.1498458e-01;1.1250000e+02;1.8171814e-01;1.1250000e+02;1.3461676e-01;1.1250000e+02;8.5766196e-02;1.1250000e+02;4.1603811e-02;1.1250000e+02;-1.1652038e-03;1.1250000e+02;3.9627980e-03;1.1250000e+02;1.5211411e-02;1.1250000e+02;3.1517532e-02;1.1250000e+02;4.9475379e-02;1.1250000e+02;6.9395252e-02;1.1250000e+02;9.0874940e-02;1.1250000e+02;1.1236763e-01;1.1250000e+02;1.3305122e-01;1.1250000e+02;1.5503336e-01;1.1250000e+02;1.8200348e-01;1.1250000e+02;2.1040104e-01;1.1250000e+02;2.2602652e-01;1.1250000e+02;2.1498458e-01;1.1250000e+02;1.8171814e-01;1.1250000e+02;1.3461676e-01;1.1250000e+02;8.5766196e-02;1.1250000e+02;4.1603811e-02;1.1250000e+02;-1.1652038e-03;1.1250000e+02;3.9627980e-03;1.1250000e+02;1.5211411e-02;1.1250000e+02;3.1517532e-02;1.1250000e+02;4.9475379e-02;1.1250000e+02;6.9395252e-02;1.1250000e+02;9.0874940e-02;1.1250000e+02;1.1236763e-01;1.1250000e+02;1.3305122e-01;1.1250000e+02;1.5503336e-01;1.1250000e+02;1.8200348e-01;1.1250000e+02;2.1040104e-01;1.1250000e+02;2.2602652e-01;1.1250000e+02;2.1498458e-01;1.1250000e+02;1.8171814e-01;1.1250000e+02;1.3461676e-01;1.1250000e+02;8.5766196e-02;1.1250000e+02;4.1603811e-02;1.1250000e+02;-1.1652038e-03;1.1250000e+02;3.9627980e-03;1.1250000e+02;1.5211411e-02;1.1250000e+02;3.1517532e-02;1.1250000e+02;4.9475379e-02;1.1250000e+02;6.9395252e-02;1.1250000e+02;9.0874940e-02;1.1250000e+02;1.1236763e-01;1.1250000e+02;1.3305122e-01;1.1250000e+02;1.5503336e-01;1.1250000e+02;1.8200348e-01;1.1250000e+02;2.1040104e-01;1.1250000e+02;2.2602652e-01;1.1250000e+02;2.1498458e-01;1.1250000e+02;1.8171814e-01;1.1250000e+02;1.3461676e-01;1.1250000e+02;8.5766196e-02;1.1250000e+02;4.1603811e-02;1.1250000e+02;-1.1652038e-03;1.1250000e+02;3.9627980e-03;1.1250000e+02;1.5211411e-02;1.1250000e+02;3.1517532e-02;1.1250000e+02;4.9475379e-02;1.1250000e+02;6.9395252e-02;1.1250000e+02;9.0874940e-02;1.1250000e+02;1.1236763e-01;1.1250000e+02;1.3305122e-01;1.1250000e+02;1.5503336e-01;1.1250000e+02;1.8200348e-01;1.1250000e+02;2.1040104e-01;1.1250000e+02;2.2602652e-01;1.1250000e+02;2.1498458e-01;1.1250000e+02;1.8171814e-01;1.1250000e+02;1.3461676e-01;1.1250000e+02;8.5766196e-02;1.1250000e+02;4.1603811e-02;1.1250000e+02;-1.1652038e-03;1.1250000e+02;3.9627980e-03;1.1250000e+02;1.5211411e-02;1.1250000e+02;3.1517532e-02;1.1250000e+02;4.9475379e-02;1.1250000e+02;6.9395252e-02;1.1250000e+02;9.0874940e-02;1.1250000e+02;1.1236763e-01;1.1250000e+02;1.3305122e-01;1.1250000e+02;1.5503336e-01;1.1250000e+02;1.8200348e-01;1.1250000e+02;2.1040104e-01;1.1250000e+02;2.2602652e-01;1.1250000e+02;2.1498458e-01;1.1250000e+02;1.8171814e-01;1.1250000e+02;1.3461676e-01;1.1250000e+02;8.5766196e-02;1.1250000e+02;4.1603811e-02;1.1250000e+02;-1.1652038e-03;1.1250000e+02;3.9627980e-03;1.1250000e+02;1.5211411e-02;1.1250000e+02;3.1517532e-02;1.1250000e+02;4.9475379e-02;1.1250000e+02;6.9395252e-02;1.1250000e+02;9.0874940e-02;1.1250000e+02;1.1236763e-01;1.1250000e+02;1.3305122e-01;1.1250000e+02;1.5503336e-01;1.1250000e+02;1.8200348e-01;1.1250000e+02;2.1040104e-01;1.1250000e+02;2.2602652e-01;1.1250000e+02;2.1498458e-01;1.1250000e+02;1.8171814e-01;1.1250000e+02;1.3461676e-01;1.1250000e+02;8.5766196e-02;1.1250000e+02;4.1603811e-02;1.1250000e+02;-1.1652038e-03;1.1250000e+02;3.9627980e-03;1.1250000e+02;1.5211411e-02;1.1250000e+02;3.1517532e-02;1.1250000e+02;4.9475379e-02;1.1250000e+02;6.9395252e-02;1.1250000e+02;9.0874940e-02;1.1250000e+02;1.1236763e-01;1.1250000e+02;1.3305122e-01;1.1250000e+02;1.5503336e-01;1.1250000e+02;1.8200348e-01;1.1250000e+02;2.1040104e-01;1.1250000e+02;2.2602652e-01;1.1250000e+02;2.1498458e-01;1.1250000e+02;1.8171814e-01;1.1250000e+02;1.3461676e-01;1.1250000e+02;8.5766196e-02;1.1250000e+02;4.1603811e-02;1.1250000e+02;-1.1652038e-03;1.1250000e+02;3.9627980e-03;1.1250000e+02;1.5211411e-02;1.1250000e+02;3.1517532e-02;1.1250000e+02;4.9475379e-02;1.1250000e+02;6.9395252e-02;1.1250000e+02;9.0874940e-02;1.1250000e+02;1.1236763e-01;1.1250000e+02;1.3305122e-01;1.1250000e+02;1.5503336e-01;1.1250000e+02;1.8200348e-01;1.1250000e+02;2.1040104e-01;1.1250000e+02;2.2602652e-01;1.1250000e+02;2.1498458e-01;1.1250000e+02;1.8171814e-01;1.1250000e+02;1.3461676e-01;1.1250000e+02;8.5766196e-02;1.1250000e+02;4.1603811e-02;1.1250000e+02;-1.1652038e-03;1.1250000e+02;3.9627980e-03;1.1250000e+02;1.5211411e-02;1.1250000e+02;3.1517532e-02;1.1250000e+02;4.9475379e-02;1.1250000e+02;6.9395252e-02;1.1250000e+02;9.0874940e-02;1.1250000e+02;1.1236763e-01;1.1250000e+02;1.3305122e-01;1.1250000e+02;1.5503336e-01;1.1250000e+02;1.8200348e-01;1.1250000e+02;2.1040104e-01;1.1250000e+02;2.2602652e-01;1.1250000e+02;2.1498458e-01;1.1250000e+02;1.8171814e-01;1.1250000e+02;1.3461676e-01;1.1250000e+02;8.5766196e-02;1.1250000e+02;4.1603811e-02;1.1250000e+02;-1.1652038e-03;1.1250000e+02;3.9627980e-03;1.1250000e+02;1.5211411e-02;1.1250000e+02;3.1517532e-02;1.1250000e+02;4.9475379e-02;1.1250000e+02;6.9395252e-02;1.1250000e+02;9.0874940e-02;1.1250000e+02;1.1236763e-01;1.1250000e+02;1.3305122e-01;1.1250000e+02;1.5503336e-01;1.1250000e+02;1.8200348e-01;1.1250000e+02;2.1040104e-01;1.1250000e+02;2.2602652e-01;1.1250000e+02;2.1498458e-01;1.1250000e+02;1.8171814e-01;1.1250000e+02;1.3461676e-01;1.1250000e+02;8.5766196e-02;1.1250000e+02;4.1603811e-02;1.1250000e+02;-1.1652038e-03;1.1250000e+02;3.9627980e-03;1.1250000e+02;1.5211411e-02;1.1250000e+02;3.1517532e-02;1.1250000e+02;4.9475379e-02;1.1250000e+02;6.9395252e-02;1.1250000e+02;9.0874940e-02;1.1250000e+02;1.1236763e-01;1.1250000e+02;1.3305122e-01;1.1250000e+02;1.5503336e-01;1.1250000e+02;1.8200348e-01;1.1250000e+02;2.1040104e-01;1.1250000e+02;2.2602652e-01;1.1250000e+02;2.1498458e-01;1.1250000e+02;1.8171814e-01;1.1250000e+02;1.3461676e-01;1.1250000e+02;8.5766196e-02;1.1250000e+02;4.1603811e-02;1.1250000e+02;-1.1652038e-03;1.1250000e+02;3.9627980e-03;1.1250000e+02;1.5211411e-02;1.1250000e+02;3.1517532e-02;1.1250000e+02;4.9475379e-02;1.1250000e+02;6.9395252e-02;1.1250000e+02;9.0874940e-02;1.1250000e+02;1.1236763e-01;1.1250000e+02;1.3305122e-01;1.1250000e+02;1.5503336e-01;1.1250000e+02;1.8200348e-01;1.1250000e+02;2.1040104e-01;1.1250000e+02;2.2602652e-01;1.1250000e+02;2.1498458e-01;1.1250000e+02;1.8171814e-01;1.1250000e+02;1.3461676e-01;1.1250000e+02;8.5766196e-02;1.1250000e+02;4.1603811e-02;1.1250000e+02;-1.1652038e-03;1.1250000e+02;3.9627980e-03;1.1250000e+02;1.5211411e-02;1.1250000e+02;3.1517532e-02;1.1250000e+02;4.9475379e-02;1.1250000e+02;6.9395252e-02;1.1250000e+02;9.0874940e-02;1.1250000e+02;1.1236763e-01;1.1250000e+02;1.3305122e-01;1.1250000e+02;1.5503336e-01;1.1250000e+02;1.8200348e-01;1.1250000e+02;2.1040104e-01;1.1250000e+02;2.2602652e-01;1.1250000e+02;2.1498458e-01;1.1250000e+02;1.8171814e-01;1.1250000e+02;1.3461676e-01;1.1250000e+02;8.5766196e-02;1.1250000e+02;4.1603811e-02;1.1250000e+02;-1.1652038e-03;1.1250000e+02;3.9627980e-03;1.1250000e+02;1.5211411e-02;1.1250000e+02;3.1517532e-02;1.1250000e+02;4.9475379e-02;1.1250000e+02;6.9395252e-02;1.1250000e+02;9.0874940e-02;1.1250000e+02;1.1236763e-01;1.1250000e+02;1.3305122e-01;1.1250000e+02;1.5503336e-01;1.1250000e+02;1.8200348e-01;1.1250000e+02;2.1040104e-01;1.1250000e+02;2.2602652e-01;1.1250000e+02;2.1498458e-01;1.1250000e+02;1.8171814e-01;1.1250000e+02;1.3461676e-01;1.1250000e+02;8.5766196e-02;1.1250000e+02;4.1603811e-02;1.1250000e+02;-1.1652038e-03;1.1250000e+02;3.9627980e-03;1.1250000e+02;1.5211411e-02;1.1250000e+02;3.1517532e-02;1.1250000e+02;4.9475379e-02;1.1250000e+02;6.9395252e-02;1.1250000e+02;9.0874940e-02;1.1250000e+02;1.1236763e-01;1.1250000e+02;1.3305122e-01;1.1250000e+02;1.5503336e-01;1.1250000e+02;1.8200348e-01;1.1250000e+02;2.1040104e-01;1.1250000e+02;2.2602652e-01;1.1250000e+02;2.1498458e-01;1.1250000e+02;1.8171814e-01;1.1250000e+02;1.3461676e-01;1.1250000e+02;8.5766196e-02;1.1250000e+02;4.1603811e-02;1.1250000e+02;-1.1652038e-03;1.1250000e+02;3.9627980e-03;1.1250000e+02;1.5211411e-02;1.1250000e+02;3.1517532e-02;1.1250000e+02;4.9475379e-02;1.1250000e+02;6.9395252e-02;1.1250000e+02;9.0874940e-02;1.1250000e+02;1.1236763e-01;1.1250000e+02;1.3305122e-01;1.1250000e+02;1.5503336e-01;1.1250000e+02;1.8200348e-01;1.1250000e+02;2.1040104e-01;1.1250000e+02;2.2602652e-01;1.1250000e+02;2.1498458e-01;1.1250000e+02;1.8171814e-01;1.1250000e+02;1.3461676e-01;1.1250000e+02;8.5766196e-02;1.1250000e+02;4.1603811e-02;1.1250000e+02;-1.1652038e-03;1.1250000e+02;3.9627980e-03;1.1250000e+02;1.5211411e-02;1.1250000e+02;3.1517532e-02;1.1250000e+02;4.9475379e-02;1.1250000e+02;6.9395252e-02;1.1250000e+02;9.0874940e-02;1.1250000e+02;1.1236763e-01;1.1250000e+02;1.3305122e-01;1.1250000e+02;1.5503336e-01;1.1250000e+02;1.8200348e-01;1.1250000e+02;2.1040104e-01;1.1250000e+02;2.2602652e-01;1.1250000e+02;2.1498458e-01;1.1250000e+02;1.8171814e-01;1.1250000e+02;1.3461676e-01;1.1250000e+02;8.5766196e-02;1.1250000e+02;4.1603811e-02;1.1250000e+02;-1.1652038e-03;1.1250000e+02;3.9627980e-03;1.1250000e+02;1.5211411e-02;1.1250000e+02;3.1517532e-02;1.1250000e+02;4.9475379e-02;1.1250000e+02;6.9395252e-02;1.1250000e+02;9.0874940e-02;1.1250000e+02;1.1236763e-01;1.1250000e+02;1.3305122e-01;1.1250000e+02;1.5503336e-01;1.1250000e+02;1.8200348e-01;1.1250000e+02;2.1040104e-01;1.1250000e+02;2.2602652e-01;1.1250000e+02;2.1498458e-01;1.1250000e+02;1.8171814e-01;1.1250000e+02;1.3461676e-01;1.1250000e+02;8.5766196e-02;1.1250000e+02;4.1603811e-02;1.1250000e+02;-1.1652038e-03;1.1250000e+02;3.9627980e-03;1.1250000e+02;1.5211411e-02;1.1250000e+02;3.1517532e-02;1.1250000e+02;4.9475379e-02;1.1250000e+02;6.9395252e-02;1.1250000e+02;9.0874940e-02;1.1250000e+02;1.1236763e-01;1.1250000e+02;1.3305122e-01;1.1250000e+02;1.5503336e-01;1.1250000e+02;1.8200348e-01;1.1250000e+02;2.1040104e-01;1.1250000e+02;2.2602652e-01;1.1250000e+02;2.1498458e-01;1.1250000e+02;1.8171814e-01;1.1250000e+02;1.3461676e-01;1.1250000e+02;8.5766196e-02;1.1250000e+02;4.1603811e-02;1.1250000e+02;-1.1652038e-03;1.1250000e+02;3.9627980e-03;1.1250000e+02;1.5211411e-02;1.1250000e+02;3.1517532e-02;1.1250000e+02;4.9475379e-02;1.1250000e+02;6.9395252e-02;1.1250000e+02;9.0874940e-02;1.1250000e+02;1.1236763e-01;1.1250000e+02;1.3305122e-01;1.1250000e+02;1.5503336e-01;1.1250000e+02;1.8200348e-01;1.1250000e+02;2.1040104e-01;1.1250000e+02;2.2602652e-01;1.1250000e+02;2.1498458e-01;1.1250000e+02;1.8171814e-01;1.1250000e+02;1.3461676e-01;1.1250000e+02;8.5766196e-02;1.1250000e+02;4.1603811e-02;1.1250000e+02;-1.1652038e-03;1.1250000e+02;3.9627980e-03;1.1250000e+02;1.5211411e-02;1.1250000e+02;3.1517532e-02;1.1250000e+02;4.9475379e-02;1.1250000e+02;6.9395252e-02;1.1250000e+02;9.0874940e-02;1.1250000e+02;1.1236763e-01;1.1250000e+02;1.3305122e-01;1.1250000e+02;1.5503336e-01;1.1250000e+02;1.8200348e-01;1.1250000e+02;2.1040104e-01;1.1250000e+02;2.2602652e-01;1.1250000e+02;2.1498458e-01;1.1250000e+02;1.8171814e-01;1.1250000e+02;1.3461676e-01;1.1250000e+02;8.5766196e-02;1.1250000e+02;4.1603811e-02;1.1250000e+02;-1.1652038e-03;1.1250000e+02;3.9627980e-03;1.1250000e+02;1.5211411e-02;1.1250000e+02;3.1517532e-02;1.1250000e+02;4.9475379e-02;1.1250000e+02;6.9395252e-02;1.1250000e+02;9.0874940e-02;1.1250000e+02;1.1236763e-01;1.1250000e+02;1.3305122e-01;1.1250000e+02;1.5503336e-01;1.1250000e+02;1.8200348e-01;1.1250000e+02;2.1040104e-01;1.1250000e+02;2.2602652e-01;1.1250000e+02;2.1498458e-01;1.1250000e+02;1.8171814e-01;1.1250000e+02;1.3461676e-01;1.1250000e+02;8.5766196e-02;1.1250000e+02;4.1603811e-02;1.1250000e+02;-1.1652038e-03;1.1250000e+02;3.9627980e-03;1.1250000e+02;1.5211411e-02;1.1250000e+02;3.1517532e-02;1.1250000e+02;4.9475379e-02;1.1250000e+02;6.9395252e-02;1.1250000e+02;9.0874940e-02;1.1250000e+02;1.1236763e-01;1.1250000e+02;1.3305122e-01;1.1250000e+02;1.5503336e-01;1.1250000e+02;1.8200348e-01;1.1250000e+02;2.1040104e-01;1.1250000e+02;2.2602652e-01;1.1250000e+02;2.1498458e-01;1.1250000e+02;1.8171814e-01;1.1250000e+02;1.3461676e-01;1.1250000e+02;8.5766196e-02;1.1250000e+02;4.1603811e-02;1.1250000e+02;-1.1652038e-03;1.1250000e+02;3.9627980e-03;1.1250000e+02;1.5211411e-02;1.1250000e+02;3.1517532e-02;1.1250000e+02;4.9475379e-02;1.1250000e+02;6.9395252e-02;1.1250000e+02;9.0874940e-02;1.1250000e+02;1.1236763e-01;1.1250000e+02;1.3305122e-01;1.1250000e+02;1.5503336e-01;1.1250000e+02;1.8200348e-01;1.1250000e+02;2.1040104e-01;1.1250000e+02;2.2602652e-01;1.1250000e+02;2.1498458e-01;1.1250000e+02;1.8171814e-01;1.1250000e+02;1.3461676e-01;1.1250000e+02;8.5766196e-02;1.1250000e+02;4.1603811e-02;1.1250000e+02;-1.1652038e-03;1.1250000e+02;3.9627980e-03;1.1250000e+02;1.5211411e-02;1.1250000e+02;3.1517532e-02;1.1250000e+02;4.9475379e-02;1.1250000e+02;6.9395252e-02;1.1250000e+02;9.0874940e-02;1.1250000e+02;1.1236763e-01;1.1250000e+02;1.3305122e-01;1.1250000e+02;1.5503336e-01;1.1250000e+02;1.8200348e-01;1.1250000e+02;2.1040104e-01;1.1250000e+02;2.2602652e-01;1.1250000e+02;2.1498458e-01;1.1250000e+02;1.8171814e-01;1.1250000e+02;1.3461676e-01;1.1250000e+02;8.5766196e-02;1.1250000e+02;4.1603811e-02;1.1250000e+02;-1.1652038e-03;1.1250000e+02;3.9627980e-03;1.1250000e+02;1.5211411e-02;1.1250000e+02;3.1517532e-02;1.1250000e+02;4.9475379e-02;1.1250000e+02;6.9395252e-02;1.1250000e+02;9.0874940e-02;1.1250000e+02;1.1236763e-01;1.1250000e+02;1.3305122e-01;1.1250000e+02;1.5503336e-01;1.1250000e+02;1.8200348e-01;1.1250000e+02;2.1040104e-01;1.1250000e+02;2.2602652e-01;1.1250000e+02;2.1498458e-01;1.1250000e+02;1.8171814e-01;1.1250000e+02;1.3461676e-01;1.1250000e+02;8.5766196e-02;1.1250000e+02;4.1603811e-02;1.1250000e+02;-1.1652038e-03;1.1250000e+02;3.9627980e-03;1.1250000e+02;1.5211411e-02;1.1250000e+02;3.1517532e-02;1.1250000e+02;4.9475379e-02;1.1250000e+02;6.9395252e-02;1.1250000e+02;9.0874940e-02;1.1250000e+02;1.1236763e-01;1.1250000e+02;1.3305122e-01;1.1250000e+02;1.5503336e-01;1.1250000e+02;1.8200348e-01;1.1250000e+02;2.1040104e-01;1.1250000e+02;2.2602652e-01;1.1250000e+02;2.1498458e-01;1.1250000e+02;1.8171814e-01;1.1250000e+02;1.3461676e-01;1.1250000e+02;8.5766196e-02;1.1250000e+02;4.1603811e-02;1.1250000e+02;-1.1652038e-03;1.1250000e+02;3.9627980e-03;1.1250000e+02;1.5211411e-02;1.1250000e+02;3.1517532e-02;1.1250000e+02;4.9475379e-02;1.1250000e+02;6.9395252e-02;1.1250000e+02;9.0874940e-02;1.1250000e+02;1.1236763e-01;1.1250000e+02;1.3305122e-01;1.1250000e+02;1.5503336e-01;1.1250000e+02;1.8200348e-01;1.1250000e+02;2.1040104e-01;1.1250000e+02;2.2602652e-01;1.1250000e+02;2.1498458e-01;1.1250000e+02;1.8171814e-01;1.1250000e+02;1.3461676e-01;1.1250000e+02;8.5766196e-02;1.1250000e+02;4.1603811e-02;1.1250000e+02;-1.1652038e-03;1.1250000e+02;3.9627980e-03;1.1250000e+02;1.5211411e-02;1.1250000e+02;3.1517532e-02;1.1250000e+02;4.9475379e-02;1.1250000e+02;6.9395252e-02;1.1250000e+02;9.0874940e-02;1.1250000e+02;1.1236763e-01;1.1250000e+02;1.3305122e-01;1.1250000e+02;1.5503336e-01;1.1250000e+02;1.8200348e-01;1.1250000e+02;2.1040104e-01;1.1250000e+02;2.2602652e-01;1.1250000e+02;2.1498458e-01;1.1250000e+02;1.8171814e-01;1.1250000e+02;1.3461676e-01;1.1250000e+02;8.5766196e-02;1.1250000e+02;4.1603811e-02;1.1250000e+02;-1.1652038e-03;1.1250000e+02;3.9627980e-03;1.1250000e+02;1.5211411e-02;1.1250000e+02;3.1517532e-02;1.1250000e+02;4.9475379e-02;1.1250000e+02;6.9395252e-02;1.1250000e+02;9.0874940e-02;1.1250000e+02;1.1236763e-01;1.1250000e+02;1.3305122e-01;1.1250000e+02;1.5503336e-01;1.1250000e+02;1.8200348e-01;1.1250000e+02;2.1040104e-01;1.1250000e+02;2.2602652e-01;1.1250000e+02;2.1498458e-01;1.1250000e+02;1.8171814e-01;1.1250000e+02;1.3461676e-01;1.1250000e+02;8.5766196e-02;1.1250000e+02;4.1603811e-02;1.1250000e+02;-1.1652038e-03;1.1250000e+02;3.9627980e-03;1.1250000e+02;1.5211411e-02;1.1250000e+02;3.1517532e-02;1.1250000e+02;4.9475379e-02;1.1250000e+02;6.9395252e-02;1.1250000e+02;9.0874940e-02;1.1250000e+02;1.1236763e-01;1.1250000e+02;1.3305122e-01;1.1250000e+02;1.5503336e-01;1.1250000e+02;1.8200348e-01;1.1250000e+02;2.1040104e-01;1.1250000e+02;2.2602652e-01;1.1250000e+02;2.1498458e-01;1.1250000e+02;1.8171814e-01;1.1250000e+02;1.3461676e-01;1.1250000e+02;8.5766196e-02;1.1250000e+02;4.1603811e-02;1.1250000e+02;-1.1652038e-03;1.1250000e+02;3.9627980e-03;1.1250000e+02;1.5211411e-02;1.1250000e+02;3.1517532e-02;1.1250000e+02;4.9475379e-02;1.1250000e+02;6.9395252e-02;1.1250000e+02;9.0874940e-02;1.1250000e+02;1.1236763e-01;1.1250000e+02;1.3305122e-01;1.1250000e+02;1.5503336e-01;1.1250000e+02;1.8200348e-01;1.1250000e+02;2.1040104e-01;1.1250000e+02;2.2602652e-01;1.1250000e+02;2.1498458e-01;1.1250000e+02;1.8171814e-01;1.1250000e+02;1.3461676e-01;1.1250000e+02;8.5766196e-02;1.1250000e+02;4.1603811e-02;1.1250000e+02;-1.1652038e-03;1.1250000e+02;3.9627980e-03;1.1250000e+02;1.5211411e-02;1.1250000e+02;3.1517532e-02;1.1250000e+02;4.9475379e-02;1.1250000e+02;6.9395252e-02;1.1250000e+02;9.0874940e-02;1.1250000e+02;1.1236763e-01;1.1250000e+02;1.3305122e-01;1.1250000e+02;1.5503336e-01;1.1250000e+02;1.8200348e-01;1.1250000e+02;2.1040104e-01;1.1250000e+02;2.2602652e-01;1.1250000e+02;2.1498458e-01;1.1250000e+02;1.8171814e-01;1.1250000e+02;1.3461676e-01;1.1250000e+02;8.5766196e-02;1.1250000e+02;4.1603811e-02;1.1250000e+02;-1.1652038e-03;1.1250000e+02;3.9627980e-03;1.1250000e+02;1.5211411e-02;1.1250000e+02;3.1517532e-02;1.1250000e+02;4.9475379e-02;1.1250000e+02;6.9395252e-02;1.1250000e+02;9.0874940e-02;1.1250000e+02;1.1236763e-01;1.1250000e+02;1.3305122e-01;1.1250000e+02;1.5503336e-01;1.1250000e+02;1.8200348e-01;1.1250000e+02;2.1040104e-01;1.1250000e+02;2.2602652e-01;1.1250000e+02;2.1498458e-01;1.1250000e+02;1.8171814e-01;1.1250000e+02;1.3461676e-01;1.1250000e+02;8.5766196e-02;1.1250000e+02;4.1603811e-02;1.1250000e+02;-1.1652038e-03;1.1250000e+02;3.9627980e-03;1.1250000e+02;1.5211411e-02;1.1250000e+02;3.1517532e-02;1.1250000e+02;4.9475379e-02;1.1250000e+02;6.9395252e-02;1.1250000e+02;9.0874940e-02;1.1250000e+02;1.1236763e-01;1.1250000e+02;1.3305122e-01;1.1250000e+02;1.5503336e-01;1.1250000e+02;1.8200348e-01;1.1250000e+02;2.1040104e-01;1.1250000e+02;2.2602652e-01;1.1250000e+02;2.1498458e-01;1.1250000e+02;1.8171814e-01;1.1250000e+02;1.3461676e-01;1.1250000e+02;8.5766196e-02;1.1250000e+02;4.1603811e-02;1.1250000e+02;-1.1652038e-03;1.1250000e+02;3.9627980e-03;1.1250000e+02;1.5211411e-02;1.1250000e+02;3.1517532e-02;1.1250000e+02;4.9475379e-02;1.1250000e+02;6.9395252e-02;1.1250000e+02;9.0874940e-02;1.1250000e+02;1.1236763e-01;1.1250000e+02;1.3305122e-01;1.1250000e+02;1.5503336e-01;1.1250000e+02;1.8200348e-01;1.1250000e+02;2.1040104e-01;1.1250000e+02;2.2602652e-01;1.1250000e+02;2.1498458e-01;1.1250000e+02;1.8171814e-01;1.1250000e+02;1.3461676e-01;1.1250000e+02;8.5766196e-02;1.1250000e+02;4.1603811e-02;1.1250000e+02;-1.1652038e-03;1.1250000e+02;3.9627980e-03;1.1250000e+02;1.5211411e-02;1.1250000e+02;3.1517532e-02;1.1250000e+02;4.9475379e-02;1.1250000e+02;6.9395252e-02;1.1250000e+02;9.0874940e-02;1.1250000e+02;1.1236763e-01;1.1250000e+02;1.3305122e-01;1.1250000e+02;1.5503336e-01;1.1250000e+02;1.8200348e-01;1.1250000e+02;2.1040104e-01;1.1250000e+02;2.2602652e-01;1.1250000e+02;2.1498458e-01;1.1250000e+02;1.8171814e-01;1.1250000e+02;1.3461676e-01;1.1250000e+02;8.5766196e-02;1.1250000e+02;4.1603811e-02;1.1250000e+02;-1.1652038e-03;1.1250000e+02;3.9627980e-03;1.1250000e+02;1.5211411e-02;1.1250000e+02;3.1517532e-02;1.1250000e+02;4.9475379e-02;1.1250000e+02;6.9395252e-02;1.1250000e+02;9.0874940e-02;1.1250000e+02;1.1236763e-01;1.1250000e+02;1.3305122e-01;1.1250000e+02;1.5503336e-01;1.1250000e+02;1.8200348e-01;1.1250000e+02;2.1040104e-01;1.1250000e+02;2.2602652e-01;1.1250000e+02;2.1498458e-01;1.1250000e+02;1.8171814e-01;1.1250000e+02;1.3461676e-01;1.1250000e+02;8.5766196e-02;1.1250000e+02;4.1603811e-02;1.1250000e+02;-1.1652038e-03;1.1250000e+02;3.9627980e-03;1.1250000e+02;1.5211411e-02;1.1250000e+02;3.1517532e-02;1.1250000e+02;4.9475379e-02;1.1250000e+02;6.9395252e-02;1.1250000e+02;9.0874940e-02;1.1250000e+02;1.1236763e-01;1.1250000e+02;1.3305122e-01;1.1250000e+02;1.5503336e-01;1.1250000e+02;1.8200348e-01;1.1250000e+02;2.1040104e-01;1.1250000e+02;2.2602652e-01;1.1250000e+02;2.1498458e-01;1.1250000e+02;1.8171814e-01;1.1250000e+02;1.3461676e-01;1.1250000e+02;8.5766196e-02;1.1250000e+02;4.1603811e-02;1.1250000e+02;-1.1652038e-03;1.1250000e+02;3.9627980e-03;1.1250000e+02;1.5211411e-02;1.1250000e+02;3.1517532e-02;1.1250000e+02;4.9475379e-02;1.1250000e+02;6.9395252e-02;1.1250000e+02;9.0874940e-02;1.1250000e+02;1.1236763e-01;1.1250000e+02;1.3305122e-01;1.1250000e+02;1.5503336e-01;1.1250000e+02;1.8200348e-01;1.1250000e+02;2.1040104e-01;1.1250000e+02;2.2602652e-01;1.1250000e+02;2.1498458e-01;1.1250000e+02;1.8171814e-01;1.1250000e+02;1.3461676e-01;1.1250000e+02;8.5766196e-02;1.1250000e+02;4.1603811e-02;1.1250000e+02;-1.1652038e-03;1.1250000e+02;3.9627980e-03;1.1250000e+02;1.5211411e-02;1.1250000e+02;3.1517532e-02;1.1250000e+02;4.9475379e-02;1.1250000e+02;6.9395252e-02;1.1250000e+02;9.0874940e-02;1.1250000e+02;1.1236763e-01;1.1250000e+02;1.3305122e-01;1.1250000e+02;1.5503336e-01;1.1250000e+02;1.8200348e-01;1.1250000e+02;2.1040104e-01;1.1250000e+02;2.2602652e-01;1.1250000e+02;2.1498458e-01;1.1250000e+02;1.8171814e-01;1.1250000e+02;1.3461676e-01;1.1250000e+02;8.5766196e-02;1.1250000e+02;4.1603811e-02;1.1250000e+02;-1.1652038e-03;1.1250000e+02;3.9627980e-03;1.1250000e+02;1.5211411e-02;1.1250000e+02;3.1517532e-02;1.1250000e+02;4.9475379e-02;1.1250000e+02;6.9395252e-02;1.1250000e+02;9.0874940e-02;1.1250000e+02;1.1236763e-01;1.1250000e+02;1.3305122e-01;1.1250000e+02;1.5503336e-01;1.1250000e+02;1.8200348e-01;1.1250000e+02;2.1040104e-01;1.1250000e+02;2.2602652e-01;1.1250000e+02;2.1498458e-01;1.1250000e+02;1.8171814e-01;1.1250000e+02;1.3461676e-01;1.1250000e+02;8.5766196e-02;1.1250000e+02;4.1603811e-02;1.1250000e+02;-1.1652038e-03;1.1250000e+02;3.9627980e-03;1.1250000e+02;1.5211411e-02;1.1250000e+02;3.1517532e-02;1.1250000e+02;4.9475379e-02;1.1250000e+02;6.9395252e-02;1.1250000e+02;9.0874940e-02;1.1250000e+02;1.1236763e-01;1.1250000e+02;1.3305122e-01;1.1250000e+02;1.5503336e-01;1.1250000e+02;1.8200348e-01;1.1250000e+02;2.1040104e-01;1.1250000e+02;2.2602652e-01;1.1250000e+02;2.1498458e-01;1.1250000e+02;1.8171814e-01;1.1250000e+02;1.3461676e-01;1.1250000e+02;8.5766196e-02;1.1250000e+02;4.1603811e-02;1.1250000e+02;-1.1652038e-03;1.1250000e+02;3.9627980e-03;1.1250000e+02;1.5211411e-02;1.1250000e+02;3.1517532e-02;1.1250000e+02;4.9475379e-02;1.1250000e+02;6.9395252e-02;1.1250000e+02;9.0874940e-02;1.1250000e+02;1.1236763e-01;1.1250000e+02;1.3305122e-01;1.1250000e+02;1.5503336e-01;1.1250000e+02;1.8200348e-01;1.1250000e+02;2.1040104e-01;1.1250000e+02;2.2602652e-01;1.1250000e+02;2.1498458e-01;1.1250000e+02;1.8171814e-01;1.1250000e+02;1.3461676e-01;1.1250000e+02;8.5766196e-02;1.1250000e+02;4.1603811e-02;1.1250000e+02;-1.1652038e-03;1.1250000e+02;3.9627980e-03;1.1250000e+02;1.5211411e-02;1.1250000e+02;3.1517532e-02;1.1250000e+02;4.9475379e-02;1.1250000e+02;6.9395252e-02;1.1250000e+02;9.0874940e-02;1.1250000e+02;1.1236763e-01;1.1250000e+02;1.3305122e-01;1.1250000e+02;1.5503336e-01;1.1250000e+02;1.8200348e-01;1.1250000e+02;2.1040104e-01;1.1250000e+02;2.2602652e-01;1.1250000e+02;2.1498458e-01;1.1250000e+02;1.8171814e-01;1.1250000e+02;1.3461676e-01;1.1250000e+02;8.5766196e-02;1.1250000e+02;4.1603811e-02;1.1250000e+02;-1.1652038e-03;1.1250000e+02;3.9627980e-03;1.1250000e+02;1.5211411e-02;1.1250000e+02;3.1517532e-02;1.1250000e+02;4.9475379e-02;1.1250000e+02;6.9395252e-02;1.1250000e+02;9.0874940e-02;1.1250000e+02;1.1236763e-01;1.1250000e+02;1.3305122e-01;1.1250000e+02;1.5503336e-01;1.1250000e+02;1.8200348e-01;1.1250000e+02;2.1040104e-01;1.1250000e+02;2.2602652e-01;1.1250000e+02;2.1498458e-01;1.1250000e+02;1.8171814e-01;1.1250000e+02;1.3461676e-01;1.1250000e+02;8.5766196e-02;1.1250000e+02;4.1603811e-02;1.1250000e+02;-1.1652038e-03;1.1250000e+02;3.9627980e-03;1.1250000e+02;1.5211411e-02;1.1250000e+02;3.1517532e-02;1.1250000e+02;4.9475379e-02;1.1250000e+02;6.9395252e-02;1.1250000e+02;9.0874940e-02;1.1250000e+02;1.1236763e-01;1.1250000e+02;1.3305122e-01;1.1250000e+02;1.5503336e-01;1.1250000e+02;1.8200348e-01;1.1250000e+02;2.1040104e-01;1.1250000e+02;2.2602652e-01;1.1250000e+02;2.1498458e-01;1.1250000e+02;1.8171814e-01;1.1250000e+02;1.3461676e-01;1.1250000e+02;8.5766196e-02;1.1250000e+02;4.1603811e-02;1.1250000e+02;-1.1652038e-03;1.1250000e+02;3.9627980e-03;1.1250000e+02;1.5211411e-02;1.1250000e+02;3.1517532e-02;1.1250000e+02;4.9475379e-02;1.1250000e+02;6.9395252e-02;1.1250000e+02;9.0874940e-02;1.1250000e+02;1.1236763e-01;1.1250000e+02;1.3305122e-01;1.1250000e+02;1.5503336e-01;1.1250000e+02;1.8200348e-01;1.1250000e+02;2.1040104e-01;1.1250000e+02;2.2602652e-01;1.1250000e+02;2.1498458e-01;1.1250000e+02;1.8171814e-01;1.1250000e+02;1.3461676e-01;1.1250000e+02;8.5766196e-02;1.1250000e+02;4.1603811e-02;1.1250000e+02;-1.1652038e-03;1.1250000e+02;3.9627980e-03;1.1250000e+02;1.5211411e-02;1.1250000e+02;3.1517532e-02;1.1250000e+02;4.9475379e-02;1.1250000e+02;6.9395252e-02;1.1250000e+02;9.0874940e-02;1.1250000e+02;1.1236763e-01;1.1250000e+02;1.3305122e-01;1.1250000e+02;1.5503336e-01;1.1250000e+02;1.8200348e-01;1.1250000e+02;2.1040104e-01;1.1250000e+02;2.2602652e-01;1.1250000e+02;2.1498458e-01;1.1250000e+02;1.8171814e-01;1.1250000e+02;1.3461676e-01;1.1250000e+02;8.5766196e-02;1.1250000e+02;4.1603811e-02;1.1250000e+02;-1.1652038e-03;1.1250000e+02;3.9627980e-03;1.1250000e+02;1.5211411e-02;1.1250000e+02;3.1517532e-02;1.1250000e+02;4.9475379e-02;1.1250000e+02;6.9395252e-02;1.1250000e+02;9.0874940e-02;1.1250000e+02;1.1236763e-01;1.1250000e+02;1.3305122e-01;1.1250000e+02;1.5503336e-01;1.1250000e+02;1.8200348e-01;1.1250000e+02;2.1040104e-01;1.1250000e+02;2.2602652e-01;1.1250000e+02;2.1498458e-01;1.1250000e+02;1.8171814e-01;1.1250000e+02;1.3461676e-01;1.1250000e+02;8.5766196e-02;1.1250000e+02;4.1603811e-02;1.1250000e+02;-1.1652038e-03;1.1250000e+02;3.9627980e-03;1.1250000e+02;1.5211411e-02;1.1250000e+02;3.1517532e-02;1.1250000e+02;4.9475379e-02;1.1250000e+02;6.9395252e-02;1.1250000e+02;9.0874940e-02;1.1250000e+02;1.1236763e-01;1.1250000e+02;1.3305122e-01;1.1250000e+02;1.5503336e-01;1.1250000e+02;1.8200348e-01;1.1250000e+02;2.1040104e-01;1.1250000e+02;2.2602652e-01;1.1250000e+02;2.1498458e-01;1.1250000e+02;1.8171814e-01;1.1250000e+02;1.3461676e-01;1.1250000e+02;8.5766196e-02;1.1250000e+02;4.1603811e-02;1.1250000e+02;-1.1652038e-03;1.1250000e+02;3.9627980e-03;1.1250000e+02;1.5211411e-02;1.1250000e+02;3.1517532e-02;1.1250000e+02;4.9475379e-02;1.1250000e+02;6.9395252e-02;1.1250000e+02;9.0874940e-02;1.1250000e+02;1.1236763e-01;1.1250000e+02;1.3305122e-01;1.1250000e+02;1.5503336e-01;1.1250000e+02;1.8200348e-01;1.1250000e+02;2.1040104e-01;1.1250000e+02;2.2602652e-01;1.1250000e+02;2.1498458e-01;1.1250000e+02;1.8171814e-01;1.1250000e+02;1.3461676e-01;1.1250000e+02;8.5766196e-02;1.1250000e+02;4.1603811e-02;1.1250000e+02;-1.1652038e-03;1.1250000e+02;3.9627980e-03;1.1250000e+02;1.5211411e-02;1.1250000e+02;3.1517532e-02;1.1250000e+02;4.9475379e-02;1.1250000e+02;6.9395252e-02;1.1250000e+02;9.0874940e-02;1.1250000e+02;1.1236763e-01;1.1250000e+02;1.3305122e-01;1.1250000e+02;1.5503336e-01;1.1250000e+02;1.8200348e-01;1.1250000e+02;2.1040104e-01;1.1250000e+02;2.2602652e-01;1.1250000e+02;2.1498458e-01;1.1250000e+02;1.8171814e-01;1.1250000e+02;1.3461676e-01;1.1250000e+02;8.5766196e-02;1.1250000e+02;4.1603811e-02;1.1250000e+02;-1.1652038e-03;1.1250000e+02;3.9627980e-03;1.1250000e+02;1.5211411e-02;1.1250000e+02;3.1517532e-02;1.1250000e+02;4.9475379e-02;1.1250000e+02;6.9395252e-02;1.1250000e+02;9.0874940e-02;1.1250000e+02;1.1236763e-01;1.1250000e+02;1.3305122e-01;1.1250000e+02;1.5503336e-01;1.1250000e+02;1.8200348e-01;1.1250000e+02;2.1040104e-01;1.1250000e+02;2.2602652e-01;1.1250000e+02;2.1498458e-01;1.1250000e+02;1.8171814e-01;1.1250000e+02;1.3461676e-01;1.1250000e+02;8.5766196e-02;1.1250000e+02;4.1603811e-02;1.1250000e+02;-1.1652038e-03;1.1250000e+02;3.9627980e-03;1.1250000e+02;1.5211411e-02;1.1250000e+02;3.1517532e-02;1.1250000e+02;4.9475379e-02;1.1250000e+02;6.9395252e-02;1.1250000e+02;9.0874940e-02;1.1250000e+02;1.1236763e-01;1.1250000e+02;1.3305122e-01;1.1250000e+02;1.5503336e-01;1.1250000e+02;1.8200348e-01;1.1250000e+02;2.1040104e-01;1.1250000e+02;2.2602652e-01;1.1250000e+02;2.1498458e-01;1.1250000e+02;1.8171814e-01;1.1250000e+02;1.3461676e-01;1.1250000e+02;8.5766196e-02;1.1250000e+02;4.1603811e-02;1.1250000e+02;-1.1652038e-03;1.1250000e+02;3.9627980e-03;1.1250000e+02;1.5211411e-02;1.1250000e+02;3.1517532e-02;1.1250000e+02;4.9475379e-02;1.1250000e+02;6.9395252e-02;1.1250000e+02;9.0874940e-02;1.1250000e+02;1.1236763e-01;1.1250000e+02;1.3305122e-01;1.1250000e+02;1.5503336e-01;1.1250000e+02;1.8200348e-01;1.1250000e+02;2.1040104e-01;1.1250000e+02;2.2602652e-01;1.1250000e+02;2.1498458e-01;1.1250000e+02;1.8171814e-01;1.1250000e+02;1.3461676e-01;1.1250000e+02;8.5766196e-02;1.1250000e+02;4.1603811e-02;1.1250000e+02;-1.1652038e-03;1.1250000e+02;3.9627980e-03;1.1250000e+02;1.5211411e-02;1.1250000e+02;3.1517532e-02;1.1250000e+02;4.9475379e-02;1.1250000e+02;6.9395252e-02;1.1250000e+02;9.0874940e-02;1.1250000e+02;1.1236763e-01;1.1250000e+02;1.3305122e-01;1.1250000e+02;1.5503336e-01;1.1250000e+02;1.8200348e-01;1.1250000e+02;2.1040104e-01;1.1250000e+02;2.2602652e-01;1.1250000e+02;2.1498458e-01;1.1250000e+02;1.8171814e-01;1.1250000e+02;1.3461676e-01;1.1250000e+02;8.5766196e-02;1.1250000e+02;4.1603811e-02;1.1250000e+02;-1.1652038e-03;1.1250000e+02;3.9627980e-03;1.1250000e+02;1.5211411e-02;1.1250000e+02;3.1517532e-02;1.1250000e+02;4.9475379e-02;1.1250000e+02;6.9395252e-02;1.1250000e+02;9.0874940e-02;1.1250000e+02;1.1236763e-01;1.1250000e+02;1.3305122e-01;1.1250000e+02;1.5503336e-01;1.1250000e+02;1.8200348e-01;1.1250000e+02;2.1040104e-01;1.1250000e+02;2.2602652e-01;1.1250000e+02;2.1498458e-01;1.1250000e+02;1.8171814e-01;1.1250000e+02;1.3461676e-01;1.1250000e+02;8.5766196e-02;1.1250000e+02;4.1603811e-02;1.1250000e+02;-1.1652038e-03;1.1250000e+02;3.9627980e-03;1.1250000e+02;1.5211411e-02;1.1250000e+02;3.1517532e-02;1.1250000e+02;4.9475379e-02;1.1250000e+02;6.9395252e-02;1.1250000e+02;9.0874940e-02;1.1250000e+02;1.1236763e-01;1.1250000e+02;1.3305122e-01;1.1250000e+02;1.5503336e-01;1.1250000e+02;1.8200348e-01;1.1250000e+02;2.1040104e-01;1.1250000e+02;2.2602652e-01;1.1250000e+02;2.1498458e-01;1.1250000e+02;1.8171814e-01;1.1250000e+02;1.3461676e-01;1.1250000e+02;8.5766196e-02;1.1250000e+02;4.1603811e-02;1.1250000e+02;-1.1652038e-03;1.1250000e+02;3.9627980e-03;1.1250000e+02;1.5211411e-02;1.1250000e+02;3.1517532e-02;1.1250000e+02;4.9475379e-02;1.1250000e+02;6.9395252e-02;1.1250000e+02;9.0874940e-02;1.1250000e+02;1.1236763e-01;1.1250000e+02;1.3305122e-01;1.1250000e+02;1.5503336e-01;1.1250000e+02;1.8200348e-01;1.1250000e+02;2.1040104e-01;1.1250000e+02;2.2602652e-01;1.1250000e+02;2.1498458e-01;1.1250000e+02;1.8171814e-01;1.1250000e+02;1.3461676e-01;1.1250000e+02;8.5766196e-02;1.1250000e+02;4.1603811e-02;1.1250000e+02;-1.1652038e-03;1.1250000e+02;3.9627980e-03;1.1250000e+02;1.5211411e-02;1.1250000e+02;3.1517532e-02;1.1250000e+02;4.9475379e-02;1.1250000e+02;6.9395252e-02;1.1250000e+02;9.0874940e-02;1.1250000e+02;1.1236763e-01;1.1250000e+02;1.3305122e-01;1.1250000e+02;1.5503336e-01;1.1250000e+02;1.8200348e-01;1.1250000e+02;2.1040104e-01;1.1250000e+02;2.2602652e-01;1.1250000e+02;2.1498458e-01;1.1250000e+02;1.8171814e-01;1.1250000e+02;1.3461676e-01;1.1250000e+02;8.5766196e-02;1.1250000e+02;4.1603811e-02;1.1250000e+02;-1.1652038e-03;1.1250000e+02;3.9627980e-03;1.1250000e+02;1.5211411e-02;1.1250000e+02;3.1517532e-02;1.1250000e+02;4.9475379e-02;1.1250000e+02;6.9395252e-02;1.1250000e+02;9.0874940e-02;1.1250000e+02;1.1236763e-01;1.1250000e+02;1.3305122e-01;1.1250000e+02;1.5503336e-01;1.1250000e+02;1.8200348e-01;1.1250000e+02;2.1040104e-01;1.1250000e+02;2.2602652e-01;1.1250000e+02;2.1498458e-01;1.1250000e+02;1.8171814e-01;1.1250000e+02;1.3461676e-01;1.1250000e+02;8.5766196e-02;1.1250000e+02;4.1603811e-02;1.1250000e+02;-1.1652038e-03;1.1250000e+02;3.9627980e-03;1.1250000e+02;1.5211411e-02;1.1250000e+02;3.1517532e-02;1.1250000e+02;4.9475379e-02;1.1250000e+02;6.9395252e-02;1.1250000e+02;9.0874940e-02;1.1250000e+02;1.1236763e-01;1.1250000e+02;1.3305122e-01;1.1250000e+02;1.5503336e-01;1.1250000e+02;1.8200348e-01;1.1250000e+02;2.1040104e-01;1.1250000e+02;2.2602652e-01;1.1250000e+02;2.1498458e-01;1.1250000e+02;1.8171814e-01;1.1250000e+02;1.3461676e-01;1.1250000e+02;8.5766196e-02;1.1250000e+02;4.1603811e-02;1.1250000e+02;-1.1652038e-03;1.1250000e+02;3.9627980e-03;1.1250000e+02;1.5211411e-02;1.1250000e+02;3.1517532e-02;1.1250000e+02;4.9475379e-02;1.1250000e+02;6.9395252e-02;1.1250000e+02;9.0874940e-02;1.1250000e+02;1.1236763e-01;1.1250000e+02;1.3305122e-01;1.1250000e+02;1.5503336e-01;1.1250000e+02;1.8200348e-01;1.1250000e+02;2.1040104e-01;1.1250000e+02;2.2602652e-01;1.1250000e+02;2.1498458e-01;1.1250000e+02;1.8171814e-01;1.1250000e+02;1.3461676e-01;1.1250000e+02;8.5766196e-02;1.1250000e+02;4.1603811e-02;1.1250000e+02;-1.1652038e-03;1.1250000e+02;3.9627980e-03;1.1250000e+02;1.5211411e-02;1.1250000e+02;3.1517532e-02;1.1250000e+02;4.9475379e-02;1.1250000e+02;6.9395252e-02;1.1250000e+02;9.0874940e-02;1.1250000e+02;1.1236763e-01;1.1250000e+02;1.3305122e-01;1.1250000e+02;1.5503336e-01;1.1250000e+02;1.8200348e-01;1.1250000e+02;2.1040104e-01;1.1250000e+02;2.2602652e-01;1.1250000e+02;2.1498458e-01;1.1250000e+02;1.8171814e-01;1.1250000e+02;1.3461676e-01;1.1250000e+02;8.5766196e-02;1.1250000e+02;4.1603811e-02;1.1250000e+02;-1.1652038e-03;1.1250000e+02;3.9627980e-03;1.1250000e+02;1.5211411e-02;1.1250000e+02;3.1517532e-02;1.1250000e+02;4.9475379e-02;1.1250000e+02;6.9395252e-02;1.1250000e+02;9.0874940e-02;1.1250000e+02;1.1236763e-01;1.1250000e+02;1.3305122e-01;1.1250000e+02;1.5503336e-01;1.1250000e+02;1.8200348e-01;1.1250000e+02;2.1040104e-01;1.1250000e+02;2.2602652e-01;1.1250000e+02;2.1498458e-01;1.1250000e+02;1.8171814e-01;1.1250000e+02;1.3461676e-01;1.1250000e+02;8.5766196e-02;1.1250000e+02;4.1603811e-02;1.1250000e+02;-1.1652038e-03;1.1250000e+02;3.9627980e-03;1.1250000e+02;1.5211411e-02;1.1250000e+02;3.1517532e-02;1.1250000e+02;4.9475379e-02;1.1250000e+02;6.9395252e-02;1.1250000e+02;9.0874940e-02;1.1250000e+02;1.1236763e-01;1.1250000e+02;1.3305122e-01;1.1250000e+02;1.5503336e-01;1.1250000e+02;1.8200348e-01;1.1250000e+02;2.1040104e-01;1.1250000e+02;2.2602652e-01;1.1250000e+02;2.1498458e-01;1.1250000e+02;1.8171814e-01;1.1250000e+02;1.3461676e-01;1.1250000e+02;8.5766196e-02;1.1250000e+02;4.1603811e-02;1.1250000e+02;-1.1652038e-03;1.1250000e+02;3.9627980e-03;1.1250000e+02;1.5211411e-02;1.1250000e+02;3.1517532e-02;1.1250000e+02;4.9475379e-02;1.1250000e+02;6.9395252e-02;1.1250000e+02;9.0874940e-02;1.1250000e+02;1.1236763e-01;1.1250000e+02;1.3305122e-01;1.1250000e+02;1.5503336e-01;1.1250000e+02;1.8200348e-01;1.1250000e+02;2.1040104e-01;1.1250000e+02;2.2602652e-01;1.1250000e+02;2.1498458e-01;1.1250000e+02;1.8171814e-01;1.1250000e+02;1.3461676e-01;1.1250000e+02;8.5766196e-02;1.1250000e+02;4.1603811e-02;1.1250000e+02;-1.1652038e-03;1.1250000e+02;3.9627980e-03;1.1250000e+02;1.5211411e-02;1.1250000e+02;3.1517532e-02;1.1250000e+02;4.9475379e-02;1.1250000e+02;6.9395252e-02;1.1250000e+02;9.0874940e-02;1.1250000e+02;1.1236763e-01;1.1250000e+02;1.3305122e-01;1.1250000e+02;1.5503336e-01;1.1250000e+02;1.8200348e-01;1.1250000e+02;2.1040104e-01;1.1250000e+02;2.2602652e-01;1.1250000e+02;2.1498458e-01;1.1250000e+02;1.8171814e-01;1.1250000e+02;1.3461676e-01;1.1250000e+02;8.5766196e-02;1.1250000e+02;4.1603811e-02;1.1250000e+02;-1.1652038e-03;1.1250000e+02;3.9627980e-03;1.1250000e+02;1.5211411e-02;1.1250000e+02;3.1517532e-02;1.1250000e+02;4.9475379e-02;1.1250000e+02;6.9395252e-02;1.1250000e+02;9.0874940e-02;1.1250000e+02;1.1236763e-01;1.1250000e+02;1.3305122e-01;1.1250000e+02;1.5503336e-01;1.1250000e+02;1.8200348e-01;1.1250000e+02;2.1040104e-01;1.1250000e+02;2.2602652e-01;1.1250000e+02;2.1498458e-01;1.1250000e+02;1.8171814e-01;1.1250000e+02;1.3461676e-01;1.1250000e+02;8.5766196e-02;1.1250000e+02;4.1603811e-02;1.1250000e+02;-1.1652038e-03;1.1250000e+02;3.9627980e-03;1.1250000e+02;1.5211411e-02;1.1250000e+02;3.1517532e-02;1.1250000e+02;4.9475379e-02;1.1250000e+02;6.9395252e-02;1.1250000e+02;9.0874940e-02;1.1250000e+02;1.1236763e-01;1.1250000e+02;1.3305122e-01;1.1250000e+02;1.5503336e-01;1.1250000e+02;1.8200348e-01;1.1250000e+02;2.1040104e-01;1.1250000e+02;2.2602652e-01;1.1250000e+02;2.1498458e-01;1.1250000e+02;1.8171814e-01;1.1250000e+02;1.3461676e-01;1.1250000e+02;8.5766196e-02;1.1250000e+02;4.1603811e-02;1.1250000e+02;-1.1652038e-03;1.1250000e+02;3.9627980e-03;1.1250000e+02;1.5211411e-02;1.1250000e+02;3.1517532e-02;1.1250000e+02;4.9475379e-02;1.1250000e+02;6.9395252e-02;1.1250000e+02;9.0874940e-02;1.1250000e+02;1.1236763e-01;1.1250000e+02;1.3305122e-01;1.1250000e+02;1.5503336e-01;1.1250000e+02;1.8200348e-01;1.1250000e+02;2.1040104e-01;1.1250000e+02;2.2602652e-01;1.1250000e+02;2.1498458e-01;1.1250000e+02;1.8171814e-01;1.1250000e+02;1.3461676e-01;1.1250000e+02;8.5766196e-02;1.1250000e+02;4.1603811e-02;1.1250000e+02;-1.1652038e-03;1.1250000e+02;3.9627980e-03;1.1250000e+02;1.5211411e-02;1.1250000e+02;3.1517532e-02;1.1250000e+02;4.9475379e-02;1.1250000e+02;6.9395252e-02;1.1250000e+02;9.0874940e-02;1.1250000e+02;1.1236763e-01;1.1250000e+02;1.3305122e-01;1.1250000e+02;1.5503336e-01;1.1250000e+02;1.8200348e-01;1.1250000e+02;2.1040104e-01;1.1250000e+02;2.2602652e-01;1.1250000e+02;2.1498458e-01;1.1250000e+02;1.8171814e-01;1.1250000e+02;1.3461676e-01;1.1250000e+02;8.5766196e-02;1.1250000e+02;4.1603811e-02;1.1250000e+02;-1.1652038e-03;1.1250000e+02;3.9627980e-03;1.1250000e+02;1.5211411e-02;1.1250000e+02;3.1517532e-02;1.1250000e+02;4.9475379e-02;1.1250000e+02;6.9395252e-02;1.1250000e+02;9.0874940e-02;1.1250000e+02;1.1236763e-01;1.1250000e+02;1.3305122e-01;1.1250000e+02;1.5503336e-01;1.1250000e+02;1.8200348e-01;1.1250000e+02;2.1040104e-01;1.1250000e+02;2.2602652e-01;1.1250000e+02;2.1498458e-01;1.1250000e+02;1.8171814e-01;1.1250000e+02;1.3461676e-01;1.1250000e+02;8.5766196e-02;1.1250000e+02;4.1603811e-02;1.1250000e+02;-1.1652038e-03;1.1250000e+02;3.9627980e-03;1.1250000e+02;1.5211411e-02;1.1250000e+02;3.1517532e-02;1.1250000e+02;4.9475379e-02;1.1250000e+02;6.9395252e-02;1.1250000e+02;9.0874940e-02;1.1250000e+02;1.1236763e-01;1.1250000e+02;1.3305122e-01;1.1250000e+02;1.5503336e-01;1.1250000e+02;1.8200348e-01;1.1250000e+02;2.1040104e-01;1.1250000e+02;2.2602652e-01;1.1250000e+02;2.1498458e-01;1.1250000e+02;1.8171814e-01;1.1250000e+02;1.3461676e-01;1.1250000e+02;8.5766196e-02;1.1250000e+02;4.1603811e-02;1.1250000e+02;-1.1652038e-03;1.1250000e+02;3.9627980e-03;1.1250000e+02;1.5211411e-02;1.1250000e+02;3.1517532e-02;1.1250000e+02;4.9475379e-02;1.1250000e+02;6.9395252e-02;1.1250000e+02;9.0874940e-02;1.1250000e+02;1.1236763e-01;1.1250000e+02;1.3305122e-01;1.1250000e+02;1.5503336e-01;1.1250000e+02;1.8200348e-01;1.1250000e+02;2.1040104e-01;1.1250000e+02;2.2602652e-01;1.1250000e+02;2.1498458e-01;1.1250000e+02;1.8171814e-01;1.1250000e+02;1.3461676e-01;1.1250000e+02;8.5766196e-02;1.1250000e+02;4.1603811e-02;1.1250000e+02;-1.1652038e-03;1.1250000e+02;3.9627980e-03;1.1250000e+02;1.5211411e-02;1.1250000e+02;3.1517532e-02;1.1250000e+02;4.9475379e-02;1.1250000e+02;6.9395252e-02;1.1250000e+02;9.0874940e-02;1.1250000e+02;1.1236763e-01;1.1250000e+02;1.3305122e-01;1.1250000e+02;1.5503336e-01;1.1250000e+02;1.8200348e-01;1.1250000e+02;2.1040104e-01;1.1250000e+02;2.2602652e-01;1.1250000e+02;2.1498458e-01;1.1250000e+02;1.8171814e-01;1.1250000e+02;1.3461676e-01;1.1250000e+02;8.5766196e-02;1.1250000e+02;4.1603811e-02;1.1250000e+02;-1.1652038e-03;1.1250000e+02;3.9627980e-03;1.1250000e+02;1.5211411e-02;1.1250000e+02;3.1517532e-02;1.1250000e+02;4.9475379e-02;1.1250000e+02;6.9395252e-02;1.1250000e+02;9.0874940e-02;1.1250000e+02;1.1236763e-01;1.1250000e+02;1.3305122e-01;1.1250000e+02;1.5503336e-01;1.1250000e+02;1.8200348e-01;1.1250000e+02;2.1040104e-01;1.1250000e+02;2.2602652e-01;1.1250000e+02;2.1498458e-01;1.1250000e+02;1.8171814e-01;1.1250000e+02;1.3461676e-01;1.1250000e+02;8.5766196e-02;1.1250000e+02;4.1603811e-02;1.1250000e+02;-1.1652038e-03;1.1250000e+02;3.9627980e-03;1.1250000e+02;1.5211411e-02;1.1250000e+02;3.1517532e-02;1.1250000e+02;4.9475379e-02;1.1250000e+02;6.9395252e-02;1.1250000e+02;9.0874940e-02;1.1250000e+02;1.1236763e-01;1.1250000e+02;1.3305122e-01;1.1250000e+02;1.5503336e-01;1.1250000e+02;1.8200348e-01;1.1250000e+02;2.1040104e-01;1.1250000e+02;2.2602652e-01;1.1250000e+02;2.1498458e-01;1.1250000e+02;1.8171814e-01;1.1250000e+02;1.3461676e-01;1.1250000e+02;8.5766196e-02;1.1250000e+02;4.1603811e-02;1.1250000e+02;-1.1652038e-03;1.1250000e+02;3.9627980e-03;1.1250000e+02;1.5211411e-02;1.1250000e+02;3.1517532e-02;1.1250000e+02;4.9475379e-02;1.1250000e+02;6.9395252e-02;1.1250000e+02;9.0874940e-02;1.1250000e+02;1.1236763e-01;1.1250000e+02;1.3305122e-01;1.1250000e+02;1.5503336e-01;1.1250000e+02;1.8200348e-01;1.1250000e+02;2.1040104e-01;1.1250000e+02;2.2602652e-01;1.1250000e+02;2.1498458e-01;1.1250000e+02;1.8171814e-01;1.1250000e+02;1.3461676e-01;1.1250000e+02;8.5766196e-02;1.1250000e+02;4.1603811e-02;1.1250000e+02;-1.1652038e-03;1.1250000e+02;3.9627980e-03;1.1250000e+02;1.5211411e-02;1.1250000e+02;3.1517532e-02;1.1250000e+02;4.9475379e-02;1.1250000e+02;6.9395252e-02;1.1250000e+02;9.0874940e-02;1.1250000e+02;1.1236763e-01;1.1250000e+02;1.3305122e-01;1.1250000e+02;1.5503336e-01;1.1250000e+02;1.8200348e-01;1.1250000e+02;2.1040104e-01;1.1250000e+02;2.2602652e-01;1.1250000e+02;2.1498458e-01;1.1250000e+02;1.8171814e-01;1.1250000e+02;1.3461676e-01;1.1250000e+02;8.5766196e-02;1.1250000e+02;4.1603811e-02;1.1250000e+02;-1.1652038e-03;1.1250000e+02;3.9627980e-03;1.1250000e+02;1.5211411e-02;1.1250000e+02;3.1517532e-02;1.1250000e+02;4.9475379e-02;1.1250000e+02;6.9395252e-02;1.1250000e+02;9.0874940e-02;1.1250000e+02;1.1236763e-01;1.1250000e+02;1.3305122e-01;1.1250000e+02;1.5503336e-01;1.1250000e+02;1.8200348e-01;1.1250000e+02;2.1040104e-01;1.1250000e+02;2.2602652e-01;1.1250000e+02;2.1498458e-01;1.1250000e+02;1.8171814e-01;1.1250000e+02;1.3461676e-01;1.1250000e+02;8.5766196e-02;1.1250000e+02;4.1603811e-02;1.1250000e+02;-1.1652038e-03;1.1250000e+02;3.9627980e-03;1.1250000e+02;1.5211411e-02;1.1250000e+02;3.1517532e-02;1.1250000e+02;4.9475379e-02;1.1250000e+02;6.9395252e-02;1.1250000e+02;9.0874940e-02;1.1250000e+02;1.1236763e-01;1.1250000e+02;1.3305122e-01;1.1250000e+02;1.5503336e-01;1.1250000e+02;1.8200348e-01;1.1250000e+02;2.1040104e-01;1.1250000e+02;2.2602652e-01;1.1250000e+02;2.1498458e-01;1.1250000e+02;1.8171814e-01;1.1250000e+02;1.3461676e-01;1.1250000e+02;8.5766196e-02;1.1250000e+02;4.1603811e-02;1.1250000e+02;-1.1652038e-03;1.1250000e+02;3.9627980e-03;1.1250000e+02;1.5211411e-02;1.1250000e+02;3.1517532e-02;1.1250000e+02;4.9475379e-02;1.1250000e+02;6.9395252e-02;1.1250000e+02;9.0874940e-02;1.1250000e+02;1.1236763e-01;1.1250000e+02;1.3305122e-01;1.1250000e+02;1.5503336e-01;1.1250000e+02;1.8200348e-01;1.1250000e+02;2.1040104e-01;1.1250000e+02;2.2602652e-01;1.1250000e+02;2.1498458e-01;1.1250000e+02;1.8171814e-01;1.1250000e+02;1.3461676e-01;1.1250000e+02;8.5766196e-02;1.1250000e+02;4.1603811e-02;1.1250000e+02;-1.1652038e-03;1.1250000e+02;3.9627980e-03;1.1250000e+02;1.5211411e-02;1.1250000e+02;3.1517532e-02;1.1250000e+02;4.9475379e-02;1.1250000e+02;6.9395252e-02;1.1250000e+02;9.0874940e-02;1.1250000e+02;1.1236763e-01;1.1250000e+02;1.3305122e-01;1.1250000e+02;1.5503336e-01;1.1250000e+02;1.8200348e-01;1.1250000e+02;2.1040104e-01;1.1250000e+02;2.2602652e-01;1.1250000e+02;2.1498458e-01;1.1250000e+02;1.8171814e-01;1.1250000e+02;1.3461676e-01;1.1250000e+02;8.5766196e-02;1.1250000e+02;4.1603811e-02;1.1250000e+02;-1.1652038e-03;1.1250000e+02;3.9627980e-03;1.1250000e+02;1.5211411e-02;1.1250000e+02;3.1517532e-02;1.1250000e+02;4.9475379e-02;1.1250000e+02;6.9395252e-02;1.1250000e+02;9.0874940e-02;1.1250000e+02;1.1236763e-01;1.1250000e+02;1.3305122e-01;1.1250000e+02;1.5503336e-01;1.1250000e+02;1.8200348e-01;1.1250000e+02;2.1040104e-01;1.1250000e+02;2.2602652e-01;1.1250000e+02;2.1498458e-01;1.1250000e+02;1.8171814e-01;1.1250000e+02;1.3461676e-01;1.1250000e+02;8.5766196e-02;1.1250000e+02;4.1603811e-02;1.1250000e+02;-1.1652038e-03;1.1250000e+02;3.9627980e-03;1.1250000e+02;1.5211411e-02;1.1250000e+02;3.1517532e-02;1.1250000e+02;4.9475379e-02;1.1250000e+02;6.9395252e-02;1.1250000e+02;9.0874940e-02;1.1250000e+02;1.1236763e-01;1.1250000e+02;1.3305122e-01;1.1250000e+02;1.5503336e-01;1.1250000e+02;1.8200348e-01;1.1250000e+02;2.1040104e-01;1.1250000e+02;2.2602652e-01;1.1250000e+02;2.1498458e-01;1.1250000e+02;1.8171814e-01;1.1250000e+02;1.3461676e-01;1.1250000e+02;8.5766196e-02;1.1250000e+02;4.1603811e-02;1.1250000e+02;-1.1652038e-03;1.1250000e+02;3.9627980e-03;1.1250000e+02;1.5211411e-02;1.1250000e+02;3.1517532e-02;1.1250000e+02;4.9475379e-02;1.1250000e+02;6.9395252e-02;1.1250000e+02;9.0874940e-02;1.1250000e+02;1.1236763e-01;1.1250000e+02;1.3305122e-01;1.1250000e+02;1.5503336e-01;1.1250000e+02;1.8200348e-01;1.1250000e+02;2.1040104e-01;1.1250000e+02;2.2602652e-01;1.1250000e+02;2.1498458e-01;1.1250000e+02;1.8171814e-01;1.1250000e+02;1.3461676e-01;1.1250000e+02;8.5766196e-02;1.1250000e+02;4.1603811e-02;1.1250000e+02;-1.1652038e-03;1.1250000e+02;3.9627980e-03;1.1250000e+02;1.5211411e-02;1.1250000e+02;3.1517532e-02;1.1250000e+02;4.9475379e-02;1.1250000e+02;6.9395252e-02;1.1250000e+02;9.0874940e-02;1.1250000e+02;1.1236763e-01;1.1250000e+02;1.3305122e-01;1.1250000e+02;1.5503336e-01;1.1250000e+02;1.8200348e-01;1.1250000e+02;2.1040104e-01;1.1250000e+02;2.2602652e-01;1.1250000e+02;2.1498458e-01;1.1250000e+02;1.8171814e-01;1.1250000e+02;1.3461676e-01;1.1250000e+02;8.5766196e-02;1.1250000e+02;4.1603811e-02;1.1250000e+02;-1.1652038e-03;1.1250000e+02;3.9627980e-03;1.1250000e+02;1.5211411e-02;1.1250000e+02;3.1517532e-02;1.1250000e+02;4.9475379e-02;1.1250000e+02;6.9395252e-02;1.1250000e+02;9.0874940e-02;1.1250000e+02;1.1236763e-01;1.1250000e+02;1.3305122e-01;1.1250000e+02;1.5503336e-01;1.1250000e+02;1.8200348e-01;1.1250000e+02;2.1040104e-01;1.1250000e+02;2.2602652e-01;1.1250000e+02;2.1498458e-01;1.1250000e+02;1.8171814e-01;1.1250000e+02;1.3461676e-01;1.1250000e+02;8.5766196e-02;1.1250000e+02;4.1603811e-02;1.1250000e+02;-1.1652038e-03;1.1250000e+02;3.9627980e-03;1.1250000e+02;1.5211411e-02;1.1250000e+02;3.1517532e-02;1.1250000e+02;4.9475379e-02;1.1250000e+02;6.9395252e-02;1.1250000e+02;9.0874940e-02;1.1250000e+02;1.1236763e-01;1.1250000e+02;1.3305122e-01;1.1250000e+02;1.5503336e-01;1.1250000e+02;1.8200348e-01;1.1250000e+02;2.1040104e-01;1.1250000e+02;2.2602652e-01;1.1250000e+02;2.1498458e-01;1.1250000e+02;1.8171814e-01;1.1250000e+02;1.3461676e-01;1.1250000e+02;8.5766196e-02;1.1250000e+02;4.1603811e-02;1.1250000e+02;-1.1652038e-03;1.1250000e+02;3.9627980e-03;1.1250000e+02;1.5211411e-02;1.1250000e+02;3.1517532e-02;1.1250000e+02;4.9475379e-02;1.1250000e+02;6.9395252e-02;1.1250000e+02;9.0874940e-02;1.1250000e+02;1.1236763e-01;1.1250000e+02;1.3305122e-01;1.1250000e+02;1.5503336e-01;1.1250000e+02;1.8200348e-01;1.1250000e+02;2.1040104e-01;1.1250000e+02;2.2602652e-01;1.1250000e+02;2.1498458e-01;1.1250000e+02;1.8171814e-01;1.1250000e+02;1.3461676e-01;1.1250000e+02;8.5766196e-02;1.1250000e+02;4.1603811e-02;1.1250000e+02;-1.1652038e-03;1.1250000e+02;3.9627980e-03;1.1250000e+02;1.5211411e-02;1.1250000e+02;3.1517532e-02;1.1250000e+02;4.9475379e-02;1.1250000e+02;6.9395252e-02;1.1250000e+02;9.0874940e-02;1.1250000e+02;1.1236763e-01;1.1250000e+02;1.3305122e-01;1.1250000e+02;1.5503336e-01;1.1250000e+02;1.8200348e-01;1.1250000e+02;2.1040104e-01;1.1250000e+02;2.2602652e-01;1.1250000e+02;2.1498458e-01;1.1250000e+02;1.8171814e-01;1.1250000e+02;1.3461676e-01;1.1250000e+02;8.5766196e-02;1.1250000e+02;4.1603811e-02;1.1250000e+02;-1.1652038e-03;1.1250000e+02;3.9627980e-03;1.1250000e+02;1.5211411e-02;1.1250000e+02;3.1517532e-02;1.1250000e+02;4.9475379e-02;1.1250000e+02;6.9395252e-02;1.1250000e+02;9.0874940e-02;1.1250000e+02;1.1236763e-01;1.1250000e+02;1.3305122e-01;1.1250000e+02;1.5503336e-01;1.1250000e+02;1.8200348e-01;1.1250000e+02;2.1040104e-01;1.1250000e+02;2.2602652e-01;1.1250000e+02;2.1498458e-01;1.1250000e+02;1.8171814e-01;1.1250000e+02;1.3461676e-01;1.1250000e+02;8.5766196e-02;1.1250000e+02;4.1603811e-02;1.1250000e+02;-1.1652038e-03;1.1250000e+02;3.9627980e-03;1.1250000e+02;1.5211411e-02;1.1250000e+02;3.1517532e-02;1.1250000e+02;4.9475379e-02;1.1250000e+02;6.9395252e-02;1.1250000e+02;9.0874940e-02;1.1250000e+02;1.1236763e-01;1.1250000e+02;1.3305122e-01;1.1250000e+02;1.5503336e-01;1.1250000e+02;1.8200348e-01;1.1250000e+02;2.1040104e-01;1.1250000e+02;2.2602652e-01;1.1250000e+02;2.1498458e-01;1.1250000e+02;1.8171814e-01;1.1250000e+02;1.3461676e-01;1.1250000e+02;8.5766196e-02;1.1250000e+02;4.1603811e-02;1.1250000e+02;-1.1652038e-03;1.1250000e+02;3.9627980e-03;1.1250000e+02;1.5211411e-02;1.1250000e+02;3.1517532e-02;1.1250000e+02;4.9475379e-02;1.1250000e+02;6.9395252e-02;1.1250000e+02;9.0874940e-02;1.1250000e+02;1.1236763e-01;1.1250000e+02;1.3305122e-01;1.1250000e+02;1.5503336e-01;1.1250000e+02;1.8200348e-01;1.1250000e+02;2.1040104e-01;1.1250000e+02;2.2602652e-01;1.1250000e+02;2.1498458e-01;1.1250000e+02;1.8171814e-01;1.1250000e+02;1.3461676e-01;1.1250000e+02;8.5766196e-02;1.1250000e+02;4.1603811e-02
1.1750000e+02;3.8897600e-03;1.1750000e+02;8.6246431e-03;1.1750000e+02;1.8776512e-02;1.1750000e+02;3.2970961e-02;1.1750000e+02;4.9849793e-02;1.1750000e+02;6.9710031e-02;1.1750000e+02;9.1288298e-02;1.1750000e+02;1.1429241e-01;1.1750000e+02;1.3716497e-01;1.1750000e+02;1.5862048e-01;1.1750000e+02;1.8548760e-01;1.1750000e+02;2.1158963e-01;1.1750000e+02;2.2596906e-01;1.1750000e+02;2.1476024e-01;1.1750000e+02;1.8174177e-01;1.1750000e+02;1.3528472e-01;1.1750000e+02;8.7380156e-02;1.1750000e+02;4.4090807e-02;1.1750000e+02;3.8897600e-03;1.1750000e+02;8.6246431e-03;1.1750000e+02;1.8776512e-02;1.1750000e+02;3.2970961e-02;1.1750000e+02;4.9849793e-02;1.1750000e+02;6.9710031e-02;1.1750000e+02;9.1288298e-02;1.1750000e+02;1.1429241e-01;1.1750000e+02;1.3716497e-01;1.1750000e+02;1.5862048e-01;1.1750000e+02;1.8548760e-01;1.1750000e+02;2.1158963e-01;1.1750000e+02;2.2596906e-01;1.1750000e+02;2.1476024e-01;1.1750000e+02;1.8174177e-01;1.1750000e+02;1.3528472e-01;1.1750000e+02;8.7380156e-02;1.1750000e+02;4.4090807e-02;1.1750000e+02;3.8897600e-03;1.1750000e+02;8.6246431e-03;1.1750000e+02;1.8776512e-02;1.1750000e+02;3.2970961e-02;1.1750000e+02;4.9849793e-02;1.1750000e+02;6.9710031e-02;1.1750000e+02;9.1288298e-02;1.1750000e+02;1.1429241e-01;1.1750000e+02;1.3716497e-01;1.1750000e+02;1.5862048e-01;1.1750000e+02;1.8548760e-01;1.1750000e+02;2.1158963e-01;1.1750000e+02;2.2596906e-01;1.1750000e+02;2.1476024e-01;1.1750000e+02;1.8174177e-01;1.1750000e+02;1.3528472e-01;1.1750000e+02;8.7380156e-02;1.1750000e+02;4.4090807e-02;1.1750000e+02;3.8897600e-03;1.1750000e+02;8.6246431e-03;1.1750000e+02;1.8776512e-02;1.1750000e+02;3.2970961e-02;1.1750000e+02;4.9849793e-02;1.1750000e+02;6.9710031e-02;1.1750000e+02;9.1288298e-02;1.1750000e+02;1.1429241e-01;1.1750000e+02;1.3716497e-01;1.1750000e+02;1.5862048e-01;1.1750000e+02;1.8548760e-01;1.1750000e+02;2.1158963e-01;1.1750000e+02;2.2596906e-01;1.1750000e+02;2.1476024e-01;1.1750000e+02;1.8174177e-01;1.1750000e+02;1.3528472e-01;1.1750000e+02;8.7380156e-02;1.1750000e+02;4.4090807e-02;1.1750000e+02;3.8897600e-03;1.1750000e+02;8.6246431e-03;1.1750000e+02;1.8776512e-02;1.1750000e+02;3.2970961e-02;1.1750000e+02;4.9849793e-02;1.1750000e+02;6.9710031e-02;1.1750000e+02;9.1288298e-02;1.1750000e+02;1.1429241e-01;1.1750000e+02;1.3716497e-01;1.1750000e+02;1.5862048e-01;1.1750000e+02;1.8548760e-01;1.1750000e+02;2.1158963e-01;1.1750000e+02;2.2596906e-01;1.1750000e+02;2.1476024e-01;1.1750000e+02;1.8174177e-01;1.1750000e+02;1.3528472e-01;1.1750000e+02;8.7380156e-02;1.1750000e+02;4.4090807e-02;1.1750000e+02;3.8897600e-03;1.1750000e+02;8.6246431e-03;1.1750000e+02;1.8776512e-02;1.1750000e+02;3.2970961e-02;1.1750000e+02;4.9849793e-02;1.1750000e+02;6.9710031e-02;1.1750000e+02;9.1288298e-02;1.1750000e+02;1.1429241e-01;1.1750000e+02;1.3716497e-01;1.1750000e+02;1.5862048e-01;1.1750000e+02;1.8548760e-01;1.1750000e+02;2.1158963e-01;1.1750000e+02;2.2596906e-01;1.1750000e+02;2.1476024e-01;1.1750000e+02;1.8174177e-01;1.1750000e+02;1.3528472e-01;1.1750000e+02;8.7380156e-02;1.1750000e+02;4.4090807e-02;1.1750000e+02;3.8897600e-03;1.1750000e+02;8.6246431e-03;1.1750000e+02;1.8776512e-02;1.1750000e+02;3.2970961e-02;1.1750000e+02;4.9849793e-02;1.1750000e+02;6.9710031e-02;1.1750000e+02;9.1288298e-02;1.1750000e+02;1.1429241e-01;1.1750000e+02;1.3716497e-01;1.1750000e+02;1.5862048e-01;1.1750000e+02;1.8548760e-01;1.1750000e+02;2.1158963e-01;1.1750000e+02;2.2596906e-01;1.1750000e+02;2.1476024e-01;1.1750000e+02;1.8174177e-01;1.1750000e+02;1.3528472e-01;1.1750000e+02;8.7380156e-02;1.1750000e+02;4.4090807e-02;1.1750000e+02;3.8897600e-03;1.1750000e+02;8.6246431e-03;1.1750000e+02;1.8776512e-02;1.1750000e+02;3.2970961e-02;1.1750000e+02;4.9849793e-02;1.1750000e+02;6.9710031e-02;1.1750000e+02;9.1288298e-02;1.1750000e+02;1.1429241e-01;1.1750000e+02;1.3716497e-01;1.1750000e+02;1.5862048e-01;1.1750000e+02;1.8548760e-01;1.1750000e+02;2.1158963e-01;1.1750000e+02;2.2596906e-01;1.1750000e+02;2.1476024e-01;1.1750000e+02;1.8174177e-01;1.1750000e+02;1.3528472e-01;1.1750000e+02;8.7380156e-02;1.1750000e+02;4.4090807e-02;1.1750000e+02;3.8897600e-03;1.1750000e+02;8.6246431e-03;1.1750000e+02;1.8776512e-02;1.1750000e+02;3.2970961e-02;1.1750000e+02;4.9849793e-02;1.1750000e+02;6.9710031e-02;1.1750000e+02;9.1288298e-02;1.1750000e+02;1.1429241e-01;1.1750000e+02;1.3716497e-01;1.1750000e+02;1.5862048e-01;1.1750000e+02;1.8548760e-01;1.1750000e+02;2.1158963e-01;1.1750000e+02;2.2596906e-01;1.1750000e+02;2.1476024e-01;1.1750000e+02;1.8174177e-01;1.1750000e+02;1.3528472e-01;1.1750000e+02;8.7380156e-02;1.1750000e+02;4.4090807e-02;1.1750000e+02;3.8897600e-03;1.1750000e+02;8.6246431e-03;1.1750000e+02;1.8776512e-02;1.1750000e+02;3.2970961e-02;1.1750000e+02;4.9849793e-02;1.1750000e+02;6.9710031e-02;1.1750000e+02;9.1288298e-02;1.1750000e+02;1.1429241e-01;1.1750000e+02;1.3716497e-01;1.1750000e+02;1.5862048e-01;1.1750000e+02;1.8548760e-01;1.1750000e+02;2.1158963e-01;1.1750000e+02;2.2596906e-01;1.1750000e+02;2.1476024e-01;1.1750000e+02;1.8174177e-01;1.1750000e+02;1.3528472e-01;1.1750000e+02;8.7380156e-02;1.1750000e+02;4.4090807e-02;1.1750000e+02;3.8897600e-03;1.1750000e+02;8.6246431e-03;1.1750000e+02;1.8776512e-02;1.1750000e+02;3.2970961e-02;1.1750000e+02;4.9849793e-02;1.1750000e+02;6.9710031e-02;1.1750000e+02;9.1288298e-02;1.1750000e+02;1.1429241e-01;1.1750000e+02;1.3716497e-01;1.1750000e+02;1.5862048e-01;1.1750000e+02;1.8548760e-01;1.1750000e+02;2.1158963e-01;1.1750000e+02;2.2596906e-01;1.1750000e+02;2.1476024e-01;1.1750000e+02;1.8174177e-01;1.1750000e+02;1.3528472e-01;1.1750000e+02;8.7380156e-02;1.1750000e+02;4.4090807e-02;1.1750000e+02;3.8897600e-03;1.1750000e+02;8.6246431e-03;1.1750000e+02;1.8776512e-02;1.1750000e+02;3.2970961e-02;1.1750000e+02;4.9849793e-02;1.1750000e+02;6.9710031e-02;1.1750000e+02;9.1288298e-02;1.1750000e+02;1.1429241e-01;1.1750000e+02;1.3716497e-01;1.1750000e+02;1.5862048e-01;1.1750000e+02;1.8548760e-01;1.1750000e+02;2.1158963e-01;1.1750000e+02;2.2596906e-01;1.1750000e+02;2.1476024e-01;1.1750000e+02;1.8174177e-01;1.1750000e+02;1.3528472e-01;1.1750000e+02;8.7380156e-02;1.1750000e+02;4.4090807e-02;1.1750000e+02;3.8897600e-03;1.1750000e+02;8.6246431e-03;1.1750000e+02;1.8776512e-02;1.1750000e+02;3.2970961e-02;1.1750000e+02;4.9849793e-02;1.1750000e+02;6.9710031e-02;1.1750000e+02;9.1288298e-02;1.1750000e+02;1.1429241e-01;1.1750000e+02;1.3716497e-01;1.1750000e+02;1.5862048e-01;1.1750000e+02;1.8548760e-01;1.1750000e+02;2.1158963e-01;1.1750000e+02;2.2596906e-01;1.1750000e+02;2.1476024e-01;1.1750000e+02;1.8174177e-01;1.1750000e+02;1.3528472e-01;1.1750000e+02;8.7380156e-02;1.1750000e+02;4.4090807e-02;1.1750000e+02;3.8897600e-03;1.1750000e+02;8.6246431e-03;1.1750000e+02;1.8776512e-02;1.1750000e+02;3.2970961e-02;1.1750000e+02;4.9849793e-02;1.1750000e+02;6.9710031e-02;1.1750000e+02;9.1288298e-02;1.1750000e+02;1.1429241e-01;1.1750000e+02;1.3716497e-01;1.1750000e+02;1.5862048e-01;1.1750000e+02;1.8548760e-01;1.1750000e+02;2.1158963e-01;1.1750000e+02;2.2596906e-01;1.1750000e+02;2.1476024e-01;1.1750000e+02;1.8174177e-01;1.1750000e+02;1.3528472e-01;1.1750000e+02;8.7380156e-02;1.1750000e+02;4.4090807e-02;1.1750000e+02;3.8897600e-03;1.1750000e+02;8.6246431e-03;1.1750000e+02;1.8776512e-02;1.1750000e+02;3.2970961e-02;1.1750000e+02;4.9849793e-02;1.1750000e+02;6.9710031e-02;1.1750000e+02;9.1288298e-02;1.1750000e+02;1.1429241e-01;1.1750000e+02;1.3716497e-01;1.1750000e+02;1.5862048e-01;1.1750000e+02;1.8548760e-01;1.1750000e+02;2.1158963e-01;1.1750000e+02;2.2596906e-01;1.1750000e+02;2.1476024e-01;1.1750000e+02;1.8174177e-01;1.1750000e+02;1.3528472e-01;1.1750000e+02;8.7380156e-02;1.1750000e+02;4.4090807e-02;1.1750000e+02;3.8897600e-03;1.1750000e+02;8.6246431e-03;1.1750000e+02;1.8776512e-02;1.1750000e+02;3.2970961e-02;1.1750000e+02;4.9849793e-02;1.1750000e+02;6.9710031e-02;1.1750000e+02;9.1288298e-02;1.1750000e+02;1.1429241e-01;1.1750000e+02;1.3716497e-01;1.1750000e+02;1.5862048e-01;1.1750000e+02;1.8548760e-01;1.1750000e+02;2.1158963e-01;1.1750000e+02;2.2596906e-01;1.1750000e+02;2.1476024e-01;1.1750000e+02;1.8174177e-01;1.1750000e+02;1.3528472e-01;1.1750000e+02;8.7380156e-02;1.1750000e+02;4.4090807e-02;1.1750000e+02;3.8897600e-03;1.1750000e+02;8.6246431e-03;1.1750000e+02;1.8776512e-02;1.1750000e+02;3.2970961e-02;1.1750000e+02;4.9849793e-02;1.1750000e+02;6.9710031e-02;1.1750000e+02;9.1288298e-02;1.1750000e+02;1.1429241e-01;1.1750000e+02;1.3716497e-01;1.1750000e+02;1.5862048e-01;1.1750000e+02;1.8548760e-01;1.1750000e+02;2.1158963e-01;1.1750000e+02;2.2596906e-01;1.1750000e+02;2.1476024e-01;1.1750000e+02;1.8174177e-01;1.1750000e+02;1.3528472e-01;1.1750000e+02;8.7380156e-02;1.1750000e+02;4.4090807e-02;1.1750000e+02;3.8897600e-03;1.1750000e+02;8.6246431e-03;1.1750000e+02;1.8776512e-02;1.1750000e+02;3.2970961e-02;1.1750000e+02;4.9849793e-02;1.1750000e+02;6.9710031e-02;1.1750000e+02;9.1288298e-02;1.1750000e+02;1.1429241e-01;1.1750000e+02;1.3716497e-01;1.1750000e+02;1.5862048e-01;1.1750000e+02;1.8548760e-01;1.1750000e+02;2.1158963e-01;1.1750000e+02;2.2596906e-01;1.1750000e+02;2.1476024e-01;1.1750000e+02;1.8174177e-01;1.1750000e+02;1.3528472e-01;1.1750000e+02;8.7380156e-02;1.1750000e+02;4.4090807e-02;1.1750000e+02;3.8897600e-03;1.1750000e+02;8.6246431e-03;1.1750000e+02;1.8776512e-02;1.1750000e+02;3.2970961e-02;1.1750000e+02;4.9849793e-02;1.1750000e+02;6.9710031e-02;1.1750000e+02;9.1288298e-02;1.1750000e+02;1.1429241e-01;1.1750000e+02;1.3716497e-01;1.1750000e+02;1.5862048e-01;1.1750000e+02;1.8548760e-01;1.1750000e+02;2.1158963e-01;1.1750000e+02;2.2596906e-01;1.1750000e+02;2.1476024e-01;1.1750000e+02;1.8174177e-01;1.1750000e+02;1.3528472e-01;1.1750000e+02;8.7380156e-02;1.1750000e+02;4.4090807e-02;1.1750000e+02;3.8897600e-03;1.1750000e+02;8.6246431e-03;1.1750000e+02;1.8776512e-02;1.1750000e+02;3.2970961e-02;1.1750000e+02;4.9849793e-02;1.1750000e+02;6.9710031e-02;1.1750000e+02;9.1288298e-02;1.1750000e+02;1.1429241e-01;1.1750000e+02;1.3716497e-01;1.1750000e+02;1.5862048e-01;1.1750000e+02;1.8548760e-01;1.1750000e+02;2.1158963e-01;1.1750000e+02;2.2596906e-01;1.1750000e+02;2.1476024e-01;1.1750000e+02;1.8174177e-01;1.1750000e+02;1.3528472e-01;1.1750000e+02;8.7380156e-02;1.1750000e+02;4.4090807e-02;1.1750000e+02;3.8897600e-03;1.1750000e+02;8.6246431e-03;1.1750000e+02;1.8776512e-02;1.1750000e+02;3.2970961e-02;1.1750000e+02;4.9849793e-02;1.1750000e+02;6.9710031e-02;1.1750000e+02;9.1288298e-02;1.1750000e+02;1.1429241e-01;1.1750000e+02;1.3716497e-01;1.1750000e+02;1.5862048e-01;1.1750000e+02;1.8548760e-01;1.1750000e+02;2.1158963e-01;1.1750000e+02;2.2596906e-01;1.1750000e+02;2.1476024e-01;1.1750000e+02;1.8174177e-01;1.1750000e+02;1.3528472e-01;1.1750000e+02;8.7380156e-02;1.1750000e+02;4.4090807e-02;1.1750000e+02;3.8897600e-03;1.1750000e+02;8.6246431e-03;1.1750000e+02;1.8776512e-02;1.1750000e+02;3.2970961e-02;1.1750000e+02;4.9849793e-02;1.1750000e+02;6.9710031e-02;1.1750000e+02;9.1288298e-02;1.1750000e+02;1.1429241e-01;1.1750000e+02;1.3716497e-01;1.1750000e+02;1.5862048e-01;1.1750000e+02;1.8548760e-01;1.1750000e+02;2.1158963e-01;1.1750000e+02;2.2596906e-01;1.1750000e+02;2.1476024e-01;1.1750000e+02;1.8174177e-01;1.1750000e+02;1.3528472e-01;1.1750000e+02;8.7380156e-02;1.1750000e+02;4.4090807e-02;1.1750000e+02;3.8897600e-03;1.1750000e+02;8.6246431e-03;1.1750000e+02;1.8776512e-02;1.1750000e+02;3.2970961e-02;1.1750000e+02;4.9849793e-02;1.1750000e+02;6.9710031e-02;1.1750000e+02;9.1288298e-02;1.1750000e+02;1.1429241e-01;1.1750000e+02;1.3716497e-01;1.1750000e+02;1.5862048e-01;1.1750000e+02;1.8548760e-01;1.1750000e+02;2.1158963e-01;1.1750000e+02;2.2596906e-01;1.1750000e+02;2.1476024e-01;1.1750000e+02;1.8174177e-01;1.1750000e+02;1.3528472e-01;1.1750000e+02;8.7380156e-02;1.1750000e+02;4.4090807e-02;1.1750000e+02;3.8897600e-03;1.1750000e+02;8.6246431e-03;1.1750000e+02;1.8776512e-02;1.1750000e+02;3.2970961e-02;1.1750000e+02;4.9849793e-02;1.1750000e+02;6.9710031e-02;1.1750000e+02;9.1288298e-02;1.1750000e+02;1.1429241e-01;1.1750000e+02;1.3716497e-01;1.1750000e+02;1.5862048e-01;1.1750000e+02;1.8548760e-01;1.1750000e+02;2.1158963e-01;1.1750000e+02;2.2596906e-01;1.1750000e+02;2.1476024e-01;1.1750000e+02;1.8174177e-01;1.1750000e+02;1.3528472e-01;1.1750000e+02;8.7380156e-02;1.1750000e+02;4.4090807e-02;1.1750000e+02;3.8897600e-03;1.1750000e+02;8.6246431e-03;1.1750000e+02;1.8776512e-02;1.1750000e+02;3.2970961e-02;1.1750000e+02;4.9849793e-02;1.1750000e+02;6.9710031e-02;1.1750000e+02;9.1288298e-02;1.1750000e+02;1.1429241e-01;1.1750000e+02;1.3716497e-01;1.1750000e+02;1.5862048e-01;1.1750000e+02;1.8548760e-01;1.1750000e+02;2.1158963e-01;1.1750000e+02;2.2596906e-01;1.1750000e+02;2.1476024e-01;1.1750000e+02;1.8174177e-01;1.1750000e+02;1.3528472e-01;1.1750000e+02;8.7380156e-02;1.1750000e+02;4.4090807e-02;1.1750000e+02;3.8897600e-03;1.1750000e+02;8.6246431e-03;1.1750000e+02;1.8776512e-02;1.1750000e+02;3.2970961e-02;1.1750000e+02;4.9849793e-02;1.1750000e+02;6.9710031e-02;1.1750000e+02;9.1288298e-02;1.1750000e+02;1.1429241e-01;1.1750000e+02;1.3716497e-01;1.1750000e+02;1.5862048e-01;1.1750000e+02;1.8548760e-01;1.1750000e+02;2.1158963e-01;1.1750000e+02;2.2596906e-01;1.1750000e+02;2.1476024e-01;1.1750000e+02;1.8174177e-01;1.1750000e+02;1.3528472e-01;1.1750000e+02;8.7380156e-02;1.1750000e+02;4.4090807e-02;1.1750000e+02;3.8897600e-03;1.1750000e+02;8.6246431e-03;1.1750000e+02;1.8776512e-02;1.1750000e+02;3.2970961e-02;1.1750000e+02;4.9849793e-02;1.1750000e+02;6.9710031e-02;1.1750000e+02;9.1288298e-02;1.1750000e+02;1.1429241e-01;1.1750000e+02;1.3716497e-01;1.1750000e+02;1.5862048e-01;1.1750000e+02;1.8548760e-01;1.1750000e+02;2.1158963e-01;1.1750000e+02;2.2596906e-01;1.1750000e+02;2.1476024e-01;1.1750000e+02;1.8174177e-01;1.1750000e+02;1.3528472e-01;1.1750000e+02;8.7380156e-02;1.1750000e+02;4.4090807e-02;1.1750000e+02;3.8897600e-03;1.1750000e+02;8.6246431e-03;1.1750000e+02;1.8776512e-02;1.1750000e+02;3.2970961e-02;1.1750000e+02;4.9849793e-02;1.1750000e+02;6.9710031e-02;1.1750000e+02;9.1288298e-02;1.1750000e+02;1.1429241e-01;1.1750000e+02;1.3716497e-01;1.1750000e+02;1.5862048e-01;1.1750000e+02;1.8548760e-01;1.1750000e+02;2.1158963e-01;1.1750000e+02;2.2596906e-01;1.1750000e+02;2.1476024e-01;1.1750000e+02;1.8174177e-01;1.1750000e+02;1.3528472e-01;1.1750000e+02;8.7380156e-02;1.1750000e+02;4.4090807e-02;1.1750000e+02;3.8897600e-03;1.1750000e+02;8.6246431e-03;1.1750000e+02;1.8776512e-02;1.1750000e+02;3.2970961e-02;1.1750000e+02;4.9849793e-02;1.1750000e+02;6.9710031e-02;1.1750000e+02;9.1288298e-02;1.1750000e+02;1.1429241e-01;1.1750000e+02;1.3716497e-01;1.1750000e+02;1.5862048e-01;1.1750000e+02;1.8548760e-01;1.1750000e+02;2.1158963e-01;1.1750000e+02;2.2596906e-01;1.1750000e+02;2.1476024e-01;1.1750000e+02;1.8174177e-01;1.1750000e+02;1.3528472e-01;1.1750000e+02;8.7380156e-02;1.1750000e+02;4.4090807e-02;1.1750000e+02;3.8897600e-03;1.1750000e+02;8.6246431e-03;1.1750000e+02;1.8776512e-02;1.1750000e+02;3.2970961e-02;1.1750000e+02;4.9849793e-02;1.1750000e+02;6.9710031e-02;1.1750000e+02;9.1288298e-02;1.1750000e+02;1.1429241e-01;1.1750000e+02;1.3716497e-01;1.1750000e+02;1.5862048e-01;1.1750000e+02;1.8548760e-01;1.1750000e+02;2.1158963e-01;1.1750000e+02;2.2596906e-01;1.1750000e+02;2.1476024e-01;1.1750000e+02;1.8174177e-01;1.1750000e+02;1.3528472e-01;1.1750000e+02;8.7380156e-02;1.1750000e+02;4.4090807e-02;1.1750000e+02;3.8897600e-03;1.1750000e+02;8.6246431e-03;1.1750000e+02;1.8776512e-02;1.1750000e+02;3.2970961e-02;1.1750000e+02;4.9849793e-02;1.1750000e+02;6.9710031e-02;1.1750000e+02;9.1288298e-02;1.1750000e+02;1.1429241e-01;1.1750000e+02;1.3716497e-01;1.1750000e+02;1.5862048e-01;1.1750000e+02;1.8548760e-01;1.1750000e+02;2.1158963e-01;1.1750000e+02;2.2596906e-01;1.1750000e+02;2.1476024e-01;1.1750000e+02;1.8174177e-01;1.1750000e+02;1.3528472e-01;1.1750000e+02;8.7380156e-02;1.1750000e+02;4.4090807e-02;1.1750000e+02;3.8897600e-03;1.1750000e+02;8.6246431e-03;1.1750000e+02;1.8776512e-02;1.1750000e+02;3.2970961e-02;1.1750000e+02;4.9849793e-02;1.1750000e+02;6.9710031e-02;1.1750000e+02;9.1288298e-02;1.1750000e+02;1.1429241e-01;1.1750000e+02;1.3716497e-01;1.1750000e+02;1.5862048e-01;1.1750000e+02;1.8548760e-01;1.1750000e+02;2.1158963e-01;1.1750000e+02;2.2596906e-01;1.1750000e+02;2.1476024e-01;1.1750000e+02;1.8174177e-01;1.1750000e+02;1.3528472e-01;1.1750000e+02;8.7380156e-02;1.1750000e+02;4.4090807e-02;1.1750000e+02;3.8897600e-03;1.1750000e+02;8.6246431e-03;1.1750000e+02;1.8776512e-02;1.1750000e+02;3.2970961e-02;1.1750000e+02;4.9849793e-02;1.1750000e+02;6.9710031e-02;1.1750000e+02;9.1288298e-02;1.1750000e+02;1.1429241e-01;1.1750000e+02;1.3716497e-01;1.1750000e+02;1.5862048e-01;1.1750000e+02;1.8548760e-01;1.1750000e+02;2.1158963e-01;1.1750000e+02;2.2596906e-01;1.1750000e+02;2.1476024e-01;1.1750000e+02;1.8174177e-01;1.1750000e+02;1.3528472e-01;1.1750000e+02;8.7380156e-02;1.1750000e+02;4.4090807e-02;1.1750000e+02;3.8897600e-03;1.1750000e+02;8.6246431e-03;1.1750000e+02;1.8776512e-02;1.1750000e+02;3.2970961e-02;1.1750000e+02;4.9849793e-02;1.1750000e+02;6.9710031e-02;1.1750000e+02;9.1288298e-02;1.1750000e+02;1.1429241e-01;1.1750000e+02;1.3716497e-01;1.1750000e+02;1.5862048e-01;1.1750000e+02;1.8548760e-01;1.1750000e+02;2.1158963e-01;1.1750000e+02;2.2596906e-01;1.1750000e+02;2.1476024e-01;1.1750000e+02;1.8174177e-01;1.1750000e+02;1.3528472e-01;1.1750000e+02;8.7380156e-02;1.1750000e+02;4.4090807e-02;1.1750000e+02;3.8897600e-03;1.1750000e+02;8.6246431e-03;1.1750000e+02;1.8776512e-02;1.1750000e+02;3.2970961e-02;1.1750000e+02;4.9849793e-02;1.1750000e+02;6.9710031e-02;1.1750000e+02;9.1288298e-02;1.1750000e+02;1.1429241e-01;1.1750000e+02;1.3716497e-01;1.1750000e+02;1.5862048e-01;1.1750000e+02;1.8548760e-01;1.1750000e+02;2.1158963e-01;1.1750000e+02;2.2596906e-01;1.1750000e+02;2.1476024e-01;1.1750000e+02;1.8174177e-01;1.1750000e+02;1.3528472e-01;1.1750000e+02;8.7380156e-02;1.1750000e+02;4.4090807e-02;1.1750000e+02;3.8897600e-03;1.1750000e+02;8.6246431e-03;1.1750000e+02;1.8776512e-02;1.1750000e+02;3.2970961e-02;1.1750000e+02;4.9849793e-02;1.1750000e+02;6.9710031e-02;1.1750000e+02;9.1288298e-02;1.1750000e+02;1.1429241e-01;1.1750000e+02;1.3716497e-01;1.1750000e+02;1.5862048e-01;1.1750000e+02;1.8548760e-01;1.1750000e+02;2.1158963e-01;1.1750000e+02;2.2596906e-01;1.1750000e+02;2.1476024e-01;1.1750000e+02;1.8174177e-01;1.1750000e+02;1.3528472e-01;1.1750000e+02;8.7380156e-02;1.1750000e+02;4.4090807e-02;1.1750000e+02;3.8897600e-03;1.1750000e+02;8.6246431e-03;1.1750000e+02;1.8776512e-02;1.1750000e+02;3.2970961e-02;1.1750000e+02;4.9849793e-02;1.1750000e+02;6.9710031e-02;1.1750000e+02;9.1288298e-02;1.1750000e+02;1.1429241e-01;1.1750000e+02;1.3716497e-01;1.1750000e+02;1.5862048e-01;1.1750000e+02;1.8548760e-01;1.1750000e+02;2.1158963e-01;1.1750000e+02;2.2596906e-01;1.1750000e+02;2.1476024e-01;1.1750000e+02;1.8174177e-01;1.1750000e+02;1.3528472e-01;1.1750000e+02;8.7380156e-02;1.1750000e+02;4.4090807e-02;1.1750000e+02;3.8897600e-03;1.1750000e+02;8.6246431e-03;1.1750000e+02;1.8776512e-02;1.1750000e+02;3.2970961e-02;1.1750000e+02;4.9849793e-02;1.1750000e+02;6.9710031e-02;1.1750000e+02;9.1288298e-02;1.1750000e+02;1.1429241e-01;1.1750000e+02;1.3716497e-01;1.1750000e+02;1.5862048e-01;1.1750000e+02;1.8548760e-01;1.1750000e+02;2.1158963e-01;1.1750000e+02;2.2596906e-01;1.1750000e+02;2.1476024e-01;1.1750000e+02;1.8174177e-01;1.1750000e+02;1.3528472e-01;1.1750000e+02;8.7380156e-02;1.1750000e+02;4.4090807e-02;1.1750000e+02;3.8897600e-03;1.1750000e+02;8.6246431e-03;1.1750000e+02;1.8776512e-02;1.1750000e+02;3.2970961e-02;1.1750000e+02;4.9849793e-02;1.1750000e+02;6.9710031e-02;1.1750000e+02;9.1288298e-02;1.1750000e+02;1.1429241e-01;1.1750000e+02;1.3716497e-01;1.1750000e+02;1.5862048e-01;1.1750000e+02;1.8548760e-01;1.1750000e+02;2.1158963e-01;1.1750000e+02;2.2596906e-01;1.1750000e+02;2.1476024e-01;1.1750000e+02;1.8174177e-01;1.1750000e+02;1.3528472e-01;1.1750000e+02;8.7380156e-02;1.1750000e+02;4.4090807e-02;1.1750000e+02;3.8897600e-03;1.1750000e+02;8.6246431e-03;1.1750000e+02;1.8776512e-02;1.1750000e+02;3.2970961e-02;1.1750000e+02;4.9849793e-02;1.1750000e+02;6.9710031e-02;1.1750000e+02;9.1288298e-02;1.1750000e+02;1.1429241e-01;1.1750000e+02;1.3716497e-01;1.1750000e+02;1.5862048e-01;1.1750000e+02;1.8548760e-01;1.1750000e+02;2.1158963e-01;1.1750000e+02;2.2596906e-01;1.1750000e+02;2.1476024e-01;1.1750000e+02;1.8174177e-01;1.1750000e+02;1.3528472e-01;1.1750000e+02;8.7380156e-02;1.1750000e+02;4.4090807e-02;1.1750000e+02;3.8897600e-03;1.1750000e+02;8.6246431e-03;1.1750000e+02;1.8776512e-02;1.1750000e+02;3.2970961e-02;1.1750000e+02;4.9849793e-02;1.1750000e+02;6.9710031e-02;1.1750000e+02;9.1288298e-02;1.1750000e+02;1.1429241e-01;1.1750000e+02;1.3716497e-01;1.1750000e+02;1.5862048e-01;1.1750000e+02;1.8548760e-01;1.1750000e+02;2.1158963e-01;1.1750000e+02;2.2596906e-01;1.1750000e+02;2.1476024e-01;1.1750000e+02;1.8174177e-01;1.1750000e+02;1.3528472e-01;1.1750000e+02;8.7380156e-02;1.1750000e+02;4.4090807e-02;1.1750000e+02;3.8897600e-03;1.1750000e+02;8.6246431e-03;1.1750000e+02;1.8776512e-02;1.1750000e+02;3.2970961e-02;1.1750000e+02;4.9849793e-02;1.1750000e+02;6.9710031e-02;1.1750000e+02;9.1288298e-02;1.1750000e+02;1.1429241e-01;1.1750000e+02;1.3716497e-01;1.1750000e+02;1.5862048e-01;1.1750000e+02;1.8548760e-01;1.1750000e+02;2.1158963e-01;1.1750000e+02;2.2596906e-01;1.1750000e+02;2.1476024e-01;1.1750000e+02;1.8174177e-01;1.1750000e+02;1.3528472e-01;1.1750000e+02;8.7380156e-02;1.1750000e+02;4.4090807e-02;1.1750000e+02;3.8897600e-03;1.1750000e+02;8.6246431e-03;1.1750000e+02;1.8776512e-02;1.1750000e+02;3.2970961e-02;1.1750000e+02;4.9849793e-02;1.1750000e+02;6.9710031e-02;1.1750000e+02;9.1288298e-02;1.1750000e+02;1.1429241e-01;1.1750000e+02;1.3716497e-01;1.1750000e+02;1.5862048e-01;1.1750000e+02;1.8548760e-01;1.1750000e+02;2.1158963e-01;1.1750000e+02;2.2596906e-01;1.1750000e+02;2.1476024e-01;1.1750000e+02;1.8174177e-01;1.1750000e+02;1.3528472e-01;1.1750000e+02;8.7380156e-02;1.1750000e+02;4.4090807e-02;1.1750000e+02;3.8897600e-03;1.1750000e+02;8.6246431e-03;1.1750000e+02;1.8776512e-02;1.1750000e+02;3.2970961e-02;1.1750000e+02;4.9849793e-02;1.1750000e+02;6.9710031e-02;1.1750000e+02;9.1288298e-02;1.1750000e+02;1.1429241e-01;1.1750000e+02;1.3716497e-01;1.1750000e+02;1.5862048e-01;1.1750000e+02;1.8548760e-01;1.1750000e+02;2.1158963e-01;1.1750000e+02;2.2596906e-01;1.1750000e+02;2.1476024e-01;1.1750000e+02;1.8174177e-01;1.1750000e+02;1.3528472e-01;1.1750000e+02;8.7380156e-02;1.1750000e+02;4.4090807e-02;1.1750000e+02;3.8897600e-03;1.1750000e+02;8.6246431e-03;1.1750000e+02;1.8776512e-02;1.1750000e+02;3.2970961e-02;1.1750000e+02;4.9849793e-02;1.1750000e+02;6.9710031e-02;1.1750000e+02;9.1288298e-02;1.1750000e+02;1.1429241e-01;1.1750000e+02;1.3716497e-01;1.1750000e+02;1.5862048e-01;1.1750000e+02;1.8548760e-01;1.1750000e+02;2.1158963e-01;1.1750000e+02;2.2596906e-01;1.1750000e+02;2.1476024e-01;1.1750000e+02;1.8174177e-01;1.1750000e+02;1.3528472e-01;1.1750000e+02;8.7380156e-02;1.1750000e+02;4.4090807e-02;1.1750000e+02;3.8897600e-03;1.1750000e+02;8.6246431e-03;1.1750000e+02;1.8776512e-02;1.1750000e+02;3.2970961e-02;1.1750000e+02;4.9849793e-02;1.1750000e+02;6.9710031e-02;1.1750000e+02;9.1288298e-02;1.1750000e+02;1.1429241e-01;1.1750000e+02;1.3716497e-01;1.1750000e+02;1.5862048e-01;1.1750000e+02;1.8548760e-01;1.1750000e+02;2.1158963e-01;1.1750000e+02;2.2596906e-01;1.1750000e+02;2.1476024e-01;1.1750000e+02;1.8174177e-01;1.1750000e+02;1.3528472e-01;1.1750000e+02;8.7380156e-02;1.1750000e+02;4.4090807e-02;1.1750000e+02;3.8897600e-03;1.1750000e+02;8.6246431e-03;1.1750000e+02;1.8776512e-02;1.1750000e+02;3.2970961e-02;1.1750000e+02;4.9849793e-02;1.1750000e+02;6.9710031e-02;1.1750000e+02;9.1288298e-02;1.1750000e+02;1.1429241e-01;1.1750000e+02;1.3716497e-01;1.1750000e+02;1.5862048e-01;1.1750000e+02;1.8548760e-01;1.1750000e+02;2.1158963e-01;1.1750000e+02;2.2596906e-01;1.1750000e+02;2.1476024e-01;1.1750000e+02;1.8174177e-01;1.1750000e+02;1.3528472e-01;1.1750000e+02;8.7380156e-02;1.1750000e+02;4.4090807e-02;1.1750000e+02;3.8897600e-03;1.1750000e+02;8.6246431e-03;1.1750000e+02;1.8776512e-02;1.1750000e+02;3.2970961e-02;1.1750000e+02;4.9849793e-02;1.1750000e+02;6.9710031e-02;1.1750000e+02;9.1288298e-02;1.1750000e+02;1.1429241e-01;1.1750000e+02;1.3716497e-01;1.1750000e+02;1.5862048e-01;1.1750000e+02;1.8548760e-01;1.1750000e+02;2.1158963e-01;1.1750000e+02;2.2596906e-01;1.1750000e+02;2.1476024e-01;1.1750000e+02;1.8174177e-01;1.1750000e+02;1.3528472e-01;1.1750000e+02;8.7380156e-02;1.1750000e+02;4.4090807e-02;1.1750000e+02;3.8897600e-03;1.1750000e+02;8.6246431e-03;1.1750000e+02;1.8776512e-02;1.1750000e+02;3.2970961e-02;1.1750000e+02;4.9849793e-02;1.1750000e+02;6.9710031e-02;1.1750000e+02;9.1288298e-02;1.1750000e+02;1.1429241e-01;1.1750000e+02;1.3716497e-01;1.1750000e+02;1.5862048e-01;1.1750000e+02;1.8548760e-01;1.1750000e+02;2.1158963e-01;1.1750000e+02;2.2596906e-01;1.1750000e+02;2.1476024e-01;1.1750000e+02;1.8174177e-01;1.1750000e+02;1.3528472e-01;1.1750000e+02;8.7380156e-02;1.1750000e+02;4.4090807e-02;1.1750000e+02;3.8897600e-03;1.1750000e+02;8.6246431e-03;1.1750000e+02;1.8776512e-02;1.1750000e+02;3.2970961e-02;1.1750000e+02;4.9849793e-02;1.1750000e+02;6.9710031e-02;1.1750000e+02;9.1288298e-02;1.1750000e+02;1.1429241e-01;1.1750000e+02;1.3716497e-01;1.1750000e+02;1.5862048e-01;1.1750000e+02;1.8548760e-01;1.1750000e+02;2.1158963e-01;1.1750000e+02;2.2596906e-01;1.1750000e+02;2.1476024e-01;1.1750000e+02;1.8174177e-01;1.1750000e+02;1.3528472e-01;1.1750000e+02;8.7380156e-02;1.1750000e+02;4.4090807e-02;1.1750000e+02;3.8897600e-03;1.1750000e+02;8.6246431e-03;1.1750000e+02;1.8776512e-02;1.1750000e+02;3.2970961e-02;1.1750000e+02;4.9849793e-02;1.1750000e+02;6.9710031e-02;1.1750000e+02;9.1288298e-02;1.1750000e+02;1.1429241e-01;1.1750000e+02;1.3716497e-01;1.1750000e+02;1.5862048e-01;1.1750000e+02;1.8548760e-01;1.1750000e+02;2.1158963e-01;1.1750000e+02;2.2596906e-01;1.1750000e+02;2.1476024e-01;1.1750000e+02;1.8174177e-01;1.1750000e+02;1.3528472e-01;1.1750000e+02;8.7380156e-02;1.1750000e+02;4.4090807e-02;1.1750000e+02;3.8897600e-03;1.1750000e+02;8.6246431e-03;1.1750000e+02;1.8776512e-02;1.1750000e+02;3.2970961e-02;1.1750000e+02;4.9849793e-02;1.1750000e+02;6.9710031e-02;1.1750000e+02;9.1288298e-02;1.1750000e+02;1.1429241e-01;1.1750000e+02;1.3716497e-01;1.1750000e+02;1.5862048e-01;1.1750000e+02;1.8548760e-01;1.1750000e+02;2.1158963e-01;1.1750000e+02;2.2596906e-01;1.1750000e+02;2.1476024e-01;1.1750000e+02;1.8174177e-01;1.1750000e+02;1.3528472e-01;1.1750000e+02;8.7380156e-02;1.1750000e+02;4.4090807e-02;1.1750000e+02;3.8897600e-03;1.1750000e+02;8.6246431e-03;1.1750000e+02;1.8776512e-02;1.1750000e+02;3.2970961e-02;1.1750000e+02;4.9849793e-02;1.1750000e+02;6.9710031e-02;1.1750000e+02;9.1288298e-02;1.1750000e+02;1.1429241e-01;1.1750000e+02;1.3716497e-01;1.1750000e+02;1.5862048e-01;1.1750000e+02;1.8548760e-01;1.1750000e+02;2.1158963e-01;1.1750000e+02;2.2596906e-01;1.1750000e+02;2.1476024e-01;1.1750000e+02;1.8174177e-01;1.1750000e+02;1.3528472e-01;1.1750000e+02;8.7380156e-02;1.1750000e+02;4.4090807e-02;1.1750000e+02;3.8897600e-03;1.1750000e+02;8.6246431e-03;1.1750000e+02;1.8776512e-02;1.1750000e+02;3.2970961e-02;1.1750000e+02;4.9849793e-02;1.1750000e+02;6.9710031e-02;1.1750000e+02;9.1288298e-02;1.1750000e+02;1.1429241e-01;1.1750000e+02;1.3716497e-01;1.1750000e+02;1.5862048e-01;1.1750000e+02;1.8548760e-01;1.1750000e+02;2.1158963e-01;1.1750000e+02;2.2596906e-01;1.1750000e+02;2.1476024e-01;1.1750000e+02;1.8174177e-01;1.1750000e+02;1.3528472e-01;1.1750000e+02;8.7380156e-02;1.1750000e+02;4.4090807e-02;1.1750000e+02;3.8897600e-03;1.1750000e+02;8.6246431e-03;1.1750000e+02;1.8776512e-02;1.1750000e+02;3.2970961e-02;1.1750000e+02;4.9849793e-02;1.1750000e+02;6.9710031e-02;1.1750000e+02;9.1288298e-02;1.1750000e+02;1.1429241e-01;1.1750000e+02;1.3716497e-01;1.1750000e+02;1.5862048e-01;1.1750000e+02;1.8548760e-01;1.1750000e+02;2.1158963e-01;1.1750000e+02;2.2596906e-01;1.1750000e+02;2.1476024e-01;1.1750000e+02;1.8174177e-01;1.1750000e+02;1.3528472e-01;1.1750000e+02;8.7380156e-02;1.1750000e+02;4.4090807e-02;1.1750000e+02;3.8897600e-03;1.1750000e+02;8.6246431e-03;1.1750000e+02;1.8776512e-02;1.1750000e+02;3.2970961e-02;1.1750000e+02;4.9849793e-02;1.1750000e+02;6.9710031e-02;1.1750000e+02;9.1288298e-02;1.1750000e+02;1.1429241e-01;1.1750000e+02;1.3716497e-01;1.1750000e+02;1.5862048e-01;1.1750000e+02;1.8548760e-01;1.1750000e+02;2.1158963e-01;1.1750000e+02;2.2596906e-01;1.1750000e+02;2.1476024e-01;1.1750000e+02;1.8174177e-01;1.1750000e+02;1.3528472e-01;1.1750000e+02;8.7380156e-02;1.1750000e+02;4.4090807e-02;1.1750000e+02;3.8897600e-03;1.1750000e+02;8.6246431e-03;1.1750000e+02;1.8776512e-02;1.1750000e+02;3.2970961e-02;1.1750000e+02;4.9849793e-02;1.1750000e+02;6.9710031e-02;1.1750000e+02;9.1288298e-02;1.1750000e+02;1.1429241e-01;1.1750000e+02;1.3716497e-01;1.1750000e+02;1.5862048e-01;1.1750000e+02;1.8548760e-01;1.1750000e+02;2.1158963e-01;1.1750000e+02;2.2596906e-01;1.1750000e+02;2.1476024e-01;1.1750000e+02;1.8174177e-01;1.1750000e+02;1.3528472e-01;1.1750000e+02;8.7380156e-02;1.1750000e+02;4.4090807e-02;1.1750000e+02;3.8897600e-03;1.1750000e+02;8.6246431e-03;1.1750000e+02;1.8776512e-02;1.1750000e+02;3.2970961e-02;1.1750000e+02;4.9849793e-02;1.1750000e+02;6.9710031e-02;1.1750000e+02;9.1288298e-02;1.1750000e+02;1.1429241e-01;1.1750000e+02;1.3716497e-01;1.1750000e+02;1.5862048e-01;1.1750000e+02;1.8548760e-01;1.1750000e+02;2.1158963e-01;1.1750000e+02;2.2596906e-01;1.1750000e+02;2.1476024e-01;1.1750000e+02;1.8174177e-01;1.1750000e+02;1.3528472e-01;1.1750000e+02;8.7380156e-02;1.1750000e+02;4.4090807e-02;1.1750000e+02;3.8897600e-03;1.1750000e+02;8.6246431e-03;1.1750000e+02;1.8776512e-02;1.1750000e+02;3.2970961e-02;1.1750000e+02;4.9849793e-02;1.1750000e+02;6.9710031e-02;1.1750000e+02;9.1288298e-02;1.1750000e+02;1.1429241e-01;1.1750000e+02;1.3716497e-01;1.1750000e+02;1.5862048e-01;1.1750000e+02;1.8548760e-01;1.1750000e+02;2.1158963e-01;1.1750000e+02;2.2596906e-01;1.1750000e+02;2.1476024e-01;1.1750000e+02;1.8174177e-01;1.1750000e+02;1.3528472e-01;1.1750000e+02;8.7380156e-02;1.1750000e+02;4.4090807e-02;1.1750000e+02;3.8897600e-03;1.1750000e+02;8.6246431e-03;1.1750000e+02;1.8776512e-02;1.1750000e+02;3.2970961e-02;1.1750000e+02;4.9849793e-02;1.1750000e+02;6.9710031e-02;1.1750000e+02;9.1288298e-02;1.1750000e+02;1.1429241e-01;1.1750000e+02;1.3716497e-01;1.1750000e+02;1.5862048e-01;1.1750000e+02;1.8548760e-01;1.1750000e+02;2.1158963e-01;1.1750000e+02;2.2596906e-01;1.1750000e+02;2.1476024e-01;1.1750000e+02;1.8174177e-01;1.1750000e+02;1.3528472e-01;1.1750000e+02;8.7380156e-02;1.1750000e+02;4.4090807e-02;1.1750000e+02;3.8897600e-03;1.1750000e+02;8.6246431e-03;1.1750000e+02;1.8776512e-02;1.1750000e+02;3.2970961e-02;1.1750000e+02;4.9849793e-02;1.1750000e+02;6.9710031e-02;1.1750000e+02;9.1288298e-02;1.1750000e+02;1.1429241e-01;1.1750000e+02;1.3716497e-01;1.1750000e+02;1.5862048e-01;1.1750000e+02;1.8548760e-01;1.1750000e+02;2.1158963e-01;1.1750000e+02;2.2596906e-01;1.1750000e+02;2.1476024e-01;1.1750000e+02;1.8174177e-01;1.1750000e+02;1.3528472e-01;1.1750000e+02;8.7380156e-02;1.1750000e+02;4.4090807e-02;1.1750000e+02;3.8897600e-03;1.1750000e+02;8.6246431e-03;1.1750000e+02;1.8776512e-02;1.1750000e+02;3.2970961e-02;1.1750000e+02;4.9849793e-02;1.1750000e+02;6.9710031e-02;1.1750000e+02;9.1288298e-02;1.1750000e+02;1.1429241e-01;1.1750000e+02;1.3716497e-01;1.1750000e+02;1.5862048e-01;1.1750000e+02;1.8548760e-01;1.1750000e+02;2.1158963e-01;1.1750000e+02;2.2596906e-01;1.1750000e+02;2.1476024e-01;1.1750000e+02;1.8174177e-01;1.1750000e+02;1.3528472e-01;1.1750000e+02;8.7380156e-02;1.1750000e+02;4.4090807e-02;1.1750000e+02;3.8897600e-03;1.1750000e+02;8.6246431e-03;1.1750000e+02;1.8776512e-02;1.1750000e+02;3.2970961e-02;1.1750000e+02;4.9849793e-02;1.1750000e+02;6.9710031e-02;1.1750000e+02;9.1288298e-02;1.1750000e+02;1.1429241e-01;1.1750000e+02;1.3716497e-01;1.1750000e+02;1.5862048e-01;1.1750000e+02;1.8548760e-01;1.1750000e+02;2.1158963e-01;1.1750000e+02;2.2596906e-01;1.1750000e+02;2.1476024e-01;1.1750000e+02;1.8174177e-01;1.1750000e+02;1.3528472e-01;1.1750000e+02;8.7380156e-02;1.1750000e+02;4.4090807e-02;1.1750000e+02;3.8897600e-03;1.1750000e+02;8.6246431e-03;1.1750000e+02;1.8776512e-02;1.1750000e+02;3.2970961e-02;1.1750000e+02;4.9849793e-02;1.1750000e+02;6.9710031e-02;1.1750000e+02;9.1288298e-02;1.1750000e+02;1.1429241e-01;1.1750000e+02;1.3716497e-01;1.1750000e+02;1.5862048e-01;1.1750000e+02;1.8548760e-01;1.1750000e+02;2.1158963e-01;1.1750000e+02;2.2596906e-01;1.1750000e+02;2.1476024e-01;1.1750000e+02;1.8174177e-01;1.1750000e+02;1.3528472e-01;1.1750000e+02;8.7380156e-02;1.1750000e+02;4.4090807e-02;1.1750000e+02;3.8897600e-03;1.1750000e+02;8.6246431e-03;1.1750000e+02;1.8776512e-02;1.1750000e+02;3.2970961e-02;1.1750000e+02;4.9849793e-02;1.1750000e+02;6.9710031e-02;1.1750000e+02;9.1288298e-02;1.1750000e+02;1.1429241e-01;1.1750000e+02;1.3716497e-01;1.1750000e+02;1.5862048e-01;1.1750000e+02;1.8548760e-01;1.1750000e+02;2.1158963e-01;1.1750000e+02;2.2596906e-01;1.1750000e+02;2.1476024e-01;1.1750000e+02;1.8174177e-01;1.1750000e+02;1.3528472e-01;1.1750000e+02;8.7380156e-02;1.1750000e+02;4.4090807e-02;1.1750000e+02;3.8897600e-03;1.1750000e+02;8.6246431e-03;1.1750000e+02;1.8776512e-02;1.1750000e+02;3.2970961e-02;1.1750000e+02;4.9849793e-02;1.1750000e+02;6.9710031e-02;1.1750000e+02;9.1288298e-02;1.1750000e+02;1.1429241e-01;1.1750000e+02;1.3716497e-01;1.1750000e+02;1.5862048e-01;1.1750000e+02;1.8548760e-01;1.1750000e+02;2.1158963e-01;1.1750000e+02;2.2596906e-01;1.1750000e+02;2.1476024e-01;1.1750000e+02;1.8174177e-01;1.1750000e+02;1.3528472e-01;1.1750000e+02;8.7380156e-02;1.1750000e+02;4.4090807e-02;1.1750000e+02;3.8897600e-03;1.1750000e+02;8.6246431e-03;1.1750000e+02;1.8776512e-02;1.1750000e+02;3.2970961e-02;1.1750000e+02;4.9849793e-02;1.1750000e+02;6.9710031e-02;1.1750000e+02;9.1288298e-02;1.1750000e+02;1.1429241e-01;1.1750000e+02;1.3716497e-01;1.1750000e+02;1.5862048e-01;1.1750000e+02;1.8548760e-01;1.1750000e+02;2.1158963e-01;1.1750000e+02;2.2596906e-01;1.1750000e+02;2.1476024e-01;1.1750000e+02;1.8174177e-01;1.1750000e+02;1.3528472e-01;1.1750000e+02;8.7380156e-02;1.1750000e+02;4.4090807e-02;1.1750000e+02;3.8897600e-03;1.1750000e+02;8.6246431e-03;1.1750000e+02;1.8776512e-02;1.1750000e+02;3.2970961e-02;1.1750000e+02;4.9849793e-02;1.1750000e+02;6.9710031e-02;1.1750000e+02;9.1288298e-02;1.1750000e+02;1.1429241e-01;1.1750000e+02;1.3716497e-01;1.1750000e+02;1.5862048e-01;1.1750000e+02;1.8548760e-01;1.1750000e+02;2.1158963e-01;1.1750000e+02;2.2596906e-01;1.1750000e+02;2.1476024e-01;1.1750000e+02;1.8174177e-01;1.1750000e+02;1.3528472e-01;1.1750000e+02;8.7380156e-02;1.1750000e+02;4.4090807e-02;1.1750000e+02;3.8897600e-03;1.1750000e+02;8.6246431e-03;1.1750000e+02;1.8776512e-02;1.1750000e+02;3.2970961e-02;1.1750000e+02;4.9849793e-02;1.1750000e+02;6.9710031e-02;1.1750000e+02;9.1288298e-02;1.1750000e+02;1.1429241e-01;1.1750000e+02;1.3716497e-01;1.1750000e+02;1.5862048e-01;1.1750000e+02;1.8548760e-01;1.1750000e+02;2.1158963e-01;1.1750000e+02;2.2596906e-01;1.1750000e+02;2.1476024e-01;1.1750000e+02;1.8174177e-01;1.1750000e+02;1.3528472e-01;1.1750000e+02;8.7380156e-02;1.1750000e+02;4.4090807e-02;1.1750000e+02;3.8897600e-03;1.1750000e+02;8.6246431e-03;1.1750000e+02;1.8776512e-02;1.1750000e+02;3.2970961e-02;1.1750000e+02;4.9849793e-02;1.1750000e+02;6.9710031e-02;1.1750000e+02;9.1288298e-02;1.1750000e+02;1.1429241e-01;1.1750000e+02;1.3716497e-01;1.1750000e+02;1.5862048e-01;1.1750000e+02;1.8548760e-01;1.1750000e+02;2.1158963e-01;1.1750000e+02;2.2596906e-01;1.1750000e+02;2.1476024e-01;1.1750000e+02;1.8174177e-01;1.1750000e+02;1.3528472e-01;1.1750000e+02;8.7380156e-02;1.1750000e+02;4.4090807e-02;1.1750000e+02;3.8897600e-03;1.1750000e+02;8.6246431e-03;1.1750000e+02;1.8776512e-02;1.1750000e+02;3.2970961e-02;1.1750000e+02;4.9849793e-02;1.1750000e+02;6.9710031e-02;1.1750000e+02;9.1288298e-02;1.1750000e+02;1.1429241e-01;1.1750000e+02;1.3716497e-01;1.1750000e+02;1.5862048e-01;1.1750000e+02;1.8548760e-01;1.1750000e+02;2.1158963e-01;1.1750000e+02;2.2596906e-01;1.1750000e+02;2.1476024e-01;1.1750000e+02;1.8174177e-01;1.1750000e+02;1.3528472e-01;1.1750000e+02;8.7380156e-02;1.1750000e+02;4.4090807e-02;1.1750000e+02;3.8897600e-03;1.1750000e+02;8.6246431e-03;1.1750000e+02;1.8776512e-02;1.1750000e+02;3.2970961e-02;1.1750000e+02;4.9849793e-02;1.1750000e+02;6.9710031e-02;1.1750000e+02;9.1288298e-02;1.1750000e+02;1.1429241e-01;1.1750000e+02;1.3716497e-01;1.1750000e+02;1.5862048e-01;1.1750000e+02;1.8548760e-01;1.1750000e+02;2.1158963e-01;1.1750000e+02;2.2596906e-01;1.1750000e+02;2.1476024e-01;1.1750000e+02;1.8174177e-01;1.1750000e+02;1.3528472e-01;1.1750000e+02;8.7380156e-02;1.1750000e+02;4.4090807e-02;1.1750000e+02;3.8897600e-03;1.1750000e+02;8.6246431e-03;1.1750000e+02;1.8776512e-02;1.1750000e+02;3.2970961e-02;1.1750000e+02;4.9849793e-02;1.1750000e+02;6.9710031e-02;1.1750000e+02;9.1288298e-02;1.1750000e+02;1.1429241e-01;1.1750000e+02;1.3716497e-01;1.1750000e+02;1.5862048e-01;1.1750000e+02;1.8548760e-01;1.1750000e+02;2.1158963e-01;1.1750000e+02;2.2596906e-01;1.1750000e+02;2.1476024e-01;1.1750000e+02;1.8174177e-01;1.1750000e+02;1.3528472e-01;1.1750000e+02;8.7380156e-02;1.1750000e+02;4.4090807e-02;1.1750000e+02;3.8897600e-03;1.1750000e+02;8.6246431e-03;1.1750000e+02;1.8776512e-02;1.1750000e+02;3.2970961e-02;1.1750000e+02;4.9849793e-02;1.1750000e+02;6.9710031e-02;1.1750000e+02;9.1288298e-02;1.1750000e+02;1.1429241e-01;1.1750000e+02;1.3716497e-01;1.1750000e+02;1.5862048e-01;1.1750000e+02;1.8548760e-01;1.1750000e+02;2.1158963e-01;1.1750000e+02;2.2596906e-01;1.1750000e+02;2.1476024e-01;1.1750000e+02;1.8174177e-01;1.1750000e+02;1.3528472e-01;1.1750000e+02;8.7380156e-02;1.1750000e+02;4.4090807e-02;1.1750000e+02;3.8897600e-03;1.1750000e+02;8.6246431e-03;1.1750000e+02;1.8776512e-02;1.1750000e+02;3.2970961e-02;1.1750000e+02;4.9849793e-02;1.1750000e+02;6.9710031e-02;1.1750000e+02;9.1288298e-02;1.1750000e+02;1.1429241e-01;1.1750000e+02;1.3716497e-01;1.1750000e+02;1.5862048e-01;1.1750000e+02;1.8548760e-01;1.1750000e+02;2.1158963e-01;1.1750000e+02;2.2596906e-01;1.1750000e+02;2.1476024e-01;1.1750000e+02;1.8174177e-01;1.1750000e+02;1.3528472e-01;1.1750000e+02;8.7380156e-02;1.1750000e+02;4.4090807e-02;1.1750000e+02;3.8897600e-03;1.1750000e+02;8.6246431e-03;1.1750000e+02;1.8776512e-02;1.1750000e+02;3.2970961e-02;1.1750000e+02;4.9849793e-02;1.1750000e+02;6.9710031e-02;1.1750000e+02;9.1288298e-02;1.1750000e+02;1.1429241e-01;1.1750000e+02;1.3716497e-01;1.1750000e+02;1.5862048e-01;1.1750000e+02;1.8548760e-01;1.1750000e+02;2.1158963e-01;1.1750000e+02;2.2596906e-01;1.1750000e+02;2.1476024e-01;1.1750000e+02;1.8174177e-01;1.1750000e+02;1.3528472e-01;1.1750000e+02;8.7380156e-02;1.1750000e+02;4.4090807e-02;1.1750000e+02;3.8897600e-03;1.1750000e+02;8.6246431e-03;1.1750000e+02;1.8776512e-02;1.1750000e+02;3.2970961e-02;1.1750000e+02;4.9849793e-02;1.1750000e+02;6.9710031e-02;1.1750000e+02;9.1288298e-02;1.1750000e+02;1.1429241e-01;1.1750000e+02;1.3716497e-01;1.1750000e+02;1.5862048e-01;1.1750000e+02;1.8548760e-01;1.1750000e+02;2.1158963e-01;1.1750000e+02;2.2596906e-01;1.1750000e+02;2.1476024e-01;1.1750000e+02;1.8174177e-01;1.1750000e+02;1.3528472e-01;1.1750000e+02;8.7380156e-02;1.1750000e+02;4.4090807e-02;1.1750000e+02;3.8897600e-03;1.1750000e+02;8.6246431e-03;1.1750000e+02;1.8776512e-02;1.1750000e+02;3.2970961e-02;1.1750000e+02;4.9849793e-02;1.1750000e+02;6.9710031e-02;1.1750000e+02;9.1288298e-02;1.1750000e+02;1.1429241e-01;1.1750000e+02;1.3716497e-01;1.1750000e+02;1.5862048e-01;1.1750000e+02;1.8548760e-01;1.1750000e+02;2.1158963e-01;1.1750000e+02;2.2596906e-01;1.1750000e+02;2.1476024e-01;1.1750000e+02;1.8174177e-01;1.1750000e+02;1.3528472e-01;1.1750000e+02;8.7380156e-02;1.1750000e+02;4.4090807e-02;1.1750000e+02;3.8897600e-03;1.1750000e+02;8.6246431e-03;1.1750000e+02;1.8776512e-02;1.1750000e+02;3.2970961e-02;1.1750000e+02;4.9849793e-02;1.1750000e+02;6.9710031e-02;1.1750000e+02;9.1288298e-02;1.1750000e+02;1.1429241e-01;1.1750000e+02;1.3716497e-01;1.1750000e+02;1.5862048e-01;1.1750000e+02;1.8548760e-01;1.1750000e+02;2.1158963e-01;1.1750000e+02;2.2596906e-01;1.1750000e+02;2.1476024e-01;1.1750000e+02;1.8174177e-01;1.1750000e+02;1.3528472e-01;1.1750000e+02;8.7380156e-02;1.1750000e+02;4.4090807e-02;1.1750000e+02;3.8897600e-03;1.1750000e+02;8.6246431e-03;1.1750000e+02;1.8776512e-02;1.1750000e+02;3.2970961e-02;1.1750000e+02;4.9849793e-02;1.1750000e+02;6.9710031e-02;1.1750000e+02;9.1288298e-02;1.1750000e+02;1.1429241e-01;1.1750000e+02;1.3716497e-01;1.1750000e+02;1.5862048e-01;1.1750000e+02;1.8548760e-01;1.1750000e+02;2.1158963e-01;1.1750000e+02;2.2596906e-01;1.1750000e+02;2.1476024e-01;1.1750000e+02;1.8174177e-01;1.1750000e+02;1.3528472e-01;1.1750000e+02;8.7380156e-02;1.1750000e+02;4.4090807e-02;1.1750000e+02;3.8897600e-03;1.1750000e+02;8.6246431e-03;1.1750000e+02;1.8776512e-02;1.1750000e+02;3.2970961e-02;1.1750000e+02;4.9849793e-02;1.1750000e+02;6.9710031e-02;1.1750000e+02;9.1288298e-02;1.1750000e+02;1.1429241e-01;1.1750000e+02;1.3716497e-01;1.1750000e+02;1.5862048e-01;1.1750000e+02;1.8548760e-01;1.1750000e+02;2.1158963e-01;1.1750000e+02;2.2596906e-01;1.1750000e+02;2.1476024e-01;1.1750000e+02;1.8174177e-01;1.1750000e+02;1.3528472e-01;1.1750000e+02;8.7380156e-02;1.1750000e+02;4.4090807e-02;1.1750000e+02;3.8897600e-03;1.1750000e+02;8.6246431e-03;1.1750000e+02;1.8776512e-02;1.1750000e+02;3.2970961e-02;1.1750000e+02;4.9849793e-02;1.1750000e+02;6.9710031e-02;1.1750000e+02;9.1288298e-02;1.1750000e+02;1.1429241e-01;1.1750000e+02;1.3716497e-01;1.1750000e+02;1.5862048e-01;1.1750000e+02;1.8548760e-01;1.1750000e+02;2.1158963e-01;1.1750000e+02;2.2596906e-01;1.1750000e+02;2.1476024e-01;1.1750000e+02;1.8174177e-01;1.1750000e+02;1.3528472e-01;1.1750000e+02;8.7380156e-02;1.1750000e+02;4.4090807e-02;1.1750000e+02;3.8897600e-03;1.1750000e+02;8.6246431e-03;1.1750000e+02;1.8776512e-02;1.1750000e+02;3.2970961e-02;1.1750000e+02;4.9849793e-02;1.1750000e+02;6.9710031e-02;1.1750000e+02;9.1288298e-02;1.1750000e+02;1.1429241e-01;1.1750000e+02;1.3716497e-01;1.1750000e+02;1.5862048e-01;1.1750000e+02;1.8548760e-01;1.1750000e+02;2.1158963e-01;1.1750000e+02;2.2596906e-01;1.1750000e+02;2.1476024e-01;1.1750000e+02;1.8174177e-01;1.1750000e+02;1.3528472e-01;1.1750000e+02;8.7380156e-02;1.1750000e+02;4.4090807e-02;1.1750000e+02;3.8897600e-03;1.1750000e+02;8.6246431e-03;1.1750000e+02;1.8776512e-02;1.1750000e+02;3.2970961e-02;1.1750000e+02;4.9849793e-02;1.1750000e+02;6.9710031e-02;1.1750000e+02;9.1288298e-02;1.1750000e+02;1.1429241e-01;1.1750000e+02;1.3716497e-01;1.1750000e+02;1.5862048e-01;1.1750000e+02;1.8548760e-01;1.1750000e+02;2.1158963e-01;1.1750000e+02;2.2596906e-01;1.1750000e+02;2.1476024e-01;1.1750000e+02;1.8174177e-01;1.1750000e+02;1.3528472e-01;1.1750000e+02;8.7380156e-02;1.1750000e+02;4.4090807e-02;1.1750000e+02;3.8897600e-03;1.1750000e+02;8.6246431e-03;1.1750000e+02;1.8776512e-02;1.1750000e+02;3.2970961e-02;1.1750000e+02;4.9849793e-02;1.1750000e+02;6.9710031e-02;1.1750000e+02;9.1288298e-02;1.1750000e+02;1.1429241e-01;1.1750000e+02;1.3716497e-01;1.1750000e+02;1.5862048e-01;1.1750000e+02;1.8548760e-01;1.1750000e+02;2.1158963e-01;1.1750000e+02;2.2596906e-01;1.1750000e+02;2.1476024e-01;1.1750000e+02;1.8174177e-01;1.1750000e+02;1.3528472e-01;1.1750000e+02;8.7380156e-02;1.1750000e+02;4.4090807e-02;1.1750000e+02;3.8897600e-03;1.1750000e+02;8.6246431e-03;1.1750000e+02;1.8776512e-02;1.1750000e+02;3.2970961e-02;1.1750000e+02;4.9849793e-02;1.1750000e+02;6.9710031e-02;1.1750000e+02;9.1288298e-02;1.1750000e+02;1.1429241e-01;1.1750000e+02;1.3716497e-01;1.1750000e+02;1.5862048e-01;1.1750000e+02;1.8548760e-01;1.1750000e+02;2.1158963e-01;1.1750000e+02;2.2596906e-01;1.1750000e+02;2.1476024e-01;1.1750000e+02;1.8174177e-01;1.1750000e+02;1.3528472e-01;1.1750000e+02;8.7380156e-02;1.1750000e+02;4.4090807e-02;1.1750000e+02;3.8897600e-03;1.1750000e+02;8.6246431e-03;1.1750000e+02;1.8776512e-02;1.1750000e+02;3.2970961e-02;1.1750000e+02;4.9849793e-02;1.1750000e+02;6.9710031e-02;1.1750000e+02;9.1288298e-02;1.1750000e+02;1.1429241e-01;1.1750000e+02;1.3716497e-01;1.1750000e+02;1.5862048e-01;1.1750000e+02;1.8548760e-01;1.1750000e+02;2.1158963e-01;1.1750000e+02;2.2596906e-01;1.1750000e+02;2.1476024e-01;1.1750000e+02;1.8174177e-01;1.1750000e+02;1.3528472e-01;1.1750000e+02;8.7380156e-02;1.1750000e+02;4.4090807e-02;1.1750000e+02;3.8897600e-03;1.1750000e+02;8.6246431e-03;1.1750000e+02;1.8776512e-02;1.1750000e+02;3.2970961e-02;1.1750000e+02;4.9849793e-02;1.1750000e+02;6.9710031e-02;1.1750000e+02;9.1288298e-02;1.1750000e+02;1.1429241e-01;1.1750000e+02;1.3716497e-01;1.1750000e+02;1.5862048e-01;1.1750000e+02;1.8548760e-01;1.1750000e+02;2.1158963e-01;1.1750000e+02;2.2596906e-01;1.1750000e+02;2.1476024e-01;1.1750000e+02;1.8174177e-01;1.1750000e+02;1.3528472e-01;1.1750000e+02;8.7380156e-02;1.1750000e+02;4.4090807e-02;1.1750000e+02;3.8897600e-03;1.1750000e+02;8.6246431e-03;1.1750000e+02;1.8776512e-02;1.1750000e+02;3.2970961e-02;1.1750000e+02;4.9849793e-02;1.1750000e+02;6.9710031e-02;1.1750000e+02;9.1288298e-02;1.1750000e+02;1.1429241e-01;1.1750000e+02;1.3716497e-01;1.1750000e+02;1.5862048e-01;1.1750000e+02;1.8548760e-01;1.1750000e+02;2.1158963e-01;1.1750000e+02;2.2596906e-01;1.1750000e+02;2.1476024e-01;1.1750000e+02;1.8174177e-01;1.1750000e+02;1.3528472e-01;1.1750000e+02;8.7380156e-02;1.1750000e+02;4.4090807e-02;1.1750000e+02;3.8897600e-03;1.1750000e+02;8.6246431e-03;1.1750000e+02;1.8776512e-02;1.1750000e+02;3.2970961e-02;1.1750000e+02;4.9849793e-02;1.1750000e+02;6.9710031e-02;1.1750000e+02;9.1288298e-02;1.1750000e+02;1.1429241e-01;1.1750000e+02;1.3716497e-01;1.1750000e+02;1.5862048e-01;1.1750000e+02;1.8548760e-01;1.1750000e+02;2.1158963e-01;1.1750000e+02;2.2596906e-01;1.1750000e+02;2.1476024e-01;1.1750000e+02;1.8174177e-01;1.1750000e+02;1.3528472e-01;1.1750000e+02;8.7380156e-02;1.1750000e+02;4.4090807e-02;1.1750000e+02;3.8897600e-03;1.1750000e+02;8.6246431e-03;1.1750000e+02;1.8776512e-02;1.1750000e+02;3.2970961e-02;1.1750000e+02;4.9849793e-02;1.1750000e+02;6.9710031e-02;1.1750000e+02;9.1288298e-02;1.1750000e+02;1.1429241e-01;1.1750000e+02;1.3716497e-01;1.1750000e+02;1.5862048e-01;1.1750000e+02;1.8548760e-01;1.1750000e+02;2.1158963e-01;1.1750000e+02;2.2596906e-01;1.1750000e+02;2.1476024e-01;1.1750000e+02;1.8174177e-01;1.1750000e+02;1.3528472e-01;1.1750000e+02;8.7380156e-02;1.1750000e+02;4.4090807e-02;1.1750000e+02;3.8897600e-03;1.1750000e+02;8.6246431e-03;1.1750000e+02;1.8776512e-02;1.1750000e+02;3.2970961e-02;1.1750000e+02;4.9849793e-02;1.1750000e+02;6.9710031e-02;1.1750000e+02;9.1288298e-02;1.1750000e+02;1.1429241e-01;1.1750000e+02;1.3716497e-01;1.1750000e+02;1.5862048e-01;1.1750000e+02;1.8548760e-01;1.1750000e+02;2.1158963e-01;1.1750000e+02;2.2596906e-01;1.1750000e+02;2.1476024e-01;1.1750000e+02;1.8174177e-01;1.1750000e+02;1.3528472e-01;1.1750000e+02;8.7380156e-02;1.1750000e+02;4.4090807e-02;1.1750000e+02;3.8897600e-03;1.1750000e+02;8.6246431e-03;1.1750000e+02;1.8776512e-02;1.1750000e+02;3.2970961e-02;1.1750000e+02;4.9849793e-02;1.1750000e+02;6.9710031e-02;1.1750000e+02;9.1288298e-02;1.1750000e+02;1.1429241e-01;1.1750000e+02;1.3716497e-01;1.1750000e+02;1.5862048e-01;1.1750000e+02;1.8548760e-01;1.1750000e+02;2.1158963e-01;1.1750000e+02;2.2596906e-01;1.1750000e+02;2.1476024e-01;1.1750000e+02;1.8174177e-01;1.1750000e+02;1.3528472e-01;1.1750000e+02;8.7380156e-02;1.1750000e+02;4.4090807e-02;1.1750000e+02;3.8897600e-03;1.1750000e+02;8.6246431e-03;1.1750000e+02;1.8776512e-02;1.1750000e+02;3.2970961e-02;1.1750000e+02;4.9849793e-02;1.1750000e+02;6.9710031e-02;1.1750000e+02;9.1288298e-02;1.1750000e+02;1.1429241e-01;1.1750000e+02;1.3716497e-01;1.1750000e+02;1.5862048e-01;1.1750000e+02;1.8548760e-01;1.1750000e+02;2.1158963e-01;1.1750000e+02;2.2596906e-01;1.1750000e+02;2.1476024e-01;1.1750000e+02;1.8174177e-01;1.1750000e+02;1.3528472e-01;1.1750000e+02;8.7380156e-02;1.1750000e+02;4.4090807e-02;1.1750000e+02;3.8897600e-03;1.1750000e+02;8.6246431e-03;1.1750000e+02;1.8776512e-02;1.1750000e+02;3.2970961e-02;1.1750000e+02;4.9849793e-02;1.1750000e+02;6.9710031e-02;1.1750000e+02;9.1288298e-02;1.1750000e+02;1.1429241e-01;1.1750000e+02;1.3716497e-01;1.1750000e+02;1.5862048e-01;1.1750000e+02;1.8548760e-01;1.1750000e+02;2.1158963e-01;1.1750000e+02;2.2596906e-01;1.1750000e+02;2.1476024e-01;1.1750000e+02;1.8174177e-01;1.1750000e+02;1.3528472e-01;1.1750000e+02;8.7380156e-02;1.1750000e+02;4.4090807e-02;1.1750000e+02;3.8897600e-03;1.1750000e+02;8.6246431e-03;1.1750000e+02;1.8776512e-02;1.1750000e+02;3.2970961e-02;1.1750000e+02;4.9849793e-02;1.1750000e+02;6.9710031e-02;1.1750000e+02;9.1288298e-02;1.1750000e+02;1.1429241e-01;1.1750000e+02;1.3716497e-01;1.1750000e+02;1.5862048e-01;1.1750000e+02;1.8548760e-01;1.1750000e+02;2.1158963e-01;1.1750000e+02;2.2596906e-01;1.1750000e+02;2.1476024e-01;1.1750000e+02;1.8174177e-01;1.1750000e+02;1.3528472e-01;1.1750000e+02;8.7380156e-02;1.1750000e+02;4.4090807e-02;1.1750000e+02;3.8897600e-03;1.1750000e+02;8.6246431e-03;1.1750000e+02;1.8776512e-02;1.1750000e+02;3.2970961e-02;1.1750000e+02;4.9849793e-02;1.1750000e+02;6.9710031e-02;1.1750000e+02;9.1288298e-02;1.1750000e+02;1.1429241e-01;1.1750000e+02;1.3716497e-01;1.1750000e+02;1.5862048e-01;1.1750000e+02;1.8548760e-01;1.1750000e+02;2.1158963e-01;1.1750000e+02;2.2596906e-01;1.1750000e+02;2.1476024e-01;1.1750000e+02;1.8174177e-01;1.1750000e+02;1.3528472e-01;1.1750000e+02;8.7380156e-02;1.1750000e+02;4.4090807e-02;1.1750000e+02;3.8897600e-03;1.1750000e+02;8.6246431e-03;1.1750000e+02;1.8776512e-02;1.1750000e+02;3.2970961e-02;1.1750000e+02;4.9849793e-02;1.1750000e+02;6.9710031e-02;1.1750000e+02;9.1288298e-02;1.1750000e+02;1.1429241e-01;1.1750000e+02;1.3716497e-01;1.1750000e+02;1.5862048e-01;1.1750000e+02;1.8548760e-01;1.1750000e+02;2.1158963e-01;1.1750000e+02;2.2596906e-01;1.1750000e+02;2.1476024e-01;1.1750000e+02;1.8174177e-01;1.1750000e+02;1.3528472e-01;1.1750000e+02;8.7380156e-02;1.1750000e+02;4.4090807e-02;1.1750000e+02;3.8897600e-03;1.1750000e+02;8.6246431e-03;1.1750000e+02;1.8776512e-02;1.1750000e+02;3.2970961e-02;1.1750000e+02;4.9849793e-02;1.1750000e+02;6.9710031e-02;1.1750000e+02;9.1288298e-02;1.1750000e+02;1.1429241e-01;1.1750000e+02;1.3716497e-01;1.1750000e+02;1.5862048e-01;1.1750000e+02;1.8548760e-01;1.1750000e+02;2.1158963e-01;1.1750000e+02;2.2596906e-01;1.1750000e+02;2.1476024e-01;1.1750000e+02;1.8174177e-01;1.1750000e+02;1.3528472e-01;1.1750000e+02;8.7380156e-02;1.1750000e+02;4.4090807e-02;1.1750000e+02;3.8897600e-03;1.1750000e+02;8.6246431e-03;1.1750000e+02;1.8776512e-02;1.1750000e+02;3.2970961e-02;1.1750000e+02;4.9849793e-02;1.1750000e+02;6.9710031e-02;1.1750000e+02;9.1288298e-02;1.1750000e+02;1.1429241e-01;1.1750000e+02;1.3716497e-01;1.1750000e+02;1.5862048e-01;1.1750000e+02;1.8548760e-01;1.1750000e+02;2.1158963e-01;1.1750000e+02;2.2596906e-01;1.1750000e+02;2.1476024e-01;1.1750000e+02;1.8174177e-01;1.1750000e+02;1.3528472e-01;1.1750000e+02;8.7380156e-02;1.1750000e+02;4.4090807e-02;1.1750000e+02;3.8897600e-03;1.1750000e+02;8.6246431e-03;1.1750000e+02;1.8776512e-02;1.1750000e+02;3.2970961e-02;1.1750000e+02;4.9849793e-02;1.1750000e+02;6.9710031e-02;1.1750000e+02;9.1288298e-02;1.1750000e+02;1.1429241e-01;1.1750000e+02;1.3716497e-01;1.1750000e+02;1.5862048e-01;1.1750000e+02;1.8548760e-01;1.1750000e+02;2.1158963e-01;1.1750000e+02;2.2596906e-01;1.1750000e+02;2.1476024e-01;1.1750000e+02;1.8174177e-01;1.1750000e+02;1.3528472e-01;1.1750000e+02;8.7380156e-02;1.1750000e+02;4.4090807e-02;1.1750000e+02;3.8897600e-03;1.1750000e+02;8.6246431e-03;1.1750000e+02;1.8776512e-02;1.1750000e+02;3.2970961e-02;1.1750000e+02;4.9849793e-02;1.1750000e+02;6.9710031e-02;1.1750000e+02;9.1288298e-02;1.1750000e+02;1.1429241e-01;1.1750000e+02;1.3716497e-01;1.1750000e+02;1.5862048e-01;1.1750000e+02;1.8548760e-01;1.1750000e+02;2.1158963e-01;1.1750000e+02;2.2596906e-01;1.1750000e+02;2.1476024e-01;1.1750000e+02;1.8174177e-01;1.1750000e+02;1.3528472e-01;1.1750000e+02;8.7380156e-02;1.1750000e+02;4.4090807e-02;1.1750000e+02;3.8897600e-03;1.1750000e+02;8.6246431e-03;1.1750000e+02;1.8776512e-02;1.1750000e+02;3.2970961e-02;1.1750000e+02;4.9849793e-02;1.1750000e+02;6.9710031e-02;1.1750000e+02;9.1288298e-02;1.1750000e+02;1.1429241e-01;1.1750000e+02;1.3716497e-01;1.1750000e+02;1.5862048e-01;1.1750000e+02;1.8548760e-01;1.1750000e+02;2.1158963e-01;1.1750000e+02;2.2596906e-01;1.1750000e+02;2.1476024e-01;1.1750000e+02;1.8174177e-01;1.1750000e+02;1.3528472e-01;1.1750000e+02;8.7380156e-02;1.1750000e+02;4.4090807e-02;1.1750000e+02;3.8897600e-03;1.1750000e+02;8.6246431e-03;1.1750000e+02;1.8776512e-02;1.1750000e+02;3.2970961e-02;1.1750000e+02;4.9849793e-02;1.1750000e+02;6.9710031e-02;1.1750000e+02;9.1288298e-02;1.1750000e+02;1.1429241e-01;1.1750000e+02;1.3716497e-01;1.1750000e+02;1.5862048e-01;1.1750000e+02;1.8548760e-01;1.1750000e+02;2.1158963e-01;1.1750000e+02;2.2596906e-01;1.1750000e+02;2.1476024e-01;1.1750000e+02;1.8174177e-01;1.1750000e+02;1.3528472e-01;1.1750000e+02;8.7380156e-02;1.1750000e+02;4.4090807e-02;1.1750000e+02;3.8897600e-03;1.1750000e+02;8.6246431e-03;1.1750000e+02;1.8776512e-02;1.1750000e+02;3.2970961e-02;1.1750000e+02;4.9849793e-02;1.1750000e+02;6.9710031e-02;1.1750000e+02;9.1288298e-02;1.1750000e+02;1.1429241e-01;1.1750000e+02;1.3716497e-01;1.1750000e+02;1.5862048e-01;1.1750000e+02;1.8548760e-01;1.1750000e+02;2.1158963e-01;1.1750000e+02;2.2596906e-01;1.1750000e+02;2.1476024e-01;1.1750000e+02;1.8174177e-01;1.1750000e+02;1.3528472e-01;1.1750000e+02;8.7380156e-02;1.1750000e+02;4.4090807e-02;1.1750000e+02;3.8897600e-03;1.1750000e+02;8.6246431e-03;1.1750000e+02;1.8776512e-02;1.1750000e+02;3.2970961e-02;1.1750000e+02;4.9849793e-02;1.1750000e+02;6.9710031e-02;1.1750000e+02;9.1288298e-02;1.1750000e+02;1.1429241e-01;1.1750000e+02;1.3716497e-01;1.1750000e+02;1.5862048e-01;1.1750000e+02;1.8548760e-01;1.1750000e+02;2.1158963e-01;1.1750000e+02;2.2596906e-01;1.1750000e+02;2.1476024e-01;1.1750000e+02;1.8174177e-01;1.1750000e+02;1.3528472e-01;1.1750000e+02;8.7380156e-02;1.1750000e+02;4.4090807e-02;1.1750000e+02;3.8897600e-03;1.1750000e+02;8.6246431e-03;1.1750000e+02;1.8776512e-02;1.1750000e+02;3.2970961e-02;1.1750000e+02;4.9849793e-02;1.1750000e+02;6.9710031e-02;1.1750000e+02;9.1288298e-02;1.1750000e+02;1.1429241e-01;1.1750000e+02;1.3716497e-01;1.1750000e+02;1.5862048e-01;1.1750000e+02;1.8548760e-01;1.1750000e+02;2.1158963e-01;1.1750000e+02;2.2596906e-01;1.1750000e+02;2.1476024e-01;1.1750000e+02;1.8174177e-01;1.1750000e+02;1.3528472e-01;1.1750000e+02;8.7380156e-02;1.1750000e+02;4.4090807e-02;1.1750000e+02;3.8897600e-03;1.1750000e+02;8.6246431e-03;1.1750000e+02;1.8776512e-02;1.1750000e+02;3.2970961e-02;1.1750000e+02;4.9849793e-02;1.1750000e+02;6.9710031e-02;1.1750000e+02;9.1288298e-02;1.1750000e+02;1.1429241e-01;1.1750000e+02;1.3716497e-01;1.1750000e+02;1.5862048e-01;1.1750000e+02;1.8548760e-01;1.1750000e+02;2.1158963e-01;1.1750000e+02;2.2596906e-01;1.1750000e+02;2.1476024e-01;1.1750000e+02;1.8174177e-01;1.1750000e+02;1.3528472e-01;1.1750000e+02;8.7380156e-02;1.1750000e+02;4.4090807e-02;1.1750000e+02;3.8897600e-03;1.1750000e+02;8.6246431e-03;1.1750000e+02;1.8776512e-02;1.1750000e+02;3.2970961e-02;1.1750000e+02;4.9849793e-02;1.1750000e+02;6.9710031e-02;1.1750000e+02;9.1288298e-02;1.1750000e+02;1.1429241e-01;1.1750000e+02;1.3716497e-01;1.1750000e+02;1.5862048e-01;1.1750000e+02;1.8548760e-01;1.1750000e+02;2.1158963e-01;1.1750000e+02;2.2596906e-01;1.1750000e+02;2.1476024e-01;1.1750000e+02;1.8174177e-01;1.1750000e+02;1.3528472e-01;1.1750000e+02;8.7380156e-02;1.1750000e+02;4.4090807e-02;1.1750000e+02;3.8897600e-03;1.1750000e+02;8.6246431e-03;1.1750000e+02;1.8776512e-02;1.1750000e+02;3.2970961e-02;1.1750000e+02;4.9849793e-02;1.1750000e+02;6.9710031e-02;1.1750000e+02;9.1288298e-02;1.1750000e+02;1.1429241e-01;1.1750000e+02;1.3716497e-01;1.1750000e+02;1.5862048e-01;1.1750000e+02;1.8548760e-01;1.1750000e+02;2.1158963e-01;1.1750000e+02;2.2596906e-01;1.1750000e+02;2.1476024e-01;1.1750000e+02;1.8174177e-01;1.1750000e+02;1.3528472e-01;1.1750000e+02;8.7380156e-02;1.1750000e+02;4.4090807e-02;1.1750000e+02;3.8897600e-03;1.1750000e+02;8.6246431e-03;1.1750000e+02;1.8776512e-02;1.1750000e+02;3.2970961e-02;1.1750000e+02;4.9849793e-02;1.1750000e+02;6.9710031e-02;1.1750000e+02;9.1288298e-02;1.1750000e+02;1.1429241e-01;1.1750000e+02;1.3716497e-01;1.1750000e+02;1.5862048e-01;1.1750000e+02;1.8548760e-01;1.1750000e+02;2.1158963e-01;1.1750000e+02;2.2596906e-01;1.1750000e+02;2.1476024e-01;1.1750000e+02;1.8174177e-01;1.1750000e+02;1.3528472e-01;1.1750000e+02;8.7380156e-02;1.1750000e+02;4.4090807e-02;1.1750000e+02;3.8897600e-03;1.1750000e+02;8.6246431e-03;1.1750000e+02;1.8776512e-02;1.1750000e+02;3.2970961e-02;1.1750000e+02;4.9849793e-02;1.1750000e+02;6.9710031e-02;1.1750000e+02;9.1288298e-02;1.1750000e+02;1.1429241e-01;1.1750000e+02;1.3716497e-01;1.1750000e+02;1.5862048e-01;1.1750000e+02;1.8548760e-01;1.1750000e+02;2.1158963e-01;1.1750000e+02;2.2596906e-01;1.1750000e+02;2.1476024e-01;1.1750000e+02;1.8174177e-01;1.1750000e+02;1.3528472e-01;1.1750000e+02;8.7380156e-02;1.1750000e+02;4.4090807e-02;1.1750000e+02;3.8897600e-03;1.1750000e+02;8.6246431e-03;1.1750000e+02;1.8776512e-02;1.1750000e+02;3.2970961e-02;1.1750000e+02;4.9849793e-02;1.1750000e+02;6.9710031e-02;1.1750000e+02;9.1288298e-02;1.1750000e+02;1.1429241e-01;1.1750000e+02;1.3716497e-01;1.1750000e+02;1.5862048e-01;1.1750000e+02;1.8548760e-01;1.1750000e+02;2.1158963e-01;1.1750000e+02;2.2596906e-01;1.1750000e+02;2.1476024e-01;1.1750000e+02;1.8174177e-01;1.1750000e+02;1.3528472e-01;1.1750000e+02;8.7380156e-02;1.1750000e+02;4.4090807e-02;1.1750000e+02;3.8897600e-03;1.1750000e+02;8.6246431e-03;1.1750000e+02;1.8776512e-02;1.1750000e+02;3.2970961e-02;1.1750000e+02;4.9849793e-02;1.1750000e+02;6.9710031e-02;1.1750000e+02;9.1288298e-02;1.1750000e+02;1.1429241e-01;1.1750000e+02;1.3716497e-01;1.1750000e+02;1.5862048e-01;1.1750000e+02;1.8548760e-01;1.1750000e+02;2.1158963e-01;1.1750000e+02;2.2596906e-01;1.1750000e+02;2.1476024e-01;1.1750000e+02;1.8174177e-01;1.1750000e+02;1.3528472e-01;1.1750000e+02;8.7380156e-02;1.1750000e+02;4.4090807e-02;1.1750000e+02;3.8897600e-03;1.1750000e+02;8.6246431e-03;1.1750000e+02;1.8776512e-02;1.1750000e+02;3.2970961e-02;1.1750000e+02;4.9849793e-02;1.1750000e+02;6.9710031e-02;1.1750000e+02;9.1288298e-02;1.1750000e+02;1.1429241e-01;1.1750000e+02;1.3716497e-01;1.1750000e+02;1.5862048e-01;1.1750000e+02;1.8548760e-01;1.1750000e+02;2.1158963e-01;1.1750000e+02;2.2596906e-01;1.1750000e+02;2.1476024e-01;1.1750000e+02;1.8174177e-01;1.1750000e+02;1.3528472e-01;1.1750000e+02;8.7380156e-02;1.1750000e+02;4.4090807e-02;1.1750000e+02;3.8897600e-03;1.1750000e+02;8.6246431e-03;1.1750000e+02;1.8776512e-02;1.1750000e+02;3.2970961e-02;1.1750000e+02;4.9849793e-02;1.1750000e+02;6.9710031e-02;1.1750000e+02;9.1288298e-02;1.1750000e+02;1.1429241e-01;1.1750000e+02;1.3716497e-01;1.1750000e+02;1.5862048e-01;1.1750000e+02;1.8548760e-01;1.1750000e+02;2.1158963e-01;1.1750000e+02;2.2596906e-01;1.1750000e+02;2.1476024e-01;1.1750000e+02;1.8174177e-01;1.1750000e+02;1.3528472e-01;1.1750000e+02;8.7380156e-02;1.1750000e+02;4.4090807e-02;1.1750000e+02;3.8897600e-03;1.1750000e+02;8.6246431e-03;1.1750000e+02;1.8776512e-02;1.1750000e+02;3.2970961e-02;1.1750000e+02;4.9849793e-02;1.1750000e+02;6.9710031e-02;1.1750000e+02;9.1288298e-02;1.1750000e+02;1.1429241e-01;1.1750000e+02;1.3716497e-01;1.1750000e+02;1.5862048e-01;1.1750000e+02;1.8548760e-01;1.1750000e+02;2.1158963e-01;1.1750000e+02;2.2596906e-01;1.1750000e+02;2.1476024e-01;1.1750000e+02;1.8174177e-01;1.1750000e+02;1.3528472e-01;1.1750000e+02;8.7380156e-02;1.1750000e+02;4.4090807e-02;1.1750000e+02;3.8897600e-03;1.1750000e+02;8.6246431e-03;1.1750000e+02;1.8776512e-02;1.1750000e+02;3.2970961e-02;1.1750000e+02;4.9849793e-02;1.1750000e+02;6.9710031e-02;1.1750000e+02;9.1288298e-02;1.1750000e+02;1.1429241e-01;1.1750000e+02;1.3716497e-01;1.1750000e+02;1.5862048e-01;1.1750000e+02;1.8548760e-01;1.1750000e+02;2.1158963e-01;1.1750000e+02;2.2596906e-01;1.1750000e+02;2.1476024e-01;1.1750000e+02;1.8174177e-01;1.1750000e+02;1.3528472e-01;1.1750000e+02;8.7380156e-02;1.1750000e+02;4.4090807e-02;1.1750000e+02;3.8897600e-03;1.1750000e+02;8.6246431e-03;1.1750000e+02;1.8776512e-02;1.1750000e+02;3.2970961e-02;1.1750000e+02;4.9849793e-02;1.1750000e+02;6.9710031e-02;1.1750000e+02;9.1288298e-02;1.1750000e+02;1.1429241e-01;1.1750000e+02;1.3716497e-01;1.1750000e+02;1.5862048e-01;1.1750000e+02;1.8548760e-01;1.1750000e+02;2.1158963e-01;1.1750000e+02;2.2596906e-01;1.1750000e+02;2.1476024e-01;1.1750000e+02;1.8174177e-01;1.1750000e+02;1.3528472e-01;1.1750000e+02;8.7380156e-02;1.1750000e+02;4.4090807e-02;1.1750000e+02;3.8897600e-03;1.1750000e+02;8.6246431e-03;1.1750000e+02;1.8776512e-02;1.1750000e+02;3.2970961e-02;1.1750000e+02;4.9849793e-02;1.1750000e+02;6.9710031e-02;1.1750000e+02;9.1288298e-02;1.1750000e+02;1.1429241e-01;1.1750000e+02;1.3716497e-01;1.1750000e+02;1.5862048e-01;1.1750000e+02;1.8548760e-01;1.1750000e+02;2.1158963e-01;1.1750000e+02;2.2596906e-01;1.1750000e+02;2.1476024e-01;1.1750000e+02;1.8174177e-01;1.1750000e+02;1.3528472e-01;1.1750000e+02;8.7380156e-02;1.1750000e+02;4.4090807e-02;1.1750000e+02;3.8897600e-03;1.1750000e+02;8.6246431e-03;1.1750000e+02;1.8776512e-02;1.1750000e+02;3.2970961e-02;1.1750000e+02;4.9849793e-02;1.1750000e+02;6.9710031e-02;1.1750000e+02;9.1288298e-02;1.1750000e+02;1.1429241e-01;1.1750000e+02;1.3716497e-01;1.1750000e+02;1.5862048e-01;1.1750000e+02;1.8548760e-01;1.1750000e+02;2.1158963e-01;1.1750000e+02;2.2596906e-01;1.1750000e+02;2.1476024e-01;1.1750000e+02;1.8174177e-01;1.1750000e+02;1.3528472e-01;1.1750000e+02;8.7380156e-02;1.1750000e+02;4.4090807e-02;1.1750000e+02;3.8897600e-03;1.1750000e+02;8.6246431e-03;1.1750000e+02;1.8776512e-02;1.1750000e+02;3.2970961e-02;1.1750000e+02;4.9849793e-02;1.1750000e+02;6.9710031e-02;1.1750000e+02;9.1288298e-02;1.1750000e+02;1.1429241e-01;1.1750000e+02;1.3716497e-01;1.1750000e+02;1.5862048e-01;1.1750000e+02;1.8548760e-01;1.1750000e+02;2.1158963e-01;1.1750000e+02;2.2596906e-01;1.1750000e+02;2.1476024e-01;1.1750000e+02;1.8174177e-01;1.1750000e+02;1.3528472e-01;1.1750000e+02;8.7380156e-02;1.1750000e+02;4.4090807e-02;1.1750000e+02;3.8897600e-03;1.1750000e+02;8.6246431e-03;1.1750000e+02;1.8776512e-02;1.1750000e+02;3.2970961e-02;1.1750000e+02;4.9849793e-02;1.1750000e+02;6.9710031e-02;1.1750000e+02;9.1288298e-02;1.1750000e+02;1.1429241e-01;1.1750000e+02;1.3716497e-01;1.1750000e+02;1.5862048e-01;1.1750000e+02;1.8548760e-01;1.1750000e+02;2.1158963e-01;1.1750000e+02;2.2596906e-01;1.1750000e+02;2.1476024e-01;1.1750000e+02;1.8174177e-01;1.1750000e+02;1.3528472e-01;1.1750000e+02;8.7380156e-02;1.1750000e+02;4.4090807e-02;1.1750000e+02;3.8897600e-03;1.1750000e+02;8.6246431e-03;1.1750000e+02;1.8776512e-02;1.1750000e+02;3.2970961e-02;1.1750000e+02;4.9849793e-02;1.1750000e+02;6.9710031e-02;1.1750000e+02;9.1288298e-02;1.1750000e+02;1.1429241e-01;1.1750000e+02;1.3716497e-01;1.1750000e+02;1.5862048e-01;1.1750000e+02;1.8548760e-01;1.1750000e+02;2.1158963e-01;1.1750000e+02;2.2596906e-01;1.1750000e+02;2.1476024e-01;1.1750000e+02;1.8174177e-01;1.1750000e+02;1.3528472e-01;1.1750000e+02;8.7380156e-02;1.1750000e+02;4.4090807e-02;1.1750000e+02;3.8897600e-03;1.1750000e+02;8.6246431e-03;1.1750000e+02;1.8776512e-02;1.1750000e+02;3.2970961e-02;1.1750000e+02;4.9849793e-02;1.1750000e+02;6.9710031e-02;1.1750000e+02;9.1288298e-02;1.1750000e+02;1.1429241e-01;1.1750000e+02;1.3716497e-01;1.1750000e+02;1.5862048e-01;1.1750000e+02;1.8548760e-01;1.1750000e+02;2.1158963e-01;1.1750000e+02;2.2596906e-01;1.1750000e+02;2.1476024e-01;1.1750000e+02;1.8174177e-01;1.1750000e+02;1.3528472e-01;1.1750000e+02;8.7380156e-02;1.1750000e+02;4.4090807e-02;1.1750000e+02;3.8897600e-03;1.1750000e+02;8.6246431e-03;1.1750000e+02;1.8776512e-02;1.1750000e+02;3.2970961e-02;1.1750000e+02;4.9849793e-02;1.1750000e+02;6.9710031e-02;1.1750000e+02;9.1288298e-02;1.1750000e+02;1.1429241e-01;1.1750000e+02;1.3716497e-01;1.1750000e+02;1.5862048e-01;1.1750000e+02;1.8548760e-01;1.1750000e+02;2.1158963e-01;1.1750000e+02;2.2596906e-01;1.1750000e+02;2.1476024e-01;1.1750000e+02;1.8174177e-01;1.1750000e+02;1.3528472e-01;1.1750000e+02;8.7380156e-02;1.1750000e+02;4.4090807e-02;1.1750000e+02;3.8897600e-03;1.1750000e+02;8.6246431e-03;1.1750000e+02;1.8776512e-02;1.1750000e+02;3.2970961e-02;1.1750000e+02;4.9849793e-02;1.1750000e+02;6.9710031e-02;1.1750000e+02;9.1288298e-02;1.1750000e+02;1.1429241e-01;1.1750000e+02;1.3716497e-01;1.1750000e+02;1.5862048e-01;1.1750000e+02;1.8548760e-01;1.1750000e+02;2.1158963e-01;1.1750000e+02;2.2596906e-01;1.1750000e+02;2.1476024e-01;1.1750000e+02;1.8174177e-01;1.1750000e+02;1.3528472e-01;1.1750000e+02;8.7380156e-02;1.1750000e+02;4.4090807e-02;1.1750000e+02;3.8897600e-03;1.1750000e+02;8.6246431e-03;1.1750000e+02;1.8776512e-02;1.1750000e+02;3.2970961e-02;1.1750000e+02;4.9849793e-02;1.1750000e+02;6.9710031e-02;1.1750000e+02;9.1288298e-02;1.1750000e+02;1.1429241e-01;1.1750000e+02;1.3716497e-01;1.1750000e+02;1.5862048e-01;1.1750000e+02;1.8548760e-01;1.1750000e+02;2.1158963e-01;1.1750000e+02;2.2596906e-01;1.1750000e+02;2.1476024e-01;1.1750000e+02;1.8174177e-01;1.1750000e+02;1.3528472e-01;1.1750000e+02;8.7380156e-02;1.1750000e+02;4.4090807e-02;1.1750000e+02;3.8897600e-03;1.1750000e+02;8.6246431e-03;1.1750000e+02;1.8776512e-02;1.1750000e+02;3.2970961e-02;1.1750000e+02;4.9849793e-02;1.1750000e+02;6.9710031e-02;1.1750000e+02;9.1288298e-02;1.1750000e+02;1.1429241e-01;1.1750000e+02;1.3716497e-01;1.1750000e+02;1.5862048e-01;1.1750000e+02;1.8548760e-01;1.1750000e+02;2.1158963e-01;1.1750000e+02;2.2596906e-01;1.1750000e+02;2.1476024e-01;1.1750000e+02;1.8174177e-01;1.1750000e+02;1.3528472e-01;1.1750000e+02;8.7380156e-02;1.1750000e+02;4.4090807e-02;1.1750000e+02;3.8897600e-03;1.1750000e+02;8.6246431e-03;1.1750000e+02;1.8776512e-02;1.1750000e+02;3.2970961e-02;1.1750000e+02;4.9849793e-02;1.1750000e+02;6.9710031e-02;1.1750000e+02;9.1288298e-02;1.1750000e+02;1.1429241e-01;1.1750000e+02;1.3716497e-01;1.1750000e+02;1.5862048e-01;1.1750000e+02;1.8548760e-01;1.1750000e+02;2.1158963e-01;1.1750000e+02;2.2596906e-01;1.1750000e+02;2.1476024e-01;1.1750000e+02;1.8174177e-01;1.1750000e+02;1.3528472e-01;1.1750000e+02;8.7380156e-02;1.1750000e+02;4.4090807e-02;1.1750000e+02;3.8897600e-03;1.1750000e+02;8.6246431e-03;1.1750000e+02;1.8776512e-02;1.1750000e+02;3.2970961e-02;1.1750000e+02;4.9849793e-02;1.1750000e+02;6.9710031e-02;1.1750000e+02;9.1288298e-02;1.1750000e+02;1.1429241e-01;1.1750000e+02;1.3716497e-01;1.1750000e+02;1.5862048e-01;1.1750000e+02;1.8548760e-01;1.1750000e+02;2.1158963e-01;1.1750000e+02;2.2596906e-01;1.1750000e+02;2.1476024e-01;1.1750000e+02;1.8174177e-01;1.1750000e+02;1.3528472e-01;1.1750000e+02;8.7380156e-02;1.1750000e+02;4.4090807e-02;1.1750000e+02;3.8897600e-03;1.1750000e+02;8.6246431e-03;1.1750000e+02;1.8776512e-02;1.1750000e+02;3.2970961e-02;1.1750000e+02;4.9849793e-02;1.1750000e+02;6.9710031e-02;1.1750000e+02;9.1288298e-02;1.1750000e+02;1.1429241e-01;1.1750000e+02;1.3716497e-01;1.1750000e+02;1.5862048e-01;1.1750000e+02;1.8548760e-01;1.1750000e+02;2.1158963e-01;1.1750000e+02;2.2596906e-01;1.1750000e+02;2.1476024e-01;1.1750000e+02;1.8174177e-01;1.1750000e+02;1.3528472e-01;1.1750000e+02;8.7380156e-02;1.1750000e+02;4.4090807e-02;1.1750000e+02;3.8897600e-03;1.1750000e+02;8.6246431e-03;1.1750000e+02;1.8776512e-02;1.1750000e+02;3.2970961e-02;1.1750000e+02;4.9849793e-02;1.1750000e+02;6.9710031e-02;1.1750000e+02;9.1288298e-02;1.1750000e+02;1.1429241e-01;1.1750000e+02;1.3716497e-01;1.1750000e+02;1.5862048e-01;1.1750000e+02;1.8548760e-01;1.1750000e+02;2.1158963e-01;1.1750000e+02;2.2596906e-01;1.1750000e+02;2.1476024e-01;1.1750000e+02;1.8174177e-01;1.1750000e+02;1.3528472e-01;1.1750000e+02;8.7380156e-02;1.1750000e+02;4.4090807e-02;1.1750000e+02;3.8897600e-03;1.1750000e+02;8.6246431e-03;1.1750000e+02;1.8776512e-02;1.1750000e+02;3.2970961e-02;1.1750000e+02;4.9849793e-02;1.1750000e+02;6.9710031e-02;1.1750000e+02;9.1288298e-02;1.1750000e+02;1.1429241e-01;1.1750000e+02;1.3716497e-01;1.1750000e+02;1.5862048e-01;1.1750000e+02;1.8548760e-01;1.1750000e+02;2.1158963e-01;1.1750000e+02;2.2596906e-01;1.1750000e+02;2.1476024e-01;1.1750000e+02;1.8174177e-01;1.1750000e+02;1.3528472e-01;1.1750000e+02;8.7380156e-02;1.1750000e+02;4.4090807e-02;1.1750000e+02;3.8897600e-03;1.1750000e+02;8.6246431e-03;1.1750000e+02;1.8776512e-02;1.1750000e+02;3.2970961e-02;1.1750000e+02;4.9849793e-02;1.1750000e+02;6.9710031e-02;1.1750000e+02;9.1288298e-02;1.1750000e+02;1.1429241e-01;1.1750000e+02;1.3716497e-01;1.1750000e+02;1.5862048e-01;1.1750000e+02;1.8548760e-01;1.1750000e+02;2.1158963e-01;1.1750000e+02;2.2596906e-01;1.1750000e+02;2.1476024e-01;1.1750000e+02;1.8174177e-01;1.1750000e+02;1.3528472e-01;1.1750000e+02;8.7380156e-02;1.1750000e+02;4.4090807e-02;1.1750000e+02;3.8897600e-03;1.1750000e+02;8.6246431e-03;1.1750000e+02;1.8776512e-02;1.1750000e+02;3.2970961e-02;1.1750000e+02;4.9849793e-02;1.1750000e+02;6.9710031e-02;1.1750000e+02;9.1288298e-02;1.1750000e+02;1.1429241e-01;1.1750000e+02;1.3716497e-01;1.1750000e+02;1.5862048e-01;1.1750000e+02;1.8548760e-01;1.1750000e+02;2.1158963e-01;1.1750000e+02;2.2596906e-01;1.1750000e+02;2.1476024e-01;1.1750000e+02;1.8174177e-01;1.1750000e+02;1.3528472e-01;1.1750000e+02;8.7380156e-02;1.1750000e+02;4.4090807e-02;1.1750000e+02;3.8897600e-03;1.1750000e+02;8.6246431e-03;1.1750000e+02;1.8776512e-02;1.1750000e+02;3.2970961e-02;1.1750000e+02;4.9849793e-02;1.1750000e+02;6.9710031e-02;1.1750000e+02;9.1288298e-02;1.1750000e+02;1.1429241e-01;1.1750000e+02;1.3716497e-01;1.1750000e+02;1.5862048e-01;1.1750000e+02;1.8548760e-01;1.1750000e+02;2.1158963e-01;1.1750000e+02;2.2596906e-01;1.1750000e+02;2.1476024e-01;1.1750000e+02;1.8174177e-01;1.1750000e+02;1.3528472e-01;1.1750000e+02;8.7380156e-02;1.1750000e+02;4.4090807e-02;1.1750000e+02;3.8897600e-03;1.1750000e+02;8.6246431e-03;1.1750000e+02;1.8776512e-02;1.1750000e+02;3.2970961e-02;1.1750000e+02;4.9849793e-02;1.1750000e+02;6.9710031e-02;1.1750000e+02;9.1288298e-02;1.1750000e+02;1.1429241e-01;1.1750000e+02;1.3716497e-01;1.1750000e+02;1.5862048e-01;1.1750000e+02;1.8548760e-01;1.1750000e+02;2.1158963e-01;1.1750000e+02;2.2596906e-01;1.1750000e+02;2.1476024e-01;1.1750000e+02;1.8174177e-01;1.1750000e+02;1.3528472e-01;1.1750000e+02;8.7380156e-02;1.1750000e+02;4.4090807e-02;1.1750000e+02;3.8897600e-03;1.1750000e+02;8.6246431e-03;1.1750000e+02;1.8776512e-02;1.1750000e+02;3.2970961e-02;1.1750000e+02;4.9849793e-02;1.1750000e+02;6.9710031e-02;1.1750000e+02;9.1288298e-02;1.1750000e+02;1.1429241e-01;1.1750000e+02;1.3716497e-01;1.1750000e+02;1.5862048e-01;1.1750000e+02;1.8548760e-01;1.1750000e+02;2.1158963e-01;1.1750000e+02;2.2596906e-01;1.1750000e+02;2.1476024e-01;1.1750000e+02;1.8174177e-01;1.1750000e+02;1.3528472e-01;1.1750000e+02;8.7380156e-02;1.1750000e+02;4.4090807e-02;1.1750000e+02;3.8897600e-03;1.1750000e+02;8.6246431e-03;1.1750000e+02;1.8776512e-02;1.1750000e+02;3.2970961e-02;1.1750000e+02;4.9849793e-02;1.1750000e+02;6.9710031e-02;1.1750000e+02;9.1288298e-02;1.1750000e+02;1.1429241e-01;1.1750000e+02;1.3716497e-01;1.1750000e+02;1.5862048e-01;1.1750000e+02;1.8548760e-01;1.1750000e+02;2.1158963e-01;1.1750000e+02;2.2596906e-01;1.1750000e+02;2.1476024e-01;1.1750000e+02;1.8174177e-01;1.1750000e+02;1.3528472e-01;1.1750000e+02;8.7380156e-02;1.1750000e+02;4.4090807e-02;1.1750000e+02;3.8897600e-03;1.1750000e+02;8.6246431e-03;1.1750000e+02;1.8776512e-02;1.1750000e+02;3.2970961e-02;1.1750000e+02;4.9849793e-02;1.1750000e+02;6.9710031e-02;1.1750000e+02;9.1288298e-02;1.1750000e+02;1.1429241e-01;1.1750000e+02;1.3716497e-01;1.1750000e+02;1.5862048e-01;1.1750000e+02;1.8548760e-01;1.1750000e+02;2.1158963e-01;1.1750000e+02;2.2596906e-01;1.1750000e+02;2.1476024e-01;1.1750000e+02;1.8174177e-01;1.1750000e+02;1.3528472e-01;1.1750000e+02;8.7380156e-02;1.1750000e+02;4.4090807e-02;1.1750000e+02;3.8897600e-03;1.1750000e+02;8.6246431e-03;1.1750000e+02;1.8776512e-02;1.1750000e+02;3.2970961e-02;1.1750000e+02;4.9849793e-02;1.1750000e+02;6.9710031e-02;1.1750000e+02;9.1288298e-02;1.1750000e+02;1.1429241e-01;1.1750000e+02;1.3716497e-01;1.1750000e+02;1.5862048e-01;1.1750000e+02;1.8548760e-01;1.1750000e+02;2.1158963e-01;1.1750000e+02;2.2596906e-01;1.1750000e+02;2.1476024e-01;1.1750000e+02;1.8174177e-01;1.1750000e+02;1.3528472e-01;1.1750000e+02;8.7380156e-02;1.1750000e+02;4.4090807e-02;1.1750000e+02;3.8897600e-03;1.1750000e+02;8.6246431e-03;1.1750000e+02;1.8776512e-02;1.1750000e+02;3.2970961e-02;1.1750000e+02;4.9849793e-02;1.1750000e+02;6.9710031e-02;1.1750000e+02;9.1288298e-02;1.1750000e+02;1.1429241e-01;1.1750000e+02;1.3716497e-01;1.1750000e+02;1.5862048e-01;1.1750000e+02;1.8548760e-01;1.1750000e+02;2.1158963e-01;1.1750000e+02;2.2596906e-01;1.1750000e+02;2.1476024e-01;1.1750000e+02;1.8174177e-01;1.1750000e+02;1.3528472e-01;1.1750000e+02;8.7380156e-02;1.1750000e+02;4.4090807e-02;1.1750000e+02;3.8897600e-03;1.1750000e+02;8.6246431e-03;1.1750000e+02;1.8776512e-02;1.1750000e+02;3.2970961e-02;1.1750000e+02;4.9849793e-02;1.1750000e+02;6.9710031e-02;1.1750000e+02;9.1288298e-02;1.1750000e+02;1.1429241e-01;1.1750000e+02;1.3716497e-01;1.1750000e+02;1.5862048e-01;1.1750000e+02;1.8548760e-01;1.1750000e+02;2.1158963e-01;1.1750000e+02;2.2596906e-01;1.1750000e+02;2.1476024e-01;1.1750000e+02;1.8174177e-01;1.1750000e+02;1.3528472e-01;1.1750000e+02;8.7380156e-02;1.1750000e+02;4.4090807e-02;1.1750000e+02;3.8897600e-03;1.1750000e+02;8.6246431e-03;1.1750000e+02;1.8776512e-02;1.1750000e+02;3.2970961e-02;1.1750000e+02;4.9849793e-02;1.1750000e+02;6.9710031e-02;1.1750000e+02;9.1288298e-02;1.1750000e+02;1.1429241e-01;1.1750000e+02;1.3716497e-01;1.1750000e+02;1.5862048e-01;1.1750000e+02;1.8548760e-01;1.1750000e+02;2.1158963e-01;1.1750000e+02;2.2596906e-01;1.1750000e+02;2.1476024e-01;1.1750000e+02;1.8174177e-01;1.1750000e+02;1.3528472e-01;1.1750000e+02;8.7380156e-02;1.1750000e+02;4.4090807e-02;1.1750000e+02;3.8897600e-03;1.1750000e+02;8.6246431e-03;1.1750000e+02;1.8776512e-02;1.1750000e+02;3.2970961e-02;1.1750000e+02;4.9849793e-02;1.1750000e+02;6.9710031e-02;1.1750000e+02;9.1288298e-02;1.1750000e+02;1.1429241e-01;1.1750000e+02;1.3716497e-01;1.1750000e+02;1.5862048e-01;1.1750000e+02;1.8548760e-01;1.1750000e+02;2.1158963e-01;1.1750000e+02;2.2596906e-01;1.1750000e+02;2.1476024e-01;1.1750000e+02;1.8174177e-01;1.1750000e+02;1.3528472e-01;1.1750000e+02;8.7380156e-02;1.1750000e+02;4.4090807e-02;1.1750000e+02;3.8897600e-03;1.1750000e+02;8.6246431e-03;1.1750000e+02;1.8776512e-02;1.1750000e+02;3.2970961e-02;1.1750000e+02;4.9849793e-02;1.1750000e+02;6.9710031e-02;1.1750000e+02;9.1288298e-02;1.1750000e+02;1.1429241e-01;1.1750000e+02;1.3716497e-01;1.1750000e+02;1.5862048e-01;1.1750000e+02;1.8548760e-01;1.1750000e+02;2.1158963e-01;1.1750000e+02;2.2596906e-01;1.1750000e+02;2.1476024e-01;1.1750000e+02;1.8174177e-01;1.1750000e+02;1.3528472e-01;1.1750000e+02;8.7380156e-02;1.1750000e+02;4.4090807e-02;1.1750000e+02;3.8897600e-03;1.1750000e+02;8.6246431e-03;1.1750000e+02;1.8776512e-02;1.1750000e+02;3.2970961e-02;1.1750000e+02;4.9849793e-02;1.1750000e+02;6.9710031e-02;1.1750000e+02;9.1288298e-02;1.1750000e+02;1.1429241e-01;1.1750000e+02;1.3716497e-01;1.1750000e+02;1.5862048e-01;1.1750000e+02;1.8548760e-01;1.1750000e+02;2.1158963e-01;1.1750000e+02;2.2596906e-01;1.1750000e+02;2.1476024e-01;1.1750000e+02;1.8174177e-01;1.1750000e+02;1.3528472e-01;1.1750000e+02;8.7380156e-02;1.1750000e+02;4.4090807e-02;1.1750000e+02;3.8897600e-03;1.1750000e+02;8.6246431e-03;1.1750000e+02;1.8776512e-02;1.1750000e+02;3.2970961e-02;1.1750000e+02;4.9849793e-02;1.1750000e+02;6.9710031e-02;1.1750000e+02;9.1288298e-02;1.1750000e+02;1.1429241e-01;1.1750000e+02;1.3716497e-01;1.1750000e+02;1.5862048e-01;1.1750000e+02;1.8548760e-01;1.1750000e+02;2.1158963e-01;1.1750000e+02;2.2596906e-01;1.1750000e+02;2.1476024e-01;1.1750000e+02;1.8174177e-01;1.1750000e+02;1.3528472e-01;1.1750000e+02;8.7380156e-02;1.1750000e+02;4.4090807e-02;1.1750000e+02;3.8897600e-03;1.1750000e+02;8.6246431e-03;1.1750000e+02;1.8776512e-02;1.1750000e+02;3.2970961e-02;1.1750000e+02;4.9849793e-02;1.1750000e+02;6.9710031e-02;1.1750000e+02;9.1288298e-02;1.1750000e+02;1.1429241e-01;1.1750000e+02;1.3716497e-01;1.1750000e+02;1.5862048e-01;1.1750000e+02;1.8548760e-01;1.1750000e+02;2.1158963e-01;1.1750000e+02;2.2596906e-01;1.1750000e+02;2.1476024e-01;1.1750000e+02;1.8174177e-01;1.1750000e+02;1.3528472e-01;1.1750000e+02;8.7380156e-02;1.1750000e+02;4.4090807e-02;1.1750000e+02;3.8897600e-03;1.1750000e+02;8.6246431e-03;1.1750000e+02;1.8776512e-02;1.1750000e+02;3.2970961e-02;1.1750000e+02;4.9849793e-02;1.1750000e+02;6.9710031e-02;1.1750000e+02;9.1288298e-02;1.1750000e+02;1.1429241e-01;1.1750000e+02;1.3716497e-01;1.1750000e+02;1.5862048e-01;1.1750000e+02;1.8548760e-01;1.1750000e+02;2.1158963e-01;1.1750000e+02;2.2596906e-01;1.1750000e+02;2.1476024e-01;1.1750000e+02;1.8174177e-01;1.1750000e+02;1.3528472e-01;1.1750000e+02;8.7380156e-02;1.1750000e+02;4.4090807e-02;1.1750000e+02;3.8897600e-03;1.1750000e+02;8.6246431e-03;1.1750000e+02;1.8776512e-02;1.1750000e+02;3.2970961e-02;1.1750000e+02;4.9849793e-02;1.1750000e+02;6.9710031e-02;1.1750000e+02;9.1288298e-02;1.1750000e+02;1.1429241e-01;1.1750000e+02;1.3716497e-01;1.1750000e+02;1.5862048e-01;1.1750000e+02;1.8548760e-01;1.1750000e+02;2.1158963e-01;1.1750000e+02;2.2596906e-01;1.1750000e+02;2.1476024e-01;1.1750000e+02;1.8174177e-01;1.1750000e+02;1.3528472e-01;1.1750000e+02;8.7380156e-02;1.1750000e+02;4.4090807e-02;1.1750000e+02;3.8897600e-03;1.1750000e+02;8.6246431e-03;1.1750000e+02;1.8776512e-02;1.1750000e+02;3.2970961e-02;1.1750000e+02;4.9849793e-02;1.1750000e+02;6.9710031e-02;1.1750000e+02;9.1288298e-02;1.1750000e+02;1.1429241e-01;1.1750000e+02;1.3716497e-01;1.1750000e+02;1.5862048e-01;1.1750000e+02;1.8548760e-01;1.1750000e+02;2.1158963e-01;1.1750000e+02;2.2596906e-01;1.1750000e+02;2.1476024e-01;1.1750000e+02;1.8174177e-01;1.1750000e+02;1.3528472e-01;1.1750000e+02;8.7380156e-02;1.1750000e+02;4.4090807e-02;1.1750000e+02;3.8897600e-03;1.1750000e+02;8.6246431e-03;1.1750000e+02;1.8776512e-02;1.1750000e+02;3.2970961e-02;1.1750000e+02;4.9849793e-02;1.1750000e+02;6.9710031e-02;1.1750000e+02;9.1288298e-02;1.1750000e+02;1.1429241e-01;1.1750000e+02;1.3716497e-01;1.1750000e+02;1.5862048e-01;1.1750000e+02;1.8548760e-01;1.1750000e+02;2.1158963e-01;1.1750000e+02;2.2596906e-01;1.1750000e+02;2.1476024e-01;1.1750000e+02;1.8174177e-01;1.1750000e+02;1.3528472e-01;1.1750000e+02;8.7380156e-02;1.1750000e+02;4.4090807e-02;1.1750000e+02;3.8897600e-03;1.1750000e+02;8.6246431e-03;1.1750000e+02;1.8776512e-02;1.1750000e+02;3.2970961e-02;1.1750000e+02;4.9849793e-02;1.1750000e+02;6.9710031e-02;1.1750000e+02;9.1288298e-02;1.1750000e+02;1.1429241e-01;1.1750000e+02;1.3716497e-01;1.1750000e+02;1.5862048e-01;1.1750000e+02;1.8548760e-01;1.1750000e+02;2.1158963e-01;1.1750000e+02;2.2596906e-01;1.1750000e+02;2.1476024e-01;1.1750000e+02;1.8174177e-01;1.1750000e+02;1.3528472e-01;1.1750000e+02;8.7380156e-02;1.1750000e+02;4.4090807e-02;1.1750000e+02;3.8897600e-03;1.1750000e+02;8.6246431e-03;1.1750000e+02;1.8776512e-02;1.1750000e+02;3.2970961e-02;1.1750000e+02;4.9849793e-02;1.1750000e+02;6.9710031e-02;1.1750000e+02;9.1288298e-02;1.1750000e+02;1.1429241e-01;1.1750000e+02;1.3716497e-01;1.1750000e+02;1.5862048e-01;1.1750000e+02;1.8548760e-01;1.1750000e+02;2.1158963e-01;1.1750000e+02;2.2596906e-01;1.1750000e+02;2.1476024e-01;1.1750000e+02;1.8174177e-01;1.1750000e+02;1.3528472e-01;1.1750000e+02;8.7380156e-02;1.1750000e+02;4.4090807e-02;1.1750000e+02;3.8897600e-03;1.1750000e+02;8.6246431e-03;1.1750000e+02;1.8776512e-02;1.1750000e+02;3.2970961e-02;1.1750000e+02;4.9849793e-02;1.1750000e+02;6.9710031e-02;1.1750000e+02;9.1288298e-02;1.1750000e+02;1.1429241e-01;1.1750000e+02;1.3716497e-01;1.1750000e+02;1.5862048e-01;1.1750000e+02;1.8548760e-01;1.1750000e+02;2.1158963e-01;1.1750000e+02;2.2596906e-01;1.1750000e+02;2.1476024e-01;1.1750000e+02;1.8174177e-01;1.1750000e+02;1.3528472e-01;1.1750000e+02;8.7380156e-02;1.1750000e+02;4.4090807e-02;1.1750000e+02;3.8897600e-03;1.1750000e+02;8.6246431e-03;1.1750000e+02;1.8776512e-02;1.1750000e+02;3.2970961e-02;1.1750000e+02;4.9849793e-02;1.1750000e+02;6.9710031e-02;1.1750000e+02;9.1288298e-02;1.1750000e+02;1.1429241e-01;1.1750000e+02;1.3716497e-01;1.1750000e+02;1.5862048e-01;1.1750000e+02;1.8548760e-01;1.1750000e+02;2.1158963e-01;1.1750000e+02;2.2596906e-01;1.1750000e+02;2.1476024e-01;1.1750000e+02;1.8174177e-01;1.1750000e+02;1.3528472e-01;1.1750000e+02;8.7380156e-02;1.1750000e+02;4.4090807e-02;1.1750000e+02;3.8897600e-03;1.1750000e+02;8.6246431e-03;1.1750000e+02;1.8776512e-02;1.1750000e+02;3.2970961e-02;1.1750000e+02;4.9849793e-02;1.1750000e+02;6.9710031e-02;1.1750000e+02;9.1288298e-02;1.1750000e+02;1.1429241e-01;1.1750000e+02;1.3716497e-01;1.1750000e+02;1.5862048e-01;1.1750000e+02;1.8548760e-01;1.1750000e+02;2.1158963e-01;1.1750000e+02;2.2596906e-01;1.1750000e+02;2.1476024e-01;1.1750000e+02;1.8174177e-01;1.1750000e+02;1.3528472e-01;1.1750000e+02;8.7380156e-02;1.1750000e+02;4.4090807e-02;1.1750000e+02;3.8897600e-03;1.1750000e+02;8.6246431e-03;1.1750000e+02;1.8776512e-02;1.1750000e+02;3.2970961e-02;1.1750000e+02;4.9849793e-02;1.1750000e+02;6.9710031e-02;1.1750000e+02;9.1288298e-02;1.1750000e+02;1.1429241e-01;1.1750000e+02;1.3716497e-01;1.1750000e+02;1.5862048e-01;1.1750000e+02;1.8548760e-01;1.1750000e+02;2.1158963e-01;1.1750000e+02;2.2596906e-01;1.1750000e+02;2.1476024e-01;1.1750000e+02;1.8174177e-01;1.1750000e+02;1.3528472e-01;1.1750000e+02;8.7380156e-02;1.1750000e+02;4.4090807e-02;1.1750000e+02;3.8897600e-03;1.1750000e+02;8.6246431e-03;1.1750000e+02;1.8776512e-02;1.1750000e+02;3.2970961e-02;1.1750000e+02;4.9849793e-02;1.1750000e+02;6.9710031e-02;1.1750000e+02;9.1288298e-02;1.1750000e+02;1.1429241e-01;1.1750000e+02;1.3716497e-01;1.1750000e+02;1.5862048e-01;1.1750000e+02;1.8548760e-01;1.1750000e+02;2.1158963e-01;1.1750000e+02;2.2596906e-01;1.1750000e+02;2.1476024e-01;1.1750000e+02;1.8174177e-01;1.1750000e+02;1.3528472e-01;1.1750000e+02;8.7380156e-02;1.1750000e+02;4.4090807e-02;1.1750000e+02;3.8897600e-03;1.1750000e+02;8.6246431e-03;1.1750000e+02;1.8776512e-02;1.1750000e+02;3.2970961e-02;1.1750000e+02;4.9849793e-02;1.1750000e+02;6.9710031e-02;1.1750000e+02;9.1288298e-02;1.1750000e+02;1.1429241e-01;1.1750000e+02;1.3716497e-01;1.1750000e+02;1.5862048e-01;1.1750000e+02;1.8548760e-01;1.1750000e+02;2.1158963e-01;1.1750000e+02;2.2596906e-01;1.1750000e+02;2.1476024e-01;1.1750000e+02;1.8174177e-01;1.1750000e+02;1.3528472e-01;1.1750000e+02;8.7380156e-02;1.1750000e+02;4.4090807e-02;1.1750000e+02;3.8897600e-03;1.1750000e+02;8.6246431e-03;1.1750000e+02;1.8776512e-02;1.1750000e+02;3.2970961e-02;1.1750000e+02;4.9849793e-02;1.1750000e+02;6.9710031e-02;1.1750000e+02;9.1288298e-02;1.1750000e+02;1.1429241e-01;1.1750000e+02;1.3716497e-01;1.1750000e+02;1.5862048e-01;1.1750000e+02;1.8548760e-01;1.1750000e+02;2.1158963e-01;1.1750000e+02;2.2596906e-01;1.1750000e+02;2.1476024e-01;1.1750000e+02;1.8174177e-01;1.1750000e+02;1.3528472e-01;1.1750000e+02;8.7380156e-02;1.1750000e+02;4.4090807e-02;1.1750000e+02;3.8897600e-03;1.1750000e+02;8.6246431e-03;1.1750000e+02;1.8776512e-02;1.1750000e+02;3.2970961e-02;1.1750000e+02;4.9849793e-02;1.1750000e+02;6.9710031e-02;1.1750000e+02;9.1288298e-02;1.1750000e+02;1.1429241e-01;1.1750000e+02;1.3716497e-01;1.1750000e+02;1.5862048e-01;1.1750000e+02;1.8548760e-01;1.1750000e+02;2.1158963e-01;1.1750000e+02;2.2596906e-01;1.1750000e+02;2.1476024e-01;1.1750000e+02;1.8174177e-01;1.1750000e+02;1.3528472e-01;1.1750000e+02;8.7380156e-02;1.1750000e+02;4.4090807e-02;1.1750000e+02;3.8897600e-03;1.1750000e+02;8.6246431e-03;1.1750000e+02;1.8776512e-02;1.1750000e+02;3.2970961e-02;1.1750000e+02;4.9849793e-02;1.1750000e+02;6.9710031e-02;1.1750000e+02;9.1288298e-02;1.1750000e+02;1.1429241e-01;1.1750000e+02;1.3716497e-01;1.1750000e+02;1.5862048e-01;1.1750000e+02;1.8548760e-01;1.1750000e+02;2.1158963e-01;1.1750000e+02;2.2596906e-01;1.1750000e+02;2.1476024e-01;1.1750000e+02;1.8174177e-01;1.1750000e+02;1.3528472e-01;1.1750000e+02;8.7380156e-02;1.1750000e+02;4.4090807e-02;1.1750000e+02;3.8897600e-03;1.1750000e+02;8.6246431e-03;1.1750000e+02;1.8776512e-02;1.1750000e+02;3.2970961e-02;1.1750000e+02;4.9849793e-02;1.1750000e+02;6.9710031e-02;1.1750000e+02;9.1288298e-02;1.1750000e+02;1.1429241e-01;1.1750000e+02;1.3716497e-01;1.1750000e+02;1.5862048e-01;1.1750000e+02;1.8548760e-01;1.1750000e+02;2.1158963e-01;1.1750000e+02;2.2596906e-01;1.1750000e+02;2.1476024e-01;1.1750000e+02;1.8174177e-01;1.1750000e+02;1.3528472e-01;1.1750000e+02;8.7380156e-02;1.1750000e+02;4.4090807e-02;1.1750000e+02;3.8897600e-03;1.1750000e+02;8.6246431e-03;1.1750000e+02;1.8776512e-02;1.1750000e+02;3.2970961e-02;1.1750000e+02;4.9849793e-02;1.1750000e+02;6.9710031e-02;1.1750000e+02;9.1288298e-02;1.1750000e+02;1.1429241e-01;1.1750000e+02;1.3716497e-01;1.1750000e+02;1.5862048e-01;1.1750000e+02;1.8548760e-01;1.1750000e+02;2.1158963e-01;1.1750000e+02;2.2596906e-01;1.1750000e+02;2.1476024e-01;1.1750000e+02;1.8174177e-01;1.1750000e+02;1.3528472e-01;1.1750000e+02;8.7380156e-02;1.1750000e+02;4.4090807e-02;1.1750000e+02;3.8897600e-03;1.1750000e+02;8.6246431e-03;1.1750000e+02;1.8776512e-02;1.1750000e+02;3.2970961e-02;1.1750000e+02;4.9849793e-02;1.1750000e+02;6.9710031e-02;1.1750000e+02;9.1288298e-02;1.1750000e+02;1.1429241e-01;1.1750000e+02;1.3716497e-01;1.1750000e+02;1.5862048e-01;1.1750000e+02;1.8548760e-01;1.1750000e+02;2.1158963e-01;1.1750000e+02;2.2596906e-01;1.1750000e+02;2.1476024e-01;1.1750000e+02;1.8174177e-01;1.1750000e+02;1.3528472e-01;1.1750000e+02;8.7380156e-02;1.1750000e+02;4.4090807e-02;1.1750000e+02;3.8897600e-03;1.1750000e+02;8.6246431e-03;1.1750000e+02;1.8776512e-02;1.1750000e+02;3.2970961e-02;1.1750000e+02;4.9849793e-02;1.1750000e+02;6.9710031e-02;1.1750000e+02;9.1288298e-02;1.1750000e+02;1.1429241e-01;1.1750000e+02;1.3716497e-01;1.1750000e+02;1.5862048e-01;1.1750000e+02;1.8548760e-01;1.1750000e+02;2.1158963e-01;1.1750000e+02;2.2596906e-01;1.1750000e+02;2.1476024e-01;1.1750000e+02;1.8174177e-01;1.1750000e+02;1.3528472e-01;1.1750000e+02;8.7380156e-02;1.1750000e+02;4.4090807e-02;1.1750000e+02;3.8897600e-03;1.1750000e+02;8.6246431e-03;1.1750000e+02;1.8776512e-02;1.1750000e+02;3.2970961e-02;1.1750000e+02;4.9849793e-02;1.1750000e+02;6.9710031e-02;1.1750000e+02;9.1288298e-02;1.1750000e+02;1.1429241e-01;1.1750000e+02;1.3716497e-01;1.1750000e+02;1.5862048e-01;1.1750000e+02;1.8548760e-01;1.1750000e+02;2.1158963e-01;1.1750000e+02;2.2596906e-01;1.1750000e+02;2.1476024e-01;1.1750000e+02;1.8174177e-01;1.1750000e+02;1.3528472e-01;1.1750000e+02;8.7380156e-02;1.1750000e+02;4.4090807e-02;1.1750000e+02;3.8897600e-03;1.1750000e+02;8.6246431e-03;1.1750000e+02;1.8776512e-02;1.1750000e+02;3.2970961e-02;1.1750000e+02;4.9849793e-02;1.1750000e+02;6.9710031e-02;1.1750000e+02;9.1288298e-02;1.1750000e+02;1.1429241e-01;1.1750000e+02;1.3716497e-01;1.1750000e+02;1.5862048e-01;1.1750000e+02;1.8548760e-01;1.1750000e+02;2.1158963e-01;1.1750000e+02;2.2596906e-01;1.1750000e+02;2.1476024e-01;1.1750000e+02;1.8174177e-01;1.1750000e+02;1.3528472e-01;1.1750000e+02;8.7380156e-02;1.1750000e+02;4.4090807e-02;1.1750000e+02;3.8897600e-03;1.1750000e+02;8.6246431e-03;1.1750000e+02;1.8776512e-02;1.1750000e+02;3.2970961e-02;1.1750000e+02;4.9849793e-02;1.1750000e+02;6.9710031e-02;1.1750000e+02;9.1288298e-02;1.1750000e+02;1.1429241e-01;1.1750000e+02;1.3716497e-01;1.1750000e+02;1.5862048e-01;1.1750000e+02;1.8548760e-01;1.1750000e+02;2.1158963e-01;1.1750000e+02;2.2596906e-01;1.1750000e+02;2.1476024e-01;1.1750000e+02;1.8174177e-01;1.1750000e+02;1.3528472e-01;1.1750000e+02;8.7380156e-02;1.1750000e+02;4.4090807e-02;1.1750000e+02;3.8897600e-03;1.1750000e+02;8.6246431e-03;1.1750000e+02;1.8776512e-02;1.1750000e+02;3.2970961e-02;1.1750000e+02;4.9849793e-02;1.1750000e+02;6.9710031e-02;1.1750000e+02;9.1288298e-02;1.1750000e+02;1.1429241e-01;1.1750000e+02;1.3716497e-01;1.1750000e+02;1.5862048e-01;1.1750000e+02;1.8548760e-01;1.1750000e+02;2.1158963e-01;1.1750000e+02;2.2596906e-01;1.1750000e+02;2.1476024e-01;1.1750000e+02;1.8174177e-01;1.1750000e+02;1.3528472e-01;1.1750000e+02;8.7380156e-02;1.1750000e+02;4.4090807e-02;1.1750000e+02;3.8897600e-03;1.1750000e+02;8.6246431e-03;1.1750000e+02;1.8776512e-02;1.1750000e+02;3.2970961e-02;1.1750000e+02;4.9849793e-02;1.1750000e+02;6.9710031e-02;1.1750000e+02;9.1288298e-02;1.1750000e+02;1.1429241e-01;1.1750000e+02;1.3716497e-01;1.1750000e+02;1.5862048e-01;1.1750000e+02;1.8548760e-01;1.1750000e+02;2.1158963e-01;1.1750000e+02;2.2596906e-01;1.1750000e+02;2.1476024e-01;1.1750000e+02;1.8174177e-01;1.1750000e+02;1.3528472e-01;1.1750000e+02;8.7380156e-02;1.1750000e+02;4.4090807e-02;1.1750000e+02;3.8897600e-03;1.1750000e+02;8.6246431e-03;1.1750000e+02;1.8776512e-02;1.1750000e+02;3.2970961e-02;1.1750000e+02;4.9849793e-02;1.1750000e+02;6.9710031e-02;1.1750000e+02;9.1288298e-02;1.1750000e+02;1.1429241e-01;1.1750000e+02;1.3716497e-01;1.1750000e+02;1.5862048e-01;1.1750000e+02;1.8548760e-01;1.1750000e+02;2.1158963e-01;1.1750000e+02;2.2596906e-01;1.1750000e+02;2.1476024e-01;1.1750000e+02;1.8174177e-01;1.1750000e+02;1.3528472e-01;1.1750000e+02;8.7380156e-02;1.1750000e+02;4.4090807e-02;1.1750000e+02;3.8897600e-03;1.1750000e+02;8.6246431e-03;1.1750000e+02;1.8776512e-02;1.1750000e+02;3.2970961e-02;1.1750000e+02;4.9849793e-02;1.1750000e+02;6.9710031e-02;1.1750000e+02;9.1288298e-02;1.1750000e+02;1.1429241e-01;1.1750000e+02;1.3716497e-01;1.1750000e+02;1.5862048e-01;1.1750000e+02;1.8548760e-01;1.1750000e+02;2.1158963e-01;1.1750000e+02;2.2596906e-01;1.1750000e+02;2.1476024e-01;1.1750000e+02;1.8174177e-01;1.1750000e+02;1.3528472e-01;1.1750000e+02;8.7380156e-02;1.1750000e+02;4.4090807e-02;1.1750000e+02;3.8897600e-03;1.1750000e+02;8.6246431e-03;1.1750000e+02;1.8776512e-02;1.1750000e+02;3.2970961e-02;1.1750000e+02;4.9849793e-02;1.1750000e+02;6.9710031e-02;1.1750000e+02;9.1288298e-02;1.1750000e+02;1.1429241e-01;1.1750000e+02;1.3716497e-01;1.1750000e+02;1.5862048e-01;1.1750000e+02;1.8548760e-01;1.1750000e+02;2.1158963e-01;1.1750000e+02;2.2596906e-01;1.1750000e+02;2.1476024e-01;1.1750000e+02;1.8174177e-01;1.1750000e+02;1.3528472e-01;1.1750000e+02;8.7380156e-02;1.1750000e+02;4.4090807e-02;1.1750000e+02;3.8897600e-03;1.1750000e+02;8.6246431e-03;1.1750000e+02;1.8776512e-02;1.1750000e+02;3.2970961e-02;1.1750000e+02;4.9849793e-02;1.1750000e+02;6.9710031e-02;1.1750000e+02;9.1288298e-02;1.1750000e+02;1.1429241e-01;1.1750000e+02;1.3716497e-01;1.1750000e+02;1.5862048e-01;1.1750000e+02;1.8548760e-01;1.1750000e+02;2.1158963e-01;1.1750000e+02;2.2596906e-01;1.1750000e+02;2.1476024e-01;1.1750000e+02;1.8174177e-01;1.1750000e+02;1.3528472e-01;1.1750000e+02;8.7380156e-02;1.1750000e+02;4.4090807e-02;1.1750000e+02;3.8897600e-03;1.1750000e+02;8.6246431e-03;1.1750000e+02;1.8776512e-02;1.1750000e+02;3.2970961e-02;1.1750000e+02;4.9849793e-02;1.1750000e+02;6.9710031e-02;1.1750000e+02;9.1288298e-02;1.1750000e+02;1.1429241e-01;1.1750000e+02;1.3716497e-01;1.1750000e+02;1.5862048e-01;1.1750000e+02;1.8548760e-01;1.1750000e+02;2.1158963e-01;1.1750000e+02;2.2596906e-01;1.1750000e+02;2.1476024e-01;1.1750000e+02;1.8174177e-01;1.1750000e+02;1.3528472e-01;1.1750000e+02;8.7380156e-02;1.1750000e+02;4.4090807e-02;1.1750000e+02;3.8897600e-03;1.1750000e+02;8.6246431e-03;1.1750000e+02;1.8776512e-02;1.1750000e+02;3.2970961e-02;1.1750000e+02;4.9849793e-02;1.1750000e+02;6.9710031e-02;1.1750000e+02;9.1288298e-02;1.1750000e+02;1.1429241e-01;1.1750000e+02;1.3716497e-01;1.1750000e+02;1.5862048e-01;1.1750000e+02;1.8548760e-01;1.1750000e+02;2.1158963e-01;1.1750000e+02;2.2596906e-01;1.1750000e+02;2.1476024e-01;1.1750000e+02;1.8174177e-01;1.1750000e+02;1.3528472e-01;1.1750000e+02;8.7380156e-02;1.1750000e+02;4.4090807e-02;1.1750000e+02;3.8897600e-03;1.1750000e+02;8.6246431e-03;1.1750000e+02;1.8776512e-02;1.1750000e+02;3.2970961e-02;1.1750000e+02;4.9849793e-02;1.1750000e+02;6.9710031e-02;1.1750000e+02;9.1288298e-02;1.1750000e+02;1.1429241e-01;1.1750000e+02;1.3716497e-01;1.1750000e+02;1.5862048e-01;1.1750000e+02;1.8548760e-01;1.1750000e+02;2.1158963e-01;1.1750000e+02;2.2596906e-01;1.1750000e+02;2.1476024e-01;1.1750000e+02;1.8174177e-01;1.1750000e+02;1.3528472e-01;1.1750000e+02;8.7380156e-02;1.1750000e+02;4.4090807e-02;1.1750000e+02;3.8897600e-03;1.1750000e+02;8.6246431e-03;1.1750000e+02;1.8776512e-02;1.1750000e+02;3.2970961e-02;1.1750000e+02;4.9849793e-02;1.1750000e+02;6.9710031e-02;1.1750000e+02;9.1288298e-02;1.1750000e+02;1.1429241e-01;1.1750000e+02;1.3716497e-01;1.1750000e+02;1.5862048e-01;1.1750000e+02;1.8548760e-01;1.1750000e+02;2.1158963e-01;1.1750000e+02;2.2596906e-01;1.1750000e+02;2.1476024e-01;1.1750000e+02;1.8174177e-01;1.1750000e+02;1.3528472e-01;1.1750000e+02;8.7380156e-02;1.1750000e+02;4.4090807e-02;1.1750000e+02;3.8897600e-03;1.1750000e+02;8.6246431e-03;1.1750000e+02;1.8776512e-02;1.1750000e+02;3.2970961e-02;1.1750000e+02;4.9849793e-02;1.1750000e+02;6.9710031e-02;1.1750000e+02;9.1288298e-02;1.1750000e+02;1.1429241e-01;1.1750000e+02;1.3716497e-01;1.1750000e+02;1.5862048e-01;1.1750000e+02;1.8548760e-01;1.1750000e+02;2.1158963e-01;1.1750000e+02;2.2596906e-01;1.1750000e+02;2.1476024e-01;1.1750000e+02;1.8174177e-01;1.1750000e+02;1.3528472e-01;1.1750000e+02;8.7380156e-02;1.1750000e+02;4.4090807e-02;1.1750000e+02;3.8897600e-03;1.1750000e+02;8.6246431e-03;1.1750000e+02;1.8776512e-02;1.1750000e+02;3.2970961e-02;1.1750000e+02;4.9849793e-02;1.1750000e+02;6.9710031e-02;1.1750000e+02;9.1288298e-02;1.1750000e+02;1.1429241e-01;1.1750000e+02;1.3716497e-01;1.1750000e+02;1.5862048e-01;1.1750000e+02;1.8548760e-01;1.1750000e+02;2.1158963e-01;1.1750000e+02;2.2596906e-01;1.1750000e+02;2.1476024e-01;1.1750000e+02;1.8174177e-01;1.1750000e+02;1.3528472e-01;1.1750000e+02;8.7380156e-02;1.1750000e+02;4.4090807e-02;1.1750000e+02;3.8897600e-03;1.1750000e+02;8.6246431e-03;1.1750000e+02;1.8776512e-02;1.1750000e+02;3.2970961e-02;1.1750000e+02;4.9849793e-02;1.1750000e+02;6.9710031e-02;1.1750000e+02;9.1288298e-02;1.1750000e+02;1.1429241e-01;1.1750000e+02;1.3716497e-01;1.1750000e+02;1.5862048e-01;1.1750000e+02;1.8548760e-01;1.1750000e+02;2.1158963e-01;1.1750000e+02;2.2596906e-01;1.1750000e+02;2.1476024e-01;1.1750000e+02;1.8174177e-01;1.1750000e+02;1.3528472e-01;1.1750000e+02;8.7380156e-02;1.1750000e+02;4.4090807e-02;1.1750000e+02;3.8897600e-03;1.1750000e+02;8.6246431e-03;1.1750000e+02;1.8776512e-02;1.1750000e+02;3.2970961e-02;1.1750000e+02;4.9849793e-02;1.1750000e+02;6.9710031e-02;1.1750000e+02;9.1288298e-02;1.1750000e+02;1.1429241e-01;1.1750000e+02;1.3716497e-01;1.1750000e+02;1.5862048e-01;1.1750000e+02;1.8548760e-01;1.1750000e+02;2.1158963e-01;1.1750000e+02;2.2596906e-01;1.1750000e+02;2.1476024e-01;1.1750000e+02;1.8174177e-01;1.1750000e+02;1.3528472e-01;1.1750000e+02;8.7380156e-02;1.1750000e+02;4.4090807e-02;1.1750000e+02;3.8897600e-03;1.1750000e+02;8.6246431e-03;1.1750000e+02;1.8776512e-02;1.1750000e+02;3.2970961e-02;1.1750000e+02;4.9849793e-02;1.1750000e+02;6.9710031e-02;1.1750000e+02;9.1288298e-02;1.1750000e+02;1.1429241e-01;1.1750000e+02;1.3716497e-01;1.1750000e+02;1.5862048e-01;1.1750000e+02;1.8548760e-01;1.1750000e+02;2.1158963e-01;1.1750000e+02;2.2596906e-01;1.1750000e+02;2.1476024e-01;1.1750000e+02;1.8174177e-01;1.1750000e+02;1.3528472e-01;1.1750000e+02;8.7380156e-02;1.1750000e+02;4.4090807e-02;1.1750000e+02;3.8897600e-03;1.1750000e+02;8.6246431e-03;1.1750000e+02;1.8776512e-02;1.1750000e+02;3.2970961e-02;1.1750000e+02;4.9849793e-02;1.1750000e+02;6.9710031e-02;1.1750000e+02;9.1288298e-02;1.1750000e+02;1.1429241e-01;1.1750000e+02;1.3716497e-01;1.1750000e+02;1.5862048e-01;1.1750000e+02;1.8548760e-01;1.1750000e+02;2.1158963e-01;1.1750000e+02;2.2596906e-01;1.1750000e+02;2.1476024e-01;1.1750000e+02;1.8174177e-01;1.1750000e+02;1.3528472e-01;1.1750000e+02;8.7380156e-02;1.1750000e+02;4.4090807e-02;1.1750000e+02;3.8897600e-03;1.1750000e+02;8.6246431e-03;1.1750000e+02;1.8776512e-02;1.1750000e+02;3.2970961e-02;1.1750000e+02;4.9849793e-02;1.1750000e+02;6.9710031e-02;1.1750000e+02;9.1288298e-02;1.1750000e+02;1.1429241e-01;1.1750000e+02;1.3716497e-01;1.1750000e+02;1.5862048e-01;1.1750000e+02;1.8548760e-01;1.1750000e+02;2.1158963e-01;1.1750000e+02;2.2596906e-01;1.1750000e+02;2.1476024e-01;1.1750000e+02;1.8174177e-01;1.1750000e+02;1.3528472e-01;1.1750000e+02;8.7380156e-02;1.1750000e+02;4.4090807e-02;1.1750000e+02;3.8897600e-03;1.1750000e+02;8.6246431e-03;1.1750000e+02;1.8776512e-02;1.1750000e+02;3.2970961e-02;1.1750000e+02;4.9849793e-02;1.1750000e+02;6.9710031e-02;1.1750000e+02;9.1288298e-02;1.1750000e+02;1.1429241e-01;1.1750000e+02;1.3716497e-01;1.1750000e+02;1.5862048e-01;1.1750000e+02;1.8548760e-01;1.1750000e+02;2.1158963e-01;1.1750000e+02;2.2596906e-01;1.1750000e+02;2.1476024e-01;1.1750000e+02;1.8174177e-01;1.1750000e+02;1.3528472e-01;1.1750000e+02;8.7380156e-02;1.1750000e+02;4.4090807e-02;1.1750000e+02;3.8897600e-03;1.1750000e+02;8.6246431e-03;1.1750000e+02;1.8776512e-02;1.1750000e+02;3.2970961e-02;1.1750000e+02;4.9849793e-02;1.1750000e+02;6.9710031e-02;1.1750000e+02;9.1288298e-02;1.1750000e+02;1.1429241e-01;1.1750000e+02;1.3716497e-01;1.1750000e+02;1.5862048e-01;1.1750000e+02;1.8548760e-01;1.1750000e+02;2.1158963e-01;1.1750000e+02;2.2596906e-01;1.1750000e+02;2.1476024e-01;1.1750000e+02;1.8174177e-01;1.1750000e+02;1.3528472e-01;1.1750000e+02;8.7380156e-02;1.1750000e+02;4.4090807e-02;1.1750000e+02;3.8897600e-03;1.1750000e+02;8.6246431e-03;1.1750000e+02;1.8776512e-02;1.1750000e+02;3.2970961e-02;1.1750000e+02;4.9849793e-02;1.1750000e+02;6.9710031e-02;1.1750000e+02;9.1288298e-02;1.1750000e+02;1.1429241e-01;1.1750000e+02;1.3716497e-01;1.1750000e+02;1.5862048e-01;1.1750000e+02;1.8548760e-01;1.1750000e+02;2.1158963e-01;1.1750000e+02;2.2596906e-01;1.1750000e+02;2.1476024e-01;1.1750000e+02;1.8174177e-01;1.1750000e+02;1.3528472e-01;1.1750000e+02;8.7380156e-02;1.1750000e+02;4.4090807e-02;1.1750000e+02;3.8897600e-03;1.1750000e+02;8.6246431e-03;1.1750000e+02;1.8776512e-02;1.1750000e+02;3.2970961e-02;1.1750000e+02;4.9849793e-02;1.1750000e+02;6.9710031e-02;1.1750000e+02;9.1288298e-02;1.1750000e+02;1.1429241e-01;1.1750000e+02;1.3716497e-01;1.1750000e+02;1.5862048e-01;1.1750000e+02;1.8548760e-01;1.1750000e+02;2.1158963e-01;1.1750000e+02;2.2596906e-01;1.1750000e+02;2.1476024e-01;1.1750000e+02;1.8174177e-01;1.1750000e+02;1.3528472e-01;1.1750000e+02;8.7380156e-02;1.1750000e+02;4.4090807e-02;1.1750000e+02;3.8897600e-03;1.1750000e+02;8.6246431e-03;1.1750000e+02;1.8776512e-02;1.1750000e+02;3.2970961e-02;1.1750000e+02;4.9849793e-02;1.1750000e+02;6.9710031e-02;1.1750000e+02;9.1288298e-02;1.1750000e+02;1.1429241e-01;1.1750000e+02;1.3716497e-01;1.1750000e+02;1.5862048e-01;1.1750000e+02;1.8548760e-01;1.1750000e+02;2.1158963e-01;1.1750000e+02;2.2596906e-01;1.1750000e+02;2.1476024e-01;1.1750000e+02;1.8174177e-01;1.1750000e+02;1.3528472e-01;1.1750000e+02;8.7380156e-02;1.1750000e+02;4.4090807e-02;1.1750000e+02;3.8897600e-03;1.1750000e+02;8.6246431e-03;1.1750000e+02;1.8776512e-02;1.1750000e+02;3.2970961e-02;1.1750000e+02;4.9849793e-02;1.1750000e+02;6.9710031e-02;1.1750000e+02;9.1288298e-02;1.1750000e+02;1.1429241e-01;1.1750000e+02;1.3716497e-01;1.1750000e+02;1.5862048e-01;1.1750000e+02;1.8548760e-01;1.1750000e+02;2.1158963e-01;1.1750000e+02;2.2596906e-01;1.1750000e+02;2.1476024e-01;1.1750000e+02;1.8174177e-01;1.1750000e+02;1.3528472e-01;1.1750000e+02;8.7380156e-02;1.1750000e+02;4.4090807e-02;1.1750000e+02;3.8897600e-03;1.1750000e+02;8.6246431e-03;1.1750000e+02;1.8776512e-02;1.1750000e+02;3.2970961e-02;1.1750000e+02;4.9849793e-02;1.1750000e+02;6.9710031e-02;1.1750000e+02;9.1288298e-02;1.1750000e+02;1.1429241e-01;1.1750000e+02;1.3716497e-01;1.1750000e+02;1.5862048e-01;1.1750000e+02;1.8548760e-01;1.1750000e+02;2.1158963e-01;1.1750000e+02;2.2596906e-01;1.1750000e+02;2.1476024e-01;1.1750000e+02;1.8174177e-01;1.1750000e+02;1.3528472e-01;1.1750000e+02;8.7380156e-02;1.1750000e+02;4.4090807e-02;1.1750000e+02;3.8897600e-03;1.1750000e+02;8.6246431e-03;1.1750000e+02;1.8776512e-02;1.1750000e+02;3.2970961e-02;1.1750000e+02;4.9849793e-02;1.1750000e+02;6.9710031e-02;1.1750000e+02;9.1288298e-02;1.1750000e+02;1.1429241e-01;1.1750000e+02;1.3716497e-01;1.1750000e+02;1.5862048e-01;1.1750000e+02;1.8548760e-01;1.1750000e+02;2.1158963e-01;1.1750000e+02;2.2596906e-01;1.1750000e+02;2.1476024e-01;1.1750000e+02;1.8174177e-01;1.1750000e+02;1.3528472e-01;1.1750000e+02;8.7380156e-02;1.1750000e+02;4.4090807e-02;1.1750000e+02;3.8897600e-03;1.1750000e+02;8.6246431e-03;1.1750000e+02;1.8776512e-02;1.1750000e+02;3.2970961e-02;1.1750000e+02;4.9849793e-02;1.1750000e+02;6.9710031e-02;1.1750000e+02;9.1288298e-02;1.1750000e+02;1.1429241e-01;1.1750000e+02;1.3716497e-01;1.1750000e+02;1.5862048e-01;1.1750000e+02;1.8548760e-01;1.1750000e+02;2.1158963e-01;1.1750000e+02;2.2596906e-01;1.1750000e+02;2.1476024e-01;1.1750000e+02;1.8174177e-01;1.1750000e+02;1.3528472e-01;1.1750000e+02;8.7380156e-02;1.1750000e+02;4.4090807e-02;1.1750000e+02;3.8897600e-03;1.1750000e+02;8.6246431e-03;1.1750000e+02;1.8776512e-02;1.1750000e+02;3.2970961e-02;1.1750000e+02;4.9849793e-02;1.1750000e+02;6.9710031e-02;1.1750000e+02;9.1288298e-02;1.1750000e+02;1.1429241e-01;1.1750000e+02;1.3716497e-01;1.1750000e+02;1.5862048e-01;1.1750000e+02;1.8548760e-01;1.1750000e+02;2.1158963e-01;1.1750000e+02;2.2596906e-01;1.1750000e+02;2.1476024e-01;1.1750000e+02;1.8174177e-01;1.1750000e+02;1.3528472e-01;1.1750000e+02;8.7380156e-02;1.1750000e+02;4.4090807e-02;1.1750000e+02;3.8897600e-03;1.1750000e+02;8.6246431e-03;1.1750000e+02;1.8776512e-02;1.1750000e+02;3.2970961e-02;1.1750000e+02;4.9849793e-02;1.1750000e+02;6.9710031e-02;1.1750000e+02;9.1288298e-02;1.1750000e+02;1.1429241e-01;1.1750000e+02;1.3716497e-01;1.1750000e+02;1.5862048e-01;1.1750000e+02;1.8548760e-01;1.1750000e+02;2.1158963e-01;1.1750000e+02;2.2596906e-01;1.1750000e+02;2.1476024e-01;1.1750000e+02;1.8174177e-01;1.1750000e+02;1.3528472e-01;1.1750000e+02;8.7380156e-02;1.1750000e+02;4.4090807e-02;1.1750000e+02;3.8897600e-03;1.1750000e+02;8.6246431e-03;1.1750000e+02;1.8776512e-02;1.1750000e+02;3.2970961e-02;1.1750000e+02;4.9849793e-02;1.1750000e+02;6.9710031e-02;1.1750000e+02;9.1288298e-02;1.1750000e+02;1.1429241e-01;1.1750000e+02;1.3716497e-01;1.1750000e+02;1.5862048e-01;1.1750000e+02;1.8548760e-01;1.1750000e+02;2.1158963e-01;1.1750000e+02;2.2596906e-01;1.1750000e+02;2.1476024e-01;1.1750000e+02;1.8174177e-01;1.1750000e+02;1.3528472e-01;1.1750000e+02;8.7380156e-02;1.1750000e+02;4.4090807e-02;1.1750000e+02;3.8897600e-03;1.1750000e+02;8.6246431e-03;1.1750000e+02;1.8776512e-02;1.1750000e+02;3.2970961e-02;1.1750000e+02;4.9849793e-02;1.1750000e+02;6.9710031e-02;1.1750000e+02;9.1288298e-02;1.1750000e+02;1.1429241e-01;1.1750000e+02;1.3716497e-01;1.1750000e+02;1.5862048e-01;1.1750000e+02;1.8548760e-01;1.1750000e+02;2.1158963e-01;1.1750000e+02;2.2596906e-01;1.1750000e+02;2.1476024e-01;1.1750000e+02;1.8174177e-01;1.1750000e+02;1.3528472e-01;1.1750000e+02;8.7380156e-02;1.1750000e+02;4.4090807e-02;1.1750000e+02;3.8897600e-03;1.1750000e+02;8.6246431e-03;1.1750000e+02;1.8776512e-02;1.1750000e+02;3.2970961e-02;1.1750000e+02;4.9849793e-02;1.1750000e+02;6.9710031e-02;1.1750000e+02;9.1288298e-02;1.1750000e+02;1.1429241e-01;1.1750000e+02;1.3716497e-01;1.1750000e+02;1.5862048e-01;1.1750000e+02;1.8548760e-01;1.1750000e+02;2.1158963e-01;1.1750000e+02;2.2596906e-01;1.1750000e+02;2.1476024e-01;1.1750000e+02;1.8174177e-01;1.1750000e+02;1.3528472e-01;1.1750000e+02;8.7380156e-02;1.1750000e+02;4.4090807e-02;1.1750000e+02;3.8897600e-03;1.1750000e+02;8.6246431e-03;1.1750000e+02;1.8776512e-02;1.1750000e+02;3.2970961e-02;1.1750000e+02;4.9849793e-02;1.1750000e+02;6.9710031e-02;1.1750000e+02;9.1288298e-02;1.1750000e+02;1.1429241e-01;1.1750000e+02;1.3716497e-01;1.1750000e+02;1.5862048e-01;1.1750000e+02;1.8548760e-01;1.1750000e+02;2.1158963e-01;1.1750000e+02;2.2596906e-01;1.1750000e+02;2.1476024e-01;1.1750000e+02;1.8174177e-01;1.1750000e+02;1.3528472e-01;1.1750000e+02;8.7380156e-02;1.1750000e+02;4.4090807e-02;1.1750000e+02;3.8897600e-03;1.1750000e+02;8.6246431e-03;1.1750000e+02;1.8776512e-02;1.1750000e+02;3.2970961e-02;1.1750000e+02;4.9849793e-02;1.1750000e+02;6.9710031e-02;1.1750000e+02;9.1288298e-02;1.1750000e+02;1.1429241e-01;1.1750000e+02;1.3716497e-01;1.1750000e+02;1.5862048e-01;1.1750000e+02;1.8548760e-01;1.1750000e+02;2.1158963e-01;1.1750000e+02;2.2596906e-01;1.1750000e+02;2.1476024e-01;1.1750000e+02;1.8174177e-01;1.1750000e+02;1.3528472e-01;1.1750000e+02;8.7380156e-02;1.1750000e+02;4.4090807e-02;1.1750000e+02;3.8897600e-03;1.1750000e+02;8.6246431e-03;1.1750000e+02;1.8776512e-02;1.1750000e+02;3.2970961e-02;1.1750000e+02;4.9849793e-02;1.1750000e+02;6.9710031e-02;1.1750000e+02;9.1288298e-02;1.1750000e+02;1.1429241e-01;1.1750000e+02;1.3716497e-01;1.1750000e+02;1.5862048e-01;1.1750000e+02;1.8548760e-01;1.1750000e+02;2.1158963e-01;1.1750000e+02;2.2596906e-01;1.1750000e+02;2.1476024e-01;1.1750000e+02;1.8174177e-01;1.1750000e+02;1.3528472e-01;1.1750000e+02;8.7380156e-02;1.1750000e+02;4.4090807e-02;1.1750000e+02;3.8897600e-03;1.1750000e+02;8.6246431e-03;1.1750000e+02;1.8776512e-02;1.1750000e+02;3.2970961e-02;1.1750000e+02;4.9849793e-02;1.1750000e+02;6.9710031e-02;1.1750000e+02;9.1288298e-02;1.1750000e+02;1.1429241e-01;1.1750000e+02;1.3716497e-01;1.1750000e+02;1.5862048e-01;1.1750000e+02;1.8548760e-01;1.1750000e+02;2.1158963e-01;1.1750000e+02;2.2596906e-01;1.1750000e+02;2.1476024e-01;1.1750000e+02;1.8174177e-01;1.1750000e+02;1.3528472e-01;1.1750000e+02;8.7380156e-02;1.1750000e+02;4.4090807e-02;1.1750000e+02;3.8897600e-03;1.1750000e+02;8.6246431e-03;1.1750000e+02;1.8776512e-02;1.1750000e+02;3.2970961e-02;1.1750000e+02;4.9849793e-02;1.1750000e+02;6.9710031e-02;1.1750000e+02;9.1288298e-02;1.1750000e+02;1.1429241e-01;1.1750000e+02;1.3716497e-01;1.1750000e+02;1.5862048e-01;1.1750000e+02;1.8548760e-01;1.1750000e+02;2.1158963e-01;1.1750000e+02;2.2596906e-01;1.1750000e+02;2.1476024e-01;1.1750000e+02;1.8174177e-01;1.1750000e+02;1.3528472e-01;1.1750000e+02;8.7380156e-02;1.1750000e+02;4.4090807e-02;1.1750000e+02;3.8897600e-03;1.1750000e+02;8.6246431e-03;1.1750000e+02;1.8776512e-02;1.1750000e+02;3.2970961e-02;1.1750000e+02;4.9849793e-02;1.1750000e+02;6.9710031e-02;1.1750000e+02;9.1288298e-02;1.1750000e+02;1.1429241e-01;1.1750000e+02;1.3716497e-01;1.1750000e+02;1.5862048e-01;1.1750000e+02;1.8548760e-01;1.1750000e+02;2.1158963e-01;1.1750000e+02;2.2596906e-01;1.1750000e+02;2.1476024e-01;1.1750000e+02;1.8174177e-01;1.1750000e+02;1.3528472e-01;1.1750000e+02;8.7380156e-02;1.1750000e+02;4.4090807e-02;1.1750000e+02;3.8897600e-03;1.1750000e+02;8.6246431e-03;1.1750000e+02;1.8776512e-02;1.1750000e+02;3.2970961e-02;1.1750000e+02;4.9849793e-02;1.1750000e+02;6.9710031e-02;1.1750000e+02;9.1288298e-02;1.1750000e+02;1.1429241e-01;1.1750000e+02;1.3716497e-01;1.1750000e+02;1.5862048e-01;1.1750000e+02;1.8548760e-01;1.1750000e+02;2.1158963e-01;1.1750000e+02;2.2596906e-01;1.1750000e+02;2.1476024e-01;1.1750000e+02;1.8174177e-01;1.1750000e+02;1.3528472e-01;1.1750000e+02;8.7380156e-02;1.1750000e+02;4.4090807e-02;1.1750000e+02;3.8897600e-03;1.1750000e+02;8.6246431e-03;1.1750000e+02;1.8776512e-02;1.1750000e+02;3.2970961e-02;1.1750000e+02;4.9849793e-02;1.1750000e+02;6.9710031e-02;1.1750000e+02;9.1288298e-02;1.1750000e+02;1.1429241e-01;1.1750000e+02;1.3716497e-01;1.1750000e+02;1.5862048e-01;1.1750000e+02;1.8548760e-01;1.1750000e+02;2.1158963e-01;1.1750000e+02;2.2596906e-01;1.1750000e+02;2.1476024e-01;1.1750000e+02;1.8174177e-01;1.1750000e+02;1.3528472e-01;1.1750000e+02;8.7380156e-02;1.1750000e+02;4.4090807e-02;1.1750000e+02;3.8897600e-03;1.1750000e+02;8.6246431e-03;1.1750000e+02;1.8776512e-02;1.1750000e+02;3.2970961e-02;1.1750000e+02;4.9849793e-02;1.1750000e+02;6.9710031e-02;1.1750000e+02;9.1288298e-02;1.1750000e+02;1.1429241e-01;1.1750000e+02;1.3716497e-01;1.1750000e+02;1.5862048e-01;1.1750000e+02;1.8548760e-01;1.1750000e+02;2.1158963e-01;1.1750000e+02;2.2596906e-01;1.1750000e+02;2.1476024e-01;1.1750000e+02;1.8174177e-01;1.1750000e+02;1.3528472e-01;1.1750000e+02;8.7380156e-02;1.1750000e+02;4.4090807e-02;1.1750000e+02;3.8897600e-03;1.1750000e+02;8.6246431e-03;1.1750000e+02;1.8776512e-02;1.1750000e+02;3.2970961e-02;1.1750000e+02;4.9849793e-02;1.1750000e+02;6.9710031e-02;1.1750000e+02;9.1288298e-02;1.1750000e+02;1.1429241e-01;1.1750000e+02;1.3716497e-01;1.1750000e+02;1.5862048e-01;1.1750000e+02;1.8548760e-01;1.1750000e+02;2.1158963e-01;1.1750000e+02;2.2596906e-01;1.1750000e+02;2.1476024e-01;1.1750000e+02;1.8174177e-01;1.1750000e+02;1.3528472e-01;1.1750000e+02;8.7380156e-02;1.1750000e+02;4.4090807e-02;1.1750000e+02;3.8897600e-03;1.1750000e+02;8.6246431e-03;1.1750000e+02;1.8776512e-02;1.1750000e+02;3.2970961e-02;1.1750000e+02;4.9849793e-02;1.1750000e+02;6.9710031e-02;1.1750000e+02;9.1288298e-02;1.1750000e+02;1.1429241e-01;1.1750000e+02;1.3716497e-01;1.1750000e+02;1.5862048e-01;1.1750000e+02;1.8548760e-01;1.1750000e+02;2.1158963e-01;1.1750000e+02;2.2596906e-01;1.1750000e+02;2.1476024e-01;1.1750000e+02;1.8174177e-01;1.1750000e+02;1.3528472e-01;1.1750000e+02;8.7380156e-02;1.1750000e+02;4.4090807e-02;1.1750000e+02;3.8897600e-03;1.1750000e+02;8.6246431e-03;1.1750000e+02;1.8776512e-02;1.1750000e+02;3.2970961e-02;1.1750000e+02;4.9849793e-02;1.1750000e+02;6.9710031e-02;1.1750000e+02;9.1288298e-02;1.1750000e+02;1.1429241e-01;1.1750000e+02;1.3716497e-01;1.1750000e+02;1.5862048e-01;1.1750000e+02;1.8548760e-01;1.1750000e+02;2.1158963e-01;1.1750000e+02;2.2596906e-01;1.1750000e+02;2.1476024e-01;1.1750000e+02;1.8174177e-01;1.1750000e+02;1.3528472e-01;1.1750000e+02;8.7380156e-02;1.1750000e+02;4.4090807e-02;1.1750000e+02;3.8897600e-03;1.1750000e+02;8.6246431e-03;1.1750000e+02;1.8776512e-02;1.1750000e+02;3.2970961e-02;1.1750000e+02;4.9849793e-02;1.1750000e+02;6.9710031e-02;1.1750000e+02;9.1288298e-02;1.1750000e+02;1.1429241e-01;1.1750000e+02;1.3716497e-01;1.1750000e+02;1.5862048e-01;1.1750000e+02;1.8548760e-01;1.1750000e+02;2.1158963e-01;1.1750000e+02;2.2596906e-01;1.1750000e+02;2.1476024e-01;1.1750000e+02;1.8174177e-01;1.1750000e+02;1.3528472e-01;1.1750000e+02;8.7380156e-02;1.1750000e+02;4.4090807e-02;1.1750000e+02;3.8897600e-03;1.1750000e+02;8.6246431e-03;1.1750000e+02;1.8776512e-02;1.1750000e+02;3.2970961e-02;1.1750000e+02;4.9849793e-02;1.1750000e+02;6.9710031e-02;1.1750000e+02;9.1288298e-02;1.1750000e+02;1.1429241e-01;1.1750000e+02;1.3716497e-01;1.1750000e+02;1.5862048e-01;1.1750000e+02;1.8548760e-01;1.1750000e+02;2.1158963e-01;1.1750000e+02;2.2596906e-01;1.1750000e+02;2.1476024e-01;1.1750000e+02;1.8174177e-01;1.1750000e+02;1.3528472e-01;1.1750000e+02;8.7380156e-02;1.1750000e+02;4.4090807e-02;1.1750000e+02;3.8897600e-03;1.1750000e+02;8.6246431e-03;1.1750000e+02;1.8776512e-02;1.1750000e+02;3.2970961e-02;1.1750000e+02;4.9849793e-02;1.1750000e+02;6.9710031e-02;1.1750000e+02;9.1288298e-02;1.1750000e+02;1.1429241e-01;1.1750000e+02;1.3716497e-01;1.1750000e+02;1.5862048e-01;1.1750000e+02;1.8548760e-01;1.1750000e+02;2.1158963e-01;1.1750000e+02;2.2596906e-01;1.1750000e+02;2.1476024e-01;1.1750000e+02;1.8174177e-01;1.1750000e+02;1.3528472e-01;1.1750000e+02;8.7380156e-02;1.1750000e+02;4.4090807e-02;1.1750000e+02;3.8897600e-03;1.1750000e+02;8.6246431e-03;1.1750000e+02;1.8776512e-02;1.1750000e+02;3.2970961e-02;1.1750000e+02;4.9849793e-02;1.1750000e+02;6.9710031e-02;1.1750000e+02;9.1288298e-02;1.1750000e+02;1.1429241e-01;1.1750000e+02;1.3716497e-01;1.1750000e+02;1.5862048e-01;1.1750000e+02;1.8548760e-01;1.1750000e+02;2.1158963e-01;1.1750000e+02;2.2596906e-01;1.1750000e+02;2.1476024e-01;1.1750000e+02;1.8174177e-01;1.1750000e+02;1.3528472e-01;1.1750000e+02;8.7380156e-02;1.1750000e+02;4.4090807e-02;1.1750000e+02;3.8897600e-03;1.1750000e+02;8.6246431e-03;1.1750000e+02;1.8776512e-02;1.1750000e+02;3.2970961e-02;1.1750000e+02;4.9849793e-02;1.1750000e+02;6.9710031e-02;1.1750000e+02;9.1288298e-02;1.1750000e+02;1.1429241e-01;1.1750000e+02;1.3716497e-01;1.1750000e+02;1.5862048e-01;1.1750000e+02;1.8548760e-01;1.1750000e+02;2.1158963e-01;1.1750000e+02;2.2596906e-01;1.1750000e+02;2.1476024e-01;1.1750000e+02;1.8174177e-01;1.1750000e+02;1.3528472e-01;1.1750000e+02;8.7380156e-02;1.1750000e+02;4.4090807e-02;1.1750000e+02;3.8897600e-03;1.1750000e+02;8.6246431e-03;1.1750000e+02;1.8776512e-02;1.1750000e+02;3.2970961e-02;1.1750000e+02;4.9849793e-02;1.1750000e+02;6.9710031e-02;1.1750000e+02;9.1288298e-02;1.1750000e+02;1.1429241e-01;1.1750000e+02;1.3716497e-01;1.1750000e+02;1.5862048e-01;1.1750000e+02;1.8548760e-01;1.1750000e+02;2.1158963e-01;1.1750000e+02;2.2596906e-01;1.1750000e+02;2.1476024e-01;1.1750000e+02;1.8174177e-01;1.1750000e+02;1.3528472e-01;1.1750000e+02;8.7380156e-02;1.1750000e+02;4.4090807e-02;1.1750000e+02;3.8897600e-03;1.1750000e+02;8.6246431e-03;1.1750000e+02;1.8776512e-02;1.1750000e+02;3.2970961e-02;1.1750000e+02;4.9849793e-02;1.1750000e+02;6.9710031e-02;1.1750000e+02;9.1288298e-02;1.1750000e+02;1.1429241e-01;1.1750000e+02;1.3716497e-01;1.1750000e+02;1.5862048e-01;1.1750000e+02;1.8548760e-01;1.1750000e+02;2.1158963e-01;1.1750000e+02;2.2596906e-01;1.1750000e+02;2.1476024e-01;1.1750000e+02;1.8174177e-01;1.1750000e+02;1.3528472e-01;1.1750000e+02;8.7380156e-02;1.1750000e+02;4.4090807e-02;1.1750000e+02;3.8897600e-03;1.1750000e+02;8.6246431e-03;1.1750000e+02;1.8776512e-02;1.1750000e+02;3.2970961e-02;1.1750000e+02;4.9849793e-02;1.1750000e+02;6.9710031e-02;1.1750000e+02;9.1288298e-02;1.1750000e+02;1.1429241e-01;1.1750000e+02;1.3716497e-01;1.1750000e+02;1.5862048e-01;1.1750000e+02;1.8548760e-01;1.1750000e+02;2.1158963e-01;1.1750000e+02;2.2596906e-01;1.1750000e+02;2.1476024e-01;1.1750000e+02;1.8174177e-01;1.1750000e+02;1.3528472e-01;1.1750000e+02;8.7380156e-02;1.1750000e+02;4.4090807e-02;1.1750000e+02;3.8897600e-03;1.1750000e+02;8.6246431e-03;1.1750000e+02;1.8776512e-02;1.1750000e+02;3.2970961e-02;1.1750000e+02;4.9849793e-02;1.1750000e+02;6.9710031e-02;1.1750000e+02;9.1288298e-02;1.1750000e+02;1.1429241e-01;1.1750000e+02;1.3716497e-01;1.1750000e+02;1.5862048e-01;1.1750000e+02;1.8548760e-01;1.1750000e+02;2.1158963e-01;1.1750000e+02;2.2596906e-01;1.1750000e+02;2.1476024e-01;1.1750000e+02;1.8174177e-01;1.1750000e+02;1.3528472e-01;1.1750000e+02;8.7380156e-02;1.1750000e+02;4.4090807e-02;1.1750000e+02;3.8897600e-03;1.1750000e+02;8.6246431e-03;1.1750000e+02;1.8776512e-02;1.1750000e+02;3.2970961e-02;1.1750000e+02;4.9849793e-02;1.1750000e+02;6.9710031e-02;1.1750000e+02;9.1288298e-02;1.1750000e+02;1.1429241e-01;1.1750000e+02;1.3716497e-01;1.1750000e+02;1.5862048e-01;1.1750000e+02;1.8548760e-01;1.1750000e+02;2.1158963e-01;1.1750000e+02;2.2596906e-01;1.1750000e+02;2.1476024e-01;1.1750000e+02;1.8174177e-01;1.1750000e+02;1.3528472e-01;1.1750000e+02;8.7380156e-02;1.1750000e+02;4.4090807e-02;1.1750000e+02;3.8897600e-03;1.1750000e+02;8.6246431e-03;1.1750000e+02;1.8776512e-02;1.1750000e+02;3.2970961e-02;1.1750000e+02;4.9849793e-02;1.1750000e+02;6.9710031e-02;1.1750000e+02;9.1288298e-02;1.1750000e+02;1.1429241e-01;1.1750000e+02;1.3716497e-01;1.1750000e+02;1.5862048e-01;1.1750000e+02;1.8548760e-01;1.1750000e+02;2.1158963e-01;1.1750000e+02;2.2596906e-01;1.1750000e+02;2.1476024e-01;1.1750000e+02;1.8174177e-01;1.1750000e+02;1.3528472e-01;1.1750000e+02;8.7380156e-02;1.1750000e+02;4.4090807e-02;1.1750000e+02;3.8897600e-03;1.1750000e+02;8.6246431e-03;1.1750000e+02;1.8776512e-02;1.1750000e+02;3.2970961e-02;1.1750000e+02;4.9849793e-02;1.1750000e+02;6.9710031e-02;1.1750000e+02;9.1288298e-02;1.1750000e+02;1.1429241e-01;1.1750000e+02;1.3716497e-01;1.1750000e+02;1.5862048e-01;1.1750000e+02;1.8548760e-01;1.1750000e+02;2.1158963e-01;1.1750000e+02;2.2596906e-01;1.1750000e+02;2.1476024e-01;1.1750000e+02;1.8174177e-01;1.1750000e+02;1.3528472e-01;1.1750000e+02;8.7380156e-02;1.1750000e+02;4.4090807e-02;1.1750000e+02;3.8897600e-03;1.1750000e+02;8.6246431e-03;1.1750000e+02;1.8776512e-02;1.1750000e+02;3.2970961e-02;1.1750000e+02;4.9849793e-02;1.1750000e+02;6.9710031e-02;1.1750000e+02;9.1288298e-02;1.1750000e+02;1.1429241e-01;1.1750000e+02;1.3716497e-01;1.1750000e+02;1.5862048e-01;1.1750000e+02;1.8548760e-01;1.1750000e+02;2.1158963e-01;1.1750000e+02;2.2596906e-01;1.1750000e+02;2.1476024e-01;1.1750000e+02;1.8174177e-01;1.1750000e+02;1.3528472e-01;1.1750000e+02;8.7380156e-02;1.1750000e+02;4.4090807e-02;1.1750000e+02;3.8897600e-03;1.1750000e+02;8.6246431e-03;1.1750000e+02;1.8776512e-02;1.1750000e+02;3.2970961e-02;1.1750000e+02;4.9849793e-02;1.1750000e+02;6.9710031e-02;1.1750000e+02;9.1288298e-02;1.1750000e+02;1.1429241e-01;1.1750000e+02;1.3716497e-01;1.1750000e+02;1.5862048e-01;1.1750000e+02;1.8548760e-01;1.1750000e+02;2.1158963e-01;1.1750000e+02;2.2596906e-01;1.1750000e+02;2.1476024e-01;1.1750000e+02;1.8174177e-01;1.1750000e+02;1.3528472e-01;1.1750000e+02;8.7380156e-02;1.1750000e+02;4.4090807e-02;1.1750000e+02;3.8897600e-03;1.1750000e+02;8.6246431e-03;1.1750000e+02;1.8776512e-02;1.1750000e+02;3.2970961e-02;1.1750000e+02;4.9849793e-02;1.1750000e+02;6.9710031e-02;1.1750000e+02;9.1288298e-02;1.1750000e+02;1.1429241e-01;1.1750000e+02;1.3716497e-01;1.1750000e+02;1.5862048e-01;1.1750000e+02;1.8548760e-01;1.1750000e+02;2.1158963e-01;1.1750000e+02;2.2596906e-01;1.1750000e+02;2.1476024e-01;1.1750000e+02;1.8174177e-01;1.1750000e+02;1.3528472e-01;1.1750000e+02;8.7380156e-02;1.1750000e+02;4.4090807e-02;1.1750000e+02;3.8897600e-03;1.1750000e+02;8.6246431e-03;1.1750000e+02;1.8776512e-02;1.1750000e+02;3.2970961e-02;1.1750000e+02;4.9849793e-02;1.1750000e+02;6.9710031e-02;1.1750000e+02;9.1288298e-02;1.1750000e+02;1.1429241e-01;1.1750000e+02;1.3716497e-01;1.1750000e+02;1.5862048e-01;1.1750000e+02;1.8548760e-01;1.1750000e+02;2.1158963e-01;1.1750000e+02;2.2596906e-01;1.1750000e+02;2.1476024e-01;1.1750000e+02;1.8174177e-01;1.1750000e+02;1.3528472e-01;1.1750000e+02;8.7380156e-02;1.1750000e+02;4.4090807e-02;1.1750000e+02;3.8897600e-03;1.1750000e+02;8.6246431e-03;1.1750000e+02;1.8776512e-02;1.1750000e+02;3.2970961e-02;1.1750000e+02;4.9849793e-02;1.1750000e+02;6.9710031e-02;1.1750000e+02;9.1288298e-02;1.1750000e+02;1.1429241e-01;1.1750000e+02;1.3716497e-01;1.1750000e+02;1.5862048e-01;1.1750000e+02;1.8548760e-01;1.1750000e+02;2.1158963e-01;1.1750000e+02;2.2596906e-01;1.1750000e+02;2.1476024e-01;1.1750000e+02;1.8174177e-01;1.1750000e+02;1.3528472e-01;1.1750000e+02;8.7380156e-02;1.1750000e+02;4.4090807e-02;1.1750000e+02;3.8897600e-03;1.1750000e+02;8.6246431e-03;1.1750000e+02;1.8776512e-02;1.1750000e+02;3.2970961e-02;1.1750000e+02;4.9849793e-02;1.1750000e+02;6.9710031e-02;1.1750000e+02;9.1288298e-02;1.1750000e+02;1.1429241e-01;1.1750000e+02;1.3716497e-01;1.1750000e+02;1.5862048e-01;1.1750000e+02;1.8548760e-01;1.1750000e+02;2.1158963e-01;1.1750000e+02;2.2596906e-01;1.1750000e+02;2.1476024e-01;1.1750000e+02;1.8174177e-01;1.1750000e+02;1.3528472e-01;1.1750000e+02;8.7380156e-02;1.1750000e+02;4.4090807e-02;1.1750000e+02;3.8897600e-03;1.1750000e+02;8.6246431e-03;1.1750000e+02;1.8776512e-02;1.1750000e+02;3.2970961e-02;1.1750000e+02;4.9849793e-02;1.1750000e+02;6.9710031e-02;1.1750000e+02;9.1288298e-02;1.1750000e+02;1.1429241e-01;1.1750000e+02;1.3716497e-01;1.1750000e+02;1.5862048e-01;1.1750000e+02;1.8548760e-01;1.1750000e+02;2.1158963e-01;1.1750000e+02;2.2596906e-01;1.1750000e+02;2.1476024e-01;1.1750000e+02;1.8174177e-01;1.1750000e+02;1.3528472e-01;1.1750000e+02;8.7380156e-02;1.1750000e+02;4.4090807e-02;1.1750000e+02;3.8897600e-03;1.1750000e+02;8.6246431e-03;1.1750000e+02;1.8776512e-02;1.1750000e+02;3.2970961e-02;1.1750000e+02;4.9849793e-02;1.1750000e+02;6.9710031e-02;1.1750000e+02;9.1288298e-02;1.1750000e+02;1.1429241e-01;1.1750000e+02;1.3716497e-01;1.1750000e+02;1.5862048e-01;1.1750000e+02;1.8548760e-01;1.1750000e+02;2.1158963e-01;1.1750000e+02;2.2596906e-01;1.1750000e+02;2.1476024e-01;1.1750000e+02;1.8174177e-01;1.1750000e+02;1.3528472e-01;1.1750000e+02;8.7380156e-02;1.1750000e+02;4.4090807e-02;1.1750000e+02;3.8897600e-03;1.1750000e+02;8.6246431e-03;1.1750000e+02;1.8776512e-02;1.1750000e+02;3.2970961e-02;1.1750000e+02;4.9849793e-02;1.1750000e+02;6.9710031e-02;1.1750000e+02;9.1288298e-02;1.1750000e+02;1.1429241e-01;1.1750000e+02;1.3716497e-01;1.1750000e+02;1.5862048e-01;1.1750000e+02;1.8548760e-01;1.1750000e+02;2.1158963e-01;1.1750000e+02;2.2596906e-01;1.1750000e+02;2.1476024e-01;1.1750000e+02;1.8174177e-01;1.1750000e+02;1.3528472e-01;1.1750000e+02;8.7380156e-02;1.1750000e+02;4.4090807e-02;1.1750000e+02;3.8897600e-03;1.1750000e+02;8.6246431e-03;1.1750000e+02;1.8776512e-02;1.1750000e+02;3.2970961e-02;1.1750000e+02;4.9849793e-02;1.1750000e+02;6.9710031e-02;1.1750000e+02;9.1288298e-02;1.1750000e+02;1.1429241e-01;1.1750000e+02;1.3716497e-01;1.1750000e+02;1.5862048e-01;1.1750000e+02;1.8548760e-01;1.1750000e+02;2.1158963e-01;1.1750000e+02;2.2596906e-01;1.1750000e+02;2.1476024e-01;1.1750000e+02;1.8174177e-01;1.1750000e+02;1.3528472e-01;1.1750000e+02;8.7380156e-02;1.1750000e+02;4.4090807e-02;1.1750000e+02;3.8897600e-03;1.1750000e+02;8.6246431e-03;1.1750000e+02;1.8776512e-02;1.1750000e+02;3.2970961e-02;1.1750000e+02;4.9849793e-02;1.1750000e+02;6.9710031e-02;1.1750000e+02;9.1288298e-02;1.1750000e+02;1.1429241e-01;1.1750000e+02;1.3716497e-01;1.1750000e+02;1.5862048e-01;1.1750000e+02;1.8548760e-01;1.1750000e+02;2.1158963e-01;1.1750000e+02;2.2596906e-01;1.1750000e+02;2.1476024e-01;1.1750000e+02;1.8174177e-01;1.1750000e+02;1.3528472e-01;1.1750000e+02;8.7380156e-02;1.1750000e+02;4.4090807e-02;1.1750000e+02;3.8897600e-03;1.1750000e+02;8.6246431e-03;1.1750000e+02;1.8776512e-02;1.1750000e+02;3.2970961e-02;1.1750000e+02;4.9849793e-02;1.1750000e+02;6.9710031e-02;1.1750000e+02;9.1288298e-02;1.1750000e+02;1.1429241e-01;1.1750000e+02;1.3716497e-01;1.1750000e+02;1.5862048e-01;1.1750000e+02;1.8548760e-01;1.1750000e+02;2.1158963e-01;1.1750000e+02;2.2596906e-01;1.1750000e+02;2.1476024e-01;1.1750000e+02;1.8174177e-01;1.1750000e+02;1.3528472e-01;1.1750000e+02;8.7380156e-02;1.1750000e+02;4.4090807e-02;1.1750000e+02;3.8897600e-03;1.1750000e+02;8.6246431e-03;1.1750000e+02;1.8776512e-02;1.1750000e+02;3.2970961e-02;1.1750000e+02;4.9849793e-02;1.1750000e+02;6.9710031e-02;1.1750000e+02;9.1288298e-02;1.1750000e+02;1.1429241e-01;1.1750000e+02;1.3716497e-01;1.1750000e+02;1.5862048e-01;1.1750000e+02;1.8548760e-01;1.1750000e+02;2.1158963e-01;1.1750000e+02;2.2596906e-01;1.1750000e+02;2.1476024e-01;1.1750000e+02;1.8174177e-01;1.1750000e+02;1.3528472e-01;1.1750000e+02;8.7380156e-02;1.1750000e+02;4.4090807e-02;1.1750000e+02;3.8897600e-03;1.1750000e+02;8.6246431e-03;1.1750000e+02;1.8776512e-02;1.1750000e+02;3.2970961e-02;1.1750000e+02;4.9849793e-02;1.1750000e+02;6.9710031e-02;1.1750000e+02;9.1288298e-02;1.1750000e+02;1.1429241e-01;1.1750000e+02;1.3716497e-01;1.1750000e+02;1.5862048e-01;1.1750000e+02;1.8548760e-01;1.1750000e+02;2.1158963e-01;1.1750000e+02;2.2596906e-01;1.1750000e+02;2.1476024e-01;1.1750000e+02;1.8174177e-01;1.1750000e+02;1.3528472e-01;1.1750000e+02;8.7380156e-02;1.1750000e+02;4.4090807e-02;1.1750000e+02;3.8897600e-03;1.1750000e+02;8.6246431e-03;1.1750000e+02;1.8776512e-02;1.1750000e+02;3.2970961e-02;1.1750000e+02;4.9849793e-02;1.1750000e+02;6.9710031e-02;1.1750000e+02;9.1288298e-02;1.1750000e+02;1.1429241e-01;1.1750000e+02;1.3716497e-01;1.1750000e+02;1.5862048e-01;1.1750000e+02;1.8548760e-01;1.1750000e+02;2.1158963e-01;1.1750000e+02;2.2596906e-01;1.1750000e+02;2.1476024e-01;1.1750000e+02;1.8174177e-01;1.1750000e+02;1.3528472e-01;1.1750000e+02;8.7380156e-02;1.1750000e+02;4.4090807e-02;1.1750000e+02;3.8897600e-03;1.1750000e+02;8.6246431e-03;1.1750000e+02;1.8776512e-02;1.1750000e+02;3.2970961e-02;1.1750000e+02;4.9849793e-02;1.1750000e+02;6.9710031e-02;1.1750000e+02;9.1288298e-02;1.1750000e+02;1.1429241e-01;1.1750000e+02;1.3716497e-01;1.1750000e+02;1.5862048e-01;1.1750000e+02;1.8548760e-01;1.1750000e+02;2.1158963e-01;1.1750000e+02;2.2596906e-01;1.1750000e+02;2.1476024e-01;1.1750000e+02;1.8174177e-01;1.1750000e+02;1.3528472e-01;1.1750000e+02;8.7380156e-02;1.1750000e+02;4.4090807e-02;1.1750000e+02;3.8897600e-03;1.1750000e+02;8.6246431e-03;1.1750000e+02;1.8776512e-02;1.1750000e+02;3.2970961e-02;1.1750000e+02;4.9849793e-02;1.1750000e+02;6.9710031e-02;1.1750000e+02;9.1288298e-02;1.1750000e+02;1.1429241e-01;1.1750000e+02;1.3716497e-01;1.1750000e+02;1.5862048e-01;1.1750000e+02;1.8548760e-01;1.1750000e+02;2.1158963e-01;1.1750000e+02;2.2596906e-01;1.1750000e+02;2.1476024e-01;1.1750000e+02;1.8174177e-01;1.1750000e+02;1.3528472e-01;1.1750000e+02;8.7380156e-02;1.1750000e+02;4.4090807e-02;1.1750000e+02;3.8897600e-03;1.1750000e+02;8.6246431e-03;1.1750000e+02;1.8776512e-02;1.1750000e+02;3.2970961e-02;1.1750000e+02;4.9849793e-02;1.1750000e+02;6.9710031e-02;1.1750000e+02;9.1288298e-02;1.1750000e+02;1.1429241e-01;1.1750000e+02;1.3716497e-01;1.1750000e+02;1.5862048e-01;1.1750000e+02;1.8548760e-01;1.1750000e+02;2.1158963e-01;1.1750000e+02;2.2596906e-01;1.1750000e+02;2.1476024e-01;1.1750000e+02;1.8174177e-01;1.1750000e+02;1.3528472e-01;1.1750000e+02;8.7380156e-02;1.1750000e+02;4.4090807e-02;1.1750000e+02;3.8897600e-03;1.1750000e+02;8.6246431e-03;1.1750000e+02;1.8776512e-02;1.1750000e+02;3.2970961e-02;1.1750000e+02;4.9849793e-02;1.1750000e+02;6.9710031e-02;1.1750000e+02;9.1288298e-02;1.1750000e+02;1.1429241e-01;1.1750000e+02;1.3716497e-01;1.1750000e+02;1.5862048e-01;1.1750000e+02;1.8548760e-01;1.1750000e+02;2.1158963e-01;1.1750000e+02;2.2596906e-01;1.1750000e+02;2.1476024e-01;1.1750000e+02;1.8174177e-01;1.1750000e+02;1.3528472e-01;1.1750000e+02;8.7380156e-02;1.1750000e+02;4.4090807e-02;1.1750000e+02;3.8897600e-03;1.1750000e+02;8.6246431e-03;1.1750000e+02;1.8776512e-02;1.1750000e+02;3.2970961e-02;1.1750000e+02;4.9849793e-02;1.1750000e+02;6.9710031e-02;1.1750000e+02;9.1288298e-02;1.1750000e+02;1.1429241e-01;1.1750000e+02;1.3716497e-01;1.1750000e+02;1.5862048e-01;1.1750000e+02;1.8548760e-01;1.1750000e+02;2.1158963e-01;1.1750000e+02;2.2596906e-01;1.1750000e+02;2.1476024e-01;1.1750000e+02;1.8174177e-01;1.1750000e+02;1.3528472e-01;1.1750000e+02;8.7380156e-02;1.1750000e+02;4.4090807e-02;1.1750000e+02;3.8897600e-03;1.1750000e+02;8.6246431e-03;1.1750000e+02;1.8776512e-02;1.1750000e+02;3.2970961e-02;1.1750000e+02;4.9849793e-02;1.1750000e+02;6.9710031e-02;1.1750000e+02;9.1288298e-02;1.1750000e+02;1.1429241e-01;1.1750000e+02;1.3716497e-01;1.1750000e+02;1.5862048e-01;1.1750000e+02;1.8548760e-01;1.1750000e+02;2.1158963e-01;1.1750000e+02;2.2596906e-01;1.1750000e+02;2.1476024e-01;1.1750000e+02;1.8174177e-01;1.1750000e+02;1.3528472e-01;1.1750000e+02;8.7380156e-02;1.1750000e+02;4.4090807e-02;1.1750000e+02;3.8897600e-03;1.1750000e+02;8.6246431e-03;1.1750000e+02;1.8776512e-02;1.1750000e+02;3.2970961e-02;1.1750000e+02;4.9849793e-02;1.1750000e+02;6.9710031e-02;1.1750000e+02;9.1288298e-02;1.1750000e+02;1.1429241e-01;1.1750000e+02;1.3716497e-01;1.1750000e+02;1.5862048e-01;1.1750000e+02;1.8548760e-01;1.1750000e+02;2.1158963e-01;1.1750000e+02;2.2596906e-01;1.1750000e+02;2.1476024e-01;1.1750000e+02;1.8174177e-01;1.1750000e+02;1.3528472e-01;1.1750000e+02;8.7380156e-02;1.1750000e+02;4.4090807e-02;1.1750000e+02;3.8897600e-03;1.1750000e+02;8.6246431e-03;1.1750000e+02;1.8776512e-02;1.1750000e+02;3.2970961e-02;1.1750000e+02;4.9849793e-02;1.1750000e+02;6.9710031e-02;1.1750000e+02;9.1288298e-02;1.1750000e+02;1.1429241e-01;1.1750000e+02;1.3716497e-01;1.1750000e+02;1.5862048e-01;1.1750000e+02;1.8548760e-01;1.1750000e+02;2.1158963e-01;1.1750000e+02;2.2596906e-01;1.1750000e+02;2.1476024e-01;1.1750000e+02;1.8174177e-01;1.1750000e+02;1.3528472e-01;1.1750000e+02;8.7380156e-02;1.1750000e+02;4.4090807e-02;1.1750000e+02;3.8897600e-03;1.1750000e+02;8.6246431e-03;1.1750000e+02;1.8776512e-02;1.1750000e+02;3.2970961e-02;1.1750000e+02;4.9849793e-02;1.1750000e+02;6.9710031e-02;1.1750000e+02;9.1288298e-02;1.1750000e+02;1.1429241e-01;1.1750000e+02;1.3716497e-01;1.1750000e+02;1.5862048e-01;1.1750000e+02;1.8548760e-01;1.1750000e+02;2.1158963e-01;1.1750000e+02;2.2596906e-01;1.1750000e+02;2.1476024e-01;1.1750000e+02;1.8174177e-01;1.1750000e+02;1.3528472e-01;1.1750000e+02;8.7380156e-02;1.1750000e+02;4.4090807e-02;1.1750000e+02;3.8897600e-03;1.1750000e+02;8.6246431e-03;1.1750000e+02;1.8776512e-02;1.1750000e+02;3.2970961e-02;1.1750000e+02;4.9849793e-02;1.1750000e+02;6.9710031e-02;1.1750000e+02;9.1288298e-02;1.1750000e+02;1.1429241e-01;1.1750000e+02;1.3716497e-01;1.1750000e+02;1.5862048e-01;1.1750000e+02;1.8548760e-01;1.1750000e+02;2.1158963e-01;1.1750000e+02;2.2596906e-01;1.1750000e+02;2.1476024e-01;1.1750000e+02;1.8174177e-01;1.1750000e+02;1.3528472e-01;1.1750000e+02;8.7380156e-02;1.1750000e+02;4.4090807e-02
1.2250000e+02;6.9316886e-03;1.2250000e+02;1.1123409e-02;1.2250000e+02;1.9850146e-02;1.2250000e+02;3.3082474e-02;1.2250000e+02;4.9794018e-02;1.2250000e+02;7.0049495e-02;1.2250000e+02;9.3210608e-02;1.2250000e+02;1.1775054e-01;1.2250000e+02;1.4294396e-01;1.2250000e+02;1.6552766e-01;1.2250000e+02;1.9112693e-01;1.2250000e+02;2.1388282e-01;1.2250000e+02;2.2592057e-01;1.2250000e+02;2.1338198e-01;1.2250000e+02;1.8047769e-01;1.2250000e+02;1.3494475e-01;1.2250000e+02;8.8037282e-02;1.2250000e+02;4.5396894e-02;1.2250000e+02;6.9316886e-03;1.2250000e+02;1.1123409e-02;1.2250000e+02;1.9850146e-02;1.2250000e+02;3.3082474e-02;1.2250000e+02;4.9794018e-02;1.2250000e+02;7.0049495e-02;1.2250000e+02;9.3210608e-02;1.2250000e+02;1.1775054e-01;1.2250000e+02;1.4294396e-01;1.2250000e+02;1.6552766e-01;1.2250000e+02;1.9112693e-01;1.2250000e+02;2.1388282e-01;1.2250000e+02;2.2592057e-01;1.2250000e+02;2.1338198e-01;1.2250000e+02;1.8047769e-01;1.2250000e+02;1.3494475e-01;1.2250000e+02;8.8037282e-02;1.2250000e+02;4.5396894e-02;1.2250000e+02;6.9316886e-03;1.2250000e+02;1.1123409e-02;1.2250000e+02;1.9850146e-02;1.2250000e+02;3.3082474e-02;1.2250000e+02;4.9794018e-02;1.2250000e+02;7.0049495e-02;1.2250000e+02;9.3210608e-02;1.2250000e+02;1.1775054e-01;1.2250000e+02;1.4294396e-01;1.2250000e+02;1.6552766e-01;1.2250000e+02;1.9112693e-01;1.2250000e+02;2.1388282e-01;1.2250000e+02;2.2592057e-01;1.2250000e+02;2.1338198e-01;1.2250000e+02;1.8047769e-01;1.2250000e+02;1.3494475e-01;1.2250000e+02;8.8037282e-02;1.2250000e+02;4.5396894e-02;1.2250000e+02;6.9316886e-03;1.2250000e+02;1.1123409e-02;1.2250000e+02;1.9850146e-02;1.2250000e+02;3.3082474e-02;1.2250000e+02;4.9794018e-02;1.2250000e+02;7.0049495e-02;1.2250000e+02;9.3210608e-02;1.2250000e+02;1.1775054e-01;1.2250000e+02;1.4294396e-01;1.2250000e+02;1.6552766e-01;1.2250000e+02;1.9112693e-01;1.2250000e+02;2.1388282e-01;1.2250000e+02;2.2592057e-01;1.2250000e+02;2.1338198e-01;1.2250000e+02;1.8047769e-01;1.2250000e+02;1.3494475e-01;1.2250000e+02;8.8037282e-02;1.2250000e+02;4.5396894e-02;1.2250000e+02;6.9316886e-03;1.2250000e+02;1.1123409e-02;1.2250000e+02;1.9850146e-02;1.2250000e+02;3.3082474e-02;1.2250000e+02;4.9794018e-02;1.2250000e+02;7.0049495e-02;1.2250000e+02;9.3210608e-02;1.2250000e+02;1.1775054e-01;1.2250000e+02;1.4294396e-01;1.2250000e+02;1.6552766e-01;1.2250000e+02;1.9112693e-01;1.2250000e+02;2.1388282e-01;1.2250000e+02;2.2592057e-01;1.2250000e+02;2.1338198e-01;1.2250000e+02;1.8047769e-01;1.2250000e+02;1.3494475e-01;1.2250000e+02;8.8037282e-02;1.2250000e+02;4.5396894e-02;1.2250000e+02;6.9316886e-03;1.2250000e+02;1.1123409e-02;1.2250000e+02;1.9850146e-02;1.2250000e+02;3.3082474e-02;1.2250000e+02;4.9794018e-02;1.2250000e+02;7.0049495e-02;1.2250000e+02;9.3210608e-02;1.2250000e+02;1.1775054e-01;1.2250000e+02;1.4294396e-01;1.2250000e+02;1.6552766e-01;1.2250000e+02;1.9112693e-01;1.2250000e+02;2.1388282e-01;1.2250000e+02;2.2592057e-01;1.2250000e+02;2.1338198e-01;1.2250000e+02;1.8047769e-01;1.2250000e+02;1.3494475e-01;1.2250000e+02;8.8037282e-02;1.2250000e+02;4.5396894e-02;1.2250000e+02;6.9316886e-03;1.2250000e+02;1.1123409e-02;1.2250000e+02;1.9850146e-02;1.2250000e+02;3.3082474e-02;1.2250000e+02;4.9794018e-02;1.2250000e+02;7.0049495e-02;1.2250000e+02;9.3210608e-02;1.2250000e+02;1.1775054e-01;1.2250000e+02;1.4294396e-01;1.2250000e+02;1.6552766e-01;1.2250000e+02;1.9112693e-01;1.2250000e+02;2.1388282e-01;1.2250000e+02;2.2592057e-01;1.2250000e+02;2.1338198e-01;1.2250000e+02;1.8047769e-01;1.2250000e+02;1.3494475e-01;1.2250000e+02;8.8037282e-02;1.2250000e+02;4.5396894e-02;1.2250000e+02;6.9316886e-03;1.2250000e+02;1.1123409e-02;1.2250000e+02;1.9850146e-02;1.2250000e+02;3.3082474e-02;1.2250000e+02;4.9794018e-02;1.2250000e+02;7.0049495e-02;1.2250000e+02;9.3210608e-02;1.2250000e+02;1.1775054e-01;1.2250000e+02;1.4294396e-01;1.2250000e+02;1.6552766e-01;1.2250000e+02;1.9112693e-01;1.2250000e+02;2.1388282e-01;1.2250000e+02;2.2592057e-01;1.2250000e+02;2.1338198e-01;1.2250000e+02;1.8047769e-01;1.2250000e+02;1.3494475e-01;1.2250000e+02;8.8037282e-02;1.2250000e+02;4.5396894e-02;1.2250000e+02;6.9316886e-03;1.2250000e+02;1.1123409e-02;1.2250000e+02;1.9850146e-02;1.2250000e+02;3.3082474e-02;1.2250000e+02;4.9794018e-02;1.2250000e+02;7.0049495e-02;1.2250000e+02;9.3210608e-02;1.2250000e+02;1.1775054e-01;1.2250000e+02;1.4294396e-01;1.2250000e+02;1.6552766e-01;1.2250000e+02;1.9112693e-01;1.2250000e+02;2.1388282e-01;1.2250000e+02;2.2592057e-01;1.2250000e+02;2.1338198e-01;1.2250000e+02;1.8047769e-01;1.2250000e+02;1.3494475e-01;1.2250000e+02;8.8037282e-02;1.2250000e+02;4.5396894e-02;1.2250000e+02;6.9316886e-03;1.2250000e+02;1.1123409e-02;1.2250000e+02;1.9850146e-02;1.2250000e+02;3.3082474e-02;1.2250000e+02;4.9794018e-02;1.2250000e+02;7.0049495e-02;1.2250000e+02;9.3210608e-02;1.2250000e+02;1.1775054e-01;1.2250000e+02;1.4294396e-01;1.2250000e+02;1.6552766e-01;1.2250000e+02;1.9112693e-01;1.2250000e+02;2.1388282e-01;1.2250000e+02;2.2592057e-01;1.2250000e+02;2.1338198e-01;1.2250000e+02;1.8047769e-01;1.2250000e+02;1.3494475e-01;1.2250000e+02;8.8037282e-02;1.2250000e+02;4.5396894e-02;1.2250000e+02;6.9316886e-03;1.2250000e+02;1.1123409e-02;1.2250000e+02;1.9850146e-02;1.2250000e+02;3.3082474e-02;1.2250000e+02;4.9794018e-02;1.2250000e+02;7.0049495e-02;1.2250000e+02;9.3210608e-02;1.2250000e+02;1.1775054e-01;1.2250000e+02;1.4294396e-01;1.2250000e+02;1.6552766e-01;1.2250000e+02;1.9112693e-01;1.2250000e+02;2.1388282e-01;1.2250000e+02;2.2592057e-01;1.2250000e+02;2.1338198e-01;1.2250000e+02;1.8047769e-01;1.2250000e+02;1.3494475e-01;1.2250000e+02;8.8037282e-02;1.2250000e+02;4.5396894e-02;1.2250000e+02;6.9316886e-03;1.2250000e+02;1.1123409e-02;1.2250000e+02;1.9850146e-02;1.2250000e+02;3.3082474e-02;1.2250000e+02;4.9794018e-02;1.2250000e+02;7.0049495e-02;1.2250000e+02;9.3210608e-02;1.2250000e+02;1.1775054e-01;1.2250000e+02;1.4294396e-01;1.2250000e+02;1.6552766e-01;1.2250000e+02;1.9112693e-01;1.2250000e+02;2.1388282e-01;1.2250000e+02;2.2592057e-01;1.2250000e+02;2.1338198e-01;1.2250000e+02;1.8047769e-01;1.2250000e+02;1.3494475e-01;1.2250000e+02;8.8037282e-02;1.2250000e+02;4.5396894e-02;1.2250000e+02;6.9316886e-03;1.2250000e+02;1.1123409e-02;1.2250000e+02;1.9850146e-02;1.2250000e+02;3.3082474e-02;1.2250000e+02;4.9794018e-02;1.2250000e+02;7.0049495e-02;1.2250000e+02;9.3210608e-02;1.2250000e+02;1.1775054e-01;1.2250000e+02;1.4294396e-01;1.2250000e+02;1.6552766e-01;1.2250000e+02;1.9112693e-01;1.2250000e+02;2.1388282e-01;1.2250000e+02;2.2592057e-01;1.2250000e+02;2.1338198e-01;1.2250000e+02;1.8047769e-01;1.2250000e+02;1.3494475e-01;1.2250000e+02;8.8037282e-02;1.2250000e+02;4.5396894e-02;1.2250000e+02;6.9316886e-03;1.2250000e+02;1.1123409e-02;1.2250000e+02;1.9850146e-02;1.2250000e+02;3.3082474e-02;1.2250000e+02;4.9794018e-02;1.2250000e+02;7.0049495e-02;1.2250000e+02;9.3210608e-02;1.2250000e+02;1.1775054e-01;1.2250000e+02;1.4294396e-01;1.2250000e+02;1.6552766e-01;1.2250000e+02;1.9112693e-01;1.2250000e+02;2.1388282e-01;1.2250000e+02;2.2592057e-01;1.2250000e+02;2.1338198e-01;1.2250000e+02;1.8047769e-01;1.2250000e+02;1.3494475e-01;1.2250000e+02;8.8037282e-02;1.2250000e+02;4.5396894e-02;1.2250000e+02;6.9316886e-03;1.2250000e+02;1.1123409e-02;1.2250000e+02;1.9850146e-02;1.2250000e+02;3.3082474e-02;1.2250000e+02;4.9794018e-02;1.2250000e+02;7.0049495e-02;1.2250000e+02;9.3210608e-02;1.2250000e+02;1.1775054e-01;1.2250000e+02;1.4294396e-01;1.2250000e+02;1.6552766e-01;1.2250000e+02;1.9112693e-01;1.2250000e+02;2.1388282e-01;1.2250000e+02;2.2592057e-01;1.2250000e+02;2.1338198e-01;1.2250000e+02;1.8047769e-01;1.2250000e+02;1.3494475e-01;1.2250000e+02;8.8037282e-02;1.2250000e+02;4.5396894e-02;1.2250000e+02;6.9316886e-03;1.2250000e+02;1.1123409e-02;1.2250000e+02;1.9850146e-02;1.2250000e+02;3.3082474e-02;1.2250000e+02;4.9794018e-02;1.2250000e+02;7.0049495e-02;1.2250000e+02;9.3210608e-02;1.2250000e+02;1.1775054e-01;1.2250000e+02;1.4294396e-01;1.2250000e+02;1.6552766e-01;1.2250000e+02;1.9112693e-01;1.2250000e+02;2.1388282e-01;1.2250000e+02;2.2592057e-01;1.2250000e+02;2.1338198e-01;1.2250000e+02;1.8047769e-01;1.2250000e+02;1.3494475e-01;1.2250000e+02;8.8037282e-02;1.2250000e+02;4.5396894e-02;1.2250000e+02;6.9316886e-03;1.2250000e+02;1.1123409e-02;1.2250000e+02;1.9850146e-02;1.2250000e+02;3.3082474e-02;1.2250000e+02;4.9794018e-02;1.2250000e+02;7.0049495e-02;1.2250000e+02;9.3210608e-02;1.2250000e+02;1.1775054e-01;1.2250000e+02;1.4294396e-01;1.2250000e+02;1.6552766e-01;1.2250000e+02;1.9112693e-01;1.2250000e+02;2.1388282e-01;1.2250000e+02;2.2592057e-01;1.2250000e+02;2.1338198e-01;1.2250000e+02;1.8047769e-01;1.2250000e+02;1.3494475e-01;1.2250000e+02;8.8037282e-02;1.2250000e+02;4.5396894e-02;1.2250000e+02;6.9316886e-03;1.2250000e+02;1.1123409e-02;1.2250000e+02;1.9850146e-02;1.2250000e+02;3.3082474e-02;1.2250000e+02;4.9794018e-02;1.2250000e+02;7.0049495e-02;1.2250000e+02;9.3210608e-02;1.2250000e+02;1.1775054e-01;1.2250000e+02;1.4294396e-01;1.2250000e+02;1.6552766e-01;1.2250000e+02;1.9112693e-01;1.2250000e+02;2.1388282e-01;1.2250000e+02;2.2592057e-01;1.2250000e+02;2.1338198e-01;1.2250000e+02;1.8047769e-01;1.2250000e+02;1.3494475e-01;1.2250000e+02;8.8037282e-02;1.2250000e+02;4.5396894e-02;1.2250000e+02;6.9316886e-03;1.2250000e+02;1.1123409e-02;1.2250000e+02;1.9850146e-02;1.2250000e+02;3.3082474e-02;1.2250000e+02;4.9794018e-02;1.2250000e+02;7.0049495e-02;1.2250000e+02;9.3210608e-02;1.2250000e+02;1.1775054e-01;1.2250000e+02;1.4294396e-01;1.2250000e+02;1.6552766e-01;1.2250000e+02;1.9112693e-01;1.2250000e+02;2.1388282e-01;1.2250000e+02;2.2592057e-01;1.2250000e+02;2.1338198e-01;1.2250000e+02;1.8047769e-01;1.2250000e+02;1.3494475e-01;1.2250000e+02;8.8037282e-02;1.2250000e+02;4.5396894e-02;1.2250000e+02;6.9316886e-03;1.2250000e+02;1.1123409e-02;1.2250000e+02;1.9850146e-02;1.2250000e+02;3.3082474e-02;1.2250000e+02;4.9794018e-02;1.2250000e+02;7.0049495e-02;1.2250000e+02;9.3210608e-02;1.2250000e+02;1.1775054e-01;1.2250000e+02;1.4294396e-01;1.2250000e+02;1.6552766e-01;1.2250000e+02;1.9112693e-01;1.2250000e+02;2.1388282e-01;1.2250000e+02;2.2592057e-01;1.2250000e+02;2.1338198e-01;1.2250000e+02;1.8047769e-01;1.2250000e+02;1.3494475e-01;1.2250000e+02;8.8037282e-02;1.2250000e+02;4.5396894e-02;1.2250000e+02;6.9316886e-03;1.2250000e+02;1.1123409e-02;1.2250000e+02;1.9850146e-02;1.2250000e+02;3.3082474e-02;1.2250000e+02;4.9794018e-02;1.2250000e+02;7.0049495e-02;1.2250000e+02;9.3210608e-02;1.2250000e+02;1.1775054e-01;1.2250000e+02;1.4294396e-01;1.2250000e+02;1.6552766e-01;1.2250000e+02;1.9112693e-01;1.2250000e+02;2.1388282e-01;1.2250000e+02;2.2592057e-01;1.2250000e+02;2.1338198e-01;1.2250000e+02;1.8047769e-01;1.2250000e+02;1.3494475e-01;1.2250000e+02;8.8037282e-02;1.2250000e+02;4.5396894e-02;1.2250000e+02;6.9316886e-03;1.2250000e+02;1.1123409e-02;1.2250000e+02;1.9850146e-02;1.2250000e+02;3.3082474e-02;1.2250000e+02;4.9794018e-02;1.2250000e+02;7.0049495e-02;1.2250000e+02;9.3210608e-02;1.2250000e+02;1.1775054e-01;1.2250000e+02;1.4294396e-01;1.2250000e+02;1.6552766e-01;1.2250000e+02;1.9112693e-01;1.2250000e+02;2.1388282e-01;1.2250000e+02;2.2592057e-01;1.2250000e+02;2.1338198e-01;1.2250000e+02;1.8047769e-01;1.2250000e+02;1.3494475e-01;1.2250000e+02;8.8037282e-02;1.2250000e+02;4.5396894e-02;1.2250000e+02;6.9316886e-03;1.2250000e+02;1.1123409e-02;1.2250000e+02;1.9850146e-02;1.2250000e+02;3.3082474e-02;1.2250000e+02;4.9794018e-02;1.2250000e+02;7.0049495e-02;1.2250000e+02;9.3210608e-02;1.2250000e+02;1.1775054e-01;1.2250000e+02;1.4294396e-01;1.2250000e+02;1.6552766e-01;1.2250000e+02;1.9112693e-01;1.2250000e+02;2.1388282e-01;1.2250000e+02;2.2592057e-01;1.2250000e+02;2.1338198e-01;1.2250000e+02;1.8047769e-01;1.2250000e+02;1.3494475e-01;1.2250000e+02;8.8037282e-02;1.2250000e+02;4.5396894e-02;1.2250000e+02;6.9316886e-03;1.2250000e+02;1.1123409e-02;1.2250000e+02;1.9850146e-02;1.2250000e+02;3.3082474e-02;1.2250000e+02;4.9794018e-02;1.2250000e+02;7.0049495e-02;1.2250000e+02;9.3210608e-02;1.2250000e+02;1.1775054e-01;1.2250000e+02;1.4294396e-01;1.2250000e+02;1.6552766e-01;1.2250000e+02;1.9112693e-01;1.2250000e+02;2.1388282e-01;1.2250000e+02;2.2592057e-01;1.2250000e+02;2.1338198e-01;1.2250000e+02;1.8047769e-01;1.2250000e+02;1.3494475e-01;1.2250000e+02;8.8037282e-02;1.2250000e+02;4.5396894e-02;1.2250000e+02;6.9316886e-03;1.2250000e+02;1.1123409e-02;1.2250000e+02;1.9850146e-02;1.2250000e+02;3.3082474e-02;1.2250000e+02;4.9794018e-02;1.2250000e+02;7.0049495e-02;1.2250000e+02;9.3210608e-02;1.2250000e+02;1.1775054e-01;1.2250000e+02;1.4294396e-01;1.2250000e+02;1.6552766e-01;1.2250000e+02;1.9112693e-01;1.2250000e+02;2.1388282e-01;1.2250000e+02;2.2592057e-01;1.2250000e+02;2.1338198e-01;1.2250000e+02;1.8047769e-01;1.2250000e+02;1.3494475e-01;1.2250000e+02;8.8037282e-02;1.2250000e+02;4.5396894e-02;1.2250000e+02;6.9316886e-03;1.2250000e+02;1.1123409e-02;1.2250000e+02;1.9850146e-02;1.2250000e+02;3.3082474e-02;1.2250000e+02;4.9794018e-02;1.2250000e+02;7.0049495e-02;1.2250000e+02;9.3210608e-02;1.2250000e+02;1.1775054e-01;1.2250000e+02;1.4294396e-01;1.2250000e+02;1.6552766e-01;1.2250000e+02;1.9112693e-01;1.2250000e+02;2.1388282e-01;1.2250000e+02;2.2592057e-01;1.2250000e+02;2.1338198e-01;1.2250000e+02;1.8047769e-01;1.2250000e+02;1.3494475e-01;1.2250000e+02;8.8037282e-02;1.2250000e+02;4.5396894e-02;1.2250000e+02;6.9316886e-03;1.2250000e+02;1.1123409e-02;1.2250000e+02;1.9850146e-02;1.2250000e+02;3.3082474e-02;1.2250000e+02;4.9794018e-02;1.2250000e+02;7.0049495e-02;1.2250000e+02;9.3210608e-02;1.2250000e+02;1.1775054e-01;1.2250000e+02;1.4294396e-01;1.2250000e+02;1.6552766e-01;1.2250000e+02;1.9112693e-01;1.2250000e+02;2.1388282e-01;1.2250000e+02;2.2592057e-01;1.2250000e+02;2.1338198e-01;1.2250000e+02;1.8047769e-01;1.2250000e+02;1.3494475e-01;1.2250000e+02;8.8037282e-02;1.2250000e+02;4.5396894e-02;1.2250000e+02;6.9316886e-03;1.2250000e+02;1.1123409e-02;1.2250000e+02;1.9850146e-02;1.2250000e+02;3.3082474e-02;1.2250000e+02;4.9794018e-02;1.2250000e+02;7.0049495e-02;1.2250000e+02;9.3210608e-02;1.2250000e+02;1.1775054e-01;1.2250000e+02;1.4294396e-01;1.2250000e+02;1.6552766e-01;1.2250000e+02;1.9112693e-01;1.2250000e+02;2.1388282e-01;1.2250000e+02;2.2592057e-01;1.2250000e+02;2.1338198e-01;1.2250000e+02;1.8047769e-01;1.2250000e+02;1.3494475e-01;1.2250000e+02;8.8037282e-02;1.2250000e+02;4.5396894e-02;1.2250000e+02;6.9316886e-03;1.2250000e+02;1.1123409e-02;1.2250000e+02;1.9850146e-02;1.2250000e+02;3.3082474e-02;1.2250000e+02;4.9794018e-02;1.2250000e+02;7.0049495e-02;1.2250000e+02;9.3210608e-02;1.2250000e+02;1.1775054e-01;1.2250000e+02;1.4294396e-01;1.2250000e+02;1.6552766e-01;1.2250000e+02;1.9112693e-01;1.2250000e+02;2.1388282e-01;1.2250000e+02;2.2592057e-01;1.2250000e+02;2.1338198e-01;1.2250000e+02;1.8047769e-01;1.2250000e+02;1.3494475e-01;1.2250000e+02;8.8037282e-02;1.2250000e+02;4.5396894e-02;1.2250000e+02;6.9316886e-03;1.2250000e+02;1.1123409e-02;1.2250000e+02;1.9850146e-02;1.2250000e+02;3.3082474e-02;1.2250000e+02;4.9794018e-02;1.2250000e+02;7.0049495e-02;1.2250000e+02;9.3210608e-02;1.2250000e+02;1.1775054e-01;1.2250000e+02;1.4294396e-01;1.2250000e+02;1.6552766e-01;1.2250000e+02;1.9112693e-01;1.2250000e+02;2.1388282e-01;1.2250000e+02;2.2592057e-01;1.2250000e+02;2.1338198e-01;1.2250000e+02;1.8047769e-01;1.2250000e+02;1.3494475e-01;1.2250000e+02;8.8037282e-02;1.2250000e+02;4.5396894e-02;1.2250000e+02;6.9316886e-03;1.2250000e+02;1.1123409e-02;1.2250000e+02;1.9850146e-02;1.2250000e+02;3.3082474e-02;1.2250000e+02;4.9794018e-02;1.2250000e+02;7.0049495e-02;1.2250000e+02;9.3210608e-02;1.2250000e+02;1.1775054e-01;1.2250000e+02;1.4294396e-01;1.2250000e+02;1.6552766e-01;1.2250000e+02;1.9112693e-01;1.2250000e+02;2.1388282e-01;1.2250000e+02;2.2592057e-01;1.2250000e+02;2.1338198e-01;1.2250000e+02;1.8047769e-01;1.2250000e+02;1.3494475e-01;1.2250000e+02;8.8037282e-02;1.2250000e+02;4.5396894e-02;1.2250000e+02;6.9316886e-03;1.2250000e+02;1.1123409e-02;1.2250000e+02;1.9850146e-02;1.2250000e+02;3.3082474e-02;1.2250000e+02;4.9794018e-02;1.2250000e+02;7.0049495e-02;1.2250000e+02;9.3210608e-02;1.2250000e+02;1.1775054e-01;1.2250000e+02;1.4294396e-01;1.2250000e+02;1.6552766e-01;1.2250000e+02;1.9112693e-01;1.2250000e+02;2.1388282e-01;1.2250000e+02;2.2592057e-01;1.2250000e+02;2.1338198e-01;1.2250000e+02;1.8047769e-01;1.2250000e+02;1.3494475e-01;1.2250000e+02;8.8037282e-02;1.2250000e+02;4.5396894e-02;1.2250000e+02;6.9316886e-03;1.2250000e+02;1.1123409e-02;1.2250000e+02;1.9850146e-02;1.2250000e+02;3.3082474e-02;1.2250000e+02;4.9794018e-02;1.2250000e+02;7.0049495e-02;1.2250000e+02;9.3210608e-02;1.2250000e+02;1.1775054e-01;1.2250000e+02;1.4294396e-01;1.2250000e+02;1.6552766e-01;1.2250000e+02;1.9112693e-01;1.2250000e+02;2.1388282e-01;1.2250000e+02;2.2592057e-01;1.2250000e+02;2.1338198e-01;1.2250000e+02;1.8047769e-01;1.2250000e+02;1.3494475e-01;1.2250000e+02;8.8037282e-02;1.2250000e+02;4.5396894e-02;1.2250000e+02;6.9316886e-03;1.2250000e+02;1.1123409e-02;1.2250000e+02;1.9850146e-02;1.2250000e+02;3.3082474e-02;1.2250000e+02;4.9794018e-02;1.2250000e+02;7.0049495e-02;1.2250000e+02;9.3210608e-02;1.2250000e+02;1.1775054e-01;1.2250000e+02;1.4294396e-01;1.2250000e+02;1.6552766e-01;1.2250000e+02;1.9112693e-01;1.2250000e+02;2.1388282e-01;1.2250000e+02;2.2592057e-01;1.2250000e+02;2.1338198e-01;1.2250000e+02;1.8047769e-01;1.2250000e+02;1.3494475e-01;1.2250000e+02;8.8037282e-02;1.2250000e+02;4.5396894e-02;1.2250000e+02;6.9316886e-03;1.2250000e+02;1.1123409e-02;1.2250000e+02;1.9850146e-02;1.2250000e+02;3.3082474e-02;1.2250000e+02;4.9794018e-02;1.2250000e+02;7.0049495e-02;1.2250000e+02;9.3210608e-02;1.2250000e+02;1.1775054e-01;1.2250000e+02;1.4294396e-01;1.2250000e+02;1.6552766e-01;1.2250000e+02;1.9112693e-01;1.2250000e+02;2.1388282e-01;1.2250000e+02;2.2592057e-01;1.2250000e+02;2.1338198e-01;1.2250000e+02;1.8047769e-01;1.2250000e+02;1.3494475e-01;1.2250000e+02;8.8037282e-02;1.2250000e+02;4.5396894e-02;1.2250000e+02;6.9316886e-03;1.2250000e+02;1.1123409e-02;1.2250000e+02;1.9850146e-02;1.2250000e+02;3.3082474e-02;1.2250000e+02;4.9794018e-02;1.2250000e+02;7.0049495e-02;1.2250000e+02;9.3210608e-02;1.2250000e+02;1.1775054e-01;1.2250000e+02;1.4294396e-01;1.2250000e+02;1.6552766e-01;1.2250000e+02;1.9112693e-01;1.2250000e+02;2.1388282e-01;1.2250000e+02;2.2592057e-01;1.2250000e+02;2.1338198e-01;1.2250000e+02;1.8047769e-01;1.2250000e+02;1.3494475e-01;1.2250000e+02;8.8037282e-02;1.2250000e+02;4.5396894e-02;1.2250000e+02;6.9316886e-03;1.2250000e+02;1.1123409e-02;1.2250000e+02;1.9850146e-02;1.2250000e+02;3.3082474e-02;1.2250000e+02;4.9794018e-02;1.2250000e+02;7.0049495e-02;1.2250000e+02;9.3210608e-02;1.2250000e+02;1.1775054e-01;1.2250000e+02;1.4294396e-01;1.2250000e+02;1.6552766e-01;1.2250000e+02;1.9112693e-01;1.2250000e+02;2.1388282e-01;1.2250000e+02;2.2592057e-01;1.2250000e+02;2.1338198e-01;1.2250000e+02;1.8047769e-01;1.2250000e+02;1.3494475e-01;1.2250000e+02;8.8037282e-02;1.2250000e+02;4.5396894e-02;1.2250000e+02;6.9316886e-03;1.2250000e+02;1.1123409e-02;1.2250000e+02;1.9850146e-02;1.2250000e+02;3.3082474e-02;1.2250000e+02;4.9794018e-02;1.2250000e+02;7.0049495e-02;1.2250000e+02;9.3210608e-02;1.2250000e+02;1.1775054e-01;1.2250000e+02;1.4294396e-01;1.2250000e+02;1.6552766e-01;1.2250000e+02;1.9112693e-01;1.2250000e+02;2.1388282e-01;1.2250000e+02;2.2592057e-01;1.2250000e+02;2.1338198e-01;1.2250000e+02;1.8047769e-01;1.2250000e+02;1.3494475e-01;1.2250000e+02;8.8037282e-02;1.2250000e+02;4.5396894e-02;1.2250000e+02;6.9316886e-03;1.2250000e+02;1.1123409e-02;1.2250000e+02;1.9850146e-02;1.2250000e+02;3.3082474e-02;1.2250000e+02;4.9794018e-02;1.2250000e+02;7.0049495e-02;1.2250000e+02;9.3210608e-02;1.2250000e+02;1.1775054e-01;1.2250000e+02;1.4294396e-01;1.2250000e+02;1.6552766e-01;1.2250000e+02;1.9112693e-01;1.2250000e+02;2.1388282e-01;1.2250000e+02;2.2592057e-01;1.2250000e+02;2.1338198e-01;1.2250000e+02;1.8047769e-01;1.2250000e+02;1.3494475e-01;1.2250000e+02;8.8037282e-02;1.2250000e+02;4.5396894e-02;1.2250000e+02;6.9316886e-03;1.2250000e+02;1.1123409e-02;1.2250000e+02;1.9850146e-02;1.2250000e+02;3.3082474e-02;1.2250000e+02;4.9794018e-02;1.2250000e+02;7.0049495e-02;1.2250000e+02;9.3210608e-02;1.2250000e+02;1.1775054e-01;1.2250000e+02;1.4294396e-01;1.2250000e+02;1.6552766e-01;1.2250000e+02;1.9112693e-01;1.2250000e+02;2.1388282e-01;1.2250000e+02;2.2592057e-01;1.2250000e+02;2.1338198e-01;1.2250000e+02;1.8047769e-01;1.2250000e+02;1.3494475e-01;1.2250000e+02;8.8037282e-02;1.2250000e+02;4.5396894e-02;1.2250000e+02;6.9316886e-03;1.2250000e+02;1.1123409e-02;1.2250000e+02;1.9850146e-02;1.2250000e+02;3.3082474e-02;1.2250000e+02;4.9794018e-02;1.2250000e+02;7.0049495e-02;1.2250000e+02;9.3210608e-02;1.2250000e+02;1.1775054e-01;1.2250000e+02;1.4294396e-01;1.2250000e+02;1.6552766e-01;1.2250000e+02;1.9112693e-01;1.2250000e+02;2.1388282e-01;1.2250000e+02;2.2592057e-01;1.2250000e+02;2.1338198e-01;1.2250000e+02;1.8047769e-01;1.2250000e+02;1.3494475e-01;1.2250000e+02;8.8037282e-02;1.2250000e+02;4.5396894e-02;1.2250000e+02;6.9316886e-03;1.2250000e+02;1.1123409e-02;1.2250000e+02;1.9850146e-02;1.2250000e+02;3.3082474e-02;1.2250000e+02;4.9794018e-02;1.2250000e+02;7.0049495e-02;1.2250000e+02;9.3210608e-02;1.2250000e+02;1.1775054e-01;1.2250000e+02;1.4294396e-01;1.2250000e+02;1.6552766e-01;1.2250000e+02;1.9112693e-01;1.2250000e+02;2.1388282e-01;1.2250000e+02;2.2592057e-01;1.2250000e+02;2.1338198e-01;1.2250000e+02;1.8047769e-01;1.2250000e+02;1.3494475e-01;1.2250000e+02;8.8037282e-02;1.2250000e+02;4.5396894e-02;1.2250000e+02;6.9316886e-03;1.2250000e+02;1.1123409e-02;1.2250000e+02;1.9850146e-02;1.2250000e+02;3.3082474e-02;1.2250000e+02;4.9794018e-02;1.2250000e+02;7.0049495e-02;1.2250000e+02;9.3210608e-02;1.2250000e+02;1.1775054e-01;1.2250000e+02;1.4294396e-01;1.2250000e+02;1.6552766e-01;1.2250000e+02;1.9112693e-01;1.2250000e+02;2.1388282e-01;1.2250000e+02;2.2592057e-01;1.2250000e+02;2.1338198e-01;1.2250000e+02;1.8047769e-01;1.2250000e+02;1.3494475e-01;1.2250000e+02;8.8037282e-02;1.2250000e+02;4.5396894e-02;1.2250000e+02;6.9316886e-03;1.2250000e+02;1.1123409e-02;1.2250000e+02;1.9850146e-02;1.2250000e+02;3.3082474e-02;1.2250000e+02;4.9794018e-02;1.2250000e+02;7.0049495e-02;1.2250000e+02;9.3210608e-02;1.2250000e+02;1.1775054e-01;1.2250000e+02;1.4294396e-01;1.2250000e+02;1.6552766e-01;1.2250000e+02;1.9112693e-01;1.2250000e+02;2.1388282e-01;1.2250000e+02;2.2592057e-01;1.2250000e+02;2.1338198e-01;1.2250000e+02;1.8047769e-01;1.2250000e+02;1.3494475e-01;1.2250000e+02;8.8037282e-02;1.2250000e+02;4.5396894e-02;1.2250000e+02;6.9316886e-03;1.2250000e+02;1.1123409e-02;1.2250000e+02;1.9850146e-02;1.2250000e+02;3.3082474e-02;1.2250000e+02;4.9794018e-02;1.2250000e+02;7.0049495e-02;1.2250000e+02;9.3210608e-02;1.2250000e+02;1.1775054e-01;1.2250000e+02;1.4294396e-01;1.2250000e+02;1.6552766e-01;1.2250000e+02;1.9112693e-01;1.2250000e+02;2.1388282e-01;1.2250000e+02;2.2592057e-01;1.2250000e+02;2.1338198e-01;1.2250000e+02;1.8047769e-01;1.2250000e+02;1.3494475e-01;1.2250000e+02;8.8037282e-02;1.2250000e+02;4.5396894e-02;1.2250000e+02;6.9316886e-03;1.2250000e+02;1.1123409e-02;1.2250000e+02;1.9850146e-02;1.2250000e+02;3.3082474e-02;1.2250000e+02;4.9794018e-02;1.2250000e+02;7.0049495e-02;1.2250000e+02;9.3210608e-02;1.2250000e+02;1.1775054e-01;1.2250000e+02;1.4294396e-01;1.2250000e+02;1.6552766e-01;1.2250000e+02;1.9112693e-01;1.2250000e+02;2.1388282e-01;1.2250000e+02;2.2592057e-01;1.2250000e+02;2.1338198e-01;1.2250000e+02;1.8047769e-01;1.2250000e+02;1.3494475e-01;1.2250000e+02;8.8037282e-02;1.2250000e+02;4.5396894e-02;1.2250000e+02;6.9316886e-03;1.2250000e+02;1.1123409e-02;1.2250000e+02;1.9850146e-02;1.2250000e+02;3.3082474e-02;1.2250000e+02;4.9794018e-02;1.2250000e+02;7.0049495e-02;1.2250000e+02;9.3210608e-02;1.2250000e+02;1.1775054e-01;1.2250000e+02;1.4294396e-01;1.2250000e+02;1.6552766e-01;1.2250000e+02;1.9112693e-01;1.2250000e+02;2.1388282e-01;1.2250000e+02;2.2592057e-01;1.2250000e+02;2.1338198e-01;1.2250000e+02;1.8047769e-01;1.2250000e+02;1.3494475e-01;1.2250000e+02;8.8037282e-02;1.2250000e+02;4.5396894e-02;1.2250000e+02;6.9316886e-03;1.2250000e+02;1.1123409e-02;1.2250000e+02;1.9850146e-02;1.2250000e+02;3.3082474e-02;1.2250000e+02;4.9794018e-02;1.2250000e+02;7.0049495e-02;1.2250000e+02;9.3210608e-02;1.2250000e+02;1.1775054e-01;1.2250000e+02;1.4294396e-01;1.2250000e+02;1.6552766e-01;1.2250000e+02;1.9112693e-01;1.2250000e+02;2.1388282e-01;1.2250000e+02;2.2592057e-01;1.2250000e+02;2.1338198e-01;1.2250000e+02;1.8047769e-01;1.2250000e+02;1.3494475e-01;1.2250000e+02;8.8037282e-02;1.2250000e+02;4.5396894e-02;1.2250000e+02;6.9316886e-03;1.2250000e+02;1.1123409e-02;1.2250000e+02;1.9850146e-02;1.2250000e+02;3.3082474e-02;1.2250000e+02;4.9794018e-02;1.2250000e+02;7.0049495e-02;1.2250000e+02;9.3210608e-02;1.2250000e+02;1.1775054e-01;1.2250000e+02;1.4294396e-01;1.2250000e+02;1.6552766e-01;1.2250000e+02;1.9112693e-01;1.2250000e+02;2.1388282e-01;1.2250000e+02;2.2592057e-01;1.2250000e+02;2.1338198e-01;1.2250000e+02;1.8047769e-01;1.2250000e+02;1.3494475e-01;1.2250000e+02;8.8037282e-02;1.2250000e+02;4.5396894e-02;1.2250000e+02;6.9316886e-03;1.2250000e+02;1.1123409e-02;1.2250000e+02;1.9850146e-02;1.2250000e+02;3.3082474e-02;1.2250000e+02;4.9794018e-02;1.2250000e+02;7.0049495e-02;1.2250000e+02;9.3210608e-02;1.2250000e+02;1.1775054e-01;1.2250000e+02;1.4294396e-01;1.2250000e+02;1.6552766e-01;1.2250000e+02;1.9112693e-01;1.2250000e+02;2.1388282e-01;1.2250000e+02;2.2592057e-01;1.2250000e+02;2.1338198e-01;1.2250000e+02;1.8047769e-01;1.2250000e+02;1.3494475e-01;1.2250000e+02;8.8037282e-02;1.2250000e+02;4.5396894e-02;1.2250000e+02;6.9316886e-03;1.2250000e+02;1.1123409e-02;1.2250000e+02;1.9850146e-02;1.2250000e+02;3.3082474e-02;1.2250000e+02;4.9794018e-02;1.2250000e+02;7.0049495e-02;1.2250000e+02;9.3210608e-02;1.2250000e+02;1.1775054e-01;1.2250000e+02;1.4294396e-01;1.2250000e+02;1.6552766e-01;1.2250000e+02;1.9112693e-01;1.2250000e+02;2.1388282e-01;1.2250000e+02;2.2592057e-01;1.2250000e+02;2.1338198e-01;1.2250000e+02;1.8047769e-01;1.2250000e+02;1.3494475e-01;1.2250000e+02;8.8037282e-02;1.2250000e+02;4.5396894e-02;1.2250000e+02;6.9316886e-03;1.2250000e+02;1.1123409e-02;1.2250000e+02;1.9850146e-02;1.2250000e+02;3.3082474e-02;1.2250000e+02;4.9794018e-02;1.2250000e+02;7.0049495e-02;1.2250000e+02;9.3210608e-02;1.2250000e+02;1.1775054e-01;1.2250000e+02;1.4294396e-01;1.2250000e+02;1.6552766e-01;1.2250000e+02;1.9112693e-01;1.2250000e+02;2.1388282e-01;1.2250000e+02;2.2592057e-01;1.2250000e+02;2.1338198e-01;1.2250000e+02;1.8047769e-01;1.2250000e+02;1.3494475e-01;1.2250000e+02;8.8037282e-02;1.2250000e+02;4.5396894e-02;1.2250000e+02;6.9316886e-03;1.2250000e+02;1.1123409e-02;1.2250000e+02;1.9850146e-02;1.2250000e+02;3.3082474e-02;1.2250000e+02;4.9794018e-02;1.2250000e+02;7.0049495e-02;1.2250000e+02;9.3210608e-02;1.2250000e+02;1.1775054e-01;1.2250000e+02;1.4294396e-01;1.2250000e+02;1.6552766e-01;1.2250000e+02;1.9112693e-01;1.2250000e+02;2.1388282e-01;1.2250000e+02;2.2592057e-01;1.2250000e+02;2.1338198e-01;1.2250000e+02;1.8047769e-01;1.2250000e+02;1.3494475e-01;1.2250000e+02;8.8037282e-02;1.2250000e+02;4.5396894e-02;1.2250000e+02;6.9316886e-03;1.2250000e+02;1.1123409e-02;1.2250000e+02;1.9850146e-02;1.2250000e+02;3.3082474e-02;1.2250000e+02;4.9794018e-02;1.2250000e+02;7.0049495e-02;1.2250000e+02;9.3210608e-02;1.2250000e+02;1.1775054e-01;1.2250000e+02;1.4294396e-01;1.2250000e+02;1.6552766e-01;1.2250000e+02;1.9112693e-01;1.2250000e+02;2.1388282e-01;1.2250000e+02;2.2592057e-01;1.2250000e+02;2.1338198e-01;1.2250000e+02;1.8047769e-01;1.2250000e+02;1.3494475e-01;1.2250000e+02;8.8037282e-02;1.2250000e+02;4.5396894e-02;1.2250000e+02;6.9316886e-03;1.2250000e+02;1.1123409e-02;1.2250000e+02;1.9850146e-02;1.2250000e+02;3.3082474e-02;1.2250000e+02;4.9794018e-02;1.2250000e+02;7.0049495e-02;1.2250000e+02;9.3210608e-02;1.2250000e+02;1.1775054e-01;1.2250000e+02;1.4294396e-01;1.2250000e+02;1.6552766e-01;1.2250000e+02;1.9112693e-01;1.2250000e+02;2.1388282e-01;1.2250000e+02;2.2592057e-01;1.2250000e+02;2.1338198e-01;1.2250000e+02;1.8047769e-01;1.2250000e+02;1.3494475e-01;1.2250000e+02;8.8037282e-02;1.2250000e+02;4.5396894e-02;1.2250000e+02;6.9316886e-03;1.2250000e+02;1.1123409e-02;1.2250000e+02;1.9850146e-02;1.2250000e+02;3.3082474e-02;1.2250000e+02;4.9794018e-02;1.2250000e+02;7.0049495e-02;1.2250000e+02;9.3210608e-02;1.2250000e+02;1.1775054e-01;1.2250000e+02;1.4294396e-01;1.2250000e+02;1.6552766e-01;1.2250000e+02;1.9112693e-01;1.2250000e+02;2.1388282e-01;1.2250000e+02;2.2592057e-01;1.2250000e+02;2.1338198e-01;1.2250000e+02;1.8047769e-01;1.2250000e+02;1.3494475e-01;1.2250000e+02;8.8037282e-02;1.2250000e+02;4.5396894e-02;1.2250000e+02;6.9316886e-03;1.2250000e+02;1.1123409e-02;1.2250000e+02;1.9850146e-02;1.2250000e+02;3.3082474e-02;1.2250000e+02;4.9794018e-02;1.2250000e+02;7.0049495e-02;1.2250000e+02;9.3210608e-02;1.2250000e+02;1.1775054e-01;1.2250000e+02;1.4294396e-01;1.2250000e+02;1.6552766e-01;1.2250000e+02;1.9112693e-01;1.2250000e+02;2.1388282e-01;1.2250000e+02;2.2592057e-01;1.2250000e+02;2.1338198e-01;1.2250000e+02;1.8047769e-01;1.2250000e+02;1.3494475e-01;1.2250000e+02;8.8037282e-02;1.2250000e+02;4.5396894e-02;1.2250000e+02;6.9316886e-03;1.2250000e+02;1.1123409e-02;1.2250000e+02;1.9850146e-02;1.2250000e+02;3.3082474e-02;1.2250000e+02;4.9794018e-02;1.2250000e+02;7.0049495e-02;1.2250000e+02;9.3210608e-02;1.2250000e+02;1.1775054e-01;1.2250000e+02;1.4294396e-01;1.2250000e+02;1.6552766e-01;1.2250000e+02;1.9112693e-01;1.2250000e+02;2.1388282e-01;1.2250000e+02;2.2592057e-01;1.2250000e+02;2.1338198e-01;1.2250000e+02;1.8047769e-01;1.2250000e+02;1.3494475e-01;1.2250000e+02;8.8037282e-02;1.2250000e+02;4.5396894e-02;1.2250000e+02;6.9316886e-03;1.2250000e+02;1.1123409e-02;1.2250000e+02;1.9850146e-02;1.2250000e+02;3.3082474e-02;1.2250000e+02;4.9794018e-02;1.2250000e+02;7.0049495e-02;1.2250000e+02;9.3210608e-02;1.2250000e+02;1.1775054e-01;1.2250000e+02;1.4294396e-01;1.2250000e+02;1.6552766e-01;1.2250000e+02;1.9112693e-01;1.2250000e+02;2.1388282e-01;1.2250000e+02;2.2592057e-01;1.2250000e+02;2.1338198e-01;1.2250000e+02;1.8047769e-01;1.2250000e+02;1.3494475e-01;1.2250000e+02;8.8037282e-02;1.2250000e+02;4.5396894e-02;1.2250000e+02;6.9316886e-03;1.2250000e+02;1.1123409e-02;1.2250000e+02;1.9850146e-02;1.2250000e+02;3.3082474e-02;1.2250000e+02;4.9794018e-02;1.2250000e+02;7.0049495e-02;1.2250000e+02;9.3210608e-02;1.2250000e+02;1.1775054e-01;1.2250000e+02;1.4294396e-01;1.2250000e+02;1.6552766e-01;1.2250000e+02;1.9112693e-01;1.2250000e+02;2.1388282e-01;1.2250000e+02;2.2592057e-01;1.2250000e+02;2.1338198e-01;1.2250000e+02;1.8047769e-01;1.2250000e+02;1.3494475e-01;1.2250000e+02;8.8037282e-02;1.2250000e+02;4.5396894e-02;1.2250000e+02;6.9316886e-03;1.2250000e+02;1.1123409e-02;1.2250000e+02;1.9850146e-02;1.2250000e+02;3.3082474e-02;1.2250000e+02;4.9794018e-02;1.2250000e+02;7.0049495e-02;1.2250000e+02;9.3210608e-02;1.2250000e+02;1.1775054e-01;1.2250000e+02;1.4294396e-01;1.2250000e+02;1.6552766e-01;1.2250000e+02;1.9112693e-01;1.2250000e+02;2.1388282e-01;1.2250000e+02;2.2592057e-01;1.2250000e+02;2.1338198e-01;1.2250000e+02;1.8047769e-01;1.2250000e+02;1.3494475e-01;1.2250000e+02;8.8037282e-02;1.2250000e+02;4.5396894e-02;1.2250000e+02;6.9316886e-03;1.2250000e+02;1.1123409e-02;1.2250000e+02;1.9850146e-02;1.2250000e+02;3.3082474e-02;1.2250000e+02;4.9794018e-02;1.2250000e+02;7.0049495e-02;1.2250000e+02;9.3210608e-02;1.2250000e+02;1.1775054e-01;1.2250000e+02;1.4294396e-01;1.2250000e+02;1.6552766e-01;1.2250000e+02;1.9112693e-01;1.2250000e+02;2.1388282e-01;1.2250000e+02;2.2592057e-01;1.2250000e+02;2.1338198e-01;1.2250000e+02;1.8047769e-01;1.2250000e+02;1.3494475e-01;1.2250000e+02;8.8037282e-02;1.2250000e+02;4.5396894e-02;1.2250000e+02;6.9316886e-03;1.2250000e+02;1.1123409e-02;1.2250000e+02;1.9850146e-02;1.2250000e+02;3.3082474e-02;1.2250000e+02;4.9794018e-02;1.2250000e+02;7.0049495e-02;1.2250000e+02;9.3210608e-02;1.2250000e+02;1.1775054e-01;1.2250000e+02;1.4294396e-01;1.2250000e+02;1.6552766e-01;1.2250000e+02;1.9112693e-01;1.2250000e+02;2.1388282e-01;1.2250000e+02;2.2592057e-01;1.2250000e+02;2.1338198e-01;1.2250000e+02;1.8047769e-01;1.2250000e+02;1.3494475e-01;1.2250000e+02;8.8037282e-02;1.2250000e+02;4.5396894e-02;1.2250000e+02;6.9316886e-03;1.2250000e+02;1.1123409e-02;1.2250000e+02;1.9850146e-02;1.2250000e+02;3.3082474e-02;1.2250000e+02;4.9794018e-02;1.2250000e+02;7.0049495e-02;1.2250000e+02;9.3210608e-02;1.2250000e+02;1.1775054e-01;1.2250000e+02;1.4294396e-01;1.2250000e+02;1.6552766e-01;1.2250000e+02;1.9112693e-01;1.2250000e+02;2.1388282e-01;1.2250000e+02;2.2592057e-01;1.2250000e+02;2.1338198e-01;1.2250000e+02;1.8047769e-01;1.2250000e+02;1.3494475e-01;1.2250000e+02;8.8037282e-02;1.2250000e+02;4.5396894e-02;1.2250000e+02;6.9316886e-03;1.2250000e+02;1.1123409e-02;1.2250000e+02;1.9850146e-02;1.2250000e+02;3.3082474e-02;1.2250000e+02;4.9794018e-02;1.2250000e+02;7.0049495e-02;1.2250000e+02;9.3210608e-02;1.2250000e+02;1.1775054e-01;1.2250000e+02;1.4294396e-01;1.2250000e+02;1.6552766e-01;1.2250000e+02;1.9112693e-01;1.2250000e+02;2.1388282e-01;1.2250000e+02;2.2592057e-01;1.2250000e+02;2.1338198e-01;1.2250000e+02;1.8047769e-01;1.2250000e+02;1.3494475e-01;1.2250000e+02;8.8037282e-02;1.2250000e+02;4.5396894e-02;1.2250000e+02;6.9316886e-03;1.2250000e+02;1.1123409e-02;1.2250000e+02;1.9850146e-02;1.2250000e+02;3.3082474e-02;1.2250000e+02;4.9794018e-02;1.2250000e+02;7.0049495e-02;1.2250000e+02;9.3210608e-02;1.2250000e+02;1.1775054e-01;1.2250000e+02;1.4294396e-01;1.2250000e+02;1.6552766e-01;1.2250000e+02;1.9112693e-01;1.2250000e+02;2.1388282e-01;1.2250000e+02;2.2592057e-01;1.2250000e+02;2.1338198e-01;1.2250000e+02;1.8047769e-01;1.2250000e+02;1.3494475e-01;1.2250000e+02;8.8037282e-02;1.2250000e+02;4.5396894e-02;1.2250000e+02;6.9316886e-03;1.2250000e+02;1.1123409e-02;1.2250000e+02;1.9850146e-02;1.2250000e+02;3.3082474e-02;1.2250000e+02;4.9794018e-02;1.2250000e+02;7.0049495e-02;1.2250000e+02;9.3210608e-02;1.2250000e+02;1.1775054e-01;1.2250000e+02;1.4294396e-01;1.2250000e+02;1.6552766e-01;1.2250000e+02;1.9112693e-01;1.2250000e+02;2.1388282e-01;1.2250000e+02;2.2592057e-01;1.2250000e+02;2.1338198e-01;1.2250000e+02;1.8047769e-01;1.2250000e+02;1.3494475e-01;1.2250000e+02;8.8037282e-02;1.2250000e+02;4.5396894e-02;1.2250000e+02;6.9316886e-03;1.2250000e+02;1.1123409e-02;1.2250000e+02;1.9850146e-02;1.2250000e+02;3.3082474e-02;1.2250000e+02;4.9794018e-02;1.2250000e+02;7.0049495e-02;1.2250000e+02;9.3210608e-02;1.2250000e+02;1.1775054e-01;1.2250000e+02;1.4294396e-01;1.2250000e+02;1.6552766e-01;1.2250000e+02;1.9112693e-01;1.2250000e+02;2.1388282e-01;1.2250000e+02;2.2592057e-01;1.2250000e+02;2.1338198e-01;1.2250000e+02;1.8047769e-01;1.2250000e+02;1.3494475e-01;1.2250000e+02;8.8037282e-02;1.2250000e+02;4.5396894e-02;1.2250000e+02;6.9316886e-03;1.2250000e+02;1.1123409e-02;1.2250000e+02;1.9850146e-02;1.2250000e+02;3.3082474e-02;1.2250000e+02;4.9794018e-02;1.2250000e+02;7.0049495e-02;1.2250000e+02;9.3210608e-02;1.2250000e+02;1.1775054e-01;1.2250000e+02;1.4294396e-01;1.2250000e+02;1.6552766e-01;1.2250000e+02;1.9112693e-01;1.2250000e+02;2.1388282e-01;1.2250000e+02;2.2592057e-01;1.2250000e+02;2.1338198e-01;1.2250000e+02;1.8047769e-01;1.2250000e+02;1.3494475e-01;1.2250000e+02;8.8037282e-02;1.2250000e+02;4.5396894e-02;1.2250000e+02;6.9316886e-03;1.2250000e+02;1.1123409e-02;1.2250000e+02;1.9850146e-02;1.2250000e+02;3.3082474e-02;1.2250000e+02;4.9794018e-02;1.2250000e+02;7.0049495e-02;1.2250000e+02;9.3210608e-02;1.2250000e+02;1.1775054e-01;1.2250000e+02;1.4294396e-01;1.2250000e+02;1.6552766e-01;1.2250000e+02;1.9112693e-01;1.2250000e+02;2.1388282e-01;1.2250000e+02;2.2592057e-01;1.2250000e+02;2.1338198e-01;1.2250000e+02;1.8047769e-01;1.2250000e+02;1.3494475e-01;1.2250000e+02;8.8037282e-02;1.2250000e+02;4.5396894e-02;1.2250000e+02;6.9316886e-03;1.2250000e+02;1.1123409e-02;1.2250000e+02;1.9850146e-02;1.2250000e+02;3.3082474e-02;1.2250000e+02;4.9794018e-02;1.2250000e+02;7.0049495e-02;1.2250000e+02;9.3210608e-02;1.2250000e+02;1.1775054e-01;1.2250000e+02;1.4294396e-01;1.2250000e+02;1.6552766e-01;1.2250000e+02;1.9112693e-01;1.2250000e+02;2.1388282e-01;1.2250000e+02;2.2592057e-01;1.2250000e+02;2.1338198e-01;1.2250000e+02;1.8047769e-01;1.2250000e+02;1.3494475e-01;1.2250000e+02;8.8037282e-02;1.2250000e+02;4.5396894e-02;1.2250000e+02;6.9316886e-03;1.2250000e+02;1.1123409e-02;1.2250000e+02;1.9850146e-02;1.2250000e+02;3.3082474e-02;1.2250000e+02;4.9794018e-02;1.2250000e+02;7.0049495e-02;1.2250000e+02;9.3210608e-02;1.2250000e+02;1.1775054e-01;1.2250000e+02;1.4294396e-01;1.2250000e+02;1.6552766e-01;1.2250000e+02;1.9112693e-01;1.2250000e+02;2.1388282e-01;1.2250000e+02;2.2592057e-01;1.2250000e+02;2.1338198e-01;1.2250000e+02;1.8047769e-01;1.2250000e+02;1.3494475e-01;1.2250000e+02;8.8037282e-02;1.2250000e+02;4.5396894e-02;1.2250000e+02;6.9316886e-03;1.2250000e+02;1.1123409e-02;1.2250000e+02;1.9850146e-02;1.2250000e+02;3.3082474e-02;1.2250000e+02;4.9794018e-02;1.2250000e+02;7.0049495e-02;1.2250000e+02;9.3210608e-02;1.2250000e+02;1.1775054e-01;1.2250000e+02;1.4294396e-01;1.2250000e+02;1.6552766e-01;1.2250000e+02;1.9112693e-01;1.2250000e+02;2.1388282e-01;1.2250000e+02;2.2592057e-01;1.2250000e+02;2.1338198e-01;1.2250000e+02;1.8047769e-01;1.2250000e+02;1.3494475e-01;1.2250000e+02;8.8037282e-02;1.2250000e+02;4.5396894e-02;1.2250000e+02;6.9316886e-03;1.2250000e+02;1.1123409e-02;1.2250000e+02;1.9850146e-02;1.2250000e+02;3.3082474e-02;1.2250000e+02;4.9794018e-02;1.2250000e+02;7.0049495e-02;1.2250000e+02;9.3210608e-02;1.2250000e+02;1.1775054e-01;1.2250000e+02;1.4294396e-01;1.2250000e+02;1.6552766e-01;1.2250000e+02;1.9112693e-01;1.2250000e+02;2.1388282e-01;1.2250000e+02;2.2592057e-01;1.2250000e+02;2.1338198e-01;1.2250000e+02;1.8047769e-01;1.2250000e+02;1.3494475e-01;1.2250000e+02;8.8037282e-02;1.2250000e+02;4.5396894e-02;1.2250000e+02;6.9316886e-03;1.2250000e+02;1.1123409e-02;1.2250000e+02;1.9850146e-02;1.2250000e+02;3.3082474e-02;1.2250000e+02;4.9794018e-02;1.2250000e+02;7.0049495e-02;1.2250000e+02;9.3210608e-02;1.2250000e+02;1.1775054e-01;1.2250000e+02;1.4294396e-01;1.2250000e+02;1.6552766e-01;1.2250000e+02;1.9112693e-01;1.2250000e+02;2.1388282e-01;1.2250000e+02;2.2592057e-01;1.2250000e+02;2.1338198e-01;1.2250000e+02;1.8047769e-01;1.2250000e+02;1.3494475e-01;1.2250000e+02;8.8037282e-02;1.2250000e+02;4.5396894e-02;1.2250000e+02;6.9316886e-03;1.2250000e+02;1.1123409e-02;1.2250000e+02;1.9850146e-02;1.2250000e+02;3.3082474e-02;1.2250000e+02;4.9794018e-02;1.2250000e+02;7.0049495e-02;1.2250000e+02;9.3210608e-02;1.2250000e+02;1.1775054e-01;1.2250000e+02;1.4294396e-01;1.2250000e+02;1.6552766e-01;1.2250000e+02;1.9112693e-01;1.2250000e+02;2.1388282e-01;1.2250000e+02;2.2592057e-01;1.2250000e+02;2.1338198e-01;1.2250000e+02;1.8047769e-01;1.2250000e+02;1.3494475e-01;1.2250000e+02;8.8037282e-02;1.2250000e+02;4.5396894e-02;1.2250000e+02;6.9316886e-03;1.2250000e+02;1.1123409e-02;1.2250000e+02;1.9850146e-02;1.2250000e+02;3.3082474e-02;1.2250000e+02;4.9794018e-02;1.2250000e+02;7.0049495e-02;1.2250000e+02;9.3210608e-02;1.2250000e+02;1.1775054e-01;1.2250000e+02;1.4294396e-01;1.2250000e+02;1.6552766e-01;1.2250000e+02;1.9112693e-01;1.2250000e+02;2.1388282e-01;1.2250000e+02;2.2592057e-01;1.2250000e+02;2.1338198e-01;1.2250000e+02;1.8047769e-01;1.2250000e+02;1.3494475e-01;1.2250000e+02;8.8037282e-02;1.2250000e+02;4.5396894e-02;1.2250000e+02;6.9316886e-03;1.2250000e+02;1.1123409e-02;1.2250000e+02;1.9850146e-02;1.2250000e+02;3.3082474e-02;1.2250000e+02;4.9794018e-02;1.2250000e+02;7.0049495e-02;1.2250000e+02;9.3210608e-02;1.2250000e+02;1.1775054e-01;1.2250000e+02;1.4294396e-01;1.2250000e+02;1.6552766e-01;1.2250000e+02;1.9112693e-01;1.2250000e+02;2.1388282e-01;1.2250000e+02;2.2592057e-01;1.2250000e+02;2.1338198e-01;1.2250000e+02;1.8047769e-01;1.2250000e+02;1.3494475e-01;1.2250000e+02;8.8037282e-02;1.2250000e+02;4.5396894e-02;1.2250000e+02;6.9316886e-03;1.2250000e+02;1.1123409e-02;1.2250000e+02;1.9850146e-02;1.2250000e+02;3.3082474e-02;1.2250000e+02;4.9794018e-02;1.2250000e+02;7.0049495e-02;1.2250000e+02;9.3210608e-02;1.2250000e+02;1.1775054e-01;1.2250000e+02;1.4294396e-01;1.2250000e+02;1.6552766e-01;1.2250000e+02;1.9112693e-01;1.2250000e+02;2.1388282e-01;1.2250000e+02;2.2592057e-01;1.2250000e+02;2.1338198e-01;1.2250000e+02;1.8047769e-01;1.2250000e+02;1.3494475e-01;1.2250000e+02;8.8037282e-02;1.2250000e+02;4.5396894e-02;1.2250000e+02;6.9316886e-03;1.2250000e+02;1.1123409e-02;1.2250000e+02;1.9850146e-02;1.2250000e+02;3.3082474e-02;1.2250000e+02;4.9794018e-02;1.2250000e+02;7.0049495e-02;1.2250000e+02;9.3210608e-02;1.2250000e+02;1.1775054e-01;1.2250000e+02;1.4294396e-01;1.2250000e+02;1.6552766e-01;1.2250000e+02;1.9112693e-01;1.2250000e+02;2.1388282e-01;1.2250000e+02;2.2592057e-01;1.2250000e+02;2.1338198e-01;1.2250000e+02;1.8047769e-01;1.2250000e+02;1.3494475e-01;1.2250000e+02;8.8037282e-02;1.2250000e+02;4.5396894e-02;1.2250000e+02;6.9316886e-03;1.2250000e+02;1.1123409e-02;1.2250000e+02;1.9850146e-02;1.2250000e+02;3.3082474e-02;1.2250000e+02;4.9794018e-02;1.2250000e+02;7.0049495e-02;1.2250000e+02;9.3210608e-02;1.2250000e+02;1.1775054e-01;1.2250000e+02;1.4294396e-01;1.2250000e+02;1.6552766e-01;1.2250000e+02;1.9112693e-01;1.2250000e+02;2.1388282e-01;1.2250000e+02;2.2592057e-01;1.2250000e+02;2.1338198e-01;1.2250000e+02;1.8047769e-01;1.2250000e+02;1.3494475e-01;1.2250000e+02;8.8037282e-02;1.2250000e+02;4.5396894e-02;1.2250000e+02;6.9316886e-03;1.2250000e+02;1.1123409e-02;1.2250000e+02;1.9850146e-02;1.2250000e+02;3.3082474e-02;1.2250000e+02;4.9794018e-02;1.2250000e+02;7.0049495e-02;1.2250000e+02;9.3210608e-02;1.2250000e+02;1.1775054e-01;1.2250000e+02;1.4294396e-01;1.2250000e+02;1.6552766e-01;1.2250000e+02;1.9112693e-01;1.2250000e+02;2.1388282e-01;1.2250000e+02;2.2592057e-01;1.2250000e+02;2.1338198e-01;1.2250000e+02;1.8047769e-01;1.2250000e+02;1.3494475e-01;1.2250000e+02;8.8037282e-02;1.2250000e+02;4.5396894e-02;1.2250000e+02;6.9316886e-03;1.2250000e+02;1.1123409e-02;1.2250000e+02;1.9850146e-02;1.2250000e+02;3.3082474e-02;1.2250000e+02;4.9794018e-02;1.2250000e+02;7.0049495e-02;1.2250000e+02;9.3210608e-02;1.2250000e+02;1.1775054e-01;1.2250000e+02;1.4294396e-01;1.2250000e+02;1.6552766e-01;1.2250000e+02;1.9112693e-01;1.2250000e+02;2.1388282e-01;1.2250000e+02;2.2592057e-01;1.2250000e+02;2.1338198e-01;1.2250000e+02;1.8047769e-01;1.2250000e+02;1.3494475e-01;1.2250000e+02;8.8037282e-02;1.2250000e+02;4.5396894e-02;1.2250000e+02;6.9316886e-03;1.2250000e+02;1.1123409e-02;1.2250000e+02;1.9850146e-02;1.2250000e+02;3.3082474e-02;1.2250000e+02;4.9794018e-02;1.2250000e+02;7.0049495e-02;1.2250000e+02;9.3210608e-02;1.2250000e+02;1.1775054e-01;1.2250000e+02;1.4294396e-01;1.2250000e+02;1.6552766e-01;1.2250000e+02;1.9112693e-01;1.2250000e+02;2.1388282e-01;1.2250000e+02;2.2592057e-01;1.2250000e+02;2.1338198e-01;1.2250000e+02;1.8047769e-01;1.2250000e+02;1.3494475e-01;1.2250000e+02;8.8037282e-02;1.2250000e+02;4.5396894e-02;1.2250000e+02;6.9316886e-03;1.2250000e+02;1.1123409e-02;1.2250000e+02;1.9850146e-02;1.2250000e+02;3.3082474e-02;1.2250000e+02;4.9794018e-02;1.2250000e+02;7.0049495e-02;1.2250000e+02;9.3210608e-02;1.2250000e+02;1.1775054e-01;1.2250000e+02;1.4294396e-01;1.2250000e+02;1.6552766e-01;1.2250000e+02;1.9112693e-01;1.2250000e+02;2.1388282e-01;1.2250000e+02;2.2592057e-01;1.2250000e+02;2.1338198e-01;1.2250000e+02;1.8047769e-01;1.2250000e+02;1.3494475e-01;1.2250000e+02;8.8037282e-02;1.2250000e+02;4.5396894e-02;1.2250000e+02;6.9316886e-03;1.2250000e+02;1.1123409e-02;1.2250000e+02;1.9850146e-02;1.2250000e+02;3.3082474e-02;1.2250000e+02;4.9794018e-02;1.2250000e+02;7.0049495e-02;1.2250000e+02;9.3210608e-02;1.2250000e+02;1.1775054e-01;1.2250000e+02;1.4294396e-01;1.2250000e+02;1.6552766e-01;1.2250000e+02;1.9112693e-01;1.2250000e+02;2.1388282e-01;1.2250000e+02;2.2592057e-01;1.2250000e+02;2.1338198e-01;1.2250000e+02;1.8047769e-01;1.2250000e+02;1.3494475e-01;1.2250000e+02;8.8037282e-02;1.2250000e+02;4.5396894e-02;1.2250000e+02;6.9316886e-03;1.2250000e+02;1.1123409e-02;1.2250000e+02;1.9850146e-02;1.2250000e+02;3.3082474e-02;1.2250000e+02;4.9794018e-02;1.2250000e+02;7.0049495e-02;1.2250000e+02;9.3210608e-02;1.2250000e+02;1.1775054e-01;1.2250000e+02;1.4294396e-01;1.2250000e+02;1.6552766e-01;1.2250000e+02;1.9112693e-01;1.2250000e+02;2.1388282e-01;1.2250000e+02;2.2592057e-01;1.2250000e+02;2.1338198e-01;1.2250000e+02;1.8047769e-01;1.2250000e+02;1.3494475e-01;1.2250000e+02;8.8037282e-02;1.2250000e+02;4.5396894e-02;1.2250000e+02;6.9316886e-03;1.2250000e+02;1.1123409e-02;1.2250000e+02;1.9850146e-02;1.2250000e+02;3.3082474e-02;1.2250000e+02;4.9794018e-02;1.2250000e+02;7.0049495e-02;1.2250000e+02;9.3210608e-02;1.2250000e+02;1.1775054e-01;1.2250000e+02;1.4294396e-01;1.2250000e+02;1.6552766e-01;1.2250000e+02;1.9112693e-01;1.2250000e+02;2.1388282e-01;1.2250000e+02;2.2592057e-01;1.2250000e+02;2.1338198e-01;1.2250000e+02;1.8047769e-01;1.2250000e+02;1.3494475e-01;1.2250000e+02;8.8037282e-02;1.2250000e+02;4.5396894e-02;1.2250000e+02;6.9316886e-03;1.2250000e+02;1.1123409e-02;1.2250000e+02;1.9850146e-02;1.2250000e+02;3.3082474e-02;1.2250000e+02;4.9794018e-02;1.2250000e+02;7.0049495e-02;1.2250000e+02;9.3210608e-02;1.2250000e+02;1.1775054e-01;1.2250000e+02;1.4294396e-01;1.2250000e+02;1.6552766e-01;1.2250000e+02;1.9112693e-01;1.2250000e+02;2.1388282e-01;1.2250000e+02;2.2592057e-01;1.2250000e+02;2.1338198e-01;1.2250000e+02;1.8047769e-01;1.2250000e+02;1.3494475e-01;1.2250000e+02;8.8037282e-02;1.2250000e+02;4.5396894e-02;1.2250000e+02;6.9316886e-03;1.2250000e+02;1.1123409e-02;1.2250000e+02;1.9850146e-02;1.2250000e+02;3.3082474e-02;1.2250000e+02;4.9794018e-02;1.2250000e+02;7.0049495e-02;1.2250000e+02;9.3210608e-02;1.2250000e+02;1.1775054e-01;1.2250000e+02;1.4294396e-01;1.2250000e+02;1.6552766e-01;1.2250000e+02;1.9112693e-01;1.2250000e+02;2.1388282e-01;1.2250000e+02;2.2592057e-01;1.2250000e+02;2.1338198e-01;1.2250000e+02;1.8047769e-01;1.2250000e+02;1.3494475e-01;1.2250000e+02;8.8037282e-02;1.2250000e+02;4.5396894e-02;1.2250000e+02;6.9316886e-03;1.2250000e+02;1.1123409e-02;1.2250000e+02;1.9850146e-02;1.2250000e+02;3.3082474e-02;1.2250000e+02;4.9794018e-02;1.2250000e+02;7.0049495e-02;1.2250000e+02;9.3210608e-02;1.2250000e+02;1.1775054e-01;1.2250000e+02;1.4294396e-01;1.2250000e+02;1.6552766e-01;1.2250000e+02;1.9112693e-01;1.2250000e+02;2.1388282e-01;1.2250000e+02;2.2592057e-01;1.2250000e+02;2.1338198e-01;1.2250000e+02;1.8047769e-01;1.2250000e+02;1.3494475e-01;1.2250000e+02;8.8037282e-02;1.2250000e+02;4.5396894e-02;1.2250000e+02;6.9316886e-03;1.2250000e+02;1.1123409e-02;1.2250000e+02;1.9850146e-02;1.2250000e+02;3.3082474e-02;1.2250000e+02;4.9794018e-02;1.2250000e+02;7.0049495e-02;1.2250000e+02;9.3210608e-02;1.2250000e+02;1.1775054e-01;1.2250000e+02;1.4294396e-01;1.2250000e+02;1.6552766e-01;1.2250000e+02;1.9112693e-01;1.2250000e+02;2.1388282e-01;1.2250000e+02;2.2592057e-01;1.2250000e+02;2.1338198e-01;1.2250000e+02;1.8047769e-01;1.2250000e+02;1.3494475e-01;1.2250000e+02;8.8037282e-02;1.2250000e+02;4.5396894e-02;1.2250000e+02;6.9316886e-03;1.2250000e+02;1.1123409e-02;1.2250000e+02;1.9850146e-02;1.2250000e+02;3.3082474e-02;1.2250000e+02;4.9794018e-02;1.2250000e+02;7.0049495e-02;1.2250000e+02;9.3210608e-02;1.2250000e+02;1.1775054e-01;1.2250000e+02;1.4294396e-01;1.2250000e+02;1.6552766e-01;1.2250000e+02;1.9112693e-01;1.2250000e+02;2.1388282e-01;1.2250000e+02;2.2592057e-01;1.2250000e+02;2.1338198e-01;1.2250000e+02;1.8047769e-01;1.2250000e+02;1.3494475e-01;1.2250000e+02;8.8037282e-02;1.2250000e+02;4.5396894e-02;1.2250000e+02;6.9316886e-03;1.2250000e+02;1.1123409e-02;1.2250000e+02;1.9850146e-02;1.2250000e+02;3.3082474e-02;1.2250000e+02;4.9794018e-02;1.2250000e+02;7.0049495e-02;1.2250000e+02;9.3210608e-02;1.2250000e+02;1.1775054e-01;1.2250000e+02;1.4294396e-01;1.2250000e+02;1.6552766e-01;1.2250000e+02;1.9112693e-01;1.2250000e+02;2.1388282e-01;1.2250000e+02;2.2592057e-01;1.2250000e+02;2.1338198e-01;1.2250000e+02;1.8047769e-01;1.2250000e+02;1.3494475e-01;1.2250000e+02;8.8037282e-02;1.2250000e+02;4.5396894e-02;1.2250000e+02;6.9316886e-03;1.2250000e+02;1.1123409e-02;1.2250000e+02;1.9850146e-02;1.2250000e+02;3.3082474e-02;1.2250000e+02;4.9794018e-02;1.2250000e+02;7.0049495e-02;1.2250000e+02;9.3210608e-02;1.2250000e+02;1.1775054e-01;1.2250000e+02;1.4294396e-01;1.2250000e+02;1.6552766e-01;1.2250000e+02;1.9112693e-01;1.2250000e+02;2.1388282e-01;1.2250000e+02;2.2592057e-01;1.2250000e+02;2.1338198e-01;1.2250000e+02;1.8047769e-01;1.2250000e+02;1.3494475e-01;1.2250000e+02;8.8037282e-02;1.2250000e+02;4.5396894e-02;1.2250000e+02;6.9316886e-03;1.2250000e+02;1.1123409e-02;1.2250000e+02;1.9850146e-02;1.2250000e+02;3.3082474e-02;1.2250000e+02;4.9794018e-02;1.2250000e+02;7.0049495e-02;1.2250000e+02;9.3210608e-02;1.2250000e+02;1.1775054e-01;1.2250000e+02;1.4294396e-01;1.2250000e+02;1.6552766e-01;1.2250000e+02;1.9112693e-01;1.2250000e+02;2.1388282e-01;1.2250000e+02;2.2592057e-01;1.2250000e+02;2.1338198e-01;1.2250000e+02;1.8047769e-01;1.2250000e+02;1.3494475e-01;1.2250000e+02;8.8037282e-02;1.2250000e+02;4.5396894e-02;1.2250000e+02;6.9316886e-03;1.2250000e+02;1.1123409e-02;1.2250000e+02;1.9850146e-02;1.2250000e+02;3.3082474e-02;1.2250000e+02;4.9794018e-02;1.2250000e+02;7.0049495e-02;1.2250000e+02;9.3210608e-02;1.2250000e+02;1.1775054e-01;1.2250000e+02;1.4294396e-01;1.2250000e+02;1.6552766e-01;1.2250000e+02;1.9112693e-01;1.2250000e+02;2.1388282e-01;1.2250000e+02;2.2592057e-01;1.2250000e+02;2.1338198e-01;1.2250000e+02;1.8047769e-01;1.2250000e+02;1.3494475e-01;1.2250000e+02;8.8037282e-02;1.2250000e+02;4.5396894e-02;1.2250000e+02;6.9316886e-03;1.2250000e+02;1.1123409e-02;1.2250000e+02;1.9850146e-02;1.2250000e+02;3.3082474e-02;1.2250000e+02;4.9794018e-02;1.2250000e+02;7.0049495e-02;1.2250000e+02;9.3210608e-02;1.2250000e+02;1.1775054e-01;1.2250000e+02;1.4294396e-01;1.2250000e+02;1.6552766e-01;1.2250000e+02;1.9112693e-01;1.2250000e+02;2.1388282e-01;1.2250000e+02;2.2592057e-01;1.2250000e+02;2.1338198e-01;1.2250000e+02;1.8047769e-01;1.2250000e+02;1.3494475e-01;1.2250000e+02;8.8037282e-02;1.2250000e+02;4.5396894e-02;1.2250000e+02;6.9316886e-03;1.2250000e+02;1.1123409e-02;1.2250000e+02;1.9850146e-02;1.2250000e+02;3.3082474e-02;1.2250000e+02;4.9794018e-02;1.2250000e+02;7.0049495e-02;1.2250000e+02;9.3210608e-02;1.2250000e+02;1.1775054e-01;1.2250000e+02;1.4294396e-01;1.2250000e+02;1.6552766e-01;1.2250000e+02;1.9112693e-01;1.2250000e+02;2.1388282e-01;1.2250000e+02;2.2592057e-01;1.2250000e+02;2.1338198e-01;1.2250000e+02;1.8047769e-01;1.2250000e+02;1.3494475e-01;1.2250000e+02;8.8037282e-02;1.2250000e+02;4.5396894e-02;1.2250000e+02;6.9316886e-03;1.2250000e+02;1.1123409e-02;1.2250000e+02;1.9850146e-02;1.2250000e+02;3.3082474e-02;1.2250000e+02;4.9794018e-02;1.2250000e+02;7.0049495e-02;1.2250000e+02;9.3210608e-02;1.2250000e+02;1.1775054e-01;1.2250000e+02;1.4294396e-01;1.2250000e+02;1.6552766e-01;1.2250000e+02;1.9112693e-01;1.2250000e+02;2.1388282e-01;1.2250000e+02;2.2592057e-01;1.2250000e+02;2.1338198e-01;1.2250000e+02;1.8047769e-01;1.2250000e+02;1.3494475e-01;1.2250000e+02;8.8037282e-02;1.2250000e+02;4.5396894e-02;1.2250000e+02;6.9316886e-03;1.2250000e+02;1.1123409e-02;1.2250000e+02;1.9850146e-02;1.2250000e+02;3.3082474e-02;1.2250000e+02;4.9794018e-02;1.2250000e+02;7.0049495e-02;1.2250000e+02;9.3210608e-02;1.2250000e+02;1.1775054e-01;1.2250000e+02;1.4294396e-01;1.2250000e+02;1.6552766e-01;1.2250000e+02;1.9112693e-01;1.2250000e+02;2.1388282e-01;1.2250000e+02;2.2592057e-01;1.2250000e+02;2.1338198e-01;1.2250000e+02;1.8047769e-01;1.2250000e+02;1.3494475e-01;1.2250000e+02;8.8037282e-02;1.2250000e+02;4.5396894e-02;1.2250000e+02;6.9316886e-03;1.2250000e+02;1.1123409e-02;1.2250000e+02;1.9850146e-02;1.2250000e+02;3.3082474e-02;1.2250000e+02;4.9794018e-02;1.2250000e+02;7.0049495e-02;1.2250000e+02;9.3210608e-02;1.2250000e+02;1.1775054e-01;1.2250000e+02;1.4294396e-01;1.2250000e+02;1.6552766e-01;1.2250000e+02;1.9112693e-01;1.2250000e+02;2.1388282e-01;1.2250000e+02;2.2592057e-01;1.2250000e+02;2.1338198e-01;1.2250000e+02;1.8047769e-01;1.2250000e+02;1.3494475e-01;1.2250000e+02;8.8037282e-02;1.2250000e+02;4.5396894e-02;1.2250000e+02;6.9316886e-03;1.2250000e+02;1.1123409e-02;1.2250000e+02;1.9850146e-02;1.2250000e+02;3.3082474e-02;1.2250000e+02;4.9794018e-02;1.2250000e+02;7.0049495e-02;1.2250000e+02;9.3210608e-02;1.2250000e+02;1.1775054e-01;1.2250000e+02;1.4294396e-01;1.2250000e+02;1.6552766e-01;1.2250000e+02;1.9112693e-01;1.2250000e+02;2.1388282e-01;1.2250000e+02;2.2592057e-01;1.2250000e+02;2.1338198e-01;1.2250000e+02;1.8047769e-01;1.2250000e+02;1.3494475e-01;1.2250000e+02;8.8037282e-02;1.2250000e+02;4.5396894e-02;1.2250000e+02;6.9316886e-03;1.2250000e+02;1.1123409e-02;1.2250000e+02;1.9850146e-02;1.2250000e+02;3.3082474e-02;1.2250000e+02;4.9794018e-02;1.2250000e+02;7.0049495e-02;1.2250000e+02;9.3210608e-02;1.2250000e+02;1.1775054e-01;1.2250000e+02;1.4294396e-01;1.2250000e+02;1.6552766e-01;1.2250000e+02;1.9112693e-01;1.2250000e+02;2.1388282e-01;1.2250000e+02;2.2592057e-01;1.2250000e+02;2.1338198e-01;1.2250000e+02;1.8047769e-01;1.2250000e+02;1.3494475e-01;1.2250000e+02;8.8037282e-02;1.2250000e+02;4.5396894e-02;1.2250000e+02;6.9316886e-03;1.2250000e+02;1.1123409e-02;1.2250000e+02;1.9850146e-02;1.2250000e+02;3.3082474e-02;1.2250000e+02;4.9794018e-02;1.2250000e+02;7.0049495e-02;1.2250000e+02;9.3210608e-02;1.2250000e+02;1.1775054e-01;1.2250000e+02;1.4294396e-01;1.2250000e+02;1.6552766e-01;1.2250000e+02;1.9112693e-01;1.2250000e+02;2.1388282e-01;1.2250000e+02;2.2592057e-01;1.2250000e+02;2.1338198e-01;1.2250000e+02;1.8047769e-01;1.2250000e+02;1.3494475e-01;1.2250000e+02;8.8037282e-02;1.2250000e+02;4.5396894e-02;1.2250000e+02;6.9316886e-03;1.2250000e+02;1.1123409e-02;1.2250000e+02;1.9850146e-02;1.2250000e+02;3.3082474e-02;1.2250000e+02;4.9794018e-02;1.2250000e+02;7.0049495e-02;1.2250000e+02;9.3210608e-02;1.2250000e+02;1.1775054e-01;1.2250000e+02;1.4294396e-01;1.2250000e+02;1.6552766e-01;1.2250000e+02;1.9112693e-01;1.2250000e+02;2.1388282e-01;1.2250000e+02;2.2592057e-01;1.2250000e+02;2.1338198e-01;1.2250000e+02;1.8047769e-01;1.2250000e+02;1.3494475e-01;1.2250000e+02;8.8037282e-02;1.2250000e+02;4.5396894e-02;1.2250000e+02;6.9316886e-03;1.2250000e+02;1.1123409e-02;1.2250000e+02;1.9850146e-02;1.2250000e+02;3.3082474e-02;1.2250000e+02;4.9794018e-02;1.2250000e+02;7.0049495e-02;1.2250000e+02;9.3210608e-02;1.2250000e+02;1.1775054e-01;1.2250000e+02;1.4294396e-01;1.2250000e+02;1.6552766e-01;1.2250000e+02;1.9112693e-01;1.2250000e+02;2.1388282e-01;1.2250000e+02;2.2592057e-01;1.2250000e+02;2.1338198e-01;1.2250000e+02;1.8047769e-01;1.2250000e+02;1.3494475e-01;1.2250000e+02;8.8037282e-02;1.2250000e+02;4.5396894e-02;1.2250000e+02;6.9316886e-03;1.2250000e+02;1.1123409e-02;1.2250000e+02;1.9850146e-02;1.2250000e+02;3.3082474e-02;1.2250000e+02;4.9794018e-02;1.2250000e+02;7.0049495e-02;1.2250000e+02;9.3210608e-02;1.2250000e+02;1.1775054e-01;1.2250000e+02;1.4294396e-01;1.2250000e+02;1.6552766e-01;1.2250000e+02;1.9112693e-01;1.2250000e+02;2.1388282e-01;1.2250000e+02;2.2592057e-01;1.2250000e+02;2.1338198e-01;1.2250000e+02;1.8047769e-01;1.2250000e+02;1.3494475e-01;1.2250000e+02;8.8037282e-02;1.2250000e+02;4.5396894e-02;1.2250000e+02;6.9316886e-03;1.2250000e+02;1.1123409e-02;1.2250000e+02;1.9850146e-02;1.2250000e+02;3.3082474e-02;1.2250000e+02;4.9794018e-02;1.2250000e+02;7.0049495e-02;1.2250000e+02;9.3210608e-02;1.2250000e+02;1.1775054e-01;1.2250000e+02;1.4294396e-01;1.2250000e+02;1.6552766e-01;1.2250000e+02;1.9112693e-01;1.2250000e+02;2.1388282e-01;1.2250000e+02;2.2592057e-01;1.2250000e+02;2.1338198e-01;1.2250000e+02;1.8047769e-01;1.2250000e+02;1.3494475e-01;1.2250000e+02;8.8037282e-02;1.2250000e+02;4.5396894e-02;1.2250000e+02;6.9316886e-03;1.2250000e+02;1.1123409e-02;1.2250000e+02;1.9850146e-02;1.2250000e+02;3.3082474e-02;1.2250000e+02;4.9794018e-02;1.2250000e+02;7.0049495e-02;1.2250000e+02;9.3210608e-02;1.2250000e+02;1.1775054e-01;1.2250000e+02;1.4294396e-01;1.2250000e+02;1.6552766e-01;1.2250000e+02;1.9112693e-01;1.2250000e+02;2.1388282e-01;1.2250000e+02;2.2592057e-01;1.2250000e+02;2.1338198e-01;1.2250000e+02;1.8047769e-01;1.2250000e+02;1.3494475e-01;1.2250000e+02;8.8037282e-02;1.2250000e+02;4.5396894e-02;1.2250000e+02;6.9316886e-03;1.2250000e+02;1.1123409e-02;1.2250000e+02;1.9850146e-02;1.2250000e+02;3.3082474e-02;1.2250000e+02;4.9794018e-02;1.2250000e+02;7.0049495e-02;1.2250000e+02;9.3210608e-02;1.2250000e+02;1.1775054e-01;1.2250000e+02;1.4294396e-01;1.2250000e+02;1.6552766e-01;1.2250000e+02;1.9112693e-01;1.2250000e+02;2.1388282e-01;1.2250000e+02;2.2592057e-01;1.2250000e+02;2.1338198e-01;1.2250000e+02;1.8047769e-01;1.2250000e+02;1.3494475e-01;1.2250000e+02;8.8037282e-02;1.2250000e+02;4.5396894e-02;1.2250000e+02;6.9316886e-03;1.2250000e+02;1.1123409e-02;1.2250000e+02;1.9850146e-02;1.2250000e+02;3.3082474e-02;1.2250000e+02;4.9794018e-02;1.2250000e+02;7.0049495e-02;1.2250000e+02;9.3210608e-02;1.2250000e+02;1.1775054e-01;1.2250000e+02;1.4294396e-01;1.2250000e+02;1.6552766e-01;1.2250000e+02;1.9112693e-01;1.2250000e+02;2.1388282e-01;1.2250000e+02;2.2592057e-01;1.2250000e+02;2.1338198e-01;1.2250000e+02;1.8047769e-01;1.2250000e+02;1.3494475e-01;1.2250000e+02;8.8037282e-02;1.2250000e+02;4.5396894e-02;1.2250000e+02;6.9316886e-03;1.2250000e+02;1.1123409e-02;1.2250000e+02;1.9850146e-02;1.2250000e+02;3.3082474e-02;1.2250000e+02;4.9794018e-02;1.2250000e+02;7.0049495e-02;1.2250000e+02;9.3210608e-02;1.2250000e+02;1.1775054e-01;1.2250000e+02;1.4294396e-01;1.2250000e+02;1.6552766e-01;1.2250000e+02;1.9112693e-01;1.2250000e+02;2.1388282e-01;1.2250000e+02;2.2592057e-01;1.2250000e+02;2.1338198e-01;1.2250000e+02;1.8047769e-01;1.2250000e+02;1.3494475e-01;1.2250000e+02;8.8037282e-02;1.2250000e+02;4.5396894e-02;1.2250000e+02;6.9316886e-03;1.2250000e+02;1.1123409e-02;1.2250000e+02;1.9850146e-02;1.2250000e+02;3.3082474e-02;1.2250000e+02;4.9794018e-02;1.2250000e+02;7.0049495e-02;1.2250000e+02;9.3210608e-02;1.2250000e+02;1.1775054e-01;1.2250000e+02;1.4294396e-01;1.2250000e+02;1.6552766e-01;1.2250000e+02;1.9112693e-01;1.2250000e+02;2.1388282e-01;1.2250000e+02;2.2592057e-01;1.2250000e+02;2.1338198e-01;1.2250000e+02;1.8047769e-01;1.2250000e+02;1.3494475e-01;1.2250000e+02;8.8037282e-02;1.2250000e+02;4.5396894e-02;1.2250000e+02;6.9316886e-03;1.2250000e+02;1.1123409e-02;1.2250000e+02;1.9850146e-02;1.2250000e+02;3.3082474e-02;1.2250000e+02;4.9794018e-02;1.2250000e+02;7.0049495e-02;1.2250000e+02;9.3210608e-02;1.2250000e+02;1.1775054e-01;1.2250000e+02;1.4294396e-01;1.2250000e+02;1.6552766e-01;1.2250000e+02;1.9112693e-01;1.2250000e+02;2.1388282e-01;1.2250000e+02;2.2592057e-01;1.2250000e+02;2.1338198e-01;1.2250000e+02;1.8047769e-01;1.2250000e+02;1.3494475e-01;1.2250000e+02;8.8037282e-02;1.2250000e+02;4.5396894e-02;1.2250000e+02;6.9316886e-03;1.2250000e+02;1.1123409e-02;1.2250000e+02;1.9850146e-02;1.2250000e+02;3.3082474e-02;1.2250000e+02;4.9794018e-02;1.2250000e+02;7.0049495e-02;1.2250000e+02;9.3210608e-02;1.2250000e+02;1.1775054e-01;1.2250000e+02;1.4294396e-01;1.2250000e+02;1.6552766e-01;1.2250000e+02;1.9112693e-01;1.2250000e+02;2.1388282e-01;1.2250000e+02;2.2592057e-01;1.2250000e+02;2.1338198e-01;1.2250000e+02;1.8047769e-01;1.2250000e+02;1.3494475e-01;1.2250000e+02;8.8037282e-02;1.2250000e+02;4.5396894e-02;1.2250000e+02;6.9316886e-03;1.2250000e+02;1.1123409e-02;1.2250000e+02;1.9850146e-02;1.2250000e+02;3.3082474e-02;1.2250000e+02;4.9794018e-02;1.2250000e+02;7.0049495e-02;1.2250000e+02;9.3210608e-02;1.2250000e+02;1.1775054e-01;1.2250000e+02;1.4294396e-01;1.2250000e+02;1.6552766e-01;1.2250000e+02;1.9112693e-01;1.2250000e+02;2.1388282e-01;1.2250000e+02;2.2592057e-01;1.2250000e+02;2.1338198e-01;1.2250000e+02;1.8047769e-01;1.2250000e+02;1.3494475e-01;1.2250000e+02;8.8037282e-02;1.2250000e+02;4.5396894e-02;1.2250000e+02;6.9316886e-03;1.2250000e+02;1.1123409e-02;1.2250000e+02;1.9850146e-02;1.2250000e+02;3.3082474e-02;1.2250000e+02;4.9794018e-02;1.2250000e+02;7.0049495e-02;1.2250000e+02;9.3210608e-02;1.2250000e+02;1.1775054e-01;1.2250000e+02;1.4294396e-01;1.2250000e+02;1.6552766e-01;1.2250000e+02;1.9112693e-01;1.2250000e+02;2.1388282e-01;1.2250000e+02;2.2592057e-01;1.2250000e+02;2.1338198e-01;1.2250000e+02;1.8047769e-01;1.2250000e+02;1.3494475e-01;1.2250000e+02;8.8037282e-02;1.2250000e+02;4.5396894e-02;1.2250000e+02;6.9316886e-03;1.2250000e+02;1.1123409e-02;1.2250000e+02;1.9850146e-02;1.2250000e+02;3.3082474e-02;1.2250000e+02;4.9794018e-02;1.2250000e+02;7.0049495e-02;1.2250000e+02;9.3210608e-02;1.2250000e+02;1.1775054e-01;1.2250000e+02;1.4294396e-01;1.2250000e+02;1.6552766e-01;1.2250000e+02;1.9112693e-01;1.2250000e+02;2.1388282e-01;1.2250000e+02;2.2592057e-01;1.2250000e+02;2.1338198e-01;1.2250000e+02;1.8047769e-01;1.2250000e+02;1.3494475e-01;1.2250000e+02;8.8037282e-02;1.2250000e+02;4.5396894e-02;1.2250000e+02;6.9316886e-03;1.2250000e+02;1.1123409e-02;1.2250000e+02;1.9850146e-02;1.2250000e+02;3.3082474e-02;1.2250000e+02;4.9794018e-02;1.2250000e+02;7.0049495e-02;1.2250000e+02;9.3210608e-02;1.2250000e+02;1.1775054e-01;1.2250000e+02;1.4294396e-01;1.2250000e+02;1.6552766e-01;1.2250000e+02;1.9112693e-01;1.2250000e+02;2.1388282e-01;1.2250000e+02;2.2592057e-01;1.2250000e+02;2.1338198e-01;1.2250000e+02;1.8047769e-01;1.2250000e+02;1.3494475e-01;1.2250000e+02;8.8037282e-02;1.2250000e+02;4.5396894e-02;1.2250000e+02;6.9316886e-03;1.2250000e+02;1.1123409e-02;1.2250000e+02;1.9850146e-02;1.2250000e+02;3.3082474e-02;1.2250000e+02;4.9794018e-02;1.2250000e+02;7.0049495e-02;1.2250000e+02;9.3210608e-02;1.2250000e+02;1.1775054e-01;1.2250000e+02;1.4294396e-01;1.2250000e+02;1.6552766e-01;1.2250000e+02;1.9112693e-01;1.2250000e+02;2.1388282e-01;1.2250000e+02;2.2592057e-01;1.2250000e+02;2.1338198e-01;1.2250000e+02;1.8047769e-01;1.2250000e+02;1.3494475e-01;1.2250000e+02;8.8037282e-02;1.2250000e+02;4.5396894e-02;1.2250000e+02;6.9316886e-03;1.2250000e+02;1.1123409e-02;1.2250000e+02;1.9850146e-02;1.2250000e+02;3.3082474e-02;1.2250000e+02;4.9794018e-02;1.2250000e+02;7.0049495e-02;1.2250000e+02;9.3210608e-02;1.2250000e+02;1.1775054e-01;1.2250000e+02;1.4294396e-01;1.2250000e+02;1.6552766e-01;1.2250000e+02;1.9112693e-01;1.2250000e+02;2.1388282e-01;1.2250000e+02;2.2592057e-01;1.2250000e+02;2.1338198e-01;1.2250000e+02;1.8047769e-01;1.2250000e+02;1.3494475e-01;1.2250000e+02;8.8037282e-02;1.2250000e+02;4.5396894e-02;1.2250000e+02;6.9316886e-03;1.2250000e+02;1.1123409e-02;1.2250000e+02;1.9850146e-02;1.2250000e+02;3.3082474e-02;1.2250000e+02;4.9794018e-02;1.2250000e+02;7.0049495e-02;1.2250000e+02;9.3210608e-02;1.2250000e+02;1.1775054e-01;1.2250000e+02;1.4294396e-01;1.2250000e+02;1.6552766e-01;1.2250000e+02;1.9112693e-01;1.2250000e+02;2.1388282e-01;1.2250000e+02;2.2592057e-01;1.2250000e+02;2.1338198e-01;1.2250000e+02;1.8047769e-01;1.2250000e+02;1.3494475e-01;1.2250000e+02;8.8037282e-02;1.2250000e+02;4.5396894e-02;1.2250000e+02;6.9316886e-03;1.2250000e+02;1.1123409e-02;1.2250000e+02;1.9850146e-02;1.2250000e+02;3.3082474e-02;1.2250000e+02;4.9794018e-02;1.2250000e+02;7.0049495e-02;1.2250000e+02;9.3210608e-02;1.2250000e+02;1.1775054e-01;1.2250000e+02;1.4294396e-01;1.2250000e+02;1.6552766e-01;1.2250000e+02;1.9112693e-01;1.2250000e+02;2.1388282e-01;1.2250000e+02;2.2592057e-01;1.2250000e+02;2.1338198e-01;1.2250000e+02;1.8047769e-01;1.2250000e+02;1.3494475e-01;1.2250000e+02;8.8037282e-02;1.2250000e+02;4.5396894e-02;1.2250000e+02;6.9316886e-03;1.2250000e+02;1.1123409e-02;1.2250000e+02;1.9850146e-02;1.2250000e+02;3.3082474e-02;1.2250000e+02;4.9794018e-02;1.2250000e+02;7.0049495e-02;1.2250000e+02;9.3210608e-02;1.2250000e+02;1.1775054e-01;1.2250000e+02;1.4294396e-01;1.2250000e+02;1.6552766e-01;1.2250000e+02;1.9112693e-01;1.2250000e+02;2.1388282e-01;1.2250000e+02;2.2592057e-01;1.2250000e+02;2.1338198e-01;1.2250000e+02;1.8047769e-01;1.2250000e+02;1.3494475e-01;1.2250000e+02;8.8037282e-02;1.2250000e+02;4.5396894e-02;1.2250000e+02;6.9316886e-03;1.2250000e+02;1.1123409e-02;1.2250000e+02;1.9850146e-02;1.2250000e+02;3.3082474e-02;1.2250000e+02;4.9794018e-02;1.2250000e+02;7.0049495e-02;1.2250000e+02;9.3210608e-02;1.2250000e+02;1.1775054e-01;1.2250000e+02;1.4294396e-01;1.2250000e+02;1.6552766e-01;1.2250000e+02;1.9112693e-01;1.2250000e+02;2.1388282e-01;1.2250000e+02;2.2592057e-01;1.2250000e+02;2.1338198e-01;1.2250000e+02;1.8047769e-01;1.2250000e+02;1.3494475e-01;1.2250000e+02;8.8037282e-02;1.2250000e+02;4.5396894e-02;1.2250000e+02;6.9316886e-03;1.2250000e+02;1.1123409e-02;1.2250000e+02;1.9850146e-02;1.2250000e+02;3.3082474e-02;1.2250000e+02;4.9794018e-02;1.2250000e+02;7.0049495e-02;1.2250000e+02;9.3210608e-02;1.2250000e+02;1.1775054e-01;1.2250000e+02;1.4294396e-01;1.2250000e+02;1.6552766e-01;1.2250000e+02;1.9112693e-01;1.2250000e+02;2.1388282e-01;1.2250000e+02;2.2592057e-01;1.2250000e+02;2.1338198e-01;1.2250000e+02;1.8047769e-01;1.2250000e+02;1.3494475e-01;1.2250000e+02;8.8037282e-02;1.2250000e+02;4.5396894e-02;1.2250000e+02;6.9316886e-03;1.2250000e+02;1.1123409e-02;1.2250000e+02;1.9850146e-02;1.2250000e+02;3.3082474e-02;1.2250000e+02;4.9794018e-02;1.2250000e+02;7.0049495e-02;1.2250000e+02;9.3210608e-02;1.2250000e+02;1.1775054e-01;1.2250000e+02;1.4294396e-01;1.2250000e+02;1.6552766e-01;1.2250000e+02;1.9112693e-01;1.2250000e+02;2.1388282e-01;1.2250000e+02;2.2592057e-01;1.2250000e+02;2.1338198e-01;1.2250000e+02;1.8047769e-01;1.2250000e+02;1.3494475e-01;1.2250000e+02;8.8037282e-02;1.2250000e+02;4.5396894e-02;1.2250000e+02;6.9316886e-03;1.2250000e+02;1.1123409e-02;1.2250000e+02;1.9850146e-02;1.2250000e+02;3.3082474e-02;1.2250000e+02;4.9794018e-02;1.2250000e+02;7.0049495e-02;1.2250000e+02;9.3210608e-02;1.2250000e+02;1.1775054e-01;1.2250000e+02;1.4294396e-01;1.2250000e+02;1.6552766e-01;1.2250000e+02;1.9112693e-01;1.2250000e+02;2.1388282e-01;1.2250000e+02;2.2592057e-01;1.2250000e+02;2.1338198e-01;1.2250000e+02;1.8047769e-01;1.2250000e+02;1.3494475e-01;1.2250000e+02;8.8037282e-02;1.2250000e+02;4.5396894e-02;1.2250000e+02;6.9316886e-03;1.2250000e+02;1.1123409e-02;1.2250000e+02;1.9850146e-02;1.2250000e+02;3.3082474e-02;1.2250000e+02;4.9794018e-02;1.2250000e+02;7.0049495e-02;1.2250000e+02;9.3210608e-02;1.2250000e+02;1.1775054e-01;1.2250000e+02;1.4294396e-01;1.2250000e+02;1.6552766e-01;1.2250000e+02;1.9112693e-01;1.2250000e+02;2.1388282e-01;1.2250000e+02;2.2592057e-01;1.2250000e+02;2.1338198e-01;1.2250000e+02;1.8047769e-01;1.2250000e+02;1.3494475e-01;1.2250000e+02;8.8037282e-02;1.2250000e+02;4.5396894e-02;1.2250000e+02;6.9316886e-03;1.2250000e+02;1.1123409e-02;1.2250000e+02;1.9850146e-02;1.2250000e+02;3.3082474e-02;1.2250000e+02;4.9794018e-02;1.2250000e+02;7.0049495e-02;1.2250000e+02;9.3210608e-02;1.2250000e+02;1.1775054e-01;1.2250000e+02;1.4294396e-01;1.2250000e+02;1.6552766e-01;1.2250000e+02;1.9112693e-01;1.2250000e+02;2.1388282e-01;1.2250000e+02;2.2592057e-01;1.2250000e+02;2.1338198e-01;1.2250000e+02;1.8047769e-01;1.2250000e+02;1.3494475e-01;1.2250000e+02;8.8037282e-02;1.2250000e+02;4.5396894e-02;1.2250000e+02;6.9316886e-03;1.2250000e+02;1.1123409e-02;1.2250000e+02;1.9850146e-02;1.2250000e+02;3.3082474e-02;1.2250000e+02;4.9794018e-02;1.2250000e+02;7.0049495e-02;1.2250000e+02;9.3210608e-02;1.2250000e+02;1.1775054e-01;1.2250000e+02;1.4294396e-01;1.2250000e+02;1.6552766e-01;1.2250000e+02;1.9112693e-01;1.2250000e+02;2.1388282e-01;1.2250000e+02;2.2592057e-01;1.2250000e+02;2.1338198e-01;1.2250000e+02;1.8047769e-01;1.2250000e+02;1.3494475e-01;1.2250000e+02;8.8037282e-02;1.2250000e+02;4.5396894e-02;1.2250000e+02;6.9316886e-03;1.2250000e+02;1.1123409e-02;1.2250000e+02;1.9850146e-02;1.2250000e+02;3.3082474e-02;1.2250000e+02;4.9794018e-02;1.2250000e+02;7.0049495e-02;1.2250000e+02;9.3210608e-02;1.2250000e+02;1.1775054e-01;1.2250000e+02;1.4294396e-01;1.2250000e+02;1.6552766e-01;1.2250000e+02;1.9112693e-01;1.2250000e+02;2.1388282e-01;1.2250000e+02;2.2592057e-01;1.2250000e+02;2.1338198e-01;1.2250000e+02;1.8047769e-01;1.2250000e+02;1.3494475e-01;1.2250000e+02;8.8037282e-02;1.2250000e+02;4.5396894e-02;1.2250000e+02;6.9316886e-03;1.2250000e+02;1.1123409e-02;1.2250000e+02;1.9850146e-02;1.2250000e+02;3.3082474e-02;1.2250000e+02;4.9794018e-02;1.2250000e+02;7.0049495e-02;1.2250000e+02;9.3210608e-02;1.2250000e+02;1.1775054e-01;1.2250000e+02;1.4294396e-01;1.2250000e+02;1.6552766e-01;1.2250000e+02;1.9112693e-01;1.2250000e+02;2.1388282e-01;1.2250000e+02;2.2592057e-01;1.2250000e+02;2.1338198e-01;1.2250000e+02;1.8047769e-01;1.2250000e+02;1.3494475e-01;1.2250000e+02;8.8037282e-02;1.2250000e+02;4.5396894e-02;1.2250000e+02;6.9316886e-03;1.2250000e+02;1.1123409e-02;1.2250000e+02;1.9850146e-02;1.2250000e+02;3.3082474e-02;1.2250000e+02;4.9794018e-02;1.2250000e+02;7.0049495e-02;1.2250000e+02;9.3210608e-02;1.2250000e+02;1.1775054e-01;1.2250000e+02;1.4294396e-01;1.2250000e+02;1.6552766e-01;1.2250000e+02;1.9112693e-01;1.2250000e+02;2.1388282e-01;1.2250000e+02;2.2592057e-01;1.2250000e+02;2.1338198e-01;1.2250000e+02;1.8047769e-01;1.2250000e+02;1.3494475e-01;1.2250000e+02;8.8037282e-02;1.2250000e+02;4.5396894e-02;1.2250000e+02;6.9316886e-03;1.2250000e+02;1.1123409e-02;1.2250000e+02;1.9850146e-02;1.2250000e+02;3.3082474e-02;1.2250000e+02;4.9794018e-02;1.2250000e+02;7.0049495e-02;1.2250000e+02;9.3210608e-02;1.2250000e+02;1.1775054e-01;1.2250000e+02;1.4294396e-01;1.2250000e+02;1.6552766e-01;1.2250000e+02;1.9112693e-01;1.2250000e+02;2.1388282e-01;1.2250000e+02;2.2592057e-01;1.2250000e+02;2.1338198e-01;1.2250000e+02;1.8047769e-01;1.2250000e+02;1.3494475e-01;1.2250000e+02;8.8037282e-02;1.2250000e+02;4.5396894e-02;1.2250000e+02;6.9316886e-03;1.2250000e+02;1.1123409e-02;1.2250000e+02;1.9850146e-02;1.2250000e+02;3.3082474e-02;1.2250000e+02;4.9794018e-02;1.2250000e+02;7.0049495e-02;1.2250000e+02;9.3210608e-02;1.2250000e+02;1.1775054e-01;1.2250000e+02;1.4294396e-01;1.2250000e+02;1.6552766e-01;1.2250000e+02;1.9112693e-01;1.2250000e+02;2.1388282e-01;1.2250000e+02;2.2592057e-01;1.2250000e+02;2.1338198e-01;1.2250000e+02;1.8047769e-01;1.2250000e+02;1.3494475e-01;1.2250000e+02;8.8037282e-02;1.2250000e+02;4.5396894e-02;1.2250000e+02;6.9316886e-03;1.2250000e+02;1.1123409e-02;1.2250000e+02;1.9850146e-02;1.2250000e+02;3.3082474e-02;1.2250000e+02;4.9794018e-02;1.2250000e+02;7.0049495e-02;1.2250000e+02;9.3210608e-02;1.2250000e+02;1.1775054e-01;1.2250000e+02;1.4294396e-01;1.2250000e+02;1.6552766e-01;1.2250000e+02;1.9112693e-01;1.2250000e+02;2.1388282e-01;1.2250000e+02;2.2592057e-01;1.2250000e+02;2.1338198e-01;1.2250000e+02;1.8047769e-01;1.2250000e+02;1.3494475e-01;1.2250000e+02;8.8037282e-02;1.2250000e+02;4.5396894e-02;1.2250000e+02;6.9316886e-03;1.2250000e+02;1.1123409e-02;1.2250000e+02;1.9850146e-02;1.2250000e+02;3.3082474e-02;1.2250000e+02;4.9794018e-02;1.2250000e+02;7.0049495e-02;1.2250000e+02;9.3210608e-02;1.2250000e+02;1.1775054e-01;1.2250000e+02;1.4294396e-01;1.2250000e+02;1.6552766e-01;1.2250000e+02;1.9112693e-01;1.2250000e+02;2.1388282e-01;1.2250000e+02;2.2592057e-01;1.2250000e+02;2.1338198e-01;1.2250000e+02;1.8047769e-01;1.2250000e+02;1.3494475e-01;1.2250000e+02;8.8037282e-02;1.2250000e+02;4.5396894e-02;1.2250000e+02;6.9316886e-03;1.2250000e+02;1.1123409e-02;1.2250000e+02;1.9850146e-02;1.2250000e+02;3.3082474e-02;1.2250000e+02;4.9794018e-02;1.2250000e+02;7.0049495e-02;1.2250000e+02;9.3210608e-02;1.2250000e+02;1.1775054e-01;1.2250000e+02;1.4294396e-01;1.2250000e+02;1.6552766e-01;1.2250000e+02;1.9112693e-01;1.2250000e+02;2.1388282e-01;1.2250000e+02;2.2592057e-01;1.2250000e+02;2.1338198e-01;1.2250000e+02;1.8047769e-01;1.2250000e+02;1.3494475e-01;1.2250000e+02;8.8037282e-02;1.2250000e+02;4.5396894e-02;1.2250000e+02;6.9316886e-03;1.2250000e+02;1.1123409e-02;1.2250000e+02;1.9850146e-02;1.2250000e+02;3.3082474e-02;1.2250000e+02;4.9794018e-02;1.2250000e+02;7.0049495e-02;1.2250000e+02;9.3210608e-02;1.2250000e+02;1.1775054e-01;1.2250000e+02;1.4294396e-01;1.2250000e+02;1.6552766e-01;1.2250000e+02;1.9112693e-01;1.2250000e+02;2.1388282e-01;1.2250000e+02;2.2592057e-01;1.2250000e+02;2.1338198e-01;1.2250000e+02;1.8047769e-01;1.2250000e+02;1.3494475e-01;1.2250000e+02;8.8037282e-02;1.2250000e+02;4.5396894e-02;1.2250000e+02;6.9316886e-03;1.2250000e+02;1.1123409e-02;1.2250000e+02;1.9850146e-02;1.2250000e+02;3.3082474e-02;1.2250000e+02;4.9794018e-02;1.2250000e+02;7.0049495e-02;1.2250000e+02;9.3210608e-02;1.2250000e+02;1.1775054e-01;1.2250000e+02;1.4294396e-01;1.2250000e+02;1.6552766e-01;1.2250000e+02;1.9112693e-01;1.2250000e+02;2.1388282e-01;1.2250000e+02;2.2592057e-01;1.2250000e+02;2.1338198e-01;1.2250000e+02;1.8047769e-01;1.2250000e+02;1.3494475e-01;1.2250000e+02;8.8037282e-02;1.2250000e+02;4.5396894e-02;1.2250000e+02;6.9316886e-03;1.2250000e+02;1.1123409e-02;1.2250000e+02;1.9850146e-02;1.2250000e+02;3.3082474e-02;1.2250000e+02;4.9794018e-02;1.2250000e+02;7.0049495e-02;1.2250000e+02;9.3210608e-02;1.2250000e+02;1.1775054e-01;1.2250000e+02;1.4294396e-01;1.2250000e+02;1.6552766e-01;1.2250000e+02;1.9112693e-01;1.2250000e+02;2.1388282e-01;1.2250000e+02;2.2592057e-01;1.2250000e+02;2.1338198e-01;1.2250000e+02;1.8047769e-01;1.2250000e+02;1.3494475e-01;1.2250000e+02;8.8037282e-02;1.2250000e+02;4.5396894e-02;1.2250000e+02;6.9316886e-03;1.2250000e+02;1.1123409e-02;1.2250000e+02;1.9850146e-02;1.2250000e+02;3.3082474e-02;1.2250000e+02;4.9794018e-02;1.2250000e+02;7.0049495e-02;1.2250000e+02;9.3210608e-02;1.2250000e+02;1.1775054e-01;1.2250000e+02;1.4294396e-01;1.2250000e+02;1.6552766e-01;1.2250000e+02;1.9112693e-01;1.2250000e+02;2.1388282e-01;1.2250000e+02;2.2592057e-01;1.2250000e+02;2.1338198e-01;1.2250000e+02;1.8047769e-01;1.2250000e+02;1.3494475e-01;1.2250000e+02;8.8037282e-02;1.2250000e+02;4.5396894e-02;1.2250000e+02;6.9316886e-03;1.2250000e+02;1.1123409e-02;1.2250000e+02;1.9850146e-02;1.2250000e+02;3.3082474e-02;1.2250000e+02;4.9794018e-02;1.2250000e+02;7.0049495e-02;1.2250000e+02;9.3210608e-02;1.2250000e+02;1.1775054e-01;1.2250000e+02;1.4294396e-01;1.2250000e+02;1.6552766e-01;1.2250000e+02;1.9112693e-01;1.2250000e+02;2.1388282e-01;1.2250000e+02;2.2592057e-01;1.2250000e+02;2.1338198e-01;1.2250000e+02;1.8047769e-01;1.2250000e+02;1.3494475e-01;1.2250000e+02;8.8037282e-02;1.2250000e+02;4.5396894e-02;1.2250000e+02;6.9316886e-03;1.2250000e+02;1.1123409e-02;1.2250000e+02;1.9850146e-02;1.2250000e+02;3.3082474e-02;1.2250000e+02;4.9794018e-02;1.2250000e+02;7.0049495e-02;1.2250000e+02;9.3210608e-02;1.2250000e+02;1.1775054e-01;1.2250000e+02;1.4294396e-01;1.2250000e+02;1.6552766e-01;1.2250000e+02;1.9112693e-01;1.2250000e+02;2.1388282e-01;1.2250000e+02;2.2592057e-01;1.2250000e+02;2.1338198e-01;1.2250000e+02;1.8047769e-01;1.2250000e+02;1.3494475e-01;1.2250000e+02;8.8037282e-02;1.2250000e+02;4.5396894e-02;1.2250000e+02;6.9316886e-03;1.2250000e+02;1.1123409e-02;1.2250000e+02;1.9850146e-02;1.2250000e+02;3.3082474e-02;1.2250000e+02;4.9794018e-02;1.2250000e+02;7.0049495e-02;1.2250000e+02;9.3210608e-02;1.2250000e+02;1.1775054e-01;1.2250000e+02;1.4294396e-01;1.2250000e+02;1.6552766e-01;1.2250000e+02;1.9112693e-01;1.2250000e+02;2.1388282e-01;1.2250000e+02;2.2592057e-01;1.2250000e+02;2.1338198e-01;1.2250000e+02;1.8047769e-01;1.2250000e+02;1.3494475e-01;1.2250000e+02;8.8037282e-02;1.2250000e+02;4.5396894e-02;1.2250000e+02;6.9316886e-03;1.2250000e+02;1.1123409e-02;1.2250000e+02;1.9850146e-02;1.2250000e+02;3.3082474e-02;1.2250000e+02;4.9794018e-02;1.2250000e+02;7.0049495e-02;1.2250000e+02;9.3210608e-02;1.2250000e+02;1.1775054e-01;1.2250000e+02;1.4294396e-01;1.2250000e+02;1.6552766e-01;1.2250000e+02;1.9112693e-01;1.2250000e+02;2.1388282e-01;1.2250000e+02;2.2592057e-01;1.2250000e+02;2.1338198e-01;1.2250000e+02;1.8047769e-01;1.2250000e+02;1.3494475e-01;1.2250000e+02;8.8037282e-02;1.2250000e+02;4.5396894e-02;1.2250000e+02;6.9316886e-03;1.2250000e+02;1.1123409e-02;1.2250000e+02;1.9850146e-02;1.2250000e+02;3.3082474e-02;1.2250000e+02;4.9794018e-02;1.2250000e+02;7.0049495e-02;1.2250000e+02;9.3210608e-02;1.2250000e+02;1.1775054e-01;1.2250000e+02;1.4294396e-01;1.2250000e+02;1.6552766e-01;1.2250000e+02;1.9112693e-01;1.2250000e+02;2.1388282e-01;1.2250000e+02;2.2592057e-01;1.2250000e+02;2.1338198e-01;1.2250000e+02;1.8047769e-01;1.2250000e+02;1.3494475e-01;1.2250000e+02;8.8037282e-02;1.2250000e+02;4.5396894e-02;1.2250000e+02;6.9316886e-03;1.2250000e+02;1.1123409e-02;1.2250000e+02;1.9850146e-02;1.2250000e+02;3.3082474e-02;1.2250000e+02;4.9794018e-02;1.2250000e+02;7.0049495e-02;1.2250000e+02;9.3210608e-02;1.2250000e+02;1.1775054e-01;1.2250000e+02;1.4294396e-01;1.2250000e+02;1.6552766e-01;1.2250000e+02;1.9112693e-01;1.2250000e+02;2.1388282e-01;1.2250000e+02;2.2592057e-01;1.2250000e+02;2.1338198e-01;1.2250000e+02;1.8047769e-01;1.2250000e+02;1.3494475e-01;1.2250000e+02;8.8037282e-02;1.2250000e+02;4.5396894e-02;1.2250000e+02;6.9316886e-03;1.2250000e+02;1.1123409e-02;1.2250000e+02;1.9850146e-02;1.2250000e+02;3.3082474e-02;1.2250000e+02;4.9794018e-02;1.2250000e+02;7.0049495e-02;1.2250000e+02;9.3210608e-02;1.2250000e+02;1.1775054e-01;1.2250000e+02;1.4294396e-01;1.2250000e+02;1.6552766e-01;1.2250000e+02;1.9112693e-01;1.2250000e+02;2.1388282e-01;1.2250000e+02;2.2592057e-01;1.2250000e+02;2.1338198e-01;1.2250000e+02;1.8047769e-01;1.2250000e+02;1.3494475e-01;1.2250000e+02;8.8037282e-02;1.2250000e+02;4.5396894e-02;1.2250000e+02;6.9316886e-03;1.2250000e+02;1.1123409e-02;1.2250000e+02;1.9850146e-02;1.2250000e+02;3.3082474e-02;1.2250000e+02;4.9794018e-02;1.2250000e+02;7.0049495e-02;1.2250000e+02;9.3210608e-02;1.2250000e+02;1.1775054e-01;1.2250000e+02;1.4294396e-01;1.2250000e+02;1.6552766e-01;1.2250000e+02;1.9112693e-01;1.2250000e+02;2.1388282e-01;1.2250000e+02;2.2592057e-01;1.2250000e+02;2.1338198e-01;1.2250000e+02;1.8047769e-01;1.2250000e+02;1.3494475e-01;1.2250000e+02;8.8037282e-02;1.2250000e+02;4.5396894e-02;1.2250000e+02;6.9316886e-03;1.2250000e+02;1.1123409e-02;1.2250000e+02;1.9850146e-02;1.2250000e+02;3.3082474e-02;1.2250000e+02;4.9794018e-02;1.2250000e+02;7.0049495e-02;1.2250000e+02;9.3210608e-02;1.2250000e+02;1.1775054e-01;1.2250000e+02;1.4294396e-01;1.2250000e+02;1.6552766e-01;1.2250000e+02;1.9112693e-01;1.2250000e+02;2.1388282e-01;1.2250000e+02;2.2592057e-01;1.2250000e+02;2.1338198e-01;1.2250000e+02;1.8047769e-01;1.2250000e+02;1.3494475e-01;1.2250000e+02;8.8037282e-02;1.2250000e+02;4.5396894e-02;1.2250000e+02;6.9316886e-03;1.2250000e+02;1.1123409e-02;1.2250000e+02;1.9850146e-02;1.2250000e+02;3.3082474e-02;1.2250000e+02;4.9794018e-02;1.2250000e+02;7.0049495e-02;1.2250000e+02;9.3210608e-02;1.2250000e+02;1.1775054e-01;1.2250000e+02;1.4294396e-01;1.2250000e+02;1.6552766e-01;1.2250000e+02;1.9112693e-01;1.2250000e+02;2.1388282e-01;1.2250000e+02;2.2592057e-01;1.2250000e+02;2.1338198e-01;1.2250000e+02;1.8047769e-01;1.2250000e+02;1.3494475e-01;1.2250000e+02;8.8037282e-02;1.2250000e+02;4.5396894e-02;1.2250000e+02;6.9316886e-03;1.2250000e+02;1.1123409e-02;1.2250000e+02;1.9850146e-02;1.2250000e+02;3.3082474e-02;1.2250000e+02;4.9794018e-02;1.2250000e+02;7.0049495e-02;1.2250000e+02;9.3210608e-02;1.2250000e+02;1.1775054e-01;1.2250000e+02;1.4294396e-01;1.2250000e+02;1.6552766e-01;1.2250000e+02;1.9112693e-01;1.2250000e+02;2.1388282e-01;1.2250000e+02;2.2592057e-01;1.2250000e+02;2.1338198e-01;1.2250000e+02;1.8047769e-01;1.2250000e+02;1.3494475e-01;1.2250000e+02;8.8037282e-02;1.2250000e+02;4.5396894e-02;1.2250000e+02;6.9316886e-03;1.2250000e+02;1.1123409e-02;1.2250000e+02;1.9850146e-02;1.2250000e+02;3.3082474e-02;1.2250000e+02;4.9794018e-02;1.2250000e+02;7.0049495e-02;1.2250000e+02;9.3210608e-02;1.2250000e+02;1.1775054e-01;1.2250000e+02;1.4294396e-01;1.2250000e+02;1.6552766e-01;1.2250000e+02;1.9112693e-01;1.2250000e+02;2.1388282e-01;1.2250000e+02;2.2592057e-01;1.2250000e+02;2.1338198e-01;1.2250000e+02;1.8047769e-01;1.2250000e+02;1.3494475e-01;1.2250000e+02;8.8037282e-02;1.2250000e+02;4.5396894e-02;1.2250000e+02;6.9316886e-03;1.2250000e+02;1.1123409e-02;1.2250000e+02;1.9850146e-02;1.2250000e+02;3.3082474e-02;1.2250000e+02;4.9794018e-02;1.2250000e+02;7.0049495e-02;1.2250000e+02;9.3210608e-02;1.2250000e+02;1.1775054e-01;1.2250000e+02;1.4294396e-01;1.2250000e+02;1.6552766e-01;1.2250000e+02;1.9112693e-01;1.2250000e+02;2.1388282e-01;1.2250000e+02;2.2592057e-01;1.2250000e+02;2.1338198e-01;1.2250000e+02;1.8047769e-01;1.2250000e+02;1.3494475e-01;1.2250000e+02;8.8037282e-02;1.2250000e+02;4.5396894e-02;1.2250000e+02;6.9316886e-03;1.2250000e+02;1.1123409e-02;1.2250000e+02;1.9850146e-02;1.2250000e+02;3.3082474e-02;1.2250000e+02;4.9794018e-02;1.2250000e+02;7.0049495e-02;1.2250000e+02;9.3210608e-02;1.2250000e+02;1.1775054e-01;1.2250000e+02;1.4294396e-01;1.2250000e+02;1.6552766e-01;1.2250000e+02;1.9112693e-01;1.2250000e+02;2.1388282e-01;1.2250000e+02;2.2592057e-01;1.2250000e+02;2.1338198e-01;1.2250000e+02;1.8047769e-01;1.2250000e+02;1.3494475e-01;1.2250000e+02;8.8037282e-02;1.2250000e+02;4.5396894e-02;1.2250000e+02;6.9316886e-03;1.2250000e+02;1.1123409e-02;1.2250000e+02;1.9850146e-02;1.2250000e+02;3.3082474e-02;1.2250000e+02;4.9794018e-02;1.2250000e+02;7.0049495e-02;1.2250000e+02;9.3210608e-02;1.2250000e+02;1.1775054e-01;1.2250000e+02;1.4294396e-01;1.2250000e+02;1.6552766e-01;1.2250000e+02;1.9112693e-01;1.2250000e+02;2.1388282e-01;1.2250000e+02;2.2592057e-01;1.2250000e+02;2.1338198e-01;1.2250000e+02;1.8047769e-01;1.2250000e+02;1.3494475e-01;1.2250000e+02;8.8037282e-02;1.2250000e+02;4.5396894e-02;1.2250000e+02;6.9316886e-03;1.2250000e+02;1.1123409e-02;1.2250000e+02;1.9850146e-02;1.2250000e+02;3.3082474e-02;1.2250000e+02;4.9794018e-02;1.2250000e+02;7.0049495e-02;1.2250000e+02;9.3210608e-02;1.2250000e+02;1.1775054e-01;1.2250000e+02;1.4294396e-01;1.2250000e+02;1.6552766e-01;1.2250000e+02;1.9112693e-01;1.2250000e+02;2.1388282e-01;1.2250000e+02;2.2592057e-01;1.2250000e+02;2.1338198e-01;1.2250000e+02;1.8047769e-01;1.2250000e+02;1.3494475e-01;1.2250000e+02;8.8037282e-02;1.2250000e+02;4.5396894e-02;1.2250000e+02;6.9316886e-03;1.2250000e+02;1.1123409e-02;1.2250000e+02;1.9850146e-02;1.2250000e+02;3.3082474e-02;1.2250000e+02;4.9794018e-02;1.2250000e+02;7.0049495e-02;1.2250000e+02;9.3210608e-02;1.2250000e+02;1.1775054e-01;1.2250000e+02;1.4294396e-01;1.2250000e+02;1.6552766e-01;1.2250000e+02;1.9112693e-01;1.2250000e+02;2.1388282e-01;1.2250000e+02;2.2592057e-01;1.2250000e+02;2.1338198e-01;1.2250000e+02;1.8047769e-01;1.2250000e+02;1.3494475e-01;1.2250000e+02;8.8037282e-02;1.2250000e+02;4.5396894e-02;1.2250000e+02;6.9316886e-03;1.2250000e+02;1.1123409e-02;1.2250000e+02;1.9850146e-02;1.2250000e+02;3.3082474e-02;1.2250000e+02;4.9794018e-02;1.2250000e+02;7.0049495e-02;1.2250000e+02;9.3210608e-02;1.2250000e+02;1.1775054e-01;1.2250000e+02;1.4294396e-01;1.2250000e+02;1.6552766e-01;1.2250000e+02;1.9112693e-01;1.2250000e+02;2.1388282e-01;1.2250000e+02;2.2592057e-01;1.2250000e+02;2.1338198e-01;1.2250000e+02;1.8047769e-01;1.2250000e+02;1.3494475e-01;1.2250000e+02;8.8037282e-02;1.2250000e+02;4.5396894e-02;1.2250000e+02;6.9316886e-03;1.2250000e+02;1.1123409e-02;1.2250000e+02;1.9850146e-02;1.2250000e+02;3.3082474e-02;1.2250000e+02;4.9794018e-02;1.2250000e+02;7.0049495e-02;1.2250000e+02;9.3210608e-02;1.2250000e+02;1.1775054e-01;1.2250000e+02;1.4294396e-01;1.2250000e+02;1.6552766e-01;1.2250000e+02;1.9112693e-01;1.2250000e+02;2.1388282e-01;1.2250000e+02;2.2592057e-01;1.2250000e+02;2.1338198e-01;1.2250000e+02;1.8047769e-01;1.2250000e+02;1.3494475e-01;1.2250000e+02;8.8037282e-02;1.2250000e+02;4.5396894e-02;1.2250000e+02;6.9316886e-03;1.2250000e+02;1.1123409e-02;1.2250000e+02;1.9850146e-02;1.2250000e+02;3.3082474e-02;1.2250000e+02;4.9794018e-02;1.2250000e+02;7.0049495e-02;1.2250000e+02;9.3210608e-02;1.2250000e+02;1.1775054e-01;1.2250000e+02;1.4294396e-01;1.2250000e+02;1.6552766e-01;1.2250000e+02;1.9112693e-01;1.2250000e+02;2.1388282e-01;1.2250000e+02;2.2592057e-01;1.2250000e+02;2.1338198e-01;1.2250000e+02;1.8047769e-01;1.2250000e+02;1.3494475e-01;1.2250000e+02;8.8037282e-02;1.2250000e+02;4.5396894e-02;1.2250000e+02;6.9316886e-03;1.2250000e+02;1.1123409e-02;1.2250000e+02;1.9850146e-02;1.2250000e+02;3.3082474e-02;1.2250000e+02;4.9794018e-02;1.2250000e+02;7.0049495e-02;1.2250000e+02;9.3210608e-02;1.2250000e+02;1.1775054e-01;1.2250000e+02;1.4294396e-01;1.2250000e+02;1.6552766e-01;1.2250000e+02;1.9112693e-01;1.2250000e+02;2.1388282e-01;1.2250000e+02;2.2592057e-01;1.2250000e+02;2.1338198e-01;1.2250000e+02;1.8047769e-01;1.2250000e+02;1.3494475e-01;1.2250000e+02;8.8037282e-02;1.2250000e+02;4.5396894e-02;1.2250000e+02;6.9316886e-03;1.2250000e+02;1.1123409e-02;1.2250000e+02;1.9850146e-02;1.2250000e+02;3.3082474e-02;1.2250000e+02;4.9794018e-02;1.2250000e+02;7.0049495e-02;1.2250000e+02;9.3210608e-02;1.2250000e+02;1.1775054e-01;1.2250000e+02;1.4294396e-01;1.2250000e+02;1.6552766e-01;1.2250000e+02;1.9112693e-01;1.2250000e+02;2.1388282e-01;1.2250000e+02;2.2592057e-01;1.2250000e+02;2.1338198e-01;1.2250000e+02;1.8047769e-01;1.2250000e+02;1.3494475e-01;1.2250000e+02;8.8037282e-02;1.2250000e+02;4.5396894e-02;1.2250000e+02;6.9316886e-03;1.2250000e+02;1.1123409e-02;1.2250000e+02;1.9850146e-02;1.2250000e+02;3.3082474e-02;1.2250000e+02;4.9794018e-02;1.2250000e+02;7.0049495e-02;1.2250000e+02;9.3210608e-02;1.2250000e+02;1.1775054e-01;1.2250000e+02;1.4294396e-01;1.2250000e+02;1.6552766e-01;1.2250000e+02;1.9112693e-01;1.2250000e+02;2.1388282e-01;1.2250000e+02;2.2592057e-01;1.2250000e+02;2.1338198e-01;1.2250000e+02;1.8047769e-01;1.2250000e+02;1.3494475e-01;1.2250000e+02;8.8037282e-02;1.2250000e+02;4.5396894e-02;1.2250000e+02;6.9316886e-03;1.2250000e+02;1.1123409e-02;1.2250000e+02;1.9850146e-02;1.2250000e+02;3.3082474e-02;1.2250000e+02;4.9794018e-02;1.2250000e+02;7.0049495e-02;1.2250000e+02;9.3210608e-02;1.2250000e+02;1.1775054e-01;1.2250000e+02;1.4294396e-01;1.2250000e+02;1.6552766e-01;1.2250000e+02;1.9112693e-01;1.2250000e+02;2.1388282e-01;1.2250000e+02;2.2592057e-01;1.2250000e+02;2.1338198e-01;1.2250000e+02;1.8047769e-01;1.2250000e+02;1.3494475e-01;1.2250000e+02;8.8037282e-02;1.2250000e+02;4.5396894e-02;1.2250000e+02;6.9316886e-03;1.2250000e+02;1.1123409e-02;1.2250000e+02;1.9850146e-02;1.2250000e+02;3.3082474e-02;1.2250000e+02;4.9794018e-02;1.2250000e+02;7.0049495e-02;1.2250000e+02;9.3210608e-02;1.2250000e+02;1.1775054e-01;1.2250000e+02;1.4294396e-01;1.2250000e+02;1.6552766e-01;1.2250000e+02;1.9112693e-01;1.2250000e+02;2.1388282e-01;1.2250000e+02;2.2592057e-01;1.2250000e+02;2.1338198e-01;1.2250000e+02;1.8047769e-01;1.2250000e+02;1.3494475e-01;1.2250000e+02;8.8037282e-02;1.2250000e+02;4.5396894e-02;1.2250000e+02;6.9316886e-03;1.2250000e+02;1.1123409e-02;1.2250000e+02;1.9850146e-02;1.2250000e+02;3.3082474e-02;1.2250000e+02;4.9794018e-02;1.2250000e+02;7.0049495e-02;1.2250000e+02;9.3210608e-02;1.2250000e+02;1.1775054e-01;1.2250000e+02;1.4294396e-01;1.2250000e+02;1.6552766e-01;1.2250000e+02;1.9112693e-01;1.2250000e+02;2.1388282e-01;1.2250000e+02;2.2592057e-01;1.2250000e+02;2.1338198e-01;1.2250000e+02;1.8047769e-01;1.2250000e+02;1.3494475e-01;1.2250000e+02;8.8037282e-02;1.2250000e+02;4.5396894e-02;1.2250000e+02;6.9316886e-03;1.2250000e+02;1.1123409e-02;1.2250000e+02;1.9850146e-02;1.2250000e+02;3.3082474e-02;1.2250000e+02;4.9794018e-02;1.2250000e+02;7.0049495e-02;1.2250000e+02;9.3210608e-02;1.2250000e+02;1.1775054e-01;1.2250000e+02;1.4294396e-01;1.2250000e+02;1.6552766e-01;1.2250000e+02;1.9112693e-01;1.2250000e+02;2.1388282e-01;1.2250000e+02;2.2592057e-01;1.2250000e+02;2.1338198e-01;1.2250000e+02;1.8047769e-01;1.2250000e+02;1.3494475e-01;1.2250000e+02;8.8037282e-02;1.2250000e+02;4.5396894e-02;1.2250000e+02;6.9316886e-03;1.2250000e+02;1.1123409e-02;1.2250000e+02;1.9850146e-02;1.2250000e+02;3.3082474e-02;1.2250000e+02;4.9794018e-02;1.2250000e+02;7.0049495e-02;1.2250000e+02;9.3210608e-02;1.2250000e+02;1.1775054e-01;1.2250000e+02;1.4294396e-01;1.2250000e+02;1.6552766e-01;1.2250000e+02;1.9112693e-01;1.2250000e+02;2.1388282e-01;1.2250000e+02;2.2592057e-01;1.2250000e+02;2.1338198e-01;1.2250000e+02;1.8047769e-01;1.2250000e+02;1.3494475e-01;1.2250000e+02;8.8037282e-02;1.2250000e+02;4.5396894e-02;1.2250000e+02;6.9316886e-03;1.2250000e+02;1.1123409e-02;1.2250000e+02;1.9850146e-02;1.2250000e+02;3.3082474e-02;1.2250000e+02;4.9794018e-02;1.2250000e+02;7.0049495e-02;1.2250000e+02;9.3210608e-02;1.2250000e+02;1.1775054e-01;1.2250000e+02;1.4294396e-01;1.2250000e+02;1.6552766e-01;1.2250000e+02;1.9112693e-01;1.2250000e+02;2.1388282e-01;1.2250000e+02;2.2592057e-01;1.2250000e+02;2.1338198e-01;1.2250000e+02;1.8047769e-01;1.2250000e+02;1.3494475e-01;1.2250000e+02;8.8037282e-02;1.2250000e+02;4.5396894e-02;1.2250000e+02;6.9316886e-03;1.2250000e+02;1.1123409e-02;1.2250000e+02;1.9850146e-02;1.2250000e+02;3.3082474e-02;1.2250000e+02;4.9794018e-02;1.2250000e+02;7.0049495e-02;1.2250000e+02;9.3210608e-02;1.2250000e+02;1.1775054e-01;1.2250000e+02;1.4294396e-01;1.2250000e+02;1.6552766e-01;1.2250000e+02;1.9112693e-01;1.2250000e+02;2.1388282e-01;1.2250000e+02;2.2592057e-01;1.2250000e+02;2.1338198e-01;1.2250000e+02;1.8047769e-01;1.2250000e+02;1.3494475e-01;1.2250000e+02;8.8037282e-02;1.2250000e+02;4.5396894e-02;1.2250000e+02;6.9316886e-03;1.2250000e+02;1.1123409e-02;1.2250000e+02;1.9850146e-02;1.2250000e+02;3.3082474e-02;1.2250000e+02;4.9794018e-02;1.2250000e+02;7.0049495e-02;1.2250000e+02;9.3210608e-02;1.2250000e+02;1.1775054e-01;1.2250000e+02;1.4294396e-01;1.2250000e+02;1.6552766e-01;1.2250000e+02;1.9112693e-01;1.2250000e+02;2.1388282e-01;1.2250000e+02;2.2592057e-01;1.2250000e+02;2.1338198e-01;1.2250000e+02;1.8047769e-01;1.2250000e+02;1.3494475e-01;1.2250000e+02;8.8037282e-02;1.2250000e+02;4.5396894e-02;1.2250000e+02;6.9316886e-03;1.2250000e+02;1.1123409e-02;1.2250000e+02;1.9850146e-02;1.2250000e+02;3.3082474e-02;1.2250000e+02;4.9794018e-02;1.2250000e+02;7.0049495e-02;1.2250000e+02;9.3210608e-02;1.2250000e+02;1.1775054e-01;1.2250000e+02;1.4294396e-01;1.2250000e+02;1.6552766e-01;1.2250000e+02;1.9112693e-01;1.2250000e+02;2.1388282e-01;1.2250000e+02;2.2592057e-01;1.2250000e+02;2.1338198e-01;1.2250000e+02;1.8047769e-01;1.2250000e+02;1.3494475e-01;1.2250000e+02;8.8037282e-02;1.2250000e+02;4.5396894e-02;1.2250000e+02;6.9316886e-03;1.2250000e+02;1.1123409e-02;1.2250000e+02;1.9850146e-02;1.2250000e+02;3.3082474e-02;1.2250000e+02;4.9794018e-02;1.2250000e+02;7.0049495e-02;1.2250000e+02;9.3210608e-02;1.2250000e+02;1.1775054e-01;1.2250000e+02;1.4294396e-01;1.2250000e+02;1.6552766e-01;1.2250000e+02;1.9112693e-01;1.2250000e+02;2.1388282e-01;1.2250000e+02;2.2592057e-01;1.2250000e+02;2.1338198e-01;1.2250000e+02;1.8047769e-01;1.2250000e+02;1.3494475e-01;1.2250000e+02;8.8037282e-02;1.2250000e+02;4.5396894e-02;1.2250000e+02;6.9316886e-03;1.2250000e+02;1.1123409e-02;1.2250000e+02;1.9850146e-02;1.2250000e+02;3.3082474e-02;1.2250000e+02;4.9794018e-02;1.2250000e+02;7.0049495e-02;1.2250000e+02;9.3210608e-02;1.2250000e+02;1.1775054e-01;1.2250000e+02;1.4294396e-01;1.2250000e+02;1.6552766e-01;1.2250000e+02;1.9112693e-01;1.2250000e+02;2.1388282e-01;1.2250000e+02;2.2592057e-01;1.2250000e+02;2.1338198e-01;1.2250000e+02;1.8047769e-01;1.2250000e+02;1.3494475e-01;1.2250000e+02;8.8037282e-02;1.2250000e+02;4.5396894e-02;1.2250000e+02;6.9316886e-03;1.2250000e+02;1.1123409e-02;1.2250000e+02;1.9850146e-02;1.2250000e+02;3.3082474e-02;1.2250000e+02;4.9794018e-02;1.2250000e+02;7.0049495e-02;1.2250000e+02;9.3210608e-02;1.2250000e+02;1.1775054e-01;1.2250000e+02;1.4294396e-01;1.2250000e+02;1.6552766e-01;1.2250000e+02;1.9112693e-01;1.2250000e+02;2.1388282e-01;1.2250000e+02;2.2592057e-01;1.2250000e+02;2.1338198e-01;1.2250000e+02;1.8047769e-01;1.2250000e+02;1.3494475e-01;1.2250000e+02;8.8037282e-02;1.2250000e+02;4.5396894e-02;1.2250000e+02;6.9316886e-03;1.2250000e+02;1.1123409e-02;1.2250000e+02;1.9850146e-02;1.2250000e+02;3.3082474e-02;1.2250000e+02;4.9794018e-02;1.2250000e+02;7.0049495e-02;1.2250000e+02;9.3210608e-02;1.2250000e+02;1.1775054e-01;1.2250000e+02;1.4294396e-01;1.2250000e+02;1.6552766e-01;1.2250000e+02;1.9112693e-01;1.2250000e+02;2.1388282e-01;1.2250000e+02;2.2592057e-01;1.2250000e+02;2.1338198e-01;1.2250000e+02;1.8047769e-01;1.2250000e+02;1.3494475e-01;1.2250000e+02;8.8037282e-02;1.2250000e+02;4.5396894e-02;1.2250000e+02;6.9316886e-03;1.2250000e+02;1.1123409e-02;1.2250000e+02;1.9850146e-02;1.2250000e+02;3.3082474e-02;1.2250000e+02;4.9794018e-02;1.2250000e+02;7.0049495e-02;1.2250000e+02;9.3210608e-02;1.2250000e+02;1.1775054e-01;1.2250000e+02;1.4294396e-01;1.2250000e+02;1.6552766e-01;1.2250000e+02;1.9112693e-01;1.2250000e+02;2.1388282e-01;1.2250000e+02;2.2592057e-01;1.2250000e+02;2.1338198e-01;1.2250000e+02;1.8047769e-01;1.2250000e+02;1.3494475e-01;1.2250000e+02;8.8037282e-02;1.2250000e+02;4.5396894e-02;1.2250000e+02;6.9316886e-03;1.2250000e+02;1.1123409e-02;1.2250000e+02;1.9850146e-02;1.2250000e+02;3.3082474e-02;1.2250000e+02;4.9794018e-02;1.2250000e+02;7.0049495e-02;1.2250000e+02;9.3210608e-02;1.2250000e+02;1.1775054e-01;1.2250000e+02;1.4294396e-01;1.2250000e+02;1.6552766e-01;1.2250000e+02;1.9112693e-01;1.2250000e+02;2.1388282e-01;1.2250000e+02;2.2592057e-01;1.2250000e+02;2.1338198e-01;1.2250000e+02;1.8047769e-01;1.2250000e+02;1.3494475e-01;1.2250000e+02;8.8037282e-02;1.2250000e+02;4.5396894e-02;1.2250000e+02;6.9316886e-03;1.2250000e+02;1.1123409e-02;1.2250000e+02;1.9850146e-02;1.2250000e+02;3.3082474e-02;1.2250000e+02;4.9794018e-02;1.2250000e+02;7.0049495e-02;1.2250000e+02;9.3210608e-02;1.2250000e+02;1.1775054e-01;1.2250000e+02;1.4294396e-01;1.2250000e+02;1.6552766e-01;1.2250000e+02;1.9112693e-01;1.2250000e+02;2.1388282e-01;1.2250000e+02;2.2592057e-01;1.2250000e+02;2.1338198e-01;1.2250000e+02;1.8047769e-01;1.2250000e+02;1.3494475e-01;1.2250000e+02;8.8037282e-02;1.2250000e+02;4.5396894e-02;1.2250000e+02;6.9316886e-03;1.2250000e+02;1.1123409e-02;1.2250000e+02;1.9850146e-02;1.2250000e+02;3.3082474e-02;1.2250000e+02;4.9794018e-02;1.2250000e+02;7.0049495e-02;1.2250000e+02;9.3210608e-02;1.2250000e+02;1.1775054e-01;1.2250000e+02;1.4294396e-01;1.2250000e+02;1.6552766e-01;1.2250000e+02;1.9112693e-01;1.2250000e+02;2.1388282e-01;1.2250000e+02;2.2592057e-01;1.2250000e+02;2.1338198e-01;1.2250000e+02;1.8047769e-01;1.2250000e+02;1.3494475e-01;1.2250000e+02;8.8037282e-02;1.2250000e+02;4.5396894e-02;1.2250000e+02;6.9316886e-03;1.2250000e+02;1.1123409e-02;1.2250000e+02;1.9850146e-02;1.2250000e+02;3.3082474e-02;1.2250000e+02;4.9794018e-02;1.2250000e+02;7.0049495e-02;1.2250000e+02;9.3210608e-02;1.2250000e+02;1.1775054e-01;1.2250000e+02;1.4294396e-01;1.2250000e+02;1.6552766e-01;1.2250000e+02;1.9112693e-01;1.2250000e+02;2.1388282e-01;1.2250000e+02;2.2592057e-01;1.2250000e+02;2.1338198e-01;1.2250000e+02;1.8047769e-01;1.2250000e+02;1.3494475e-01;1.2250000e+02;8.8037282e-02;1.2250000e+02;4.5396894e-02;1.2250000e+02;6.9316886e-03;1.2250000e+02;1.1123409e-02;1.2250000e+02;1.9850146e-02;1.2250000e+02;3.3082474e-02;1.2250000e+02;4.9794018e-02;1.2250000e+02;7.0049495e-02;1.2250000e+02;9.3210608e-02;1.2250000e+02;1.1775054e-01;1.2250000e+02;1.4294396e-01;1.2250000e+02;1.6552766e-01;1.2250000e+02;1.9112693e-01;1.2250000e+02;2.1388282e-01;1.2250000e+02;2.2592057e-01;1.2250000e+02;2.1338198e-01;1.2250000e+02;1.8047769e-01;1.2250000e+02;1.3494475e-01;1.2250000e+02;8.8037282e-02;1.2250000e+02;4.5396894e-02;1.2250000e+02;6.9316886e-03;1.2250000e+02;1.1123409e-02;1.2250000e+02;1.9850146e-02;1.2250000e+02;3.3082474e-02;1.2250000e+02;4.9794018e-02;1.2250000e+02;7.0049495e-02;1.2250000e+02;9.3210608e-02;1.2250000e+02;1.1775054e-01;1.2250000e+02;1.4294396e-01;1.2250000e+02;1.6552766e-01;1.2250000e+02;1.9112693e-01;1.2250000e+02;2.1388282e-01;1.2250000e+02;2.2592057e-01;1.2250000e+02;2.1338198e-01;1.2250000e+02;1.8047769e-01;1.2250000e+02;1.3494475e-01;1.2250000e+02;8.8037282e-02;1.2250000e+02;4.5396894e-02;1.2250000e+02;6.9316886e-03;1.2250000e+02;1.1123409e-02;1.2250000e+02;1.9850146e-02;1.2250000e+02;3.3082474e-02;1.2250000e+02;4.9794018e-02;1.2250000e+02;7.0049495e-02;1.2250000e+02;9.3210608e-02;1.2250000e+02;1.1775054e-01;1.2250000e+02;1.4294396e-01;1.2250000e+02;1.6552766e-01;1.2250000e+02;1.9112693e-01;1.2250000e+02;2.1388282e-01;1.2250000e+02;2.2592057e-01;1.2250000e+02;2.1338198e-01;1.2250000e+02;1.8047769e-01;1.2250000e+02;1.3494475e-01;1.2250000e+02;8.8037282e-02;1.2250000e+02;4.5396894e-02;1.2250000e+02;6.9316886e-03;1.2250000e+02;1.1123409e-02;1.2250000e+02;1.9850146e-02;1.2250000e+02;3.3082474e-02;1.2250000e+02;4.9794018e-02;1.2250000e+02;7.0049495e-02;1.2250000e+02;9.3210608e-02;1.2250000e+02;1.1775054e-01;1.2250000e+02;1.4294396e-01;1.2250000e+02;1.6552766e-01;1.2250000e+02;1.9112693e-01;1.2250000e+02;2.1388282e-01;1.2250000e+02;2.2592057e-01;1.2250000e+02;2.1338198e-01;1.2250000e+02;1.8047769e-01;1.2250000e+02;1.3494475e-01;1.2250000e+02;8.8037282e-02;1.2250000e+02;4.5396894e-02;1.2250000e+02;6.9316886e-03;1.2250000e+02;1.1123409e-02;1.2250000e+02;1.9850146e-02;1.2250000e+02;3.3082474e-02;1.2250000e+02;4.9794018e-02;1.2250000e+02;7.0049495e-02;1.2250000e+02;9.3210608e-02;1.2250000e+02;1.1775054e-01;1.2250000e+02;1.4294396e-01;1.2250000e+02;1.6552766e-01;1.2250000e+02;1.9112693e-01;1.2250000e+02;2.1388282e-01;1.2250000e+02;2.2592057e-01;1.2250000e+02;2.1338198e-01;1.2250000e+02;1.8047769e-01;1.2250000e+02;1.3494475e-01;1.2250000e+02;8.8037282e-02;1.2250000e+02;4.5396894e-02;1.2250000e+02;6.9316886e-03;1.2250000e+02;1.1123409e-02;1.2250000e+02;1.9850146e-02;1.2250000e+02;3.3082474e-02;1.2250000e+02;4.9794018e-02;1.2250000e+02;7.0049495e-02;1.2250000e+02;9.3210608e-02;1.2250000e+02;1.1775054e-01;1.2250000e+02;1.4294396e-01;1.2250000e+02;1.6552766e-01;1.2250000e+02;1.9112693e-01;1.2250000e+02;2.1388282e-01;1.2250000e+02;2.2592057e-01;1.2250000e+02;2.1338198e-01;1.2250000e+02;1.8047769e-01;1.2250000e+02;1.3494475e-01;1.2250000e+02;8.8037282e-02;1.2250000e+02;4.5396894e-02;1.2250000e+02;6.9316886e-03;1.2250000e+02;1.1123409e-02;1.2250000e+02;1.9850146e-02;1.2250000e+02;3.3082474e-02;1.2250000e+02;4.9794018e-02;1.2250000e+02;7.0049495e-02;1.2250000e+02;9.3210608e-02;1.2250000e+02;1.1775054e-01;1.2250000e+02;1.4294396e-01;1.2250000e+02;1.6552766e-01;1.2250000e+02;1.9112693e-01;1.2250000e+02;2.1388282e-01;1.2250000e+02;2.2592057e-01;1.2250000e+02;2.1338198e-01;1.2250000e+02;1.8047769e-01;1.2250000e+02;1.3494475e-01;1.2250000e+02;8.8037282e-02;1.2250000e+02;4.5396894e-02;1.2250000e+02;6.9316886e-03;1.2250000e+02;1.1123409e-02;1.2250000e+02;1.9850146e-02;1.2250000e+02;3.3082474e-02;1.2250000e+02;4.9794018e-02;1.2250000e+02;7.0049495e-02;1.2250000e+02;9.3210608e-02;1.2250000e+02;1.1775054e-01;1.2250000e+02;1.4294396e-01;1.2250000e+02;1.6552766e-01;1.2250000e+02;1.9112693e-01;1.2250000e+02;2.1388282e-01;1.2250000e+02;2.2592057e-01;1.2250000e+02;2.1338198e-01;1.2250000e+02;1.8047769e-01;1.2250000e+02;1.3494475e-01;1.2250000e+02;8.8037282e-02;1.2250000e+02;4.5396894e-02;1.2250000e+02;6.9316886e-03;1.2250000e+02;1.1123409e-02;1.2250000e+02;1.9850146e-02;1.2250000e+02;3.3082474e-02;1.2250000e+02;4.9794018e-02;1.2250000e+02;7.0049495e-02;1.2250000e+02;9.3210608e-02;1.2250000e+02;1.1775054e-01;1.2250000e+02;1.4294396e-01;1.2250000e+02;1.6552766e-01;1.2250000e+02;1.9112693e-01;1.2250000e+02;2.1388282e-01;1.2250000e+02;2.2592057e-01;1.2250000e+02;2.1338198e-01;1.2250000e+02;1.8047769e-01;1.2250000e+02;1.3494475e-01;1.2250000e+02;8.8037282e-02;1.2250000e+02;4.5396894e-02;1.2250000e+02;6.9316886e-03;1.2250000e+02;1.1123409e-02;1.2250000e+02;1.9850146e-02;1.2250000e+02;3.3082474e-02;1.2250000e+02;4.9794018e-02;1.2250000e+02;7.0049495e-02;1.2250000e+02;9.3210608e-02;1.2250000e+02;1.1775054e-01;1.2250000e+02;1.4294396e-01;1.2250000e+02;1.6552766e-01;1.2250000e+02;1.9112693e-01;1.2250000e+02;2.1388282e-01;1.2250000e+02;2.2592057e-01;1.2250000e+02;2.1338198e-01;1.2250000e+02;1.8047769e-01;1.2250000e+02;1.3494475e-01;1.2250000e+02;8.8037282e-02;1.2250000e+02;4.5396894e-02;1.2250000e+02;6.9316886e-03;1.2250000e+02;1.1123409e-02;1.2250000e+02;1.9850146e-02;1.2250000e+02;3.3082474e-02;1.2250000e+02;4.9794018e-02;1.2250000e+02;7.0049495e-02;1.2250000e+02;9.3210608e-02;1.2250000e+02;1.1775054e-01;1.2250000e+02;1.4294396e-01;1.2250000e+02;1.6552766e-01;1.2250000e+02;1.9112693e-01;1.2250000e+02;2.1388282e-01;1.2250000e+02;2.2592057e-01;1.2250000e+02;2.1338198e-01;1.2250000e+02;1.8047769e-01;1.2250000e+02;1.3494475e-01;1.2250000e+02;8.8037282e-02;1.2250000e+02;4.5396894e-02;1.2250000e+02;6.9316886e-03;1.2250000e+02;1.1123409e-02;1.2250000e+02;1.9850146e-02;1.2250000e+02;3.3082474e-02;1.2250000e+02;4.9794018e-02;1.2250000e+02;7.0049495e-02;1.2250000e+02;9.3210608e-02;1.2250000e+02;1.1775054e-01;1.2250000e+02;1.4294396e-01;1.2250000e+02;1.6552766e-01;1.2250000e+02;1.9112693e-01;1.2250000e+02;2.1388282e-01;1.2250000e+02;2.2592057e-01;1.2250000e+02;2.1338198e-01;1.2250000e+02;1.8047769e-01;1.2250000e+02;1.3494475e-01;1.2250000e+02;8.8037282e-02;1.2250000e+02;4.5396894e-02;1.2250000e+02;6.9316886e-03;1.2250000e+02;1.1123409e-02;1.2250000e+02;1.9850146e-02;1.2250000e+02;3.3082474e-02;1.2250000e+02;4.9794018e-02;1.2250000e+02;7.0049495e-02;1.2250000e+02;9.3210608e-02;1.2250000e+02;1.1775054e-01;1.2250000e+02;1.4294396e-01;1.2250000e+02;1.6552766e-01;1.2250000e+02;1.9112693e-01;1.2250000e+02;2.1388282e-01;1.2250000e+02;2.2592057e-01;1.2250000e+02;2.1338198e-01;1.2250000e+02;1.8047769e-01;1.2250000e+02;1.3494475e-01;1.2250000e+02;8.8037282e-02;1.2250000e+02;4.5396894e-02;1.2250000e+02;6.9316886e-03;1.2250000e+02;1.1123409e-02;1.2250000e+02;1.9850146e-02;1.2250000e+02;3.3082474e-02;1.2250000e+02;4.9794018e-02;1.2250000e+02;7.0049495e-02;1.2250000e+02;9.3210608e-02;1.2250000e+02;1.1775054e-01;1.2250000e+02;1.4294396e-01;1.2250000e+02;1.6552766e-01;1.2250000e+02;1.9112693e-01;1.2250000e+02;2.1388282e-01;1.2250000e+02;2.2592057e-01;1.2250000e+02;2.1338198e-01;1.2250000e+02;1.8047769e-01;1.2250000e+02;1.3494475e-01;1.2250000e+02;8.8037282e-02;1.2250000e+02;4.5396894e-02;1.2250000e+02;6.9316886e-03;1.2250000e+02;1.1123409e-02;1.2250000e+02;1.9850146e-02;1.2250000e+02;3.3082474e-02;1.2250000e+02;4.9794018e-02;1.2250000e+02;7.0049495e-02;1.2250000e+02;9.3210608e-02;1.2250000e+02;1.1775054e-01;1.2250000e+02;1.4294396e-01;1.2250000e+02;1.6552766e-01;1.2250000e+02;1.9112693e-01;1.2250000e+02;2.1388282e-01;1.2250000e+02;2.2592057e-01;1.2250000e+02;2.1338198e-01;1.2250000e+02;1.8047769e-01;1.2250000e+02;1.3494475e-01;1.2250000e+02;8.8037282e-02;1.2250000e+02;4.5396894e-02;1.2250000e+02;6.9316886e-03;1.2250000e+02;1.1123409e-02;1.2250000e+02;1.9850146e-02;1.2250000e+02;3.3082474e-02;1.2250000e+02;4.9794018e-02;1.2250000e+02;7.0049495e-02;1.2250000e+02;9.3210608e-02;1.2250000e+02;1.1775054e-01;1.2250000e+02;1.4294396e-01;1.2250000e+02;1.6552766e-01;1.2250000e+02;1.9112693e-01;1.2250000e+02;2.1388282e-01;1.2250000e+02;2.2592057e-01;1.2250000e+02;2.1338198e-01;1.2250000e+02;1.8047769e-01;1.2250000e+02;1.3494475e-01;1.2250000e+02;8.8037282e-02;1.2250000e+02;4.5396894e-02;1.2250000e+02;6.9316886e-03;1.2250000e+02;1.1123409e-02;1.2250000e+02;1.9850146e-02;1.2250000e+02;3.3082474e-02;1.2250000e+02;4.9794018e-02;1.2250000e+02;7.0049495e-02;1.2250000e+02;9.3210608e-02;1.2250000e+02;1.1775054e-01;1.2250000e+02;1.4294396e-01;1.2250000e+02;1.6552766e-01;1.2250000e+02;1.9112693e-01;1.2250000e+02;2.1388282e-01;1.2250000e+02;2.2592057e-01;1.2250000e+02;2.1338198e-01;1.2250000e+02;1.8047769e-01;1.2250000e+02;1.3494475e-01;1.2250000e+02;8.8037282e-02;1.2250000e+02;4.5396894e-02;1.2250000e+02;6.9316886e-03;1.2250000e+02;1.1123409e-02;1.2250000e+02;1.9850146e-02;1.2250000e+02;3.3082474e-02;1.2250000e+02;4.9794018e-02;1.2250000e+02;7.0049495e-02;1.2250000e+02;9.3210608e-02;1.2250000e+02;1.1775054e-01;1.2250000e+02;1.4294396e-01;1.2250000e+02;1.6552766e-01;1.2250000e+02;1.9112693e-01;1.2250000e+02;2.1388282e-01;1.2250000e+02;2.2592057e-01;1.2250000e+02;2.1338198e-01;1.2250000e+02;1.8047769e-01;1.2250000e+02;1.3494475e-01;1.2250000e+02;8.8037282e-02;1.2250000e+02;4.5396894e-02;1.2250000e+02;6.9316886e-03;1.2250000e+02;1.1123409e-02;1.2250000e+02;1.9850146e-02;1.2250000e+02;3.3082474e-02;1.2250000e+02;4.9794018e-02;1.2250000e+02;7.0049495e-02;1.2250000e+02;9.3210608e-02;1.2250000e+02;1.1775054e-01;1.2250000e+02;1.4294396e-01;1.2250000e+02;1.6552766e-01;1.2250000e+02;1.9112693e-01;1.2250000e+02;2.1388282e-01;1.2250000e+02;2.2592057e-01;1.2250000e+02;2.1338198e-01;1.2250000e+02;1.8047769e-01;1.2250000e+02;1.3494475e-01;1.2250000e+02;8.8037282e-02;1.2250000e+02;4.5396894e-02;1.2250000e+02;6.9316886e-03;1.2250000e+02;1.1123409e-02;1.2250000e+02;1.9850146e-02;1.2250000e+02;3.3082474e-02;1.2250000e+02;4.9794018e-02;1.2250000e+02;7.0049495e-02;1.2250000e+02;9.3210608e-02;1.2250000e+02;1.1775054e-01;1.2250000e+02;1.4294396e-01;1.2250000e+02;1.6552766e-01;1.2250000e+02;1.9112693e-01;1.2250000e+02;2.1388282e-01;1.2250000e+02;2.2592057e-01;1.2250000e+02;2.1338198e-01;1.2250000e+02;1.8047769e-01;1.2250000e+02;1.3494475e-01;1.2250000e+02;8.8037282e-02;1.2250000e+02;4.5396894e-02;1.2250000e+02;6.9316886e-03;1.2250000e+02;1.1123409e-02;1.2250000e+02;1.9850146e-02;1.2250000e+02;3.3082474e-02;1.2250000e+02;4.9794018e-02;1.2250000e+02;7.0049495e-02;1.2250000e+02;9.3210608e-02;1.2250000e+02;1.1775054e-01;1.2250000e+02;1.4294396e-01;1.2250000e+02;1.6552766e-01;1.2250000e+02;1.9112693e-01;1.2250000e+02;2.1388282e-01;1.2250000e+02;2.2592057e-01;1.2250000e+02;2.1338198e-01;1.2250000e+02;1.8047769e-01;1.2250000e+02;1.3494475e-01;1.2250000e+02;8.8037282e-02;1.2250000e+02;4.5396894e-02;1.2250000e+02;6.9316886e-03;1.2250000e+02;1.1123409e-02;1.2250000e+02;1.9850146e-02;1.2250000e+02;3.3082474e-02;1.2250000e+02;4.9794018e-02;1.2250000e+02;7.0049495e-02;1.2250000e+02;9.3210608e-02;1.2250000e+02;1.1775054e-01;1.2250000e+02;1.4294396e-01;1.2250000e+02;1.6552766e-01;1.2250000e+02;1.9112693e-01;1.2250000e+02;2.1388282e-01;1.2250000e+02;2.2592057e-01;1.2250000e+02;2.1338198e-01;1.2250000e+02;1.8047769e-01;1.2250000e+02;1.3494475e-01;1.2250000e+02;8.8037282e-02;1.2250000e+02;4.5396894e-02;1.2250000e+02;6.9316886e-03;1.2250000e+02;1.1123409e-02;1.2250000e+02;1.9850146e-02;1.2250000e+02;3.3082474e-02;1.2250000e+02;4.9794018e-02;1.2250000e+02;7.0049495e-02;1.2250000e+02;9.3210608e-02;1.2250000e+02;1.1775054e-01;1.2250000e+02;1.4294396e-01;1.2250000e+02;1.6552766e-01;1.2250000e+02;1.9112693e-01;1.2250000e+02;2.1388282e-01;1.2250000e+02;2.2592057e-01;1.2250000e+02;2.1338198e-01;1.2250000e+02;1.8047769e-01;1.2250000e+02;1.3494475e-01;1.2250000e+02;8.8037282e-02;1.2250000e+02;4.5396894e-02;1.2250000e+02;6.9316886e-03;1.2250000e+02;1.1123409e-02;1.2250000e+02;1.9850146e-02;1.2250000e+02;3.3082474e-02;1.2250000e+02;4.9794018e-02;1.2250000e+02;7.0049495e-02;1.2250000e+02;9.3210608e-02;1.2250000e+02;1.1775054e-01;1.2250000e+02;1.4294396e-01;1.2250000e+02;1.6552766e-01;1.2250000e+02;1.9112693e-01;1.2250000e+02;2.1388282e-01;1.2250000e+02;2.2592057e-01;1.2250000e+02;2.1338198e-01;1.2250000e+02;1.8047769e-01;1.2250000e+02;1.3494475e-01;1.2250000e+02;8.8037282e-02;1.2250000e+02;4.5396894e-02;1.2250000e+02;6.9316886e-03;1.2250000e+02;1.1123409e-02;1.2250000e+02;1.9850146e-02;1.2250000e+02;3.3082474e-02;1.2250000e+02;4.9794018e-02;1.2250000e+02;7.0049495e-02;1.2250000e+02;9.3210608e-02;1.2250000e+02;1.1775054e-01;1.2250000e+02;1.4294396e-01;1.2250000e+02;1.6552766e-01;1.2250000e+02;1.9112693e-01;1.2250000e+02;2.1388282e-01;1.2250000e+02;2.2592057e-01;1.2250000e+02;2.1338198e-01;1.2250000e+02;1.8047769e-01;1.2250000e+02;1.3494475e-01;1.2250000e+02;8.8037282e-02;1.2250000e+02;4.5396894e-02;1.2250000e+02;6.9316886e-03;1.2250000e+02;1.1123409e-02;1.2250000e+02;1.9850146e-02;1.2250000e+02;3.3082474e-02;1.2250000e+02;4.9794018e-02;1.2250000e+02;7.0049495e-02;1.2250000e+02;9.3210608e-02;1.2250000e+02;1.1775054e-01;1.2250000e+02;1.4294396e-01;1.2250000e+02;1.6552766e-01;1.2250000e+02;1.9112693e-01;1.2250000e+02;2.1388282e-01;1.2250000e+02;2.2592057e-01;1.2250000e+02;2.1338198e-01;1.2250000e+02;1.8047769e-01;1.2250000e+02;1.3494475e-01;1.2250000e+02;8.8037282e-02;1.2250000e+02;4.5396894e-02;1.2250000e+02;6.9316886e-03;1.2250000e+02;1.1123409e-02;1.2250000e+02;1.9850146e-02;1.2250000e+02;3.3082474e-02;1.2250000e+02;4.9794018e-02;1.2250000e+02;7.0049495e-02;1.2250000e+02;9.3210608e-02;1.2250000e+02;1.1775054e-01;1.2250000e+02;1.4294396e-01;1.2250000e+02;1.6552766e-01;1.2250000e+02;1.9112693e-01;1.2250000e+02;2.1388282e-01;1.2250000e+02;2.2592057e-01;1.2250000e+02;2.1338198e-01;1.2250000e+02;1.8047769e-01;1.2250000e+02;1.3494475e-01;1.2250000e+02;8.8037282e-02;1.2250000e+02;4.5396894e-02;1.2250000e+02;6.9316886e-03;1.2250000e+02;1.1123409e-02;1.2250000e+02;1.9850146e-02;1.2250000e+02;3.3082474e-02;1.2250000e+02;4.9794018e-02;1.2250000e+02;7.0049495e-02;1.2250000e+02;9.3210608e-02;1.2250000e+02;1.1775054e-01;1.2250000e+02;1.4294396e-01;1.2250000e+02;1.6552766e-01;1.2250000e+02;1.9112693e-01;1.2250000e+02;2.1388282e-01;1.2250000e+02;2.2592057e-01;1.2250000e+02;2.1338198e-01;1.2250000e+02;1.8047769e-01;1.2250000e+02;1.3494475e-01;1.2250000e+02;8.8037282e-02;1.2250000e+02;4.5396894e-02;1.2250000e+02;6.9316886e-03;1.2250000e+02;1.1123409e-02;1.2250000e+02;1.9850146e-02;1.2250000e+02;3.3082474e-02;1.2250000e+02;4.9794018e-02;1.2250000e+02;7.0049495e-02;1.2250000e+02;9.3210608e-02;1.2250000e+02;1.1775054e-01;1.2250000e+02;1.4294396e-01;1.2250000e+02;1.6552766e-01;1.2250000e+02;1.9112693e-01;1.2250000e+02;2.1388282e-01;1.2250000e+02;2.2592057e-01;1.2250000e+02;2.1338198e-01;1.2250000e+02;1.8047769e-01;1.2250000e+02;1.3494475e-01;1.2250000e+02;8.8037282e-02;1.2250000e+02;4.5396894e-02;1.2250000e+02;6.9316886e-03;1.2250000e+02;1.1123409e-02;1.2250000e+02;1.9850146e-02;1.2250000e+02;3.3082474e-02;1.2250000e+02;4.9794018e-02;1.2250000e+02;7.0049495e-02;1.2250000e+02;9.3210608e-02;1.2250000e+02;1.1775054e-01;1.2250000e+02;1.4294396e-01;1.2250000e+02;1.6552766e-01;1.2250000e+02;1.9112693e-01;1.2250000e+02;2.1388282e-01;1.2250000e+02;2.2592057e-01;1.2250000e+02;2.1338198e-01;1.2250000e+02;1.8047769e-01;1.2250000e+02;1.3494475e-01;1.2250000e+02;8.8037282e-02;1.2250000e+02;4.5396894e-02;1.2250000e+02;6.9316886e-03;1.2250000e+02;1.1123409e-02;1.2250000e+02;1.9850146e-02;1.2250000e+02;3.3082474e-02;1.2250000e+02;4.9794018e-02;1.2250000e+02;7.0049495e-02;1.2250000e+02;9.3210608e-02;1.2250000e+02;1.1775054e-01;1.2250000e+02;1.4294396e-01;1.2250000e+02;1.6552766e-01;1.2250000e+02;1.9112693e-01;1.2250000e+02;2.1388282e-01;1.2250000e+02;2.2592057e-01;1.2250000e+02;2.1338198e-01;1.2250000e+02;1.8047769e-01;1.2250000e+02;1.3494475e-01;1.2250000e+02;8.8037282e-02;1.2250000e+02;4.5396894e-02;1.2250000e+02;6.9316886e-03;1.2250000e+02;1.1123409e-02;1.2250000e+02;1.9850146e-02;1.2250000e+02;3.3082474e-02;1.2250000e+02;4.9794018e-02;1.2250000e+02;7.0049495e-02;1.2250000e+02;9.3210608e-02;1.2250000e+02;1.1775054e-01;1.2250000e+02;1.4294396e-01;1.2250000e+02;1.6552766e-01;1.2250000e+02;1.9112693e-01;1.2250000e+02;2.1388282e-01;1.2250000e+02;2.2592057e-01;1.2250000e+02;2.1338198e-01;1.2250000e+02;1.8047769e-01;1.2250000e+02;1.3494475e-01;1.2250000e+02;8.8037282e-02;1.2250000e+02;4.5396894e-02;1.2250000e+02;6.9316886e-03;1.2250000e+02;1.1123409e-02;1.2250000e+02;1.9850146e-02;1.2250000e+02;3.3082474e-02;1.2250000e+02;4.9794018e-02;1.2250000e+02;7.0049495e-02;1.2250000e+02;9.3210608e-02;1.2250000e+02;1.1775054e-01;1.2250000e+02;1.4294396e-01;1.2250000e+02;1.6552766e-01;1.2250000e+02;1.9112693e-01;1.2250000e+02;2.1388282e-01;1.2250000e+02;2.2592057e-01;1.2250000e+02;2.1338198e-01;1.2250000e+02;1.8047769e-01;1.2250000e+02;1.3494475e-01;1.2250000e+02;8.8037282e-02;1.2250000e+02;4.5396894e-02;1.2250000e+02;6.9316886e-03;1.2250000e+02;1.1123409e-02;1.2250000e+02;1.9850146e-02;1.2250000e+02;3.3082474e-02;1.2250000e+02;4.9794018e-02;1.2250000e+02;7.0049495e-02;1.2250000e+02;9.3210608e-02;1.2250000e+02;1.1775054e-01;1.2250000e+02;1.4294396e-01;1.2250000e+02;1.6552766e-01;1.2250000e+02;1.9112693e-01;1.2250000e+02;2.1388282e-01;1.2250000e+02;2.2592057e-01;1.2250000e+02;2.1338198e-01;1.2250000e+02;1.8047769e-01;1.2250000e+02;1.3494475e-01;1.2250000e+02;8.8037282e-02;1.2250000e+02;4.5396894e-02;1.2250000e+02;6.9316886e-03;1.2250000e+02;1.1123409e-02;1.2250000e+02;1.9850146e-02;1.2250000e+02;3.3082474e-02;1.2250000e+02;4.9794018e-02;1.2250000e+02;7.0049495e-02;1.2250000e+02;9.3210608e-02;1.2250000e+02;1.1775054e-01;1.2250000e+02;1.4294396e-01;1.2250000e+02;1.6552766e-01;1.2250000e+02;1.9112693e-01;1.2250000e+02;2.1388282e-01;1.2250000e+02;2.2592057e-01;1.2250000e+02;2.1338198e-01;1.2250000e+02;1.8047769e-01;1.2250000e+02;1.3494475e-01;1.2250000e+02;8.8037282e-02;1.2250000e+02;4.5396894e-02;1.2250000e+02;6.9316886e-03;1.2250000e+02;1.1123409e-02;1.2250000e+02;1.9850146e-02;1.2250000e+02;3.3082474e-02;1.2250000e+02;4.9794018e-02;1.2250000e+02;7.0049495e-02;1.2250000e+02;9.3210608e-02;1.2250000e+02;1.1775054e-01;1.2250000e+02;1.4294396e-01;1.2250000e+02;1.6552766e-01;1.2250000e+02;1.9112693e-01;1.2250000e+02;2.1388282e-01;1.2250000e+02;2.2592057e-01;1.2250000e+02;2.1338198e-01;1.2250000e+02;1.8047769e-01;1.2250000e+02;1.3494475e-01;1.2250000e+02;8.8037282e-02;1.2250000e+02;4.5396894e-02;1.2250000e+02;6.9316886e-03;1.2250000e+02;1.1123409e-02;1.2250000e+02;1.9850146e-02;1.2250000e+02;3.3082474e-02;1.2250000e+02;4.9794018e-02;1.2250000e+02;7.0049495e-02;1.2250000e+02;9.3210608e-02;1.2250000e+02;1.1775054e-01;1.2250000e+02;1.4294396e-01;1.2250000e+02;1.6552766e-01;1.2250000e+02;1.9112693e-01;1.2250000e+02;2.1388282e-01;1.2250000e+02;2.2592057e-01;1.2250000e+02;2.1338198e-01;1.2250000e+02;1.8047769e-01;1.2250000e+02;1.3494475e-01;1.2250000e+02;8.8037282e-02;1.2250000e+02;4.5396894e-02;1.2250000e+02;6.9316886e-03;1.2250000e+02;1.1123409e-02;1.2250000e+02;1.9850146e-02;1.2250000e+02;3.3082474e-02;1.2250000e+02;4.9794018e-02;1.2250000e+02;7.0049495e-02;1.2250000e+02;9.3210608e-02;1.2250000e+02;1.1775054e-01;1.2250000e+02;1.4294396e-01;1.2250000e+02;1.6552766e-01;1.2250000e+02;1.9112693e-01;1.2250000e+02;2.1388282e-01;1.2250000e+02;2.2592057e-01;1.2250000e+02;2.1338198e-01;1.2250000e+02;1.8047769e-01;1.2250000e+02;1.3494475e-01;1.2250000e+02;8.8037282e-02;1.2250000e+02;4.5396894e-02;1.2250000e+02;6.9316886e-03;1.2250000e+02;1.1123409e-02;1.2250000e+02;1.9850146e-02;1.2250000e+02;3.3082474e-02;1.2250000e+02;4.9794018e-02;1.2250000e+02;7.0049495e-02;1.2250000e+02;9.3210608e-02;1.2250000e+02;1.1775054e-01;1.2250000e+02;1.4294396e-01;1.2250000e+02;1.6552766e-01;1.2250000e+02;1.9112693e-01;1.2250000e+02;2.1388282e-01;1.2250000e+02;2.2592057e-01;1.2250000e+02;2.1338198e-01;1.2250000e+02;1.8047769e-01;1.2250000e+02;1.3494475e-01;1.2250000e+02;8.8037282e-02;1.2250000e+02;4.5396894e-02;1.2250000e+02;6.9316886e-03;1.2250000e+02;1.1123409e-02;1.2250000e+02;1.9850146e-02;1.2250000e+02;3.3082474e-02;1.2250000e+02;4.9794018e-02;1.2250000e+02;7.0049495e-02;1.2250000e+02;9.3210608e-02;1.2250000e+02;1.1775054e-01;1.2250000e+02;1.4294396e-01;1.2250000e+02;1.6552766e-01;1.2250000e+02;1.9112693e-01;1.2250000e+02;2.1388282e-01;1.2250000e+02;2.2592057e-01;1.2250000e+02;2.1338198e-01;1.2250000e+02;1.8047769e-01;1.2250000e+02;1.3494475e-01;1.2250000e+02;8.8037282e-02;1.2250000e+02;4.5396894e-02;1.2250000e+02;6.9316886e-03;1.2250000e+02;1.1123409e-02;1.2250000e+02;1.9850146e-02;1.2250000e+02;3.3082474e-02;1.2250000e+02;4.9794018e-02;1.2250000e+02;7.0049495e-02;1.2250000e+02;9.3210608e-02;1.2250000e+02;1.1775054e-01;1.2250000e+02;1.4294396e-01;1.2250000e+02;1.6552766e-01;1.2250000e+02;1.9112693e-01;1.2250000e+02;2.1388282e-01;1.2250000e+02;2.2592057e-01;1.2250000e+02;2.1338198e-01;1.2250000e+02;1.8047769e-01;1.2250000e+02;1.3494475e-01;1.2250000e+02;8.8037282e-02;1.2250000e+02;4.5396894e-02;1.2250000e+02;6.9316886e-03;1.2250000e+02;1.1123409e-02;1.2250000e+02;1.9850146e-02;1.2250000e+02;3.3082474e-02;1.2250000e+02;4.9794018e-02;1.2250000e+02;7.0049495e-02;1.2250000e+02;9.3210608e-02;1.2250000e+02;1.1775054e-01;1.2250000e+02;1.4294396e-01;1.2250000e+02;1.6552766e-01;1.2250000e+02;1.9112693e-01;1.2250000e+02;2.1388282e-01;1.2250000e+02;2.2592057e-01;1.2250000e+02;2.1338198e-01;1.2250000e+02;1.8047769e-01;1.2250000e+02;1.3494475e-01;1.2250000e+02;8.8037282e-02;1.2250000e+02;4.5396894e-02;1.2250000e+02;6.9316886e-03;1.2250000e+02;1.1123409e-02;1.2250000e+02;1.9850146e-02;1.2250000e+02;3.3082474e-02;1.2250000e+02;4.9794018e-02;1.2250000e+02;7.0049495e-02;1.2250000e+02;9.3210608e-02;1.2250000e+02;1.1775054e-01;1.2250000e+02;1.4294396e-01;1.2250000e+02;1.6552766e-01;1.2250000e+02;1.9112693e-01;1.2250000e+02;2.1388282e-01;1.2250000e+02;2.2592057e-01;1.2250000e+02;2.1338198e-01;1.2250000e+02;1.8047769e-01;1.2250000e+02;1.3494475e-01;1.2250000e+02;8.8037282e-02;1.2250000e+02;4.5396894e-02;1.2250000e+02;6.9316886e-03;1.2250000e+02;1.1123409e-02;1.2250000e+02;1.9850146e-02;1.2250000e+02;3.3082474e-02;1.2250000e+02;4.9794018e-02;1.2250000e+02;7.0049495e-02;1.2250000e+02;9.3210608e-02;1.2250000e+02;1.1775054e-01;1.2250000e+02;1.4294396e-01;1.2250000e+02;1.6552766e-01;1.2250000e+02;1.9112693e-01;1.2250000e+02;2.1388282e-01;1.2250000e+02;2.2592057e-01;1.2250000e+02;2.1338198e-01;1.2250000e+02;1.8047769e-01;1.2250000e+02;1.3494475e-01;1.2250000e+02;8.8037282e-02;1.2250000e+02;4.5396894e-02;1.2250000e+02;6.9316886e-03;1.2250000e+02;1.1123409e-02;1.2250000e+02;1.9850146e-02;1.2250000e+02;3.3082474e-02;1.2250000e+02;4.9794018e-02;1.2250000e+02;7.0049495e-02;1.2250000e+02;9.3210608e-02;1.2250000e+02;1.1775054e-01;1.2250000e+02;1.4294396e-01;1.2250000e+02;1.6552766e-01;1.2250000e+02;1.9112693e-01;1.2250000e+02;2.1388282e-01;1.2250000e+02;2.2592057e-01;1.2250000e+02;2.1338198e-01;1.2250000e+02;1.8047769e-01;1.2250000e+02;1.3494475e-01;1.2250000e+02;8.8037282e-02;1.2250000e+02;4.5396894e-02;1.2250000e+02;6.9316886e-03;1.2250000e+02;1.1123409e-02;1.2250000e+02;1.9850146e-02;1.2250000e+02;3.3082474e-02;1.2250000e+02;4.9794018e-02;1.2250000e+02;7.0049495e-02;1.2250000e+02;9.3210608e-02;1.2250000e+02;1.1775054e-01;1.2250000e+02;1.4294396e-01;1.2250000e+02;1.6552766e-01;1.2250000e+02;1.9112693e-01;1.2250000e+02;2.1388282e-01;1.2250000e+02;2.2592057e-01;1.2250000e+02;2.1338198e-01;1.2250000e+02;1.8047769e-01;1.2250000e+02;1.3494475e-01;1.2250000e+02;8.8037282e-02;1.2250000e+02;4.5396894e-02;1.2250000e+02;6.9316886e-03;1.2250000e+02;1.1123409e-02;1.2250000e+02;1.9850146e-02;1.2250000e+02;3.3082474e-02;1.2250000e+02;4.9794018e-02;1.2250000e+02;7.0049495e-02;1.2250000e+02;9.3210608e-02;1.2250000e+02;1.1775054e-01;1.2250000e+02;1.4294396e-01;1.2250000e+02;1.6552766e-01;1.2250000e+02;1.9112693e-01;1.2250000e+02;2.1388282e-01;1.2250000e+02;2.2592057e-01;1.2250000e+02;2.1338198e-01;1.2250000e+02;1.8047769e-01;1.2250000e+02;1.3494475e-01;1.2250000e+02;8.8037282e-02;1.2250000e+02;4.5396894e-02;1.2250000e+02;6.9316886e-03;1.2250000e+02;1.1123409e-02;1.2250000e+02;1.9850146e-02;1.2250000e+02;3.3082474e-02;1.2250000e+02;4.9794018e-02;1.2250000e+02;7.0049495e-02;1.2250000e+02;9.3210608e-02;1.2250000e+02;1.1775054e-01;1.2250000e+02;1.4294396e-01;1.2250000e+02;1.6552766e-01;1.2250000e+02;1.9112693e-01;1.2250000e+02;2.1388282e-01;1.2250000e+02;2.2592057e-01;1.2250000e+02;2.1338198e-01;1.2250000e+02;1.8047769e-01;1.2250000e+02;1.3494475e-01;1.2250000e+02;8.8037282e-02;1.2250000e+02;4.5396894e-02;1.2250000e+02;6.9316886e-03;1.2250000e+02;1.1123409e-02;1.2250000e+02;1.9850146e-02;1.2250000e+02;3.3082474e-02;1.2250000e+02;4.9794018e-02;1.2250000e+02;7.0049495e-02;1.2250000e+02;9.3210608e-02;1.2250000e+02;1.1775054e-01;1.2250000e+02;1.4294396e-01;1.2250000e+02;1.6552766e-01;1.2250000e+02;1.9112693e-01;1.2250000e+02;2.1388282e-01;1.2250000e+02;2.2592057e-01;1.2250000e+02;2.1338198e-01;1.2250000e+02;1.8047769e-01;1.2250000e+02;1.3494475e-01;1.2250000e+02;8.8037282e-02;1.2250000e+02;4.5396894e-02;1.2250000e+02;6.9316886e-03;1.2250000e+02;1.1123409e-02;1.2250000e+02;1.9850146e-02;1.2250000e+02;3.3082474e-02;1.2250000e+02;4.9794018e-02;1.2250000e+02;7.0049495e-02;1.2250000e+02;9.3210608e-02;1.2250000e+02;1.1775054e-01;1.2250000e+02;1.4294396e-01;1.2250000e+02;1.6552766e-01;1.2250000e+02;1.9112693e-01;1.2250000e+02;2.1388282e-01;1.2250000e+02;2.2592057e-01;1.2250000e+02;2.1338198e-01;1.2250000e+02;1.8047769e-01;1.2250000e+02;1.3494475e-01;1.2250000e+02;8.8037282e-02;1.2250000e+02;4.5396894e-02;1.2250000e+02;6.9316886e-03;1.2250000e+02;1.1123409e-02;1.2250000e+02;1.9850146e-02;1.2250000e+02;3.3082474e-02;1.2250000e+02;4.9794018e-02;1.2250000e+02;7.0049495e-02;1.2250000e+02;9.3210608e-02;1.2250000e+02;1.1775054e-01;1.2250000e+02;1.4294396e-01;1.2250000e+02;1.6552766e-01;1.2250000e+02;1.9112693e-01;1.2250000e+02;2.1388282e-01;1.2250000e+02;2.2592057e-01;1.2250000e+02;2.1338198e-01;1.2250000e+02;1.8047769e-01;1.2250000e+02;1.3494475e-01;1.2250000e+02;8.8037282e-02;1.2250000e+02;4.5396894e-02;1.2250000e+02;6.9316886e-03;1.2250000e+02;1.1123409e-02;1.2250000e+02;1.9850146e-02;1.2250000e+02;3.3082474e-02;1.2250000e+02;4.9794018e-02;1.2250000e+02;7.0049495e-02;1.2250000e+02;9.3210608e-02;1.2250000e+02;1.1775054e-01;1.2250000e+02;1.4294396e-01;1.2250000e+02;1.6552766e-01;1.2250000e+02;1.9112693e-01;1.2250000e+02;2.1388282e-01;1.2250000e+02;2.2592057e-01;1.2250000e+02;2.1338198e-01;1.2250000e+02;1.8047769e-01;1.2250000e+02;1.3494475e-01;1.2250000e+02;8.8037282e-02;1.2250000e+02;4.5396894e-02;1.2250000e+02;6.9316886e-03;1.2250000e+02;1.1123409e-02;1.2250000e+02;1.9850146e-02;1.2250000e+02;3.3082474e-02;1.2250000e+02;4.9794018e-02;1.2250000e+02;7.0049495e-02;1.2250000e+02;9.3210608e-02;1.2250000e+02;1.1775054e-01;1.2250000e+02;1.4294396e-01;1.2250000e+02;1.6552766e-01;1.2250000e+02;1.9112693e-01;1.2250000e+02;2.1388282e-01;1.2250000e+02;2.2592057e-01;1.2250000e+02;2.1338198e-01;1.2250000e+02;1.8047769e-01;1.2250000e+02;1.3494475e-01;1.2250000e+02;8.8037282e-02;1.2250000e+02;4.5396894e-02;1.2250000e+02;6.9316886e-03;1.2250000e+02;1.1123409e-02;1.2250000e+02;1.9850146e-02;1.2250000e+02;3.3082474e-02;1.2250000e+02;4.9794018e-02;1.2250000e+02;7.0049495e-02;1.2250000e+02;9.3210608e-02;1.2250000e+02;1.1775054e-01;1.2250000e+02;1.4294396e-01;1.2250000e+02;1.6552766e-01;1.2250000e+02;1.9112693e-01;1.2250000e+02;2.1388282e-01;1.2250000e+02;2.2592057e-01;1.2250000e+02;2.1338198e-01;1.2250000e+02;1.8047769e-01;1.2250000e+02;1.3494475e-01;1.2250000e+02;8.8037282e-02;1.2250000e+02;4.5396894e-02;1.2250000e+02;6.9316886e-03;1.2250000e+02;1.1123409e-02;1.2250000e+02;1.9850146e-02;1.2250000e+02;3.3082474e-02;1.2250000e+02;4.9794018e-02;1.2250000e+02;7.0049495e-02;1.2250000e+02;9.3210608e-02;1.2250000e+02;1.1775054e-01;1.2250000e+02;1.4294396e-01;1.2250000e+02;1.6552766e-01;1.2250000e+02;1.9112693e-01;1.2250000e+02;2.1388282e-01;1.2250000e+02;2.2592057e-01;1.2250000e+02;2.1338198e-01;1.2250000e+02;1.8047769e-01;1.2250000e+02;1.3494475e-01;1.2250000e+02;8.8037282e-02;1.2250000e+02;4.5396894e-02;1.2250000e+02;6.9316886e-03;1.2250000e+02;1.1123409e-02;1.2250000e+02;1.9850146e-02;1.2250000e+02;3.3082474e-02;1.2250000e+02;4.9794018e-02;1.2250000e+02;7.0049495e-02;1.2250000e+02;9.3210608e-02;1.2250000e+02;1.1775054e-01;1.2250000e+02;1.4294396e-01;1.2250000e+02;1.6552766e-01;1.2250000e+02;1.9112693e-01;1.2250000e+02;2.1388282e-01;1.2250000e+02;2.2592057e-01;1.2250000e+02;2.1338198e-01;1.2250000e+02;1.8047769e-01;1.2250000e+02;1.3494475e-01;1.2250000e+02;8.8037282e-02;1.2250000e+02;4.5396894e-02;1.2250000e+02;6.9316886e-03;1.2250000e+02;1.1123409e-02;1.2250000e+02;1.9850146e-02;1.2250000e+02;3.3082474e-02;1.2250000e+02;4.9794018e-02;1.2250000e+02;7.0049495e-02;1.2250000e+02;9.3210608e-02;1.2250000e+02;1.1775054e-01;1.2250000e+02;1.4294396e-01;1.2250000e+02;1.6552766e-01;1.2250000e+02;1.9112693e-01;1.2250000e+02;2.1388282e-01;1.2250000e+02;2.2592057e-01;1.2250000e+02;2.1338198e-01;1.2250000e+02;1.8047769e-01;1.2250000e+02;1.3494475e-01;1.2250000e+02;8.8037282e-02;1.2250000e+02;4.5396894e-02;1.2250000e+02;6.9316886e-03;1.2250000e+02;1.1123409e-02;1.2250000e+02;1.9850146e-02;1.2250000e+02;3.3082474e-02;1.2250000e+02;4.9794018e-02;1.2250000e+02;7.0049495e-02;1.2250000e+02;9.3210608e-02;1.2250000e+02;1.1775054e-01;1.2250000e+02;1.4294396e-01;1.2250000e+02;1.6552766e-01;1.2250000e+02;1.9112693e-01;1.2250000e+02;2.1388282e-01;1.2250000e+02;2.2592057e-01;1.2250000e+02;2.1338198e-01;1.2250000e+02;1.8047769e-01;1.2250000e+02;1.3494475e-01;1.2250000e+02;8.8037282e-02;1.2250000e+02;4.5396894e-02;1.2250000e+02;6.9316886e-03;1.2250000e+02;1.1123409e-02;1.2250000e+02;1.9850146e-02;1.2250000e+02;3.3082474e-02;1.2250000e+02;4.9794018e-02;1.2250000e+02;7.0049495e-02;1.2250000e+02;9.3210608e-02;1.2250000e+02;1.1775054e-01;1.2250000e+02;1.4294396e-01;1.2250000e+02;1.6552766e-01;1.2250000e+02;1.9112693e-01;1.2250000e+02;2.1388282e-01;1.2250000e+02;2.2592057e-01;1.2250000e+02;2.1338198e-01;1.2250000e+02;1.8047769e-01;1.2250000e+02;1.3494475e-01;1.2250000e+02;8.8037282e-02;1.2250000e+02;4.5396894e-02;1.2250000e+02;6.9316886e-03;1.2250000e+02;1.1123409e-02;1.2250000e+02;1.9850146e-02;1.2250000e+02;3.3082474e-02;1.2250000e+02;4.9794018e-02;1.2250000e+02;7.0049495e-02;1.2250000e+02;9.3210608e-02;1.2250000e+02;1.1775054e-01;1.2250000e+02;1.4294396e-01;1.2250000e+02;1.6552766e-01;1.2250000e+02;1.9112693e-01;1.2250000e+02;2.1388282e-01;1.2250000e+02;2.2592057e-01;1.2250000e+02;2.1338198e-01;1.2250000e+02;1.8047769e-01;1.2250000e+02;1.3494475e-01;1.2250000e+02;8.8037282e-02;1.2250000e+02;4.5396894e-02;1.2250000e+02;6.9316886e-03;1.2250000e+02;1.1123409e-02;1.2250000e+02;1.9850146e-02;1.2250000e+02;3.3082474e-02;1.2250000e+02;4.9794018e-02;1.2250000e+02;7.0049495e-02;1.2250000e+02;9.3210608e-02;1.2250000e+02;1.1775054e-01;1.2250000e+02;1.4294396e-01;1.2250000e+02;1.6552766e-01;1.2250000e+02;1.9112693e-01;1.2250000e+02;2.1388282e-01;1.2250000e+02;2.2592057e-01;1.2250000e+02;2.1338198e-01;1.2250000e+02;1.8047769e-01;1.2250000e+02;1.3494475e-01;1.2250000e+02;8.8037282e-02;1.2250000e+02;4.5396894e-02;1.2250000e+02;6.9316886e-03;1.2250000e+02;1.1123409e-02;1.2250000e+02;1.9850146e-02;1.2250000e+02;3.3082474e-02;1.2250000e+02;4.9794018e-02;1.2250000e+02;7.0049495e-02;1.2250000e+02;9.3210608e-02;1.2250000e+02;1.1775054e-01;1.2250000e+02;1.4294396e-01;1.2250000e+02;1.6552766e-01;1.2250000e+02;1.9112693e-01;1.2250000e+02;2.1388282e-01;1.2250000e+02;2.2592057e-01;1.2250000e+02;2.1338198e-01;1.2250000e+02;1.8047769e-01;1.2250000e+02;1.3494475e-01;1.2250000e+02;8.8037282e-02;1.2250000e+02;4.5396894e-02;1.2250000e+02;6.9316886e-03;1.2250000e+02;1.1123409e-02;1.2250000e+02;1.9850146e-02;1.2250000e+02;3.3082474e-02;1.2250000e+02;4.9794018e-02;1.2250000e+02;7.0049495e-02;1.2250000e+02;9.3210608e-02;1.2250000e+02;1.1775054e-01;1.2250000e+02;1.4294396e-01;1.2250000e+02;1.6552766e-01;1.2250000e+02;1.9112693e-01;1.2250000e+02;2.1388282e-01;1.2250000e+02;2.2592057e-01;1.2250000e+02;2.1338198e-01;1.2250000e+02;1.8047769e-01;1.2250000e+02;1.3494475e-01;1.2250000e+02;8.8037282e-02;1.2250000e+02;4.5396894e-02;1.2250000e+02;6.9316886e-03;1.2250000e+02;1.1123409e-02;1.2250000e+02;1.9850146e-02;1.2250000e+02;3.3082474e-02;1.2250000e+02;4.9794018e-02;1.2250000e+02;7.0049495e-02;1.2250000e+02;9.3210608e-02;1.2250000e+02;1.1775054e-01;1.2250000e+02;1.4294396e-01;1.2250000e+02;1.6552766e-01;1.2250000e+02;1.9112693e-01;1.2250000e+02;2.1388282e-01;1.2250000e+02;2.2592057e-01;1.2250000e+02;2.1338198e-01;1.2250000e+02;1.8047769e-01;1.2250000e+02;1.3494475e-01;1.2250000e+02;8.8037282e-02;1.2250000e+02;4.5396894e-02;1.2250000e+02;6.9316886e-03;1.2250000e+02;1.1123409e-02;1.2250000e+02;1.9850146e-02;1.2250000e+02;3.3082474e-02;1.2250000e+02;4.9794018e-02;1.2250000e+02;7.0049495e-02;1.2250000e+02;9.3210608e-02;1.2250000e+02;1.1775054e-01;1.2250000e+02;1.4294396e-01;1.2250000e+02;1.6552766e-01;1.2250000e+02;1.9112693e-01;1.2250000e+02;2.1388282e-01;1.2250000e+02;2.2592057e-01;1.2250000e+02;2.1338198e-01;1.2250000e+02;1.8047769e-01;1.2250000e+02;1.3494475e-01;1.2250000e+02;8.8037282e-02;1.2250000e+02;4.5396894e-02;1.2250000e+02;6.9316886e-03;1.2250000e+02;1.1123409e-02;1.2250000e+02;1.9850146e-02;1.2250000e+02;3.3082474e-02;1.2250000e+02;4.9794018e-02;1.2250000e+02;7.0049495e-02;1.2250000e+02;9.3210608e-02;1.2250000e+02;1.1775054e-01;1.2250000e+02;1.4294396e-01;1.2250000e+02;1.6552766e-01;1.2250000e+02;1.9112693e-01;1.2250000e+02;2.1388282e-01;1.2250000e+02;2.2592057e-01;1.2250000e+02;2.1338198e-01;1.2250000e+02;1.8047769e-01;1.2250000e+02;1.3494475e-01;1.2250000e+02;8.8037282e-02;1.2250000e+02;4.5396894e-02;1.2250000e+02;6.9316886e-03;1.2250000e+02;1.1123409e-02;1.2250000e+02;1.9850146e-02;1.2250000e+02;3.3082474e-02;1.2250000e+02;4.9794018e-02;1.2250000e+02;7.0049495e-02;1.2250000e+02;9.3210608e-02;1.2250000e+02;1.1775054e-01;1.2250000e+02;1.4294396e-01;1.2250000e+02;1.6552766e-01;1.2250000e+02;1.9112693e-01;1.2250000e+02;2.1388282e-01;1.2250000e+02;2.2592057e-01;1.2250000e+02;2.1338198e-01;1.2250000e+02;1.8047769e-01;1.2250000e+02;1.3494475e-01;1.2250000e+02;8.8037282e-02;1.2250000e+02;4.5396894e-02
1.2750000e+02;4.7393367e-03;1.2750000e+02;9.5373113e-03;1.2750000e+02;1.9056981e-02;1.2750000e+02;3.2951105e-02;1.2750000e+02;5.0294053e-02;1.2750000e+02;7.0645913e-02;1.2750000e+02;9.4838575e-02;1.2750000e+02;1.2083967e-01;1.2750000e+02;1.4976038e-01;1.2750000e+02;1.7496076e-01;1.2750000e+02;1.9828892e-01;1.2750000e+02;2.1637598e-01;1.2750000e+02;2.2477067e-01;1.2750000e+02;2.1038502e-01;1.2750000e+02;1.7746976e-01;1.2750000e+02;1.3308682e-01;1.2750000e+02;8.7275445e-02;1.2750000e+02;4.5206010e-02;1.2750000e+02;4.7393367e-03;1.2750000e+02;9.5373113e-03;1.2750000e+02;1.9056981e-02;1.2750000e+02;3.2951105e-02;1.2750000e+02;5.0294053e-02;1.2750000e+02;7.0645913e-02;1.2750000e+02;9.4838575e-02;1.2750000e+02;1.2083967e-01;1.2750000e+02;1.4976038e-01;1.2750000e+02;1.7496076e-01;1.2750000e+02;1.9828892e-01;1.2750000e+02;2.1637598e-01;1.2750000e+02;2.2477067e-01;1.2750000e+02;2.1038502e-01;1.2750000e+02;1.7746976e-01;1.2750000e+02;1.3308682e-01;1.2750000e+02;8.7275445e-02;1.2750000e+02;4.5206010e-02;1.2750000e+02;4.7393367e-03;1.2750000e+02;9.5373113e-03;1.2750000e+02;1.9056981e-02;1.2750000e+02;3.2951105e-02;1.2750000e+02;5.0294053e-02;1.2750000e+02;7.0645913e-02;1.2750000e+02;9.4838575e-02;1.2750000e+02;1.2083967e-01;1.2750000e+02;1.4976038e-01;1.2750000e+02;1.7496076e-01;1.2750000e+02;1.9828892e-01;1.2750000e+02;2.1637598e-01;1.2750000e+02;2.2477067e-01;1.2750000e+02;2.1038502e-01;1.2750000e+02;1.7746976e-01;1.2750000e+02;1.3308682e-01;1.2750000e+02;8.7275445e-02;1.2750000e+02;4.5206010e-02;1.2750000e+02;4.7393367e-03;1.2750000e+02;9.5373113e-03;1.2750000e+02;1.9056981e-02;1.2750000e+02;3.2951105e-02;1.2750000e+02;5.0294053e-02;1.2750000e+02;7.0645913e-02;1.2750000e+02;9.4838575e-02;1.2750000e+02;1.2083967e-01;1.2750000e+02;1.4976038e-01;1.2750000e+02;1.7496076e-01;1.2750000e+02;1.9828892e-01;1.2750000e+02;2.1637598e-01;1.2750000e+02;2.2477067e-01;1.2750000e+02;2.1038502e-01;1.2750000e+02;1.7746976e-01;1.2750000e+02;1.3308682e-01;1.2750000e+02;8.7275445e-02;1.2750000e+02;4.5206010e-02;1.2750000e+02;4.7393367e-03;1.2750000e+02;9.5373113e-03;1.2750000e+02;1.9056981e-02;1.2750000e+02;3.2951105e-02;1.2750000e+02;5.0294053e-02;1.2750000e+02;7.0645913e-02;1.2750000e+02;9.4838575e-02;1.2750000e+02;1.2083967e-01;1.2750000e+02;1.4976038e-01;1.2750000e+02;1.7496076e-01;1.2750000e+02;1.9828892e-01;1.2750000e+02;2.1637598e-01;1.2750000e+02;2.2477067e-01;1.2750000e+02;2.1038502e-01;1.2750000e+02;1.7746976e-01;1.2750000e+02;1.3308682e-01;1.2750000e+02;8.7275445e-02;1.2750000e+02;4.5206010e-02;1.2750000e+02;4.7393367e-03;1.2750000e+02;9.5373113e-03;1.2750000e+02;1.9056981e-02;1.2750000e+02;3.2951105e-02;1.2750000e+02;5.0294053e-02;1.2750000e+02;7.0645913e-02;1.2750000e+02;9.4838575e-02;1.2750000e+02;1.2083967e-01;1.2750000e+02;1.4976038e-01;1.2750000e+02;1.7496076e-01;1.2750000e+02;1.9828892e-01;1.2750000e+02;2.1637598e-01;1.2750000e+02;2.2477067e-01;1.2750000e+02;2.1038502e-01;1.2750000e+02;1.7746976e-01;1.2750000e+02;1.3308682e-01;1.2750000e+02;8.7275445e-02;1.2750000e+02;4.5206010e-02;1.2750000e+02;4.7393367e-03;1.2750000e+02;9.5373113e-03;1.2750000e+02;1.9056981e-02;1.2750000e+02;3.2951105e-02;1.2750000e+02;5.0294053e-02;1.2750000e+02;7.0645913e-02;1.2750000e+02;9.4838575e-02;1.2750000e+02;1.2083967e-01;1.2750000e+02;1.4976038e-01;1.2750000e+02;1.7496076e-01;1.2750000e+02;1.9828892e-01;1.2750000e+02;2.1637598e-01;1.2750000e+02;2.2477067e-01;1.2750000e+02;2.1038502e-01;1.2750000e+02;1.7746976e-01;1.2750000e+02;1.3308682e-01;1.2750000e+02;8.7275445e-02;1.2750000e+02;4.5206010e-02;1.2750000e+02;4.7393367e-03;1.2750000e+02;9.5373113e-03;1.2750000e+02;1.9056981e-02;1.2750000e+02;3.2951105e-02;1.2750000e+02;5.0294053e-02;1.2750000e+02;7.0645913e-02;1.2750000e+02;9.4838575e-02;1.2750000e+02;1.2083967e-01;1.2750000e+02;1.4976038e-01;1.2750000e+02;1.7496076e-01;1.2750000e+02;1.9828892e-01;1.2750000e+02;2.1637598e-01;1.2750000e+02;2.2477067e-01;1.2750000e+02;2.1038502e-01;1.2750000e+02;1.7746976e-01;1.2750000e+02;1.3308682e-01;1.2750000e+02;8.7275445e-02;1.2750000e+02;4.5206010e-02;1.2750000e+02;4.7393367e-03;1.2750000e+02;9.5373113e-03;1.2750000e+02;1.9056981e-02;1.2750000e+02;3.2951105e-02;1.2750000e+02;5.0294053e-02;1.2750000e+02;7.0645913e-02;1.2750000e+02;9.4838575e-02;1.2750000e+02;1.2083967e-01;1.2750000e+02;1.4976038e-01;1.2750000e+02;1.7496076e-01;1.2750000e+02;1.9828892e-01;1.2750000e+02;2.1637598e-01;1.2750000e+02;2.2477067e-01;1.2750000e+02;2.1038502e-01;1.2750000e+02;1.7746976e-01;1.2750000e+02;1.3308682e-01;1.2750000e+02;8.7275445e-02;1.2750000e+02;4.5206010e-02;1.2750000e+02;4.7393367e-03;1.2750000e+02;9.5373113e-03;1.2750000e+02;1.9056981e-02;1.2750000e+02;3.2951105e-02;1.2750000e+02;5.0294053e-02;1.2750000e+02;7.0645913e-02;1.2750000e+02;9.4838575e-02;1.2750000e+02;1.2083967e-01;1.2750000e+02;1.4976038e-01;1.2750000e+02;1.7496076e-01;1.2750000e+02;1.9828892e-01;1.2750000e+02;2.1637598e-01;1.2750000e+02;2.2477067e-01;1.2750000e+02;2.1038502e-01;1.2750000e+02;1.7746976e-01;1.2750000e+02;1.3308682e-01;1.2750000e+02;8.7275445e-02;1.2750000e+02;4.5206010e-02;1.2750000e+02;4.7393367e-03;1.2750000e+02;9.5373113e-03;1.2750000e+02;1.9056981e-02;1.2750000e+02;3.2951105e-02;1.2750000e+02;5.0294053e-02;1.2750000e+02;7.0645913e-02;1.2750000e+02;9.4838575e-02;1.2750000e+02;1.2083967e-01;1.2750000e+02;1.4976038e-01;1.2750000e+02;1.7496076e-01;1.2750000e+02;1.9828892e-01;1.2750000e+02;2.1637598e-01;1.2750000e+02;2.2477067e-01;1.2750000e+02;2.1038502e-01;1.2750000e+02;1.7746976e-01;1.2750000e+02;1.3308682e-01;1.2750000e+02;8.7275445e-02;1.2750000e+02;4.5206010e-02;1.2750000e+02;4.7393367e-03;1.2750000e+02;9.5373113e-03;1.2750000e+02;1.9056981e-02;1.2750000e+02;3.2951105e-02;1.2750000e+02;5.0294053e-02;1.2750000e+02;7.0645913e-02;1.2750000e+02;9.4838575e-02;1.2750000e+02;1.2083967e-01;1.2750000e+02;1.4976038e-01;1.2750000e+02;1.7496076e-01;1.2750000e+02;1.9828892e-01;1.2750000e+02;2.1637598e-01;1.2750000e+02;2.2477067e-01;1.2750000e+02;2.1038502e-01;1.2750000e+02;1.7746976e-01;1.2750000e+02;1.3308682e-01;1.2750000e+02;8.7275445e-02;1.2750000e+02;4.5206010e-02;1.2750000e+02;4.7393367e-03;1.2750000e+02;9.5373113e-03;1.2750000e+02;1.9056981e-02;1.2750000e+02;3.2951105e-02;1.2750000e+02;5.0294053e-02;1.2750000e+02;7.0645913e-02;1.2750000e+02;9.4838575e-02;1.2750000e+02;1.2083967e-01;1.2750000e+02;1.4976038e-01;1.2750000e+02;1.7496076e-01;1.2750000e+02;1.9828892e-01;1.2750000e+02;2.1637598e-01;1.2750000e+02;2.2477067e-01;1.2750000e+02;2.1038502e-01;1.2750000e+02;1.7746976e-01;1.2750000e+02;1.3308682e-01;1.2750000e+02;8.7275445e-02;1.2750000e+02;4.5206010e-02;1.2750000e+02;4.7393367e-03;1.2750000e+02;9.5373113e-03;1.2750000e+02;1.9056981e-02;1.2750000e+02;3.2951105e-02;1.2750000e+02;5.0294053e-02;1.2750000e+02;7.0645913e-02;1.2750000e+02;9.4838575e-02;1.2750000e+02;1.2083967e-01;1.2750000e+02;1.4976038e-01;1.2750000e+02;1.7496076e-01;1.2750000e+02;1.9828892e-01;1.2750000e+02;2.1637598e-01;1.2750000e+02;2.2477067e-01;1.2750000e+02;2.1038502e-01;1.2750000e+02;1.7746976e-01;1.2750000e+02;1.3308682e-01;1.2750000e+02;8.7275445e-02;1.2750000e+02;4.5206010e-02;1.2750000e+02;4.7393367e-03;1.2750000e+02;9.5373113e-03;1.2750000e+02;1.9056981e-02;1.2750000e+02;3.2951105e-02;1.2750000e+02;5.0294053e-02;1.2750000e+02;7.0645913e-02;1.2750000e+02;9.4838575e-02;1.2750000e+02;1.2083967e-01;1.2750000e+02;1.4976038e-01;1.2750000e+02;1.7496076e-01;1.2750000e+02;1.9828892e-01;1.2750000e+02;2.1637598e-01;1.2750000e+02;2.2477067e-01;1.2750000e+02;2.1038502e-01;1.2750000e+02;1.7746976e-01;1.2750000e+02;1.3308682e-01;1.2750000e+02;8.7275445e-02;1.2750000e+02;4.5206010e-02;1.2750000e+02;4.7393367e-03;1.2750000e+02;9.5373113e-03;1.2750000e+02;1.9056981e-02;1.2750000e+02;3.2951105e-02;1.2750000e+02;5.0294053e-02;1.2750000e+02;7.0645913e-02;1.2750000e+02;9.4838575e-02;1.2750000e+02;1.2083967e-01;1.2750000e+02;1.4976038e-01;1.2750000e+02;1.7496076e-01;1.2750000e+02;1.9828892e-01;1.2750000e+02;2.1637598e-01;1.2750000e+02;2.2477067e-01;1.2750000e+02;2.1038502e-01;1.2750000e+02;1.7746976e-01;1.2750000e+02;1.3308682e-01;1.2750000e+02;8.7275445e-02;1.2750000e+02;4.5206010e-02;1.2750000e+02;4.7393367e-03;1.2750000e+02;9.5373113e-03;1.2750000e+02;1.9056981e-02;1.2750000e+02;3.2951105e-02;1.2750000e+02;5.0294053e-02;1.2750000e+02;7.0645913e-02;1.2750000e+02;9.4838575e-02;1.2750000e+02;1.2083967e-01;1.2750000e+02;1.4976038e-01;1.2750000e+02;1.7496076e-01;1.2750000e+02;1.9828892e-01;1.2750000e+02;2.1637598e-01;1.2750000e+02;2.2477067e-01;1.2750000e+02;2.1038502e-01;1.2750000e+02;1.7746976e-01;1.2750000e+02;1.3308682e-01;1.2750000e+02;8.7275445e-02;1.2750000e+02;4.5206010e-02;1.2750000e+02;4.7393367e-03;1.2750000e+02;9.5373113e-03;1.2750000e+02;1.9056981e-02;1.2750000e+02;3.2951105e-02;1.2750000e+02;5.0294053e-02;1.2750000e+02;7.0645913e-02;1.2750000e+02;9.4838575e-02;1.2750000e+02;1.2083967e-01;1.2750000e+02;1.4976038e-01;1.2750000e+02;1.7496076e-01;1.2750000e+02;1.9828892e-01;1.2750000e+02;2.1637598e-01;1.2750000e+02;2.2477067e-01;1.2750000e+02;2.1038502e-01;1.2750000e+02;1.7746976e-01;1.2750000e+02;1.3308682e-01;1.2750000e+02;8.7275445e-02;1.2750000e+02;4.5206010e-02;1.2750000e+02;4.7393367e-03;1.2750000e+02;9.5373113e-03;1.2750000e+02;1.9056981e-02;1.2750000e+02;3.2951105e-02;1.2750000e+02;5.0294053e-02;1.2750000e+02;7.0645913e-02;1.2750000e+02;9.4838575e-02;1.2750000e+02;1.2083967e-01;1.2750000e+02;1.4976038e-01;1.2750000e+02;1.7496076e-01;1.2750000e+02;1.9828892e-01;1.2750000e+02;2.1637598e-01;1.2750000e+02;2.2477067e-01;1.2750000e+02;2.1038502e-01;1.2750000e+02;1.7746976e-01;1.2750000e+02;1.3308682e-01;1.2750000e+02;8.7275445e-02;1.2750000e+02;4.5206010e-02;1.2750000e+02;4.7393367e-03;1.2750000e+02;9.5373113e-03;1.2750000e+02;1.9056981e-02;1.2750000e+02;3.2951105e-02;1.2750000e+02;5.0294053e-02;1.2750000e+02;7.0645913e-02;1.2750000e+02;9.4838575e-02;1.2750000e+02;1.2083967e-01;1.2750000e+02;1.4976038e-01;1.2750000e+02;1.7496076e-01;1.2750000e+02;1.9828892e-01;1.2750000e+02;2.1637598e-01;1.2750000e+02;2.2477067e-01;1.2750000e+02;2.1038502e-01;1.2750000e+02;1.7746976e-01;1.2750000e+02;1.3308682e-01;1.2750000e+02;8.7275445e-02;1.2750000e+02;4.5206010e-02;1.2750000e+02;4.7393367e-03;1.2750000e+02;9.5373113e-03;1.2750000e+02;1.9056981e-02;1.2750000e+02;3.2951105e-02;1.2750000e+02;5.0294053e-02;1.2750000e+02;7.0645913e-02;1.2750000e+02;9.4838575e-02;1.2750000e+02;1.2083967e-01;1.2750000e+02;1.4976038e-01;1.2750000e+02;1.7496076e-01;1.2750000e+02;1.9828892e-01;1.2750000e+02;2.1637598e-01;1.2750000e+02;2.2477067e-01;1.2750000e+02;2.1038502e-01;1.2750000e+02;1.7746976e-01;1.2750000e+02;1.3308682e-01;1.2750000e+02;8.7275445e-02;1.2750000e+02;4.5206010e-02;1.2750000e+02;4.7393367e-03;1.2750000e+02;9.5373113e-03;1.2750000e+02;1.9056981e-02;1.2750000e+02;3.2951105e-02;1.2750000e+02;5.0294053e-02;1.2750000e+02;7.0645913e-02;1.2750000e+02;9.4838575e-02;1.2750000e+02;1.2083967e-01;1.2750000e+02;1.4976038e-01;1.2750000e+02;1.7496076e-01;1.2750000e+02;1.9828892e-01;1.2750000e+02;2.1637598e-01;1.2750000e+02;2.2477067e-01;1.2750000e+02;2.1038502e-01;1.2750000e+02;1.7746976e-01;1.2750000e+02;1.3308682e-01;1.2750000e+02;8.7275445e-02;1.2750000e+02;4.5206010e-02;1.2750000e+02;4.7393367e-03;1.2750000e+02;9.5373113e-03;1.2750000e+02;1.9056981e-02;1.2750000e+02;3.2951105e-02;1.2750000e+02;5.0294053e-02;1.2750000e+02;7.0645913e-02;1.2750000e+02;9.4838575e-02;1.2750000e+02;1.2083967e-01;1.2750000e+02;1.4976038e-01;1.2750000e+02;1.7496076e-01;1.2750000e+02;1.9828892e-01;1.2750000e+02;2.1637598e-01;1.2750000e+02;2.2477067e-01;1.2750000e+02;2.1038502e-01;1.2750000e+02;1.7746976e-01;1.2750000e+02;1.3308682e-01;1.2750000e+02;8.7275445e-02;1.2750000e+02;4.5206010e-02;1.2750000e+02;4.7393367e-03;1.2750000e+02;9.5373113e-03;1.2750000e+02;1.9056981e-02;1.2750000e+02;3.2951105e-02;1.2750000e+02;5.0294053e-02;1.2750000e+02;7.0645913e-02;1.2750000e+02;9.4838575e-02;1.2750000e+02;1.2083967e-01;1.2750000e+02;1.4976038e-01;1.2750000e+02;1.7496076e-01;1.2750000e+02;1.9828892e-01;1.2750000e+02;2.1637598e-01;1.2750000e+02;2.2477067e-01;1.2750000e+02;2.1038502e-01;1.2750000e+02;1.7746976e-01;1.2750000e+02;1.3308682e-01;1.2750000e+02;8.7275445e-02;1.2750000e+02;4.5206010e-02;1.2750000e+02;4.7393367e-03;1.2750000e+02;9.5373113e-03;1.2750000e+02;1.9056981e-02;1.2750000e+02;3.2951105e-02;1.2750000e+02;5.0294053e-02;1.2750000e+02;7.0645913e-02;1.2750000e+02;9.4838575e-02;1.2750000e+02;1.2083967e-01;1.2750000e+02;1.4976038e-01;1.2750000e+02;1.7496076e-01;1.2750000e+02;1.9828892e-01;1.2750000e+02;2.1637598e-01;1.2750000e+02;2.2477067e-01;1.2750000e+02;2.1038502e-01;1.2750000e+02;1.7746976e-01;1.2750000e+02;1.3308682e-01;1.2750000e+02;8.7275445e-02;1.2750000e+02;4.5206010e-02;1.2750000e+02;4.7393367e-03;1.2750000e+02;9.5373113e-03;1.2750000e+02;1.9056981e-02;1.2750000e+02;3.2951105e-02;1.2750000e+02;5.0294053e-02;1.2750000e+02;7.0645913e-02;1.2750000e+02;9.4838575e-02;1.2750000e+02;1.2083967e-01;1.2750000e+02;1.4976038e-01;1.2750000e+02;1.7496076e-01;1.2750000e+02;1.9828892e-01;1.2750000e+02;2.1637598e-01;1.2750000e+02;2.2477067e-01;1.2750000e+02;2.1038502e-01;1.2750000e+02;1.7746976e-01;1.2750000e+02;1.3308682e-01;1.2750000e+02;8.7275445e-02;1.2750000e+02;4.5206010e-02;1.2750000e+02;4.7393367e-03;1.2750000e+02;9.5373113e-03;1.2750000e+02;1.9056981e-02;1.2750000e+02;3.2951105e-02;1.2750000e+02;5.0294053e-02;1.2750000e+02;7.0645913e-02;1.2750000e+02;9.4838575e-02;1.2750000e+02;1.2083967e-01;1.2750000e+02;1.4976038e-01;1.2750000e+02;1.7496076e-01;1.2750000e+02;1.9828892e-01;1.2750000e+02;2.1637598e-01;1.2750000e+02;2.2477067e-01;1.2750000e+02;2.1038502e-01;1.2750000e+02;1.7746976e-01;1.2750000e+02;1.3308682e-01;1.2750000e+02;8.7275445e-02;1.2750000e+02;4.5206010e-02;1.2750000e+02;4.7393367e-03;1.2750000e+02;9.5373113e-03;1.2750000e+02;1.9056981e-02;1.2750000e+02;3.2951105e-02;1.2750000e+02;5.0294053e-02;1.2750000e+02;7.0645913e-02;1.2750000e+02;9.4838575e-02;1.2750000e+02;1.2083967e-01;1.2750000e+02;1.4976038e-01;1.2750000e+02;1.7496076e-01;1.2750000e+02;1.9828892e-01;1.2750000e+02;2.1637598e-01;1.2750000e+02;2.2477067e-01;1.2750000e+02;2.1038502e-01;1.2750000e+02;1.7746976e-01;1.2750000e+02;1.3308682e-01;1.2750000e+02;8.7275445e-02;1.2750000e+02;4.5206010e-02;1.2750000e+02;4.7393367e-03;1.2750000e+02;9.5373113e-03;1.2750000e+02;1.9056981e-02;1.2750000e+02;3.2951105e-02;1.2750000e+02;5.0294053e-02;1.2750000e+02;7.0645913e-02;1.2750000e+02;9.4838575e-02;1.2750000e+02;1.2083967e-01;1.2750000e+02;1.4976038e-01;1.2750000e+02;1.7496076e-01;1.2750000e+02;1.9828892e-01;1.2750000e+02;2.1637598e-01;1.2750000e+02;2.2477067e-01;1.2750000e+02;2.1038502e-01;1.2750000e+02;1.7746976e-01;1.2750000e+02;1.3308682e-01;1.2750000e+02;8.7275445e-02;1.2750000e+02;4.5206010e-02;1.2750000e+02;4.7393367e-03;1.2750000e+02;9.5373113e-03;1.2750000e+02;1.9056981e-02;1.2750000e+02;3.2951105e-02;1.2750000e+02;5.0294053e-02;1.2750000e+02;7.0645913e-02;1.2750000e+02;9.4838575e-02;1.2750000e+02;1.2083967e-01;1.2750000e+02;1.4976038e-01;1.2750000e+02;1.7496076e-01;1.2750000e+02;1.9828892e-01;1.2750000e+02;2.1637598e-01;1.2750000e+02;2.2477067e-01;1.2750000e+02;2.1038502e-01;1.2750000e+02;1.7746976e-01;1.2750000e+02;1.3308682e-01;1.2750000e+02;8.7275445e-02;1.2750000e+02;4.5206010e-02;1.2750000e+02;4.7393367e-03;1.2750000e+02;9.5373113e-03;1.2750000e+02;1.9056981e-02;1.2750000e+02;3.2951105e-02;1.2750000e+02;5.0294053e-02;1.2750000e+02;7.0645913e-02;1.2750000e+02;9.4838575e-02;1.2750000e+02;1.2083967e-01;1.2750000e+02;1.4976038e-01;1.2750000e+02;1.7496076e-01;1.2750000e+02;1.9828892e-01;1.2750000e+02;2.1637598e-01;1.2750000e+02;2.2477067e-01;1.2750000e+02;2.1038502e-01;1.2750000e+02;1.7746976e-01;1.2750000e+02;1.3308682e-01;1.2750000e+02;8.7275445e-02;1.2750000e+02;4.5206010e-02;1.2750000e+02;4.7393367e-03;1.2750000e+02;9.5373113e-03;1.2750000e+02;1.9056981e-02;1.2750000e+02;3.2951105e-02;1.2750000e+02;5.0294053e-02;1.2750000e+02;7.0645913e-02;1.2750000e+02;9.4838575e-02;1.2750000e+02;1.2083967e-01;1.2750000e+02;1.4976038e-01;1.2750000e+02;1.7496076e-01;1.2750000e+02;1.9828892e-01;1.2750000e+02;2.1637598e-01;1.2750000e+02;2.2477067e-01;1.2750000e+02;2.1038502e-01;1.2750000e+02;1.7746976e-01;1.2750000e+02;1.3308682e-01;1.2750000e+02;8.7275445e-02;1.2750000e+02;4.5206010e-02;1.2750000e+02;4.7393367e-03;1.2750000e+02;9.5373113e-03;1.2750000e+02;1.9056981e-02;1.2750000e+02;3.2951105e-02;1.2750000e+02;5.0294053e-02;1.2750000e+02;7.0645913e-02;1.2750000e+02;9.4838575e-02;1.2750000e+02;1.2083967e-01;1.2750000e+02;1.4976038e-01;1.2750000e+02;1.7496076e-01;1.2750000e+02;1.9828892e-01;1.2750000e+02;2.1637598e-01;1.2750000e+02;2.2477067e-01;1.2750000e+02;2.1038502e-01;1.2750000e+02;1.7746976e-01;1.2750000e+02;1.3308682e-01;1.2750000e+02;8.7275445e-02;1.2750000e+02;4.5206010e-02;1.2750000e+02;4.7393367e-03;1.2750000e+02;9.5373113e-03;1.2750000e+02;1.9056981e-02;1.2750000e+02;3.2951105e-02;1.2750000e+02;5.0294053e-02;1.2750000e+02;7.0645913e-02;1.2750000e+02;9.4838575e-02;1.2750000e+02;1.2083967e-01;1.2750000e+02;1.4976038e-01;1.2750000e+02;1.7496076e-01;1.2750000e+02;1.9828892e-01;1.2750000e+02;2.1637598e-01;1.2750000e+02;2.2477067e-01;1.2750000e+02;2.1038502e-01;1.2750000e+02;1.7746976e-01;1.2750000e+02;1.3308682e-01;1.2750000e+02;8.7275445e-02;1.2750000e+02;4.5206010e-02;1.2750000e+02;4.7393367e-03;1.2750000e+02;9.5373113e-03;1.2750000e+02;1.9056981e-02;1.2750000e+02;3.2951105e-02;1.2750000e+02;5.0294053e-02;1.2750000e+02;7.0645913e-02;1.2750000e+02;9.4838575e-02;1.2750000e+02;1.2083967e-01;1.2750000e+02;1.4976038e-01;1.2750000e+02;1.7496076e-01;1.2750000e+02;1.9828892e-01;1.2750000e+02;2.1637598e-01;1.2750000e+02;2.2477067e-01;1.2750000e+02;2.1038502e-01;1.2750000e+02;1.7746976e-01;1.2750000e+02;1.3308682e-01;1.2750000e+02;8.7275445e-02;1.2750000e+02;4.5206010e-02;1.2750000e+02;4.7393367e-03;1.2750000e+02;9.5373113e-03;1.2750000e+02;1.9056981e-02;1.2750000e+02;3.2951105e-02;1.2750000e+02;5.0294053e-02;1.2750000e+02;7.0645913e-02;1.2750000e+02;9.4838575e-02;1.2750000e+02;1.2083967e-01;1.2750000e+02;1.4976038e-01;1.2750000e+02;1.7496076e-01;1.2750000e+02;1.9828892e-01;1.2750000e+02;2.1637598e-01;1.2750000e+02;2.2477067e-01;1.2750000e+02;2.1038502e-01;1.2750000e+02;1.7746976e-01;1.2750000e+02;1.3308682e-01;1.2750000e+02;8.7275445e-02;1.2750000e+02;4.5206010e-02;1.2750000e+02;4.7393367e-03;1.2750000e+02;9.5373113e-03;1.2750000e+02;1.9056981e-02;1.2750000e+02;3.2951105e-02;1.2750000e+02;5.0294053e-02;1.2750000e+02;7.0645913e-02;1.2750000e+02;9.4838575e-02;1.2750000e+02;1.2083967e-01;1.2750000e+02;1.4976038e-01;1.2750000e+02;1.7496076e-01;1.2750000e+02;1.9828892e-01;1.2750000e+02;2.1637598e-01;1.2750000e+02;2.2477067e-01;1.2750000e+02;2.1038502e-01;1.2750000e+02;1.7746976e-01;1.2750000e+02;1.3308682e-01;1.2750000e+02;8.7275445e-02;1.2750000e+02;4.5206010e-02;1.2750000e+02;4.7393367e-03;1.2750000e+02;9.5373113e-03;1.2750000e+02;1.9056981e-02;1.2750000e+02;3.2951105e-02;1.2750000e+02;5.0294053e-02;1.2750000e+02;7.0645913e-02;1.2750000e+02;9.4838575e-02;1.2750000e+02;1.2083967e-01;1.2750000e+02;1.4976038e-01;1.2750000e+02;1.7496076e-01;1.2750000e+02;1.9828892e-01;1.2750000e+02;2.1637598e-01;1.2750000e+02;2.2477067e-01;1.2750000e+02;2.1038502e-01;1.2750000e+02;1.7746976e-01;1.2750000e+02;1.3308682e-01;1.2750000e+02;8.7275445e-02;1.2750000e+02;4.5206010e-02;1.2750000e+02;4.7393367e-03;1.2750000e+02;9.5373113e-03;1.2750000e+02;1.9056981e-02;1.2750000e+02;3.2951105e-02;1.2750000e+02;5.0294053e-02;1.2750000e+02;7.0645913e-02;1.2750000e+02;9.4838575e-02;1.2750000e+02;1.2083967e-01;1.2750000e+02;1.4976038e-01;1.2750000e+02;1.7496076e-01;1.2750000e+02;1.9828892e-01;1.2750000e+02;2.1637598e-01;1.2750000e+02;2.2477067e-01;1.2750000e+02;2.1038502e-01;1.2750000e+02;1.7746976e-01;1.2750000e+02;1.3308682e-01;1.2750000e+02;8.7275445e-02;1.2750000e+02;4.5206010e-02;1.2750000e+02;4.7393367e-03;1.2750000e+02;9.5373113e-03;1.2750000e+02;1.9056981e-02;1.2750000e+02;3.2951105e-02;1.2750000e+02;5.0294053e-02;1.2750000e+02;7.0645913e-02;1.2750000e+02;9.4838575e-02;1.2750000e+02;1.2083967e-01;1.2750000e+02;1.4976038e-01;1.2750000e+02;1.7496076e-01;1.2750000e+02;1.9828892e-01;1.2750000e+02;2.1637598e-01;1.2750000e+02;2.2477067e-01;1.2750000e+02;2.1038502e-01;1.2750000e+02;1.7746976e-01;1.2750000e+02;1.3308682e-01;1.2750000e+02;8.7275445e-02;1.2750000e+02;4.5206010e-02;1.2750000e+02;4.7393367e-03;1.2750000e+02;9.5373113e-03;1.2750000e+02;1.9056981e-02;1.2750000e+02;3.2951105e-02;1.2750000e+02;5.0294053e-02;1.2750000e+02;7.0645913e-02;1.2750000e+02;9.4838575e-02;1.2750000e+02;1.2083967e-01;1.2750000e+02;1.4976038e-01;1.2750000e+02;1.7496076e-01;1.2750000e+02;1.9828892e-01;1.2750000e+02;2.1637598e-01;1.2750000e+02;2.2477067e-01;1.2750000e+02;2.1038502e-01;1.2750000e+02;1.7746976e-01;1.2750000e+02;1.3308682e-01;1.2750000e+02;8.7275445e-02;1.2750000e+02;4.5206010e-02;1.2750000e+02;4.7393367e-03;1.2750000e+02;9.5373113e-03;1.2750000e+02;1.9056981e-02;1.2750000e+02;3.2951105e-02;1.2750000e+02;5.0294053e-02;1.2750000e+02;7.0645913e-02;1.2750000e+02;9.4838575e-02;1.2750000e+02;1.2083967e-01;1.2750000e+02;1.4976038e-01;1.2750000e+02;1.7496076e-01;1.2750000e+02;1.9828892e-01;1.2750000e+02;2.1637598e-01;1.2750000e+02;2.2477067e-01;1.2750000e+02;2.1038502e-01;1.2750000e+02;1.7746976e-01;1.2750000e+02;1.3308682e-01;1.2750000e+02;8.7275445e-02;1.2750000e+02;4.5206010e-02;1.2750000e+02;4.7393367e-03;1.2750000e+02;9.5373113e-03;1.2750000e+02;1.9056981e-02;1.2750000e+02;3.2951105e-02;1.2750000e+02;5.0294053e-02;1.2750000e+02;7.0645913e-02;1.2750000e+02;9.4838575e-02;1.2750000e+02;1.2083967e-01;1.2750000e+02;1.4976038e-01;1.2750000e+02;1.7496076e-01;1.2750000e+02;1.9828892e-01;1.2750000e+02;2.1637598e-01;1.2750000e+02;2.2477067e-01;1.2750000e+02;2.1038502e-01;1.2750000e+02;1.7746976e-01;1.2750000e+02;1.3308682e-01;1.2750000e+02;8.7275445e-02;1.2750000e+02;4.5206010e-02;1.2750000e+02;4.7393367e-03;1.2750000e+02;9.5373113e-03;1.2750000e+02;1.9056981e-02;1.2750000e+02;3.2951105e-02;1.2750000e+02;5.0294053e-02;1.2750000e+02;7.0645913e-02;1.2750000e+02;9.4838575e-02;1.2750000e+02;1.2083967e-01;1.2750000e+02;1.4976038e-01;1.2750000e+02;1.7496076e-01;1.2750000e+02;1.9828892e-01;1.2750000e+02;2.1637598e-01;1.2750000e+02;2.2477067e-01;1.2750000e+02;2.1038502e-01;1.2750000e+02;1.7746976e-01;1.2750000e+02;1.3308682e-01;1.2750000e+02;8.7275445e-02;1.2750000e+02;4.5206010e-02;1.2750000e+02;4.7393367e-03;1.2750000e+02;9.5373113e-03;1.2750000e+02;1.9056981e-02;1.2750000e+02;3.2951105e-02;1.2750000e+02;5.0294053e-02;1.2750000e+02;7.0645913e-02;1.2750000e+02;9.4838575e-02;1.2750000e+02;1.2083967e-01;1.2750000e+02;1.4976038e-01;1.2750000e+02;1.7496076e-01;1.2750000e+02;1.9828892e-01;1.2750000e+02;2.1637598e-01;1.2750000e+02;2.2477067e-01;1.2750000e+02;2.1038502e-01;1.2750000e+02;1.7746976e-01;1.2750000e+02;1.3308682e-01;1.2750000e+02;8.7275445e-02;1.2750000e+02;4.5206010e-02;1.2750000e+02;4.7393367e-03;1.2750000e+02;9.5373113e-03;1.2750000e+02;1.9056981e-02;1.2750000e+02;3.2951105e-02;1.2750000e+02;5.0294053e-02;1.2750000e+02;7.0645913e-02;1.2750000e+02;9.4838575e-02;1.2750000e+02;1.2083967e-01;1.2750000e+02;1.4976038e-01;1.2750000e+02;1.7496076e-01;1.2750000e+02;1.9828892e-01;1.2750000e+02;2.1637598e-01;1.2750000e+02;2.2477067e-01;1.2750000e+02;2.1038502e-01;1.2750000e+02;1.7746976e-01;1.2750000e+02;1.3308682e-01;1.2750000e+02;8.7275445e-02;1.2750000e+02;4.5206010e-02;1.2750000e+02;4.7393367e-03;1.2750000e+02;9.5373113e-03;1.2750000e+02;1.9056981e-02;1.2750000e+02;3.2951105e-02;1.2750000e+02;5.0294053e-02;1.2750000e+02;7.0645913e-02;1.2750000e+02;9.4838575e-02;1.2750000e+02;1.2083967e-01;1.2750000e+02;1.4976038e-01;1.2750000e+02;1.7496076e-01;1.2750000e+02;1.9828892e-01;1.2750000e+02;2.1637598e-01;1.2750000e+02;2.2477067e-01;1.2750000e+02;2.1038502e-01;1.2750000e+02;1.7746976e-01;1.2750000e+02;1.3308682e-01;1.2750000e+02;8.7275445e-02;1.2750000e+02;4.5206010e-02;1.2750000e+02;4.7393367e-03;1.2750000e+02;9.5373113e-03;1.2750000e+02;1.9056981e-02;1.2750000e+02;3.2951105e-02;1.2750000e+02;5.0294053e-02;1.2750000e+02;7.0645913e-02;1.2750000e+02;9.4838575e-02;1.2750000e+02;1.2083967e-01;1.2750000e+02;1.4976038e-01;1.2750000e+02;1.7496076e-01;1.2750000e+02;1.9828892e-01;1.2750000e+02;2.1637598e-01;1.2750000e+02;2.2477067e-01;1.2750000e+02;2.1038502e-01;1.2750000e+02;1.7746976e-01;1.2750000e+02;1.3308682e-01;1.2750000e+02;8.7275445e-02;1.2750000e+02;4.5206010e-02;1.2750000e+02;4.7393367e-03;1.2750000e+02;9.5373113e-03;1.2750000e+02;1.9056981e-02;1.2750000e+02;3.2951105e-02;1.2750000e+02;5.0294053e-02;1.2750000e+02;7.0645913e-02;1.2750000e+02;9.4838575e-02;1.2750000e+02;1.2083967e-01;1.2750000e+02;1.4976038e-01;1.2750000e+02;1.7496076e-01;1.2750000e+02;1.9828892e-01;1.2750000e+02;2.1637598e-01;1.2750000e+02;2.2477067e-01;1.2750000e+02;2.1038502e-01;1.2750000e+02;1.7746976e-01;1.2750000e+02;1.3308682e-01;1.2750000e+02;8.7275445e-02;1.2750000e+02;4.5206010e-02;1.2750000e+02;4.7393367e-03;1.2750000e+02;9.5373113e-03;1.2750000e+02;1.9056981e-02;1.2750000e+02;3.2951105e-02;1.2750000e+02;5.0294053e-02;1.2750000e+02;7.0645913e-02;1.2750000e+02;9.4838575e-02;1.2750000e+02;1.2083967e-01;1.2750000e+02;1.4976038e-01;1.2750000e+02;1.7496076e-01;1.2750000e+02;1.9828892e-01;1.2750000e+02;2.1637598e-01;1.2750000e+02;2.2477067e-01;1.2750000e+02;2.1038502e-01;1.2750000e+02;1.7746976e-01;1.2750000e+02;1.3308682e-01;1.2750000e+02;8.7275445e-02;1.2750000e+02;4.5206010e-02;1.2750000e+02;4.7393367e-03;1.2750000e+02;9.5373113e-03;1.2750000e+02;1.9056981e-02;1.2750000e+02;3.2951105e-02;1.2750000e+02;5.0294053e-02;1.2750000e+02;7.0645913e-02;1.2750000e+02;9.4838575e-02;1.2750000e+02;1.2083967e-01;1.2750000e+02;1.4976038e-01;1.2750000e+02;1.7496076e-01;1.2750000e+02;1.9828892e-01;1.2750000e+02;2.1637598e-01;1.2750000e+02;2.2477067e-01;1.2750000e+02;2.1038502e-01;1.2750000e+02;1.7746976e-01;1.2750000e+02;1.3308682e-01;1.2750000e+02;8.7275445e-02;1.2750000e+02;4.5206010e-02;1.2750000e+02;4.7393367e-03;1.2750000e+02;9.5373113e-03;1.2750000e+02;1.9056981e-02;1.2750000e+02;3.2951105e-02;1.2750000e+02;5.0294053e-02;1.2750000e+02;7.0645913e-02;1.2750000e+02;9.4838575e-02;1.2750000e+02;1.2083967e-01;1.2750000e+02;1.4976038e-01;1.2750000e+02;1.7496076e-01;1.2750000e+02;1.9828892e-01;1.2750000e+02;2.1637598e-01;1.2750000e+02;2.2477067e-01;1.2750000e+02;2.1038502e-01;1.2750000e+02;1.7746976e-01;1.2750000e+02;1.3308682e-01;1.2750000e+02;8.7275445e-02;1.2750000e+02;4.5206010e-02;1.2750000e+02;4.7393367e-03;1.2750000e+02;9.5373113e-03;1.2750000e+02;1.9056981e-02;1.2750000e+02;3.2951105e-02;1.2750000e+02;5.0294053e-02;1.2750000e+02;7.0645913e-02;1.2750000e+02;9.4838575e-02;1.2750000e+02;1.2083967e-01;1.2750000e+02;1.4976038e-01;1.2750000e+02;1.7496076e-01;1.2750000e+02;1.9828892e-01;1.2750000e+02;2.1637598e-01;1.2750000e+02;2.2477067e-01;1.2750000e+02;2.1038502e-01;1.2750000e+02;1.7746976e-01;1.2750000e+02;1.3308682e-01;1.2750000e+02;8.7275445e-02;1.2750000e+02;4.5206010e-02;1.2750000e+02;4.7393367e-03;1.2750000e+02;9.5373113e-03;1.2750000e+02;1.9056981e-02;1.2750000e+02;3.2951105e-02;1.2750000e+02;5.0294053e-02;1.2750000e+02;7.0645913e-02;1.2750000e+02;9.4838575e-02;1.2750000e+02;1.2083967e-01;1.2750000e+02;1.4976038e-01;1.2750000e+02;1.7496076e-01;1.2750000e+02;1.9828892e-01;1.2750000e+02;2.1637598e-01;1.2750000e+02;2.2477067e-01;1.2750000e+02;2.1038502e-01;1.2750000e+02;1.7746976e-01;1.2750000e+02;1.3308682e-01;1.2750000e+02;8.7275445e-02;1.2750000e+02;4.5206010e-02;1.2750000e+02;4.7393367e-03;1.2750000e+02;9.5373113e-03;1.2750000e+02;1.9056981e-02;1.2750000e+02;3.2951105e-02;1.2750000e+02;5.0294053e-02;1.2750000e+02;7.0645913e-02;1.2750000e+02;9.4838575e-02;1.2750000e+02;1.2083967e-01;1.2750000e+02;1.4976038e-01;1.2750000e+02;1.7496076e-01;1.2750000e+02;1.9828892e-01;1.2750000e+02;2.1637598e-01;1.2750000e+02;2.2477067e-01;1.2750000e+02;2.1038502e-01;1.2750000e+02;1.7746976e-01;1.2750000e+02;1.3308682e-01;1.2750000e+02;8.7275445e-02;1.2750000e+02;4.5206010e-02;1.2750000e+02;4.7393367e-03;1.2750000e+02;9.5373113e-03;1.2750000e+02;1.9056981e-02;1.2750000e+02;3.2951105e-02;1.2750000e+02;5.0294053e-02;1.2750000e+02;7.0645913e-02;1.2750000e+02;9.4838575e-02;1.2750000e+02;1.2083967e-01;1.2750000e+02;1.4976038e-01;1.2750000e+02;1.7496076e-01;1.2750000e+02;1.9828892e-01;1.2750000e+02;2.1637598e-01;1.2750000e+02;2.2477067e-01;1.2750000e+02;2.1038502e-01;1.2750000e+02;1.7746976e-01;1.2750000e+02;1.3308682e-01;1.2750000e+02;8.7275445e-02;1.2750000e+02;4.5206010e-02;1.2750000e+02;4.7393367e-03;1.2750000e+02;9.5373113e-03;1.2750000e+02;1.9056981e-02;1.2750000e+02;3.2951105e-02;1.2750000e+02;5.0294053e-02;1.2750000e+02;7.0645913e-02;1.2750000e+02;9.4838575e-02;1.2750000e+02;1.2083967e-01;1.2750000e+02;1.4976038e-01;1.2750000e+02;1.7496076e-01;1.2750000e+02;1.9828892e-01;1.2750000e+02;2.1637598e-01;1.2750000e+02;2.2477067e-01;1.2750000e+02;2.1038502e-01;1.2750000e+02;1.7746976e-01;1.2750000e+02;1.3308682e-01;1.2750000e+02;8.7275445e-02;1.2750000e+02;4.5206010e-02;1.2750000e+02;4.7393367e-03;1.2750000e+02;9.5373113e-03;1.2750000e+02;1.9056981e-02;1.2750000e+02;3.2951105e-02;1.2750000e+02;5.0294053e-02;1.2750000e+02;7.0645913e-02;1.2750000e+02;9.4838575e-02;1.2750000e+02;1.2083967e-01;1.2750000e+02;1.4976038e-01;1.2750000e+02;1.7496076e-01;1.2750000e+02;1.9828892e-01;1.2750000e+02;2.1637598e-01;1.2750000e+02;2.2477067e-01;1.2750000e+02;2.1038502e-01;1.2750000e+02;1.7746976e-01;1.2750000e+02;1.3308682e-01;1.2750000e+02;8.7275445e-02;1.2750000e+02;4.5206010e-02;1.2750000e+02;4.7393367e-03;1.2750000e+02;9.5373113e-03;1.2750000e+02;1.9056981e-02;1.2750000e+02;3.2951105e-02;1.2750000e+02;5.0294053e-02;1.2750000e+02;7.0645913e-02;1.2750000e+02;9.4838575e-02;1.2750000e+02;1.2083967e-01;1.2750000e+02;1.4976038e-01;1.2750000e+02;1.7496076e-01;1.2750000e+02;1.9828892e-01;1.2750000e+02;2.1637598e-01;1.2750000e+02;2.2477067e-01;1.2750000e+02;2.1038502e-01;1.2750000e+02;1.7746976e-01;1.2750000e+02;1.3308682e-01;1.2750000e+02;8.7275445e-02;1.2750000e+02;4.5206010e-02;1.2750000e+02;4.7393367e-03;1.2750000e+02;9.5373113e-03;1.2750000e+02;1.9056981e-02;1.2750000e+02;3.2951105e-02;1.2750000e+02;5.0294053e-02;1.2750000e+02;7.0645913e-02;1.2750000e+02;9.4838575e-02;1.2750000e+02;1.2083967e-01;1.2750000e+02;1.4976038e-01;1.2750000e+02;1.7496076e-01;1.2750000e+02;1.9828892e-01;1.2750000e+02;2.1637598e-01;1.2750000e+02;2.2477067e-01;1.2750000e+02;2.1038502e-01;1.2750000e+02;1.7746976e-01;1.2750000e+02;1.3308682e-01;1.2750000e+02;8.7275445e-02;1.2750000e+02;4.5206010e-02;1.2750000e+02;4.7393367e-03;1.2750000e+02;9.5373113e-03;1.2750000e+02;1.9056981e-02;1.2750000e+02;3.2951105e-02;1.2750000e+02;5.0294053e-02;1.2750000e+02;7.0645913e-02;1.2750000e+02;9.4838575e-02;1.2750000e+02;1.2083967e-01;1.2750000e+02;1.4976038e-01;1.2750000e+02;1.7496076e-01;1.2750000e+02;1.9828892e-01;1.2750000e+02;2.1637598e-01;1.2750000e+02;2.2477067e-01;1.2750000e+02;2.1038502e-01;1.2750000e+02;1.7746976e-01;1.2750000e+02;1.3308682e-01;1.2750000e+02;8.7275445e-02;1.2750000e+02;4.5206010e-02;1.2750000e+02;4.7393367e-03;1.2750000e+02;9.5373113e-03;1.2750000e+02;1.9056981e-02;1.2750000e+02;3.2951105e-02;1.2750000e+02;5.0294053e-02;1.2750000e+02;7.0645913e-02;1.2750000e+02;9.4838575e-02;1.2750000e+02;1.2083967e-01;1.2750000e+02;1.4976038e-01;1.2750000e+02;1.7496076e-01;1.2750000e+02;1.9828892e-01;1.2750000e+02;2.1637598e-01;1.2750000e+02;2.2477067e-01;1.2750000e+02;2.1038502e-01;1.2750000e+02;1.7746976e-01;1.2750000e+02;1.3308682e-01;1.2750000e+02;8.7275445e-02;1.2750000e+02;4.5206010e-02;1.2750000e+02;4.7393367e-03;1.2750000e+02;9.5373113e-03;1.2750000e+02;1.9056981e-02;1.2750000e+02;3.2951105e-02;1.2750000e+02;5.0294053e-02;1.2750000e+02;7.0645913e-02;1.2750000e+02;9.4838575e-02;1.2750000e+02;1.2083967e-01;1.2750000e+02;1.4976038e-01;1.2750000e+02;1.7496076e-01;1.2750000e+02;1.9828892e-01;1.2750000e+02;2.1637598e-01;1.2750000e+02;2.2477067e-01;1.2750000e+02;2.1038502e-01;1.2750000e+02;1.7746976e-01;1.2750000e+02;1.3308682e-01;1.2750000e+02;8.7275445e-02;1.2750000e+02;4.5206010e-02;1.2750000e+02;4.7393367e-03;1.2750000e+02;9.5373113e-03;1.2750000e+02;1.9056981e-02;1.2750000e+02;3.2951105e-02;1.2750000e+02;5.0294053e-02;1.2750000e+02;7.0645913e-02;1.2750000e+02;9.4838575e-02;1.2750000e+02;1.2083967e-01;1.2750000e+02;1.4976038e-01;1.2750000e+02;1.7496076e-01;1.2750000e+02;1.9828892e-01;1.2750000e+02;2.1637598e-01;1.2750000e+02;2.2477067e-01;1.2750000e+02;2.1038502e-01;1.2750000e+02;1.7746976e-01;1.2750000e+02;1.3308682e-01;1.2750000e+02;8.7275445e-02;1.2750000e+02;4.5206010e-02;1.2750000e+02;4.7393367e-03;1.2750000e+02;9.5373113e-03;1.2750000e+02;1.9056981e-02;1.2750000e+02;3.2951105e-02;1.2750000e+02;5.0294053e-02;1.2750000e+02;7.0645913e-02;1.2750000e+02;9.4838575e-02;1.2750000e+02;1.2083967e-01;1.2750000e+02;1.4976038e-01;1.2750000e+02;1.7496076e-01;1.2750000e+02;1.9828892e-01;1.2750000e+02;2.1637598e-01;1.2750000e+02;2.2477067e-01;1.2750000e+02;2.1038502e-01;1.2750000e+02;1.7746976e-01;1.2750000e+02;1.3308682e-01;1.2750000e+02;8.7275445e-02;1.2750000e+02;4.5206010e-02;1.2750000e+02;4.7393367e-03;1.2750000e+02;9.5373113e-03;1.2750000e+02;1.9056981e-02;1.2750000e+02;3.2951105e-02;1.2750000e+02;5.0294053e-02;1.2750000e+02;7.0645913e-02;1.2750000e+02;9.4838575e-02;1.2750000e+02;1.2083967e-01;1.2750000e+02;1.4976038e-01;1.2750000e+02;1.7496076e-01;1.2750000e+02;1.9828892e-01;1.2750000e+02;2.1637598e-01;1.2750000e+02;2.2477067e-01;1.2750000e+02;2.1038502e-01;1.2750000e+02;1.7746976e-01;1.2750000e+02;1.3308682e-01;1.2750000e+02;8.7275445e-02;1.2750000e+02;4.5206010e-02;1.2750000e+02;4.7393367e-03;1.2750000e+02;9.5373113e-03;1.2750000e+02;1.9056981e-02;1.2750000e+02;3.2951105e-02;1.2750000e+02;5.0294053e-02;1.2750000e+02;7.0645913e-02;1.2750000e+02;9.4838575e-02;1.2750000e+02;1.2083967e-01;1.2750000e+02;1.4976038e-01;1.2750000e+02;1.7496076e-01;1.2750000e+02;1.9828892e-01;1.2750000e+02;2.1637598e-01;1.2750000e+02;2.2477067e-01;1.2750000e+02;2.1038502e-01;1.2750000e+02;1.7746976e-01;1.2750000e+02;1.3308682e-01;1.2750000e+02;8.7275445e-02;1.2750000e+02;4.5206010e-02;1.2750000e+02;4.7393367e-03;1.2750000e+02;9.5373113e-03;1.2750000e+02;1.9056981e-02;1.2750000e+02;3.2951105e-02;1.2750000e+02;5.0294053e-02;1.2750000e+02;7.0645913e-02;1.2750000e+02;9.4838575e-02;1.2750000e+02;1.2083967e-01;1.2750000e+02;1.4976038e-01;1.2750000e+02;1.7496076e-01;1.2750000e+02;1.9828892e-01;1.2750000e+02;2.1637598e-01;1.2750000e+02;2.2477067e-01;1.2750000e+02;2.1038502e-01;1.2750000e+02;1.7746976e-01;1.2750000e+02;1.3308682e-01;1.2750000e+02;8.7275445e-02;1.2750000e+02;4.5206010e-02;1.2750000e+02;4.7393367e-03;1.2750000e+02;9.5373113e-03;1.2750000e+02;1.9056981e-02;1.2750000e+02;3.2951105e-02;1.2750000e+02;5.0294053e-02;1.2750000e+02;7.0645913e-02;1.2750000e+02;9.4838575e-02;1.2750000e+02;1.2083967e-01;1.2750000e+02;1.4976038e-01;1.2750000e+02;1.7496076e-01;1.2750000e+02;1.9828892e-01;1.2750000e+02;2.1637598e-01;1.2750000e+02;2.2477067e-01;1.2750000e+02;2.1038502e-01;1.2750000e+02;1.7746976e-01;1.2750000e+02;1.3308682e-01;1.2750000e+02;8.7275445e-02;1.2750000e+02;4.5206010e-02;1.2750000e+02;4.7393367e-03;1.2750000e+02;9.5373113e-03;1.2750000e+02;1.9056981e-02;1.2750000e+02;3.2951105e-02;1.2750000e+02;5.0294053e-02;1.2750000e+02;7.0645913e-02;1.2750000e+02;9.4838575e-02;1.2750000e+02;1.2083967e-01;1.2750000e+02;1.4976038e-01;1.2750000e+02;1.7496076e-01;1.2750000e+02;1.9828892e-01;1.2750000e+02;2.1637598e-01;1.2750000e+02;2.2477067e-01;1.2750000e+02;2.1038502e-01;1.2750000e+02;1.7746976e-01;1.2750000e+02;1.3308682e-01;1.2750000e+02;8.7275445e-02;1.2750000e+02;4.5206010e-02;1.2750000e+02;4.7393367e-03;1.2750000e+02;9.5373113e-03;1.2750000e+02;1.9056981e-02;1.2750000e+02;3.2951105e-02;1.2750000e+02;5.0294053e-02;1.2750000e+02;7.0645913e-02;1.2750000e+02;9.4838575e-02;1.2750000e+02;1.2083967e-01;1.2750000e+02;1.4976038e-01;1.2750000e+02;1.7496076e-01;1.2750000e+02;1.9828892e-01;1.2750000e+02;2.1637598e-01;1.2750000e+02;2.2477067e-01;1.2750000e+02;2.1038502e-01;1.2750000e+02;1.7746976e-01;1.2750000e+02;1.3308682e-01;1.2750000e+02;8.7275445e-02;1.2750000e+02;4.5206010e-02;1.2750000e+02;4.7393367e-03;1.2750000e+02;9.5373113e-03;1.2750000e+02;1.9056981e-02;1.2750000e+02;3.2951105e-02;1.2750000e+02;5.0294053e-02;1.2750000e+02;7.0645913e-02;1.2750000e+02;9.4838575e-02;1.2750000e+02;1.2083967e-01;1.2750000e+02;1.4976038e-01;1.2750000e+02;1.7496076e-01;1.2750000e+02;1.9828892e-01;1.2750000e+02;2.1637598e-01;1.2750000e+02;2.2477067e-01;1.2750000e+02;2.1038502e-01;1.2750000e+02;1.7746976e-01;1.2750000e+02;1.3308682e-01;1.2750000e+02;8.7275445e-02;1.2750000e+02;4.5206010e-02;1.2750000e+02;4.7393367e-03;1.2750000e+02;9.5373113e-03;1.2750000e+02;1.9056981e-02;1.2750000e+02;3.2951105e-02;1.2750000e+02;5.0294053e-02;1.2750000e+02;7.0645913e-02;1.2750000e+02;9.4838575e-02;1.2750000e+02;1.2083967e-01;1.2750000e+02;1.4976038e-01;1.2750000e+02;1.7496076e-01;1.2750000e+02;1.9828892e-01;1.2750000e+02;2.1637598e-01;1.2750000e+02;2.2477067e-01;1.2750000e+02;2.1038502e-01;1.2750000e+02;1.7746976e-01;1.2750000e+02;1.3308682e-01;1.2750000e+02;8.7275445e-02;1.2750000e+02;4.5206010e-02;1.2750000e+02;4.7393367e-03;1.2750000e+02;9.5373113e-03;1.2750000e+02;1.9056981e-02;1.2750000e+02;3.2951105e-02;1.2750000e+02;5.0294053e-02;1.2750000e+02;7.0645913e-02;1.2750000e+02;9.4838575e-02;1.2750000e+02;1.2083967e-01;1.2750000e+02;1.4976038e-01;1.2750000e+02;1.7496076e-01;1.2750000e+02;1.9828892e-01;1.2750000e+02;2.1637598e-01;1.2750000e+02;2.2477067e-01;1.2750000e+02;2.1038502e-01;1.2750000e+02;1.7746976e-01;1.2750000e+02;1.3308682e-01;1.2750000e+02;8.7275445e-02;1.2750000e+02;4.5206010e-02;1.2750000e+02;4.7393367e-03;1.2750000e+02;9.5373113e-03;1.2750000e+02;1.9056981e-02;1.2750000e+02;3.2951105e-02;1.2750000e+02;5.0294053e-02;1.2750000e+02;7.0645913e-02;1.2750000e+02;9.4838575e-02;1.2750000e+02;1.2083967e-01;1.2750000e+02;1.4976038e-01;1.2750000e+02;1.7496076e-01;1.2750000e+02;1.9828892e-01;1.2750000e+02;2.1637598e-01;1.2750000e+02;2.2477067e-01;1.2750000e+02;2.1038502e-01;1.2750000e+02;1.7746976e-01;1.2750000e+02;1.3308682e-01;1.2750000e+02;8.7275445e-02;1.2750000e+02;4.5206010e-02;1.2750000e+02;4.7393367e-03;1.2750000e+02;9.5373113e-03;1.2750000e+02;1.9056981e-02;1.2750000e+02;3.2951105e-02;1.2750000e+02;5.0294053e-02;1.2750000e+02;7.0645913e-02;1.2750000e+02;9.4838575e-02;1.2750000e+02;1.2083967e-01;1.2750000e+02;1.4976038e-01;1.2750000e+02;1.7496076e-01;1.2750000e+02;1.9828892e-01;1.2750000e+02;2.1637598e-01;1.2750000e+02;2.2477067e-01;1.2750000e+02;2.1038502e-01;1.2750000e+02;1.7746976e-01;1.2750000e+02;1.3308682e-01;1.2750000e+02;8.7275445e-02;1.2750000e+02;4.5206010e-02;1.2750000e+02;4.7393367e-03;1.2750000e+02;9.5373113e-03;1.2750000e+02;1.9056981e-02;1.2750000e+02;3.2951105e-02;1.2750000e+02;5.0294053e-02;1.2750000e+02;7.0645913e-02;1.2750000e+02;9.4838575e-02;1.2750000e+02;1.2083967e-01;1.2750000e+02;1.4976038e-01;1.2750000e+02;1.7496076e-01;1.2750000e+02;1.9828892e-01;1.2750000e+02;2.1637598e-01;1.2750000e+02;2.2477067e-01;1.2750000e+02;2.1038502e-01;1.2750000e+02;1.7746976e-01;1.2750000e+02;1.3308682e-01;1.2750000e+02;8.7275445e-02;1.2750000e+02;4.5206010e-02;1.2750000e+02;4.7393367e-03;1.2750000e+02;9.5373113e-03;1.2750000e+02;1.9056981e-02;1.2750000e+02;3.2951105e-02;1.2750000e+02;5.0294053e-02;1.2750000e+02;7.0645913e-02;1.2750000e+02;9.4838575e-02;1.2750000e+02;1.2083967e-01;1.2750000e+02;1.4976038e-01;1.2750000e+02;1.7496076e-01;1.2750000e+02;1.9828892e-01;1.2750000e+02;2.1637598e-01;1.2750000e+02;2.2477067e-01;1.2750000e+02;2.1038502e-01;1.2750000e+02;1.7746976e-01;1.2750000e+02;1.3308682e-01;1.2750000e+02;8.7275445e-02;1.2750000e+02;4.5206010e-02;1.2750000e+02;4.7393367e-03;1.2750000e+02;9.5373113e-03;1.2750000e+02;1.9056981e-02;1.2750000e+02;3.2951105e-02;1.2750000e+02;5.0294053e-02;1.2750000e+02;7.0645913e-02;1.2750000e+02;9.4838575e-02;1.2750000e+02;1.2083967e-01;1.2750000e+02;1.4976038e-01;1.2750000e+02;1.7496076e-01;1.2750000e+02;1.9828892e-01;1.2750000e+02;2.1637598e-01;1.2750000e+02;2.2477067e-01;1.2750000e+02;2.1038502e-01;1.2750000e+02;1.7746976e-01;1.2750000e+02;1.3308682e-01;1.2750000e+02;8.7275445e-02;1.2750000e+02;4.5206010e-02;1.2750000e+02;4.7393367e-03;1.2750000e+02;9.5373113e-03;1.2750000e+02;1.9056981e-02;1.2750000e+02;3.2951105e-02;1.2750000e+02;5.0294053e-02;1.2750000e+02;7.0645913e-02;1.2750000e+02;9.4838575e-02;1.2750000e+02;1.2083967e-01;1.2750000e+02;1.4976038e-01;1.2750000e+02;1.7496076e-01;1.2750000e+02;1.9828892e-01;1.2750000e+02;2.1637598e-01;1.2750000e+02;2.2477067e-01;1.2750000e+02;2.1038502e-01;1.2750000e+02;1.7746976e-01;1.2750000e+02;1.3308682e-01;1.2750000e+02;8.7275445e-02;1.2750000e+02;4.5206010e-02;1.2750000e+02;4.7393367e-03;1.2750000e+02;9.5373113e-03;1.2750000e+02;1.9056981e-02;1.2750000e+02;3.2951105e-02;1.2750000e+02;5.0294053e-02;1.2750000e+02;7.0645913e-02;1.2750000e+02;9.4838575e-02;1.2750000e+02;1.2083967e-01;1.2750000e+02;1.4976038e-01;1.2750000e+02;1.7496076e-01;1.2750000e+02;1.9828892e-01;1.2750000e+02;2.1637598e-01;1.2750000e+02;2.2477067e-01;1.2750000e+02;2.1038502e-01;1.2750000e+02;1.7746976e-01;1.2750000e+02;1.3308682e-01;1.2750000e+02;8.7275445e-02;1.2750000e+02;4.5206010e-02;1.2750000e+02;4.7393367e-03;1.2750000e+02;9.5373113e-03;1.2750000e+02;1.9056981e-02;1.2750000e+02;3.2951105e-02;1.2750000e+02;5.0294053e-02;1.2750000e+02;7.0645913e-02;1.2750000e+02;9.4838575e-02;1.2750000e+02;1.2083967e-01;1.2750000e+02;1.4976038e-01;1.2750000e+02;1.7496076e-01;1.2750000e+02;1.9828892e-01;1.2750000e+02;2.1637598e-01;1.2750000e+02;2.2477067e-01;1.2750000e+02;2.1038502e-01;1.2750000e+02;1.7746976e-01;1.2750000e+02;1.3308682e-01;1.2750000e+02;8.7275445e-02;1.2750000e+02;4.5206010e-02;1.2750000e+02;4.7393367e-03;1.2750000e+02;9.5373113e-03;1.2750000e+02;1.9056981e-02;1.2750000e+02;3.2951105e-02;1.2750000e+02;5.0294053e-02;1.2750000e+02;7.0645913e-02;1.2750000e+02;9.4838575e-02;1.2750000e+02;1.2083967e-01;1.2750000e+02;1.4976038e-01;1.2750000e+02;1.7496076e-01;1.2750000e+02;1.9828892e-01;1.2750000e+02;2.1637598e-01;1.2750000e+02;2.2477067e-01;1.2750000e+02;2.1038502e-01;1.2750000e+02;1.7746976e-01;1.2750000e+02;1.3308682e-01;1.2750000e+02;8.7275445e-02;1.2750000e+02;4.5206010e-02;1.2750000e+02;4.7393367e-03;1.2750000e+02;9.5373113e-03;1.2750000e+02;1.9056981e-02;1.2750000e+02;3.2951105e-02;1.2750000e+02;5.0294053e-02;1.2750000e+02;7.0645913e-02;1.2750000e+02;9.4838575e-02;1.2750000e+02;1.2083967e-01;1.2750000e+02;1.4976038e-01;1.2750000e+02;1.7496076e-01;1.2750000e+02;1.9828892e-01;1.2750000e+02;2.1637598e-01;1.2750000e+02;2.2477067e-01;1.2750000e+02;2.1038502e-01;1.2750000e+02;1.7746976e-01;1.2750000e+02;1.3308682e-01;1.2750000e+02;8.7275445e-02;1.2750000e+02;4.5206010e-02;1.2750000e+02;4.7393367e-03;1.2750000e+02;9.5373113e-03;1.2750000e+02;1.9056981e-02;1.2750000e+02;3.2951105e-02;1.2750000e+02;5.0294053e-02;1.2750000e+02;7.0645913e-02;1.2750000e+02;9.4838575e-02;1.2750000e+02;1.2083967e-01;1.2750000e+02;1.4976038e-01;1.2750000e+02;1.7496076e-01;1.2750000e+02;1.9828892e-01;1.2750000e+02;2.1637598e-01;1.2750000e+02;2.2477067e-01;1.2750000e+02;2.1038502e-01;1.2750000e+02;1.7746976e-01;1.2750000e+02;1.3308682e-01;1.2750000e+02;8.7275445e-02;1.2750000e+02;4.5206010e-02;1.2750000e+02;4.7393367e-03;1.2750000e+02;9.5373113e-03;1.2750000e+02;1.9056981e-02;1.2750000e+02;3.2951105e-02;1.2750000e+02;5.0294053e-02;1.2750000e+02;7.0645913e-02;1.2750000e+02;9.4838575e-02;1.2750000e+02;1.2083967e-01;1.2750000e+02;1.4976038e-01;1.2750000e+02;1.7496076e-01;1.2750000e+02;1.9828892e-01;1.2750000e+02;2.1637598e-01;1.2750000e+02;2.2477067e-01;1.2750000e+02;2.1038502e-01;1.2750000e+02;1.7746976e-01;1.2750000e+02;1.3308682e-01;1.2750000e+02;8.7275445e-02;1.2750000e+02;4.5206010e-02;1.2750000e+02;4.7393367e-03;1.2750000e+02;9.5373113e-03;1.2750000e+02;1.9056981e-02;1.2750000e+02;3.2951105e-02;1.2750000e+02;5.0294053e-02;1.2750000e+02;7.0645913e-02;1.2750000e+02;9.4838575e-02;1.2750000e+02;1.2083967e-01;1.2750000e+02;1.4976038e-01;1.2750000e+02;1.7496076e-01;1.2750000e+02;1.9828892e-01;1.2750000e+02;2.1637598e-01;1.2750000e+02;2.2477067e-01;1.2750000e+02;2.1038502e-01;1.2750000e+02;1.7746976e-01;1.2750000e+02;1.3308682e-01;1.2750000e+02;8.7275445e-02;1.2750000e+02;4.5206010e-02;1.2750000e+02;4.7393367e-03;1.2750000e+02;9.5373113e-03;1.2750000e+02;1.9056981e-02;1.2750000e+02;3.2951105e-02;1.2750000e+02;5.0294053e-02;1.2750000e+02;7.0645913e-02;1.2750000e+02;9.4838575e-02;1.2750000e+02;1.2083967e-01;1.2750000e+02;1.4976038e-01;1.2750000e+02;1.7496076e-01;1.2750000e+02;1.9828892e-01;1.2750000e+02;2.1637598e-01;1.2750000e+02;2.2477067e-01;1.2750000e+02;2.1038502e-01;1.2750000e+02;1.7746976e-01;1.2750000e+02;1.3308682e-01;1.2750000e+02;8.7275445e-02;1.2750000e+02;4.5206010e-02;1.2750000e+02;4.7393367e-03;1.2750000e+02;9.5373113e-03;1.2750000e+02;1.9056981e-02;1.2750000e+02;3.2951105e-02;1.2750000e+02;5.0294053e-02;1.2750000e+02;7.0645913e-02;1.2750000e+02;9.4838575e-02;1.2750000e+02;1.2083967e-01;1.2750000e+02;1.4976038e-01;1.2750000e+02;1.7496076e-01;1.2750000e+02;1.9828892e-01;1.2750000e+02;2.1637598e-01;1.2750000e+02;2.2477067e-01;1.2750000e+02;2.1038502e-01;1.2750000e+02;1.7746976e-01;1.2750000e+02;1.3308682e-01;1.2750000e+02;8.7275445e-02;1.2750000e+02;4.5206010e-02;1.2750000e+02;4.7393367e-03;1.2750000e+02;9.5373113e-03;1.2750000e+02;1.9056981e-02;1.2750000e+02;3.2951105e-02;1.2750000e+02;5.0294053e-02;1.2750000e+02;7.0645913e-02;1.2750000e+02;9.4838575e-02;1.2750000e+02;1.2083967e-01;1.2750000e+02;1.4976038e-01;1.2750000e+02;1.7496076e-01;1.2750000e+02;1.9828892e-01;1.2750000e+02;2.1637598e-01;1.2750000e+02;2.2477067e-01;1.2750000e+02;2.1038502e-01;1.2750000e+02;1.7746976e-01;1.2750000e+02;1.3308682e-01;1.2750000e+02;8.7275445e-02;1.2750000e+02;4.5206010e-02;1.2750000e+02;4.7393367e-03;1.2750000e+02;9.5373113e-03;1.2750000e+02;1.9056981e-02;1.2750000e+02;3.2951105e-02;1.2750000e+02;5.0294053e-02;1.2750000e+02;7.0645913e-02;1.2750000e+02;9.4838575e-02;1.2750000e+02;1.2083967e-01;1.2750000e+02;1.4976038e-01;1.2750000e+02;1.7496076e-01;1.2750000e+02;1.9828892e-01;1.2750000e+02;2.1637598e-01;1.2750000e+02;2.2477067e-01;1.2750000e+02;2.1038502e-01;1.2750000e+02;1.7746976e-01;1.2750000e+02;1.3308682e-01;1.2750000e+02;8.7275445e-02;1.2750000e+02;4.5206010e-02;1.2750000e+02;4.7393367e-03;1.2750000e+02;9.5373113e-03;1.2750000e+02;1.9056981e-02;1.2750000e+02;3.2951105e-02;1.2750000e+02;5.0294053e-02;1.2750000e+02;7.0645913e-02;1.2750000e+02;9.4838575e-02;1.2750000e+02;1.2083967e-01;1.2750000e+02;1.4976038e-01;1.2750000e+02;1.7496076e-01;1.2750000e+02;1.9828892e-01;1.2750000e+02;2.1637598e-01;1.2750000e+02;2.2477067e-01;1.2750000e+02;2.1038502e-01;1.2750000e+02;1.7746976e-01;1.2750000e+02;1.3308682e-01;1.2750000e+02;8.7275445e-02;1.2750000e+02;4.5206010e-02;1.2750000e+02;4.7393367e-03;1.2750000e+02;9.5373113e-03;1.2750000e+02;1.9056981e-02;1.2750000e+02;3.2951105e-02;1.2750000e+02;5.0294053e-02;1.2750000e+02;7.0645913e-02;1.2750000e+02;9.4838575e-02;1.2750000e+02;1.2083967e-01;1.2750000e+02;1.4976038e-01;1.2750000e+02;1.7496076e-01;1.2750000e+02;1.9828892e-01;1.2750000e+02;2.1637598e-01;1.2750000e+02;2.2477067e-01;1.2750000e+02;2.1038502e-01;1.2750000e+02;1.7746976e-01;1.2750000e+02;1.3308682e-01;1.2750000e+02;8.7275445e-02;1.2750000e+02;4.5206010e-02;1.2750000e+02;4.7393367e-03;1.2750000e+02;9.5373113e-03;1.2750000e+02;1.9056981e-02;1.2750000e+02;3.2951105e-02;1.2750000e+02;5.0294053e-02;1.2750000e+02;7.0645913e-02;1.2750000e+02;9.4838575e-02;1.2750000e+02;1.2083967e-01;1.2750000e+02;1.4976038e-01;1.2750000e+02;1.7496076e-01;1.2750000e+02;1.9828892e-01;1.2750000e+02;2.1637598e-01;1.2750000e+02;2.2477067e-01;1.2750000e+02;2.1038502e-01;1.2750000e+02;1.7746976e-01;1.2750000e+02;1.3308682e-01;1.2750000e+02;8.7275445e-02;1.2750000e+02;4.5206010e-02;1.2750000e+02;4.7393367e-03;1.2750000e+02;9.5373113e-03;1.2750000e+02;1.9056981e-02;1.2750000e+02;3.2951105e-02;1.2750000e+02;5.0294053e-02;1.2750000e+02;7.0645913e-02;1.2750000e+02;9.4838575e-02;1.2750000e+02;1.2083967e-01;1.2750000e+02;1.4976038e-01;1.2750000e+02;1.7496076e-01;1.2750000e+02;1.9828892e-01;1.2750000e+02;2.1637598e-01;1.2750000e+02;2.2477067e-01;1.2750000e+02;2.1038502e-01;1.2750000e+02;1.7746976e-01;1.2750000e+02;1.3308682e-01;1.2750000e+02;8.7275445e-02;1.2750000e+02;4.5206010e-02;1.2750000e+02;4.7393367e-03;1.2750000e+02;9.5373113e-03;1.2750000e+02;1.9056981e-02;1.2750000e+02;3.2951105e-02;1.2750000e+02;5.0294053e-02;1.2750000e+02;7.0645913e-02;1.2750000e+02;9.4838575e-02;1.2750000e+02;1.2083967e-01;1.2750000e+02;1.4976038e-01;1.2750000e+02;1.7496076e-01;1.2750000e+02;1.9828892e-01;1.2750000e+02;2.1637598e-01;1.2750000e+02;2.2477067e-01;1.2750000e+02;2.1038502e-01;1.2750000e+02;1.7746976e-01;1.2750000e+02;1.3308682e-01;1.2750000e+02;8.7275445e-02;1.2750000e+02;4.5206010e-02;1.2750000e+02;4.7393367e-03;1.2750000e+02;9.5373113e-03;1.2750000e+02;1.9056981e-02;1.2750000e+02;3.2951105e-02;1.2750000e+02;5.0294053e-02;1.2750000e+02;7.0645913e-02;1.2750000e+02;9.4838575e-02;1.2750000e+02;1.2083967e-01;1.2750000e+02;1.4976038e-01;1.2750000e+02;1.7496076e-01;1.2750000e+02;1.9828892e-01;1.2750000e+02;2.1637598e-01;1.2750000e+02;2.2477067e-01;1.2750000e+02;2.1038502e-01;1.2750000e+02;1.7746976e-01;1.2750000e+02;1.3308682e-01;1.2750000e+02;8.7275445e-02;1.2750000e+02;4.5206010e-02;1.2750000e+02;4.7393367e-03;1.2750000e+02;9.5373113e-03;1.2750000e+02;1.9056981e-02;1.2750000e+02;3.2951105e-02;1.2750000e+02;5.0294053e-02;1.2750000e+02;7.0645913e-02;1.2750000e+02;9.4838575e-02;1.2750000e+02;1.2083967e-01;1.2750000e+02;1.4976038e-01;1.2750000e+02;1.7496076e-01;1.2750000e+02;1.9828892e-01;1.2750000e+02;2.1637598e-01;1.2750000e+02;2.2477067e-01;1.2750000e+02;2.1038502e-01;1.2750000e+02;1.7746976e-01;1.2750000e+02;1.3308682e-01;1.2750000e+02;8.7275445e-02;1.2750000e+02;4.5206010e-02;1.2750000e+02;4.7393367e-03;1.2750000e+02;9.5373113e-03;1.2750000e+02;1.9056981e-02;1.2750000e+02;3.2951105e-02;1.2750000e+02;5.0294053e-02;1.2750000e+02;7.0645913e-02;1.2750000e+02;9.4838575e-02;1.2750000e+02;1.2083967e-01;1.2750000e+02;1.4976038e-01;1.2750000e+02;1.7496076e-01;1.2750000e+02;1.9828892e-01;1.2750000e+02;2.1637598e-01;1.2750000e+02;2.2477067e-01;1.2750000e+02;2.1038502e-01;1.2750000e+02;1.7746976e-01;1.2750000e+02;1.3308682e-01;1.2750000e+02;8.7275445e-02;1.2750000e+02;4.5206010e-02;1.2750000e+02;4.7393367e-03;1.2750000e+02;9.5373113e-03;1.2750000e+02;1.9056981e-02;1.2750000e+02;3.2951105e-02;1.2750000e+02;5.0294053e-02;1.2750000e+02;7.0645913e-02;1.2750000e+02;9.4838575e-02;1.2750000e+02;1.2083967e-01;1.2750000e+02;1.4976038e-01;1.2750000e+02;1.7496076e-01;1.2750000e+02;1.9828892e-01;1.2750000e+02;2.1637598e-01;1.2750000e+02;2.2477067e-01;1.2750000e+02;2.1038502e-01;1.2750000e+02;1.7746976e-01;1.2750000e+02;1.3308682e-01;1.2750000e+02;8.7275445e-02;1.2750000e+02;4.5206010e-02;1.2750000e+02;4.7393367e-03;1.2750000e+02;9.5373113e-03;1.2750000e+02;1.9056981e-02;1.2750000e+02;3.2951105e-02;1.2750000e+02;5.0294053e-02;1.2750000e+02;7.0645913e-02;1.2750000e+02;9.4838575e-02;1.2750000e+02;1.2083967e-01;1.2750000e+02;1.4976038e-01;1.2750000e+02;1.7496076e-01;1.2750000e+02;1.9828892e-01;1.2750000e+02;2.1637598e-01;1.2750000e+02;2.2477067e-01;1.2750000e+02;2.1038502e-01;1.2750000e+02;1.7746976e-01;1.2750000e+02;1.3308682e-01;1.2750000e+02;8.7275445e-02;1.2750000e+02;4.5206010e-02;1.2750000e+02;4.7393367e-03;1.2750000e+02;9.5373113e-03;1.2750000e+02;1.9056981e-02;1.2750000e+02;3.2951105e-02;1.2750000e+02;5.0294053e-02;1.2750000e+02;7.0645913e-02;1.2750000e+02;9.4838575e-02;1.2750000e+02;1.2083967e-01;1.2750000e+02;1.4976038e-01;1.2750000e+02;1.7496076e-01;1.2750000e+02;1.9828892e-01;1.2750000e+02;2.1637598e-01;1.2750000e+02;2.2477067e-01;1.2750000e+02;2.1038502e-01;1.2750000e+02;1.7746976e-01;1.2750000e+02;1.3308682e-01;1.2750000e+02;8.7275445e-02;1.2750000e+02;4.5206010e-02;1.2750000e+02;4.7393367e-03;1.2750000e+02;9.5373113e-03;1.2750000e+02;1.9056981e-02;1.2750000e+02;3.2951105e-02;1.2750000e+02;5.0294053e-02;1.2750000e+02;7.0645913e-02;1.2750000e+02;9.4838575e-02;1.2750000e+02;1.2083967e-01;1.2750000e+02;1.4976038e-01;1.2750000e+02;1.7496076e-01;1.2750000e+02;1.9828892e-01;1.2750000e+02;2.1637598e-01;1.2750000e+02;2.2477067e-01;1.2750000e+02;2.1038502e-01;1.2750000e+02;1.7746976e-01;1.2750000e+02;1.3308682e-01;1.2750000e+02;8.7275445e-02;1.2750000e+02;4.5206010e-02;1.2750000e+02;4.7393367e-03;1.2750000e+02;9.5373113e-03;1.2750000e+02;1.9056981e-02;1.2750000e+02;3.2951105e-02;1.2750000e+02;5.0294053e-02;1.2750000e+02;7.0645913e-02;1.2750000e+02;9.4838575e-02;1.2750000e+02;1.2083967e-01;1.2750000e+02;1.4976038e-01;1.2750000e+02;1.7496076e-01;1.2750000e+02;1.9828892e-01;1.2750000e+02;2.1637598e-01;1.2750000e+02;2.2477067e-01;1.2750000e+02;2.1038502e-01;1.2750000e+02;1.7746976e-01;1.2750000e+02;1.3308682e-01;1.2750000e+02;8.7275445e-02;1.2750000e+02;4.5206010e-02;1.2750000e+02;4.7393367e-03;1.2750000e+02;9.5373113e-03;1.2750000e+02;1.9056981e-02;1.2750000e+02;3.2951105e-02;1.2750000e+02;5.0294053e-02;1.2750000e+02;7.0645913e-02;1.2750000e+02;9.4838575e-02;1.2750000e+02;1.2083967e-01;1.2750000e+02;1.4976038e-01;1.2750000e+02;1.7496076e-01;1.2750000e+02;1.9828892e-01;1.2750000e+02;2.1637598e-01;1.2750000e+02;2.2477067e-01;1.2750000e+02;2.1038502e-01;1.2750000e+02;1.7746976e-01;1.2750000e+02;1.3308682e-01;1.2750000e+02;8.7275445e-02;1.2750000e+02;4.5206010e-02;1.2750000e+02;4.7393367e-03;1.2750000e+02;9.5373113e-03;1.2750000e+02;1.9056981e-02;1.2750000e+02;3.2951105e-02;1.2750000e+02;5.0294053e-02;1.2750000e+02;7.0645913e-02;1.2750000e+02;9.4838575e-02;1.2750000e+02;1.2083967e-01;1.2750000e+02;1.4976038e-01;1.2750000e+02;1.7496076e-01;1.2750000e+02;1.9828892e-01;1.2750000e+02;2.1637598e-01;1.2750000e+02;2.2477067e-01;1.2750000e+02;2.1038502e-01;1.2750000e+02;1.7746976e-01;1.2750000e+02;1.3308682e-01;1.2750000e+02;8.7275445e-02;1.2750000e+02;4.5206010e-02;1.2750000e+02;4.7393367e-03;1.2750000e+02;9.5373113e-03;1.2750000e+02;1.9056981e-02;1.2750000e+02;3.2951105e-02;1.2750000e+02;5.0294053e-02;1.2750000e+02;7.0645913e-02;1.2750000e+02;9.4838575e-02;1.2750000e+02;1.2083967e-01;1.2750000e+02;1.4976038e-01;1.2750000e+02;1.7496076e-01;1.2750000e+02;1.9828892e-01;1.2750000e+02;2.1637598e-01;1.2750000e+02;2.2477067e-01;1.2750000e+02;2.1038502e-01;1.2750000e+02;1.7746976e-01;1.2750000e+02;1.3308682e-01;1.2750000e+02;8.7275445e-02;1.2750000e+02;4.5206010e-02;1.2750000e+02;4.7393367e-03;1.2750000e+02;9.5373113e-03;1.2750000e+02;1.9056981e-02;1.2750000e+02;3.2951105e-02;1.2750000e+02;5.0294053e-02;1.2750000e+02;7.0645913e-02;1.2750000e+02;9.4838575e-02;1.2750000e+02;1.2083967e-01;1.2750000e+02;1.4976038e-01;1.2750000e+02;1.7496076e-01;1.2750000e+02;1.9828892e-01;1.2750000e+02;2.1637598e-01;1.2750000e+02;2.2477067e-01;1.2750000e+02;2.1038502e-01;1.2750000e+02;1.7746976e-01;1.2750000e+02;1.3308682e-01;1.2750000e+02;8.7275445e-02;1.2750000e+02;4.5206010e-02;1.2750000e+02;4.7393367e-03;1.2750000e+02;9.5373113e-03;1.2750000e+02;1.9056981e-02;1.2750000e+02;3.2951105e-02;1.2750000e+02;5.0294053e-02;1.2750000e+02;7.0645913e-02;1.2750000e+02;9.4838575e-02;1.2750000e+02;1.2083967e-01;1.2750000e+02;1.4976038e-01;1.2750000e+02;1.7496076e-01;1.2750000e+02;1.9828892e-01;1.2750000e+02;2.1637598e-01;1.2750000e+02;2.2477067e-01;1.2750000e+02;2.1038502e-01;1.2750000e+02;1.7746976e-01;1.2750000e+02;1.3308682e-01;1.2750000e+02;8.7275445e-02;1.2750000e+02;4.5206010e-02;1.2750000e+02;4.7393367e-03;1.2750000e+02;9.5373113e-03;1.2750000e+02;1.9056981e-02;1.2750000e+02;3.2951105e-02;1.2750000e+02;5.0294053e-02;1.2750000e+02;7.0645913e-02;1.2750000e+02;9.4838575e-02;1.2750000e+02;1.2083967e-01;1.2750000e+02;1.4976038e-01;1.2750000e+02;1.7496076e-01;1.2750000e+02;1.9828892e-01;1.2750000e+02;2.1637598e-01;1.2750000e+02;2.2477067e-01;1.2750000e+02;2.1038502e-01;1.2750000e+02;1.7746976e-01;1.2750000e+02;1.3308682e-01;1.2750000e+02;8.7275445e-02;1.2750000e+02;4.5206010e-02;1.2750000e+02;4.7393367e-03;1.2750000e+02;9.5373113e-03;1.2750000e+02;1.9056981e-02;1.2750000e+02;3.2951105e-02;1.2750000e+02;5.0294053e-02;1.2750000e+02;7.0645913e-02;1.2750000e+02;9.4838575e-02;1.2750000e+02;1.2083967e-01;1.2750000e+02;1.4976038e-01;1.2750000e+02;1.7496076e-01;1.2750000e+02;1.9828892e-01;1.2750000e+02;2.1637598e-01;1.2750000e+02;2.2477067e-01;1.2750000e+02;2.1038502e-01;1.2750000e+02;1.7746976e-01;1.2750000e+02;1.3308682e-01;1.2750000e+02;8.7275445e-02;1.2750000e+02;4.5206010e-02;1.2750000e+02;4.7393367e-03;1.2750000e+02;9.5373113e-03;1.2750000e+02;1.9056981e-02;1.2750000e+02;3.2951105e-02;1.2750000e+02;5.0294053e-02;1.2750000e+02;7.0645913e-02;1.2750000e+02;9.4838575e-02;1.2750000e+02;1.2083967e-01;1.2750000e+02;1.4976038e-01;1.2750000e+02;1.7496076e-01;1.2750000e+02;1.9828892e-01;1.2750000e+02;2.1637598e-01;1.2750000e+02;2.2477067e-01;1.2750000e+02;2.1038502e-01;1.2750000e+02;1.7746976e-01;1.2750000e+02;1.3308682e-01;1.2750000e+02;8.7275445e-02;1.2750000e+02;4.5206010e-02;1.2750000e+02;4.7393367e-03;1.2750000e+02;9.5373113e-03;1.2750000e+02;1.9056981e-02;1.2750000e+02;3.2951105e-02;1.2750000e+02;5.0294053e-02;1.2750000e+02;7.0645913e-02;1.2750000e+02;9.4838575e-02;1.2750000e+02;1.2083967e-01;1.2750000e+02;1.4976038e-01;1.2750000e+02;1.7496076e-01;1.2750000e+02;1.9828892e-01;1.2750000e+02;2.1637598e-01;1.2750000e+02;2.2477067e-01;1.2750000e+02;2.1038502e-01;1.2750000e+02;1.7746976e-01;1.2750000e+02;1.3308682e-01;1.2750000e+02;8.7275445e-02;1.2750000e+02;4.5206010e-02;1.2750000e+02;4.7393367e-03;1.2750000e+02;9.5373113e-03;1.2750000e+02;1.9056981e-02;1.2750000e+02;3.2951105e-02;1.2750000e+02;5.0294053e-02;1.2750000e+02;7.0645913e-02;1.2750000e+02;9.4838575e-02;1.2750000e+02;1.2083967e-01;1.2750000e+02;1.4976038e-01;1.2750000e+02;1.7496076e-01;1.2750000e+02;1.9828892e-01;1.2750000e+02;2.1637598e-01;1.2750000e+02;2.2477067e-01;1.2750000e+02;2.1038502e-01;1.2750000e+02;1.7746976e-01;1.2750000e+02;1.3308682e-01;1.2750000e+02;8.7275445e-02;1.2750000e+02;4.5206010e-02;1.2750000e+02;4.7393367e-03;1.2750000e+02;9.5373113e-03;1.2750000e+02;1.9056981e-02;1.2750000e+02;3.2951105e-02;1.2750000e+02;5.0294053e-02;1.2750000e+02;7.0645913e-02;1.2750000e+02;9.4838575e-02;1.2750000e+02;1.2083967e-01;1.2750000e+02;1.4976038e-01;1.2750000e+02;1.7496076e-01;1.2750000e+02;1.9828892e-01;1.2750000e+02;2.1637598e-01;1.2750000e+02;2.2477067e-01;1.2750000e+02;2.1038502e-01;1.2750000e+02;1.7746976e-01;1.2750000e+02;1.3308682e-01;1.2750000e+02;8.7275445e-02;1.2750000e+02;4.5206010e-02;1.2750000e+02;4.7393367e-03;1.2750000e+02;9.5373113e-03;1.2750000e+02;1.9056981e-02;1.2750000e+02;3.2951105e-02;1.2750000e+02;5.0294053e-02;1.2750000e+02;7.0645913e-02;1.2750000e+02;9.4838575e-02;1.2750000e+02;1.2083967e-01;1.2750000e+02;1.4976038e-01;1.2750000e+02;1.7496076e-01;1.2750000e+02;1.9828892e-01;1.2750000e+02;2.1637598e-01;1.2750000e+02;2.2477067e-01;1.2750000e+02;2.1038502e-01;1.2750000e+02;1.7746976e-01;1.2750000e+02;1.3308682e-01;1.2750000e+02;8.7275445e-02;1.2750000e+02;4.5206010e-02;1.2750000e+02;4.7393367e-03;1.2750000e+02;9.5373113e-03;1.2750000e+02;1.9056981e-02;1.2750000e+02;3.2951105e-02;1.2750000e+02;5.0294053e-02;1.2750000e+02;7.0645913e-02;1.2750000e+02;9.4838575e-02;1.2750000e+02;1.2083967e-01;1.2750000e+02;1.4976038e-01;1.2750000e+02;1.7496076e-01;1.2750000e+02;1.9828892e-01;1.2750000e+02;2.1637598e-01;1.2750000e+02;2.2477067e-01;1.2750000e+02;2.1038502e-01;1.2750000e+02;1.7746976e-01;1.2750000e+02;1.3308682e-01;1.2750000e+02;8.7275445e-02;1.2750000e+02;4.5206010e-02;1.2750000e+02;4.7393367e-03;1.2750000e+02;9.5373113e-03;1.2750000e+02;1.9056981e-02;1.2750000e+02;3.2951105e-02;1.2750000e+02;5.0294053e-02;1.2750000e+02;7.0645913e-02;1.2750000e+02;9.4838575e-02;1.2750000e+02;1.2083967e-01;1.2750000e+02;1.4976038e-01;1.2750000e+02;1.7496076e-01;1.2750000e+02;1.9828892e-01;1.2750000e+02;2.1637598e-01;1.2750000e+02;2.2477067e-01;1.2750000e+02;2.1038502e-01;1.2750000e+02;1.7746976e-01;1.2750000e+02;1.3308682e-01;1.2750000e+02;8.7275445e-02;1.2750000e+02;4.5206010e-02;1.2750000e+02;4.7393367e-03;1.2750000e+02;9.5373113e-03;1.2750000e+02;1.9056981e-02;1.2750000e+02;3.2951105e-02;1.2750000e+02;5.0294053e-02;1.2750000e+02;7.0645913e-02;1.2750000e+02;9.4838575e-02;1.2750000e+02;1.2083967e-01;1.2750000e+02;1.4976038e-01;1.2750000e+02;1.7496076e-01;1.2750000e+02;1.9828892e-01;1.2750000e+02;2.1637598e-01;1.2750000e+02;2.2477067e-01;1.2750000e+02;2.1038502e-01;1.2750000e+02;1.7746976e-01;1.2750000e+02;1.3308682e-01;1.2750000e+02;8.7275445e-02;1.2750000e+02;4.5206010e-02;1.2750000e+02;4.7393367e-03;1.2750000e+02;9.5373113e-03;1.2750000e+02;1.9056981e-02;1.2750000e+02;3.2951105e-02;1.2750000e+02;5.0294053e-02;1.2750000e+02;7.0645913e-02;1.2750000e+02;9.4838575e-02;1.2750000e+02;1.2083967e-01;1.2750000e+02;1.4976038e-01;1.2750000e+02;1.7496076e-01;1.2750000e+02;1.9828892e-01;1.2750000e+02;2.1637598e-01;1.2750000e+02;2.2477067e-01;1.2750000e+02;2.1038502e-01;1.2750000e+02;1.7746976e-01;1.2750000e+02;1.3308682e-01;1.2750000e+02;8.7275445e-02;1.2750000e+02;4.5206010e-02;1.2750000e+02;4.7393367e-03;1.2750000e+02;9.5373113e-03;1.2750000e+02;1.9056981e-02;1.2750000e+02;3.2951105e-02;1.2750000e+02;5.0294053e-02;1.2750000e+02;7.0645913e-02;1.2750000e+02;9.4838575e-02;1.2750000e+02;1.2083967e-01;1.2750000e+02;1.4976038e-01;1.2750000e+02;1.7496076e-01;1.2750000e+02;1.9828892e-01;1.2750000e+02;2.1637598e-01;1.2750000e+02;2.2477067e-01;1.2750000e+02;2.1038502e-01;1.2750000e+02;1.7746976e-01;1.2750000e+02;1.3308682e-01;1.2750000e+02;8.7275445e-02;1.2750000e+02;4.5206010e-02;1.2750000e+02;4.7393367e-03;1.2750000e+02;9.5373113e-03;1.2750000e+02;1.9056981e-02;1.2750000e+02;3.2951105e-02;1.2750000e+02;5.0294053e-02;1.2750000e+02;7.0645913e-02;1.2750000e+02;9.4838575e-02;1.2750000e+02;1.2083967e-01;1.2750000e+02;1.4976038e-01;1.2750000e+02;1.7496076e-01;1.2750000e+02;1.9828892e-01;1.2750000e+02;2.1637598e-01;1.2750000e+02;2.2477067e-01;1.2750000e+02;2.1038502e-01;1.2750000e+02;1.7746976e-01;1.2750000e+02;1.3308682e-01;1.2750000e+02;8.7275445e-02;1.2750000e+02;4.5206010e-02;1.2750000e+02;4.7393367e-03;1.2750000e+02;9.5373113e-03;1.2750000e+02;1.9056981e-02;1.2750000e+02;3.2951105e-02;1.2750000e+02;5.0294053e-02;1.2750000e+02;7.0645913e-02;1.2750000e+02;9.4838575e-02;1.2750000e+02;1.2083967e-01;1.2750000e+02;1.4976038e-01;1.2750000e+02;1.7496076e-01;1.2750000e+02;1.9828892e-01;1.2750000e+02;2.1637598e-01;1.2750000e+02;2.2477067e-01;1.2750000e+02;2.1038502e-01;1.2750000e+02;1.7746976e-01;1.2750000e+02;1.3308682e-01;1.2750000e+02;8.7275445e-02;1.2750000e+02;4.5206010e-02;1.2750000e+02;4.7393367e-03;1.2750000e+02;9.5373113e-03;1.2750000e+02;1.9056981e-02;1.2750000e+02;3.2951105e-02;1.2750000e+02;5.0294053e-02;1.2750000e+02;7.0645913e-02;1.2750000e+02;9.4838575e-02;1.2750000e+02;1.2083967e-01;1.2750000e+02;1.4976038e-01;1.2750000e+02;1.7496076e-01;1.2750000e+02;1.9828892e-01;1.2750000e+02;2.1637598e-01;1.2750000e+02;2.2477067e-01;1.2750000e+02;2.1038502e-01;1.2750000e+02;1.7746976e-01;1.2750000e+02;1.3308682e-01;1.2750000e+02;8.7275445e-02;1.2750000e+02;4.5206010e-02;1.2750000e+02;4.7393367e-03;1.2750000e+02;9.5373113e-03;1.2750000e+02;1.9056981e-02;1.2750000e+02;3.2951105e-02;1.2750000e+02;5.0294053e-02;1.2750000e+02;7.0645913e-02;1.2750000e+02;9.4838575e-02;1.2750000e+02;1.2083967e-01;1.2750000e+02;1.4976038e-01;1.2750000e+02;1.7496076e-01;1.2750000e+02;1.9828892e-01;1.2750000e+02;2.1637598e-01;1.2750000e+02;2.2477067e-01;1.2750000e+02;2.1038502e-01;1.2750000e+02;1.7746976e-01;1.2750000e+02;1.3308682e-01;1.2750000e+02;8.7275445e-02;1.2750000e+02;4.5206010e-02;1.2750000e+02;4.7393367e-03;1.2750000e+02;9.5373113e-03;1.2750000e+02;1.9056981e-02;1.2750000e+02;3.2951105e-02;1.2750000e+02;5.0294053e-02;1.2750000e+02;7.0645913e-02;1.2750000e+02;9.4838575e-02;1.2750000e+02;1.2083967e-01;1.2750000e+02;1.4976038e-01;1.2750000e+02;1.7496076e-01;1.2750000e+02;1.9828892e-01;1.2750000e+02;2.1637598e-01;1.2750000e+02;2.2477067e-01;1.2750000e+02;2.1038502e-01;1.2750000e+02;1.7746976e-01;1.2750000e+02;1.3308682e-01;1.2750000e+02;8.7275445e-02;1.2750000e+02;4.5206010e-02;1.2750000e+02;4.7393367e-03;1.2750000e+02;9.5373113e-03;1.2750000e+02;1.9056981e-02;1.2750000e+02;3.2951105e-02;1.2750000e+02;5.0294053e-02;1.2750000e+02;7.0645913e-02;1.2750000e+02;9.4838575e-02;1.2750000e+02;1.2083967e-01;1.2750000e+02;1.4976038e-01;1.2750000e+02;1.7496076e-01;1.2750000e+02;1.9828892e-01;1.2750000e+02;2.1637598e-01;1.2750000e+02;2.2477067e-01;1.2750000e+02;2.1038502e-01;1.2750000e+02;1.7746976e-01;1.2750000e+02;1.3308682e-01;1.2750000e+02;8.7275445e-02;1.2750000e+02;4.5206010e-02;1.2750000e+02;4.7393367e-03;1.2750000e+02;9.5373113e-03;1.2750000e+02;1.9056981e-02;1.2750000e+02;3.2951105e-02;1.2750000e+02;5.0294053e-02;1.2750000e+02;7.0645913e-02;1.2750000e+02;9.4838575e-02;1.2750000e+02;1.2083967e-01;1.2750000e+02;1.4976038e-01;1.2750000e+02;1.7496076e-01;1.2750000e+02;1.9828892e-01;1.2750000e+02;2.1637598e-01;1.2750000e+02;2.2477067e-01;1.2750000e+02;2.1038502e-01;1.2750000e+02;1.7746976e-01;1.2750000e+02;1.3308682e-01;1.2750000e+02;8.7275445e-02;1.2750000e+02;4.5206010e-02;1.2750000e+02;4.7393367e-03;1.2750000e+02;9.5373113e-03;1.2750000e+02;1.9056981e-02;1.2750000e+02;3.2951105e-02;1.2750000e+02;5.0294053e-02;1.2750000e+02;7.0645913e-02;1.2750000e+02;9.4838575e-02;1.2750000e+02;1.2083967e-01;1.2750000e+02;1.4976038e-01;1.2750000e+02;1.7496076e-01;1.2750000e+02;1.9828892e-01;1.2750000e+02;2.1637598e-01;1.2750000e+02;2.2477067e-01;1.2750000e+02;2.1038502e-01;1.2750000e+02;1.7746976e-01;1.2750000e+02;1.3308682e-01;1.2750000e+02;8.7275445e-02;1.2750000e+02;4.5206010e-02;1.2750000e+02;4.7393367e-03;1.2750000e+02;9.5373113e-03;1.2750000e+02;1.9056981e-02;1.2750000e+02;3.2951105e-02;1.2750000e+02;5.0294053e-02;1.2750000e+02;7.0645913e-02;1.2750000e+02;9.4838575e-02;1.2750000e+02;1.2083967e-01;1.2750000e+02;1.4976038e-01;1.2750000e+02;1.7496076e-01;1.2750000e+02;1.9828892e-01;1.2750000e+02;2.1637598e-01;1.2750000e+02;2.2477067e-01;1.2750000e+02;2.1038502e-01;1.2750000e+02;1.7746976e-01;1.2750000e+02;1.3308682e-01;1.2750000e+02;8.7275445e-02;1.2750000e+02;4.5206010e-02;1.2750000e+02;4.7393367e-03;1.2750000e+02;9.5373113e-03;1.2750000e+02;1.9056981e-02;1.2750000e+02;3.2951105e-02;1.2750000e+02;5.0294053e-02;1.2750000e+02;7.0645913e-02;1.2750000e+02;9.4838575e-02;1.2750000e+02;1.2083967e-01;1.2750000e+02;1.4976038e-01;1.2750000e+02;1.7496076e-01;1.2750000e+02;1.9828892e-01;1.2750000e+02;2.1637598e-01;1.2750000e+02;2.2477067e-01;1.2750000e+02;2.1038502e-01;1.2750000e+02;1.7746976e-01;1.2750000e+02;1.3308682e-01;1.2750000e+02;8.7275445e-02;1.2750000e+02;4.5206010e-02;1.2750000e+02;4.7393367e-03;1.2750000e+02;9.5373113e-03;1.2750000e+02;1.9056981e-02;1.2750000e+02;3.2951105e-02;1.2750000e+02;5.0294053e-02;1.2750000e+02;7.0645913e-02;1.2750000e+02;9.4838575e-02;1.2750000e+02;1.2083967e-01;1.2750000e+02;1.4976038e-01;1.2750000e+02;1.7496076e-01;1.2750000e+02;1.9828892e-01;1.2750000e+02;2.1637598e-01;1.2750000e+02;2.2477067e-01;1.2750000e+02;2.1038502e-01;1.2750000e+02;1.7746976e-01;1.2750000e+02;1.3308682e-01;1.2750000e+02;8.7275445e-02;1.2750000e+02;4.5206010e-02;1.2750000e+02;4.7393367e-03;1.2750000e+02;9.5373113e-03;1.2750000e+02;1.9056981e-02;1.2750000e+02;3.2951105e-02;1.2750000e+02;5.0294053e-02;1.2750000e+02;7.0645913e-02;1.2750000e+02;9.4838575e-02;1.2750000e+02;1.2083967e-01;1.2750000e+02;1.4976038e-01;1.2750000e+02;1.7496076e-01;1.2750000e+02;1.9828892e-01;1.2750000e+02;2.1637598e-01;1.2750000e+02;2.2477067e-01;1.2750000e+02;2.1038502e-01;1.2750000e+02;1.7746976e-01;1.2750000e+02;1.3308682e-01;1.2750000e+02;8.7275445e-02;1.2750000e+02;4.5206010e-02;1.2750000e+02;4.7393367e-03;1.2750000e+02;9.5373113e-03;1.2750000e+02;1.9056981e-02;1.2750000e+02;3.2951105e-02;1.2750000e+02;5.0294053e-02;1.2750000e+02;7.0645913e-02;1.2750000e+02;9.4838575e-02;1.2750000e+02;1.2083967e-01;1.2750000e+02;1.4976038e-01;1.2750000e+02;1.7496076e-01;1.2750000e+02;1.9828892e-01;1.2750000e+02;2.1637598e-01;1.2750000e+02;2.2477067e-01;1.2750000e+02;2.1038502e-01;1.2750000e+02;1.7746976e-01;1.2750000e+02;1.3308682e-01;1.2750000e+02;8.7275445e-02;1.2750000e+02;4.5206010e-02;1.2750000e+02;4.7393367e-03;1.2750000e+02;9.5373113e-03;1.2750000e+02;1.9056981e-02;1.2750000e+02;3.2951105e-02;1.2750000e+02;5.0294053e-02;1.2750000e+02;7.0645913e-02;1.2750000e+02;9.4838575e-02;1.2750000e+02;1.2083967e-01;1.2750000e+02;1.4976038e-01;1.2750000e+02;1.7496076e-01;1.2750000e+02;1.9828892e-01;1.2750000e+02;2.1637598e-01;1.2750000e+02;2.2477067e-01;1.2750000e+02;2.1038502e-01;1.2750000e+02;1.7746976e-01;1.2750000e+02;1.3308682e-01;1.2750000e+02;8.7275445e-02;1.2750000e+02;4.5206010e-02;1.2750000e+02;4.7393367e-03;1.2750000e+02;9.5373113e-03;1.2750000e+02;1.9056981e-02;1.2750000e+02;3.2951105e-02;1.2750000e+02;5.0294053e-02;1.2750000e+02;7.0645913e-02;1.2750000e+02;9.4838575e-02;1.2750000e+02;1.2083967e-01;1.2750000e+02;1.4976038e-01;1.2750000e+02;1.7496076e-01;1.2750000e+02;1.9828892e-01;1.2750000e+02;2.1637598e-01;1.2750000e+02;2.2477067e-01;1.2750000e+02;2.1038502e-01;1.2750000e+02;1.7746976e-01;1.2750000e+02;1.3308682e-01;1.2750000e+02;8.7275445e-02;1.2750000e+02;4.5206010e-02;1.2750000e+02;4.7393367e-03;1.2750000e+02;9.5373113e-03;1.2750000e+02;1.9056981e-02;1.2750000e+02;3.2951105e-02;1.2750000e+02;5.0294053e-02;1.2750000e+02;7.0645913e-02;1.2750000e+02;9.4838575e-02;1.2750000e+02;1.2083967e-01;1.2750000e+02;1.4976038e-01;1.2750000e+02;1.7496076e-01;1.2750000e+02;1.9828892e-01;1.2750000e+02;2.1637598e-01;1.2750000e+02;2.2477067e-01;1.2750000e+02;2.1038502e-01;1.2750000e+02;1.7746976e-01;1.2750000e+02;1.3308682e-01;1.2750000e+02;8.7275445e-02;1.2750000e+02;4.5206010e-02;1.2750000e+02;4.7393367e-03;1.2750000e+02;9.5373113e-03;1.2750000e+02;1.9056981e-02;1.2750000e+02;3.2951105e-02;1.2750000e+02;5.0294053e-02;1.2750000e+02;7.0645913e-02;1.2750000e+02;9.4838575e-02;1.2750000e+02;1.2083967e-01;1.2750000e+02;1.4976038e-01;1.2750000e+02;1.7496076e-01;1.2750000e+02;1.9828892e-01;1.2750000e+02;2.1637598e-01;1.2750000e+02;2.2477067e-01;1.2750000e+02;2.1038502e-01;1.2750000e+02;1.7746976e-01;1.2750000e+02;1.3308682e-01;1.2750000e+02;8.7275445e-02;1.2750000e+02;4.5206010e-02;1.2750000e+02;4.7393367e-03;1.2750000e+02;9.5373113e-03;1.2750000e+02;1.9056981e-02;1.2750000e+02;3.2951105e-02;1.2750000e+02;5.0294053e-02;1.2750000e+02;7.0645913e-02;1.2750000e+02;9.4838575e-02;1.2750000e+02;1.2083967e-01;1.2750000e+02;1.4976038e-01;1.2750000e+02;1.7496076e-01;1.2750000e+02;1.9828892e-01;1.2750000e+02;2.1637598e-01;1.2750000e+02;2.2477067e-01;1.2750000e+02;2.1038502e-01;1.2750000e+02;1.7746976e-01;1.2750000e+02;1.3308682e-01;1.2750000e+02;8.7275445e-02;1.2750000e+02;4.5206010e-02;1.2750000e+02;4.7393367e-03;1.2750000e+02;9.5373113e-03;1.2750000e+02;1.9056981e-02;1.2750000e+02;3.2951105e-02;1.2750000e+02;5.0294053e-02;1.2750000e+02;7.0645913e-02;1.2750000e+02;9.4838575e-02;1.2750000e+02;1.2083967e-01;1.2750000e+02;1.4976038e-01;1.2750000e+02;1.7496076e-01;1.2750000e+02;1.9828892e-01;1.2750000e+02;2.1637598e-01;1.2750000e+02;2.2477067e-01;1.2750000e+02;2.1038502e-01;1.2750000e+02;1.7746976e-01;1.2750000e+02;1.3308682e-01;1.2750000e+02;8.7275445e-02;1.2750000e+02;4.5206010e-02;1.2750000e+02;4.7393367e-03;1.2750000e+02;9.5373113e-03;1.2750000e+02;1.9056981e-02;1.2750000e+02;3.2951105e-02;1.2750000e+02;5.0294053e-02;1.2750000e+02;7.0645913e-02;1.2750000e+02;9.4838575e-02;1.2750000e+02;1.2083967e-01;1.2750000e+02;1.4976038e-01;1.2750000e+02;1.7496076e-01;1.2750000e+02;1.9828892e-01;1.2750000e+02;2.1637598e-01;1.2750000e+02;2.2477067e-01;1.2750000e+02;2.1038502e-01;1.2750000e+02;1.7746976e-01;1.2750000e+02;1.3308682e-01;1.2750000e+02;8.7275445e-02;1.2750000e+02;4.5206010e-02;1.2750000e+02;4.7393367e-03;1.2750000e+02;9.5373113e-03;1.2750000e+02;1.9056981e-02;1.2750000e+02;3.2951105e-02;1.2750000e+02;5.0294053e-02;1.2750000e+02;7.0645913e-02;1.2750000e+02;9.4838575e-02;1.2750000e+02;1.2083967e-01;1.2750000e+02;1.4976038e-01;1.2750000e+02;1.7496076e-01;1.2750000e+02;1.9828892e-01;1.2750000e+02;2.1637598e-01;1.2750000e+02;2.2477067e-01;1.2750000e+02;2.1038502e-01;1.2750000e+02;1.7746976e-01;1.2750000e+02;1.3308682e-01;1.2750000e+02;8.7275445e-02;1.2750000e+02;4.5206010e-02;1.2750000e+02;4.7393367e-03;1.2750000e+02;9.5373113e-03;1.2750000e+02;1.9056981e-02;1.2750000e+02;3.2951105e-02;1.2750000e+02;5.0294053e-02;1.2750000e+02;7.0645913e-02;1.2750000e+02;9.4838575e-02;1.2750000e+02;1.2083967e-01;1.2750000e+02;1.4976038e-01;1.2750000e+02;1.7496076e-01;1.2750000e+02;1.9828892e-01;1.2750000e+02;2.1637598e-01;1.2750000e+02;2.2477067e-01;1.2750000e+02;2.1038502e-01;1.2750000e+02;1.7746976e-01;1.2750000e+02;1.3308682e-01;1.2750000e+02;8.7275445e-02;1.2750000e+02;4.5206010e-02;1.2750000e+02;4.7393367e-03;1.2750000e+02;9.5373113e-03;1.2750000e+02;1.9056981e-02;1.2750000e+02;3.2951105e-02;1.2750000e+02;5.0294053e-02;1.2750000e+02;7.0645913e-02;1.2750000e+02;9.4838575e-02;1.2750000e+02;1.2083967e-01;1.2750000e+02;1.4976038e-01;1.2750000e+02;1.7496076e-01;1.2750000e+02;1.9828892e-01;1.2750000e+02;2.1637598e-01;1.2750000e+02;2.2477067e-01;1.2750000e+02;2.1038502e-01;1.2750000e+02;1.7746976e-01;1.2750000e+02;1.3308682e-01;1.2750000e+02;8.7275445e-02;1.2750000e+02;4.5206010e-02;1.2750000e+02;4.7393367e-03;1.2750000e+02;9.5373113e-03;1.2750000e+02;1.9056981e-02;1.2750000e+02;3.2951105e-02;1.2750000e+02;5.0294053e-02;1.2750000e+02;7.0645913e-02;1.2750000e+02;9.4838575e-02;1.2750000e+02;1.2083967e-01;1.2750000e+02;1.4976038e-01;1.2750000e+02;1.7496076e-01;1.2750000e+02;1.9828892e-01;1.2750000e+02;2.1637598e-01;1.2750000e+02;2.2477067e-01;1.2750000e+02;2.1038502e-01;1.2750000e+02;1.7746976e-01;1.2750000e+02;1.3308682e-01;1.2750000e+02;8.7275445e-02;1.2750000e+02;4.5206010e-02;1.2750000e+02;4.7393367e-03;1.2750000e+02;9.5373113e-03;1.2750000e+02;1.9056981e-02;1.2750000e+02;3.2951105e-02;1.2750000e+02;5.0294053e-02;1.2750000e+02;7.0645913e-02;1.2750000e+02;9.4838575e-02;1.2750000e+02;1.2083967e-01;1.2750000e+02;1.4976038e-01;1.2750000e+02;1.7496076e-01;1.2750000e+02;1.9828892e-01;1.2750000e+02;2.1637598e-01;1.2750000e+02;2.2477067e-01;1.2750000e+02;2.1038502e-01;1.2750000e+02;1.7746976e-01;1.2750000e+02;1.3308682e-01;1.2750000e+02;8.7275445e-02;1.2750000e+02;4.5206010e-02;1.2750000e+02;4.7393367e-03;1.2750000e+02;9.5373113e-03;1.2750000e+02;1.9056981e-02;1.2750000e+02;3.2951105e-02;1.2750000e+02;5.0294053e-02;1.2750000e+02;7.0645913e-02;1.2750000e+02;9.4838575e-02;1.2750000e+02;1.2083967e-01;1.2750000e+02;1.4976038e-01;1.2750000e+02;1.7496076e-01;1.2750000e+02;1.9828892e-01;1.2750000e+02;2.1637598e-01;1.2750000e+02;2.2477067e-01;1.2750000e+02;2.1038502e-01;1.2750000e+02;1.7746976e-01;1.2750000e+02;1.3308682e-01;1.2750000e+02;8.7275445e-02;1.2750000e+02;4.5206010e-02;1.2750000e+02;4.7393367e-03;1.2750000e+02;9.5373113e-03;1.2750000e+02;1.9056981e-02;1.2750000e+02;3.2951105e-02;1.2750000e+02;5.0294053e-02;1.2750000e+02;7.0645913e-02;1.2750000e+02;9.4838575e-02;1.2750000e+02;1.2083967e-01;1.2750000e+02;1.4976038e-01;1.2750000e+02;1.7496076e-01;1.2750000e+02;1.9828892e-01;1.2750000e+02;2.1637598e-01;1.2750000e+02;2.2477067e-01;1.2750000e+02;2.1038502e-01;1.2750000e+02;1.7746976e-01;1.2750000e+02;1.3308682e-01;1.2750000e+02;8.7275445e-02;1.2750000e+02;4.5206010e-02;1.2750000e+02;4.7393367e-03;1.2750000e+02;9.5373113e-03;1.2750000e+02;1.9056981e-02;1.2750000e+02;3.2951105e-02;1.2750000e+02;5.0294053e-02;1.2750000e+02;7.0645913e-02;1.2750000e+02;9.4838575e-02;1.2750000e+02;1.2083967e-01;1.2750000e+02;1.4976038e-01;1.2750000e+02;1.7496076e-01;1.2750000e+02;1.9828892e-01;1.2750000e+02;2.1637598e-01;1.2750000e+02;2.2477067e-01;1.2750000e+02;2.1038502e-01;1.2750000e+02;1.7746976e-01;1.2750000e+02;1.3308682e-01;1.2750000e+02;8.7275445e-02;1.2750000e+02;4.5206010e-02;1.2750000e+02;4.7393367e-03;1.2750000e+02;9.5373113e-03;1.2750000e+02;1.9056981e-02;1.2750000e+02;3.2951105e-02;1.2750000e+02;5.0294053e-02;1.2750000e+02;7.0645913e-02;1.2750000e+02;9.4838575e-02;1.2750000e+02;1.2083967e-01;1.2750000e+02;1.4976038e-01;1.2750000e+02;1.7496076e-01;1.2750000e+02;1.9828892e-01;1.2750000e+02;2.1637598e-01;1.2750000e+02;2.2477067e-01;1.2750000e+02;2.1038502e-01;1.2750000e+02;1.7746976e-01;1.2750000e+02;1.3308682e-01;1.2750000e+02;8.7275445e-02;1.2750000e+02;4.5206010e-02;1.2750000e+02;4.7393367e-03;1.2750000e+02;9.5373113e-03;1.2750000e+02;1.9056981e-02;1.2750000e+02;3.2951105e-02;1.2750000e+02;5.0294053e-02;1.2750000e+02;7.0645913e-02;1.2750000e+02;9.4838575e-02;1.2750000e+02;1.2083967e-01;1.2750000e+02;1.4976038e-01;1.2750000e+02;1.7496076e-01;1.2750000e+02;1.9828892e-01;1.2750000e+02;2.1637598e-01;1.2750000e+02;2.2477067e-01;1.2750000e+02;2.1038502e-01;1.2750000e+02;1.7746976e-01;1.2750000e+02;1.3308682e-01;1.2750000e+02;8.7275445e-02;1.2750000e+02;4.5206010e-02;1.2750000e+02;4.7393367e-03;1.2750000e+02;9.5373113e-03;1.2750000e+02;1.9056981e-02;1.2750000e+02;3.2951105e-02;1.2750000e+02;5.0294053e-02;1.2750000e+02;7.0645913e-02;1.2750000e+02;9.4838575e-02;1.2750000e+02;1.2083967e-01;1.2750000e+02;1.4976038e-01;1.2750000e+02;1.7496076e-01;1.2750000e+02;1.9828892e-01;1.2750000e+02;2.1637598e-01;1.2750000e+02;2.2477067e-01;1.2750000e+02;2.1038502e-01;1.2750000e+02;1.7746976e-01;1.2750000e+02;1.3308682e-01;1.2750000e+02;8.7275445e-02;1.2750000e+02;4.5206010e-02;1.2750000e+02;4.7393367e-03;1.2750000e+02;9.5373113e-03;1.2750000e+02;1.9056981e-02;1.2750000e+02;3.2951105e-02;1.2750000e+02;5.0294053e-02;1.2750000e+02;7.0645913e-02;1.2750000e+02;9.4838575e-02;1.2750000e+02;1.2083967e-01;1.2750000e+02;1.4976038e-01;1.2750000e+02;1.7496076e-01;1.2750000e+02;1.9828892e-01;1.2750000e+02;2.1637598e-01;1.2750000e+02;2.2477067e-01;1.2750000e+02;2.1038502e-01;1.2750000e+02;1.7746976e-01;1.2750000e+02;1.3308682e-01;1.2750000e+02;8.7275445e-02;1.2750000e+02;4.5206010e-02;1.2750000e+02;4.7393367e-03;1.2750000e+02;9.5373113e-03;1.2750000e+02;1.9056981e-02;1.2750000e+02;3.2951105e-02;1.2750000e+02;5.0294053e-02;1.2750000e+02;7.0645913e-02;1.2750000e+02;9.4838575e-02;1.2750000e+02;1.2083967e-01;1.2750000e+02;1.4976038e-01;1.2750000e+02;1.7496076e-01;1.2750000e+02;1.9828892e-01;1.2750000e+02;2.1637598e-01;1.2750000e+02;2.2477067e-01;1.2750000e+02;2.1038502e-01;1.2750000e+02;1.7746976e-01;1.2750000e+02;1.3308682e-01;1.2750000e+02;8.7275445e-02;1.2750000e+02;4.5206010e-02;1.2750000e+02;4.7393367e-03;1.2750000e+02;9.5373113e-03;1.2750000e+02;1.9056981e-02;1.2750000e+02;3.2951105e-02;1.2750000e+02;5.0294053e-02;1.2750000e+02;7.0645913e-02;1.2750000e+02;9.4838575e-02;1.2750000e+02;1.2083967e-01;1.2750000e+02;1.4976038e-01;1.2750000e+02;1.7496076e-01;1.2750000e+02;1.9828892e-01;1.2750000e+02;2.1637598e-01;1.2750000e+02;2.2477067e-01;1.2750000e+02;2.1038502e-01;1.2750000e+02;1.7746976e-01;1.2750000e+02;1.3308682e-01;1.2750000e+02;8.7275445e-02;1.2750000e+02;4.5206010e-02;1.2750000e+02;4.7393367e-03;1.2750000e+02;9.5373113e-03;1.2750000e+02;1.9056981e-02;1.2750000e+02;3.2951105e-02;1.2750000e+02;5.0294053e-02;1.2750000e+02;7.0645913e-02;1.2750000e+02;9.4838575e-02;1.2750000e+02;1.2083967e-01;1.2750000e+02;1.4976038e-01;1.2750000e+02;1.7496076e-01;1.2750000e+02;1.9828892e-01;1.2750000e+02;2.1637598e-01;1.2750000e+02;2.2477067e-01;1.2750000e+02;2.1038502e-01;1.2750000e+02;1.7746976e-01;1.2750000e+02;1.3308682e-01;1.2750000e+02;8.7275445e-02;1.2750000e+02;4.5206010e-02;1.2750000e+02;4.7393367e-03;1.2750000e+02;9.5373113e-03;1.2750000e+02;1.9056981e-02;1.2750000e+02;3.2951105e-02;1.2750000e+02;5.0294053e-02;1.2750000e+02;7.0645913e-02;1.2750000e+02;9.4838575e-02;1.2750000e+02;1.2083967e-01;1.2750000e+02;1.4976038e-01;1.2750000e+02;1.7496076e-01;1.2750000e+02;1.9828892e-01;1.2750000e+02;2.1637598e-01;1.2750000e+02;2.2477067e-01;1.2750000e+02;2.1038502e-01;1.2750000e+02;1.7746976e-01;1.2750000e+02;1.3308682e-01;1.2750000e+02;8.7275445e-02;1.2750000e+02;4.5206010e-02;1.2750000e+02;4.7393367e-03;1.2750000e+02;9.5373113e-03;1.2750000e+02;1.9056981e-02;1.2750000e+02;3.2951105e-02;1.2750000e+02;5.0294053e-02;1.2750000e+02;7.0645913e-02;1.2750000e+02;9.4838575e-02;1.2750000e+02;1.2083967e-01;1.2750000e+02;1.4976038e-01;1.2750000e+02;1.7496076e-01;1.2750000e+02;1.9828892e-01;1.2750000e+02;2.1637598e-01;1.2750000e+02;2.2477067e-01;1.2750000e+02;2.1038502e-01;1.2750000e+02;1.7746976e-01;1.2750000e+02;1.3308682e-01;1.2750000e+02;8.7275445e-02;1.2750000e+02;4.5206010e-02;1.2750000e+02;4.7393367e-03;1.2750000e+02;9.5373113e-03;1.2750000e+02;1.9056981e-02;1.2750000e+02;3.2951105e-02;1.2750000e+02;5.0294053e-02;1.2750000e+02;7.0645913e-02;1.2750000e+02;9.4838575e-02;1.2750000e+02;1.2083967e-01;1.2750000e+02;1.4976038e-01;1.2750000e+02;1.7496076e-01;1.2750000e+02;1.9828892e-01;1.2750000e+02;2.1637598e-01;1.2750000e+02;2.2477067e-01;1.2750000e+02;2.1038502e-01;1.2750000e+02;1.7746976e-01;1.2750000e+02;1.3308682e-01;1.2750000e+02;8.7275445e-02;1.2750000e+02;4.5206010e-02;1.2750000e+02;4.7393367e-03;1.2750000e+02;9.5373113e-03;1.2750000e+02;1.9056981e-02;1.2750000e+02;3.2951105e-02;1.2750000e+02;5.0294053e-02;1.2750000e+02;7.0645913e-02;1.2750000e+02;9.4838575e-02;1.2750000e+02;1.2083967e-01;1.2750000e+02;1.4976038e-01;1.2750000e+02;1.7496076e-01;1.2750000e+02;1.9828892e-01;1.2750000e+02;2.1637598e-01;1.2750000e+02;2.2477067e-01;1.2750000e+02;2.1038502e-01;1.2750000e+02;1.7746976e-01;1.2750000e+02;1.3308682e-01;1.2750000e+02;8.7275445e-02;1.2750000e+02;4.5206010e-02;1.2750000e+02;4.7393367e-03;1.2750000e+02;9.5373113e-03;1.2750000e+02;1.9056981e-02;1.2750000e+02;3.2951105e-02;1.2750000e+02;5.0294053e-02;1.2750000e+02;7.0645913e-02;1.2750000e+02;9.4838575e-02;1.2750000e+02;1.2083967e-01;1.2750000e+02;1.4976038e-01;1.2750000e+02;1.7496076e-01;1.2750000e+02;1.9828892e-01;1.2750000e+02;2.1637598e-01;1.2750000e+02;2.2477067e-01;1.2750000e+02;2.1038502e-01;1.2750000e+02;1.7746976e-01;1.2750000e+02;1.3308682e-01;1.2750000e+02;8.7275445e-02;1.2750000e+02;4.5206010e-02;1.2750000e+02;4.7393367e-03;1.2750000e+02;9.5373113e-03;1.2750000e+02;1.9056981e-02;1.2750000e+02;3.2951105e-02;1.2750000e+02;5.0294053e-02;1.2750000e+02;7.0645913e-02;1.2750000e+02;9.4838575e-02;1.2750000e+02;1.2083967e-01;1.2750000e+02;1.4976038e-01;1.2750000e+02;1.7496076e-01;1.2750000e+02;1.9828892e-01;1.2750000e+02;2.1637598e-01;1.2750000e+02;2.2477067e-01;1.2750000e+02;2.1038502e-01;1.2750000e+02;1.7746976e-01;1.2750000e+02;1.3308682e-01;1.2750000e+02;8.7275445e-02;1.2750000e+02;4.5206010e-02;1.2750000e+02;4.7393367e-03;1.2750000e+02;9.5373113e-03;1.2750000e+02;1.9056981e-02;1.2750000e+02;3.2951105e-02;1.2750000e+02;5.0294053e-02;1.2750000e+02;7.0645913e-02;1.2750000e+02;9.4838575e-02;1.2750000e+02;1.2083967e-01;1.2750000e+02;1.4976038e-01;1.2750000e+02;1.7496076e-01;1.2750000e+02;1.9828892e-01;1.2750000e+02;2.1637598e-01;1.2750000e+02;2.2477067e-01;1.2750000e+02;2.1038502e-01;1.2750000e+02;1.7746976e-01;1.2750000e+02;1.3308682e-01;1.2750000e+02;8.7275445e-02;1.2750000e+02;4.5206010e-02;1.2750000e+02;4.7393367e-03;1.2750000e+02;9.5373113e-03;1.2750000e+02;1.9056981e-02;1.2750000e+02;3.2951105e-02;1.2750000e+02;5.0294053e-02;1.2750000e+02;7.0645913e-02;1.2750000e+02;9.4838575e-02;1.2750000e+02;1.2083967e-01;1.2750000e+02;1.4976038e-01;1.2750000e+02;1.7496076e-01;1.2750000e+02;1.9828892e-01;1.2750000e+02;2.1637598e-01;1.2750000e+02;2.2477067e-01;1.2750000e+02;2.1038502e-01;1.2750000e+02;1.7746976e-01;1.2750000e+02;1.3308682e-01;1.2750000e+02;8.7275445e-02;1.2750000e+02;4.5206010e-02;1.2750000e+02;4.7393367e-03;1.2750000e+02;9.5373113e-03;1.2750000e+02;1.9056981e-02;1.2750000e+02;3.2951105e-02;1.2750000e+02;5.0294053e-02;1.2750000e+02;7.0645913e-02;1.2750000e+02;9.4838575e-02;1.2750000e+02;1.2083967e-01;1.2750000e+02;1.4976038e-01;1.2750000e+02;1.7496076e-01;1.2750000e+02;1.9828892e-01;1.2750000e+02;2.1637598e-01;1.2750000e+02;2.2477067e-01;1.2750000e+02;2.1038502e-01;1.2750000e+02;1.7746976e-01;1.2750000e+02;1.3308682e-01;1.2750000e+02;8.7275445e-02;1.2750000e+02;4.5206010e-02;1.2750000e+02;4.7393367e-03;1.2750000e+02;9.5373113e-03;1.2750000e+02;1.9056981e-02;1.2750000e+02;3.2951105e-02;1.2750000e+02;5.0294053e-02;1.2750000e+02;7.0645913e-02;1.2750000e+02;9.4838575e-02;1.2750000e+02;1.2083967e-01;1.2750000e+02;1.4976038e-01;1.2750000e+02;1.7496076e-01;1.2750000e+02;1.9828892e-01;1.2750000e+02;2.1637598e-01;1.2750000e+02;2.2477067e-01;1.2750000e+02;2.1038502e-01;1.2750000e+02;1.7746976e-01;1.2750000e+02;1.3308682e-01;1.2750000e+02;8.7275445e-02;1.2750000e+02;4.5206010e-02;1.2750000e+02;4.7393367e-03;1.2750000e+02;9.5373113e-03;1.2750000e+02;1.9056981e-02;1.2750000e+02;3.2951105e-02;1.2750000e+02;5.0294053e-02;1.2750000e+02;7.0645913e-02;1.2750000e+02;9.4838575e-02;1.2750000e+02;1.2083967e-01;1.2750000e+02;1.4976038e-01;1.2750000e+02;1.7496076e-01;1.2750000e+02;1.9828892e-01;1.2750000e+02;2.1637598e-01;1.2750000e+02;2.2477067e-01;1.2750000e+02;2.1038502e-01;1.2750000e+02;1.7746976e-01;1.2750000e+02;1.3308682e-01;1.2750000e+02;8.7275445e-02;1.2750000e+02;4.5206010e-02;1.2750000e+02;4.7393367e-03;1.2750000e+02;9.5373113e-03;1.2750000e+02;1.9056981e-02;1.2750000e+02;3.2951105e-02;1.2750000e+02;5.0294053e-02;1.2750000e+02;7.0645913e-02;1.2750000e+02;9.4838575e-02;1.2750000e+02;1.2083967e-01;1.2750000e+02;1.4976038e-01;1.2750000e+02;1.7496076e-01;1.2750000e+02;1.9828892e-01;1.2750000e+02;2.1637598e-01;1.2750000e+02;2.2477067e-01;1.2750000e+02;2.1038502e-01;1.2750000e+02;1.7746976e-01;1.2750000e+02;1.3308682e-01;1.2750000e+02;8.7275445e-02;1.2750000e+02;4.5206010e-02;1.2750000e+02;4.7393367e-03;1.2750000e+02;9.5373113e-03;1.2750000e+02;1.9056981e-02;1.2750000e+02;3.2951105e-02;1.2750000e+02;5.0294053e-02;1.2750000e+02;7.0645913e-02;1.2750000e+02;9.4838575e-02;1.2750000e+02;1.2083967e-01;1.2750000e+02;1.4976038e-01;1.2750000e+02;1.7496076e-01;1.2750000e+02;1.9828892e-01;1.2750000e+02;2.1637598e-01;1.2750000e+02;2.2477067e-01;1.2750000e+02;2.1038502e-01;1.2750000e+02;1.7746976e-01;1.2750000e+02;1.3308682e-01;1.2750000e+02;8.7275445e-02;1.2750000e+02;4.5206010e-02;1.2750000e+02;4.7393367e-03;1.2750000e+02;9.5373113e-03;1.2750000e+02;1.9056981e-02;1.2750000e+02;3.2951105e-02;1.2750000e+02;5.0294053e-02;1.2750000e+02;7.0645913e-02;1.2750000e+02;9.4838575e-02;1.2750000e+02;1.2083967e-01;1.2750000e+02;1.4976038e-01;1.2750000e+02;1.7496076e-01;1.2750000e+02;1.9828892e-01;1.2750000e+02;2.1637598e-01;1.2750000e+02;2.2477067e-01;1.2750000e+02;2.1038502e-01;1.2750000e+02;1.7746976e-01;1.2750000e+02;1.3308682e-01;1.2750000e+02;8.7275445e-02;1.2750000e+02;4.5206010e-02;1.2750000e+02;4.7393367e-03;1.2750000e+02;9.5373113e-03;1.2750000e+02;1.9056981e-02;1.2750000e+02;3.2951105e-02;1.2750000e+02;5.0294053e-02;1.2750000e+02;7.0645913e-02;1.2750000e+02;9.4838575e-02;1.2750000e+02;1.2083967e-01;1.2750000e+02;1.4976038e-01;1.2750000e+02;1.7496076e-01;1.2750000e+02;1.9828892e-01;1.2750000e+02;2.1637598e-01;1.2750000e+02;2.2477067e-01;1.2750000e+02;2.1038502e-01;1.2750000e+02;1.7746976e-01;1.2750000e+02;1.3308682e-01;1.2750000e+02;8.7275445e-02;1.2750000e+02;4.5206010e-02;1.2750000e+02;4.7393367e-03;1.2750000e+02;9.5373113e-03;1.2750000e+02;1.9056981e-02;1.2750000e+02;3.2951105e-02;1.2750000e+02;5.0294053e-02;1.2750000e+02;7.0645913e-02;1.2750000e+02;9.4838575e-02;1.2750000e+02;1.2083967e-01;1.2750000e+02;1.4976038e-01;1.2750000e+02;1.7496076e-01;1.2750000e+02;1.9828892e-01;1.2750000e+02;2.1637598e-01;1.2750000e+02;2.2477067e-01;1.2750000e+02;2.1038502e-01;1.2750000e+02;1.7746976e-01;1.2750000e+02;1.3308682e-01;1.2750000e+02;8.7275445e-02;1.2750000e+02;4.5206010e-02;1.2750000e+02;4.7393367e-03;1.2750000e+02;9.5373113e-03;1.2750000e+02;1.9056981e-02;1.2750000e+02;3.2951105e-02;1.2750000e+02;5.0294053e-02;1.2750000e+02;7.0645913e-02;1.2750000e+02;9.4838575e-02;1.2750000e+02;1.2083967e-01;1.2750000e+02;1.4976038e-01;1.2750000e+02;1.7496076e-01;1.2750000e+02;1.9828892e-01;1.2750000e+02;2.1637598e-01;1.2750000e+02;2.2477067e-01;1.2750000e+02;2.1038502e-01;1.2750000e+02;1.7746976e-01;1.2750000e+02;1.3308682e-01;1.2750000e+02;8.7275445e-02;1.2750000e+02;4.5206010e-02;1.2750000e+02;4.7393367e-03;1.2750000e+02;9.5373113e-03;1.2750000e+02;1.9056981e-02;1.2750000e+02;3.2951105e-02;1.2750000e+02;5.0294053e-02;1.2750000e+02;7.0645913e-02;1.2750000e+02;9.4838575e-02;1.2750000e+02;1.2083967e-01;1.2750000e+02;1.4976038e-01;1.2750000e+02;1.7496076e-01;1.2750000e+02;1.9828892e-01;1.2750000e+02;2.1637598e-01;1.2750000e+02;2.2477067e-01;1.2750000e+02;2.1038502e-01;1.2750000e+02;1.7746976e-01;1.2750000e+02;1.3308682e-01;1.2750000e+02;8.7275445e-02;1.2750000e+02;4.5206010e-02;1.2750000e+02;4.7393367e-03;1.2750000e+02;9.5373113e-03;1.2750000e+02;1.9056981e-02;1.2750000e+02;3.2951105e-02;1.2750000e+02;5.0294053e-02;1.2750000e+02;7.0645913e-02;1.2750000e+02;9.4838575e-02;1.2750000e+02;1.2083967e-01;1.2750000e+02;1.4976038e-01;1.2750000e+02;1.7496076e-01;1.2750000e+02;1.9828892e-01;1.2750000e+02;2.1637598e-01;1.2750000e+02;2.2477067e-01;1.2750000e+02;2.1038502e-01;1.2750000e+02;1.7746976e-01;1.2750000e+02;1.3308682e-01;1.2750000e+02;8.7275445e-02;1.2750000e+02;4.5206010e-02;1.2750000e+02;4.7393367e-03;1.2750000e+02;9.5373113e-03;1.2750000e+02;1.9056981e-02;1.2750000e+02;3.2951105e-02;1.2750000e+02;5.0294053e-02;1.2750000e+02;7.0645913e-02;1.2750000e+02;9.4838575e-02;1.2750000e+02;1.2083967e-01;1.2750000e+02;1.4976038e-01;1.2750000e+02;1.7496076e-01;1.2750000e+02;1.9828892e-01;1.2750000e+02;2.1637598e-01;1.2750000e+02;2.2477067e-01;1.2750000e+02;2.1038502e-01;1.2750000e+02;1.7746976e-01;1.2750000e+02;1.3308682e-01;1.2750000e+02;8.7275445e-02;1.2750000e+02;4.5206010e-02;1.2750000e+02;4.7393367e-03;1.2750000e+02;9.5373113e-03;1.2750000e+02;1.9056981e-02;1.2750000e+02;3.2951105e-02;1.2750000e+02;5.0294053e-02;1.2750000e+02;7.0645913e-02;1.2750000e+02;9.4838575e-02;1.2750000e+02;1.2083967e-01;1.2750000e+02;1.4976038e-01;1.2750000e+02;1.7496076e-01;1.2750000e+02;1.9828892e-01;1.2750000e+02;2.1637598e-01;1.2750000e+02;2.2477067e-01;1.2750000e+02;2.1038502e-01;1.2750000e+02;1.7746976e-01;1.2750000e+02;1.3308682e-01;1.2750000e+02;8.7275445e-02;1.2750000e+02;4.5206010e-02;1.2750000e+02;4.7393367e-03;1.2750000e+02;9.5373113e-03;1.2750000e+02;1.9056981e-02;1.2750000e+02;3.2951105e-02;1.2750000e+02;5.0294053e-02;1.2750000e+02;7.0645913e-02;1.2750000e+02;9.4838575e-02;1.2750000e+02;1.2083967e-01;1.2750000e+02;1.4976038e-01;1.2750000e+02;1.7496076e-01;1.2750000e+02;1.9828892e-01;1.2750000e+02;2.1637598e-01;1.2750000e+02;2.2477067e-01;1.2750000e+02;2.1038502e-01;1.2750000e+02;1.7746976e-01;1.2750000e+02;1.3308682e-01;1.2750000e+02;8.7275445e-02;1.2750000e+02;4.5206010e-02;1.2750000e+02;4.7393367e-03;1.2750000e+02;9.5373113e-03;1.2750000e+02;1.9056981e-02;1.2750000e+02;3.2951105e-02;1.2750000e+02;5.0294053e-02;1.2750000e+02;7.0645913e-02;1.2750000e+02;9.4838575e-02;1.2750000e+02;1.2083967e-01;1.2750000e+02;1.4976038e-01;1.2750000e+02;1.7496076e-01;1.2750000e+02;1.9828892e-01;1.2750000e+02;2.1637598e-01;1.2750000e+02;2.2477067e-01;1.2750000e+02;2.1038502e-01;1.2750000e+02;1.7746976e-01;1.2750000e+02;1.3308682e-01;1.2750000e+02;8.7275445e-02;1.2750000e+02;4.5206010e-02;1.2750000e+02;4.7393367e-03;1.2750000e+02;9.5373113e-03;1.2750000e+02;1.9056981e-02;1.2750000e+02;3.2951105e-02;1.2750000e+02;5.0294053e-02;1.2750000e+02;7.0645913e-02;1.2750000e+02;9.4838575e-02;1.2750000e+02;1.2083967e-01;1.2750000e+02;1.4976038e-01;1.2750000e+02;1.7496076e-01;1.2750000e+02;1.9828892e-01;1.2750000e+02;2.1637598e-01;1.2750000e+02;2.2477067e-01;1.2750000e+02;2.1038502e-01;1.2750000e+02;1.7746976e-01;1.2750000e+02;1.3308682e-01;1.2750000e+02;8.7275445e-02;1.2750000e+02;4.5206010e-02;1.2750000e+02;4.7393367e-03;1.2750000e+02;9.5373113e-03;1.2750000e+02;1.9056981e-02;1.2750000e+02;3.2951105e-02;1.2750000e+02;5.0294053e-02;1.2750000e+02;7.0645913e-02;1.2750000e+02;9.4838575e-02;1.2750000e+02;1.2083967e-01;1.2750000e+02;1.4976038e-01;1.2750000e+02;1.7496076e-01;1.2750000e+02;1.9828892e-01;1.2750000e+02;2.1637598e-01;1.2750000e+02;2.2477067e-01;1.2750000e+02;2.1038502e-01;1.2750000e+02;1.7746976e-01;1.2750000e+02;1.3308682e-01;1.2750000e+02;8.7275445e-02;1.2750000e+02;4.5206010e-02;1.2750000e+02;4.7393367e-03;1.2750000e+02;9.5373113e-03;1.2750000e+02;1.9056981e-02;1.2750000e+02;3.2951105e-02;1.2750000e+02;5.0294053e-02;1.2750000e+02;7.0645913e-02;1.2750000e+02;9.4838575e-02;1.2750000e+02;1.2083967e-01;1.2750000e+02;1.4976038e-01;1.2750000e+02;1.7496076e-01;1.2750000e+02;1.9828892e-01;1.2750000e+02;2.1637598e-01;1.2750000e+02;2.2477067e-01;1.2750000e+02;2.1038502e-01;1.2750000e+02;1.7746976e-01;1.2750000e+02;1.3308682e-01;1.2750000e+02;8.7275445e-02;1.2750000e+02;4.5206010e-02;1.2750000e+02;4.7393367e-03;1.2750000e+02;9.5373113e-03;1.2750000e+02;1.9056981e-02;1.2750000e+02;3.2951105e-02;1.2750000e+02;5.0294053e-02;1.2750000e+02;7.0645913e-02;1.2750000e+02;9.4838575e-02;1.2750000e+02;1.2083967e-01;1.2750000e+02;1.4976038e-01;1.2750000e+02;1.7496076e-01;1.2750000e+02;1.9828892e-01;1.2750000e+02;2.1637598e-01;1.2750000e+02;2.2477067e-01;1.2750000e+02;2.1038502e-01;1.2750000e+02;1.7746976e-01;1.2750000e+02;1.3308682e-01;1.2750000e+02;8.7275445e-02;1.2750000e+02;4.5206010e-02;1.2750000e+02;4.7393367e-03;1.2750000e+02;9.5373113e-03;1.2750000e+02;1.9056981e-02;1.2750000e+02;3.2951105e-02;1.2750000e+02;5.0294053e-02;1.2750000e+02;7.0645913e-02;1.2750000e+02;9.4838575e-02;1.2750000e+02;1.2083967e-01;1.2750000e+02;1.4976038e-01;1.2750000e+02;1.7496076e-01;1.2750000e+02;1.9828892e-01;1.2750000e+02;2.1637598e-01;1.2750000e+02;2.2477067e-01;1.2750000e+02;2.1038502e-01;1.2750000e+02;1.7746976e-01;1.2750000e+02;1.3308682e-01;1.2750000e+02;8.7275445e-02;1.2750000e+02;4.5206010e-02;1.2750000e+02;4.7393367e-03;1.2750000e+02;9.5373113e-03;1.2750000e+02;1.9056981e-02;1.2750000e+02;3.2951105e-02;1.2750000e+02;5.0294053e-02;1.2750000e+02;7.0645913e-02;1.2750000e+02;9.4838575e-02;1.2750000e+02;1.2083967e-01;1.2750000e+02;1.4976038e-01;1.2750000e+02;1.7496076e-01;1.2750000e+02;1.9828892e-01;1.2750000e+02;2.1637598e-01;1.2750000e+02;2.2477067e-01;1.2750000e+02;2.1038502e-01;1.2750000e+02;1.7746976e-01;1.2750000e+02;1.3308682e-01;1.2750000e+02;8.7275445e-02;1.2750000e+02;4.5206010e-02;1.2750000e+02;4.7393367e-03;1.2750000e+02;9.5373113e-03;1.2750000e+02;1.9056981e-02;1.2750000e+02;3.2951105e-02;1.2750000e+02;5.0294053e-02;1.2750000e+02;7.0645913e-02;1.2750000e+02;9.4838575e-02;1.2750000e+02;1.2083967e-01;1.2750000e+02;1.4976038e-01;1.2750000e+02;1.7496076e-01;1.2750000e+02;1.9828892e-01;1.2750000e+02;2.1637598e-01;1.2750000e+02;2.2477067e-01;1.2750000e+02;2.1038502e-01;1.2750000e+02;1.7746976e-01;1.2750000e+02;1.3308682e-01;1.2750000e+02;8.7275445e-02;1.2750000e+02;4.5206010e-02;1.2750000e+02;4.7393367e-03;1.2750000e+02;9.5373113e-03;1.2750000e+02;1.9056981e-02;1.2750000e+02;3.2951105e-02;1.2750000e+02;5.0294053e-02;1.2750000e+02;7.0645913e-02;1.2750000e+02;9.4838575e-02;1.2750000e+02;1.2083967e-01;1.2750000e+02;1.4976038e-01;1.2750000e+02;1.7496076e-01;1.2750000e+02;1.9828892e-01;1.2750000e+02;2.1637598e-01;1.2750000e+02;2.2477067e-01;1.2750000e+02;2.1038502e-01;1.2750000e+02;1.7746976e-01;1.2750000e+02;1.3308682e-01;1.2750000e+02;8.7275445e-02;1.2750000e+02;4.5206010e-02;1.2750000e+02;4.7393367e-03;1.2750000e+02;9.5373113e-03;1.2750000e+02;1.9056981e-02;1.2750000e+02;3.2951105e-02;1.2750000e+02;5.0294053e-02;1.2750000e+02;7.0645913e-02;1.2750000e+02;9.4838575e-02;1.2750000e+02;1.2083967e-01;1.2750000e+02;1.4976038e-01;1.2750000e+02;1.7496076e-01;1.2750000e+02;1.9828892e-01;1.2750000e+02;2.1637598e-01;1.2750000e+02;2.2477067e-01;1.2750000e+02;2.1038502e-01;1.2750000e+02;1.7746976e-01;1.2750000e+02;1.3308682e-01;1.2750000e+02;8.7275445e-02;1.2750000e+02;4.5206010e-02;1.2750000e+02;4.7393367e-03;1.2750000e+02;9.5373113e-03;1.2750000e+02;1.9056981e-02;1.2750000e+02;3.2951105e-02;1.2750000e+02;5.0294053e-02;1.2750000e+02;7.0645913e-02;1.2750000e+02;9.4838575e-02;1.2750000e+02;1.2083967e-01;1.2750000e+02;1.4976038e-01;1.2750000e+02;1.7496076e-01;1.2750000e+02;1.9828892e-01;1.2750000e+02;2.1637598e-01;1.2750000e+02;2.2477067e-01;1.2750000e+02;2.1038502e-01;1.2750000e+02;1.7746976e-01;1.2750000e+02;1.3308682e-01;1.2750000e+02;8.7275445e-02;1.2750000e+02;4.5206010e-02;1.2750000e+02;4.7393367e-03;1.2750000e+02;9.5373113e-03;1.2750000e+02;1.9056981e-02;1.2750000e+02;3.2951105e-02;1.2750000e+02;5.0294053e-02;1.2750000e+02;7.0645913e-02;1.2750000e+02;9.4838575e-02;1.2750000e+02;1.2083967e-01;1.2750000e+02;1.4976038e-01;1.2750000e+02;1.7496076e-01;1.2750000e+02;1.9828892e-01;1.2750000e+02;2.1637598e-01;1.2750000e+02;2.2477067e-01;1.2750000e+02;2.1038502e-01;1.2750000e+02;1.7746976e-01;1.2750000e+02;1.3308682e-01;1.2750000e+02;8.7275445e-02;1.2750000e+02;4.5206010e-02;1.2750000e+02;4.7393367e-03;1.2750000e+02;9.5373113e-03;1.2750000e+02;1.9056981e-02;1.2750000e+02;3.2951105e-02;1.2750000e+02;5.0294053e-02;1.2750000e+02;7.0645913e-02;1.2750000e+02;9.4838575e-02;1.2750000e+02;1.2083967e-01;1.2750000e+02;1.4976038e-01;1.2750000e+02;1.7496076e-01;1.2750000e+02;1.9828892e-01;1.2750000e+02;2.1637598e-01;1.2750000e+02;2.2477067e-01;1.2750000e+02;2.1038502e-01;1.2750000e+02;1.7746976e-01;1.2750000e+02;1.3308682e-01;1.2750000e+02;8.7275445e-02;1.2750000e+02;4.5206010e-02;1.2750000e+02;4.7393367e-03;1.2750000e+02;9.5373113e-03;1.2750000e+02;1.9056981e-02;1.2750000e+02;3.2951105e-02;1.2750000e+02;5.0294053e-02;1.2750000e+02;7.0645913e-02;1.2750000e+02;9.4838575e-02;1.2750000e+02;1.2083967e-01;1.2750000e+02;1.4976038e-01;1.2750000e+02;1.7496076e-01;1.2750000e+02;1.9828892e-01;1.2750000e+02;2.1637598e-01;1.2750000e+02;2.2477067e-01;1.2750000e+02;2.1038502e-01;1.2750000e+02;1.7746976e-01;1.2750000e+02;1.3308682e-01;1.2750000e+02;8.7275445e-02;1.2750000e+02;4.5206010e-02;1.2750000e+02;4.7393367e-03;1.2750000e+02;9.5373113e-03;1.2750000e+02;1.9056981e-02;1.2750000e+02;3.2951105e-02;1.2750000e+02;5.0294053e-02;1.2750000e+02;7.0645913e-02;1.2750000e+02;9.4838575e-02;1.2750000e+02;1.2083967e-01;1.2750000e+02;1.4976038e-01;1.2750000e+02;1.7496076e-01;1.2750000e+02;1.9828892e-01;1.2750000e+02;2.1637598e-01;1.2750000e+02;2.2477067e-01;1.2750000e+02;2.1038502e-01;1.2750000e+02;1.7746976e-01;1.2750000e+02;1.3308682e-01;1.2750000e+02;8.7275445e-02;1.2750000e+02;4.5206010e-02;1.2750000e+02;4.7393367e-03;1.2750000e+02;9.5373113e-03;1.2750000e+02;1.9056981e-02;1.2750000e+02;3.2951105e-02;1.2750000e+02;5.0294053e-02;1.2750000e+02;7.0645913e-02;1.2750000e+02;9.4838575e-02;1.2750000e+02;1.2083967e-01;1.2750000e+02;1.4976038e-01;1.2750000e+02;1.7496076e-01;1.2750000e+02;1.9828892e-01;1.2750000e+02;2.1637598e-01;1.2750000e+02;2.2477067e-01;1.2750000e+02;2.1038502e-01;1.2750000e+02;1.7746976e-01;1.2750000e+02;1.3308682e-01;1.2750000e+02;8.7275445e-02;1.2750000e+02;4.5206010e-02;1.2750000e+02;4.7393367e-03;1.2750000e+02;9.5373113e-03;1.2750000e+02;1.9056981e-02;1.2750000e+02;3.2951105e-02;1.2750000e+02;5.0294053e-02;1.2750000e+02;7.0645913e-02;1.2750000e+02;9.4838575e-02;1.2750000e+02;1.2083967e-01;1.2750000e+02;1.4976038e-01;1.2750000e+02;1.7496076e-01;1.2750000e+02;1.9828892e-01;1.2750000e+02;2.1637598e-01;1.2750000e+02;2.2477067e-01;1.2750000e+02;2.1038502e-01;1.2750000e+02;1.7746976e-01;1.2750000e+02;1.3308682e-01;1.2750000e+02;8.7275445e-02;1.2750000e+02;4.5206010e-02;1.2750000e+02;4.7393367e-03;1.2750000e+02;9.5373113e-03;1.2750000e+02;1.9056981e-02;1.2750000e+02;3.2951105e-02;1.2750000e+02;5.0294053e-02;1.2750000e+02;7.0645913e-02;1.2750000e+02;9.4838575e-02;1.2750000e+02;1.2083967e-01;1.2750000e+02;1.4976038e-01;1.2750000e+02;1.7496076e-01;1.2750000e+02;1.9828892e-01;1.2750000e+02;2.1637598e-01;1.2750000e+02;2.2477067e-01;1.2750000e+02;2.1038502e-01;1.2750000e+02;1.7746976e-01;1.2750000e+02;1.3308682e-01;1.2750000e+02;8.7275445e-02;1.2750000e+02;4.5206010e-02;1.2750000e+02;4.7393367e-03;1.2750000e+02;9.5373113e-03;1.2750000e+02;1.9056981e-02;1.2750000e+02;3.2951105e-02;1.2750000e+02;5.0294053e-02;1.2750000e+02;7.0645913e-02;1.2750000e+02;9.4838575e-02;1.2750000e+02;1.2083967e-01;1.2750000e+02;1.4976038e-01;1.2750000e+02;1.7496076e-01;1.2750000e+02;1.9828892e-01;1.2750000e+02;2.1637598e-01;1.2750000e+02;2.2477067e-01;1.2750000e+02;2.1038502e-01;1.2750000e+02;1.7746976e-01;1.2750000e+02;1.3308682e-01;1.2750000e+02;8.7275445e-02;1.2750000e+02;4.5206010e-02;1.2750000e+02;4.7393367e-03;1.2750000e+02;9.5373113e-03;1.2750000e+02;1.9056981e-02;1.2750000e+02;3.2951105e-02;1.2750000e+02;5.0294053e-02;1.2750000e+02;7.0645913e-02;1.2750000e+02;9.4838575e-02;1.2750000e+02;1.2083967e-01;1.2750000e+02;1.4976038e-01;1.2750000e+02;1.7496076e-01;1.2750000e+02;1.9828892e-01;1.2750000e+02;2.1637598e-01;1.2750000e+02;2.2477067e-01;1.2750000e+02;2.1038502e-01;1.2750000e+02;1.7746976e-01;1.2750000e+02;1.3308682e-01;1.2750000e+02;8.7275445e-02;1.2750000e+02;4.5206010e-02;1.2750000e+02;4.7393367e-03;1.2750000e+02;9.5373113e-03;1.2750000e+02;1.9056981e-02;1.2750000e+02;3.2951105e-02;1.2750000e+02;5.0294053e-02;1.2750000e+02;7.0645913e-02;1.2750000e+02;9.4838575e-02;1.2750000e+02;1.2083967e-01;1.2750000e+02;1.4976038e-01;1.2750000e+02;1.7496076e-01;1.2750000e+02;1.9828892e-01;1.2750000e+02;2.1637598e-01;1.2750000e+02;2.2477067e-01;1.2750000e+02;2.1038502e-01;1.2750000e+02;1.7746976e-01;1.2750000e+02;1.3308682e-01;1.2750000e+02;8.7275445e-02;1.2750000e+02;4.5206010e-02;1.2750000e+02;4.7393367e-03;1.2750000e+02;9.5373113e-03;1.2750000e+02;1.9056981e-02;1.2750000e+02;3.2951105e-02;1.2750000e+02;5.0294053e-02;1.2750000e+02;7.0645913e-02;1.2750000e+02;9.4838575e-02;1.2750000e+02;1.2083967e-01;1.2750000e+02;1.4976038e-01;1.2750000e+02;1.7496076e-01;1.2750000e+02;1.9828892e-01;1.2750000e+02;2.1637598e-01;1.2750000e+02;2.2477067e-01;1.2750000e+02;2.1038502e-01;1.2750000e+02;1.7746976e-01;1.2750000e+02;1.3308682e-01;1.2750000e+02;8.7275445e-02;1.2750000e+02;4.5206010e-02;1.2750000e+02;4.7393367e-03;1.2750000e+02;9.5373113e-03;1.2750000e+02;1.9056981e-02;1.2750000e+02;3.2951105e-02;1.2750000e+02;5.0294053e-02;1.2750000e+02;7.0645913e-02;1.2750000e+02;9.4838575e-02;1.2750000e+02;1.2083967e-01;1.2750000e+02;1.4976038e-01;1.2750000e+02;1.7496076e-01;1.2750000e+02;1.9828892e-01;1.2750000e+02;2.1637598e-01;1.2750000e+02;2.2477067e-01;1.2750000e+02;2.1038502e-01;1.2750000e+02;1.7746976e-01;1.2750000e+02;1.3308682e-01;1.2750000e+02;8.7275445e-02;1.2750000e+02;4.5206010e-02;1.2750000e+02;4.7393367e-03;1.2750000e+02;9.5373113e-03;1.2750000e+02;1.9056981e-02;1.2750000e+02;3.2951105e-02;1.2750000e+02;5.0294053e-02;1.2750000e+02;7.0645913e-02;1.2750000e+02;9.4838575e-02;1.2750000e+02;1.2083967e-01;1.2750000e+02;1.4976038e-01;1.2750000e+02;1.7496076e-01;1.2750000e+02;1.9828892e-01;1.2750000e+02;2.1637598e-01;1.2750000e+02;2.2477067e-01;1.2750000e+02;2.1038502e-01;1.2750000e+02;1.7746976e-01;1.2750000e+02;1.3308682e-01;1.2750000e+02;8.7275445e-02;1.2750000e+02;4.5206010e-02;1.2750000e+02;4.7393367e-03;1.2750000e+02;9.5373113e-03;1.2750000e+02;1.9056981e-02;1.2750000e+02;3.2951105e-02;1.2750000e+02;5.0294053e-02;1.2750000e+02;7.0645913e-02;1.2750000e+02;9.4838575e-02;1.2750000e+02;1.2083967e-01;1.2750000e+02;1.4976038e-01;1.2750000e+02;1.7496076e-01;1.2750000e+02;1.9828892e-01;1.2750000e+02;2.1637598e-01;1.2750000e+02;2.2477067e-01;1.2750000e+02;2.1038502e-01;1.2750000e+02;1.7746976e-01;1.2750000e+02;1.3308682e-01;1.2750000e+02;8.7275445e-02;1.2750000e+02;4.5206010e-02;1.2750000e+02;4.7393367e-03;1.2750000e+02;9.5373113e-03;1.2750000e+02;1.9056981e-02;1.2750000e+02;3.2951105e-02;1.2750000e+02;5.0294053e-02;1.2750000e+02;7.0645913e-02;1.2750000e+02;9.4838575e-02;1.2750000e+02;1.2083967e-01;1.2750000e+02;1.4976038e-01;1.2750000e+02;1.7496076e-01;1.2750000e+02;1.9828892e-01;1.2750000e+02;2.1637598e-01;1.2750000e+02;2.2477067e-01;1.2750000e+02;2.1038502e-01;1.2750000e+02;1.7746976e-01;1.2750000e+02;1.3308682e-01;1.2750000e+02;8.7275445e-02;1.2750000e+02;4.5206010e-02;1.2750000e+02;4.7393367e-03;1.2750000e+02;9.5373113e-03;1.2750000e+02;1.9056981e-02;1.2750000e+02;3.2951105e-02;1.2750000e+02;5.0294053e-02;1.2750000e+02;7.0645913e-02;1.2750000e+02;9.4838575e-02;1.2750000e+02;1.2083967e-01;1.2750000e+02;1.4976038e-01;1.2750000e+02;1.7496076e-01;1.2750000e+02;1.9828892e-01;1.2750000e+02;2.1637598e-01;1.2750000e+02;2.2477067e-01;1.2750000e+02;2.1038502e-01;1.2750000e+02;1.7746976e-01;1.2750000e+02;1.3308682e-01;1.2750000e+02;8.7275445e-02;1.2750000e+02;4.5206010e-02;1.2750000e+02;4.7393367e-03;1.2750000e+02;9.5373113e-03;1.2750000e+02;1.9056981e-02;1.2750000e+02;3.2951105e-02;1.2750000e+02;5.0294053e-02;1.2750000e+02;7.0645913e-02;1.2750000e+02;9.4838575e-02;1.2750000e+02;1.2083967e-01;1.2750000e+02;1.4976038e-01;1.2750000e+02;1.7496076e-01;1.2750000e+02;1.9828892e-01;1.2750000e+02;2.1637598e-01;1.2750000e+02;2.2477067e-01;1.2750000e+02;2.1038502e-01;1.2750000e+02;1.7746976e-01;1.2750000e+02;1.3308682e-01;1.2750000e+02;8.7275445e-02;1.2750000e+02;4.5206010e-02;1.2750000e+02;4.7393367e-03;1.2750000e+02;9.5373113e-03;1.2750000e+02;1.9056981e-02;1.2750000e+02;3.2951105e-02;1.2750000e+02;5.0294053e-02;1.2750000e+02;7.0645913e-02;1.2750000e+02;9.4838575e-02;1.2750000e+02;1.2083967e-01;1.2750000e+02;1.4976038e-01;1.2750000e+02;1.7496076e-01;1.2750000e+02;1.9828892e-01;1.2750000e+02;2.1637598e-01;1.2750000e+02;2.2477067e-01;1.2750000e+02;2.1038502e-01;1.2750000e+02;1.7746976e-01;1.2750000e+02;1.3308682e-01;1.2750000e+02;8.7275445e-02;1.2750000e+02;4.5206010e-02;1.2750000e+02;4.7393367e-03;1.2750000e+02;9.5373113e-03;1.2750000e+02;1.9056981e-02;1.2750000e+02;3.2951105e-02;1.2750000e+02;5.0294053e-02;1.2750000e+02;7.0645913e-02;1.2750000e+02;9.4838575e-02;1.2750000e+02;1.2083967e-01;1.2750000e+02;1.4976038e-01;1.2750000e+02;1.7496076e-01;1.2750000e+02;1.9828892e-01;1.2750000e+02;2.1637598e-01;1.2750000e+02;2.2477067e-01;1.2750000e+02;2.1038502e-01;1.2750000e+02;1.7746976e-01;1.2750000e+02;1.3308682e-01;1.2750000e+02;8.7275445e-02;1.2750000e+02;4.5206010e-02;1.2750000e+02;4.7393367e-03;1.2750000e+02;9.5373113e-03;1.2750000e+02;1.9056981e-02;1.2750000e+02;3.2951105e-02;1.2750000e+02;5.0294053e-02;1.2750000e+02;7.0645913e-02;1.2750000e+02;9.4838575e-02;1.2750000e+02;1.2083967e-01;1.2750000e+02;1.4976038e-01;1.2750000e+02;1.7496076e-01;1.2750000e+02;1.9828892e-01;1.2750000e+02;2.1637598e-01;1.2750000e+02;2.2477067e-01;1.2750000e+02;2.1038502e-01;1.2750000e+02;1.7746976e-01;1.2750000e+02;1.3308682e-01;1.2750000e+02;8.7275445e-02;1.2750000e+02;4.5206010e-02;1.2750000e+02;4.7393367e-03;1.2750000e+02;9.5373113e-03;1.2750000e+02;1.9056981e-02;1.2750000e+02;3.2951105e-02;1.2750000e+02;5.0294053e-02;1.2750000e+02;7.0645913e-02;1.2750000e+02;9.4838575e-02;1.2750000e+02;1.2083967e-01;1.2750000e+02;1.4976038e-01;1.2750000e+02;1.7496076e-01;1.2750000e+02;1.9828892e-01;1.2750000e+02;2.1637598e-01;1.2750000e+02;2.2477067e-01;1.2750000e+02;2.1038502e-01;1.2750000e+02;1.7746976e-01;1.2750000e+02;1.3308682e-01;1.2750000e+02;8.7275445e-02;1.2750000e+02;4.5206010e-02;1.2750000e+02;4.7393367e-03;1.2750000e+02;9.5373113e-03;1.2750000e+02;1.9056981e-02;1.2750000e+02;3.2951105e-02;1.2750000e+02;5.0294053e-02;1.2750000e+02;7.0645913e-02;1.2750000e+02;9.4838575e-02;1.2750000e+02;1.2083967e-01;1.2750000e+02;1.4976038e-01;1.2750000e+02;1.7496076e-01;1.2750000e+02;1.9828892e-01;1.2750000e+02;2.1637598e-01;1.2750000e+02;2.2477067e-01;1.2750000e+02;2.1038502e-01;1.2750000e+02;1.7746976e-01;1.2750000e+02;1.3308682e-01;1.2750000e+02;8.7275445e-02;1.2750000e+02;4.5206010e-02;1.2750000e+02;4.7393367e-03;1.2750000e+02;9.5373113e-03;1.2750000e+02;1.9056981e-02;1.2750000e+02;3.2951105e-02;1.2750000e+02;5.0294053e-02;1.2750000e+02;7.0645913e-02;1.2750000e+02;9.4838575e-02;1.2750000e+02;1.2083967e-01;1.2750000e+02;1.4976038e-01;1.2750000e+02;1.7496076e-01;1.2750000e+02;1.9828892e-01;1.2750000e+02;2.1637598e-01;1.2750000e+02;2.2477067e-01;1.2750000e+02;2.1038502e-01;1.2750000e+02;1.7746976e-01;1.2750000e+02;1.3308682e-01;1.2750000e+02;8.7275445e-02;1.2750000e+02;4.5206010e-02;1.2750000e+02;4.7393367e-03;1.2750000e+02;9.5373113e-03;1.2750000e+02;1.9056981e-02;1.2750000e+02;3.2951105e-02;1.2750000e+02;5.0294053e-02;1.2750000e+02;7.0645913e-02;1.2750000e+02;9.4838575e-02;1.2750000e+02;1.2083967e-01;1.2750000e+02;1.4976038e-01;1.2750000e+02;1.7496076e-01;1.2750000e+02;1.9828892e-01;1.2750000e+02;2.1637598e-01;1.2750000e+02;2.2477067e-01;1.2750000e+02;2.1038502e-01;1.2750000e+02;1.7746976e-01;1.2750000e+02;1.3308682e-01;1.2750000e+02;8.7275445e-02;1.2750000e+02;4.5206010e-02;1.2750000e+02;4.7393367e-03;1.2750000e+02;9.5373113e-03;1.2750000e+02;1.9056981e-02;1.2750000e+02;3.2951105e-02;1.2750000e+02;5.0294053e-02;1.2750000e+02;7.0645913e-02;1.2750000e+02;9.4838575e-02;1.2750000e+02;1.2083967e-01;1.2750000e+02;1.4976038e-01;1.2750000e+02;1.7496076e-01;1.2750000e+02;1.9828892e-01;1.2750000e+02;2.1637598e-01;1.2750000e+02;2.2477067e-01;1.2750000e+02;2.1038502e-01;1.2750000e+02;1.7746976e-01;1.2750000e+02;1.3308682e-01;1.2750000e+02;8.7275445e-02;1.2750000e+02;4.5206010e-02;1.2750000e+02;4.7393367e-03;1.2750000e+02;9.5373113e-03;1.2750000e+02;1.9056981e-02;1.2750000e+02;3.2951105e-02;1.2750000e+02;5.0294053e-02;1.2750000e+02;7.0645913e-02;1.2750000e+02;9.4838575e-02;1.2750000e+02;1.2083967e-01;1.2750000e+02;1.4976038e-01;1.2750000e+02;1.7496076e-01;1.2750000e+02;1.9828892e-01;1.2750000e+02;2.1637598e-01;1.2750000e+02;2.2477067e-01;1.2750000e+02;2.1038502e-01;1.2750000e+02;1.7746976e-01;1.2750000e+02;1.3308682e-01;1.2750000e+02;8.7275445e-02;1.2750000e+02;4.5206010e-02;1.2750000e+02;4.7393367e-03;1.2750000e+02;9.5373113e-03;1.2750000e+02;1.9056981e-02;1.2750000e+02;3.2951105e-02;1.2750000e+02;5.0294053e-02;1.2750000e+02;7.0645913e-02;1.2750000e+02;9.4838575e-02;1.2750000e+02;1.2083967e-01;1.2750000e+02;1.4976038e-01;1.2750000e+02;1.7496076e-01;1.2750000e+02;1.9828892e-01;1.2750000e+02;2.1637598e-01;1.2750000e+02;2.2477067e-01;1.2750000e+02;2.1038502e-01;1.2750000e+02;1.7746976e-01;1.2750000e+02;1.3308682e-01;1.2750000e+02;8.7275445e-02;1.2750000e+02;4.5206010e-02;1.2750000e+02;4.7393367e-03;1.2750000e+02;9.5373113e-03;1.2750000e+02;1.9056981e-02;1.2750000e+02;3.2951105e-02;1.2750000e+02;5.0294053e-02;1.2750000e+02;7.0645913e-02;1.2750000e+02;9.4838575e-02;1.2750000e+02;1.2083967e-01;1.2750000e+02;1.4976038e-01;1.2750000e+02;1.7496076e-01;1.2750000e+02;1.9828892e-01;1.2750000e+02;2.1637598e-01;1.2750000e+02;2.2477067e-01;1.2750000e+02;2.1038502e-01;1.2750000e+02;1.7746976e-01;1.2750000e+02;1.3308682e-01;1.2750000e+02;8.7275445e-02;1.2750000e+02;4.5206010e-02;1.2750000e+02;4.7393367e-03;1.2750000e+02;9.5373113e-03;1.2750000e+02;1.9056981e-02;1.2750000e+02;3.2951105e-02;1.2750000e+02;5.0294053e-02;1.2750000e+02;7.0645913e-02;1.2750000e+02;9.4838575e-02;1.2750000e+02;1.2083967e-01;1.2750000e+02;1.4976038e-01;1.2750000e+02;1.7496076e-01;1.2750000e+02;1.9828892e-01;1.2750000e+02;2.1637598e-01;1.2750000e+02;2.2477067e-01;1.2750000e+02;2.1038502e-01;1.2750000e+02;1.7746976e-01;1.2750000e+02;1.3308682e-01;1.2750000e+02;8.7275445e-02;1.2750000e+02;4.5206010e-02;1.2750000e+02;4.7393367e-03;1.2750000e+02;9.5373113e-03;1.2750000e+02;1.9056981e-02;1.2750000e+02;3.2951105e-02;1.2750000e+02;5.0294053e-02;1.2750000e+02;7.0645913e-02;1.2750000e+02;9.4838575e-02;1.2750000e+02;1.2083967e-01;1.2750000e+02;1.4976038e-01;1.2750000e+02;1.7496076e-01;1.2750000e+02;1.9828892e-01;1.2750000e+02;2.1637598e-01;1.2750000e+02;2.2477067e-01;1.2750000e+02;2.1038502e-01;1.2750000e+02;1.7746976e-01;1.2750000e+02;1.3308682e-01;1.2750000e+02;8.7275445e-02;1.2750000e+02;4.5206010e-02;1.2750000e+02;4.7393367e-03;1.2750000e+02;9.5373113e-03;1.2750000e+02;1.9056981e-02;1.2750000e+02;3.2951105e-02;1.2750000e+02;5.0294053e-02;1.2750000e+02;7.0645913e-02;1.2750000e+02;9.4838575e-02;1.2750000e+02;1.2083967e-01;1.2750000e+02;1.4976038e-01;1.2750000e+02;1.7496076e-01;1.2750000e+02;1.9828892e-01;1.2750000e+02;2.1637598e-01;1.2750000e+02;2.2477067e-01;1.2750000e+02;2.1038502e-01;1.2750000e+02;1.7746976e-01;1.2750000e+02;1.3308682e-01;1.2750000e+02;8.7275445e-02;1.2750000e+02;4.5206010e-02;1.2750000e+02;4.7393367e-03;1.2750000e+02;9.5373113e-03;1.2750000e+02;1.9056981e-02;1.2750000e+02;3.2951105e-02;1.2750000e+02;5.0294053e-02;1.2750000e+02;7.0645913e-02;1.2750000e+02;9.4838575e-02;1.2750000e+02;1.2083967e-01;1.2750000e+02;1.4976038e-01;1.2750000e+02;1.7496076e-01;1.2750000e+02;1.9828892e-01;1.2750000e+02;2.1637598e-01;1.2750000e+02;2.2477067e-01;1.2750000e+02;2.1038502e-01;1.2750000e+02;1.7746976e-01;1.2750000e+02;1.3308682e-01;1.2750000e+02;8.7275445e-02;1.2750000e+02;4.5206010e-02;1.2750000e+02;4.7393367e-03;1.2750000e+02;9.5373113e-03;1.2750000e+02;1.9056981e-02;1.2750000e+02;3.2951105e-02;1.2750000e+02;5.0294053e-02;1.2750000e+02;7.0645913e-02;1.2750000e+02;9.4838575e-02;1.2750000e+02;1.2083967e-01;1.2750000e+02;1.4976038e-01;1.2750000e+02;1.7496076e-01;1.2750000e+02;1.9828892e-01;1.2750000e+02;2.1637598e-01;1.2750000e+02;2.2477067e-01;1.2750000e+02;2.1038502e-01;1.2750000e+02;1.7746976e-01;1.2750000e+02;1.3308682e-01;1.2750000e+02;8.7275445e-02;1.2750000e+02;4.5206010e-02;1.2750000e+02;4.7393367e-03;1.2750000e+02;9.5373113e-03;1.2750000e+02;1.9056981e-02;1.2750000e+02;3.2951105e-02;1.2750000e+02;5.0294053e-02;1.2750000e+02;7.0645913e-02;1.2750000e+02;9.4838575e-02;1.2750000e+02;1.2083967e-01;1.2750000e+02;1.4976038e-01;1.2750000e+02;1.7496076e-01;1.2750000e+02;1.9828892e-01;1.2750000e+02;2.1637598e-01;1.2750000e+02;2.2477067e-01;1.2750000e+02;2.1038502e-01;1.2750000e+02;1.7746976e-01;1.2750000e+02;1.3308682e-01;1.2750000e+02;8.7275445e-02;1.2750000e+02;4.5206010e-02;1.2750000e+02;4.7393367e-03;1.2750000e+02;9.5373113e-03;1.2750000e+02;1.9056981e-02;1.2750000e+02;3.2951105e-02;1.2750000e+02;5.0294053e-02;1.2750000e+02;7.0645913e-02;1.2750000e+02;9.4838575e-02;1.2750000e+02;1.2083967e-01;1.2750000e+02;1.4976038e-01;1.2750000e+02;1.7496076e-01;1.2750000e+02;1.9828892e-01;1.2750000e+02;2.1637598e-01;1.2750000e+02;2.2477067e-01;1.2750000e+02;2.1038502e-01;1.2750000e+02;1.7746976e-01;1.2750000e+02;1.3308682e-01;1.2750000e+02;8.7275445e-02;1.2750000e+02;4.5206010e-02;1.2750000e+02;4.7393367e-03;1.2750000e+02;9.5373113e-03;1.2750000e+02;1.9056981e-02;1.2750000e+02;3.2951105e-02;1.2750000e+02;5.0294053e-02;1.2750000e+02;7.0645913e-02;1.2750000e+02;9.4838575e-02;1.2750000e+02;1.2083967e-01;1.2750000e+02;1.4976038e-01;1.2750000e+02;1.7496076e-01;1.2750000e+02;1.9828892e-01;1.2750000e+02;2.1637598e-01;1.2750000e+02;2.2477067e-01;1.2750000e+02;2.1038502e-01;1.2750000e+02;1.7746976e-01;1.2750000e+02;1.3308682e-01;1.2750000e+02;8.7275445e-02;1.2750000e+02;4.5206010e-02;1.2750000e+02;4.7393367e-03;1.2750000e+02;9.5373113e-03;1.2750000e+02;1.9056981e-02;1.2750000e+02;3.2951105e-02;1.2750000e+02;5.0294053e-02;1.2750000e+02;7.0645913e-02;1.2750000e+02;9.4838575e-02;1.2750000e+02;1.2083967e-01;1.2750000e+02;1.4976038e-01;1.2750000e+02;1.7496076e-01;1.2750000e+02;1.9828892e-01;1.2750000e+02;2.1637598e-01;1.2750000e+02;2.2477067e-01;1.2750000e+02;2.1038502e-01;1.2750000e+02;1.7746976e-01;1.2750000e+02;1.3308682e-01;1.2750000e+02;8.7275445e-02;1.2750000e+02;4.5206010e-02;1.2750000e+02;4.7393367e-03;1.2750000e+02;9.5373113e-03;1.2750000e+02;1.9056981e-02;1.2750000e+02;3.2951105e-02;1.2750000e+02;5.0294053e-02;1.2750000e+02;7.0645913e-02;1.2750000e+02;9.4838575e-02;1.2750000e+02;1.2083967e-01;1.2750000e+02;1.4976038e-01;1.2750000e+02;1.7496076e-01;1.2750000e+02;1.9828892e-01;1.2750000e+02;2.1637598e-01;1.2750000e+02;2.2477067e-01;1.2750000e+02;2.1038502e-01;1.2750000e+02;1.7746976e-01;1.2750000e+02;1.3308682e-01;1.2750000e+02;8.7275445e-02;1.2750000e+02;4.5206010e-02;1.2750000e+02;4.7393367e-03;1.2750000e+02;9.5373113e-03;1.2750000e+02;1.9056981e-02;1.2750000e+02;3.2951105e-02;1.2750000e+02;5.0294053e-02;1.2750000e+02;7.0645913e-02;1.2750000e+02;9.4838575e-02;1.2750000e+02;1.2083967e-01;1.2750000e+02;1.4976038e-01;1.2750000e+02;1.7496076e-01;1.2750000e+02;1.9828892e-01;1.2750000e+02;2.1637598e-01;1.2750000e+02;2.2477067e-01;1.2750000e+02;2.1038502e-01;1.2750000e+02;1.7746976e-01;1.2750000e+02;1.3308682e-01;1.2750000e+02;8.7275445e-02;1.2750000e+02;4.5206010e-02;1.2750000e+02;4.7393367e-03;1.2750000e+02;9.5373113e-03;1.2750000e+02;1.9056981e-02;1.2750000e+02;3.2951105e-02;1.2750000e+02;5.0294053e-02;1.2750000e+02;7.0645913e-02;1.2750000e+02;9.4838575e-02;1.2750000e+02;1.2083967e-01;1.2750000e+02;1.4976038e-01;1.2750000e+02;1.7496076e-01;1.2750000e+02;1.9828892e-01;1.2750000e+02;2.1637598e-01;1.2750000e+02;2.2477067e-01;1.2750000e+02;2.1038502e-01;1.2750000e+02;1.7746976e-01;1.2750000e+02;1.3308682e-01;1.2750000e+02;8.7275445e-02;1.2750000e+02;4.5206010e-02;1.2750000e+02;4.7393367e-03;1.2750000e+02;9.5373113e-03;1.2750000e+02;1.9056981e-02;1.2750000e+02;3.2951105e-02;1.2750000e+02;5.0294053e-02;1.2750000e+02;7.0645913e-02;1.2750000e+02;9.4838575e-02;1.2750000e+02;1.2083967e-01;1.2750000e+02;1.4976038e-01;1.2750000e+02;1.7496076e-01;1.2750000e+02;1.9828892e-01;1.2750000e+02;2.1637598e-01;1.2750000e+02;2.2477067e-01;1.2750000e+02;2.1038502e-01;1.2750000e+02;1.7746976e-01;1.2750000e+02;1.3308682e-01;1.2750000e+02;8.7275445e-02;1.2750000e+02;4.5206010e-02;1.2750000e+02;4.7393367e-03;1.2750000e+02;9.5373113e-03;1.2750000e+02;1.9056981e-02;1.2750000e+02;3.2951105e-02;1.2750000e+02;5.0294053e-02;1.2750000e+02;7.0645913e-02;1.2750000e+02;9.4838575e-02;1.2750000e+02;1.2083967e-01;1.2750000e+02;1.4976038e-01;1.2750000e+02;1.7496076e-01;1.2750000e+02;1.9828892e-01;1.2750000e+02;2.1637598e-01;1.2750000e+02;2.2477067e-01;1.2750000e+02;2.1038502e-01;1.2750000e+02;1.7746976e-01;1.2750000e+02;1.3308682e-01;1.2750000e+02;8.7275445e-02;1.2750000e+02;4.5206010e-02;1.2750000e+02;4.7393367e-03;1.2750000e+02;9.5373113e-03;1.2750000e+02;1.9056981e-02;1.2750000e+02;3.2951105e-02;1.2750000e+02;5.0294053e-02;1.2750000e+02;7.0645913e-02;1.2750000e+02;9.4838575e-02;1.2750000e+02;1.2083967e-01;1.2750000e+02;1.4976038e-01;1.2750000e+02;1.7496076e-01;1.2750000e+02;1.9828892e-01;1.2750000e+02;2.1637598e-01;1.2750000e+02;2.2477067e-01;1.2750000e+02;2.1038502e-01;1.2750000e+02;1.7746976e-01;1.2750000e+02;1.3308682e-01;1.2750000e+02;8.7275445e-02;1.2750000e+02;4.5206010e-02;1.2750000e+02;4.7393367e-03;1.2750000e+02;9.5373113e-03;1.2750000e+02;1.9056981e-02;1.2750000e+02;3.2951105e-02;1.2750000e+02;5.0294053e-02;1.2750000e+02;7.0645913e-02;1.2750000e+02;9.4838575e-02;1.2750000e+02;1.2083967e-01;1.2750000e+02;1.4976038e-01;1.2750000e+02;1.7496076e-01;1.2750000e+02;1.9828892e-01;1.2750000e+02;2.1637598e-01;1.2750000e+02;2.2477067e-01;1.2750000e+02;2.1038502e-01;1.2750000e+02;1.7746976e-01;1.2750000e+02;1.3308682e-01;1.2750000e+02;8.7275445e-02;1.2750000e+02;4.5206010e-02;1.2750000e+02;4.7393367e-03;1.2750000e+02;9.5373113e-03;1.2750000e+02;1.9056981e-02;1.2750000e+02;3.2951105e-02;1.2750000e+02;5.0294053e-02;1.2750000e+02;7.0645913e-02;1.2750000e+02;9.4838575e-02;1.2750000e+02;1.2083967e-01;1.2750000e+02;1.4976038e-01;1.2750000e+02;1.7496076e-01;1.2750000e+02;1.9828892e-01;1.2750000e+02;2.1637598e-01;1.2750000e+02;2.2477067e-01;1.2750000e+02;2.1038502e-01;1.2750000e+02;1.7746976e-01;1.2750000e+02;1.3308682e-01;1.2750000e+02;8.7275445e-02;1.2750000e+02;4.5206010e-02;1.2750000e+02;4.7393367e-03;1.2750000e+02;9.5373113e-03;1.2750000e+02;1.9056981e-02;1.2750000e+02;3.2951105e-02;1.2750000e+02;5.0294053e-02;1.2750000e+02;7.0645913e-02;1.2750000e+02;9.4838575e-02;1.2750000e+02;1.2083967e-01;1.2750000e+02;1.4976038e-01;1.2750000e+02;1.7496076e-01;1.2750000e+02;1.9828892e-01;1.2750000e+02;2.1637598e-01;1.2750000e+02;2.2477067e-01;1.2750000e+02;2.1038502e-01;1.2750000e+02;1.7746976e-01;1.2750000e+02;1.3308682e-01;1.2750000e+02;8.7275445e-02;1.2750000e+02;4.5206010e-02;1.2750000e+02;4.7393367e-03;1.2750000e+02;9.5373113e-03;1.2750000e+02;1.9056981e-02;1.2750000e+02;3.2951105e-02;1.2750000e+02;5.0294053e-02;1.2750000e+02;7.0645913e-02;1.2750000e+02;9.4838575e-02;1.2750000e+02;1.2083967e-01;1.2750000e+02;1.4976038e-01;1.2750000e+02;1.7496076e-01;1.2750000e+02;1.9828892e-01;1.2750000e+02;2.1637598e-01;1.2750000e+02;2.2477067e-01;1.2750000e+02;2.1038502e-01;1.2750000e+02;1.7746976e-01;1.2750000e+02;1.3308682e-01;1.2750000e+02;8.7275445e-02;1.2750000e+02;4.5206010e-02;1.2750000e+02;4.7393367e-03;1.2750000e+02;9.5373113e-03;1.2750000e+02;1.9056981e-02;1.2750000e+02;3.2951105e-02;1.2750000e+02;5.0294053e-02;1.2750000e+02;7.0645913e-02;1.2750000e+02;9.4838575e-02;1.2750000e+02;1.2083967e-01;1.2750000e+02;1.4976038e-01;1.2750000e+02;1.7496076e-01;1.2750000e+02;1.9828892e-01;1.2750000e+02;2.1637598e-01;1.2750000e+02;2.2477067e-01;1.2750000e+02;2.1038502e-01;1.2750000e+02;1.7746976e-01;1.2750000e+02;1.3308682e-01;1.2750000e+02;8.7275445e-02;1.2750000e+02;4.5206010e-02;1.2750000e+02;4.7393367e-03;1.2750000e+02;9.5373113e-03;1.2750000e+02;1.9056981e-02;1.2750000e+02;3.2951105e-02;1.2750000e+02;5.0294053e-02;1.2750000e+02;7.0645913e-02;1.2750000e+02;9.4838575e-02;1.2750000e+02;1.2083967e-01;1.2750000e+02;1.4976038e-01;1.2750000e+02;1.7496076e-01;1.2750000e+02;1.9828892e-01;1.2750000e+02;2.1637598e-01;1.2750000e+02;2.2477067e-01;1.2750000e+02;2.1038502e-01;1.2750000e+02;1.7746976e-01;1.2750000e+02;1.3308682e-01;1.2750000e+02;8.7275445e-02;1.2750000e+02;4.5206010e-02;1.2750000e+02;4.7393367e-03;1.2750000e+02;9.5373113e-03;1.2750000e+02;1.9056981e-02;1.2750000e+02;3.2951105e-02;1.2750000e+02;5.0294053e-02;1.2750000e+02;7.0645913e-02;1.2750000e+02;9.4838575e-02;1.2750000e+02;1.2083967e-01;1.2750000e+02;1.4976038e-01;1.2750000e+02;1.7496076e-01;1.2750000e+02;1.9828892e-01;1.2750000e+02;2.1637598e-01;1.2750000e+02;2.2477067e-01;1.2750000e+02;2.1038502e-01;1.2750000e+02;1.7746976e-01;1.2750000e+02;1.3308682e-01;1.2750000e+02;8.7275445e-02;1.2750000e+02;4.5206010e-02;1.2750000e+02;4.7393367e-03;1.2750000e+02;9.5373113e-03;1.2750000e+02;1.9056981e-02;1.2750000e+02;3.2951105e-02;1.2750000e+02;5.0294053e-02;1.2750000e+02;7.0645913e-02;1.2750000e+02;9.4838575e-02;1.2750000e+02;1.2083967e-01;1.2750000e+02;1.4976038e-01;1.2750000e+02;1.7496076e-01;1.2750000e+02;1.9828892e-01;1.2750000e+02;2.1637598e-01;1.2750000e+02;2.2477067e-01;1.2750000e+02;2.1038502e-01;1.2750000e+02;1.7746976e-01;1.2750000e+02;1.3308682e-01;1.2750000e+02;8.7275445e-02;1.2750000e+02;4.5206010e-02;1.2750000e+02;4.7393367e-03;1.2750000e+02;9.5373113e-03;1.2750000e+02;1.9056981e-02;1.2750000e+02;3.2951105e-02;1.2750000e+02;5.0294053e-02;1.2750000e+02;7.0645913e-02;1.2750000e+02;9.4838575e-02;1.2750000e+02;1.2083967e-01;1.2750000e+02;1.4976038e-01;1.2750000e+02;1.7496076e-01;1.2750000e+02;1.9828892e-01;1.2750000e+02;2.1637598e-01;1.2750000e+02;2.2477067e-01;1.2750000e+02;2.1038502e-01;1.2750000e+02;1.7746976e-01;1.2750000e+02;1.3308682e-01;1.2750000e+02;8.7275445e-02;1.2750000e+02;4.5206010e-02;1.2750000e+02;4.7393367e-03;1.2750000e+02;9.5373113e-03;1.2750000e+02;1.9056981e-02;1.2750000e+02;3.2951105e-02;1.2750000e+02;5.0294053e-02;1.2750000e+02;7.0645913e-02;1.2750000e+02;9.4838575e-02;1.2750000e+02;1.2083967e-01;1.2750000e+02;1.4976038e-01;1.2750000e+02;1.7496076e-01;1.2750000e+02;1.9828892e-01;1.2750000e+02;2.1637598e-01;1.2750000e+02;2.2477067e-01;1.2750000e+02;2.1038502e-01;1.2750000e+02;1.7746976e-01;1.2750000e+02;1.3308682e-01;1.2750000e+02;8.7275445e-02;1.2750000e+02;4.5206010e-02;1.2750000e+02;4.7393367e-03;1.2750000e+02;9.5373113e-03;1.2750000e+02;1.9056981e-02;1.2750000e+02;3.2951105e-02;1.2750000e+02;5.0294053e-02;1.2750000e+02;7.0645913e-02;1.2750000e+02;9.4838575e-02;1.2750000e+02;1.2083967e-01;1.2750000e+02;1.4976038e-01;1.2750000e+02;1.7496076e-01;1.2750000e+02;1.9828892e-01;1.2750000e+02;2.1637598e-01;1.2750000e+02;2.2477067e-01;1.2750000e+02;2.1038502e-01;1.2750000e+02;1.7746976e-01;1.2750000e+02;1.3308682e-01;1.2750000e+02;8.7275445e-02;1.2750000e+02;4.5206010e-02;1.2750000e+02;4.7393367e-03;1.2750000e+02;9.5373113e-03;1.2750000e+02;1.9056981e-02;1.2750000e+02;3.2951105e-02;1.2750000e+02;5.0294053e-02;1.2750000e+02;7.0645913e-02;1.2750000e+02;9.4838575e-02;1.2750000e+02;1.2083967e-01;1.2750000e+02;1.4976038e-01;1.2750000e+02;1.7496076e-01;1.2750000e+02;1.9828892e-01;1.2750000e+02;2.1637598e-01;1.2750000e+02;2.2477067e-01;1.2750000e+02;2.1038502e-01;1.2750000e+02;1.7746976e-01;1.2750000e+02;1.3308682e-01;1.2750000e+02;8.7275445e-02;1.2750000e+02;4.5206010e-02;1.2750000e+02;4.7393367e-03;1.2750000e+02;9.5373113e-03;1.2750000e+02;1.9056981e-02;1.2750000e+02;3.2951105e-02;1.2750000e+02;5.0294053e-02;1.2750000e+02;7.0645913e-02;1.2750000e+02;9.4838575e-02;1.2750000e+02;1.2083967e-01;1.2750000e+02;1.4976038e-01;1.2750000e+02;1.7496076e-01;1.2750000e+02;1.9828892e-01;1.2750000e+02;2.1637598e-01;1.2750000e+02;2.2477067e-01;1.2750000e+02;2.1038502e-01;1.2750000e+02;1.7746976e-01;1.2750000e+02;1.3308682e-01;1.2750000e+02;8.7275445e-02;1.2750000e+02;4.5206010e-02;1.2750000e+02;4.7393367e-03;1.2750000e+02;9.5373113e-03;1.2750000e+02;1.9056981e-02;1.2750000e+02;3.2951105e-02;1.2750000e+02;5.0294053e-02;1.2750000e+02;7.0645913e-02;1.2750000e+02;9.4838575e-02;1.2750000e+02;1.2083967e-01;1.2750000e+02;1.4976038e-01;1.2750000e+02;1.7496076e-01;1.2750000e+02;1.9828892e-01;1.2750000e+02;2.1637598e-01;1.2750000e+02;2.2477067e-01;1.2750000e+02;2.1038502e-01;1.2750000e+02;1.7746976e-01;1.2750000e+02;1.3308682e-01;1.2750000e+02;8.7275445e-02;1.2750000e+02;4.5206010e-02;1.2750000e+02;4.7393367e-03;1.2750000e+02;9.5373113e-03;1.2750000e+02;1.9056981e-02;1.2750000e+02;3.2951105e-02;1.2750000e+02;5.0294053e-02;1.2750000e+02;7.0645913e-02;1.2750000e+02;9.4838575e-02;1.2750000e+02;1.2083967e-01;1.2750000e+02;1.4976038e-01;1.2750000e+02;1.7496076e-01;1.2750000e+02;1.9828892e-01;1.2750000e+02;2.1637598e-01;1.2750000e+02;2.2477067e-01;1.2750000e+02;2.1038502e-01;1.2750000e+02;1.7746976e-01;1.2750000e+02;1.3308682e-01;1.2750000e+02;8.7275445e-02;1.2750000e+02;4.5206010e-02;1.2750000e+02;4.7393367e-03;1.2750000e+02;9.5373113e-03;1.2750000e+02;1.9056981e-02;1.2750000e+02;3.2951105e-02;1.2750000e+02;5.0294053e-02;1.2750000e+02;7.0645913e-02;1.2750000e+02;9.4838575e-02;1.2750000e+02;1.2083967e-01;1.2750000e+02;1.4976038e-01;1.2750000e+02;1.7496076e-01;1.2750000e+02;1.9828892e-01;1.2750000e+02;2.1637598e-01;1.2750000e+02;2.2477067e-01;1.2750000e+02;2.1038502e-01;1.2750000e+02;1.7746976e-01;1.2750000e+02;1.3308682e-01;1.2750000e+02;8.7275445e-02;1.2750000e+02;4.5206010e-02;1.2750000e+02;4.7393367e-03;1.2750000e+02;9.5373113e-03;1.2750000e+02;1.9056981e-02;1.2750000e+02;3.2951105e-02;1.2750000e+02;5.0294053e-02;1.2750000e+02;7.0645913e-02;1.2750000e+02;9.4838575e-02;1.2750000e+02;1.2083967e-01;1.2750000e+02;1.4976038e-01;1.2750000e+02;1.7496076e-01;1.2750000e+02;1.9828892e-01;1.2750000e+02;2.1637598e-01;1.2750000e+02;2.2477067e-01;1.2750000e+02;2.1038502e-01;1.2750000e+02;1.7746976e-01;1.2750000e+02;1.3308682e-01;1.2750000e+02;8.7275445e-02;1.2750000e+02;4.5206010e-02;1.2750000e+02;4.7393367e-03;1.2750000e+02;9.5373113e-03;1.2750000e+02;1.9056981e-02;1.2750000e+02;3.2951105e-02;1.2750000e+02;5.0294053e-02;1.2750000e+02;7.0645913e-02;1.2750000e+02;9.4838575e-02;1.2750000e+02;1.2083967e-01;1.2750000e+02;1.4976038e-01;1.2750000e+02;1.7496076e-01;1.2750000e+02;1.9828892e-01;1.2750000e+02;2.1637598e-01;1.2750000e+02;2.2477067e-01;1.2750000e+02;2.1038502e-01;1.2750000e+02;1.7746976e-01;1.2750000e+02;1.3308682e-01;1.2750000e+02;8.7275445e-02;1.2750000e+02;4.5206010e-02;1.2750000e+02;4.7393367e-03;1.2750000e+02;9.5373113e-03;1.2750000e+02;1.9056981e-02;1.2750000e+02;3.2951105e-02;1.2750000e+02;5.0294053e-02;1.2750000e+02;7.0645913e-02;1.2750000e+02;9.4838575e-02;1.2750000e+02;1.2083967e-01;1.2750000e+02;1.4976038e-01;1.2750000e+02;1.7496076e-01;1.2750000e+02;1.9828892e-01;1.2750000e+02;2.1637598e-01;1.2750000e+02;2.2477067e-01;1.2750000e+02;2.1038502e-01;1.2750000e+02;1.7746976e-01;1.2750000e+02;1.3308682e-01;1.2750000e+02;8.7275445e-02;1.2750000e+02;4.5206010e-02;1.2750000e+02;4.7393367e-03;1.2750000e+02;9.5373113e-03;1.2750000e+02;1.9056981e-02;1.2750000e+02;3.2951105e-02;1.2750000e+02;5.0294053e-02;1.2750000e+02;7.0645913e-02;1.2750000e+02;9.4838575e-02;1.2750000e+02;1.2083967e-01;1.2750000e+02;1.4976038e-01;1.2750000e+02;1.7496076e-01;1.2750000e+02;1.9828892e-01;1.2750000e+02;2.1637598e-01;1.2750000e+02;2.2477067e-01;1.2750000e+02;2.1038502e-01;1.2750000e+02;1.7746976e-01;1.2750000e+02;1.3308682e-01;1.2750000e+02;8.7275445e-02;1.2750000e+02;4.5206010e-02
1.3250000e+02;-1.1431035e-03;1.3250000e+02;3.9875377e-03;1.3250000e+02;1.5574016e-02;1.3250000e+02;3.1178795e-02;1.3250000e+02;4.9807936e-02;1.3250000e+02;7.1403585e-02;1.3250000e+02;9.6536778e-02;1.3250000e+02;1.2586504e-01;1.3250000e+02;1.5815930e-01;1.3250000e+02;1.8380193e-01;1.3250000e+02;2.0499562e-01;1.3250000e+02;2.1797891e-01;1.3250000e+02;2.2208175e-01;1.3250000e+02;2.0604928e-01;1.3250000e+02;1.7283088e-01;1.3250000e+02;1.2959047e-01;1.3250000e+02;8.4941603e-02;1.3250000e+02;4.3693483e-02;1.3250000e+02;-1.1431035e-03;1.3250000e+02;3.9875377e-03;1.3250000e+02;1.5574016e-02;1.3250000e+02;3.1178795e-02;1.3250000e+02;4.9807936e-02;1.3250000e+02;7.1403585e-02;1.3250000e+02;9.6536778e-02;1.3250000e+02;1.2586504e-01;1.3250000e+02;1.5815930e-01;1.3250000e+02;1.8380193e-01;1.3250000e+02;2.0499562e-01;1.3250000e+02;2.1797891e-01;1.3250000e+02;2.2208175e-01;1.3250000e+02;2.0604928e-01;1.3250000e+02;1.7283088e-01;1.3250000e+02;1.2959047e-01;1.3250000e+02;8.4941603e-02;1.3250000e+02;4.3693483e-02;1.3250000e+02;-1.1431035e-03;1.3250000e+02;3.9875377e-03;1.3250000e+02;1.5574016e-02;1.3250000e+02;3.1178795e-02;1.3250000e+02;4.9807936e-02;1.3250000e+02;7.1403585e-02;1.3250000e+02;9.6536778e-02;1.3250000e+02;1.2586504e-01;1.3250000e+02;1.5815930e-01;1.3250000e+02;1.8380193e-01;1.3250000e+02;2.0499562e-01;1.3250000e+02;2.1797891e-01;1.3250000e+02;2.2208175e-01;1.3250000e+02;2.0604928e-01;1.3250000e+02;1.7283088e-01;1.3250000e+02;1.2959047e-01;1.3250000e+02;8.4941603e-02;1.3250000e+02;4.3693483e-02;1.3250000e+02;-1.1431035e-03;1.3250000e+02;3.9875377e-03;1.3250000e+02;1.5574016e-02;1.3250000e+02;3.1178795e-02;1.3250000e+02;4.9807936e-02;1.3250000e+02;7.1403585e-02;1.3250000e+02;9.6536778e-02;1.3250000e+02;1.2586504e-01;1.3250000e+02;1.5815930e-01;1.3250000e+02;1.8380193e-01;1.3250000e+02;2.0499562e-01;1.3250000e+02;2.1797891e-01;1.3250000e+02;2.2208175e-01;1.3250000e+02;2.0604928e-01;1.3250000e+02;1.7283088e-01;1.3250000e+02;1.2959047e-01;1.3250000e+02;8.4941603e-02;1.3250000e+02;4.3693483e-02;1.3250000e+02;-1.1431035e-03;1.3250000e+02;3.9875377e-03;1.3250000e+02;1.5574016e-02;1.3250000e+02;3.1178795e-02;1.3250000e+02;4.9807936e-02;1.3250000e+02;7.1403585e-02;1.3250000e+02;9.6536778e-02;1.3250000e+02;1.2586504e-01;1.3250000e+02;1.5815930e-01;1.3250000e+02;1.8380193e-01;1.3250000e+02;2.0499562e-01;1.3250000e+02;2.1797891e-01;1.3250000e+02;2.2208175e-01;1.3250000e+02;2.0604928e-01;1.3250000e+02;1.7283088e-01;1.3250000e+02;1.2959047e-01;1.3250000e+02;8.4941603e-02;1.3250000e+02;4.3693483e-02;1.3250000e+02;-1.1431035e-03;1.3250000e+02;3.9875377e-03;1.3250000e+02;1.5574016e-02;1.3250000e+02;3.1178795e-02;1.3250000e+02;4.9807936e-02;1.3250000e+02;7.1403585e-02;1.3250000e+02;9.6536778e-02;1.3250000e+02;1.2586504e-01;1.3250000e+02;1.5815930e-01;1.3250000e+02;1.8380193e-01;1.3250000e+02;2.0499562e-01;1.3250000e+02;2.1797891e-01;1.3250000e+02;2.2208175e-01;1.3250000e+02;2.0604928e-01;1.3250000e+02;1.7283088e-01;1.3250000e+02;1.2959047e-01;1.3250000e+02;8.4941603e-02;1.3250000e+02;4.3693483e-02;1.3250000e+02;-1.1431035e-03;1.3250000e+02;3.9875377e-03;1.3250000e+02;1.5574016e-02;1.3250000e+02;3.1178795e-02;1.3250000e+02;4.9807936e-02;1.3250000e+02;7.1403585e-02;1.3250000e+02;9.6536778e-02;1.3250000e+02;1.2586504e-01;1.3250000e+02;1.5815930e-01;1.3250000e+02;1.8380193e-01;1.3250000e+02;2.0499562e-01;1.3250000e+02;2.1797891e-01;1.3250000e+02;2.2208175e-01;1.3250000e+02;2.0604928e-01;1.3250000e+02;1.7283088e-01;1.3250000e+02;1.2959047e-01;1.3250000e+02;8.4941603e-02;1.3250000e+02;4.3693483e-02;1.3250000e+02;-1.1431035e-03;1.3250000e+02;3.9875377e-03;1.3250000e+02;1.5574016e-02;1.3250000e+02;3.1178795e-02;1.3250000e+02;4.9807936e-02;1.3250000e+02;7.1403585e-02;1.3250000e+02;9.6536778e-02;1.3250000e+02;1.2586504e-01;1.3250000e+02;1.5815930e-01;1.3250000e+02;1.8380193e-01;1.3250000e+02;2.0499562e-01;1.3250000e+02;2.1797891e-01;1.3250000e+02;2.2208175e-01;1.3250000e+02;2.0604928e-01;1.3250000e+02;1.7283088e-01;1.3250000e+02;1.2959047e-01;1.3250000e+02;8.4941603e-02;1.3250000e+02;4.3693483e-02;1.3250000e+02;-1.1431035e-03;1.3250000e+02;3.9875377e-03;1.3250000e+02;1.5574016e-02;1.3250000e+02;3.1178795e-02;1.3250000e+02;4.9807936e-02;1.3250000e+02;7.1403585e-02;1.3250000e+02;9.6536778e-02;1.3250000e+02;1.2586504e-01;1.3250000e+02;1.5815930e-01;1.3250000e+02;1.8380193e-01;1.3250000e+02;2.0499562e-01;1.3250000e+02;2.1797891e-01;1.3250000e+02;2.2208175e-01;1.3250000e+02;2.0604928e-01;1.3250000e+02;1.7283088e-01;1.3250000e+02;1.2959047e-01;1.3250000e+02;8.4941603e-02;1.3250000e+02;4.3693483e-02;1.3250000e+02;-1.1431035e-03;1.3250000e+02;3.9875377e-03;1.3250000e+02;1.5574016e-02;1.3250000e+02;3.1178795e-02;1.3250000e+02;4.9807936e-02;1.3250000e+02;7.1403585e-02;1.3250000e+02;9.6536778e-02;1.3250000e+02;1.2586504e-01;1.3250000e+02;1.5815930e-01;1.3250000e+02;1.8380193e-01;1.3250000e+02;2.0499562e-01;1.3250000e+02;2.1797891e-01;1.3250000e+02;2.2208175e-01;1.3250000e+02;2.0604928e-01;1.3250000e+02;1.7283088e-01;1.3250000e+02;1.2959047e-01;1.3250000e+02;8.4941603e-02;1.3250000e+02;4.3693483e-02;1.3250000e+02;-1.1431035e-03;1.3250000e+02;3.9875377e-03;1.3250000e+02;1.5574016e-02;1.3250000e+02;3.1178795e-02;1.3250000e+02;4.9807936e-02;1.3250000e+02;7.1403585e-02;1.3250000e+02;9.6536778e-02;1.3250000e+02;1.2586504e-01;1.3250000e+02;1.5815930e-01;1.3250000e+02;1.8380193e-01;1.3250000e+02;2.0499562e-01;1.3250000e+02;2.1797891e-01;1.3250000e+02;2.2208175e-01;1.3250000e+02;2.0604928e-01;1.3250000e+02;1.7283088e-01;1.3250000e+02;1.2959047e-01;1.3250000e+02;8.4941603e-02;1.3250000e+02;4.3693483e-02;1.3250000e+02;-1.1431035e-03;1.3250000e+02;3.9875377e-03;1.3250000e+02;1.5574016e-02;1.3250000e+02;3.1178795e-02;1.3250000e+02;4.9807936e-02;1.3250000e+02;7.1403585e-02;1.3250000e+02;9.6536778e-02;1.3250000e+02;1.2586504e-01;1.3250000e+02;1.5815930e-01;1.3250000e+02;1.8380193e-01;1.3250000e+02;2.0499562e-01;1.3250000e+02;2.1797891e-01;1.3250000e+02;2.2208175e-01;1.3250000e+02;2.0604928e-01;1.3250000e+02;1.7283088e-01;1.3250000e+02;1.2959047e-01;1.3250000e+02;8.4941603e-02;1.3250000e+02;4.3693483e-02;1.3250000e+02;-1.1431035e-03;1.3250000e+02;3.9875377e-03;1.3250000e+02;1.5574016e-02;1.3250000e+02;3.1178795e-02;1.3250000e+02;4.9807936e-02;1.3250000e+02;7.1403585e-02;1.3250000e+02;9.6536778e-02;1.3250000e+02;1.2586504e-01;1.3250000e+02;1.5815930e-01;1.3250000e+02;1.8380193e-01;1.3250000e+02;2.0499562e-01;1.3250000e+02;2.1797891e-01;1.3250000e+02;2.2208175e-01;1.3250000e+02;2.0604928e-01;1.3250000e+02;1.7283088e-01;1.3250000e+02;1.2959047e-01;1.3250000e+02;8.4941603e-02;1.3250000e+02;4.3693483e-02;1.3250000e+02;-1.1431035e-03;1.3250000e+02;3.9875377e-03;1.3250000e+02;1.5574016e-02;1.3250000e+02;3.1178795e-02;1.3250000e+02;4.9807936e-02;1.3250000e+02;7.1403585e-02;1.3250000e+02;9.6536778e-02;1.3250000e+02;1.2586504e-01;1.3250000e+02;1.5815930e-01;1.3250000e+02;1.8380193e-01;1.3250000e+02;2.0499562e-01;1.3250000e+02;2.1797891e-01;1.3250000e+02;2.2208175e-01;1.3250000e+02;2.0604928e-01;1.3250000e+02;1.7283088e-01;1.3250000e+02;1.2959047e-01;1.3250000e+02;8.4941603e-02;1.3250000e+02;4.3693483e-02;1.3250000e+02;-1.1431035e-03;1.3250000e+02;3.9875377e-03;1.3250000e+02;1.5574016e-02;1.3250000e+02;3.1178795e-02;1.3250000e+02;4.9807936e-02;1.3250000e+02;7.1403585e-02;1.3250000e+02;9.6536778e-02;1.3250000e+02;1.2586504e-01;1.3250000e+02;1.5815930e-01;1.3250000e+02;1.8380193e-01;1.3250000e+02;2.0499562e-01;1.3250000e+02;2.1797891e-01;1.3250000e+02;2.2208175e-01;1.3250000e+02;2.0604928e-01;1.3250000e+02;1.7283088e-01;1.3250000e+02;1.2959047e-01;1.3250000e+02;8.4941603e-02;1.3250000e+02;4.3693483e-02;1.3250000e+02;-1.1431035e-03;1.3250000e+02;3.9875377e-03;1.3250000e+02;1.5574016e-02;1.3250000e+02;3.1178795e-02;1.3250000e+02;4.9807936e-02;1.3250000e+02;7.1403585e-02;1.3250000e+02;9.6536778e-02;1.3250000e+02;1.2586504e-01;1.3250000e+02;1.5815930e-01;1.3250000e+02;1.8380193e-01;1.3250000e+02;2.0499562e-01;1.3250000e+02;2.1797891e-01;1.3250000e+02;2.2208175e-01;1.3250000e+02;2.0604928e-01;1.3250000e+02;1.7283088e-01;1.3250000e+02;1.2959047e-01;1.3250000e+02;8.4941603e-02;1.3250000e+02;4.3693483e-02;1.3250000e+02;-1.1431035e-03;1.3250000e+02;3.9875377e-03;1.3250000e+02;1.5574016e-02;1.3250000e+02;3.1178795e-02;1.3250000e+02;4.9807936e-02;1.3250000e+02;7.1403585e-02;1.3250000e+02;9.6536778e-02;1.3250000e+02;1.2586504e-01;1.3250000e+02;1.5815930e-01;1.3250000e+02;1.8380193e-01;1.3250000e+02;2.0499562e-01;1.3250000e+02;2.1797891e-01;1.3250000e+02;2.2208175e-01;1.3250000e+02;2.0604928e-01;1.3250000e+02;1.7283088e-01;1.3250000e+02;1.2959047e-01;1.3250000e+02;8.4941603e-02;1.3250000e+02;4.3693483e-02;1.3250000e+02;-1.1431035e-03;1.3250000e+02;3.9875377e-03;1.3250000e+02;1.5574016e-02;1.3250000e+02;3.1178795e-02;1.3250000e+02;4.9807936e-02;1.3250000e+02;7.1403585e-02;1.3250000e+02;9.6536778e-02;1.3250000e+02;1.2586504e-01;1.3250000e+02;1.5815930e-01;1.3250000e+02;1.8380193e-01;1.3250000e+02;2.0499562e-01;1.3250000e+02;2.1797891e-01;1.3250000e+02;2.2208175e-01;1.3250000e+02;2.0604928e-01;1.3250000e+02;1.7283088e-01;1.3250000e+02;1.2959047e-01;1.3250000e+02;8.4941603e-02;1.3250000e+02;4.3693483e-02;1.3250000e+02;-1.1431035e-03;1.3250000e+02;3.9875377e-03;1.3250000e+02;1.5574016e-02;1.3250000e+02;3.1178795e-02;1.3250000e+02;4.9807936e-02;1.3250000e+02;7.1403585e-02;1.3250000e+02;9.6536778e-02;1.3250000e+02;1.2586504e-01;1.3250000e+02;1.5815930e-01;1.3250000e+02;1.8380193e-01;1.3250000e+02;2.0499562e-01;1.3250000e+02;2.1797891e-01;1.3250000e+02;2.2208175e-01;1.3250000e+02;2.0604928e-01;1.3250000e+02;1.7283088e-01;1.3250000e+02;1.2959047e-01;1.3250000e+02;8.4941603e-02;1.3250000e+02;4.3693483e-02;1.3250000e+02;-1.1431035e-03;1.3250000e+02;3.9875377e-03;1.3250000e+02;1.5574016e-02;1.3250000e+02;3.1178795e-02;1.3250000e+02;4.9807936e-02;1.3250000e+02;7.1403585e-02;1.3250000e+02;9.6536778e-02;1.3250000e+02;1.2586504e-01;1.3250000e+02;1.5815930e-01;1.3250000e+02;1.8380193e-01;1.3250000e+02;2.0499562e-01;1.3250000e+02;2.1797891e-01;1.3250000e+02;2.2208175e-01;1.3250000e+02;2.0604928e-01;1.3250000e+02;1.7283088e-01;1.3250000e+02;1.2959047e-01;1.3250000e+02;8.4941603e-02;1.3250000e+02;4.3693483e-02;1.3250000e+02;-1.1431035e-03;1.3250000e+02;3.9875377e-03;1.3250000e+02;1.5574016e-02;1.3250000e+02;3.1178795e-02;1.3250000e+02;4.9807936e-02;1.3250000e+02;7.1403585e-02;1.3250000e+02;9.6536778e-02;1.3250000e+02;1.2586504e-01;1.3250000e+02;1.5815930e-01;1.3250000e+02;1.8380193e-01;1.3250000e+02;2.0499562e-01;1.3250000e+02;2.1797891e-01;1.3250000e+02;2.2208175e-01;1.3250000e+02;2.0604928e-01;1.3250000e+02;1.7283088e-01;1.3250000e+02;1.2959047e-01;1.3250000e+02;8.4941603e-02;1.3250000e+02;4.3693483e-02;1.3250000e+02;-1.1431035e-03;1.3250000e+02;3.9875377e-03;1.3250000e+02;1.5574016e-02;1.3250000e+02;3.1178795e-02;1.3250000e+02;4.9807936e-02;1.3250000e+02;7.1403585e-02;1.3250000e+02;9.6536778e-02;1.3250000e+02;1.2586504e-01;1.3250000e+02;1.5815930e-01;1.3250000e+02;1.8380193e-01;1.3250000e+02;2.0499562e-01;1.3250000e+02;2.1797891e-01;1.3250000e+02;2.2208175e-01;1.3250000e+02;2.0604928e-01;1.3250000e+02;1.7283088e-01;1.3250000e+02;1.2959047e-01;1.3250000e+02;8.4941603e-02;1.3250000e+02;4.3693483e-02;1.3250000e+02;-1.1431035e-03;1.3250000e+02;3.9875377e-03;1.3250000e+02;1.5574016e-02;1.3250000e+02;3.1178795e-02;1.3250000e+02;4.9807936e-02;1.3250000e+02;7.1403585e-02;1.3250000e+02;9.6536778e-02;1.3250000e+02;1.2586504e-01;1.3250000e+02;1.5815930e-01;1.3250000e+02;1.8380193e-01;1.3250000e+02;2.0499562e-01;1.3250000e+02;2.1797891e-01;1.3250000e+02;2.2208175e-01;1.3250000e+02;2.0604928e-01;1.3250000e+02;1.7283088e-01;1.3250000e+02;1.2959047e-01;1.3250000e+02;8.4941603e-02;1.3250000e+02;4.3693483e-02;1.3250000e+02;-1.1431035e-03;1.3250000e+02;3.9875377e-03;1.3250000e+02;1.5574016e-02;1.3250000e+02;3.1178795e-02;1.3250000e+02;4.9807936e-02;1.3250000e+02;7.1403585e-02;1.3250000e+02;9.6536778e-02;1.3250000e+02;1.2586504e-01;1.3250000e+02;1.5815930e-01;1.3250000e+02;1.8380193e-01;1.3250000e+02;2.0499562e-01;1.3250000e+02;2.1797891e-01;1.3250000e+02;2.2208175e-01;1.3250000e+02;2.0604928e-01;1.3250000e+02;1.7283088e-01;1.3250000e+02;1.2959047e-01;1.3250000e+02;8.4941603e-02;1.3250000e+02;4.3693483e-02;1.3250000e+02;-1.1431035e-03;1.3250000e+02;3.9875377e-03;1.3250000e+02;1.5574016e-02;1.3250000e+02;3.1178795e-02;1.3250000e+02;4.9807936e-02;1.3250000e+02;7.1403585e-02;1.3250000e+02;9.6536778e-02;1.3250000e+02;1.2586504e-01;1.3250000e+02;1.5815930e-01;1.3250000e+02;1.8380193e-01;1.3250000e+02;2.0499562e-01;1.3250000e+02;2.1797891e-01;1.3250000e+02;2.2208175e-01;1.3250000e+02;2.0604928e-01;1.3250000e+02;1.7283088e-01;1.3250000e+02;1.2959047e-01;1.3250000e+02;8.4941603e-02;1.3250000e+02;4.3693483e-02;1.3250000e+02;-1.1431035e-03;1.3250000e+02;3.9875377e-03;1.3250000e+02;1.5574016e-02;1.3250000e+02;3.1178795e-02;1.3250000e+02;4.9807936e-02;1.3250000e+02;7.1403585e-02;1.3250000e+02;9.6536778e-02;1.3250000e+02;1.2586504e-01;1.3250000e+02;1.5815930e-01;1.3250000e+02;1.8380193e-01;1.3250000e+02;2.0499562e-01;1.3250000e+02;2.1797891e-01;1.3250000e+02;2.2208175e-01;1.3250000e+02;2.0604928e-01;1.3250000e+02;1.7283088e-01;1.3250000e+02;1.2959047e-01;1.3250000e+02;8.4941603e-02;1.3250000e+02;4.3693483e-02;1.3250000e+02;-1.1431035e-03;1.3250000e+02;3.9875377e-03;1.3250000e+02;1.5574016e-02;1.3250000e+02;3.1178795e-02;1.3250000e+02;4.9807936e-02;1.3250000e+02;7.1403585e-02;1.3250000e+02;9.6536778e-02;1.3250000e+02;1.2586504e-01;1.3250000e+02;1.5815930e-01;1.3250000e+02;1.8380193e-01;1.3250000e+02;2.0499562e-01;1.3250000e+02;2.1797891e-01;1.3250000e+02;2.2208175e-01;1.3250000e+02;2.0604928e-01;1.3250000e+02;1.7283088e-01;1.3250000e+02;1.2959047e-01;1.3250000e+02;8.4941603e-02;1.3250000e+02;4.3693483e-02;1.3250000e+02;-1.1431035e-03;1.3250000e+02;3.9875377e-03;1.3250000e+02;1.5574016e-02;1.3250000e+02;3.1178795e-02;1.3250000e+02;4.9807936e-02;1.3250000e+02;7.1403585e-02;1.3250000e+02;9.6536778e-02;1.3250000e+02;1.2586504e-01;1.3250000e+02;1.5815930e-01;1.3250000e+02;1.8380193e-01;1.3250000e+02;2.0499562e-01;1.3250000e+02;2.1797891e-01;1.3250000e+02;2.2208175e-01;1.3250000e+02;2.0604928e-01;1.3250000e+02;1.7283088e-01;1.3250000e+02;1.2959047e-01;1.3250000e+02;8.4941603e-02;1.3250000e+02;4.3693483e-02;1.3250000e+02;-1.1431035e-03;1.3250000e+02;3.9875377e-03;1.3250000e+02;1.5574016e-02;1.3250000e+02;3.1178795e-02;1.3250000e+02;4.9807936e-02;1.3250000e+02;7.1403585e-02;1.3250000e+02;9.6536778e-02;1.3250000e+02;1.2586504e-01;1.3250000e+02;1.5815930e-01;1.3250000e+02;1.8380193e-01;1.3250000e+02;2.0499562e-01;1.3250000e+02;2.1797891e-01;1.3250000e+02;2.2208175e-01;1.3250000e+02;2.0604928e-01;1.3250000e+02;1.7283088e-01;1.3250000e+02;1.2959047e-01;1.3250000e+02;8.4941603e-02;1.3250000e+02;4.3693483e-02;1.3250000e+02;-1.1431035e-03;1.3250000e+02;3.9875377e-03;1.3250000e+02;1.5574016e-02;1.3250000e+02;3.1178795e-02;1.3250000e+02;4.9807936e-02;1.3250000e+02;7.1403585e-02;1.3250000e+02;9.6536778e-02;1.3250000e+02;1.2586504e-01;1.3250000e+02;1.5815930e-01;1.3250000e+02;1.8380193e-01;1.3250000e+02;2.0499562e-01;1.3250000e+02;2.1797891e-01;1.3250000e+02;2.2208175e-01;1.3250000e+02;2.0604928e-01;1.3250000e+02;1.7283088e-01;1.3250000e+02;1.2959047e-01;1.3250000e+02;8.4941603e-02;1.3250000e+02;4.3693483e-02;1.3250000e+02;-1.1431035e-03;1.3250000e+02;3.9875377e-03;1.3250000e+02;1.5574016e-02;1.3250000e+02;3.1178795e-02;1.3250000e+02;4.9807936e-02;1.3250000e+02;7.1403585e-02;1.3250000e+02;9.6536778e-02;1.3250000e+02;1.2586504e-01;1.3250000e+02;1.5815930e-01;1.3250000e+02;1.8380193e-01;1.3250000e+02;2.0499562e-01;1.3250000e+02;2.1797891e-01;1.3250000e+02;2.2208175e-01;1.3250000e+02;2.0604928e-01;1.3250000e+02;1.7283088e-01;1.3250000e+02;1.2959047e-01;1.3250000e+02;8.4941603e-02;1.3250000e+02;4.3693483e-02;1.3250000e+02;-1.1431035e-03;1.3250000e+02;3.9875377e-03;1.3250000e+02;1.5574016e-02;1.3250000e+02;3.1178795e-02;1.3250000e+02;4.9807936e-02;1.3250000e+02;7.1403585e-02;1.3250000e+02;9.6536778e-02;1.3250000e+02;1.2586504e-01;1.3250000e+02;1.5815930e-01;1.3250000e+02;1.8380193e-01;1.3250000e+02;2.0499562e-01;1.3250000e+02;2.1797891e-01;1.3250000e+02;2.2208175e-01;1.3250000e+02;2.0604928e-01;1.3250000e+02;1.7283088e-01;1.3250000e+02;1.2959047e-01;1.3250000e+02;8.4941603e-02;1.3250000e+02;4.3693483e-02;1.3250000e+02;-1.1431035e-03;1.3250000e+02;3.9875377e-03;1.3250000e+02;1.5574016e-02;1.3250000e+02;3.1178795e-02;1.3250000e+02;4.9807936e-02;1.3250000e+02;7.1403585e-02;1.3250000e+02;9.6536778e-02;1.3250000e+02;1.2586504e-01;1.3250000e+02;1.5815930e-01;1.3250000e+02;1.8380193e-01;1.3250000e+02;2.0499562e-01;1.3250000e+02;2.1797891e-01;1.3250000e+02;2.2208175e-01;1.3250000e+02;2.0604928e-01;1.3250000e+02;1.7283088e-01;1.3250000e+02;1.2959047e-01;1.3250000e+02;8.4941603e-02;1.3250000e+02;4.3693483e-02;1.3250000e+02;-1.1431035e-03;1.3250000e+02;3.9875377e-03;1.3250000e+02;1.5574016e-02;1.3250000e+02;3.1178795e-02;1.3250000e+02;4.9807936e-02;1.3250000e+02;7.1403585e-02;1.3250000e+02;9.6536778e-02;1.3250000e+02;1.2586504e-01;1.3250000e+02;1.5815930e-01;1.3250000e+02;1.8380193e-01;1.3250000e+02;2.0499562e-01;1.3250000e+02;2.1797891e-01;1.3250000e+02;2.2208175e-01;1.3250000e+02;2.0604928e-01;1.3250000e+02;1.7283088e-01;1.3250000e+02;1.2959047e-01;1.3250000e+02;8.4941603e-02;1.3250000e+02;4.3693483e-02;1.3250000e+02;-1.1431035e-03;1.3250000e+02;3.9875377e-03;1.3250000e+02;1.5574016e-02;1.3250000e+02;3.1178795e-02;1.3250000e+02;4.9807936e-02;1.3250000e+02;7.1403585e-02;1.3250000e+02;9.6536778e-02;1.3250000e+02;1.2586504e-01;1.3250000e+02;1.5815930e-01;1.3250000e+02;1.8380193e-01;1.3250000e+02;2.0499562e-01;1.3250000e+02;2.1797891e-01;1.3250000e+02;2.2208175e-01;1.3250000e+02;2.0604928e-01;1.3250000e+02;1.7283088e-01;1.3250000e+02;1.2959047e-01;1.3250000e+02;8.4941603e-02;1.3250000e+02;4.3693483e-02;1.3250000e+02;-1.1431035e-03;1.3250000e+02;3.9875377e-03;1.3250000e+02;1.5574016e-02;1.3250000e+02;3.1178795e-02;1.3250000e+02;4.9807936e-02;1.3250000e+02;7.1403585e-02;1.3250000e+02;9.6536778e-02;1.3250000e+02;1.2586504e-01;1.3250000e+02;1.5815930e-01;1.3250000e+02;1.8380193e-01;1.3250000e+02;2.0499562e-01;1.3250000e+02;2.1797891e-01;1.3250000e+02;2.2208175e-01;1.3250000e+02;2.0604928e-01;1.3250000e+02;1.7283088e-01;1.3250000e+02;1.2959047e-01;1.3250000e+02;8.4941603e-02;1.3250000e+02;4.3693483e-02;1.3250000e+02;-1.1431035e-03;1.3250000e+02;3.9875377e-03;1.3250000e+02;1.5574016e-02;1.3250000e+02;3.1178795e-02;1.3250000e+02;4.9807936e-02;1.3250000e+02;7.1403585e-02;1.3250000e+02;9.6536778e-02;1.3250000e+02;1.2586504e-01;1.3250000e+02;1.5815930e-01;1.3250000e+02;1.8380193e-01;1.3250000e+02;2.0499562e-01;1.3250000e+02;2.1797891e-01;1.3250000e+02;2.2208175e-01;1.3250000e+02;2.0604928e-01;1.3250000e+02;1.7283088e-01;1.3250000e+02;1.2959047e-01;1.3250000e+02;8.4941603e-02;1.3250000e+02;4.3693483e-02;1.3250000e+02;-1.1431035e-03;1.3250000e+02;3.9875377e-03;1.3250000e+02;1.5574016e-02;1.3250000e+02;3.1178795e-02;1.3250000e+02;4.9807936e-02;1.3250000e+02;7.1403585e-02;1.3250000e+02;9.6536778e-02;1.3250000e+02;1.2586504e-01;1.3250000e+02;1.5815930e-01;1.3250000e+02;1.8380193e-01;1.3250000e+02;2.0499562e-01;1.3250000e+02;2.1797891e-01;1.3250000e+02;2.2208175e-01;1.3250000e+02;2.0604928e-01;1.3250000e+02;1.7283088e-01;1.3250000e+02;1.2959047e-01;1.3250000e+02;8.4941603e-02;1.3250000e+02;4.3693483e-02;1.3250000e+02;-1.1431035e-03;1.3250000e+02;3.9875377e-03;1.3250000e+02;1.5574016e-02;1.3250000e+02;3.1178795e-02;1.3250000e+02;4.9807936e-02;1.3250000e+02;7.1403585e-02;1.3250000e+02;9.6536778e-02;1.3250000e+02;1.2586504e-01;1.3250000e+02;1.5815930e-01;1.3250000e+02;1.8380193e-01;1.3250000e+02;2.0499562e-01;1.3250000e+02;2.1797891e-01;1.3250000e+02;2.2208175e-01;1.3250000e+02;2.0604928e-01;1.3250000e+02;1.7283088e-01;1.3250000e+02;1.2959047e-01;1.3250000e+02;8.4941603e-02;1.3250000e+02;4.3693483e-02;1.3250000e+02;-1.1431035e-03;1.3250000e+02;3.9875377e-03;1.3250000e+02;1.5574016e-02;1.3250000e+02;3.1178795e-02;1.3250000e+02;4.9807936e-02;1.3250000e+02;7.1403585e-02;1.3250000e+02;9.6536778e-02;1.3250000e+02;1.2586504e-01;1.3250000e+02;1.5815930e-01;1.3250000e+02;1.8380193e-01;1.3250000e+02;2.0499562e-01;1.3250000e+02;2.1797891e-01;1.3250000e+02;2.2208175e-01;1.3250000e+02;2.0604928e-01;1.3250000e+02;1.7283088e-01;1.3250000e+02;1.2959047e-01;1.3250000e+02;8.4941603e-02;1.3250000e+02;4.3693483e-02;1.3250000e+02;-1.1431035e-03;1.3250000e+02;3.9875377e-03;1.3250000e+02;1.5574016e-02;1.3250000e+02;3.1178795e-02;1.3250000e+02;4.9807936e-02;1.3250000e+02;7.1403585e-02;1.3250000e+02;9.6536778e-02;1.3250000e+02;1.2586504e-01;1.3250000e+02;1.5815930e-01;1.3250000e+02;1.8380193e-01;1.3250000e+02;2.0499562e-01;1.3250000e+02;2.1797891e-01;1.3250000e+02;2.2208175e-01;1.3250000e+02;2.0604928e-01;1.3250000e+02;1.7283088e-01;1.3250000e+02;1.2959047e-01;1.3250000e+02;8.4941603e-02;1.3250000e+02;4.3693483e-02;1.3250000e+02;-1.1431035e-03;1.3250000e+02;3.9875377e-03;1.3250000e+02;1.5574016e-02;1.3250000e+02;3.1178795e-02;1.3250000e+02;4.9807936e-02;1.3250000e+02;7.1403585e-02;1.3250000e+02;9.6536778e-02;1.3250000e+02;1.2586504e-01;1.3250000e+02;1.5815930e-01;1.3250000e+02;1.8380193e-01;1.3250000e+02;2.0499562e-01;1.3250000e+02;2.1797891e-01;1.3250000e+02;2.2208175e-01;1.3250000e+02;2.0604928e-01;1.3250000e+02;1.7283088e-01;1.3250000e+02;1.2959047e-01;1.3250000e+02;8.4941603e-02;1.3250000e+02;4.3693483e-02;1.3250000e+02;-1.1431035e-03;1.3250000e+02;3.9875377e-03;1.3250000e+02;1.5574016e-02;1.3250000e+02;3.1178795e-02;1.3250000e+02;4.9807936e-02;1.3250000e+02;7.1403585e-02;1.3250000e+02;9.6536778e-02;1.3250000e+02;1.2586504e-01;1.3250000e+02;1.5815930e-01;1.3250000e+02;1.8380193e-01;1.3250000e+02;2.0499562e-01;1.3250000e+02;2.1797891e-01;1.3250000e+02;2.2208175e-01;1.3250000e+02;2.0604928e-01;1.3250000e+02;1.7283088e-01;1.3250000e+02;1.2959047e-01;1.3250000e+02;8.4941603e-02;1.3250000e+02;4.3693483e-02;1.3250000e+02;-1.1431035e-03;1.3250000e+02;3.9875377e-03;1.3250000e+02;1.5574016e-02;1.3250000e+02;3.1178795e-02;1.3250000e+02;4.9807936e-02;1.3250000e+02;7.1403585e-02;1.3250000e+02;9.6536778e-02;1.3250000e+02;1.2586504e-01;1.3250000e+02;1.5815930e-01;1.3250000e+02;1.8380193e-01;1.3250000e+02;2.0499562e-01;1.3250000e+02;2.1797891e-01;1.3250000e+02;2.2208175e-01;1.3250000e+02;2.0604928e-01;1.3250000e+02;1.7283088e-01;1.3250000e+02;1.2959047e-01;1.3250000e+02;8.4941603e-02;1.3250000e+02;4.3693483e-02;1.3250000e+02;-1.1431035e-03;1.3250000e+02;3.9875377e-03;1.3250000e+02;1.5574016e-02;1.3250000e+02;3.1178795e-02;1.3250000e+02;4.9807936e-02;1.3250000e+02;7.1403585e-02;1.3250000e+02;9.6536778e-02;1.3250000e+02;1.2586504e-01;1.3250000e+02;1.5815930e-01;1.3250000e+02;1.8380193e-01;1.3250000e+02;2.0499562e-01;1.3250000e+02;2.1797891e-01;1.3250000e+02;2.2208175e-01;1.3250000e+02;2.0604928e-01;1.3250000e+02;1.7283088e-01;1.3250000e+02;1.2959047e-01;1.3250000e+02;8.4941603e-02;1.3250000e+02;4.3693483e-02;1.3250000e+02;-1.1431035e-03;1.3250000e+02;3.9875377e-03;1.3250000e+02;1.5574016e-02;1.3250000e+02;3.1178795e-02;1.3250000e+02;4.9807936e-02;1.3250000e+02;7.1403585e-02;1.3250000e+02;9.6536778e-02;1.3250000e+02;1.2586504e-01;1.3250000e+02;1.5815930e-01;1.3250000e+02;1.8380193e-01;1.3250000e+02;2.0499562e-01;1.3250000e+02;2.1797891e-01;1.3250000e+02;2.2208175e-01;1.3250000e+02;2.0604928e-01;1.3250000e+02;1.7283088e-01;1.3250000e+02;1.2959047e-01;1.3250000e+02;8.4941603e-02;1.3250000e+02;4.3693483e-02;1.3250000e+02;-1.1431035e-03;1.3250000e+02;3.9875377e-03;1.3250000e+02;1.5574016e-02;1.3250000e+02;3.1178795e-02;1.3250000e+02;4.9807936e-02;1.3250000e+02;7.1403585e-02;1.3250000e+02;9.6536778e-02;1.3250000e+02;1.2586504e-01;1.3250000e+02;1.5815930e-01;1.3250000e+02;1.8380193e-01;1.3250000e+02;2.0499562e-01;1.3250000e+02;2.1797891e-01;1.3250000e+02;2.2208175e-01;1.3250000e+02;2.0604928e-01;1.3250000e+02;1.7283088e-01;1.3250000e+02;1.2959047e-01;1.3250000e+02;8.4941603e-02;1.3250000e+02;4.3693483e-02;1.3250000e+02;-1.1431035e-03;1.3250000e+02;3.9875377e-03;1.3250000e+02;1.5574016e-02;1.3250000e+02;3.1178795e-02;1.3250000e+02;4.9807936e-02;1.3250000e+02;7.1403585e-02;1.3250000e+02;9.6536778e-02;1.3250000e+02;1.2586504e-01;1.3250000e+02;1.5815930e-01;1.3250000e+02;1.8380193e-01;1.3250000e+02;2.0499562e-01;1.3250000e+02;2.1797891e-01;1.3250000e+02;2.2208175e-01;1.3250000e+02;2.0604928e-01;1.3250000e+02;1.7283088e-01;1.3250000e+02;1.2959047e-01;1.3250000e+02;8.4941603e-02;1.3250000e+02;4.3693483e-02;1.3250000e+02;-1.1431035e-03;1.3250000e+02;3.9875377e-03;1.3250000e+02;1.5574016e-02;1.3250000e+02;3.1178795e-02;1.3250000e+02;4.9807936e-02;1.3250000e+02;7.1403585e-02;1.3250000e+02;9.6536778e-02;1.3250000e+02;1.2586504e-01;1.3250000e+02;1.5815930e-01;1.3250000e+02;1.8380193e-01;1.3250000e+02;2.0499562e-01;1.3250000e+02;2.1797891e-01;1.3250000e+02;2.2208175e-01;1.3250000e+02;2.0604928e-01;1.3250000e+02;1.7283088e-01;1.3250000e+02;1.2959047e-01;1.3250000e+02;8.4941603e-02;1.3250000e+02;4.3693483e-02;1.3250000e+02;-1.1431035e-03;1.3250000e+02;3.9875377e-03;1.3250000e+02;1.5574016e-02;1.3250000e+02;3.1178795e-02;1.3250000e+02;4.9807936e-02;1.3250000e+02;7.1403585e-02;1.3250000e+02;9.6536778e-02;1.3250000e+02;1.2586504e-01;1.3250000e+02;1.5815930e-01;1.3250000e+02;1.8380193e-01;1.3250000e+02;2.0499562e-01;1.3250000e+02;2.1797891e-01;1.3250000e+02;2.2208175e-01;1.3250000e+02;2.0604928e-01;1.3250000e+02;1.7283088e-01;1.3250000e+02;1.2959047e-01;1.3250000e+02;8.4941603e-02;1.3250000e+02;4.3693483e-02;1.3250000e+02;-1.1431035e-03;1.3250000e+02;3.9875377e-03;1.3250000e+02;1.5574016e-02;1.3250000e+02;3.1178795e-02;1.3250000e+02;4.9807936e-02;1.3250000e+02;7.1403585e-02;1.3250000e+02;9.6536778e-02;1.3250000e+02;1.2586504e-01;1.3250000e+02;1.5815930e-01;1.3250000e+02;1.8380193e-01;1.3250000e+02;2.0499562e-01;1.3250000e+02;2.1797891e-01;1.3250000e+02;2.2208175e-01;1.3250000e+02;2.0604928e-01;1.3250000e+02;1.7283088e-01;1.3250000e+02;1.2959047e-01;1.3250000e+02;8.4941603e-02;1.3250000e+02;4.3693483e-02;1.3250000e+02;-1.1431035e-03;1.3250000e+02;3.9875377e-03;1.3250000e+02;1.5574016e-02;1.3250000e+02;3.1178795e-02;1.3250000e+02;4.9807936e-02;1.3250000e+02;7.1403585e-02;1.3250000e+02;9.6536778e-02;1.3250000e+02;1.2586504e-01;1.3250000e+02;1.5815930e-01;1.3250000e+02;1.8380193e-01;1.3250000e+02;2.0499562e-01;1.3250000e+02;2.1797891e-01;1.3250000e+02;2.2208175e-01;1.3250000e+02;2.0604928e-01;1.3250000e+02;1.7283088e-01;1.3250000e+02;1.2959047e-01;1.3250000e+02;8.4941603e-02;1.3250000e+02;4.3693483e-02;1.3250000e+02;-1.1431035e-03;1.3250000e+02;3.9875377e-03;1.3250000e+02;1.5574016e-02;1.3250000e+02;3.1178795e-02;1.3250000e+02;4.9807936e-02;1.3250000e+02;7.1403585e-02;1.3250000e+02;9.6536778e-02;1.3250000e+02;1.2586504e-01;1.3250000e+02;1.5815930e-01;1.3250000e+02;1.8380193e-01;1.3250000e+02;2.0499562e-01;1.3250000e+02;2.1797891e-01;1.3250000e+02;2.2208175e-01;1.3250000e+02;2.0604928e-01;1.3250000e+02;1.7283088e-01;1.3250000e+02;1.2959047e-01;1.3250000e+02;8.4941603e-02;1.3250000e+02;4.3693483e-02;1.3250000e+02;-1.1431035e-03;1.3250000e+02;3.9875377e-03;1.3250000e+02;1.5574016e-02;1.3250000e+02;3.1178795e-02;1.3250000e+02;4.9807936e-02;1.3250000e+02;7.1403585e-02;1.3250000e+02;9.6536778e-02;1.3250000e+02;1.2586504e-01;1.3250000e+02;1.5815930e-01;1.3250000e+02;1.8380193e-01;1.3250000e+02;2.0499562e-01;1.3250000e+02;2.1797891e-01;1.3250000e+02;2.2208175e-01;1.3250000e+02;2.0604928e-01;1.3250000e+02;1.7283088e-01;1.3250000e+02;1.2959047e-01;1.3250000e+02;8.4941603e-02;1.3250000e+02;4.3693483e-02;1.3250000e+02;-1.1431035e-03;1.3250000e+02;3.9875377e-03;1.3250000e+02;1.5574016e-02;1.3250000e+02;3.1178795e-02;1.3250000e+02;4.9807936e-02;1.3250000e+02;7.1403585e-02;1.3250000e+02;9.6536778e-02;1.3250000e+02;1.2586504e-01;1.3250000e+02;1.5815930e-01;1.3250000e+02;1.8380193e-01;1.3250000e+02;2.0499562e-01;1.3250000e+02;2.1797891e-01;1.3250000e+02;2.2208175e-01;1.3250000e+02;2.0604928e-01;1.3250000e+02;1.7283088e-01;1.3250000e+02;1.2959047e-01;1.3250000e+02;8.4941603e-02;1.3250000e+02;4.3693483e-02;1.3250000e+02;-1.1431035e-03;1.3250000e+02;3.9875377e-03;1.3250000e+02;1.5574016e-02;1.3250000e+02;3.1178795e-02;1.3250000e+02;4.9807936e-02;1.3250000e+02;7.1403585e-02;1.3250000e+02;9.6536778e-02;1.3250000e+02;1.2586504e-01;1.3250000e+02;1.5815930e-01;1.3250000e+02;1.8380193e-01;1.3250000e+02;2.0499562e-01;1.3250000e+02;2.1797891e-01;1.3250000e+02;2.2208175e-01;1.3250000e+02;2.0604928e-01;1.3250000e+02;1.7283088e-01;1.3250000e+02;1.2959047e-01;1.3250000e+02;8.4941603e-02;1.3250000e+02;4.3693483e-02;1.3250000e+02;-1.1431035e-03;1.3250000e+02;3.9875377e-03;1.3250000e+02;1.5574016e-02;1.3250000e+02;3.1178795e-02;1.3250000e+02;4.9807936e-02;1.3250000e+02;7.1403585e-02;1.3250000e+02;9.6536778e-02;1.3250000e+02;1.2586504e-01;1.3250000e+02;1.5815930e-01;1.3250000e+02;1.8380193e-01;1.3250000e+02;2.0499562e-01;1.3250000e+02;2.1797891e-01;1.3250000e+02;2.2208175e-01;1.3250000e+02;2.0604928e-01;1.3250000e+02;1.7283088e-01;1.3250000e+02;1.2959047e-01;1.3250000e+02;8.4941603e-02;1.3250000e+02;4.3693483e-02;1.3250000e+02;-1.1431035e-03;1.3250000e+02;3.9875377e-03;1.3250000e+02;1.5574016e-02;1.3250000e+02;3.1178795e-02;1.3250000e+02;4.9807936e-02;1.3250000e+02;7.1403585e-02;1.3250000e+02;9.6536778e-02;1.3250000e+02;1.2586504e-01;1.3250000e+02;1.5815930e-01;1.3250000e+02;1.8380193e-01;1.3250000e+02;2.0499562e-01;1.3250000e+02;2.1797891e-01;1.3250000e+02;2.2208175e-01;1.3250000e+02;2.0604928e-01;1.3250000e+02;1.7283088e-01;1.3250000e+02;1.2959047e-01;1.3250000e+02;8.4941603e-02;1.3250000e+02;4.3693483e-02;1.3250000e+02;-1.1431035e-03;1.3250000e+02;3.9875377e-03;1.3250000e+02;1.5574016e-02;1.3250000e+02;3.1178795e-02;1.3250000e+02;4.9807936e-02;1.3250000e+02;7.1403585e-02;1.3250000e+02;9.6536778e-02;1.3250000e+02;1.2586504e-01;1.3250000e+02;1.5815930e-01;1.3250000e+02;1.8380193e-01;1.3250000e+02;2.0499562e-01;1.3250000e+02;2.1797891e-01;1.3250000e+02;2.2208175e-01;1.3250000e+02;2.0604928e-01;1.3250000e+02;1.7283088e-01;1.3250000e+02;1.2959047e-01;1.3250000e+02;8.4941603e-02;1.3250000e+02;4.3693483e-02;1.3250000e+02;-1.1431035e-03;1.3250000e+02;3.9875377e-03;1.3250000e+02;1.5574016e-02;1.3250000e+02;3.1178795e-02;1.3250000e+02;4.9807936e-02;1.3250000e+02;7.1403585e-02;1.3250000e+02;9.6536778e-02;1.3250000e+02;1.2586504e-01;1.3250000e+02;1.5815930e-01;1.3250000e+02;1.8380193e-01;1.3250000e+02;2.0499562e-01;1.3250000e+02;2.1797891e-01;1.3250000e+02;2.2208175e-01;1.3250000e+02;2.0604928e-01;1.3250000e+02;1.7283088e-01;1.3250000e+02;1.2959047e-01;1.3250000e+02;8.4941603e-02;1.3250000e+02;4.3693483e-02;1.3250000e+02;-1.1431035e-03;1.3250000e+02;3.9875377e-03;1.3250000e+02;1.5574016e-02;1.3250000e+02;3.1178795e-02;1.3250000e+02;4.9807936e-02;1.3250000e+02;7.1403585e-02;1.3250000e+02;9.6536778e-02;1.3250000e+02;1.2586504e-01;1.3250000e+02;1.5815930e-01;1.3250000e+02;1.8380193e-01;1.3250000e+02;2.0499562e-01;1.3250000e+02;2.1797891e-01;1.3250000e+02;2.2208175e-01;1.3250000e+02;2.0604928e-01;1.3250000e+02;1.7283088e-01;1.3250000e+02;1.2959047e-01;1.3250000e+02;8.4941603e-02;1.3250000e+02;4.3693483e-02;1.3250000e+02;-1.1431035e-03;1.3250000e+02;3.9875377e-03;1.3250000e+02;1.5574016e-02;1.3250000e+02;3.1178795e-02;1.3250000e+02;4.9807936e-02;1.3250000e+02;7.1403585e-02;1.3250000e+02;9.6536778e-02;1.3250000e+02;1.2586504e-01;1.3250000e+02;1.5815930e-01;1.3250000e+02;1.8380193e-01;1.3250000e+02;2.0499562e-01;1.3250000e+02;2.1797891e-01;1.3250000e+02;2.2208175e-01;1.3250000e+02;2.0604928e-01;1.3250000e+02;1.7283088e-01;1.3250000e+02;1.2959047e-01;1.3250000e+02;8.4941603e-02;1.3250000e+02;4.3693483e-02;1.3250000e+02;-1.1431035e-03;1.3250000e+02;3.9875377e-03;1.3250000e+02;1.5574016e-02;1.3250000e+02;3.1178795e-02;1.3250000e+02;4.9807936e-02;1.3250000e+02;7.1403585e-02;1.3250000e+02;9.6536778e-02;1.3250000e+02;1.2586504e-01;1.3250000e+02;1.5815930e-01;1.3250000e+02;1.8380193e-01;1.3250000e+02;2.0499562e-01;1.3250000e+02;2.1797891e-01;1.3250000e+02;2.2208175e-01;1.3250000e+02;2.0604928e-01;1.3250000e+02;1.7283088e-01;1.3250000e+02;1.2959047e-01;1.3250000e+02;8.4941603e-02;1.3250000e+02;4.3693483e-02;1.3250000e+02;-1.1431035e-03;1.3250000e+02;3.9875377e-03;1.3250000e+02;1.5574016e-02;1.3250000e+02;3.1178795e-02;1.3250000e+02;4.9807936e-02;1.3250000e+02;7.1403585e-02;1.3250000e+02;9.6536778e-02;1.3250000e+02;1.2586504e-01;1.3250000e+02;1.5815930e-01;1.3250000e+02;1.8380193e-01;1.3250000e+02;2.0499562e-01;1.3250000e+02;2.1797891e-01;1.3250000e+02;2.2208175e-01;1.3250000e+02;2.0604928e-01;1.3250000e+02;1.7283088e-01;1.3250000e+02;1.2959047e-01;1.3250000e+02;8.4941603e-02;1.3250000e+02;4.3693483e-02;1.3250000e+02;-1.1431035e-03;1.3250000e+02;3.9875377e-03;1.3250000e+02;1.5574016e-02;1.3250000e+02;3.1178795e-02;1.3250000e+02;4.9807936e-02;1.3250000e+02;7.1403585e-02;1.3250000e+02;9.6536778e-02;1.3250000e+02;1.2586504e-01;1.3250000e+02;1.5815930e-01;1.3250000e+02;1.8380193e-01;1.3250000e+02;2.0499562e-01;1.3250000e+02;2.1797891e-01;1.3250000e+02;2.2208175e-01;1.3250000e+02;2.0604928e-01;1.3250000e+02;1.7283088e-01;1.3250000e+02;1.2959047e-01;1.3250000e+02;8.4941603e-02;1.3250000e+02;4.3693483e-02;1.3250000e+02;-1.1431035e-03;1.3250000e+02;3.9875377e-03;1.3250000e+02;1.5574016e-02;1.3250000e+02;3.1178795e-02;1.3250000e+02;4.9807936e-02;1.3250000e+02;7.1403585e-02;1.3250000e+02;9.6536778e-02;1.3250000e+02;1.2586504e-01;1.3250000e+02;1.5815930e-01;1.3250000e+02;1.8380193e-01;1.3250000e+02;2.0499562e-01;1.3250000e+02;2.1797891e-01;1.3250000e+02;2.2208175e-01;1.3250000e+02;2.0604928e-01;1.3250000e+02;1.7283088e-01;1.3250000e+02;1.2959047e-01;1.3250000e+02;8.4941603e-02;1.3250000e+02;4.3693483e-02;1.3250000e+02;-1.1431035e-03;1.3250000e+02;3.9875377e-03;1.3250000e+02;1.5574016e-02;1.3250000e+02;3.1178795e-02;1.3250000e+02;4.9807936e-02;1.3250000e+02;7.1403585e-02;1.3250000e+02;9.6536778e-02;1.3250000e+02;1.2586504e-01;1.3250000e+02;1.5815930e-01;1.3250000e+02;1.8380193e-01;1.3250000e+02;2.0499562e-01;1.3250000e+02;2.1797891e-01;1.3250000e+02;2.2208175e-01;1.3250000e+02;2.0604928e-01;1.3250000e+02;1.7283088e-01;1.3250000e+02;1.2959047e-01;1.3250000e+02;8.4941603e-02;1.3250000e+02;4.3693483e-02;1.3250000e+02;-1.1431035e-03;1.3250000e+02;3.9875377e-03;1.3250000e+02;1.5574016e-02;1.3250000e+02;3.1178795e-02;1.3250000e+02;4.9807936e-02;1.3250000e+02;7.1403585e-02;1.3250000e+02;9.6536778e-02;1.3250000e+02;1.2586504e-01;1.3250000e+02;1.5815930e-01;1.3250000e+02;1.8380193e-01;1.3250000e+02;2.0499562e-01;1.3250000e+02;2.1797891e-01;1.3250000e+02;2.2208175e-01;1.3250000e+02;2.0604928e-01;1.3250000e+02;1.7283088e-01;1.3250000e+02;1.2959047e-01;1.3250000e+02;8.4941603e-02;1.3250000e+02;4.3693483e-02;1.3250000e+02;-1.1431035e-03;1.3250000e+02;3.9875377e-03;1.3250000e+02;1.5574016e-02;1.3250000e+02;3.1178795e-02;1.3250000e+02;4.9807936e-02;1.3250000e+02;7.1403585e-02;1.3250000e+02;9.6536778e-02;1.3250000e+02;1.2586504e-01;1.3250000e+02;1.5815930e-01;1.3250000e+02;1.8380193e-01;1.3250000e+02;2.0499562e-01;1.3250000e+02;2.1797891e-01;1.3250000e+02;2.2208175e-01;1.3250000e+02;2.0604928e-01;1.3250000e+02;1.7283088e-01;1.3250000e+02;1.2959047e-01;1.3250000e+02;8.4941603e-02;1.3250000e+02;4.3693483e-02;1.3250000e+02;-1.1431035e-03;1.3250000e+02;3.9875377e-03;1.3250000e+02;1.5574016e-02;1.3250000e+02;3.1178795e-02;1.3250000e+02;4.9807936e-02;1.3250000e+02;7.1403585e-02;1.3250000e+02;9.6536778e-02;1.3250000e+02;1.2586504e-01;1.3250000e+02;1.5815930e-01;1.3250000e+02;1.8380193e-01;1.3250000e+02;2.0499562e-01;1.3250000e+02;2.1797891e-01;1.3250000e+02;2.2208175e-01;1.3250000e+02;2.0604928e-01;1.3250000e+02;1.7283088e-01;1.3250000e+02;1.2959047e-01;1.3250000e+02;8.4941603e-02;1.3250000e+02;4.3693483e-02;1.3250000e+02;-1.1431035e-03;1.3250000e+02;3.9875377e-03;1.3250000e+02;1.5574016e-02;1.3250000e+02;3.1178795e-02;1.3250000e+02;4.9807936e-02;1.3250000e+02;7.1403585e-02;1.3250000e+02;9.6536778e-02;1.3250000e+02;1.2586504e-01;1.3250000e+02;1.5815930e-01;1.3250000e+02;1.8380193e-01;1.3250000e+02;2.0499562e-01;1.3250000e+02;2.1797891e-01;1.3250000e+02;2.2208175e-01;1.3250000e+02;2.0604928e-01;1.3250000e+02;1.7283088e-01;1.3250000e+02;1.2959047e-01;1.3250000e+02;8.4941603e-02;1.3250000e+02;4.3693483e-02;1.3250000e+02;-1.1431035e-03;1.3250000e+02;3.9875377e-03;1.3250000e+02;1.5574016e-02;1.3250000e+02;3.1178795e-02;1.3250000e+02;4.9807936e-02;1.3250000e+02;7.1403585e-02;1.3250000e+02;9.6536778e-02;1.3250000e+02;1.2586504e-01;1.3250000e+02;1.5815930e-01;1.3250000e+02;1.8380193e-01;1.3250000e+02;2.0499562e-01;1.3250000e+02;2.1797891e-01;1.3250000e+02;2.2208175e-01;1.3250000e+02;2.0604928e-01;1.3250000e+02;1.7283088e-01;1.3250000e+02;1.2959047e-01;1.3250000e+02;8.4941603e-02;1.3250000e+02;4.3693483e-02;1.3250000e+02;-1.1431035e-03;1.3250000e+02;3.9875377e-03;1.3250000e+02;1.5574016e-02;1.3250000e+02;3.1178795e-02;1.3250000e+02;4.9807936e-02;1.3250000e+02;7.1403585e-02;1.3250000e+02;9.6536778e-02;1.3250000e+02;1.2586504e-01;1.3250000e+02;1.5815930e-01;1.3250000e+02;1.8380193e-01;1.3250000e+02;2.0499562e-01;1.3250000e+02;2.1797891e-01;1.3250000e+02;2.2208175e-01;1.3250000e+02;2.0604928e-01;1.3250000e+02;1.7283088e-01;1.3250000e+02;1.2959047e-01;1.3250000e+02;8.4941603e-02;1.3250000e+02;4.3693483e-02;1.3250000e+02;-1.1431035e-03;1.3250000e+02;3.9875377e-03;1.3250000e+02;1.5574016e-02;1.3250000e+02;3.1178795e-02;1.3250000e+02;4.9807936e-02;1.3250000e+02;7.1403585e-02;1.3250000e+02;9.6536778e-02;1.3250000e+02;1.2586504e-01;1.3250000e+02;1.5815930e-01;1.3250000e+02;1.8380193e-01;1.3250000e+02;2.0499562e-01;1.3250000e+02;2.1797891e-01;1.3250000e+02;2.2208175e-01;1.3250000e+02;2.0604928e-01;1.3250000e+02;1.7283088e-01;1.3250000e+02;1.2959047e-01;1.3250000e+02;8.4941603e-02;1.3250000e+02;4.3693483e-02;1.3250000e+02;-1.1431035e-03;1.3250000e+02;3.9875377e-03;1.3250000e+02;1.5574016e-02;1.3250000e+02;3.1178795e-02;1.3250000e+02;4.9807936e-02;1.3250000e+02;7.1403585e-02;1.3250000e+02;9.6536778e-02;1.3250000e+02;1.2586504e-01;1.3250000e+02;1.5815930e-01;1.3250000e+02;1.8380193e-01;1.3250000e+02;2.0499562e-01;1.3250000e+02;2.1797891e-01;1.3250000e+02;2.2208175e-01;1.3250000e+02;2.0604928e-01;1.3250000e+02;1.7283088e-01;1.3250000e+02;1.2959047e-01;1.3250000e+02;8.4941603e-02;1.3250000e+02;4.3693483e-02;1.3250000e+02;-1.1431035e-03;1.3250000e+02;3.9875377e-03;1.3250000e+02;1.5574016e-02;1.3250000e+02;3.1178795e-02;1.3250000e+02;4.9807936e-02;1.3250000e+02;7.1403585e-02;1.3250000e+02;9.6536778e-02;1.3250000e+02;1.2586504e-01;1.3250000e+02;1.5815930e-01;1.3250000e+02;1.8380193e-01;1.3250000e+02;2.0499562e-01;1.3250000e+02;2.1797891e-01;1.3250000e+02;2.2208175e-01;1.3250000e+02;2.0604928e-01;1.3250000e+02;1.7283088e-01;1.3250000e+02;1.2959047e-01;1.3250000e+02;8.4941603e-02;1.3250000e+02;4.3693483e-02;1.3250000e+02;-1.1431035e-03;1.3250000e+02;3.9875377e-03;1.3250000e+02;1.5574016e-02;1.3250000e+02;3.1178795e-02;1.3250000e+02;4.9807936e-02;1.3250000e+02;7.1403585e-02;1.3250000e+02;9.6536778e-02;1.3250000e+02;1.2586504e-01;1.3250000e+02;1.5815930e-01;1.3250000e+02;1.8380193e-01;1.3250000e+02;2.0499562e-01;1.3250000e+02;2.1797891e-01;1.3250000e+02;2.2208175e-01;1.3250000e+02;2.0604928e-01;1.3250000e+02;1.7283088e-01;1.3250000e+02;1.2959047e-01;1.3250000e+02;8.4941603e-02;1.3250000e+02;4.3693483e-02;1.3250000e+02;-1.1431035e-03;1.3250000e+02;3.9875377e-03;1.3250000e+02;1.5574016e-02;1.3250000e+02;3.1178795e-02;1.3250000e+02;4.9807936e-02;1.3250000e+02;7.1403585e-02;1.3250000e+02;9.6536778e-02;1.3250000e+02;1.2586504e-01;1.3250000e+02;1.5815930e-01;1.3250000e+02;1.8380193e-01;1.3250000e+02;2.0499562e-01;1.3250000e+02;2.1797891e-01;1.3250000e+02;2.2208175e-01;1.3250000e+02;2.0604928e-01;1.3250000e+02;1.7283088e-01;1.3250000e+02;1.2959047e-01;1.3250000e+02;8.4941603e-02;1.3250000e+02;4.3693483e-02;1.3250000e+02;-1.1431035e-03;1.3250000e+02;3.9875377e-03;1.3250000e+02;1.5574016e-02;1.3250000e+02;3.1178795e-02;1.3250000e+02;4.9807936e-02;1.3250000e+02;7.1403585e-02;1.3250000e+02;9.6536778e-02;1.3250000e+02;1.2586504e-01;1.3250000e+02;1.5815930e-01;1.3250000e+02;1.8380193e-01;1.3250000e+02;2.0499562e-01;1.3250000e+02;2.1797891e-01;1.3250000e+02;2.2208175e-01;1.3250000e+02;2.0604928e-01;1.3250000e+02;1.7283088e-01;1.3250000e+02;1.2959047e-01;1.3250000e+02;8.4941603e-02;1.3250000e+02;4.3693483e-02;1.3250000e+02;-1.1431035e-03;1.3250000e+02;3.9875377e-03;1.3250000e+02;1.5574016e-02;1.3250000e+02;3.1178795e-02;1.3250000e+02;4.9807936e-02;1.3250000e+02;7.1403585e-02;1.3250000e+02;9.6536778e-02;1.3250000e+02;1.2586504e-01;1.3250000e+02;1.5815930e-01;1.3250000e+02;1.8380193e-01;1.3250000e+02;2.0499562e-01;1.3250000e+02;2.1797891e-01;1.3250000e+02;2.2208175e-01;1.3250000e+02;2.0604928e-01;1.3250000e+02;1.7283088e-01;1.3250000e+02;1.2959047e-01;1.3250000e+02;8.4941603e-02;1.3250000e+02;4.3693483e-02;1.3250000e+02;-1.1431035e-03;1.3250000e+02;3.9875377e-03;1.3250000e+02;1.5574016e-02;1.3250000e+02;3.1178795e-02;1.3250000e+02;4.9807936e-02;1.3250000e+02;7.1403585e-02;1.3250000e+02;9.6536778e-02;1.3250000e+02;1.2586504e-01;1.3250000e+02;1.5815930e-01;1.3250000e+02;1.8380193e-01;1.3250000e+02;2.0499562e-01;1.3250000e+02;2.1797891e-01;1.3250000e+02;2.2208175e-01;1.3250000e+02;2.0604928e-01;1.3250000e+02;1.7283088e-01;1.3250000e+02;1.2959047e-01;1.3250000e+02;8.4941603e-02;1.3250000e+02;4.3693483e-02;1.3250000e+02;-1.1431035e-03;1.3250000e+02;3.9875377e-03;1.3250000e+02;1.5574016e-02;1.3250000e+02;3.1178795e-02;1.3250000e+02;4.9807936e-02;1.3250000e+02;7.1403585e-02;1.3250000e+02;9.6536778e-02;1.3250000e+02;1.2586504e-01;1.3250000e+02;1.5815930e-01;1.3250000e+02;1.8380193e-01;1.3250000e+02;2.0499562e-01;1.3250000e+02;2.1797891e-01;1.3250000e+02;2.2208175e-01;1.3250000e+02;2.0604928e-01;1.3250000e+02;1.7283088e-01;1.3250000e+02;1.2959047e-01;1.3250000e+02;8.4941603e-02;1.3250000e+02;4.3693483e-02;1.3250000e+02;-1.1431035e-03;1.3250000e+02;3.9875377e-03;1.3250000e+02;1.5574016e-02;1.3250000e+02;3.1178795e-02;1.3250000e+02;4.9807936e-02;1.3250000e+02;7.1403585e-02;1.3250000e+02;9.6536778e-02;1.3250000e+02;1.2586504e-01;1.3250000e+02;1.5815930e-01;1.3250000e+02;1.8380193e-01;1.3250000e+02;2.0499562e-01;1.3250000e+02;2.1797891e-01;1.3250000e+02;2.2208175e-01;1.3250000e+02;2.0604928e-01;1.3250000e+02;1.7283088e-01;1.3250000e+02;1.2959047e-01;1.3250000e+02;8.4941603e-02;1.3250000e+02;4.3693483e-02;1.3250000e+02;-1.1431035e-03;1.3250000e+02;3.9875377e-03;1.3250000e+02;1.5574016e-02;1.3250000e+02;3.1178795e-02;1.3250000e+02;4.9807936e-02;1.3250000e+02;7.1403585e-02;1.3250000e+02;9.6536778e-02;1.3250000e+02;1.2586504e-01;1.3250000e+02;1.5815930e-01;1.3250000e+02;1.8380193e-01;1.3250000e+02;2.0499562e-01;1.3250000e+02;2.1797891e-01;1.3250000e+02;2.2208175e-01;1.3250000e+02;2.0604928e-01;1.3250000e+02;1.7283088e-01;1.3250000e+02;1.2959047e-01;1.3250000e+02;8.4941603e-02;1.3250000e+02;4.3693483e-02;1.3250000e+02;-1.1431035e-03;1.3250000e+02;3.9875377e-03;1.3250000e+02;1.5574016e-02;1.3250000e+02;3.1178795e-02;1.3250000e+02;4.9807936e-02;1.3250000e+02;7.1403585e-02;1.3250000e+02;9.6536778e-02;1.3250000e+02;1.2586504e-01;1.3250000e+02;1.5815930e-01;1.3250000e+02;1.8380193e-01;1.3250000e+02;2.0499562e-01;1.3250000e+02;2.1797891e-01;1.3250000e+02;2.2208175e-01;1.3250000e+02;2.0604928e-01;1.3250000e+02;1.7283088e-01;1.3250000e+02;1.2959047e-01;1.3250000e+02;8.4941603e-02;1.3250000e+02;4.3693483e-02;1.3250000e+02;-1.1431035e-03;1.3250000e+02;3.9875377e-03;1.3250000e+02;1.5574016e-02;1.3250000e+02;3.1178795e-02;1.3250000e+02;4.9807936e-02;1.3250000e+02;7.1403585e-02;1.3250000e+02;9.6536778e-02;1.3250000e+02;1.2586504e-01;1.3250000e+02;1.5815930e-01;1.3250000e+02;1.8380193e-01;1.3250000e+02;2.0499562e-01;1.3250000e+02;2.1797891e-01;1.3250000e+02;2.2208175e-01;1.3250000e+02;2.0604928e-01;1.3250000e+02;1.7283088e-01;1.3250000e+02;1.2959047e-01;1.3250000e+02;8.4941603e-02;1.3250000e+02;4.3693483e-02;1.3250000e+02;-1.1431035e-03;1.3250000e+02;3.9875377e-03;1.3250000e+02;1.5574016e-02;1.3250000e+02;3.1178795e-02;1.3250000e+02;4.9807936e-02;1.3250000e+02;7.1403585e-02;1.3250000e+02;9.6536778e-02;1.3250000e+02;1.2586504e-01;1.3250000e+02;1.5815930e-01;1.3250000e+02;1.8380193e-01;1.3250000e+02;2.0499562e-01;1.3250000e+02;2.1797891e-01;1.3250000e+02;2.2208175e-01;1.3250000e+02;2.0604928e-01;1.3250000e+02;1.7283088e-01;1.3250000e+02;1.2959047e-01;1.3250000e+02;8.4941603e-02;1.3250000e+02;4.3693483e-02;1.3250000e+02;-1.1431035e-03;1.3250000e+02;3.9875377e-03;1.3250000e+02;1.5574016e-02;1.3250000e+02;3.1178795e-02;1.3250000e+02;4.9807936e-02;1.3250000e+02;7.1403585e-02;1.3250000e+02;9.6536778e-02;1.3250000e+02;1.2586504e-01;1.3250000e+02;1.5815930e-01;1.3250000e+02;1.8380193e-01;1.3250000e+02;2.0499562e-01;1.3250000e+02;2.1797891e-01;1.3250000e+02;2.2208175e-01;1.3250000e+02;2.0604928e-01;1.3250000e+02;1.7283088e-01;1.3250000e+02;1.2959047e-01;1.3250000e+02;8.4941603e-02;1.3250000e+02;4.3693483e-02;1.3250000e+02;-1.1431035e-03;1.3250000e+02;3.9875377e-03;1.3250000e+02;1.5574016e-02;1.3250000e+02;3.1178795e-02;1.3250000e+02;4.9807936e-02;1.3250000e+02;7.1403585e-02;1.3250000e+02;9.6536778e-02;1.3250000e+02;1.2586504e-01;1.3250000e+02;1.5815930e-01;1.3250000e+02;1.8380193e-01;1.3250000e+02;2.0499562e-01;1.3250000e+02;2.1797891e-01;1.3250000e+02;2.2208175e-01;1.3250000e+02;2.0604928e-01;1.3250000e+02;1.7283088e-01;1.3250000e+02;1.2959047e-01;1.3250000e+02;8.4941603e-02;1.3250000e+02;4.3693483e-02;1.3250000e+02;-1.1431035e-03;1.3250000e+02;3.9875377e-03;1.3250000e+02;1.5574016e-02;1.3250000e+02;3.1178795e-02;1.3250000e+02;4.9807936e-02;1.3250000e+02;7.1403585e-02;1.3250000e+02;9.6536778e-02;1.3250000e+02;1.2586504e-01;1.3250000e+02;1.5815930e-01;1.3250000e+02;1.8380193e-01;1.3250000e+02;2.0499562e-01;1.3250000e+02;2.1797891e-01;1.3250000e+02;2.2208175e-01;1.3250000e+02;2.0604928e-01;1.3250000e+02;1.7283088e-01;1.3250000e+02;1.2959047e-01;1.3250000e+02;8.4941603e-02;1.3250000e+02;4.3693483e-02;1.3250000e+02;-1.1431035e-03;1.3250000e+02;3.9875377e-03;1.3250000e+02;1.5574016e-02;1.3250000e+02;3.1178795e-02;1.3250000e+02;4.9807936e-02;1.3250000e+02;7.1403585e-02;1.3250000e+02;9.6536778e-02;1.3250000e+02;1.2586504e-01;1.3250000e+02;1.5815930e-01;1.3250000e+02;1.8380193e-01;1.3250000e+02;2.0499562e-01;1.3250000e+02;2.1797891e-01;1.3250000e+02;2.2208175e-01;1.3250000e+02;2.0604928e-01;1.3250000e+02;1.7283088e-01;1.3250000e+02;1.2959047e-01;1.3250000e+02;8.4941603e-02;1.3250000e+02;4.3693483e-02;1.3250000e+02;-1.1431035e-03;1.3250000e+02;3.9875377e-03;1.3250000e+02;1.5574016e-02;1.3250000e+02;3.1178795e-02;1.3250000e+02;4.9807936e-02;1.3250000e+02;7.1403585e-02;1.3250000e+02;9.6536778e-02;1.3250000e+02;1.2586504e-01;1.3250000e+02;1.5815930e-01;1.3250000e+02;1.8380193e-01;1.3250000e+02;2.0499562e-01;1.3250000e+02;2.1797891e-01;1.3250000e+02;2.2208175e-01;1.3250000e+02;2.0604928e-01;1.3250000e+02;1.7283088e-01;1.3250000e+02;1.2959047e-01;1.3250000e+02;8.4941603e-02;1.3250000e+02;4.3693483e-02;1.3250000e+02;-1.1431035e-03;1.3250000e+02;3.9875377e-03;1.3250000e+02;1.5574016e-02;1.3250000e+02;3.1178795e-02;1.3250000e+02;4.9807936e-02;1.3250000e+02;7.1403585e-02;1.3250000e+02;9.6536778e-02;1.3250000e+02;1.2586504e-01;1.3250000e+02;1.5815930e-01;1.3250000e+02;1.8380193e-01;1.3250000e+02;2.0499562e-01;1.3250000e+02;2.1797891e-01;1.3250000e+02;2.2208175e-01;1.3250000e+02;2.0604928e-01;1.3250000e+02;1.7283088e-01;1.3250000e+02;1.2959047e-01;1.3250000e+02;8.4941603e-02;1.3250000e+02;4.3693483e-02;1.3250000e+02;-1.1431035e-03;1.3250000e+02;3.9875377e-03;1.3250000e+02;1.5574016e-02;1.3250000e+02;3.1178795e-02;1.3250000e+02;4.9807936e-02;1.3250000e+02;7.1403585e-02;1.3250000e+02;9.6536778e-02;1.3250000e+02;1.2586504e-01;1.3250000e+02;1.5815930e-01;1.3250000e+02;1.8380193e-01;1.3250000e+02;2.0499562e-01;1.3250000e+02;2.1797891e-01;1.3250000e+02;2.2208175e-01;1.3250000e+02;2.0604928e-01;1.3250000e+02;1.7283088e-01;1.3250000e+02;1.2959047e-01;1.3250000e+02;8.4941603e-02;1.3250000e+02;4.3693483e-02;1.3250000e+02;-1.1431035e-03;1.3250000e+02;3.9875377e-03;1.3250000e+02;1.5574016e-02;1.3250000e+02;3.1178795e-02;1.3250000e+02;4.9807936e-02;1.3250000e+02;7.1403585e-02;1.3250000e+02;9.6536778e-02;1.3250000e+02;1.2586504e-01;1.3250000e+02;1.5815930e-01;1.3250000e+02;1.8380193e-01;1.3250000e+02;2.0499562e-01;1.3250000e+02;2.1797891e-01;1.3250000e+02;2.2208175e-01;1.3250000e+02;2.0604928e-01;1.3250000e+02;1.7283088e-01;1.3250000e+02;1.2959047e-01;1.3250000e+02;8.4941603e-02;1.3250000e+02;4.3693483e-02;1.3250000e+02;-1.1431035e-03;1.3250000e+02;3.9875377e-03;1.3250000e+02;1.5574016e-02;1.3250000e+02;3.1178795e-02;1.3250000e+02;4.9807936e-02;1.3250000e+02;7.1403585e-02;1.3250000e+02;9.6536778e-02;1.3250000e+02;1.2586504e-01;1.3250000e+02;1.5815930e-01;1.3250000e+02;1.8380193e-01;1.3250000e+02;2.0499562e-01;1.3250000e+02;2.1797891e-01;1.3250000e+02;2.2208175e-01;1.3250000e+02;2.0604928e-01;1.3250000e+02;1.7283088e-01;1.3250000e+02;1.2959047e-01;1.3250000e+02;8.4941603e-02;1.3250000e+02;4.3693483e-02;1.3250000e+02;-1.1431035e-03;1.3250000e+02;3.9875377e-03;1.3250000e+02;1.5574016e-02;1.3250000e+02;3.1178795e-02;1.3250000e+02;4.9807936e-02;1.3250000e+02;7.1403585e-02;1.3250000e+02;9.6536778e-02;1.3250000e+02;1.2586504e-01;1.3250000e+02;1.5815930e-01;1.3250000e+02;1.8380193e-01;1.3250000e+02;2.0499562e-01;1.3250000e+02;2.1797891e-01;1.3250000e+02;2.2208175e-01;1.3250000e+02;2.0604928e-01;1.3250000e+02;1.7283088e-01;1.3250000e+02;1.2959047e-01;1.3250000e+02;8.4941603e-02;1.3250000e+02;4.3693483e-02;1.3250000e+02;-1.1431035e-03;1.3250000e+02;3.9875377e-03;1.3250000e+02;1.5574016e-02;1.3250000e+02;3.1178795e-02;1.3250000e+02;4.9807936e-02;1.3250000e+02;7.1403585e-02;1.3250000e+02;9.6536778e-02;1.3250000e+02;1.2586504e-01;1.3250000e+02;1.5815930e-01;1.3250000e+02;1.8380193e-01;1.3250000e+02;2.0499562e-01;1.3250000e+02;2.1797891e-01;1.3250000e+02;2.2208175e-01;1.3250000e+02;2.0604928e-01;1.3250000e+02;1.7283088e-01;1.3250000e+02;1.2959047e-01;1.3250000e+02;8.4941603e-02;1.3250000e+02;4.3693483e-02;1.3250000e+02;-1.1431035e-03;1.3250000e+02;3.9875377e-03;1.3250000e+02;1.5574016e-02;1.3250000e+02;3.1178795e-02;1.3250000e+02;4.9807936e-02;1.3250000e+02;7.1403585e-02;1.3250000e+02;9.6536778e-02;1.3250000e+02;1.2586504e-01;1.3250000e+02;1.5815930e-01;1.3250000e+02;1.8380193e-01;1.3250000e+02;2.0499562e-01;1.3250000e+02;2.1797891e-01;1.3250000e+02;2.2208175e-01;1.3250000e+02;2.0604928e-01;1.3250000e+02;1.7283088e-01;1.3250000e+02;1.2959047e-01;1.3250000e+02;8.4941603e-02;1.3250000e+02;4.3693483e-02;1.3250000e+02;-1.1431035e-03;1.3250000e+02;3.9875377e-03;1.3250000e+02;1.5574016e-02;1.3250000e+02;3.1178795e-02;1.3250000e+02;4.9807936e-02;1.3250000e+02;7.1403585e-02;1.3250000e+02;9.6536778e-02;1.3250000e+02;1.2586504e-01;1.3250000e+02;1.5815930e-01;1.3250000e+02;1.8380193e-01;1.3250000e+02;2.0499562e-01;1.3250000e+02;2.1797891e-01;1.3250000e+02;2.2208175e-01;1.3250000e+02;2.0604928e-01;1.3250000e+02;1.7283088e-01;1.3250000e+02;1.2959047e-01;1.3250000e+02;8.4941603e-02;1.3250000e+02;4.3693483e-02;1.3250000e+02;-1.1431035e-03;1.3250000e+02;3.9875377e-03;1.3250000e+02;1.5574016e-02;1.3250000e+02;3.1178795e-02;1.3250000e+02;4.9807936e-02;1.3250000e+02;7.1403585e-02;1.3250000e+02;9.6536778e-02;1.3250000e+02;1.2586504e-01;1.3250000e+02;1.5815930e-01;1.3250000e+02;1.8380193e-01;1.3250000e+02;2.0499562e-01;1.3250000e+02;2.1797891e-01;1.3250000e+02;2.2208175e-01;1.3250000e+02;2.0604928e-01;1.3250000e+02;1.7283088e-01;1.3250000e+02;1.2959047e-01;1.3250000e+02;8.4941603e-02;1.3250000e+02;4.3693483e-02;1.3250000e+02;-1.1431035e-03;1.3250000e+02;3.9875377e-03;1.3250000e+02;1.5574016e-02;1.3250000e+02;3.1178795e-02;1.3250000e+02;4.9807936e-02;1.3250000e+02;7.1403585e-02;1.3250000e+02;9.6536778e-02;1.3250000e+02;1.2586504e-01;1.3250000e+02;1.5815930e-01;1.3250000e+02;1.8380193e-01;1.3250000e+02;2.0499562e-01;1.3250000e+02;2.1797891e-01;1.3250000e+02;2.2208175e-01;1.3250000e+02;2.0604928e-01;1.3250000e+02;1.7283088e-01;1.3250000e+02;1.2959047e-01;1.3250000e+02;8.4941603e-02;1.3250000e+02;4.3693483e-02;1.3250000e+02;-1.1431035e-03;1.3250000e+02;3.9875377e-03;1.3250000e+02;1.5574016e-02;1.3250000e+02;3.1178795e-02;1.3250000e+02;4.9807936e-02;1.3250000e+02;7.1403585e-02;1.3250000e+02;9.6536778e-02;1.3250000e+02;1.2586504e-01;1.3250000e+02;1.5815930e-01;1.3250000e+02;1.8380193e-01;1.3250000e+02;2.0499562e-01;1.3250000e+02;2.1797891e-01;1.3250000e+02;2.2208175e-01;1.3250000e+02;2.0604928e-01;1.3250000e+02;1.7283088e-01;1.3250000e+02;1.2959047e-01;1.3250000e+02;8.4941603e-02;1.3250000e+02;4.3693483e-02;1.3250000e+02;-1.1431035e-03;1.3250000e+02;3.9875377e-03;1.3250000e+02;1.5574016e-02;1.3250000e+02;3.1178795e-02;1.3250000e+02;4.9807936e-02;1.3250000e+02;7.1403585e-02;1.3250000e+02;9.6536778e-02;1.3250000e+02;1.2586504e-01;1.3250000e+02;1.5815930e-01;1.3250000e+02;1.8380193e-01;1.3250000e+02;2.0499562e-01;1.3250000e+02;2.1797891e-01;1.3250000e+02;2.2208175e-01;1.3250000e+02;2.0604928e-01;1.3250000e+02;1.7283088e-01;1.3250000e+02;1.2959047e-01;1.3250000e+02;8.4941603e-02;1.3250000e+02;4.3693483e-02;1.3250000e+02;-1.1431035e-03;1.3250000e+02;3.9875377e-03;1.3250000e+02;1.5574016e-02;1.3250000e+02;3.1178795e-02;1.3250000e+02;4.9807936e-02;1.3250000e+02;7.1403585e-02;1.3250000e+02;9.6536778e-02;1.3250000e+02;1.2586504e-01;1.3250000e+02;1.5815930e-01;1.3250000e+02;1.8380193e-01;1.3250000e+02;2.0499562e-01;1.3250000e+02;2.1797891e-01;1.3250000e+02;2.2208175e-01;1.3250000e+02;2.0604928e-01;1.3250000e+02;1.7283088e-01;1.3250000e+02;1.2959047e-01;1.3250000e+02;8.4941603e-02;1.3250000e+02;4.3693483e-02;1.3250000e+02;-1.1431035e-03;1.3250000e+02;3.9875377e-03;1.3250000e+02;1.5574016e-02;1.3250000e+02;3.1178795e-02;1.3250000e+02;4.9807936e-02;1.3250000e+02;7.1403585e-02;1.3250000e+02;9.6536778e-02;1.3250000e+02;1.2586504e-01;1.3250000e+02;1.5815930e-01;1.3250000e+02;1.8380193e-01;1.3250000e+02;2.0499562e-01;1.3250000e+02;2.1797891e-01;1.3250000e+02;2.2208175e-01;1.3250000e+02;2.0604928e-01;1.3250000e+02;1.7283088e-01;1.3250000e+02;1.2959047e-01;1.3250000e+02;8.4941603e-02;1.3250000e+02;4.3693483e-02;1.3250000e+02;-1.1431035e-03;1.3250000e+02;3.9875377e-03;1.3250000e+02;1.5574016e-02;1.3250000e+02;3.1178795e-02;1.3250000e+02;4.9807936e-02;1.3250000e+02;7.1403585e-02;1.3250000e+02;9.6536778e-02;1.3250000e+02;1.2586504e-01;1.3250000e+02;1.5815930e-01;1.3250000e+02;1.8380193e-01;1.3250000e+02;2.0499562e-01;1.3250000e+02;2.1797891e-01;1.3250000e+02;2.2208175e-01;1.3250000e+02;2.0604928e-01;1.3250000e+02;1.7283088e-01;1.3250000e+02;1.2959047e-01;1.3250000e+02;8.4941603e-02;1.3250000e+02;4.3693483e-02;1.3250000e+02;-1.1431035e-03;1.3250000e+02;3.9875377e-03;1.3250000e+02;1.5574016e-02;1.3250000e+02;3.1178795e-02;1.3250000e+02;4.9807936e-02;1.3250000e+02;7.1403585e-02;1.3250000e+02;9.6536778e-02;1.3250000e+02;1.2586504e-01;1.3250000e+02;1.5815930e-01;1.3250000e+02;1.8380193e-01;1.3250000e+02;2.0499562e-01;1.3250000e+02;2.1797891e-01;1.3250000e+02;2.2208175e-01;1.3250000e+02;2.0604928e-01;1.3250000e+02;1.7283088e-01;1.3250000e+02;1.2959047e-01;1.3250000e+02;8.4941603e-02;1.3250000e+02;4.3693483e-02;1.3250000e+02;-1.1431035e-03;1.3250000e+02;3.9875377e-03;1.3250000e+02;1.5574016e-02;1.3250000e+02;3.1178795e-02;1.3250000e+02;4.9807936e-02;1.3250000e+02;7.1403585e-02;1.3250000e+02;9.6536778e-02;1.3250000e+02;1.2586504e-01;1.3250000e+02;1.5815930e-01;1.3250000e+02;1.8380193e-01;1.3250000e+02;2.0499562e-01;1.3250000e+02;2.1797891e-01;1.3250000e+02;2.2208175e-01;1.3250000e+02;2.0604928e-01;1.3250000e+02;1.7283088e-01;1.3250000e+02;1.2959047e-01;1.3250000e+02;8.4941603e-02;1.3250000e+02;4.3693483e-02;1.3250000e+02;-1.1431035e-03;1.3250000e+02;3.9875377e-03;1.3250000e+02;1.5574016e-02;1.3250000e+02;3.1178795e-02;1.3250000e+02;4.9807936e-02;1.3250000e+02;7.1403585e-02;1.3250000e+02;9.6536778e-02;1.3250000e+02;1.2586504e-01;1.3250000e+02;1.5815930e-01;1.3250000e+02;1.8380193e-01;1.3250000e+02;2.0499562e-01;1.3250000e+02;2.1797891e-01;1.3250000e+02;2.2208175e-01;1.3250000e+02;2.0604928e-01;1.3250000e+02;1.7283088e-01;1.3250000e+02;1.2959047e-01;1.3250000e+02;8.4941603e-02;1.3250000e+02;4.3693483e-02;1.3250000e+02;-1.1431035e-03;1.3250000e+02;3.9875377e-03;1.3250000e+02;1.5574016e-02;1.3250000e+02;3.1178795e-02;1.3250000e+02;4.9807936e-02;1.3250000e+02;7.1403585e-02;1.3250000e+02;9.6536778e-02;1.3250000e+02;1.2586504e-01;1.3250000e+02;1.5815930e-01;1.3250000e+02;1.8380193e-01;1.3250000e+02;2.0499562e-01;1.3250000e+02;2.1797891e-01;1.3250000e+02;2.2208175e-01;1.3250000e+02;2.0604928e-01;1.3250000e+02;1.7283088e-01;1.3250000e+02;1.2959047e-01;1.3250000e+02;8.4941603e-02;1.3250000e+02;4.3693483e-02;1.3250000e+02;-1.1431035e-03;1.3250000e+02;3.9875377e-03;1.3250000e+02;1.5574016e-02;1.3250000e+02;3.1178795e-02;1.3250000e+02;4.9807936e-02;1.3250000e+02;7.1403585e-02;1.3250000e+02;9.6536778e-02;1.3250000e+02;1.2586504e-01;1.3250000e+02;1.5815930e-01;1.3250000e+02;1.8380193e-01;1.3250000e+02;2.0499562e-01;1.3250000e+02;2.1797891e-01;1.3250000e+02;2.2208175e-01;1.3250000e+02;2.0604928e-01;1.3250000e+02;1.7283088e-01;1.3250000e+02;1.2959047e-01;1.3250000e+02;8.4941603e-02;1.3250000e+02;4.3693483e-02;1.3250000e+02;-1.1431035e-03;1.3250000e+02;3.9875377e-03;1.3250000e+02;1.5574016e-02;1.3250000e+02;3.1178795e-02;1.3250000e+02;4.9807936e-02;1.3250000e+02;7.1403585e-02;1.3250000e+02;9.6536778e-02;1.3250000e+02;1.2586504e-01;1.3250000e+02;1.5815930e-01;1.3250000e+02;1.8380193e-01;1.3250000e+02;2.0499562e-01;1.3250000e+02;2.1797891e-01;1.3250000e+02;2.2208175e-01;1.3250000e+02;2.0604928e-01;1.3250000e+02;1.7283088e-01;1.3250000e+02;1.2959047e-01;1.3250000e+02;8.4941603e-02;1.3250000e+02;4.3693483e-02;1.3250000e+02;-1.1431035e-03;1.3250000e+02;3.9875377e-03;1.3250000e+02;1.5574016e-02;1.3250000e+02;3.1178795e-02;1.3250000e+02;4.9807936e-02;1.3250000e+02;7.1403585e-02;1.3250000e+02;9.6536778e-02;1.3250000e+02;1.2586504e-01;1.3250000e+02;1.5815930e-01;1.3250000e+02;1.8380193e-01;1.3250000e+02;2.0499562e-01;1.3250000e+02;2.1797891e-01;1.3250000e+02;2.2208175e-01;1.3250000e+02;2.0604928e-01;1.3250000e+02;1.7283088e-01;1.3250000e+02;1.2959047e-01;1.3250000e+02;8.4941603e-02;1.3250000e+02;4.3693483e-02;1.3250000e+02;-1.1431035e-03;1.3250000e+02;3.9875377e-03;1.3250000e+02;1.5574016e-02;1.3250000e+02;3.1178795e-02;1.3250000e+02;4.9807936e-02;1.3250000e+02;7.1403585e-02;1.3250000e+02;9.6536778e-02;1.3250000e+02;1.2586504e-01;1.3250000e+02;1.5815930e-01;1.3250000e+02;1.8380193e-01;1.3250000e+02;2.0499562e-01;1.3250000e+02;2.1797891e-01;1.3250000e+02;2.2208175e-01;1.3250000e+02;2.0604928e-01;1.3250000e+02;1.7283088e-01;1.3250000e+02;1.2959047e-01;1.3250000e+02;8.4941603e-02;1.3250000e+02;4.3693483e-02;1.3250000e+02;-1.1431035e-03;1.3250000e+02;3.9875377e-03;1.3250000e+02;1.5574016e-02;1.3250000e+02;3.1178795e-02;1.3250000e+02;4.9807936e-02;1.3250000e+02;7.1403585e-02;1.3250000e+02;9.6536778e-02;1.3250000e+02;1.2586504e-01;1.3250000e+02;1.5815930e-01;1.3250000e+02;1.8380193e-01;1.3250000e+02;2.0499562e-01;1.3250000e+02;2.1797891e-01;1.3250000e+02;2.2208175e-01;1.3250000e+02;2.0604928e-01;1.3250000e+02;1.7283088e-01;1.3250000e+02;1.2959047e-01;1.3250000e+02;8.4941603e-02;1.3250000e+02;4.3693483e-02;1.3250000e+02;-1.1431035e-03;1.3250000e+02;3.9875377e-03;1.3250000e+02;1.5574016e-02;1.3250000e+02;3.1178795e-02;1.3250000e+02;4.9807936e-02;1.3250000e+02;7.1403585e-02;1.3250000e+02;9.6536778e-02;1.3250000e+02;1.2586504e-01;1.3250000e+02;1.5815930e-01;1.3250000e+02;1.8380193e-01;1.3250000e+02;2.0499562e-01;1.3250000e+02;2.1797891e-01;1.3250000e+02;2.2208175e-01;1.3250000e+02;2.0604928e-01;1.3250000e+02;1.7283088e-01;1.3250000e+02;1.2959047e-01;1.3250000e+02;8.4941603e-02;1.3250000e+02;4.3693483e-02;1.3250000e+02;-1.1431035e-03;1.3250000e+02;3.9875377e-03;1.3250000e+02;1.5574016e-02;1.3250000e+02;3.1178795e-02;1.3250000e+02;4.9807936e-02;1.3250000e+02;7.1403585e-02;1.3250000e+02;9.6536778e-02;1.3250000e+02;1.2586504e-01;1.3250000e+02;1.5815930e-01;1.3250000e+02;1.8380193e-01;1.3250000e+02;2.0499562e-01;1.3250000e+02;2.1797891e-01;1.3250000e+02;2.2208175e-01;1.3250000e+02;2.0604928e-01;1.3250000e+02;1.7283088e-01;1.3250000e+02;1.2959047e-01;1.3250000e+02;8.4941603e-02;1.3250000e+02;4.3693483e-02;1.3250000e+02;-1.1431035e-03;1.3250000e+02;3.9875377e-03;1.3250000e+02;1.5574016e-02;1.3250000e+02;3.1178795e-02;1.3250000e+02;4.9807936e-02;1.3250000e+02;7.1403585e-02;1.3250000e+02;9.6536778e-02;1.3250000e+02;1.2586504e-01;1.3250000e+02;1.5815930e-01;1.3250000e+02;1.8380193e-01;1.3250000e+02;2.0499562e-01;1.3250000e+02;2.1797891e-01;1.3250000e+02;2.2208175e-01;1.3250000e+02;2.0604928e-01;1.3250000e+02;1.7283088e-01;1.3250000e+02;1.2959047e-01;1.3250000e+02;8.4941603e-02;1.3250000e+02;4.3693483e-02;1.3250000e+02;-1.1431035e-03;1.3250000e+02;3.9875377e-03;1.3250000e+02;1.5574016e-02;1.3250000e+02;3.1178795e-02;1.3250000e+02;4.9807936e-02;1.3250000e+02;7.1403585e-02;1.3250000e+02;9.6536778e-02;1.3250000e+02;1.2586504e-01;1.3250000e+02;1.5815930e-01;1.3250000e+02;1.8380193e-01;1.3250000e+02;2.0499562e-01;1.3250000e+02;2.1797891e-01;1.3250000e+02;2.2208175e-01;1.3250000e+02;2.0604928e-01;1.3250000e+02;1.7283088e-01;1.3250000e+02;1.2959047e-01;1.3250000e+02;8.4941603e-02;1.3250000e+02;4.3693483e-02;1.3250000e+02;-1.1431035e-03;1.3250000e+02;3.9875377e-03;1.3250000e+02;1.5574016e-02;1.3250000e+02;3.1178795e-02;1.3250000e+02;4.9807936e-02;1.3250000e+02;7.1403585e-02;1.3250000e+02;9.6536778e-02;1.3250000e+02;1.2586504e-01;1.3250000e+02;1.5815930e-01;1.3250000e+02;1.8380193e-01;1.3250000e+02;2.0499562e-01;1.3250000e+02;2.1797891e-01;1.3250000e+02;2.2208175e-01;1.3250000e+02;2.0604928e-01;1.3250000e+02;1.7283088e-01;1.3250000e+02;1.2959047e-01;1.3250000e+02;8.4941603e-02;1.3250000e+02;4.3693483e-02;1.3250000e+02;-1.1431035e-03;1.3250000e+02;3.9875377e-03;1.3250000e+02;1.5574016e-02;1.3250000e+02;3.1178795e-02;1.3250000e+02;4.9807936e-02;1.3250000e+02;7.1403585e-02;1.3250000e+02;9.6536778e-02;1.3250000e+02;1.2586504e-01;1.3250000e+02;1.5815930e-01;1.3250000e+02;1.8380193e-01;1.3250000e+02;2.0499562e-01;1.3250000e+02;2.1797891e-01;1.3250000e+02;2.2208175e-01;1.3250000e+02;2.0604928e-01;1.3250000e+02;1.7283088e-01;1.3250000e+02;1.2959047e-01;1.3250000e+02;8.4941603e-02;1.3250000e+02;4.3693483e-02;1.3250000e+02;-1.1431035e-03;1.3250000e+02;3.9875377e-03;1.3250000e+02;1.5574016e-02;1.3250000e+02;3.1178795e-02;1.3250000e+02;4.9807936e-02;1.3250000e+02;7.1403585e-02;1.3250000e+02;9.6536778e-02;1.3250000e+02;1.2586504e-01;1.3250000e+02;1.5815930e-01;1.3250000e+02;1.8380193e-01;1.3250000e+02;2.0499562e-01;1.3250000e+02;2.1797891e-01;1.3250000e+02;2.2208175e-01;1.3250000e+02;2.0604928e-01;1.3250000e+02;1.7283088e-01;1.3250000e+02;1.2959047e-01;1.3250000e+02;8.4941603e-02;1.3250000e+02;4.3693483e-02;1.3250000e+02;-1.1431035e-03;1.3250000e+02;3.9875377e-03;1.3250000e+02;1.5574016e-02;1.3250000e+02;3.1178795e-02;1.3250000e+02;4.9807936e-02;1.3250000e+02;7.1403585e-02;1.3250000e+02;9.6536778e-02;1.3250000e+02;1.2586504e-01;1.3250000e+02;1.5815930e-01;1.3250000e+02;1.8380193e-01;1.3250000e+02;2.0499562e-01;1.3250000e+02;2.1797891e-01;1.3250000e+02;2.2208175e-01;1.3250000e+02;2.0604928e-01;1.3250000e+02;1.7283088e-01;1.3250000e+02;1.2959047e-01;1.3250000e+02;8.4941603e-02;1.3250000e+02;4.3693483e-02;1.3250000e+02;-1.1431035e-03;1.3250000e+02;3.9875377e-03;1.3250000e+02;1.5574016e-02;1.3250000e+02;3.1178795e-02;1.3250000e+02;4.9807936e-02;1.3250000e+02;7.1403585e-02;1.3250000e+02;9.6536778e-02;1.3250000e+02;1.2586504e-01;1.3250000e+02;1.5815930e-01;1.3250000e+02;1.8380193e-01;1.3250000e+02;2.0499562e-01;1.3250000e+02;2.1797891e-01;1.3250000e+02;2.2208175e-01;1.3250000e+02;2.0604928e-01;1.3250000e+02;1.7283088e-01;1.3250000e+02;1.2959047e-01;1.3250000e+02;8.4941603e-02;1.3250000e+02;4.3693483e-02;1.3250000e+02;-1.1431035e-03;1.3250000e+02;3.9875377e-03;1.3250000e+02;1.5574016e-02;1.3250000e+02;3.1178795e-02;1.3250000e+02;4.9807936e-02;1.3250000e+02;7.1403585e-02;1.3250000e+02;9.6536778e-02;1.3250000e+02;1.2586504e-01;1.3250000e+02;1.5815930e-01;1.3250000e+02;1.8380193e-01;1.3250000e+02;2.0499562e-01;1.3250000e+02;2.1797891e-01;1.3250000e+02;2.2208175e-01;1.3250000e+02;2.0604928e-01;1.3250000e+02;1.7283088e-01;1.3250000e+02;1.2959047e-01;1.3250000e+02;8.4941603e-02;1.3250000e+02;4.3693483e-02;1.3250000e+02;-1.1431035e-03;1.3250000e+02;3.9875377e-03;1.3250000e+02;1.5574016e-02;1.3250000e+02;3.1178795e-02;1.3250000e+02;4.9807936e-02;1.3250000e+02;7.1403585e-02;1.3250000e+02;9.6536778e-02;1.3250000e+02;1.2586504e-01;1.3250000e+02;1.5815930e-01;1.3250000e+02;1.8380193e-01;1.3250000e+02;2.0499562e-01;1.3250000e+02;2.1797891e-01;1.3250000e+02;2.2208175e-01;1.3250000e+02;2.0604928e-01;1.3250000e+02;1.7283088e-01;1.3250000e+02;1.2959047e-01;1.3250000e+02;8.4941603e-02;1.3250000e+02;4.3693483e-02;1.3250000e+02;-1.1431035e-03;1.3250000e+02;3.9875377e-03;1.3250000e+02;1.5574016e-02;1.3250000e+02;3.1178795e-02;1.3250000e+02;4.9807936e-02;1.3250000e+02;7.1403585e-02;1.3250000e+02;9.6536778e-02;1.3250000e+02;1.2586504e-01;1.3250000e+02;1.5815930e-01;1.3250000e+02;1.8380193e-01;1.3250000e+02;2.0499562e-01;1.3250000e+02;2.1797891e-01;1.3250000e+02;2.2208175e-01;1.3250000e+02;2.0604928e-01;1.3250000e+02;1.7283088e-01;1.3250000e+02;1.2959047e-01;1.3250000e+02;8.4941603e-02;1.3250000e+02;4.3693483e-02;1.3250000e+02;-1.1431035e-03;1.3250000e+02;3.9875377e-03;1.3250000e+02;1.5574016e-02;1.3250000e+02;3.1178795e-02;1.3250000e+02;4.9807936e-02;1.3250000e+02;7.1403585e-02;1.3250000e+02;9.6536778e-02;1.3250000e+02;1.2586504e-01;1.3250000e+02;1.5815930e-01;1.3250000e+02;1.8380193e-01;1.3250000e+02;2.0499562e-01;1.3250000e+02;2.1797891e-01;1.3250000e+02;2.2208175e-01;1.3250000e+02;2.0604928e-01;1.3250000e+02;1.7283088e-01;1.3250000e+02;1.2959047e-01;1.3250000e+02;8.4941603e-02;1.3250000e+02;4.3693483e-02;1.3250000e+02;-1.1431035e-03;1.3250000e+02;3.9875377e-03;1.3250000e+02;1.5574016e-02;1.3250000e+02;3.1178795e-02;1.3250000e+02;4.9807936e-02;1.3250000e+02;7.1403585e-02;1.3250000e+02;9.6536778e-02;1.3250000e+02;1.2586504e-01;1.3250000e+02;1.5815930e-01;1.3250000e+02;1.8380193e-01;1.3250000e+02;2.0499562e-01;1.3250000e+02;2.1797891e-01;1.3250000e+02;2.2208175e-01;1.3250000e+02;2.0604928e-01;1.3250000e+02;1.7283088e-01;1.3250000e+02;1.2959047e-01;1.3250000e+02;8.4941603e-02;1.3250000e+02;4.3693483e-02;1.3250000e+02;-1.1431035e-03;1.3250000e+02;3.9875377e-03;1.3250000e+02;1.5574016e-02;1.3250000e+02;3.1178795e-02;1.3250000e+02;4.9807936e-02;1.3250000e+02;7.1403585e-02;1.3250000e+02;9.6536778e-02;1.3250000e+02;1.2586504e-01;1.3250000e+02;1.5815930e-01;1.3250000e+02;1.8380193e-01;1.3250000e+02;2.0499562e-01;1.3250000e+02;2.1797891e-01;1.3250000e+02;2.2208175e-01;1.3250000e+02;2.0604928e-01;1.3250000e+02;1.7283088e-01;1.3250000e+02;1.2959047e-01;1.3250000e+02;8.4941603e-02;1.3250000e+02;4.3693483e-02;1.3250000e+02;-1.1431035e-03;1.3250000e+02;3.9875377e-03;1.3250000e+02;1.5574016e-02;1.3250000e+02;3.1178795e-02;1.3250000e+02;4.9807936e-02;1.3250000e+02;7.1403585e-02;1.3250000e+02;9.6536778e-02;1.3250000e+02;1.2586504e-01;1.3250000e+02;1.5815930e-01;1.3250000e+02;1.8380193e-01;1.3250000e+02;2.0499562e-01;1.3250000e+02;2.1797891e-01;1.3250000e+02;2.2208175e-01;1.3250000e+02;2.0604928e-01;1.3250000e+02;1.7283088e-01;1.3250000e+02;1.2959047e-01;1.3250000e+02;8.4941603e-02;1.3250000e+02;4.3693483e-02;1.3250000e+02;-1.1431035e-03;1.3250000e+02;3.9875377e-03;1.3250000e+02;1.5574016e-02;1.3250000e+02;3.1178795e-02;1.3250000e+02;4.9807936e-02;1.3250000e+02;7.1403585e-02;1.3250000e+02;9.6536778e-02;1.3250000e+02;1.2586504e-01;1.3250000e+02;1.5815930e-01;1.3250000e+02;1.8380193e-01;1.3250000e+02;2.0499562e-01;1.3250000e+02;2.1797891e-01;1.3250000e+02;2.2208175e-01;1.3250000e+02;2.0604928e-01;1.3250000e+02;1.7283088e-01;1.3250000e+02;1.2959047e-01;1.3250000e+02;8.4941603e-02;1.3250000e+02;4.3693483e-02;1.3250000e+02;-1.1431035e-03;1.3250000e+02;3.9875377e-03;1.3250000e+02;1.5574016e-02;1.3250000e+02;3.1178795e-02;1.3250000e+02;4.9807936e-02;1.3250000e+02;7.1403585e-02;1.3250000e+02;9.6536778e-02;1.3250000e+02;1.2586504e-01;1.3250000e+02;1.5815930e-01;1.3250000e+02;1.8380193e-01;1.3250000e+02;2.0499562e-01;1.3250000e+02;2.1797891e-01;1.3250000e+02;2.2208175e-01;1.3250000e+02;2.0604928e-01;1.3250000e+02;1.7283088e-01;1.3250000e+02;1.2959047e-01;1.3250000e+02;8.4941603e-02;1.3250000e+02;4.3693483e-02;1.3250000e+02;-1.1431035e-03;1.3250000e+02;3.9875377e-03;1.3250000e+02;1.5574016e-02;1.3250000e+02;3.1178795e-02;1.3250000e+02;4.9807936e-02;1.3250000e+02;7.1403585e-02;1.3250000e+02;9.6536778e-02;1.3250000e+02;1.2586504e-01;1.3250000e+02;1.5815930e-01;1.3250000e+02;1.8380193e-01;1.3250000e+02;2.0499562e-01;1.3250000e+02;2.1797891e-01;1.3250000e+02;2.2208175e-01;1.3250000e+02;2.0604928e-01;1.3250000e+02;1.7283088e-01;1.3250000e+02;1.2959047e-01;1.3250000e+02;8.4941603e-02;1.3250000e+02;4.3693483e-02;1.3250000e+02;-1.1431035e-03;1.3250000e+02;3.9875377e-03;1.3250000e+02;1.5574016e-02;1.3250000e+02;3.1178795e-02;1.3250000e+02;4.9807936e-02;1.3250000e+02;7.1403585e-02;1.3250000e+02;9.6536778e-02;1.3250000e+02;1.2586504e-01;1.3250000e+02;1.5815930e-01;1.3250000e+02;1.8380193e-01;1.3250000e+02;2.0499562e-01;1.3250000e+02;2.1797891e-01;1.3250000e+02;2.2208175e-01;1.3250000e+02;2.0604928e-01;1.3250000e+02;1.7283088e-01;1.3250000e+02;1.2959047e-01;1.3250000e+02;8.4941603e-02;1.3250000e+02;4.3693483e-02;1.3250000e+02;-1.1431035e-03;1.3250000e+02;3.9875377e-03;1.3250000e+02;1.5574016e-02;1.3250000e+02;3.1178795e-02;1.3250000e+02;4.9807936e-02;1.3250000e+02;7.1403585e-02;1.3250000e+02;9.6536778e-02;1.3250000e+02;1.2586504e-01;1.3250000e+02;1.5815930e-01;1.3250000e+02;1.8380193e-01;1.3250000e+02;2.0499562e-01;1.3250000e+02;2.1797891e-01;1.3250000e+02;2.2208175e-01;1.3250000e+02;2.0604928e-01;1.3250000e+02;1.7283088e-01;1.3250000e+02;1.2959047e-01;1.3250000e+02;8.4941603e-02;1.3250000e+02;4.3693483e-02;1.3250000e+02;-1.1431035e-03;1.3250000e+02;3.9875377e-03;1.3250000e+02;1.5574016e-02;1.3250000e+02;3.1178795e-02;1.3250000e+02;4.9807936e-02;1.3250000e+02;7.1403585e-02;1.3250000e+02;9.6536778e-02;1.3250000e+02;1.2586504e-01;1.3250000e+02;1.5815930e-01;1.3250000e+02;1.8380193e-01;1.3250000e+02;2.0499562e-01;1.3250000e+02;2.1797891e-01;1.3250000e+02;2.2208175e-01;1.3250000e+02;2.0604928e-01;1.3250000e+02;1.7283088e-01;1.3250000e+02;1.2959047e-01;1.3250000e+02;8.4941603e-02;1.3250000e+02;4.3693483e-02;1.3250000e+02;-1.1431035e-03;1.3250000e+02;3.9875377e-03;1.3250000e+02;1.5574016e-02;1.3250000e+02;3.1178795e-02;1.3250000e+02;4.9807936e-02;1.3250000e+02;7.1403585e-02;1.3250000e+02;9.6536778e-02;1.3250000e+02;1.2586504e-01;1.3250000e+02;1.5815930e-01;1.3250000e+02;1.8380193e-01;1.3250000e+02;2.0499562e-01;1.3250000e+02;2.1797891e-01;1.3250000e+02;2.2208175e-01;1.3250000e+02;2.0604928e-01;1.3250000e+02;1.7283088e-01;1.3250000e+02;1.2959047e-01;1.3250000e+02;8.4941603e-02;1.3250000e+02;4.3693483e-02;1.3250000e+02;-1.1431035e-03;1.3250000e+02;3.9875377e-03;1.3250000e+02;1.5574016e-02;1.3250000e+02;3.1178795e-02;1.3250000e+02;4.9807936e-02;1.3250000e+02;7.1403585e-02;1.3250000e+02;9.6536778e-02;1.3250000e+02;1.2586504e-01;1.3250000e+02;1.5815930e-01;1.3250000e+02;1.8380193e-01;1.3250000e+02;2.0499562e-01;1.3250000e+02;2.1797891e-01;1.3250000e+02;2.2208175e-01;1.3250000e+02;2.0604928e-01;1.3250000e+02;1.7283088e-01;1.3250000e+02;1.2959047e-01;1.3250000e+02;8.4941603e-02;1.3250000e+02;4.3693483e-02;1.3250000e+02;-1.1431035e-03;1.3250000e+02;3.9875377e-03;1.3250000e+02;1.5574016e-02;1.3250000e+02;3.1178795e-02;1.3250000e+02;4.9807936e-02;1.3250000e+02;7.1403585e-02;1.3250000e+02;9.6536778e-02;1.3250000e+02;1.2586504e-01;1.3250000e+02;1.5815930e-01;1.3250000e+02;1.8380193e-01;1.3250000e+02;2.0499562e-01;1.3250000e+02;2.1797891e-01;1.3250000e+02;2.2208175e-01;1.3250000e+02;2.0604928e-01;1.3250000e+02;1.7283088e-01;1.3250000e+02;1.2959047e-01;1.3250000e+02;8.4941603e-02;1.3250000e+02;4.3693483e-02;1.3250000e+02;-1.1431035e-03;1.3250000e+02;3.9875377e-03;1.3250000e+02;1.5574016e-02;1.3250000e+02;3.1178795e-02;1.3250000e+02;4.9807936e-02;1.3250000e+02;7.1403585e-02;1.3250000e+02;9.6536778e-02;1.3250000e+02;1.2586504e-01;1.3250000e+02;1.5815930e-01;1.3250000e+02;1.8380193e-01;1.3250000e+02;2.0499562e-01;1.3250000e+02;2.1797891e-01;1.3250000e+02;2.2208175e-01;1.3250000e+02;2.0604928e-01;1.3250000e+02;1.7283088e-01;1.3250000e+02;1.2959047e-01;1.3250000e+02;8.4941603e-02;1.3250000e+02;4.3693483e-02;1.3250000e+02;-1.1431035e-03;1.3250000e+02;3.9875377e-03;1.3250000e+02;1.5574016e-02;1.3250000e+02;3.1178795e-02;1.3250000e+02;4.9807936e-02;1.3250000e+02;7.1403585e-02;1.3250000e+02;9.6536778e-02;1.3250000e+02;1.2586504e-01;1.3250000e+02;1.5815930e-01;1.3250000e+02;1.8380193e-01;1.3250000e+02;2.0499562e-01;1.3250000e+02;2.1797891e-01;1.3250000e+02;2.2208175e-01;1.3250000e+02;2.0604928e-01;1.3250000e+02;1.7283088e-01;1.3250000e+02;1.2959047e-01;1.3250000e+02;8.4941603e-02;1.3250000e+02;4.3693483e-02;1.3250000e+02;-1.1431035e-03;1.3250000e+02;3.9875377e-03;1.3250000e+02;1.5574016e-02;1.3250000e+02;3.1178795e-02;1.3250000e+02;4.9807936e-02;1.3250000e+02;7.1403585e-02;1.3250000e+02;9.6536778e-02;1.3250000e+02;1.2586504e-01;1.3250000e+02;1.5815930e-01;1.3250000e+02;1.8380193e-01;1.3250000e+02;2.0499562e-01;1.3250000e+02;2.1797891e-01;1.3250000e+02;2.2208175e-01;1.3250000e+02;2.0604928e-01;1.3250000e+02;1.7283088e-01;1.3250000e+02;1.2959047e-01;1.3250000e+02;8.4941603e-02;1.3250000e+02;4.3693483e-02;1.3250000e+02;-1.1431035e-03;1.3250000e+02;3.9875377e-03;1.3250000e+02;1.5574016e-02;1.3250000e+02;3.1178795e-02;1.3250000e+02;4.9807936e-02;1.3250000e+02;7.1403585e-02;1.3250000e+02;9.6536778e-02;1.3250000e+02;1.2586504e-01;1.3250000e+02;1.5815930e-01;1.3250000e+02;1.8380193e-01;1.3250000e+02;2.0499562e-01;1.3250000e+02;2.1797891e-01;1.3250000e+02;2.2208175e-01;1.3250000e+02;2.0604928e-01;1.3250000e+02;1.7283088e-01;1.3250000e+02;1.2959047e-01;1.3250000e+02;8.4941603e-02;1.3250000e+02;4.3693483e-02;1.3250000e+02;-1.1431035e-03;1.3250000e+02;3.9875377e-03;1.3250000e+02;1.5574016e-02;1.3250000e+02;3.1178795e-02;1.3250000e+02;4.9807936e-02;1.3250000e+02;7.1403585e-02;1.3250000e+02;9.6536778e-02;1.3250000e+02;1.2586504e-01;1.3250000e+02;1.5815930e-01;1.3250000e+02;1.8380193e-01;1.3250000e+02;2.0499562e-01;1.3250000e+02;2.1797891e-01;1.3250000e+02;2.2208175e-01;1.3250000e+02;2.0604928e-01;1.3250000e+02;1.7283088e-01;1.3250000e+02;1.2959047e-01;1.3250000e+02;8.4941603e-02;1.3250000e+02;4.3693483e-02;1.3250000e+02;-1.1431035e-03;1.3250000e+02;3.9875377e-03;1.3250000e+02;1.5574016e-02;1.3250000e+02;3.1178795e-02;1.3250000e+02;4.9807936e-02;1.3250000e+02;7.1403585e-02;1.3250000e+02;9.6536778e-02;1.3250000e+02;1.2586504e-01;1.3250000e+02;1.5815930e-01;1.3250000e+02;1.8380193e-01;1.3250000e+02;2.0499562e-01;1.3250000e+02;2.1797891e-01;1.3250000e+02;2.2208175e-01;1.3250000e+02;2.0604928e-01;1.3250000e+02;1.7283088e-01;1.3250000e+02;1.2959047e-01;1.3250000e+02;8.4941603e-02;1.3250000e+02;4.3693483e-02;1.3250000e+02;-1.1431035e-03;1.3250000e+02;3.9875377e-03;1.3250000e+02;1.5574016e-02;1.3250000e+02;3.1178795e-02;1.3250000e+02;4.9807936e-02;1.3250000e+02;7.1403585e-02;1.3250000e+02;9.6536778e-02;1.3250000e+02;1.2586504e-01;1.3250000e+02;1.5815930e-01;1.3250000e+02;1.8380193e-01;1.3250000e+02;2.0499562e-01;1.3250000e+02;2.1797891e-01;1.3250000e+02;2.2208175e-01;1.3250000e+02;2.0604928e-01;1.3250000e+02;1.7283088e-01;1.3250000e+02;1.2959047e-01;1.3250000e+02;8.4941603e-02;1.3250000e+02;4.3693483e-02;1.3250000e+02;-1.1431035e-03;1.3250000e+02;3.9875377e-03;1.3250000e+02;1.5574016e-02;1.3250000e+02;3.1178795e-02;1.3250000e+02;4.9807936e-02;1.3250000e+02;7.1403585e-02;1.3250000e+02;9.6536778e-02;1.3250000e+02;1.2586504e-01;1.3250000e+02;1.5815930e-01;1.3250000e+02;1.8380193e-01;1.3250000e+02;2.0499562e-01;1.3250000e+02;2.1797891e-01;1.3250000e+02;2.2208175e-01;1.3250000e+02;2.0604928e-01;1.3250000e+02;1.7283088e-01;1.3250000e+02;1.2959047e-01;1.3250000e+02;8.4941603e-02;1.3250000e+02;4.3693483e-02;1.3250000e+02;-1.1431035e-03;1.3250000e+02;3.9875377e-03;1.3250000e+02;1.5574016e-02;1.3250000e+02;3.1178795e-02;1.3250000e+02;4.9807936e-02;1.3250000e+02;7.1403585e-02;1.3250000e+02;9.6536778e-02;1.3250000e+02;1.2586504e-01;1.3250000e+02;1.5815930e-01;1.3250000e+02;1.8380193e-01;1.3250000e+02;2.0499562e-01;1.3250000e+02;2.1797891e-01;1.3250000e+02;2.2208175e-01;1.3250000e+02;2.0604928e-01;1.3250000e+02;1.7283088e-01;1.3250000e+02;1.2959047e-01;1.3250000e+02;8.4941603e-02;1.3250000e+02;4.3693483e-02;1.3250000e+02;-1.1431035e-03;1.3250000e+02;3.9875377e-03;1.3250000e+02;1.5574016e-02;1.3250000e+02;3.1178795e-02;1.3250000e+02;4.9807936e-02;1.3250000e+02;7.1403585e-02;1.3250000e+02;9.6536778e-02;1.3250000e+02;1.2586504e-01;1.3250000e+02;1.5815930e-01;1.3250000e+02;1.8380193e-01;1.3250000e+02;2.0499562e-01;1.3250000e+02;2.1797891e-01;1.3250000e+02;2.2208175e-01;1.3250000e+02;2.0604928e-01;1.3250000e+02;1.7283088e-01;1.3250000e+02;1.2959047e-01;1.3250000e+02;8.4941603e-02;1.3250000e+02;4.3693483e-02;1.3250000e+02;-1.1431035e-03;1.3250000e+02;3.9875377e-03;1.3250000e+02;1.5574016e-02;1.3250000e+02;3.1178795e-02;1.3250000e+02;4.9807936e-02;1.3250000e+02;7.1403585e-02;1.3250000e+02;9.6536778e-02;1.3250000e+02;1.2586504e-01;1.3250000e+02;1.5815930e-01;1.3250000e+02;1.8380193e-01;1.3250000e+02;2.0499562e-01;1.3250000e+02;2.1797891e-01;1.3250000e+02;2.2208175e-01;1.3250000e+02;2.0604928e-01;1.3250000e+02;1.7283088e-01;1.3250000e+02;1.2959047e-01;1.3250000e+02;8.4941603e-02;1.3250000e+02;4.3693483e-02;1.3250000e+02;-1.1431035e-03;1.3250000e+02;3.9875377e-03;1.3250000e+02;1.5574016e-02;1.3250000e+02;3.1178795e-02;1.3250000e+02;4.9807936e-02;1.3250000e+02;7.1403585e-02;1.3250000e+02;9.6536778e-02;1.3250000e+02;1.2586504e-01;1.3250000e+02;1.5815930e-01;1.3250000e+02;1.8380193e-01;1.3250000e+02;2.0499562e-01;1.3250000e+02;2.1797891e-01;1.3250000e+02;2.2208175e-01;1.3250000e+02;2.0604928e-01;1.3250000e+02;1.7283088e-01;1.3250000e+02;1.2959047e-01;1.3250000e+02;8.4941603e-02;1.3250000e+02;4.3693483e-02;1.3250000e+02;-1.1431035e-03;1.3250000e+02;3.9875377e-03;1.3250000e+02;1.5574016e-02;1.3250000e+02;3.1178795e-02;1.3250000e+02;4.9807936e-02;1.3250000e+02;7.1403585e-02;1.3250000e+02;9.6536778e-02;1.3250000e+02;1.2586504e-01;1.3250000e+02;1.5815930e-01;1.3250000e+02;1.8380193e-01;1.3250000e+02;2.0499562e-01;1.3250000e+02;2.1797891e-01;1.3250000e+02;2.2208175e-01;1.3250000e+02;2.0604928e-01;1.3250000e+02;1.7283088e-01;1.3250000e+02;1.2959047e-01;1.3250000e+02;8.4941603e-02;1.3250000e+02;4.3693483e-02;1.3250000e+02;-1.1431035e-03;1.3250000e+02;3.9875377e-03;1.3250000e+02;1.5574016e-02;1.3250000e+02;3.1178795e-02;1.3250000e+02;4.9807936e-02;1.3250000e+02;7.1403585e-02;1.3250000e+02;9.6536778e-02;1.3250000e+02;1.2586504e-01;1.3250000e+02;1.5815930e-01;1.3250000e+02;1.8380193e-01;1.3250000e+02;2.0499562e-01;1.3250000e+02;2.1797891e-01;1.3250000e+02;2.2208175e-01;1.3250000e+02;2.0604928e-01;1.3250000e+02;1.7283088e-01;1.3250000e+02;1.2959047e-01;1.3250000e+02;8.4941603e-02;1.3250000e+02;4.3693483e-02;1.3250000e+02;-1.1431035e-03;1.3250000e+02;3.9875377e-03;1.3250000e+02;1.5574016e-02;1.3250000e+02;3.1178795e-02;1.3250000e+02;4.9807936e-02;1.3250000e+02;7.1403585e-02;1.3250000e+02;9.6536778e-02;1.3250000e+02;1.2586504e-01;1.3250000e+02;1.5815930e-01;1.3250000e+02;1.8380193e-01;1.3250000e+02;2.0499562e-01;1.3250000e+02;2.1797891e-01;1.3250000e+02;2.2208175e-01;1.3250000e+02;2.0604928e-01;1.3250000e+02;1.7283088e-01;1.3250000e+02;1.2959047e-01;1.3250000e+02;8.4941603e-02;1.3250000e+02;4.3693483e-02;1.3250000e+02;-1.1431035e-03;1.3250000e+02;3.9875377e-03;1.3250000e+02;1.5574016e-02;1.3250000e+02;3.1178795e-02;1.3250000e+02;4.9807936e-02;1.3250000e+02;7.1403585e-02;1.3250000e+02;9.6536778e-02;1.3250000e+02;1.2586504e-01;1.3250000e+02;1.5815930e-01;1.3250000e+02;1.8380193e-01;1.3250000e+02;2.0499562e-01;1.3250000e+02;2.1797891e-01;1.3250000e+02;2.2208175e-01;1.3250000e+02;2.0604928e-01;1.3250000e+02;1.7283088e-01;1.3250000e+02;1.2959047e-01;1.3250000e+02;8.4941603e-02;1.3250000e+02;4.3693483e-02;1.3250000e+02;-1.1431035e-03;1.3250000e+02;3.9875377e-03;1.3250000e+02;1.5574016e-02;1.3250000e+02;3.1178795e-02;1.3250000e+02;4.9807936e-02;1.3250000e+02;7.1403585e-02;1.3250000e+02;9.6536778e-02;1.3250000e+02;1.2586504e-01;1.3250000e+02;1.5815930e-01;1.3250000e+02;1.8380193e-01;1.3250000e+02;2.0499562e-01;1.3250000e+02;2.1797891e-01;1.3250000e+02;2.2208175e-01;1.3250000e+02;2.0604928e-01;1.3250000e+02;1.7283088e-01;1.3250000e+02;1.2959047e-01;1.3250000e+02;8.4941603e-02;1.3250000e+02;4.3693483e-02;1.3250000e+02;-1.1431035e-03;1.3250000e+02;3.9875377e-03;1.3250000e+02;1.5574016e-02;1.3250000e+02;3.1178795e-02;1.3250000e+02;4.9807936e-02;1.3250000e+02;7.1403585e-02;1.3250000e+02;9.6536778e-02;1.3250000e+02;1.2586504e-01;1.3250000e+02;1.5815930e-01;1.3250000e+02;1.8380193e-01;1.3250000e+02;2.0499562e-01;1.3250000e+02;2.1797891e-01;1.3250000e+02;2.2208175e-01;1.3250000e+02;2.0604928e-01;1.3250000e+02;1.7283088e-01;1.3250000e+02;1.2959047e-01;1.3250000e+02;8.4941603e-02;1.3250000e+02;4.3693483e-02;1.3250000e+02;-1.1431035e-03;1.3250000e+02;3.9875377e-03;1.3250000e+02;1.5574016e-02;1.3250000e+02;3.1178795e-02;1.3250000e+02;4.9807936e-02;1.3250000e+02;7.1403585e-02;1.3250000e+02;9.6536778e-02;1.3250000e+02;1.2586504e-01;1.3250000e+02;1.5815930e-01;1.3250000e+02;1.8380193e-01;1.3250000e+02;2.0499562e-01;1.3250000e+02;2.1797891e-01;1.3250000e+02;2.2208175e-01;1.3250000e+02;2.0604928e-01;1.3250000e+02;1.7283088e-01;1.3250000e+02;1.2959047e-01;1.3250000e+02;8.4941603e-02;1.3250000e+02;4.3693483e-02;1.3250000e+02;-1.1431035e-03;1.3250000e+02;3.9875377e-03;1.3250000e+02;1.5574016e-02;1.3250000e+02;3.1178795e-02;1.3250000e+02;4.9807936e-02;1.3250000e+02;7.1403585e-02;1.3250000e+02;9.6536778e-02;1.3250000e+02;1.2586504e-01;1.3250000e+02;1.5815930e-01;1.3250000e+02;1.8380193e-01;1.3250000e+02;2.0499562e-01;1.3250000e+02;2.1797891e-01;1.3250000e+02;2.2208175e-01;1.3250000e+02;2.0604928e-01;1.3250000e+02;1.7283088e-01;1.3250000e+02;1.2959047e-01;1.3250000e+02;8.4941603e-02;1.3250000e+02;4.3693483e-02;1.3250000e+02;-1.1431035e-03;1.3250000e+02;3.9875377e-03;1.3250000e+02;1.5574016e-02;1.3250000e+02;3.1178795e-02;1.3250000e+02;4.9807936e-02;1.3250000e+02;7.1403585e-02;1.3250000e+02;9.6536778e-02;1.3250000e+02;1.2586504e-01;1.3250000e+02;1.5815930e-01;1.3250000e+02;1.8380193e-01;1.3250000e+02;2.0499562e-01;1.3250000e+02;2.1797891e-01;1.3250000e+02;2.2208175e-01;1.3250000e+02;2.0604928e-01;1.3250000e+02;1.7283088e-01;1.3250000e+02;1.2959047e-01;1.3250000e+02;8.4941603e-02;1.3250000e+02;4.3693483e-02;1.3250000e+02;-1.1431035e-03;1.3250000e+02;3.9875377e-03;1.3250000e+02;1.5574016e-02;1.3250000e+02;3.1178795e-02;1.3250000e+02;4.9807936e-02;1.3250000e+02;7.1403585e-02;1.3250000e+02;9.6536778e-02;1.3250000e+02;1.2586504e-01;1.3250000e+02;1.5815930e-01;1.3250000e+02;1.8380193e-01;1.3250000e+02;2.0499562e-01;1.3250000e+02;2.1797891e-01;1.3250000e+02;2.2208175e-01;1.3250000e+02;2.0604928e-01;1.3250000e+02;1.7283088e-01;1.3250000e+02;1.2959047e-01;1.3250000e+02;8.4941603e-02;1.3250000e+02;4.3693483e-02;1.3250000e+02;-1.1431035e-03;1.3250000e+02;3.9875377e-03;1.3250000e+02;1.5574016e-02;1.3250000e+02;3.1178795e-02;1.3250000e+02;4.9807936e-02;1.3250000e+02;7.1403585e-02;1.3250000e+02;9.6536778e-02;1.3250000e+02;1.2586504e-01;1.3250000e+02;1.5815930e-01;1.3250000e+02;1.8380193e-01;1.3250000e+02;2.0499562e-01;1.3250000e+02;2.1797891e-01;1.3250000e+02;2.2208175e-01;1.3250000e+02;2.0604928e-01;1.3250000e+02;1.7283088e-01;1.3250000e+02;1.2959047e-01;1.3250000e+02;8.4941603e-02;1.3250000e+02;4.3693483e-02;1.3250000e+02;-1.1431035e-03;1.3250000e+02;3.9875377e-03;1.3250000e+02;1.5574016e-02;1.3250000e+02;3.1178795e-02;1.3250000e+02;4.9807936e-02;1.3250000e+02;7.1403585e-02;1.3250000e+02;9.6536778e-02;1.3250000e+02;1.2586504e-01;1.3250000e+02;1.5815930e-01;1.3250000e+02;1.8380193e-01;1.3250000e+02;2.0499562e-01;1.3250000e+02;2.1797891e-01;1.3250000e+02;2.2208175e-01;1.3250000e+02;2.0604928e-01;1.3250000e+02;1.7283088e-01;1.3250000e+02;1.2959047e-01;1.3250000e+02;8.4941603e-02;1.3250000e+02;4.3693483e-02;1.3250000e+02;-1.1431035e-03;1.3250000e+02;3.9875377e-03;1.3250000e+02;1.5574016e-02;1.3250000e+02;3.1178795e-02;1.3250000e+02;4.9807936e-02;1.3250000e+02;7.1403585e-02;1.3250000e+02;9.6536778e-02;1.3250000e+02;1.2586504e-01;1.3250000e+02;1.5815930e-01;1.3250000e+02;1.8380193e-01;1.3250000e+02;2.0499562e-01;1.3250000e+02;2.1797891e-01;1.3250000e+02;2.2208175e-01;1.3250000e+02;2.0604928e-01;1.3250000e+02;1.7283088e-01;1.3250000e+02;1.2959047e-01;1.3250000e+02;8.4941603e-02;1.3250000e+02;4.3693483e-02;1.3250000e+02;-1.1431035e-03;1.3250000e+02;3.9875377e-03;1.3250000e+02;1.5574016e-02;1.3250000e+02;3.1178795e-02;1.3250000e+02;4.9807936e-02;1.3250000e+02;7.1403585e-02;1.3250000e+02;9.6536778e-02;1.3250000e+02;1.2586504e-01;1.3250000e+02;1.5815930e-01;1.3250000e+02;1.8380193e-01;1.3250000e+02;2.0499562e-01;1.3250000e+02;2.1797891e-01;1.3250000e+02;2.2208175e-01;1.3250000e+02;2.0604928e-01;1.3250000e+02;1.7283088e-01;1.3250000e+02;1.2959047e-01;1.3250000e+02;8.4941603e-02;1.3250000e+02;4.3693483e-02;1.3250000e+02;-1.1431035e-03;1.3250000e+02;3.9875377e-03;1.3250000e+02;1.5574016e-02;1.3250000e+02;3.1178795e-02;1.3250000e+02;4.9807936e-02;1.3250000e+02;7.1403585e-02;1.3250000e+02;9.6536778e-02;1.3250000e+02;1.2586504e-01;1.3250000e+02;1.5815930e-01;1.3250000e+02;1.8380193e-01;1.3250000e+02;2.0499562e-01;1.3250000e+02;2.1797891e-01;1.3250000e+02;2.2208175e-01;1.3250000e+02;2.0604928e-01;1.3250000e+02;1.7283088e-01;1.3250000e+02;1.2959047e-01;1.3250000e+02;8.4941603e-02;1.3250000e+02;4.3693483e-02;1.3250000e+02;-1.1431035e-03;1.3250000e+02;3.9875377e-03;1.3250000e+02;1.5574016e-02;1.3250000e+02;3.1178795e-02;1.3250000e+02;4.9807936e-02;1.3250000e+02;7.1403585e-02;1.3250000e+02;9.6536778e-02;1.3250000e+02;1.2586504e-01;1.3250000e+02;1.5815930e-01;1.3250000e+02;1.8380193e-01;1.3250000e+02;2.0499562e-01;1.3250000e+02;2.1797891e-01;1.3250000e+02;2.2208175e-01;1.3250000e+02;2.0604928e-01;1.3250000e+02;1.7283088e-01;1.3250000e+02;1.2959047e-01;1.3250000e+02;8.4941603e-02;1.3250000e+02;4.3693483e-02;1.3250000e+02;-1.1431035e-03;1.3250000e+02;3.9875377e-03;1.3250000e+02;1.5574016e-02;1.3250000e+02;3.1178795e-02;1.3250000e+02;4.9807936e-02;1.3250000e+02;7.1403585e-02;1.3250000e+02;9.6536778e-02;1.3250000e+02;1.2586504e-01;1.3250000e+02;1.5815930e-01;1.3250000e+02;1.8380193e-01;1.3250000e+02;2.0499562e-01;1.3250000e+02;2.1797891e-01;1.3250000e+02;2.2208175e-01;1.3250000e+02;2.0604928e-01;1.3250000e+02;1.7283088e-01;1.3250000e+02;1.2959047e-01;1.3250000e+02;8.4941603e-02;1.3250000e+02;4.3693483e-02;1.3250000e+02;-1.1431035e-03;1.3250000e+02;3.9875377e-03;1.3250000e+02;1.5574016e-02;1.3250000e+02;3.1178795e-02;1.3250000e+02;4.9807936e-02;1.3250000e+02;7.1403585e-02;1.3250000e+02;9.6536778e-02;1.3250000e+02;1.2586504e-01;1.3250000e+02;1.5815930e-01;1.3250000e+02;1.8380193e-01;1.3250000e+02;2.0499562e-01;1.3250000e+02;2.1797891e-01;1.3250000e+02;2.2208175e-01;1.3250000e+02;2.0604928e-01;1.3250000e+02;1.7283088e-01;1.3250000e+02;1.2959047e-01;1.3250000e+02;8.4941603e-02;1.3250000e+02;4.3693483e-02;1.3250000e+02;-1.1431035e-03;1.3250000e+02;3.9875377e-03;1.3250000e+02;1.5574016e-02;1.3250000e+02;3.1178795e-02;1.3250000e+02;4.9807936e-02;1.3250000e+02;7.1403585e-02;1.3250000e+02;9.6536778e-02;1.3250000e+02;1.2586504e-01;1.3250000e+02;1.5815930e-01;1.3250000e+02;1.8380193e-01;1.3250000e+02;2.0499562e-01;1.3250000e+02;2.1797891e-01;1.3250000e+02;2.2208175e-01;1.3250000e+02;2.0604928e-01;1.3250000e+02;1.7283088e-01;1.3250000e+02;1.2959047e-01;1.3250000e+02;8.4941603e-02;1.3250000e+02;4.3693483e-02;1.3250000e+02;-1.1431035e-03;1.3250000e+02;3.9875377e-03;1.3250000e+02;1.5574016e-02;1.3250000e+02;3.1178795e-02;1.3250000e+02;4.9807936e-02;1.3250000e+02;7.1403585e-02;1.3250000e+02;9.6536778e-02;1.3250000e+02;1.2586504e-01;1.3250000e+02;1.5815930e-01;1.3250000e+02;1.8380193e-01;1.3250000e+02;2.0499562e-01;1.3250000e+02;2.1797891e-01;1.3250000e+02;2.2208175e-01;1.3250000e+02;2.0604928e-01;1.3250000e+02;1.7283088e-01;1.3250000e+02;1.2959047e-01;1.3250000e+02;8.4941603e-02;1.3250000e+02;4.3693483e-02;1.3250000e+02;-1.1431035e-03;1.3250000e+02;3.9875377e-03;1.3250000e+02;1.5574016e-02;1.3250000e+02;3.1178795e-02;1.3250000e+02;4.9807936e-02;1.3250000e+02;7.1403585e-02;1.3250000e+02;9.6536778e-02;1.3250000e+02;1.2586504e-01;1.3250000e+02;1.5815930e-01;1.3250000e+02;1.8380193e-01;1.3250000e+02;2.0499562e-01;1.3250000e+02;2.1797891e-01;1.3250000e+02;2.2208175e-01;1.3250000e+02;2.0604928e-01;1.3250000e+02;1.7283088e-01;1.3250000e+02;1.2959047e-01;1.3250000e+02;8.4941603e-02;1.3250000e+02;4.3693483e-02;1.3250000e+02;-1.1431035e-03;1.3250000e+02;3.9875377e-03;1.3250000e+02;1.5574016e-02;1.3250000e+02;3.1178795e-02;1.3250000e+02;4.9807936e-02;1.3250000e+02;7.1403585e-02;1.3250000e+02;9.6536778e-02;1.3250000e+02;1.2586504e-01;1.3250000e+02;1.5815930e-01;1.3250000e+02;1.8380193e-01;1.3250000e+02;2.0499562e-01;1.3250000e+02;2.1797891e-01;1.3250000e+02;2.2208175e-01;1.3250000e+02;2.0604928e-01;1.3250000e+02;1.7283088e-01;1.3250000e+02;1.2959047e-01;1.3250000e+02;8.4941603e-02;1.3250000e+02;4.3693483e-02;1.3250000e+02;-1.1431035e-03;1.3250000e+02;3.9875377e-03;1.3250000e+02;1.5574016e-02;1.3250000e+02;3.1178795e-02;1.3250000e+02;4.9807936e-02;1.3250000e+02;7.1403585e-02;1.3250000e+02;9.6536778e-02;1.3250000e+02;1.2586504e-01;1.3250000e+02;1.5815930e-01;1.3250000e+02;1.8380193e-01;1.3250000e+02;2.0499562e-01;1.3250000e+02;2.1797891e-01;1.3250000e+02;2.2208175e-01;1.3250000e+02;2.0604928e-01;1.3250000e+02;1.7283088e-01;1.3250000e+02;1.2959047e-01;1.3250000e+02;8.4941603e-02;1.3250000e+02;4.3693483e-02;1.3250000e+02;-1.1431035e-03;1.3250000e+02;3.9875377e-03;1.3250000e+02;1.5574016e-02;1.3250000e+02;3.1178795e-02;1.3250000e+02;4.9807936e-02;1.3250000e+02;7.1403585e-02;1.3250000e+02;9.6536778e-02;1.3250000e+02;1.2586504e-01;1.3250000e+02;1.5815930e-01;1.3250000e+02;1.8380193e-01;1.3250000e+02;2.0499562e-01;1.3250000e+02;2.1797891e-01;1.3250000e+02;2.2208175e-01;1.3250000e+02;2.0604928e-01;1.3250000e+02;1.7283088e-01;1.3250000e+02;1.2959047e-01;1.3250000e+02;8.4941603e-02;1.3250000e+02;4.3693483e-02;1.3250000e+02;-1.1431035e-03;1.3250000e+02;3.9875377e-03;1.3250000e+02;1.5574016e-02;1.3250000e+02;3.1178795e-02;1.3250000e+02;4.9807936e-02;1.3250000e+02;7.1403585e-02;1.3250000e+02;9.6536778e-02;1.3250000e+02;1.2586504e-01;1.3250000e+02;1.5815930e-01;1.3250000e+02;1.8380193e-01;1.3250000e+02;2.0499562e-01;1.3250000e+02;2.1797891e-01;1.3250000e+02;2.2208175e-01;1.3250000e+02;2.0604928e-01;1.3250000e+02;1.7283088e-01;1.3250000e+02;1.2959047e-01;1.3250000e+02;8.4941603e-02;1.3250000e+02;4.3693483e-02;1.3250000e+02;-1.1431035e-03;1.3250000e+02;3.9875377e-03;1.3250000e+02;1.5574016e-02;1.3250000e+02;3.1178795e-02;1.3250000e+02;4.9807936e-02;1.3250000e+02;7.1403585e-02;1.3250000e+02;9.6536778e-02;1.3250000e+02;1.2586504e-01;1.3250000e+02;1.5815930e-01;1.3250000e+02;1.8380193e-01;1.3250000e+02;2.0499562e-01;1.3250000e+02;2.1797891e-01;1.3250000e+02;2.2208175e-01;1.3250000e+02;2.0604928e-01;1.3250000e+02;1.7283088e-01;1.3250000e+02;1.2959047e-01;1.3250000e+02;8.4941603e-02;1.3250000e+02;4.3693483e-02;1.3250000e+02;-1.1431035e-03;1.3250000e+02;3.9875377e-03;1.3250000e+02;1.5574016e-02;1.3250000e+02;3.1178795e-02;1.3250000e+02;4.9807936e-02;1.3250000e+02;7.1403585e-02;1.3250000e+02;9.6536778e-02;1.3250000e+02;1.2586504e-01;1.3250000e+02;1.5815930e-01;1.3250000e+02;1.8380193e-01;1.3250000e+02;2.0499562e-01;1.3250000e+02;2.1797891e-01;1.3250000e+02;2.2208175e-01;1.3250000e+02;2.0604928e-01;1.3250000e+02;1.7283088e-01;1.3250000e+02;1.2959047e-01;1.3250000e+02;8.4941603e-02;1.3250000e+02;4.3693483e-02;1.3250000e+02;-1.1431035e-03;1.3250000e+02;3.9875377e-03;1.3250000e+02;1.5574016e-02;1.3250000e+02;3.1178795e-02;1.3250000e+02;4.9807936e-02;1.3250000e+02;7.1403585e-02;1.3250000e+02;9.6536778e-02;1.3250000e+02;1.2586504e-01;1.3250000e+02;1.5815930e-01;1.3250000e+02;1.8380193e-01;1.3250000e+02;2.0499562e-01;1.3250000e+02;2.1797891e-01;1.3250000e+02;2.2208175e-01;1.3250000e+02;2.0604928e-01;1.3250000e+02;1.7283088e-01;1.3250000e+02;1.2959047e-01;1.3250000e+02;8.4941603e-02;1.3250000e+02;4.3693483e-02;1.3250000e+02;-1.1431035e-03;1.3250000e+02;3.9875377e-03;1.3250000e+02;1.5574016e-02;1.3250000e+02;3.1178795e-02;1.3250000e+02;4.9807936e-02;1.3250000e+02;7.1403585e-02;1.3250000e+02;9.6536778e-02;1.3250000e+02;1.2586504e-01;1.3250000e+02;1.5815930e-01;1.3250000e+02;1.8380193e-01;1.3250000e+02;2.0499562e-01;1.3250000e+02;2.1797891e-01;1.3250000e+02;2.2208175e-01;1.3250000e+02;2.0604928e-01;1.3250000e+02;1.7283088e-01;1.3250000e+02;1.2959047e-01;1.3250000e+02;8.4941603e-02;1.3250000e+02;4.3693483e-02;1.3250000e+02;-1.1431035e-03;1.3250000e+02;3.9875377e-03;1.3250000e+02;1.5574016e-02;1.3250000e+02;3.1178795e-02;1.3250000e+02;4.9807936e-02;1.3250000e+02;7.1403585e-02;1.3250000e+02;9.6536778e-02;1.3250000e+02;1.2586504e-01;1.3250000e+02;1.5815930e-01;1.3250000e+02;1.8380193e-01;1.3250000e+02;2.0499562e-01;1.3250000e+02;2.1797891e-01;1.3250000e+02;2.2208175e-01;1.3250000e+02;2.0604928e-01;1.3250000e+02;1.7283088e-01;1.3250000e+02;1.2959047e-01;1.3250000e+02;8.4941603e-02;1.3250000e+02;4.3693483e-02;1.3250000e+02;-1.1431035e-03;1.3250000e+02;3.9875377e-03;1.3250000e+02;1.5574016e-02;1.3250000e+02;3.1178795e-02;1.3250000e+02;4.9807936e-02;1.3250000e+02;7.1403585e-02;1.3250000e+02;9.6536778e-02;1.3250000e+02;1.2586504e-01;1.3250000e+02;1.5815930e-01;1.3250000e+02;1.8380193e-01;1.3250000e+02;2.0499562e-01;1.3250000e+02;2.1797891e-01;1.3250000e+02;2.2208175e-01;1.3250000e+02;2.0604928e-01;1.3250000e+02;1.7283088e-01;1.3250000e+02;1.2959047e-01;1.3250000e+02;8.4941603e-02;1.3250000e+02;4.3693483e-02;1.3250000e+02;-1.1431035e-03;1.3250000e+02;3.9875377e-03;1.3250000e+02;1.5574016e-02;1.3250000e+02;3.1178795e-02;1.3250000e+02;4.9807936e-02;1.3250000e+02;7.1403585e-02;1.3250000e+02;9.6536778e-02;1.3250000e+02;1.2586504e-01;1.3250000e+02;1.5815930e-01;1.3250000e+02;1.8380193e-01;1.3250000e+02;2.0499562e-01;1.3250000e+02;2.1797891e-01;1.3250000e+02;2.2208175e-01;1.3250000e+02;2.0604928e-01;1.3250000e+02;1.7283088e-01;1.3250000e+02;1.2959047e-01;1.3250000e+02;8.4941603e-02;1.3250000e+02;4.3693483e-02;1.3250000e+02;-1.1431035e-03;1.3250000e+02;3.9875377e-03;1.3250000e+02;1.5574016e-02;1.3250000e+02;3.1178795e-02;1.3250000e+02;4.9807936e-02;1.3250000e+02;7.1403585e-02;1.3250000e+02;9.6536778e-02;1.3250000e+02;1.2586504e-01;1.3250000e+02;1.5815930e-01;1.3250000e+02;1.8380193e-01;1.3250000e+02;2.0499562e-01;1.3250000e+02;2.1797891e-01;1.3250000e+02;2.2208175e-01;1.3250000e+02;2.0604928e-01;1.3250000e+02;1.7283088e-01;1.3250000e+02;1.2959047e-01;1.3250000e+02;8.4941603e-02;1.3250000e+02;4.3693483e-02;1.3250000e+02;-1.1431035e-03;1.3250000e+02;3.9875377e-03;1.3250000e+02;1.5574016e-02;1.3250000e+02;3.1178795e-02;1.3250000e+02;4.9807936e-02;1.3250000e+02;7.1403585e-02;1.3250000e+02;9.6536778e-02;1.3250000e+02;1.2586504e-01;1.3250000e+02;1.5815930e-01;1.3250000e+02;1.8380193e-01;1.3250000e+02;2.0499562e-01;1.3250000e+02;2.1797891e-01;1.3250000e+02;2.2208175e-01;1.3250000e+02;2.0604928e-01;1.3250000e+02;1.7283088e-01;1.3250000e+02;1.2959047e-01;1.3250000e+02;8.4941603e-02;1.3250000e+02;4.3693483e-02;1.3250000e+02;-1.1431035e-03;1.3250000e+02;3.9875377e-03;1.3250000e+02;1.5574016e-02;1.3250000e+02;3.1178795e-02;1.3250000e+02;4.9807936e-02;1.3250000e+02;7.1403585e-02;1.3250000e+02;9.6536778e-02;1.3250000e+02;1.2586504e-01;1.3250000e+02;1.5815930e-01;1.3250000e+02;1.8380193e-01;1.3250000e+02;2.0499562e-01;1.3250000e+02;2.1797891e-01;1.3250000e+02;2.2208175e-01;1.3250000e+02;2.0604928e-01;1.3250000e+02;1.7283088e-01;1.3250000e+02;1.2959047e-01;1.3250000e+02;8.4941603e-02;1.3250000e+02;4.3693483e-02;1.3250000e+02;-1.1431035e-03;1.3250000e+02;3.9875377e-03;1.3250000e+02;1.5574016e-02;1.3250000e+02;3.1178795e-02;1.3250000e+02;4.9807936e-02;1.3250000e+02;7.1403585e-02;1.3250000e+02;9.6536778e-02;1.3250000e+02;1.2586504e-01;1.3250000e+02;1.5815930e-01;1.3250000e+02;1.8380193e-01;1.3250000e+02;2.0499562e-01;1.3250000e+02;2.1797891e-01;1.3250000e+02;2.2208175e-01;1.3250000e+02;2.0604928e-01;1.3250000e+02;1.7283088e-01;1.3250000e+02;1.2959047e-01;1.3250000e+02;8.4941603e-02;1.3250000e+02;4.3693483e-02;1.3250000e+02;-1.1431035e-03;1.3250000e+02;3.9875377e-03;1.3250000e+02;1.5574016e-02;1.3250000e+02;3.1178795e-02;1.3250000e+02;4.9807936e-02;1.3250000e+02;7.1403585e-02;1.3250000e+02;9.6536778e-02;1.3250000e+02;1.2586504e-01;1.3250000e+02;1.5815930e-01;1.3250000e+02;1.8380193e-01;1.3250000e+02;2.0499562e-01;1.3250000e+02;2.1797891e-01;1.3250000e+02;2.2208175e-01;1.3250000e+02;2.0604928e-01;1.3250000e+02;1.7283088e-01;1.3250000e+02;1.2959047e-01;1.3250000e+02;8.4941603e-02;1.3250000e+02;4.3693483e-02;1.3250000e+02;-1.1431035e-03;1.3250000e+02;3.9875377e-03;1.3250000e+02;1.5574016e-02;1.3250000e+02;3.1178795e-02;1.3250000e+02;4.9807936e-02;1.3250000e+02;7.1403585e-02;1.3250000e+02;9.6536778e-02;1.3250000e+02;1.2586504e-01;1.3250000e+02;1.5815930e-01;1.3250000e+02;1.8380193e-01;1.3250000e+02;2.0499562e-01;1.3250000e+02;2.1797891e-01;1.3250000e+02;2.2208175e-01;1.3250000e+02;2.0604928e-01;1.3250000e+02;1.7283088e-01;1.3250000e+02;1.2959047e-01;1.3250000e+02;8.4941603e-02;1.3250000e+02;4.3693483e-02;1.3250000e+02;-1.1431035e-03;1.3250000e+02;3.9875377e-03;1.3250000e+02;1.5574016e-02;1.3250000e+02;3.1178795e-02;1.3250000e+02;4.9807936e-02;1.3250000e+02;7.1403585e-02;1.3250000e+02;9.6536778e-02;1.3250000e+02;1.2586504e-01;1.3250000e+02;1.5815930e-01;1.3250000e+02;1.8380193e-01;1.3250000e+02;2.0499562e-01;1.3250000e+02;2.1797891e-01;1.3250000e+02;2.2208175e-01;1.3250000e+02;2.0604928e-01;1.3250000e+02;1.7283088e-01;1.3250000e+02;1.2959047e-01;1.3250000e+02;8.4941603e-02;1.3250000e+02;4.3693483e-02;1.3250000e+02;-1.1431035e-03;1.3250000e+02;3.9875377e-03;1.3250000e+02;1.5574016e-02;1.3250000e+02;3.1178795e-02;1.3250000e+02;4.9807936e-02;1.3250000e+02;7.1403585e-02;1.3250000e+02;9.6536778e-02;1.3250000e+02;1.2586504e-01;1.3250000e+02;1.5815930e-01;1.3250000e+02;1.8380193e-01;1.3250000e+02;2.0499562e-01;1.3250000e+02;2.1797891e-01;1.3250000e+02;2.2208175e-01;1.3250000e+02;2.0604928e-01;1.3250000e+02;1.7283088e-01;1.3250000e+02;1.2959047e-01;1.3250000e+02;8.4941603e-02;1.3250000e+02;4.3693483e-02;1.3250000e+02;-1.1431035e-03;1.3250000e+02;3.9875377e-03;1.3250000e+02;1.5574016e-02;1.3250000e+02;3.1178795e-02;1.3250000e+02;4.9807936e-02;1.3250000e+02;7.1403585e-02;1.3250000e+02;9.6536778e-02;1.3250000e+02;1.2586504e-01;1.3250000e+02;1.5815930e-01;1.3250000e+02;1.8380193e-01;1.3250000e+02;2.0499562e-01;1.3250000e+02;2.1797891e-01;1.3250000e+02;2.2208175e-01;1.3250000e+02;2.0604928e-01;1.3250000e+02;1.7283088e-01;1.3250000e+02;1.2959047e-01;1.3250000e+02;8.4941603e-02;1.3250000e+02;4.3693483e-02;1.3250000e+02;-1.1431035e-03;1.3250000e+02;3.9875377e-03;1.3250000e+02;1.5574016e-02;1.3250000e+02;3.1178795e-02;1.3250000e+02;4.9807936e-02;1.3250000e+02;7.1403585e-02;1.3250000e+02;9.6536778e-02;1.3250000e+02;1.2586504e-01;1.3250000e+02;1.5815930e-01;1.3250000e+02;1.8380193e-01;1.3250000e+02;2.0499562e-01;1.3250000e+02;2.1797891e-01;1.3250000e+02;2.2208175e-01;1.3250000e+02;2.0604928e-01;1.3250000e+02;1.7283088e-01;1.3250000e+02;1.2959047e-01;1.3250000e+02;8.4941603e-02;1.3250000e+02;4.3693483e-02;1.3250000e+02;-1.1431035e-03;1.3250000e+02;3.9875377e-03;1.3250000e+02;1.5574016e-02;1.3250000e+02;3.1178795e-02;1.3250000e+02;4.9807936e-02;1.3250000e+02;7.1403585e-02;1.3250000e+02;9.6536778e-02;1.3250000e+02;1.2586504e-01;1.3250000e+02;1.5815930e-01;1.3250000e+02;1.8380193e-01;1.3250000e+02;2.0499562e-01;1.3250000e+02;2.1797891e-01;1.3250000e+02;2.2208175e-01;1.3250000e+02;2.0604928e-01;1.3250000e+02;1.7283088e-01;1.3250000e+02;1.2959047e-01;1.3250000e+02;8.4941603e-02;1.3250000e+02;4.3693483e-02;1.3250000e+02;-1.1431035e-03;1.3250000e+02;3.9875377e-03;1.3250000e+02;1.5574016e-02;1.3250000e+02;3.1178795e-02;1.3250000e+02;4.9807936e-02;1.3250000e+02;7.1403585e-02;1.3250000e+02;9.6536778e-02;1.3250000e+02;1.2586504e-01;1.3250000e+02;1.5815930e-01;1.3250000e+02;1.8380193e-01;1.3250000e+02;2.0499562e-01;1.3250000e+02;2.1797891e-01;1.3250000e+02;2.2208175e-01;1.3250000e+02;2.0604928e-01;1.3250000e+02;1.7283088e-01;1.3250000e+02;1.2959047e-01;1.3250000e+02;8.4941603e-02;1.3250000e+02;4.3693483e-02;1.3250000e+02;-1.1431035e-03;1.3250000e+02;3.9875377e-03;1.3250000e+02;1.5574016e-02;1.3250000e+02;3.1178795e-02;1.3250000e+02;4.9807936e-02;1.3250000e+02;7.1403585e-02;1.3250000e+02;9.6536778e-02;1.3250000e+02;1.2586504e-01;1.3250000e+02;1.5815930e-01;1.3250000e+02;1.8380193e-01;1.3250000e+02;2.0499562e-01;1.3250000e+02;2.1797891e-01;1.3250000e+02;2.2208175e-01;1.3250000e+02;2.0604928e-01;1.3250000e+02;1.7283088e-01;1.3250000e+02;1.2959047e-01;1.3250000e+02;8.4941603e-02;1.3250000e+02;4.3693483e-02;1.3250000e+02;-1.1431035e-03;1.3250000e+02;3.9875377e-03;1.3250000e+02;1.5574016e-02;1.3250000e+02;3.1178795e-02;1.3250000e+02;4.9807936e-02;1.3250000e+02;7.1403585e-02;1.3250000e+02;9.6536778e-02;1.3250000e+02;1.2586504e-01;1.3250000e+02;1.5815930e-01;1.3250000e+02;1.8380193e-01;1.3250000e+02;2.0499562e-01;1.3250000e+02;2.1797891e-01;1.3250000e+02;2.2208175e-01;1.3250000e+02;2.0604928e-01;1.3250000e+02;1.7283088e-01;1.3250000e+02;1.2959047e-01;1.3250000e+02;8.4941603e-02;1.3250000e+02;4.3693483e-02;1.3250000e+02;-1.1431035e-03;1.3250000e+02;3.9875377e-03;1.3250000e+02;1.5574016e-02;1.3250000e+02;3.1178795e-02;1.3250000e+02;4.9807936e-02;1.3250000e+02;7.1403585e-02;1.3250000e+02;9.6536778e-02;1.3250000e+02;1.2586504e-01;1.3250000e+02;1.5815930e-01;1.3250000e+02;1.8380193e-01;1.3250000e+02;2.0499562e-01;1.3250000e+02;2.1797891e-01;1.3250000e+02;2.2208175e-01;1.3250000e+02;2.0604928e-01;1.3250000e+02;1.7283088e-01;1.3250000e+02;1.2959047e-01;1.3250000e+02;8.4941603e-02;1.3250000e+02;4.3693483e-02;1.3250000e+02;-1.1431035e-03;1.3250000e+02;3.9875377e-03;1.3250000e+02;1.5574016e-02;1.3250000e+02;3.1178795e-02;1.3250000e+02;4.9807936e-02;1.3250000e+02;7.1403585e-02;1.3250000e+02;9.6536778e-02;1.3250000e+02;1.2586504e-01;1.3250000e+02;1.5815930e-01;1.3250000e+02;1.8380193e-01;1.3250000e+02;2.0499562e-01;1.3250000e+02;2.1797891e-01;1.3250000e+02;2.2208175e-01;1.3250000e+02;2.0604928e-01;1.3250000e+02;1.7283088e-01;1.3250000e+02;1.2959047e-01;1.3250000e+02;8.4941603e-02;1.3250000e+02;4.3693483e-02;1.3250000e+02;-1.1431035e-03;1.3250000e+02;3.9875377e-03;1.3250000e+02;1.5574016e-02;1.3250000e+02;3.1178795e-02;1.3250000e+02;4.9807936e-02;1.3250000e+02;7.1403585e-02;1.3250000e+02;9.6536778e-02;1.3250000e+02;1.2586504e-01;1.3250000e+02;1.5815930e-01;1.3250000e+02;1.8380193e-01;1.3250000e+02;2.0499562e-01;1.3250000e+02;2.1797891e-01;1.3250000e+02;2.2208175e-01;1.3250000e+02;2.0604928e-01;1.3250000e+02;1.7283088e-01;1.3250000e+02;1.2959047e-01;1.3250000e+02;8.4941603e-02;1.3250000e+02;4.3693483e-02;1.3250000e+02;-1.1431035e-03;1.3250000e+02;3.9875377e-03;1.3250000e+02;1.5574016e-02;1.3250000e+02;3.1178795e-02;1.3250000e+02;4.9807936e-02;1.3250000e+02;7.1403585e-02;1.3250000e+02;9.6536778e-02;1.3250000e+02;1.2586504e-01;1.3250000e+02;1.5815930e-01;1.3250000e+02;1.8380193e-01;1.3250000e+02;2.0499562e-01;1.3250000e+02;2.1797891e-01;1.3250000e+02;2.2208175e-01;1.3250000e+02;2.0604928e-01;1.3250000e+02;1.7283088e-01;1.3250000e+02;1.2959047e-01;1.3250000e+02;8.4941603e-02;1.3250000e+02;4.3693483e-02;1.3250000e+02;-1.1431035e-03;1.3250000e+02;3.9875377e-03;1.3250000e+02;1.5574016e-02;1.3250000e+02;3.1178795e-02;1.3250000e+02;4.9807936e-02;1.3250000e+02;7.1403585e-02;1.3250000e+02;9.6536778e-02;1.3250000e+02;1.2586504e-01;1.3250000e+02;1.5815930e-01;1.3250000e+02;1.8380193e-01;1.3250000e+02;2.0499562e-01;1.3250000e+02;2.1797891e-01;1.3250000e+02;2.2208175e-01;1.3250000e+02;2.0604928e-01;1.3250000e+02;1.7283088e-01;1.3250000e+02;1.2959047e-01;1.3250000e+02;8.4941603e-02;1.3250000e+02;4.3693483e-02;1.3250000e+02;-1.1431035e-03;1.3250000e+02;3.9875377e-03;1.3250000e+02;1.5574016e-02;1.3250000e+02;3.1178795e-02;1.3250000e+02;4.9807936e-02;1.3250000e+02;7.1403585e-02;1.3250000e+02;9.6536778e-02;1.3250000e+02;1.2586504e-01;1.3250000e+02;1.5815930e-01;1.3250000e+02;1.8380193e-01;1.3250000e+02;2.0499562e-01;1.3250000e+02;2.1797891e-01;1.3250000e+02;2.2208175e-01;1.3250000e+02;2.0604928e-01;1.3250000e+02;1.7283088e-01;1.3250000e+02;1.2959047e-01;1.3250000e+02;8.4941603e-02;1.3250000e+02;4.3693483e-02;1.3250000e+02;-1.1431035e-03;1.3250000e+02;3.9875377e-03;1.3250000e+02;1.5574016e-02;1.3250000e+02;3.1178795e-02;1.3250000e+02;4.9807936e-02;1.3250000e+02;7.1403585e-02;1.3250000e+02;9.6536778e-02;1.3250000e+02;1.2586504e-01;1.3250000e+02;1.5815930e-01;1.3250000e+02;1.8380193e-01;1.3250000e+02;2.0499562e-01;1.3250000e+02;2.1797891e-01;1.3250000e+02;2.2208175e-01;1.3250000e+02;2.0604928e-01;1.3250000e+02;1.7283088e-01;1.3250000e+02;1.2959047e-01;1.3250000e+02;8.4941603e-02;1.3250000e+02;4.3693483e-02;1.3250000e+02;-1.1431035e-03;1.3250000e+02;3.9875377e-03;1.3250000e+02;1.5574016e-02;1.3250000e+02;3.1178795e-02;1.3250000e+02;4.9807936e-02;1.3250000e+02;7.1403585e-02;1.3250000e+02;9.6536778e-02;1.3250000e+02;1.2586504e-01;1.3250000e+02;1.5815930e-01;1.3250000e+02;1.8380193e-01;1.3250000e+02;2.0499562e-01;1.3250000e+02;2.1797891e-01;1.3250000e+02;2.2208175e-01;1.3250000e+02;2.0604928e-01;1.3250000e+02;1.7283088e-01;1.3250000e+02;1.2959047e-01;1.3250000e+02;8.4941603e-02;1.3250000e+02;4.3693483e-02;1.3250000e+02;-1.1431035e-03;1.3250000e+02;3.9875377e-03;1.3250000e+02;1.5574016e-02;1.3250000e+02;3.1178795e-02;1.3250000e+02;4.9807936e-02;1.3250000e+02;7.1403585e-02;1.3250000e+02;9.6536778e-02;1.3250000e+02;1.2586504e-01;1.3250000e+02;1.5815930e-01;1.3250000e+02;1.8380193e-01;1.3250000e+02;2.0499562e-01;1.3250000e+02;2.1797891e-01;1.3250000e+02;2.2208175e-01;1.3250000e+02;2.0604928e-01;1.3250000e+02;1.7283088e-01;1.3250000e+02;1.2959047e-01;1.3250000e+02;8.4941603e-02;1.3250000e+02;4.3693483e-02;1.3250000e+02;-1.1431035e-03;1.3250000e+02;3.9875377e-03;1.3250000e+02;1.5574016e-02;1.3250000e+02;3.1178795e-02;1.3250000e+02;4.9807936e-02;1.3250000e+02;7.1403585e-02;1.3250000e+02;9.6536778e-02;1.3250000e+02;1.2586504e-01;1.3250000e+02;1.5815930e-01;1.3250000e+02;1.8380193e-01;1.3250000e+02;2.0499562e-01;1.3250000e+02;2.1797891e-01;1.3250000e+02;2.2208175e-01;1.3250000e+02;2.0604928e-01;1.3250000e+02;1.7283088e-01;1.3250000e+02;1.2959047e-01;1.3250000e+02;8.4941603e-02;1.3250000e+02;4.3693483e-02;1.3250000e+02;-1.1431035e-03;1.3250000e+02;3.9875377e-03;1.3250000e+02;1.5574016e-02;1.3250000e+02;3.1178795e-02;1.3250000e+02;4.9807936e-02;1.3250000e+02;7.1403585e-02;1.3250000e+02;9.6536778e-02;1.3250000e+02;1.2586504e-01;1.3250000e+02;1.5815930e-01;1.3250000e+02;1.8380193e-01;1.3250000e+02;2.0499562e-01;1.3250000e+02;2.1797891e-01;1.3250000e+02;2.2208175e-01;1.3250000e+02;2.0604928e-01;1.3250000e+02;1.7283088e-01;1.3250000e+02;1.2959047e-01;1.3250000e+02;8.4941603e-02;1.3250000e+02;4.3693483e-02;1.3250000e+02;-1.1431035e-03;1.3250000e+02;3.9875377e-03;1.3250000e+02;1.5574016e-02;1.3250000e+02;3.1178795e-02;1.3250000e+02;4.9807936e-02;1.3250000e+02;7.1403585e-02;1.3250000e+02;9.6536778e-02;1.3250000e+02;1.2586504e-01;1.3250000e+02;1.5815930e-01;1.3250000e+02;1.8380193e-01;1.3250000e+02;2.0499562e-01;1.3250000e+02;2.1797891e-01;1.3250000e+02;2.2208175e-01;1.3250000e+02;2.0604928e-01;1.3250000e+02;1.7283088e-01;1.3250000e+02;1.2959047e-01;1.3250000e+02;8.4941603e-02;1.3250000e+02;4.3693483e-02;1.3250000e+02;-1.1431035e-03;1.3250000e+02;3.9875377e-03;1.3250000e+02;1.5574016e-02;1.3250000e+02;3.1178795e-02;1.3250000e+02;4.9807936e-02;1.3250000e+02;7.1403585e-02;1.3250000e+02;9.6536778e-02;1.3250000e+02;1.2586504e-01;1.3250000e+02;1.5815930e-01;1.3250000e+02;1.8380193e-01;1.3250000e+02;2.0499562e-01;1.3250000e+02;2.1797891e-01;1.3250000e+02;2.2208175e-01;1.3250000e+02;2.0604928e-01;1.3250000e+02;1.7283088e-01;1.3250000e+02;1.2959047e-01;1.3250000e+02;8.4941603e-02;1.3250000e+02;4.3693483e-02;1.3250000e+02;-1.1431035e-03;1.3250000e+02;3.9875377e-03;1.3250000e+02;1.5574016e-02;1.3250000e+02;3.1178795e-02;1.3250000e+02;4.9807936e-02;1.3250000e+02;7.1403585e-02;1.3250000e+02;9.6536778e-02;1.3250000e+02;1.2586504e-01;1.3250000e+02;1.5815930e-01;1.3250000e+02;1.8380193e-01;1.3250000e+02;2.0499562e-01;1.3250000e+02;2.1797891e-01;1.3250000e+02;2.2208175e-01;1.3250000e+02;2.0604928e-01;1.3250000e+02;1.7283088e-01;1.3250000e+02;1.2959047e-01;1.3250000e+02;8.4941603e-02;1.3250000e+02;4.3693483e-02;1.3250000e+02;-1.1431035e-03;1.3250000e+02;3.9875377e-03;1.3250000e+02;1.5574016e-02;1.3250000e+02;3.1178795e-02;1.3250000e+02;4.9807936e-02;1.3250000e+02;7.1403585e-02;1.3250000e+02;9.6536778e-02;1.3250000e+02;1.2586504e-01;1.3250000e+02;1.5815930e-01;1.3250000e+02;1.8380193e-01;1.3250000e+02;2.0499562e-01;1.3250000e+02;2.1797891e-01;1.3250000e+02;2.2208175e-01;1.3250000e+02;2.0604928e-01;1.3250000e+02;1.7283088e-01;1.3250000e+02;1.2959047e-01;1.3250000e+02;8.4941603e-02;1.3250000e+02;4.3693483e-02;1.3250000e+02;-1.1431035e-03;1.3250000e+02;3.9875377e-03;1.3250000e+02;1.5574016e-02;1.3250000e+02;3.1178795e-02;1.3250000e+02;4.9807936e-02;1.3250000e+02;7.1403585e-02;1.3250000e+02;9.6536778e-02;1.3250000e+02;1.2586504e-01;1.3250000e+02;1.5815930e-01;1.3250000e+02;1.8380193e-01;1.3250000e+02;2.0499562e-01;1.3250000e+02;2.1797891e-01;1.3250000e+02;2.2208175e-01;1.3250000e+02;2.0604928e-01;1.3250000e+02;1.7283088e-01;1.3250000e+02;1.2959047e-01;1.3250000e+02;8.4941603e-02;1.3250000e+02;4.3693483e-02;1.3250000e+02;-1.1431035e-03;1.3250000e+02;3.9875377e-03;1.3250000e+02;1.5574016e-02;1.3250000e+02;3.1178795e-02;1.3250000e+02;4.9807936e-02;1.3250000e+02;7.1403585e-02;1.3250000e+02;9.6536778e-02;1.3250000e+02;1.2586504e-01;1.3250000e+02;1.5815930e-01;1.3250000e+02;1.8380193e-01;1.3250000e+02;2.0499562e-01;1.3250000e+02;2.1797891e-01;1.3250000e+02;2.2208175e-01;1.3250000e+02;2.0604928e-01;1.3250000e+02;1.7283088e-01;1.3250000e+02;1.2959047e-01;1.3250000e+02;8.4941603e-02;1.3250000e+02;4.3693483e-02;1.3250000e+02;-1.1431035e-03;1.3250000e+02;3.9875377e-03;1.3250000e+02;1.5574016e-02;1.3250000e+02;3.1178795e-02;1.3250000e+02;4.9807936e-02;1.3250000e+02;7.1403585e-02;1.3250000e+02;9.6536778e-02;1.3250000e+02;1.2586504e-01;1.3250000e+02;1.5815930e-01;1.3250000e+02;1.8380193e-01;1.3250000e+02;2.0499562e-01;1.3250000e+02;2.1797891e-01;1.3250000e+02;2.2208175e-01;1.3250000e+02;2.0604928e-01;1.3250000e+02;1.7283088e-01;1.3250000e+02;1.2959047e-01;1.3250000e+02;8.4941603e-02;1.3250000e+02;4.3693483e-02;1.3250000e+02;-1.1431035e-03;1.3250000e+02;3.9875377e-03;1.3250000e+02;1.5574016e-02;1.3250000e+02;3.1178795e-02;1.3250000e+02;4.9807936e-02;1.3250000e+02;7.1403585e-02;1.3250000e+02;9.6536778e-02;1.3250000e+02;1.2586504e-01;1.3250000e+02;1.5815930e-01;1.3250000e+02;1.8380193e-01;1.3250000e+02;2.0499562e-01;1.3250000e+02;2.1797891e-01;1.3250000e+02;2.2208175e-01;1.3250000e+02;2.0604928e-01;1.3250000e+02;1.7283088e-01;1.3250000e+02;1.2959047e-01;1.3250000e+02;8.4941603e-02;1.3250000e+02;4.3693483e-02;1.3250000e+02;-1.1431035e-03;1.3250000e+02;3.9875377e-03;1.3250000e+02;1.5574016e-02;1.3250000e+02;3.1178795e-02;1.3250000e+02;4.9807936e-02;1.3250000e+02;7.1403585e-02;1.3250000e+02;9.6536778e-02;1.3250000e+02;1.2586504e-01;1.3250000e+02;1.5815930e-01;1.3250000e+02;1.8380193e-01;1.3250000e+02;2.0499562e-01;1.3250000e+02;2.1797891e-01;1.3250000e+02;2.2208175e-01;1.3250000e+02;2.0604928e-01;1.3250000e+02;1.7283088e-01;1.3250000e+02;1.2959047e-01;1.3250000e+02;8.4941603e-02;1.3250000e+02;4.3693483e-02;1.3250000e+02;-1.1431035e-03;1.3250000e+02;3.9875377e-03;1.3250000e+02;1.5574016e-02;1.3250000e+02;3.1178795e-02;1.3250000e+02;4.9807936e-02;1.3250000e+02;7.1403585e-02;1.3250000e+02;9.6536778e-02;1.3250000e+02;1.2586504e-01;1.3250000e+02;1.5815930e-01;1.3250000e+02;1.8380193e-01;1.3250000e+02;2.0499562e-01;1.3250000e+02;2.1797891e-01;1.3250000e+02;2.2208175e-01;1.3250000e+02;2.0604928e-01;1.3250000e+02;1.7283088e-01;1.3250000e+02;1.2959047e-01;1.3250000e+02;8.4941603e-02;1.3250000e+02;4.3693483e-02;1.3250000e+02;-1.1431035e-03;1.3250000e+02;3.9875377e-03;1.3250000e+02;1.5574016e-02;1.3250000e+02;3.1178795e-02;1.3250000e+02;4.9807936e-02;1.3250000e+02;7.1403585e-02;1.3250000e+02;9.6536778e-02;1.3250000e+02;1.2586504e-01;1.3250000e+02;1.5815930e-01;1.3250000e+02;1.8380193e-01;1.3250000e+02;2.0499562e-01;1.3250000e+02;2.1797891e-01;1.3250000e+02;2.2208175e-01;1.3250000e+02;2.0604928e-01;1.3250000e+02;1.7283088e-01;1.3250000e+02;1.2959047e-01;1.3250000e+02;8.4941603e-02;1.3250000e+02;4.3693483e-02;1.3250000e+02;-1.1431035e-03;1.3250000e+02;3.9875377e-03;1.3250000e+02;1.5574016e-02;1.3250000e+02;3.1178795e-02;1.3250000e+02;4.9807936e-02;1.3250000e+02;7.1403585e-02;1.3250000e+02;9.6536778e-02;1.3250000e+02;1.2586504e-01;1.3250000e+02;1.5815930e-01;1.3250000e+02;1.8380193e-01;1.3250000e+02;2.0499562e-01;1.3250000e+02;2.1797891e-01;1.3250000e+02;2.2208175e-01;1.3250000e+02;2.0604928e-01;1.3250000e+02;1.7283088e-01;1.3250000e+02;1.2959047e-01;1.3250000e+02;8.4941603e-02;1.3250000e+02;4.3693483e-02;1.3250000e+02;-1.1431035e-03;1.3250000e+02;3.9875377e-03;1.3250000e+02;1.5574016e-02;1.3250000e+02;3.1178795e-02;1.3250000e+02;4.9807936e-02;1.3250000e+02;7.1403585e-02;1.3250000e+02;9.6536778e-02;1.3250000e+02;1.2586504e-01;1.3250000e+02;1.5815930e-01;1.3250000e+02;1.8380193e-01;1.3250000e+02;2.0499562e-01;1.3250000e+02;2.1797891e-01;1.3250000e+02;2.2208175e-01;1.3250000e+02;2.0604928e-01;1.3250000e+02;1.7283088e-01;1.3250000e+02;1.2959047e-01;1.3250000e+02;8.4941603e-02;1.3250000e+02;4.3693483e-02;1.3250000e+02;-1.1431035e-03;1.3250000e+02;3.9875377e-03;1.3250000e+02;1.5574016e-02;1.3250000e+02;3.1178795e-02;1.3250000e+02;4.9807936e-02;1.3250000e+02;7.1403585e-02;1.3250000e+02;9.6536778e-02;1.3250000e+02;1.2586504e-01;1.3250000e+02;1.5815930e-01;1.3250000e+02;1.8380193e-01;1.3250000e+02;2.0499562e-01;1.3250000e+02;2.1797891e-01;1.3250000e+02;2.2208175e-01;1.3250000e+02;2.0604928e-01;1.3250000e+02;1.7283088e-01;1.3250000e+02;1.2959047e-01;1.3250000e+02;8.4941603e-02;1.3250000e+02;4.3693483e-02;1.3250000e+02;-1.1431035e-03;1.3250000e+02;3.9875377e-03;1.3250000e+02;1.5574016e-02;1.3250000e+02;3.1178795e-02;1.3250000e+02;4.9807936e-02;1.3250000e+02;7.1403585e-02;1.3250000e+02;9.6536778e-02;1.3250000e+02;1.2586504e-01;1.3250000e+02;1.5815930e-01;1.3250000e+02;1.8380193e-01;1.3250000e+02;2.0499562e-01;1.3250000e+02;2.1797891e-01;1.3250000e+02;2.2208175e-01;1.3250000e+02;2.0604928e-01;1.3250000e+02;1.7283088e-01;1.3250000e+02;1.2959047e-01;1.3250000e+02;8.4941603e-02;1.3250000e+02;4.3693483e-02;1.3250000e+02;-1.1431035e-03;1.3250000e+02;3.9875377e-03;1.3250000e+02;1.5574016e-02;1.3250000e+02;3.1178795e-02;1.3250000e+02;4.9807936e-02;1.3250000e+02;7.1403585e-02;1.3250000e+02;9.6536778e-02;1.3250000e+02;1.2586504e-01;1.3250000e+02;1.5815930e-01;1.3250000e+02;1.8380193e-01;1.3250000e+02;2.0499562e-01;1.3250000e+02;2.1797891e-01;1.3250000e+02;2.2208175e-01;1.3250000e+02;2.0604928e-01;1.3250000e+02;1.7283088e-01;1.3250000e+02;1.2959047e-01;1.3250000e+02;8.4941603e-02;1.3250000e+02;4.3693483e-02;1.3250000e+02;-1.1431035e-03;1.3250000e+02;3.9875377e-03;1.3250000e+02;1.5574016e-02;1.3250000e+02;3.1178795e-02;1.3250000e+02;4.9807936e-02;1.3250000e+02;7.1403585e-02;1.3250000e+02;9.6536778e-02;1.3250000e+02;1.2586504e-01;1.3250000e+02;1.5815930e-01;1.3250000e+02;1.8380193e-01;1.3250000e+02;2.0499562e-01;1.3250000e+02;2.1797891e-01;1.3250000e+02;2.2208175e-01;1.3250000e+02;2.0604928e-01;1.3250000e+02;1.7283088e-01;1.3250000e+02;1.2959047e-01;1.3250000e+02;8.4941603e-02;1.3250000e+02;4.3693483e-02;1.3250000e+02;-1.1431035e-03;1.3250000e+02;3.9875377e-03;1.3250000e+02;1.5574016e-02;1.3250000e+02;3.1178795e-02;1.3250000e+02;4.9807936e-02;1.3250000e+02;7.1403585e-02;1.3250000e+02;9.6536778e-02;1.3250000e+02;1.2586504e-01;1.3250000e+02;1.5815930e-01;1.3250000e+02;1.8380193e-01;1.3250000e+02;2.0499562e-01;1.3250000e+02;2.1797891e-01;1.3250000e+02;2.2208175e-01;1.3250000e+02;2.0604928e-01;1.3250000e+02;1.7283088e-01;1.3250000e+02;1.2959047e-01;1.3250000e+02;8.4941603e-02;1.3250000e+02;4.3693483e-02;1.3250000e+02;-1.1431035e-03;1.3250000e+02;3.9875377e-03;1.3250000e+02;1.5574016e-02;1.3250000e+02;3.1178795e-02;1.3250000e+02;4.9807936e-02;1.3250000e+02;7.1403585e-02;1.3250000e+02;9.6536778e-02;1.3250000e+02;1.2586504e-01;1.3250000e+02;1.5815930e-01;1.3250000e+02;1.8380193e-01;1.3250000e+02;2.0499562e-01;1.3250000e+02;2.1797891e-01;1.3250000e+02;2.2208175e-01;1.3250000e+02;2.0604928e-01;1.3250000e+02;1.7283088e-01;1.3250000e+02;1.2959047e-01;1.3250000e+02;8.4941603e-02;1.3250000e+02;4.3693483e-02;1.3250000e+02;-1.1431035e-03;1.3250000e+02;3.9875377e-03;1.3250000e+02;1.5574016e-02;1.3250000e+02;3.1178795e-02;1.3250000e+02;4.9807936e-02;1.3250000e+02;7.1403585e-02;1.3250000e+02;9.6536778e-02;1.3250000e+02;1.2586504e-01;1.3250000e+02;1.5815930e-01;1.3250000e+02;1.8380193e-01;1.3250000e+02;2.0499562e-01;1.3250000e+02;2.1797891e-01;1.3250000e+02;2.2208175e-01;1.3250000e+02;2.0604928e-01;1.3250000e+02;1.7283088e-01;1.3250000e+02;1.2959047e-01;1.3250000e+02;8.4941603e-02;1.3250000e+02;4.3693483e-02;1.3250000e+02;-1.1431035e-03;1.3250000e+02;3.9875377e-03;1.3250000e+02;1.5574016e-02;1.3250000e+02;3.1178795e-02;1.3250000e+02;4.9807936e-02;1.3250000e+02;7.1403585e-02;1.3250000e+02;9.6536778e-02;1.3250000e+02;1.2586504e-01;1.3250000e+02;1.5815930e-01;1.3250000e+02;1.8380193e-01;1.3250000e+02;2.0499562e-01;1.3250000e+02;2.1797891e-01;1.3250000e+02;2.2208175e-01;1.3250000e+02;2.0604928e-01;1.3250000e+02;1.7283088e-01;1.3250000e+02;1.2959047e-01;1.3250000e+02;8.4941603e-02;1.3250000e+02;4.3693483e-02;1.3250000e+02;-1.1431035e-03;1.3250000e+02;3.9875377e-03;1.3250000e+02;1.5574016e-02;1.3250000e+02;3.1178795e-02;1.3250000e+02;4.9807936e-02;1.3250000e+02;7.1403585e-02;1.3250000e+02;9.6536778e-02;1.3250000e+02;1.2586504e-01;1.3250000e+02;1.5815930e-01;1.3250000e+02;1.8380193e-01;1.3250000e+02;2.0499562e-01;1.3250000e+02;2.1797891e-01;1.3250000e+02;2.2208175e-01;1.3250000e+02;2.0604928e-01;1.3250000e+02;1.7283088e-01;1.3250000e+02;1.2959047e-01;1.3250000e+02;8.4941603e-02;1.3250000e+02;4.3693483e-02;1.3250000e+02;-1.1431035e-03;1.3250000e+02;3.9875377e-03;1.3250000e+02;1.5574016e-02;1.3250000e+02;3.1178795e-02;1.3250000e+02;4.9807936e-02;1.3250000e+02;7.1403585e-02;1.3250000e+02;9.6536778e-02;1.3250000e+02;1.2586504e-01;1.3250000e+02;1.5815930e-01;1.3250000e+02;1.8380193e-01;1.3250000e+02;2.0499562e-01;1.3250000e+02;2.1797891e-01;1.3250000e+02;2.2208175e-01;1.3250000e+02;2.0604928e-01;1.3250000e+02;1.7283088e-01;1.3250000e+02;1.2959047e-01;1.3250000e+02;8.4941603e-02;1.3250000e+02;4.3693483e-02;1.3250000e+02;-1.1431035e-03;1.3250000e+02;3.9875377e-03;1.3250000e+02;1.5574016e-02;1.3250000e+02;3.1178795e-02;1.3250000e+02;4.9807936e-02;1.3250000e+02;7.1403585e-02;1.3250000e+02;9.6536778e-02;1.3250000e+02;1.2586504e-01;1.3250000e+02;1.5815930e-01;1.3250000e+02;1.8380193e-01;1.3250000e+02;2.0499562e-01;1.3250000e+02;2.1797891e-01;1.3250000e+02;2.2208175e-01;1.3250000e+02;2.0604928e-01;1.3250000e+02;1.7283088e-01;1.3250000e+02;1.2959047e-01;1.3250000e+02;8.4941603e-02;1.3250000e+02;4.3693483e-02;1.3250000e+02;-1.1431035e-03;1.3250000e+02;3.9875377e-03;1.3250000e+02;1.5574016e-02;1.3250000e+02;3.1178795e-02;1.3250000e+02;4.9807936e-02;1.3250000e+02;7.1403585e-02;1.3250000e+02;9.6536778e-02;1.3250000e+02;1.2586504e-01;1.3250000e+02;1.5815930e-01;1.3250000e+02;1.8380193e-01;1.3250000e+02;2.0499562e-01;1.3250000e+02;2.1797891e-01;1.3250000e+02;2.2208175e-01;1.3250000e+02;2.0604928e-01;1.3250000e+02;1.7283088e-01;1.3250000e+02;1.2959047e-01;1.3250000e+02;8.4941603e-02;1.3250000e+02;4.3693483e-02;1.3250000e+02;-1.1431035e-03;1.3250000e+02;3.9875377e-03;1.3250000e+02;1.5574016e-02;1.3250000e+02;3.1178795e-02;1.3250000e+02;4.9807936e-02;1.3250000e+02;7.1403585e-02;1.3250000e+02;9.6536778e-02;1.3250000e+02;1.2586504e-01;1.3250000e+02;1.5815930e-01;1.3250000e+02;1.8380193e-01;1.3250000e+02;2.0499562e-01;1.3250000e+02;2.1797891e-01;1.3250000e+02;2.2208175e-01;1.3250000e+02;2.0604928e-01;1.3250000e+02;1.7283088e-01;1.3250000e+02;1.2959047e-01;1.3250000e+02;8.4941603e-02;1.3250000e+02;4.3693483e-02;1.3250000e+02;-1.1431035e-03;1.3250000e+02;3.9875377e-03;1.3250000e+02;1.5574016e-02;1.3250000e+02;3.1178795e-02;1.3250000e+02;4.9807936e-02;1.3250000e+02;7.1403585e-02;1.3250000e+02;9.6536778e-02;1.3250000e+02;1.2586504e-01;1.3250000e+02;1.5815930e-01;1.3250000e+02;1.8380193e-01;1.3250000e+02;2.0499562e-01;1.3250000e+02;2.1797891e-01;1.3250000e+02;2.2208175e-01;1.3250000e+02;2.0604928e-01;1.3250000e+02;1.7283088e-01;1.3250000e+02;1.2959047e-01;1.3250000e+02;8.4941603e-02;1.3250000e+02;4.3693483e-02;1.3250000e+02;-1.1431035e-03;1.3250000e+02;3.9875377e-03;1.3250000e+02;1.5574016e-02;1.3250000e+02;3.1178795e-02;1.3250000e+02;4.9807936e-02;1.3250000e+02;7.1403585e-02;1.3250000e+02;9.6536778e-02;1.3250000e+02;1.2586504e-01;1.3250000e+02;1.5815930e-01;1.3250000e+02;1.8380193e-01;1.3250000e+02;2.0499562e-01;1.3250000e+02;2.1797891e-01;1.3250000e+02;2.2208175e-01;1.3250000e+02;2.0604928e-01;1.3250000e+02;1.7283088e-01;1.3250000e+02;1.2959047e-01;1.3250000e+02;8.4941603e-02;1.3250000e+02;4.3693483e-02;1.3250000e+02;-1.1431035e-03;1.3250000e+02;3.9875377e-03;1.3250000e+02;1.5574016e-02;1.3250000e+02;3.1178795e-02;1.3250000e+02;4.9807936e-02;1.3250000e+02;7.1403585e-02;1.3250000e+02;9.6536778e-02;1.3250000e+02;1.2586504e-01;1.3250000e+02;1.5815930e-01;1.3250000e+02;1.8380193e-01;1.3250000e+02;2.0499562e-01;1.3250000e+02;2.1797891e-01;1.3250000e+02;2.2208175e-01;1.3250000e+02;2.0604928e-01;1.3250000e+02;1.7283088e-01;1.3250000e+02;1.2959047e-01;1.3250000e+02;8.4941603e-02;1.3250000e+02;4.3693483e-02;1.3250000e+02;-1.1431035e-03;1.3250000e+02;3.9875377e-03;1.3250000e+02;1.5574016e-02;1.3250000e+02;3.1178795e-02;1.3250000e+02;4.9807936e-02;1.3250000e+02;7.1403585e-02;1.3250000e+02;9.6536778e-02;1.3250000e+02;1.2586504e-01;1.3250000e+02;1.5815930e-01;1.3250000e+02;1.8380193e-01;1.3250000e+02;2.0499562e-01;1.3250000e+02;2.1797891e-01;1.3250000e+02;2.2208175e-01;1.3250000e+02;2.0604928e-01;1.3250000e+02;1.7283088e-01;1.3250000e+02;1.2959047e-01;1.3250000e+02;8.4941603e-02;1.3250000e+02;4.3693483e-02;1.3250000e+02;-1.1431035e-03;1.3250000e+02;3.9875377e-03;1.3250000e+02;1.5574016e-02;1.3250000e+02;3.1178795e-02;1.3250000e+02;4.9807936e-02;1.3250000e+02;7.1403585e-02;1.3250000e+02;9.6536778e-02;1.3250000e+02;1.2586504e-01;1.3250000e+02;1.5815930e-01;1.3250000e+02;1.8380193e-01;1.3250000e+02;2.0499562e-01;1.3250000e+02;2.1797891e-01;1.3250000e+02;2.2208175e-01;1.3250000e+02;2.0604928e-01;1.3250000e+02;1.7283088e-01;1.3250000e+02;1.2959047e-01;1.3250000e+02;8.4941603e-02;1.3250000e+02;4.3693483e-02;1.3250000e+02;-1.1431035e-03;1.3250000e+02;3.9875377e-03;1.3250000e+02;1.5574016e-02;1.3250000e+02;3.1178795e-02;1.3250000e+02;4.9807936e-02;1.3250000e+02;7.1403585e-02;1.3250000e+02;9.6536778e-02;1.3250000e+02;1.2586504e-01;1.3250000e+02;1.5815930e-01;1.3250000e+02;1.8380193e-01;1.3250000e+02;2.0499562e-01;1.3250000e+02;2.1797891e-01;1.3250000e+02;2.2208175e-01;1.3250000e+02;2.0604928e-01;1.3250000e+02;1.7283088e-01;1.3250000e+02;1.2959047e-01;1.3250000e+02;8.4941603e-02;1.3250000e+02;4.3693483e-02;1.3250000e+02;-1.1431035e-03;1.3250000e+02;3.9875377e-03;1.3250000e+02;1.5574016e-02;1.3250000e+02;3.1178795e-02;1.3250000e+02;4.9807936e-02;1.3250000e+02;7.1403585e-02;1.3250000e+02;9.6536778e-02;1.3250000e+02;1.2586504e-01;1.3250000e+02;1.5815930e-01;1.3250000e+02;1.8380193e-01;1.3250000e+02;2.0499562e-01;1.3250000e+02;2.1797891e-01;1.3250000e+02;2.2208175e-01;1.3250000e+02;2.0604928e-01;1.3250000e+02;1.7283088e-01;1.3250000e+02;1.2959047e-01;1.3250000e+02;8.4941603e-02;1.3250000e+02;4.3693483e-02;1.3250000e+02;-1.1431035e-03;1.3250000e+02;3.9875377e-03;1.3250000e+02;1.5574016e-02;1.3250000e+02;3.1178795e-02;1.3250000e+02;4.9807936e-02;1.3250000e+02;7.1403585e-02;1.3250000e+02;9.6536778e-02;1.3250000e+02;1.2586504e-01;1.3250000e+02;1.5815930e-01;1.3250000e+02;1.8380193e-01;1.3250000e+02;2.0499562e-01;1.3250000e+02;2.1797891e-01;1.3250000e+02;2.2208175e-01;1.3250000e+02;2.0604928e-01;1.3250000e+02;1.7283088e-01;1.3250000e+02;1.2959047e-01;1.3250000e+02;8.4941603e-02;1.3250000e+02;4.3693483e-02;1.3250000e+02;-1.1431035e-03;1.3250000e+02;3.9875377e-03;1.3250000e+02;1.5574016e-02;1.3250000e+02;3.1178795e-02;1.3250000e+02;4.9807936e-02;1.3250000e+02;7.1403585e-02;1.3250000e+02;9.6536778e-02;1.3250000e+02;1.2586504e-01;1.3250000e+02;1.5815930e-01;1.3250000e+02;1.8380193e-01;1.3250000e+02;2.0499562e-01;1.3250000e+02;2.1797891e-01;1.3250000e+02;2.2208175e-01;1.3250000e+02;2.0604928e-01;1.3250000e+02;1.7283088e-01;1.3250000e+02;1.2959047e-01;1.3250000e+02;8.4941603e-02;1.3250000e+02;4.3693483e-02;1.3250000e+02;-1.1431035e-03;1.3250000e+02;3.9875377e-03;1.3250000e+02;1.5574016e-02;1.3250000e+02;3.1178795e-02;1.3250000e+02;4.9807936e-02;1.3250000e+02;7.1403585e-02;1.3250000e+02;9.6536778e-02;1.3250000e+02;1.2586504e-01;1.3250000e+02;1.5815930e-01;1.3250000e+02;1.8380193e-01;1.3250000e+02;2.0499562e-01;1.3250000e+02;2.1797891e-01;1.3250000e+02;2.2208175e-01;1.3250000e+02;2.0604928e-01;1.3250000e+02;1.7283088e-01;1.3250000e+02;1.2959047e-01;1.3250000e+02;8.4941603e-02;1.3250000e+02;4.3693483e-02;1.3250000e+02;-1.1431035e-03;1.3250000e+02;3.9875377e-03;1.3250000e+02;1.5574016e-02;1.3250000e+02;3.1178795e-02;1.3250000e+02;4.9807936e-02;1.3250000e+02;7.1403585e-02;1.3250000e+02;9.6536778e-02;1.3250000e+02;1.2586504e-01;1.3250000e+02;1.5815930e-01;1.3250000e+02;1.8380193e-01;1.3250000e+02;2.0499562e-01;1.3250000e+02;2.1797891e-01;1.3250000e+02;2.2208175e-01;1.3250000e+02;2.0604928e-01;1.3250000e+02;1.7283088e-01;1.3250000e+02;1.2959047e-01;1.3250000e+02;8.4941603e-02;1.3250000e+02;4.3693483e-02;1.3250000e+02;-1.1431035e-03;1.3250000e+02;3.9875377e-03;1.3250000e+02;1.5574016e-02;1.3250000e+02;3.1178795e-02;1.3250000e+02;4.9807936e-02;1.3250000e+02;7.1403585e-02;1.3250000e+02;9.6536778e-02;1.3250000e+02;1.2586504e-01;1.3250000e+02;1.5815930e-01;1.3250000e+02;1.8380193e-01;1.3250000e+02;2.0499562e-01;1.3250000e+02;2.1797891e-01;1.3250000e+02;2.2208175e-01;1.3250000e+02;2.0604928e-01;1.3250000e+02;1.7283088e-01;1.3250000e+02;1.2959047e-01;1.3250000e+02;8.4941603e-02;1.3250000e+02;4.3693483e-02;1.3250000e+02;-1.1431035e-03;1.3250000e+02;3.9875377e-03;1.3250000e+02;1.5574016e-02;1.3250000e+02;3.1178795e-02;1.3250000e+02;4.9807936e-02;1.3250000e+02;7.1403585e-02;1.3250000e+02;9.6536778e-02;1.3250000e+02;1.2586504e-01;1.3250000e+02;1.5815930e-01;1.3250000e+02;1.8380193e-01;1.3250000e+02;2.0499562e-01;1.3250000e+02;2.1797891e-01;1.3250000e+02;2.2208175e-01;1.3250000e+02;2.0604928e-01;1.3250000e+02;1.7283088e-01;1.3250000e+02;1.2959047e-01;1.3250000e+02;8.4941603e-02;1.3250000e+02;4.3693483e-02;1.3250000e+02;-1.1431035e-03;1.3250000e+02;3.9875377e-03;1.3250000e+02;1.5574016e-02;1.3250000e+02;3.1178795e-02;1.3250000e+02;4.9807936e-02;1.3250000e+02;7.1403585e-02;1.3250000e+02;9.6536778e-02;1.3250000e+02;1.2586504e-01;1.3250000e+02;1.5815930e-01;1.3250000e+02;1.8380193e-01;1.3250000e+02;2.0499562e-01;1.3250000e+02;2.1797891e-01;1.3250000e+02;2.2208175e-01;1.3250000e+02;2.0604928e-01;1.3250000e+02;1.7283088e-01;1.3250000e+02;1.2959047e-01;1.3250000e+02;8.4941603e-02;1.3250000e+02;4.3693483e-02;1.3250000e+02;-1.1431035e-03;1.3250000e+02;3.9875377e-03;1.3250000e+02;1.5574016e-02;1.3250000e+02;3.1178795e-02;1.3250000e+02;4.9807936e-02;1.3250000e+02;7.1403585e-02;1.3250000e+02;9.6536778e-02;1.3250000e+02;1.2586504e-01;1.3250000e+02;1.5815930e-01;1.3250000e+02;1.8380193e-01;1.3250000e+02;2.0499562e-01;1.3250000e+02;2.1797891e-01;1.3250000e+02;2.2208175e-01;1.3250000e+02;2.0604928e-01;1.3250000e+02;1.7283088e-01;1.3250000e+02;1.2959047e-01;1.3250000e+02;8.4941603e-02;1.3250000e+02;4.3693483e-02;1.3250000e+02;-1.1431035e-03;1.3250000e+02;3.9875377e-03;1.3250000e+02;1.5574016e-02;1.3250000e+02;3.1178795e-02;1.3250000e+02;4.9807936e-02;1.3250000e+02;7.1403585e-02;1.3250000e+02;9.6536778e-02;1.3250000e+02;1.2586504e-01;1.3250000e+02;1.5815930e-01;1.3250000e+02;1.8380193e-01;1.3250000e+02;2.0499562e-01;1.3250000e+02;2.1797891e-01;1.3250000e+02;2.2208175e-01;1.3250000e+02;2.0604928e-01;1.3250000e+02;1.7283088e-01;1.3250000e+02;1.2959047e-01;1.3250000e+02;8.4941603e-02;1.3250000e+02;4.3693483e-02
1.3750000e+02;-5.9149880e-03;1.3750000e+02;-2.4962705e-03;1.3750000e+02;9.3544815e-03;1.3750000e+02;2.6057098e-02;1.3750000e+02;4.7633130e-02;1.3750000e+02;7.1282223e-02;1.3750000e+02;9.8823071e-02;1.3750000e+02;1.3183782e-01;1.3750000e+02;1.6697696e-01;1.3750000e+02;1.9272414e-01;1.3750000e+02;2.1232611e-01;1.3750000e+02;2.2040640e-01;1.3750000e+02;2.1907285e-01;1.3750000e+02;2.0039113e-01;1.3750000e+02;1.6648690e-01;1.3750000e+02;1.2450852e-01;1.3750000e+02;8.1159562e-02;1.3750000e+02;4.0925816e-02;1.3750000e+02;-5.9149880e-03;1.3750000e+02;-2.4962705e-03;1.3750000e+02;9.3544815e-03;1.3750000e+02;2.6057098e-02;1.3750000e+02;4.7633130e-02;1.3750000e+02;7.1282223e-02;1.3750000e+02;9.8823071e-02;1.3750000e+02;1.3183782e-01;1.3750000e+02;1.6697696e-01;1.3750000e+02;1.9272414e-01;1.3750000e+02;2.1232611e-01;1.3750000e+02;2.2040640e-01;1.3750000e+02;2.1907285e-01;1.3750000e+02;2.0039113e-01;1.3750000e+02;1.6648690e-01;1.3750000e+02;1.2450852e-01;1.3750000e+02;8.1159562e-02;1.3750000e+02;4.0925816e-02;1.3750000e+02;-5.9149880e-03;1.3750000e+02;-2.4962705e-03;1.3750000e+02;9.3544815e-03;1.3750000e+02;2.6057098e-02;1.3750000e+02;4.7633130e-02;1.3750000e+02;7.1282223e-02;1.3750000e+02;9.8823071e-02;1.3750000e+02;1.3183782e-01;1.3750000e+02;1.6697696e-01;1.3750000e+02;1.9272414e-01;1.3750000e+02;2.1232611e-01;1.3750000e+02;2.2040640e-01;1.3750000e+02;2.1907285e-01;1.3750000e+02;2.0039113e-01;1.3750000e+02;1.6648690e-01;1.3750000e+02;1.2450852e-01;1.3750000e+02;8.1159562e-02;1.3750000e+02;4.0925816e-02;1.3750000e+02;-5.9149880e-03;1.3750000e+02;-2.4962705e-03;1.3750000e+02;9.3544815e-03;1.3750000e+02;2.6057098e-02;1.3750000e+02;4.7633130e-02;1.3750000e+02;7.1282223e-02;1.3750000e+02;9.8823071e-02;1.3750000e+02;1.3183782e-01;1.3750000e+02;1.6697696e-01;1.3750000e+02;1.9272414e-01;1.3750000e+02;2.1232611e-01;1.3750000e+02;2.2040640e-01;1.3750000e+02;2.1907285e-01;1.3750000e+02;2.0039113e-01;1.3750000e+02;1.6648690e-01;1.3750000e+02;1.2450852e-01;1.3750000e+02;8.1159562e-02;1.3750000e+02;4.0925816e-02;1.3750000e+02;-5.9149880e-03;1.3750000e+02;-2.4962705e-03;1.3750000e+02;9.3544815e-03;1.3750000e+02;2.6057098e-02;1.3750000e+02;4.7633130e-02;1.3750000e+02;7.1282223e-02;1.3750000e+02;9.8823071e-02;1.3750000e+02;1.3183782e-01;1.3750000e+02;1.6697696e-01;1.3750000e+02;1.9272414e-01;1.3750000e+02;2.1232611e-01;1.3750000e+02;2.2040640e-01;1.3750000e+02;2.1907285e-01;1.3750000e+02;2.0039113e-01;1.3750000e+02;1.6648690e-01;1.3750000e+02;1.2450852e-01;1.3750000e+02;8.1159562e-02;1.3750000e+02;4.0925816e-02;1.3750000e+02;-5.9149880e-03;1.3750000e+02;-2.4962705e-03;1.3750000e+02;9.3544815e-03;1.3750000e+02;2.6057098e-02;1.3750000e+02;4.7633130e-02;1.3750000e+02;7.1282223e-02;1.3750000e+02;9.8823071e-02;1.3750000e+02;1.3183782e-01;1.3750000e+02;1.6697696e-01;1.3750000e+02;1.9272414e-01;1.3750000e+02;2.1232611e-01;1.3750000e+02;2.2040640e-01;1.3750000e+02;2.1907285e-01;1.3750000e+02;2.0039113e-01;1.3750000e+02;1.6648690e-01;1.3750000e+02;1.2450852e-01;1.3750000e+02;8.1159562e-02;1.3750000e+02;4.0925816e-02;1.3750000e+02;-5.9149880e-03;1.3750000e+02;-2.4962705e-03;1.3750000e+02;9.3544815e-03;1.3750000e+02;2.6057098e-02;1.3750000e+02;4.7633130e-02;1.3750000e+02;7.1282223e-02;1.3750000e+02;9.8823071e-02;1.3750000e+02;1.3183782e-01;1.3750000e+02;1.6697696e-01;1.3750000e+02;1.9272414e-01;1.3750000e+02;2.1232611e-01;1.3750000e+02;2.2040640e-01;1.3750000e+02;2.1907285e-01;1.3750000e+02;2.0039113e-01;1.3750000e+02;1.6648690e-01;1.3750000e+02;1.2450852e-01;1.3750000e+02;8.1159562e-02;1.3750000e+02;4.0925816e-02;1.3750000e+02;-5.9149880e-03;1.3750000e+02;-2.4962705e-03;1.3750000e+02;9.3544815e-03;1.3750000e+02;2.6057098e-02;1.3750000e+02;4.7633130e-02;1.3750000e+02;7.1282223e-02;1.3750000e+02;9.8823071e-02;1.3750000e+02;1.3183782e-01;1.3750000e+02;1.6697696e-01;1.3750000e+02;1.9272414e-01;1.3750000e+02;2.1232611e-01;1.3750000e+02;2.2040640e-01;1.3750000e+02;2.1907285e-01;1.3750000e+02;2.0039113e-01;1.3750000e+02;1.6648690e-01;1.3750000e+02;1.2450852e-01;1.3750000e+02;8.1159562e-02;1.3750000e+02;4.0925816e-02;1.3750000e+02;-5.9149880e-03;1.3750000e+02;-2.4962705e-03;1.3750000e+02;9.3544815e-03;1.3750000e+02;2.6057098e-02;1.3750000e+02;4.7633130e-02;1.3750000e+02;7.1282223e-02;1.3750000e+02;9.8823071e-02;1.3750000e+02;1.3183782e-01;1.3750000e+02;1.6697696e-01;1.3750000e+02;1.9272414e-01;1.3750000e+02;2.1232611e-01;1.3750000e+02;2.2040640e-01;1.3750000e+02;2.1907285e-01;1.3750000e+02;2.0039113e-01;1.3750000e+02;1.6648690e-01;1.3750000e+02;1.2450852e-01;1.3750000e+02;8.1159562e-02;1.3750000e+02;4.0925816e-02;1.3750000e+02;-5.9149880e-03;1.3750000e+02;-2.4962705e-03;1.3750000e+02;9.3544815e-03;1.3750000e+02;2.6057098e-02;1.3750000e+02;4.7633130e-02;1.3750000e+02;7.1282223e-02;1.3750000e+02;9.8823071e-02;1.3750000e+02;1.3183782e-01;1.3750000e+02;1.6697696e-01;1.3750000e+02;1.9272414e-01;1.3750000e+02;2.1232611e-01;1.3750000e+02;2.2040640e-01;1.3750000e+02;2.1907285e-01;1.3750000e+02;2.0039113e-01;1.3750000e+02;1.6648690e-01;1.3750000e+02;1.2450852e-01;1.3750000e+02;8.1159562e-02;1.3750000e+02;4.0925816e-02;1.3750000e+02;-5.9149880e-03;1.3750000e+02;-2.4962705e-03;1.3750000e+02;9.3544815e-03;1.3750000e+02;2.6057098e-02;1.3750000e+02;4.7633130e-02;1.3750000e+02;7.1282223e-02;1.3750000e+02;9.8823071e-02;1.3750000e+02;1.3183782e-01;1.3750000e+02;1.6697696e-01;1.3750000e+02;1.9272414e-01;1.3750000e+02;2.1232611e-01;1.3750000e+02;2.2040640e-01;1.3750000e+02;2.1907285e-01;1.3750000e+02;2.0039113e-01;1.3750000e+02;1.6648690e-01;1.3750000e+02;1.2450852e-01;1.3750000e+02;8.1159562e-02;1.3750000e+02;4.0925816e-02;1.3750000e+02;-5.9149880e-03;1.3750000e+02;-2.4962705e-03;1.3750000e+02;9.3544815e-03;1.3750000e+02;2.6057098e-02;1.3750000e+02;4.7633130e-02;1.3750000e+02;7.1282223e-02;1.3750000e+02;9.8823071e-02;1.3750000e+02;1.3183782e-01;1.3750000e+02;1.6697696e-01;1.3750000e+02;1.9272414e-01;1.3750000e+02;2.1232611e-01;1.3750000e+02;2.2040640e-01;1.3750000e+02;2.1907285e-01;1.3750000e+02;2.0039113e-01;1.3750000e+02;1.6648690e-01;1.3750000e+02;1.2450852e-01;1.3750000e+02;8.1159562e-02;1.3750000e+02;4.0925816e-02;1.3750000e+02;-5.9149880e-03;1.3750000e+02;-2.4962705e-03;1.3750000e+02;9.3544815e-03;1.3750000e+02;2.6057098e-02;1.3750000e+02;4.7633130e-02;1.3750000e+02;7.1282223e-02;1.3750000e+02;9.8823071e-02;1.3750000e+02;1.3183782e-01;1.3750000e+02;1.6697696e-01;1.3750000e+02;1.9272414e-01;1.3750000e+02;2.1232611e-01;1.3750000e+02;2.2040640e-01;1.3750000e+02;2.1907285e-01;1.3750000e+02;2.0039113e-01;1.3750000e+02;1.6648690e-01;1.3750000e+02;1.2450852e-01;1.3750000e+02;8.1159562e-02;1.3750000e+02;4.0925816e-02;1.3750000e+02;-5.9149880e-03;1.3750000e+02;-2.4962705e-03;1.3750000e+02;9.3544815e-03;1.3750000e+02;2.6057098e-02;1.3750000e+02;4.7633130e-02;1.3750000e+02;7.1282223e-02;1.3750000e+02;9.8823071e-02;1.3750000e+02;1.3183782e-01;1.3750000e+02;1.6697696e-01;1.3750000e+02;1.9272414e-01;1.3750000e+02;2.1232611e-01;1.3750000e+02;2.2040640e-01;1.3750000e+02;2.1907285e-01;1.3750000e+02;2.0039113e-01;1.3750000e+02;1.6648690e-01;1.3750000e+02;1.2450852e-01;1.3750000e+02;8.1159562e-02;1.3750000e+02;4.0925816e-02;1.3750000e+02;-5.9149880e-03;1.3750000e+02;-2.4962705e-03;1.3750000e+02;9.3544815e-03;1.3750000e+02;2.6057098e-02;1.3750000e+02;4.7633130e-02;1.3750000e+02;7.1282223e-02;1.3750000e+02;9.8823071e-02;1.3750000e+02;1.3183782e-01;1.3750000e+02;1.6697696e-01;1.3750000e+02;1.9272414e-01;1.3750000e+02;2.1232611e-01;1.3750000e+02;2.2040640e-01;1.3750000e+02;2.1907285e-01;1.3750000e+02;2.0039113e-01;1.3750000e+02;1.6648690e-01;1.3750000e+02;1.2450852e-01;1.3750000e+02;8.1159562e-02;1.3750000e+02;4.0925816e-02;1.3750000e+02;-5.9149880e-03;1.3750000e+02;-2.4962705e-03;1.3750000e+02;9.3544815e-03;1.3750000e+02;2.6057098e-02;1.3750000e+02;4.7633130e-02;1.3750000e+02;7.1282223e-02;1.3750000e+02;9.8823071e-02;1.3750000e+02;1.3183782e-01;1.3750000e+02;1.6697696e-01;1.3750000e+02;1.9272414e-01;1.3750000e+02;2.1232611e-01;1.3750000e+02;2.2040640e-01;1.3750000e+02;2.1907285e-01;1.3750000e+02;2.0039113e-01;1.3750000e+02;1.6648690e-01;1.3750000e+02;1.2450852e-01;1.3750000e+02;8.1159562e-02;1.3750000e+02;4.0925816e-02;1.3750000e+02;-5.9149880e-03;1.3750000e+02;-2.4962705e-03;1.3750000e+02;9.3544815e-03;1.3750000e+02;2.6057098e-02;1.3750000e+02;4.7633130e-02;1.3750000e+02;7.1282223e-02;1.3750000e+02;9.8823071e-02;1.3750000e+02;1.3183782e-01;1.3750000e+02;1.6697696e-01;1.3750000e+02;1.9272414e-01;1.3750000e+02;2.1232611e-01;1.3750000e+02;2.2040640e-01;1.3750000e+02;2.1907285e-01;1.3750000e+02;2.0039113e-01;1.3750000e+02;1.6648690e-01;1.3750000e+02;1.2450852e-01;1.3750000e+02;8.1159562e-02;1.3750000e+02;4.0925816e-02;1.3750000e+02;-5.9149880e-03;1.3750000e+02;-2.4962705e-03;1.3750000e+02;9.3544815e-03;1.3750000e+02;2.6057098e-02;1.3750000e+02;4.7633130e-02;1.3750000e+02;7.1282223e-02;1.3750000e+02;9.8823071e-02;1.3750000e+02;1.3183782e-01;1.3750000e+02;1.6697696e-01;1.3750000e+02;1.9272414e-01;1.3750000e+02;2.1232611e-01;1.3750000e+02;2.2040640e-01;1.3750000e+02;2.1907285e-01;1.3750000e+02;2.0039113e-01;1.3750000e+02;1.6648690e-01;1.3750000e+02;1.2450852e-01;1.3750000e+02;8.1159562e-02;1.3750000e+02;4.0925816e-02;1.3750000e+02;-5.9149880e-03;1.3750000e+02;-2.4962705e-03;1.3750000e+02;9.3544815e-03;1.3750000e+02;2.6057098e-02;1.3750000e+02;4.7633130e-02;1.3750000e+02;7.1282223e-02;1.3750000e+02;9.8823071e-02;1.3750000e+02;1.3183782e-01;1.3750000e+02;1.6697696e-01;1.3750000e+02;1.9272414e-01;1.3750000e+02;2.1232611e-01;1.3750000e+02;2.2040640e-01;1.3750000e+02;2.1907285e-01;1.3750000e+02;2.0039113e-01;1.3750000e+02;1.6648690e-01;1.3750000e+02;1.2450852e-01;1.3750000e+02;8.1159562e-02;1.3750000e+02;4.0925816e-02;1.3750000e+02;-5.9149880e-03;1.3750000e+02;-2.4962705e-03;1.3750000e+02;9.3544815e-03;1.3750000e+02;2.6057098e-02;1.3750000e+02;4.7633130e-02;1.3750000e+02;7.1282223e-02;1.3750000e+02;9.8823071e-02;1.3750000e+02;1.3183782e-01;1.3750000e+02;1.6697696e-01;1.3750000e+02;1.9272414e-01;1.3750000e+02;2.1232611e-01;1.3750000e+02;2.2040640e-01;1.3750000e+02;2.1907285e-01;1.3750000e+02;2.0039113e-01;1.3750000e+02;1.6648690e-01;1.3750000e+02;1.2450852e-01;1.3750000e+02;8.1159562e-02;1.3750000e+02;4.0925816e-02;1.3750000e+02;-5.9149880e-03;1.3750000e+02;-2.4962705e-03;1.3750000e+02;9.3544815e-03;1.3750000e+02;2.6057098e-02;1.3750000e+02;4.7633130e-02;1.3750000e+02;7.1282223e-02;1.3750000e+02;9.8823071e-02;1.3750000e+02;1.3183782e-01;1.3750000e+02;1.6697696e-01;1.3750000e+02;1.9272414e-01;1.3750000e+02;2.1232611e-01;1.3750000e+02;2.2040640e-01;1.3750000e+02;2.1907285e-01;1.3750000e+02;2.0039113e-01;1.3750000e+02;1.6648690e-01;1.3750000e+02;1.2450852e-01;1.3750000e+02;8.1159562e-02;1.3750000e+02;4.0925816e-02;1.3750000e+02;-5.9149880e-03;1.3750000e+02;-2.4962705e-03;1.3750000e+02;9.3544815e-03;1.3750000e+02;2.6057098e-02;1.3750000e+02;4.7633130e-02;1.3750000e+02;7.1282223e-02;1.3750000e+02;9.8823071e-02;1.3750000e+02;1.3183782e-01;1.3750000e+02;1.6697696e-01;1.3750000e+02;1.9272414e-01;1.3750000e+02;2.1232611e-01;1.3750000e+02;2.2040640e-01;1.3750000e+02;2.1907285e-01;1.3750000e+02;2.0039113e-01;1.3750000e+02;1.6648690e-01;1.3750000e+02;1.2450852e-01;1.3750000e+02;8.1159562e-02;1.3750000e+02;4.0925816e-02;1.3750000e+02;-5.9149880e-03;1.3750000e+02;-2.4962705e-03;1.3750000e+02;9.3544815e-03;1.3750000e+02;2.6057098e-02;1.3750000e+02;4.7633130e-02;1.3750000e+02;7.1282223e-02;1.3750000e+02;9.8823071e-02;1.3750000e+02;1.3183782e-01;1.3750000e+02;1.6697696e-01;1.3750000e+02;1.9272414e-01;1.3750000e+02;2.1232611e-01;1.3750000e+02;2.2040640e-01;1.3750000e+02;2.1907285e-01;1.3750000e+02;2.0039113e-01;1.3750000e+02;1.6648690e-01;1.3750000e+02;1.2450852e-01;1.3750000e+02;8.1159562e-02;1.3750000e+02;4.0925816e-02;1.3750000e+02;-5.9149880e-03;1.3750000e+02;-2.4962705e-03;1.3750000e+02;9.3544815e-03;1.3750000e+02;2.6057098e-02;1.3750000e+02;4.7633130e-02;1.3750000e+02;7.1282223e-02;1.3750000e+02;9.8823071e-02;1.3750000e+02;1.3183782e-01;1.3750000e+02;1.6697696e-01;1.3750000e+02;1.9272414e-01;1.3750000e+02;2.1232611e-01;1.3750000e+02;2.2040640e-01;1.3750000e+02;2.1907285e-01;1.3750000e+02;2.0039113e-01;1.3750000e+02;1.6648690e-01;1.3750000e+02;1.2450852e-01;1.3750000e+02;8.1159562e-02;1.3750000e+02;4.0925816e-02;1.3750000e+02;-5.9149880e-03;1.3750000e+02;-2.4962705e-03;1.3750000e+02;9.3544815e-03;1.3750000e+02;2.6057098e-02;1.3750000e+02;4.7633130e-02;1.3750000e+02;7.1282223e-02;1.3750000e+02;9.8823071e-02;1.3750000e+02;1.3183782e-01;1.3750000e+02;1.6697696e-01;1.3750000e+02;1.9272414e-01;1.3750000e+02;2.1232611e-01;1.3750000e+02;2.2040640e-01;1.3750000e+02;2.1907285e-01;1.3750000e+02;2.0039113e-01;1.3750000e+02;1.6648690e-01;1.3750000e+02;1.2450852e-01;1.3750000e+02;8.1159562e-02;1.3750000e+02;4.0925816e-02;1.3750000e+02;-5.9149880e-03;1.3750000e+02;-2.4962705e-03;1.3750000e+02;9.3544815e-03;1.3750000e+02;2.6057098e-02;1.3750000e+02;4.7633130e-02;1.3750000e+02;7.1282223e-02;1.3750000e+02;9.8823071e-02;1.3750000e+02;1.3183782e-01;1.3750000e+02;1.6697696e-01;1.3750000e+02;1.9272414e-01;1.3750000e+02;2.1232611e-01;1.3750000e+02;2.2040640e-01;1.3750000e+02;2.1907285e-01;1.3750000e+02;2.0039113e-01;1.3750000e+02;1.6648690e-01;1.3750000e+02;1.2450852e-01;1.3750000e+02;8.1159562e-02;1.3750000e+02;4.0925816e-02;1.3750000e+02;-5.9149880e-03;1.3750000e+02;-2.4962705e-03;1.3750000e+02;9.3544815e-03;1.3750000e+02;2.6057098e-02;1.3750000e+02;4.7633130e-02;1.3750000e+02;7.1282223e-02;1.3750000e+02;9.8823071e-02;1.3750000e+02;1.3183782e-01;1.3750000e+02;1.6697696e-01;1.3750000e+02;1.9272414e-01;1.3750000e+02;2.1232611e-01;1.3750000e+02;2.2040640e-01;1.3750000e+02;2.1907285e-01;1.3750000e+02;2.0039113e-01;1.3750000e+02;1.6648690e-01;1.3750000e+02;1.2450852e-01;1.3750000e+02;8.1159562e-02;1.3750000e+02;4.0925816e-02;1.3750000e+02;-5.9149880e-03;1.3750000e+02;-2.4962705e-03;1.3750000e+02;9.3544815e-03;1.3750000e+02;2.6057098e-02;1.3750000e+02;4.7633130e-02;1.3750000e+02;7.1282223e-02;1.3750000e+02;9.8823071e-02;1.3750000e+02;1.3183782e-01;1.3750000e+02;1.6697696e-01;1.3750000e+02;1.9272414e-01;1.3750000e+02;2.1232611e-01;1.3750000e+02;2.2040640e-01;1.3750000e+02;2.1907285e-01;1.3750000e+02;2.0039113e-01;1.3750000e+02;1.6648690e-01;1.3750000e+02;1.2450852e-01;1.3750000e+02;8.1159562e-02;1.3750000e+02;4.0925816e-02;1.3750000e+02;-5.9149880e-03;1.3750000e+02;-2.4962705e-03;1.3750000e+02;9.3544815e-03;1.3750000e+02;2.6057098e-02;1.3750000e+02;4.7633130e-02;1.3750000e+02;7.1282223e-02;1.3750000e+02;9.8823071e-02;1.3750000e+02;1.3183782e-01;1.3750000e+02;1.6697696e-01;1.3750000e+02;1.9272414e-01;1.3750000e+02;2.1232611e-01;1.3750000e+02;2.2040640e-01;1.3750000e+02;2.1907285e-01;1.3750000e+02;2.0039113e-01;1.3750000e+02;1.6648690e-01;1.3750000e+02;1.2450852e-01;1.3750000e+02;8.1159562e-02;1.3750000e+02;4.0925816e-02;1.3750000e+02;-5.9149880e-03;1.3750000e+02;-2.4962705e-03;1.3750000e+02;9.3544815e-03;1.3750000e+02;2.6057098e-02;1.3750000e+02;4.7633130e-02;1.3750000e+02;7.1282223e-02;1.3750000e+02;9.8823071e-02;1.3750000e+02;1.3183782e-01;1.3750000e+02;1.6697696e-01;1.3750000e+02;1.9272414e-01;1.3750000e+02;2.1232611e-01;1.3750000e+02;2.2040640e-01;1.3750000e+02;2.1907285e-01;1.3750000e+02;2.0039113e-01;1.3750000e+02;1.6648690e-01;1.3750000e+02;1.2450852e-01;1.3750000e+02;8.1159562e-02;1.3750000e+02;4.0925816e-02;1.3750000e+02;-5.9149880e-03;1.3750000e+02;-2.4962705e-03;1.3750000e+02;9.3544815e-03;1.3750000e+02;2.6057098e-02;1.3750000e+02;4.7633130e-02;1.3750000e+02;7.1282223e-02;1.3750000e+02;9.8823071e-02;1.3750000e+02;1.3183782e-01;1.3750000e+02;1.6697696e-01;1.3750000e+02;1.9272414e-01;1.3750000e+02;2.1232611e-01;1.3750000e+02;2.2040640e-01;1.3750000e+02;2.1907285e-01;1.3750000e+02;2.0039113e-01;1.3750000e+02;1.6648690e-01;1.3750000e+02;1.2450852e-01;1.3750000e+02;8.1159562e-02;1.3750000e+02;4.0925816e-02;1.3750000e+02;-5.9149880e-03;1.3750000e+02;-2.4962705e-03;1.3750000e+02;9.3544815e-03;1.3750000e+02;2.6057098e-02;1.3750000e+02;4.7633130e-02;1.3750000e+02;7.1282223e-02;1.3750000e+02;9.8823071e-02;1.3750000e+02;1.3183782e-01;1.3750000e+02;1.6697696e-01;1.3750000e+02;1.9272414e-01;1.3750000e+02;2.1232611e-01;1.3750000e+02;2.2040640e-01;1.3750000e+02;2.1907285e-01;1.3750000e+02;2.0039113e-01;1.3750000e+02;1.6648690e-01;1.3750000e+02;1.2450852e-01;1.3750000e+02;8.1159562e-02;1.3750000e+02;4.0925816e-02;1.3750000e+02;-5.9149880e-03;1.3750000e+02;-2.4962705e-03;1.3750000e+02;9.3544815e-03;1.3750000e+02;2.6057098e-02;1.3750000e+02;4.7633130e-02;1.3750000e+02;7.1282223e-02;1.3750000e+02;9.8823071e-02;1.3750000e+02;1.3183782e-01;1.3750000e+02;1.6697696e-01;1.3750000e+02;1.9272414e-01;1.3750000e+02;2.1232611e-01;1.3750000e+02;2.2040640e-01;1.3750000e+02;2.1907285e-01;1.3750000e+02;2.0039113e-01;1.3750000e+02;1.6648690e-01;1.3750000e+02;1.2450852e-01;1.3750000e+02;8.1159562e-02;1.3750000e+02;4.0925816e-02;1.3750000e+02;-5.9149880e-03;1.3750000e+02;-2.4962705e-03;1.3750000e+02;9.3544815e-03;1.3750000e+02;2.6057098e-02;1.3750000e+02;4.7633130e-02;1.3750000e+02;7.1282223e-02;1.3750000e+02;9.8823071e-02;1.3750000e+02;1.3183782e-01;1.3750000e+02;1.6697696e-01;1.3750000e+02;1.9272414e-01;1.3750000e+02;2.1232611e-01;1.3750000e+02;2.2040640e-01;1.3750000e+02;2.1907285e-01;1.3750000e+02;2.0039113e-01;1.3750000e+02;1.6648690e-01;1.3750000e+02;1.2450852e-01;1.3750000e+02;8.1159562e-02;1.3750000e+02;4.0925816e-02;1.3750000e+02;-5.9149880e-03;1.3750000e+02;-2.4962705e-03;1.3750000e+02;9.3544815e-03;1.3750000e+02;2.6057098e-02;1.3750000e+02;4.7633130e-02;1.3750000e+02;7.1282223e-02;1.3750000e+02;9.8823071e-02;1.3750000e+02;1.3183782e-01;1.3750000e+02;1.6697696e-01;1.3750000e+02;1.9272414e-01;1.3750000e+02;2.1232611e-01;1.3750000e+02;2.2040640e-01;1.3750000e+02;2.1907285e-01;1.3750000e+02;2.0039113e-01;1.3750000e+02;1.6648690e-01;1.3750000e+02;1.2450852e-01;1.3750000e+02;8.1159562e-02;1.3750000e+02;4.0925816e-02;1.3750000e+02;-5.9149880e-03;1.3750000e+02;-2.4962705e-03;1.3750000e+02;9.3544815e-03;1.3750000e+02;2.6057098e-02;1.3750000e+02;4.7633130e-02;1.3750000e+02;7.1282223e-02;1.3750000e+02;9.8823071e-02;1.3750000e+02;1.3183782e-01;1.3750000e+02;1.6697696e-01;1.3750000e+02;1.9272414e-01;1.3750000e+02;2.1232611e-01;1.3750000e+02;2.2040640e-01;1.3750000e+02;2.1907285e-01;1.3750000e+02;2.0039113e-01;1.3750000e+02;1.6648690e-01;1.3750000e+02;1.2450852e-01;1.3750000e+02;8.1159562e-02;1.3750000e+02;4.0925816e-02;1.3750000e+02;-5.9149880e-03;1.3750000e+02;-2.4962705e-03;1.3750000e+02;9.3544815e-03;1.3750000e+02;2.6057098e-02;1.3750000e+02;4.7633130e-02;1.3750000e+02;7.1282223e-02;1.3750000e+02;9.8823071e-02;1.3750000e+02;1.3183782e-01;1.3750000e+02;1.6697696e-01;1.3750000e+02;1.9272414e-01;1.3750000e+02;2.1232611e-01;1.3750000e+02;2.2040640e-01;1.3750000e+02;2.1907285e-01;1.3750000e+02;2.0039113e-01;1.3750000e+02;1.6648690e-01;1.3750000e+02;1.2450852e-01;1.3750000e+02;8.1159562e-02;1.3750000e+02;4.0925816e-02;1.3750000e+02;-5.9149880e-03;1.3750000e+02;-2.4962705e-03;1.3750000e+02;9.3544815e-03;1.3750000e+02;2.6057098e-02;1.3750000e+02;4.7633130e-02;1.3750000e+02;7.1282223e-02;1.3750000e+02;9.8823071e-02;1.3750000e+02;1.3183782e-01;1.3750000e+02;1.6697696e-01;1.3750000e+02;1.9272414e-01;1.3750000e+02;2.1232611e-01;1.3750000e+02;2.2040640e-01;1.3750000e+02;2.1907285e-01;1.3750000e+02;2.0039113e-01;1.3750000e+02;1.6648690e-01;1.3750000e+02;1.2450852e-01;1.3750000e+02;8.1159562e-02;1.3750000e+02;4.0925816e-02;1.3750000e+02;-5.9149880e-03;1.3750000e+02;-2.4962705e-03;1.3750000e+02;9.3544815e-03;1.3750000e+02;2.6057098e-02;1.3750000e+02;4.7633130e-02;1.3750000e+02;7.1282223e-02;1.3750000e+02;9.8823071e-02;1.3750000e+02;1.3183782e-01;1.3750000e+02;1.6697696e-01;1.3750000e+02;1.9272414e-01;1.3750000e+02;2.1232611e-01;1.3750000e+02;2.2040640e-01;1.3750000e+02;2.1907285e-01;1.3750000e+02;2.0039113e-01;1.3750000e+02;1.6648690e-01;1.3750000e+02;1.2450852e-01;1.3750000e+02;8.1159562e-02;1.3750000e+02;4.0925816e-02;1.3750000e+02;-5.9149880e-03;1.3750000e+02;-2.4962705e-03;1.3750000e+02;9.3544815e-03;1.3750000e+02;2.6057098e-02;1.3750000e+02;4.7633130e-02;1.3750000e+02;7.1282223e-02;1.3750000e+02;9.8823071e-02;1.3750000e+02;1.3183782e-01;1.3750000e+02;1.6697696e-01;1.3750000e+02;1.9272414e-01;1.3750000e+02;2.1232611e-01;1.3750000e+02;2.2040640e-01;1.3750000e+02;2.1907285e-01;1.3750000e+02;2.0039113e-01;1.3750000e+02;1.6648690e-01;1.3750000e+02;1.2450852e-01;1.3750000e+02;8.1159562e-02;1.3750000e+02;4.0925816e-02;1.3750000e+02;-5.9149880e-03;1.3750000e+02;-2.4962705e-03;1.3750000e+02;9.3544815e-03;1.3750000e+02;2.6057098e-02;1.3750000e+02;4.7633130e-02;1.3750000e+02;7.1282223e-02;1.3750000e+02;9.8823071e-02;1.3750000e+02;1.3183782e-01;1.3750000e+02;1.6697696e-01;1.3750000e+02;1.9272414e-01;1.3750000e+02;2.1232611e-01;1.3750000e+02;2.2040640e-01;1.3750000e+02;2.1907285e-01;1.3750000e+02;2.0039113e-01;1.3750000e+02;1.6648690e-01;1.3750000e+02;1.2450852e-01;1.3750000e+02;8.1159562e-02;1.3750000e+02;4.0925816e-02;1.3750000e+02;-5.9149880e-03;1.3750000e+02;-2.4962705e-03;1.3750000e+02;9.3544815e-03;1.3750000e+02;2.6057098e-02;1.3750000e+02;4.7633130e-02;1.3750000e+02;7.1282223e-02;1.3750000e+02;9.8823071e-02;1.3750000e+02;1.3183782e-01;1.3750000e+02;1.6697696e-01;1.3750000e+02;1.9272414e-01;1.3750000e+02;2.1232611e-01;1.3750000e+02;2.2040640e-01;1.3750000e+02;2.1907285e-01;1.3750000e+02;2.0039113e-01;1.3750000e+02;1.6648690e-01;1.3750000e+02;1.2450852e-01;1.3750000e+02;8.1159562e-02;1.3750000e+02;4.0925816e-02;1.3750000e+02;-5.9149880e-03;1.3750000e+02;-2.4962705e-03;1.3750000e+02;9.3544815e-03;1.3750000e+02;2.6057098e-02;1.3750000e+02;4.7633130e-02;1.3750000e+02;7.1282223e-02;1.3750000e+02;9.8823071e-02;1.3750000e+02;1.3183782e-01;1.3750000e+02;1.6697696e-01;1.3750000e+02;1.9272414e-01;1.3750000e+02;2.1232611e-01;1.3750000e+02;2.2040640e-01;1.3750000e+02;2.1907285e-01;1.3750000e+02;2.0039113e-01;1.3750000e+02;1.6648690e-01;1.3750000e+02;1.2450852e-01;1.3750000e+02;8.1159562e-02;1.3750000e+02;4.0925816e-02;1.3750000e+02;-5.9149880e-03;1.3750000e+02;-2.4962705e-03;1.3750000e+02;9.3544815e-03;1.3750000e+02;2.6057098e-02;1.3750000e+02;4.7633130e-02;1.3750000e+02;7.1282223e-02;1.3750000e+02;9.8823071e-02;1.3750000e+02;1.3183782e-01;1.3750000e+02;1.6697696e-01;1.3750000e+02;1.9272414e-01;1.3750000e+02;2.1232611e-01;1.3750000e+02;2.2040640e-01;1.3750000e+02;2.1907285e-01;1.3750000e+02;2.0039113e-01;1.3750000e+02;1.6648690e-01;1.3750000e+02;1.2450852e-01;1.3750000e+02;8.1159562e-02;1.3750000e+02;4.0925816e-02;1.3750000e+02;-5.9149880e-03;1.3750000e+02;-2.4962705e-03;1.3750000e+02;9.3544815e-03;1.3750000e+02;2.6057098e-02;1.3750000e+02;4.7633130e-02;1.3750000e+02;7.1282223e-02;1.3750000e+02;9.8823071e-02;1.3750000e+02;1.3183782e-01;1.3750000e+02;1.6697696e-01;1.3750000e+02;1.9272414e-01;1.3750000e+02;2.1232611e-01;1.3750000e+02;2.2040640e-01;1.3750000e+02;2.1907285e-01;1.3750000e+02;2.0039113e-01;1.3750000e+02;1.6648690e-01;1.3750000e+02;1.2450852e-01;1.3750000e+02;8.1159562e-02;1.3750000e+02;4.0925816e-02;1.3750000e+02;-5.9149880e-03;1.3750000e+02;-2.4962705e-03;1.3750000e+02;9.3544815e-03;1.3750000e+02;2.6057098e-02;1.3750000e+02;4.7633130e-02;1.3750000e+02;7.1282223e-02;1.3750000e+02;9.8823071e-02;1.3750000e+02;1.3183782e-01;1.3750000e+02;1.6697696e-01;1.3750000e+02;1.9272414e-01;1.3750000e+02;2.1232611e-01;1.3750000e+02;2.2040640e-01;1.3750000e+02;2.1907285e-01;1.3750000e+02;2.0039113e-01;1.3750000e+02;1.6648690e-01;1.3750000e+02;1.2450852e-01;1.3750000e+02;8.1159562e-02;1.3750000e+02;4.0925816e-02;1.3750000e+02;-5.9149880e-03;1.3750000e+02;-2.4962705e-03;1.3750000e+02;9.3544815e-03;1.3750000e+02;2.6057098e-02;1.3750000e+02;4.7633130e-02;1.3750000e+02;7.1282223e-02;1.3750000e+02;9.8823071e-02;1.3750000e+02;1.3183782e-01;1.3750000e+02;1.6697696e-01;1.3750000e+02;1.9272414e-01;1.3750000e+02;2.1232611e-01;1.3750000e+02;2.2040640e-01;1.3750000e+02;2.1907285e-01;1.3750000e+02;2.0039113e-01;1.3750000e+02;1.6648690e-01;1.3750000e+02;1.2450852e-01;1.3750000e+02;8.1159562e-02;1.3750000e+02;4.0925816e-02;1.3750000e+02;-5.9149880e-03;1.3750000e+02;-2.4962705e-03;1.3750000e+02;9.3544815e-03;1.3750000e+02;2.6057098e-02;1.3750000e+02;4.7633130e-02;1.3750000e+02;7.1282223e-02;1.3750000e+02;9.8823071e-02;1.3750000e+02;1.3183782e-01;1.3750000e+02;1.6697696e-01;1.3750000e+02;1.9272414e-01;1.3750000e+02;2.1232611e-01;1.3750000e+02;2.2040640e-01;1.3750000e+02;2.1907285e-01;1.3750000e+02;2.0039113e-01;1.3750000e+02;1.6648690e-01;1.3750000e+02;1.2450852e-01;1.3750000e+02;8.1159562e-02;1.3750000e+02;4.0925816e-02;1.3750000e+02;-5.9149880e-03;1.3750000e+02;-2.4962705e-03;1.3750000e+02;9.3544815e-03;1.3750000e+02;2.6057098e-02;1.3750000e+02;4.7633130e-02;1.3750000e+02;7.1282223e-02;1.3750000e+02;9.8823071e-02;1.3750000e+02;1.3183782e-01;1.3750000e+02;1.6697696e-01;1.3750000e+02;1.9272414e-01;1.3750000e+02;2.1232611e-01;1.3750000e+02;2.2040640e-01;1.3750000e+02;2.1907285e-01;1.3750000e+02;2.0039113e-01;1.3750000e+02;1.6648690e-01;1.3750000e+02;1.2450852e-01;1.3750000e+02;8.1159562e-02;1.3750000e+02;4.0925816e-02;1.3750000e+02;-5.9149880e-03;1.3750000e+02;-2.4962705e-03;1.3750000e+02;9.3544815e-03;1.3750000e+02;2.6057098e-02;1.3750000e+02;4.7633130e-02;1.3750000e+02;7.1282223e-02;1.3750000e+02;9.8823071e-02;1.3750000e+02;1.3183782e-01;1.3750000e+02;1.6697696e-01;1.3750000e+02;1.9272414e-01;1.3750000e+02;2.1232611e-01;1.3750000e+02;2.2040640e-01;1.3750000e+02;2.1907285e-01;1.3750000e+02;2.0039113e-01;1.3750000e+02;1.6648690e-01;1.3750000e+02;1.2450852e-01;1.3750000e+02;8.1159562e-02;1.3750000e+02;4.0925816e-02;1.3750000e+02;-5.9149880e-03;1.3750000e+02;-2.4962705e-03;1.3750000e+02;9.3544815e-03;1.3750000e+02;2.6057098e-02;1.3750000e+02;4.7633130e-02;1.3750000e+02;7.1282223e-02;1.3750000e+02;9.8823071e-02;1.3750000e+02;1.3183782e-01;1.3750000e+02;1.6697696e-01;1.3750000e+02;1.9272414e-01;1.3750000e+02;2.1232611e-01;1.3750000e+02;2.2040640e-01;1.3750000e+02;2.1907285e-01;1.3750000e+02;2.0039113e-01;1.3750000e+02;1.6648690e-01;1.3750000e+02;1.2450852e-01;1.3750000e+02;8.1159562e-02;1.3750000e+02;4.0925816e-02;1.3750000e+02;-5.9149880e-03;1.3750000e+02;-2.4962705e-03;1.3750000e+02;9.3544815e-03;1.3750000e+02;2.6057098e-02;1.3750000e+02;4.7633130e-02;1.3750000e+02;7.1282223e-02;1.3750000e+02;9.8823071e-02;1.3750000e+02;1.3183782e-01;1.3750000e+02;1.6697696e-01;1.3750000e+02;1.9272414e-01;1.3750000e+02;2.1232611e-01;1.3750000e+02;2.2040640e-01;1.3750000e+02;2.1907285e-01;1.3750000e+02;2.0039113e-01;1.3750000e+02;1.6648690e-01;1.3750000e+02;1.2450852e-01;1.3750000e+02;8.1159562e-02;1.3750000e+02;4.0925816e-02;1.3750000e+02;-5.9149880e-03;1.3750000e+02;-2.4962705e-03;1.3750000e+02;9.3544815e-03;1.3750000e+02;2.6057098e-02;1.3750000e+02;4.7633130e-02;1.3750000e+02;7.1282223e-02;1.3750000e+02;9.8823071e-02;1.3750000e+02;1.3183782e-01;1.3750000e+02;1.6697696e-01;1.3750000e+02;1.9272414e-01;1.3750000e+02;2.1232611e-01;1.3750000e+02;2.2040640e-01;1.3750000e+02;2.1907285e-01;1.3750000e+02;2.0039113e-01;1.3750000e+02;1.6648690e-01;1.3750000e+02;1.2450852e-01;1.3750000e+02;8.1159562e-02;1.3750000e+02;4.0925816e-02;1.3750000e+02;-5.9149880e-03;1.3750000e+02;-2.4962705e-03;1.3750000e+02;9.3544815e-03;1.3750000e+02;2.6057098e-02;1.3750000e+02;4.7633130e-02;1.3750000e+02;7.1282223e-02;1.3750000e+02;9.8823071e-02;1.3750000e+02;1.3183782e-01;1.3750000e+02;1.6697696e-01;1.3750000e+02;1.9272414e-01;1.3750000e+02;2.1232611e-01;1.3750000e+02;2.2040640e-01;1.3750000e+02;2.1907285e-01;1.3750000e+02;2.0039113e-01;1.3750000e+02;1.6648690e-01;1.3750000e+02;1.2450852e-01;1.3750000e+02;8.1159562e-02;1.3750000e+02;4.0925816e-02;1.3750000e+02;-5.9149880e-03;1.3750000e+02;-2.4962705e-03;1.3750000e+02;9.3544815e-03;1.3750000e+02;2.6057098e-02;1.3750000e+02;4.7633130e-02;1.3750000e+02;7.1282223e-02;1.3750000e+02;9.8823071e-02;1.3750000e+02;1.3183782e-01;1.3750000e+02;1.6697696e-01;1.3750000e+02;1.9272414e-01;1.3750000e+02;2.1232611e-01;1.3750000e+02;2.2040640e-01;1.3750000e+02;2.1907285e-01;1.3750000e+02;2.0039113e-01;1.3750000e+02;1.6648690e-01;1.3750000e+02;1.2450852e-01;1.3750000e+02;8.1159562e-02;1.3750000e+02;4.0925816e-02;1.3750000e+02;-5.9149880e-03;1.3750000e+02;-2.4962705e-03;1.3750000e+02;9.3544815e-03;1.3750000e+02;2.6057098e-02;1.3750000e+02;4.7633130e-02;1.3750000e+02;7.1282223e-02;1.3750000e+02;9.8823071e-02;1.3750000e+02;1.3183782e-01;1.3750000e+02;1.6697696e-01;1.3750000e+02;1.9272414e-01;1.3750000e+02;2.1232611e-01;1.3750000e+02;2.2040640e-01;1.3750000e+02;2.1907285e-01;1.3750000e+02;2.0039113e-01;1.3750000e+02;1.6648690e-01;1.3750000e+02;1.2450852e-01;1.3750000e+02;8.1159562e-02;1.3750000e+02;4.0925816e-02;1.3750000e+02;-5.9149880e-03;1.3750000e+02;-2.4962705e-03;1.3750000e+02;9.3544815e-03;1.3750000e+02;2.6057098e-02;1.3750000e+02;4.7633130e-02;1.3750000e+02;7.1282223e-02;1.3750000e+02;9.8823071e-02;1.3750000e+02;1.3183782e-01;1.3750000e+02;1.6697696e-01;1.3750000e+02;1.9272414e-01;1.3750000e+02;2.1232611e-01;1.3750000e+02;2.2040640e-01;1.3750000e+02;2.1907285e-01;1.3750000e+02;2.0039113e-01;1.3750000e+02;1.6648690e-01;1.3750000e+02;1.2450852e-01;1.3750000e+02;8.1159562e-02;1.3750000e+02;4.0925816e-02;1.3750000e+02;-5.9149880e-03;1.3750000e+02;-2.4962705e-03;1.3750000e+02;9.3544815e-03;1.3750000e+02;2.6057098e-02;1.3750000e+02;4.7633130e-02;1.3750000e+02;7.1282223e-02;1.3750000e+02;9.8823071e-02;1.3750000e+02;1.3183782e-01;1.3750000e+02;1.6697696e-01;1.3750000e+02;1.9272414e-01;1.3750000e+02;2.1232611e-01;1.3750000e+02;2.2040640e-01;1.3750000e+02;2.1907285e-01;1.3750000e+02;2.0039113e-01;1.3750000e+02;1.6648690e-01;1.3750000e+02;1.2450852e-01;1.3750000e+02;8.1159562e-02;1.3750000e+02;4.0925816e-02;1.3750000e+02;-5.9149880e-03;1.3750000e+02;-2.4962705e-03;1.3750000e+02;9.3544815e-03;1.3750000e+02;2.6057098e-02;1.3750000e+02;4.7633130e-02;1.3750000e+02;7.1282223e-02;1.3750000e+02;9.8823071e-02;1.3750000e+02;1.3183782e-01;1.3750000e+02;1.6697696e-01;1.3750000e+02;1.9272414e-01;1.3750000e+02;2.1232611e-01;1.3750000e+02;2.2040640e-01;1.3750000e+02;2.1907285e-01;1.3750000e+02;2.0039113e-01;1.3750000e+02;1.6648690e-01;1.3750000e+02;1.2450852e-01;1.3750000e+02;8.1159562e-02;1.3750000e+02;4.0925816e-02;1.3750000e+02;-5.9149880e-03;1.3750000e+02;-2.4962705e-03;1.3750000e+02;9.3544815e-03;1.3750000e+02;2.6057098e-02;1.3750000e+02;4.7633130e-02;1.3750000e+02;7.1282223e-02;1.3750000e+02;9.8823071e-02;1.3750000e+02;1.3183782e-01;1.3750000e+02;1.6697696e-01;1.3750000e+02;1.9272414e-01;1.3750000e+02;2.1232611e-01;1.3750000e+02;2.2040640e-01;1.3750000e+02;2.1907285e-01;1.3750000e+02;2.0039113e-01;1.3750000e+02;1.6648690e-01;1.3750000e+02;1.2450852e-01;1.3750000e+02;8.1159562e-02;1.3750000e+02;4.0925816e-02;1.3750000e+02;-5.9149880e-03;1.3750000e+02;-2.4962705e-03;1.3750000e+02;9.3544815e-03;1.3750000e+02;2.6057098e-02;1.3750000e+02;4.7633130e-02;1.3750000e+02;7.1282223e-02;1.3750000e+02;9.8823071e-02;1.3750000e+02;1.3183782e-01;1.3750000e+02;1.6697696e-01;1.3750000e+02;1.9272414e-01;1.3750000e+02;2.1232611e-01;1.3750000e+02;2.2040640e-01;1.3750000e+02;2.1907285e-01;1.3750000e+02;2.0039113e-01;1.3750000e+02;1.6648690e-01;1.3750000e+02;1.2450852e-01;1.3750000e+02;8.1159562e-02;1.3750000e+02;4.0925816e-02;1.3750000e+02;-5.9149880e-03;1.3750000e+02;-2.4962705e-03;1.3750000e+02;9.3544815e-03;1.3750000e+02;2.6057098e-02;1.3750000e+02;4.7633130e-02;1.3750000e+02;7.1282223e-02;1.3750000e+02;9.8823071e-02;1.3750000e+02;1.3183782e-01;1.3750000e+02;1.6697696e-01;1.3750000e+02;1.9272414e-01;1.3750000e+02;2.1232611e-01;1.3750000e+02;2.2040640e-01;1.3750000e+02;2.1907285e-01;1.3750000e+02;2.0039113e-01;1.3750000e+02;1.6648690e-01;1.3750000e+02;1.2450852e-01;1.3750000e+02;8.1159562e-02;1.3750000e+02;4.0925816e-02;1.3750000e+02;-5.9149880e-03;1.3750000e+02;-2.4962705e-03;1.3750000e+02;9.3544815e-03;1.3750000e+02;2.6057098e-02;1.3750000e+02;4.7633130e-02;1.3750000e+02;7.1282223e-02;1.3750000e+02;9.8823071e-02;1.3750000e+02;1.3183782e-01;1.3750000e+02;1.6697696e-01;1.3750000e+02;1.9272414e-01;1.3750000e+02;2.1232611e-01;1.3750000e+02;2.2040640e-01;1.3750000e+02;2.1907285e-01;1.3750000e+02;2.0039113e-01;1.3750000e+02;1.6648690e-01;1.3750000e+02;1.2450852e-01;1.3750000e+02;8.1159562e-02;1.3750000e+02;4.0925816e-02;1.3750000e+02;-5.9149880e-03;1.3750000e+02;-2.4962705e-03;1.3750000e+02;9.3544815e-03;1.3750000e+02;2.6057098e-02;1.3750000e+02;4.7633130e-02;1.3750000e+02;7.1282223e-02;1.3750000e+02;9.8823071e-02;1.3750000e+02;1.3183782e-01;1.3750000e+02;1.6697696e-01;1.3750000e+02;1.9272414e-01;1.3750000e+02;2.1232611e-01;1.3750000e+02;2.2040640e-01;1.3750000e+02;2.1907285e-01;1.3750000e+02;2.0039113e-01;1.3750000e+02;1.6648690e-01;1.3750000e+02;1.2450852e-01;1.3750000e+02;8.1159562e-02;1.3750000e+02;4.0925816e-02;1.3750000e+02;-5.9149880e-03;1.3750000e+02;-2.4962705e-03;1.3750000e+02;9.3544815e-03;1.3750000e+02;2.6057098e-02;1.3750000e+02;4.7633130e-02;1.3750000e+02;7.1282223e-02;1.3750000e+02;9.8823071e-02;1.3750000e+02;1.3183782e-01;1.3750000e+02;1.6697696e-01;1.3750000e+02;1.9272414e-01;1.3750000e+02;2.1232611e-01;1.3750000e+02;2.2040640e-01;1.3750000e+02;2.1907285e-01;1.3750000e+02;2.0039113e-01;1.3750000e+02;1.6648690e-01;1.3750000e+02;1.2450852e-01;1.3750000e+02;8.1159562e-02;1.3750000e+02;4.0925816e-02;1.3750000e+02;-5.9149880e-03;1.3750000e+02;-2.4962705e-03;1.3750000e+02;9.3544815e-03;1.3750000e+02;2.6057098e-02;1.3750000e+02;4.7633130e-02;1.3750000e+02;7.1282223e-02;1.3750000e+02;9.8823071e-02;1.3750000e+02;1.3183782e-01;1.3750000e+02;1.6697696e-01;1.3750000e+02;1.9272414e-01;1.3750000e+02;2.1232611e-01;1.3750000e+02;2.2040640e-01;1.3750000e+02;2.1907285e-01;1.3750000e+02;2.0039113e-01;1.3750000e+02;1.6648690e-01;1.3750000e+02;1.2450852e-01;1.3750000e+02;8.1159562e-02;1.3750000e+02;4.0925816e-02;1.3750000e+02;-5.9149880e-03;1.3750000e+02;-2.4962705e-03;1.3750000e+02;9.3544815e-03;1.3750000e+02;2.6057098e-02;1.3750000e+02;4.7633130e-02;1.3750000e+02;7.1282223e-02;1.3750000e+02;9.8823071e-02;1.3750000e+02;1.3183782e-01;1.3750000e+02;1.6697696e-01;1.3750000e+02;1.9272414e-01;1.3750000e+02;2.1232611e-01;1.3750000e+02;2.2040640e-01;1.3750000e+02;2.1907285e-01;1.3750000e+02;2.0039113e-01;1.3750000e+02;1.6648690e-01;1.3750000e+02;1.2450852e-01;1.3750000e+02;8.1159562e-02;1.3750000e+02;4.0925816e-02;1.3750000e+02;-5.9149880e-03;1.3750000e+02;-2.4962705e-03;1.3750000e+02;9.3544815e-03;1.3750000e+02;2.6057098e-02;1.3750000e+02;4.7633130e-02;1.3750000e+02;7.1282223e-02;1.3750000e+02;9.8823071e-02;1.3750000e+02;1.3183782e-01;1.3750000e+02;1.6697696e-01;1.3750000e+02;1.9272414e-01;1.3750000e+02;2.1232611e-01;1.3750000e+02;2.2040640e-01;1.3750000e+02;2.1907285e-01;1.3750000e+02;2.0039113e-01;1.3750000e+02;1.6648690e-01;1.3750000e+02;1.2450852e-01;1.3750000e+02;8.1159562e-02;1.3750000e+02;4.0925816e-02;1.3750000e+02;-5.9149880e-03;1.3750000e+02;-2.4962705e-03;1.3750000e+02;9.3544815e-03;1.3750000e+02;2.6057098e-02;1.3750000e+02;4.7633130e-02;1.3750000e+02;7.1282223e-02;1.3750000e+02;9.8823071e-02;1.3750000e+02;1.3183782e-01;1.3750000e+02;1.6697696e-01;1.3750000e+02;1.9272414e-01;1.3750000e+02;2.1232611e-01;1.3750000e+02;2.2040640e-01;1.3750000e+02;2.1907285e-01;1.3750000e+02;2.0039113e-01;1.3750000e+02;1.6648690e-01;1.3750000e+02;1.2450852e-01;1.3750000e+02;8.1159562e-02;1.3750000e+02;4.0925816e-02;1.3750000e+02;-5.9149880e-03;1.3750000e+02;-2.4962705e-03;1.3750000e+02;9.3544815e-03;1.3750000e+02;2.6057098e-02;1.3750000e+02;4.7633130e-02;1.3750000e+02;7.1282223e-02;1.3750000e+02;9.8823071e-02;1.3750000e+02;1.3183782e-01;1.3750000e+02;1.6697696e-01;1.3750000e+02;1.9272414e-01;1.3750000e+02;2.1232611e-01;1.3750000e+02;2.2040640e-01;1.3750000e+02;2.1907285e-01;1.3750000e+02;2.0039113e-01;1.3750000e+02;1.6648690e-01;1.3750000e+02;1.2450852e-01;1.3750000e+02;8.1159562e-02;1.3750000e+02;4.0925816e-02;1.3750000e+02;-5.9149880e-03;1.3750000e+02;-2.4962705e-03;1.3750000e+02;9.3544815e-03;1.3750000e+02;2.6057098e-02;1.3750000e+02;4.7633130e-02;1.3750000e+02;7.1282223e-02;1.3750000e+02;9.8823071e-02;1.3750000e+02;1.3183782e-01;1.3750000e+02;1.6697696e-01;1.3750000e+02;1.9272414e-01;1.3750000e+02;2.1232611e-01;1.3750000e+02;2.2040640e-01;1.3750000e+02;2.1907285e-01;1.3750000e+02;2.0039113e-01;1.3750000e+02;1.6648690e-01;1.3750000e+02;1.2450852e-01;1.3750000e+02;8.1159562e-02;1.3750000e+02;4.0925816e-02;1.3750000e+02;-5.9149880e-03;1.3750000e+02;-2.4962705e-03;1.3750000e+02;9.3544815e-03;1.3750000e+02;2.6057098e-02;1.3750000e+02;4.7633130e-02;1.3750000e+02;7.1282223e-02;1.3750000e+02;9.8823071e-02;1.3750000e+02;1.3183782e-01;1.3750000e+02;1.6697696e-01;1.3750000e+02;1.9272414e-01;1.3750000e+02;2.1232611e-01;1.3750000e+02;2.2040640e-01;1.3750000e+02;2.1907285e-01;1.3750000e+02;2.0039113e-01;1.3750000e+02;1.6648690e-01;1.3750000e+02;1.2450852e-01;1.3750000e+02;8.1159562e-02;1.3750000e+02;4.0925816e-02;1.3750000e+02;-5.9149880e-03;1.3750000e+02;-2.4962705e-03;1.3750000e+02;9.3544815e-03;1.3750000e+02;2.6057098e-02;1.3750000e+02;4.7633130e-02;1.3750000e+02;7.1282223e-02;1.3750000e+02;9.8823071e-02;1.3750000e+02;1.3183782e-01;1.3750000e+02;1.6697696e-01;1.3750000e+02;1.9272414e-01;1.3750000e+02;2.1232611e-01;1.3750000e+02;2.2040640e-01;1.3750000e+02;2.1907285e-01;1.3750000e+02;2.0039113e-01;1.3750000e+02;1.6648690e-01;1.3750000e+02;1.2450852e-01;1.3750000e+02;8.1159562e-02;1.3750000e+02;4.0925816e-02;1.3750000e+02;-5.9149880e-03;1.3750000e+02;-2.4962705e-03;1.3750000e+02;9.3544815e-03;1.3750000e+02;2.6057098e-02;1.3750000e+02;4.7633130e-02;1.3750000e+02;7.1282223e-02;1.3750000e+02;9.8823071e-02;1.3750000e+02;1.3183782e-01;1.3750000e+02;1.6697696e-01;1.3750000e+02;1.9272414e-01;1.3750000e+02;2.1232611e-01;1.3750000e+02;2.2040640e-01;1.3750000e+02;2.1907285e-01;1.3750000e+02;2.0039113e-01;1.3750000e+02;1.6648690e-01;1.3750000e+02;1.2450852e-01;1.3750000e+02;8.1159562e-02;1.3750000e+02;4.0925816e-02;1.3750000e+02;-5.9149880e-03;1.3750000e+02;-2.4962705e-03;1.3750000e+02;9.3544815e-03;1.3750000e+02;2.6057098e-02;1.3750000e+02;4.7633130e-02;1.3750000e+02;7.1282223e-02;1.3750000e+02;9.8823071e-02;1.3750000e+02;1.3183782e-01;1.3750000e+02;1.6697696e-01;1.3750000e+02;1.9272414e-01;1.3750000e+02;2.1232611e-01;1.3750000e+02;2.2040640e-01;1.3750000e+02;2.1907285e-01;1.3750000e+02;2.0039113e-01;1.3750000e+02;1.6648690e-01;1.3750000e+02;1.2450852e-01;1.3750000e+02;8.1159562e-02;1.3750000e+02;4.0925816e-02;1.3750000e+02;-5.9149880e-03;1.3750000e+02;-2.4962705e-03;1.3750000e+02;9.3544815e-03;1.3750000e+02;2.6057098e-02;1.3750000e+02;4.7633130e-02;1.3750000e+02;7.1282223e-02;1.3750000e+02;9.8823071e-02;1.3750000e+02;1.3183782e-01;1.3750000e+02;1.6697696e-01;1.3750000e+02;1.9272414e-01;1.3750000e+02;2.1232611e-01;1.3750000e+02;2.2040640e-01;1.3750000e+02;2.1907285e-01;1.3750000e+02;2.0039113e-01;1.3750000e+02;1.6648690e-01;1.3750000e+02;1.2450852e-01;1.3750000e+02;8.1159562e-02;1.3750000e+02;4.0925816e-02;1.3750000e+02;-5.9149880e-03;1.3750000e+02;-2.4962705e-03;1.3750000e+02;9.3544815e-03;1.3750000e+02;2.6057098e-02;1.3750000e+02;4.7633130e-02;1.3750000e+02;7.1282223e-02;1.3750000e+02;9.8823071e-02;1.3750000e+02;1.3183782e-01;1.3750000e+02;1.6697696e-01;1.3750000e+02;1.9272414e-01;1.3750000e+02;2.1232611e-01;1.3750000e+02;2.2040640e-01;1.3750000e+02;2.1907285e-01;1.3750000e+02;2.0039113e-01;1.3750000e+02;1.6648690e-01;1.3750000e+02;1.2450852e-01;1.3750000e+02;8.1159562e-02;1.3750000e+02;4.0925816e-02;1.3750000e+02;-5.9149880e-03;1.3750000e+02;-2.4962705e-03;1.3750000e+02;9.3544815e-03;1.3750000e+02;2.6057098e-02;1.3750000e+02;4.7633130e-02;1.3750000e+02;7.1282223e-02;1.3750000e+02;9.8823071e-02;1.3750000e+02;1.3183782e-01;1.3750000e+02;1.6697696e-01;1.3750000e+02;1.9272414e-01;1.3750000e+02;2.1232611e-01;1.3750000e+02;2.2040640e-01;1.3750000e+02;2.1907285e-01;1.3750000e+02;2.0039113e-01;1.3750000e+02;1.6648690e-01;1.3750000e+02;1.2450852e-01;1.3750000e+02;8.1159562e-02;1.3750000e+02;4.0925816e-02;1.3750000e+02;-5.9149880e-03;1.3750000e+02;-2.4962705e-03;1.3750000e+02;9.3544815e-03;1.3750000e+02;2.6057098e-02;1.3750000e+02;4.7633130e-02;1.3750000e+02;7.1282223e-02;1.3750000e+02;9.8823071e-02;1.3750000e+02;1.3183782e-01;1.3750000e+02;1.6697696e-01;1.3750000e+02;1.9272414e-01;1.3750000e+02;2.1232611e-01;1.3750000e+02;2.2040640e-01;1.3750000e+02;2.1907285e-01;1.3750000e+02;2.0039113e-01;1.3750000e+02;1.6648690e-01;1.3750000e+02;1.2450852e-01;1.3750000e+02;8.1159562e-02;1.3750000e+02;4.0925816e-02;1.3750000e+02;-5.9149880e-03;1.3750000e+02;-2.4962705e-03;1.3750000e+02;9.3544815e-03;1.3750000e+02;2.6057098e-02;1.3750000e+02;4.7633130e-02;1.3750000e+02;7.1282223e-02;1.3750000e+02;9.8823071e-02;1.3750000e+02;1.3183782e-01;1.3750000e+02;1.6697696e-01;1.3750000e+02;1.9272414e-01;1.3750000e+02;2.1232611e-01;1.3750000e+02;2.2040640e-01;1.3750000e+02;2.1907285e-01;1.3750000e+02;2.0039113e-01;1.3750000e+02;1.6648690e-01;1.3750000e+02;1.2450852e-01;1.3750000e+02;8.1159562e-02;1.3750000e+02;4.0925816e-02;1.3750000e+02;-5.9149880e-03;1.3750000e+02;-2.4962705e-03;1.3750000e+02;9.3544815e-03;1.3750000e+02;2.6057098e-02;1.3750000e+02;4.7633130e-02;1.3750000e+02;7.1282223e-02;1.3750000e+02;9.8823071e-02;1.3750000e+02;1.3183782e-01;1.3750000e+02;1.6697696e-01;1.3750000e+02;1.9272414e-01;1.3750000e+02;2.1232611e-01;1.3750000e+02;2.2040640e-01;1.3750000e+02;2.1907285e-01;1.3750000e+02;2.0039113e-01;1.3750000e+02;1.6648690e-01;1.3750000e+02;1.2450852e-01;1.3750000e+02;8.1159562e-02;1.3750000e+02;4.0925816e-02;1.3750000e+02;-5.9149880e-03;1.3750000e+02;-2.4962705e-03;1.3750000e+02;9.3544815e-03;1.3750000e+02;2.6057098e-02;1.3750000e+02;4.7633130e-02;1.3750000e+02;7.1282223e-02;1.3750000e+02;9.8823071e-02;1.3750000e+02;1.3183782e-01;1.3750000e+02;1.6697696e-01;1.3750000e+02;1.9272414e-01;1.3750000e+02;2.1232611e-01;1.3750000e+02;2.2040640e-01;1.3750000e+02;2.1907285e-01;1.3750000e+02;2.0039113e-01;1.3750000e+02;1.6648690e-01;1.3750000e+02;1.2450852e-01;1.3750000e+02;8.1159562e-02;1.3750000e+02;4.0925816e-02;1.3750000e+02;-5.9149880e-03;1.3750000e+02;-2.4962705e-03;1.3750000e+02;9.3544815e-03;1.3750000e+02;2.6057098e-02;1.3750000e+02;4.7633130e-02;1.3750000e+02;7.1282223e-02;1.3750000e+02;9.8823071e-02;1.3750000e+02;1.3183782e-01;1.3750000e+02;1.6697696e-01;1.3750000e+02;1.9272414e-01;1.3750000e+02;2.1232611e-01;1.3750000e+02;2.2040640e-01;1.3750000e+02;2.1907285e-01;1.3750000e+02;2.0039113e-01;1.3750000e+02;1.6648690e-01;1.3750000e+02;1.2450852e-01;1.3750000e+02;8.1159562e-02;1.3750000e+02;4.0925816e-02;1.3750000e+02;-5.9149880e-03;1.3750000e+02;-2.4962705e-03;1.3750000e+02;9.3544815e-03;1.3750000e+02;2.6057098e-02;1.3750000e+02;4.7633130e-02;1.3750000e+02;7.1282223e-02;1.3750000e+02;9.8823071e-02;1.3750000e+02;1.3183782e-01;1.3750000e+02;1.6697696e-01;1.3750000e+02;1.9272414e-01;1.3750000e+02;2.1232611e-01;1.3750000e+02;2.2040640e-01;1.3750000e+02;2.1907285e-01;1.3750000e+02;2.0039113e-01;1.3750000e+02;1.6648690e-01;1.3750000e+02;1.2450852e-01;1.3750000e+02;8.1159562e-02;1.3750000e+02;4.0925816e-02;1.3750000e+02;-5.9149880e-03;1.3750000e+02;-2.4962705e-03;1.3750000e+02;9.3544815e-03;1.3750000e+02;2.6057098e-02;1.3750000e+02;4.7633130e-02;1.3750000e+02;7.1282223e-02;1.3750000e+02;9.8823071e-02;1.3750000e+02;1.3183782e-01;1.3750000e+02;1.6697696e-01;1.3750000e+02;1.9272414e-01;1.3750000e+02;2.1232611e-01;1.3750000e+02;2.2040640e-01;1.3750000e+02;2.1907285e-01;1.3750000e+02;2.0039113e-01;1.3750000e+02;1.6648690e-01;1.3750000e+02;1.2450852e-01;1.3750000e+02;8.1159562e-02;1.3750000e+02;4.0925816e-02;1.3750000e+02;-5.9149880e-03;1.3750000e+02;-2.4962705e-03;1.3750000e+02;9.3544815e-03;1.3750000e+02;2.6057098e-02;1.3750000e+02;4.7633130e-02;1.3750000e+02;7.1282223e-02;1.3750000e+02;9.8823071e-02;1.3750000e+02;1.3183782e-01;1.3750000e+02;1.6697696e-01;1.3750000e+02;1.9272414e-01;1.3750000e+02;2.1232611e-01;1.3750000e+02;2.2040640e-01;1.3750000e+02;2.1907285e-01;1.3750000e+02;2.0039113e-01;1.3750000e+02;1.6648690e-01;1.3750000e+02;1.2450852e-01;1.3750000e+02;8.1159562e-02;1.3750000e+02;4.0925816e-02;1.3750000e+02;-5.9149880e-03;1.3750000e+02;-2.4962705e-03;1.3750000e+02;9.3544815e-03;1.3750000e+02;2.6057098e-02;1.3750000e+02;4.7633130e-02;1.3750000e+02;7.1282223e-02;1.3750000e+02;9.8823071e-02;1.3750000e+02;1.3183782e-01;1.3750000e+02;1.6697696e-01;1.3750000e+02;1.9272414e-01;1.3750000e+02;2.1232611e-01;1.3750000e+02;2.2040640e-01;1.3750000e+02;2.1907285e-01;1.3750000e+02;2.0039113e-01;1.3750000e+02;1.6648690e-01;1.3750000e+02;1.2450852e-01;1.3750000e+02;8.1159562e-02;1.3750000e+02;4.0925816e-02;1.3750000e+02;-5.9149880e-03;1.3750000e+02;-2.4962705e-03;1.3750000e+02;9.3544815e-03;1.3750000e+02;2.6057098e-02;1.3750000e+02;4.7633130e-02;1.3750000e+02;7.1282223e-02;1.3750000e+02;9.8823071e-02;1.3750000e+02;1.3183782e-01;1.3750000e+02;1.6697696e-01;1.3750000e+02;1.9272414e-01;1.3750000e+02;2.1232611e-01;1.3750000e+02;2.2040640e-01;1.3750000e+02;2.1907285e-01;1.3750000e+02;2.0039113e-01;1.3750000e+02;1.6648690e-01;1.3750000e+02;1.2450852e-01;1.3750000e+02;8.1159562e-02;1.3750000e+02;4.0925816e-02;1.3750000e+02;-5.9149880e-03;1.3750000e+02;-2.4962705e-03;1.3750000e+02;9.3544815e-03;1.3750000e+02;2.6057098e-02;1.3750000e+02;4.7633130e-02;1.3750000e+02;7.1282223e-02;1.3750000e+02;9.8823071e-02;1.3750000e+02;1.3183782e-01;1.3750000e+02;1.6697696e-01;1.3750000e+02;1.9272414e-01;1.3750000e+02;2.1232611e-01;1.3750000e+02;2.2040640e-01;1.3750000e+02;2.1907285e-01;1.3750000e+02;2.0039113e-01;1.3750000e+02;1.6648690e-01;1.3750000e+02;1.2450852e-01;1.3750000e+02;8.1159562e-02;1.3750000e+02;4.0925816e-02;1.3750000e+02;-5.9149880e-03;1.3750000e+02;-2.4962705e-03;1.3750000e+02;9.3544815e-03;1.3750000e+02;2.6057098e-02;1.3750000e+02;4.7633130e-02;1.3750000e+02;7.1282223e-02;1.3750000e+02;9.8823071e-02;1.3750000e+02;1.3183782e-01;1.3750000e+02;1.6697696e-01;1.3750000e+02;1.9272414e-01;1.3750000e+02;2.1232611e-01;1.3750000e+02;2.2040640e-01;1.3750000e+02;2.1907285e-01;1.3750000e+02;2.0039113e-01;1.3750000e+02;1.6648690e-01;1.3750000e+02;1.2450852e-01;1.3750000e+02;8.1159562e-02;1.3750000e+02;4.0925816e-02;1.3750000e+02;-5.9149880e-03;1.3750000e+02;-2.4962705e-03;1.3750000e+02;9.3544815e-03;1.3750000e+02;2.6057098e-02;1.3750000e+02;4.7633130e-02;1.3750000e+02;7.1282223e-02;1.3750000e+02;9.8823071e-02;1.3750000e+02;1.3183782e-01;1.3750000e+02;1.6697696e-01;1.3750000e+02;1.9272414e-01;1.3750000e+02;2.1232611e-01;1.3750000e+02;2.2040640e-01;1.3750000e+02;2.1907285e-01;1.3750000e+02;2.0039113e-01;1.3750000e+02;1.6648690e-01;1.3750000e+02;1.2450852e-01;1.3750000e+02;8.1159562e-02;1.3750000e+02;4.0925816e-02;1.3750000e+02;-5.9149880e-03;1.3750000e+02;-2.4962705e-03;1.3750000e+02;9.3544815e-03;1.3750000e+02;2.6057098e-02;1.3750000e+02;4.7633130e-02;1.3750000e+02;7.1282223e-02;1.3750000e+02;9.8823071e-02;1.3750000e+02;1.3183782e-01;1.3750000e+02;1.6697696e-01;1.3750000e+02;1.9272414e-01;1.3750000e+02;2.1232611e-01;1.3750000e+02;2.2040640e-01;1.3750000e+02;2.1907285e-01;1.3750000e+02;2.0039113e-01;1.3750000e+02;1.6648690e-01;1.3750000e+02;1.2450852e-01;1.3750000e+02;8.1159562e-02;1.3750000e+02;4.0925816e-02;1.3750000e+02;-5.9149880e-03;1.3750000e+02;-2.4962705e-03;1.3750000e+02;9.3544815e-03;1.3750000e+02;2.6057098e-02;1.3750000e+02;4.7633130e-02;1.3750000e+02;7.1282223e-02;1.3750000e+02;9.8823071e-02;1.3750000e+02;1.3183782e-01;1.3750000e+02;1.6697696e-01;1.3750000e+02;1.9272414e-01;1.3750000e+02;2.1232611e-01;1.3750000e+02;2.2040640e-01;1.3750000e+02;2.1907285e-01;1.3750000e+02;2.0039113e-01;1.3750000e+02;1.6648690e-01;1.3750000e+02;1.2450852e-01;1.3750000e+02;8.1159562e-02;1.3750000e+02;4.0925816e-02;1.3750000e+02;-5.9149880e-03;1.3750000e+02;-2.4962705e-03;1.3750000e+02;9.3544815e-03;1.3750000e+02;2.6057098e-02;1.3750000e+02;4.7633130e-02;1.3750000e+02;7.1282223e-02;1.3750000e+02;9.8823071e-02;1.3750000e+02;1.3183782e-01;1.3750000e+02;1.6697696e-01;1.3750000e+02;1.9272414e-01;1.3750000e+02;2.1232611e-01;1.3750000e+02;2.2040640e-01;1.3750000e+02;2.1907285e-01;1.3750000e+02;2.0039113e-01;1.3750000e+02;1.6648690e-01;1.3750000e+02;1.2450852e-01;1.3750000e+02;8.1159562e-02;1.3750000e+02;4.0925816e-02;1.3750000e+02;-5.9149880e-03;1.3750000e+02;-2.4962705e-03;1.3750000e+02;9.3544815e-03;1.3750000e+02;2.6057098e-02;1.3750000e+02;4.7633130e-02;1.3750000e+02;7.1282223e-02;1.3750000e+02;9.8823071e-02;1.3750000e+02;1.3183782e-01;1.3750000e+02;1.6697696e-01;1.3750000e+02;1.9272414e-01;1.3750000e+02;2.1232611e-01;1.3750000e+02;2.2040640e-01;1.3750000e+02;2.1907285e-01;1.3750000e+02;2.0039113e-01;1.3750000e+02;1.6648690e-01;1.3750000e+02;1.2450852e-01;1.3750000e+02;8.1159562e-02;1.3750000e+02;4.0925816e-02;1.3750000e+02;-5.9149880e-03;1.3750000e+02;-2.4962705e-03;1.3750000e+02;9.3544815e-03;1.3750000e+02;2.6057098e-02;1.3750000e+02;4.7633130e-02;1.3750000e+02;7.1282223e-02;1.3750000e+02;9.8823071e-02;1.3750000e+02;1.3183782e-01;1.3750000e+02;1.6697696e-01;1.3750000e+02;1.9272414e-01;1.3750000e+02;2.1232611e-01;1.3750000e+02;2.2040640e-01;1.3750000e+02;2.1907285e-01;1.3750000e+02;2.0039113e-01;1.3750000e+02;1.6648690e-01;1.3750000e+02;1.2450852e-01;1.3750000e+02;8.1159562e-02;1.3750000e+02;4.0925816e-02;1.3750000e+02;-5.9149880e-03;1.3750000e+02;-2.4962705e-03;1.3750000e+02;9.3544815e-03;1.3750000e+02;2.6057098e-02;1.3750000e+02;4.7633130e-02;1.3750000e+02;7.1282223e-02;1.3750000e+02;9.8823071e-02;1.3750000e+02;1.3183782e-01;1.3750000e+02;1.6697696e-01;1.3750000e+02;1.9272414e-01;1.3750000e+02;2.1232611e-01;1.3750000e+02;2.2040640e-01;1.3750000e+02;2.1907285e-01;1.3750000e+02;2.0039113e-01;1.3750000e+02;1.6648690e-01;1.3750000e+02;1.2450852e-01;1.3750000e+02;8.1159562e-02;1.3750000e+02;4.0925816e-02;1.3750000e+02;-5.9149880e-03;1.3750000e+02;-2.4962705e-03;1.3750000e+02;9.3544815e-03;1.3750000e+02;2.6057098e-02;1.3750000e+02;4.7633130e-02;1.3750000e+02;7.1282223e-02;1.3750000e+02;9.8823071e-02;1.3750000e+02;1.3183782e-01;1.3750000e+02;1.6697696e-01;1.3750000e+02;1.9272414e-01;1.3750000e+02;2.1232611e-01;1.3750000e+02;2.2040640e-01;1.3750000e+02;2.1907285e-01;1.3750000e+02;2.0039113e-01;1.3750000e+02;1.6648690e-01;1.3750000e+02;1.2450852e-01;1.3750000e+02;8.1159562e-02;1.3750000e+02;4.0925816e-02;1.3750000e+02;-5.9149880e-03;1.3750000e+02;-2.4962705e-03;1.3750000e+02;9.3544815e-03;1.3750000e+02;2.6057098e-02;1.3750000e+02;4.7633130e-02;1.3750000e+02;7.1282223e-02;1.3750000e+02;9.8823071e-02;1.3750000e+02;1.3183782e-01;1.3750000e+02;1.6697696e-01;1.3750000e+02;1.9272414e-01;1.3750000e+02;2.1232611e-01;1.3750000e+02;2.2040640e-01;1.3750000e+02;2.1907285e-01;1.3750000e+02;2.0039113e-01;1.3750000e+02;1.6648690e-01;1.3750000e+02;1.2450852e-01;1.3750000e+02;8.1159562e-02;1.3750000e+02;4.0925816e-02;1.3750000e+02;-5.9149880e-03;1.3750000e+02;-2.4962705e-03;1.3750000e+02;9.3544815e-03;1.3750000e+02;2.6057098e-02;1.3750000e+02;4.7633130e-02;1.3750000e+02;7.1282223e-02;1.3750000e+02;9.8823071e-02;1.3750000e+02;1.3183782e-01;1.3750000e+02;1.6697696e-01;1.3750000e+02;1.9272414e-01;1.3750000e+02;2.1232611e-01;1.3750000e+02;2.2040640e-01;1.3750000e+02;2.1907285e-01;1.3750000e+02;2.0039113e-01;1.3750000e+02;1.6648690e-01;1.3750000e+02;1.2450852e-01;1.3750000e+02;8.1159562e-02;1.3750000e+02;4.0925816e-02;1.3750000e+02;-5.9149880e-03;1.3750000e+02;-2.4962705e-03;1.3750000e+02;9.3544815e-03;1.3750000e+02;2.6057098e-02;1.3750000e+02;4.7633130e-02;1.3750000e+02;7.1282223e-02;1.3750000e+02;9.8823071e-02;1.3750000e+02;1.3183782e-01;1.3750000e+02;1.6697696e-01;1.3750000e+02;1.9272414e-01;1.3750000e+02;2.1232611e-01;1.3750000e+02;2.2040640e-01;1.3750000e+02;2.1907285e-01;1.3750000e+02;2.0039113e-01;1.3750000e+02;1.6648690e-01;1.3750000e+02;1.2450852e-01;1.3750000e+02;8.1159562e-02;1.3750000e+02;4.0925816e-02;1.3750000e+02;-5.9149880e-03;1.3750000e+02;-2.4962705e-03;1.3750000e+02;9.3544815e-03;1.3750000e+02;2.6057098e-02;1.3750000e+02;4.7633130e-02;1.3750000e+02;7.1282223e-02;1.3750000e+02;9.8823071e-02;1.3750000e+02;1.3183782e-01;1.3750000e+02;1.6697696e-01;1.3750000e+02;1.9272414e-01;1.3750000e+02;2.1232611e-01;1.3750000e+02;2.2040640e-01;1.3750000e+02;2.1907285e-01;1.3750000e+02;2.0039113e-01;1.3750000e+02;1.6648690e-01;1.3750000e+02;1.2450852e-01;1.3750000e+02;8.1159562e-02;1.3750000e+02;4.0925816e-02;1.3750000e+02;-5.9149880e-03;1.3750000e+02;-2.4962705e-03;1.3750000e+02;9.3544815e-03;1.3750000e+02;2.6057098e-02;1.3750000e+02;4.7633130e-02;1.3750000e+02;7.1282223e-02;1.3750000e+02;9.8823071e-02;1.3750000e+02;1.3183782e-01;1.3750000e+02;1.6697696e-01;1.3750000e+02;1.9272414e-01;1.3750000e+02;2.1232611e-01;1.3750000e+02;2.2040640e-01;1.3750000e+02;2.1907285e-01;1.3750000e+02;2.0039113e-01;1.3750000e+02;1.6648690e-01;1.3750000e+02;1.2450852e-01;1.3750000e+02;8.1159562e-02;1.3750000e+02;4.0925816e-02;1.3750000e+02;-5.9149880e-03;1.3750000e+02;-2.4962705e-03;1.3750000e+02;9.3544815e-03;1.3750000e+02;2.6057098e-02;1.3750000e+02;4.7633130e-02;1.3750000e+02;7.1282223e-02;1.3750000e+02;9.8823071e-02;1.3750000e+02;1.3183782e-01;1.3750000e+02;1.6697696e-01;1.3750000e+02;1.9272414e-01;1.3750000e+02;2.1232611e-01;1.3750000e+02;2.2040640e-01;1.3750000e+02;2.1907285e-01;1.3750000e+02;2.0039113e-01;1.3750000e+02;1.6648690e-01;1.3750000e+02;1.2450852e-01;1.3750000e+02;8.1159562e-02;1.3750000e+02;4.0925816e-02;1.3750000e+02;-5.9149880e-03;1.3750000e+02;-2.4962705e-03;1.3750000e+02;9.3544815e-03;1.3750000e+02;2.6057098e-02;1.3750000e+02;4.7633130e-02;1.3750000e+02;7.1282223e-02;1.3750000e+02;9.8823071e-02;1.3750000e+02;1.3183782e-01;1.3750000e+02;1.6697696e-01;1.3750000e+02;1.9272414e-01;1.3750000e+02;2.1232611e-01;1.3750000e+02;2.2040640e-01;1.3750000e+02;2.1907285e-01;1.3750000e+02;2.0039113e-01;1.3750000e+02;1.6648690e-01;1.3750000e+02;1.2450852e-01;1.3750000e+02;8.1159562e-02;1.3750000e+02;4.0925816e-02;1.3750000e+02;-5.9149880e-03;1.3750000e+02;-2.4962705e-03;1.3750000e+02;9.3544815e-03;1.3750000e+02;2.6057098e-02;1.3750000e+02;4.7633130e-02;1.3750000e+02;7.1282223e-02;1.3750000e+02;9.8823071e-02;1.3750000e+02;1.3183782e-01;1.3750000e+02;1.6697696e-01;1.3750000e+02;1.9272414e-01;1.3750000e+02;2.1232611e-01;1.3750000e+02;2.2040640e-01;1.3750000e+02;2.1907285e-01;1.3750000e+02;2.0039113e-01;1.3750000e+02;1.6648690e-01;1.3750000e+02;1.2450852e-01;1.3750000e+02;8.1159562e-02;1.3750000e+02;4.0925816e-02;1.3750000e+02;-5.9149880e-03;1.3750000e+02;-2.4962705e-03;1.3750000e+02;9.3544815e-03;1.3750000e+02;2.6057098e-02;1.3750000e+02;4.7633130e-02;1.3750000e+02;7.1282223e-02;1.3750000e+02;9.8823071e-02;1.3750000e+02;1.3183782e-01;1.3750000e+02;1.6697696e-01;1.3750000e+02;1.9272414e-01;1.3750000e+02;2.1232611e-01;1.3750000e+02;2.2040640e-01;1.3750000e+02;2.1907285e-01;1.3750000e+02;2.0039113e-01;1.3750000e+02;1.6648690e-01;1.3750000e+02;1.2450852e-01;1.3750000e+02;8.1159562e-02;1.3750000e+02;4.0925816e-02;1.3750000e+02;-5.9149880e-03;1.3750000e+02;-2.4962705e-03;1.3750000e+02;9.3544815e-03;1.3750000e+02;2.6057098e-02;1.3750000e+02;4.7633130e-02;1.3750000e+02;7.1282223e-02;1.3750000e+02;9.8823071e-02;1.3750000e+02;1.3183782e-01;1.3750000e+02;1.6697696e-01;1.3750000e+02;1.9272414e-01;1.3750000e+02;2.1232611e-01;1.3750000e+02;2.2040640e-01;1.3750000e+02;2.1907285e-01;1.3750000e+02;2.0039113e-01;1.3750000e+02;1.6648690e-01;1.3750000e+02;1.2450852e-01;1.3750000e+02;8.1159562e-02;1.3750000e+02;4.0925816e-02;1.3750000e+02;-5.9149880e-03;1.3750000e+02;-2.4962705e-03;1.3750000e+02;9.3544815e-03;1.3750000e+02;2.6057098e-02;1.3750000e+02;4.7633130e-02;1.3750000e+02;7.1282223e-02;1.3750000e+02;9.8823071e-02;1.3750000e+02;1.3183782e-01;1.3750000e+02;1.6697696e-01;1.3750000e+02;1.9272414e-01;1.3750000e+02;2.1232611e-01;1.3750000e+02;2.2040640e-01;1.3750000e+02;2.1907285e-01;1.3750000e+02;2.0039113e-01;1.3750000e+02;1.6648690e-01;1.3750000e+02;1.2450852e-01;1.3750000e+02;8.1159562e-02;1.3750000e+02;4.0925816e-02;1.3750000e+02;-5.9149880e-03;1.3750000e+02;-2.4962705e-03;1.3750000e+02;9.3544815e-03;1.3750000e+02;2.6057098e-02;1.3750000e+02;4.7633130e-02;1.3750000e+02;7.1282223e-02;1.3750000e+02;9.8823071e-02;1.3750000e+02;1.3183782e-01;1.3750000e+02;1.6697696e-01;1.3750000e+02;1.9272414e-01;1.3750000e+02;2.1232611e-01;1.3750000e+02;2.2040640e-01;1.3750000e+02;2.1907285e-01;1.3750000e+02;2.0039113e-01;1.3750000e+02;1.6648690e-01;1.3750000e+02;1.2450852e-01;1.3750000e+02;8.1159562e-02;1.3750000e+02;4.0925816e-02;1.3750000e+02;-5.9149880e-03;1.3750000e+02;-2.4962705e-03;1.3750000e+02;9.3544815e-03;1.3750000e+02;2.6057098e-02;1.3750000e+02;4.7633130e-02;1.3750000e+02;7.1282223e-02;1.3750000e+02;9.8823071e-02;1.3750000e+02;1.3183782e-01;1.3750000e+02;1.6697696e-01;1.3750000e+02;1.9272414e-01;1.3750000e+02;2.1232611e-01;1.3750000e+02;2.2040640e-01;1.3750000e+02;2.1907285e-01;1.3750000e+02;2.0039113e-01;1.3750000e+02;1.6648690e-01;1.3750000e+02;1.2450852e-01;1.3750000e+02;8.1159562e-02;1.3750000e+02;4.0925816e-02;1.3750000e+02;-5.9149880e-03;1.3750000e+02;-2.4962705e-03;1.3750000e+02;9.3544815e-03;1.3750000e+02;2.6057098e-02;1.3750000e+02;4.7633130e-02;1.3750000e+02;7.1282223e-02;1.3750000e+02;9.8823071e-02;1.3750000e+02;1.3183782e-01;1.3750000e+02;1.6697696e-01;1.3750000e+02;1.9272414e-01;1.3750000e+02;2.1232611e-01;1.3750000e+02;2.2040640e-01;1.3750000e+02;2.1907285e-01;1.3750000e+02;2.0039113e-01;1.3750000e+02;1.6648690e-01;1.3750000e+02;1.2450852e-01;1.3750000e+02;8.1159562e-02;1.3750000e+02;4.0925816e-02;1.3750000e+02;-5.9149880e-03;1.3750000e+02;-2.4962705e-03;1.3750000e+02;9.3544815e-03;1.3750000e+02;2.6057098e-02;1.3750000e+02;4.7633130e-02;1.3750000e+02;7.1282223e-02;1.3750000e+02;9.8823071e-02;1.3750000e+02;1.3183782e-01;1.3750000e+02;1.6697696e-01;1.3750000e+02;1.9272414e-01;1.3750000e+02;2.1232611e-01;1.3750000e+02;2.2040640e-01;1.3750000e+02;2.1907285e-01;1.3750000e+02;2.0039113e-01;1.3750000e+02;1.6648690e-01;1.3750000e+02;1.2450852e-01;1.3750000e+02;8.1159562e-02;1.3750000e+02;4.0925816e-02;1.3750000e+02;-5.9149880e-03;1.3750000e+02;-2.4962705e-03;1.3750000e+02;9.3544815e-03;1.3750000e+02;2.6057098e-02;1.3750000e+02;4.7633130e-02;1.3750000e+02;7.1282223e-02;1.3750000e+02;9.8823071e-02;1.3750000e+02;1.3183782e-01;1.3750000e+02;1.6697696e-01;1.3750000e+02;1.9272414e-01;1.3750000e+02;2.1232611e-01;1.3750000e+02;2.2040640e-01;1.3750000e+02;2.1907285e-01;1.3750000e+02;2.0039113e-01;1.3750000e+02;1.6648690e-01;1.3750000e+02;1.2450852e-01;1.3750000e+02;8.1159562e-02;1.3750000e+02;4.0925816e-02;1.3750000e+02;-5.9149880e-03;1.3750000e+02;-2.4962705e-03;1.3750000e+02;9.3544815e-03;1.3750000e+02;2.6057098e-02;1.3750000e+02;4.7633130e-02;1.3750000e+02;7.1282223e-02;1.3750000e+02;9.8823071e-02;1.3750000e+02;1.3183782e-01;1.3750000e+02;1.6697696e-01;1.3750000e+02;1.9272414e-01;1.3750000e+02;2.1232611e-01;1.3750000e+02;2.2040640e-01;1.3750000e+02;2.1907285e-01;1.3750000e+02;2.0039113e-01;1.3750000e+02;1.6648690e-01;1.3750000e+02;1.2450852e-01;1.3750000e+02;8.1159562e-02;1.3750000e+02;4.0925816e-02;1.3750000e+02;-5.9149880e-03;1.3750000e+02;-2.4962705e-03;1.3750000e+02;9.3544815e-03;1.3750000e+02;2.6057098e-02;1.3750000e+02;4.7633130e-02;1.3750000e+02;7.1282223e-02;1.3750000e+02;9.8823071e-02;1.3750000e+02;1.3183782e-01;1.3750000e+02;1.6697696e-01;1.3750000e+02;1.9272414e-01;1.3750000e+02;2.1232611e-01;1.3750000e+02;2.2040640e-01;1.3750000e+02;2.1907285e-01;1.3750000e+02;2.0039113e-01;1.3750000e+02;1.6648690e-01;1.3750000e+02;1.2450852e-01;1.3750000e+02;8.1159562e-02;1.3750000e+02;4.0925816e-02;1.3750000e+02;-5.9149880e-03;1.3750000e+02;-2.4962705e-03;1.3750000e+02;9.3544815e-03;1.3750000e+02;2.6057098e-02;1.3750000e+02;4.7633130e-02;1.3750000e+02;7.1282223e-02;1.3750000e+02;9.8823071e-02;1.3750000e+02;1.3183782e-01;1.3750000e+02;1.6697696e-01;1.3750000e+02;1.9272414e-01;1.3750000e+02;2.1232611e-01;1.3750000e+02;2.2040640e-01;1.3750000e+02;2.1907285e-01;1.3750000e+02;2.0039113e-01;1.3750000e+02;1.6648690e-01;1.3750000e+02;1.2450852e-01;1.3750000e+02;8.1159562e-02;1.3750000e+02;4.0925816e-02;1.3750000e+02;-5.9149880e-03;1.3750000e+02;-2.4962705e-03;1.3750000e+02;9.3544815e-03;1.3750000e+02;2.6057098e-02;1.3750000e+02;4.7633130e-02;1.3750000e+02;7.1282223e-02;1.3750000e+02;9.8823071e-02;1.3750000e+02;1.3183782e-01;1.3750000e+02;1.6697696e-01;1.3750000e+02;1.9272414e-01;1.3750000e+02;2.1232611e-01;1.3750000e+02;2.2040640e-01;1.3750000e+02;2.1907285e-01;1.3750000e+02;2.0039113e-01;1.3750000e+02;1.6648690e-01;1.3750000e+02;1.2450852e-01;1.3750000e+02;8.1159562e-02;1.3750000e+02;4.0925816e-02;1.3750000e+02;-5.9149880e-03;1.3750000e+02;-2.4962705e-03;1.3750000e+02;9.3544815e-03;1.3750000e+02;2.6057098e-02;1.3750000e+02;4.7633130e-02;1.3750000e+02;7.1282223e-02;1.3750000e+02;9.8823071e-02;1.3750000e+02;1.3183782e-01;1.3750000e+02;1.6697696e-01;1.3750000e+02;1.9272414e-01;1.3750000e+02;2.1232611e-01;1.3750000e+02;2.2040640e-01;1.3750000e+02;2.1907285e-01;1.3750000e+02;2.0039113e-01;1.3750000e+02;1.6648690e-01;1.3750000e+02;1.2450852e-01;1.3750000e+02;8.1159562e-02;1.3750000e+02;4.0925816e-02;1.3750000e+02;-5.9149880e-03;1.3750000e+02;-2.4962705e-03;1.3750000e+02;9.3544815e-03;1.3750000e+02;2.6057098e-02;1.3750000e+02;4.7633130e-02;1.3750000e+02;7.1282223e-02;1.3750000e+02;9.8823071e-02;1.3750000e+02;1.3183782e-01;1.3750000e+02;1.6697696e-01;1.3750000e+02;1.9272414e-01;1.3750000e+02;2.1232611e-01;1.3750000e+02;2.2040640e-01;1.3750000e+02;2.1907285e-01;1.3750000e+02;2.0039113e-01;1.3750000e+02;1.6648690e-01;1.3750000e+02;1.2450852e-01;1.3750000e+02;8.1159562e-02;1.3750000e+02;4.0925816e-02;1.3750000e+02;-5.9149880e-03;1.3750000e+02;-2.4962705e-03;1.3750000e+02;9.3544815e-03;1.3750000e+02;2.6057098e-02;1.3750000e+02;4.7633130e-02;1.3750000e+02;7.1282223e-02;1.3750000e+02;9.8823071e-02;1.3750000e+02;1.3183782e-01;1.3750000e+02;1.6697696e-01;1.3750000e+02;1.9272414e-01;1.3750000e+02;2.1232611e-01;1.3750000e+02;2.2040640e-01;1.3750000e+02;2.1907285e-01;1.3750000e+02;2.0039113e-01;1.3750000e+02;1.6648690e-01;1.3750000e+02;1.2450852e-01;1.3750000e+02;8.1159562e-02;1.3750000e+02;4.0925816e-02;1.3750000e+02;-5.9149880e-03;1.3750000e+02;-2.4962705e-03;1.3750000e+02;9.3544815e-03;1.3750000e+02;2.6057098e-02;1.3750000e+02;4.7633130e-02;1.3750000e+02;7.1282223e-02;1.3750000e+02;9.8823071e-02;1.3750000e+02;1.3183782e-01;1.3750000e+02;1.6697696e-01;1.3750000e+02;1.9272414e-01;1.3750000e+02;2.1232611e-01;1.3750000e+02;2.2040640e-01;1.3750000e+02;2.1907285e-01;1.3750000e+02;2.0039113e-01;1.3750000e+02;1.6648690e-01;1.3750000e+02;1.2450852e-01;1.3750000e+02;8.1159562e-02;1.3750000e+02;4.0925816e-02;1.3750000e+02;-5.9149880e-03;1.3750000e+02;-2.4962705e-03;1.3750000e+02;9.3544815e-03;1.3750000e+02;2.6057098e-02;1.3750000e+02;4.7633130e-02;1.3750000e+02;7.1282223e-02;1.3750000e+02;9.8823071e-02;1.3750000e+02;1.3183782e-01;1.3750000e+02;1.6697696e-01;1.3750000e+02;1.9272414e-01;1.3750000e+02;2.1232611e-01;1.3750000e+02;2.2040640e-01;1.3750000e+02;2.1907285e-01;1.3750000e+02;2.0039113e-01;1.3750000e+02;1.6648690e-01;1.3750000e+02;1.2450852e-01;1.3750000e+02;8.1159562e-02;1.3750000e+02;4.0925816e-02;1.3750000e+02;-5.9149880e-03;1.3750000e+02;-2.4962705e-03;1.3750000e+02;9.3544815e-03;1.3750000e+02;2.6057098e-02;1.3750000e+02;4.7633130e-02;1.3750000e+02;7.1282223e-02;1.3750000e+02;9.8823071e-02;1.3750000e+02;1.3183782e-01;1.3750000e+02;1.6697696e-01;1.3750000e+02;1.9272414e-01;1.3750000e+02;2.1232611e-01;1.3750000e+02;2.2040640e-01;1.3750000e+02;2.1907285e-01;1.3750000e+02;2.0039113e-01;1.3750000e+02;1.6648690e-01;1.3750000e+02;1.2450852e-01;1.3750000e+02;8.1159562e-02;1.3750000e+02;4.0925816e-02;1.3750000e+02;-5.9149880e-03;1.3750000e+02;-2.4962705e-03;1.3750000e+02;9.3544815e-03;1.3750000e+02;2.6057098e-02;1.3750000e+02;4.7633130e-02;1.3750000e+02;7.1282223e-02;1.3750000e+02;9.8823071e-02;1.3750000e+02;1.3183782e-01;1.3750000e+02;1.6697696e-01;1.3750000e+02;1.9272414e-01;1.3750000e+02;2.1232611e-01;1.3750000e+02;2.2040640e-01;1.3750000e+02;2.1907285e-01;1.3750000e+02;2.0039113e-01;1.3750000e+02;1.6648690e-01;1.3750000e+02;1.2450852e-01;1.3750000e+02;8.1159562e-02;1.3750000e+02;4.0925816e-02;1.3750000e+02;-5.9149880e-03;1.3750000e+02;-2.4962705e-03;1.3750000e+02;9.3544815e-03;1.3750000e+02;2.6057098e-02;1.3750000e+02;4.7633130e-02;1.3750000e+02;7.1282223e-02;1.3750000e+02;9.8823071e-02;1.3750000e+02;1.3183782e-01;1.3750000e+02;1.6697696e-01;1.3750000e+02;1.9272414e-01;1.3750000e+02;2.1232611e-01;1.3750000e+02;2.2040640e-01;1.3750000e+02;2.1907285e-01;1.3750000e+02;2.0039113e-01;1.3750000e+02;1.6648690e-01;1.3750000e+02;1.2450852e-01;1.3750000e+02;8.1159562e-02;1.3750000e+02;4.0925816e-02;1.3750000e+02;-5.9149880e-03;1.3750000e+02;-2.4962705e-03;1.3750000e+02;9.3544815e-03;1.3750000e+02;2.6057098e-02;1.3750000e+02;4.7633130e-02;1.3750000e+02;7.1282223e-02;1.3750000e+02;9.8823071e-02;1.3750000e+02;1.3183782e-01;1.3750000e+02;1.6697696e-01;1.3750000e+02;1.9272414e-01;1.3750000e+02;2.1232611e-01;1.3750000e+02;2.2040640e-01;1.3750000e+02;2.1907285e-01;1.3750000e+02;2.0039113e-01;1.3750000e+02;1.6648690e-01;1.3750000e+02;1.2450852e-01;1.3750000e+02;8.1159562e-02;1.3750000e+02;4.0925816e-02;1.3750000e+02;-5.9149880e-03;1.3750000e+02;-2.4962705e-03;1.3750000e+02;9.3544815e-03;1.3750000e+02;2.6057098e-02;1.3750000e+02;4.7633130e-02;1.3750000e+02;7.1282223e-02;1.3750000e+02;9.8823071e-02;1.3750000e+02;1.3183782e-01;1.3750000e+02;1.6697696e-01;1.3750000e+02;1.9272414e-01;1.3750000e+02;2.1232611e-01;1.3750000e+02;2.2040640e-01;1.3750000e+02;2.1907285e-01;1.3750000e+02;2.0039113e-01;1.3750000e+02;1.6648690e-01;1.3750000e+02;1.2450852e-01;1.3750000e+02;8.1159562e-02;1.3750000e+02;4.0925816e-02;1.3750000e+02;-5.9149880e-03;1.3750000e+02;-2.4962705e-03;1.3750000e+02;9.3544815e-03;1.3750000e+02;2.6057098e-02;1.3750000e+02;4.7633130e-02;1.3750000e+02;7.1282223e-02;1.3750000e+02;9.8823071e-02;1.3750000e+02;1.3183782e-01;1.3750000e+02;1.6697696e-01;1.3750000e+02;1.9272414e-01;1.3750000e+02;2.1232611e-01;1.3750000e+02;2.2040640e-01;1.3750000e+02;2.1907285e-01;1.3750000e+02;2.0039113e-01;1.3750000e+02;1.6648690e-01;1.3750000e+02;1.2450852e-01;1.3750000e+02;8.1159562e-02;1.3750000e+02;4.0925816e-02;1.3750000e+02;-5.9149880e-03;1.3750000e+02;-2.4962705e-03;1.3750000e+02;9.3544815e-03;1.3750000e+02;2.6057098e-02;1.3750000e+02;4.7633130e-02;1.3750000e+02;7.1282223e-02;1.3750000e+02;9.8823071e-02;1.3750000e+02;1.3183782e-01;1.3750000e+02;1.6697696e-01;1.3750000e+02;1.9272414e-01;1.3750000e+02;2.1232611e-01;1.3750000e+02;2.2040640e-01;1.3750000e+02;2.1907285e-01;1.3750000e+02;2.0039113e-01;1.3750000e+02;1.6648690e-01;1.3750000e+02;1.2450852e-01;1.3750000e+02;8.1159562e-02;1.3750000e+02;4.0925816e-02;1.3750000e+02;-5.9149880e-03;1.3750000e+02;-2.4962705e-03;1.3750000e+02;9.3544815e-03;1.3750000e+02;2.6057098e-02;1.3750000e+02;4.7633130e-02;1.3750000e+02;7.1282223e-02;1.3750000e+02;9.8823071e-02;1.3750000e+02;1.3183782e-01;1.3750000e+02;1.6697696e-01;1.3750000e+02;1.9272414e-01;1.3750000e+02;2.1232611e-01;1.3750000e+02;2.2040640e-01;1.3750000e+02;2.1907285e-01;1.3750000e+02;2.0039113e-01;1.3750000e+02;1.6648690e-01;1.3750000e+02;1.2450852e-01;1.3750000e+02;8.1159562e-02;1.3750000e+02;4.0925816e-02;1.3750000e+02;-5.9149880e-03;1.3750000e+02;-2.4962705e-03;1.3750000e+02;9.3544815e-03;1.3750000e+02;2.6057098e-02;1.3750000e+02;4.7633130e-02;1.3750000e+02;7.1282223e-02;1.3750000e+02;9.8823071e-02;1.3750000e+02;1.3183782e-01;1.3750000e+02;1.6697696e-01;1.3750000e+02;1.9272414e-01;1.3750000e+02;2.1232611e-01;1.3750000e+02;2.2040640e-01;1.3750000e+02;2.1907285e-01;1.3750000e+02;2.0039113e-01;1.3750000e+02;1.6648690e-01;1.3750000e+02;1.2450852e-01;1.3750000e+02;8.1159562e-02;1.3750000e+02;4.0925816e-02;1.3750000e+02;-5.9149880e-03;1.3750000e+02;-2.4962705e-03;1.3750000e+02;9.3544815e-03;1.3750000e+02;2.6057098e-02;1.3750000e+02;4.7633130e-02;1.3750000e+02;7.1282223e-02;1.3750000e+02;9.8823071e-02;1.3750000e+02;1.3183782e-01;1.3750000e+02;1.6697696e-01;1.3750000e+02;1.9272414e-01;1.3750000e+02;2.1232611e-01;1.3750000e+02;2.2040640e-01;1.3750000e+02;2.1907285e-01;1.3750000e+02;2.0039113e-01;1.3750000e+02;1.6648690e-01;1.3750000e+02;1.2450852e-01;1.3750000e+02;8.1159562e-02;1.3750000e+02;4.0925816e-02;1.3750000e+02;-5.9149880e-03;1.3750000e+02;-2.4962705e-03;1.3750000e+02;9.3544815e-03;1.3750000e+02;2.6057098e-02;1.3750000e+02;4.7633130e-02;1.3750000e+02;7.1282223e-02;1.3750000e+02;9.8823071e-02;1.3750000e+02;1.3183782e-01;1.3750000e+02;1.6697696e-01;1.3750000e+02;1.9272414e-01;1.3750000e+02;2.1232611e-01;1.3750000e+02;2.2040640e-01;1.3750000e+02;2.1907285e-01;1.3750000e+02;2.0039113e-01;1.3750000e+02;1.6648690e-01;1.3750000e+02;1.2450852e-01;1.3750000e+02;8.1159562e-02;1.3750000e+02;4.0925816e-02;1.3750000e+02;-5.9149880e-03;1.3750000e+02;-2.4962705e-03;1.3750000e+02;9.3544815e-03;1.3750000e+02;2.6057098e-02;1.3750000e+02;4.7633130e-02;1.3750000e+02;7.1282223e-02;1.3750000e+02;9.8823071e-02;1.3750000e+02;1.3183782e-01;1.3750000e+02;1.6697696e-01;1.3750000e+02;1.9272414e-01;1.3750000e+02;2.1232611e-01;1.3750000e+02;2.2040640e-01;1.3750000e+02;2.1907285e-01;1.3750000e+02;2.0039113e-01;1.3750000e+02;1.6648690e-01;1.3750000e+02;1.2450852e-01;1.3750000e+02;8.1159562e-02;1.3750000e+02;4.0925816e-02;1.3750000e+02;-5.9149880e-03;1.3750000e+02;-2.4962705e-03;1.3750000e+02;9.3544815e-03;1.3750000e+02;2.6057098e-02;1.3750000e+02;4.7633130e-02;1.3750000e+02;7.1282223e-02;1.3750000e+02;9.8823071e-02;1.3750000e+02;1.3183782e-01;1.3750000e+02;1.6697696e-01;1.3750000e+02;1.9272414e-01;1.3750000e+02;2.1232611e-01;1.3750000e+02;2.2040640e-01;1.3750000e+02;2.1907285e-01;1.3750000e+02;2.0039113e-01;1.3750000e+02;1.6648690e-01;1.3750000e+02;1.2450852e-01;1.3750000e+02;8.1159562e-02;1.3750000e+02;4.0925816e-02;1.3750000e+02;-5.9149880e-03;1.3750000e+02;-2.4962705e-03;1.3750000e+02;9.3544815e-03;1.3750000e+02;2.6057098e-02;1.3750000e+02;4.7633130e-02;1.3750000e+02;7.1282223e-02;1.3750000e+02;9.8823071e-02;1.3750000e+02;1.3183782e-01;1.3750000e+02;1.6697696e-01;1.3750000e+02;1.9272414e-01;1.3750000e+02;2.1232611e-01;1.3750000e+02;2.2040640e-01;1.3750000e+02;2.1907285e-01;1.3750000e+02;2.0039113e-01;1.3750000e+02;1.6648690e-01;1.3750000e+02;1.2450852e-01;1.3750000e+02;8.1159562e-02;1.3750000e+02;4.0925816e-02;1.3750000e+02;-5.9149880e-03;1.3750000e+02;-2.4962705e-03;1.3750000e+02;9.3544815e-03;1.3750000e+02;2.6057098e-02;1.3750000e+02;4.7633130e-02;1.3750000e+02;7.1282223e-02;1.3750000e+02;9.8823071e-02;1.3750000e+02;1.3183782e-01;1.3750000e+02;1.6697696e-01;1.3750000e+02;1.9272414e-01;1.3750000e+02;2.1232611e-01;1.3750000e+02;2.2040640e-01;1.3750000e+02;2.1907285e-01;1.3750000e+02;2.0039113e-01;1.3750000e+02;1.6648690e-01;1.3750000e+02;1.2450852e-01;1.3750000e+02;8.1159562e-02;1.3750000e+02;4.0925816e-02;1.3750000e+02;-5.9149880e-03;1.3750000e+02;-2.4962705e-03;1.3750000e+02;9.3544815e-03;1.3750000e+02;2.6057098e-02;1.3750000e+02;4.7633130e-02;1.3750000e+02;7.1282223e-02;1.3750000e+02;9.8823071e-02;1.3750000e+02;1.3183782e-01;1.3750000e+02;1.6697696e-01;1.3750000e+02;1.9272414e-01;1.3750000e+02;2.1232611e-01;1.3750000e+02;2.2040640e-01;1.3750000e+02;2.1907285e-01;1.3750000e+02;2.0039113e-01;1.3750000e+02;1.6648690e-01;1.3750000e+02;1.2450852e-01;1.3750000e+02;8.1159562e-02;1.3750000e+02;4.0925816e-02;1.3750000e+02;-5.9149880e-03;1.3750000e+02;-2.4962705e-03;1.3750000e+02;9.3544815e-03;1.3750000e+02;2.6057098e-02;1.3750000e+02;4.7633130e-02;1.3750000e+02;7.1282223e-02;1.3750000e+02;9.8823071e-02;1.3750000e+02;1.3183782e-01;1.3750000e+02;1.6697696e-01;1.3750000e+02;1.9272414e-01;1.3750000e+02;2.1232611e-01;1.3750000e+02;2.2040640e-01;1.3750000e+02;2.1907285e-01;1.3750000e+02;2.0039113e-01;1.3750000e+02;1.6648690e-01;1.3750000e+02;1.2450852e-01;1.3750000e+02;8.1159562e-02;1.3750000e+02;4.0925816e-02;1.3750000e+02;-5.9149880e-03;1.3750000e+02;-2.4962705e-03;1.3750000e+02;9.3544815e-03;1.3750000e+02;2.6057098e-02;1.3750000e+02;4.7633130e-02;1.3750000e+02;7.1282223e-02;1.3750000e+02;9.8823071e-02;1.3750000e+02;1.3183782e-01;1.3750000e+02;1.6697696e-01;1.3750000e+02;1.9272414e-01;1.3750000e+02;2.1232611e-01;1.3750000e+02;2.2040640e-01;1.3750000e+02;2.1907285e-01;1.3750000e+02;2.0039113e-01;1.3750000e+02;1.6648690e-01;1.3750000e+02;1.2450852e-01;1.3750000e+02;8.1159562e-02;1.3750000e+02;4.0925816e-02;1.3750000e+02;-5.9149880e-03;1.3750000e+02;-2.4962705e-03;1.3750000e+02;9.3544815e-03;1.3750000e+02;2.6057098e-02;1.3750000e+02;4.7633130e-02;1.3750000e+02;7.1282223e-02;1.3750000e+02;9.8823071e-02;1.3750000e+02;1.3183782e-01;1.3750000e+02;1.6697696e-01;1.3750000e+02;1.9272414e-01;1.3750000e+02;2.1232611e-01;1.3750000e+02;2.2040640e-01;1.3750000e+02;2.1907285e-01;1.3750000e+02;2.0039113e-01;1.3750000e+02;1.6648690e-01;1.3750000e+02;1.2450852e-01;1.3750000e+02;8.1159562e-02;1.3750000e+02;4.0925816e-02;1.3750000e+02;-5.9149880e-03;1.3750000e+02;-2.4962705e-03;1.3750000e+02;9.3544815e-03;1.3750000e+02;2.6057098e-02;1.3750000e+02;4.7633130e-02;1.3750000e+02;7.1282223e-02;1.3750000e+02;9.8823071e-02;1.3750000e+02;1.3183782e-01;1.3750000e+02;1.6697696e-01;1.3750000e+02;1.9272414e-01;1.3750000e+02;2.1232611e-01;1.3750000e+02;2.2040640e-01;1.3750000e+02;2.1907285e-01;1.3750000e+02;2.0039113e-01;1.3750000e+02;1.6648690e-01;1.3750000e+02;1.2450852e-01;1.3750000e+02;8.1159562e-02;1.3750000e+02;4.0925816e-02;1.3750000e+02;-5.9149880e-03;1.3750000e+02;-2.4962705e-03;1.3750000e+02;9.3544815e-03;1.3750000e+02;2.6057098e-02;1.3750000e+02;4.7633130e-02;1.3750000e+02;7.1282223e-02;1.3750000e+02;9.8823071e-02;1.3750000e+02;1.3183782e-01;1.3750000e+02;1.6697696e-01;1.3750000e+02;1.9272414e-01;1.3750000e+02;2.1232611e-01;1.3750000e+02;2.2040640e-01;1.3750000e+02;2.1907285e-01;1.3750000e+02;2.0039113e-01;1.3750000e+02;1.6648690e-01;1.3750000e+02;1.2450852e-01;1.3750000e+02;8.1159562e-02;1.3750000e+02;4.0925816e-02;1.3750000e+02;-5.9149880e-03;1.3750000e+02;-2.4962705e-03;1.3750000e+02;9.3544815e-03;1.3750000e+02;2.6057098e-02;1.3750000e+02;4.7633130e-02;1.3750000e+02;7.1282223e-02;1.3750000e+02;9.8823071e-02;1.3750000e+02;1.3183782e-01;1.3750000e+02;1.6697696e-01;1.3750000e+02;1.9272414e-01;1.3750000e+02;2.1232611e-01;1.3750000e+02;2.2040640e-01;1.3750000e+02;2.1907285e-01;1.3750000e+02;2.0039113e-01;1.3750000e+02;1.6648690e-01;1.3750000e+02;1.2450852e-01;1.3750000e+02;8.1159562e-02;1.3750000e+02;4.0925816e-02;1.3750000e+02;-5.9149880e-03;1.3750000e+02;-2.4962705e-03;1.3750000e+02;9.3544815e-03;1.3750000e+02;2.6057098e-02;1.3750000e+02;4.7633130e-02;1.3750000e+02;7.1282223e-02;1.3750000e+02;9.8823071e-02;1.3750000e+02;1.3183782e-01;1.3750000e+02;1.6697696e-01;1.3750000e+02;1.9272414e-01;1.3750000e+02;2.1232611e-01;1.3750000e+02;2.2040640e-01;1.3750000e+02;2.1907285e-01;1.3750000e+02;2.0039113e-01;1.3750000e+02;1.6648690e-01;1.3750000e+02;1.2450852e-01;1.3750000e+02;8.1159562e-02;1.3750000e+02;4.0925816e-02;1.3750000e+02;-5.9149880e-03;1.3750000e+02;-2.4962705e-03;1.3750000e+02;9.3544815e-03;1.3750000e+02;2.6057098e-02;1.3750000e+02;4.7633130e-02;1.3750000e+02;7.1282223e-02;1.3750000e+02;9.8823071e-02;1.3750000e+02;1.3183782e-01;1.3750000e+02;1.6697696e-01;1.3750000e+02;1.9272414e-01;1.3750000e+02;2.1232611e-01;1.3750000e+02;2.2040640e-01;1.3750000e+02;2.1907285e-01;1.3750000e+02;2.0039113e-01;1.3750000e+02;1.6648690e-01;1.3750000e+02;1.2450852e-01;1.3750000e+02;8.1159562e-02;1.3750000e+02;4.0925816e-02;1.3750000e+02;-5.9149880e-03;1.3750000e+02;-2.4962705e-03;1.3750000e+02;9.3544815e-03;1.3750000e+02;2.6057098e-02;1.3750000e+02;4.7633130e-02;1.3750000e+02;7.1282223e-02;1.3750000e+02;9.8823071e-02;1.3750000e+02;1.3183782e-01;1.3750000e+02;1.6697696e-01;1.3750000e+02;1.9272414e-01;1.3750000e+02;2.1232611e-01;1.3750000e+02;2.2040640e-01;1.3750000e+02;2.1907285e-01;1.3750000e+02;2.0039113e-01;1.3750000e+02;1.6648690e-01;1.3750000e+02;1.2450852e-01;1.3750000e+02;8.1159562e-02;1.3750000e+02;4.0925816e-02;1.3750000e+02;-5.9149880e-03;1.3750000e+02;-2.4962705e-03;1.3750000e+02;9.3544815e-03;1.3750000e+02;2.6057098e-02;1.3750000e+02;4.7633130e-02;1.3750000e+02;7.1282223e-02;1.3750000e+02;9.8823071e-02;1.3750000e+02;1.3183782e-01;1.3750000e+02;1.6697696e-01;1.3750000e+02;1.9272414e-01;1.3750000e+02;2.1232611e-01;1.3750000e+02;2.2040640e-01;1.3750000e+02;2.1907285e-01;1.3750000e+02;2.0039113e-01;1.3750000e+02;1.6648690e-01;1.3750000e+02;1.2450852e-01;1.3750000e+02;8.1159562e-02;1.3750000e+02;4.0925816e-02;1.3750000e+02;-5.9149880e-03;1.3750000e+02;-2.4962705e-03;1.3750000e+02;9.3544815e-03;1.3750000e+02;2.6057098e-02;1.3750000e+02;4.7633130e-02;1.3750000e+02;7.1282223e-02;1.3750000e+02;9.8823071e-02;1.3750000e+02;1.3183782e-01;1.3750000e+02;1.6697696e-01;1.3750000e+02;1.9272414e-01;1.3750000e+02;2.1232611e-01;1.3750000e+02;2.2040640e-01;1.3750000e+02;2.1907285e-01;1.3750000e+02;2.0039113e-01;1.3750000e+02;1.6648690e-01;1.3750000e+02;1.2450852e-01;1.3750000e+02;8.1159562e-02;1.3750000e+02;4.0925816e-02;1.3750000e+02;-5.9149880e-03;1.3750000e+02;-2.4962705e-03;1.3750000e+02;9.3544815e-03;1.3750000e+02;2.6057098e-02;1.3750000e+02;4.7633130e-02;1.3750000e+02;7.1282223e-02;1.3750000e+02;9.8823071e-02;1.3750000e+02;1.3183782e-01;1.3750000e+02;1.6697696e-01;1.3750000e+02;1.9272414e-01;1.3750000e+02;2.1232611e-01;1.3750000e+02;2.2040640e-01;1.3750000e+02;2.1907285e-01;1.3750000e+02;2.0039113e-01;1.3750000e+02;1.6648690e-01;1.3750000e+02;1.2450852e-01;1.3750000e+02;8.1159562e-02;1.3750000e+02;4.0925816e-02;1.3750000e+02;-5.9149880e-03;1.3750000e+02;-2.4962705e-03;1.3750000e+02;9.3544815e-03;1.3750000e+02;2.6057098e-02;1.3750000e+02;4.7633130e-02;1.3750000e+02;7.1282223e-02;1.3750000e+02;9.8823071e-02;1.3750000e+02;1.3183782e-01;1.3750000e+02;1.6697696e-01;1.3750000e+02;1.9272414e-01;1.3750000e+02;2.1232611e-01;1.3750000e+02;2.2040640e-01;1.3750000e+02;2.1907285e-01;1.3750000e+02;2.0039113e-01;1.3750000e+02;1.6648690e-01;1.3750000e+02;1.2450852e-01;1.3750000e+02;8.1159562e-02;1.3750000e+02;4.0925816e-02;1.3750000e+02;-5.9149880e-03;1.3750000e+02;-2.4962705e-03;1.3750000e+02;9.3544815e-03;1.3750000e+02;2.6057098e-02;1.3750000e+02;4.7633130e-02;1.3750000e+02;7.1282223e-02;1.3750000e+02;9.8823071e-02;1.3750000e+02;1.3183782e-01;1.3750000e+02;1.6697696e-01;1.3750000e+02;1.9272414e-01;1.3750000e+02;2.1232611e-01;1.3750000e+02;2.2040640e-01;1.3750000e+02;2.1907285e-01;1.3750000e+02;2.0039113e-01;1.3750000e+02;1.6648690e-01;1.3750000e+02;1.2450852e-01;1.3750000e+02;8.1159562e-02;1.3750000e+02;4.0925816e-02;1.3750000e+02;-5.9149880e-03;1.3750000e+02;-2.4962705e-03;1.3750000e+02;9.3544815e-03;1.3750000e+02;2.6057098e-02;1.3750000e+02;4.7633130e-02;1.3750000e+02;7.1282223e-02;1.3750000e+02;9.8823071e-02;1.3750000e+02;1.3183782e-01;1.3750000e+02;1.6697696e-01;1.3750000e+02;1.9272414e-01;1.3750000e+02;2.1232611e-01;1.3750000e+02;2.2040640e-01;1.3750000e+02;2.1907285e-01;1.3750000e+02;2.0039113e-01;1.3750000e+02;1.6648690e-01;1.3750000e+02;1.2450852e-01;1.3750000e+02;8.1159562e-02;1.3750000e+02;4.0925816e-02;1.3750000e+02;-5.9149880e-03;1.3750000e+02;-2.4962705e-03;1.3750000e+02;9.3544815e-03;1.3750000e+02;2.6057098e-02;1.3750000e+02;4.7633130e-02;1.3750000e+02;7.1282223e-02;1.3750000e+02;9.8823071e-02;1.3750000e+02;1.3183782e-01;1.3750000e+02;1.6697696e-01;1.3750000e+02;1.9272414e-01;1.3750000e+02;2.1232611e-01;1.3750000e+02;2.2040640e-01;1.3750000e+02;2.1907285e-01;1.3750000e+02;2.0039113e-01;1.3750000e+02;1.6648690e-01;1.3750000e+02;1.2450852e-01;1.3750000e+02;8.1159562e-02;1.3750000e+02;4.0925816e-02;1.3750000e+02;-5.9149880e-03;1.3750000e+02;-2.4962705e-03;1.3750000e+02;9.3544815e-03;1.3750000e+02;2.6057098e-02;1.3750000e+02;4.7633130e-02;1.3750000e+02;7.1282223e-02;1.3750000e+02;9.8823071e-02;1.3750000e+02;1.3183782e-01;1.3750000e+02;1.6697696e-01;1.3750000e+02;1.9272414e-01;1.3750000e+02;2.1232611e-01;1.3750000e+02;2.2040640e-01;1.3750000e+02;2.1907285e-01;1.3750000e+02;2.0039113e-01;1.3750000e+02;1.6648690e-01;1.3750000e+02;1.2450852e-01;1.3750000e+02;8.1159562e-02;1.3750000e+02;4.0925816e-02;1.3750000e+02;-5.9149880e-03;1.3750000e+02;-2.4962705e-03;1.3750000e+02;9.3544815e-03;1.3750000e+02;2.6057098e-02;1.3750000e+02;4.7633130e-02;1.3750000e+02;7.1282223e-02;1.3750000e+02;9.8823071e-02;1.3750000e+02;1.3183782e-01;1.3750000e+02;1.6697696e-01;1.3750000e+02;1.9272414e-01;1.3750000e+02;2.1232611e-01;1.3750000e+02;2.2040640e-01;1.3750000e+02;2.1907285e-01;1.3750000e+02;2.0039113e-01;1.3750000e+02;1.6648690e-01;1.3750000e+02;1.2450852e-01;1.3750000e+02;8.1159562e-02;1.3750000e+02;4.0925816e-02;1.3750000e+02;-5.9149880e-03;1.3750000e+02;-2.4962705e-03;1.3750000e+02;9.3544815e-03;1.3750000e+02;2.6057098e-02;1.3750000e+02;4.7633130e-02;1.3750000e+02;7.1282223e-02;1.3750000e+02;9.8823071e-02;1.3750000e+02;1.3183782e-01;1.3750000e+02;1.6697696e-01;1.3750000e+02;1.9272414e-01;1.3750000e+02;2.1232611e-01;1.3750000e+02;2.2040640e-01;1.3750000e+02;2.1907285e-01;1.3750000e+02;2.0039113e-01;1.3750000e+02;1.6648690e-01;1.3750000e+02;1.2450852e-01;1.3750000e+02;8.1159562e-02;1.3750000e+02;4.0925816e-02;1.3750000e+02;-5.9149880e-03;1.3750000e+02;-2.4962705e-03;1.3750000e+02;9.3544815e-03;1.3750000e+02;2.6057098e-02;1.3750000e+02;4.7633130e-02;1.3750000e+02;7.1282223e-02;1.3750000e+02;9.8823071e-02;1.3750000e+02;1.3183782e-01;1.3750000e+02;1.6697696e-01;1.3750000e+02;1.9272414e-01;1.3750000e+02;2.1232611e-01;1.3750000e+02;2.2040640e-01;1.3750000e+02;2.1907285e-01;1.3750000e+02;2.0039113e-01;1.3750000e+02;1.6648690e-01;1.3750000e+02;1.2450852e-01;1.3750000e+02;8.1159562e-02;1.3750000e+02;4.0925816e-02;1.3750000e+02;-5.9149880e-03;1.3750000e+02;-2.4962705e-03;1.3750000e+02;9.3544815e-03;1.3750000e+02;2.6057098e-02;1.3750000e+02;4.7633130e-02;1.3750000e+02;7.1282223e-02;1.3750000e+02;9.8823071e-02;1.3750000e+02;1.3183782e-01;1.3750000e+02;1.6697696e-01;1.3750000e+02;1.9272414e-01;1.3750000e+02;2.1232611e-01;1.3750000e+02;2.2040640e-01;1.3750000e+02;2.1907285e-01;1.3750000e+02;2.0039113e-01;1.3750000e+02;1.6648690e-01;1.3750000e+02;1.2450852e-01;1.3750000e+02;8.1159562e-02;1.3750000e+02;4.0925816e-02;1.3750000e+02;-5.9149880e-03;1.3750000e+02;-2.4962705e-03;1.3750000e+02;9.3544815e-03;1.3750000e+02;2.6057098e-02;1.3750000e+02;4.7633130e-02;1.3750000e+02;7.1282223e-02;1.3750000e+02;9.8823071e-02;1.3750000e+02;1.3183782e-01;1.3750000e+02;1.6697696e-01;1.3750000e+02;1.9272414e-01;1.3750000e+02;2.1232611e-01;1.3750000e+02;2.2040640e-01;1.3750000e+02;2.1907285e-01;1.3750000e+02;2.0039113e-01;1.3750000e+02;1.6648690e-01;1.3750000e+02;1.2450852e-01;1.3750000e+02;8.1159562e-02;1.3750000e+02;4.0925816e-02;1.3750000e+02;-5.9149880e-03;1.3750000e+02;-2.4962705e-03;1.3750000e+02;9.3544815e-03;1.3750000e+02;2.6057098e-02;1.3750000e+02;4.7633130e-02;1.3750000e+02;7.1282223e-02;1.3750000e+02;9.8823071e-02;1.3750000e+02;1.3183782e-01;1.3750000e+02;1.6697696e-01;1.3750000e+02;1.9272414e-01;1.3750000e+02;2.1232611e-01;1.3750000e+02;2.2040640e-01;1.3750000e+02;2.1907285e-01;1.3750000e+02;2.0039113e-01;1.3750000e+02;1.6648690e-01;1.3750000e+02;1.2450852e-01;1.3750000e+02;8.1159562e-02;1.3750000e+02;4.0925816e-02;1.3750000e+02;-5.9149880e-03;1.3750000e+02;-2.4962705e-03;1.3750000e+02;9.3544815e-03;1.3750000e+02;2.6057098e-02;1.3750000e+02;4.7633130e-02;1.3750000e+02;7.1282223e-02;1.3750000e+02;9.8823071e-02;1.3750000e+02;1.3183782e-01;1.3750000e+02;1.6697696e-01;1.3750000e+02;1.9272414e-01;1.3750000e+02;2.1232611e-01;1.3750000e+02;2.2040640e-01;1.3750000e+02;2.1907285e-01;1.3750000e+02;2.0039113e-01;1.3750000e+02;1.6648690e-01;1.3750000e+02;1.2450852e-01;1.3750000e+02;8.1159562e-02;1.3750000e+02;4.0925816e-02;1.3750000e+02;-5.9149880e-03;1.3750000e+02;-2.4962705e-03;1.3750000e+02;9.3544815e-03;1.3750000e+02;2.6057098e-02;1.3750000e+02;4.7633130e-02;1.3750000e+02;7.1282223e-02;1.3750000e+02;9.8823071e-02;1.3750000e+02;1.3183782e-01;1.3750000e+02;1.6697696e-01;1.3750000e+02;1.9272414e-01;1.3750000e+02;2.1232611e-01;1.3750000e+02;2.2040640e-01;1.3750000e+02;2.1907285e-01;1.3750000e+02;2.0039113e-01;1.3750000e+02;1.6648690e-01;1.3750000e+02;1.2450852e-01;1.3750000e+02;8.1159562e-02;1.3750000e+02;4.0925816e-02;1.3750000e+02;-5.9149880e-03;1.3750000e+02;-2.4962705e-03;1.3750000e+02;9.3544815e-03;1.3750000e+02;2.6057098e-02;1.3750000e+02;4.7633130e-02;1.3750000e+02;7.1282223e-02;1.3750000e+02;9.8823071e-02;1.3750000e+02;1.3183782e-01;1.3750000e+02;1.6697696e-01;1.3750000e+02;1.9272414e-01;1.3750000e+02;2.1232611e-01;1.3750000e+02;2.2040640e-01;1.3750000e+02;2.1907285e-01;1.3750000e+02;2.0039113e-01;1.3750000e+02;1.6648690e-01;1.3750000e+02;1.2450852e-01;1.3750000e+02;8.1159562e-02;1.3750000e+02;4.0925816e-02;1.3750000e+02;-5.9149880e-03;1.3750000e+02;-2.4962705e-03;1.3750000e+02;9.3544815e-03;1.3750000e+02;2.6057098e-02;1.3750000e+02;4.7633130e-02;1.3750000e+02;7.1282223e-02;1.3750000e+02;9.8823071e-02;1.3750000e+02;1.3183782e-01;1.3750000e+02;1.6697696e-01;1.3750000e+02;1.9272414e-01;1.3750000e+02;2.1232611e-01;1.3750000e+02;2.2040640e-01;1.3750000e+02;2.1907285e-01;1.3750000e+02;2.0039113e-01;1.3750000e+02;1.6648690e-01;1.3750000e+02;1.2450852e-01;1.3750000e+02;8.1159562e-02;1.3750000e+02;4.0925816e-02;1.3750000e+02;-5.9149880e-03;1.3750000e+02;-2.4962705e-03;1.3750000e+02;9.3544815e-03;1.3750000e+02;2.6057098e-02;1.3750000e+02;4.7633130e-02;1.3750000e+02;7.1282223e-02;1.3750000e+02;9.8823071e-02;1.3750000e+02;1.3183782e-01;1.3750000e+02;1.6697696e-01;1.3750000e+02;1.9272414e-01;1.3750000e+02;2.1232611e-01;1.3750000e+02;2.2040640e-01;1.3750000e+02;2.1907285e-01;1.3750000e+02;2.0039113e-01;1.3750000e+02;1.6648690e-01;1.3750000e+02;1.2450852e-01;1.3750000e+02;8.1159562e-02;1.3750000e+02;4.0925816e-02;1.3750000e+02;-5.9149880e-03;1.3750000e+02;-2.4962705e-03;1.3750000e+02;9.3544815e-03;1.3750000e+02;2.6057098e-02;1.3750000e+02;4.7633130e-02;1.3750000e+02;7.1282223e-02;1.3750000e+02;9.8823071e-02;1.3750000e+02;1.3183782e-01;1.3750000e+02;1.6697696e-01;1.3750000e+02;1.9272414e-01;1.3750000e+02;2.1232611e-01;1.3750000e+02;2.2040640e-01;1.3750000e+02;2.1907285e-01;1.3750000e+02;2.0039113e-01;1.3750000e+02;1.6648690e-01;1.3750000e+02;1.2450852e-01;1.3750000e+02;8.1159562e-02;1.3750000e+02;4.0925816e-02;1.3750000e+02;-5.9149880e-03;1.3750000e+02;-2.4962705e-03;1.3750000e+02;9.3544815e-03;1.3750000e+02;2.6057098e-02;1.3750000e+02;4.7633130e-02;1.3750000e+02;7.1282223e-02;1.3750000e+02;9.8823071e-02;1.3750000e+02;1.3183782e-01;1.3750000e+02;1.6697696e-01;1.3750000e+02;1.9272414e-01;1.3750000e+02;2.1232611e-01;1.3750000e+02;2.2040640e-01;1.3750000e+02;2.1907285e-01;1.3750000e+02;2.0039113e-01;1.3750000e+02;1.6648690e-01;1.3750000e+02;1.2450852e-01;1.3750000e+02;8.1159562e-02;1.3750000e+02;4.0925816e-02;1.3750000e+02;-5.9149880e-03;1.3750000e+02;-2.4962705e-03;1.3750000e+02;9.3544815e-03;1.3750000e+02;2.6057098e-02;1.3750000e+02;4.7633130e-02;1.3750000e+02;7.1282223e-02;1.3750000e+02;9.8823071e-02;1.3750000e+02;1.3183782e-01;1.3750000e+02;1.6697696e-01;1.3750000e+02;1.9272414e-01;1.3750000e+02;2.1232611e-01;1.3750000e+02;2.2040640e-01;1.3750000e+02;2.1907285e-01;1.3750000e+02;2.0039113e-01;1.3750000e+02;1.6648690e-01;1.3750000e+02;1.2450852e-01;1.3750000e+02;8.1159562e-02;1.3750000e+02;4.0925816e-02;1.3750000e+02;-5.9149880e-03;1.3750000e+02;-2.4962705e-03;1.3750000e+02;9.3544815e-03;1.3750000e+02;2.6057098e-02;1.3750000e+02;4.7633130e-02;1.3750000e+02;7.1282223e-02;1.3750000e+02;9.8823071e-02;1.3750000e+02;1.3183782e-01;1.3750000e+02;1.6697696e-01;1.3750000e+02;1.9272414e-01;1.3750000e+02;2.1232611e-01;1.3750000e+02;2.2040640e-01;1.3750000e+02;2.1907285e-01;1.3750000e+02;2.0039113e-01;1.3750000e+02;1.6648690e-01;1.3750000e+02;1.2450852e-01;1.3750000e+02;8.1159562e-02;1.3750000e+02;4.0925816e-02;1.3750000e+02;-5.9149880e-03;1.3750000e+02;-2.4962705e-03;1.3750000e+02;9.3544815e-03;1.3750000e+02;2.6057098e-02;1.3750000e+02;4.7633130e-02;1.3750000e+02;7.1282223e-02;1.3750000e+02;9.8823071e-02;1.3750000e+02;1.3183782e-01;1.3750000e+02;1.6697696e-01;1.3750000e+02;1.9272414e-01;1.3750000e+02;2.1232611e-01;1.3750000e+02;2.2040640e-01;1.3750000e+02;2.1907285e-01;1.3750000e+02;2.0039113e-01;1.3750000e+02;1.6648690e-01;1.3750000e+02;1.2450852e-01;1.3750000e+02;8.1159562e-02;1.3750000e+02;4.0925816e-02;1.3750000e+02;-5.9149880e-03;1.3750000e+02;-2.4962705e-03;1.3750000e+02;9.3544815e-03;1.3750000e+02;2.6057098e-02;1.3750000e+02;4.7633130e-02;1.3750000e+02;7.1282223e-02;1.3750000e+02;9.8823071e-02;1.3750000e+02;1.3183782e-01;1.3750000e+02;1.6697696e-01;1.3750000e+02;1.9272414e-01;1.3750000e+02;2.1232611e-01;1.3750000e+02;2.2040640e-01;1.3750000e+02;2.1907285e-01;1.3750000e+02;2.0039113e-01;1.3750000e+02;1.6648690e-01;1.3750000e+02;1.2450852e-01;1.3750000e+02;8.1159562e-02;1.3750000e+02;4.0925816e-02;1.3750000e+02;-5.9149880e-03;1.3750000e+02;-2.4962705e-03;1.3750000e+02;9.3544815e-03;1.3750000e+02;2.6057098e-02;1.3750000e+02;4.7633130e-02;1.3750000e+02;7.1282223e-02;1.3750000e+02;9.8823071e-02;1.3750000e+02;1.3183782e-01;1.3750000e+02;1.6697696e-01;1.3750000e+02;1.9272414e-01;1.3750000e+02;2.1232611e-01;1.3750000e+02;2.2040640e-01;1.3750000e+02;2.1907285e-01;1.3750000e+02;2.0039113e-01;1.3750000e+02;1.6648690e-01;1.3750000e+02;1.2450852e-01;1.3750000e+02;8.1159562e-02;1.3750000e+02;4.0925816e-02;1.3750000e+02;-5.9149880e-03;1.3750000e+02;-2.4962705e-03;1.3750000e+02;9.3544815e-03;1.3750000e+02;2.6057098e-02;1.3750000e+02;4.7633130e-02;1.3750000e+02;7.1282223e-02;1.3750000e+02;9.8823071e-02;1.3750000e+02;1.3183782e-01;1.3750000e+02;1.6697696e-01;1.3750000e+02;1.9272414e-01;1.3750000e+02;2.1232611e-01;1.3750000e+02;2.2040640e-01;1.3750000e+02;2.1907285e-01;1.3750000e+02;2.0039113e-01;1.3750000e+02;1.6648690e-01;1.3750000e+02;1.2450852e-01;1.3750000e+02;8.1159562e-02;1.3750000e+02;4.0925816e-02;1.3750000e+02;-5.9149880e-03;1.3750000e+02;-2.4962705e-03;1.3750000e+02;9.3544815e-03;1.3750000e+02;2.6057098e-02;1.3750000e+02;4.7633130e-02;1.3750000e+02;7.1282223e-02;1.3750000e+02;9.8823071e-02;1.3750000e+02;1.3183782e-01;1.3750000e+02;1.6697696e-01;1.3750000e+02;1.9272414e-01;1.3750000e+02;2.1232611e-01;1.3750000e+02;2.2040640e-01;1.3750000e+02;2.1907285e-01;1.3750000e+02;2.0039113e-01;1.3750000e+02;1.6648690e-01;1.3750000e+02;1.2450852e-01;1.3750000e+02;8.1159562e-02;1.3750000e+02;4.0925816e-02;1.3750000e+02;-5.9149880e-03;1.3750000e+02;-2.4962705e-03;1.3750000e+02;9.3544815e-03;1.3750000e+02;2.6057098e-02;1.3750000e+02;4.7633130e-02;1.3750000e+02;7.1282223e-02;1.3750000e+02;9.8823071e-02;1.3750000e+02;1.3183782e-01;1.3750000e+02;1.6697696e-01;1.3750000e+02;1.9272414e-01;1.3750000e+02;2.1232611e-01;1.3750000e+02;2.2040640e-01;1.3750000e+02;2.1907285e-01;1.3750000e+02;2.0039113e-01;1.3750000e+02;1.6648690e-01;1.3750000e+02;1.2450852e-01;1.3750000e+02;8.1159562e-02;1.3750000e+02;4.0925816e-02;1.3750000e+02;-5.9149880e-03;1.3750000e+02;-2.4962705e-03;1.3750000e+02;9.3544815e-03;1.3750000e+02;2.6057098e-02;1.3750000e+02;4.7633130e-02;1.3750000e+02;7.1282223e-02;1.3750000e+02;9.8823071e-02;1.3750000e+02;1.3183782e-01;1.3750000e+02;1.6697696e-01;1.3750000e+02;1.9272414e-01;1.3750000e+02;2.1232611e-01;1.3750000e+02;2.2040640e-01;1.3750000e+02;2.1907285e-01;1.3750000e+02;2.0039113e-01;1.3750000e+02;1.6648690e-01;1.3750000e+02;1.2450852e-01;1.3750000e+02;8.1159562e-02;1.3750000e+02;4.0925816e-02;1.3750000e+02;-5.9149880e-03;1.3750000e+02;-2.4962705e-03;1.3750000e+02;9.3544815e-03;1.3750000e+02;2.6057098e-02;1.3750000e+02;4.7633130e-02;1.3750000e+02;7.1282223e-02;1.3750000e+02;9.8823071e-02;1.3750000e+02;1.3183782e-01;1.3750000e+02;1.6697696e-01;1.3750000e+02;1.9272414e-01;1.3750000e+02;2.1232611e-01;1.3750000e+02;2.2040640e-01;1.3750000e+02;2.1907285e-01;1.3750000e+02;2.0039113e-01;1.3750000e+02;1.6648690e-01;1.3750000e+02;1.2450852e-01;1.3750000e+02;8.1159562e-02;1.3750000e+02;4.0925816e-02;1.3750000e+02;-5.9149880e-03;1.3750000e+02;-2.4962705e-03;1.3750000e+02;9.3544815e-03;1.3750000e+02;2.6057098e-02;1.3750000e+02;4.7633130e-02;1.3750000e+02;7.1282223e-02;1.3750000e+02;9.8823071e-02;1.3750000e+02;1.3183782e-01;1.3750000e+02;1.6697696e-01;1.3750000e+02;1.9272414e-01;1.3750000e+02;2.1232611e-01;1.3750000e+02;2.2040640e-01;1.3750000e+02;2.1907285e-01;1.3750000e+02;2.0039113e-01;1.3750000e+02;1.6648690e-01;1.3750000e+02;1.2450852e-01;1.3750000e+02;8.1159562e-02;1.3750000e+02;4.0925816e-02;1.3750000e+02;-5.9149880e-03;1.3750000e+02;-2.4962705e-03;1.3750000e+02;9.3544815e-03;1.3750000e+02;2.6057098e-02;1.3750000e+02;4.7633130e-02;1.3750000e+02;7.1282223e-02;1.3750000e+02;9.8823071e-02;1.3750000e+02;1.3183782e-01;1.3750000e+02;1.6697696e-01;1.3750000e+02;1.9272414e-01;1.3750000e+02;2.1232611e-01;1.3750000e+02;2.2040640e-01;1.3750000e+02;2.1907285e-01;1.3750000e+02;2.0039113e-01;1.3750000e+02;1.6648690e-01;1.3750000e+02;1.2450852e-01;1.3750000e+02;8.1159562e-02;1.3750000e+02;4.0925816e-02;1.3750000e+02;-5.9149880e-03;1.3750000e+02;-2.4962705e-03;1.3750000e+02;9.3544815e-03;1.3750000e+02;2.6057098e-02;1.3750000e+02;4.7633130e-02;1.3750000e+02;7.1282223e-02;1.3750000e+02;9.8823071e-02;1.3750000e+02;1.3183782e-01;1.3750000e+02;1.6697696e-01;1.3750000e+02;1.9272414e-01;1.3750000e+02;2.1232611e-01;1.3750000e+02;2.2040640e-01;1.3750000e+02;2.1907285e-01;1.3750000e+02;2.0039113e-01;1.3750000e+02;1.6648690e-01;1.3750000e+02;1.2450852e-01;1.3750000e+02;8.1159562e-02;1.3750000e+02;4.0925816e-02;1.3750000e+02;-5.9149880e-03;1.3750000e+02;-2.4962705e-03;1.3750000e+02;9.3544815e-03;1.3750000e+02;2.6057098e-02;1.3750000e+02;4.7633130e-02;1.3750000e+02;7.1282223e-02;1.3750000e+02;9.8823071e-02;1.3750000e+02;1.3183782e-01;1.3750000e+02;1.6697696e-01;1.3750000e+02;1.9272414e-01;1.3750000e+02;2.1232611e-01;1.3750000e+02;2.2040640e-01;1.3750000e+02;2.1907285e-01;1.3750000e+02;2.0039113e-01;1.3750000e+02;1.6648690e-01;1.3750000e+02;1.2450852e-01;1.3750000e+02;8.1159562e-02;1.3750000e+02;4.0925816e-02;1.3750000e+02;-5.9149880e-03;1.3750000e+02;-2.4962705e-03;1.3750000e+02;9.3544815e-03;1.3750000e+02;2.6057098e-02;1.3750000e+02;4.7633130e-02;1.3750000e+02;7.1282223e-02;1.3750000e+02;9.8823071e-02;1.3750000e+02;1.3183782e-01;1.3750000e+02;1.6697696e-01;1.3750000e+02;1.9272414e-01;1.3750000e+02;2.1232611e-01;1.3750000e+02;2.2040640e-01;1.3750000e+02;2.1907285e-01;1.3750000e+02;2.0039113e-01;1.3750000e+02;1.6648690e-01;1.3750000e+02;1.2450852e-01;1.3750000e+02;8.1159562e-02;1.3750000e+02;4.0925816e-02;1.3750000e+02;-5.9149880e-03;1.3750000e+02;-2.4962705e-03;1.3750000e+02;9.3544815e-03;1.3750000e+02;2.6057098e-02;1.3750000e+02;4.7633130e-02;1.3750000e+02;7.1282223e-02;1.3750000e+02;9.8823071e-02;1.3750000e+02;1.3183782e-01;1.3750000e+02;1.6697696e-01;1.3750000e+02;1.9272414e-01;1.3750000e+02;2.1232611e-01;1.3750000e+02;2.2040640e-01;1.3750000e+02;2.1907285e-01;1.3750000e+02;2.0039113e-01;1.3750000e+02;1.6648690e-01;1.3750000e+02;1.2450852e-01;1.3750000e+02;8.1159562e-02;1.3750000e+02;4.0925816e-02;1.3750000e+02;-5.9149880e-03;1.3750000e+02;-2.4962705e-03;1.3750000e+02;9.3544815e-03;1.3750000e+02;2.6057098e-02;1.3750000e+02;4.7633130e-02;1.3750000e+02;7.1282223e-02;1.3750000e+02;9.8823071e-02;1.3750000e+02;1.3183782e-01;1.3750000e+02;1.6697696e-01;1.3750000e+02;1.9272414e-01;1.3750000e+02;2.1232611e-01;1.3750000e+02;2.2040640e-01;1.3750000e+02;2.1907285e-01;1.3750000e+02;2.0039113e-01;1.3750000e+02;1.6648690e-01;1.3750000e+02;1.2450852e-01;1.3750000e+02;8.1159562e-02;1.3750000e+02;4.0925816e-02;1.3750000e+02;-5.9149880e-03;1.3750000e+02;-2.4962705e-03;1.3750000e+02;9.3544815e-03;1.3750000e+02;2.6057098e-02;1.3750000e+02;4.7633130e-02;1.3750000e+02;7.1282223e-02;1.3750000e+02;9.8823071e-02;1.3750000e+02;1.3183782e-01;1.3750000e+02;1.6697696e-01;1.3750000e+02;1.9272414e-01;1.3750000e+02;2.1232611e-01;1.3750000e+02;2.2040640e-01;1.3750000e+02;2.1907285e-01;1.3750000e+02;2.0039113e-01;1.3750000e+02;1.6648690e-01;1.3750000e+02;1.2450852e-01;1.3750000e+02;8.1159562e-02;1.3750000e+02;4.0925816e-02;1.3750000e+02;-5.9149880e-03;1.3750000e+02;-2.4962705e-03;1.3750000e+02;9.3544815e-03;1.3750000e+02;2.6057098e-02;1.3750000e+02;4.7633130e-02;1.3750000e+02;7.1282223e-02;1.3750000e+02;9.8823071e-02;1.3750000e+02;1.3183782e-01;1.3750000e+02;1.6697696e-01;1.3750000e+02;1.9272414e-01;1.3750000e+02;2.1232611e-01;1.3750000e+02;2.2040640e-01;1.3750000e+02;2.1907285e-01;1.3750000e+02;2.0039113e-01;1.3750000e+02;1.6648690e-01;1.3750000e+02;1.2450852e-01;1.3750000e+02;8.1159562e-02;1.3750000e+02;4.0925816e-02;1.3750000e+02;-5.9149880e-03;1.3750000e+02;-2.4962705e-03;1.3750000e+02;9.3544815e-03;1.3750000e+02;2.6057098e-02;1.3750000e+02;4.7633130e-02;1.3750000e+02;7.1282223e-02;1.3750000e+02;9.8823071e-02;1.3750000e+02;1.3183782e-01;1.3750000e+02;1.6697696e-01;1.3750000e+02;1.9272414e-01;1.3750000e+02;2.1232611e-01;1.3750000e+02;2.2040640e-01;1.3750000e+02;2.1907285e-01;1.3750000e+02;2.0039113e-01;1.3750000e+02;1.6648690e-01;1.3750000e+02;1.2450852e-01;1.3750000e+02;8.1159562e-02;1.3750000e+02;4.0925816e-02;1.3750000e+02;-5.9149880e-03;1.3750000e+02;-2.4962705e-03;1.3750000e+02;9.3544815e-03;1.3750000e+02;2.6057098e-02;1.3750000e+02;4.7633130e-02;1.3750000e+02;7.1282223e-02;1.3750000e+02;9.8823071e-02;1.3750000e+02;1.3183782e-01;1.3750000e+02;1.6697696e-01;1.3750000e+02;1.9272414e-01;1.3750000e+02;2.1232611e-01;1.3750000e+02;2.2040640e-01;1.3750000e+02;2.1907285e-01;1.3750000e+02;2.0039113e-01;1.3750000e+02;1.6648690e-01;1.3750000e+02;1.2450852e-01;1.3750000e+02;8.1159562e-02;1.3750000e+02;4.0925816e-02;1.3750000e+02;-5.9149880e-03;1.3750000e+02;-2.4962705e-03;1.3750000e+02;9.3544815e-03;1.3750000e+02;2.6057098e-02;1.3750000e+02;4.7633130e-02;1.3750000e+02;7.1282223e-02;1.3750000e+02;9.8823071e-02;1.3750000e+02;1.3183782e-01;1.3750000e+02;1.6697696e-01;1.3750000e+02;1.9272414e-01;1.3750000e+02;2.1232611e-01;1.3750000e+02;2.2040640e-01;1.3750000e+02;2.1907285e-01;1.3750000e+02;2.0039113e-01;1.3750000e+02;1.6648690e-01;1.3750000e+02;1.2450852e-01;1.3750000e+02;8.1159562e-02;1.3750000e+02;4.0925816e-02;1.3750000e+02;-5.9149880e-03;1.3750000e+02;-2.4962705e-03;1.3750000e+02;9.3544815e-03;1.3750000e+02;2.6057098e-02;1.3750000e+02;4.7633130e-02;1.3750000e+02;7.1282223e-02;1.3750000e+02;9.8823071e-02;1.3750000e+02;1.3183782e-01;1.3750000e+02;1.6697696e-01;1.3750000e+02;1.9272414e-01;1.3750000e+02;2.1232611e-01;1.3750000e+02;2.2040640e-01;1.3750000e+02;2.1907285e-01;1.3750000e+02;2.0039113e-01;1.3750000e+02;1.6648690e-01;1.3750000e+02;1.2450852e-01;1.3750000e+02;8.1159562e-02;1.3750000e+02;4.0925816e-02;1.3750000e+02;-5.9149880e-03;1.3750000e+02;-2.4962705e-03;1.3750000e+02;9.3544815e-03;1.3750000e+02;2.6057098e-02;1.3750000e+02;4.7633130e-02;1.3750000e+02;7.1282223e-02;1.3750000e+02;9.8823071e-02;1.3750000e+02;1.3183782e-01;1.3750000e+02;1.6697696e-01;1.3750000e+02;1.9272414e-01;1.3750000e+02;2.1232611e-01;1.3750000e+02;2.2040640e-01;1.3750000e+02;2.1907285e-01;1.3750000e+02;2.0039113e-01;1.3750000e+02;1.6648690e-01;1.3750000e+02;1.2450852e-01;1.3750000e+02;8.1159562e-02;1.3750000e+02;4.0925816e-02;1.3750000e+02;-5.9149880e-03;1.3750000e+02;-2.4962705e-03;1.3750000e+02;9.3544815e-03;1.3750000e+02;2.6057098e-02;1.3750000e+02;4.7633130e-02;1.3750000e+02;7.1282223e-02;1.3750000e+02;9.8823071e-02;1.3750000e+02;1.3183782e-01;1.3750000e+02;1.6697696e-01;1.3750000e+02;1.9272414e-01;1.3750000e+02;2.1232611e-01;1.3750000e+02;2.2040640e-01;1.3750000e+02;2.1907285e-01;1.3750000e+02;2.0039113e-01;1.3750000e+02;1.6648690e-01;1.3750000e+02;1.2450852e-01;1.3750000e+02;8.1159562e-02;1.3750000e+02;4.0925816e-02;1.3750000e+02;-5.9149880e-03;1.3750000e+02;-2.4962705e-03;1.3750000e+02;9.3544815e-03;1.3750000e+02;2.6057098e-02;1.3750000e+02;4.7633130e-02;1.3750000e+02;7.1282223e-02;1.3750000e+02;9.8823071e-02;1.3750000e+02;1.3183782e-01;1.3750000e+02;1.6697696e-01;1.3750000e+02;1.9272414e-01;1.3750000e+02;2.1232611e-01;1.3750000e+02;2.2040640e-01;1.3750000e+02;2.1907285e-01;1.3750000e+02;2.0039113e-01;1.3750000e+02;1.6648690e-01;1.3750000e+02;1.2450852e-01;1.3750000e+02;8.1159562e-02;1.3750000e+02;4.0925816e-02;1.3750000e+02;-5.9149880e-03;1.3750000e+02;-2.4962705e-03;1.3750000e+02;9.3544815e-03;1.3750000e+02;2.6057098e-02;1.3750000e+02;4.7633130e-02;1.3750000e+02;7.1282223e-02;1.3750000e+02;9.8823071e-02;1.3750000e+02;1.3183782e-01;1.3750000e+02;1.6697696e-01;1.3750000e+02;1.9272414e-01;1.3750000e+02;2.1232611e-01;1.3750000e+02;2.2040640e-01;1.3750000e+02;2.1907285e-01;1.3750000e+02;2.0039113e-01;1.3750000e+02;1.6648690e-01;1.3750000e+02;1.2450852e-01;1.3750000e+02;8.1159562e-02;1.3750000e+02;4.0925816e-02;1.3750000e+02;-5.9149880e-03;1.3750000e+02;-2.4962705e-03;1.3750000e+02;9.3544815e-03;1.3750000e+02;2.6057098e-02;1.3750000e+02;4.7633130e-02;1.3750000e+02;7.1282223e-02;1.3750000e+02;9.8823071e-02;1.3750000e+02;1.3183782e-01;1.3750000e+02;1.6697696e-01;1.3750000e+02;1.9272414e-01;1.3750000e+02;2.1232611e-01;1.3750000e+02;2.2040640e-01;1.3750000e+02;2.1907285e-01;1.3750000e+02;2.0039113e-01;1.3750000e+02;1.6648690e-01;1.3750000e+02;1.2450852e-01;1.3750000e+02;8.1159562e-02;1.3750000e+02;4.0925816e-02;1.3750000e+02;-5.9149880e-03;1.3750000e+02;-2.4962705e-03;1.3750000e+02;9.3544815e-03;1.3750000e+02;2.6057098e-02;1.3750000e+02;4.7633130e-02;1.3750000e+02;7.1282223e-02;1.3750000e+02;9.8823071e-02;1.3750000e+02;1.3183782e-01;1.3750000e+02;1.6697696e-01;1.3750000e+02;1.9272414e-01;1.3750000e+02;2.1232611e-01;1.3750000e+02;2.2040640e-01;1.3750000e+02;2.1907285e-01;1.3750000e+02;2.0039113e-01;1.3750000e+02;1.6648690e-01;1.3750000e+02;1.2450852e-01;1.3750000e+02;8.1159562e-02;1.3750000e+02;4.0925816e-02;1.3750000e+02;-5.9149880e-03;1.3750000e+02;-2.4962705e-03;1.3750000e+02;9.3544815e-03;1.3750000e+02;2.6057098e-02;1.3750000e+02;4.7633130e-02;1.3750000e+02;7.1282223e-02;1.3750000e+02;9.8823071e-02;1.3750000e+02;1.3183782e-01;1.3750000e+02;1.6697696e-01;1.3750000e+02;1.9272414e-01;1.3750000e+02;2.1232611e-01;1.3750000e+02;2.2040640e-01;1.3750000e+02;2.1907285e-01;1.3750000e+02;2.0039113e-01;1.3750000e+02;1.6648690e-01;1.3750000e+02;1.2450852e-01;1.3750000e+02;8.1159562e-02;1.3750000e+02;4.0925816e-02;1.3750000e+02;-5.9149880e-03;1.3750000e+02;-2.4962705e-03;1.3750000e+02;9.3544815e-03;1.3750000e+02;2.6057098e-02;1.3750000e+02;4.7633130e-02;1.3750000e+02;7.1282223e-02;1.3750000e+02;9.8823071e-02;1.3750000e+02;1.3183782e-01;1.3750000e+02;1.6697696e-01;1.3750000e+02;1.9272414e-01;1.3750000e+02;2.1232611e-01;1.3750000e+02;2.2040640e-01;1.3750000e+02;2.1907285e-01;1.3750000e+02;2.0039113e-01;1.3750000e+02;1.6648690e-01;1.3750000e+02;1.2450852e-01;1.3750000e+02;8.1159562e-02;1.3750000e+02;4.0925816e-02;1.3750000e+02;-5.9149880e-03;1.3750000e+02;-2.4962705e-03;1.3750000e+02;9.3544815e-03;1.3750000e+02;2.6057098e-02;1.3750000e+02;4.7633130e-02;1.3750000e+02;7.1282223e-02;1.3750000e+02;9.8823071e-02;1.3750000e+02;1.3183782e-01;1.3750000e+02;1.6697696e-01;1.3750000e+02;1.9272414e-01;1.3750000e+02;2.1232611e-01;1.3750000e+02;2.2040640e-01;1.3750000e+02;2.1907285e-01;1.3750000e+02;2.0039113e-01;1.3750000e+02;1.6648690e-01;1.3750000e+02;1.2450852e-01;1.3750000e+02;8.1159562e-02;1.3750000e+02;4.0925816e-02;1.3750000e+02;-5.9149880e-03;1.3750000e+02;-2.4962705e-03;1.3750000e+02;9.3544815e-03;1.3750000e+02;2.6057098e-02;1.3750000e+02;4.7633130e-02;1.3750000e+02;7.1282223e-02;1.3750000e+02;9.8823071e-02;1.3750000e+02;1.3183782e-01;1.3750000e+02;1.6697696e-01;1.3750000e+02;1.9272414e-01;1.3750000e+02;2.1232611e-01;1.3750000e+02;2.2040640e-01;1.3750000e+02;2.1907285e-01;1.3750000e+02;2.0039113e-01;1.3750000e+02;1.6648690e-01;1.3750000e+02;1.2450852e-01;1.3750000e+02;8.1159562e-02;1.3750000e+02;4.0925816e-02;1.3750000e+02;-5.9149880e-03;1.3750000e+02;-2.4962705e-03;1.3750000e+02;9.3544815e-03;1.3750000e+02;2.6057098e-02;1.3750000e+02;4.7633130e-02;1.3750000e+02;7.1282223e-02;1.3750000e+02;9.8823071e-02;1.3750000e+02;1.3183782e-01;1.3750000e+02;1.6697696e-01;1.3750000e+02;1.9272414e-01;1.3750000e+02;2.1232611e-01;1.3750000e+02;2.2040640e-01;1.3750000e+02;2.1907285e-01;1.3750000e+02;2.0039113e-01;1.3750000e+02;1.6648690e-01;1.3750000e+02;1.2450852e-01;1.3750000e+02;8.1159562e-02;1.3750000e+02;4.0925816e-02;1.3750000e+02;-5.9149880e-03;1.3750000e+02;-2.4962705e-03;1.3750000e+02;9.3544815e-03;1.3750000e+02;2.6057098e-02;1.3750000e+02;4.7633130e-02;1.3750000e+02;7.1282223e-02;1.3750000e+02;9.8823071e-02;1.3750000e+02;1.3183782e-01;1.3750000e+02;1.6697696e-01;1.3750000e+02;1.9272414e-01;1.3750000e+02;2.1232611e-01;1.3750000e+02;2.2040640e-01;1.3750000e+02;2.1907285e-01;1.3750000e+02;2.0039113e-01;1.3750000e+02;1.6648690e-01;1.3750000e+02;1.2450852e-01;1.3750000e+02;8.1159562e-02;1.3750000e+02;4.0925816e-02;1.3750000e+02;-5.9149880e-03;1.3750000e+02;-2.4962705e-03;1.3750000e+02;9.3544815e-03;1.3750000e+02;2.6057098e-02;1.3750000e+02;4.7633130e-02;1.3750000e+02;7.1282223e-02;1.3750000e+02;9.8823071e-02;1.3750000e+02;1.3183782e-01;1.3750000e+02;1.6697696e-01;1.3750000e+02;1.9272414e-01;1.3750000e+02;2.1232611e-01;1.3750000e+02;2.2040640e-01;1.3750000e+02;2.1907285e-01;1.3750000e+02;2.0039113e-01;1.3750000e+02;1.6648690e-01;1.3750000e+02;1.2450852e-01;1.3750000e+02;8.1159562e-02;1.3750000e+02;4.0925816e-02;1.3750000e+02;-5.9149880e-03;1.3750000e+02;-2.4962705e-03;1.3750000e+02;9.3544815e-03;1.3750000e+02;2.6057098e-02;1.3750000e+02;4.7633130e-02;1.3750000e+02;7.1282223e-02;1.3750000e+02;9.8823071e-02;1.3750000e+02;1.3183782e-01;1.3750000e+02;1.6697696e-01;1.3750000e+02;1.9272414e-01;1.3750000e+02;2.1232611e-01;1.3750000e+02;2.2040640e-01;1.3750000e+02;2.1907285e-01;1.3750000e+02;2.0039113e-01;1.3750000e+02;1.6648690e-01;1.3750000e+02;1.2450852e-01;1.3750000e+02;8.1159562e-02;1.3750000e+02;4.0925816e-02;1.3750000e+02;-5.9149880e-03;1.3750000e+02;-2.4962705e-03;1.3750000e+02;9.3544815e-03;1.3750000e+02;2.6057098e-02;1.3750000e+02;4.7633130e-02;1.3750000e+02;7.1282223e-02;1.3750000e+02;9.8823071e-02;1.3750000e+02;1.3183782e-01;1.3750000e+02;1.6697696e-01;1.3750000e+02;1.9272414e-01;1.3750000e+02;2.1232611e-01;1.3750000e+02;2.2040640e-01;1.3750000e+02;2.1907285e-01;1.3750000e+02;2.0039113e-01;1.3750000e+02;1.6648690e-01;1.3750000e+02;1.2450852e-01;1.3750000e+02;8.1159562e-02;1.3750000e+02;4.0925816e-02;1.3750000e+02;-5.9149880e-03;1.3750000e+02;-2.4962705e-03;1.3750000e+02;9.3544815e-03;1.3750000e+02;2.6057098e-02;1.3750000e+02;4.7633130e-02;1.3750000e+02;7.1282223e-02;1.3750000e+02;9.8823071e-02;1.3750000e+02;1.3183782e-01;1.3750000e+02;1.6697696e-01;1.3750000e+02;1.9272414e-01;1.3750000e+02;2.1232611e-01;1.3750000e+02;2.2040640e-01;1.3750000e+02;2.1907285e-01;1.3750000e+02;2.0039113e-01;1.3750000e+02;1.6648690e-01;1.3750000e+02;1.2450852e-01;1.3750000e+02;8.1159562e-02;1.3750000e+02;4.0925816e-02;1.3750000e+02;-5.9149880e-03;1.3750000e+02;-2.4962705e-03;1.3750000e+02;9.3544815e-03;1.3750000e+02;2.6057098e-02;1.3750000e+02;4.7633130e-02;1.3750000e+02;7.1282223e-02;1.3750000e+02;9.8823071e-02;1.3750000e+02;1.3183782e-01;1.3750000e+02;1.6697696e-01;1.3750000e+02;1.9272414e-01;1.3750000e+02;2.1232611e-01;1.3750000e+02;2.2040640e-01;1.3750000e+02;2.1907285e-01;1.3750000e+02;2.0039113e-01;1.3750000e+02;1.6648690e-01;1.3750000e+02;1.2450852e-01;1.3750000e+02;8.1159562e-02;1.3750000e+02;4.0925816e-02;1.3750000e+02;-5.9149880e-03;1.3750000e+02;-2.4962705e-03;1.3750000e+02;9.3544815e-03;1.3750000e+02;2.6057098e-02;1.3750000e+02;4.7633130e-02;1.3750000e+02;7.1282223e-02;1.3750000e+02;9.8823071e-02;1.3750000e+02;1.3183782e-01;1.3750000e+02;1.6697696e-01;1.3750000e+02;1.9272414e-01;1.3750000e+02;2.1232611e-01;1.3750000e+02;2.2040640e-01;1.3750000e+02;2.1907285e-01;1.3750000e+02;2.0039113e-01;1.3750000e+02;1.6648690e-01;1.3750000e+02;1.2450852e-01;1.3750000e+02;8.1159562e-02;1.3750000e+02;4.0925816e-02;1.3750000e+02;-5.9149880e-03;1.3750000e+02;-2.4962705e-03;1.3750000e+02;9.3544815e-03;1.3750000e+02;2.6057098e-02;1.3750000e+02;4.7633130e-02;1.3750000e+02;7.1282223e-02;1.3750000e+02;9.8823071e-02;1.3750000e+02;1.3183782e-01;1.3750000e+02;1.6697696e-01;1.3750000e+02;1.9272414e-01;1.3750000e+02;2.1232611e-01;1.3750000e+02;2.2040640e-01;1.3750000e+02;2.1907285e-01;1.3750000e+02;2.0039113e-01;1.3750000e+02;1.6648690e-01;1.3750000e+02;1.2450852e-01;1.3750000e+02;8.1159562e-02;1.3750000e+02;4.0925816e-02;1.3750000e+02;-5.9149880e-03;1.3750000e+02;-2.4962705e-03;1.3750000e+02;9.3544815e-03;1.3750000e+02;2.6057098e-02;1.3750000e+02;4.7633130e-02;1.3750000e+02;7.1282223e-02;1.3750000e+02;9.8823071e-02;1.3750000e+02;1.3183782e-01;1.3750000e+02;1.6697696e-01;1.3750000e+02;1.9272414e-01;1.3750000e+02;2.1232611e-01;1.3750000e+02;2.2040640e-01;1.3750000e+02;2.1907285e-01;1.3750000e+02;2.0039113e-01;1.3750000e+02;1.6648690e-01;1.3750000e+02;1.2450852e-01;1.3750000e+02;8.1159562e-02;1.3750000e+02;4.0925816e-02;1.3750000e+02;-5.9149880e-03;1.3750000e+02;-2.4962705e-03;1.3750000e+02;9.3544815e-03;1.3750000e+02;2.6057098e-02;1.3750000e+02;4.7633130e-02;1.3750000e+02;7.1282223e-02;1.3750000e+02;9.8823071e-02;1.3750000e+02;1.3183782e-01;1.3750000e+02;1.6697696e-01;1.3750000e+02;1.9272414e-01;1.3750000e+02;2.1232611e-01;1.3750000e+02;2.2040640e-01;1.3750000e+02;2.1907285e-01;1.3750000e+02;2.0039113e-01;1.3750000e+02;1.6648690e-01;1.3750000e+02;1.2450852e-01;1.3750000e+02;8.1159562e-02;1.3750000e+02;4.0925816e-02;1.3750000e+02;-5.9149880e-03;1.3750000e+02;-2.4962705e-03;1.3750000e+02;9.3544815e-03;1.3750000e+02;2.6057098e-02;1.3750000e+02;4.7633130e-02;1.3750000e+02;7.1282223e-02;1.3750000e+02;9.8823071e-02;1.3750000e+02;1.3183782e-01;1.3750000e+02;1.6697696e-01;1.3750000e+02;1.9272414e-01;1.3750000e+02;2.1232611e-01;1.3750000e+02;2.2040640e-01;1.3750000e+02;2.1907285e-01;1.3750000e+02;2.0039113e-01;1.3750000e+02;1.6648690e-01;1.3750000e+02;1.2450852e-01;1.3750000e+02;8.1159562e-02;1.3750000e+02;4.0925816e-02;1.3750000e+02;-5.9149880e-03;1.3750000e+02;-2.4962705e-03;1.3750000e+02;9.3544815e-03;1.3750000e+02;2.6057098e-02;1.3750000e+02;4.7633130e-02;1.3750000e+02;7.1282223e-02;1.3750000e+02;9.8823071e-02;1.3750000e+02;1.3183782e-01;1.3750000e+02;1.6697696e-01;1.3750000e+02;1.9272414e-01;1.3750000e+02;2.1232611e-01;1.3750000e+02;2.2040640e-01;1.3750000e+02;2.1907285e-01;1.3750000e+02;2.0039113e-01;1.3750000e+02;1.6648690e-01;1.3750000e+02;1.2450852e-01;1.3750000e+02;8.1159562e-02;1.3750000e+02;4.0925816e-02;1.3750000e+02;-5.9149880e-03;1.3750000e+02;-2.4962705e-03;1.3750000e+02;9.3544815e-03;1.3750000e+02;2.6057098e-02;1.3750000e+02;4.7633130e-02;1.3750000e+02;7.1282223e-02;1.3750000e+02;9.8823071e-02;1.3750000e+02;1.3183782e-01;1.3750000e+02;1.6697696e-01;1.3750000e+02;1.9272414e-01;1.3750000e+02;2.1232611e-01;1.3750000e+02;2.2040640e-01;1.3750000e+02;2.1907285e-01;1.3750000e+02;2.0039113e-01;1.3750000e+02;1.6648690e-01;1.3750000e+02;1.2450852e-01;1.3750000e+02;8.1159562e-02;1.3750000e+02;4.0925816e-02;1.3750000e+02;-5.9149880e-03;1.3750000e+02;-2.4962705e-03;1.3750000e+02;9.3544815e-03;1.3750000e+02;2.6057098e-02;1.3750000e+02;4.7633130e-02;1.3750000e+02;7.1282223e-02;1.3750000e+02;9.8823071e-02;1.3750000e+02;1.3183782e-01;1.3750000e+02;1.6697696e-01;1.3750000e+02;1.9272414e-01;1.3750000e+02;2.1232611e-01;1.3750000e+02;2.2040640e-01;1.3750000e+02;2.1907285e-01;1.3750000e+02;2.0039113e-01;1.3750000e+02;1.6648690e-01;1.3750000e+02;1.2450852e-01;1.3750000e+02;8.1159562e-02;1.3750000e+02;4.0925816e-02;1.3750000e+02;-5.9149880e-03;1.3750000e+02;-2.4962705e-03;1.3750000e+02;9.3544815e-03;1.3750000e+02;2.6057098e-02;1.3750000e+02;4.7633130e-02;1.3750000e+02;7.1282223e-02;1.3750000e+02;9.8823071e-02;1.3750000e+02;1.3183782e-01;1.3750000e+02;1.6697696e-01;1.3750000e+02;1.9272414e-01;1.3750000e+02;2.1232611e-01;1.3750000e+02;2.2040640e-01;1.3750000e+02;2.1907285e-01;1.3750000e+02;2.0039113e-01;1.3750000e+02;1.6648690e-01;1.3750000e+02;1.2450852e-01;1.3750000e+02;8.1159562e-02;1.3750000e+02;4.0925816e-02;1.3750000e+02;-5.9149880e-03;1.3750000e+02;-2.4962705e-03;1.3750000e+02;9.3544815e-03;1.3750000e+02;2.6057098e-02;1.3750000e+02;4.7633130e-02;1.3750000e+02;7.1282223e-02;1.3750000e+02;9.8823071e-02;1.3750000e+02;1.3183782e-01;1.3750000e+02;1.6697696e-01;1.3750000e+02;1.9272414e-01;1.3750000e+02;2.1232611e-01;1.3750000e+02;2.2040640e-01;1.3750000e+02;2.1907285e-01;1.3750000e+02;2.0039113e-01;1.3750000e+02;1.6648690e-01;1.3750000e+02;1.2450852e-01;1.3750000e+02;8.1159562e-02;1.3750000e+02;4.0925816e-02;1.3750000e+02;-5.9149880e-03;1.3750000e+02;-2.4962705e-03;1.3750000e+02;9.3544815e-03;1.3750000e+02;2.6057098e-02;1.3750000e+02;4.7633130e-02;1.3750000e+02;7.1282223e-02;1.3750000e+02;9.8823071e-02;1.3750000e+02;1.3183782e-01;1.3750000e+02;1.6697696e-01;1.3750000e+02;1.9272414e-01;1.3750000e+02;2.1232611e-01;1.3750000e+02;2.2040640e-01;1.3750000e+02;2.1907285e-01;1.3750000e+02;2.0039113e-01;1.3750000e+02;1.6648690e-01;1.3750000e+02;1.2450852e-01;1.3750000e+02;8.1159562e-02;1.3750000e+02;4.0925816e-02;1.3750000e+02;-5.9149880e-03;1.3750000e+02;-2.4962705e-03;1.3750000e+02;9.3544815e-03;1.3750000e+02;2.6057098e-02;1.3750000e+02;4.7633130e-02;1.3750000e+02;7.1282223e-02;1.3750000e+02;9.8823071e-02;1.3750000e+02;1.3183782e-01;1.3750000e+02;1.6697696e-01;1.3750000e+02;1.9272414e-01;1.3750000e+02;2.1232611e-01;1.3750000e+02;2.2040640e-01;1.3750000e+02;2.1907285e-01;1.3750000e+02;2.0039113e-01;1.3750000e+02;1.6648690e-01;1.3750000e+02;1.2450852e-01;1.3750000e+02;8.1159562e-02;1.3750000e+02;4.0925816e-02;1.3750000e+02;-5.9149880e-03;1.3750000e+02;-2.4962705e-03;1.3750000e+02;9.3544815e-03;1.3750000e+02;2.6057098e-02;1.3750000e+02;4.7633130e-02;1.3750000e+02;7.1282223e-02;1.3750000e+02;9.8823071e-02;1.3750000e+02;1.3183782e-01;1.3750000e+02;1.6697696e-01;1.3750000e+02;1.9272414e-01;1.3750000e+02;2.1232611e-01;1.3750000e+02;2.2040640e-01;1.3750000e+02;2.1907285e-01;1.3750000e+02;2.0039113e-01;1.3750000e+02;1.6648690e-01;1.3750000e+02;1.2450852e-01;1.3750000e+02;8.1159562e-02;1.3750000e+02;4.0925816e-02;1.3750000e+02;-5.9149880e-03;1.3750000e+02;-2.4962705e-03;1.3750000e+02;9.3544815e-03;1.3750000e+02;2.6057098e-02;1.3750000e+02;4.7633130e-02;1.3750000e+02;7.1282223e-02;1.3750000e+02;9.8823071e-02;1.3750000e+02;1.3183782e-01;1.3750000e+02;1.6697696e-01;1.3750000e+02;1.9272414e-01;1.3750000e+02;2.1232611e-01;1.3750000e+02;2.2040640e-01;1.3750000e+02;2.1907285e-01;1.3750000e+02;2.0039113e-01;1.3750000e+02;1.6648690e-01;1.3750000e+02;1.2450852e-01;1.3750000e+02;8.1159562e-02;1.3750000e+02;4.0925816e-02;1.3750000e+02;-5.9149880e-03;1.3750000e+02;-2.4962705e-03;1.3750000e+02;9.3544815e-03;1.3750000e+02;2.6057098e-02;1.3750000e+02;4.7633130e-02;1.3750000e+02;7.1282223e-02;1.3750000e+02;9.8823071e-02;1.3750000e+02;1.3183782e-01;1.3750000e+02;1.6697696e-01;1.3750000e+02;1.9272414e-01;1.3750000e+02;2.1232611e-01;1.3750000e+02;2.2040640e-01;1.3750000e+02;2.1907285e-01;1.3750000e+02;2.0039113e-01;1.3750000e+02;1.6648690e-01;1.3750000e+02;1.2450852e-01;1.3750000e+02;8.1159562e-02;1.3750000e+02;4.0925816e-02;1.3750000e+02;-5.9149880e-03;1.3750000e+02;-2.4962705e-03;1.3750000e+02;9.3544815e-03;1.3750000e+02;2.6057098e-02;1.3750000e+02;4.7633130e-02;1.3750000e+02;7.1282223e-02;1.3750000e+02;9.8823071e-02;1.3750000e+02;1.3183782e-01;1.3750000e+02;1.6697696e-01;1.3750000e+02;1.9272414e-01;1.3750000e+02;2.1232611e-01;1.3750000e+02;2.2040640e-01;1.3750000e+02;2.1907285e-01;1.3750000e+02;2.0039113e-01;1.3750000e+02;1.6648690e-01;1.3750000e+02;1.2450852e-01;1.3750000e+02;8.1159562e-02;1.3750000e+02;4.0925816e-02;1.3750000e+02;-5.9149880e-03;1.3750000e+02;-2.4962705e-03;1.3750000e+02;9.3544815e-03;1.3750000e+02;2.6057098e-02;1.3750000e+02;4.7633130e-02;1.3750000e+02;7.1282223e-02;1.3750000e+02;9.8823071e-02;1.3750000e+02;1.3183782e-01;1.3750000e+02;1.6697696e-01;1.3750000e+02;1.9272414e-01;1.3750000e+02;2.1232611e-01;1.3750000e+02;2.2040640e-01;1.3750000e+02;2.1907285e-01;1.3750000e+02;2.0039113e-01;1.3750000e+02;1.6648690e-01;1.3750000e+02;1.2450852e-01;1.3750000e+02;8.1159562e-02;1.3750000e+02;4.0925816e-02;1.3750000e+02;-5.9149880e-03;1.3750000e+02;-2.4962705e-03;1.3750000e+02;9.3544815e-03;1.3750000e+02;2.6057098e-02;1.3750000e+02;4.7633130e-02;1.3750000e+02;7.1282223e-02;1.3750000e+02;9.8823071e-02;1.3750000e+02;1.3183782e-01;1.3750000e+02;1.6697696e-01;1.3750000e+02;1.9272414e-01;1.3750000e+02;2.1232611e-01;1.3750000e+02;2.2040640e-01;1.3750000e+02;2.1907285e-01;1.3750000e+02;2.0039113e-01;1.3750000e+02;1.6648690e-01;1.3750000e+02;1.2450852e-01;1.3750000e+02;8.1159562e-02;1.3750000e+02;4.0925816e-02;1.3750000e+02;-5.9149880e-03;1.3750000e+02;-2.4962705e-03;1.3750000e+02;9.3544815e-03;1.3750000e+02;2.6057098e-02;1.3750000e+02;4.7633130e-02;1.3750000e+02;7.1282223e-02;1.3750000e+02;9.8823071e-02;1.3750000e+02;1.3183782e-01;1.3750000e+02;1.6697696e-01;1.3750000e+02;1.9272414e-01;1.3750000e+02;2.1232611e-01;1.3750000e+02;2.2040640e-01;1.3750000e+02;2.1907285e-01;1.3750000e+02;2.0039113e-01;1.3750000e+02;1.6648690e-01;1.3750000e+02;1.2450852e-01;1.3750000e+02;8.1159562e-02;1.3750000e+02;4.0925816e-02;1.3750000e+02;-5.9149880e-03;1.3750000e+02;-2.4962705e-03;1.3750000e+02;9.3544815e-03;1.3750000e+02;2.6057098e-02;1.3750000e+02;4.7633130e-02;1.3750000e+02;7.1282223e-02;1.3750000e+02;9.8823071e-02;1.3750000e+02;1.3183782e-01;1.3750000e+02;1.6697696e-01;1.3750000e+02;1.9272414e-01;1.3750000e+02;2.1232611e-01;1.3750000e+02;2.2040640e-01;1.3750000e+02;2.1907285e-01;1.3750000e+02;2.0039113e-01;1.3750000e+02;1.6648690e-01;1.3750000e+02;1.2450852e-01;1.3750000e+02;8.1159562e-02;1.3750000e+02;4.0925816e-02;1.3750000e+02;-5.9149880e-03;1.3750000e+02;-2.4962705e-03;1.3750000e+02;9.3544815e-03;1.3750000e+02;2.6057098e-02;1.3750000e+02;4.7633130e-02;1.3750000e+02;7.1282223e-02;1.3750000e+02;9.8823071e-02;1.3750000e+02;1.3183782e-01;1.3750000e+02;1.6697696e-01;1.3750000e+02;1.9272414e-01;1.3750000e+02;2.1232611e-01;1.3750000e+02;2.2040640e-01;1.3750000e+02;2.1907285e-01;1.3750000e+02;2.0039113e-01;1.3750000e+02;1.6648690e-01;1.3750000e+02;1.2450852e-01;1.3750000e+02;8.1159562e-02;1.3750000e+02;4.0925816e-02;1.3750000e+02;-5.9149880e-03;1.3750000e+02;-2.4962705e-03;1.3750000e+02;9.3544815e-03;1.3750000e+02;2.6057098e-02;1.3750000e+02;4.7633130e-02;1.3750000e+02;7.1282223e-02;1.3750000e+02;9.8823071e-02;1.3750000e+02;1.3183782e-01;1.3750000e+02;1.6697696e-01;1.3750000e+02;1.9272414e-01;1.3750000e+02;2.1232611e-01;1.3750000e+02;2.2040640e-01;1.3750000e+02;2.1907285e-01;1.3750000e+02;2.0039113e-01;1.3750000e+02;1.6648690e-01;1.3750000e+02;1.2450852e-01;1.3750000e+02;8.1159562e-02;1.3750000e+02;4.0925816e-02;1.3750000e+02;-5.9149880e-03;1.3750000e+02;-2.4962705e-03;1.3750000e+02;9.3544815e-03;1.3750000e+02;2.6057098e-02;1.3750000e+02;4.7633130e-02;1.3750000e+02;7.1282223e-02;1.3750000e+02;9.8823071e-02;1.3750000e+02;1.3183782e-01;1.3750000e+02;1.6697696e-01;1.3750000e+02;1.9272414e-01;1.3750000e+02;2.1232611e-01;1.3750000e+02;2.2040640e-01;1.3750000e+02;2.1907285e-01;1.3750000e+02;2.0039113e-01;1.3750000e+02;1.6648690e-01;1.3750000e+02;1.2450852e-01;1.3750000e+02;8.1159562e-02;1.3750000e+02;4.0925816e-02;1.3750000e+02;-5.9149880e-03;1.3750000e+02;-2.4962705e-03;1.3750000e+02;9.3544815e-03;1.3750000e+02;2.6057098e-02;1.3750000e+02;4.7633130e-02;1.3750000e+02;7.1282223e-02;1.3750000e+02;9.8823071e-02;1.3750000e+02;1.3183782e-01;1.3750000e+02;1.6697696e-01;1.3750000e+02;1.9272414e-01;1.3750000e+02;2.1232611e-01;1.3750000e+02;2.2040640e-01;1.3750000e+02;2.1907285e-01;1.3750000e+02;2.0039113e-01;1.3750000e+02;1.6648690e-01;1.3750000e+02;1.2450852e-01;1.3750000e+02;8.1159562e-02;1.3750000e+02;4.0925816e-02;1.3750000e+02;-5.9149880e-03;1.3750000e+02;-2.4962705e-03;1.3750000e+02;9.3544815e-03;1.3750000e+02;2.6057098e-02;1.3750000e+02;4.7633130e-02;1.3750000e+02;7.1282223e-02;1.3750000e+02;9.8823071e-02;1.3750000e+02;1.3183782e-01;1.3750000e+02;1.6697696e-01;1.3750000e+02;1.9272414e-01;1.3750000e+02;2.1232611e-01;1.3750000e+02;2.2040640e-01;1.3750000e+02;2.1907285e-01;1.3750000e+02;2.0039113e-01;1.3750000e+02;1.6648690e-01;1.3750000e+02;1.2450852e-01;1.3750000e+02;8.1159562e-02;1.3750000e+02;4.0925816e-02;1.3750000e+02;-5.9149880e-03;1.3750000e+02;-2.4962705e-03;1.3750000e+02;9.3544815e-03;1.3750000e+02;2.6057098e-02;1.3750000e+02;4.7633130e-02;1.3750000e+02;7.1282223e-02;1.3750000e+02;9.8823071e-02;1.3750000e+02;1.3183782e-01;1.3750000e+02;1.6697696e-01;1.3750000e+02;1.9272414e-01;1.3750000e+02;2.1232611e-01;1.3750000e+02;2.2040640e-01;1.3750000e+02;2.1907285e-01;1.3750000e+02;2.0039113e-01;1.3750000e+02;1.6648690e-01;1.3750000e+02;1.2450852e-01;1.3750000e+02;8.1159562e-02;1.3750000e+02;4.0925816e-02;1.3750000e+02;-5.9149880e-03;1.3750000e+02;-2.4962705e-03;1.3750000e+02;9.3544815e-03;1.3750000e+02;2.6057098e-02;1.3750000e+02;4.7633130e-02;1.3750000e+02;7.1282223e-02;1.3750000e+02;9.8823071e-02;1.3750000e+02;1.3183782e-01;1.3750000e+02;1.6697696e-01;1.3750000e+02;1.9272414e-01;1.3750000e+02;2.1232611e-01;1.3750000e+02;2.2040640e-01;1.3750000e+02;2.1907285e-01;1.3750000e+02;2.0039113e-01;1.3750000e+02;1.6648690e-01;1.3750000e+02;1.2450852e-01;1.3750000e+02;8.1159562e-02;1.3750000e+02;4.0925816e-02;1.3750000e+02;-5.9149880e-03;1.3750000e+02;-2.4962705e-03;1.3750000e+02;9.3544815e-03;1.3750000e+02;2.6057098e-02;1.3750000e+02;4.7633130e-02;1.3750000e+02;7.1282223e-02;1.3750000e+02;9.8823071e-02;1.3750000e+02;1.3183782e-01;1.3750000e+02;1.6697696e-01;1.3750000e+02;1.9272414e-01;1.3750000e+02;2.1232611e-01;1.3750000e+02;2.2040640e-01;1.3750000e+02;2.1907285e-01;1.3750000e+02;2.0039113e-01;1.3750000e+02;1.6648690e-01;1.3750000e+02;1.2450852e-01;1.3750000e+02;8.1159562e-02;1.3750000e+02;4.0925816e-02;1.3750000e+02;-5.9149880e-03;1.3750000e+02;-2.4962705e-03;1.3750000e+02;9.3544815e-03;1.3750000e+02;2.6057098e-02;1.3750000e+02;4.7633130e-02;1.3750000e+02;7.1282223e-02;1.3750000e+02;9.8823071e-02;1.3750000e+02;1.3183782e-01;1.3750000e+02;1.6697696e-01;1.3750000e+02;1.9272414e-01;1.3750000e+02;2.1232611e-01;1.3750000e+02;2.2040640e-01;1.3750000e+02;2.1907285e-01;1.3750000e+02;2.0039113e-01;1.3750000e+02;1.6648690e-01;1.3750000e+02;1.2450852e-01;1.3750000e+02;8.1159562e-02;1.3750000e+02;4.0925816e-02;1.3750000e+02;-5.9149880e-03;1.3750000e+02;-2.4962705e-03;1.3750000e+02;9.3544815e-03;1.3750000e+02;2.6057098e-02;1.3750000e+02;4.7633130e-02;1.3750000e+02;7.1282223e-02;1.3750000e+02;9.8823071e-02;1.3750000e+02;1.3183782e-01;1.3750000e+02;1.6697696e-01;1.3750000e+02;1.9272414e-01;1.3750000e+02;2.1232611e-01;1.3750000e+02;2.2040640e-01;1.3750000e+02;2.1907285e-01;1.3750000e+02;2.0039113e-01;1.3750000e+02;1.6648690e-01;1.3750000e+02;1.2450852e-01;1.3750000e+02;8.1159562e-02;1.3750000e+02;4.0925816e-02;1.3750000e+02;-5.9149880e-03;1.3750000e+02;-2.4962705e-03;1.3750000e+02;9.3544815e-03;1.3750000e+02;2.6057098e-02;1.3750000e+02;4.7633130e-02;1.3750000e+02;7.1282223e-02;1.3750000e+02;9.8823071e-02;1.3750000e+02;1.3183782e-01;1.3750000e+02;1.6697696e-01;1.3750000e+02;1.9272414e-01;1.3750000e+02;2.1232611e-01;1.3750000e+02;2.2040640e-01;1.3750000e+02;2.1907285e-01;1.3750000e+02;2.0039113e-01;1.3750000e+02;1.6648690e-01;1.3750000e+02;1.2450852e-01;1.3750000e+02;8.1159562e-02;1.3750000e+02;4.0925816e-02;1.3750000e+02;-5.9149880e-03;1.3750000e+02;-2.4962705e-03;1.3750000e+02;9.3544815e-03;1.3750000e+02;2.6057098e-02;1.3750000e+02;4.7633130e-02;1.3750000e+02;7.1282223e-02;1.3750000e+02;9.8823071e-02;1.3750000e+02;1.3183782e-01;1.3750000e+02;1.6697696e-01;1.3750000e+02;1.9272414e-01;1.3750000e+02;2.1232611e-01;1.3750000e+02;2.2040640e-01;1.3750000e+02;2.1907285e-01;1.3750000e+02;2.0039113e-01;1.3750000e+02;1.6648690e-01;1.3750000e+02;1.2450852e-01;1.3750000e+02;8.1159562e-02;1.3750000e+02;4.0925816e-02;1.3750000e+02;-5.9149880e-03;1.3750000e+02;-2.4962705e-03;1.3750000e+02;9.3544815e-03;1.3750000e+02;2.6057098e-02;1.3750000e+02;4.7633130e-02;1.3750000e+02;7.1282223e-02;1.3750000e+02;9.8823071e-02;1.3750000e+02;1.3183782e-01;1.3750000e+02;1.6697696e-01;1.3750000e+02;1.9272414e-01;1.3750000e+02;2.1232611e-01;1.3750000e+02;2.2040640e-01;1.3750000e+02;2.1907285e-01;1.3750000e+02;2.0039113e-01;1.3750000e+02;1.6648690e-01;1.3750000e+02;1.2450852e-01;1.3750000e+02;8.1159562e-02;1.3750000e+02;4.0925816e-02;1.3750000e+02;-5.9149880e-03;1.3750000e+02;-2.4962705e-03;1.3750000e+02;9.3544815e-03;1.3750000e+02;2.6057098e-02;1.3750000e+02;4.7633130e-02;1.3750000e+02;7.1282223e-02;1.3750000e+02;9.8823071e-02;1.3750000e+02;1.3183782e-01;1.3750000e+02;1.6697696e-01;1.3750000e+02;1.9272414e-01;1.3750000e+02;2.1232611e-01;1.3750000e+02;2.2040640e-01;1.3750000e+02;2.1907285e-01;1.3750000e+02;2.0039113e-01;1.3750000e+02;1.6648690e-01;1.3750000e+02;1.2450852e-01;1.3750000e+02;8.1159562e-02;1.3750000e+02;4.0925816e-02;1.3750000e+02;-5.9149880e-03;1.3750000e+02;-2.4962705e-03;1.3750000e+02;9.3544815e-03;1.3750000e+02;2.6057098e-02;1.3750000e+02;4.7633130e-02;1.3750000e+02;7.1282223e-02;1.3750000e+02;9.8823071e-02;1.3750000e+02;1.3183782e-01;1.3750000e+02;1.6697696e-01;1.3750000e+02;1.9272414e-01;1.3750000e+02;2.1232611e-01;1.3750000e+02;2.2040640e-01;1.3750000e+02;2.1907285e-01;1.3750000e+02;2.0039113e-01;1.3750000e+02;1.6648690e-01;1.3750000e+02;1.2450852e-01;1.3750000e+02;8.1159562e-02;1.3750000e+02;4.0925816e-02;1.3750000e+02;-5.9149880e-03;1.3750000e+02;-2.4962705e-03;1.3750000e+02;9.3544815e-03;1.3750000e+02;2.6057098e-02;1.3750000e+02;4.7633130e-02;1.3750000e+02;7.1282223e-02;1.3750000e+02;9.8823071e-02;1.3750000e+02;1.3183782e-01;1.3750000e+02;1.6697696e-01;1.3750000e+02;1.9272414e-01;1.3750000e+02;2.1232611e-01;1.3750000e+02;2.2040640e-01;1.3750000e+02;2.1907285e-01;1.3750000e+02;2.0039113e-01;1.3750000e+02;1.6648690e-01;1.3750000e+02;1.2450852e-01;1.3750000e+02;8.1159562e-02;1.3750000e+02;4.0925816e-02;1.3750000e+02;-5.9149880e-03;1.3750000e+02;-2.4962705e-03;1.3750000e+02;9.3544815e-03;1.3750000e+02;2.6057098e-02;1.3750000e+02;4.7633130e-02;1.3750000e+02;7.1282223e-02;1.3750000e+02;9.8823071e-02;1.3750000e+02;1.3183782e-01;1.3750000e+02;1.6697696e-01;1.3750000e+02;1.9272414e-01;1.3750000e+02;2.1232611e-01;1.3750000e+02;2.2040640e-01;1.3750000e+02;2.1907285e-01;1.3750000e+02;2.0039113e-01;1.3750000e+02;1.6648690e-01;1.3750000e+02;1.2450852e-01;1.3750000e+02;8.1159562e-02;1.3750000e+02;4.0925816e-02;1.3750000e+02;-5.9149880e-03;1.3750000e+02;-2.4962705e-03;1.3750000e+02;9.3544815e-03;1.3750000e+02;2.6057098e-02;1.3750000e+02;4.7633130e-02;1.3750000e+02;7.1282223e-02;1.3750000e+02;9.8823071e-02;1.3750000e+02;1.3183782e-01;1.3750000e+02;1.6697696e-01;1.3750000e+02;1.9272414e-01;1.3750000e+02;2.1232611e-01;1.3750000e+02;2.2040640e-01;1.3750000e+02;2.1907285e-01;1.3750000e+02;2.0039113e-01;1.3750000e+02;1.6648690e-01;1.3750000e+02;1.2450852e-01;1.3750000e+02;8.1159562e-02;1.3750000e+02;4.0925816e-02;1.3750000e+02;-5.9149880e-03;1.3750000e+02;-2.4962705e-03;1.3750000e+02;9.3544815e-03;1.3750000e+02;2.6057098e-02;1.3750000e+02;4.7633130e-02;1.3750000e+02;7.1282223e-02;1.3750000e+02;9.8823071e-02;1.3750000e+02;1.3183782e-01;1.3750000e+02;1.6697696e-01;1.3750000e+02;1.9272414e-01;1.3750000e+02;2.1232611e-01;1.3750000e+02;2.2040640e-01;1.3750000e+02;2.1907285e-01;1.3750000e+02;2.0039113e-01;1.3750000e+02;1.6648690e-01;1.3750000e+02;1.2450852e-01;1.3750000e+02;8.1159562e-02;1.3750000e+02;4.0925816e-02;1.3750000e+02;-5.9149880e-03;1.3750000e+02;-2.4962705e-03;1.3750000e+02;9.3544815e-03;1.3750000e+02;2.6057098e-02;1.3750000e+02;4.7633130e-02;1.3750000e+02;7.1282223e-02;1.3750000e+02;9.8823071e-02;1.3750000e+02;1.3183782e-01;1.3750000e+02;1.6697696e-01;1.3750000e+02;1.9272414e-01;1.3750000e+02;2.1232611e-01;1.3750000e+02;2.2040640e-01;1.3750000e+02;2.1907285e-01;1.3750000e+02;2.0039113e-01;1.3750000e+02;1.6648690e-01;1.3750000e+02;1.2450852e-01;1.3750000e+02;8.1159562e-02;1.3750000e+02;4.0925816e-02;1.3750000e+02;-5.9149880e-03;1.3750000e+02;-2.4962705e-03;1.3750000e+02;9.3544815e-03;1.3750000e+02;2.6057098e-02;1.3750000e+02;4.7633130e-02;1.3750000e+02;7.1282223e-02;1.3750000e+02;9.8823071e-02;1.3750000e+02;1.3183782e-01;1.3750000e+02;1.6697696e-01;1.3750000e+02;1.9272414e-01;1.3750000e+02;2.1232611e-01;1.3750000e+02;2.2040640e-01;1.3750000e+02;2.1907285e-01;1.3750000e+02;2.0039113e-01;1.3750000e+02;1.6648690e-01;1.3750000e+02;1.2450852e-01;1.3750000e+02;8.1159562e-02;1.3750000e+02;4.0925816e-02;1.3750000e+02;-5.9149880e-03;1.3750000e+02;-2.4962705e-03;1.3750000e+02;9.3544815e-03;1.3750000e+02;2.6057098e-02;1.3750000e+02;4.7633130e-02;1.3750000e+02;7.1282223e-02;1.3750000e+02;9.8823071e-02;1.3750000e+02;1.3183782e-01;1.3750000e+02;1.6697696e-01;1.3750000e+02;1.9272414e-01;1.3750000e+02;2.1232611e-01;1.3750000e+02;2.2040640e-01;1.3750000e+02;2.1907285e-01;1.3750000e+02;2.0039113e-01;1.3750000e+02;1.6648690e-01;1.3750000e+02;1.2450852e-01;1.3750000e+02;8.1159562e-02;1.3750000e+02;4.0925816e-02;1.3750000e+02;-5.9149880e-03;1.3750000e+02;-2.4962705e-03;1.3750000e+02;9.3544815e-03;1.3750000e+02;2.6057098e-02;1.3750000e+02;4.7633130e-02;1.3750000e+02;7.1282223e-02;1.3750000e+02;9.8823071e-02;1.3750000e+02;1.3183782e-01;1.3750000e+02;1.6697696e-01;1.3750000e+02;1.9272414e-01;1.3750000e+02;2.1232611e-01;1.3750000e+02;2.2040640e-01;1.3750000e+02;2.1907285e-01;1.3750000e+02;2.0039113e-01;1.3750000e+02;1.6648690e-01;1.3750000e+02;1.2450852e-01;1.3750000e+02;8.1159562e-02;1.3750000e+02;4.0925816e-02
1.4250000e+02;-6.1384775e-03;1.4250000e+02;-4.2474978e-03;1.4250000e+02;4.5807008e-03;1.4250000e+02;2.0901324e-02;1.4250000e+02;4.4679336e-02;1.4250000e+02;7.0701003e-02;1.4250000e+02;1.0173568e-01;1.4250000e+02;1.3776456e-01;1.4250000e+02;1.7532545e-01;1.4250000e+02;2.0218210e-01;1.4250000e+02;2.1961865e-01;1.4250000e+02;2.2329636e-01;1.4250000e+02;2.1662477e-01;1.4250000e+02;1.9458684e-01;1.4250000e+02;1.5983751e-01;1.4250000e+02;1.1888196e-01;1.4250000e+02;7.7093169e-02;1.4250000e+02;3.7537526e-02;1.4250000e+02;-6.1384775e-03;1.4250000e+02;-4.2474978e-03;1.4250000e+02;4.5807008e-03;1.4250000e+02;2.0901324e-02;1.4250000e+02;4.4679336e-02;1.4250000e+02;7.0701003e-02;1.4250000e+02;1.0173568e-01;1.4250000e+02;1.3776456e-01;1.4250000e+02;1.7532545e-01;1.4250000e+02;2.0218210e-01;1.4250000e+02;2.1961865e-01;1.4250000e+02;2.2329636e-01;1.4250000e+02;2.1662477e-01;1.4250000e+02;1.9458684e-01;1.4250000e+02;1.5983751e-01;1.4250000e+02;1.1888196e-01;1.4250000e+02;7.7093169e-02;1.4250000e+02;3.7537526e-02;1.4250000e+02;-6.1384775e-03;1.4250000e+02;-4.2474978e-03;1.4250000e+02;4.5807008e-03;1.4250000e+02;2.0901324e-02;1.4250000e+02;4.4679336e-02;1.4250000e+02;7.0701003e-02;1.4250000e+02;1.0173568e-01;1.4250000e+02;1.3776456e-01;1.4250000e+02;1.7532545e-01;1.4250000e+02;2.0218210e-01;1.4250000e+02;2.1961865e-01;1.4250000e+02;2.2329636e-01;1.4250000e+02;2.1662477e-01;1.4250000e+02;1.9458684e-01;1.4250000e+02;1.5983751e-01;1.4250000e+02;1.1888196e-01;1.4250000e+02;7.7093169e-02;1.4250000e+02;3.7537526e-02;1.4250000e+02;-6.1384775e-03;1.4250000e+02;-4.2474978e-03;1.4250000e+02;4.5807008e-03;1.4250000e+02;2.0901324e-02;1.4250000e+02;4.4679336e-02;1.4250000e+02;7.0701003e-02;1.4250000e+02;1.0173568e-01;1.4250000e+02;1.3776456e-01;1.4250000e+02;1.7532545e-01;1.4250000e+02;2.0218210e-01;1.4250000e+02;2.1961865e-01;1.4250000e+02;2.2329636e-01;1.4250000e+02;2.1662477e-01;1.4250000e+02;1.9458684e-01;1.4250000e+02;1.5983751e-01;1.4250000e+02;1.1888196e-01;1.4250000e+02;7.7093169e-02;1.4250000e+02;3.7537526e-02;1.4250000e+02;-6.1384775e-03;1.4250000e+02;-4.2474978e-03;1.4250000e+02;4.5807008e-03;1.4250000e+02;2.0901324e-02;1.4250000e+02;4.4679336e-02;1.4250000e+02;7.0701003e-02;1.4250000e+02;1.0173568e-01;1.4250000e+02;1.3776456e-01;1.4250000e+02;1.7532545e-01;1.4250000e+02;2.0218210e-01;1.4250000e+02;2.1961865e-01;1.4250000e+02;2.2329636e-01;1.4250000e+02;2.1662477e-01;1.4250000e+02;1.9458684e-01;1.4250000e+02;1.5983751e-01;1.4250000e+02;1.1888196e-01;1.4250000e+02;7.7093169e-02;1.4250000e+02;3.7537526e-02;1.4250000e+02;-6.1384775e-03;1.4250000e+02;-4.2474978e-03;1.4250000e+02;4.5807008e-03;1.4250000e+02;2.0901324e-02;1.4250000e+02;4.4679336e-02;1.4250000e+02;7.0701003e-02;1.4250000e+02;1.0173568e-01;1.4250000e+02;1.3776456e-01;1.4250000e+02;1.7532545e-01;1.4250000e+02;2.0218210e-01;1.4250000e+02;2.1961865e-01;1.4250000e+02;2.2329636e-01;1.4250000e+02;2.1662477e-01;1.4250000e+02;1.9458684e-01;1.4250000e+02;1.5983751e-01;1.4250000e+02;1.1888196e-01;1.4250000e+02;7.7093169e-02;1.4250000e+02;3.7537526e-02;1.4250000e+02;-6.1384775e-03;1.4250000e+02;-4.2474978e-03;1.4250000e+02;4.5807008e-03;1.4250000e+02;2.0901324e-02;1.4250000e+02;4.4679336e-02;1.4250000e+02;7.0701003e-02;1.4250000e+02;1.0173568e-01;1.4250000e+02;1.3776456e-01;1.4250000e+02;1.7532545e-01;1.4250000e+02;2.0218210e-01;1.4250000e+02;2.1961865e-01;1.4250000e+02;2.2329636e-01;1.4250000e+02;2.1662477e-01;1.4250000e+02;1.9458684e-01;1.4250000e+02;1.5983751e-01;1.4250000e+02;1.1888196e-01;1.4250000e+02;7.7093169e-02;1.4250000e+02;3.7537526e-02;1.4250000e+02;-6.1384775e-03;1.4250000e+02;-4.2474978e-03;1.4250000e+02;4.5807008e-03;1.4250000e+02;2.0901324e-02;1.4250000e+02;4.4679336e-02;1.4250000e+02;7.0701003e-02;1.4250000e+02;1.0173568e-01;1.4250000e+02;1.3776456e-01;1.4250000e+02;1.7532545e-01;1.4250000e+02;2.0218210e-01;1.4250000e+02;2.1961865e-01;1.4250000e+02;2.2329636e-01;1.4250000e+02;2.1662477e-01;1.4250000e+02;1.9458684e-01;1.4250000e+02;1.5983751e-01;1.4250000e+02;1.1888196e-01;1.4250000e+02;7.7093169e-02;1.4250000e+02;3.7537526e-02;1.4250000e+02;-6.1384775e-03;1.4250000e+02;-4.2474978e-03;1.4250000e+02;4.5807008e-03;1.4250000e+02;2.0901324e-02;1.4250000e+02;4.4679336e-02;1.4250000e+02;7.0701003e-02;1.4250000e+02;1.0173568e-01;1.4250000e+02;1.3776456e-01;1.4250000e+02;1.7532545e-01;1.4250000e+02;2.0218210e-01;1.4250000e+02;2.1961865e-01;1.4250000e+02;2.2329636e-01;1.4250000e+02;2.1662477e-01;1.4250000e+02;1.9458684e-01;1.4250000e+02;1.5983751e-01;1.4250000e+02;1.1888196e-01;1.4250000e+02;7.7093169e-02;1.4250000e+02;3.7537526e-02;1.4250000e+02;-6.1384775e-03;1.4250000e+02;-4.2474978e-03;1.4250000e+02;4.5807008e-03;1.4250000e+02;2.0901324e-02;1.4250000e+02;4.4679336e-02;1.4250000e+02;7.0701003e-02;1.4250000e+02;1.0173568e-01;1.4250000e+02;1.3776456e-01;1.4250000e+02;1.7532545e-01;1.4250000e+02;2.0218210e-01;1.4250000e+02;2.1961865e-01;1.4250000e+02;2.2329636e-01;1.4250000e+02;2.1662477e-01;1.4250000e+02;1.9458684e-01;1.4250000e+02;1.5983751e-01;1.4250000e+02;1.1888196e-01;1.4250000e+02;7.7093169e-02;1.4250000e+02;3.7537526e-02;1.4250000e+02;-6.1384775e-03;1.4250000e+02;-4.2474978e-03;1.4250000e+02;4.5807008e-03;1.4250000e+02;2.0901324e-02;1.4250000e+02;4.4679336e-02;1.4250000e+02;7.0701003e-02;1.4250000e+02;1.0173568e-01;1.4250000e+02;1.3776456e-01;1.4250000e+02;1.7532545e-01;1.4250000e+02;2.0218210e-01;1.4250000e+02;2.1961865e-01;1.4250000e+02;2.2329636e-01;1.4250000e+02;2.1662477e-01;1.4250000e+02;1.9458684e-01;1.4250000e+02;1.5983751e-01;1.4250000e+02;1.1888196e-01;1.4250000e+02;7.7093169e-02;1.4250000e+02;3.7537526e-02;1.4250000e+02;-6.1384775e-03;1.4250000e+02;-4.2474978e-03;1.4250000e+02;4.5807008e-03;1.4250000e+02;2.0901324e-02;1.4250000e+02;4.4679336e-02;1.4250000e+02;7.0701003e-02;1.4250000e+02;1.0173568e-01;1.4250000e+02;1.3776456e-01;1.4250000e+02;1.7532545e-01;1.4250000e+02;2.0218210e-01;1.4250000e+02;2.1961865e-01;1.4250000e+02;2.2329636e-01;1.4250000e+02;2.1662477e-01;1.4250000e+02;1.9458684e-01;1.4250000e+02;1.5983751e-01;1.4250000e+02;1.1888196e-01;1.4250000e+02;7.7093169e-02;1.4250000e+02;3.7537526e-02;1.4250000e+02;-6.1384775e-03;1.4250000e+02;-4.2474978e-03;1.4250000e+02;4.5807008e-03;1.4250000e+02;2.0901324e-02;1.4250000e+02;4.4679336e-02;1.4250000e+02;7.0701003e-02;1.4250000e+02;1.0173568e-01;1.4250000e+02;1.3776456e-01;1.4250000e+02;1.7532545e-01;1.4250000e+02;2.0218210e-01;1.4250000e+02;2.1961865e-01;1.4250000e+02;2.2329636e-01;1.4250000e+02;2.1662477e-01;1.4250000e+02;1.9458684e-01;1.4250000e+02;1.5983751e-01;1.4250000e+02;1.1888196e-01;1.4250000e+02;7.7093169e-02;1.4250000e+02;3.7537526e-02;1.4250000e+02;-6.1384775e-03;1.4250000e+02;-4.2474978e-03;1.4250000e+02;4.5807008e-03;1.4250000e+02;2.0901324e-02;1.4250000e+02;4.4679336e-02;1.4250000e+02;7.0701003e-02;1.4250000e+02;1.0173568e-01;1.4250000e+02;1.3776456e-01;1.4250000e+02;1.7532545e-01;1.4250000e+02;2.0218210e-01;1.4250000e+02;2.1961865e-01;1.4250000e+02;2.2329636e-01;1.4250000e+02;2.1662477e-01;1.4250000e+02;1.9458684e-01;1.4250000e+02;1.5983751e-01;1.4250000e+02;1.1888196e-01;1.4250000e+02;7.7093169e-02;1.4250000e+02;3.7537526e-02;1.4250000e+02;-6.1384775e-03;1.4250000e+02;-4.2474978e-03;1.4250000e+02;4.5807008e-03;1.4250000e+02;2.0901324e-02;1.4250000e+02;4.4679336e-02;1.4250000e+02;7.0701003e-02;1.4250000e+02;1.0173568e-01;1.4250000e+02;1.3776456e-01;1.4250000e+02;1.7532545e-01;1.4250000e+02;2.0218210e-01;1.4250000e+02;2.1961865e-01;1.4250000e+02;2.2329636e-01;1.4250000e+02;2.1662477e-01;1.4250000e+02;1.9458684e-01;1.4250000e+02;1.5983751e-01;1.4250000e+02;1.1888196e-01;1.4250000e+02;7.7093169e-02;1.4250000e+02;3.7537526e-02;1.4250000e+02;-6.1384775e-03;1.4250000e+02;-4.2474978e-03;1.4250000e+02;4.5807008e-03;1.4250000e+02;2.0901324e-02;1.4250000e+02;4.4679336e-02;1.4250000e+02;7.0701003e-02;1.4250000e+02;1.0173568e-01;1.4250000e+02;1.3776456e-01;1.4250000e+02;1.7532545e-01;1.4250000e+02;2.0218210e-01;1.4250000e+02;2.1961865e-01;1.4250000e+02;2.2329636e-01;1.4250000e+02;2.1662477e-01;1.4250000e+02;1.9458684e-01;1.4250000e+02;1.5983751e-01;1.4250000e+02;1.1888196e-01;1.4250000e+02;7.7093169e-02;1.4250000e+02;3.7537526e-02;1.4250000e+02;-6.1384775e-03;1.4250000e+02;-4.2474978e-03;1.4250000e+02;4.5807008e-03;1.4250000e+02;2.0901324e-02;1.4250000e+02;4.4679336e-02;1.4250000e+02;7.0701003e-02;1.4250000e+02;1.0173568e-01;1.4250000e+02;1.3776456e-01;1.4250000e+02;1.7532545e-01;1.4250000e+02;2.0218210e-01;1.4250000e+02;2.1961865e-01;1.4250000e+02;2.2329636e-01;1.4250000e+02;2.1662477e-01;1.4250000e+02;1.9458684e-01;1.4250000e+02;1.5983751e-01;1.4250000e+02;1.1888196e-01;1.4250000e+02;7.7093169e-02;1.4250000e+02;3.7537526e-02;1.4250000e+02;-6.1384775e-03;1.4250000e+02;-4.2474978e-03;1.4250000e+02;4.5807008e-03;1.4250000e+02;2.0901324e-02;1.4250000e+02;4.4679336e-02;1.4250000e+02;7.0701003e-02;1.4250000e+02;1.0173568e-01;1.4250000e+02;1.3776456e-01;1.4250000e+02;1.7532545e-01;1.4250000e+02;2.0218210e-01;1.4250000e+02;2.1961865e-01;1.4250000e+02;2.2329636e-01;1.4250000e+02;2.1662477e-01;1.4250000e+02;1.9458684e-01;1.4250000e+02;1.5983751e-01;1.4250000e+02;1.1888196e-01;1.4250000e+02;7.7093169e-02;1.4250000e+02;3.7537526e-02;1.4250000e+02;-6.1384775e-03;1.4250000e+02;-4.2474978e-03;1.4250000e+02;4.5807008e-03;1.4250000e+02;2.0901324e-02;1.4250000e+02;4.4679336e-02;1.4250000e+02;7.0701003e-02;1.4250000e+02;1.0173568e-01;1.4250000e+02;1.3776456e-01;1.4250000e+02;1.7532545e-01;1.4250000e+02;2.0218210e-01;1.4250000e+02;2.1961865e-01;1.4250000e+02;2.2329636e-01;1.4250000e+02;2.1662477e-01;1.4250000e+02;1.9458684e-01;1.4250000e+02;1.5983751e-01;1.4250000e+02;1.1888196e-01;1.4250000e+02;7.7093169e-02;1.4250000e+02;3.7537526e-02;1.4250000e+02;-6.1384775e-03;1.4250000e+02;-4.2474978e-03;1.4250000e+02;4.5807008e-03;1.4250000e+02;2.0901324e-02;1.4250000e+02;4.4679336e-02;1.4250000e+02;7.0701003e-02;1.4250000e+02;1.0173568e-01;1.4250000e+02;1.3776456e-01;1.4250000e+02;1.7532545e-01;1.4250000e+02;2.0218210e-01;1.4250000e+02;2.1961865e-01;1.4250000e+02;2.2329636e-01;1.4250000e+02;2.1662477e-01;1.4250000e+02;1.9458684e-01;1.4250000e+02;1.5983751e-01;1.4250000e+02;1.1888196e-01;1.4250000e+02;7.7093169e-02;1.4250000e+02;3.7537526e-02;1.4250000e+02;-6.1384775e-03;1.4250000e+02;-4.2474978e-03;1.4250000e+02;4.5807008e-03;1.4250000e+02;2.0901324e-02;1.4250000e+02;4.4679336e-02;1.4250000e+02;7.0701003e-02;1.4250000e+02;1.0173568e-01;1.4250000e+02;1.3776456e-01;1.4250000e+02;1.7532545e-01;1.4250000e+02;2.0218210e-01;1.4250000e+02;2.1961865e-01;1.4250000e+02;2.2329636e-01;1.4250000e+02;2.1662477e-01;1.4250000e+02;1.9458684e-01;1.4250000e+02;1.5983751e-01;1.4250000e+02;1.1888196e-01;1.4250000e+02;7.7093169e-02;1.4250000e+02;3.7537526e-02;1.4250000e+02;-6.1384775e-03;1.4250000e+02;-4.2474978e-03;1.4250000e+02;4.5807008e-03;1.4250000e+02;2.0901324e-02;1.4250000e+02;4.4679336e-02;1.4250000e+02;7.0701003e-02;1.4250000e+02;1.0173568e-01;1.4250000e+02;1.3776456e-01;1.4250000e+02;1.7532545e-01;1.4250000e+02;2.0218210e-01;1.4250000e+02;2.1961865e-01;1.4250000e+02;2.2329636e-01;1.4250000e+02;2.1662477e-01;1.4250000e+02;1.9458684e-01;1.4250000e+02;1.5983751e-01;1.4250000e+02;1.1888196e-01;1.4250000e+02;7.7093169e-02;1.4250000e+02;3.7537526e-02;1.4250000e+02;-6.1384775e-03;1.4250000e+02;-4.2474978e-03;1.4250000e+02;4.5807008e-03;1.4250000e+02;2.0901324e-02;1.4250000e+02;4.4679336e-02;1.4250000e+02;7.0701003e-02;1.4250000e+02;1.0173568e-01;1.4250000e+02;1.3776456e-01;1.4250000e+02;1.7532545e-01;1.4250000e+02;2.0218210e-01;1.4250000e+02;2.1961865e-01;1.4250000e+02;2.2329636e-01;1.4250000e+02;2.1662477e-01;1.4250000e+02;1.9458684e-01;1.4250000e+02;1.5983751e-01;1.4250000e+02;1.1888196e-01;1.4250000e+02;7.7093169e-02;1.4250000e+02;3.7537526e-02;1.4250000e+02;-6.1384775e-03;1.4250000e+02;-4.2474978e-03;1.4250000e+02;4.5807008e-03;1.4250000e+02;2.0901324e-02;1.4250000e+02;4.4679336e-02;1.4250000e+02;7.0701003e-02;1.4250000e+02;1.0173568e-01;1.4250000e+02;1.3776456e-01;1.4250000e+02;1.7532545e-01;1.4250000e+02;2.0218210e-01;1.4250000e+02;2.1961865e-01;1.4250000e+02;2.2329636e-01;1.4250000e+02;2.1662477e-01;1.4250000e+02;1.9458684e-01;1.4250000e+02;1.5983751e-01;1.4250000e+02;1.1888196e-01;1.4250000e+02;7.7093169e-02;1.4250000e+02;3.7537526e-02;1.4250000e+02;-6.1384775e-03;1.4250000e+02;-4.2474978e-03;1.4250000e+02;4.5807008e-03;1.4250000e+02;2.0901324e-02;1.4250000e+02;4.4679336e-02;1.4250000e+02;7.0701003e-02;1.4250000e+02;1.0173568e-01;1.4250000e+02;1.3776456e-01;1.4250000e+02;1.7532545e-01;1.4250000e+02;2.0218210e-01;1.4250000e+02;2.1961865e-01;1.4250000e+02;2.2329636e-01;1.4250000e+02;2.1662477e-01;1.4250000e+02;1.9458684e-01;1.4250000e+02;1.5983751e-01;1.4250000e+02;1.1888196e-01;1.4250000e+02;7.7093169e-02;1.4250000e+02;3.7537526e-02;1.4250000e+02;-6.1384775e-03;1.4250000e+02;-4.2474978e-03;1.4250000e+02;4.5807008e-03;1.4250000e+02;2.0901324e-02;1.4250000e+02;4.4679336e-02;1.4250000e+02;7.0701003e-02;1.4250000e+02;1.0173568e-01;1.4250000e+02;1.3776456e-01;1.4250000e+02;1.7532545e-01;1.4250000e+02;2.0218210e-01;1.4250000e+02;2.1961865e-01;1.4250000e+02;2.2329636e-01;1.4250000e+02;2.1662477e-01;1.4250000e+02;1.9458684e-01;1.4250000e+02;1.5983751e-01;1.4250000e+02;1.1888196e-01;1.4250000e+02;7.7093169e-02;1.4250000e+02;3.7537526e-02;1.4250000e+02;-6.1384775e-03;1.4250000e+02;-4.2474978e-03;1.4250000e+02;4.5807008e-03;1.4250000e+02;2.0901324e-02;1.4250000e+02;4.4679336e-02;1.4250000e+02;7.0701003e-02;1.4250000e+02;1.0173568e-01;1.4250000e+02;1.3776456e-01;1.4250000e+02;1.7532545e-01;1.4250000e+02;2.0218210e-01;1.4250000e+02;2.1961865e-01;1.4250000e+02;2.2329636e-01;1.4250000e+02;2.1662477e-01;1.4250000e+02;1.9458684e-01;1.4250000e+02;1.5983751e-01;1.4250000e+02;1.1888196e-01;1.4250000e+02;7.7093169e-02;1.4250000e+02;3.7537526e-02;1.4250000e+02;-6.1384775e-03;1.4250000e+02;-4.2474978e-03;1.4250000e+02;4.5807008e-03;1.4250000e+02;2.0901324e-02;1.4250000e+02;4.4679336e-02;1.4250000e+02;7.0701003e-02;1.4250000e+02;1.0173568e-01;1.4250000e+02;1.3776456e-01;1.4250000e+02;1.7532545e-01;1.4250000e+02;2.0218210e-01;1.4250000e+02;2.1961865e-01;1.4250000e+02;2.2329636e-01;1.4250000e+02;2.1662477e-01;1.4250000e+02;1.9458684e-01;1.4250000e+02;1.5983751e-01;1.4250000e+02;1.1888196e-01;1.4250000e+02;7.7093169e-02;1.4250000e+02;3.7537526e-02;1.4250000e+02;-6.1384775e-03;1.4250000e+02;-4.2474978e-03;1.4250000e+02;4.5807008e-03;1.4250000e+02;2.0901324e-02;1.4250000e+02;4.4679336e-02;1.4250000e+02;7.0701003e-02;1.4250000e+02;1.0173568e-01;1.4250000e+02;1.3776456e-01;1.4250000e+02;1.7532545e-01;1.4250000e+02;2.0218210e-01;1.4250000e+02;2.1961865e-01;1.4250000e+02;2.2329636e-01;1.4250000e+02;2.1662477e-01;1.4250000e+02;1.9458684e-01;1.4250000e+02;1.5983751e-01;1.4250000e+02;1.1888196e-01;1.4250000e+02;7.7093169e-02;1.4250000e+02;3.7537526e-02;1.4250000e+02;-6.1384775e-03;1.4250000e+02;-4.2474978e-03;1.4250000e+02;4.5807008e-03;1.4250000e+02;2.0901324e-02;1.4250000e+02;4.4679336e-02;1.4250000e+02;7.0701003e-02;1.4250000e+02;1.0173568e-01;1.4250000e+02;1.3776456e-01;1.4250000e+02;1.7532545e-01;1.4250000e+02;2.0218210e-01;1.4250000e+02;2.1961865e-01;1.4250000e+02;2.2329636e-01;1.4250000e+02;2.1662477e-01;1.4250000e+02;1.9458684e-01;1.4250000e+02;1.5983751e-01;1.4250000e+02;1.1888196e-01;1.4250000e+02;7.7093169e-02;1.4250000e+02;3.7537526e-02;1.4250000e+02;-6.1384775e-03;1.4250000e+02;-4.2474978e-03;1.4250000e+02;4.5807008e-03;1.4250000e+02;2.0901324e-02;1.4250000e+02;4.4679336e-02;1.4250000e+02;7.0701003e-02;1.4250000e+02;1.0173568e-01;1.4250000e+02;1.3776456e-01;1.4250000e+02;1.7532545e-01;1.4250000e+02;2.0218210e-01;1.4250000e+02;2.1961865e-01;1.4250000e+02;2.2329636e-01;1.4250000e+02;2.1662477e-01;1.4250000e+02;1.9458684e-01;1.4250000e+02;1.5983751e-01;1.4250000e+02;1.1888196e-01;1.4250000e+02;7.7093169e-02;1.4250000e+02;3.7537526e-02;1.4250000e+02;-6.1384775e-03;1.4250000e+02;-4.2474978e-03;1.4250000e+02;4.5807008e-03;1.4250000e+02;2.0901324e-02;1.4250000e+02;4.4679336e-02;1.4250000e+02;7.0701003e-02;1.4250000e+02;1.0173568e-01;1.4250000e+02;1.3776456e-01;1.4250000e+02;1.7532545e-01;1.4250000e+02;2.0218210e-01;1.4250000e+02;2.1961865e-01;1.4250000e+02;2.2329636e-01;1.4250000e+02;2.1662477e-01;1.4250000e+02;1.9458684e-01;1.4250000e+02;1.5983751e-01;1.4250000e+02;1.1888196e-01;1.4250000e+02;7.7093169e-02;1.4250000e+02;3.7537526e-02;1.4250000e+02;-6.1384775e-03;1.4250000e+02;-4.2474978e-03;1.4250000e+02;4.5807008e-03;1.4250000e+02;2.0901324e-02;1.4250000e+02;4.4679336e-02;1.4250000e+02;7.0701003e-02;1.4250000e+02;1.0173568e-01;1.4250000e+02;1.3776456e-01;1.4250000e+02;1.7532545e-01;1.4250000e+02;2.0218210e-01;1.4250000e+02;2.1961865e-01;1.4250000e+02;2.2329636e-01;1.4250000e+02;2.1662477e-01;1.4250000e+02;1.9458684e-01;1.4250000e+02;1.5983751e-01;1.4250000e+02;1.1888196e-01;1.4250000e+02;7.7093169e-02;1.4250000e+02;3.7537526e-02;1.4250000e+02;-6.1384775e-03;1.4250000e+02;-4.2474978e-03;1.4250000e+02;4.5807008e-03;1.4250000e+02;2.0901324e-02;1.4250000e+02;4.4679336e-02;1.4250000e+02;7.0701003e-02;1.4250000e+02;1.0173568e-01;1.4250000e+02;1.3776456e-01;1.4250000e+02;1.7532545e-01;1.4250000e+02;2.0218210e-01;1.4250000e+02;2.1961865e-01;1.4250000e+02;2.2329636e-01;1.4250000e+02;2.1662477e-01;1.4250000e+02;1.9458684e-01;1.4250000e+02;1.5983751e-01;1.4250000e+02;1.1888196e-01;1.4250000e+02;7.7093169e-02;1.4250000e+02;3.7537526e-02;1.4250000e+02;-6.1384775e-03;1.4250000e+02;-4.2474978e-03;1.4250000e+02;4.5807008e-03;1.4250000e+02;2.0901324e-02;1.4250000e+02;4.4679336e-02;1.4250000e+02;7.0701003e-02;1.4250000e+02;1.0173568e-01;1.4250000e+02;1.3776456e-01;1.4250000e+02;1.7532545e-01;1.4250000e+02;2.0218210e-01;1.4250000e+02;2.1961865e-01;1.4250000e+02;2.2329636e-01;1.4250000e+02;2.1662477e-01;1.4250000e+02;1.9458684e-01;1.4250000e+02;1.5983751e-01;1.4250000e+02;1.1888196e-01;1.4250000e+02;7.7093169e-02;1.4250000e+02;3.7537526e-02;1.4250000e+02;-6.1384775e-03;1.4250000e+02;-4.2474978e-03;1.4250000e+02;4.5807008e-03;1.4250000e+02;2.0901324e-02;1.4250000e+02;4.4679336e-02;1.4250000e+02;7.0701003e-02;1.4250000e+02;1.0173568e-01;1.4250000e+02;1.3776456e-01;1.4250000e+02;1.7532545e-01;1.4250000e+02;2.0218210e-01;1.4250000e+02;2.1961865e-01;1.4250000e+02;2.2329636e-01;1.4250000e+02;2.1662477e-01;1.4250000e+02;1.9458684e-01;1.4250000e+02;1.5983751e-01;1.4250000e+02;1.1888196e-01;1.4250000e+02;7.7093169e-02;1.4250000e+02;3.7537526e-02;1.4250000e+02;-6.1384775e-03;1.4250000e+02;-4.2474978e-03;1.4250000e+02;4.5807008e-03;1.4250000e+02;2.0901324e-02;1.4250000e+02;4.4679336e-02;1.4250000e+02;7.0701003e-02;1.4250000e+02;1.0173568e-01;1.4250000e+02;1.3776456e-01;1.4250000e+02;1.7532545e-01;1.4250000e+02;2.0218210e-01;1.4250000e+02;2.1961865e-01;1.4250000e+02;2.2329636e-01;1.4250000e+02;2.1662477e-01;1.4250000e+02;1.9458684e-01;1.4250000e+02;1.5983751e-01;1.4250000e+02;1.1888196e-01;1.4250000e+02;7.7093169e-02;1.4250000e+02;3.7537526e-02;1.4250000e+02;-6.1384775e-03;1.4250000e+02;-4.2474978e-03;1.4250000e+02;4.5807008e-03;1.4250000e+02;2.0901324e-02;1.4250000e+02;4.4679336e-02;1.4250000e+02;7.0701003e-02;1.4250000e+02;1.0173568e-01;1.4250000e+02;1.3776456e-01;1.4250000e+02;1.7532545e-01;1.4250000e+02;2.0218210e-01;1.4250000e+02;2.1961865e-01;1.4250000e+02;2.2329636e-01;1.4250000e+02;2.1662477e-01;1.4250000e+02;1.9458684e-01;1.4250000e+02;1.5983751e-01;1.4250000e+02;1.1888196e-01;1.4250000e+02;7.7093169e-02;1.4250000e+02;3.7537526e-02;1.4250000e+02;-6.1384775e-03;1.4250000e+02;-4.2474978e-03;1.4250000e+02;4.5807008e-03;1.4250000e+02;2.0901324e-02;1.4250000e+02;4.4679336e-02;1.4250000e+02;7.0701003e-02;1.4250000e+02;1.0173568e-01;1.4250000e+02;1.3776456e-01;1.4250000e+02;1.7532545e-01;1.4250000e+02;2.0218210e-01;1.4250000e+02;2.1961865e-01;1.4250000e+02;2.2329636e-01;1.4250000e+02;2.1662477e-01;1.4250000e+02;1.9458684e-01;1.4250000e+02;1.5983751e-01;1.4250000e+02;1.1888196e-01;1.4250000e+02;7.7093169e-02;1.4250000e+02;3.7537526e-02;1.4250000e+02;-6.1384775e-03;1.4250000e+02;-4.2474978e-03;1.4250000e+02;4.5807008e-03;1.4250000e+02;2.0901324e-02;1.4250000e+02;4.4679336e-02;1.4250000e+02;7.0701003e-02;1.4250000e+02;1.0173568e-01;1.4250000e+02;1.3776456e-01;1.4250000e+02;1.7532545e-01;1.4250000e+02;2.0218210e-01;1.4250000e+02;2.1961865e-01;1.4250000e+02;2.2329636e-01;1.4250000e+02;2.1662477e-01;1.4250000e+02;1.9458684e-01;1.4250000e+02;1.5983751e-01;1.4250000e+02;1.1888196e-01;1.4250000e+02;7.7093169e-02;1.4250000e+02;3.7537526e-02;1.4250000e+02;-6.1384775e-03;1.4250000e+02;-4.2474978e-03;1.4250000e+02;4.5807008e-03;1.4250000e+02;2.0901324e-02;1.4250000e+02;4.4679336e-02;1.4250000e+02;7.0701003e-02;1.4250000e+02;1.0173568e-01;1.4250000e+02;1.3776456e-01;1.4250000e+02;1.7532545e-01;1.4250000e+02;2.0218210e-01;1.4250000e+02;2.1961865e-01;1.4250000e+02;2.2329636e-01;1.4250000e+02;2.1662477e-01;1.4250000e+02;1.9458684e-01;1.4250000e+02;1.5983751e-01;1.4250000e+02;1.1888196e-01;1.4250000e+02;7.7093169e-02;1.4250000e+02;3.7537526e-02;1.4250000e+02;-6.1384775e-03;1.4250000e+02;-4.2474978e-03;1.4250000e+02;4.5807008e-03;1.4250000e+02;2.0901324e-02;1.4250000e+02;4.4679336e-02;1.4250000e+02;7.0701003e-02;1.4250000e+02;1.0173568e-01;1.4250000e+02;1.3776456e-01;1.4250000e+02;1.7532545e-01;1.4250000e+02;2.0218210e-01;1.4250000e+02;2.1961865e-01;1.4250000e+02;2.2329636e-01;1.4250000e+02;2.1662477e-01;1.4250000e+02;1.9458684e-01;1.4250000e+02;1.5983751e-01;1.4250000e+02;1.1888196e-01;1.4250000e+02;7.7093169e-02;1.4250000e+02;3.7537526e-02;1.4250000e+02;-6.1384775e-03;1.4250000e+02;-4.2474978e-03;1.4250000e+02;4.5807008e-03;1.4250000e+02;2.0901324e-02;1.4250000e+02;4.4679336e-02;1.4250000e+02;7.0701003e-02;1.4250000e+02;1.0173568e-01;1.4250000e+02;1.3776456e-01;1.4250000e+02;1.7532545e-01;1.4250000e+02;2.0218210e-01;1.4250000e+02;2.1961865e-01;1.4250000e+02;2.2329636e-01;1.4250000e+02;2.1662477e-01;1.4250000e+02;1.9458684e-01;1.4250000e+02;1.5983751e-01;1.4250000e+02;1.1888196e-01;1.4250000e+02;7.7093169e-02;1.4250000e+02;3.7537526e-02;1.4250000e+02;-6.1384775e-03;1.4250000e+02;-4.2474978e-03;1.4250000e+02;4.5807008e-03;1.4250000e+02;2.0901324e-02;1.4250000e+02;4.4679336e-02;1.4250000e+02;7.0701003e-02;1.4250000e+02;1.0173568e-01;1.4250000e+02;1.3776456e-01;1.4250000e+02;1.7532545e-01;1.4250000e+02;2.0218210e-01;1.4250000e+02;2.1961865e-01;1.4250000e+02;2.2329636e-01;1.4250000e+02;2.1662477e-01;1.4250000e+02;1.9458684e-01;1.4250000e+02;1.5983751e-01;1.4250000e+02;1.1888196e-01;1.4250000e+02;7.7093169e-02;1.4250000e+02;3.7537526e-02;1.4250000e+02;-6.1384775e-03;1.4250000e+02;-4.2474978e-03;1.4250000e+02;4.5807008e-03;1.4250000e+02;2.0901324e-02;1.4250000e+02;4.4679336e-02;1.4250000e+02;7.0701003e-02;1.4250000e+02;1.0173568e-01;1.4250000e+02;1.3776456e-01;1.4250000e+02;1.7532545e-01;1.4250000e+02;2.0218210e-01;1.4250000e+02;2.1961865e-01;1.4250000e+02;2.2329636e-01;1.4250000e+02;2.1662477e-01;1.4250000e+02;1.9458684e-01;1.4250000e+02;1.5983751e-01;1.4250000e+02;1.1888196e-01;1.4250000e+02;7.7093169e-02;1.4250000e+02;3.7537526e-02;1.4250000e+02;-6.1384775e-03;1.4250000e+02;-4.2474978e-03;1.4250000e+02;4.5807008e-03;1.4250000e+02;2.0901324e-02;1.4250000e+02;4.4679336e-02;1.4250000e+02;7.0701003e-02;1.4250000e+02;1.0173568e-01;1.4250000e+02;1.3776456e-01;1.4250000e+02;1.7532545e-01;1.4250000e+02;2.0218210e-01;1.4250000e+02;2.1961865e-01;1.4250000e+02;2.2329636e-01;1.4250000e+02;2.1662477e-01;1.4250000e+02;1.9458684e-01;1.4250000e+02;1.5983751e-01;1.4250000e+02;1.1888196e-01;1.4250000e+02;7.7093169e-02;1.4250000e+02;3.7537526e-02;1.4250000e+02;-6.1384775e-03;1.4250000e+02;-4.2474978e-03;1.4250000e+02;4.5807008e-03;1.4250000e+02;2.0901324e-02;1.4250000e+02;4.4679336e-02;1.4250000e+02;7.0701003e-02;1.4250000e+02;1.0173568e-01;1.4250000e+02;1.3776456e-01;1.4250000e+02;1.7532545e-01;1.4250000e+02;2.0218210e-01;1.4250000e+02;2.1961865e-01;1.4250000e+02;2.2329636e-01;1.4250000e+02;2.1662477e-01;1.4250000e+02;1.9458684e-01;1.4250000e+02;1.5983751e-01;1.4250000e+02;1.1888196e-01;1.4250000e+02;7.7093169e-02;1.4250000e+02;3.7537526e-02;1.4250000e+02;-6.1384775e-03;1.4250000e+02;-4.2474978e-03;1.4250000e+02;4.5807008e-03;1.4250000e+02;2.0901324e-02;1.4250000e+02;4.4679336e-02;1.4250000e+02;7.0701003e-02;1.4250000e+02;1.0173568e-01;1.4250000e+02;1.3776456e-01;1.4250000e+02;1.7532545e-01;1.4250000e+02;2.0218210e-01;1.4250000e+02;2.1961865e-01;1.4250000e+02;2.2329636e-01;1.4250000e+02;2.1662477e-01;1.4250000e+02;1.9458684e-01;1.4250000e+02;1.5983751e-01;1.4250000e+02;1.1888196e-01;1.4250000e+02;7.7093169e-02;1.4250000e+02;3.7537526e-02;1.4250000e+02;-6.1384775e-03;1.4250000e+02;-4.2474978e-03;1.4250000e+02;4.5807008e-03;1.4250000e+02;2.0901324e-02;1.4250000e+02;4.4679336e-02;1.4250000e+02;7.0701003e-02;1.4250000e+02;1.0173568e-01;1.4250000e+02;1.3776456e-01;1.4250000e+02;1.7532545e-01;1.4250000e+02;2.0218210e-01;1.4250000e+02;2.1961865e-01;1.4250000e+02;2.2329636e-01;1.4250000e+02;2.1662477e-01;1.4250000e+02;1.9458684e-01;1.4250000e+02;1.5983751e-01;1.4250000e+02;1.1888196e-01;1.4250000e+02;7.7093169e-02;1.4250000e+02;3.7537526e-02;1.4250000e+02;-6.1384775e-03;1.4250000e+02;-4.2474978e-03;1.4250000e+02;4.5807008e-03;1.4250000e+02;2.0901324e-02;1.4250000e+02;4.4679336e-02;1.4250000e+02;7.0701003e-02;1.4250000e+02;1.0173568e-01;1.4250000e+02;1.3776456e-01;1.4250000e+02;1.7532545e-01;1.4250000e+02;2.0218210e-01;1.4250000e+02;2.1961865e-01;1.4250000e+02;2.2329636e-01;1.4250000e+02;2.1662477e-01;1.4250000e+02;1.9458684e-01;1.4250000e+02;1.5983751e-01;1.4250000e+02;1.1888196e-01;1.4250000e+02;7.7093169e-02;1.4250000e+02;3.7537526e-02;1.4250000e+02;-6.1384775e-03;1.4250000e+02;-4.2474978e-03;1.4250000e+02;4.5807008e-03;1.4250000e+02;2.0901324e-02;1.4250000e+02;4.4679336e-02;1.4250000e+02;7.0701003e-02;1.4250000e+02;1.0173568e-01;1.4250000e+02;1.3776456e-01;1.4250000e+02;1.7532545e-01;1.4250000e+02;2.0218210e-01;1.4250000e+02;2.1961865e-01;1.4250000e+02;2.2329636e-01;1.4250000e+02;2.1662477e-01;1.4250000e+02;1.9458684e-01;1.4250000e+02;1.5983751e-01;1.4250000e+02;1.1888196e-01;1.4250000e+02;7.7093169e-02;1.4250000e+02;3.7537526e-02;1.4250000e+02;-6.1384775e-03;1.4250000e+02;-4.2474978e-03;1.4250000e+02;4.5807008e-03;1.4250000e+02;2.0901324e-02;1.4250000e+02;4.4679336e-02;1.4250000e+02;7.0701003e-02;1.4250000e+02;1.0173568e-01;1.4250000e+02;1.3776456e-01;1.4250000e+02;1.7532545e-01;1.4250000e+02;2.0218210e-01;1.4250000e+02;2.1961865e-01;1.4250000e+02;2.2329636e-01;1.4250000e+02;2.1662477e-01;1.4250000e+02;1.9458684e-01;1.4250000e+02;1.5983751e-01;1.4250000e+02;1.1888196e-01;1.4250000e+02;7.7093169e-02;1.4250000e+02;3.7537526e-02;1.4250000e+02;-6.1384775e-03;1.4250000e+02;-4.2474978e-03;1.4250000e+02;4.5807008e-03;1.4250000e+02;2.0901324e-02;1.4250000e+02;4.4679336e-02;1.4250000e+02;7.0701003e-02;1.4250000e+02;1.0173568e-01;1.4250000e+02;1.3776456e-01;1.4250000e+02;1.7532545e-01;1.4250000e+02;2.0218210e-01;1.4250000e+02;2.1961865e-01;1.4250000e+02;2.2329636e-01;1.4250000e+02;2.1662477e-01;1.4250000e+02;1.9458684e-01;1.4250000e+02;1.5983751e-01;1.4250000e+02;1.1888196e-01;1.4250000e+02;7.7093169e-02;1.4250000e+02;3.7537526e-02;1.4250000e+02;-6.1384775e-03;1.4250000e+02;-4.2474978e-03;1.4250000e+02;4.5807008e-03;1.4250000e+02;2.0901324e-02;1.4250000e+02;4.4679336e-02;1.4250000e+02;7.0701003e-02;1.4250000e+02;1.0173568e-01;1.4250000e+02;1.3776456e-01;1.4250000e+02;1.7532545e-01;1.4250000e+02;2.0218210e-01;1.4250000e+02;2.1961865e-01;1.4250000e+02;2.2329636e-01;1.4250000e+02;2.1662477e-01;1.4250000e+02;1.9458684e-01;1.4250000e+02;1.5983751e-01;1.4250000e+02;1.1888196e-01;1.4250000e+02;7.7093169e-02;1.4250000e+02;3.7537526e-02;1.4250000e+02;-6.1384775e-03;1.4250000e+02;-4.2474978e-03;1.4250000e+02;4.5807008e-03;1.4250000e+02;2.0901324e-02;1.4250000e+02;4.4679336e-02;1.4250000e+02;7.0701003e-02;1.4250000e+02;1.0173568e-01;1.4250000e+02;1.3776456e-01;1.4250000e+02;1.7532545e-01;1.4250000e+02;2.0218210e-01;1.4250000e+02;2.1961865e-01;1.4250000e+02;2.2329636e-01;1.4250000e+02;2.1662477e-01;1.4250000e+02;1.9458684e-01;1.4250000e+02;1.5983751e-01;1.4250000e+02;1.1888196e-01;1.4250000e+02;7.7093169e-02;1.4250000e+02;3.7537526e-02;1.4250000e+02;-6.1384775e-03;1.4250000e+02;-4.2474978e-03;1.4250000e+02;4.5807008e-03;1.4250000e+02;2.0901324e-02;1.4250000e+02;4.4679336e-02;1.4250000e+02;7.0701003e-02;1.4250000e+02;1.0173568e-01;1.4250000e+02;1.3776456e-01;1.4250000e+02;1.7532545e-01;1.4250000e+02;2.0218210e-01;1.4250000e+02;2.1961865e-01;1.4250000e+02;2.2329636e-01;1.4250000e+02;2.1662477e-01;1.4250000e+02;1.9458684e-01;1.4250000e+02;1.5983751e-01;1.4250000e+02;1.1888196e-01;1.4250000e+02;7.7093169e-02;1.4250000e+02;3.7537526e-02;1.4250000e+02;-6.1384775e-03;1.4250000e+02;-4.2474978e-03;1.4250000e+02;4.5807008e-03;1.4250000e+02;2.0901324e-02;1.4250000e+02;4.4679336e-02;1.4250000e+02;7.0701003e-02;1.4250000e+02;1.0173568e-01;1.4250000e+02;1.3776456e-01;1.4250000e+02;1.7532545e-01;1.4250000e+02;2.0218210e-01;1.4250000e+02;2.1961865e-01;1.4250000e+02;2.2329636e-01;1.4250000e+02;2.1662477e-01;1.4250000e+02;1.9458684e-01;1.4250000e+02;1.5983751e-01;1.4250000e+02;1.1888196e-01;1.4250000e+02;7.7093169e-02;1.4250000e+02;3.7537526e-02;1.4250000e+02;-6.1384775e-03;1.4250000e+02;-4.2474978e-03;1.4250000e+02;4.5807008e-03;1.4250000e+02;2.0901324e-02;1.4250000e+02;4.4679336e-02;1.4250000e+02;7.0701003e-02;1.4250000e+02;1.0173568e-01;1.4250000e+02;1.3776456e-01;1.4250000e+02;1.7532545e-01;1.4250000e+02;2.0218210e-01;1.4250000e+02;2.1961865e-01;1.4250000e+02;2.2329636e-01;1.4250000e+02;2.1662477e-01;1.4250000e+02;1.9458684e-01;1.4250000e+02;1.5983751e-01;1.4250000e+02;1.1888196e-01;1.4250000e+02;7.7093169e-02;1.4250000e+02;3.7537526e-02;1.4250000e+02;-6.1384775e-03;1.4250000e+02;-4.2474978e-03;1.4250000e+02;4.5807008e-03;1.4250000e+02;2.0901324e-02;1.4250000e+02;4.4679336e-02;1.4250000e+02;7.0701003e-02;1.4250000e+02;1.0173568e-01;1.4250000e+02;1.3776456e-01;1.4250000e+02;1.7532545e-01;1.4250000e+02;2.0218210e-01;1.4250000e+02;2.1961865e-01;1.4250000e+02;2.2329636e-01;1.4250000e+02;2.1662477e-01;1.4250000e+02;1.9458684e-01;1.4250000e+02;1.5983751e-01;1.4250000e+02;1.1888196e-01;1.4250000e+02;7.7093169e-02;1.4250000e+02;3.7537526e-02;1.4250000e+02;-6.1384775e-03;1.4250000e+02;-4.2474978e-03;1.4250000e+02;4.5807008e-03;1.4250000e+02;2.0901324e-02;1.4250000e+02;4.4679336e-02;1.4250000e+02;7.0701003e-02;1.4250000e+02;1.0173568e-01;1.4250000e+02;1.3776456e-01;1.4250000e+02;1.7532545e-01;1.4250000e+02;2.0218210e-01;1.4250000e+02;2.1961865e-01;1.4250000e+02;2.2329636e-01;1.4250000e+02;2.1662477e-01;1.4250000e+02;1.9458684e-01;1.4250000e+02;1.5983751e-01;1.4250000e+02;1.1888196e-01;1.4250000e+02;7.7093169e-02;1.4250000e+02;3.7537526e-02;1.4250000e+02;-6.1384775e-03;1.4250000e+02;-4.2474978e-03;1.4250000e+02;4.5807008e-03;1.4250000e+02;2.0901324e-02;1.4250000e+02;4.4679336e-02;1.4250000e+02;7.0701003e-02;1.4250000e+02;1.0173568e-01;1.4250000e+02;1.3776456e-01;1.4250000e+02;1.7532545e-01;1.4250000e+02;2.0218210e-01;1.4250000e+02;2.1961865e-01;1.4250000e+02;2.2329636e-01;1.4250000e+02;2.1662477e-01;1.4250000e+02;1.9458684e-01;1.4250000e+02;1.5983751e-01;1.4250000e+02;1.1888196e-01;1.4250000e+02;7.7093169e-02;1.4250000e+02;3.7537526e-02;1.4250000e+02;-6.1384775e-03;1.4250000e+02;-4.2474978e-03;1.4250000e+02;4.5807008e-03;1.4250000e+02;2.0901324e-02;1.4250000e+02;4.4679336e-02;1.4250000e+02;7.0701003e-02;1.4250000e+02;1.0173568e-01;1.4250000e+02;1.3776456e-01;1.4250000e+02;1.7532545e-01;1.4250000e+02;2.0218210e-01;1.4250000e+02;2.1961865e-01;1.4250000e+02;2.2329636e-01;1.4250000e+02;2.1662477e-01;1.4250000e+02;1.9458684e-01;1.4250000e+02;1.5983751e-01;1.4250000e+02;1.1888196e-01;1.4250000e+02;7.7093169e-02;1.4250000e+02;3.7537526e-02;1.4250000e+02;-6.1384775e-03;1.4250000e+02;-4.2474978e-03;1.4250000e+02;4.5807008e-03;1.4250000e+02;2.0901324e-02;1.4250000e+02;4.4679336e-02;1.4250000e+02;7.0701003e-02;1.4250000e+02;1.0173568e-01;1.4250000e+02;1.3776456e-01;1.4250000e+02;1.7532545e-01;1.4250000e+02;2.0218210e-01;1.4250000e+02;2.1961865e-01;1.4250000e+02;2.2329636e-01;1.4250000e+02;2.1662477e-01;1.4250000e+02;1.9458684e-01;1.4250000e+02;1.5983751e-01;1.4250000e+02;1.1888196e-01;1.4250000e+02;7.7093169e-02;1.4250000e+02;3.7537526e-02;1.4250000e+02;-6.1384775e-03;1.4250000e+02;-4.2474978e-03;1.4250000e+02;4.5807008e-03;1.4250000e+02;2.0901324e-02;1.4250000e+02;4.4679336e-02;1.4250000e+02;7.0701003e-02;1.4250000e+02;1.0173568e-01;1.4250000e+02;1.3776456e-01;1.4250000e+02;1.7532545e-01;1.4250000e+02;2.0218210e-01;1.4250000e+02;2.1961865e-01;1.4250000e+02;2.2329636e-01;1.4250000e+02;2.1662477e-01;1.4250000e+02;1.9458684e-01;1.4250000e+02;1.5983751e-01;1.4250000e+02;1.1888196e-01;1.4250000e+02;7.7093169e-02;1.4250000e+02;3.7537526e-02;1.4250000e+02;-6.1384775e-03;1.4250000e+02;-4.2474978e-03;1.4250000e+02;4.5807008e-03;1.4250000e+02;2.0901324e-02;1.4250000e+02;4.4679336e-02;1.4250000e+02;7.0701003e-02;1.4250000e+02;1.0173568e-01;1.4250000e+02;1.3776456e-01;1.4250000e+02;1.7532545e-01;1.4250000e+02;2.0218210e-01;1.4250000e+02;2.1961865e-01;1.4250000e+02;2.2329636e-01;1.4250000e+02;2.1662477e-01;1.4250000e+02;1.9458684e-01;1.4250000e+02;1.5983751e-01;1.4250000e+02;1.1888196e-01;1.4250000e+02;7.7093169e-02;1.4250000e+02;3.7537526e-02;1.4250000e+02;-6.1384775e-03;1.4250000e+02;-4.2474978e-03;1.4250000e+02;4.5807008e-03;1.4250000e+02;2.0901324e-02;1.4250000e+02;4.4679336e-02;1.4250000e+02;7.0701003e-02;1.4250000e+02;1.0173568e-01;1.4250000e+02;1.3776456e-01;1.4250000e+02;1.7532545e-01;1.4250000e+02;2.0218210e-01;1.4250000e+02;2.1961865e-01;1.4250000e+02;2.2329636e-01;1.4250000e+02;2.1662477e-01;1.4250000e+02;1.9458684e-01;1.4250000e+02;1.5983751e-01;1.4250000e+02;1.1888196e-01;1.4250000e+02;7.7093169e-02;1.4250000e+02;3.7537526e-02;1.4250000e+02;-6.1384775e-03;1.4250000e+02;-4.2474978e-03;1.4250000e+02;4.5807008e-03;1.4250000e+02;2.0901324e-02;1.4250000e+02;4.4679336e-02;1.4250000e+02;7.0701003e-02;1.4250000e+02;1.0173568e-01;1.4250000e+02;1.3776456e-01;1.4250000e+02;1.7532545e-01;1.4250000e+02;2.0218210e-01;1.4250000e+02;2.1961865e-01;1.4250000e+02;2.2329636e-01;1.4250000e+02;2.1662477e-01;1.4250000e+02;1.9458684e-01;1.4250000e+02;1.5983751e-01;1.4250000e+02;1.1888196e-01;1.4250000e+02;7.7093169e-02;1.4250000e+02;3.7537526e-02;1.4250000e+02;-6.1384775e-03;1.4250000e+02;-4.2474978e-03;1.4250000e+02;4.5807008e-03;1.4250000e+02;2.0901324e-02;1.4250000e+02;4.4679336e-02;1.4250000e+02;7.0701003e-02;1.4250000e+02;1.0173568e-01;1.4250000e+02;1.3776456e-01;1.4250000e+02;1.7532545e-01;1.4250000e+02;2.0218210e-01;1.4250000e+02;2.1961865e-01;1.4250000e+02;2.2329636e-01;1.4250000e+02;2.1662477e-01;1.4250000e+02;1.9458684e-01;1.4250000e+02;1.5983751e-01;1.4250000e+02;1.1888196e-01;1.4250000e+02;7.7093169e-02;1.4250000e+02;3.7537526e-02;1.4250000e+02;-6.1384775e-03;1.4250000e+02;-4.2474978e-03;1.4250000e+02;4.5807008e-03;1.4250000e+02;2.0901324e-02;1.4250000e+02;4.4679336e-02;1.4250000e+02;7.0701003e-02;1.4250000e+02;1.0173568e-01;1.4250000e+02;1.3776456e-01;1.4250000e+02;1.7532545e-01;1.4250000e+02;2.0218210e-01;1.4250000e+02;2.1961865e-01;1.4250000e+02;2.2329636e-01;1.4250000e+02;2.1662477e-01;1.4250000e+02;1.9458684e-01;1.4250000e+02;1.5983751e-01;1.4250000e+02;1.1888196e-01;1.4250000e+02;7.7093169e-02;1.4250000e+02;3.7537526e-02;1.4250000e+02;-6.1384775e-03;1.4250000e+02;-4.2474978e-03;1.4250000e+02;4.5807008e-03;1.4250000e+02;2.0901324e-02;1.4250000e+02;4.4679336e-02;1.4250000e+02;7.0701003e-02;1.4250000e+02;1.0173568e-01;1.4250000e+02;1.3776456e-01;1.4250000e+02;1.7532545e-01;1.4250000e+02;2.0218210e-01;1.4250000e+02;2.1961865e-01;1.4250000e+02;2.2329636e-01;1.4250000e+02;2.1662477e-01;1.4250000e+02;1.9458684e-01;1.4250000e+02;1.5983751e-01;1.4250000e+02;1.1888196e-01;1.4250000e+02;7.7093169e-02;1.4250000e+02;3.7537526e-02;1.4250000e+02;-6.1384775e-03;1.4250000e+02;-4.2474978e-03;1.4250000e+02;4.5807008e-03;1.4250000e+02;2.0901324e-02;1.4250000e+02;4.4679336e-02;1.4250000e+02;7.0701003e-02;1.4250000e+02;1.0173568e-01;1.4250000e+02;1.3776456e-01;1.4250000e+02;1.7532545e-01;1.4250000e+02;2.0218210e-01;1.4250000e+02;2.1961865e-01;1.4250000e+02;2.2329636e-01;1.4250000e+02;2.1662477e-01;1.4250000e+02;1.9458684e-01;1.4250000e+02;1.5983751e-01;1.4250000e+02;1.1888196e-01;1.4250000e+02;7.7093169e-02;1.4250000e+02;3.7537526e-02;1.4250000e+02;-6.1384775e-03;1.4250000e+02;-4.2474978e-03;1.4250000e+02;4.5807008e-03;1.4250000e+02;2.0901324e-02;1.4250000e+02;4.4679336e-02;1.4250000e+02;7.0701003e-02;1.4250000e+02;1.0173568e-01;1.4250000e+02;1.3776456e-01;1.4250000e+02;1.7532545e-01;1.4250000e+02;2.0218210e-01;1.4250000e+02;2.1961865e-01;1.4250000e+02;2.2329636e-01;1.4250000e+02;2.1662477e-01;1.4250000e+02;1.9458684e-01;1.4250000e+02;1.5983751e-01;1.4250000e+02;1.1888196e-01;1.4250000e+02;7.7093169e-02;1.4250000e+02;3.7537526e-02;1.4250000e+02;-6.1384775e-03;1.4250000e+02;-4.2474978e-03;1.4250000e+02;4.5807008e-03;1.4250000e+02;2.0901324e-02;1.4250000e+02;4.4679336e-02;1.4250000e+02;7.0701003e-02;1.4250000e+02;1.0173568e-01;1.4250000e+02;1.3776456e-01;1.4250000e+02;1.7532545e-01;1.4250000e+02;2.0218210e-01;1.4250000e+02;2.1961865e-01;1.4250000e+02;2.2329636e-01;1.4250000e+02;2.1662477e-01;1.4250000e+02;1.9458684e-01;1.4250000e+02;1.5983751e-01;1.4250000e+02;1.1888196e-01;1.4250000e+02;7.7093169e-02;1.4250000e+02;3.7537526e-02;1.4250000e+02;-6.1384775e-03;1.4250000e+02;-4.2474978e-03;1.4250000e+02;4.5807008e-03;1.4250000e+02;2.0901324e-02;1.4250000e+02;4.4679336e-02;1.4250000e+02;7.0701003e-02;1.4250000e+02;1.0173568e-01;1.4250000e+02;1.3776456e-01;1.4250000e+02;1.7532545e-01;1.4250000e+02;2.0218210e-01;1.4250000e+02;2.1961865e-01;1.4250000e+02;2.2329636e-01;1.4250000e+02;2.1662477e-01;1.4250000e+02;1.9458684e-01;1.4250000e+02;1.5983751e-01;1.4250000e+02;1.1888196e-01;1.4250000e+02;7.7093169e-02;1.4250000e+02;3.7537526e-02;1.4250000e+02;-6.1384775e-03;1.4250000e+02;-4.2474978e-03;1.4250000e+02;4.5807008e-03;1.4250000e+02;2.0901324e-02;1.4250000e+02;4.4679336e-02;1.4250000e+02;7.0701003e-02;1.4250000e+02;1.0173568e-01;1.4250000e+02;1.3776456e-01;1.4250000e+02;1.7532545e-01;1.4250000e+02;2.0218210e-01;1.4250000e+02;2.1961865e-01;1.4250000e+02;2.2329636e-01;1.4250000e+02;2.1662477e-01;1.4250000e+02;1.9458684e-01;1.4250000e+02;1.5983751e-01;1.4250000e+02;1.1888196e-01;1.4250000e+02;7.7093169e-02;1.4250000e+02;3.7537526e-02;1.4250000e+02;-6.1384775e-03;1.4250000e+02;-4.2474978e-03;1.4250000e+02;4.5807008e-03;1.4250000e+02;2.0901324e-02;1.4250000e+02;4.4679336e-02;1.4250000e+02;7.0701003e-02;1.4250000e+02;1.0173568e-01;1.4250000e+02;1.3776456e-01;1.4250000e+02;1.7532545e-01;1.4250000e+02;2.0218210e-01;1.4250000e+02;2.1961865e-01;1.4250000e+02;2.2329636e-01;1.4250000e+02;2.1662477e-01;1.4250000e+02;1.9458684e-01;1.4250000e+02;1.5983751e-01;1.4250000e+02;1.1888196e-01;1.4250000e+02;7.7093169e-02;1.4250000e+02;3.7537526e-02;1.4250000e+02;-6.1384775e-03;1.4250000e+02;-4.2474978e-03;1.4250000e+02;4.5807008e-03;1.4250000e+02;2.0901324e-02;1.4250000e+02;4.4679336e-02;1.4250000e+02;7.0701003e-02;1.4250000e+02;1.0173568e-01;1.4250000e+02;1.3776456e-01;1.4250000e+02;1.7532545e-01;1.4250000e+02;2.0218210e-01;1.4250000e+02;2.1961865e-01;1.4250000e+02;2.2329636e-01;1.4250000e+02;2.1662477e-01;1.4250000e+02;1.9458684e-01;1.4250000e+02;1.5983751e-01;1.4250000e+02;1.1888196e-01;1.4250000e+02;7.7093169e-02;1.4250000e+02;3.7537526e-02;1.4250000e+02;-6.1384775e-03;1.4250000e+02;-4.2474978e-03;1.4250000e+02;4.5807008e-03;1.4250000e+02;2.0901324e-02;1.4250000e+02;4.4679336e-02;1.4250000e+02;7.0701003e-02;1.4250000e+02;1.0173568e-01;1.4250000e+02;1.3776456e-01;1.4250000e+02;1.7532545e-01;1.4250000e+02;2.0218210e-01;1.4250000e+02;2.1961865e-01;1.4250000e+02;2.2329636e-01;1.4250000e+02;2.1662477e-01;1.4250000e+02;1.9458684e-01;1.4250000e+02;1.5983751e-01;1.4250000e+02;1.1888196e-01;1.4250000e+02;7.7093169e-02;1.4250000e+02;3.7537526e-02;1.4250000e+02;-6.1384775e-03;1.4250000e+02;-4.2474978e-03;1.4250000e+02;4.5807008e-03;1.4250000e+02;2.0901324e-02;1.4250000e+02;4.4679336e-02;1.4250000e+02;7.0701003e-02;1.4250000e+02;1.0173568e-01;1.4250000e+02;1.3776456e-01;1.4250000e+02;1.7532545e-01;1.4250000e+02;2.0218210e-01;1.4250000e+02;2.1961865e-01;1.4250000e+02;2.2329636e-01;1.4250000e+02;2.1662477e-01;1.4250000e+02;1.9458684e-01;1.4250000e+02;1.5983751e-01;1.4250000e+02;1.1888196e-01;1.4250000e+02;7.7093169e-02;1.4250000e+02;3.7537526e-02;1.4250000e+02;-6.1384775e-03;1.4250000e+02;-4.2474978e-03;1.4250000e+02;4.5807008e-03;1.4250000e+02;2.0901324e-02;1.4250000e+02;4.4679336e-02;1.4250000e+02;7.0701003e-02;1.4250000e+02;1.0173568e-01;1.4250000e+02;1.3776456e-01;1.4250000e+02;1.7532545e-01;1.4250000e+02;2.0218210e-01;1.4250000e+02;2.1961865e-01;1.4250000e+02;2.2329636e-01;1.4250000e+02;2.1662477e-01;1.4250000e+02;1.9458684e-01;1.4250000e+02;1.5983751e-01;1.4250000e+02;1.1888196e-01;1.4250000e+02;7.7093169e-02;1.4250000e+02;3.7537526e-02;1.4250000e+02;-6.1384775e-03;1.4250000e+02;-4.2474978e-03;1.4250000e+02;4.5807008e-03;1.4250000e+02;2.0901324e-02;1.4250000e+02;4.4679336e-02;1.4250000e+02;7.0701003e-02;1.4250000e+02;1.0173568e-01;1.4250000e+02;1.3776456e-01;1.4250000e+02;1.7532545e-01;1.4250000e+02;2.0218210e-01;1.4250000e+02;2.1961865e-01;1.4250000e+02;2.2329636e-01;1.4250000e+02;2.1662477e-01;1.4250000e+02;1.9458684e-01;1.4250000e+02;1.5983751e-01;1.4250000e+02;1.1888196e-01;1.4250000e+02;7.7093169e-02;1.4250000e+02;3.7537526e-02;1.4250000e+02;-6.1384775e-03;1.4250000e+02;-4.2474978e-03;1.4250000e+02;4.5807008e-03;1.4250000e+02;2.0901324e-02;1.4250000e+02;4.4679336e-02;1.4250000e+02;7.0701003e-02;1.4250000e+02;1.0173568e-01;1.4250000e+02;1.3776456e-01;1.4250000e+02;1.7532545e-01;1.4250000e+02;2.0218210e-01;1.4250000e+02;2.1961865e-01;1.4250000e+02;2.2329636e-01;1.4250000e+02;2.1662477e-01;1.4250000e+02;1.9458684e-01;1.4250000e+02;1.5983751e-01;1.4250000e+02;1.1888196e-01;1.4250000e+02;7.7093169e-02;1.4250000e+02;3.7537526e-02;1.4250000e+02;-6.1384775e-03;1.4250000e+02;-4.2474978e-03;1.4250000e+02;4.5807008e-03;1.4250000e+02;2.0901324e-02;1.4250000e+02;4.4679336e-02;1.4250000e+02;7.0701003e-02;1.4250000e+02;1.0173568e-01;1.4250000e+02;1.3776456e-01;1.4250000e+02;1.7532545e-01;1.4250000e+02;2.0218210e-01;1.4250000e+02;2.1961865e-01;1.4250000e+02;2.2329636e-01;1.4250000e+02;2.1662477e-01;1.4250000e+02;1.9458684e-01;1.4250000e+02;1.5983751e-01;1.4250000e+02;1.1888196e-01;1.4250000e+02;7.7093169e-02;1.4250000e+02;3.7537526e-02;1.4250000e+02;-6.1384775e-03;1.4250000e+02;-4.2474978e-03;1.4250000e+02;4.5807008e-03;1.4250000e+02;2.0901324e-02;1.4250000e+02;4.4679336e-02;1.4250000e+02;7.0701003e-02;1.4250000e+02;1.0173568e-01;1.4250000e+02;1.3776456e-01;1.4250000e+02;1.7532545e-01;1.4250000e+02;2.0218210e-01;1.4250000e+02;2.1961865e-01;1.4250000e+02;2.2329636e-01;1.4250000e+02;2.1662477e-01;1.4250000e+02;1.9458684e-01;1.4250000e+02;1.5983751e-01;1.4250000e+02;1.1888196e-01;1.4250000e+02;7.7093169e-02;1.4250000e+02;3.7537526e-02;1.4250000e+02;-6.1384775e-03;1.4250000e+02;-4.2474978e-03;1.4250000e+02;4.5807008e-03;1.4250000e+02;2.0901324e-02;1.4250000e+02;4.4679336e-02;1.4250000e+02;7.0701003e-02;1.4250000e+02;1.0173568e-01;1.4250000e+02;1.3776456e-01;1.4250000e+02;1.7532545e-01;1.4250000e+02;2.0218210e-01;1.4250000e+02;2.1961865e-01;1.4250000e+02;2.2329636e-01;1.4250000e+02;2.1662477e-01;1.4250000e+02;1.9458684e-01;1.4250000e+02;1.5983751e-01;1.4250000e+02;1.1888196e-01;1.4250000e+02;7.7093169e-02;1.4250000e+02;3.7537526e-02;1.4250000e+02;-6.1384775e-03;1.4250000e+02;-4.2474978e-03;1.4250000e+02;4.5807008e-03;1.4250000e+02;2.0901324e-02;1.4250000e+02;4.4679336e-02;1.4250000e+02;7.0701003e-02;1.4250000e+02;1.0173568e-01;1.4250000e+02;1.3776456e-01;1.4250000e+02;1.7532545e-01;1.4250000e+02;2.0218210e-01;1.4250000e+02;2.1961865e-01;1.4250000e+02;2.2329636e-01;1.4250000e+02;2.1662477e-01;1.4250000e+02;1.9458684e-01;1.4250000e+02;1.5983751e-01;1.4250000e+02;1.1888196e-01;1.4250000e+02;7.7093169e-02;1.4250000e+02;3.7537526e-02;1.4250000e+02;-6.1384775e-03;1.4250000e+02;-4.2474978e-03;1.4250000e+02;4.5807008e-03;1.4250000e+02;2.0901324e-02;1.4250000e+02;4.4679336e-02;1.4250000e+02;7.0701003e-02;1.4250000e+02;1.0173568e-01;1.4250000e+02;1.3776456e-01;1.4250000e+02;1.7532545e-01;1.4250000e+02;2.0218210e-01;1.4250000e+02;2.1961865e-01;1.4250000e+02;2.2329636e-01;1.4250000e+02;2.1662477e-01;1.4250000e+02;1.9458684e-01;1.4250000e+02;1.5983751e-01;1.4250000e+02;1.1888196e-01;1.4250000e+02;7.7093169e-02;1.4250000e+02;3.7537526e-02;1.4250000e+02;-6.1384775e-03;1.4250000e+02;-4.2474978e-03;1.4250000e+02;4.5807008e-03;1.4250000e+02;2.0901324e-02;1.4250000e+02;4.4679336e-02;1.4250000e+02;7.0701003e-02;1.4250000e+02;1.0173568e-01;1.4250000e+02;1.3776456e-01;1.4250000e+02;1.7532545e-01;1.4250000e+02;2.0218210e-01;1.4250000e+02;2.1961865e-01;1.4250000e+02;2.2329636e-01;1.4250000e+02;2.1662477e-01;1.4250000e+02;1.9458684e-01;1.4250000e+02;1.5983751e-01;1.4250000e+02;1.1888196e-01;1.4250000e+02;7.7093169e-02;1.4250000e+02;3.7537526e-02;1.4250000e+02;-6.1384775e-03;1.4250000e+02;-4.2474978e-03;1.4250000e+02;4.5807008e-03;1.4250000e+02;2.0901324e-02;1.4250000e+02;4.4679336e-02;1.4250000e+02;7.0701003e-02;1.4250000e+02;1.0173568e-01;1.4250000e+02;1.3776456e-01;1.4250000e+02;1.7532545e-01;1.4250000e+02;2.0218210e-01;1.4250000e+02;2.1961865e-01;1.4250000e+02;2.2329636e-01;1.4250000e+02;2.1662477e-01;1.4250000e+02;1.9458684e-01;1.4250000e+02;1.5983751e-01;1.4250000e+02;1.1888196e-01;1.4250000e+02;7.7093169e-02;1.4250000e+02;3.7537526e-02;1.4250000e+02;-6.1384775e-03;1.4250000e+02;-4.2474978e-03;1.4250000e+02;4.5807008e-03;1.4250000e+02;2.0901324e-02;1.4250000e+02;4.4679336e-02;1.4250000e+02;7.0701003e-02;1.4250000e+02;1.0173568e-01;1.4250000e+02;1.3776456e-01;1.4250000e+02;1.7532545e-01;1.4250000e+02;2.0218210e-01;1.4250000e+02;2.1961865e-01;1.4250000e+02;2.2329636e-01;1.4250000e+02;2.1662477e-01;1.4250000e+02;1.9458684e-01;1.4250000e+02;1.5983751e-01;1.4250000e+02;1.1888196e-01;1.4250000e+02;7.7093169e-02;1.4250000e+02;3.7537526e-02;1.4250000e+02;-6.1384775e-03;1.4250000e+02;-4.2474978e-03;1.4250000e+02;4.5807008e-03;1.4250000e+02;2.0901324e-02;1.4250000e+02;4.4679336e-02;1.4250000e+02;7.0701003e-02;1.4250000e+02;1.0173568e-01;1.4250000e+02;1.3776456e-01;1.4250000e+02;1.7532545e-01;1.4250000e+02;2.0218210e-01;1.4250000e+02;2.1961865e-01;1.4250000e+02;2.2329636e-01;1.4250000e+02;2.1662477e-01;1.4250000e+02;1.9458684e-01;1.4250000e+02;1.5983751e-01;1.4250000e+02;1.1888196e-01;1.4250000e+02;7.7093169e-02;1.4250000e+02;3.7537526e-02;1.4250000e+02;-6.1384775e-03;1.4250000e+02;-4.2474978e-03;1.4250000e+02;4.5807008e-03;1.4250000e+02;2.0901324e-02;1.4250000e+02;4.4679336e-02;1.4250000e+02;7.0701003e-02;1.4250000e+02;1.0173568e-01;1.4250000e+02;1.3776456e-01;1.4250000e+02;1.7532545e-01;1.4250000e+02;2.0218210e-01;1.4250000e+02;2.1961865e-01;1.4250000e+02;2.2329636e-01;1.4250000e+02;2.1662477e-01;1.4250000e+02;1.9458684e-01;1.4250000e+02;1.5983751e-01;1.4250000e+02;1.1888196e-01;1.4250000e+02;7.7093169e-02;1.4250000e+02;3.7537526e-02;1.4250000e+02;-6.1384775e-03;1.4250000e+02;-4.2474978e-03;1.4250000e+02;4.5807008e-03;1.4250000e+02;2.0901324e-02;1.4250000e+02;4.4679336e-02;1.4250000e+02;7.0701003e-02;1.4250000e+02;1.0173568e-01;1.4250000e+02;1.3776456e-01;1.4250000e+02;1.7532545e-01;1.4250000e+02;2.0218210e-01;1.4250000e+02;2.1961865e-01;1.4250000e+02;2.2329636e-01;1.4250000e+02;2.1662477e-01;1.4250000e+02;1.9458684e-01;1.4250000e+02;1.5983751e-01;1.4250000e+02;1.1888196e-01;1.4250000e+02;7.7093169e-02;1.4250000e+02;3.7537526e-02;1.4250000e+02;-6.1384775e-03;1.4250000e+02;-4.2474978e-03;1.4250000e+02;4.5807008e-03;1.4250000e+02;2.0901324e-02;1.4250000e+02;4.4679336e-02;1.4250000e+02;7.0701003e-02;1.4250000e+02;1.0173568e-01;1.4250000e+02;1.3776456e-01;1.4250000e+02;1.7532545e-01;1.4250000e+02;2.0218210e-01;1.4250000e+02;2.1961865e-01;1.4250000e+02;2.2329636e-01;1.4250000e+02;2.1662477e-01;1.4250000e+02;1.9458684e-01;1.4250000e+02;1.5983751e-01;1.4250000e+02;1.1888196e-01;1.4250000e+02;7.7093169e-02;1.4250000e+02;3.7537526e-02;1.4250000e+02;-6.1384775e-03;1.4250000e+02;-4.2474978e-03;1.4250000e+02;4.5807008e-03;1.4250000e+02;2.0901324e-02;1.4250000e+02;4.4679336e-02;1.4250000e+02;7.0701003e-02;1.4250000e+02;1.0173568e-01;1.4250000e+02;1.3776456e-01;1.4250000e+02;1.7532545e-01;1.4250000e+02;2.0218210e-01;1.4250000e+02;2.1961865e-01;1.4250000e+02;2.2329636e-01;1.4250000e+02;2.1662477e-01;1.4250000e+02;1.9458684e-01;1.4250000e+02;1.5983751e-01;1.4250000e+02;1.1888196e-01;1.4250000e+02;7.7093169e-02;1.4250000e+02;3.7537526e-02;1.4250000e+02;-6.1384775e-03;1.4250000e+02;-4.2474978e-03;1.4250000e+02;4.5807008e-03;1.4250000e+02;2.0901324e-02;1.4250000e+02;4.4679336e-02;1.4250000e+02;7.0701003e-02;1.4250000e+02;1.0173568e-01;1.4250000e+02;1.3776456e-01;1.4250000e+02;1.7532545e-01;1.4250000e+02;2.0218210e-01;1.4250000e+02;2.1961865e-01;1.4250000e+02;2.2329636e-01;1.4250000e+02;2.1662477e-01;1.4250000e+02;1.9458684e-01;1.4250000e+02;1.5983751e-01;1.4250000e+02;1.1888196e-01;1.4250000e+02;7.7093169e-02;1.4250000e+02;3.7537526e-02;1.4250000e+02;-6.1384775e-03;1.4250000e+02;-4.2474978e-03;1.4250000e+02;4.5807008e-03;1.4250000e+02;2.0901324e-02;1.4250000e+02;4.4679336e-02;1.4250000e+02;7.0701003e-02;1.4250000e+02;1.0173568e-01;1.4250000e+02;1.3776456e-01;1.4250000e+02;1.7532545e-01;1.4250000e+02;2.0218210e-01;1.4250000e+02;2.1961865e-01;1.4250000e+02;2.2329636e-01;1.4250000e+02;2.1662477e-01;1.4250000e+02;1.9458684e-01;1.4250000e+02;1.5983751e-01;1.4250000e+02;1.1888196e-01;1.4250000e+02;7.7093169e-02;1.4250000e+02;3.7537526e-02;1.4250000e+02;-6.1384775e-03;1.4250000e+02;-4.2474978e-03;1.4250000e+02;4.5807008e-03;1.4250000e+02;2.0901324e-02;1.4250000e+02;4.4679336e-02;1.4250000e+02;7.0701003e-02;1.4250000e+02;1.0173568e-01;1.4250000e+02;1.3776456e-01;1.4250000e+02;1.7532545e-01;1.4250000e+02;2.0218210e-01;1.4250000e+02;2.1961865e-01;1.4250000e+02;2.2329636e-01;1.4250000e+02;2.1662477e-01;1.4250000e+02;1.9458684e-01;1.4250000e+02;1.5983751e-01;1.4250000e+02;1.1888196e-01;1.4250000e+02;7.7093169e-02;1.4250000e+02;3.7537526e-02;1.4250000e+02;-6.1384775e-03;1.4250000e+02;-4.2474978e-03;1.4250000e+02;4.5807008e-03;1.4250000e+02;2.0901324e-02;1.4250000e+02;4.4679336e-02;1.4250000e+02;7.0701003e-02;1.4250000e+02;1.0173568e-01;1.4250000e+02;1.3776456e-01;1.4250000e+02;1.7532545e-01;1.4250000e+02;2.0218210e-01;1.4250000e+02;2.1961865e-01;1.4250000e+02;2.2329636e-01;1.4250000e+02;2.1662477e-01;1.4250000e+02;1.9458684e-01;1.4250000e+02;1.5983751e-01;1.4250000e+02;1.1888196e-01;1.4250000e+02;7.7093169e-02;1.4250000e+02;3.7537526e-02;1.4250000e+02;-6.1384775e-03;1.4250000e+02;-4.2474978e-03;1.4250000e+02;4.5807008e-03;1.4250000e+02;2.0901324e-02;1.4250000e+02;4.4679336e-02;1.4250000e+02;7.0701003e-02;1.4250000e+02;1.0173568e-01;1.4250000e+02;1.3776456e-01;1.4250000e+02;1.7532545e-01;1.4250000e+02;2.0218210e-01;1.4250000e+02;2.1961865e-01;1.4250000e+02;2.2329636e-01;1.4250000e+02;2.1662477e-01;1.4250000e+02;1.9458684e-01;1.4250000e+02;1.5983751e-01;1.4250000e+02;1.1888196e-01;1.4250000e+02;7.7093169e-02;1.4250000e+02;3.7537526e-02;1.4250000e+02;-6.1384775e-03;1.4250000e+02;-4.2474978e-03;1.4250000e+02;4.5807008e-03;1.4250000e+02;2.0901324e-02;1.4250000e+02;4.4679336e-02;1.4250000e+02;7.0701003e-02;1.4250000e+02;1.0173568e-01;1.4250000e+02;1.3776456e-01;1.4250000e+02;1.7532545e-01;1.4250000e+02;2.0218210e-01;1.4250000e+02;2.1961865e-01;1.4250000e+02;2.2329636e-01;1.4250000e+02;2.1662477e-01;1.4250000e+02;1.9458684e-01;1.4250000e+02;1.5983751e-01;1.4250000e+02;1.1888196e-01;1.4250000e+02;7.7093169e-02;1.4250000e+02;3.7537526e-02;1.4250000e+02;-6.1384775e-03;1.4250000e+02;-4.2474978e-03;1.4250000e+02;4.5807008e-03;1.4250000e+02;2.0901324e-02;1.4250000e+02;4.4679336e-02;1.4250000e+02;7.0701003e-02;1.4250000e+02;1.0173568e-01;1.4250000e+02;1.3776456e-01;1.4250000e+02;1.7532545e-01;1.4250000e+02;2.0218210e-01;1.4250000e+02;2.1961865e-01;1.4250000e+02;2.2329636e-01;1.4250000e+02;2.1662477e-01;1.4250000e+02;1.9458684e-01;1.4250000e+02;1.5983751e-01;1.4250000e+02;1.1888196e-01;1.4250000e+02;7.7093169e-02;1.4250000e+02;3.7537526e-02;1.4250000e+02;-6.1384775e-03;1.4250000e+02;-4.2474978e-03;1.4250000e+02;4.5807008e-03;1.4250000e+02;2.0901324e-02;1.4250000e+02;4.4679336e-02;1.4250000e+02;7.0701003e-02;1.4250000e+02;1.0173568e-01;1.4250000e+02;1.3776456e-01;1.4250000e+02;1.7532545e-01;1.4250000e+02;2.0218210e-01;1.4250000e+02;2.1961865e-01;1.4250000e+02;2.2329636e-01;1.4250000e+02;2.1662477e-01;1.4250000e+02;1.9458684e-01;1.4250000e+02;1.5983751e-01;1.4250000e+02;1.1888196e-01;1.4250000e+02;7.7093169e-02;1.4250000e+02;3.7537526e-02;1.4250000e+02;-6.1384775e-03;1.4250000e+02;-4.2474978e-03;1.4250000e+02;4.5807008e-03;1.4250000e+02;2.0901324e-02;1.4250000e+02;4.4679336e-02;1.4250000e+02;7.0701003e-02;1.4250000e+02;1.0173568e-01;1.4250000e+02;1.3776456e-01;1.4250000e+02;1.7532545e-01;1.4250000e+02;2.0218210e-01;1.4250000e+02;2.1961865e-01;1.4250000e+02;2.2329636e-01;1.4250000e+02;2.1662477e-01;1.4250000e+02;1.9458684e-01;1.4250000e+02;1.5983751e-01;1.4250000e+02;1.1888196e-01;1.4250000e+02;7.7093169e-02;1.4250000e+02;3.7537526e-02;1.4250000e+02;-6.1384775e-03;1.4250000e+02;-4.2474978e-03;1.4250000e+02;4.5807008e-03;1.4250000e+02;2.0901324e-02;1.4250000e+02;4.4679336e-02;1.4250000e+02;7.0701003e-02;1.4250000e+02;1.0173568e-01;1.4250000e+02;1.3776456e-01;1.4250000e+02;1.7532545e-01;1.4250000e+02;2.0218210e-01;1.4250000e+02;2.1961865e-01;1.4250000e+02;2.2329636e-01;1.4250000e+02;2.1662477e-01;1.4250000e+02;1.9458684e-01;1.4250000e+02;1.5983751e-01;1.4250000e+02;1.1888196e-01;1.4250000e+02;7.7093169e-02;1.4250000e+02;3.7537526e-02;1.4250000e+02;-6.1384775e-03;1.4250000e+02;-4.2474978e-03;1.4250000e+02;4.5807008e-03;1.4250000e+02;2.0901324e-02;1.4250000e+02;4.4679336e-02;1.4250000e+02;7.0701003e-02;1.4250000e+02;1.0173568e-01;1.4250000e+02;1.3776456e-01;1.4250000e+02;1.7532545e-01;1.4250000e+02;2.0218210e-01;1.4250000e+02;2.1961865e-01;1.4250000e+02;2.2329636e-01;1.4250000e+02;2.1662477e-01;1.4250000e+02;1.9458684e-01;1.4250000e+02;1.5983751e-01;1.4250000e+02;1.1888196e-01;1.4250000e+02;7.7093169e-02;1.4250000e+02;3.7537526e-02;1.4250000e+02;-6.1384775e-03;1.4250000e+02;-4.2474978e-03;1.4250000e+02;4.5807008e-03;1.4250000e+02;2.0901324e-02;1.4250000e+02;4.4679336e-02;1.4250000e+02;7.0701003e-02;1.4250000e+02;1.0173568e-01;1.4250000e+02;1.3776456e-01;1.4250000e+02;1.7532545e-01;1.4250000e+02;2.0218210e-01;1.4250000e+02;2.1961865e-01;1.4250000e+02;2.2329636e-01;1.4250000e+02;2.1662477e-01;1.4250000e+02;1.9458684e-01;1.4250000e+02;1.5983751e-01;1.4250000e+02;1.1888196e-01;1.4250000e+02;7.7093169e-02;1.4250000e+02;3.7537526e-02;1.4250000e+02;-6.1384775e-03;1.4250000e+02;-4.2474978e-03;1.4250000e+02;4.5807008e-03;1.4250000e+02;2.0901324e-02;1.4250000e+02;4.4679336e-02;1.4250000e+02;7.0701003e-02;1.4250000e+02;1.0173568e-01;1.4250000e+02;1.3776456e-01;1.4250000e+02;1.7532545e-01;1.4250000e+02;2.0218210e-01;1.4250000e+02;2.1961865e-01;1.4250000e+02;2.2329636e-01;1.4250000e+02;2.1662477e-01;1.4250000e+02;1.9458684e-01;1.4250000e+02;1.5983751e-01;1.4250000e+02;1.1888196e-01;1.4250000e+02;7.7093169e-02;1.4250000e+02;3.7537526e-02;1.4250000e+02;-6.1384775e-03;1.4250000e+02;-4.2474978e-03;1.4250000e+02;4.5807008e-03;1.4250000e+02;2.0901324e-02;1.4250000e+02;4.4679336e-02;1.4250000e+02;7.0701003e-02;1.4250000e+02;1.0173568e-01;1.4250000e+02;1.3776456e-01;1.4250000e+02;1.7532545e-01;1.4250000e+02;2.0218210e-01;1.4250000e+02;2.1961865e-01;1.4250000e+02;2.2329636e-01;1.4250000e+02;2.1662477e-01;1.4250000e+02;1.9458684e-01;1.4250000e+02;1.5983751e-01;1.4250000e+02;1.1888196e-01;1.4250000e+02;7.7093169e-02;1.4250000e+02;3.7537526e-02;1.4250000e+02;-6.1384775e-03;1.4250000e+02;-4.2474978e-03;1.4250000e+02;4.5807008e-03;1.4250000e+02;2.0901324e-02;1.4250000e+02;4.4679336e-02;1.4250000e+02;7.0701003e-02;1.4250000e+02;1.0173568e-01;1.4250000e+02;1.3776456e-01;1.4250000e+02;1.7532545e-01;1.4250000e+02;2.0218210e-01;1.4250000e+02;2.1961865e-01;1.4250000e+02;2.2329636e-01;1.4250000e+02;2.1662477e-01;1.4250000e+02;1.9458684e-01;1.4250000e+02;1.5983751e-01;1.4250000e+02;1.1888196e-01;1.4250000e+02;7.7093169e-02;1.4250000e+02;3.7537526e-02;1.4250000e+02;-6.1384775e-03;1.4250000e+02;-4.2474978e-03;1.4250000e+02;4.5807008e-03;1.4250000e+02;2.0901324e-02;1.4250000e+02;4.4679336e-02;1.4250000e+02;7.0701003e-02;1.4250000e+02;1.0173568e-01;1.4250000e+02;1.3776456e-01;1.4250000e+02;1.7532545e-01;1.4250000e+02;2.0218210e-01;1.4250000e+02;2.1961865e-01;1.4250000e+02;2.2329636e-01;1.4250000e+02;2.1662477e-01;1.4250000e+02;1.9458684e-01;1.4250000e+02;1.5983751e-01;1.4250000e+02;1.1888196e-01;1.4250000e+02;7.7093169e-02;1.4250000e+02;3.7537526e-02;1.4250000e+02;-6.1384775e-03;1.4250000e+02;-4.2474978e-03;1.4250000e+02;4.5807008e-03;1.4250000e+02;2.0901324e-02;1.4250000e+02;4.4679336e-02;1.4250000e+02;7.0701003e-02;1.4250000e+02;1.0173568e-01;1.4250000e+02;1.3776456e-01;1.4250000e+02;1.7532545e-01;1.4250000e+02;2.0218210e-01;1.4250000e+02;2.1961865e-01;1.4250000e+02;2.2329636e-01;1.4250000e+02;2.1662477e-01;1.4250000e+02;1.9458684e-01;1.4250000e+02;1.5983751e-01;1.4250000e+02;1.1888196e-01;1.4250000e+02;7.7093169e-02;1.4250000e+02;3.7537526e-02;1.4250000e+02;-6.1384775e-03;1.4250000e+02;-4.2474978e-03;1.4250000e+02;4.5807008e-03;1.4250000e+02;2.0901324e-02;1.4250000e+02;4.4679336e-02;1.4250000e+02;7.0701003e-02;1.4250000e+02;1.0173568e-01;1.4250000e+02;1.3776456e-01;1.4250000e+02;1.7532545e-01;1.4250000e+02;2.0218210e-01;1.4250000e+02;2.1961865e-01;1.4250000e+02;2.2329636e-01;1.4250000e+02;2.1662477e-01;1.4250000e+02;1.9458684e-01;1.4250000e+02;1.5983751e-01;1.4250000e+02;1.1888196e-01;1.4250000e+02;7.7093169e-02;1.4250000e+02;3.7537526e-02;1.4250000e+02;-6.1384775e-03;1.4250000e+02;-4.2474978e-03;1.4250000e+02;4.5807008e-03;1.4250000e+02;2.0901324e-02;1.4250000e+02;4.4679336e-02;1.4250000e+02;7.0701003e-02;1.4250000e+02;1.0173568e-01;1.4250000e+02;1.3776456e-01;1.4250000e+02;1.7532545e-01;1.4250000e+02;2.0218210e-01;1.4250000e+02;2.1961865e-01;1.4250000e+02;2.2329636e-01;1.4250000e+02;2.1662477e-01;1.4250000e+02;1.9458684e-01;1.4250000e+02;1.5983751e-01;1.4250000e+02;1.1888196e-01;1.4250000e+02;7.7093169e-02;1.4250000e+02;3.7537526e-02;1.4250000e+02;-6.1384775e-03;1.4250000e+02;-4.2474978e-03;1.4250000e+02;4.5807008e-03;1.4250000e+02;2.0901324e-02;1.4250000e+02;4.4679336e-02;1.4250000e+02;7.0701003e-02;1.4250000e+02;1.0173568e-01;1.4250000e+02;1.3776456e-01;1.4250000e+02;1.7532545e-01;1.4250000e+02;2.0218210e-01;1.4250000e+02;2.1961865e-01;1.4250000e+02;2.2329636e-01;1.4250000e+02;2.1662477e-01;1.4250000e+02;1.9458684e-01;1.4250000e+02;1.5983751e-01;1.4250000e+02;1.1888196e-01;1.4250000e+02;7.7093169e-02;1.4250000e+02;3.7537526e-02;1.4250000e+02;-6.1384775e-03;1.4250000e+02;-4.2474978e-03;1.4250000e+02;4.5807008e-03;1.4250000e+02;2.0901324e-02;1.4250000e+02;4.4679336e-02;1.4250000e+02;7.0701003e-02;1.4250000e+02;1.0173568e-01;1.4250000e+02;1.3776456e-01;1.4250000e+02;1.7532545e-01;1.4250000e+02;2.0218210e-01;1.4250000e+02;2.1961865e-01;1.4250000e+02;2.2329636e-01;1.4250000e+02;2.1662477e-01;1.4250000e+02;1.9458684e-01;1.4250000e+02;1.5983751e-01;1.4250000e+02;1.1888196e-01;1.4250000e+02;7.7093169e-02;1.4250000e+02;3.7537526e-02;1.4250000e+02;-6.1384775e-03;1.4250000e+02;-4.2474978e-03;1.4250000e+02;4.5807008e-03;1.4250000e+02;2.0901324e-02;1.4250000e+02;4.4679336e-02;1.4250000e+02;7.0701003e-02;1.4250000e+02;1.0173568e-01;1.4250000e+02;1.3776456e-01;1.4250000e+02;1.7532545e-01;1.4250000e+02;2.0218210e-01;1.4250000e+02;2.1961865e-01;1.4250000e+02;2.2329636e-01;1.4250000e+02;2.1662477e-01;1.4250000e+02;1.9458684e-01;1.4250000e+02;1.5983751e-01;1.4250000e+02;1.1888196e-01;1.4250000e+02;7.7093169e-02;1.4250000e+02;3.7537526e-02;1.4250000e+02;-6.1384775e-03;1.4250000e+02;-4.2474978e-03;1.4250000e+02;4.5807008e-03;1.4250000e+02;2.0901324e-02;1.4250000e+02;4.4679336e-02;1.4250000e+02;7.0701003e-02;1.4250000e+02;1.0173568e-01;1.4250000e+02;1.3776456e-01;1.4250000e+02;1.7532545e-01;1.4250000e+02;2.0218210e-01;1.4250000e+02;2.1961865e-01;1.4250000e+02;2.2329636e-01;1.4250000e+02;2.1662477e-01;1.4250000e+02;1.9458684e-01;1.4250000e+02;1.5983751e-01;1.4250000e+02;1.1888196e-01;1.4250000e+02;7.7093169e-02;1.4250000e+02;3.7537526e-02;1.4250000e+02;-6.1384775e-03;1.4250000e+02;-4.2474978e-03;1.4250000e+02;4.5807008e-03;1.4250000e+02;2.0901324e-02;1.4250000e+02;4.4679336e-02;1.4250000e+02;7.0701003e-02;1.4250000e+02;1.0173568e-01;1.4250000e+02;1.3776456e-01;1.4250000e+02;1.7532545e-01;1.4250000e+02;2.0218210e-01;1.4250000e+02;2.1961865e-01;1.4250000e+02;2.2329636e-01;1.4250000e+02;2.1662477e-01;1.4250000e+02;1.9458684e-01;1.4250000e+02;1.5983751e-01;1.4250000e+02;1.1888196e-01;1.4250000e+02;7.7093169e-02;1.4250000e+02;3.7537526e-02;1.4250000e+02;-6.1384775e-03;1.4250000e+02;-4.2474978e-03;1.4250000e+02;4.5807008e-03;1.4250000e+02;2.0901324e-02;1.4250000e+02;4.4679336e-02;1.4250000e+02;7.0701003e-02;1.4250000e+02;1.0173568e-01;1.4250000e+02;1.3776456e-01;1.4250000e+02;1.7532545e-01;1.4250000e+02;2.0218210e-01;1.4250000e+02;2.1961865e-01;1.4250000e+02;2.2329636e-01;1.4250000e+02;2.1662477e-01;1.4250000e+02;1.9458684e-01;1.4250000e+02;1.5983751e-01;1.4250000e+02;1.1888196e-01;1.4250000e+02;7.7093169e-02;1.4250000e+02;3.7537526e-02;1.4250000e+02;-6.1384775e-03;1.4250000e+02;-4.2474978e-03;1.4250000e+02;4.5807008e-03;1.4250000e+02;2.0901324e-02;1.4250000e+02;4.4679336e-02;1.4250000e+02;7.0701003e-02;1.4250000e+02;1.0173568e-01;1.4250000e+02;1.3776456e-01;1.4250000e+02;1.7532545e-01;1.4250000e+02;2.0218210e-01;1.4250000e+02;2.1961865e-01;1.4250000e+02;2.2329636e-01;1.4250000e+02;2.1662477e-01;1.4250000e+02;1.9458684e-01;1.4250000e+02;1.5983751e-01;1.4250000e+02;1.1888196e-01;1.4250000e+02;7.7093169e-02;1.4250000e+02;3.7537526e-02;1.4250000e+02;-6.1384775e-03;1.4250000e+02;-4.2474978e-03;1.4250000e+02;4.5807008e-03;1.4250000e+02;2.0901324e-02;1.4250000e+02;4.4679336e-02;1.4250000e+02;7.0701003e-02;1.4250000e+02;1.0173568e-01;1.4250000e+02;1.3776456e-01;1.4250000e+02;1.7532545e-01;1.4250000e+02;2.0218210e-01;1.4250000e+02;2.1961865e-01;1.4250000e+02;2.2329636e-01;1.4250000e+02;2.1662477e-01;1.4250000e+02;1.9458684e-01;1.4250000e+02;1.5983751e-01;1.4250000e+02;1.1888196e-01;1.4250000e+02;7.7093169e-02;1.4250000e+02;3.7537526e-02;1.4250000e+02;-6.1384775e-03;1.4250000e+02;-4.2474978e-03;1.4250000e+02;4.5807008e-03;1.4250000e+02;2.0901324e-02;1.4250000e+02;4.4679336e-02;1.4250000e+02;7.0701003e-02;1.4250000e+02;1.0173568e-01;1.4250000e+02;1.3776456e-01;1.4250000e+02;1.7532545e-01;1.4250000e+02;2.0218210e-01;1.4250000e+02;2.1961865e-01;1.4250000e+02;2.2329636e-01;1.4250000e+02;2.1662477e-01;1.4250000e+02;1.9458684e-01;1.4250000e+02;1.5983751e-01;1.4250000e+02;1.1888196e-01;1.4250000e+02;7.7093169e-02;1.4250000e+02;3.7537526e-02;1.4250000e+02;-6.1384775e-03;1.4250000e+02;-4.2474978e-03;1.4250000e+02;4.5807008e-03;1.4250000e+02;2.0901324e-02;1.4250000e+02;4.4679336e-02;1.4250000e+02;7.0701003e-02;1.4250000e+02;1.0173568e-01;1.4250000e+02;1.3776456e-01;1.4250000e+02;1.7532545e-01;1.4250000e+02;2.0218210e-01;1.4250000e+02;2.1961865e-01;1.4250000e+02;2.2329636e-01;1.4250000e+02;2.1662477e-01;1.4250000e+02;1.9458684e-01;1.4250000e+02;1.5983751e-01;1.4250000e+02;1.1888196e-01;1.4250000e+02;7.7093169e-02;1.4250000e+02;3.7537526e-02;1.4250000e+02;-6.1384775e-03;1.4250000e+02;-4.2474978e-03;1.4250000e+02;4.5807008e-03;1.4250000e+02;2.0901324e-02;1.4250000e+02;4.4679336e-02;1.4250000e+02;7.0701003e-02;1.4250000e+02;1.0173568e-01;1.4250000e+02;1.3776456e-01;1.4250000e+02;1.7532545e-01;1.4250000e+02;2.0218210e-01;1.4250000e+02;2.1961865e-01;1.4250000e+02;2.2329636e-01;1.4250000e+02;2.1662477e-01;1.4250000e+02;1.9458684e-01;1.4250000e+02;1.5983751e-01;1.4250000e+02;1.1888196e-01;1.4250000e+02;7.7093169e-02;1.4250000e+02;3.7537526e-02;1.4250000e+02;-6.1384775e-03;1.4250000e+02;-4.2474978e-03;1.4250000e+02;4.5807008e-03;1.4250000e+02;2.0901324e-02;1.4250000e+02;4.4679336e-02;1.4250000e+02;7.0701003e-02;1.4250000e+02;1.0173568e-01;1.4250000e+02;1.3776456e-01;1.4250000e+02;1.7532545e-01;1.4250000e+02;2.0218210e-01;1.4250000e+02;2.1961865e-01;1.4250000e+02;2.2329636e-01;1.4250000e+02;2.1662477e-01;1.4250000e+02;1.9458684e-01;1.4250000e+02;1.5983751e-01;1.4250000e+02;1.1888196e-01;1.4250000e+02;7.7093169e-02;1.4250000e+02;3.7537526e-02;1.4250000e+02;-6.1384775e-03;1.4250000e+02;-4.2474978e-03;1.4250000e+02;4.5807008e-03;1.4250000e+02;2.0901324e-02;1.4250000e+02;4.4679336e-02;1.4250000e+02;7.0701003e-02;1.4250000e+02;1.0173568e-01;1.4250000e+02;1.3776456e-01;1.4250000e+02;1.7532545e-01;1.4250000e+02;2.0218210e-01;1.4250000e+02;2.1961865e-01;1.4250000e+02;2.2329636e-01;1.4250000e+02;2.1662477e-01;1.4250000e+02;1.9458684e-01;1.4250000e+02;1.5983751e-01;1.4250000e+02;1.1888196e-01;1.4250000e+02;7.7093169e-02;1.4250000e+02;3.7537526e-02;1.4250000e+02;-6.1384775e-03;1.4250000e+02;-4.2474978e-03;1.4250000e+02;4.5807008e-03;1.4250000e+02;2.0901324e-02;1.4250000e+02;4.4679336e-02;1.4250000e+02;7.0701003e-02;1.4250000e+02;1.0173568e-01;1.4250000e+02;1.3776456e-01;1.4250000e+02;1.7532545e-01;1.4250000e+02;2.0218210e-01;1.4250000e+02;2.1961865e-01;1.4250000e+02;2.2329636e-01;1.4250000e+02;2.1662477e-01;1.4250000e+02;1.9458684e-01;1.4250000e+02;1.5983751e-01;1.4250000e+02;1.1888196e-01;1.4250000e+02;7.7093169e-02;1.4250000e+02;3.7537526e-02;1.4250000e+02;-6.1384775e-03;1.4250000e+02;-4.2474978e-03;1.4250000e+02;4.5807008e-03;1.4250000e+02;2.0901324e-02;1.4250000e+02;4.4679336e-02;1.4250000e+02;7.0701003e-02;1.4250000e+02;1.0173568e-01;1.4250000e+02;1.3776456e-01;1.4250000e+02;1.7532545e-01;1.4250000e+02;2.0218210e-01;1.4250000e+02;2.1961865e-01;1.4250000e+02;2.2329636e-01;1.4250000e+02;2.1662477e-01;1.4250000e+02;1.9458684e-01;1.4250000e+02;1.5983751e-01;1.4250000e+02;1.1888196e-01;1.4250000e+02;7.7093169e-02;1.4250000e+02;3.7537526e-02;1.4250000e+02;-6.1384775e-03;1.4250000e+02;-4.2474978e-03;1.4250000e+02;4.5807008e-03;1.4250000e+02;2.0901324e-02;1.4250000e+02;4.4679336e-02;1.4250000e+02;7.0701003e-02;1.4250000e+02;1.0173568e-01;1.4250000e+02;1.3776456e-01;1.4250000e+02;1.7532545e-01;1.4250000e+02;2.0218210e-01;1.4250000e+02;2.1961865e-01;1.4250000e+02;2.2329636e-01;1.4250000e+02;2.1662477e-01;1.4250000e+02;1.9458684e-01;1.4250000e+02;1.5983751e-01;1.4250000e+02;1.1888196e-01;1.4250000e+02;7.7093169e-02;1.4250000e+02;3.7537526e-02;1.4250000e+02;-6.1384775e-03;1.4250000e+02;-4.2474978e-03;1.4250000e+02;4.5807008e-03;1.4250000e+02;2.0901324e-02;1.4250000e+02;4.4679336e-02;1.4250000e+02;7.0701003e-02;1.4250000e+02;1.0173568e-01;1.4250000e+02;1.3776456e-01;1.4250000e+02;1.7532545e-01;1.4250000e+02;2.0218210e-01;1.4250000e+02;2.1961865e-01;1.4250000e+02;2.2329636e-01;1.4250000e+02;2.1662477e-01;1.4250000e+02;1.9458684e-01;1.4250000e+02;1.5983751e-01;1.4250000e+02;1.1888196e-01;1.4250000e+02;7.7093169e-02;1.4250000e+02;3.7537526e-02;1.4250000e+02;-6.1384775e-03;1.4250000e+02;-4.2474978e-03;1.4250000e+02;4.5807008e-03;1.4250000e+02;2.0901324e-02;1.4250000e+02;4.4679336e-02;1.4250000e+02;7.0701003e-02;1.4250000e+02;1.0173568e-01;1.4250000e+02;1.3776456e-01;1.4250000e+02;1.7532545e-01;1.4250000e+02;2.0218210e-01;1.4250000e+02;2.1961865e-01;1.4250000e+02;2.2329636e-01;1.4250000e+02;2.1662477e-01;1.4250000e+02;1.9458684e-01;1.4250000e+02;1.5983751e-01;1.4250000e+02;1.1888196e-01;1.4250000e+02;7.7093169e-02;1.4250000e+02;3.7537526e-02;1.4250000e+02;-6.1384775e-03;1.4250000e+02;-4.2474978e-03;1.4250000e+02;4.5807008e-03;1.4250000e+02;2.0901324e-02;1.4250000e+02;4.4679336e-02;1.4250000e+02;7.0701003e-02;1.4250000e+02;1.0173568e-01;1.4250000e+02;1.3776456e-01;1.4250000e+02;1.7532545e-01;1.4250000e+02;2.0218210e-01;1.4250000e+02;2.1961865e-01;1.4250000e+02;2.2329636e-01;1.4250000e+02;2.1662477e-01;1.4250000e+02;1.9458684e-01;1.4250000e+02;1.5983751e-01;1.4250000e+02;1.1888196e-01;1.4250000e+02;7.7093169e-02;1.4250000e+02;3.7537526e-02;1.4250000e+02;-6.1384775e-03;1.4250000e+02;-4.2474978e-03;1.4250000e+02;4.5807008e-03;1.4250000e+02;2.0901324e-02;1.4250000e+02;4.4679336e-02;1.4250000e+02;7.0701003e-02;1.4250000e+02;1.0173568e-01;1.4250000e+02;1.3776456e-01;1.4250000e+02;1.7532545e-01;1.4250000e+02;2.0218210e-01;1.4250000e+02;2.1961865e-01;1.4250000e+02;2.2329636e-01;1.4250000e+02;2.1662477e-01;1.4250000e+02;1.9458684e-01;1.4250000e+02;1.5983751e-01;1.4250000e+02;1.1888196e-01;1.4250000e+02;7.7093169e-02;1.4250000e+02;3.7537526e-02;1.4250000e+02;-6.1384775e-03;1.4250000e+02;-4.2474978e-03;1.4250000e+02;4.5807008e-03;1.4250000e+02;2.0901324e-02;1.4250000e+02;4.4679336e-02;1.4250000e+02;7.0701003e-02;1.4250000e+02;1.0173568e-01;1.4250000e+02;1.3776456e-01;1.4250000e+02;1.7532545e-01;1.4250000e+02;2.0218210e-01;1.4250000e+02;2.1961865e-01;1.4250000e+02;2.2329636e-01;1.4250000e+02;2.1662477e-01;1.4250000e+02;1.9458684e-01;1.4250000e+02;1.5983751e-01;1.4250000e+02;1.1888196e-01;1.4250000e+02;7.7093169e-02;1.4250000e+02;3.7537526e-02;1.4250000e+02;-6.1384775e-03;1.4250000e+02;-4.2474978e-03;1.4250000e+02;4.5807008e-03;1.4250000e+02;2.0901324e-02;1.4250000e+02;4.4679336e-02;1.4250000e+02;7.0701003e-02;1.4250000e+02;1.0173568e-01;1.4250000e+02;1.3776456e-01;1.4250000e+02;1.7532545e-01;1.4250000e+02;2.0218210e-01;1.4250000e+02;2.1961865e-01;1.4250000e+02;2.2329636e-01;1.4250000e+02;2.1662477e-01;1.4250000e+02;1.9458684e-01;1.4250000e+02;1.5983751e-01;1.4250000e+02;1.1888196e-01;1.4250000e+02;7.7093169e-02;1.4250000e+02;3.7537526e-02;1.4250000e+02;-6.1384775e-03;1.4250000e+02;-4.2474978e-03;1.4250000e+02;4.5807008e-03;1.4250000e+02;2.0901324e-02;1.4250000e+02;4.4679336e-02;1.4250000e+02;7.0701003e-02;1.4250000e+02;1.0173568e-01;1.4250000e+02;1.3776456e-01;1.4250000e+02;1.7532545e-01;1.4250000e+02;2.0218210e-01;1.4250000e+02;2.1961865e-01;1.4250000e+02;2.2329636e-01;1.4250000e+02;2.1662477e-01;1.4250000e+02;1.9458684e-01;1.4250000e+02;1.5983751e-01;1.4250000e+02;1.1888196e-01;1.4250000e+02;7.7093169e-02;1.4250000e+02;3.7537526e-02;1.4250000e+02;-6.1384775e-03;1.4250000e+02;-4.2474978e-03;1.4250000e+02;4.5807008e-03;1.4250000e+02;2.0901324e-02;1.4250000e+02;4.4679336e-02;1.4250000e+02;7.0701003e-02;1.4250000e+02;1.0173568e-01;1.4250000e+02;1.3776456e-01;1.4250000e+02;1.7532545e-01;1.4250000e+02;2.0218210e-01;1.4250000e+02;2.1961865e-01;1.4250000e+02;2.2329636e-01;1.4250000e+02;2.1662477e-01;1.4250000e+02;1.9458684e-01;1.4250000e+02;1.5983751e-01;1.4250000e+02;1.1888196e-01;1.4250000e+02;7.7093169e-02;1.4250000e+02;3.7537526e-02;1.4250000e+02;-6.1384775e-03;1.4250000e+02;-4.2474978e-03;1.4250000e+02;4.5807008e-03;1.4250000e+02;2.0901324e-02;1.4250000e+02;4.4679336e-02;1.4250000e+02;7.0701003e-02;1.4250000e+02;1.0173568e-01;1.4250000e+02;1.3776456e-01;1.4250000e+02;1.7532545e-01;1.4250000e+02;2.0218210e-01;1.4250000e+02;2.1961865e-01;1.4250000e+02;2.2329636e-01;1.4250000e+02;2.1662477e-01;1.4250000e+02;1.9458684e-01;1.4250000e+02;1.5983751e-01;1.4250000e+02;1.1888196e-01;1.4250000e+02;7.7093169e-02;1.4250000e+02;3.7537526e-02;1.4250000e+02;-6.1384775e-03;1.4250000e+02;-4.2474978e-03;1.4250000e+02;4.5807008e-03;1.4250000e+02;2.0901324e-02;1.4250000e+02;4.4679336e-02;1.4250000e+02;7.0701003e-02;1.4250000e+02;1.0173568e-01;1.4250000e+02;1.3776456e-01;1.4250000e+02;1.7532545e-01;1.4250000e+02;2.0218210e-01;1.4250000e+02;2.1961865e-01;1.4250000e+02;2.2329636e-01;1.4250000e+02;2.1662477e-01;1.4250000e+02;1.9458684e-01;1.4250000e+02;1.5983751e-01;1.4250000e+02;1.1888196e-01;1.4250000e+02;7.7093169e-02;1.4250000e+02;3.7537526e-02;1.4250000e+02;-6.1384775e-03;1.4250000e+02;-4.2474978e-03;1.4250000e+02;4.5807008e-03;1.4250000e+02;2.0901324e-02;1.4250000e+02;4.4679336e-02;1.4250000e+02;7.0701003e-02;1.4250000e+02;1.0173568e-01;1.4250000e+02;1.3776456e-01;1.4250000e+02;1.7532545e-01;1.4250000e+02;2.0218210e-01;1.4250000e+02;2.1961865e-01;1.4250000e+02;2.2329636e-01;1.4250000e+02;2.1662477e-01;1.4250000e+02;1.9458684e-01;1.4250000e+02;1.5983751e-01;1.4250000e+02;1.1888196e-01;1.4250000e+02;7.7093169e-02;1.4250000e+02;3.7537526e-02;1.4250000e+02;-6.1384775e-03;1.4250000e+02;-4.2474978e-03;1.4250000e+02;4.5807008e-03;1.4250000e+02;2.0901324e-02;1.4250000e+02;4.4679336e-02;1.4250000e+02;7.0701003e-02;1.4250000e+02;1.0173568e-01;1.4250000e+02;1.3776456e-01;1.4250000e+02;1.7532545e-01;1.4250000e+02;2.0218210e-01;1.4250000e+02;2.1961865e-01;1.4250000e+02;2.2329636e-01;1.4250000e+02;2.1662477e-01;1.4250000e+02;1.9458684e-01;1.4250000e+02;1.5983751e-01;1.4250000e+02;1.1888196e-01;1.4250000e+02;7.7093169e-02;1.4250000e+02;3.7537526e-02;1.4250000e+02;-6.1384775e-03;1.4250000e+02;-4.2474978e-03;1.4250000e+02;4.5807008e-03;1.4250000e+02;2.0901324e-02;1.4250000e+02;4.4679336e-02;1.4250000e+02;7.0701003e-02;1.4250000e+02;1.0173568e-01;1.4250000e+02;1.3776456e-01;1.4250000e+02;1.7532545e-01;1.4250000e+02;2.0218210e-01;1.4250000e+02;2.1961865e-01;1.4250000e+02;2.2329636e-01;1.4250000e+02;2.1662477e-01;1.4250000e+02;1.9458684e-01;1.4250000e+02;1.5983751e-01;1.4250000e+02;1.1888196e-01;1.4250000e+02;7.7093169e-02;1.4250000e+02;3.7537526e-02;1.4250000e+02;-6.1384775e-03;1.4250000e+02;-4.2474978e-03;1.4250000e+02;4.5807008e-03;1.4250000e+02;2.0901324e-02;1.4250000e+02;4.4679336e-02;1.4250000e+02;7.0701003e-02;1.4250000e+02;1.0173568e-01;1.4250000e+02;1.3776456e-01;1.4250000e+02;1.7532545e-01;1.4250000e+02;2.0218210e-01;1.4250000e+02;2.1961865e-01;1.4250000e+02;2.2329636e-01;1.4250000e+02;2.1662477e-01;1.4250000e+02;1.9458684e-01;1.4250000e+02;1.5983751e-01;1.4250000e+02;1.1888196e-01;1.4250000e+02;7.7093169e-02;1.4250000e+02;3.7537526e-02;1.4250000e+02;-6.1384775e-03;1.4250000e+02;-4.2474978e-03;1.4250000e+02;4.5807008e-03;1.4250000e+02;2.0901324e-02;1.4250000e+02;4.4679336e-02;1.4250000e+02;7.0701003e-02;1.4250000e+02;1.0173568e-01;1.4250000e+02;1.3776456e-01;1.4250000e+02;1.7532545e-01;1.4250000e+02;2.0218210e-01;1.4250000e+02;2.1961865e-01;1.4250000e+02;2.2329636e-01;1.4250000e+02;2.1662477e-01;1.4250000e+02;1.9458684e-01;1.4250000e+02;1.5983751e-01;1.4250000e+02;1.1888196e-01;1.4250000e+02;7.7093169e-02;1.4250000e+02;3.7537526e-02;1.4250000e+02;-6.1384775e-03;1.4250000e+02;-4.2474978e-03;1.4250000e+02;4.5807008e-03;1.4250000e+02;2.0901324e-02;1.4250000e+02;4.4679336e-02;1.4250000e+02;7.0701003e-02;1.4250000e+02;1.0173568e-01;1.4250000e+02;1.3776456e-01;1.4250000e+02;1.7532545e-01;1.4250000e+02;2.0218210e-01;1.4250000e+02;2.1961865e-01;1.4250000e+02;2.2329636e-01;1.4250000e+02;2.1662477e-01;1.4250000e+02;1.9458684e-01;1.4250000e+02;1.5983751e-01;1.4250000e+02;1.1888196e-01;1.4250000e+02;7.7093169e-02;1.4250000e+02;3.7537526e-02;1.4250000e+02;-6.1384775e-03;1.4250000e+02;-4.2474978e-03;1.4250000e+02;4.5807008e-03;1.4250000e+02;2.0901324e-02;1.4250000e+02;4.4679336e-02;1.4250000e+02;7.0701003e-02;1.4250000e+02;1.0173568e-01;1.4250000e+02;1.3776456e-01;1.4250000e+02;1.7532545e-01;1.4250000e+02;2.0218210e-01;1.4250000e+02;2.1961865e-01;1.4250000e+02;2.2329636e-01;1.4250000e+02;2.1662477e-01;1.4250000e+02;1.9458684e-01;1.4250000e+02;1.5983751e-01;1.4250000e+02;1.1888196e-01;1.4250000e+02;7.7093169e-02;1.4250000e+02;3.7537526e-02;1.4250000e+02;-6.1384775e-03;1.4250000e+02;-4.2474978e-03;1.4250000e+02;4.5807008e-03;1.4250000e+02;2.0901324e-02;1.4250000e+02;4.4679336e-02;1.4250000e+02;7.0701003e-02;1.4250000e+02;1.0173568e-01;1.4250000e+02;1.3776456e-01;1.4250000e+02;1.7532545e-01;1.4250000e+02;2.0218210e-01;1.4250000e+02;2.1961865e-01;1.4250000e+02;2.2329636e-01;1.4250000e+02;2.1662477e-01;1.4250000e+02;1.9458684e-01;1.4250000e+02;1.5983751e-01;1.4250000e+02;1.1888196e-01;1.4250000e+02;7.7093169e-02;1.4250000e+02;3.7537526e-02;1.4250000e+02;-6.1384775e-03;1.4250000e+02;-4.2474978e-03;1.4250000e+02;4.5807008e-03;1.4250000e+02;2.0901324e-02;1.4250000e+02;4.4679336e-02;1.4250000e+02;7.0701003e-02;1.4250000e+02;1.0173568e-01;1.4250000e+02;1.3776456e-01;1.4250000e+02;1.7532545e-01;1.4250000e+02;2.0218210e-01;1.4250000e+02;2.1961865e-01;1.4250000e+02;2.2329636e-01;1.4250000e+02;2.1662477e-01;1.4250000e+02;1.9458684e-01;1.4250000e+02;1.5983751e-01;1.4250000e+02;1.1888196e-01;1.4250000e+02;7.7093169e-02;1.4250000e+02;3.7537526e-02;1.4250000e+02;-6.1384775e-03;1.4250000e+02;-4.2474978e-03;1.4250000e+02;4.5807008e-03;1.4250000e+02;2.0901324e-02;1.4250000e+02;4.4679336e-02;1.4250000e+02;7.0701003e-02;1.4250000e+02;1.0173568e-01;1.4250000e+02;1.3776456e-01;1.4250000e+02;1.7532545e-01;1.4250000e+02;2.0218210e-01;1.4250000e+02;2.1961865e-01;1.4250000e+02;2.2329636e-01;1.4250000e+02;2.1662477e-01;1.4250000e+02;1.9458684e-01;1.4250000e+02;1.5983751e-01;1.4250000e+02;1.1888196e-01;1.4250000e+02;7.7093169e-02;1.4250000e+02;3.7537526e-02;1.4250000e+02;-6.1384775e-03;1.4250000e+02;-4.2474978e-03;1.4250000e+02;4.5807008e-03;1.4250000e+02;2.0901324e-02;1.4250000e+02;4.4679336e-02;1.4250000e+02;7.0701003e-02;1.4250000e+02;1.0173568e-01;1.4250000e+02;1.3776456e-01;1.4250000e+02;1.7532545e-01;1.4250000e+02;2.0218210e-01;1.4250000e+02;2.1961865e-01;1.4250000e+02;2.2329636e-01;1.4250000e+02;2.1662477e-01;1.4250000e+02;1.9458684e-01;1.4250000e+02;1.5983751e-01;1.4250000e+02;1.1888196e-01;1.4250000e+02;7.7093169e-02;1.4250000e+02;3.7537526e-02;1.4250000e+02;-6.1384775e-03;1.4250000e+02;-4.2474978e-03;1.4250000e+02;4.5807008e-03;1.4250000e+02;2.0901324e-02;1.4250000e+02;4.4679336e-02;1.4250000e+02;7.0701003e-02;1.4250000e+02;1.0173568e-01;1.4250000e+02;1.3776456e-01;1.4250000e+02;1.7532545e-01;1.4250000e+02;2.0218210e-01;1.4250000e+02;2.1961865e-01;1.4250000e+02;2.2329636e-01;1.4250000e+02;2.1662477e-01;1.4250000e+02;1.9458684e-01;1.4250000e+02;1.5983751e-01;1.4250000e+02;1.1888196e-01;1.4250000e+02;7.7093169e-02;1.4250000e+02;3.7537526e-02;1.4250000e+02;-6.1384775e-03;1.4250000e+02;-4.2474978e-03;1.4250000e+02;4.5807008e-03;1.4250000e+02;2.0901324e-02;1.4250000e+02;4.4679336e-02;1.4250000e+02;7.0701003e-02;1.4250000e+02;1.0173568e-01;1.4250000e+02;1.3776456e-01;1.4250000e+02;1.7532545e-01;1.4250000e+02;2.0218210e-01;1.4250000e+02;2.1961865e-01;1.4250000e+02;2.2329636e-01;1.4250000e+02;2.1662477e-01;1.4250000e+02;1.9458684e-01;1.4250000e+02;1.5983751e-01;1.4250000e+02;1.1888196e-01;1.4250000e+02;7.7093169e-02;1.4250000e+02;3.7537526e-02;1.4250000e+02;-6.1384775e-03;1.4250000e+02;-4.2474978e-03;1.4250000e+02;4.5807008e-03;1.4250000e+02;2.0901324e-02;1.4250000e+02;4.4679336e-02;1.4250000e+02;7.0701003e-02;1.4250000e+02;1.0173568e-01;1.4250000e+02;1.3776456e-01;1.4250000e+02;1.7532545e-01;1.4250000e+02;2.0218210e-01;1.4250000e+02;2.1961865e-01;1.4250000e+02;2.2329636e-01;1.4250000e+02;2.1662477e-01;1.4250000e+02;1.9458684e-01;1.4250000e+02;1.5983751e-01;1.4250000e+02;1.1888196e-01;1.4250000e+02;7.7093169e-02;1.4250000e+02;3.7537526e-02;1.4250000e+02;-6.1384775e-03;1.4250000e+02;-4.2474978e-03;1.4250000e+02;4.5807008e-03;1.4250000e+02;2.0901324e-02;1.4250000e+02;4.4679336e-02;1.4250000e+02;7.0701003e-02;1.4250000e+02;1.0173568e-01;1.4250000e+02;1.3776456e-01;1.4250000e+02;1.7532545e-01;1.4250000e+02;2.0218210e-01;1.4250000e+02;2.1961865e-01;1.4250000e+02;2.2329636e-01;1.4250000e+02;2.1662477e-01;1.4250000e+02;1.9458684e-01;1.4250000e+02;1.5983751e-01;1.4250000e+02;1.1888196e-01;1.4250000e+02;7.7093169e-02;1.4250000e+02;3.7537526e-02;1.4250000e+02;-6.1384775e-03;1.4250000e+02;-4.2474978e-03;1.4250000e+02;4.5807008e-03;1.4250000e+02;2.0901324e-02;1.4250000e+02;4.4679336e-02;1.4250000e+02;7.0701003e-02;1.4250000e+02;1.0173568e-01;1.4250000e+02;1.3776456e-01;1.4250000e+02;1.7532545e-01;1.4250000e+02;2.0218210e-01;1.4250000e+02;2.1961865e-01;1.4250000e+02;2.2329636e-01;1.4250000e+02;2.1662477e-01;1.4250000e+02;1.9458684e-01;1.4250000e+02;1.5983751e-01;1.4250000e+02;1.1888196e-01;1.4250000e+02;7.7093169e-02;1.4250000e+02;3.7537526e-02;1.4250000e+02;-6.1384775e-03;1.4250000e+02;-4.2474978e-03;1.4250000e+02;4.5807008e-03;1.4250000e+02;2.0901324e-02;1.4250000e+02;4.4679336e-02;1.4250000e+02;7.0701003e-02;1.4250000e+02;1.0173568e-01;1.4250000e+02;1.3776456e-01;1.4250000e+02;1.7532545e-01;1.4250000e+02;2.0218210e-01;1.4250000e+02;2.1961865e-01;1.4250000e+02;2.2329636e-01;1.4250000e+02;2.1662477e-01;1.4250000e+02;1.9458684e-01;1.4250000e+02;1.5983751e-01;1.4250000e+02;1.1888196e-01;1.4250000e+02;7.7093169e-02;1.4250000e+02;3.7537526e-02;1.4250000e+02;-6.1384775e-03;1.4250000e+02;-4.2474978e-03;1.4250000e+02;4.5807008e-03;1.4250000e+02;2.0901324e-02;1.4250000e+02;4.4679336e-02;1.4250000e+02;7.0701003e-02;1.4250000e+02;1.0173568e-01;1.4250000e+02;1.3776456e-01;1.4250000e+02;1.7532545e-01;1.4250000e+02;2.0218210e-01;1.4250000e+02;2.1961865e-01;1.4250000e+02;2.2329636e-01;1.4250000e+02;2.1662477e-01;1.4250000e+02;1.9458684e-01;1.4250000e+02;1.5983751e-01;1.4250000e+02;1.1888196e-01;1.4250000e+02;7.7093169e-02;1.4250000e+02;3.7537526e-02;1.4250000e+02;-6.1384775e-03;1.4250000e+02;-4.2474978e-03;1.4250000e+02;4.5807008e-03;1.4250000e+02;2.0901324e-02;1.4250000e+02;4.4679336e-02;1.4250000e+02;7.0701003e-02;1.4250000e+02;1.0173568e-01;1.4250000e+02;1.3776456e-01;1.4250000e+02;1.7532545e-01;1.4250000e+02;2.0218210e-01;1.4250000e+02;2.1961865e-01;1.4250000e+02;2.2329636e-01;1.4250000e+02;2.1662477e-01;1.4250000e+02;1.9458684e-01;1.4250000e+02;1.5983751e-01;1.4250000e+02;1.1888196e-01;1.4250000e+02;7.7093169e-02;1.4250000e+02;3.7537526e-02;1.4250000e+02;-6.1384775e-03;1.4250000e+02;-4.2474978e-03;1.4250000e+02;4.5807008e-03;1.4250000e+02;2.0901324e-02;1.4250000e+02;4.4679336e-02;1.4250000e+02;7.0701003e-02;1.4250000e+02;1.0173568e-01;1.4250000e+02;1.3776456e-01;1.4250000e+02;1.7532545e-01;1.4250000e+02;2.0218210e-01;1.4250000e+02;2.1961865e-01;1.4250000e+02;2.2329636e-01;1.4250000e+02;2.1662477e-01;1.4250000e+02;1.9458684e-01;1.4250000e+02;1.5983751e-01;1.4250000e+02;1.1888196e-01;1.4250000e+02;7.7093169e-02;1.4250000e+02;3.7537526e-02;1.4250000e+02;-6.1384775e-03;1.4250000e+02;-4.2474978e-03;1.4250000e+02;4.5807008e-03;1.4250000e+02;2.0901324e-02;1.4250000e+02;4.4679336e-02;1.4250000e+02;7.0701003e-02;1.4250000e+02;1.0173568e-01;1.4250000e+02;1.3776456e-01;1.4250000e+02;1.7532545e-01;1.4250000e+02;2.0218210e-01;1.4250000e+02;2.1961865e-01;1.4250000e+02;2.2329636e-01;1.4250000e+02;2.1662477e-01;1.4250000e+02;1.9458684e-01;1.4250000e+02;1.5983751e-01;1.4250000e+02;1.1888196e-01;1.4250000e+02;7.7093169e-02;1.4250000e+02;3.7537526e-02;1.4250000e+02;-6.1384775e-03;1.4250000e+02;-4.2474978e-03;1.4250000e+02;4.5807008e-03;1.4250000e+02;2.0901324e-02;1.4250000e+02;4.4679336e-02;1.4250000e+02;7.0701003e-02;1.4250000e+02;1.0173568e-01;1.4250000e+02;1.3776456e-01;1.4250000e+02;1.7532545e-01;1.4250000e+02;2.0218210e-01;1.4250000e+02;2.1961865e-01;1.4250000e+02;2.2329636e-01;1.4250000e+02;2.1662477e-01;1.4250000e+02;1.9458684e-01;1.4250000e+02;1.5983751e-01;1.4250000e+02;1.1888196e-01;1.4250000e+02;7.7093169e-02;1.4250000e+02;3.7537526e-02;1.4250000e+02;-6.1384775e-03;1.4250000e+02;-4.2474978e-03;1.4250000e+02;4.5807008e-03;1.4250000e+02;2.0901324e-02;1.4250000e+02;4.4679336e-02;1.4250000e+02;7.0701003e-02;1.4250000e+02;1.0173568e-01;1.4250000e+02;1.3776456e-01;1.4250000e+02;1.7532545e-01;1.4250000e+02;2.0218210e-01;1.4250000e+02;2.1961865e-01;1.4250000e+02;2.2329636e-01;1.4250000e+02;2.1662477e-01;1.4250000e+02;1.9458684e-01;1.4250000e+02;1.5983751e-01;1.4250000e+02;1.1888196e-01;1.4250000e+02;7.7093169e-02;1.4250000e+02;3.7537526e-02;1.4250000e+02;-6.1384775e-03;1.4250000e+02;-4.2474978e-03;1.4250000e+02;4.5807008e-03;1.4250000e+02;2.0901324e-02;1.4250000e+02;4.4679336e-02;1.4250000e+02;7.0701003e-02;1.4250000e+02;1.0173568e-01;1.4250000e+02;1.3776456e-01;1.4250000e+02;1.7532545e-01;1.4250000e+02;2.0218210e-01;1.4250000e+02;2.1961865e-01;1.4250000e+02;2.2329636e-01;1.4250000e+02;2.1662477e-01;1.4250000e+02;1.9458684e-01;1.4250000e+02;1.5983751e-01;1.4250000e+02;1.1888196e-01;1.4250000e+02;7.7093169e-02;1.4250000e+02;3.7537526e-02;1.4250000e+02;-6.1384775e-03;1.4250000e+02;-4.2474978e-03;1.4250000e+02;4.5807008e-03;1.4250000e+02;2.0901324e-02;1.4250000e+02;4.4679336e-02;1.4250000e+02;7.0701003e-02;1.4250000e+02;1.0173568e-01;1.4250000e+02;1.3776456e-01;1.4250000e+02;1.7532545e-01;1.4250000e+02;2.0218210e-01;1.4250000e+02;2.1961865e-01;1.4250000e+02;2.2329636e-01;1.4250000e+02;2.1662477e-01;1.4250000e+02;1.9458684e-01;1.4250000e+02;1.5983751e-01;1.4250000e+02;1.1888196e-01;1.4250000e+02;7.7093169e-02;1.4250000e+02;3.7537526e-02;1.4250000e+02;-6.1384775e-03;1.4250000e+02;-4.2474978e-03;1.4250000e+02;4.5807008e-03;1.4250000e+02;2.0901324e-02;1.4250000e+02;4.4679336e-02;1.4250000e+02;7.0701003e-02;1.4250000e+02;1.0173568e-01;1.4250000e+02;1.3776456e-01;1.4250000e+02;1.7532545e-01;1.4250000e+02;2.0218210e-01;1.4250000e+02;2.1961865e-01;1.4250000e+02;2.2329636e-01;1.4250000e+02;2.1662477e-01;1.4250000e+02;1.9458684e-01;1.4250000e+02;1.5983751e-01;1.4250000e+02;1.1888196e-01;1.4250000e+02;7.7093169e-02;1.4250000e+02;3.7537526e-02;1.4250000e+02;-6.1384775e-03;1.4250000e+02;-4.2474978e-03;1.4250000e+02;4.5807008e-03;1.4250000e+02;2.0901324e-02;1.4250000e+02;4.4679336e-02;1.4250000e+02;7.0701003e-02;1.4250000e+02;1.0173568e-01;1.4250000e+02;1.3776456e-01;1.4250000e+02;1.7532545e-01;1.4250000e+02;2.0218210e-01;1.4250000e+02;2.1961865e-01;1.4250000e+02;2.2329636e-01;1.4250000e+02;2.1662477e-01;1.4250000e+02;1.9458684e-01;1.4250000e+02;1.5983751e-01;1.4250000e+02;1.1888196e-01;1.4250000e+02;7.7093169e-02;1.4250000e+02;3.7537526e-02;1.4250000e+02;-6.1384775e-03;1.4250000e+02;-4.2474978e-03;1.4250000e+02;4.5807008e-03;1.4250000e+02;2.0901324e-02;1.4250000e+02;4.4679336e-02;1.4250000e+02;7.0701003e-02;1.4250000e+02;1.0173568e-01;1.4250000e+02;1.3776456e-01;1.4250000e+02;1.7532545e-01;1.4250000e+02;2.0218210e-01;1.4250000e+02;2.1961865e-01;1.4250000e+02;2.2329636e-01;1.4250000e+02;2.1662477e-01;1.4250000e+02;1.9458684e-01;1.4250000e+02;1.5983751e-01;1.4250000e+02;1.1888196e-01;1.4250000e+02;7.7093169e-02;1.4250000e+02;3.7537526e-02;1.4250000e+02;-6.1384775e-03;1.4250000e+02;-4.2474978e-03;1.4250000e+02;4.5807008e-03;1.4250000e+02;2.0901324e-02;1.4250000e+02;4.4679336e-02;1.4250000e+02;7.0701003e-02;1.4250000e+02;1.0173568e-01;1.4250000e+02;1.3776456e-01;1.4250000e+02;1.7532545e-01;1.4250000e+02;2.0218210e-01;1.4250000e+02;2.1961865e-01;1.4250000e+02;2.2329636e-01;1.4250000e+02;2.1662477e-01;1.4250000e+02;1.9458684e-01;1.4250000e+02;1.5983751e-01;1.4250000e+02;1.1888196e-01;1.4250000e+02;7.7093169e-02;1.4250000e+02;3.7537526e-02;1.4250000e+02;-6.1384775e-03;1.4250000e+02;-4.2474978e-03;1.4250000e+02;4.5807008e-03;1.4250000e+02;2.0901324e-02;1.4250000e+02;4.4679336e-02;1.4250000e+02;7.0701003e-02;1.4250000e+02;1.0173568e-01;1.4250000e+02;1.3776456e-01;1.4250000e+02;1.7532545e-01;1.4250000e+02;2.0218210e-01;1.4250000e+02;2.1961865e-01;1.4250000e+02;2.2329636e-01;1.4250000e+02;2.1662477e-01;1.4250000e+02;1.9458684e-01;1.4250000e+02;1.5983751e-01;1.4250000e+02;1.1888196e-01;1.4250000e+02;7.7093169e-02;1.4250000e+02;3.7537526e-02;1.4250000e+02;-6.1384775e-03;1.4250000e+02;-4.2474978e-03;1.4250000e+02;4.5807008e-03;1.4250000e+02;2.0901324e-02;1.4250000e+02;4.4679336e-02;1.4250000e+02;7.0701003e-02;1.4250000e+02;1.0173568e-01;1.4250000e+02;1.3776456e-01;1.4250000e+02;1.7532545e-01;1.4250000e+02;2.0218210e-01;1.4250000e+02;2.1961865e-01;1.4250000e+02;2.2329636e-01;1.4250000e+02;2.1662477e-01;1.4250000e+02;1.9458684e-01;1.4250000e+02;1.5983751e-01;1.4250000e+02;1.1888196e-01;1.4250000e+02;7.7093169e-02;1.4250000e+02;3.7537526e-02;1.4250000e+02;-6.1384775e-03;1.4250000e+02;-4.2474978e-03;1.4250000e+02;4.5807008e-03;1.4250000e+02;2.0901324e-02;1.4250000e+02;4.4679336e-02;1.4250000e+02;7.0701003e-02;1.4250000e+02;1.0173568e-01;1.4250000e+02;1.3776456e-01;1.4250000e+02;1.7532545e-01;1.4250000e+02;2.0218210e-01;1.4250000e+02;2.1961865e-01;1.4250000e+02;2.2329636e-01;1.4250000e+02;2.1662477e-01;1.4250000e+02;1.9458684e-01;1.4250000e+02;1.5983751e-01;1.4250000e+02;1.1888196e-01;1.4250000e+02;7.7093169e-02;1.4250000e+02;3.7537526e-02;1.4250000e+02;-6.1384775e-03;1.4250000e+02;-4.2474978e-03;1.4250000e+02;4.5807008e-03;1.4250000e+02;2.0901324e-02;1.4250000e+02;4.4679336e-02;1.4250000e+02;7.0701003e-02;1.4250000e+02;1.0173568e-01;1.4250000e+02;1.3776456e-01;1.4250000e+02;1.7532545e-01;1.4250000e+02;2.0218210e-01;1.4250000e+02;2.1961865e-01;1.4250000e+02;2.2329636e-01;1.4250000e+02;2.1662477e-01;1.4250000e+02;1.9458684e-01;1.4250000e+02;1.5983751e-01;1.4250000e+02;1.1888196e-01;1.4250000e+02;7.7093169e-02;1.4250000e+02;3.7537526e-02;1.4250000e+02;-6.1384775e-03;1.4250000e+02;-4.2474978e-03;1.4250000e+02;4.5807008e-03;1.4250000e+02;2.0901324e-02;1.4250000e+02;4.4679336e-02;1.4250000e+02;7.0701003e-02;1.4250000e+02;1.0173568e-01;1.4250000e+02;1.3776456e-01;1.4250000e+02;1.7532545e-01;1.4250000e+02;2.0218210e-01;1.4250000e+02;2.1961865e-01;1.4250000e+02;2.2329636e-01;1.4250000e+02;2.1662477e-01;1.4250000e+02;1.9458684e-01;1.4250000e+02;1.5983751e-01;1.4250000e+02;1.1888196e-01;1.4250000e+02;7.7093169e-02;1.4250000e+02;3.7537526e-02;1.4250000e+02;-6.1384775e-03;1.4250000e+02;-4.2474978e-03;1.4250000e+02;4.5807008e-03;1.4250000e+02;2.0901324e-02;1.4250000e+02;4.4679336e-02;1.4250000e+02;7.0701003e-02;1.4250000e+02;1.0173568e-01;1.4250000e+02;1.3776456e-01;1.4250000e+02;1.7532545e-01;1.4250000e+02;2.0218210e-01;1.4250000e+02;2.1961865e-01;1.4250000e+02;2.2329636e-01;1.4250000e+02;2.1662477e-01;1.4250000e+02;1.9458684e-01;1.4250000e+02;1.5983751e-01;1.4250000e+02;1.1888196e-01;1.4250000e+02;7.7093169e-02;1.4250000e+02;3.7537526e-02;1.4250000e+02;-6.1384775e-03;1.4250000e+02;-4.2474978e-03;1.4250000e+02;4.5807008e-03;1.4250000e+02;2.0901324e-02;1.4250000e+02;4.4679336e-02;1.4250000e+02;7.0701003e-02;1.4250000e+02;1.0173568e-01;1.4250000e+02;1.3776456e-01;1.4250000e+02;1.7532545e-01;1.4250000e+02;2.0218210e-01;1.4250000e+02;2.1961865e-01;1.4250000e+02;2.2329636e-01;1.4250000e+02;2.1662477e-01;1.4250000e+02;1.9458684e-01;1.4250000e+02;1.5983751e-01;1.4250000e+02;1.1888196e-01;1.4250000e+02;7.7093169e-02;1.4250000e+02;3.7537526e-02;1.4250000e+02;-6.1384775e-03;1.4250000e+02;-4.2474978e-03;1.4250000e+02;4.5807008e-03;1.4250000e+02;2.0901324e-02;1.4250000e+02;4.4679336e-02;1.4250000e+02;7.0701003e-02;1.4250000e+02;1.0173568e-01;1.4250000e+02;1.3776456e-01;1.4250000e+02;1.7532545e-01;1.4250000e+02;2.0218210e-01;1.4250000e+02;2.1961865e-01;1.4250000e+02;2.2329636e-01;1.4250000e+02;2.1662477e-01;1.4250000e+02;1.9458684e-01;1.4250000e+02;1.5983751e-01;1.4250000e+02;1.1888196e-01;1.4250000e+02;7.7093169e-02;1.4250000e+02;3.7537526e-02;1.4250000e+02;-6.1384775e-03;1.4250000e+02;-4.2474978e-03;1.4250000e+02;4.5807008e-03;1.4250000e+02;2.0901324e-02;1.4250000e+02;4.4679336e-02;1.4250000e+02;7.0701003e-02;1.4250000e+02;1.0173568e-01;1.4250000e+02;1.3776456e-01;1.4250000e+02;1.7532545e-01;1.4250000e+02;2.0218210e-01;1.4250000e+02;2.1961865e-01;1.4250000e+02;2.2329636e-01;1.4250000e+02;2.1662477e-01;1.4250000e+02;1.9458684e-01;1.4250000e+02;1.5983751e-01;1.4250000e+02;1.1888196e-01;1.4250000e+02;7.7093169e-02;1.4250000e+02;3.7537526e-02;1.4250000e+02;-6.1384775e-03;1.4250000e+02;-4.2474978e-03;1.4250000e+02;4.5807008e-03;1.4250000e+02;2.0901324e-02;1.4250000e+02;4.4679336e-02;1.4250000e+02;7.0701003e-02;1.4250000e+02;1.0173568e-01;1.4250000e+02;1.3776456e-01;1.4250000e+02;1.7532545e-01;1.4250000e+02;2.0218210e-01;1.4250000e+02;2.1961865e-01;1.4250000e+02;2.2329636e-01;1.4250000e+02;2.1662477e-01;1.4250000e+02;1.9458684e-01;1.4250000e+02;1.5983751e-01;1.4250000e+02;1.1888196e-01;1.4250000e+02;7.7093169e-02;1.4250000e+02;3.7537526e-02;1.4250000e+02;-6.1384775e-03;1.4250000e+02;-4.2474978e-03;1.4250000e+02;4.5807008e-03;1.4250000e+02;2.0901324e-02;1.4250000e+02;4.4679336e-02;1.4250000e+02;7.0701003e-02;1.4250000e+02;1.0173568e-01;1.4250000e+02;1.3776456e-01;1.4250000e+02;1.7532545e-01;1.4250000e+02;2.0218210e-01;1.4250000e+02;2.1961865e-01;1.4250000e+02;2.2329636e-01;1.4250000e+02;2.1662477e-01;1.4250000e+02;1.9458684e-01;1.4250000e+02;1.5983751e-01;1.4250000e+02;1.1888196e-01;1.4250000e+02;7.7093169e-02;1.4250000e+02;3.7537526e-02;1.4250000e+02;-6.1384775e-03;1.4250000e+02;-4.2474978e-03;1.4250000e+02;4.5807008e-03;1.4250000e+02;2.0901324e-02;1.4250000e+02;4.4679336e-02;1.4250000e+02;7.0701003e-02;1.4250000e+02;1.0173568e-01;1.4250000e+02;1.3776456e-01;1.4250000e+02;1.7532545e-01;1.4250000e+02;2.0218210e-01;1.4250000e+02;2.1961865e-01;1.4250000e+02;2.2329636e-01;1.4250000e+02;2.1662477e-01;1.4250000e+02;1.9458684e-01;1.4250000e+02;1.5983751e-01;1.4250000e+02;1.1888196e-01;1.4250000e+02;7.7093169e-02;1.4250000e+02;3.7537526e-02;1.4250000e+02;-6.1384775e-03;1.4250000e+02;-4.2474978e-03;1.4250000e+02;4.5807008e-03;1.4250000e+02;2.0901324e-02;1.4250000e+02;4.4679336e-02;1.4250000e+02;7.0701003e-02;1.4250000e+02;1.0173568e-01;1.4250000e+02;1.3776456e-01;1.4250000e+02;1.7532545e-01;1.4250000e+02;2.0218210e-01;1.4250000e+02;2.1961865e-01;1.4250000e+02;2.2329636e-01;1.4250000e+02;2.1662477e-01;1.4250000e+02;1.9458684e-01;1.4250000e+02;1.5983751e-01;1.4250000e+02;1.1888196e-01;1.4250000e+02;7.7093169e-02;1.4250000e+02;3.7537526e-02;1.4250000e+02;-6.1384775e-03;1.4250000e+02;-4.2474978e-03;1.4250000e+02;4.5807008e-03;1.4250000e+02;2.0901324e-02;1.4250000e+02;4.4679336e-02;1.4250000e+02;7.0701003e-02;1.4250000e+02;1.0173568e-01;1.4250000e+02;1.3776456e-01;1.4250000e+02;1.7532545e-01;1.4250000e+02;2.0218210e-01;1.4250000e+02;2.1961865e-01;1.4250000e+02;2.2329636e-01;1.4250000e+02;2.1662477e-01;1.4250000e+02;1.9458684e-01;1.4250000e+02;1.5983751e-01;1.4250000e+02;1.1888196e-01;1.4250000e+02;7.7093169e-02;1.4250000e+02;3.7537526e-02;1.4250000e+02;-6.1384775e-03;1.4250000e+02;-4.2474978e-03;1.4250000e+02;4.5807008e-03;1.4250000e+02;2.0901324e-02;1.4250000e+02;4.4679336e-02;1.4250000e+02;7.0701003e-02;1.4250000e+02;1.0173568e-01;1.4250000e+02;1.3776456e-01;1.4250000e+02;1.7532545e-01;1.4250000e+02;2.0218210e-01;1.4250000e+02;2.1961865e-01;1.4250000e+02;2.2329636e-01;1.4250000e+02;2.1662477e-01;1.4250000e+02;1.9458684e-01;1.4250000e+02;1.5983751e-01;1.4250000e+02;1.1888196e-01;1.4250000e+02;7.7093169e-02;1.4250000e+02;3.7537526e-02;1.4250000e+02;-6.1384775e-03;1.4250000e+02;-4.2474978e-03;1.4250000e+02;4.5807008e-03;1.4250000e+02;2.0901324e-02;1.4250000e+02;4.4679336e-02;1.4250000e+02;7.0701003e-02;1.4250000e+02;1.0173568e-01;1.4250000e+02;1.3776456e-01;1.4250000e+02;1.7532545e-01;1.4250000e+02;2.0218210e-01;1.4250000e+02;2.1961865e-01;1.4250000e+02;2.2329636e-01;1.4250000e+02;2.1662477e-01;1.4250000e+02;1.9458684e-01;1.4250000e+02;1.5983751e-01;1.4250000e+02;1.1888196e-01;1.4250000e+02;7.7093169e-02;1.4250000e+02;3.7537526e-02;1.4250000e+02;-6.1384775e-03;1.4250000e+02;-4.2474978e-03;1.4250000e+02;4.5807008e-03;1.4250000e+02;2.0901324e-02;1.4250000e+02;4.4679336e-02;1.4250000e+02;7.0701003e-02;1.4250000e+02;1.0173568e-01;1.4250000e+02;1.3776456e-01;1.4250000e+02;1.7532545e-01;1.4250000e+02;2.0218210e-01;1.4250000e+02;2.1961865e-01;1.4250000e+02;2.2329636e-01;1.4250000e+02;2.1662477e-01;1.4250000e+02;1.9458684e-01;1.4250000e+02;1.5983751e-01;1.4250000e+02;1.1888196e-01;1.4250000e+02;7.7093169e-02;1.4250000e+02;3.7537526e-02;1.4250000e+02;-6.1384775e-03;1.4250000e+02;-4.2474978e-03;1.4250000e+02;4.5807008e-03;1.4250000e+02;2.0901324e-02;1.4250000e+02;4.4679336e-02;1.4250000e+02;7.0701003e-02;1.4250000e+02;1.0173568e-01;1.4250000e+02;1.3776456e-01;1.4250000e+02;1.7532545e-01;1.4250000e+02;2.0218210e-01;1.4250000e+02;2.1961865e-01;1.4250000e+02;2.2329636e-01;1.4250000e+02;2.1662477e-01;1.4250000e+02;1.9458684e-01;1.4250000e+02;1.5983751e-01;1.4250000e+02;1.1888196e-01;1.4250000e+02;7.7093169e-02;1.4250000e+02;3.7537526e-02;1.4250000e+02;-6.1384775e-03;1.4250000e+02;-4.2474978e-03;1.4250000e+02;4.5807008e-03;1.4250000e+02;2.0901324e-02;1.4250000e+02;4.4679336e-02;1.4250000e+02;7.0701003e-02;1.4250000e+02;1.0173568e-01;1.4250000e+02;1.3776456e-01;1.4250000e+02;1.7532545e-01;1.4250000e+02;2.0218210e-01;1.4250000e+02;2.1961865e-01;1.4250000e+02;2.2329636e-01;1.4250000e+02;2.1662477e-01;1.4250000e+02;1.9458684e-01;1.4250000e+02;1.5983751e-01;1.4250000e+02;1.1888196e-01;1.4250000e+02;7.7093169e-02;1.4250000e+02;3.7537526e-02;1.4250000e+02;-6.1384775e-03;1.4250000e+02;-4.2474978e-03;1.4250000e+02;4.5807008e-03;1.4250000e+02;2.0901324e-02;1.4250000e+02;4.4679336e-02;1.4250000e+02;7.0701003e-02;1.4250000e+02;1.0173568e-01;1.4250000e+02;1.3776456e-01;1.4250000e+02;1.7532545e-01;1.4250000e+02;2.0218210e-01;1.4250000e+02;2.1961865e-01;1.4250000e+02;2.2329636e-01;1.4250000e+02;2.1662477e-01;1.4250000e+02;1.9458684e-01;1.4250000e+02;1.5983751e-01;1.4250000e+02;1.1888196e-01;1.4250000e+02;7.7093169e-02;1.4250000e+02;3.7537526e-02;1.4250000e+02;-6.1384775e-03;1.4250000e+02;-4.2474978e-03;1.4250000e+02;4.5807008e-03;1.4250000e+02;2.0901324e-02;1.4250000e+02;4.4679336e-02;1.4250000e+02;7.0701003e-02;1.4250000e+02;1.0173568e-01;1.4250000e+02;1.3776456e-01;1.4250000e+02;1.7532545e-01;1.4250000e+02;2.0218210e-01;1.4250000e+02;2.1961865e-01;1.4250000e+02;2.2329636e-01;1.4250000e+02;2.1662477e-01;1.4250000e+02;1.9458684e-01;1.4250000e+02;1.5983751e-01;1.4250000e+02;1.1888196e-01;1.4250000e+02;7.7093169e-02;1.4250000e+02;3.7537526e-02;1.4250000e+02;-6.1384775e-03;1.4250000e+02;-4.2474978e-03;1.4250000e+02;4.5807008e-03;1.4250000e+02;2.0901324e-02;1.4250000e+02;4.4679336e-02;1.4250000e+02;7.0701003e-02;1.4250000e+02;1.0173568e-01;1.4250000e+02;1.3776456e-01;1.4250000e+02;1.7532545e-01;1.4250000e+02;2.0218210e-01;1.4250000e+02;2.1961865e-01;1.4250000e+02;2.2329636e-01;1.4250000e+02;2.1662477e-01;1.4250000e+02;1.9458684e-01;1.4250000e+02;1.5983751e-01;1.4250000e+02;1.1888196e-01;1.4250000e+02;7.7093169e-02;1.4250000e+02;3.7537526e-02;1.4250000e+02;-6.1384775e-03;1.4250000e+02;-4.2474978e-03;1.4250000e+02;4.5807008e-03;1.4250000e+02;2.0901324e-02;1.4250000e+02;4.4679336e-02;1.4250000e+02;7.0701003e-02;1.4250000e+02;1.0173568e-01;1.4250000e+02;1.3776456e-01;1.4250000e+02;1.7532545e-01;1.4250000e+02;2.0218210e-01;1.4250000e+02;2.1961865e-01;1.4250000e+02;2.2329636e-01;1.4250000e+02;2.1662477e-01;1.4250000e+02;1.9458684e-01;1.4250000e+02;1.5983751e-01;1.4250000e+02;1.1888196e-01;1.4250000e+02;7.7093169e-02;1.4250000e+02;3.7537526e-02;1.4250000e+02;-6.1384775e-03;1.4250000e+02;-4.2474978e-03;1.4250000e+02;4.5807008e-03;1.4250000e+02;2.0901324e-02;1.4250000e+02;4.4679336e-02;1.4250000e+02;7.0701003e-02;1.4250000e+02;1.0173568e-01;1.4250000e+02;1.3776456e-01;1.4250000e+02;1.7532545e-01;1.4250000e+02;2.0218210e-01;1.4250000e+02;2.1961865e-01;1.4250000e+02;2.2329636e-01;1.4250000e+02;2.1662477e-01;1.4250000e+02;1.9458684e-01;1.4250000e+02;1.5983751e-01;1.4250000e+02;1.1888196e-01;1.4250000e+02;7.7093169e-02;1.4250000e+02;3.7537526e-02;1.4250000e+02;-6.1384775e-03;1.4250000e+02;-4.2474978e-03;1.4250000e+02;4.5807008e-03;1.4250000e+02;2.0901324e-02;1.4250000e+02;4.4679336e-02;1.4250000e+02;7.0701003e-02;1.4250000e+02;1.0173568e-01;1.4250000e+02;1.3776456e-01;1.4250000e+02;1.7532545e-01;1.4250000e+02;2.0218210e-01;1.4250000e+02;2.1961865e-01;1.4250000e+02;2.2329636e-01;1.4250000e+02;2.1662477e-01;1.4250000e+02;1.9458684e-01;1.4250000e+02;1.5983751e-01;1.4250000e+02;1.1888196e-01;1.4250000e+02;7.7093169e-02;1.4250000e+02;3.7537526e-02;1.4250000e+02;-6.1384775e-03;1.4250000e+02;-4.2474978e-03;1.4250000e+02;4.5807008e-03;1.4250000e+02;2.0901324e-02;1.4250000e+02;4.4679336e-02;1.4250000e+02;7.0701003e-02;1.4250000e+02;1.0173568e-01;1.4250000e+02;1.3776456e-01;1.4250000e+02;1.7532545e-01;1.4250000e+02;2.0218210e-01;1.4250000e+02;2.1961865e-01;1.4250000e+02;2.2329636e-01;1.4250000e+02;2.1662477e-01;1.4250000e+02;1.9458684e-01;1.4250000e+02;1.5983751e-01;1.4250000e+02;1.1888196e-01;1.4250000e+02;7.7093169e-02;1.4250000e+02;3.7537526e-02;1.4250000e+02;-6.1384775e-03;1.4250000e+02;-4.2474978e-03;1.4250000e+02;4.5807008e-03;1.4250000e+02;2.0901324e-02;1.4250000e+02;4.4679336e-02;1.4250000e+02;7.0701003e-02;1.4250000e+02;1.0173568e-01;1.4250000e+02;1.3776456e-01;1.4250000e+02;1.7532545e-01;1.4250000e+02;2.0218210e-01;1.4250000e+02;2.1961865e-01;1.4250000e+02;2.2329636e-01;1.4250000e+02;2.1662477e-01;1.4250000e+02;1.9458684e-01;1.4250000e+02;1.5983751e-01;1.4250000e+02;1.1888196e-01;1.4250000e+02;7.7093169e-02;1.4250000e+02;3.7537526e-02;1.4250000e+02;-6.1384775e-03;1.4250000e+02;-4.2474978e-03;1.4250000e+02;4.5807008e-03;1.4250000e+02;2.0901324e-02;1.4250000e+02;4.4679336e-02;1.4250000e+02;7.0701003e-02;1.4250000e+02;1.0173568e-01;1.4250000e+02;1.3776456e-01;1.4250000e+02;1.7532545e-01;1.4250000e+02;2.0218210e-01;1.4250000e+02;2.1961865e-01;1.4250000e+02;2.2329636e-01;1.4250000e+02;2.1662477e-01;1.4250000e+02;1.9458684e-01;1.4250000e+02;1.5983751e-01;1.4250000e+02;1.1888196e-01;1.4250000e+02;7.7093169e-02;1.4250000e+02;3.7537526e-02;1.4250000e+02;-6.1384775e-03;1.4250000e+02;-4.2474978e-03;1.4250000e+02;4.5807008e-03;1.4250000e+02;2.0901324e-02;1.4250000e+02;4.4679336e-02;1.4250000e+02;7.0701003e-02;1.4250000e+02;1.0173568e-01;1.4250000e+02;1.3776456e-01;1.4250000e+02;1.7532545e-01;1.4250000e+02;2.0218210e-01;1.4250000e+02;2.1961865e-01;1.4250000e+02;2.2329636e-01;1.4250000e+02;2.1662477e-01;1.4250000e+02;1.9458684e-01;1.4250000e+02;1.5983751e-01;1.4250000e+02;1.1888196e-01;1.4250000e+02;7.7093169e-02;1.4250000e+02;3.7537526e-02;1.4250000e+02;-6.1384775e-03;1.4250000e+02;-4.2474978e-03;1.4250000e+02;4.5807008e-03;1.4250000e+02;2.0901324e-02;1.4250000e+02;4.4679336e-02;1.4250000e+02;7.0701003e-02;1.4250000e+02;1.0173568e-01;1.4250000e+02;1.3776456e-01;1.4250000e+02;1.7532545e-01;1.4250000e+02;2.0218210e-01;1.4250000e+02;2.1961865e-01;1.4250000e+02;2.2329636e-01;1.4250000e+02;2.1662477e-01;1.4250000e+02;1.9458684e-01;1.4250000e+02;1.5983751e-01;1.4250000e+02;1.1888196e-01;1.4250000e+02;7.7093169e-02;1.4250000e+02;3.7537526e-02;1.4250000e+02;-6.1384775e-03;1.4250000e+02;-4.2474978e-03;1.4250000e+02;4.5807008e-03;1.4250000e+02;2.0901324e-02;1.4250000e+02;4.4679336e-02;1.4250000e+02;7.0701003e-02;1.4250000e+02;1.0173568e-01;1.4250000e+02;1.3776456e-01;1.4250000e+02;1.7532545e-01;1.4250000e+02;2.0218210e-01;1.4250000e+02;2.1961865e-01;1.4250000e+02;2.2329636e-01;1.4250000e+02;2.1662477e-01;1.4250000e+02;1.9458684e-01;1.4250000e+02;1.5983751e-01;1.4250000e+02;1.1888196e-01;1.4250000e+02;7.7093169e-02;1.4250000e+02;3.7537526e-02;1.4250000e+02;-6.1384775e-03;1.4250000e+02;-4.2474978e-03;1.4250000e+02;4.5807008e-03;1.4250000e+02;2.0901324e-02;1.4250000e+02;4.4679336e-02;1.4250000e+02;7.0701003e-02;1.4250000e+02;1.0173568e-01;1.4250000e+02;1.3776456e-01;1.4250000e+02;1.7532545e-01;1.4250000e+02;2.0218210e-01;1.4250000e+02;2.1961865e-01;1.4250000e+02;2.2329636e-01;1.4250000e+02;2.1662477e-01;1.4250000e+02;1.9458684e-01;1.4250000e+02;1.5983751e-01;1.4250000e+02;1.1888196e-01;1.4250000e+02;7.7093169e-02;1.4250000e+02;3.7537526e-02;1.4250000e+02;-6.1384775e-03;1.4250000e+02;-4.2474978e-03;1.4250000e+02;4.5807008e-03;1.4250000e+02;2.0901324e-02;1.4250000e+02;4.4679336e-02;1.4250000e+02;7.0701003e-02;1.4250000e+02;1.0173568e-01;1.4250000e+02;1.3776456e-01;1.4250000e+02;1.7532545e-01;1.4250000e+02;2.0218210e-01;1.4250000e+02;2.1961865e-01;1.4250000e+02;2.2329636e-01;1.4250000e+02;2.1662477e-01;1.4250000e+02;1.9458684e-01;1.4250000e+02;1.5983751e-01;1.4250000e+02;1.1888196e-01;1.4250000e+02;7.7093169e-02;1.4250000e+02;3.7537526e-02;1.4250000e+02;-6.1384775e-03;1.4250000e+02;-4.2474978e-03;1.4250000e+02;4.5807008e-03;1.4250000e+02;2.0901324e-02;1.4250000e+02;4.4679336e-02;1.4250000e+02;7.0701003e-02;1.4250000e+02;1.0173568e-01;1.4250000e+02;1.3776456e-01;1.4250000e+02;1.7532545e-01;1.4250000e+02;2.0218210e-01;1.4250000e+02;2.1961865e-01;1.4250000e+02;2.2329636e-01;1.4250000e+02;2.1662477e-01;1.4250000e+02;1.9458684e-01;1.4250000e+02;1.5983751e-01;1.4250000e+02;1.1888196e-01;1.4250000e+02;7.7093169e-02;1.4250000e+02;3.7537526e-02;1.4250000e+02;-6.1384775e-03;1.4250000e+02;-4.2474978e-03;1.4250000e+02;4.5807008e-03;1.4250000e+02;2.0901324e-02;1.4250000e+02;4.4679336e-02;1.4250000e+02;7.0701003e-02;1.4250000e+02;1.0173568e-01;1.4250000e+02;1.3776456e-01;1.4250000e+02;1.7532545e-01;1.4250000e+02;2.0218210e-01;1.4250000e+02;2.1961865e-01;1.4250000e+02;2.2329636e-01;1.4250000e+02;2.1662477e-01;1.4250000e+02;1.9458684e-01;1.4250000e+02;1.5983751e-01;1.4250000e+02;1.1888196e-01;1.4250000e+02;7.7093169e-02;1.4250000e+02;3.7537526e-02;1.4250000e+02;-6.1384775e-03;1.4250000e+02;-4.2474978e-03;1.4250000e+02;4.5807008e-03;1.4250000e+02;2.0901324e-02;1.4250000e+02;4.4679336e-02;1.4250000e+02;7.0701003e-02;1.4250000e+02;1.0173568e-01;1.4250000e+02;1.3776456e-01;1.4250000e+02;1.7532545e-01;1.4250000e+02;2.0218210e-01;1.4250000e+02;2.1961865e-01;1.4250000e+02;2.2329636e-01;1.4250000e+02;2.1662477e-01;1.4250000e+02;1.9458684e-01;1.4250000e+02;1.5983751e-01;1.4250000e+02;1.1888196e-01;1.4250000e+02;7.7093169e-02;1.4250000e+02;3.7537526e-02;1.4250000e+02;-6.1384775e-03;1.4250000e+02;-4.2474978e-03;1.4250000e+02;4.5807008e-03;1.4250000e+02;2.0901324e-02;1.4250000e+02;4.4679336e-02;1.4250000e+02;7.0701003e-02;1.4250000e+02;1.0173568e-01;1.4250000e+02;1.3776456e-01;1.4250000e+02;1.7532545e-01;1.4250000e+02;2.0218210e-01;1.4250000e+02;2.1961865e-01;1.4250000e+02;2.2329636e-01;1.4250000e+02;2.1662477e-01;1.4250000e+02;1.9458684e-01;1.4250000e+02;1.5983751e-01;1.4250000e+02;1.1888196e-01;1.4250000e+02;7.7093169e-02;1.4250000e+02;3.7537526e-02;1.4250000e+02;-6.1384775e-03;1.4250000e+02;-4.2474978e-03;1.4250000e+02;4.5807008e-03;1.4250000e+02;2.0901324e-02;1.4250000e+02;4.4679336e-02;1.4250000e+02;7.0701003e-02;1.4250000e+02;1.0173568e-01;1.4250000e+02;1.3776456e-01;1.4250000e+02;1.7532545e-01;1.4250000e+02;2.0218210e-01;1.4250000e+02;2.1961865e-01;1.4250000e+02;2.2329636e-01;1.4250000e+02;2.1662477e-01;1.4250000e+02;1.9458684e-01;1.4250000e+02;1.5983751e-01;1.4250000e+02;1.1888196e-01;1.4250000e+02;7.7093169e-02;1.4250000e+02;3.7537526e-02;1.4250000e+02;-6.1384775e-03;1.4250000e+02;-4.2474978e-03;1.4250000e+02;4.5807008e-03;1.4250000e+02;2.0901324e-02;1.4250000e+02;4.4679336e-02;1.4250000e+02;7.0701003e-02;1.4250000e+02;1.0173568e-01;1.4250000e+02;1.3776456e-01;1.4250000e+02;1.7532545e-01;1.4250000e+02;2.0218210e-01;1.4250000e+02;2.1961865e-01;1.4250000e+02;2.2329636e-01;1.4250000e+02;2.1662477e-01;1.4250000e+02;1.9458684e-01;1.4250000e+02;1.5983751e-01;1.4250000e+02;1.1888196e-01;1.4250000e+02;7.7093169e-02;1.4250000e+02;3.7537526e-02;1.4250000e+02;-6.1384775e-03;1.4250000e+02;-4.2474978e-03;1.4250000e+02;4.5807008e-03;1.4250000e+02;2.0901324e-02;1.4250000e+02;4.4679336e-02;1.4250000e+02;7.0701003e-02;1.4250000e+02;1.0173568e-01;1.4250000e+02;1.3776456e-01;1.4250000e+02;1.7532545e-01;1.4250000e+02;2.0218210e-01;1.4250000e+02;2.1961865e-01;1.4250000e+02;2.2329636e-01;1.4250000e+02;2.1662477e-01;1.4250000e+02;1.9458684e-01;1.4250000e+02;1.5983751e-01;1.4250000e+02;1.1888196e-01;1.4250000e+02;7.7093169e-02;1.4250000e+02;3.7537526e-02;1.4250000e+02;-6.1384775e-03;1.4250000e+02;-4.2474978e-03;1.4250000e+02;4.5807008e-03;1.4250000e+02;2.0901324e-02;1.4250000e+02;4.4679336e-02;1.4250000e+02;7.0701003e-02;1.4250000e+02;1.0173568e-01;1.4250000e+02;1.3776456e-01;1.4250000e+02;1.7532545e-01;1.4250000e+02;2.0218210e-01;1.4250000e+02;2.1961865e-01;1.4250000e+02;2.2329636e-01;1.4250000e+02;2.1662477e-01;1.4250000e+02;1.9458684e-01;1.4250000e+02;1.5983751e-01;1.4250000e+02;1.1888196e-01;1.4250000e+02;7.7093169e-02;1.4250000e+02;3.7537526e-02;1.4250000e+02;-6.1384775e-03;1.4250000e+02;-4.2474978e-03;1.4250000e+02;4.5807008e-03;1.4250000e+02;2.0901324e-02;1.4250000e+02;4.4679336e-02;1.4250000e+02;7.0701003e-02;1.4250000e+02;1.0173568e-01;1.4250000e+02;1.3776456e-01;1.4250000e+02;1.7532545e-01;1.4250000e+02;2.0218210e-01;1.4250000e+02;2.1961865e-01;1.4250000e+02;2.2329636e-01;1.4250000e+02;2.1662477e-01;1.4250000e+02;1.9458684e-01;1.4250000e+02;1.5983751e-01;1.4250000e+02;1.1888196e-01;1.4250000e+02;7.7093169e-02;1.4250000e+02;3.7537526e-02;1.4250000e+02;-6.1384775e-03;1.4250000e+02;-4.2474978e-03;1.4250000e+02;4.5807008e-03;1.4250000e+02;2.0901324e-02;1.4250000e+02;4.4679336e-02;1.4250000e+02;7.0701003e-02;1.4250000e+02;1.0173568e-01;1.4250000e+02;1.3776456e-01;1.4250000e+02;1.7532545e-01;1.4250000e+02;2.0218210e-01;1.4250000e+02;2.1961865e-01;1.4250000e+02;2.2329636e-01;1.4250000e+02;2.1662477e-01;1.4250000e+02;1.9458684e-01;1.4250000e+02;1.5983751e-01;1.4250000e+02;1.1888196e-01;1.4250000e+02;7.7093169e-02;1.4250000e+02;3.7537526e-02;1.4250000e+02;-6.1384775e-03;1.4250000e+02;-4.2474978e-03;1.4250000e+02;4.5807008e-03;1.4250000e+02;2.0901324e-02;1.4250000e+02;4.4679336e-02;1.4250000e+02;7.0701003e-02;1.4250000e+02;1.0173568e-01;1.4250000e+02;1.3776456e-01;1.4250000e+02;1.7532545e-01;1.4250000e+02;2.0218210e-01;1.4250000e+02;2.1961865e-01;1.4250000e+02;2.2329636e-01;1.4250000e+02;2.1662477e-01;1.4250000e+02;1.9458684e-01;1.4250000e+02;1.5983751e-01;1.4250000e+02;1.1888196e-01;1.4250000e+02;7.7093169e-02;1.4250000e+02;3.7537526e-02;1.4250000e+02;-6.1384775e-03;1.4250000e+02;-4.2474978e-03;1.4250000e+02;4.5807008e-03;1.4250000e+02;2.0901324e-02;1.4250000e+02;4.4679336e-02;1.4250000e+02;7.0701003e-02;1.4250000e+02;1.0173568e-01;1.4250000e+02;1.3776456e-01;1.4250000e+02;1.7532545e-01;1.4250000e+02;2.0218210e-01;1.4250000e+02;2.1961865e-01;1.4250000e+02;2.2329636e-01;1.4250000e+02;2.1662477e-01;1.4250000e+02;1.9458684e-01;1.4250000e+02;1.5983751e-01;1.4250000e+02;1.1888196e-01;1.4250000e+02;7.7093169e-02;1.4250000e+02;3.7537526e-02;1.4250000e+02;-6.1384775e-03;1.4250000e+02;-4.2474978e-03;1.4250000e+02;4.5807008e-03;1.4250000e+02;2.0901324e-02;1.4250000e+02;4.4679336e-02;1.4250000e+02;7.0701003e-02;1.4250000e+02;1.0173568e-01;1.4250000e+02;1.3776456e-01;1.4250000e+02;1.7532545e-01;1.4250000e+02;2.0218210e-01;1.4250000e+02;2.1961865e-01;1.4250000e+02;2.2329636e-01;1.4250000e+02;2.1662477e-01;1.4250000e+02;1.9458684e-01;1.4250000e+02;1.5983751e-01;1.4250000e+02;1.1888196e-01;1.4250000e+02;7.7093169e-02;1.4250000e+02;3.7537526e-02;1.4250000e+02;-6.1384775e-03;1.4250000e+02;-4.2474978e-03;1.4250000e+02;4.5807008e-03;1.4250000e+02;2.0901324e-02;1.4250000e+02;4.4679336e-02;1.4250000e+02;7.0701003e-02;1.4250000e+02;1.0173568e-01;1.4250000e+02;1.3776456e-01;1.4250000e+02;1.7532545e-01;1.4250000e+02;2.0218210e-01;1.4250000e+02;2.1961865e-01;1.4250000e+02;2.2329636e-01;1.4250000e+02;2.1662477e-01;1.4250000e+02;1.9458684e-01;1.4250000e+02;1.5983751e-01;1.4250000e+02;1.1888196e-01;1.4250000e+02;7.7093169e-02;1.4250000e+02;3.7537526e-02;1.4250000e+02;-6.1384775e-03;1.4250000e+02;-4.2474978e-03;1.4250000e+02;4.5807008e-03;1.4250000e+02;2.0901324e-02;1.4250000e+02;4.4679336e-02;1.4250000e+02;7.0701003e-02;1.4250000e+02;1.0173568e-01;1.4250000e+02;1.3776456e-01;1.4250000e+02;1.7532545e-01;1.4250000e+02;2.0218210e-01;1.4250000e+02;2.1961865e-01;1.4250000e+02;2.2329636e-01;1.4250000e+02;2.1662477e-01;1.4250000e+02;1.9458684e-01;1.4250000e+02;1.5983751e-01;1.4250000e+02;1.1888196e-01;1.4250000e+02;7.7093169e-02;1.4250000e+02;3.7537526e-02;1.4250000e+02;-6.1384775e-03;1.4250000e+02;-4.2474978e-03;1.4250000e+02;4.5807008e-03;1.4250000e+02;2.0901324e-02;1.4250000e+02;4.4679336e-02;1.4250000e+02;7.0701003e-02;1.4250000e+02;1.0173568e-01;1.4250000e+02;1.3776456e-01;1.4250000e+02;1.7532545e-01;1.4250000e+02;2.0218210e-01;1.4250000e+02;2.1961865e-01;1.4250000e+02;2.2329636e-01;1.4250000e+02;2.1662477e-01;1.4250000e+02;1.9458684e-01;1.4250000e+02;1.5983751e-01;1.4250000e+02;1.1888196e-01;1.4250000e+02;7.7093169e-02;1.4250000e+02;3.7537526e-02;1.4250000e+02;-6.1384775e-03;1.4250000e+02;-4.2474978e-03;1.4250000e+02;4.5807008e-03;1.4250000e+02;2.0901324e-02;1.4250000e+02;4.4679336e-02;1.4250000e+02;7.0701003e-02;1.4250000e+02;1.0173568e-01;1.4250000e+02;1.3776456e-01;1.4250000e+02;1.7532545e-01;1.4250000e+02;2.0218210e-01;1.4250000e+02;2.1961865e-01;1.4250000e+02;2.2329636e-01;1.4250000e+02;2.1662477e-01;1.4250000e+02;1.9458684e-01;1.4250000e+02;1.5983751e-01;1.4250000e+02;1.1888196e-01;1.4250000e+02;7.7093169e-02;1.4250000e+02;3.7537526e-02;1.4250000e+02;-6.1384775e-03;1.4250000e+02;-4.2474978e-03;1.4250000e+02;4.5807008e-03;1.4250000e+02;2.0901324e-02;1.4250000e+02;4.4679336e-02;1.4250000e+02;7.0701003e-02;1.4250000e+02;1.0173568e-01;1.4250000e+02;1.3776456e-01;1.4250000e+02;1.7532545e-01;1.4250000e+02;2.0218210e-01;1.4250000e+02;2.1961865e-01;1.4250000e+02;2.2329636e-01;1.4250000e+02;2.1662477e-01;1.4250000e+02;1.9458684e-01;1.4250000e+02;1.5983751e-01;1.4250000e+02;1.1888196e-01;1.4250000e+02;7.7093169e-02;1.4250000e+02;3.7537526e-02;1.4250000e+02;-6.1384775e-03;1.4250000e+02;-4.2474978e-03;1.4250000e+02;4.5807008e-03;1.4250000e+02;2.0901324e-02;1.4250000e+02;4.4679336e-02;1.4250000e+02;7.0701003e-02;1.4250000e+02;1.0173568e-01;1.4250000e+02;1.3776456e-01;1.4250000e+02;1.7532545e-01;1.4250000e+02;2.0218210e-01;1.4250000e+02;2.1961865e-01;1.4250000e+02;2.2329636e-01;1.4250000e+02;2.1662477e-01;1.4250000e+02;1.9458684e-01;1.4250000e+02;1.5983751e-01;1.4250000e+02;1.1888196e-01;1.4250000e+02;7.7093169e-02;1.4250000e+02;3.7537526e-02;1.4250000e+02;-6.1384775e-03;1.4250000e+02;-4.2474978e-03;1.4250000e+02;4.5807008e-03;1.4250000e+02;2.0901324e-02;1.4250000e+02;4.4679336e-02;1.4250000e+02;7.0701003e-02;1.4250000e+02;1.0173568e-01;1.4250000e+02;1.3776456e-01;1.4250000e+02;1.7532545e-01;1.4250000e+02;2.0218210e-01;1.4250000e+02;2.1961865e-01;1.4250000e+02;2.2329636e-01;1.4250000e+02;2.1662477e-01;1.4250000e+02;1.9458684e-01;1.4250000e+02;1.5983751e-01;1.4250000e+02;1.1888196e-01;1.4250000e+02;7.7093169e-02;1.4250000e+02;3.7537526e-02;1.4250000e+02;-6.1384775e-03;1.4250000e+02;-4.2474978e-03;1.4250000e+02;4.5807008e-03;1.4250000e+02;2.0901324e-02;1.4250000e+02;4.4679336e-02;1.4250000e+02;7.0701003e-02;1.4250000e+02;1.0173568e-01;1.4250000e+02;1.3776456e-01;1.4250000e+02;1.7532545e-01;1.4250000e+02;2.0218210e-01;1.4250000e+02;2.1961865e-01;1.4250000e+02;2.2329636e-01;1.4250000e+02;2.1662477e-01;1.4250000e+02;1.9458684e-01;1.4250000e+02;1.5983751e-01;1.4250000e+02;1.1888196e-01;1.4250000e+02;7.7093169e-02;1.4250000e+02;3.7537526e-02;1.4250000e+02;-6.1384775e-03;1.4250000e+02;-4.2474978e-03;1.4250000e+02;4.5807008e-03;1.4250000e+02;2.0901324e-02;1.4250000e+02;4.4679336e-02;1.4250000e+02;7.0701003e-02;1.4250000e+02;1.0173568e-01;1.4250000e+02;1.3776456e-01;1.4250000e+02;1.7532545e-01;1.4250000e+02;2.0218210e-01;1.4250000e+02;2.1961865e-01;1.4250000e+02;2.2329636e-01;1.4250000e+02;2.1662477e-01;1.4250000e+02;1.9458684e-01;1.4250000e+02;1.5983751e-01;1.4250000e+02;1.1888196e-01;1.4250000e+02;7.7093169e-02;1.4250000e+02;3.7537526e-02;1.4250000e+02;-6.1384775e-03;1.4250000e+02;-4.2474978e-03;1.4250000e+02;4.5807008e-03;1.4250000e+02;2.0901324e-02;1.4250000e+02;4.4679336e-02;1.4250000e+02;7.0701003e-02;1.4250000e+02;1.0173568e-01;1.4250000e+02;1.3776456e-01;1.4250000e+02;1.7532545e-01;1.4250000e+02;2.0218210e-01;1.4250000e+02;2.1961865e-01;1.4250000e+02;2.2329636e-01;1.4250000e+02;2.1662477e-01;1.4250000e+02;1.9458684e-01;1.4250000e+02;1.5983751e-01;1.4250000e+02;1.1888196e-01;1.4250000e+02;7.7093169e-02;1.4250000e+02;3.7537526e-02;1.4250000e+02;-6.1384775e-03;1.4250000e+02;-4.2474978e-03;1.4250000e+02;4.5807008e-03;1.4250000e+02;2.0901324e-02;1.4250000e+02;4.4679336e-02;1.4250000e+02;7.0701003e-02;1.4250000e+02;1.0173568e-01;1.4250000e+02;1.3776456e-01;1.4250000e+02;1.7532545e-01;1.4250000e+02;2.0218210e-01;1.4250000e+02;2.1961865e-01;1.4250000e+02;2.2329636e-01;1.4250000e+02;2.1662477e-01;1.4250000e+02;1.9458684e-01;1.4250000e+02;1.5983751e-01;1.4250000e+02;1.1888196e-01;1.4250000e+02;7.7093169e-02;1.4250000e+02;3.7537526e-02;1.4250000e+02;-6.1384775e-03;1.4250000e+02;-4.2474978e-03;1.4250000e+02;4.5807008e-03;1.4250000e+02;2.0901324e-02;1.4250000e+02;4.4679336e-02;1.4250000e+02;7.0701003e-02;1.4250000e+02;1.0173568e-01;1.4250000e+02;1.3776456e-01;1.4250000e+02;1.7532545e-01;1.4250000e+02;2.0218210e-01;1.4250000e+02;2.1961865e-01;1.4250000e+02;2.2329636e-01;1.4250000e+02;2.1662477e-01;1.4250000e+02;1.9458684e-01;1.4250000e+02;1.5983751e-01;1.4250000e+02;1.1888196e-01;1.4250000e+02;7.7093169e-02;1.4250000e+02;3.7537526e-02;1.4250000e+02;-6.1384775e-03;1.4250000e+02;-4.2474978e-03;1.4250000e+02;4.5807008e-03;1.4250000e+02;2.0901324e-02;1.4250000e+02;4.4679336e-02;1.4250000e+02;7.0701003e-02;1.4250000e+02;1.0173568e-01;1.4250000e+02;1.3776456e-01;1.4250000e+02;1.7532545e-01;1.4250000e+02;2.0218210e-01;1.4250000e+02;2.1961865e-01;1.4250000e+02;2.2329636e-01;1.4250000e+02;2.1662477e-01;1.4250000e+02;1.9458684e-01;1.4250000e+02;1.5983751e-01;1.4250000e+02;1.1888196e-01;1.4250000e+02;7.7093169e-02;1.4250000e+02;3.7537526e-02;1.4250000e+02;-6.1384775e-03;1.4250000e+02;-4.2474978e-03;1.4250000e+02;4.5807008e-03;1.4250000e+02;2.0901324e-02;1.4250000e+02;4.4679336e-02;1.4250000e+02;7.0701003e-02;1.4250000e+02;1.0173568e-01;1.4250000e+02;1.3776456e-01;1.4250000e+02;1.7532545e-01;1.4250000e+02;2.0218210e-01;1.4250000e+02;2.1961865e-01;1.4250000e+02;2.2329636e-01;1.4250000e+02;2.1662477e-01;1.4250000e+02;1.9458684e-01;1.4250000e+02;1.5983751e-01;1.4250000e+02;1.1888196e-01;1.4250000e+02;7.7093169e-02;1.4250000e+02;3.7537526e-02;1.4250000e+02;-6.1384775e-03;1.4250000e+02;-4.2474978e-03;1.4250000e+02;4.5807008e-03;1.4250000e+02;2.0901324e-02;1.4250000e+02;4.4679336e-02;1.4250000e+02;7.0701003e-02;1.4250000e+02;1.0173568e-01;1.4250000e+02;1.3776456e-01;1.4250000e+02;1.7532545e-01;1.4250000e+02;2.0218210e-01;1.4250000e+02;2.1961865e-01;1.4250000e+02;2.2329636e-01;1.4250000e+02;2.1662477e-01;1.4250000e+02;1.9458684e-01;1.4250000e+02;1.5983751e-01;1.4250000e+02;1.1888196e-01;1.4250000e+02;7.7093169e-02;1.4250000e+02;3.7537526e-02;1.4250000e+02;-6.1384775e-03;1.4250000e+02;-4.2474978e-03;1.4250000e+02;4.5807008e-03;1.4250000e+02;2.0901324e-02;1.4250000e+02;4.4679336e-02;1.4250000e+02;7.0701003e-02;1.4250000e+02;1.0173568e-01;1.4250000e+02;1.3776456e-01;1.4250000e+02;1.7532545e-01;1.4250000e+02;2.0218210e-01;1.4250000e+02;2.1961865e-01;1.4250000e+02;2.2329636e-01;1.4250000e+02;2.1662477e-01;1.4250000e+02;1.9458684e-01;1.4250000e+02;1.5983751e-01;1.4250000e+02;1.1888196e-01;1.4250000e+02;7.7093169e-02;1.4250000e+02;3.7537526e-02;1.4250000e+02;-6.1384775e-03;1.4250000e+02;-4.2474978e-03;1.4250000e+02;4.5807008e-03;1.4250000e+02;2.0901324e-02;1.4250000e+02;4.4679336e-02;1.4250000e+02;7.0701003e-02;1.4250000e+02;1.0173568e-01;1.4250000e+02;1.3776456e-01;1.4250000e+02;1.7532545e-01;1.4250000e+02;2.0218210e-01;1.4250000e+02;2.1961865e-01;1.4250000e+02;2.2329636e-01;1.4250000e+02;2.1662477e-01;1.4250000e+02;1.9458684e-01;1.4250000e+02;1.5983751e-01;1.4250000e+02;1.1888196e-01;1.4250000e+02;7.7093169e-02;1.4250000e+02;3.7537526e-02;1.4250000e+02;-6.1384775e-03;1.4250000e+02;-4.2474978e-03;1.4250000e+02;4.5807008e-03;1.4250000e+02;2.0901324e-02;1.4250000e+02;4.4679336e-02;1.4250000e+02;7.0701003e-02;1.4250000e+02;1.0173568e-01;1.4250000e+02;1.3776456e-01;1.4250000e+02;1.7532545e-01;1.4250000e+02;2.0218210e-01;1.4250000e+02;2.1961865e-01;1.4250000e+02;2.2329636e-01;1.4250000e+02;2.1662477e-01;1.4250000e+02;1.9458684e-01;1.4250000e+02;1.5983751e-01;1.4250000e+02;1.1888196e-01;1.4250000e+02;7.7093169e-02;1.4250000e+02;3.7537526e-02;1.4250000e+02;-6.1384775e-03;1.4250000e+02;-4.2474978e-03;1.4250000e+02;4.5807008e-03;1.4250000e+02;2.0901324e-02;1.4250000e+02;4.4679336e-02;1.4250000e+02;7.0701003e-02;1.4250000e+02;1.0173568e-01;1.4250000e+02;1.3776456e-01;1.4250000e+02;1.7532545e-01;1.4250000e+02;2.0218210e-01;1.4250000e+02;2.1961865e-01;1.4250000e+02;2.2329636e-01;1.4250000e+02;2.1662477e-01;1.4250000e+02;1.9458684e-01;1.4250000e+02;1.5983751e-01;1.4250000e+02;1.1888196e-01;1.4250000e+02;7.7093169e-02;1.4250000e+02;3.7537526e-02;1.4250000e+02;-6.1384775e-03;1.4250000e+02;-4.2474978e-03;1.4250000e+02;4.5807008e-03;1.4250000e+02;2.0901324e-02;1.4250000e+02;4.4679336e-02;1.4250000e+02;7.0701003e-02;1.4250000e+02;1.0173568e-01;1.4250000e+02;1.3776456e-01;1.4250000e+02;1.7532545e-01;1.4250000e+02;2.0218210e-01;1.4250000e+02;2.1961865e-01;1.4250000e+02;2.2329636e-01;1.4250000e+02;2.1662477e-01;1.4250000e+02;1.9458684e-01;1.4250000e+02;1.5983751e-01;1.4250000e+02;1.1888196e-01;1.4250000e+02;7.7093169e-02;1.4250000e+02;3.7537526e-02;1.4250000e+02;-6.1384775e-03;1.4250000e+02;-4.2474978e-03;1.4250000e+02;4.5807008e-03;1.4250000e+02;2.0901324e-02;1.4250000e+02;4.4679336e-02;1.4250000e+02;7.0701003e-02;1.4250000e+02;1.0173568e-01;1.4250000e+02;1.3776456e-01;1.4250000e+02;1.7532545e-01;1.4250000e+02;2.0218210e-01;1.4250000e+02;2.1961865e-01;1.4250000e+02;2.2329636e-01;1.4250000e+02;2.1662477e-01;1.4250000e+02;1.9458684e-01;1.4250000e+02;1.5983751e-01;1.4250000e+02;1.1888196e-01;1.4250000e+02;7.7093169e-02;1.4250000e+02;3.7537526e-02;1.4250000e+02;-6.1384775e-03;1.4250000e+02;-4.2474978e-03;1.4250000e+02;4.5807008e-03;1.4250000e+02;2.0901324e-02;1.4250000e+02;4.4679336e-02;1.4250000e+02;7.0701003e-02;1.4250000e+02;1.0173568e-01;1.4250000e+02;1.3776456e-01;1.4250000e+02;1.7532545e-01;1.4250000e+02;2.0218210e-01;1.4250000e+02;2.1961865e-01;1.4250000e+02;2.2329636e-01;1.4250000e+02;2.1662477e-01;1.4250000e+02;1.9458684e-01;1.4250000e+02;1.5983751e-01;1.4250000e+02;1.1888196e-01;1.4250000e+02;7.7093169e-02;1.4250000e+02;3.7537526e-02;1.4250000e+02;-6.1384775e-03;1.4250000e+02;-4.2474978e-03;1.4250000e+02;4.5807008e-03;1.4250000e+02;2.0901324e-02;1.4250000e+02;4.4679336e-02;1.4250000e+02;7.0701003e-02;1.4250000e+02;1.0173568e-01;1.4250000e+02;1.3776456e-01;1.4250000e+02;1.7532545e-01;1.4250000e+02;2.0218210e-01;1.4250000e+02;2.1961865e-01;1.4250000e+02;2.2329636e-01;1.4250000e+02;2.1662477e-01;1.4250000e+02;1.9458684e-01;1.4250000e+02;1.5983751e-01;1.4250000e+02;1.1888196e-01;1.4250000e+02;7.7093169e-02;1.4250000e+02;3.7537526e-02;1.4250000e+02;-6.1384775e-03;1.4250000e+02;-4.2474978e-03;1.4250000e+02;4.5807008e-03;1.4250000e+02;2.0901324e-02;1.4250000e+02;4.4679336e-02;1.4250000e+02;7.0701003e-02;1.4250000e+02;1.0173568e-01;1.4250000e+02;1.3776456e-01;1.4250000e+02;1.7532545e-01;1.4250000e+02;2.0218210e-01;1.4250000e+02;2.1961865e-01;1.4250000e+02;2.2329636e-01;1.4250000e+02;2.1662477e-01;1.4250000e+02;1.9458684e-01;1.4250000e+02;1.5983751e-01;1.4250000e+02;1.1888196e-01;1.4250000e+02;7.7093169e-02;1.4250000e+02;3.7537526e-02;1.4250000e+02;-6.1384775e-03;1.4250000e+02;-4.2474978e-03;1.4250000e+02;4.5807008e-03;1.4250000e+02;2.0901324e-02;1.4250000e+02;4.4679336e-02;1.4250000e+02;7.0701003e-02;1.4250000e+02;1.0173568e-01;1.4250000e+02;1.3776456e-01;1.4250000e+02;1.7532545e-01;1.4250000e+02;2.0218210e-01;1.4250000e+02;2.1961865e-01;1.4250000e+02;2.2329636e-01;1.4250000e+02;2.1662477e-01;1.4250000e+02;1.9458684e-01;1.4250000e+02;1.5983751e-01;1.4250000e+02;1.1888196e-01;1.4250000e+02;7.7093169e-02;1.4250000e+02;3.7537526e-02;1.4250000e+02;-6.1384775e-03;1.4250000e+02;-4.2474978e-03;1.4250000e+02;4.5807008e-03;1.4250000e+02;2.0901324e-02;1.4250000e+02;4.4679336e-02;1.4250000e+02;7.0701003e-02;1.4250000e+02;1.0173568e-01;1.4250000e+02;1.3776456e-01;1.4250000e+02;1.7532545e-01;1.4250000e+02;2.0218210e-01;1.4250000e+02;2.1961865e-01;1.4250000e+02;2.2329636e-01;1.4250000e+02;2.1662477e-01;1.4250000e+02;1.9458684e-01;1.4250000e+02;1.5983751e-01;1.4250000e+02;1.1888196e-01;1.4250000e+02;7.7093169e-02;1.4250000e+02;3.7537526e-02;1.4250000e+02;-6.1384775e-03;1.4250000e+02;-4.2474978e-03;1.4250000e+02;4.5807008e-03;1.4250000e+02;2.0901324e-02;1.4250000e+02;4.4679336e-02;1.4250000e+02;7.0701003e-02;1.4250000e+02;1.0173568e-01;1.4250000e+02;1.3776456e-01;1.4250000e+02;1.7532545e-01;1.4250000e+02;2.0218210e-01;1.4250000e+02;2.1961865e-01;1.4250000e+02;2.2329636e-01;1.4250000e+02;2.1662477e-01;1.4250000e+02;1.9458684e-01;1.4250000e+02;1.5983751e-01;1.4250000e+02;1.1888196e-01;1.4250000e+02;7.7093169e-02;1.4250000e+02;3.7537526e-02;1.4250000e+02;-6.1384775e-03;1.4250000e+02;-4.2474978e-03;1.4250000e+02;4.5807008e-03;1.4250000e+02;2.0901324e-02;1.4250000e+02;4.4679336e-02;1.4250000e+02;7.0701003e-02;1.4250000e+02;1.0173568e-01;1.4250000e+02;1.3776456e-01;1.4250000e+02;1.7532545e-01;1.4250000e+02;2.0218210e-01;1.4250000e+02;2.1961865e-01;1.4250000e+02;2.2329636e-01;1.4250000e+02;2.1662477e-01;1.4250000e+02;1.9458684e-01;1.4250000e+02;1.5983751e-01;1.4250000e+02;1.1888196e-01;1.4250000e+02;7.7093169e-02;1.4250000e+02;3.7537526e-02;1.4250000e+02;-6.1384775e-03;1.4250000e+02;-4.2474978e-03;1.4250000e+02;4.5807008e-03;1.4250000e+02;2.0901324e-02;1.4250000e+02;4.4679336e-02;1.4250000e+02;7.0701003e-02;1.4250000e+02;1.0173568e-01;1.4250000e+02;1.3776456e-01;1.4250000e+02;1.7532545e-01;1.4250000e+02;2.0218210e-01;1.4250000e+02;2.1961865e-01;1.4250000e+02;2.2329636e-01;1.4250000e+02;2.1662477e-01;1.4250000e+02;1.9458684e-01;1.4250000e+02;1.5983751e-01;1.4250000e+02;1.1888196e-01;1.4250000e+02;7.7093169e-02;1.4250000e+02;3.7537526e-02;1.4250000e+02;-6.1384775e-03;1.4250000e+02;-4.2474978e-03;1.4250000e+02;4.5807008e-03;1.4250000e+02;2.0901324e-02;1.4250000e+02;4.4679336e-02;1.4250000e+02;7.0701003e-02;1.4250000e+02;1.0173568e-01;1.4250000e+02;1.3776456e-01;1.4250000e+02;1.7532545e-01;1.4250000e+02;2.0218210e-01;1.4250000e+02;2.1961865e-01;1.4250000e+02;2.2329636e-01;1.4250000e+02;2.1662477e-01;1.4250000e+02;1.9458684e-01;1.4250000e+02;1.5983751e-01;1.4250000e+02;1.1888196e-01;1.4250000e+02;7.7093169e-02;1.4250000e+02;3.7537526e-02;1.4250000e+02;-6.1384775e-03;1.4250000e+02;-4.2474978e-03;1.4250000e+02;4.5807008e-03;1.4250000e+02;2.0901324e-02;1.4250000e+02;4.4679336e-02;1.4250000e+02;7.0701003e-02;1.4250000e+02;1.0173568e-01;1.4250000e+02;1.3776456e-01;1.4250000e+02;1.7532545e-01;1.4250000e+02;2.0218210e-01;1.4250000e+02;2.1961865e-01;1.4250000e+02;2.2329636e-01;1.4250000e+02;2.1662477e-01;1.4250000e+02;1.9458684e-01;1.4250000e+02;1.5983751e-01;1.4250000e+02;1.1888196e-01;1.4250000e+02;7.7093169e-02;1.4250000e+02;3.7537526e-02;1.4250000e+02;-6.1384775e-03;1.4250000e+02;-4.2474978e-03;1.4250000e+02;4.5807008e-03;1.4250000e+02;2.0901324e-02;1.4250000e+02;4.4679336e-02;1.4250000e+02;7.0701003e-02;1.4250000e+02;1.0173568e-01;1.4250000e+02;1.3776456e-01;1.4250000e+02;1.7532545e-01;1.4250000e+02;2.0218210e-01;1.4250000e+02;2.1961865e-01;1.4250000e+02;2.2329636e-01;1.4250000e+02;2.1662477e-01;1.4250000e+02;1.9458684e-01;1.4250000e+02;1.5983751e-01;1.4250000e+02;1.1888196e-01;1.4250000e+02;7.7093169e-02;1.4250000e+02;3.7537526e-02;1.4250000e+02;-6.1384775e-03;1.4250000e+02;-4.2474978e-03;1.4250000e+02;4.5807008e-03;1.4250000e+02;2.0901324e-02;1.4250000e+02;4.4679336e-02;1.4250000e+02;7.0701003e-02;1.4250000e+02;1.0173568e-01;1.4250000e+02;1.3776456e-01;1.4250000e+02;1.7532545e-01;1.4250000e+02;2.0218210e-01;1.4250000e+02;2.1961865e-01;1.4250000e+02;2.2329636e-01;1.4250000e+02;2.1662477e-01;1.4250000e+02;1.9458684e-01;1.4250000e+02;1.5983751e-01;1.4250000e+02;1.1888196e-01;1.4250000e+02;7.7093169e-02;1.4250000e+02;3.7537526e-02;1.4250000e+02;-6.1384775e-03;1.4250000e+02;-4.2474978e-03;1.4250000e+02;4.5807008e-03;1.4250000e+02;2.0901324e-02;1.4250000e+02;4.4679336e-02;1.4250000e+02;7.0701003e-02;1.4250000e+02;1.0173568e-01;1.4250000e+02;1.3776456e-01;1.4250000e+02;1.7532545e-01;1.4250000e+02;2.0218210e-01;1.4250000e+02;2.1961865e-01;1.4250000e+02;2.2329636e-01;1.4250000e+02;2.1662477e-01;1.4250000e+02;1.9458684e-01;1.4250000e+02;1.5983751e-01;1.4250000e+02;1.1888196e-01;1.4250000e+02;7.7093169e-02;1.4250000e+02;3.7537526e-02;1.4250000e+02;-6.1384775e-03;1.4250000e+02;-4.2474978e-03;1.4250000e+02;4.5807008e-03;1.4250000e+02;2.0901324e-02;1.4250000e+02;4.4679336e-02;1.4250000e+02;7.0701003e-02;1.4250000e+02;1.0173568e-01;1.4250000e+02;1.3776456e-01;1.4250000e+02;1.7532545e-01;1.4250000e+02;2.0218210e-01;1.4250000e+02;2.1961865e-01;1.4250000e+02;2.2329636e-01;1.4250000e+02;2.1662477e-01;1.4250000e+02;1.9458684e-01;1.4250000e+02;1.5983751e-01;1.4250000e+02;1.1888196e-01;1.4250000e+02;7.7093169e-02;1.4250000e+02;3.7537526e-02;1.4250000e+02;-6.1384775e-03;1.4250000e+02;-4.2474978e-03;1.4250000e+02;4.5807008e-03;1.4250000e+02;2.0901324e-02;1.4250000e+02;4.4679336e-02;1.4250000e+02;7.0701003e-02;1.4250000e+02;1.0173568e-01;1.4250000e+02;1.3776456e-01;1.4250000e+02;1.7532545e-01;1.4250000e+02;2.0218210e-01;1.4250000e+02;2.1961865e-01;1.4250000e+02;2.2329636e-01;1.4250000e+02;2.1662477e-01;1.4250000e+02;1.9458684e-01;1.4250000e+02;1.5983751e-01;1.4250000e+02;1.1888196e-01;1.4250000e+02;7.7093169e-02;1.4250000e+02;3.7537526e-02;1.4250000e+02;-6.1384775e-03;1.4250000e+02;-4.2474978e-03;1.4250000e+02;4.5807008e-03;1.4250000e+02;2.0901324e-02;1.4250000e+02;4.4679336e-02;1.4250000e+02;7.0701003e-02;1.4250000e+02;1.0173568e-01;1.4250000e+02;1.3776456e-01;1.4250000e+02;1.7532545e-01;1.4250000e+02;2.0218210e-01;1.4250000e+02;2.1961865e-01;1.4250000e+02;2.2329636e-01;1.4250000e+02;2.1662477e-01;1.4250000e+02;1.9458684e-01;1.4250000e+02;1.5983751e-01;1.4250000e+02;1.1888196e-01;1.4250000e+02;7.7093169e-02;1.4250000e+02;3.7537526e-02
1.4750000e+02;-5.0494093e-03;1.4750000e+02;-6.2167831e-04;1.4750000e+02;7.7125812e-03;1.4750000e+02;2.1857163e-02;1.4750000e+02;4.2225920e-02;1.4750000e+02;6.9840409e-02;1.4750000e+02;1.0367370e-01;1.4750000e+02;1.4332364e-01;1.4750000e+02;1.8418165e-01;1.4750000e+02;2.1283342e-01;1.4750000e+02;2.2796413e-01;1.4750000e+02;2.2810757e-01;1.4750000e+02;2.1576166e-01;1.4750000e+02;1.9042991e-01;1.4750000e+02;1.5458439e-01;1.4750000e+02;1.1415185e-01;1.4750000e+02;7.3784202e-02;1.4750000e+02;3.4595940e-02;1.4750000e+02;-5.0494093e-03;1.4750000e+02;-6.2167831e-04;1.4750000e+02;7.7125812e-03;1.4750000e+02;2.1857163e-02;1.4750000e+02;4.2225920e-02;1.4750000e+02;6.9840409e-02;1.4750000e+02;1.0367370e-01;1.4750000e+02;1.4332364e-01;1.4750000e+02;1.8418165e-01;1.4750000e+02;2.1283342e-01;1.4750000e+02;2.2796413e-01;1.4750000e+02;2.2810757e-01;1.4750000e+02;2.1576166e-01;1.4750000e+02;1.9042991e-01;1.4750000e+02;1.5458439e-01;1.4750000e+02;1.1415185e-01;1.4750000e+02;7.3784202e-02;1.4750000e+02;3.4595940e-02;1.4750000e+02;-5.0494093e-03;1.4750000e+02;-6.2167831e-04;1.4750000e+02;7.7125812e-03;1.4750000e+02;2.1857163e-02;1.4750000e+02;4.2225920e-02;1.4750000e+02;6.9840409e-02;1.4750000e+02;1.0367370e-01;1.4750000e+02;1.4332364e-01;1.4750000e+02;1.8418165e-01;1.4750000e+02;2.1283342e-01;1.4750000e+02;2.2796413e-01;1.4750000e+02;2.2810757e-01;1.4750000e+02;2.1576166e-01;1.4750000e+02;1.9042991e-01;1.4750000e+02;1.5458439e-01;1.4750000e+02;1.1415185e-01;1.4750000e+02;7.3784202e-02;1.4750000e+02;3.4595940e-02;1.4750000e+02;-5.0494093e-03;1.4750000e+02;-6.2167831e-04;1.4750000e+02;7.7125812e-03;1.4750000e+02;2.1857163e-02;1.4750000e+02;4.2225920e-02;1.4750000e+02;6.9840409e-02;1.4750000e+02;1.0367370e-01;1.4750000e+02;1.4332364e-01;1.4750000e+02;1.8418165e-01;1.4750000e+02;2.1283342e-01;1.4750000e+02;2.2796413e-01;1.4750000e+02;2.2810757e-01;1.4750000e+02;2.1576166e-01;1.4750000e+02;1.9042991e-01;1.4750000e+02;1.5458439e-01;1.4750000e+02;1.1415185e-01;1.4750000e+02;7.3784202e-02;1.4750000e+02;3.4595940e-02;1.4750000e+02;-5.0494093e-03;1.4750000e+02;-6.2167831e-04;1.4750000e+02;7.7125812e-03;1.4750000e+02;2.1857163e-02;1.4750000e+02;4.2225920e-02;1.4750000e+02;6.9840409e-02;1.4750000e+02;1.0367370e-01;1.4750000e+02;1.4332364e-01;1.4750000e+02;1.8418165e-01;1.4750000e+02;2.1283342e-01;1.4750000e+02;2.2796413e-01;1.4750000e+02;2.2810757e-01;1.4750000e+02;2.1576166e-01;1.4750000e+02;1.9042991e-01;1.4750000e+02;1.5458439e-01;1.4750000e+02;1.1415185e-01;1.4750000e+02;7.3784202e-02;1.4750000e+02;3.4595940e-02;1.4750000e+02;-5.0494093e-03;1.4750000e+02;-6.2167831e-04;1.4750000e+02;7.7125812e-03;1.4750000e+02;2.1857163e-02;1.4750000e+02;4.2225920e-02;1.4750000e+02;6.9840409e-02;1.4750000e+02;1.0367370e-01;1.4750000e+02;1.4332364e-01;1.4750000e+02;1.8418165e-01;1.4750000e+02;2.1283342e-01;1.4750000e+02;2.2796413e-01;1.4750000e+02;2.2810757e-01;1.4750000e+02;2.1576166e-01;1.4750000e+02;1.9042991e-01;1.4750000e+02;1.5458439e-01;1.4750000e+02;1.1415185e-01;1.4750000e+02;7.3784202e-02;1.4750000e+02;3.4595940e-02;1.4750000e+02;-5.0494093e-03;1.4750000e+02;-6.2167831e-04;1.4750000e+02;7.7125812e-03;1.4750000e+02;2.1857163e-02;1.4750000e+02;4.2225920e-02;1.4750000e+02;6.9840409e-02;1.4750000e+02;1.0367370e-01;1.4750000e+02;1.4332364e-01;1.4750000e+02;1.8418165e-01;1.4750000e+02;2.1283342e-01;1.4750000e+02;2.2796413e-01;1.4750000e+02;2.2810757e-01;1.4750000e+02;2.1576166e-01;1.4750000e+02;1.9042991e-01;1.4750000e+02;1.5458439e-01;1.4750000e+02;1.1415185e-01;1.4750000e+02;7.3784202e-02;1.4750000e+02;3.4595940e-02;1.4750000e+02;-5.0494093e-03;1.4750000e+02;-6.2167831e-04;1.4750000e+02;7.7125812e-03;1.4750000e+02;2.1857163e-02;1.4750000e+02;4.2225920e-02;1.4750000e+02;6.9840409e-02;1.4750000e+02;1.0367370e-01;1.4750000e+02;1.4332364e-01;1.4750000e+02;1.8418165e-01;1.4750000e+02;2.1283342e-01;1.4750000e+02;2.2796413e-01;1.4750000e+02;2.2810757e-01;1.4750000e+02;2.1576166e-01;1.4750000e+02;1.9042991e-01;1.4750000e+02;1.5458439e-01;1.4750000e+02;1.1415185e-01;1.4750000e+02;7.3784202e-02;1.4750000e+02;3.4595940e-02;1.4750000e+02;-5.0494093e-03;1.4750000e+02;-6.2167831e-04;1.4750000e+02;7.7125812e-03;1.4750000e+02;2.1857163e-02;1.4750000e+02;4.2225920e-02;1.4750000e+02;6.9840409e-02;1.4750000e+02;1.0367370e-01;1.4750000e+02;1.4332364e-01;1.4750000e+02;1.8418165e-01;1.4750000e+02;2.1283342e-01;1.4750000e+02;2.2796413e-01;1.4750000e+02;2.2810757e-01;1.4750000e+02;2.1576166e-01;1.4750000e+02;1.9042991e-01;1.4750000e+02;1.5458439e-01;1.4750000e+02;1.1415185e-01;1.4750000e+02;7.3784202e-02;1.4750000e+02;3.4595940e-02;1.4750000e+02;-5.0494093e-03;1.4750000e+02;-6.2167831e-04;1.4750000e+02;7.7125812e-03;1.4750000e+02;2.1857163e-02;1.4750000e+02;4.2225920e-02;1.4750000e+02;6.9840409e-02;1.4750000e+02;1.0367370e-01;1.4750000e+02;1.4332364e-01;1.4750000e+02;1.8418165e-01;1.4750000e+02;2.1283342e-01;1.4750000e+02;2.2796413e-01;1.4750000e+02;2.2810757e-01;1.4750000e+02;2.1576166e-01;1.4750000e+02;1.9042991e-01;1.4750000e+02;1.5458439e-01;1.4750000e+02;1.1415185e-01;1.4750000e+02;7.3784202e-02;1.4750000e+02;3.4595940e-02;1.4750000e+02;-5.0494093e-03;1.4750000e+02;-6.2167831e-04;1.4750000e+02;7.7125812e-03;1.4750000e+02;2.1857163e-02;1.4750000e+02;4.2225920e-02;1.4750000e+02;6.9840409e-02;1.4750000e+02;1.0367370e-01;1.4750000e+02;1.4332364e-01;1.4750000e+02;1.8418165e-01;1.4750000e+02;2.1283342e-01;1.4750000e+02;2.2796413e-01;1.4750000e+02;2.2810757e-01;1.4750000e+02;2.1576166e-01;1.4750000e+02;1.9042991e-01;1.4750000e+02;1.5458439e-01;1.4750000e+02;1.1415185e-01;1.4750000e+02;7.3784202e-02;1.4750000e+02;3.4595940e-02;1.4750000e+02;-5.0494093e-03;1.4750000e+02;-6.2167831e-04;1.4750000e+02;7.7125812e-03;1.4750000e+02;2.1857163e-02;1.4750000e+02;4.2225920e-02;1.4750000e+02;6.9840409e-02;1.4750000e+02;1.0367370e-01;1.4750000e+02;1.4332364e-01;1.4750000e+02;1.8418165e-01;1.4750000e+02;2.1283342e-01;1.4750000e+02;2.2796413e-01;1.4750000e+02;2.2810757e-01;1.4750000e+02;2.1576166e-01;1.4750000e+02;1.9042991e-01;1.4750000e+02;1.5458439e-01;1.4750000e+02;1.1415185e-01;1.4750000e+02;7.3784202e-02;1.4750000e+02;3.4595940e-02;1.4750000e+02;-5.0494093e-03;1.4750000e+02;-6.2167831e-04;1.4750000e+02;7.7125812e-03;1.4750000e+02;2.1857163e-02;1.4750000e+02;4.2225920e-02;1.4750000e+02;6.9840409e-02;1.4750000e+02;1.0367370e-01;1.4750000e+02;1.4332364e-01;1.4750000e+02;1.8418165e-01;1.4750000e+02;2.1283342e-01;1.4750000e+02;2.2796413e-01;1.4750000e+02;2.2810757e-01;1.4750000e+02;2.1576166e-01;1.4750000e+02;1.9042991e-01;1.4750000e+02;1.5458439e-01;1.4750000e+02;1.1415185e-01;1.4750000e+02;7.3784202e-02;1.4750000e+02;3.4595940e-02;1.4750000e+02;-5.0494093e-03;1.4750000e+02;-6.2167831e-04;1.4750000e+02;7.7125812e-03;1.4750000e+02;2.1857163e-02;1.4750000e+02;4.2225920e-02;1.4750000e+02;6.9840409e-02;1.4750000e+02;1.0367370e-01;1.4750000e+02;1.4332364e-01;1.4750000e+02;1.8418165e-01;1.4750000e+02;2.1283342e-01;1.4750000e+02;2.2796413e-01;1.4750000e+02;2.2810757e-01;1.4750000e+02;2.1576166e-01;1.4750000e+02;1.9042991e-01;1.4750000e+02;1.5458439e-01;1.4750000e+02;1.1415185e-01;1.4750000e+02;7.3784202e-02;1.4750000e+02;3.4595940e-02;1.4750000e+02;-5.0494093e-03;1.4750000e+02;-6.2167831e-04;1.4750000e+02;7.7125812e-03;1.4750000e+02;2.1857163e-02;1.4750000e+02;4.2225920e-02;1.4750000e+02;6.9840409e-02;1.4750000e+02;1.0367370e-01;1.4750000e+02;1.4332364e-01;1.4750000e+02;1.8418165e-01;1.4750000e+02;2.1283342e-01;1.4750000e+02;2.2796413e-01;1.4750000e+02;2.2810757e-01;1.4750000e+02;2.1576166e-01;1.4750000e+02;1.9042991e-01;1.4750000e+02;1.5458439e-01;1.4750000e+02;1.1415185e-01;1.4750000e+02;7.3784202e-02;1.4750000e+02;3.4595940e-02;1.4750000e+02;-5.0494093e-03;1.4750000e+02;-6.2167831e-04;1.4750000e+02;7.7125812e-03;1.4750000e+02;2.1857163e-02;1.4750000e+02;4.2225920e-02;1.4750000e+02;6.9840409e-02;1.4750000e+02;1.0367370e-01;1.4750000e+02;1.4332364e-01;1.4750000e+02;1.8418165e-01;1.4750000e+02;2.1283342e-01;1.4750000e+02;2.2796413e-01;1.4750000e+02;2.2810757e-01;1.4750000e+02;2.1576166e-01;1.4750000e+02;1.9042991e-01;1.4750000e+02;1.5458439e-01;1.4750000e+02;1.1415185e-01;1.4750000e+02;7.3784202e-02;1.4750000e+02;3.4595940e-02;1.4750000e+02;-5.0494093e-03;1.4750000e+02;-6.2167831e-04;1.4750000e+02;7.7125812e-03;1.4750000e+02;2.1857163e-02;1.4750000e+02;4.2225920e-02;1.4750000e+02;6.9840409e-02;1.4750000e+02;1.0367370e-01;1.4750000e+02;1.4332364e-01;1.4750000e+02;1.8418165e-01;1.4750000e+02;2.1283342e-01;1.4750000e+02;2.2796413e-01;1.4750000e+02;2.2810757e-01;1.4750000e+02;2.1576166e-01;1.4750000e+02;1.9042991e-01;1.4750000e+02;1.5458439e-01;1.4750000e+02;1.1415185e-01;1.4750000e+02;7.3784202e-02;1.4750000e+02;3.4595940e-02;1.4750000e+02;-5.0494093e-03;1.4750000e+02;-6.2167831e-04;1.4750000e+02;7.7125812e-03;1.4750000e+02;2.1857163e-02;1.4750000e+02;4.2225920e-02;1.4750000e+02;6.9840409e-02;1.4750000e+02;1.0367370e-01;1.4750000e+02;1.4332364e-01;1.4750000e+02;1.8418165e-01;1.4750000e+02;2.1283342e-01;1.4750000e+02;2.2796413e-01;1.4750000e+02;2.2810757e-01;1.4750000e+02;2.1576166e-01;1.4750000e+02;1.9042991e-01;1.4750000e+02;1.5458439e-01;1.4750000e+02;1.1415185e-01;1.4750000e+02;7.3784202e-02;1.4750000e+02;3.4595940e-02;1.4750000e+02;-5.0494093e-03;1.4750000e+02;-6.2167831e-04;1.4750000e+02;7.7125812e-03;1.4750000e+02;2.1857163e-02;1.4750000e+02;4.2225920e-02;1.4750000e+02;6.9840409e-02;1.4750000e+02;1.0367370e-01;1.4750000e+02;1.4332364e-01;1.4750000e+02;1.8418165e-01;1.4750000e+02;2.1283342e-01;1.4750000e+02;2.2796413e-01;1.4750000e+02;2.2810757e-01;1.4750000e+02;2.1576166e-01;1.4750000e+02;1.9042991e-01;1.4750000e+02;1.5458439e-01;1.4750000e+02;1.1415185e-01;1.4750000e+02;7.3784202e-02;1.4750000e+02;3.4595940e-02;1.4750000e+02;-5.0494093e-03;1.4750000e+02;-6.2167831e-04;1.4750000e+02;7.7125812e-03;1.4750000e+02;2.1857163e-02;1.4750000e+02;4.2225920e-02;1.4750000e+02;6.9840409e-02;1.4750000e+02;1.0367370e-01;1.4750000e+02;1.4332364e-01;1.4750000e+02;1.8418165e-01;1.4750000e+02;2.1283342e-01;1.4750000e+02;2.2796413e-01;1.4750000e+02;2.2810757e-01;1.4750000e+02;2.1576166e-01;1.4750000e+02;1.9042991e-01;1.4750000e+02;1.5458439e-01;1.4750000e+02;1.1415185e-01;1.4750000e+02;7.3784202e-02;1.4750000e+02;3.4595940e-02;1.4750000e+02;-5.0494093e-03;1.4750000e+02;-6.2167831e-04;1.4750000e+02;7.7125812e-03;1.4750000e+02;2.1857163e-02;1.4750000e+02;4.2225920e-02;1.4750000e+02;6.9840409e-02;1.4750000e+02;1.0367370e-01;1.4750000e+02;1.4332364e-01;1.4750000e+02;1.8418165e-01;1.4750000e+02;2.1283342e-01;1.4750000e+02;2.2796413e-01;1.4750000e+02;2.2810757e-01;1.4750000e+02;2.1576166e-01;1.4750000e+02;1.9042991e-01;1.4750000e+02;1.5458439e-01;1.4750000e+02;1.1415185e-01;1.4750000e+02;7.3784202e-02;1.4750000e+02;3.4595940e-02;1.4750000e+02;-5.0494093e-03;1.4750000e+02;-6.2167831e-04;1.4750000e+02;7.7125812e-03;1.4750000e+02;2.1857163e-02;1.4750000e+02;4.2225920e-02;1.4750000e+02;6.9840409e-02;1.4750000e+02;1.0367370e-01;1.4750000e+02;1.4332364e-01;1.4750000e+02;1.8418165e-01;1.4750000e+02;2.1283342e-01;1.4750000e+02;2.2796413e-01;1.4750000e+02;2.2810757e-01;1.4750000e+02;2.1576166e-01;1.4750000e+02;1.9042991e-01;1.4750000e+02;1.5458439e-01;1.4750000e+02;1.1415185e-01;1.4750000e+02;7.3784202e-02;1.4750000e+02;3.4595940e-02;1.4750000e+02;-5.0494093e-03;1.4750000e+02;-6.2167831e-04;1.4750000e+02;7.7125812e-03;1.4750000e+02;2.1857163e-02;1.4750000e+02;4.2225920e-02;1.4750000e+02;6.9840409e-02;1.4750000e+02;1.0367370e-01;1.4750000e+02;1.4332364e-01;1.4750000e+02;1.8418165e-01;1.4750000e+02;2.1283342e-01;1.4750000e+02;2.2796413e-01;1.4750000e+02;2.2810757e-01;1.4750000e+02;2.1576166e-01;1.4750000e+02;1.9042991e-01;1.4750000e+02;1.5458439e-01;1.4750000e+02;1.1415185e-01;1.4750000e+02;7.3784202e-02;1.4750000e+02;3.4595940e-02;1.4750000e+02;-5.0494093e-03;1.4750000e+02;-6.2167831e-04;1.4750000e+02;7.7125812e-03;1.4750000e+02;2.1857163e-02;1.4750000e+02;4.2225920e-02;1.4750000e+02;6.9840409e-02;1.4750000e+02;1.0367370e-01;1.4750000e+02;1.4332364e-01;1.4750000e+02;1.8418165e-01;1.4750000e+02;2.1283342e-01;1.4750000e+02;2.2796413e-01;1.4750000e+02;2.2810757e-01;1.4750000e+02;2.1576166e-01;1.4750000e+02;1.9042991e-01;1.4750000e+02;1.5458439e-01;1.4750000e+02;1.1415185e-01;1.4750000e+02;7.3784202e-02;1.4750000e+02;3.4595940e-02;1.4750000e+02;-5.0494093e-03;1.4750000e+02;-6.2167831e-04;1.4750000e+02;7.7125812e-03;1.4750000e+02;2.1857163e-02;1.4750000e+02;4.2225920e-02;1.4750000e+02;6.9840409e-02;1.4750000e+02;1.0367370e-01;1.4750000e+02;1.4332364e-01;1.4750000e+02;1.8418165e-01;1.4750000e+02;2.1283342e-01;1.4750000e+02;2.2796413e-01;1.4750000e+02;2.2810757e-01;1.4750000e+02;2.1576166e-01;1.4750000e+02;1.9042991e-01;1.4750000e+02;1.5458439e-01;1.4750000e+02;1.1415185e-01;1.4750000e+02;7.3784202e-02;1.4750000e+02;3.4595940e-02;1.4750000e+02;-5.0494093e-03;1.4750000e+02;-6.2167831e-04;1.4750000e+02;7.7125812e-03;1.4750000e+02;2.1857163e-02;1.4750000e+02;4.2225920e-02;1.4750000e+02;6.9840409e-02;1.4750000e+02;1.0367370e-01;1.4750000e+02;1.4332364e-01;1.4750000e+02;1.8418165e-01;1.4750000e+02;2.1283342e-01;1.4750000e+02;2.2796413e-01;1.4750000e+02;2.2810757e-01;1.4750000e+02;2.1576166e-01;1.4750000e+02;1.9042991e-01;1.4750000e+02;1.5458439e-01;1.4750000e+02;1.1415185e-01;1.4750000e+02;7.3784202e-02;1.4750000e+02;3.4595940e-02;1.4750000e+02;-5.0494093e-03;1.4750000e+02;-6.2167831e-04;1.4750000e+02;7.7125812e-03;1.4750000e+02;2.1857163e-02;1.4750000e+02;4.2225920e-02;1.4750000e+02;6.9840409e-02;1.4750000e+02;1.0367370e-01;1.4750000e+02;1.4332364e-01;1.4750000e+02;1.8418165e-01;1.4750000e+02;2.1283342e-01;1.4750000e+02;2.2796413e-01;1.4750000e+02;2.2810757e-01;1.4750000e+02;2.1576166e-01;1.4750000e+02;1.9042991e-01;1.4750000e+02;1.5458439e-01;1.4750000e+02;1.1415185e-01;1.4750000e+02;7.3784202e-02;1.4750000e+02;3.4595940e-02;1.4750000e+02;-5.0494093e-03;1.4750000e+02;-6.2167831e-04;1.4750000e+02;7.7125812e-03;1.4750000e+02;2.1857163e-02;1.4750000e+02;4.2225920e-02;1.4750000e+02;6.9840409e-02;1.4750000e+02;1.0367370e-01;1.4750000e+02;1.4332364e-01;1.4750000e+02;1.8418165e-01;1.4750000e+02;2.1283342e-01;1.4750000e+02;2.2796413e-01;1.4750000e+02;2.2810757e-01;1.4750000e+02;2.1576166e-01;1.4750000e+02;1.9042991e-01;1.4750000e+02;1.5458439e-01;1.4750000e+02;1.1415185e-01;1.4750000e+02;7.3784202e-02;1.4750000e+02;3.4595940e-02;1.4750000e+02;-5.0494093e-03;1.4750000e+02;-6.2167831e-04;1.4750000e+02;7.7125812e-03;1.4750000e+02;2.1857163e-02;1.4750000e+02;4.2225920e-02;1.4750000e+02;6.9840409e-02;1.4750000e+02;1.0367370e-01;1.4750000e+02;1.4332364e-01;1.4750000e+02;1.8418165e-01;1.4750000e+02;2.1283342e-01;1.4750000e+02;2.2796413e-01;1.4750000e+02;2.2810757e-01;1.4750000e+02;2.1576166e-01;1.4750000e+02;1.9042991e-01;1.4750000e+02;1.5458439e-01;1.4750000e+02;1.1415185e-01;1.4750000e+02;7.3784202e-02;1.4750000e+02;3.4595940e-02;1.4750000e+02;-5.0494093e-03;1.4750000e+02;-6.2167831e-04;1.4750000e+02;7.7125812e-03;1.4750000e+02;2.1857163e-02;1.4750000e+02;4.2225920e-02;1.4750000e+02;6.9840409e-02;1.4750000e+02;1.0367370e-01;1.4750000e+02;1.4332364e-01;1.4750000e+02;1.8418165e-01;1.4750000e+02;2.1283342e-01;1.4750000e+02;2.2796413e-01;1.4750000e+02;2.2810757e-01;1.4750000e+02;2.1576166e-01;1.4750000e+02;1.9042991e-01;1.4750000e+02;1.5458439e-01;1.4750000e+02;1.1415185e-01;1.4750000e+02;7.3784202e-02;1.4750000e+02;3.4595940e-02;1.4750000e+02;-5.0494093e-03;1.4750000e+02;-6.2167831e-04;1.4750000e+02;7.7125812e-03;1.4750000e+02;2.1857163e-02;1.4750000e+02;4.2225920e-02;1.4750000e+02;6.9840409e-02;1.4750000e+02;1.0367370e-01;1.4750000e+02;1.4332364e-01;1.4750000e+02;1.8418165e-01;1.4750000e+02;2.1283342e-01;1.4750000e+02;2.2796413e-01;1.4750000e+02;2.2810757e-01;1.4750000e+02;2.1576166e-01;1.4750000e+02;1.9042991e-01;1.4750000e+02;1.5458439e-01;1.4750000e+02;1.1415185e-01;1.4750000e+02;7.3784202e-02;1.4750000e+02;3.4595940e-02;1.4750000e+02;-5.0494093e-03;1.4750000e+02;-6.2167831e-04;1.4750000e+02;7.7125812e-03;1.4750000e+02;2.1857163e-02;1.4750000e+02;4.2225920e-02;1.4750000e+02;6.9840409e-02;1.4750000e+02;1.0367370e-01;1.4750000e+02;1.4332364e-01;1.4750000e+02;1.8418165e-01;1.4750000e+02;2.1283342e-01;1.4750000e+02;2.2796413e-01;1.4750000e+02;2.2810757e-01;1.4750000e+02;2.1576166e-01;1.4750000e+02;1.9042991e-01;1.4750000e+02;1.5458439e-01;1.4750000e+02;1.1415185e-01;1.4750000e+02;7.3784202e-02;1.4750000e+02;3.4595940e-02;1.4750000e+02;-5.0494093e-03;1.4750000e+02;-6.2167831e-04;1.4750000e+02;7.7125812e-03;1.4750000e+02;2.1857163e-02;1.4750000e+02;4.2225920e-02;1.4750000e+02;6.9840409e-02;1.4750000e+02;1.0367370e-01;1.4750000e+02;1.4332364e-01;1.4750000e+02;1.8418165e-01;1.4750000e+02;2.1283342e-01;1.4750000e+02;2.2796413e-01;1.4750000e+02;2.2810757e-01;1.4750000e+02;2.1576166e-01;1.4750000e+02;1.9042991e-01;1.4750000e+02;1.5458439e-01;1.4750000e+02;1.1415185e-01;1.4750000e+02;7.3784202e-02;1.4750000e+02;3.4595940e-02;1.4750000e+02;-5.0494093e-03;1.4750000e+02;-6.2167831e-04;1.4750000e+02;7.7125812e-03;1.4750000e+02;2.1857163e-02;1.4750000e+02;4.2225920e-02;1.4750000e+02;6.9840409e-02;1.4750000e+02;1.0367370e-01;1.4750000e+02;1.4332364e-01;1.4750000e+02;1.8418165e-01;1.4750000e+02;2.1283342e-01;1.4750000e+02;2.2796413e-01;1.4750000e+02;2.2810757e-01;1.4750000e+02;2.1576166e-01;1.4750000e+02;1.9042991e-01;1.4750000e+02;1.5458439e-01;1.4750000e+02;1.1415185e-01;1.4750000e+02;7.3784202e-02;1.4750000e+02;3.4595940e-02;1.4750000e+02;-5.0494093e-03;1.4750000e+02;-6.2167831e-04;1.4750000e+02;7.7125812e-03;1.4750000e+02;2.1857163e-02;1.4750000e+02;4.2225920e-02;1.4750000e+02;6.9840409e-02;1.4750000e+02;1.0367370e-01;1.4750000e+02;1.4332364e-01;1.4750000e+02;1.8418165e-01;1.4750000e+02;2.1283342e-01;1.4750000e+02;2.2796413e-01;1.4750000e+02;2.2810757e-01;1.4750000e+02;2.1576166e-01;1.4750000e+02;1.9042991e-01;1.4750000e+02;1.5458439e-01;1.4750000e+02;1.1415185e-01;1.4750000e+02;7.3784202e-02;1.4750000e+02;3.4595940e-02;1.4750000e+02;-5.0494093e-03;1.4750000e+02;-6.2167831e-04;1.4750000e+02;7.7125812e-03;1.4750000e+02;2.1857163e-02;1.4750000e+02;4.2225920e-02;1.4750000e+02;6.9840409e-02;1.4750000e+02;1.0367370e-01;1.4750000e+02;1.4332364e-01;1.4750000e+02;1.8418165e-01;1.4750000e+02;2.1283342e-01;1.4750000e+02;2.2796413e-01;1.4750000e+02;2.2810757e-01;1.4750000e+02;2.1576166e-01;1.4750000e+02;1.9042991e-01;1.4750000e+02;1.5458439e-01;1.4750000e+02;1.1415185e-01;1.4750000e+02;7.3784202e-02;1.4750000e+02;3.4595940e-02;1.4750000e+02;-5.0494093e-03;1.4750000e+02;-6.2167831e-04;1.4750000e+02;7.7125812e-03;1.4750000e+02;2.1857163e-02;1.4750000e+02;4.2225920e-02;1.4750000e+02;6.9840409e-02;1.4750000e+02;1.0367370e-01;1.4750000e+02;1.4332364e-01;1.4750000e+02;1.8418165e-01;1.4750000e+02;2.1283342e-01;1.4750000e+02;2.2796413e-01;1.4750000e+02;2.2810757e-01;1.4750000e+02;2.1576166e-01;1.4750000e+02;1.9042991e-01;1.4750000e+02;1.5458439e-01;1.4750000e+02;1.1415185e-01;1.4750000e+02;7.3784202e-02;1.4750000e+02;3.4595940e-02;1.4750000e+02;-5.0494093e-03;1.4750000e+02;-6.2167831e-04;1.4750000e+02;7.7125812e-03;1.4750000e+02;2.1857163e-02;1.4750000e+02;4.2225920e-02;1.4750000e+02;6.9840409e-02;1.4750000e+02;1.0367370e-01;1.4750000e+02;1.4332364e-01;1.4750000e+02;1.8418165e-01;1.4750000e+02;2.1283342e-01;1.4750000e+02;2.2796413e-01;1.4750000e+02;2.2810757e-01;1.4750000e+02;2.1576166e-01;1.4750000e+02;1.9042991e-01;1.4750000e+02;1.5458439e-01;1.4750000e+02;1.1415185e-01;1.4750000e+02;7.3784202e-02;1.4750000e+02;3.4595940e-02;1.4750000e+02;-5.0494093e-03;1.4750000e+02;-6.2167831e-04;1.4750000e+02;7.7125812e-03;1.4750000e+02;2.1857163e-02;1.4750000e+02;4.2225920e-02;1.4750000e+02;6.9840409e-02;1.4750000e+02;1.0367370e-01;1.4750000e+02;1.4332364e-01;1.4750000e+02;1.8418165e-01;1.4750000e+02;2.1283342e-01;1.4750000e+02;2.2796413e-01;1.4750000e+02;2.2810757e-01;1.4750000e+02;2.1576166e-01;1.4750000e+02;1.9042991e-01;1.4750000e+02;1.5458439e-01;1.4750000e+02;1.1415185e-01;1.4750000e+02;7.3784202e-02;1.4750000e+02;3.4595940e-02;1.4750000e+02;-5.0494093e-03;1.4750000e+02;-6.2167831e-04;1.4750000e+02;7.7125812e-03;1.4750000e+02;2.1857163e-02;1.4750000e+02;4.2225920e-02;1.4750000e+02;6.9840409e-02;1.4750000e+02;1.0367370e-01;1.4750000e+02;1.4332364e-01;1.4750000e+02;1.8418165e-01;1.4750000e+02;2.1283342e-01;1.4750000e+02;2.2796413e-01;1.4750000e+02;2.2810757e-01;1.4750000e+02;2.1576166e-01;1.4750000e+02;1.9042991e-01;1.4750000e+02;1.5458439e-01;1.4750000e+02;1.1415185e-01;1.4750000e+02;7.3784202e-02;1.4750000e+02;3.4595940e-02;1.4750000e+02;-5.0494093e-03;1.4750000e+02;-6.2167831e-04;1.4750000e+02;7.7125812e-03;1.4750000e+02;2.1857163e-02;1.4750000e+02;4.2225920e-02;1.4750000e+02;6.9840409e-02;1.4750000e+02;1.0367370e-01;1.4750000e+02;1.4332364e-01;1.4750000e+02;1.8418165e-01;1.4750000e+02;2.1283342e-01;1.4750000e+02;2.2796413e-01;1.4750000e+02;2.2810757e-01;1.4750000e+02;2.1576166e-01;1.4750000e+02;1.9042991e-01;1.4750000e+02;1.5458439e-01;1.4750000e+02;1.1415185e-01;1.4750000e+02;7.3784202e-02;1.4750000e+02;3.4595940e-02;1.4750000e+02;-5.0494093e-03;1.4750000e+02;-6.2167831e-04;1.4750000e+02;7.7125812e-03;1.4750000e+02;2.1857163e-02;1.4750000e+02;4.2225920e-02;1.4750000e+02;6.9840409e-02;1.4750000e+02;1.0367370e-01;1.4750000e+02;1.4332364e-01;1.4750000e+02;1.8418165e-01;1.4750000e+02;2.1283342e-01;1.4750000e+02;2.2796413e-01;1.4750000e+02;2.2810757e-01;1.4750000e+02;2.1576166e-01;1.4750000e+02;1.9042991e-01;1.4750000e+02;1.5458439e-01;1.4750000e+02;1.1415185e-01;1.4750000e+02;7.3784202e-02;1.4750000e+02;3.4595940e-02;1.4750000e+02;-5.0494093e-03;1.4750000e+02;-6.2167831e-04;1.4750000e+02;7.7125812e-03;1.4750000e+02;2.1857163e-02;1.4750000e+02;4.2225920e-02;1.4750000e+02;6.9840409e-02;1.4750000e+02;1.0367370e-01;1.4750000e+02;1.4332364e-01;1.4750000e+02;1.8418165e-01;1.4750000e+02;2.1283342e-01;1.4750000e+02;2.2796413e-01;1.4750000e+02;2.2810757e-01;1.4750000e+02;2.1576166e-01;1.4750000e+02;1.9042991e-01;1.4750000e+02;1.5458439e-01;1.4750000e+02;1.1415185e-01;1.4750000e+02;7.3784202e-02;1.4750000e+02;3.4595940e-02;1.4750000e+02;-5.0494093e-03;1.4750000e+02;-6.2167831e-04;1.4750000e+02;7.7125812e-03;1.4750000e+02;2.1857163e-02;1.4750000e+02;4.2225920e-02;1.4750000e+02;6.9840409e-02;1.4750000e+02;1.0367370e-01;1.4750000e+02;1.4332364e-01;1.4750000e+02;1.8418165e-01;1.4750000e+02;2.1283342e-01;1.4750000e+02;2.2796413e-01;1.4750000e+02;2.2810757e-01;1.4750000e+02;2.1576166e-01;1.4750000e+02;1.9042991e-01;1.4750000e+02;1.5458439e-01;1.4750000e+02;1.1415185e-01;1.4750000e+02;7.3784202e-02;1.4750000e+02;3.4595940e-02;1.4750000e+02;-5.0494093e-03;1.4750000e+02;-6.2167831e-04;1.4750000e+02;7.7125812e-03;1.4750000e+02;2.1857163e-02;1.4750000e+02;4.2225920e-02;1.4750000e+02;6.9840409e-02;1.4750000e+02;1.0367370e-01;1.4750000e+02;1.4332364e-01;1.4750000e+02;1.8418165e-01;1.4750000e+02;2.1283342e-01;1.4750000e+02;2.2796413e-01;1.4750000e+02;2.2810757e-01;1.4750000e+02;2.1576166e-01;1.4750000e+02;1.9042991e-01;1.4750000e+02;1.5458439e-01;1.4750000e+02;1.1415185e-01;1.4750000e+02;7.3784202e-02;1.4750000e+02;3.4595940e-02;1.4750000e+02;-5.0494093e-03;1.4750000e+02;-6.2167831e-04;1.4750000e+02;7.7125812e-03;1.4750000e+02;2.1857163e-02;1.4750000e+02;4.2225920e-02;1.4750000e+02;6.9840409e-02;1.4750000e+02;1.0367370e-01;1.4750000e+02;1.4332364e-01;1.4750000e+02;1.8418165e-01;1.4750000e+02;2.1283342e-01;1.4750000e+02;2.2796413e-01;1.4750000e+02;2.2810757e-01;1.4750000e+02;2.1576166e-01;1.4750000e+02;1.9042991e-01;1.4750000e+02;1.5458439e-01;1.4750000e+02;1.1415185e-01;1.4750000e+02;7.3784202e-02;1.4750000e+02;3.4595940e-02;1.4750000e+02;-5.0494093e-03;1.4750000e+02;-6.2167831e-04;1.4750000e+02;7.7125812e-03;1.4750000e+02;2.1857163e-02;1.4750000e+02;4.2225920e-02;1.4750000e+02;6.9840409e-02;1.4750000e+02;1.0367370e-01;1.4750000e+02;1.4332364e-01;1.4750000e+02;1.8418165e-01;1.4750000e+02;2.1283342e-01;1.4750000e+02;2.2796413e-01;1.4750000e+02;2.2810757e-01;1.4750000e+02;2.1576166e-01;1.4750000e+02;1.9042991e-01;1.4750000e+02;1.5458439e-01;1.4750000e+02;1.1415185e-01;1.4750000e+02;7.3784202e-02;1.4750000e+02;3.4595940e-02;1.4750000e+02;-5.0494093e-03;1.4750000e+02;-6.2167831e-04;1.4750000e+02;7.7125812e-03;1.4750000e+02;2.1857163e-02;1.4750000e+02;4.2225920e-02;1.4750000e+02;6.9840409e-02;1.4750000e+02;1.0367370e-01;1.4750000e+02;1.4332364e-01;1.4750000e+02;1.8418165e-01;1.4750000e+02;2.1283342e-01;1.4750000e+02;2.2796413e-01;1.4750000e+02;2.2810757e-01;1.4750000e+02;2.1576166e-01;1.4750000e+02;1.9042991e-01;1.4750000e+02;1.5458439e-01;1.4750000e+02;1.1415185e-01;1.4750000e+02;7.3784202e-02;1.4750000e+02;3.4595940e-02;1.4750000e+02;-5.0494093e-03;1.4750000e+02;-6.2167831e-04;1.4750000e+02;7.7125812e-03;1.4750000e+02;2.1857163e-02;1.4750000e+02;4.2225920e-02;1.4750000e+02;6.9840409e-02;1.4750000e+02;1.0367370e-01;1.4750000e+02;1.4332364e-01;1.4750000e+02;1.8418165e-01;1.4750000e+02;2.1283342e-01;1.4750000e+02;2.2796413e-01;1.4750000e+02;2.2810757e-01;1.4750000e+02;2.1576166e-01;1.4750000e+02;1.9042991e-01;1.4750000e+02;1.5458439e-01;1.4750000e+02;1.1415185e-01;1.4750000e+02;7.3784202e-02;1.4750000e+02;3.4595940e-02;1.4750000e+02;-5.0494093e-03;1.4750000e+02;-6.2167831e-04;1.4750000e+02;7.7125812e-03;1.4750000e+02;2.1857163e-02;1.4750000e+02;4.2225920e-02;1.4750000e+02;6.9840409e-02;1.4750000e+02;1.0367370e-01;1.4750000e+02;1.4332364e-01;1.4750000e+02;1.8418165e-01;1.4750000e+02;2.1283342e-01;1.4750000e+02;2.2796413e-01;1.4750000e+02;2.2810757e-01;1.4750000e+02;2.1576166e-01;1.4750000e+02;1.9042991e-01;1.4750000e+02;1.5458439e-01;1.4750000e+02;1.1415185e-01;1.4750000e+02;7.3784202e-02;1.4750000e+02;3.4595940e-02;1.4750000e+02;-5.0494093e-03;1.4750000e+02;-6.2167831e-04;1.4750000e+02;7.7125812e-03;1.4750000e+02;2.1857163e-02;1.4750000e+02;4.2225920e-02;1.4750000e+02;6.9840409e-02;1.4750000e+02;1.0367370e-01;1.4750000e+02;1.4332364e-01;1.4750000e+02;1.8418165e-01;1.4750000e+02;2.1283342e-01;1.4750000e+02;2.2796413e-01;1.4750000e+02;2.2810757e-01;1.4750000e+02;2.1576166e-01;1.4750000e+02;1.9042991e-01;1.4750000e+02;1.5458439e-01;1.4750000e+02;1.1415185e-01;1.4750000e+02;7.3784202e-02;1.4750000e+02;3.4595940e-02;1.4750000e+02;-5.0494093e-03;1.4750000e+02;-6.2167831e-04;1.4750000e+02;7.7125812e-03;1.4750000e+02;2.1857163e-02;1.4750000e+02;4.2225920e-02;1.4750000e+02;6.9840409e-02;1.4750000e+02;1.0367370e-01;1.4750000e+02;1.4332364e-01;1.4750000e+02;1.8418165e-01;1.4750000e+02;2.1283342e-01;1.4750000e+02;2.2796413e-01;1.4750000e+02;2.2810757e-01;1.4750000e+02;2.1576166e-01;1.4750000e+02;1.9042991e-01;1.4750000e+02;1.5458439e-01;1.4750000e+02;1.1415185e-01;1.4750000e+02;7.3784202e-02;1.4750000e+02;3.4595940e-02;1.4750000e+02;-5.0494093e-03;1.4750000e+02;-6.2167831e-04;1.4750000e+02;7.7125812e-03;1.4750000e+02;2.1857163e-02;1.4750000e+02;4.2225920e-02;1.4750000e+02;6.9840409e-02;1.4750000e+02;1.0367370e-01;1.4750000e+02;1.4332364e-01;1.4750000e+02;1.8418165e-01;1.4750000e+02;2.1283342e-01;1.4750000e+02;2.2796413e-01;1.4750000e+02;2.2810757e-01;1.4750000e+02;2.1576166e-01;1.4750000e+02;1.9042991e-01;1.4750000e+02;1.5458439e-01;1.4750000e+02;1.1415185e-01;1.4750000e+02;7.3784202e-02;1.4750000e+02;3.4595940e-02;1.4750000e+02;-5.0494093e-03;1.4750000e+02;-6.2167831e-04;1.4750000e+02;7.7125812e-03;1.4750000e+02;2.1857163e-02;1.4750000e+02;4.2225920e-02;1.4750000e+02;6.9840409e-02;1.4750000e+02;1.0367370e-01;1.4750000e+02;1.4332364e-01;1.4750000e+02;1.8418165e-01;1.4750000e+02;2.1283342e-01;1.4750000e+02;2.2796413e-01;1.4750000e+02;2.2810757e-01;1.4750000e+02;2.1576166e-01;1.4750000e+02;1.9042991e-01;1.4750000e+02;1.5458439e-01;1.4750000e+02;1.1415185e-01;1.4750000e+02;7.3784202e-02;1.4750000e+02;3.4595940e-02;1.4750000e+02;-5.0494093e-03;1.4750000e+02;-6.2167831e-04;1.4750000e+02;7.7125812e-03;1.4750000e+02;2.1857163e-02;1.4750000e+02;4.2225920e-02;1.4750000e+02;6.9840409e-02;1.4750000e+02;1.0367370e-01;1.4750000e+02;1.4332364e-01;1.4750000e+02;1.8418165e-01;1.4750000e+02;2.1283342e-01;1.4750000e+02;2.2796413e-01;1.4750000e+02;2.2810757e-01;1.4750000e+02;2.1576166e-01;1.4750000e+02;1.9042991e-01;1.4750000e+02;1.5458439e-01;1.4750000e+02;1.1415185e-01;1.4750000e+02;7.3784202e-02;1.4750000e+02;3.4595940e-02;1.4750000e+02;-5.0494093e-03;1.4750000e+02;-6.2167831e-04;1.4750000e+02;7.7125812e-03;1.4750000e+02;2.1857163e-02;1.4750000e+02;4.2225920e-02;1.4750000e+02;6.9840409e-02;1.4750000e+02;1.0367370e-01;1.4750000e+02;1.4332364e-01;1.4750000e+02;1.8418165e-01;1.4750000e+02;2.1283342e-01;1.4750000e+02;2.2796413e-01;1.4750000e+02;2.2810757e-01;1.4750000e+02;2.1576166e-01;1.4750000e+02;1.9042991e-01;1.4750000e+02;1.5458439e-01;1.4750000e+02;1.1415185e-01;1.4750000e+02;7.3784202e-02;1.4750000e+02;3.4595940e-02;1.4750000e+02;-5.0494093e-03;1.4750000e+02;-6.2167831e-04;1.4750000e+02;7.7125812e-03;1.4750000e+02;2.1857163e-02;1.4750000e+02;4.2225920e-02;1.4750000e+02;6.9840409e-02;1.4750000e+02;1.0367370e-01;1.4750000e+02;1.4332364e-01;1.4750000e+02;1.8418165e-01;1.4750000e+02;2.1283342e-01;1.4750000e+02;2.2796413e-01;1.4750000e+02;2.2810757e-01;1.4750000e+02;2.1576166e-01;1.4750000e+02;1.9042991e-01;1.4750000e+02;1.5458439e-01;1.4750000e+02;1.1415185e-01;1.4750000e+02;7.3784202e-02;1.4750000e+02;3.4595940e-02;1.4750000e+02;-5.0494093e-03;1.4750000e+02;-6.2167831e-04;1.4750000e+02;7.7125812e-03;1.4750000e+02;2.1857163e-02;1.4750000e+02;4.2225920e-02;1.4750000e+02;6.9840409e-02;1.4750000e+02;1.0367370e-01;1.4750000e+02;1.4332364e-01;1.4750000e+02;1.8418165e-01;1.4750000e+02;2.1283342e-01;1.4750000e+02;2.2796413e-01;1.4750000e+02;2.2810757e-01;1.4750000e+02;2.1576166e-01;1.4750000e+02;1.9042991e-01;1.4750000e+02;1.5458439e-01;1.4750000e+02;1.1415185e-01;1.4750000e+02;7.3784202e-02;1.4750000e+02;3.4595940e-02;1.4750000e+02;-5.0494093e-03;1.4750000e+02;-6.2167831e-04;1.4750000e+02;7.7125812e-03;1.4750000e+02;2.1857163e-02;1.4750000e+02;4.2225920e-02;1.4750000e+02;6.9840409e-02;1.4750000e+02;1.0367370e-01;1.4750000e+02;1.4332364e-01;1.4750000e+02;1.8418165e-01;1.4750000e+02;2.1283342e-01;1.4750000e+02;2.2796413e-01;1.4750000e+02;2.2810757e-01;1.4750000e+02;2.1576166e-01;1.4750000e+02;1.9042991e-01;1.4750000e+02;1.5458439e-01;1.4750000e+02;1.1415185e-01;1.4750000e+02;7.3784202e-02;1.4750000e+02;3.4595940e-02;1.4750000e+02;-5.0494093e-03;1.4750000e+02;-6.2167831e-04;1.4750000e+02;7.7125812e-03;1.4750000e+02;2.1857163e-02;1.4750000e+02;4.2225920e-02;1.4750000e+02;6.9840409e-02;1.4750000e+02;1.0367370e-01;1.4750000e+02;1.4332364e-01;1.4750000e+02;1.8418165e-01;1.4750000e+02;2.1283342e-01;1.4750000e+02;2.2796413e-01;1.4750000e+02;2.2810757e-01;1.4750000e+02;2.1576166e-01;1.4750000e+02;1.9042991e-01;1.4750000e+02;1.5458439e-01;1.4750000e+02;1.1415185e-01;1.4750000e+02;7.3784202e-02;1.4750000e+02;3.4595940e-02;1.4750000e+02;-5.0494093e-03;1.4750000e+02;-6.2167831e-04;1.4750000e+02;7.7125812e-03;1.4750000e+02;2.1857163e-02;1.4750000e+02;4.2225920e-02;1.4750000e+02;6.9840409e-02;1.4750000e+02;1.0367370e-01;1.4750000e+02;1.4332364e-01;1.4750000e+02;1.8418165e-01;1.4750000e+02;2.1283342e-01;1.4750000e+02;2.2796413e-01;1.4750000e+02;2.2810757e-01;1.4750000e+02;2.1576166e-01;1.4750000e+02;1.9042991e-01;1.4750000e+02;1.5458439e-01;1.4750000e+02;1.1415185e-01;1.4750000e+02;7.3784202e-02;1.4750000e+02;3.4595940e-02;1.4750000e+02;-5.0494093e-03;1.4750000e+02;-6.2167831e-04;1.4750000e+02;7.7125812e-03;1.4750000e+02;2.1857163e-02;1.4750000e+02;4.2225920e-02;1.4750000e+02;6.9840409e-02;1.4750000e+02;1.0367370e-01;1.4750000e+02;1.4332364e-01;1.4750000e+02;1.8418165e-01;1.4750000e+02;2.1283342e-01;1.4750000e+02;2.2796413e-01;1.4750000e+02;2.2810757e-01;1.4750000e+02;2.1576166e-01;1.4750000e+02;1.9042991e-01;1.4750000e+02;1.5458439e-01;1.4750000e+02;1.1415185e-01;1.4750000e+02;7.3784202e-02;1.4750000e+02;3.4595940e-02;1.4750000e+02;-5.0494093e-03;1.4750000e+02;-6.2167831e-04;1.4750000e+02;7.7125812e-03;1.4750000e+02;2.1857163e-02;1.4750000e+02;4.2225920e-02;1.4750000e+02;6.9840409e-02;1.4750000e+02;1.0367370e-01;1.4750000e+02;1.4332364e-01;1.4750000e+02;1.8418165e-01;1.4750000e+02;2.1283342e-01;1.4750000e+02;2.2796413e-01;1.4750000e+02;2.2810757e-01;1.4750000e+02;2.1576166e-01;1.4750000e+02;1.9042991e-01;1.4750000e+02;1.5458439e-01;1.4750000e+02;1.1415185e-01;1.4750000e+02;7.3784202e-02;1.4750000e+02;3.4595940e-02;1.4750000e+02;-5.0494093e-03;1.4750000e+02;-6.2167831e-04;1.4750000e+02;7.7125812e-03;1.4750000e+02;2.1857163e-02;1.4750000e+02;4.2225920e-02;1.4750000e+02;6.9840409e-02;1.4750000e+02;1.0367370e-01;1.4750000e+02;1.4332364e-01;1.4750000e+02;1.8418165e-01;1.4750000e+02;2.1283342e-01;1.4750000e+02;2.2796413e-01;1.4750000e+02;2.2810757e-01;1.4750000e+02;2.1576166e-01;1.4750000e+02;1.9042991e-01;1.4750000e+02;1.5458439e-01;1.4750000e+02;1.1415185e-01;1.4750000e+02;7.3784202e-02;1.4750000e+02;3.4595940e-02;1.4750000e+02;-5.0494093e-03;1.4750000e+02;-6.2167831e-04;1.4750000e+02;7.7125812e-03;1.4750000e+02;2.1857163e-02;1.4750000e+02;4.2225920e-02;1.4750000e+02;6.9840409e-02;1.4750000e+02;1.0367370e-01;1.4750000e+02;1.4332364e-01;1.4750000e+02;1.8418165e-01;1.4750000e+02;2.1283342e-01;1.4750000e+02;2.2796413e-01;1.4750000e+02;2.2810757e-01;1.4750000e+02;2.1576166e-01;1.4750000e+02;1.9042991e-01;1.4750000e+02;1.5458439e-01;1.4750000e+02;1.1415185e-01;1.4750000e+02;7.3784202e-02;1.4750000e+02;3.4595940e-02;1.4750000e+02;-5.0494093e-03;1.4750000e+02;-6.2167831e-04;1.4750000e+02;7.7125812e-03;1.4750000e+02;2.1857163e-02;1.4750000e+02;4.2225920e-02;1.4750000e+02;6.9840409e-02;1.4750000e+02;1.0367370e-01;1.4750000e+02;1.4332364e-01;1.4750000e+02;1.8418165e-01;1.4750000e+02;2.1283342e-01;1.4750000e+02;2.2796413e-01;1.4750000e+02;2.2810757e-01;1.4750000e+02;2.1576166e-01;1.4750000e+02;1.9042991e-01;1.4750000e+02;1.5458439e-01;1.4750000e+02;1.1415185e-01;1.4750000e+02;7.3784202e-02;1.4750000e+02;3.4595940e-02;1.4750000e+02;-5.0494093e-03;1.4750000e+02;-6.2167831e-04;1.4750000e+02;7.7125812e-03;1.4750000e+02;2.1857163e-02;1.4750000e+02;4.2225920e-02;1.4750000e+02;6.9840409e-02;1.4750000e+02;1.0367370e-01;1.4750000e+02;1.4332364e-01;1.4750000e+02;1.8418165e-01;1.4750000e+02;2.1283342e-01;1.4750000e+02;2.2796413e-01;1.4750000e+02;2.2810757e-01;1.4750000e+02;2.1576166e-01;1.4750000e+02;1.9042991e-01;1.4750000e+02;1.5458439e-01;1.4750000e+02;1.1415185e-01;1.4750000e+02;7.3784202e-02;1.4750000e+02;3.4595940e-02;1.4750000e+02;-5.0494093e-03;1.4750000e+02;-6.2167831e-04;1.4750000e+02;7.7125812e-03;1.4750000e+02;2.1857163e-02;1.4750000e+02;4.2225920e-02;1.4750000e+02;6.9840409e-02;1.4750000e+02;1.0367370e-01;1.4750000e+02;1.4332364e-01;1.4750000e+02;1.8418165e-01;1.4750000e+02;2.1283342e-01;1.4750000e+02;2.2796413e-01;1.4750000e+02;2.2810757e-01;1.4750000e+02;2.1576166e-01;1.4750000e+02;1.9042991e-01;1.4750000e+02;1.5458439e-01;1.4750000e+02;1.1415185e-01;1.4750000e+02;7.3784202e-02;1.4750000e+02;3.4595940e-02;1.4750000e+02;-5.0494093e-03;1.4750000e+02;-6.2167831e-04;1.4750000e+02;7.7125812e-03;1.4750000e+02;2.1857163e-02;1.4750000e+02;4.2225920e-02;1.4750000e+02;6.9840409e-02;1.4750000e+02;1.0367370e-01;1.4750000e+02;1.4332364e-01;1.4750000e+02;1.8418165e-01;1.4750000e+02;2.1283342e-01;1.4750000e+02;2.2796413e-01;1.4750000e+02;2.2810757e-01;1.4750000e+02;2.1576166e-01;1.4750000e+02;1.9042991e-01;1.4750000e+02;1.5458439e-01;1.4750000e+02;1.1415185e-01;1.4750000e+02;7.3784202e-02;1.4750000e+02;3.4595940e-02;1.4750000e+02;-5.0494093e-03;1.4750000e+02;-6.2167831e-04;1.4750000e+02;7.7125812e-03;1.4750000e+02;2.1857163e-02;1.4750000e+02;4.2225920e-02;1.4750000e+02;6.9840409e-02;1.4750000e+02;1.0367370e-01;1.4750000e+02;1.4332364e-01;1.4750000e+02;1.8418165e-01;1.4750000e+02;2.1283342e-01;1.4750000e+02;2.2796413e-01;1.4750000e+02;2.2810757e-01;1.4750000e+02;2.1576166e-01;1.4750000e+02;1.9042991e-01;1.4750000e+02;1.5458439e-01;1.4750000e+02;1.1415185e-01;1.4750000e+02;7.3784202e-02;1.4750000e+02;3.4595940e-02;1.4750000e+02;-5.0494093e-03;1.4750000e+02;-6.2167831e-04;1.4750000e+02;7.7125812e-03;1.4750000e+02;2.1857163e-02;1.4750000e+02;4.2225920e-02;1.4750000e+02;6.9840409e-02;1.4750000e+02;1.0367370e-01;1.4750000e+02;1.4332364e-01;1.4750000e+02;1.8418165e-01;1.4750000e+02;2.1283342e-01;1.4750000e+02;2.2796413e-01;1.4750000e+02;2.2810757e-01;1.4750000e+02;2.1576166e-01;1.4750000e+02;1.9042991e-01;1.4750000e+02;1.5458439e-01;1.4750000e+02;1.1415185e-01;1.4750000e+02;7.3784202e-02;1.4750000e+02;3.4595940e-02;1.4750000e+02;-5.0494093e-03;1.4750000e+02;-6.2167831e-04;1.4750000e+02;7.7125812e-03;1.4750000e+02;2.1857163e-02;1.4750000e+02;4.2225920e-02;1.4750000e+02;6.9840409e-02;1.4750000e+02;1.0367370e-01;1.4750000e+02;1.4332364e-01;1.4750000e+02;1.8418165e-01;1.4750000e+02;2.1283342e-01;1.4750000e+02;2.2796413e-01;1.4750000e+02;2.2810757e-01;1.4750000e+02;2.1576166e-01;1.4750000e+02;1.9042991e-01;1.4750000e+02;1.5458439e-01;1.4750000e+02;1.1415185e-01;1.4750000e+02;7.3784202e-02;1.4750000e+02;3.4595940e-02;1.4750000e+02;-5.0494093e-03;1.4750000e+02;-6.2167831e-04;1.4750000e+02;7.7125812e-03;1.4750000e+02;2.1857163e-02;1.4750000e+02;4.2225920e-02;1.4750000e+02;6.9840409e-02;1.4750000e+02;1.0367370e-01;1.4750000e+02;1.4332364e-01;1.4750000e+02;1.8418165e-01;1.4750000e+02;2.1283342e-01;1.4750000e+02;2.2796413e-01;1.4750000e+02;2.2810757e-01;1.4750000e+02;2.1576166e-01;1.4750000e+02;1.9042991e-01;1.4750000e+02;1.5458439e-01;1.4750000e+02;1.1415185e-01;1.4750000e+02;7.3784202e-02;1.4750000e+02;3.4595940e-02;1.4750000e+02;-5.0494093e-03;1.4750000e+02;-6.2167831e-04;1.4750000e+02;7.7125812e-03;1.4750000e+02;2.1857163e-02;1.4750000e+02;4.2225920e-02;1.4750000e+02;6.9840409e-02;1.4750000e+02;1.0367370e-01;1.4750000e+02;1.4332364e-01;1.4750000e+02;1.8418165e-01;1.4750000e+02;2.1283342e-01;1.4750000e+02;2.2796413e-01;1.4750000e+02;2.2810757e-01;1.4750000e+02;2.1576166e-01;1.4750000e+02;1.9042991e-01;1.4750000e+02;1.5458439e-01;1.4750000e+02;1.1415185e-01;1.4750000e+02;7.3784202e-02;1.4750000e+02;3.4595940e-02;1.4750000e+02;-5.0494093e-03;1.4750000e+02;-6.2167831e-04;1.4750000e+02;7.7125812e-03;1.4750000e+02;2.1857163e-02;1.4750000e+02;4.2225920e-02;1.4750000e+02;6.9840409e-02;1.4750000e+02;1.0367370e-01;1.4750000e+02;1.4332364e-01;1.4750000e+02;1.8418165e-01;1.4750000e+02;2.1283342e-01;1.4750000e+02;2.2796413e-01;1.4750000e+02;2.2810757e-01;1.4750000e+02;2.1576166e-01;1.4750000e+02;1.9042991e-01;1.4750000e+02;1.5458439e-01;1.4750000e+02;1.1415185e-01;1.4750000e+02;7.3784202e-02;1.4750000e+02;3.4595940e-02;1.4750000e+02;-5.0494093e-03;1.4750000e+02;-6.2167831e-04;1.4750000e+02;7.7125812e-03;1.4750000e+02;2.1857163e-02;1.4750000e+02;4.2225920e-02;1.4750000e+02;6.9840409e-02;1.4750000e+02;1.0367370e-01;1.4750000e+02;1.4332364e-01;1.4750000e+02;1.8418165e-01;1.4750000e+02;2.1283342e-01;1.4750000e+02;2.2796413e-01;1.4750000e+02;2.2810757e-01;1.4750000e+02;2.1576166e-01;1.4750000e+02;1.9042991e-01;1.4750000e+02;1.5458439e-01;1.4750000e+02;1.1415185e-01;1.4750000e+02;7.3784202e-02;1.4750000e+02;3.4595940e-02;1.4750000e+02;-5.0494093e-03;1.4750000e+02;-6.2167831e-04;1.4750000e+02;7.7125812e-03;1.4750000e+02;2.1857163e-02;1.4750000e+02;4.2225920e-02;1.4750000e+02;6.9840409e-02;1.4750000e+02;1.0367370e-01;1.4750000e+02;1.4332364e-01;1.4750000e+02;1.8418165e-01;1.4750000e+02;2.1283342e-01;1.4750000e+02;2.2796413e-01;1.4750000e+02;2.2810757e-01;1.4750000e+02;2.1576166e-01;1.4750000e+02;1.9042991e-01;1.4750000e+02;1.5458439e-01;1.4750000e+02;1.1415185e-01;1.4750000e+02;7.3784202e-02;1.4750000e+02;3.4595940e-02;1.4750000e+02;-5.0494093e-03;1.4750000e+02;-6.2167831e-04;1.4750000e+02;7.7125812e-03;1.4750000e+02;2.1857163e-02;1.4750000e+02;4.2225920e-02;1.4750000e+02;6.9840409e-02;1.4750000e+02;1.0367370e-01;1.4750000e+02;1.4332364e-01;1.4750000e+02;1.8418165e-01;1.4750000e+02;2.1283342e-01;1.4750000e+02;2.2796413e-01;1.4750000e+02;2.2810757e-01;1.4750000e+02;2.1576166e-01;1.4750000e+02;1.9042991e-01;1.4750000e+02;1.5458439e-01;1.4750000e+02;1.1415185e-01;1.4750000e+02;7.3784202e-02;1.4750000e+02;3.4595940e-02;1.4750000e+02;-5.0494093e-03;1.4750000e+02;-6.2167831e-04;1.4750000e+02;7.7125812e-03;1.4750000e+02;2.1857163e-02;1.4750000e+02;4.2225920e-02;1.4750000e+02;6.9840409e-02;1.4750000e+02;1.0367370e-01;1.4750000e+02;1.4332364e-01;1.4750000e+02;1.8418165e-01;1.4750000e+02;2.1283342e-01;1.4750000e+02;2.2796413e-01;1.4750000e+02;2.2810757e-01;1.4750000e+02;2.1576166e-01;1.4750000e+02;1.9042991e-01;1.4750000e+02;1.5458439e-01;1.4750000e+02;1.1415185e-01;1.4750000e+02;7.3784202e-02;1.4750000e+02;3.4595940e-02;1.4750000e+02;-5.0494093e-03;1.4750000e+02;-6.2167831e-04;1.4750000e+02;7.7125812e-03;1.4750000e+02;2.1857163e-02;1.4750000e+02;4.2225920e-02;1.4750000e+02;6.9840409e-02;1.4750000e+02;1.0367370e-01;1.4750000e+02;1.4332364e-01;1.4750000e+02;1.8418165e-01;1.4750000e+02;2.1283342e-01;1.4750000e+02;2.2796413e-01;1.4750000e+02;2.2810757e-01;1.4750000e+02;2.1576166e-01;1.4750000e+02;1.9042991e-01;1.4750000e+02;1.5458439e-01;1.4750000e+02;1.1415185e-01;1.4750000e+02;7.3784202e-02;1.4750000e+02;3.4595940e-02;1.4750000e+02;-5.0494093e-03;1.4750000e+02;-6.2167831e-04;1.4750000e+02;7.7125812e-03;1.4750000e+02;2.1857163e-02;1.4750000e+02;4.2225920e-02;1.4750000e+02;6.9840409e-02;1.4750000e+02;1.0367370e-01;1.4750000e+02;1.4332364e-01;1.4750000e+02;1.8418165e-01;1.4750000e+02;2.1283342e-01;1.4750000e+02;2.2796413e-01;1.4750000e+02;2.2810757e-01;1.4750000e+02;2.1576166e-01;1.4750000e+02;1.9042991e-01;1.4750000e+02;1.5458439e-01;1.4750000e+02;1.1415185e-01;1.4750000e+02;7.3784202e-02;1.4750000e+02;3.4595940e-02;1.4750000e+02;-5.0494093e-03;1.4750000e+02;-6.2167831e-04;1.4750000e+02;7.7125812e-03;1.4750000e+02;2.1857163e-02;1.4750000e+02;4.2225920e-02;1.4750000e+02;6.9840409e-02;1.4750000e+02;1.0367370e-01;1.4750000e+02;1.4332364e-01;1.4750000e+02;1.8418165e-01;1.4750000e+02;2.1283342e-01;1.4750000e+02;2.2796413e-01;1.4750000e+02;2.2810757e-01;1.4750000e+02;2.1576166e-01;1.4750000e+02;1.9042991e-01;1.4750000e+02;1.5458439e-01;1.4750000e+02;1.1415185e-01;1.4750000e+02;7.3784202e-02;1.4750000e+02;3.4595940e-02;1.4750000e+02;-5.0494093e-03;1.4750000e+02;-6.2167831e-04;1.4750000e+02;7.7125812e-03;1.4750000e+02;2.1857163e-02;1.4750000e+02;4.2225920e-02;1.4750000e+02;6.9840409e-02;1.4750000e+02;1.0367370e-01;1.4750000e+02;1.4332364e-01;1.4750000e+02;1.8418165e-01;1.4750000e+02;2.1283342e-01;1.4750000e+02;2.2796413e-01;1.4750000e+02;2.2810757e-01;1.4750000e+02;2.1576166e-01;1.4750000e+02;1.9042991e-01;1.4750000e+02;1.5458439e-01;1.4750000e+02;1.1415185e-01;1.4750000e+02;7.3784202e-02;1.4750000e+02;3.4595940e-02;1.4750000e+02;-5.0494093e-03;1.4750000e+02;-6.2167831e-04;1.4750000e+02;7.7125812e-03;1.4750000e+02;2.1857163e-02;1.4750000e+02;4.2225920e-02;1.4750000e+02;6.9840409e-02;1.4750000e+02;1.0367370e-01;1.4750000e+02;1.4332364e-01;1.4750000e+02;1.8418165e-01;1.4750000e+02;2.1283342e-01;1.4750000e+02;2.2796413e-01;1.4750000e+02;2.2810757e-01;1.4750000e+02;2.1576166e-01;1.4750000e+02;1.9042991e-01;1.4750000e+02;1.5458439e-01;1.4750000e+02;1.1415185e-01;1.4750000e+02;7.3784202e-02;1.4750000e+02;3.4595940e-02;1.4750000e+02;-5.0494093e-03;1.4750000e+02;-6.2167831e-04;1.4750000e+02;7.7125812e-03;1.4750000e+02;2.1857163e-02;1.4750000e+02;4.2225920e-02;1.4750000e+02;6.9840409e-02;1.4750000e+02;1.0367370e-01;1.4750000e+02;1.4332364e-01;1.4750000e+02;1.8418165e-01;1.4750000e+02;2.1283342e-01;1.4750000e+02;2.2796413e-01;1.4750000e+02;2.2810757e-01;1.4750000e+02;2.1576166e-01;1.4750000e+02;1.9042991e-01;1.4750000e+02;1.5458439e-01;1.4750000e+02;1.1415185e-01;1.4750000e+02;7.3784202e-02;1.4750000e+02;3.4595940e-02;1.4750000e+02;-5.0494093e-03;1.4750000e+02;-6.2167831e-04;1.4750000e+02;7.7125812e-03;1.4750000e+02;2.1857163e-02;1.4750000e+02;4.2225920e-02;1.4750000e+02;6.9840409e-02;1.4750000e+02;1.0367370e-01;1.4750000e+02;1.4332364e-01;1.4750000e+02;1.8418165e-01;1.4750000e+02;2.1283342e-01;1.4750000e+02;2.2796413e-01;1.4750000e+02;2.2810757e-01;1.4750000e+02;2.1576166e-01;1.4750000e+02;1.9042991e-01;1.4750000e+02;1.5458439e-01;1.4750000e+02;1.1415185e-01;1.4750000e+02;7.3784202e-02;1.4750000e+02;3.4595940e-02;1.4750000e+02;-5.0494093e-03;1.4750000e+02;-6.2167831e-04;1.4750000e+02;7.7125812e-03;1.4750000e+02;2.1857163e-02;1.4750000e+02;4.2225920e-02;1.4750000e+02;6.9840409e-02;1.4750000e+02;1.0367370e-01;1.4750000e+02;1.4332364e-01;1.4750000e+02;1.8418165e-01;1.4750000e+02;2.1283342e-01;1.4750000e+02;2.2796413e-01;1.4750000e+02;2.2810757e-01;1.4750000e+02;2.1576166e-01;1.4750000e+02;1.9042991e-01;1.4750000e+02;1.5458439e-01;1.4750000e+02;1.1415185e-01;1.4750000e+02;7.3784202e-02;1.4750000e+02;3.4595940e-02;1.4750000e+02;-5.0494093e-03;1.4750000e+02;-6.2167831e-04;1.4750000e+02;7.7125812e-03;1.4750000e+02;2.1857163e-02;1.4750000e+02;4.2225920e-02;1.4750000e+02;6.9840409e-02;1.4750000e+02;1.0367370e-01;1.4750000e+02;1.4332364e-01;1.4750000e+02;1.8418165e-01;1.4750000e+02;2.1283342e-01;1.4750000e+02;2.2796413e-01;1.4750000e+02;2.2810757e-01;1.4750000e+02;2.1576166e-01;1.4750000e+02;1.9042991e-01;1.4750000e+02;1.5458439e-01;1.4750000e+02;1.1415185e-01;1.4750000e+02;7.3784202e-02;1.4750000e+02;3.4595940e-02;1.4750000e+02;-5.0494093e-03;1.4750000e+02;-6.2167831e-04;1.4750000e+02;7.7125812e-03;1.4750000e+02;2.1857163e-02;1.4750000e+02;4.2225920e-02;1.4750000e+02;6.9840409e-02;1.4750000e+02;1.0367370e-01;1.4750000e+02;1.4332364e-01;1.4750000e+02;1.8418165e-01;1.4750000e+02;2.1283342e-01;1.4750000e+02;2.2796413e-01;1.4750000e+02;2.2810757e-01;1.4750000e+02;2.1576166e-01;1.4750000e+02;1.9042991e-01;1.4750000e+02;1.5458439e-01;1.4750000e+02;1.1415185e-01;1.4750000e+02;7.3784202e-02;1.4750000e+02;3.4595940e-02;1.4750000e+02;-5.0494093e-03;1.4750000e+02;-6.2167831e-04;1.4750000e+02;7.7125812e-03;1.4750000e+02;2.1857163e-02;1.4750000e+02;4.2225920e-02;1.4750000e+02;6.9840409e-02;1.4750000e+02;1.0367370e-01;1.4750000e+02;1.4332364e-01;1.4750000e+02;1.8418165e-01;1.4750000e+02;2.1283342e-01;1.4750000e+02;2.2796413e-01;1.4750000e+02;2.2810757e-01;1.4750000e+02;2.1576166e-01;1.4750000e+02;1.9042991e-01;1.4750000e+02;1.5458439e-01;1.4750000e+02;1.1415185e-01;1.4750000e+02;7.3784202e-02;1.4750000e+02;3.4595940e-02;1.4750000e+02;-5.0494093e-03;1.4750000e+02;-6.2167831e-04;1.4750000e+02;7.7125812e-03;1.4750000e+02;2.1857163e-02;1.4750000e+02;4.2225920e-02;1.4750000e+02;6.9840409e-02;1.4750000e+02;1.0367370e-01;1.4750000e+02;1.4332364e-01;1.4750000e+02;1.8418165e-01;1.4750000e+02;2.1283342e-01;1.4750000e+02;2.2796413e-01;1.4750000e+02;2.2810757e-01;1.4750000e+02;2.1576166e-01;1.4750000e+02;1.9042991e-01;1.4750000e+02;1.5458439e-01;1.4750000e+02;1.1415185e-01;1.4750000e+02;7.3784202e-02;1.4750000e+02;3.4595940e-02;1.4750000e+02;-5.0494093e-03;1.4750000e+02;-6.2167831e-04;1.4750000e+02;7.7125812e-03;1.4750000e+02;2.1857163e-02;1.4750000e+02;4.2225920e-02;1.4750000e+02;6.9840409e-02;1.4750000e+02;1.0367370e-01;1.4750000e+02;1.4332364e-01;1.4750000e+02;1.8418165e-01;1.4750000e+02;2.1283342e-01;1.4750000e+02;2.2796413e-01;1.4750000e+02;2.2810757e-01;1.4750000e+02;2.1576166e-01;1.4750000e+02;1.9042991e-01;1.4750000e+02;1.5458439e-01;1.4750000e+02;1.1415185e-01;1.4750000e+02;7.3784202e-02;1.4750000e+02;3.4595940e-02;1.4750000e+02;-5.0494093e-03;1.4750000e+02;-6.2167831e-04;1.4750000e+02;7.7125812e-03;1.4750000e+02;2.1857163e-02;1.4750000e+02;4.2225920e-02;1.4750000e+02;6.9840409e-02;1.4750000e+02;1.0367370e-01;1.4750000e+02;1.4332364e-01;1.4750000e+02;1.8418165e-01;1.4750000e+02;2.1283342e-01;1.4750000e+02;2.2796413e-01;1.4750000e+02;2.2810757e-01;1.4750000e+02;2.1576166e-01;1.4750000e+02;1.9042991e-01;1.4750000e+02;1.5458439e-01;1.4750000e+02;1.1415185e-01;1.4750000e+02;7.3784202e-02;1.4750000e+02;3.4595940e-02;1.4750000e+02;-5.0494093e-03;1.4750000e+02;-6.2167831e-04;1.4750000e+02;7.7125812e-03;1.4750000e+02;2.1857163e-02;1.4750000e+02;4.2225920e-02;1.4750000e+02;6.9840409e-02;1.4750000e+02;1.0367370e-01;1.4750000e+02;1.4332364e-01;1.4750000e+02;1.8418165e-01;1.4750000e+02;2.1283342e-01;1.4750000e+02;2.2796413e-01;1.4750000e+02;2.2810757e-01;1.4750000e+02;2.1576166e-01;1.4750000e+02;1.9042991e-01;1.4750000e+02;1.5458439e-01;1.4750000e+02;1.1415185e-01;1.4750000e+02;7.3784202e-02;1.4750000e+02;3.4595940e-02;1.4750000e+02;-5.0494093e-03;1.4750000e+02;-6.2167831e-04;1.4750000e+02;7.7125812e-03;1.4750000e+02;2.1857163e-02;1.4750000e+02;4.2225920e-02;1.4750000e+02;6.9840409e-02;1.4750000e+02;1.0367370e-01;1.4750000e+02;1.4332364e-01;1.4750000e+02;1.8418165e-01;1.4750000e+02;2.1283342e-01;1.4750000e+02;2.2796413e-01;1.4750000e+02;2.2810757e-01;1.4750000e+02;2.1576166e-01;1.4750000e+02;1.9042991e-01;1.4750000e+02;1.5458439e-01;1.4750000e+02;1.1415185e-01;1.4750000e+02;7.3784202e-02;1.4750000e+02;3.4595940e-02;1.4750000e+02;-5.0494093e-03;1.4750000e+02;-6.2167831e-04;1.4750000e+02;7.7125812e-03;1.4750000e+02;2.1857163e-02;1.4750000e+02;4.2225920e-02;1.4750000e+02;6.9840409e-02;1.4750000e+02;1.0367370e-01;1.4750000e+02;1.4332364e-01;1.4750000e+02;1.8418165e-01;1.4750000e+02;2.1283342e-01;1.4750000e+02;2.2796413e-01;1.4750000e+02;2.2810757e-01;1.4750000e+02;2.1576166e-01;1.4750000e+02;1.9042991e-01;1.4750000e+02;1.5458439e-01;1.4750000e+02;1.1415185e-01;1.4750000e+02;7.3784202e-02;1.4750000e+02;3.4595940e-02;1.4750000e+02;-5.0494093e-03;1.4750000e+02;-6.2167831e-04;1.4750000e+02;7.7125812e-03;1.4750000e+02;2.1857163e-02;1.4750000e+02;4.2225920e-02;1.4750000e+02;6.9840409e-02;1.4750000e+02;1.0367370e-01;1.4750000e+02;1.4332364e-01;1.4750000e+02;1.8418165e-01;1.4750000e+02;2.1283342e-01;1.4750000e+02;2.2796413e-01;1.4750000e+02;2.2810757e-01;1.4750000e+02;2.1576166e-01;1.4750000e+02;1.9042991e-01;1.4750000e+02;1.5458439e-01;1.4750000e+02;1.1415185e-01;1.4750000e+02;7.3784202e-02;1.4750000e+02;3.4595940e-02;1.4750000e+02;-5.0494093e-03;1.4750000e+02;-6.2167831e-04;1.4750000e+02;7.7125812e-03;1.4750000e+02;2.1857163e-02;1.4750000e+02;4.2225920e-02;1.4750000e+02;6.9840409e-02;1.4750000e+02;1.0367370e-01;1.4750000e+02;1.4332364e-01;1.4750000e+02;1.8418165e-01;1.4750000e+02;2.1283342e-01;1.4750000e+02;2.2796413e-01;1.4750000e+02;2.2810757e-01;1.4750000e+02;2.1576166e-01;1.4750000e+02;1.9042991e-01;1.4750000e+02;1.5458439e-01;1.4750000e+02;1.1415185e-01;1.4750000e+02;7.3784202e-02;1.4750000e+02;3.4595940e-02;1.4750000e+02;-5.0494093e-03;1.4750000e+02;-6.2167831e-04;1.4750000e+02;7.7125812e-03;1.4750000e+02;2.1857163e-02;1.4750000e+02;4.2225920e-02;1.4750000e+02;6.9840409e-02;1.4750000e+02;1.0367370e-01;1.4750000e+02;1.4332364e-01;1.4750000e+02;1.8418165e-01;1.4750000e+02;2.1283342e-01;1.4750000e+02;2.2796413e-01;1.4750000e+02;2.2810757e-01;1.4750000e+02;2.1576166e-01;1.4750000e+02;1.9042991e-01;1.4750000e+02;1.5458439e-01;1.4750000e+02;1.1415185e-01;1.4750000e+02;7.3784202e-02;1.4750000e+02;3.4595940e-02;1.4750000e+02;-5.0494093e-03;1.4750000e+02;-6.2167831e-04;1.4750000e+02;7.7125812e-03;1.4750000e+02;2.1857163e-02;1.4750000e+02;4.2225920e-02;1.4750000e+02;6.9840409e-02;1.4750000e+02;1.0367370e-01;1.4750000e+02;1.4332364e-01;1.4750000e+02;1.8418165e-01;1.4750000e+02;2.1283342e-01;1.4750000e+02;2.2796413e-01;1.4750000e+02;2.2810757e-01;1.4750000e+02;2.1576166e-01;1.4750000e+02;1.9042991e-01;1.4750000e+02;1.5458439e-01;1.4750000e+02;1.1415185e-01;1.4750000e+02;7.3784202e-02;1.4750000e+02;3.4595940e-02;1.4750000e+02;-5.0494093e-03;1.4750000e+02;-6.2167831e-04;1.4750000e+02;7.7125812e-03;1.4750000e+02;2.1857163e-02;1.4750000e+02;4.2225920e-02;1.4750000e+02;6.9840409e-02;1.4750000e+02;1.0367370e-01;1.4750000e+02;1.4332364e-01;1.4750000e+02;1.8418165e-01;1.4750000e+02;2.1283342e-01;1.4750000e+02;2.2796413e-01;1.4750000e+02;2.2810757e-01;1.4750000e+02;2.1576166e-01;1.4750000e+02;1.9042991e-01;1.4750000e+02;1.5458439e-01;1.4750000e+02;1.1415185e-01;1.4750000e+02;7.3784202e-02;1.4750000e+02;3.4595940e-02;1.4750000e+02;-5.0494093e-03;1.4750000e+02;-6.2167831e-04;1.4750000e+02;7.7125812e-03;1.4750000e+02;2.1857163e-02;1.4750000e+02;4.2225920e-02;1.4750000e+02;6.9840409e-02;1.4750000e+02;1.0367370e-01;1.4750000e+02;1.4332364e-01;1.4750000e+02;1.8418165e-01;1.4750000e+02;2.1283342e-01;1.4750000e+02;2.2796413e-01;1.4750000e+02;2.2810757e-01;1.4750000e+02;2.1576166e-01;1.4750000e+02;1.9042991e-01;1.4750000e+02;1.5458439e-01;1.4750000e+02;1.1415185e-01;1.4750000e+02;7.3784202e-02;1.4750000e+02;3.4595940e-02;1.4750000e+02;-5.0494093e-03;1.4750000e+02;-6.2167831e-04;1.4750000e+02;7.7125812e-03;1.4750000e+02;2.1857163e-02;1.4750000e+02;4.2225920e-02;1.4750000e+02;6.9840409e-02;1.4750000e+02;1.0367370e-01;1.4750000e+02;1.4332364e-01;1.4750000e+02;1.8418165e-01;1.4750000e+02;2.1283342e-01;1.4750000e+02;2.2796413e-01;1.4750000e+02;2.2810757e-01;1.4750000e+02;2.1576166e-01;1.4750000e+02;1.9042991e-01;1.4750000e+02;1.5458439e-01;1.4750000e+02;1.1415185e-01;1.4750000e+02;7.3784202e-02;1.4750000e+02;3.4595940e-02;1.4750000e+02;-5.0494093e-03;1.4750000e+02;-6.2167831e-04;1.4750000e+02;7.7125812e-03;1.4750000e+02;2.1857163e-02;1.4750000e+02;4.2225920e-02;1.4750000e+02;6.9840409e-02;1.4750000e+02;1.0367370e-01;1.4750000e+02;1.4332364e-01;1.4750000e+02;1.8418165e-01;1.4750000e+02;2.1283342e-01;1.4750000e+02;2.2796413e-01;1.4750000e+02;2.2810757e-01;1.4750000e+02;2.1576166e-01;1.4750000e+02;1.9042991e-01;1.4750000e+02;1.5458439e-01;1.4750000e+02;1.1415185e-01;1.4750000e+02;7.3784202e-02;1.4750000e+02;3.4595940e-02;1.4750000e+02;-5.0494093e-03;1.4750000e+02;-6.2167831e-04;1.4750000e+02;7.7125812e-03;1.4750000e+02;2.1857163e-02;1.4750000e+02;4.2225920e-02;1.4750000e+02;6.9840409e-02;1.4750000e+02;1.0367370e-01;1.4750000e+02;1.4332364e-01;1.4750000e+02;1.8418165e-01;1.4750000e+02;2.1283342e-01;1.4750000e+02;2.2796413e-01;1.4750000e+02;2.2810757e-01;1.4750000e+02;2.1576166e-01;1.4750000e+02;1.9042991e-01;1.4750000e+02;1.5458439e-01;1.4750000e+02;1.1415185e-01;1.4750000e+02;7.3784202e-02;1.4750000e+02;3.4595940e-02;1.4750000e+02;-5.0494093e-03;1.4750000e+02;-6.2167831e-04;1.4750000e+02;7.7125812e-03;1.4750000e+02;2.1857163e-02;1.4750000e+02;4.2225920e-02;1.4750000e+02;6.9840409e-02;1.4750000e+02;1.0367370e-01;1.4750000e+02;1.4332364e-01;1.4750000e+02;1.8418165e-01;1.4750000e+02;2.1283342e-01;1.4750000e+02;2.2796413e-01;1.4750000e+02;2.2810757e-01;1.4750000e+02;2.1576166e-01;1.4750000e+02;1.9042991e-01;1.4750000e+02;1.5458439e-01;1.4750000e+02;1.1415185e-01;1.4750000e+02;7.3784202e-02;1.4750000e+02;3.4595940e-02;1.4750000e+02;-5.0494093e-03;1.4750000e+02;-6.2167831e-04;1.4750000e+02;7.7125812e-03;1.4750000e+02;2.1857163e-02;1.4750000e+02;4.2225920e-02;1.4750000e+02;6.9840409e-02;1.4750000e+02;1.0367370e-01;1.4750000e+02;1.4332364e-01;1.4750000e+02;1.8418165e-01;1.4750000e+02;2.1283342e-01;1.4750000e+02;2.2796413e-01;1.4750000e+02;2.2810757e-01;1.4750000e+02;2.1576166e-01;1.4750000e+02;1.9042991e-01;1.4750000e+02;1.5458439e-01;1.4750000e+02;1.1415185e-01;1.4750000e+02;7.3784202e-02;1.4750000e+02;3.4595940e-02;1.4750000e+02;-5.0494093e-03;1.4750000e+02;-6.2167831e-04;1.4750000e+02;7.7125812e-03;1.4750000e+02;2.1857163e-02;1.4750000e+02;4.2225920e-02;1.4750000e+02;6.9840409e-02;1.4750000e+02;1.0367370e-01;1.4750000e+02;1.4332364e-01;1.4750000e+02;1.8418165e-01;1.4750000e+02;2.1283342e-01;1.4750000e+02;2.2796413e-01;1.4750000e+02;2.2810757e-01;1.4750000e+02;2.1576166e-01;1.4750000e+02;1.9042991e-01;1.4750000e+02;1.5458439e-01;1.4750000e+02;1.1415185e-01;1.4750000e+02;7.3784202e-02;1.4750000e+02;3.4595940e-02;1.4750000e+02;-5.0494093e-03;1.4750000e+02;-6.2167831e-04;1.4750000e+02;7.7125812e-03;1.4750000e+02;2.1857163e-02;1.4750000e+02;4.2225920e-02;1.4750000e+02;6.9840409e-02;1.4750000e+02;1.0367370e-01;1.4750000e+02;1.4332364e-01;1.4750000e+02;1.8418165e-01;1.4750000e+02;2.1283342e-01;1.4750000e+02;2.2796413e-01;1.4750000e+02;2.2810757e-01;1.4750000e+02;2.1576166e-01;1.4750000e+02;1.9042991e-01;1.4750000e+02;1.5458439e-01;1.4750000e+02;1.1415185e-01;1.4750000e+02;7.3784202e-02;1.4750000e+02;3.4595940e-02;1.4750000e+02;-5.0494093e-03;1.4750000e+02;-6.2167831e-04;1.4750000e+02;7.7125812e-03;1.4750000e+02;2.1857163e-02;1.4750000e+02;4.2225920e-02;1.4750000e+02;6.9840409e-02;1.4750000e+02;1.0367370e-01;1.4750000e+02;1.4332364e-01;1.4750000e+02;1.8418165e-01;1.4750000e+02;2.1283342e-01;1.4750000e+02;2.2796413e-01;1.4750000e+02;2.2810757e-01;1.4750000e+02;2.1576166e-01;1.4750000e+02;1.9042991e-01;1.4750000e+02;1.5458439e-01;1.4750000e+02;1.1415185e-01;1.4750000e+02;7.3784202e-02;1.4750000e+02;3.4595940e-02;1.4750000e+02;-5.0494093e-03;1.4750000e+02;-6.2167831e-04;1.4750000e+02;7.7125812e-03;1.4750000e+02;2.1857163e-02;1.4750000e+02;4.2225920e-02;1.4750000e+02;6.9840409e-02;1.4750000e+02;1.0367370e-01;1.4750000e+02;1.4332364e-01;1.4750000e+02;1.8418165e-01;1.4750000e+02;2.1283342e-01;1.4750000e+02;2.2796413e-01;1.4750000e+02;2.2810757e-01;1.4750000e+02;2.1576166e-01;1.4750000e+02;1.9042991e-01;1.4750000e+02;1.5458439e-01;1.4750000e+02;1.1415185e-01;1.4750000e+02;7.3784202e-02;1.4750000e+02;3.4595940e-02;1.4750000e+02;-5.0494093e-03;1.4750000e+02;-6.2167831e-04;1.4750000e+02;7.7125812e-03;1.4750000e+02;2.1857163e-02;1.4750000e+02;4.2225920e-02;1.4750000e+02;6.9840409e-02;1.4750000e+02;1.0367370e-01;1.4750000e+02;1.4332364e-01;1.4750000e+02;1.8418165e-01;1.4750000e+02;2.1283342e-01;1.4750000e+02;2.2796413e-01;1.4750000e+02;2.2810757e-01;1.4750000e+02;2.1576166e-01;1.4750000e+02;1.9042991e-01;1.4750000e+02;1.5458439e-01;1.4750000e+02;1.1415185e-01;1.4750000e+02;7.3784202e-02;1.4750000e+02;3.4595940e-02;1.4750000e+02;-5.0494093e-03;1.4750000e+02;-6.2167831e-04;1.4750000e+02;7.7125812e-03;1.4750000e+02;2.1857163e-02;1.4750000e+02;4.2225920e-02;1.4750000e+02;6.9840409e-02;1.4750000e+02;1.0367370e-01;1.4750000e+02;1.4332364e-01;1.4750000e+02;1.8418165e-01;1.4750000e+02;2.1283342e-01;1.4750000e+02;2.2796413e-01;1.4750000e+02;2.2810757e-01;1.4750000e+02;2.1576166e-01;1.4750000e+02;1.9042991e-01;1.4750000e+02;1.5458439e-01;1.4750000e+02;1.1415185e-01;1.4750000e+02;7.3784202e-02;1.4750000e+02;3.4595940e-02;1.4750000e+02;-5.0494093e-03;1.4750000e+02;-6.2167831e-04;1.4750000e+02;7.7125812e-03;1.4750000e+02;2.1857163e-02;1.4750000e+02;4.2225920e-02;1.4750000e+02;6.9840409e-02;1.4750000e+02;1.0367370e-01;1.4750000e+02;1.4332364e-01;1.4750000e+02;1.8418165e-01;1.4750000e+02;2.1283342e-01;1.4750000e+02;2.2796413e-01;1.4750000e+02;2.2810757e-01;1.4750000e+02;2.1576166e-01;1.4750000e+02;1.9042991e-01;1.4750000e+02;1.5458439e-01;1.4750000e+02;1.1415185e-01;1.4750000e+02;7.3784202e-02;1.4750000e+02;3.4595940e-02;1.4750000e+02;-5.0494093e-03;1.4750000e+02;-6.2167831e-04;1.4750000e+02;7.7125812e-03;1.4750000e+02;2.1857163e-02;1.4750000e+02;4.2225920e-02;1.4750000e+02;6.9840409e-02;1.4750000e+02;1.0367370e-01;1.4750000e+02;1.4332364e-01;1.4750000e+02;1.8418165e-01;1.4750000e+02;2.1283342e-01;1.4750000e+02;2.2796413e-01;1.4750000e+02;2.2810757e-01;1.4750000e+02;2.1576166e-01;1.4750000e+02;1.9042991e-01;1.4750000e+02;1.5458439e-01;1.4750000e+02;1.1415185e-01;1.4750000e+02;7.3784202e-02;1.4750000e+02;3.4595940e-02;1.4750000e+02;-5.0494093e-03;1.4750000e+02;-6.2167831e-04;1.4750000e+02;7.7125812e-03;1.4750000e+02;2.1857163e-02;1.4750000e+02;4.2225920e-02;1.4750000e+02;6.9840409e-02;1.4750000e+02;1.0367370e-01;1.4750000e+02;1.4332364e-01;1.4750000e+02;1.8418165e-01;1.4750000e+02;2.1283342e-01;1.4750000e+02;2.2796413e-01;1.4750000e+02;2.2810757e-01;1.4750000e+02;2.1576166e-01;1.4750000e+02;1.9042991e-01;1.4750000e+02;1.5458439e-01;1.4750000e+02;1.1415185e-01;1.4750000e+02;7.3784202e-02;1.4750000e+02;3.4595940e-02;1.4750000e+02;-5.0494093e-03;1.4750000e+02;-6.2167831e-04;1.4750000e+02;7.7125812e-03;1.4750000e+02;2.1857163e-02;1.4750000e+02;4.2225920e-02;1.4750000e+02;6.9840409e-02;1.4750000e+02;1.0367370e-01;1.4750000e+02;1.4332364e-01;1.4750000e+02;1.8418165e-01;1.4750000e+02;2.1283342e-01;1.4750000e+02;2.2796413e-01;1.4750000e+02;2.2810757e-01;1.4750000e+02;2.1576166e-01;1.4750000e+02;1.9042991e-01;1.4750000e+02;1.5458439e-01;1.4750000e+02;1.1415185e-01;1.4750000e+02;7.3784202e-02;1.4750000e+02;3.4595940e-02;1.4750000e+02;-5.0494093e-03;1.4750000e+02;-6.2167831e-04;1.4750000e+02;7.7125812e-03;1.4750000e+02;2.1857163e-02;1.4750000e+02;4.2225920e-02;1.4750000e+02;6.9840409e-02;1.4750000e+02;1.0367370e-01;1.4750000e+02;1.4332364e-01;1.4750000e+02;1.8418165e-01;1.4750000e+02;2.1283342e-01;1.4750000e+02;2.2796413e-01;1.4750000e+02;2.2810757e-01;1.4750000e+02;2.1576166e-01;1.4750000e+02;1.9042991e-01;1.4750000e+02;1.5458439e-01;1.4750000e+02;1.1415185e-01;1.4750000e+02;7.3784202e-02;1.4750000e+02;3.4595940e-02;1.4750000e+02;-5.0494093e-03;1.4750000e+02;-6.2167831e-04;1.4750000e+02;7.7125812e-03;1.4750000e+02;2.1857163e-02;1.4750000e+02;4.2225920e-02;1.4750000e+02;6.9840409e-02;1.4750000e+02;1.0367370e-01;1.4750000e+02;1.4332364e-01;1.4750000e+02;1.8418165e-01;1.4750000e+02;2.1283342e-01;1.4750000e+02;2.2796413e-01;1.4750000e+02;2.2810757e-01;1.4750000e+02;2.1576166e-01;1.4750000e+02;1.9042991e-01;1.4750000e+02;1.5458439e-01;1.4750000e+02;1.1415185e-01;1.4750000e+02;7.3784202e-02;1.4750000e+02;3.4595940e-02;1.4750000e+02;-5.0494093e-03;1.4750000e+02;-6.2167831e-04;1.4750000e+02;7.7125812e-03;1.4750000e+02;2.1857163e-02;1.4750000e+02;4.2225920e-02;1.4750000e+02;6.9840409e-02;1.4750000e+02;1.0367370e-01;1.4750000e+02;1.4332364e-01;1.4750000e+02;1.8418165e-01;1.4750000e+02;2.1283342e-01;1.4750000e+02;2.2796413e-01;1.4750000e+02;2.2810757e-01;1.4750000e+02;2.1576166e-01;1.4750000e+02;1.9042991e-01;1.4750000e+02;1.5458439e-01;1.4750000e+02;1.1415185e-01;1.4750000e+02;7.3784202e-02;1.4750000e+02;3.4595940e-02;1.4750000e+02;-5.0494093e-03;1.4750000e+02;-6.2167831e-04;1.4750000e+02;7.7125812e-03;1.4750000e+02;2.1857163e-02;1.4750000e+02;4.2225920e-02;1.4750000e+02;6.9840409e-02;1.4750000e+02;1.0367370e-01;1.4750000e+02;1.4332364e-01;1.4750000e+02;1.8418165e-01;1.4750000e+02;2.1283342e-01;1.4750000e+02;2.2796413e-01;1.4750000e+02;2.2810757e-01;1.4750000e+02;2.1576166e-01;1.4750000e+02;1.9042991e-01;1.4750000e+02;1.5458439e-01;1.4750000e+02;1.1415185e-01;1.4750000e+02;7.3784202e-02;1.4750000e+02;3.4595940e-02;1.4750000e+02;-5.0494093e-03;1.4750000e+02;-6.2167831e-04;1.4750000e+02;7.7125812e-03;1.4750000e+02;2.1857163e-02;1.4750000e+02;4.2225920e-02;1.4750000e+02;6.9840409e-02;1.4750000e+02;1.0367370e-01;1.4750000e+02;1.4332364e-01;1.4750000e+02;1.8418165e-01;1.4750000e+02;2.1283342e-01;1.4750000e+02;2.2796413e-01;1.4750000e+02;2.2810757e-01;1.4750000e+02;2.1576166e-01;1.4750000e+02;1.9042991e-01;1.4750000e+02;1.5458439e-01;1.4750000e+02;1.1415185e-01;1.4750000e+02;7.3784202e-02;1.4750000e+02;3.4595940e-02;1.4750000e+02;-5.0494093e-03;1.4750000e+02;-6.2167831e-04;1.4750000e+02;7.7125812e-03;1.4750000e+02;2.1857163e-02;1.4750000e+02;4.2225920e-02;1.4750000e+02;6.9840409e-02;1.4750000e+02;1.0367370e-01;1.4750000e+02;1.4332364e-01;1.4750000e+02;1.8418165e-01;1.4750000e+02;2.1283342e-01;1.4750000e+02;2.2796413e-01;1.4750000e+02;2.2810757e-01;1.4750000e+02;2.1576166e-01;1.4750000e+02;1.9042991e-01;1.4750000e+02;1.5458439e-01;1.4750000e+02;1.1415185e-01;1.4750000e+02;7.3784202e-02;1.4750000e+02;3.4595940e-02;1.4750000e+02;-5.0494093e-03;1.4750000e+02;-6.2167831e-04;1.4750000e+02;7.7125812e-03;1.4750000e+02;2.1857163e-02;1.4750000e+02;4.2225920e-02;1.4750000e+02;6.9840409e-02;1.4750000e+02;1.0367370e-01;1.4750000e+02;1.4332364e-01;1.4750000e+02;1.8418165e-01;1.4750000e+02;2.1283342e-01;1.4750000e+02;2.2796413e-01;1.4750000e+02;2.2810757e-01;1.4750000e+02;2.1576166e-01;1.4750000e+02;1.9042991e-01;1.4750000e+02;1.5458439e-01;1.4750000e+02;1.1415185e-01;1.4750000e+02;7.3784202e-02;1.4750000e+02;3.4595940e-02;1.4750000e+02;-5.0494093e-03;1.4750000e+02;-6.2167831e-04;1.4750000e+02;7.7125812e-03;1.4750000e+02;2.1857163e-02;1.4750000e+02;4.2225920e-02;1.4750000e+02;6.9840409e-02;1.4750000e+02;1.0367370e-01;1.4750000e+02;1.4332364e-01;1.4750000e+02;1.8418165e-01;1.4750000e+02;2.1283342e-01;1.4750000e+02;2.2796413e-01;1.4750000e+02;2.2810757e-01;1.4750000e+02;2.1576166e-01;1.4750000e+02;1.9042991e-01;1.4750000e+02;1.5458439e-01;1.4750000e+02;1.1415185e-01;1.4750000e+02;7.3784202e-02;1.4750000e+02;3.4595940e-02;1.4750000e+02;-5.0494093e-03;1.4750000e+02;-6.2167831e-04;1.4750000e+02;7.7125812e-03;1.4750000e+02;2.1857163e-02;1.4750000e+02;4.2225920e-02;1.4750000e+02;6.9840409e-02;1.4750000e+02;1.0367370e-01;1.4750000e+02;1.4332364e-01;1.4750000e+02;1.8418165e-01;1.4750000e+02;2.1283342e-01;1.4750000e+02;2.2796413e-01;1.4750000e+02;2.2810757e-01;1.4750000e+02;2.1576166e-01;1.4750000e+02;1.9042991e-01;1.4750000e+02;1.5458439e-01;1.4750000e+02;1.1415185e-01;1.4750000e+02;7.3784202e-02;1.4750000e+02;3.4595940e-02;1.4750000e+02;-5.0494093e-03;1.4750000e+02;-6.2167831e-04;1.4750000e+02;7.7125812e-03;1.4750000e+02;2.1857163e-02;1.4750000e+02;4.2225920e-02;1.4750000e+02;6.9840409e-02;1.4750000e+02;1.0367370e-01;1.4750000e+02;1.4332364e-01;1.4750000e+02;1.8418165e-01;1.4750000e+02;2.1283342e-01;1.4750000e+02;2.2796413e-01;1.4750000e+02;2.2810757e-01;1.4750000e+02;2.1576166e-01;1.4750000e+02;1.9042991e-01;1.4750000e+02;1.5458439e-01;1.4750000e+02;1.1415185e-01;1.4750000e+02;7.3784202e-02;1.4750000e+02;3.4595940e-02;1.4750000e+02;-5.0494093e-03;1.4750000e+02;-6.2167831e-04;1.4750000e+02;7.7125812e-03;1.4750000e+02;2.1857163e-02;1.4750000e+02;4.2225920e-02;1.4750000e+02;6.9840409e-02;1.4750000e+02;1.0367370e-01;1.4750000e+02;1.4332364e-01;1.4750000e+02;1.8418165e-01;1.4750000e+02;2.1283342e-01;1.4750000e+02;2.2796413e-01;1.4750000e+02;2.2810757e-01;1.4750000e+02;2.1576166e-01;1.4750000e+02;1.9042991e-01;1.4750000e+02;1.5458439e-01;1.4750000e+02;1.1415185e-01;1.4750000e+02;7.3784202e-02;1.4750000e+02;3.4595940e-02;1.4750000e+02;-5.0494093e-03;1.4750000e+02;-6.2167831e-04;1.4750000e+02;7.7125812e-03;1.4750000e+02;2.1857163e-02;1.4750000e+02;4.2225920e-02;1.4750000e+02;6.9840409e-02;1.4750000e+02;1.0367370e-01;1.4750000e+02;1.4332364e-01;1.4750000e+02;1.8418165e-01;1.4750000e+02;2.1283342e-01;1.4750000e+02;2.2796413e-01;1.4750000e+02;2.2810757e-01;1.4750000e+02;2.1576166e-01;1.4750000e+02;1.9042991e-01;1.4750000e+02;1.5458439e-01;1.4750000e+02;1.1415185e-01;1.4750000e+02;7.3784202e-02;1.4750000e+02;3.4595940e-02;1.4750000e+02;-5.0494093e-03;1.4750000e+02;-6.2167831e-04;1.4750000e+02;7.7125812e-03;1.4750000e+02;2.1857163e-02;1.4750000e+02;4.2225920e-02;1.4750000e+02;6.9840409e-02;1.4750000e+02;1.0367370e-01;1.4750000e+02;1.4332364e-01;1.4750000e+02;1.8418165e-01;1.4750000e+02;2.1283342e-01;1.4750000e+02;2.2796413e-01;1.4750000e+02;2.2810757e-01;1.4750000e+02;2.1576166e-01;1.4750000e+02;1.9042991e-01;1.4750000e+02;1.5458439e-01;1.4750000e+02;1.1415185e-01;1.4750000e+02;7.3784202e-02;1.4750000e+02;3.4595940e-02;1.4750000e+02;-5.0494093e-03;1.4750000e+02;-6.2167831e-04;1.4750000e+02;7.7125812e-03;1.4750000e+02;2.1857163e-02;1.4750000e+02;4.2225920e-02;1.4750000e+02;6.9840409e-02;1.4750000e+02;1.0367370e-01;1.4750000e+02;1.4332364e-01;1.4750000e+02;1.8418165e-01;1.4750000e+02;2.1283342e-01;1.4750000e+02;2.2796413e-01;1.4750000e+02;2.2810757e-01;1.4750000e+02;2.1576166e-01;1.4750000e+02;1.9042991e-01;1.4750000e+02;1.5458439e-01;1.4750000e+02;1.1415185e-01;1.4750000e+02;7.3784202e-02;1.4750000e+02;3.4595940e-02;1.4750000e+02;-5.0494093e-03;1.4750000e+02;-6.2167831e-04;1.4750000e+02;7.7125812e-03;1.4750000e+02;2.1857163e-02;1.4750000e+02;4.2225920e-02;1.4750000e+02;6.9840409e-02;1.4750000e+02;1.0367370e-01;1.4750000e+02;1.4332364e-01;1.4750000e+02;1.8418165e-01;1.4750000e+02;2.1283342e-01;1.4750000e+02;2.2796413e-01;1.4750000e+02;2.2810757e-01;1.4750000e+02;2.1576166e-01;1.4750000e+02;1.9042991e-01;1.4750000e+02;1.5458439e-01;1.4750000e+02;1.1415185e-01;1.4750000e+02;7.3784202e-02;1.4750000e+02;3.4595940e-02;1.4750000e+02;-5.0494093e-03;1.4750000e+02;-6.2167831e-04;1.4750000e+02;7.7125812e-03;1.4750000e+02;2.1857163e-02;1.4750000e+02;4.2225920e-02;1.4750000e+02;6.9840409e-02;1.4750000e+02;1.0367370e-01;1.4750000e+02;1.4332364e-01;1.4750000e+02;1.8418165e-01;1.4750000e+02;2.1283342e-01;1.4750000e+02;2.2796413e-01;1.4750000e+02;2.2810757e-01;1.4750000e+02;2.1576166e-01;1.4750000e+02;1.9042991e-01;1.4750000e+02;1.5458439e-01;1.4750000e+02;1.1415185e-01;1.4750000e+02;7.3784202e-02;1.4750000e+02;3.4595940e-02;1.4750000e+02;-5.0494093e-03;1.4750000e+02;-6.2167831e-04;1.4750000e+02;7.7125812e-03;1.4750000e+02;2.1857163e-02;1.4750000e+02;4.2225920e-02;1.4750000e+02;6.9840409e-02;1.4750000e+02;1.0367370e-01;1.4750000e+02;1.4332364e-01;1.4750000e+02;1.8418165e-01;1.4750000e+02;2.1283342e-01;1.4750000e+02;2.2796413e-01;1.4750000e+02;2.2810757e-01;1.4750000e+02;2.1576166e-01;1.4750000e+02;1.9042991e-01;1.4750000e+02;1.5458439e-01;1.4750000e+02;1.1415185e-01;1.4750000e+02;7.3784202e-02;1.4750000e+02;3.4595940e-02;1.4750000e+02;-5.0494093e-03;1.4750000e+02;-6.2167831e-04;1.4750000e+02;7.7125812e-03;1.4750000e+02;2.1857163e-02;1.4750000e+02;4.2225920e-02;1.4750000e+02;6.9840409e-02;1.4750000e+02;1.0367370e-01;1.4750000e+02;1.4332364e-01;1.4750000e+02;1.8418165e-01;1.4750000e+02;2.1283342e-01;1.4750000e+02;2.2796413e-01;1.4750000e+02;2.2810757e-01;1.4750000e+02;2.1576166e-01;1.4750000e+02;1.9042991e-01;1.4750000e+02;1.5458439e-01;1.4750000e+02;1.1415185e-01;1.4750000e+02;7.3784202e-02;1.4750000e+02;3.4595940e-02;1.4750000e+02;-5.0494093e-03;1.4750000e+02;-6.2167831e-04;1.4750000e+02;7.7125812e-03;1.4750000e+02;2.1857163e-02;1.4750000e+02;4.2225920e-02;1.4750000e+02;6.9840409e-02;1.4750000e+02;1.0367370e-01;1.4750000e+02;1.4332364e-01;1.4750000e+02;1.8418165e-01;1.4750000e+02;2.1283342e-01;1.4750000e+02;2.2796413e-01;1.4750000e+02;2.2810757e-01;1.4750000e+02;2.1576166e-01;1.4750000e+02;1.9042991e-01;1.4750000e+02;1.5458439e-01;1.4750000e+02;1.1415185e-01;1.4750000e+02;7.3784202e-02;1.4750000e+02;3.4595940e-02;1.4750000e+02;-5.0494093e-03;1.4750000e+02;-6.2167831e-04;1.4750000e+02;7.7125812e-03;1.4750000e+02;2.1857163e-02;1.4750000e+02;4.2225920e-02;1.4750000e+02;6.9840409e-02;1.4750000e+02;1.0367370e-01;1.4750000e+02;1.4332364e-01;1.4750000e+02;1.8418165e-01;1.4750000e+02;2.1283342e-01;1.4750000e+02;2.2796413e-01;1.4750000e+02;2.2810757e-01;1.4750000e+02;2.1576166e-01;1.4750000e+02;1.9042991e-01;1.4750000e+02;1.5458439e-01;1.4750000e+02;1.1415185e-01;1.4750000e+02;7.3784202e-02;1.4750000e+02;3.4595940e-02;1.4750000e+02;-5.0494093e-03;1.4750000e+02;-6.2167831e-04;1.4750000e+02;7.7125812e-03;1.4750000e+02;2.1857163e-02;1.4750000e+02;4.2225920e-02;1.4750000e+02;6.9840409e-02;1.4750000e+02;1.0367370e-01;1.4750000e+02;1.4332364e-01;1.4750000e+02;1.8418165e-01;1.4750000e+02;2.1283342e-01;1.4750000e+02;2.2796413e-01;1.4750000e+02;2.2810757e-01;1.4750000e+02;2.1576166e-01;1.4750000e+02;1.9042991e-01;1.4750000e+02;1.5458439e-01;1.4750000e+02;1.1415185e-01;1.4750000e+02;7.3784202e-02;1.4750000e+02;3.4595940e-02;1.4750000e+02;-5.0494093e-03;1.4750000e+02;-6.2167831e-04;1.4750000e+02;7.7125812e-03;1.4750000e+02;2.1857163e-02;1.4750000e+02;4.2225920e-02;1.4750000e+02;6.9840409e-02;1.4750000e+02;1.0367370e-01;1.4750000e+02;1.4332364e-01;1.4750000e+02;1.8418165e-01;1.4750000e+02;2.1283342e-01;1.4750000e+02;2.2796413e-01;1.4750000e+02;2.2810757e-01;1.4750000e+02;2.1576166e-01;1.4750000e+02;1.9042991e-01;1.4750000e+02;1.5458439e-01;1.4750000e+02;1.1415185e-01;1.4750000e+02;7.3784202e-02;1.4750000e+02;3.4595940e-02;1.4750000e+02;-5.0494093e-03;1.4750000e+02;-6.2167831e-04;1.4750000e+02;7.7125812e-03;1.4750000e+02;2.1857163e-02;1.4750000e+02;4.2225920e-02;1.4750000e+02;6.9840409e-02;1.4750000e+02;1.0367370e-01;1.4750000e+02;1.4332364e-01;1.4750000e+02;1.8418165e-01;1.4750000e+02;2.1283342e-01;1.4750000e+02;2.2796413e-01;1.4750000e+02;2.2810757e-01;1.4750000e+02;2.1576166e-01;1.4750000e+02;1.9042991e-01;1.4750000e+02;1.5458439e-01;1.4750000e+02;1.1415185e-01;1.4750000e+02;7.3784202e-02;1.4750000e+02;3.4595940e-02;1.4750000e+02;-5.0494093e-03;1.4750000e+02;-6.2167831e-04;1.4750000e+02;7.7125812e-03;1.4750000e+02;2.1857163e-02;1.4750000e+02;4.2225920e-02;1.4750000e+02;6.9840409e-02;1.4750000e+02;1.0367370e-01;1.4750000e+02;1.4332364e-01;1.4750000e+02;1.8418165e-01;1.4750000e+02;2.1283342e-01;1.4750000e+02;2.2796413e-01;1.4750000e+02;2.2810757e-01;1.4750000e+02;2.1576166e-01;1.4750000e+02;1.9042991e-01;1.4750000e+02;1.5458439e-01;1.4750000e+02;1.1415185e-01;1.4750000e+02;7.3784202e-02;1.4750000e+02;3.4595940e-02;1.4750000e+02;-5.0494093e-03;1.4750000e+02;-6.2167831e-04;1.4750000e+02;7.7125812e-03;1.4750000e+02;2.1857163e-02;1.4750000e+02;4.2225920e-02;1.4750000e+02;6.9840409e-02;1.4750000e+02;1.0367370e-01;1.4750000e+02;1.4332364e-01;1.4750000e+02;1.8418165e-01;1.4750000e+02;2.1283342e-01;1.4750000e+02;2.2796413e-01;1.4750000e+02;2.2810757e-01;1.4750000e+02;2.1576166e-01;1.4750000e+02;1.9042991e-01;1.4750000e+02;1.5458439e-01;1.4750000e+02;1.1415185e-01;1.4750000e+02;7.3784202e-02;1.4750000e+02;3.4595940e-02;1.4750000e+02;-5.0494093e-03;1.4750000e+02;-6.2167831e-04;1.4750000e+02;7.7125812e-03;1.4750000e+02;2.1857163e-02;1.4750000e+02;4.2225920e-02;1.4750000e+02;6.9840409e-02;1.4750000e+02;1.0367370e-01;1.4750000e+02;1.4332364e-01;1.4750000e+02;1.8418165e-01;1.4750000e+02;2.1283342e-01;1.4750000e+02;2.2796413e-01;1.4750000e+02;2.2810757e-01;1.4750000e+02;2.1576166e-01;1.4750000e+02;1.9042991e-01;1.4750000e+02;1.5458439e-01;1.4750000e+02;1.1415185e-01;1.4750000e+02;7.3784202e-02;1.4750000e+02;3.4595940e-02;1.4750000e+02;-5.0494093e-03;1.4750000e+02;-6.2167831e-04;1.4750000e+02;7.7125812e-03;1.4750000e+02;2.1857163e-02;1.4750000e+02;4.2225920e-02;1.4750000e+02;6.9840409e-02;1.4750000e+02;1.0367370e-01;1.4750000e+02;1.4332364e-01;1.4750000e+02;1.8418165e-01;1.4750000e+02;2.1283342e-01;1.4750000e+02;2.2796413e-01;1.4750000e+02;2.2810757e-01;1.4750000e+02;2.1576166e-01;1.4750000e+02;1.9042991e-01;1.4750000e+02;1.5458439e-01;1.4750000e+02;1.1415185e-01;1.4750000e+02;7.3784202e-02;1.4750000e+02;3.4595940e-02;1.4750000e+02;-5.0494093e-03;1.4750000e+02;-6.2167831e-04;1.4750000e+02;7.7125812e-03;1.4750000e+02;2.1857163e-02;1.4750000e+02;4.2225920e-02;1.4750000e+02;6.9840409e-02;1.4750000e+02;1.0367370e-01;1.4750000e+02;1.4332364e-01;1.4750000e+02;1.8418165e-01;1.4750000e+02;2.1283342e-01;1.4750000e+02;2.2796413e-01;1.4750000e+02;2.2810757e-01;1.4750000e+02;2.1576166e-01;1.4750000e+02;1.9042991e-01;1.4750000e+02;1.5458439e-01;1.4750000e+02;1.1415185e-01;1.4750000e+02;7.3784202e-02;1.4750000e+02;3.4595940e-02;1.4750000e+02;-5.0494093e-03;1.4750000e+02;-6.2167831e-04;1.4750000e+02;7.7125812e-03;1.4750000e+02;2.1857163e-02;1.4750000e+02;4.2225920e-02;1.4750000e+02;6.9840409e-02;1.4750000e+02;1.0367370e-01;1.4750000e+02;1.4332364e-01;1.4750000e+02;1.8418165e-01;1.4750000e+02;2.1283342e-01;1.4750000e+02;2.2796413e-01;1.4750000e+02;2.2810757e-01;1.4750000e+02;2.1576166e-01;1.4750000e+02;1.9042991e-01;1.4750000e+02;1.5458439e-01;1.4750000e+02;1.1415185e-01;1.4750000e+02;7.3784202e-02;1.4750000e+02;3.4595940e-02;1.4750000e+02;-5.0494093e-03;1.4750000e+02;-6.2167831e-04;1.4750000e+02;7.7125812e-03;1.4750000e+02;2.1857163e-02;1.4750000e+02;4.2225920e-02;1.4750000e+02;6.9840409e-02;1.4750000e+02;1.0367370e-01;1.4750000e+02;1.4332364e-01;1.4750000e+02;1.8418165e-01;1.4750000e+02;2.1283342e-01;1.4750000e+02;2.2796413e-01;1.4750000e+02;2.2810757e-01;1.4750000e+02;2.1576166e-01;1.4750000e+02;1.9042991e-01;1.4750000e+02;1.5458439e-01;1.4750000e+02;1.1415185e-01;1.4750000e+02;7.3784202e-02;1.4750000e+02;3.4595940e-02;1.4750000e+02;-5.0494093e-03;1.4750000e+02;-6.2167831e-04;1.4750000e+02;7.7125812e-03;1.4750000e+02;2.1857163e-02;1.4750000e+02;4.2225920e-02;1.4750000e+02;6.9840409e-02;1.4750000e+02;1.0367370e-01;1.4750000e+02;1.4332364e-01;1.4750000e+02;1.8418165e-01;1.4750000e+02;2.1283342e-01;1.4750000e+02;2.2796413e-01;1.4750000e+02;2.2810757e-01;1.4750000e+02;2.1576166e-01;1.4750000e+02;1.9042991e-01;1.4750000e+02;1.5458439e-01;1.4750000e+02;1.1415185e-01;1.4750000e+02;7.3784202e-02;1.4750000e+02;3.4595940e-02;1.4750000e+02;-5.0494093e-03;1.4750000e+02;-6.2167831e-04;1.4750000e+02;7.7125812e-03;1.4750000e+02;2.1857163e-02;1.4750000e+02;4.2225920e-02;1.4750000e+02;6.9840409e-02;1.4750000e+02;1.0367370e-01;1.4750000e+02;1.4332364e-01;1.4750000e+02;1.8418165e-01;1.4750000e+02;2.1283342e-01;1.4750000e+02;2.2796413e-01;1.4750000e+02;2.2810757e-01;1.4750000e+02;2.1576166e-01;1.4750000e+02;1.9042991e-01;1.4750000e+02;1.5458439e-01;1.4750000e+02;1.1415185e-01;1.4750000e+02;7.3784202e-02;1.4750000e+02;3.4595940e-02;1.4750000e+02;-5.0494093e-03;1.4750000e+02;-6.2167831e-04;1.4750000e+02;7.7125812e-03;1.4750000e+02;2.1857163e-02;1.4750000e+02;4.2225920e-02;1.4750000e+02;6.9840409e-02;1.4750000e+02;1.0367370e-01;1.4750000e+02;1.4332364e-01;1.4750000e+02;1.8418165e-01;1.4750000e+02;2.1283342e-01;1.4750000e+02;2.2796413e-01;1.4750000e+02;2.2810757e-01;1.4750000e+02;2.1576166e-01;1.4750000e+02;1.9042991e-01;1.4750000e+02;1.5458439e-01;1.4750000e+02;1.1415185e-01;1.4750000e+02;7.3784202e-02;1.4750000e+02;3.4595940e-02;1.4750000e+02;-5.0494093e-03;1.4750000e+02;-6.2167831e-04;1.4750000e+02;7.7125812e-03;1.4750000e+02;2.1857163e-02;1.4750000e+02;4.2225920e-02;1.4750000e+02;6.9840409e-02;1.4750000e+02;1.0367370e-01;1.4750000e+02;1.4332364e-01;1.4750000e+02;1.8418165e-01;1.4750000e+02;2.1283342e-01;1.4750000e+02;2.2796413e-01;1.4750000e+02;2.2810757e-01;1.4750000e+02;2.1576166e-01;1.4750000e+02;1.9042991e-01;1.4750000e+02;1.5458439e-01;1.4750000e+02;1.1415185e-01;1.4750000e+02;7.3784202e-02;1.4750000e+02;3.4595940e-02;1.4750000e+02;-5.0494093e-03;1.4750000e+02;-6.2167831e-04;1.4750000e+02;7.7125812e-03;1.4750000e+02;2.1857163e-02;1.4750000e+02;4.2225920e-02;1.4750000e+02;6.9840409e-02;1.4750000e+02;1.0367370e-01;1.4750000e+02;1.4332364e-01;1.4750000e+02;1.8418165e-01;1.4750000e+02;2.1283342e-01;1.4750000e+02;2.2796413e-01;1.4750000e+02;2.2810757e-01;1.4750000e+02;2.1576166e-01;1.4750000e+02;1.9042991e-01;1.4750000e+02;1.5458439e-01;1.4750000e+02;1.1415185e-01;1.4750000e+02;7.3784202e-02;1.4750000e+02;3.4595940e-02;1.4750000e+02;-5.0494093e-03;1.4750000e+02;-6.2167831e-04;1.4750000e+02;7.7125812e-03;1.4750000e+02;2.1857163e-02;1.4750000e+02;4.2225920e-02;1.4750000e+02;6.9840409e-02;1.4750000e+02;1.0367370e-01;1.4750000e+02;1.4332364e-01;1.4750000e+02;1.8418165e-01;1.4750000e+02;2.1283342e-01;1.4750000e+02;2.2796413e-01;1.4750000e+02;2.2810757e-01;1.4750000e+02;2.1576166e-01;1.4750000e+02;1.9042991e-01;1.4750000e+02;1.5458439e-01;1.4750000e+02;1.1415185e-01;1.4750000e+02;7.3784202e-02;1.4750000e+02;3.4595940e-02;1.4750000e+02;-5.0494093e-03;1.4750000e+02;-6.2167831e-04;1.4750000e+02;7.7125812e-03;1.4750000e+02;2.1857163e-02;1.4750000e+02;4.2225920e-02;1.4750000e+02;6.9840409e-02;1.4750000e+02;1.0367370e-01;1.4750000e+02;1.4332364e-01;1.4750000e+02;1.8418165e-01;1.4750000e+02;2.1283342e-01;1.4750000e+02;2.2796413e-01;1.4750000e+02;2.2810757e-01;1.4750000e+02;2.1576166e-01;1.4750000e+02;1.9042991e-01;1.4750000e+02;1.5458439e-01;1.4750000e+02;1.1415185e-01;1.4750000e+02;7.3784202e-02;1.4750000e+02;3.4595940e-02;1.4750000e+02;-5.0494093e-03;1.4750000e+02;-6.2167831e-04;1.4750000e+02;7.7125812e-03;1.4750000e+02;2.1857163e-02;1.4750000e+02;4.2225920e-02;1.4750000e+02;6.9840409e-02;1.4750000e+02;1.0367370e-01;1.4750000e+02;1.4332364e-01;1.4750000e+02;1.8418165e-01;1.4750000e+02;2.1283342e-01;1.4750000e+02;2.2796413e-01;1.4750000e+02;2.2810757e-01;1.4750000e+02;2.1576166e-01;1.4750000e+02;1.9042991e-01;1.4750000e+02;1.5458439e-01;1.4750000e+02;1.1415185e-01;1.4750000e+02;7.3784202e-02;1.4750000e+02;3.4595940e-02;1.4750000e+02;-5.0494093e-03;1.4750000e+02;-6.2167831e-04;1.4750000e+02;7.7125812e-03;1.4750000e+02;2.1857163e-02;1.4750000e+02;4.2225920e-02;1.4750000e+02;6.9840409e-02;1.4750000e+02;1.0367370e-01;1.4750000e+02;1.4332364e-01;1.4750000e+02;1.8418165e-01;1.4750000e+02;2.1283342e-01;1.4750000e+02;2.2796413e-01;1.4750000e+02;2.2810757e-01;1.4750000e+02;2.1576166e-01;1.4750000e+02;1.9042991e-01;1.4750000e+02;1.5458439e-01;1.4750000e+02;1.1415185e-01;1.4750000e+02;7.3784202e-02;1.4750000e+02;3.4595940e-02;1.4750000e+02;-5.0494093e-03;1.4750000e+02;-6.2167831e-04;1.4750000e+02;7.7125812e-03;1.4750000e+02;2.1857163e-02;1.4750000e+02;4.2225920e-02;1.4750000e+02;6.9840409e-02;1.4750000e+02;1.0367370e-01;1.4750000e+02;1.4332364e-01;1.4750000e+02;1.8418165e-01;1.4750000e+02;2.1283342e-01;1.4750000e+02;2.2796413e-01;1.4750000e+02;2.2810757e-01;1.4750000e+02;2.1576166e-01;1.4750000e+02;1.9042991e-01;1.4750000e+02;1.5458439e-01;1.4750000e+02;1.1415185e-01;1.4750000e+02;7.3784202e-02;1.4750000e+02;3.4595940e-02;1.4750000e+02;-5.0494093e-03;1.4750000e+02;-6.2167831e-04;1.4750000e+02;7.7125812e-03;1.4750000e+02;2.1857163e-02;1.4750000e+02;4.2225920e-02;1.4750000e+02;6.9840409e-02;1.4750000e+02;1.0367370e-01;1.4750000e+02;1.4332364e-01;1.4750000e+02;1.8418165e-01;1.4750000e+02;2.1283342e-01;1.4750000e+02;2.2796413e-01;1.4750000e+02;2.2810757e-01;1.4750000e+02;2.1576166e-01;1.4750000e+02;1.9042991e-01;1.4750000e+02;1.5458439e-01;1.4750000e+02;1.1415185e-01;1.4750000e+02;7.3784202e-02;1.4750000e+02;3.4595940e-02;1.4750000e+02;-5.0494093e-03;1.4750000e+02;-6.2167831e-04;1.4750000e+02;7.7125812e-03;1.4750000e+02;2.1857163e-02;1.4750000e+02;4.2225920e-02;1.4750000e+02;6.9840409e-02;1.4750000e+02;1.0367370e-01;1.4750000e+02;1.4332364e-01;1.4750000e+02;1.8418165e-01;1.4750000e+02;2.1283342e-01;1.4750000e+02;2.2796413e-01;1.4750000e+02;2.2810757e-01;1.4750000e+02;2.1576166e-01;1.4750000e+02;1.9042991e-01;1.4750000e+02;1.5458439e-01;1.4750000e+02;1.1415185e-01;1.4750000e+02;7.3784202e-02;1.4750000e+02;3.4595940e-02;1.4750000e+02;-5.0494093e-03;1.4750000e+02;-6.2167831e-04;1.4750000e+02;7.7125812e-03;1.4750000e+02;2.1857163e-02;1.4750000e+02;4.2225920e-02;1.4750000e+02;6.9840409e-02;1.4750000e+02;1.0367370e-01;1.4750000e+02;1.4332364e-01;1.4750000e+02;1.8418165e-01;1.4750000e+02;2.1283342e-01;1.4750000e+02;2.2796413e-01;1.4750000e+02;2.2810757e-01;1.4750000e+02;2.1576166e-01;1.4750000e+02;1.9042991e-01;1.4750000e+02;1.5458439e-01;1.4750000e+02;1.1415185e-01;1.4750000e+02;7.3784202e-02;1.4750000e+02;3.4595940e-02;1.4750000e+02;-5.0494093e-03;1.4750000e+02;-6.2167831e-04;1.4750000e+02;7.7125812e-03;1.4750000e+02;2.1857163e-02;1.4750000e+02;4.2225920e-02;1.4750000e+02;6.9840409e-02;1.4750000e+02;1.0367370e-01;1.4750000e+02;1.4332364e-01;1.4750000e+02;1.8418165e-01;1.4750000e+02;2.1283342e-01;1.4750000e+02;2.2796413e-01;1.4750000e+02;2.2810757e-01;1.4750000e+02;2.1576166e-01;1.4750000e+02;1.9042991e-01;1.4750000e+02;1.5458439e-01;1.4750000e+02;1.1415185e-01;1.4750000e+02;7.3784202e-02;1.4750000e+02;3.4595940e-02;1.4750000e+02;-5.0494093e-03;1.4750000e+02;-6.2167831e-04;1.4750000e+02;7.7125812e-03;1.4750000e+02;2.1857163e-02;1.4750000e+02;4.2225920e-02;1.4750000e+02;6.9840409e-02;1.4750000e+02;1.0367370e-01;1.4750000e+02;1.4332364e-01;1.4750000e+02;1.8418165e-01;1.4750000e+02;2.1283342e-01;1.4750000e+02;2.2796413e-01;1.4750000e+02;2.2810757e-01;1.4750000e+02;2.1576166e-01;1.4750000e+02;1.9042991e-01;1.4750000e+02;1.5458439e-01;1.4750000e+02;1.1415185e-01;1.4750000e+02;7.3784202e-02;1.4750000e+02;3.4595940e-02;1.4750000e+02;-5.0494093e-03;1.4750000e+02;-6.2167831e-04;1.4750000e+02;7.7125812e-03;1.4750000e+02;2.1857163e-02;1.4750000e+02;4.2225920e-02;1.4750000e+02;6.9840409e-02;1.4750000e+02;1.0367370e-01;1.4750000e+02;1.4332364e-01;1.4750000e+02;1.8418165e-01;1.4750000e+02;2.1283342e-01;1.4750000e+02;2.2796413e-01;1.4750000e+02;2.2810757e-01;1.4750000e+02;2.1576166e-01;1.4750000e+02;1.9042991e-01;1.4750000e+02;1.5458439e-01;1.4750000e+02;1.1415185e-01;1.4750000e+02;7.3784202e-02;1.4750000e+02;3.4595940e-02;1.4750000e+02;-5.0494093e-03;1.4750000e+02;-6.2167831e-04;1.4750000e+02;7.7125812e-03;1.4750000e+02;2.1857163e-02;1.4750000e+02;4.2225920e-02;1.4750000e+02;6.9840409e-02;1.4750000e+02;1.0367370e-01;1.4750000e+02;1.4332364e-01;1.4750000e+02;1.8418165e-01;1.4750000e+02;2.1283342e-01;1.4750000e+02;2.2796413e-01;1.4750000e+02;2.2810757e-01;1.4750000e+02;2.1576166e-01;1.4750000e+02;1.9042991e-01;1.4750000e+02;1.5458439e-01;1.4750000e+02;1.1415185e-01;1.4750000e+02;7.3784202e-02;1.4750000e+02;3.4595940e-02;1.4750000e+02;-5.0494093e-03;1.4750000e+02;-6.2167831e-04;1.4750000e+02;7.7125812e-03;1.4750000e+02;2.1857163e-02;1.4750000e+02;4.2225920e-02;1.4750000e+02;6.9840409e-02;1.4750000e+02;1.0367370e-01;1.4750000e+02;1.4332364e-01;1.4750000e+02;1.8418165e-01;1.4750000e+02;2.1283342e-01;1.4750000e+02;2.2796413e-01;1.4750000e+02;2.2810757e-01;1.4750000e+02;2.1576166e-01;1.4750000e+02;1.9042991e-01;1.4750000e+02;1.5458439e-01;1.4750000e+02;1.1415185e-01;1.4750000e+02;7.3784202e-02;1.4750000e+02;3.4595940e-02;1.4750000e+02;-5.0494093e-03;1.4750000e+02;-6.2167831e-04;1.4750000e+02;7.7125812e-03;1.4750000e+02;2.1857163e-02;1.4750000e+02;4.2225920e-02;1.4750000e+02;6.9840409e-02;1.4750000e+02;1.0367370e-01;1.4750000e+02;1.4332364e-01;1.4750000e+02;1.8418165e-01;1.4750000e+02;2.1283342e-01;1.4750000e+02;2.2796413e-01;1.4750000e+02;2.2810757e-01;1.4750000e+02;2.1576166e-01;1.4750000e+02;1.9042991e-01;1.4750000e+02;1.5458439e-01;1.4750000e+02;1.1415185e-01;1.4750000e+02;7.3784202e-02;1.4750000e+02;3.4595940e-02;1.4750000e+02;-5.0494093e-03;1.4750000e+02;-6.2167831e-04;1.4750000e+02;7.7125812e-03;1.4750000e+02;2.1857163e-02;1.4750000e+02;4.2225920e-02;1.4750000e+02;6.9840409e-02;1.4750000e+02;1.0367370e-01;1.4750000e+02;1.4332364e-01;1.4750000e+02;1.8418165e-01;1.4750000e+02;2.1283342e-01;1.4750000e+02;2.2796413e-01;1.4750000e+02;2.2810757e-01;1.4750000e+02;2.1576166e-01;1.4750000e+02;1.9042991e-01;1.4750000e+02;1.5458439e-01;1.4750000e+02;1.1415185e-01;1.4750000e+02;7.3784202e-02;1.4750000e+02;3.4595940e-02;1.4750000e+02;-5.0494093e-03;1.4750000e+02;-6.2167831e-04;1.4750000e+02;7.7125812e-03;1.4750000e+02;2.1857163e-02;1.4750000e+02;4.2225920e-02;1.4750000e+02;6.9840409e-02;1.4750000e+02;1.0367370e-01;1.4750000e+02;1.4332364e-01;1.4750000e+02;1.8418165e-01;1.4750000e+02;2.1283342e-01;1.4750000e+02;2.2796413e-01;1.4750000e+02;2.2810757e-01;1.4750000e+02;2.1576166e-01;1.4750000e+02;1.9042991e-01;1.4750000e+02;1.5458439e-01;1.4750000e+02;1.1415185e-01;1.4750000e+02;7.3784202e-02;1.4750000e+02;3.4595940e-02;1.4750000e+02;-5.0494093e-03;1.4750000e+02;-6.2167831e-04;1.4750000e+02;7.7125812e-03;1.4750000e+02;2.1857163e-02;1.4750000e+02;4.2225920e-02;1.4750000e+02;6.9840409e-02;1.4750000e+02;1.0367370e-01;1.4750000e+02;1.4332364e-01;1.4750000e+02;1.8418165e-01;1.4750000e+02;2.1283342e-01;1.4750000e+02;2.2796413e-01;1.4750000e+02;2.2810757e-01;1.4750000e+02;2.1576166e-01;1.4750000e+02;1.9042991e-01;1.4750000e+02;1.5458439e-01;1.4750000e+02;1.1415185e-01;1.4750000e+02;7.3784202e-02;1.4750000e+02;3.4595940e-02;1.4750000e+02;-5.0494093e-03;1.4750000e+02;-6.2167831e-04;1.4750000e+02;7.7125812e-03;1.4750000e+02;2.1857163e-02;1.4750000e+02;4.2225920e-02;1.4750000e+02;6.9840409e-02;1.4750000e+02;1.0367370e-01;1.4750000e+02;1.4332364e-01;1.4750000e+02;1.8418165e-01;1.4750000e+02;2.1283342e-01;1.4750000e+02;2.2796413e-01;1.4750000e+02;2.2810757e-01;1.4750000e+02;2.1576166e-01;1.4750000e+02;1.9042991e-01;1.4750000e+02;1.5458439e-01;1.4750000e+02;1.1415185e-01;1.4750000e+02;7.3784202e-02;1.4750000e+02;3.4595940e-02;1.4750000e+02;-5.0494093e-03;1.4750000e+02;-6.2167831e-04;1.4750000e+02;7.7125812e-03;1.4750000e+02;2.1857163e-02;1.4750000e+02;4.2225920e-02;1.4750000e+02;6.9840409e-02;1.4750000e+02;1.0367370e-01;1.4750000e+02;1.4332364e-01;1.4750000e+02;1.8418165e-01;1.4750000e+02;2.1283342e-01;1.4750000e+02;2.2796413e-01;1.4750000e+02;2.2810757e-01;1.4750000e+02;2.1576166e-01;1.4750000e+02;1.9042991e-01;1.4750000e+02;1.5458439e-01;1.4750000e+02;1.1415185e-01;1.4750000e+02;7.3784202e-02;1.4750000e+02;3.4595940e-02;1.4750000e+02;-5.0494093e-03;1.4750000e+02;-6.2167831e-04;1.4750000e+02;7.7125812e-03;1.4750000e+02;2.1857163e-02;1.4750000e+02;4.2225920e-02;1.4750000e+02;6.9840409e-02;1.4750000e+02;1.0367370e-01;1.4750000e+02;1.4332364e-01;1.4750000e+02;1.8418165e-01;1.4750000e+02;2.1283342e-01;1.4750000e+02;2.2796413e-01;1.4750000e+02;2.2810757e-01;1.4750000e+02;2.1576166e-01;1.4750000e+02;1.9042991e-01;1.4750000e+02;1.5458439e-01;1.4750000e+02;1.1415185e-01;1.4750000e+02;7.3784202e-02;1.4750000e+02;3.4595940e-02;1.4750000e+02;-5.0494093e-03;1.4750000e+02;-6.2167831e-04;1.4750000e+02;7.7125812e-03;1.4750000e+02;2.1857163e-02;1.4750000e+02;4.2225920e-02;1.4750000e+02;6.9840409e-02;1.4750000e+02;1.0367370e-01;1.4750000e+02;1.4332364e-01;1.4750000e+02;1.8418165e-01;1.4750000e+02;2.1283342e-01;1.4750000e+02;2.2796413e-01;1.4750000e+02;2.2810757e-01;1.4750000e+02;2.1576166e-01;1.4750000e+02;1.9042991e-01;1.4750000e+02;1.5458439e-01;1.4750000e+02;1.1415185e-01;1.4750000e+02;7.3784202e-02;1.4750000e+02;3.4595940e-02;1.4750000e+02;-5.0494093e-03;1.4750000e+02;-6.2167831e-04;1.4750000e+02;7.7125812e-03;1.4750000e+02;2.1857163e-02;1.4750000e+02;4.2225920e-02;1.4750000e+02;6.9840409e-02;1.4750000e+02;1.0367370e-01;1.4750000e+02;1.4332364e-01;1.4750000e+02;1.8418165e-01;1.4750000e+02;2.1283342e-01;1.4750000e+02;2.2796413e-01;1.4750000e+02;2.2810757e-01;1.4750000e+02;2.1576166e-01;1.4750000e+02;1.9042991e-01;1.4750000e+02;1.5458439e-01;1.4750000e+02;1.1415185e-01;1.4750000e+02;7.3784202e-02;1.4750000e+02;3.4595940e-02;1.4750000e+02;-5.0494093e-03;1.4750000e+02;-6.2167831e-04;1.4750000e+02;7.7125812e-03;1.4750000e+02;2.1857163e-02;1.4750000e+02;4.2225920e-02;1.4750000e+02;6.9840409e-02;1.4750000e+02;1.0367370e-01;1.4750000e+02;1.4332364e-01;1.4750000e+02;1.8418165e-01;1.4750000e+02;2.1283342e-01;1.4750000e+02;2.2796413e-01;1.4750000e+02;2.2810757e-01;1.4750000e+02;2.1576166e-01;1.4750000e+02;1.9042991e-01;1.4750000e+02;1.5458439e-01;1.4750000e+02;1.1415185e-01;1.4750000e+02;7.3784202e-02;1.4750000e+02;3.4595940e-02;1.4750000e+02;-5.0494093e-03;1.4750000e+02;-6.2167831e-04;1.4750000e+02;7.7125812e-03;1.4750000e+02;2.1857163e-02;1.4750000e+02;4.2225920e-02;1.4750000e+02;6.9840409e-02;1.4750000e+02;1.0367370e-01;1.4750000e+02;1.4332364e-01;1.4750000e+02;1.8418165e-01;1.4750000e+02;2.1283342e-01;1.4750000e+02;2.2796413e-01;1.4750000e+02;2.2810757e-01;1.4750000e+02;2.1576166e-01;1.4750000e+02;1.9042991e-01;1.4750000e+02;1.5458439e-01;1.4750000e+02;1.1415185e-01;1.4750000e+02;7.3784202e-02;1.4750000e+02;3.4595940e-02;1.4750000e+02;-5.0494093e-03;1.4750000e+02;-6.2167831e-04;1.4750000e+02;7.7125812e-03;1.4750000e+02;2.1857163e-02;1.4750000e+02;4.2225920e-02;1.4750000e+02;6.9840409e-02;1.4750000e+02;1.0367370e-01;1.4750000e+02;1.4332364e-01;1.4750000e+02;1.8418165e-01;1.4750000e+02;2.1283342e-01;1.4750000e+02;2.2796413e-01;1.4750000e+02;2.2810757e-01;1.4750000e+02;2.1576166e-01;1.4750000e+02;1.9042991e-01;1.4750000e+02;1.5458439e-01;1.4750000e+02;1.1415185e-01;1.4750000e+02;7.3784202e-02;1.4750000e+02;3.4595940e-02;1.4750000e+02;-5.0494093e-03;1.4750000e+02;-6.2167831e-04;1.4750000e+02;7.7125812e-03;1.4750000e+02;2.1857163e-02;1.4750000e+02;4.2225920e-02;1.4750000e+02;6.9840409e-02;1.4750000e+02;1.0367370e-01;1.4750000e+02;1.4332364e-01;1.4750000e+02;1.8418165e-01;1.4750000e+02;2.1283342e-01;1.4750000e+02;2.2796413e-01;1.4750000e+02;2.2810757e-01;1.4750000e+02;2.1576166e-01;1.4750000e+02;1.9042991e-01;1.4750000e+02;1.5458439e-01;1.4750000e+02;1.1415185e-01;1.4750000e+02;7.3784202e-02;1.4750000e+02;3.4595940e-02;1.4750000e+02;-5.0494093e-03;1.4750000e+02;-6.2167831e-04;1.4750000e+02;7.7125812e-03;1.4750000e+02;2.1857163e-02;1.4750000e+02;4.2225920e-02;1.4750000e+02;6.9840409e-02;1.4750000e+02;1.0367370e-01;1.4750000e+02;1.4332364e-01;1.4750000e+02;1.8418165e-01;1.4750000e+02;2.1283342e-01;1.4750000e+02;2.2796413e-01;1.4750000e+02;2.2810757e-01;1.4750000e+02;2.1576166e-01;1.4750000e+02;1.9042991e-01;1.4750000e+02;1.5458439e-01;1.4750000e+02;1.1415185e-01;1.4750000e+02;7.3784202e-02;1.4750000e+02;3.4595940e-02;1.4750000e+02;-5.0494093e-03;1.4750000e+02;-6.2167831e-04;1.4750000e+02;7.7125812e-03;1.4750000e+02;2.1857163e-02;1.4750000e+02;4.2225920e-02;1.4750000e+02;6.9840409e-02;1.4750000e+02;1.0367370e-01;1.4750000e+02;1.4332364e-01;1.4750000e+02;1.8418165e-01;1.4750000e+02;2.1283342e-01;1.4750000e+02;2.2796413e-01;1.4750000e+02;2.2810757e-01;1.4750000e+02;2.1576166e-01;1.4750000e+02;1.9042991e-01;1.4750000e+02;1.5458439e-01;1.4750000e+02;1.1415185e-01;1.4750000e+02;7.3784202e-02;1.4750000e+02;3.4595940e-02;1.4750000e+02;-5.0494093e-03;1.4750000e+02;-6.2167831e-04;1.4750000e+02;7.7125812e-03;1.4750000e+02;2.1857163e-02;1.4750000e+02;4.2225920e-02;1.4750000e+02;6.9840409e-02;1.4750000e+02;1.0367370e-01;1.4750000e+02;1.4332364e-01;1.4750000e+02;1.8418165e-01;1.4750000e+02;2.1283342e-01;1.4750000e+02;2.2796413e-01;1.4750000e+02;2.2810757e-01;1.4750000e+02;2.1576166e-01;1.4750000e+02;1.9042991e-01;1.4750000e+02;1.5458439e-01;1.4750000e+02;1.1415185e-01;1.4750000e+02;7.3784202e-02;1.4750000e+02;3.4595940e-02;1.4750000e+02;-5.0494093e-03;1.4750000e+02;-6.2167831e-04;1.4750000e+02;7.7125812e-03;1.4750000e+02;2.1857163e-02;1.4750000e+02;4.2225920e-02;1.4750000e+02;6.9840409e-02;1.4750000e+02;1.0367370e-01;1.4750000e+02;1.4332364e-01;1.4750000e+02;1.8418165e-01;1.4750000e+02;2.1283342e-01;1.4750000e+02;2.2796413e-01;1.4750000e+02;2.2810757e-01;1.4750000e+02;2.1576166e-01;1.4750000e+02;1.9042991e-01;1.4750000e+02;1.5458439e-01;1.4750000e+02;1.1415185e-01;1.4750000e+02;7.3784202e-02;1.4750000e+02;3.4595940e-02;1.4750000e+02;-5.0494093e-03;1.4750000e+02;-6.2167831e-04;1.4750000e+02;7.7125812e-03;1.4750000e+02;2.1857163e-02;1.4750000e+02;4.2225920e-02;1.4750000e+02;6.9840409e-02;1.4750000e+02;1.0367370e-01;1.4750000e+02;1.4332364e-01;1.4750000e+02;1.8418165e-01;1.4750000e+02;2.1283342e-01;1.4750000e+02;2.2796413e-01;1.4750000e+02;2.2810757e-01;1.4750000e+02;2.1576166e-01;1.4750000e+02;1.9042991e-01;1.4750000e+02;1.5458439e-01;1.4750000e+02;1.1415185e-01;1.4750000e+02;7.3784202e-02;1.4750000e+02;3.4595940e-02;1.4750000e+02;-5.0494093e-03;1.4750000e+02;-6.2167831e-04;1.4750000e+02;7.7125812e-03;1.4750000e+02;2.1857163e-02;1.4750000e+02;4.2225920e-02;1.4750000e+02;6.9840409e-02;1.4750000e+02;1.0367370e-01;1.4750000e+02;1.4332364e-01;1.4750000e+02;1.8418165e-01;1.4750000e+02;2.1283342e-01;1.4750000e+02;2.2796413e-01;1.4750000e+02;2.2810757e-01;1.4750000e+02;2.1576166e-01;1.4750000e+02;1.9042991e-01;1.4750000e+02;1.5458439e-01;1.4750000e+02;1.1415185e-01;1.4750000e+02;7.3784202e-02;1.4750000e+02;3.4595940e-02;1.4750000e+02;-5.0494093e-03;1.4750000e+02;-6.2167831e-04;1.4750000e+02;7.7125812e-03;1.4750000e+02;2.1857163e-02;1.4750000e+02;4.2225920e-02;1.4750000e+02;6.9840409e-02;1.4750000e+02;1.0367370e-01;1.4750000e+02;1.4332364e-01;1.4750000e+02;1.8418165e-01;1.4750000e+02;2.1283342e-01;1.4750000e+02;2.2796413e-01;1.4750000e+02;2.2810757e-01;1.4750000e+02;2.1576166e-01;1.4750000e+02;1.9042991e-01;1.4750000e+02;1.5458439e-01;1.4750000e+02;1.1415185e-01;1.4750000e+02;7.3784202e-02;1.4750000e+02;3.4595940e-02;1.4750000e+02;-5.0494093e-03;1.4750000e+02;-6.2167831e-04;1.4750000e+02;7.7125812e-03;1.4750000e+02;2.1857163e-02;1.4750000e+02;4.2225920e-02;1.4750000e+02;6.9840409e-02;1.4750000e+02;1.0367370e-01;1.4750000e+02;1.4332364e-01;1.4750000e+02;1.8418165e-01;1.4750000e+02;2.1283342e-01;1.4750000e+02;2.2796413e-01;1.4750000e+02;2.2810757e-01;1.4750000e+02;2.1576166e-01;1.4750000e+02;1.9042991e-01;1.4750000e+02;1.5458439e-01;1.4750000e+02;1.1415185e-01;1.4750000e+02;7.3784202e-02;1.4750000e+02;3.4595940e-02;1.4750000e+02;-5.0494093e-03;1.4750000e+02;-6.2167831e-04;1.4750000e+02;7.7125812e-03;1.4750000e+02;2.1857163e-02;1.4750000e+02;4.2225920e-02;1.4750000e+02;6.9840409e-02;1.4750000e+02;1.0367370e-01;1.4750000e+02;1.4332364e-01;1.4750000e+02;1.8418165e-01;1.4750000e+02;2.1283342e-01;1.4750000e+02;2.2796413e-01;1.4750000e+02;2.2810757e-01;1.4750000e+02;2.1576166e-01;1.4750000e+02;1.9042991e-01;1.4750000e+02;1.5458439e-01;1.4750000e+02;1.1415185e-01;1.4750000e+02;7.3784202e-02;1.4750000e+02;3.4595940e-02;1.4750000e+02;-5.0494093e-03;1.4750000e+02;-6.2167831e-04;1.4750000e+02;7.7125812e-03;1.4750000e+02;2.1857163e-02;1.4750000e+02;4.2225920e-02;1.4750000e+02;6.9840409e-02;1.4750000e+02;1.0367370e-01;1.4750000e+02;1.4332364e-01;1.4750000e+02;1.8418165e-01;1.4750000e+02;2.1283342e-01;1.4750000e+02;2.2796413e-01;1.4750000e+02;2.2810757e-01;1.4750000e+02;2.1576166e-01;1.4750000e+02;1.9042991e-01;1.4750000e+02;1.5458439e-01;1.4750000e+02;1.1415185e-01;1.4750000e+02;7.3784202e-02;1.4750000e+02;3.4595940e-02;1.4750000e+02;-5.0494093e-03;1.4750000e+02;-6.2167831e-04;1.4750000e+02;7.7125812e-03;1.4750000e+02;2.1857163e-02;1.4750000e+02;4.2225920e-02;1.4750000e+02;6.9840409e-02;1.4750000e+02;1.0367370e-01;1.4750000e+02;1.4332364e-01;1.4750000e+02;1.8418165e-01;1.4750000e+02;2.1283342e-01;1.4750000e+02;2.2796413e-01;1.4750000e+02;2.2810757e-01;1.4750000e+02;2.1576166e-01;1.4750000e+02;1.9042991e-01;1.4750000e+02;1.5458439e-01;1.4750000e+02;1.1415185e-01;1.4750000e+02;7.3784202e-02;1.4750000e+02;3.4595940e-02;1.4750000e+02;-5.0494093e-03;1.4750000e+02;-6.2167831e-04;1.4750000e+02;7.7125812e-03;1.4750000e+02;2.1857163e-02;1.4750000e+02;4.2225920e-02;1.4750000e+02;6.9840409e-02;1.4750000e+02;1.0367370e-01;1.4750000e+02;1.4332364e-01;1.4750000e+02;1.8418165e-01;1.4750000e+02;2.1283342e-01;1.4750000e+02;2.2796413e-01;1.4750000e+02;2.2810757e-01;1.4750000e+02;2.1576166e-01;1.4750000e+02;1.9042991e-01;1.4750000e+02;1.5458439e-01;1.4750000e+02;1.1415185e-01;1.4750000e+02;7.3784202e-02;1.4750000e+02;3.4595940e-02;1.4750000e+02;-5.0494093e-03;1.4750000e+02;-6.2167831e-04;1.4750000e+02;7.7125812e-03;1.4750000e+02;2.1857163e-02;1.4750000e+02;4.2225920e-02;1.4750000e+02;6.9840409e-02;1.4750000e+02;1.0367370e-01;1.4750000e+02;1.4332364e-01;1.4750000e+02;1.8418165e-01;1.4750000e+02;2.1283342e-01;1.4750000e+02;2.2796413e-01;1.4750000e+02;2.2810757e-01;1.4750000e+02;2.1576166e-01;1.4750000e+02;1.9042991e-01;1.4750000e+02;1.5458439e-01;1.4750000e+02;1.1415185e-01;1.4750000e+02;7.3784202e-02;1.4750000e+02;3.4595940e-02;1.4750000e+02;-5.0494093e-03;1.4750000e+02;-6.2167831e-04;1.4750000e+02;7.7125812e-03;1.4750000e+02;2.1857163e-02;1.4750000e+02;4.2225920e-02;1.4750000e+02;6.9840409e-02;1.4750000e+02;1.0367370e-01;1.4750000e+02;1.4332364e-01;1.4750000e+02;1.8418165e-01;1.4750000e+02;2.1283342e-01;1.4750000e+02;2.2796413e-01;1.4750000e+02;2.2810757e-01;1.4750000e+02;2.1576166e-01;1.4750000e+02;1.9042991e-01;1.4750000e+02;1.5458439e-01;1.4750000e+02;1.1415185e-01;1.4750000e+02;7.3784202e-02;1.4750000e+02;3.4595940e-02;1.4750000e+02;-5.0494093e-03;1.4750000e+02;-6.2167831e-04;1.4750000e+02;7.7125812e-03;1.4750000e+02;2.1857163e-02;1.4750000e+02;4.2225920e-02;1.4750000e+02;6.9840409e-02;1.4750000e+02;1.0367370e-01;1.4750000e+02;1.4332364e-01;1.4750000e+02;1.8418165e-01;1.4750000e+02;2.1283342e-01;1.4750000e+02;2.2796413e-01;1.4750000e+02;2.2810757e-01;1.4750000e+02;2.1576166e-01;1.4750000e+02;1.9042991e-01;1.4750000e+02;1.5458439e-01;1.4750000e+02;1.1415185e-01;1.4750000e+02;7.3784202e-02;1.4750000e+02;3.4595940e-02;1.4750000e+02;-5.0494093e-03;1.4750000e+02;-6.2167831e-04;1.4750000e+02;7.7125812e-03;1.4750000e+02;2.1857163e-02;1.4750000e+02;4.2225920e-02;1.4750000e+02;6.9840409e-02;1.4750000e+02;1.0367370e-01;1.4750000e+02;1.4332364e-01;1.4750000e+02;1.8418165e-01;1.4750000e+02;2.1283342e-01;1.4750000e+02;2.2796413e-01;1.4750000e+02;2.2810757e-01;1.4750000e+02;2.1576166e-01;1.4750000e+02;1.9042991e-01;1.4750000e+02;1.5458439e-01;1.4750000e+02;1.1415185e-01;1.4750000e+02;7.3784202e-02;1.4750000e+02;3.4595940e-02;1.4750000e+02;-5.0494093e-03;1.4750000e+02;-6.2167831e-04;1.4750000e+02;7.7125812e-03;1.4750000e+02;2.1857163e-02;1.4750000e+02;4.2225920e-02;1.4750000e+02;6.9840409e-02;1.4750000e+02;1.0367370e-01;1.4750000e+02;1.4332364e-01;1.4750000e+02;1.8418165e-01;1.4750000e+02;2.1283342e-01;1.4750000e+02;2.2796413e-01;1.4750000e+02;2.2810757e-01;1.4750000e+02;2.1576166e-01;1.4750000e+02;1.9042991e-01;1.4750000e+02;1.5458439e-01;1.4750000e+02;1.1415185e-01;1.4750000e+02;7.3784202e-02;1.4750000e+02;3.4595940e-02;1.4750000e+02;-5.0494093e-03;1.4750000e+02;-6.2167831e-04;1.4750000e+02;7.7125812e-03;1.4750000e+02;2.1857163e-02;1.4750000e+02;4.2225920e-02;1.4750000e+02;6.9840409e-02;1.4750000e+02;1.0367370e-01;1.4750000e+02;1.4332364e-01;1.4750000e+02;1.8418165e-01;1.4750000e+02;2.1283342e-01;1.4750000e+02;2.2796413e-01;1.4750000e+02;2.2810757e-01;1.4750000e+02;2.1576166e-01;1.4750000e+02;1.9042991e-01;1.4750000e+02;1.5458439e-01;1.4750000e+02;1.1415185e-01;1.4750000e+02;7.3784202e-02;1.4750000e+02;3.4595940e-02;1.4750000e+02;-5.0494093e-03;1.4750000e+02;-6.2167831e-04;1.4750000e+02;7.7125812e-03;1.4750000e+02;2.1857163e-02;1.4750000e+02;4.2225920e-02;1.4750000e+02;6.9840409e-02;1.4750000e+02;1.0367370e-01;1.4750000e+02;1.4332364e-01;1.4750000e+02;1.8418165e-01;1.4750000e+02;2.1283342e-01;1.4750000e+02;2.2796413e-01;1.4750000e+02;2.2810757e-01;1.4750000e+02;2.1576166e-01;1.4750000e+02;1.9042991e-01;1.4750000e+02;1.5458439e-01;1.4750000e+02;1.1415185e-01;1.4750000e+02;7.3784202e-02;1.4750000e+02;3.4595940e-02;1.4750000e+02;-5.0494093e-03;1.4750000e+02;-6.2167831e-04;1.4750000e+02;7.7125812e-03;1.4750000e+02;2.1857163e-02;1.4750000e+02;4.2225920e-02;1.4750000e+02;6.9840409e-02;1.4750000e+02;1.0367370e-01;1.4750000e+02;1.4332364e-01;1.4750000e+02;1.8418165e-01;1.4750000e+02;2.1283342e-01;1.4750000e+02;2.2796413e-01;1.4750000e+02;2.2810757e-01;1.4750000e+02;2.1576166e-01;1.4750000e+02;1.9042991e-01;1.4750000e+02;1.5458439e-01;1.4750000e+02;1.1415185e-01;1.4750000e+02;7.3784202e-02;1.4750000e+02;3.4595940e-02;1.4750000e+02;-5.0494093e-03;1.4750000e+02;-6.2167831e-04;1.4750000e+02;7.7125812e-03;1.4750000e+02;2.1857163e-02;1.4750000e+02;4.2225920e-02;1.4750000e+02;6.9840409e-02;1.4750000e+02;1.0367370e-01;1.4750000e+02;1.4332364e-01;1.4750000e+02;1.8418165e-01;1.4750000e+02;2.1283342e-01;1.4750000e+02;2.2796413e-01;1.4750000e+02;2.2810757e-01;1.4750000e+02;2.1576166e-01;1.4750000e+02;1.9042991e-01;1.4750000e+02;1.5458439e-01;1.4750000e+02;1.1415185e-01;1.4750000e+02;7.3784202e-02;1.4750000e+02;3.4595940e-02;1.4750000e+02;-5.0494093e-03;1.4750000e+02;-6.2167831e-04;1.4750000e+02;7.7125812e-03;1.4750000e+02;2.1857163e-02;1.4750000e+02;4.2225920e-02;1.4750000e+02;6.9840409e-02;1.4750000e+02;1.0367370e-01;1.4750000e+02;1.4332364e-01;1.4750000e+02;1.8418165e-01;1.4750000e+02;2.1283342e-01;1.4750000e+02;2.2796413e-01;1.4750000e+02;2.2810757e-01;1.4750000e+02;2.1576166e-01;1.4750000e+02;1.9042991e-01;1.4750000e+02;1.5458439e-01;1.4750000e+02;1.1415185e-01;1.4750000e+02;7.3784202e-02;1.4750000e+02;3.4595940e-02;1.4750000e+02;-5.0494093e-03;1.4750000e+02;-6.2167831e-04;1.4750000e+02;7.7125812e-03;1.4750000e+02;2.1857163e-02;1.4750000e+02;4.2225920e-02;1.4750000e+02;6.9840409e-02;1.4750000e+02;1.0367370e-01;1.4750000e+02;1.4332364e-01;1.4750000e+02;1.8418165e-01;1.4750000e+02;2.1283342e-01;1.4750000e+02;2.2796413e-01;1.4750000e+02;2.2810757e-01;1.4750000e+02;2.1576166e-01;1.4750000e+02;1.9042991e-01;1.4750000e+02;1.5458439e-01;1.4750000e+02;1.1415185e-01;1.4750000e+02;7.3784202e-02;1.4750000e+02;3.4595940e-02;1.4750000e+02;-5.0494093e-03;1.4750000e+02;-6.2167831e-04;1.4750000e+02;7.7125812e-03;1.4750000e+02;2.1857163e-02;1.4750000e+02;4.2225920e-02;1.4750000e+02;6.9840409e-02;1.4750000e+02;1.0367370e-01;1.4750000e+02;1.4332364e-01;1.4750000e+02;1.8418165e-01;1.4750000e+02;2.1283342e-01;1.4750000e+02;2.2796413e-01;1.4750000e+02;2.2810757e-01;1.4750000e+02;2.1576166e-01;1.4750000e+02;1.9042991e-01;1.4750000e+02;1.5458439e-01;1.4750000e+02;1.1415185e-01;1.4750000e+02;7.3784202e-02;1.4750000e+02;3.4595940e-02;1.4750000e+02;-5.0494093e-03;1.4750000e+02;-6.2167831e-04;1.4750000e+02;7.7125812e-03;1.4750000e+02;2.1857163e-02;1.4750000e+02;4.2225920e-02;1.4750000e+02;6.9840409e-02;1.4750000e+02;1.0367370e-01;1.4750000e+02;1.4332364e-01;1.4750000e+02;1.8418165e-01;1.4750000e+02;2.1283342e-01;1.4750000e+02;2.2796413e-01;1.4750000e+02;2.2810757e-01;1.4750000e+02;2.1576166e-01;1.4750000e+02;1.9042991e-01;1.4750000e+02;1.5458439e-01;1.4750000e+02;1.1415185e-01;1.4750000e+02;7.3784202e-02;1.4750000e+02;3.4595940e-02;1.4750000e+02;-5.0494093e-03;1.4750000e+02;-6.2167831e-04;1.4750000e+02;7.7125812e-03;1.4750000e+02;2.1857163e-02;1.4750000e+02;4.2225920e-02;1.4750000e+02;6.9840409e-02;1.4750000e+02;1.0367370e-01;1.4750000e+02;1.4332364e-01;1.4750000e+02;1.8418165e-01;1.4750000e+02;2.1283342e-01;1.4750000e+02;2.2796413e-01;1.4750000e+02;2.2810757e-01;1.4750000e+02;2.1576166e-01;1.4750000e+02;1.9042991e-01;1.4750000e+02;1.5458439e-01;1.4750000e+02;1.1415185e-01;1.4750000e+02;7.3784202e-02;1.4750000e+02;3.4595940e-02;1.4750000e+02;-5.0494093e-03;1.4750000e+02;-6.2167831e-04;1.4750000e+02;7.7125812e-03;1.4750000e+02;2.1857163e-02;1.4750000e+02;4.2225920e-02;1.4750000e+02;6.9840409e-02;1.4750000e+02;1.0367370e-01;1.4750000e+02;1.4332364e-01;1.4750000e+02;1.8418165e-01;1.4750000e+02;2.1283342e-01;1.4750000e+02;2.2796413e-01;1.4750000e+02;2.2810757e-01;1.4750000e+02;2.1576166e-01;1.4750000e+02;1.9042991e-01;1.4750000e+02;1.5458439e-01;1.4750000e+02;1.1415185e-01;1.4750000e+02;7.3784202e-02;1.4750000e+02;3.4595940e-02;1.4750000e+02;-5.0494093e-03;1.4750000e+02;-6.2167831e-04;1.4750000e+02;7.7125812e-03;1.4750000e+02;2.1857163e-02;1.4750000e+02;4.2225920e-02;1.4750000e+02;6.9840409e-02;1.4750000e+02;1.0367370e-01;1.4750000e+02;1.4332364e-01;1.4750000e+02;1.8418165e-01;1.4750000e+02;2.1283342e-01;1.4750000e+02;2.2796413e-01;1.4750000e+02;2.2810757e-01;1.4750000e+02;2.1576166e-01;1.4750000e+02;1.9042991e-01;1.4750000e+02;1.5458439e-01;1.4750000e+02;1.1415185e-01;1.4750000e+02;7.3784202e-02;1.4750000e+02;3.4595940e-02;1.4750000e+02;-5.0494093e-03;1.4750000e+02;-6.2167831e-04;1.4750000e+02;7.7125812e-03;1.4750000e+02;2.1857163e-02;1.4750000e+02;4.2225920e-02;1.4750000e+02;6.9840409e-02;1.4750000e+02;1.0367370e-01;1.4750000e+02;1.4332364e-01;1.4750000e+02;1.8418165e-01;1.4750000e+02;2.1283342e-01;1.4750000e+02;2.2796413e-01;1.4750000e+02;2.2810757e-01;1.4750000e+02;2.1576166e-01;1.4750000e+02;1.9042991e-01;1.4750000e+02;1.5458439e-01;1.4750000e+02;1.1415185e-01;1.4750000e+02;7.3784202e-02;1.4750000e+02;3.4595940e-02;1.4750000e+02;-5.0494093e-03;1.4750000e+02;-6.2167831e-04;1.4750000e+02;7.7125812e-03;1.4750000e+02;2.1857163e-02;1.4750000e+02;4.2225920e-02;1.4750000e+02;6.9840409e-02;1.4750000e+02;1.0367370e-01;1.4750000e+02;1.4332364e-01;1.4750000e+02;1.8418165e-01;1.4750000e+02;2.1283342e-01;1.4750000e+02;2.2796413e-01;1.4750000e+02;2.2810757e-01;1.4750000e+02;2.1576166e-01;1.4750000e+02;1.9042991e-01;1.4750000e+02;1.5458439e-01;1.4750000e+02;1.1415185e-01;1.4750000e+02;7.3784202e-02;1.4750000e+02;3.4595940e-02;1.4750000e+02;-5.0494093e-03;1.4750000e+02;-6.2167831e-04;1.4750000e+02;7.7125812e-03;1.4750000e+02;2.1857163e-02;1.4750000e+02;4.2225920e-02;1.4750000e+02;6.9840409e-02;1.4750000e+02;1.0367370e-01;1.4750000e+02;1.4332364e-01;1.4750000e+02;1.8418165e-01;1.4750000e+02;2.1283342e-01;1.4750000e+02;2.2796413e-01;1.4750000e+02;2.2810757e-01;1.4750000e+02;2.1576166e-01;1.4750000e+02;1.9042991e-01;1.4750000e+02;1.5458439e-01;1.4750000e+02;1.1415185e-01;1.4750000e+02;7.3784202e-02;1.4750000e+02;3.4595940e-02;1.4750000e+02;-5.0494093e-03;1.4750000e+02;-6.2167831e-04;1.4750000e+02;7.7125812e-03;1.4750000e+02;2.1857163e-02;1.4750000e+02;4.2225920e-02;1.4750000e+02;6.9840409e-02;1.4750000e+02;1.0367370e-01;1.4750000e+02;1.4332364e-01;1.4750000e+02;1.8418165e-01;1.4750000e+02;2.1283342e-01;1.4750000e+02;2.2796413e-01;1.4750000e+02;2.2810757e-01;1.4750000e+02;2.1576166e-01;1.4750000e+02;1.9042991e-01;1.4750000e+02;1.5458439e-01;1.4750000e+02;1.1415185e-01;1.4750000e+02;7.3784202e-02;1.4750000e+02;3.4595940e-02;1.4750000e+02;-5.0494093e-03;1.4750000e+02;-6.2167831e-04;1.4750000e+02;7.7125812e-03;1.4750000e+02;2.1857163e-02;1.4750000e+02;4.2225920e-02;1.4750000e+02;6.9840409e-02;1.4750000e+02;1.0367370e-01;1.4750000e+02;1.4332364e-01;1.4750000e+02;1.8418165e-01;1.4750000e+02;2.1283342e-01;1.4750000e+02;2.2796413e-01;1.4750000e+02;2.2810757e-01;1.4750000e+02;2.1576166e-01;1.4750000e+02;1.9042991e-01;1.4750000e+02;1.5458439e-01;1.4750000e+02;1.1415185e-01;1.4750000e+02;7.3784202e-02;1.4750000e+02;3.4595940e-02;1.4750000e+02;-5.0494093e-03;1.4750000e+02;-6.2167831e-04;1.4750000e+02;7.7125812e-03;1.4750000e+02;2.1857163e-02;1.4750000e+02;4.2225920e-02;1.4750000e+02;6.9840409e-02;1.4750000e+02;1.0367370e-01;1.4750000e+02;1.4332364e-01;1.4750000e+02;1.8418165e-01;1.4750000e+02;2.1283342e-01;1.4750000e+02;2.2796413e-01;1.4750000e+02;2.2810757e-01;1.4750000e+02;2.1576166e-01;1.4750000e+02;1.9042991e-01;1.4750000e+02;1.5458439e-01;1.4750000e+02;1.1415185e-01;1.4750000e+02;7.3784202e-02;1.4750000e+02;3.4595940e-02;1.4750000e+02;-5.0494093e-03;1.4750000e+02;-6.2167831e-04;1.4750000e+02;7.7125812e-03;1.4750000e+02;2.1857163e-02;1.4750000e+02;4.2225920e-02;1.4750000e+02;6.9840409e-02;1.4750000e+02;1.0367370e-01;1.4750000e+02;1.4332364e-01;1.4750000e+02;1.8418165e-01;1.4750000e+02;2.1283342e-01;1.4750000e+02;2.2796413e-01;1.4750000e+02;2.2810757e-01;1.4750000e+02;2.1576166e-01;1.4750000e+02;1.9042991e-01;1.4750000e+02;1.5458439e-01;1.4750000e+02;1.1415185e-01;1.4750000e+02;7.3784202e-02;1.4750000e+02;3.4595940e-02;1.4750000e+02;-5.0494093e-03;1.4750000e+02;-6.2167831e-04;1.4750000e+02;7.7125812e-03;1.4750000e+02;2.1857163e-02;1.4750000e+02;4.2225920e-02;1.4750000e+02;6.9840409e-02;1.4750000e+02;1.0367370e-01;1.4750000e+02;1.4332364e-01;1.4750000e+02;1.8418165e-01;1.4750000e+02;2.1283342e-01;1.4750000e+02;2.2796413e-01;1.4750000e+02;2.2810757e-01;1.4750000e+02;2.1576166e-01;1.4750000e+02;1.9042991e-01;1.4750000e+02;1.5458439e-01;1.4750000e+02;1.1415185e-01;1.4750000e+02;7.3784202e-02;1.4750000e+02;3.4595940e-02;1.4750000e+02;-5.0494093e-03;1.4750000e+02;-6.2167831e-04;1.4750000e+02;7.7125812e-03;1.4750000e+02;2.1857163e-02;1.4750000e+02;4.2225920e-02;1.4750000e+02;6.9840409e-02;1.4750000e+02;1.0367370e-01;1.4750000e+02;1.4332364e-01;1.4750000e+02;1.8418165e-01;1.4750000e+02;2.1283342e-01;1.4750000e+02;2.2796413e-01;1.4750000e+02;2.2810757e-01;1.4750000e+02;2.1576166e-01;1.4750000e+02;1.9042991e-01;1.4750000e+02;1.5458439e-01;1.4750000e+02;1.1415185e-01;1.4750000e+02;7.3784202e-02;1.4750000e+02;3.4595940e-02;1.4750000e+02;-5.0494093e-03;1.4750000e+02;-6.2167831e-04;1.4750000e+02;7.7125812e-03;1.4750000e+02;2.1857163e-02;1.4750000e+02;4.2225920e-02;1.4750000e+02;6.9840409e-02;1.4750000e+02;1.0367370e-01;1.4750000e+02;1.4332364e-01;1.4750000e+02;1.8418165e-01;1.4750000e+02;2.1283342e-01;1.4750000e+02;2.2796413e-01;1.4750000e+02;2.2810757e-01;1.4750000e+02;2.1576166e-01;1.4750000e+02;1.9042991e-01;1.4750000e+02;1.5458439e-01;1.4750000e+02;1.1415185e-01;1.4750000e+02;7.3784202e-02;1.4750000e+02;3.4595940e-02;1.4750000e+02;-5.0494093e-03;1.4750000e+02;-6.2167831e-04;1.4750000e+02;7.7125812e-03;1.4750000e+02;2.1857163e-02;1.4750000e+02;4.2225920e-02;1.4750000e+02;6.9840409e-02;1.4750000e+02;1.0367370e-01;1.4750000e+02;1.4332364e-01;1.4750000e+02;1.8418165e-01;1.4750000e+02;2.1283342e-01;1.4750000e+02;2.2796413e-01;1.4750000e+02;2.2810757e-01;1.4750000e+02;2.1576166e-01;1.4750000e+02;1.9042991e-01;1.4750000e+02;1.5458439e-01;1.4750000e+02;1.1415185e-01;1.4750000e+02;7.3784202e-02;1.4750000e+02;3.4595940e-02;1.4750000e+02;-5.0494093e-03;1.4750000e+02;-6.2167831e-04;1.4750000e+02;7.7125812e-03;1.4750000e+02;2.1857163e-02;1.4750000e+02;4.2225920e-02;1.4750000e+02;6.9840409e-02;1.4750000e+02;1.0367370e-01;1.4750000e+02;1.4332364e-01;1.4750000e+02;1.8418165e-01;1.4750000e+02;2.1283342e-01;1.4750000e+02;2.2796413e-01;1.4750000e+02;2.2810757e-01;1.4750000e+02;2.1576166e-01;1.4750000e+02;1.9042991e-01;1.4750000e+02;1.5458439e-01;1.4750000e+02;1.1415185e-01;1.4750000e+02;7.3784202e-02;1.4750000e+02;3.4595940e-02;1.4750000e+02;-5.0494093e-03;1.4750000e+02;-6.2167831e-04;1.4750000e+02;7.7125812e-03;1.4750000e+02;2.1857163e-02;1.4750000e+02;4.2225920e-02;1.4750000e+02;6.9840409e-02;1.4750000e+02;1.0367370e-01;1.4750000e+02;1.4332364e-01;1.4750000e+02;1.8418165e-01;1.4750000e+02;2.1283342e-01;1.4750000e+02;2.2796413e-01;1.4750000e+02;2.2810757e-01;1.4750000e+02;2.1576166e-01;1.4750000e+02;1.9042991e-01;1.4750000e+02;1.5458439e-01;1.4750000e+02;1.1415185e-01;1.4750000e+02;7.3784202e-02;1.4750000e+02;3.4595940e-02;1.4750000e+02;-5.0494093e-03;1.4750000e+02;-6.2167831e-04;1.4750000e+02;7.7125812e-03;1.4750000e+02;2.1857163e-02;1.4750000e+02;4.2225920e-02;1.4750000e+02;6.9840409e-02;1.4750000e+02;1.0367370e-01;1.4750000e+02;1.4332364e-01;1.4750000e+02;1.8418165e-01;1.4750000e+02;2.1283342e-01;1.4750000e+02;2.2796413e-01;1.4750000e+02;2.2810757e-01;1.4750000e+02;2.1576166e-01;1.4750000e+02;1.9042991e-01;1.4750000e+02;1.5458439e-01;1.4750000e+02;1.1415185e-01;1.4750000e+02;7.3784202e-02;1.4750000e+02;3.4595940e-02;1.4750000e+02;-5.0494093e-03;1.4750000e+02;-6.2167831e-04;1.4750000e+02;7.7125812e-03;1.4750000e+02;2.1857163e-02;1.4750000e+02;4.2225920e-02;1.4750000e+02;6.9840409e-02;1.4750000e+02;1.0367370e-01;1.4750000e+02;1.4332364e-01;1.4750000e+02;1.8418165e-01;1.4750000e+02;2.1283342e-01;1.4750000e+02;2.2796413e-01;1.4750000e+02;2.2810757e-01;1.4750000e+02;2.1576166e-01;1.4750000e+02;1.9042991e-01;1.4750000e+02;1.5458439e-01;1.4750000e+02;1.1415185e-01;1.4750000e+02;7.3784202e-02;1.4750000e+02;3.4595940e-02;1.4750000e+02;-5.0494093e-03;1.4750000e+02;-6.2167831e-04;1.4750000e+02;7.7125812e-03;1.4750000e+02;2.1857163e-02;1.4750000e+02;4.2225920e-02;1.4750000e+02;6.9840409e-02;1.4750000e+02;1.0367370e-01;1.4750000e+02;1.4332364e-01;1.4750000e+02;1.8418165e-01;1.4750000e+02;2.1283342e-01;1.4750000e+02;2.2796413e-01;1.4750000e+02;2.2810757e-01;1.4750000e+02;2.1576166e-01;1.4750000e+02;1.9042991e-01;1.4750000e+02;1.5458439e-01;1.4750000e+02;1.1415185e-01;1.4750000e+02;7.3784202e-02;1.4750000e+02;3.4595940e-02;1.4750000e+02;-5.0494093e-03;1.4750000e+02;-6.2167831e-04;1.4750000e+02;7.7125812e-03;1.4750000e+02;2.1857163e-02;1.4750000e+02;4.2225920e-02;1.4750000e+02;6.9840409e-02;1.4750000e+02;1.0367370e-01;1.4750000e+02;1.4332364e-01;1.4750000e+02;1.8418165e-01;1.4750000e+02;2.1283342e-01;1.4750000e+02;2.2796413e-01;1.4750000e+02;2.2810757e-01;1.4750000e+02;2.1576166e-01;1.4750000e+02;1.9042991e-01;1.4750000e+02;1.5458439e-01;1.4750000e+02;1.1415185e-01;1.4750000e+02;7.3784202e-02;1.4750000e+02;3.4595940e-02;1.4750000e+02;-5.0494093e-03;1.4750000e+02;-6.2167831e-04;1.4750000e+02;7.7125812e-03;1.4750000e+02;2.1857163e-02;1.4750000e+02;4.2225920e-02;1.4750000e+02;6.9840409e-02;1.4750000e+02;1.0367370e-01;1.4750000e+02;1.4332364e-01;1.4750000e+02;1.8418165e-01;1.4750000e+02;2.1283342e-01;1.4750000e+02;2.2796413e-01;1.4750000e+02;2.2810757e-01;1.4750000e+02;2.1576166e-01;1.4750000e+02;1.9042991e-01;1.4750000e+02;1.5458439e-01;1.4750000e+02;1.1415185e-01;1.4750000e+02;7.3784202e-02;1.4750000e+02;3.4595940e-02;1.4750000e+02;-5.0494093e-03;1.4750000e+02;-6.2167831e-04;1.4750000e+02;7.7125812e-03;1.4750000e+02;2.1857163e-02;1.4750000e+02;4.2225920e-02;1.4750000e+02;6.9840409e-02;1.4750000e+02;1.0367370e-01;1.4750000e+02;1.4332364e-01;1.4750000e+02;1.8418165e-01;1.4750000e+02;2.1283342e-01;1.4750000e+02;2.2796413e-01;1.4750000e+02;2.2810757e-01;1.4750000e+02;2.1576166e-01;1.4750000e+02;1.9042991e-01;1.4750000e+02;1.5458439e-01;1.4750000e+02;1.1415185e-01;1.4750000e+02;7.3784202e-02;1.4750000e+02;3.4595940e-02;1.4750000e+02;-5.0494093e-03;1.4750000e+02;-6.2167831e-04;1.4750000e+02;7.7125812e-03;1.4750000e+02;2.1857163e-02;1.4750000e+02;4.2225920e-02;1.4750000e+02;6.9840409e-02;1.4750000e+02;1.0367370e-01;1.4750000e+02;1.4332364e-01;1.4750000e+02;1.8418165e-01;1.4750000e+02;2.1283342e-01;1.4750000e+02;2.2796413e-01;1.4750000e+02;2.2810757e-01;1.4750000e+02;2.1576166e-01;1.4750000e+02;1.9042991e-01;1.4750000e+02;1.5458439e-01;1.4750000e+02;1.1415185e-01;1.4750000e+02;7.3784202e-02;1.4750000e+02;3.4595940e-02;1.4750000e+02;-5.0494093e-03;1.4750000e+02;-6.2167831e-04;1.4750000e+02;7.7125812e-03;1.4750000e+02;2.1857163e-02;1.4750000e+02;4.2225920e-02;1.4750000e+02;6.9840409e-02;1.4750000e+02;1.0367370e-01;1.4750000e+02;1.4332364e-01;1.4750000e+02;1.8418165e-01;1.4750000e+02;2.1283342e-01;1.4750000e+02;2.2796413e-01;1.4750000e+02;2.2810757e-01;1.4750000e+02;2.1576166e-01;1.4750000e+02;1.9042991e-01;1.4750000e+02;1.5458439e-01;1.4750000e+02;1.1415185e-01;1.4750000e+02;7.3784202e-02;1.4750000e+02;3.4595940e-02;1.4750000e+02;-5.0494093e-03;1.4750000e+02;-6.2167831e-04;1.4750000e+02;7.7125812e-03;1.4750000e+02;2.1857163e-02;1.4750000e+02;4.2225920e-02;1.4750000e+02;6.9840409e-02;1.4750000e+02;1.0367370e-01;1.4750000e+02;1.4332364e-01;1.4750000e+02;1.8418165e-01;1.4750000e+02;2.1283342e-01;1.4750000e+02;2.2796413e-01;1.4750000e+02;2.2810757e-01;1.4750000e+02;2.1576166e-01;1.4750000e+02;1.9042991e-01;1.4750000e+02;1.5458439e-01;1.4750000e+02;1.1415185e-01;1.4750000e+02;7.3784202e-02;1.4750000e+02;3.4595940e-02;1.4750000e+02;-5.0494093e-03;1.4750000e+02;-6.2167831e-04;1.4750000e+02;7.7125812e-03;1.4750000e+02;2.1857163e-02;1.4750000e+02;4.2225920e-02;1.4750000e+02;6.9840409e-02;1.4750000e+02;1.0367370e-01;1.4750000e+02;1.4332364e-01;1.4750000e+02;1.8418165e-01;1.4750000e+02;2.1283342e-01;1.4750000e+02;2.2796413e-01;1.4750000e+02;2.2810757e-01;1.4750000e+02;2.1576166e-01;1.4750000e+02;1.9042991e-01;1.4750000e+02;1.5458439e-01;1.4750000e+02;1.1415185e-01;1.4750000e+02;7.3784202e-02;1.4750000e+02;3.4595940e-02;1.4750000e+02;-5.0494093e-03;1.4750000e+02;-6.2167831e-04;1.4750000e+02;7.7125812e-03;1.4750000e+02;2.1857163e-02;1.4750000e+02;4.2225920e-02;1.4750000e+02;6.9840409e-02;1.4750000e+02;1.0367370e-01;1.4750000e+02;1.4332364e-01;1.4750000e+02;1.8418165e-01;1.4750000e+02;2.1283342e-01;1.4750000e+02;2.2796413e-01;1.4750000e+02;2.2810757e-01;1.4750000e+02;2.1576166e-01;1.4750000e+02;1.9042991e-01;1.4750000e+02;1.5458439e-01;1.4750000e+02;1.1415185e-01;1.4750000e+02;7.3784202e-02;1.4750000e+02;3.4595940e-02;1.4750000e+02;-5.0494093e-03;1.4750000e+02;-6.2167831e-04;1.4750000e+02;7.7125812e-03;1.4750000e+02;2.1857163e-02;1.4750000e+02;4.2225920e-02;1.4750000e+02;6.9840409e-02;1.4750000e+02;1.0367370e-01;1.4750000e+02;1.4332364e-01;1.4750000e+02;1.8418165e-01;1.4750000e+02;2.1283342e-01;1.4750000e+02;2.2796413e-01;1.4750000e+02;2.2810757e-01;1.4750000e+02;2.1576166e-01;1.4750000e+02;1.9042991e-01;1.4750000e+02;1.5458439e-01;1.4750000e+02;1.1415185e-01;1.4750000e+02;7.3784202e-02;1.4750000e+02;3.4595940e-02;1.4750000e+02;-5.0494093e-03;1.4750000e+02;-6.2167831e-04;1.4750000e+02;7.7125812e-03;1.4750000e+02;2.1857163e-02;1.4750000e+02;4.2225920e-02;1.4750000e+02;6.9840409e-02;1.4750000e+02;1.0367370e-01;1.4750000e+02;1.4332364e-01;1.4750000e+02;1.8418165e-01;1.4750000e+02;2.1283342e-01;1.4750000e+02;2.2796413e-01;1.4750000e+02;2.2810757e-01;1.4750000e+02;2.1576166e-01;1.4750000e+02;1.9042991e-01;1.4750000e+02;1.5458439e-01;1.4750000e+02;1.1415185e-01;1.4750000e+02;7.3784202e-02;1.4750000e+02;3.4595940e-02;1.4750000e+02;-5.0494093e-03;1.4750000e+02;-6.2167831e-04;1.4750000e+02;7.7125812e-03;1.4750000e+02;2.1857163e-02;1.4750000e+02;4.2225920e-02;1.4750000e+02;6.9840409e-02;1.4750000e+02;1.0367370e-01;1.4750000e+02;1.4332364e-01;1.4750000e+02;1.8418165e-01;1.4750000e+02;2.1283342e-01;1.4750000e+02;2.2796413e-01;1.4750000e+02;2.2810757e-01;1.4750000e+02;2.1576166e-01;1.4750000e+02;1.9042991e-01;1.4750000e+02;1.5458439e-01;1.4750000e+02;1.1415185e-01;1.4750000e+02;7.3784202e-02;1.4750000e+02;3.4595940e-02;1.4750000e+02;-5.0494093e-03;1.4750000e+02;-6.2167831e-04;1.4750000e+02;7.7125812e-03;1.4750000e+02;2.1857163e-02;1.4750000e+02;4.2225920e-02;1.4750000e+02;6.9840409e-02;1.4750000e+02;1.0367370e-01;1.4750000e+02;1.4332364e-01;1.4750000e+02;1.8418165e-01;1.4750000e+02;2.1283342e-01;1.4750000e+02;2.2796413e-01;1.4750000e+02;2.2810757e-01;1.4750000e+02;2.1576166e-01;1.4750000e+02;1.9042991e-01;1.4750000e+02;1.5458439e-01;1.4750000e+02;1.1415185e-01;1.4750000e+02;7.3784202e-02;1.4750000e+02;3.4595940e-02;1.4750000e+02;-5.0494093e-03;1.4750000e+02;-6.2167831e-04;1.4750000e+02;7.7125812e-03;1.4750000e+02;2.1857163e-02;1.4750000e+02;4.2225920e-02;1.4750000e+02;6.9840409e-02;1.4750000e+02;1.0367370e-01;1.4750000e+02;1.4332364e-01;1.4750000e+02;1.8418165e-01;1.4750000e+02;2.1283342e-01;1.4750000e+02;2.2796413e-01;1.4750000e+02;2.2810757e-01;1.4750000e+02;2.1576166e-01;1.4750000e+02;1.9042991e-01;1.4750000e+02;1.5458439e-01;1.4750000e+02;1.1415185e-01;1.4750000e+02;7.3784202e-02;1.4750000e+02;3.4595940e-02;1.4750000e+02;-5.0494093e-03;1.4750000e+02;-6.2167831e-04;1.4750000e+02;7.7125812e-03;1.4750000e+02;2.1857163e-02;1.4750000e+02;4.2225920e-02;1.4750000e+02;6.9840409e-02;1.4750000e+02;1.0367370e-01;1.4750000e+02;1.4332364e-01;1.4750000e+02;1.8418165e-01;1.4750000e+02;2.1283342e-01;1.4750000e+02;2.2796413e-01;1.4750000e+02;2.2810757e-01;1.4750000e+02;2.1576166e-01;1.4750000e+02;1.9042991e-01;1.4750000e+02;1.5458439e-01;1.4750000e+02;1.1415185e-01;1.4750000e+02;7.3784202e-02;1.4750000e+02;3.4595940e-02;1.4750000e+02;-5.0494093e-03;1.4750000e+02;-6.2167831e-04;1.4750000e+02;7.7125812e-03;1.4750000e+02;2.1857163e-02;1.4750000e+02;4.2225920e-02;1.4750000e+02;6.9840409e-02;1.4750000e+02;1.0367370e-01;1.4750000e+02;1.4332364e-01;1.4750000e+02;1.8418165e-01;1.4750000e+02;2.1283342e-01;1.4750000e+02;2.2796413e-01;1.4750000e+02;2.2810757e-01;1.4750000e+02;2.1576166e-01;1.4750000e+02;1.9042991e-01;1.4750000e+02;1.5458439e-01;1.4750000e+02;1.1415185e-01;1.4750000e+02;7.3784202e-02;1.4750000e+02;3.4595940e-02;1.4750000e+02;-5.0494093e-03;1.4750000e+02;-6.2167831e-04;1.4750000e+02;7.7125812e-03;1.4750000e+02;2.1857163e-02;1.4750000e+02;4.2225920e-02;1.4750000e+02;6.9840409e-02;1.4750000e+02;1.0367370e-01;1.4750000e+02;1.4332364e-01;1.4750000e+02;1.8418165e-01;1.4750000e+02;2.1283342e-01;1.4750000e+02;2.2796413e-01;1.4750000e+02;2.2810757e-01;1.4750000e+02;2.1576166e-01;1.4750000e+02;1.9042991e-01;1.4750000e+02;1.5458439e-01;1.4750000e+02;1.1415185e-01;1.4750000e+02;7.3784202e-02;1.4750000e+02;3.4595940e-02;1.4750000e+02;-5.0494093e-03;1.4750000e+02;-6.2167831e-04;1.4750000e+02;7.7125812e-03;1.4750000e+02;2.1857163e-02;1.4750000e+02;4.2225920e-02;1.4750000e+02;6.9840409e-02;1.4750000e+02;1.0367370e-01;1.4750000e+02;1.4332364e-01;1.4750000e+02;1.8418165e-01;1.4750000e+02;2.1283342e-01;1.4750000e+02;2.2796413e-01;1.4750000e+02;2.2810757e-01;1.4750000e+02;2.1576166e-01;1.4750000e+02;1.9042991e-01;1.4750000e+02;1.5458439e-01;1.4750000e+02;1.1415185e-01;1.4750000e+02;7.3784202e-02;1.4750000e+02;3.4595940e-02;1.4750000e+02;-5.0494093e-03;1.4750000e+02;-6.2167831e-04;1.4750000e+02;7.7125812e-03;1.4750000e+02;2.1857163e-02;1.4750000e+02;4.2225920e-02;1.4750000e+02;6.9840409e-02;1.4750000e+02;1.0367370e-01;1.4750000e+02;1.4332364e-01;1.4750000e+02;1.8418165e-01;1.4750000e+02;2.1283342e-01;1.4750000e+02;2.2796413e-01;1.4750000e+02;2.2810757e-01;1.4750000e+02;2.1576166e-01;1.4750000e+02;1.9042991e-01;1.4750000e+02;1.5458439e-01;1.4750000e+02;1.1415185e-01;1.4750000e+02;7.3784202e-02;1.4750000e+02;3.4595940e-02;1.4750000e+02;-5.0494093e-03;1.4750000e+02;-6.2167831e-04;1.4750000e+02;7.7125812e-03;1.4750000e+02;2.1857163e-02;1.4750000e+02;4.2225920e-02;1.4750000e+02;6.9840409e-02;1.4750000e+02;1.0367370e-01;1.4750000e+02;1.4332364e-01;1.4750000e+02;1.8418165e-01;1.4750000e+02;2.1283342e-01;1.4750000e+02;2.2796413e-01;1.4750000e+02;2.2810757e-01;1.4750000e+02;2.1576166e-01;1.4750000e+02;1.9042991e-01;1.4750000e+02;1.5458439e-01;1.4750000e+02;1.1415185e-01;1.4750000e+02;7.3784202e-02;1.4750000e+02;3.4595940e-02;1.4750000e+02;-5.0494093e-03;1.4750000e+02;-6.2167831e-04;1.4750000e+02;7.7125812e-03;1.4750000e+02;2.1857163e-02;1.4750000e+02;4.2225920e-02;1.4750000e+02;6.9840409e-02;1.4750000e+02;1.0367370e-01;1.4750000e+02;1.4332364e-01;1.4750000e+02;1.8418165e-01;1.4750000e+02;2.1283342e-01;1.4750000e+02;2.2796413e-01;1.4750000e+02;2.2810757e-01;1.4750000e+02;2.1576166e-01;1.4750000e+02;1.9042991e-01;1.4750000e+02;1.5458439e-01;1.4750000e+02;1.1415185e-01;1.4750000e+02;7.3784202e-02;1.4750000e+02;3.4595940e-02;1.4750000e+02;-5.0494093e-03;1.4750000e+02;-6.2167831e-04;1.4750000e+02;7.7125812e-03;1.4750000e+02;2.1857163e-02;1.4750000e+02;4.2225920e-02;1.4750000e+02;6.9840409e-02;1.4750000e+02;1.0367370e-01;1.4750000e+02;1.4332364e-01;1.4750000e+02;1.8418165e-01;1.4750000e+02;2.1283342e-01;1.4750000e+02;2.2796413e-01;1.4750000e+02;2.2810757e-01;1.4750000e+02;2.1576166e-01;1.4750000e+02;1.9042991e-01;1.4750000e+02;1.5458439e-01;1.4750000e+02;1.1415185e-01;1.4750000e+02;7.3784202e-02;1.4750000e+02;3.4595940e-02;1.4750000e+02;-5.0494093e-03;1.4750000e+02;-6.2167831e-04;1.4750000e+02;7.7125812e-03;1.4750000e+02;2.1857163e-02;1.4750000e+02;4.2225920e-02;1.4750000e+02;6.9840409e-02;1.4750000e+02;1.0367370e-01;1.4750000e+02;1.4332364e-01;1.4750000e+02;1.8418165e-01;1.4750000e+02;2.1283342e-01;1.4750000e+02;2.2796413e-01;1.4750000e+02;2.2810757e-01;1.4750000e+02;2.1576166e-01;1.4750000e+02;1.9042991e-01;1.4750000e+02;1.5458439e-01;1.4750000e+02;1.1415185e-01;1.4750000e+02;7.3784202e-02;1.4750000e+02;3.4595940e-02;1.4750000e+02;-5.0494093e-03;1.4750000e+02;-6.2167831e-04;1.4750000e+02;7.7125812e-03;1.4750000e+02;2.1857163e-02;1.4750000e+02;4.2225920e-02;1.4750000e+02;6.9840409e-02;1.4750000e+02;1.0367370e-01;1.4750000e+02;1.4332364e-01;1.4750000e+02;1.8418165e-01;1.4750000e+02;2.1283342e-01;1.4750000e+02;2.2796413e-01;1.4750000e+02;2.2810757e-01;1.4750000e+02;2.1576166e-01;1.4750000e+02;1.9042991e-01;1.4750000e+02;1.5458439e-01;1.4750000e+02;1.1415185e-01;1.4750000e+02;7.3784202e-02;1.4750000e+02;3.4595940e-02;1.4750000e+02;-5.0494093e-03;1.4750000e+02;-6.2167831e-04;1.4750000e+02;7.7125812e-03;1.4750000e+02;2.1857163e-02;1.4750000e+02;4.2225920e-02;1.4750000e+02;6.9840409e-02;1.4750000e+02;1.0367370e-01;1.4750000e+02;1.4332364e-01;1.4750000e+02;1.8418165e-01;1.4750000e+02;2.1283342e-01;1.4750000e+02;2.2796413e-01;1.4750000e+02;2.2810757e-01;1.4750000e+02;2.1576166e-01;1.4750000e+02;1.9042991e-01;1.4750000e+02;1.5458439e-01;1.4750000e+02;1.1415185e-01;1.4750000e+02;7.3784202e-02;1.4750000e+02;3.4595940e-02;1.4750000e+02;-5.0494093e-03;1.4750000e+02;-6.2167831e-04;1.4750000e+02;7.7125812e-03;1.4750000e+02;2.1857163e-02;1.4750000e+02;4.2225920e-02;1.4750000e+02;6.9840409e-02;1.4750000e+02;1.0367370e-01;1.4750000e+02;1.4332364e-01;1.4750000e+02;1.8418165e-01;1.4750000e+02;2.1283342e-01;1.4750000e+02;2.2796413e-01;1.4750000e+02;2.2810757e-01;1.4750000e+02;2.1576166e-01;1.4750000e+02;1.9042991e-01;1.4750000e+02;1.5458439e-01;1.4750000e+02;1.1415185e-01;1.4750000e+02;7.3784202e-02;1.4750000e+02;3.4595940e-02;1.4750000e+02;-5.0494093e-03;1.4750000e+02;-6.2167831e-04;1.4750000e+02;7.7125812e-03;1.4750000e+02;2.1857163e-02;1.4750000e+02;4.2225920e-02;1.4750000e+02;6.9840409e-02;1.4750000e+02;1.0367370e-01;1.4750000e+02;1.4332364e-01;1.4750000e+02;1.8418165e-01;1.4750000e+02;2.1283342e-01;1.4750000e+02;2.2796413e-01;1.4750000e+02;2.2810757e-01;1.4750000e+02;2.1576166e-01;1.4750000e+02;1.9042991e-01;1.4750000e+02;1.5458439e-01;1.4750000e+02;1.1415185e-01;1.4750000e+02;7.3784202e-02;1.4750000e+02;3.4595940e-02;1.4750000e+02;-5.0494093e-03;1.4750000e+02;-6.2167831e-04;1.4750000e+02;7.7125812e-03;1.4750000e+02;2.1857163e-02;1.4750000e+02;4.2225920e-02;1.4750000e+02;6.9840409e-02;1.4750000e+02;1.0367370e-01;1.4750000e+02;1.4332364e-01;1.4750000e+02;1.8418165e-01;1.4750000e+02;2.1283342e-01;1.4750000e+02;2.2796413e-01;1.4750000e+02;2.2810757e-01;1.4750000e+02;2.1576166e-01;1.4750000e+02;1.9042991e-01;1.4750000e+02;1.5458439e-01;1.4750000e+02;1.1415185e-01;1.4750000e+02;7.3784202e-02;1.4750000e+02;3.4595940e-02;1.4750000e+02;-5.0494093e-03;1.4750000e+02;-6.2167831e-04;1.4750000e+02;7.7125812e-03;1.4750000e+02;2.1857163e-02;1.4750000e+02;4.2225920e-02;1.4750000e+02;6.9840409e-02;1.4750000e+02;1.0367370e-01;1.4750000e+02;1.4332364e-01;1.4750000e+02;1.8418165e-01;1.4750000e+02;2.1283342e-01;1.4750000e+02;2.2796413e-01;1.4750000e+02;2.2810757e-01;1.4750000e+02;2.1576166e-01;1.4750000e+02;1.9042991e-01;1.4750000e+02;1.5458439e-01;1.4750000e+02;1.1415185e-01;1.4750000e+02;7.3784202e-02;1.4750000e+02;3.4595940e-02;1.4750000e+02;-5.0494093e-03;1.4750000e+02;-6.2167831e-04;1.4750000e+02;7.7125812e-03;1.4750000e+02;2.1857163e-02;1.4750000e+02;4.2225920e-02;1.4750000e+02;6.9840409e-02;1.4750000e+02;1.0367370e-01;1.4750000e+02;1.4332364e-01;1.4750000e+02;1.8418165e-01;1.4750000e+02;2.1283342e-01;1.4750000e+02;2.2796413e-01;1.4750000e+02;2.2810757e-01;1.4750000e+02;2.1576166e-01;1.4750000e+02;1.9042991e-01;1.4750000e+02;1.5458439e-01;1.4750000e+02;1.1415185e-01;1.4750000e+02;7.3784202e-02;1.4750000e+02;3.4595940e-02;1.4750000e+02;-5.0494093e-03;1.4750000e+02;-6.2167831e-04;1.4750000e+02;7.7125812e-03;1.4750000e+02;2.1857163e-02;1.4750000e+02;4.2225920e-02;1.4750000e+02;6.9840409e-02;1.4750000e+02;1.0367370e-01;1.4750000e+02;1.4332364e-01;1.4750000e+02;1.8418165e-01;1.4750000e+02;2.1283342e-01;1.4750000e+02;2.2796413e-01;1.4750000e+02;2.2810757e-01;1.4750000e+02;2.1576166e-01;1.4750000e+02;1.9042991e-01;1.4750000e+02;1.5458439e-01;1.4750000e+02;1.1415185e-01;1.4750000e+02;7.3784202e-02;1.4750000e+02;3.4595940e-02
1.5250000e+02;-5.4145092e-03;1.5250000e+02;2.2919141e-03;1.5250000e+02;1.4447076e-02;1.5250000e+02;2.8757337e-02;1.5250000e+02;4.7713794e-02;1.5250000e+02;7.1731947e-02;1.5250000e+02;1.0587236e-01;1.5250000e+02;1.4795646e-01;1.5250000e+02;1.9216093e-01;1.5250000e+02;2.2432831e-01;1.5250000e+02;2.3819759e-01;1.5250000e+02;2.3593193e-01;1.5250000e+02;2.1820508e-01;1.5250000e+02;1.8953934e-01;1.5250000e+02;1.5234840e-01;1.5250000e+02;1.1154838e-01;1.5250000e+02;7.2137482e-02;1.5250000e+02;3.3508413e-02;1.5250000e+02;-5.4145092e-03;1.5250000e+02;2.2919141e-03;1.5250000e+02;1.4447076e-02;1.5250000e+02;2.8757337e-02;1.5250000e+02;4.7713794e-02;1.5250000e+02;7.1731947e-02;1.5250000e+02;1.0587236e-01;1.5250000e+02;1.4795646e-01;1.5250000e+02;1.9216093e-01;1.5250000e+02;2.2432831e-01;1.5250000e+02;2.3819759e-01;1.5250000e+02;2.3593193e-01;1.5250000e+02;2.1820508e-01;1.5250000e+02;1.8953934e-01;1.5250000e+02;1.5234840e-01;1.5250000e+02;1.1154838e-01;1.5250000e+02;7.2137482e-02;1.5250000e+02;3.3508413e-02;1.5250000e+02;-5.4145092e-03;1.5250000e+02;2.2919141e-03;1.5250000e+02;1.4447076e-02;1.5250000e+02;2.8757337e-02;1.5250000e+02;4.7713794e-02;1.5250000e+02;7.1731947e-02;1.5250000e+02;1.0587236e-01;1.5250000e+02;1.4795646e-01;1.5250000e+02;1.9216093e-01;1.5250000e+02;2.2432831e-01;1.5250000e+02;2.3819759e-01;1.5250000e+02;2.3593193e-01;1.5250000e+02;2.1820508e-01;1.5250000e+02;1.8953934e-01;1.5250000e+02;1.5234840e-01;1.5250000e+02;1.1154838e-01;1.5250000e+02;7.2137482e-02;1.5250000e+02;3.3508413e-02;1.5250000e+02;-5.4145092e-03;1.5250000e+02;2.2919141e-03;1.5250000e+02;1.4447076e-02;1.5250000e+02;2.8757337e-02;1.5250000e+02;4.7713794e-02;1.5250000e+02;7.1731947e-02;1.5250000e+02;1.0587236e-01;1.5250000e+02;1.4795646e-01;1.5250000e+02;1.9216093e-01;1.5250000e+02;2.2432831e-01;1.5250000e+02;2.3819759e-01;1.5250000e+02;2.3593193e-01;1.5250000e+02;2.1820508e-01;1.5250000e+02;1.8953934e-01;1.5250000e+02;1.5234840e-01;1.5250000e+02;1.1154838e-01;1.5250000e+02;7.2137482e-02;1.5250000e+02;3.3508413e-02;1.5250000e+02;-5.4145092e-03;1.5250000e+02;2.2919141e-03;1.5250000e+02;1.4447076e-02;1.5250000e+02;2.8757337e-02;1.5250000e+02;4.7713794e-02;1.5250000e+02;7.1731947e-02;1.5250000e+02;1.0587236e-01;1.5250000e+02;1.4795646e-01;1.5250000e+02;1.9216093e-01;1.5250000e+02;2.2432831e-01;1.5250000e+02;2.3819759e-01;1.5250000e+02;2.3593193e-01;1.5250000e+02;2.1820508e-01;1.5250000e+02;1.8953934e-01;1.5250000e+02;1.5234840e-01;1.5250000e+02;1.1154838e-01;1.5250000e+02;7.2137482e-02;1.5250000e+02;3.3508413e-02;1.5250000e+02;-5.4145092e-03;1.5250000e+02;2.2919141e-03;1.5250000e+02;1.4447076e-02;1.5250000e+02;2.8757337e-02;1.5250000e+02;4.7713794e-02;1.5250000e+02;7.1731947e-02;1.5250000e+02;1.0587236e-01;1.5250000e+02;1.4795646e-01;1.5250000e+02;1.9216093e-01;1.5250000e+02;2.2432831e-01;1.5250000e+02;2.3819759e-01;1.5250000e+02;2.3593193e-01;1.5250000e+02;2.1820508e-01;1.5250000e+02;1.8953934e-01;1.5250000e+02;1.5234840e-01;1.5250000e+02;1.1154838e-01;1.5250000e+02;7.2137482e-02;1.5250000e+02;3.3508413e-02;1.5250000e+02;-5.4145092e-03;1.5250000e+02;2.2919141e-03;1.5250000e+02;1.4447076e-02;1.5250000e+02;2.8757337e-02;1.5250000e+02;4.7713794e-02;1.5250000e+02;7.1731947e-02;1.5250000e+02;1.0587236e-01;1.5250000e+02;1.4795646e-01;1.5250000e+02;1.9216093e-01;1.5250000e+02;2.2432831e-01;1.5250000e+02;2.3819759e-01;1.5250000e+02;2.3593193e-01;1.5250000e+02;2.1820508e-01;1.5250000e+02;1.8953934e-01;1.5250000e+02;1.5234840e-01;1.5250000e+02;1.1154838e-01;1.5250000e+02;7.2137482e-02;1.5250000e+02;3.3508413e-02;1.5250000e+02;-5.4145092e-03;1.5250000e+02;2.2919141e-03;1.5250000e+02;1.4447076e-02;1.5250000e+02;2.8757337e-02;1.5250000e+02;4.7713794e-02;1.5250000e+02;7.1731947e-02;1.5250000e+02;1.0587236e-01;1.5250000e+02;1.4795646e-01;1.5250000e+02;1.9216093e-01;1.5250000e+02;2.2432831e-01;1.5250000e+02;2.3819759e-01;1.5250000e+02;2.3593193e-01;1.5250000e+02;2.1820508e-01;1.5250000e+02;1.8953934e-01;1.5250000e+02;1.5234840e-01;1.5250000e+02;1.1154838e-01;1.5250000e+02;7.2137482e-02;1.5250000e+02;3.3508413e-02;1.5250000e+02;-5.4145092e-03;1.5250000e+02;2.2919141e-03;1.5250000e+02;1.4447076e-02;1.5250000e+02;2.8757337e-02;1.5250000e+02;4.7713794e-02;1.5250000e+02;7.1731947e-02;1.5250000e+02;1.0587236e-01;1.5250000e+02;1.4795646e-01;1.5250000e+02;1.9216093e-01;1.5250000e+02;2.2432831e-01;1.5250000e+02;2.3819759e-01;1.5250000e+02;2.3593193e-01;1.5250000e+02;2.1820508e-01;1.5250000e+02;1.8953934e-01;1.5250000e+02;1.5234840e-01;1.5250000e+02;1.1154838e-01;1.5250000e+02;7.2137482e-02;1.5250000e+02;3.3508413e-02;1.5250000e+02;-5.4145092e-03;1.5250000e+02;2.2919141e-03;1.5250000e+02;1.4447076e-02;1.5250000e+02;2.8757337e-02;1.5250000e+02;4.7713794e-02;1.5250000e+02;7.1731947e-02;1.5250000e+02;1.0587236e-01;1.5250000e+02;1.4795646e-01;1.5250000e+02;1.9216093e-01;1.5250000e+02;2.2432831e-01;1.5250000e+02;2.3819759e-01;1.5250000e+02;2.3593193e-01;1.5250000e+02;2.1820508e-01;1.5250000e+02;1.8953934e-01;1.5250000e+02;1.5234840e-01;1.5250000e+02;1.1154838e-01;1.5250000e+02;7.2137482e-02;1.5250000e+02;3.3508413e-02;1.5250000e+02;-5.4145092e-03;1.5250000e+02;2.2919141e-03;1.5250000e+02;1.4447076e-02;1.5250000e+02;2.8757337e-02;1.5250000e+02;4.7713794e-02;1.5250000e+02;7.1731947e-02;1.5250000e+02;1.0587236e-01;1.5250000e+02;1.4795646e-01;1.5250000e+02;1.9216093e-01;1.5250000e+02;2.2432831e-01;1.5250000e+02;2.3819759e-01;1.5250000e+02;2.3593193e-01;1.5250000e+02;2.1820508e-01;1.5250000e+02;1.8953934e-01;1.5250000e+02;1.5234840e-01;1.5250000e+02;1.1154838e-01;1.5250000e+02;7.2137482e-02;1.5250000e+02;3.3508413e-02;1.5250000e+02;-5.4145092e-03;1.5250000e+02;2.2919141e-03;1.5250000e+02;1.4447076e-02;1.5250000e+02;2.8757337e-02;1.5250000e+02;4.7713794e-02;1.5250000e+02;7.1731947e-02;1.5250000e+02;1.0587236e-01;1.5250000e+02;1.4795646e-01;1.5250000e+02;1.9216093e-01;1.5250000e+02;2.2432831e-01;1.5250000e+02;2.3819759e-01;1.5250000e+02;2.3593193e-01;1.5250000e+02;2.1820508e-01;1.5250000e+02;1.8953934e-01;1.5250000e+02;1.5234840e-01;1.5250000e+02;1.1154838e-01;1.5250000e+02;7.2137482e-02;1.5250000e+02;3.3508413e-02;1.5250000e+02;-5.4145092e-03;1.5250000e+02;2.2919141e-03;1.5250000e+02;1.4447076e-02;1.5250000e+02;2.8757337e-02;1.5250000e+02;4.7713794e-02;1.5250000e+02;7.1731947e-02;1.5250000e+02;1.0587236e-01;1.5250000e+02;1.4795646e-01;1.5250000e+02;1.9216093e-01;1.5250000e+02;2.2432831e-01;1.5250000e+02;2.3819759e-01;1.5250000e+02;2.3593193e-01;1.5250000e+02;2.1820508e-01;1.5250000e+02;1.8953934e-01;1.5250000e+02;1.5234840e-01;1.5250000e+02;1.1154838e-01;1.5250000e+02;7.2137482e-02;1.5250000e+02;3.3508413e-02;1.5250000e+02;-5.4145092e-03;1.5250000e+02;2.2919141e-03;1.5250000e+02;1.4447076e-02;1.5250000e+02;2.8757337e-02;1.5250000e+02;4.7713794e-02;1.5250000e+02;7.1731947e-02;1.5250000e+02;1.0587236e-01;1.5250000e+02;1.4795646e-01;1.5250000e+02;1.9216093e-01;1.5250000e+02;2.2432831e-01;1.5250000e+02;2.3819759e-01;1.5250000e+02;2.3593193e-01;1.5250000e+02;2.1820508e-01;1.5250000e+02;1.8953934e-01;1.5250000e+02;1.5234840e-01;1.5250000e+02;1.1154838e-01;1.5250000e+02;7.2137482e-02;1.5250000e+02;3.3508413e-02;1.5250000e+02;-5.4145092e-03;1.5250000e+02;2.2919141e-03;1.5250000e+02;1.4447076e-02;1.5250000e+02;2.8757337e-02;1.5250000e+02;4.7713794e-02;1.5250000e+02;7.1731947e-02;1.5250000e+02;1.0587236e-01;1.5250000e+02;1.4795646e-01;1.5250000e+02;1.9216093e-01;1.5250000e+02;2.2432831e-01;1.5250000e+02;2.3819759e-01;1.5250000e+02;2.3593193e-01;1.5250000e+02;2.1820508e-01;1.5250000e+02;1.8953934e-01;1.5250000e+02;1.5234840e-01;1.5250000e+02;1.1154838e-01;1.5250000e+02;7.2137482e-02;1.5250000e+02;3.3508413e-02;1.5250000e+02;-5.4145092e-03;1.5250000e+02;2.2919141e-03;1.5250000e+02;1.4447076e-02;1.5250000e+02;2.8757337e-02;1.5250000e+02;4.7713794e-02;1.5250000e+02;7.1731947e-02;1.5250000e+02;1.0587236e-01;1.5250000e+02;1.4795646e-01;1.5250000e+02;1.9216093e-01;1.5250000e+02;2.2432831e-01;1.5250000e+02;2.3819759e-01;1.5250000e+02;2.3593193e-01;1.5250000e+02;2.1820508e-01;1.5250000e+02;1.8953934e-01;1.5250000e+02;1.5234840e-01;1.5250000e+02;1.1154838e-01;1.5250000e+02;7.2137482e-02;1.5250000e+02;3.3508413e-02;1.5250000e+02;-5.4145092e-03;1.5250000e+02;2.2919141e-03;1.5250000e+02;1.4447076e-02;1.5250000e+02;2.8757337e-02;1.5250000e+02;4.7713794e-02;1.5250000e+02;7.1731947e-02;1.5250000e+02;1.0587236e-01;1.5250000e+02;1.4795646e-01;1.5250000e+02;1.9216093e-01;1.5250000e+02;2.2432831e-01;1.5250000e+02;2.3819759e-01;1.5250000e+02;2.3593193e-01;1.5250000e+02;2.1820508e-01;1.5250000e+02;1.8953934e-01;1.5250000e+02;1.5234840e-01;1.5250000e+02;1.1154838e-01;1.5250000e+02;7.2137482e-02;1.5250000e+02;3.3508413e-02;1.5250000e+02;-5.4145092e-03;1.5250000e+02;2.2919141e-03;1.5250000e+02;1.4447076e-02;1.5250000e+02;2.8757337e-02;1.5250000e+02;4.7713794e-02;1.5250000e+02;7.1731947e-02;1.5250000e+02;1.0587236e-01;1.5250000e+02;1.4795646e-01;1.5250000e+02;1.9216093e-01;1.5250000e+02;2.2432831e-01;1.5250000e+02;2.3819759e-01;1.5250000e+02;2.3593193e-01;1.5250000e+02;2.1820508e-01;1.5250000e+02;1.8953934e-01;1.5250000e+02;1.5234840e-01;1.5250000e+02;1.1154838e-01;1.5250000e+02;7.2137482e-02;1.5250000e+02;3.3508413e-02;1.5250000e+02;-5.4145092e-03;1.5250000e+02;2.2919141e-03;1.5250000e+02;1.4447076e-02;1.5250000e+02;2.8757337e-02;1.5250000e+02;4.7713794e-02;1.5250000e+02;7.1731947e-02;1.5250000e+02;1.0587236e-01;1.5250000e+02;1.4795646e-01;1.5250000e+02;1.9216093e-01;1.5250000e+02;2.2432831e-01;1.5250000e+02;2.3819759e-01;1.5250000e+02;2.3593193e-01;1.5250000e+02;2.1820508e-01;1.5250000e+02;1.8953934e-01;1.5250000e+02;1.5234840e-01;1.5250000e+02;1.1154838e-01;1.5250000e+02;7.2137482e-02;1.5250000e+02;3.3508413e-02;1.5250000e+02;-5.4145092e-03;1.5250000e+02;2.2919141e-03;1.5250000e+02;1.4447076e-02;1.5250000e+02;2.8757337e-02;1.5250000e+02;4.7713794e-02;1.5250000e+02;7.1731947e-02;1.5250000e+02;1.0587236e-01;1.5250000e+02;1.4795646e-01;1.5250000e+02;1.9216093e-01;1.5250000e+02;2.2432831e-01;1.5250000e+02;2.3819759e-01;1.5250000e+02;2.3593193e-01;1.5250000e+02;2.1820508e-01;1.5250000e+02;1.8953934e-01;1.5250000e+02;1.5234840e-01;1.5250000e+02;1.1154838e-01;1.5250000e+02;7.2137482e-02;1.5250000e+02;3.3508413e-02;1.5250000e+02;-5.4145092e-03;1.5250000e+02;2.2919141e-03;1.5250000e+02;1.4447076e-02;1.5250000e+02;2.8757337e-02;1.5250000e+02;4.7713794e-02;1.5250000e+02;7.1731947e-02;1.5250000e+02;1.0587236e-01;1.5250000e+02;1.4795646e-01;1.5250000e+02;1.9216093e-01;1.5250000e+02;2.2432831e-01;1.5250000e+02;2.3819759e-01;1.5250000e+02;2.3593193e-01;1.5250000e+02;2.1820508e-01;1.5250000e+02;1.8953934e-01;1.5250000e+02;1.5234840e-01;1.5250000e+02;1.1154838e-01;1.5250000e+02;7.2137482e-02;1.5250000e+02;3.3508413e-02;1.5250000e+02;-5.4145092e-03;1.5250000e+02;2.2919141e-03;1.5250000e+02;1.4447076e-02;1.5250000e+02;2.8757337e-02;1.5250000e+02;4.7713794e-02;1.5250000e+02;7.1731947e-02;1.5250000e+02;1.0587236e-01;1.5250000e+02;1.4795646e-01;1.5250000e+02;1.9216093e-01;1.5250000e+02;2.2432831e-01;1.5250000e+02;2.3819759e-01;1.5250000e+02;2.3593193e-01;1.5250000e+02;2.1820508e-01;1.5250000e+02;1.8953934e-01;1.5250000e+02;1.5234840e-01;1.5250000e+02;1.1154838e-01;1.5250000e+02;7.2137482e-02;1.5250000e+02;3.3508413e-02;1.5250000e+02;-5.4145092e-03;1.5250000e+02;2.2919141e-03;1.5250000e+02;1.4447076e-02;1.5250000e+02;2.8757337e-02;1.5250000e+02;4.7713794e-02;1.5250000e+02;7.1731947e-02;1.5250000e+02;1.0587236e-01;1.5250000e+02;1.4795646e-01;1.5250000e+02;1.9216093e-01;1.5250000e+02;2.2432831e-01;1.5250000e+02;2.3819759e-01;1.5250000e+02;2.3593193e-01;1.5250000e+02;2.1820508e-01;1.5250000e+02;1.8953934e-01;1.5250000e+02;1.5234840e-01;1.5250000e+02;1.1154838e-01;1.5250000e+02;7.2137482e-02;1.5250000e+02;3.3508413e-02;1.5250000e+02;-5.4145092e-03;1.5250000e+02;2.2919141e-03;1.5250000e+02;1.4447076e-02;1.5250000e+02;2.8757337e-02;1.5250000e+02;4.7713794e-02;1.5250000e+02;7.1731947e-02;1.5250000e+02;1.0587236e-01;1.5250000e+02;1.4795646e-01;1.5250000e+02;1.9216093e-01;1.5250000e+02;2.2432831e-01;1.5250000e+02;2.3819759e-01;1.5250000e+02;2.3593193e-01;1.5250000e+02;2.1820508e-01;1.5250000e+02;1.8953934e-01;1.5250000e+02;1.5234840e-01;1.5250000e+02;1.1154838e-01;1.5250000e+02;7.2137482e-02;1.5250000e+02;3.3508413e-02;1.5250000e+02;-5.4145092e-03;1.5250000e+02;2.2919141e-03;1.5250000e+02;1.4447076e-02;1.5250000e+02;2.8757337e-02;1.5250000e+02;4.7713794e-02;1.5250000e+02;7.1731947e-02;1.5250000e+02;1.0587236e-01;1.5250000e+02;1.4795646e-01;1.5250000e+02;1.9216093e-01;1.5250000e+02;2.2432831e-01;1.5250000e+02;2.3819759e-01;1.5250000e+02;2.3593193e-01;1.5250000e+02;2.1820508e-01;1.5250000e+02;1.8953934e-01;1.5250000e+02;1.5234840e-01;1.5250000e+02;1.1154838e-01;1.5250000e+02;7.2137482e-02;1.5250000e+02;3.3508413e-02;1.5250000e+02;-5.4145092e-03;1.5250000e+02;2.2919141e-03;1.5250000e+02;1.4447076e-02;1.5250000e+02;2.8757337e-02;1.5250000e+02;4.7713794e-02;1.5250000e+02;7.1731947e-02;1.5250000e+02;1.0587236e-01;1.5250000e+02;1.4795646e-01;1.5250000e+02;1.9216093e-01;1.5250000e+02;2.2432831e-01;1.5250000e+02;2.3819759e-01;1.5250000e+02;2.3593193e-01;1.5250000e+02;2.1820508e-01;1.5250000e+02;1.8953934e-01;1.5250000e+02;1.5234840e-01;1.5250000e+02;1.1154838e-01;1.5250000e+02;7.2137482e-02;1.5250000e+02;3.3508413e-02;1.5250000e+02;-5.4145092e-03;1.5250000e+02;2.2919141e-03;1.5250000e+02;1.4447076e-02;1.5250000e+02;2.8757337e-02;1.5250000e+02;4.7713794e-02;1.5250000e+02;7.1731947e-02;1.5250000e+02;1.0587236e-01;1.5250000e+02;1.4795646e-01;1.5250000e+02;1.9216093e-01;1.5250000e+02;2.2432831e-01;1.5250000e+02;2.3819759e-01;1.5250000e+02;2.3593193e-01;1.5250000e+02;2.1820508e-01;1.5250000e+02;1.8953934e-01;1.5250000e+02;1.5234840e-01;1.5250000e+02;1.1154838e-01;1.5250000e+02;7.2137482e-02;1.5250000e+02;3.3508413e-02;1.5250000e+02;-5.4145092e-03;1.5250000e+02;2.2919141e-03;1.5250000e+02;1.4447076e-02;1.5250000e+02;2.8757337e-02;1.5250000e+02;4.7713794e-02;1.5250000e+02;7.1731947e-02;1.5250000e+02;1.0587236e-01;1.5250000e+02;1.4795646e-01;1.5250000e+02;1.9216093e-01;1.5250000e+02;2.2432831e-01;1.5250000e+02;2.3819759e-01;1.5250000e+02;2.3593193e-01;1.5250000e+02;2.1820508e-01;1.5250000e+02;1.8953934e-01;1.5250000e+02;1.5234840e-01;1.5250000e+02;1.1154838e-01;1.5250000e+02;7.2137482e-02;1.5250000e+02;3.3508413e-02;1.5250000e+02;-5.4145092e-03;1.5250000e+02;2.2919141e-03;1.5250000e+02;1.4447076e-02;1.5250000e+02;2.8757337e-02;1.5250000e+02;4.7713794e-02;1.5250000e+02;7.1731947e-02;1.5250000e+02;1.0587236e-01;1.5250000e+02;1.4795646e-01;1.5250000e+02;1.9216093e-01;1.5250000e+02;2.2432831e-01;1.5250000e+02;2.3819759e-01;1.5250000e+02;2.3593193e-01;1.5250000e+02;2.1820508e-01;1.5250000e+02;1.8953934e-01;1.5250000e+02;1.5234840e-01;1.5250000e+02;1.1154838e-01;1.5250000e+02;7.2137482e-02;1.5250000e+02;3.3508413e-02;1.5250000e+02;-5.4145092e-03;1.5250000e+02;2.2919141e-03;1.5250000e+02;1.4447076e-02;1.5250000e+02;2.8757337e-02;1.5250000e+02;4.7713794e-02;1.5250000e+02;7.1731947e-02;1.5250000e+02;1.0587236e-01;1.5250000e+02;1.4795646e-01;1.5250000e+02;1.9216093e-01;1.5250000e+02;2.2432831e-01;1.5250000e+02;2.3819759e-01;1.5250000e+02;2.3593193e-01;1.5250000e+02;2.1820508e-01;1.5250000e+02;1.8953934e-01;1.5250000e+02;1.5234840e-01;1.5250000e+02;1.1154838e-01;1.5250000e+02;7.2137482e-02;1.5250000e+02;3.3508413e-02;1.5250000e+02;-5.4145092e-03;1.5250000e+02;2.2919141e-03;1.5250000e+02;1.4447076e-02;1.5250000e+02;2.8757337e-02;1.5250000e+02;4.7713794e-02;1.5250000e+02;7.1731947e-02;1.5250000e+02;1.0587236e-01;1.5250000e+02;1.4795646e-01;1.5250000e+02;1.9216093e-01;1.5250000e+02;2.2432831e-01;1.5250000e+02;2.3819759e-01;1.5250000e+02;2.3593193e-01;1.5250000e+02;2.1820508e-01;1.5250000e+02;1.8953934e-01;1.5250000e+02;1.5234840e-01;1.5250000e+02;1.1154838e-01;1.5250000e+02;7.2137482e-02;1.5250000e+02;3.3508413e-02;1.5250000e+02;-5.4145092e-03;1.5250000e+02;2.2919141e-03;1.5250000e+02;1.4447076e-02;1.5250000e+02;2.8757337e-02;1.5250000e+02;4.7713794e-02;1.5250000e+02;7.1731947e-02;1.5250000e+02;1.0587236e-01;1.5250000e+02;1.4795646e-01;1.5250000e+02;1.9216093e-01;1.5250000e+02;2.2432831e-01;1.5250000e+02;2.3819759e-01;1.5250000e+02;2.3593193e-01;1.5250000e+02;2.1820508e-01;1.5250000e+02;1.8953934e-01;1.5250000e+02;1.5234840e-01;1.5250000e+02;1.1154838e-01;1.5250000e+02;7.2137482e-02;1.5250000e+02;3.3508413e-02;1.5250000e+02;-5.4145092e-03;1.5250000e+02;2.2919141e-03;1.5250000e+02;1.4447076e-02;1.5250000e+02;2.8757337e-02;1.5250000e+02;4.7713794e-02;1.5250000e+02;7.1731947e-02;1.5250000e+02;1.0587236e-01;1.5250000e+02;1.4795646e-01;1.5250000e+02;1.9216093e-01;1.5250000e+02;2.2432831e-01;1.5250000e+02;2.3819759e-01;1.5250000e+02;2.3593193e-01;1.5250000e+02;2.1820508e-01;1.5250000e+02;1.8953934e-01;1.5250000e+02;1.5234840e-01;1.5250000e+02;1.1154838e-01;1.5250000e+02;7.2137482e-02;1.5250000e+02;3.3508413e-02;1.5250000e+02;-5.4145092e-03;1.5250000e+02;2.2919141e-03;1.5250000e+02;1.4447076e-02;1.5250000e+02;2.8757337e-02;1.5250000e+02;4.7713794e-02;1.5250000e+02;7.1731947e-02;1.5250000e+02;1.0587236e-01;1.5250000e+02;1.4795646e-01;1.5250000e+02;1.9216093e-01;1.5250000e+02;2.2432831e-01;1.5250000e+02;2.3819759e-01;1.5250000e+02;2.3593193e-01;1.5250000e+02;2.1820508e-01;1.5250000e+02;1.8953934e-01;1.5250000e+02;1.5234840e-01;1.5250000e+02;1.1154838e-01;1.5250000e+02;7.2137482e-02;1.5250000e+02;3.3508413e-02;1.5250000e+02;-5.4145092e-03;1.5250000e+02;2.2919141e-03;1.5250000e+02;1.4447076e-02;1.5250000e+02;2.8757337e-02;1.5250000e+02;4.7713794e-02;1.5250000e+02;7.1731947e-02;1.5250000e+02;1.0587236e-01;1.5250000e+02;1.4795646e-01;1.5250000e+02;1.9216093e-01;1.5250000e+02;2.2432831e-01;1.5250000e+02;2.3819759e-01;1.5250000e+02;2.3593193e-01;1.5250000e+02;2.1820508e-01;1.5250000e+02;1.8953934e-01;1.5250000e+02;1.5234840e-01;1.5250000e+02;1.1154838e-01;1.5250000e+02;7.2137482e-02;1.5250000e+02;3.3508413e-02;1.5250000e+02;-5.4145092e-03;1.5250000e+02;2.2919141e-03;1.5250000e+02;1.4447076e-02;1.5250000e+02;2.8757337e-02;1.5250000e+02;4.7713794e-02;1.5250000e+02;7.1731947e-02;1.5250000e+02;1.0587236e-01;1.5250000e+02;1.4795646e-01;1.5250000e+02;1.9216093e-01;1.5250000e+02;2.2432831e-01;1.5250000e+02;2.3819759e-01;1.5250000e+02;2.3593193e-01;1.5250000e+02;2.1820508e-01;1.5250000e+02;1.8953934e-01;1.5250000e+02;1.5234840e-01;1.5250000e+02;1.1154838e-01;1.5250000e+02;7.2137482e-02;1.5250000e+02;3.3508413e-02;1.5250000e+02;-5.4145092e-03;1.5250000e+02;2.2919141e-03;1.5250000e+02;1.4447076e-02;1.5250000e+02;2.8757337e-02;1.5250000e+02;4.7713794e-02;1.5250000e+02;7.1731947e-02;1.5250000e+02;1.0587236e-01;1.5250000e+02;1.4795646e-01;1.5250000e+02;1.9216093e-01;1.5250000e+02;2.2432831e-01;1.5250000e+02;2.3819759e-01;1.5250000e+02;2.3593193e-01;1.5250000e+02;2.1820508e-01;1.5250000e+02;1.8953934e-01;1.5250000e+02;1.5234840e-01;1.5250000e+02;1.1154838e-01;1.5250000e+02;7.2137482e-02;1.5250000e+02;3.3508413e-02;1.5250000e+02;-5.4145092e-03;1.5250000e+02;2.2919141e-03;1.5250000e+02;1.4447076e-02;1.5250000e+02;2.8757337e-02;1.5250000e+02;4.7713794e-02;1.5250000e+02;7.1731947e-02;1.5250000e+02;1.0587236e-01;1.5250000e+02;1.4795646e-01;1.5250000e+02;1.9216093e-01;1.5250000e+02;2.2432831e-01;1.5250000e+02;2.3819759e-01;1.5250000e+02;2.3593193e-01;1.5250000e+02;2.1820508e-01;1.5250000e+02;1.8953934e-01;1.5250000e+02;1.5234840e-01;1.5250000e+02;1.1154838e-01;1.5250000e+02;7.2137482e-02;1.5250000e+02;3.3508413e-02;1.5250000e+02;-5.4145092e-03;1.5250000e+02;2.2919141e-03;1.5250000e+02;1.4447076e-02;1.5250000e+02;2.8757337e-02;1.5250000e+02;4.7713794e-02;1.5250000e+02;7.1731947e-02;1.5250000e+02;1.0587236e-01;1.5250000e+02;1.4795646e-01;1.5250000e+02;1.9216093e-01;1.5250000e+02;2.2432831e-01;1.5250000e+02;2.3819759e-01;1.5250000e+02;2.3593193e-01;1.5250000e+02;2.1820508e-01;1.5250000e+02;1.8953934e-01;1.5250000e+02;1.5234840e-01;1.5250000e+02;1.1154838e-01;1.5250000e+02;7.2137482e-02;1.5250000e+02;3.3508413e-02;1.5250000e+02;-5.4145092e-03;1.5250000e+02;2.2919141e-03;1.5250000e+02;1.4447076e-02;1.5250000e+02;2.8757337e-02;1.5250000e+02;4.7713794e-02;1.5250000e+02;7.1731947e-02;1.5250000e+02;1.0587236e-01;1.5250000e+02;1.4795646e-01;1.5250000e+02;1.9216093e-01;1.5250000e+02;2.2432831e-01;1.5250000e+02;2.3819759e-01;1.5250000e+02;2.3593193e-01;1.5250000e+02;2.1820508e-01;1.5250000e+02;1.8953934e-01;1.5250000e+02;1.5234840e-01;1.5250000e+02;1.1154838e-01;1.5250000e+02;7.2137482e-02;1.5250000e+02;3.3508413e-02;1.5250000e+02;-5.4145092e-03;1.5250000e+02;2.2919141e-03;1.5250000e+02;1.4447076e-02;1.5250000e+02;2.8757337e-02;1.5250000e+02;4.7713794e-02;1.5250000e+02;7.1731947e-02;1.5250000e+02;1.0587236e-01;1.5250000e+02;1.4795646e-01;1.5250000e+02;1.9216093e-01;1.5250000e+02;2.2432831e-01;1.5250000e+02;2.3819759e-01;1.5250000e+02;2.3593193e-01;1.5250000e+02;2.1820508e-01;1.5250000e+02;1.8953934e-01;1.5250000e+02;1.5234840e-01;1.5250000e+02;1.1154838e-01;1.5250000e+02;7.2137482e-02;1.5250000e+02;3.3508413e-02;1.5250000e+02;-5.4145092e-03;1.5250000e+02;2.2919141e-03;1.5250000e+02;1.4447076e-02;1.5250000e+02;2.8757337e-02;1.5250000e+02;4.7713794e-02;1.5250000e+02;7.1731947e-02;1.5250000e+02;1.0587236e-01;1.5250000e+02;1.4795646e-01;1.5250000e+02;1.9216093e-01;1.5250000e+02;2.2432831e-01;1.5250000e+02;2.3819759e-01;1.5250000e+02;2.3593193e-01;1.5250000e+02;2.1820508e-01;1.5250000e+02;1.8953934e-01;1.5250000e+02;1.5234840e-01;1.5250000e+02;1.1154838e-01;1.5250000e+02;7.2137482e-02;1.5250000e+02;3.3508413e-02;1.5250000e+02;-5.4145092e-03;1.5250000e+02;2.2919141e-03;1.5250000e+02;1.4447076e-02;1.5250000e+02;2.8757337e-02;1.5250000e+02;4.7713794e-02;1.5250000e+02;7.1731947e-02;1.5250000e+02;1.0587236e-01;1.5250000e+02;1.4795646e-01;1.5250000e+02;1.9216093e-01;1.5250000e+02;2.2432831e-01;1.5250000e+02;2.3819759e-01;1.5250000e+02;2.3593193e-01;1.5250000e+02;2.1820508e-01;1.5250000e+02;1.8953934e-01;1.5250000e+02;1.5234840e-01;1.5250000e+02;1.1154838e-01;1.5250000e+02;7.2137482e-02;1.5250000e+02;3.3508413e-02;1.5250000e+02;-5.4145092e-03;1.5250000e+02;2.2919141e-03;1.5250000e+02;1.4447076e-02;1.5250000e+02;2.8757337e-02;1.5250000e+02;4.7713794e-02;1.5250000e+02;7.1731947e-02;1.5250000e+02;1.0587236e-01;1.5250000e+02;1.4795646e-01;1.5250000e+02;1.9216093e-01;1.5250000e+02;2.2432831e-01;1.5250000e+02;2.3819759e-01;1.5250000e+02;2.3593193e-01;1.5250000e+02;2.1820508e-01;1.5250000e+02;1.8953934e-01;1.5250000e+02;1.5234840e-01;1.5250000e+02;1.1154838e-01;1.5250000e+02;7.2137482e-02;1.5250000e+02;3.3508413e-02;1.5250000e+02;-5.4145092e-03;1.5250000e+02;2.2919141e-03;1.5250000e+02;1.4447076e-02;1.5250000e+02;2.8757337e-02;1.5250000e+02;4.7713794e-02;1.5250000e+02;7.1731947e-02;1.5250000e+02;1.0587236e-01;1.5250000e+02;1.4795646e-01;1.5250000e+02;1.9216093e-01;1.5250000e+02;2.2432831e-01;1.5250000e+02;2.3819759e-01;1.5250000e+02;2.3593193e-01;1.5250000e+02;2.1820508e-01;1.5250000e+02;1.8953934e-01;1.5250000e+02;1.5234840e-01;1.5250000e+02;1.1154838e-01;1.5250000e+02;7.2137482e-02;1.5250000e+02;3.3508413e-02;1.5250000e+02;-5.4145092e-03;1.5250000e+02;2.2919141e-03;1.5250000e+02;1.4447076e-02;1.5250000e+02;2.8757337e-02;1.5250000e+02;4.7713794e-02;1.5250000e+02;7.1731947e-02;1.5250000e+02;1.0587236e-01;1.5250000e+02;1.4795646e-01;1.5250000e+02;1.9216093e-01;1.5250000e+02;2.2432831e-01;1.5250000e+02;2.3819759e-01;1.5250000e+02;2.3593193e-01;1.5250000e+02;2.1820508e-01;1.5250000e+02;1.8953934e-01;1.5250000e+02;1.5234840e-01;1.5250000e+02;1.1154838e-01;1.5250000e+02;7.2137482e-02;1.5250000e+02;3.3508413e-02;1.5250000e+02;-5.4145092e-03;1.5250000e+02;2.2919141e-03;1.5250000e+02;1.4447076e-02;1.5250000e+02;2.8757337e-02;1.5250000e+02;4.7713794e-02;1.5250000e+02;7.1731947e-02;1.5250000e+02;1.0587236e-01;1.5250000e+02;1.4795646e-01;1.5250000e+02;1.9216093e-01;1.5250000e+02;2.2432831e-01;1.5250000e+02;2.3819759e-01;1.5250000e+02;2.3593193e-01;1.5250000e+02;2.1820508e-01;1.5250000e+02;1.8953934e-01;1.5250000e+02;1.5234840e-01;1.5250000e+02;1.1154838e-01;1.5250000e+02;7.2137482e-02;1.5250000e+02;3.3508413e-02;1.5250000e+02;-5.4145092e-03;1.5250000e+02;2.2919141e-03;1.5250000e+02;1.4447076e-02;1.5250000e+02;2.8757337e-02;1.5250000e+02;4.7713794e-02;1.5250000e+02;7.1731947e-02;1.5250000e+02;1.0587236e-01;1.5250000e+02;1.4795646e-01;1.5250000e+02;1.9216093e-01;1.5250000e+02;2.2432831e-01;1.5250000e+02;2.3819759e-01;1.5250000e+02;2.3593193e-01;1.5250000e+02;2.1820508e-01;1.5250000e+02;1.8953934e-01;1.5250000e+02;1.5234840e-01;1.5250000e+02;1.1154838e-01;1.5250000e+02;7.2137482e-02;1.5250000e+02;3.3508413e-02;1.5250000e+02;-5.4145092e-03;1.5250000e+02;2.2919141e-03;1.5250000e+02;1.4447076e-02;1.5250000e+02;2.8757337e-02;1.5250000e+02;4.7713794e-02;1.5250000e+02;7.1731947e-02;1.5250000e+02;1.0587236e-01;1.5250000e+02;1.4795646e-01;1.5250000e+02;1.9216093e-01;1.5250000e+02;2.2432831e-01;1.5250000e+02;2.3819759e-01;1.5250000e+02;2.3593193e-01;1.5250000e+02;2.1820508e-01;1.5250000e+02;1.8953934e-01;1.5250000e+02;1.5234840e-01;1.5250000e+02;1.1154838e-01;1.5250000e+02;7.2137482e-02;1.5250000e+02;3.3508413e-02;1.5250000e+02;-5.4145092e-03;1.5250000e+02;2.2919141e-03;1.5250000e+02;1.4447076e-02;1.5250000e+02;2.8757337e-02;1.5250000e+02;4.7713794e-02;1.5250000e+02;7.1731947e-02;1.5250000e+02;1.0587236e-01;1.5250000e+02;1.4795646e-01;1.5250000e+02;1.9216093e-01;1.5250000e+02;2.2432831e-01;1.5250000e+02;2.3819759e-01;1.5250000e+02;2.3593193e-01;1.5250000e+02;2.1820508e-01;1.5250000e+02;1.8953934e-01;1.5250000e+02;1.5234840e-01;1.5250000e+02;1.1154838e-01;1.5250000e+02;7.2137482e-02;1.5250000e+02;3.3508413e-02;1.5250000e+02;-5.4145092e-03;1.5250000e+02;2.2919141e-03;1.5250000e+02;1.4447076e-02;1.5250000e+02;2.8757337e-02;1.5250000e+02;4.7713794e-02;1.5250000e+02;7.1731947e-02;1.5250000e+02;1.0587236e-01;1.5250000e+02;1.4795646e-01;1.5250000e+02;1.9216093e-01;1.5250000e+02;2.2432831e-01;1.5250000e+02;2.3819759e-01;1.5250000e+02;2.3593193e-01;1.5250000e+02;2.1820508e-01;1.5250000e+02;1.8953934e-01;1.5250000e+02;1.5234840e-01;1.5250000e+02;1.1154838e-01;1.5250000e+02;7.2137482e-02;1.5250000e+02;3.3508413e-02;1.5250000e+02;-5.4145092e-03;1.5250000e+02;2.2919141e-03;1.5250000e+02;1.4447076e-02;1.5250000e+02;2.8757337e-02;1.5250000e+02;4.7713794e-02;1.5250000e+02;7.1731947e-02;1.5250000e+02;1.0587236e-01;1.5250000e+02;1.4795646e-01;1.5250000e+02;1.9216093e-01;1.5250000e+02;2.2432831e-01;1.5250000e+02;2.3819759e-01;1.5250000e+02;2.3593193e-01;1.5250000e+02;2.1820508e-01;1.5250000e+02;1.8953934e-01;1.5250000e+02;1.5234840e-01;1.5250000e+02;1.1154838e-01;1.5250000e+02;7.2137482e-02;1.5250000e+02;3.3508413e-02;1.5250000e+02;-5.4145092e-03;1.5250000e+02;2.2919141e-03;1.5250000e+02;1.4447076e-02;1.5250000e+02;2.8757337e-02;1.5250000e+02;4.7713794e-02;1.5250000e+02;7.1731947e-02;1.5250000e+02;1.0587236e-01;1.5250000e+02;1.4795646e-01;1.5250000e+02;1.9216093e-01;1.5250000e+02;2.2432831e-01;1.5250000e+02;2.3819759e-01;1.5250000e+02;2.3593193e-01;1.5250000e+02;2.1820508e-01;1.5250000e+02;1.8953934e-01;1.5250000e+02;1.5234840e-01;1.5250000e+02;1.1154838e-01;1.5250000e+02;7.2137482e-02;1.5250000e+02;3.3508413e-02;1.5250000e+02;-5.4145092e-03;1.5250000e+02;2.2919141e-03;1.5250000e+02;1.4447076e-02;1.5250000e+02;2.8757337e-02;1.5250000e+02;4.7713794e-02;1.5250000e+02;7.1731947e-02;1.5250000e+02;1.0587236e-01;1.5250000e+02;1.4795646e-01;1.5250000e+02;1.9216093e-01;1.5250000e+02;2.2432831e-01;1.5250000e+02;2.3819759e-01;1.5250000e+02;2.3593193e-01;1.5250000e+02;2.1820508e-01;1.5250000e+02;1.8953934e-01;1.5250000e+02;1.5234840e-01;1.5250000e+02;1.1154838e-01;1.5250000e+02;7.2137482e-02;1.5250000e+02;3.3508413e-02;1.5250000e+02;-5.4145092e-03;1.5250000e+02;2.2919141e-03;1.5250000e+02;1.4447076e-02;1.5250000e+02;2.8757337e-02;1.5250000e+02;4.7713794e-02;1.5250000e+02;7.1731947e-02;1.5250000e+02;1.0587236e-01;1.5250000e+02;1.4795646e-01;1.5250000e+02;1.9216093e-01;1.5250000e+02;2.2432831e-01;1.5250000e+02;2.3819759e-01;1.5250000e+02;2.3593193e-01;1.5250000e+02;2.1820508e-01;1.5250000e+02;1.8953934e-01;1.5250000e+02;1.5234840e-01;1.5250000e+02;1.1154838e-01;1.5250000e+02;7.2137482e-02;1.5250000e+02;3.3508413e-02;1.5250000e+02;-5.4145092e-03;1.5250000e+02;2.2919141e-03;1.5250000e+02;1.4447076e-02;1.5250000e+02;2.8757337e-02;1.5250000e+02;4.7713794e-02;1.5250000e+02;7.1731947e-02;1.5250000e+02;1.0587236e-01;1.5250000e+02;1.4795646e-01;1.5250000e+02;1.9216093e-01;1.5250000e+02;2.2432831e-01;1.5250000e+02;2.3819759e-01;1.5250000e+02;2.3593193e-01;1.5250000e+02;2.1820508e-01;1.5250000e+02;1.8953934e-01;1.5250000e+02;1.5234840e-01;1.5250000e+02;1.1154838e-01;1.5250000e+02;7.2137482e-02;1.5250000e+02;3.3508413e-02;1.5250000e+02;-5.4145092e-03;1.5250000e+02;2.2919141e-03;1.5250000e+02;1.4447076e-02;1.5250000e+02;2.8757337e-02;1.5250000e+02;4.7713794e-02;1.5250000e+02;7.1731947e-02;1.5250000e+02;1.0587236e-01;1.5250000e+02;1.4795646e-01;1.5250000e+02;1.9216093e-01;1.5250000e+02;2.2432831e-01;1.5250000e+02;2.3819759e-01;1.5250000e+02;2.3593193e-01;1.5250000e+02;2.1820508e-01;1.5250000e+02;1.8953934e-01;1.5250000e+02;1.5234840e-01;1.5250000e+02;1.1154838e-01;1.5250000e+02;7.2137482e-02;1.5250000e+02;3.3508413e-02;1.5250000e+02;-5.4145092e-03;1.5250000e+02;2.2919141e-03;1.5250000e+02;1.4447076e-02;1.5250000e+02;2.8757337e-02;1.5250000e+02;4.7713794e-02;1.5250000e+02;7.1731947e-02;1.5250000e+02;1.0587236e-01;1.5250000e+02;1.4795646e-01;1.5250000e+02;1.9216093e-01;1.5250000e+02;2.2432831e-01;1.5250000e+02;2.3819759e-01;1.5250000e+02;2.3593193e-01;1.5250000e+02;2.1820508e-01;1.5250000e+02;1.8953934e-01;1.5250000e+02;1.5234840e-01;1.5250000e+02;1.1154838e-01;1.5250000e+02;7.2137482e-02;1.5250000e+02;3.3508413e-02;1.5250000e+02;-5.4145092e-03;1.5250000e+02;2.2919141e-03;1.5250000e+02;1.4447076e-02;1.5250000e+02;2.8757337e-02;1.5250000e+02;4.7713794e-02;1.5250000e+02;7.1731947e-02;1.5250000e+02;1.0587236e-01;1.5250000e+02;1.4795646e-01;1.5250000e+02;1.9216093e-01;1.5250000e+02;2.2432831e-01;1.5250000e+02;2.3819759e-01;1.5250000e+02;2.3593193e-01;1.5250000e+02;2.1820508e-01;1.5250000e+02;1.8953934e-01;1.5250000e+02;1.5234840e-01;1.5250000e+02;1.1154838e-01;1.5250000e+02;7.2137482e-02;1.5250000e+02;3.3508413e-02;1.5250000e+02;-5.4145092e-03;1.5250000e+02;2.2919141e-03;1.5250000e+02;1.4447076e-02;1.5250000e+02;2.8757337e-02;1.5250000e+02;4.7713794e-02;1.5250000e+02;7.1731947e-02;1.5250000e+02;1.0587236e-01;1.5250000e+02;1.4795646e-01;1.5250000e+02;1.9216093e-01;1.5250000e+02;2.2432831e-01;1.5250000e+02;2.3819759e-01;1.5250000e+02;2.3593193e-01;1.5250000e+02;2.1820508e-01;1.5250000e+02;1.8953934e-01;1.5250000e+02;1.5234840e-01;1.5250000e+02;1.1154838e-01;1.5250000e+02;7.2137482e-02;1.5250000e+02;3.3508413e-02;1.5250000e+02;-5.4145092e-03;1.5250000e+02;2.2919141e-03;1.5250000e+02;1.4447076e-02;1.5250000e+02;2.8757337e-02;1.5250000e+02;4.7713794e-02;1.5250000e+02;7.1731947e-02;1.5250000e+02;1.0587236e-01;1.5250000e+02;1.4795646e-01;1.5250000e+02;1.9216093e-01;1.5250000e+02;2.2432831e-01;1.5250000e+02;2.3819759e-01;1.5250000e+02;2.3593193e-01;1.5250000e+02;2.1820508e-01;1.5250000e+02;1.8953934e-01;1.5250000e+02;1.5234840e-01;1.5250000e+02;1.1154838e-01;1.5250000e+02;7.2137482e-02;1.5250000e+02;3.3508413e-02;1.5250000e+02;-5.4145092e-03;1.5250000e+02;2.2919141e-03;1.5250000e+02;1.4447076e-02;1.5250000e+02;2.8757337e-02;1.5250000e+02;4.7713794e-02;1.5250000e+02;7.1731947e-02;1.5250000e+02;1.0587236e-01;1.5250000e+02;1.4795646e-01;1.5250000e+02;1.9216093e-01;1.5250000e+02;2.2432831e-01;1.5250000e+02;2.3819759e-01;1.5250000e+02;2.3593193e-01;1.5250000e+02;2.1820508e-01;1.5250000e+02;1.8953934e-01;1.5250000e+02;1.5234840e-01;1.5250000e+02;1.1154838e-01;1.5250000e+02;7.2137482e-02;1.5250000e+02;3.3508413e-02;1.5250000e+02;-5.4145092e-03;1.5250000e+02;2.2919141e-03;1.5250000e+02;1.4447076e-02;1.5250000e+02;2.8757337e-02;1.5250000e+02;4.7713794e-02;1.5250000e+02;7.1731947e-02;1.5250000e+02;1.0587236e-01;1.5250000e+02;1.4795646e-01;1.5250000e+02;1.9216093e-01;1.5250000e+02;2.2432831e-01;1.5250000e+02;2.3819759e-01;1.5250000e+02;2.3593193e-01;1.5250000e+02;2.1820508e-01;1.5250000e+02;1.8953934e-01;1.5250000e+02;1.5234840e-01;1.5250000e+02;1.1154838e-01;1.5250000e+02;7.2137482e-02;1.5250000e+02;3.3508413e-02;1.5250000e+02;-5.4145092e-03;1.5250000e+02;2.2919141e-03;1.5250000e+02;1.4447076e-02;1.5250000e+02;2.8757337e-02;1.5250000e+02;4.7713794e-02;1.5250000e+02;7.1731947e-02;1.5250000e+02;1.0587236e-01;1.5250000e+02;1.4795646e-01;1.5250000e+02;1.9216093e-01;1.5250000e+02;2.2432831e-01;1.5250000e+02;2.3819759e-01;1.5250000e+02;2.3593193e-01;1.5250000e+02;2.1820508e-01;1.5250000e+02;1.8953934e-01;1.5250000e+02;1.5234840e-01;1.5250000e+02;1.1154838e-01;1.5250000e+02;7.2137482e-02;1.5250000e+02;3.3508413e-02;1.5250000e+02;-5.4145092e-03;1.5250000e+02;2.2919141e-03;1.5250000e+02;1.4447076e-02;1.5250000e+02;2.8757337e-02;1.5250000e+02;4.7713794e-02;1.5250000e+02;7.1731947e-02;1.5250000e+02;1.0587236e-01;1.5250000e+02;1.4795646e-01;1.5250000e+02;1.9216093e-01;1.5250000e+02;2.2432831e-01;1.5250000e+02;2.3819759e-01;1.5250000e+02;2.3593193e-01;1.5250000e+02;2.1820508e-01;1.5250000e+02;1.8953934e-01;1.5250000e+02;1.5234840e-01;1.5250000e+02;1.1154838e-01;1.5250000e+02;7.2137482e-02;1.5250000e+02;3.3508413e-02;1.5250000e+02;-5.4145092e-03;1.5250000e+02;2.2919141e-03;1.5250000e+02;1.4447076e-02;1.5250000e+02;2.8757337e-02;1.5250000e+02;4.7713794e-02;1.5250000e+02;7.1731947e-02;1.5250000e+02;1.0587236e-01;1.5250000e+02;1.4795646e-01;1.5250000e+02;1.9216093e-01;1.5250000e+02;2.2432831e-01;1.5250000e+02;2.3819759e-01;1.5250000e+02;2.3593193e-01;1.5250000e+02;2.1820508e-01;1.5250000e+02;1.8953934e-01;1.5250000e+02;1.5234840e-01;1.5250000e+02;1.1154838e-01;1.5250000e+02;7.2137482e-02;1.5250000e+02;3.3508413e-02;1.5250000e+02;-5.4145092e-03;1.5250000e+02;2.2919141e-03;1.5250000e+02;1.4447076e-02;1.5250000e+02;2.8757337e-02;1.5250000e+02;4.7713794e-02;1.5250000e+02;7.1731947e-02;1.5250000e+02;1.0587236e-01;1.5250000e+02;1.4795646e-01;1.5250000e+02;1.9216093e-01;1.5250000e+02;2.2432831e-01;1.5250000e+02;2.3819759e-01;1.5250000e+02;2.3593193e-01;1.5250000e+02;2.1820508e-01;1.5250000e+02;1.8953934e-01;1.5250000e+02;1.5234840e-01;1.5250000e+02;1.1154838e-01;1.5250000e+02;7.2137482e-02;1.5250000e+02;3.3508413e-02;1.5250000e+02;-5.4145092e-03;1.5250000e+02;2.2919141e-03;1.5250000e+02;1.4447076e-02;1.5250000e+02;2.8757337e-02;1.5250000e+02;4.7713794e-02;1.5250000e+02;7.1731947e-02;1.5250000e+02;1.0587236e-01;1.5250000e+02;1.4795646e-01;1.5250000e+02;1.9216093e-01;1.5250000e+02;2.2432831e-01;1.5250000e+02;2.3819759e-01;1.5250000e+02;2.3593193e-01;1.5250000e+02;2.1820508e-01;1.5250000e+02;1.8953934e-01;1.5250000e+02;1.5234840e-01;1.5250000e+02;1.1154838e-01;1.5250000e+02;7.2137482e-02;1.5250000e+02;3.3508413e-02;1.5250000e+02;-5.4145092e-03;1.5250000e+02;2.2919141e-03;1.5250000e+02;1.4447076e-02;1.5250000e+02;2.8757337e-02;1.5250000e+02;4.7713794e-02;1.5250000e+02;7.1731947e-02;1.5250000e+02;1.0587236e-01;1.5250000e+02;1.4795646e-01;1.5250000e+02;1.9216093e-01;1.5250000e+02;2.2432831e-01;1.5250000e+02;2.3819759e-01;1.5250000e+02;2.3593193e-01;1.5250000e+02;2.1820508e-01;1.5250000e+02;1.8953934e-01;1.5250000e+02;1.5234840e-01;1.5250000e+02;1.1154838e-01;1.5250000e+02;7.2137482e-02;1.5250000e+02;3.3508413e-02;1.5250000e+02;-5.4145092e-03;1.5250000e+02;2.2919141e-03;1.5250000e+02;1.4447076e-02;1.5250000e+02;2.8757337e-02;1.5250000e+02;4.7713794e-02;1.5250000e+02;7.1731947e-02;1.5250000e+02;1.0587236e-01;1.5250000e+02;1.4795646e-01;1.5250000e+02;1.9216093e-01;1.5250000e+02;2.2432831e-01;1.5250000e+02;2.3819759e-01;1.5250000e+02;2.3593193e-01;1.5250000e+02;2.1820508e-01;1.5250000e+02;1.8953934e-01;1.5250000e+02;1.5234840e-01;1.5250000e+02;1.1154838e-01;1.5250000e+02;7.2137482e-02;1.5250000e+02;3.3508413e-02;1.5250000e+02;-5.4145092e-03;1.5250000e+02;2.2919141e-03;1.5250000e+02;1.4447076e-02;1.5250000e+02;2.8757337e-02;1.5250000e+02;4.7713794e-02;1.5250000e+02;7.1731947e-02;1.5250000e+02;1.0587236e-01;1.5250000e+02;1.4795646e-01;1.5250000e+02;1.9216093e-01;1.5250000e+02;2.2432831e-01;1.5250000e+02;2.3819759e-01;1.5250000e+02;2.3593193e-01;1.5250000e+02;2.1820508e-01;1.5250000e+02;1.8953934e-01;1.5250000e+02;1.5234840e-01;1.5250000e+02;1.1154838e-01;1.5250000e+02;7.2137482e-02;1.5250000e+02;3.3508413e-02;1.5250000e+02;-5.4145092e-03;1.5250000e+02;2.2919141e-03;1.5250000e+02;1.4447076e-02;1.5250000e+02;2.8757337e-02;1.5250000e+02;4.7713794e-02;1.5250000e+02;7.1731947e-02;1.5250000e+02;1.0587236e-01;1.5250000e+02;1.4795646e-01;1.5250000e+02;1.9216093e-01;1.5250000e+02;2.2432831e-01;1.5250000e+02;2.3819759e-01;1.5250000e+02;2.3593193e-01;1.5250000e+02;2.1820508e-01;1.5250000e+02;1.8953934e-01;1.5250000e+02;1.5234840e-01;1.5250000e+02;1.1154838e-01;1.5250000e+02;7.2137482e-02;1.5250000e+02;3.3508413e-02;1.5250000e+02;-5.4145092e-03;1.5250000e+02;2.2919141e-03;1.5250000e+02;1.4447076e-02;1.5250000e+02;2.8757337e-02;1.5250000e+02;4.7713794e-02;1.5250000e+02;7.1731947e-02;1.5250000e+02;1.0587236e-01;1.5250000e+02;1.4795646e-01;1.5250000e+02;1.9216093e-01;1.5250000e+02;2.2432831e-01;1.5250000e+02;2.3819759e-01;1.5250000e+02;2.3593193e-01;1.5250000e+02;2.1820508e-01;1.5250000e+02;1.8953934e-01;1.5250000e+02;1.5234840e-01;1.5250000e+02;1.1154838e-01;1.5250000e+02;7.2137482e-02;1.5250000e+02;3.3508413e-02;1.5250000e+02;-5.4145092e-03;1.5250000e+02;2.2919141e-03;1.5250000e+02;1.4447076e-02;1.5250000e+02;2.8757337e-02;1.5250000e+02;4.7713794e-02;1.5250000e+02;7.1731947e-02;1.5250000e+02;1.0587236e-01;1.5250000e+02;1.4795646e-01;1.5250000e+02;1.9216093e-01;1.5250000e+02;2.2432831e-01;1.5250000e+02;2.3819759e-01;1.5250000e+02;2.3593193e-01;1.5250000e+02;2.1820508e-01;1.5250000e+02;1.8953934e-01;1.5250000e+02;1.5234840e-01;1.5250000e+02;1.1154838e-01;1.5250000e+02;7.2137482e-02;1.5250000e+02;3.3508413e-02;1.5250000e+02;-5.4145092e-03;1.5250000e+02;2.2919141e-03;1.5250000e+02;1.4447076e-02;1.5250000e+02;2.8757337e-02;1.5250000e+02;4.7713794e-02;1.5250000e+02;7.1731947e-02;1.5250000e+02;1.0587236e-01;1.5250000e+02;1.4795646e-01;1.5250000e+02;1.9216093e-01;1.5250000e+02;2.2432831e-01;1.5250000e+02;2.3819759e-01;1.5250000e+02;2.3593193e-01;1.5250000e+02;2.1820508e-01;1.5250000e+02;1.8953934e-01;1.5250000e+02;1.5234840e-01;1.5250000e+02;1.1154838e-01;1.5250000e+02;7.2137482e-02;1.5250000e+02;3.3508413e-02;1.5250000e+02;-5.4145092e-03;1.5250000e+02;2.2919141e-03;1.5250000e+02;1.4447076e-02;1.5250000e+02;2.8757337e-02;1.5250000e+02;4.7713794e-02;1.5250000e+02;7.1731947e-02;1.5250000e+02;1.0587236e-01;1.5250000e+02;1.4795646e-01;1.5250000e+02;1.9216093e-01;1.5250000e+02;2.2432831e-01;1.5250000e+02;2.3819759e-01;1.5250000e+02;2.3593193e-01;1.5250000e+02;2.1820508e-01;1.5250000e+02;1.8953934e-01;1.5250000e+02;1.5234840e-01;1.5250000e+02;1.1154838e-01;1.5250000e+02;7.2137482e-02;1.5250000e+02;3.3508413e-02;1.5250000e+02;-5.4145092e-03;1.5250000e+02;2.2919141e-03;1.5250000e+02;1.4447076e-02;1.5250000e+02;2.8757337e-02;1.5250000e+02;4.7713794e-02;1.5250000e+02;7.1731947e-02;1.5250000e+02;1.0587236e-01;1.5250000e+02;1.4795646e-01;1.5250000e+02;1.9216093e-01;1.5250000e+02;2.2432831e-01;1.5250000e+02;2.3819759e-01;1.5250000e+02;2.3593193e-01;1.5250000e+02;2.1820508e-01;1.5250000e+02;1.8953934e-01;1.5250000e+02;1.5234840e-01;1.5250000e+02;1.1154838e-01;1.5250000e+02;7.2137482e-02;1.5250000e+02;3.3508413e-02;1.5250000e+02;-5.4145092e-03;1.5250000e+02;2.2919141e-03;1.5250000e+02;1.4447076e-02;1.5250000e+02;2.8757337e-02;1.5250000e+02;4.7713794e-02;1.5250000e+02;7.1731947e-02;1.5250000e+02;1.0587236e-01;1.5250000e+02;1.4795646e-01;1.5250000e+02;1.9216093e-01;1.5250000e+02;2.2432831e-01;1.5250000e+02;2.3819759e-01;1.5250000e+02;2.3593193e-01;1.5250000e+02;2.1820508e-01;1.5250000e+02;1.8953934e-01;1.5250000e+02;1.5234840e-01;1.5250000e+02;1.1154838e-01;1.5250000e+02;7.2137482e-02;1.5250000e+02;3.3508413e-02;1.5250000e+02;-5.4145092e-03;1.5250000e+02;2.2919141e-03;1.5250000e+02;1.4447076e-02;1.5250000e+02;2.8757337e-02;1.5250000e+02;4.7713794e-02;1.5250000e+02;7.1731947e-02;1.5250000e+02;1.0587236e-01;1.5250000e+02;1.4795646e-01;1.5250000e+02;1.9216093e-01;1.5250000e+02;2.2432831e-01;1.5250000e+02;2.3819759e-01;1.5250000e+02;2.3593193e-01;1.5250000e+02;2.1820508e-01;1.5250000e+02;1.8953934e-01;1.5250000e+02;1.5234840e-01;1.5250000e+02;1.1154838e-01;1.5250000e+02;7.2137482e-02;1.5250000e+02;3.3508413e-02;1.5250000e+02;-5.4145092e-03;1.5250000e+02;2.2919141e-03;1.5250000e+02;1.4447076e-02;1.5250000e+02;2.8757337e-02;1.5250000e+02;4.7713794e-02;1.5250000e+02;7.1731947e-02;1.5250000e+02;1.0587236e-01;1.5250000e+02;1.4795646e-01;1.5250000e+02;1.9216093e-01;1.5250000e+02;2.2432831e-01;1.5250000e+02;2.3819759e-01;1.5250000e+02;2.3593193e-01;1.5250000e+02;2.1820508e-01;1.5250000e+02;1.8953934e-01;1.5250000e+02;1.5234840e-01;1.5250000e+02;1.1154838e-01;1.5250000e+02;7.2137482e-02;1.5250000e+02;3.3508413e-02;1.5250000e+02;-5.4145092e-03;1.5250000e+02;2.2919141e-03;1.5250000e+02;1.4447076e-02;1.5250000e+02;2.8757337e-02;1.5250000e+02;4.7713794e-02;1.5250000e+02;7.1731947e-02;1.5250000e+02;1.0587236e-01;1.5250000e+02;1.4795646e-01;1.5250000e+02;1.9216093e-01;1.5250000e+02;2.2432831e-01;1.5250000e+02;2.3819759e-01;1.5250000e+02;2.3593193e-01;1.5250000e+02;2.1820508e-01;1.5250000e+02;1.8953934e-01;1.5250000e+02;1.5234840e-01;1.5250000e+02;1.1154838e-01;1.5250000e+02;7.2137482e-02;1.5250000e+02;3.3508413e-02;1.5250000e+02;-5.4145092e-03;1.5250000e+02;2.2919141e-03;1.5250000e+02;1.4447076e-02;1.5250000e+02;2.8757337e-02;1.5250000e+02;4.7713794e-02;1.5250000e+02;7.1731947e-02;1.5250000e+02;1.0587236e-01;1.5250000e+02;1.4795646e-01;1.5250000e+02;1.9216093e-01;1.5250000e+02;2.2432831e-01;1.5250000e+02;2.3819759e-01;1.5250000e+02;2.3593193e-01;1.5250000e+02;2.1820508e-01;1.5250000e+02;1.8953934e-01;1.5250000e+02;1.5234840e-01;1.5250000e+02;1.1154838e-01;1.5250000e+02;7.2137482e-02;1.5250000e+02;3.3508413e-02;1.5250000e+02;-5.4145092e-03;1.5250000e+02;2.2919141e-03;1.5250000e+02;1.4447076e-02;1.5250000e+02;2.8757337e-02;1.5250000e+02;4.7713794e-02;1.5250000e+02;7.1731947e-02;1.5250000e+02;1.0587236e-01;1.5250000e+02;1.4795646e-01;1.5250000e+02;1.9216093e-01;1.5250000e+02;2.2432831e-01;1.5250000e+02;2.3819759e-01;1.5250000e+02;2.3593193e-01;1.5250000e+02;2.1820508e-01;1.5250000e+02;1.8953934e-01;1.5250000e+02;1.5234840e-01;1.5250000e+02;1.1154838e-01;1.5250000e+02;7.2137482e-02;1.5250000e+02;3.3508413e-02;1.5250000e+02;-5.4145092e-03;1.5250000e+02;2.2919141e-03;1.5250000e+02;1.4447076e-02;1.5250000e+02;2.8757337e-02;1.5250000e+02;4.7713794e-02;1.5250000e+02;7.1731947e-02;1.5250000e+02;1.0587236e-01;1.5250000e+02;1.4795646e-01;1.5250000e+02;1.9216093e-01;1.5250000e+02;2.2432831e-01;1.5250000e+02;2.3819759e-01;1.5250000e+02;2.3593193e-01;1.5250000e+02;2.1820508e-01;1.5250000e+02;1.8953934e-01;1.5250000e+02;1.5234840e-01;1.5250000e+02;1.1154838e-01;1.5250000e+02;7.2137482e-02;1.5250000e+02;3.3508413e-02;1.5250000e+02;-5.4145092e-03;1.5250000e+02;2.2919141e-03;1.5250000e+02;1.4447076e-02;1.5250000e+02;2.8757337e-02;1.5250000e+02;4.7713794e-02;1.5250000e+02;7.1731947e-02;1.5250000e+02;1.0587236e-01;1.5250000e+02;1.4795646e-01;1.5250000e+02;1.9216093e-01;1.5250000e+02;2.2432831e-01;1.5250000e+02;2.3819759e-01;1.5250000e+02;2.3593193e-01;1.5250000e+02;2.1820508e-01;1.5250000e+02;1.8953934e-01;1.5250000e+02;1.5234840e-01;1.5250000e+02;1.1154838e-01;1.5250000e+02;7.2137482e-02;1.5250000e+02;3.3508413e-02;1.5250000e+02;-5.4145092e-03;1.5250000e+02;2.2919141e-03;1.5250000e+02;1.4447076e-02;1.5250000e+02;2.8757337e-02;1.5250000e+02;4.7713794e-02;1.5250000e+02;7.1731947e-02;1.5250000e+02;1.0587236e-01;1.5250000e+02;1.4795646e-01;1.5250000e+02;1.9216093e-01;1.5250000e+02;2.2432831e-01;1.5250000e+02;2.3819759e-01;1.5250000e+02;2.3593193e-01;1.5250000e+02;2.1820508e-01;1.5250000e+02;1.8953934e-01;1.5250000e+02;1.5234840e-01;1.5250000e+02;1.1154838e-01;1.5250000e+02;7.2137482e-02;1.5250000e+02;3.3508413e-02;1.5250000e+02;-5.4145092e-03;1.5250000e+02;2.2919141e-03;1.5250000e+02;1.4447076e-02;1.5250000e+02;2.8757337e-02;1.5250000e+02;4.7713794e-02;1.5250000e+02;7.1731947e-02;1.5250000e+02;1.0587236e-01;1.5250000e+02;1.4795646e-01;1.5250000e+02;1.9216093e-01;1.5250000e+02;2.2432831e-01;1.5250000e+02;2.3819759e-01;1.5250000e+02;2.3593193e-01;1.5250000e+02;2.1820508e-01;1.5250000e+02;1.8953934e-01;1.5250000e+02;1.5234840e-01;1.5250000e+02;1.1154838e-01;1.5250000e+02;7.2137482e-02;1.5250000e+02;3.3508413e-02;1.5250000e+02;-5.4145092e-03;1.5250000e+02;2.2919141e-03;1.5250000e+02;1.4447076e-02;1.5250000e+02;2.8757337e-02;1.5250000e+02;4.7713794e-02;1.5250000e+02;7.1731947e-02;1.5250000e+02;1.0587236e-01;1.5250000e+02;1.4795646e-01;1.5250000e+02;1.9216093e-01;1.5250000e+02;2.2432831e-01;1.5250000e+02;2.3819759e-01;1.5250000e+02;2.3593193e-01;1.5250000e+02;2.1820508e-01;1.5250000e+02;1.8953934e-01;1.5250000e+02;1.5234840e-01;1.5250000e+02;1.1154838e-01;1.5250000e+02;7.2137482e-02;1.5250000e+02;3.3508413e-02;1.5250000e+02;-5.4145092e-03;1.5250000e+02;2.2919141e-03;1.5250000e+02;1.4447076e-02;1.5250000e+02;2.8757337e-02;1.5250000e+02;4.7713794e-02;1.5250000e+02;7.1731947e-02;1.5250000e+02;1.0587236e-01;1.5250000e+02;1.4795646e-01;1.5250000e+02;1.9216093e-01;1.5250000e+02;2.2432831e-01;1.5250000e+02;2.3819759e-01;1.5250000e+02;2.3593193e-01;1.5250000e+02;2.1820508e-01;1.5250000e+02;1.8953934e-01;1.5250000e+02;1.5234840e-01;1.5250000e+02;1.1154838e-01;1.5250000e+02;7.2137482e-02;1.5250000e+02;3.3508413e-02;1.5250000e+02;-5.4145092e-03;1.5250000e+02;2.2919141e-03;1.5250000e+02;1.4447076e-02;1.5250000e+02;2.8757337e-02;1.5250000e+02;4.7713794e-02;1.5250000e+02;7.1731947e-02;1.5250000e+02;1.0587236e-01;1.5250000e+02;1.4795646e-01;1.5250000e+02;1.9216093e-01;1.5250000e+02;2.2432831e-01;1.5250000e+02;2.3819759e-01;1.5250000e+02;2.3593193e-01;1.5250000e+02;2.1820508e-01;1.5250000e+02;1.8953934e-01;1.5250000e+02;1.5234840e-01;1.5250000e+02;1.1154838e-01;1.5250000e+02;7.2137482e-02;1.5250000e+02;3.3508413e-02;1.5250000e+02;-5.4145092e-03;1.5250000e+02;2.2919141e-03;1.5250000e+02;1.4447076e-02;1.5250000e+02;2.8757337e-02;1.5250000e+02;4.7713794e-02;1.5250000e+02;7.1731947e-02;1.5250000e+02;1.0587236e-01;1.5250000e+02;1.4795646e-01;1.5250000e+02;1.9216093e-01;1.5250000e+02;2.2432831e-01;1.5250000e+02;2.3819759e-01;1.5250000e+02;2.3593193e-01;1.5250000e+02;2.1820508e-01;1.5250000e+02;1.8953934e-01;1.5250000e+02;1.5234840e-01;1.5250000e+02;1.1154838e-01;1.5250000e+02;7.2137482e-02;1.5250000e+02;3.3508413e-02;1.5250000e+02;-5.4145092e-03;1.5250000e+02;2.2919141e-03;1.5250000e+02;1.4447076e-02;1.5250000e+02;2.8757337e-02;1.5250000e+02;4.7713794e-02;1.5250000e+02;7.1731947e-02;1.5250000e+02;1.0587236e-01;1.5250000e+02;1.4795646e-01;1.5250000e+02;1.9216093e-01;1.5250000e+02;2.2432831e-01;1.5250000e+02;2.3819759e-01;1.5250000e+02;2.3593193e-01;1.5250000e+02;2.1820508e-01;1.5250000e+02;1.8953934e-01;1.5250000e+02;1.5234840e-01;1.5250000e+02;1.1154838e-01;1.5250000e+02;7.2137482e-02;1.5250000e+02;3.3508413e-02;1.5250000e+02;-5.4145092e-03;1.5250000e+02;2.2919141e-03;1.5250000e+02;1.4447076e-02;1.5250000e+02;2.8757337e-02;1.5250000e+02;4.7713794e-02;1.5250000e+02;7.1731947e-02;1.5250000e+02;1.0587236e-01;1.5250000e+02;1.4795646e-01;1.5250000e+02;1.9216093e-01;1.5250000e+02;2.2432831e-01;1.5250000e+02;2.3819759e-01;1.5250000e+02;2.3593193e-01;1.5250000e+02;2.1820508e-01;1.5250000e+02;1.8953934e-01;1.5250000e+02;1.5234840e-01;1.5250000e+02;1.1154838e-01;1.5250000e+02;7.2137482e-02;1.5250000e+02;3.3508413e-02;1.5250000e+02;-5.4145092e-03;1.5250000e+02;2.2919141e-03;1.5250000e+02;1.4447076e-02;1.5250000e+02;2.8757337e-02;1.5250000e+02;4.7713794e-02;1.5250000e+02;7.1731947e-02;1.5250000e+02;1.0587236e-01;1.5250000e+02;1.4795646e-01;1.5250000e+02;1.9216093e-01;1.5250000e+02;2.2432831e-01;1.5250000e+02;2.3819759e-01;1.5250000e+02;2.3593193e-01;1.5250000e+02;2.1820508e-01;1.5250000e+02;1.8953934e-01;1.5250000e+02;1.5234840e-01;1.5250000e+02;1.1154838e-01;1.5250000e+02;7.2137482e-02;1.5250000e+02;3.3508413e-02;1.5250000e+02;-5.4145092e-03;1.5250000e+02;2.2919141e-03;1.5250000e+02;1.4447076e-02;1.5250000e+02;2.8757337e-02;1.5250000e+02;4.7713794e-02;1.5250000e+02;7.1731947e-02;1.5250000e+02;1.0587236e-01;1.5250000e+02;1.4795646e-01;1.5250000e+02;1.9216093e-01;1.5250000e+02;2.2432831e-01;1.5250000e+02;2.3819759e-01;1.5250000e+02;2.3593193e-01;1.5250000e+02;2.1820508e-01;1.5250000e+02;1.8953934e-01;1.5250000e+02;1.5234840e-01;1.5250000e+02;1.1154838e-01;1.5250000e+02;7.2137482e-02;1.5250000e+02;3.3508413e-02;1.5250000e+02;-5.4145092e-03;1.5250000e+02;2.2919141e-03;1.5250000e+02;1.4447076e-02;1.5250000e+02;2.8757337e-02;1.5250000e+02;4.7713794e-02;1.5250000e+02;7.1731947e-02;1.5250000e+02;1.0587236e-01;1.5250000e+02;1.4795646e-01;1.5250000e+02;1.9216093e-01;1.5250000e+02;2.2432831e-01;1.5250000e+02;2.3819759e-01;1.5250000e+02;2.3593193e-01;1.5250000e+02;2.1820508e-01;1.5250000e+02;1.8953934e-01;1.5250000e+02;1.5234840e-01;1.5250000e+02;1.1154838e-01;1.5250000e+02;7.2137482e-02;1.5250000e+02;3.3508413e-02;1.5250000e+02;-5.4145092e-03;1.5250000e+02;2.2919141e-03;1.5250000e+02;1.4447076e-02;1.5250000e+02;2.8757337e-02;1.5250000e+02;4.7713794e-02;1.5250000e+02;7.1731947e-02;1.5250000e+02;1.0587236e-01;1.5250000e+02;1.4795646e-01;1.5250000e+02;1.9216093e-01;1.5250000e+02;2.2432831e-01;1.5250000e+02;2.3819759e-01;1.5250000e+02;2.3593193e-01;1.5250000e+02;2.1820508e-01;1.5250000e+02;1.8953934e-01;1.5250000e+02;1.5234840e-01;1.5250000e+02;1.1154838e-01;1.5250000e+02;7.2137482e-02;1.5250000e+02;3.3508413e-02;1.5250000e+02;-5.4145092e-03;1.5250000e+02;2.2919141e-03;1.5250000e+02;1.4447076e-02;1.5250000e+02;2.8757337e-02;1.5250000e+02;4.7713794e-02;1.5250000e+02;7.1731947e-02;1.5250000e+02;1.0587236e-01;1.5250000e+02;1.4795646e-01;1.5250000e+02;1.9216093e-01;1.5250000e+02;2.2432831e-01;1.5250000e+02;2.3819759e-01;1.5250000e+02;2.3593193e-01;1.5250000e+02;2.1820508e-01;1.5250000e+02;1.8953934e-01;1.5250000e+02;1.5234840e-01;1.5250000e+02;1.1154838e-01;1.5250000e+02;7.2137482e-02;1.5250000e+02;3.3508413e-02;1.5250000e+02;-5.4145092e-03;1.5250000e+02;2.2919141e-03;1.5250000e+02;1.4447076e-02;1.5250000e+02;2.8757337e-02;1.5250000e+02;4.7713794e-02;1.5250000e+02;7.1731947e-02;1.5250000e+02;1.0587236e-01;1.5250000e+02;1.4795646e-01;1.5250000e+02;1.9216093e-01;1.5250000e+02;2.2432831e-01;1.5250000e+02;2.3819759e-01;1.5250000e+02;2.3593193e-01;1.5250000e+02;2.1820508e-01;1.5250000e+02;1.8953934e-01;1.5250000e+02;1.5234840e-01;1.5250000e+02;1.1154838e-01;1.5250000e+02;7.2137482e-02;1.5250000e+02;3.3508413e-02;1.5250000e+02;-5.4145092e-03;1.5250000e+02;2.2919141e-03;1.5250000e+02;1.4447076e-02;1.5250000e+02;2.8757337e-02;1.5250000e+02;4.7713794e-02;1.5250000e+02;7.1731947e-02;1.5250000e+02;1.0587236e-01;1.5250000e+02;1.4795646e-01;1.5250000e+02;1.9216093e-01;1.5250000e+02;2.2432831e-01;1.5250000e+02;2.3819759e-01;1.5250000e+02;2.3593193e-01;1.5250000e+02;2.1820508e-01;1.5250000e+02;1.8953934e-01;1.5250000e+02;1.5234840e-01;1.5250000e+02;1.1154838e-01;1.5250000e+02;7.2137482e-02;1.5250000e+02;3.3508413e-02;1.5250000e+02;-5.4145092e-03;1.5250000e+02;2.2919141e-03;1.5250000e+02;1.4447076e-02;1.5250000e+02;2.8757337e-02;1.5250000e+02;4.7713794e-02;1.5250000e+02;7.1731947e-02;1.5250000e+02;1.0587236e-01;1.5250000e+02;1.4795646e-01;1.5250000e+02;1.9216093e-01;1.5250000e+02;2.2432831e-01;1.5250000e+02;2.3819759e-01;1.5250000e+02;2.3593193e-01;1.5250000e+02;2.1820508e-01;1.5250000e+02;1.8953934e-01;1.5250000e+02;1.5234840e-01;1.5250000e+02;1.1154838e-01;1.5250000e+02;7.2137482e-02;1.5250000e+02;3.3508413e-02;1.5250000e+02;-5.4145092e-03;1.5250000e+02;2.2919141e-03;1.5250000e+02;1.4447076e-02;1.5250000e+02;2.8757337e-02;1.5250000e+02;4.7713794e-02;1.5250000e+02;7.1731947e-02;1.5250000e+02;1.0587236e-01;1.5250000e+02;1.4795646e-01;1.5250000e+02;1.9216093e-01;1.5250000e+02;2.2432831e-01;1.5250000e+02;2.3819759e-01;1.5250000e+02;2.3593193e-01;1.5250000e+02;2.1820508e-01;1.5250000e+02;1.8953934e-01;1.5250000e+02;1.5234840e-01;1.5250000e+02;1.1154838e-01;1.5250000e+02;7.2137482e-02;1.5250000e+02;3.3508413e-02;1.5250000e+02;-5.4145092e-03;1.5250000e+02;2.2919141e-03;1.5250000e+02;1.4447076e-02;1.5250000e+02;2.8757337e-02;1.5250000e+02;4.7713794e-02;1.5250000e+02;7.1731947e-02;1.5250000e+02;1.0587236e-01;1.5250000e+02;1.4795646e-01;1.5250000e+02;1.9216093e-01;1.5250000e+02;2.2432831e-01;1.5250000e+02;2.3819759e-01;1.5250000e+02;2.3593193e-01;1.5250000e+02;2.1820508e-01;1.5250000e+02;1.8953934e-01;1.5250000e+02;1.5234840e-01;1.5250000e+02;1.1154838e-01;1.5250000e+02;7.2137482e-02;1.5250000e+02;3.3508413e-02;1.5250000e+02;-5.4145092e-03;1.5250000e+02;2.2919141e-03;1.5250000e+02;1.4447076e-02;1.5250000e+02;2.8757337e-02;1.5250000e+02;4.7713794e-02;1.5250000e+02;7.1731947e-02;1.5250000e+02;1.0587236e-01;1.5250000e+02;1.4795646e-01;1.5250000e+02;1.9216093e-01;1.5250000e+02;2.2432831e-01;1.5250000e+02;2.3819759e-01;1.5250000e+02;2.3593193e-01;1.5250000e+02;2.1820508e-01;1.5250000e+02;1.8953934e-01;1.5250000e+02;1.5234840e-01;1.5250000e+02;1.1154838e-01;1.5250000e+02;7.2137482e-02;1.5250000e+02;3.3508413e-02;1.5250000e+02;-5.4145092e-03;1.5250000e+02;2.2919141e-03;1.5250000e+02;1.4447076e-02;1.5250000e+02;2.8757337e-02;1.5250000e+02;4.7713794e-02;1.5250000e+02;7.1731947e-02;1.5250000e+02;1.0587236e-01;1.5250000e+02;1.4795646e-01;1.5250000e+02;1.9216093e-01;1.5250000e+02;2.2432831e-01;1.5250000e+02;2.3819759e-01;1.5250000e+02;2.3593193e-01;1.5250000e+02;2.1820508e-01;1.5250000e+02;1.8953934e-01;1.5250000e+02;1.5234840e-01;1.5250000e+02;1.1154838e-01;1.5250000e+02;7.2137482e-02;1.5250000e+02;3.3508413e-02;1.5250000e+02;-5.4145092e-03;1.5250000e+02;2.2919141e-03;1.5250000e+02;1.4447076e-02;1.5250000e+02;2.8757337e-02;1.5250000e+02;4.7713794e-02;1.5250000e+02;7.1731947e-02;1.5250000e+02;1.0587236e-01;1.5250000e+02;1.4795646e-01;1.5250000e+02;1.9216093e-01;1.5250000e+02;2.2432831e-01;1.5250000e+02;2.3819759e-01;1.5250000e+02;2.3593193e-01;1.5250000e+02;2.1820508e-01;1.5250000e+02;1.8953934e-01;1.5250000e+02;1.5234840e-01;1.5250000e+02;1.1154838e-01;1.5250000e+02;7.2137482e-02;1.5250000e+02;3.3508413e-02;1.5250000e+02;-5.4145092e-03;1.5250000e+02;2.2919141e-03;1.5250000e+02;1.4447076e-02;1.5250000e+02;2.8757337e-02;1.5250000e+02;4.7713794e-02;1.5250000e+02;7.1731947e-02;1.5250000e+02;1.0587236e-01;1.5250000e+02;1.4795646e-01;1.5250000e+02;1.9216093e-01;1.5250000e+02;2.2432831e-01;1.5250000e+02;2.3819759e-01;1.5250000e+02;2.3593193e-01;1.5250000e+02;2.1820508e-01;1.5250000e+02;1.8953934e-01;1.5250000e+02;1.5234840e-01;1.5250000e+02;1.1154838e-01;1.5250000e+02;7.2137482e-02;1.5250000e+02;3.3508413e-02;1.5250000e+02;-5.4145092e-03;1.5250000e+02;2.2919141e-03;1.5250000e+02;1.4447076e-02;1.5250000e+02;2.8757337e-02;1.5250000e+02;4.7713794e-02;1.5250000e+02;7.1731947e-02;1.5250000e+02;1.0587236e-01;1.5250000e+02;1.4795646e-01;1.5250000e+02;1.9216093e-01;1.5250000e+02;2.2432831e-01;1.5250000e+02;2.3819759e-01;1.5250000e+02;2.3593193e-01;1.5250000e+02;2.1820508e-01;1.5250000e+02;1.8953934e-01;1.5250000e+02;1.5234840e-01;1.5250000e+02;1.1154838e-01;1.5250000e+02;7.2137482e-02;1.5250000e+02;3.3508413e-02;1.5250000e+02;-5.4145092e-03;1.5250000e+02;2.2919141e-03;1.5250000e+02;1.4447076e-02;1.5250000e+02;2.8757337e-02;1.5250000e+02;4.7713794e-02;1.5250000e+02;7.1731947e-02;1.5250000e+02;1.0587236e-01;1.5250000e+02;1.4795646e-01;1.5250000e+02;1.9216093e-01;1.5250000e+02;2.2432831e-01;1.5250000e+02;2.3819759e-01;1.5250000e+02;2.3593193e-01;1.5250000e+02;2.1820508e-01;1.5250000e+02;1.8953934e-01;1.5250000e+02;1.5234840e-01;1.5250000e+02;1.1154838e-01;1.5250000e+02;7.2137482e-02;1.5250000e+02;3.3508413e-02;1.5250000e+02;-5.4145092e-03;1.5250000e+02;2.2919141e-03;1.5250000e+02;1.4447076e-02;1.5250000e+02;2.8757337e-02;1.5250000e+02;4.7713794e-02;1.5250000e+02;7.1731947e-02;1.5250000e+02;1.0587236e-01;1.5250000e+02;1.4795646e-01;1.5250000e+02;1.9216093e-01;1.5250000e+02;2.2432831e-01;1.5250000e+02;2.3819759e-01;1.5250000e+02;2.3593193e-01;1.5250000e+02;2.1820508e-01;1.5250000e+02;1.8953934e-01;1.5250000e+02;1.5234840e-01;1.5250000e+02;1.1154838e-01;1.5250000e+02;7.2137482e-02;1.5250000e+02;3.3508413e-02;1.5250000e+02;-5.4145092e-03;1.5250000e+02;2.2919141e-03;1.5250000e+02;1.4447076e-02;1.5250000e+02;2.8757337e-02;1.5250000e+02;4.7713794e-02;1.5250000e+02;7.1731947e-02;1.5250000e+02;1.0587236e-01;1.5250000e+02;1.4795646e-01;1.5250000e+02;1.9216093e-01;1.5250000e+02;2.2432831e-01;1.5250000e+02;2.3819759e-01;1.5250000e+02;2.3593193e-01;1.5250000e+02;2.1820508e-01;1.5250000e+02;1.8953934e-01;1.5250000e+02;1.5234840e-01;1.5250000e+02;1.1154838e-01;1.5250000e+02;7.2137482e-02;1.5250000e+02;3.3508413e-02;1.5250000e+02;-5.4145092e-03;1.5250000e+02;2.2919141e-03;1.5250000e+02;1.4447076e-02;1.5250000e+02;2.8757337e-02;1.5250000e+02;4.7713794e-02;1.5250000e+02;7.1731947e-02;1.5250000e+02;1.0587236e-01;1.5250000e+02;1.4795646e-01;1.5250000e+02;1.9216093e-01;1.5250000e+02;2.2432831e-01;1.5250000e+02;2.3819759e-01;1.5250000e+02;2.3593193e-01;1.5250000e+02;2.1820508e-01;1.5250000e+02;1.8953934e-01;1.5250000e+02;1.5234840e-01;1.5250000e+02;1.1154838e-01;1.5250000e+02;7.2137482e-02;1.5250000e+02;3.3508413e-02;1.5250000e+02;-5.4145092e-03;1.5250000e+02;2.2919141e-03;1.5250000e+02;1.4447076e-02;1.5250000e+02;2.8757337e-02;1.5250000e+02;4.7713794e-02;1.5250000e+02;7.1731947e-02;1.5250000e+02;1.0587236e-01;1.5250000e+02;1.4795646e-01;1.5250000e+02;1.9216093e-01;1.5250000e+02;2.2432831e-01;1.5250000e+02;2.3819759e-01;1.5250000e+02;2.3593193e-01;1.5250000e+02;2.1820508e-01;1.5250000e+02;1.8953934e-01;1.5250000e+02;1.5234840e-01;1.5250000e+02;1.1154838e-01;1.5250000e+02;7.2137482e-02;1.5250000e+02;3.3508413e-02;1.5250000e+02;-5.4145092e-03;1.5250000e+02;2.2919141e-03;1.5250000e+02;1.4447076e-02;1.5250000e+02;2.8757337e-02;1.5250000e+02;4.7713794e-02;1.5250000e+02;7.1731947e-02;1.5250000e+02;1.0587236e-01;1.5250000e+02;1.4795646e-01;1.5250000e+02;1.9216093e-01;1.5250000e+02;2.2432831e-01;1.5250000e+02;2.3819759e-01;1.5250000e+02;2.3593193e-01;1.5250000e+02;2.1820508e-01;1.5250000e+02;1.8953934e-01;1.5250000e+02;1.5234840e-01;1.5250000e+02;1.1154838e-01;1.5250000e+02;7.2137482e-02;1.5250000e+02;3.3508413e-02;1.5250000e+02;-5.4145092e-03;1.5250000e+02;2.2919141e-03;1.5250000e+02;1.4447076e-02;1.5250000e+02;2.8757337e-02;1.5250000e+02;4.7713794e-02;1.5250000e+02;7.1731947e-02;1.5250000e+02;1.0587236e-01;1.5250000e+02;1.4795646e-01;1.5250000e+02;1.9216093e-01;1.5250000e+02;2.2432831e-01;1.5250000e+02;2.3819759e-01;1.5250000e+02;2.3593193e-01;1.5250000e+02;2.1820508e-01;1.5250000e+02;1.8953934e-01;1.5250000e+02;1.5234840e-01;1.5250000e+02;1.1154838e-01;1.5250000e+02;7.2137482e-02;1.5250000e+02;3.3508413e-02;1.5250000e+02;-5.4145092e-03;1.5250000e+02;2.2919141e-03;1.5250000e+02;1.4447076e-02;1.5250000e+02;2.8757337e-02;1.5250000e+02;4.7713794e-02;1.5250000e+02;7.1731947e-02;1.5250000e+02;1.0587236e-01;1.5250000e+02;1.4795646e-01;1.5250000e+02;1.9216093e-01;1.5250000e+02;2.2432831e-01;1.5250000e+02;2.3819759e-01;1.5250000e+02;2.3593193e-01;1.5250000e+02;2.1820508e-01;1.5250000e+02;1.8953934e-01;1.5250000e+02;1.5234840e-01;1.5250000e+02;1.1154838e-01;1.5250000e+02;7.2137482e-02;1.5250000e+02;3.3508413e-02;1.5250000e+02;-5.4145092e-03;1.5250000e+02;2.2919141e-03;1.5250000e+02;1.4447076e-02;1.5250000e+02;2.8757337e-02;1.5250000e+02;4.7713794e-02;1.5250000e+02;7.1731947e-02;1.5250000e+02;1.0587236e-01;1.5250000e+02;1.4795646e-01;1.5250000e+02;1.9216093e-01;1.5250000e+02;2.2432831e-01;1.5250000e+02;2.3819759e-01;1.5250000e+02;2.3593193e-01;1.5250000e+02;2.1820508e-01;1.5250000e+02;1.8953934e-01;1.5250000e+02;1.5234840e-01;1.5250000e+02;1.1154838e-01;1.5250000e+02;7.2137482e-02;1.5250000e+02;3.3508413e-02;1.5250000e+02;-5.4145092e-03;1.5250000e+02;2.2919141e-03;1.5250000e+02;1.4447076e-02;1.5250000e+02;2.8757337e-02;1.5250000e+02;4.7713794e-02;1.5250000e+02;7.1731947e-02;1.5250000e+02;1.0587236e-01;1.5250000e+02;1.4795646e-01;1.5250000e+02;1.9216093e-01;1.5250000e+02;2.2432831e-01;1.5250000e+02;2.3819759e-01;1.5250000e+02;2.3593193e-01;1.5250000e+02;2.1820508e-01;1.5250000e+02;1.8953934e-01;1.5250000e+02;1.5234840e-01;1.5250000e+02;1.1154838e-01;1.5250000e+02;7.2137482e-02;1.5250000e+02;3.3508413e-02;1.5250000e+02;-5.4145092e-03;1.5250000e+02;2.2919141e-03;1.5250000e+02;1.4447076e-02;1.5250000e+02;2.8757337e-02;1.5250000e+02;4.7713794e-02;1.5250000e+02;7.1731947e-02;1.5250000e+02;1.0587236e-01;1.5250000e+02;1.4795646e-01;1.5250000e+02;1.9216093e-01;1.5250000e+02;2.2432831e-01;1.5250000e+02;2.3819759e-01;1.5250000e+02;2.3593193e-01;1.5250000e+02;2.1820508e-01;1.5250000e+02;1.8953934e-01;1.5250000e+02;1.5234840e-01;1.5250000e+02;1.1154838e-01;1.5250000e+02;7.2137482e-02;1.5250000e+02;3.3508413e-02;1.5250000e+02;-5.4145092e-03;1.5250000e+02;2.2919141e-03;1.5250000e+02;1.4447076e-02;1.5250000e+02;2.8757337e-02;1.5250000e+02;4.7713794e-02;1.5250000e+02;7.1731947e-02;1.5250000e+02;1.0587236e-01;1.5250000e+02;1.4795646e-01;1.5250000e+02;1.9216093e-01;1.5250000e+02;2.2432831e-01;1.5250000e+02;2.3819759e-01;1.5250000e+02;2.3593193e-01;1.5250000e+02;2.1820508e-01;1.5250000e+02;1.8953934e-01;1.5250000e+02;1.5234840e-01;1.5250000e+02;1.1154838e-01;1.5250000e+02;7.2137482e-02;1.5250000e+02;3.3508413e-02;1.5250000e+02;-5.4145092e-03;1.5250000e+02;2.2919141e-03;1.5250000e+02;1.4447076e-02;1.5250000e+02;2.8757337e-02;1.5250000e+02;4.7713794e-02;1.5250000e+02;7.1731947e-02;1.5250000e+02;1.0587236e-01;1.5250000e+02;1.4795646e-01;1.5250000e+02;1.9216093e-01;1.5250000e+02;2.2432831e-01;1.5250000e+02;2.3819759e-01;1.5250000e+02;2.3593193e-01;1.5250000e+02;2.1820508e-01;1.5250000e+02;1.8953934e-01;1.5250000e+02;1.5234840e-01;1.5250000e+02;1.1154838e-01;1.5250000e+02;7.2137482e-02;1.5250000e+02;3.3508413e-02;1.5250000e+02;-5.4145092e-03;1.5250000e+02;2.2919141e-03;1.5250000e+02;1.4447076e-02;1.5250000e+02;2.8757337e-02;1.5250000e+02;4.7713794e-02;1.5250000e+02;7.1731947e-02;1.5250000e+02;1.0587236e-01;1.5250000e+02;1.4795646e-01;1.5250000e+02;1.9216093e-01;1.5250000e+02;2.2432831e-01;1.5250000e+02;2.3819759e-01;1.5250000e+02;2.3593193e-01;1.5250000e+02;2.1820508e-01;1.5250000e+02;1.8953934e-01;1.5250000e+02;1.5234840e-01;1.5250000e+02;1.1154838e-01;1.5250000e+02;7.2137482e-02;1.5250000e+02;3.3508413e-02;1.5250000e+02;-5.4145092e-03;1.5250000e+02;2.2919141e-03;1.5250000e+02;1.4447076e-02;1.5250000e+02;2.8757337e-02;1.5250000e+02;4.7713794e-02;1.5250000e+02;7.1731947e-02;1.5250000e+02;1.0587236e-01;1.5250000e+02;1.4795646e-01;1.5250000e+02;1.9216093e-01;1.5250000e+02;2.2432831e-01;1.5250000e+02;2.3819759e-01;1.5250000e+02;2.3593193e-01;1.5250000e+02;2.1820508e-01;1.5250000e+02;1.8953934e-01;1.5250000e+02;1.5234840e-01;1.5250000e+02;1.1154838e-01;1.5250000e+02;7.2137482e-02;1.5250000e+02;3.3508413e-02;1.5250000e+02;-5.4145092e-03;1.5250000e+02;2.2919141e-03;1.5250000e+02;1.4447076e-02;1.5250000e+02;2.8757337e-02;1.5250000e+02;4.7713794e-02;1.5250000e+02;7.1731947e-02;1.5250000e+02;1.0587236e-01;1.5250000e+02;1.4795646e-01;1.5250000e+02;1.9216093e-01;1.5250000e+02;2.2432831e-01;1.5250000e+02;2.3819759e-01;1.5250000e+02;2.3593193e-01;1.5250000e+02;2.1820508e-01;1.5250000e+02;1.8953934e-01;1.5250000e+02;1.5234840e-01;1.5250000e+02;1.1154838e-01;1.5250000e+02;7.2137482e-02;1.5250000e+02;3.3508413e-02;1.5250000e+02;-5.4145092e-03;1.5250000e+02;2.2919141e-03;1.5250000e+02;1.4447076e-02;1.5250000e+02;2.8757337e-02;1.5250000e+02;4.7713794e-02;1.5250000e+02;7.1731947e-02;1.5250000e+02;1.0587236e-01;1.5250000e+02;1.4795646e-01;1.5250000e+02;1.9216093e-01;1.5250000e+02;2.2432831e-01;1.5250000e+02;2.3819759e-01;1.5250000e+02;2.3593193e-01;1.5250000e+02;2.1820508e-01;1.5250000e+02;1.8953934e-01;1.5250000e+02;1.5234840e-01;1.5250000e+02;1.1154838e-01;1.5250000e+02;7.2137482e-02;1.5250000e+02;3.3508413e-02;1.5250000e+02;-5.4145092e-03;1.5250000e+02;2.2919141e-03;1.5250000e+02;1.4447076e-02;1.5250000e+02;2.8757337e-02;1.5250000e+02;4.7713794e-02;1.5250000e+02;7.1731947e-02;1.5250000e+02;1.0587236e-01;1.5250000e+02;1.4795646e-01;1.5250000e+02;1.9216093e-01;1.5250000e+02;2.2432831e-01;1.5250000e+02;2.3819759e-01;1.5250000e+02;2.3593193e-01;1.5250000e+02;2.1820508e-01;1.5250000e+02;1.8953934e-01;1.5250000e+02;1.5234840e-01;1.5250000e+02;1.1154838e-01;1.5250000e+02;7.2137482e-02;1.5250000e+02;3.3508413e-02;1.5250000e+02;-5.4145092e-03;1.5250000e+02;2.2919141e-03;1.5250000e+02;1.4447076e-02;1.5250000e+02;2.8757337e-02;1.5250000e+02;4.7713794e-02;1.5250000e+02;7.1731947e-02;1.5250000e+02;1.0587236e-01;1.5250000e+02;1.4795646e-01;1.5250000e+02;1.9216093e-01;1.5250000e+02;2.2432831e-01;1.5250000e+02;2.3819759e-01;1.5250000e+02;2.3593193e-01;1.5250000e+02;2.1820508e-01;1.5250000e+02;1.8953934e-01;1.5250000e+02;1.5234840e-01;1.5250000e+02;1.1154838e-01;1.5250000e+02;7.2137482e-02;1.5250000e+02;3.3508413e-02;1.5250000e+02;-5.4145092e-03;1.5250000e+02;2.2919141e-03;1.5250000e+02;1.4447076e-02;1.5250000e+02;2.8757337e-02;1.5250000e+02;4.7713794e-02;1.5250000e+02;7.1731947e-02;1.5250000e+02;1.0587236e-01;1.5250000e+02;1.4795646e-01;1.5250000e+02;1.9216093e-01;1.5250000e+02;2.2432831e-01;1.5250000e+02;2.3819759e-01;1.5250000e+02;2.3593193e-01;1.5250000e+02;2.1820508e-01;1.5250000e+02;1.8953934e-01;1.5250000e+02;1.5234840e-01;1.5250000e+02;1.1154838e-01;1.5250000e+02;7.2137482e-02;1.5250000e+02;3.3508413e-02;1.5250000e+02;-5.4145092e-03;1.5250000e+02;2.2919141e-03;1.5250000e+02;1.4447076e-02;1.5250000e+02;2.8757337e-02;1.5250000e+02;4.7713794e-02;1.5250000e+02;7.1731947e-02;1.5250000e+02;1.0587236e-01;1.5250000e+02;1.4795646e-01;1.5250000e+02;1.9216093e-01;1.5250000e+02;2.2432831e-01;1.5250000e+02;2.3819759e-01;1.5250000e+02;2.3593193e-01;1.5250000e+02;2.1820508e-01;1.5250000e+02;1.8953934e-01;1.5250000e+02;1.5234840e-01;1.5250000e+02;1.1154838e-01;1.5250000e+02;7.2137482e-02;1.5250000e+02;3.3508413e-02;1.5250000e+02;-5.4145092e-03;1.5250000e+02;2.2919141e-03;1.5250000e+02;1.4447076e-02;1.5250000e+02;2.8757337e-02;1.5250000e+02;4.7713794e-02;1.5250000e+02;7.1731947e-02;1.5250000e+02;1.0587236e-01;1.5250000e+02;1.4795646e-01;1.5250000e+02;1.9216093e-01;1.5250000e+02;2.2432831e-01;1.5250000e+02;2.3819759e-01;1.5250000e+02;2.3593193e-01;1.5250000e+02;2.1820508e-01;1.5250000e+02;1.8953934e-01;1.5250000e+02;1.5234840e-01;1.5250000e+02;1.1154838e-01;1.5250000e+02;7.2137482e-02;1.5250000e+02;3.3508413e-02;1.5250000e+02;-5.4145092e-03;1.5250000e+02;2.2919141e-03;1.5250000e+02;1.4447076e-02;1.5250000e+02;2.8757337e-02;1.5250000e+02;4.7713794e-02;1.5250000e+02;7.1731947e-02;1.5250000e+02;1.0587236e-01;1.5250000e+02;1.4795646e-01;1.5250000e+02;1.9216093e-01;1.5250000e+02;2.2432831e-01;1.5250000e+02;2.3819759e-01;1.5250000e+02;2.3593193e-01;1.5250000e+02;2.1820508e-01;1.5250000e+02;1.8953934e-01;1.5250000e+02;1.5234840e-01;1.5250000e+02;1.1154838e-01;1.5250000e+02;7.2137482e-02;1.5250000e+02;3.3508413e-02;1.5250000e+02;-5.4145092e-03;1.5250000e+02;2.2919141e-03;1.5250000e+02;1.4447076e-02;1.5250000e+02;2.8757337e-02;1.5250000e+02;4.7713794e-02;1.5250000e+02;7.1731947e-02;1.5250000e+02;1.0587236e-01;1.5250000e+02;1.4795646e-01;1.5250000e+02;1.9216093e-01;1.5250000e+02;2.2432831e-01;1.5250000e+02;2.3819759e-01;1.5250000e+02;2.3593193e-01;1.5250000e+02;2.1820508e-01;1.5250000e+02;1.8953934e-01;1.5250000e+02;1.5234840e-01;1.5250000e+02;1.1154838e-01;1.5250000e+02;7.2137482e-02;1.5250000e+02;3.3508413e-02;1.5250000e+02;-5.4145092e-03;1.5250000e+02;2.2919141e-03;1.5250000e+02;1.4447076e-02;1.5250000e+02;2.8757337e-02;1.5250000e+02;4.7713794e-02;1.5250000e+02;7.1731947e-02;1.5250000e+02;1.0587236e-01;1.5250000e+02;1.4795646e-01;1.5250000e+02;1.9216093e-01;1.5250000e+02;2.2432831e-01;1.5250000e+02;2.3819759e-01;1.5250000e+02;2.3593193e-01;1.5250000e+02;2.1820508e-01;1.5250000e+02;1.8953934e-01;1.5250000e+02;1.5234840e-01;1.5250000e+02;1.1154838e-01;1.5250000e+02;7.2137482e-02;1.5250000e+02;3.3508413e-02;1.5250000e+02;-5.4145092e-03;1.5250000e+02;2.2919141e-03;1.5250000e+02;1.4447076e-02;1.5250000e+02;2.8757337e-02;1.5250000e+02;4.7713794e-02;1.5250000e+02;7.1731947e-02;1.5250000e+02;1.0587236e-01;1.5250000e+02;1.4795646e-01;1.5250000e+02;1.9216093e-01;1.5250000e+02;2.2432831e-01;1.5250000e+02;2.3819759e-01;1.5250000e+02;2.3593193e-01;1.5250000e+02;2.1820508e-01;1.5250000e+02;1.8953934e-01;1.5250000e+02;1.5234840e-01;1.5250000e+02;1.1154838e-01;1.5250000e+02;7.2137482e-02;1.5250000e+02;3.3508413e-02;1.5250000e+02;-5.4145092e-03;1.5250000e+02;2.2919141e-03;1.5250000e+02;1.4447076e-02;1.5250000e+02;2.8757337e-02;1.5250000e+02;4.7713794e-02;1.5250000e+02;7.1731947e-02;1.5250000e+02;1.0587236e-01;1.5250000e+02;1.4795646e-01;1.5250000e+02;1.9216093e-01;1.5250000e+02;2.2432831e-01;1.5250000e+02;2.3819759e-01;1.5250000e+02;2.3593193e-01;1.5250000e+02;2.1820508e-01;1.5250000e+02;1.8953934e-01;1.5250000e+02;1.5234840e-01;1.5250000e+02;1.1154838e-01;1.5250000e+02;7.2137482e-02;1.5250000e+02;3.3508413e-02;1.5250000e+02;-5.4145092e-03;1.5250000e+02;2.2919141e-03;1.5250000e+02;1.4447076e-02;1.5250000e+02;2.8757337e-02;1.5250000e+02;4.7713794e-02;1.5250000e+02;7.1731947e-02;1.5250000e+02;1.0587236e-01;1.5250000e+02;1.4795646e-01;1.5250000e+02;1.9216093e-01;1.5250000e+02;2.2432831e-01;1.5250000e+02;2.3819759e-01;1.5250000e+02;2.3593193e-01;1.5250000e+02;2.1820508e-01;1.5250000e+02;1.8953934e-01;1.5250000e+02;1.5234840e-01;1.5250000e+02;1.1154838e-01;1.5250000e+02;7.2137482e-02;1.5250000e+02;3.3508413e-02;1.5250000e+02;-5.4145092e-03;1.5250000e+02;2.2919141e-03;1.5250000e+02;1.4447076e-02;1.5250000e+02;2.8757337e-02;1.5250000e+02;4.7713794e-02;1.5250000e+02;7.1731947e-02;1.5250000e+02;1.0587236e-01;1.5250000e+02;1.4795646e-01;1.5250000e+02;1.9216093e-01;1.5250000e+02;2.2432831e-01;1.5250000e+02;2.3819759e-01;1.5250000e+02;2.3593193e-01;1.5250000e+02;2.1820508e-01;1.5250000e+02;1.8953934e-01;1.5250000e+02;1.5234840e-01;1.5250000e+02;1.1154838e-01;1.5250000e+02;7.2137482e-02;1.5250000e+02;3.3508413e-02;1.5250000e+02;-5.4145092e-03;1.5250000e+02;2.2919141e-03;1.5250000e+02;1.4447076e-02;1.5250000e+02;2.8757337e-02;1.5250000e+02;4.7713794e-02;1.5250000e+02;7.1731947e-02;1.5250000e+02;1.0587236e-01;1.5250000e+02;1.4795646e-01;1.5250000e+02;1.9216093e-01;1.5250000e+02;2.2432831e-01;1.5250000e+02;2.3819759e-01;1.5250000e+02;2.3593193e-01;1.5250000e+02;2.1820508e-01;1.5250000e+02;1.8953934e-01;1.5250000e+02;1.5234840e-01;1.5250000e+02;1.1154838e-01;1.5250000e+02;7.2137482e-02;1.5250000e+02;3.3508413e-02;1.5250000e+02;-5.4145092e-03;1.5250000e+02;2.2919141e-03;1.5250000e+02;1.4447076e-02;1.5250000e+02;2.8757337e-02;1.5250000e+02;4.7713794e-02;1.5250000e+02;7.1731947e-02;1.5250000e+02;1.0587236e-01;1.5250000e+02;1.4795646e-01;1.5250000e+02;1.9216093e-01;1.5250000e+02;2.2432831e-01;1.5250000e+02;2.3819759e-01;1.5250000e+02;2.3593193e-01;1.5250000e+02;2.1820508e-01;1.5250000e+02;1.8953934e-01;1.5250000e+02;1.5234840e-01;1.5250000e+02;1.1154838e-01;1.5250000e+02;7.2137482e-02;1.5250000e+02;3.3508413e-02;1.5250000e+02;-5.4145092e-03;1.5250000e+02;2.2919141e-03;1.5250000e+02;1.4447076e-02;1.5250000e+02;2.8757337e-02;1.5250000e+02;4.7713794e-02;1.5250000e+02;7.1731947e-02;1.5250000e+02;1.0587236e-01;1.5250000e+02;1.4795646e-01;1.5250000e+02;1.9216093e-01;1.5250000e+02;2.2432831e-01;1.5250000e+02;2.3819759e-01;1.5250000e+02;2.3593193e-01;1.5250000e+02;2.1820508e-01;1.5250000e+02;1.8953934e-01;1.5250000e+02;1.5234840e-01;1.5250000e+02;1.1154838e-01;1.5250000e+02;7.2137482e-02;1.5250000e+02;3.3508413e-02;1.5250000e+02;-5.4145092e-03;1.5250000e+02;2.2919141e-03;1.5250000e+02;1.4447076e-02;1.5250000e+02;2.8757337e-02;1.5250000e+02;4.7713794e-02;1.5250000e+02;7.1731947e-02;1.5250000e+02;1.0587236e-01;1.5250000e+02;1.4795646e-01;1.5250000e+02;1.9216093e-01;1.5250000e+02;2.2432831e-01;1.5250000e+02;2.3819759e-01;1.5250000e+02;2.3593193e-01;1.5250000e+02;2.1820508e-01;1.5250000e+02;1.8953934e-01;1.5250000e+02;1.5234840e-01;1.5250000e+02;1.1154838e-01;1.5250000e+02;7.2137482e-02;1.5250000e+02;3.3508413e-02;1.5250000e+02;-5.4145092e-03;1.5250000e+02;2.2919141e-03;1.5250000e+02;1.4447076e-02;1.5250000e+02;2.8757337e-02;1.5250000e+02;4.7713794e-02;1.5250000e+02;7.1731947e-02;1.5250000e+02;1.0587236e-01;1.5250000e+02;1.4795646e-01;1.5250000e+02;1.9216093e-01;1.5250000e+02;2.2432831e-01;1.5250000e+02;2.3819759e-01;1.5250000e+02;2.3593193e-01;1.5250000e+02;2.1820508e-01;1.5250000e+02;1.8953934e-01;1.5250000e+02;1.5234840e-01;1.5250000e+02;1.1154838e-01;1.5250000e+02;7.2137482e-02;1.5250000e+02;3.3508413e-02;1.5250000e+02;-5.4145092e-03;1.5250000e+02;2.2919141e-03;1.5250000e+02;1.4447076e-02;1.5250000e+02;2.8757337e-02;1.5250000e+02;4.7713794e-02;1.5250000e+02;7.1731947e-02;1.5250000e+02;1.0587236e-01;1.5250000e+02;1.4795646e-01;1.5250000e+02;1.9216093e-01;1.5250000e+02;2.2432831e-01;1.5250000e+02;2.3819759e-01;1.5250000e+02;2.3593193e-01;1.5250000e+02;2.1820508e-01;1.5250000e+02;1.8953934e-01;1.5250000e+02;1.5234840e-01;1.5250000e+02;1.1154838e-01;1.5250000e+02;7.2137482e-02;1.5250000e+02;3.3508413e-02;1.5250000e+02;-5.4145092e-03;1.5250000e+02;2.2919141e-03;1.5250000e+02;1.4447076e-02;1.5250000e+02;2.8757337e-02;1.5250000e+02;4.7713794e-02;1.5250000e+02;7.1731947e-02;1.5250000e+02;1.0587236e-01;1.5250000e+02;1.4795646e-01;1.5250000e+02;1.9216093e-01;1.5250000e+02;2.2432831e-01;1.5250000e+02;2.3819759e-01;1.5250000e+02;2.3593193e-01;1.5250000e+02;2.1820508e-01;1.5250000e+02;1.8953934e-01;1.5250000e+02;1.5234840e-01;1.5250000e+02;1.1154838e-01;1.5250000e+02;7.2137482e-02;1.5250000e+02;3.3508413e-02;1.5250000e+02;-5.4145092e-03;1.5250000e+02;2.2919141e-03;1.5250000e+02;1.4447076e-02;1.5250000e+02;2.8757337e-02;1.5250000e+02;4.7713794e-02;1.5250000e+02;7.1731947e-02;1.5250000e+02;1.0587236e-01;1.5250000e+02;1.4795646e-01;1.5250000e+02;1.9216093e-01;1.5250000e+02;2.2432831e-01;1.5250000e+02;2.3819759e-01;1.5250000e+02;2.3593193e-01;1.5250000e+02;2.1820508e-01;1.5250000e+02;1.8953934e-01;1.5250000e+02;1.5234840e-01;1.5250000e+02;1.1154838e-01;1.5250000e+02;7.2137482e-02;1.5250000e+02;3.3508413e-02;1.5250000e+02;-5.4145092e-03;1.5250000e+02;2.2919141e-03;1.5250000e+02;1.4447076e-02;1.5250000e+02;2.8757337e-02;1.5250000e+02;4.7713794e-02;1.5250000e+02;7.1731947e-02;1.5250000e+02;1.0587236e-01;1.5250000e+02;1.4795646e-01;1.5250000e+02;1.9216093e-01;1.5250000e+02;2.2432831e-01;1.5250000e+02;2.3819759e-01;1.5250000e+02;2.3593193e-01;1.5250000e+02;2.1820508e-01;1.5250000e+02;1.8953934e-01;1.5250000e+02;1.5234840e-01;1.5250000e+02;1.1154838e-01;1.5250000e+02;7.2137482e-02;1.5250000e+02;3.3508413e-02;1.5250000e+02;-5.4145092e-03;1.5250000e+02;2.2919141e-03;1.5250000e+02;1.4447076e-02;1.5250000e+02;2.8757337e-02;1.5250000e+02;4.7713794e-02;1.5250000e+02;7.1731947e-02;1.5250000e+02;1.0587236e-01;1.5250000e+02;1.4795646e-01;1.5250000e+02;1.9216093e-01;1.5250000e+02;2.2432831e-01;1.5250000e+02;2.3819759e-01;1.5250000e+02;2.3593193e-01;1.5250000e+02;2.1820508e-01;1.5250000e+02;1.8953934e-01;1.5250000e+02;1.5234840e-01;1.5250000e+02;1.1154838e-01;1.5250000e+02;7.2137482e-02;1.5250000e+02;3.3508413e-02;1.5250000e+02;-5.4145092e-03;1.5250000e+02;2.2919141e-03;1.5250000e+02;1.4447076e-02;1.5250000e+02;2.8757337e-02;1.5250000e+02;4.7713794e-02;1.5250000e+02;7.1731947e-02;1.5250000e+02;1.0587236e-01;1.5250000e+02;1.4795646e-01;1.5250000e+02;1.9216093e-01;1.5250000e+02;2.2432831e-01;1.5250000e+02;2.3819759e-01;1.5250000e+02;2.3593193e-01;1.5250000e+02;2.1820508e-01;1.5250000e+02;1.8953934e-01;1.5250000e+02;1.5234840e-01;1.5250000e+02;1.1154838e-01;1.5250000e+02;7.2137482e-02;1.5250000e+02;3.3508413e-02;1.5250000e+02;-5.4145092e-03;1.5250000e+02;2.2919141e-03;1.5250000e+02;1.4447076e-02;1.5250000e+02;2.8757337e-02;1.5250000e+02;4.7713794e-02;1.5250000e+02;7.1731947e-02;1.5250000e+02;1.0587236e-01;1.5250000e+02;1.4795646e-01;1.5250000e+02;1.9216093e-01;1.5250000e+02;2.2432831e-01;1.5250000e+02;2.3819759e-01;1.5250000e+02;2.3593193e-01;1.5250000e+02;2.1820508e-01;1.5250000e+02;1.8953934e-01;1.5250000e+02;1.5234840e-01;1.5250000e+02;1.1154838e-01;1.5250000e+02;7.2137482e-02;1.5250000e+02;3.3508413e-02;1.5250000e+02;-5.4145092e-03;1.5250000e+02;2.2919141e-03;1.5250000e+02;1.4447076e-02;1.5250000e+02;2.8757337e-02;1.5250000e+02;4.7713794e-02;1.5250000e+02;7.1731947e-02;1.5250000e+02;1.0587236e-01;1.5250000e+02;1.4795646e-01;1.5250000e+02;1.9216093e-01;1.5250000e+02;2.2432831e-01;1.5250000e+02;2.3819759e-01;1.5250000e+02;2.3593193e-01;1.5250000e+02;2.1820508e-01;1.5250000e+02;1.8953934e-01;1.5250000e+02;1.5234840e-01;1.5250000e+02;1.1154838e-01;1.5250000e+02;7.2137482e-02;1.5250000e+02;3.3508413e-02;1.5250000e+02;-5.4145092e-03;1.5250000e+02;2.2919141e-03;1.5250000e+02;1.4447076e-02;1.5250000e+02;2.8757337e-02;1.5250000e+02;4.7713794e-02;1.5250000e+02;7.1731947e-02;1.5250000e+02;1.0587236e-01;1.5250000e+02;1.4795646e-01;1.5250000e+02;1.9216093e-01;1.5250000e+02;2.2432831e-01;1.5250000e+02;2.3819759e-01;1.5250000e+02;2.3593193e-01;1.5250000e+02;2.1820508e-01;1.5250000e+02;1.8953934e-01;1.5250000e+02;1.5234840e-01;1.5250000e+02;1.1154838e-01;1.5250000e+02;7.2137482e-02;1.5250000e+02;3.3508413e-02;1.5250000e+02;-5.4145092e-03;1.5250000e+02;2.2919141e-03;1.5250000e+02;1.4447076e-02;1.5250000e+02;2.8757337e-02;1.5250000e+02;4.7713794e-02;1.5250000e+02;7.1731947e-02;1.5250000e+02;1.0587236e-01;1.5250000e+02;1.4795646e-01;1.5250000e+02;1.9216093e-01;1.5250000e+02;2.2432831e-01;1.5250000e+02;2.3819759e-01;1.5250000e+02;2.3593193e-01;1.5250000e+02;2.1820508e-01;1.5250000e+02;1.8953934e-01;1.5250000e+02;1.5234840e-01;1.5250000e+02;1.1154838e-01;1.5250000e+02;7.2137482e-02;1.5250000e+02;3.3508413e-02;1.5250000e+02;-5.4145092e-03;1.5250000e+02;2.2919141e-03;1.5250000e+02;1.4447076e-02;1.5250000e+02;2.8757337e-02;1.5250000e+02;4.7713794e-02;1.5250000e+02;7.1731947e-02;1.5250000e+02;1.0587236e-01;1.5250000e+02;1.4795646e-01;1.5250000e+02;1.9216093e-01;1.5250000e+02;2.2432831e-01;1.5250000e+02;2.3819759e-01;1.5250000e+02;2.3593193e-01;1.5250000e+02;2.1820508e-01;1.5250000e+02;1.8953934e-01;1.5250000e+02;1.5234840e-01;1.5250000e+02;1.1154838e-01;1.5250000e+02;7.2137482e-02;1.5250000e+02;3.3508413e-02;1.5250000e+02;-5.4145092e-03;1.5250000e+02;2.2919141e-03;1.5250000e+02;1.4447076e-02;1.5250000e+02;2.8757337e-02;1.5250000e+02;4.7713794e-02;1.5250000e+02;7.1731947e-02;1.5250000e+02;1.0587236e-01;1.5250000e+02;1.4795646e-01;1.5250000e+02;1.9216093e-01;1.5250000e+02;2.2432831e-01;1.5250000e+02;2.3819759e-01;1.5250000e+02;2.3593193e-01;1.5250000e+02;2.1820508e-01;1.5250000e+02;1.8953934e-01;1.5250000e+02;1.5234840e-01;1.5250000e+02;1.1154838e-01;1.5250000e+02;7.2137482e-02;1.5250000e+02;3.3508413e-02;1.5250000e+02;-5.4145092e-03;1.5250000e+02;2.2919141e-03;1.5250000e+02;1.4447076e-02;1.5250000e+02;2.8757337e-02;1.5250000e+02;4.7713794e-02;1.5250000e+02;7.1731947e-02;1.5250000e+02;1.0587236e-01;1.5250000e+02;1.4795646e-01;1.5250000e+02;1.9216093e-01;1.5250000e+02;2.2432831e-01;1.5250000e+02;2.3819759e-01;1.5250000e+02;2.3593193e-01;1.5250000e+02;2.1820508e-01;1.5250000e+02;1.8953934e-01;1.5250000e+02;1.5234840e-01;1.5250000e+02;1.1154838e-01;1.5250000e+02;7.2137482e-02;1.5250000e+02;3.3508413e-02;1.5250000e+02;-5.4145092e-03;1.5250000e+02;2.2919141e-03;1.5250000e+02;1.4447076e-02;1.5250000e+02;2.8757337e-02;1.5250000e+02;4.7713794e-02;1.5250000e+02;7.1731947e-02;1.5250000e+02;1.0587236e-01;1.5250000e+02;1.4795646e-01;1.5250000e+02;1.9216093e-01;1.5250000e+02;2.2432831e-01;1.5250000e+02;2.3819759e-01;1.5250000e+02;2.3593193e-01;1.5250000e+02;2.1820508e-01;1.5250000e+02;1.8953934e-01;1.5250000e+02;1.5234840e-01;1.5250000e+02;1.1154838e-01;1.5250000e+02;7.2137482e-02;1.5250000e+02;3.3508413e-02;1.5250000e+02;-5.4145092e-03;1.5250000e+02;2.2919141e-03;1.5250000e+02;1.4447076e-02;1.5250000e+02;2.8757337e-02;1.5250000e+02;4.7713794e-02;1.5250000e+02;7.1731947e-02;1.5250000e+02;1.0587236e-01;1.5250000e+02;1.4795646e-01;1.5250000e+02;1.9216093e-01;1.5250000e+02;2.2432831e-01;1.5250000e+02;2.3819759e-01;1.5250000e+02;2.3593193e-01;1.5250000e+02;2.1820508e-01;1.5250000e+02;1.8953934e-01;1.5250000e+02;1.5234840e-01;1.5250000e+02;1.1154838e-01;1.5250000e+02;7.2137482e-02;1.5250000e+02;3.3508413e-02;1.5250000e+02;-5.4145092e-03;1.5250000e+02;2.2919141e-03;1.5250000e+02;1.4447076e-02;1.5250000e+02;2.8757337e-02;1.5250000e+02;4.7713794e-02;1.5250000e+02;7.1731947e-02;1.5250000e+02;1.0587236e-01;1.5250000e+02;1.4795646e-01;1.5250000e+02;1.9216093e-01;1.5250000e+02;2.2432831e-01;1.5250000e+02;2.3819759e-01;1.5250000e+02;2.3593193e-01;1.5250000e+02;2.1820508e-01;1.5250000e+02;1.8953934e-01;1.5250000e+02;1.5234840e-01;1.5250000e+02;1.1154838e-01;1.5250000e+02;7.2137482e-02;1.5250000e+02;3.3508413e-02;1.5250000e+02;-5.4145092e-03;1.5250000e+02;2.2919141e-03;1.5250000e+02;1.4447076e-02;1.5250000e+02;2.8757337e-02;1.5250000e+02;4.7713794e-02;1.5250000e+02;7.1731947e-02;1.5250000e+02;1.0587236e-01;1.5250000e+02;1.4795646e-01;1.5250000e+02;1.9216093e-01;1.5250000e+02;2.2432831e-01;1.5250000e+02;2.3819759e-01;1.5250000e+02;2.3593193e-01;1.5250000e+02;2.1820508e-01;1.5250000e+02;1.8953934e-01;1.5250000e+02;1.5234840e-01;1.5250000e+02;1.1154838e-01;1.5250000e+02;7.2137482e-02;1.5250000e+02;3.3508413e-02;1.5250000e+02;-5.4145092e-03;1.5250000e+02;2.2919141e-03;1.5250000e+02;1.4447076e-02;1.5250000e+02;2.8757337e-02;1.5250000e+02;4.7713794e-02;1.5250000e+02;7.1731947e-02;1.5250000e+02;1.0587236e-01;1.5250000e+02;1.4795646e-01;1.5250000e+02;1.9216093e-01;1.5250000e+02;2.2432831e-01;1.5250000e+02;2.3819759e-01;1.5250000e+02;2.3593193e-01;1.5250000e+02;2.1820508e-01;1.5250000e+02;1.8953934e-01;1.5250000e+02;1.5234840e-01;1.5250000e+02;1.1154838e-01;1.5250000e+02;7.2137482e-02;1.5250000e+02;3.3508413e-02;1.5250000e+02;-5.4145092e-03;1.5250000e+02;2.2919141e-03;1.5250000e+02;1.4447076e-02;1.5250000e+02;2.8757337e-02;1.5250000e+02;4.7713794e-02;1.5250000e+02;7.1731947e-02;1.5250000e+02;1.0587236e-01;1.5250000e+02;1.4795646e-01;1.5250000e+02;1.9216093e-01;1.5250000e+02;2.2432831e-01;1.5250000e+02;2.3819759e-01;1.5250000e+02;2.3593193e-01;1.5250000e+02;2.1820508e-01;1.5250000e+02;1.8953934e-01;1.5250000e+02;1.5234840e-01;1.5250000e+02;1.1154838e-01;1.5250000e+02;7.2137482e-02;1.5250000e+02;3.3508413e-02;1.5250000e+02;-5.4145092e-03;1.5250000e+02;2.2919141e-03;1.5250000e+02;1.4447076e-02;1.5250000e+02;2.8757337e-02;1.5250000e+02;4.7713794e-02;1.5250000e+02;7.1731947e-02;1.5250000e+02;1.0587236e-01;1.5250000e+02;1.4795646e-01;1.5250000e+02;1.9216093e-01;1.5250000e+02;2.2432831e-01;1.5250000e+02;2.3819759e-01;1.5250000e+02;2.3593193e-01;1.5250000e+02;2.1820508e-01;1.5250000e+02;1.8953934e-01;1.5250000e+02;1.5234840e-01;1.5250000e+02;1.1154838e-01;1.5250000e+02;7.2137482e-02;1.5250000e+02;3.3508413e-02;1.5250000e+02;-5.4145092e-03;1.5250000e+02;2.2919141e-03;1.5250000e+02;1.4447076e-02;1.5250000e+02;2.8757337e-02;1.5250000e+02;4.7713794e-02;1.5250000e+02;7.1731947e-02;1.5250000e+02;1.0587236e-01;1.5250000e+02;1.4795646e-01;1.5250000e+02;1.9216093e-01;1.5250000e+02;2.2432831e-01;1.5250000e+02;2.3819759e-01;1.5250000e+02;2.3593193e-01;1.5250000e+02;2.1820508e-01;1.5250000e+02;1.8953934e-01;1.5250000e+02;1.5234840e-01;1.5250000e+02;1.1154838e-01;1.5250000e+02;7.2137482e-02;1.5250000e+02;3.3508413e-02;1.5250000e+02;-5.4145092e-03;1.5250000e+02;2.2919141e-03;1.5250000e+02;1.4447076e-02;1.5250000e+02;2.8757337e-02;1.5250000e+02;4.7713794e-02;1.5250000e+02;7.1731947e-02;1.5250000e+02;1.0587236e-01;1.5250000e+02;1.4795646e-01;1.5250000e+02;1.9216093e-01;1.5250000e+02;2.2432831e-01;1.5250000e+02;2.3819759e-01;1.5250000e+02;2.3593193e-01;1.5250000e+02;2.1820508e-01;1.5250000e+02;1.8953934e-01;1.5250000e+02;1.5234840e-01;1.5250000e+02;1.1154838e-01;1.5250000e+02;7.2137482e-02;1.5250000e+02;3.3508413e-02;1.5250000e+02;-5.4145092e-03;1.5250000e+02;2.2919141e-03;1.5250000e+02;1.4447076e-02;1.5250000e+02;2.8757337e-02;1.5250000e+02;4.7713794e-02;1.5250000e+02;7.1731947e-02;1.5250000e+02;1.0587236e-01;1.5250000e+02;1.4795646e-01;1.5250000e+02;1.9216093e-01;1.5250000e+02;2.2432831e-01;1.5250000e+02;2.3819759e-01;1.5250000e+02;2.3593193e-01;1.5250000e+02;2.1820508e-01;1.5250000e+02;1.8953934e-01;1.5250000e+02;1.5234840e-01;1.5250000e+02;1.1154838e-01;1.5250000e+02;7.2137482e-02;1.5250000e+02;3.3508413e-02;1.5250000e+02;-5.4145092e-03;1.5250000e+02;2.2919141e-03;1.5250000e+02;1.4447076e-02;1.5250000e+02;2.8757337e-02;1.5250000e+02;4.7713794e-02;1.5250000e+02;7.1731947e-02;1.5250000e+02;1.0587236e-01;1.5250000e+02;1.4795646e-01;1.5250000e+02;1.9216093e-01;1.5250000e+02;2.2432831e-01;1.5250000e+02;2.3819759e-01;1.5250000e+02;2.3593193e-01;1.5250000e+02;2.1820508e-01;1.5250000e+02;1.8953934e-01;1.5250000e+02;1.5234840e-01;1.5250000e+02;1.1154838e-01;1.5250000e+02;7.2137482e-02;1.5250000e+02;3.3508413e-02;1.5250000e+02;-5.4145092e-03;1.5250000e+02;2.2919141e-03;1.5250000e+02;1.4447076e-02;1.5250000e+02;2.8757337e-02;1.5250000e+02;4.7713794e-02;1.5250000e+02;7.1731947e-02;1.5250000e+02;1.0587236e-01;1.5250000e+02;1.4795646e-01;1.5250000e+02;1.9216093e-01;1.5250000e+02;2.2432831e-01;1.5250000e+02;2.3819759e-01;1.5250000e+02;2.3593193e-01;1.5250000e+02;2.1820508e-01;1.5250000e+02;1.8953934e-01;1.5250000e+02;1.5234840e-01;1.5250000e+02;1.1154838e-01;1.5250000e+02;7.2137482e-02;1.5250000e+02;3.3508413e-02;1.5250000e+02;-5.4145092e-03;1.5250000e+02;2.2919141e-03;1.5250000e+02;1.4447076e-02;1.5250000e+02;2.8757337e-02;1.5250000e+02;4.7713794e-02;1.5250000e+02;7.1731947e-02;1.5250000e+02;1.0587236e-01;1.5250000e+02;1.4795646e-01;1.5250000e+02;1.9216093e-01;1.5250000e+02;2.2432831e-01;1.5250000e+02;2.3819759e-01;1.5250000e+02;2.3593193e-01;1.5250000e+02;2.1820508e-01;1.5250000e+02;1.8953934e-01;1.5250000e+02;1.5234840e-01;1.5250000e+02;1.1154838e-01;1.5250000e+02;7.2137482e-02;1.5250000e+02;3.3508413e-02;1.5250000e+02;-5.4145092e-03;1.5250000e+02;2.2919141e-03;1.5250000e+02;1.4447076e-02;1.5250000e+02;2.8757337e-02;1.5250000e+02;4.7713794e-02;1.5250000e+02;7.1731947e-02;1.5250000e+02;1.0587236e-01;1.5250000e+02;1.4795646e-01;1.5250000e+02;1.9216093e-01;1.5250000e+02;2.2432831e-01;1.5250000e+02;2.3819759e-01;1.5250000e+02;2.3593193e-01;1.5250000e+02;2.1820508e-01;1.5250000e+02;1.8953934e-01;1.5250000e+02;1.5234840e-01;1.5250000e+02;1.1154838e-01;1.5250000e+02;7.2137482e-02;1.5250000e+02;3.3508413e-02;1.5250000e+02;-5.4145092e-03;1.5250000e+02;2.2919141e-03;1.5250000e+02;1.4447076e-02;1.5250000e+02;2.8757337e-02;1.5250000e+02;4.7713794e-02;1.5250000e+02;7.1731947e-02;1.5250000e+02;1.0587236e-01;1.5250000e+02;1.4795646e-01;1.5250000e+02;1.9216093e-01;1.5250000e+02;2.2432831e-01;1.5250000e+02;2.3819759e-01;1.5250000e+02;2.3593193e-01;1.5250000e+02;2.1820508e-01;1.5250000e+02;1.8953934e-01;1.5250000e+02;1.5234840e-01;1.5250000e+02;1.1154838e-01;1.5250000e+02;7.2137482e-02;1.5250000e+02;3.3508413e-02;1.5250000e+02;-5.4145092e-03;1.5250000e+02;2.2919141e-03;1.5250000e+02;1.4447076e-02;1.5250000e+02;2.8757337e-02;1.5250000e+02;4.7713794e-02;1.5250000e+02;7.1731947e-02;1.5250000e+02;1.0587236e-01;1.5250000e+02;1.4795646e-01;1.5250000e+02;1.9216093e-01;1.5250000e+02;2.2432831e-01;1.5250000e+02;2.3819759e-01;1.5250000e+02;2.3593193e-01;1.5250000e+02;2.1820508e-01;1.5250000e+02;1.8953934e-01;1.5250000e+02;1.5234840e-01;1.5250000e+02;1.1154838e-01;1.5250000e+02;7.2137482e-02;1.5250000e+02;3.3508413e-02;1.5250000e+02;-5.4145092e-03;1.5250000e+02;2.2919141e-03;1.5250000e+02;1.4447076e-02;1.5250000e+02;2.8757337e-02;1.5250000e+02;4.7713794e-02;1.5250000e+02;7.1731947e-02;1.5250000e+02;1.0587236e-01;1.5250000e+02;1.4795646e-01;1.5250000e+02;1.9216093e-01;1.5250000e+02;2.2432831e-01;1.5250000e+02;2.3819759e-01;1.5250000e+02;2.3593193e-01;1.5250000e+02;2.1820508e-01;1.5250000e+02;1.8953934e-01;1.5250000e+02;1.5234840e-01;1.5250000e+02;1.1154838e-01;1.5250000e+02;7.2137482e-02;1.5250000e+02;3.3508413e-02;1.5250000e+02;-5.4145092e-03;1.5250000e+02;2.2919141e-03;1.5250000e+02;1.4447076e-02;1.5250000e+02;2.8757337e-02;1.5250000e+02;4.7713794e-02;1.5250000e+02;7.1731947e-02;1.5250000e+02;1.0587236e-01;1.5250000e+02;1.4795646e-01;1.5250000e+02;1.9216093e-01;1.5250000e+02;2.2432831e-01;1.5250000e+02;2.3819759e-01;1.5250000e+02;2.3593193e-01;1.5250000e+02;2.1820508e-01;1.5250000e+02;1.8953934e-01;1.5250000e+02;1.5234840e-01;1.5250000e+02;1.1154838e-01;1.5250000e+02;7.2137482e-02;1.5250000e+02;3.3508413e-02;1.5250000e+02;-5.4145092e-03;1.5250000e+02;2.2919141e-03;1.5250000e+02;1.4447076e-02;1.5250000e+02;2.8757337e-02;1.5250000e+02;4.7713794e-02;1.5250000e+02;7.1731947e-02;1.5250000e+02;1.0587236e-01;1.5250000e+02;1.4795646e-01;1.5250000e+02;1.9216093e-01;1.5250000e+02;2.2432831e-01;1.5250000e+02;2.3819759e-01;1.5250000e+02;2.3593193e-01;1.5250000e+02;2.1820508e-01;1.5250000e+02;1.8953934e-01;1.5250000e+02;1.5234840e-01;1.5250000e+02;1.1154838e-01;1.5250000e+02;7.2137482e-02;1.5250000e+02;3.3508413e-02;1.5250000e+02;-5.4145092e-03;1.5250000e+02;2.2919141e-03;1.5250000e+02;1.4447076e-02;1.5250000e+02;2.8757337e-02;1.5250000e+02;4.7713794e-02;1.5250000e+02;7.1731947e-02;1.5250000e+02;1.0587236e-01;1.5250000e+02;1.4795646e-01;1.5250000e+02;1.9216093e-01;1.5250000e+02;2.2432831e-01;1.5250000e+02;2.3819759e-01;1.5250000e+02;2.3593193e-01;1.5250000e+02;2.1820508e-01;1.5250000e+02;1.8953934e-01;1.5250000e+02;1.5234840e-01;1.5250000e+02;1.1154838e-01;1.5250000e+02;7.2137482e-02;1.5250000e+02;3.3508413e-02;1.5250000e+02;-5.4145092e-03;1.5250000e+02;2.2919141e-03;1.5250000e+02;1.4447076e-02;1.5250000e+02;2.8757337e-02;1.5250000e+02;4.7713794e-02;1.5250000e+02;7.1731947e-02;1.5250000e+02;1.0587236e-01;1.5250000e+02;1.4795646e-01;1.5250000e+02;1.9216093e-01;1.5250000e+02;2.2432831e-01;1.5250000e+02;2.3819759e-01;1.5250000e+02;2.3593193e-01;1.5250000e+02;2.1820508e-01;1.5250000e+02;1.8953934e-01;1.5250000e+02;1.5234840e-01;1.5250000e+02;1.1154838e-01;1.5250000e+02;7.2137482e-02;1.5250000e+02;3.3508413e-02;1.5250000e+02;-5.4145092e-03;1.5250000e+02;2.2919141e-03;1.5250000e+02;1.4447076e-02;1.5250000e+02;2.8757337e-02;1.5250000e+02;4.7713794e-02;1.5250000e+02;7.1731947e-02;1.5250000e+02;1.0587236e-01;1.5250000e+02;1.4795646e-01;1.5250000e+02;1.9216093e-01;1.5250000e+02;2.2432831e-01;1.5250000e+02;2.3819759e-01;1.5250000e+02;2.3593193e-01;1.5250000e+02;2.1820508e-01;1.5250000e+02;1.8953934e-01;1.5250000e+02;1.5234840e-01;1.5250000e+02;1.1154838e-01;1.5250000e+02;7.2137482e-02;1.5250000e+02;3.3508413e-02;1.5250000e+02;-5.4145092e-03;1.5250000e+02;2.2919141e-03;1.5250000e+02;1.4447076e-02;1.5250000e+02;2.8757337e-02;1.5250000e+02;4.7713794e-02;1.5250000e+02;7.1731947e-02;1.5250000e+02;1.0587236e-01;1.5250000e+02;1.4795646e-01;1.5250000e+02;1.9216093e-01;1.5250000e+02;2.2432831e-01;1.5250000e+02;2.3819759e-01;1.5250000e+02;2.3593193e-01;1.5250000e+02;2.1820508e-01;1.5250000e+02;1.8953934e-01;1.5250000e+02;1.5234840e-01;1.5250000e+02;1.1154838e-01;1.5250000e+02;7.2137482e-02;1.5250000e+02;3.3508413e-02;1.5250000e+02;-5.4145092e-03;1.5250000e+02;2.2919141e-03;1.5250000e+02;1.4447076e-02;1.5250000e+02;2.8757337e-02;1.5250000e+02;4.7713794e-02;1.5250000e+02;7.1731947e-02;1.5250000e+02;1.0587236e-01;1.5250000e+02;1.4795646e-01;1.5250000e+02;1.9216093e-01;1.5250000e+02;2.2432831e-01;1.5250000e+02;2.3819759e-01;1.5250000e+02;2.3593193e-01;1.5250000e+02;2.1820508e-01;1.5250000e+02;1.8953934e-01;1.5250000e+02;1.5234840e-01;1.5250000e+02;1.1154838e-01;1.5250000e+02;7.2137482e-02;1.5250000e+02;3.3508413e-02;1.5250000e+02;-5.4145092e-03;1.5250000e+02;2.2919141e-03;1.5250000e+02;1.4447076e-02;1.5250000e+02;2.8757337e-02;1.5250000e+02;4.7713794e-02;1.5250000e+02;7.1731947e-02;1.5250000e+02;1.0587236e-01;1.5250000e+02;1.4795646e-01;1.5250000e+02;1.9216093e-01;1.5250000e+02;2.2432831e-01;1.5250000e+02;2.3819759e-01;1.5250000e+02;2.3593193e-01;1.5250000e+02;2.1820508e-01;1.5250000e+02;1.8953934e-01;1.5250000e+02;1.5234840e-01;1.5250000e+02;1.1154838e-01;1.5250000e+02;7.2137482e-02;1.5250000e+02;3.3508413e-02;1.5250000e+02;-5.4145092e-03;1.5250000e+02;2.2919141e-03;1.5250000e+02;1.4447076e-02;1.5250000e+02;2.8757337e-02;1.5250000e+02;4.7713794e-02;1.5250000e+02;7.1731947e-02;1.5250000e+02;1.0587236e-01;1.5250000e+02;1.4795646e-01;1.5250000e+02;1.9216093e-01;1.5250000e+02;2.2432831e-01;1.5250000e+02;2.3819759e-01;1.5250000e+02;2.3593193e-01;1.5250000e+02;2.1820508e-01;1.5250000e+02;1.8953934e-01;1.5250000e+02;1.5234840e-01;1.5250000e+02;1.1154838e-01;1.5250000e+02;7.2137482e-02;1.5250000e+02;3.3508413e-02;1.5250000e+02;-5.4145092e-03;1.5250000e+02;2.2919141e-03;1.5250000e+02;1.4447076e-02;1.5250000e+02;2.8757337e-02;1.5250000e+02;4.7713794e-02;1.5250000e+02;7.1731947e-02;1.5250000e+02;1.0587236e-01;1.5250000e+02;1.4795646e-01;1.5250000e+02;1.9216093e-01;1.5250000e+02;2.2432831e-01;1.5250000e+02;2.3819759e-01;1.5250000e+02;2.3593193e-01;1.5250000e+02;2.1820508e-01;1.5250000e+02;1.8953934e-01;1.5250000e+02;1.5234840e-01;1.5250000e+02;1.1154838e-01;1.5250000e+02;7.2137482e-02;1.5250000e+02;3.3508413e-02;1.5250000e+02;-5.4145092e-03;1.5250000e+02;2.2919141e-03;1.5250000e+02;1.4447076e-02;1.5250000e+02;2.8757337e-02;1.5250000e+02;4.7713794e-02;1.5250000e+02;7.1731947e-02;1.5250000e+02;1.0587236e-01;1.5250000e+02;1.4795646e-01;1.5250000e+02;1.9216093e-01;1.5250000e+02;2.2432831e-01;1.5250000e+02;2.3819759e-01;1.5250000e+02;2.3593193e-01;1.5250000e+02;2.1820508e-01;1.5250000e+02;1.8953934e-01;1.5250000e+02;1.5234840e-01;1.5250000e+02;1.1154838e-01;1.5250000e+02;7.2137482e-02;1.5250000e+02;3.3508413e-02;1.5250000e+02;-5.4145092e-03;1.5250000e+02;2.2919141e-03;1.5250000e+02;1.4447076e-02;1.5250000e+02;2.8757337e-02;1.5250000e+02;4.7713794e-02;1.5250000e+02;7.1731947e-02;1.5250000e+02;1.0587236e-01;1.5250000e+02;1.4795646e-01;1.5250000e+02;1.9216093e-01;1.5250000e+02;2.2432831e-01;1.5250000e+02;2.3819759e-01;1.5250000e+02;2.3593193e-01;1.5250000e+02;2.1820508e-01;1.5250000e+02;1.8953934e-01;1.5250000e+02;1.5234840e-01;1.5250000e+02;1.1154838e-01;1.5250000e+02;7.2137482e-02;1.5250000e+02;3.3508413e-02;1.5250000e+02;-5.4145092e-03;1.5250000e+02;2.2919141e-03;1.5250000e+02;1.4447076e-02;1.5250000e+02;2.8757337e-02;1.5250000e+02;4.7713794e-02;1.5250000e+02;7.1731947e-02;1.5250000e+02;1.0587236e-01;1.5250000e+02;1.4795646e-01;1.5250000e+02;1.9216093e-01;1.5250000e+02;2.2432831e-01;1.5250000e+02;2.3819759e-01;1.5250000e+02;2.3593193e-01;1.5250000e+02;2.1820508e-01;1.5250000e+02;1.8953934e-01;1.5250000e+02;1.5234840e-01;1.5250000e+02;1.1154838e-01;1.5250000e+02;7.2137482e-02;1.5250000e+02;3.3508413e-02;1.5250000e+02;-5.4145092e-03;1.5250000e+02;2.2919141e-03;1.5250000e+02;1.4447076e-02;1.5250000e+02;2.8757337e-02;1.5250000e+02;4.7713794e-02;1.5250000e+02;7.1731947e-02;1.5250000e+02;1.0587236e-01;1.5250000e+02;1.4795646e-01;1.5250000e+02;1.9216093e-01;1.5250000e+02;2.2432831e-01;1.5250000e+02;2.3819759e-01;1.5250000e+02;2.3593193e-01;1.5250000e+02;2.1820508e-01;1.5250000e+02;1.8953934e-01;1.5250000e+02;1.5234840e-01;1.5250000e+02;1.1154838e-01;1.5250000e+02;7.2137482e-02;1.5250000e+02;3.3508413e-02;1.5250000e+02;-5.4145092e-03;1.5250000e+02;2.2919141e-03;1.5250000e+02;1.4447076e-02;1.5250000e+02;2.8757337e-02;1.5250000e+02;4.7713794e-02;1.5250000e+02;7.1731947e-02;1.5250000e+02;1.0587236e-01;1.5250000e+02;1.4795646e-01;1.5250000e+02;1.9216093e-01;1.5250000e+02;2.2432831e-01;1.5250000e+02;2.3819759e-01;1.5250000e+02;2.3593193e-01;1.5250000e+02;2.1820508e-01;1.5250000e+02;1.8953934e-01;1.5250000e+02;1.5234840e-01;1.5250000e+02;1.1154838e-01;1.5250000e+02;7.2137482e-02;1.5250000e+02;3.3508413e-02;1.5250000e+02;-5.4145092e-03;1.5250000e+02;2.2919141e-03;1.5250000e+02;1.4447076e-02;1.5250000e+02;2.8757337e-02;1.5250000e+02;4.7713794e-02;1.5250000e+02;7.1731947e-02;1.5250000e+02;1.0587236e-01;1.5250000e+02;1.4795646e-01;1.5250000e+02;1.9216093e-01;1.5250000e+02;2.2432831e-01;1.5250000e+02;2.3819759e-01;1.5250000e+02;2.3593193e-01;1.5250000e+02;2.1820508e-01;1.5250000e+02;1.8953934e-01;1.5250000e+02;1.5234840e-01;1.5250000e+02;1.1154838e-01;1.5250000e+02;7.2137482e-02;1.5250000e+02;3.3508413e-02;1.5250000e+02;-5.4145092e-03;1.5250000e+02;2.2919141e-03;1.5250000e+02;1.4447076e-02;1.5250000e+02;2.8757337e-02;1.5250000e+02;4.7713794e-02;1.5250000e+02;7.1731947e-02;1.5250000e+02;1.0587236e-01;1.5250000e+02;1.4795646e-01;1.5250000e+02;1.9216093e-01;1.5250000e+02;2.2432831e-01;1.5250000e+02;2.3819759e-01;1.5250000e+02;2.3593193e-01;1.5250000e+02;2.1820508e-01;1.5250000e+02;1.8953934e-01;1.5250000e+02;1.5234840e-01;1.5250000e+02;1.1154838e-01;1.5250000e+02;7.2137482e-02;1.5250000e+02;3.3508413e-02;1.5250000e+02;-5.4145092e-03;1.5250000e+02;2.2919141e-03;1.5250000e+02;1.4447076e-02;1.5250000e+02;2.8757337e-02;1.5250000e+02;4.7713794e-02;1.5250000e+02;7.1731947e-02;1.5250000e+02;1.0587236e-01;1.5250000e+02;1.4795646e-01;1.5250000e+02;1.9216093e-01;1.5250000e+02;2.2432831e-01;1.5250000e+02;2.3819759e-01;1.5250000e+02;2.3593193e-01;1.5250000e+02;2.1820508e-01;1.5250000e+02;1.8953934e-01;1.5250000e+02;1.5234840e-01;1.5250000e+02;1.1154838e-01;1.5250000e+02;7.2137482e-02;1.5250000e+02;3.3508413e-02;1.5250000e+02;-5.4145092e-03;1.5250000e+02;2.2919141e-03;1.5250000e+02;1.4447076e-02;1.5250000e+02;2.8757337e-02;1.5250000e+02;4.7713794e-02;1.5250000e+02;7.1731947e-02;1.5250000e+02;1.0587236e-01;1.5250000e+02;1.4795646e-01;1.5250000e+02;1.9216093e-01;1.5250000e+02;2.2432831e-01;1.5250000e+02;2.3819759e-01;1.5250000e+02;2.3593193e-01;1.5250000e+02;2.1820508e-01;1.5250000e+02;1.8953934e-01;1.5250000e+02;1.5234840e-01;1.5250000e+02;1.1154838e-01;1.5250000e+02;7.2137482e-02;1.5250000e+02;3.3508413e-02;1.5250000e+02;-5.4145092e-03;1.5250000e+02;2.2919141e-03;1.5250000e+02;1.4447076e-02;1.5250000e+02;2.8757337e-02;1.5250000e+02;4.7713794e-02;1.5250000e+02;7.1731947e-02;1.5250000e+02;1.0587236e-01;1.5250000e+02;1.4795646e-01;1.5250000e+02;1.9216093e-01;1.5250000e+02;2.2432831e-01;1.5250000e+02;2.3819759e-01;1.5250000e+02;2.3593193e-01;1.5250000e+02;2.1820508e-01;1.5250000e+02;1.8953934e-01;1.5250000e+02;1.5234840e-01;1.5250000e+02;1.1154838e-01;1.5250000e+02;7.2137482e-02;1.5250000e+02;3.3508413e-02;1.5250000e+02;-5.4145092e-03;1.5250000e+02;2.2919141e-03;1.5250000e+02;1.4447076e-02;1.5250000e+02;2.8757337e-02;1.5250000e+02;4.7713794e-02;1.5250000e+02;7.1731947e-02;1.5250000e+02;1.0587236e-01;1.5250000e+02;1.4795646e-01;1.5250000e+02;1.9216093e-01;1.5250000e+02;2.2432831e-01;1.5250000e+02;2.3819759e-01;1.5250000e+02;2.3593193e-01;1.5250000e+02;2.1820508e-01;1.5250000e+02;1.8953934e-01;1.5250000e+02;1.5234840e-01;1.5250000e+02;1.1154838e-01;1.5250000e+02;7.2137482e-02;1.5250000e+02;3.3508413e-02;1.5250000e+02;-5.4145092e-03;1.5250000e+02;2.2919141e-03;1.5250000e+02;1.4447076e-02;1.5250000e+02;2.8757337e-02;1.5250000e+02;4.7713794e-02;1.5250000e+02;7.1731947e-02;1.5250000e+02;1.0587236e-01;1.5250000e+02;1.4795646e-01;1.5250000e+02;1.9216093e-01;1.5250000e+02;2.2432831e-01;1.5250000e+02;2.3819759e-01;1.5250000e+02;2.3593193e-01;1.5250000e+02;2.1820508e-01;1.5250000e+02;1.8953934e-01;1.5250000e+02;1.5234840e-01;1.5250000e+02;1.1154838e-01;1.5250000e+02;7.2137482e-02;1.5250000e+02;3.3508413e-02;1.5250000e+02;-5.4145092e-03;1.5250000e+02;2.2919141e-03;1.5250000e+02;1.4447076e-02;1.5250000e+02;2.8757337e-02;1.5250000e+02;4.7713794e-02;1.5250000e+02;7.1731947e-02;1.5250000e+02;1.0587236e-01;1.5250000e+02;1.4795646e-01;1.5250000e+02;1.9216093e-01;1.5250000e+02;2.2432831e-01;1.5250000e+02;2.3819759e-01;1.5250000e+02;2.3593193e-01;1.5250000e+02;2.1820508e-01;1.5250000e+02;1.8953934e-01;1.5250000e+02;1.5234840e-01;1.5250000e+02;1.1154838e-01;1.5250000e+02;7.2137482e-02;1.5250000e+02;3.3508413e-02;1.5250000e+02;-5.4145092e-03;1.5250000e+02;2.2919141e-03;1.5250000e+02;1.4447076e-02;1.5250000e+02;2.8757337e-02;1.5250000e+02;4.7713794e-02;1.5250000e+02;7.1731947e-02;1.5250000e+02;1.0587236e-01;1.5250000e+02;1.4795646e-01;1.5250000e+02;1.9216093e-01;1.5250000e+02;2.2432831e-01;1.5250000e+02;2.3819759e-01;1.5250000e+02;2.3593193e-01;1.5250000e+02;2.1820508e-01;1.5250000e+02;1.8953934e-01;1.5250000e+02;1.5234840e-01;1.5250000e+02;1.1154838e-01;1.5250000e+02;7.2137482e-02;1.5250000e+02;3.3508413e-02;1.5250000e+02;-5.4145092e-03;1.5250000e+02;2.2919141e-03;1.5250000e+02;1.4447076e-02;1.5250000e+02;2.8757337e-02;1.5250000e+02;4.7713794e-02;1.5250000e+02;7.1731947e-02;1.5250000e+02;1.0587236e-01;1.5250000e+02;1.4795646e-01;1.5250000e+02;1.9216093e-01;1.5250000e+02;2.2432831e-01;1.5250000e+02;2.3819759e-01;1.5250000e+02;2.3593193e-01;1.5250000e+02;2.1820508e-01;1.5250000e+02;1.8953934e-01;1.5250000e+02;1.5234840e-01;1.5250000e+02;1.1154838e-01;1.5250000e+02;7.2137482e-02;1.5250000e+02;3.3508413e-02;1.5250000e+02;-5.4145092e-03;1.5250000e+02;2.2919141e-03;1.5250000e+02;1.4447076e-02;1.5250000e+02;2.8757337e-02;1.5250000e+02;4.7713794e-02;1.5250000e+02;7.1731947e-02;1.5250000e+02;1.0587236e-01;1.5250000e+02;1.4795646e-01;1.5250000e+02;1.9216093e-01;1.5250000e+02;2.2432831e-01;1.5250000e+02;2.3819759e-01;1.5250000e+02;2.3593193e-01;1.5250000e+02;2.1820508e-01;1.5250000e+02;1.8953934e-01;1.5250000e+02;1.5234840e-01;1.5250000e+02;1.1154838e-01;1.5250000e+02;7.2137482e-02;1.5250000e+02;3.3508413e-02;1.5250000e+02;-5.4145092e-03;1.5250000e+02;2.2919141e-03;1.5250000e+02;1.4447076e-02;1.5250000e+02;2.8757337e-02;1.5250000e+02;4.7713794e-02;1.5250000e+02;7.1731947e-02;1.5250000e+02;1.0587236e-01;1.5250000e+02;1.4795646e-01;1.5250000e+02;1.9216093e-01;1.5250000e+02;2.2432831e-01;1.5250000e+02;2.3819759e-01;1.5250000e+02;2.3593193e-01;1.5250000e+02;2.1820508e-01;1.5250000e+02;1.8953934e-01;1.5250000e+02;1.5234840e-01;1.5250000e+02;1.1154838e-01;1.5250000e+02;7.2137482e-02;1.5250000e+02;3.3508413e-02;1.5250000e+02;-5.4145092e-03;1.5250000e+02;2.2919141e-03;1.5250000e+02;1.4447076e-02;1.5250000e+02;2.8757337e-02;1.5250000e+02;4.7713794e-02;1.5250000e+02;7.1731947e-02;1.5250000e+02;1.0587236e-01;1.5250000e+02;1.4795646e-01;1.5250000e+02;1.9216093e-01;1.5250000e+02;2.2432831e-01;1.5250000e+02;2.3819759e-01;1.5250000e+02;2.3593193e-01;1.5250000e+02;2.1820508e-01;1.5250000e+02;1.8953934e-01;1.5250000e+02;1.5234840e-01;1.5250000e+02;1.1154838e-01;1.5250000e+02;7.2137482e-02;1.5250000e+02;3.3508413e-02;1.5250000e+02;-5.4145092e-03;1.5250000e+02;2.2919141e-03;1.5250000e+02;1.4447076e-02;1.5250000e+02;2.8757337e-02;1.5250000e+02;4.7713794e-02;1.5250000e+02;7.1731947e-02;1.5250000e+02;1.0587236e-01;1.5250000e+02;1.4795646e-01;1.5250000e+02;1.9216093e-01;1.5250000e+02;2.2432831e-01;1.5250000e+02;2.3819759e-01;1.5250000e+02;2.3593193e-01;1.5250000e+02;2.1820508e-01;1.5250000e+02;1.8953934e-01;1.5250000e+02;1.5234840e-01;1.5250000e+02;1.1154838e-01;1.5250000e+02;7.2137482e-02;1.5250000e+02;3.3508413e-02;1.5250000e+02;-5.4145092e-03;1.5250000e+02;2.2919141e-03;1.5250000e+02;1.4447076e-02;1.5250000e+02;2.8757337e-02;1.5250000e+02;4.7713794e-02;1.5250000e+02;7.1731947e-02;1.5250000e+02;1.0587236e-01;1.5250000e+02;1.4795646e-01;1.5250000e+02;1.9216093e-01;1.5250000e+02;2.2432831e-01;1.5250000e+02;2.3819759e-01;1.5250000e+02;2.3593193e-01;1.5250000e+02;2.1820508e-01;1.5250000e+02;1.8953934e-01;1.5250000e+02;1.5234840e-01;1.5250000e+02;1.1154838e-01;1.5250000e+02;7.2137482e-02;1.5250000e+02;3.3508413e-02;1.5250000e+02;-5.4145092e-03;1.5250000e+02;2.2919141e-03;1.5250000e+02;1.4447076e-02;1.5250000e+02;2.8757337e-02;1.5250000e+02;4.7713794e-02;1.5250000e+02;7.1731947e-02;1.5250000e+02;1.0587236e-01;1.5250000e+02;1.4795646e-01;1.5250000e+02;1.9216093e-01;1.5250000e+02;2.2432831e-01;1.5250000e+02;2.3819759e-01;1.5250000e+02;2.3593193e-01;1.5250000e+02;2.1820508e-01;1.5250000e+02;1.8953934e-01;1.5250000e+02;1.5234840e-01;1.5250000e+02;1.1154838e-01;1.5250000e+02;7.2137482e-02;1.5250000e+02;3.3508413e-02;1.5250000e+02;-5.4145092e-03;1.5250000e+02;2.2919141e-03;1.5250000e+02;1.4447076e-02;1.5250000e+02;2.8757337e-02;1.5250000e+02;4.7713794e-02;1.5250000e+02;7.1731947e-02;1.5250000e+02;1.0587236e-01;1.5250000e+02;1.4795646e-01;1.5250000e+02;1.9216093e-01;1.5250000e+02;2.2432831e-01;1.5250000e+02;2.3819759e-01;1.5250000e+02;2.3593193e-01;1.5250000e+02;2.1820508e-01;1.5250000e+02;1.8953934e-01;1.5250000e+02;1.5234840e-01;1.5250000e+02;1.1154838e-01;1.5250000e+02;7.2137482e-02;1.5250000e+02;3.3508413e-02;1.5250000e+02;-5.4145092e-03;1.5250000e+02;2.2919141e-03;1.5250000e+02;1.4447076e-02;1.5250000e+02;2.8757337e-02;1.5250000e+02;4.7713794e-02;1.5250000e+02;7.1731947e-02;1.5250000e+02;1.0587236e-01;1.5250000e+02;1.4795646e-01;1.5250000e+02;1.9216093e-01;1.5250000e+02;2.2432831e-01;1.5250000e+02;2.3819759e-01;1.5250000e+02;2.3593193e-01;1.5250000e+02;2.1820508e-01;1.5250000e+02;1.8953934e-01;1.5250000e+02;1.5234840e-01;1.5250000e+02;1.1154838e-01;1.5250000e+02;7.2137482e-02;1.5250000e+02;3.3508413e-02;1.5250000e+02;-5.4145092e-03;1.5250000e+02;2.2919141e-03;1.5250000e+02;1.4447076e-02;1.5250000e+02;2.8757337e-02;1.5250000e+02;4.7713794e-02;1.5250000e+02;7.1731947e-02;1.5250000e+02;1.0587236e-01;1.5250000e+02;1.4795646e-01;1.5250000e+02;1.9216093e-01;1.5250000e+02;2.2432831e-01;1.5250000e+02;2.3819759e-01;1.5250000e+02;2.3593193e-01;1.5250000e+02;2.1820508e-01;1.5250000e+02;1.8953934e-01;1.5250000e+02;1.5234840e-01;1.5250000e+02;1.1154838e-01;1.5250000e+02;7.2137482e-02;1.5250000e+02;3.3508413e-02;1.5250000e+02;-5.4145092e-03;1.5250000e+02;2.2919141e-03;1.5250000e+02;1.4447076e-02;1.5250000e+02;2.8757337e-02;1.5250000e+02;4.7713794e-02;1.5250000e+02;7.1731947e-02;1.5250000e+02;1.0587236e-01;1.5250000e+02;1.4795646e-01;1.5250000e+02;1.9216093e-01;1.5250000e+02;2.2432831e-01;1.5250000e+02;2.3819759e-01;1.5250000e+02;2.3593193e-01;1.5250000e+02;2.1820508e-01;1.5250000e+02;1.8953934e-01;1.5250000e+02;1.5234840e-01;1.5250000e+02;1.1154838e-01;1.5250000e+02;7.2137482e-02;1.5250000e+02;3.3508413e-02;1.5250000e+02;-5.4145092e-03;1.5250000e+02;2.2919141e-03;1.5250000e+02;1.4447076e-02;1.5250000e+02;2.8757337e-02;1.5250000e+02;4.7713794e-02;1.5250000e+02;7.1731947e-02;1.5250000e+02;1.0587236e-01;1.5250000e+02;1.4795646e-01;1.5250000e+02;1.9216093e-01;1.5250000e+02;2.2432831e-01;1.5250000e+02;2.3819759e-01;1.5250000e+02;2.3593193e-01;1.5250000e+02;2.1820508e-01;1.5250000e+02;1.8953934e-01;1.5250000e+02;1.5234840e-01;1.5250000e+02;1.1154838e-01;1.5250000e+02;7.2137482e-02;1.5250000e+02;3.3508413e-02;1.5250000e+02;-5.4145092e-03;1.5250000e+02;2.2919141e-03;1.5250000e+02;1.4447076e-02;1.5250000e+02;2.8757337e-02;1.5250000e+02;4.7713794e-02;1.5250000e+02;7.1731947e-02;1.5250000e+02;1.0587236e-01;1.5250000e+02;1.4795646e-01;1.5250000e+02;1.9216093e-01;1.5250000e+02;2.2432831e-01;1.5250000e+02;2.3819759e-01;1.5250000e+02;2.3593193e-01;1.5250000e+02;2.1820508e-01;1.5250000e+02;1.8953934e-01;1.5250000e+02;1.5234840e-01;1.5250000e+02;1.1154838e-01;1.5250000e+02;7.2137482e-02;1.5250000e+02;3.3508413e-02;1.5250000e+02;-5.4145092e-03;1.5250000e+02;2.2919141e-03;1.5250000e+02;1.4447076e-02;1.5250000e+02;2.8757337e-02;1.5250000e+02;4.7713794e-02;1.5250000e+02;7.1731947e-02;1.5250000e+02;1.0587236e-01;1.5250000e+02;1.4795646e-01;1.5250000e+02;1.9216093e-01;1.5250000e+02;2.2432831e-01;1.5250000e+02;2.3819759e-01;1.5250000e+02;2.3593193e-01;1.5250000e+02;2.1820508e-01;1.5250000e+02;1.8953934e-01;1.5250000e+02;1.5234840e-01;1.5250000e+02;1.1154838e-01;1.5250000e+02;7.2137482e-02;1.5250000e+02;3.3508413e-02;1.5250000e+02;-5.4145092e-03;1.5250000e+02;2.2919141e-03;1.5250000e+02;1.4447076e-02;1.5250000e+02;2.8757337e-02;1.5250000e+02;4.7713794e-02;1.5250000e+02;7.1731947e-02;1.5250000e+02;1.0587236e-01;1.5250000e+02;1.4795646e-01;1.5250000e+02;1.9216093e-01;1.5250000e+02;2.2432831e-01;1.5250000e+02;2.3819759e-01;1.5250000e+02;2.3593193e-01;1.5250000e+02;2.1820508e-01;1.5250000e+02;1.8953934e-01;1.5250000e+02;1.5234840e-01;1.5250000e+02;1.1154838e-01;1.5250000e+02;7.2137482e-02;1.5250000e+02;3.3508413e-02;1.5250000e+02;-5.4145092e-03;1.5250000e+02;2.2919141e-03;1.5250000e+02;1.4447076e-02;1.5250000e+02;2.8757337e-02;1.5250000e+02;4.7713794e-02;1.5250000e+02;7.1731947e-02;1.5250000e+02;1.0587236e-01;1.5250000e+02;1.4795646e-01;1.5250000e+02;1.9216093e-01;1.5250000e+02;2.2432831e-01;1.5250000e+02;2.3819759e-01;1.5250000e+02;2.3593193e-01;1.5250000e+02;2.1820508e-01;1.5250000e+02;1.8953934e-01;1.5250000e+02;1.5234840e-01;1.5250000e+02;1.1154838e-01;1.5250000e+02;7.2137482e-02;1.5250000e+02;3.3508413e-02;1.5250000e+02;-5.4145092e-03;1.5250000e+02;2.2919141e-03;1.5250000e+02;1.4447076e-02;1.5250000e+02;2.8757337e-02;1.5250000e+02;4.7713794e-02;1.5250000e+02;7.1731947e-02;1.5250000e+02;1.0587236e-01;1.5250000e+02;1.4795646e-01;1.5250000e+02;1.9216093e-01;1.5250000e+02;2.2432831e-01;1.5250000e+02;2.3819759e-01;1.5250000e+02;2.3593193e-01;1.5250000e+02;2.1820508e-01;1.5250000e+02;1.8953934e-01;1.5250000e+02;1.5234840e-01;1.5250000e+02;1.1154838e-01;1.5250000e+02;7.2137482e-02;1.5250000e+02;3.3508413e-02;1.5250000e+02;-5.4145092e-03;1.5250000e+02;2.2919141e-03;1.5250000e+02;1.4447076e-02;1.5250000e+02;2.8757337e-02;1.5250000e+02;4.7713794e-02;1.5250000e+02;7.1731947e-02;1.5250000e+02;1.0587236e-01;1.5250000e+02;1.4795646e-01;1.5250000e+02;1.9216093e-01;1.5250000e+02;2.2432831e-01;1.5250000e+02;2.3819759e-01;1.5250000e+02;2.3593193e-01;1.5250000e+02;2.1820508e-01;1.5250000e+02;1.8953934e-01;1.5250000e+02;1.5234840e-01;1.5250000e+02;1.1154838e-01;1.5250000e+02;7.2137482e-02;1.5250000e+02;3.3508413e-02;1.5250000e+02;-5.4145092e-03;1.5250000e+02;2.2919141e-03;1.5250000e+02;1.4447076e-02;1.5250000e+02;2.8757337e-02;1.5250000e+02;4.7713794e-02;1.5250000e+02;7.1731947e-02;1.5250000e+02;1.0587236e-01;1.5250000e+02;1.4795646e-01;1.5250000e+02;1.9216093e-01;1.5250000e+02;2.2432831e-01;1.5250000e+02;2.3819759e-01;1.5250000e+02;2.3593193e-01;1.5250000e+02;2.1820508e-01;1.5250000e+02;1.8953934e-01;1.5250000e+02;1.5234840e-01;1.5250000e+02;1.1154838e-01;1.5250000e+02;7.2137482e-02;1.5250000e+02;3.3508413e-02;1.5250000e+02;-5.4145092e-03;1.5250000e+02;2.2919141e-03;1.5250000e+02;1.4447076e-02;1.5250000e+02;2.8757337e-02;1.5250000e+02;4.7713794e-02;1.5250000e+02;7.1731947e-02;1.5250000e+02;1.0587236e-01;1.5250000e+02;1.4795646e-01;1.5250000e+02;1.9216093e-01;1.5250000e+02;2.2432831e-01;1.5250000e+02;2.3819759e-01;1.5250000e+02;2.3593193e-01;1.5250000e+02;2.1820508e-01;1.5250000e+02;1.8953934e-01;1.5250000e+02;1.5234840e-01;1.5250000e+02;1.1154838e-01;1.5250000e+02;7.2137482e-02;1.5250000e+02;3.3508413e-02;1.5250000e+02;-5.4145092e-03;1.5250000e+02;2.2919141e-03;1.5250000e+02;1.4447076e-02;1.5250000e+02;2.8757337e-02;1.5250000e+02;4.7713794e-02;1.5250000e+02;7.1731947e-02;1.5250000e+02;1.0587236e-01;1.5250000e+02;1.4795646e-01;1.5250000e+02;1.9216093e-01;1.5250000e+02;2.2432831e-01;1.5250000e+02;2.3819759e-01;1.5250000e+02;2.3593193e-01;1.5250000e+02;2.1820508e-01;1.5250000e+02;1.8953934e-01;1.5250000e+02;1.5234840e-01;1.5250000e+02;1.1154838e-01;1.5250000e+02;7.2137482e-02;1.5250000e+02;3.3508413e-02;1.5250000e+02;-5.4145092e-03;1.5250000e+02;2.2919141e-03;1.5250000e+02;1.4447076e-02;1.5250000e+02;2.8757337e-02;1.5250000e+02;4.7713794e-02;1.5250000e+02;7.1731947e-02;1.5250000e+02;1.0587236e-01;1.5250000e+02;1.4795646e-01;1.5250000e+02;1.9216093e-01;1.5250000e+02;2.2432831e-01;1.5250000e+02;2.3819759e-01;1.5250000e+02;2.3593193e-01;1.5250000e+02;2.1820508e-01;1.5250000e+02;1.8953934e-01;1.5250000e+02;1.5234840e-01;1.5250000e+02;1.1154838e-01;1.5250000e+02;7.2137482e-02;1.5250000e+02;3.3508413e-02;1.5250000e+02;-5.4145092e-03;1.5250000e+02;2.2919141e-03;1.5250000e+02;1.4447076e-02;1.5250000e+02;2.8757337e-02;1.5250000e+02;4.7713794e-02;1.5250000e+02;7.1731947e-02;1.5250000e+02;1.0587236e-01;1.5250000e+02;1.4795646e-01;1.5250000e+02;1.9216093e-01;1.5250000e+02;2.2432831e-01;1.5250000e+02;2.3819759e-01;1.5250000e+02;2.3593193e-01;1.5250000e+02;2.1820508e-01;1.5250000e+02;1.8953934e-01;1.5250000e+02;1.5234840e-01;1.5250000e+02;1.1154838e-01;1.5250000e+02;7.2137482e-02;1.5250000e+02;3.3508413e-02;1.5250000e+02;-5.4145092e-03;1.5250000e+02;2.2919141e-03;1.5250000e+02;1.4447076e-02;1.5250000e+02;2.8757337e-02;1.5250000e+02;4.7713794e-02;1.5250000e+02;7.1731947e-02;1.5250000e+02;1.0587236e-01;1.5250000e+02;1.4795646e-01;1.5250000e+02;1.9216093e-01;1.5250000e+02;2.2432831e-01;1.5250000e+02;2.3819759e-01;1.5250000e+02;2.3593193e-01;1.5250000e+02;2.1820508e-01;1.5250000e+02;1.8953934e-01;1.5250000e+02;1.5234840e-01;1.5250000e+02;1.1154838e-01;1.5250000e+02;7.2137482e-02;1.5250000e+02;3.3508413e-02;1.5250000e+02;-5.4145092e-03;1.5250000e+02;2.2919141e-03;1.5250000e+02;1.4447076e-02;1.5250000e+02;2.8757337e-02;1.5250000e+02;4.7713794e-02;1.5250000e+02;7.1731947e-02;1.5250000e+02;1.0587236e-01;1.5250000e+02;1.4795646e-01;1.5250000e+02;1.9216093e-01;1.5250000e+02;2.2432831e-01;1.5250000e+02;2.3819759e-01;1.5250000e+02;2.3593193e-01;1.5250000e+02;2.1820508e-01;1.5250000e+02;1.8953934e-01;1.5250000e+02;1.5234840e-01;1.5250000e+02;1.1154838e-01;1.5250000e+02;7.2137482e-02;1.5250000e+02;3.3508413e-02;1.5250000e+02;-5.4145092e-03;1.5250000e+02;2.2919141e-03;1.5250000e+02;1.4447076e-02;1.5250000e+02;2.8757337e-02;1.5250000e+02;4.7713794e-02;1.5250000e+02;7.1731947e-02;1.5250000e+02;1.0587236e-01;1.5250000e+02;1.4795646e-01;1.5250000e+02;1.9216093e-01;1.5250000e+02;2.2432831e-01;1.5250000e+02;2.3819759e-01;1.5250000e+02;2.3593193e-01;1.5250000e+02;2.1820508e-01;1.5250000e+02;1.8953934e-01;1.5250000e+02;1.5234840e-01;1.5250000e+02;1.1154838e-01;1.5250000e+02;7.2137482e-02;1.5250000e+02;3.3508413e-02;1.5250000e+02;-5.4145092e-03;1.5250000e+02;2.2919141e-03;1.5250000e+02;1.4447076e-02;1.5250000e+02;2.8757337e-02;1.5250000e+02;4.7713794e-02;1.5250000e+02;7.1731947e-02;1.5250000e+02;1.0587236e-01;1.5250000e+02;1.4795646e-01;1.5250000e+02;1.9216093e-01;1.5250000e+02;2.2432831e-01;1.5250000e+02;2.3819759e-01;1.5250000e+02;2.3593193e-01;1.5250000e+02;2.1820508e-01;1.5250000e+02;1.8953934e-01;1.5250000e+02;1.5234840e-01;1.5250000e+02;1.1154838e-01;1.5250000e+02;7.2137482e-02;1.5250000e+02;3.3508413e-02;1.5250000e+02;-5.4145092e-03;1.5250000e+02;2.2919141e-03;1.5250000e+02;1.4447076e-02;1.5250000e+02;2.8757337e-02;1.5250000e+02;4.7713794e-02;1.5250000e+02;7.1731947e-02;1.5250000e+02;1.0587236e-01;1.5250000e+02;1.4795646e-01;1.5250000e+02;1.9216093e-01;1.5250000e+02;2.2432831e-01;1.5250000e+02;2.3819759e-01;1.5250000e+02;2.3593193e-01;1.5250000e+02;2.1820508e-01;1.5250000e+02;1.8953934e-01;1.5250000e+02;1.5234840e-01;1.5250000e+02;1.1154838e-01;1.5250000e+02;7.2137482e-02;1.5250000e+02;3.3508413e-02;1.5250000e+02;-5.4145092e-03;1.5250000e+02;2.2919141e-03;1.5250000e+02;1.4447076e-02;1.5250000e+02;2.8757337e-02;1.5250000e+02;4.7713794e-02;1.5250000e+02;7.1731947e-02;1.5250000e+02;1.0587236e-01;1.5250000e+02;1.4795646e-01;1.5250000e+02;1.9216093e-01;1.5250000e+02;2.2432831e-01;1.5250000e+02;2.3819759e-01;1.5250000e+02;2.3593193e-01;1.5250000e+02;2.1820508e-01;1.5250000e+02;1.8953934e-01;1.5250000e+02;1.5234840e-01;1.5250000e+02;1.1154838e-01;1.5250000e+02;7.2137482e-02;1.5250000e+02;3.3508413e-02;1.5250000e+02;-5.4145092e-03;1.5250000e+02;2.2919141e-03;1.5250000e+02;1.4447076e-02;1.5250000e+02;2.8757337e-02;1.5250000e+02;4.7713794e-02;1.5250000e+02;7.1731947e-02;1.5250000e+02;1.0587236e-01;1.5250000e+02;1.4795646e-01;1.5250000e+02;1.9216093e-01;1.5250000e+02;2.2432831e-01;1.5250000e+02;2.3819759e-01;1.5250000e+02;2.3593193e-01;1.5250000e+02;2.1820508e-01;1.5250000e+02;1.8953934e-01;1.5250000e+02;1.5234840e-01;1.5250000e+02;1.1154838e-01;1.5250000e+02;7.2137482e-02;1.5250000e+02;3.3508413e-02;1.5250000e+02;-5.4145092e-03;1.5250000e+02;2.2919141e-03;1.5250000e+02;1.4447076e-02;1.5250000e+02;2.8757337e-02;1.5250000e+02;4.7713794e-02;1.5250000e+02;7.1731947e-02;1.5250000e+02;1.0587236e-01;1.5250000e+02;1.4795646e-01;1.5250000e+02;1.9216093e-01;1.5250000e+02;2.2432831e-01;1.5250000e+02;2.3819759e-01;1.5250000e+02;2.3593193e-01;1.5250000e+02;2.1820508e-01;1.5250000e+02;1.8953934e-01;1.5250000e+02;1.5234840e-01;1.5250000e+02;1.1154838e-01;1.5250000e+02;7.2137482e-02;1.5250000e+02;3.3508413e-02;1.5250000e+02;-5.4145092e-03;1.5250000e+02;2.2919141e-03;1.5250000e+02;1.4447076e-02;1.5250000e+02;2.8757337e-02;1.5250000e+02;4.7713794e-02;1.5250000e+02;7.1731947e-02;1.5250000e+02;1.0587236e-01;1.5250000e+02;1.4795646e-01;1.5250000e+02;1.9216093e-01;1.5250000e+02;2.2432831e-01;1.5250000e+02;2.3819759e-01;1.5250000e+02;2.3593193e-01;1.5250000e+02;2.1820508e-01;1.5250000e+02;1.8953934e-01;1.5250000e+02;1.5234840e-01;1.5250000e+02;1.1154838e-01;1.5250000e+02;7.2137482e-02;1.5250000e+02;3.3508413e-02;1.5250000e+02;-5.4145092e-03;1.5250000e+02;2.2919141e-03;1.5250000e+02;1.4447076e-02;1.5250000e+02;2.8757337e-02;1.5250000e+02;4.7713794e-02;1.5250000e+02;7.1731947e-02;1.5250000e+02;1.0587236e-01;1.5250000e+02;1.4795646e-01;1.5250000e+02;1.9216093e-01;1.5250000e+02;2.2432831e-01;1.5250000e+02;2.3819759e-01;1.5250000e+02;2.3593193e-01;1.5250000e+02;2.1820508e-01;1.5250000e+02;1.8953934e-01;1.5250000e+02;1.5234840e-01;1.5250000e+02;1.1154838e-01;1.5250000e+02;7.2137482e-02;1.5250000e+02;3.3508413e-02;1.5250000e+02;-5.4145092e-03;1.5250000e+02;2.2919141e-03;1.5250000e+02;1.4447076e-02;1.5250000e+02;2.8757337e-02;1.5250000e+02;4.7713794e-02;1.5250000e+02;7.1731947e-02;1.5250000e+02;1.0587236e-01;1.5250000e+02;1.4795646e-01;1.5250000e+02;1.9216093e-01;1.5250000e+02;2.2432831e-01;1.5250000e+02;2.3819759e-01;1.5250000e+02;2.3593193e-01;1.5250000e+02;2.1820508e-01;1.5250000e+02;1.8953934e-01;1.5250000e+02;1.5234840e-01;1.5250000e+02;1.1154838e-01;1.5250000e+02;7.2137482e-02;1.5250000e+02;3.3508413e-02;1.5250000e+02;-5.4145092e-03;1.5250000e+02;2.2919141e-03;1.5250000e+02;1.4447076e-02;1.5250000e+02;2.8757337e-02;1.5250000e+02;4.7713794e-02;1.5250000e+02;7.1731947e-02;1.5250000e+02;1.0587236e-01;1.5250000e+02;1.4795646e-01;1.5250000e+02;1.9216093e-01;1.5250000e+02;2.2432831e-01;1.5250000e+02;2.3819759e-01;1.5250000e+02;2.3593193e-01;1.5250000e+02;2.1820508e-01;1.5250000e+02;1.8953934e-01;1.5250000e+02;1.5234840e-01;1.5250000e+02;1.1154838e-01;1.5250000e+02;7.2137482e-02;1.5250000e+02;3.3508413e-02;1.5250000e+02;-5.4145092e-03;1.5250000e+02;2.2919141e-03;1.5250000e+02;1.4447076e-02;1.5250000e+02;2.8757337e-02;1.5250000e+02;4.7713794e-02;1.5250000e+02;7.1731947e-02;1.5250000e+02;1.0587236e-01;1.5250000e+02;1.4795646e-01;1.5250000e+02;1.9216093e-01;1.5250000e+02;2.2432831e-01;1.5250000e+02;2.3819759e-01;1.5250000e+02;2.3593193e-01;1.5250000e+02;2.1820508e-01;1.5250000e+02;1.8953934e-01;1.5250000e+02;1.5234840e-01;1.5250000e+02;1.1154838e-01;1.5250000e+02;7.2137482e-02;1.5250000e+02;3.3508413e-02;1.5250000e+02;-5.4145092e-03;1.5250000e+02;2.2919141e-03;1.5250000e+02;1.4447076e-02;1.5250000e+02;2.8757337e-02;1.5250000e+02;4.7713794e-02;1.5250000e+02;7.1731947e-02;1.5250000e+02;1.0587236e-01;1.5250000e+02;1.4795646e-01;1.5250000e+02;1.9216093e-01;1.5250000e+02;2.2432831e-01;1.5250000e+02;2.3819759e-01;1.5250000e+02;2.3593193e-01;1.5250000e+02;2.1820508e-01;1.5250000e+02;1.8953934e-01;1.5250000e+02;1.5234840e-01;1.5250000e+02;1.1154838e-01;1.5250000e+02;7.2137482e-02;1.5250000e+02;3.3508413e-02;1.5250000e+02;-5.4145092e-03;1.5250000e+02;2.2919141e-03;1.5250000e+02;1.4447076e-02;1.5250000e+02;2.8757337e-02;1.5250000e+02;4.7713794e-02;1.5250000e+02;7.1731947e-02;1.5250000e+02;1.0587236e-01;1.5250000e+02;1.4795646e-01;1.5250000e+02;1.9216093e-01;1.5250000e+02;2.2432831e-01;1.5250000e+02;2.3819759e-01;1.5250000e+02;2.3593193e-01;1.5250000e+02;2.1820508e-01;1.5250000e+02;1.8953934e-01;1.5250000e+02;1.5234840e-01;1.5250000e+02;1.1154838e-01;1.5250000e+02;7.2137482e-02;1.5250000e+02;3.3508413e-02;1.5250000e+02;-5.4145092e-03;1.5250000e+02;2.2919141e-03;1.5250000e+02;1.4447076e-02;1.5250000e+02;2.8757337e-02;1.5250000e+02;4.7713794e-02;1.5250000e+02;7.1731947e-02;1.5250000e+02;1.0587236e-01;1.5250000e+02;1.4795646e-01;1.5250000e+02;1.9216093e-01;1.5250000e+02;2.2432831e-01;1.5250000e+02;2.3819759e-01;1.5250000e+02;2.3593193e-01;1.5250000e+02;2.1820508e-01;1.5250000e+02;1.8953934e-01;1.5250000e+02;1.5234840e-01;1.5250000e+02;1.1154838e-01;1.5250000e+02;7.2137482e-02;1.5250000e+02;3.3508413e-02;1.5250000e+02;-5.4145092e-03;1.5250000e+02;2.2919141e-03;1.5250000e+02;1.4447076e-02;1.5250000e+02;2.8757337e-02;1.5250000e+02;4.7713794e-02;1.5250000e+02;7.1731947e-02;1.5250000e+02;1.0587236e-01;1.5250000e+02;1.4795646e-01;1.5250000e+02;1.9216093e-01;1.5250000e+02;2.2432831e-01;1.5250000e+02;2.3819759e-01;1.5250000e+02;2.3593193e-01;1.5250000e+02;2.1820508e-01;1.5250000e+02;1.8953934e-01;1.5250000e+02;1.5234840e-01;1.5250000e+02;1.1154838e-01;1.5250000e+02;7.2137482e-02;1.5250000e+02;3.3508413e-02;1.5250000e+02;-5.4145092e-03;1.5250000e+02;2.2919141e-03;1.5250000e+02;1.4447076e-02;1.5250000e+02;2.8757337e-02;1.5250000e+02;4.7713794e-02;1.5250000e+02;7.1731947e-02;1.5250000e+02;1.0587236e-01;1.5250000e+02;1.4795646e-01;1.5250000e+02;1.9216093e-01;1.5250000e+02;2.2432831e-01;1.5250000e+02;2.3819759e-01;1.5250000e+02;2.3593193e-01;1.5250000e+02;2.1820508e-01;1.5250000e+02;1.8953934e-01;1.5250000e+02;1.5234840e-01;1.5250000e+02;1.1154838e-01;1.5250000e+02;7.2137482e-02;1.5250000e+02;3.3508413e-02;1.5250000e+02;-5.4145092e-03;1.5250000e+02;2.2919141e-03;1.5250000e+02;1.4447076e-02;1.5250000e+02;2.8757337e-02;1.5250000e+02;4.7713794e-02;1.5250000e+02;7.1731947e-02;1.5250000e+02;1.0587236e-01;1.5250000e+02;1.4795646e-01;1.5250000e+02;1.9216093e-01;1.5250000e+02;2.2432831e-01;1.5250000e+02;2.3819759e-01;1.5250000e+02;2.3593193e-01;1.5250000e+02;2.1820508e-01;1.5250000e+02;1.8953934e-01;1.5250000e+02;1.5234840e-01;1.5250000e+02;1.1154838e-01;1.5250000e+02;7.2137482e-02;1.5250000e+02;3.3508413e-02;1.5250000e+02;-5.4145092e-03;1.5250000e+02;2.2919141e-03;1.5250000e+02;1.4447076e-02;1.5250000e+02;2.8757337e-02;1.5250000e+02;4.7713794e-02;1.5250000e+02;7.1731947e-02;1.5250000e+02;1.0587236e-01;1.5250000e+02;1.4795646e-01;1.5250000e+02;1.9216093e-01;1.5250000e+02;2.2432831e-01;1.5250000e+02;2.3819759e-01;1.5250000e+02;2.3593193e-01;1.5250000e+02;2.1820508e-01;1.5250000e+02;1.8953934e-01;1.5250000e+02;1.5234840e-01;1.5250000e+02;1.1154838e-01;1.5250000e+02;7.2137482e-02;1.5250000e+02;3.3508413e-02;1.5250000e+02;-5.4145092e-03;1.5250000e+02;2.2919141e-03;1.5250000e+02;1.4447076e-02;1.5250000e+02;2.8757337e-02;1.5250000e+02;4.7713794e-02;1.5250000e+02;7.1731947e-02;1.5250000e+02;1.0587236e-01;1.5250000e+02;1.4795646e-01;1.5250000e+02;1.9216093e-01;1.5250000e+02;2.2432831e-01;1.5250000e+02;2.3819759e-01;1.5250000e+02;2.3593193e-01;1.5250000e+02;2.1820508e-01;1.5250000e+02;1.8953934e-01;1.5250000e+02;1.5234840e-01;1.5250000e+02;1.1154838e-01;1.5250000e+02;7.2137482e-02;1.5250000e+02;3.3508413e-02;1.5250000e+02;-5.4145092e-03;1.5250000e+02;2.2919141e-03;1.5250000e+02;1.4447076e-02;1.5250000e+02;2.8757337e-02;1.5250000e+02;4.7713794e-02;1.5250000e+02;7.1731947e-02;1.5250000e+02;1.0587236e-01;1.5250000e+02;1.4795646e-01;1.5250000e+02;1.9216093e-01;1.5250000e+02;2.2432831e-01;1.5250000e+02;2.3819759e-01;1.5250000e+02;2.3593193e-01;1.5250000e+02;2.1820508e-01;1.5250000e+02;1.8953934e-01;1.5250000e+02;1.5234840e-01;1.5250000e+02;1.1154838e-01;1.5250000e+02;7.2137482e-02;1.5250000e+02;3.3508413e-02;1.5250000e+02;-5.4145092e-03;1.5250000e+02;2.2919141e-03;1.5250000e+02;1.4447076e-02;1.5250000e+02;2.8757337e-02;1.5250000e+02;4.7713794e-02;1.5250000e+02;7.1731947e-02;1.5250000e+02;1.0587236e-01;1.5250000e+02;1.4795646e-01;1.5250000e+02;1.9216093e-01;1.5250000e+02;2.2432831e-01;1.5250000e+02;2.3819759e-01;1.5250000e+02;2.3593193e-01;1.5250000e+02;2.1820508e-01;1.5250000e+02;1.8953934e-01;1.5250000e+02;1.5234840e-01;1.5250000e+02;1.1154838e-01;1.5250000e+02;7.2137482e-02;1.5250000e+02;3.3508413e-02;1.5250000e+02;-5.4145092e-03;1.5250000e+02;2.2919141e-03;1.5250000e+02;1.4447076e-02;1.5250000e+02;2.8757337e-02;1.5250000e+02;4.7713794e-02;1.5250000e+02;7.1731947e-02;1.5250000e+02;1.0587236e-01;1.5250000e+02;1.4795646e-01;1.5250000e+02;1.9216093e-01;1.5250000e+02;2.2432831e-01;1.5250000e+02;2.3819759e-01;1.5250000e+02;2.3593193e-01;1.5250000e+02;2.1820508e-01;1.5250000e+02;1.8953934e-01;1.5250000e+02;1.5234840e-01;1.5250000e+02;1.1154838e-01;1.5250000e+02;7.2137482e-02;1.5250000e+02;3.3508413e-02;1.5250000e+02;-5.4145092e-03;1.5250000e+02;2.2919141e-03;1.5250000e+02;1.4447076e-02;1.5250000e+02;2.8757337e-02;1.5250000e+02;4.7713794e-02;1.5250000e+02;7.1731947e-02;1.5250000e+02;1.0587236e-01;1.5250000e+02;1.4795646e-01;1.5250000e+02;1.9216093e-01;1.5250000e+02;2.2432831e-01;1.5250000e+02;2.3819759e-01;1.5250000e+02;2.3593193e-01;1.5250000e+02;2.1820508e-01;1.5250000e+02;1.8953934e-01;1.5250000e+02;1.5234840e-01;1.5250000e+02;1.1154838e-01;1.5250000e+02;7.2137482e-02;1.5250000e+02;3.3508413e-02;1.5250000e+02;-5.4145092e-03;1.5250000e+02;2.2919141e-03;1.5250000e+02;1.4447076e-02;1.5250000e+02;2.8757337e-02;1.5250000e+02;4.7713794e-02;1.5250000e+02;7.1731947e-02;1.5250000e+02;1.0587236e-01;1.5250000e+02;1.4795646e-01;1.5250000e+02;1.9216093e-01;1.5250000e+02;2.2432831e-01;1.5250000e+02;2.3819759e-01;1.5250000e+02;2.3593193e-01;1.5250000e+02;2.1820508e-01;1.5250000e+02;1.8953934e-01;1.5250000e+02;1.5234840e-01;1.5250000e+02;1.1154838e-01;1.5250000e+02;7.2137482e-02;1.5250000e+02;3.3508413e-02;1.5250000e+02;-5.4145092e-03;1.5250000e+02;2.2919141e-03;1.5250000e+02;1.4447076e-02;1.5250000e+02;2.8757337e-02;1.5250000e+02;4.7713794e-02;1.5250000e+02;7.1731947e-02;1.5250000e+02;1.0587236e-01;1.5250000e+02;1.4795646e-01;1.5250000e+02;1.9216093e-01;1.5250000e+02;2.2432831e-01;1.5250000e+02;2.3819759e-01;1.5250000e+02;2.3593193e-01;1.5250000e+02;2.1820508e-01;1.5250000e+02;1.8953934e-01;1.5250000e+02;1.5234840e-01;1.5250000e+02;1.1154838e-01;1.5250000e+02;7.2137482e-02;1.5250000e+02;3.3508413e-02;1.5250000e+02;-5.4145092e-03;1.5250000e+02;2.2919141e-03;1.5250000e+02;1.4447076e-02;1.5250000e+02;2.8757337e-02;1.5250000e+02;4.7713794e-02;1.5250000e+02;7.1731947e-02;1.5250000e+02;1.0587236e-01;1.5250000e+02;1.4795646e-01;1.5250000e+02;1.9216093e-01;1.5250000e+02;2.2432831e-01;1.5250000e+02;2.3819759e-01;1.5250000e+02;2.3593193e-01;1.5250000e+02;2.1820508e-01;1.5250000e+02;1.8953934e-01;1.5250000e+02;1.5234840e-01;1.5250000e+02;1.1154838e-01;1.5250000e+02;7.2137482e-02;1.5250000e+02;3.3508413e-02;1.5250000e+02;-5.4145092e-03;1.5250000e+02;2.2919141e-03;1.5250000e+02;1.4447076e-02;1.5250000e+02;2.8757337e-02;1.5250000e+02;4.7713794e-02;1.5250000e+02;7.1731947e-02;1.5250000e+02;1.0587236e-01;1.5250000e+02;1.4795646e-01;1.5250000e+02;1.9216093e-01;1.5250000e+02;2.2432831e-01;1.5250000e+02;2.3819759e-01;1.5250000e+02;2.3593193e-01;1.5250000e+02;2.1820508e-01;1.5250000e+02;1.8953934e-01;1.5250000e+02;1.5234840e-01;1.5250000e+02;1.1154838e-01;1.5250000e+02;7.2137482e-02;1.5250000e+02;3.3508413e-02;1.5250000e+02;-5.4145092e-03;1.5250000e+02;2.2919141e-03;1.5250000e+02;1.4447076e-02;1.5250000e+02;2.8757337e-02;1.5250000e+02;4.7713794e-02;1.5250000e+02;7.1731947e-02;1.5250000e+02;1.0587236e-01;1.5250000e+02;1.4795646e-01;1.5250000e+02;1.9216093e-01;1.5250000e+02;2.2432831e-01;1.5250000e+02;2.3819759e-01;1.5250000e+02;2.3593193e-01;1.5250000e+02;2.1820508e-01;1.5250000e+02;1.8953934e-01;1.5250000e+02;1.5234840e-01;1.5250000e+02;1.1154838e-01;1.5250000e+02;7.2137482e-02;1.5250000e+02;3.3508413e-02;1.5250000e+02;-5.4145092e-03;1.5250000e+02;2.2919141e-03;1.5250000e+02;1.4447076e-02;1.5250000e+02;2.8757337e-02;1.5250000e+02;4.7713794e-02;1.5250000e+02;7.1731947e-02;1.5250000e+02;1.0587236e-01;1.5250000e+02;1.4795646e-01;1.5250000e+02;1.9216093e-01;1.5250000e+02;2.2432831e-01;1.5250000e+02;2.3819759e-01;1.5250000e+02;2.3593193e-01;1.5250000e+02;2.1820508e-01;1.5250000e+02;1.8953934e-01;1.5250000e+02;1.5234840e-01;1.5250000e+02;1.1154838e-01;1.5250000e+02;7.2137482e-02;1.5250000e+02;3.3508413e-02;1.5250000e+02;-5.4145092e-03;1.5250000e+02;2.2919141e-03;1.5250000e+02;1.4447076e-02;1.5250000e+02;2.8757337e-02;1.5250000e+02;4.7713794e-02;1.5250000e+02;7.1731947e-02;1.5250000e+02;1.0587236e-01;1.5250000e+02;1.4795646e-01;1.5250000e+02;1.9216093e-01;1.5250000e+02;2.2432831e-01;1.5250000e+02;2.3819759e-01;1.5250000e+02;2.3593193e-01;1.5250000e+02;2.1820508e-01;1.5250000e+02;1.8953934e-01;1.5250000e+02;1.5234840e-01;1.5250000e+02;1.1154838e-01;1.5250000e+02;7.2137482e-02;1.5250000e+02;3.3508413e-02;1.5250000e+02;-5.4145092e-03;1.5250000e+02;2.2919141e-03;1.5250000e+02;1.4447076e-02;1.5250000e+02;2.8757337e-02;1.5250000e+02;4.7713794e-02;1.5250000e+02;7.1731947e-02;1.5250000e+02;1.0587236e-01;1.5250000e+02;1.4795646e-01;1.5250000e+02;1.9216093e-01;1.5250000e+02;2.2432831e-01;1.5250000e+02;2.3819759e-01;1.5250000e+02;2.3593193e-01;1.5250000e+02;2.1820508e-01;1.5250000e+02;1.8953934e-01;1.5250000e+02;1.5234840e-01;1.5250000e+02;1.1154838e-01;1.5250000e+02;7.2137482e-02;1.5250000e+02;3.3508413e-02
1.5750000e+02;-3.0305609e-03;1.5750000e+02;5.0423993e-03;1.5750000e+02;1.9620664e-02;1.5750000e+02;3.8035110e-02;1.5750000e+02;5.7513740e-02;1.5750000e+02;8.0841884e-02;1.5750000e+02;1.1164287e-01;1.5750000e+02;1.5376644e-01;1.5750000e+02;1.9894826e-01;1.5750000e+02;2.3453611e-01;1.5750000e+02;2.5003880e-01;1.5750000e+02;2.4676415e-01;1.5750000e+02;2.2440150e-01;1.5750000e+02;1.9221240e-01;1.5750000e+02;1.5334243e-01;1.5750000e+02;1.1156150e-01;1.5750000e+02;7.2634563e-02;1.5750000e+02;3.4743268e-02;1.5750000e+02;-3.0305609e-03;1.5750000e+02;5.0423993e-03;1.5750000e+02;1.9620664e-02;1.5750000e+02;3.8035110e-02;1.5750000e+02;5.7513740e-02;1.5750000e+02;8.0841884e-02;1.5750000e+02;1.1164287e-01;1.5750000e+02;1.5376644e-01;1.5750000e+02;1.9894826e-01;1.5750000e+02;2.3453611e-01;1.5750000e+02;2.5003880e-01;1.5750000e+02;2.4676415e-01;1.5750000e+02;2.2440150e-01;1.5750000e+02;1.9221240e-01;1.5750000e+02;1.5334243e-01;1.5750000e+02;1.1156150e-01;1.5750000e+02;7.2634563e-02;1.5750000e+02;3.4743268e-02;1.5750000e+02;-3.0305609e-03;1.5750000e+02;5.0423993e-03;1.5750000e+02;1.9620664e-02;1.5750000e+02;3.8035110e-02;1.5750000e+02;5.7513740e-02;1.5750000e+02;8.0841884e-02;1.5750000e+02;1.1164287e-01;1.5750000e+02;1.5376644e-01;1.5750000e+02;1.9894826e-01;1.5750000e+02;2.3453611e-01;1.5750000e+02;2.5003880e-01;1.5750000e+02;2.4676415e-01;1.5750000e+02;2.2440150e-01;1.5750000e+02;1.9221240e-01;1.5750000e+02;1.5334243e-01;1.5750000e+02;1.1156150e-01;1.5750000e+02;7.2634563e-02;1.5750000e+02;3.4743268e-02;1.5750000e+02;-3.0305609e-03;1.5750000e+02;5.0423993e-03;1.5750000e+02;1.9620664e-02;1.5750000e+02;3.8035110e-02;1.5750000e+02;5.7513740e-02;1.5750000e+02;8.0841884e-02;1.5750000e+02;1.1164287e-01;1.5750000e+02;1.5376644e-01;1.5750000e+02;1.9894826e-01;1.5750000e+02;2.3453611e-01;1.5750000e+02;2.5003880e-01;1.5750000e+02;2.4676415e-01;1.5750000e+02;2.2440150e-01;1.5750000e+02;1.9221240e-01;1.5750000e+02;1.5334243e-01;1.5750000e+02;1.1156150e-01;1.5750000e+02;7.2634563e-02;1.5750000e+02;3.4743268e-02;1.5750000e+02;-3.0305609e-03;1.5750000e+02;5.0423993e-03;1.5750000e+02;1.9620664e-02;1.5750000e+02;3.8035110e-02;1.5750000e+02;5.7513740e-02;1.5750000e+02;8.0841884e-02;1.5750000e+02;1.1164287e-01;1.5750000e+02;1.5376644e-01;1.5750000e+02;1.9894826e-01;1.5750000e+02;2.3453611e-01;1.5750000e+02;2.5003880e-01;1.5750000e+02;2.4676415e-01;1.5750000e+02;2.2440150e-01;1.5750000e+02;1.9221240e-01;1.5750000e+02;1.5334243e-01;1.5750000e+02;1.1156150e-01;1.5750000e+02;7.2634563e-02;1.5750000e+02;3.4743268e-02;1.5750000e+02;-3.0305609e-03;1.5750000e+02;5.0423993e-03;1.5750000e+02;1.9620664e-02;1.5750000e+02;3.8035110e-02;1.5750000e+02;5.7513740e-02;1.5750000e+02;8.0841884e-02;1.5750000e+02;1.1164287e-01;1.5750000e+02;1.5376644e-01;1.5750000e+02;1.9894826e-01;1.5750000e+02;2.3453611e-01;1.5750000e+02;2.5003880e-01;1.5750000e+02;2.4676415e-01;1.5750000e+02;2.2440150e-01;1.5750000e+02;1.9221240e-01;1.5750000e+02;1.5334243e-01;1.5750000e+02;1.1156150e-01;1.5750000e+02;7.2634563e-02;1.5750000e+02;3.4743268e-02;1.5750000e+02;-3.0305609e-03;1.5750000e+02;5.0423993e-03;1.5750000e+02;1.9620664e-02;1.5750000e+02;3.8035110e-02;1.5750000e+02;5.7513740e-02;1.5750000e+02;8.0841884e-02;1.5750000e+02;1.1164287e-01;1.5750000e+02;1.5376644e-01;1.5750000e+02;1.9894826e-01;1.5750000e+02;2.3453611e-01;1.5750000e+02;2.5003880e-01;1.5750000e+02;2.4676415e-01;1.5750000e+02;2.2440150e-01;1.5750000e+02;1.9221240e-01;1.5750000e+02;1.5334243e-01;1.5750000e+02;1.1156150e-01;1.5750000e+02;7.2634563e-02;1.5750000e+02;3.4743268e-02;1.5750000e+02;-3.0305609e-03;1.5750000e+02;5.0423993e-03;1.5750000e+02;1.9620664e-02;1.5750000e+02;3.8035110e-02;1.5750000e+02;5.7513740e-02;1.5750000e+02;8.0841884e-02;1.5750000e+02;1.1164287e-01;1.5750000e+02;1.5376644e-01;1.5750000e+02;1.9894826e-01;1.5750000e+02;2.3453611e-01;1.5750000e+02;2.5003880e-01;1.5750000e+02;2.4676415e-01;1.5750000e+02;2.2440150e-01;1.5750000e+02;1.9221240e-01;1.5750000e+02;1.5334243e-01;1.5750000e+02;1.1156150e-01;1.5750000e+02;7.2634563e-02;1.5750000e+02;3.4743268e-02;1.5750000e+02;-3.0305609e-03;1.5750000e+02;5.0423993e-03;1.5750000e+02;1.9620664e-02;1.5750000e+02;3.8035110e-02;1.5750000e+02;5.7513740e-02;1.5750000e+02;8.0841884e-02;1.5750000e+02;1.1164287e-01;1.5750000e+02;1.5376644e-01;1.5750000e+02;1.9894826e-01;1.5750000e+02;2.3453611e-01;1.5750000e+02;2.5003880e-01;1.5750000e+02;2.4676415e-01;1.5750000e+02;2.2440150e-01;1.5750000e+02;1.9221240e-01;1.5750000e+02;1.5334243e-01;1.5750000e+02;1.1156150e-01;1.5750000e+02;7.2634563e-02;1.5750000e+02;3.4743268e-02;1.5750000e+02;-3.0305609e-03;1.5750000e+02;5.0423993e-03;1.5750000e+02;1.9620664e-02;1.5750000e+02;3.8035110e-02;1.5750000e+02;5.7513740e-02;1.5750000e+02;8.0841884e-02;1.5750000e+02;1.1164287e-01;1.5750000e+02;1.5376644e-01;1.5750000e+02;1.9894826e-01;1.5750000e+02;2.3453611e-01;1.5750000e+02;2.5003880e-01;1.5750000e+02;2.4676415e-01;1.5750000e+02;2.2440150e-01;1.5750000e+02;1.9221240e-01;1.5750000e+02;1.5334243e-01;1.5750000e+02;1.1156150e-01;1.5750000e+02;7.2634563e-02;1.5750000e+02;3.4743268e-02;1.5750000e+02;-3.0305609e-03;1.5750000e+02;5.0423993e-03;1.5750000e+02;1.9620664e-02;1.5750000e+02;3.8035110e-02;1.5750000e+02;5.7513740e-02;1.5750000e+02;8.0841884e-02;1.5750000e+02;1.1164287e-01;1.5750000e+02;1.5376644e-01;1.5750000e+02;1.9894826e-01;1.5750000e+02;2.3453611e-01;1.5750000e+02;2.5003880e-01;1.5750000e+02;2.4676415e-01;1.5750000e+02;2.2440150e-01;1.5750000e+02;1.9221240e-01;1.5750000e+02;1.5334243e-01;1.5750000e+02;1.1156150e-01;1.5750000e+02;7.2634563e-02;1.5750000e+02;3.4743268e-02;1.5750000e+02;-3.0305609e-03;1.5750000e+02;5.0423993e-03;1.5750000e+02;1.9620664e-02;1.5750000e+02;3.8035110e-02;1.5750000e+02;5.7513740e-02;1.5750000e+02;8.0841884e-02;1.5750000e+02;1.1164287e-01;1.5750000e+02;1.5376644e-01;1.5750000e+02;1.9894826e-01;1.5750000e+02;2.3453611e-01;1.5750000e+02;2.5003880e-01;1.5750000e+02;2.4676415e-01;1.5750000e+02;2.2440150e-01;1.5750000e+02;1.9221240e-01;1.5750000e+02;1.5334243e-01;1.5750000e+02;1.1156150e-01;1.5750000e+02;7.2634563e-02;1.5750000e+02;3.4743268e-02;1.5750000e+02;-3.0305609e-03;1.5750000e+02;5.0423993e-03;1.5750000e+02;1.9620664e-02;1.5750000e+02;3.8035110e-02;1.5750000e+02;5.7513740e-02;1.5750000e+02;8.0841884e-02;1.5750000e+02;1.1164287e-01;1.5750000e+02;1.5376644e-01;1.5750000e+02;1.9894826e-01;1.5750000e+02;2.3453611e-01;1.5750000e+02;2.5003880e-01;1.5750000e+02;2.4676415e-01;1.5750000e+02;2.2440150e-01;1.5750000e+02;1.9221240e-01;1.5750000e+02;1.5334243e-01;1.5750000e+02;1.1156150e-01;1.5750000e+02;7.2634563e-02;1.5750000e+02;3.4743268e-02;1.5750000e+02;-3.0305609e-03;1.5750000e+02;5.0423993e-03;1.5750000e+02;1.9620664e-02;1.5750000e+02;3.8035110e-02;1.5750000e+02;5.7513740e-02;1.5750000e+02;8.0841884e-02;1.5750000e+02;1.1164287e-01;1.5750000e+02;1.5376644e-01;1.5750000e+02;1.9894826e-01;1.5750000e+02;2.3453611e-01;1.5750000e+02;2.5003880e-01;1.5750000e+02;2.4676415e-01;1.5750000e+02;2.2440150e-01;1.5750000e+02;1.9221240e-01;1.5750000e+02;1.5334243e-01;1.5750000e+02;1.1156150e-01;1.5750000e+02;7.2634563e-02;1.5750000e+02;3.4743268e-02;1.5750000e+02;-3.0305609e-03;1.5750000e+02;5.0423993e-03;1.5750000e+02;1.9620664e-02;1.5750000e+02;3.8035110e-02;1.5750000e+02;5.7513740e-02;1.5750000e+02;8.0841884e-02;1.5750000e+02;1.1164287e-01;1.5750000e+02;1.5376644e-01;1.5750000e+02;1.9894826e-01;1.5750000e+02;2.3453611e-01;1.5750000e+02;2.5003880e-01;1.5750000e+02;2.4676415e-01;1.5750000e+02;2.2440150e-01;1.5750000e+02;1.9221240e-01;1.5750000e+02;1.5334243e-01;1.5750000e+02;1.1156150e-01;1.5750000e+02;7.2634563e-02;1.5750000e+02;3.4743268e-02;1.5750000e+02;-3.0305609e-03;1.5750000e+02;5.0423993e-03;1.5750000e+02;1.9620664e-02;1.5750000e+02;3.8035110e-02;1.5750000e+02;5.7513740e-02;1.5750000e+02;8.0841884e-02;1.5750000e+02;1.1164287e-01;1.5750000e+02;1.5376644e-01;1.5750000e+02;1.9894826e-01;1.5750000e+02;2.3453611e-01;1.5750000e+02;2.5003880e-01;1.5750000e+02;2.4676415e-01;1.5750000e+02;2.2440150e-01;1.5750000e+02;1.9221240e-01;1.5750000e+02;1.5334243e-01;1.5750000e+02;1.1156150e-01;1.5750000e+02;7.2634563e-02;1.5750000e+02;3.4743268e-02;1.5750000e+02;-3.0305609e-03;1.5750000e+02;5.0423993e-03;1.5750000e+02;1.9620664e-02;1.5750000e+02;3.8035110e-02;1.5750000e+02;5.7513740e-02;1.5750000e+02;8.0841884e-02;1.5750000e+02;1.1164287e-01;1.5750000e+02;1.5376644e-01;1.5750000e+02;1.9894826e-01;1.5750000e+02;2.3453611e-01;1.5750000e+02;2.5003880e-01;1.5750000e+02;2.4676415e-01;1.5750000e+02;2.2440150e-01;1.5750000e+02;1.9221240e-01;1.5750000e+02;1.5334243e-01;1.5750000e+02;1.1156150e-01;1.5750000e+02;7.2634563e-02;1.5750000e+02;3.4743268e-02;1.5750000e+02;-3.0305609e-03;1.5750000e+02;5.0423993e-03;1.5750000e+02;1.9620664e-02;1.5750000e+02;3.8035110e-02;1.5750000e+02;5.7513740e-02;1.5750000e+02;8.0841884e-02;1.5750000e+02;1.1164287e-01;1.5750000e+02;1.5376644e-01;1.5750000e+02;1.9894826e-01;1.5750000e+02;2.3453611e-01;1.5750000e+02;2.5003880e-01;1.5750000e+02;2.4676415e-01;1.5750000e+02;2.2440150e-01;1.5750000e+02;1.9221240e-01;1.5750000e+02;1.5334243e-01;1.5750000e+02;1.1156150e-01;1.5750000e+02;7.2634563e-02;1.5750000e+02;3.4743268e-02;1.5750000e+02;-3.0305609e-03;1.5750000e+02;5.0423993e-03;1.5750000e+02;1.9620664e-02;1.5750000e+02;3.8035110e-02;1.5750000e+02;5.7513740e-02;1.5750000e+02;8.0841884e-02;1.5750000e+02;1.1164287e-01;1.5750000e+02;1.5376644e-01;1.5750000e+02;1.9894826e-01;1.5750000e+02;2.3453611e-01;1.5750000e+02;2.5003880e-01;1.5750000e+02;2.4676415e-01;1.5750000e+02;2.2440150e-01;1.5750000e+02;1.9221240e-01;1.5750000e+02;1.5334243e-01;1.5750000e+02;1.1156150e-01;1.5750000e+02;7.2634563e-02;1.5750000e+02;3.4743268e-02;1.5750000e+02;-3.0305609e-03;1.5750000e+02;5.0423993e-03;1.5750000e+02;1.9620664e-02;1.5750000e+02;3.8035110e-02;1.5750000e+02;5.7513740e-02;1.5750000e+02;8.0841884e-02;1.5750000e+02;1.1164287e-01;1.5750000e+02;1.5376644e-01;1.5750000e+02;1.9894826e-01;1.5750000e+02;2.3453611e-01;1.5750000e+02;2.5003880e-01;1.5750000e+02;2.4676415e-01;1.5750000e+02;2.2440150e-01;1.5750000e+02;1.9221240e-01;1.5750000e+02;1.5334243e-01;1.5750000e+02;1.1156150e-01;1.5750000e+02;7.2634563e-02;1.5750000e+02;3.4743268e-02;1.5750000e+02;-3.0305609e-03;1.5750000e+02;5.0423993e-03;1.5750000e+02;1.9620664e-02;1.5750000e+02;3.8035110e-02;1.5750000e+02;5.7513740e-02;1.5750000e+02;8.0841884e-02;1.5750000e+02;1.1164287e-01;1.5750000e+02;1.5376644e-01;1.5750000e+02;1.9894826e-01;1.5750000e+02;2.3453611e-01;1.5750000e+02;2.5003880e-01;1.5750000e+02;2.4676415e-01;1.5750000e+02;2.2440150e-01;1.5750000e+02;1.9221240e-01;1.5750000e+02;1.5334243e-01;1.5750000e+02;1.1156150e-01;1.5750000e+02;7.2634563e-02;1.5750000e+02;3.4743268e-02;1.5750000e+02;-3.0305609e-03;1.5750000e+02;5.0423993e-03;1.5750000e+02;1.9620664e-02;1.5750000e+02;3.8035110e-02;1.5750000e+02;5.7513740e-02;1.5750000e+02;8.0841884e-02;1.5750000e+02;1.1164287e-01;1.5750000e+02;1.5376644e-01;1.5750000e+02;1.9894826e-01;1.5750000e+02;2.3453611e-01;1.5750000e+02;2.5003880e-01;1.5750000e+02;2.4676415e-01;1.5750000e+02;2.2440150e-01;1.5750000e+02;1.9221240e-01;1.5750000e+02;1.5334243e-01;1.5750000e+02;1.1156150e-01;1.5750000e+02;7.2634563e-02;1.5750000e+02;3.4743268e-02;1.5750000e+02;-3.0305609e-03;1.5750000e+02;5.0423993e-03;1.5750000e+02;1.9620664e-02;1.5750000e+02;3.8035110e-02;1.5750000e+02;5.7513740e-02;1.5750000e+02;8.0841884e-02;1.5750000e+02;1.1164287e-01;1.5750000e+02;1.5376644e-01;1.5750000e+02;1.9894826e-01;1.5750000e+02;2.3453611e-01;1.5750000e+02;2.5003880e-01;1.5750000e+02;2.4676415e-01;1.5750000e+02;2.2440150e-01;1.5750000e+02;1.9221240e-01;1.5750000e+02;1.5334243e-01;1.5750000e+02;1.1156150e-01;1.5750000e+02;7.2634563e-02;1.5750000e+02;3.4743268e-02;1.5750000e+02;-3.0305609e-03;1.5750000e+02;5.0423993e-03;1.5750000e+02;1.9620664e-02;1.5750000e+02;3.8035110e-02;1.5750000e+02;5.7513740e-02;1.5750000e+02;8.0841884e-02;1.5750000e+02;1.1164287e-01;1.5750000e+02;1.5376644e-01;1.5750000e+02;1.9894826e-01;1.5750000e+02;2.3453611e-01;1.5750000e+02;2.5003880e-01;1.5750000e+02;2.4676415e-01;1.5750000e+02;2.2440150e-01;1.5750000e+02;1.9221240e-01;1.5750000e+02;1.5334243e-01;1.5750000e+02;1.1156150e-01;1.5750000e+02;7.2634563e-02;1.5750000e+02;3.4743268e-02;1.5750000e+02;-3.0305609e-03;1.5750000e+02;5.0423993e-03;1.5750000e+02;1.9620664e-02;1.5750000e+02;3.8035110e-02;1.5750000e+02;5.7513740e-02;1.5750000e+02;8.0841884e-02;1.5750000e+02;1.1164287e-01;1.5750000e+02;1.5376644e-01;1.5750000e+02;1.9894826e-01;1.5750000e+02;2.3453611e-01;1.5750000e+02;2.5003880e-01;1.5750000e+02;2.4676415e-01;1.5750000e+02;2.2440150e-01;1.5750000e+02;1.9221240e-01;1.5750000e+02;1.5334243e-01;1.5750000e+02;1.1156150e-01;1.5750000e+02;7.2634563e-02;1.5750000e+02;3.4743268e-02;1.5750000e+02;-3.0305609e-03;1.5750000e+02;5.0423993e-03;1.5750000e+02;1.9620664e-02;1.5750000e+02;3.8035110e-02;1.5750000e+02;5.7513740e-02;1.5750000e+02;8.0841884e-02;1.5750000e+02;1.1164287e-01;1.5750000e+02;1.5376644e-01;1.5750000e+02;1.9894826e-01;1.5750000e+02;2.3453611e-01;1.5750000e+02;2.5003880e-01;1.5750000e+02;2.4676415e-01;1.5750000e+02;2.2440150e-01;1.5750000e+02;1.9221240e-01;1.5750000e+02;1.5334243e-01;1.5750000e+02;1.1156150e-01;1.5750000e+02;7.2634563e-02;1.5750000e+02;3.4743268e-02;1.5750000e+02;-3.0305609e-03;1.5750000e+02;5.0423993e-03;1.5750000e+02;1.9620664e-02;1.5750000e+02;3.8035110e-02;1.5750000e+02;5.7513740e-02;1.5750000e+02;8.0841884e-02;1.5750000e+02;1.1164287e-01;1.5750000e+02;1.5376644e-01;1.5750000e+02;1.9894826e-01;1.5750000e+02;2.3453611e-01;1.5750000e+02;2.5003880e-01;1.5750000e+02;2.4676415e-01;1.5750000e+02;2.2440150e-01;1.5750000e+02;1.9221240e-01;1.5750000e+02;1.5334243e-01;1.5750000e+02;1.1156150e-01;1.5750000e+02;7.2634563e-02;1.5750000e+02;3.4743268e-02;1.5750000e+02;-3.0305609e-03;1.5750000e+02;5.0423993e-03;1.5750000e+02;1.9620664e-02;1.5750000e+02;3.8035110e-02;1.5750000e+02;5.7513740e-02;1.5750000e+02;8.0841884e-02;1.5750000e+02;1.1164287e-01;1.5750000e+02;1.5376644e-01;1.5750000e+02;1.9894826e-01;1.5750000e+02;2.3453611e-01;1.5750000e+02;2.5003880e-01;1.5750000e+02;2.4676415e-01;1.5750000e+02;2.2440150e-01;1.5750000e+02;1.9221240e-01;1.5750000e+02;1.5334243e-01;1.5750000e+02;1.1156150e-01;1.5750000e+02;7.2634563e-02;1.5750000e+02;3.4743268e-02;1.5750000e+02;-3.0305609e-03;1.5750000e+02;5.0423993e-03;1.5750000e+02;1.9620664e-02;1.5750000e+02;3.8035110e-02;1.5750000e+02;5.7513740e-02;1.5750000e+02;8.0841884e-02;1.5750000e+02;1.1164287e-01;1.5750000e+02;1.5376644e-01;1.5750000e+02;1.9894826e-01;1.5750000e+02;2.3453611e-01;1.5750000e+02;2.5003880e-01;1.5750000e+02;2.4676415e-01;1.5750000e+02;2.2440150e-01;1.5750000e+02;1.9221240e-01;1.5750000e+02;1.5334243e-01;1.5750000e+02;1.1156150e-01;1.5750000e+02;7.2634563e-02;1.5750000e+02;3.4743268e-02;1.5750000e+02;-3.0305609e-03;1.5750000e+02;5.0423993e-03;1.5750000e+02;1.9620664e-02;1.5750000e+02;3.8035110e-02;1.5750000e+02;5.7513740e-02;1.5750000e+02;8.0841884e-02;1.5750000e+02;1.1164287e-01;1.5750000e+02;1.5376644e-01;1.5750000e+02;1.9894826e-01;1.5750000e+02;2.3453611e-01;1.5750000e+02;2.5003880e-01;1.5750000e+02;2.4676415e-01;1.5750000e+02;2.2440150e-01;1.5750000e+02;1.9221240e-01;1.5750000e+02;1.5334243e-01;1.5750000e+02;1.1156150e-01;1.5750000e+02;7.2634563e-02;1.5750000e+02;3.4743268e-02;1.5750000e+02;-3.0305609e-03;1.5750000e+02;5.0423993e-03;1.5750000e+02;1.9620664e-02;1.5750000e+02;3.8035110e-02;1.5750000e+02;5.7513740e-02;1.5750000e+02;8.0841884e-02;1.5750000e+02;1.1164287e-01;1.5750000e+02;1.5376644e-01;1.5750000e+02;1.9894826e-01;1.5750000e+02;2.3453611e-01;1.5750000e+02;2.5003880e-01;1.5750000e+02;2.4676415e-01;1.5750000e+02;2.2440150e-01;1.5750000e+02;1.9221240e-01;1.5750000e+02;1.5334243e-01;1.5750000e+02;1.1156150e-01;1.5750000e+02;7.2634563e-02;1.5750000e+02;3.4743268e-02;1.5750000e+02;-3.0305609e-03;1.5750000e+02;5.0423993e-03;1.5750000e+02;1.9620664e-02;1.5750000e+02;3.8035110e-02;1.5750000e+02;5.7513740e-02;1.5750000e+02;8.0841884e-02;1.5750000e+02;1.1164287e-01;1.5750000e+02;1.5376644e-01;1.5750000e+02;1.9894826e-01;1.5750000e+02;2.3453611e-01;1.5750000e+02;2.5003880e-01;1.5750000e+02;2.4676415e-01;1.5750000e+02;2.2440150e-01;1.5750000e+02;1.9221240e-01;1.5750000e+02;1.5334243e-01;1.5750000e+02;1.1156150e-01;1.5750000e+02;7.2634563e-02;1.5750000e+02;3.4743268e-02;1.5750000e+02;-3.0305609e-03;1.5750000e+02;5.0423993e-03;1.5750000e+02;1.9620664e-02;1.5750000e+02;3.8035110e-02;1.5750000e+02;5.7513740e-02;1.5750000e+02;8.0841884e-02;1.5750000e+02;1.1164287e-01;1.5750000e+02;1.5376644e-01;1.5750000e+02;1.9894826e-01;1.5750000e+02;2.3453611e-01;1.5750000e+02;2.5003880e-01;1.5750000e+02;2.4676415e-01;1.5750000e+02;2.2440150e-01;1.5750000e+02;1.9221240e-01;1.5750000e+02;1.5334243e-01;1.5750000e+02;1.1156150e-01;1.5750000e+02;7.2634563e-02;1.5750000e+02;3.4743268e-02;1.5750000e+02;-3.0305609e-03;1.5750000e+02;5.0423993e-03;1.5750000e+02;1.9620664e-02;1.5750000e+02;3.8035110e-02;1.5750000e+02;5.7513740e-02;1.5750000e+02;8.0841884e-02;1.5750000e+02;1.1164287e-01;1.5750000e+02;1.5376644e-01;1.5750000e+02;1.9894826e-01;1.5750000e+02;2.3453611e-01;1.5750000e+02;2.5003880e-01;1.5750000e+02;2.4676415e-01;1.5750000e+02;2.2440150e-01;1.5750000e+02;1.9221240e-01;1.5750000e+02;1.5334243e-01;1.5750000e+02;1.1156150e-01;1.5750000e+02;7.2634563e-02;1.5750000e+02;3.4743268e-02;1.5750000e+02;-3.0305609e-03;1.5750000e+02;5.0423993e-03;1.5750000e+02;1.9620664e-02;1.5750000e+02;3.8035110e-02;1.5750000e+02;5.7513740e-02;1.5750000e+02;8.0841884e-02;1.5750000e+02;1.1164287e-01;1.5750000e+02;1.5376644e-01;1.5750000e+02;1.9894826e-01;1.5750000e+02;2.3453611e-01;1.5750000e+02;2.5003880e-01;1.5750000e+02;2.4676415e-01;1.5750000e+02;2.2440150e-01;1.5750000e+02;1.9221240e-01;1.5750000e+02;1.5334243e-01;1.5750000e+02;1.1156150e-01;1.5750000e+02;7.2634563e-02;1.5750000e+02;3.4743268e-02;1.5750000e+02;-3.0305609e-03;1.5750000e+02;5.0423993e-03;1.5750000e+02;1.9620664e-02;1.5750000e+02;3.8035110e-02;1.5750000e+02;5.7513740e-02;1.5750000e+02;8.0841884e-02;1.5750000e+02;1.1164287e-01;1.5750000e+02;1.5376644e-01;1.5750000e+02;1.9894826e-01;1.5750000e+02;2.3453611e-01;1.5750000e+02;2.5003880e-01;1.5750000e+02;2.4676415e-01;1.5750000e+02;2.2440150e-01;1.5750000e+02;1.9221240e-01;1.5750000e+02;1.5334243e-01;1.5750000e+02;1.1156150e-01;1.5750000e+02;7.2634563e-02;1.5750000e+02;3.4743268e-02;1.5750000e+02;-3.0305609e-03;1.5750000e+02;5.0423993e-03;1.5750000e+02;1.9620664e-02;1.5750000e+02;3.8035110e-02;1.5750000e+02;5.7513740e-02;1.5750000e+02;8.0841884e-02;1.5750000e+02;1.1164287e-01;1.5750000e+02;1.5376644e-01;1.5750000e+02;1.9894826e-01;1.5750000e+02;2.3453611e-01;1.5750000e+02;2.5003880e-01;1.5750000e+02;2.4676415e-01;1.5750000e+02;2.2440150e-01;1.5750000e+02;1.9221240e-01;1.5750000e+02;1.5334243e-01;1.5750000e+02;1.1156150e-01;1.5750000e+02;7.2634563e-02;1.5750000e+02;3.4743268e-02;1.5750000e+02;-3.0305609e-03;1.5750000e+02;5.0423993e-03;1.5750000e+02;1.9620664e-02;1.5750000e+02;3.8035110e-02;1.5750000e+02;5.7513740e-02;1.5750000e+02;8.0841884e-02;1.5750000e+02;1.1164287e-01;1.5750000e+02;1.5376644e-01;1.5750000e+02;1.9894826e-01;1.5750000e+02;2.3453611e-01;1.5750000e+02;2.5003880e-01;1.5750000e+02;2.4676415e-01;1.5750000e+02;2.2440150e-01;1.5750000e+02;1.9221240e-01;1.5750000e+02;1.5334243e-01;1.5750000e+02;1.1156150e-01;1.5750000e+02;7.2634563e-02;1.5750000e+02;3.4743268e-02;1.5750000e+02;-3.0305609e-03;1.5750000e+02;5.0423993e-03;1.5750000e+02;1.9620664e-02;1.5750000e+02;3.8035110e-02;1.5750000e+02;5.7513740e-02;1.5750000e+02;8.0841884e-02;1.5750000e+02;1.1164287e-01;1.5750000e+02;1.5376644e-01;1.5750000e+02;1.9894826e-01;1.5750000e+02;2.3453611e-01;1.5750000e+02;2.5003880e-01;1.5750000e+02;2.4676415e-01;1.5750000e+02;2.2440150e-01;1.5750000e+02;1.9221240e-01;1.5750000e+02;1.5334243e-01;1.5750000e+02;1.1156150e-01;1.5750000e+02;7.2634563e-02;1.5750000e+02;3.4743268e-02;1.5750000e+02;-3.0305609e-03;1.5750000e+02;5.0423993e-03;1.5750000e+02;1.9620664e-02;1.5750000e+02;3.8035110e-02;1.5750000e+02;5.7513740e-02;1.5750000e+02;8.0841884e-02;1.5750000e+02;1.1164287e-01;1.5750000e+02;1.5376644e-01;1.5750000e+02;1.9894826e-01;1.5750000e+02;2.3453611e-01;1.5750000e+02;2.5003880e-01;1.5750000e+02;2.4676415e-01;1.5750000e+02;2.2440150e-01;1.5750000e+02;1.9221240e-01;1.5750000e+02;1.5334243e-01;1.5750000e+02;1.1156150e-01;1.5750000e+02;7.2634563e-02;1.5750000e+02;3.4743268e-02;1.5750000e+02;-3.0305609e-03;1.5750000e+02;5.0423993e-03;1.5750000e+02;1.9620664e-02;1.5750000e+02;3.8035110e-02;1.5750000e+02;5.7513740e-02;1.5750000e+02;8.0841884e-02;1.5750000e+02;1.1164287e-01;1.5750000e+02;1.5376644e-01;1.5750000e+02;1.9894826e-01;1.5750000e+02;2.3453611e-01;1.5750000e+02;2.5003880e-01;1.5750000e+02;2.4676415e-01;1.5750000e+02;2.2440150e-01;1.5750000e+02;1.9221240e-01;1.5750000e+02;1.5334243e-01;1.5750000e+02;1.1156150e-01;1.5750000e+02;7.2634563e-02;1.5750000e+02;3.4743268e-02;1.5750000e+02;-3.0305609e-03;1.5750000e+02;5.0423993e-03;1.5750000e+02;1.9620664e-02;1.5750000e+02;3.8035110e-02;1.5750000e+02;5.7513740e-02;1.5750000e+02;8.0841884e-02;1.5750000e+02;1.1164287e-01;1.5750000e+02;1.5376644e-01;1.5750000e+02;1.9894826e-01;1.5750000e+02;2.3453611e-01;1.5750000e+02;2.5003880e-01;1.5750000e+02;2.4676415e-01;1.5750000e+02;2.2440150e-01;1.5750000e+02;1.9221240e-01;1.5750000e+02;1.5334243e-01;1.5750000e+02;1.1156150e-01;1.5750000e+02;7.2634563e-02;1.5750000e+02;3.4743268e-02;1.5750000e+02;-3.0305609e-03;1.5750000e+02;5.0423993e-03;1.5750000e+02;1.9620664e-02;1.5750000e+02;3.8035110e-02;1.5750000e+02;5.7513740e-02;1.5750000e+02;8.0841884e-02;1.5750000e+02;1.1164287e-01;1.5750000e+02;1.5376644e-01;1.5750000e+02;1.9894826e-01;1.5750000e+02;2.3453611e-01;1.5750000e+02;2.5003880e-01;1.5750000e+02;2.4676415e-01;1.5750000e+02;2.2440150e-01;1.5750000e+02;1.9221240e-01;1.5750000e+02;1.5334243e-01;1.5750000e+02;1.1156150e-01;1.5750000e+02;7.2634563e-02;1.5750000e+02;3.4743268e-02;1.5750000e+02;-3.0305609e-03;1.5750000e+02;5.0423993e-03;1.5750000e+02;1.9620664e-02;1.5750000e+02;3.8035110e-02;1.5750000e+02;5.7513740e-02;1.5750000e+02;8.0841884e-02;1.5750000e+02;1.1164287e-01;1.5750000e+02;1.5376644e-01;1.5750000e+02;1.9894826e-01;1.5750000e+02;2.3453611e-01;1.5750000e+02;2.5003880e-01;1.5750000e+02;2.4676415e-01;1.5750000e+02;2.2440150e-01;1.5750000e+02;1.9221240e-01;1.5750000e+02;1.5334243e-01;1.5750000e+02;1.1156150e-01;1.5750000e+02;7.2634563e-02;1.5750000e+02;3.4743268e-02;1.5750000e+02;-3.0305609e-03;1.5750000e+02;5.0423993e-03;1.5750000e+02;1.9620664e-02;1.5750000e+02;3.8035110e-02;1.5750000e+02;5.7513740e-02;1.5750000e+02;8.0841884e-02;1.5750000e+02;1.1164287e-01;1.5750000e+02;1.5376644e-01;1.5750000e+02;1.9894826e-01;1.5750000e+02;2.3453611e-01;1.5750000e+02;2.5003880e-01;1.5750000e+02;2.4676415e-01;1.5750000e+02;2.2440150e-01;1.5750000e+02;1.9221240e-01;1.5750000e+02;1.5334243e-01;1.5750000e+02;1.1156150e-01;1.5750000e+02;7.2634563e-02;1.5750000e+02;3.4743268e-02;1.5750000e+02;-3.0305609e-03;1.5750000e+02;5.0423993e-03;1.5750000e+02;1.9620664e-02;1.5750000e+02;3.8035110e-02;1.5750000e+02;5.7513740e-02;1.5750000e+02;8.0841884e-02;1.5750000e+02;1.1164287e-01;1.5750000e+02;1.5376644e-01;1.5750000e+02;1.9894826e-01;1.5750000e+02;2.3453611e-01;1.5750000e+02;2.5003880e-01;1.5750000e+02;2.4676415e-01;1.5750000e+02;2.2440150e-01;1.5750000e+02;1.9221240e-01;1.5750000e+02;1.5334243e-01;1.5750000e+02;1.1156150e-01;1.5750000e+02;7.2634563e-02;1.5750000e+02;3.4743268e-02;1.5750000e+02;-3.0305609e-03;1.5750000e+02;5.0423993e-03;1.5750000e+02;1.9620664e-02;1.5750000e+02;3.8035110e-02;1.5750000e+02;5.7513740e-02;1.5750000e+02;8.0841884e-02;1.5750000e+02;1.1164287e-01;1.5750000e+02;1.5376644e-01;1.5750000e+02;1.9894826e-01;1.5750000e+02;2.3453611e-01;1.5750000e+02;2.5003880e-01;1.5750000e+02;2.4676415e-01;1.5750000e+02;2.2440150e-01;1.5750000e+02;1.9221240e-01;1.5750000e+02;1.5334243e-01;1.5750000e+02;1.1156150e-01;1.5750000e+02;7.2634563e-02;1.5750000e+02;3.4743268e-02;1.5750000e+02;-3.0305609e-03;1.5750000e+02;5.0423993e-03;1.5750000e+02;1.9620664e-02;1.5750000e+02;3.8035110e-02;1.5750000e+02;5.7513740e-02;1.5750000e+02;8.0841884e-02;1.5750000e+02;1.1164287e-01;1.5750000e+02;1.5376644e-01;1.5750000e+02;1.9894826e-01;1.5750000e+02;2.3453611e-01;1.5750000e+02;2.5003880e-01;1.5750000e+02;2.4676415e-01;1.5750000e+02;2.2440150e-01;1.5750000e+02;1.9221240e-01;1.5750000e+02;1.5334243e-01;1.5750000e+02;1.1156150e-01;1.5750000e+02;7.2634563e-02;1.5750000e+02;3.4743268e-02;1.5750000e+02;-3.0305609e-03;1.5750000e+02;5.0423993e-03;1.5750000e+02;1.9620664e-02;1.5750000e+02;3.8035110e-02;1.5750000e+02;5.7513740e-02;1.5750000e+02;8.0841884e-02;1.5750000e+02;1.1164287e-01;1.5750000e+02;1.5376644e-01;1.5750000e+02;1.9894826e-01;1.5750000e+02;2.3453611e-01;1.5750000e+02;2.5003880e-01;1.5750000e+02;2.4676415e-01;1.5750000e+02;2.2440150e-01;1.5750000e+02;1.9221240e-01;1.5750000e+02;1.5334243e-01;1.5750000e+02;1.1156150e-01;1.5750000e+02;7.2634563e-02;1.5750000e+02;3.4743268e-02;1.5750000e+02;-3.0305609e-03;1.5750000e+02;5.0423993e-03;1.5750000e+02;1.9620664e-02;1.5750000e+02;3.8035110e-02;1.5750000e+02;5.7513740e-02;1.5750000e+02;8.0841884e-02;1.5750000e+02;1.1164287e-01;1.5750000e+02;1.5376644e-01;1.5750000e+02;1.9894826e-01;1.5750000e+02;2.3453611e-01;1.5750000e+02;2.5003880e-01;1.5750000e+02;2.4676415e-01;1.5750000e+02;2.2440150e-01;1.5750000e+02;1.9221240e-01;1.5750000e+02;1.5334243e-01;1.5750000e+02;1.1156150e-01;1.5750000e+02;7.2634563e-02;1.5750000e+02;3.4743268e-02;1.5750000e+02;-3.0305609e-03;1.5750000e+02;5.0423993e-03;1.5750000e+02;1.9620664e-02;1.5750000e+02;3.8035110e-02;1.5750000e+02;5.7513740e-02;1.5750000e+02;8.0841884e-02;1.5750000e+02;1.1164287e-01;1.5750000e+02;1.5376644e-01;1.5750000e+02;1.9894826e-01;1.5750000e+02;2.3453611e-01;1.5750000e+02;2.5003880e-01;1.5750000e+02;2.4676415e-01;1.5750000e+02;2.2440150e-01;1.5750000e+02;1.9221240e-01;1.5750000e+02;1.5334243e-01;1.5750000e+02;1.1156150e-01;1.5750000e+02;7.2634563e-02;1.5750000e+02;3.4743268e-02;1.5750000e+02;-3.0305609e-03;1.5750000e+02;5.0423993e-03;1.5750000e+02;1.9620664e-02;1.5750000e+02;3.8035110e-02;1.5750000e+02;5.7513740e-02;1.5750000e+02;8.0841884e-02;1.5750000e+02;1.1164287e-01;1.5750000e+02;1.5376644e-01;1.5750000e+02;1.9894826e-01;1.5750000e+02;2.3453611e-01;1.5750000e+02;2.5003880e-01;1.5750000e+02;2.4676415e-01;1.5750000e+02;2.2440150e-01;1.5750000e+02;1.9221240e-01;1.5750000e+02;1.5334243e-01;1.5750000e+02;1.1156150e-01;1.5750000e+02;7.2634563e-02;1.5750000e+02;3.4743268e-02;1.5750000e+02;-3.0305609e-03;1.5750000e+02;5.0423993e-03;1.5750000e+02;1.9620664e-02;1.5750000e+02;3.8035110e-02;1.5750000e+02;5.7513740e-02;1.5750000e+02;8.0841884e-02;1.5750000e+02;1.1164287e-01;1.5750000e+02;1.5376644e-01;1.5750000e+02;1.9894826e-01;1.5750000e+02;2.3453611e-01;1.5750000e+02;2.5003880e-01;1.5750000e+02;2.4676415e-01;1.5750000e+02;2.2440150e-01;1.5750000e+02;1.9221240e-01;1.5750000e+02;1.5334243e-01;1.5750000e+02;1.1156150e-01;1.5750000e+02;7.2634563e-02;1.5750000e+02;3.4743268e-02;1.5750000e+02;-3.0305609e-03;1.5750000e+02;5.0423993e-03;1.5750000e+02;1.9620664e-02;1.5750000e+02;3.8035110e-02;1.5750000e+02;5.7513740e-02;1.5750000e+02;8.0841884e-02;1.5750000e+02;1.1164287e-01;1.5750000e+02;1.5376644e-01;1.5750000e+02;1.9894826e-01;1.5750000e+02;2.3453611e-01;1.5750000e+02;2.5003880e-01;1.5750000e+02;2.4676415e-01;1.5750000e+02;2.2440150e-01;1.5750000e+02;1.9221240e-01;1.5750000e+02;1.5334243e-01;1.5750000e+02;1.1156150e-01;1.5750000e+02;7.2634563e-02;1.5750000e+02;3.4743268e-02;1.5750000e+02;-3.0305609e-03;1.5750000e+02;5.0423993e-03;1.5750000e+02;1.9620664e-02;1.5750000e+02;3.8035110e-02;1.5750000e+02;5.7513740e-02;1.5750000e+02;8.0841884e-02;1.5750000e+02;1.1164287e-01;1.5750000e+02;1.5376644e-01;1.5750000e+02;1.9894826e-01;1.5750000e+02;2.3453611e-01;1.5750000e+02;2.5003880e-01;1.5750000e+02;2.4676415e-01;1.5750000e+02;2.2440150e-01;1.5750000e+02;1.9221240e-01;1.5750000e+02;1.5334243e-01;1.5750000e+02;1.1156150e-01;1.5750000e+02;7.2634563e-02;1.5750000e+02;3.4743268e-02;1.5750000e+02;-3.0305609e-03;1.5750000e+02;5.0423993e-03;1.5750000e+02;1.9620664e-02;1.5750000e+02;3.8035110e-02;1.5750000e+02;5.7513740e-02;1.5750000e+02;8.0841884e-02;1.5750000e+02;1.1164287e-01;1.5750000e+02;1.5376644e-01;1.5750000e+02;1.9894826e-01;1.5750000e+02;2.3453611e-01;1.5750000e+02;2.5003880e-01;1.5750000e+02;2.4676415e-01;1.5750000e+02;2.2440150e-01;1.5750000e+02;1.9221240e-01;1.5750000e+02;1.5334243e-01;1.5750000e+02;1.1156150e-01;1.5750000e+02;7.2634563e-02;1.5750000e+02;3.4743268e-02;1.5750000e+02;-3.0305609e-03;1.5750000e+02;5.0423993e-03;1.5750000e+02;1.9620664e-02;1.5750000e+02;3.8035110e-02;1.5750000e+02;5.7513740e-02;1.5750000e+02;8.0841884e-02;1.5750000e+02;1.1164287e-01;1.5750000e+02;1.5376644e-01;1.5750000e+02;1.9894826e-01;1.5750000e+02;2.3453611e-01;1.5750000e+02;2.5003880e-01;1.5750000e+02;2.4676415e-01;1.5750000e+02;2.2440150e-01;1.5750000e+02;1.9221240e-01;1.5750000e+02;1.5334243e-01;1.5750000e+02;1.1156150e-01;1.5750000e+02;7.2634563e-02;1.5750000e+02;3.4743268e-02;1.5750000e+02;-3.0305609e-03;1.5750000e+02;5.0423993e-03;1.5750000e+02;1.9620664e-02;1.5750000e+02;3.8035110e-02;1.5750000e+02;5.7513740e-02;1.5750000e+02;8.0841884e-02;1.5750000e+02;1.1164287e-01;1.5750000e+02;1.5376644e-01;1.5750000e+02;1.9894826e-01;1.5750000e+02;2.3453611e-01;1.5750000e+02;2.5003880e-01;1.5750000e+02;2.4676415e-01;1.5750000e+02;2.2440150e-01;1.5750000e+02;1.9221240e-01;1.5750000e+02;1.5334243e-01;1.5750000e+02;1.1156150e-01;1.5750000e+02;7.2634563e-02;1.5750000e+02;3.4743268e-02;1.5750000e+02;-3.0305609e-03;1.5750000e+02;5.0423993e-03;1.5750000e+02;1.9620664e-02;1.5750000e+02;3.8035110e-02;1.5750000e+02;5.7513740e-02;1.5750000e+02;8.0841884e-02;1.5750000e+02;1.1164287e-01;1.5750000e+02;1.5376644e-01;1.5750000e+02;1.9894826e-01;1.5750000e+02;2.3453611e-01;1.5750000e+02;2.5003880e-01;1.5750000e+02;2.4676415e-01;1.5750000e+02;2.2440150e-01;1.5750000e+02;1.9221240e-01;1.5750000e+02;1.5334243e-01;1.5750000e+02;1.1156150e-01;1.5750000e+02;7.2634563e-02;1.5750000e+02;3.4743268e-02;1.5750000e+02;-3.0305609e-03;1.5750000e+02;5.0423993e-03;1.5750000e+02;1.9620664e-02;1.5750000e+02;3.8035110e-02;1.5750000e+02;5.7513740e-02;1.5750000e+02;8.0841884e-02;1.5750000e+02;1.1164287e-01;1.5750000e+02;1.5376644e-01;1.5750000e+02;1.9894826e-01;1.5750000e+02;2.3453611e-01;1.5750000e+02;2.5003880e-01;1.5750000e+02;2.4676415e-01;1.5750000e+02;2.2440150e-01;1.5750000e+02;1.9221240e-01;1.5750000e+02;1.5334243e-01;1.5750000e+02;1.1156150e-01;1.5750000e+02;7.2634563e-02;1.5750000e+02;3.4743268e-02;1.5750000e+02;-3.0305609e-03;1.5750000e+02;5.0423993e-03;1.5750000e+02;1.9620664e-02;1.5750000e+02;3.8035110e-02;1.5750000e+02;5.7513740e-02;1.5750000e+02;8.0841884e-02;1.5750000e+02;1.1164287e-01;1.5750000e+02;1.5376644e-01;1.5750000e+02;1.9894826e-01;1.5750000e+02;2.3453611e-01;1.5750000e+02;2.5003880e-01;1.5750000e+02;2.4676415e-01;1.5750000e+02;2.2440150e-01;1.5750000e+02;1.9221240e-01;1.5750000e+02;1.5334243e-01;1.5750000e+02;1.1156150e-01;1.5750000e+02;7.2634563e-02;1.5750000e+02;3.4743268e-02;1.5750000e+02;-3.0305609e-03;1.5750000e+02;5.0423993e-03;1.5750000e+02;1.9620664e-02;1.5750000e+02;3.8035110e-02;1.5750000e+02;5.7513740e-02;1.5750000e+02;8.0841884e-02;1.5750000e+02;1.1164287e-01;1.5750000e+02;1.5376644e-01;1.5750000e+02;1.9894826e-01;1.5750000e+02;2.3453611e-01;1.5750000e+02;2.5003880e-01;1.5750000e+02;2.4676415e-01;1.5750000e+02;2.2440150e-01;1.5750000e+02;1.9221240e-01;1.5750000e+02;1.5334243e-01;1.5750000e+02;1.1156150e-01;1.5750000e+02;7.2634563e-02;1.5750000e+02;3.4743268e-02;1.5750000e+02;-3.0305609e-03;1.5750000e+02;5.0423993e-03;1.5750000e+02;1.9620664e-02;1.5750000e+02;3.8035110e-02;1.5750000e+02;5.7513740e-02;1.5750000e+02;8.0841884e-02;1.5750000e+02;1.1164287e-01;1.5750000e+02;1.5376644e-01;1.5750000e+02;1.9894826e-01;1.5750000e+02;2.3453611e-01;1.5750000e+02;2.5003880e-01;1.5750000e+02;2.4676415e-01;1.5750000e+02;2.2440150e-01;1.5750000e+02;1.9221240e-01;1.5750000e+02;1.5334243e-01;1.5750000e+02;1.1156150e-01;1.5750000e+02;7.2634563e-02;1.5750000e+02;3.4743268e-02;1.5750000e+02;-3.0305609e-03;1.5750000e+02;5.0423993e-03;1.5750000e+02;1.9620664e-02;1.5750000e+02;3.8035110e-02;1.5750000e+02;5.7513740e-02;1.5750000e+02;8.0841884e-02;1.5750000e+02;1.1164287e-01;1.5750000e+02;1.5376644e-01;1.5750000e+02;1.9894826e-01;1.5750000e+02;2.3453611e-01;1.5750000e+02;2.5003880e-01;1.5750000e+02;2.4676415e-01;1.5750000e+02;2.2440150e-01;1.5750000e+02;1.9221240e-01;1.5750000e+02;1.5334243e-01;1.5750000e+02;1.1156150e-01;1.5750000e+02;7.2634563e-02;1.5750000e+02;3.4743268e-02;1.5750000e+02;-3.0305609e-03;1.5750000e+02;5.0423993e-03;1.5750000e+02;1.9620664e-02;1.5750000e+02;3.8035110e-02;1.5750000e+02;5.7513740e-02;1.5750000e+02;8.0841884e-02;1.5750000e+02;1.1164287e-01;1.5750000e+02;1.5376644e-01;1.5750000e+02;1.9894826e-01;1.5750000e+02;2.3453611e-01;1.5750000e+02;2.5003880e-01;1.5750000e+02;2.4676415e-01;1.5750000e+02;2.2440150e-01;1.5750000e+02;1.9221240e-01;1.5750000e+02;1.5334243e-01;1.5750000e+02;1.1156150e-01;1.5750000e+02;7.2634563e-02;1.5750000e+02;3.4743268e-02;1.5750000e+02;-3.0305609e-03;1.5750000e+02;5.0423993e-03;1.5750000e+02;1.9620664e-02;1.5750000e+02;3.8035110e-02;1.5750000e+02;5.7513740e-02;1.5750000e+02;8.0841884e-02;1.5750000e+02;1.1164287e-01;1.5750000e+02;1.5376644e-01;1.5750000e+02;1.9894826e-01;1.5750000e+02;2.3453611e-01;1.5750000e+02;2.5003880e-01;1.5750000e+02;2.4676415e-01;1.5750000e+02;2.2440150e-01;1.5750000e+02;1.9221240e-01;1.5750000e+02;1.5334243e-01;1.5750000e+02;1.1156150e-01;1.5750000e+02;7.2634563e-02;1.5750000e+02;3.4743268e-02;1.5750000e+02;-3.0305609e-03;1.5750000e+02;5.0423993e-03;1.5750000e+02;1.9620664e-02;1.5750000e+02;3.8035110e-02;1.5750000e+02;5.7513740e-02;1.5750000e+02;8.0841884e-02;1.5750000e+02;1.1164287e-01;1.5750000e+02;1.5376644e-01;1.5750000e+02;1.9894826e-01;1.5750000e+02;2.3453611e-01;1.5750000e+02;2.5003880e-01;1.5750000e+02;2.4676415e-01;1.5750000e+02;2.2440150e-01;1.5750000e+02;1.9221240e-01;1.5750000e+02;1.5334243e-01;1.5750000e+02;1.1156150e-01;1.5750000e+02;7.2634563e-02;1.5750000e+02;3.4743268e-02;1.5750000e+02;-3.0305609e-03;1.5750000e+02;5.0423993e-03;1.5750000e+02;1.9620664e-02;1.5750000e+02;3.8035110e-02;1.5750000e+02;5.7513740e-02;1.5750000e+02;8.0841884e-02;1.5750000e+02;1.1164287e-01;1.5750000e+02;1.5376644e-01;1.5750000e+02;1.9894826e-01;1.5750000e+02;2.3453611e-01;1.5750000e+02;2.5003880e-01;1.5750000e+02;2.4676415e-01;1.5750000e+02;2.2440150e-01;1.5750000e+02;1.9221240e-01;1.5750000e+02;1.5334243e-01;1.5750000e+02;1.1156150e-01;1.5750000e+02;7.2634563e-02;1.5750000e+02;3.4743268e-02;1.5750000e+02;-3.0305609e-03;1.5750000e+02;5.0423993e-03;1.5750000e+02;1.9620664e-02;1.5750000e+02;3.8035110e-02;1.5750000e+02;5.7513740e-02;1.5750000e+02;8.0841884e-02;1.5750000e+02;1.1164287e-01;1.5750000e+02;1.5376644e-01;1.5750000e+02;1.9894826e-01;1.5750000e+02;2.3453611e-01;1.5750000e+02;2.5003880e-01;1.5750000e+02;2.4676415e-01;1.5750000e+02;2.2440150e-01;1.5750000e+02;1.9221240e-01;1.5750000e+02;1.5334243e-01;1.5750000e+02;1.1156150e-01;1.5750000e+02;7.2634563e-02;1.5750000e+02;3.4743268e-02;1.5750000e+02;-3.0305609e-03;1.5750000e+02;5.0423993e-03;1.5750000e+02;1.9620664e-02;1.5750000e+02;3.8035110e-02;1.5750000e+02;5.7513740e-02;1.5750000e+02;8.0841884e-02;1.5750000e+02;1.1164287e-01;1.5750000e+02;1.5376644e-01;1.5750000e+02;1.9894826e-01;1.5750000e+02;2.3453611e-01;1.5750000e+02;2.5003880e-01;1.5750000e+02;2.4676415e-01;1.5750000e+02;2.2440150e-01;1.5750000e+02;1.9221240e-01;1.5750000e+02;1.5334243e-01;1.5750000e+02;1.1156150e-01;1.5750000e+02;7.2634563e-02;1.5750000e+02;3.4743268e-02;1.5750000e+02;-3.0305609e-03;1.5750000e+02;5.0423993e-03;1.5750000e+02;1.9620664e-02;1.5750000e+02;3.8035110e-02;1.5750000e+02;5.7513740e-02;1.5750000e+02;8.0841884e-02;1.5750000e+02;1.1164287e-01;1.5750000e+02;1.5376644e-01;1.5750000e+02;1.9894826e-01;1.5750000e+02;2.3453611e-01;1.5750000e+02;2.5003880e-01;1.5750000e+02;2.4676415e-01;1.5750000e+02;2.2440150e-01;1.5750000e+02;1.9221240e-01;1.5750000e+02;1.5334243e-01;1.5750000e+02;1.1156150e-01;1.5750000e+02;7.2634563e-02;1.5750000e+02;3.4743268e-02;1.5750000e+02;-3.0305609e-03;1.5750000e+02;5.0423993e-03;1.5750000e+02;1.9620664e-02;1.5750000e+02;3.8035110e-02;1.5750000e+02;5.7513740e-02;1.5750000e+02;8.0841884e-02;1.5750000e+02;1.1164287e-01;1.5750000e+02;1.5376644e-01;1.5750000e+02;1.9894826e-01;1.5750000e+02;2.3453611e-01;1.5750000e+02;2.5003880e-01;1.5750000e+02;2.4676415e-01;1.5750000e+02;2.2440150e-01;1.5750000e+02;1.9221240e-01;1.5750000e+02;1.5334243e-01;1.5750000e+02;1.1156150e-01;1.5750000e+02;7.2634563e-02;1.5750000e+02;3.4743268e-02;1.5750000e+02;-3.0305609e-03;1.5750000e+02;5.0423993e-03;1.5750000e+02;1.9620664e-02;1.5750000e+02;3.8035110e-02;1.5750000e+02;5.7513740e-02;1.5750000e+02;8.0841884e-02;1.5750000e+02;1.1164287e-01;1.5750000e+02;1.5376644e-01;1.5750000e+02;1.9894826e-01;1.5750000e+02;2.3453611e-01;1.5750000e+02;2.5003880e-01;1.5750000e+02;2.4676415e-01;1.5750000e+02;2.2440150e-01;1.5750000e+02;1.9221240e-01;1.5750000e+02;1.5334243e-01;1.5750000e+02;1.1156150e-01;1.5750000e+02;7.2634563e-02;1.5750000e+02;3.4743268e-02;1.5750000e+02;-3.0305609e-03;1.5750000e+02;5.0423993e-03;1.5750000e+02;1.9620664e-02;1.5750000e+02;3.8035110e-02;1.5750000e+02;5.7513740e-02;1.5750000e+02;8.0841884e-02;1.5750000e+02;1.1164287e-01;1.5750000e+02;1.5376644e-01;1.5750000e+02;1.9894826e-01;1.5750000e+02;2.3453611e-01;1.5750000e+02;2.5003880e-01;1.5750000e+02;2.4676415e-01;1.5750000e+02;2.2440150e-01;1.5750000e+02;1.9221240e-01;1.5750000e+02;1.5334243e-01;1.5750000e+02;1.1156150e-01;1.5750000e+02;7.2634563e-02;1.5750000e+02;3.4743268e-02;1.5750000e+02;-3.0305609e-03;1.5750000e+02;5.0423993e-03;1.5750000e+02;1.9620664e-02;1.5750000e+02;3.8035110e-02;1.5750000e+02;5.7513740e-02;1.5750000e+02;8.0841884e-02;1.5750000e+02;1.1164287e-01;1.5750000e+02;1.5376644e-01;1.5750000e+02;1.9894826e-01;1.5750000e+02;2.3453611e-01;1.5750000e+02;2.5003880e-01;1.5750000e+02;2.4676415e-01;1.5750000e+02;2.2440150e-01;1.5750000e+02;1.9221240e-01;1.5750000e+02;1.5334243e-01;1.5750000e+02;1.1156150e-01;1.5750000e+02;7.2634563e-02;1.5750000e+02;3.4743268e-02;1.5750000e+02;-3.0305609e-03;1.5750000e+02;5.0423993e-03;1.5750000e+02;1.9620664e-02;1.5750000e+02;3.8035110e-02;1.5750000e+02;5.7513740e-02;1.5750000e+02;8.0841884e-02;1.5750000e+02;1.1164287e-01;1.5750000e+02;1.5376644e-01;1.5750000e+02;1.9894826e-01;1.5750000e+02;2.3453611e-01;1.5750000e+02;2.5003880e-01;1.5750000e+02;2.4676415e-01;1.5750000e+02;2.2440150e-01;1.5750000e+02;1.9221240e-01;1.5750000e+02;1.5334243e-01;1.5750000e+02;1.1156150e-01;1.5750000e+02;7.2634563e-02;1.5750000e+02;3.4743268e-02;1.5750000e+02;-3.0305609e-03;1.5750000e+02;5.0423993e-03;1.5750000e+02;1.9620664e-02;1.5750000e+02;3.8035110e-02;1.5750000e+02;5.7513740e-02;1.5750000e+02;8.0841884e-02;1.5750000e+02;1.1164287e-01;1.5750000e+02;1.5376644e-01;1.5750000e+02;1.9894826e-01;1.5750000e+02;2.3453611e-01;1.5750000e+02;2.5003880e-01;1.5750000e+02;2.4676415e-01;1.5750000e+02;2.2440150e-01;1.5750000e+02;1.9221240e-01;1.5750000e+02;1.5334243e-01;1.5750000e+02;1.1156150e-01;1.5750000e+02;7.2634563e-02;1.5750000e+02;3.4743268e-02;1.5750000e+02;-3.0305609e-03;1.5750000e+02;5.0423993e-03;1.5750000e+02;1.9620664e-02;1.5750000e+02;3.8035110e-02;1.5750000e+02;5.7513740e-02;1.5750000e+02;8.0841884e-02;1.5750000e+02;1.1164287e-01;1.5750000e+02;1.5376644e-01;1.5750000e+02;1.9894826e-01;1.5750000e+02;2.3453611e-01;1.5750000e+02;2.5003880e-01;1.5750000e+02;2.4676415e-01;1.5750000e+02;2.2440150e-01;1.5750000e+02;1.9221240e-01;1.5750000e+02;1.5334243e-01;1.5750000e+02;1.1156150e-01;1.5750000e+02;7.2634563e-02;1.5750000e+02;3.4743268e-02;1.5750000e+02;-3.0305609e-03;1.5750000e+02;5.0423993e-03;1.5750000e+02;1.9620664e-02;1.5750000e+02;3.8035110e-02;1.5750000e+02;5.7513740e-02;1.5750000e+02;8.0841884e-02;1.5750000e+02;1.1164287e-01;1.5750000e+02;1.5376644e-01;1.5750000e+02;1.9894826e-01;1.5750000e+02;2.3453611e-01;1.5750000e+02;2.5003880e-01;1.5750000e+02;2.4676415e-01;1.5750000e+02;2.2440150e-01;1.5750000e+02;1.9221240e-01;1.5750000e+02;1.5334243e-01;1.5750000e+02;1.1156150e-01;1.5750000e+02;7.2634563e-02;1.5750000e+02;3.4743268e-02;1.5750000e+02;-3.0305609e-03;1.5750000e+02;5.0423993e-03;1.5750000e+02;1.9620664e-02;1.5750000e+02;3.8035110e-02;1.5750000e+02;5.7513740e-02;1.5750000e+02;8.0841884e-02;1.5750000e+02;1.1164287e-01;1.5750000e+02;1.5376644e-01;1.5750000e+02;1.9894826e-01;1.5750000e+02;2.3453611e-01;1.5750000e+02;2.5003880e-01;1.5750000e+02;2.4676415e-01;1.5750000e+02;2.2440150e-01;1.5750000e+02;1.9221240e-01;1.5750000e+02;1.5334243e-01;1.5750000e+02;1.1156150e-01;1.5750000e+02;7.2634563e-02;1.5750000e+02;3.4743268e-02;1.5750000e+02;-3.0305609e-03;1.5750000e+02;5.0423993e-03;1.5750000e+02;1.9620664e-02;1.5750000e+02;3.8035110e-02;1.5750000e+02;5.7513740e-02;1.5750000e+02;8.0841884e-02;1.5750000e+02;1.1164287e-01;1.5750000e+02;1.5376644e-01;1.5750000e+02;1.9894826e-01;1.5750000e+02;2.3453611e-01;1.5750000e+02;2.5003880e-01;1.5750000e+02;2.4676415e-01;1.5750000e+02;2.2440150e-01;1.5750000e+02;1.9221240e-01;1.5750000e+02;1.5334243e-01;1.5750000e+02;1.1156150e-01;1.5750000e+02;7.2634563e-02;1.5750000e+02;3.4743268e-02;1.5750000e+02;-3.0305609e-03;1.5750000e+02;5.0423993e-03;1.5750000e+02;1.9620664e-02;1.5750000e+02;3.8035110e-02;1.5750000e+02;5.7513740e-02;1.5750000e+02;8.0841884e-02;1.5750000e+02;1.1164287e-01;1.5750000e+02;1.5376644e-01;1.5750000e+02;1.9894826e-01;1.5750000e+02;2.3453611e-01;1.5750000e+02;2.5003880e-01;1.5750000e+02;2.4676415e-01;1.5750000e+02;2.2440150e-01;1.5750000e+02;1.9221240e-01;1.5750000e+02;1.5334243e-01;1.5750000e+02;1.1156150e-01;1.5750000e+02;7.2634563e-02;1.5750000e+02;3.4743268e-02;1.5750000e+02;-3.0305609e-03;1.5750000e+02;5.0423993e-03;1.5750000e+02;1.9620664e-02;1.5750000e+02;3.8035110e-02;1.5750000e+02;5.7513740e-02;1.5750000e+02;8.0841884e-02;1.5750000e+02;1.1164287e-01;1.5750000e+02;1.5376644e-01;1.5750000e+02;1.9894826e-01;1.5750000e+02;2.3453611e-01;1.5750000e+02;2.5003880e-01;1.5750000e+02;2.4676415e-01;1.5750000e+02;2.2440150e-01;1.5750000e+02;1.9221240e-01;1.5750000e+02;1.5334243e-01;1.5750000e+02;1.1156150e-01;1.5750000e+02;7.2634563e-02;1.5750000e+02;3.4743268e-02;1.5750000e+02;-3.0305609e-03;1.5750000e+02;5.0423993e-03;1.5750000e+02;1.9620664e-02;1.5750000e+02;3.8035110e-02;1.5750000e+02;5.7513740e-02;1.5750000e+02;8.0841884e-02;1.5750000e+02;1.1164287e-01;1.5750000e+02;1.5376644e-01;1.5750000e+02;1.9894826e-01;1.5750000e+02;2.3453611e-01;1.5750000e+02;2.5003880e-01;1.5750000e+02;2.4676415e-01;1.5750000e+02;2.2440150e-01;1.5750000e+02;1.9221240e-01;1.5750000e+02;1.5334243e-01;1.5750000e+02;1.1156150e-01;1.5750000e+02;7.2634563e-02;1.5750000e+02;3.4743268e-02;1.5750000e+02;-3.0305609e-03;1.5750000e+02;5.0423993e-03;1.5750000e+02;1.9620664e-02;1.5750000e+02;3.8035110e-02;1.5750000e+02;5.7513740e-02;1.5750000e+02;8.0841884e-02;1.5750000e+02;1.1164287e-01;1.5750000e+02;1.5376644e-01;1.5750000e+02;1.9894826e-01;1.5750000e+02;2.3453611e-01;1.5750000e+02;2.5003880e-01;1.5750000e+02;2.4676415e-01;1.5750000e+02;2.2440150e-01;1.5750000e+02;1.9221240e-01;1.5750000e+02;1.5334243e-01;1.5750000e+02;1.1156150e-01;1.5750000e+02;7.2634563e-02;1.5750000e+02;3.4743268e-02;1.5750000e+02;-3.0305609e-03;1.5750000e+02;5.0423993e-03;1.5750000e+02;1.9620664e-02;1.5750000e+02;3.8035110e-02;1.5750000e+02;5.7513740e-02;1.5750000e+02;8.0841884e-02;1.5750000e+02;1.1164287e-01;1.5750000e+02;1.5376644e-01;1.5750000e+02;1.9894826e-01;1.5750000e+02;2.3453611e-01;1.5750000e+02;2.5003880e-01;1.5750000e+02;2.4676415e-01;1.5750000e+02;2.2440150e-01;1.5750000e+02;1.9221240e-01;1.5750000e+02;1.5334243e-01;1.5750000e+02;1.1156150e-01;1.5750000e+02;7.2634563e-02;1.5750000e+02;3.4743268e-02;1.5750000e+02;-3.0305609e-03;1.5750000e+02;5.0423993e-03;1.5750000e+02;1.9620664e-02;1.5750000e+02;3.8035110e-02;1.5750000e+02;5.7513740e-02;1.5750000e+02;8.0841884e-02;1.5750000e+02;1.1164287e-01;1.5750000e+02;1.5376644e-01;1.5750000e+02;1.9894826e-01;1.5750000e+02;2.3453611e-01;1.5750000e+02;2.5003880e-01;1.5750000e+02;2.4676415e-01;1.5750000e+02;2.2440150e-01;1.5750000e+02;1.9221240e-01;1.5750000e+02;1.5334243e-01;1.5750000e+02;1.1156150e-01;1.5750000e+02;7.2634563e-02;1.5750000e+02;3.4743268e-02;1.5750000e+02;-3.0305609e-03;1.5750000e+02;5.0423993e-03;1.5750000e+02;1.9620664e-02;1.5750000e+02;3.8035110e-02;1.5750000e+02;5.7513740e-02;1.5750000e+02;8.0841884e-02;1.5750000e+02;1.1164287e-01;1.5750000e+02;1.5376644e-01;1.5750000e+02;1.9894826e-01;1.5750000e+02;2.3453611e-01;1.5750000e+02;2.5003880e-01;1.5750000e+02;2.4676415e-01;1.5750000e+02;2.2440150e-01;1.5750000e+02;1.9221240e-01;1.5750000e+02;1.5334243e-01;1.5750000e+02;1.1156150e-01;1.5750000e+02;7.2634563e-02;1.5750000e+02;3.4743268e-02;1.5750000e+02;-3.0305609e-03;1.5750000e+02;5.0423993e-03;1.5750000e+02;1.9620664e-02;1.5750000e+02;3.8035110e-02;1.5750000e+02;5.7513740e-02;1.5750000e+02;8.0841884e-02;1.5750000e+02;1.1164287e-01;1.5750000e+02;1.5376644e-01;1.5750000e+02;1.9894826e-01;1.5750000e+02;2.3453611e-01;1.5750000e+02;2.5003880e-01;1.5750000e+02;2.4676415e-01;1.5750000e+02;2.2440150e-01;1.5750000e+02;1.9221240e-01;1.5750000e+02;1.5334243e-01;1.5750000e+02;1.1156150e-01;1.5750000e+02;7.2634563e-02;1.5750000e+02;3.4743268e-02;1.5750000e+02;-3.0305609e-03;1.5750000e+02;5.0423993e-03;1.5750000e+02;1.9620664e-02;1.5750000e+02;3.8035110e-02;1.5750000e+02;5.7513740e-02;1.5750000e+02;8.0841884e-02;1.5750000e+02;1.1164287e-01;1.5750000e+02;1.5376644e-01;1.5750000e+02;1.9894826e-01;1.5750000e+02;2.3453611e-01;1.5750000e+02;2.5003880e-01;1.5750000e+02;2.4676415e-01;1.5750000e+02;2.2440150e-01;1.5750000e+02;1.9221240e-01;1.5750000e+02;1.5334243e-01;1.5750000e+02;1.1156150e-01;1.5750000e+02;7.2634563e-02;1.5750000e+02;3.4743268e-02;1.5750000e+02;-3.0305609e-03;1.5750000e+02;5.0423993e-03;1.5750000e+02;1.9620664e-02;1.5750000e+02;3.8035110e-02;1.5750000e+02;5.7513740e-02;1.5750000e+02;8.0841884e-02;1.5750000e+02;1.1164287e-01;1.5750000e+02;1.5376644e-01;1.5750000e+02;1.9894826e-01;1.5750000e+02;2.3453611e-01;1.5750000e+02;2.5003880e-01;1.5750000e+02;2.4676415e-01;1.5750000e+02;2.2440150e-01;1.5750000e+02;1.9221240e-01;1.5750000e+02;1.5334243e-01;1.5750000e+02;1.1156150e-01;1.5750000e+02;7.2634563e-02;1.5750000e+02;3.4743268e-02;1.5750000e+02;-3.0305609e-03;1.5750000e+02;5.0423993e-03;1.5750000e+02;1.9620664e-02;1.5750000e+02;3.8035110e-02;1.5750000e+02;5.7513740e-02;1.5750000e+02;8.0841884e-02;1.5750000e+02;1.1164287e-01;1.5750000e+02;1.5376644e-01;1.5750000e+02;1.9894826e-01;1.5750000e+02;2.3453611e-01;1.5750000e+02;2.5003880e-01;1.5750000e+02;2.4676415e-01;1.5750000e+02;2.2440150e-01;1.5750000e+02;1.9221240e-01;1.5750000e+02;1.5334243e-01;1.5750000e+02;1.1156150e-01;1.5750000e+02;7.2634563e-02;1.5750000e+02;3.4743268e-02;1.5750000e+02;-3.0305609e-03;1.5750000e+02;5.0423993e-03;1.5750000e+02;1.9620664e-02;1.5750000e+02;3.8035110e-02;1.5750000e+02;5.7513740e-02;1.5750000e+02;8.0841884e-02;1.5750000e+02;1.1164287e-01;1.5750000e+02;1.5376644e-01;1.5750000e+02;1.9894826e-01;1.5750000e+02;2.3453611e-01;1.5750000e+02;2.5003880e-01;1.5750000e+02;2.4676415e-01;1.5750000e+02;2.2440150e-01;1.5750000e+02;1.9221240e-01;1.5750000e+02;1.5334243e-01;1.5750000e+02;1.1156150e-01;1.5750000e+02;7.2634563e-02;1.5750000e+02;3.4743268e-02;1.5750000e+02;-3.0305609e-03;1.5750000e+02;5.0423993e-03;1.5750000e+02;1.9620664e-02;1.5750000e+02;3.8035110e-02;1.5750000e+02;5.7513740e-02;1.5750000e+02;8.0841884e-02;1.5750000e+02;1.1164287e-01;1.5750000e+02;1.5376644e-01;1.5750000e+02;1.9894826e-01;1.5750000e+02;2.3453611e-01;1.5750000e+02;2.5003880e-01;1.5750000e+02;2.4676415e-01;1.5750000e+02;2.2440150e-01;1.5750000e+02;1.9221240e-01;1.5750000e+02;1.5334243e-01;1.5750000e+02;1.1156150e-01;1.5750000e+02;7.2634563e-02;1.5750000e+02;3.4743268e-02;1.5750000e+02;-3.0305609e-03;1.5750000e+02;5.0423993e-03;1.5750000e+02;1.9620664e-02;1.5750000e+02;3.8035110e-02;1.5750000e+02;5.7513740e-02;1.5750000e+02;8.0841884e-02;1.5750000e+02;1.1164287e-01;1.5750000e+02;1.5376644e-01;1.5750000e+02;1.9894826e-01;1.5750000e+02;2.3453611e-01;1.5750000e+02;2.5003880e-01;1.5750000e+02;2.4676415e-01;1.5750000e+02;2.2440150e-01;1.5750000e+02;1.9221240e-01;1.5750000e+02;1.5334243e-01;1.5750000e+02;1.1156150e-01;1.5750000e+02;7.2634563e-02;1.5750000e+02;3.4743268e-02;1.5750000e+02;-3.0305609e-03;1.5750000e+02;5.0423993e-03;1.5750000e+02;1.9620664e-02;1.5750000e+02;3.8035110e-02;1.5750000e+02;5.7513740e-02;1.5750000e+02;8.0841884e-02;1.5750000e+02;1.1164287e-01;1.5750000e+02;1.5376644e-01;1.5750000e+02;1.9894826e-01;1.5750000e+02;2.3453611e-01;1.5750000e+02;2.5003880e-01;1.5750000e+02;2.4676415e-01;1.5750000e+02;2.2440150e-01;1.5750000e+02;1.9221240e-01;1.5750000e+02;1.5334243e-01;1.5750000e+02;1.1156150e-01;1.5750000e+02;7.2634563e-02;1.5750000e+02;3.4743268e-02;1.5750000e+02;-3.0305609e-03;1.5750000e+02;5.0423993e-03;1.5750000e+02;1.9620664e-02;1.5750000e+02;3.8035110e-02;1.5750000e+02;5.7513740e-02;1.5750000e+02;8.0841884e-02;1.5750000e+02;1.1164287e-01;1.5750000e+02;1.5376644e-01;1.5750000e+02;1.9894826e-01;1.5750000e+02;2.3453611e-01;1.5750000e+02;2.5003880e-01;1.5750000e+02;2.4676415e-01;1.5750000e+02;2.2440150e-01;1.5750000e+02;1.9221240e-01;1.5750000e+02;1.5334243e-01;1.5750000e+02;1.1156150e-01;1.5750000e+02;7.2634563e-02;1.5750000e+02;3.4743268e-02;1.5750000e+02;-3.0305609e-03;1.5750000e+02;5.0423993e-03;1.5750000e+02;1.9620664e-02;1.5750000e+02;3.8035110e-02;1.5750000e+02;5.7513740e-02;1.5750000e+02;8.0841884e-02;1.5750000e+02;1.1164287e-01;1.5750000e+02;1.5376644e-01;1.5750000e+02;1.9894826e-01;1.5750000e+02;2.3453611e-01;1.5750000e+02;2.5003880e-01;1.5750000e+02;2.4676415e-01;1.5750000e+02;2.2440150e-01;1.5750000e+02;1.9221240e-01;1.5750000e+02;1.5334243e-01;1.5750000e+02;1.1156150e-01;1.5750000e+02;7.2634563e-02;1.5750000e+02;3.4743268e-02;1.5750000e+02;-3.0305609e-03;1.5750000e+02;5.0423993e-03;1.5750000e+02;1.9620664e-02;1.5750000e+02;3.8035110e-02;1.5750000e+02;5.7513740e-02;1.5750000e+02;8.0841884e-02;1.5750000e+02;1.1164287e-01;1.5750000e+02;1.5376644e-01;1.5750000e+02;1.9894826e-01;1.5750000e+02;2.3453611e-01;1.5750000e+02;2.5003880e-01;1.5750000e+02;2.4676415e-01;1.5750000e+02;2.2440150e-01;1.5750000e+02;1.9221240e-01;1.5750000e+02;1.5334243e-01;1.5750000e+02;1.1156150e-01;1.5750000e+02;7.2634563e-02;1.5750000e+02;3.4743268e-02;1.5750000e+02;-3.0305609e-03;1.5750000e+02;5.0423993e-03;1.5750000e+02;1.9620664e-02;1.5750000e+02;3.8035110e-02;1.5750000e+02;5.7513740e-02;1.5750000e+02;8.0841884e-02;1.5750000e+02;1.1164287e-01;1.5750000e+02;1.5376644e-01;1.5750000e+02;1.9894826e-01;1.5750000e+02;2.3453611e-01;1.5750000e+02;2.5003880e-01;1.5750000e+02;2.4676415e-01;1.5750000e+02;2.2440150e-01;1.5750000e+02;1.9221240e-01;1.5750000e+02;1.5334243e-01;1.5750000e+02;1.1156150e-01;1.5750000e+02;7.2634563e-02;1.5750000e+02;3.4743268e-02;1.5750000e+02;-3.0305609e-03;1.5750000e+02;5.0423993e-03;1.5750000e+02;1.9620664e-02;1.5750000e+02;3.8035110e-02;1.5750000e+02;5.7513740e-02;1.5750000e+02;8.0841884e-02;1.5750000e+02;1.1164287e-01;1.5750000e+02;1.5376644e-01;1.5750000e+02;1.9894826e-01;1.5750000e+02;2.3453611e-01;1.5750000e+02;2.5003880e-01;1.5750000e+02;2.4676415e-01;1.5750000e+02;2.2440150e-01;1.5750000e+02;1.9221240e-01;1.5750000e+02;1.5334243e-01;1.5750000e+02;1.1156150e-01;1.5750000e+02;7.2634563e-02;1.5750000e+02;3.4743268e-02;1.5750000e+02;-3.0305609e-03;1.5750000e+02;5.0423993e-03;1.5750000e+02;1.9620664e-02;1.5750000e+02;3.8035110e-02;1.5750000e+02;5.7513740e-02;1.5750000e+02;8.0841884e-02;1.5750000e+02;1.1164287e-01;1.5750000e+02;1.5376644e-01;1.5750000e+02;1.9894826e-01;1.5750000e+02;2.3453611e-01;1.5750000e+02;2.5003880e-01;1.5750000e+02;2.4676415e-01;1.5750000e+02;2.2440150e-01;1.5750000e+02;1.9221240e-01;1.5750000e+02;1.5334243e-01;1.5750000e+02;1.1156150e-01;1.5750000e+02;7.2634563e-02;1.5750000e+02;3.4743268e-02;1.5750000e+02;-3.0305609e-03;1.5750000e+02;5.0423993e-03;1.5750000e+02;1.9620664e-02;1.5750000e+02;3.8035110e-02;1.5750000e+02;5.7513740e-02;1.5750000e+02;8.0841884e-02;1.5750000e+02;1.1164287e-01;1.5750000e+02;1.5376644e-01;1.5750000e+02;1.9894826e-01;1.5750000e+02;2.3453611e-01;1.5750000e+02;2.5003880e-01;1.5750000e+02;2.4676415e-01;1.5750000e+02;2.2440150e-01;1.5750000e+02;1.9221240e-01;1.5750000e+02;1.5334243e-01;1.5750000e+02;1.1156150e-01;1.5750000e+02;7.2634563e-02;1.5750000e+02;3.4743268e-02;1.5750000e+02;-3.0305609e-03;1.5750000e+02;5.0423993e-03;1.5750000e+02;1.9620664e-02;1.5750000e+02;3.8035110e-02;1.5750000e+02;5.7513740e-02;1.5750000e+02;8.0841884e-02;1.5750000e+02;1.1164287e-01;1.5750000e+02;1.5376644e-01;1.5750000e+02;1.9894826e-01;1.5750000e+02;2.3453611e-01;1.5750000e+02;2.5003880e-01;1.5750000e+02;2.4676415e-01;1.5750000e+02;2.2440150e-01;1.5750000e+02;1.9221240e-01;1.5750000e+02;1.5334243e-01;1.5750000e+02;1.1156150e-01;1.5750000e+02;7.2634563e-02;1.5750000e+02;3.4743268e-02;1.5750000e+02;-3.0305609e-03;1.5750000e+02;5.0423993e-03;1.5750000e+02;1.9620664e-02;1.5750000e+02;3.8035110e-02;1.5750000e+02;5.7513740e-02;1.5750000e+02;8.0841884e-02;1.5750000e+02;1.1164287e-01;1.5750000e+02;1.5376644e-01;1.5750000e+02;1.9894826e-01;1.5750000e+02;2.3453611e-01;1.5750000e+02;2.5003880e-01;1.5750000e+02;2.4676415e-01;1.5750000e+02;2.2440150e-01;1.5750000e+02;1.9221240e-01;1.5750000e+02;1.5334243e-01;1.5750000e+02;1.1156150e-01;1.5750000e+02;7.2634563e-02;1.5750000e+02;3.4743268e-02;1.5750000e+02;-3.0305609e-03;1.5750000e+02;5.0423993e-03;1.5750000e+02;1.9620664e-02;1.5750000e+02;3.8035110e-02;1.5750000e+02;5.7513740e-02;1.5750000e+02;8.0841884e-02;1.5750000e+02;1.1164287e-01;1.5750000e+02;1.5376644e-01;1.5750000e+02;1.9894826e-01;1.5750000e+02;2.3453611e-01;1.5750000e+02;2.5003880e-01;1.5750000e+02;2.4676415e-01;1.5750000e+02;2.2440150e-01;1.5750000e+02;1.9221240e-01;1.5750000e+02;1.5334243e-01;1.5750000e+02;1.1156150e-01;1.5750000e+02;7.2634563e-02;1.5750000e+02;3.4743268e-02;1.5750000e+02;-3.0305609e-03;1.5750000e+02;5.0423993e-03;1.5750000e+02;1.9620664e-02;1.5750000e+02;3.8035110e-02;1.5750000e+02;5.7513740e-02;1.5750000e+02;8.0841884e-02;1.5750000e+02;1.1164287e-01;1.5750000e+02;1.5376644e-01;1.5750000e+02;1.9894826e-01;1.5750000e+02;2.3453611e-01;1.5750000e+02;2.5003880e-01;1.5750000e+02;2.4676415e-01;1.5750000e+02;2.2440150e-01;1.5750000e+02;1.9221240e-01;1.5750000e+02;1.5334243e-01;1.5750000e+02;1.1156150e-01;1.5750000e+02;7.2634563e-02;1.5750000e+02;3.4743268e-02;1.5750000e+02;-3.0305609e-03;1.5750000e+02;5.0423993e-03;1.5750000e+02;1.9620664e-02;1.5750000e+02;3.8035110e-02;1.5750000e+02;5.7513740e-02;1.5750000e+02;8.0841884e-02;1.5750000e+02;1.1164287e-01;1.5750000e+02;1.5376644e-01;1.5750000e+02;1.9894826e-01;1.5750000e+02;2.3453611e-01;1.5750000e+02;2.5003880e-01;1.5750000e+02;2.4676415e-01;1.5750000e+02;2.2440150e-01;1.5750000e+02;1.9221240e-01;1.5750000e+02;1.5334243e-01;1.5750000e+02;1.1156150e-01;1.5750000e+02;7.2634563e-02;1.5750000e+02;3.4743268e-02;1.5750000e+02;-3.0305609e-03;1.5750000e+02;5.0423993e-03;1.5750000e+02;1.9620664e-02;1.5750000e+02;3.8035110e-02;1.5750000e+02;5.7513740e-02;1.5750000e+02;8.0841884e-02;1.5750000e+02;1.1164287e-01;1.5750000e+02;1.5376644e-01;1.5750000e+02;1.9894826e-01;1.5750000e+02;2.3453611e-01;1.5750000e+02;2.5003880e-01;1.5750000e+02;2.4676415e-01;1.5750000e+02;2.2440150e-01;1.5750000e+02;1.9221240e-01;1.5750000e+02;1.5334243e-01;1.5750000e+02;1.1156150e-01;1.5750000e+02;7.2634563e-02;1.5750000e+02;3.4743268e-02;1.5750000e+02;-3.0305609e-03;1.5750000e+02;5.0423993e-03;1.5750000e+02;1.9620664e-02;1.5750000e+02;3.8035110e-02;1.5750000e+02;5.7513740e-02;1.5750000e+02;8.0841884e-02;1.5750000e+02;1.1164287e-01;1.5750000e+02;1.5376644e-01;1.5750000e+02;1.9894826e-01;1.5750000e+02;2.3453611e-01;1.5750000e+02;2.5003880e-01;1.5750000e+02;2.4676415e-01;1.5750000e+02;2.2440150e-01;1.5750000e+02;1.9221240e-01;1.5750000e+02;1.5334243e-01;1.5750000e+02;1.1156150e-01;1.5750000e+02;7.2634563e-02;1.5750000e+02;3.4743268e-02;1.5750000e+02;-3.0305609e-03;1.5750000e+02;5.0423993e-03;1.5750000e+02;1.9620664e-02;1.5750000e+02;3.8035110e-02;1.5750000e+02;5.7513740e-02;1.5750000e+02;8.0841884e-02;1.5750000e+02;1.1164287e-01;1.5750000e+02;1.5376644e-01;1.5750000e+02;1.9894826e-01;1.5750000e+02;2.3453611e-01;1.5750000e+02;2.5003880e-01;1.5750000e+02;2.4676415e-01;1.5750000e+02;2.2440150e-01;1.5750000e+02;1.9221240e-01;1.5750000e+02;1.5334243e-01;1.5750000e+02;1.1156150e-01;1.5750000e+02;7.2634563e-02;1.5750000e+02;3.4743268e-02;1.5750000e+02;-3.0305609e-03;1.5750000e+02;5.0423993e-03;1.5750000e+02;1.9620664e-02;1.5750000e+02;3.8035110e-02;1.5750000e+02;5.7513740e-02;1.5750000e+02;8.0841884e-02;1.5750000e+02;1.1164287e-01;1.5750000e+02;1.5376644e-01;1.5750000e+02;1.9894826e-01;1.5750000e+02;2.3453611e-01;1.5750000e+02;2.5003880e-01;1.5750000e+02;2.4676415e-01;1.5750000e+02;2.2440150e-01;1.5750000e+02;1.9221240e-01;1.5750000e+02;1.5334243e-01;1.5750000e+02;1.1156150e-01;1.5750000e+02;7.2634563e-02;1.5750000e+02;3.4743268e-02;1.5750000e+02;-3.0305609e-03;1.5750000e+02;5.0423993e-03;1.5750000e+02;1.9620664e-02;1.5750000e+02;3.8035110e-02;1.5750000e+02;5.7513740e-02;1.5750000e+02;8.0841884e-02;1.5750000e+02;1.1164287e-01;1.5750000e+02;1.5376644e-01;1.5750000e+02;1.9894826e-01;1.5750000e+02;2.3453611e-01;1.5750000e+02;2.5003880e-01;1.5750000e+02;2.4676415e-01;1.5750000e+02;2.2440150e-01;1.5750000e+02;1.9221240e-01;1.5750000e+02;1.5334243e-01;1.5750000e+02;1.1156150e-01;1.5750000e+02;7.2634563e-02;1.5750000e+02;3.4743268e-02;1.5750000e+02;-3.0305609e-03;1.5750000e+02;5.0423993e-03;1.5750000e+02;1.9620664e-02;1.5750000e+02;3.8035110e-02;1.5750000e+02;5.7513740e-02;1.5750000e+02;8.0841884e-02;1.5750000e+02;1.1164287e-01;1.5750000e+02;1.5376644e-01;1.5750000e+02;1.9894826e-01;1.5750000e+02;2.3453611e-01;1.5750000e+02;2.5003880e-01;1.5750000e+02;2.4676415e-01;1.5750000e+02;2.2440150e-01;1.5750000e+02;1.9221240e-01;1.5750000e+02;1.5334243e-01;1.5750000e+02;1.1156150e-01;1.5750000e+02;7.2634563e-02;1.5750000e+02;3.4743268e-02;1.5750000e+02;-3.0305609e-03;1.5750000e+02;5.0423993e-03;1.5750000e+02;1.9620664e-02;1.5750000e+02;3.8035110e-02;1.5750000e+02;5.7513740e-02;1.5750000e+02;8.0841884e-02;1.5750000e+02;1.1164287e-01;1.5750000e+02;1.5376644e-01;1.5750000e+02;1.9894826e-01;1.5750000e+02;2.3453611e-01;1.5750000e+02;2.5003880e-01;1.5750000e+02;2.4676415e-01;1.5750000e+02;2.2440150e-01;1.5750000e+02;1.9221240e-01;1.5750000e+02;1.5334243e-01;1.5750000e+02;1.1156150e-01;1.5750000e+02;7.2634563e-02;1.5750000e+02;3.4743268e-02;1.5750000e+02;-3.0305609e-03;1.5750000e+02;5.0423993e-03;1.5750000e+02;1.9620664e-02;1.5750000e+02;3.8035110e-02;1.5750000e+02;5.7513740e-02;1.5750000e+02;8.0841884e-02;1.5750000e+02;1.1164287e-01;1.5750000e+02;1.5376644e-01;1.5750000e+02;1.9894826e-01;1.5750000e+02;2.3453611e-01;1.5750000e+02;2.5003880e-01;1.5750000e+02;2.4676415e-01;1.5750000e+02;2.2440150e-01;1.5750000e+02;1.9221240e-01;1.5750000e+02;1.5334243e-01;1.5750000e+02;1.1156150e-01;1.5750000e+02;7.2634563e-02;1.5750000e+02;3.4743268e-02;1.5750000e+02;-3.0305609e-03;1.5750000e+02;5.0423993e-03;1.5750000e+02;1.9620664e-02;1.5750000e+02;3.8035110e-02;1.5750000e+02;5.7513740e-02;1.5750000e+02;8.0841884e-02;1.5750000e+02;1.1164287e-01;1.5750000e+02;1.5376644e-01;1.5750000e+02;1.9894826e-01;1.5750000e+02;2.3453611e-01;1.5750000e+02;2.5003880e-01;1.5750000e+02;2.4676415e-01;1.5750000e+02;2.2440150e-01;1.5750000e+02;1.9221240e-01;1.5750000e+02;1.5334243e-01;1.5750000e+02;1.1156150e-01;1.5750000e+02;7.2634563e-02;1.5750000e+02;3.4743268e-02;1.5750000e+02;-3.0305609e-03;1.5750000e+02;5.0423993e-03;1.5750000e+02;1.9620664e-02;1.5750000e+02;3.8035110e-02;1.5750000e+02;5.7513740e-02;1.5750000e+02;8.0841884e-02;1.5750000e+02;1.1164287e-01;1.5750000e+02;1.5376644e-01;1.5750000e+02;1.9894826e-01;1.5750000e+02;2.3453611e-01;1.5750000e+02;2.5003880e-01;1.5750000e+02;2.4676415e-01;1.5750000e+02;2.2440150e-01;1.5750000e+02;1.9221240e-01;1.5750000e+02;1.5334243e-01;1.5750000e+02;1.1156150e-01;1.5750000e+02;7.2634563e-02;1.5750000e+02;3.4743268e-02;1.5750000e+02;-3.0305609e-03;1.5750000e+02;5.0423993e-03;1.5750000e+02;1.9620664e-02;1.5750000e+02;3.8035110e-02;1.5750000e+02;5.7513740e-02;1.5750000e+02;8.0841884e-02;1.5750000e+02;1.1164287e-01;1.5750000e+02;1.5376644e-01;1.5750000e+02;1.9894826e-01;1.5750000e+02;2.3453611e-01;1.5750000e+02;2.5003880e-01;1.5750000e+02;2.4676415e-01;1.5750000e+02;2.2440150e-01;1.5750000e+02;1.9221240e-01;1.5750000e+02;1.5334243e-01;1.5750000e+02;1.1156150e-01;1.5750000e+02;7.2634563e-02;1.5750000e+02;3.4743268e-02;1.5750000e+02;-3.0305609e-03;1.5750000e+02;5.0423993e-03;1.5750000e+02;1.9620664e-02;1.5750000e+02;3.8035110e-02;1.5750000e+02;5.7513740e-02;1.5750000e+02;8.0841884e-02;1.5750000e+02;1.1164287e-01;1.5750000e+02;1.5376644e-01;1.5750000e+02;1.9894826e-01;1.5750000e+02;2.3453611e-01;1.5750000e+02;2.5003880e-01;1.5750000e+02;2.4676415e-01;1.5750000e+02;2.2440150e-01;1.5750000e+02;1.9221240e-01;1.5750000e+02;1.5334243e-01;1.5750000e+02;1.1156150e-01;1.5750000e+02;7.2634563e-02;1.5750000e+02;3.4743268e-02;1.5750000e+02;-3.0305609e-03;1.5750000e+02;5.0423993e-03;1.5750000e+02;1.9620664e-02;1.5750000e+02;3.8035110e-02;1.5750000e+02;5.7513740e-02;1.5750000e+02;8.0841884e-02;1.5750000e+02;1.1164287e-01;1.5750000e+02;1.5376644e-01;1.5750000e+02;1.9894826e-01;1.5750000e+02;2.3453611e-01;1.5750000e+02;2.5003880e-01;1.5750000e+02;2.4676415e-01;1.5750000e+02;2.2440150e-01;1.5750000e+02;1.9221240e-01;1.5750000e+02;1.5334243e-01;1.5750000e+02;1.1156150e-01;1.5750000e+02;7.2634563e-02;1.5750000e+02;3.4743268e-02;1.5750000e+02;-3.0305609e-03;1.5750000e+02;5.0423993e-03;1.5750000e+02;1.9620664e-02;1.5750000e+02;3.8035110e-02;1.5750000e+02;5.7513740e-02;1.5750000e+02;8.0841884e-02;1.5750000e+02;1.1164287e-01;1.5750000e+02;1.5376644e-01;1.5750000e+02;1.9894826e-01;1.5750000e+02;2.3453611e-01;1.5750000e+02;2.5003880e-01;1.5750000e+02;2.4676415e-01;1.5750000e+02;2.2440150e-01;1.5750000e+02;1.9221240e-01;1.5750000e+02;1.5334243e-01;1.5750000e+02;1.1156150e-01;1.5750000e+02;7.2634563e-02;1.5750000e+02;3.4743268e-02;1.5750000e+02;-3.0305609e-03;1.5750000e+02;5.0423993e-03;1.5750000e+02;1.9620664e-02;1.5750000e+02;3.8035110e-02;1.5750000e+02;5.7513740e-02;1.5750000e+02;8.0841884e-02;1.5750000e+02;1.1164287e-01;1.5750000e+02;1.5376644e-01;1.5750000e+02;1.9894826e-01;1.5750000e+02;2.3453611e-01;1.5750000e+02;2.5003880e-01;1.5750000e+02;2.4676415e-01;1.5750000e+02;2.2440150e-01;1.5750000e+02;1.9221240e-01;1.5750000e+02;1.5334243e-01;1.5750000e+02;1.1156150e-01;1.5750000e+02;7.2634563e-02;1.5750000e+02;3.4743268e-02;1.5750000e+02;-3.0305609e-03;1.5750000e+02;5.0423993e-03;1.5750000e+02;1.9620664e-02;1.5750000e+02;3.8035110e-02;1.5750000e+02;5.7513740e-02;1.5750000e+02;8.0841884e-02;1.5750000e+02;1.1164287e-01;1.5750000e+02;1.5376644e-01;1.5750000e+02;1.9894826e-01;1.5750000e+02;2.3453611e-01;1.5750000e+02;2.5003880e-01;1.5750000e+02;2.4676415e-01;1.5750000e+02;2.2440150e-01;1.5750000e+02;1.9221240e-01;1.5750000e+02;1.5334243e-01;1.5750000e+02;1.1156150e-01;1.5750000e+02;7.2634563e-02;1.5750000e+02;3.4743268e-02;1.5750000e+02;-3.0305609e-03;1.5750000e+02;5.0423993e-03;1.5750000e+02;1.9620664e-02;1.5750000e+02;3.8035110e-02;1.5750000e+02;5.7513740e-02;1.5750000e+02;8.0841884e-02;1.5750000e+02;1.1164287e-01;1.5750000e+02;1.5376644e-01;1.5750000e+02;1.9894826e-01;1.5750000e+02;2.3453611e-01;1.5750000e+02;2.5003880e-01;1.5750000e+02;2.4676415e-01;1.5750000e+02;2.2440150e-01;1.5750000e+02;1.9221240e-01;1.5750000e+02;1.5334243e-01;1.5750000e+02;1.1156150e-01;1.5750000e+02;7.2634563e-02;1.5750000e+02;3.4743268e-02;1.5750000e+02;-3.0305609e-03;1.5750000e+02;5.0423993e-03;1.5750000e+02;1.9620664e-02;1.5750000e+02;3.8035110e-02;1.5750000e+02;5.7513740e-02;1.5750000e+02;8.0841884e-02;1.5750000e+02;1.1164287e-01;1.5750000e+02;1.5376644e-01;1.5750000e+02;1.9894826e-01;1.5750000e+02;2.3453611e-01;1.5750000e+02;2.5003880e-01;1.5750000e+02;2.4676415e-01;1.5750000e+02;2.2440150e-01;1.5750000e+02;1.9221240e-01;1.5750000e+02;1.5334243e-01;1.5750000e+02;1.1156150e-01;1.5750000e+02;7.2634563e-02;1.5750000e+02;3.4743268e-02;1.5750000e+02;-3.0305609e-03;1.5750000e+02;5.0423993e-03;1.5750000e+02;1.9620664e-02;1.5750000e+02;3.8035110e-02;1.5750000e+02;5.7513740e-02;1.5750000e+02;8.0841884e-02;1.5750000e+02;1.1164287e-01;1.5750000e+02;1.5376644e-01;1.5750000e+02;1.9894826e-01;1.5750000e+02;2.3453611e-01;1.5750000e+02;2.5003880e-01;1.5750000e+02;2.4676415e-01;1.5750000e+02;2.2440150e-01;1.5750000e+02;1.9221240e-01;1.5750000e+02;1.5334243e-01;1.5750000e+02;1.1156150e-01;1.5750000e+02;7.2634563e-02;1.5750000e+02;3.4743268e-02;1.5750000e+02;-3.0305609e-03;1.5750000e+02;5.0423993e-03;1.5750000e+02;1.9620664e-02;1.5750000e+02;3.8035110e-02;1.5750000e+02;5.7513740e-02;1.5750000e+02;8.0841884e-02;1.5750000e+02;1.1164287e-01;1.5750000e+02;1.5376644e-01;1.5750000e+02;1.9894826e-01;1.5750000e+02;2.3453611e-01;1.5750000e+02;2.5003880e-01;1.5750000e+02;2.4676415e-01;1.5750000e+02;2.2440150e-01;1.5750000e+02;1.9221240e-01;1.5750000e+02;1.5334243e-01;1.5750000e+02;1.1156150e-01;1.5750000e+02;7.2634563e-02;1.5750000e+02;3.4743268e-02;1.5750000e+02;-3.0305609e-03;1.5750000e+02;5.0423993e-03;1.5750000e+02;1.9620664e-02;1.5750000e+02;3.8035110e-02;1.5750000e+02;5.7513740e-02;1.5750000e+02;8.0841884e-02;1.5750000e+02;1.1164287e-01;1.5750000e+02;1.5376644e-01;1.5750000e+02;1.9894826e-01;1.5750000e+02;2.3453611e-01;1.5750000e+02;2.5003880e-01;1.5750000e+02;2.4676415e-01;1.5750000e+02;2.2440150e-01;1.5750000e+02;1.9221240e-01;1.5750000e+02;1.5334243e-01;1.5750000e+02;1.1156150e-01;1.5750000e+02;7.2634563e-02;1.5750000e+02;3.4743268e-02;1.5750000e+02;-3.0305609e-03;1.5750000e+02;5.0423993e-03;1.5750000e+02;1.9620664e-02;1.5750000e+02;3.8035110e-02;1.5750000e+02;5.7513740e-02;1.5750000e+02;8.0841884e-02;1.5750000e+02;1.1164287e-01;1.5750000e+02;1.5376644e-01;1.5750000e+02;1.9894826e-01;1.5750000e+02;2.3453611e-01;1.5750000e+02;2.5003880e-01;1.5750000e+02;2.4676415e-01;1.5750000e+02;2.2440150e-01;1.5750000e+02;1.9221240e-01;1.5750000e+02;1.5334243e-01;1.5750000e+02;1.1156150e-01;1.5750000e+02;7.2634563e-02;1.5750000e+02;3.4743268e-02;1.5750000e+02;-3.0305609e-03;1.5750000e+02;5.0423993e-03;1.5750000e+02;1.9620664e-02;1.5750000e+02;3.8035110e-02;1.5750000e+02;5.7513740e-02;1.5750000e+02;8.0841884e-02;1.5750000e+02;1.1164287e-01;1.5750000e+02;1.5376644e-01;1.5750000e+02;1.9894826e-01;1.5750000e+02;2.3453611e-01;1.5750000e+02;2.5003880e-01;1.5750000e+02;2.4676415e-01;1.5750000e+02;2.2440150e-01;1.5750000e+02;1.9221240e-01;1.5750000e+02;1.5334243e-01;1.5750000e+02;1.1156150e-01;1.5750000e+02;7.2634563e-02;1.5750000e+02;3.4743268e-02;1.5750000e+02;-3.0305609e-03;1.5750000e+02;5.0423993e-03;1.5750000e+02;1.9620664e-02;1.5750000e+02;3.8035110e-02;1.5750000e+02;5.7513740e-02;1.5750000e+02;8.0841884e-02;1.5750000e+02;1.1164287e-01;1.5750000e+02;1.5376644e-01;1.5750000e+02;1.9894826e-01;1.5750000e+02;2.3453611e-01;1.5750000e+02;2.5003880e-01;1.5750000e+02;2.4676415e-01;1.5750000e+02;2.2440150e-01;1.5750000e+02;1.9221240e-01;1.5750000e+02;1.5334243e-01;1.5750000e+02;1.1156150e-01;1.5750000e+02;7.2634563e-02;1.5750000e+02;3.4743268e-02;1.5750000e+02;-3.0305609e-03;1.5750000e+02;5.0423993e-03;1.5750000e+02;1.9620664e-02;1.5750000e+02;3.8035110e-02;1.5750000e+02;5.7513740e-02;1.5750000e+02;8.0841884e-02;1.5750000e+02;1.1164287e-01;1.5750000e+02;1.5376644e-01;1.5750000e+02;1.9894826e-01;1.5750000e+02;2.3453611e-01;1.5750000e+02;2.5003880e-01;1.5750000e+02;2.4676415e-01;1.5750000e+02;2.2440150e-01;1.5750000e+02;1.9221240e-01;1.5750000e+02;1.5334243e-01;1.5750000e+02;1.1156150e-01;1.5750000e+02;7.2634563e-02;1.5750000e+02;3.4743268e-02;1.5750000e+02;-3.0305609e-03;1.5750000e+02;5.0423993e-03;1.5750000e+02;1.9620664e-02;1.5750000e+02;3.8035110e-02;1.5750000e+02;5.7513740e-02;1.5750000e+02;8.0841884e-02;1.5750000e+02;1.1164287e-01;1.5750000e+02;1.5376644e-01;1.5750000e+02;1.9894826e-01;1.5750000e+02;2.3453611e-01;1.5750000e+02;2.5003880e-01;1.5750000e+02;2.4676415e-01;1.5750000e+02;2.2440150e-01;1.5750000e+02;1.9221240e-01;1.5750000e+02;1.5334243e-01;1.5750000e+02;1.1156150e-01;1.5750000e+02;7.2634563e-02;1.5750000e+02;3.4743268e-02;1.5750000e+02;-3.0305609e-03;1.5750000e+02;5.0423993e-03;1.5750000e+02;1.9620664e-02;1.5750000e+02;3.8035110e-02;1.5750000e+02;5.7513740e-02;1.5750000e+02;8.0841884e-02;1.5750000e+02;1.1164287e-01;1.5750000e+02;1.5376644e-01;1.5750000e+02;1.9894826e-01;1.5750000e+02;2.3453611e-01;1.5750000e+02;2.5003880e-01;1.5750000e+02;2.4676415e-01;1.5750000e+02;2.2440150e-01;1.5750000e+02;1.9221240e-01;1.5750000e+02;1.5334243e-01;1.5750000e+02;1.1156150e-01;1.5750000e+02;7.2634563e-02;1.5750000e+02;3.4743268e-02;1.5750000e+02;-3.0305609e-03;1.5750000e+02;5.0423993e-03;1.5750000e+02;1.9620664e-02;1.5750000e+02;3.8035110e-02;1.5750000e+02;5.7513740e-02;1.5750000e+02;8.0841884e-02;1.5750000e+02;1.1164287e-01;1.5750000e+02;1.5376644e-01;1.5750000e+02;1.9894826e-01;1.5750000e+02;2.3453611e-01;1.5750000e+02;2.5003880e-01;1.5750000e+02;2.4676415e-01;1.5750000e+02;2.2440150e-01;1.5750000e+02;1.9221240e-01;1.5750000e+02;1.5334243e-01;1.5750000e+02;1.1156150e-01;1.5750000e+02;7.2634563e-02;1.5750000e+02;3.4743268e-02;1.5750000e+02;-3.0305609e-03;1.5750000e+02;5.0423993e-03;1.5750000e+02;1.9620664e-02;1.5750000e+02;3.8035110e-02;1.5750000e+02;5.7513740e-02;1.5750000e+02;8.0841884e-02;1.5750000e+02;1.1164287e-01;1.5750000e+02;1.5376644e-01;1.5750000e+02;1.9894826e-01;1.5750000e+02;2.3453611e-01;1.5750000e+02;2.5003880e-01;1.5750000e+02;2.4676415e-01;1.5750000e+02;2.2440150e-01;1.5750000e+02;1.9221240e-01;1.5750000e+02;1.5334243e-01;1.5750000e+02;1.1156150e-01;1.5750000e+02;7.2634563e-02;1.5750000e+02;3.4743268e-02;1.5750000e+02;-3.0305609e-03;1.5750000e+02;5.0423993e-03;1.5750000e+02;1.9620664e-02;1.5750000e+02;3.8035110e-02;1.5750000e+02;5.7513740e-02;1.5750000e+02;8.0841884e-02;1.5750000e+02;1.1164287e-01;1.5750000e+02;1.5376644e-01;1.5750000e+02;1.9894826e-01;1.5750000e+02;2.3453611e-01;1.5750000e+02;2.5003880e-01;1.5750000e+02;2.4676415e-01;1.5750000e+02;2.2440150e-01;1.5750000e+02;1.9221240e-01;1.5750000e+02;1.5334243e-01;1.5750000e+02;1.1156150e-01;1.5750000e+02;7.2634563e-02;1.5750000e+02;3.4743268e-02;1.5750000e+02;-3.0305609e-03;1.5750000e+02;5.0423993e-03;1.5750000e+02;1.9620664e-02;1.5750000e+02;3.8035110e-02;1.5750000e+02;5.7513740e-02;1.5750000e+02;8.0841884e-02;1.5750000e+02;1.1164287e-01;1.5750000e+02;1.5376644e-01;1.5750000e+02;1.9894826e-01;1.5750000e+02;2.3453611e-01;1.5750000e+02;2.5003880e-01;1.5750000e+02;2.4676415e-01;1.5750000e+02;2.2440150e-01;1.5750000e+02;1.9221240e-01;1.5750000e+02;1.5334243e-01;1.5750000e+02;1.1156150e-01;1.5750000e+02;7.2634563e-02;1.5750000e+02;3.4743268e-02;1.5750000e+02;-3.0305609e-03;1.5750000e+02;5.0423993e-03;1.5750000e+02;1.9620664e-02;1.5750000e+02;3.8035110e-02;1.5750000e+02;5.7513740e-02;1.5750000e+02;8.0841884e-02;1.5750000e+02;1.1164287e-01;1.5750000e+02;1.5376644e-01;1.5750000e+02;1.9894826e-01;1.5750000e+02;2.3453611e-01;1.5750000e+02;2.5003880e-01;1.5750000e+02;2.4676415e-01;1.5750000e+02;2.2440150e-01;1.5750000e+02;1.9221240e-01;1.5750000e+02;1.5334243e-01;1.5750000e+02;1.1156150e-01;1.5750000e+02;7.2634563e-02;1.5750000e+02;3.4743268e-02;1.5750000e+02;-3.0305609e-03;1.5750000e+02;5.0423993e-03;1.5750000e+02;1.9620664e-02;1.5750000e+02;3.8035110e-02;1.5750000e+02;5.7513740e-02;1.5750000e+02;8.0841884e-02;1.5750000e+02;1.1164287e-01;1.5750000e+02;1.5376644e-01;1.5750000e+02;1.9894826e-01;1.5750000e+02;2.3453611e-01;1.5750000e+02;2.5003880e-01;1.5750000e+02;2.4676415e-01;1.5750000e+02;2.2440150e-01;1.5750000e+02;1.9221240e-01;1.5750000e+02;1.5334243e-01;1.5750000e+02;1.1156150e-01;1.5750000e+02;7.2634563e-02;1.5750000e+02;3.4743268e-02;1.5750000e+02;-3.0305609e-03;1.5750000e+02;5.0423993e-03;1.5750000e+02;1.9620664e-02;1.5750000e+02;3.8035110e-02;1.5750000e+02;5.7513740e-02;1.5750000e+02;8.0841884e-02;1.5750000e+02;1.1164287e-01;1.5750000e+02;1.5376644e-01;1.5750000e+02;1.9894826e-01;1.5750000e+02;2.3453611e-01;1.5750000e+02;2.5003880e-01;1.5750000e+02;2.4676415e-01;1.5750000e+02;2.2440150e-01;1.5750000e+02;1.9221240e-01;1.5750000e+02;1.5334243e-01;1.5750000e+02;1.1156150e-01;1.5750000e+02;7.2634563e-02;1.5750000e+02;3.4743268e-02;1.5750000e+02;-3.0305609e-03;1.5750000e+02;5.0423993e-03;1.5750000e+02;1.9620664e-02;1.5750000e+02;3.8035110e-02;1.5750000e+02;5.7513740e-02;1.5750000e+02;8.0841884e-02;1.5750000e+02;1.1164287e-01;1.5750000e+02;1.5376644e-01;1.5750000e+02;1.9894826e-01;1.5750000e+02;2.3453611e-01;1.5750000e+02;2.5003880e-01;1.5750000e+02;2.4676415e-01;1.5750000e+02;2.2440150e-01;1.5750000e+02;1.9221240e-01;1.5750000e+02;1.5334243e-01;1.5750000e+02;1.1156150e-01;1.5750000e+02;7.2634563e-02;1.5750000e+02;3.4743268e-02;1.5750000e+02;-3.0305609e-03;1.5750000e+02;5.0423993e-03;1.5750000e+02;1.9620664e-02;1.5750000e+02;3.8035110e-02;1.5750000e+02;5.7513740e-02;1.5750000e+02;8.0841884e-02;1.5750000e+02;1.1164287e-01;1.5750000e+02;1.5376644e-01;1.5750000e+02;1.9894826e-01;1.5750000e+02;2.3453611e-01;1.5750000e+02;2.5003880e-01;1.5750000e+02;2.4676415e-01;1.5750000e+02;2.2440150e-01;1.5750000e+02;1.9221240e-01;1.5750000e+02;1.5334243e-01;1.5750000e+02;1.1156150e-01;1.5750000e+02;7.2634563e-02;1.5750000e+02;3.4743268e-02;1.5750000e+02;-3.0305609e-03;1.5750000e+02;5.0423993e-03;1.5750000e+02;1.9620664e-02;1.5750000e+02;3.8035110e-02;1.5750000e+02;5.7513740e-02;1.5750000e+02;8.0841884e-02;1.5750000e+02;1.1164287e-01;1.5750000e+02;1.5376644e-01;1.5750000e+02;1.9894826e-01;1.5750000e+02;2.3453611e-01;1.5750000e+02;2.5003880e-01;1.5750000e+02;2.4676415e-01;1.5750000e+02;2.2440150e-01;1.5750000e+02;1.9221240e-01;1.5750000e+02;1.5334243e-01;1.5750000e+02;1.1156150e-01;1.5750000e+02;7.2634563e-02;1.5750000e+02;3.4743268e-02;1.5750000e+02;-3.0305609e-03;1.5750000e+02;5.0423993e-03;1.5750000e+02;1.9620664e-02;1.5750000e+02;3.8035110e-02;1.5750000e+02;5.7513740e-02;1.5750000e+02;8.0841884e-02;1.5750000e+02;1.1164287e-01;1.5750000e+02;1.5376644e-01;1.5750000e+02;1.9894826e-01;1.5750000e+02;2.3453611e-01;1.5750000e+02;2.5003880e-01;1.5750000e+02;2.4676415e-01;1.5750000e+02;2.2440150e-01;1.5750000e+02;1.9221240e-01;1.5750000e+02;1.5334243e-01;1.5750000e+02;1.1156150e-01;1.5750000e+02;7.2634563e-02;1.5750000e+02;3.4743268e-02;1.5750000e+02;-3.0305609e-03;1.5750000e+02;5.0423993e-03;1.5750000e+02;1.9620664e-02;1.5750000e+02;3.8035110e-02;1.5750000e+02;5.7513740e-02;1.5750000e+02;8.0841884e-02;1.5750000e+02;1.1164287e-01;1.5750000e+02;1.5376644e-01;1.5750000e+02;1.9894826e-01;1.5750000e+02;2.3453611e-01;1.5750000e+02;2.5003880e-01;1.5750000e+02;2.4676415e-01;1.5750000e+02;2.2440150e-01;1.5750000e+02;1.9221240e-01;1.5750000e+02;1.5334243e-01;1.5750000e+02;1.1156150e-01;1.5750000e+02;7.2634563e-02;1.5750000e+02;3.4743268e-02;1.5750000e+02;-3.0305609e-03;1.5750000e+02;5.0423993e-03;1.5750000e+02;1.9620664e-02;1.5750000e+02;3.8035110e-02;1.5750000e+02;5.7513740e-02;1.5750000e+02;8.0841884e-02;1.5750000e+02;1.1164287e-01;1.5750000e+02;1.5376644e-01;1.5750000e+02;1.9894826e-01;1.5750000e+02;2.3453611e-01;1.5750000e+02;2.5003880e-01;1.5750000e+02;2.4676415e-01;1.5750000e+02;2.2440150e-01;1.5750000e+02;1.9221240e-01;1.5750000e+02;1.5334243e-01;1.5750000e+02;1.1156150e-01;1.5750000e+02;7.2634563e-02;1.5750000e+02;3.4743268e-02;1.5750000e+02;-3.0305609e-03;1.5750000e+02;5.0423993e-03;1.5750000e+02;1.9620664e-02;1.5750000e+02;3.8035110e-02;1.5750000e+02;5.7513740e-02;1.5750000e+02;8.0841884e-02;1.5750000e+02;1.1164287e-01;1.5750000e+02;1.5376644e-01;1.5750000e+02;1.9894826e-01;1.5750000e+02;2.3453611e-01;1.5750000e+02;2.5003880e-01;1.5750000e+02;2.4676415e-01;1.5750000e+02;2.2440150e-01;1.5750000e+02;1.9221240e-01;1.5750000e+02;1.5334243e-01;1.5750000e+02;1.1156150e-01;1.5750000e+02;7.2634563e-02;1.5750000e+02;3.4743268e-02;1.5750000e+02;-3.0305609e-03;1.5750000e+02;5.0423993e-03;1.5750000e+02;1.9620664e-02;1.5750000e+02;3.8035110e-02;1.5750000e+02;5.7513740e-02;1.5750000e+02;8.0841884e-02;1.5750000e+02;1.1164287e-01;1.5750000e+02;1.5376644e-01;1.5750000e+02;1.9894826e-01;1.5750000e+02;2.3453611e-01;1.5750000e+02;2.5003880e-01;1.5750000e+02;2.4676415e-01;1.5750000e+02;2.2440150e-01;1.5750000e+02;1.9221240e-01;1.5750000e+02;1.5334243e-01;1.5750000e+02;1.1156150e-01;1.5750000e+02;7.2634563e-02;1.5750000e+02;3.4743268e-02;1.5750000e+02;-3.0305609e-03;1.5750000e+02;5.0423993e-03;1.5750000e+02;1.9620664e-02;1.5750000e+02;3.8035110e-02;1.5750000e+02;5.7513740e-02;1.5750000e+02;8.0841884e-02;1.5750000e+02;1.1164287e-01;1.5750000e+02;1.5376644e-01;1.5750000e+02;1.9894826e-01;1.5750000e+02;2.3453611e-01;1.5750000e+02;2.5003880e-01;1.5750000e+02;2.4676415e-01;1.5750000e+02;2.2440150e-01;1.5750000e+02;1.9221240e-01;1.5750000e+02;1.5334243e-01;1.5750000e+02;1.1156150e-01;1.5750000e+02;7.2634563e-02;1.5750000e+02;3.4743268e-02;1.5750000e+02;-3.0305609e-03;1.5750000e+02;5.0423993e-03;1.5750000e+02;1.9620664e-02;1.5750000e+02;3.8035110e-02;1.5750000e+02;5.7513740e-02;1.5750000e+02;8.0841884e-02;1.5750000e+02;1.1164287e-01;1.5750000e+02;1.5376644e-01;1.5750000e+02;1.9894826e-01;1.5750000e+02;2.3453611e-01;1.5750000e+02;2.5003880e-01;1.5750000e+02;2.4676415e-01;1.5750000e+02;2.2440150e-01;1.5750000e+02;1.9221240e-01;1.5750000e+02;1.5334243e-01;1.5750000e+02;1.1156150e-01;1.5750000e+02;7.2634563e-02;1.5750000e+02;3.4743268e-02;1.5750000e+02;-3.0305609e-03;1.5750000e+02;5.0423993e-03;1.5750000e+02;1.9620664e-02;1.5750000e+02;3.8035110e-02;1.5750000e+02;5.7513740e-02;1.5750000e+02;8.0841884e-02;1.5750000e+02;1.1164287e-01;1.5750000e+02;1.5376644e-01;1.5750000e+02;1.9894826e-01;1.5750000e+02;2.3453611e-01;1.5750000e+02;2.5003880e-01;1.5750000e+02;2.4676415e-01;1.5750000e+02;2.2440150e-01;1.5750000e+02;1.9221240e-01;1.5750000e+02;1.5334243e-01;1.5750000e+02;1.1156150e-01;1.5750000e+02;7.2634563e-02;1.5750000e+02;3.4743268e-02;1.5750000e+02;-3.0305609e-03;1.5750000e+02;5.0423993e-03;1.5750000e+02;1.9620664e-02;1.5750000e+02;3.8035110e-02;1.5750000e+02;5.7513740e-02;1.5750000e+02;8.0841884e-02;1.5750000e+02;1.1164287e-01;1.5750000e+02;1.5376644e-01;1.5750000e+02;1.9894826e-01;1.5750000e+02;2.3453611e-01;1.5750000e+02;2.5003880e-01;1.5750000e+02;2.4676415e-01;1.5750000e+02;2.2440150e-01;1.5750000e+02;1.9221240e-01;1.5750000e+02;1.5334243e-01;1.5750000e+02;1.1156150e-01;1.5750000e+02;7.2634563e-02;1.5750000e+02;3.4743268e-02;1.5750000e+02;-3.0305609e-03;1.5750000e+02;5.0423993e-03;1.5750000e+02;1.9620664e-02;1.5750000e+02;3.8035110e-02;1.5750000e+02;5.7513740e-02;1.5750000e+02;8.0841884e-02;1.5750000e+02;1.1164287e-01;1.5750000e+02;1.5376644e-01;1.5750000e+02;1.9894826e-01;1.5750000e+02;2.3453611e-01;1.5750000e+02;2.5003880e-01;1.5750000e+02;2.4676415e-01;1.5750000e+02;2.2440150e-01;1.5750000e+02;1.9221240e-01;1.5750000e+02;1.5334243e-01;1.5750000e+02;1.1156150e-01;1.5750000e+02;7.2634563e-02;1.5750000e+02;3.4743268e-02;1.5750000e+02;-3.0305609e-03;1.5750000e+02;5.0423993e-03;1.5750000e+02;1.9620664e-02;1.5750000e+02;3.8035110e-02;1.5750000e+02;5.7513740e-02;1.5750000e+02;8.0841884e-02;1.5750000e+02;1.1164287e-01;1.5750000e+02;1.5376644e-01;1.5750000e+02;1.9894826e-01;1.5750000e+02;2.3453611e-01;1.5750000e+02;2.5003880e-01;1.5750000e+02;2.4676415e-01;1.5750000e+02;2.2440150e-01;1.5750000e+02;1.9221240e-01;1.5750000e+02;1.5334243e-01;1.5750000e+02;1.1156150e-01;1.5750000e+02;7.2634563e-02;1.5750000e+02;3.4743268e-02;1.5750000e+02;-3.0305609e-03;1.5750000e+02;5.0423993e-03;1.5750000e+02;1.9620664e-02;1.5750000e+02;3.8035110e-02;1.5750000e+02;5.7513740e-02;1.5750000e+02;8.0841884e-02;1.5750000e+02;1.1164287e-01;1.5750000e+02;1.5376644e-01;1.5750000e+02;1.9894826e-01;1.5750000e+02;2.3453611e-01;1.5750000e+02;2.5003880e-01;1.5750000e+02;2.4676415e-01;1.5750000e+02;2.2440150e-01;1.5750000e+02;1.9221240e-01;1.5750000e+02;1.5334243e-01;1.5750000e+02;1.1156150e-01;1.5750000e+02;7.2634563e-02;1.5750000e+02;3.4743268e-02;1.5750000e+02;-3.0305609e-03;1.5750000e+02;5.0423993e-03;1.5750000e+02;1.9620664e-02;1.5750000e+02;3.8035110e-02;1.5750000e+02;5.7513740e-02;1.5750000e+02;8.0841884e-02;1.5750000e+02;1.1164287e-01;1.5750000e+02;1.5376644e-01;1.5750000e+02;1.9894826e-01;1.5750000e+02;2.3453611e-01;1.5750000e+02;2.5003880e-01;1.5750000e+02;2.4676415e-01;1.5750000e+02;2.2440150e-01;1.5750000e+02;1.9221240e-01;1.5750000e+02;1.5334243e-01;1.5750000e+02;1.1156150e-01;1.5750000e+02;7.2634563e-02;1.5750000e+02;3.4743268e-02;1.5750000e+02;-3.0305609e-03;1.5750000e+02;5.0423993e-03;1.5750000e+02;1.9620664e-02;1.5750000e+02;3.8035110e-02;1.5750000e+02;5.7513740e-02;1.5750000e+02;8.0841884e-02;1.5750000e+02;1.1164287e-01;1.5750000e+02;1.5376644e-01;1.5750000e+02;1.9894826e-01;1.5750000e+02;2.3453611e-01;1.5750000e+02;2.5003880e-01;1.5750000e+02;2.4676415e-01;1.5750000e+02;2.2440150e-01;1.5750000e+02;1.9221240e-01;1.5750000e+02;1.5334243e-01;1.5750000e+02;1.1156150e-01;1.5750000e+02;7.2634563e-02;1.5750000e+02;3.4743268e-02;1.5750000e+02;-3.0305609e-03;1.5750000e+02;5.0423993e-03;1.5750000e+02;1.9620664e-02;1.5750000e+02;3.8035110e-02;1.5750000e+02;5.7513740e-02;1.5750000e+02;8.0841884e-02;1.5750000e+02;1.1164287e-01;1.5750000e+02;1.5376644e-01;1.5750000e+02;1.9894826e-01;1.5750000e+02;2.3453611e-01;1.5750000e+02;2.5003880e-01;1.5750000e+02;2.4676415e-01;1.5750000e+02;2.2440150e-01;1.5750000e+02;1.9221240e-01;1.5750000e+02;1.5334243e-01;1.5750000e+02;1.1156150e-01;1.5750000e+02;7.2634563e-02;1.5750000e+02;3.4743268e-02;1.5750000e+02;-3.0305609e-03;1.5750000e+02;5.0423993e-03;1.5750000e+02;1.9620664e-02;1.5750000e+02;3.8035110e-02;1.5750000e+02;5.7513740e-02;1.5750000e+02;8.0841884e-02;1.5750000e+02;1.1164287e-01;1.5750000e+02;1.5376644e-01;1.5750000e+02;1.9894826e-01;1.5750000e+02;2.3453611e-01;1.5750000e+02;2.5003880e-01;1.5750000e+02;2.4676415e-01;1.5750000e+02;2.2440150e-01;1.5750000e+02;1.9221240e-01;1.5750000e+02;1.5334243e-01;1.5750000e+02;1.1156150e-01;1.5750000e+02;7.2634563e-02;1.5750000e+02;3.4743268e-02;1.5750000e+02;-3.0305609e-03;1.5750000e+02;5.0423993e-03;1.5750000e+02;1.9620664e-02;1.5750000e+02;3.8035110e-02;1.5750000e+02;5.7513740e-02;1.5750000e+02;8.0841884e-02;1.5750000e+02;1.1164287e-01;1.5750000e+02;1.5376644e-01;1.5750000e+02;1.9894826e-01;1.5750000e+02;2.3453611e-01;1.5750000e+02;2.5003880e-01;1.5750000e+02;2.4676415e-01;1.5750000e+02;2.2440150e-01;1.5750000e+02;1.9221240e-01;1.5750000e+02;1.5334243e-01;1.5750000e+02;1.1156150e-01;1.5750000e+02;7.2634563e-02;1.5750000e+02;3.4743268e-02;1.5750000e+02;-3.0305609e-03;1.5750000e+02;5.0423993e-03;1.5750000e+02;1.9620664e-02;1.5750000e+02;3.8035110e-02;1.5750000e+02;5.7513740e-02;1.5750000e+02;8.0841884e-02;1.5750000e+02;1.1164287e-01;1.5750000e+02;1.5376644e-01;1.5750000e+02;1.9894826e-01;1.5750000e+02;2.3453611e-01;1.5750000e+02;2.5003880e-01;1.5750000e+02;2.4676415e-01;1.5750000e+02;2.2440150e-01;1.5750000e+02;1.9221240e-01;1.5750000e+02;1.5334243e-01;1.5750000e+02;1.1156150e-01;1.5750000e+02;7.2634563e-02;1.5750000e+02;3.4743268e-02;1.5750000e+02;-3.0305609e-03;1.5750000e+02;5.0423993e-03;1.5750000e+02;1.9620664e-02;1.5750000e+02;3.8035110e-02;1.5750000e+02;5.7513740e-02;1.5750000e+02;8.0841884e-02;1.5750000e+02;1.1164287e-01;1.5750000e+02;1.5376644e-01;1.5750000e+02;1.9894826e-01;1.5750000e+02;2.3453611e-01;1.5750000e+02;2.5003880e-01;1.5750000e+02;2.4676415e-01;1.5750000e+02;2.2440150e-01;1.5750000e+02;1.9221240e-01;1.5750000e+02;1.5334243e-01;1.5750000e+02;1.1156150e-01;1.5750000e+02;7.2634563e-02;1.5750000e+02;3.4743268e-02;1.5750000e+02;-3.0305609e-03;1.5750000e+02;5.0423993e-03;1.5750000e+02;1.9620664e-02;1.5750000e+02;3.8035110e-02;1.5750000e+02;5.7513740e-02;1.5750000e+02;8.0841884e-02;1.5750000e+02;1.1164287e-01;1.5750000e+02;1.5376644e-01;1.5750000e+02;1.9894826e-01;1.5750000e+02;2.3453611e-01;1.5750000e+02;2.5003880e-01;1.5750000e+02;2.4676415e-01;1.5750000e+02;2.2440150e-01;1.5750000e+02;1.9221240e-01;1.5750000e+02;1.5334243e-01;1.5750000e+02;1.1156150e-01;1.5750000e+02;7.2634563e-02;1.5750000e+02;3.4743268e-02;1.5750000e+02;-3.0305609e-03;1.5750000e+02;5.0423993e-03;1.5750000e+02;1.9620664e-02;1.5750000e+02;3.8035110e-02;1.5750000e+02;5.7513740e-02;1.5750000e+02;8.0841884e-02;1.5750000e+02;1.1164287e-01;1.5750000e+02;1.5376644e-01;1.5750000e+02;1.9894826e-01;1.5750000e+02;2.3453611e-01;1.5750000e+02;2.5003880e-01;1.5750000e+02;2.4676415e-01;1.5750000e+02;2.2440150e-01;1.5750000e+02;1.9221240e-01;1.5750000e+02;1.5334243e-01;1.5750000e+02;1.1156150e-01;1.5750000e+02;7.2634563e-02;1.5750000e+02;3.4743268e-02;1.5750000e+02;-3.0305609e-03;1.5750000e+02;5.0423993e-03;1.5750000e+02;1.9620664e-02;1.5750000e+02;3.8035110e-02;1.5750000e+02;5.7513740e-02;1.5750000e+02;8.0841884e-02;1.5750000e+02;1.1164287e-01;1.5750000e+02;1.5376644e-01;1.5750000e+02;1.9894826e-01;1.5750000e+02;2.3453611e-01;1.5750000e+02;2.5003880e-01;1.5750000e+02;2.4676415e-01;1.5750000e+02;2.2440150e-01;1.5750000e+02;1.9221240e-01;1.5750000e+02;1.5334243e-01;1.5750000e+02;1.1156150e-01;1.5750000e+02;7.2634563e-02;1.5750000e+02;3.4743268e-02;1.5750000e+02;-3.0305609e-03;1.5750000e+02;5.0423993e-03;1.5750000e+02;1.9620664e-02;1.5750000e+02;3.8035110e-02;1.5750000e+02;5.7513740e-02;1.5750000e+02;8.0841884e-02;1.5750000e+02;1.1164287e-01;1.5750000e+02;1.5376644e-01;1.5750000e+02;1.9894826e-01;1.5750000e+02;2.3453611e-01;1.5750000e+02;2.5003880e-01;1.5750000e+02;2.4676415e-01;1.5750000e+02;2.2440150e-01;1.5750000e+02;1.9221240e-01;1.5750000e+02;1.5334243e-01;1.5750000e+02;1.1156150e-01;1.5750000e+02;7.2634563e-02;1.5750000e+02;3.4743268e-02;1.5750000e+02;-3.0305609e-03;1.5750000e+02;5.0423993e-03;1.5750000e+02;1.9620664e-02;1.5750000e+02;3.8035110e-02;1.5750000e+02;5.7513740e-02;1.5750000e+02;8.0841884e-02;1.5750000e+02;1.1164287e-01;1.5750000e+02;1.5376644e-01;1.5750000e+02;1.9894826e-01;1.5750000e+02;2.3453611e-01;1.5750000e+02;2.5003880e-01;1.5750000e+02;2.4676415e-01;1.5750000e+02;2.2440150e-01;1.5750000e+02;1.9221240e-01;1.5750000e+02;1.5334243e-01;1.5750000e+02;1.1156150e-01;1.5750000e+02;7.2634563e-02;1.5750000e+02;3.4743268e-02;1.5750000e+02;-3.0305609e-03;1.5750000e+02;5.0423993e-03;1.5750000e+02;1.9620664e-02;1.5750000e+02;3.8035110e-02;1.5750000e+02;5.7513740e-02;1.5750000e+02;8.0841884e-02;1.5750000e+02;1.1164287e-01;1.5750000e+02;1.5376644e-01;1.5750000e+02;1.9894826e-01;1.5750000e+02;2.3453611e-01;1.5750000e+02;2.5003880e-01;1.5750000e+02;2.4676415e-01;1.5750000e+02;2.2440150e-01;1.5750000e+02;1.9221240e-01;1.5750000e+02;1.5334243e-01;1.5750000e+02;1.1156150e-01;1.5750000e+02;7.2634563e-02;1.5750000e+02;3.4743268e-02;1.5750000e+02;-3.0305609e-03;1.5750000e+02;5.0423993e-03;1.5750000e+02;1.9620664e-02;1.5750000e+02;3.8035110e-02;1.5750000e+02;5.7513740e-02;1.5750000e+02;8.0841884e-02;1.5750000e+02;1.1164287e-01;1.5750000e+02;1.5376644e-01;1.5750000e+02;1.9894826e-01;1.5750000e+02;2.3453611e-01;1.5750000e+02;2.5003880e-01;1.5750000e+02;2.4676415e-01;1.5750000e+02;2.2440150e-01;1.5750000e+02;1.9221240e-01;1.5750000e+02;1.5334243e-01;1.5750000e+02;1.1156150e-01;1.5750000e+02;7.2634563e-02;1.5750000e+02;3.4743268e-02;1.5750000e+02;-3.0305609e-03;1.5750000e+02;5.0423993e-03;1.5750000e+02;1.9620664e-02;1.5750000e+02;3.8035110e-02;1.5750000e+02;5.7513740e-02;1.5750000e+02;8.0841884e-02;1.5750000e+02;1.1164287e-01;1.5750000e+02;1.5376644e-01;1.5750000e+02;1.9894826e-01;1.5750000e+02;2.3453611e-01;1.5750000e+02;2.5003880e-01;1.5750000e+02;2.4676415e-01;1.5750000e+02;2.2440150e-01;1.5750000e+02;1.9221240e-01;1.5750000e+02;1.5334243e-01;1.5750000e+02;1.1156150e-01;1.5750000e+02;7.2634563e-02;1.5750000e+02;3.4743268e-02;1.5750000e+02;-3.0305609e-03;1.5750000e+02;5.0423993e-03;1.5750000e+02;1.9620664e-02;1.5750000e+02;3.8035110e-02;1.5750000e+02;5.7513740e-02;1.5750000e+02;8.0841884e-02;1.5750000e+02;1.1164287e-01;1.5750000e+02;1.5376644e-01;1.5750000e+02;1.9894826e-01;1.5750000e+02;2.3453611e-01;1.5750000e+02;2.5003880e-01;1.5750000e+02;2.4676415e-01;1.5750000e+02;2.2440150e-01;1.5750000e+02;1.9221240e-01;1.5750000e+02;1.5334243e-01;1.5750000e+02;1.1156150e-01;1.5750000e+02;7.2634563e-02;1.5750000e+02;3.4743268e-02;1.5750000e+02;-3.0305609e-03;1.5750000e+02;5.0423993e-03;1.5750000e+02;1.9620664e-02;1.5750000e+02;3.8035110e-02;1.5750000e+02;5.7513740e-02;1.5750000e+02;8.0841884e-02;1.5750000e+02;1.1164287e-01;1.5750000e+02;1.5376644e-01;1.5750000e+02;1.9894826e-01;1.5750000e+02;2.3453611e-01;1.5750000e+02;2.5003880e-01;1.5750000e+02;2.4676415e-01;1.5750000e+02;2.2440150e-01;1.5750000e+02;1.9221240e-01;1.5750000e+02;1.5334243e-01;1.5750000e+02;1.1156150e-01;1.5750000e+02;7.2634563e-02;1.5750000e+02;3.4743268e-02;1.5750000e+02;-3.0305609e-03;1.5750000e+02;5.0423993e-03;1.5750000e+02;1.9620664e-02;1.5750000e+02;3.8035110e-02;1.5750000e+02;5.7513740e-02;1.5750000e+02;8.0841884e-02;1.5750000e+02;1.1164287e-01;1.5750000e+02;1.5376644e-01;1.5750000e+02;1.9894826e-01;1.5750000e+02;2.3453611e-01;1.5750000e+02;2.5003880e-01;1.5750000e+02;2.4676415e-01;1.5750000e+02;2.2440150e-01;1.5750000e+02;1.9221240e-01;1.5750000e+02;1.5334243e-01;1.5750000e+02;1.1156150e-01;1.5750000e+02;7.2634563e-02;1.5750000e+02;3.4743268e-02;1.5750000e+02;-3.0305609e-03;1.5750000e+02;5.0423993e-03;1.5750000e+02;1.9620664e-02;1.5750000e+02;3.8035110e-02;1.5750000e+02;5.7513740e-02;1.5750000e+02;8.0841884e-02;1.5750000e+02;1.1164287e-01;1.5750000e+02;1.5376644e-01;1.5750000e+02;1.9894826e-01;1.5750000e+02;2.3453611e-01;1.5750000e+02;2.5003880e-01;1.5750000e+02;2.4676415e-01;1.5750000e+02;2.2440150e-01;1.5750000e+02;1.9221240e-01;1.5750000e+02;1.5334243e-01;1.5750000e+02;1.1156150e-01;1.5750000e+02;7.2634563e-02;1.5750000e+02;3.4743268e-02;1.5750000e+02;-3.0305609e-03;1.5750000e+02;5.0423993e-03;1.5750000e+02;1.9620664e-02;1.5750000e+02;3.8035110e-02;1.5750000e+02;5.7513740e-02;1.5750000e+02;8.0841884e-02;1.5750000e+02;1.1164287e-01;1.5750000e+02;1.5376644e-01;1.5750000e+02;1.9894826e-01;1.5750000e+02;2.3453611e-01;1.5750000e+02;2.5003880e-01;1.5750000e+02;2.4676415e-01;1.5750000e+02;2.2440150e-01;1.5750000e+02;1.9221240e-01;1.5750000e+02;1.5334243e-01;1.5750000e+02;1.1156150e-01;1.5750000e+02;7.2634563e-02;1.5750000e+02;3.4743268e-02;1.5750000e+02;-3.0305609e-03;1.5750000e+02;5.0423993e-03;1.5750000e+02;1.9620664e-02;1.5750000e+02;3.8035110e-02;1.5750000e+02;5.7513740e-02;1.5750000e+02;8.0841884e-02;1.5750000e+02;1.1164287e-01;1.5750000e+02;1.5376644e-01;1.5750000e+02;1.9894826e-01;1.5750000e+02;2.3453611e-01;1.5750000e+02;2.5003880e-01;1.5750000e+02;2.4676415e-01;1.5750000e+02;2.2440150e-01;1.5750000e+02;1.9221240e-01;1.5750000e+02;1.5334243e-01;1.5750000e+02;1.1156150e-01;1.5750000e+02;7.2634563e-02;1.5750000e+02;3.4743268e-02;1.5750000e+02;-3.0305609e-03;1.5750000e+02;5.0423993e-03;1.5750000e+02;1.9620664e-02;1.5750000e+02;3.8035110e-02;1.5750000e+02;5.7513740e-02;1.5750000e+02;8.0841884e-02;1.5750000e+02;1.1164287e-01;1.5750000e+02;1.5376644e-01;1.5750000e+02;1.9894826e-01;1.5750000e+02;2.3453611e-01;1.5750000e+02;2.5003880e-01;1.5750000e+02;2.4676415e-01;1.5750000e+02;2.2440150e-01;1.5750000e+02;1.9221240e-01;1.5750000e+02;1.5334243e-01;1.5750000e+02;1.1156150e-01;1.5750000e+02;7.2634563e-02;1.5750000e+02;3.4743268e-02;1.5750000e+02;-3.0305609e-03;1.5750000e+02;5.0423993e-03;1.5750000e+02;1.9620664e-02;1.5750000e+02;3.8035110e-02;1.5750000e+02;5.7513740e-02;1.5750000e+02;8.0841884e-02;1.5750000e+02;1.1164287e-01;1.5750000e+02;1.5376644e-01;1.5750000e+02;1.9894826e-01;1.5750000e+02;2.3453611e-01;1.5750000e+02;2.5003880e-01;1.5750000e+02;2.4676415e-01;1.5750000e+02;2.2440150e-01;1.5750000e+02;1.9221240e-01;1.5750000e+02;1.5334243e-01;1.5750000e+02;1.1156150e-01;1.5750000e+02;7.2634563e-02;1.5750000e+02;3.4743268e-02;1.5750000e+02;-3.0305609e-03;1.5750000e+02;5.0423993e-03;1.5750000e+02;1.9620664e-02;1.5750000e+02;3.8035110e-02;1.5750000e+02;5.7513740e-02;1.5750000e+02;8.0841884e-02;1.5750000e+02;1.1164287e-01;1.5750000e+02;1.5376644e-01;1.5750000e+02;1.9894826e-01;1.5750000e+02;2.3453611e-01;1.5750000e+02;2.5003880e-01;1.5750000e+02;2.4676415e-01;1.5750000e+02;2.2440150e-01;1.5750000e+02;1.9221240e-01;1.5750000e+02;1.5334243e-01;1.5750000e+02;1.1156150e-01;1.5750000e+02;7.2634563e-02;1.5750000e+02;3.4743268e-02;1.5750000e+02;-3.0305609e-03;1.5750000e+02;5.0423993e-03;1.5750000e+02;1.9620664e-02;1.5750000e+02;3.8035110e-02;1.5750000e+02;5.7513740e-02;1.5750000e+02;8.0841884e-02;1.5750000e+02;1.1164287e-01;1.5750000e+02;1.5376644e-01;1.5750000e+02;1.9894826e-01;1.5750000e+02;2.3453611e-01;1.5750000e+02;2.5003880e-01;1.5750000e+02;2.4676415e-01;1.5750000e+02;2.2440150e-01;1.5750000e+02;1.9221240e-01;1.5750000e+02;1.5334243e-01;1.5750000e+02;1.1156150e-01;1.5750000e+02;7.2634563e-02;1.5750000e+02;3.4743268e-02;1.5750000e+02;-3.0305609e-03;1.5750000e+02;5.0423993e-03;1.5750000e+02;1.9620664e-02;1.5750000e+02;3.8035110e-02;1.5750000e+02;5.7513740e-02;1.5750000e+02;8.0841884e-02;1.5750000e+02;1.1164287e-01;1.5750000e+02;1.5376644e-01;1.5750000e+02;1.9894826e-01;1.5750000e+02;2.3453611e-01;1.5750000e+02;2.5003880e-01;1.5750000e+02;2.4676415e-01;1.5750000e+02;2.2440150e-01;1.5750000e+02;1.9221240e-01;1.5750000e+02;1.5334243e-01;1.5750000e+02;1.1156150e-01;1.5750000e+02;7.2634563e-02;1.5750000e+02;3.4743268e-02;1.5750000e+02;-3.0305609e-03;1.5750000e+02;5.0423993e-03;1.5750000e+02;1.9620664e-02;1.5750000e+02;3.8035110e-02;1.5750000e+02;5.7513740e-02;1.5750000e+02;8.0841884e-02;1.5750000e+02;1.1164287e-01;1.5750000e+02;1.5376644e-01;1.5750000e+02;1.9894826e-01;1.5750000e+02;2.3453611e-01;1.5750000e+02;2.5003880e-01;1.5750000e+02;2.4676415e-01;1.5750000e+02;2.2440150e-01;1.5750000e+02;1.9221240e-01;1.5750000e+02;1.5334243e-01;1.5750000e+02;1.1156150e-01;1.5750000e+02;7.2634563e-02;1.5750000e+02;3.4743268e-02;1.5750000e+02;-3.0305609e-03;1.5750000e+02;5.0423993e-03;1.5750000e+02;1.9620664e-02;1.5750000e+02;3.8035110e-02;1.5750000e+02;5.7513740e-02;1.5750000e+02;8.0841884e-02;1.5750000e+02;1.1164287e-01;1.5750000e+02;1.5376644e-01;1.5750000e+02;1.9894826e-01;1.5750000e+02;2.3453611e-01;1.5750000e+02;2.5003880e-01;1.5750000e+02;2.4676415e-01;1.5750000e+02;2.2440150e-01;1.5750000e+02;1.9221240e-01;1.5750000e+02;1.5334243e-01;1.5750000e+02;1.1156150e-01;1.5750000e+02;7.2634563e-02;1.5750000e+02;3.4743268e-02;1.5750000e+02;-3.0305609e-03;1.5750000e+02;5.0423993e-03;1.5750000e+02;1.9620664e-02;1.5750000e+02;3.8035110e-02;1.5750000e+02;5.7513740e-02;1.5750000e+02;8.0841884e-02;1.5750000e+02;1.1164287e-01;1.5750000e+02;1.5376644e-01;1.5750000e+02;1.9894826e-01;1.5750000e+02;2.3453611e-01;1.5750000e+02;2.5003880e-01;1.5750000e+02;2.4676415e-01;1.5750000e+02;2.2440150e-01;1.5750000e+02;1.9221240e-01;1.5750000e+02;1.5334243e-01;1.5750000e+02;1.1156150e-01;1.5750000e+02;7.2634563e-02;1.5750000e+02;3.4743268e-02;1.5750000e+02;-3.0305609e-03;1.5750000e+02;5.0423993e-03;1.5750000e+02;1.9620664e-02;1.5750000e+02;3.8035110e-02;1.5750000e+02;5.7513740e-02;1.5750000e+02;8.0841884e-02;1.5750000e+02;1.1164287e-01;1.5750000e+02;1.5376644e-01;1.5750000e+02;1.9894826e-01;1.5750000e+02;2.3453611e-01;1.5750000e+02;2.5003880e-01;1.5750000e+02;2.4676415e-01;1.5750000e+02;2.2440150e-01;1.5750000e+02;1.9221240e-01;1.5750000e+02;1.5334243e-01;1.5750000e+02;1.1156150e-01;1.5750000e+02;7.2634563e-02;1.5750000e+02;3.4743268e-02;1.5750000e+02;-3.0305609e-03;1.5750000e+02;5.0423993e-03;1.5750000e+02;1.9620664e-02;1.5750000e+02;3.8035110e-02;1.5750000e+02;5.7513740e-02;1.5750000e+02;8.0841884e-02;1.5750000e+02;1.1164287e-01;1.5750000e+02;1.5376644e-01;1.5750000e+02;1.9894826e-01;1.5750000e+02;2.3453611e-01;1.5750000e+02;2.5003880e-01;1.5750000e+02;2.4676415e-01;1.5750000e+02;2.2440150e-01;1.5750000e+02;1.9221240e-01;1.5750000e+02;1.5334243e-01;1.5750000e+02;1.1156150e-01;1.5750000e+02;7.2634563e-02;1.5750000e+02;3.4743268e-02;1.5750000e+02;-3.0305609e-03;1.5750000e+02;5.0423993e-03;1.5750000e+02;1.9620664e-02;1.5750000e+02;3.8035110e-02;1.5750000e+02;5.7513740e-02;1.5750000e+02;8.0841884e-02;1.5750000e+02;1.1164287e-01;1.5750000e+02;1.5376644e-01;1.5750000e+02;1.9894826e-01;1.5750000e+02;2.3453611e-01;1.5750000e+02;2.5003880e-01;1.5750000e+02;2.4676415e-01;1.5750000e+02;2.2440150e-01;1.5750000e+02;1.9221240e-01;1.5750000e+02;1.5334243e-01;1.5750000e+02;1.1156150e-01;1.5750000e+02;7.2634563e-02;1.5750000e+02;3.4743268e-02;1.5750000e+02;-3.0305609e-03;1.5750000e+02;5.0423993e-03;1.5750000e+02;1.9620664e-02;1.5750000e+02;3.8035110e-02;1.5750000e+02;5.7513740e-02;1.5750000e+02;8.0841884e-02;1.5750000e+02;1.1164287e-01;1.5750000e+02;1.5376644e-01;1.5750000e+02;1.9894826e-01;1.5750000e+02;2.3453611e-01;1.5750000e+02;2.5003880e-01;1.5750000e+02;2.4676415e-01;1.5750000e+02;2.2440150e-01;1.5750000e+02;1.9221240e-01;1.5750000e+02;1.5334243e-01;1.5750000e+02;1.1156150e-01;1.5750000e+02;7.2634563e-02;1.5750000e+02;3.4743268e-02;1.5750000e+02;-3.0305609e-03;1.5750000e+02;5.0423993e-03;1.5750000e+02;1.9620664e-02;1.5750000e+02;3.8035110e-02;1.5750000e+02;5.7513740e-02;1.5750000e+02;8.0841884e-02;1.5750000e+02;1.1164287e-01;1.5750000e+02;1.5376644e-01;1.5750000e+02;1.9894826e-01;1.5750000e+02;2.3453611e-01;1.5750000e+02;2.5003880e-01;1.5750000e+02;2.4676415e-01;1.5750000e+02;2.2440150e-01;1.5750000e+02;1.9221240e-01;1.5750000e+02;1.5334243e-01;1.5750000e+02;1.1156150e-01;1.5750000e+02;7.2634563e-02;1.5750000e+02;3.4743268e-02;1.5750000e+02;-3.0305609e-03;1.5750000e+02;5.0423993e-03;1.5750000e+02;1.9620664e-02;1.5750000e+02;3.8035110e-02;1.5750000e+02;5.7513740e-02;1.5750000e+02;8.0841884e-02;1.5750000e+02;1.1164287e-01;1.5750000e+02;1.5376644e-01;1.5750000e+02;1.9894826e-01;1.5750000e+02;2.3453611e-01;1.5750000e+02;2.5003880e-01;1.5750000e+02;2.4676415e-01;1.5750000e+02;2.2440150e-01;1.5750000e+02;1.9221240e-01;1.5750000e+02;1.5334243e-01;1.5750000e+02;1.1156150e-01;1.5750000e+02;7.2634563e-02;1.5750000e+02;3.4743268e-02;1.5750000e+02;-3.0305609e-03;1.5750000e+02;5.0423993e-03;1.5750000e+02;1.9620664e-02;1.5750000e+02;3.8035110e-02;1.5750000e+02;5.7513740e-02;1.5750000e+02;8.0841884e-02;1.5750000e+02;1.1164287e-01;1.5750000e+02;1.5376644e-01;1.5750000e+02;1.9894826e-01;1.5750000e+02;2.3453611e-01;1.5750000e+02;2.5003880e-01;1.5750000e+02;2.4676415e-01;1.5750000e+02;2.2440150e-01;1.5750000e+02;1.9221240e-01;1.5750000e+02;1.5334243e-01;1.5750000e+02;1.1156150e-01;1.5750000e+02;7.2634563e-02;1.5750000e+02;3.4743268e-02;1.5750000e+02;-3.0305609e-03;1.5750000e+02;5.0423993e-03;1.5750000e+02;1.9620664e-02;1.5750000e+02;3.8035110e-02;1.5750000e+02;5.7513740e-02;1.5750000e+02;8.0841884e-02;1.5750000e+02;1.1164287e-01;1.5750000e+02;1.5376644e-01;1.5750000e+02;1.9894826e-01;1.5750000e+02;2.3453611e-01;1.5750000e+02;2.5003880e-01;1.5750000e+02;2.4676415e-01;1.5750000e+02;2.2440150e-01;1.5750000e+02;1.9221240e-01;1.5750000e+02;1.5334243e-01;1.5750000e+02;1.1156150e-01;1.5750000e+02;7.2634563e-02;1.5750000e+02;3.4743268e-02;1.5750000e+02;-3.0305609e-03;1.5750000e+02;5.0423993e-03;1.5750000e+02;1.9620664e-02;1.5750000e+02;3.8035110e-02;1.5750000e+02;5.7513740e-02;1.5750000e+02;8.0841884e-02;1.5750000e+02;1.1164287e-01;1.5750000e+02;1.5376644e-01;1.5750000e+02;1.9894826e-01;1.5750000e+02;2.3453611e-01;1.5750000e+02;2.5003880e-01;1.5750000e+02;2.4676415e-01;1.5750000e+02;2.2440150e-01;1.5750000e+02;1.9221240e-01;1.5750000e+02;1.5334243e-01;1.5750000e+02;1.1156150e-01;1.5750000e+02;7.2634563e-02;1.5750000e+02;3.4743268e-02;1.5750000e+02;-3.0305609e-03;1.5750000e+02;5.0423993e-03;1.5750000e+02;1.9620664e-02;1.5750000e+02;3.8035110e-02;1.5750000e+02;5.7513740e-02;1.5750000e+02;8.0841884e-02;1.5750000e+02;1.1164287e-01;1.5750000e+02;1.5376644e-01;1.5750000e+02;1.9894826e-01;1.5750000e+02;2.3453611e-01;1.5750000e+02;2.5003880e-01;1.5750000e+02;2.4676415e-01;1.5750000e+02;2.2440150e-01;1.5750000e+02;1.9221240e-01;1.5750000e+02;1.5334243e-01;1.5750000e+02;1.1156150e-01;1.5750000e+02;7.2634563e-02;1.5750000e+02;3.4743268e-02;1.5750000e+02;-3.0305609e-03;1.5750000e+02;5.0423993e-03;1.5750000e+02;1.9620664e-02;1.5750000e+02;3.8035110e-02;1.5750000e+02;5.7513740e-02;1.5750000e+02;8.0841884e-02;1.5750000e+02;1.1164287e-01;1.5750000e+02;1.5376644e-01;1.5750000e+02;1.9894826e-01;1.5750000e+02;2.3453611e-01;1.5750000e+02;2.5003880e-01;1.5750000e+02;2.4676415e-01;1.5750000e+02;2.2440150e-01;1.5750000e+02;1.9221240e-01;1.5750000e+02;1.5334243e-01;1.5750000e+02;1.1156150e-01;1.5750000e+02;7.2634563e-02;1.5750000e+02;3.4743268e-02;1.5750000e+02;-3.0305609e-03;1.5750000e+02;5.0423993e-03;1.5750000e+02;1.9620664e-02;1.5750000e+02;3.8035110e-02;1.5750000e+02;5.7513740e-02;1.5750000e+02;8.0841884e-02;1.5750000e+02;1.1164287e-01;1.5750000e+02;1.5376644e-01;1.5750000e+02;1.9894826e-01;1.5750000e+02;2.3453611e-01;1.5750000e+02;2.5003880e-01;1.5750000e+02;2.4676415e-01;1.5750000e+02;2.2440150e-01;1.5750000e+02;1.9221240e-01;1.5750000e+02;1.5334243e-01;1.5750000e+02;1.1156150e-01;1.5750000e+02;7.2634563e-02;1.5750000e+02;3.4743268e-02;1.5750000e+02;-3.0305609e-03;1.5750000e+02;5.0423993e-03;1.5750000e+02;1.9620664e-02;1.5750000e+02;3.8035110e-02;1.5750000e+02;5.7513740e-02;1.5750000e+02;8.0841884e-02;1.5750000e+02;1.1164287e-01;1.5750000e+02;1.5376644e-01;1.5750000e+02;1.9894826e-01;1.5750000e+02;2.3453611e-01;1.5750000e+02;2.5003880e-01;1.5750000e+02;2.4676415e-01;1.5750000e+02;2.2440150e-01;1.5750000e+02;1.9221240e-01;1.5750000e+02;1.5334243e-01;1.5750000e+02;1.1156150e-01;1.5750000e+02;7.2634563e-02;1.5750000e+02;3.4743268e-02;1.5750000e+02;-3.0305609e-03;1.5750000e+02;5.0423993e-03;1.5750000e+02;1.9620664e-02;1.5750000e+02;3.8035110e-02;1.5750000e+02;5.7513740e-02;1.5750000e+02;8.0841884e-02;1.5750000e+02;1.1164287e-01;1.5750000e+02;1.5376644e-01;1.5750000e+02;1.9894826e-01;1.5750000e+02;2.3453611e-01;1.5750000e+02;2.5003880e-01;1.5750000e+02;2.4676415e-01;1.5750000e+02;2.2440150e-01;1.5750000e+02;1.9221240e-01;1.5750000e+02;1.5334243e-01;1.5750000e+02;1.1156150e-01;1.5750000e+02;7.2634563e-02;1.5750000e+02;3.4743268e-02;1.5750000e+02;-3.0305609e-03;1.5750000e+02;5.0423993e-03;1.5750000e+02;1.9620664e-02;1.5750000e+02;3.8035110e-02;1.5750000e+02;5.7513740e-02;1.5750000e+02;8.0841884e-02;1.5750000e+02;1.1164287e-01;1.5750000e+02;1.5376644e-01;1.5750000e+02;1.9894826e-01;1.5750000e+02;2.3453611e-01;1.5750000e+02;2.5003880e-01;1.5750000e+02;2.4676415e-01;1.5750000e+02;2.2440150e-01;1.5750000e+02;1.9221240e-01;1.5750000e+02;1.5334243e-01;1.5750000e+02;1.1156150e-01;1.5750000e+02;7.2634563e-02;1.5750000e+02;3.4743268e-02;1.5750000e+02;-3.0305609e-03;1.5750000e+02;5.0423993e-03;1.5750000e+02;1.9620664e-02;1.5750000e+02;3.8035110e-02;1.5750000e+02;5.7513740e-02;1.5750000e+02;8.0841884e-02;1.5750000e+02;1.1164287e-01;1.5750000e+02;1.5376644e-01;1.5750000e+02;1.9894826e-01;1.5750000e+02;2.3453611e-01;1.5750000e+02;2.5003880e-01;1.5750000e+02;2.4676415e-01;1.5750000e+02;2.2440150e-01;1.5750000e+02;1.9221240e-01;1.5750000e+02;1.5334243e-01;1.5750000e+02;1.1156150e-01;1.5750000e+02;7.2634563e-02;1.5750000e+02;3.4743268e-02;1.5750000e+02;-3.0305609e-03;1.5750000e+02;5.0423993e-03;1.5750000e+02;1.9620664e-02;1.5750000e+02;3.8035110e-02;1.5750000e+02;5.7513740e-02;1.5750000e+02;8.0841884e-02;1.5750000e+02;1.1164287e-01;1.5750000e+02;1.5376644e-01;1.5750000e+02;1.9894826e-01;1.5750000e+02;2.3453611e-01;1.5750000e+02;2.5003880e-01;1.5750000e+02;2.4676415e-01;1.5750000e+02;2.2440150e-01;1.5750000e+02;1.9221240e-01;1.5750000e+02;1.5334243e-01;1.5750000e+02;1.1156150e-01;1.5750000e+02;7.2634563e-02;1.5750000e+02;3.4743268e-02;1.5750000e+02;-3.0305609e-03;1.5750000e+02;5.0423993e-03;1.5750000e+02;1.9620664e-02;1.5750000e+02;3.8035110e-02;1.5750000e+02;5.7513740e-02;1.5750000e+02;8.0841884e-02;1.5750000e+02;1.1164287e-01;1.5750000e+02;1.5376644e-01;1.5750000e+02;1.9894826e-01;1.5750000e+02;2.3453611e-01;1.5750000e+02;2.5003880e-01;1.5750000e+02;2.4676415e-01;1.5750000e+02;2.2440150e-01;1.5750000e+02;1.9221240e-01;1.5750000e+02;1.5334243e-01;1.5750000e+02;1.1156150e-01;1.5750000e+02;7.2634563e-02;1.5750000e+02;3.4743268e-02;1.5750000e+02;-3.0305609e-03;1.5750000e+02;5.0423993e-03;1.5750000e+02;1.9620664e-02;1.5750000e+02;3.8035110e-02;1.5750000e+02;5.7513740e-02;1.5750000e+02;8.0841884e-02;1.5750000e+02;1.1164287e-01;1.5750000e+02;1.5376644e-01;1.5750000e+02;1.9894826e-01;1.5750000e+02;2.3453611e-01;1.5750000e+02;2.5003880e-01;1.5750000e+02;2.4676415e-01;1.5750000e+02;2.2440150e-01;1.5750000e+02;1.9221240e-01;1.5750000e+02;1.5334243e-01;1.5750000e+02;1.1156150e-01;1.5750000e+02;7.2634563e-02;1.5750000e+02;3.4743268e-02;1.5750000e+02;-3.0305609e-03;1.5750000e+02;5.0423993e-03;1.5750000e+02;1.9620664e-02;1.5750000e+02;3.8035110e-02;1.5750000e+02;5.7513740e-02;1.5750000e+02;8.0841884e-02;1.5750000e+02;1.1164287e-01;1.5750000e+02;1.5376644e-01;1.5750000e+02;1.9894826e-01;1.5750000e+02;2.3453611e-01;1.5750000e+02;2.5003880e-01;1.5750000e+02;2.4676415e-01;1.5750000e+02;2.2440150e-01;1.5750000e+02;1.9221240e-01;1.5750000e+02;1.5334243e-01;1.5750000e+02;1.1156150e-01;1.5750000e+02;7.2634563e-02;1.5750000e+02;3.4743268e-02;1.5750000e+02;-3.0305609e-03;1.5750000e+02;5.0423993e-03;1.5750000e+02;1.9620664e-02;1.5750000e+02;3.8035110e-02;1.5750000e+02;5.7513740e-02;1.5750000e+02;8.0841884e-02;1.5750000e+02;1.1164287e-01;1.5750000e+02;1.5376644e-01;1.5750000e+02;1.9894826e-01;1.5750000e+02;2.3453611e-01;1.5750000e+02;2.5003880e-01;1.5750000e+02;2.4676415e-01;1.5750000e+02;2.2440150e-01;1.5750000e+02;1.9221240e-01;1.5750000e+02;1.5334243e-01;1.5750000e+02;1.1156150e-01;1.5750000e+02;7.2634563e-02;1.5750000e+02;3.4743268e-02;1.5750000e+02;-3.0305609e-03;1.5750000e+02;5.0423993e-03;1.5750000e+02;1.9620664e-02;1.5750000e+02;3.8035110e-02;1.5750000e+02;5.7513740e-02;1.5750000e+02;8.0841884e-02;1.5750000e+02;1.1164287e-01;1.5750000e+02;1.5376644e-01;1.5750000e+02;1.9894826e-01;1.5750000e+02;2.3453611e-01;1.5750000e+02;2.5003880e-01;1.5750000e+02;2.4676415e-01;1.5750000e+02;2.2440150e-01;1.5750000e+02;1.9221240e-01;1.5750000e+02;1.5334243e-01;1.5750000e+02;1.1156150e-01;1.5750000e+02;7.2634563e-02;1.5750000e+02;3.4743268e-02;1.5750000e+02;-3.0305609e-03;1.5750000e+02;5.0423993e-03;1.5750000e+02;1.9620664e-02;1.5750000e+02;3.8035110e-02;1.5750000e+02;5.7513740e-02;1.5750000e+02;8.0841884e-02;1.5750000e+02;1.1164287e-01;1.5750000e+02;1.5376644e-01;1.5750000e+02;1.9894826e-01;1.5750000e+02;2.3453611e-01;1.5750000e+02;2.5003880e-01;1.5750000e+02;2.4676415e-01;1.5750000e+02;2.2440150e-01;1.5750000e+02;1.9221240e-01;1.5750000e+02;1.5334243e-01;1.5750000e+02;1.1156150e-01;1.5750000e+02;7.2634563e-02;1.5750000e+02;3.4743268e-02;1.5750000e+02;-3.0305609e-03;1.5750000e+02;5.0423993e-03;1.5750000e+02;1.9620664e-02;1.5750000e+02;3.8035110e-02;1.5750000e+02;5.7513740e-02;1.5750000e+02;8.0841884e-02;1.5750000e+02;1.1164287e-01;1.5750000e+02;1.5376644e-01;1.5750000e+02;1.9894826e-01;1.5750000e+02;2.3453611e-01;1.5750000e+02;2.5003880e-01;1.5750000e+02;2.4676415e-01;1.5750000e+02;2.2440150e-01;1.5750000e+02;1.9221240e-01;1.5750000e+02;1.5334243e-01;1.5750000e+02;1.1156150e-01;1.5750000e+02;7.2634563e-02;1.5750000e+02;3.4743268e-02;1.5750000e+02;-3.0305609e-03;1.5750000e+02;5.0423993e-03;1.5750000e+02;1.9620664e-02;1.5750000e+02;3.8035110e-02;1.5750000e+02;5.7513740e-02;1.5750000e+02;8.0841884e-02;1.5750000e+02;1.1164287e-01;1.5750000e+02;1.5376644e-01;1.5750000e+02;1.9894826e-01;1.5750000e+02;2.3453611e-01;1.5750000e+02;2.5003880e-01;1.5750000e+02;2.4676415e-01;1.5750000e+02;2.2440150e-01;1.5750000e+02;1.9221240e-01;1.5750000e+02;1.5334243e-01;1.5750000e+02;1.1156150e-01;1.5750000e+02;7.2634563e-02;1.5750000e+02;3.4743268e-02;1.5750000e+02;-3.0305609e-03;1.5750000e+02;5.0423993e-03;1.5750000e+02;1.9620664e-02;1.5750000e+02;3.8035110e-02;1.5750000e+02;5.7513740e-02;1.5750000e+02;8.0841884e-02;1.5750000e+02;1.1164287e-01;1.5750000e+02;1.5376644e-01;1.5750000e+02;1.9894826e-01;1.5750000e+02;2.3453611e-01;1.5750000e+02;2.5003880e-01;1.5750000e+02;2.4676415e-01;1.5750000e+02;2.2440150e-01;1.5750000e+02;1.9221240e-01;1.5750000e+02;1.5334243e-01;1.5750000e+02;1.1156150e-01;1.5750000e+02;7.2634563e-02;1.5750000e+02;3.4743268e-02;1.5750000e+02;-3.0305609e-03;1.5750000e+02;5.0423993e-03;1.5750000e+02;1.9620664e-02;1.5750000e+02;3.8035110e-02;1.5750000e+02;5.7513740e-02;1.5750000e+02;8.0841884e-02;1.5750000e+02;1.1164287e-01;1.5750000e+02;1.5376644e-01;1.5750000e+02;1.9894826e-01;1.5750000e+02;2.3453611e-01;1.5750000e+02;2.5003880e-01;1.5750000e+02;2.4676415e-01;1.5750000e+02;2.2440150e-01;1.5750000e+02;1.9221240e-01;1.5750000e+02;1.5334243e-01;1.5750000e+02;1.1156150e-01;1.5750000e+02;7.2634563e-02;1.5750000e+02;3.4743268e-02;1.5750000e+02;-3.0305609e-03;1.5750000e+02;5.0423993e-03;1.5750000e+02;1.9620664e-02;1.5750000e+02;3.8035110e-02;1.5750000e+02;5.7513740e-02;1.5750000e+02;8.0841884e-02;1.5750000e+02;1.1164287e-01;1.5750000e+02;1.5376644e-01;1.5750000e+02;1.9894826e-01;1.5750000e+02;2.3453611e-01;1.5750000e+02;2.5003880e-01;1.5750000e+02;2.4676415e-01;1.5750000e+02;2.2440150e-01;1.5750000e+02;1.9221240e-01;1.5750000e+02;1.5334243e-01;1.5750000e+02;1.1156150e-01;1.5750000e+02;7.2634563e-02;1.5750000e+02;3.4743268e-02;1.5750000e+02;-3.0305609e-03;1.5750000e+02;5.0423993e-03;1.5750000e+02;1.9620664e-02;1.5750000e+02;3.8035110e-02;1.5750000e+02;5.7513740e-02;1.5750000e+02;8.0841884e-02;1.5750000e+02;1.1164287e-01;1.5750000e+02;1.5376644e-01;1.5750000e+02;1.9894826e-01;1.5750000e+02;2.3453611e-01;1.5750000e+02;2.5003880e-01;1.5750000e+02;2.4676415e-01;1.5750000e+02;2.2440150e-01;1.5750000e+02;1.9221240e-01;1.5750000e+02;1.5334243e-01;1.5750000e+02;1.1156150e-01;1.5750000e+02;7.2634563e-02;1.5750000e+02;3.4743268e-02;1.5750000e+02;-3.0305609e-03;1.5750000e+02;5.0423993e-03;1.5750000e+02;1.9620664e-02;1.5750000e+02;3.8035110e-02;1.5750000e+02;5.7513740e-02;1.5750000e+02;8.0841884e-02;1.5750000e+02;1.1164287e-01;1.5750000e+02;1.5376644e-01;1.5750000e+02;1.9894826e-01;1.5750000e+02;2.3453611e-01;1.5750000e+02;2.5003880e-01;1.5750000e+02;2.4676415e-01;1.5750000e+02;2.2440150e-01;1.5750000e+02;1.9221240e-01;1.5750000e+02;1.5334243e-01;1.5750000e+02;1.1156150e-01;1.5750000e+02;7.2634563e-02;1.5750000e+02;3.4743268e-02;1.5750000e+02;-3.0305609e-03;1.5750000e+02;5.0423993e-03;1.5750000e+02;1.9620664e-02;1.5750000e+02;3.8035110e-02;1.5750000e+02;5.7513740e-02;1.5750000e+02;8.0841884e-02;1.5750000e+02;1.1164287e-01;1.5750000e+02;1.5376644e-01;1.5750000e+02;1.9894826e-01;1.5750000e+02;2.3453611e-01;1.5750000e+02;2.5003880e-01;1.5750000e+02;2.4676415e-01;1.5750000e+02;2.2440150e-01;1.5750000e+02;1.9221240e-01;1.5750000e+02;1.5334243e-01;1.5750000e+02;1.1156150e-01;1.5750000e+02;7.2634563e-02;1.5750000e+02;3.4743268e-02;1.5750000e+02;-3.0305609e-03;1.5750000e+02;5.0423993e-03;1.5750000e+02;1.9620664e-02;1.5750000e+02;3.8035110e-02;1.5750000e+02;5.7513740e-02;1.5750000e+02;8.0841884e-02;1.5750000e+02;1.1164287e-01;1.5750000e+02;1.5376644e-01;1.5750000e+02;1.9894826e-01;1.5750000e+02;2.3453611e-01;1.5750000e+02;2.5003880e-01;1.5750000e+02;2.4676415e-01;1.5750000e+02;2.2440150e-01;1.5750000e+02;1.9221240e-01;1.5750000e+02;1.5334243e-01;1.5750000e+02;1.1156150e-01;1.5750000e+02;7.2634563e-02;1.5750000e+02;3.4743268e-02;1.5750000e+02;-3.0305609e-03;1.5750000e+02;5.0423993e-03;1.5750000e+02;1.9620664e-02;1.5750000e+02;3.8035110e-02;1.5750000e+02;5.7513740e-02;1.5750000e+02;8.0841884e-02;1.5750000e+02;1.1164287e-01;1.5750000e+02;1.5376644e-01;1.5750000e+02;1.9894826e-01;1.5750000e+02;2.3453611e-01;1.5750000e+02;2.5003880e-01;1.5750000e+02;2.4676415e-01;1.5750000e+02;2.2440150e-01;1.5750000e+02;1.9221240e-01;1.5750000e+02;1.5334243e-01;1.5750000e+02;1.1156150e-01;1.5750000e+02;7.2634563e-02;1.5750000e+02;3.4743268e-02;1.5750000e+02;-3.0305609e-03;1.5750000e+02;5.0423993e-03;1.5750000e+02;1.9620664e-02;1.5750000e+02;3.8035110e-02;1.5750000e+02;5.7513740e-02;1.5750000e+02;8.0841884e-02;1.5750000e+02;1.1164287e-01;1.5750000e+02;1.5376644e-01;1.5750000e+02;1.9894826e-01;1.5750000e+02;2.3453611e-01;1.5750000e+02;2.5003880e-01;1.5750000e+02;2.4676415e-01;1.5750000e+02;2.2440150e-01;1.5750000e+02;1.9221240e-01;1.5750000e+02;1.5334243e-01;1.5750000e+02;1.1156150e-01;1.5750000e+02;7.2634563e-02;1.5750000e+02;3.4743268e-02;1.5750000e+02;-3.0305609e-03;1.5750000e+02;5.0423993e-03;1.5750000e+02;1.9620664e-02;1.5750000e+02;3.8035110e-02;1.5750000e+02;5.7513740e-02;1.5750000e+02;8.0841884e-02;1.5750000e+02;1.1164287e-01;1.5750000e+02;1.5376644e-01;1.5750000e+02;1.9894826e-01;1.5750000e+02;2.3453611e-01;1.5750000e+02;2.5003880e-01;1.5750000e+02;2.4676415e-01;1.5750000e+02;2.2440150e-01;1.5750000e+02;1.9221240e-01;1.5750000e+02;1.5334243e-01;1.5750000e+02;1.1156150e-01;1.5750000e+02;7.2634563e-02;1.5750000e+02;3.4743268e-02;1.5750000e+02;-3.0305609e-03;1.5750000e+02;5.0423993e-03;1.5750000e+02;1.9620664e-02;1.5750000e+02;3.8035110e-02;1.5750000e+02;5.7513740e-02;1.5750000e+02;8.0841884e-02;1.5750000e+02;1.1164287e-01;1.5750000e+02;1.5376644e-01;1.5750000e+02;1.9894826e-01;1.5750000e+02;2.3453611e-01;1.5750000e+02;2.5003880e-01;1.5750000e+02;2.4676415e-01;1.5750000e+02;2.2440150e-01;1.5750000e+02;1.9221240e-01;1.5750000e+02;1.5334243e-01;1.5750000e+02;1.1156150e-01;1.5750000e+02;7.2634563e-02;1.5750000e+02;3.4743268e-02;1.5750000e+02;-3.0305609e-03;1.5750000e+02;5.0423993e-03;1.5750000e+02;1.9620664e-02;1.5750000e+02;3.8035110e-02;1.5750000e+02;5.7513740e-02;1.5750000e+02;8.0841884e-02;1.5750000e+02;1.1164287e-01;1.5750000e+02;1.5376644e-01;1.5750000e+02;1.9894826e-01;1.5750000e+02;2.3453611e-01;1.5750000e+02;2.5003880e-01;1.5750000e+02;2.4676415e-01;1.5750000e+02;2.2440150e-01;1.5750000e+02;1.9221240e-01;1.5750000e+02;1.5334243e-01;1.5750000e+02;1.1156150e-01;1.5750000e+02;7.2634563e-02;1.5750000e+02;3.4743268e-02;1.5750000e+02;-3.0305609e-03;1.5750000e+02;5.0423993e-03;1.5750000e+02;1.9620664e-02;1.5750000e+02;3.8035110e-02;1.5750000e+02;5.7513740e-02;1.5750000e+02;8.0841884e-02;1.5750000e+02;1.1164287e-01;1.5750000e+02;1.5376644e-01;1.5750000e+02;1.9894826e-01;1.5750000e+02;2.3453611e-01;1.5750000e+02;2.5003880e-01;1.5750000e+02;2.4676415e-01;1.5750000e+02;2.2440150e-01;1.5750000e+02;1.9221240e-01;1.5750000e+02;1.5334243e-01;1.5750000e+02;1.1156150e-01;1.5750000e+02;7.2634563e-02;1.5750000e+02;3.4743268e-02;1.5750000e+02;-3.0305609e-03;1.5750000e+02;5.0423993e-03;1.5750000e+02;1.9620664e-02;1.5750000e+02;3.8035110e-02;1.5750000e+02;5.7513740e-02;1.5750000e+02;8.0841884e-02;1.5750000e+02;1.1164287e-01;1.5750000e+02;1.5376644e-01;1.5750000e+02;1.9894826e-01;1.5750000e+02;2.3453611e-01;1.5750000e+02;2.5003880e-01;1.5750000e+02;2.4676415e-01;1.5750000e+02;2.2440150e-01;1.5750000e+02;1.9221240e-01;1.5750000e+02;1.5334243e-01;1.5750000e+02;1.1156150e-01;1.5750000e+02;7.2634563e-02;1.5750000e+02;3.4743268e-02;1.5750000e+02;-3.0305609e-03;1.5750000e+02;5.0423993e-03;1.5750000e+02;1.9620664e-02;1.5750000e+02;3.8035110e-02;1.5750000e+02;5.7513740e-02;1.5750000e+02;8.0841884e-02;1.5750000e+02;1.1164287e-01;1.5750000e+02;1.5376644e-01;1.5750000e+02;1.9894826e-01;1.5750000e+02;2.3453611e-01;1.5750000e+02;2.5003880e-01;1.5750000e+02;2.4676415e-01;1.5750000e+02;2.2440150e-01;1.5750000e+02;1.9221240e-01;1.5750000e+02;1.5334243e-01;1.5750000e+02;1.1156150e-01;1.5750000e+02;7.2634563e-02;1.5750000e+02;3.4743268e-02;1.5750000e+02;-3.0305609e-03;1.5750000e+02;5.0423993e-03;1.5750000e+02;1.9620664e-02;1.5750000e+02;3.8035110e-02;1.5750000e+02;5.7513740e-02;1.5750000e+02;8.0841884e-02;1.5750000e+02;1.1164287e-01;1.5750000e+02;1.5376644e-01;1.5750000e+02;1.9894826e-01;1.5750000e+02;2.3453611e-01;1.5750000e+02;2.5003880e-01;1.5750000e+02;2.4676415e-01;1.5750000e+02;2.2440150e-01;1.5750000e+02;1.9221240e-01;1.5750000e+02;1.5334243e-01;1.5750000e+02;1.1156150e-01;1.5750000e+02;7.2634563e-02;1.5750000e+02;3.4743268e-02;1.5750000e+02;-3.0305609e-03;1.5750000e+02;5.0423993e-03;1.5750000e+02;1.9620664e-02;1.5750000e+02;3.8035110e-02;1.5750000e+02;5.7513740e-02;1.5750000e+02;8.0841884e-02;1.5750000e+02;1.1164287e-01;1.5750000e+02;1.5376644e-01;1.5750000e+02;1.9894826e-01;1.5750000e+02;2.3453611e-01;1.5750000e+02;2.5003880e-01;1.5750000e+02;2.4676415e-01;1.5750000e+02;2.2440150e-01;1.5750000e+02;1.9221240e-01;1.5750000e+02;1.5334243e-01;1.5750000e+02;1.1156150e-01;1.5750000e+02;7.2634563e-02;1.5750000e+02;3.4743268e-02;1.5750000e+02;-3.0305609e-03;1.5750000e+02;5.0423993e-03;1.5750000e+02;1.9620664e-02;1.5750000e+02;3.8035110e-02;1.5750000e+02;5.7513740e-02;1.5750000e+02;8.0841884e-02;1.5750000e+02;1.1164287e-01;1.5750000e+02;1.5376644e-01;1.5750000e+02;1.9894826e-01;1.5750000e+02;2.3453611e-01;1.5750000e+02;2.5003880e-01;1.5750000e+02;2.4676415e-01;1.5750000e+02;2.2440150e-01;1.5750000e+02;1.9221240e-01;1.5750000e+02;1.5334243e-01;1.5750000e+02;1.1156150e-01;1.5750000e+02;7.2634563e-02;1.5750000e+02;3.4743268e-02;1.5750000e+02;-3.0305609e-03;1.5750000e+02;5.0423993e-03;1.5750000e+02;1.9620664e-02;1.5750000e+02;3.8035110e-02;1.5750000e+02;5.7513740e-02;1.5750000e+02;8.0841884e-02;1.5750000e+02;1.1164287e-01;1.5750000e+02;1.5376644e-01;1.5750000e+02;1.9894826e-01;1.5750000e+02;2.3453611e-01;1.5750000e+02;2.5003880e-01;1.5750000e+02;2.4676415e-01;1.5750000e+02;2.2440150e-01;1.5750000e+02;1.9221240e-01;1.5750000e+02;1.5334243e-01;1.5750000e+02;1.1156150e-01;1.5750000e+02;7.2634563e-02;1.5750000e+02;3.4743268e-02;1.5750000e+02;-3.0305609e-03;1.5750000e+02;5.0423993e-03;1.5750000e+02;1.9620664e-02;1.5750000e+02;3.8035110e-02;1.5750000e+02;5.7513740e-02;1.5750000e+02;8.0841884e-02;1.5750000e+02;1.1164287e-01;1.5750000e+02;1.5376644e-01;1.5750000e+02;1.9894826e-01;1.5750000e+02;2.3453611e-01;1.5750000e+02;2.5003880e-01;1.5750000e+02;2.4676415e-01;1.5750000e+02;2.2440150e-01;1.5750000e+02;1.9221240e-01;1.5750000e+02;1.5334243e-01;1.5750000e+02;1.1156150e-01;1.5750000e+02;7.2634563e-02;1.5750000e+02;3.4743268e-02;1.5750000e+02;-3.0305609e-03;1.5750000e+02;5.0423993e-03;1.5750000e+02;1.9620664e-02;1.5750000e+02;3.8035110e-02;1.5750000e+02;5.7513740e-02;1.5750000e+02;8.0841884e-02;1.5750000e+02;1.1164287e-01;1.5750000e+02;1.5376644e-01;1.5750000e+02;1.9894826e-01;1.5750000e+02;2.3453611e-01;1.5750000e+02;2.5003880e-01;1.5750000e+02;2.4676415e-01;1.5750000e+02;2.2440150e-01;1.5750000e+02;1.9221240e-01;1.5750000e+02;1.5334243e-01;1.5750000e+02;1.1156150e-01;1.5750000e+02;7.2634563e-02;1.5750000e+02;3.4743268e-02;1.5750000e+02;-3.0305609e-03;1.5750000e+02;5.0423993e-03;1.5750000e+02;1.9620664e-02;1.5750000e+02;3.8035110e-02;1.5750000e+02;5.7513740e-02;1.5750000e+02;8.0841884e-02;1.5750000e+02;1.1164287e-01;1.5750000e+02;1.5376644e-01;1.5750000e+02;1.9894826e-01;1.5750000e+02;2.3453611e-01;1.5750000e+02;2.5003880e-01;1.5750000e+02;2.4676415e-01;1.5750000e+02;2.2440150e-01;1.5750000e+02;1.9221240e-01;1.5750000e+02;1.5334243e-01;1.5750000e+02;1.1156150e-01;1.5750000e+02;7.2634563e-02;1.5750000e+02;3.4743268e-02;1.5750000e+02;-3.0305609e-03;1.5750000e+02;5.0423993e-03;1.5750000e+02;1.9620664e-02;1.5750000e+02;3.8035110e-02;1.5750000e+02;5.7513740e-02;1.5750000e+02;8.0841884e-02;1.5750000e+02;1.1164287e-01;1.5750000e+02;1.5376644e-01;1.5750000e+02;1.9894826e-01;1.5750000e+02;2.3453611e-01;1.5750000e+02;2.5003880e-01;1.5750000e+02;2.4676415e-01;1.5750000e+02;2.2440150e-01;1.5750000e+02;1.9221240e-01;1.5750000e+02;1.5334243e-01;1.5750000e+02;1.1156150e-01;1.5750000e+02;7.2634563e-02;1.5750000e+02;3.4743268e-02;1.5750000e+02;-3.0305609e-03;1.5750000e+02;5.0423993e-03;1.5750000e+02;1.9620664e-02;1.5750000e+02;3.8035110e-02;1.5750000e+02;5.7513740e-02;1.5750000e+02;8.0841884e-02;1.5750000e+02;1.1164287e-01;1.5750000e+02;1.5376644e-01;1.5750000e+02;1.9894826e-01;1.5750000e+02;2.3453611e-01;1.5750000e+02;2.5003880e-01;1.5750000e+02;2.4676415e-01;1.5750000e+02;2.2440150e-01;1.5750000e+02;1.9221240e-01;1.5750000e+02;1.5334243e-01;1.5750000e+02;1.1156150e-01;1.5750000e+02;7.2634563e-02;1.5750000e+02;3.4743268e-02;1.5750000e+02;-3.0305609e-03;1.5750000e+02;5.0423993e-03;1.5750000e+02;1.9620664e-02;1.5750000e+02;3.8035110e-02;1.5750000e+02;5.7513740e-02;1.5750000e+02;8.0841884e-02;1.5750000e+02;1.1164287e-01;1.5750000e+02;1.5376644e-01;1.5750000e+02;1.9894826e-01;1.5750000e+02;2.3453611e-01;1.5750000e+02;2.5003880e-01;1.5750000e+02;2.4676415e-01;1.5750000e+02;2.2440150e-01;1.5750000e+02;1.9221240e-01;1.5750000e+02;1.5334243e-01;1.5750000e+02;1.1156150e-01;1.5750000e+02;7.2634563e-02;1.5750000e+02;3.4743268e-02;1.5750000e+02;-3.0305609e-03;1.5750000e+02;5.0423993e-03;1.5750000e+02;1.9620664e-02;1.5750000e+02;3.8035110e-02;1.5750000e+02;5.7513740e-02;1.5750000e+02;8.0841884e-02;1.5750000e+02;1.1164287e-01;1.5750000e+02;1.5376644e-01;1.5750000e+02;1.9894826e-01;1.5750000e+02;2.3453611e-01;1.5750000e+02;2.5003880e-01;1.5750000e+02;2.4676415e-01;1.5750000e+02;2.2440150e-01;1.5750000e+02;1.9221240e-01;1.5750000e+02;1.5334243e-01;1.5750000e+02;1.1156150e-01;1.5750000e+02;7.2634563e-02;1.5750000e+02;3.4743268e-02;1.5750000e+02;-3.0305609e-03;1.5750000e+02;5.0423993e-03;1.5750000e+02;1.9620664e-02;1.5750000e+02;3.8035110e-02;1.5750000e+02;5.7513740e-02;1.5750000e+02;8.0841884e-02;1.5750000e+02;1.1164287e-01;1.5750000e+02;1.5376644e-01;1.5750000e+02;1.9894826e-01;1.5750000e+02;2.3453611e-01;1.5750000e+02;2.5003880e-01;1.5750000e+02;2.4676415e-01;1.5750000e+02;2.2440150e-01;1.5750000e+02;1.9221240e-01;1.5750000e+02;1.5334243e-01;1.5750000e+02;1.1156150e-01;1.5750000e+02;7.2634563e-02;1.5750000e+02;3.4743268e-02;1.5750000e+02;-3.0305609e-03;1.5750000e+02;5.0423993e-03;1.5750000e+02;1.9620664e-02;1.5750000e+02;3.8035110e-02;1.5750000e+02;5.7513740e-02;1.5750000e+02;8.0841884e-02;1.5750000e+02;1.1164287e-01;1.5750000e+02;1.5376644e-01;1.5750000e+02;1.9894826e-01;1.5750000e+02;2.3453611e-01;1.5750000e+02;2.5003880e-01;1.5750000e+02;2.4676415e-01;1.5750000e+02;2.2440150e-01;1.5750000e+02;1.9221240e-01;1.5750000e+02;1.5334243e-01;1.5750000e+02;1.1156150e-01;1.5750000e+02;7.2634563e-02;1.5750000e+02;3.4743268e-02;1.5750000e+02;-3.0305609e-03;1.5750000e+02;5.0423993e-03;1.5750000e+02;1.9620664e-02;1.5750000e+02;3.8035110e-02;1.5750000e+02;5.7513740e-02;1.5750000e+02;8.0841884e-02;1.5750000e+02;1.1164287e-01;1.5750000e+02;1.5376644e-01;1.5750000e+02;1.9894826e-01;1.5750000e+02;2.3453611e-01;1.5750000e+02;2.5003880e-01;1.5750000e+02;2.4676415e-01;1.5750000e+02;2.2440150e-01;1.5750000e+02;1.9221240e-01;1.5750000e+02;1.5334243e-01;1.5750000e+02;1.1156150e-01;1.5750000e+02;7.2634563e-02;1.5750000e+02;3.4743268e-02;1.5750000e+02;-3.0305609e-03;1.5750000e+02;5.0423993e-03;1.5750000e+02;1.9620664e-02;1.5750000e+02;3.8035110e-02;1.5750000e+02;5.7513740e-02;1.5750000e+02;8.0841884e-02;1.5750000e+02;1.1164287e-01;1.5750000e+02;1.5376644e-01;1.5750000e+02;1.9894826e-01;1.5750000e+02;2.3453611e-01;1.5750000e+02;2.5003880e-01;1.5750000e+02;2.4676415e-01;1.5750000e+02;2.2440150e-01;1.5750000e+02;1.9221240e-01;1.5750000e+02;1.5334243e-01;1.5750000e+02;1.1156150e-01;1.5750000e+02;7.2634563e-02;1.5750000e+02;3.4743268e-02;1.5750000e+02;-3.0305609e-03;1.5750000e+02;5.0423993e-03;1.5750000e+02;1.9620664e-02;1.5750000e+02;3.8035110e-02;1.5750000e+02;5.7513740e-02;1.5750000e+02;8.0841884e-02;1.5750000e+02;1.1164287e-01;1.5750000e+02;1.5376644e-01;1.5750000e+02;1.9894826e-01;1.5750000e+02;2.3453611e-01;1.5750000e+02;2.5003880e-01;1.5750000e+02;2.4676415e-01;1.5750000e+02;2.2440150e-01;1.5750000e+02;1.9221240e-01;1.5750000e+02;1.5334243e-01;1.5750000e+02;1.1156150e-01;1.5750000e+02;7.2634563e-02;1.5750000e+02;3.4743268e-02;1.5750000e+02;-3.0305609e-03;1.5750000e+02;5.0423993e-03;1.5750000e+02;1.9620664e-02;1.5750000e+02;3.8035110e-02;1.5750000e+02;5.7513740e-02;1.5750000e+02;8.0841884e-02;1.5750000e+02;1.1164287e-01;1.5750000e+02;1.5376644e-01;1.5750000e+02;1.9894826e-01;1.5750000e+02;2.3453611e-01;1.5750000e+02;2.5003880e-01;1.5750000e+02;2.4676415e-01;1.5750000e+02;2.2440150e-01;1.5750000e+02;1.9221240e-01;1.5750000e+02;1.5334243e-01;1.5750000e+02;1.1156150e-01;1.5750000e+02;7.2634563e-02;1.5750000e+02;3.4743268e-02;1.5750000e+02;-3.0305609e-03;1.5750000e+02;5.0423993e-03;1.5750000e+02;1.9620664e-02;1.5750000e+02;3.8035110e-02;1.5750000e+02;5.7513740e-02;1.5750000e+02;8.0841884e-02;1.5750000e+02;1.1164287e-01;1.5750000e+02;1.5376644e-01;1.5750000e+02;1.9894826e-01;1.5750000e+02;2.3453611e-01;1.5750000e+02;2.5003880e-01;1.5750000e+02;2.4676415e-01;1.5750000e+02;2.2440150e-01;1.5750000e+02;1.9221240e-01;1.5750000e+02;1.5334243e-01;1.5750000e+02;1.1156150e-01;1.5750000e+02;7.2634563e-02;1.5750000e+02;3.4743268e-02;1.5750000e+02;-3.0305609e-03;1.5750000e+02;5.0423993e-03;1.5750000e+02;1.9620664e-02;1.5750000e+02;3.8035110e-02;1.5750000e+02;5.7513740e-02;1.5750000e+02;8.0841884e-02;1.5750000e+02;1.1164287e-01;1.5750000e+02;1.5376644e-01;1.5750000e+02;1.9894826e-01;1.5750000e+02;2.3453611e-01;1.5750000e+02;2.5003880e-01;1.5750000e+02;2.4676415e-01;1.5750000e+02;2.2440150e-01;1.5750000e+02;1.9221240e-01;1.5750000e+02;1.5334243e-01;1.5750000e+02;1.1156150e-01;1.5750000e+02;7.2634563e-02;1.5750000e+02;3.4743268e-02;1.5750000e+02;-3.0305609e-03;1.5750000e+02;5.0423993e-03;1.5750000e+02;1.9620664e-02;1.5750000e+02;3.8035110e-02;1.5750000e+02;5.7513740e-02;1.5750000e+02;8.0841884e-02;1.5750000e+02;1.1164287e-01;1.5750000e+02;1.5376644e-01;1.5750000e+02;1.9894826e-01;1.5750000e+02;2.3453611e-01;1.5750000e+02;2.5003880e-01;1.5750000e+02;2.4676415e-01;1.5750000e+02;2.2440150e-01;1.5750000e+02;1.9221240e-01;1.5750000e+02;1.5334243e-01;1.5750000e+02;1.1156150e-01;1.5750000e+02;7.2634563e-02;1.5750000e+02;3.4743268e-02;1.5750000e+02;-3.0305609e-03;1.5750000e+02;5.0423993e-03;1.5750000e+02;1.9620664e-02;1.5750000e+02;3.8035110e-02;1.5750000e+02;5.7513740e-02;1.5750000e+02;8.0841884e-02;1.5750000e+02;1.1164287e-01;1.5750000e+02;1.5376644e-01;1.5750000e+02;1.9894826e-01;1.5750000e+02;2.3453611e-01;1.5750000e+02;2.5003880e-01;1.5750000e+02;2.4676415e-01;1.5750000e+02;2.2440150e-01;1.5750000e+02;1.9221240e-01;1.5750000e+02;1.5334243e-01;1.5750000e+02;1.1156150e-01;1.5750000e+02;7.2634563e-02;1.5750000e+02;3.4743268e-02;1.5750000e+02;-3.0305609e-03;1.5750000e+02;5.0423993e-03;1.5750000e+02;1.9620664e-02;1.5750000e+02;3.8035110e-02;1.5750000e+02;5.7513740e-02;1.5750000e+02;8.0841884e-02;1.5750000e+02;1.1164287e-01;1.5750000e+02;1.5376644e-01;1.5750000e+02;1.9894826e-01;1.5750000e+02;2.3453611e-01;1.5750000e+02;2.5003880e-01;1.5750000e+02;2.4676415e-01;1.5750000e+02;2.2440150e-01;1.5750000e+02;1.9221240e-01;1.5750000e+02;1.5334243e-01;1.5750000e+02;1.1156150e-01;1.5750000e+02;7.2634563e-02;1.5750000e+02;3.4743268e-02;1.5750000e+02;-3.0305609e-03;1.5750000e+02;5.0423993e-03;1.5750000e+02;1.9620664e-02;1.5750000e+02;3.8035110e-02;1.5750000e+02;5.7513740e-02;1.5750000e+02;8.0841884e-02;1.5750000e+02;1.1164287e-01;1.5750000e+02;1.5376644e-01;1.5750000e+02;1.9894826e-01;1.5750000e+02;2.3453611e-01;1.5750000e+02;2.5003880e-01;1.5750000e+02;2.4676415e-01;1.5750000e+02;2.2440150e-01;1.5750000e+02;1.9221240e-01;1.5750000e+02;1.5334243e-01;1.5750000e+02;1.1156150e-01;1.5750000e+02;7.2634563e-02;1.5750000e+02;3.4743268e-02;1.5750000e+02;-3.0305609e-03;1.5750000e+02;5.0423993e-03;1.5750000e+02;1.9620664e-02;1.5750000e+02;3.8035110e-02;1.5750000e+02;5.7513740e-02;1.5750000e+02;8.0841884e-02;1.5750000e+02;1.1164287e-01;1.5750000e+02;1.5376644e-01;1.5750000e+02;1.9894826e-01;1.5750000e+02;2.3453611e-01;1.5750000e+02;2.5003880e-01;1.5750000e+02;2.4676415e-01;1.5750000e+02;2.2440150e-01;1.5750000e+02;1.9221240e-01;1.5750000e+02;1.5334243e-01;1.5750000e+02;1.1156150e-01;1.5750000e+02;7.2634563e-02;1.5750000e+02;3.4743268e-02;1.5750000e+02;-3.0305609e-03;1.5750000e+02;5.0423993e-03;1.5750000e+02;1.9620664e-02;1.5750000e+02;3.8035110e-02;1.5750000e+02;5.7513740e-02;1.5750000e+02;8.0841884e-02;1.5750000e+02;1.1164287e-01;1.5750000e+02;1.5376644e-01;1.5750000e+02;1.9894826e-01;1.5750000e+02;2.3453611e-01;1.5750000e+02;2.5003880e-01;1.5750000e+02;2.4676415e-01;1.5750000e+02;2.2440150e-01;1.5750000e+02;1.9221240e-01;1.5750000e+02;1.5334243e-01;1.5750000e+02;1.1156150e-01;1.5750000e+02;7.2634563e-02;1.5750000e+02;3.4743268e-02;1.5750000e+02;-3.0305609e-03;1.5750000e+02;5.0423993e-03;1.5750000e+02;1.9620664e-02;1.5750000e+02;3.8035110e-02;1.5750000e+02;5.7513740e-02;1.5750000e+02;8.0841884e-02;1.5750000e+02;1.1164287e-01;1.5750000e+02;1.5376644e-01;1.5750000e+02;1.9894826e-01;1.5750000e+02;2.3453611e-01;1.5750000e+02;2.5003880e-01;1.5750000e+02;2.4676415e-01;1.5750000e+02;2.2440150e-01;1.5750000e+02;1.9221240e-01;1.5750000e+02;1.5334243e-01;1.5750000e+02;1.1156150e-01;1.5750000e+02;7.2634563e-02;1.5750000e+02;3.4743268e-02
1.6250000e+02;-4.2423885e-04;1.6250000e+02;9.3199220e-03;1.6250000e+02;2.4570860e-02;1.6250000e+02;4.4591684e-02;1.6250000e+02;6.8239838e-02;1.6250000e+02;9.2684492e-02;1.6250000e+02;1.2360278e-01;1.6250000e+02;1.6112600e-01;1.6250000e+02;2.0488822e-01;1.6250000e+02;2.4466406e-01;1.6250000e+02;2.6224777e-01;1.6250000e+02;2.5891364e-01;1.6250000e+02;2.3286536e-01;1.6250000e+02;1.9819802e-01;1.6250000e+02;1.5799905e-01;1.6250000e+02;1.1471775e-01;1.6250000e+02;7.5406805e-02;1.6250000e+02;3.7877709e-02;1.6250000e+02;-4.2423885e-04;1.6250000e+02;9.3199220e-03;1.6250000e+02;2.4570860e-02;1.6250000e+02;4.4591684e-02;1.6250000e+02;6.8239838e-02;1.6250000e+02;9.2684492e-02;1.6250000e+02;1.2360278e-01;1.6250000e+02;1.6112600e-01;1.6250000e+02;2.0488822e-01;1.6250000e+02;2.4466406e-01;1.6250000e+02;2.6224777e-01;1.6250000e+02;2.5891364e-01;1.6250000e+02;2.3286536e-01;1.6250000e+02;1.9819802e-01;1.6250000e+02;1.5799905e-01;1.6250000e+02;1.1471775e-01;1.6250000e+02;7.5406805e-02;1.6250000e+02;3.7877709e-02;1.6250000e+02;-4.2423885e-04;1.6250000e+02;9.3199220e-03;1.6250000e+02;2.4570860e-02;1.6250000e+02;4.4591684e-02;1.6250000e+02;6.8239838e-02;1.6250000e+02;9.2684492e-02;1.6250000e+02;1.2360278e-01;1.6250000e+02;1.6112600e-01;1.6250000e+02;2.0488822e-01;1.6250000e+02;2.4466406e-01;1.6250000e+02;2.6224777e-01;1.6250000e+02;2.5891364e-01;1.6250000e+02;2.3286536e-01;1.6250000e+02;1.9819802e-01;1.6250000e+02;1.5799905e-01;1.6250000e+02;1.1471775e-01;1.6250000e+02;7.5406805e-02;1.6250000e+02;3.7877709e-02;1.6250000e+02;-4.2423885e-04;1.6250000e+02;9.3199220e-03;1.6250000e+02;2.4570860e-02;1.6250000e+02;4.4591684e-02;1.6250000e+02;6.8239838e-02;1.6250000e+02;9.2684492e-02;1.6250000e+02;1.2360278e-01;1.6250000e+02;1.6112600e-01;1.6250000e+02;2.0488822e-01;1.6250000e+02;2.4466406e-01;1.6250000e+02;2.6224777e-01;1.6250000e+02;2.5891364e-01;1.6250000e+02;2.3286536e-01;1.6250000e+02;1.9819802e-01;1.6250000e+02;1.5799905e-01;1.6250000e+02;1.1471775e-01;1.6250000e+02;7.5406805e-02;1.6250000e+02;3.7877709e-02;1.6250000e+02;-4.2423885e-04;1.6250000e+02;9.3199220e-03;1.6250000e+02;2.4570860e-02;1.6250000e+02;4.4591684e-02;1.6250000e+02;6.8239838e-02;1.6250000e+02;9.2684492e-02;1.6250000e+02;1.2360278e-01;1.6250000e+02;1.6112600e-01;1.6250000e+02;2.0488822e-01;1.6250000e+02;2.4466406e-01;1.6250000e+02;2.6224777e-01;1.6250000e+02;2.5891364e-01;1.6250000e+02;2.3286536e-01;1.6250000e+02;1.9819802e-01;1.6250000e+02;1.5799905e-01;1.6250000e+02;1.1471775e-01;1.6250000e+02;7.5406805e-02;1.6250000e+02;3.7877709e-02;1.6250000e+02;-4.2423885e-04;1.6250000e+02;9.3199220e-03;1.6250000e+02;2.4570860e-02;1.6250000e+02;4.4591684e-02;1.6250000e+02;6.8239838e-02;1.6250000e+02;9.2684492e-02;1.6250000e+02;1.2360278e-01;1.6250000e+02;1.6112600e-01;1.6250000e+02;2.0488822e-01;1.6250000e+02;2.4466406e-01;1.6250000e+02;2.6224777e-01;1.6250000e+02;2.5891364e-01;1.6250000e+02;2.3286536e-01;1.6250000e+02;1.9819802e-01;1.6250000e+02;1.5799905e-01;1.6250000e+02;1.1471775e-01;1.6250000e+02;7.5406805e-02;1.6250000e+02;3.7877709e-02;1.6250000e+02;-4.2423885e-04;1.6250000e+02;9.3199220e-03;1.6250000e+02;2.4570860e-02;1.6250000e+02;4.4591684e-02;1.6250000e+02;6.8239838e-02;1.6250000e+02;9.2684492e-02;1.6250000e+02;1.2360278e-01;1.6250000e+02;1.6112600e-01;1.6250000e+02;2.0488822e-01;1.6250000e+02;2.4466406e-01;1.6250000e+02;2.6224777e-01;1.6250000e+02;2.5891364e-01;1.6250000e+02;2.3286536e-01;1.6250000e+02;1.9819802e-01;1.6250000e+02;1.5799905e-01;1.6250000e+02;1.1471775e-01;1.6250000e+02;7.5406805e-02;1.6250000e+02;3.7877709e-02;1.6250000e+02;-4.2423885e-04;1.6250000e+02;9.3199220e-03;1.6250000e+02;2.4570860e-02;1.6250000e+02;4.4591684e-02;1.6250000e+02;6.8239838e-02;1.6250000e+02;9.2684492e-02;1.6250000e+02;1.2360278e-01;1.6250000e+02;1.6112600e-01;1.6250000e+02;2.0488822e-01;1.6250000e+02;2.4466406e-01;1.6250000e+02;2.6224777e-01;1.6250000e+02;2.5891364e-01;1.6250000e+02;2.3286536e-01;1.6250000e+02;1.9819802e-01;1.6250000e+02;1.5799905e-01;1.6250000e+02;1.1471775e-01;1.6250000e+02;7.5406805e-02;1.6250000e+02;3.7877709e-02;1.6250000e+02;-4.2423885e-04;1.6250000e+02;9.3199220e-03;1.6250000e+02;2.4570860e-02;1.6250000e+02;4.4591684e-02;1.6250000e+02;6.8239838e-02;1.6250000e+02;9.2684492e-02;1.6250000e+02;1.2360278e-01;1.6250000e+02;1.6112600e-01;1.6250000e+02;2.0488822e-01;1.6250000e+02;2.4466406e-01;1.6250000e+02;2.6224777e-01;1.6250000e+02;2.5891364e-01;1.6250000e+02;2.3286536e-01;1.6250000e+02;1.9819802e-01;1.6250000e+02;1.5799905e-01;1.6250000e+02;1.1471775e-01;1.6250000e+02;7.5406805e-02;1.6250000e+02;3.7877709e-02;1.6250000e+02;-4.2423885e-04;1.6250000e+02;9.3199220e-03;1.6250000e+02;2.4570860e-02;1.6250000e+02;4.4591684e-02;1.6250000e+02;6.8239838e-02;1.6250000e+02;9.2684492e-02;1.6250000e+02;1.2360278e-01;1.6250000e+02;1.6112600e-01;1.6250000e+02;2.0488822e-01;1.6250000e+02;2.4466406e-01;1.6250000e+02;2.6224777e-01;1.6250000e+02;2.5891364e-01;1.6250000e+02;2.3286536e-01;1.6250000e+02;1.9819802e-01;1.6250000e+02;1.5799905e-01;1.6250000e+02;1.1471775e-01;1.6250000e+02;7.5406805e-02;1.6250000e+02;3.7877709e-02;1.6250000e+02;-4.2423885e-04;1.6250000e+02;9.3199220e-03;1.6250000e+02;2.4570860e-02;1.6250000e+02;4.4591684e-02;1.6250000e+02;6.8239838e-02;1.6250000e+02;9.2684492e-02;1.6250000e+02;1.2360278e-01;1.6250000e+02;1.6112600e-01;1.6250000e+02;2.0488822e-01;1.6250000e+02;2.4466406e-01;1.6250000e+02;2.6224777e-01;1.6250000e+02;2.5891364e-01;1.6250000e+02;2.3286536e-01;1.6250000e+02;1.9819802e-01;1.6250000e+02;1.5799905e-01;1.6250000e+02;1.1471775e-01;1.6250000e+02;7.5406805e-02;1.6250000e+02;3.7877709e-02;1.6250000e+02;-4.2423885e-04;1.6250000e+02;9.3199220e-03;1.6250000e+02;2.4570860e-02;1.6250000e+02;4.4591684e-02;1.6250000e+02;6.8239838e-02;1.6250000e+02;9.2684492e-02;1.6250000e+02;1.2360278e-01;1.6250000e+02;1.6112600e-01;1.6250000e+02;2.0488822e-01;1.6250000e+02;2.4466406e-01;1.6250000e+02;2.6224777e-01;1.6250000e+02;2.5891364e-01;1.6250000e+02;2.3286536e-01;1.6250000e+02;1.9819802e-01;1.6250000e+02;1.5799905e-01;1.6250000e+02;1.1471775e-01;1.6250000e+02;7.5406805e-02;1.6250000e+02;3.7877709e-02;1.6250000e+02;-4.2423885e-04;1.6250000e+02;9.3199220e-03;1.6250000e+02;2.4570860e-02;1.6250000e+02;4.4591684e-02;1.6250000e+02;6.8239838e-02;1.6250000e+02;9.2684492e-02;1.6250000e+02;1.2360278e-01;1.6250000e+02;1.6112600e-01;1.6250000e+02;2.0488822e-01;1.6250000e+02;2.4466406e-01;1.6250000e+02;2.6224777e-01;1.6250000e+02;2.5891364e-01;1.6250000e+02;2.3286536e-01;1.6250000e+02;1.9819802e-01;1.6250000e+02;1.5799905e-01;1.6250000e+02;1.1471775e-01;1.6250000e+02;7.5406805e-02;1.6250000e+02;3.7877709e-02;1.6250000e+02;-4.2423885e-04;1.6250000e+02;9.3199220e-03;1.6250000e+02;2.4570860e-02;1.6250000e+02;4.4591684e-02;1.6250000e+02;6.8239838e-02;1.6250000e+02;9.2684492e-02;1.6250000e+02;1.2360278e-01;1.6250000e+02;1.6112600e-01;1.6250000e+02;2.0488822e-01;1.6250000e+02;2.4466406e-01;1.6250000e+02;2.6224777e-01;1.6250000e+02;2.5891364e-01;1.6250000e+02;2.3286536e-01;1.6250000e+02;1.9819802e-01;1.6250000e+02;1.5799905e-01;1.6250000e+02;1.1471775e-01;1.6250000e+02;7.5406805e-02;1.6250000e+02;3.7877709e-02;1.6250000e+02;-4.2423885e-04;1.6250000e+02;9.3199220e-03;1.6250000e+02;2.4570860e-02;1.6250000e+02;4.4591684e-02;1.6250000e+02;6.8239838e-02;1.6250000e+02;9.2684492e-02;1.6250000e+02;1.2360278e-01;1.6250000e+02;1.6112600e-01;1.6250000e+02;2.0488822e-01;1.6250000e+02;2.4466406e-01;1.6250000e+02;2.6224777e-01;1.6250000e+02;2.5891364e-01;1.6250000e+02;2.3286536e-01;1.6250000e+02;1.9819802e-01;1.6250000e+02;1.5799905e-01;1.6250000e+02;1.1471775e-01;1.6250000e+02;7.5406805e-02;1.6250000e+02;3.7877709e-02;1.6250000e+02;-4.2423885e-04;1.6250000e+02;9.3199220e-03;1.6250000e+02;2.4570860e-02;1.6250000e+02;4.4591684e-02;1.6250000e+02;6.8239838e-02;1.6250000e+02;9.2684492e-02;1.6250000e+02;1.2360278e-01;1.6250000e+02;1.6112600e-01;1.6250000e+02;2.0488822e-01;1.6250000e+02;2.4466406e-01;1.6250000e+02;2.6224777e-01;1.6250000e+02;2.5891364e-01;1.6250000e+02;2.3286536e-01;1.6250000e+02;1.9819802e-01;1.6250000e+02;1.5799905e-01;1.6250000e+02;1.1471775e-01;1.6250000e+02;7.5406805e-02;1.6250000e+02;3.7877709e-02;1.6250000e+02;-4.2423885e-04;1.6250000e+02;9.3199220e-03;1.6250000e+02;2.4570860e-02;1.6250000e+02;4.4591684e-02;1.6250000e+02;6.8239838e-02;1.6250000e+02;9.2684492e-02;1.6250000e+02;1.2360278e-01;1.6250000e+02;1.6112600e-01;1.6250000e+02;2.0488822e-01;1.6250000e+02;2.4466406e-01;1.6250000e+02;2.6224777e-01;1.6250000e+02;2.5891364e-01;1.6250000e+02;2.3286536e-01;1.6250000e+02;1.9819802e-01;1.6250000e+02;1.5799905e-01;1.6250000e+02;1.1471775e-01;1.6250000e+02;7.5406805e-02;1.6250000e+02;3.7877709e-02;1.6250000e+02;-4.2423885e-04;1.6250000e+02;9.3199220e-03;1.6250000e+02;2.4570860e-02;1.6250000e+02;4.4591684e-02;1.6250000e+02;6.8239838e-02;1.6250000e+02;9.2684492e-02;1.6250000e+02;1.2360278e-01;1.6250000e+02;1.6112600e-01;1.6250000e+02;2.0488822e-01;1.6250000e+02;2.4466406e-01;1.6250000e+02;2.6224777e-01;1.6250000e+02;2.5891364e-01;1.6250000e+02;2.3286536e-01;1.6250000e+02;1.9819802e-01;1.6250000e+02;1.5799905e-01;1.6250000e+02;1.1471775e-01;1.6250000e+02;7.5406805e-02;1.6250000e+02;3.7877709e-02;1.6250000e+02;-4.2423885e-04;1.6250000e+02;9.3199220e-03;1.6250000e+02;2.4570860e-02;1.6250000e+02;4.4591684e-02;1.6250000e+02;6.8239838e-02;1.6250000e+02;9.2684492e-02;1.6250000e+02;1.2360278e-01;1.6250000e+02;1.6112600e-01;1.6250000e+02;2.0488822e-01;1.6250000e+02;2.4466406e-01;1.6250000e+02;2.6224777e-01;1.6250000e+02;2.5891364e-01;1.6250000e+02;2.3286536e-01;1.6250000e+02;1.9819802e-01;1.6250000e+02;1.5799905e-01;1.6250000e+02;1.1471775e-01;1.6250000e+02;7.5406805e-02;1.6250000e+02;3.7877709e-02;1.6250000e+02;-4.2423885e-04;1.6250000e+02;9.3199220e-03;1.6250000e+02;2.4570860e-02;1.6250000e+02;4.4591684e-02;1.6250000e+02;6.8239838e-02;1.6250000e+02;9.2684492e-02;1.6250000e+02;1.2360278e-01;1.6250000e+02;1.6112600e-01;1.6250000e+02;2.0488822e-01;1.6250000e+02;2.4466406e-01;1.6250000e+02;2.6224777e-01;1.6250000e+02;2.5891364e-01;1.6250000e+02;2.3286536e-01;1.6250000e+02;1.9819802e-01;1.6250000e+02;1.5799905e-01;1.6250000e+02;1.1471775e-01;1.6250000e+02;7.5406805e-02;1.6250000e+02;3.7877709e-02;1.6250000e+02;-4.2423885e-04;1.6250000e+02;9.3199220e-03;1.6250000e+02;2.4570860e-02;1.6250000e+02;4.4591684e-02;1.6250000e+02;6.8239838e-02;1.6250000e+02;9.2684492e-02;1.6250000e+02;1.2360278e-01;1.6250000e+02;1.6112600e-01;1.6250000e+02;2.0488822e-01;1.6250000e+02;2.4466406e-01;1.6250000e+02;2.6224777e-01;1.6250000e+02;2.5891364e-01;1.6250000e+02;2.3286536e-01;1.6250000e+02;1.9819802e-01;1.6250000e+02;1.5799905e-01;1.6250000e+02;1.1471775e-01;1.6250000e+02;7.5406805e-02;1.6250000e+02;3.7877709e-02;1.6250000e+02;-4.2423885e-04;1.6250000e+02;9.3199220e-03;1.6250000e+02;2.4570860e-02;1.6250000e+02;4.4591684e-02;1.6250000e+02;6.8239838e-02;1.6250000e+02;9.2684492e-02;1.6250000e+02;1.2360278e-01;1.6250000e+02;1.6112600e-01;1.6250000e+02;2.0488822e-01;1.6250000e+02;2.4466406e-01;1.6250000e+02;2.6224777e-01;1.6250000e+02;2.5891364e-01;1.6250000e+02;2.3286536e-01;1.6250000e+02;1.9819802e-01;1.6250000e+02;1.5799905e-01;1.6250000e+02;1.1471775e-01;1.6250000e+02;7.5406805e-02;1.6250000e+02;3.7877709e-02;1.6250000e+02;-4.2423885e-04;1.6250000e+02;9.3199220e-03;1.6250000e+02;2.4570860e-02;1.6250000e+02;4.4591684e-02;1.6250000e+02;6.8239838e-02;1.6250000e+02;9.2684492e-02;1.6250000e+02;1.2360278e-01;1.6250000e+02;1.6112600e-01;1.6250000e+02;2.0488822e-01;1.6250000e+02;2.4466406e-01;1.6250000e+02;2.6224777e-01;1.6250000e+02;2.5891364e-01;1.6250000e+02;2.3286536e-01;1.6250000e+02;1.9819802e-01;1.6250000e+02;1.5799905e-01;1.6250000e+02;1.1471775e-01;1.6250000e+02;7.5406805e-02;1.6250000e+02;3.7877709e-02;1.6250000e+02;-4.2423885e-04;1.6250000e+02;9.3199220e-03;1.6250000e+02;2.4570860e-02;1.6250000e+02;4.4591684e-02;1.6250000e+02;6.8239838e-02;1.6250000e+02;9.2684492e-02;1.6250000e+02;1.2360278e-01;1.6250000e+02;1.6112600e-01;1.6250000e+02;2.0488822e-01;1.6250000e+02;2.4466406e-01;1.6250000e+02;2.6224777e-01;1.6250000e+02;2.5891364e-01;1.6250000e+02;2.3286536e-01;1.6250000e+02;1.9819802e-01;1.6250000e+02;1.5799905e-01;1.6250000e+02;1.1471775e-01;1.6250000e+02;7.5406805e-02;1.6250000e+02;3.7877709e-02;1.6250000e+02;-4.2423885e-04;1.6250000e+02;9.3199220e-03;1.6250000e+02;2.4570860e-02;1.6250000e+02;4.4591684e-02;1.6250000e+02;6.8239838e-02;1.6250000e+02;9.2684492e-02;1.6250000e+02;1.2360278e-01;1.6250000e+02;1.6112600e-01;1.6250000e+02;2.0488822e-01;1.6250000e+02;2.4466406e-01;1.6250000e+02;2.6224777e-01;1.6250000e+02;2.5891364e-01;1.6250000e+02;2.3286536e-01;1.6250000e+02;1.9819802e-01;1.6250000e+02;1.5799905e-01;1.6250000e+02;1.1471775e-01;1.6250000e+02;7.5406805e-02;1.6250000e+02;3.7877709e-02;1.6250000e+02;-4.2423885e-04;1.6250000e+02;9.3199220e-03;1.6250000e+02;2.4570860e-02;1.6250000e+02;4.4591684e-02;1.6250000e+02;6.8239838e-02;1.6250000e+02;9.2684492e-02;1.6250000e+02;1.2360278e-01;1.6250000e+02;1.6112600e-01;1.6250000e+02;2.0488822e-01;1.6250000e+02;2.4466406e-01;1.6250000e+02;2.6224777e-01;1.6250000e+02;2.5891364e-01;1.6250000e+02;2.3286536e-01;1.6250000e+02;1.9819802e-01;1.6250000e+02;1.5799905e-01;1.6250000e+02;1.1471775e-01;1.6250000e+02;7.5406805e-02;1.6250000e+02;3.7877709e-02;1.6250000e+02;-4.2423885e-04;1.6250000e+02;9.3199220e-03;1.6250000e+02;2.4570860e-02;1.6250000e+02;4.4591684e-02;1.6250000e+02;6.8239838e-02;1.6250000e+02;9.2684492e-02;1.6250000e+02;1.2360278e-01;1.6250000e+02;1.6112600e-01;1.6250000e+02;2.0488822e-01;1.6250000e+02;2.4466406e-01;1.6250000e+02;2.6224777e-01;1.6250000e+02;2.5891364e-01;1.6250000e+02;2.3286536e-01;1.6250000e+02;1.9819802e-01;1.6250000e+02;1.5799905e-01;1.6250000e+02;1.1471775e-01;1.6250000e+02;7.5406805e-02;1.6250000e+02;3.7877709e-02;1.6250000e+02;-4.2423885e-04;1.6250000e+02;9.3199220e-03;1.6250000e+02;2.4570860e-02;1.6250000e+02;4.4591684e-02;1.6250000e+02;6.8239838e-02;1.6250000e+02;9.2684492e-02;1.6250000e+02;1.2360278e-01;1.6250000e+02;1.6112600e-01;1.6250000e+02;2.0488822e-01;1.6250000e+02;2.4466406e-01;1.6250000e+02;2.6224777e-01;1.6250000e+02;2.5891364e-01;1.6250000e+02;2.3286536e-01;1.6250000e+02;1.9819802e-01;1.6250000e+02;1.5799905e-01;1.6250000e+02;1.1471775e-01;1.6250000e+02;7.5406805e-02;1.6250000e+02;3.7877709e-02;1.6250000e+02;-4.2423885e-04;1.6250000e+02;9.3199220e-03;1.6250000e+02;2.4570860e-02;1.6250000e+02;4.4591684e-02;1.6250000e+02;6.8239838e-02;1.6250000e+02;9.2684492e-02;1.6250000e+02;1.2360278e-01;1.6250000e+02;1.6112600e-01;1.6250000e+02;2.0488822e-01;1.6250000e+02;2.4466406e-01;1.6250000e+02;2.6224777e-01;1.6250000e+02;2.5891364e-01;1.6250000e+02;2.3286536e-01;1.6250000e+02;1.9819802e-01;1.6250000e+02;1.5799905e-01;1.6250000e+02;1.1471775e-01;1.6250000e+02;7.5406805e-02;1.6250000e+02;3.7877709e-02;1.6250000e+02;-4.2423885e-04;1.6250000e+02;9.3199220e-03;1.6250000e+02;2.4570860e-02;1.6250000e+02;4.4591684e-02;1.6250000e+02;6.8239838e-02;1.6250000e+02;9.2684492e-02;1.6250000e+02;1.2360278e-01;1.6250000e+02;1.6112600e-01;1.6250000e+02;2.0488822e-01;1.6250000e+02;2.4466406e-01;1.6250000e+02;2.6224777e-01;1.6250000e+02;2.5891364e-01;1.6250000e+02;2.3286536e-01;1.6250000e+02;1.9819802e-01;1.6250000e+02;1.5799905e-01;1.6250000e+02;1.1471775e-01;1.6250000e+02;7.5406805e-02;1.6250000e+02;3.7877709e-02;1.6250000e+02;-4.2423885e-04;1.6250000e+02;9.3199220e-03;1.6250000e+02;2.4570860e-02;1.6250000e+02;4.4591684e-02;1.6250000e+02;6.8239838e-02;1.6250000e+02;9.2684492e-02;1.6250000e+02;1.2360278e-01;1.6250000e+02;1.6112600e-01;1.6250000e+02;2.0488822e-01;1.6250000e+02;2.4466406e-01;1.6250000e+02;2.6224777e-01;1.6250000e+02;2.5891364e-01;1.6250000e+02;2.3286536e-01;1.6250000e+02;1.9819802e-01;1.6250000e+02;1.5799905e-01;1.6250000e+02;1.1471775e-01;1.6250000e+02;7.5406805e-02;1.6250000e+02;3.7877709e-02;1.6250000e+02;-4.2423885e-04;1.6250000e+02;9.3199220e-03;1.6250000e+02;2.4570860e-02;1.6250000e+02;4.4591684e-02;1.6250000e+02;6.8239838e-02;1.6250000e+02;9.2684492e-02;1.6250000e+02;1.2360278e-01;1.6250000e+02;1.6112600e-01;1.6250000e+02;2.0488822e-01;1.6250000e+02;2.4466406e-01;1.6250000e+02;2.6224777e-01;1.6250000e+02;2.5891364e-01;1.6250000e+02;2.3286536e-01;1.6250000e+02;1.9819802e-01;1.6250000e+02;1.5799905e-01;1.6250000e+02;1.1471775e-01;1.6250000e+02;7.5406805e-02;1.6250000e+02;3.7877709e-02;1.6250000e+02;-4.2423885e-04;1.6250000e+02;9.3199220e-03;1.6250000e+02;2.4570860e-02;1.6250000e+02;4.4591684e-02;1.6250000e+02;6.8239838e-02;1.6250000e+02;9.2684492e-02;1.6250000e+02;1.2360278e-01;1.6250000e+02;1.6112600e-01;1.6250000e+02;2.0488822e-01;1.6250000e+02;2.4466406e-01;1.6250000e+02;2.6224777e-01;1.6250000e+02;2.5891364e-01;1.6250000e+02;2.3286536e-01;1.6250000e+02;1.9819802e-01;1.6250000e+02;1.5799905e-01;1.6250000e+02;1.1471775e-01;1.6250000e+02;7.5406805e-02;1.6250000e+02;3.7877709e-02;1.6250000e+02;-4.2423885e-04;1.6250000e+02;9.3199220e-03;1.6250000e+02;2.4570860e-02;1.6250000e+02;4.4591684e-02;1.6250000e+02;6.8239838e-02;1.6250000e+02;9.2684492e-02;1.6250000e+02;1.2360278e-01;1.6250000e+02;1.6112600e-01;1.6250000e+02;2.0488822e-01;1.6250000e+02;2.4466406e-01;1.6250000e+02;2.6224777e-01;1.6250000e+02;2.5891364e-01;1.6250000e+02;2.3286536e-01;1.6250000e+02;1.9819802e-01;1.6250000e+02;1.5799905e-01;1.6250000e+02;1.1471775e-01;1.6250000e+02;7.5406805e-02;1.6250000e+02;3.7877709e-02;1.6250000e+02;-4.2423885e-04;1.6250000e+02;9.3199220e-03;1.6250000e+02;2.4570860e-02;1.6250000e+02;4.4591684e-02;1.6250000e+02;6.8239838e-02;1.6250000e+02;9.2684492e-02;1.6250000e+02;1.2360278e-01;1.6250000e+02;1.6112600e-01;1.6250000e+02;2.0488822e-01;1.6250000e+02;2.4466406e-01;1.6250000e+02;2.6224777e-01;1.6250000e+02;2.5891364e-01;1.6250000e+02;2.3286536e-01;1.6250000e+02;1.9819802e-01;1.6250000e+02;1.5799905e-01;1.6250000e+02;1.1471775e-01;1.6250000e+02;7.5406805e-02;1.6250000e+02;3.7877709e-02;1.6250000e+02;-4.2423885e-04;1.6250000e+02;9.3199220e-03;1.6250000e+02;2.4570860e-02;1.6250000e+02;4.4591684e-02;1.6250000e+02;6.8239838e-02;1.6250000e+02;9.2684492e-02;1.6250000e+02;1.2360278e-01;1.6250000e+02;1.6112600e-01;1.6250000e+02;2.0488822e-01;1.6250000e+02;2.4466406e-01;1.6250000e+02;2.6224777e-01;1.6250000e+02;2.5891364e-01;1.6250000e+02;2.3286536e-01;1.6250000e+02;1.9819802e-01;1.6250000e+02;1.5799905e-01;1.6250000e+02;1.1471775e-01;1.6250000e+02;7.5406805e-02;1.6250000e+02;3.7877709e-02;1.6250000e+02;-4.2423885e-04;1.6250000e+02;9.3199220e-03;1.6250000e+02;2.4570860e-02;1.6250000e+02;4.4591684e-02;1.6250000e+02;6.8239838e-02;1.6250000e+02;9.2684492e-02;1.6250000e+02;1.2360278e-01;1.6250000e+02;1.6112600e-01;1.6250000e+02;2.0488822e-01;1.6250000e+02;2.4466406e-01;1.6250000e+02;2.6224777e-01;1.6250000e+02;2.5891364e-01;1.6250000e+02;2.3286536e-01;1.6250000e+02;1.9819802e-01;1.6250000e+02;1.5799905e-01;1.6250000e+02;1.1471775e-01;1.6250000e+02;7.5406805e-02;1.6250000e+02;3.7877709e-02;1.6250000e+02;-4.2423885e-04;1.6250000e+02;9.3199220e-03;1.6250000e+02;2.4570860e-02;1.6250000e+02;4.4591684e-02;1.6250000e+02;6.8239838e-02;1.6250000e+02;9.2684492e-02;1.6250000e+02;1.2360278e-01;1.6250000e+02;1.6112600e-01;1.6250000e+02;2.0488822e-01;1.6250000e+02;2.4466406e-01;1.6250000e+02;2.6224777e-01;1.6250000e+02;2.5891364e-01;1.6250000e+02;2.3286536e-01;1.6250000e+02;1.9819802e-01;1.6250000e+02;1.5799905e-01;1.6250000e+02;1.1471775e-01;1.6250000e+02;7.5406805e-02;1.6250000e+02;3.7877709e-02;1.6250000e+02;-4.2423885e-04;1.6250000e+02;9.3199220e-03;1.6250000e+02;2.4570860e-02;1.6250000e+02;4.4591684e-02;1.6250000e+02;6.8239838e-02;1.6250000e+02;9.2684492e-02;1.6250000e+02;1.2360278e-01;1.6250000e+02;1.6112600e-01;1.6250000e+02;2.0488822e-01;1.6250000e+02;2.4466406e-01;1.6250000e+02;2.6224777e-01;1.6250000e+02;2.5891364e-01;1.6250000e+02;2.3286536e-01;1.6250000e+02;1.9819802e-01;1.6250000e+02;1.5799905e-01;1.6250000e+02;1.1471775e-01;1.6250000e+02;7.5406805e-02;1.6250000e+02;3.7877709e-02;1.6250000e+02;-4.2423885e-04;1.6250000e+02;9.3199220e-03;1.6250000e+02;2.4570860e-02;1.6250000e+02;4.4591684e-02;1.6250000e+02;6.8239838e-02;1.6250000e+02;9.2684492e-02;1.6250000e+02;1.2360278e-01;1.6250000e+02;1.6112600e-01;1.6250000e+02;2.0488822e-01;1.6250000e+02;2.4466406e-01;1.6250000e+02;2.6224777e-01;1.6250000e+02;2.5891364e-01;1.6250000e+02;2.3286536e-01;1.6250000e+02;1.9819802e-01;1.6250000e+02;1.5799905e-01;1.6250000e+02;1.1471775e-01;1.6250000e+02;7.5406805e-02;1.6250000e+02;3.7877709e-02;1.6250000e+02;-4.2423885e-04;1.6250000e+02;9.3199220e-03;1.6250000e+02;2.4570860e-02;1.6250000e+02;4.4591684e-02;1.6250000e+02;6.8239838e-02;1.6250000e+02;9.2684492e-02;1.6250000e+02;1.2360278e-01;1.6250000e+02;1.6112600e-01;1.6250000e+02;2.0488822e-01;1.6250000e+02;2.4466406e-01;1.6250000e+02;2.6224777e-01;1.6250000e+02;2.5891364e-01;1.6250000e+02;2.3286536e-01;1.6250000e+02;1.9819802e-01;1.6250000e+02;1.5799905e-01;1.6250000e+02;1.1471775e-01;1.6250000e+02;7.5406805e-02;1.6250000e+02;3.7877709e-02;1.6250000e+02;-4.2423885e-04;1.6250000e+02;9.3199220e-03;1.6250000e+02;2.4570860e-02;1.6250000e+02;4.4591684e-02;1.6250000e+02;6.8239838e-02;1.6250000e+02;9.2684492e-02;1.6250000e+02;1.2360278e-01;1.6250000e+02;1.6112600e-01;1.6250000e+02;2.0488822e-01;1.6250000e+02;2.4466406e-01;1.6250000e+02;2.6224777e-01;1.6250000e+02;2.5891364e-01;1.6250000e+02;2.3286536e-01;1.6250000e+02;1.9819802e-01;1.6250000e+02;1.5799905e-01;1.6250000e+02;1.1471775e-01;1.6250000e+02;7.5406805e-02;1.6250000e+02;3.7877709e-02;1.6250000e+02;-4.2423885e-04;1.6250000e+02;9.3199220e-03;1.6250000e+02;2.4570860e-02;1.6250000e+02;4.4591684e-02;1.6250000e+02;6.8239838e-02;1.6250000e+02;9.2684492e-02;1.6250000e+02;1.2360278e-01;1.6250000e+02;1.6112600e-01;1.6250000e+02;2.0488822e-01;1.6250000e+02;2.4466406e-01;1.6250000e+02;2.6224777e-01;1.6250000e+02;2.5891364e-01;1.6250000e+02;2.3286536e-01;1.6250000e+02;1.9819802e-01;1.6250000e+02;1.5799905e-01;1.6250000e+02;1.1471775e-01;1.6250000e+02;7.5406805e-02;1.6250000e+02;3.7877709e-02;1.6250000e+02;-4.2423885e-04;1.6250000e+02;9.3199220e-03;1.6250000e+02;2.4570860e-02;1.6250000e+02;4.4591684e-02;1.6250000e+02;6.8239838e-02;1.6250000e+02;9.2684492e-02;1.6250000e+02;1.2360278e-01;1.6250000e+02;1.6112600e-01;1.6250000e+02;2.0488822e-01;1.6250000e+02;2.4466406e-01;1.6250000e+02;2.6224777e-01;1.6250000e+02;2.5891364e-01;1.6250000e+02;2.3286536e-01;1.6250000e+02;1.9819802e-01;1.6250000e+02;1.5799905e-01;1.6250000e+02;1.1471775e-01;1.6250000e+02;7.5406805e-02;1.6250000e+02;3.7877709e-02;1.6250000e+02;-4.2423885e-04;1.6250000e+02;9.3199220e-03;1.6250000e+02;2.4570860e-02;1.6250000e+02;4.4591684e-02;1.6250000e+02;6.8239838e-02;1.6250000e+02;9.2684492e-02;1.6250000e+02;1.2360278e-01;1.6250000e+02;1.6112600e-01;1.6250000e+02;2.0488822e-01;1.6250000e+02;2.4466406e-01;1.6250000e+02;2.6224777e-01;1.6250000e+02;2.5891364e-01;1.6250000e+02;2.3286536e-01;1.6250000e+02;1.9819802e-01;1.6250000e+02;1.5799905e-01;1.6250000e+02;1.1471775e-01;1.6250000e+02;7.5406805e-02;1.6250000e+02;3.7877709e-02;1.6250000e+02;-4.2423885e-04;1.6250000e+02;9.3199220e-03;1.6250000e+02;2.4570860e-02;1.6250000e+02;4.4591684e-02;1.6250000e+02;6.8239838e-02;1.6250000e+02;9.2684492e-02;1.6250000e+02;1.2360278e-01;1.6250000e+02;1.6112600e-01;1.6250000e+02;2.0488822e-01;1.6250000e+02;2.4466406e-01;1.6250000e+02;2.6224777e-01;1.6250000e+02;2.5891364e-01;1.6250000e+02;2.3286536e-01;1.6250000e+02;1.9819802e-01;1.6250000e+02;1.5799905e-01;1.6250000e+02;1.1471775e-01;1.6250000e+02;7.5406805e-02;1.6250000e+02;3.7877709e-02;1.6250000e+02;-4.2423885e-04;1.6250000e+02;9.3199220e-03;1.6250000e+02;2.4570860e-02;1.6250000e+02;4.4591684e-02;1.6250000e+02;6.8239838e-02;1.6250000e+02;9.2684492e-02;1.6250000e+02;1.2360278e-01;1.6250000e+02;1.6112600e-01;1.6250000e+02;2.0488822e-01;1.6250000e+02;2.4466406e-01;1.6250000e+02;2.6224777e-01;1.6250000e+02;2.5891364e-01;1.6250000e+02;2.3286536e-01;1.6250000e+02;1.9819802e-01;1.6250000e+02;1.5799905e-01;1.6250000e+02;1.1471775e-01;1.6250000e+02;7.5406805e-02;1.6250000e+02;3.7877709e-02;1.6250000e+02;-4.2423885e-04;1.6250000e+02;9.3199220e-03;1.6250000e+02;2.4570860e-02;1.6250000e+02;4.4591684e-02;1.6250000e+02;6.8239838e-02;1.6250000e+02;9.2684492e-02;1.6250000e+02;1.2360278e-01;1.6250000e+02;1.6112600e-01;1.6250000e+02;2.0488822e-01;1.6250000e+02;2.4466406e-01;1.6250000e+02;2.6224777e-01;1.6250000e+02;2.5891364e-01;1.6250000e+02;2.3286536e-01;1.6250000e+02;1.9819802e-01;1.6250000e+02;1.5799905e-01;1.6250000e+02;1.1471775e-01;1.6250000e+02;7.5406805e-02;1.6250000e+02;3.7877709e-02;1.6250000e+02;-4.2423885e-04;1.6250000e+02;9.3199220e-03;1.6250000e+02;2.4570860e-02;1.6250000e+02;4.4591684e-02;1.6250000e+02;6.8239838e-02;1.6250000e+02;9.2684492e-02;1.6250000e+02;1.2360278e-01;1.6250000e+02;1.6112600e-01;1.6250000e+02;2.0488822e-01;1.6250000e+02;2.4466406e-01;1.6250000e+02;2.6224777e-01;1.6250000e+02;2.5891364e-01;1.6250000e+02;2.3286536e-01;1.6250000e+02;1.9819802e-01;1.6250000e+02;1.5799905e-01;1.6250000e+02;1.1471775e-01;1.6250000e+02;7.5406805e-02;1.6250000e+02;3.7877709e-02;1.6250000e+02;-4.2423885e-04;1.6250000e+02;9.3199220e-03;1.6250000e+02;2.4570860e-02;1.6250000e+02;4.4591684e-02;1.6250000e+02;6.8239838e-02;1.6250000e+02;9.2684492e-02;1.6250000e+02;1.2360278e-01;1.6250000e+02;1.6112600e-01;1.6250000e+02;2.0488822e-01;1.6250000e+02;2.4466406e-01;1.6250000e+02;2.6224777e-01;1.6250000e+02;2.5891364e-01;1.6250000e+02;2.3286536e-01;1.6250000e+02;1.9819802e-01;1.6250000e+02;1.5799905e-01;1.6250000e+02;1.1471775e-01;1.6250000e+02;7.5406805e-02;1.6250000e+02;3.7877709e-02;1.6250000e+02;-4.2423885e-04;1.6250000e+02;9.3199220e-03;1.6250000e+02;2.4570860e-02;1.6250000e+02;4.4591684e-02;1.6250000e+02;6.8239838e-02;1.6250000e+02;9.2684492e-02;1.6250000e+02;1.2360278e-01;1.6250000e+02;1.6112600e-01;1.6250000e+02;2.0488822e-01;1.6250000e+02;2.4466406e-01;1.6250000e+02;2.6224777e-01;1.6250000e+02;2.5891364e-01;1.6250000e+02;2.3286536e-01;1.6250000e+02;1.9819802e-01;1.6250000e+02;1.5799905e-01;1.6250000e+02;1.1471775e-01;1.6250000e+02;7.5406805e-02;1.6250000e+02;3.7877709e-02;1.6250000e+02;-4.2423885e-04;1.6250000e+02;9.3199220e-03;1.6250000e+02;2.4570860e-02;1.6250000e+02;4.4591684e-02;1.6250000e+02;6.8239838e-02;1.6250000e+02;9.2684492e-02;1.6250000e+02;1.2360278e-01;1.6250000e+02;1.6112600e-01;1.6250000e+02;2.0488822e-01;1.6250000e+02;2.4466406e-01;1.6250000e+02;2.6224777e-01;1.6250000e+02;2.5891364e-01;1.6250000e+02;2.3286536e-01;1.6250000e+02;1.9819802e-01;1.6250000e+02;1.5799905e-01;1.6250000e+02;1.1471775e-01;1.6250000e+02;7.5406805e-02;1.6250000e+02;3.7877709e-02;1.6250000e+02;-4.2423885e-04;1.6250000e+02;9.3199220e-03;1.6250000e+02;2.4570860e-02;1.6250000e+02;4.4591684e-02;1.6250000e+02;6.8239838e-02;1.6250000e+02;9.2684492e-02;1.6250000e+02;1.2360278e-01;1.6250000e+02;1.6112600e-01;1.6250000e+02;2.0488822e-01;1.6250000e+02;2.4466406e-01;1.6250000e+02;2.6224777e-01;1.6250000e+02;2.5891364e-01;1.6250000e+02;2.3286536e-01;1.6250000e+02;1.9819802e-01;1.6250000e+02;1.5799905e-01;1.6250000e+02;1.1471775e-01;1.6250000e+02;7.5406805e-02;1.6250000e+02;3.7877709e-02;1.6250000e+02;-4.2423885e-04;1.6250000e+02;9.3199220e-03;1.6250000e+02;2.4570860e-02;1.6250000e+02;4.4591684e-02;1.6250000e+02;6.8239838e-02;1.6250000e+02;9.2684492e-02;1.6250000e+02;1.2360278e-01;1.6250000e+02;1.6112600e-01;1.6250000e+02;2.0488822e-01;1.6250000e+02;2.4466406e-01;1.6250000e+02;2.6224777e-01;1.6250000e+02;2.5891364e-01;1.6250000e+02;2.3286536e-01;1.6250000e+02;1.9819802e-01;1.6250000e+02;1.5799905e-01;1.6250000e+02;1.1471775e-01;1.6250000e+02;7.5406805e-02;1.6250000e+02;3.7877709e-02;1.6250000e+02;-4.2423885e-04;1.6250000e+02;9.3199220e-03;1.6250000e+02;2.4570860e-02;1.6250000e+02;4.4591684e-02;1.6250000e+02;6.8239838e-02;1.6250000e+02;9.2684492e-02;1.6250000e+02;1.2360278e-01;1.6250000e+02;1.6112600e-01;1.6250000e+02;2.0488822e-01;1.6250000e+02;2.4466406e-01;1.6250000e+02;2.6224777e-01;1.6250000e+02;2.5891364e-01;1.6250000e+02;2.3286536e-01;1.6250000e+02;1.9819802e-01;1.6250000e+02;1.5799905e-01;1.6250000e+02;1.1471775e-01;1.6250000e+02;7.5406805e-02;1.6250000e+02;3.7877709e-02;1.6250000e+02;-4.2423885e-04;1.6250000e+02;9.3199220e-03;1.6250000e+02;2.4570860e-02;1.6250000e+02;4.4591684e-02;1.6250000e+02;6.8239838e-02;1.6250000e+02;9.2684492e-02;1.6250000e+02;1.2360278e-01;1.6250000e+02;1.6112600e-01;1.6250000e+02;2.0488822e-01;1.6250000e+02;2.4466406e-01;1.6250000e+02;2.6224777e-01;1.6250000e+02;2.5891364e-01;1.6250000e+02;2.3286536e-01;1.6250000e+02;1.9819802e-01;1.6250000e+02;1.5799905e-01;1.6250000e+02;1.1471775e-01;1.6250000e+02;7.5406805e-02;1.6250000e+02;3.7877709e-02;1.6250000e+02;-4.2423885e-04;1.6250000e+02;9.3199220e-03;1.6250000e+02;2.4570860e-02;1.6250000e+02;4.4591684e-02;1.6250000e+02;6.8239838e-02;1.6250000e+02;9.2684492e-02;1.6250000e+02;1.2360278e-01;1.6250000e+02;1.6112600e-01;1.6250000e+02;2.0488822e-01;1.6250000e+02;2.4466406e-01;1.6250000e+02;2.6224777e-01;1.6250000e+02;2.5891364e-01;1.6250000e+02;2.3286536e-01;1.6250000e+02;1.9819802e-01;1.6250000e+02;1.5799905e-01;1.6250000e+02;1.1471775e-01;1.6250000e+02;7.5406805e-02;1.6250000e+02;3.7877709e-02;1.6250000e+02;-4.2423885e-04;1.6250000e+02;9.3199220e-03;1.6250000e+02;2.4570860e-02;1.6250000e+02;4.4591684e-02;1.6250000e+02;6.8239838e-02;1.6250000e+02;9.2684492e-02;1.6250000e+02;1.2360278e-01;1.6250000e+02;1.6112600e-01;1.6250000e+02;2.0488822e-01;1.6250000e+02;2.4466406e-01;1.6250000e+02;2.6224777e-01;1.6250000e+02;2.5891364e-01;1.6250000e+02;2.3286536e-01;1.6250000e+02;1.9819802e-01;1.6250000e+02;1.5799905e-01;1.6250000e+02;1.1471775e-01;1.6250000e+02;7.5406805e-02;1.6250000e+02;3.7877709e-02;1.6250000e+02;-4.2423885e-04;1.6250000e+02;9.3199220e-03;1.6250000e+02;2.4570860e-02;1.6250000e+02;4.4591684e-02;1.6250000e+02;6.8239838e-02;1.6250000e+02;9.2684492e-02;1.6250000e+02;1.2360278e-01;1.6250000e+02;1.6112600e-01;1.6250000e+02;2.0488822e-01;1.6250000e+02;2.4466406e-01;1.6250000e+02;2.6224777e-01;1.6250000e+02;2.5891364e-01;1.6250000e+02;2.3286536e-01;1.6250000e+02;1.9819802e-01;1.6250000e+02;1.5799905e-01;1.6250000e+02;1.1471775e-01;1.6250000e+02;7.5406805e-02;1.6250000e+02;3.7877709e-02;1.6250000e+02;-4.2423885e-04;1.6250000e+02;9.3199220e-03;1.6250000e+02;2.4570860e-02;1.6250000e+02;4.4591684e-02;1.6250000e+02;6.8239838e-02;1.6250000e+02;9.2684492e-02;1.6250000e+02;1.2360278e-01;1.6250000e+02;1.6112600e-01;1.6250000e+02;2.0488822e-01;1.6250000e+02;2.4466406e-01;1.6250000e+02;2.6224777e-01;1.6250000e+02;2.5891364e-01;1.6250000e+02;2.3286536e-01;1.6250000e+02;1.9819802e-01;1.6250000e+02;1.5799905e-01;1.6250000e+02;1.1471775e-01;1.6250000e+02;7.5406805e-02;1.6250000e+02;3.7877709e-02;1.6250000e+02;-4.2423885e-04;1.6250000e+02;9.3199220e-03;1.6250000e+02;2.4570860e-02;1.6250000e+02;4.4591684e-02;1.6250000e+02;6.8239838e-02;1.6250000e+02;9.2684492e-02;1.6250000e+02;1.2360278e-01;1.6250000e+02;1.6112600e-01;1.6250000e+02;2.0488822e-01;1.6250000e+02;2.4466406e-01;1.6250000e+02;2.6224777e-01;1.6250000e+02;2.5891364e-01;1.6250000e+02;2.3286536e-01;1.6250000e+02;1.9819802e-01;1.6250000e+02;1.5799905e-01;1.6250000e+02;1.1471775e-01;1.6250000e+02;7.5406805e-02;1.6250000e+02;3.7877709e-02;1.6250000e+02;-4.2423885e-04;1.6250000e+02;9.3199220e-03;1.6250000e+02;2.4570860e-02;1.6250000e+02;4.4591684e-02;1.6250000e+02;6.8239838e-02;1.6250000e+02;9.2684492e-02;1.6250000e+02;1.2360278e-01;1.6250000e+02;1.6112600e-01;1.6250000e+02;2.0488822e-01;1.6250000e+02;2.4466406e-01;1.6250000e+02;2.6224777e-01;1.6250000e+02;2.5891364e-01;1.6250000e+02;2.3286536e-01;1.6250000e+02;1.9819802e-01;1.6250000e+02;1.5799905e-01;1.6250000e+02;1.1471775e-01;1.6250000e+02;7.5406805e-02;1.6250000e+02;3.7877709e-02;1.6250000e+02;-4.2423885e-04;1.6250000e+02;9.3199220e-03;1.6250000e+02;2.4570860e-02;1.6250000e+02;4.4591684e-02;1.6250000e+02;6.8239838e-02;1.6250000e+02;9.2684492e-02;1.6250000e+02;1.2360278e-01;1.6250000e+02;1.6112600e-01;1.6250000e+02;2.0488822e-01;1.6250000e+02;2.4466406e-01;1.6250000e+02;2.6224777e-01;1.6250000e+02;2.5891364e-01;1.6250000e+02;2.3286536e-01;1.6250000e+02;1.9819802e-01;1.6250000e+02;1.5799905e-01;1.6250000e+02;1.1471775e-01;1.6250000e+02;7.5406805e-02;1.6250000e+02;3.7877709e-02;1.6250000e+02;-4.2423885e-04;1.6250000e+02;9.3199220e-03;1.6250000e+02;2.4570860e-02;1.6250000e+02;4.4591684e-02;1.6250000e+02;6.8239838e-02;1.6250000e+02;9.2684492e-02;1.6250000e+02;1.2360278e-01;1.6250000e+02;1.6112600e-01;1.6250000e+02;2.0488822e-01;1.6250000e+02;2.4466406e-01;1.6250000e+02;2.6224777e-01;1.6250000e+02;2.5891364e-01;1.6250000e+02;2.3286536e-01;1.6250000e+02;1.9819802e-01;1.6250000e+02;1.5799905e-01;1.6250000e+02;1.1471775e-01;1.6250000e+02;7.5406805e-02;1.6250000e+02;3.7877709e-02;1.6250000e+02;-4.2423885e-04;1.6250000e+02;9.3199220e-03;1.6250000e+02;2.4570860e-02;1.6250000e+02;4.4591684e-02;1.6250000e+02;6.8239838e-02;1.6250000e+02;9.2684492e-02;1.6250000e+02;1.2360278e-01;1.6250000e+02;1.6112600e-01;1.6250000e+02;2.0488822e-01;1.6250000e+02;2.4466406e-01;1.6250000e+02;2.6224777e-01;1.6250000e+02;2.5891364e-01;1.6250000e+02;2.3286536e-01;1.6250000e+02;1.9819802e-01;1.6250000e+02;1.5799905e-01;1.6250000e+02;1.1471775e-01;1.6250000e+02;7.5406805e-02;1.6250000e+02;3.7877709e-02;1.6250000e+02;-4.2423885e-04;1.6250000e+02;9.3199220e-03;1.6250000e+02;2.4570860e-02;1.6250000e+02;4.4591684e-02;1.6250000e+02;6.8239838e-02;1.6250000e+02;9.2684492e-02;1.6250000e+02;1.2360278e-01;1.6250000e+02;1.6112600e-01;1.6250000e+02;2.0488822e-01;1.6250000e+02;2.4466406e-01;1.6250000e+02;2.6224777e-01;1.6250000e+02;2.5891364e-01;1.6250000e+02;2.3286536e-01;1.6250000e+02;1.9819802e-01;1.6250000e+02;1.5799905e-01;1.6250000e+02;1.1471775e-01;1.6250000e+02;7.5406805e-02;1.6250000e+02;3.7877709e-02;1.6250000e+02;-4.2423885e-04;1.6250000e+02;9.3199220e-03;1.6250000e+02;2.4570860e-02;1.6250000e+02;4.4591684e-02;1.6250000e+02;6.8239838e-02;1.6250000e+02;9.2684492e-02;1.6250000e+02;1.2360278e-01;1.6250000e+02;1.6112600e-01;1.6250000e+02;2.0488822e-01;1.6250000e+02;2.4466406e-01;1.6250000e+02;2.6224777e-01;1.6250000e+02;2.5891364e-01;1.6250000e+02;2.3286536e-01;1.6250000e+02;1.9819802e-01;1.6250000e+02;1.5799905e-01;1.6250000e+02;1.1471775e-01;1.6250000e+02;7.5406805e-02;1.6250000e+02;3.7877709e-02;1.6250000e+02;-4.2423885e-04;1.6250000e+02;9.3199220e-03;1.6250000e+02;2.4570860e-02;1.6250000e+02;4.4591684e-02;1.6250000e+02;6.8239838e-02;1.6250000e+02;9.2684492e-02;1.6250000e+02;1.2360278e-01;1.6250000e+02;1.6112600e-01;1.6250000e+02;2.0488822e-01;1.6250000e+02;2.4466406e-01;1.6250000e+02;2.6224777e-01;1.6250000e+02;2.5891364e-01;1.6250000e+02;2.3286536e-01;1.6250000e+02;1.9819802e-01;1.6250000e+02;1.5799905e-01;1.6250000e+02;1.1471775e-01;1.6250000e+02;7.5406805e-02;1.6250000e+02;3.7877709e-02;1.6250000e+02;-4.2423885e-04;1.6250000e+02;9.3199220e-03;1.6250000e+02;2.4570860e-02;1.6250000e+02;4.4591684e-02;1.6250000e+02;6.8239838e-02;1.6250000e+02;9.2684492e-02;1.6250000e+02;1.2360278e-01;1.6250000e+02;1.6112600e-01;1.6250000e+02;2.0488822e-01;1.6250000e+02;2.4466406e-01;1.6250000e+02;2.6224777e-01;1.6250000e+02;2.5891364e-01;1.6250000e+02;2.3286536e-01;1.6250000e+02;1.9819802e-01;1.6250000e+02;1.5799905e-01;1.6250000e+02;1.1471775e-01;1.6250000e+02;7.5406805e-02;1.6250000e+02;3.7877709e-02;1.6250000e+02;-4.2423885e-04;1.6250000e+02;9.3199220e-03;1.6250000e+02;2.4570860e-02;1.6250000e+02;4.4591684e-02;1.6250000e+02;6.8239838e-02;1.6250000e+02;9.2684492e-02;1.6250000e+02;1.2360278e-01;1.6250000e+02;1.6112600e-01;1.6250000e+02;2.0488822e-01;1.6250000e+02;2.4466406e-01;1.6250000e+02;2.6224777e-01;1.6250000e+02;2.5891364e-01;1.6250000e+02;2.3286536e-01;1.6250000e+02;1.9819802e-01;1.6250000e+02;1.5799905e-01;1.6250000e+02;1.1471775e-01;1.6250000e+02;7.5406805e-02;1.6250000e+02;3.7877709e-02;1.6250000e+02;-4.2423885e-04;1.6250000e+02;9.3199220e-03;1.6250000e+02;2.4570860e-02;1.6250000e+02;4.4591684e-02;1.6250000e+02;6.8239838e-02;1.6250000e+02;9.2684492e-02;1.6250000e+02;1.2360278e-01;1.6250000e+02;1.6112600e-01;1.6250000e+02;2.0488822e-01;1.6250000e+02;2.4466406e-01;1.6250000e+02;2.6224777e-01;1.6250000e+02;2.5891364e-01;1.6250000e+02;2.3286536e-01;1.6250000e+02;1.9819802e-01;1.6250000e+02;1.5799905e-01;1.6250000e+02;1.1471775e-01;1.6250000e+02;7.5406805e-02;1.6250000e+02;3.7877709e-02;1.6250000e+02;-4.2423885e-04;1.6250000e+02;9.3199220e-03;1.6250000e+02;2.4570860e-02;1.6250000e+02;4.4591684e-02;1.6250000e+02;6.8239838e-02;1.6250000e+02;9.2684492e-02;1.6250000e+02;1.2360278e-01;1.6250000e+02;1.6112600e-01;1.6250000e+02;2.0488822e-01;1.6250000e+02;2.4466406e-01;1.6250000e+02;2.6224777e-01;1.6250000e+02;2.5891364e-01;1.6250000e+02;2.3286536e-01;1.6250000e+02;1.9819802e-01;1.6250000e+02;1.5799905e-01;1.6250000e+02;1.1471775e-01;1.6250000e+02;7.5406805e-02;1.6250000e+02;3.7877709e-02;1.6250000e+02;-4.2423885e-04;1.6250000e+02;9.3199220e-03;1.6250000e+02;2.4570860e-02;1.6250000e+02;4.4591684e-02;1.6250000e+02;6.8239838e-02;1.6250000e+02;9.2684492e-02;1.6250000e+02;1.2360278e-01;1.6250000e+02;1.6112600e-01;1.6250000e+02;2.0488822e-01;1.6250000e+02;2.4466406e-01;1.6250000e+02;2.6224777e-01;1.6250000e+02;2.5891364e-01;1.6250000e+02;2.3286536e-01;1.6250000e+02;1.9819802e-01;1.6250000e+02;1.5799905e-01;1.6250000e+02;1.1471775e-01;1.6250000e+02;7.5406805e-02;1.6250000e+02;3.7877709e-02;1.6250000e+02;-4.2423885e-04;1.6250000e+02;9.3199220e-03;1.6250000e+02;2.4570860e-02;1.6250000e+02;4.4591684e-02;1.6250000e+02;6.8239838e-02;1.6250000e+02;9.2684492e-02;1.6250000e+02;1.2360278e-01;1.6250000e+02;1.6112600e-01;1.6250000e+02;2.0488822e-01;1.6250000e+02;2.4466406e-01;1.6250000e+02;2.6224777e-01;1.6250000e+02;2.5891364e-01;1.6250000e+02;2.3286536e-01;1.6250000e+02;1.9819802e-01;1.6250000e+02;1.5799905e-01;1.6250000e+02;1.1471775e-01;1.6250000e+02;7.5406805e-02;1.6250000e+02;3.7877709e-02;1.6250000e+02;-4.2423885e-04;1.6250000e+02;9.3199220e-03;1.6250000e+02;2.4570860e-02;1.6250000e+02;4.4591684e-02;1.6250000e+02;6.8239838e-02;1.6250000e+02;9.2684492e-02;1.6250000e+02;1.2360278e-01;1.6250000e+02;1.6112600e-01;1.6250000e+02;2.0488822e-01;1.6250000e+02;2.4466406e-01;1.6250000e+02;2.6224777e-01;1.6250000e+02;2.5891364e-01;1.6250000e+02;2.3286536e-01;1.6250000e+02;1.9819802e-01;1.6250000e+02;1.5799905e-01;1.6250000e+02;1.1471775e-01;1.6250000e+02;7.5406805e-02;1.6250000e+02;3.7877709e-02;1.6250000e+02;-4.2423885e-04;1.6250000e+02;9.3199220e-03;1.6250000e+02;2.4570860e-02;1.6250000e+02;4.4591684e-02;1.6250000e+02;6.8239838e-02;1.6250000e+02;9.2684492e-02;1.6250000e+02;1.2360278e-01;1.6250000e+02;1.6112600e-01;1.6250000e+02;2.0488822e-01;1.6250000e+02;2.4466406e-01;1.6250000e+02;2.6224777e-01;1.6250000e+02;2.5891364e-01;1.6250000e+02;2.3286536e-01;1.6250000e+02;1.9819802e-01;1.6250000e+02;1.5799905e-01;1.6250000e+02;1.1471775e-01;1.6250000e+02;7.5406805e-02;1.6250000e+02;3.7877709e-02;1.6250000e+02;-4.2423885e-04;1.6250000e+02;9.3199220e-03;1.6250000e+02;2.4570860e-02;1.6250000e+02;4.4591684e-02;1.6250000e+02;6.8239838e-02;1.6250000e+02;9.2684492e-02;1.6250000e+02;1.2360278e-01;1.6250000e+02;1.6112600e-01;1.6250000e+02;2.0488822e-01;1.6250000e+02;2.4466406e-01;1.6250000e+02;2.6224777e-01;1.6250000e+02;2.5891364e-01;1.6250000e+02;2.3286536e-01;1.6250000e+02;1.9819802e-01;1.6250000e+02;1.5799905e-01;1.6250000e+02;1.1471775e-01;1.6250000e+02;7.5406805e-02;1.6250000e+02;3.7877709e-02;1.6250000e+02;-4.2423885e-04;1.6250000e+02;9.3199220e-03;1.6250000e+02;2.4570860e-02;1.6250000e+02;4.4591684e-02;1.6250000e+02;6.8239838e-02;1.6250000e+02;9.2684492e-02;1.6250000e+02;1.2360278e-01;1.6250000e+02;1.6112600e-01;1.6250000e+02;2.0488822e-01;1.6250000e+02;2.4466406e-01;1.6250000e+02;2.6224777e-01;1.6250000e+02;2.5891364e-01;1.6250000e+02;2.3286536e-01;1.6250000e+02;1.9819802e-01;1.6250000e+02;1.5799905e-01;1.6250000e+02;1.1471775e-01;1.6250000e+02;7.5406805e-02;1.6250000e+02;3.7877709e-02;1.6250000e+02;-4.2423885e-04;1.6250000e+02;9.3199220e-03;1.6250000e+02;2.4570860e-02;1.6250000e+02;4.4591684e-02;1.6250000e+02;6.8239838e-02;1.6250000e+02;9.2684492e-02;1.6250000e+02;1.2360278e-01;1.6250000e+02;1.6112600e-01;1.6250000e+02;2.0488822e-01;1.6250000e+02;2.4466406e-01;1.6250000e+02;2.6224777e-01;1.6250000e+02;2.5891364e-01;1.6250000e+02;2.3286536e-01;1.6250000e+02;1.9819802e-01;1.6250000e+02;1.5799905e-01;1.6250000e+02;1.1471775e-01;1.6250000e+02;7.5406805e-02;1.6250000e+02;3.7877709e-02;1.6250000e+02;-4.2423885e-04;1.6250000e+02;9.3199220e-03;1.6250000e+02;2.4570860e-02;1.6250000e+02;4.4591684e-02;1.6250000e+02;6.8239838e-02;1.6250000e+02;9.2684492e-02;1.6250000e+02;1.2360278e-01;1.6250000e+02;1.6112600e-01;1.6250000e+02;2.0488822e-01;1.6250000e+02;2.4466406e-01;1.6250000e+02;2.6224777e-01;1.6250000e+02;2.5891364e-01;1.6250000e+02;2.3286536e-01;1.6250000e+02;1.9819802e-01;1.6250000e+02;1.5799905e-01;1.6250000e+02;1.1471775e-01;1.6250000e+02;7.5406805e-02;1.6250000e+02;3.7877709e-02;1.6250000e+02;-4.2423885e-04;1.6250000e+02;9.3199220e-03;1.6250000e+02;2.4570860e-02;1.6250000e+02;4.4591684e-02;1.6250000e+02;6.8239838e-02;1.6250000e+02;9.2684492e-02;1.6250000e+02;1.2360278e-01;1.6250000e+02;1.6112600e-01;1.6250000e+02;2.0488822e-01;1.6250000e+02;2.4466406e-01;1.6250000e+02;2.6224777e-01;1.6250000e+02;2.5891364e-01;1.6250000e+02;2.3286536e-01;1.6250000e+02;1.9819802e-01;1.6250000e+02;1.5799905e-01;1.6250000e+02;1.1471775e-01;1.6250000e+02;7.5406805e-02;1.6250000e+02;3.7877709e-02;1.6250000e+02;-4.2423885e-04;1.6250000e+02;9.3199220e-03;1.6250000e+02;2.4570860e-02;1.6250000e+02;4.4591684e-02;1.6250000e+02;6.8239838e-02;1.6250000e+02;9.2684492e-02;1.6250000e+02;1.2360278e-01;1.6250000e+02;1.6112600e-01;1.6250000e+02;2.0488822e-01;1.6250000e+02;2.4466406e-01;1.6250000e+02;2.6224777e-01;1.6250000e+02;2.5891364e-01;1.6250000e+02;2.3286536e-01;1.6250000e+02;1.9819802e-01;1.6250000e+02;1.5799905e-01;1.6250000e+02;1.1471775e-01;1.6250000e+02;7.5406805e-02;1.6250000e+02;3.7877709e-02;1.6250000e+02;-4.2423885e-04;1.6250000e+02;9.3199220e-03;1.6250000e+02;2.4570860e-02;1.6250000e+02;4.4591684e-02;1.6250000e+02;6.8239838e-02;1.6250000e+02;9.2684492e-02;1.6250000e+02;1.2360278e-01;1.6250000e+02;1.6112600e-01;1.6250000e+02;2.0488822e-01;1.6250000e+02;2.4466406e-01;1.6250000e+02;2.6224777e-01;1.6250000e+02;2.5891364e-01;1.6250000e+02;2.3286536e-01;1.6250000e+02;1.9819802e-01;1.6250000e+02;1.5799905e-01;1.6250000e+02;1.1471775e-01;1.6250000e+02;7.5406805e-02;1.6250000e+02;3.7877709e-02;1.6250000e+02;-4.2423885e-04;1.6250000e+02;9.3199220e-03;1.6250000e+02;2.4570860e-02;1.6250000e+02;4.4591684e-02;1.6250000e+02;6.8239838e-02;1.6250000e+02;9.2684492e-02;1.6250000e+02;1.2360278e-01;1.6250000e+02;1.6112600e-01;1.6250000e+02;2.0488822e-01;1.6250000e+02;2.4466406e-01;1.6250000e+02;2.6224777e-01;1.6250000e+02;2.5891364e-01;1.6250000e+02;2.3286536e-01;1.6250000e+02;1.9819802e-01;1.6250000e+02;1.5799905e-01;1.6250000e+02;1.1471775e-01;1.6250000e+02;7.5406805e-02;1.6250000e+02;3.7877709e-02;1.6250000e+02;-4.2423885e-04;1.6250000e+02;9.3199220e-03;1.6250000e+02;2.4570860e-02;1.6250000e+02;4.4591684e-02;1.6250000e+02;6.8239838e-02;1.6250000e+02;9.2684492e-02;1.6250000e+02;1.2360278e-01;1.6250000e+02;1.6112600e-01;1.6250000e+02;2.0488822e-01;1.6250000e+02;2.4466406e-01;1.6250000e+02;2.6224777e-01;1.6250000e+02;2.5891364e-01;1.6250000e+02;2.3286536e-01;1.6250000e+02;1.9819802e-01;1.6250000e+02;1.5799905e-01;1.6250000e+02;1.1471775e-01;1.6250000e+02;7.5406805e-02;1.6250000e+02;3.7877709e-02;1.6250000e+02;-4.2423885e-04;1.6250000e+02;9.3199220e-03;1.6250000e+02;2.4570860e-02;1.6250000e+02;4.4591684e-02;1.6250000e+02;6.8239838e-02;1.6250000e+02;9.2684492e-02;1.6250000e+02;1.2360278e-01;1.6250000e+02;1.6112600e-01;1.6250000e+02;2.0488822e-01;1.6250000e+02;2.4466406e-01;1.6250000e+02;2.6224777e-01;1.6250000e+02;2.5891364e-01;1.6250000e+02;2.3286536e-01;1.6250000e+02;1.9819802e-01;1.6250000e+02;1.5799905e-01;1.6250000e+02;1.1471775e-01;1.6250000e+02;7.5406805e-02;1.6250000e+02;3.7877709e-02;1.6250000e+02;-4.2423885e-04;1.6250000e+02;9.3199220e-03;1.6250000e+02;2.4570860e-02;1.6250000e+02;4.4591684e-02;1.6250000e+02;6.8239838e-02;1.6250000e+02;9.2684492e-02;1.6250000e+02;1.2360278e-01;1.6250000e+02;1.6112600e-01;1.6250000e+02;2.0488822e-01;1.6250000e+02;2.4466406e-01;1.6250000e+02;2.6224777e-01;1.6250000e+02;2.5891364e-01;1.6250000e+02;2.3286536e-01;1.6250000e+02;1.9819802e-01;1.6250000e+02;1.5799905e-01;1.6250000e+02;1.1471775e-01;1.6250000e+02;7.5406805e-02;1.6250000e+02;3.7877709e-02;1.6250000e+02;-4.2423885e-04;1.6250000e+02;9.3199220e-03;1.6250000e+02;2.4570860e-02;1.6250000e+02;4.4591684e-02;1.6250000e+02;6.8239838e-02;1.6250000e+02;9.2684492e-02;1.6250000e+02;1.2360278e-01;1.6250000e+02;1.6112600e-01;1.6250000e+02;2.0488822e-01;1.6250000e+02;2.4466406e-01;1.6250000e+02;2.6224777e-01;1.6250000e+02;2.5891364e-01;1.6250000e+02;2.3286536e-01;1.6250000e+02;1.9819802e-01;1.6250000e+02;1.5799905e-01;1.6250000e+02;1.1471775e-01;1.6250000e+02;7.5406805e-02;1.6250000e+02;3.7877709e-02;1.6250000e+02;-4.2423885e-04;1.6250000e+02;9.3199220e-03;1.6250000e+02;2.4570860e-02;1.6250000e+02;4.4591684e-02;1.6250000e+02;6.8239838e-02;1.6250000e+02;9.2684492e-02;1.6250000e+02;1.2360278e-01;1.6250000e+02;1.6112600e-01;1.6250000e+02;2.0488822e-01;1.6250000e+02;2.4466406e-01;1.6250000e+02;2.6224777e-01;1.6250000e+02;2.5891364e-01;1.6250000e+02;2.3286536e-01;1.6250000e+02;1.9819802e-01;1.6250000e+02;1.5799905e-01;1.6250000e+02;1.1471775e-01;1.6250000e+02;7.5406805e-02;1.6250000e+02;3.7877709e-02;1.6250000e+02;-4.2423885e-04;1.6250000e+02;9.3199220e-03;1.6250000e+02;2.4570860e-02;1.6250000e+02;4.4591684e-02;1.6250000e+02;6.8239838e-02;1.6250000e+02;9.2684492e-02;1.6250000e+02;1.2360278e-01;1.6250000e+02;1.6112600e-01;1.6250000e+02;2.0488822e-01;1.6250000e+02;2.4466406e-01;1.6250000e+02;2.6224777e-01;1.6250000e+02;2.5891364e-01;1.6250000e+02;2.3286536e-01;1.6250000e+02;1.9819802e-01;1.6250000e+02;1.5799905e-01;1.6250000e+02;1.1471775e-01;1.6250000e+02;7.5406805e-02;1.6250000e+02;3.7877709e-02;1.6250000e+02;-4.2423885e-04;1.6250000e+02;9.3199220e-03;1.6250000e+02;2.4570860e-02;1.6250000e+02;4.4591684e-02;1.6250000e+02;6.8239838e-02;1.6250000e+02;9.2684492e-02;1.6250000e+02;1.2360278e-01;1.6250000e+02;1.6112600e-01;1.6250000e+02;2.0488822e-01;1.6250000e+02;2.4466406e-01;1.6250000e+02;2.6224777e-01;1.6250000e+02;2.5891364e-01;1.6250000e+02;2.3286536e-01;1.6250000e+02;1.9819802e-01;1.6250000e+02;1.5799905e-01;1.6250000e+02;1.1471775e-01;1.6250000e+02;7.5406805e-02;1.6250000e+02;3.7877709e-02;1.6250000e+02;-4.2423885e-04;1.6250000e+02;9.3199220e-03;1.6250000e+02;2.4570860e-02;1.6250000e+02;4.4591684e-02;1.6250000e+02;6.8239838e-02;1.6250000e+02;9.2684492e-02;1.6250000e+02;1.2360278e-01;1.6250000e+02;1.6112600e-01;1.6250000e+02;2.0488822e-01;1.6250000e+02;2.4466406e-01;1.6250000e+02;2.6224777e-01;1.6250000e+02;2.5891364e-01;1.6250000e+02;2.3286536e-01;1.6250000e+02;1.9819802e-01;1.6250000e+02;1.5799905e-01;1.6250000e+02;1.1471775e-01;1.6250000e+02;7.5406805e-02;1.6250000e+02;3.7877709e-02;1.6250000e+02;-4.2423885e-04;1.6250000e+02;9.3199220e-03;1.6250000e+02;2.4570860e-02;1.6250000e+02;4.4591684e-02;1.6250000e+02;6.8239838e-02;1.6250000e+02;9.2684492e-02;1.6250000e+02;1.2360278e-01;1.6250000e+02;1.6112600e-01;1.6250000e+02;2.0488822e-01;1.6250000e+02;2.4466406e-01;1.6250000e+02;2.6224777e-01;1.6250000e+02;2.5891364e-01;1.6250000e+02;2.3286536e-01;1.6250000e+02;1.9819802e-01;1.6250000e+02;1.5799905e-01;1.6250000e+02;1.1471775e-01;1.6250000e+02;7.5406805e-02;1.6250000e+02;3.7877709e-02;1.6250000e+02;-4.2423885e-04;1.6250000e+02;9.3199220e-03;1.6250000e+02;2.4570860e-02;1.6250000e+02;4.4591684e-02;1.6250000e+02;6.8239838e-02;1.6250000e+02;9.2684492e-02;1.6250000e+02;1.2360278e-01;1.6250000e+02;1.6112600e-01;1.6250000e+02;2.0488822e-01;1.6250000e+02;2.4466406e-01;1.6250000e+02;2.6224777e-01;1.6250000e+02;2.5891364e-01;1.6250000e+02;2.3286536e-01;1.6250000e+02;1.9819802e-01;1.6250000e+02;1.5799905e-01;1.6250000e+02;1.1471775e-01;1.6250000e+02;7.5406805e-02;1.6250000e+02;3.7877709e-02;1.6250000e+02;-4.2423885e-04;1.6250000e+02;9.3199220e-03;1.6250000e+02;2.4570860e-02;1.6250000e+02;4.4591684e-02;1.6250000e+02;6.8239838e-02;1.6250000e+02;9.2684492e-02;1.6250000e+02;1.2360278e-01;1.6250000e+02;1.6112600e-01;1.6250000e+02;2.0488822e-01;1.6250000e+02;2.4466406e-01;1.6250000e+02;2.6224777e-01;1.6250000e+02;2.5891364e-01;1.6250000e+02;2.3286536e-01;1.6250000e+02;1.9819802e-01;1.6250000e+02;1.5799905e-01;1.6250000e+02;1.1471775e-01;1.6250000e+02;7.5406805e-02;1.6250000e+02;3.7877709e-02;1.6250000e+02;-4.2423885e-04;1.6250000e+02;9.3199220e-03;1.6250000e+02;2.4570860e-02;1.6250000e+02;4.4591684e-02;1.6250000e+02;6.8239838e-02;1.6250000e+02;9.2684492e-02;1.6250000e+02;1.2360278e-01;1.6250000e+02;1.6112600e-01;1.6250000e+02;2.0488822e-01;1.6250000e+02;2.4466406e-01;1.6250000e+02;2.6224777e-01;1.6250000e+02;2.5891364e-01;1.6250000e+02;2.3286536e-01;1.6250000e+02;1.9819802e-01;1.6250000e+02;1.5799905e-01;1.6250000e+02;1.1471775e-01;1.6250000e+02;7.5406805e-02;1.6250000e+02;3.7877709e-02;1.6250000e+02;-4.2423885e-04;1.6250000e+02;9.3199220e-03;1.6250000e+02;2.4570860e-02;1.6250000e+02;4.4591684e-02;1.6250000e+02;6.8239838e-02;1.6250000e+02;9.2684492e-02;1.6250000e+02;1.2360278e-01;1.6250000e+02;1.6112600e-01;1.6250000e+02;2.0488822e-01;1.6250000e+02;2.4466406e-01;1.6250000e+02;2.6224777e-01;1.6250000e+02;2.5891364e-01;1.6250000e+02;2.3286536e-01;1.6250000e+02;1.9819802e-01;1.6250000e+02;1.5799905e-01;1.6250000e+02;1.1471775e-01;1.6250000e+02;7.5406805e-02;1.6250000e+02;3.7877709e-02;1.6250000e+02;-4.2423885e-04;1.6250000e+02;9.3199220e-03;1.6250000e+02;2.4570860e-02;1.6250000e+02;4.4591684e-02;1.6250000e+02;6.8239838e-02;1.6250000e+02;9.2684492e-02;1.6250000e+02;1.2360278e-01;1.6250000e+02;1.6112600e-01;1.6250000e+02;2.0488822e-01;1.6250000e+02;2.4466406e-01;1.6250000e+02;2.6224777e-01;1.6250000e+02;2.5891364e-01;1.6250000e+02;2.3286536e-01;1.6250000e+02;1.9819802e-01;1.6250000e+02;1.5799905e-01;1.6250000e+02;1.1471775e-01;1.6250000e+02;7.5406805e-02;1.6250000e+02;3.7877709e-02;1.6250000e+02;-4.2423885e-04;1.6250000e+02;9.3199220e-03;1.6250000e+02;2.4570860e-02;1.6250000e+02;4.4591684e-02;1.6250000e+02;6.8239838e-02;1.6250000e+02;9.2684492e-02;1.6250000e+02;1.2360278e-01;1.6250000e+02;1.6112600e-01;1.6250000e+02;2.0488822e-01;1.6250000e+02;2.4466406e-01;1.6250000e+02;2.6224777e-01;1.6250000e+02;2.5891364e-01;1.6250000e+02;2.3286536e-01;1.6250000e+02;1.9819802e-01;1.6250000e+02;1.5799905e-01;1.6250000e+02;1.1471775e-01;1.6250000e+02;7.5406805e-02;1.6250000e+02;3.7877709e-02;1.6250000e+02;-4.2423885e-04;1.6250000e+02;9.3199220e-03;1.6250000e+02;2.4570860e-02;1.6250000e+02;4.4591684e-02;1.6250000e+02;6.8239838e-02;1.6250000e+02;9.2684492e-02;1.6250000e+02;1.2360278e-01;1.6250000e+02;1.6112600e-01;1.6250000e+02;2.0488822e-01;1.6250000e+02;2.4466406e-01;1.6250000e+02;2.6224777e-01;1.6250000e+02;2.5891364e-01;1.6250000e+02;2.3286536e-01;1.6250000e+02;1.9819802e-01;1.6250000e+02;1.5799905e-01;1.6250000e+02;1.1471775e-01;1.6250000e+02;7.5406805e-02;1.6250000e+02;3.7877709e-02;1.6250000e+02;-4.2423885e-04;1.6250000e+02;9.3199220e-03;1.6250000e+02;2.4570860e-02;1.6250000e+02;4.4591684e-02;1.6250000e+02;6.8239838e-02;1.6250000e+02;9.2684492e-02;1.6250000e+02;1.2360278e-01;1.6250000e+02;1.6112600e-01;1.6250000e+02;2.0488822e-01;1.6250000e+02;2.4466406e-01;1.6250000e+02;2.6224777e-01;1.6250000e+02;2.5891364e-01;1.6250000e+02;2.3286536e-01;1.6250000e+02;1.9819802e-01;1.6250000e+02;1.5799905e-01;1.6250000e+02;1.1471775e-01;1.6250000e+02;7.5406805e-02;1.6250000e+02;3.7877709e-02;1.6250000e+02;-4.2423885e-04;1.6250000e+02;9.3199220e-03;1.6250000e+02;2.4570860e-02;1.6250000e+02;4.4591684e-02;1.6250000e+02;6.8239838e-02;1.6250000e+02;9.2684492e-02;1.6250000e+02;1.2360278e-01;1.6250000e+02;1.6112600e-01;1.6250000e+02;2.0488822e-01;1.6250000e+02;2.4466406e-01;1.6250000e+02;2.6224777e-01;1.6250000e+02;2.5891364e-01;1.6250000e+02;2.3286536e-01;1.6250000e+02;1.9819802e-01;1.6250000e+02;1.5799905e-01;1.6250000e+02;1.1471775e-01;1.6250000e+02;7.5406805e-02;1.6250000e+02;3.7877709e-02;1.6250000e+02;-4.2423885e-04;1.6250000e+02;9.3199220e-03;1.6250000e+02;2.4570860e-02;1.6250000e+02;4.4591684e-02;1.6250000e+02;6.8239838e-02;1.6250000e+02;9.2684492e-02;1.6250000e+02;1.2360278e-01;1.6250000e+02;1.6112600e-01;1.6250000e+02;2.0488822e-01;1.6250000e+02;2.4466406e-01;1.6250000e+02;2.6224777e-01;1.6250000e+02;2.5891364e-01;1.6250000e+02;2.3286536e-01;1.6250000e+02;1.9819802e-01;1.6250000e+02;1.5799905e-01;1.6250000e+02;1.1471775e-01;1.6250000e+02;7.5406805e-02;1.6250000e+02;3.7877709e-02;1.6250000e+02;-4.2423885e-04;1.6250000e+02;9.3199220e-03;1.6250000e+02;2.4570860e-02;1.6250000e+02;4.4591684e-02;1.6250000e+02;6.8239838e-02;1.6250000e+02;9.2684492e-02;1.6250000e+02;1.2360278e-01;1.6250000e+02;1.6112600e-01;1.6250000e+02;2.0488822e-01;1.6250000e+02;2.4466406e-01;1.6250000e+02;2.6224777e-01;1.6250000e+02;2.5891364e-01;1.6250000e+02;2.3286536e-01;1.6250000e+02;1.9819802e-01;1.6250000e+02;1.5799905e-01;1.6250000e+02;1.1471775e-01;1.6250000e+02;7.5406805e-02;1.6250000e+02;3.7877709e-02;1.6250000e+02;-4.2423885e-04;1.6250000e+02;9.3199220e-03;1.6250000e+02;2.4570860e-02;1.6250000e+02;4.4591684e-02;1.6250000e+02;6.8239838e-02;1.6250000e+02;9.2684492e-02;1.6250000e+02;1.2360278e-01;1.6250000e+02;1.6112600e-01;1.6250000e+02;2.0488822e-01;1.6250000e+02;2.4466406e-01;1.6250000e+02;2.6224777e-01;1.6250000e+02;2.5891364e-01;1.6250000e+02;2.3286536e-01;1.6250000e+02;1.9819802e-01;1.6250000e+02;1.5799905e-01;1.6250000e+02;1.1471775e-01;1.6250000e+02;7.5406805e-02;1.6250000e+02;3.7877709e-02;1.6250000e+02;-4.2423885e-04;1.6250000e+02;9.3199220e-03;1.6250000e+02;2.4570860e-02;1.6250000e+02;4.4591684e-02;1.6250000e+02;6.8239838e-02;1.6250000e+02;9.2684492e-02;1.6250000e+02;1.2360278e-01;1.6250000e+02;1.6112600e-01;1.6250000e+02;2.0488822e-01;1.6250000e+02;2.4466406e-01;1.6250000e+02;2.6224777e-01;1.6250000e+02;2.5891364e-01;1.6250000e+02;2.3286536e-01;1.6250000e+02;1.9819802e-01;1.6250000e+02;1.5799905e-01;1.6250000e+02;1.1471775e-01;1.6250000e+02;7.5406805e-02;1.6250000e+02;3.7877709e-02;1.6250000e+02;-4.2423885e-04;1.6250000e+02;9.3199220e-03;1.6250000e+02;2.4570860e-02;1.6250000e+02;4.4591684e-02;1.6250000e+02;6.8239838e-02;1.6250000e+02;9.2684492e-02;1.6250000e+02;1.2360278e-01;1.6250000e+02;1.6112600e-01;1.6250000e+02;2.0488822e-01;1.6250000e+02;2.4466406e-01;1.6250000e+02;2.6224777e-01;1.6250000e+02;2.5891364e-01;1.6250000e+02;2.3286536e-01;1.6250000e+02;1.9819802e-01;1.6250000e+02;1.5799905e-01;1.6250000e+02;1.1471775e-01;1.6250000e+02;7.5406805e-02;1.6250000e+02;3.7877709e-02;1.6250000e+02;-4.2423885e-04;1.6250000e+02;9.3199220e-03;1.6250000e+02;2.4570860e-02;1.6250000e+02;4.4591684e-02;1.6250000e+02;6.8239838e-02;1.6250000e+02;9.2684492e-02;1.6250000e+02;1.2360278e-01;1.6250000e+02;1.6112600e-01;1.6250000e+02;2.0488822e-01;1.6250000e+02;2.4466406e-01;1.6250000e+02;2.6224777e-01;1.6250000e+02;2.5891364e-01;1.6250000e+02;2.3286536e-01;1.6250000e+02;1.9819802e-01;1.6250000e+02;1.5799905e-01;1.6250000e+02;1.1471775e-01;1.6250000e+02;7.5406805e-02;1.6250000e+02;3.7877709e-02;1.6250000e+02;-4.2423885e-04;1.6250000e+02;9.3199220e-03;1.6250000e+02;2.4570860e-02;1.6250000e+02;4.4591684e-02;1.6250000e+02;6.8239838e-02;1.6250000e+02;9.2684492e-02;1.6250000e+02;1.2360278e-01;1.6250000e+02;1.6112600e-01;1.6250000e+02;2.0488822e-01;1.6250000e+02;2.4466406e-01;1.6250000e+02;2.6224777e-01;1.6250000e+02;2.5891364e-01;1.6250000e+02;2.3286536e-01;1.6250000e+02;1.9819802e-01;1.6250000e+02;1.5799905e-01;1.6250000e+02;1.1471775e-01;1.6250000e+02;7.5406805e-02;1.6250000e+02;3.7877709e-02;1.6250000e+02;-4.2423885e-04;1.6250000e+02;9.3199220e-03;1.6250000e+02;2.4570860e-02;1.6250000e+02;4.4591684e-02;1.6250000e+02;6.8239838e-02;1.6250000e+02;9.2684492e-02;1.6250000e+02;1.2360278e-01;1.6250000e+02;1.6112600e-01;1.6250000e+02;2.0488822e-01;1.6250000e+02;2.4466406e-01;1.6250000e+02;2.6224777e-01;1.6250000e+02;2.5891364e-01;1.6250000e+02;2.3286536e-01;1.6250000e+02;1.9819802e-01;1.6250000e+02;1.5799905e-01;1.6250000e+02;1.1471775e-01;1.6250000e+02;7.5406805e-02;1.6250000e+02;3.7877709e-02;1.6250000e+02;-4.2423885e-04;1.6250000e+02;9.3199220e-03;1.6250000e+02;2.4570860e-02;1.6250000e+02;4.4591684e-02;1.6250000e+02;6.8239838e-02;1.6250000e+02;9.2684492e-02;1.6250000e+02;1.2360278e-01;1.6250000e+02;1.6112600e-01;1.6250000e+02;2.0488822e-01;1.6250000e+02;2.4466406e-01;1.6250000e+02;2.6224777e-01;1.6250000e+02;2.5891364e-01;1.6250000e+02;2.3286536e-01;1.6250000e+02;1.9819802e-01;1.6250000e+02;1.5799905e-01;1.6250000e+02;1.1471775e-01;1.6250000e+02;7.5406805e-02;1.6250000e+02;3.7877709e-02;1.6250000e+02;-4.2423885e-04;1.6250000e+02;9.3199220e-03;1.6250000e+02;2.4570860e-02;1.6250000e+02;4.4591684e-02;1.6250000e+02;6.8239838e-02;1.6250000e+02;9.2684492e-02;1.6250000e+02;1.2360278e-01;1.6250000e+02;1.6112600e-01;1.6250000e+02;2.0488822e-01;1.6250000e+02;2.4466406e-01;1.6250000e+02;2.6224777e-01;1.6250000e+02;2.5891364e-01;1.6250000e+02;2.3286536e-01;1.6250000e+02;1.9819802e-01;1.6250000e+02;1.5799905e-01;1.6250000e+02;1.1471775e-01;1.6250000e+02;7.5406805e-02;1.6250000e+02;3.7877709e-02;1.6250000e+02;-4.2423885e-04;1.6250000e+02;9.3199220e-03;1.6250000e+02;2.4570860e-02;1.6250000e+02;4.4591684e-02;1.6250000e+02;6.8239838e-02;1.6250000e+02;9.2684492e-02;1.6250000e+02;1.2360278e-01;1.6250000e+02;1.6112600e-01;1.6250000e+02;2.0488822e-01;1.6250000e+02;2.4466406e-01;1.6250000e+02;2.6224777e-01;1.6250000e+02;2.5891364e-01;1.6250000e+02;2.3286536e-01;1.6250000e+02;1.9819802e-01;1.6250000e+02;1.5799905e-01;1.6250000e+02;1.1471775e-01;1.6250000e+02;7.5406805e-02;1.6250000e+02;3.7877709e-02;1.6250000e+02;-4.2423885e-04;1.6250000e+02;9.3199220e-03;1.6250000e+02;2.4570860e-02;1.6250000e+02;4.4591684e-02;1.6250000e+02;6.8239838e-02;1.6250000e+02;9.2684492e-02;1.6250000e+02;1.2360278e-01;1.6250000e+02;1.6112600e-01;1.6250000e+02;2.0488822e-01;1.6250000e+02;2.4466406e-01;1.6250000e+02;2.6224777e-01;1.6250000e+02;2.5891364e-01;1.6250000e+02;2.3286536e-01;1.6250000e+02;1.9819802e-01;1.6250000e+02;1.5799905e-01;1.6250000e+02;1.1471775e-01;1.6250000e+02;7.5406805e-02;1.6250000e+02;3.7877709e-02;1.6250000e+02;-4.2423885e-04;1.6250000e+02;9.3199220e-03;1.6250000e+02;2.4570860e-02;1.6250000e+02;4.4591684e-02;1.6250000e+02;6.8239838e-02;1.6250000e+02;9.2684492e-02;1.6250000e+02;1.2360278e-01;1.6250000e+02;1.6112600e-01;1.6250000e+02;2.0488822e-01;1.6250000e+02;2.4466406e-01;1.6250000e+02;2.6224777e-01;1.6250000e+02;2.5891364e-01;1.6250000e+02;2.3286536e-01;1.6250000e+02;1.9819802e-01;1.6250000e+02;1.5799905e-01;1.6250000e+02;1.1471775e-01;1.6250000e+02;7.5406805e-02;1.6250000e+02;3.7877709e-02;1.6250000e+02;-4.2423885e-04;1.6250000e+02;9.3199220e-03;1.6250000e+02;2.4570860e-02;1.6250000e+02;4.4591684e-02;1.6250000e+02;6.8239838e-02;1.6250000e+02;9.2684492e-02;1.6250000e+02;1.2360278e-01;1.6250000e+02;1.6112600e-01;1.6250000e+02;2.0488822e-01;1.6250000e+02;2.4466406e-01;1.6250000e+02;2.6224777e-01;1.6250000e+02;2.5891364e-01;1.6250000e+02;2.3286536e-01;1.6250000e+02;1.9819802e-01;1.6250000e+02;1.5799905e-01;1.6250000e+02;1.1471775e-01;1.6250000e+02;7.5406805e-02;1.6250000e+02;3.7877709e-02;1.6250000e+02;-4.2423885e-04;1.6250000e+02;9.3199220e-03;1.6250000e+02;2.4570860e-02;1.6250000e+02;4.4591684e-02;1.6250000e+02;6.8239838e-02;1.6250000e+02;9.2684492e-02;1.6250000e+02;1.2360278e-01;1.6250000e+02;1.6112600e-01;1.6250000e+02;2.0488822e-01;1.6250000e+02;2.4466406e-01;1.6250000e+02;2.6224777e-01;1.6250000e+02;2.5891364e-01;1.6250000e+02;2.3286536e-01;1.6250000e+02;1.9819802e-01;1.6250000e+02;1.5799905e-01;1.6250000e+02;1.1471775e-01;1.6250000e+02;7.5406805e-02;1.6250000e+02;3.7877709e-02;1.6250000e+02;-4.2423885e-04;1.6250000e+02;9.3199220e-03;1.6250000e+02;2.4570860e-02;1.6250000e+02;4.4591684e-02;1.6250000e+02;6.8239838e-02;1.6250000e+02;9.2684492e-02;1.6250000e+02;1.2360278e-01;1.6250000e+02;1.6112600e-01;1.6250000e+02;2.0488822e-01;1.6250000e+02;2.4466406e-01;1.6250000e+02;2.6224777e-01;1.6250000e+02;2.5891364e-01;1.6250000e+02;2.3286536e-01;1.6250000e+02;1.9819802e-01;1.6250000e+02;1.5799905e-01;1.6250000e+02;1.1471775e-01;1.6250000e+02;7.5406805e-02;1.6250000e+02;3.7877709e-02;1.6250000e+02;-4.2423885e-04;1.6250000e+02;9.3199220e-03;1.6250000e+02;2.4570860e-02;1.6250000e+02;4.4591684e-02;1.6250000e+02;6.8239838e-02;1.6250000e+02;9.2684492e-02;1.6250000e+02;1.2360278e-01;1.6250000e+02;1.6112600e-01;1.6250000e+02;2.0488822e-01;1.6250000e+02;2.4466406e-01;1.6250000e+02;2.6224777e-01;1.6250000e+02;2.5891364e-01;1.6250000e+02;2.3286536e-01;1.6250000e+02;1.9819802e-01;1.6250000e+02;1.5799905e-01;1.6250000e+02;1.1471775e-01;1.6250000e+02;7.5406805e-02;1.6250000e+02;3.7877709e-02;1.6250000e+02;-4.2423885e-04;1.6250000e+02;9.3199220e-03;1.6250000e+02;2.4570860e-02;1.6250000e+02;4.4591684e-02;1.6250000e+02;6.8239838e-02;1.6250000e+02;9.2684492e-02;1.6250000e+02;1.2360278e-01;1.6250000e+02;1.6112600e-01;1.6250000e+02;2.0488822e-01;1.6250000e+02;2.4466406e-01;1.6250000e+02;2.6224777e-01;1.6250000e+02;2.5891364e-01;1.6250000e+02;2.3286536e-01;1.6250000e+02;1.9819802e-01;1.6250000e+02;1.5799905e-01;1.6250000e+02;1.1471775e-01;1.6250000e+02;7.5406805e-02;1.6250000e+02;3.7877709e-02;1.6250000e+02;-4.2423885e-04;1.6250000e+02;9.3199220e-03;1.6250000e+02;2.4570860e-02;1.6250000e+02;4.4591684e-02;1.6250000e+02;6.8239838e-02;1.6250000e+02;9.2684492e-02;1.6250000e+02;1.2360278e-01;1.6250000e+02;1.6112600e-01;1.6250000e+02;2.0488822e-01;1.6250000e+02;2.4466406e-01;1.6250000e+02;2.6224777e-01;1.6250000e+02;2.5891364e-01;1.6250000e+02;2.3286536e-01;1.6250000e+02;1.9819802e-01;1.6250000e+02;1.5799905e-01;1.6250000e+02;1.1471775e-01;1.6250000e+02;7.5406805e-02;1.6250000e+02;3.7877709e-02;1.6250000e+02;-4.2423885e-04;1.6250000e+02;9.3199220e-03;1.6250000e+02;2.4570860e-02;1.6250000e+02;4.4591684e-02;1.6250000e+02;6.8239838e-02;1.6250000e+02;9.2684492e-02;1.6250000e+02;1.2360278e-01;1.6250000e+02;1.6112600e-01;1.6250000e+02;2.0488822e-01;1.6250000e+02;2.4466406e-01;1.6250000e+02;2.6224777e-01;1.6250000e+02;2.5891364e-01;1.6250000e+02;2.3286536e-01;1.6250000e+02;1.9819802e-01;1.6250000e+02;1.5799905e-01;1.6250000e+02;1.1471775e-01;1.6250000e+02;7.5406805e-02;1.6250000e+02;3.7877709e-02;1.6250000e+02;-4.2423885e-04;1.6250000e+02;9.3199220e-03;1.6250000e+02;2.4570860e-02;1.6250000e+02;4.4591684e-02;1.6250000e+02;6.8239838e-02;1.6250000e+02;9.2684492e-02;1.6250000e+02;1.2360278e-01;1.6250000e+02;1.6112600e-01;1.6250000e+02;2.0488822e-01;1.6250000e+02;2.4466406e-01;1.6250000e+02;2.6224777e-01;1.6250000e+02;2.5891364e-01;1.6250000e+02;2.3286536e-01;1.6250000e+02;1.9819802e-01;1.6250000e+02;1.5799905e-01;1.6250000e+02;1.1471775e-01;1.6250000e+02;7.5406805e-02;1.6250000e+02;3.7877709e-02;1.6250000e+02;-4.2423885e-04;1.6250000e+02;9.3199220e-03;1.6250000e+02;2.4570860e-02;1.6250000e+02;4.4591684e-02;1.6250000e+02;6.8239838e-02;1.6250000e+02;9.2684492e-02;1.6250000e+02;1.2360278e-01;1.6250000e+02;1.6112600e-01;1.6250000e+02;2.0488822e-01;1.6250000e+02;2.4466406e-01;1.6250000e+02;2.6224777e-01;1.6250000e+02;2.5891364e-01;1.6250000e+02;2.3286536e-01;1.6250000e+02;1.9819802e-01;1.6250000e+02;1.5799905e-01;1.6250000e+02;1.1471775e-01;1.6250000e+02;7.5406805e-02;1.6250000e+02;3.7877709e-02;1.6250000e+02;-4.2423885e-04;1.6250000e+02;9.3199220e-03;1.6250000e+02;2.4570860e-02;1.6250000e+02;4.4591684e-02;1.6250000e+02;6.8239838e-02;1.6250000e+02;9.2684492e-02;1.6250000e+02;1.2360278e-01;1.6250000e+02;1.6112600e-01;1.6250000e+02;2.0488822e-01;1.6250000e+02;2.4466406e-01;1.6250000e+02;2.6224777e-01;1.6250000e+02;2.5891364e-01;1.6250000e+02;2.3286536e-01;1.6250000e+02;1.9819802e-01;1.6250000e+02;1.5799905e-01;1.6250000e+02;1.1471775e-01;1.6250000e+02;7.5406805e-02;1.6250000e+02;3.7877709e-02;1.6250000e+02;-4.2423885e-04;1.6250000e+02;9.3199220e-03;1.6250000e+02;2.4570860e-02;1.6250000e+02;4.4591684e-02;1.6250000e+02;6.8239838e-02;1.6250000e+02;9.2684492e-02;1.6250000e+02;1.2360278e-01;1.6250000e+02;1.6112600e-01;1.6250000e+02;2.0488822e-01;1.6250000e+02;2.4466406e-01;1.6250000e+02;2.6224777e-01;1.6250000e+02;2.5891364e-01;1.6250000e+02;2.3286536e-01;1.6250000e+02;1.9819802e-01;1.6250000e+02;1.5799905e-01;1.6250000e+02;1.1471775e-01;1.6250000e+02;7.5406805e-02;1.6250000e+02;3.7877709e-02;1.6250000e+02;-4.2423885e-04;1.6250000e+02;9.3199220e-03;1.6250000e+02;2.4570860e-02;1.6250000e+02;4.4591684e-02;1.6250000e+02;6.8239838e-02;1.6250000e+02;9.2684492e-02;1.6250000e+02;1.2360278e-01;1.6250000e+02;1.6112600e-01;1.6250000e+02;2.0488822e-01;1.6250000e+02;2.4466406e-01;1.6250000e+02;2.6224777e-01;1.6250000e+02;2.5891364e-01;1.6250000e+02;2.3286536e-01;1.6250000e+02;1.9819802e-01;1.6250000e+02;1.5799905e-01;1.6250000e+02;1.1471775e-01;1.6250000e+02;7.5406805e-02;1.6250000e+02;3.7877709e-02;1.6250000e+02;-4.2423885e-04;1.6250000e+02;9.3199220e-03;1.6250000e+02;2.4570860e-02;1.6250000e+02;4.4591684e-02;1.6250000e+02;6.8239838e-02;1.6250000e+02;9.2684492e-02;1.6250000e+02;1.2360278e-01;1.6250000e+02;1.6112600e-01;1.6250000e+02;2.0488822e-01;1.6250000e+02;2.4466406e-01;1.6250000e+02;2.6224777e-01;1.6250000e+02;2.5891364e-01;1.6250000e+02;2.3286536e-01;1.6250000e+02;1.9819802e-01;1.6250000e+02;1.5799905e-01;1.6250000e+02;1.1471775e-01;1.6250000e+02;7.5406805e-02;1.6250000e+02;3.7877709e-02;1.6250000e+02;-4.2423885e-04;1.6250000e+02;9.3199220e-03;1.6250000e+02;2.4570860e-02;1.6250000e+02;4.4591684e-02;1.6250000e+02;6.8239838e-02;1.6250000e+02;9.2684492e-02;1.6250000e+02;1.2360278e-01;1.6250000e+02;1.6112600e-01;1.6250000e+02;2.0488822e-01;1.6250000e+02;2.4466406e-01;1.6250000e+02;2.6224777e-01;1.6250000e+02;2.5891364e-01;1.6250000e+02;2.3286536e-01;1.6250000e+02;1.9819802e-01;1.6250000e+02;1.5799905e-01;1.6250000e+02;1.1471775e-01;1.6250000e+02;7.5406805e-02;1.6250000e+02;3.7877709e-02;1.6250000e+02;-4.2423885e-04;1.6250000e+02;9.3199220e-03;1.6250000e+02;2.4570860e-02;1.6250000e+02;4.4591684e-02;1.6250000e+02;6.8239838e-02;1.6250000e+02;9.2684492e-02;1.6250000e+02;1.2360278e-01;1.6250000e+02;1.6112600e-01;1.6250000e+02;2.0488822e-01;1.6250000e+02;2.4466406e-01;1.6250000e+02;2.6224777e-01;1.6250000e+02;2.5891364e-01;1.6250000e+02;2.3286536e-01;1.6250000e+02;1.9819802e-01;1.6250000e+02;1.5799905e-01;1.6250000e+02;1.1471775e-01;1.6250000e+02;7.5406805e-02;1.6250000e+02;3.7877709e-02;1.6250000e+02;-4.2423885e-04;1.6250000e+02;9.3199220e-03;1.6250000e+02;2.4570860e-02;1.6250000e+02;4.4591684e-02;1.6250000e+02;6.8239838e-02;1.6250000e+02;9.2684492e-02;1.6250000e+02;1.2360278e-01;1.6250000e+02;1.6112600e-01;1.6250000e+02;2.0488822e-01;1.6250000e+02;2.4466406e-01;1.6250000e+02;2.6224777e-01;1.6250000e+02;2.5891364e-01;1.6250000e+02;2.3286536e-01;1.6250000e+02;1.9819802e-01;1.6250000e+02;1.5799905e-01;1.6250000e+02;1.1471775e-01;1.6250000e+02;7.5406805e-02;1.6250000e+02;3.7877709e-02;1.6250000e+02;-4.2423885e-04;1.6250000e+02;9.3199220e-03;1.6250000e+02;2.4570860e-02;1.6250000e+02;4.4591684e-02;1.6250000e+02;6.8239838e-02;1.6250000e+02;9.2684492e-02;1.6250000e+02;1.2360278e-01;1.6250000e+02;1.6112600e-01;1.6250000e+02;2.0488822e-01;1.6250000e+02;2.4466406e-01;1.6250000e+02;2.6224777e-01;1.6250000e+02;2.5891364e-01;1.6250000e+02;2.3286536e-01;1.6250000e+02;1.9819802e-01;1.6250000e+02;1.5799905e-01;1.6250000e+02;1.1471775e-01;1.6250000e+02;7.5406805e-02;1.6250000e+02;3.7877709e-02;1.6250000e+02;-4.2423885e-04;1.6250000e+02;9.3199220e-03;1.6250000e+02;2.4570860e-02;1.6250000e+02;4.4591684e-02;1.6250000e+02;6.8239838e-02;1.6250000e+02;9.2684492e-02;1.6250000e+02;1.2360278e-01;1.6250000e+02;1.6112600e-01;1.6250000e+02;2.0488822e-01;1.6250000e+02;2.4466406e-01;1.6250000e+02;2.6224777e-01;1.6250000e+02;2.5891364e-01;1.6250000e+02;2.3286536e-01;1.6250000e+02;1.9819802e-01;1.6250000e+02;1.5799905e-01;1.6250000e+02;1.1471775e-01;1.6250000e+02;7.5406805e-02;1.6250000e+02;3.7877709e-02;1.6250000e+02;-4.2423885e-04;1.6250000e+02;9.3199220e-03;1.6250000e+02;2.4570860e-02;1.6250000e+02;4.4591684e-02;1.6250000e+02;6.8239838e-02;1.6250000e+02;9.2684492e-02;1.6250000e+02;1.2360278e-01;1.6250000e+02;1.6112600e-01;1.6250000e+02;2.0488822e-01;1.6250000e+02;2.4466406e-01;1.6250000e+02;2.6224777e-01;1.6250000e+02;2.5891364e-01;1.6250000e+02;2.3286536e-01;1.6250000e+02;1.9819802e-01;1.6250000e+02;1.5799905e-01;1.6250000e+02;1.1471775e-01;1.6250000e+02;7.5406805e-02;1.6250000e+02;3.7877709e-02;1.6250000e+02;-4.2423885e-04;1.6250000e+02;9.3199220e-03;1.6250000e+02;2.4570860e-02;1.6250000e+02;4.4591684e-02;1.6250000e+02;6.8239838e-02;1.6250000e+02;9.2684492e-02;1.6250000e+02;1.2360278e-01;1.6250000e+02;1.6112600e-01;1.6250000e+02;2.0488822e-01;1.6250000e+02;2.4466406e-01;1.6250000e+02;2.6224777e-01;1.6250000e+02;2.5891364e-01;1.6250000e+02;2.3286536e-01;1.6250000e+02;1.9819802e-01;1.6250000e+02;1.5799905e-01;1.6250000e+02;1.1471775e-01;1.6250000e+02;7.5406805e-02;1.6250000e+02;3.7877709e-02;1.6250000e+02;-4.2423885e-04;1.6250000e+02;9.3199220e-03;1.6250000e+02;2.4570860e-02;1.6250000e+02;4.4591684e-02;1.6250000e+02;6.8239838e-02;1.6250000e+02;9.2684492e-02;1.6250000e+02;1.2360278e-01;1.6250000e+02;1.6112600e-01;1.6250000e+02;2.0488822e-01;1.6250000e+02;2.4466406e-01;1.6250000e+02;2.6224777e-01;1.6250000e+02;2.5891364e-01;1.6250000e+02;2.3286536e-01;1.6250000e+02;1.9819802e-01;1.6250000e+02;1.5799905e-01;1.6250000e+02;1.1471775e-01;1.6250000e+02;7.5406805e-02;1.6250000e+02;3.7877709e-02;1.6250000e+02;-4.2423885e-04;1.6250000e+02;9.3199220e-03;1.6250000e+02;2.4570860e-02;1.6250000e+02;4.4591684e-02;1.6250000e+02;6.8239838e-02;1.6250000e+02;9.2684492e-02;1.6250000e+02;1.2360278e-01;1.6250000e+02;1.6112600e-01;1.6250000e+02;2.0488822e-01;1.6250000e+02;2.4466406e-01;1.6250000e+02;2.6224777e-01;1.6250000e+02;2.5891364e-01;1.6250000e+02;2.3286536e-01;1.6250000e+02;1.9819802e-01;1.6250000e+02;1.5799905e-01;1.6250000e+02;1.1471775e-01;1.6250000e+02;7.5406805e-02;1.6250000e+02;3.7877709e-02;1.6250000e+02;-4.2423885e-04;1.6250000e+02;9.3199220e-03;1.6250000e+02;2.4570860e-02;1.6250000e+02;4.4591684e-02;1.6250000e+02;6.8239838e-02;1.6250000e+02;9.2684492e-02;1.6250000e+02;1.2360278e-01;1.6250000e+02;1.6112600e-01;1.6250000e+02;2.0488822e-01;1.6250000e+02;2.4466406e-01;1.6250000e+02;2.6224777e-01;1.6250000e+02;2.5891364e-01;1.6250000e+02;2.3286536e-01;1.6250000e+02;1.9819802e-01;1.6250000e+02;1.5799905e-01;1.6250000e+02;1.1471775e-01;1.6250000e+02;7.5406805e-02;1.6250000e+02;3.7877709e-02;1.6250000e+02;-4.2423885e-04;1.6250000e+02;9.3199220e-03;1.6250000e+02;2.4570860e-02;1.6250000e+02;4.4591684e-02;1.6250000e+02;6.8239838e-02;1.6250000e+02;9.2684492e-02;1.6250000e+02;1.2360278e-01;1.6250000e+02;1.6112600e-01;1.6250000e+02;2.0488822e-01;1.6250000e+02;2.4466406e-01;1.6250000e+02;2.6224777e-01;1.6250000e+02;2.5891364e-01;1.6250000e+02;2.3286536e-01;1.6250000e+02;1.9819802e-01;1.6250000e+02;1.5799905e-01;1.6250000e+02;1.1471775e-01;1.6250000e+02;7.5406805e-02;1.6250000e+02;3.7877709e-02;1.6250000e+02;-4.2423885e-04;1.6250000e+02;9.3199220e-03;1.6250000e+02;2.4570860e-02;1.6250000e+02;4.4591684e-02;1.6250000e+02;6.8239838e-02;1.6250000e+02;9.2684492e-02;1.6250000e+02;1.2360278e-01;1.6250000e+02;1.6112600e-01;1.6250000e+02;2.0488822e-01;1.6250000e+02;2.4466406e-01;1.6250000e+02;2.6224777e-01;1.6250000e+02;2.5891364e-01;1.6250000e+02;2.3286536e-01;1.6250000e+02;1.9819802e-01;1.6250000e+02;1.5799905e-01;1.6250000e+02;1.1471775e-01;1.6250000e+02;7.5406805e-02;1.6250000e+02;3.7877709e-02;1.6250000e+02;-4.2423885e-04;1.6250000e+02;9.3199220e-03;1.6250000e+02;2.4570860e-02;1.6250000e+02;4.4591684e-02;1.6250000e+02;6.8239838e-02;1.6250000e+02;9.2684492e-02;1.6250000e+02;1.2360278e-01;1.6250000e+02;1.6112600e-01;1.6250000e+02;2.0488822e-01;1.6250000e+02;2.4466406e-01;1.6250000e+02;2.6224777e-01;1.6250000e+02;2.5891364e-01;1.6250000e+02;2.3286536e-01;1.6250000e+02;1.9819802e-01;1.6250000e+02;1.5799905e-01;1.6250000e+02;1.1471775e-01;1.6250000e+02;7.5406805e-02;1.6250000e+02;3.7877709e-02;1.6250000e+02;-4.2423885e-04;1.6250000e+02;9.3199220e-03;1.6250000e+02;2.4570860e-02;1.6250000e+02;4.4591684e-02;1.6250000e+02;6.8239838e-02;1.6250000e+02;9.2684492e-02;1.6250000e+02;1.2360278e-01;1.6250000e+02;1.6112600e-01;1.6250000e+02;2.0488822e-01;1.6250000e+02;2.4466406e-01;1.6250000e+02;2.6224777e-01;1.6250000e+02;2.5891364e-01;1.6250000e+02;2.3286536e-01;1.6250000e+02;1.9819802e-01;1.6250000e+02;1.5799905e-01;1.6250000e+02;1.1471775e-01;1.6250000e+02;7.5406805e-02;1.6250000e+02;3.7877709e-02;1.6250000e+02;-4.2423885e-04;1.6250000e+02;9.3199220e-03;1.6250000e+02;2.4570860e-02;1.6250000e+02;4.4591684e-02;1.6250000e+02;6.8239838e-02;1.6250000e+02;9.2684492e-02;1.6250000e+02;1.2360278e-01;1.6250000e+02;1.6112600e-01;1.6250000e+02;2.0488822e-01;1.6250000e+02;2.4466406e-01;1.6250000e+02;2.6224777e-01;1.6250000e+02;2.5891364e-01;1.6250000e+02;2.3286536e-01;1.6250000e+02;1.9819802e-01;1.6250000e+02;1.5799905e-01;1.6250000e+02;1.1471775e-01;1.6250000e+02;7.5406805e-02;1.6250000e+02;3.7877709e-02;1.6250000e+02;-4.2423885e-04;1.6250000e+02;9.3199220e-03;1.6250000e+02;2.4570860e-02;1.6250000e+02;4.4591684e-02;1.6250000e+02;6.8239838e-02;1.6250000e+02;9.2684492e-02;1.6250000e+02;1.2360278e-01;1.6250000e+02;1.6112600e-01;1.6250000e+02;2.0488822e-01;1.6250000e+02;2.4466406e-01;1.6250000e+02;2.6224777e-01;1.6250000e+02;2.5891364e-01;1.6250000e+02;2.3286536e-01;1.6250000e+02;1.9819802e-01;1.6250000e+02;1.5799905e-01;1.6250000e+02;1.1471775e-01;1.6250000e+02;7.5406805e-02;1.6250000e+02;3.7877709e-02;1.6250000e+02;-4.2423885e-04;1.6250000e+02;9.3199220e-03;1.6250000e+02;2.4570860e-02;1.6250000e+02;4.4591684e-02;1.6250000e+02;6.8239838e-02;1.6250000e+02;9.2684492e-02;1.6250000e+02;1.2360278e-01;1.6250000e+02;1.6112600e-01;1.6250000e+02;2.0488822e-01;1.6250000e+02;2.4466406e-01;1.6250000e+02;2.6224777e-01;1.6250000e+02;2.5891364e-01;1.6250000e+02;2.3286536e-01;1.6250000e+02;1.9819802e-01;1.6250000e+02;1.5799905e-01;1.6250000e+02;1.1471775e-01;1.6250000e+02;7.5406805e-02;1.6250000e+02;3.7877709e-02;1.6250000e+02;-4.2423885e-04;1.6250000e+02;9.3199220e-03;1.6250000e+02;2.4570860e-02;1.6250000e+02;4.4591684e-02;1.6250000e+02;6.8239838e-02;1.6250000e+02;9.2684492e-02;1.6250000e+02;1.2360278e-01;1.6250000e+02;1.6112600e-01;1.6250000e+02;2.0488822e-01;1.6250000e+02;2.4466406e-01;1.6250000e+02;2.6224777e-01;1.6250000e+02;2.5891364e-01;1.6250000e+02;2.3286536e-01;1.6250000e+02;1.9819802e-01;1.6250000e+02;1.5799905e-01;1.6250000e+02;1.1471775e-01;1.6250000e+02;7.5406805e-02;1.6250000e+02;3.7877709e-02;1.6250000e+02;-4.2423885e-04;1.6250000e+02;9.3199220e-03;1.6250000e+02;2.4570860e-02;1.6250000e+02;4.4591684e-02;1.6250000e+02;6.8239838e-02;1.6250000e+02;9.2684492e-02;1.6250000e+02;1.2360278e-01;1.6250000e+02;1.6112600e-01;1.6250000e+02;2.0488822e-01;1.6250000e+02;2.4466406e-01;1.6250000e+02;2.6224777e-01;1.6250000e+02;2.5891364e-01;1.6250000e+02;2.3286536e-01;1.6250000e+02;1.9819802e-01;1.6250000e+02;1.5799905e-01;1.6250000e+02;1.1471775e-01;1.6250000e+02;7.5406805e-02;1.6250000e+02;3.7877709e-02;1.6250000e+02;-4.2423885e-04;1.6250000e+02;9.3199220e-03;1.6250000e+02;2.4570860e-02;1.6250000e+02;4.4591684e-02;1.6250000e+02;6.8239838e-02;1.6250000e+02;9.2684492e-02;1.6250000e+02;1.2360278e-01;1.6250000e+02;1.6112600e-01;1.6250000e+02;2.0488822e-01;1.6250000e+02;2.4466406e-01;1.6250000e+02;2.6224777e-01;1.6250000e+02;2.5891364e-01;1.6250000e+02;2.3286536e-01;1.6250000e+02;1.9819802e-01;1.6250000e+02;1.5799905e-01;1.6250000e+02;1.1471775e-01;1.6250000e+02;7.5406805e-02;1.6250000e+02;3.7877709e-02;1.6250000e+02;-4.2423885e-04;1.6250000e+02;9.3199220e-03;1.6250000e+02;2.4570860e-02;1.6250000e+02;4.4591684e-02;1.6250000e+02;6.8239838e-02;1.6250000e+02;9.2684492e-02;1.6250000e+02;1.2360278e-01;1.6250000e+02;1.6112600e-01;1.6250000e+02;2.0488822e-01;1.6250000e+02;2.4466406e-01;1.6250000e+02;2.6224777e-01;1.6250000e+02;2.5891364e-01;1.6250000e+02;2.3286536e-01;1.6250000e+02;1.9819802e-01;1.6250000e+02;1.5799905e-01;1.6250000e+02;1.1471775e-01;1.6250000e+02;7.5406805e-02;1.6250000e+02;3.7877709e-02;1.6250000e+02;-4.2423885e-04;1.6250000e+02;9.3199220e-03;1.6250000e+02;2.4570860e-02;1.6250000e+02;4.4591684e-02;1.6250000e+02;6.8239838e-02;1.6250000e+02;9.2684492e-02;1.6250000e+02;1.2360278e-01;1.6250000e+02;1.6112600e-01;1.6250000e+02;2.0488822e-01;1.6250000e+02;2.4466406e-01;1.6250000e+02;2.6224777e-01;1.6250000e+02;2.5891364e-01;1.6250000e+02;2.3286536e-01;1.6250000e+02;1.9819802e-01;1.6250000e+02;1.5799905e-01;1.6250000e+02;1.1471775e-01;1.6250000e+02;7.5406805e-02;1.6250000e+02;3.7877709e-02;1.6250000e+02;-4.2423885e-04;1.6250000e+02;9.3199220e-03;1.6250000e+02;2.4570860e-02;1.6250000e+02;4.4591684e-02;1.6250000e+02;6.8239838e-02;1.6250000e+02;9.2684492e-02;1.6250000e+02;1.2360278e-01;1.6250000e+02;1.6112600e-01;1.6250000e+02;2.0488822e-01;1.6250000e+02;2.4466406e-01;1.6250000e+02;2.6224777e-01;1.6250000e+02;2.5891364e-01;1.6250000e+02;2.3286536e-01;1.6250000e+02;1.9819802e-01;1.6250000e+02;1.5799905e-01;1.6250000e+02;1.1471775e-01;1.6250000e+02;7.5406805e-02;1.6250000e+02;3.7877709e-02;1.6250000e+02;-4.2423885e-04;1.6250000e+02;9.3199220e-03;1.6250000e+02;2.4570860e-02;1.6250000e+02;4.4591684e-02;1.6250000e+02;6.8239838e-02;1.6250000e+02;9.2684492e-02;1.6250000e+02;1.2360278e-01;1.6250000e+02;1.6112600e-01;1.6250000e+02;2.0488822e-01;1.6250000e+02;2.4466406e-01;1.6250000e+02;2.6224777e-01;1.6250000e+02;2.5891364e-01;1.6250000e+02;2.3286536e-01;1.6250000e+02;1.9819802e-01;1.6250000e+02;1.5799905e-01;1.6250000e+02;1.1471775e-01;1.6250000e+02;7.5406805e-02;1.6250000e+02;3.7877709e-02;1.6250000e+02;-4.2423885e-04;1.6250000e+02;9.3199220e-03;1.6250000e+02;2.4570860e-02;1.6250000e+02;4.4591684e-02;1.6250000e+02;6.8239838e-02;1.6250000e+02;9.2684492e-02;1.6250000e+02;1.2360278e-01;1.6250000e+02;1.6112600e-01;1.6250000e+02;2.0488822e-01;1.6250000e+02;2.4466406e-01;1.6250000e+02;2.6224777e-01;1.6250000e+02;2.5891364e-01;1.6250000e+02;2.3286536e-01;1.6250000e+02;1.9819802e-01;1.6250000e+02;1.5799905e-01;1.6250000e+02;1.1471775e-01;1.6250000e+02;7.5406805e-02;1.6250000e+02;3.7877709e-02;1.6250000e+02;-4.2423885e-04;1.6250000e+02;9.3199220e-03;1.6250000e+02;2.4570860e-02;1.6250000e+02;4.4591684e-02;1.6250000e+02;6.8239838e-02;1.6250000e+02;9.2684492e-02;1.6250000e+02;1.2360278e-01;1.6250000e+02;1.6112600e-01;1.6250000e+02;2.0488822e-01;1.6250000e+02;2.4466406e-01;1.6250000e+02;2.6224777e-01;1.6250000e+02;2.5891364e-01;1.6250000e+02;2.3286536e-01;1.6250000e+02;1.9819802e-01;1.6250000e+02;1.5799905e-01;1.6250000e+02;1.1471775e-01;1.6250000e+02;7.5406805e-02;1.6250000e+02;3.7877709e-02;1.6250000e+02;-4.2423885e-04;1.6250000e+02;9.3199220e-03;1.6250000e+02;2.4570860e-02;1.6250000e+02;4.4591684e-02;1.6250000e+02;6.8239838e-02;1.6250000e+02;9.2684492e-02;1.6250000e+02;1.2360278e-01;1.6250000e+02;1.6112600e-01;1.6250000e+02;2.0488822e-01;1.6250000e+02;2.4466406e-01;1.6250000e+02;2.6224777e-01;1.6250000e+02;2.5891364e-01;1.6250000e+02;2.3286536e-01;1.6250000e+02;1.9819802e-01;1.6250000e+02;1.5799905e-01;1.6250000e+02;1.1471775e-01;1.6250000e+02;7.5406805e-02;1.6250000e+02;3.7877709e-02;1.6250000e+02;-4.2423885e-04;1.6250000e+02;9.3199220e-03;1.6250000e+02;2.4570860e-02;1.6250000e+02;4.4591684e-02;1.6250000e+02;6.8239838e-02;1.6250000e+02;9.2684492e-02;1.6250000e+02;1.2360278e-01;1.6250000e+02;1.6112600e-01;1.6250000e+02;2.0488822e-01;1.6250000e+02;2.4466406e-01;1.6250000e+02;2.6224777e-01;1.6250000e+02;2.5891364e-01;1.6250000e+02;2.3286536e-01;1.6250000e+02;1.9819802e-01;1.6250000e+02;1.5799905e-01;1.6250000e+02;1.1471775e-01;1.6250000e+02;7.5406805e-02;1.6250000e+02;3.7877709e-02;1.6250000e+02;-4.2423885e-04;1.6250000e+02;9.3199220e-03;1.6250000e+02;2.4570860e-02;1.6250000e+02;4.4591684e-02;1.6250000e+02;6.8239838e-02;1.6250000e+02;9.2684492e-02;1.6250000e+02;1.2360278e-01;1.6250000e+02;1.6112600e-01;1.6250000e+02;2.0488822e-01;1.6250000e+02;2.4466406e-01;1.6250000e+02;2.6224777e-01;1.6250000e+02;2.5891364e-01;1.6250000e+02;2.3286536e-01;1.6250000e+02;1.9819802e-01;1.6250000e+02;1.5799905e-01;1.6250000e+02;1.1471775e-01;1.6250000e+02;7.5406805e-02;1.6250000e+02;3.7877709e-02;1.6250000e+02;-4.2423885e-04;1.6250000e+02;9.3199220e-03;1.6250000e+02;2.4570860e-02;1.6250000e+02;4.4591684e-02;1.6250000e+02;6.8239838e-02;1.6250000e+02;9.2684492e-02;1.6250000e+02;1.2360278e-01;1.6250000e+02;1.6112600e-01;1.6250000e+02;2.0488822e-01;1.6250000e+02;2.4466406e-01;1.6250000e+02;2.6224777e-01;1.6250000e+02;2.5891364e-01;1.6250000e+02;2.3286536e-01;1.6250000e+02;1.9819802e-01;1.6250000e+02;1.5799905e-01;1.6250000e+02;1.1471775e-01;1.6250000e+02;7.5406805e-02;1.6250000e+02;3.7877709e-02;1.6250000e+02;-4.2423885e-04;1.6250000e+02;9.3199220e-03;1.6250000e+02;2.4570860e-02;1.6250000e+02;4.4591684e-02;1.6250000e+02;6.8239838e-02;1.6250000e+02;9.2684492e-02;1.6250000e+02;1.2360278e-01;1.6250000e+02;1.6112600e-01;1.6250000e+02;2.0488822e-01;1.6250000e+02;2.4466406e-01;1.6250000e+02;2.6224777e-01;1.6250000e+02;2.5891364e-01;1.6250000e+02;2.3286536e-01;1.6250000e+02;1.9819802e-01;1.6250000e+02;1.5799905e-01;1.6250000e+02;1.1471775e-01;1.6250000e+02;7.5406805e-02;1.6250000e+02;3.7877709e-02;1.6250000e+02;-4.2423885e-04;1.6250000e+02;9.3199220e-03;1.6250000e+02;2.4570860e-02;1.6250000e+02;4.4591684e-02;1.6250000e+02;6.8239838e-02;1.6250000e+02;9.2684492e-02;1.6250000e+02;1.2360278e-01;1.6250000e+02;1.6112600e-01;1.6250000e+02;2.0488822e-01;1.6250000e+02;2.4466406e-01;1.6250000e+02;2.6224777e-01;1.6250000e+02;2.5891364e-01;1.6250000e+02;2.3286536e-01;1.6250000e+02;1.9819802e-01;1.6250000e+02;1.5799905e-01;1.6250000e+02;1.1471775e-01;1.6250000e+02;7.5406805e-02;1.6250000e+02;3.7877709e-02;1.6250000e+02;-4.2423885e-04;1.6250000e+02;9.3199220e-03;1.6250000e+02;2.4570860e-02;1.6250000e+02;4.4591684e-02;1.6250000e+02;6.8239838e-02;1.6250000e+02;9.2684492e-02;1.6250000e+02;1.2360278e-01;1.6250000e+02;1.6112600e-01;1.6250000e+02;2.0488822e-01;1.6250000e+02;2.4466406e-01;1.6250000e+02;2.6224777e-01;1.6250000e+02;2.5891364e-01;1.6250000e+02;2.3286536e-01;1.6250000e+02;1.9819802e-01;1.6250000e+02;1.5799905e-01;1.6250000e+02;1.1471775e-01;1.6250000e+02;7.5406805e-02;1.6250000e+02;3.7877709e-02;1.6250000e+02;-4.2423885e-04;1.6250000e+02;9.3199220e-03;1.6250000e+02;2.4570860e-02;1.6250000e+02;4.4591684e-02;1.6250000e+02;6.8239838e-02;1.6250000e+02;9.2684492e-02;1.6250000e+02;1.2360278e-01;1.6250000e+02;1.6112600e-01;1.6250000e+02;2.0488822e-01;1.6250000e+02;2.4466406e-01;1.6250000e+02;2.6224777e-01;1.6250000e+02;2.5891364e-01;1.6250000e+02;2.3286536e-01;1.6250000e+02;1.9819802e-01;1.6250000e+02;1.5799905e-01;1.6250000e+02;1.1471775e-01;1.6250000e+02;7.5406805e-02;1.6250000e+02;3.7877709e-02;1.6250000e+02;-4.2423885e-04;1.6250000e+02;9.3199220e-03;1.6250000e+02;2.4570860e-02;1.6250000e+02;4.4591684e-02;1.6250000e+02;6.8239838e-02;1.6250000e+02;9.2684492e-02;1.6250000e+02;1.2360278e-01;1.6250000e+02;1.6112600e-01;1.6250000e+02;2.0488822e-01;1.6250000e+02;2.4466406e-01;1.6250000e+02;2.6224777e-01;1.6250000e+02;2.5891364e-01;1.6250000e+02;2.3286536e-01;1.6250000e+02;1.9819802e-01;1.6250000e+02;1.5799905e-01;1.6250000e+02;1.1471775e-01;1.6250000e+02;7.5406805e-02;1.6250000e+02;3.7877709e-02;1.6250000e+02;-4.2423885e-04;1.6250000e+02;9.3199220e-03;1.6250000e+02;2.4570860e-02;1.6250000e+02;4.4591684e-02;1.6250000e+02;6.8239838e-02;1.6250000e+02;9.2684492e-02;1.6250000e+02;1.2360278e-01;1.6250000e+02;1.6112600e-01;1.6250000e+02;2.0488822e-01;1.6250000e+02;2.4466406e-01;1.6250000e+02;2.6224777e-01;1.6250000e+02;2.5891364e-01;1.6250000e+02;2.3286536e-01;1.6250000e+02;1.9819802e-01;1.6250000e+02;1.5799905e-01;1.6250000e+02;1.1471775e-01;1.6250000e+02;7.5406805e-02;1.6250000e+02;3.7877709e-02;1.6250000e+02;-4.2423885e-04;1.6250000e+02;9.3199220e-03;1.6250000e+02;2.4570860e-02;1.6250000e+02;4.4591684e-02;1.6250000e+02;6.8239838e-02;1.6250000e+02;9.2684492e-02;1.6250000e+02;1.2360278e-01;1.6250000e+02;1.6112600e-01;1.6250000e+02;2.0488822e-01;1.6250000e+02;2.4466406e-01;1.6250000e+02;2.6224777e-01;1.6250000e+02;2.5891364e-01;1.6250000e+02;2.3286536e-01;1.6250000e+02;1.9819802e-01;1.6250000e+02;1.5799905e-01;1.6250000e+02;1.1471775e-01;1.6250000e+02;7.5406805e-02;1.6250000e+02;3.7877709e-02;1.6250000e+02;-4.2423885e-04;1.6250000e+02;9.3199220e-03;1.6250000e+02;2.4570860e-02;1.6250000e+02;4.4591684e-02;1.6250000e+02;6.8239838e-02;1.6250000e+02;9.2684492e-02;1.6250000e+02;1.2360278e-01;1.6250000e+02;1.6112600e-01;1.6250000e+02;2.0488822e-01;1.6250000e+02;2.4466406e-01;1.6250000e+02;2.6224777e-01;1.6250000e+02;2.5891364e-01;1.6250000e+02;2.3286536e-01;1.6250000e+02;1.9819802e-01;1.6250000e+02;1.5799905e-01;1.6250000e+02;1.1471775e-01;1.6250000e+02;7.5406805e-02;1.6250000e+02;3.7877709e-02;1.6250000e+02;-4.2423885e-04;1.6250000e+02;9.3199220e-03;1.6250000e+02;2.4570860e-02;1.6250000e+02;4.4591684e-02;1.6250000e+02;6.8239838e-02;1.6250000e+02;9.2684492e-02;1.6250000e+02;1.2360278e-01;1.6250000e+02;1.6112600e-01;1.6250000e+02;2.0488822e-01;1.6250000e+02;2.4466406e-01;1.6250000e+02;2.6224777e-01;1.6250000e+02;2.5891364e-01;1.6250000e+02;2.3286536e-01;1.6250000e+02;1.9819802e-01;1.6250000e+02;1.5799905e-01;1.6250000e+02;1.1471775e-01;1.6250000e+02;7.5406805e-02;1.6250000e+02;3.7877709e-02;1.6250000e+02;-4.2423885e-04;1.6250000e+02;9.3199220e-03;1.6250000e+02;2.4570860e-02;1.6250000e+02;4.4591684e-02;1.6250000e+02;6.8239838e-02;1.6250000e+02;9.2684492e-02;1.6250000e+02;1.2360278e-01;1.6250000e+02;1.6112600e-01;1.6250000e+02;2.0488822e-01;1.6250000e+02;2.4466406e-01;1.6250000e+02;2.6224777e-01;1.6250000e+02;2.5891364e-01;1.6250000e+02;2.3286536e-01;1.6250000e+02;1.9819802e-01;1.6250000e+02;1.5799905e-01;1.6250000e+02;1.1471775e-01;1.6250000e+02;7.5406805e-02;1.6250000e+02;3.7877709e-02;1.6250000e+02;-4.2423885e-04;1.6250000e+02;9.3199220e-03;1.6250000e+02;2.4570860e-02;1.6250000e+02;4.4591684e-02;1.6250000e+02;6.8239838e-02;1.6250000e+02;9.2684492e-02;1.6250000e+02;1.2360278e-01;1.6250000e+02;1.6112600e-01;1.6250000e+02;2.0488822e-01;1.6250000e+02;2.4466406e-01;1.6250000e+02;2.6224777e-01;1.6250000e+02;2.5891364e-01;1.6250000e+02;2.3286536e-01;1.6250000e+02;1.9819802e-01;1.6250000e+02;1.5799905e-01;1.6250000e+02;1.1471775e-01;1.6250000e+02;7.5406805e-02;1.6250000e+02;3.7877709e-02;1.6250000e+02;-4.2423885e-04;1.6250000e+02;9.3199220e-03;1.6250000e+02;2.4570860e-02;1.6250000e+02;4.4591684e-02;1.6250000e+02;6.8239838e-02;1.6250000e+02;9.2684492e-02;1.6250000e+02;1.2360278e-01;1.6250000e+02;1.6112600e-01;1.6250000e+02;2.0488822e-01;1.6250000e+02;2.4466406e-01;1.6250000e+02;2.6224777e-01;1.6250000e+02;2.5891364e-01;1.6250000e+02;2.3286536e-01;1.6250000e+02;1.9819802e-01;1.6250000e+02;1.5799905e-01;1.6250000e+02;1.1471775e-01;1.6250000e+02;7.5406805e-02;1.6250000e+02;3.7877709e-02;1.6250000e+02;-4.2423885e-04;1.6250000e+02;9.3199220e-03;1.6250000e+02;2.4570860e-02;1.6250000e+02;4.4591684e-02;1.6250000e+02;6.8239838e-02;1.6250000e+02;9.2684492e-02;1.6250000e+02;1.2360278e-01;1.6250000e+02;1.6112600e-01;1.6250000e+02;2.0488822e-01;1.6250000e+02;2.4466406e-01;1.6250000e+02;2.6224777e-01;1.6250000e+02;2.5891364e-01;1.6250000e+02;2.3286536e-01;1.6250000e+02;1.9819802e-01;1.6250000e+02;1.5799905e-01;1.6250000e+02;1.1471775e-01;1.6250000e+02;7.5406805e-02;1.6250000e+02;3.7877709e-02;1.6250000e+02;-4.2423885e-04;1.6250000e+02;9.3199220e-03;1.6250000e+02;2.4570860e-02;1.6250000e+02;4.4591684e-02;1.6250000e+02;6.8239838e-02;1.6250000e+02;9.2684492e-02;1.6250000e+02;1.2360278e-01;1.6250000e+02;1.6112600e-01;1.6250000e+02;2.0488822e-01;1.6250000e+02;2.4466406e-01;1.6250000e+02;2.6224777e-01;1.6250000e+02;2.5891364e-01;1.6250000e+02;2.3286536e-01;1.6250000e+02;1.9819802e-01;1.6250000e+02;1.5799905e-01;1.6250000e+02;1.1471775e-01;1.6250000e+02;7.5406805e-02;1.6250000e+02;3.7877709e-02;1.6250000e+02;-4.2423885e-04;1.6250000e+02;9.3199220e-03;1.6250000e+02;2.4570860e-02;1.6250000e+02;4.4591684e-02;1.6250000e+02;6.8239838e-02;1.6250000e+02;9.2684492e-02;1.6250000e+02;1.2360278e-01;1.6250000e+02;1.6112600e-01;1.6250000e+02;2.0488822e-01;1.6250000e+02;2.4466406e-01;1.6250000e+02;2.6224777e-01;1.6250000e+02;2.5891364e-01;1.6250000e+02;2.3286536e-01;1.6250000e+02;1.9819802e-01;1.6250000e+02;1.5799905e-01;1.6250000e+02;1.1471775e-01;1.6250000e+02;7.5406805e-02;1.6250000e+02;3.7877709e-02;1.6250000e+02;-4.2423885e-04;1.6250000e+02;9.3199220e-03;1.6250000e+02;2.4570860e-02;1.6250000e+02;4.4591684e-02;1.6250000e+02;6.8239838e-02;1.6250000e+02;9.2684492e-02;1.6250000e+02;1.2360278e-01;1.6250000e+02;1.6112600e-01;1.6250000e+02;2.0488822e-01;1.6250000e+02;2.4466406e-01;1.6250000e+02;2.6224777e-01;1.6250000e+02;2.5891364e-01;1.6250000e+02;2.3286536e-01;1.6250000e+02;1.9819802e-01;1.6250000e+02;1.5799905e-01;1.6250000e+02;1.1471775e-01;1.6250000e+02;7.5406805e-02;1.6250000e+02;3.7877709e-02;1.6250000e+02;-4.2423885e-04;1.6250000e+02;9.3199220e-03;1.6250000e+02;2.4570860e-02;1.6250000e+02;4.4591684e-02;1.6250000e+02;6.8239838e-02;1.6250000e+02;9.2684492e-02;1.6250000e+02;1.2360278e-01;1.6250000e+02;1.6112600e-01;1.6250000e+02;2.0488822e-01;1.6250000e+02;2.4466406e-01;1.6250000e+02;2.6224777e-01;1.6250000e+02;2.5891364e-01;1.6250000e+02;2.3286536e-01;1.6250000e+02;1.9819802e-01;1.6250000e+02;1.5799905e-01;1.6250000e+02;1.1471775e-01;1.6250000e+02;7.5406805e-02;1.6250000e+02;3.7877709e-02;1.6250000e+02;-4.2423885e-04;1.6250000e+02;9.3199220e-03;1.6250000e+02;2.4570860e-02;1.6250000e+02;4.4591684e-02;1.6250000e+02;6.8239838e-02;1.6250000e+02;9.2684492e-02;1.6250000e+02;1.2360278e-01;1.6250000e+02;1.6112600e-01;1.6250000e+02;2.0488822e-01;1.6250000e+02;2.4466406e-01;1.6250000e+02;2.6224777e-01;1.6250000e+02;2.5891364e-01;1.6250000e+02;2.3286536e-01;1.6250000e+02;1.9819802e-01;1.6250000e+02;1.5799905e-01;1.6250000e+02;1.1471775e-01;1.6250000e+02;7.5406805e-02;1.6250000e+02;3.7877709e-02;1.6250000e+02;-4.2423885e-04;1.6250000e+02;9.3199220e-03;1.6250000e+02;2.4570860e-02;1.6250000e+02;4.4591684e-02;1.6250000e+02;6.8239838e-02;1.6250000e+02;9.2684492e-02;1.6250000e+02;1.2360278e-01;1.6250000e+02;1.6112600e-01;1.6250000e+02;2.0488822e-01;1.6250000e+02;2.4466406e-01;1.6250000e+02;2.6224777e-01;1.6250000e+02;2.5891364e-01;1.6250000e+02;2.3286536e-01;1.6250000e+02;1.9819802e-01;1.6250000e+02;1.5799905e-01;1.6250000e+02;1.1471775e-01;1.6250000e+02;7.5406805e-02;1.6250000e+02;3.7877709e-02;1.6250000e+02;-4.2423885e-04;1.6250000e+02;9.3199220e-03;1.6250000e+02;2.4570860e-02;1.6250000e+02;4.4591684e-02;1.6250000e+02;6.8239838e-02;1.6250000e+02;9.2684492e-02;1.6250000e+02;1.2360278e-01;1.6250000e+02;1.6112600e-01;1.6250000e+02;2.0488822e-01;1.6250000e+02;2.4466406e-01;1.6250000e+02;2.6224777e-01;1.6250000e+02;2.5891364e-01;1.6250000e+02;2.3286536e-01;1.6250000e+02;1.9819802e-01;1.6250000e+02;1.5799905e-01;1.6250000e+02;1.1471775e-01;1.6250000e+02;7.5406805e-02;1.6250000e+02;3.7877709e-02;1.6250000e+02;-4.2423885e-04;1.6250000e+02;9.3199220e-03;1.6250000e+02;2.4570860e-02;1.6250000e+02;4.4591684e-02;1.6250000e+02;6.8239838e-02;1.6250000e+02;9.2684492e-02;1.6250000e+02;1.2360278e-01;1.6250000e+02;1.6112600e-01;1.6250000e+02;2.0488822e-01;1.6250000e+02;2.4466406e-01;1.6250000e+02;2.6224777e-01;1.6250000e+02;2.5891364e-01;1.6250000e+02;2.3286536e-01;1.6250000e+02;1.9819802e-01;1.6250000e+02;1.5799905e-01;1.6250000e+02;1.1471775e-01;1.6250000e+02;7.5406805e-02;1.6250000e+02;3.7877709e-02;1.6250000e+02;-4.2423885e-04;1.6250000e+02;9.3199220e-03;1.6250000e+02;2.4570860e-02;1.6250000e+02;4.4591684e-02;1.6250000e+02;6.8239838e-02;1.6250000e+02;9.2684492e-02;1.6250000e+02;1.2360278e-01;1.6250000e+02;1.6112600e-01;1.6250000e+02;2.0488822e-01;1.6250000e+02;2.4466406e-01;1.6250000e+02;2.6224777e-01;1.6250000e+02;2.5891364e-01;1.6250000e+02;2.3286536e-01;1.6250000e+02;1.9819802e-01;1.6250000e+02;1.5799905e-01;1.6250000e+02;1.1471775e-01;1.6250000e+02;7.5406805e-02;1.6250000e+02;3.7877709e-02;1.6250000e+02;-4.2423885e-04;1.6250000e+02;9.3199220e-03;1.6250000e+02;2.4570860e-02;1.6250000e+02;4.4591684e-02;1.6250000e+02;6.8239838e-02;1.6250000e+02;9.2684492e-02;1.6250000e+02;1.2360278e-01;1.6250000e+02;1.6112600e-01;1.6250000e+02;2.0488822e-01;1.6250000e+02;2.4466406e-01;1.6250000e+02;2.6224777e-01;1.6250000e+02;2.5891364e-01;1.6250000e+02;2.3286536e-01;1.6250000e+02;1.9819802e-01;1.6250000e+02;1.5799905e-01;1.6250000e+02;1.1471775e-01;1.6250000e+02;7.5406805e-02;1.6250000e+02;3.7877709e-02;1.6250000e+02;-4.2423885e-04;1.6250000e+02;9.3199220e-03;1.6250000e+02;2.4570860e-02;1.6250000e+02;4.4591684e-02;1.6250000e+02;6.8239838e-02;1.6250000e+02;9.2684492e-02;1.6250000e+02;1.2360278e-01;1.6250000e+02;1.6112600e-01;1.6250000e+02;2.0488822e-01;1.6250000e+02;2.4466406e-01;1.6250000e+02;2.6224777e-01;1.6250000e+02;2.5891364e-01;1.6250000e+02;2.3286536e-01;1.6250000e+02;1.9819802e-01;1.6250000e+02;1.5799905e-01;1.6250000e+02;1.1471775e-01;1.6250000e+02;7.5406805e-02;1.6250000e+02;3.7877709e-02;1.6250000e+02;-4.2423885e-04;1.6250000e+02;9.3199220e-03;1.6250000e+02;2.4570860e-02;1.6250000e+02;4.4591684e-02;1.6250000e+02;6.8239838e-02;1.6250000e+02;9.2684492e-02;1.6250000e+02;1.2360278e-01;1.6250000e+02;1.6112600e-01;1.6250000e+02;2.0488822e-01;1.6250000e+02;2.4466406e-01;1.6250000e+02;2.6224777e-01;1.6250000e+02;2.5891364e-01;1.6250000e+02;2.3286536e-01;1.6250000e+02;1.9819802e-01;1.6250000e+02;1.5799905e-01;1.6250000e+02;1.1471775e-01;1.6250000e+02;7.5406805e-02;1.6250000e+02;3.7877709e-02;1.6250000e+02;-4.2423885e-04;1.6250000e+02;9.3199220e-03;1.6250000e+02;2.4570860e-02;1.6250000e+02;4.4591684e-02;1.6250000e+02;6.8239838e-02;1.6250000e+02;9.2684492e-02;1.6250000e+02;1.2360278e-01;1.6250000e+02;1.6112600e-01;1.6250000e+02;2.0488822e-01;1.6250000e+02;2.4466406e-01;1.6250000e+02;2.6224777e-01;1.6250000e+02;2.5891364e-01;1.6250000e+02;2.3286536e-01;1.6250000e+02;1.9819802e-01;1.6250000e+02;1.5799905e-01;1.6250000e+02;1.1471775e-01;1.6250000e+02;7.5406805e-02;1.6250000e+02;3.7877709e-02;1.6250000e+02;-4.2423885e-04;1.6250000e+02;9.3199220e-03;1.6250000e+02;2.4570860e-02;1.6250000e+02;4.4591684e-02;1.6250000e+02;6.8239838e-02;1.6250000e+02;9.2684492e-02;1.6250000e+02;1.2360278e-01;1.6250000e+02;1.6112600e-01;1.6250000e+02;2.0488822e-01;1.6250000e+02;2.4466406e-01;1.6250000e+02;2.6224777e-01;1.6250000e+02;2.5891364e-01;1.6250000e+02;2.3286536e-01;1.6250000e+02;1.9819802e-01;1.6250000e+02;1.5799905e-01;1.6250000e+02;1.1471775e-01;1.6250000e+02;7.5406805e-02;1.6250000e+02;3.7877709e-02;1.6250000e+02;-4.2423885e-04;1.6250000e+02;9.3199220e-03;1.6250000e+02;2.4570860e-02;1.6250000e+02;4.4591684e-02;1.6250000e+02;6.8239838e-02;1.6250000e+02;9.2684492e-02;1.6250000e+02;1.2360278e-01;1.6250000e+02;1.6112600e-01;1.6250000e+02;2.0488822e-01;1.6250000e+02;2.4466406e-01;1.6250000e+02;2.6224777e-01;1.6250000e+02;2.5891364e-01;1.6250000e+02;2.3286536e-01;1.6250000e+02;1.9819802e-01;1.6250000e+02;1.5799905e-01;1.6250000e+02;1.1471775e-01;1.6250000e+02;7.5406805e-02;1.6250000e+02;3.7877709e-02;1.6250000e+02;-4.2423885e-04;1.6250000e+02;9.3199220e-03;1.6250000e+02;2.4570860e-02;1.6250000e+02;4.4591684e-02;1.6250000e+02;6.8239838e-02;1.6250000e+02;9.2684492e-02;1.6250000e+02;1.2360278e-01;1.6250000e+02;1.6112600e-01;1.6250000e+02;2.0488822e-01;1.6250000e+02;2.4466406e-01;1.6250000e+02;2.6224777e-01;1.6250000e+02;2.5891364e-01;1.6250000e+02;2.3286536e-01;1.6250000e+02;1.9819802e-01;1.6250000e+02;1.5799905e-01;1.6250000e+02;1.1471775e-01;1.6250000e+02;7.5406805e-02;1.6250000e+02;3.7877709e-02;1.6250000e+02;-4.2423885e-04;1.6250000e+02;9.3199220e-03;1.6250000e+02;2.4570860e-02;1.6250000e+02;4.4591684e-02;1.6250000e+02;6.8239838e-02;1.6250000e+02;9.2684492e-02;1.6250000e+02;1.2360278e-01;1.6250000e+02;1.6112600e-01;1.6250000e+02;2.0488822e-01;1.6250000e+02;2.4466406e-01;1.6250000e+02;2.6224777e-01;1.6250000e+02;2.5891364e-01;1.6250000e+02;2.3286536e-01;1.6250000e+02;1.9819802e-01;1.6250000e+02;1.5799905e-01;1.6250000e+02;1.1471775e-01;1.6250000e+02;7.5406805e-02;1.6250000e+02;3.7877709e-02;1.6250000e+02;-4.2423885e-04;1.6250000e+02;9.3199220e-03;1.6250000e+02;2.4570860e-02;1.6250000e+02;4.4591684e-02;1.6250000e+02;6.8239838e-02;1.6250000e+02;9.2684492e-02;1.6250000e+02;1.2360278e-01;1.6250000e+02;1.6112600e-01;1.6250000e+02;2.0488822e-01;1.6250000e+02;2.4466406e-01;1.6250000e+02;2.6224777e-01;1.6250000e+02;2.5891364e-01;1.6250000e+02;2.3286536e-01;1.6250000e+02;1.9819802e-01;1.6250000e+02;1.5799905e-01;1.6250000e+02;1.1471775e-01;1.6250000e+02;7.5406805e-02;1.6250000e+02;3.7877709e-02;1.6250000e+02;-4.2423885e-04;1.6250000e+02;9.3199220e-03;1.6250000e+02;2.4570860e-02;1.6250000e+02;4.4591684e-02;1.6250000e+02;6.8239838e-02;1.6250000e+02;9.2684492e-02;1.6250000e+02;1.2360278e-01;1.6250000e+02;1.6112600e-01;1.6250000e+02;2.0488822e-01;1.6250000e+02;2.4466406e-01;1.6250000e+02;2.6224777e-01;1.6250000e+02;2.5891364e-01;1.6250000e+02;2.3286536e-01;1.6250000e+02;1.9819802e-01;1.6250000e+02;1.5799905e-01;1.6250000e+02;1.1471775e-01;1.6250000e+02;7.5406805e-02;1.6250000e+02;3.7877709e-02;1.6250000e+02;-4.2423885e-04;1.6250000e+02;9.3199220e-03;1.6250000e+02;2.4570860e-02;1.6250000e+02;4.4591684e-02;1.6250000e+02;6.8239838e-02;1.6250000e+02;9.2684492e-02;1.6250000e+02;1.2360278e-01;1.6250000e+02;1.6112600e-01;1.6250000e+02;2.0488822e-01;1.6250000e+02;2.4466406e-01;1.6250000e+02;2.6224777e-01;1.6250000e+02;2.5891364e-01;1.6250000e+02;2.3286536e-01;1.6250000e+02;1.9819802e-01;1.6250000e+02;1.5799905e-01;1.6250000e+02;1.1471775e-01;1.6250000e+02;7.5406805e-02;1.6250000e+02;3.7877709e-02;1.6250000e+02;-4.2423885e-04;1.6250000e+02;9.3199220e-03;1.6250000e+02;2.4570860e-02;1.6250000e+02;4.4591684e-02;1.6250000e+02;6.8239838e-02;1.6250000e+02;9.2684492e-02;1.6250000e+02;1.2360278e-01;1.6250000e+02;1.6112600e-01;1.6250000e+02;2.0488822e-01;1.6250000e+02;2.4466406e-01;1.6250000e+02;2.6224777e-01;1.6250000e+02;2.5891364e-01;1.6250000e+02;2.3286536e-01;1.6250000e+02;1.9819802e-01;1.6250000e+02;1.5799905e-01;1.6250000e+02;1.1471775e-01;1.6250000e+02;7.5406805e-02;1.6250000e+02;3.7877709e-02;1.6250000e+02;-4.2423885e-04;1.6250000e+02;9.3199220e-03;1.6250000e+02;2.4570860e-02;1.6250000e+02;4.4591684e-02;1.6250000e+02;6.8239838e-02;1.6250000e+02;9.2684492e-02;1.6250000e+02;1.2360278e-01;1.6250000e+02;1.6112600e-01;1.6250000e+02;2.0488822e-01;1.6250000e+02;2.4466406e-01;1.6250000e+02;2.6224777e-01;1.6250000e+02;2.5891364e-01;1.6250000e+02;2.3286536e-01;1.6250000e+02;1.9819802e-01;1.6250000e+02;1.5799905e-01;1.6250000e+02;1.1471775e-01;1.6250000e+02;7.5406805e-02;1.6250000e+02;3.7877709e-02;1.6250000e+02;-4.2423885e-04;1.6250000e+02;9.3199220e-03;1.6250000e+02;2.4570860e-02;1.6250000e+02;4.4591684e-02;1.6250000e+02;6.8239838e-02;1.6250000e+02;9.2684492e-02;1.6250000e+02;1.2360278e-01;1.6250000e+02;1.6112600e-01;1.6250000e+02;2.0488822e-01;1.6250000e+02;2.4466406e-01;1.6250000e+02;2.6224777e-01;1.6250000e+02;2.5891364e-01;1.6250000e+02;2.3286536e-01;1.6250000e+02;1.9819802e-01;1.6250000e+02;1.5799905e-01;1.6250000e+02;1.1471775e-01;1.6250000e+02;7.5406805e-02;1.6250000e+02;3.7877709e-02;1.6250000e+02;-4.2423885e-04;1.6250000e+02;9.3199220e-03;1.6250000e+02;2.4570860e-02;1.6250000e+02;4.4591684e-02;1.6250000e+02;6.8239838e-02;1.6250000e+02;9.2684492e-02;1.6250000e+02;1.2360278e-01;1.6250000e+02;1.6112600e-01;1.6250000e+02;2.0488822e-01;1.6250000e+02;2.4466406e-01;1.6250000e+02;2.6224777e-01;1.6250000e+02;2.5891364e-01;1.6250000e+02;2.3286536e-01;1.6250000e+02;1.9819802e-01;1.6250000e+02;1.5799905e-01;1.6250000e+02;1.1471775e-01;1.6250000e+02;7.5406805e-02;1.6250000e+02;3.7877709e-02;1.6250000e+02;-4.2423885e-04;1.6250000e+02;9.3199220e-03;1.6250000e+02;2.4570860e-02;1.6250000e+02;4.4591684e-02;1.6250000e+02;6.8239838e-02;1.6250000e+02;9.2684492e-02;1.6250000e+02;1.2360278e-01;1.6250000e+02;1.6112600e-01;1.6250000e+02;2.0488822e-01;1.6250000e+02;2.4466406e-01;1.6250000e+02;2.6224777e-01;1.6250000e+02;2.5891364e-01;1.6250000e+02;2.3286536e-01;1.6250000e+02;1.9819802e-01;1.6250000e+02;1.5799905e-01;1.6250000e+02;1.1471775e-01;1.6250000e+02;7.5406805e-02;1.6250000e+02;3.7877709e-02;1.6250000e+02;-4.2423885e-04;1.6250000e+02;9.3199220e-03;1.6250000e+02;2.4570860e-02;1.6250000e+02;4.4591684e-02;1.6250000e+02;6.8239838e-02;1.6250000e+02;9.2684492e-02;1.6250000e+02;1.2360278e-01;1.6250000e+02;1.6112600e-01;1.6250000e+02;2.0488822e-01;1.6250000e+02;2.4466406e-01;1.6250000e+02;2.6224777e-01;1.6250000e+02;2.5891364e-01;1.6250000e+02;2.3286536e-01;1.6250000e+02;1.9819802e-01;1.6250000e+02;1.5799905e-01;1.6250000e+02;1.1471775e-01;1.6250000e+02;7.5406805e-02;1.6250000e+02;3.7877709e-02;1.6250000e+02;-4.2423885e-04;1.6250000e+02;9.3199220e-03;1.6250000e+02;2.4570860e-02;1.6250000e+02;4.4591684e-02;1.6250000e+02;6.8239838e-02;1.6250000e+02;9.2684492e-02;1.6250000e+02;1.2360278e-01;1.6250000e+02;1.6112600e-01;1.6250000e+02;2.0488822e-01;1.6250000e+02;2.4466406e-01;1.6250000e+02;2.6224777e-01;1.6250000e+02;2.5891364e-01;1.6250000e+02;2.3286536e-01;1.6250000e+02;1.9819802e-01;1.6250000e+02;1.5799905e-01;1.6250000e+02;1.1471775e-01;1.6250000e+02;7.5406805e-02;1.6250000e+02;3.7877709e-02;1.6250000e+02;-4.2423885e-04;1.6250000e+02;9.3199220e-03;1.6250000e+02;2.4570860e-02;1.6250000e+02;4.4591684e-02;1.6250000e+02;6.8239838e-02;1.6250000e+02;9.2684492e-02;1.6250000e+02;1.2360278e-01;1.6250000e+02;1.6112600e-01;1.6250000e+02;2.0488822e-01;1.6250000e+02;2.4466406e-01;1.6250000e+02;2.6224777e-01;1.6250000e+02;2.5891364e-01;1.6250000e+02;2.3286536e-01;1.6250000e+02;1.9819802e-01;1.6250000e+02;1.5799905e-01;1.6250000e+02;1.1471775e-01;1.6250000e+02;7.5406805e-02;1.6250000e+02;3.7877709e-02;1.6250000e+02;-4.2423885e-04;1.6250000e+02;9.3199220e-03;1.6250000e+02;2.4570860e-02;1.6250000e+02;4.4591684e-02;1.6250000e+02;6.8239838e-02;1.6250000e+02;9.2684492e-02;1.6250000e+02;1.2360278e-01;1.6250000e+02;1.6112600e-01;1.6250000e+02;2.0488822e-01;1.6250000e+02;2.4466406e-01;1.6250000e+02;2.6224777e-01;1.6250000e+02;2.5891364e-01;1.6250000e+02;2.3286536e-01;1.6250000e+02;1.9819802e-01;1.6250000e+02;1.5799905e-01;1.6250000e+02;1.1471775e-01;1.6250000e+02;7.5406805e-02;1.6250000e+02;3.7877709e-02;1.6250000e+02;-4.2423885e-04;1.6250000e+02;9.3199220e-03;1.6250000e+02;2.4570860e-02;1.6250000e+02;4.4591684e-02;1.6250000e+02;6.8239838e-02;1.6250000e+02;9.2684492e-02;1.6250000e+02;1.2360278e-01;1.6250000e+02;1.6112600e-01;1.6250000e+02;2.0488822e-01;1.6250000e+02;2.4466406e-01;1.6250000e+02;2.6224777e-01;1.6250000e+02;2.5891364e-01;1.6250000e+02;2.3286536e-01;1.6250000e+02;1.9819802e-01;1.6250000e+02;1.5799905e-01;1.6250000e+02;1.1471775e-01;1.6250000e+02;7.5406805e-02;1.6250000e+02;3.7877709e-02;1.6250000e+02;-4.2423885e-04;1.6250000e+02;9.3199220e-03;1.6250000e+02;2.4570860e-02;1.6250000e+02;4.4591684e-02;1.6250000e+02;6.8239838e-02;1.6250000e+02;9.2684492e-02;1.6250000e+02;1.2360278e-01;1.6250000e+02;1.6112600e-01;1.6250000e+02;2.0488822e-01;1.6250000e+02;2.4466406e-01;1.6250000e+02;2.6224777e-01;1.6250000e+02;2.5891364e-01;1.6250000e+02;2.3286536e-01;1.6250000e+02;1.9819802e-01;1.6250000e+02;1.5799905e-01;1.6250000e+02;1.1471775e-01;1.6250000e+02;7.5406805e-02;1.6250000e+02;3.7877709e-02;1.6250000e+02;-4.2423885e-04;1.6250000e+02;9.3199220e-03;1.6250000e+02;2.4570860e-02;1.6250000e+02;4.4591684e-02;1.6250000e+02;6.8239838e-02;1.6250000e+02;9.2684492e-02;1.6250000e+02;1.2360278e-01;1.6250000e+02;1.6112600e-01;1.6250000e+02;2.0488822e-01;1.6250000e+02;2.4466406e-01;1.6250000e+02;2.6224777e-01;1.6250000e+02;2.5891364e-01;1.6250000e+02;2.3286536e-01;1.6250000e+02;1.9819802e-01;1.6250000e+02;1.5799905e-01;1.6250000e+02;1.1471775e-01;1.6250000e+02;7.5406805e-02;1.6250000e+02;3.7877709e-02;1.6250000e+02;-4.2423885e-04;1.6250000e+02;9.3199220e-03;1.6250000e+02;2.4570860e-02;1.6250000e+02;4.4591684e-02;1.6250000e+02;6.8239838e-02;1.6250000e+02;9.2684492e-02;1.6250000e+02;1.2360278e-01;1.6250000e+02;1.6112600e-01;1.6250000e+02;2.0488822e-01;1.6250000e+02;2.4466406e-01;1.6250000e+02;2.6224777e-01;1.6250000e+02;2.5891364e-01;1.6250000e+02;2.3286536e-01;1.6250000e+02;1.9819802e-01;1.6250000e+02;1.5799905e-01;1.6250000e+02;1.1471775e-01;1.6250000e+02;7.5406805e-02;1.6250000e+02;3.7877709e-02;1.6250000e+02;-4.2423885e-04;1.6250000e+02;9.3199220e-03;1.6250000e+02;2.4570860e-02;1.6250000e+02;4.4591684e-02;1.6250000e+02;6.8239838e-02;1.6250000e+02;9.2684492e-02;1.6250000e+02;1.2360278e-01;1.6250000e+02;1.6112600e-01;1.6250000e+02;2.0488822e-01;1.6250000e+02;2.4466406e-01;1.6250000e+02;2.6224777e-01;1.6250000e+02;2.5891364e-01;1.6250000e+02;2.3286536e-01;1.6250000e+02;1.9819802e-01;1.6250000e+02;1.5799905e-01;1.6250000e+02;1.1471775e-01;1.6250000e+02;7.5406805e-02;1.6250000e+02;3.7877709e-02;1.6250000e+02;-4.2423885e-04;1.6250000e+02;9.3199220e-03;1.6250000e+02;2.4570860e-02;1.6250000e+02;4.4591684e-02;1.6250000e+02;6.8239838e-02;1.6250000e+02;9.2684492e-02;1.6250000e+02;1.2360278e-01;1.6250000e+02;1.6112600e-01;1.6250000e+02;2.0488822e-01;1.6250000e+02;2.4466406e-01;1.6250000e+02;2.6224777e-01;1.6250000e+02;2.5891364e-01;1.6250000e+02;2.3286536e-01;1.6250000e+02;1.9819802e-01;1.6250000e+02;1.5799905e-01;1.6250000e+02;1.1471775e-01;1.6250000e+02;7.5406805e-02;1.6250000e+02;3.7877709e-02;1.6250000e+02;-4.2423885e-04;1.6250000e+02;9.3199220e-03;1.6250000e+02;2.4570860e-02;1.6250000e+02;4.4591684e-02;1.6250000e+02;6.8239838e-02;1.6250000e+02;9.2684492e-02;1.6250000e+02;1.2360278e-01;1.6250000e+02;1.6112600e-01;1.6250000e+02;2.0488822e-01;1.6250000e+02;2.4466406e-01;1.6250000e+02;2.6224777e-01;1.6250000e+02;2.5891364e-01;1.6250000e+02;2.3286536e-01;1.6250000e+02;1.9819802e-01;1.6250000e+02;1.5799905e-01;1.6250000e+02;1.1471775e-01;1.6250000e+02;7.5406805e-02;1.6250000e+02;3.7877709e-02;1.6250000e+02;-4.2423885e-04;1.6250000e+02;9.3199220e-03;1.6250000e+02;2.4570860e-02;1.6250000e+02;4.4591684e-02;1.6250000e+02;6.8239838e-02;1.6250000e+02;9.2684492e-02;1.6250000e+02;1.2360278e-01;1.6250000e+02;1.6112600e-01;1.6250000e+02;2.0488822e-01;1.6250000e+02;2.4466406e-01;1.6250000e+02;2.6224777e-01;1.6250000e+02;2.5891364e-01;1.6250000e+02;2.3286536e-01;1.6250000e+02;1.9819802e-01;1.6250000e+02;1.5799905e-01;1.6250000e+02;1.1471775e-01;1.6250000e+02;7.5406805e-02;1.6250000e+02;3.7877709e-02;1.6250000e+02;-4.2423885e-04;1.6250000e+02;9.3199220e-03;1.6250000e+02;2.4570860e-02;1.6250000e+02;4.4591684e-02;1.6250000e+02;6.8239838e-02;1.6250000e+02;9.2684492e-02;1.6250000e+02;1.2360278e-01;1.6250000e+02;1.6112600e-01;1.6250000e+02;2.0488822e-01;1.6250000e+02;2.4466406e-01;1.6250000e+02;2.6224777e-01;1.6250000e+02;2.5891364e-01;1.6250000e+02;2.3286536e-01;1.6250000e+02;1.9819802e-01;1.6250000e+02;1.5799905e-01;1.6250000e+02;1.1471775e-01;1.6250000e+02;7.5406805e-02;1.6250000e+02;3.7877709e-02;1.6250000e+02;-4.2423885e-04;1.6250000e+02;9.3199220e-03;1.6250000e+02;2.4570860e-02;1.6250000e+02;4.4591684e-02;1.6250000e+02;6.8239838e-02;1.6250000e+02;9.2684492e-02;1.6250000e+02;1.2360278e-01;1.6250000e+02;1.6112600e-01;1.6250000e+02;2.0488822e-01;1.6250000e+02;2.4466406e-01;1.6250000e+02;2.6224777e-01;1.6250000e+02;2.5891364e-01;1.6250000e+02;2.3286536e-01;1.6250000e+02;1.9819802e-01;1.6250000e+02;1.5799905e-01;1.6250000e+02;1.1471775e-01;1.6250000e+02;7.5406805e-02;1.6250000e+02;3.7877709e-02;1.6250000e+02;-4.2423885e-04;1.6250000e+02;9.3199220e-03;1.6250000e+02;2.4570860e-02;1.6250000e+02;4.4591684e-02;1.6250000e+02;6.8239838e-02;1.6250000e+02;9.2684492e-02;1.6250000e+02;1.2360278e-01;1.6250000e+02;1.6112600e-01;1.6250000e+02;2.0488822e-01;1.6250000e+02;2.4466406e-01;1.6250000e+02;2.6224777e-01;1.6250000e+02;2.5891364e-01;1.6250000e+02;2.3286536e-01;1.6250000e+02;1.9819802e-01;1.6250000e+02;1.5799905e-01;1.6250000e+02;1.1471775e-01;1.6250000e+02;7.5406805e-02;1.6250000e+02;3.7877709e-02;1.6250000e+02;-4.2423885e-04;1.6250000e+02;9.3199220e-03;1.6250000e+02;2.4570860e-02;1.6250000e+02;4.4591684e-02;1.6250000e+02;6.8239838e-02;1.6250000e+02;9.2684492e-02;1.6250000e+02;1.2360278e-01;1.6250000e+02;1.6112600e-01;1.6250000e+02;2.0488822e-01;1.6250000e+02;2.4466406e-01;1.6250000e+02;2.6224777e-01;1.6250000e+02;2.5891364e-01;1.6250000e+02;2.3286536e-01;1.6250000e+02;1.9819802e-01;1.6250000e+02;1.5799905e-01;1.6250000e+02;1.1471775e-01;1.6250000e+02;7.5406805e-02;1.6250000e+02;3.7877709e-02;1.6250000e+02;-4.2423885e-04;1.6250000e+02;9.3199220e-03;1.6250000e+02;2.4570860e-02;1.6250000e+02;4.4591684e-02;1.6250000e+02;6.8239838e-02;1.6250000e+02;9.2684492e-02;1.6250000e+02;1.2360278e-01;1.6250000e+02;1.6112600e-01;1.6250000e+02;2.0488822e-01;1.6250000e+02;2.4466406e-01;1.6250000e+02;2.6224777e-01;1.6250000e+02;2.5891364e-01;1.6250000e+02;2.3286536e-01;1.6250000e+02;1.9819802e-01;1.6250000e+02;1.5799905e-01;1.6250000e+02;1.1471775e-01;1.6250000e+02;7.5406805e-02;1.6250000e+02;3.7877709e-02;1.6250000e+02;-4.2423885e-04;1.6250000e+02;9.3199220e-03;1.6250000e+02;2.4570860e-02;1.6250000e+02;4.4591684e-02;1.6250000e+02;6.8239838e-02;1.6250000e+02;9.2684492e-02;1.6250000e+02;1.2360278e-01;1.6250000e+02;1.6112600e-01;1.6250000e+02;2.0488822e-01;1.6250000e+02;2.4466406e-01;1.6250000e+02;2.6224777e-01;1.6250000e+02;2.5891364e-01;1.6250000e+02;2.3286536e-01;1.6250000e+02;1.9819802e-01;1.6250000e+02;1.5799905e-01;1.6250000e+02;1.1471775e-01;1.6250000e+02;7.5406805e-02;1.6250000e+02;3.7877709e-02;1.6250000e+02;-4.2423885e-04;1.6250000e+02;9.3199220e-03;1.6250000e+02;2.4570860e-02;1.6250000e+02;4.4591684e-02;1.6250000e+02;6.8239838e-02;1.6250000e+02;9.2684492e-02;1.6250000e+02;1.2360278e-01;1.6250000e+02;1.6112600e-01;1.6250000e+02;2.0488822e-01;1.6250000e+02;2.4466406e-01;1.6250000e+02;2.6224777e-01;1.6250000e+02;2.5891364e-01;1.6250000e+02;2.3286536e-01;1.6250000e+02;1.9819802e-01;1.6250000e+02;1.5799905e-01;1.6250000e+02;1.1471775e-01;1.6250000e+02;7.5406805e-02;1.6250000e+02;3.7877709e-02;1.6250000e+02;-4.2423885e-04;1.6250000e+02;9.3199220e-03;1.6250000e+02;2.4570860e-02;1.6250000e+02;4.4591684e-02;1.6250000e+02;6.8239838e-02;1.6250000e+02;9.2684492e-02;1.6250000e+02;1.2360278e-01;1.6250000e+02;1.6112600e-01;1.6250000e+02;2.0488822e-01;1.6250000e+02;2.4466406e-01;1.6250000e+02;2.6224777e-01;1.6250000e+02;2.5891364e-01;1.6250000e+02;2.3286536e-01;1.6250000e+02;1.9819802e-01;1.6250000e+02;1.5799905e-01;1.6250000e+02;1.1471775e-01;1.6250000e+02;7.5406805e-02;1.6250000e+02;3.7877709e-02;1.6250000e+02;-4.2423885e-04;1.6250000e+02;9.3199220e-03;1.6250000e+02;2.4570860e-02;1.6250000e+02;4.4591684e-02;1.6250000e+02;6.8239838e-02;1.6250000e+02;9.2684492e-02;1.6250000e+02;1.2360278e-01;1.6250000e+02;1.6112600e-01;1.6250000e+02;2.0488822e-01;1.6250000e+02;2.4466406e-01;1.6250000e+02;2.6224777e-01;1.6250000e+02;2.5891364e-01;1.6250000e+02;2.3286536e-01;1.6250000e+02;1.9819802e-01;1.6250000e+02;1.5799905e-01;1.6250000e+02;1.1471775e-01;1.6250000e+02;7.5406805e-02;1.6250000e+02;3.7877709e-02;1.6250000e+02;-4.2423885e-04;1.6250000e+02;9.3199220e-03;1.6250000e+02;2.4570860e-02;1.6250000e+02;4.4591684e-02;1.6250000e+02;6.8239838e-02;1.6250000e+02;9.2684492e-02;1.6250000e+02;1.2360278e-01;1.6250000e+02;1.6112600e-01;1.6250000e+02;2.0488822e-01;1.6250000e+02;2.4466406e-01;1.6250000e+02;2.6224777e-01;1.6250000e+02;2.5891364e-01;1.6250000e+02;2.3286536e-01;1.6250000e+02;1.9819802e-01;1.6250000e+02;1.5799905e-01;1.6250000e+02;1.1471775e-01;1.6250000e+02;7.5406805e-02;1.6250000e+02;3.7877709e-02;1.6250000e+02;-4.2423885e-04;1.6250000e+02;9.3199220e-03;1.6250000e+02;2.4570860e-02;1.6250000e+02;4.4591684e-02;1.6250000e+02;6.8239838e-02;1.6250000e+02;9.2684492e-02;1.6250000e+02;1.2360278e-01;1.6250000e+02;1.6112600e-01;1.6250000e+02;2.0488822e-01;1.6250000e+02;2.4466406e-01;1.6250000e+02;2.6224777e-01;1.6250000e+02;2.5891364e-01;1.6250000e+02;2.3286536e-01;1.6250000e+02;1.9819802e-01;1.6250000e+02;1.5799905e-01;1.6250000e+02;1.1471775e-01;1.6250000e+02;7.5406805e-02;1.6250000e+02;3.7877709e-02;1.6250000e+02;-4.2423885e-04;1.6250000e+02;9.3199220e-03;1.6250000e+02;2.4570860e-02;1.6250000e+02;4.4591684e-02;1.6250000e+02;6.8239838e-02;1.6250000e+02;9.2684492e-02;1.6250000e+02;1.2360278e-01;1.6250000e+02;1.6112600e-01;1.6250000e+02;2.0488822e-01;1.6250000e+02;2.4466406e-01;1.6250000e+02;2.6224777e-01;1.6250000e+02;2.5891364e-01;1.6250000e+02;2.3286536e-01;1.6250000e+02;1.9819802e-01;1.6250000e+02;1.5799905e-01;1.6250000e+02;1.1471775e-01;1.6250000e+02;7.5406805e-02;1.6250000e+02;3.7877709e-02;1.6250000e+02;-4.2423885e-04;1.6250000e+02;9.3199220e-03;1.6250000e+02;2.4570860e-02;1.6250000e+02;4.4591684e-02;1.6250000e+02;6.8239838e-02;1.6250000e+02;9.2684492e-02;1.6250000e+02;1.2360278e-01;1.6250000e+02;1.6112600e-01;1.6250000e+02;2.0488822e-01;1.6250000e+02;2.4466406e-01;1.6250000e+02;2.6224777e-01;1.6250000e+02;2.5891364e-01;1.6250000e+02;2.3286536e-01;1.6250000e+02;1.9819802e-01;1.6250000e+02;1.5799905e-01;1.6250000e+02;1.1471775e-01;1.6250000e+02;7.5406805e-02;1.6250000e+02;3.7877709e-02;1.6250000e+02;-4.2423885e-04;1.6250000e+02;9.3199220e-03;1.6250000e+02;2.4570860e-02;1.6250000e+02;4.4591684e-02;1.6250000e+02;6.8239838e-02;1.6250000e+02;9.2684492e-02;1.6250000e+02;1.2360278e-01;1.6250000e+02;1.6112600e-01;1.6250000e+02;2.0488822e-01;1.6250000e+02;2.4466406e-01;1.6250000e+02;2.6224777e-01;1.6250000e+02;2.5891364e-01;1.6250000e+02;2.3286536e-01;1.6250000e+02;1.9819802e-01;1.6250000e+02;1.5799905e-01;1.6250000e+02;1.1471775e-01;1.6250000e+02;7.5406805e-02;1.6250000e+02;3.7877709e-02;1.6250000e+02;-4.2423885e-04;1.6250000e+02;9.3199220e-03;1.6250000e+02;2.4570860e-02;1.6250000e+02;4.4591684e-02;1.6250000e+02;6.8239838e-02;1.6250000e+02;9.2684492e-02;1.6250000e+02;1.2360278e-01;1.6250000e+02;1.6112600e-01;1.6250000e+02;2.0488822e-01;1.6250000e+02;2.4466406e-01;1.6250000e+02;2.6224777e-01;1.6250000e+02;2.5891364e-01;1.6250000e+02;2.3286536e-01;1.6250000e+02;1.9819802e-01;1.6250000e+02;1.5799905e-01;1.6250000e+02;1.1471775e-01;1.6250000e+02;7.5406805e-02;1.6250000e+02;3.7877709e-02;1.6250000e+02;-4.2423885e-04;1.6250000e+02;9.3199220e-03;1.6250000e+02;2.4570860e-02;1.6250000e+02;4.4591684e-02;1.6250000e+02;6.8239838e-02;1.6250000e+02;9.2684492e-02;1.6250000e+02;1.2360278e-01;1.6250000e+02;1.6112600e-01;1.6250000e+02;2.0488822e-01;1.6250000e+02;2.4466406e-01;1.6250000e+02;2.6224777e-01;1.6250000e+02;2.5891364e-01;1.6250000e+02;2.3286536e-01;1.6250000e+02;1.9819802e-01;1.6250000e+02;1.5799905e-01;1.6250000e+02;1.1471775e-01;1.6250000e+02;7.5406805e-02;1.6250000e+02;3.7877709e-02;1.6250000e+02;-4.2423885e-04;1.6250000e+02;9.3199220e-03;1.6250000e+02;2.4570860e-02;1.6250000e+02;4.4591684e-02;1.6250000e+02;6.8239838e-02;1.6250000e+02;9.2684492e-02;1.6250000e+02;1.2360278e-01;1.6250000e+02;1.6112600e-01;1.6250000e+02;2.0488822e-01;1.6250000e+02;2.4466406e-01;1.6250000e+02;2.6224777e-01;1.6250000e+02;2.5891364e-01;1.6250000e+02;2.3286536e-01;1.6250000e+02;1.9819802e-01;1.6250000e+02;1.5799905e-01;1.6250000e+02;1.1471775e-01;1.6250000e+02;7.5406805e-02;1.6250000e+02;3.7877709e-02;1.6250000e+02;-4.2423885e-04;1.6250000e+02;9.3199220e-03;1.6250000e+02;2.4570860e-02;1.6250000e+02;4.4591684e-02;1.6250000e+02;6.8239838e-02;1.6250000e+02;9.2684492e-02;1.6250000e+02;1.2360278e-01;1.6250000e+02;1.6112600e-01;1.6250000e+02;2.0488822e-01;1.6250000e+02;2.4466406e-01;1.6250000e+02;2.6224777e-01;1.6250000e+02;2.5891364e-01;1.6250000e+02;2.3286536e-01;1.6250000e+02;1.9819802e-01;1.6250000e+02;1.5799905e-01;1.6250000e+02;1.1471775e-01;1.6250000e+02;7.5406805e-02;1.6250000e+02;3.7877709e-02;1.6250000e+02;-4.2423885e-04;1.6250000e+02;9.3199220e-03;1.6250000e+02;2.4570860e-02;1.6250000e+02;4.4591684e-02;1.6250000e+02;6.8239838e-02;1.6250000e+02;9.2684492e-02;1.6250000e+02;1.2360278e-01;1.6250000e+02;1.6112600e-01;1.6250000e+02;2.0488822e-01;1.6250000e+02;2.4466406e-01;1.6250000e+02;2.6224777e-01;1.6250000e+02;2.5891364e-01;1.6250000e+02;2.3286536e-01;1.6250000e+02;1.9819802e-01;1.6250000e+02;1.5799905e-01;1.6250000e+02;1.1471775e-01;1.6250000e+02;7.5406805e-02;1.6250000e+02;3.7877709e-02;1.6250000e+02;-4.2423885e-04;1.6250000e+02;9.3199220e-03;1.6250000e+02;2.4570860e-02;1.6250000e+02;4.4591684e-02;1.6250000e+02;6.8239838e-02;1.6250000e+02;9.2684492e-02;1.6250000e+02;1.2360278e-01;1.6250000e+02;1.6112600e-01;1.6250000e+02;2.0488822e-01;1.6250000e+02;2.4466406e-01;1.6250000e+02;2.6224777e-01;1.6250000e+02;2.5891364e-01;1.6250000e+02;2.3286536e-01;1.6250000e+02;1.9819802e-01;1.6250000e+02;1.5799905e-01;1.6250000e+02;1.1471775e-01;1.6250000e+02;7.5406805e-02;1.6250000e+02;3.7877709e-02;1.6250000e+02;-4.2423885e-04;1.6250000e+02;9.3199220e-03;1.6250000e+02;2.4570860e-02;1.6250000e+02;4.4591684e-02;1.6250000e+02;6.8239838e-02;1.6250000e+02;9.2684492e-02;1.6250000e+02;1.2360278e-01;1.6250000e+02;1.6112600e-01;1.6250000e+02;2.0488822e-01;1.6250000e+02;2.4466406e-01;1.6250000e+02;2.6224777e-01;1.6250000e+02;2.5891364e-01;1.6250000e+02;2.3286536e-01;1.6250000e+02;1.9819802e-01;1.6250000e+02;1.5799905e-01;1.6250000e+02;1.1471775e-01;1.6250000e+02;7.5406805e-02;1.6250000e+02;3.7877709e-02;1.6250000e+02;-4.2423885e-04;1.6250000e+02;9.3199220e-03;1.6250000e+02;2.4570860e-02;1.6250000e+02;4.4591684e-02;1.6250000e+02;6.8239838e-02;1.6250000e+02;9.2684492e-02;1.6250000e+02;1.2360278e-01;1.6250000e+02;1.6112600e-01;1.6250000e+02;2.0488822e-01;1.6250000e+02;2.4466406e-01;1.6250000e+02;2.6224777e-01;1.6250000e+02;2.5891364e-01;1.6250000e+02;2.3286536e-01;1.6250000e+02;1.9819802e-01;1.6250000e+02;1.5799905e-01;1.6250000e+02;1.1471775e-01;1.6250000e+02;7.5406805e-02;1.6250000e+02;3.7877709e-02;1.6250000e+02;-4.2423885e-04;1.6250000e+02;9.3199220e-03;1.6250000e+02;2.4570860e-02;1.6250000e+02;4.4591684e-02;1.6250000e+02;6.8239838e-02;1.6250000e+02;9.2684492e-02;1.6250000e+02;1.2360278e-01;1.6250000e+02;1.6112600e-01;1.6250000e+02;2.0488822e-01;1.6250000e+02;2.4466406e-01;1.6250000e+02;2.6224777e-01;1.6250000e+02;2.5891364e-01;1.6250000e+02;2.3286536e-01;1.6250000e+02;1.9819802e-01;1.6250000e+02;1.5799905e-01;1.6250000e+02;1.1471775e-01;1.6250000e+02;7.5406805e-02;1.6250000e+02;3.7877709e-02;1.6250000e+02;-4.2423885e-04;1.6250000e+02;9.3199220e-03;1.6250000e+02;2.4570860e-02;1.6250000e+02;4.4591684e-02;1.6250000e+02;6.8239838e-02;1.6250000e+02;9.2684492e-02;1.6250000e+02;1.2360278e-01;1.6250000e+02;1.6112600e-01;1.6250000e+02;2.0488822e-01;1.6250000e+02;2.4466406e-01;1.6250000e+02;2.6224777e-01;1.6250000e+02;2.5891364e-01;1.6250000e+02;2.3286536e-01;1.6250000e+02;1.9819802e-01;1.6250000e+02;1.5799905e-01;1.6250000e+02;1.1471775e-01;1.6250000e+02;7.5406805e-02;1.6250000e+02;3.7877709e-02;1.6250000e+02;-4.2423885e-04;1.6250000e+02;9.3199220e-03;1.6250000e+02;2.4570860e-02;1.6250000e+02;4.4591684e-02;1.6250000e+02;6.8239838e-02;1.6250000e+02;9.2684492e-02;1.6250000e+02;1.2360278e-01;1.6250000e+02;1.6112600e-01;1.6250000e+02;2.0488822e-01;1.6250000e+02;2.4466406e-01;1.6250000e+02;2.6224777e-01;1.6250000e+02;2.5891364e-01;1.6250000e+02;2.3286536e-01;1.6250000e+02;1.9819802e-01;1.6250000e+02;1.5799905e-01;1.6250000e+02;1.1471775e-01;1.6250000e+02;7.5406805e-02;1.6250000e+02;3.7877709e-02;1.6250000e+02;-4.2423885e-04;1.6250000e+02;9.3199220e-03;1.6250000e+02;2.4570860e-02;1.6250000e+02;4.4591684e-02;1.6250000e+02;6.8239838e-02;1.6250000e+02;9.2684492e-02;1.6250000e+02;1.2360278e-01;1.6250000e+02;1.6112600e-01;1.6250000e+02;2.0488822e-01;1.6250000e+02;2.4466406e-01;1.6250000e+02;2.6224777e-01;1.6250000e+02;2.5891364e-01;1.6250000e+02;2.3286536e-01;1.6250000e+02;1.9819802e-01;1.6250000e+02;1.5799905e-01;1.6250000e+02;1.1471775e-01;1.6250000e+02;7.5406805e-02;1.6250000e+02;3.7877709e-02;1.6250000e+02;-4.2423885e-04;1.6250000e+02;9.3199220e-03;1.6250000e+02;2.4570860e-02;1.6250000e+02;4.4591684e-02;1.6250000e+02;6.8239838e-02;1.6250000e+02;9.2684492e-02;1.6250000e+02;1.2360278e-01;1.6250000e+02;1.6112600e-01;1.6250000e+02;2.0488822e-01;1.6250000e+02;2.4466406e-01;1.6250000e+02;2.6224777e-01;1.6250000e+02;2.5891364e-01;1.6250000e+02;2.3286536e-01;1.6250000e+02;1.9819802e-01;1.6250000e+02;1.5799905e-01;1.6250000e+02;1.1471775e-01;1.6250000e+02;7.5406805e-02;1.6250000e+02;3.7877709e-02;1.6250000e+02;-4.2423885e-04;1.6250000e+02;9.3199220e-03;1.6250000e+02;2.4570860e-02;1.6250000e+02;4.4591684e-02;1.6250000e+02;6.8239838e-02;1.6250000e+02;9.2684492e-02;1.6250000e+02;1.2360278e-01;1.6250000e+02;1.6112600e-01;1.6250000e+02;2.0488822e-01;1.6250000e+02;2.4466406e-01;1.6250000e+02;2.6224777e-01;1.6250000e+02;2.5891364e-01;1.6250000e+02;2.3286536e-01;1.6250000e+02;1.9819802e-01;1.6250000e+02;1.5799905e-01;1.6250000e+02;1.1471775e-01;1.6250000e+02;7.5406805e-02;1.6250000e+02;3.7877709e-02;1.6250000e+02;-4.2423885e-04;1.6250000e+02;9.3199220e-03;1.6250000e+02;2.4570860e-02;1.6250000e+02;4.4591684e-02;1.6250000e+02;6.8239838e-02;1.6250000e+02;9.2684492e-02;1.6250000e+02;1.2360278e-01;1.6250000e+02;1.6112600e-01;1.6250000e+02;2.0488822e-01;1.6250000e+02;2.4466406e-01;1.6250000e+02;2.6224777e-01;1.6250000e+02;2.5891364e-01;1.6250000e+02;2.3286536e-01;1.6250000e+02;1.9819802e-01;1.6250000e+02;1.5799905e-01;1.6250000e+02;1.1471775e-01;1.6250000e+02;7.5406805e-02;1.6250000e+02;3.7877709e-02;1.6250000e+02;-4.2423885e-04;1.6250000e+02;9.3199220e-03;1.6250000e+02;2.4570860e-02;1.6250000e+02;4.4591684e-02;1.6250000e+02;6.8239838e-02;1.6250000e+02;9.2684492e-02;1.6250000e+02;1.2360278e-01;1.6250000e+02;1.6112600e-01;1.6250000e+02;2.0488822e-01;1.6250000e+02;2.4466406e-01;1.6250000e+02;2.6224777e-01;1.6250000e+02;2.5891364e-01;1.6250000e+02;2.3286536e-01;1.6250000e+02;1.9819802e-01;1.6250000e+02;1.5799905e-01;1.6250000e+02;1.1471775e-01;1.6250000e+02;7.5406805e-02;1.6250000e+02;3.7877709e-02;1.6250000e+02;-4.2423885e-04;1.6250000e+02;9.3199220e-03;1.6250000e+02;2.4570860e-02;1.6250000e+02;4.4591684e-02;1.6250000e+02;6.8239838e-02;1.6250000e+02;9.2684492e-02;1.6250000e+02;1.2360278e-01;1.6250000e+02;1.6112600e-01;1.6250000e+02;2.0488822e-01;1.6250000e+02;2.4466406e-01;1.6250000e+02;2.6224777e-01;1.6250000e+02;2.5891364e-01;1.6250000e+02;2.3286536e-01;1.6250000e+02;1.9819802e-01;1.6250000e+02;1.5799905e-01;1.6250000e+02;1.1471775e-01;1.6250000e+02;7.5406805e-02;1.6250000e+02;3.7877709e-02;1.6250000e+02;-4.2423885e-04;1.6250000e+02;9.3199220e-03;1.6250000e+02;2.4570860e-02;1.6250000e+02;4.4591684e-02;1.6250000e+02;6.8239838e-02;1.6250000e+02;9.2684492e-02;1.6250000e+02;1.2360278e-01;1.6250000e+02;1.6112600e-01;1.6250000e+02;2.0488822e-01;1.6250000e+02;2.4466406e-01;1.6250000e+02;2.6224777e-01;1.6250000e+02;2.5891364e-01;1.6250000e+02;2.3286536e-01;1.6250000e+02;1.9819802e-01;1.6250000e+02;1.5799905e-01;1.6250000e+02;1.1471775e-01;1.6250000e+02;7.5406805e-02;1.6250000e+02;3.7877709e-02;1.6250000e+02;-4.2423885e-04;1.6250000e+02;9.3199220e-03;1.6250000e+02;2.4570860e-02;1.6250000e+02;4.4591684e-02;1.6250000e+02;6.8239838e-02;1.6250000e+02;9.2684492e-02;1.6250000e+02;1.2360278e-01;1.6250000e+02;1.6112600e-01;1.6250000e+02;2.0488822e-01;1.6250000e+02;2.4466406e-01;1.6250000e+02;2.6224777e-01;1.6250000e+02;2.5891364e-01;1.6250000e+02;2.3286536e-01;1.6250000e+02;1.9819802e-01;1.6250000e+02;1.5799905e-01;1.6250000e+02;1.1471775e-01;1.6250000e+02;7.5406805e-02;1.6250000e+02;3.7877709e-02;1.6250000e+02;-4.2423885e-04;1.6250000e+02;9.3199220e-03;1.6250000e+02;2.4570860e-02;1.6250000e+02;4.4591684e-02;1.6250000e+02;6.8239838e-02;1.6250000e+02;9.2684492e-02;1.6250000e+02;1.2360278e-01;1.6250000e+02;1.6112600e-01;1.6250000e+02;2.0488822e-01;1.6250000e+02;2.4466406e-01;1.6250000e+02;2.6224777e-01;1.6250000e+02;2.5891364e-01;1.6250000e+02;2.3286536e-01;1.6250000e+02;1.9819802e-01;1.6250000e+02;1.5799905e-01;1.6250000e+02;1.1471775e-01;1.6250000e+02;7.5406805e-02;1.6250000e+02;3.7877709e-02;1.6250000e+02;-4.2423885e-04;1.6250000e+02;9.3199220e-03;1.6250000e+02;2.4570860e-02;1.6250000e+02;4.4591684e-02;1.6250000e+02;6.8239838e-02;1.6250000e+02;9.2684492e-02;1.6250000e+02;1.2360278e-01;1.6250000e+02;1.6112600e-01;1.6250000e+02;2.0488822e-01;1.6250000e+02;2.4466406e-01;1.6250000e+02;2.6224777e-01;1.6250000e+02;2.5891364e-01;1.6250000e+02;2.3286536e-01;1.6250000e+02;1.9819802e-01;1.6250000e+02;1.5799905e-01;1.6250000e+02;1.1471775e-01;1.6250000e+02;7.5406805e-02;1.6250000e+02;3.7877709e-02;1.6250000e+02;-4.2423885e-04;1.6250000e+02;9.3199220e-03;1.6250000e+02;2.4570860e-02;1.6250000e+02;4.4591684e-02;1.6250000e+02;6.8239838e-02;1.6250000e+02;9.2684492e-02;1.6250000e+02;1.2360278e-01;1.6250000e+02;1.6112600e-01;1.6250000e+02;2.0488822e-01;1.6250000e+02;2.4466406e-01;1.6250000e+02;2.6224777e-01;1.6250000e+02;2.5891364e-01;1.6250000e+02;2.3286536e-01;1.6250000e+02;1.9819802e-01;1.6250000e+02;1.5799905e-01;1.6250000e+02;1.1471775e-01;1.6250000e+02;7.5406805e-02;1.6250000e+02;3.7877709e-02;1.6250000e+02;-4.2423885e-04;1.6250000e+02;9.3199220e-03;1.6250000e+02;2.4570860e-02;1.6250000e+02;4.4591684e-02;1.6250000e+02;6.8239838e-02;1.6250000e+02;9.2684492e-02;1.6250000e+02;1.2360278e-01;1.6250000e+02;1.6112600e-01;1.6250000e+02;2.0488822e-01;1.6250000e+02;2.4466406e-01;1.6250000e+02;2.6224777e-01;1.6250000e+02;2.5891364e-01;1.6250000e+02;2.3286536e-01;1.6250000e+02;1.9819802e-01;1.6250000e+02;1.5799905e-01;1.6250000e+02;1.1471775e-01;1.6250000e+02;7.5406805e-02;1.6250000e+02;3.7877709e-02;1.6250000e+02;-4.2423885e-04;1.6250000e+02;9.3199220e-03;1.6250000e+02;2.4570860e-02;1.6250000e+02;4.4591684e-02;1.6250000e+02;6.8239838e-02;1.6250000e+02;9.2684492e-02;1.6250000e+02;1.2360278e-01;1.6250000e+02;1.6112600e-01;1.6250000e+02;2.0488822e-01;1.6250000e+02;2.4466406e-01;1.6250000e+02;2.6224777e-01;1.6250000e+02;2.5891364e-01;1.6250000e+02;2.3286536e-01;1.6250000e+02;1.9819802e-01;1.6250000e+02;1.5799905e-01;1.6250000e+02;1.1471775e-01;1.6250000e+02;7.5406805e-02;1.6250000e+02;3.7877709e-02;1.6250000e+02;-4.2423885e-04;1.6250000e+02;9.3199220e-03;1.6250000e+02;2.4570860e-02;1.6250000e+02;4.4591684e-02;1.6250000e+02;6.8239838e-02;1.6250000e+02;9.2684492e-02;1.6250000e+02;1.2360278e-01;1.6250000e+02;1.6112600e-01;1.6250000e+02;2.0488822e-01;1.6250000e+02;2.4466406e-01;1.6250000e+02;2.6224777e-01;1.6250000e+02;2.5891364e-01;1.6250000e+02;2.3286536e-01;1.6250000e+02;1.9819802e-01;1.6250000e+02;1.5799905e-01;1.6250000e+02;1.1471775e-01;1.6250000e+02;7.5406805e-02;1.6250000e+02;3.7877709e-02;1.6250000e+02;-4.2423885e-04;1.6250000e+02;9.3199220e-03;1.6250000e+02;2.4570860e-02;1.6250000e+02;4.4591684e-02;1.6250000e+02;6.8239838e-02;1.6250000e+02;9.2684492e-02;1.6250000e+02;1.2360278e-01;1.6250000e+02;1.6112600e-01;1.6250000e+02;2.0488822e-01;1.6250000e+02;2.4466406e-01;1.6250000e+02;2.6224777e-01;1.6250000e+02;2.5891364e-01;1.6250000e+02;2.3286536e-01;1.6250000e+02;1.9819802e-01;1.6250000e+02;1.5799905e-01;1.6250000e+02;1.1471775e-01;1.6250000e+02;7.5406805e-02;1.6250000e+02;3.7877709e-02;1.6250000e+02;-4.2423885e-04;1.6250000e+02;9.3199220e-03;1.6250000e+02;2.4570860e-02;1.6250000e+02;4.4591684e-02;1.6250000e+02;6.8239838e-02;1.6250000e+02;9.2684492e-02;1.6250000e+02;1.2360278e-01;1.6250000e+02;1.6112600e-01;1.6250000e+02;2.0488822e-01;1.6250000e+02;2.4466406e-01;1.6250000e+02;2.6224777e-01;1.6250000e+02;2.5891364e-01;1.6250000e+02;2.3286536e-01;1.6250000e+02;1.9819802e-01;1.6250000e+02;1.5799905e-01;1.6250000e+02;1.1471775e-01;1.6250000e+02;7.5406805e-02;1.6250000e+02;3.7877709e-02;1.6250000e+02;-4.2423885e-04;1.6250000e+02;9.3199220e-03;1.6250000e+02;2.4570860e-02;1.6250000e+02;4.4591684e-02;1.6250000e+02;6.8239838e-02;1.6250000e+02;9.2684492e-02;1.6250000e+02;1.2360278e-01;1.6250000e+02;1.6112600e-01;1.6250000e+02;2.0488822e-01;1.6250000e+02;2.4466406e-01;1.6250000e+02;2.6224777e-01;1.6250000e+02;2.5891364e-01;1.6250000e+02;2.3286536e-01;1.6250000e+02;1.9819802e-01;1.6250000e+02;1.5799905e-01;1.6250000e+02;1.1471775e-01;1.6250000e+02;7.5406805e-02;1.6250000e+02;3.7877709e-02;1.6250000e+02;-4.2423885e-04;1.6250000e+02;9.3199220e-03;1.6250000e+02;2.4570860e-02;1.6250000e+02;4.4591684e-02;1.6250000e+02;6.8239838e-02;1.6250000e+02;9.2684492e-02;1.6250000e+02;1.2360278e-01;1.6250000e+02;1.6112600e-01;1.6250000e+02;2.0488822e-01;1.6250000e+02;2.4466406e-01;1.6250000e+02;2.6224777e-01;1.6250000e+02;2.5891364e-01;1.6250000e+02;2.3286536e-01;1.6250000e+02;1.9819802e-01;1.6250000e+02;1.5799905e-01;1.6250000e+02;1.1471775e-01;1.6250000e+02;7.5406805e-02;1.6250000e+02;3.7877709e-02;1.6250000e+02;-4.2423885e-04;1.6250000e+02;9.3199220e-03;1.6250000e+02;2.4570860e-02;1.6250000e+02;4.4591684e-02;1.6250000e+02;6.8239838e-02;1.6250000e+02;9.2684492e-02;1.6250000e+02;1.2360278e-01;1.6250000e+02;1.6112600e-01;1.6250000e+02;2.0488822e-01;1.6250000e+02;2.4466406e-01;1.6250000e+02;2.6224777e-01;1.6250000e+02;2.5891364e-01;1.6250000e+02;2.3286536e-01;1.6250000e+02;1.9819802e-01;1.6250000e+02;1.5799905e-01;1.6250000e+02;1.1471775e-01;1.6250000e+02;7.5406805e-02;1.6250000e+02;3.7877709e-02
1.6750000e+02;1.2773564e-03;1.6750000e+02;1.2828533e-02;1.6750000e+02;3.0352397e-02;1.6750000e+02;5.1146403e-02;1.6750000e+02;7.6138340e-02;1.6750000e+02;1.0514914e-01;1.6750000e+02;1.3548163e-01;1.6750000e+02;1.7117137e-01;1.6750000e+02;2.1053733e-01;1.6750000e+02;2.5308198e-01;1.6750000e+02;2.7370310e-01;1.6750000e+02;2.7096260e-01;1.6750000e+02;2.4285096e-01;1.6750000e+02;2.0693442e-01;1.6750000e+02;1.6555145e-01;1.6750000e+02;1.2024519e-01;1.6750000e+02;7.9540953e-02;1.6750000e+02;4.1780747e-02;1.6750000e+02;1.2773564e-03;1.6750000e+02;1.2828533e-02;1.6750000e+02;3.0352397e-02;1.6750000e+02;5.1146403e-02;1.6750000e+02;7.6138340e-02;1.6750000e+02;1.0514914e-01;1.6750000e+02;1.3548163e-01;1.6750000e+02;1.7117137e-01;1.6750000e+02;2.1053733e-01;1.6750000e+02;2.5308198e-01;1.6750000e+02;2.7370310e-01;1.6750000e+02;2.7096260e-01;1.6750000e+02;2.4285096e-01;1.6750000e+02;2.0693442e-01;1.6750000e+02;1.6555145e-01;1.6750000e+02;1.2024519e-01;1.6750000e+02;7.9540953e-02;1.6750000e+02;4.1780747e-02;1.6750000e+02;1.2773564e-03;1.6750000e+02;1.2828533e-02;1.6750000e+02;3.0352397e-02;1.6750000e+02;5.1146403e-02;1.6750000e+02;7.6138340e-02;1.6750000e+02;1.0514914e-01;1.6750000e+02;1.3548163e-01;1.6750000e+02;1.7117137e-01;1.6750000e+02;2.1053733e-01;1.6750000e+02;2.5308198e-01;1.6750000e+02;2.7370310e-01;1.6750000e+02;2.7096260e-01;1.6750000e+02;2.4285096e-01;1.6750000e+02;2.0693442e-01;1.6750000e+02;1.6555145e-01;1.6750000e+02;1.2024519e-01;1.6750000e+02;7.9540953e-02;1.6750000e+02;4.1780747e-02;1.6750000e+02;1.2773564e-03;1.6750000e+02;1.2828533e-02;1.6750000e+02;3.0352397e-02;1.6750000e+02;5.1146403e-02;1.6750000e+02;7.6138340e-02;1.6750000e+02;1.0514914e-01;1.6750000e+02;1.3548163e-01;1.6750000e+02;1.7117137e-01;1.6750000e+02;2.1053733e-01;1.6750000e+02;2.5308198e-01;1.6750000e+02;2.7370310e-01;1.6750000e+02;2.7096260e-01;1.6750000e+02;2.4285096e-01;1.6750000e+02;2.0693442e-01;1.6750000e+02;1.6555145e-01;1.6750000e+02;1.2024519e-01;1.6750000e+02;7.9540953e-02;1.6750000e+02;4.1780747e-02;1.6750000e+02;1.2773564e-03;1.6750000e+02;1.2828533e-02;1.6750000e+02;3.0352397e-02;1.6750000e+02;5.1146403e-02;1.6750000e+02;7.6138340e-02;1.6750000e+02;1.0514914e-01;1.6750000e+02;1.3548163e-01;1.6750000e+02;1.7117137e-01;1.6750000e+02;2.1053733e-01;1.6750000e+02;2.5308198e-01;1.6750000e+02;2.7370310e-01;1.6750000e+02;2.7096260e-01;1.6750000e+02;2.4285096e-01;1.6750000e+02;2.0693442e-01;1.6750000e+02;1.6555145e-01;1.6750000e+02;1.2024519e-01;1.6750000e+02;7.9540953e-02;1.6750000e+02;4.1780747e-02;1.6750000e+02;1.2773564e-03;1.6750000e+02;1.2828533e-02;1.6750000e+02;3.0352397e-02;1.6750000e+02;5.1146403e-02;1.6750000e+02;7.6138340e-02;1.6750000e+02;1.0514914e-01;1.6750000e+02;1.3548163e-01;1.6750000e+02;1.7117137e-01;1.6750000e+02;2.1053733e-01;1.6750000e+02;2.5308198e-01;1.6750000e+02;2.7370310e-01;1.6750000e+02;2.7096260e-01;1.6750000e+02;2.4285096e-01;1.6750000e+02;2.0693442e-01;1.6750000e+02;1.6555145e-01;1.6750000e+02;1.2024519e-01;1.6750000e+02;7.9540953e-02;1.6750000e+02;4.1780747e-02;1.6750000e+02;1.2773564e-03;1.6750000e+02;1.2828533e-02;1.6750000e+02;3.0352397e-02;1.6750000e+02;5.1146403e-02;1.6750000e+02;7.6138340e-02;1.6750000e+02;1.0514914e-01;1.6750000e+02;1.3548163e-01;1.6750000e+02;1.7117137e-01;1.6750000e+02;2.1053733e-01;1.6750000e+02;2.5308198e-01;1.6750000e+02;2.7370310e-01;1.6750000e+02;2.7096260e-01;1.6750000e+02;2.4285096e-01;1.6750000e+02;2.0693442e-01;1.6750000e+02;1.6555145e-01;1.6750000e+02;1.2024519e-01;1.6750000e+02;7.9540953e-02;1.6750000e+02;4.1780747e-02;1.6750000e+02;1.2773564e-03;1.6750000e+02;1.2828533e-02;1.6750000e+02;3.0352397e-02;1.6750000e+02;5.1146403e-02;1.6750000e+02;7.6138340e-02;1.6750000e+02;1.0514914e-01;1.6750000e+02;1.3548163e-01;1.6750000e+02;1.7117137e-01;1.6750000e+02;2.1053733e-01;1.6750000e+02;2.5308198e-01;1.6750000e+02;2.7370310e-01;1.6750000e+02;2.7096260e-01;1.6750000e+02;2.4285096e-01;1.6750000e+02;2.0693442e-01;1.6750000e+02;1.6555145e-01;1.6750000e+02;1.2024519e-01;1.6750000e+02;7.9540953e-02;1.6750000e+02;4.1780747e-02;1.6750000e+02;1.2773564e-03;1.6750000e+02;1.2828533e-02;1.6750000e+02;3.0352397e-02;1.6750000e+02;5.1146403e-02;1.6750000e+02;7.6138340e-02;1.6750000e+02;1.0514914e-01;1.6750000e+02;1.3548163e-01;1.6750000e+02;1.7117137e-01;1.6750000e+02;2.1053733e-01;1.6750000e+02;2.5308198e-01;1.6750000e+02;2.7370310e-01;1.6750000e+02;2.7096260e-01;1.6750000e+02;2.4285096e-01;1.6750000e+02;2.0693442e-01;1.6750000e+02;1.6555145e-01;1.6750000e+02;1.2024519e-01;1.6750000e+02;7.9540953e-02;1.6750000e+02;4.1780747e-02;1.6750000e+02;1.2773564e-03;1.6750000e+02;1.2828533e-02;1.6750000e+02;3.0352397e-02;1.6750000e+02;5.1146403e-02;1.6750000e+02;7.6138340e-02;1.6750000e+02;1.0514914e-01;1.6750000e+02;1.3548163e-01;1.6750000e+02;1.7117137e-01;1.6750000e+02;2.1053733e-01;1.6750000e+02;2.5308198e-01;1.6750000e+02;2.7370310e-01;1.6750000e+02;2.7096260e-01;1.6750000e+02;2.4285096e-01;1.6750000e+02;2.0693442e-01;1.6750000e+02;1.6555145e-01;1.6750000e+02;1.2024519e-01;1.6750000e+02;7.9540953e-02;1.6750000e+02;4.1780747e-02;1.6750000e+02;1.2773564e-03;1.6750000e+02;1.2828533e-02;1.6750000e+02;3.0352397e-02;1.6750000e+02;5.1146403e-02;1.6750000e+02;7.6138340e-02;1.6750000e+02;1.0514914e-01;1.6750000e+02;1.3548163e-01;1.6750000e+02;1.7117137e-01;1.6750000e+02;2.1053733e-01;1.6750000e+02;2.5308198e-01;1.6750000e+02;2.7370310e-01;1.6750000e+02;2.7096260e-01;1.6750000e+02;2.4285096e-01;1.6750000e+02;2.0693442e-01;1.6750000e+02;1.6555145e-01;1.6750000e+02;1.2024519e-01;1.6750000e+02;7.9540953e-02;1.6750000e+02;4.1780747e-02;1.6750000e+02;1.2773564e-03;1.6750000e+02;1.2828533e-02;1.6750000e+02;3.0352397e-02;1.6750000e+02;5.1146403e-02;1.6750000e+02;7.6138340e-02;1.6750000e+02;1.0514914e-01;1.6750000e+02;1.3548163e-01;1.6750000e+02;1.7117137e-01;1.6750000e+02;2.1053733e-01;1.6750000e+02;2.5308198e-01;1.6750000e+02;2.7370310e-01;1.6750000e+02;2.7096260e-01;1.6750000e+02;2.4285096e-01;1.6750000e+02;2.0693442e-01;1.6750000e+02;1.6555145e-01;1.6750000e+02;1.2024519e-01;1.6750000e+02;7.9540953e-02;1.6750000e+02;4.1780747e-02;1.6750000e+02;1.2773564e-03;1.6750000e+02;1.2828533e-02;1.6750000e+02;3.0352397e-02;1.6750000e+02;5.1146403e-02;1.6750000e+02;7.6138340e-02;1.6750000e+02;1.0514914e-01;1.6750000e+02;1.3548163e-01;1.6750000e+02;1.7117137e-01;1.6750000e+02;2.1053733e-01;1.6750000e+02;2.5308198e-01;1.6750000e+02;2.7370310e-01;1.6750000e+02;2.7096260e-01;1.6750000e+02;2.4285096e-01;1.6750000e+02;2.0693442e-01;1.6750000e+02;1.6555145e-01;1.6750000e+02;1.2024519e-01;1.6750000e+02;7.9540953e-02;1.6750000e+02;4.1780747e-02;1.6750000e+02;1.2773564e-03;1.6750000e+02;1.2828533e-02;1.6750000e+02;3.0352397e-02;1.6750000e+02;5.1146403e-02;1.6750000e+02;7.6138340e-02;1.6750000e+02;1.0514914e-01;1.6750000e+02;1.3548163e-01;1.6750000e+02;1.7117137e-01;1.6750000e+02;2.1053733e-01;1.6750000e+02;2.5308198e-01;1.6750000e+02;2.7370310e-01;1.6750000e+02;2.7096260e-01;1.6750000e+02;2.4285096e-01;1.6750000e+02;2.0693442e-01;1.6750000e+02;1.6555145e-01;1.6750000e+02;1.2024519e-01;1.6750000e+02;7.9540953e-02;1.6750000e+02;4.1780747e-02;1.6750000e+02;1.2773564e-03;1.6750000e+02;1.2828533e-02;1.6750000e+02;3.0352397e-02;1.6750000e+02;5.1146403e-02;1.6750000e+02;7.6138340e-02;1.6750000e+02;1.0514914e-01;1.6750000e+02;1.3548163e-01;1.6750000e+02;1.7117137e-01;1.6750000e+02;2.1053733e-01;1.6750000e+02;2.5308198e-01;1.6750000e+02;2.7370310e-01;1.6750000e+02;2.7096260e-01;1.6750000e+02;2.4285096e-01;1.6750000e+02;2.0693442e-01;1.6750000e+02;1.6555145e-01;1.6750000e+02;1.2024519e-01;1.6750000e+02;7.9540953e-02;1.6750000e+02;4.1780747e-02;1.6750000e+02;1.2773564e-03;1.6750000e+02;1.2828533e-02;1.6750000e+02;3.0352397e-02;1.6750000e+02;5.1146403e-02;1.6750000e+02;7.6138340e-02;1.6750000e+02;1.0514914e-01;1.6750000e+02;1.3548163e-01;1.6750000e+02;1.7117137e-01;1.6750000e+02;2.1053733e-01;1.6750000e+02;2.5308198e-01;1.6750000e+02;2.7370310e-01;1.6750000e+02;2.7096260e-01;1.6750000e+02;2.4285096e-01;1.6750000e+02;2.0693442e-01;1.6750000e+02;1.6555145e-01;1.6750000e+02;1.2024519e-01;1.6750000e+02;7.9540953e-02;1.6750000e+02;4.1780747e-02;1.6750000e+02;1.2773564e-03;1.6750000e+02;1.2828533e-02;1.6750000e+02;3.0352397e-02;1.6750000e+02;5.1146403e-02;1.6750000e+02;7.6138340e-02;1.6750000e+02;1.0514914e-01;1.6750000e+02;1.3548163e-01;1.6750000e+02;1.7117137e-01;1.6750000e+02;2.1053733e-01;1.6750000e+02;2.5308198e-01;1.6750000e+02;2.7370310e-01;1.6750000e+02;2.7096260e-01;1.6750000e+02;2.4285096e-01;1.6750000e+02;2.0693442e-01;1.6750000e+02;1.6555145e-01;1.6750000e+02;1.2024519e-01;1.6750000e+02;7.9540953e-02;1.6750000e+02;4.1780747e-02;1.6750000e+02;1.2773564e-03;1.6750000e+02;1.2828533e-02;1.6750000e+02;3.0352397e-02;1.6750000e+02;5.1146403e-02;1.6750000e+02;7.6138340e-02;1.6750000e+02;1.0514914e-01;1.6750000e+02;1.3548163e-01;1.6750000e+02;1.7117137e-01;1.6750000e+02;2.1053733e-01;1.6750000e+02;2.5308198e-01;1.6750000e+02;2.7370310e-01;1.6750000e+02;2.7096260e-01;1.6750000e+02;2.4285096e-01;1.6750000e+02;2.0693442e-01;1.6750000e+02;1.6555145e-01;1.6750000e+02;1.2024519e-01;1.6750000e+02;7.9540953e-02;1.6750000e+02;4.1780747e-02;1.6750000e+02;1.2773564e-03;1.6750000e+02;1.2828533e-02;1.6750000e+02;3.0352397e-02;1.6750000e+02;5.1146403e-02;1.6750000e+02;7.6138340e-02;1.6750000e+02;1.0514914e-01;1.6750000e+02;1.3548163e-01;1.6750000e+02;1.7117137e-01;1.6750000e+02;2.1053733e-01;1.6750000e+02;2.5308198e-01;1.6750000e+02;2.7370310e-01;1.6750000e+02;2.7096260e-01;1.6750000e+02;2.4285096e-01;1.6750000e+02;2.0693442e-01;1.6750000e+02;1.6555145e-01;1.6750000e+02;1.2024519e-01;1.6750000e+02;7.9540953e-02;1.6750000e+02;4.1780747e-02;1.6750000e+02;1.2773564e-03;1.6750000e+02;1.2828533e-02;1.6750000e+02;3.0352397e-02;1.6750000e+02;5.1146403e-02;1.6750000e+02;7.6138340e-02;1.6750000e+02;1.0514914e-01;1.6750000e+02;1.3548163e-01;1.6750000e+02;1.7117137e-01;1.6750000e+02;2.1053733e-01;1.6750000e+02;2.5308198e-01;1.6750000e+02;2.7370310e-01;1.6750000e+02;2.7096260e-01;1.6750000e+02;2.4285096e-01;1.6750000e+02;2.0693442e-01;1.6750000e+02;1.6555145e-01;1.6750000e+02;1.2024519e-01;1.6750000e+02;7.9540953e-02;1.6750000e+02;4.1780747e-02;1.6750000e+02;1.2773564e-03;1.6750000e+02;1.2828533e-02;1.6750000e+02;3.0352397e-02;1.6750000e+02;5.1146403e-02;1.6750000e+02;7.6138340e-02;1.6750000e+02;1.0514914e-01;1.6750000e+02;1.3548163e-01;1.6750000e+02;1.7117137e-01;1.6750000e+02;2.1053733e-01;1.6750000e+02;2.5308198e-01;1.6750000e+02;2.7370310e-01;1.6750000e+02;2.7096260e-01;1.6750000e+02;2.4285096e-01;1.6750000e+02;2.0693442e-01;1.6750000e+02;1.6555145e-01;1.6750000e+02;1.2024519e-01;1.6750000e+02;7.9540953e-02;1.6750000e+02;4.1780747e-02;1.6750000e+02;1.2773564e-03;1.6750000e+02;1.2828533e-02;1.6750000e+02;3.0352397e-02;1.6750000e+02;5.1146403e-02;1.6750000e+02;7.6138340e-02;1.6750000e+02;1.0514914e-01;1.6750000e+02;1.3548163e-01;1.6750000e+02;1.7117137e-01;1.6750000e+02;2.1053733e-01;1.6750000e+02;2.5308198e-01;1.6750000e+02;2.7370310e-01;1.6750000e+02;2.7096260e-01;1.6750000e+02;2.4285096e-01;1.6750000e+02;2.0693442e-01;1.6750000e+02;1.6555145e-01;1.6750000e+02;1.2024519e-01;1.6750000e+02;7.9540953e-02;1.6750000e+02;4.1780747e-02;1.6750000e+02;1.2773564e-03;1.6750000e+02;1.2828533e-02;1.6750000e+02;3.0352397e-02;1.6750000e+02;5.1146403e-02;1.6750000e+02;7.6138340e-02;1.6750000e+02;1.0514914e-01;1.6750000e+02;1.3548163e-01;1.6750000e+02;1.7117137e-01;1.6750000e+02;2.1053733e-01;1.6750000e+02;2.5308198e-01;1.6750000e+02;2.7370310e-01;1.6750000e+02;2.7096260e-01;1.6750000e+02;2.4285096e-01;1.6750000e+02;2.0693442e-01;1.6750000e+02;1.6555145e-01;1.6750000e+02;1.2024519e-01;1.6750000e+02;7.9540953e-02;1.6750000e+02;4.1780747e-02;1.6750000e+02;1.2773564e-03;1.6750000e+02;1.2828533e-02;1.6750000e+02;3.0352397e-02;1.6750000e+02;5.1146403e-02;1.6750000e+02;7.6138340e-02;1.6750000e+02;1.0514914e-01;1.6750000e+02;1.3548163e-01;1.6750000e+02;1.7117137e-01;1.6750000e+02;2.1053733e-01;1.6750000e+02;2.5308198e-01;1.6750000e+02;2.7370310e-01;1.6750000e+02;2.7096260e-01;1.6750000e+02;2.4285096e-01;1.6750000e+02;2.0693442e-01;1.6750000e+02;1.6555145e-01;1.6750000e+02;1.2024519e-01;1.6750000e+02;7.9540953e-02;1.6750000e+02;4.1780747e-02;1.6750000e+02;1.2773564e-03;1.6750000e+02;1.2828533e-02;1.6750000e+02;3.0352397e-02;1.6750000e+02;5.1146403e-02;1.6750000e+02;7.6138340e-02;1.6750000e+02;1.0514914e-01;1.6750000e+02;1.3548163e-01;1.6750000e+02;1.7117137e-01;1.6750000e+02;2.1053733e-01;1.6750000e+02;2.5308198e-01;1.6750000e+02;2.7370310e-01;1.6750000e+02;2.7096260e-01;1.6750000e+02;2.4285096e-01;1.6750000e+02;2.0693442e-01;1.6750000e+02;1.6555145e-01;1.6750000e+02;1.2024519e-01;1.6750000e+02;7.9540953e-02;1.6750000e+02;4.1780747e-02;1.6750000e+02;1.2773564e-03;1.6750000e+02;1.2828533e-02;1.6750000e+02;3.0352397e-02;1.6750000e+02;5.1146403e-02;1.6750000e+02;7.6138340e-02;1.6750000e+02;1.0514914e-01;1.6750000e+02;1.3548163e-01;1.6750000e+02;1.7117137e-01;1.6750000e+02;2.1053733e-01;1.6750000e+02;2.5308198e-01;1.6750000e+02;2.7370310e-01;1.6750000e+02;2.7096260e-01;1.6750000e+02;2.4285096e-01;1.6750000e+02;2.0693442e-01;1.6750000e+02;1.6555145e-01;1.6750000e+02;1.2024519e-01;1.6750000e+02;7.9540953e-02;1.6750000e+02;4.1780747e-02;1.6750000e+02;1.2773564e-03;1.6750000e+02;1.2828533e-02;1.6750000e+02;3.0352397e-02;1.6750000e+02;5.1146403e-02;1.6750000e+02;7.6138340e-02;1.6750000e+02;1.0514914e-01;1.6750000e+02;1.3548163e-01;1.6750000e+02;1.7117137e-01;1.6750000e+02;2.1053733e-01;1.6750000e+02;2.5308198e-01;1.6750000e+02;2.7370310e-01;1.6750000e+02;2.7096260e-01;1.6750000e+02;2.4285096e-01;1.6750000e+02;2.0693442e-01;1.6750000e+02;1.6555145e-01;1.6750000e+02;1.2024519e-01;1.6750000e+02;7.9540953e-02;1.6750000e+02;4.1780747e-02;1.6750000e+02;1.2773564e-03;1.6750000e+02;1.2828533e-02;1.6750000e+02;3.0352397e-02;1.6750000e+02;5.1146403e-02;1.6750000e+02;7.6138340e-02;1.6750000e+02;1.0514914e-01;1.6750000e+02;1.3548163e-01;1.6750000e+02;1.7117137e-01;1.6750000e+02;2.1053733e-01;1.6750000e+02;2.5308198e-01;1.6750000e+02;2.7370310e-01;1.6750000e+02;2.7096260e-01;1.6750000e+02;2.4285096e-01;1.6750000e+02;2.0693442e-01;1.6750000e+02;1.6555145e-01;1.6750000e+02;1.2024519e-01;1.6750000e+02;7.9540953e-02;1.6750000e+02;4.1780747e-02;1.6750000e+02;1.2773564e-03;1.6750000e+02;1.2828533e-02;1.6750000e+02;3.0352397e-02;1.6750000e+02;5.1146403e-02;1.6750000e+02;7.6138340e-02;1.6750000e+02;1.0514914e-01;1.6750000e+02;1.3548163e-01;1.6750000e+02;1.7117137e-01;1.6750000e+02;2.1053733e-01;1.6750000e+02;2.5308198e-01;1.6750000e+02;2.7370310e-01;1.6750000e+02;2.7096260e-01;1.6750000e+02;2.4285096e-01;1.6750000e+02;2.0693442e-01;1.6750000e+02;1.6555145e-01;1.6750000e+02;1.2024519e-01;1.6750000e+02;7.9540953e-02;1.6750000e+02;4.1780747e-02;1.6750000e+02;1.2773564e-03;1.6750000e+02;1.2828533e-02;1.6750000e+02;3.0352397e-02;1.6750000e+02;5.1146403e-02;1.6750000e+02;7.6138340e-02;1.6750000e+02;1.0514914e-01;1.6750000e+02;1.3548163e-01;1.6750000e+02;1.7117137e-01;1.6750000e+02;2.1053733e-01;1.6750000e+02;2.5308198e-01;1.6750000e+02;2.7370310e-01;1.6750000e+02;2.7096260e-01;1.6750000e+02;2.4285096e-01;1.6750000e+02;2.0693442e-01;1.6750000e+02;1.6555145e-01;1.6750000e+02;1.2024519e-01;1.6750000e+02;7.9540953e-02;1.6750000e+02;4.1780747e-02;1.6750000e+02;1.2773564e-03;1.6750000e+02;1.2828533e-02;1.6750000e+02;3.0352397e-02;1.6750000e+02;5.1146403e-02;1.6750000e+02;7.6138340e-02;1.6750000e+02;1.0514914e-01;1.6750000e+02;1.3548163e-01;1.6750000e+02;1.7117137e-01;1.6750000e+02;2.1053733e-01;1.6750000e+02;2.5308198e-01;1.6750000e+02;2.7370310e-01;1.6750000e+02;2.7096260e-01;1.6750000e+02;2.4285096e-01;1.6750000e+02;2.0693442e-01;1.6750000e+02;1.6555145e-01;1.6750000e+02;1.2024519e-01;1.6750000e+02;7.9540953e-02;1.6750000e+02;4.1780747e-02;1.6750000e+02;1.2773564e-03;1.6750000e+02;1.2828533e-02;1.6750000e+02;3.0352397e-02;1.6750000e+02;5.1146403e-02;1.6750000e+02;7.6138340e-02;1.6750000e+02;1.0514914e-01;1.6750000e+02;1.3548163e-01;1.6750000e+02;1.7117137e-01;1.6750000e+02;2.1053733e-01;1.6750000e+02;2.5308198e-01;1.6750000e+02;2.7370310e-01;1.6750000e+02;2.7096260e-01;1.6750000e+02;2.4285096e-01;1.6750000e+02;2.0693442e-01;1.6750000e+02;1.6555145e-01;1.6750000e+02;1.2024519e-01;1.6750000e+02;7.9540953e-02;1.6750000e+02;4.1780747e-02;1.6750000e+02;1.2773564e-03;1.6750000e+02;1.2828533e-02;1.6750000e+02;3.0352397e-02;1.6750000e+02;5.1146403e-02;1.6750000e+02;7.6138340e-02;1.6750000e+02;1.0514914e-01;1.6750000e+02;1.3548163e-01;1.6750000e+02;1.7117137e-01;1.6750000e+02;2.1053733e-01;1.6750000e+02;2.5308198e-01;1.6750000e+02;2.7370310e-01;1.6750000e+02;2.7096260e-01;1.6750000e+02;2.4285096e-01;1.6750000e+02;2.0693442e-01;1.6750000e+02;1.6555145e-01;1.6750000e+02;1.2024519e-01;1.6750000e+02;7.9540953e-02;1.6750000e+02;4.1780747e-02;1.6750000e+02;1.2773564e-03;1.6750000e+02;1.2828533e-02;1.6750000e+02;3.0352397e-02;1.6750000e+02;5.1146403e-02;1.6750000e+02;7.6138340e-02;1.6750000e+02;1.0514914e-01;1.6750000e+02;1.3548163e-01;1.6750000e+02;1.7117137e-01;1.6750000e+02;2.1053733e-01;1.6750000e+02;2.5308198e-01;1.6750000e+02;2.7370310e-01;1.6750000e+02;2.7096260e-01;1.6750000e+02;2.4285096e-01;1.6750000e+02;2.0693442e-01;1.6750000e+02;1.6555145e-01;1.6750000e+02;1.2024519e-01;1.6750000e+02;7.9540953e-02;1.6750000e+02;4.1780747e-02;1.6750000e+02;1.2773564e-03;1.6750000e+02;1.2828533e-02;1.6750000e+02;3.0352397e-02;1.6750000e+02;5.1146403e-02;1.6750000e+02;7.6138340e-02;1.6750000e+02;1.0514914e-01;1.6750000e+02;1.3548163e-01;1.6750000e+02;1.7117137e-01;1.6750000e+02;2.1053733e-01;1.6750000e+02;2.5308198e-01;1.6750000e+02;2.7370310e-01;1.6750000e+02;2.7096260e-01;1.6750000e+02;2.4285096e-01;1.6750000e+02;2.0693442e-01;1.6750000e+02;1.6555145e-01;1.6750000e+02;1.2024519e-01;1.6750000e+02;7.9540953e-02;1.6750000e+02;4.1780747e-02;1.6750000e+02;1.2773564e-03;1.6750000e+02;1.2828533e-02;1.6750000e+02;3.0352397e-02;1.6750000e+02;5.1146403e-02;1.6750000e+02;7.6138340e-02;1.6750000e+02;1.0514914e-01;1.6750000e+02;1.3548163e-01;1.6750000e+02;1.7117137e-01;1.6750000e+02;2.1053733e-01;1.6750000e+02;2.5308198e-01;1.6750000e+02;2.7370310e-01;1.6750000e+02;2.7096260e-01;1.6750000e+02;2.4285096e-01;1.6750000e+02;2.0693442e-01;1.6750000e+02;1.6555145e-01;1.6750000e+02;1.2024519e-01;1.6750000e+02;7.9540953e-02;1.6750000e+02;4.1780747e-02;1.6750000e+02;1.2773564e-03;1.6750000e+02;1.2828533e-02;1.6750000e+02;3.0352397e-02;1.6750000e+02;5.1146403e-02;1.6750000e+02;7.6138340e-02;1.6750000e+02;1.0514914e-01;1.6750000e+02;1.3548163e-01;1.6750000e+02;1.7117137e-01;1.6750000e+02;2.1053733e-01;1.6750000e+02;2.5308198e-01;1.6750000e+02;2.7370310e-01;1.6750000e+02;2.7096260e-01;1.6750000e+02;2.4285096e-01;1.6750000e+02;2.0693442e-01;1.6750000e+02;1.6555145e-01;1.6750000e+02;1.2024519e-01;1.6750000e+02;7.9540953e-02;1.6750000e+02;4.1780747e-02;1.6750000e+02;1.2773564e-03;1.6750000e+02;1.2828533e-02;1.6750000e+02;3.0352397e-02;1.6750000e+02;5.1146403e-02;1.6750000e+02;7.6138340e-02;1.6750000e+02;1.0514914e-01;1.6750000e+02;1.3548163e-01;1.6750000e+02;1.7117137e-01;1.6750000e+02;2.1053733e-01;1.6750000e+02;2.5308198e-01;1.6750000e+02;2.7370310e-01;1.6750000e+02;2.7096260e-01;1.6750000e+02;2.4285096e-01;1.6750000e+02;2.0693442e-01;1.6750000e+02;1.6555145e-01;1.6750000e+02;1.2024519e-01;1.6750000e+02;7.9540953e-02;1.6750000e+02;4.1780747e-02;1.6750000e+02;1.2773564e-03;1.6750000e+02;1.2828533e-02;1.6750000e+02;3.0352397e-02;1.6750000e+02;5.1146403e-02;1.6750000e+02;7.6138340e-02;1.6750000e+02;1.0514914e-01;1.6750000e+02;1.3548163e-01;1.6750000e+02;1.7117137e-01;1.6750000e+02;2.1053733e-01;1.6750000e+02;2.5308198e-01;1.6750000e+02;2.7370310e-01;1.6750000e+02;2.7096260e-01;1.6750000e+02;2.4285096e-01;1.6750000e+02;2.0693442e-01;1.6750000e+02;1.6555145e-01;1.6750000e+02;1.2024519e-01;1.6750000e+02;7.9540953e-02;1.6750000e+02;4.1780747e-02;1.6750000e+02;1.2773564e-03;1.6750000e+02;1.2828533e-02;1.6750000e+02;3.0352397e-02;1.6750000e+02;5.1146403e-02;1.6750000e+02;7.6138340e-02;1.6750000e+02;1.0514914e-01;1.6750000e+02;1.3548163e-01;1.6750000e+02;1.7117137e-01;1.6750000e+02;2.1053733e-01;1.6750000e+02;2.5308198e-01;1.6750000e+02;2.7370310e-01;1.6750000e+02;2.7096260e-01;1.6750000e+02;2.4285096e-01;1.6750000e+02;2.0693442e-01;1.6750000e+02;1.6555145e-01;1.6750000e+02;1.2024519e-01;1.6750000e+02;7.9540953e-02;1.6750000e+02;4.1780747e-02;1.6750000e+02;1.2773564e-03;1.6750000e+02;1.2828533e-02;1.6750000e+02;3.0352397e-02;1.6750000e+02;5.1146403e-02;1.6750000e+02;7.6138340e-02;1.6750000e+02;1.0514914e-01;1.6750000e+02;1.3548163e-01;1.6750000e+02;1.7117137e-01;1.6750000e+02;2.1053733e-01;1.6750000e+02;2.5308198e-01;1.6750000e+02;2.7370310e-01;1.6750000e+02;2.7096260e-01;1.6750000e+02;2.4285096e-01;1.6750000e+02;2.0693442e-01;1.6750000e+02;1.6555145e-01;1.6750000e+02;1.2024519e-01;1.6750000e+02;7.9540953e-02;1.6750000e+02;4.1780747e-02;1.6750000e+02;1.2773564e-03;1.6750000e+02;1.2828533e-02;1.6750000e+02;3.0352397e-02;1.6750000e+02;5.1146403e-02;1.6750000e+02;7.6138340e-02;1.6750000e+02;1.0514914e-01;1.6750000e+02;1.3548163e-01;1.6750000e+02;1.7117137e-01;1.6750000e+02;2.1053733e-01;1.6750000e+02;2.5308198e-01;1.6750000e+02;2.7370310e-01;1.6750000e+02;2.7096260e-01;1.6750000e+02;2.4285096e-01;1.6750000e+02;2.0693442e-01;1.6750000e+02;1.6555145e-01;1.6750000e+02;1.2024519e-01;1.6750000e+02;7.9540953e-02;1.6750000e+02;4.1780747e-02;1.6750000e+02;1.2773564e-03;1.6750000e+02;1.2828533e-02;1.6750000e+02;3.0352397e-02;1.6750000e+02;5.1146403e-02;1.6750000e+02;7.6138340e-02;1.6750000e+02;1.0514914e-01;1.6750000e+02;1.3548163e-01;1.6750000e+02;1.7117137e-01;1.6750000e+02;2.1053733e-01;1.6750000e+02;2.5308198e-01;1.6750000e+02;2.7370310e-01;1.6750000e+02;2.7096260e-01;1.6750000e+02;2.4285096e-01;1.6750000e+02;2.0693442e-01;1.6750000e+02;1.6555145e-01;1.6750000e+02;1.2024519e-01;1.6750000e+02;7.9540953e-02;1.6750000e+02;4.1780747e-02;1.6750000e+02;1.2773564e-03;1.6750000e+02;1.2828533e-02;1.6750000e+02;3.0352397e-02;1.6750000e+02;5.1146403e-02;1.6750000e+02;7.6138340e-02;1.6750000e+02;1.0514914e-01;1.6750000e+02;1.3548163e-01;1.6750000e+02;1.7117137e-01;1.6750000e+02;2.1053733e-01;1.6750000e+02;2.5308198e-01;1.6750000e+02;2.7370310e-01;1.6750000e+02;2.7096260e-01;1.6750000e+02;2.4285096e-01;1.6750000e+02;2.0693442e-01;1.6750000e+02;1.6555145e-01;1.6750000e+02;1.2024519e-01;1.6750000e+02;7.9540953e-02;1.6750000e+02;4.1780747e-02;1.6750000e+02;1.2773564e-03;1.6750000e+02;1.2828533e-02;1.6750000e+02;3.0352397e-02;1.6750000e+02;5.1146403e-02;1.6750000e+02;7.6138340e-02;1.6750000e+02;1.0514914e-01;1.6750000e+02;1.3548163e-01;1.6750000e+02;1.7117137e-01;1.6750000e+02;2.1053733e-01;1.6750000e+02;2.5308198e-01;1.6750000e+02;2.7370310e-01;1.6750000e+02;2.7096260e-01;1.6750000e+02;2.4285096e-01;1.6750000e+02;2.0693442e-01;1.6750000e+02;1.6555145e-01;1.6750000e+02;1.2024519e-01;1.6750000e+02;7.9540953e-02;1.6750000e+02;4.1780747e-02;1.6750000e+02;1.2773564e-03;1.6750000e+02;1.2828533e-02;1.6750000e+02;3.0352397e-02;1.6750000e+02;5.1146403e-02;1.6750000e+02;7.6138340e-02;1.6750000e+02;1.0514914e-01;1.6750000e+02;1.3548163e-01;1.6750000e+02;1.7117137e-01;1.6750000e+02;2.1053733e-01;1.6750000e+02;2.5308198e-01;1.6750000e+02;2.7370310e-01;1.6750000e+02;2.7096260e-01;1.6750000e+02;2.4285096e-01;1.6750000e+02;2.0693442e-01;1.6750000e+02;1.6555145e-01;1.6750000e+02;1.2024519e-01;1.6750000e+02;7.9540953e-02;1.6750000e+02;4.1780747e-02;1.6750000e+02;1.2773564e-03;1.6750000e+02;1.2828533e-02;1.6750000e+02;3.0352397e-02;1.6750000e+02;5.1146403e-02;1.6750000e+02;7.6138340e-02;1.6750000e+02;1.0514914e-01;1.6750000e+02;1.3548163e-01;1.6750000e+02;1.7117137e-01;1.6750000e+02;2.1053733e-01;1.6750000e+02;2.5308198e-01;1.6750000e+02;2.7370310e-01;1.6750000e+02;2.7096260e-01;1.6750000e+02;2.4285096e-01;1.6750000e+02;2.0693442e-01;1.6750000e+02;1.6555145e-01;1.6750000e+02;1.2024519e-01;1.6750000e+02;7.9540953e-02;1.6750000e+02;4.1780747e-02;1.6750000e+02;1.2773564e-03;1.6750000e+02;1.2828533e-02;1.6750000e+02;3.0352397e-02;1.6750000e+02;5.1146403e-02;1.6750000e+02;7.6138340e-02;1.6750000e+02;1.0514914e-01;1.6750000e+02;1.3548163e-01;1.6750000e+02;1.7117137e-01;1.6750000e+02;2.1053733e-01;1.6750000e+02;2.5308198e-01;1.6750000e+02;2.7370310e-01;1.6750000e+02;2.7096260e-01;1.6750000e+02;2.4285096e-01;1.6750000e+02;2.0693442e-01;1.6750000e+02;1.6555145e-01;1.6750000e+02;1.2024519e-01;1.6750000e+02;7.9540953e-02;1.6750000e+02;4.1780747e-02;1.6750000e+02;1.2773564e-03;1.6750000e+02;1.2828533e-02;1.6750000e+02;3.0352397e-02;1.6750000e+02;5.1146403e-02;1.6750000e+02;7.6138340e-02;1.6750000e+02;1.0514914e-01;1.6750000e+02;1.3548163e-01;1.6750000e+02;1.7117137e-01;1.6750000e+02;2.1053733e-01;1.6750000e+02;2.5308198e-01;1.6750000e+02;2.7370310e-01;1.6750000e+02;2.7096260e-01;1.6750000e+02;2.4285096e-01;1.6750000e+02;2.0693442e-01;1.6750000e+02;1.6555145e-01;1.6750000e+02;1.2024519e-01;1.6750000e+02;7.9540953e-02;1.6750000e+02;4.1780747e-02;1.6750000e+02;1.2773564e-03;1.6750000e+02;1.2828533e-02;1.6750000e+02;3.0352397e-02;1.6750000e+02;5.1146403e-02;1.6750000e+02;7.6138340e-02;1.6750000e+02;1.0514914e-01;1.6750000e+02;1.3548163e-01;1.6750000e+02;1.7117137e-01;1.6750000e+02;2.1053733e-01;1.6750000e+02;2.5308198e-01;1.6750000e+02;2.7370310e-01;1.6750000e+02;2.7096260e-01;1.6750000e+02;2.4285096e-01;1.6750000e+02;2.0693442e-01;1.6750000e+02;1.6555145e-01;1.6750000e+02;1.2024519e-01;1.6750000e+02;7.9540953e-02;1.6750000e+02;4.1780747e-02;1.6750000e+02;1.2773564e-03;1.6750000e+02;1.2828533e-02;1.6750000e+02;3.0352397e-02;1.6750000e+02;5.1146403e-02;1.6750000e+02;7.6138340e-02;1.6750000e+02;1.0514914e-01;1.6750000e+02;1.3548163e-01;1.6750000e+02;1.7117137e-01;1.6750000e+02;2.1053733e-01;1.6750000e+02;2.5308198e-01;1.6750000e+02;2.7370310e-01;1.6750000e+02;2.7096260e-01;1.6750000e+02;2.4285096e-01;1.6750000e+02;2.0693442e-01;1.6750000e+02;1.6555145e-01;1.6750000e+02;1.2024519e-01;1.6750000e+02;7.9540953e-02;1.6750000e+02;4.1780747e-02;1.6750000e+02;1.2773564e-03;1.6750000e+02;1.2828533e-02;1.6750000e+02;3.0352397e-02;1.6750000e+02;5.1146403e-02;1.6750000e+02;7.6138340e-02;1.6750000e+02;1.0514914e-01;1.6750000e+02;1.3548163e-01;1.6750000e+02;1.7117137e-01;1.6750000e+02;2.1053733e-01;1.6750000e+02;2.5308198e-01;1.6750000e+02;2.7370310e-01;1.6750000e+02;2.7096260e-01;1.6750000e+02;2.4285096e-01;1.6750000e+02;2.0693442e-01;1.6750000e+02;1.6555145e-01;1.6750000e+02;1.2024519e-01;1.6750000e+02;7.9540953e-02;1.6750000e+02;4.1780747e-02;1.6750000e+02;1.2773564e-03;1.6750000e+02;1.2828533e-02;1.6750000e+02;3.0352397e-02;1.6750000e+02;5.1146403e-02;1.6750000e+02;7.6138340e-02;1.6750000e+02;1.0514914e-01;1.6750000e+02;1.3548163e-01;1.6750000e+02;1.7117137e-01;1.6750000e+02;2.1053733e-01;1.6750000e+02;2.5308198e-01;1.6750000e+02;2.7370310e-01;1.6750000e+02;2.7096260e-01;1.6750000e+02;2.4285096e-01;1.6750000e+02;2.0693442e-01;1.6750000e+02;1.6555145e-01;1.6750000e+02;1.2024519e-01;1.6750000e+02;7.9540953e-02;1.6750000e+02;4.1780747e-02;1.6750000e+02;1.2773564e-03;1.6750000e+02;1.2828533e-02;1.6750000e+02;3.0352397e-02;1.6750000e+02;5.1146403e-02;1.6750000e+02;7.6138340e-02;1.6750000e+02;1.0514914e-01;1.6750000e+02;1.3548163e-01;1.6750000e+02;1.7117137e-01;1.6750000e+02;2.1053733e-01;1.6750000e+02;2.5308198e-01;1.6750000e+02;2.7370310e-01;1.6750000e+02;2.7096260e-01;1.6750000e+02;2.4285096e-01;1.6750000e+02;2.0693442e-01;1.6750000e+02;1.6555145e-01;1.6750000e+02;1.2024519e-01;1.6750000e+02;7.9540953e-02;1.6750000e+02;4.1780747e-02;1.6750000e+02;1.2773564e-03;1.6750000e+02;1.2828533e-02;1.6750000e+02;3.0352397e-02;1.6750000e+02;5.1146403e-02;1.6750000e+02;7.6138340e-02;1.6750000e+02;1.0514914e-01;1.6750000e+02;1.3548163e-01;1.6750000e+02;1.7117137e-01;1.6750000e+02;2.1053733e-01;1.6750000e+02;2.5308198e-01;1.6750000e+02;2.7370310e-01;1.6750000e+02;2.7096260e-01;1.6750000e+02;2.4285096e-01;1.6750000e+02;2.0693442e-01;1.6750000e+02;1.6555145e-01;1.6750000e+02;1.2024519e-01;1.6750000e+02;7.9540953e-02;1.6750000e+02;4.1780747e-02;1.6750000e+02;1.2773564e-03;1.6750000e+02;1.2828533e-02;1.6750000e+02;3.0352397e-02;1.6750000e+02;5.1146403e-02;1.6750000e+02;7.6138340e-02;1.6750000e+02;1.0514914e-01;1.6750000e+02;1.3548163e-01;1.6750000e+02;1.7117137e-01;1.6750000e+02;2.1053733e-01;1.6750000e+02;2.5308198e-01;1.6750000e+02;2.7370310e-01;1.6750000e+02;2.7096260e-01;1.6750000e+02;2.4285096e-01;1.6750000e+02;2.0693442e-01;1.6750000e+02;1.6555145e-01;1.6750000e+02;1.2024519e-01;1.6750000e+02;7.9540953e-02;1.6750000e+02;4.1780747e-02;1.6750000e+02;1.2773564e-03;1.6750000e+02;1.2828533e-02;1.6750000e+02;3.0352397e-02;1.6750000e+02;5.1146403e-02;1.6750000e+02;7.6138340e-02;1.6750000e+02;1.0514914e-01;1.6750000e+02;1.3548163e-01;1.6750000e+02;1.7117137e-01;1.6750000e+02;2.1053733e-01;1.6750000e+02;2.5308198e-01;1.6750000e+02;2.7370310e-01;1.6750000e+02;2.7096260e-01;1.6750000e+02;2.4285096e-01;1.6750000e+02;2.0693442e-01;1.6750000e+02;1.6555145e-01;1.6750000e+02;1.2024519e-01;1.6750000e+02;7.9540953e-02;1.6750000e+02;4.1780747e-02;1.6750000e+02;1.2773564e-03;1.6750000e+02;1.2828533e-02;1.6750000e+02;3.0352397e-02;1.6750000e+02;5.1146403e-02;1.6750000e+02;7.6138340e-02;1.6750000e+02;1.0514914e-01;1.6750000e+02;1.3548163e-01;1.6750000e+02;1.7117137e-01;1.6750000e+02;2.1053733e-01;1.6750000e+02;2.5308198e-01;1.6750000e+02;2.7370310e-01;1.6750000e+02;2.7096260e-01;1.6750000e+02;2.4285096e-01;1.6750000e+02;2.0693442e-01;1.6750000e+02;1.6555145e-01;1.6750000e+02;1.2024519e-01;1.6750000e+02;7.9540953e-02;1.6750000e+02;4.1780747e-02;1.6750000e+02;1.2773564e-03;1.6750000e+02;1.2828533e-02;1.6750000e+02;3.0352397e-02;1.6750000e+02;5.1146403e-02;1.6750000e+02;7.6138340e-02;1.6750000e+02;1.0514914e-01;1.6750000e+02;1.3548163e-01;1.6750000e+02;1.7117137e-01;1.6750000e+02;2.1053733e-01;1.6750000e+02;2.5308198e-01;1.6750000e+02;2.7370310e-01;1.6750000e+02;2.7096260e-01;1.6750000e+02;2.4285096e-01;1.6750000e+02;2.0693442e-01;1.6750000e+02;1.6555145e-01;1.6750000e+02;1.2024519e-01;1.6750000e+02;7.9540953e-02;1.6750000e+02;4.1780747e-02;1.6750000e+02;1.2773564e-03;1.6750000e+02;1.2828533e-02;1.6750000e+02;3.0352397e-02;1.6750000e+02;5.1146403e-02;1.6750000e+02;7.6138340e-02;1.6750000e+02;1.0514914e-01;1.6750000e+02;1.3548163e-01;1.6750000e+02;1.7117137e-01;1.6750000e+02;2.1053733e-01;1.6750000e+02;2.5308198e-01;1.6750000e+02;2.7370310e-01;1.6750000e+02;2.7096260e-01;1.6750000e+02;2.4285096e-01;1.6750000e+02;2.0693442e-01;1.6750000e+02;1.6555145e-01;1.6750000e+02;1.2024519e-01;1.6750000e+02;7.9540953e-02;1.6750000e+02;4.1780747e-02;1.6750000e+02;1.2773564e-03;1.6750000e+02;1.2828533e-02;1.6750000e+02;3.0352397e-02;1.6750000e+02;5.1146403e-02;1.6750000e+02;7.6138340e-02;1.6750000e+02;1.0514914e-01;1.6750000e+02;1.3548163e-01;1.6750000e+02;1.7117137e-01;1.6750000e+02;2.1053733e-01;1.6750000e+02;2.5308198e-01;1.6750000e+02;2.7370310e-01;1.6750000e+02;2.7096260e-01;1.6750000e+02;2.4285096e-01;1.6750000e+02;2.0693442e-01;1.6750000e+02;1.6555145e-01;1.6750000e+02;1.2024519e-01;1.6750000e+02;7.9540953e-02;1.6750000e+02;4.1780747e-02;1.6750000e+02;1.2773564e-03;1.6750000e+02;1.2828533e-02;1.6750000e+02;3.0352397e-02;1.6750000e+02;5.1146403e-02;1.6750000e+02;7.6138340e-02;1.6750000e+02;1.0514914e-01;1.6750000e+02;1.3548163e-01;1.6750000e+02;1.7117137e-01;1.6750000e+02;2.1053733e-01;1.6750000e+02;2.5308198e-01;1.6750000e+02;2.7370310e-01;1.6750000e+02;2.7096260e-01;1.6750000e+02;2.4285096e-01;1.6750000e+02;2.0693442e-01;1.6750000e+02;1.6555145e-01;1.6750000e+02;1.2024519e-01;1.6750000e+02;7.9540953e-02;1.6750000e+02;4.1780747e-02;1.6750000e+02;1.2773564e-03;1.6750000e+02;1.2828533e-02;1.6750000e+02;3.0352397e-02;1.6750000e+02;5.1146403e-02;1.6750000e+02;7.6138340e-02;1.6750000e+02;1.0514914e-01;1.6750000e+02;1.3548163e-01;1.6750000e+02;1.7117137e-01;1.6750000e+02;2.1053733e-01;1.6750000e+02;2.5308198e-01;1.6750000e+02;2.7370310e-01;1.6750000e+02;2.7096260e-01;1.6750000e+02;2.4285096e-01;1.6750000e+02;2.0693442e-01;1.6750000e+02;1.6555145e-01;1.6750000e+02;1.2024519e-01;1.6750000e+02;7.9540953e-02;1.6750000e+02;4.1780747e-02;1.6750000e+02;1.2773564e-03;1.6750000e+02;1.2828533e-02;1.6750000e+02;3.0352397e-02;1.6750000e+02;5.1146403e-02;1.6750000e+02;7.6138340e-02;1.6750000e+02;1.0514914e-01;1.6750000e+02;1.3548163e-01;1.6750000e+02;1.7117137e-01;1.6750000e+02;2.1053733e-01;1.6750000e+02;2.5308198e-01;1.6750000e+02;2.7370310e-01;1.6750000e+02;2.7096260e-01;1.6750000e+02;2.4285096e-01;1.6750000e+02;2.0693442e-01;1.6750000e+02;1.6555145e-01;1.6750000e+02;1.2024519e-01;1.6750000e+02;7.9540953e-02;1.6750000e+02;4.1780747e-02;1.6750000e+02;1.2773564e-03;1.6750000e+02;1.2828533e-02;1.6750000e+02;3.0352397e-02;1.6750000e+02;5.1146403e-02;1.6750000e+02;7.6138340e-02;1.6750000e+02;1.0514914e-01;1.6750000e+02;1.3548163e-01;1.6750000e+02;1.7117137e-01;1.6750000e+02;2.1053733e-01;1.6750000e+02;2.5308198e-01;1.6750000e+02;2.7370310e-01;1.6750000e+02;2.7096260e-01;1.6750000e+02;2.4285096e-01;1.6750000e+02;2.0693442e-01;1.6750000e+02;1.6555145e-01;1.6750000e+02;1.2024519e-01;1.6750000e+02;7.9540953e-02;1.6750000e+02;4.1780747e-02;1.6750000e+02;1.2773564e-03;1.6750000e+02;1.2828533e-02;1.6750000e+02;3.0352397e-02;1.6750000e+02;5.1146403e-02;1.6750000e+02;7.6138340e-02;1.6750000e+02;1.0514914e-01;1.6750000e+02;1.3548163e-01;1.6750000e+02;1.7117137e-01;1.6750000e+02;2.1053733e-01;1.6750000e+02;2.5308198e-01;1.6750000e+02;2.7370310e-01;1.6750000e+02;2.7096260e-01;1.6750000e+02;2.4285096e-01;1.6750000e+02;2.0693442e-01;1.6750000e+02;1.6555145e-01;1.6750000e+02;1.2024519e-01;1.6750000e+02;7.9540953e-02;1.6750000e+02;4.1780747e-02;1.6750000e+02;1.2773564e-03;1.6750000e+02;1.2828533e-02;1.6750000e+02;3.0352397e-02;1.6750000e+02;5.1146403e-02;1.6750000e+02;7.6138340e-02;1.6750000e+02;1.0514914e-01;1.6750000e+02;1.3548163e-01;1.6750000e+02;1.7117137e-01;1.6750000e+02;2.1053733e-01;1.6750000e+02;2.5308198e-01;1.6750000e+02;2.7370310e-01;1.6750000e+02;2.7096260e-01;1.6750000e+02;2.4285096e-01;1.6750000e+02;2.0693442e-01;1.6750000e+02;1.6555145e-01;1.6750000e+02;1.2024519e-01;1.6750000e+02;7.9540953e-02;1.6750000e+02;4.1780747e-02;1.6750000e+02;1.2773564e-03;1.6750000e+02;1.2828533e-02;1.6750000e+02;3.0352397e-02;1.6750000e+02;5.1146403e-02;1.6750000e+02;7.6138340e-02;1.6750000e+02;1.0514914e-01;1.6750000e+02;1.3548163e-01;1.6750000e+02;1.7117137e-01;1.6750000e+02;2.1053733e-01;1.6750000e+02;2.5308198e-01;1.6750000e+02;2.7370310e-01;1.6750000e+02;2.7096260e-01;1.6750000e+02;2.4285096e-01;1.6750000e+02;2.0693442e-01;1.6750000e+02;1.6555145e-01;1.6750000e+02;1.2024519e-01;1.6750000e+02;7.9540953e-02;1.6750000e+02;4.1780747e-02;1.6750000e+02;1.2773564e-03;1.6750000e+02;1.2828533e-02;1.6750000e+02;3.0352397e-02;1.6750000e+02;5.1146403e-02;1.6750000e+02;7.6138340e-02;1.6750000e+02;1.0514914e-01;1.6750000e+02;1.3548163e-01;1.6750000e+02;1.7117137e-01;1.6750000e+02;2.1053733e-01;1.6750000e+02;2.5308198e-01;1.6750000e+02;2.7370310e-01;1.6750000e+02;2.7096260e-01;1.6750000e+02;2.4285096e-01;1.6750000e+02;2.0693442e-01;1.6750000e+02;1.6555145e-01;1.6750000e+02;1.2024519e-01;1.6750000e+02;7.9540953e-02;1.6750000e+02;4.1780747e-02;1.6750000e+02;1.2773564e-03;1.6750000e+02;1.2828533e-02;1.6750000e+02;3.0352397e-02;1.6750000e+02;5.1146403e-02;1.6750000e+02;7.6138340e-02;1.6750000e+02;1.0514914e-01;1.6750000e+02;1.3548163e-01;1.6750000e+02;1.7117137e-01;1.6750000e+02;2.1053733e-01;1.6750000e+02;2.5308198e-01;1.6750000e+02;2.7370310e-01;1.6750000e+02;2.7096260e-01;1.6750000e+02;2.4285096e-01;1.6750000e+02;2.0693442e-01;1.6750000e+02;1.6555145e-01;1.6750000e+02;1.2024519e-01;1.6750000e+02;7.9540953e-02;1.6750000e+02;4.1780747e-02;1.6750000e+02;1.2773564e-03;1.6750000e+02;1.2828533e-02;1.6750000e+02;3.0352397e-02;1.6750000e+02;5.1146403e-02;1.6750000e+02;7.6138340e-02;1.6750000e+02;1.0514914e-01;1.6750000e+02;1.3548163e-01;1.6750000e+02;1.7117137e-01;1.6750000e+02;2.1053733e-01;1.6750000e+02;2.5308198e-01;1.6750000e+02;2.7370310e-01;1.6750000e+02;2.7096260e-01;1.6750000e+02;2.4285096e-01;1.6750000e+02;2.0693442e-01;1.6750000e+02;1.6555145e-01;1.6750000e+02;1.2024519e-01;1.6750000e+02;7.9540953e-02;1.6750000e+02;4.1780747e-02;1.6750000e+02;1.2773564e-03;1.6750000e+02;1.2828533e-02;1.6750000e+02;3.0352397e-02;1.6750000e+02;5.1146403e-02;1.6750000e+02;7.6138340e-02;1.6750000e+02;1.0514914e-01;1.6750000e+02;1.3548163e-01;1.6750000e+02;1.7117137e-01;1.6750000e+02;2.1053733e-01;1.6750000e+02;2.5308198e-01;1.6750000e+02;2.7370310e-01;1.6750000e+02;2.7096260e-01;1.6750000e+02;2.4285096e-01;1.6750000e+02;2.0693442e-01;1.6750000e+02;1.6555145e-01;1.6750000e+02;1.2024519e-01;1.6750000e+02;7.9540953e-02;1.6750000e+02;4.1780747e-02;1.6750000e+02;1.2773564e-03;1.6750000e+02;1.2828533e-02;1.6750000e+02;3.0352397e-02;1.6750000e+02;5.1146403e-02;1.6750000e+02;7.6138340e-02;1.6750000e+02;1.0514914e-01;1.6750000e+02;1.3548163e-01;1.6750000e+02;1.7117137e-01;1.6750000e+02;2.1053733e-01;1.6750000e+02;2.5308198e-01;1.6750000e+02;2.7370310e-01;1.6750000e+02;2.7096260e-01;1.6750000e+02;2.4285096e-01;1.6750000e+02;2.0693442e-01;1.6750000e+02;1.6555145e-01;1.6750000e+02;1.2024519e-01;1.6750000e+02;7.9540953e-02;1.6750000e+02;4.1780747e-02;1.6750000e+02;1.2773564e-03;1.6750000e+02;1.2828533e-02;1.6750000e+02;3.0352397e-02;1.6750000e+02;5.1146403e-02;1.6750000e+02;7.6138340e-02;1.6750000e+02;1.0514914e-01;1.6750000e+02;1.3548163e-01;1.6750000e+02;1.7117137e-01;1.6750000e+02;2.1053733e-01;1.6750000e+02;2.5308198e-01;1.6750000e+02;2.7370310e-01;1.6750000e+02;2.7096260e-01;1.6750000e+02;2.4285096e-01;1.6750000e+02;2.0693442e-01;1.6750000e+02;1.6555145e-01;1.6750000e+02;1.2024519e-01;1.6750000e+02;7.9540953e-02;1.6750000e+02;4.1780747e-02;1.6750000e+02;1.2773564e-03;1.6750000e+02;1.2828533e-02;1.6750000e+02;3.0352397e-02;1.6750000e+02;5.1146403e-02;1.6750000e+02;7.6138340e-02;1.6750000e+02;1.0514914e-01;1.6750000e+02;1.3548163e-01;1.6750000e+02;1.7117137e-01;1.6750000e+02;2.1053733e-01;1.6750000e+02;2.5308198e-01;1.6750000e+02;2.7370310e-01;1.6750000e+02;2.7096260e-01;1.6750000e+02;2.4285096e-01;1.6750000e+02;2.0693442e-01;1.6750000e+02;1.6555145e-01;1.6750000e+02;1.2024519e-01;1.6750000e+02;7.9540953e-02;1.6750000e+02;4.1780747e-02;1.6750000e+02;1.2773564e-03;1.6750000e+02;1.2828533e-02;1.6750000e+02;3.0352397e-02;1.6750000e+02;5.1146403e-02;1.6750000e+02;7.6138340e-02;1.6750000e+02;1.0514914e-01;1.6750000e+02;1.3548163e-01;1.6750000e+02;1.7117137e-01;1.6750000e+02;2.1053733e-01;1.6750000e+02;2.5308198e-01;1.6750000e+02;2.7370310e-01;1.6750000e+02;2.7096260e-01;1.6750000e+02;2.4285096e-01;1.6750000e+02;2.0693442e-01;1.6750000e+02;1.6555145e-01;1.6750000e+02;1.2024519e-01;1.6750000e+02;7.9540953e-02;1.6750000e+02;4.1780747e-02;1.6750000e+02;1.2773564e-03;1.6750000e+02;1.2828533e-02;1.6750000e+02;3.0352397e-02;1.6750000e+02;5.1146403e-02;1.6750000e+02;7.6138340e-02;1.6750000e+02;1.0514914e-01;1.6750000e+02;1.3548163e-01;1.6750000e+02;1.7117137e-01;1.6750000e+02;2.1053733e-01;1.6750000e+02;2.5308198e-01;1.6750000e+02;2.7370310e-01;1.6750000e+02;2.7096260e-01;1.6750000e+02;2.4285096e-01;1.6750000e+02;2.0693442e-01;1.6750000e+02;1.6555145e-01;1.6750000e+02;1.2024519e-01;1.6750000e+02;7.9540953e-02;1.6750000e+02;4.1780747e-02;1.6750000e+02;1.2773564e-03;1.6750000e+02;1.2828533e-02;1.6750000e+02;3.0352397e-02;1.6750000e+02;5.1146403e-02;1.6750000e+02;7.6138340e-02;1.6750000e+02;1.0514914e-01;1.6750000e+02;1.3548163e-01;1.6750000e+02;1.7117137e-01;1.6750000e+02;2.1053733e-01;1.6750000e+02;2.5308198e-01;1.6750000e+02;2.7370310e-01;1.6750000e+02;2.7096260e-01;1.6750000e+02;2.4285096e-01;1.6750000e+02;2.0693442e-01;1.6750000e+02;1.6555145e-01;1.6750000e+02;1.2024519e-01;1.6750000e+02;7.9540953e-02;1.6750000e+02;4.1780747e-02;1.6750000e+02;1.2773564e-03;1.6750000e+02;1.2828533e-02;1.6750000e+02;3.0352397e-02;1.6750000e+02;5.1146403e-02;1.6750000e+02;7.6138340e-02;1.6750000e+02;1.0514914e-01;1.6750000e+02;1.3548163e-01;1.6750000e+02;1.7117137e-01;1.6750000e+02;2.1053733e-01;1.6750000e+02;2.5308198e-01;1.6750000e+02;2.7370310e-01;1.6750000e+02;2.7096260e-01;1.6750000e+02;2.4285096e-01;1.6750000e+02;2.0693442e-01;1.6750000e+02;1.6555145e-01;1.6750000e+02;1.2024519e-01;1.6750000e+02;7.9540953e-02;1.6750000e+02;4.1780747e-02;1.6750000e+02;1.2773564e-03;1.6750000e+02;1.2828533e-02;1.6750000e+02;3.0352397e-02;1.6750000e+02;5.1146403e-02;1.6750000e+02;7.6138340e-02;1.6750000e+02;1.0514914e-01;1.6750000e+02;1.3548163e-01;1.6750000e+02;1.7117137e-01;1.6750000e+02;2.1053733e-01;1.6750000e+02;2.5308198e-01;1.6750000e+02;2.7370310e-01;1.6750000e+02;2.7096260e-01;1.6750000e+02;2.4285096e-01;1.6750000e+02;2.0693442e-01;1.6750000e+02;1.6555145e-01;1.6750000e+02;1.2024519e-01;1.6750000e+02;7.9540953e-02;1.6750000e+02;4.1780747e-02;1.6750000e+02;1.2773564e-03;1.6750000e+02;1.2828533e-02;1.6750000e+02;3.0352397e-02;1.6750000e+02;5.1146403e-02;1.6750000e+02;7.6138340e-02;1.6750000e+02;1.0514914e-01;1.6750000e+02;1.3548163e-01;1.6750000e+02;1.7117137e-01;1.6750000e+02;2.1053733e-01;1.6750000e+02;2.5308198e-01;1.6750000e+02;2.7370310e-01;1.6750000e+02;2.7096260e-01;1.6750000e+02;2.4285096e-01;1.6750000e+02;2.0693442e-01;1.6750000e+02;1.6555145e-01;1.6750000e+02;1.2024519e-01;1.6750000e+02;7.9540953e-02;1.6750000e+02;4.1780747e-02;1.6750000e+02;1.2773564e-03;1.6750000e+02;1.2828533e-02;1.6750000e+02;3.0352397e-02;1.6750000e+02;5.1146403e-02;1.6750000e+02;7.6138340e-02;1.6750000e+02;1.0514914e-01;1.6750000e+02;1.3548163e-01;1.6750000e+02;1.7117137e-01;1.6750000e+02;2.1053733e-01;1.6750000e+02;2.5308198e-01;1.6750000e+02;2.7370310e-01;1.6750000e+02;2.7096260e-01;1.6750000e+02;2.4285096e-01;1.6750000e+02;2.0693442e-01;1.6750000e+02;1.6555145e-01;1.6750000e+02;1.2024519e-01;1.6750000e+02;7.9540953e-02;1.6750000e+02;4.1780747e-02;1.6750000e+02;1.2773564e-03;1.6750000e+02;1.2828533e-02;1.6750000e+02;3.0352397e-02;1.6750000e+02;5.1146403e-02;1.6750000e+02;7.6138340e-02;1.6750000e+02;1.0514914e-01;1.6750000e+02;1.3548163e-01;1.6750000e+02;1.7117137e-01;1.6750000e+02;2.1053733e-01;1.6750000e+02;2.5308198e-01;1.6750000e+02;2.7370310e-01;1.6750000e+02;2.7096260e-01;1.6750000e+02;2.4285096e-01;1.6750000e+02;2.0693442e-01;1.6750000e+02;1.6555145e-01;1.6750000e+02;1.2024519e-01;1.6750000e+02;7.9540953e-02;1.6750000e+02;4.1780747e-02;1.6750000e+02;1.2773564e-03;1.6750000e+02;1.2828533e-02;1.6750000e+02;3.0352397e-02;1.6750000e+02;5.1146403e-02;1.6750000e+02;7.6138340e-02;1.6750000e+02;1.0514914e-01;1.6750000e+02;1.3548163e-01;1.6750000e+02;1.7117137e-01;1.6750000e+02;2.1053733e-01;1.6750000e+02;2.5308198e-01;1.6750000e+02;2.7370310e-01;1.6750000e+02;2.7096260e-01;1.6750000e+02;2.4285096e-01;1.6750000e+02;2.0693442e-01;1.6750000e+02;1.6555145e-01;1.6750000e+02;1.2024519e-01;1.6750000e+02;7.9540953e-02;1.6750000e+02;4.1780747e-02;1.6750000e+02;1.2773564e-03;1.6750000e+02;1.2828533e-02;1.6750000e+02;3.0352397e-02;1.6750000e+02;5.1146403e-02;1.6750000e+02;7.6138340e-02;1.6750000e+02;1.0514914e-01;1.6750000e+02;1.3548163e-01;1.6750000e+02;1.7117137e-01;1.6750000e+02;2.1053733e-01;1.6750000e+02;2.5308198e-01;1.6750000e+02;2.7370310e-01;1.6750000e+02;2.7096260e-01;1.6750000e+02;2.4285096e-01;1.6750000e+02;2.0693442e-01;1.6750000e+02;1.6555145e-01;1.6750000e+02;1.2024519e-01;1.6750000e+02;7.9540953e-02;1.6750000e+02;4.1780747e-02;1.6750000e+02;1.2773564e-03;1.6750000e+02;1.2828533e-02;1.6750000e+02;3.0352397e-02;1.6750000e+02;5.1146403e-02;1.6750000e+02;7.6138340e-02;1.6750000e+02;1.0514914e-01;1.6750000e+02;1.3548163e-01;1.6750000e+02;1.7117137e-01;1.6750000e+02;2.1053733e-01;1.6750000e+02;2.5308198e-01;1.6750000e+02;2.7370310e-01;1.6750000e+02;2.7096260e-01;1.6750000e+02;2.4285096e-01;1.6750000e+02;2.0693442e-01;1.6750000e+02;1.6555145e-01;1.6750000e+02;1.2024519e-01;1.6750000e+02;7.9540953e-02;1.6750000e+02;4.1780747e-02;1.6750000e+02;1.2773564e-03;1.6750000e+02;1.2828533e-02;1.6750000e+02;3.0352397e-02;1.6750000e+02;5.1146403e-02;1.6750000e+02;7.6138340e-02;1.6750000e+02;1.0514914e-01;1.6750000e+02;1.3548163e-01;1.6750000e+02;1.7117137e-01;1.6750000e+02;2.1053733e-01;1.6750000e+02;2.5308198e-01;1.6750000e+02;2.7370310e-01;1.6750000e+02;2.7096260e-01;1.6750000e+02;2.4285096e-01;1.6750000e+02;2.0693442e-01;1.6750000e+02;1.6555145e-01;1.6750000e+02;1.2024519e-01;1.6750000e+02;7.9540953e-02;1.6750000e+02;4.1780747e-02;1.6750000e+02;1.2773564e-03;1.6750000e+02;1.2828533e-02;1.6750000e+02;3.0352397e-02;1.6750000e+02;5.1146403e-02;1.6750000e+02;7.6138340e-02;1.6750000e+02;1.0514914e-01;1.6750000e+02;1.3548163e-01;1.6750000e+02;1.7117137e-01;1.6750000e+02;2.1053733e-01;1.6750000e+02;2.5308198e-01;1.6750000e+02;2.7370310e-01;1.6750000e+02;2.7096260e-01;1.6750000e+02;2.4285096e-01;1.6750000e+02;2.0693442e-01;1.6750000e+02;1.6555145e-01;1.6750000e+02;1.2024519e-01;1.6750000e+02;7.9540953e-02;1.6750000e+02;4.1780747e-02;1.6750000e+02;1.2773564e-03;1.6750000e+02;1.2828533e-02;1.6750000e+02;3.0352397e-02;1.6750000e+02;5.1146403e-02;1.6750000e+02;7.6138340e-02;1.6750000e+02;1.0514914e-01;1.6750000e+02;1.3548163e-01;1.6750000e+02;1.7117137e-01;1.6750000e+02;2.1053733e-01;1.6750000e+02;2.5308198e-01;1.6750000e+02;2.7370310e-01;1.6750000e+02;2.7096260e-01;1.6750000e+02;2.4285096e-01;1.6750000e+02;2.0693442e-01;1.6750000e+02;1.6555145e-01;1.6750000e+02;1.2024519e-01;1.6750000e+02;7.9540953e-02;1.6750000e+02;4.1780747e-02;1.6750000e+02;1.2773564e-03;1.6750000e+02;1.2828533e-02;1.6750000e+02;3.0352397e-02;1.6750000e+02;5.1146403e-02;1.6750000e+02;7.6138340e-02;1.6750000e+02;1.0514914e-01;1.6750000e+02;1.3548163e-01;1.6750000e+02;1.7117137e-01;1.6750000e+02;2.1053733e-01;1.6750000e+02;2.5308198e-01;1.6750000e+02;2.7370310e-01;1.6750000e+02;2.7096260e-01;1.6750000e+02;2.4285096e-01;1.6750000e+02;2.0693442e-01;1.6750000e+02;1.6555145e-01;1.6750000e+02;1.2024519e-01;1.6750000e+02;7.9540953e-02;1.6750000e+02;4.1780747e-02;1.6750000e+02;1.2773564e-03;1.6750000e+02;1.2828533e-02;1.6750000e+02;3.0352397e-02;1.6750000e+02;5.1146403e-02;1.6750000e+02;7.6138340e-02;1.6750000e+02;1.0514914e-01;1.6750000e+02;1.3548163e-01;1.6750000e+02;1.7117137e-01;1.6750000e+02;2.1053733e-01;1.6750000e+02;2.5308198e-01;1.6750000e+02;2.7370310e-01;1.6750000e+02;2.7096260e-01;1.6750000e+02;2.4285096e-01;1.6750000e+02;2.0693442e-01;1.6750000e+02;1.6555145e-01;1.6750000e+02;1.2024519e-01;1.6750000e+02;7.9540953e-02;1.6750000e+02;4.1780747e-02;1.6750000e+02;1.2773564e-03;1.6750000e+02;1.2828533e-02;1.6750000e+02;3.0352397e-02;1.6750000e+02;5.1146403e-02;1.6750000e+02;7.6138340e-02;1.6750000e+02;1.0514914e-01;1.6750000e+02;1.3548163e-01;1.6750000e+02;1.7117137e-01;1.6750000e+02;2.1053733e-01;1.6750000e+02;2.5308198e-01;1.6750000e+02;2.7370310e-01;1.6750000e+02;2.7096260e-01;1.6750000e+02;2.4285096e-01;1.6750000e+02;2.0693442e-01;1.6750000e+02;1.6555145e-01;1.6750000e+02;1.2024519e-01;1.6750000e+02;7.9540953e-02;1.6750000e+02;4.1780747e-02;1.6750000e+02;1.2773564e-03;1.6750000e+02;1.2828533e-02;1.6750000e+02;3.0352397e-02;1.6750000e+02;5.1146403e-02;1.6750000e+02;7.6138340e-02;1.6750000e+02;1.0514914e-01;1.6750000e+02;1.3548163e-01;1.6750000e+02;1.7117137e-01;1.6750000e+02;2.1053733e-01;1.6750000e+02;2.5308198e-01;1.6750000e+02;2.7370310e-01;1.6750000e+02;2.7096260e-01;1.6750000e+02;2.4285096e-01;1.6750000e+02;2.0693442e-01;1.6750000e+02;1.6555145e-01;1.6750000e+02;1.2024519e-01;1.6750000e+02;7.9540953e-02;1.6750000e+02;4.1780747e-02;1.6750000e+02;1.2773564e-03;1.6750000e+02;1.2828533e-02;1.6750000e+02;3.0352397e-02;1.6750000e+02;5.1146403e-02;1.6750000e+02;7.6138340e-02;1.6750000e+02;1.0514914e-01;1.6750000e+02;1.3548163e-01;1.6750000e+02;1.7117137e-01;1.6750000e+02;2.1053733e-01;1.6750000e+02;2.5308198e-01;1.6750000e+02;2.7370310e-01;1.6750000e+02;2.7096260e-01;1.6750000e+02;2.4285096e-01;1.6750000e+02;2.0693442e-01;1.6750000e+02;1.6555145e-01;1.6750000e+02;1.2024519e-01;1.6750000e+02;7.9540953e-02;1.6750000e+02;4.1780747e-02;1.6750000e+02;1.2773564e-03;1.6750000e+02;1.2828533e-02;1.6750000e+02;3.0352397e-02;1.6750000e+02;5.1146403e-02;1.6750000e+02;7.6138340e-02;1.6750000e+02;1.0514914e-01;1.6750000e+02;1.3548163e-01;1.6750000e+02;1.7117137e-01;1.6750000e+02;2.1053733e-01;1.6750000e+02;2.5308198e-01;1.6750000e+02;2.7370310e-01;1.6750000e+02;2.7096260e-01;1.6750000e+02;2.4285096e-01;1.6750000e+02;2.0693442e-01;1.6750000e+02;1.6555145e-01;1.6750000e+02;1.2024519e-01;1.6750000e+02;7.9540953e-02;1.6750000e+02;4.1780747e-02;1.6750000e+02;1.2773564e-03;1.6750000e+02;1.2828533e-02;1.6750000e+02;3.0352397e-02;1.6750000e+02;5.1146403e-02;1.6750000e+02;7.6138340e-02;1.6750000e+02;1.0514914e-01;1.6750000e+02;1.3548163e-01;1.6750000e+02;1.7117137e-01;1.6750000e+02;2.1053733e-01;1.6750000e+02;2.5308198e-01;1.6750000e+02;2.7370310e-01;1.6750000e+02;2.7096260e-01;1.6750000e+02;2.4285096e-01;1.6750000e+02;2.0693442e-01;1.6750000e+02;1.6555145e-01;1.6750000e+02;1.2024519e-01;1.6750000e+02;7.9540953e-02;1.6750000e+02;4.1780747e-02;1.6750000e+02;1.2773564e-03;1.6750000e+02;1.2828533e-02;1.6750000e+02;3.0352397e-02;1.6750000e+02;5.1146403e-02;1.6750000e+02;7.6138340e-02;1.6750000e+02;1.0514914e-01;1.6750000e+02;1.3548163e-01;1.6750000e+02;1.7117137e-01;1.6750000e+02;2.1053733e-01;1.6750000e+02;2.5308198e-01;1.6750000e+02;2.7370310e-01;1.6750000e+02;2.7096260e-01;1.6750000e+02;2.4285096e-01;1.6750000e+02;2.0693442e-01;1.6750000e+02;1.6555145e-01;1.6750000e+02;1.2024519e-01;1.6750000e+02;7.9540953e-02;1.6750000e+02;4.1780747e-02;1.6750000e+02;1.2773564e-03;1.6750000e+02;1.2828533e-02;1.6750000e+02;3.0352397e-02;1.6750000e+02;5.1146403e-02;1.6750000e+02;7.6138340e-02;1.6750000e+02;1.0514914e-01;1.6750000e+02;1.3548163e-01;1.6750000e+02;1.7117137e-01;1.6750000e+02;2.1053733e-01;1.6750000e+02;2.5308198e-01;1.6750000e+02;2.7370310e-01;1.6750000e+02;2.7096260e-01;1.6750000e+02;2.4285096e-01;1.6750000e+02;2.0693442e-01;1.6750000e+02;1.6555145e-01;1.6750000e+02;1.2024519e-01;1.6750000e+02;7.9540953e-02;1.6750000e+02;4.1780747e-02;1.6750000e+02;1.2773564e-03;1.6750000e+02;1.2828533e-02;1.6750000e+02;3.0352397e-02;1.6750000e+02;5.1146403e-02;1.6750000e+02;7.6138340e-02;1.6750000e+02;1.0514914e-01;1.6750000e+02;1.3548163e-01;1.6750000e+02;1.7117137e-01;1.6750000e+02;2.1053733e-01;1.6750000e+02;2.5308198e-01;1.6750000e+02;2.7370310e-01;1.6750000e+02;2.7096260e-01;1.6750000e+02;2.4285096e-01;1.6750000e+02;2.0693442e-01;1.6750000e+02;1.6555145e-01;1.6750000e+02;1.2024519e-01;1.6750000e+02;7.9540953e-02;1.6750000e+02;4.1780747e-02;1.6750000e+02;1.2773564e-03;1.6750000e+02;1.2828533e-02;1.6750000e+02;3.0352397e-02;1.6750000e+02;5.1146403e-02;1.6750000e+02;7.6138340e-02;1.6750000e+02;1.0514914e-01;1.6750000e+02;1.3548163e-01;1.6750000e+02;1.7117137e-01;1.6750000e+02;2.1053733e-01;1.6750000e+02;2.5308198e-01;1.6750000e+02;2.7370310e-01;1.6750000e+02;2.7096260e-01;1.6750000e+02;2.4285096e-01;1.6750000e+02;2.0693442e-01;1.6750000e+02;1.6555145e-01;1.6750000e+02;1.2024519e-01;1.6750000e+02;7.9540953e-02;1.6750000e+02;4.1780747e-02;1.6750000e+02;1.2773564e-03;1.6750000e+02;1.2828533e-02;1.6750000e+02;3.0352397e-02;1.6750000e+02;5.1146403e-02;1.6750000e+02;7.6138340e-02;1.6750000e+02;1.0514914e-01;1.6750000e+02;1.3548163e-01;1.6750000e+02;1.7117137e-01;1.6750000e+02;2.1053733e-01;1.6750000e+02;2.5308198e-01;1.6750000e+02;2.7370310e-01;1.6750000e+02;2.7096260e-01;1.6750000e+02;2.4285096e-01;1.6750000e+02;2.0693442e-01;1.6750000e+02;1.6555145e-01;1.6750000e+02;1.2024519e-01;1.6750000e+02;7.9540953e-02;1.6750000e+02;4.1780747e-02;1.6750000e+02;1.2773564e-03;1.6750000e+02;1.2828533e-02;1.6750000e+02;3.0352397e-02;1.6750000e+02;5.1146403e-02;1.6750000e+02;7.6138340e-02;1.6750000e+02;1.0514914e-01;1.6750000e+02;1.3548163e-01;1.6750000e+02;1.7117137e-01;1.6750000e+02;2.1053733e-01;1.6750000e+02;2.5308198e-01;1.6750000e+02;2.7370310e-01;1.6750000e+02;2.7096260e-01;1.6750000e+02;2.4285096e-01;1.6750000e+02;2.0693442e-01;1.6750000e+02;1.6555145e-01;1.6750000e+02;1.2024519e-01;1.6750000e+02;7.9540953e-02;1.6750000e+02;4.1780747e-02;1.6750000e+02;1.2773564e-03;1.6750000e+02;1.2828533e-02;1.6750000e+02;3.0352397e-02;1.6750000e+02;5.1146403e-02;1.6750000e+02;7.6138340e-02;1.6750000e+02;1.0514914e-01;1.6750000e+02;1.3548163e-01;1.6750000e+02;1.7117137e-01;1.6750000e+02;2.1053733e-01;1.6750000e+02;2.5308198e-01;1.6750000e+02;2.7370310e-01;1.6750000e+02;2.7096260e-01;1.6750000e+02;2.4285096e-01;1.6750000e+02;2.0693442e-01;1.6750000e+02;1.6555145e-01;1.6750000e+02;1.2024519e-01;1.6750000e+02;7.9540953e-02;1.6750000e+02;4.1780747e-02;1.6750000e+02;1.2773564e-03;1.6750000e+02;1.2828533e-02;1.6750000e+02;3.0352397e-02;1.6750000e+02;5.1146403e-02;1.6750000e+02;7.6138340e-02;1.6750000e+02;1.0514914e-01;1.6750000e+02;1.3548163e-01;1.6750000e+02;1.7117137e-01;1.6750000e+02;2.1053733e-01;1.6750000e+02;2.5308198e-01;1.6750000e+02;2.7370310e-01;1.6750000e+02;2.7096260e-01;1.6750000e+02;2.4285096e-01;1.6750000e+02;2.0693442e-01;1.6750000e+02;1.6555145e-01;1.6750000e+02;1.2024519e-01;1.6750000e+02;7.9540953e-02;1.6750000e+02;4.1780747e-02;1.6750000e+02;1.2773564e-03;1.6750000e+02;1.2828533e-02;1.6750000e+02;3.0352397e-02;1.6750000e+02;5.1146403e-02;1.6750000e+02;7.6138340e-02;1.6750000e+02;1.0514914e-01;1.6750000e+02;1.3548163e-01;1.6750000e+02;1.7117137e-01;1.6750000e+02;2.1053733e-01;1.6750000e+02;2.5308198e-01;1.6750000e+02;2.7370310e-01;1.6750000e+02;2.7096260e-01;1.6750000e+02;2.4285096e-01;1.6750000e+02;2.0693442e-01;1.6750000e+02;1.6555145e-01;1.6750000e+02;1.2024519e-01;1.6750000e+02;7.9540953e-02;1.6750000e+02;4.1780747e-02;1.6750000e+02;1.2773564e-03;1.6750000e+02;1.2828533e-02;1.6750000e+02;3.0352397e-02;1.6750000e+02;5.1146403e-02;1.6750000e+02;7.6138340e-02;1.6750000e+02;1.0514914e-01;1.6750000e+02;1.3548163e-01;1.6750000e+02;1.7117137e-01;1.6750000e+02;2.1053733e-01;1.6750000e+02;2.5308198e-01;1.6750000e+02;2.7370310e-01;1.6750000e+02;2.7096260e-01;1.6750000e+02;2.4285096e-01;1.6750000e+02;2.0693442e-01;1.6750000e+02;1.6555145e-01;1.6750000e+02;1.2024519e-01;1.6750000e+02;7.9540953e-02;1.6750000e+02;4.1780747e-02;1.6750000e+02;1.2773564e-03;1.6750000e+02;1.2828533e-02;1.6750000e+02;3.0352397e-02;1.6750000e+02;5.1146403e-02;1.6750000e+02;7.6138340e-02;1.6750000e+02;1.0514914e-01;1.6750000e+02;1.3548163e-01;1.6750000e+02;1.7117137e-01;1.6750000e+02;2.1053733e-01;1.6750000e+02;2.5308198e-01;1.6750000e+02;2.7370310e-01;1.6750000e+02;2.7096260e-01;1.6750000e+02;2.4285096e-01;1.6750000e+02;2.0693442e-01;1.6750000e+02;1.6555145e-01;1.6750000e+02;1.2024519e-01;1.6750000e+02;7.9540953e-02;1.6750000e+02;4.1780747e-02;1.6750000e+02;1.2773564e-03;1.6750000e+02;1.2828533e-02;1.6750000e+02;3.0352397e-02;1.6750000e+02;5.1146403e-02;1.6750000e+02;7.6138340e-02;1.6750000e+02;1.0514914e-01;1.6750000e+02;1.3548163e-01;1.6750000e+02;1.7117137e-01;1.6750000e+02;2.1053733e-01;1.6750000e+02;2.5308198e-01;1.6750000e+02;2.7370310e-01;1.6750000e+02;2.7096260e-01;1.6750000e+02;2.4285096e-01;1.6750000e+02;2.0693442e-01;1.6750000e+02;1.6555145e-01;1.6750000e+02;1.2024519e-01;1.6750000e+02;7.9540953e-02;1.6750000e+02;4.1780747e-02;1.6750000e+02;1.2773564e-03;1.6750000e+02;1.2828533e-02;1.6750000e+02;3.0352397e-02;1.6750000e+02;5.1146403e-02;1.6750000e+02;7.6138340e-02;1.6750000e+02;1.0514914e-01;1.6750000e+02;1.3548163e-01;1.6750000e+02;1.7117137e-01;1.6750000e+02;2.1053733e-01;1.6750000e+02;2.5308198e-01;1.6750000e+02;2.7370310e-01;1.6750000e+02;2.7096260e-01;1.6750000e+02;2.4285096e-01;1.6750000e+02;2.0693442e-01;1.6750000e+02;1.6555145e-01;1.6750000e+02;1.2024519e-01;1.6750000e+02;7.9540953e-02;1.6750000e+02;4.1780747e-02;1.6750000e+02;1.2773564e-03;1.6750000e+02;1.2828533e-02;1.6750000e+02;3.0352397e-02;1.6750000e+02;5.1146403e-02;1.6750000e+02;7.6138340e-02;1.6750000e+02;1.0514914e-01;1.6750000e+02;1.3548163e-01;1.6750000e+02;1.7117137e-01;1.6750000e+02;2.1053733e-01;1.6750000e+02;2.5308198e-01;1.6750000e+02;2.7370310e-01;1.6750000e+02;2.7096260e-01;1.6750000e+02;2.4285096e-01;1.6750000e+02;2.0693442e-01;1.6750000e+02;1.6555145e-01;1.6750000e+02;1.2024519e-01;1.6750000e+02;7.9540953e-02;1.6750000e+02;4.1780747e-02;1.6750000e+02;1.2773564e-03;1.6750000e+02;1.2828533e-02;1.6750000e+02;3.0352397e-02;1.6750000e+02;5.1146403e-02;1.6750000e+02;7.6138340e-02;1.6750000e+02;1.0514914e-01;1.6750000e+02;1.3548163e-01;1.6750000e+02;1.7117137e-01;1.6750000e+02;2.1053733e-01;1.6750000e+02;2.5308198e-01;1.6750000e+02;2.7370310e-01;1.6750000e+02;2.7096260e-01;1.6750000e+02;2.4285096e-01;1.6750000e+02;2.0693442e-01;1.6750000e+02;1.6555145e-01;1.6750000e+02;1.2024519e-01;1.6750000e+02;7.9540953e-02;1.6750000e+02;4.1780747e-02;1.6750000e+02;1.2773564e-03;1.6750000e+02;1.2828533e-02;1.6750000e+02;3.0352397e-02;1.6750000e+02;5.1146403e-02;1.6750000e+02;7.6138340e-02;1.6750000e+02;1.0514914e-01;1.6750000e+02;1.3548163e-01;1.6750000e+02;1.7117137e-01;1.6750000e+02;2.1053733e-01;1.6750000e+02;2.5308198e-01;1.6750000e+02;2.7370310e-01;1.6750000e+02;2.7096260e-01;1.6750000e+02;2.4285096e-01;1.6750000e+02;2.0693442e-01;1.6750000e+02;1.6555145e-01;1.6750000e+02;1.2024519e-01;1.6750000e+02;7.9540953e-02;1.6750000e+02;4.1780747e-02;1.6750000e+02;1.2773564e-03;1.6750000e+02;1.2828533e-02;1.6750000e+02;3.0352397e-02;1.6750000e+02;5.1146403e-02;1.6750000e+02;7.6138340e-02;1.6750000e+02;1.0514914e-01;1.6750000e+02;1.3548163e-01;1.6750000e+02;1.7117137e-01;1.6750000e+02;2.1053733e-01;1.6750000e+02;2.5308198e-01;1.6750000e+02;2.7370310e-01;1.6750000e+02;2.7096260e-01;1.6750000e+02;2.4285096e-01;1.6750000e+02;2.0693442e-01;1.6750000e+02;1.6555145e-01;1.6750000e+02;1.2024519e-01;1.6750000e+02;7.9540953e-02;1.6750000e+02;4.1780747e-02;1.6750000e+02;1.2773564e-03;1.6750000e+02;1.2828533e-02;1.6750000e+02;3.0352397e-02;1.6750000e+02;5.1146403e-02;1.6750000e+02;7.6138340e-02;1.6750000e+02;1.0514914e-01;1.6750000e+02;1.3548163e-01;1.6750000e+02;1.7117137e-01;1.6750000e+02;2.1053733e-01;1.6750000e+02;2.5308198e-01;1.6750000e+02;2.7370310e-01;1.6750000e+02;2.7096260e-01;1.6750000e+02;2.4285096e-01;1.6750000e+02;2.0693442e-01;1.6750000e+02;1.6555145e-01;1.6750000e+02;1.2024519e-01;1.6750000e+02;7.9540953e-02;1.6750000e+02;4.1780747e-02;1.6750000e+02;1.2773564e-03;1.6750000e+02;1.2828533e-02;1.6750000e+02;3.0352397e-02;1.6750000e+02;5.1146403e-02;1.6750000e+02;7.6138340e-02;1.6750000e+02;1.0514914e-01;1.6750000e+02;1.3548163e-01;1.6750000e+02;1.7117137e-01;1.6750000e+02;2.1053733e-01;1.6750000e+02;2.5308198e-01;1.6750000e+02;2.7370310e-01;1.6750000e+02;2.7096260e-01;1.6750000e+02;2.4285096e-01;1.6750000e+02;2.0693442e-01;1.6750000e+02;1.6555145e-01;1.6750000e+02;1.2024519e-01;1.6750000e+02;7.9540953e-02;1.6750000e+02;4.1780747e-02;1.6750000e+02;1.2773564e-03;1.6750000e+02;1.2828533e-02;1.6750000e+02;3.0352397e-02;1.6750000e+02;5.1146403e-02;1.6750000e+02;7.6138340e-02;1.6750000e+02;1.0514914e-01;1.6750000e+02;1.3548163e-01;1.6750000e+02;1.7117137e-01;1.6750000e+02;2.1053733e-01;1.6750000e+02;2.5308198e-01;1.6750000e+02;2.7370310e-01;1.6750000e+02;2.7096260e-01;1.6750000e+02;2.4285096e-01;1.6750000e+02;2.0693442e-01;1.6750000e+02;1.6555145e-01;1.6750000e+02;1.2024519e-01;1.6750000e+02;7.9540953e-02;1.6750000e+02;4.1780747e-02;1.6750000e+02;1.2773564e-03;1.6750000e+02;1.2828533e-02;1.6750000e+02;3.0352397e-02;1.6750000e+02;5.1146403e-02;1.6750000e+02;7.6138340e-02;1.6750000e+02;1.0514914e-01;1.6750000e+02;1.3548163e-01;1.6750000e+02;1.7117137e-01;1.6750000e+02;2.1053733e-01;1.6750000e+02;2.5308198e-01;1.6750000e+02;2.7370310e-01;1.6750000e+02;2.7096260e-01;1.6750000e+02;2.4285096e-01;1.6750000e+02;2.0693442e-01;1.6750000e+02;1.6555145e-01;1.6750000e+02;1.2024519e-01;1.6750000e+02;7.9540953e-02;1.6750000e+02;4.1780747e-02;1.6750000e+02;1.2773564e-03;1.6750000e+02;1.2828533e-02;1.6750000e+02;3.0352397e-02;1.6750000e+02;5.1146403e-02;1.6750000e+02;7.6138340e-02;1.6750000e+02;1.0514914e-01;1.6750000e+02;1.3548163e-01;1.6750000e+02;1.7117137e-01;1.6750000e+02;2.1053733e-01;1.6750000e+02;2.5308198e-01;1.6750000e+02;2.7370310e-01;1.6750000e+02;2.7096260e-01;1.6750000e+02;2.4285096e-01;1.6750000e+02;2.0693442e-01;1.6750000e+02;1.6555145e-01;1.6750000e+02;1.2024519e-01;1.6750000e+02;7.9540953e-02;1.6750000e+02;4.1780747e-02;1.6750000e+02;1.2773564e-03;1.6750000e+02;1.2828533e-02;1.6750000e+02;3.0352397e-02;1.6750000e+02;5.1146403e-02;1.6750000e+02;7.6138340e-02;1.6750000e+02;1.0514914e-01;1.6750000e+02;1.3548163e-01;1.6750000e+02;1.7117137e-01;1.6750000e+02;2.1053733e-01;1.6750000e+02;2.5308198e-01;1.6750000e+02;2.7370310e-01;1.6750000e+02;2.7096260e-01;1.6750000e+02;2.4285096e-01;1.6750000e+02;2.0693442e-01;1.6750000e+02;1.6555145e-01;1.6750000e+02;1.2024519e-01;1.6750000e+02;7.9540953e-02;1.6750000e+02;4.1780747e-02;1.6750000e+02;1.2773564e-03;1.6750000e+02;1.2828533e-02;1.6750000e+02;3.0352397e-02;1.6750000e+02;5.1146403e-02;1.6750000e+02;7.6138340e-02;1.6750000e+02;1.0514914e-01;1.6750000e+02;1.3548163e-01;1.6750000e+02;1.7117137e-01;1.6750000e+02;2.1053733e-01;1.6750000e+02;2.5308198e-01;1.6750000e+02;2.7370310e-01;1.6750000e+02;2.7096260e-01;1.6750000e+02;2.4285096e-01;1.6750000e+02;2.0693442e-01;1.6750000e+02;1.6555145e-01;1.6750000e+02;1.2024519e-01;1.6750000e+02;7.9540953e-02;1.6750000e+02;4.1780747e-02;1.6750000e+02;1.2773564e-03;1.6750000e+02;1.2828533e-02;1.6750000e+02;3.0352397e-02;1.6750000e+02;5.1146403e-02;1.6750000e+02;7.6138340e-02;1.6750000e+02;1.0514914e-01;1.6750000e+02;1.3548163e-01;1.6750000e+02;1.7117137e-01;1.6750000e+02;2.1053733e-01;1.6750000e+02;2.5308198e-01;1.6750000e+02;2.7370310e-01;1.6750000e+02;2.7096260e-01;1.6750000e+02;2.4285096e-01;1.6750000e+02;2.0693442e-01;1.6750000e+02;1.6555145e-01;1.6750000e+02;1.2024519e-01;1.6750000e+02;7.9540953e-02;1.6750000e+02;4.1780747e-02;1.6750000e+02;1.2773564e-03;1.6750000e+02;1.2828533e-02;1.6750000e+02;3.0352397e-02;1.6750000e+02;5.1146403e-02;1.6750000e+02;7.6138340e-02;1.6750000e+02;1.0514914e-01;1.6750000e+02;1.3548163e-01;1.6750000e+02;1.7117137e-01;1.6750000e+02;2.1053733e-01;1.6750000e+02;2.5308198e-01;1.6750000e+02;2.7370310e-01;1.6750000e+02;2.7096260e-01;1.6750000e+02;2.4285096e-01;1.6750000e+02;2.0693442e-01;1.6750000e+02;1.6555145e-01;1.6750000e+02;1.2024519e-01;1.6750000e+02;7.9540953e-02;1.6750000e+02;4.1780747e-02;1.6750000e+02;1.2773564e-03;1.6750000e+02;1.2828533e-02;1.6750000e+02;3.0352397e-02;1.6750000e+02;5.1146403e-02;1.6750000e+02;7.6138340e-02;1.6750000e+02;1.0514914e-01;1.6750000e+02;1.3548163e-01;1.6750000e+02;1.7117137e-01;1.6750000e+02;2.1053733e-01;1.6750000e+02;2.5308198e-01;1.6750000e+02;2.7370310e-01;1.6750000e+02;2.7096260e-01;1.6750000e+02;2.4285096e-01;1.6750000e+02;2.0693442e-01;1.6750000e+02;1.6555145e-01;1.6750000e+02;1.2024519e-01;1.6750000e+02;7.9540953e-02;1.6750000e+02;4.1780747e-02;1.6750000e+02;1.2773564e-03;1.6750000e+02;1.2828533e-02;1.6750000e+02;3.0352397e-02;1.6750000e+02;5.1146403e-02;1.6750000e+02;7.6138340e-02;1.6750000e+02;1.0514914e-01;1.6750000e+02;1.3548163e-01;1.6750000e+02;1.7117137e-01;1.6750000e+02;2.1053733e-01;1.6750000e+02;2.5308198e-01;1.6750000e+02;2.7370310e-01;1.6750000e+02;2.7096260e-01;1.6750000e+02;2.4285096e-01;1.6750000e+02;2.0693442e-01;1.6750000e+02;1.6555145e-01;1.6750000e+02;1.2024519e-01;1.6750000e+02;7.9540953e-02;1.6750000e+02;4.1780747e-02;1.6750000e+02;1.2773564e-03;1.6750000e+02;1.2828533e-02;1.6750000e+02;3.0352397e-02;1.6750000e+02;5.1146403e-02;1.6750000e+02;7.6138340e-02;1.6750000e+02;1.0514914e-01;1.6750000e+02;1.3548163e-01;1.6750000e+02;1.7117137e-01;1.6750000e+02;2.1053733e-01;1.6750000e+02;2.5308198e-01;1.6750000e+02;2.7370310e-01;1.6750000e+02;2.7096260e-01;1.6750000e+02;2.4285096e-01;1.6750000e+02;2.0693442e-01;1.6750000e+02;1.6555145e-01;1.6750000e+02;1.2024519e-01;1.6750000e+02;7.9540953e-02;1.6750000e+02;4.1780747e-02;1.6750000e+02;1.2773564e-03;1.6750000e+02;1.2828533e-02;1.6750000e+02;3.0352397e-02;1.6750000e+02;5.1146403e-02;1.6750000e+02;7.6138340e-02;1.6750000e+02;1.0514914e-01;1.6750000e+02;1.3548163e-01;1.6750000e+02;1.7117137e-01;1.6750000e+02;2.1053733e-01;1.6750000e+02;2.5308198e-01;1.6750000e+02;2.7370310e-01;1.6750000e+02;2.7096260e-01;1.6750000e+02;2.4285096e-01;1.6750000e+02;2.0693442e-01;1.6750000e+02;1.6555145e-01;1.6750000e+02;1.2024519e-01;1.6750000e+02;7.9540953e-02;1.6750000e+02;4.1780747e-02;1.6750000e+02;1.2773564e-03;1.6750000e+02;1.2828533e-02;1.6750000e+02;3.0352397e-02;1.6750000e+02;5.1146403e-02;1.6750000e+02;7.6138340e-02;1.6750000e+02;1.0514914e-01;1.6750000e+02;1.3548163e-01;1.6750000e+02;1.7117137e-01;1.6750000e+02;2.1053733e-01;1.6750000e+02;2.5308198e-01;1.6750000e+02;2.7370310e-01;1.6750000e+02;2.7096260e-01;1.6750000e+02;2.4285096e-01;1.6750000e+02;2.0693442e-01;1.6750000e+02;1.6555145e-01;1.6750000e+02;1.2024519e-01;1.6750000e+02;7.9540953e-02;1.6750000e+02;4.1780747e-02;1.6750000e+02;1.2773564e-03;1.6750000e+02;1.2828533e-02;1.6750000e+02;3.0352397e-02;1.6750000e+02;5.1146403e-02;1.6750000e+02;7.6138340e-02;1.6750000e+02;1.0514914e-01;1.6750000e+02;1.3548163e-01;1.6750000e+02;1.7117137e-01;1.6750000e+02;2.1053733e-01;1.6750000e+02;2.5308198e-01;1.6750000e+02;2.7370310e-01;1.6750000e+02;2.7096260e-01;1.6750000e+02;2.4285096e-01;1.6750000e+02;2.0693442e-01;1.6750000e+02;1.6555145e-01;1.6750000e+02;1.2024519e-01;1.6750000e+02;7.9540953e-02;1.6750000e+02;4.1780747e-02;1.6750000e+02;1.2773564e-03;1.6750000e+02;1.2828533e-02;1.6750000e+02;3.0352397e-02;1.6750000e+02;5.1146403e-02;1.6750000e+02;7.6138340e-02;1.6750000e+02;1.0514914e-01;1.6750000e+02;1.3548163e-01;1.6750000e+02;1.7117137e-01;1.6750000e+02;2.1053733e-01;1.6750000e+02;2.5308198e-01;1.6750000e+02;2.7370310e-01;1.6750000e+02;2.7096260e-01;1.6750000e+02;2.4285096e-01;1.6750000e+02;2.0693442e-01;1.6750000e+02;1.6555145e-01;1.6750000e+02;1.2024519e-01;1.6750000e+02;7.9540953e-02;1.6750000e+02;4.1780747e-02;1.6750000e+02;1.2773564e-03;1.6750000e+02;1.2828533e-02;1.6750000e+02;3.0352397e-02;1.6750000e+02;5.1146403e-02;1.6750000e+02;7.6138340e-02;1.6750000e+02;1.0514914e-01;1.6750000e+02;1.3548163e-01;1.6750000e+02;1.7117137e-01;1.6750000e+02;2.1053733e-01;1.6750000e+02;2.5308198e-01;1.6750000e+02;2.7370310e-01;1.6750000e+02;2.7096260e-01;1.6750000e+02;2.4285096e-01;1.6750000e+02;2.0693442e-01;1.6750000e+02;1.6555145e-01;1.6750000e+02;1.2024519e-01;1.6750000e+02;7.9540953e-02;1.6750000e+02;4.1780747e-02;1.6750000e+02;1.2773564e-03;1.6750000e+02;1.2828533e-02;1.6750000e+02;3.0352397e-02;1.6750000e+02;5.1146403e-02;1.6750000e+02;7.6138340e-02;1.6750000e+02;1.0514914e-01;1.6750000e+02;1.3548163e-01;1.6750000e+02;1.7117137e-01;1.6750000e+02;2.1053733e-01;1.6750000e+02;2.5308198e-01;1.6750000e+02;2.7370310e-01;1.6750000e+02;2.7096260e-01;1.6750000e+02;2.4285096e-01;1.6750000e+02;2.0693442e-01;1.6750000e+02;1.6555145e-01;1.6750000e+02;1.2024519e-01;1.6750000e+02;7.9540953e-02;1.6750000e+02;4.1780747e-02;1.6750000e+02;1.2773564e-03;1.6750000e+02;1.2828533e-02;1.6750000e+02;3.0352397e-02;1.6750000e+02;5.1146403e-02;1.6750000e+02;7.6138340e-02;1.6750000e+02;1.0514914e-01;1.6750000e+02;1.3548163e-01;1.6750000e+02;1.7117137e-01;1.6750000e+02;2.1053733e-01;1.6750000e+02;2.5308198e-01;1.6750000e+02;2.7370310e-01;1.6750000e+02;2.7096260e-01;1.6750000e+02;2.4285096e-01;1.6750000e+02;2.0693442e-01;1.6750000e+02;1.6555145e-01;1.6750000e+02;1.2024519e-01;1.6750000e+02;7.9540953e-02;1.6750000e+02;4.1780747e-02;1.6750000e+02;1.2773564e-03;1.6750000e+02;1.2828533e-02;1.6750000e+02;3.0352397e-02;1.6750000e+02;5.1146403e-02;1.6750000e+02;7.6138340e-02;1.6750000e+02;1.0514914e-01;1.6750000e+02;1.3548163e-01;1.6750000e+02;1.7117137e-01;1.6750000e+02;2.1053733e-01;1.6750000e+02;2.5308198e-01;1.6750000e+02;2.7370310e-01;1.6750000e+02;2.7096260e-01;1.6750000e+02;2.4285096e-01;1.6750000e+02;2.0693442e-01;1.6750000e+02;1.6555145e-01;1.6750000e+02;1.2024519e-01;1.6750000e+02;7.9540953e-02;1.6750000e+02;4.1780747e-02;1.6750000e+02;1.2773564e-03;1.6750000e+02;1.2828533e-02;1.6750000e+02;3.0352397e-02;1.6750000e+02;5.1146403e-02;1.6750000e+02;7.6138340e-02;1.6750000e+02;1.0514914e-01;1.6750000e+02;1.3548163e-01;1.6750000e+02;1.7117137e-01;1.6750000e+02;2.1053733e-01;1.6750000e+02;2.5308198e-01;1.6750000e+02;2.7370310e-01;1.6750000e+02;2.7096260e-01;1.6750000e+02;2.4285096e-01;1.6750000e+02;2.0693442e-01;1.6750000e+02;1.6555145e-01;1.6750000e+02;1.2024519e-01;1.6750000e+02;7.9540953e-02;1.6750000e+02;4.1780747e-02;1.6750000e+02;1.2773564e-03;1.6750000e+02;1.2828533e-02;1.6750000e+02;3.0352397e-02;1.6750000e+02;5.1146403e-02;1.6750000e+02;7.6138340e-02;1.6750000e+02;1.0514914e-01;1.6750000e+02;1.3548163e-01;1.6750000e+02;1.7117137e-01;1.6750000e+02;2.1053733e-01;1.6750000e+02;2.5308198e-01;1.6750000e+02;2.7370310e-01;1.6750000e+02;2.7096260e-01;1.6750000e+02;2.4285096e-01;1.6750000e+02;2.0693442e-01;1.6750000e+02;1.6555145e-01;1.6750000e+02;1.2024519e-01;1.6750000e+02;7.9540953e-02;1.6750000e+02;4.1780747e-02;1.6750000e+02;1.2773564e-03;1.6750000e+02;1.2828533e-02;1.6750000e+02;3.0352397e-02;1.6750000e+02;5.1146403e-02;1.6750000e+02;7.6138340e-02;1.6750000e+02;1.0514914e-01;1.6750000e+02;1.3548163e-01;1.6750000e+02;1.7117137e-01;1.6750000e+02;2.1053733e-01;1.6750000e+02;2.5308198e-01;1.6750000e+02;2.7370310e-01;1.6750000e+02;2.7096260e-01;1.6750000e+02;2.4285096e-01;1.6750000e+02;2.0693442e-01;1.6750000e+02;1.6555145e-01;1.6750000e+02;1.2024519e-01;1.6750000e+02;7.9540953e-02;1.6750000e+02;4.1780747e-02;1.6750000e+02;1.2773564e-03;1.6750000e+02;1.2828533e-02;1.6750000e+02;3.0352397e-02;1.6750000e+02;5.1146403e-02;1.6750000e+02;7.6138340e-02;1.6750000e+02;1.0514914e-01;1.6750000e+02;1.3548163e-01;1.6750000e+02;1.7117137e-01;1.6750000e+02;2.1053733e-01;1.6750000e+02;2.5308198e-01;1.6750000e+02;2.7370310e-01;1.6750000e+02;2.7096260e-01;1.6750000e+02;2.4285096e-01;1.6750000e+02;2.0693442e-01;1.6750000e+02;1.6555145e-01;1.6750000e+02;1.2024519e-01;1.6750000e+02;7.9540953e-02;1.6750000e+02;4.1780747e-02;1.6750000e+02;1.2773564e-03;1.6750000e+02;1.2828533e-02;1.6750000e+02;3.0352397e-02;1.6750000e+02;5.1146403e-02;1.6750000e+02;7.6138340e-02;1.6750000e+02;1.0514914e-01;1.6750000e+02;1.3548163e-01;1.6750000e+02;1.7117137e-01;1.6750000e+02;2.1053733e-01;1.6750000e+02;2.5308198e-01;1.6750000e+02;2.7370310e-01;1.6750000e+02;2.7096260e-01;1.6750000e+02;2.4285096e-01;1.6750000e+02;2.0693442e-01;1.6750000e+02;1.6555145e-01;1.6750000e+02;1.2024519e-01;1.6750000e+02;7.9540953e-02;1.6750000e+02;4.1780747e-02;1.6750000e+02;1.2773564e-03;1.6750000e+02;1.2828533e-02;1.6750000e+02;3.0352397e-02;1.6750000e+02;5.1146403e-02;1.6750000e+02;7.6138340e-02;1.6750000e+02;1.0514914e-01;1.6750000e+02;1.3548163e-01;1.6750000e+02;1.7117137e-01;1.6750000e+02;2.1053733e-01;1.6750000e+02;2.5308198e-01;1.6750000e+02;2.7370310e-01;1.6750000e+02;2.7096260e-01;1.6750000e+02;2.4285096e-01;1.6750000e+02;2.0693442e-01;1.6750000e+02;1.6555145e-01;1.6750000e+02;1.2024519e-01;1.6750000e+02;7.9540953e-02;1.6750000e+02;4.1780747e-02;1.6750000e+02;1.2773564e-03;1.6750000e+02;1.2828533e-02;1.6750000e+02;3.0352397e-02;1.6750000e+02;5.1146403e-02;1.6750000e+02;7.6138340e-02;1.6750000e+02;1.0514914e-01;1.6750000e+02;1.3548163e-01;1.6750000e+02;1.7117137e-01;1.6750000e+02;2.1053733e-01;1.6750000e+02;2.5308198e-01;1.6750000e+02;2.7370310e-01;1.6750000e+02;2.7096260e-01;1.6750000e+02;2.4285096e-01;1.6750000e+02;2.0693442e-01;1.6750000e+02;1.6555145e-01;1.6750000e+02;1.2024519e-01;1.6750000e+02;7.9540953e-02;1.6750000e+02;4.1780747e-02;1.6750000e+02;1.2773564e-03;1.6750000e+02;1.2828533e-02;1.6750000e+02;3.0352397e-02;1.6750000e+02;5.1146403e-02;1.6750000e+02;7.6138340e-02;1.6750000e+02;1.0514914e-01;1.6750000e+02;1.3548163e-01;1.6750000e+02;1.7117137e-01;1.6750000e+02;2.1053733e-01;1.6750000e+02;2.5308198e-01;1.6750000e+02;2.7370310e-01;1.6750000e+02;2.7096260e-01;1.6750000e+02;2.4285096e-01;1.6750000e+02;2.0693442e-01;1.6750000e+02;1.6555145e-01;1.6750000e+02;1.2024519e-01;1.6750000e+02;7.9540953e-02;1.6750000e+02;4.1780747e-02;1.6750000e+02;1.2773564e-03;1.6750000e+02;1.2828533e-02;1.6750000e+02;3.0352397e-02;1.6750000e+02;5.1146403e-02;1.6750000e+02;7.6138340e-02;1.6750000e+02;1.0514914e-01;1.6750000e+02;1.3548163e-01;1.6750000e+02;1.7117137e-01;1.6750000e+02;2.1053733e-01;1.6750000e+02;2.5308198e-01;1.6750000e+02;2.7370310e-01;1.6750000e+02;2.7096260e-01;1.6750000e+02;2.4285096e-01;1.6750000e+02;2.0693442e-01;1.6750000e+02;1.6555145e-01;1.6750000e+02;1.2024519e-01;1.6750000e+02;7.9540953e-02;1.6750000e+02;4.1780747e-02;1.6750000e+02;1.2773564e-03;1.6750000e+02;1.2828533e-02;1.6750000e+02;3.0352397e-02;1.6750000e+02;5.1146403e-02;1.6750000e+02;7.6138340e-02;1.6750000e+02;1.0514914e-01;1.6750000e+02;1.3548163e-01;1.6750000e+02;1.7117137e-01;1.6750000e+02;2.1053733e-01;1.6750000e+02;2.5308198e-01;1.6750000e+02;2.7370310e-01;1.6750000e+02;2.7096260e-01;1.6750000e+02;2.4285096e-01;1.6750000e+02;2.0693442e-01;1.6750000e+02;1.6555145e-01;1.6750000e+02;1.2024519e-01;1.6750000e+02;7.9540953e-02;1.6750000e+02;4.1780747e-02;1.6750000e+02;1.2773564e-03;1.6750000e+02;1.2828533e-02;1.6750000e+02;3.0352397e-02;1.6750000e+02;5.1146403e-02;1.6750000e+02;7.6138340e-02;1.6750000e+02;1.0514914e-01;1.6750000e+02;1.3548163e-01;1.6750000e+02;1.7117137e-01;1.6750000e+02;2.1053733e-01;1.6750000e+02;2.5308198e-01;1.6750000e+02;2.7370310e-01;1.6750000e+02;2.7096260e-01;1.6750000e+02;2.4285096e-01;1.6750000e+02;2.0693442e-01;1.6750000e+02;1.6555145e-01;1.6750000e+02;1.2024519e-01;1.6750000e+02;7.9540953e-02;1.6750000e+02;4.1780747e-02;1.6750000e+02;1.2773564e-03;1.6750000e+02;1.2828533e-02;1.6750000e+02;3.0352397e-02;1.6750000e+02;5.1146403e-02;1.6750000e+02;7.6138340e-02;1.6750000e+02;1.0514914e-01;1.6750000e+02;1.3548163e-01;1.6750000e+02;1.7117137e-01;1.6750000e+02;2.1053733e-01;1.6750000e+02;2.5308198e-01;1.6750000e+02;2.7370310e-01;1.6750000e+02;2.7096260e-01;1.6750000e+02;2.4285096e-01;1.6750000e+02;2.0693442e-01;1.6750000e+02;1.6555145e-01;1.6750000e+02;1.2024519e-01;1.6750000e+02;7.9540953e-02;1.6750000e+02;4.1780747e-02;1.6750000e+02;1.2773564e-03;1.6750000e+02;1.2828533e-02;1.6750000e+02;3.0352397e-02;1.6750000e+02;5.1146403e-02;1.6750000e+02;7.6138340e-02;1.6750000e+02;1.0514914e-01;1.6750000e+02;1.3548163e-01;1.6750000e+02;1.7117137e-01;1.6750000e+02;2.1053733e-01;1.6750000e+02;2.5308198e-01;1.6750000e+02;2.7370310e-01;1.6750000e+02;2.7096260e-01;1.6750000e+02;2.4285096e-01;1.6750000e+02;2.0693442e-01;1.6750000e+02;1.6555145e-01;1.6750000e+02;1.2024519e-01;1.6750000e+02;7.9540953e-02;1.6750000e+02;4.1780747e-02;1.6750000e+02;1.2773564e-03;1.6750000e+02;1.2828533e-02;1.6750000e+02;3.0352397e-02;1.6750000e+02;5.1146403e-02;1.6750000e+02;7.6138340e-02;1.6750000e+02;1.0514914e-01;1.6750000e+02;1.3548163e-01;1.6750000e+02;1.7117137e-01;1.6750000e+02;2.1053733e-01;1.6750000e+02;2.5308198e-01;1.6750000e+02;2.7370310e-01;1.6750000e+02;2.7096260e-01;1.6750000e+02;2.4285096e-01;1.6750000e+02;2.0693442e-01;1.6750000e+02;1.6555145e-01;1.6750000e+02;1.2024519e-01;1.6750000e+02;7.9540953e-02;1.6750000e+02;4.1780747e-02;1.6750000e+02;1.2773564e-03;1.6750000e+02;1.2828533e-02;1.6750000e+02;3.0352397e-02;1.6750000e+02;5.1146403e-02;1.6750000e+02;7.6138340e-02;1.6750000e+02;1.0514914e-01;1.6750000e+02;1.3548163e-01;1.6750000e+02;1.7117137e-01;1.6750000e+02;2.1053733e-01;1.6750000e+02;2.5308198e-01;1.6750000e+02;2.7370310e-01;1.6750000e+02;2.7096260e-01;1.6750000e+02;2.4285096e-01;1.6750000e+02;2.0693442e-01;1.6750000e+02;1.6555145e-01;1.6750000e+02;1.2024519e-01;1.6750000e+02;7.9540953e-02;1.6750000e+02;4.1780747e-02;1.6750000e+02;1.2773564e-03;1.6750000e+02;1.2828533e-02;1.6750000e+02;3.0352397e-02;1.6750000e+02;5.1146403e-02;1.6750000e+02;7.6138340e-02;1.6750000e+02;1.0514914e-01;1.6750000e+02;1.3548163e-01;1.6750000e+02;1.7117137e-01;1.6750000e+02;2.1053733e-01;1.6750000e+02;2.5308198e-01;1.6750000e+02;2.7370310e-01;1.6750000e+02;2.7096260e-01;1.6750000e+02;2.4285096e-01;1.6750000e+02;2.0693442e-01;1.6750000e+02;1.6555145e-01;1.6750000e+02;1.2024519e-01;1.6750000e+02;7.9540953e-02;1.6750000e+02;4.1780747e-02;1.6750000e+02;1.2773564e-03;1.6750000e+02;1.2828533e-02;1.6750000e+02;3.0352397e-02;1.6750000e+02;5.1146403e-02;1.6750000e+02;7.6138340e-02;1.6750000e+02;1.0514914e-01;1.6750000e+02;1.3548163e-01;1.6750000e+02;1.7117137e-01;1.6750000e+02;2.1053733e-01;1.6750000e+02;2.5308198e-01;1.6750000e+02;2.7370310e-01;1.6750000e+02;2.7096260e-01;1.6750000e+02;2.4285096e-01;1.6750000e+02;2.0693442e-01;1.6750000e+02;1.6555145e-01;1.6750000e+02;1.2024519e-01;1.6750000e+02;7.9540953e-02;1.6750000e+02;4.1780747e-02;1.6750000e+02;1.2773564e-03;1.6750000e+02;1.2828533e-02;1.6750000e+02;3.0352397e-02;1.6750000e+02;5.1146403e-02;1.6750000e+02;7.6138340e-02;1.6750000e+02;1.0514914e-01;1.6750000e+02;1.3548163e-01;1.6750000e+02;1.7117137e-01;1.6750000e+02;2.1053733e-01;1.6750000e+02;2.5308198e-01;1.6750000e+02;2.7370310e-01;1.6750000e+02;2.7096260e-01;1.6750000e+02;2.4285096e-01;1.6750000e+02;2.0693442e-01;1.6750000e+02;1.6555145e-01;1.6750000e+02;1.2024519e-01;1.6750000e+02;7.9540953e-02;1.6750000e+02;4.1780747e-02;1.6750000e+02;1.2773564e-03;1.6750000e+02;1.2828533e-02;1.6750000e+02;3.0352397e-02;1.6750000e+02;5.1146403e-02;1.6750000e+02;7.6138340e-02;1.6750000e+02;1.0514914e-01;1.6750000e+02;1.3548163e-01;1.6750000e+02;1.7117137e-01;1.6750000e+02;2.1053733e-01;1.6750000e+02;2.5308198e-01;1.6750000e+02;2.7370310e-01;1.6750000e+02;2.7096260e-01;1.6750000e+02;2.4285096e-01;1.6750000e+02;2.0693442e-01;1.6750000e+02;1.6555145e-01;1.6750000e+02;1.2024519e-01;1.6750000e+02;7.9540953e-02;1.6750000e+02;4.1780747e-02;1.6750000e+02;1.2773564e-03;1.6750000e+02;1.2828533e-02;1.6750000e+02;3.0352397e-02;1.6750000e+02;5.1146403e-02;1.6750000e+02;7.6138340e-02;1.6750000e+02;1.0514914e-01;1.6750000e+02;1.3548163e-01;1.6750000e+02;1.7117137e-01;1.6750000e+02;2.1053733e-01;1.6750000e+02;2.5308198e-01;1.6750000e+02;2.7370310e-01;1.6750000e+02;2.7096260e-01;1.6750000e+02;2.4285096e-01;1.6750000e+02;2.0693442e-01;1.6750000e+02;1.6555145e-01;1.6750000e+02;1.2024519e-01;1.6750000e+02;7.9540953e-02;1.6750000e+02;4.1780747e-02;1.6750000e+02;1.2773564e-03;1.6750000e+02;1.2828533e-02;1.6750000e+02;3.0352397e-02;1.6750000e+02;5.1146403e-02;1.6750000e+02;7.6138340e-02;1.6750000e+02;1.0514914e-01;1.6750000e+02;1.3548163e-01;1.6750000e+02;1.7117137e-01;1.6750000e+02;2.1053733e-01;1.6750000e+02;2.5308198e-01;1.6750000e+02;2.7370310e-01;1.6750000e+02;2.7096260e-01;1.6750000e+02;2.4285096e-01;1.6750000e+02;2.0693442e-01;1.6750000e+02;1.6555145e-01;1.6750000e+02;1.2024519e-01;1.6750000e+02;7.9540953e-02;1.6750000e+02;4.1780747e-02;1.6750000e+02;1.2773564e-03;1.6750000e+02;1.2828533e-02;1.6750000e+02;3.0352397e-02;1.6750000e+02;5.1146403e-02;1.6750000e+02;7.6138340e-02;1.6750000e+02;1.0514914e-01;1.6750000e+02;1.3548163e-01;1.6750000e+02;1.7117137e-01;1.6750000e+02;2.1053733e-01;1.6750000e+02;2.5308198e-01;1.6750000e+02;2.7370310e-01;1.6750000e+02;2.7096260e-01;1.6750000e+02;2.4285096e-01;1.6750000e+02;2.0693442e-01;1.6750000e+02;1.6555145e-01;1.6750000e+02;1.2024519e-01;1.6750000e+02;7.9540953e-02;1.6750000e+02;4.1780747e-02;1.6750000e+02;1.2773564e-03;1.6750000e+02;1.2828533e-02;1.6750000e+02;3.0352397e-02;1.6750000e+02;5.1146403e-02;1.6750000e+02;7.6138340e-02;1.6750000e+02;1.0514914e-01;1.6750000e+02;1.3548163e-01;1.6750000e+02;1.7117137e-01;1.6750000e+02;2.1053733e-01;1.6750000e+02;2.5308198e-01;1.6750000e+02;2.7370310e-01;1.6750000e+02;2.7096260e-01;1.6750000e+02;2.4285096e-01;1.6750000e+02;2.0693442e-01;1.6750000e+02;1.6555145e-01;1.6750000e+02;1.2024519e-01;1.6750000e+02;7.9540953e-02;1.6750000e+02;4.1780747e-02;1.6750000e+02;1.2773564e-03;1.6750000e+02;1.2828533e-02;1.6750000e+02;3.0352397e-02;1.6750000e+02;5.1146403e-02;1.6750000e+02;7.6138340e-02;1.6750000e+02;1.0514914e-01;1.6750000e+02;1.3548163e-01;1.6750000e+02;1.7117137e-01;1.6750000e+02;2.1053733e-01;1.6750000e+02;2.5308198e-01;1.6750000e+02;2.7370310e-01;1.6750000e+02;2.7096260e-01;1.6750000e+02;2.4285096e-01;1.6750000e+02;2.0693442e-01;1.6750000e+02;1.6555145e-01;1.6750000e+02;1.2024519e-01;1.6750000e+02;7.9540953e-02;1.6750000e+02;4.1780747e-02;1.6750000e+02;1.2773564e-03;1.6750000e+02;1.2828533e-02;1.6750000e+02;3.0352397e-02;1.6750000e+02;5.1146403e-02;1.6750000e+02;7.6138340e-02;1.6750000e+02;1.0514914e-01;1.6750000e+02;1.3548163e-01;1.6750000e+02;1.7117137e-01;1.6750000e+02;2.1053733e-01;1.6750000e+02;2.5308198e-01;1.6750000e+02;2.7370310e-01;1.6750000e+02;2.7096260e-01;1.6750000e+02;2.4285096e-01;1.6750000e+02;2.0693442e-01;1.6750000e+02;1.6555145e-01;1.6750000e+02;1.2024519e-01;1.6750000e+02;7.9540953e-02;1.6750000e+02;4.1780747e-02;1.6750000e+02;1.2773564e-03;1.6750000e+02;1.2828533e-02;1.6750000e+02;3.0352397e-02;1.6750000e+02;5.1146403e-02;1.6750000e+02;7.6138340e-02;1.6750000e+02;1.0514914e-01;1.6750000e+02;1.3548163e-01;1.6750000e+02;1.7117137e-01;1.6750000e+02;2.1053733e-01;1.6750000e+02;2.5308198e-01;1.6750000e+02;2.7370310e-01;1.6750000e+02;2.7096260e-01;1.6750000e+02;2.4285096e-01;1.6750000e+02;2.0693442e-01;1.6750000e+02;1.6555145e-01;1.6750000e+02;1.2024519e-01;1.6750000e+02;7.9540953e-02;1.6750000e+02;4.1780747e-02;1.6750000e+02;1.2773564e-03;1.6750000e+02;1.2828533e-02;1.6750000e+02;3.0352397e-02;1.6750000e+02;5.1146403e-02;1.6750000e+02;7.6138340e-02;1.6750000e+02;1.0514914e-01;1.6750000e+02;1.3548163e-01;1.6750000e+02;1.7117137e-01;1.6750000e+02;2.1053733e-01;1.6750000e+02;2.5308198e-01;1.6750000e+02;2.7370310e-01;1.6750000e+02;2.7096260e-01;1.6750000e+02;2.4285096e-01;1.6750000e+02;2.0693442e-01;1.6750000e+02;1.6555145e-01;1.6750000e+02;1.2024519e-01;1.6750000e+02;7.9540953e-02;1.6750000e+02;4.1780747e-02;1.6750000e+02;1.2773564e-03;1.6750000e+02;1.2828533e-02;1.6750000e+02;3.0352397e-02;1.6750000e+02;5.1146403e-02;1.6750000e+02;7.6138340e-02;1.6750000e+02;1.0514914e-01;1.6750000e+02;1.3548163e-01;1.6750000e+02;1.7117137e-01;1.6750000e+02;2.1053733e-01;1.6750000e+02;2.5308198e-01;1.6750000e+02;2.7370310e-01;1.6750000e+02;2.7096260e-01;1.6750000e+02;2.4285096e-01;1.6750000e+02;2.0693442e-01;1.6750000e+02;1.6555145e-01;1.6750000e+02;1.2024519e-01;1.6750000e+02;7.9540953e-02;1.6750000e+02;4.1780747e-02;1.6750000e+02;1.2773564e-03;1.6750000e+02;1.2828533e-02;1.6750000e+02;3.0352397e-02;1.6750000e+02;5.1146403e-02;1.6750000e+02;7.6138340e-02;1.6750000e+02;1.0514914e-01;1.6750000e+02;1.3548163e-01;1.6750000e+02;1.7117137e-01;1.6750000e+02;2.1053733e-01;1.6750000e+02;2.5308198e-01;1.6750000e+02;2.7370310e-01;1.6750000e+02;2.7096260e-01;1.6750000e+02;2.4285096e-01;1.6750000e+02;2.0693442e-01;1.6750000e+02;1.6555145e-01;1.6750000e+02;1.2024519e-01;1.6750000e+02;7.9540953e-02;1.6750000e+02;4.1780747e-02;1.6750000e+02;1.2773564e-03;1.6750000e+02;1.2828533e-02;1.6750000e+02;3.0352397e-02;1.6750000e+02;5.1146403e-02;1.6750000e+02;7.6138340e-02;1.6750000e+02;1.0514914e-01;1.6750000e+02;1.3548163e-01;1.6750000e+02;1.7117137e-01;1.6750000e+02;2.1053733e-01;1.6750000e+02;2.5308198e-01;1.6750000e+02;2.7370310e-01;1.6750000e+02;2.7096260e-01;1.6750000e+02;2.4285096e-01;1.6750000e+02;2.0693442e-01;1.6750000e+02;1.6555145e-01;1.6750000e+02;1.2024519e-01;1.6750000e+02;7.9540953e-02;1.6750000e+02;4.1780747e-02;1.6750000e+02;1.2773564e-03;1.6750000e+02;1.2828533e-02;1.6750000e+02;3.0352397e-02;1.6750000e+02;5.1146403e-02;1.6750000e+02;7.6138340e-02;1.6750000e+02;1.0514914e-01;1.6750000e+02;1.3548163e-01;1.6750000e+02;1.7117137e-01;1.6750000e+02;2.1053733e-01;1.6750000e+02;2.5308198e-01;1.6750000e+02;2.7370310e-01;1.6750000e+02;2.7096260e-01;1.6750000e+02;2.4285096e-01;1.6750000e+02;2.0693442e-01;1.6750000e+02;1.6555145e-01;1.6750000e+02;1.2024519e-01;1.6750000e+02;7.9540953e-02;1.6750000e+02;4.1780747e-02;1.6750000e+02;1.2773564e-03;1.6750000e+02;1.2828533e-02;1.6750000e+02;3.0352397e-02;1.6750000e+02;5.1146403e-02;1.6750000e+02;7.6138340e-02;1.6750000e+02;1.0514914e-01;1.6750000e+02;1.3548163e-01;1.6750000e+02;1.7117137e-01;1.6750000e+02;2.1053733e-01;1.6750000e+02;2.5308198e-01;1.6750000e+02;2.7370310e-01;1.6750000e+02;2.7096260e-01;1.6750000e+02;2.4285096e-01;1.6750000e+02;2.0693442e-01;1.6750000e+02;1.6555145e-01;1.6750000e+02;1.2024519e-01;1.6750000e+02;7.9540953e-02;1.6750000e+02;4.1780747e-02;1.6750000e+02;1.2773564e-03;1.6750000e+02;1.2828533e-02;1.6750000e+02;3.0352397e-02;1.6750000e+02;5.1146403e-02;1.6750000e+02;7.6138340e-02;1.6750000e+02;1.0514914e-01;1.6750000e+02;1.3548163e-01;1.6750000e+02;1.7117137e-01;1.6750000e+02;2.1053733e-01;1.6750000e+02;2.5308198e-01;1.6750000e+02;2.7370310e-01;1.6750000e+02;2.7096260e-01;1.6750000e+02;2.4285096e-01;1.6750000e+02;2.0693442e-01;1.6750000e+02;1.6555145e-01;1.6750000e+02;1.2024519e-01;1.6750000e+02;7.9540953e-02;1.6750000e+02;4.1780747e-02;1.6750000e+02;1.2773564e-03;1.6750000e+02;1.2828533e-02;1.6750000e+02;3.0352397e-02;1.6750000e+02;5.1146403e-02;1.6750000e+02;7.6138340e-02;1.6750000e+02;1.0514914e-01;1.6750000e+02;1.3548163e-01;1.6750000e+02;1.7117137e-01;1.6750000e+02;2.1053733e-01;1.6750000e+02;2.5308198e-01;1.6750000e+02;2.7370310e-01;1.6750000e+02;2.7096260e-01;1.6750000e+02;2.4285096e-01;1.6750000e+02;2.0693442e-01;1.6750000e+02;1.6555145e-01;1.6750000e+02;1.2024519e-01;1.6750000e+02;7.9540953e-02;1.6750000e+02;4.1780747e-02;1.6750000e+02;1.2773564e-03;1.6750000e+02;1.2828533e-02;1.6750000e+02;3.0352397e-02;1.6750000e+02;5.1146403e-02;1.6750000e+02;7.6138340e-02;1.6750000e+02;1.0514914e-01;1.6750000e+02;1.3548163e-01;1.6750000e+02;1.7117137e-01;1.6750000e+02;2.1053733e-01;1.6750000e+02;2.5308198e-01;1.6750000e+02;2.7370310e-01;1.6750000e+02;2.7096260e-01;1.6750000e+02;2.4285096e-01;1.6750000e+02;2.0693442e-01;1.6750000e+02;1.6555145e-01;1.6750000e+02;1.2024519e-01;1.6750000e+02;7.9540953e-02;1.6750000e+02;4.1780747e-02;1.6750000e+02;1.2773564e-03;1.6750000e+02;1.2828533e-02;1.6750000e+02;3.0352397e-02;1.6750000e+02;5.1146403e-02;1.6750000e+02;7.6138340e-02;1.6750000e+02;1.0514914e-01;1.6750000e+02;1.3548163e-01;1.6750000e+02;1.7117137e-01;1.6750000e+02;2.1053733e-01;1.6750000e+02;2.5308198e-01;1.6750000e+02;2.7370310e-01;1.6750000e+02;2.7096260e-01;1.6750000e+02;2.4285096e-01;1.6750000e+02;2.0693442e-01;1.6750000e+02;1.6555145e-01;1.6750000e+02;1.2024519e-01;1.6750000e+02;7.9540953e-02;1.6750000e+02;4.1780747e-02;1.6750000e+02;1.2773564e-03;1.6750000e+02;1.2828533e-02;1.6750000e+02;3.0352397e-02;1.6750000e+02;5.1146403e-02;1.6750000e+02;7.6138340e-02;1.6750000e+02;1.0514914e-01;1.6750000e+02;1.3548163e-01;1.6750000e+02;1.7117137e-01;1.6750000e+02;2.1053733e-01;1.6750000e+02;2.5308198e-01;1.6750000e+02;2.7370310e-01;1.6750000e+02;2.7096260e-01;1.6750000e+02;2.4285096e-01;1.6750000e+02;2.0693442e-01;1.6750000e+02;1.6555145e-01;1.6750000e+02;1.2024519e-01;1.6750000e+02;7.9540953e-02;1.6750000e+02;4.1780747e-02;1.6750000e+02;1.2773564e-03;1.6750000e+02;1.2828533e-02;1.6750000e+02;3.0352397e-02;1.6750000e+02;5.1146403e-02;1.6750000e+02;7.6138340e-02;1.6750000e+02;1.0514914e-01;1.6750000e+02;1.3548163e-01;1.6750000e+02;1.7117137e-01;1.6750000e+02;2.1053733e-01;1.6750000e+02;2.5308198e-01;1.6750000e+02;2.7370310e-01;1.6750000e+02;2.7096260e-01;1.6750000e+02;2.4285096e-01;1.6750000e+02;2.0693442e-01;1.6750000e+02;1.6555145e-01;1.6750000e+02;1.2024519e-01;1.6750000e+02;7.9540953e-02;1.6750000e+02;4.1780747e-02;1.6750000e+02;1.2773564e-03;1.6750000e+02;1.2828533e-02;1.6750000e+02;3.0352397e-02;1.6750000e+02;5.1146403e-02;1.6750000e+02;7.6138340e-02;1.6750000e+02;1.0514914e-01;1.6750000e+02;1.3548163e-01;1.6750000e+02;1.7117137e-01;1.6750000e+02;2.1053733e-01;1.6750000e+02;2.5308198e-01;1.6750000e+02;2.7370310e-01;1.6750000e+02;2.7096260e-01;1.6750000e+02;2.4285096e-01;1.6750000e+02;2.0693442e-01;1.6750000e+02;1.6555145e-01;1.6750000e+02;1.2024519e-01;1.6750000e+02;7.9540953e-02;1.6750000e+02;4.1780747e-02;1.6750000e+02;1.2773564e-03;1.6750000e+02;1.2828533e-02;1.6750000e+02;3.0352397e-02;1.6750000e+02;5.1146403e-02;1.6750000e+02;7.6138340e-02;1.6750000e+02;1.0514914e-01;1.6750000e+02;1.3548163e-01;1.6750000e+02;1.7117137e-01;1.6750000e+02;2.1053733e-01;1.6750000e+02;2.5308198e-01;1.6750000e+02;2.7370310e-01;1.6750000e+02;2.7096260e-01;1.6750000e+02;2.4285096e-01;1.6750000e+02;2.0693442e-01;1.6750000e+02;1.6555145e-01;1.6750000e+02;1.2024519e-01;1.6750000e+02;7.9540953e-02;1.6750000e+02;4.1780747e-02;1.6750000e+02;1.2773564e-03;1.6750000e+02;1.2828533e-02;1.6750000e+02;3.0352397e-02;1.6750000e+02;5.1146403e-02;1.6750000e+02;7.6138340e-02;1.6750000e+02;1.0514914e-01;1.6750000e+02;1.3548163e-01;1.6750000e+02;1.7117137e-01;1.6750000e+02;2.1053733e-01;1.6750000e+02;2.5308198e-01;1.6750000e+02;2.7370310e-01;1.6750000e+02;2.7096260e-01;1.6750000e+02;2.4285096e-01;1.6750000e+02;2.0693442e-01;1.6750000e+02;1.6555145e-01;1.6750000e+02;1.2024519e-01;1.6750000e+02;7.9540953e-02;1.6750000e+02;4.1780747e-02;1.6750000e+02;1.2773564e-03;1.6750000e+02;1.2828533e-02;1.6750000e+02;3.0352397e-02;1.6750000e+02;5.1146403e-02;1.6750000e+02;7.6138340e-02;1.6750000e+02;1.0514914e-01;1.6750000e+02;1.3548163e-01;1.6750000e+02;1.7117137e-01;1.6750000e+02;2.1053733e-01;1.6750000e+02;2.5308198e-01;1.6750000e+02;2.7370310e-01;1.6750000e+02;2.7096260e-01;1.6750000e+02;2.4285096e-01;1.6750000e+02;2.0693442e-01;1.6750000e+02;1.6555145e-01;1.6750000e+02;1.2024519e-01;1.6750000e+02;7.9540953e-02;1.6750000e+02;4.1780747e-02;1.6750000e+02;1.2773564e-03;1.6750000e+02;1.2828533e-02;1.6750000e+02;3.0352397e-02;1.6750000e+02;5.1146403e-02;1.6750000e+02;7.6138340e-02;1.6750000e+02;1.0514914e-01;1.6750000e+02;1.3548163e-01;1.6750000e+02;1.7117137e-01;1.6750000e+02;2.1053733e-01;1.6750000e+02;2.5308198e-01;1.6750000e+02;2.7370310e-01;1.6750000e+02;2.7096260e-01;1.6750000e+02;2.4285096e-01;1.6750000e+02;2.0693442e-01;1.6750000e+02;1.6555145e-01;1.6750000e+02;1.2024519e-01;1.6750000e+02;7.9540953e-02;1.6750000e+02;4.1780747e-02;1.6750000e+02;1.2773564e-03;1.6750000e+02;1.2828533e-02;1.6750000e+02;3.0352397e-02;1.6750000e+02;5.1146403e-02;1.6750000e+02;7.6138340e-02;1.6750000e+02;1.0514914e-01;1.6750000e+02;1.3548163e-01;1.6750000e+02;1.7117137e-01;1.6750000e+02;2.1053733e-01;1.6750000e+02;2.5308198e-01;1.6750000e+02;2.7370310e-01;1.6750000e+02;2.7096260e-01;1.6750000e+02;2.4285096e-01;1.6750000e+02;2.0693442e-01;1.6750000e+02;1.6555145e-01;1.6750000e+02;1.2024519e-01;1.6750000e+02;7.9540953e-02;1.6750000e+02;4.1780747e-02;1.6750000e+02;1.2773564e-03;1.6750000e+02;1.2828533e-02;1.6750000e+02;3.0352397e-02;1.6750000e+02;5.1146403e-02;1.6750000e+02;7.6138340e-02;1.6750000e+02;1.0514914e-01;1.6750000e+02;1.3548163e-01;1.6750000e+02;1.7117137e-01;1.6750000e+02;2.1053733e-01;1.6750000e+02;2.5308198e-01;1.6750000e+02;2.7370310e-01;1.6750000e+02;2.7096260e-01;1.6750000e+02;2.4285096e-01;1.6750000e+02;2.0693442e-01;1.6750000e+02;1.6555145e-01;1.6750000e+02;1.2024519e-01;1.6750000e+02;7.9540953e-02;1.6750000e+02;4.1780747e-02;1.6750000e+02;1.2773564e-03;1.6750000e+02;1.2828533e-02;1.6750000e+02;3.0352397e-02;1.6750000e+02;5.1146403e-02;1.6750000e+02;7.6138340e-02;1.6750000e+02;1.0514914e-01;1.6750000e+02;1.3548163e-01;1.6750000e+02;1.7117137e-01;1.6750000e+02;2.1053733e-01;1.6750000e+02;2.5308198e-01;1.6750000e+02;2.7370310e-01;1.6750000e+02;2.7096260e-01;1.6750000e+02;2.4285096e-01;1.6750000e+02;2.0693442e-01;1.6750000e+02;1.6555145e-01;1.6750000e+02;1.2024519e-01;1.6750000e+02;7.9540953e-02;1.6750000e+02;4.1780747e-02;1.6750000e+02;1.2773564e-03;1.6750000e+02;1.2828533e-02;1.6750000e+02;3.0352397e-02;1.6750000e+02;5.1146403e-02;1.6750000e+02;7.6138340e-02;1.6750000e+02;1.0514914e-01;1.6750000e+02;1.3548163e-01;1.6750000e+02;1.7117137e-01;1.6750000e+02;2.1053733e-01;1.6750000e+02;2.5308198e-01;1.6750000e+02;2.7370310e-01;1.6750000e+02;2.7096260e-01;1.6750000e+02;2.4285096e-01;1.6750000e+02;2.0693442e-01;1.6750000e+02;1.6555145e-01;1.6750000e+02;1.2024519e-01;1.6750000e+02;7.9540953e-02;1.6750000e+02;4.1780747e-02;1.6750000e+02;1.2773564e-03;1.6750000e+02;1.2828533e-02;1.6750000e+02;3.0352397e-02;1.6750000e+02;5.1146403e-02;1.6750000e+02;7.6138340e-02;1.6750000e+02;1.0514914e-01;1.6750000e+02;1.3548163e-01;1.6750000e+02;1.7117137e-01;1.6750000e+02;2.1053733e-01;1.6750000e+02;2.5308198e-01;1.6750000e+02;2.7370310e-01;1.6750000e+02;2.7096260e-01;1.6750000e+02;2.4285096e-01;1.6750000e+02;2.0693442e-01;1.6750000e+02;1.6555145e-01;1.6750000e+02;1.2024519e-01;1.6750000e+02;7.9540953e-02;1.6750000e+02;4.1780747e-02;1.6750000e+02;1.2773564e-03;1.6750000e+02;1.2828533e-02;1.6750000e+02;3.0352397e-02;1.6750000e+02;5.1146403e-02;1.6750000e+02;7.6138340e-02;1.6750000e+02;1.0514914e-01;1.6750000e+02;1.3548163e-01;1.6750000e+02;1.7117137e-01;1.6750000e+02;2.1053733e-01;1.6750000e+02;2.5308198e-01;1.6750000e+02;2.7370310e-01;1.6750000e+02;2.7096260e-01;1.6750000e+02;2.4285096e-01;1.6750000e+02;2.0693442e-01;1.6750000e+02;1.6555145e-01;1.6750000e+02;1.2024519e-01;1.6750000e+02;7.9540953e-02;1.6750000e+02;4.1780747e-02;1.6750000e+02;1.2773564e-03;1.6750000e+02;1.2828533e-02;1.6750000e+02;3.0352397e-02;1.6750000e+02;5.1146403e-02;1.6750000e+02;7.6138340e-02;1.6750000e+02;1.0514914e-01;1.6750000e+02;1.3548163e-01;1.6750000e+02;1.7117137e-01;1.6750000e+02;2.1053733e-01;1.6750000e+02;2.5308198e-01;1.6750000e+02;2.7370310e-01;1.6750000e+02;2.7096260e-01;1.6750000e+02;2.4285096e-01;1.6750000e+02;2.0693442e-01;1.6750000e+02;1.6555145e-01;1.6750000e+02;1.2024519e-01;1.6750000e+02;7.9540953e-02;1.6750000e+02;4.1780747e-02;1.6750000e+02;1.2773564e-03;1.6750000e+02;1.2828533e-02;1.6750000e+02;3.0352397e-02;1.6750000e+02;5.1146403e-02;1.6750000e+02;7.6138340e-02;1.6750000e+02;1.0514914e-01;1.6750000e+02;1.3548163e-01;1.6750000e+02;1.7117137e-01;1.6750000e+02;2.1053733e-01;1.6750000e+02;2.5308198e-01;1.6750000e+02;2.7370310e-01;1.6750000e+02;2.7096260e-01;1.6750000e+02;2.4285096e-01;1.6750000e+02;2.0693442e-01;1.6750000e+02;1.6555145e-01;1.6750000e+02;1.2024519e-01;1.6750000e+02;7.9540953e-02;1.6750000e+02;4.1780747e-02;1.6750000e+02;1.2773564e-03;1.6750000e+02;1.2828533e-02;1.6750000e+02;3.0352397e-02;1.6750000e+02;5.1146403e-02;1.6750000e+02;7.6138340e-02;1.6750000e+02;1.0514914e-01;1.6750000e+02;1.3548163e-01;1.6750000e+02;1.7117137e-01;1.6750000e+02;2.1053733e-01;1.6750000e+02;2.5308198e-01;1.6750000e+02;2.7370310e-01;1.6750000e+02;2.7096260e-01;1.6750000e+02;2.4285096e-01;1.6750000e+02;2.0693442e-01;1.6750000e+02;1.6555145e-01;1.6750000e+02;1.2024519e-01;1.6750000e+02;7.9540953e-02;1.6750000e+02;4.1780747e-02;1.6750000e+02;1.2773564e-03;1.6750000e+02;1.2828533e-02;1.6750000e+02;3.0352397e-02;1.6750000e+02;5.1146403e-02;1.6750000e+02;7.6138340e-02;1.6750000e+02;1.0514914e-01;1.6750000e+02;1.3548163e-01;1.6750000e+02;1.7117137e-01;1.6750000e+02;2.1053733e-01;1.6750000e+02;2.5308198e-01;1.6750000e+02;2.7370310e-01;1.6750000e+02;2.7096260e-01;1.6750000e+02;2.4285096e-01;1.6750000e+02;2.0693442e-01;1.6750000e+02;1.6555145e-01;1.6750000e+02;1.2024519e-01;1.6750000e+02;7.9540953e-02;1.6750000e+02;4.1780747e-02;1.6750000e+02;1.2773564e-03;1.6750000e+02;1.2828533e-02;1.6750000e+02;3.0352397e-02;1.6750000e+02;5.1146403e-02;1.6750000e+02;7.6138340e-02;1.6750000e+02;1.0514914e-01;1.6750000e+02;1.3548163e-01;1.6750000e+02;1.7117137e-01;1.6750000e+02;2.1053733e-01;1.6750000e+02;2.5308198e-01;1.6750000e+02;2.7370310e-01;1.6750000e+02;2.7096260e-01;1.6750000e+02;2.4285096e-01;1.6750000e+02;2.0693442e-01;1.6750000e+02;1.6555145e-01;1.6750000e+02;1.2024519e-01;1.6750000e+02;7.9540953e-02;1.6750000e+02;4.1780747e-02;1.6750000e+02;1.2773564e-03;1.6750000e+02;1.2828533e-02;1.6750000e+02;3.0352397e-02;1.6750000e+02;5.1146403e-02;1.6750000e+02;7.6138340e-02;1.6750000e+02;1.0514914e-01;1.6750000e+02;1.3548163e-01;1.6750000e+02;1.7117137e-01;1.6750000e+02;2.1053733e-01;1.6750000e+02;2.5308198e-01;1.6750000e+02;2.7370310e-01;1.6750000e+02;2.7096260e-01;1.6750000e+02;2.4285096e-01;1.6750000e+02;2.0693442e-01;1.6750000e+02;1.6555145e-01;1.6750000e+02;1.2024519e-01;1.6750000e+02;7.9540953e-02;1.6750000e+02;4.1780747e-02;1.6750000e+02;1.2773564e-03;1.6750000e+02;1.2828533e-02;1.6750000e+02;3.0352397e-02;1.6750000e+02;5.1146403e-02;1.6750000e+02;7.6138340e-02;1.6750000e+02;1.0514914e-01;1.6750000e+02;1.3548163e-01;1.6750000e+02;1.7117137e-01;1.6750000e+02;2.1053733e-01;1.6750000e+02;2.5308198e-01;1.6750000e+02;2.7370310e-01;1.6750000e+02;2.7096260e-01;1.6750000e+02;2.4285096e-01;1.6750000e+02;2.0693442e-01;1.6750000e+02;1.6555145e-01;1.6750000e+02;1.2024519e-01;1.6750000e+02;7.9540953e-02;1.6750000e+02;4.1780747e-02;1.6750000e+02;1.2773564e-03;1.6750000e+02;1.2828533e-02;1.6750000e+02;3.0352397e-02;1.6750000e+02;5.1146403e-02;1.6750000e+02;7.6138340e-02;1.6750000e+02;1.0514914e-01;1.6750000e+02;1.3548163e-01;1.6750000e+02;1.7117137e-01;1.6750000e+02;2.1053733e-01;1.6750000e+02;2.5308198e-01;1.6750000e+02;2.7370310e-01;1.6750000e+02;2.7096260e-01;1.6750000e+02;2.4285096e-01;1.6750000e+02;2.0693442e-01;1.6750000e+02;1.6555145e-01;1.6750000e+02;1.2024519e-01;1.6750000e+02;7.9540953e-02;1.6750000e+02;4.1780747e-02;1.6750000e+02;1.2773564e-03;1.6750000e+02;1.2828533e-02;1.6750000e+02;3.0352397e-02;1.6750000e+02;5.1146403e-02;1.6750000e+02;7.6138340e-02;1.6750000e+02;1.0514914e-01;1.6750000e+02;1.3548163e-01;1.6750000e+02;1.7117137e-01;1.6750000e+02;2.1053733e-01;1.6750000e+02;2.5308198e-01;1.6750000e+02;2.7370310e-01;1.6750000e+02;2.7096260e-01;1.6750000e+02;2.4285096e-01;1.6750000e+02;2.0693442e-01;1.6750000e+02;1.6555145e-01;1.6750000e+02;1.2024519e-01;1.6750000e+02;7.9540953e-02;1.6750000e+02;4.1780747e-02;1.6750000e+02;1.2773564e-03;1.6750000e+02;1.2828533e-02;1.6750000e+02;3.0352397e-02;1.6750000e+02;5.1146403e-02;1.6750000e+02;7.6138340e-02;1.6750000e+02;1.0514914e-01;1.6750000e+02;1.3548163e-01;1.6750000e+02;1.7117137e-01;1.6750000e+02;2.1053733e-01;1.6750000e+02;2.5308198e-01;1.6750000e+02;2.7370310e-01;1.6750000e+02;2.7096260e-01;1.6750000e+02;2.4285096e-01;1.6750000e+02;2.0693442e-01;1.6750000e+02;1.6555145e-01;1.6750000e+02;1.2024519e-01;1.6750000e+02;7.9540953e-02;1.6750000e+02;4.1780747e-02;1.6750000e+02;1.2773564e-03;1.6750000e+02;1.2828533e-02;1.6750000e+02;3.0352397e-02;1.6750000e+02;5.1146403e-02;1.6750000e+02;7.6138340e-02;1.6750000e+02;1.0514914e-01;1.6750000e+02;1.3548163e-01;1.6750000e+02;1.7117137e-01;1.6750000e+02;2.1053733e-01;1.6750000e+02;2.5308198e-01;1.6750000e+02;2.7370310e-01;1.6750000e+02;2.7096260e-01;1.6750000e+02;2.4285096e-01;1.6750000e+02;2.0693442e-01;1.6750000e+02;1.6555145e-01;1.6750000e+02;1.2024519e-01;1.6750000e+02;7.9540953e-02;1.6750000e+02;4.1780747e-02;1.6750000e+02;1.2773564e-03;1.6750000e+02;1.2828533e-02;1.6750000e+02;3.0352397e-02;1.6750000e+02;5.1146403e-02;1.6750000e+02;7.6138340e-02;1.6750000e+02;1.0514914e-01;1.6750000e+02;1.3548163e-01;1.6750000e+02;1.7117137e-01;1.6750000e+02;2.1053733e-01;1.6750000e+02;2.5308198e-01;1.6750000e+02;2.7370310e-01;1.6750000e+02;2.7096260e-01;1.6750000e+02;2.4285096e-01;1.6750000e+02;2.0693442e-01;1.6750000e+02;1.6555145e-01;1.6750000e+02;1.2024519e-01;1.6750000e+02;7.9540953e-02;1.6750000e+02;4.1780747e-02;1.6750000e+02;1.2773564e-03;1.6750000e+02;1.2828533e-02;1.6750000e+02;3.0352397e-02;1.6750000e+02;5.1146403e-02;1.6750000e+02;7.6138340e-02;1.6750000e+02;1.0514914e-01;1.6750000e+02;1.3548163e-01;1.6750000e+02;1.7117137e-01;1.6750000e+02;2.1053733e-01;1.6750000e+02;2.5308198e-01;1.6750000e+02;2.7370310e-01;1.6750000e+02;2.7096260e-01;1.6750000e+02;2.4285096e-01;1.6750000e+02;2.0693442e-01;1.6750000e+02;1.6555145e-01;1.6750000e+02;1.2024519e-01;1.6750000e+02;7.9540953e-02;1.6750000e+02;4.1780747e-02;1.6750000e+02;1.2773564e-03;1.6750000e+02;1.2828533e-02;1.6750000e+02;3.0352397e-02;1.6750000e+02;5.1146403e-02;1.6750000e+02;7.6138340e-02;1.6750000e+02;1.0514914e-01;1.6750000e+02;1.3548163e-01;1.6750000e+02;1.7117137e-01;1.6750000e+02;2.1053733e-01;1.6750000e+02;2.5308198e-01;1.6750000e+02;2.7370310e-01;1.6750000e+02;2.7096260e-01;1.6750000e+02;2.4285096e-01;1.6750000e+02;2.0693442e-01;1.6750000e+02;1.6555145e-01;1.6750000e+02;1.2024519e-01;1.6750000e+02;7.9540953e-02;1.6750000e+02;4.1780747e-02;1.6750000e+02;1.2773564e-03;1.6750000e+02;1.2828533e-02;1.6750000e+02;3.0352397e-02;1.6750000e+02;5.1146403e-02;1.6750000e+02;7.6138340e-02;1.6750000e+02;1.0514914e-01;1.6750000e+02;1.3548163e-01;1.6750000e+02;1.7117137e-01;1.6750000e+02;2.1053733e-01;1.6750000e+02;2.5308198e-01;1.6750000e+02;2.7370310e-01;1.6750000e+02;2.7096260e-01;1.6750000e+02;2.4285096e-01;1.6750000e+02;2.0693442e-01;1.6750000e+02;1.6555145e-01;1.6750000e+02;1.2024519e-01;1.6750000e+02;7.9540953e-02;1.6750000e+02;4.1780747e-02;1.6750000e+02;1.2773564e-03;1.6750000e+02;1.2828533e-02;1.6750000e+02;3.0352397e-02;1.6750000e+02;5.1146403e-02;1.6750000e+02;7.6138340e-02;1.6750000e+02;1.0514914e-01;1.6750000e+02;1.3548163e-01;1.6750000e+02;1.7117137e-01;1.6750000e+02;2.1053733e-01;1.6750000e+02;2.5308198e-01;1.6750000e+02;2.7370310e-01;1.6750000e+02;2.7096260e-01;1.6750000e+02;2.4285096e-01;1.6750000e+02;2.0693442e-01;1.6750000e+02;1.6555145e-01;1.6750000e+02;1.2024519e-01;1.6750000e+02;7.9540953e-02;1.6750000e+02;4.1780747e-02;1.6750000e+02;1.2773564e-03;1.6750000e+02;1.2828533e-02;1.6750000e+02;3.0352397e-02;1.6750000e+02;5.1146403e-02;1.6750000e+02;7.6138340e-02;1.6750000e+02;1.0514914e-01;1.6750000e+02;1.3548163e-01;1.6750000e+02;1.7117137e-01;1.6750000e+02;2.1053733e-01;1.6750000e+02;2.5308198e-01;1.6750000e+02;2.7370310e-01;1.6750000e+02;2.7096260e-01;1.6750000e+02;2.4285096e-01;1.6750000e+02;2.0693442e-01;1.6750000e+02;1.6555145e-01;1.6750000e+02;1.2024519e-01;1.6750000e+02;7.9540953e-02;1.6750000e+02;4.1780747e-02;1.6750000e+02;1.2773564e-03;1.6750000e+02;1.2828533e-02;1.6750000e+02;3.0352397e-02;1.6750000e+02;5.1146403e-02;1.6750000e+02;7.6138340e-02;1.6750000e+02;1.0514914e-01;1.6750000e+02;1.3548163e-01;1.6750000e+02;1.7117137e-01;1.6750000e+02;2.1053733e-01;1.6750000e+02;2.5308198e-01;1.6750000e+02;2.7370310e-01;1.6750000e+02;2.7096260e-01;1.6750000e+02;2.4285096e-01;1.6750000e+02;2.0693442e-01;1.6750000e+02;1.6555145e-01;1.6750000e+02;1.2024519e-01;1.6750000e+02;7.9540953e-02;1.6750000e+02;4.1780747e-02;1.6750000e+02;1.2773564e-03;1.6750000e+02;1.2828533e-02;1.6750000e+02;3.0352397e-02;1.6750000e+02;5.1146403e-02;1.6750000e+02;7.6138340e-02;1.6750000e+02;1.0514914e-01;1.6750000e+02;1.3548163e-01;1.6750000e+02;1.7117137e-01;1.6750000e+02;2.1053733e-01;1.6750000e+02;2.5308198e-01;1.6750000e+02;2.7370310e-01;1.6750000e+02;2.7096260e-01;1.6750000e+02;2.4285096e-01;1.6750000e+02;2.0693442e-01;1.6750000e+02;1.6555145e-01;1.6750000e+02;1.2024519e-01;1.6750000e+02;7.9540953e-02;1.6750000e+02;4.1780747e-02;1.6750000e+02;1.2773564e-03;1.6750000e+02;1.2828533e-02;1.6750000e+02;3.0352397e-02;1.6750000e+02;5.1146403e-02;1.6750000e+02;7.6138340e-02;1.6750000e+02;1.0514914e-01;1.6750000e+02;1.3548163e-01;1.6750000e+02;1.7117137e-01;1.6750000e+02;2.1053733e-01;1.6750000e+02;2.5308198e-01;1.6750000e+02;2.7370310e-01;1.6750000e+02;2.7096260e-01;1.6750000e+02;2.4285096e-01;1.6750000e+02;2.0693442e-01;1.6750000e+02;1.6555145e-01;1.6750000e+02;1.2024519e-01;1.6750000e+02;7.9540953e-02;1.6750000e+02;4.1780747e-02;1.6750000e+02;1.2773564e-03;1.6750000e+02;1.2828533e-02;1.6750000e+02;3.0352397e-02;1.6750000e+02;5.1146403e-02;1.6750000e+02;7.6138340e-02;1.6750000e+02;1.0514914e-01;1.6750000e+02;1.3548163e-01;1.6750000e+02;1.7117137e-01;1.6750000e+02;2.1053733e-01;1.6750000e+02;2.5308198e-01;1.6750000e+02;2.7370310e-01;1.6750000e+02;2.7096260e-01;1.6750000e+02;2.4285096e-01;1.6750000e+02;2.0693442e-01;1.6750000e+02;1.6555145e-01;1.6750000e+02;1.2024519e-01;1.6750000e+02;7.9540953e-02;1.6750000e+02;4.1780747e-02;1.6750000e+02;1.2773564e-03;1.6750000e+02;1.2828533e-02;1.6750000e+02;3.0352397e-02;1.6750000e+02;5.1146403e-02;1.6750000e+02;7.6138340e-02;1.6750000e+02;1.0514914e-01;1.6750000e+02;1.3548163e-01;1.6750000e+02;1.7117137e-01;1.6750000e+02;2.1053733e-01;1.6750000e+02;2.5308198e-01;1.6750000e+02;2.7370310e-01;1.6750000e+02;2.7096260e-01;1.6750000e+02;2.4285096e-01;1.6750000e+02;2.0693442e-01;1.6750000e+02;1.6555145e-01;1.6750000e+02;1.2024519e-01;1.6750000e+02;7.9540953e-02;1.6750000e+02;4.1780747e-02;1.6750000e+02;1.2773564e-03;1.6750000e+02;1.2828533e-02;1.6750000e+02;3.0352397e-02;1.6750000e+02;5.1146403e-02;1.6750000e+02;7.6138340e-02;1.6750000e+02;1.0514914e-01;1.6750000e+02;1.3548163e-01;1.6750000e+02;1.7117137e-01;1.6750000e+02;2.1053733e-01;1.6750000e+02;2.5308198e-01;1.6750000e+02;2.7370310e-01;1.6750000e+02;2.7096260e-01;1.6750000e+02;2.4285096e-01;1.6750000e+02;2.0693442e-01;1.6750000e+02;1.6555145e-01;1.6750000e+02;1.2024519e-01;1.6750000e+02;7.9540953e-02;1.6750000e+02;4.1780747e-02;1.6750000e+02;1.2773564e-03;1.6750000e+02;1.2828533e-02;1.6750000e+02;3.0352397e-02;1.6750000e+02;5.1146403e-02;1.6750000e+02;7.6138340e-02;1.6750000e+02;1.0514914e-01;1.6750000e+02;1.3548163e-01;1.6750000e+02;1.7117137e-01;1.6750000e+02;2.1053733e-01;1.6750000e+02;2.5308198e-01;1.6750000e+02;2.7370310e-01;1.6750000e+02;2.7096260e-01;1.6750000e+02;2.4285096e-01;1.6750000e+02;2.0693442e-01;1.6750000e+02;1.6555145e-01;1.6750000e+02;1.2024519e-01;1.6750000e+02;7.9540953e-02;1.6750000e+02;4.1780747e-02;1.6750000e+02;1.2773564e-03;1.6750000e+02;1.2828533e-02;1.6750000e+02;3.0352397e-02;1.6750000e+02;5.1146403e-02;1.6750000e+02;7.6138340e-02;1.6750000e+02;1.0514914e-01;1.6750000e+02;1.3548163e-01;1.6750000e+02;1.7117137e-01;1.6750000e+02;2.1053733e-01;1.6750000e+02;2.5308198e-01;1.6750000e+02;2.7370310e-01;1.6750000e+02;2.7096260e-01;1.6750000e+02;2.4285096e-01;1.6750000e+02;2.0693442e-01;1.6750000e+02;1.6555145e-01;1.6750000e+02;1.2024519e-01;1.6750000e+02;7.9540953e-02;1.6750000e+02;4.1780747e-02;1.6750000e+02;1.2773564e-03;1.6750000e+02;1.2828533e-02;1.6750000e+02;3.0352397e-02;1.6750000e+02;5.1146403e-02;1.6750000e+02;7.6138340e-02;1.6750000e+02;1.0514914e-01;1.6750000e+02;1.3548163e-01;1.6750000e+02;1.7117137e-01;1.6750000e+02;2.1053733e-01;1.6750000e+02;2.5308198e-01;1.6750000e+02;2.7370310e-01;1.6750000e+02;2.7096260e-01;1.6750000e+02;2.4285096e-01;1.6750000e+02;2.0693442e-01;1.6750000e+02;1.6555145e-01;1.6750000e+02;1.2024519e-01;1.6750000e+02;7.9540953e-02;1.6750000e+02;4.1780747e-02;1.6750000e+02;1.2773564e-03;1.6750000e+02;1.2828533e-02;1.6750000e+02;3.0352397e-02;1.6750000e+02;5.1146403e-02;1.6750000e+02;7.6138340e-02;1.6750000e+02;1.0514914e-01;1.6750000e+02;1.3548163e-01;1.6750000e+02;1.7117137e-01;1.6750000e+02;2.1053733e-01;1.6750000e+02;2.5308198e-01;1.6750000e+02;2.7370310e-01;1.6750000e+02;2.7096260e-01;1.6750000e+02;2.4285096e-01;1.6750000e+02;2.0693442e-01;1.6750000e+02;1.6555145e-01;1.6750000e+02;1.2024519e-01;1.6750000e+02;7.9540953e-02;1.6750000e+02;4.1780747e-02;1.6750000e+02;1.2773564e-03;1.6750000e+02;1.2828533e-02;1.6750000e+02;3.0352397e-02;1.6750000e+02;5.1146403e-02;1.6750000e+02;7.6138340e-02;1.6750000e+02;1.0514914e-01;1.6750000e+02;1.3548163e-01;1.6750000e+02;1.7117137e-01;1.6750000e+02;2.1053733e-01;1.6750000e+02;2.5308198e-01;1.6750000e+02;2.7370310e-01;1.6750000e+02;2.7096260e-01;1.6750000e+02;2.4285096e-01;1.6750000e+02;2.0693442e-01;1.6750000e+02;1.6555145e-01;1.6750000e+02;1.2024519e-01;1.6750000e+02;7.9540953e-02;1.6750000e+02;4.1780747e-02;1.6750000e+02;1.2773564e-03;1.6750000e+02;1.2828533e-02;1.6750000e+02;3.0352397e-02;1.6750000e+02;5.1146403e-02;1.6750000e+02;7.6138340e-02;1.6750000e+02;1.0514914e-01;1.6750000e+02;1.3548163e-01;1.6750000e+02;1.7117137e-01;1.6750000e+02;2.1053733e-01;1.6750000e+02;2.5308198e-01;1.6750000e+02;2.7370310e-01;1.6750000e+02;2.7096260e-01;1.6750000e+02;2.4285096e-01;1.6750000e+02;2.0693442e-01;1.6750000e+02;1.6555145e-01;1.6750000e+02;1.2024519e-01;1.6750000e+02;7.9540953e-02;1.6750000e+02;4.1780747e-02;1.6750000e+02;1.2773564e-03;1.6750000e+02;1.2828533e-02;1.6750000e+02;3.0352397e-02;1.6750000e+02;5.1146403e-02;1.6750000e+02;7.6138340e-02;1.6750000e+02;1.0514914e-01;1.6750000e+02;1.3548163e-01;1.6750000e+02;1.7117137e-01;1.6750000e+02;2.1053733e-01;1.6750000e+02;2.5308198e-01;1.6750000e+02;2.7370310e-01;1.6750000e+02;2.7096260e-01;1.6750000e+02;2.4285096e-01;1.6750000e+02;2.0693442e-01;1.6750000e+02;1.6555145e-01;1.6750000e+02;1.2024519e-01;1.6750000e+02;7.9540953e-02;1.6750000e+02;4.1780747e-02;1.6750000e+02;1.2773564e-03;1.6750000e+02;1.2828533e-02;1.6750000e+02;3.0352397e-02;1.6750000e+02;5.1146403e-02;1.6750000e+02;7.6138340e-02;1.6750000e+02;1.0514914e-01;1.6750000e+02;1.3548163e-01;1.6750000e+02;1.7117137e-01;1.6750000e+02;2.1053733e-01;1.6750000e+02;2.5308198e-01;1.6750000e+02;2.7370310e-01;1.6750000e+02;2.7096260e-01;1.6750000e+02;2.4285096e-01;1.6750000e+02;2.0693442e-01;1.6750000e+02;1.6555145e-01;1.6750000e+02;1.2024519e-01;1.6750000e+02;7.9540953e-02;1.6750000e+02;4.1780747e-02;1.6750000e+02;1.2773564e-03;1.6750000e+02;1.2828533e-02;1.6750000e+02;3.0352397e-02;1.6750000e+02;5.1146403e-02;1.6750000e+02;7.6138340e-02;1.6750000e+02;1.0514914e-01;1.6750000e+02;1.3548163e-01;1.6750000e+02;1.7117137e-01;1.6750000e+02;2.1053733e-01;1.6750000e+02;2.5308198e-01;1.6750000e+02;2.7370310e-01;1.6750000e+02;2.7096260e-01;1.6750000e+02;2.4285096e-01;1.6750000e+02;2.0693442e-01;1.6750000e+02;1.6555145e-01;1.6750000e+02;1.2024519e-01;1.6750000e+02;7.9540953e-02;1.6750000e+02;4.1780747e-02;1.6750000e+02;1.2773564e-03;1.6750000e+02;1.2828533e-02;1.6750000e+02;3.0352397e-02;1.6750000e+02;5.1146403e-02;1.6750000e+02;7.6138340e-02;1.6750000e+02;1.0514914e-01;1.6750000e+02;1.3548163e-01;1.6750000e+02;1.7117137e-01;1.6750000e+02;2.1053733e-01;1.6750000e+02;2.5308198e-01;1.6750000e+02;2.7370310e-01;1.6750000e+02;2.7096260e-01;1.6750000e+02;2.4285096e-01;1.6750000e+02;2.0693442e-01;1.6750000e+02;1.6555145e-01;1.6750000e+02;1.2024519e-01;1.6750000e+02;7.9540953e-02;1.6750000e+02;4.1780747e-02;1.6750000e+02;1.2773564e-03;1.6750000e+02;1.2828533e-02;1.6750000e+02;3.0352397e-02;1.6750000e+02;5.1146403e-02;1.6750000e+02;7.6138340e-02;1.6750000e+02;1.0514914e-01;1.6750000e+02;1.3548163e-01;1.6750000e+02;1.7117137e-01;1.6750000e+02;2.1053733e-01;1.6750000e+02;2.5308198e-01;1.6750000e+02;2.7370310e-01;1.6750000e+02;2.7096260e-01;1.6750000e+02;2.4285096e-01;1.6750000e+02;2.0693442e-01;1.6750000e+02;1.6555145e-01;1.6750000e+02;1.2024519e-01;1.6750000e+02;7.9540953e-02;1.6750000e+02;4.1780747e-02;1.6750000e+02;1.2773564e-03;1.6750000e+02;1.2828533e-02;1.6750000e+02;3.0352397e-02;1.6750000e+02;5.1146403e-02;1.6750000e+02;7.6138340e-02;1.6750000e+02;1.0514914e-01;1.6750000e+02;1.3548163e-01;1.6750000e+02;1.7117137e-01;1.6750000e+02;2.1053733e-01;1.6750000e+02;2.5308198e-01;1.6750000e+02;2.7370310e-01;1.6750000e+02;2.7096260e-01;1.6750000e+02;2.4285096e-01;1.6750000e+02;2.0693442e-01;1.6750000e+02;1.6555145e-01;1.6750000e+02;1.2024519e-01;1.6750000e+02;7.9540953e-02;1.6750000e+02;4.1780747e-02;1.6750000e+02;1.2773564e-03;1.6750000e+02;1.2828533e-02;1.6750000e+02;3.0352397e-02;1.6750000e+02;5.1146403e-02;1.6750000e+02;7.6138340e-02;1.6750000e+02;1.0514914e-01;1.6750000e+02;1.3548163e-01;1.6750000e+02;1.7117137e-01;1.6750000e+02;2.1053733e-01;1.6750000e+02;2.5308198e-01;1.6750000e+02;2.7370310e-01;1.6750000e+02;2.7096260e-01;1.6750000e+02;2.4285096e-01;1.6750000e+02;2.0693442e-01;1.6750000e+02;1.6555145e-01;1.6750000e+02;1.2024519e-01;1.6750000e+02;7.9540953e-02;1.6750000e+02;4.1780747e-02;1.6750000e+02;1.2773564e-03;1.6750000e+02;1.2828533e-02;1.6750000e+02;3.0352397e-02;1.6750000e+02;5.1146403e-02;1.6750000e+02;7.6138340e-02;1.6750000e+02;1.0514914e-01;1.6750000e+02;1.3548163e-01;1.6750000e+02;1.7117137e-01;1.6750000e+02;2.1053733e-01;1.6750000e+02;2.5308198e-01;1.6750000e+02;2.7370310e-01;1.6750000e+02;2.7096260e-01;1.6750000e+02;2.4285096e-01;1.6750000e+02;2.0693442e-01;1.6750000e+02;1.6555145e-01;1.6750000e+02;1.2024519e-01;1.6750000e+02;7.9540953e-02;1.6750000e+02;4.1780747e-02;1.6750000e+02;1.2773564e-03;1.6750000e+02;1.2828533e-02;1.6750000e+02;3.0352397e-02;1.6750000e+02;5.1146403e-02;1.6750000e+02;7.6138340e-02;1.6750000e+02;1.0514914e-01;1.6750000e+02;1.3548163e-01;1.6750000e+02;1.7117137e-01;1.6750000e+02;2.1053733e-01;1.6750000e+02;2.5308198e-01;1.6750000e+02;2.7370310e-01;1.6750000e+02;2.7096260e-01;1.6750000e+02;2.4285096e-01;1.6750000e+02;2.0693442e-01;1.6750000e+02;1.6555145e-01;1.6750000e+02;1.2024519e-01;1.6750000e+02;7.9540953e-02;1.6750000e+02;4.1780747e-02;1.6750000e+02;1.2773564e-03;1.6750000e+02;1.2828533e-02;1.6750000e+02;3.0352397e-02;1.6750000e+02;5.1146403e-02;1.6750000e+02;7.6138340e-02;1.6750000e+02;1.0514914e-01;1.6750000e+02;1.3548163e-01;1.6750000e+02;1.7117137e-01;1.6750000e+02;2.1053733e-01;1.6750000e+02;2.5308198e-01;1.6750000e+02;2.7370310e-01;1.6750000e+02;2.7096260e-01;1.6750000e+02;2.4285096e-01;1.6750000e+02;2.0693442e-01;1.6750000e+02;1.6555145e-01;1.6750000e+02;1.2024519e-01;1.6750000e+02;7.9540953e-02;1.6750000e+02;4.1780747e-02;1.6750000e+02;1.2773564e-03;1.6750000e+02;1.2828533e-02;1.6750000e+02;3.0352397e-02;1.6750000e+02;5.1146403e-02;1.6750000e+02;7.6138340e-02;1.6750000e+02;1.0514914e-01;1.6750000e+02;1.3548163e-01;1.6750000e+02;1.7117137e-01;1.6750000e+02;2.1053733e-01;1.6750000e+02;2.5308198e-01;1.6750000e+02;2.7370310e-01;1.6750000e+02;2.7096260e-01;1.6750000e+02;2.4285096e-01;1.6750000e+02;2.0693442e-01;1.6750000e+02;1.6555145e-01;1.6750000e+02;1.2024519e-01;1.6750000e+02;7.9540953e-02;1.6750000e+02;4.1780747e-02;1.6750000e+02;1.2773564e-03;1.6750000e+02;1.2828533e-02;1.6750000e+02;3.0352397e-02;1.6750000e+02;5.1146403e-02;1.6750000e+02;7.6138340e-02;1.6750000e+02;1.0514914e-01;1.6750000e+02;1.3548163e-01;1.6750000e+02;1.7117137e-01;1.6750000e+02;2.1053733e-01;1.6750000e+02;2.5308198e-01;1.6750000e+02;2.7370310e-01;1.6750000e+02;2.7096260e-01;1.6750000e+02;2.4285096e-01;1.6750000e+02;2.0693442e-01;1.6750000e+02;1.6555145e-01;1.6750000e+02;1.2024519e-01;1.6750000e+02;7.9540953e-02;1.6750000e+02;4.1780747e-02;1.6750000e+02;1.2773564e-03;1.6750000e+02;1.2828533e-02;1.6750000e+02;3.0352397e-02;1.6750000e+02;5.1146403e-02;1.6750000e+02;7.6138340e-02;1.6750000e+02;1.0514914e-01;1.6750000e+02;1.3548163e-01;1.6750000e+02;1.7117137e-01;1.6750000e+02;2.1053733e-01;1.6750000e+02;2.5308198e-01;1.6750000e+02;2.7370310e-01;1.6750000e+02;2.7096260e-01;1.6750000e+02;2.4285096e-01;1.6750000e+02;2.0693442e-01;1.6750000e+02;1.6555145e-01;1.6750000e+02;1.2024519e-01;1.6750000e+02;7.9540953e-02;1.6750000e+02;4.1780747e-02;1.6750000e+02;1.2773564e-03;1.6750000e+02;1.2828533e-02;1.6750000e+02;3.0352397e-02;1.6750000e+02;5.1146403e-02;1.6750000e+02;7.6138340e-02;1.6750000e+02;1.0514914e-01;1.6750000e+02;1.3548163e-01;1.6750000e+02;1.7117137e-01;1.6750000e+02;2.1053733e-01;1.6750000e+02;2.5308198e-01;1.6750000e+02;2.7370310e-01;1.6750000e+02;2.7096260e-01;1.6750000e+02;2.4285096e-01;1.6750000e+02;2.0693442e-01;1.6750000e+02;1.6555145e-01;1.6750000e+02;1.2024519e-01;1.6750000e+02;7.9540953e-02;1.6750000e+02;4.1780747e-02;1.6750000e+02;1.2773564e-03;1.6750000e+02;1.2828533e-02;1.6750000e+02;3.0352397e-02;1.6750000e+02;5.1146403e-02;1.6750000e+02;7.6138340e-02;1.6750000e+02;1.0514914e-01;1.6750000e+02;1.3548163e-01;1.6750000e+02;1.7117137e-01;1.6750000e+02;2.1053733e-01;1.6750000e+02;2.5308198e-01;1.6750000e+02;2.7370310e-01;1.6750000e+02;2.7096260e-01;1.6750000e+02;2.4285096e-01;1.6750000e+02;2.0693442e-01;1.6750000e+02;1.6555145e-01;1.6750000e+02;1.2024519e-01;1.6750000e+02;7.9540953e-02;1.6750000e+02;4.1780747e-02;1.6750000e+02;1.2773564e-03;1.6750000e+02;1.2828533e-02;1.6750000e+02;3.0352397e-02;1.6750000e+02;5.1146403e-02;1.6750000e+02;7.6138340e-02;1.6750000e+02;1.0514914e-01;1.6750000e+02;1.3548163e-01;1.6750000e+02;1.7117137e-01;1.6750000e+02;2.1053733e-01;1.6750000e+02;2.5308198e-01;1.6750000e+02;2.7370310e-01;1.6750000e+02;2.7096260e-01;1.6750000e+02;2.4285096e-01;1.6750000e+02;2.0693442e-01;1.6750000e+02;1.6555145e-01;1.6750000e+02;1.2024519e-01;1.6750000e+02;7.9540953e-02;1.6750000e+02;4.1780747e-02;1.6750000e+02;1.2773564e-03;1.6750000e+02;1.2828533e-02;1.6750000e+02;3.0352397e-02;1.6750000e+02;5.1146403e-02;1.6750000e+02;7.6138340e-02;1.6750000e+02;1.0514914e-01;1.6750000e+02;1.3548163e-01;1.6750000e+02;1.7117137e-01;1.6750000e+02;2.1053733e-01;1.6750000e+02;2.5308198e-01;1.6750000e+02;2.7370310e-01;1.6750000e+02;2.7096260e-01;1.6750000e+02;2.4285096e-01;1.6750000e+02;2.0693442e-01;1.6750000e+02;1.6555145e-01;1.6750000e+02;1.2024519e-01;1.6750000e+02;7.9540953e-02;1.6750000e+02;4.1780747e-02;1.6750000e+02;1.2773564e-03;1.6750000e+02;1.2828533e-02;1.6750000e+02;3.0352397e-02;1.6750000e+02;5.1146403e-02;1.6750000e+02;7.6138340e-02;1.6750000e+02;1.0514914e-01;1.6750000e+02;1.3548163e-01;1.6750000e+02;1.7117137e-01;1.6750000e+02;2.1053733e-01;1.6750000e+02;2.5308198e-01;1.6750000e+02;2.7370310e-01;1.6750000e+02;2.7096260e-01;1.6750000e+02;2.4285096e-01;1.6750000e+02;2.0693442e-01;1.6750000e+02;1.6555145e-01;1.6750000e+02;1.2024519e-01;1.6750000e+02;7.9540953e-02;1.6750000e+02;4.1780747e-02;1.6750000e+02;1.2773564e-03;1.6750000e+02;1.2828533e-02;1.6750000e+02;3.0352397e-02;1.6750000e+02;5.1146403e-02;1.6750000e+02;7.6138340e-02;1.6750000e+02;1.0514914e-01;1.6750000e+02;1.3548163e-01;1.6750000e+02;1.7117137e-01;1.6750000e+02;2.1053733e-01;1.6750000e+02;2.5308198e-01;1.6750000e+02;2.7370310e-01;1.6750000e+02;2.7096260e-01;1.6750000e+02;2.4285096e-01;1.6750000e+02;2.0693442e-01;1.6750000e+02;1.6555145e-01;1.6750000e+02;1.2024519e-01;1.6750000e+02;7.9540953e-02;1.6750000e+02;4.1780747e-02;1.6750000e+02;1.2773564e-03;1.6750000e+02;1.2828533e-02;1.6750000e+02;3.0352397e-02;1.6750000e+02;5.1146403e-02;1.6750000e+02;7.6138340e-02;1.6750000e+02;1.0514914e-01;1.6750000e+02;1.3548163e-01;1.6750000e+02;1.7117137e-01;1.6750000e+02;2.1053733e-01;1.6750000e+02;2.5308198e-01;1.6750000e+02;2.7370310e-01;1.6750000e+02;2.7096260e-01;1.6750000e+02;2.4285096e-01;1.6750000e+02;2.0693442e-01;1.6750000e+02;1.6555145e-01;1.6750000e+02;1.2024519e-01;1.6750000e+02;7.9540953e-02;1.6750000e+02;4.1780747e-02;1.6750000e+02;1.2773564e-03;1.6750000e+02;1.2828533e-02;1.6750000e+02;3.0352397e-02;1.6750000e+02;5.1146403e-02;1.6750000e+02;7.6138340e-02;1.6750000e+02;1.0514914e-01;1.6750000e+02;1.3548163e-01;1.6750000e+02;1.7117137e-01;1.6750000e+02;2.1053733e-01;1.6750000e+02;2.5308198e-01;1.6750000e+02;2.7370310e-01;1.6750000e+02;2.7096260e-01;1.6750000e+02;2.4285096e-01;1.6750000e+02;2.0693442e-01;1.6750000e+02;1.6555145e-01;1.6750000e+02;1.2024519e-01;1.6750000e+02;7.9540953e-02;1.6750000e+02;4.1780747e-02;1.6750000e+02;1.2773564e-03;1.6750000e+02;1.2828533e-02;1.6750000e+02;3.0352397e-02;1.6750000e+02;5.1146403e-02;1.6750000e+02;7.6138340e-02;1.6750000e+02;1.0514914e-01;1.6750000e+02;1.3548163e-01;1.6750000e+02;1.7117137e-01;1.6750000e+02;2.1053733e-01;1.6750000e+02;2.5308198e-01;1.6750000e+02;2.7370310e-01;1.6750000e+02;2.7096260e-01;1.6750000e+02;2.4285096e-01;1.6750000e+02;2.0693442e-01;1.6750000e+02;1.6555145e-01;1.6750000e+02;1.2024519e-01;1.6750000e+02;7.9540953e-02;1.6750000e+02;4.1780747e-02;1.6750000e+02;1.2773564e-03;1.6750000e+02;1.2828533e-02;1.6750000e+02;3.0352397e-02;1.6750000e+02;5.1146403e-02;1.6750000e+02;7.6138340e-02;1.6750000e+02;1.0514914e-01;1.6750000e+02;1.3548163e-01;1.6750000e+02;1.7117137e-01;1.6750000e+02;2.1053733e-01;1.6750000e+02;2.5308198e-01;1.6750000e+02;2.7370310e-01;1.6750000e+02;2.7096260e-01;1.6750000e+02;2.4285096e-01;1.6750000e+02;2.0693442e-01;1.6750000e+02;1.6555145e-01;1.6750000e+02;1.2024519e-01;1.6750000e+02;7.9540953e-02;1.6750000e+02;4.1780747e-02;1.6750000e+02;1.2773564e-03;1.6750000e+02;1.2828533e-02;1.6750000e+02;3.0352397e-02;1.6750000e+02;5.1146403e-02;1.6750000e+02;7.6138340e-02;1.6750000e+02;1.0514914e-01;1.6750000e+02;1.3548163e-01;1.6750000e+02;1.7117137e-01;1.6750000e+02;2.1053733e-01;1.6750000e+02;2.5308198e-01;1.6750000e+02;2.7370310e-01;1.6750000e+02;2.7096260e-01;1.6750000e+02;2.4285096e-01;1.6750000e+02;2.0693442e-01;1.6750000e+02;1.6555145e-01;1.6750000e+02;1.2024519e-01;1.6750000e+02;7.9540953e-02;1.6750000e+02;4.1780747e-02;1.6750000e+02;1.2773564e-03;1.6750000e+02;1.2828533e-02;1.6750000e+02;3.0352397e-02;1.6750000e+02;5.1146403e-02;1.6750000e+02;7.6138340e-02;1.6750000e+02;1.0514914e-01;1.6750000e+02;1.3548163e-01;1.6750000e+02;1.7117137e-01;1.6750000e+02;2.1053733e-01;1.6750000e+02;2.5308198e-01;1.6750000e+02;2.7370310e-01;1.6750000e+02;2.7096260e-01;1.6750000e+02;2.4285096e-01;1.6750000e+02;2.0693442e-01;1.6750000e+02;1.6555145e-01;1.6750000e+02;1.2024519e-01;1.6750000e+02;7.9540953e-02;1.6750000e+02;4.1780747e-02;1.6750000e+02;1.2773564e-03;1.6750000e+02;1.2828533e-02;1.6750000e+02;3.0352397e-02;1.6750000e+02;5.1146403e-02;1.6750000e+02;7.6138340e-02;1.6750000e+02;1.0514914e-01;1.6750000e+02;1.3548163e-01;1.6750000e+02;1.7117137e-01;1.6750000e+02;2.1053733e-01;1.6750000e+02;2.5308198e-01;1.6750000e+02;2.7370310e-01;1.6750000e+02;2.7096260e-01;1.6750000e+02;2.4285096e-01;1.6750000e+02;2.0693442e-01;1.6750000e+02;1.6555145e-01;1.6750000e+02;1.2024519e-01;1.6750000e+02;7.9540953e-02;1.6750000e+02;4.1780747e-02;1.6750000e+02;1.2773564e-03;1.6750000e+02;1.2828533e-02;1.6750000e+02;3.0352397e-02;1.6750000e+02;5.1146403e-02;1.6750000e+02;7.6138340e-02;1.6750000e+02;1.0514914e-01;1.6750000e+02;1.3548163e-01;1.6750000e+02;1.7117137e-01;1.6750000e+02;2.1053733e-01;1.6750000e+02;2.5308198e-01;1.6750000e+02;2.7370310e-01;1.6750000e+02;2.7096260e-01;1.6750000e+02;2.4285096e-01;1.6750000e+02;2.0693442e-01;1.6750000e+02;1.6555145e-01;1.6750000e+02;1.2024519e-01;1.6750000e+02;7.9540953e-02;1.6750000e+02;4.1780747e-02;1.6750000e+02;1.2773564e-03;1.6750000e+02;1.2828533e-02;1.6750000e+02;3.0352397e-02;1.6750000e+02;5.1146403e-02;1.6750000e+02;7.6138340e-02;1.6750000e+02;1.0514914e-01;1.6750000e+02;1.3548163e-01;1.6750000e+02;1.7117137e-01;1.6750000e+02;2.1053733e-01;1.6750000e+02;2.5308198e-01;1.6750000e+02;2.7370310e-01;1.6750000e+02;2.7096260e-01;1.6750000e+02;2.4285096e-01;1.6750000e+02;2.0693442e-01;1.6750000e+02;1.6555145e-01;1.6750000e+02;1.2024519e-01;1.6750000e+02;7.9540953e-02;1.6750000e+02;4.1780747e-02;1.6750000e+02;1.2773564e-03;1.6750000e+02;1.2828533e-02;1.6750000e+02;3.0352397e-02;1.6750000e+02;5.1146403e-02;1.6750000e+02;7.6138340e-02;1.6750000e+02;1.0514914e-01;1.6750000e+02;1.3548163e-01;1.6750000e+02;1.7117137e-01;1.6750000e+02;2.1053733e-01;1.6750000e+02;2.5308198e-01;1.6750000e+02;2.7370310e-01;1.6750000e+02;2.7096260e-01;1.6750000e+02;2.4285096e-01;1.6750000e+02;2.0693442e-01;1.6750000e+02;1.6555145e-01;1.6750000e+02;1.2024519e-01;1.6750000e+02;7.9540953e-02;1.6750000e+02;4.1780747e-02;1.6750000e+02;1.2773564e-03;1.6750000e+02;1.2828533e-02;1.6750000e+02;3.0352397e-02;1.6750000e+02;5.1146403e-02;1.6750000e+02;7.6138340e-02;1.6750000e+02;1.0514914e-01;1.6750000e+02;1.3548163e-01;1.6750000e+02;1.7117137e-01;1.6750000e+02;2.1053733e-01;1.6750000e+02;2.5308198e-01;1.6750000e+02;2.7370310e-01;1.6750000e+02;2.7096260e-01;1.6750000e+02;2.4285096e-01;1.6750000e+02;2.0693442e-01;1.6750000e+02;1.6555145e-01;1.6750000e+02;1.2024519e-01;1.6750000e+02;7.9540953e-02;1.6750000e+02;4.1780747e-02;1.6750000e+02;1.2773564e-03;1.6750000e+02;1.2828533e-02;1.6750000e+02;3.0352397e-02;1.6750000e+02;5.1146403e-02;1.6750000e+02;7.6138340e-02;1.6750000e+02;1.0514914e-01;1.6750000e+02;1.3548163e-01;1.6750000e+02;1.7117137e-01;1.6750000e+02;2.1053733e-01;1.6750000e+02;2.5308198e-01;1.6750000e+02;2.7370310e-01;1.6750000e+02;2.7096260e-01;1.6750000e+02;2.4285096e-01;1.6750000e+02;2.0693442e-01;1.6750000e+02;1.6555145e-01;1.6750000e+02;1.2024519e-01;1.6750000e+02;7.9540953e-02;1.6750000e+02;4.1780747e-02;1.6750000e+02;1.2773564e-03;1.6750000e+02;1.2828533e-02;1.6750000e+02;3.0352397e-02;1.6750000e+02;5.1146403e-02;1.6750000e+02;7.6138340e-02;1.6750000e+02;1.0514914e-01;1.6750000e+02;1.3548163e-01;1.6750000e+02;1.7117137e-01;1.6750000e+02;2.1053733e-01;1.6750000e+02;2.5308198e-01;1.6750000e+02;2.7370310e-01;1.6750000e+02;2.7096260e-01;1.6750000e+02;2.4285096e-01;1.6750000e+02;2.0693442e-01;1.6750000e+02;1.6555145e-01;1.6750000e+02;1.2024519e-01;1.6750000e+02;7.9540953e-02;1.6750000e+02;4.1780747e-02;1.6750000e+02;1.2773564e-03;1.6750000e+02;1.2828533e-02;1.6750000e+02;3.0352397e-02;1.6750000e+02;5.1146403e-02;1.6750000e+02;7.6138340e-02;1.6750000e+02;1.0514914e-01;1.6750000e+02;1.3548163e-01;1.6750000e+02;1.7117137e-01;1.6750000e+02;2.1053733e-01;1.6750000e+02;2.5308198e-01;1.6750000e+02;2.7370310e-01;1.6750000e+02;2.7096260e-01;1.6750000e+02;2.4285096e-01;1.6750000e+02;2.0693442e-01;1.6750000e+02;1.6555145e-01;1.6750000e+02;1.2024519e-01;1.6750000e+02;7.9540953e-02;1.6750000e+02;4.1780747e-02;1.6750000e+02;1.2773564e-03;1.6750000e+02;1.2828533e-02;1.6750000e+02;3.0352397e-02;1.6750000e+02;5.1146403e-02;1.6750000e+02;7.6138340e-02;1.6750000e+02;1.0514914e-01;1.6750000e+02;1.3548163e-01;1.6750000e+02;1.7117137e-01;1.6750000e+02;2.1053733e-01;1.6750000e+02;2.5308198e-01;1.6750000e+02;2.7370310e-01;1.6750000e+02;2.7096260e-01;1.6750000e+02;2.4285096e-01;1.6750000e+02;2.0693442e-01;1.6750000e+02;1.6555145e-01;1.6750000e+02;1.2024519e-01;1.6750000e+02;7.9540953e-02;1.6750000e+02;4.1780747e-02;1.6750000e+02;1.2773564e-03;1.6750000e+02;1.2828533e-02;1.6750000e+02;3.0352397e-02;1.6750000e+02;5.1146403e-02;1.6750000e+02;7.6138340e-02;1.6750000e+02;1.0514914e-01;1.6750000e+02;1.3548163e-01;1.6750000e+02;1.7117137e-01;1.6750000e+02;2.1053733e-01;1.6750000e+02;2.5308198e-01;1.6750000e+02;2.7370310e-01;1.6750000e+02;2.7096260e-01;1.6750000e+02;2.4285096e-01;1.6750000e+02;2.0693442e-01;1.6750000e+02;1.6555145e-01;1.6750000e+02;1.2024519e-01;1.6750000e+02;7.9540953e-02;1.6750000e+02;4.1780747e-02;1.6750000e+02;1.2773564e-03;1.6750000e+02;1.2828533e-02;1.6750000e+02;3.0352397e-02;1.6750000e+02;5.1146403e-02;1.6750000e+02;7.6138340e-02;1.6750000e+02;1.0514914e-01;1.6750000e+02;1.3548163e-01;1.6750000e+02;1.7117137e-01;1.6750000e+02;2.1053733e-01;1.6750000e+02;2.5308198e-01;1.6750000e+02;2.7370310e-01;1.6750000e+02;2.7096260e-01;1.6750000e+02;2.4285096e-01;1.6750000e+02;2.0693442e-01;1.6750000e+02;1.6555145e-01;1.6750000e+02;1.2024519e-01;1.6750000e+02;7.9540953e-02;1.6750000e+02;4.1780747e-02;1.6750000e+02;1.2773564e-03;1.6750000e+02;1.2828533e-02;1.6750000e+02;3.0352397e-02;1.6750000e+02;5.1146403e-02;1.6750000e+02;7.6138340e-02;1.6750000e+02;1.0514914e-01;1.6750000e+02;1.3548163e-01;1.6750000e+02;1.7117137e-01;1.6750000e+02;2.1053733e-01;1.6750000e+02;2.5308198e-01;1.6750000e+02;2.7370310e-01;1.6750000e+02;2.7096260e-01;1.6750000e+02;2.4285096e-01;1.6750000e+02;2.0693442e-01;1.6750000e+02;1.6555145e-01;1.6750000e+02;1.2024519e-01;1.6750000e+02;7.9540953e-02;1.6750000e+02;4.1780747e-02;1.6750000e+02;1.2773564e-03;1.6750000e+02;1.2828533e-02;1.6750000e+02;3.0352397e-02;1.6750000e+02;5.1146403e-02;1.6750000e+02;7.6138340e-02;1.6750000e+02;1.0514914e-01;1.6750000e+02;1.3548163e-01;1.6750000e+02;1.7117137e-01;1.6750000e+02;2.1053733e-01;1.6750000e+02;2.5308198e-01;1.6750000e+02;2.7370310e-01;1.6750000e+02;2.7096260e-01;1.6750000e+02;2.4285096e-01;1.6750000e+02;2.0693442e-01;1.6750000e+02;1.6555145e-01;1.6750000e+02;1.2024519e-01;1.6750000e+02;7.9540953e-02;1.6750000e+02;4.1780747e-02;1.6750000e+02;1.2773564e-03;1.6750000e+02;1.2828533e-02;1.6750000e+02;3.0352397e-02;1.6750000e+02;5.1146403e-02;1.6750000e+02;7.6138340e-02;1.6750000e+02;1.0514914e-01;1.6750000e+02;1.3548163e-01;1.6750000e+02;1.7117137e-01;1.6750000e+02;2.1053733e-01;1.6750000e+02;2.5308198e-01;1.6750000e+02;2.7370310e-01;1.6750000e+02;2.7096260e-01;1.6750000e+02;2.4285096e-01;1.6750000e+02;2.0693442e-01;1.6750000e+02;1.6555145e-01;1.6750000e+02;1.2024519e-01;1.6750000e+02;7.9540953e-02;1.6750000e+02;4.1780747e-02;1.6750000e+02;1.2773564e-03;1.6750000e+02;1.2828533e-02;1.6750000e+02;3.0352397e-02;1.6750000e+02;5.1146403e-02;1.6750000e+02;7.6138340e-02;1.6750000e+02;1.0514914e-01;1.6750000e+02;1.3548163e-01;1.6750000e+02;1.7117137e-01;1.6750000e+02;2.1053733e-01;1.6750000e+02;2.5308198e-01;1.6750000e+02;2.7370310e-01;1.6750000e+02;2.7096260e-01;1.6750000e+02;2.4285096e-01;1.6750000e+02;2.0693442e-01;1.6750000e+02;1.6555145e-01;1.6750000e+02;1.2024519e-01;1.6750000e+02;7.9540953e-02;1.6750000e+02;4.1780747e-02;1.6750000e+02;1.2773564e-03;1.6750000e+02;1.2828533e-02;1.6750000e+02;3.0352397e-02;1.6750000e+02;5.1146403e-02;1.6750000e+02;7.6138340e-02;1.6750000e+02;1.0514914e-01;1.6750000e+02;1.3548163e-01;1.6750000e+02;1.7117137e-01;1.6750000e+02;2.1053733e-01;1.6750000e+02;2.5308198e-01;1.6750000e+02;2.7370310e-01;1.6750000e+02;2.7096260e-01;1.6750000e+02;2.4285096e-01;1.6750000e+02;2.0693442e-01;1.6750000e+02;1.6555145e-01;1.6750000e+02;1.2024519e-01;1.6750000e+02;7.9540953e-02;1.6750000e+02;4.1780747e-02
1.7250000e+02;2.9781191e-03;1.7250000e+02;1.5125913e-02;1.7250000e+02;3.4341812e-02;1.7250000e+02;5.7420488e-02;1.7250000e+02;8.3538279e-02;1.7250000e+02;1.1312522e-01;1.7250000e+02;1.4486830e-01;1.7250000e+02;1.7973280e-01;1.7250000e+02;2.1837673e-01;1.7250000e+02;2.5792077e-01;1.7250000e+02;2.8223151e-01;1.7250000e+02;2.8080511e-01;1.7250000e+02;2.5356045e-01;1.7250000e+02;2.1671548e-01;1.7250000e+02;1.7411105e-01;1.7250000e+02;1.2663284e-01;1.7250000e+02;8.3971873e-02;1.7250000e+02;4.5440145e-02;1.7250000e+02;2.9781191e-03;1.7250000e+02;1.5125913e-02;1.7250000e+02;3.4341812e-02;1.7250000e+02;5.7420488e-02;1.7250000e+02;8.3538279e-02;1.7250000e+02;1.1312522e-01;1.7250000e+02;1.4486830e-01;1.7250000e+02;1.7973280e-01;1.7250000e+02;2.1837673e-01;1.7250000e+02;2.5792077e-01;1.7250000e+02;2.8223151e-01;1.7250000e+02;2.8080511e-01;1.7250000e+02;2.5356045e-01;1.7250000e+02;2.1671548e-01;1.7250000e+02;1.7411105e-01;1.7250000e+02;1.2663284e-01;1.7250000e+02;8.3971873e-02;1.7250000e+02;4.5440145e-02;1.7250000e+02;2.9781191e-03;1.7250000e+02;1.5125913e-02;1.7250000e+02;3.4341812e-02;1.7250000e+02;5.7420488e-02;1.7250000e+02;8.3538279e-02;1.7250000e+02;1.1312522e-01;1.7250000e+02;1.4486830e-01;1.7250000e+02;1.7973280e-01;1.7250000e+02;2.1837673e-01;1.7250000e+02;2.5792077e-01;1.7250000e+02;2.8223151e-01;1.7250000e+02;2.8080511e-01;1.7250000e+02;2.5356045e-01;1.7250000e+02;2.1671548e-01;1.7250000e+02;1.7411105e-01;1.7250000e+02;1.2663284e-01;1.7250000e+02;8.3971873e-02;1.7250000e+02;4.5440145e-02;1.7250000e+02;2.9781191e-03;1.7250000e+02;1.5125913e-02;1.7250000e+02;3.4341812e-02;1.7250000e+02;5.7420488e-02;1.7250000e+02;8.3538279e-02;1.7250000e+02;1.1312522e-01;1.7250000e+02;1.4486830e-01;1.7250000e+02;1.7973280e-01;1.7250000e+02;2.1837673e-01;1.7250000e+02;2.5792077e-01;1.7250000e+02;2.8223151e-01;1.7250000e+02;2.8080511e-01;1.7250000e+02;2.5356045e-01;1.7250000e+02;2.1671548e-01;1.7250000e+02;1.7411105e-01;1.7250000e+02;1.2663284e-01;1.7250000e+02;8.3971873e-02;1.7250000e+02;4.5440145e-02;1.7250000e+02;2.9781191e-03;1.7250000e+02;1.5125913e-02;1.7250000e+02;3.4341812e-02;1.7250000e+02;5.7420488e-02;1.7250000e+02;8.3538279e-02;1.7250000e+02;1.1312522e-01;1.7250000e+02;1.4486830e-01;1.7250000e+02;1.7973280e-01;1.7250000e+02;2.1837673e-01;1.7250000e+02;2.5792077e-01;1.7250000e+02;2.8223151e-01;1.7250000e+02;2.8080511e-01;1.7250000e+02;2.5356045e-01;1.7250000e+02;2.1671548e-01;1.7250000e+02;1.7411105e-01;1.7250000e+02;1.2663284e-01;1.7250000e+02;8.3971873e-02;1.7250000e+02;4.5440145e-02;1.7250000e+02;2.9781191e-03;1.7250000e+02;1.5125913e-02;1.7250000e+02;3.4341812e-02;1.7250000e+02;5.7420488e-02;1.7250000e+02;8.3538279e-02;1.7250000e+02;1.1312522e-01;1.7250000e+02;1.4486830e-01;1.7250000e+02;1.7973280e-01;1.7250000e+02;2.1837673e-01;1.7250000e+02;2.5792077e-01;1.7250000e+02;2.8223151e-01;1.7250000e+02;2.8080511e-01;1.7250000e+02;2.5356045e-01;1.7250000e+02;2.1671548e-01;1.7250000e+02;1.7411105e-01;1.7250000e+02;1.2663284e-01;1.7250000e+02;8.3971873e-02;1.7250000e+02;4.5440145e-02;1.7250000e+02;2.9781191e-03;1.7250000e+02;1.5125913e-02;1.7250000e+02;3.4341812e-02;1.7250000e+02;5.7420488e-02;1.7250000e+02;8.3538279e-02;1.7250000e+02;1.1312522e-01;1.7250000e+02;1.4486830e-01;1.7250000e+02;1.7973280e-01;1.7250000e+02;2.1837673e-01;1.7250000e+02;2.5792077e-01;1.7250000e+02;2.8223151e-01;1.7250000e+02;2.8080511e-01;1.7250000e+02;2.5356045e-01;1.7250000e+02;2.1671548e-01;1.7250000e+02;1.7411105e-01;1.7250000e+02;1.2663284e-01;1.7250000e+02;8.3971873e-02;1.7250000e+02;4.5440145e-02;1.7250000e+02;2.9781191e-03;1.7250000e+02;1.5125913e-02;1.7250000e+02;3.4341812e-02;1.7250000e+02;5.7420488e-02;1.7250000e+02;8.3538279e-02;1.7250000e+02;1.1312522e-01;1.7250000e+02;1.4486830e-01;1.7250000e+02;1.7973280e-01;1.7250000e+02;2.1837673e-01;1.7250000e+02;2.5792077e-01;1.7250000e+02;2.8223151e-01;1.7250000e+02;2.8080511e-01;1.7250000e+02;2.5356045e-01;1.7250000e+02;2.1671548e-01;1.7250000e+02;1.7411105e-01;1.7250000e+02;1.2663284e-01;1.7250000e+02;8.3971873e-02;1.7250000e+02;4.5440145e-02;1.7250000e+02;2.9781191e-03;1.7250000e+02;1.5125913e-02;1.7250000e+02;3.4341812e-02;1.7250000e+02;5.7420488e-02;1.7250000e+02;8.3538279e-02;1.7250000e+02;1.1312522e-01;1.7250000e+02;1.4486830e-01;1.7250000e+02;1.7973280e-01;1.7250000e+02;2.1837673e-01;1.7250000e+02;2.5792077e-01;1.7250000e+02;2.8223151e-01;1.7250000e+02;2.8080511e-01;1.7250000e+02;2.5356045e-01;1.7250000e+02;2.1671548e-01;1.7250000e+02;1.7411105e-01;1.7250000e+02;1.2663284e-01;1.7250000e+02;8.3971873e-02;1.7250000e+02;4.5440145e-02;1.7250000e+02;2.9781191e-03;1.7250000e+02;1.5125913e-02;1.7250000e+02;3.4341812e-02;1.7250000e+02;5.7420488e-02;1.7250000e+02;8.3538279e-02;1.7250000e+02;1.1312522e-01;1.7250000e+02;1.4486830e-01;1.7250000e+02;1.7973280e-01;1.7250000e+02;2.1837673e-01;1.7250000e+02;2.5792077e-01;1.7250000e+02;2.8223151e-01;1.7250000e+02;2.8080511e-01;1.7250000e+02;2.5356045e-01;1.7250000e+02;2.1671548e-01;1.7250000e+02;1.7411105e-01;1.7250000e+02;1.2663284e-01;1.7250000e+02;8.3971873e-02;1.7250000e+02;4.5440145e-02;1.7250000e+02;2.9781191e-03;1.7250000e+02;1.5125913e-02;1.7250000e+02;3.4341812e-02;1.7250000e+02;5.7420488e-02;1.7250000e+02;8.3538279e-02;1.7250000e+02;1.1312522e-01;1.7250000e+02;1.4486830e-01;1.7250000e+02;1.7973280e-01;1.7250000e+02;2.1837673e-01;1.7250000e+02;2.5792077e-01;1.7250000e+02;2.8223151e-01;1.7250000e+02;2.8080511e-01;1.7250000e+02;2.5356045e-01;1.7250000e+02;2.1671548e-01;1.7250000e+02;1.7411105e-01;1.7250000e+02;1.2663284e-01;1.7250000e+02;8.3971873e-02;1.7250000e+02;4.5440145e-02;1.7250000e+02;2.9781191e-03;1.7250000e+02;1.5125913e-02;1.7250000e+02;3.4341812e-02;1.7250000e+02;5.7420488e-02;1.7250000e+02;8.3538279e-02;1.7250000e+02;1.1312522e-01;1.7250000e+02;1.4486830e-01;1.7250000e+02;1.7973280e-01;1.7250000e+02;2.1837673e-01;1.7250000e+02;2.5792077e-01;1.7250000e+02;2.8223151e-01;1.7250000e+02;2.8080511e-01;1.7250000e+02;2.5356045e-01;1.7250000e+02;2.1671548e-01;1.7250000e+02;1.7411105e-01;1.7250000e+02;1.2663284e-01;1.7250000e+02;8.3971873e-02;1.7250000e+02;4.5440145e-02;1.7250000e+02;2.9781191e-03;1.7250000e+02;1.5125913e-02;1.7250000e+02;3.4341812e-02;1.7250000e+02;5.7420488e-02;1.7250000e+02;8.3538279e-02;1.7250000e+02;1.1312522e-01;1.7250000e+02;1.4486830e-01;1.7250000e+02;1.7973280e-01;1.7250000e+02;2.1837673e-01;1.7250000e+02;2.5792077e-01;1.7250000e+02;2.8223151e-01;1.7250000e+02;2.8080511e-01;1.7250000e+02;2.5356045e-01;1.7250000e+02;2.1671548e-01;1.7250000e+02;1.7411105e-01;1.7250000e+02;1.2663284e-01;1.7250000e+02;8.3971873e-02;1.7250000e+02;4.5440145e-02;1.7250000e+02;2.9781191e-03;1.7250000e+02;1.5125913e-02;1.7250000e+02;3.4341812e-02;1.7250000e+02;5.7420488e-02;1.7250000e+02;8.3538279e-02;1.7250000e+02;1.1312522e-01;1.7250000e+02;1.4486830e-01;1.7250000e+02;1.7973280e-01;1.7250000e+02;2.1837673e-01;1.7250000e+02;2.5792077e-01;1.7250000e+02;2.8223151e-01;1.7250000e+02;2.8080511e-01;1.7250000e+02;2.5356045e-01;1.7250000e+02;2.1671548e-01;1.7250000e+02;1.7411105e-01;1.7250000e+02;1.2663284e-01;1.7250000e+02;8.3971873e-02;1.7250000e+02;4.5440145e-02;1.7250000e+02;2.9781191e-03;1.7250000e+02;1.5125913e-02;1.7250000e+02;3.4341812e-02;1.7250000e+02;5.7420488e-02;1.7250000e+02;8.3538279e-02;1.7250000e+02;1.1312522e-01;1.7250000e+02;1.4486830e-01;1.7250000e+02;1.7973280e-01;1.7250000e+02;2.1837673e-01;1.7250000e+02;2.5792077e-01;1.7250000e+02;2.8223151e-01;1.7250000e+02;2.8080511e-01;1.7250000e+02;2.5356045e-01;1.7250000e+02;2.1671548e-01;1.7250000e+02;1.7411105e-01;1.7250000e+02;1.2663284e-01;1.7250000e+02;8.3971873e-02;1.7250000e+02;4.5440145e-02;1.7250000e+02;2.9781191e-03;1.7250000e+02;1.5125913e-02;1.7250000e+02;3.4341812e-02;1.7250000e+02;5.7420488e-02;1.7250000e+02;8.3538279e-02;1.7250000e+02;1.1312522e-01;1.7250000e+02;1.4486830e-01;1.7250000e+02;1.7973280e-01;1.7250000e+02;2.1837673e-01;1.7250000e+02;2.5792077e-01;1.7250000e+02;2.8223151e-01;1.7250000e+02;2.8080511e-01;1.7250000e+02;2.5356045e-01;1.7250000e+02;2.1671548e-01;1.7250000e+02;1.7411105e-01;1.7250000e+02;1.2663284e-01;1.7250000e+02;8.3971873e-02;1.7250000e+02;4.5440145e-02;1.7250000e+02;2.9781191e-03;1.7250000e+02;1.5125913e-02;1.7250000e+02;3.4341812e-02;1.7250000e+02;5.7420488e-02;1.7250000e+02;8.3538279e-02;1.7250000e+02;1.1312522e-01;1.7250000e+02;1.4486830e-01;1.7250000e+02;1.7973280e-01;1.7250000e+02;2.1837673e-01;1.7250000e+02;2.5792077e-01;1.7250000e+02;2.8223151e-01;1.7250000e+02;2.8080511e-01;1.7250000e+02;2.5356045e-01;1.7250000e+02;2.1671548e-01;1.7250000e+02;1.7411105e-01;1.7250000e+02;1.2663284e-01;1.7250000e+02;8.3971873e-02;1.7250000e+02;4.5440145e-02;1.7250000e+02;2.9781191e-03;1.7250000e+02;1.5125913e-02;1.7250000e+02;3.4341812e-02;1.7250000e+02;5.7420488e-02;1.7250000e+02;8.3538279e-02;1.7250000e+02;1.1312522e-01;1.7250000e+02;1.4486830e-01;1.7250000e+02;1.7973280e-01;1.7250000e+02;2.1837673e-01;1.7250000e+02;2.5792077e-01;1.7250000e+02;2.8223151e-01;1.7250000e+02;2.8080511e-01;1.7250000e+02;2.5356045e-01;1.7250000e+02;2.1671548e-01;1.7250000e+02;1.7411105e-01;1.7250000e+02;1.2663284e-01;1.7250000e+02;8.3971873e-02;1.7250000e+02;4.5440145e-02;1.7250000e+02;2.9781191e-03;1.7250000e+02;1.5125913e-02;1.7250000e+02;3.4341812e-02;1.7250000e+02;5.7420488e-02;1.7250000e+02;8.3538279e-02;1.7250000e+02;1.1312522e-01;1.7250000e+02;1.4486830e-01;1.7250000e+02;1.7973280e-01;1.7250000e+02;2.1837673e-01;1.7250000e+02;2.5792077e-01;1.7250000e+02;2.8223151e-01;1.7250000e+02;2.8080511e-01;1.7250000e+02;2.5356045e-01;1.7250000e+02;2.1671548e-01;1.7250000e+02;1.7411105e-01;1.7250000e+02;1.2663284e-01;1.7250000e+02;8.3971873e-02;1.7250000e+02;4.5440145e-02;1.7250000e+02;2.9781191e-03;1.7250000e+02;1.5125913e-02;1.7250000e+02;3.4341812e-02;1.7250000e+02;5.7420488e-02;1.7250000e+02;8.3538279e-02;1.7250000e+02;1.1312522e-01;1.7250000e+02;1.4486830e-01;1.7250000e+02;1.7973280e-01;1.7250000e+02;2.1837673e-01;1.7250000e+02;2.5792077e-01;1.7250000e+02;2.8223151e-01;1.7250000e+02;2.8080511e-01;1.7250000e+02;2.5356045e-01;1.7250000e+02;2.1671548e-01;1.7250000e+02;1.7411105e-01;1.7250000e+02;1.2663284e-01;1.7250000e+02;8.3971873e-02;1.7250000e+02;4.5440145e-02;1.7250000e+02;2.9781191e-03;1.7250000e+02;1.5125913e-02;1.7250000e+02;3.4341812e-02;1.7250000e+02;5.7420488e-02;1.7250000e+02;8.3538279e-02;1.7250000e+02;1.1312522e-01;1.7250000e+02;1.4486830e-01;1.7250000e+02;1.7973280e-01;1.7250000e+02;2.1837673e-01;1.7250000e+02;2.5792077e-01;1.7250000e+02;2.8223151e-01;1.7250000e+02;2.8080511e-01;1.7250000e+02;2.5356045e-01;1.7250000e+02;2.1671548e-01;1.7250000e+02;1.7411105e-01;1.7250000e+02;1.2663284e-01;1.7250000e+02;8.3971873e-02;1.7250000e+02;4.5440145e-02;1.7250000e+02;2.9781191e-03;1.7250000e+02;1.5125913e-02;1.7250000e+02;3.4341812e-02;1.7250000e+02;5.7420488e-02;1.7250000e+02;8.3538279e-02;1.7250000e+02;1.1312522e-01;1.7250000e+02;1.4486830e-01;1.7250000e+02;1.7973280e-01;1.7250000e+02;2.1837673e-01;1.7250000e+02;2.5792077e-01;1.7250000e+02;2.8223151e-01;1.7250000e+02;2.8080511e-01;1.7250000e+02;2.5356045e-01;1.7250000e+02;2.1671548e-01;1.7250000e+02;1.7411105e-01;1.7250000e+02;1.2663284e-01;1.7250000e+02;8.3971873e-02;1.7250000e+02;4.5440145e-02;1.7250000e+02;2.9781191e-03;1.7250000e+02;1.5125913e-02;1.7250000e+02;3.4341812e-02;1.7250000e+02;5.7420488e-02;1.7250000e+02;8.3538279e-02;1.7250000e+02;1.1312522e-01;1.7250000e+02;1.4486830e-01;1.7250000e+02;1.7973280e-01;1.7250000e+02;2.1837673e-01;1.7250000e+02;2.5792077e-01;1.7250000e+02;2.8223151e-01;1.7250000e+02;2.8080511e-01;1.7250000e+02;2.5356045e-01;1.7250000e+02;2.1671548e-01;1.7250000e+02;1.7411105e-01;1.7250000e+02;1.2663284e-01;1.7250000e+02;8.3971873e-02;1.7250000e+02;4.5440145e-02;1.7250000e+02;2.9781191e-03;1.7250000e+02;1.5125913e-02;1.7250000e+02;3.4341812e-02;1.7250000e+02;5.7420488e-02;1.7250000e+02;8.3538279e-02;1.7250000e+02;1.1312522e-01;1.7250000e+02;1.4486830e-01;1.7250000e+02;1.7973280e-01;1.7250000e+02;2.1837673e-01;1.7250000e+02;2.5792077e-01;1.7250000e+02;2.8223151e-01;1.7250000e+02;2.8080511e-01;1.7250000e+02;2.5356045e-01;1.7250000e+02;2.1671548e-01;1.7250000e+02;1.7411105e-01;1.7250000e+02;1.2663284e-01;1.7250000e+02;8.3971873e-02;1.7250000e+02;4.5440145e-02;1.7250000e+02;2.9781191e-03;1.7250000e+02;1.5125913e-02;1.7250000e+02;3.4341812e-02;1.7250000e+02;5.7420488e-02;1.7250000e+02;8.3538279e-02;1.7250000e+02;1.1312522e-01;1.7250000e+02;1.4486830e-01;1.7250000e+02;1.7973280e-01;1.7250000e+02;2.1837673e-01;1.7250000e+02;2.5792077e-01;1.7250000e+02;2.8223151e-01;1.7250000e+02;2.8080511e-01;1.7250000e+02;2.5356045e-01;1.7250000e+02;2.1671548e-01;1.7250000e+02;1.7411105e-01;1.7250000e+02;1.2663284e-01;1.7250000e+02;8.3971873e-02;1.7250000e+02;4.5440145e-02;1.7250000e+02;2.9781191e-03;1.7250000e+02;1.5125913e-02;1.7250000e+02;3.4341812e-02;1.7250000e+02;5.7420488e-02;1.7250000e+02;8.3538279e-02;1.7250000e+02;1.1312522e-01;1.7250000e+02;1.4486830e-01;1.7250000e+02;1.7973280e-01;1.7250000e+02;2.1837673e-01;1.7250000e+02;2.5792077e-01;1.7250000e+02;2.8223151e-01;1.7250000e+02;2.8080511e-01;1.7250000e+02;2.5356045e-01;1.7250000e+02;2.1671548e-01;1.7250000e+02;1.7411105e-01;1.7250000e+02;1.2663284e-01;1.7250000e+02;8.3971873e-02;1.7250000e+02;4.5440145e-02;1.7250000e+02;2.9781191e-03;1.7250000e+02;1.5125913e-02;1.7250000e+02;3.4341812e-02;1.7250000e+02;5.7420488e-02;1.7250000e+02;8.3538279e-02;1.7250000e+02;1.1312522e-01;1.7250000e+02;1.4486830e-01;1.7250000e+02;1.7973280e-01;1.7250000e+02;2.1837673e-01;1.7250000e+02;2.5792077e-01;1.7250000e+02;2.8223151e-01;1.7250000e+02;2.8080511e-01;1.7250000e+02;2.5356045e-01;1.7250000e+02;2.1671548e-01;1.7250000e+02;1.7411105e-01;1.7250000e+02;1.2663284e-01;1.7250000e+02;8.3971873e-02;1.7250000e+02;4.5440145e-02;1.7250000e+02;2.9781191e-03;1.7250000e+02;1.5125913e-02;1.7250000e+02;3.4341812e-02;1.7250000e+02;5.7420488e-02;1.7250000e+02;8.3538279e-02;1.7250000e+02;1.1312522e-01;1.7250000e+02;1.4486830e-01;1.7250000e+02;1.7973280e-01;1.7250000e+02;2.1837673e-01;1.7250000e+02;2.5792077e-01;1.7250000e+02;2.8223151e-01;1.7250000e+02;2.8080511e-01;1.7250000e+02;2.5356045e-01;1.7250000e+02;2.1671548e-01;1.7250000e+02;1.7411105e-01;1.7250000e+02;1.2663284e-01;1.7250000e+02;8.3971873e-02;1.7250000e+02;4.5440145e-02;1.7250000e+02;2.9781191e-03;1.7250000e+02;1.5125913e-02;1.7250000e+02;3.4341812e-02;1.7250000e+02;5.7420488e-02;1.7250000e+02;8.3538279e-02;1.7250000e+02;1.1312522e-01;1.7250000e+02;1.4486830e-01;1.7250000e+02;1.7973280e-01;1.7250000e+02;2.1837673e-01;1.7250000e+02;2.5792077e-01;1.7250000e+02;2.8223151e-01;1.7250000e+02;2.8080511e-01;1.7250000e+02;2.5356045e-01;1.7250000e+02;2.1671548e-01;1.7250000e+02;1.7411105e-01;1.7250000e+02;1.2663284e-01;1.7250000e+02;8.3971873e-02;1.7250000e+02;4.5440145e-02;1.7250000e+02;2.9781191e-03;1.7250000e+02;1.5125913e-02;1.7250000e+02;3.4341812e-02;1.7250000e+02;5.7420488e-02;1.7250000e+02;8.3538279e-02;1.7250000e+02;1.1312522e-01;1.7250000e+02;1.4486830e-01;1.7250000e+02;1.7973280e-01;1.7250000e+02;2.1837673e-01;1.7250000e+02;2.5792077e-01;1.7250000e+02;2.8223151e-01;1.7250000e+02;2.8080511e-01;1.7250000e+02;2.5356045e-01;1.7250000e+02;2.1671548e-01;1.7250000e+02;1.7411105e-01;1.7250000e+02;1.2663284e-01;1.7250000e+02;8.3971873e-02;1.7250000e+02;4.5440145e-02;1.7250000e+02;2.9781191e-03;1.7250000e+02;1.5125913e-02;1.7250000e+02;3.4341812e-02;1.7250000e+02;5.7420488e-02;1.7250000e+02;8.3538279e-02;1.7250000e+02;1.1312522e-01;1.7250000e+02;1.4486830e-01;1.7250000e+02;1.7973280e-01;1.7250000e+02;2.1837673e-01;1.7250000e+02;2.5792077e-01;1.7250000e+02;2.8223151e-01;1.7250000e+02;2.8080511e-01;1.7250000e+02;2.5356045e-01;1.7250000e+02;2.1671548e-01;1.7250000e+02;1.7411105e-01;1.7250000e+02;1.2663284e-01;1.7250000e+02;8.3971873e-02;1.7250000e+02;4.5440145e-02;1.7250000e+02;2.9781191e-03;1.7250000e+02;1.5125913e-02;1.7250000e+02;3.4341812e-02;1.7250000e+02;5.7420488e-02;1.7250000e+02;8.3538279e-02;1.7250000e+02;1.1312522e-01;1.7250000e+02;1.4486830e-01;1.7250000e+02;1.7973280e-01;1.7250000e+02;2.1837673e-01;1.7250000e+02;2.5792077e-01;1.7250000e+02;2.8223151e-01;1.7250000e+02;2.8080511e-01;1.7250000e+02;2.5356045e-01;1.7250000e+02;2.1671548e-01;1.7250000e+02;1.7411105e-01;1.7250000e+02;1.2663284e-01;1.7250000e+02;8.3971873e-02;1.7250000e+02;4.5440145e-02;1.7250000e+02;2.9781191e-03;1.7250000e+02;1.5125913e-02;1.7250000e+02;3.4341812e-02;1.7250000e+02;5.7420488e-02;1.7250000e+02;8.3538279e-02;1.7250000e+02;1.1312522e-01;1.7250000e+02;1.4486830e-01;1.7250000e+02;1.7973280e-01;1.7250000e+02;2.1837673e-01;1.7250000e+02;2.5792077e-01;1.7250000e+02;2.8223151e-01;1.7250000e+02;2.8080511e-01;1.7250000e+02;2.5356045e-01;1.7250000e+02;2.1671548e-01;1.7250000e+02;1.7411105e-01;1.7250000e+02;1.2663284e-01;1.7250000e+02;8.3971873e-02;1.7250000e+02;4.5440145e-02;1.7250000e+02;2.9781191e-03;1.7250000e+02;1.5125913e-02;1.7250000e+02;3.4341812e-02;1.7250000e+02;5.7420488e-02;1.7250000e+02;8.3538279e-02;1.7250000e+02;1.1312522e-01;1.7250000e+02;1.4486830e-01;1.7250000e+02;1.7973280e-01;1.7250000e+02;2.1837673e-01;1.7250000e+02;2.5792077e-01;1.7250000e+02;2.8223151e-01;1.7250000e+02;2.8080511e-01;1.7250000e+02;2.5356045e-01;1.7250000e+02;2.1671548e-01;1.7250000e+02;1.7411105e-01;1.7250000e+02;1.2663284e-01;1.7250000e+02;8.3971873e-02;1.7250000e+02;4.5440145e-02;1.7250000e+02;2.9781191e-03;1.7250000e+02;1.5125913e-02;1.7250000e+02;3.4341812e-02;1.7250000e+02;5.7420488e-02;1.7250000e+02;8.3538279e-02;1.7250000e+02;1.1312522e-01;1.7250000e+02;1.4486830e-01;1.7250000e+02;1.7973280e-01;1.7250000e+02;2.1837673e-01;1.7250000e+02;2.5792077e-01;1.7250000e+02;2.8223151e-01;1.7250000e+02;2.8080511e-01;1.7250000e+02;2.5356045e-01;1.7250000e+02;2.1671548e-01;1.7250000e+02;1.7411105e-01;1.7250000e+02;1.2663284e-01;1.7250000e+02;8.3971873e-02;1.7250000e+02;4.5440145e-02;1.7250000e+02;2.9781191e-03;1.7250000e+02;1.5125913e-02;1.7250000e+02;3.4341812e-02;1.7250000e+02;5.7420488e-02;1.7250000e+02;8.3538279e-02;1.7250000e+02;1.1312522e-01;1.7250000e+02;1.4486830e-01;1.7250000e+02;1.7973280e-01;1.7250000e+02;2.1837673e-01;1.7250000e+02;2.5792077e-01;1.7250000e+02;2.8223151e-01;1.7250000e+02;2.8080511e-01;1.7250000e+02;2.5356045e-01;1.7250000e+02;2.1671548e-01;1.7250000e+02;1.7411105e-01;1.7250000e+02;1.2663284e-01;1.7250000e+02;8.3971873e-02;1.7250000e+02;4.5440145e-02;1.7250000e+02;2.9781191e-03;1.7250000e+02;1.5125913e-02;1.7250000e+02;3.4341812e-02;1.7250000e+02;5.7420488e-02;1.7250000e+02;8.3538279e-02;1.7250000e+02;1.1312522e-01;1.7250000e+02;1.4486830e-01;1.7250000e+02;1.7973280e-01;1.7250000e+02;2.1837673e-01;1.7250000e+02;2.5792077e-01;1.7250000e+02;2.8223151e-01;1.7250000e+02;2.8080511e-01;1.7250000e+02;2.5356045e-01;1.7250000e+02;2.1671548e-01;1.7250000e+02;1.7411105e-01;1.7250000e+02;1.2663284e-01;1.7250000e+02;8.3971873e-02;1.7250000e+02;4.5440145e-02;1.7250000e+02;2.9781191e-03;1.7250000e+02;1.5125913e-02;1.7250000e+02;3.4341812e-02;1.7250000e+02;5.7420488e-02;1.7250000e+02;8.3538279e-02;1.7250000e+02;1.1312522e-01;1.7250000e+02;1.4486830e-01;1.7250000e+02;1.7973280e-01;1.7250000e+02;2.1837673e-01;1.7250000e+02;2.5792077e-01;1.7250000e+02;2.8223151e-01;1.7250000e+02;2.8080511e-01;1.7250000e+02;2.5356045e-01;1.7250000e+02;2.1671548e-01;1.7250000e+02;1.7411105e-01;1.7250000e+02;1.2663284e-01;1.7250000e+02;8.3971873e-02;1.7250000e+02;4.5440145e-02;1.7250000e+02;2.9781191e-03;1.7250000e+02;1.5125913e-02;1.7250000e+02;3.4341812e-02;1.7250000e+02;5.7420488e-02;1.7250000e+02;8.3538279e-02;1.7250000e+02;1.1312522e-01;1.7250000e+02;1.4486830e-01;1.7250000e+02;1.7973280e-01;1.7250000e+02;2.1837673e-01;1.7250000e+02;2.5792077e-01;1.7250000e+02;2.8223151e-01;1.7250000e+02;2.8080511e-01;1.7250000e+02;2.5356045e-01;1.7250000e+02;2.1671548e-01;1.7250000e+02;1.7411105e-01;1.7250000e+02;1.2663284e-01;1.7250000e+02;8.3971873e-02;1.7250000e+02;4.5440145e-02;1.7250000e+02;2.9781191e-03;1.7250000e+02;1.5125913e-02;1.7250000e+02;3.4341812e-02;1.7250000e+02;5.7420488e-02;1.7250000e+02;8.3538279e-02;1.7250000e+02;1.1312522e-01;1.7250000e+02;1.4486830e-01;1.7250000e+02;1.7973280e-01;1.7250000e+02;2.1837673e-01;1.7250000e+02;2.5792077e-01;1.7250000e+02;2.8223151e-01;1.7250000e+02;2.8080511e-01;1.7250000e+02;2.5356045e-01;1.7250000e+02;2.1671548e-01;1.7250000e+02;1.7411105e-01;1.7250000e+02;1.2663284e-01;1.7250000e+02;8.3971873e-02;1.7250000e+02;4.5440145e-02;1.7250000e+02;2.9781191e-03;1.7250000e+02;1.5125913e-02;1.7250000e+02;3.4341812e-02;1.7250000e+02;5.7420488e-02;1.7250000e+02;8.3538279e-02;1.7250000e+02;1.1312522e-01;1.7250000e+02;1.4486830e-01;1.7250000e+02;1.7973280e-01;1.7250000e+02;2.1837673e-01;1.7250000e+02;2.5792077e-01;1.7250000e+02;2.8223151e-01;1.7250000e+02;2.8080511e-01;1.7250000e+02;2.5356045e-01;1.7250000e+02;2.1671548e-01;1.7250000e+02;1.7411105e-01;1.7250000e+02;1.2663284e-01;1.7250000e+02;8.3971873e-02;1.7250000e+02;4.5440145e-02;1.7250000e+02;2.9781191e-03;1.7250000e+02;1.5125913e-02;1.7250000e+02;3.4341812e-02;1.7250000e+02;5.7420488e-02;1.7250000e+02;8.3538279e-02;1.7250000e+02;1.1312522e-01;1.7250000e+02;1.4486830e-01;1.7250000e+02;1.7973280e-01;1.7250000e+02;2.1837673e-01;1.7250000e+02;2.5792077e-01;1.7250000e+02;2.8223151e-01;1.7250000e+02;2.8080511e-01;1.7250000e+02;2.5356045e-01;1.7250000e+02;2.1671548e-01;1.7250000e+02;1.7411105e-01;1.7250000e+02;1.2663284e-01;1.7250000e+02;8.3971873e-02;1.7250000e+02;4.5440145e-02;1.7250000e+02;2.9781191e-03;1.7250000e+02;1.5125913e-02;1.7250000e+02;3.4341812e-02;1.7250000e+02;5.7420488e-02;1.7250000e+02;8.3538279e-02;1.7250000e+02;1.1312522e-01;1.7250000e+02;1.4486830e-01;1.7250000e+02;1.7973280e-01;1.7250000e+02;2.1837673e-01;1.7250000e+02;2.5792077e-01;1.7250000e+02;2.8223151e-01;1.7250000e+02;2.8080511e-01;1.7250000e+02;2.5356045e-01;1.7250000e+02;2.1671548e-01;1.7250000e+02;1.7411105e-01;1.7250000e+02;1.2663284e-01;1.7250000e+02;8.3971873e-02;1.7250000e+02;4.5440145e-02;1.7250000e+02;2.9781191e-03;1.7250000e+02;1.5125913e-02;1.7250000e+02;3.4341812e-02;1.7250000e+02;5.7420488e-02;1.7250000e+02;8.3538279e-02;1.7250000e+02;1.1312522e-01;1.7250000e+02;1.4486830e-01;1.7250000e+02;1.7973280e-01;1.7250000e+02;2.1837673e-01;1.7250000e+02;2.5792077e-01;1.7250000e+02;2.8223151e-01;1.7250000e+02;2.8080511e-01;1.7250000e+02;2.5356045e-01;1.7250000e+02;2.1671548e-01;1.7250000e+02;1.7411105e-01;1.7250000e+02;1.2663284e-01;1.7250000e+02;8.3971873e-02;1.7250000e+02;4.5440145e-02;1.7250000e+02;2.9781191e-03;1.7250000e+02;1.5125913e-02;1.7250000e+02;3.4341812e-02;1.7250000e+02;5.7420488e-02;1.7250000e+02;8.3538279e-02;1.7250000e+02;1.1312522e-01;1.7250000e+02;1.4486830e-01;1.7250000e+02;1.7973280e-01;1.7250000e+02;2.1837673e-01;1.7250000e+02;2.5792077e-01;1.7250000e+02;2.8223151e-01;1.7250000e+02;2.8080511e-01;1.7250000e+02;2.5356045e-01;1.7250000e+02;2.1671548e-01;1.7250000e+02;1.7411105e-01;1.7250000e+02;1.2663284e-01;1.7250000e+02;8.3971873e-02;1.7250000e+02;4.5440145e-02;1.7250000e+02;2.9781191e-03;1.7250000e+02;1.5125913e-02;1.7250000e+02;3.4341812e-02;1.7250000e+02;5.7420488e-02;1.7250000e+02;8.3538279e-02;1.7250000e+02;1.1312522e-01;1.7250000e+02;1.4486830e-01;1.7250000e+02;1.7973280e-01;1.7250000e+02;2.1837673e-01;1.7250000e+02;2.5792077e-01;1.7250000e+02;2.8223151e-01;1.7250000e+02;2.8080511e-01;1.7250000e+02;2.5356045e-01;1.7250000e+02;2.1671548e-01;1.7250000e+02;1.7411105e-01;1.7250000e+02;1.2663284e-01;1.7250000e+02;8.3971873e-02;1.7250000e+02;4.5440145e-02;1.7250000e+02;2.9781191e-03;1.7250000e+02;1.5125913e-02;1.7250000e+02;3.4341812e-02;1.7250000e+02;5.7420488e-02;1.7250000e+02;8.3538279e-02;1.7250000e+02;1.1312522e-01;1.7250000e+02;1.4486830e-01;1.7250000e+02;1.7973280e-01;1.7250000e+02;2.1837673e-01;1.7250000e+02;2.5792077e-01;1.7250000e+02;2.8223151e-01;1.7250000e+02;2.8080511e-01;1.7250000e+02;2.5356045e-01;1.7250000e+02;2.1671548e-01;1.7250000e+02;1.7411105e-01;1.7250000e+02;1.2663284e-01;1.7250000e+02;8.3971873e-02;1.7250000e+02;4.5440145e-02;1.7250000e+02;2.9781191e-03;1.7250000e+02;1.5125913e-02;1.7250000e+02;3.4341812e-02;1.7250000e+02;5.7420488e-02;1.7250000e+02;8.3538279e-02;1.7250000e+02;1.1312522e-01;1.7250000e+02;1.4486830e-01;1.7250000e+02;1.7973280e-01;1.7250000e+02;2.1837673e-01;1.7250000e+02;2.5792077e-01;1.7250000e+02;2.8223151e-01;1.7250000e+02;2.8080511e-01;1.7250000e+02;2.5356045e-01;1.7250000e+02;2.1671548e-01;1.7250000e+02;1.7411105e-01;1.7250000e+02;1.2663284e-01;1.7250000e+02;8.3971873e-02;1.7250000e+02;4.5440145e-02;1.7250000e+02;2.9781191e-03;1.7250000e+02;1.5125913e-02;1.7250000e+02;3.4341812e-02;1.7250000e+02;5.7420488e-02;1.7250000e+02;8.3538279e-02;1.7250000e+02;1.1312522e-01;1.7250000e+02;1.4486830e-01;1.7250000e+02;1.7973280e-01;1.7250000e+02;2.1837673e-01;1.7250000e+02;2.5792077e-01;1.7250000e+02;2.8223151e-01;1.7250000e+02;2.8080511e-01;1.7250000e+02;2.5356045e-01;1.7250000e+02;2.1671548e-01;1.7250000e+02;1.7411105e-01;1.7250000e+02;1.2663284e-01;1.7250000e+02;8.3971873e-02;1.7250000e+02;4.5440145e-02;1.7250000e+02;2.9781191e-03;1.7250000e+02;1.5125913e-02;1.7250000e+02;3.4341812e-02;1.7250000e+02;5.7420488e-02;1.7250000e+02;8.3538279e-02;1.7250000e+02;1.1312522e-01;1.7250000e+02;1.4486830e-01;1.7250000e+02;1.7973280e-01;1.7250000e+02;2.1837673e-01;1.7250000e+02;2.5792077e-01;1.7250000e+02;2.8223151e-01;1.7250000e+02;2.8080511e-01;1.7250000e+02;2.5356045e-01;1.7250000e+02;2.1671548e-01;1.7250000e+02;1.7411105e-01;1.7250000e+02;1.2663284e-01;1.7250000e+02;8.3971873e-02;1.7250000e+02;4.5440145e-02;1.7250000e+02;2.9781191e-03;1.7250000e+02;1.5125913e-02;1.7250000e+02;3.4341812e-02;1.7250000e+02;5.7420488e-02;1.7250000e+02;8.3538279e-02;1.7250000e+02;1.1312522e-01;1.7250000e+02;1.4486830e-01;1.7250000e+02;1.7973280e-01;1.7250000e+02;2.1837673e-01;1.7250000e+02;2.5792077e-01;1.7250000e+02;2.8223151e-01;1.7250000e+02;2.8080511e-01;1.7250000e+02;2.5356045e-01;1.7250000e+02;2.1671548e-01;1.7250000e+02;1.7411105e-01;1.7250000e+02;1.2663284e-01;1.7250000e+02;8.3971873e-02;1.7250000e+02;4.5440145e-02;1.7250000e+02;2.9781191e-03;1.7250000e+02;1.5125913e-02;1.7250000e+02;3.4341812e-02;1.7250000e+02;5.7420488e-02;1.7250000e+02;8.3538279e-02;1.7250000e+02;1.1312522e-01;1.7250000e+02;1.4486830e-01;1.7250000e+02;1.7973280e-01;1.7250000e+02;2.1837673e-01;1.7250000e+02;2.5792077e-01;1.7250000e+02;2.8223151e-01;1.7250000e+02;2.8080511e-01;1.7250000e+02;2.5356045e-01;1.7250000e+02;2.1671548e-01;1.7250000e+02;1.7411105e-01;1.7250000e+02;1.2663284e-01;1.7250000e+02;8.3971873e-02;1.7250000e+02;4.5440145e-02;1.7250000e+02;2.9781191e-03;1.7250000e+02;1.5125913e-02;1.7250000e+02;3.4341812e-02;1.7250000e+02;5.7420488e-02;1.7250000e+02;8.3538279e-02;1.7250000e+02;1.1312522e-01;1.7250000e+02;1.4486830e-01;1.7250000e+02;1.7973280e-01;1.7250000e+02;2.1837673e-01;1.7250000e+02;2.5792077e-01;1.7250000e+02;2.8223151e-01;1.7250000e+02;2.8080511e-01;1.7250000e+02;2.5356045e-01;1.7250000e+02;2.1671548e-01;1.7250000e+02;1.7411105e-01;1.7250000e+02;1.2663284e-01;1.7250000e+02;8.3971873e-02;1.7250000e+02;4.5440145e-02;1.7250000e+02;2.9781191e-03;1.7250000e+02;1.5125913e-02;1.7250000e+02;3.4341812e-02;1.7250000e+02;5.7420488e-02;1.7250000e+02;8.3538279e-02;1.7250000e+02;1.1312522e-01;1.7250000e+02;1.4486830e-01;1.7250000e+02;1.7973280e-01;1.7250000e+02;2.1837673e-01;1.7250000e+02;2.5792077e-01;1.7250000e+02;2.8223151e-01;1.7250000e+02;2.8080511e-01;1.7250000e+02;2.5356045e-01;1.7250000e+02;2.1671548e-01;1.7250000e+02;1.7411105e-01;1.7250000e+02;1.2663284e-01;1.7250000e+02;8.3971873e-02;1.7250000e+02;4.5440145e-02;1.7250000e+02;2.9781191e-03;1.7250000e+02;1.5125913e-02;1.7250000e+02;3.4341812e-02;1.7250000e+02;5.7420488e-02;1.7250000e+02;8.3538279e-02;1.7250000e+02;1.1312522e-01;1.7250000e+02;1.4486830e-01;1.7250000e+02;1.7973280e-01;1.7250000e+02;2.1837673e-01;1.7250000e+02;2.5792077e-01;1.7250000e+02;2.8223151e-01;1.7250000e+02;2.8080511e-01;1.7250000e+02;2.5356045e-01;1.7250000e+02;2.1671548e-01;1.7250000e+02;1.7411105e-01;1.7250000e+02;1.2663284e-01;1.7250000e+02;8.3971873e-02;1.7250000e+02;4.5440145e-02;1.7250000e+02;2.9781191e-03;1.7250000e+02;1.5125913e-02;1.7250000e+02;3.4341812e-02;1.7250000e+02;5.7420488e-02;1.7250000e+02;8.3538279e-02;1.7250000e+02;1.1312522e-01;1.7250000e+02;1.4486830e-01;1.7250000e+02;1.7973280e-01;1.7250000e+02;2.1837673e-01;1.7250000e+02;2.5792077e-01;1.7250000e+02;2.8223151e-01;1.7250000e+02;2.8080511e-01;1.7250000e+02;2.5356045e-01;1.7250000e+02;2.1671548e-01;1.7250000e+02;1.7411105e-01;1.7250000e+02;1.2663284e-01;1.7250000e+02;8.3971873e-02;1.7250000e+02;4.5440145e-02;1.7250000e+02;2.9781191e-03;1.7250000e+02;1.5125913e-02;1.7250000e+02;3.4341812e-02;1.7250000e+02;5.7420488e-02;1.7250000e+02;8.3538279e-02;1.7250000e+02;1.1312522e-01;1.7250000e+02;1.4486830e-01;1.7250000e+02;1.7973280e-01;1.7250000e+02;2.1837673e-01;1.7250000e+02;2.5792077e-01;1.7250000e+02;2.8223151e-01;1.7250000e+02;2.8080511e-01;1.7250000e+02;2.5356045e-01;1.7250000e+02;2.1671548e-01;1.7250000e+02;1.7411105e-01;1.7250000e+02;1.2663284e-01;1.7250000e+02;8.3971873e-02;1.7250000e+02;4.5440145e-02;1.7250000e+02;2.9781191e-03;1.7250000e+02;1.5125913e-02;1.7250000e+02;3.4341812e-02;1.7250000e+02;5.7420488e-02;1.7250000e+02;8.3538279e-02;1.7250000e+02;1.1312522e-01;1.7250000e+02;1.4486830e-01;1.7250000e+02;1.7973280e-01;1.7250000e+02;2.1837673e-01;1.7250000e+02;2.5792077e-01;1.7250000e+02;2.8223151e-01;1.7250000e+02;2.8080511e-01;1.7250000e+02;2.5356045e-01;1.7250000e+02;2.1671548e-01;1.7250000e+02;1.7411105e-01;1.7250000e+02;1.2663284e-01;1.7250000e+02;8.3971873e-02;1.7250000e+02;4.5440145e-02;1.7250000e+02;2.9781191e-03;1.7250000e+02;1.5125913e-02;1.7250000e+02;3.4341812e-02;1.7250000e+02;5.7420488e-02;1.7250000e+02;8.3538279e-02;1.7250000e+02;1.1312522e-01;1.7250000e+02;1.4486830e-01;1.7250000e+02;1.7973280e-01;1.7250000e+02;2.1837673e-01;1.7250000e+02;2.5792077e-01;1.7250000e+02;2.8223151e-01;1.7250000e+02;2.8080511e-01;1.7250000e+02;2.5356045e-01;1.7250000e+02;2.1671548e-01;1.7250000e+02;1.7411105e-01;1.7250000e+02;1.2663284e-01;1.7250000e+02;8.3971873e-02;1.7250000e+02;4.5440145e-02;1.7250000e+02;2.9781191e-03;1.7250000e+02;1.5125913e-02;1.7250000e+02;3.4341812e-02;1.7250000e+02;5.7420488e-02;1.7250000e+02;8.3538279e-02;1.7250000e+02;1.1312522e-01;1.7250000e+02;1.4486830e-01;1.7250000e+02;1.7973280e-01;1.7250000e+02;2.1837673e-01;1.7250000e+02;2.5792077e-01;1.7250000e+02;2.8223151e-01;1.7250000e+02;2.8080511e-01;1.7250000e+02;2.5356045e-01;1.7250000e+02;2.1671548e-01;1.7250000e+02;1.7411105e-01;1.7250000e+02;1.2663284e-01;1.7250000e+02;8.3971873e-02;1.7250000e+02;4.5440145e-02;1.7250000e+02;2.9781191e-03;1.7250000e+02;1.5125913e-02;1.7250000e+02;3.4341812e-02;1.7250000e+02;5.7420488e-02;1.7250000e+02;8.3538279e-02;1.7250000e+02;1.1312522e-01;1.7250000e+02;1.4486830e-01;1.7250000e+02;1.7973280e-01;1.7250000e+02;2.1837673e-01;1.7250000e+02;2.5792077e-01;1.7250000e+02;2.8223151e-01;1.7250000e+02;2.8080511e-01;1.7250000e+02;2.5356045e-01;1.7250000e+02;2.1671548e-01;1.7250000e+02;1.7411105e-01;1.7250000e+02;1.2663284e-01;1.7250000e+02;8.3971873e-02;1.7250000e+02;4.5440145e-02;1.7250000e+02;2.9781191e-03;1.7250000e+02;1.5125913e-02;1.7250000e+02;3.4341812e-02;1.7250000e+02;5.7420488e-02;1.7250000e+02;8.3538279e-02;1.7250000e+02;1.1312522e-01;1.7250000e+02;1.4486830e-01;1.7250000e+02;1.7973280e-01;1.7250000e+02;2.1837673e-01;1.7250000e+02;2.5792077e-01;1.7250000e+02;2.8223151e-01;1.7250000e+02;2.8080511e-01;1.7250000e+02;2.5356045e-01;1.7250000e+02;2.1671548e-01;1.7250000e+02;1.7411105e-01;1.7250000e+02;1.2663284e-01;1.7250000e+02;8.3971873e-02;1.7250000e+02;4.5440145e-02;1.7250000e+02;2.9781191e-03;1.7250000e+02;1.5125913e-02;1.7250000e+02;3.4341812e-02;1.7250000e+02;5.7420488e-02;1.7250000e+02;8.3538279e-02;1.7250000e+02;1.1312522e-01;1.7250000e+02;1.4486830e-01;1.7250000e+02;1.7973280e-01;1.7250000e+02;2.1837673e-01;1.7250000e+02;2.5792077e-01;1.7250000e+02;2.8223151e-01;1.7250000e+02;2.8080511e-01;1.7250000e+02;2.5356045e-01;1.7250000e+02;2.1671548e-01;1.7250000e+02;1.7411105e-01;1.7250000e+02;1.2663284e-01;1.7250000e+02;8.3971873e-02;1.7250000e+02;4.5440145e-02;1.7250000e+02;2.9781191e-03;1.7250000e+02;1.5125913e-02;1.7250000e+02;3.4341812e-02;1.7250000e+02;5.7420488e-02;1.7250000e+02;8.3538279e-02;1.7250000e+02;1.1312522e-01;1.7250000e+02;1.4486830e-01;1.7250000e+02;1.7973280e-01;1.7250000e+02;2.1837673e-01;1.7250000e+02;2.5792077e-01;1.7250000e+02;2.8223151e-01;1.7250000e+02;2.8080511e-01;1.7250000e+02;2.5356045e-01;1.7250000e+02;2.1671548e-01;1.7250000e+02;1.7411105e-01;1.7250000e+02;1.2663284e-01;1.7250000e+02;8.3971873e-02;1.7250000e+02;4.5440145e-02;1.7250000e+02;2.9781191e-03;1.7250000e+02;1.5125913e-02;1.7250000e+02;3.4341812e-02;1.7250000e+02;5.7420488e-02;1.7250000e+02;8.3538279e-02;1.7250000e+02;1.1312522e-01;1.7250000e+02;1.4486830e-01;1.7250000e+02;1.7973280e-01;1.7250000e+02;2.1837673e-01;1.7250000e+02;2.5792077e-01;1.7250000e+02;2.8223151e-01;1.7250000e+02;2.8080511e-01;1.7250000e+02;2.5356045e-01;1.7250000e+02;2.1671548e-01;1.7250000e+02;1.7411105e-01;1.7250000e+02;1.2663284e-01;1.7250000e+02;8.3971873e-02;1.7250000e+02;4.5440145e-02;1.7250000e+02;2.9781191e-03;1.7250000e+02;1.5125913e-02;1.7250000e+02;3.4341812e-02;1.7250000e+02;5.7420488e-02;1.7250000e+02;8.3538279e-02;1.7250000e+02;1.1312522e-01;1.7250000e+02;1.4486830e-01;1.7250000e+02;1.7973280e-01;1.7250000e+02;2.1837673e-01;1.7250000e+02;2.5792077e-01;1.7250000e+02;2.8223151e-01;1.7250000e+02;2.8080511e-01;1.7250000e+02;2.5356045e-01;1.7250000e+02;2.1671548e-01;1.7250000e+02;1.7411105e-01;1.7250000e+02;1.2663284e-01;1.7250000e+02;8.3971873e-02;1.7250000e+02;4.5440145e-02;1.7250000e+02;2.9781191e-03;1.7250000e+02;1.5125913e-02;1.7250000e+02;3.4341812e-02;1.7250000e+02;5.7420488e-02;1.7250000e+02;8.3538279e-02;1.7250000e+02;1.1312522e-01;1.7250000e+02;1.4486830e-01;1.7250000e+02;1.7973280e-01;1.7250000e+02;2.1837673e-01;1.7250000e+02;2.5792077e-01;1.7250000e+02;2.8223151e-01;1.7250000e+02;2.8080511e-01;1.7250000e+02;2.5356045e-01;1.7250000e+02;2.1671548e-01;1.7250000e+02;1.7411105e-01;1.7250000e+02;1.2663284e-01;1.7250000e+02;8.3971873e-02;1.7250000e+02;4.5440145e-02;1.7250000e+02;2.9781191e-03;1.7250000e+02;1.5125913e-02;1.7250000e+02;3.4341812e-02;1.7250000e+02;5.7420488e-02;1.7250000e+02;8.3538279e-02;1.7250000e+02;1.1312522e-01;1.7250000e+02;1.4486830e-01;1.7250000e+02;1.7973280e-01;1.7250000e+02;2.1837673e-01;1.7250000e+02;2.5792077e-01;1.7250000e+02;2.8223151e-01;1.7250000e+02;2.8080511e-01;1.7250000e+02;2.5356045e-01;1.7250000e+02;2.1671548e-01;1.7250000e+02;1.7411105e-01;1.7250000e+02;1.2663284e-01;1.7250000e+02;8.3971873e-02;1.7250000e+02;4.5440145e-02;1.7250000e+02;2.9781191e-03;1.7250000e+02;1.5125913e-02;1.7250000e+02;3.4341812e-02;1.7250000e+02;5.7420488e-02;1.7250000e+02;8.3538279e-02;1.7250000e+02;1.1312522e-01;1.7250000e+02;1.4486830e-01;1.7250000e+02;1.7973280e-01;1.7250000e+02;2.1837673e-01;1.7250000e+02;2.5792077e-01;1.7250000e+02;2.8223151e-01;1.7250000e+02;2.8080511e-01;1.7250000e+02;2.5356045e-01;1.7250000e+02;2.1671548e-01;1.7250000e+02;1.7411105e-01;1.7250000e+02;1.2663284e-01;1.7250000e+02;8.3971873e-02;1.7250000e+02;4.5440145e-02;1.7250000e+02;2.9781191e-03;1.7250000e+02;1.5125913e-02;1.7250000e+02;3.4341812e-02;1.7250000e+02;5.7420488e-02;1.7250000e+02;8.3538279e-02;1.7250000e+02;1.1312522e-01;1.7250000e+02;1.4486830e-01;1.7250000e+02;1.7973280e-01;1.7250000e+02;2.1837673e-01;1.7250000e+02;2.5792077e-01;1.7250000e+02;2.8223151e-01;1.7250000e+02;2.8080511e-01;1.7250000e+02;2.5356045e-01;1.7250000e+02;2.1671548e-01;1.7250000e+02;1.7411105e-01;1.7250000e+02;1.2663284e-01;1.7250000e+02;8.3971873e-02;1.7250000e+02;4.5440145e-02;1.7250000e+02;2.9781191e-03;1.7250000e+02;1.5125913e-02;1.7250000e+02;3.4341812e-02;1.7250000e+02;5.7420488e-02;1.7250000e+02;8.3538279e-02;1.7250000e+02;1.1312522e-01;1.7250000e+02;1.4486830e-01;1.7250000e+02;1.7973280e-01;1.7250000e+02;2.1837673e-01;1.7250000e+02;2.5792077e-01;1.7250000e+02;2.8223151e-01;1.7250000e+02;2.8080511e-01;1.7250000e+02;2.5356045e-01;1.7250000e+02;2.1671548e-01;1.7250000e+02;1.7411105e-01;1.7250000e+02;1.2663284e-01;1.7250000e+02;8.3971873e-02;1.7250000e+02;4.5440145e-02;1.7250000e+02;2.9781191e-03;1.7250000e+02;1.5125913e-02;1.7250000e+02;3.4341812e-02;1.7250000e+02;5.7420488e-02;1.7250000e+02;8.3538279e-02;1.7250000e+02;1.1312522e-01;1.7250000e+02;1.4486830e-01;1.7250000e+02;1.7973280e-01;1.7250000e+02;2.1837673e-01;1.7250000e+02;2.5792077e-01;1.7250000e+02;2.8223151e-01;1.7250000e+02;2.8080511e-01;1.7250000e+02;2.5356045e-01;1.7250000e+02;2.1671548e-01;1.7250000e+02;1.7411105e-01;1.7250000e+02;1.2663284e-01;1.7250000e+02;8.3971873e-02;1.7250000e+02;4.5440145e-02;1.7250000e+02;2.9781191e-03;1.7250000e+02;1.5125913e-02;1.7250000e+02;3.4341812e-02;1.7250000e+02;5.7420488e-02;1.7250000e+02;8.3538279e-02;1.7250000e+02;1.1312522e-01;1.7250000e+02;1.4486830e-01;1.7250000e+02;1.7973280e-01;1.7250000e+02;2.1837673e-01;1.7250000e+02;2.5792077e-01;1.7250000e+02;2.8223151e-01;1.7250000e+02;2.8080511e-01;1.7250000e+02;2.5356045e-01;1.7250000e+02;2.1671548e-01;1.7250000e+02;1.7411105e-01;1.7250000e+02;1.2663284e-01;1.7250000e+02;8.3971873e-02;1.7250000e+02;4.5440145e-02;1.7250000e+02;2.9781191e-03;1.7250000e+02;1.5125913e-02;1.7250000e+02;3.4341812e-02;1.7250000e+02;5.7420488e-02;1.7250000e+02;8.3538279e-02;1.7250000e+02;1.1312522e-01;1.7250000e+02;1.4486830e-01;1.7250000e+02;1.7973280e-01;1.7250000e+02;2.1837673e-01;1.7250000e+02;2.5792077e-01;1.7250000e+02;2.8223151e-01;1.7250000e+02;2.8080511e-01;1.7250000e+02;2.5356045e-01;1.7250000e+02;2.1671548e-01;1.7250000e+02;1.7411105e-01;1.7250000e+02;1.2663284e-01;1.7250000e+02;8.3971873e-02;1.7250000e+02;4.5440145e-02;1.7250000e+02;2.9781191e-03;1.7250000e+02;1.5125913e-02;1.7250000e+02;3.4341812e-02;1.7250000e+02;5.7420488e-02;1.7250000e+02;8.3538279e-02;1.7250000e+02;1.1312522e-01;1.7250000e+02;1.4486830e-01;1.7250000e+02;1.7973280e-01;1.7250000e+02;2.1837673e-01;1.7250000e+02;2.5792077e-01;1.7250000e+02;2.8223151e-01;1.7250000e+02;2.8080511e-01;1.7250000e+02;2.5356045e-01;1.7250000e+02;2.1671548e-01;1.7250000e+02;1.7411105e-01;1.7250000e+02;1.2663284e-01;1.7250000e+02;8.3971873e-02;1.7250000e+02;4.5440145e-02;1.7250000e+02;2.9781191e-03;1.7250000e+02;1.5125913e-02;1.7250000e+02;3.4341812e-02;1.7250000e+02;5.7420488e-02;1.7250000e+02;8.3538279e-02;1.7250000e+02;1.1312522e-01;1.7250000e+02;1.4486830e-01;1.7250000e+02;1.7973280e-01;1.7250000e+02;2.1837673e-01;1.7250000e+02;2.5792077e-01;1.7250000e+02;2.8223151e-01;1.7250000e+02;2.8080511e-01;1.7250000e+02;2.5356045e-01;1.7250000e+02;2.1671548e-01;1.7250000e+02;1.7411105e-01;1.7250000e+02;1.2663284e-01;1.7250000e+02;8.3971873e-02;1.7250000e+02;4.5440145e-02;1.7250000e+02;2.9781191e-03;1.7250000e+02;1.5125913e-02;1.7250000e+02;3.4341812e-02;1.7250000e+02;5.7420488e-02;1.7250000e+02;8.3538279e-02;1.7250000e+02;1.1312522e-01;1.7250000e+02;1.4486830e-01;1.7250000e+02;1.7973280e-01;1.7250000e+02;2.1837673e-01;1.7250000e+02;2.5792077e-01;1.7250000e+02;2.8223151e-01;1.7250000e+02;2.8080511e-01;1.7250000e+02;2.5356045e-01;1.7250000e+02;2.1671548e-01;1.7250000e+02;1.7411105e-01;1.7250000e+02;1.2663284e-01;1.7250000e+02;8.3971873e-02;1.7250000e+02;4.5440145e-02;1.7250000e+02;2.9781191e-03;1.7250000e+02;1.5125913e-02;1.7250000e+02;3.4341812e-02;1.7250000e+02;5.7420488e-02;1.7250000e+02;8.3538279e-02;1.7250000e+02;1.1312522e-01;1.7250000e+02;1.4486830e-01;1.7250000e+02;1.7973280e-01;1.7250000e+02;2.1837673e-01;1.7250000e+02;2.5792077e-01;1.7250000e+02;2.8223151e-01;1.7250000e+02;2.8080511e-01;1.7250000e+02;2.5356045e-01;1.7250000e+02;2.1671548e-01;1.7250000e+02;1.7411105e-01;1.7250000e+02;1.2663284e-01;1.7250000e+02;8.3971873e-02;1.7250000e+02;4.5440145e-02;1.7250000e+02;2.9781191e-03;1.7250000e+02;1.5125913e-02;1.7250000e+02;3.4341812e-02;1.7250000e+02;5.7420488e-02;1.7250000e+02;8.3538279e-02;1.7250000e+02;1.1312522e-01;1.7250000e+02;1.4486830e-01;1.7250000e+02;1.7973280e-01;1.7250000e+02;2.1837673e-01;1.7250000e+02;2.5792077e-01;1.7250000e+02;2.8223151e-01;1.7250000e+02;2.8080511e-01;1.7250000e+02;2.5356045e-01;1.7250000e+02;2.1671548e-01;1.7250000e+02;1.7411105e-01;1.7250000e+02;1.2663284e-01;1.7250000e+02;8.3971873e-02;1.7250000e+02;4.5440145e-02;1.7250000e+02;2.9781191e-03;1.7250000e+02;1.5125913e-02;1.7250000e+02;3.4341812e-02;1.7250000e+02;5.7420488e-02;1.7250000e+02;8.3538279e-02;1.7250000e+02;1.1312522e-01;1.7250000e+02;1.4486830e-01;1.7250000e+02;1.7973280e-01;1.7250000e+02;2.1837673e-01;1.7250000e+02;2.5792077e-01;1.7250000e+02;2.8223151e-01;1.7250000e+02;2.8080511e-01;1.7250000e+02;2.5356045e-01;1.7250000e+02;2.1671548e-01;1.7250000e+02;1.7411105e-01;1.7250000e+02;1.2663284e-01;1.7250000e+02;8.3971873e-02;1.7250000e+02;4.5440145e-02;1.7250000e+02;2.9781191e-03;1.7250000e+02;1.5125913e-02;1.7250000e+02;3.4341812e-02;1.7250000e+02;5.7420488e-02;1.7250000e+02;8.3538279e-02;1.7250000e+02;1.1312522e-01;1.7250000e+02;1.4486830e-01;1.7250000e+02;1.7973280e-01;1.7250000e+02;2.1837673e-01;1.7250000e+02;2.5792077e-01;1.7250000e+02;2.8223151e-01;1.7250000e+02;2.8080511e-01;1.7250000e+02;2.5356045e-01;1.7250000e+02;2.1671548e-01;1.7250000e+02;1.7411105e-01;1.7250000e+02;1.2663284e-01;1.7250000e+02;8.3971873e-02;1.7250000e+02;4.5440145e-02;1.7250000e+02;2.9781191e-03;1.7250000e+02;1.5125913e-02;1.7250000e+02;3.4341812e-02;1.7250000e+02;5.7420488e-02;1.7250000e+02;8.3538279e-02;1.7250000e+02;1.1312522e-01;1.7250000e+02;1.4486830e-01;1.7250000e+02;1.7973280e-01;1.7250000e+02;2.1837673e-01;1.7250000e+02;2.5792077e-01;1.7250000e+02;2.8223151e-01;1.7250000e+02;2.8080511e-01;1.7250000e+02;2.5356045e-01;1.7250000e+02;2.1671548e-01;1.7250000e+02;1.7411105e-01;1.7250000e+02;1.2663284e-01;1.7250000e+02;8.3971873e-02;1.7250000e+02;4.5440145e-02;1.7250000e+02;2.9781191e-03;1.7250000e+02;1.5125913e-02;1.7250000e+02;3.4341812e-02;1.7250000e+02;5.7420488e-02;1.7250000e+02;8.3538279e-02;1.7250000e+02;1.1312522e-01;1.7250000e+02;1.4486830e-01;1.7250000e+02;1.7973280e-01;1.7250000e+02;2.1837673e-01;1.7250000e+02;2.5792077e-01;1.7250000e+02;2.8223151e-01;1.7250000e+02;2.8080511e-01;1.7250000e+02;2.5356045e-01;1.7250000e+02;2.1671548e-01;1.7250000e+02;1.7411105e-01;1.7250000e+02;1.2663284e-01;1.7250000e+02;8.3971873e-02;1.7250000e+02;4.5440145e-02;1.7250000e+02;2.9781191e-03;1.7250000e+02;1.5125913e-02;1.7250000e+02;3.4341812e-02;1.7250000e+02;5.7420488e-02;1.7250000e+02;8.3538279e-02;1.7250000e+02;1.1312522e-01;1.7250000e+02;1.4486830e-01;1.7250000e+02;1.7973280e-01;1.7250000e+02;2.1837673e-01;1.7250000e+02;2.5792077e-01;1.7250000e+02;2.8223151e-01;1.7250000e+02;2.8080511e-01;1.7250000e+02;2.5356045e-01;1.7250000e+02;2.1671548e-01;1.7250000e+02;1.7411105e-01;1.7250000e+02;1.2663284e-01;1.7250000e+02;8.3971873e-02;1.7250000e+02;4.5440145e-02;1.7250000e+02;2.9781191e-03;1.7250000e+02;1.5125913e-02;1.7250000e+02;3.4341812e-02;1.7250000e+02;5.7420488e-02;1.7250000e+02;8.3538279e-02;1.7250000e+02;1.1312522e-01;1.7250000e+02;1.4486830e-01;1.7250000e+02;1.7973280e-01;1.7250000e+02;2.1837673e-01;1.7250000e+02;2.5792077e-01;1.7250000e+02;2.8223151e-01;1.7250000e+02;2.8080511e-01;1.7250000e+02;2.5356045e-01;1.7250000e+02;2.1671548e-01;1.7250000e+02;1.7411105e-01;1.7250000e+02;1.2663284e-01;1.7250000e+02;8.3971873e-02;1.7250000e+02;4.5440145e-02;1.7250000e+02;2.9781191e-03;1.7250000e+02;1.5125913e-02;1.7250000e+02;3.4341812e-02;1.7250000e+02;5.7420488e-02;1.7250000e+02;8.3538279e-02;1.7250000e+02;1.1312522e-01;1.7250000e+02;1.4486830e-01;1.7250000e+02;1.7973280e-01;1.7250000e+02;2.1837673e-01;1.7250000e+02;2.5792077e-01;1.7250000e+02;2.8223151e-01;1.7250000e+02;2.8080511e-01;1.7250000e+02;2.5356045e-01;1.7250000e+02;2.1671548e-01;1.7250000e+02;1.7411105e-01;1.7250000e+02;1.2663284e-01;1.7250000e+02;8.3971873e-02;1.7250000e+02;4.5440145e-02;1.7250000e+02;2.9781191e-03;1.7250000e+02;1.5125913e-02;1.7250000e+02;3.4341812e-02;1.7250000e+02;5.7420488e-02;1.7250000e+02;8.3538279e-02;1.7250000e+02;1.1312522e-01;1.7250000e+02;1.4486830e-01;1.7250000e+02;1.7973280e-01;1.7250000e+02;2.1837673e-01;1.7250000e+02;2.5792077e-01;1.7250000e+02;2.8223151e-01;1.7250000e+02;2.8080511e-01;1.7250000e+02;2.5356045e-01;1.7250000e+02;2.1671548e-01;1.7250000e+02;1.7411105e-01;1.7250000e+02;1.2663284e-01;1.7250000e+02;8.3971873e-02;1.7250000e+02;4.5440145e-02;1.7250000e+02;2.9781191e-03;1.7250000e+02;1.5125913e-02;1.7250000e+02;3.4341812e-02;1.7250000e+02;5.7420488e-02;1.7250000e+02;8.3538279e-02;1.7250000e+02;1.1312522e-01;1.7250000e+02;1.4486830e-01;1.7250000e+02;1.7973280e-01;1.7250000e+02;2.1837673e-01;1.7250000e+02;2.5792077e-01;1.7250000e+02;2.8223151e-01;1.7250000e+02;2.8080511e-01;1.7250000e+02;2.5356045e-01;1.7250000e+02;2.1671548e-01;1.7250000e+02;1.7411105e-01;1.7250000e+02;1.2663284e-01;1.7250000e+02;8.3971873e-02;1.7250000e+02;4.5440145e-02;1.7250000e+02;2.9781191e-03;1.7250000e+02;1.5125913e-02;1.7250000e+02;3.4341812e-02;1.7250000e+02;5.7420488e-02;1.7250000e+02;8.3538279e-02;1.7250000e+02;1.1312522e-01;1.7250000e+02;1.4486830e-01;1.7250000e+02;1.7973280e-01;1.7250000e+02;2.1837673e-01;1.7250000e+02;2.5792077e-01;1.7250000e+02;2.8223151e-01;1.7250000e+02;2.8080511e-01;1.7250000e+02;2.5356045e-01;1.7250000e+02;2.1671548e-01;1.7250000e+02;1.7411105e-01;1.7250000e+02;1.2663284e-01;1.7250000e+02;8.3971873e-02;1.7250000e+02;4.5440145e-02;1.7250000e+02;2.9781191e-03;1.7250000e+02;1.5125913e-02;1.7250000e+02;3.4341812e-02;1.7250000e+02;5.7420488e-02;1.7250000e+02;8.3538279e-02;1.7250000e+02;1.1312522e-01;1.7250000e+02;1.4486830e-01;1.7250000e+02;1.7973280e-01;1.7250000e+02;2.1837673e-01;1.7250000e+02;2.5792077e-01;1.7250000e+02;2.8223151e-01;1.7250000e+02;2.8080511e-01;1.7250000e+02;2.5356045e-01;1.7250000e+02;2.1671548e-01;1.7250000e+02;1.7411105e-01;1.7250000e+02;1.2663284e-01;1.7250000e+02;8.3971873e-02;1.7250000e+02;4.5440145e-02;1.7250000e+02;2.9781191e-03;1.7250000e+02;1.5125913e-02;1.7250000e+02;3.4341812e-02;1.7250000e+02;5.7420488e-02;1.7250000e+02;8.3538279e-02;1.7250000e+02;1.1312522e-01;1.7250000e+02;1.4486830e-01;1.7250000e+02;1.7973280e-01;1.7250000e+02;2.1837673e-01;1.7250000e+02;2.5792077e-01;1.7250000e+02;2.8223151e-01;1.7250000e+02;2.8080511e-01;1.7250000e+02;2.5356045e-01;1.7250000e+02;2.1671548e-01;1.7250000e+02;1.7411105e-01;1.7250000e+02;1.2663284e-01;1.7250000e+02;8.3971873e-02;1.7250000e+02;4.5440145e-02;1.7250000e+02;2.9781191e-03;1.7250000e+02;1.5125913e-02;1.7250000e+02;3.4341812e-02;1.7250000e+02;5.7420488e-02;1.7250000e+02;8.3538279e-02;1.7250000e+02;1.1312522e-01;1.7250000e+02;1.4486830e-01;1.7250000e+02;1.7973280e-01;1.7250000e+02;2.1837673e-01;1.7250000e+02;2.5792077e-01;1.7250000e+02;2.8223151e-01;1.7250000e+02;2.8080511e-01;1.7250000e+02;2.5356045e-01;1.7250000e+02;2.1671548e-01;1.7250000e+02;1.7411105e-01;1.7250000e+02;1.2663284e-01;1.7250000e+02;8.3971873e-02;1.7250000e+02;4.5440145e-02;1.7250000e+02;2.9781191e-03;1.7250000e+02;1.5125913e-02;1.7250000e+02;3.4341812e-02;1.7250000e+02;5.7420488e-02;1.7250000e+02;8.3538279e-02;1.7250000e+02;1.1312522e-01;1.7250000e+02;1.4486830e-01;1.7250000e+02;1.7973280e-01;1.7250000e+02;2.1837673e-01;1.7250000e+02;2.5792077e-01;1.7250000e+02;2.8223151e-01;1.7250000e+02;2.8080511e-01;1.7250000e+02;2.5356045e-01;1.7250000e+02;2.1671548e-01;1.7250000e+02;1.7411105e-01;1.7250000e+02;1.2663284e-01;1.7250000e+02;8.3971873e-02;1.7250000e+02;4.5440145e-02;1.7250000e+02;2.9781191e-03;1.7250000e+02;1.5125913e-02;1.7250000e+02;3.4341812e-02;1.7250000e+02;5.7420488e-02;1.7250000e+02;8.3538279e-02;1.7250000e+02;1.1312522e-01;1.7250000e+02;1.4486830e-01;1.7250000e+02;1.7973280e-01;1.7250000e+02;2.1837673e-01;1.7250000e+02;2.5792077e-01;1.7250000e+02;2.8223151e-01;1.7250000e+02;2.8080511e-01;1.7250000e+02;2.5356045e-01;1.7250000e+02;2.1671548e-01;1.7250000e+02;1.7411105e-01;1.7250000e+02;1.2663284e-01;1.7250000e+02;8.3971873e-02;1.7250000e+02;4.5440145e-02;1.7250000e+02;2.9781191e-03;1.7250000e+02;1.5125913e-02;1.7250000e+02;3.4341812e-02;1.7250000e+02;5.7420488e-02;1.7250000e+02;8.3538279e-02;1.7250000e+02;1.1312522e-01;1.7250000e+02;1.4486830e-01;1.7250000e+02;1.7973280e-01;1.7250000e+02;2.1837673e-01;1.7250000e+02;2.5792077e-01;1.7250000e+02;2.8223151e-01;1.7250000e+02;2.8080511e-01;1.7250000e+02;2.5356045e-01;1.7250000e+02;2.1671548e-01;1.7250000e+02;1.7411105e-01;1.7250000e+02;1.2663284e-01;1.7250000e+02;8.3971873e-02;1.7250000e+02;4.5440145e-02;1.7250000e+02;2.9781191e-03;1.7250000e+02;1.5125913e-02;1.7250000e+02;3.4341812e-02;1.7250000e+02;5.7420488e-02;1.7250000e+02;8.3538279e-02;1.7250000e+02;1.1312522e-01;1.7250000e+02;1.4486830e-01;1.7250000e+02;1.7973280e-01;1.7250000e+02;2.1837673e-01;1.7250000e+02;2.5792077e-01;1.7250000e+02;2.8223151e-01;1.7250000e+02;2.8080511e-01;1.7250000e+02;2.5356045e-01;1.7250000e+02;2.1671548e-01;1.7250000e+02;1.7411105e-01;1.7250000e+02;1.2663284e-01;1.7250000e+02;8.3971873e-02;1.7250000e+02;4.5440145e-02;1.7250000e+02;2.9781191e-03;1.7250000e+02;1.5125913e-02;1.7250000e+02;3.4341812e-02;1.7250000e+02;5.7420488e-02;1.7250000e+02;8.3538279e-02;1.7250000e+02;1.1312522e-01;1.7250000e+02;1.4486830e-01;1.7250000e+02;1.7973280e-01;1.7250000e+02;2.1837673e-01;1.7250000e+02;2.5792077e-01;1.7250000e+02;2.8223151e-01;1.7250000e+02;2.8080511e-01;1.7250000e+02;2.5356045e-01;1.7250000e+02;2.1671548e-01;1.7250000e+02;1.7411105e-01;1.7250000e+02;1.2663284e-01;1.7250000e+02;8.3971873e-02;1.7250000e+02;4.5440145e-02;1.7250000e+02;2.9781191e-03;1.7250000e+02;1.5125913e-02;1.7250000e+02;3.4341812e-02;1.7250000e+02;5.7420488e-02;1.7250000e+02;8.3538279e-02;1.7250000e+02;1.1312522e-01;1.7250000e+02;1.4486830e-01;1.7250000e+02;1.7973280e-01;1.7250000e+02;2.1837673e-01;1.7250000e+02;2.5792077e-01;1.7250000e+02;2.8223151e-01;1.7250000e+02;2.8080511e-01;1.7250000e+02;2.5356045e-01;1.7250000e+02;2.1671548e-01;1.7250000e+02;1.7411105e-01;1.7250000e+02;1.2663284e-01;1.7250000e+02;8.3971873e-02;1.7250000e+02;4.5440145e-02;1.7250000e+02;2.9781191e-03;1.7250000e+02;1.5125913e-02;1.7250000e+02;3.4341812e-02;1.7250000e+02;5.7420488e-02;1.7250000e+02;8.3538279e-02;1.7250000e+02;1.1312522e-01;1.7250000e+02;1.4486830e-01;1.7250000e+02;1.7973280e-01;1.7250000e+02;2.1837673e-01;1.7250000e+02;2.5792077e-01;1.7250000e+02;2.8223151e-01;1.7250000e+02;2.8080511e-01;1.7250000e+02;2.5356045e-01;1.7250000e+02;2.1671548e-01;1.7250000e+02;1.7411105e-01;1.7250000e+02;1.2663284e-01;1.7250000e+02;8.3971873e-02;1.7250000e+02;4.5440145e-02;1.7250000e+02;2.9781191e-03;1.7250000e+02;1.5125913e-02;1.7250000e+02;3.4341812e-02;1.7250000e+02;5.7420488e-02;1.7250000e+02;8.3538279e-02;1.7250000e+02;1.1312522e-01;1.7250000e+02;1.4486830e-01;1.7250000e+02;1.7973280e-01;1.7250000e+02;2.1837673e-01;1.7250000e+02;2.5792077e-01;1.7250000e+02;2.8223151e-01;1.7250000e+02;2.8080511e-01;1.7250000e+02;2.5356045e-01;1.7250000e+02;2.1671548e-01;1.7250000e+02;1.7411105e-01;1.7250000e+02;1.2663284e-01;1.7250000e+02;8.3971873e-02;1.7250000e+02;4.5440145e-02;1.7250000e+02;2.9781191e-03;1.7250000e+02;1.5125913e-02;1.7250000e+02;3.4341812e-02;1.7250000e+02;5.7420488e-02;1.7250000e+02;8.3538279e-02;1.7250000e+02;1.1312522e-01;1.7250000e+02;1.4486830e-01;1.7250000e+02;1.7973280e-01;1.7250000e+02;2.1837673e-01;1.7250000e+02;2.5792077e-01;1.7250000e+02;2.8223151e-01;1.7250000e+02;2.8080511e-01;1.7250000e+02;2.5356045e-01;1.7250000e+02;2.1671548e-01;1.7250000e+02;1.7411105e-01;1.7250000e+02;1.2663284e-01;1.7250000e+02;8.3971873e-02;1.7250000e+02;4.5440145e-02;1.7250000e+02;2.9781191e-03;1.7250000e+02;1.5125913e-02;1.7250000e+02;3.4341812e-02;1.7250000e+02;5.7420488e-02;1.7250000e+02;8.3538279e-02;1.7250000e+02;1.1312522e-01;1.7250000e+02;1.4486830e-01;1.7250000e+02;1.7973280e-01;1.7250000e+02;2.1837673e-01;1.7250000e+02;2.5792077e-01;1.7250000e+02;2.8223151e-01;1.7250000e+02;2.8080511e-01;1.7250000e+02;2.5356045e-01;1.7250000e+02;2.1671548e-01;1.7250000e+02;1.7411105e-01;1.7250000e+02;1.2663284e-01;1.7250000e+02;8.3971873e-02;1.7250000e+02;4.5440145e-02;1.7250000e+02;2.9781191e-03;1.7250000e+02;1.5125913e-02;1.7250000e+02;3.4341812e-02;1.7250000e+02;5.7420488e-02;1.7250000e+02;8.3538279e-02;1.7250000e+02;1.1312522e-01;1.7250000e+02;1.4486830e-01;1.7250000e+02;1.7973280e-01;1.7250000e+02;2.1837673e-01;1.7250000e+02;2.5792077e-01;1.7250000e+02;2.8223151e-01;1.7250000e+02;2.8080511e-01;1.7250000e+02;2.5356045e-01;1.7250000e+02;2.1671548e-01;1.7250000e+02;1.7411105e-01;1.7250000e+02;1.2663284e-01;1.7250000e+02;8.3971873e-02;1.7250000e+02;4.5440145e-02;1.7250000e+02;2.9781191e-03;1.7250000e+02;1.5125913e-02;1.7250000e+02;3.4341812e-02;1.7250000e+02;5.7420488e-02;1.7250000e+02;8.3538279e-02;1.7250000e+02;1.1312522e-01;1.7250000e+02;1.4486830e-01;1.7250000e+02;1.7973280e-01;1.7250000e+02;2.1837673e-01;1.7250000e+02;2.5792077e-01;1.7250000e+02;2.8223151e-01;1.7250000e+02;2.8080511e-01;1.7250000e+02;2.5356045e-01;1.7250000e+02;2.1671548e-01;1.7250000e+02;1.7411105e-01;1.7250000e+02;1.2663284e-01;1.7250000e+02;8.3971873e-02;1.7250000e+02;4.5440145e-02;1.7250000e+02;2.9781191e-03;1.7250000e+02;1.5125913e-02;1.7250000e+02;3.4341812e-02;1.7250000e+02;5.7420488e-02;1.7250000e+02;8.3538279e-02;1.7250000e+02;1.1312522e-01;1.7250000e+02;1.4486830e-01;1.7250000e+02;1.7973280e-01;1.7250000e+02;2.1837673e-01;1.7250000e+02;2.5792077e-01;1.7250000e+02;2.8223151e-01;1.7250000e+02;2.8080511e-01;1.7250000e+02;2.5356045e-01;1.7250000e+02;2.1671548e-01;1.7250000e+02;1.7411105e-01;1.7250000e+02;1.2663284e-01;1.7250000e+02;8.3971873e-02;1.7250000e+02;4.5440145e-02;1.7250000e+02;2.9781191e-03;1.7250000e+02;1.5125913e-02;1.7250000e+02;3.4341812e-02;1.7250000e+02;5.7420488e-02;1.7250000e+02;8.3538279e-02;1.7250000e+02;1.1312522e-01;1.7250000e+02;1.4486830e-01;1.7250000e+02;1.7973280e-01;1.7250000e+02;2.1837673e-01;1.7250000e+02;2.5792077e-01;1.7250000e+02;2.8223151e-01;1.7250000e+02;2.8080511e-01;1.7250000e+02;2.5356045e-01;1.7250000e+02;2.1671548e-01;1.7250000e+02;1.7411105e-01;1.7250000e+02;1.2663284e-01;1.7250000e+02;8.3971873e-02;1.7250000e+02;4.5440145e-02;1.7250000e+02;2.9781191e-03;1.7250000e+02;1.5125913e-02;1.7250000e+02;3.4341812e-02;1.7250000e+02;5.7420488e-02;1.7250000e+02;8.3538279e-02;1.7250000e+02;1.1312522e-01;1.7250000e+02;1.4486830e-01;1.7250000e+02;1.7973280e-01;1.7250000e+02;2.1837673e-01;1.7250000e+02;2.5792077e-01;1.7250000e+02;2.8223151e-01;1.7250000e+02;2.8080511e-01;1.7250000e+02;2.5356045e-01;1.7250000e+02;2.1671548e-01;1.7250000e+02;1.7411105e-01;1.7250000e+02;1.2663284e-01;1.7250000e+02;8.3971873e-02;1.7250000e+02;4.5440145e-02;1.7250000e+02;2.9781191e-03;1.7250000e+02;1.5125913e-02;1.7250000e+02;3.4341812e-02;1.7250000e+02;5.7420488e-02;1.7250000e+02;8.3538279e-02;1.7250000e+02;1.1312522e-01;1.7250000e+02;1.4486830e-01;1.7250000e+02;1.7973280e-01;1.7250000e+02;2.1837673e-01;1.7250000e+02;2.5792077e-01;1.7250000e+02;2.8223151e-01;1.7250000e+02;2.8080511e-01;1.7250000e+02;2.5356045e-01;1.7250000e+02;2.1671548e-01;1.7250000e+02;1.7411105e-01;1.7250000e+02;1.2663284e-01;1.7250000e+02;8.3971873e-02;1.7250000e+02;4.5440145e-02;1.7250000e+02;2.9781191e-03;1.7250000e+02;1.5125913e-02;1.7250000e+02;3.4341812e-02;1.7250000e+02;5.7420488e-02;1.7250000e+02;8.3538279e-02;1.7250000e+02;1.1312522e-01;1.7250000e+02;1.4486830e-01;1.7250000e+02;1.7973280e-01;1.7250000e+02;2.1837673e-01;1.7250000e+02;2.5792077e-01;1.7250000e+02;2.8223151e-01;1.7250000e+02;2.8080511e-01;1.7250000e+02;2.5356045e-01;1.7250000e+02;2.1671548e-01;1.7250000e+02;1.7411105e-01;1.7250000e+02;1.2663284e-01;1.7250000e+02;8.3971873e-02;1.7250000e+02;4.5440145e-02;1.7250000e+02;2.9781191e-03;1.7250000e+02;1.5125913e-02;1.7250000e+02;3.4341812e-02;1.7250000e+02;5.7420488e-02;1.7250000e+02;8.3538279e-02;1.7250000e+02;1.1312522e-01;1.7250000e+02;1.4486830e-01;1.7250000e+02;1.7973280e-01;1.7250000e+02;2.1837673e-01;1.7250000e+02;2.5792077e-01;1.7250000e+02;2.8223151e-01;1.7250000e+02;2.8080511e-01;1.7250000e+02;2.5356045e-01;1.7250000e+02;2.1671548e-01;1.7250000e+02;1.7411105e-01;1.7250000e+02;1.2663284e-01;1.7250000e+02;8.3971873e-02;1.7250000e+02;4.5440145e-02;1.7250000e+02;2.9781191e-03;1.7250000e+02;1.5125913e-02;1.7250000e+02;3.4341812e-02;1.7250000e+02;5.7420488e-02;1.7250000e+02;8.3538279e-02;1.7250000e+02;1.1312522e-01;1.7250000e+02;1.4486830e-01;1.7250000e+02;1.7973280e-01;1.7250000e+02;2.1837673e-01;1.7250000e+02;2.5792077e-01;1.7250000e+02;2.8223151e-01;1.7250000e+02;2.8080511e-01;1.7250000e+02;2.5356045e-01;1.7250000e+02;2.1671548e-01;1.7250000e+02;1.7411105e-01;1.7250000e+02;1.2663284e-01;1.7250000e+02;8.3971873e-02;1.7250000e+02;4.5440145e-02;1.7250000e+02;2.9781191e-03;1.7250000e+02;1.5125913e-02;1.7250000e+02;3.4341812e-02;1.7250000e+02;5.7420488e-02;1.7250000e+02;8.3538279e-02;1.7250000e+02;1.1312522e-01;1.7250000e+02;1.4486830e-01;1.7250000e+02;1.7973280e-01;1.7250000e+02;2.1837673e-01;1.7250000e+02;2.5792077e-01;1.7250000e+02;2.8223151e-01;1.7250000e+02;2.8080511e-01;1.7250000e+02;2.5356045e-01;1.7250000e+02;2.1671548e-01;1.7250000e+02;1.7411105e-01;1.7250000e+02;1.2663284e-01;1.7250000e+02;8.3971873e-02;1.7250000e+02;4.5440145e-02;1.7250000e+02;2.9781191e-03;1.7250000e+02;1.5125913e-02;1.7250000e+02;3.4341812e-02;1.7250000e+02;5.7420488e-02;1.7250000e+02;8.3538279e-02;1.7250000e+02;1.1312522e-01;1.7250000e+02;1.4486830e-01;1.7250000e+02;1.7973280e-01;1.7250000e+02;2.1837673e-01;1.7250000e+02;2.5792077e-01;1.7250000e+02;2.8223151e-01;1.7250000e+02;2.8080511e-01;1.7250000e+02;2.5356045e-01;1.7250000e+02;2.1671548e-01;1.7250000e+02;1.7411105e-01;1.7250000e+02;1.2663284e-01;1.7250000e+02;8.3971873e-02;1.7250000e+02;4.5440145e-02;1.7250000e+02;2.9781191e-03;1.7250000e+02;1.5125913e-02;1.7250000e+02;3.4341812e-02;1.7250000e+02;5.7420488e-02;1.7250000e+02;8.3538279e-02;1.7250000e+02;1.1312522e-01;1.7250000e+02;1.4486830e-01;1.7250000e+02;1.7973280e-01;1.7250000e+02;2.1837673e-01;1.7250000e+02;2.5792077e-01;1.7250000e+02;2.8223151e-01;1.7250000e+02;2.8080511e-01;1.7250000e+02;2.5356045e-01;1.7250000e+02;2.1671548e-01;1.7250000e+02;1.7411105e-01;1.7250000e+02;1.2663284e-01;1.7250000e+02;8.3971873e-02;1.7250000e+02;4.5440145e-02;1.7250000e+02;2.9781191e-03;1.7250000e+02;1.5125913e-02;1.7250000e+02;3.4341812e-02;1.7250000e+02;5.7420488e-02;1.7250000e+02;8.3538279e-02;1.7250000e+02;1.1312522e-01;1.7250000e+02;1.4486830e-01;1.7250000e+02;1.7973280e-01;1.7250000e+02;2.1837673e-01;1.7250000e+02;2.5792077e-01;1.7250000e+02;2.8223151e-01;1.7250000e+02;2.8080511e-01;1.7250000e+02;2.5356045e-01;1.7250000e+02;2.1671548e-01;1.7250000e+02;1.7411105e-01;1.7250000e+02;1.2663284e-01;1.7250000e+02;8.3971873e-02;1.7250000e+02;4.5440145e-02;1.7250000e+02;2.9781191e-03;1.7250000e+02;1.5125913e-02;1.7250000e+02;3.4341812e-02;1.7250000e+02;5.7420488e-02;1.7250000e+02;8.3538279e-02;1.7250000e+02;1.1312522e-01;1.7250000e+02;1.4486830e-01;1.7250000e+02;1.7973280e-01;1.7250000e+02;2.1837673e-01;1.7250000e+02;2.5792077e-01;1.7250000e+02;2.8223151e-01;1.7250000e+02;2.8080511e-01;1.7250000e+02;2.5356045e-01;1.7250000e+02;2.1671548e-01;1.7250000e+02;1.7411105e-01;1.7250000e+02;1.2663284e-01;1.7250000e+02;8.3971873e-02;1.7250000e+02;4.5440145e-02;1.7250000e+02;2.9781191e-03;1.7250000e+02;1.5125913e-02;1.7250000e+02;3.4341812e-02;1.7250000e+02;5.7420488e-02;1.7250000e+02;8.3538279e-02;1.7250000e+02;1.1312522e-01;1.7250000e+02;1.4486830e-01;1.7250000e+02;1.7973280e-01;1.7250000e+02;2.1837673e-01;1.7250000e+02;2.5792077e-01;1.7250000e+02;2.8223151e-01;1.7250000e+02;2.8080511e-01;1.7250000e+02;2.5356045e-01;1.7250000e+02;2.1671548e-01;1.7250000e+02;1.7411105e-01;1.7250000e+02;1.2663284e-01;1.7250000e+02;8.3971873e-02;1.7250000e+02;4.5440145e-02;1.7250000e+02;2.9781191e-03;1.7250000e+02;1.5125913e-02;1.7250000e+02;3.4341812e-02;1.7250000e+02;5.7420488e-02;1.7250000e+02;8.3538279e-02;1.7250000e+02;1.1312522e-01;1.7250000e+02;1.4486830e-01;1.7250000e+02;1.7973280e-01;1.7250000e+02;2.1837673e-01;1.7250000e+02;2.5792077e-01;1.7250000e+02;2.8223151e-01;1.7250000e+02;2.8080511e-01;1.7250000e+02;2.5356045e-01;1.7250000e+02;2.1671548e-01;1.7250000e+02;1.7411105e-01;1.7250000e+02;1.2663284e-01;1.7250000e+02;8.3971873e-02;1.7250000e+02;4.5440145e-02;1.7250000e+02;2.9781191e-03;1.7250000e+02;1.5125913e-02;1.7250000e+02;3.4341812e-02;1.7250000e+02;5.7420488e-02;1.7250000e+02;8.3538279e-02;1.7250000e+02;1.1312522e-01;1.7250000e+02;1.4486830e-01;1.7250000e+02;1.7973280e-01;1.7250000e+02;2.1837673e-01;1.7250000e+02;2.5792077e-01;1.7250000e+02;2.8223151e-01;1.7250000e+02;2.8080511e-01;1.7250000e+02;2.5356045e-01;1.7250000e+02;2.1671548e-01;1.7250000e+02;1.7411105e-01;1.7250000e+02;1.2663284e-01;1.7250000e+02;8.3971873e-02;1.7250000e+02;4.5440145e-02;1.7250000e+02;2.9781191e-03;1.7250000e+02;1.5125913e-02;1.7250000e+02;3.4341812e-02;1.7250000e+02;5.7420488e-02;1.7250000e+02;8.3538279e-02;1.7250000e+02;1.1312522e-01;1.7250000e+02;1.4486830e-01;1.7250000e+02;1.7973280e-01;1.7250000e+02;2.1837673e-01;1.7250000e+02;2.5792077e-01;1.7250000e+02;2.8223151e-01;1.7250000e+02;2.8080511e-01;1.7250000e+02;2.5356045e-01;1.7250000e+02;2.1671548e-01;1.7250000e+02;1.7411105e-01;1.7250000e+02;1.2663284e-01;1.7250000e+02;8.3971873e-02;1.7250000e+02;4.5440145e-02;1.7250000e+02;2.9781191e-03;1.7250000e+02;1.5125913e-02;1.7250000e+02;3.4341812e-02;1.7250000e+02;5.7420488e-02;1.7250000e+02;8.3538279e-02;1.7250000e+02;1.1312522e-01;1.7250000e+02;1.4486830e-01;1.7250000e+02;1.7973280e-01;1.7250000e+02;2.1837673e-01;1.7250000e+02;2.5792077e-01;1.7250000e+02;2.8223151e-01;1.7250000e+02;2.8080511e-01;1.7250000e+02;2.5356045e-01;1.7250000e+02;2.1671548e-01;1.7250000e+02;1.7411105e-01;1.7250000e+02;1.2663284e-01;1.7250000e+02;8.3971873e-02;1.7250000e+02;4.5440145e-02;1.7250000e+02;2.9781191e-03;1.7250000e+02;1.5125913e-02;1.7250000e+02;3.4341812e-02;1.7250000e+02;5.7420488e-02;1.7250000e+02;8.3538279e-02;1.7250000e+02;1.1312522e-01;1.7250000e+02;1.4486830e-01;1.7250000e+02;1.7973280e-01;1.7250000e+02;2.1837673e-01;1.7250000e+02;2.5792077e-01;1.7250000e+02;2.8223151e-01;1.7250000e+02;2.8080511e-01;1.7250000e+02;2.5356045e-01;1.7250000e+02;2.1671548e-01;1.7250000e+02;1.7411105e-01;1.7250000e+02;1.2663284e-01;1.7250000e+02;8.3971873e-02;1.7250000e+02;4.5440145e-02;1.7250000e+02;2.9781191e-03;1.7250000e+02;1.5125913e-02;1.7250000e+02;3.4341812e-02;1.7250000e+02;5.7420488e-02;1.7250000e+02;8.3538279e-02;1.7250000e+02;1.1312522e-01;1.7250000e+02;1.4486830e-01;1.7250000e+02;1.7973280e-01;1.7250000e+02;2.1837673e-01;1.7250000e+02;2.5792077e-01;1.7250000e+02;2.8223151e-01;1.7250000e+02;2.8080511e-01;1.7250000e+02;2.5356045e-01;1.7250000e+02;2.1671548e-01;1.7250000e+02;1.7411105e-01;1.7250000e+02;1.2663284e-01;1.7250000e+02;8.3971873e-02;1.7250000e+02;4.5440145e-02;1.7250000e+02;2.9781191e-03;1.7250000e+02;1.5125913e-02;1.7250000e+02;3.4341812e-02;1.7250000e+02;5.7420488e-02;1.7250000e+02;8.3538279e-02;1.7250000e+02;1.1312522e-01;1.7250000e+02;1.4486830e-01;1.7250000e+02;1.7973280e-01;1.7250000e+02;2.1837673e-01;1.7250000e+02;2.5792077e-01;1.7250000e+02;2.8223151e-01;1.7250000e+02;2.8080511e-01;1.7250000e+02;2.5356045e-01;1.7250000e+02;2.1671548e-01;1.7250000e+02;1.7411105e-01;1.7250000e+02;1.2663284e-01;1.7250000e+02;8.3971873e-02;1.7250000e+02;4.5440145e-02;1.7250000e+02;2.9781191e-03;1.7250000e+02;1.5125913e-02;1.7250000e+02;3.4341812e-02;1.7250000e+02;5.7420488e-02;1.7250000e+02;8.3538279e-02;1.7250000e+02;1.1312522e-01;1.7250000e+02;1.4486830e-01;1.7250000e+02;1.7973280e-01;1.7250000e+02;2.1837673e-01;1.7250000e+02;2.5792077e-01;1.7250000e+02;2.8223151e-01;1.7250000e+02;2.8080511e-01;1.7250000e+02;2.5356045e-01;1.7250000e+02;2.1671548e-01;1.7250000e+02;1.7411105e-01;1.7250000e+02;1.2663284e-01;1.7250000e+02;8.3971873e-02;1.7250000e+02;4.5440145e-02;1.7250000e+02;2.9781191e-03;1.7250000e+02;1.5125913e-02;1.7250000e+02;3.4341812e-02;1.7250000e+02;5.7420488e-02;1.7250000e+02;8.3538279e-02;1.7250000e+02;1.1312522e-01;1.7250000e+02;1.4486830e-01;1.7250000e+02;1.7973280e-01;1.7250000e+02;2.1837673e-01;1.7250000e+02;2.5792077e-01;1.7250000e+02;2.8223151e-01;1.7250000e+02;2.8080511e-01;1.7250000e+02;2.5356045e-01;1.7250000e+02;2.1671548e-01;1.7250000e+02;1.7411105e-01;1.7250000e+02;1.2663284e-01;1.7250000e+02;8.3971873e-02;1.7250000e+02;4.5440145e-02;1.7250000e+02;2.9781191e-03;1.7250000e+02;1.5125913e-02;1.7250000e+02;3.4341812e-02;1.7250000e+02;5.7420488e-02;1.7250000e+02;8.3538279e-02;1.7250000e+02;1.1312522e-01;1.7250000e+02;1.4486830e-01;1.7250000e+02;1.7973280e-01;1.7250000e+02;2.1837673e-01;1.7250000e+02;2.5792077e-01;1.7250000e+02;2.8223151e-01;1.7250000e+02;2.8080511e-01;1.7250000e+02;2.5356045e-01;1.7250000e+02;2.1671548e-01;1.7250000e+02;1.7411105e-01;1.7250000e+02;1.2663284e-01;1.7250000e+02;8.3971873e-02;1.7250000e+02;4.5440145e-02;1.7250000e+02;2.9781191e-03;1.7250000e+02;1.5125913e-02;1.7250000e+02;3.4341812e-02;1.7250000e+02;5.7420488e-02;1.7250000e+02;8.3538279e-02;1.7250000e+02;1.1312522e-01;1.7250000e+02;1.4486830e-01;1.7250000e+02;1.7973280e-01;1.7250000e+02;2.1837673e-01;1.7250000e+02;2.5792077e-01;1.7250000e+02;2.8223151e-01;1.7250000e+02;2.8080511e-01;1.7250000e+02;2.5356045e-01;1.7250000e+02;2.1671548e-01;1.7250000e+02;1.7411105e-01;1.7250000e+02;1.2663284e-01;1.7250000e+02;8.3971873e-02;1.7250000e+02;4.5440145e-02;1.7250000e+02;2.9781191e-03;1.7250000e+02;1.5125913e-02;1.7250000e+02;3.4341812e-02;1.7250000e+02;5.7420488e-02;1.7250000e+02;8.3538279e-02;1.7250000e+02;1.1312522e-01;1.7250000e+02;1.4486830e-01;1.7250000e+02;1.7973280e-01;1.7250000e+02;2.1837673e-01;1.7250000e+02;2.5792077e-01;1.7250000e+02;2.8223151e-01;1.7250000e+02;2.8080511e-01;1.7250000e+02;2.5356045e-01;1.7250000e+02;2.1671548e-01;1.7250000e+02;1.7411105e-01;1.7250000e+02;1.2663284e-01;1.7250000e+02;8.3971873e-02;1.7250000e+02;4.5440145e-02;1.7250000e+02;2.9781191e-03;1.7250000e+02;1.5125913e-02;1.7250000e+02;3.4341812e-02;1.7250000e+02;5.7420488e-02;1.7250000e+02;8.3538279e-02;1.7250000e+02;1.1312522e-01;1.7250000e+02;1.4486830e-01;1.7250000e+02;1.7973280e-01;1.7250000e+02;2.1837673e-01;1.7250000e+02;2.5792077e-01;1.7250000e+02;2.8223151e-01;1.7250000e+02;2.8080511e-01;1.7250000e+02;2.5356045e-01;1.7250000e+02;2.1671548e-01;1.7250000e+02;1.7411105e-01;1.7250000e+02;1.2663284e-01;1.7250000e+02;8.3971873e-02;1.7250000e+02;4.5440145e-02;1.7250000e+02;2.9781191e-03;1.7250000e+02;1.5125913e-02;1.7250000e+02;3.4341812e-02;1.7250000e+02;5.7420488e-02;1.7250000e+02;8.3538279e-02;1.7250000e+02;1.1312522e-01;1.7250000e+02;1.4486830e-01;1.7250000e+02;1.7973280e-01;1.7250000e+02;2.1837673e-01;1.7250000e+02;2.5792077e-01;1.7250000e+02;2.8223151e-01;1.7250000e+02;2.8080511e-01;1.7250000e+02;2.5356045e-01;1.7250000e+02;2.1671548e-01;1.7250000e+02;1.7411105e-01;1.7250000e+02;1.2663284e-01;1.7250000e+02;8.3971873e-02;1.7250000e+02;4.5440145e-02;1.7250000e+02;2.9781191e-03;1.7250000e+02;1.5125913e-02;1.7250000e+02;3.4341812e-02;1.7250000e+02;5.7420488e-02;1.7250000e+02;8.3538279e-02;1.7250000e+02;1.1312522e-01;1.7250000e+02;1.4486830e-01;1.7250000e+02;1.7973280e-01;1.7250000e+02;2.1837673e-01;1.7250000e+02;2.5792077e-01;1.7250000e+02;2.8223151e-01;1.7250000e+02;2.8080511e-01;1.7250000e+02;2.5356045e-01;1.7250000e+02;2.1671548e-01;1.7250000e+02;1.7411105e-01;1.7250000e+02;1.2663284e-01;1.7250000e+02;8.3971873e-02;1.7250000e+02;4.5440145e-02;1.7250000e+02;2.9781191e-03;1.7250000e+02;1.5125913e-02;1.7250000e+02;3.4341812e-02;1.7250000e+02;5.7420488e-02;1.7250000e+02;8.3538279e-02;1.7250000e+02;1.1312522e-01;1.7250000e+02;1.4486830e-01;1.7250000e+02;1.7973280e-01;1.7250000e+02;2.1837673e-01;1.7250000e+02;2.5792077e-01;1.7250000e+02;2.8223151e-01;1.7250000e+02;2.8080511e-01;1.7250000e+02;2.5356045e-01;1.7250000e+02;2.1671548e-01;1.7250000e+02;1.7411105e-01;1.7250000e+02;1.2663284e-01;1.7250000e+02;8.3971873e-02;1.7250000e+02;4.5440145e-02;1.7250000e+02;2.9781191e-03;1.7250000e+02;1.5125913e-02;1.7250000e+02;3.4341812e-02;1.7250000e+02;5.7420488e-02;1.7250000e+02;8.3538279e-02;1.7250000e+02;1.1312522e-01;1.7250000e+02;1.4486830e-01;1.7250000e+02;1.7973280e-01;1.7250000e+02;2.1837673e-01;1.7250000e+02;2.5792077e-01;1.7250000e+02;2.8223151e-01;1.7250000e+02;2.8080511e-01;1.7250000e+02;2.5356045e-01;1.7250000e+02;2.1671548e-01;1.7250000e+02;1.7411105e-01;1.7250000e+02;1.2663284e-01;1.7250000e+02;8.3971873e-02;1.7250000e+02;4.5440145e-02;1.7250000e+02;2.9781191e-03;1.7250000e+02;1.5125913e-02;1.7250000e+02;3.4341812e-02;1.7250000e+02;5.7420488e-02;1.7250000e+02;8.3538279e-02;1.7250000e+02;1.1312522e-01;1.7250000e+02;1.4486830e-01;1.7250000e+02;1.7973280e-01;1.7250000e+02;2.1837673e-01;1.7250000e+02;2.5792077e-01;1.7250000e+02;2.8223151e-01;1.7250000e+02;2.8080511e-01;1.7250000e+02;2.5356045e-01;1.7250000e+02;2.1671548e-01;1.7250000e+02;1.7411105e-01;1.7250000e+02;1.2663284e-01;1.7250000e+02;8.3971873e-02;1.7250000e+02;4.5440145e-02;1.7250000e+02;2.9781191e-03;1.7250000e+02;1.5125913e-02;1.7250000e+02;3.4341812e-02;1.7250000e+02;5.7420488e-02;1.7250000e+02;8.3538279e-02;1.7250000e+02;1.1312522e-01;1.7250000e+02;1.4486830e-01;1.7250000e+02;1.7973280e-01;1.7250000e+02;2.1837673e-01;1.7250000e+02;2.5792077e-01;1.7250000e+02;2.8223151e-01;1.7250000e+02;2.8080511e-01;1.7250000e+02;2.5356045e-01;1.7250000e+02;2.1671548e-01;1.7250000e+02;1.7411105e-01;1.7250000e+02;1.2663284e-01;1.7250000e+02;8.3971873e-02;1.7250000e+02;4.5440145e-02;1.7250000e+02;2.9781191e-03;1.7250000e+02;1.5125913e-02;1.7250000e+02;3.4341812e-02;1.7250000e+02;5.7420488e-02;1.7250000e+02;8.3538279e-02;1.7250000e+02;1.1312522e-01;1.7250000e+02;1.4486830e-01;1.7250000e+02;1.7973280e-01;1.7250000e+02;2.1837673e-01;1.7250000e+02;2.5792077e-01;1.7250000e+02;2.8223151e-01;1.7250000e+02;2.8080511e-01;1.7250000e+02;2.5356045e-01;1.7250000e+02;2.1671548e-01;1.7250000e+02;1.7411105e-01;1.7250000e+02;1.2663284e-01;1.7250000e+02;8.3971873e-02;1.7250000e+02;4.5440145e-02;1.7250000e+02;2.9781191e-03;1.7250000e+02;1.5125913e-02;1.7250000e+02;3.4341812e-02;1.7250000e+02;5.7420488e-02;1.7250000e+02;8.3538279e-02;1.7250000e+02;1.1312522e-01;1.7250000e+02;1.4486830e-01;1.7250000e+02;1.7973280e-01;1.7250000e+02;2.1837673e-01;1.7250000e+02;2.5792077e-01;1.7250000e+02;2.8223151e-01;1.7250000e+02;2.8080511e-01;1.7250000e+02;2.5356045e-01;1.7250000e+02;2.1671548e-01;1.7250000e+02;1.7411105e-01;1.7250000e+02;1.2663284e-01;1.7250000e+02;8.3971873e-02;1.7250000e+02;4.5440145e-02;1.7250000e+02;2.9781191e-03;1.7250000e+02;1.5125913e-02;1.7250000e+02;3.4341812e-02;1.7250000e+02;5.7420488e-02;1.7250000e+02;8.3538279e-02;1.7250000e+02;1.1312522e-01;1.7250000e+02;1.4486830e-01;1.7250000e+02;1.7973280e-01;1.7250000e+02;2.1837673e-01;1.7250000e+02;2.5792077e-01;1.7250000e+02;2.8223151e-01;1.7250000e+02;2.8080511e-01;1.7250000e+02;2.5356045e-01;1.7250000e+02;2.1671548e-01;1.7250000e+02;1.7411105e-01;1.7250000e+02;1.2663284e-01;1.7250000e+02;8.3971873e-02;1.7250000e+02;4.5440145e-02;1.7250000e+02;2.9781191e-03;1.7250000e+02;1.5125913e-02;1.7250000e+02;3.4341812e-02;1.7250000e+02;5.7420488e-02;1.7250000e+02;8.3538279e-02;1.7250000e+02;1.1312522e-01;1.7250000e+02;1.4486830e-01;1.7250000e+02;1.7973280e-01;1.7250000e+02;2.1837673e-01;1.7250000e+02;2.5792077e-01;1.7250000e+02;2.8223151e-01;1.7250000e+02;2.8080511e-01;1.7250000e+02;2.5356045e-01;1.7250000e+02;2.1671548e-01;1.7250000e+02;1.7411105e-01;1.7250000e+02;1.2663284e-01;1.7250000e+02;8.3971873e-02;1.7250000e+02;4.5440145e-02;1.7250000e+02;2.9781191e-03;1.7250000e+02;1.5125913e-02;1.7250000e+02;3.4341812e-02;1.7250000e+02;5.7420488e-02;1.7250000e+02;8.3538279e-02;1.7250000e+02;1.1312522e-01;1.7250000e+02;1.4486830e-01;1.7250000e+02;1.7973280e-01;1.7250000e+02;2.1837673e-01;1.7250000e+02;2.5792077e-01;1.7250000e+02;2.8223151e-01;1.7250000e+02;2.8080511e-01;1.7250000e+02;2.5356045e-01;1.7250000e+02;2.1671548e-01;1.7250000e+02;1.7411105e-01;1.7250000e+02;1.2663284e-01;1.7250000e+02;8.3971873e-02;1.7250000e+02;4.5440145e-02;1.7250000e+02;2.9781191e-03;1.7250000e+02;1.5125913e-02;1.7250000e+02;3.4341812e-02;1.7250000e+02;5.7420488e-02;1.7250000e+02;8.3538279e-02;1.7250000e+02;1.1312522e-01;1.7250000e+02;1.4486830e-01;1.7250000e+02;1.7973280e-01;1.7250000e+02;2.1837673e-01;1.7250000e+02;2.5792077e-01;1.7250000e+02;2.8223151e-01;1.7250000e+02;2.8080511e-01;1.7250000e+02;2.5356045e-01;1.7250000e+02;2.1671548e-01;1.7250000e+02;1.7411105e-01;1.7250000e+02;1.2663284e-01;1.7250000e+02;8.3971873e-02;1.7250000e+02;4.5440145e-02;1.7250000e+02;2.9781191e-03;1.7250000e+02;1.5125913e-02;1.7250000e+02;3.4341812e-02;1.7250000e+02;5.7420488e-02;1.7250000e+02;8.3538279e-02;1.7250000e+02;1.1312522e-01;1.7250000e+02;1.4486830e-01;1.7250000e+02;1.7973280e-01;1.7250000e+02;2.1837673e-01;1.7250000e+02;2.5792077e-01;1.7250000e+02;2.8223151e-01;1.7250000e+02;2.8080511e-01;1.7250000e+02;2.5356045e-01;1.7250000e+02;2.1671548e-01;1.7250000e+02;1.7411105e-01;1.7250000e+02;1.2663284e-01;1.7250000e+02;8.3971873e-02;1.7250000e+02;4.5440145e-02;1.7250000e+02;2.9781191e-03;1.7250000e+02;1.5125913e-02;1.7250000e+02;3.4341812e-02;1.7250000e+02;5.7420488e-02;1.7250000e+02;8.3538279e-02;1.7250000e+02;1.1312522e-01;1.7250000e+02;1.4486830e-01;1.7250000e+02;1.7973280e-01;1.7250000e+02;2.1837673e-01;1.7250000e+02;2.5792077e-01;1.7250000e+02;2.8223151e-01;1.7250000e+02;2.8080511e-01;1.7250000e+02;2.5356045e-01;1.7250000e+02;2.1671548e-01;1.7250000e+02;1.7411105e-01;1.7250000e+02;1.2663284e-01;1.7250000e+02;8.3971873e-02;1.7250000e+02;4.5440145e-02;1.7250000e+02;2.9781191e-03;1.7250000e+02;1.5125913e-02;1.7250000e+02;3.4341812e-02;1.7250000e+02;5.7420488e-02;1.7250000e+02;8.3538279e-02;1.7250000e+02;1.1312522e-01;1.7250000e+02;1.4486830e-01;1.7250000e+02;1.7973280e-01;1.7250000e+02;2.1837673e-01;1.7250000e+02;2.5792077e-01;1.7250000e+02;2.8223151e-01;1.7250000e+02;2.8080511e-01;1.7250000e+02;2.5356045e-01;1.7250000e+02;2.1671548e-01;1.7250000e+02;1.7411105e-01;1.7250000e+02;1.2663284e-01;1.7250000e+02;8.3971873e-02;1.7250000e+02;4.5440145e-02;1.7250000e+02;2.9781191e-03;1.7250000e+02;1.5125913e-02;1.7250000e+02;3.4341812e-02;1.7250000e+02;5.7420488e-02;1.7250000e+02;8.3538279e-02;1.7250000e+02;1.1312522e-01;1.7250000e+02;1.4486830e-01;1.7250000e+02;1.7973280e-01;1.7250000e+02;2.1837673e-01;1.7250000e+02;2.5792077e-01;1.7250000e+02;2.8223151e-01;1.7250000e+02;2.8080511e-01;1.7250000e+02;2.5356045e-01;1.7250000e+02;2.1671548e-01;1.7250000e+02;1.7411105e-01;1.7250000e+02;1.2663284e-01;1.7250000e+02;8.3971873e-02;1.7250000e+02;4.5440145e-02;1.7250000e+02;2.9781191e-03;1.7250000e+02;1.5125913e-02;1.7250000e+02;3.4341812e-02;1.7250000e+02;5.7420488e-02;1.7250000e+02;8.3538279e-02;1.7250000e+02;1.1312522e-01;1.7250000e+02;1.4486830e-01;1.7250000e+02;1.7973280e-01;1.7250000e+02;2.1837673e-01;1.7250000e+02;2.5792077e-01;1.7250000e+02;2.8223151e-01;1.7250000e+02;2.8080511e-01;1.7250000e+02;2.5356045e-01;1.7250000e+02;2.1671548e-01;1.7250000e+02;1.7411105e-01;1.7250000e+02;1.2663284e-01;1.7250000e+02;8.3971873e-02;1.7250000e+02;4.5440145e-02;1.7250000e+02;2.9781191e-03;1.7250000e+02;1.5125913e-02;1.7250000e+02;3.4341812e-02;1.7250000e+02;5.7420488e-02;1.7250000e+02;8.3538279e-02;1.7250000e+02;1.1312522e-01;1.7250000e+02;1.4486830e-01;1.7250000e+02;1.7973280e-01;1.7250000e+02;2.1837673e-01;1.7250000e+02;2.5792077e-01;1.7250000e+02;2.8223151e-01;1.7250000e+02;2.8080511e-01;1.7250000e+02;2.5356045e-01;1.7250000e+02;2.1671548e-01;1.7250000e+02;1.7411105e-01;1.7250000e+02;1.2663284e-01;1.7250000e+02;8.3971873e-02;1.7250000e+02;4.5440145e-02;1.7250000e+02;2.9781191e-03;1.7250000e+02;1.5125913e-02;1.7250000e+02;3.4341812e-02;1.7250000e+02;5.7420488e-02;1.7250000e+02;8.3538279e-02;1.7250000e+02;1.1312522e-01;1.7250000e+02;1.4486830e-01;1.7250000e+02;1.7973280e-01;1.7250000e+02;2.1837673e-01;1.7250000e+02;2.5792077e-01;1.7250000e+02;2.8223151e-01;1.7250000e+02;2.8080511e-01;1.7250000e+02;2.5356045e-01;1.7250000e+02;2.1671548e-01;1.7250000e+02;1.7411105e-01;1.7250000e+02;1.2663284e-01;1.7250000e+02;8.3971873e-02;1.7250000e+02;4.5440145e-02;1.7250000e+02;2.9781191e-03;1.7250000e+02;1.5125913e-02;1.7250000e+02;3.4341812e-02;1.7250000e+02;5.7420488e-02;1.7250000e+02;8.3538279e-02;1.7250000e+02;1.1312522e-01;1.7250000e+02;1.4486830e-01;1.7250000e+02;1.7973280e-01;1.7250000e+02;2.1837673e-01;1.7250000e+02;2.5792077e-01;1.7250000e+02;2.8223151e-01;1.7250000e+02;2.8080511e-01;1.7250000e+02;2.5356045e-01;1.7250000e+02;2.1671548e-01;1.7250000e+02;1.7411105e-01;1.7250000e+02;1.2663284e-01;1.7250000e+02;8.3971873e-02;1.7250000e+02;4.5440145e-02;1.7250000e+02;2.9781191e-03;1.7250000e+02;1.5125913e-02;1.7250000e+02;3.4341812e-02;1.7250000e+02;5.7420488e-02;1.7250000e+02;8.3538279e-02;1.7250000e+02;1.1312522e-01;1.7250000e+02;1.4486830e-01;1.7250000e+02;1.7973280e-01;1.7250000e+02;2.1837673e-01;1.7250000e+02;2.5792077e-01;1.7250000e+02;2.8223151e-01;1.7250000e+02;2.8080511e-01;1.7250000e+02;2.5356045e-01;1.7250000e+02;2.1671548e-01;1.7250000e+02;1.7411105e-01;1.7250000e+02;1.2663284e-01;1.7250000e+02;8.3971873e-02;1.7250000e+02;4.5440145e-02;1.7250000e+02;2.9781191e-03;1.7250000e+02;1.5125913e-02;1.7250000e+02;3.4341812e-02;1.7250000e+02;5.7420488e-02;1.7250000e+02;8.3538279e-02;1.7250000e+02;1.1312522e-01;1.7250000e+02;1.4486830e-01;1.7250000e+02;1.7973280e-01;1.7250000e+02;2.1837673e-01;1.7250000e+02;2.5792077e-01;1.7250000e+02;2.8223151e-01;1.7250000e+02;2.8080511e-01;1.7250000e+02;2.5356045e-01;1.7250000e+02;2.1671548e-01;1.7250000e+02;1.7411105e-01;1.7250000e+02;1.2663284e-01;1.7250000e+02;8.3971873e-02;1.7250000e+02;4.5440145e-02;1.7250000e+02;2.9781191e-03;1.7250000e+02;1.5125913e-02;1.7250000e+02;3.4341812e-02;1.7250000e+02;5.7420488e-02;1.7250000e+02;8.3538279e-02;1.7250000e+02;1.1312522e-01;1.7250000e+02;1.4486830e-01;1.7250000e+02;1.7973280e-01;1.7250000e+02;2.1837673e-01;1.7250000e+02;2.5792077e-01;1.7250000e+02;2.8223151e-01;1.7250000e+02;2.8080511e-01;1.7250000e+02;2.5356045e-01;1.7250000e+02;2.1671548e-01;1.7250000e+02;1.7411105e-01;1.7250000e+02;1.2663284e-01;1.7250000e+02;8.3971873e-02;1.7250000e+02;4.5440145e-02;1.7250000e+02;2.9781191e-03;1.7250000e+02;1.5125913e-02;1.7250000e+02;3.4341812e-02;1.7250000e+02;5.7420488e-02;1.7250000e+02;8.3538279e-02;1.7250000e+02;1.1312522e-01;1.7250000e+02;1.4486830e-01;1.7250000e+02;1.7973280e-01;1.7250000e+02;2.1837673e-01;1.7250000e+02;2.5792077e-01;1.7250000e+02;2.8223151e-01;1.7250000e+02;2.8080511e-01;1.7250000e+02;2.5356045e-01;1.7250000e+02;2.1671548e-01;1.7250000e+02;1.7411105e-01;1.7250000e+02;1.2663284e-01;1.7250000e+02;8.3971873e-02;1.7250000e+02;4.5440145e-02;1.7250000e+02;2.9781191e-03;1.7250000e+02;1.5125913e-02;1.7250000e+02;3.4341812e-02;1.7250000e+02;5.7420488e-02;1.7250000e+02;8.3538279e-02;1.7250000e+02;1.1312522e-01;1.7250000e+02;1.4486830e-01;1.7250000e+02;1.7973280e-01;1.7250000e+02;2.1837673e-01;1.7250000e+02;2.5792077e-01;1.7250000e+02;2.8223151e-01;1.7250000e+02;2.8080511e-01;1.7250000e+02;2.5356045e-01;1.7250000e+02;2.1671548e-01;1.7250000e+02;1.7411105e-01;1.7250000e+02;1.2663284e-01;1.7250000e+02;8.3971873e-02;1.7250000e+02;4.5440145e-02;1.7250000e+02;2.9781191e-03;1.7250000e+02;1.5125913e-02;1.7250000e+02;3.4341812e-02;1.7250000e+02;5.7420488e-02;1.7250000e+02;8.3538279e-02;1.7250000e+02;1.1312522e-01;1.7250000e+02;1.4486830e-01;1.7250000e+02;1.7973280e-01;1.7250000e+02;2.1837673e-01;1.7250000e+02;2.5792077e-01;1.7250000e+02;2.8223151e-01;1.7250000e+02;2.8080511e-01;1.7250000e+02;2.5356045e-01;1.7250000e+02;2.1671548e-01;1.7250000e+02;1.7411105e-01;1.7250000e+02;1.2663284e-01;1.7250000e+02;8.3971873e-02;1.7250000e+02;4.5440145e-02;1.7250000e+02;2.9781191e-03;1.7250000e+02;1.5125913e-02;1.7250000e+02;3.4341812e-02;1.7250000e+02;5.7420488e-02;1.7250000e+02;8.3538279e-02;1.7250000e+02;1.1312522e-01;1.7250000e+02;1.4486830e-01;1.7250000e+02;1.7973280e-01;1.7250000e+02;2.1837673e-01;1.7250000e+02;2.5792077e-01;1.7250000e+02;2.8223151e-01;1.7250000e+02;2.8080511e-01;1.7250000e+02;2.5356045e-01;1.7250000e+02;2.1671548e-01;1.7250000e+02;1.7411105e-01;1.7250000e+02;1.2663284e-01;1.7250000e+02;8.3971873e-02;1.7250000e+02;4.5440145e-02;1.7250000e+02;2.9781191e-03;1.7250000e+02;1.5125913e-02;1.7250000e+02;3.4341812e-02;1.7250000e+02;5.7420488e-02;1.7250000e+02;8.3538279e-02;1.7250000e+02;1.1312522e-01;1.7250000e+02;1.4486830e-01;1.7250000e+02;1.7973280e-01;1.7250000e+02;2.1837673e-01;1.7250000e+02;2.5792077e-01;1.7250000e+02;2.8223151e-01;1.7250000e+02;2.8080511e-01;1.7250000e+02;2.5356045e-01;1.7250000e+02;2.1671548e-01;1.7250000e+02;1.7411105e-01;1.7250000e+02;1.2663284e-01;1.7250000e+02;8.3971873e-02;1.7250000e+02;4.5440145e-02;1.7250000e+02;2.9781191e-03;1.7250000e+02;1.5125913e-02;1.7250000e+02;3.4341812e-02;1.7250000e+02;5.7420488e-02;1.7250000e+02;8.3538279e-02;1.7250000e+02;1.1312522e-01;1.7250000e+02;1.4486830e-01;1.7250000e+02;1.7973280e-01;1.7250000e+02;2.1837673e-01;1.7250000e+02;2.5792077e-01;1.7250000e+02;2.8223151e-01;1.7250000e+02;2.8080511e-01;1.7250000e+02;2.5356045e-01;1.7250000e+02;2.1671548e-01;1.7250000e+02;1.7411105e-01;1.7250000e+02;1.2663284e-01;1.7250000e+02;8.3971873e-02;1.7250000e+02;4.5440145e-02;1.7250000e+02;2.9781191e-03;1.7250000e+02;1.5125913e-02;1.7250000e+02;3.4341812e-02;1.7250000e+02;5.7420488e-02;1.7250000e+02;8.3538279e-02;1.7250000e+02;1.1312522e-01;1.7250000e+02;1.4486830e-01;1.7250000e+02;1.7973280e-01;1.7250000e+02;2.1837673e-01;1.7250000e+02;2.5792077e-01;1.7250000e+02;2.8223151e-01;1.7250000e+02;2.8080511e-01;1.7250000e+02;2.5356045e-01;1.7250000e+02;2.1671548e-01;1.7250000e+02;1.7411105e-01;1.7250000e+02;1.2663284e-01;1.7250000e+02;8.3971873e-02;1.7250000e+02;4.5440145e-02;1.7250000e+02;2.9781191e-03;1.7250000e+02;1.5125913e-02;1.7250000e+02;3.4341812e-02;1.7250000e+02;5.7420488e-02;1.7250000e+02;8.3538279e-02;1.7250000e+02;1.1312522e-01;1.7250000e+02;1.4486830e-01;1.7250000e+02;1.7973280e-01;1.7250000e+02;2.1837673e-01;1.7250000e+02;2.5792077e-01;1.7250000e+02;2.8223151e-01;1.7250000e+02;2.8080511e-01;1.7250000e+02;2.5356045e-01;1.7250000e+02;2.1671548e-01;1.7250000e+02;1.7411105e-01;1.7250000e+02;1.2663284e-01;1.7250000e+02;8.3971873e-02;1.7250000e+02;4.5440145e-02;1.7250000e+02;2.9781191e-03;1.7250000e+02;1.5125913e-02;1.7250000e+02;3.4341812e-02;1.7250000e+02;5.7420488e-02;1.7250000e+02;8.3538279e-02;1.7250000e+02;1.1312522e-01;1.7250000e+02;1.4486830e-01;1.7250000e+02;1.7973280e-01;1.7250000e+02;2.1837673e-01;1.7250000e+02;2.5792077e-01;1.7250000e+02;2.8223151e-01;1.7250000e+02;2.8080511e-01;1.7250000e+02;2.5356045e-01;1.7250000e+02;2.1671548e-01;1.7250000e+02;1.7411105e-01;1.7250000e+02;1.2663284e-01;1.7250000e+02;8.3971873e-02;1.7250000e+02;4.5440145e-02;1.7250000e+02;2.9781191e-03;1.7250000e+02;1.5125913e-02;1.7250000e+02;3.4341812e-02;1.7250000e+02;5.7420488e-02;1.7250000e+02;8.3538279e-02;1.7250000e+02;1.1312522e-01;1.7250000e+02;1.4486830e-01;1.7250000e+02;1.7973280e-01;1.7250000e+02;2.1837673e-01;1.7250000e+02;2.5792077e-01;1.7250000e+02;2.8223151e-01;1.7250000e+02;2.8080511e-01;1.7250000e+02;2.5356045e-01;1.7250000e+02;2.1671548e-01;1.7250000e+02;1.7411105e-01;1.7250000e+02;1.2663284e-01;1.7250000e+02;8.3971873e-02;1.7250000e+02;4.5440145e-02;1.7250000e+02;2.9781191e-03;1.7250000e+02;1.5125913e-02;1.7250000e+02;3.4341812e-02;1.7250000e+02;5.7420488e-02;1.7250000e+02;8.3538279e-02;1.7250000e+02;1.1312522e-01;1.7250000e+02;1.4486830e-01;1.7250000e+02;1.7973280e-01;1.7250000e+02;2.1837673e-01;1.7250000e+02;2.5792077e-01;1.7250000e+02;2.8223151e-01;1.7250000e+02;2.8080511e-01;1.7250000e+02;2.5356045e-01;1.7250000e+02;2.1671548e-01;1.7250000e+02;1.7411105e-01;1.7250000e+02;1.2663284e-01;1.7250000e+02;8.3971873e-02;1.7250000e+02;4.5440145e-02;1.7250000e+02;2.9781191e-03;1.7250000e+02;1.5125913e-02;1.7250000e+02;3.4341812e-02;1.7250000e+02;5.7420488e-02;1.7250000e+02;8.3538279e-02;1.7250000e+02;1.1312522e-01;1.7250000e+02;1.4486830e-01;1.7250000e+02;1.7973280e-01;1.7250000e+02;2.1837673e-01;1.7250000e+02;2.5792077e-01;1.7250000e+02;2.8223151e-01;1.7250000e+02;2.8080511e-01;1.7250000e+02;2.5356045e-01;1.7250000e+02;2.1671548e-01;1.7250000e+02;1.7411105e-01;1.7250000e+02;1.2663284e-01;1.7250000e+02;8.3971873e-02;1.7250000e+02;4.5440145e-02;1.7250000e+02;2.9781191e-03;1.7250000e+02;1.5125913e-02;1.7250000e+02;3.4341812e-02;1.7250000e+02;5.7420488e-02;1.7250000e+02;8.3538279e-02;1.7250000e+02;1.1312522e-01;1.7250000e+02;1.4486830e-01;1.7250000e+02;1.7973280e-01;1.7250000e+02;2.1837673e-01;1.7250000e+02;2.5792077e-01;1.7250000e+02;2.8223151e-01;1.7250000e+02;2.8080511e-01;1.7250000e+02;2.5356045e-01;1.7250000e+02;2.1671548e-01;1.7250000e+02;1.7411105e-01;1.7250000e+02;1.2663284e-01;1.7250000e+02;8.3971873e-02;1.7250000e+02;4.5440145e-02;1.7250000e+02;2.9781191e-03;1.7250000e+02;1.5125913e-02;1.7250000e+02;3.4341812e-02;1.7250000e+02;5.7420488e-02;1.7250000e+02;8.3538279e-02;1.7250000e+02;1.1312522e-01;1.7250000e+02;1.4486830e-01;1.7250000e+02;1.7973280e-01;1.7250000e+02;2.1837673e-01;1.7250000e+02;2.5792077e-01;1.7250000e+02;2.8223151e-01;1.7250000e+02;2.8080511e-01;1.7250000e+02;2.5356045e-01;1.7250000e+02;2.1671548e-01;1.7250000e+02;1.7411105e-01;1.7250000e+02;1.2663284e-01;1.7250000e+02;8.3971873e-02;1.7250000e+02;4.5440145e-02;1.7250000e+02;2.9781191e-03;1.7250000e+02;1.5125913e-02;1.7250000e+02;3.4341812e-02;1.7250000e+02;5.7420488e-02;1.7250000e+02;8.3538279e-02;1.7250000e+02;1.1312522e-01;1.7250000e+02;1.4486830e-01;1.7250000e+02;1.7973280e-01;1.7250000e+02;2.1837673e-01;1.7250000e+02;2.5792077e-01;1.7250000e+02;2.8223151e-01;1.7250000e+02;2.8080511e-01;1.7250000e+02;2.5356045e-01;1.7250000e+02;2.1671548e-01;1.7250000e+02;1.7411105e-01;1.7250000e+02;1.2663284e-01;1.7250000e+02;8.3971873e-02;1.7250000e+02;4.5440145e-02;1.7250000e+02;2.9781191e-03;1.7250000e+02;1.5125913e-02;1.7250000e+02;3.4341812e-02;1.7250000e+02;5.7420488e-02;1.7250000e+02;8.3538279e-02;1.7250000e+02;1.1312522e-01;1.7250000e+02;1.4486830e-01;1.7250000e+02;1.7973280e-01;1.7250000e+02;2.1837673e-01;1.7250000e+02;2.5792077e-01;1.7250000e+02;2.8223151e-01;1.7250000e+02;2.8080511e-01;1.7250000e+02;2.5356045e-01;1.7250000e+02;2.1671548e-01;1.7250000e+02;1.7411105e-01;1.7250000e+02;1.2663284e-01;1.7250000e+02;8.3971873e-02;1.7250000e+02;4.5440145e-02;1.7250000e+02;2.9781191e-03;1.7250000e+02;1.5125913e-02;1.7250000e+02;3.4341812e-02;1.7250000e+02;5.7420488e-02;1.7250000e+02;8.3538279e-02;1.7250000e+02;1.1312522e-01;1.7250000e+02;1.4486830e-01;1.7250000e+02;1.7973280e-01;1.7250000e+02;2.1837673e-01;1.7250000e+02;2.5792077e-01;1.7250000e+02;2.8223151e-01;1.7250000e+02;2.8080511e-01;1.7250000e+02;2.5356045e-01;1.7250000e+02;2.1671548e-01;1.7250000e+02;1.7411105e-01;1.7250000e+02;1.2663284e-01;1.7250000e+02;8.3971873e-02;1.7250000e+02;4.5440145e-02;1.7250000e+02;2.9781191e-03;1.7250000e+02;1.5125913e-02;1.7250000e+02;3.4341812e-02;1.7250000e+02;5.7420488e-02;1.7250000e+02;8.3538279e-02;1.7250000e+02;1.1312522e-01;1.7250000e+02;1.4486830e-01;1.7250000e+02;1.7973280e-01;1.7250000e+02;2.1837673e-01;1.7250000e+02;2.5792077e-01;1.7250000e+02;2.8223151e-01;1.7250000e+02;2.8080511e-01;1.7250000e+02;2.5356045e-01;1.7250000e+02;2.1671548e-01;1.7250000e+02;1.7411105e-01;1.7250000e+02;1.2663284e-01;1.7250000e+02;8.3971873e-02;1.7250000e+02;4.5440145e-02;1.7250000e+02;2.9781191e-03;1.7250000e+02;1.5125913e-02;1.7250000e+02;3.4341812e-02;1.7250000e+02;5.7420488e-02;1.7250000e+02;8.3538279e-02;1.7250000e+02;1.1312522e-01;1.7250000e+02;1.4486830e-01;1.7250000e+02;1.7973280e-01;1.7250000e+02;2.1837673e-01;1.7250000e+02;2.5792077e-01;1.7250000e+02;2.8223151e-01;1.7250000e+02;2.8080511e-01;1.7250000e+02;2.5356045e-01;1.7250000e+02;2.1671548e-01;1.7250000e+02;1.7411105e-01;1.7250000e+02;1.2663284e-01;1.7250000e+02;8.3971873e-02;1.7250000e+02;4.5440145e-02;1.7250000e+02;2.9781191e-03;1.7250000e+02;1.5125913e-02;1.7250000e+02;3.4341812e-02;1.7250000e+02;5.7420488e-02;1.7250000e+02;8.3538279e-02;1.7250000e+02;1.1312522e-01;1.7250000e+02;1.4486830e-01;1.7250000e+02;1.7973280e-01;1.7250000e+02;2.1837673e-01;1.7250000e+02;2.5792077e-01;1.7250000e+02;2.8223151e-01;1.7250000e+02;2.8080511e-01;1.7250000e+02;2.5356045e-01;1.7250000e+02;2.1671548e-01;1.7250000e+02;1.7411105e-01;1.7250000e+02;1.2663284e-01;1.7250000e+02;8.3971873e-02;1.7250000e+02;4.5440145e-02;1.7250000e+02;2.9781191e-03;1.7250000e+02;1.5125913e-02;1.7250000e+02;3.4341812e-02;1.7250000e+02;5.7420488e-02;1.7250000e+02;8.3538279e-02;1.7250000e+02;1.1312522e-01;1.7250000e+02;1.4486830e-01;1.7250000e+02;1.7973280e-01;1.7250000e+02;2.1837673e-01;1.7250000e+02;2.5792077e-01;1.7250000e+02;2.8223151e-01;1.7250000e+02;2.8080511e-01;1.7250000e+02;2.5356045e-01;1.7250000e+02;2.1671548e-01;1.7250000e+02;1.7411105e-01;1.7250000e+02;1.2663284e-01;1.7250000e+02;8.3971873e-02;1.7250000e+02;4.5440145e-02;1.7250000e+02;2.9781191e-03;1.7250000e+02;1.5125913e-02;1.7250000e+02;3.4341812e-02;1.7250000e+02;5.7420488e-02;1.7250000e+02;8.3538279e-02;1.7250000e+02;1.1312522e-01;1.7250000e+02;1.4486830e-01;1.7250000e+02;1.7973280e-01;1.7250000e+02;2.1837673e-01;1.7250000e+02;2.5792077e-01;1.7250000e+02;2.8223151e-01;1.7250000e+02;2.8080511e-01;1.7250000e+02;2.5356045e-01;1.7250000e+02;2.1671548e-01;1.7250000e+02;1.7411105e-01;1.7250000e+02;1.2663284e-01;1.7250000e+02;8.3971873e-02;1.7250000e+02;4.5440145e-02;1.7250000e+02;2.9781191e-03;1.7250000e+02;1.5125913e-02;1.7250000e+02;3.4341812e-02;1.7250000e+02;5.7420488e-02;1.7250000e+02;8.3538279e-02;1.7250000e+02;1.1312522e-01;1.7250000e+02;1.4486830e-01;1.7250000e+02;1.7973280e-01;1.7250000e+02;2.1837673e-01;1.7250000e+02;2.5792077e-01;1.7250000e+02;2.8223151e-01;1.7250000e+02;2.8080511e-01;1.7250000e+02;2.5356045e-01;1.7250000e+02;2.1671548e-01;1.7250000e+02;1.7411105e-01;1.7250000e+02;1.2663284e-01;1.7250000e+02;8.3971873e-02;1.7250000e+02;4.5440145e-02;1.7250000e+02;2.9781191e-03;1.7250000e+02;1.5125913e-02;1.7250000e+02;3.4341812e-02;1.7250000e+02;5.7420488e-02;1.7250000e+02;8.3538279e-02;1.7250000e+02;1.1312522e-01;1.7250000e+02;1.4486830e-01;1.7250000e+02;1.7973280e-01;1.7250000e+02;2.1837673e-01;1.7250000e+02;2.5792077e-01;1.7250000e+02;2.8223151e-01;1.7250000e+02;2.8080511e-01;1.7250000e+02;2.5356045e-01;1.7250000e+02;2.1671548e-01;1.7250000e+02;1.7411105e-01;1.7250000e+02;1.2663284e-01;1.7250000e+02;8.3971873e-02;1.7250000e+02;4.5440145e-02;1.7250000e+02;2.9781191e-03;1.7250000e+02;1.5125913e-02;1.7250000e+02;3.4341812e-02;1.7250000e+02;5.7420488e-02;1.7250000e+02;8.3538279e-02;1.7250000e+02;1.1312522e-01;1.7250000e+02;1.4486830e-01;1.7250000e+02;1.7973280e-01;1.7250000e+02;2.1837673e-01;1.7250000e+02;2.5792077e-01;1.7250000e+02;2.8223151e-01;1.7250000e+02;2.8080511e-01;1.7250000e+02;2.5356045e-01;1.7250000e+02;2.1671548e-01;1.7250000e+02;1.7411105e-01;1.7250000e+02;1.2663284e-01;1.7250000e+02;8.3971873e-02;1.7250000e+02;4.5440145e-02;1.7250000e+02;2.9781191e-03;1.7250000e+02;1.5125913e-02;1.7250000e+02;3.4341812e-02;1.7250000e+02;5.7420488e-02;1.7250000e+02;8.3538279e-02;1.7250000e+02;1.1312522e-01;1.7250000e+02;1.4486830e-01;1.7250000e+02;1.7973280e-01;1.7250000e+02;2.1837673e-01;1.7250000e+02;2.5792077e-01;1.7250000e+02;2.8223151e-01;1.7250000e+02;2.8080511e-01;1.7250000e+02;2.5356045e-01;1.7250000e+02;2.1671548e-01;1.7250000e+02;1.7411105e-01;1.7250000e+02;1.2663284e-01;1.7250000e+02;8.3971873e-02;1.7250000e+02;4.5440145e-02;1.7250000e+02;2.9781191e-03;1.7250000e+02;1.5125913e-02;1.7250000e+02;3.4341812e-02;1.7250000e+02;5.7420488e-02;1.7250000e+02;8.3538279e-02;1.7250000e+02;1.1312522e-01;1.7250000e+02;1.4486830e-01;1.7250000e+02;1.7973280e-01;1.7250000e+02;2.1837673e-01;1.7250000e+02;2.5792077e-01;1.7250000e+02;2.8223151e-01;1.7250000e+02;2.8080511e-01;1.7250000e+02;2.5356045e-01;1.7250000e+02;2.1671548e-01;1.7250000e+02;1.7411105e-01;1.7250000e+02;1.2663284e-01;1.7250000e+02;8.3971873e-02;1.7250000e+02;4.5440145e-02;1.7250000e+02;2.9781191e-03;1.7250000e+02;1.5125913e-02;1.7250000e+02;3.4341812e-02;1.7250000e+02;5.7420488e-02;1.7250000e+02;8.3538279e-02;1.7250000e+02;1.1312522e-01;1.7250000e+02;1.4486830e-01;1.7250000e+02;1.7973280e-01;1.7250000e+02;2.1837673e-01;1.7250000e+02;2.5792077e-01;1.7250000e+02;2.8223151e-01;1.7250000e+02;2.8080511e-01;1.7250000e+02;2.5356045e-01;1.7250000e+02;2.1671548e-01;1.7250000e+02;1.7411105e-01;1.7250000e+02;1.2663284e-01;1.7250000e+02;8.3971873e-02;1.7250000e+02;4.5440145e-02;1.7250000e+02;2.9781191e-03;1.7250000e+02;1.5125913e-02;1.7250000e+02;3.4341812e-02;1.7250000e+02;5.7420488e-02;1.7250000e+02;8.3538279e-02;1.7250000e+02;1.1312522e-01;1.7250000e+02;1.4486830e-01;1.7250000e+02;1.7973280e-01;1.7250000e+02;2.1837673e-01;1.7250000e+02;2.5792077e-01;1.7250000e+02;2.8223151e-01;1.7250000e+02;2.8080511e-01;1.7250000e+02;2.5356045e-01;1.7250000e+02;2.1671548e-01;1.7250000e+02;1.7411105e-01;1.7250000e+02;1.2663284e-01;1.7250000e+02;8.3971873e-02;1.7250000e+02;4.5440145e-02;1.7250000e+02;2.9781191e-03;1.7250000e+02;1.5125913e-02;1.7250000e+02;3.4341812e-02;1.7250000e+02;5.7420488e-02;1.7250000e+02;8.3538279e-02;1.7250000e+02;1.1312522e-01;1.7250000e+02;1.4486830e-01;1.7250000e+02;1.7973280e-01;1.7250000e+02;2.1837673e-01;1.7250000e+02;2.5792077e-01;1.7250000e+02;2.8223151e-01;1.7250000e+02;2.8080511e-01;1.7250000e+02;2.5356045e-01;1.7250000e+02;2.1671548e-01;1.7250000e+02;1.7411105e-01;1.7250000e+02;1.2663284e-01;1.7250000e+02;8.3971873e-02;1.7250000e+02;4.5440145e-02;1.7250000e+02;2.9781191e-03;1.7250000e+02;1.5125913e-02;1.7250000e+02;3.4341812e-02;1.7250000e+02;5.7420488e-02;1.7250000e+02;8.3538279e-02;1.7250000e+02;1.1312522e-01;1.7250000e+02;1.4486830e-01;1.7250000e+02;1.7973280e-01;1.7250000e+02;2.1837673e-01;1.7250000e+02;2.5792077e-01;1.7250000e+02;2.8223151e-01;1.7250000e+02;2.8080511e-01;1.7250000e+02;2.5356045e-01;1.7250000e+02;2.1671548e-01;1.7250000e+02;1.7411105e-01;1.7250000e+02;1.2663284e-01;1.7250000e+02;8.3971873e-02;1.7250000e+02;4.5440145e-02;1.7250000e+02;2.9781191e-03;1.7250000e+02;1.5125913e-02;1.7250000e+02;3.4341812e-02;1.7250000e+02;5.7420488e-02;1.7250000e+02;8.3538279e-02;1.7250000e+02;1.1312522e-01;1.7250000e+02;1.4486830e-01;1.7250000e+02;1.7973280e-01;1.7250000e+02;2.1837673e-01;1.7250000e+02;2.5792077e-01;1.7250000e+02;2.8223151e-01;1.7250000e+02;2.8080511e-01;1.7250000e+02;2.5356045e-01;1.7250000e+02;2.1671548e-01;1.7250000e+02;1.7411105e-01;1.7250000e+02;1.2663284e-01;1.7250000e+02;8.3971873e-02;1.7250000e+02;4.5440145e-02;1.7250000e+02;2.9781191e-03;1.7250000e+02;1.5125913e-02;1.7250000e+02;3.4341812e-02;1.7250000e+02;5.7420488e-02;1.7250000e+02;8.3538279e-02;1.7250000e+02;1.1312522e-01;1.7250000e+02;1.4486830e-01;1.7250000e+02;1.7973280e-01;1.7250000e+02;2.1837673e-01;1.7250000e+02;2.5792077e-01;1.7250000e+02;2.8223151e-01;1.7250000e+02;2.8080511e-01;1.7250000e+02;2.5356045e-01;1.7250000e+02;2.1671548e-01;1.7250000e+02;1.7411105e-01;1.7250000e+02;1.2663284e-01;1.7250000e+02;8.3971873e-02;1.7250000e+02;4.5440145e-02;1.7250000e+02;2.9781191e-03;1.7250000e+02;1.5125913e-02;1.7250000e+02;3.4341812e-02;1.7250000e+02;5.7420488e-02;1.7250000e+02;8.3538279e-02;1.7250000e+02;1.1312522e-01;1.7250000e+02;1.4486830e-01;1.7250000e+02;1.7973280e-01;1.7250000e+02;2.1837673e-01;1.7250000e+02;2.5792077e-01;1.7250000e+02;2.8223151e-01;1.7250000e+02;2.8080511e-01;1.7250000e+02;2.5356045e-01;1.7250000e+02;2.1671548e-01;1.7250000e+02;1.7411105e-01;1.7250000e+02;1.2663284e-01;1.7250000e+02;8.3971873e-02;1.7250000e+02;4.5440145e-02;1.7250000e+02;2.9781191e-03;1.7250000e+02;1.5125913e-02;1.7250000e+02;3.4341812e-02;1.7250000e+02;5.7420488e-02;1.7250000e+02;8.3538279e-02;1.7250000e+02;1.1312522e-01;1.7250000e+02;1.4486830e-01;1.7250000e+02;1.7973280e-01;1.7250000e+02;2.1837673e-01;1.7250000e+02;2.5792077e-01;1.7250000e+02;2.8223151e-01;1.7250000e+02;2.8080511e-01;1.7250000e+02;2.5356045e-01;1.7250000e+02;2.1671548e-01;1.7250000e+02;1.7411105e-01;1.7250000e+02;1.2663284e-01;1.7250000e+02;8.3971873e-02;1.7250000e+02;4.5440145e-02;1.7250000e+02;2.9781191e-03;1.7250000e+02;1.5125913e-02;1.7250000e+02;3.4341812e-02;1.7250000e+02;5.7420488e-02;1.7250000e+02;8.3538279e-02;1.7250000e+02;1.1312522e-01;1.7250000e+02;1.4486830e-01;1.7250000e+02;1.7973280e-01;1.7250000e+02;2.1837673e-01;1.7250000e+02;2.5792077e-01;1.7250000e+02;2.8223151e-01;1.7250000e+02;2.8080511e-01;1.7250000e+02;2.5356045e-01;1.7250000e+02;2.1671548e-01;1.7250000e+02;1.7411105e-01;1.7250000e+02;1.2663284e-01;1.7250000e+02;8.3971873e-02;1.7250000e+02;4.5440145e-02;1.7250000e+02;2.9781191e-03;1.7250000e+02;1.5125913e-02;1.7250000e+02;3.4341812e-02;1.7250000e+02;5.7420488e-02;1.7250000e+02;8.3538279e-02;1.7250000e+02;1.1312522e-01;1.7250000e+02;1.4486830e-01;1.7250000e+02;1.7973280e-01;1.7250000e+02;2.1837673e-01;1.7250000e+02;2.5792077e-01;1.7250000e+02;2.8223151e-01;1.7250000e+02;2.8080511e-01;1.7250000e+02;2.5356045e-01;1.7250000e+02;2.1671548e-01;1.7250000e+02;1.7411105e-01;1.7250000e+02;1.2663284e-01;1.7250000e+02;8.3971873e-02;1.7250000e+02;4.5440145e-02;1.7250000e+02;2.9781191e-03;1.7250000e+02;1.5125913e-02;1.7250000e+02;3.4341812e-02;1.7250000e+02;5.7420488e-02;1.7250000e+02;8.3538279e-02;1.7250000e+02;1.1312522e-01;1.7250000e+02;1.4486830e-01;1.7250000e+02;1.7973280e-01;1.7250000e+02;2.1837673e-01;1.7250000e+02;2.5792077e-01;1.7250000e+02;2.8223151e-01;1.7250000e+02;2.8080511e-01;1.7250000e+02;2.5356045e-01;1.7250000e+02;2.1671548e-01;1.7250000e+02;1.7411105e-01;1.7250000e+02;1.2663284e-01;1.7250000e+02;8.3971873e-02;1.7250000e+02;4.5440145e-02;1.7250000e+02;2.9781191e-03;1.7250000e+02;1.5125913e-02;1.7250000e+02;3.4341812e-02;1.7250000e+02;5.7420488e-02;1.7250000e+02;8.3538279e-02;1.7250000e+02;1.1312522e-01;1.7250000e+02;1.4486830e-01;1.7250000e+02;1.7973280e-01;1.7250000e+02;2.1837673e-01;1.7250000e+02;2.5792077e-01;1.7250000e+02;2.8223151e-01;1.7250000e+02;2.8080511e-01;1.7250000e+02;2.5356045e-01;1.7250000e+02;2.1671548e-01;1.7250000e+02;1.7411105e-01;1.7250000e+02;1.2663284e-01;1.7250000e+02;8.3971873e-02;1.7250000e+02;4.5440145e-02;1.7250000e+02;2.9781191e-03;1.7250000e+02;1.5125913e-02;1.7250000e+02;3.4341812e-02;1.7250000e+02;5.7420488e-02;1.7250000e+02;8.3538279e-02;1.7250000e+02;1.1312522e-01;1.7250000e+02;1.4486830e-01;1.7250000e+02;1.7973280e-01;1.7250000e+02;2.1837673e-01;1.7250000e+02;2.5792077e-01;1.7250000e+02;2.8223151e-01;1.7250000e+02;2.8080511e-01;1.7250000e+02;2.5356045e-01;1.7250000e+02;2.1671548e-01;1.7250000e+02;1.7411105e-01;1.7250000e+02;1.2663284e-01;1.7250000e+02;8.3971873e-02;1.7250000e+02;4.5440145e-02;1.7250000e+02;2.9781191e-03;1.7250000e+02;1.5125913e-02;1.7250000e+02;3.4341812e-02;1.7250000e+02;5.7420488e-02;1.7250000e+02;8.3538279e-02;1.7250000e+02;1.1312522e-01;1.7250000e+02;1.4486830e-01;1.7250000e+02;1.7973280e-01;1.7250000e+02;2.1837673e-01;1.7250000e+02;2.5792077e-01;1.7250000e+02;2.8223151e-01;1.7250000e+02;2.8080511e-01;1.7250000e+02;2.5356045e-01;1.7250000e+02;2.1671548e-01;1.7250000e+02;1.7411105e-01;1.7250000e+02;1.2663284e-01;1.7250000e+02;8.3971873e-02;1.7250000e+02;4.5440145e-02;1.7250000e+02;2.9781191e-03;1.7250000e+02;1.5125913e-02;1.7250000e+02;3.4341812e-02;1.7250000e+02;5.7420488e-02;1.7250000e+02;8.3538279e-02;1.7250000e+02;1.1312522e-01;1.7250000e+02;1.4486830e-01;1.7250000e+02;1.7973280e-01;1.7250000e+02;2.1837673e-01;1.7250000e+02;2.5792077e-01;1.7250000e+02;2.8223151e-01;1.7250000e+02;2.8080511e-01;1.7250000e+02;2.5356045e-01;1.7250000e+02;2.1671548e-01;1.7250000e+02;1.7411105e-01;1.7250000e+02;1.2663284e-01;1.7250000e+02;8.3971873e-02;1.7250000e+02;4.5440145e-02;1.7250000e+02;2.9781191e-03;1.7250000e+02;1.5125913e-02;1.7250000e+02;3.4341812e-02;1.7250000e+02;5.7420488e-02;1.7250000e+02;8.3538279e-02;1.7250000e+02;1.1312522e-01;1.7250000e+02;1.4486830e-01;1.7250000e+02;1.7973280e-01;1.7250000e+02;2.1837673e-01;1.7250000e+02;2.5792077e-01;1.7250000e+02;2.8223151e-01;1.7250000e+02;2.8080511e-01;1.7250000e+02;2.5356045e-01;1.7250000e+02;2.1671548e-01;1.7250000e+02;1.7411105e-01;1.7250000e+02;1.2663284e-01;1.7250000e+02;8.3971873e-02;1.7250000e+02;4.5440145e-02;1.7250000e+02;2.9781191e-03;1.7250000e+02;1.5125913e-02;1.7250000e+02;3.4341812e-02;1.7250000e+02;5.7420488e-02;1.7250000e+02;8.3538279e-02;1.7250000e+02;1.1312522e-01;1.7250000e+02;1.4486830e-01;1.7250000e+02;1.7973280e-01;1.7250000e+02;2.1837673e-01;1.7250000e+02;2.5792077e-01;1.7250000e+02;2.8223151e-01;1.7250000e+02;2.8080511e-01;1.7250000e+02;2.5356045e-01;1.7250000e+02;2.1671548e-01;1.7250000e+02;1.7411105e-01;1.7250000e+02;1.2663284e-01;1.7250000e+02;8.3971873e-02;1.7250000e+02;4.5440145e-02;1.7250000e+02;2.9781191e-03;1.7250000e+02;1.5125913e-02;1.7250000e+02;3.4341812e-02;1.7250000e+02;5.7420488e-02;1.7250000e+02;8.3538279e-02;1.7250000e+02;1.1312522e-01;1.7250000e+02;1.4486830e-01;1.7250000e+02;1.7973280e-01;1.7250000e+02;2.1837673e-01;1.7250000e+02;2.5792077e-01;1.7250000e+02;2.8223151e-01;1.7250000e+02;2.8080511e-01;1.7250000e+02;2.5356045e-01;1.7250000e+02;2.1671548e-01;1.7250000e+02;1.7411105e-01;1.7250000e+02;1.2663284e-01;1.7250000e+02;8.3971873e-02;1.7250000e+02;4.5440145e-02;1.7250000e+02;2.9781191e-03;1.7250000e+02;1.5125913e-02;1.7250000e+02;3.4341812e-02;1.7250000e+02;5.7420488e-02;1.7250000e+02;8.3538279e-02;1.7250000e+02;1.1312522e-01;1.7250000e+02;1.4486830e-01;1.7250000e+02;1.7973280e-01;1.7250000e+02;2.1837673e-01;1.7250000e+02;2.5792077e-01;1.7250000e+02;2.8223151e-01;1.7250000e+02;2.8080511e-01;1.7250000e+02;2.5356045e-01;1.7250000e+02;2.1671548e-01;1.7250000e+02;1.7411105e-01;1.7250000e+02;1.2663284e-01;1.7250000e+02;8.3971873e-02;1.7250000e+02;4.5440145e-02;1.7250000e+02;2.9781191e-03;1.7250000e+02;1.5125913e-02;1.7250000e+02;3.4341812e-02;1.7250000e+02;5.7420488e-02;1.7250000e+02;8.3538279e-02;1.7250000e+02;1.1312522e-01;1.7250000e+02;1.4486830e-01;1.7250000e+02;1.7973280e-01;1.7250000e+02;2.1837673e-01;1.7250000e+02;2.5792077e-01;1.7250000e+02;2.8223151e-01;1.7250000e+02;2.8080511e-01;1.7250000e+02;2.5356045e-01;1.7250000e+02;2.1671548e-01;1.7250000e+02;1.7411105e-01;1.7250000e+02;1.2663284e-01;1.7250000e+02;8.3971873e-02;1.7250000e+02;4.5440145e-02;1.7250000e+02;2.9781191e-03;1.7250000e+02;1.5125913e-02;1.7250000e+02;3.4341812e-02;1.7250000e+02;5.7420488e-02;1.7250000e+02;8.3538279e-02;1.7250000e+02;1.1312522e-01;1.7250000e+02;1.4486830e-01;1.7250000e+02;1.7973280e-01;1.7250000e+02;2.1837673e-01;1.7250000e+02;2.5792077e-01;1.7250000e+02;2.8223151e-01;1.7250000e+02;2.8080511e-01;1.7250000e+02;2.5356045e-01;1.7250000e+02;2.1671548e-01;1.7250000e+02;1.7411105e-01;1.7250000e+02;1.2663284e-01;1.7250000e+02;8.3971873e-02;1.7250000e+02;4.5440145e-02;1.7250000e+02;2.9781191e-03;1.7250000e+02;1.5125913e-02;1.7250000e+02;3.4341812e-02;1.7250000e+02;5.7420488e-02;1.7250000e+02;8.3538279e-02;1.7250000e+02;1.1312522e-01;1.7250000e+02;1.4486830e-01;1.7250000e+02;1.7973280e-01;1.7250000e+02;2.1837673e-01;1.7250000e+02;2.5792077e-01;1.7250000e+02;2.8223151e-01;1.7250000e+02;2.8080511e-01;1.7250000e+02;2.5356045e-01;1.7250000e+02;2.1671548e-01;1.7250000e+02;1.7411105e-01;1.7250000e+02;1.2663284e-01;1.7250000e+02;8.3971873e-02;1.7250000e+02;4.5440145e-02;1.7250000e+02;2.9781191e-03;1.7250000e+02;1.5125913e-02;1.7250000e+02;3.4341812e-02;1.7250000e+02;5.7420488e-02;1.7250000e+02;8.3538279e-02;1.7250000e+02;1.1312522e-01;1.7250000e+02;1.4486830e-01;1.7250000e+02;1.7973280e-01;1.7250000e+02;2.1837673e-01;1.7250000e+02;2.5792077e-01;1.7250000e+02;2.8223151e-01;1.7250000e+02;2.8080511e-01;1.7250000e+02;2.5356045e-01;1.7250000e+02;2.1671548e-01;1.7250000e+02;1.7411105e-01;1.7250000e+02;1.2663284e-01;1.7250000e+02;8.3971873e-02;1.7250000e+02;4.5440145e-02;1.7250000e+02;2.9781191e-03;1.7250000e+02;1.5125913e-02;1.7250000e+02;3.4341812e-02;1.7250000e+02;5.7420488e-02;1.7250000e+02;8.3538279e-02;1.7250000e+02;1.1312522e-01;1.7250000e+02;1.4486830e-01;1.7250000e+02;1.7973280e-01;1.7250000e+02;2.1837673e-01;1.7250000e+02;2.5792077e-01;1.7250000e+02;2.8223151e-01;1.7250000e+02;2.8080511e-01;1.7250000e+02;2.5356045e-01;1.7250000e+02;2.1671548e-01;1.7250000e+02;1.7411105e-01;1.7250000e+02;1.2663284e-01;1.7250000e+02;8.3971873e-02;1.7250000e+02;4.5440145e-02;1.7250000e+02;2.9781191e-03;1.7250000e+02;1.5125913e-02;1.7250000e+02;3.4341812e-02;1.7250000e+02;5.7420488e-02;1.7250000e+02;8.3538279e-02;1.7250000e+02;1.1312522e-01;1.7250000e+02;1.4486830e-01;1.7250000e+02;1.7973280e-01;1.7250000e+02;2.1837673e-01;1.7250000e+02;2.5792077e-01;1.7250000e+02;2.8223151e-01;1.7250000e+02;2.8080511e-01;1.7250000e+02;2.5356045e-01;1.7250000e+02;2.1671548e-01;1.7250000e+02;1.7411105e-01;1.7250000e+02;1.2663284e-01;1.7250000e+02;8.3971873e-02;1.7250000e+02;4.5440145e-02;1.7250000e+02;2.9781191e-03;1.7250000e+02;1.5125913e-02;1.7250000e+02;3.4341812e-02;1.7250000e+02;5.7420488e-02;1.7250000e+02;8.3538279e-02;1.7250000e+02;1.1312522e-01;1.7250000e+02;1.4486830e-01;1.7250000e+02;1.7973280e-01;1.7250000e+02;2.1837673e-01;1.7250000e+02;2.5792077e-01;1.7250000e+02;2.8223151e-01;1.7250000e+02;2.8080511e-01;1.7250000e+02;2.5356045e-01;1.7250000e+02;2.1671548e-01;1.7250000e+02;1.7411105e-01;1.7250000e+02;1.2663284e-01;1.7250000e+02;8.3971873e-02;1.7250000e+02;4.5440145e-02;1.7250000e+02;2.9781191e-03;1.7250000e+02;1.5125913e-02;1.7250000e+02;3.4341812e-02;1.7250000e+02;5.7420488e-02;1.7250000e+02;8.3538279e-02;1.7250000e+02;1.1312522e-01;1.7250000e+02;1.4486830e-01;1.7250000e+02;1.7973280e-01;1.7250000e+02;2.1837673e-01;1.7250000e+02;2.5792077e-01;1.7250000e+02;2.8223151e-01;1.7250000e+02;2.8080511e-01;1.7250000e+02;2.5356045e-01;1.7250000e+02;2.1671548e-01;1.7250000e+02;1.7411105e-01;1.7250000e+02;1.2663284e-01;1.7250000e+02;8.3971873e-02;1.7250000e+02;4.5440145e-02;1.7250000e+02;2.9781191e-03;1.7250000e+02;1.5125913e-02;1.7250000e+02;3.4341812e-02;1.7250000e+02;5.7420488e-02;1.7250000e+02;8.3538279e-02;1.7250000e+02;1.1312522e-01;1.7250000e+02;1.4486830e-01;1.7250000e+02;1.7973280e-01;1.7250000e+02;2.1837673e-01;1.7250000e+02;2.5792077e-01;1.7250000e+02;2.8223151e-01;1.7250000e+02;2.8080511e-01;1.7250000e+02;2.5356045e-01;1.7250000e+02;2.1671548e-01;1.7250000e+02;1.7411105e-01;1.7250000e+02;1.2663284e-01;1.7250000e+02;8.3971873e-02;1.7250000e+02;4.5440145e-02;1.7250000e+02;2.9781191e-03;1.7250000e+02;1.5125913e-02;1.7250000e+02;3.4341812e-02;1.7250000e+02;5.7420488e-02;1.7250000e+02;8.3538279e-02;1.7250000e+02;1.1312522e-01;1.7250000e+02;1.4486830e-01;1.7250000e+02;1.7973280e-01;1.7250000e+02;2.1837673e-01;1.7250000e+02;2.5792077e-01;1.7250000e+02;2.8223151e-01;1.7250000e+02;2.8080511e-01;1.7250000e+02;2.5356045e-01;1.7250000e+02;2.1671548e-01;1.7250000e+02;1.7411105e-01;1.7250000e+02;1.2663284e-01;1.7250000e+02;8.3971873e-02;1.7250000e+02;4.5440145e-02;1.7250000e+02;2.9781191e-03;1.7250000e+02;1.5125913e-02;1.7250000e+02;3.4341812e-02;1.7250000e+02;5.7420488e-02;1.7250000e+02;8.3538279e-02;1.7250000e+02;1.1312522e-01;1.7250000e+02;1.4486830e-01;1.7250000e+02;1.7973280e-01;1.7250000e+02;2.1837673e-01;1.7250000e+02;2.5792077e-01;1.7250000e+02;2.8223151e-01;1.7250000e+02;2.8080511e-01;1.7250000e+02;2.5356045e-01;1.7250000e+02;2.1671548e-01;1.7250000e+02;1.7411105e-01;1.7250000e+02;1.2663284e-01;1.7250000e+02;8.3971873e-02;1.7250000e+02;4.5440145e-02;1.7250000e+02;2.9781191e-03;1.7250000e+02;1.5125913e-02;1.7250000e+02;3.4341812e-02;1.7250000e+02;5.7420488e-02;1.7250000e+02;8.3538279e-02;1.7250000e+02;1.1312522e-01;1.7250000e+02;1.4486830e-01;1.7250000e+02;1.7973280e-01;1.7250000e+02;2.1837673e-01;1.7250000e+02;2.5792077e-01;1.7250000e+02;2.8223151e-01;1.7250000e+02;2.8080511e-01;1.7250000e+02;2.5356045e-01;1.7250000e+02;2.1671548e-01;1.7250000e+02;1.7411105e-01;1.7250000e+02;1.2663284e-01;1.7250000e+02;8.3971873e-02;1.7250000e+02;4.5440145e-02;1.7250000e+02;2.9781191e-03;1.7250000e+02;1.5125913e-02;1.7250000e+02;3.4341812e-02;1.7250000e+02;5.7420488e-02;1.7250000e+02;8.3538279e-02;1.7250000e+02;1.1312522e-01;1.7250000e+02;1.4486830e-01;1.7250000e+02;1.7973280e-01;1.7250000e+02;2.1837673e-01;1.7250000e+02;2.5792077e-01;1.7250000e+02;2.8223151e-01;1.7250000e+02;2.8080511e-01;1.7250000e+02;2.5356045e-01;1.7250000e+02;2.1671548e-01;1.7250000e+02;1.7411105e-01;1.7250000e+02;1.2663284e-01;1.7250000e+02;8.3971873e-02;1.7250000e+02;4.5440145e-02;1.7250000e+02;2.9781191e-03;1.7250000e+02;1.5125913e-02;1.7250000e+02;3.4341812e-02;1.7250000e+02;5.7420488e-02;1.7250000e+02;8.3538279e-02;1.7250000e+02;1.1312522e-01;1.7250000e+02;1.4486830e-01;1.7250000e+02;1.7973280e-01;1.7250000e+02;2.1837673e-01;1.7250000e+02;2.5792077e-01;1.7250000e+02;2.8223151e-01;1.7250000e+02;2.8080511e-01;1.7250000e+02;2.5356045e-01;1.7250000e+02;2.1671548e-01;1.7250000e+02;1.7411105e-01;1.7250000e+02;1.2663284e-01;1.7250000e+02;8.3971873e-02;1.7250000e+02;4.5440145e-02;1.7250000e+02;2.9781191e-03;1.7250000e+02;1.5125913e-02;1.7250000e+02;3.4341812e-02;1.7250000e+02;5.7420488e-02;1.7250000e+02;8.3538279e-02;1.7250000e+02;1.1312522e-01;1.7250000e+02;1.4486830e-01;1.7250000e+02;1.7973280e-01;1.7250000e+02;2.1837673e-01;1.7250000e+02;2.5792077e-01;1.7250000e+02;2.8223151e-01;1.7250000e+02;2.8080511e-01;1.7250000e+02;2.5356045e-01;1.7250000e+02;2.1671548e-01;1.7250000e+02;1.7411105e-01;1.7250000e+02;1.2663284e-01;1.7250000e+02;8.3971873e-02;1.7250000e+02;4.5440145e-02;1.7250000e+02;2.9781191e-03;1.7250000e+02;1.5125913e-02;1.7250000e+02;3.4341812e-02;1.7250000e+02;5.7420488e-02;1.7250000e+02;8.3538279e-02;1.7250000e+02;1.1312522e-01;1.7250000e+02;1.4486830e-01;1.7250000e+02;1.7973280e-01;1.7250000e+02;2.1837673e-01;1.7250000e+02;2.5792077e-01;1.7250000e+02;2.8223151e-01;1.7250000e+02;2.8080511e-01;1.7250000e+02;2.5356045e-01;1.7250000e+02;2.1671548e-01;1.7250000e+02;1.7411105e-01;1.7250000e+02;1.2663284e-01;1.7250000e+02;8.3971873e-02;1.7250000e+02;4.5440145e-02;1.7250000e+02;2.9781191e-03;1.7250000e+02;1.5125913e-02;1.7250000e+02;3.4341812e-02;1.7250000e+02;5.7420488e-02;1.7250000e+02;8.3538279e-02;1.7250000e+02;1.1312522e-01;1.7250000e+02;1.4486830e-01;1.7250000e+02;1.7973280e-01;1.7250000e+02;2.1837673e-01;1.7250000e+02;2.5792077e-01;1.7250000e+02;2.8223151e-01;1.7250000e+02;2.8080511e-01;1.7250000e+02;2.5356045e-01;1.7250000e+02;2.1671548e-01;1.7250000e+02;1.7411105e-01;1.7250000e+02;1.2663284e-01;1.7250000e+02;8.3971873e-02;1.7250000e+02;4.5440145e-02;1.7250000e+02;2.9781191e-03;1.7250000e+02;1.5125913e-02;1.7250000e+02;3.4341812e-02;1.7250000e+02;5.7420488e-02;1.7250000e+02;8.3538279e-02;1.7250000e+02;1.1312522e-01;1.7250000e+02;1.4486830e-01;1.7250000e+02;1.7973280e-01;1.7250000e+02;2.1837673e-01;1.7250000e+02;2.5792077e-01;1.7250000e+02;2.8223151e-01;1.7250000e+02;2.8080511e-01;1.7250000e+02;2.5356045e-01;1.7250000e+02;2.1671548e-01;1.7250000e+02;1.7411105e-01;1.7250000e+02;1.2663284e-01;1.7250000e+02;8.3971873e-02;1.7250000e+02;4.5440145e-02;1.7250000e+02;2.9781191e-03;1.7250000e+02;1.5125913e-02;1.7250000e+02;3.4341812e-02;1.7250000e+02;5.7420488e-02;1.7250000e+02;8.3538279e-02;1.7250000e+02;1.1312522e-01;1.7250000e+02;1.4486830e-01;1.7250000e+02;1.7973280e-01;1.7250000e+02;2.1837673e-01;1.7250000e+02;2.5792077e-01;1.7250000e+02;2.8223151e-01;1.7250000e+02;2.8080511e-01;1.7250000e+02;2.5356045e-01;1.7250000e+02;2.1671548e-01;1.7250000e+02;1.7411105e-01;1.7250000e+02;1.2663284e-01;1.7250000e+02;8.3971873e-02;1.7250000e+02;4.5440145e-02;1.7250000e+02;2.9781191e-03;1.7250000e+02;1.5125913e-02;1.7250000e+02;3.4341812e-02;1.7250000e+02;5.7420488e-02;1.7250000e+02;8.3538279e-02;1.7250000e+02;1.1312522e-01;1.7250000e+02;1.4486830e-01;1.7250000e+02;1.7973280e-01;1.7250000e+02;2.1837673e-01;1.7250000e+02;2.5792077e-01;1.7250000e+02;2.8223151e-01;1.7250000e+02;2.8080511e-01;1.7250000e+02;2.5356045e-01;1.7250000e+02;2.1671548e-01;1.7250000e+02;1.7411105e-01;1.7250000e+02;1.2663284e-01;1.7250000e+02;8.3971873e-02;1.7250000e+02;4.5440145e-02;1.7250000e+02;2.9781191e-03;1.7250000e+02;1.5125913e-02;1.7250000e+02;3.4341812e-02;1.7250000e+02;5.7420488e-02;1.7250000e+02;8.3538279e-02;1.7250000e+02;1.1312522e-01;1.7250000e+02;1.4486830e-01;1.7250000e+02;1.7973280e-01;1.7250000e+02;2.1837673e-01;1.7250000e+02;2.5792077e-01;1.7250000e+02;2.8223151e-01;1.7250000e+02;2.8080511e-01;1.7250000e+02;2.5356045e-01;1.7250000e+02;2.1671548e-01;1.7250000e+02;1.7411105e-01;1.7250000e+02;1.2663284e-01;1.7250000e+02;8.3971873e-02;1.7250000e+02;4.5440145e-02;1.7250000e+02;2.9781191e-03;1.7250000e+02;1.5125913e-02;1.7250000e+02;3.4341812e-02;1.7250000e+02;5.7420488e-02;1.7250000e+02;8.3538279e-02;1.7250000e+02;1.1312522e-01;1.7250000e+02;1.4486830e-01;1.7250000e+02;1.7973280e-01;1.7250000e+02;2.1837673e-01;1.7250000e+02;2.5792077e-01;1.7250000e+02;2.8223151e-01;1.7250000e+02;2.8080511e-01;1.7250000e+02;2.5356045e-01;1.7250000e+02;2.1671548e-01;1.7250000e+02;1.7411105e-01;1.7250000e+02;1.2663284e-01;1.7250000e+02;8.3971873e-02;1.7250000e+02;4.5440145e-02;1.7250000e+02;2.9781191e-03;1.7250000e+02;1.5125913e-02;1.7250000e+02;3.4341812e-02;1.7250000e+02;5.7420488e-02;1.7250000e+02;8.3538279e-02;1.7250000e+02;1.1312522e-01;1.7250000e+02;1.4486830e-01;1.7250000e+02;1.7973280e-01;1.7250000e+02;2.1837673e-01;1.7250000e+02;2.5792077e-01;1.7250000e+02;2.8223151e-01;1.7250000e+02;2.8080511e-01;1.7250000e+02;2.5356045e-01;1.7250000e+02;2.1671548e-01;1.7250000e+02;1.7411105e-01;1.7250000e+02;1.2663284e-01;1.7250000e+02;8.3971873e-02;1.7250000e+02;4.5440145e-02;1.7250000e+02;2.9781191e-03;1.7250000e+02;1.5125913e-02;1.7250000e+02;3.4341812e-02;1.7250000e+02;5.7420488e-02;1.7250000e+02;8.3538279e-02;1.7250000e+02;1.1312522e-01;1.7250000e+02;1.4486830e-01;1.7250000e+02;1.7973280e-01;1.7250000e+02;2.1837673e-01;1.7250000e+02;2.5792077e-01;1.7250000e+02;2.8223151e-01;1.7250000e+02;2.8080511e-01;1.7250000e+02;2.5356045e-01;1.7250000e+02;2.1671548e-01;1.7250000e+02;1.7411105e-01;1.7250000e+02;1.2663284e-01;1.7250000e+02;8.3971873e-02;1.7250000e+02;4.5440145e-02;1.7250000e+02;2.9781191e-03;1.7250000e+02;1.5125913e-02;1.7250000e+02;3.4341812e-02;1.7250000e+02;5.7420488e-02;1.7250000e+02;8.3538279e-02;1.7250000e+02;1.1312522e-01;1.7250000e+02;1.4486830e-01;1.7250000e+02;1.7973280e-01;1.7250000e+02;2.1837673e-01;1.7250000e+02;2.5792077e-01;1.7250000e+02;2.8223151e-01;1.7250000e+02;2.8080511e-01;1.7250000e+02;2.5356045e-01;1.7250000e+02;2.1671548e-01;1.7250000e+02;1.7411105e-01;1.7250000e+02;1.2663284e-01;1.7250000e+02;8.3971873e-02;1.7250000e+02;4.5440145e-02;1.7250000e+02;2.9781191e-03;1.7250000e+02;1.5125913e-02;1.7250000e+02;3.4341812e-02;1.7250000e+02;5.7420488e-02;1.7250000e+02;8.3538279e-02;1.7250000e+02;1.1312522e-01;1.7250000e+02;1.4486830e-01;1.7250000e+02;1.7973280e-01;1.7250000e+02;2.1837673e-01;1.7250000e+02;2.5792077e-01;1.7250000e+02;2.8223151e-01;1.7250000e+02;2.8080511e-01;1.7250000e+02;2.5356045e-01;1.7250000e+02;2.1671548e-01;1.7250000e+02;1.7411105e-01;1.7250000e+02;1.2663284e-01;1.7250000e+02;8.3971873e-02;1.7250000e+02;4.5440145e-02;1.7250000e+02;2.9781191e-03;1.7250000e+02;1.5125913e-02;1.7250000e+02;3.4341812e-02;1.7250000e+02;5.7420488e-02;1.7250000e+02;8.3538279e-02;1.7250000e+02;1.1312522e-01;1.7250000e+02;1.4486830e-01;1.7250000e+02;1.7973280e-01;1.7250000e+02;2.1837673e-01;1.7250000e+02;2.5792077e-01;1.7250000e+02;2.8223151e-01;1.7250000e+02;2.8080511e-01;1.7250000e+02;2.5356045e-01;1.7250000e+02;2.1671548e-01;1.7250000e+02;1.7411105e-01;1.7250000e+02;1.2663284e-01;1.7250000e+02;8.3971873e-02;1.7250000e+02;4.5440145e-02;1.7250000e+02;2.9781191e-03;1.7250000e+02;1.5125913e-02;1.7250000e+02;3.4341812e-02;1.7250000e+02;5.7420488e-02;1.7250000e+02;8.3538279e-02;1.7250000e+02;1.1312522e-01;1.7250000e+02;1.4486830e-01;1.7250000e+02;1.7973280e-01;1.7250000e+02;2.1837673e-01;1.7250000e+02;2.5792077e-01;1.7250000e+02;2.8223151e-01;1.7250000e+02;2.8080511e-01;1.7250000e+02;2.5356045e-01;1.7250000e+02;2.1671548e-01;1.7250000e+02;1.7411105e-01;1.7250000e+02;1.2663284e-01;1.7250000e+02;8.3971873e-02;1.7250000e+02;4.5440145e-02;1.7250000e+02;2.9781191e-03;1.7250000e+02;1.5125913e-02;1.7250000e+02;3.4341812e-02;1.7250000e+02;5.7420488e-02;1.7250000e+02;8.3538279e-02;1.7250000e+02;1.1312522e-01;1.7250000e+02;1.4486830e-01;1.7250000e+02;1.7973280e-01;1.7250000e+02;2.1837673e-01;1.7250000e+02;2.5792077e-01;1.7250000e+02;2.8223151e-01;1.7250000e+02;2.8080511e-01;1.7250000e+02;2.5356045e-01;1.7250000e+02;2.1671548e-01;1.7250000e+02;1.7411105e-01;1.7250000e+02;1.2663284e-01;1.7250000e+02;8.3971873e-02;1.7250000e+02;4.5440145e-02;1.7250000e+02;2.9781191e-03;1.7250000e+02;1.5125913e-02;1.7250000e+02;3.4341812e-02;1.7250000e+02;5.7420488e-02;1.7250000e+02;8.3538279e-02;1.7250000e+02;1.1312522e-01;1.7250000e+02;1.4486830e-01;1.7250000e+02;1.7973280e-01;1.7250000e+02;2.1837673e-01;1.7250000e+02;2.5792077e-01;1.7250000e+02;2.8223151e-01;1.7250000e+02;2.8080511e-01;1.7250000e+02;2.5356045e-01;1.7250000e+02;2.1671548e-01;1.7250000e+02;1.7411105e-01;1.7250000e+02;1.2663284e-01;1.7250000e+02;8.3971873e-02;1.7250000e+02;4.5440145e-02;1.7250000e+02;2.9781191e-03;1.7250000e+02;1.5125913e-02;1.7250000e+02;3.4341812e-02;1.7250000e+02;5.7420488e-02;1.7250000e+02;8.3538279e-02;1.7250000e+02;1.1312522e-01;1.7250000e+02;1.4486830e-01;1.7250000e+02;1.7973280e-01;1.7250000e+02;2.1837673e-01;1.7250000e+02;2.5792077e-01;1.7250000e+02;2.8223151e-01;1.7250000e+02;2.8080511e-01;1.7250000e+02;2.5356045e-01;1.7250000e+02;2.1671548e-01;1.7250000e+02;1.7411105e-01;1.7250000e+02;1.2663284e-01;1.7250000e+02;8.3971873e-02;1.7250000e+02;4.5440145e-02;1.7250000e+02;2.9781191e-03;1.7250000e+02;1.5125913e-02;1.7250000e+02;3.4341812e-02;1.7250000e+02;5.7420488e-02;1.7250000e+02;8.3538279e-02;1.7250000e+02;1.1312522e-01;1.7250000e+02;1.4486830e-01;1.7250000e+02;1.7973280e-01;1.7250000e+02;2.1837673e-01;1.7250000e+02;2.5792077e-01;1.7250000e+02;2.8223151e-01;1.7250000e+02;2.8080511e-01;1.7250000e+02;2.5356045e-01;1.7250000e+02;2.1671548e-01;1.7250000e+02;1.7411105e-01;1.7250000e+02;1.2663284e-01;1.7250000e+02;8.3971873e-02;1.7250000e+02;4.5440145e-02;1.7250000e+02;2.9781191e-03;1.7250000e+02;1.5125913e-02;1.7250000e+02;3.4341812e-02;1.7250000e+02;5.7420488e-02;1.7250000e+02;8.3538279e-02;1.7250000e+02;1.1312522e-01;1.7250000e+02;1.4486830e-01;1.7250000e+02;1.7973280e-01;1.7250000e+02;2.1837673e-01;1.7250000e+02;2.5792077e-01;1.7250000e+02;2.8223151e-01;1.7250000e+02;2.8080511e-01;1.7250000e+02;2.5356045e-01;1.7250000e+02;2.1671548e-01;1.7250000e+02;1.7411105e-01;1.7250000e+02;1.2663284e-01;1.7250000e+02;8.3971873e-02;1.7250000e+02;4.5440145e-02;1.7250000e+02;2.9781191e-03;1.7250000e+02;1.5125913e-02;1.7250000e+02;3.4341812e-02;1.7250000e+02;5.7420488e-02;1.7250000e+02;8.3538279e-02;1.7250000e+02;1.1312522e-01;1.7250000e+02;1.4486830e-01;1.7250000e+02;1.7973280e-01;1.7250000e+02;2.1837673e-01;1.7250000e+02;2.5792077e-01;1.7250000e+02;2.8223151e-01;1.7250000e+02;2.8080511e-01;1.7250000e+02;2.5356045e-01;1.7250000e+02;2.1671548e-01;1.7250000e+02;1.7411105e-01;1.7250000e+02;1.2663284e-01;1.7250000e+02;8.3971873e-02;1.7250000e+02;4.5440145e-02;1.7250000e+02;2.9781191e-03;1.7250000e+02;1.5125913e-02;1.7250000e+02;3.4341812e-02;1.7250000e+02;5.7420488e-02;1.7250000e+02;8.3538279e-02;1.7250000e+02;1.1312522e-01;1.7250000e+02;1.4486830e-01;1.7250000e+02;1.7973280e-01;1.7250000e+02;2.1837673e-01;1.7250000e+02;2.5792077e-01;1.7250000e+02;2.8223151e-01;1.7250000e+02;2.8080511e-01;1.7250000e+02;2.5356045e-01;1.7250000e+02;2.1671548e-01;1.7250000e+02;1.7411105e-01;1.7250000e+02;1.2663284e-01;1.7250000e+02;8.3971873e-02;1.7250000e+02;4.5440145e-02;1.7250000e+02;2.9781191e-03;1.7250000e+02;1.5125913e-02;1.7250000e+02;3.4341812e-02;1.7250000e+02;5.7420488e-02;1.7250000e+02;8.3538279e-02;1.7250000e+02;1.1312522e-01;1.7250000e+02;1.4486830e-01;1.7250000e+02;1.7973280e-01;1.7250000e+02;2.1837673e-01;1.7250000e+02;2.5792077e-01;1.7250000e+02;2.8223151e-01;1.7250000e+02;2.8080511e-01;1.7250000e+02;2.5356045e-01;1.7250000e+02;2.1671548e-01;1.7250000e+02;1.7411105e-01;1.7250000e+02;1.2663284e-01;1.7250000e+02;8.3971873e-02;1.7250000e+02;4.5440145e-02;1.7250000e+02;2.9781191e-03;1.7250000e+02;1.5125913e-02;1.7250000e+02;3.4341812e-02;1.7250000e+02;5.7420488e-02;1.7250000e+02;8.3538279e-02;1.7250000e+02;1.1312522e-01;1.7250000e+02;1.4486830e-01;1.7250000e+02;1.7973280e-01;1.7250000e+02;2.1837673e-01;1.7250000e+02;2.5792077e-01;1.7250000e+02;2.8223151e-01;1.7250000e+02;2.8080511e-01;1.7250000e+02;2.5356045e-01;1.7250000e+02;2.1671548e-01;1.7250000e+02;1.7411105e-01;1.7250000e+02;1.2663284e-01;1.7250000e+02;8.3971873e-02;1.7250000e+02;4.5440145e-02;1.7250000e+02;2.9781191e-03;1.7250000e+02;1.5125913e-02;1.7250000e+02;3.4341812e-02;1.7250000e+02;5.7420488e-02;1.7250000e+02;8.3538279e-02;1.7250000e+02;1.1312522e-01;1.7250000e+02;1.4486830e-01;1.7250000e+02;1.7973280e-01;1.7250000e+02;2.1837673e-01;1.7250000e+02;2.5792077e-01;1.7250000e+02;2.8223151e-01;1.7250000e+02;2.8080511e-01;1.7250000e+02;2.5356045e-01;1.7250000e+02;2.1671548e-01;1.7250000e+02;1.7411105e-01;1.7250000e+02;1.2663284e-01;1.7250000e+02;8.3971873e-02;1.7250000e+02;4.5440145e-02;1.7250000e+02;2.9781191e-03;1.7250000e+02;1.5125913e-02;1.7250000e+02;3.4341812e-02;1.7250000e+02;5.7420488e-02;1.7250000e+02;8.3538279e-02;1.7250000e+02;1.1312522e-01;1.7250000e+02;1.4486830e-01;1.7250000e+02;1.7973280e-01;1.7250000e+02;2.1837673e-01;1.7250000e+02;2.5792077e-01;1.7250000e+02;2.8223151e-01;1.7250000e+02;2.8080511e-01;1.7250000e+02;2.5356045e-01;1.7250000e+02;2.1671548e-01;1.7250000e+02;1.7411105e-01;1.7250000e+02;1.2663284e-01;1.7250000e+02;8.3971873e-02;1.7250000e+02;4.5440145e-02;1.7250000e+02;2.9781191e-03;1.7250000e+02;1.5125913e-02;1.7250000e+02;3.4341812e-02;1.7250000e+02;5.7420488e-02;1.7250000e+02;8.3538279e-02;1.7250000e+02;1.1312522e-01;1.7250000e+02;1.4486830e-01;1.7250000e+02;1.7973280e-01;1.7250000e+02;2.1837673e-01;1.7250000e+02;2.5792077e-01;1.7250000e+02;2.8223151e-01;1.7250000e+02;2.8080511e-01;1.7250000e+02;2.5356045e-01;1.7250000e+02;2.1671548e-01;1.7250000e+02;1.7411105e-01;1.7250000e+02;1.2663284e-01;1.7250000e+02;8.3971873e-02;1.7250000e+02;4.5440145e-02;1.7250000e+02;2.9781191e-03;1.7250000e+02;1.5125913e-02;1.7250000e+02;3.4341812e-02;1.7250000e+02;5.7420488e-02;1.7250000e+02;8.3538279e-02;1.7250000e+02;1.1312522e-01;1.7250000e+02;1.4486830e-01;1.7250000e+02;1.7973280e-01;1.7250000e+02;2.1837673e-01;1.7250000e+02;2.5792077e-01;1.7250000e+02;2.8223151e-01;1.7250000e+02;2.8080511e-01;1.7250000e+02;2.5356045e-01;1.7250000e+02;2.1671548e-01;1.7250000e+02;1.7411105e-01;1.7250000e+02;1.2663284e-01;1.7250000e+02;8.3971873e-02;1.7250000e+02;4.5440145e-02;1.7250000e+02;2.9781191e-03;1.7250000e+02;1.5125913e-02;1.7250000e+02;3.4341812e-02;1.7250000e+02;5.7420488e-02;1.7250000e+02;8.3538279e-02;1.7250000e+02;1.1312522e-01;1.7250000e+02;1.4486830e-01;1.7250000e+02;1.7973280e-01;1.7250000e+02;2.1837673e-01;1.7250000e+02;2.5792077e-01;1.7250000e+02;2.8223151e-01;1.7250000e+02;2.8080511e-01;1.7250000e+02;2.5356045e-01;1.7250000e+02;2.1671548e-01;1.7250000e+02;1.7411105e-01;1.7250000e+02;1.2663284e-01;1.7250000e+02;8.3971873e-02;1.7250000e+02;4.5440145e-02;1.7250000e+02;2.9781191e-03;1.7250000e+02;1.5125913e-02;1.7250000e+02;3.4341812e-02;1.7250000e+02;5.7420488e-02;1.7250000e+02;8.3538279e-02;1.7250000e+02;1.1312522e-01;1.7250000e+02;1.4486830e-01;1.7250000e+02;1.7973280e-01;1.7250000e+02;2.1837673e-01;1.7250000e+02;2.5792077e-01;1.7250000e+02;2.8223151e-01;1.7250000e+02;2.8080511e-01;1.7250000e+02;2.5356045e-01;1.7250000e+02;2.1671548e-01;1.7250000e+02;1.7411105e-01;1.7250000e+02;1.2663284e-01;1.7250000e+02;8.3971873e-02;1.7250000e+02;4.5440145e-02;1.7250000e+02;2.9781191e-03;1.7250000e+02;1.5125913e-02;1.7250000e+02;3.4341812e-02;1.7250000e+02;5.7420488e-02;1.7250000e+02;8.3538279e-02;1.7250000e+02;1.1312522e-01;1.7250000e+02;1.4486830e-01;1.7250000e+02;1.7973280e-01;1.7250000e+02;2.1837673e-01;1.7250000e+02;2.5792077e-01;1.7250000e+02;2.8223151e-01;1.7250000e+02;2.8080511e-01;1.7250000e+02;2.5356045e-01;1.7250000e+02;2.1671548e-01;1.7250000e+02;1.7411105e-01;1.7250000e+02;1.2663284e-01;1.7250000e+02;8.3971873e-02;1.7250000e+02;4.5440145e-02;1.7250000e+02;2.9781191e-03;1.7250000e+02;1.5125913e-02;1.7250000e+02;3.4341812e-02;1.7250000e+02;5.7420488e-02;1.7250000e+02;8.3538279e-02;1.7250000e+02;1.1312522e-01;1.7250000e+02;1.4486830e-01;1.7250000e+02;1.7973280e-01;1.7250000e+02;2.1837673e-01;1.7250000e+02;2.5792077e-01;1.7250000e+02;2.8223151e-01;1.7250000e+02;2.8080511e-01;1.7250000e+02;2.5356045e-01;1.7250000e+02;2.1671548e-01;1.7250000e+02;1.7411105e-01;1.7250000e+02;1.2663284e-01;1.7250000e+02;8.3971873e-02;1.7250000e+02;4.5440145e-02;1.7250000e+02;2.9781191e-03;1.7250000e+02;1.5125913e-02;1.7250000e+02;3.4341812e-02;1.7250000e+02;5.7420488e-02;1.7250000e+02;8.3538279e-02;1.7250000e+02;1.1312522e-01;1.7250000e+02;1.4486830e-01;1.7250000e+02;1.7973280e-01;1.7250000e+02;2.1837673e-01;1.7250000e+02;2.5792077e-01;1.7250000e+02;2.8223151e-01;1.7250000e+02;2.8080511e-01;1.7250000e+02;2.5356045e-01;1.7250000e+02;2.1671548e-01;1.7250000e+02;1.7411105e-01;1.7250000e+02;1.2663284e-01;1.7250000e+02;8.3971873e-02;1.7250000e+02;4.5440145e-02;1.7250000e+02;2.9781191e-03;1.7250000e+02;1.5125913e-02;1.7250000e+02;3.4341812e-02;1.7250000e+02;5.7420488e-02;1.7250000e+02;8.3538279e-02;1.7250000e+02;1.1312522e-01;1.7250000e+02;1.4486830e-01;1.7250000e+02;1.7973280e-01;1.7250000e+02;2.1837673e-01;1.7250000e+02;2.5792077e-01;1.7250000e+02;2.8223151e-01;1.7250000e+02;2.8080511e-01;1.7250000e+02;2.5356045e-01;1.7250000e+02;2.1671548e-01;1.7250000e+02;1.7411105e-01;1.7250000e+02;1.2663284e-01;1.7250000e+02;8.3971873e-02;1.7250000e+02;4.5440145e-02;1.7250000e+02;2.9781191e-03;1.7250000e+02;1.5125913e-02;1.7250000e+02;3.4341812e-02;1.7250000e+02;5.7420488e-02;1.7250000e+02;8.3538279e-02;1.7250000e+02;1.1312522e-01;1.7250000e+02;1.4486830e-01;1.7250000e+02;1.7973280e-01;1.7250000e+02;2.1837673e-01;1.7250000e+02;2.5792077e-01;1.7250000e+02;2.8223151e-01;1.7250000e+02;2.8080511e-01;1.7250000e+02;2.5356045e-01;1.7250000e+02;2.1671548e-01;1.7250000e+02;1.7411105e-01;1.7250000e+02;1.2663284e-01;1.7250000e+02;8.3971873e-02;1.7250000e+02;4.5440145e-02;1.7250000e+02;2.9781191e-03;1.7250000e+02;1.5125913e-02;1.7250000e+02;3.4341812e-02;1.7250000e+02;5.7420488e-02;1.7250000e+02;8.3538279e-02;1.7250000e+02;1.1312522e-01;1.7250000e+02;1.4486830e-01;1.7250000e+02;1.7973280e-01;1.7250000e+02;2.1837673e-01;1.7250000e+02;2.5792077e-01;1.7250000e+02;2.8223151e-01;1.7250000e+02;2.8080511e-01;1.7250000e+02;2.5356045e-01;1.7250000e+02;2.1671548e-01;1.7250000e+02;1.7411105e-01;1.7250000e+02;1.2663284e-01;1.7250000e+02;8.3971873e-02;1.7250000e+02;4.5440145e-02;1.7250000e+02;2.9781191e-03;1.7250000e+02;1.5125913e-02;1.7250000e+02;3.4341812e-02;1.7250000e+02;5.7420488e-02;1.7250000e+02;8.3538279e-02;1.7250000e+02;1.1312522e-01;1.7250000e+02;1.4486830e-01;1.7250000e+02;1.7973280e-01;1.7250000e+02;2.1837673e-01;1.7250000e+02;2.5792077e-01;1.7250000e+02;2.8223151e-01;1.7250000e+02;2.8080511e-01;1.7250000e+02;2.5356045e-01;1.7250000e+02;2.1671548e-01;1.7250000e+02;1.7411105e-01;1.7250000e+02;1.2663284e-01;1.7250000e+02;8.3971873e-02;1.7250000e+02;4.5440145e-02;1.7250000e+02;2.9781191e-03;1.7250000e+02;1.5125913e-02;1.7250000e+02;3.4341812e-02;1.7250000e+02;5.7420488e-02;1.7250000e+02;8.3538279e-02;1.7250000e+02;1.1312522e-01;1.7250000e+02;1.4486830e-01;1.7250000e+02;1.7973280e-01;1.7250000e+02;2.1837673e-01;1.7250000e+02;2.5792077e-01;1.7250000e+02;2.8223151e-01;1.7250000e+02;2.8080511e-01;1.7250000e+02;2.5356045e-01;1.7250000e+02;2.1671548e-01;1.7250000e+02;1.7411105e-01;1.7250000e+02;1.2663284e-01;1.7250000e+02;8.3971873e-02;1.7250000e+02;4.5440145e-02;1.7250000e+02;2.9781191e-03;1.7250000e+02;1.5125913e-02;1.7250000e+02;3.4341812e-02;1.7250000e+02;5.7420488e-02;1.7250000e+02;8.3538279e-02;1.7250000e+02;1.1312522e-01;1.7250000e+02;1.4486830e-01;1.7250000e+02;1.7973280e-01;1.7250000e+02;2.1837673e-01;1.7250000e+02;2.5792077e-01;1.7250000e+02;2.8223151e-01;1.7250000e+02;2.8080511e-01;1.7250000e+02;2.5356045e-01;1.7250000e+02;2.1671548e-01;1.7250000e+02;1.7411105e-01;1.7250000e+02;1.2663284e-01;1.7250000e+02;8.3971873e-02;1.7250000e+02;4.5440145e-02;1.7250000e+02;2.9781191e-03;1.7250000e+02;1.5125913e-02;1.7250000e+02;3.4341812e-02;1.7250000e+02;5.7420488e-02;1.7250000e+02;8.3538279e-02;1.7250000e+02;1.1312522e-01;1.7250000e+02;1.4486830e-01;1.7250000e+02;1.7973280e-01;1.7250000e+02;2.1837673e-01;1.7250000e+02;2.5792077e-01;1.7250000e+02;2.8223151e-01;1.7250000e+02;2.8080511e-01;1.7250000e+02;2.5356045e-01;1.7250000e+02;2.1671548e-01;1.7250000e+02;1.7411105e-01;1.7250000e+02;1.2663284e-01;1.7250000e+02;8.3971873e-02;1.7250000e+02;4.5440145e-02
1.7750000e+02;4.2259935e-03;1.7750000e+02;1.6935732e-02;1.7750000e+02;3.6389790e-02;1.7750000e+02;6.0742203e-02;1.7750000e+02;8.8380799e-02;1.7750000e+02;1.1849001e-01;1.7750000e+02;1.5157637e-01;1.7750000e+02;1.8487719e-01;1.7750000e+02;2.2407734e-01;1.7750000e+02;2.6105067e-01;1.7750000e+02;2.8648669e-01;1.7750000e+02;2.8633195e-01;1.7750000e+02;2.6249230e-01;1.7750000e+02;2.2605954e-01;1.7750000e+02;1.8224853e-01;1.7750000e+02;1.3257746e-01;1.7750000e+02;8.7632649e-02;1.7750000e+02;4.7856897e-02;1.7750000e+02;4.2259935e-03;1.7750000e+02;1.6935732e-02;1.7750000e+02;3.6389790e-02;1.7750000e+02;6.0742203e-02;1.7750000e+02;8.8380799e-02;1.7750000e+02;1.1849001e-01;1.7750000e+02;1.5157637e-01;1.7750000e+02;1.8487719e-01;1.7750000e+02;2.2407734e-01;1.7750000e+02;2.6105067e-01;1.7750000e+02;2.8648669e-01;1.7750000e+02;2.8633195e-01;1.7750000e+02;2.6249230e-01;1.7750000e+02;2.2605954e-01;1.7750000e+02;1.8224853e-01;1.7750000e+02;1.3257746e-01;1.7750000e+02;8.7632649e-02;1.7750000e+02;4.7856897e-02;1.7750000e+02;4.2259935e-03;1.7750000e+02;1.6935732e-02;1.7750000e+02;3.6389790e-02;1.7750000e+02;6.0742203e-02;1.7750000e+02;8.8380799e-02;1.7750000e+02;1.1849001e-01;1.7750000e+02;1.5157637e-01;1.7750000e+02;1.8487719e-01;1.7750000e+02;2.2407734e-01;1.7750000e+02;2.6105067e-01;1.7750000e+02;2.8648669e-01;1.7750000e+02;2.8633195e-01;1.7750000e+02;2.6249230e-01;1.7750000e+02;2.2605954e-01;1.7750000e+02;1.8224853e-01;1.7750000e+02;1.3257746e-01;1.7750000e+02;8.7632649e-02;1.7750000e+02;4.7856897e-02;1.7750000e+02;4.2259935e-03;1.7750000e+02;1.6935732e-02;1.7750000e+02;3.6389790e-02;1.7750000e+02;6.0742203e-02;1.7750000e+02;8.8380799e-02;1.7750000e+02;1.1849001e-01;1.7750000e+02;1.5157637e-01;1.7750000e+02;1.8487719e-01;1.7750000e+02;2.2407734e-01;1.7750000e+02;2.6105067e-01;1.7750000e+02;2.8648669e-01;1.7750000e+02;2.8633195e-01;1.7750000e+02;2.6249230e-01;1.7750000e+02;2.2605954e-01;1.7750000e+02;1.8224853e-01;1.7750000e+02;1.3257746e-01;1.7750000e+02;8.7632649e-02;1.7750000e+02;4.7856897e-02;1.7750000e+02;4.2259935e-03;1.7750000e+02;1.6935732e-02;1.7750000e+02;3.6389790e-02;1.7750000e+02;6.0742203e-02;1.7750000e+02;8.8380799e-02;1.7750000e+02;1.1849001e-01;1.7750000e+02;1.5157637e-01;1.7750000e+02;1.8487719e-01;1.7750000e+02;2.2407734e-01;1.7750000e+02;2.6105067e-01;1.7750000e+02;2.8648669e-01;1.7750000e+02;2.8633195e-01;1.7750000e+02;2.6249230e-01;1.7750000e+02;2.2605954e-01;1.7750000e+02;1.8224853e-01;1.7750000e+02;1.3257746e-01;1.7750000e+02;8.7632649e-02;1.7750000e+02;4.7856897e-02;1.7750000e+02;4.2259935e-03;1.7750000e+02;1.6935732e-02;1.7750000e+02;3.6389790e-02;1.7750000e+02;6.0742203e-02;1.7750000e+02;8.8380799e-02;1.7750000e+02;1.1849001e-01;1.7750000e+02;1.5157637e-01;1.7750000e+02;1.8487719e-01;1.7750000e+02;2.2407734e-01;1.7750000e+02;2.6105067e-01;1.7750000e+02;2.8648669e-01;1.7750000e+02;2.8633195e-01;1.7750000e+02;2.6249230e-01;1.7750000e+02;2.2605954e-01;1.7750000e+02;1.8224853e-01;1.7750000e+02;1.3257746e-01;1.7750000e+02;8.7632649e-02;1.7750000e+02;4.7856897e-02;1.7750000e+02;4.2259935e-03;1.7750000e+02;1.6935732e-02;1.7750000e+02;3.6389790e-02;1.7750000e+02;6.0742203e-02;1.7750000e+02;8.8380799e-02;1.7750000e+02;1.1849001e-01;1.7750000e+02;1.5157637e-01;1.7750000e+02;1.8487719e-01;1.7750000e+02;2.2407734e-01;1.7750000e+02;2.6105067e-01;1.7750000e+02;2.8648669e-01;1.7750000e+02;2.8633195e-01;1.7750000e+02;2.6249230e-01;1.7750000e+02;2.2605954e-01;1.7750000e+02;1.8224853e-01;1.7750000e+02;1.3257746e-01;1.7750000e+02;8.7632649e-02;1.7750000e+02;4.7856897e-02;1.7750000e+02;4.2259935e-03;1.7750000e+02;1.6935732e-02;1.7750000e+02;3.6389790e-02;1.7750000e+02;6.0742203e-02;1.7750000e+02;8.8380799e-02;1.7750000e+02;1.1849001e-01;1.7750000e+02;1.5157637e-01;1.7750000e+02;1.8487719e-01;1.7750000e+02;2.2407734e-01;1.7750000e+02;2.6105067e-01;1.7750000e+02;2.8648669e-01;1.7750000e+02;2.8633195e-01;1.7750000e+02;2.6249230e-01;1.7750000e+02;2.2605954e-01;1.7750000e+02;1.8224853e-01;1.7750000e+02;1.3257746e-01;1.7750000e+02;8.7632649e-02;1.7750000e+02;4.7856897e-02;1.7750000e+02;4.2259935e-03;1.7750000e+02;1.6935732e-02;1.7750000e+02;3.6389790e-02;1.7750000e+02;6.0742203e-02;1.7750000e+02;8.8380799e-02;1.7750000e+02;1.1849001e-01;1.7750000e+02;1.5157637e-01;1.7750000e+02;1.8487719e-01;1.7750000e+02;2.2407734e-01;1.7750000e+02;2.6105067e-01;1.7750000e+02;2.8648669e-01;1.7750000e+02;2.8633195e-01;1.7750000e+02;2.6249230e-01;1.7750000e+02;2.2605954e-01;1.7750000e+02;1.8224853e-01;1.7750000e+02;1.3257746e-01;1.7750000e+02;8.7632649e-02;1.7750000e+02;4.7856897e-02;1.7750000e+02;4.2259935e-03;1.7750000e+02;1.6935732e-02;1.7750000e+02;3.6389790e-02;1.7750000e+02;6.0742203e-02;1.7750000e+02;8.8380799e-02;1.7750000e+02;1.1849001e-01;1.7750000e+02;1.5157637e-01;1.7750000e+02;1.8487719e-01;1.7750000e+02;2.2407734e-01;1.7750000e+02;2.6105067e-01;1.7750000e+02;2.8648669e-01;1.7750000e+02;2.8633195e-01;1.7750000e+02;2.6249230e-01;1.7750000e+02;2.2605954e-01;1.7750000e+02;1.8224853e-01;1.7750000e+02;1.3257746e-01;1.7750000e+02;8.7632649e-02;1.7750000e+02;4.7856897e-02;1.7750000e+02;4.2259935e-03;1.7750000e+02;1.6935732e-02;1.7750000e+02;3.6389790e-02;1.7750000e+02;6.0742203e-02;1.7750000e+02;8.8380799e-02;1.7750000e+02;1.1849001e-01;1.7750000e+02;1.5157637e-01;1.7750000e+02;1.8487719e-01;1.7750000e+02;2.2407734e-01;1.7750000e+02;2.6105067e-01;1.7750000e+02;2.8648669e-01;1.7750000e+02;2.8633195e-01;1.7750000e+02;2.6249230e-01;1.7750000e+02;2.2605954e-01;1.7750000e+02;1.8224853e-01;1.7750000e+02;1.3257746e-01;1.7750000e+02;8.7632649e-02;1.7750000e+02;4.7856897e-02;1.7750000e+02;4.2259935e-03;1.7750000e+02;1.6935732e-02;1.7750000e+02;3.6389790e-02;1.7750000e+02;6.0742203e-02;1.7750000e+02;8.8380799e-02;1.7750000e+02;1.1849001e-01;1.7750000e+02;1.5157637e-01;1.7750000e+02;1.8487719e-01;1.7750000e+02;2.2407734e-01;1.7750000e+02;2.6105067e-01;1.7750000e+02;2.8648669e-01;1.7750000e+02;2.8633195e-01;1.7750000e+02;2.6249230e-01;1.7750000e+02;2.2605954e-01;1.7750000e+02;1.8224853e-01;1.7750000e+02;1.3257746e-01;1.7750000e+02;8.7632649e-02;1.7750000e+02;4.7856897e-02;1.7750000e+02;4.2259935e-03;1.7750000e+02;1.6935732e-02;1.7750000e+02;3.6389790e-02;1.7750000e+02;6.0742203e-02;1.7750000e+02;8.8380799e-02;1.7750000e+02;1.1849001e-01;1.7750000e+02;1.5157637e-01;1.7750000e+02;1.8487719e-01;1.7750000e+02;2.2407734e-01;1.7750000e+02;2.6105067e-01;1.7750000e+02;2.8648669e-01;1.7750000e+02;2.8633195e-01;1.7750000e+02;2.6249230e-01;1.7750000e+02;2.2605954e-01;1.7750000e+02;1.8224853e-01;1.7750000e+02;1.3257746e-01;1.7750000e+02;8.7632649e-02;1.7750000e+02;4.7856897e-02;1.7750000e+02;4.2259935e-03;1.7750000e+02;1.6935732e-02;1.7750000e+02;3.6389790e-02;1.7750000e+02;6.0742203e-02;1.7750000e+02;8.8380799e-02;1.7750000e+02;1.1849001e-01;1.7750000e+02;1.5157637e-01;1.7750000e+02;1.8487719e-01;1.7750000e+02;2.2407734e-01;1.7750000e+02;2.6105067e-01;1.7750000e+02;2.8648669e-01;1.7750000e+02;2.8633195e-01;1.7750000e+02;2.6249230e-01;1.7750000e+02;2.2605954e-01;1.7750000e+02;1.8224853e-01;1.7750000e+02;1.3257746e-01;1.7750000e+02;8.7632649e-02;1.7750000e+02;4.7856897e-02;1.7750000e+02;4.2259935e-03;1.7750000e+02;1.6935732e-02;1.7750000e+02;3.6389790e-02;1.7750000e+02;6.0742203e-02;1.7750000e+02;8.8380799e-02;1.7750000e+02;1.1849001e-01;1.7750000e+02;1.5157637e-01;1.7750000e+02;1.8487719e-01;1.7750000e+02;2.2407734e-01;1.7750000e+02;2.6105067e-01;1.7750000e+02;2.8648669e-01;1.7750000e+02;2.8633195e-01;1.7750000e+02;2.6249230e-01;1.7750000e+02;2.2605954e-01;1.7750000e+02;1.8224853e-01;1.7750000e+02;1.3257746e-01;1.7750000e+02;8.7632649e-02;1.7750000e+02;4.7856897e-02;1.7750000e+02;4.2259935e-03;1.7750000e+02;1.6935732e-02;1.7750000e+02;3.6389790e-02;1.7750000e+02;6.0742203e-02;1.7750000e+02;8.8380799e-02;1.7750000e+02;1.1849001e-01;1.7750000e+02;1.5157637e-01;1.7750000e+02;1.8487719e-01;1.7750000e+02;2.2407734e-01;1.7750000e+02;2.6105067e-01;1.7750000e+02;2.8648669e-01;1.7750000e+02;2.8633195e-01;1.7750000e+02;2.6249230e-01;1.7750000e+02;2.2605954e-01;1.7750000e+02;1.8224853e-01;1.7750000e+02;1.3257746e-01;1.7750000e+02;8.7632649e-02;1.7750000e+02;4.7856897e-02;1.7750000e+02;4.2259935e-03;1.7750000e+02;1.6935732e-02;1.7750000e+02;3.6389790e-02;1.7750000e+02;6.0742203e-02;1.7750000e+02;8.8380799e-02;1.7750000e+02;1.1849001e-01;1.7750000e+02;1.5157637e-01;1.7750000e+02;1.8487719e-01;1.7750000e+02;2.2407734e-01;1.7750000e+02;2.6105067e-01;1.7750000e+02;2.8648669e-01;1.7750000e+02;2.8633195e-01;1.7750000e+02;2.6249230e-01;1.7750000e+02;2.2605954e-01;1.7750000e+02;1.8224853e-01;1.7750000e+02;1.3257746e-01;1.7750000e+02;8.7632649e-02;1.7750000e+02;4.7856897e-02;1.7750000e+02;4.2259935e-03;1.7750000e+02;1.6935732e-02;1.7750000e+02;3.6389790e-02;1.7750000e+02;6.0742203e-02;1.7750000e+02;8.8380799e-02;1.7750000e+02;1.1849001e-01;1.7750000e+02;1.5157637e-01;1.7750000e+02;1.8487719e-01;1.7750000e+02;2.2407734e-01;1.7750000e+02;2.6105067e-01;1.7750000e+02;2.8648669e-01;1.7750000e+02;2.8633195e-01;1.7750000e+02;2.6249230e-01;1.7750000e+02;2.2605954e-01;1.7750000e+02;1.8224853e-01;1.7750000e+02;1.3257746e-01;1.7750000e+02;8.7632649e-02;1.7750000e+02;4.7856897e-02;1.7750000e+02;4.2259935e-03;1.7750000e+02;1.6935732e-02;1.7750000e+02;3.6389790e-02;1.7750000e+02;6.0742203e-02;1.7750000e+02;8.8380799e-02;1.7750000e+02;1.1849001e-01;1.7750000e+02;1.5157637e-01;1.7750000e+02;1.8487719e-01;1.7750000e+02;2.2407734e-01;1.7750000e+02;2.6105067e-01;1.7750000e+02;2.8648669e-01;1.7750000e+02;2.8633195e-01;1.7750000e+02;2.6249230e-01;1.7750000e+02;2.2605954e-01;1.7750000e+02;1.8224853e-01;1.7750000e+02;1.3257746e-01;1.7750000e+02;8.7632649e-02;1.7750000e+02;4.7856897e-02;1.7750000e+02;4.2259935e-03;1.7750000e+02;1.6935732e-02;1.7750000e+02;3.6389790e-02;1.7750000e+02;6.0742203e-02;1.7750000e+02;8.8380799e-02;1.7750000e+02;1.1849001e-01;1.7750000e+02;1.5157637e-01;1.7750000e+02;1.8487719e-01;1.7750000e+02;2.2407734e-01;1.7750000e+02;2.6105067e-01;1.7750000e+02;2.8648669e-01;1.7750000e+02;2.8633195e-01;1.7750000e+02;2.6249230e-01;1.7750000e+02;2.2605954e-01;1.7750000e+02;1.8224853e-01;1.7750000e+02;1.3257746e-01;1.7750000e+02;8.7632649e-02;1.7750000e+02;4.7856897e-02;1.7750000e+02;4.2259935e-03;1.7750000e+02;1.6935732e-02;1.7750000e+02;3.6389790e-02;1.7750000e+02;6.0742203e-02;1.7750000e+02;8.8380799e-02;1.7750000e+02;1.1849001e-01;1.7750000e+02;1.5157637e-01;1.7750000e+02;1.8487719e-01;1.7750000e+02;2.2407734e-01;1.7750000e+02;2.6105067e-01;1.7750000e+02;2.8648669e-01;1.7750000e+02;2.8633195e-01;1.7750000e+02;2.6249230e-01;1.7750000e+02;2.2605954e-01;1.7750000e+02;1.8224853e-01;1.7750000e+02;1.3257746e-01;1.7750000e+02;8.7632649e-02;1.7750000e+02;4.7856897e-02;1.7750000e+02;4.2259935e-03;1.7750000e+02;1.6935732e-02;1.7750000e+02;3.6389790e-02;1.7750000e+02;6.0742203e-02;1.7750000e+02;8.8380799e-02;1.7750000e+02;1.1849001e-01;1.7750000e+02;1.5157637e-01;1.7750000e+02;1.8487719e-01;1.7750000e+02;2.2407734e-01;1.7750000e+02;2.6105067e-01;1.7750000e+02;2.8648669e-01;1.7750000e+02;2.8633195e-01;1.7750000e+02;2.6249230e-01;1.7750000e+02;2.2605954e-01;1.7750000e+02;1.8224853e-01;1.7750000e+02;1.3257746e-01;1.7750000e+02;8.7632649e-02;1.7750000e+02;4.7856897e-02;1.7750000e+02;4.2259935e-03;1.7750000e+02;1.6935732e-02;1.7750000e+02;3.6389790e-02;1.7750000e+02;6.0742203e-02;1.7750000e+02;8.8380799e-02;1.7750000e+02;1.1849001e-01;1.7750000e+02;1.5157637e-01;1.7750000e+02;1.8487719e-01;1.7750000e+02;2.2407734e-01;1.7750000e+02;2.6105067e-01;1.7750000e+02;2.8648669e-01;1.7750000e+02;2.8633195e-01;1.7750000e+02;2.6249230e-01;1.7750000e+02;2.2605954e-01;1.7750000e+02;1.8224853e-01;1.7750000e+02;1.3257746e-01;1.7750000e+02;8.7632649e-02;1.7750000e+02;4.7856897e-02;1.7750000e+02;4.2259935e-03;1.7750000e+02;1.6935732e-02;1.7750000e+02;3.6389790e-02;1.7750000e+02;6.0742203e-02;1.7750000e+02;8.8380799e-02;1.7750000e+02;1.1849001e-01;1.7750000e+02;1.5157637e-01;1.7750000e+02;1.8487719e-01;1.7750000e+02;2.2407734e-01;1.7750000e+02;2.6105067e-01;1.7750000e+02;2.8648669e-01;1.7750000e+02;2.8633195e-01;1.7750000e+02;2.6249230e-01;1.7750000e+02;2.2605954e-01;1.7750000e+02;1.8224853e-01;1.7750000e+02;1.3257746e-01;1.7750000e+02;8.7632649e-02;1.7750000e+02;4.7856897e-02;1.7750000e+02;4.2259935e-03;1.7750000e+02;1.6935732e-02;1.7750000e+02;3.6389790e-02;1.7750000e+02;6.0742203e-02;1.7750000e+02;8.8380799e-02;1.7750000e+02;1.1849001e-01;1.7750000e+02;1.5157637e-01;1.7750000e+02;1.8487719e-01;1.7750000e+02;2.2407734e-01;1.7750000e+02;2.6105067e-01;1.7750000e+02;2.8648669e-01;1.7750000e+02;2.8633195e-01;1.7750000e+02;2.6249230e-01;1.7750000e+02;2.2605954e-01;1.7750000e+02;1.8224853e-01;1.7750000e+02;1.3257746e-01;1.7750000e+02;8.7632649e-02;1.7750000e+02;4.7856897e-02;1.7750000e+02;4.2259935e-03;1.7750000e+02;1.6935732e-02;1.7750000e+02;3.6389790e-02;1.7750000e+02;6.0742203e-02;1.7750000e+02;8.8380799e-02;1.7750000e+02;1.1849001e-01;1.7750000e+02;1.5157637e-01;1.7750000e+02;1.8487719e-01;1.7750000e+02;2.2407734e-01;1.7750000e+02;2.6105067e-01;1.7750000e+02;2.8648669e-01;1.7750000e+02;2.8633195e-01;1.7750000e+02;2.6249230e-01;1.7750000e+02;2.2605954e-01;1.7750000e+02;1.8224853e-01;1.7750000e+02;1.3257746e-01;1.7750000e+02;8.7632649e-02;1.7750000e+02;4.7856897e-02;1.7750000e+02;4.2259935e-03;1.7750000e+02;1.6935732e-02;1.7750000e+02;3.6389790e-02;1.7750000e+02;6.0742203e-02;1.7750000e+02;8.8380799e-02;1.7750000e+02;1.1849001e-01;1.7750000e+02;1.5157637e-01;1.7750000e+02;1.8487719e-01;1.7750000e+02;2.2407734e-01;1.7750000e+02;2.6105067e-01;1.7750000e+02;2.8648669e-01;1.7750000e+02;2.8633195e-01;1.7750000e+02;2.6249230e-01;1.7750000e+02;2.2605954e-01;1.7750000e+02;1.8224853e-01;1.7750000e+02;1.3257746e-01;1.7750000e+02;8.7632649e-02;1.7750000e+02;4.7856897e-02;1.7750000e+02;4.2259935e-03;1.7750000e+02;1.6935732e-02;1.7750000e+02;3.6389790e-02;1.7750000e+02;6.0742203e-02;1.7750000e+02;8.8380799e-02;1.7750000e+02;1.1849001e-01;1.7750000e+02;1.5157637e-01;1.7750000e+02;1.8487719e-01;1.7750000e+02;2.2407734e-01;1.7750000e+02;2.6105067e-01;1.7750000e+02;2.8648669e-01;1.7750000e+02;2.8633195e-01;1.7750000e+02;2.6249230e-01;1.7750000e+02;2.2605954e-01;1.7750000e+02;1.8224853e-01;1.7750000e+02;1.3257746e-01;1.7750000e+02;8.7632649e-02;1.7750000e+02;4.7856897e-02;1.7750000e+02;4.2259935e-03;1.7750000e+02;1.6935732e-02;1.7750000e+02;3.6389790e-02;1.7750000e+02;6.0742203e-02;1.7750000e+02;8.8380799e-02;1.7750000e+02;1.1849001e-01;1.7750000e+02;1.5157637e-01;1.7750000e+02;1.8487719e-01;1.7750000e+02;2.2407734e-01;1.7750000e+02;2.6105067e-01;1.7750000e+02;2.8648669e-01;1.7750000e+02;2.8633195e-01;1.7750000e+02;2.6249230e-01;1.7750000e+02;2.2605954e-01;1.7750000e+02;1.8224853e-01;1.7750000e+02;1.3257746e-01;1.7750000e+02;8.7632649e-02;1.7750000e+02;4.7856897e-02;1.7750000e+02;4.2259935e-03;1.7750000e+02;1.6935732e-02;1.7750000e+02;3.6389790e-02;1.7750000e+02;6.0742203e-02;1.7750000e+02;8.8380799e-02;1.7750000e+02;1.1849001e-01;1.7750000e+02;1.5157637e-01;1.7750000e+02;1.8487719e-01;1.7750000e+02;2.2407734e-01;1.7750000e+02;2.6105067e-01;1.7750000e+02;2.8648669e-01;1.7750000e+02;2.8633195e-01;1.7750000e+02;2.6249230e-01;1.7750000e+02;2.2605954e-01;1.7750000e+02;1.8224853e-01;1.7750000e+02;1.3257746e-01;1.7750000e+02;8.7632649e-02;1.7750000e+02;4.7856897e-02;1.7750000e+02;4.2259935e-03;1.7750000e+02;1.6935732e-02;1.7750000e+02;3.6389790e-02;1.7750000e+02;6.0742203e-02;1.7750000e+02;8.8380799e-02;1.7750000e+02;1.1849001e-01;1.7750000e+02;1.5157637e-01;1.7750000e+02;1.8487719e-01;1.7750000e+02;2.2407734e-01;1.7750000e+02;2.6105067e-01;1.7750000e+02;2.8648669e-01;1.7750000e+02;2.8633195e-01;1.7750000e+02;2.6249230e-01;1.7750000e+02;2.2605954e-01;1.7750000e+02;1.8224853e-01;1.7750000e+02;1.3257746e-01;1.7750000e+02;8.7632649e-02;1.7750000e+02;4.7856897e-02;1.7750000e+02;4.2259935e-03;1.7750000e+02;1.6935732e-02;1.7750000e+02;3.6389790e-02;1.7750000e+02;6.0742203e-02;1.7750000e+02;8.8380799e-02;1.7750000e+02;1.1849001e-01;1.7750000e+02;1.5157637e-01;1.7750000e+02;1.8487719e-01;1.7750000e+02;2.2407734e-01;1.7750000e+02;2.6105067e-01;1.7750000e+02;2.8648669e-01;1.7750000e+02;2.8633195e-01;1.7750000e+02;2.6249230e-01;1.7750000e+02;2.2605954e-01;1.7750000e+02;1.8224853e-01;1.7750000e+02;1.3257746e-01;1.7750000e+02;8.7632649e-02;1.7750000e+02;4.7856897e-02;1.7750000e+02;4.2259935e-03;1.7750000e+02;1.6935732e-02;1.7750000e+02;3.6389790e-02;1.7750000e+02;6.0742203e-02;1.7750000e+02;8.8380799e-02;1.7750000e+02;1.1849001e-01;1.7750000e+02;1.5157637e-01;1.7750000e+02;1.8487719e-01;1.7750000e+02;2.2407734e-01;1.7750000e+02;2.6105067e-01;1.7750000e+02;2.8648669e-01;1.7750000e+02;2.8633195e-01;1.7750000e+02;2.6249230e-01;1.7750000e+02;2.2605954e-01;1.7750000e+02;1.8224853e-01;1.7750000e+02;1.3257746e-01;1.7750000e+02;8.7632649e-02;1.7750000e+02;4.7856897e-02;1.7750000e+02;4.2259935e-03;1.7750000e+02;1.6935732e-02;1.7750000e+02;3.6389790e-02;1.7750000e+02;6.0742203e-02;1.7750000e+02;8.8380799e-02;1.7750000e+02;1.1849001e-01;1.7750000e+02;1.5157637e-01;1.7750000e+02;1.8487719e-01;1.7750000e+02;2.2407734e-01;1.7750000e+02;2.6105067e-01;1.7750000e+02;2.8648669e-01;1.7750000e+02;2.8633195e-01;1.7750000e+02;2.6249230e-01;1.7750000e+02;2.2605954e-01;1.7750000e+02;1.8224853e-01;1.7750000e+02;1.3257746e-01;1.7750000e+02;8.7632649e-02;1.7750000e+02;4.7856897e-02;1.7750000e+02;4.2259935e-03;1.7750000e+02;1.6935732e-02;1.7750000e+02;3.6389790e-02;1.7750000e+02;6.0742203e-02;1.7750000e+02;8.8380799e-02;1.7750000e+02;1.1849001e-01;1.7750000e+02;1.5157637e-01;1.7750000e+02;1.8487719e-01;1.7750000e+02;2.2407734e-01;1.7750000e+02;2.6105067e-01;1.7750000e+02;2.8648669e-01;1.7750000e+02;2.8633195e-01;1.7750000e+02;2.6249230e-01;1.7750000e+02;2.2605954e-01;1.7750000e+02;1.8224853e-01;1.7750000e+02;1.3257746e-01;1.7750000e+02;8.7632649e-02;1.7750000e+02;4.7856897e-02;1.7750000e+02;4.2259935e-03;1.7750000e+02;1.6935732e-02;1.7750000e+02;3.6389790e-02;1.7750000e+02;6.0742203e-02;1.7750000e+02;8.8380799e-02;1.7750000e+02;1.1849001e-01;1.7750000e+02;1.5157637e-01;1.7750000e+02;1.8487719e-01;1.7750000e+02;2.2407734e-01;1.7750000e+02;2.6105067e-01;1.7750000e+02;2.8648669e-01;1.7750000e+02;2.8633195e-01;1.7750000e+02;2.6249230e-01;1.7750000e+02;2.2605954e-01;1.7750000e+02;1.8224853e-01;1.7750000e+02;1.3257746e-01;1.7750000e+02;8.7632649e-02;1.7750000e+02;4.7856897e-02;1.7750000e+02;4.2259935e-03;1.7750000e+02;1.6935732e-02;1.7750000e+02;3.6389790e-02;1.7750000e+02;6.0742203e-02;1.7750000e+02;8.8380799e-02;1.7750000e+02;1.1849001e-01;1.7750000e+02;1.5157637e-01;1.7750000e+02;1.8487719e-01;1.7750000e+02;2.2407734e-01;1.7750000e+02;2.6105067e-01;1.7750000e+02;2.8648669e-01;1.7750000e+02;2.8633195e-01;1.7750000e+02;2.6249230e-01;1.7750000e+02;2.2605954e-01;1.7750000e+02;1.8224853e-01;1.7750000e+02;1.3257746e-01;1.7750000e+02;8.7632649e-02;1.7750000e+02;4.7856897e-02;1.7750000e+02;4.2259935e-03;1.7750000e+02;1.6935732e-02;1.7750000e+02;3.6389790e-02;1.7750000e+02;6.0742203e-02;1.7750000e+02;8.8380799e-02;1.7750000e+02;1.1849001e-01;1.7750000e+02;1.5157637e-01;1.7750000e+02;1.8487719e-01;1.7750000e+02;2.2407734e-01;1.7750000e+02;2.6105067e-01;1.7750000e+02;2.8648669e-01;1.7750000e+02;2.8633195e-01;1.7750000e+02;2.6249230e-01;1.7750000e+02;2.2605954e-01;1.7750000e+02;1.8224853e-01;1.7750000e+02;1.3257746e-01;1.7750000e+02;8.7632649e-02;1.7750000e+02;4.7856897e-02;1.7750000e+02;4.2259935e-03;1.7750000e+02;1.6935732e-02;1.7750000e+02;3.6389790e-02;1.7750000e+02;6.0742203e-02;1.7750000e+02;8.8380799e-02;1.7750000e+02;1.1849001e-01;1.7750000e+02;1.5157637e-01;1.7750000e+02;1.8487719e-01;1.7750000e+02;2.2407734e-01;1.7750000e+02;2.6105067e-01;1.7750000e+02;2.8648669e-01;1.7750000e+02;2.8633195e-01;1.7750000e+02;2.6249230e-01;1.7750000e+02;2.2605954e-01;1.7750000e+02;1.8224853e-01;1.7750000e+02;1.3257746e-01;1.7750000e+02;8.7632649e-02;1.7750000e+02;4.7856897e-02;1.7750000e+02;4.2259935e-03;1.7750000e+02;1.6935732e-02;1.7750000e+02;3.6389790e-02;1.7750000e+02;6.0742203e-02;1.7750000e+02;8.8380799e-02;1.7750000e+02;1.1849001e-01;1.7750000e+02;1.5157637e-01;1.7750000e+02;1.8487719e-01;1.7750000e+02;2.2407734e-01;1.7750000e+02;2.6105067e-01;1.7750000e+02;2.8648669e-01;1.7750000e+02;2.8633195e-01;1.7750000e+02;2.6249230e-01;1.7750000e+02;2.2605954e-01;1.7750000e+02;1.8224853e-01;1.7750000e+02;1.3257746e-01;1.7750000e+02;8.7632649e-02;1.7750000e+02;4.7856897e-02;1.7750000e+02;4.2259935e-03;1.7750000e+02;1.6935732e-02;1.7750000e+02;3.6389790e-02;1.7750000e+02;6.0742203e-02;1.7750000e+02;8.8380799e-02;1.7750000e+02;1.1849001e-01;1.7750000e+02;1.5157637e-01;1.7750000e+02;1.8487719e-01;1.7750000e+02;2.2407734e-01;1.7750000e+02;2.6105067e-01;1.7750000e+02;2.8648669e-01;1.7750000e+02;2.8633195e-01;1.7750000e+02;2.6249230e-01;1.7750000e+02;2.2605954e-01;1.7750000e+02;1.8224853e-01;1.7750000e+02;1.3257746e-01;1.7750000e+02;8.7632649e-02;1.7750000e+02;4.7856897e-02;1.7750000e+02;4.2259935e-03;1.7750000e+02;1.6935732e-02;1.7750000e+02;3.6389790e-02;1.7750000e+02;6.0742203e-02;1.7750000e+02;8.8380799e-02;1.7750000e+02;1.1849001e-01;1.7750000e+02;1.5157637e-01;1.7750000e+02;1.8487719e-01;1.7750000e+02;2.2407734e-01;1.7750000e+02;2.6105067e-01;1.7750000e+02;2.8648669e-01;1.7750000e+02;2.8633195e-01;1.7750000e+02;2.6249230e-01;1.7750000e+02;2.2605954e-01;1.7750000e+02;1.8224853e-01;1.7750000e+02;1.3257746e-01;1.7750000e+02;8.7632649e-02;1.7750000e+02;4.7856897e-02;1.7750000e+02;4.2259935e-03;1.7750000e+02;1.6935732e-02;1.7750000e+02;3.6389790e-02;1.7750000e+02;6.0742203e-02;1.7750000e+02;8.8380799e-02;1.7750000e+02;1.1849001e-01;1.7750000e+02;1.5157637e-01;1.7750000e+02;1.8487719e-01;1.7750000e+02;2.2407734e-01;1.7750000e+02;2.6105067e-01;1.7750000e+02;2.8648669e-01;1.7750000e+02;2.8633195e-01;1.7750000e+02;2.6249230e-01;1.7750000e+02;2.2605954e-01;1.7750000e+02;1.8224853e-01;1.7750000e+02;1.3257746e-01;1.7750000e+02;8.7632649e-02;1.7750000e+02;4.7856897e-02;1.7750000e+02;4.2259935e-03;1.7750000e+02;1.6935732e-02;1.7750000e+02;3.6389790e-02;1.7750000e+02;6.0742203e-02;1.7750000e+02;8.8380799e-02;1.7750000e+02;1.1849001e-01;1.7750000e+02;1.5157637e-01;1.7750000e+02;1.8487719e-01;1.7750000e+02;2.2407734e-01;1.7750000e+02;2.6105067e-01;1.7750000e+02;2.8648669e-01;1.7750000e+02;2.8633195e-01;1.7750000e+02;2.6249230e-01;1.7750000e+02;2.2605954e-01;1.7750000e+02;1.8224853e-01;1.7750000e+02;1.3257746e-01;1.7750000e+02;8.7632649e-02;1.7750000e+02;4.7856897e-02;1.7750000e+02;4.2259935e-03;1.7750000e+02;1.6935732e-02;1.7750000e+02;3.6389790e-02;1.7750000e+02;6.0742203e-02;1.7750000e+02;8.8380799e-02;1.7750000e+02;1.1849001e-01;1.7750000e+02;1.5157637e-01;1.7750000e+02;1.8487719e-01;1.7750000e+02;2.2407734e-01;1.7750000e+02;2.6105067e-01;1.7750000e+02;2.8648669e-01;1.7750000e+02;2.8633195e-01;1.7750000e+02;2.6249230e-01;1.7750000e+02;2.2605954e-01;1.7750000e+02;1.8224853e-01;1.7750000e+02;1.3257746e-01;1.7750000e+02;8.7632649e-02;1.7750000e+02;4.7856897e-02;1.7750000e+02;4.2259935e-03;1.7750000e+02;1.6935732e-02;1.7750000e+02;3.6389790e-02;1.7750000e+02;6.0742203e-02;1.7750000e+02;8.8380799e-02;1.7750000e+02;1.1849001e-01;1.7750000e+02;1.5157637e-01;1.7750000e+02;1.8487719e-01;1.7750000e+02;2.2407734e-01;1.7750000e+02;2.6105067e-01;1.7750000e+02;2.8648669e-01;1.7750000e+02;2.8633195e-01;1.7750000e+02;2.6249230e-01;1.7750000e+02;2.2605954e-01;1.7750000e+02;1.8224853e-01;1.7750000e+02;1.3257746e-01;1.7750000e+02;8.7632649e-02;1.7750000e+02;4.7856897e-02;1.7750000e+02;4.2259935e-03;1.7750000e+02;1.6935732e-02;1.7750000e+02;3.6389790e-02;1.7750000e+02;6.0742203e-02;1.7750000e+02;8.8380799e-02;1.7750000e+02;1.1849001e-01;1.7750000e+02;1.5157637e-01;1.7750000e+02;1.8487719e-01;1.7750000e+02;2.2407734e-01;1.7750000e+02;2.6105067e-01;1.7750000e+02;2.8648669e-01;1.7750000e+02;2.8633195e-01;1.7750000e+02;2.6249230e-01;1.7750000e+02;2.2605954e-01;1.7750000e+02;1.8224853e-01;1.7750000e+02;1.3257746e-01;1.7750000e+02;8.7632649e-02;1.7750000e+02;4.7856897e-02;1.7750000e+02;4.2259935e-03;1.7750000e+02;1.6935732e-02;1.7750000e+02;3.6389790e-02;1.7750000e+02;6.0742203e-02;1.7750000e+02;8.8380799e-02;1.7750000e+02;1.1849001e-01;1.7750000e+02;1.5157637e-01;1.7750000e+02;1.8487719e-01;1.7750000e+02;2.2407734e-01;1.7750000e+02;2.6105067e-01;1.7750000e+02;2.8648669e-01;1.7750000e+02;2.8633195e-01;1.7750000e+02;2.6249230e-01;1.7750000e+02;2.2605954e-01;1.7750000e+02;1.8224853e-01;1.7750000e+02;1.3257746e-01;1.7750000e+02;8.7632649e-02;1.7750000e+02;4.7856897e-02;1.7750000e+02;4.2259935e-03;1.7750000e+02;1.6935732e-02;1.7750000e+02;3.6389790e-02;1.7750000e+02;6.0742203e-02;1.7750000e+02;8.8380799e-02;1.7750000e+02;1.1849001e-01;1.7750000e+02;1.5157637e-01;1.7750000e+02;1.8487719e-01;1.7750000e+02;2.2407734e-01;1.7750000e+02;2.6105067e-01;1.7750000e+02;2.8648669e-01;1.7750000e+02;2.8633195e-01;1.7750000e+02;2.6249230e-01;1.7750000e+02;2.2605954e-01;1.7750000e+02;1.8224853e-01;1.7750000e+02;1.3257746e-01;1.7750000e+02;8.7632649e-02;1.7750000e+02;4.7856897e-02;1.7750000e+02;4.2259935e-03;1.7750000e+02;1.6935732e-02;1.7750000e+02;3.6389790e-02;1.7750000e+02;6.0742203e-02;1.7750000e+02;8.8380799e-02;1.7750000e+02;1.1849001e-01;1.7750000e+02;1.5157637e-01;1.7750000e+02;1.8487719e-01;1.7750000e+02;2.2407734e-01;1.7750000e+02;2.6105067e-01;1.7750000e+02;2.8648669e-01;1.7750000e+02;2.8633195e-01;1.7750000e+02;2.6249230e-01;1.7750000e+02;2.2605954e-01;1.7750000e+02;1.8224853e-01;1.7750000e+02;1.3257746e-01;1.7750000e+02;8.7632649e-02;1.7750000e+02;4.7856897e-02;1.7750000e+02;4.2259935e-03;1.7750000e+02;1.6935732e-02;1.7750000e+02;3.6389790e-02;1.7750000e+02;6.0742203e-02;1.7750000e+02;8.8380799e-02;1.7750000e+02;1.1849001e-01;1.7750000e+02;1.5157637e-01;1.7750000e+02;1.8487719e-01;1.7750000e+02;2.2407734e-01;1.7750000e+02;2.6105067e-01;1.7750000e+02;2.8648669e-01;1.7750000e+02;2.8633195e-01;1.7750000e+02;2.6249230e-01;1.7750000e+02;2.2605954e-01;1.7750000e+02;1.8224853e-01;1.7750000e+02;1.3257746e-01;1.7750000e+02;8.7632649e-02;1.7750000e+02;4.7856897e-02;1.7750000e+02;4.2259935e-03;1.7750000e+02;1.6935732e-02;1.7750000e+02;3.6389790e-02;1.7750000e+02;6.0742203e-02;1.7750000e+02;8.8380799e-02;1.7750000e+02;1.1849001e-01;1.7750000e+02;1.5157637e-01;1.7750000e+02;1.8487719e-01;1.7750000e+02;2.2407734e-01;1.7750000e+02;2.6105067e-01;1.7750000e+02;2.8648669e-01;1.7750000e+02;2.8633195e-01;1.7750000e+02;2.6249230e-01;1.7750000e+02;2.2605954e-01;1.7750000e+02;1.8224853e-01;1.7750000e+02;1.3257746e-01;1.7750000e+02;8.7632649e-02;1.7750000e+02;4.7856897e-02;1.7750000e+02;4.2259935e-03;1.7750000e+02;1.6935732e-02;1.7750000e+02;3.6389790e-02;1.7750000e+02;6.0742203e-02;1.7750000e+02;8.8380799e-02;1.7750000e+02;1.1849001e-01;1.7750000e+02;1.5157637e-01;1.7750000e+02;1.8487719e-01;1.7750000e+02;2.2407734e-01;1.7750000e+02;2.6105067e-01;1.7750000e+02;2.8648669e-01;1.7750000e+02;2.8633195e-01;1.7750000e+02;2.6249230e-01;1.7750000e+02;2.2605954e-01;1.7750000e+02;1.8224853e-01;1.7750000e+02;1.3257746e-01;1.7750000e+02;8.7632649e-02;1.7750000e+02;4.7856897e-02;1.7750000e+02;4.2259935e-03;1.7750000e+02;1.6935732e-02;1.7750000e+02;3.6389790e-02;1.7750000e+02;6.0742203e-02;1.7750000e+02;8.8380799e-02;1.7750000e+02;1.1849001e-01;1.7750000e+02;1.5157637e-01;1.7750000e+02;1.8487719e-01;1.7750000e+02;2.2407734e-01;1.7750000e+02;2.6105067e-01;1.7750000e+02;2.8648669e-01;1.7750000e+02;2.8633195e-01;1.7750000e+02;2.6249230e-01;1.7750000e+02;2.2605954e-01;1.7750000e+02;1.8224853e-01;1.7750000e+02;1.3257746e-01;1.7750000e+02;8.7632649e-02;1.7750000e+02;4.7856897e-02;1.7750000e+02;4.2259935e-03;1.7750000e+02;1.6935732e-02;1.7750000e+02;3.6389790e-02;1.7750000e+02;6.0742203e-02;1.7750000e+02;8.8380799e-02;1.7750000e+02;1.1849001e-01;1.7750000e+02;1.5157637e-01;1.7750000e+02;1.8487719e-01;1.7750000e+02;2.2407734e-01;1.7750000e+02;2.6105067e-01;1.7750000e+02;2.8648669e-01;1.7750000e+02;2.8633195e-01;1.7750000e+02;2.6249230e-01;1.7750000e+02;2.2605954e-01;1.7750000e+02;1.8224853e-01;1.7750000e+02;1.3257746e-01;1.7750000e+02;8.7632649e-02;1.7750000e+02;4.7856897e-02;1.7750000e+02;4.2259935e-03;1.7750000e+02;1.6935732e-02;1.7750000e+02;3.6389790e-02;1.7750000e+02;6.0742203e-02;1.7750000e+02;8.8380799e-02;1.7750000e+02;1.1849001e-01;1.7750000e+02;1.5157637e-01;1.7750000e+02;1.8487719e-01;1.7750000e+02;2.2407734e-01;1.7750000e+02;2.6105067e-01;1.7750000e+02;2.8648669e-01;1.7750000e+02;2.8633195e-01;1.7750000e+02;2.6249230e-01;1.7750000e+02;2.2605954e-01;1.7750000e+02;1.8224853e-01;1.7750000e+02;1.3257746e-01;1.7750000e+02;8.7632649e-02;1.7750000e+02;4.7856897e-02;1.7750000e+02;4.2259935e-03;1.7750000e+02;1.6935732e-02;1.7750000e+02;3.6389790e-02;1.7750000e+02;6.0742203e-02;1.7750000e+02;8.8380799e-02;1.7750000e+02;1.1849001e-01;1.7750000e+02;1.5157637e-01;1.7750000e+02;1.8487719e-01;1.7750000e+02;2.2407734e-01;1.7750000e+02;2.6105067e-01;1.7750000e+02;2.8648669e-01;1.7750000e+02;2.8633195e-01;1.7750000e+02;2.6249230e-01;1.7750000e+02;2.2605954e-01;1.7750000e+02;1.8224853e-01;1.7750000e+02;1.3257746e-01;1.7750000e+02;8.7632649e-02;1.7750000e+02;4.7856897e-02;1.7750000e+02;4.2259935e-03;1.7750000e+02;1.6935732e-02;1.7750000e+02;3.6389790e-02;1.7750000e+02;6.0742203e-02;1.7750000e+02;8.8380799e-02;1.7750000e+02;1.1849001e-01;1.7750000e+02;1.5157637e-01;1.7750000e+02;1.8487719e-01;1.7750000e+02;2.2407734e-01;1.7750000e+02;2.6105067e-01;1.7750000e+02;2.8648669e-01;1.7750000e+02;2.8633195e-01;1.7750000e+02;2.6249230e-01;1.7750000e+02;2.2605954e-01;1.7750000e+02;1.8224853e-01;1.7750000e+02;1.3257746e-01;1.7750000e+02;8.7632649e-02;1.7750000e+02;4.7856897e-02;1.7750000e+02;4.2259935e-03;1.7750000e+02;1.6935732e-02;1.7750000e+02;3.6389790e-02;1.7750000e+02;6.0742203e-02;1.7750000e+02;8.8380799e-02;1.7750000e+02;1.1849001e-01;1.7750000e+02;1.5157637e-01;1.7750000e+02;1.8487719e-01;1.7750000e+02;2.2407734e-01;1.7750000e+02;2.6105067e-01;1.7750000e+02;2.8648669e-01;1.7750000e+02;2.8633195e-01;1.7750000e+02;2.6249230e-01;1.7750000e+02;2.2605954e-01;1.7750000e+02;1.8224853e-01;1.7750000e+02;1.3257746e-01;1.7750000e+02;8.7632649e-02;1.7750000e+02;4.7856897e-02;1.7750000e+02;4.2259935e-03;1.7750000e+02;1.6935732e-02;1.7750000e+02;3.6389790e-02;1.7750000e+02;6.0742203e-02;1.7750000e+02;8.8380799e-02;1.7750000e+02;1.1849001e-01;1.7750000e+02;1.5157637e-01;1.7750000e+02;1.8487719e-01;1.7750000e+02;2.2407734e-01;1.7750000e+02;2.6105067e-01;1.7750000e+02;2.8648669e-01;1.7750000e+02;2.8633195e-01;1.7750000e+02;2.6249230e-01;1.7750000e+02;2.2605954e-01;1.7750000e+02;1.8224853e-01;1.7750000e+02;1.3257746e-01;1.7750000e+02;8.7632649e-02;1.7750000e+02;4.7856897e-02;1.7750000e+02;4.2259935e-03;1.7750000e+02;1.6935732e-02;1.7750000e+02;3.6389790e-02;1.7750000e+02;6.0742203e-02;1.7750000e+02;8.8380799e-02;1.7750000e+02;1.1849001e-01;1.7750000e+02;1.5157637e-01;1.7750000e+02;1.8487719e-01;1.7750000e+02;2.2407734e-01;1.7750000e+02;2.6105067e-01;1.7750000e+02;2.8648669e-01;1.7750000e+02;2.8633195e-01;1.7750000e+02;2.6249230e-01;1.7750000e+02;2.2605954e-01;1.7750000e+02;1.8224853e-01;1.7750000e+02;1.3257746e-01;1.7750000e+02;8.7632649e-02;1.7750000e+02;4.7856897e-02;1.7750000e+02;4.2259935e-03;1.7750000e+02;1.6935732e-02;1.7750000e+02;3.6389790e-02;1.7750000e+02;6.0742203e-02;1.7750000e+02;8.8380799e-02;1.7750000e+02;1.1849001e-01;1.7750000e+02;1.5157637e-01;1.7750000e+02;1.8487719e-01;1.7750000e+02;2.2407734e-01;1.7750000e+02;2.6105067e-01;1.7750000e+02;2.8648669e-01;1.7750000e+02;2.8633195e-01;1.7750000e+02;2.6249230e-01;1.7750000e+02;2.2605954e-01;1.7750000e+02;1.8224853e-01;1.7750000e+02;1.3257746e-01;1.7750000e+02;8.7632649e-02;1.7750000e+02;4.7856897e-02;1.7750000e+02;4.2259935e-03;1.7750000e+02;1.6935732e-02;1.7750000e+02;3.6389790e-02;1.7750000e+02;6.0742203e-02;1.7750000e+02;8.8380799e-02;1.7750000e+02;1.1849001e-01;1.7750000e+02;1.5157637e-01;1.7750000e+02;1.8487719e-01;1.7750000e+02;2.2407734e-01;1.7750000e+02;2.6105067e-01;1.7750000e+02;2.8648669e-01;1.7750000e+02;2.8633195e-01;1.7750000e+02;2.6249230e-01;1.7750000e+02;2.2605954e-01;1.7750000e+02;1.8224853e-01;1.7750000e+02;1.3257746e-01;1.7750000e+02;8.7632649e-02;1.7750000e+02;4.7856897e-02;1.7750000e+02;4.2259935e-03;1.7750000e+02;1.6935732e-02;1.7750000e+02;3.6389790e-02;1.7750000e+02;6.0742203e-02;1.7750000e+02;8.8380799e-02;1.7750000e+02;1.1849001e-01;1.7750000e+02;1.5157637e-01;1.7750000e+02;1.8487719e-01;1.7750000e+02;2.2407734e-01;1.7750000e+02;2.6105067e-01;1.7750000e+02;2.8648669e-01;1.7750000e+02;2.8633195e-01;1.7750000e+02;2.6249230e-01;1.7750000e+02;2.2605954e-01;1.7750000e+02;1.8224853e-01;1.7750000e+02;1.3257746e-01;1.7750000e+02;8.7632649e-02;1.7750000e+02;4.7856897e-02;1.7750000e+02;4.2259935e-03;1.7750000e+02;1.6935732e-02;1.7750000e+02;3.6389790e-02;1.7750000e+02;6.0742203e-02;1.7750000e+02;8.8380799e-02;1.7750000e+02;1.1849001e-01;1.7750000e+02;1.5157637e-01;1.7750000e+02;1.8487719e-01;1.7750000e+02;2.2407734e-01;1.7750000e+02;2.6105067e-01;1.7750000e+02;2.8648669e-01;1.7750000e+02;2.8633195e-01;1.7750000e+02;2.6249230e-01;1.7750000e+02;2.2605954e-01;1.7750000e+02;1.8224853e-01;1.7750000e+02;1.3257746e-01;1.7750000e+02;8.7632649e-02;1.7750000e+02;4.7856897e-02;1.7750000e+02;4.2259935e-03;1.7750000e+02;1.6935732e-02;1.7750000e+02;3.6389790e-02;1.7750000e+02;6.0742203e-02;1.7750000e+02;8.8380799e-02;1.7750000e+02;1.1849001e-01;1.7750000e+02;1.5157637e-01;1.7750000e+02;1.8487719e-01;1.7750000e+02;2.2407734e-01;1.7750000e+02;2.6105067e-01;1.7750000e+02;2.8648669e-01;1.7750000e+02;2.8633195e-01;1.7750000e+02;2.6249230e-01;1.7750000e+02;2.2605954e-01;1.7750000e+02;1.8224853e-01;1.7750000e+02;1.3257746e-01;1.7750000e+02;8.7632649e-02;1.7750000e+02;4.7856897e-02;1.7750000e+02;4.2259935e-03;1.7750000e+02;1.6935732e-02;1.7750000e+02;3.6389790e-02;1.7750000e+02;6.0742203e-02;1.7750000e+02;8.8380799e-02;1.7750000e+02;1.1849001e-01;1.7750000e+02;1.5157637e-01;1.7750000e+02;1.8487719e-01;1.7750000e+02;2.2407734e-01;1.7750000e+02;2.6105067e-01;1.7750000e+02;2.8648669e-01;1.7750000e+02;2.8633195e-01;1.7750000e+02;2.6249230e-01;1.7750000e+02;2.2605954e-01;1.7750000e+02;1.8224853e-01;1.7750000e+02;1.3257746e-01;1.7750000e+02;8.7632649e-02;1.7750000e+02;4.7856897e-02;1.7750000e+02;4.2259935e-03;1.7750000e+02;1.6935732e-02;1.7750000e+02;3.6389790e-02;1.7750000e+02;6.0742203e-02;1.7750000e+02;8.8380799e-02;1.7750000e+02;1.1849001e-01;1.7750000e+02;1.5157637e-01;1.7750000e+02;1.8487719e-01;1.7750000e+02;2.2407734e-01;1.7750000e+02;2.6105067e-01;1.7750000e+02;2.8648669e-01;1.7750000e+02;2.8633195e-01;1.7750000e+02;2.6249230e-01;1.7750000e+02;2.2605954e-01;1.7750000e+02;1.8224853e-01;1.7750000e+02;1.3257746e-01;1.7750000e+02;8.7632649e-02;1.7750000e+02;4.7856897e-02;1.7750000e+02;4.2259935e-03;1.7750000e+02;1.6935732e-02;1.7750000e+02;3.6389790e-02;1.7750000e+02;6.0742203e-02;1.7750000e+02;8.8380799e-02;1.7750000e+02;1.1849001e-01;1.7750000e+02;1.5157637e-01;1.7750000e+02;1.8487719e-01;1.7750000e+02;2.2407734e-01;1.7750000e+02;2.6105067e-01;1.7750000e+02;2.8648669e-01;1.7750000e+02;2.8633195e-01;1.7750000e+02;2.6249230e-01;1.7750000e+02;2.2605954e-01;1.7750000e+02;1.8224853e-01;1.7750000e+02;1.3257746e-01;1.7750000e+02;8.7632649e-02;1.7750000e+02;4.7856897e-02;1.7750000e+02;4.2259935e-03;1.7750000e+02;1.6935732e-02;1.7750000e+02;3.6389790e-02;1.7750000e+02;6.0742203e-02;1.7750000e+02;8.8380799e-02;1.7750000e+02;1.1849001e-01;1.7750000e+02;1.5157637e-01;1.7750000e+02;1.8487719e-01;1.7750000e+02;2.2407734e-01;1.7750000e+02;2.6105067e-01;1.7750000e+02;2.8648669e-01;1.7750000e+02;2.8633195e-01;1.7750000e+02;2.6249230e-01;1.7750000e+02;2.2605954e-01;1.7750000e+02;1.8224853e-01;1.7750000e+02;1.3257746e-01;1.7750000e+02;8.7632649e-02;1.7750000e+02;4.7856897e-02;1.7750000e+02;4.2259935e-03;1.7750000e+02;1.6935732e-02;1.7750000e+02;3.6389790e-02;1.7750000e+02;6.0742203e-02;1.7750000e+02;8.8380799e-02;1.7750000e+02;1.1849001e-01;1.7750000e+02;1.5157637e-01;1.7750000e+02;1.8487719e-01;1.7750000e+02;2.2407734e-01;1.7750000e+02;2.6105067e-01;1.7750000e+02;2.8648669e-01;1.7750000e+02;2.8633195e-01;1.7750000e+02;2.6249230e-01;1.7750000e+02;2.2605954e-01;1.7750000e+02;1.8224853e-01;1.7750000e+02;1.3257746e-01;1.7750000e+02;8.7632649e-02;1.7750000e+02;4.7856897e-02;1.7750000e+02;4.2259935e-03;1.7750000e+02;1.6935732e-02;1.7750000e+02;3.6389790e-02;1.7750000e+02;6.0742203e-02;1.7750000e+02;8.8380799e-02;1.7750000e+02;1.1849001e-01;1.7750000e+02;1.5157637e-01;1.7750000e+02;1.8487719e-01;1.7750000e+02;2.2407734e-01;1.7750000e+02;2.6105067e-01;1.7750000e+02;2.8648669e-01;1.7750000e+02;2.8633195e-01;1.7750000e+02;2.6249230e-01;1.7750000e+02;2.2605954e-01;1.7750000e+02;1.8224853e-01;1.7750000e+02;1.3257746e-01;1.7750000e+02;8.7632649e-02;1.7750000e+02;4.7856897e-02;1.7750000e+02;4.2259935e-03;1.7750000e+02;1.6935732e-02;1.7750000e+02;3.6389790e-02;1.7750000e+02;6.0742203e-02;1.7750000e+02;8.8380799e-02;1.7750000e+02;1.1849001e-01;1.7750000e+02;1.5157637e-01;1.7750000e+02;1.8487719e-01;1.7750000e+02;2.2407734e-01;1.7750000e+02;2.6105067e-01;1.7750000e+02;2.8648669e-01;1.7750000e+02;2.8633195e-01;1.7750000e+02;2.6249230e-01;1.7750000e+02;2.2605954e-01;1.7750000e+02;1.8224853e-01;1.7750000e+02;1.3257746e-01;1.7750000e+02;8.7632649e-02;1.7750000e+02;4.7856897e-02;1.7750000e+02;4.2259935e-03;1.7750000e+02;1.6935732e-02;1.7750000e+02;3.6389790e-02;1.7750000e+02;6.0742203e-02;1.7750000e+02;8.8380799e-02;1.7750000e+02;1.1849001e-01;1.7750000e+02;1.5157637e-01;1.7750000e+02;1.8487719e-01;1.7750000e+02;2.2407734e-01;1.7750000e+02;2.6105067e-01;1.7750000e+02;2.8648669e-01;1.7750000e+02;2.8633195e-01;1.7750000e+02;2.6249230e-01;1.7750000e+02;2.2605954e-01;1.7750000e+02;1.8224853e-01;1.7750000e+02;1.3257746e-01;1.7750000e+02;8.7632649e-02;1.7750000e+02;4.7856897e-02;1.7750000e+02;4.2259935e-03;1.7750000e+02;1.6935732e-02;1.7750000e+02;3.6389790e-02;1.7750000e+02;6.0742203e-02;1.7750000e+02;8.8380799e-02;1.7750000e+02;1.1849001e-01;1.7750000e+02;1.5157637e-01;1.7750000e+02;1.8487719e-01;1.7750000e+02;2.2407734e-01;1.7750000e+02;2.6105067e-01;1.7750000e+02;2.8648669e-01;1.7750000e+02;2.8633195e-01;1.7750000e+02;2.6249230e-01;1.7750000e+02;2.2605954e-01;1.7750000e+02;1.8224853e-01;1.7750000e+02;1.3257746e-01;1.7750000e+02;8.7632649e-02;1.7750000e+02;4.7856897e-02;1.7750000e+02;4.2259935e-03;1.7750000e+02;1.6935732e-02;1.7750000e+02;3.6389790e-02;1.7750000e+02;6.0742203e-02;1.7750000e+02;8.8380799e-02;1.7750000e+02;1.1849001e-01;1.7750000e+02;1.5157637e-01;1.7750000e+02;1.8487719e-01;1.7750000e+02;2.2407734e-01;1.7750000e+02;2.6105067e-01;1.7750000e+02;2.8648669e-01;1.7750000e+02;2.8633195e-01;1.7750000e+02;2.6249230e-01;1.7750000e+02;2.2605954e-01;1.7750000e+02;1.8224853e-01;1.7750000e+02;1.3257746e-01;1.7750000e+02;8.7632649e-02;1.7750000e+02;4.7856897e-02;1.7750000e+02;4.2259935e-03;1.7750000e+02;1.6935732e-02;1.7750000e+02;3.6389790e-02;1.7750000e+02;6.0742203e-02;1.7750000e+02;8.8380799e-02;1.7750000e+02;1.1849001e-01;1.7750000e+02;1.5157637e-01;1.7750000e+02;1.8487719e-01;1.7750000e+02;2.2407734e-01;1.7750000e+02;2.6105067e-01;1.7750000e+02;2.8648669e-01;1.7750000e+02;2.8633195e-01;1.7750000e+02;2.6249230e-01;1.7750000e+02;2.2605954e-01;1.7750000e+02;1.8224853e-01;1.7750000e+02;1.3257746e-01;1.7750000e+02;8.7632649e-02;1.7750000e+02;4.7856897e-02;1.7750000e+02;4.2259935e-03;1.7750000e+02;1.6935732e-02;1.7750000e+02;3.6389790e-02;1.7750000e+02;6.0742203e-02;1.7750000e+02;8.8380799e-02;1.7750000e+02;1.1849001e-01;1.7750000e+02;1.5157637e-01;1.7750000e+02;1.8487719e-01;1.7750000e+02;2.2407734e-01;1.7750000e+02;2.6105067e-01;1.7750000e+02;2.8648669e-01;1.7750000e+02;2.8633195e-01;1.7750000e+02;2.6249230e-01;1.7750000e+02;2.2605954e-01;1.7750000e+02;1.8224853e-01;1.7750000e+02;1.3257746e-01;1.7750000e+02;8.7632649e-02;1.7750000e+02;4.7856897e-02;1.7750000e+02;4.2259935e-03;1.7750000e+02;1.6935732e-02;1.7750000e+02;3.6389790e-02;1.7750000e+02;6.0742203e-02;1.7750000e+02;8.8380799e-02;1.7750000e+02;1.1849001e-01;1.7750000e+02;1.5157637e-01;1.7750000e+02;1.8487719e-01;1.7750000e+02;2.2407734e-01;1.7750000e+02;2.6105067e-01;1.7750000e+02;2.8648669e-01;1.7750000e+02;2.8633195e-01;1.7750000e+02;2.6249230e-01;1.7750000e+02;2.2605954e-01;1.7750000e+02;1.8224853e-01;1.7750000e+02;1.3257746e-01;1.7750000e+02;8.7632649e-02;1.7750000e+02;4.7856897e-02;1.7750000e+02;4.2259935e-03;1.7750000e+02;1.6935732e-02;1.7750000e+02;3.6389790e-02;1.7750000e+02;6.0742203e-02;1.7750000e+02;8.8380799e-02;1.7750000e+02;1.1849001e-01;1.7750000e+02;1.5157637e-01;1.7750000e+02;1.8487719e-01;1.7750000e+02;2.2407734e-01;1.7750000e+02;2.6105067e-01;1.7750000e+02;2.8648669e-01;1.7750000e+02;2.8633195e-01;1.7750000e+02;2.6249230e-01;1.7750000e+02;2.2605954e-01;1.7750000e+02;1.8224853e-01;1.7750000e+02;1.3257746e-01;1.7750000e+02;8.7632649e-02;1.7750000e+02;4.7856897e-02;1.7750000e+02;4.2259935e-03;1.7750000e+02;1.6935732e-02;1.7750000e+02;3.6389790e-02;1.7750000e+02;6.0742203e-02;1.7750000e+02;8.8380799e-02;1.7750000e+02;1.1849001e-01;1.7750000e+02;1.5157637e-01;1.7750000e+02;1.8487719e-01;1.7750000e+02;2.2407734e-01;1.7750000e+02;2.6105067e-01;1.7750000e+02;2.8648669e-01;1.7750000e+02;2.8633195e-01;1.7750000e+02;2.6249230e-01;1.7750000e+02;2.2605954e-01;1.7750000e+02;1.8224853e-01;1.7750000e+02;1.3257746e-01;1.7750000e+02;8.7632649e-02;1.7750000e+02;4.7856897e-02;1.7750000e+02;4.2259935e-03;1.7750000e+02;1.6935732e-02;1.7750000e+02;3.6389790e-02;1.7750000e+02;6.0742203e-02;1.7750000e+02;8.8380799e-02;1.7750000e+02;1.1849001e-01;1.7750000e+02;1.5157637e-01;1.7750000e+02;1.8487719e-01;1.7750000e+02;2.2407734e-01;1.7750000e+02;2.6105067e-01;1.7750000e+02;2.8648669e-01;1.7750000e+02;2.8633195e-01;1.7750000e+02;2.6249230e-01;1.7750000e+02;2.2605954e-01;1.7750000e+02;1.8224853e-01;1.7750000e+02;1.3257746e-01;1.7750000e+02;8.7632649e-02;1.7750000e+02;4.7856897e-02;1.7750000e+02;4.2259935e-03;1.7750000e+02;1.6935732e-02;1.7750000e+02;3.6389790e-02;1.7750000e+02;6.0742203e-02;1.7750000e+02;8.8380799e-02;1.7750000e+02;1.1849001e-01;1.7750000e+02;1.5157637e-01;1.7750000e+02;1.8487719e-01;1.7750000e+02;2.2407734e-01;1.7750000e+02;2.6105067e-01;1.7750000e+02;2.8648669e-01;1.7750000e+02;2.8633195e-01;1.7750000e+02;2.6249230e-01;1.7750000e+02;2.2605954e-01;1.7750000e+02;1.8224853e-01;1.7750000e+02;1.3257746e-01;1.7750000e+02;8.7632649e-02;1.7750000e+02;4.7856897e-02;1.7750000e+02;4.2259935e-03;1.7750000e+02;1.6935732e-02;1.7750000e+02;3.6389790e-02;1.7750000e+02;6.0742203e-02;1.7750000e+02;8.8380799e-02;1.7750000e+02;1.1849001e-01;1.7750000e+02;1.5157637e-01;1.7750000e+02;1.8487719e-01;1.7750000e+02;2.2407734e-01;1.7750000e+02;2.6105067e-01;1.7750000e+02;2.8648669e-01;1.7750000e+02;2.8633195e-01;1.7750000e+02;2.6249230e-01;1.7750000e+02;2.2605954e-01;1.7750000e+02;1.8224853e-01;1.7750000e+02;1.3257746e-01;1.7750000e+02;8.7632649e-02;1.7750000e+02;4.7856897e-02;1.7750000e+02;4.2259935e-03;1.7750000e+02;1.6935732e-02;1.7750000e+02;3.6389790e-02;1.7750000e+02;6.0742203e-02;1.7750000e+02;8.8380799e-02;1.7750000e+02;1.1849001e-01;1.7750000e+02;1.5157637e-01;1.7750000e+02;1.8487719e-01;1.7750000e+02;2.2407734e-01;1.7750000e+02;2.6105067e-01;1.7750000e+02;2.8648669e-01;1.7750000e+02;2.8633195e-01;1.7750000e+02;2.6249230e-01;1.7750000e+02;2.2605954e-01;1.7750000e+02;1.8224853e-01;1.7750000e+02;1.3257746e-01;1.7750000e+02;8.7632649e-02;1.7750000e+02;4.7856897e-02;1.7750000e+02;4.2259935e-03;1.7750000e+02;1.6935732e-02;1.7750000e+02;3.6389790e-02;1.7750000e+02;6.0742203e-02;1.7750000e+02;8.8380799e-02;1.7750000e+02;1.1849001e-01;1.7750000e+02;1.5157637e-01;1.7750000e+02;1.8487719e-01;1.7750000e+02;2.2407734e-01;1.7750000e+02;2.6105067e-01;1.7750000e+02;2.8648669e-01;1.7750000e+02;2.8633195e-01;1.7750000e+02;2.6249230e-01;1.7750000e+02;2.2605954e-01;1.7750000e+02;1.8224853e-01;1.7750000e+02;1.3257746e-01;1.7750000e+02;8.7632649e-02;1.7750000e+02;4.7856897e-02;1.7750000e+02;4.2259935e-03;1.7750000e+02;1.6935732e-02;1.7750000e+02;3.6389790e-02;1.7750000e+02;6.0742203e-02;1.7750000e+02;8.8380799e-02;1.7750000e+02;1.1849001e-01;1.7750000e+02;1.5157637e-01;1.7750000e+02;1.8487719e-01;1.7750000e+02;2.2407734e-01;1.7750000e+02;2.6105067e-01;1.7750000e+02;2.8648669e-01;1.7750000e+02;2.8633195e-01;1.7750000e+02;2.6249230e-01;1.7750000e+02;2.2605954e-01;1.7750000e+02;1.8224853e-01;1.7750000e+02;1.3257746e-01;1.7750000e+02;8.7632649e-02;1.7750000e+02;4.7856897e-02;1.7750000e+02;4.2259935e-03;1.7750000e+02;1.6935732e-02;1.7750000e+02;3.6389790e-02;1.7750000e+02;6.0742203e-02;1.7750000e+02;8.8380799e-02;1.7750000e+02;1.1849001e-01;1.7750000e+02;1.5157637e-01;1.7750000e+02;1.8487719e-01;1.7750000e+02;2.2407734e-01;1.7750000e+02;2.6105067e-01;1.7750000e+02;2.8648669e-01;1.7750000e+02;2.8633195e-01;1.7750000e+02;2.6249230e-01;1.7750000e+02;2.2605954e-01;1.7750000e+02;1.8224853e-01;1.7750000e+02;1.3257746e-01;1.7750000e+02;8.7632649e-02;1.7750000e+02;4.7856897e-02;1.7750000e+02;4.2259935e-03;1.7750000e+02;1.6935732e-02;1.7750000e+02;3.6389790e-02;1.7750000e+02;6.0742203e-02;1.7750000e+02;8.8380799e-02;1.7750000e+02;1.1849001e-01;1.7750000e+02;1.5157637e-01;1.7750000e+02;1.8487719e-01;1.7750000e+02;2.2407734e-01;1.7750000e+02;2.6105067e-01;1.7750000e+02;2.8648669e-01;1.7750000e+02;2.8633195e-01;1.7750000e+02;2.6249230e-01;1.7750000e+02;2.2605954e-01;1.7750000e+02;1.8224853e-01;1.7750000e+02;1.3257746e-01;1.7750000e+02;8.7632649e-02;1.7750000e+02;4.7856897e-02;1.7750000e+02;4.2259935e-03;1.7750000e+02;1.6935732e-02;1.7750000e+02;3.6389790e-02;1.7750000e+02;6.0742203e-02;1.7750000e+02;8.8380799e-02;1.7750000e+02;1.1849001e-01;1.7750000e+02;1.5157637e-01;1.7750000e+02;1.8487719e-01;1.7750000e+02;2.2407734e-01;1.7750000e+02;2.6105067e-01;1.7750000e+02;2.8648669e-01;1.7750000e+02;2.8633195e-01;1.7750000e+02;2.6249230e-01;1.7750000e+02;2.2605954e-01;1.7750000e+02;1.8224853e-01;1.7750000e+02;1.3257746e-01;1.7750000e+02;8.7632649e-02;1.7750000e+02;4.7856897e-02;1.7750000e+02;4.2259935e-03;1.7750000e+02;1.6935732e-02;1.7750000e+02;3.6389790e-02;1.7750000e+02;6.0742203e-02;1.7750000e+02;8.8380799e-02;1.7750000e+02;1.1849001e-01;1.7750000e+02;1.5157637e-01;1.7750000e+02;1.8487719e-01;1.7750000e+02;2.2407734e-01;1.7750000e+02;2.6105067e-01;1.7750000e+02;2.8648669e-01;1.7750000e+02;2.8633195e-01;1.7750000e+02;2.6249230e-01;1.7750000e+02;2.2605954e-01;1.7750000e+02;1.8224853e-01;1.7750000e+02;1.3257746e-01;1.7750000e+02;8.7632649e-02;1.7750000e+02;4.7856897e-02;1.7750000e+02;4.2259935e-03;1.7750000e+02;1.6935732e-02;1.7750000e+02;3.6389790e-02;1.7750000e+02;6.0742203e-02;1.7750000e+02;8.8380799e-02;1.7750000e+02;1.1849001e-01;1.7750000e+02;1.5157637e-01;1.7750000e+02;1.8487719e-01;1.7750000e+02;2.2407734e-01;1.7750000e+02;2.6105067e-01;1.7750000e+02;2.8648669e-01;1.7750000e+02;2.8633195e-01;1.7750000e+02;2.6249230e-01;1.7750000e+02;2.2605954e-01;1.7750000e+02;1.8224853e-01;1.7750000e+02;1.3257746e-01;1.7750000e+02;8.7632649e-02;1.7750000e+02;4.7856897e-02;1.7750000e+02;4.2259935e-03;1.7750000e+02;1.6935732e-02;1.7750000e+02;3.6389790e-02;1.7750000e+02;6.0742203e-02;1.7750000e+02;8.8380799e-02;1.7750000e+02;1.1849001e-01;1.7750000e+02;1.5157637e-01;1.7750000e+02;1.8487719e-01;1.7750000e+02;2.2407734e-01;1.7750000e+02;2.6105067e-01;1.7750000e+02;2.8648669e-01;1.7750000e+02;2.8633195e-01;1.7750000e+02;2.6249230e-01;1.7750000e+02;2.2605954e-01;1.7750000e+02;1.8224853e-01;1.7750000e+02;1.3257746e-01;1.7750000e+02;8.7632649e-02;1.7750000e+02;4.7856897e-02;1.7750000e+02;4.2259935e-03;1.7750000e+02;1.6935732e-02;1.7750000e+02;3.6389790e-02;1.7750000e+02;6.0742203e-02;1.7750000e+02;8.8380799e-02;1.7750000e+02;1.1849001e-01;1.7750000e+02;1.5157637e-01;1.7750000e+02;1.8487719e-01;1.7750000e+02;2.2407734e-01;1.7750000e+02;2.6105067e-01;1.7750000e+02;2.8648669e-01;1.7750000e+02;2.8633195e-01;1.7750000e+02;2.6249230e-01;1.7750000e+02;2.2605954e-01;1.7750000e+02;1.8224853e-01;1.7750000e+02;1.3257746e-01;1.7750000e+02;8.7632649e-02;1.7750000e+02;4.7856897e-02;1.7750000e+02;4.2259935e-03;1.7750000e+02;1.6935732e-02;1.7750000e+02;3.6389790e-02;1.7750000e+02;6.0742203e-02;1.7750000e+02;8.8380799e-02;1.7750000e+02;1.1849001e-01;1.7750000e+02;1.5157637e-01;1.7750000e+02;1.8487719e-01;1.7750000e+02;2.2407734e-01;1.7750000e+02;2.6105067e-01;1.7750000e+02;2.8648669e-01;1.7750000e+02;2.8633195e-01;1.7750000e+02;2.6249230e-01;1.7750000e+02;2.2605954e-01;1.7750000e+02;1.8224853e-01;1.7750000e+02;1.3257746e-01;1.7750000e+02;8.7632649e-02;1.7750000e+02;4.7856897e-02;1.7750000e+02;4.2259935e-03;1.7750000e+02;1.6935732e-02;1.7750000e+02;3.6389790e-02;1.7750000e+02;6.0742203e-02;1.7750000e+02;8.8380799e-02;1.7750000e+02;1.1849001e-01;1.7750000e+02;1.5157637e-01;1.7750000e+02;1.8487719e-01;1.7750000e+02;2.2407734e-01;1.7750000e+02;2.6105067e-01;1.7750000e+02;2.8648669e-01;1.7750000e+02;2.8633195e-01;1.7750000e+02;2.6249230e-01;1.7750000e+02;2.2605954e-01;1.7750000e+02;1.8224853e-01;1.7750000e+02;1.3257746e-01;1.7750000e+02;8.7632649e-02;1.7750000e+02;4.7856897e-02;1.7750000e+02;4.2259935e-03;1.7750000e+02;1.6935732e-02;1.7750000e+02;3.6389790e-02;1.7750000e+02;6.0742203e-02;1.7750000e+02;8.8380799e-02;1.7750000e+02;1.1849001e-01;1.7750000e+02;1.5157637e-01;1.7750000e+02;1.8487719e-01;1.7750000e+02;2.2407734e-01;1.7750000e+02;2.6105067e-01;1.7750000e+02;2.8648669e-01;1.7750000e+02;2.8633195e-01;1.7750000e+02;2.6249230e-01;1.7750000e+02;2.2605954e-01;1.7750000e+02;1.8224853e-01;1.7750000e+02;1.3257746e-01;1.7750000e+02;8.7632649e-02;1.7750000e+02;4.7856897e-02;1.7750000e+02;4.2259935e-03;1.7750000e+02;1.6935732e-02;1.7750000e+02;3.6389790e-02;1.7750000e+02;6.0742203e-02;1.7750000e+02;8.8380799e-02;1.7750000e+02;1.1849001e-01;1.7750000e+02;1.5157637e-01;1.7750000e+02;1.8487719e-01;1.7750000e+02;2.2407734e-01;1.7750000e+02;2.6105067e-01;1.7750000e+02;2.8648669e-01;1.7750000e+02;2.8633195e-01;1.7750000e+02;2.6249230e-01;1.7750000e+02;2.2605954e-01;1.7750000e+02;1.8224853e-01;1.7750000e+02;1.3257746e-01;1.7750000e+02;8.7632649e-02;1.7750000e+02;4.7856897e-02;1.7750000e+02;4.2259935e-03;1.7750000e+02;1.6935732e-02;1.7750000e+02;3.6389790e-02;1.7750000e+02;6.0742203e-02;1.7750000e+02;8.8380799e-02;1.7750000e+02;1.1849001e-01;1.7750000e+02;1.5157637e-01;1.7750000e+02;1.8487719e-01;1.7750000e+02;2.2407734e-01;1.7750000e+02;2.6105067e-01;1.7750000e+02;2.8648669e-01;1.7750000e+02;2.8633195e-01;1.7750000e+02;2.6249230e-01;1.7750000e+02;2.2605954e-01;1.7750000e+02;1.8224853e-01;1.7750000e+02;1.3257746e-01;1.7750000e+02;8.7632649e-02;1.7750000e+02;4.7856897e-02;1.7750000e+02;4.2259935e-03;1.7750000e+02;1.6935732e-02;1.7750000e+02;3.6389790e-02;1.7750000e+02;6.0742203e-02;1.7750000e+02;8.8380799e-02;1.7750000e+02;1.1849001e-01;1.7750000e+02;1.5157637e-01;1.7750000e+02;1.8487719e-01;1.7750000e+02;2.2407734e-01;1.7750000e+02;2.6105067e-01;1.7750000e+02;2.8648669e-01;1.7750000e+02;2.8633195e-01;1.7750000e+02;2.6249230e-01;1.7750000e+02;2.2605954e-01;1.7750000e+02;1.8224853e-01;1.7750000e+02;1.3257746e-01;1.7750000e+02;8.7632649e-02;1.7750000e+02;4.7856897e-02;1.7750000e+02;4.2259935e-03;1.7750000e+02;1.6935732e-02;1.7750000e+02;3.6389790e-02;1.7750000e+02;6.0742203e-02;1.7750000e+02;8.8380799e-02;1.7750000e+02;1.1849001e-01;1.7750000e+02;1.5157637e-01;1.7750000e+02;1.8487719e-01;1.7750000e+02;2.2407734e-01;1.7750000e+02;2.6105067e-01;1.7750000e+02;2.8648669e-01;1.7750000e+02;2.8633195e-01;1.7750000e+02;2.6249230e-01;1.7750000e+02;2.2605954e-01;1.7750000e+02;1.8224853e-01;1.7750000e+02;1.3257746e-01;1.7750000e+02;8.7632649e-02;1.7750000e+02;4.7856897e-02;1.7750000e+02;4.2259935e-03;1.7750000e+02;1.6935732e-02;1.7750000e+02;3.6389790e-02;1.7750000e+02;6.0742203e-02;1.7750000e+02;8.8380799e-02;1.7750000e+02;1.1849001e-01;1.7750000e+02;1.5157637e-01;1.7750000e+02;1.8487719e-01;1.7750000e+02;2.2407734e-01;1.7750000e+02;2.6105067e-01;1.7750000e+02;2.8648669e-01;1.7750000e+02;2.8633195e-01;1.7750000e+02;2.6249230e-01;1.7750000e+02;2.2605954e-01;1.7750000e+02;1.8224853e-01;1.7750000e+02;1.3257746e-01;1.7750000e+02;8.7632649e-02;1.7750000e+02;4.7856897e-02;1.7750000e+02;4.2259935e-03;1.7750000e+02;1.6935732e-02;1.7750000e+02;3.6389790e-02;1.7750000e+02;6.0742203e-02;1.7750000e+02;8.8380799e-02;1.7750000e+02;1.1849001e-01;1.7750000e+02;1.5157637e-01;1.7750000e+02;1.8487719e-01;1.7750000e+02;2.2407734e-01;1.7750000e+02;2.6105067e-01;1.7750000e+02;2.8648669e-01;1.7750000e+02;2.8633195e-01;1.7750000e+02;2.6249230e-01;1.7750000e+02;2.2605954e-01;1.7750000e+02;1.8224853e-01;1.7750000e+02;1.3257746e-01;1.7750000e+02;8.7632649e-02;1.7750000e+02;4.7856897e-02;1.7750000e+02;4.2259935e-03;1.7750000e+02;1.6935732e-02;1.7750000e+02;3.6389790e-02;1.7750000e+02;6.0742203e-02;1.7750000e+02;8.8380799e-02;1.7750000e+02;1.1849001e-01;1.7750000e+02;1.5157637e-01;1.7750000e+02;1.8487719e-01;1.7750000e+02;2.2407734e-01;1.7750000e+02;2.6105067e-01;1.7750000e+02;2.8648669e-01;1.7750000e+02;2.8633195e-01;1.7750000e+02;2.6249230e-01;1.7750000e+02;2.2605954e-01;1.7750000e+02;1.8224853e-01;1.7750000e+02;1.3257746e-01;1.7750000e+02;8.7632649e-02;1.7750000e+02;4.7856897e-02;1.7750000e+02;4.2259935e-03;1.7750000e+02;1.6935732e-02;1.7750000e+02;3.6389790e-02;1.7750000e+02;6.0742203e-02;1.7750000e+02;8.8380799e-02;1.7750000e+02;1.1849001e-01;1.7750000e+02;1.5157637e-01;1.7750000e+02;1.8487719e-01;1.7750000e+02;2.2407734e-01;1.7750000e+02;2.6105067e-01;1.7750000e+02;2.8648669e-01;1.7750000e+02;2.8633195e-01;1.7750000e+02;2.6249230e-01;1.7750000e+02;2.2605954e-01;1.7750000e+02;1.8224853e-01;1.7750000e+02;1.3257746e-01;1.7750000e+02;8.7632649e-02;1.7750000e+02;4.7856897e-02;1.7750000e+02;4.2259935e-03;1.7750000e+02;1.6935732e-02;1.7750000e+02;3.6389790e-02;1.7750000e+02;6.0742203e-02;1.7750000e+02;8.8380799e-02;1.7750000e+02;1.1849001e-01;1.7750000e+02;1.5157637e-01;1.7750000e+02;1.8487719e-01;1.7750000e+02;2.2407734e-01;1.7750000e+02;2.6105067e-01;1.7750000e+02;2.8648669e-01;1.7750000e+02;2.8633195e-01;1.7750000e+02;2.6249230e-01;1.7750000e+02;2.2605954e-01;1.7750000e+02;1.8224853e-01;1.7750000e+02;1.3257746e-01;1.7750000e+02;8.7632649e-02;1.7750000e+02;4.7856897e-02;1.7750000e+02;4.2259935e-03;1.7750000e+02;1.6935732e-02;1.7750000e+02;3.6389790e-02;1.7750000e+02;6.0742203e-02;1.7750000e+02;8.8380799e-02;1.7750000e+02;1.1849001e-01;1.7750000e+02;1.5157637e-01;1.7750000e+02;1.8487719e-01;1.7750000e+02;2.2407734e-01;1.7750000e+02;2.6105067e-01;1.7750000e+02;2.8648669e-01;1.7750000e+02;2.8633195e-01;1.7750000e+02;2.6249230e-01;1.7750000e+02;2.2605954e-01;1.7750000e+02;1.8224853e-01;1.7750000e+02;1.3257746e-01;1.7750000e+02;8.7632649e-02;1.7750000e+02;4.7856897e-02;1.7750000e+02;4.2259935e-03;1.7750000e+02;1.6935732e-02;1.7750000e+02;3.6389790e-02;1.7750000e+02;6.0742203e-02;1.7750000e+02;8.8380799e-02;1.7750000e+02;1.1849001e-01;1.7750000e+02;1.5157637e-01;1.7750000e+02;1.8487719e-01;1.7750000e+02;2.2407734e-01;1.7750000e+02;2.6105067e-01;1.7750000e+02;2.8648669e-01;1.7750000e+02;2.8633195e-01;1.7750000e+02;2.6249230e-01;1.7750000e+02;2.2605954e-01;1.7750000e+02;1.8224853e-01;1.7750000e+02;1.3257746e-01;1.7750000e+02;8.7632649e-02;1.7750000e+02;4.7856897e-02;1.7750000e+02;4.2259935e-03;1.7750000e+02;1.6935732e-02;1.7750000e+02;3.6389790e-02;1.7750000e+02;6.0742203e-02;1.7750000e+02;8.8380799e-02;1.7750000e+02;1.1849001e-01;1.7750000e+02;1.5157637e-01;1.7750000e+02;1.8487719e-01;1.7750000e+02;2.2407734e-01;1.7750000e+02;2.6105067e-01;1.7750000e+02;2.8648669e-01;1.7750000e+02;2.8633195e-01;1.7750000e+02;2.6249230e-01;1.7750000e+02;2.2605954e-01;1.7750000e+02;1.8224853e-01;1.7750000e+02;1.3257746e-01;1.7750000e+02;8.7632649e-02;1.7750000e+02;4.7856897e-02;1.7750000e+02;4.2259935e-03;1.7750000e+02;1.6935732e-02;1.7750000e+02;3.6389790e-02;1.7750000e+02;6.0742203e-02;1.7750000e+02;8.8380799e-02;1.7750000e+02;1.1849001e-01;1.7750000e+02;1.5157637e-01;1.7750000e+02;1.8487719e-01;1.7750000e+02;2.2407734e-01;1.7750000e+02;2.6105067e-01;1.7750000e+02;2.8648669e-01;1.7750000e+02;2.8633195e-01;1.7750000e+02;2.6249230e-01;1.7750000e+02;2.2605954e-01;1.7750000e+02;1.8224853e-01;1.7750000e+02;1.3257746e-01;1.7750000e+02;8.7632649e-02;1.7750000e+02;4.7856897e-02;1.7750000e+02;4.2259935e-03;1.7750000e+02;1.6935732e-02;1.7750000e+02;3.6389790e-02;1.7750000e+02;6.0742203e-02;1.7750000e+02;8.8380799e-02;1.7750000e+02;1.1849001e-01;1.7750000e+02;1.5157637e-01;1.7750000e+02;1.8487719e-01;1.7750000e+02;2.2407734e-01;1.7750000e+02;2.6105067e-01;1.7750000e+02;2.8648669e-01;1.7750000e+02;2.8633195e-01;1.7750000e+02;2.6249230e-01;1.7750000e+02;2.2605954e-01;1.7750000e+02;1.8224853e-01;1.7750000e+02;1.3257746e-01;1.7750000e+02;8.7632649e-02;1.7750000e+02;4.7856897e-02;1.7750000e+02;4.2259935e-03;1.7750000e+02;1.6935732e-02;1.7750000e+02;3.6389790e-02;1.7750000e+02;6.0742203e-02;1.7750000e+02;8.8380799e-02;1.7750000e+02;1.1849001e-01;1.7750000e+02;1.5157637e-01;1.7750000e+02;1.8487719e-01;1.7750000e+02;2.2407734e-01;1.7750000e+02;2.6105067e-01;1.7750000e+02;2.8648669e-01;1.7750000e+02;2.8633195e-01;1.7750000e+02;2.6249230e-01;1.7750000e+02;2.2605954e-01;1.7750000e+02;1.8224853e-01;1.7750000e+02;1.3257746e-01;1.7750000e+02;8.7632649e-02;1.7750000e+02;4.7856897e-02;1.7750000e+02;4.2259935e-03;1.7750000e+02;1.6935732e-02;1.7750000e+02;3.6389790e-02;1.7750000e+02;6.0742203e-02;1.7750000e+02;8.8380799e-02;1.7750000e+02;1.1849001e-01;1.7750000e+02;1.5157637e-01;1.7750000e+02;1.8487719e-01;1.7750000e+02;2.2407734e-01;1.7750000e+02;2.6105067e-01;1.7750000e+02;2.8648669e-01;1.7750000e+02;2.8633195e-01;1.7750000e+02;2.6249230e-01;1.7750000e+02;2.2605954e-01;1.7750000e+02;1.8224853e-01;1.7750000e+02;1.3257746e-01;1.7750000e+02;8.7632649e-02;1.7750000e+02;4.7856897e-02;1.7750000e+02;4.2259935e-03;1.7750000e+02;1.6935732e-02;1.7750000e+02;3.6389790e-02;1.7750000e+02;6.0742203e-02;1.7750000e+02;8.8380799e-02;1.7750000e+02;1.1849001e-01;1.7750000e+02;1.5157637e-01;1.7750000e+02;1.8487719e-01;1.7750000e+02;2.2407734e-01;1.7750000e+02;2.6105067e-01;1.7750000e+02;2.8648669e-01;1.7750000e+02;2.8633195e-01;1.7750000e+02;2.6249230e-01;1.7750000e+02;2.2605954e-01;1.7750000e+02;1.8224853e-01;1.7750000e+02;1.3257746e-01;1.7750000e+02;8.7632649e-02;1.7750000e+02;4.7856897e-02;1.7750000e+02;4.2259935e-03;1.7750000e+02;1.6935732e-02;1.7750000e+02;3.6389790e-02;1.7750000e+02;6.0742203e-02;1.7750000e+02;8.8380799e-02;1.7750000e+02;1.1849001e-01;1.7750000e+02;1.5157637e-01;1.7750000e+02;1.8487719e-01;1.7750000e+02;2.2407734e-01;1.7750000e+02;2.6105067e-01;1.7750000e+02;2.8648669e-01;1.7750000e+02;2.8633195e-01;1.7750000e+02;2.6249230e-01;1.7750000e+02;2.2605954e-01;1.7750000e+02;1.8224853e-01;1.7750000e+02;1.3257746e-01;1.7750000e+02;8.7632649e-02;1.7750000e+02;4.7856897e-02;1.7750000e+02;4.2259935e-03;1.7750000e+02;1.6935732e-02;1.7750000e+02;3.6389790e-02;1.7750000e+02;6.0742203e-02;1.7750000e+02;8.8380799e-02;1.7750000e+02;1.1849001e-01;1.7750000e+02;1.5157637e-01;1.7750000e+02;1.8487719e-01;1.7750000e+02;2.2407734e-01;1.7750000e+02;2.6105067e-01;1.7750000e+02;2.8648669e-01;1.7750000e+02;2.8633195e-01;1.7750000e+02;2.6249230e-01;1.7750000e+02;2.2605954e-01;1.7750000e+02;1.8224853e-01;1.7750000e+02;1.3257746e-01;1.7750000e+02;8.7632649e-02;1.7750000e+02;4.7856897e-02;1.7750000e+02;4.2259935e-03;1.7750000e+02;1.6935732e-02;1.7750000e+02;3.6389790e-02;1.7750000e+02;6.0742203e-02;1.7750000e+02;8.8380799e-02;1.7750000e+02;1.1849001e-01;1.7750000e+02;1.5157637e-01;1.7750000e+02;1.8487719e-01;1.7750000e+02;2.2407734e-01;1.7750000e+02;2.6105067e-01;1.7750000e+02;2.8648669e-01;1.7750000e+02;2.8633195e-01;1.7750000e+02;2.6249230e-01;1.7750000e+02;2.2605954e-01;1.7750000e+02;1.8224853e-01;1.7750000e+02;1.3257746e-01;1.7750000e+02;8.7632649e-02;1.7750000e+02;4.7856897e-02;1.7750000e+02;4.2259935e-03;1.7750000e+02;1.6935732e-02;1.7750000e+02;3.6389790e-02;1.7750000e+02;6.0742203e-02;1.7750000e+02;8.8380799e-02;1.7750000e+02;1.1849001e-01;1.7750000e+02;1.5157637e-01;1.7750000e+02;1.8487719e-01;1.7750000e+02;2.2407734e-01;1.7750000e+02;2.6105067e-01;1.7750000e+02;2.8648669e-01;1.7750000e+02;2.8633195e-01;1.7750000e+02;2.6249230e-01;1.7750000e+02;2.2605954e-01;1.7750000e+02;1.8224853e-01;1.7750000e+02;1.3257746e-01;1.7750000e+02;8.7632649e-02;1.7750000e+02;4.7856897e-02;1.7750000e+02;4.2259935e-03;1.7750000e+02;1.6935732e-02;1.7750000e+02;3.6389790e-02;1.7750000e+02;6.0742203e-02;1.7750000e+02;8.8380799e-02;1.7750000e+02;1.1849001e-01;1.7750000e+02;1.5157637e-01;1.7750000e+02;1.8487719e-01;1.7750000e+02;2.2407734e-01;1.7750000e+02;2.6105067e-01;1.7750000e+02;2.8648669e-01;1.7750000e+02;2.8633195e-01;1.7750000e+02;2.6249230e-01;1.7750000e+02;2.2605954e-01;1.7750000e+02;1.8224853e-01;1.7750000e+02;1.3257746e-01;1.7750000e+02;8.7632649e-02;1.7750000e+02;4.7856897e-02;1.7750000e+02;4.2259935e-03;1.7750000e+02;1.6935732e-02;1.7750000e+02;3.6389790e-02;1.7750000e+02;6.0742203e-02;1.7750000e+02;8.8380799e-02;1.7750000e+02;1.1849001e-01;1.7750000e+02;1.5157637e-01;1.7750000e+02;1.8487719e-01;1.7750000e+02;2.2407734e-01;1.7750000e+02;2.6105067e-01;1.7750000e+02;2.8648669e-01;1.7750000e+02;2.8633195e-01;1.7750000e+02;2.6249230e-01;1.7750000e+02;2.2605954e-01;1.7750000e+02;1.8224853e-01;1.7750000e+02;1.3257746e-01;1.7750000e+02;8.7632649e-02;1.7750000e+02;4.7856897e-02;1.7750000e+02;4.2259935e-03;1.7750000e+02;1.6935732e-02;1.7750000e+02;3.6389790e-02;1.7750000e+02;6.0742203e-02;1.7750000e+02;8.8380799e-02;1.7750000e+02;1.1849001e-01;1.7750000e+02;1.5157637e-01;1.7750000e+02;1.8487719e-01;1.7750000e+02;2.2407734e-01;1.7750000e+02;2.6105067e-01;1.7750000e+02;2.8648669e-01;1.7750000e+02;2.8633195e-01;1.7750000e+02;2.6249230e-01;1.7750000e+02;2.2605954e-01;1.7750000e+02;1.8224853e-01;1.7750000e+02;1.3257746e-01;1.7750000e+02;8.7632649e-02;1.7750000e+02;4.7856897e-02;1.7750000e+02;4.2259935e-03;1.7750000e+02;1.6935732e-02;1.7750000e+02;3.6389790e-02;1.7750000e+02;6.0742203e-02;1.7750000e+02;8.8380799e-02;1.7750000e+02;1.1849001e-01;1.7750000e+02;1.5157637e-01;1.7750000e+02;1.8487719e-01;1.7750000e+02;2.2407734e-01;1.7750000e+02;2.6105067e-01;1.7750000e+02;2.8648669e-01;1.7750000e+02;2.8633195e-01;1.7750000e+02;2.6249230e-01;1.7750000e+02;2.2605954e-01;1.7750000e+02;1.8224853e-01;1.7750000e+02;1.3257746e-01;1.7750000e+02;8.7632649e-02;1.7750000e+02;4.7856897e-02;1.7750000e+02;4.2259935e-03;1.7750000e+02;1.6935732e-02;1.7750000e+02;3.6389790e-02;1.7750000e+02;6.0742203e-02;1.7750000e+02;8.8380799e-02;1.7750000e+02;1.1849001e-01;1.7750000e+02;1.5157637e-01;1.7750000e+02;1.8487719e-01;1.7750000e+02;2.2407734e-01;1.7750000e+02;2.6105067e-01;1.7750000e+02;2.8648669e-01;1.7750000e+02;2.8633195e-01;1.7750000e+02;2.6249230e-01;1.7750000e+02;2.2605954e-01;1.7750000e+02;1.8224853e-01;1.7750000e+02;1.3257746e-01;1.7750000e+02;8.7632649e-02;1.7750000e+02;4.7856897e-02;1.7750000e+02;4.2259935e-03;1.7750000e+02;1.6935732e-02;1.7750000e+02;3.6389790e-02;1.7750000e+02;6.0742203e-02;1.7750000e+02;8.8380799e-02;1.7750000e+02;1.1849001e-01;1.7750000e+02;1.5157637e-01;1.7750000e+02;1.8487719e-01;1.7750000e+02;2.2407734e-01;1.7750000e+02;2.6105067e-01;1.7750000e+02;2.8648669e-01;1.7750000e+02;2.8633195e-01;1.7750000e+02;2.6249230e-01;1.7750000e+02;2.2605954e-01;1.7750000e+02;1.8224853e-01;1.7750000e+02;1.3257746e-01;1.7750000e+02;8.7632649e-02;1.7750000e+02;4.7856897e-02;1.7750000e+02;4.2259935e-03;1.7750000e+02;1.6935732e-02;1.7750000e+02;3.6389790e-02;1.7750000e+02;6.0742203e-02;1.7750000e+02;8.8380799e-02;1.7750000e+02;1.1849001e-01;1.7750000e+02;1.5157637e-01;1.7750000e+02;1.8487719e-01;1.7750000e+02;2.2407734e-01;1.7750000e+02;2.6105067e-01;1.7750000e+02;2.8648669e-01;1.7750000e+02;2.8633195e-01;1.7750000e+02;2.6249230e-01;1.7750000e+02;2.2605954e-01;1.7750000e+02;1.8224853e-01;1.7750000e+02;1.3257746e-01;1.7750000e+02;8.7632649e-02;1.7750000e+02;4.7856897e-02;1.7750000e+02;4.2259935e-03;1.7750000e+02;1.6935732e-02;1.7750000e+02;3.6389790e-02;1.7750000e+02;6.0742203e-02;1.7750000e+02;8.8380799e-02;1.7750000e+02;1.1849001e-01;1.7750000e+02;1.5157637e-01;1.7750000e+02;1.8487719e-01;1.7750000e+02;2.2407734e-01;1.7750000e+02;2.6105067e-01;1.7750000e+02;2.8648669e-01;1.7750000e+02;2.8633195e-01;1.7750000e+02;2.6249230e-01;1.7750000e+02;2.2605954e-01;1.7750000e+02;1.8224853e-01;1.7750000e+02;1.3257746e-01;1.7750000e+02;8.7632649e-02;1.7750000e+02;4.7856897e-02;1.7750000e+02;4.2259935e-03;1.7750000e+02;1.6935732e-02;1.7750000e+02;3.6389790e-02;1.7750000e+02;6.0742203e-02;1.7750000e+02;8.8380799e-02;1.7750000e+02;1.1849001e-01;1.7750000e+02;1.5157637e-01;1.7750000e+02;1.8487719e-01;1.7750000e+02;2.2407734e-01;1.7750000e+02;2.6105067e-01;1.7750000e+02;2.8648669e-01;1.7750000e+02;2.8633195e-01;1.7750000e+02;2.6249230e-01;1.7750000e+02;2.2605954e-01;1.7750000e+02;1.8224853e-01;1.7750000e+02;1.3257746e-01;1.7750000e+02;8.7632649e-02;1.7750000e+02;4.7856897e-02;1.7750000e+02;4.2259935e-03;1.7750000e+02;1.6935732e-02;1.7750000e+02;3.6389790e-02;1.7750000e+02;6.0742203e-02;1.7750000e+02;8.8380799e-02;1.7750000e+02;1.1849001e-01;1.7750000e+02;1.5157637e-01;1.7750000e+02;1.8487719e-01;1.7750000e+02;2.2407734e-01;1.7750000e+02;2.6105067e-01;1.7750000e+02;2.8648669e-01;1.7750000e+02;2.8633195e-01;1.7750000e+02;2.6249230e-01;1.7750000e+02;2.2605954e-01;1.7750000e+02;1.8224853e-01;1.7750000e+02;1.3257746e-01;1.7750000e+02;8.7632649e-02;1.7750000e+02;4.7856897e-02;1.7750000e+02;4.2259935e-03;1.7750000e+02;1.6935732e-02;1.7750000e+02;3.6389790e-02;1.7750000e+02;6.0742203e-02;1.7750000e+02;8.8380799e-02;1.7750000e+02;1.1849001e-01;1.7750000e+02;1.5157637e-01;1.7750000e+02;1.8487719e-01;1.7750000e+02;2.2407734e-01;1.7750000e+02;2.6105067e-01;1.7750000e+02;2.8648669e-01;1.7750000e+02;2.8633195e-01;1.7750000e+02;2.6249230e-01;1.7750000e+02;2.2605954e-01;1.7750000e+02;1.8224853e-01;1.7750000e+02;1.3257746e-01;1.7750000e+02;8.7632649e-02;1.7750000e+02;4.7856897e-02;1.7750000e+02;4.2259935e-03;1.7750000e+02;1.6935732e-02;1.7750000e+02;3.6389790e-02;1.7750000e+02;6.0742203e-02;1.7750000e+02;8.8380799e-02;1.7750000e+02;1.1849001e-01;1.7750000e+02;1.5157637e-01;1.7750000e+02;1.8487719e-01;1.7750000e+02;2.2407734e-01;1.7750000e+02;2.6105067e-01;1.7750000e+02;2.8648669e-01;1.7750000e+02;2.8633195e-01;1.7750000e+02;2.6249230e-01;1.7750000e+02;2.2605954e-01;1.7750000e+02;1.8224853e-01;1.7750000e+02;1.3257746e-01;1.7750000e+02;8.7632649e-02;1.7750000e+02;4.7856897e-02;1.7750000e+02;4.2259935e-03;1.7750000e+02;1.6935732e-02;1.7750000e+02;3.6389790e-02;1.7750000e+02;6.0742203e-02;1.7750000e+02;8.8380799e-02;1.7750000e+02;1.1849001e-01;1.7750000e+02;1.5157637e-01;1.7750000e+02;1.8487719e-01;1.7750000e+02;2.2407734e-01;1.7750000e+02;2.6105067e-01;1.7750000e+02;2.8648669e-01;1.7750000e+02;2.8633195e-01;1.7750000e+02;2.6249230e-01;1.7750000e+02;2.2605954e-01;1.7750000e+02;1.8224853e-01;1.7750000e+02;1.3257746e-01;1.7750000e+02;8.7632649e-02;1.7750000e+02;4.7856897e-02;1.7750000e+02;4.2259935e-03;1.7750000e+02;1.6935732e-02;1.7750000e+02;3.6389790e-02;1.7750000e+02;6.0742203e-02;1.7750000e+02;8.8380799e-02;1.7750000e+02;1.1849001e-01;1.7750000e+02;1.5157637e-01;1.7750000e+02;1.8487719e-01;1.7750000e+02;2.2407734e-01;1.7750000e+02;2.6105067e-01;1.7750000e+02;2.8648669e-01;1.7750000e+02;2.8633195e-01;1.7750000e+02;2.6249230e-01;1.7750000e+02;2.2605954e-01;1.7750000e+02;1.8224853e-01;1.7750000e+02;1.3257746e-01;1.7750000e+02;8.7632649e-02;1.7750000e+02;4.7856897e-02;1.7750000e+02;4.2259935e-03;1.7750000e+02;1.6935732e-02;1.7750000e+02;3.6389790e-02;1.7750000e+02;6.0742203e-02;1.7750000e+02;8.8380799e-02;1.7750000e+02;1.1849001e-01;1.7750000e+02;1.5157637e-01;1.7750000e+02;1.8487719e-01;1.7750000e+02;2.2407734e-01;1.7750000e+02;2.6105067e-01;1.7750000e+02;2.8648669e-01;1.7750000e+02;2.8633195e-01;1.7750000e+02;2.6249230e-01;1.7750000e+02;2.2605954e-01;1.7750000e+02;1.8224853e-01;1.7750000e+02;1.3257746e-01;1.7750000e+02;8.7632649e-02;1.7750000e+02;4.7856897e-02;1.7750000e+02;4.2259935e-03;1.7750000e+02;1.6935732e-02;1.7750000e+02;3.6389790e-02;1.7750000e+02;6.0742203e-02;1.7750000e+02;8.8380799e-02;1.7750000e+02;1.1849001e-01;1.7750000e+02;1.5157637e-01;1.7750000e+02;1.8487719e-01;1.7750000e+02;2.2407734e-01;1.7750000e+02;2.6105067e-01;1.7750000e+02;2.8648669e-01;1.7750000e+02;2.8633195e-01;1.7750000e+02;2.6249230e-01;1.7750000e+02;2.2605954e-01;1.7750000e+02;1.8224853e-01;1.7750000e+02;1.3257746e-01;1.7750000e+02;8.7632649e-02;1.7750000e+02;4.7856897e-02;1.7750000e+02;4.2259935e-03;1.7750000e+02;1.6935732e-02;1.7750000e+02;3.6389790e-02;1.7750000e+02;6.0742203e-02;1.7750000e+02;8.8380799e-02;1.7750000e+02;1.1849001e-01;1.7750000e+02;1.5157637e-01;1.7750000e+02;1.8487719e-01;1.7750000e+02;2.2407734e-01;1.7750000e+02;2.6105067e-01;1.7750000e+02;2.8648669e-01;1.7750000e+02;2.8633195e-01;1.7750000e+02;2.6249230e-01;1.7750000e+02;2.2605954e-01;1.7750000e+02;1.8224853e-01;1.7750000e+02;1.3257746e-01;1.7750000e+02;8.7632649e-02;1.7750000e+02;4.7856897e-02;1.7750000e+02;4.2259935e-03;1.7750000e+02;1.6935732e-02;1.7750000e+02;3.6389790e-02;1.7750000e+02;6.0742203e-02;1.7750000e+02;8.8380799e-02;1.7750000e+02;1.1849001e-01;1.7750000e+02;1.5157637e-01;1.7750000e+02;1.8487719e-01;1.7750000e+02;2.2407734e-01;1.7750000e+02;2.6105067e-01;1.7750000e+02;2.8648669e-01;1.7750000e+02;2.8633195e-01;1.7750000e+02;2.6249230e-01;1.7750000e+02;2.2605954e-01;1.7750000e+02;1.8224853e-01;1.7750000e+02;1.3257746e-01;1.7750000e+02;8.7632649e-02;1.7750000e+02;4.7856897e-02;1.7750000e+02;4.2259935e-03;1.7750000e+02;1.6935732e-02;1.7750000e+02;3.6389790e-02;1.7750000e+02;6.0742203e-02;1.7750000e+02;8.8380799e-02;1.7750000e+02;1.1849001e-01;1.7750000e+02;1.5157637e-01;1.7750000e+02;1.8487719e-01;1.7750000e+02;2.2407734e-01;1.7750000e+02;2.6105067e-01;1.7750000e+02;2.8648669e-01;1.7750000e+02;2.8633195e-01;1.7750000e+02;2.6249230e-01;1.7750000e+02;2.2605954e-01;1.7750000e+02;1.8224853e-01;1.7750000e+02;1.3257746e-01;1.7750000e+02;8.7632649e-02;1.7750000e+02;4.7856897e-02;1.7750000e+02;4.2259935e-03;1.7750000e+02;1.6935732e-02;1.7750000e+02;3.6389790e-02;1.7750000e+02;6.0742203e-02;1.7750000e+02;8.8380799e-02;1.7750000e+02;1.1849001e-01;1.7750000e+02;1.5157637e-01;1.7750000e+02;1.8487719e-01;1.7750000e+02;2.2407734e-01;1.7750000e+02;2.6105067e-01;1.7750000e+02;2.8648669e-01;1.7750000e+02;2.8633195e-01;1.7750000e+02;2.6249230e-01;1.7750000e+02;2.2605954e-01;1.7750000e+02;1.8224853e-01;1.7750000e+02;1.3257746e-01;1.7750000e+02;8.7632649e-02;1.7750000e+02;4.7856897e-02;1.7750000e+02;4.2259935e-03;1.7750000e+02;1.6935732e-02;1.7750000e+02;3.6389790e-02;1.7750000e+02;6.0742203e-02;1.7750000e+02;8.8380799e-02;1.7750000e+02;1.1849001e-01;1.7750000e+02;1.5157637e-01;1.7750000e+02;1.8487719e-01;1.7750000e+02;2.2407734e-01;1.7750000e+02;2.6105067e-01;1.7750000e+02;2.8648669e-01;1.7750000e+02;2.8633195e-01;1.7750000e+02;2.6249230e-01;1.7750000e+02;2.2605954e-01;1.7750000e+02;1.8224853e-01;1.7750000e+02;1.3257746e-01;1.7750000e+02;8.7632649e-02;1.7750000e+02;4.7856897e-02;1.7750000e+02;4.2259935e-03;1.7750000e+02;1.6935732e-02;1.7750000e+02;3.6389790e-02;1.7750000e+02;6.0742203e-02;1.7750000e+02;8.8380799e-02;1.7750000e+02;1.1849001e-01;1.7750000e+02;1.5157637e-01;1.7750000e+02;1.8487719e-01;1.7750000e+02;2.2407734e-01;1.7750000e+02;2.6105067e-01;1.7750000e+02;2.8648669e-01;1.7750000e+02;2.8633195e-01;1.7750000e+02;2.6249230e-01;1.7750000e+02;2.2605954e-01;1.7750000e+02;1.8224853e-01;1.7750000e+02;1.3257746e-01;1.7750000e+02;8.7632649e-02;1.7750000e+02;4.7856897e-02;1.7750000e+02;4.2259935e-03;1.7750000e+02;1.6935732e-02;1.7750000e+02;3.6389790e-02;1.7750000e+02;6.0742203e-02;1.7750000e+02;8.8380799e-02;1.7750000e+02;1.1849001e-01;1.7750000e+02;1.5157637e-01;1.7750000e+02;1.8487719e-01;1.7750000e+02;2.2407734e-01;1.7750000e+02;2.6105067e-01;1.7750000e+02;2.8648669e-01;1.7750000e+02;2.8633195e-01;1.7750000e+02;2.6249230e-01;1.7750000e+02;2.2605954e-01;1.7750000e+02;1.8224853e-01;1.7750000e+02;1.3257746e-01;1.7750000e+02;8.7632649e-02;1.7750000e+02;4.7856897e-02;1.7750000e+02;4.2259935e-03;1.7750000e+02;1.6935732e-02;1.7750000e+02;3.6389790e-02;1.7750000e+02;6.0742203e-02;1.7750000e+02;8.8380799e-02;1.7750000e+02;1.1849001e-01;1.7750000e+02;1.5157637e-01;1.7750000e+02;1.8487719e-01;1.7750000e+02;2.2407734e-01;1.7750000e+02;2.6105067e-01;1.7750000e+02;2.8648669e-01;1.7750000e+02;2.8633195e-01;1.7750000e+02;2.6249230e-01;1.7750000e+02;2.2605954e-01;1.7750000e+02;1.8224853e-01;1.7750000e+02;1.3257746e-01;1.7750000e+02;8.7632649e-02;1.7750000e+02;4.7856897e-02;1.7750000e+02;4.2259935e-03;1.7750000e+02;1.6935732e-02;1.7750000e+02;3.6389790e-02;1.7750000e+02;6.0742203e-02;1.7750000e+02;8.8380799e-02;1.7750000e+02;1.1849001e-01;1.7750000e+02;1.5157637e-01;1.7750000e+02;1.8487719e-01;1.7750000e+02;2.2407734e-01;1.7750000e+02;2.6105067e-01;1.7750000e+02;2.8648669e-01;1.7750000e+02;2.8633195e-01;1.7750000e+02;2.6249230e-01;1.7750000e+02;2.2605954e-01;1.7750000e+02;1.8224853e-01;1.7750000e+02;1.3257746e-01;1.7750000e+02;8.7632649e-02;1.7750000e+02;4.7856897e-02;1.7750000e+02;4.2259935e-03;1.7750000e+02;1.6935732e-02;1.7750000e+02;3.6389790e-02;1.7750000e+02;6.0742203e-02;1.7750000e+02;8.8380799e-02;1.7750000e+02;1.1849001e-01;1.7750000e+02;1.5157637e-01;1.7750000e+02;1.8487719e-01;1.7750000e+02;2.2407734e-01;1.7750000e+02;2.6105067e-01;1.7750000e+02;2.8648669e-01;1.7750000e+02;2.8633195e-01;1.7750000e+02;2.6249230e-01;1.7750000e+02;2.2605954e-01;1.7750000e+02;1.8224853e-01;1.7750000e+02;1.3257746e-01;1.7750000e+02;8.7632649e-02;1.7750000e+02;4.7856897e-02;1.7750000e+02;4.2259935e-03;1.7750000e+02;1.6935732e-02;1.7750000e+02;3.6389790e-02;1.7750000e+02;6.0742203e-02;1.7750000e+02;8.8380799e-02;1.7750000e+02;1.1849001e-01;1.7750000e+02;1.5157637e-01;1.7750000e+02;1.8487719e-01;1.7750000e+02;2.2407734e-01;1.7750000e+02;2.6105067e-01;1.7750000e+02;2.8648669e-01;1.7750000e+02;2.8633195e-01;1.7750000e+02;2.6249230e-01;1.7750000e+02;2.2605954e-01;1.7750000e+02;1.8224853e-01;1.7750000e+02;1.3257746e-01;1.7750000e+02;8.7632649e-02;1.7750000e+02;4.7856897e-02;1.7750000e+02;4.2259935e-03;1.7750000e+02;1.6935732e-02;1.7750000e+02;3.6389790e-02;1.7750000e+02;6.0742203e-02;1.7750000e+02;8.8380799e-02;1.7750000e+02;1.1849001e-01;1.7750000e+02;1.5157637e-01;1.7750000e+02;1.8487719e-01;1.7750000e+02;2.2407734e-01;1.7750000e+02;2.6105067e-01;1.7750000e+02;2.8648669e-01;1.7750000e+02;2.8633195e-01;1.7750000e+02;2.6249230e-01;1.7750000e+02;2.2605954e-01;1.7750000e+02;1.8224853e-01;1.7750000e+02;1.3257746e-01;1.7750000e+02;8.7632649e-02;1.7750000e+02;4.7856897e-02;1.7750000e+02;4.2259935e-03;1.7750000e+02;1.6935732e-02;1.7750000e+02;3.6389790e-02;1.7750000e+02;6.0742203e-02;1.7750000e+02;8.8380799e-02;1.7750000e+02;1.1849001e-01;1.7750000e+02;1.5157637e-01;1.7750000e+02;1.8487719e-01;1.7750000e+02;2.2407734e-01;1.7750000e+02;2.6105067e-01;1.7750000e+02;2.8648669e-01;1.7750000e+02;2.8633195e-01;1.7750000e+02;2.6249230e-01;1.7750000e+02;2.2605954e-01;1.7750000e+02;1.8224853e-01;1.7750000e+02;1.3257746e-01;1.7750000e+02;8.7632649e-02;1.7750000e+02;4.7856897e-02;1.7750000e+02;4.2259935e-03;1.7750000e+02;1.6935732e-02;1.7750000e+02;3.6389790e-02;1.7750000e+02;6.0742203e-02;1.7750000e+02;8.8380799e-02;1.7750000e+02;1.1849001e-01;1.7750000e+02;1.5157637e-01;1.7750000e+02;1.8487719e-01;1.7750000e+02;2.2407734e-01;1.7750000e+02;2.6105067e-01;1.7750000e+02;2.8648669e-01;1.7750000e+02;2.8633195e-01;1.7750000e+02;2.6249230e-01;1.7750000e+02;2.2605954e-01;1.7750000e+02;1.8224853e-01;1.7750000e+02;1.3257746e-01;1.7750000e+02;8.7632649e-02;1.7750000e+02;4.7856897e-02;1.7750000e+02;4.2259935e-03;1.7750000e+02;1.6935732e-02;1.7750000e+02;3.6389790e-02;1.7750000e+02;6.0742203e-02;1.7750000e+02;8.8380799e-02;1.7750000e+02;1.1849001e-01;1.7750000e+02;1.5157637e-01;1.7750000e+02;1.8487719e-01;1.7750000e+02;2.2407734e-01;1.7750000e+02;2.6105067e-01;1.7750000e+02;2.8648669e-01;1.7750000e+02;2.8633195e-01;1.7750000e+02;2.6249230e-01;1.7750000e+02;2.2605954e-01;1.7750000e+02;1.8224853e-01;1.7750000e+02;1.3257746e-01;1.7750000e+02;8.7632649e-02;1.7750000e+02;4.7856897e-02;1.7750000e+02;4.2259935e-03;1.7750000e+02;1.6935732e-02;1.7750000e+02;3.6389790e-02;1.7750000e+02;6.0742203e-02;1.7750000e+02;8.8380799e-02;1.7750000e+02;1.1849001e-01;1.7750000e+02;1.5157637e-01;1.7750000e+02;1.8487719e-01;1.7750000e+02;2.2407734e-01;1.7750000e+02;2.6105067e-01;1.7750000e+02;2.8648669e-01;1.7750000e+02;2.8633195e-01;1.7750000e+02;2.6249230e-01;1.7750000e+02;2.2605954e-01;1.7750000e+02;1.8224853e-01;1.7750000e+02;1.3257746e-01;1.7750000e+02;8.7632649e-02;1.7750000e+02;4.7856897e-02;1.7750000e+02;4.2259935e-03;1.7750000e+02;1.6935732e-02;1.7750000e+02;3.6389790e-02;1.7750000e+02;6.0742203e-02;1.7750000e+02;8.8380799e-02;1.7750000e+02;1.1849001e-01;1.7750000e+02;1.5157637e-01;1.7750000e+02;1.8487719e-01;1.7750000e+02;2.2407734e-01;1.7750000e+02;2.6105067e-01;1.7750000e+02;2.8648669e-01;1.7750000e+02;2.8633195e-01;1.7750000e+02;2.6249230e-01;1.7750000e+02;2.2605954e-01;1.7750000e+02;1.8224853e-01;1.7750000e+02;1.3257746e-01;1.7750000e+02;8.7632649e-02;1.7750000e+02;4.7856897e-02;1.7750000e+02;4.2259935e-03;1.7750000e+02;1.6935732e-02;1.7750000e+02;3.6389790e-02;1.7750000e+02;6.0742203e-02;1.7750000e+02;8.8380799e-02;1.7750000e+02;1.1849001e-01;1.7750000e+02;1.5157637e-01;1.7750000e+02;1.8487719e-01;1.7750000e+02;2.2407734e-01;1.7750000e+02;2.6105067e-01;1.7750000e+02;2.8648669e-01;1.7750000e+02;2.8633195e-01;1.7750000e+02;2.6249230e-01;1.7750000e+02;2.2605954e-01;1.7750000e+02;1.8224853e-01;1.7750000e+02;1.3257746e-01;1.7750000e+02;8.7632649e-02;1.7750000e+02;4.7856897e-02;1.7750000e+02;4.2259935e-03;1.7750000e+02;1.6935732e-02;1.7750000e+02;3.6389790e-02;1.7750000e+02;6.0742203e-02;1.7750000e+02;8.8380799e-02;1.7750000e+02;1.1849001e-01;1.7750000e+02;1.5157637e-01;1.7750000e+02;1.8487719e-01;1.7750000e+02;2.2407734e-01;1.7750000e+02;2.6105067e-01;1.7750000e+02;2.8648669e-01;1.7750000e+02;2.8633195e-01;1.7750000e+02;2.6249230e-01;1.7750000e+02;2.2605954e-01;1.7750000e+02;1.8224853e-01;1.7750000e+02;1.3257746e-01;1.7750000e+02;8.7632649e-02;1.7750000e+02;4.7856897e-02;1.7750000e+02;4.2259935e-03;1.7750000e+02;1.6935732e-02;1.7750000e+02;3.6389790e-02;1.7750000e+02;6.0742203e-02;1.7750000e+02;8.8380799e-02;1.7750000e+02;1.1849001e-01;1.7750000e+02;1.5157637e-01;1.7750000e+02;1.8487719e-01;1.7750000e+02;2.2407734e-01;1.7750000e+02;2.6105067e-01;1.7750000e+02;2.8648669e-01;1.7750000e+02;2.8633195e-01;1.7750000e+02;2.6249230e-01;1.7750000e+02;2.2605954e-01;1.7750000e+02;1.8224853e-01;1.7750000e+02;1.3257746e-01;1.7750000e+02;8.7632649e-02;1.7750000e+02;4.7856897e-02;1.7750000e+02;4.2259935e-03;1.7750000e+02;1.6935732e-02;1.7750000e+02;3.6389790e-02;1.7750000e+02;6.0742203e-02;1.7750000e+02;8.8380799e-02;1.7750000e+02;1.1849001e-01;1.7750000e+02;1.5157637e-01;1.7750000e+02;1.8487719e-01;1.7750000e+02;2.2407734e-01;1.7750000e+02;2.6105067e-01;1.7750000e+02;2.8648669e-01;1.7750000e+02;2.8633195e-01;1.7750000e+02;2.6249230e-01;1.7750000e+02;2.2605954e-01;1.7750000e+02;1.8224853e-01;1.7750000e+02;1.3257746e-01;1.7750000e+02;8.7632649e-02;1.7750000e+02;4.7856897e-02;1.7750000e+02;4.2259935e-03;1.7750000e+02;1.6935732e-02;1.7750000e+02;3.6389790e-02;1.7750000e+02;6.0742203e-02;1.7750000e+02;8.8380799e-02;1.7750000e+02;1.1849001e-01;1.7750000e+02;1.5157637e-01;1.7750000e+02;1.8487719e-01;1.7750000e+02;2.2407734e-01;1.7750000e+02;2.6105067e-01;1.7750000e+02;2.8648669e-01;1.7750000e+02;2.8633195e-01;1.7750000e+02;2.6249230e-01;1.7750000e+02;2.2605954e-01;1.7750000e+02;1.8224853e-01;1.7750000e+02;1.3257746e-01;1.7750000e+02;8.7632649e-02;1.7750000e+02;4.7856897e-02;1.7750000e+02;4.2259935e-03;1.7750000e+02;1.6935732e-02;1.7750000e+02;3.6389790e-02;1.7750000e+02;6.0742203e-02;1.7750000e+02;8.8380799e-02;1.7750000e+02;1.1849001e-01;1.7750000e+02;1.5157637e-01;1.7750000e+02;1.8487719e-01;1.7750000e+02;2.2407734e-01;1.7750000e+02;2.6105067e-01;1.7750000e+02;2.8648669e-01;1.7750000e+02;2.8633195e-01;1.7750000e+02;2.6249230e-01;1.7750000e+02;2.2605954e-01;1.7750000e+02;1.8224853e-01;1.7750000e+02;1.3257746e-01;1.7750000e+02;8.7632649e-02;1.7750000e+02;4.7856897e-02;1.7750000e+02;4.2259935e-03;1.7750000e+02;1.6935732e-02;1.7750000e+02;3.6389790e-02;1.7750000e+02;6.0742203e-02;1.7750000e+02;8.8380799e-02;1.7750000e+02;1.1849001e-01;1.7750000e+02;1.5157637e-01;1.7750000e+02;1.8487719e-01;1.7750000e+02;2.2407734e-01;1.7750000e+02;2.6105067e-01;1.7750000e+02;2.8648669e-01;1.7750000e+02;2.8633195e-01;1.7750000e+02;2.6249230e-01;1.7750000e+02;2.2605954e-01;1.7750000e+02;1.8224853e-01;1.7750000e+02;1.3257746e-01;1.7750000e+02;8.7632649e-02;1.7750000e+02;4.7856897e-02;1.7750000e+02;4.2259935e-03;1.7750000e+02;1.6935732e-02;1.7750000e+02;3.6389790e-02;1.7750000e+02;6.0742203e-02;1.7750000e+02;8.8380799e-02;1.7750000e+02;1.1849001e-01;1.7750000e+02;1.5157637e-01;1.7750000e+02;1.8487719e-01;1.7750000e+02;2.2407734e-01;1.7750000e+02;2.6105067e-01;1.7750000e+02;2.8648669e-01;1.7750000e+02;2.8633195e-01;1.7750000e+02;2.6249230e-01;1.7750000e+02;2.2605954e-01;1.7750000e+02;1.8224853e-01;1.7750000e+02;1.3257746e-01;1.7750000e+02;8.7632649e-02;1.7750000e+02;4.7856897e-02;1.7750000e+02;4.2259935e-03;1.7750000e+02;1.6935732e-02;1.7750000e+02;3.6389790e-02;1.7750000e+02;6.0742203e-02;1.7750000e+02;8.8380799e-02;1.7750000e+02;1.1849001e-01;1.7750000e+02;1.5157637e-01;1.7750000e+02;1.8487719e-01;1.7750000e+02;2.2407734e-01;1.7750000e+02;2.6105067e-01;1.7750000e+02;2.8648669e-01;1.7750000e+02;2.8633195e-01;1.7750000e+02;2.6249230e-01;1.7750000e+02;2.2605954e-01;1.7750000e+02;1.8224853e-01;1.7750000e+02;1.3257746e-01;1.7750000e+02;8.7632649e-02;1.7750000e+02;4.7856897e-02;1.7750000e+02;4.2259935e-03;1.7750000e+02;1.6935732e-02;1.7750000e+02;3.6389790e-02;1.7750000e+02;6.0742203e-02;1.7750000e+02;8.8380799e-02;1.7750000e+02;1.1849001e-01;1.7750000e+02;1.5157637e-01;1.7750000e+02;1.8487719e-01;1.7750000e+02;2.2407734e-01;1.7750000e+02;2.6105067e-01;1.7750000e+02;2.8648669e-01;1.7750000e+02;2.8633195e-01;1.7750000e+02;2.6249230e-01;1.7750000e+02;2.2605954e-01;1.7750000e+02;1.8224853e-01;1.7750000e+02;1.3257746e-01;1.7750000e+02;8.7632649e-02;1.7750000e+02;4.7856897e-02;1.7750000e+02;4.2259935e-03;1.7750000e+02;1.6935732e-02;1.7750000e+02;3.6389790e-02;1.7750000e+02;6.0742203e-02;1.7750000e+02;8.8380799e-02;1.7750000e+02;1.1849001e-01;1.7750000e+02;1.5157637e-01;1.7750000e+02;1.8487719e-01;1.7750000e+02;2.2407734e-01;1.7750000e+02;2.6105067e-01;1.7750000e+02;2.8648669e-01;1.7750000e+02;2.8633195e-01;1.7750000e+02;2.6249230e-01;1.7750000e+02;2.2605954e-01;1.7750000e+02;1.8224853e-01;1.7750000e+02;1.3257746e-01;1.7750000e+02;8.7632649e-02;1.7750000e+02;4.7856897e-02;1.7750000e+02;4.2259935e-03;1.7750000e+02;1.6935732e-02;1.7750000e+02;3.6389790e-02;1.7750000e+02;6.0742203e-02;1.7750000e+02;8.8380799e-02;1.7750000e+02;1.1849001e-01;1.7750000e+02;1.5157637e-01;1.7750000e+02;1.8487719e-01;1.7750000e+02;2.2407734e-01;1.7750000e+02;2.6105067e-01;1.7750000e+02;2.8648669e-01;1.7750000e+02;2.8633195e-01;1.7750000e+02;2.6249230e-01;1.7750000e+02;2.2605954e-01;1.7750000e+02;1.8224853e-01;1.7750000e+02;1.3257746e-01;1.7750000e+02;8.7632649e-02;1.7750000e+02;4.7856897e-02;1.7750000e+02;4.2259935e-03;1.7750000e+02;1.6935732e-02;1.7750000e+02;3.6389790e-02;1.7750000e+02;6.0742203e-02;1.7750000e+02;8.8380799e-02;1.7750000e+02;1.1849001e-01;1.7750000e+02;1.5157637e-01;1.7750000e+02;1.8487719e-01;1.7750000e+02;2.2407734e-01;1.7750000e+02;2.6105067e-01;1.7750000e+02;2.8648669e-01;1.7750000e+02;2.8633195e-01;1.7750000e+02;2.6249230e-01;1.7750000e+02;2.2605954e-01;1.7750000e+02;1.8224853e-01;1.7750000e+02;1.3257746e-01;1.7750000e+02;8.7632649e-02;1.7750000e+02;4.7856897e-02;1.7750000e+02;4.2259935e-03;1.7750000e+02;1.6935732e-02;1.7750000e+02;3.6389790e-02;1.7750000e+02;6.0742203e-02;1.7750000e+02;8.8380799e-02;1.7750000e+02;1.1849001e-01;1.7750000e+02;1.5157637e-01;1.7750000e+02;1.8487719e-01;1.7750000e+02;2.2407734e-01;1.7750000e+02;2.6105067e-01;1.7750000e+02;2.8648669e-01;1.7750000e+02;2.8633195e-01;1.7750000e+02;2.6249230e-01;1.7750000e+02;2.2605954e-01;1.7750000e+02;1.8224853e-01;1.7750000e+02;1.3257746e-01;1.7750000e+02;8.7632649e-02;1.7750000e+02;4.7856897e-02;1.7750000e+02;4.2259935e-03;1.7750000e+02;1.6935732e-02;1.7750000e+02;3.6389790e-02;1.7750000e+02;6.0742203e-02;1.7750000e+02;8.8380799e-02;1.7750000e+02;1.1849001e-01;1.7750000e+02;1.5157637e-01;1.7750000e+02;1.8487719e-01;1.7750000e+02;2.2407734e-01;1.7750000e+02;2.6105067e-01;1.7750000e+02;2.8648669e-01;1.7750000e+02;2.8633195e-01;1.7750000e+02;2.6249230e-01;1.7750000e+02;2.2605954e-01;1.7750000e+02;1.8224853e-01;1.7750000e+02;1.3257746e-01;1.7750000e+02;8.7632649e-02;1.7750000e+02;4.7856897e-02;1.7750000e+02;4.2259935e-03;1.7750000e+02;1.6935732e-02;1.7750000e+02;3.6389790e-02;1.7750000e+02;6.0742203e-02;1.7750000e+02;8.8380799e-02;1.7750000e+02;1.1849001e-01;1.7750000e+02;1.5157637e-01;1.7750000e+02;1.8487719e-01;1.7750000e+02;2.2407734e-01;1.7750000e+02;2.6105067e-01;1.7750000e+02;2.8648669e-01;1.7750000e+02;2.8633195e-01;1.7750000e+02;2.6249230e-01;1.7750000e+02;2.2605954e-01;1.7750000e+02;1.8224853e-01;1.7750000e+02;1.3257746e-01;1.7750000e+02;8.7632649e-02;1.7750000e+02;4.7856897e-02;1.7750000e+02;4.2259935e-03;1.7750000e+02;1.6935732e-02;1.7750000e+02;3.6389790e-02;1.7750000e+02;6.0742203e-02;1.7750000e+02;8.8380799e-02;1.7750000e+02;1.1849001e-01;1.7750000e+02;1.5157637e-01;1.7750000e+02;1.8487719e-01;1.7750000e+02;2.2407734e-01;1.7750000e+02;2.6105067e-01;1.7750000e+02;2.8648669e-01;1.7750000e+02;2.8633195e-01;1.7750000e+02;2.6249230e-01;1.7750000e+02;2.2605954e-01;1.7750000e+02;1.8224853e-01;1.7750000e+02;1.3257746e-01;1.7750000e+02;8.7632649e-02;1.7750000e+02;4.7856897e-02;1.7750000e+02;4.2259935e-03;1.7750000e+02;1.6935732e-02;1.7750000e+02;3.6389790e-02;1.7750000e+02;6.0742203e-02;1.7750000e+02;8.8380799e-02;1.7750000e+02;1.1849001e-01;1.7750000e+02;1.5157637e-01;1.7750000e+02;1.8487719e-01;1.7750000e+02;2.2407734e-01;1.7750000e+02;2.6105067e-01;1.7750000e+02;2.8648669e-01;1.7750000e+02;2.8633195e-01;1.7750000e+02;2.6249230e-01;1.7750000e+02;2.2605954e-01;1.7750000e+02;1.8224853e-01;1.7750000e+02;1.3257746e-01;1.7750000e+02;8.7632649e-02;1.7750000e+02;4.7856897e-02;1.7750000e+02;4.2259935e-03;1.7750000e+02;1.6935732e-02;1.7750000e+02;3.6389790e-02;1.7750000e+02;6.0742203e-02;1.7750000e+02;8.8380799e-02;1.7750000e+02;1.1849001e-01;1.7750000e+02;1.5157637e-01;1.7750000e+02;1.8487719e-01;1.7750000e+02;2.2407734e-01;1.7750000e+02;2.6105067e-01;1.7750000e+02;2.8648669e-01;1.7750000e+02;2.8633195e-01;1.7750000e+02;2.6249230e-01;1.7750000e+02;2.2605954e-01;1.7750000e+02;1.8224853e-01;1.7750000e+02;1.3257746e-01;1.7750000e+02;8.7632649e-02;1.7750000e+02;4.7856897e-02;1.7750000e+02;4.2259935e-03;1.7750000e+02;1.6935732e-02;1.7750000e+02;3.6389790e-02;1.7750000e+02;6.0742203e-02;1.7750000e+02;8.8380799e-02;1.7750000e+02;1.1849001e-01;1.7750000e+02;1.5157637e-01;1.7750000e+02;1.8487719e-01;1.7750000e+02;2.2407734e-01;1.7750000e+02;2.6105067e-01;1.7750000e+02;2.8648669e-01;1.7750000e+02;2.8633195e-01;1.7750000e+02;2.6249230e-01;1.7750000e+02;2.2605954e-01;1.7750000e+02;1.8224853e-01;1.7750000e+02;1.3257746e-01;1.7750000e+02;8.7632649e-02;1.7750000e+02;4.7856897e-02;1.7750000e+02;4.2259935e-03;1.7750000e+02;1.6935732e-02;1.7750000e+02;3.6389790e-02;1.7750000e+02;6.0742203e-02;1.7750000e+02;8.8380799e-02;1.7750000e+02;1.1849001e-01;1.7750000e+02;1.5157637e-01;1.7750000e+02;1.8487719e-01;1.7750000e+02;2.2407734e-01;1.7750000e+02;2.6105067e-01;1.7750000e+02;2.8648669e-01;1.7750000e+02;2.8633195e-01;1.7750000e+02;2.6249230e-01;1.7750000e+02;2.2605954e-01;1.7750000e+02;1.8224853e-01;1.7750000e+02;1.3257746e-01;1.7750000e+02;8.7632649e-02;1.7750000e+02;4.7856897e-02;1.7750000e+02;4.2259935e-03;1.7750000e+02;1.6935732e-02;1.7750000e+02;3.6389790e-02;1.7750000e+02;6.0742203e-02;1.7750000e+02;8.8380799e-02;1.7750000e+02;1.1849001e-01;1.7750000e+02;1.5157637e-01;1.7750000e+02;1.8487719e-01;1.7750000e+02;2.2407734e-01;1.7750000e+02;2.6105067e-01;1.7750000e+02;2.8648669e-01;1.7750000e+02;2.8633195e-01;1.7750000e+02;2.6249230e-01;1.7750000e+02;2.2605954e-01;1.7750000e+02;1.8224853e-01;1.7750000e+02;1.3257746e-01;1.7750000e+02;8.7632649e-02;1.7750000e+02;4.7856897e-02;1.7750000e+02;4.2259935e-03;1.7750000e+02;1.6935732e-02;1.7750000e+02;3.6389790e-02;1.7750000e+02;6.0742203e-02;1.7750000e+02;8.8380799e-02;1.7750000e+02;1.1849001e-01;1.7750000e+02;1.5157637e-01;1.7750000e+02;1.8487719e-01;1.7750000e+02;2.2407734e-01;1.7750000e+02;2.6105067e-01;1.7750000e+02;2.8648669e-01;1.7750000e+02;2.8633195e-01;1.7750000e+02;2.6249230e-01;1.7750000e+02;2.2605954e-01;1.7750000e+02;1.8224853e-01;1.7750000e+02;1.3257746e-01;1.7750000e+02;8.7632649e-02;1.7750000e+02;4.7856897e-02;1.7750000e+02;4.2259935e-03;1.7750000e+02;1.6935732e-02;1.7750000e+02;3.6389790e-02;1.7750000e+02;6.0742203e-02;1.7750000e+02;8.8380799e-02;1.7750000e+02;1.1849001e-01;1.7750000e+02;1.5157637e-01;1.7750000e+02;1.8487719e-01;1.7750000e+02;2.2407734e-01;1.7750000e+02;2.6105067e-01;1.7750000e+02;2.8648669e-01;1.7750000e+02;2.8633195e-01;1.7750000e+02;2.6249230e-01;1.7750000e+02;2.2605954e-01;1.7750000e+02;1.8224853e-01;1.7750000e+02;1.3257746e-01;1.7750000e+02;8.7632649e-02;1.7750000e+02;4.7856897e-02;1.7750000e+02;4.2259935e-03;1.7750000e+02;1.6935732e-02;1.7750000e+02;3.6389790e-02;1.7750000e+02;6.0742203e-02;1.7750000e+02;8.8380799e-02;1.7750000e+02;1.1849001e-01;1.7750000e+02;1.5157637e-01;1.7750000e+02;1.8487719e-01;1.7750000e+02;2.2407734e-01;1.7750000e+02;2.6105067e-01;1.7750000e+02;2.8648669e-01;1.7750000e+02;2.8633195e-01;1.7750000e+02;2.6249230e-01;1.7750000e+02;2.2605954e-01;1.7750000e+02;1.8224853e-01;1.7750000e+02;1.3257746e-01;1.7750000e+02;8.7632649e-02;1.7750000e+02;4.7856897e-02;1.7750000e+02;4.2259935e-03;1.7750000e+02;1.6935732e-02;1.7750000e+02;3.6389790e-02;1.7750000e+02;6.0742203e-02;1.7750000e+02;8.8380799e-02;1.7750000e+02;1.1849001e-01;1.7750000e+02;1.5157637e-01;1.7750000e+02;1.8487719e-01;1.7750000e+02;2.2407734e-01;1.7750000e+02;2.6105067e-01;1.7750000e+02;2.8648669e-01;1.7750000e+02;2.8633195e-01;1.7750000e+02;2.6249230e-01;1.7750000e+02;2.2605954e-01;1.7750000e+02;1.8224853e-01;1.7750000e+02;1.3257746e-01;1.7750000e+02;8.7632649e-02;1.7750000e+02;4.7856897e-02;1.7750000e+02;4.2259935e-03;1.7750000e+02;1.6935732e-02;1.7750000e+02;3.6389790e-02;1.7750000e+02;6.0742203e-02;1.7750000e+02;8.8380799e-02;1.7750000e+02;1.1849001e-01;1.7750000e+02;1.5157637e-01;1.7750000e+02;1.8487719e-01;1.7750000e+02;2.2407734e-01;1.7750000e+02;2.6105067e-01;1.7750000e+02;2.8648669e-01;1.7750000e+02;2.8633195e-01;1.7750000e+02;2.6249230e-01;1.7750000e+02;2.2605954e-01;1.7750000e+02;1.8224853e-01;1.7750000e+02;1.3257746e-01;1.7750000e+02;8.7632649e-02;1.7750000e+02;4.7856897e-02;1.7750000e+02;4.2259935e-03;1.7750000e+02;1.6935732e-02;1.7750000e+02;3.6389790e-02;1.7750000e+02;6.0742203e-02;1.7750000e+02;8.8380799e-02;1.7750000e+02;1.1849001e-01;1.7750000e+02;1.5157637e-01;1.7750000e+02;1.8487719e-01;1.7750000e+02;2.2407734e-01;1.7750000e+02;2.6105067e-01;1.7750000e+02;2.8648669e-01;1.7750000e+02;2.8633195e-01;1.7750000e+02;2.6249230e-01;1.7750000e+02;2.2605954e-01;1.7750000e+02;1.8224853e-01;1.7750000e+02;1.3257746e-01;1.7750000e+02;8.7632649e-02;1.7750000e+02;4.7856897e-02;1.7750000e+02;4.2259935e-03;1.7750000e+02;1.6935732e-02;1.7750000e+02;3.6389790e-02;1.7750000e+02;6.0742203e-02;1.7750000e+02;8.8380799e-02;1.7750000e+02;1.1849001e-01;1.7750000e+02;1.5157637e-01;1.7750000e+02;1.8487719e-01;1.7750000e+02;2.2407734e-01;1.7750000e+02;2.6105067e-01;1.7750000e+02;2.8648669e-01;1.7750000e+02;2.8633195e-01;1.7750000e+02;2.6249230e-01;1.7750000e+02;2.2605954e-01;1.7750000e+02;1.8224853e-01;1.7750000e+02;1.3257746e-01;1.7750000e+02;8.7632649e-02;1.7750000e+02;4.7856897e-02;1.7750000e+02;4.2259935e-03;1.7750000e+02;1.6935732e-02;1.7750000e+02;3.6389790e-02;1.7750000e+02;6.0742203e-02;1.7750000e+02;8.8380799e-02;1.7750000e+02;1.1849001e-01;1.7750000e+02;1.5157637e-01;1.7750000e+02;1.8487719e-01;1.7750000e+02;2.2407734e-01;1.7750000e+02;2.6105067e-01;1.7750000e+02;2.8648669e-01;1.7750000e+02;2.8633195e-01;1.7750000e+02;2.6249230e-01;1.7750000e+02;2.2605954e-01;1.7750000e+02;1.8224853e-01;1.7750000e+02;1.3257746e-01;1.7750000e+02;8.7632649e-02;1.7750000e+02;4.7856897e-02;1.7750000e+02;4.2259935e-03;1.7750000e+02;1.6935732e-02;1.7750000e+02;3.6389790e-02;1.7750000e+02;6.0742203e-02;1.7750000e+02;8.8380799e-02;1.7750000e+02;1.1849001e-01;1.7750000e+02;1.5157637e-01;1.7750000e+02;1.8487719e-01;1.7750000e+02;2.2407734e-01;1.7750000e+02;2.6105067e-01;1.7750000e+02;2.8648669e-01;1.7750000e+02;2.8633195e-01;1.7750000e+02;2.6249230e-01;1.7750000e+02;2.2605954e-01;1.7750000e+02;1.8224853e-01;1.7750000e+02;1.3257746e-01;1.7750000e+02;8.7632649e-02;1.7750000e+02;4.7856897e-02;1.7750000e+02;4.2259935e-03;1.7750000e+02;1.6935732e-02;1.7750000e+02;3.6389790e-02;1.7750000e+02;6.0742203e-02;1.7750000e+02;8.8380799e-02;1.7750000e+02;1.1849001e-01;1.7750000e+02;1.5157637e-01;1.7750000e+02;1.8487719e-01;1.7750000e+02;2.2407734e-01;1.7750000e+02;2.6105067e-01;1.7750000e+02;2.8648669e-01;1.7750000e+02;2.8633195e-01;1.7750000e+02;2.6249230e-01;1.7750000e+02;2.2605954e-01;1.7750000e+02;1.8224853e-01;1.7750000e+02;1.3257746e-01;1.7750000e+02;8.7632649e-02;1.7750000e+02;4.7856897e-02;1.7750000e+02;4.2259935e-03;1.7750000e+02;1.6935732e-02;1.7750000e+02;3.6389790e-02;1.7750000e+02;6.0742203e-02;1.7750000e+02;8.8380799e-02;1.7750000e+02;1.1849001e-01;1.7750000e+02;1.5157637e-01;1.7750000e+02;1.8487719e-01;1.7750000e+02;2.2407734e-01;1.7750000e+02;2.6105067e-01;1.7750000e+02;2.8648669e-01;1.7750000e+02;2.8633195e-01;1.7750000e+02;2.6249230e-01;1.7750000e+02;2.2605954e-01;1.7750000e+02;1.8224853e-01;1.7750000e+02;1.3257746e-01;1.7750000e+02;8.7632649e-02;1.7750000e+02;4.7856897e-02;1.7750000e+02;4.2259935e-03;1.7750000e+02;1.6935732e-02;1.7750000e+02;3.6389790e-02;1.7750000e+02;6.0742203e-02;1.7750000e+02;8.8380799e-02;1.7750000e+02;1.1849001e-01;1.7750000e+02;1.5157637e-01;1.7750000e+02;1.8487719e-01;1.7750000e+02;2.2407734e-01;1.7750000e+02;2.6105067e-01;1.7750000e+02;2.8648669e-01;1.7750000e+02;2.8633195e-01;1.7750000e+02;2.6249230e-01;1.7750000e+02;2.2605954e-01;1.7750000e+02;1.8224853e-01;1.7750000e+02;1.3257746e-01;1.7750000e+02;8.7632649e-02;1.7750000e+02;4.7856897e-02;1.7750000e+02;4.2259935e-03;1.7750000e+02;1.6935732e-02;1.7750000e+02;3.6389790e-02;1.7750000e+02;6.0742203e-02;1.7750000e+02;8.8380799e-02;1.7750000e+02;1.1849001e-01;1.7750000e+02;1.5157637e-01;1.7750000e+02;1.8487719e-01;1.7750000e+02;2.2407734e-01;1.7750000e+02;2.6105067e-01;1.7750000e+02;2.8648669e-01;1.7750000e+02;2.8633195e-01;1.7750000e+02;2.6249230e-01;1.7750000e+02;2.2605954e-01;1.7750000e+02;1.8224853e-01;1.7750000e+02;1.3257746e-01;1.7750000e+02;8.7632649e-02;1.7750000e+02;4.7856897e-02;1.7750000e+02;4.2259935e-03;1.7750000e+02;1.6935732e-02;1.7750000e+02;3.6389790e-02;1.7750000e+02;6.0742203e-02;1.7750000e+02;8.8380799e-02;1.7750000e+02;1.1849001e-01;1.7750000e+02;1.5157637e-01;1.7750000e+02;1.8487719e-01;1.7750000e+02;2.2407734e-01;1.7750000e+02;2.6105067e-01;1.7750000e+02;2.8648669e-01;1.7750000e+02;2.8633195e-01;1.7750000e+02;2.6249230e-01;1.7750000e+02;2.2605954e-01;1.7750000e+02;1.8224853e-01;1.7750000e+02;1.3257746e-01;1.7750000e+02;8.7632649e-02;1.7750000e+02;4.7856897e-02;1.7750000e+02;4.2259935e-03;1.7750000e+02;1.6935732e-02;1.7750000e+02;3.6389790e-02;1.7750000e+02;6.0742203e-02;1.7750000e+02;8.8380799e-02;1.7750000e+02;1.1849001e-01;1.7750000e+02;1.5157637e-01;1.7750000e+02;1.8487719e-01;1.7750000e+02;2.2407734e-01;1.7750000e+02;2.6105067e-01;1.7750000e+02;2.8648669e-01;1.7750000e+02;2.8633195e-01;1.7750000e+02;2.6249230e-01;1.7750000e+02;2.2605954e-01;1.7750000e+02;1.8224853e-01;1.7750000e+02;1.3257746e-01;1.7750000e+02;8.7632649e-02;1.7750000e+02;4.7856897e-02;1.7750000e+02;4.2259935e-03;1.7750000e+02;1.6935732e-02;1.7750000e+02;3.6389790e-02;1.7750000e+02;6.0742203e-02;1.7750000e+02;8.8380799e-02;1.7750000e+02;1.1849001e-01;1.7750000e+02;1.5157637e-01;1.7750000e+02;1.8487719e-01;1.7750000e+02;2.2407734e-01;1.7750000e+02;2.6105067e-01;1.7750000e+02;2.8648669e-01;1.7750000e+02;2.8633195e-01;1.7750000e+02;2.6249230e-01;1.7750000e+02;2.2605954e-01;1.7750000e+02;1.8224853e-01;1.7750000e+02;1.3257746e-01;1.7750000e+02;8.7632649e-02;1.7750000e+02;4.7856897e-02;1.7750000e+02;4.2259935e-03;1.7750000e+02;1.6935732e-02;1.7750000e+02;3.6389790e-02;1.7750000e+02;6.0742203e-02;1.7750000e+02;8.8380799e-02;1.7750000e+02;1.1849001e-01;1.7750000e+02;1.5157637e-01;1.7750000e+02;1.8487719e-01;1.7750000e+02;2.2407734e-01;1.7750000e+02;2.6105067e-01;1.7750000e+02;2.8648669e-01;1.7750000e+02;2.8633195e-01;1.7750000e+02;2.6249230e-01;1.7750000e+02;2.2605954e-01;1.7750000e+02;1.8224853e-01;1.7750000e+02;1.3257746e-01;1.7750000e+02;8.7632649e-02;1.7750000e+02;4.7856897e-02;1.7750000e+02;4.2259935e-03;1.7750000e+02;1.6935732e-02;1.7750000e+02;3.6389790e-02;1.7750000e+02;6.0742203e-02;1.7750000e+02;8.8380799e-02;1.7750000e+02;1.1849001e-01;1.7750000e+02;1.5157637e-01;1.7750000e+02;1.8487719e-01;1.7750000e+02;2.2407734e-01;1.7750000e+02;2.6105067e-01;1.7750000e+02;2.8648669e-01;1.7750000e+02;2.8633195e-01;1.7750000e+02;2.6249230e-01;1.7750000e+02;2.2605954e-01;1.7750000e+02;1.8224853e-01;1.7750000e+02;1.3257746e-01;1.7750000e+02;8.7632649e-02;1.7750000e+02;4.7856897e-02;1.7750000e+02;4.2259935e-03;1.7750000e+02;1.6935732e-02;1.7750000e+02;3.6389790e-02;1.7750000e+02;6.0742203e-02;1.7750000e+02;8.8380799e-02;1.7750000e+02;1.1849001e-01;1.7750000e+02;1.5157637e-01;1.7750000e+02;1.8487719e-01;1.7750000e+02;2.2407734e-01;1.7750000e+02;2.6105067e-01;1.7750000e+02;2.8648669e-01;1.7750000e+02;2.8633195e-01;1.7750000e+02;2.6249230e-01;1.7750000e+02;2.2605954e-01;1.7750000e+02;1.8224853e-01;1.7750000e+02;1.3257746e-01;1.7750000e+02;8.7632649e-02;1.7750000e+02;4.7856897e-02;1.7750000e+02;4.2259935e-03;1.7750000e+02;1.6935732e-02;1.7750000e+02;3.6389790e-02;1.7750000e+02;6.0742203e-02;1.7750000e+02;8.8380799e-02;1.7750000e+02;1.1849001e-01;1.7750000e+02;1.5157637e-01;1.7750000e+02;1.8487719e-01;1.7750000e+02;2.2407734e-01;1.7750000e+02;2.6105067e-01;1.7750000e+02;2.8648669e-01;1.7750000e+02;2.8633195e-01;1.7750000e+02;2.6249230e-01;1.7750000e+02;2.2605954e-01;1.7750000e+02;1.8224853e-01;1.7750000e+02;1.3257746e-01;1.7750000e+02;8.7632649e-02;1.7750000e+02;4.7856897e-02;1.7750000e+02;4.2259935e-03;1.7750000e+02;1.6935732e-02;1.7750000e+02;3.6389790e-02;1.7750000e+02;6.0742203e-02;1.7750000e+02;8.8380799e-02;1.7750000e+02;1.1849001e-01;1.7750000e+02;1.5157637e-01;1.7750000e+02;1.8487719e-01;1.7750000e+02;2.2407734e-01;1.7750000e+02;2.6105067e-01;1.7750000e+02;2.8648669e-01;1.7750000e+02;2.8633195e-01;1.7750000e+02;2.6249230e-01;1.7750000e+02;2.2605954e-01;1.7750000e+02;1.8224853e-01;1.7750000e+02;1.3257746e-01;1.7750000e+02;8.7632649e-02;1.7750000e+02;4.7856897e-02;1.7750000e+02;4.2259935e-03;1.7750000e+02;1.6935732e-02;1.7750000e+02;3.6389790e-02;1.7750000e+02;6.0742203e-02;1.7750000e+02;8.8380799e-02;1.7750000e+02;1.1849001e-01;1.7750000e+02;1.5157637e-01;1.7750000e+02;1.8487719e-01;1.7750000e+02;2.2407734e-01;1.7750000e+02;2.6105067e-01;1.7750000e+02;2.8648669e-01;1.7750000e+02;2.8633195e-01;1.7750000e+02;2.6249230e-01;1.7750000e+02;2.2605954e-01;1.7750000e+02;1.8224853e-01;1.7750000e+02;1.3257746e-01;1.7750000e+02;8.7632649e-02;1.7750000e+02;4.7856897e-02;1.7750000e+02;4.2259935e-03;1.7750000e+02;1.6935732e-02;1.7750000e+02;3.6389790e-02;1.7750000e+02;6.0742203e-02;1.7750000e+02;8.8380799e-02;1.7750000e+02;1.1849001e-01;1.7750000e+02;1.5157637e-01;1.7750000e+02;1.8487719e-01;1.7750000e+02;2.2407734e-01;1.7750000e+02;2.6105067e-01;1.7750000e+02;2.8648669e-01;1.7750000e+02;2.8633195e-01;1.7750000e+02;2.6249230e-01;1.7750000e+02;2.2605954e-01;1.7750000e+02;1.8224853e-01;1.7750000e+02;1.3257746e-01;1.7750000e+02;8.7632649e-02;1.7750000e+02;4.7856897e-02;1.7750000e+02;4.2259935e-03;1.7750000e+02;1.6935732e-02;1.7750000e+02;3.6389790e-02;1.7750000e+02;6.0742203e-02;1.7750000e+02;8.8380799e-02;1.7750000e+02;1.1849001e-01;1.7750000e+02;1.5157637e-01;1.7750000e+02;1.8487719e-01;1.7750000e+02;2.2407734e-01;1.7750000e+02;2.6105067e-01;1.7750000e+02;2.8648669e-01;1.7750000e+02;2.8633195e-01;1.7750000e+02;2.6249230e-01;1.7750000e+02;2.2605954e-01;1.7750000e+02;1.8224853e-01;1.7750000e+02;1.3257746e-01;1.7750000e+02;8.7632649e-02;1.7750000e+02;4.7856897e-02;1.7750000e+02;4.2259935e-03;1.7750000e+02;1.6935732e-02;1.7750000e+02;3.6389790e-02;1.7750000e+02;6.0742203e-02;1.7750000e+02;8.8380799e-02;1.7750000e+02;1.1849001e-01;1.7750000e+02;1.5157637e-01;1.7750000e+02;1.8487719e-01;1.7750000e+02;2.2407734e-01;1.7750000e+02;2.6105067e-01;1.7750000e+02;2.8648669e-01;1.7750000e+02;2.8633195e-01;1.7750000e+02;2.6249230e-01;1.7750000e+02;2.2605954e-01;1.7750000e+02;1.8224853e-01;1.7750000e+02;1.3257746e-01;1.7750000e+02;8.7632649e-02;1.7750000e+02;4.7856897e-02;1.7750000e+02;4.2259935e-03;1.7750000e+02;1.6935732e-02;1.7750000e+02;3.6389790e-02;1.7750000e+02;6.0742203e-02;1.7750000e+02;8.8380799e-02;1.7750000e+02;1.1849001e-01;1.7750000e+02;1.5157637e-01;1.7750000e+02;1.8487719e-01;1.7750000e+02;2.2407734e-01;1.7750000e+02;2.6105067e-01;1.7750000e+02;2.8648669e-01;1.7750000e+02;2.8633195e-01;1.7750000e+02;2.6249230e-01;1.7750000e+02;2.2605954e-01;1.7750000e+02;1.8224853e-01;1.7750000e+02;1.3257746e-01;1.7750000e+02;8.7632649e-02;1.7750000e+02;4.7856897e-02;1.7750000e+02;4.2259935e-03;1.7750000e+02;1.6935732e-02;1.7750000e+02;3.6389790e-02;1.7750000e+02;6.0742203e-02;1.7750000e+02;8.8380799e-02;1.7750000e+02;1.1849001e-01;1.7750000e+02;1.5157637e-01;1.7750000e+02;1.8487719e-01;1.7750000e+02;2.2407734e-01;1.7750000e+02;2.6105067e-01;1.7750000e+02;2.8648669e-01;1.7750000e+02;2.8633195e-01;1.7750000e+02;2.6249230e-01;1.7750000e+02;2.2605954e-01;1.7750000e+02;1.8224853e-01;1.7750000e+02;1.3257746e-01;1.7750000e+02;8.7632649e-02;1.7750000e+02;4.7856897e-02;1.7750000e+02;4.2259935e-03;1.7750000e+02;1.6935732e-02;1.7750000e+02;3.6389790e-02;1.7750000e+02;6.0742203e-02;1.7750000e+02;8.8380799e-02;1.7750000e+02;1.1849001e-01;1.7750000e+02;1.5157637e-01;1.7750000e+02;1.8487719e-01;1.7750000e+02;2.2407734e-01;1.7750000e+02;2.6105067e-01;1.7750000e+02;2.8648669e-01;1.7750000e+02;2.8633195e-01;1.7750000e+02;2.6249230e-01;1.7750000e+02;2.2605954e-01;1.7750000e+02;1.8224853e-01;1.7750000e+02;1.3257746e-01;1.7750000e+02;8.7632649e-02;1.7750000e+02;4.7856897e-02;1.7750000e+02;4.2259935e-03;1.7750000e+02;1.6935732e-02;1.7750000e+02;3.6389790e-02;1.7750000e+02;6.0742203e-02;1.7750000e+02;8.8380799e-02;1.7750000e+02;1.1849001e-01;1.7750000e+02;1.5157637e-01;1.7750000e+02;1.8487719e-01;1.7750000e+02;2.2407734e-01;1.7750000e+02;2.6105067e-01;1.7750000e+02;2.8648669e-01;1.7750000e+02;2.8633195e-01;1.7750000e+02;2.6249230e-01;1.7750000e+02;2.2605954e-01;1.7750000e+02;1.8224853e-01;1.7750000e+02;1.3257746e-01;1.7750000e+02;8.7632649e-02;1.7750000e+02;4.7856897e-02;1.7750000e+02;4.2259935e-03;1.7750000e+02;1.6935732e-02;1.7750000e+02;3.6389790e-02;1.7750000e+02;6.0742203e-02;1.7750000e+02;8.8380799e-02;1.7750000e+02;1.1849001e-01;1.7750000e+02;1.5157637e-01;1.7750000e+02;1.8487719e-01;1.7750000e+02;2.2407734e-01;1.7750000e+02;2.6105067e-01;1.7750000e+02;2.8648669e-01;1.7750000e+02;2.8633195e-01;1.7750000e+02;2.6249230e-01;1.7750000e+02;2.2605954e-01;1.7750000e+02;1.8224853e-01;1.7750000e+02;1.3257746e-01;1.7750000e+02;8.7632649e-02;1.7750000e+02;4.7856897e-02;1.7750000e+02;4.2259935e-03;1.7750000e+02;1.6935732e-02;1.7750000e+02;3.6389790e-02;1.7750000e+02;6.0742203e-02;1.7750000e+02;8.8380799e-02;1.7750000e+02;1.1849001e-01;1.7750000e+02;1.5157637e-01;1.7750000e+02;1.8487719e-01;1.7750000e+02;2.2407734e-01;1.7750000e+02;2.6105067e-01;1.7750000e+02;2.8648669e-01;1.7750000e+02;2.8633195e-01;1.7750000e+02;2.6249230e-01;1.7750000e+02;2.2605954e-01;1.7750000e+02;1.8224853e-01;1.7750000e+02;1.3257746e-01;1.7750000e+02;8.7632649e-02;1.7750000e+02;4.7856897e-02;1.7750000e+02;4.2259935e-03;1.7750000e+02;1.6935732e-02;1.7750000e+02;3.6389790e-02;1.7750000e+02;6.0742203e-02;1.7750000e+02;8.8380799e-02;1.7750000e+02;1.1849001e-01;1.7750000e+02;1.5157637e-01;1.7750000e+02;1.8487719e-01;1.7750000e+02;2.2407734e-01;1.7750000e+02;2.6105067e-01;1.7750000e+02;2.8648669e-01;1.7750000e+02;2.8633195e-01;1.7750000e+02;2.6249230e-01;1.7750000e+02;2.2605954e-01;1.7750000e+02;1.8224853e-01;1.7750000e+02;1.3257746e-01;1.7750000e+02;8.7632649e-02;1.7750000e+02;4.7856897e-02;1.7750000e+02;4.2259935e-03;1.7750000e+02;1.6935732e-02;1.7750000e+02;3.6389790e-02;1.7750000e+02;6.0742203e-02;1.7750000e+02;8.8380799e-02;1.7750000e+02;1.1849001e-01;1.7750000e+02;1.5157637e-01;1.7750000e+02;1.8487719e-01;1.7750000e+02;2.2407734e-01;1.7750000e+02;2.6105067e-01;1.7750000e+02;2.8648669e-01;1.7750000e+02;2.8633195e-01;1.7750000e+02;2.6249230e-01;1.7750000e+02;2.2605954e-01;1.7750000e+02;1.8224853e-01;1.7750000e+02;1.3257746e-01;1.7750000e+02;8.7632649e-02;1.7750000e+02;4.7856897e-02;1.7750000e+02;4.2259935e-03;1.7750000e+02;1.6935732e-02;1.7750000e+02;3.6389790e-02;1.7750000e+02;6.0742203e-02;1.7750000e+02;8.8380799e-02;1.7750000e+02;1.1849001e-01;1.7750000e+02;1.5157637e-01;1.7750000e+02;1.8487719e-01;1.7750000e+02;2.2407734e-01;1.7750000e+02;2.6105067e-01;1.7750000e+02;2.8648669e-01;1.7750000e+02;2.8633195e-01;1.7750000e+02;2.6249230e-01;1.7750000e+02;2.2605954e-01;1.7750000e+02;1.8224853e-01;1.7750000e+02;1.3257746e-01;1.7750000e+02;8.7632649e-02;1.7750000e+02;4.7856897e-02;1.7750000e+02;4.2259935e-03;1.7750000e+02;1.6935732e-02;1.7750000e+02;3.6389790e-02;1.7750000e+02;6.0742203e-02;1.7750000e+02;8.8380799e-02;1.7750000e+02;1.1849001e-01;1.7750000e+02;1.5157637e-01;1.7750000e+02;1.8487719e-01;1.7750000e+02;2.2407734e-01;1.7750000e+02;2.6105067e-01;1.7750000e+02;2.8648669e-01;1.7750000e+02;2.8633195e-01;1.7750000e+02;2.6249230e-01;1.7750000e+02;2.2605954e-01;1.7750000e+02;1.8224853e-01;1.7750000e+02;1.3257746e-01;1.7750000e+02;8.7632649e-02;1.7750000e+02;4.7856897e-02;1.7750000e+02;4.2259935e-03;1.7750000e+02;1.6935732e-02;1.7750000e+02;3.6389790e-02;1.7750000e+02;6.0742203e-02;1.7750000e+02;8.8380799e-02;1.7750000e+02;1.1849001e-01;1.7750000e+02;1.5157637e-01;1.7750000e+02;1.8487719e-01;1.7750000e+02;2.2407734e-01;1.7750000e+02;2.6105067e-01;1.7750000e+02;2.8648669e-01;1.7750000e+02;2.8633195e-01;1.7750000e+02;2.6249230e-01;1.7750000e+02;2.2605954e-01;1.7750000e+02;1.8224853e-01;1.7750000e+02;1.3257746e-01;1.7750000e+02;8.7632649e-02;1.7750000e+02;4.7856897e-02;1.7750000e+02;4.2259935e-03;1.7750000e+02;1.6935732e-02;1.7750000e+02;3.6389790e-02;1.7750000e+02;6.0742203e-02;1.7750000e+02;8.8380799e-02;1.7750000e+02;1.1849001e-01;1.7750000e+02;1.5157637e-01;1.7750000e+02;1.8487719e-01;1.7750000e+02;2.2407734e-01;1.7750000e+02;2.6105067e-01;1.7750000e+02;2.8648669e-01;1.7750000e+02;2.8633195e-01;1.7750000e+02;2.6249230e-01;1.7750000e+02;2.2605954e-01;1.7750000e+02;1.8224853e-01;1.7750000e+02;1.3257746e-01;1.7750000e+02;8.7632649e-02;1.7750000e+02;4.7856897e-02;1.7750000e+02;4.2259935e-03;1.7750000e+02;1.6935732e-02;1.7750000e+02;3.6389790e-02;1.7750000e+02;6.0742203e-02;1.7750000e+02;8.8380799e-02;1.7750000e+02;1.1849001e-01;1.7750000e+02;1.5157637e-01;1.7750000e+02;1.8487719e-01;1.7750000e+02;2.2407734e-01;1.7750000e+02;2.6105067e-01;1.7750000e+02;2.8648669e-01;1.7750000e+02;2.8633195e-01;1.7750000e+02;2.6249230e-01;1.7750000e+02;2.2605954e-01;1.7750000e+02;1.8224853e-01;1.7750000e+02;1.3257746e-01;1.7750000e+02;8.7632649e-02;1.7750000e+02;4.7856897e-02;1.7750000e+02;4.2259935e-03;1.7750000e+02;1.6935732e-02;1.7750000e+02;3.6389790e-02;1.7750000e+02;6.0742203e-02;1.7750000e+02;8.8380799e-02;1.7750000e+02;1.1849001e-01;1.7750000e+02;1.5157637e-01;1.7750000e+02;1.8487719e-01;1.7750000e+02;2.2407734e-01;1.7750000e+02;2.6105067e-01;1.7750000e+02;2.8648669e-01;1.7750000e+02;2.8633195e-01;1.7750000e+02;2.6249230e-01;1.7750000e+02;2.2605954e-01;1.7750000e+02;1.8224853e-01;1.7750000e+02;1.3257746e-01;1.7750000e+02;8.7632649e-02;1.7750000e+02;4.7856897e-02;1.7750000e+02;4.2259935e-03;1.7750000e+02;1.6935732e-02;1.7750000e+02;3.6389790e-02;1.7750000e+02;6.0742203e-02;1.7750000e+02;8.8380799e-02;1.7750000e+02;1.1849001e-01;1.7750000e+02;1.5157637e-01;1.7750000e+02;1.8487719e-01;1.7750000e+02;2.2407734e-01;1.7750000e+02;2.6105067e-01;1.7750000e+02;2.8648669e-01;1.7750000e+02;2.8633195e-01;1.7750000e+02;2.6249230e-01;1.7750000e+02;2.2605954e-01;1.7750000e+02;1.8224853e-01;1.7750000e+02;1.3257746e-01;1.7750000e+02;8.7632649e-02;1.7750000e+02;4.7856897e-02;1.7750000e+02;4.2259935e-03;1.7750000e+02;1.6935732e-02;1.7750000e+02;3.6389790e-02;1.7750000e+02;6.0742203e-02;1.7750000e+02;8.8380799e-02;1.7750000e+02;1.1849001e-01;1.7750000e+02;1.5157637e-01;1.7750000e+02;1.8487719e-01;1.7750000e+02;2.2407734e-01;1.7750000e+02;2.6105067e-01;1.7750000e+02;2.8648669e-01;1.7750000e+02;2.8633195e-01;1.7750000e+02;2.6249230e-01;1.7750000e+02;2.2605954e-01;1.7750000e+02;1.8224853e-01;1.7750000e+02;1.3257746e-01;1.7750000e+02;8.7632649e-02;1.7750000e+02;4.7856897e-02;1.7750000e+02;4.2259935e-03;1.7750000e+02;1.6935732e-02;1.7750000e+02;3.6389790e-02;1.7750000e+02;6.0742203e-02;1.7750000e+02;8.8380799e-02;1.7750000e+02;1.1849001e-01;1.7750000e+02;1.5157637e-01;1.7750000e+02;1.8487719e-01;1.7750000e+02;2.2407734e-01;1.7750000e+02;2.6105067e-01;1.7750000e+02;2.8648669e-01;1.7750000e+02;2.8633195e-01;1.7750000e+02;2.6249230e-01;1.7750000e+02;2.2605954e-01;1.7750000e+02;1.8224853e-01;1.7750000e+02;1.3257746e-01;1.7750000e+02;8.7632649e-02;1.7750000e+02;4.7856897e-02;1.7750000e+02;4.2259935e-03;1.7750000e+02;1.6935732e-02;1.7750000e+02;3.6389790e-02;1.7750000e+02;6.0742203e-02;1.7750000e+02;8.8380799e-02;1.7750000e+02;1.1849001e-01;1.7750000e+02;1.5157637e-01;1.7750000e+02;1.8487719e-01;1.7750000e+02;2.2407734e-01;1.7750000e+02;2.6105067e-01;1.7750000e+02;2.8648669e-01;1.7750000e+02;2.8633195e-01;1.7750000e+02;2.6249230e-01;1.7750000e+02;2.2605954e-01;1.7750000e+02;1.8224853e-01;1.7750000e+02;1.3257746e-01;1.7750000e+02;8.7632649e-02;1.7750000e+02;4.7856897e-02;1.7750000e+02;4.2259935e-03;1.7750000e+02;1.6935732e-02;1.7750000e+02;3.6389790e-02;1.7750000e+02;6.0742203e-02;1.7750000e+02;8.8380799e-02;1.7750000e+02;1.1849001e-01;1.7750000e+02;1.5157637e-01;1.7750000e+02;1.8487719e-01;1.7750000e+02;2.2407734e-01;1.7750000e+02;2.6105067e-01;1.7750000e+02;2.8648669e-01;1.7750000e+02;2.8633195e-01;1.7750000e+02;2.6249230e-01;1.7750000e+02;2.2605954e-01;1.7750000e+02;1.8224853e-01;1.7750000e+02;1.3257746e-01;1.7750000e+02;8.7632649e-02;1.7750000e+02;4.7856897e-02;1.7750000e+02;4.2259935e-03;1.7750000e+02;1.6935732e-02;1.7750000e+02;3.6389790e-02;1.7750000e+02;6.0742203e-02;1.7750000e+02;8.8380799e-02;1.7750000e+02;1.1849001e-01;1.7750000e+02;1.5157637e-01;1.7750000e+02;1.8487719e-01;1.7750000e+02;2.2407734e-01;1.7750000e+02;2.6105067e-01;1.7750000e+02;2.8648669e-01;1.7750000e+02;2.8633195e-01;1.7750000e+02;2.6249230e-01;1.7750000e+02;2.2605954e-01;1.7750000e+02;1.8224853e-01;1.7750000e+02;1.3257746e-01;1.7750000e+02;8.7632649e-02;1.7750000e+02;4.7856897e-02;1.7750000e+02;4.2259935e-03;1.7750000e+02;1.6935732e-02;1.7750000e+02;3.6389790e-02;1.7750000e+02;6.0742203e-02;1.7750000e+02;8.8380799e-02;1.7750000e+02;1.1849001e-01;1.7750000e+02;1.5157637e-01;1.7750000e+02;1.8487719e-01;1.7750000e+02;2.2407734e-01;1.7750000e+02;2.6105067e-01;1.7750000e+02;2.8648669e-01;1.7750000e+02;2.8633195e-01;1.7750000e+02;2.6249230e-01;1.7750000e+02;2.2605954e-01;1.7750000e+02;1.8224853e-01;1.7750000e+02;1.3257746e-01;1.7750000e+02;8.7632649e-02;1.7750000e+02;4.7856897e-02;1.7750000e+02;4.2259935e-03;1.7750000e+02;1.6935732e-02;1.7750000e+02;3.6389790e-02;1.7750000e+02;6.0742203e-02;1.7750000e+02;8.8380799e-02;1.7750000e+02;1.1849001e-01;1.7750000e+02;1.5157637e-01;1.7750000e+02;1.8487719e-01;1.7750000e+02;2.2407734e-01;1.7750000e+02;2.6105067e-01;1.7750000e+02;2.8648669e-01;1.7750000e+02;2.8633195e-01;1.7750000e+02;2.6249230e-01;1.7750000e+02;2.2605954e-01;1.7750000e+02;1.8224853e-01;1.7750000e+02;1.3257746e-01;1.7750000e+02;8.7632649e-02;1.7750000e+02;4.7856897e-02;1.7750000e+02;4.2259935e-03;1.7750000e+02;1.6935732e-02;1.7750000e+02;3.6389790e-02;1.7750000e+02;6.0742203e-02;1.7750000e+02;8.8380799e-02;1.7750000e+02;1.1849001e-01;1.7750000e+02;1.5157637e-01;1.7750000e+02;1.8487719e-01;1.7750000e+02;2.2407734e-01;1.7750000e+02;2.6105067e-01;1.7750000e+02;2.8648669e-01;1.7750000e+02;2.8633195e-01;1.7750000e+02;2.6249230e-01;1.7750000e+02;2.2605954e-01;1.7750000e+02;1.8224853e-01;1.7750000e+02;1.3257746e-01;1.7750000e+02;8.7632649e-02;1.7750000e+02;4.7856897e-02;1.7750000e+02;4.2259935e-03;1.7750000e+02;1.6935732e-02;1.7750000e+02;3.6389790e-02;1.7750000e+02;6.0742203e-02;1.7750000e+02;8.8380799e-02;1.7750000e+02;1.1849001e-01;1.7750000e+02;1.5157637e-01;1.7750000e+02;1.8487719e-01;1.7750000e+02;2.2407734e-01;1.7750000e+02;2.6105067e-01;1.7750000e+02;2.8648669e-01;1.7750000e+02;2.8633195e-01;1.7750000e+02;2.6249230e-01;1.7750000e+02;2.2605954e-01;1.7750000e+02;1.8224853e-01;1.7750000e+02;1.3257746e-01;1.7750000e+02;8.7632649e-02;1.7750000e+02;4.7856897e-02;1.7750000e+02;4.2259935e-03;1.7750000e+02;1.6935732e-02;1.7750000e+02;3.6389790e-02;1.7750000e+02;6.0742203e-02;1.7750000e+02;8.8380799e-02;1.7750000e+02;1.1849001e-01;1.7750000e+02;1.5157637e-01;1.7750000e+02;1.8487719e-01;1.7750000e+02;2.2407734e-01;1.7750000e+02;2.6105067e-01;1.7750000e+02;2.8648669e-01;1.7750000e+02;2.8633195e-01;1.7750000e+02;2.6249230e-01;1.7750000e+02;2.2605954e-01;1.7750000e+02;1.8224853e-01;1.7750000e+02;1.3257746e-01;1.7750000e+02;8.7632649e-02;1.7750000e+02;4.7856897e-02;1.7750000e+02;4.2259935e-03;1.7750000e+02;1.6935732e-02;1.7750000e+02;3.6389790e-02;1.7750000e+02;6.0742203e-02;1.7750000e+02;8.8380799e-02;1.7750000e+02;1.1849001e-01;1.7750000e+02;1.5157637e-01;1.7750000e+02;1.8487719e-01;1.7750000e+02;2.2407734e-01;1.7750000e+02;2.6105067e-01;1.7750000e+02;2.8648669e-01;1.7750000e+02;2.8633195e-01;1.7750000e+02;2.6249230e-01;1.7750000e+02;2.2605954e-01;1.7750000e+02;1.8224853e-01;1.7750000e+02;1.3257746e-01;1.7750000e+02;8.7632649e-02;1.7750000e+02;4.7856897e-02;1.7750000e+02;4.2259935e-03;1.7750000e+02;1.6935732e-02;1.7750000e+02;3.6389790e-02;1.7750000e+02;6.0742203e-02;1.7750000e+02;8.8380799e-02;1.7750000e+02;1.1849001e-01;1.7750000e+02;1.5157637e-01;1.7750000e+02;1.8487719e-01;1.7750000e+02;2.2407734e-01;1.7750000e+02;2.6105067e-01;1.7750000e+02;2.8648669e-01;1.7750000e+02;2.8633195e-01;1.7750000e+02;2.6249230e-01;1.7750000e+02;2.2605954e-01;1.7750000e+02;1.8224853e-01;1.7750000e+02;1.3257746e-01;1.7750000e+02;8.7632649e-02;1.7750000e+02;4.7856897e-02;1.7750000e+02;4.2259935e-03;1.7750000e+02;1.6935732e-02;1.7750000e+02;3.6389790e-02;1.7750000e+02;6.0742203e-02;1.7750000e+02;8.8380799e-02;1.7750000e+02;1.1849001e-01;1.7750000e+02;1.5157637e-01;1.7750000e+02;1.8487719e-01;1.7750000e+02;2.2407734e-01;1.7750000e+02;2.6105067e-01;1.7750000e+02;2.8648669e-01;1.7750000e+02;2.8633195e-01;1.7750000e+02;2.6249230e-01;1.7750000e+02;2.2605954e-01;1.7750000e+02;1.8224853e-01;1.7750000e+02;1.3257746e-01;1.7750000e+02;8.7632649e-02;1.7750000e+02;4.7856897e-02;1.7750000e+02;4.2259935e-03;1.7750000e+02;1.6935732e-02;1.7750000e+02;3.6389790e-02;1.7750000e+02;6.0742203e-02;1.7750000e+02;8.8380799e-02;1.7750000e+02;1.1849001e-01;1.7750000e+02;1.5157637e-01;1.7750000e+02;1.8487719e-01;1.7750000e+02;2.2407734e-01;1.7750000e+02;2.6105067e-01;1.7750000e+02;2.8648669e-01;1.7750000e+02;2.8633195e-01;1.7750000e+02;2.6249230e-01;1.7750000e+02;2.2605954e-01;1.7750000e+02;1.8224853e-01;1.7750000e+02;1.3257746e-01;1.7750000e+02;8.7632649e-02;1.7750000e+02;4.7856897e-02;1.7750000e+02;4.2259935e-03;1.7750000e+02;1.6935732e-02;1.7750000e+02;3.6389790e-02;1.7750000e+02;6.0742203e-02;1.7750000e+02;8.8380799e-02;1.7750000e+02;1.1849001e-01;1.7750000e+02;1.5157637e-01;1.7750000e+02;1.8487719e-01;1.7750000e+02;2.2407734e-01;1.7750000e+02;2.6105067e-01;1.7750000e+02;2.8648669e-01;1.7750000e+02;2.8633195e-01;1.7750000e+02;2.6249230e-01;1.7750000e+02;2.2605954e-01;1.7750000e+02;1.8224853e-01;1.7750000e+02;1.3257746e-01;1.7750000e+02;8.7632649e-02;1.7750000e+02;4.7856897e-02;1.7750000e+02;4.2259935e-03;1.7750000e+02;1.6935732e-02;1.7750000e+02;3.6389790e-02;1.7750000e+02;6.0742203e-02;1.7750000e+02;8.8380799e-02;1.7750000e+02;1.1849001e-01;1.7750000e+02;1.5157637e-01;1.7750000e+02;1.8487719e-01;1.7750000e+02;2.2407734e-01;1.7750000e+02;2.6105067e-01;1.7750000e+02;2.8648669e-01;1.7750000e+02;2.8633195e-01;1.7750000e+02;2.6249230e-01;1.7750000e+02;2.2605954e-01;1.7750000e+02;1.8224853e-01;1.7750000e+02;1.3257746e-01;1.7750000e+02;8.7632649e-02;1.7750000e+02;4.7856897e-02;1.7750000e+02;4.2259935e-03;1.7750000e+02;1.6935732e-02;1.7750000e+02;3.6389790e-02;1.7750000e+02;6.0742203e-02;1.7750000e+02;8.8380799e-02;1.7750000e+02;1.1849001e-01;1.7750000e+02;1.5157637e-01;1.7750000e+02;1.8487719e-01;1.7750000e+02;2.2407734e-01;1.7750000e+02;2.6105067e-01;1.7750000e+02;2.8648669e-01;1.7750000e+02;2.8633195e-01;1.7750000e+02;2.6249230e-01;1.7750000e+02;2.2605954e-01;1.7750000e+02;1.8224853e-01;1.7750000e+02;1.3257746e-01;1.7750000e+02;8.7632649e-02;1.7750000e+02;4.7856897e-02;1.7750000e+02;4.2259935e-03;1.7750000e+02;1.6935732e-02;1.7750000e+02;3.6389790e-02;1.7750000e+02;6.0742203e-02;1.7750000e+02;8.8380799e-02;1.7750000e+02;1.1849001e-01;1.7750000e+02;1.5157637e-01;1.7750000e+02;1.8487719e-01;1.7750000e+02;2.2407734e-01;1.7750000e+02;2.6105067e-01;1.7750000e+02;2.8648669e-01;1.7750000e+02;2.8633195e-01;1.7750000e+02;2.6249230e-01;1.7750000e+02;2.2605954e-01;1.7750000e+02;1.8224853e-01;1.7750000e+02;1.3257746e-01;1.7750000e+02;8.7632649e-02;1.7750000e+02;4.7856897e-02;1.7750000e+02;4.2259935e-03;1.7750000e+02;1.6935732e-02;1.7750000e+02;3.6389790e-02;1.7750000e+02;6.0742203e-02;1.7750000e+02;8.8380799e-02;1.7750000e+02;1.1849001e-01;1.7750000e+02;1.5157637e-01;1.7750000e+02;1.8487719e-01;1.7750000e+02;2.2407734e-01;1.7750000e+02;2.6105067e-01;1.7750000e+02;2.8648669e-01;1.7750000e+02;2.8633195e-01;1.7750000e+02;2.6249230e-01;1.7750000e+02;2.2605954e-01;1.7750000e+02;1.8224853e-01;1.7750000e+02;1.3257746e-01;1.7750000e+02;8.7632649e-02;1.7750000e+02;4.7856897e-02;1.7750000e+02;4.2259935e-03;1.7750000e+02;1.6935732e-02;1.7750000e+02;3.6389790e-02;1.7750000e+02;6.0742203e-02;1.7750000e+02;8.8380799e-02;1.7750000e+02;1.1849001e-01;1.7750000e+02;1.5157637e-01;1.7750000e+02;1.8487719e-01;1.7750000e+02;2.2407734e-01;1.7750000e+02;2.6105067e-01;1.7750000e+02;2.8648669e-01;1.7750000e+02;2.8633195e-01;1.7750000e+02;2.6249230e-01;1.7750000e+02;2.2605954e-01;1.7750000e+02;1.8224853e-01;1.7750000e+02;1.3257746e-01;1.7750000e+02;8.7632649e-02;1.7750000e+02;4.7856897e-02;1.7750000e+02;4.2259935e-03;1.7750000e+02;1.6935732e-02;1.7750000e+02;3.6389790e-02;1.7750000e+02;6.0742203e-02;1.7750000e+02;8.8380799e-02;1.7750000e+02;1.1849001e-01;1.7750000e+02;1.5157637e-01;1.7750000e+02;1.8487719e-01;1.7750000e+02;2.2407734e-01;1.7750000e+02;2.6105067e-01;1.7750000e+02;2.8648669e-01;1.7750000e+02;2.8633195e-01;1.7750000e+02;2.6249230e-01;1.7750000e+02;2.2605954e-01;1.7750000e+02;1.8224853e-01;1.7750000e+02;1.3257746e-01;1.7750000e+02;8.7632649e-02;1.7750000e+02;4.7856897e-02;1.7750000e+02;4.2259935e-03;1.7750000e+02;1.6935732e-02;1.7750000e+02;3.6389790e-02;1.7750000e+02;6.0742203e-02;1.7750000e+02;8.8380799e-02;1.7750000e+02;1.1849001e-01;1.7750000e+02;1.5157637e-01;1.7750000e+02;1.8487719e-01;1.7750000e+02;2.2407734e-01;1.7750000e+02;2.6105067e-01;1.7750000e+02;2.8648669e-01;1.7750000e+02;2.8633195e-01;1.7750000e+02;2.6249230e-01;1.7750000e+02;2.2605954e-01;1.7750000e+02;1.8224853e-01;1.7750000e+02;1.3257746e-01;1.7750000e+02;8.7632649e-02;1.7750000e+02;4.7856897e-02;1.7750000e+02;4.2259935e-03;1.7750000e+02;1.6935732e-02;1.7750000e+02;3.6389790e-02;1.7750000e+02;6.0742203e-02;1.7750000e+02;8.8380799e-02;1.7750000e+02;1.1849001e-01;1.7750000e+02;1.5157637e-01;1.7750000e+02;1.8487719e-01;1.7750000e+02;2.2407734e-01;1.7750000e+02;2.6105067e-01;1.7750000e+02;2.8648669e-01;1.7750000e+02;2.8633195e-01;1.7750000e+02;2.6249230e-01;1.7750000e+02;2.2605954e-01;1.7750000e+02;1.8224853e-01;1.7750000e+02;1.3257746e-01;1.7750000e+02;8.7632649e-02;1.7750000e+02;4.7856897e-02;1.7750000e+02;4.2259935e-03;1.7750000e+02;1.6935732e-02;1.7750000e+02;3.6389790e-02;1.7750000e+02;6.0742203e-02;1.7750000e+02;8.8380799e-02;1.7750000e+02;1.1849001e-01;1.7750000e+02;1.5157637e-01;1.7750000e+02;1.8487719e-01;1.7750000e+02;2.2407734e-01;1.7750000e+02;2.6105067e-01;1.7750000e+02;2.8648669e-01;1.7750000e+02;2.8633195e-01;1.7750000e+02;2.6249230e-01;1.7750000e+02;2.2605954e-01;1.7750000e+02;1.8224853e-01;1.7750000e+02;1.3257746e-01;1.7750000e+02;8.7632649e-02;1.7750000e+02;4.7856897e-02;1.7750000e+02;4.2259935e-03;1.7750000e+02;1.6935732e-02;1.7750000e+02;3.6389790e-02;1.7750000e+02;6.0742203e-02;1.7750000e+02;8.8380799e-02;1.7750000e+02;1.1849001e-01;1.7750000e+02;1.5157637e-01;1.7750000e+02;1.8487719e-01;1.7750000e+02;2.2407734e-01;1.7750000e+02;2.6105067e-01;1.7750000e+02;2.8648669e-01;1.7750000e+02;2.8633195e-01;1.7750000e+02;2.6249230e-01;1.7750000e+02;2.2605954e-01;1.7750000e+02;1.8224853e-01;1.7750000e+02;1.3257746e-01;1.7750000e+02;8.7632649e-02;1.7750000e+02;4.7856897e-02;1.7750000e+02;4.2259935e-03;1.7750000e+02;1.6935732e-02;1.7750000e+02;3.6389790e-02;1.7750000e+02;6.0742203e-02;1.7750000e+02;8.8380799e-02;1.7750000e+02;1.1849001e-01;1.7750000e+02;1.5157637e-01;1.7750000e+02;1.8487719e-01;1.7750000e+02;2.2407734e-01;1.7750000e+02;2.6105067e-01;1.7750000e+02;2.8648669e-01;1.7750000e+02;2.8633195e-01;1.7750000e+02;2.6249230e-01;1.7750000e+02;2.2605954e-01;1.7750000e+02;1.8224853e-01;1.7750000e+02;1.3257746e-01;1.7750000e+02;8.7632649e-02;1.7750000e+02;4.7856897e-02;1.7750000e+02;4.2259935e-03;1.7750000e+02;1.6935732e-02;1.7750000e+02;3.6389790e-02;1.7750000e+02;6.0742203e-02;1.7750000e+02;8.8380799e-02;1.7750000e+02;1.1849001e-01;1.7750000e+02;1.5157637e-01;1.7750000e+02;1.8487719e-01;1.7750000e+02;2.2407734e-01;1.7750000e+02;2.6105067e-01;1.7750000e+02;2.8648669e-01;1.7750000e+02;2.8633195e-01;1.7750000e+02;2.6249230e-01;1.7750000e+02;2.2605954e-01;1.7750000e+02;1.8224853e-01;1.7750000e+02;1.3257746e-01;1.7750000e+02;8.7632649e-02;1.7750000e+02;4.7856897e-02;1.7750000e+02;4.2259935e-03;1.7750000e+02;1.6935732e-02;1.7750000e+02;3.6389790e-02;1.7750000e+02;6.0742203e-02;1.7750000e+02;8.8380799e-02;1.7750000e+02;1.1849001e-01;1.7750000e+02;1.5157637e-01;1.7750000e+02;1.8487719e-01;1.7750000e+02;2.2407734e-01;1.7750000e+02;2.6105067e-01;1.7750000e+02;2.8648669e-01;1.7750000e+02;2.8633195e-01;1.7750000e+02;2.6249230e-01;1.7750000e+02;2.2605954e-01;1.7750000e+02;1.8224853e-01;1.7750000e+02;1.3257746e-01;1.7750000e+02;8.7632649e-02;1.7750000e+02;4.7856897e-02;1.7750000e+02;4.2259935e-03;1.7750000e+02;1.6935732e-02;1.7750000e+02;3.6389790e-02;1.7750000e+02;6.0742203e-02;1.7750000e+02;8.8380799e-02;1.7750000e+02;1.1849001e-01;1.7750000e+02;1.5157637e-01;1.7750000e+02;1.8487719e-01;1.7750000e+02;2.2407734e-01;1.7750000e+02;2.6105067e-01;1.7750000e+02;2.8648669e-01;1.7750000e+02;2.8633195e-01;1.7750000e+02;2.6249230e-01;1.7750000e+02;2.2605954e-01;1.7750000e+02;1.8224853e-01;1.7750000e+02;1.3257746e-01;1.7750000e+02;8.7632649e-02;1.7750000e+02;4.7856897e-02;1.7750000e+02;4.2259935e-03;1.7750000e+02;1.6935732e-02;1.7750000e+02;3.6389790e-02;1.7750000e+02;6.0742203e-02;1.7750000e+02;8.8380799e-02;1.7750000e+02;1.1849001e-01;1.7750000e+02;1.5157637e-01;1.7750000e+02;1.8487719e-01;1.7750000e+02;2.2407734e-01;1.7750000e+02;2.6105067e-01;1.7750000e+02;2.8648669e-01;1.7750000e+02;2.8633195e-01;1.7750000e+02;2.6249230e-01;1.7750000e+02;2.2605954e-01;1.7750000e+02;1.8224853e-01;1.7750000e+02;1.3257746e-01;1.7750000e+02;8.7632649e-02;1.7750000e+02;4.7856897e-02;1.7750000e+02;4.2259935e-03;1.7750000e+02;1.6935732e-02;1.7750000e+02;3.6389790e-02;1.7750000e+02;6.0742203e-02;1.7750000e+02;8.8380799e-02;1.7750000e+02;1.1849001e-01;1.7750000e+02;1.5157637e-01;1.7750000e+02;1.8487719e-01;1.7750000e+02;2.2407734e-01;1.7750000e+02;2.6105067e-01;1.7750000e+02;2.8648669e-01;1.7750000e+02;2.8633195e-01;1.7750000e+02;2.6249230e-01;1.7750000e+02;2.2605954e-01;1.7750000e+02;1.8224853e-01;1.7750000e+02;1.3257746e-01;1.7750000e+02;8.7632649e-02;1.7750000e+02;4.7856897e-02;1.7750000e+02;4.2259935e-03;1.7750000e+02;1.6935732e-02;1.7750000e+02;3.6389790e-02;1.7750000e+02;6.0742203e-02;1.7750000e+02;8.8380799e-02;1.7750000e+02;1.1849001e-01;1.7750000e+02;1.5157637e-01;1.7750000e+02;1.8487719e-01;1.7750000e+02;2.2407734e-01;1.7750000e+02;2.6105067e-01;1.7750000e+02;2.8648669e-01;1.7750000e+02;2.8633195e-01;1.7750000e+02;2.6249230e-01;1.7750000e+02;2.2605954e-01;1.7750000e+02;1.8224853e-01;1.7750000e+02;1.3257746e-01;1.7750000e+02;8.7632649e-02;1.7750000e+02;4.7856897e-02;1.7750000e+02;4.2259935e-03;1.7750000e+02;1.6935732e-02;1.7750000e+02;3.6389790e-02;1.7750000e+02;6.0742203e-02;1.7750000e+02;8.8380799e-02;1.7750000e+02;1.1849001e-01;1.7750000e+02;1.5157637e-01;1.7750000e+02;1.8487719e-01;1.7750000e+02;2.2407734e-01;1.7750000e+02;2.6105067e-01;1.7750000e+02;2.8648669e-01;1.7750000e+02;2.8633195e-01;1.7750000e+02;2.6249230e-01;1.7750000e+02;2.2605954e-01;1.7750000e+02;1.8224853e-01;1.7750000e+02;1.3257746e-01;1.7750000e+02;8.7632649e-02;1.7750000e+02;4.7856897e-02;1.7750000e+02;4.2259935e-03;1.7750000e+02;1.6935732e-02;1.7750000e+02;3.6389790e-02;1.7750000e+02;6.0742203e-02;1.7750000e+02;8.8380799e-02;1.7750000e+02;1.1849001e-01;1.7750000e+02;1.5157637e-01;1.7750000e+02;1.8487719e-01;1.7750000e+02;2.2407734e-01;1.7750000e+02;2.6105067e-01;1.7750000e+02;2.8648669e-01;1.7750000e+02;2.8633195e-01;1.7750000e+02;2.6249230e-01;1.7750000e+02;2.2605954e-01;1.7750000e+02;1.8224853e-01;1.7750000e+02;1.3257746e-01;1.7750000e+02;8.7632649e-02;1.7750000e+02;4.7856897e-02;1.7750000e+02;4.2259935e-03;1.7750000e+02;1.6935732e-02;1.7750000e+02;3.6389790e-02;1.7750000e+02;6.0742203e-02;1.7750000e+02;8.8380799e-02;1.7750000e+02;1.1849001e-01;1.7750000e+02;1.5157637e-01;1.7750000e+02;1.8487719e-01;1.7750000e+02;2.2407734e-01;1.7750000e+02;2.6105067e-01;1.7750000e+02;2.8648669e-01;1.7750000e+02;2.8633195e-01;1.7750000e+02;2.6249230e-01;1.7750000e+02;2.2605954e-01;1.7750000e+02;1.8224853e-01;1.7750000e+02;1.3257746e-01;1.7750000e+02;8.7632649e-02;1.7750000e+02;4.7856897e-02;1.7750000e+02;4.2259935e-03;1.7750000e+02;1.6935732e-02;1.7750000e+02;3.6389790e-02;1.7750000e+02;6.0742203e-02;1.7750000e+02;8.8380799e-02;1.7750000e+02;1.1849001e-01;1.7750000e+02;1.5157637e-01;1.7750000e+02;1.8487719e-01;1.7750000e+02;2.2407734e-01;1.7750000e+02;2.6105067e-01;1.7750000e+02;2.8648669e-01;1.7750000e+02;2.8633195e-01;1.7750000e+02;2.6249230e-01;1.7750000e+02;2.2605954e-01;1.7750000e+02;1.8224853e-01;1.7750000e+02;1.3257746e-01;1.7750000e+02;8.7632649e-02;1.7750000e+02;4.7856897e-02;1.7750000e+02;4.2259935e-03;1.7750000e+02;1.6935732e-02;1.7750000e+02;3.6389790e-02;1.7750000e+02;6.0742203e-02;1.7750000e+02;8.8380799e-02;1.7750000e+02;1.1849001e-01;1.7750000e+02;1.5157637e-01;1.7750000e+02;1.8487719e-01;1.7750000e+02;2.2407734e-01;1.7750000e+02;2.6105067e-01;1.7750000e+02;2.8648669e-01;1.7750000e+02;2.8633195e-01;1.7750000e+02;2.6249230e-01;1.7750000e+02;2.2605954e-01;1.7750000e+02;1.8224853e-01;1.7750000e+02;1.3257746e-01;1.7750000e+02;8.7632649e-02;1.7750000e+02;4.7856897e-02;1.7750000e+02;4.2259935e-03;1.7750000e+02;1.6935732e-02;1.7750000e+02;3.6389790e-02;1.7750000e+02;6.0742203e-02;1.7750000e+02;8.8380799e-02;1.7750000e+02;1.1849001e-01;1.7750000e+02;1.5157637e-01;1.7750000e+02;1.8487719e-01;1.7750000e+02;2.2407734e-01;1.7750000e+02;2.6105067e-01;1.7750000e+02;2.8648669e-01;1.7750000e+02;2.8633195e-01;1.7750000e+02;2.6249230e-01;1.7750000e+02;2.2605954e-01;1.7750000e+02;1.8224853e-01;1.7750000e+02;1.3257746e-01;1.7750000e+02;8.7632649e-02;1.7750000e+02;4.7856897e-02;1.7750000e+02;4.2259935e-03;1.7750000e+02;1.6935732e-02;1.7750000e+02;3.6389790e-02;1.7750000e+02;6.0742203e-02;1.7750000e+02;8.8380799e-02;1.7750000e+02;1.1849001e-01;1.7750000e+02;1.5157637e-01;1.7750000e+02;1.8487719e-01;1.7750000e+02;2.2407734e-01;1.7750000e+02;2.6105067e-01;1.7750000e+02;2.8648669e-01;1.7750000e+02;2.8633195e-01;1.7750000e+02;2.6249230e-01;1.7750000e+02;2.2605954e-01;1.7750000e+02;1.8224853e-01;1.7750000e+02;1.3257746e-01;1.7750000e+02;8.7632649e-02;1.7750000e+02;4.7856897e-02
1.8250000e+02;4.4617048e-03;1.8250000e+02;1.8464126e-02;1.8250000e+02;3.7250720e-02;1.8250000e+02;6.1614320e-02;1.8250000e+02;9.0498909e-02;1.8250000e+02;1.2102748e-01;1.8250000e+02;1.5411951e-01;1.8250000e+02;1.8793827e-01;1.8250000e+02;2.2674042e-01;1.8250000e+02;2.6205325e-01;1.8250000e+02;2.8440914e-01;1.8250000e+02;2.8613436e-01;1.8250000e+02;2.6800376e-01;1.8250000e+02;2.3317428e-01;1.8250000e+02;1.8880139e-01;1.8250000e+02;1.3735679e-01;1.8250000e+02;8.9843959e-02;1.8250000e+02;4.8391327e-02;1.8250000e+02;4.4617048e-03;1.8250000e+02;1.8464126e-02;1.8250000e+02;3.7250720e-02;1.8250000e+02;6.1614320e-02;1.8250000e+02;9.0498909e-02;1.8250000e+02;1.2102748e-01;1.8250000e+02;1.5411951e-01;1.8250000e+02;1.8793827e-01;1.8250000e+02;2.2674042e-01;1.8250000e+02;2.6205325e-01;1.8250000e+02;2.8440914e-01;1.8250000e+02;2.8613436e-01;1.8250000e+02;2.6800376e-01;1.8250000e+02;2.3317428e-01;1.8250000e+02;1.8880139e-01;1.8250000e+02;1.3735679e-01;1.8250000e+02;8.9843959e-02;1.8250000e+02;4.8391327e-02;1.8250000e+02;4.4617048e-03;1.8250000e+02;1.8464126e-02;1.8250000e+02;3.7250720e-02;1.8250000e+02;6.1614320e-02;1.8250000e+02;9.0498909e-02;1.8250000e+02;1.2102748e-01;1.8250000e+02;1.5411951e-01;1.8250000e+02;1.8793827e-01;1.8250000e+02;2.2674042e-01;1.8250000e+02;2.6205325e-01;1.8250000e+02;2.8440914e-01;1.8250000e+02;2.8613436e-01;1.8250000e+02;2.6800376e-01;1.8250000e+02;2.3317428e-01;1.8250000e+02;1.8880139e-01;1.8250000e+02;1.3735679e-01;1.8250000e+02;8.9843959e-02;1.8250000e+02;4.8391327e-02;1.8250000e+02;4.4617048e-03;1.8250000e+02;1.8464126e-02;1.8250000e+02;3.7250720e-02;1.8250000e+02;6.1614320e-02;1.8250000e+02;9.0498909e-02;1.8250000e+02;1.2102748e-01;1.8250000e+02;1.5411951e-01;1.8250000e+02;1.8793827e-01;1.8250000e+02;2.2674042e-01;1.8250000e+02;2.6205325e-01;1.8250000e+02;2.8440914e-01;1.8250000e+02;2.8613436e-01;1.8250000e+02;2.6800376e-01;1.8250000e+02;2.3317428e-01;1.8250000e+02;1.8880139e-01;1.8250000e+02;1.3735679e-01;1.8250000e+02;8.9843959e-02;1.8250000e+02;4.8391327e-02;1.8250000e+02;4.4617048e-03;1.8250000e+02;1.8464126e-02;1.8250000e+02;3.7250720e-02;1.8250000e+02;6.1614320e-02;1.8250000e+02;9.0498909e-02;1.8250000e+02;1.2102748e-01;1.8250000e+02;1.5411951e-01;1.8250000e+02;1.8793827e-01;1.8250000e+02;2.2674042e-01;1.8250000e+02;2.6205325e-01;1.8250000e+02;2.8440914e-01;1.8250000e+02;2.8613436e-01;1.8250000e+02;2.6800376e-01;1.8250000e+02;2.3317428e-01;1.8250000e+02;1.8880139e-01;1.8250000e+02;1.3735679e-01;1.8250000e+02;8.9843959e-02;1.8250000e+02;4.8391327e-02;1.8250000e+02;4.4617048e-03;1.8250000e+02;1.8464126e-02;1.8250000e+02;3.7250720e-02;1.8250000e+02;6.1614320e-02;1.8250000e+02;9.0498909e-02;1.8250000e+02;1.2102748e-01;1.8250000e+02;1.5411951e-01;1.8250000e+02;1.8793827e-01;1.8250000e+02;2.2674042e-01;1.8250000e+02;2.6205325e-01;1.8250000e+02;2.8440914e-01;1.8250000e+02;2.8613436e-01;1.8250000e+02;2.6800376e-01;1.8250000e+02;2.3317428e-01;1.8250000e+02;1.8880139e-01;1.8250000e+02;1.3735679e-01;1.8250000e+02;8.9843959e-02;1.8250000e+02;4.8391327e-02;1.8250000e+02;4.4617048e-03;1.8250000e+02;1.8464126e-02;1.8250000e+02;3.7250720e-02;1.8250000e+02;6.1614320e-02;1.8250000e+02;9.0498909e-02;1.8250000e+02;1.2102748e-01;1.8250000e+02;1.5411951e-01;1.8250000e+02;1.8793827e-01;1.8250000e+02;2.2674042e-01;1.8250000e+02;2.6205325e-01;1.8250000e+02;2.8440914e-01;1.8250000e+02;2.8613436e-01;1.8250000e+02;2.6800376e-01;1.8250000e+02;2.3317428e-01;1.8250000e+02;1.8880139e-01;1.8250000e+02;1.3735679e-01;1.8250000e+02;8.9843959e-02;1.8250000e+02;4.8391327e-02;1.8250000e+02;4.4617048e-03;1.8250000e+02;1.8464126e-02;1.8250000e+02;3.7250720e-02;1.8250000e+02;6.1614320e-02;1.8250000e+02;9.0498909e-02;1.8250000e+02;1.2102748e-01;1.8250000e+02;1.5411951e-01;1.8250000e+02;1.8793827e-01;1.8250000e+02;2.2674042e-01;1.8250000e+02;2.6205325e-01;1.8250000e+02;2.8440914e-01;1.8250000e+02;2.8613436e-01;1.8250000e+02;2.6800376e-01;1.8250000e+02;2.3317428e-01;1.8250000e+02;1.8880139e-01;1.8250000e+02;1.3735679e-01;1.8250000e+02;8.9843959e-02;1.8250000e+02;4.8391327e-02;1.8250000e+02;4.4617048e-03;1.8250000e+02;1.8464126e-02;1.8250000e+02;3.7250720e-02;1.8250000e+02;6.1614320e-02;1.8250000e+02;9.0498909e-02;1.8250000e+02;1.2102748e-01;1.8250000e+02;1.5411951e-01;1.8250000e+02;1.8793827e-01;1.8250000e+02;2.2674042e-01;1.8250000e+02;2.6205325e-01;1.8250000e+02;2.8440914e-01;1.8250000e+02;2.8613436e-01;1.8250000e+02;2.6800376e-01;1.8250000e+02;2.3317428e-01;1.8250000e+02;1.8880139e-01;1.8250000e+02;1.3735679e-01;1.8250000e+02;8.9843959e-02;1.8250000e+02;4.8391327e-02;1.8250000e+02;4.4617048e-03;1.8250000e+02;1.8464126e-02;1.8250000e+02;3.7250720e-02;1.8250000e+02;6.1614320e-02;1.8250000e+02;9.0498909e-02;1.8250000e+02;1.2102748e-01;1.8250000e+02;1.5411951e-01;1.8250000e+02;1.8793827e-01;1.8250000e+02;2.2674042e-01;1.8250000e+02;2.6205325e-01;1.8250000e+02;2.8440914e-01;1.8250000e+02;2.8613436e-01;1.8250000e+02;2.6800376e-01;1.8250000e+02;2.3317428e-01;1.8250000e+02;1.8880139e-01;1.8250000e+02;1.3735679e-01;1.8250000e+02;8.9843959e-02;1.8250000e+02;4.8391327e-02;1.8250000e+02;4.4617048e-03;1.8250000e+02;1.8464126e-02;1.8250000e+02;3.7250720e-02;1.8250000e+02;6.1614320e-02;1.8250000e+02;9.0498909e-02;1.8250000e+02;1.2102748e-01;1.8250000e+02;1.5411951e-01;1.8250000e+02;1.8793827e-01;1.8250000e+02;2.2674042e-01;1.8250000e+02;2.6205325e-01;1.8250000e+02;2.8440914e-01;1.8250000e+02;2.8613436e-01;1.8250000e+02;2.6800376e-01;1.8250000e+02;2.3317428e-01;1.8250000e+02;1.8880139e-01;1.8250000e+02;1.3735679e-01;1.8250000e+02;8.9843959e-02;1.8250000e+02;4.8391327e-02;1.8250000e+02;4.4617048e-03;1.8250000e+02;1.8464126e-02;1.8250000e+02;3.7250720e-02;1.8250000e+02;6.1614320e-02;1.8250000e+02;9.0498909e-02;1.8250000e+02;1.2102748e-01;1.8250000e+02;1.5411951e-01;1.8250000e+02;1.8793827e-01;1.8250000e+02;2.2674042e-01;1.8250000e+02;2.6205325e-01;1.8250000e+02;2.8440914e-01;1.8250000e+02;2.8613436e-01;1.8250000e+02;2.6800376e-01;1.8250000e+02;2.3317428e-01;1.8250000e+02;1.8880139e-01;1.8250000e+02;1.3735679e-01;1.8250000e+02;8.9843959e-02;1.8250000e+02;4.8391327e-02;1.8250000e+02;4.4617048e-03;1.8250000e+02;1.8464126e-02;1.8250000e+02;3.7250720e-02;1.8250000e+02;6.1614320e-02;1.8250000e+02;9.0498909e-02;1.8250000e+02;1.2102748e-01;1.8250000e+02;1.5411951e-01;1.8250000e+02;1.8793827e-01;1.8250000e+02;2.2674042e-01;1.8250000e+02;2.6205325e-01;1.8250000e+02;2.8440914e-01;1.8250000e+02;2.8613436e-01;1.8250000e+02;2.6800376e-01;1.8250000e+02;2.3317428e-01;1.8250000e+02;1.8880139e-01;1.8250000e+02;1.3735679e-01;1.8250000e+02;8.9843959e-02;1.8250000e+02;4.8391327e-02;1.8250000e+02;4.4617048e-03;1.8250000e+02;1.8464126e-02;1.8250000e+02;3.7250720e-02;1.8250000e+02;6.1614320e-02;1.8250000e+02;9.0498909e-02;1.8250000e+02;1.2102748e-01;1.8250000e+02;1.5411951e-01;1.8250000e+02;1.8793827e-01;1.8250000e+02;2.2674042e-01;1.8250000e+02;2.6205325e-01;1.8250000e+02;2.8440914e-01;1.8250000e+02;2.8613436e-01;1.8250000e+02;2.6800376e-01;1.8250000e+02;2.3317428e-01;1.8250000e+02;1.8880139e-01;1.8250000e+02;1.3735679e-01;1.8250000e+02;8.9843959e-02;1.8250000e+02;4.8391327e-02;1.8250000e+02;4.4617048e-03;1.8250000e+02;1.8464126e-02;1.8250000e+02;3.7250720e-02;1.8250000e+02;6.1614320e-02;1.8250000e+02;9.0498909e-02;1.8250000e+02;1.2102748e-01;1.8250000e+02;1.5411951e-01;1.8250000e+02;1.8793827e-01;1.8250000e+02;2.2674042e-01;1.8250000e+02;2.6205325e-01;1.8250000e+02;2.8440914e-01;1.8250000e+02;2.8613436e-01;1.8250000e+02;2.6800376e-01;1.8250000e+02;2.3317428e-01;1.8250000e+02;1.8880139e-01;1.8250000e+02;1.3735679e-01;1.8250000e+02;8.9843959e-02;1.8250000e+02;4.8391327e-02;1.8250000e+02;4.4617048e-03;1.8250000e+02;1.8464126e-02;1.8250000e+02;3.7250720e-02;1.8250000e+02;6.1614320e-02;1.8250000e+02;9.0498909e-02;1.8250000e+02;1.2102748e-01;1.8250000e+02;1.5411951e-01;1.8250000e+02;1.8793827e-01;1.8250000e+02;2.2674042e-01;1.8250000e+02;2.6205325e-01;1.8250000e+02;2.8440914e-01;1.8250000e+02;2.8613436e-01;1.8250000e+02;2.6800376e-01;1.8250000e+02;2.3317428e-01;1.8250000e+02;1.8880139e-01;1.8250000e+02;1.3735679e-01;1.8250000e+02;8.9843959e-02;1.8250000e+02;4.8391327e-02;1.8250000e+02;4.4617048e-03;1.8250000e+02;1.8464126e-02;1.8250000e+02;3.7250720e-02;1.8250000e+02;6.1614320e-02;1.8250000e+02;9.0498909e-02;1.8250000e+02;1.2102748e-01;1.8250000e+02;1.5411951e-01;1.8250000e+02;1.8793827e-01;1.8250000e+02;2.2674042e-01;1.8250000e+02;2.6205325e-01;1.8250000e+02;2.8440914e-01;1.8250000e+02;2.8613436e-01;1.8250000e+02;2.6800376e-01;1.8250000e+02;2.3317428e-01;1.8250000e+02;1.8880139e-01;1.8250000e+02;1.3735679e-01;1.8250000e+02;8.9843959e-02;1.8250000e+02;4.8391327e-02;1.8250000e+02;4.4617048e-03;1.8250000e+02;1.8464126e-02;1.8250000e+02;3.7250720e-02;1.8250000e+02;6.1614320e-02;1.8250000e+02;9.0498909e-02;1.8250000e+02;1.2102748e-01;1.8250000e+02;1.5411951e-01;1.8250000e+02;1.8793827e-01;1.8250000e+02;2.2674042e-01;1.8250000e+02;2.6205325e-01;1.8250000e+02;2.8440914e-01;1.8250000e+02;2.8613436e-01;1.8250000e+02;2.6800376e-01;1.8250000e+02;2.3317428e-01;1.8250000e+02;1.8880139e-01;1.8250000e+02;1.3735679e-01;1.8250000e+02;8.9843959e-02;1.8250000e+02;4.8391327e-02;1.8250000e+02;4.4617048e-03;1.8250000e+02;1.8464126e-02;1.8250000e+02;3.7250720e-02;1.8250000e+02;6.1614320e-02;1.8250000e+02;9.0498909e-02;1.8250000e+02;1.2102748e-01;1.8250000e+02;1.5411951e-01;1.8250000e+02;1.8793827e-01;1.8250000e+02;2.2674042e-01;1.8250000e+02;2.6205325e-01;1.8250000e+02;2.8440914e-01;1.8250000e+02;2.8613436e-01;1.8250000e+02;2.6800376e-01;1.8250000e+02;2.3317428e-01;1.8250000e+02;1.8880139e-01;1.8250000e+02;1.3735679e-01;1.8250000e+02;8.9843959e-02;1.8250000e+02;4.8391327e-02;1.8250000e+02;4.4617048e-03;1.8250000e+02;1.8464126e-02;1.8250000e+02;3.7250720e-02;1.8250000e+02;6.1614320e-02;1.8250000e+02;9.0498909e-02;1.8250000e+02;1.2102748e-01;1.8250000e+02;1.5411951e-01;1.8250000e+02;1.8793827e-01;1.8250000e+02;2.2674042e-01;1.8250000e+02;2.6205325e-01;1.8250000e+02;2.8440914e-01;1.8250000e+02;2.8613436e-01;1.8250000e+02;2.6800376e-01;1.8250000e+02;2.3317428e-01;1.8250000e+02;1.8880139e-01;1.8250000e+02;1.3735679e-01;1.8250000e+02;8.9843959e-02;1.8250000e+02;4.8391327e-02;1.8250000e+02;4.4617048e-03;1.8250000e+02;1.8464126e-02;1.8250000e+02;3.7250720e-02;1.8250000e+02;6.1614320e-02;1.8250000e+02;9.0498909e-02;1.8250000e+02;1.2102748e-01;1.8250000e+02;1.5411951e-01;1.8250000e+02;1.8793827e-01;1.8250000e+02;2.2674042e-01;1.8250000e+02;2.6205325e-01;1.8250000e+02;2.8440914e-01;1.8250000e+02;2.8613436e-01;1.8250000e+02;2.6800376e-01;1.8250000e+02;2.3317428e-01;1.8250000e+02;1.8880139e-01;1.8250000e+02;1.3735679e-01;1.8250000e+02;8.9843959e-02;1.8250000e+02;4.8391327e-02;1.8250000e+02;4.4617048e-03;1.8250000e+02;1.8464126e-02;1.8250000e+02;3.7250720e-02;1.8250000e+02;6.1614320e-02;1.8250000e+02;9.0498909e-02;1.8250000e+02;1.2102748e-01;1.8250000e+02;1.5411951e-01;1.8250000e+02;1.8793827e-01;1.8250000e+02;2.2674042e-01;1.8250000e+02;2.6205325e-01;1.8250000e+02;2.8440914e-01;1.8250000e+02;2.8613436e-01;1.8250000e+02;2.6800376e-01;1.8250000e+02;2.3317428e-01;1.8250000e+02;1.8880139e-01;1.8250000e+02;1.3735679e-01;1.8250000e+02;8.9843959e-02;1.8250000e+02;4.8391327e-02;1.8250000e+02;4.4617048e-03;1.8250000e+02;1.8464126e-02;1.8250000e+02;3.7250720e-02;1.8250000e+02;6.1614320e-02;1.8250000e+02;9.0498909e-02;1.8250000e+02;1.2102748e-01;1.8250000e+02;1.5411951e-01;1.8250000e+02;1.8793827e-01;1.8250000e+02;2.2674042e-01;1.8250000e+02;2.6205325e-01;1.8250000e+02;2.8440914e-01;1.8250000e+02;2.8613436e-01;1.8250000e+02;2.6800376e-01;1.8250000e+02;2.3317428e-01;1.8250000e+02;1.8880139e-01;1.8250000e+02;1.3735679e-01;1.8250000e+02;8.9843959e-02;1.8250000e+02;4.8391327e-02;1.8250000e+02;4.4617048e-03;1.8250000e+02;1.8464126e-02;1.8250000e+02;3.7250720e-02;1.8250000e+02;6.1614320e-02;1.8250000e+02;9.0498909e-02;1.8250000e+02;1.2102748e-01;1.8250000e+02;1.5411951e-01;1.8250000e+02;1.8793827e-01;1.8250000e+02;2.2674042e-01;1.8250000e+02;2.6205325e-01;1.8250000e+02;2.8440914e-01;1.8250000e+02;2.8613436e-01;1.8250000e+02;2.6800376e-01;1.8250000e+02;2.3317428e-01;1.8250000e+02;1.8880139e-01;1.8250000e+02;1.3735679e-01;1.8250000e+02;8.9843959e-02;1.8250000e+02;4.8391327e-02;1.8250000e+02;4.4617048e-03;1.8250000e+02;1.8464126e-02;1.8250000e+02;3.7250720e-02;1.8250000e+02;6.1614320e-02;1.8250000e+02;9.0498909e-02;1.8250000e+02;1.2102748e-01;1.8250000e+02;1.5411951e-01;1.8250000e+02;1.8793827e-01;1.8250000e+02;2.2674042e-01;1.8250000e+02;2.6205325e-01;1.8250000e+02;2.8440914e-01;1.8250000e+02;2.8613436e-01;1.8250000e+02;2.6800376e-01;1.8250000e+02;2.3317428e-01;1.8250000e+02;1.8880139e-01;1.8250000e+02;1.3735679e-01;1.8250000e+02;8.9843959e-02;1.8250000e+02;4.8391327e-02;1.8250000e+02;4.4617048e-03;1.8250000e+02;1.8464126e-02;1.8250000e+02;3.7250720e-02;1.8250000e+02;6.1614320e-02;1.8250000e+02;9.0498909e-02;1.8250000e+02;1.2102748e-01;1.8250000e+02;1.5411951e-01;1.8250000e+02;1.8793827e-01;1.8250000e+02;2.2674042e-01;1.8250000e+02;2.6205325e-01;1.8250000e+02;2.8440914e-01;1.8250000e+02;2.8613436e-01;1.8250000e+02;2.6800376e-01;1.8250000e+02;2.3317428e-01;1.8250000e+02;1.8880139e-01;1.8250000e+02;1.3735679e-01;1.8250000e+02;8.9843959e-02;1.8250000e+02;4.8391327e-02;1.8250000e+02;4.4617048e-03;1.8250000e+02;1.8464126e-02;1.8250000e+02;3.7250720e-02;1.8250000e+02;6.1614320e-02;1.8250000e+02;9.0498909e-02;1.8250000e+02;1.2102748e-01;1.8250000e+02;1.5411951e-01;1.8250000e+02;1.8793827e-01;1.8250000e+02;2.2674042e-01;1.8250000e+02;2.6205325e-01;1.8250000e+02;2.8440914e-01;1.8250000e+02;2.8613436e-01;1.8250000e+02;2.6800376e-01;1.8250000e+02;2.3317428e-01;1.8250000e+02;1.8880139e-01;1.8250000e+02;1.3735679e-01;1.8250000e+02;8.9843959e-02;1.8250000e+02;4.8391327e-02;1.8250000e+02;4.4617048e-03;1.8250000e+02;1.8464126e-02;1.8250000e+02;3.7250720e-02;1.8250000e+02;6.1614320e-02;1.8250000e+02;9.0498909e-02;1.8250000e+02;1.2102748e-01;1.8250000e+02;1.5411951e-01;1.8250000e+02;1.8793827e-01;1.8250000e+02;2.2674042e-01;1.8250000e+02;2.6205325e-01;1.8250000e+02;2.8440914e-01;1.8250000e+02;2.8613436e-01;1.8250000e+02;2.6800376e-01;1.8250000e+02;2.3317428e-01;1.8250000e+02;1.8880139e-01;1.8250000e+02;1.3735679e-01;1.8250000e+02;8.9843959e-02;1.8250000e+02;4.8391327e-02;1.8250000e+02;4.4617048e-03;1.8250000e+02;1.8464126e-02;1.8250000e+02;3.7250720e-02;1.8250000e+02;6.1614320e-02;1.8250000e+02;9.0498909e-02;1.8250000e+02;1.2102748e-01;1.8250000e+02;1.5411951e-01;1.8250000e+02;1.8793827e-01;1.8250000e+02;2.2674042e-01;1.8250000e+02;2.6205325e-01;1.8250000e+02;2.8440914e-01;1.8250000e+02;2.8613436e-01;1.8250000e+02;2.6800376e-01;1.8250000e+02;2.3317428e-01;1.8250000e+02;1.8880139e-01;1.8250000e+02;1.3735679e-01;1.8250000e+02;8.9843959e-02;1.8250000e+02;4.8391327e-02;1.8250000e+02;4.4617048e-03;1.8250000e+02;1.8464126e-02;1.8250000e+02;3.7250720e-02;1.8250000e+02;6.1614320e-02;1.8250000e+02;9.0498909e-02;1.8250000e+02;1.2102748e-01;1.8250000e+02;1.5411951e-01;1.8250000e+02;1.8793827e-01;1.8250000e+02;2.2674042e-01;1.8250000e+02;2.6205325e-01;1.8250000e+02;2.8440914e-01;1.8250000e+02;2.8613436e-01;1.8250000e+02;2.6800376e-01;1.8250000e+02;2.3317428e-01;1.8250000e+02;1.8880139e-01;1.8250000e+02;1.3735679e-01;1.8250000e+02;8.9843959e-02;1.8250000e+02;4.8391327e-02;1.8250000e+02;4.4617048e-03;1.8250000e+02;1.8464126e-02;1.8250000e+02;3.7250720e-02;1.8250000e+02;6.1614320e-02;1.8250000e+02;9.0498909e-02;1.8250000e+02;1.2102748e-01;1.8250000e+02;1.5411951e-01;1.8250000e+02;1.8793827e-01;1.8250000e+02;2.2674042e-01;1.8250000e+02;2.6205325e-01;1.8250000e+02;2.8440914e-01;1.8250000e+02;2.8613436e-01;1.8250000e+02;2.6800376e-01;1.8250000e+02;2.3317428e-01;1.8250000e+02;1.8880139e-01;1.8250000e+02;1.3735679e-01;1.8250000e+02;8.9843959e-02;1.8250000e+02;4.8391327e-02;1.8250000e+02;4.4617048e-03;1.8250000e+02;1.8464126e-02;1.8250000e+02;3.7250720e-02;1.8250000e+02;6.1614320e-02;1.8250000e+02;9.0498909e-02;1.8250000e+02;1.2102748e-01;1.8250000e+02;1.5411951e-01;1.8250000e+02;1.8793827e-01;1.8250000e+02;2.2674042e-01;1.8250000e+02;2.6205325e-01;1.8250000e+02;2.8440914e-01;1.8250000e+02;2.8613436e-01;1.8250000e+02;2.6800376e-01;1.8250000e+02;2.3317428e-01;1.8250000e+02;1.8880139e-01;1.8250000e+02;1.3735679e-01;1.8250000e+02;8.9843959e-02;1.8250000e+02;4.8391327e-02;1.8250000e+02;4.4617048e-03;1.8250000e+02;1.8464126e-02;1.8250000e+02;3.7250720e-02;1.8250000e+02;6.1614320e-02;1.8250000e+02;9.0498909e-02;1.8250000e+02;1.2102748e-01;1.8250000e+02;1.5411951e-01;1.8250000e+02;1.8793827e-01;1.8250000e+02;2.2674042e-01;1.8250000e+02;2.6205325e-01;1.8250000e+02;2.8440914e-01;1.8250000e+02;2.8613436e-01;1.8250000e+02;2.6800376e-01;1.8250000e+02;2.3317428e-01;1.8250000e+02;1.8880139e-01;1.8250000e+02;1.3735679e-01;1.8250000e+02;8.9843959e-02;1.8250000e+02;4.8391327e-02;1.8250000e+02;4.4617048e-03;1.8250000e+02;1.8464126e-02;1.8250000e+02;3.7250720e-02;1.8250000e+02;6.1614320e-02;1.8250000e+02;9.0498909e-02;1.8250000e+02;1.2102748e-01;1.8250000e+02;1.5411951e-01;1.8250000e+02;1.8793827e-01;1.8250000e+02;2.2674042e-01;1.8250000e+02;2.6205325e-01;1.8250000e+02;2.8440914e-01;1.8250000e+02;2.8613436e-01;1.8250000e+02;2.6800376e-01;1.8250000e+02;2.3317428e-01;1.8250000e+02;1.8880139e-01;1.8250000e+02;1.3735679e-01;1.8250000e+02;8.9843959e-02;1.8250000e+02;4.8391327e-02;1.8250000e+02;4.4617048e-03;1.8250000e+02;1.8464126e-02;1.8250000e+02;3.7250720e-02;1.8250000e+02;6.1614320e-02;1.8250000e+02;9.0498909e-02;1.8250000e+02;1.2102748e-01;1.8250000e+02;1.5411951e-01;1.8250000e+02;1.8793827e-01;1.8250000e+02;2.2674042e-01;1.8250000e+02;2.6205325e-01;1.8250000e+02;2.8440914e-01;1.8250000e+02;2.8613436e-01;1.8250000e+02;2.6800376e-01;1.8250000e+02;2.3317428e-01;1.8250000e+02;1.8880139e-01;1.8250000e+02;1.3735679e-01;1.8250000e+02;8.9843959e-02;1.8250000e+02;4.8391327e-02;1.8250000e+02;4.4617048e-03;1.8250000e+02;1.8464126e-02;1.8250000e+02;3.7250720e-02;1.8250000e+02;6.1614320e-02;1.8250000e+02;9.0498909e-02;1.8250000e+02;1.2102748e-01;1.8250000e+02;1.5411951e-01;1.8250000e+02;1.8793827e-01;1.8250000e+02;2.2674042e-01;1.8250000e+02;2.6205325e-01;1.8250000e+02;2.8440914e-01;1.8250000e+02;2.8613436e-01;1.8250000e+02;2.6800376e-01;1.8250000e+02;2.3317428e-01;1.8250000e+02;1.8880139e-01;1.8250000e+02;1.3735679e-01;1.8250000e+02;8.9843959e-02;1.8250000e+02;4.8391327e-02;1.8250000e+02;4.4617048e-03;1.8250000e+02;1.8464126e-02;1.8250000e+02;3.7250720e-02;1.8250000e+02;6.1614320e-02;1.8250000e+02;9.0498909e-02;1.8250000e+02;1.2102748e-01;1.8250000e+02;1.5411951e-01;1.8250000e+02;1.8793827e-01;1.8250000e+02;2.2674042e-01;1.8250000e+02;2.6205325e-01;1.8250000e+02;2.8440914e-01;1.8250000e+02;2.8613436e-01;1.8250000e+02;2.6800376e-01;1.8250000e+02;2.3317428e-01;1.8250000e+02;1.8880139e-01;1.8250000e+02;1.3735679e-01;1.8250000e+02;8.9843959e-02;1.8250000e+02;4.8391327e-02;1.8250000e+02;4.4617048e-03;1.8250000e+02;1.8464126e-02;1.8250000e+02;3.7250720e-02;1.8250000e+02;6.1614320e-02;1.8250000e+02;9.0498909e-02;1.8250000e+02;1.2102748e-01;1.8250000e+02;1.5411951e-01;1.8250000e+02;1.8793827e-01;1.8250000e+02;2.2674042e-01;1.8250000e+02;2.6205325e-01;1.8250000e+02;2.8440914e-01;1.8250000e+02;2.8613436e-01;1.8250000e+02;2.6800376e-01;1.8250000e+02;2.3317428e-01;1.8250000e+02;1.8880139e-01;1.8250000e+02;1.3735679e-01;1.8250000e+02;8.9843959e-02;1.8250000e+02;4.8391327e-02;1.8250000e+02;4.4617048e-03;1.8250000e+02;1.8464126e-02;1.8250000e+02;3.7250720e-02;1.8250000e+02;6.1614320e-02;1.8250000e+02;9.0498909e-02;1.8250000e+02;1.2102748e-01;1.8250000e+02;1.5411951e-01;1.8250000e+02;1.8793827e-01;1.8250000e+02;2.2674042e-01;1.8250000e+02;2.6205325e-01;1.8250000e+02;2.8440914e-01;1.8250000e+02;2.8613436e-01;1.8250000e+02;2.6800376e-01;1.8250000e+02;2.3317428e-01;1.8250000e+02;1.8880139e-01;1.8250000e+02;1.3735679e-01;1.8250000e+02;8.9843959e-02;1.8250000e+02;4.8391327e-02;1.8250000e+02;4.4617048e-03;1.8250000e+02;1.8464126e-02;1.8250000e+02;3.7250720e-02;1.8250000e+02;6.1614320e-02;1.8250000e+02;9.0498909e-02;1.8250000e+02;1.2102748e-01;1.8250000e+02;1.5411951e-01;1.8250000e+02;1.8793827e-01;1.8250000e+02;2.2674042e-01;1.8250000e+02;2.6205325e-01;1.8250000e+02;2.8440914e-01;1.8250000e+02;2.8613436e-01;1.8250000e+02;2.6800376e-01;1.8250000e+02;2.3317428e-01;1.8250000e+02;1.8880139e-01;1.8250000e+02;1.3735679e-01;1.8250000e+02;8.9843959e-02;1.8250000e+02;4.8391327e-02;1.8250000e+02;4.4617048e-03;1.8250000e+02;1.8464126e-02;1.8250000e+02;3.7250720e-02;1.8250000e+02;6.1614320e-02;1.8250000e+02;9.0498909e-02;1.8250000e+02;1.2102748e-01;1.8250000e+02;1.5411951e-01;1.8250000e+02;1.8793827e-01;1.8250000e+02;2.2674042e-01;1.8250000e+02;2.6205325e-01;1.8250000e+02;2.8440914e-01;1.8250000e+02;2.8613436e-01;1.8250000e+02;2.6800376e-01;1.8250000e+02;2.3317428e-01;1.8250000e+02;1.8880139e-01;1.8250000e+02;1.3735679e-01;1.8250000e+02;8.9843959e-02;1.8250000e+02;4.8391327e-02;1.8250000e+02;4.4617048e-03;1.8250000e+02;1.8464126e-02;1.8250000e+02;3.7250720e-02;1.8250000e+02;6.1614320e-02;1.8250000e+02;9.0498909e-02;1.8250000e+02;1.2102748e-01;1.8250000e+02;1.5411951e-01;1.8250000e+02;1.8793827e-01;1.8250000e+02;2.2674042e-01;1.8250000e+02;2.6205325e-01;1.8250000e+02;2.8440914e-01;1.8250000e+02;2.8613436e-01;1.8250000e+02;2.6800376e-01;1.8250000e+02;2.3317428e-01;1.8250000e+02;1.8880139e-01;1.8250000e+02;1.3735679e-01;1.8250000e+02;8.9843959e-02;1.8250000e+02;4.8391327e-02;1.8250000e+02;4.4617048e-03;1.8250000e+02;1.8464126e-02;1.8250000e+02;3.7250720e-02;1.8250000e+02;6.1614320e-02;1.8250000e+02;9.0498909e-02;1.8250000e+02;1.2102748e-01;1.8250000e+02;1.5411951e-01;1.8250000e+02;1.8793827e-01;1.8250000e+02;2.2674042e-01;1.8250000e+02;2.6205325e-01;1.8250000e+02;2.8440914e-01;1.8250000e+02;2.8613436e-01;1.8250000e+02;2.6800376e-01;1.8250000e+02;2.3317428e-01;1.8250000e+02;1.8880139e-01;1.8250000e+02;1.3735679e-01;1.8250000e+02;8.9843959e-02;1.8250000e+02;4.8391327e-02;1.8250000e+02;4.4617048e-03;1.8250000e+02;1.8464126e-02;1.8250000e+02;3.7250720e-02;1.8250000e+02;6.1614320e-02;1.8250000e+02;9.0498909e-02;1.8250000e+02;1.2102748e-01;1.8250000e+02;1.5411951e-01;1.8250000e+02;1.8793827e-01;1.8250000e+02;2.2674042e-01;1.8250000e+02;2.6205325e-01;1.8250000e+02;2.8440914e-01;1.8250000e+02;2.8613436e-01;1.8250000e+02;2.6800376e-01;1.8250000e+02;2.3317428e-01;1.8250000e+02;1.8880139e-01;1.8250000e+02;1.3735679e-01;1.8250000e+02;8.9843959e-02;1.8250000e+02;4.8391327e-02;1.8250000e+02;4.4617048e-03;1.8250000e+02;1.8464126e-02;1.8250000e+02;3.7250720e-02;1.8250000e+02;6.1614320e-02;1.8250000e+02;9.0498909e-02;1.8250000e+02;1.2102748e-01;1.8250000e+02;1.5411951e-01;1.8250000e+02;1.8793827e-01;1.8250000e+02;2.2674042e-01;1.8250000e+02;2.6205325e-01;1.8250000e+02;2.8440914e-01;1.8250000e+02;2.8613436e-01;1.8250000e+02;2.6800376e-01;1.8250000e+02;2.3317428e-01;1.8250000e+02;1.8880139e-01;1.8250000e+02;1.3735679e-01;1.8250000e+02;8.9843959e-02;1.8250000e+02;4.8391327e-02;1.8250000e+02;4.4617048e-03;1.8250000e+02;1.8464126e-02;1.8250000e+02;3.7250720e-02;1.8250000e+02;6.1614320e-02;1.8250000e+02;9.0498909e-02;1.8250000e+02;1.2102748e-01;1.8250000e+02;1.5411951e-01;1.8250000e+02;1.8793827e-01;1.8250000e+02;2.2674042e-01;1.8250000e+02;2.6205325e-01;1.8250000e+02;2.8440914e-01;1.8250000e+02;2.8613436e-01;1.8250000e+02;2.6800376e-01;1.8250000e+02;2.3317428e-01;1.8250000e+02;1.8880139e-01;1.8250000e+02;1.3735679e-01;1.8250000e+02;8.9843959e-02;1.8250000e+02;4.8391327e-02;1.8250000e+02;4.4617048e-03;1.8250000e+02;1.8464126e-02;1.8250000e+02;3.7250720e-02;1.8250000e+02;6.1614320e-02;1.8250000e+02;9.0498909e-02;1.8250000e+02;1.2102748e-01;1.8250000e+02;1.5411951e-01;1.8250000e+02;1.8793827e-01;1.8250000e+02;2.2674042e-01;1.8250000e+02;2.6205325e-01;1.8250000e+02;2.8440914e-01;1.8250000e+02;2.8613436e-01;1.8250000e+02;2.6800376e-01;1.8250000e+02;2.3317428e-01;1.8250000e+02;1.8880139e-01;1.8250000e+02;1.3735679e-01;1.8250000e+02;8.9843959e-02;1.8250000e+02;4.8391327e-02;1.8250000e+02;4.4617048e-03;1.8250000e+02;1.8464126e-02;1.8250000e+02;3.7250720e-02;1.8250000e+02;6.1614320e-02;1.8250000e+02;9.0498909e-02;1.8250000e+02;1.2102748e-01;1.8250000e+02;1.5411951e-01;1.8250000e+02;1.8793827e-01;1.8250000e+02;2.2674042e-01;1.8250000e+02;2.6205325e-01;1.8250000e+02;2.8440914e-01;1.8250000e+02;2.8613436e-01;1.8250000e+02;2.6800376e-01;1.8250000e+02;2.3317428e-01;1.8250000e+02;1.8880139e-01;1.8250000e+02;1.3735679e-01;1.8250000e+02;8.9843959e-02;1.8250000e+02;4.8391327e-02;1.8250000e+02;4.4617048e-03;1.8250000e+02;1.8464126e-02;1.8250000e+02;3.7250720e-02;1.8250000e+02;6.1614320e-02;1.8250000e+02;9.0498909e-02;1.8250000e+02;1.2102748e-01;1.8250000e+02;1.5411951e-01;1.8250000e+02;1.8793827e-01;1.8250000e+02;2.2674042e-01;1.8250000e+02;2.6205325e-01;1.8250000e+02;2.8440914e-01;1.8250000e+02;2.8613436e-01;1.8250000e+02;2.6800376e-01;1.8250000e+02;2.3317428e-01;1.8250000e+02;1.8880139e-01;1.8250000e+02;1.3735679e-01;1.8250000e+02;8.9843959e-02;1.8250000e+02;4.8391327e-02;1.8250000e+02;4.4617048e-03;1.8250000e+02;1.8464126e-02;1.8250000e+02;3.7250720e-02;1.8250000e+02;6.1614320e-02;1.8250000e+02;9.0498909e-02;1.8250000e+02;1.2102748e-01;1.8250000e+02;1.5411951e-01;1.8250000e+02;1.8793827e-01;1.8250000e+02;2.2674042e-01;1.8250000e+02;2.6205325e-01;1.8250000e+02;2.8440914e-01;1.8250000e+02;2.8613436e-01;1.8250000e+02;2.6800376e-01;1.8250000e+02;2.3317428e-01;1.8250000e+02;1.8880139e-01;1.8250000e+02;1.3735679e-01;1.8250000e+02;8.9843959e-02;1.8250000e+02;4.8391327e-02;1.8250000e+02;4.4617048e-03;1.8250000e+02;1.8464126e-02;1.8250000e+02;3.7250720e-02;1.8250000e+02;6.1614320e-02;1.8250000e+02;9.0498909e-02;1.8250000e+02;1.2102748e-01;1.8250000e+02;1.5411951e-01;1.8250000e+02;1.8793827e-01;1.8250000e+02;2.2674042e-01;1.8250000e+02;2.6205325e-01;1.8250000e+02;2.8440914e-01;1.8250000e+02;2.8613436e-01;1.8250000e+02;2.6800376e-01;1.8250000e+02;2.3317428e-01;1.8250000e+02;1.8880139e-01;1.8250000e+02;1.3735679e-01;1.8250000e+02;8.9843959e-02;1.8250000e+02;4.8391327e-02;1.8250000e+02;4.4617048e-03;1.8250000e+02;1.8464126e-02;1.8250000e+02;3.7250720e-02;1.8250000e+02;6.1614320e-02;1.8250000e+02;9.0498909e-02;1.8250000e+02;1.2102748e-01;1.8250000e+02;1.5411951e-01;1.8250000e+02;1.8793827e-01;1.8250000e+02;2.2674042e-01;1.8250000e+02;2.6205325e-01;1.8250000e+02;2.8440914e-01;1.8250000e+02;2.8613436e-01;1.8250000e+02;2.6800376e-01;1.8250000e+02;2.3317428e-01;1.8250000e+02;1.8880139e-01;1.8250000e+02;1.3735679e-01;1.8250000e+02;8.9843959e-02;1.8250000e+02;4.8391327e-02;1.8250000e+02;4.4617048e-03;1.8250000e+02;1.8464126e-02;1.8250000e+02;3.7250720e-02;1.8250000e+02;6.1614320e-02;1.8250000e+02;9.0498909e-02;1.8250000e+02;1.2102748e-01;1.8250000e+02;1.5411951e-01;1.8250000e+02;1.8793827e-01;1.8250000e+02;2.2674042e-01;1.8250000e+02;2.6205325e-01;1.8250000e+02;2.8440914e-01;1.8250000e+02;2.8613436e-01;1.8250000e+02;2.6800376e-01;1.8250000e+02;2.3317428e-01;1.8250000e+02;1.8880139e-01;1.8250000e+02;1.3735679e-01;1.8250000e+02;8.9843959e-02;1.8250000e+02;4.8391327e-02;1.8250000e+02;4.4617048e-03;1.8250000e+02;1.8464126e-02;1.8250000e+02;3.7250720e-02;1.8250000e+02;6.1614320e-02;1.8250000e+02;9.0498909e-02;1.8250000e+02;1.2102748e-01;1.8250000e+02;1.5411951e-01;1.8250000e+02;1.8793827e-01;1.8250000e+02;2.2674042e-01;1.8250000e+02;2.6205325e-01;1.8250000e+02;2.8440914e-01;1.8250000e+02;2.8613436e-01;1.8250000e+02;2.6800376e-01;1.8250000e+02;2.3317428e-01;1.8250000e+02;1.8880139e-01;1.8250000e+02;1.3735679e-01;1.8250000e+02;8.9843959e-02;1.8250000e+02;4.8391327e-02;1.8250000e+02;4.4617048e-03;1.8250000e+02;1.8464126e-02;1.8250000e+02;3.7250720e-02;1.8250000e+02;6.1614320e-02;1.8250000e+02;9.0498909e-02;1.8250000e+02;1.2102748e-01;1.8250000e+02;1.5411951e-01;1.8250000e+02;1.8793827e-01;1.8250000e+02;2.2674042e-01;1.8250000e+02;2.6205325e-01;1.8250000e+02;2.8440914e-01;1.8250000e+02;2.8613436e-01;1.8250000e+02;2.6800376e-01;1.8250000e+02;2.3317428e-01;1.8250000e+02;1.8880139e-01;1.8250000e+02;1.3735679e-01;1.8250000e+02;8.9843959e-02;1.8250000e+02;4.8391327e-02;1.8250000e+02;4.4617048e-03;1.8250000e+02;1.8464126e-02;1.8250000e+02;3.7250720e-02;1.8250000e+02;6.1614320e-02;1.8250000e+02;9.0498909e-02;1.8250000e+02;1.2102748e-01;1.8250000e+02;1.5411951e-01;1.8250000e+02;1.8793827e-01;1.8250000e+02;2.2674042e-01;1.8250000e+02;2.6205325e-01;1.8250000e+02;2.8440914e-01;1.8250000e+02;2.8613436e-01;1.8250000e+02;2.6800376e-01;1.8250000e+02;2.3317428e-01;1.8250000e+02;1.8880139e-01;1.8250000e+02;1.3735679e-01;1.8250000e+02;8.9843959e-02;1.8250000e+02;4.8391327e-02;1.8250000e+02;4.4617048e-03;1.8250000e+02;1.8464126e-02;1.8250000e+02;3.7250720e-02;1.8250000e+02;6.1614320e-02;1.8250000e+02;9.0498909e-02;1.8250000e+02;1.2102748e-01;1.8250000e+02;1.5411951e-01;1.8250000e+02;1.8793827e-01;1.8250000e+02;2.2674042e-01;1.8250000e+02;2.6205325e-01;1.8250000e+02;2.8440914e-01;1.8250000e+02;2.8613436e-01;1.8250000e+02;2.6800376e-01;1.8250000e+02;2.3317428e-01;1.8250000e+02;1.8880139e-01;1.8250000e+02;1.3735679e-01;1.8250000e+02;8.9843959e-02;1.8250000e+02;4.8391327e-02;1.8250000e+02;4.4617048e-03;1.8250000e+02;1.8464126e-02;1.8250000e+02;3.7250720e-02;1.8250000e+02;6.1614320e-02;1.8250000e+02;9.0498909e-02;1.8250000e+02;1.2102748e-01;1.8250000e+02;1.5411951e-01;1.8250000e+02;1.8793827e-01;1.8250000e+02;2.2674042e-01;1.8250000e+02;2.6205325e-01;1.8250000e+02;2.8440914e-01;1.8250000e+02;2.8613436e-01;1.8250000e+02;2.6800376e-01;1.8250000e+02;2.3317428e-01;1.8250000e+02;1.8880139e-01;1.8250000e+02;1.3735679e-01;1.8250000e+02;8.9843959e-02;1.8250000e+02;4.8391327e-02;1.8250000e+02;4.4617048e-03;1.8250000e+02;1.8464126e-02;1.8250000e+02;3.7250720e-02;1.8250000e+02;6.1614320e-02;1.8250000e+02;9.0498909e-02;1.8250000e+02;1.2102748e-01;1.8250000e+02;1.5411951e-01;1.8250000e+02;1.8793827e-01;1.8250000e+02;2.2674042e-01;1.8250000e+02;2.6205325e-01;1.8250000e+02;2.8440914e-01;1.8250000e+02;2.8613436e-01;1.8250000e+02;2.6800376e-01;1.8250000e+02;2.3317428e-01;1.8250000e+02;1.8880139e-01;1.8250000e+02;1.3735679e-01;1.8250000e+02;8.9843959e-02;1.8250000e+02;4.8391327e-02;1.8250000e+02;4.4617048e-03;1.8250000e+02;1.8464126e-02;1.8250000e+02;3.7250720e-02;1.8250000e+02;6.1614320e-02;1.8250000e+02;9.0498909e-02;1.8250000e+02;1.2102748e-01;1.8250000e+02;1.5411951e-01;1.8250000e+02;1.8793827e-01;1.8250000e+02;2.2674042e-01;1.8250000e+02;2.6205325e-01;1.8250000e+02;2.8440914e-01;1.8250000e+02;2.8613436e-01;1.8250000e+02;2.6800376e-01;1.8250000e+02;2.3317428e-01;1.8250000e+02;1.8880139e-01;1.8250000e+02;1.3735679e-01;1.8250000e+02;8.9843959e-02;1.8250000e+02;4.8391327e-02;1.8250000e+02;4.4617048e-03;1.8250000e+02;1.8464126e-02;1.8250000e+02;3.7250720e-02;1.8250000e+02;6.1614320e-02;1.8250000e+02;9.0498909e-02;1.8250000e+02;1.2102748e-01;1.8250000e+02;1.5411951e-01;1.8250000e+02;1.8793827e-01;1.8250000e+02;2.2674042e-01;1.8250000e+02;2.6205325e-01;1.8250000e+02;2.8440914e-01;1.8250000e+02;2.8613436e-01;1.8250000e+02;2.6800376e-01;1.8250000e+02;2.3317428e-01;1.8250000e+02;1.8880139e-01;1.8250000e+02;1.3735679e-01;1.8250000e+02;8.9843959e-02;1.8250000e+02;4.8391327e-02;1.8250000e+02;4.4617048e-03;1.8250000e+02;1.8464126e-02;1.8250000e+02;3.7250720e-02;1.8250000e+02;6.1614320e-02;1.8250000e+02;9.0498909e-02;1.8250000e+02;1.2102748e-01;1.8250000e+02;1.5411951e-01;1.8250000e+02;1.8793827e-01;1.8250000e+02;2.2674042e-01;1.8250000e+02;2.6205325e-01;1.8250000e+02;2.8440914e-01;1.8250000e+02;2.8613436e-01;1.8250000e+02;2.6800376e-01;1.8250000e+02;2.3317428e-01;1.8250000e+02;1.8880139e-01;1.8250000e+02;1.3735679e-01;1.8250000e+02;8.9843959e-02;1.8250000e+02;4.8391327e-02;1.8250000e+02;4.4617048e-03;1.8250000e+02;1.8464126e-02;1.8250000e+02;3.7250720e-02;1.8250000e+02;6.1614320e-02;1.8250000e+02;9.0498909e-02;1.8250000e+02;1.2102748e-01;1.8250000e+02;1.5411951e-01;1.8250000e+02;1.8793827e-01;1.8250000e+02;2.2674042e-01;1.8250000e+02;2.6205325e-01;1.8250000e+02;2.8440914e-01;1.8250000e+02;2.8613436e-01;1.8250000e+02;2.6800376e-01;1.8250000e+02;2.3317428e-01;1.8250000e+02;1.8880139e-01;1.8250000e+02;1.3735679e-01;1.8250000e+02;8.9843959e-02;1.8250000e+02;4.8391327e-02;1.8250000e+02;4.4617048e-03;1.8250000e+02;1.8464126e-02;1.8250000e+02;3.7250720e-02;1.8250000e+02;6.1614320e-02;1.8250000e+02;9.0498909e-02;1.8250000e+02;1.2102748e-01;1.8250000e+02;1.5411951e-01;1.8250000e+02;1.8793827e-01;1.8250000e+02;2.2674042e-01;1.8250000e+02;2.6205325e-01;1.8250000e+02;2.8440914e-01;1.8250000e+02;2.8613436e-01;1.8250000e+02;2.6800376e-01;1.8250000e+02;2.3317428e-01;1.8250000e+02;1.8880139e-01;1.8250000e+02;1.3735679e-01;1.8250000e+02;8.9843959e-02;1.8250000e+02;4.8391327e-02;1.8250000e+02;4.4617048e-03;1.8250000e+02;1.8464126e-02;1.8250000e+02;3.7250720e-02;1.8250000e+02;6.1614320e-02;1.8250000e+02;9.0498909e-02;1.8250000e+02;1.2102748e-01;1.8250000e+02;1.5411951e-01;1.8250000e+02;1.8793827e-01;1.8250000e+02;2.2674042e-01;1.8250000e+02;2.6205325e-01;1.8250000e+02;2.8440914e-01;1.8250000e+02;2.8613436e-01;1.8250000e+02;2.6800376e-01;1.8250000e+02;2.3317428e-01;1.8250000e+02;1.8880139e-01;1.8250000e+02;1.3735679e-01;1.8250000e+02;8.9843959e-02;1.8250000e+02;4.8391327e-02;1.8250000e+02;4.4617048e-03;1.8250000e+02;1.8464126e-02;1.8250000e+02;3.7250720e-02;1.8250000e+02;6.1614320e-02;1.8250000e+02;9.0498909e-02;1.8250000e+02;1.2102748e-01;1.8250000e+02;1.5411951e-01;1.8250000e+02;1.8793827e-01;1.8250000e+02;2.2674042e-01;1.8250000e+02;2.6205325e-01;1.8250000e+02;2.8440914e-01;1.8250000e+02;2.8613436e-01;1.8250000e+02;2.6800376e-01;1.8250000e+02;2.3317428e-01;1.8250000e+02;1.8880139e-01;1.8250000e+02;1.3735679e-01;1.8250000e+02;8.9843959e-02;1.8250000e+02;4.8391327e-02;1.8250000e+02;4.4617048e-03;1.8250000e+02;1.8464126e-02;1.8250000e+02;3.7250720e-02;1.8250000e+02;6.1614320e-02;1.8250000e+02;9.0498909e-02;1.8250000e+02;1.2102748e-01;1.8250000e+02;1.5411951e-01;1.8250000e+02;1.8793827e-01;1.8250000e+02;2.2674042e-01;1.8250000e+02;2.6205325e-01;1.8250000e+02;2.8440914e-01;1.8250000e+02;2.8613436e-01;1.8250000e+02;2.6800376e-01;1.8250000e+02;2.3317428e-01;1.8250000e+02;1.8880139e-01;1.8250000e+02;1.3735679e-01;1.8250000e+02;8.9843959e-02;1.8250000e+02;4.8391327e-02;1.8250000e+02;4.4617048e-03;1.8250000e+02;1.8464126e-02;1.8250000e+02;3.7250720e-02;1.8250000e+02;6.1614320e-02;1.8250000e+02;9.0498909e-02;1.8250000e+02;1.2102748e-01;1.8250000e+02;1.5411951e-01;1.8250000e+02;1.8793827e-01;1.8250000e+02;2.2674042e-01;1.8250000e+02;2.6205325e-01;1.8250000e+02;2.8440914e-01;1.8250000e+02;2.8613436e-01;1.8250000e+02;2.6800376e-01;1.8250000e+02;2.3317428e-01;1.8250000e+02;1.8880139e-01;1.8250000e+02;1.3735679e-01;1.8250000e+02;8.9843959e-02;1.8250000e+02;4.8391327e-02;1.8250000e+02;4.4617048e-03;1.8250000e+02;1.8464126e-02;1.8250000e+02;3.7250720e-02;1.8250000e+02;6.1614320e-02;1.8250000e+02;9.0498909e-02;1.8250000e+02;1.2102748e-01;1.8250000e+02;1.5411951e-01;1.8250000e+02;1.8793827e-01;1.8250000e+02;2.2674042e-01;1.8250000e+02;2.6205325e-01;1.8250000e+02;2.8440914e-01;1.8250000e+02;2.8613436e-01;1.8250000e+02;2.6800376e-01;1.8250000e+02;2.3317428e-01;1.8250000e+02;1.8880139e-01;1.8250000e+02;1.3735679e-01;1.8250000e+02;8.9843959e-02;1.8250000e+02;4.8391327e-02;1.8250000e+02;4.4617048e-03;1.8250000e+02;1.8464126e-02;1.8250000e+02;3.7250720e-02;1.8250000e+02;6.1614320e-02;1.8250000e+02;9.0498909e-02;1.8250000e+02;1.2102748e-01;1.8250000e+02;1.5411951e-01;1.8250000e+02;1.8793827e-01;1.8250000e+02;2.2674042e-01;1.8250000e+02;2.6205325e-01;1.8250000e+02;2.8440914e-01;1.8250000e+02;2.8613436e-01;1.8250000e+02;2.6800376e-01;1.8250000e+02;2.3317428e-01;1.8250000e+02;1.8880139e-01;1.8250000e+02;1.3735679e-01;1.8250000e+02;8.9843959e-02;1.8250000e+02;4.8391327e-02;1.8250000e+02;4.4617048e-03;1.8250000e+02;1.8464126e-02;1.8250000e+02;3.7250720e-02;1.8250000e+02;6.1614320e-02;1.8250000e+02;9.0498909e-02;1.8250000e+02;1.2102748e-01;1.8250000e+02;1.5411951e-01;1.8250000e+02;1.8793827e-01;1.8250000e+02;2.2674042e-01;1.8250000e+02;2.6205325e-01;1.8250000e+02;2.8440914e-01;1.8250000e+02;2.8613436e-01;1.8250000e+02;2.6800376e-01;1.8250000e+02;2.3317428e-01;1.8250000e+02;1.8880139e-01;1.8250000e+02;1.3735679e-01;1.8250000e+02;8.9843959e-02;1.8250000e+02;4.8391327e-02;1.8250000e+02;4.4617048e-03;1.8250000e+02;1.8464126e-02;1.8250000e+02;3.7250720e-02;1.8250000e+02;6.1614320e-02;1.8250000e+02;9.0498909e-02;1.8250000e+02;1.2102748e-01;1.8250000e+02;1.5411951e-01;1.8250000e+02;1.8793827e-01;1.8250000e+02;2.2674042e-01;1.8250000e+02;2.6205325e-01;1.8250000e+02;2.8440914e-01;1.8250000e+02;2.8613436e-01;1.8250000e+02;2.6800376e-01;1.8250000e+02;2.3317428e-01;1.8250000e+02;1.8880139e-01;1.8250000e+02;1.3735679e-01;1.8250000e+02;8.9843959e-02;1.8250000e+02;4.8391327e-02;1.8250000e+02;4.4617048e-03;1.8250000e+02;1.8464126e-02;1.8250000e+02;3.7250720e-02;1.8250000e+02;6.1614320e-02;1.8250000e+02;9.0498909e-02;1.8250000e+02;1.2102748e-01;1.8250000e+02;1.5411951e-01;1.8250000e+02;1.8793827e-01;1.8250000e+02;2.2674042e-01;1.8250000e+02;2.6205325e-01;1.8250000e+02;2.8440914e-01;1.8250000e+02;2.8613436e-01;1.8250000e+02;2.6800376e-01;1.8250000e+02;2.3317428e-01;1.8250000e+02;1.8880139e-01;1.8250000e+02;1.3735679e-01;1.8250000e+02;8.9843959e-02;1.8250000e+02;4.8391327e-02;1.8250000e+02;4.4617048e-03;1.8250000e+02;1.8464126e-02;1.8250000e+02;3.7250720e-02;1.8250000e+02;6.1614320e-02;1.8250000e+02;9.0498909e-02;1.8250000e+02;1.2102748e-01;1.8250000e+02;1.5411951e-01;1.8250000e+02;1.8793827e-01;1.8250000e+02;2.2674042e-01;1.8250000e+02;2.6205325e-01;1.8250000e+02;2.8440914e-01;1.8250000e+02;2.8613436e-01;1.8250000e+02;2.6800376e-01;1.8250000e+02;2.3317428e-01;1.8250000e+02;1.8880139e-01;1.8250000e+02;1.3735679e-01;1.8250000e+02;8.9843959e-02;1.8250000e+02;4.8391327e-02;1.8250000e+02;4.4617048e-03;1.8250000e+02;1.8464126e-02;1.8250000e+02;3.7250720e-02;1.8250000e+02;6.1614320e-02;1.8250000e+02;9.0498909e-02;1.8250000e+02;1.2102748e-01;1.8250000e+02;1.5411951e-01;1.8250000e+02;1.8793827e-01;1.8250000e+02;2.2674042e-01;1.8250000e+02;2.6205325e-01;1.8250000e+02;2.8440914e-01;1.8250000e+02;2.8613436e-01;1.8250000e+02;2.6800376e-01;1.8250000e+02;2.3317428e-01;1.8250000e+02;1.8880139e-01;1.8250000e+02;1.3735679e-01;1.8250000e+02;8.9843959e-02;1.8250000e+02;4.8391327e-02;1.8250000e+02;4.4617048e-03;1.8250000e+02;1.8464126e-02;1.8250000e+02;3.7250720e-02;1.8250000e+02;6.1614320e-02;1.8250000e+02;9.0498909e-02;1.8250000e+02;1.2102748e-01;1.8250000e+02;1.5411951e-01;1.8250000e+02;1.8793827e-01;1.8250000e+02;2.2674042e-01;1.8250000e+02;2.6205325e-01;1.8250000e+02;2.8440914e-01;1.8250000e+02;2.8613436e-01;1.8250000e+02;2.6800376e-01;1.8250000e+02;2.3317428e-01;1.8250000e+02;1.8880139e-01;1.8250000e+02;1.3735679e-01;1.8250000e+02;8.9843959e-02;1.8250000e+02;4.8391327e-02;1.8250000e+02;4.4617048e-03;1.8250000e+02;1.8464126e-02;1.8250000e+02;3.7250720e-02;1.8250000e+02;6.1614320e-02;1.8250000e+02;9.0498909e-02;1.8250000e+02;1.2102748e-01;1.8250000e+02;1.5411951e-01;1.8250000e+02;1.8793827e-01;1.8250000e+02;2.2674042e-01;1.8250000e+02;2.6205325e-01;1.8250000e+02;2.8440914e-01;1.8250000e+02;2.8613436e-01;1.8250000e+02;2.6800376e-01;1.8250000e+02;2.3317428e-01;1.8250000e+02;1.8880139e-01;1.8250000e+02;1.3735679e-01;1.8250000e+02;8.9843959e-02;1.8250000e+02;4.8391327e-02;1.8250000e+02;4.4617048e-03;1.8250000e+02;1.8464126e-02;1.8250000e+02;3.7250720e-02;1.8250000e+02;6.1614320e-02;1.8250000e+02;9.0498909e-02;1.8250000e+02;1.2102748e-01;1.8250000e+02;1.5411951e-01;1.8250000e+02;1.8793827e-01;1.8250000e+02;2.2674042e-01;1.8250000e+02;2.6205325e-01;1.8250000e+02;2.8440914e-01;1.8250000e+02;2.8613436e-01;1.8250000e+02;2.6800376e-01;1.8250000e+02;2.3317428e-01;1.8250000e+02;1.8880139e-01;1.8250000e+02;1.3735679e-01;1.8250000e+02;8.9843959e-02;1.8250000e+02;4.8391327e-02;1.8250000e+02;4.4617048e-03;1.8250000e+02;1.8464126e-02;1.8250000e+02;3.7250720e-02;1.8250000e+02;6.1614320e-02;1.8250000e+02;9.0498909e-02;1.8250000e+02;1.2102748e-01;1.8250000e+02;1.5411951e-01;1.8250000e+02;1.8793827e-01;1.8250000e+02;2.2674042e-01;1.8250000e+02;2.6205325e-01;1.8250000e+02;2.8440914e-01;1.8250000e+02;2.8613436e-01;1.8250000e+02;2.6800376e-01;1.8250000e+02;2.3317428e-01;1.8250000e+02;1.8880139e-01;1.8250000e+02;1.3735679e-01;1.8250000e+02;8.9843959e-02;1.8250000e+02;4.8391327e-02;1.8250000e+02;4.4617048e-03;1.8250000e+02;1.8464126e-02;1.8250000e+02;3.7250720e-02;1.8250000e+02;6.1614320e-02;1.8250000e+02;9.0498909e-02;1.8250000e+02;1.2102748e-01;1.8250000e+02;1.5411951e-01;1.8250000e+02;1.8793827e-01;1.8250000e+02;2.2674042e-01;1.8250000e+02;2.6205325e-01;1.8250000e+02;2.8440914e-01;1.8250000e+02;2.8613436e-01;1.8250000e+02;2.6800376e-01;1.8250000e+02;2.3317428e-01;1.8250000e+02;1.8880139e-01;1.8250000e+02;1.3735679e-01;1.8250000e+02;8.9843959e-02;1.8250000e+02;4.8391327e-02;1.8250000e+02;4.4617048e-03;1.8250000e+02;1.8464126e-02;1.8250000e+02;3.7250720e-02;1.8250000e+02;6.1614320e-02;1.8250000e+02;9.0498909e-02;1.8250000e+02;1.2102748e-01;1.8250000e+02;1.5411951e-01;1.8250000e+02;1.8793827e-01;1.8250000e+02;2.2674042e-01;1.8250000e+02;2.6205325e-01;1.8250000e+02;2.8440914e-01;1.8250000e+02;2.8613436e-01;1.8250000e+02;2.6800376e-01;1.8250000e+02;2.3317428e-01;1.8250000e+02;1.8880139e-01;1.8250000e+02;1.3735679e-01;1.8250000e+02;8.9843959e-02;1.8250000e+02;4.8391327e-02;1.8250000e+02;4.4617048e-03;1.8250000e+02;1.8464126e-02;1.8250000e+02;3.7250720e-02;1.8250000e+02;6.1614320e-02;1.8250000e+02;9.0498909e-02;1.8250000e+02;1.2102748e-01;1.8250000e+02;1.5411951e-01;1.8250000e+02;1.8793827e-01;1.8250000e+02;2.2674042e-01;1.8250000e+02;2.6205325e-01;1.8250000e+02;2.8440914e-01;1.8250000e+02;2.8613436e-01;1.8250000e+02;2.6800376e-01;1.8250000e+02;2.3317428e-01;1.8250000e+02;1.8880139e-01;1.8250000e+02;1.3735679e-01;1.8250000e+02;8.9843959e-02;1.8250000e+02;4.8391327e-02;1.8250000e+02;4.4617048e-03;1.8250000e+02;1.8464126e-02;1.8250000e+02;3.7250720e-02;1.8250000e+02;6.1614320e-02;1.8250000e+02;9.0498909e-02;1.8250000e+02;1.2102748e-01;1.8250000e+02;1.5411951e-01;1.8250000e+02;1.8793827e-01;1.8250000e+02;2.2674042e-01;1.8250000e+02;2.6205325e-01;1.8250000e+02;2.8440914e-01;1.8250000e+02;2.8613436e-01;1.8250000e+02;2.6800376e-01;1.8250000e+02;2.3317428e-01;1.8250000e+02;1.8880139e-01;1.8250000e+02;1.3735679e-01;1.8250000e+02;8.9843959e-02;1.8250000e+02;4.8391327e-02;1.8250000e+02;4.4617048e-03;1.8250000e+02;1.8464126e-02;1.8250000e+02;3.7250720e-02;1.8250000e+02;6.1614320e-02;1.8250000e+02;9.0498909e-02;1.8250000e+02;1.2102748e-01;1.8250000e+02;1.5411951e-01;1.8250000e+02;1.8793827e-01;1.8250000e+02;2.2674042e-01;1.8250000e+02;2.6205325e-01;1.8250000e+02;2.8440914e-01;1.8250000e+02;2.8613436e-01;1.8250000e+02;2.6800376e-01;1.8250000e+02;2.3317428e-01;1.8250000e+02;1.8880139e-01;1.8250000e+02;1.3735679e-01;1.8250000e+02;8.9843959e-02;1.8250000e+02;4.8391327e-02;1.8250000e+02;4.4617048e-03;1.8250000e+02;1.8464126e-02;1.8250000e+02;3.7250720e-02;1.8250000e+02;6.1614320e-02;1.8250000e+02;9.0498909e-02;1.8250000e+02;1.2102748e-01;1.8250000e+02;1.5411951e-01;1.8250000e+02;1.8793827e-01;1.8250000e+02;2.2674042e-01;1.8250000e+02;2.6205325e-01;1.8250000e+02;2.8440914e-01;1.8250000e+02;2.8613436e-01;1.8250000e+02;2.6800376e-01;1.8250000e+02;2.3317428e-01;1.8250000e+02;1.8880139e-01;1.8250000e+02;1.3735679e-01;1.8250000e+02;8.9843959e-02;1.8250000e+02;4.8391327e-02;1.8250000e+02;4.4617048e-03;1.8250000e+02;1.8464126e-02;1.8250000e+02;3.7250720e-02;1.8250000e+02;6.1614320e-02;1.8250000e+02;9.0498909e-02;1.8250000e+02;1.2102748e-01;1.8250000e+02;1.5411951e-01;1.8250000e+02;1.8793827e-01;1.8250000e+02;2.2674042e-01;1.8250000e+02;2.6205325e-01;1.8250000e+02;2.8440914e-01;1.8250000e+02;2.8613436e-01;1.8250000e+02;2.6800376e-01;1.8250000e+02;2.3317428e-01;1.8250000e+02;1.8880139e-01;1.8250000e+02;1.3735679e-01;1.8250000e+02;8.9843959e-02;1.8250000e+02;4.8391327e-02;1.8250000e+02;4.4617048e-03;1.8250000e+02;1.8464126e-02;1.8250000e+02;3.7250720e-02;1.8250000e+02;6.1614320e-02;1.8250000e+02;9.0498909e-02;1.8250000e+02;1.2102748e-01;1.8250000e+02;1.5411951e-01;1.8250000e+02;1.8793827e-01;1.8250000e+02;2.2674042e-01;1.8250000e+02;2.6205325e-01;1.8250000e+02;2.8440914e-01;1.8250000e+02;2.8613436e-01;1.8250000e+02;2.6800376e-01;1.8250000e+02;2.3317428e-01;1.8250000e+02;1.8880139e-01;1.8250000e+02;1.3735679e-01;1.8250000e+02;8.9843959e-02;1.8250000e+02;4.8391327e-02;1.8250000e+02;4.4617048e-03;1.8250000e+02;1.8464126e-02;1.8250000e+02;3.7250720e-02;1.8250000e+02;6.1614320e-02;1.8250000e+02;9.0498909e-02;1.8250000e+02;1.2102748e-01;1.8250000e+02;1.5411951e-01;1.8250000e+02;1.8793827e-01;1.8250000e+02;2.2674042e-01;1.8250000e+02;2.6205325e-01;1.8250000e+02;2.8440914e-01;1.8250000e+02;2.8613436e-01;1.8250000e+02;2.6800376e-01;1.8250000e+02;2.3317428e-01;1.8250000e+02;1.8880139e-01;1.8250000e+02;1.3735679e-01;1.8250000e+02;8.9843959e-02;1.8250000e+02;4.8391327e-02;1.8250000e+02;4.4617048e-03;1.8250000e+02;1.8464126e-02;1.8250000e+02;3.7250720e-02;1.8250000e+02;6.1614320e-02;1.8250000e+02;9.0498909e-02;1.8250000e+02;1.2102748e-01;1.8250000e+02;1.5411951e-01;1.8250000e+02;1.8793827e-01;1.8250000e+02;2.2674042e-01;1.8250000e+02;2.6205325e-01;1.8250000e+02;2.8440914e-01;1.8250000e+02;2.8613436e-01;1.8250000e+02;2.6800376e-01;1.8250000e+02;2.3317428e-01;1.8250000e+02;1.8880139e-01;1.8250000e+02;1.3735679e-01;1.8250000e+02;8.9843959e-02;1.8250000e+02;4.8391327e-02;1.8250000e+02;4.4617048e-03;1.8250000e+02;1.8464126e-02;1.8250000e+02;3.7250720e-02;1.8250000e+02;6.1614320e-02;1.8250000e+02;9.0498909e-02;1.8250000e+02;1.2102748e-01;1.8250000e+02;1.5411951e-01;1.8250000e+02;1.8793827e-01;1.8250000e+02;2.2674042e-01;1.8250000e+02;2.6205325e-01;1.8250000e+02;2.8440914e-01;1.8250000e+02;2.8613436e-01;1.8250000e+02;2.6800376e-01;1.8250000e+02;2.3317428e-01;1.8250000e+02;1.8880139e-01;1.8250000e+02;1.3735679e-01;1.8250000e+02;8.9843959e-02;1.8250000e+02;4.8391327e-02;1.8250000e+02;4.4617048e-03;1.8250000e+02;1.8464126e-02;1.8250000e+02;3.7250720e-02;1.8250000e+02;6.1614320e-02;1.8250000e+02;9.0498909e-02;1.8250000e+02;1.2102748e-01;1.8250000e+02;1.5411951e-01;1.8250000e+02;1.8793827e-01;1.8250000e+02;2.2674042e-01;1.8250000e+02;2.6205325e-01;1.8250000e+02;2.8440914e-01;1.8250000e+02;2.8613436e-01;1.8250000e+02;2.6800376e-01;1.8250000e+02;2.3317428e-01;1.8250000e+02;1.8880139e-01;1.8250000e+02;1.3735679e-01;1.8250000e+02;8.9843959e-02;1.8250000e+02;4.8391327e-02;1.8250000e+02;4.4617048e-03;1.8250000e+02;1.8464126e-02;1.8250000e+02;3.7250720e-02;1.8250000e+02;6.1614320e-02;1.8250000e+02;9.0498909e-02;1.8250000e+02;1.2102748e-01;1.8250000e+02;1.5411951e-01;1.8250000e+02;1.8793827e-01;1.8250000e+02;2.2674042e-01;1.8250000e+02;2.6205325e-01;1.8250000e+02;2.8440914e-01;1.8250000e+02;2.8613436e-01;1.8250000e+02;2.6800376e-01;1.8250000e+02;2.3317428e-01;1.8250000e+02;1.8880139e-01;1.8250000e+02;1.3735679e-01;1.8250000e+02;8.9843959e-02;1.8250000e+02;4.8391327e-02;1.8250000e+02;4.4617048e-03;1.8250000e+02;1.8464126e-02;1.8250000e+02;3.7250720e-02;1.8250000e+02;6.1614320e-02;1.8250000e+02;9.0498909e-02;1.8250000e+02;1.2102748e-01;1.8250000e+02;1.5411951e-01;1.8250000e+02;1.8793827e-01;1.8250000e+02;2.2674042e-01;1.8250000e+02;2.6205325e-01;1.8250000e+02;2.8440914e-01;1.8250000e+02;2.8613436e-01;1.8250000e+02;2.6800376e-01;1.8250000e+02;2.3317428e-01;1.8250000e+02;1.8880139e-01;1.8250000e+02;1.3735679e-01;1.8250000e+02;8.9843959e-02;1.8250000e+02;4.8391327e-02;1.8250000e+02;4.4617048e-03;1.8250000e+02;1.8464126e-02;1.8250000e+02;3.7250720e-02;1.8250000e+02;6.1614320e-02;1.8250000e+02;9.0498909e-02;1.8250000e+02;1.2102748e-01;1.8250000e+02;1.5411951e-01;1.8250000e+02;1.8793827e-01;1.8250000e+02;2.2674042e-01;1.8250000e+02;2.6205325e-01;1.8250000e+02;2.8440914e-01;1.8250000e+02;2.8613436e-01;1.8250000e+02;2.6800376e-01;1.8250000e+02;2.3317428e-01;1.8250000e+02;1.8880139e-01;1.8250000e+02;1.3735679e-01;1.8250000e+02;8.9843959e-02;1.8250000e+02;4.8391327e-02;1.8250000e+02;4.4617048e-03;1.8250000e+02;1.8464126e-02;1.8250000e+02;3.7250720e-02;1.8250000e+02;6.1614320e-02;1.8250000e+02;9.0498909e-02;1.8250000e+02;1.2102748e-01;1.8250000e+02;1.5411951e-01;1.8250000e+02;1.8793827e-01;1.8250000e+02;2.2674042e-01;1.8250000e+02;2.6205325e-01;1.8250000e+02;2.8440914e-01;1.8250000e+02;2.8613436e-01;1.8250000e+02;2.6800376e-01;1.8250000e+02;2.3317428e-01;1.8250000e+02;1.8880139e-01;1.8250000e+02;1.3735679e-01;1.8250000e+02;8.9843959e-02;1.8250000e+02;4.8391327e-02;1.8250000e+02;4.4617048e-03;1.8250000e+02;1.8464126e-02;1.8250000e+02;3.7250720e-02;1.8250000e+02;6.1614320e-02;1.8250000e+02;9.0498909e-02;1.8250000e+02;1.2102748e-01;1.8250000e+02;1.5411951e-01;1.8250000e+02;1.8793827e-01;1.8250000e+02;2.2674042e-01;1.8250000e+02;2.6205325e-01;1.8250000e+02;2.8440914e-01;1.8250000e+02;2.8613436e-01;1.8250000e+02;2.6800376e-01;1.8250000e+02;2.3317428e-01;1.8250000e+02;1.8880139e-01;1.8250000e+02;1.3735679e-01;1.8250000e+02;8.9843959e-02;1.8250000e+02;4.8391327e-02;1.8250000e+02;4.4617048e-03;1.8250000e+02;1.8464126e-02;1.8250000e+02;3.7250720e-02;1.8250000e+02;6.1614320e-02;1.8250000e+02;9.0498909e-02;1.8250000e+02;1.2102748e-01;1.8250000e+02;1.5411951e-01;1.8250000e+02;1.8793827e-01;1.8250000e+02;2.2674042e-01;1.8250000e+02;2.6205325e-01;1.8250000e+02;2.8440914e-01;1.8250000e+02;2.8613436e-01;1.8250000e+02;2.6800376e-01;1.8250000e+02;2.3317428e-01;1.8250000e+02;1.8880139e-01;1.8250000e+02;1.3735679e-01;1.8250000e+02;8.9843959e-02;1.8250000e+02;4.8391327e-02;1.8250000e+02;4.4617048e-03;1.8250000e+02;1.8464126e-02;1.8250000e+02;3.7250720e-02;1.8250000e+02;6.1614320e-02;1.8250000e+02;9.0498909e-02;1.8250000e+02;1.2102748e-01;1.8250000e+02;1.5411951e-01;1.8250000e+02;1.8793827e-01;1.8250000e+02;2.2674042e-01;1.8250000e+02;2.6205325e-01;1.8250000e+02;2.8440914e-01;1.8250000e+02;2.8613436e-01;1.8250000e+02;2.6800376e-01;1.8250000e+02;2.3317428e-01;1.8250000e+02;1.8880139e-01;1.8250000e+02;1.3735679e-01;1.8250000e+02;8.9843959e-02;1.8250000e+02;4.8391327e-02;1.8250000e+02;4.4617048e-03;1.8250000e+02;1.8464126e-02;1.8250000e+02;3.7250720e-02;1.8250000e+02;6.1614320e-02;1.8250000e+02;9.0498909e-02;1.8250000e+02;1.2102748e-01;1.8250000e+02;1.5411951e-01;1.8250000e+02;1.8793827e-01;1.8250000e+02;2.2674042e-01;1.8250000e+02;2.6205325e-01;1.8250000e+02;2.8440914e-01;1.8250000e+02;2.8613436e-01;1.8250000e+02;2.6800376e-01;1.8250000e+02;2.3317428e-01;1.8250000e+02;1.8880139e-01;1.8250000e+02;1.3735679e-01;1.8250000e+02;8.9843959e-02;1.8250000e+02;4.8391327e-02;1.8250000e+02;4.4617048e-03;1.8250000e+02;1.8464126e-02;1.8250000e+02;3.7250720e-02;1.8250000e+02;6.1614320e-02;1.8250000e+02;9.0498909e-02;1.8250000e+02;1.2102748e-01;1.8250000e+02;1.5411951e-01;1.8250000e+02;1.8793827e-01;1.8250000e+02;2.2674042e-01;1.8250000e+02;2.6205325e-01;1.8250000e+02;2.8440914e-01;1.8250000e+02;2.8613436e-01;1.8250000e+02;2.6800376e-01;1.8250000e+02;2.3317428e-01;1.8250000e+02;1.8880139e-01;1.8250000e+02;1.3735679e-01;1.8250000e+02;8.9843959e-02;1.8250000e+02;4.8391327e-02;1.8250000e+02;4.4617048e-03;1.8250000e+02;1.8464126e-02;1.8250000e+02;3.7250720e-02;1.8250000e+02;6.1614320e-02;1.8250000e+02;9.0498909e-02;1.8250000e+02;1.2102748e-01;1.8250000e+02;1.5411951e-01;1.8250000e+02;1.8793827e-01;1.8250000e+02;2.2674042e-01;1.8250000e+02;2.6205325e-01;1.8250000e+02;2.8440914e-01;1.8250000e+02;2.8613436e-01;1.8250000e+02;2.6800376e-01;1.8250000e+02;2.3317428e-01;1.8250000e+02;1.8880139e-01;1.8250000e+02;1.3735679e-01;1.8250000e+02;8.9843959e-02;1.8250000e+02;4.8391327e-02;1.8250000e+02;4.4617048e-03;1.8250000e+02;1.8464126e-02;1.8250000e+02;3.7250720e-02;1.8250000e+02;6.1614320e-02;1.8250000e+02;9.0498909e-02;1.8250000e+02;1.2102748e-01;1.8250000e+02;1.5411951e-01;1.8250000e+02;1.8793827e-01;1.8250000e+02;2.2674042e-01;1.8250000e+02;2.6205325e-01;1.8250000e+02;2.8440914e-01;1.8250000e+02;2.8613436e-01;1.8250000e+02;2.6800376e-01;1.8250000e+02;2.3317428e-01;1.8250000e+02;1.8880139e-01;1.8250000e+02;1.3735679e-01;1.8250000e+02;8.9843959e-02;1.8250000e+02;4.8391327e-02;1.8250000e+02;4.4617048e-03;1.8250000e+02;1.8464126e-02;1.8250000e+02;3.7250720e-02;1.8250000e+02;6.1614320e-02;1.8250000e+02;9.0498909e-02;1.8250000e+02;1.2102748e-01;1.8250000e+02;1.5411951e-01;1.8250000e+02;1.8793827e-01;1.8250000e+02;2.2674042e-01;1.8250000e+02;2.6205325e-01;1.8250000e+02;2.8440914e-01;1.8250000e+02;2.8613436e-01;1.8250000e+02;2.6800376e-01;1.8250000e+02;2.3317428e-01;1.8250000e+02;1.8880139e-01;1.8250000e+02;1.3735679e-01;1.8250000e+02;8.9843959e-02;1.8250000e+02;4.8391327e-02;1.8250000e+02;4.4617048e-03;1.8250000e+02;1.8464126e-02;1.8250000e+02;3.7250720e-02;1.8250000e+02;6.1614320e-02;1.8250000e+02;9.0498909e-02;1.8250000e+02;1.2102748e-01;1.8250000e+02;1.5411951e-01;1.8250000e+02;1.8793827e-01;1.8250000e+02;2.2674042e-01;1.8250000e+02;2.6205325e-01;1.8250000e+02;2.8440914e-01;1.8250000e+02;2.8613436e-01;1.8250000e+02;2.6800376e-01;1.8250000e+02;2.3317428e-01;1.8250000e+02;1.8880139e-01;1.8250000e+02;1.3735679e-01;1.8250000e+02;8.9843959e-02;1.8250000e+02;4.8391327e-02;1.8250000e+02;4.4617048e-03;1.8250000e+02;1.8464126e-02;1.8250000e+02;3.7250720e-02;1.8250000e+02;6.1614320e-02;1.8250000e+02;9.0498909e-02;1.8250000e+02;1.2102748e-01;1.8250000e+02;1.5411951e-01;1.8250000e+02;1.8793827e-01;1.8250000e+02;2.2674042e-01;1.8250000e+02;2.6205325e-01;1.8250000e+02;2.8440914e-01;1.8250000e+02;2.8613436e-01;1.8250000e+02;2.6800376e-01;1.8250000e+02;2.3317428e-01;1.8250000e+02;1.8880139e-01;1.8250000e+02;1.3735679e-01;1.8250000e+02;8.9843959e-02;1.8250000e+02;4.8391327e-02;1.8250000e+02;4.4617048e-03;1.8250000e+02;1.8464126e-02;1.8250000e+02;3.7250720e-02;1.8250000e+02;6.1614320e-02;1.8250000e+02;9.0498909e-02;1.8250000e+02;1.2102748e-01;1.8250000e+02;1.5411951e-01;1.8250000e+02;1.8793827e-01;1.8250000e+02;2.2674042e-01;1.8250000e+02;2.6205325e-01;1.8250000e+02;2.8440914e-01;1.8250000e+02;2.8613436e-01;1.8250000e+02;2.6800376e-01;1.8250000e+02;2.3317428e-01;1.8250000e+02;1.8880139e-01;1.8250000e+02;1.3735679e-01;1.8250000e+02;8.9843959e-02;1.8250000e+02;4.8391327e-02;1.8250000e+02;4.4617048e-03;1.8250000e+02;1.8464126e-02;1.8250000e+02;3.7250720e-02;1.8250000e+02;6.1614320e-02;1.8250000e+02;9.0498909e-02;1.8250000e+02;1.2102748e-01;1.8250000e+02;1.5411951e-01;1.8250000e+02;1.8793827e-01;1.8250000e+02;2.2674042e-01;1.8250000e+02;2.6205325e-01;1.8250000e+02;2.8440914e-01;1.8250000e+02;2.8613436e-01;1.8250000e+02;2.6800376e-01;1.8250000e+02;2.3317428e-01;1.8250000e+02;1.8880139e-01;1.8250000e+02;1.3735679e-01;1.8250000e+02;8.9843959e-02;1.8250000e+02;4.8391327e-02;1.8250000e+02;4.4617048e-03;1.8250000e+02;1.8464126e-02;1.8250000e+02;3.7250720e-02;1.8250000e+02;6.1614320e-02;1.8250000e+02;9.0498909e-02;1.8250000e+02;1.2102748e-01;1.8250000e+02;1.5411951e-01;1.8250000e+02;1.8793827e-01;1.8250000e+02;2.2674042e-01;1.8250000e+02;2.6205325e-01;1.8250000e+02;2.8440914e-01;1.8250000e+02;2.8613436e-01;1.8250000e+02;2.6800376e-01;1.8250000e+02;2.3317428e-01;1.8250000e+02;1.8880139e-01;1.8250000e+02;1.3735679e-01;1.8250000e+02;8.9843959e-02;1.8250000e+02;4.8391327e-02;1.8250000e+02;4.4617048e-03;1.8250000e+02;1.8464126e-02;1.8250000e+02;3.7250720e-02;1.8250000e+02;6.1614320e-02;1.8250000e+02;9.0498909e-02;1.8250000e+02;1.2102748e-01;1.8250000e+02;1.5411951e-01;1.8250000e+02;1.8793827e-01;1.8250000e+02;2.2674042e-01;1.8250000e+02;2.6205325e-01;1.8250000e+02;2.8440914e-01;1.8250000e+02;2.8613436e-01;1.8250000e+02;2.6800376e-01;1.8250000e+02;2.3317428e-01;1.8250000e+02;1.8880139e-01;1.8250000e+02;1.3735679e-01;1.8250000e+02;8.9843959e-02;1.8250000e+02;4.8391327e-02;1.8250000e+02;4.4617048e-03;1.8250000e+02;1.8464126e-02;1.8250000e+02;3.7250720e-02;1.8250000e+02;6.1614320e-02;1.8250000e+02;9.0498909e-02;1.8250000e+02;1.2102748e-01;1.8250000e+02;1.5411951e-01;1.8250000e+02;1.8793827e-01;1.8250000e+02;2.2674042e-01;1.8250000e+02;2.6205325e-01;1.8250000e+02;2.8440914e-01;1.8250000e+02;2.8613436e-01;1.8250000e+02;2.6800376e-01;1.8250000e+02;2.3317428e-01;1.8250000e+02;1.8880139e-01;1.8250000e+02;1.3735679e-01;1.8250000e+02;8.9843959e-02;1.8250000e+02;4.8391327e-02;1.8250000e+02;4.4617048e-03;1.8250000e+02;1.8464126e-02;1.8250000e+02;3.7250720e-02;1.8250000e+02;6.1614320e-02;1.8250000e+02;9.0498909e-02;1.8250000e+02;1.2102748e-01;1.8250000e+02;1.5411951e-01;1.8250000e+02;1.8793827e-01;1.8250000e+02;2.2674042e-01;1.8250000e+02;2.6205325e-01;1.8250000e+02;2.8440914e-01;1.8250000e+02;2.8613436e-01;1.8250000e+02;2.6800376e-01;1.8250000e+02;2.3317428e-01;1.8250000e+02;1.8880139e-01;1.8250000e+02;1.3735679e-01;1.8250000e+02;8.9843959e-02;1.8250000e+02;4.8391327e-02;1.8250000e+02;4.4617048e-03;1.8250000e+02;1.8464126e-02;1.8250000e+02;3.7250720e-02;1.8250000e+02;6.1614320e-02;1.8250000e+02;9.0498909e-02;1.8250000e+02;1.2102748e-01;1.8250000e+02;1.5411951e-01;1.8250000e+02;1.8793827e-01;1.8250000e+02;2.2674042e-01;1.8250000e+02;2.6205325e-01;1.8250000e+02;2.8440914e-01;1.8250000e+02;2.8613436e-01;1.8250000e+02;2.6800376e-01;1.8250000e+02;2.3317428e-01;1.8250000e+02;1.8880139e-01;1.8250000e+02;1.3735679e-01;1.8250000e+02;8.9843959e-02;1.8250000e+02;4.8391327e-02;1.8250000e+02;4.4617048e-03;1.8250000e+02;1.8464126e-02;1.8250000e+02;3.7250720e-02;1.8250000e+02;6.1614320e-02;1.8250000e+02;9.0498909e-02;1.8250000e+02;1.2102748e-01;1.8250000e+02;1.5411951e-01;1.8250000e+02;1.8793827e-01;1.8250000e+02;2.2674042e-01;1.8250000e+02;2.6205325e-01;1.8250000e+02;2.8440914e-01;1.8250000e+02;2.8613436e-01;1.8250000e+02;2.6800376e-01;1.8250000e+02;2.3317428e-01;1.8250000e+02;1.8880139e-01;1.8250000e+02;1.3735679e-01;1.8250000e+02;8.9843959e-02;1.8250000e+02;4.8391327e-02;1.8250000e+02;4.4617048e-03;1.8250000e+02;1.8464126e-02;1.8250000e+02;3.7250720e-02;1.8250000e+02;6.1614320e-02;1.8250000e+02;9.0498909e-02;1.8250000e+02;1.2102748e-01;1.8250000e+02;1.5411951e-01;1.8250000e+02;1.8793827e-01;1.8250000e+02;2.2674042e-01;1.8250000e+02;2.6205325e-01;1.8250000e+02;2.8440914e-01;1.8250000e+02;2.8613436e-01;1.8250000e+02;2.6800376e-01;1.8250000e+02;2.3317428e-01;1.8250000e+02;1.8880139e-01;1.8250000e+02;1.3735679e-01;1.8250000e+02;8.9843959e-02;1.8250000e+02;4.8391327e-02;1.8250000e+02;4.4617048e-03;1.8250000e+02;1.8464126e-02;1.8250000e+02;3.7250720e-02;1.8250000e+02;6.1614320e-02;1.8250000e+02;9.0498909e-02;1.8250000e+02;1.2102748e-01;1.8250000e+02;1.5411951e-01;1.8250000e+02;1.8793827e-01;1.8250000e+02;2.2674042e-01;1.8250000e+02;2.6205325e-01;1.8250000e+02;2.8440914e-01;1.8250000e+02;2.8613436e-01;1.8250000e+02;2.6800376e-01;1.8250000e+02;2.3317428e-01;1.8250000e+02;1.8880139e-01;1.8250000e+02;1.3735679e-01;1.8250000e+02;8.9843959e-02;1.8250000e+02;4.8391327e-02;1.8250000e+02;4.4617048e-03;1.8250000e+02;1.8464126e-02;1.8250000e+02;3.7250720e-02;1.8250000e+02;6.1614320e-02;1.8250000e+02;9.0498909e-02;1.8250000e+02;1.2102748e-01;1.8250000e+02;1.5411951e-01;1.8250000e+02;1.8793827e-01;1.8250000e+02;2.2674042e-01;1.8250000e+02;2.6205325e-01;1.8250000e+02;2.8440914e-01;1.8250000e+02;2.8613436e-01;1.8250000e+02;2.6800376e-01;1.8250000e+02;2.3317428e-01;1.8250000e+02;1.8880139e-01;1.8250000e+02;1.3735679e-01;1.8250000e+02;8.9843959e-02;1.8250000e+02;4.8391327e-02;1.8250000e+02;4.4617048e-03;1.8250000e+02;1.8464126e-02;1.8250000e+02;3.7250720e-02;1.8250000e+02;6.1614320e-02;1.8250000e+02;9.0498909e-02;1.8250000e+02;1.2102748e-01;1.8250000e+02;1.5411951e-01;1.8250000e+02;1.8793827e-01;1.8250000e+02;2.2674042e-01;1.8250000e+02;2.6205325e-01;1.8250000e+02;2.8440914e-01;1.8250000e+02;2.8613436e-01;1.8250000e+02;2.6800376e-01;1.8250000e+02;2.3317428e-01;1.8250000e+02;1.8880139e-01;1.8250000e+02;1.3735679e-01;1.8250000e+02;8.9843959e-02;1.8250000e+02;4.8391327e-02;1.8250000e+02;4.4617048e-03;1.8250000e+02;1.8464126e-02;1.8250000e+02;3.7250720e-02;1.8250000e+02;6.1614320e-02;1.8250000e+02;9.0498909e-02;1.8250000e+02;1.2102748e-01;1.8250000e+02;1.5411951e-01;1.8250000e+02;1.8793827e-01;1.8250000e+02;2.2674042e-01;1.8250000e+02;2.6205325e-01;1.8250000e+02;2.8440914e-01;1.8250000e+02;2.8613436e-01;1.8250000e+02;2.6800376e-01;1.8250000e+02;2.3317428e-01;1.8250000e+02;1.8880139e-01;1.8250000e+02;1.3735679e-01;1.8250000e+02;8.9843959e-02;1.8250000e+02;4.8391327e-02;1.8250000e+02;4.4617048e-03;1.8250000e+02;1.8464126e-02;1.8250000e+02;3.7250720e-02;1.8250000e+02;6.1614320e-02;1.8250000e+02;9.0498909e-02;1.8250000e+02;1.2102748e-01;1.8250000e+02;1.5411951e-01;1.8250000e+02;1.8793827e-01;1.8250000e+02;2.2674042e-01;1.8250000e+02;2.6205325e-01;1.8250000e+02;2.8440914e-01;1.8250000e+02;2.8613436e-01;1.8250000e+02;2.6800376e-01;1.8250000e+02;2.3317428e-01;1.8250000e+02;1.8880139e-01;1.8250000e+02;1.3735679e-01;1.8250000e+02;8.9843959e-02;1.8250000e+02;4.8391327e-02;1.8250000e+02;4.4617048e-03;1.8250000e+02;1.8464126e-02;1.8250000e+02;3.7250720e-02;1.8250000e+02;6.1614320e-02;1.8250000e+02;9.0498909e-02;1.8250000e+02;1.2102748e-01;1.8250000e+02;1.5411951e-01;1.8250000e+02;1.8793827e-01;1.8250000e+02;2.2674042e-01;1.8250000e+02;2.6205325e-01;1.8250000e+02;2.8440914e-01;1.8250000e+02;2.8613436e-01;1.8250000e+02;2.6800376e-01;1.8250000e+02;2.3317428e-01;1.8250000e+02;1.8880139e-01;1.8250000e+02;1.3735679e-01;1.8250000e+02;8.9843959e-02;1.8250000e+02;4.8391327e-02;1.8250000e+02;4.4617048e-03;1.8250000e+02;1.8464126e-02;1.8250000e+02;3.7250720e-02;1.8250000e+02;6.1614320e-02;1.8250000e+02;9.0498909e-02;1.8250000e+02;1.2102748e-01;1.8250000e+02;1.5411951e-01;1.8250000e+02;1.8793827e-01;1.8250000e+02;2.2674042e-01;1.8250000e+02;2.6205325e-01;1.8250000e+02;2.8440914e-01;1.8250000e+02;2.8613436e-01;1.8250000e+02;2.6800376e-01;1.8250000e+02;2.3317428e-01;1.8250000e+02;1.8880139e-01;1.8250000e+02;1.3735679e-01;1.8250000e+02;8.9843959e-02;1.8250000e+02;4.8391327e-02;1.8250000e+02;4.4617048e-03;1.8250000e+02;1.8464126e-02;1.8250000e+02;3.7250720e-02;1.8250000e+02;6.1614320e-02;1.8250000e+02;9.0498909e-02;1.8250000e+02;1.2102748e-01;1.8250000e+02;1.5411951e-01;1.8250000e+02;1.8793827e-01;1.8250000e+02;2.2674042e-01;1.8250000e+02;2.6205325e-01;1.8250000e+02;2.8440914e-01;1.8250000e+02;2.8613436e-01;1.8250000e+02;2.6800376e-01;1.8250000e+02;2.3317428e-01;1.8250000e+02;1.8880139e-01;1.8250000e+02;1.3735679e-01;1.8250000e+02;8.9843959e-02;1.8250000e+02;4.8391327e-02;1.8250000e+02;4.4617048e-03;1.8250000e+02;1.8464126e-02;1.8250000e+02;3.7250720e-02;1.8250000e+02;6.1614320e-02;1.8250000e+02;9.0498909e-02;1.8250000e+02;1.2102748e-01;1.8250000e+02;1.5411951e-01;1.8250000e+02;1.8793827e-01;1.8250000e+02;2.2674042e-01;1.8250000e+02;2.6205325e-01;1.8250000e+02;2.8440914e-01;1.8250000e+02;2.8613436e-01;1.8250000e+02;2.6800376e-01;1.8250000e+02;2.3317428e-01;1.8250000e+02;1.8880139e-01;1.8250000e+02;1.3735679e-01;1.8250000e+02;8.9843959e-02;1.8250000e+02;4.8391327e-02;1.8250000e+02;4.4617048e-03;1.8250000e+02;1.8464126e-02;1.8250000e+02;3.7250720e-02;1.8250000e+02;6.1614320e-02;1.8250000e+02;9.0498909e-02;1.8250000e+02;1.2102748e-01;1.8250000e+02;1.5411951e-01;1.8250000e+02;1.8793827e-01;1.8250000e+02;2.2674042e-01;1.8250000e+02;2.6205325e-01;1.8250000e+02;2.8440914e-01;1.8250000e+02;2.8613436e-01;1.8250000e+02;2.6800376e-01;1.8250000e+02;2.3317428e-01;1.8250000e+02;1.8880139e-01;1.8250000e+02;1.3735679e-01;1.8250000e+02;8.9843959e-02;1.8250000e+02;4.8391327e-02;1.8250000e+02;4.4617048e-03;1.8250000e+02;1.8464126e-02;1.8250000e+02;3.7250720e-02;1.8250000e+02;6.1614320e-02;1.8250000e+02;9.0498909e-02;1.8250000e+02;1.2102748e-01;1.8250000e+02;1.5411951e-01;1.8250000e+02;1.8793827e-01;1.8250000e+02;2.2674042e-01;1.8250000e+02;2.6205325e-01;1.8250000e+02;2.8440914e-01;1.8250000e+02;2.8613436e-01;1.8250000e+02;2.6800376e-01;1.8250000e+02;2.3317428e-01;1.8250000e+02;1.8880139e-01;1.8250000e+02;1.3735679e-01;1.8250000e+02;8.9843959e-02;1.8250000e+02;4.8391327e-02;1.8250000e+02;4.4617048e-03;1.8250000e+02;1.8464126e-02;1.8250000e+02;3.7250720e-02;1.8250000e+02;6.1614320e-02;1.8250000e+02;9.0498909e-02;1.8250000e+02;1.2102748e-01;1.8250000e+02;1.5411951e-01;1.8250000e+02;1.8793827e-01;1.8250000e+02;2.2674042e-01;1.8250000e+02;2.6205325e-01;1.8250000e+02;2.8440914e-01;1.8250000e+02;2.8613436e-01;1.8250000e+02;2.6800376e-01;1.8250000e+02;2.3317428e-01;1.8250000e+02;1.8880139e-01;1.8250000e+02;1.3735679e-01;1.8250000e+02;8.9843959e-02;1.8250000e+02;4.8391327e-02;1.8250000e+02;4.4617048e-03;1.8250000e+02;1.8464126e-02;1.8250000e+02;3.7250720e-02;1.8250000e+02;6.1614320e-02;1.8250000e+02;9.0498909e-02;1.8250000e+02;1.2102748e-01;1.8250000e+02;1.5411951e-01;1.8250000e+02;1.8793827e-01;1.8250000e+02;2.2674042e-01;1.8250000e+02;2.6205325e-01;1.8250000e+02;2.8440914e-01;1.8250000e+02;2.8613436e-01;1.8250000e+02;2.6800376e-01;1.8250000e+02;2.3317428e-01;1.8250000e+02;1.8880139e-01;1.8250000e+02;1.3735679e-01;1.8250000e+02;8.9843959e-02;1.8250000e+02;4.8391327e-02;1.8250000e+02;4.4617048e-03;1.8250000e+02;1.8464126e-02;1.8250000e+02;3.7250720e-02;1.8250000e+02;6.1614320e-02;1.8250000e+02;9.0498909e-02;1.8250000e+02;1.2102748e-01;1.8250000e+02;1.5411951e-01;1.8250000e+02;1.8793827e-01;1.8250000e+02;2.2674042e-01;1.8250000e+02;2.6205325e-01;1.8250000e+02;2.8440914e-01;1.8250000e+02;2.8613436e-01;1.8250000e+02;2.6800376e-01;1.8250000e+02;2.3317428e-01;1.8250000e+02;1.8880139e-01;1.8250000e+02;1.3735679e-01;1.8250000e+02;8.9843959e-02;1.8250000e+02;4.8391327e-02;1.8250000e+02;4.4617048e-03;1.8250000e+02;1.8464126e-02;1.8250000e+02;3.7250720e-02;1.8250000e+02;6.1614320e-02;1.8250000e+02;9.0498909e-02;1.8250000e+02;1.2102748e-01;1.8250000e+02;1.5411951e-01;1.8250000e+02;1.8793827e-01;1.8250000e+02;2.2674042e-01;1.8250000e+02;2.6205325e-01;1.8250000e+02;2.8440914e-01;1.8250000e+02;2.8613436e-01;1.8250000e+02;2.6800376e-01;1.8250000e+02;2.3317428e-01;1.8250000e+02;1.8880139e-01;1.8250000e+02;1.3735679e-01;1.8250000e+02;8.9843959e-02;1.8250000e+02;4.8391327e-02;1.8250000e+02;4.4617048e-03;1.8250000e+02;1.8464126e-02;1.8250000e+02;3.7250720e-02;1.8250000e+02;6.1614320e-02;1.8250000e+02;9.0498909e-02;1.8250000e+02;1.2102748e-01;1.8250000e+02;1.5411951e-01;1.8250000e+02;1.8793827e-01;1.8250000e+02;2.2674042e-01;1.8250000e+02;2.6205325e-01;1.8250000e+02;2.8440914e-01;1.8250000e+02;2.8613436e-01;1.8250000e+02;2.6800376e-01;1.8250000e+02;2.3317428e-01;1.8250000e+02;1.8880139e-01;1.8250000e+02;1.3735679e-01;1.8250000e+02;8.9843959e-02;1.8250000e+02;4.8391327e-02;1.8250000e+02;4.4617048e-03;1.8250000e+02;1.8464126e-02;1.8250000e+02;3.7250720e-02;1.8250000e+02;6.1614320e-02;1.8250000e+02;9.0498909e-02;1.8250000e+02;1.2102748e-01;1.8250000e+02;1.5411951e-01;1.8250000e+02;1.8793827e-01;1.8250000e+02;2.2674042e-01;1.8250000e+02;2.6205325e-01;1.8250000e+02;2.8440914e-01;1.8250000e+02;2.8613436e-01;1.8250000e+02;2.6800376e-01;1.8250000e+02;2.3317428e-01;1.8250000e+02;1.8880139e-01;1.8250000e+02;1.3735679e-01;1.8250000e+02;8.9843959e-02;1.8250000e+02;4.8391327e-02;1.8250000e+02;4.4617048e-03;1.8250000e+02;1.8464126e-02;1.8250000e+02;3.7250720e-02;1.8250000e+02;6.1614320e-02;1.8250000e+02;9.0498909e-02;1.8250000e+02;1.2102748e-01;1.8250000e+02;1.5411951e-01;1.8250000e+02;1.8793827e-01;1.8250000e+02;2.2674042e-01;1.8250000e+02;2.6205325e-01;1.8250000e+02;2.8440914e-01;1.8250000e+02;2.8613436e-01;1.8250000e+02;2.6800376e-01;1.8250000e+02;2.3317428e-01;1.8250000e+02;1.8880139e-01;1.8250000e+02;1.3735679e-01;1.8250000e+02;8.9843959e-02;1.8250000e+02;4.8391327e-02;1.8250000e+02;4.4617048e-03;1.8250000e+02;1.8464126e-02;1.8250000e+02;3.7250720e-02;1.8250000e+02;6.1614320e-02;1.8250000e+02;9.0498909e-02;1.8250000e+02;1.2102748e-01;1.8250000e+02;1.5411951e-01;1.8250000e+02;1.8793827e-01;1.8250000e+02;2.2674042e-01;1.8250000e+02;2.6205325e-01;1.8250000e+02;2.8440914e-01;1.8250000e+02;2.8613436e-01;1.8250000e+02;2.6800376e-01;1.8250000e+02;2.3317428e-01;1.8250000e+02;1.8880139e-01;1.8250000e+02;1.3735679e-01;1.8250000e+02;8.9843959e-02;1.8250000e+02;4.8391327e-02;1.8250000e+02;4.4617048e-03;1.8250000e+02;1.8464126e-02;1.8250000e+02;3.7250720e-02;1.8250000e+02;6.1614320e-02;1.8250000e+02;9.0498909e-02;1.8250000e+02;1.2102748e-01;1.8250000e+02;1.5411951e-01;1.8250000e+02;1.8793827e-01;1.8250000e+02;2.2674042e-01;1.8250000e+02;2.6205325e-01;1.8250000e+02;2.8440914e-01;1.8250000e+02;2.8613436e-01;1.8250000e+02;2.6800376e-01;1.8250000e+02;2.3317428e-01;1.8250000e+02;1.8880139e-01;1.8250000e+02;1.3735679e-01;1.8250000e+02;8.9843959e-02;1.8250000e+02;4.8391327e-02;1.8250000e+02;4.4617048e-03;1.8250000e+02;1.8464126e-02;1.8250000e+02;3.7250720e-02;1.8250000e+02;6.1614320e-02;1.8250000e+02;9.0498909e-02;1.8250000e+02;1.2102748e-01;1.8250000e+02;1.5411951e-01;1.8250000e+02;1.8793827e-01;1.8250000e+02;2.2674042e-01;1.8250000e+02;2.6205325e-01;1.8250000e+02;2.8440914e-01;1.8250000e+02;2.8613436e-01;1.8250000e+02;2.6800376e-01;1.8250000e+02;2.3317428e-01;1.8250000e+02;1.8880139e-01;1.8250000e+02;1.3735679e-01;1.8250000e+02;8.9843959e-02;1.8250000e+02;4.8391327e-02;1.8250000e+02;4.4617048e-03;1.8250000e+02;1.8464126e-02;1.8250000e+02;3.7250720e-02;1.8250000e+02;6.1614320e-02;1.8250000e+02;9.0498909e-02;1.8250000e+02;1.2102748e-01;1.8250000e+02;1.5411951e-01;1.8250000e+02;1.8793827e-01;1.8250000e+02;2.2674042e-01;1.8250000e+02;2.6205325e-01;1.8250000e+02;2.8440914e-01;1.8250000e+02;2.8613436e-01;1.8250000e+02;2.6800376e-01;1.8250000e+02;2.3317428e-01;1.8250000e+02;1.8880139e-01;1.8250000e+02;1.3735679e-01;1.8250000e+02;8.9843959e-02;1.8250000e+02;4.8391327e-02;1.8250000e+02;4.4617048e-03;1.8250000e+02;1.8464126e-02;1.8250000e+02;3.7250720e-02;1.8250000e+02;6.1614320e-02;1.8250000e+02;9.0498909e-02;1.8250000e+02;1.2102748e-01;1.8250000e+02;1.5411951e-01;1.8250000e+02;1.8793827e-01;1.8250000e+02;2.2674042e-01;1.8250000e+02;2.6205325e-01;1.8250000e+02;2.8440914e-01;1.8250000e+02;2.8613436e-01;1.8250000e+02;2.6800376e-01;1.8250000e+02;2.3317428e-01;1.8250000e+02;1.8880139e-01;1.8250000e+02;1.3735679e-01;1.8250000e+02;8.9843959e-02;1.8250000e+02;4.8391327e-02;1.8250000e+02;4.4617048e-03;1.8250000e+02;1.8464126e-02;1.8250000e+02;3.7250720e-02;1.8250000e+02;6.1614320e-02;1.8250000e+02;9.0498909e-02;1.8250000e+02;1.2102748e-01;1.8250000e+02;1.5411951e-01;1.8250000e+02;1.8793827e-01;1.8250000e+02;2.2674042e-01;1.8250000e+02;2.6205325e-01;1.8250000e+02;2.8440914e-01;1.8250000e+02;2.8613436e-01;1.8250000e+02;2.6800376e-01;1.8250000e+02;2.3317428e-01;1.8250000e+02;1.8880139e-01;1.8250000e+02;1.3735679e-01;1.8250000e+02;8.9843959e-02;1.8250000e+02;4.8391327e-02;1.8250000e+02;4.4617048e-03;1.8250000e+02;1.8464126e-02;1.8250000e+02;3.7250720e-02;1.8250000e+02;6.1614320e-02;1.8250000e+02;9.0498909e-02;1.8250000e+02;1.2102748e-01;1.8250000e+02;1.5411951e-01;1.8250000e+02;1.8793827e-01;1.8250000e+02;2.2674042e-01;1.8250000e+02;2.6205325e-01;1.8250000e+02;2.8440914e-01;1.8250000e+02;2.8613436e-01;1.8250000e+02;2.6800376e-01;1.8250000e+02;2.3317428e-01;1.8250000e+02;1.8880139e-01;1.8250000e+02;1.3735679e-01;1.8250000e+02;8.9843959e-02;1.8250000e+02;4.8391327e-02;1.8250000e+02;4.4617048e-03;1.8250000e+02;1.8464126e-02;1.8250000e+02;3.7250720e-02;1.8250000e+02;6.1614320e-02;1.8250000e+02;9.0498909e-02;1.8250000e+02;1.2102748e-01;1.8250000e+02;1.5411951e-01;1.8250000e+02;1.8793827e-01;1.8250000e+02;2.2674042e-01;1.8250000e+02;2.6205325e-01;1.8250000e+02;2.8440914e-01;1.8250000e+02;2.8613436e-01;1.8250000e+02;2.6800376e-01;1.8250000e+02;2.3317428e-01;1.8250000e+02;1.8880139e-01;1.8250000e+02;1.3735679e-01;1.8250000e+02;8.9843959e-02;1.8250000e+02;4.8391327e-02;1.8250000e+02;4.4617048e-03;1.8250000e+02;1.8464126e-02;1.8250000e+02;3.7250720e-02;1.8250000e+02;6.1614320e-02;1.8250000e+02;9.0498909e-02;1.8250000e+02;1.2102748e-01;1.8250000e+02;1.5411951e-01;1.8250000e+02;1.8793827e-01;1.8250000e+02;2.2674042e-01;1.8250000e+02;2.6205325e-01;1.8250000e+02;2.8440914e-01;1.8250000e+02;2.8613436e-01;1.8250000e+02;2.6800376e-01;1.8250000e+02;2.3317428e-01;1.8250000e+02;1.8880139e-01;1.8250000e+02;1.3735679e-01;1.8250000e+02;8.9843959e-02;1.8250000e+02;4.8391327e-02;1.8250000e+02;4.4617048e-03;1.8250000e+02;1.8464126e-02;1.8250000e+02;3.7250720e-02;1.8250000e+02;6.1614320e-02;1.8250000e+02;9.0498909e-02;1.8250000e+02;1.2102748e-01;1.8250000e+02;1.5411951e-01;1.8250000e+02;1.8793827e-01;1.8250000e+02;2.2674042e-01;1.8250000e+02;2.6205325e-01;1.8250000e+02;2.8440914e-01;1.8250000e+02;2.8613436e-01;1.8250000e+02;2.6800376e-01;1.8250000e+02;2.3317428e-01;1.8250000e+02;1.8880139e-01;1.8250000e+02;1.3735679e-01;1.8250000e+02;8.9843959e-02;1.8250000e+02;4.8391327e-02;1.8250000e+02;4.4617048e-03;1.8250000e+02;1.8464126e-02;1.8250000e+02;3.7250720e-02;1.8250000e+02;6.1614320e-02;1.8250000e+02;9.0498909e-02;1.8250000e+02;1.2102748e-01;1.8250000e+02;1.5411951e-01;1.8250000e+02;1.8793827e-01;1.8250000e+02;2.2674042e-01;1.8250000e+02;2.6205325e-01;1.8250000e+02;2.8440914e-01;1.8250000e+02;2.8613436e-01;1.8250000e+02;2.6800376e-01;1.8250000e+02;2.3317428e-01;1.8250000e+02;1.8880139e-01;1.8250000e+02;1.3735679e-01;1.8250000e+02;8.9843959e-02;1.8250000e+02;4.8391327e-02;1.8250000e+02;4.4617048e-03;1.8250000e+02;1.8464126e-02;1.8250000e+02;3.7250720e-02;1.8250000e+02;6.1614320e-02;1.8250000e+02;9.0498909e-02;1.8250000e+02;1.2102748e-01;1.8250000e+02;1.5411951e-01;1.8250000e+02;1.8793827e-01;1.8250000e+02;2.2674042e-01;1.8250000e+02;2.6205325e-01;1.8250000e+02;2.8440914e-01;1.8250000e+02;2.8613436e-01;1.8250000e+02;2.6800376e-01;1.8250000e+02;2.3317428e-01;1.8250000e+02;1.8880139e-01;1.8250000e+02;1.3735679e-01;1.8250000e+02;8.9843959e-02;1.8250000e+02;4.8391327e-02;1.8250000e+02;4.4617048e-03;1.8250000e+02;1.8464126e-02;1.8250000e+02;3.7250720e-02;1.8250000e+02;6.1614320e-02;1.8250000e+02;9.0498909e-02;1.8250000e+02;1.2102748e-01;1.8250000e+02;1.5411951e-01;1.8250000e+02;1.8793827e-01;1.8250000e+02;2.2674042e-01;1.8250000e+02;2.6205325e-01;1.8250000e+02;2.8440914e-01;1.8250000e+02;2.8613436e-01;1.8250000e+02;2.6800376e-01;1.8250000e+02;2.3317428e-01;1.8250000e+02;1.8880139e-01;1.8250000e+02;1.3735679e-01;1.8250000e+02;8.9843959e-02;1.8250000e+02;4.8391327e-02;1.8250000e+02;4.4617048e-03;1.8250000e+02;1.8464126e-02;1.8250000e+02;3.7250720e-02;1.8250000e+02;6.1614320e-02;1.8250000e+02;9.0498909e-02;1.8250000e+02;1.2102748e-01;1.8250000e+02;1.5411951e-01;1.8250000e+02;1.8793827e-01;1.8250000e+02;2.2674042e-01;1.8250000e+02;2.6205325e-01;1.8250000e+02;2.8440914e-01;1.8250000e+02;2.8613436e-01;1.8250000e+02;2.6800376e-01;1.8250000e+02;2.3317428e-01;1.8250000e+02;1.8880139e-01;1.8250000e+02;1.3735679e-01;1.8250000e+02;8.9843959e-02;1.8250000e+02;4.8391327e-02;1.8250000e+02;4.4617048e-03;1.8250000e+02;1.8464126e-02;1.8250000e+02;3.7250720e-02;1.8250000e+02;6.1614320e-02;1.8250000e+02;9.0498909e-02;1.8250000e+02;1.2102748e-01;1.8250000e+02;1.5411951e-01;1.8250000e+02;1.8793827e-01;1.8250000e+02;2.2674042e-01;1.8250000e+02;2.6205325e-01;1.8250000e+02;2.8440914e-01;1.8250000e+02;2.8613436e-01;1.8250000e+02;2.6800376e-01;1.8250000e+02;2.3317428e-01;1.8250000e+02;1.8880139e-01;1.8250000e+02;1.3735679e-01;1.8250000e+02;8.9843959e-02;1.8250000e+02;4.8391327e-02;1.8250000e+02;4.4617048e-03;1.8250000e+02;1.8464126e-02;1.8250000e+02;3.7250720e-02;1.8250000e+02;6.1614320e-02;1.8250000e+02;9.0498909e-02;1.8250000e+02;1.2102748e-01;1.8250000e+02;1.5411951e-01;1.8250000e+02;1.8793827e-01;1.8250000e+02;2.2674042e-01;1.8250000e+02;2.6205325e-01;1.8250000e+02;2.8440914e-01;1.8250000e+02;2.8613436e-01;1.8250000e+02;2.6800376e-01;1.8250000e+02;2.3317428e-01;1.8250000e+02;1.8880139e-01;1.8250000e+02;1.3735679e-01;1.8250000e+02;8.9843959e-02;1.8250000e+02;4.8391327e-02;1.8250000e+02;4.4617048e-03;1.8250000e+02;1.8464126e-02;1.8250000e+02;3.7250720e-02;1.8250000e+02;6.1614320e-02;1.8250000e+02;9.0498909e-02;1.8250000e+02;1.2102748e-01;1.8250000e+02;1.5411951e-01;1.8250000e+02;1.8793827e-01;1.8250000e+02;2.2674042e-01;1.8250000e+02;2.6205325e-01;1.8250000e+02;2.8440914e-01;1.8250000e+02;2.8613436e-01;1.8250000e+02;2.6800376e-01;1.8250000e+02;2.3317428e-01;1.8250000e+02;1.8880139e-01;1.8250000e+02;1.3735679e-01;1.8250000e+02;8.9843959e-02;1.8250000e+02;4.8391327e-02;1.8250000e+02;4.4617048e-03;1.8250000e+02;1.8464126e-02;1.8250000e+02;3.7250720e-02;1.8250000e+02;6.1614320e-02;1.8250000e+02;9.0498909e-02;1.8250000e+02;1.2102748e-01;1.8250000e+02;1.5411951e-01;1.8250000e+02;1.8793827e-01;1.8250000e+02;2.2674042e-01;1.8250000e+02;2.6205325e-01;1.8250000e+02;2.8440914e-01;1.8250000e+02;2.8613436e-01;1.8250000e+02;2.6800376e-01;1.8250000e+02;2.3317428e-01;1.8250000e+02;1.8880139e-01;1.8250000e+02;1.3735679e-01;1.8250000e+02;8.9843959e-02;1.8250000e+02;4.8391327e-02;1.8250000e+02;4.4617048e-03;1.8250000e+02;1.8464126e-02;1.8250000e+02;3.7250720e-02;1.8250000e+02;6.1614320e-02;1.8250000e+02;9.0498909e-02;1.8250000e+02;1.2102748e-01;1.8250000e+02;1.5411951e-01;1.8250000e+02;1.8793827e-01;1.8250000e+02;2.2674042e-01;1.8250000e+02;2.6205325e-01;1.8250000e+02;2.8440914e-01;1.8250000e+02;2.8613436e-01;1.8250000e+02;2.6800376e-01;1.8250000e+02;2.3317428e-01;1.8250000e+02;1.8880139e-01;1.8250000e+02;1.3735679e-01;1.8250000e+02;8.9843959e-02;1.8250000e+02;4.8391327e-02;1.8250000e+02;4.4617048e-03;1.8250000e+02;1.8464126e-02;1.8250000e+02;3.7250720e-02;1.8250000e+02;6.1614320e-02;1.8250000e+02;9.0498909e-02;1.8250000e+02;1.2102748e-01;1.8250000e+02;1.5411951e-01;1.8250000e+02;1.8793827e-01;1.8250000e+02;2.2674042e-01;1.8250000e+02;2.6205325e-01;1.8250000e+02;2.8440914e-01;1.8250000e+02;2.8613436e-01;1.8250000e+02;2.6800376e-01;1.8250000e+02;2.3317428e-01;1.8250000e+02;1.8880139e-01;1.8250000e+02;1.3735679e-01;1.8250000e+02;8.9843959e-02;1.8250000e+02;4.8391327e-02;1.8250000e+02;4.4617048e-03;1.8250000e+02;1.8464126e-02;1.8250000e+02;3.7250720e-02;1.8250000e+02;6.1614320e-02;1.8250000e+02;9.0498909e-02;1.8250000e+02;1.2102748e-01;1.8250000e+02;1.5411951e-01;1.8250000e+02;1.8793827e-01;1.8250000e+02;2.2674042e-01;1.8250000e+02;2.6205325e-01;1.8250000e+02;2.8440914e-01;1.8250000e+02;2.8613436e-01;1.8250000e+02;2.6800376e-01;1.8250000e+02;2.3317428e-01;1.8250000e+02;1.8880139e-01;1.8250000e+02;1.3735679e-01;1.8250000e+02;8.9843959e-02;1.8250000e+02;4.8391327e-02;1.8250000e+02;4.4617048e-03;1.8250000e+02;1.8464126e-02;1.8250000e+02;3.7250720e-02;1.8250000e+02;6.1614320e-02;1.8250000e+02;9.0498909e-02;1.8250000e+02;1.2102748e-01;1.8250000e+02;1.5411951e-01;1.8250000e+02;1.8793827e-01;1.8250000e+02;2.2674042e-01;1.8250000e+02;2.6205325e-01;1.8250000e+02;2.8440914e-01;1.8250000e+02;2.8613436e-01;1.8250000e+02;2.6800376e-01;1.8250000e+02;2.3317428e-01;1.8250000e+02;1.8880139e-01;1.8250000e+02;1.3735679e-01;1.8250000e+02;8.9843959e-02;1.8250000e+02;4.8391327e-02;1.8250000e+02;4.4617048e-03;1.8250000e+02;1.8464126e-02;1.8250000e+02;3.7250720e-02;1.8250000e+02;6.1614320e-02;1.8250000e+02;9.0498909e-02;1.8250000e+02;1.2102748e-01;1.8250000e+02;1.5411951e-01;1.8250000e+02;1.8793827e-01;1.8250000e+02;2.2674042e-01;1.8250000e+02;2.6205325e-01;1.8250000e+02;2.8440914e-01;1.8250000e+02;2.8613436e-01;1.8250000e+02;2.6800376e-01;1.8250000e+02;2.3317428e-01;1.8250000e+02;1.8880139e-01;1.8250000e+02;1.3735679e-01;1.8250000e+02;8.9843959e-02;1.8250000e+02;4.8391327e-02;1.8250000e+02;4.4617048e-03;1.8250000e+02;1.8464126e-02;1.8250000e+02;3.7250720e-02;1.8250000e+02;6.1614320e-02;1.8250000e+02;9.0498909e-02;1.8250000e+02;1.2102748e-01;1.8250000e+02;1.5411951e-01;1.8250000e+02;1.8793827e-01;1.8250000e+02;2.2674042e-01;1.8250000e+02;2.6205325e-01;1.8250000e+02;2.8440914e-01;1.8250000e+02;2.8613436e-01;1.8250000e+02;2.6800376e-01;1.8250000e+02;2.3317428e-01;1.8250000e+02;1.8880139e-01;1.8250000e+02;1.3735679e-01;1.8250000e+02;8.9843959e-02;1.8250000e+02;4.8391327e-02;1.8250000e+02;4.4617048e-03;1.8250000e+02;1.8464126e-02;1.8250000e+02;3.7250720e-02;1.8250000e+02;6.1614320e-02;1.8250000e+02;9.0498909e-02;1.8250000e+02;1.2102748e-01;1.8250000e+02;1.5411951e-01;1.8250000e+02;1.8793827e-01;1.8250000e+02;2.2674042e-01;1.8250000e+02;2.6205325e-01;1.8250000e+02;2.8440914e-01;1.8250000e+02;2.8613436e-01;1.8250000e+02;2.6800376e-01;1.8250000e+02;2.3317428e-01;1.8250000e+02;1.8880139e-01;1.8250000e+02;1.3735679e-01;1.8250000e+02;8.9843959e-02;1.8250000e+02;4.8391327e-02;1.8250000e+02;4.4617048e-03;1.8250000e+02;1.8464126e-02;1.8250000e+02;3.7250720e-02;1.8250000e+02;6.1614320e-02;1.8250000e+02;9.0498909e-02;1.8250000e+02;1.2102748e-01;1.8250000e+02;1.5411951e-01;1.8250000e+02;1.8793827e-01;1.8250000e+02;2.2674042e-01;1.8250000e+02;2.6205325e-01;1.8250000e+02;2.8440914e-01;1.8250000e+02;2.8613436e-01;1.8250000e+02;2.6800376e-01;1.8250000e+02;2.3317428e-01;1.8250000e+02;1.8880139e-01;1.8250000e+02;1.3735679e-01;1.8250000e+02;8.9843959e-02;1.8250000e+02;4.8391327e-02;1.8250000e+02;4.4617048e-03;1.8250000e+02;1.8464126e-02;1.8250000e+02;3.7250720e-02;1.8250000e+02;6.1614320e-02;1.8250000e+02;9.0498909e-02;1.8250000e+02;1.2102748e-01;1.8250000e+02;1.5411951e-01;1.8250000e+02;1.8793827e-01;1.8250000e+02;2.2674042e-01;1.8250000e+02;2.6205325e-01;1.8250000e+02;2.8440914e-01;1.8250000e+02;2.8613436e-01;1.8250000e+02;2.6800376e-01;1.8250000e+02;2.3317428e-01;1.8250000e+02;1.8880139e-01;1.8250000e+02;1.3735679e-01;1.8250000e+02;8.9843959e-02;1.8250000e+02;4.8391327e-02;1.8250000e+02;4.4617048e-03;1.8250000e+02;1.8464126e-02;1.8250000e+02;3.7250720e-02;1.8250000e+02;6.1614320e-02;1.8250000e+02;9.0498909e-02;1.8250000e+02;1.2102748e-01;1.8250000e+02;1.5411951e-01;1.8250000e+02;1.8793827e-01;1.8250000e+02;2.2674042e-01;1.8250000e+02;2.6205325e-01;1.8250000e+02;2.8440914e-01;1.8250000e+02;2.8613436e-01;1.8250000e+02;2.6800376e-01;1.8250000e+02;2.3317428e-01;1.8250000e+02;1.8880139e-01;1.8250000e+02;1.3735679e-01;1.8250000e+02;8.9843959e-02;1.8250000e+02;4.8391327e-02;1.8250000e+02;4.4617048e-03;1.8250000e+02;1.8464126e-02;1.8250000e+02;3.7250720e-02;1.8250000e+02;6.1614320e-02;1.8250000e+02;9.0498909e-02;1.8250000e+02;1.2102748e-01;1.8250000e+02;1.5411951e-01;1.8250000e+02;1.8793827e-01;1.8250000e+02;2.2674042e-01;1.8250000e+02;2.6205325e-01;1.8250000e+02;2.8440914e-01;1.8250000e+02;2.8613436e-01;1.8250000e+02;2.6800376e-01;1.8250000e+02;2.3317428e-01;1.8250000e+02;1.8880139e-01;1.8250000e+02;1.3735679e-01;1.8250000e+02;8.9843959e-02;1.8250000e+02;4.8391327e-02;1.8250000e+02;4.4617048e-03;1.8250000e+02;1.8464126e-02;1.8250000e+02;3.7250720e-02;1.8250000e+02;6.1614320e-02;1.8250000e+02;9.0498909e-02;1.8250000e+02;1.2102748e-01;1.8250000e+02;1.5411951e-01;1.8250000e+02;1.8793827e-01;1.8250000e+02;2.2674042e-01;1.8250000e+02;2.6205325e-01;1.8250000e+02;2.8440914e-01;1.8250000e+02;2.8613436e-01;1.8250000e+02;2.6800376e-01;1.8250000e+02;2.3317428e-01;1.8250000e+02;1.8880139e-01;1.8250000e+02;1.3735679e-01;1.8250000e+02;8.9843959e-02;1.8250000e+02;4.8391327e-02;1.8250000e+02;4.4617048e-03;1.8250000e+02;1.8464126e-02;1.8250000e+02;3.7250720e-02;1.8250000e+02;6.1614320e-02;1.8250000e+02;9.0498909e-02;1.8250000e+02;1.2102748e-01;1.8250000e+02;1.5411951e-01;1.8250000e+02;1.8793827e-01;1.8250000e+02;2.2674042e-01;1.8250000e+02;2.6205325e-01;1.8250000e+02;2.8440914e-01;1.8250000e+02;2.8613436e-01;1.8250000e+02;2.6800376e-01;1.8250000e+02;2.3317428e-01;1.8250000e+02;1.8880139e-01;1.8250000e+02;1.3735679e-01;1.8250000e+02;8.9843959e-02;1.8250000e+02;4.8391327e-02;1.8250000e+02;4.4617048e-03;1.8250000e+02;1.8464126e-02;1.8250000e+02;3.7250720e-02;1.8250000e+02;6.1614320e-02;1.8250000e+02;9.0498909e-02;1.8250000e+02;1.2102748e-01;1.8250000e+02;1.5411951e-01;1.8250000e+02;1.8793827e-01;1.8250000e+02;2.2674042e-01;1.8250000e+02;2.6205325e-01;1.8250000e+02;2.8440914e-01;1.8250000e+02;2.8613436e-01;1.8250000e+02;2.6800376e-01;1.8250000e+02;2.3317428e-01;1.8250000e+02;1.8880139e-01;1.8250000e+02;1.3735679e-01;1.8250000e+02;8.9843959e-02;1.8250000e+02;4.8391327e-02;1.8250000e+02;4.4617048e-03;1.8250000e+02;1.8464126e-02;1.8250000e+02;3.7250720e-02;1.8250000e+02;6.1614320e-02;1.8250000e+02;9.0498909e-02;1.8250000e+02;1.2102748e-01;1.8250000e+02;1.5411951e-01;1.8250000e+02;1.8793827e-01;1.8250000e+02;2.2674042e-01;1.8250000e+02;2.6205325e-01;1.8250000e+02;2.8440914e-01;1.8250000e+02;2.8613436e-01;1.8250000e+02;2.6800376e-01;1.8250000e+02;2.3317428e-01;1.8250000e+02;1.8880139e-01;1.8250000e+02;1.3735679e-01;1.8250000e+02;8.9843959e-02;1.8250000e+02;4.8391327e-02;1.8250000e+02;4.4617048e-03;1.8250000e+02;1.8464126e-02;1.8250000e+02;3.7250720e-02;1.8250000e+02;6.1614320e-02;1.8250000e+02;9.0498909e-02;1.8250000e+02;1.2102748e-01;1.8250000e+02;1.5411951e-01;1.8250000e+02;1.8793827e-01;1.8250000e+02;2.2674042e-01;1.8250000e+02;2.6205325e-01;1.8250000e+02;2.8440914e-01;1.8250000e+02;2.8613436e-01;1.8250000e+02;2.6800376e-01;1.8250000e+02;2.3317428e-01;1.8250000e+02;1.8880139e-01;1.8250000e+02;1.3735679e-01;1.8250000e+02;8.9843959e-02;1.8250000e+02;4.8391327e-02;1.8250000e+02;4.4617048e-03;1.8250000e+02;1.8464126e-02;1.8250000e+02;3.7250720e-02;1.8250000e+02;6.1614320e-02;1.8250000e+02;9.0498909e-02;1.8250000e+02;1.2102748e-01;1.8250000e+02;1.5411951e-01;1.8250000e+02;1.8793827e-01;1.8250000e+02;2.2674042e-01;1.8250000e+02;2.6205325e-01;1.8250000e+02;2.8440914e-01;1.8250000e+02;2.8613436e-01;1.8250000e+02;2.6800376e-01;1.8250000e+02;2.3317428e-01;1.8250000e+02;1.8880139e-01;1.8250000e+02;1.3735679e-01;1.8250000e+02;8.9843959e-02;1.8250000e+02;4.8391327e-02;1.8250000e+02;4.4617048e-03;1.8250000e+02;1.8464126e-02;1.8250000e+02;3.7250720e-02;1.8250000e+02;6.1614320e-02;1.8250000e+02;9.0498909e-02;1.8250000e+02;1.2102748e-01;1.8250000e+02;1.5411951e-01;1.8250000e+02;1.8793827e-01;1.8250000e+02;2.2674042e-01;1.8250000e+02;2.6205325e-01;1.8250000e+02;2.8440914e-01;1.8250000e+02;2.8613436e-01;1.8250000e+02;2.6800376e-01;1.8250000e+02;2.3317428e-01;1.8250000e+02;1.8880139e-01;1.8250000e+02;1.3735679e-01;1.8250000e+02;8.9843959e-02;1.8250000e+02;4.8391327e-02;1.8250000e+02;4.4617048e-03;1.8250000e+02;1.8464126e-02;1.8250000e+02;3.7250720e-02;1.8250000e+02;6.1614320e-02;1.8250000e+02;9.0498909e-02;1.8250000e+02;1.2102748e-01;1.8250000e+02;1.5411951e-01;1.8250000e+02;1.8793827e-01;1.8250000e+02;2.2674042e-01;1.8250000e+02;2.6205325e-01;1.8250000e+02;2.8440914e-01;1.8250000e+02;2.8613436e-01;1.8250000e+02;2.6800376e-01;1.8250000e+02;2.3317428e-01;1.8250000e+02;1.8880139e-01;1.8250000e+02;1.3735679e-01;1.8250000e+02;8.9843959e-02;1.8250000e+02;4.8391327e-02;1.8250000e+02;4.4617048e-03;1.8250000e+02;1.8464126e-02;1.8250000e+02;3.7250720e-02;1.8250000e+02;6.1614320e-02;1.8250000e+02;9.0498909e-02;1.8250000e+02;1.2102748e-01;1.8250000e+02;1.5411951e-01;1.8250000e+02;1.8793827e-01;1.8250000e+02;2.2674042e-01;1.8250000e+02;2.6205325e-01;1.8250000e+02;2.8440914e-01;1.8250000e+02;2.8613436e-01;1.8250000e+02;2.6800376e-01;1.8250000e+02;2.3317428e-01;1.8250000e+02;1.8880139e-01;1.8250000e+02;1.3735679e-01;1.8250000e+02;8.9843959e-02;1.8250000e+02;4.8391327e-02;1.8250000e+02;4.4617048e-03;1.8250000e+02;1.8464126e-02;1.8250000e+02;3.7250720e-02;1.8250000e+02;6.1614320e-02;1.8250000e+02;9.0498909e-02;1.8250000e+02;1.2102748e-01;1.8250000e+02;1.5411951e-01;1.8250000e+02;1.8793827e-01;1.8250000e+02;2.2674042e-01;1.8250000e+02;2.6205325e-01;1.8250000e+02;2.8440914e-01;1.8250000e+02;2.8613436e-01;1.8250000e+02;2.6800376e-01;1.8250000e+02;2.3317428e-01;1.8250000e+02;1.8880139e-01;1.8250000e+02;1.3735679e-01;1.8250000e+02;8.9843959e-02;1.8250000e+02;4.8391327e-02;1.8250000e+02;4.4617048e-03;1.8250000e+02;1.8464126e-02;1.8250000e+02;3.7250720e-02;1.8250000e+02;6.1614320e-02;1.8250000e+02;9.0498909e-02;1.8250000e+02;1.2102748e-01;1.8250000e+02;1.5411951e-01;1.8250000e+02;1.8793827e-01;1.8250000e+02;2.2674042e-01;1.8250000e+02;2.6205325e-01;1.8250000e+02;2.8440914e-01;1.8250000e+02;2.8613436e-01;1.8250000e+02;2.6800376e-01;1.8250000e+02;2.3317428e-01;1.8250000e+02;1.8880139e-01;1.8250000e+02;1.3735679e-01;1.8250000e+02;8.9843959e-02;1.8250000e+02;4.8391327e-02;1.8250000e+02;4.4617048e-03;1.8250000e+02;1.8464126e-02;1.8250000e+02;3.7250720e-02;1.8250000e+02;6.1614320e-02;1.8250000e+02;9.0498909e-02;1.8250000e+02;1.2102748e-01;1.8250000e+02;1.5411951e-01;1.8250000e+02;1.8793827e-01;1.8250000e+02;2.2674042e-01;1.8250000e+02;2.6205325e-01;1.8250000e+02;2.8440914e-01;1.8250000e+02;2.8613436e-01;1.8250000e+02;2.6800376e-01;1.8250000e+02;2.3317428e-01;1.8250000e+02;1.8880139e-01;1.8250000e+02;1.3735679e-01;1.8250000e+02;8.9843959e-02;1.8250000e+02;4.8391327e-02;1.8250000e+02;4.4617048e-03;1.8250000e+02;1.8464126e-02;1.8250000e+02;3.7250720e-02;1.8250000e+02;6.1614320e-02;1.8250000e+02;9.0498909e-02;1.8250000e+02;1.2102748e-01;1.8250000e+02;1.5411951e-01;1.8250000e+02;1.8793827e-01;1.8250000e+02;2.2674042e-01;1.8250000e+02;2.6205325e-01;1.8250000e+02;2.8440914e-01;1.8250000e+02;2.8613436e-01;1.8250000e+02;2.6800376e-01;1.8250000e+02;2.3317428e-01;1.8250000e+02;1.8880139e-01;1.8250000e+02;1.3735679e-01;1.8250000e+02;8.9843959e-02;1.8250000e+02;4.8391327e-02;1.8250000e+02;4.4617048e-03;1.8250000e+02;1.8464126e-02;1.8250000e+02;3.7250720e-02;1.8250000e+02;6.1614320e-02;1.8250000e+02;9.0498909e-02;1.8250000e+02;1.2102748e-01;1.8250000e+02;1.5411951e-01;1.8250000e+02;1.8793827e-01;1.8250000e+02;2.2674042e-01;1.8250000e+02;2.6205325e-01;1.8250000e+02;2.8440914e-01;1.8250000e+02;2.8613436e-01;1.8250000e+02;2.6800376e-01;1.8250000e+02;2.3317428e-01;1.8250000e+02;1.8880139e-01;1.8250000e+02;1.3735679e-01;1.8250000e+02;8.9843959e-02;1.8250000e+02;4.8391327e-02;1.8250000e+02;4.4617048e-03;1.8250000e+02;1.8464126e-02;1.8250000e+02;3.7250720e-02;1.8250000e+02;6.1614320e-02;1.8250000e+02;9.0498909e-02;1.8250000e+02;1.2102748e-01;1.8250000e+02;1.5411951e-01;1.8250000e+02;1.8793827e-01;1.8250000e+02;2.2674042e-01;1.8250000e+02;2.6205325e-01;1.8250000e+02;2.8440914e-01;1.8250000e+02;2.8613436e-01;1.8250000e+02;2.6800376e-01;1.8250000e+02;2.3317428e-01;1.8250000e+02;1.8880139e-01;1.8250000e+02;1.3735679e-01;1.8250000e+02;8.9843959e-02;1.8250000e+02;4.8391327e-02;1.8250000e+02;4.4617048e-03;1.8250000e+02;1.8464126e-02;1.8250000e+02;3.7250720e-02;1.8250000e+02;6.1614320e-02;1.8250000e+02;9.0498909e-02;1.8250000e+02;1.2102748e-01;1.8250000e+02;1.5411951e-01;1.8250000e+02;1.8793827e-01;1.8250000e+02;2.2674042e-01;1.8250000e+02;2.6205325e-01;1.8250000e+02;2.8440914e-01;1.8250000e+02;2.8613436e-01;1.8250000e+02;2.6800376e-01;1.8250000e+02;2.3317428e-01;1.8250000e+02;1.8880139e-01;1.8250000e+02;1.3735679e-01;1.8250000e+02;8.9843959e-02;1.8250000e+02;4.8391327e-02;1.8250000e+02;4.4617048e-03;1.8250000e+02;1.8464126e-02;1.8250000e+02;3.7250720e-02;1.8250000e+02;6.1614320e-02;1.8250000e+02;9.0498909e-02;1.8250000e+02;1.2102748e-01;1.8250000e+02;1.5411951e-01;1.8250000e+02;1.8793827e-01;1.8250000e+02;2.2674042e-01;1.8250000e+02;2.6205325e-01;1.8250000e+02;2.8440914e-01;1.8250000e+02;2.8613436e-01;1.8250000e+02;2.6800376e-01;1.8250000e+02;2.3317428e-01;1.8250000e+02;1.8880139e-01;1.8250000e+02;1.3735679e-01;1.8250000e+02;8.9843959e-02;1.8250000e+02;4.8391327e-02;1.8250000e+02;4.4617048e-03;1.8250000e+02;1.8464126e-02;1.8250000e+02;3.7250720e-02;1.8250000e+02;6.1614320e-02;1.8250000e+02;9.0498909e-02;1.8250000e+02;1.2102748e-01;1.8250000e+02;1.5411951e-01;1.8250000e+02;1.8793827e-01;1.8250000e+02;2.2674042e-01;1.8250000e+02;2.6205325e-01;1.8250000e+02;2.8440914e-01;1.8250000e+02;2.8613436e-01;1.8250000e+02;2.6800376e-01;1.8250000e+02;2.3317428e-01;1.8250000e+02;1.8880139e-01;1.8250000e+02;1.3735679e-01;1.8250000e+02;8.9843959e-02;1.8250000e+02;4.8391327e-02;1.8250000e+02;4.4617048e-03;1.8250000e+02;1.8464126e-02;1.8250000e+02;3.7250720e-02;1.8250000e+02;6.1614320e-02;1.8250000e+02;9.0498909e-02;1.8250000e+02;1.2102748e-01;1.8250000e+02;1.5411951e-01;1.8250000e+02;1.8793827e-01;1.8250000e+02;2.2674042e-01;1.8250000e+02;2.6205325e-01;1.8250000e+02;2.8440914e-01;1.8250000e+02;2.8613436e-01;1.8250000e+02;2.6800376e-01;1.8250000e+02;2.3317428e-01;1.8250000e+02;1.8880139e-01;1.8250000e+02;1.3735679e-01;1.8250000e+02;8.9843959e-02;1.8250000e+02;4.8391327e-02;1.8250000e+02;4.4617048e-03;1.8250000e+02;1.8464126e-02;1.8250000e+02;3.7250720e-02;1.8250000e+02;6.1614320e-02;1.8250000e+02;9.0498909e-02;1.8250000e+02;1.2102748e-01;1.8250000e+02;1.5411951e-01;1.8250000e+02;1.8793827e-01;1.8250000e+02;2.2674042e-01;1.8250000e+02;2.6205325e-01;1.8250000e+02;2.8440914e-01;1.8250000e+02;2.8613436e-01;1.8250000e+02;2.6800376e-01;1.8250000e+02;2.3317428e-01;1.8250000e+02;1.8880139e-01;1.8250000e+02;1.3735679e-01;1.8250000e+02;8.9843959e-02;1.8250000e+02;4.8391327e-02;1.8250000e+02;4.4617048e-03;1.8250000e+02;1.8464126e-02;1.8250000e+02;3.7250720e-02;1.8250000e+02;6.1614320e-02;1.8250000e+02;9.0498909e-02;1.8250000e+02;1.2102748e-01;1.8250000e+02;1.5411951e-01;1.8250000e+02;1.8793827e-01;1.8250000e+02;2.2674042e-01;1.8250000e+02;2.6205325e-01;1.8250000e+02;2.8440914e-01;1.8250000e+02;2.8613436e-01;1.8250000e+02;2.6800376e-01;1.8250000e+02;2.3317428e-01;1.8250000e+02;1.8880139e-01;1.8250000e+02;1.3735679e-01;1.8250000e+02;8.9843959e-02;1.8250000e+02;4.8391327e-02;1.8250000e+02;4.4617048e-03;1.8250000e+02;1.8464126e-02;1.8250000e+02;3.7250720e-02;1.8250000e+02;6.1614320e-02;1.8250000e+02;9.0498909e-02;1.8250000e+02;1.2102748e-01;1.8250000e+02;1.5411951e-01;1.8250000e+02;1.8793827e-01;1.8250000e+02;2.2674042e-01;1.8250000e+02;2.6205325e-01;1.8250000e+02;2.8440914e-01;1.8250000e+02;2.8613436e-01;1.8250000e+02;2.6800376e-01;1.8250000e+02;2.3317428e-01;1.8250000e+02;1.8880139e-01;1.8250000e+02;1.3735679e-01;1.8250000e+02;8.9843959e-02;1.8250000e+02;4.8391327e-02;1.8250000e+02;4.4617048e-03;1.8250000e+02;1.8464126e-02;1.8250000e+02;3.7250720e-02;1.8250000e+02;6.1614320e-02;1.8250000e+02;9.0498909e-02;1.8250000e+02;1.2102748e-01;1.8250000e+02;1.5411951e-01;1.8250000e+02;1.8793827e-01;1.8250000e+02;2.2674042e-01;1.8250000e+02;2.6205325e-01;1.8250000e+02;2.8440914e-01;1.8250000e+02;2.8613436e-01;1.8250000e+02;2.6800376e-01;1.8250000e+02;2.3317428e-01;1.8250000e+02;1.8880139e-01;1.8250000e+02;1.3735679e-01;1.8250000e+02;8.9843959e-02;1.8250000e+02;4.8391327e-02;1.8250000e+02;4.4617048e-03;1.8250000e+02;1.8464126e-02;1.8250000e+02;3.7250720e-02;1.8250000e+02;6.1614320e-02;1.8250000e+02;9.0498909e-02;1.8250000e+02;1.2102748e-01;1.8250000e+02;1.5411951e-01;1.8250000e+02;1.8793827e-01;1.8250000e+02;2.2674042e-01;1.8250000e+02;2.6205325e-01;1.8250000e+02;2.8440914e-01;1.8250000e+02;2.8613436e-01;1.8250000e+02;2.6800376e-01;1.8250000e+02;2.3317428e-01;1.8250000e+02;1.8880139e-01;1.8250000e+02;1.3735679e-01;1.8250000e+02;8.9843959e-02;1.8250000e+02;4.8391327e-02;1.8250000e+02;4.4617048e-03;1.8250000e+02;1.8464126e-02;1.8250000e+02;3.7250720e-02;1.8250000e+02;6.1614320e-02;1.8250000e+02;9.0498909e-02;1.8250000e+02;1.2102748e-01;1.8250000e+02;1.5411951e-01;1.8250000e+02;1.8793827e-01;1.8250000e+02;2.2674042e-01;1.8250000e+02;2.6205325e-01;1.8250000e+02;2.8440914e-01;1.8250000e+02;2.8613436e-01;1.8250000e+02;2.6800376e-01;1.8250000e+02;2.3317428e-01;1.8250000e+02;1.8880139e-01;1.8250000e+02;1.3735679e-01;1.8250000e+02;8.9843959e-02;1.8250000e+02;4.8391327e-02;1.8250000e+02;4.4617048e-03;1.8250000e+02;1.8464126e-02;1.8250000e+02;3.7250720e-02;1.8250000e+02;6.1614320e-02;1.8250000e+02;9.0498909e-02;1.8250000e+02;1.2102748e-01;1.8250000e+02;1.5411951e-01;1.8250000e+02;1.8793827e-01;1.8250000e+02;2.2674042e-01;1.8250000e+02;2.6205325e-01;1.8250000e+02;2.8440914e-01;1.8250000e+02;2.8613436e-01;1.8250000e+02;2.6800376e-01;1.8250000e+02;2.3317428e-01;1.8250000e+02;1.8880139e-01;1.8250000e+02;1.3735679e-01;1.8250000e+02;8.9843959e-02;1.8250000e+02;4.8391327e-02;1.8250000e+02;4.4617048e-03;1.8250000e+02;1.8464126e-02;1.8250000e+02;3.7250720e-02;1.8250000e+02;6.1614320e-02;1.8250000e+02;9.0498909e-02;1.8250000e+02;1.2102748e-01;1.8250000e+02;1.5411951e-01;1.8250000e+02;1.8793827e-01;1.8250000e+02;2.2674042e-01;1.8250000e+02;2.6205325e-01;1.8250000e+02;2.8440914e-01;1.8250000e+02;2.8613436e-01;1.8250000e+02;2.6800376e-01;1.8250000e+02;2.3317428e-01;1.8250000e+02;1.8880139e-01;1.8250000e+02;1.3735679e-01;1.8250000e+02;8.9843959e-02;1.8250000e+02;4.8391327e-02;1.8250000e+02;4.4617048e-03;1.8250000e+02;1.8464126e-02;1.8250000e+02;3.7250720e-02;1.8250000e+02;6.1614320e-02;1.8250000e+02;9.0498909e-02;1.8250000e+02;1.2102748e-01;1.8250000e+02;1.5411951e-01;1.8250000e+02;1.8793827e-01;1.8250000e+02;2.2674042e-01;1.8250000e+02;2.6205325e-01;1.8250000e+02;2.8440914e-01;1.8250000e+02;2.8613436e-01;1.8250000e+02;2.6800376e-01;1.8250000e+02;2.3317428e-01;1.8250000e+02;1.8880139e-01;1.8250000e+02;1.3735679e-01;1.8250000e+02;8.9843959e-02;1.8250000e+02;4.8391327e-02;1.8250000e+02;4.4617048e-03;1.8250000e+02;1.8464126e-02;1.8250000e+02;3.7250720e-02;1.8250000e+02;6.1614320e-02;1.8250000e+02;9.0498909e-02;1.8250000e+02;1.2102748e-01;1.8250000e+02;1.5411951e-01;1.8250000e+02;1.8793827e-01;1.8250000e+02;2.2674042e-01;1.8250000e+02;2.6205325e-01;1.8250000e+02;2.8440914e-01;1.8250000e+02;2.8613436e-01;1.8250000e+02;2.6800376e-01;1.8250000e+02;2.3317428e-01;1.8250000e+02;1.8880139e-01;1.8250000e+02;1.3735679e-01;1.8250000e+02;8.9843959e-02;1.8250000e+02;4.8391327e-02;1.8250000e+02;4.4617048e-03;1.8250000e+02;1.8464126e-02;1.8250000e+02;3.7250720e-02;1.8250000e+02;6.1614320e-02;1.8250000e+02;9.0498909e-02;1.8250000e+02;1.2102748e-01;1.8250000e+02;1.5411951e-01;1.8250000e+02;1.8793827e-01;1.8250000e+02;2.2674042e-01;1.8250000e+02;2.6205325e-01;1.8250000e+02;2.8440914e-01;1.8250000e+02;2.8613436e-01;1.8250000e+02;2.6800376e-01;1.8250000e+02;2.3317428e-01;1.8250000e+02;1.8880139e-01;1.8250000e+02;1.3735679e-01;1.8250000e+02;8.9843959e-02;1.8250000e+02;4.8391327e-02;1.8250000e+02;4.4617048e-03;1.8250000e+02;1.8464126e-02;1.8250000e+02;3.7250720e-02;1.8250000e+02;6.1614320e-02;1.8250000e+02;9.0498909e-02;1.8250000e+02;1.2102748e-01;1.8250000e+02;1.5411951e-01;1.8250000e+02;1.8793827e-01;1.8250000e+02;2.2674042e-01;1.8250000e+02;2.6205325e-01;1.8250000e+02;2.8440914e-01;1.8250000e+02;2.8613436e-01;1.8250000e+02;2.6800376e-01;1.8250000e+02;2.3317428e-01;1.8250000e+02;1.8880139e-01;1.8250000e+02;1.3735679e-01;1.8250000e+02;8.9843959e-02;1.8250000e+02;4.8391327e-02;1.8250000e+02;4.4617048e-03;1.8250000e+02;1.8464126e-02;1.8250000e+02;3.7250720e-02;1.8250000e+02;6.1614320e-02;1.8250000e+02;9.0498909e-02;1.8250000e+02;1.2102748e-01;1.8250000e+02;1.5411951e-01;1.8250000e+02;1.8793827e-01;1.8250000e+02;2.2674042e-01;1.8250000e+02;2.6205325e-01;1.8250000e+02;2.8440914e-01;1.8250000e+02;2.8613436e-01;1.8250000e+02;2.6800376e-01;1.8250000e+02;2.3317428e-01;1.8250000e+02;1.8880139e-01;1.8250000e+02;1.3735679e-01;1.8250000e+02;8.9843959e-02;1.8250000e+02;4.8391327e-02;1.8250000e+02;4.4617048e-03;1.8250000e+02;1.8464126e-02;1.8250000e+02;3.7250720e-02;1.8250000e+02;6.1614320e-02;1.8250000e+02;9.0498909e-02;1.8250000e+02;1.2102748e-01;1.8250000e+02;1.5411951e-01;1.8250000e+02;1.8793827e-01;1.8250000e+02;2.2674042e-01;1.8250000e+02;2.6205325e-01;1.8250000e+02;2.8440914e-01;1.8250000e+02;2.8613436e-01;1.8250000e+02;2.6800376e-01;1.8250000e+02;2.3317428e-01;1.8250000e+02;1.8880139e-01;1.8250000e+02;1.3735679e-01;1.8250000e+02;8.9843959e-02;1.8250000e+02;4.8391327e-02;1.8250000e+02;4.4617048e-03;1.8250000e+02;1.8464126e-02;1.8250000e+02;3.7250720e-02;1.8250000e+02;6.1614320e-02;1.8250000e+02;9.0498909e-02;1.8250000e+02;1.2102748e-01;1.8250000e+02;1.5411951e-01;1.8250000e+02;1.8793827e-01;1.8250000e+02;2.2674042e-01;1.8250000e+02;2.6205325e-01;1.8250000e+02;2.8440914e-01;1.8250000e+02;2.8613436e-01;1.8250000e+02;2.6800376e-01;1.8250000e+02;2.3317428e-01;1.8250000e+02;1.8880139e-01;1.8250000e+02;1.3735679e-01;1.8250000e+02;8.9843959e-02;1.8250000e+02;4.8391327e-02;1.8250000e+02;4.4617048e-03;1.8250000e+02;1.8464126e-02;1.8250000e+02;3.7250720e-02;1.8250000e+02;6.1614320e-02;1.8250000e+02;9.0498909e-02;1.8250000e+02;1.2102748e-01;1.8250000e+02;1.5411951e-01;1.8250000e+02;1.8793827e-01;1.8250000e+02;2.2674042e-01;1.8250000e+02;2.6205325e-01;1.8250000e+02;2.8440914e-01;1.8250000e+02;2.8613436e-01;1.8250000e+02;2.6800376e-01;1.8250000e+02;2.3317428e-01;1.8250000e+02;1.8880139e-01;1.8250000e+02;1.3735679e-01;1.8250000e+02;8.9843959e-02;1.8250000e+02;4.8391327e-02;1.8250000e+02;4.4617048e-03;1.8250000e+02;1.8464126e-02;1.8250000e+02;3.7250720e-02;1.8250000e+02;6.1614320e-02;1.8250000e+02;9.0498909e-02;1.8250000e+02;1.2102748e-01;1.8250000e+02;1.5411951e-01;1.8250000e+02;1.8793827e-01;1.8250000e+02;2.2674042e-01;1.8250000e+02;2.6205325e-01;1.8250000e+02;2.8440914e-01;1.8250000e+02;2.8613436e-01;1.8250000e+02;2.6800376e-01;1.8250000e+02;2.3317428e-01;1.8250000e+02;1.8880139e-01;1.8250000e+02;1.3735679e-01;1.8250000e+02;8.9843959e-02;1.8250000e+02;4.8391327e-02;1.8250000e+02;4.4617048e-03;1.8250000e+02;1.8464126e-02;1.8250000e+02;3.7250720e-02;1.8250000e+02;6.1614320e-02;1.8250000e+02;9.0498909e-02;1.8250000e+02;1.2102748e-01;1.8250000e+02;1.5411951e-01;1.8250000e+02;1.8793827e-01;1.8250000e+02;2.2674042e-01;1.8250000e+02;2.6205325e-01;1.8250000e+02;2.8440914e-01;1.8250000e+02;2.8613436e-01;1.8250000e+02;2.6800376e-01;1.8250000e+02;2.3317428e-01;1.8250000e+02;1.8880139e-01;1.8250000e+02;1.3735679e-01;1.8250000e+02;8.9843959e-02;1.8250000e+02;4.8391327e-02;1.8250000e+02;4.4617048e-03;1.8250000e+02;1.8464126e-02;1.8250000e+02;3.7250720e-02;1.8250000e+02;6.1614320e-02;1.8250000e+02;9.0498909e-02;1.8250000e+02;1.2102748e-01;1.8250000e+02;1.5411951e-01;1.8250000e+02;1.8793827e-01;1.8250000e+02;2.2674042e-01;1.8250000e+02;2.6205325e-01;1.8250000e+02;2.8440914e-01;1.8250000e+02;2.8613436e-01;1.8250000e+02;2.6800376e-01;1.8250000e+02;2.3317428e-01;1.8250000e+02;1.8880139e-01;1.8250000e+02;1.3735679e-01;1.8250000e+02;8.9843959e-02;1.8250000e+02;4.8391327e-02;1.8250000e+02;4.4617048e-03;1.8250000e+02;1.8464126e-02;1.8250000e+02;3.7250720e-02;1.8250000e+02;6.1614320e-02;1.8250000e+02;9.0498909e-02;1.8250000e+02;1.2102748e-01;1.8250000e+02;1.5411951e-01;1.8250000e+02;1.8793827e-01;1.8250000e+02;2.2674042e-01;1.8250000e+02;2.6205325e-01;1.8250000e+02;2.8440914e-01;1.8250000e+02;2.8613436e-01;1.8250000e+02;2.6800376e-01;1.8250000e+02;2.3317428e-01;1.8250000e+02;1.8880139e-01;1.8250000e+02;1.3735679e-01;1.8250000e+02;8.9843959e-02;1.8250000e+02;4.8391327e-02;1.8250000e+02;4.4617048e-03;1.8250000e+02;1.8464126e-02;1.8250000e+02;3.7250720e-02;1.8250000e+02;6.1614320e-02;1.8250000e+02;9.0498909e-02;1.8250000e+02;1.2102748e-01;1.8250000e+02;1.5411951e-01;1.8250000e+02;1.8793827e-01;1.8250000e+02;2.2674042e-01;1.8250000e+02;2.6205325e-01;1.8250000e+02;2.8440914e-01;1.8250000e+02;2.8613436e-01;1.8250000e+02;2.6800376e-01;1.8250000e+02;2.3317428e-01;1.8250000e+02;1.8880139e-01;1.8250000e+02;1.3735679e-01;1.8250000e+02;8.9843959e-02;1.8250000e+02;4.8391327e-02;1.8250000e+02;4.4617048e-03;1.8250000e+02;1.8464126e-02;1.8250000e+02;3.7250720e-02;1.8250000e+02;6.1614320e-02;1.8250000e+02;9.0498909e-02;1.8250000e+02;1.2102748e-01;1.8250000e+02;1.5411951e-01;1.8250000e+02;1.8793827e-01;1.8250000e+02;2.2674042e-01;1.8250000e+02;2.6205325e-01;1.8250000e+02;2.8440914e-01;1.8250000e+02;2.8613436e-01;1.8250000e+02;2.6800376e-01;1.8250000e+02;2.3317428e-01;1.8250000e+02;1.8880139e-01;1.8250000e+02;1.3735679e-01;1.8250000e+02;8.9843959e-02;1.8250000e+02;4.8391327e-02;1.8250000e+02;4.4617048e-03;1.8250000e+02;1.8464126e-02;1.8250000e+02;3.7250720e-02;1.8250000e+02;6.1614320e-02;1.8250000e+02;9.0498909e-02;1.8250000e+02;1.2102748e-01;1.8250000e+02;1.5411951e-01;1.8250000e+02;1.8793827e-01;1.8250000e+02;2.2674042e-01;1.8250000e+02;2.6205325e-01;1.8250000e+02;2.8440914e-01;1.8250000e+02;2.8613436e-01;1.8250000e+02;2.6800376e-01;1.8250000e+02;2.3317428e-01;1.8250000e+02;1.8880139e-01;1.8250000e+02;1.3735679e-01;1.8250000e+02;8.9843959e-02;1.8250000e+02;4.8391327e-02;1.8250000e+02;4.4617048e-03;1.8250000e+02;1.8464126e-02;1.8250000e+02;3.7250720e-02;1.8250000e+02;6.1614320e-02;1.8250000e+02;9.0498909e-02;1.8250000e+02;1.2102748e-01;1.8250000e+02;1.5411951e-01;1.8250000e+02;1.8793827e-01;1.8250000e+02;2.2674042e-01;1.8250000e+02;2.6205325e-01;1.8250000e+02;2.8440914e-01;1.8250000e+02;2.8613436e-01;1.8250000e+02;2.6800376e-01;1.8250000e+02;2.3317428e-01;1.8250000e+02;1.8880139e-01;1.8250000e+02;1.3735679e-01;1.8250000e+02;8.9843959e-02;1.8250000e+02;4.8391327e-02;1.8250000e+02;4.4617048e-03;1.8250000e+02;1.8464126e-02;1.8250000e+02;3.7250720e-02;1.8250000e+02;6.1614320e-02;1.8250000e+02;9.0498909e-02;1.8250000e+02;1.2102748e-01;1.8250000e+02;1.5411951e-01;1.8250000e+02;1.8793827e-01;1.8250000e+02;2.2674042e-01;1.8250000e+02;2.6205325e-01;1.8250000e+02;2.8440914e-01;1.8250000e+02;2.8613436e-01;1.8250000e+02;2.6800376e-01;1.8250000e+02;2.3317428e-01;1.8250000e+02;1.8880139e-01;1.8250000e+02;1.3735679e-01;1.8250000e+02;8.9843959e-02;1.8250000e+02;4.8391327e-02;1.8250000e+02;4.4617048e-03;1.8250000e+02;1.8464126e-02;1.8250000e+02;3.7250720e-02;1.8250000e+02;6.1614320e-02;1.8250000e+02;9.0498909e-02;1.8250000e+02;1.2102748e-01;1.8250000e+02;1.5411951e-01;1.8250000e+02;1.8793827e-01;1.8250000e+02;2.2674042e-01;1.8250000e+02;2.6205325e-01;1.8250000e+02;2.8440914e-01;1.8250000e+02;2.8613436e-01;1.8250000e+02;2.6800376e-01;1.8250000e+02;2.3317428e-01;1.8250000e+02;1.8880139e-01;1.8250000e+02;1.3735679e-01;1.8250000e+02;8.9843959e-02;1.8250000e+02;4.8391327e-02;1.8250000e+02;4.4617048e-03;1.8250000e+02;1.8464126e-02;1.8250000e+02;3.7250720e-02;1.8250000e+02;6.1614320e-02;1.8250000e+02;9.0498909e-02;1.8250000e+02;1.2102748e-01;1.8250000e+02;1.5411951e-01;1.8250000e+02;1.8793827e-01;1.8250000e+02;2.2674042e-01;1.8250000e+02;2.6205325e-01;1.8250000e+02;2.8440914e-01;1.8250000e+02;2.8613436e-01;1.8250000e+02;2.6800376e-01;1.8250000e+02;2.3317428e-01;1.8250000e+02;1.8880139e-01;1.8250000e+02;1.3735679e-01;1.8250000e+02;8.9843959e-02;1.8250000e+02;4.8391327e-02;1.8250000e+02;4.4617048e-03;1.8250000e+02;1.8464126e-02;1.8250000e+02;3.7250720e-02;1.8250000e+02;6.1614320e-02;1.8250000e+02;9.0498909e-02;1.8250000e+02;1.2102748e-01;1.8250000e+02;1.5411951e-01;1.8250000e+02;1.8793827e-01;1.8250000e+02;2.2674042e-01;1.8250000e+02;2.6205325e-01;1.8250000e+02;2.8440914e-01;1.8250000e+02;2.8613436e-01;1.8250000e+02;2.6800376e-01;1.8250000e+02;2.3317428e-01;1.8250000e+02;1.8880139e-01;1.8250000e+02;1.3735679e-01;1.8250000e+02;8.9843959e-02;1.8250000e+02;4.8391327e-02;1.8250000e+02;4.4617048e-03;1.8250000e+02;1.8464126e-02;1.8250000e+02;3.7250720e-02;1.8250000e+02;6.1614320e-02;1.8250000e+02;9.0498909e-02;1.8250000e+02;1.2102748e-01;1.8250000e+02;1.5411951e-01;1.8250000e+02;1.8793827e-01;1.8250000e+02;2.2674042e-01;1.8250000e+02;2.6205325e-01;1.8250000e+02;2.8440914e-01;1.8250000e+02;2.8613436e-01;1.8250000e+02;2.6800376e-01;1.8250000e+02;2.3317428e-01;1.8250000e+02;1.8880139e-01;1.8250000e+02;1.3735679e-01;1.8250000e+02;8.9843959e-02;1.8250000e+02;4.8391327e-02;1.8250000e+02;4.4617048e-03;1.8250000e+02;1.8464126e-02;1.8250000e+02;3.7250720e-02;1.8250000e+02;6.1614320e-02;1.8250000e+02;9.0498909e-02;1.8250000e+02;1.2102748e-01;1.8250000e+02;1.5411951e-01;1.8250000e+02;1.8793827e-01;1.8250000e+02;2.2674042e-01;1.8250000e+02;2.6205325e-01;1.8250000e+02;2.8440914e-01;1.8250000e+02;2.8613436e-01;1.8250000e+02;2.6800376e-01;1.8250000e+02;2.3317428e-01;1.8250000e+02;1.8880139e-01;1.8250000e+02;1.3735679e-01;1.8250000e+02;8.9843959e-02;1.8250000e+02;4.8391327e-02;1.8250000e+02;4.4617048e-03;1.8250000e+02;1.8464126e-02;1.8250000e+02;3.7250720e-02;1.8250000e+02;6.1614320e-02;1.8250000e+02;9.0498909e-02;1.8250000e+02;1.2102748e-01;1.8250000e+02;1.5411951e-01;1.8250000e+02;1.8793827e-01;1.8250000e+02;2.2674042e-01;1.8250000e+02;2.6205325e-01;1.8250000e+02;2.8440914e-01;1.8250000e+02;2.8613436e-01;1.8250000e+02;2.6800376e-01;1.8250000e+02;2.3317428e-01;1.8250000e+02;1.8880139e-01;1.8250000e+02;1.3735679e-01;1.8250000e+02;8.9843959e-02;1.8250000e+02;4.8391327e-02;1.8250000e+02;4.4617048e-03;1.8250000e+02;1.8464126e-02;1.8250000e+02;3.7250720e-02;1.8250000e+02;6.1614320e-02;1.8250000e+02;9.0498909e-02;1.8250000e+02;1.2102748e-01;1.8250000e+02;1.5411951e-01;1.8250000e+02;1.8793827e-01;1.8250000e+02;2.2674042e-01;1.8250000e+02;2.6205325e-01;1.8250000e+02;2.8440914e-01;1.8250000e+02;2.8613436e-01;1.8250000e+02;2.6800376e-01;1.8250000e+02;2.3317428e-01;1.8250000e+02;1.8880139e-01;1.8250000e+02;1.3735679e-01;1.8250000e+02;8.9843959e-02;1.8250000e+02;4.8391327e-02;1.8250000e+02;4.4617048e-03;1.8250000e+02;1.8464126e-02;1.8250000e+02;3.7250720e-02;1.8250000e+02;6.1614320e-02;1.8250000e+02;9.0498909e-02;1.8250000e+02;1.2102748e-01;1.8250000e+02;1.5411951e-01;1.8250000e+02;1.8793827e-01;1.8250000e+02;2.2674042e-01;1.8250000e+02;2.6205325e-01;1.8250000e+02;2.8440914e-01;1.8250000e+02;2.8613436e-01;1.8250000e+02;2.6800376e-01;1.8250000e+02;2.3317428e-01;1.8250000e+02;1.8880139e-01;1.8250000e+02;1.3735679e-01;1.8250000e+02;8.9843959e-02;1.8250000e+02;4.8391327e-02;1.8250000e+02;4.4617048e-03;1.8250000e+02;1.8464126e-02;1.8250000e+02;3.7250720e-02;1.8250000e+02;6.1614320e-02;1.8250000e+02;9.0498909e-02;1.8250000e+02;1.2102748e-01;1.8250000e+02;1.5411951e-01;1.8250000e+02;1.8793827e-01;1.8250000e+02;2.2674042e-01;1.8250000e+02;2.6205325e-01;1.8250000e+02;2.8440914e-01;1.8250000e+02;2.8613436e-01;1.8250000e+02;2.6800376e-01;1.8250000e+02;2.3317428e-01;1.8250000e+02;1.8880139e-01;1.8250000e+02;1.3735679e-01;1.8250000e+02;8.9843959e-02;1.8250000e+02;4.8391327e-02;1.8250000e+02;4.4617048e-03;1.8250000e+02;1.8464126e-02;1.8250000e+02;3.7250720e-02;1.8250000e+02;6.1614320e-02;1.8250000e+02;9.0498909e-02;1.8250000e+02;1.2102748e-01;1.8250000e+02;1.5411951e-01;1.8250000e+02;1.8793827e-01;1.8250000e+02;2.2674042e-01;1.8250000e+02;2.6205325e-01;1.8250000e+02;2.8440914e-01;1.8250000e+02;2.8613436e-01;1.8250000e+02;2.6800376e-01;1.8250000e+02;2.3317428e-01;1.8250000e+02;1.8880139e-01;1.8250000e+02;1.3735679e-01;1.8250000e+02;8.9843959e-02;1.8250000e+02;4.8391327e-02;1.8250000e+02;4.4617048e-03;1.8250000e+02;1.8464126e-02;1.8250000e+02;3.7250720e-02;1.8250000e+02;6.1614320e-02;1.8250000e+02;9.0498909e-02;1.8250000e+02;1.2102748e-01;1.8250000e+02;1.5411951e-01;1.8250000e+02;1.8793827e-01;1.8250000e+02;2.2674042e-01;1.8250000e+02;2.6205325e-01;1.8250000e+02;2.8440914e-01;1.8250000e+02;2.8613436e-01;1.8250000e+02;2.6800376e-01;1.8250000e+02;2.3317428e-01;1.8250000e+02;1.8880139e-01;1.8250000e+02;1.3735679e-01;1.8250000e+02;8.9843959e-02;1.8250000e+02;4.8391327e-02;1.8250000e+02;4.4617048e-03;1.8250000e+02;1.8464126e-02;1.8250000e+02;3.7250720e-02;1.8250000e+02;6.1614320e-02;1.8250000e+02;9.0498909e-02;1.8250000e+02;1.2102748e-01;1.8250000e+02;1.5411951e-01;1.8250000e+02;1.8793827e-01;1.8250000e+02;2.2674042e-01;1.8250000e+02;2.6205325e-01;1.8250000e+02;2.8440914e-01;1.8250000e+02;2.8613436e-01;1.8250000e+02;2.6800376e-01;1.8250000e+02;2.3317428e-01;1.8250000e+02;1.8880139e-01;1.8250000e+02;1.3735679e-01;1.8250000e+02;8.9843959e-02;1.8250000e+02;4.8391327e-02;1.8250000e+02;4.4617048e-03;1.8250000e+02;1.8464126e-02;1.8250000e+02;3.7250720e-02;1.8250000e+02;6.1614320e-02;1.8250000e+02;9.0498909e-02;1.8250000e+02;1.2102748e-01;1.8250000e+02;1.5411951e-01;1.8250000e+02;1.8793827e-01;1.8250000e+02;2.2674042e-01;1.8250000e+02;2.6205325e-01;1.8250000e+02;2.8440914e-01;1.8250000e+02;2.8613436e-01;1.8250000e+02;2.6800376e-01;1.8250000e+02;2.3317428e-01;1.8250000e+02;1.8880139e-01;1.8250000e+02;1.3735679e-01;1.8250000e+02;8.9843959e-02;1.8250000e+02;4.8391327e-02;1.8250000e+02;4.4617048e-03;1.8250000e+02;1.8464126e-02;1.8250000e+02;3.7250720e-02;1.8250000e+02;6.1614320e-02;1.8250000e+02;9.0498909e-02;1.8250000e+02;1.2102748e-01;1.8250000e+02;1.5411951e-01;1.8250000e+02;1.8793827e-01;1.8250000e+02;2.2674042e-01;1.8250000e+02;2.6205325e-01;1.8250000e+02;2.8440914e-01;1.8250000e+02;2.8613436e-01;1.8250000e+02;2.6800376e-01;1.8250000e+02;2.3317428e-01;1.8250000e+02;1.8880139e-01;1.8250000e+02;1.3735679e-01;1.8250000e+02;8.9843959e-02;1.8250000e+02;4.8391327e-02;1.8250000e+02;4.4617048e-03;1.8250000e+02;1.8464126e-02;1.8250000e+02;3.7250720e-02;1.8250000e+02;6.1614320e-02;1.8250000e+02;9.0498909e-02;1.8250000e+02;1.2102748e-01;1.8250000e+02;1.5411951e-01;1.8250000e+02;1.8793827e-01;1.8250000e+02;2.2674042e-01;1.8250000e+02;2.6205325e-01;1.8250000e+02;2.8440914e-01;1.8250000e+02;2.8613436e-01;1.8250000e+02;2.6800376e-01;1.8250000e+02;2.3317428e-01;1.8250000e+02;1.8880139e-01;1.8250000e+02;1.3735679e-01;1.8250000e+02;8.9843959e-02;1.8250000e+02;4.8391327e-02;1.8250000e+02;4.4617048e-03;1.8250000e+02;1.8464126e-02;1.8250000e+02;3.7250720e-02;1.8250000e+02;6.1614320e-02;1.8250000e+02;9.0498909e-02;1.8250000e+02;1.2102748e-01;1.8250000e+02;1.5411951e-01;1.8250000e+02;1.8793827e-01;1.8250000e+02;2.2674042e-01;1.8250000e+02;2.6205325e-01;1.8250000e+02;2.8440914e-01;1.8250000e+02;2.8613436e-01;1.8250000e+02;2.6800376e-01;1.8250000e+02;2.3317428e-01;1.8250000e+02;1.8880139e-01;1.8250000e+02;1.3735679e-01;1.8250000e+02;8.9843959e-02;1.8250000e+02;4.8391327e-02;1.8250000e+02;4.4617048e-03;1.8250000e+02;1.8464126e-02;1.8250000e+02;3.7250720e-02;1.8250000e+02;6.1614320e-02;1.8250000e+02;9.0498909e-02;1.8250000e+02;1.2102748e-01;1.8250000e+02;1.5411951e-01;1.8250000e+02;1.8793827e-01;1.8250000e+02;2.2674042e-01;1.8250000e+02;2.6205325e-01;1.8250000e+02;2.8440914e-01;1.8250000e+02;2.8613436e-01;1.8250000e+02;2.6800376e-01;1.8250000e+02;2.3317428e-01;1.8250000e+02;1.8880139e-01;1.8250000e+02;1.3735679e-01;1.8250000e+02;8.9843959e-02;1.8250000e+02;4.8391327e-02;1.8250000e+02;4.4617048e-03;1.8250000e+02;1.8464126e-02;1.8250000e+02;3.7250720e-02;1.8250000e+02;6.1614320e-02;1.8250000e+02;9.0498909e-02;1.8250000e+02;1.2102748e-01;1.8250000e+02;1.5411951e-01;1.8250000e+02;1.8793827e-01;1.8250000e+02;2.2674042e-01;1.8250000e+02;2.6205325e-01;1.8250000e+02;2.8440914e-01;1.8250000e+02;2.8613436e-01;1.8250000e+02;2.6800376e-01;1.8250000e+02;2.3317428e-01;1.8250000e+02;1.8880139e-01;1.8250000e+02;1.3735679e-01;1.8250000e+02;8.9843959e-02;1.8250000e+02;4.8391327e-02;1.8250000e+02;4.4617048e-03;1.8250000e+02;1.8464126e-02;1.8250000e+02;3.7250720e-02;1.8250000e+02;6.1614320e-02;1.8250000e+02;9.0498909e-02;1.8250000e+02;1.2102748e-01;1.8250000e+02;1.5411951e-01;1.8250000e+02;1.8793827e-01;1.8250000e+02;2.2674042e-01;1.8250000e+02;2.6205325e-01;1.8250000e+02;2.8440914e-01;1.8250000e+02;2.8613436e-01;1.8250000e+02;2.6800376e-01;1.8250000e+02;2.3317428e-01;1.8250000e+02;1.8880139e-01;1.8250000e+02;1.3735679e-01;1.8250000e+02;8.9843959e-02;1.8250000e+02;4.8391327e-02;1.8250000e+02;4.4617048e-03;1.8250000e+02;1.8464126e-02;1.8250000e+02;3.7250720e-02;1.8250000e+02;6.1614320e-02;1.8250000e+02;9.0498909e-02;1.8250000e+02;1.2102748e-01;1.8250000e+02;1.5411951e-01;1.8250000e+02;1.8793827e-01;1.8250000e+02;2.2674042e-01;1.8250000e+02;2.6205325e-01;1.8250000e+02;2.8440914e-01;1.8250000e+02;2.8613436e-01;1.8250000e+02;2.6800376e-01;1.8250000e+02;2.3317428e-01;1.8250000e+02;1.8880139e-01;1.8250000e+02;1.3735679e-01;1.8250000e+02;8.9843959e-02;1.8250000e+02;4.8391327e-02;1.8250000e+02;4.4617048e-03;1.8250000e+02;1.8464126e-02;1.8250000e+02;3.7250720e-02;1.8250000e+02;6.1614320e-02;1.8250000e+02;9.0498909e-02;1.8250000e+02;1.2102748e-01;1.8250000e+02;1.5411951e-01;1.8250000e+02;1.8793827e-01;1.8250000e+02;2.2674042e-01;1.8250000e+02;2.6205325e-01;1.8250000e+02;2.8440914e-01;1.8250000e+02;2.8613436e-01;1.8250000e+02;2.6800376e-01;1.8250000e+02;2.3317428e-01;1.8250000e+02;1.8880139e-01;1.8250000e+02;1.3735679e-01;1.8250000e+02;8.9843959e-02;1.8250000e+02;4.8391327e-02;1.8250000e+02;4.4617048e-03;1.8250000e+02;1.8464126e-02;1.8250000e+02;3.7250720e-02;1.8250000e+02;6.1614320e-02;1.8250000e+02;9.0498909e-02;1.8250000e+02;1.2102748e-01;1.8250000e+02;1.5411951e-01;1.8250000e+02;1.8793827e-01;1.8250000e+02;2.2674042e-01;1.8250000e+02;2.6205325e-01;1.8250000e+02;2.8440914e-01;1.8250000e+02;2.8613436e-01;1.8250000e+02;2.6800376e-01;1.8250000e+02;2.3317428e-01;1.8250000e+02;1.8880139e-01;1.8250000e+02;1.3735679e-01;1.8250000e+02;8.9843959e-02;1.8250000e+02;4.8391327e-02;1.8250000e+02;4.4617048e-03;1.8250000e+02;1.8464126e-02;1.8250000e+02;3.7250720e-02;1.8250000e+02;6.1614320e-02;1.8250000e+02;9.0498909e-02;1.8250000e+02;1.2102748e-01;1.8250000e+02;1.5411951e-01;1.8250000e+02;1.8793827e-01;1.8250000e+02;2.2674042e-01;1.8250000e+02;2.6205325e-01;1.8250000e+02;2.8440914e-01;1.8250000e+02;2.8613436e-01;1.8250000e+02;2.6800376e-01;1.8250000e+02;2.3317428e-01;1.8250000e+02;1.8880139e-01;1.8250000e+02;1.3735679e-01;1.8250000e+02;8.9843959e-02;1.8250000e+02;4.8391327e-02;1.8250000e+02;4.4617048e-03;1.8250000e+02;1.8464126e-02;1.8250000e+02;3.7250720e-02;1.8250000e+02;6.1614320e-02;1.8250000e+02;9.0498909e-02;1.8250000e+02;1.2102748e-01;1.8250000e+02;1.5411951e-01;1.8250000e+02;1.8793827e-01;1.8250000e+02;2.2674042e-01;1.8250000e+02;2.6205325e-01;1.8250000e+02;2.8440914e-01;1.8250000e+02;2.8613436e-01;1.8250000e+02;2.6800376e-01;1.8250000e+02;2.3317428e-01;1.8250000e+02;1.8880139e-01;1.8250000e+02;1.3735679e-01;1.8250000e+02;8.9843959e-02;1.8250000e+02;4.8391327e-02;1.8250000e+02;4.4617048e-03;1.8250000e+02;1.8464126e-02;1.8250000e+02;3.7250720e-02;1.8250000e+02;6.1614320e-02;1.8250000e+02;9.0498909e-02;1.8250000e+02;1.2102748e-01;1.8250000e+02;1.5411951e-01;1.8250000e+02;1.8793827e-01;1.8250000e+02;2.2674042e-01;1.8250000e+02;2.6205325e-01;1.8250000e+02;2.8440914e-01;1.8250000e+02;2.8613436e-01;1.8250000e+02;2.6800376e-01;1.8250000e+02;2.3317428e-01;1.8250000e+02;1.8880139e-01;1.8250000e+02;1.3735679e-01;1.8250000e+02;8.9843959e-02;1.8250000e+02;4.8391327e-02;1.8250000e+02;4.4617048e-03;1.8250000e+02;1.8464126e-02;1.8250000e+02;3.7250720e-02;1.8250000e+02;6.1614320e-02;1.8250000e+02;9.0498909e-02;1.8250000e+02;1.2102748e-01;1.8250000e+02;1.5411951e-01;1.8250000e+02;1.8793827e-01;1.8250000e+02;2.2674042e-01;1.8250000e+02;2.6205325e-01;1.8250000e+02;2.8440914e-01;1.8250000e+02;2.8613436e-01;1.8250000e+02;2.6800376e-01;1.8250000e+02;2.3317428e-01;1.8250000e+02;1.8880139e-01;1.8250000e+02;1.3735679e-01;1.8250000e+02;8.9843959e-02;1.8250000e+02;4.8391327e-02;1.8250000e+02;4.4617048e-03;1.8250000e+02;1.8464126e-02;1.8250000e+02;3.7250720e-02;1.8250000e+02;6.1614320e-02;1.8250000e+02;9.0498909e-02;1.8250000e+02;1.2102748e-01;1.8250000e+02;1.5411951e-01;1.8250000e+02;1.8793827e-01;1.8250000e+02;2.2674042e-01;1.8250000e+02;2.6205325e-01;1.8250000e+02;2.8440914e-01;1.8250000e+02;2.8613436e-01;1.8250000e+02;2.6800376e-01;1.8250000e+02;2.3317428e-01;1.8250000e+02;1.8880139e-01;1.8250000e+02;1.3735679e-01;1.8250000e+02;8.9843959e-02;1.8250000e+02;4.8391327e-02;1.8250000e+02;4.4617048e-03;1.8250000e+02;1.8464126e-02;1.8250000e+02;3.7250720e-02;1.8250000e+02;6.1614320e-02;1.8250000e+02;9.0498909e-02;1.8250000e+02;1.2102748e-01;1.8250000e+02;1.5411951e-01;1.8250000e+02;1.8793827e-01;1.8250000e+02;2.2674042e-01;1.8250000e+02;2.6205325e-01;1.8250000e+02;2.8440914e-01;1.8250000e+02;2.8613436e-01;1.8250000e+02;2.6800376e-01;1.8250000e+02;2.3317428e-01;1.8250000e+02;1.8880139e-01;1.8250000e+02;1.3735679e-01;1.8250000e+02;8.9843959e-02;1.8250000e+02;4.8391327e-02;1.8250000e+02;4.4617048e-03;1.8250000e+02;1.8464126e-02;1.8250000e+02;3.7250720e-02;1.8250000e+02;6.1614320e-02;1.8250000e+02;9.0498909e-02;1.8250000e+02;1.2102748e-01;1.8250000e+02;1.5411951e-01;1.8250000e+02;1.8793827e-01;1.8250000e+02;2.2674042e-01;1.8250000e+02;2.6205325e-01;1.8250000e+02;2.8440914e-01;1.8250000e+02;2.8613436e-01;1.8250000e+02;2.6800376e-01;1.8250000e+02;2.3317428e-01;1.8250000e+02;1.8880139e-01;1.8250000e+02;1.3735679e-01;1.8250000e+02;8.9843959e-02;1.8250000e+02;4.8391327e-02;1.8250000e+02;4.4617048e-03;1.8250000e+02;1.8464126e-02;1.8250000e+02;3.7250720e-02;1.8250000e+02;6.1614320e-02;1.8250000e+02;9.0498909e-02;1.8250000e+02;1.2102748e-01;1.8250000e+02;1.5411951e-01;1.8250000e+02;1.8793827e-01;1.8250000e+02;2.2674042e-01;1.8250000e+02;2.6205325e-01;1.8250000e+02;2.8440914e-01;1.8250000e+02;2.8613436e-01;1.8250000e+02;2.6800376e-01;1.8250000e+02;2.3317428e-01;1.8250000e+02;1.8880139e-01;1.8250000e+02;1.3735679e-01;1.8250000e+02;8.9843959e-02;1.8250000e+02;4.8391327e-02;1.8250000e+02;4.4617048e-03;1.8250000e+02;1.8464126e-02;1.8250000e+02;3.7250720e-02;1.8250000e+02;6.1614320e-02;1.8250000e+02;9.0498909e-02;1.8250000e+02;1.2102748e-01;1.8250000e+02;1.5411951e-01;1.8250000e+02;1.8793827e-01;1.8250000e+02;2.2674042e-01;1.8250000e+02;2.6205325e-01;1.8250000e+02;2.8440914e-01;1.8250000e+02;2.8613436e-01;1.8250000e+02;2.6800376e-01;1.8250000e+02;2.3317428e-01;1.8250000e+02;1.8880139e-01;1.8250000e+02;1.3735679e-01;1.8250000e+02;8.9843959e-02;1.8250000e+02;4.8391327e-02;1.8250000e+02;4.4617048e-03;1.8250000e+02;1.8464126e-02;1.8250000e+02;3.7250720e-02;1.8250000e+02;6.1614320e-02;1.8250000e+02;9.0498909e-02;1.8250000e+02;1.2102748e-01;1.8250000e+02;1.5411951e-01;1.8250000e+02;1.8793827e-01;1.8250000e+02;2.2674042e-01;1.8250000e+02;2.6205325e-01;1.8250000e+02;2.8440914e-01;1.8250000e+02;2.8613436e-01;1.8250000e+02;2.6800376e-01;1.8250000e+02;2.3317428e-01;1.8250000e+02;1.8880139e-01;1.8250000e+02;1.3735679e-01;1.8250000e+02;8.9843959e-02;1.8250000e+02;4.8391327e-02;1.8250000e+02;4.4617048e-03;1.8250000e+02;1.8464126e-02;1.8250000e+02;3.7250720e-02;1.8250000e+02;6.1614320e-02;1.8250000e+02;9.0498909e-02;1.8250000e+02;1.2102748e-01;1.8250000e+02;1.5411951e-01;1.8250000e+02;1.8793827e-01;1.8250000e+02;2.2674042e-01;1.8250000e+02;2.6205325e-01;1.8250000e+02;2.8440914e-01;1.8250000e+02;2.8613436e-01;1.8250000e+02;2.6800376e-01;1.8250000e+02;2.3317428e-01;1.8250000e+02;1.8880139e-01;1.8250000e+02;1.3735679e-01;1.8250000e+02;8.9843959e-02;1.8250000e+02;4.8391327e-02;1.8250000e+02;4.4617048e-03;1.8250000e+02;1.8464126e-02;1.8250000e+02;3.7250720e-02;1.8250000e+02;6.1614320e-02;1.8250000e+02;9.0498909e-02;1.8250000e+02;1.2102748e-01;1.8250000e+02;1.5411951e-01;1.8250000e+02;1.8793827e-01;1.8250000e+02;2.2674042e-01;1.8250000e+02;2.6205325e-01;1.8250000e+02;2.8440914e-01;1.8250000e+02;2.8613436e-01;1.8250000e+02;2.6800376e-01;1.8250000e+02;2.3317428e-01;1.8250000e+02;1.8880139e-01;1.8250000e+02;1.3735679e-01;1.8250000e+02;8.9843959e-02;1.8250000e+02;4.8391327e-02;1.8250000e+02;4.4617048e-03;1.8250000e+02;1.8464126e-02;1.8250000e+02;3.7250720e-02;1.8250000e+02;6.1614320e-02;1.8250000e+02;9.0498909e-02;1.8250000e+02;1.2102748e-01;1.8250000e+02;1.5411951e-01;1.8250000e+02;1.8793827e-01;1.8250000e+02;2.2674042e-01;1.8250000e+02;2.6205325e-01;1.8250000e+02;2.8440914e-01;1.8250000e+02;2.8613436e-01;1.8250000e+02;2.6800376e-01;1.8250000e+02;2.3317428e-01;1.8250000e+02;1.8880139e-01;1.8250000e+02;1.3735679e-01;1.8250000e+02;8.9843959e-02;1.8250000e+02;4.8391327e-02;1.8250000e+02;4.4617048e-03;1.8250000e+02;1.8464126e-02;1.8250000e+02;3.7250720e-02;1.8250000e+02;6.1614320e-02;1.8250000e+02;9.0498909e-02;1.8250000e+02;1.2102748e-01;1.8250000e+02;1.5411951e-01;1.8250000e+02;1.8793827e-01;1.8250000e+02;2.2674042e-01;1.8250000e+02;2.6205325e-01;1.8250000e+02;2.8440914e-01;1.8250000e+02;2.8613436e-01;1.8250000e+02;2.6800376e-01;1.8250000e+02;2.3317428e-01;1.8250000e+02;1.8880139e-01;1.8250000e+02;1.3735679e-01;1.8250000e+02;8.9843959e-02;1.8250000e+02;4.8391327e-02;1.8250000e+02;4.4617048e-03;1.8250000e+02;1.8464126e-02;1.8250000e+02;3.7250720e-02;1.8250000e+02;6.1614320e-02;1.8250000e+02;9.0498909e-02;1.8250000e+02;1.2102748e-01;1.8250000e+02;1.5411951e-01;1.8250000e+02;1.8793827e-01;1.8250000e+02;2.2674042e-01;1.8250000e+02;2.6205325e-01;1.8250000e+02;2.8440914e-01;1.8250000e+02;2.8613436e-01;1.8250000e+02;2.6800376e-01;1.8250000e+02;2.3317428e-01;1.8250000e+02;1.8880139e-01;1.8250000e+02;1.3735679e-01;1.8250000e+02;8.9843959e-02;1.8250000e+02;4.8391327e-02;1.8250000e+02;4.4617048e-03;1.8250000e+02;1.8464126e-02;1.8250000e+02;3.7250720e-02;1.8250000e+02;6.1614320e-02;1.8250000e+02;9.0498909e-02;1.8250000e+02;1.2102748e-01;1.8250000e+02;1.5411951e-01;1.8250000e+02;1.8793827e-01;1.8250000e+02;2.2674042e-01;1.8250000e+02;2.6205325e-01;1.8250000e+02;2.8440914e-01;1.8250000e+02;2.8613436e-01;1.8250000e+02;2.6800376e-01;1.8250000e+02;2.3317428e-01;1.8250000e+02;1.8880139e-01;1.8250000e+02;1.3735679e-01;1.8250000e+02;8.9843959e-02;1.8250000e+02;4.8391327e-02;1.8250000e+02;4.4617048e-03;1.8250000e+02;1.8464126e-02;1.8250000e+02;3.7250720e-02;1.8250000e+02;6.1614320e-02;1.8250000e+02;9.0498909e-02;1.8250000e+02;1.2102748e-01;1.8250000e+02;1.5411951e-01;1.8250000e+02;1.8793827e-01;1.8250000e+02;2.2674042e-01;1.8250000e+02;2.6205325e-01;1.8250000e+02;2.8440914e-01;1.8250000e+02;2.8613436e-01;1.8250000e+02;2.6800376e-01;1.8250000e+02;2.3317428e-01;1.8250000e+02;1.8880139e-01;1.8250000e+02;1.3735679e-01;1.8250000e+02;8.9843959e-02;1.8250000e+02;4.8391327e-02;1.8250000e+02;4.4617048e-03;1.8250000e+02;1.8464126e-02;1.8250000e+02;3.7250720e-02;1.8250000e+02;6.1614320e-02;1.8250000e+02;9.0498909e-02;1.8250000e+02;1.2102748e-01;1.8250000e+02;1.5411951e-01;1.8250000e+02;1.8793827e-01;1.8250000e+02;2.2674042e-01;1.8250000e+02;2.6205325e-01;1.8250000e+02;2.8440914e-01;1.8250000e+02;2.8613436e-01;1.8250000e+02;2.6800376e-01;1.8250000e+02;2.3317428e-01;1.8250000e+02;1.8880139e-01;1.8250000e+02;1.3735679e-01;1.8250000e+02;8.9843959e-02;1.8250000e+02;4.8391327e-02;1.8250000e+02;4.4617048e-03;1.8250000e+02;1.8464126e-02;1.8250000e+02;3.7250720e-02;1.8250000e+02;6.1614320e-02;1.8250000e+02;9.0498909e-02;1.8250000e+02;1.2102748e-01;1.8250000e+02;1.5411951e-01;1.8250000e+02;1.8793827e-01;1.8250000e+02;2.2674042e-01;1.8250000e+02;2.6205325e-01;1.8250000e+02;2.8440914e-01;1.8250000e+02;2.8613436e-01;1.8250000e+02;2.6800376e-01;1.8250000e+02;2.3317428e-01;1.8250000e+02;1.8880139e-01;1.8250000e+02;1.3735679e-01;1.8250000e+02;8.9843959e-02;1.8250000e+02;4.8391327e-02;1.8250000e+02;4.4617048e-03;1.8250000e+02;1.8464126e-02;1.8250000e+02;3.7250720e-02;1.8250000e+02;6.1614320e-02;1.8250000e+02;9.0498909e-02;1.8250000e+02;1.2102748e-01;1.8250000e+02;1.5411951e-01;1.8250000e+02;1.8793827e-01;1.8250000e+02;2.2674042e-01;1.8250000e+02;2.6205325e-01;1.8250000e+02;2.8440914e-01;1.8250000e+02;2.8613436e-01;1.8250000e+02;2.6800376e-01;1.8250000e+02;2.3317428e-01;1.8250000e+02;1.8880139e-01;1.8250000e+02;1.3735679e-01;1.8250000e+02;8.9843959e-02;1.8250000e+02;4.8391327e-02;1.8250000e+02;4.4617048e-03;1.8250000e+02;1.8464126e-02;1.8250000e+02;3.7250720e-02;1.8250000e+02;6.1614320e-02;1.8250000e+02;9.0498909e-02;1.8250000e+02;1.2102748e-01;1.8250000e+02;1.5411951e-01;1.8250000e+02;1.8793827e-01;1.8250000e+02;2.2674042e-01;1.8250000e+02;2.6205325e-01;1.8250000e+02;2.8440914e-01;1.8250000e+02;2.8613436e-01;1.8250000e+02;2.6800376e-01;1.8250000e+02;2.3317428e-01;1.8250000e+02;1.8880139e-01;1.8250000e+02;1.3735679e-01;1.8250000e+02;8.9843959e-02;1.8250000e+02;4.8391327e-02;1.8250000e+02;4.4617048e-03;1.8250000e+02;1.8464126e-02;1.8250000e+02;3.7250720e-02;1.8250000e+02;6.1614320e-02;1.8250000e+02;9.0498909e-02;1.8250000e+02;1.2102748e-01;1.8250000e+02;1.5411951e-01;1.8250000e+02;1.8793827e-01;1.8250000e+02;2.2674042e-01;1.8250000e+02;2.6205325e-01;1.8250000e+02;2.8440914e-01;1.8250000e+02;2.8613436e-01;1.8250000e+02;2.6800376e-01;1.8250000e+02;2.3317428e-01;1.8250000e+02;1.8880139e-01;1.8250000e+02;1.3735679e-01;1.8250000e+02;8.9843959e-02;1.8250000e+02;4.8391327e-02;1.8250000e+02;4.4617048e-03;1.8250000e+02;1.8464126e-02;1.8250000e+02;3.7250720e-02;1.8250000e+02;6.1614320e-02;1.8250000e+02;9.0498909e-02;1.8250000e+02;1.2102748e-01;1.8250000e+02;1.5411951e-01;1.8250000e+02;1.8793827e-01;1.8250000e+02;2.2674042e-01;1.8250000e+02;2.6205325e-01;1.8250000e+02;2.8440914e-01;1.8250000e+02;2.8613436e-01;1.8250000e+02;2.6800376e-01;1.8250000e+02;2.3317428e-01;1.8250000e+02;1.8880139e-01;1.8250000e+02;1.3735679e-01;1.8250000e+02;8.9843959e-02;1.8250000e+02;4.8391327e-02;1.8250000e+02;4.4617048e-03;1.8250000e+02;1.8464126e-02;1.8250000e+02;3.7250720e-02;1.8250000e+02;6.1614320e-02;1.8250000e+02;9.0498909e-02;1.8250000e+02;1.2102748e-01;1.8250000e+02;1.5411951e-01;1.8250000e+02;1.8793827e-01;1.8250000e+02;2.2674042e-01;1.8250000e+02;2.6205325e-01;1.8250000e+02;2.8440914e-01;1.8250000e+02;2.8613436e-01;1.8250000e+02;2.6800376e-01;1.8250000e+02;2.3317428e-01;1.8250000e+02;1.8880139e-01;1.8250000e+02;1.3735679e-01;1.8250000e+02;8.9843959e-02;1.8250000e+02;4.8391327e-02;1.8250000e+02;4.4617048e-03;1.8250000e+02;1.8464126e-02;1.8250000e+02;3.7250720e-02;1.8250000e+02;6.1614320e-02;1.8250000e+02;9.0498909e-02;1.8250000e+02;1.2102748e-01;1.8250000e+02;1.5411951e-01;1.8250000e+02;1.8793827e-01;1.8250000e+02;2.2674042e-01;1.8250000e+02;2.6205325e-01;1.8250000e+02;2.8440914e-01;1.8250000e+02;2.8613436e-01;1.8250000e+02;2.6800376e-01;1.8250000e+02;2.3317428e-01;1.8250000e+02;1.8880139e-01;1.8250000e+02;1.3735679e-01;1.8250000e+02;8.9843959e-02;1.8250000e+02;4.8391327e-02
1.8750000e+02;3.7412937e-03;1.8750000e+02;1.8334825e-02;1.8750000e+02;3.6930159e-02;1.8750000e+02;6.1277397e-02;1.8750000e+02;8.9511193e-02;1.8750000e+02;1.2002052e-01;1.8750000e+02;1.5223294e-01;1.8750000e+02;1.8930270e-01;1.8750000e+02;2.2670817e-01;1.8750000e+02;2.5688857e-01;1.8750000e+02;2.7640617e-01;1.8750000e+02;2.8188735e-01;1.8750000e+02;2.6975003e-01;1.8750000e+02;2.3730175e-01;1.8750000e+02;1.9289251e-01;1.8750000e+02;1.4017589e-01;1.8750000e+02;9.0415619e-02;1.8750000e+02;4.7270209e-02;1.8750000e+02;3.7412937e-03;1.8750000e+02;1.8334825e-02;1.8750000e+02;3.6930159e-02;1.8750000e+02;6.1277397e-02;1.8750000e+02;8.9511193e-02;1.8750000e+02;1.2002052e-01;1.8750000e+02;1.5223294e-01;1.8750000e+02;1.8930270e-01;1.8750000e+02;2.2670817e-01;1.8750000e+02;2.5688857e-01;1.8750000e+02;2.7640617e-01;1.8750000e+02;2.8188735e-01;1.8750000e+02;2.6975003e-01;1.8750000e+02;2.3730175e-01;1.8750000e+02;1.9289251e-01;1.8750000e+02;1.4017589e-01;1.8750000e+02;9.0415619e-02;1.8750000e+02;4.7270209e-02;1.8750000e+02;3.7412937e-03;1.8750000e+02;1.8334825e-02;1.8750000e+02;3.6930159e-02;1.8750000e+02;6.1277397e-02;1.8750000e+02;8.9511193e-02;1.8750000e+02;1.2002052e-01;1.8750000e+02;1.5223294e-01;1.8750000e+02;1.8930270e-01;1.8750000e+02;2.2670817e-01;1.8750000e+02;2.5688857e-01;1.8750000e+02;2.7640617e-01;1.8750000e+02;2.8188735e-01;1.8750000e+02;2.6975003e-01;1.8750000e+02;2.3730175e-01;1.8750000e+02;1.9289251e-01;1.8750000e+02;1.4017589e-01;1.8750000e+02;9.0415619e-02;1.8750000e+02;4.7270209e-02;1.8750000e+02;3.7412937e-03;1.8750000e+02;1.8334825e-02;1.8750000e+02;3.6930159e-02;1.8750000e+02;6.1277397e-02;1.8750000e+02;8.9511193e-02;1.8750000e+02;1.2002052e-01;1.8750000e+02;1.5223294e-01;1.8750000e+02;1.8930270e-01;1.8750000e+02;2.2670817e-01;1.8750000e+02;2.5688857e-01;1.8750000e+02;2.7640617e-01;1.8750000e+02;2.8188735e-01;1.8750000e+02;2.6975003e-01;1.8750000e+02;2.3730175e-01;1.8750000e+02;1.9289251e-01;1.8750000e+02;1.4017589e-01;1.8750000e+02;9.0415619e-02;1.8750000e+02;4.7270209e-02;1.8750000e+02;3.7412937e-03;1.8750000e+02;1.8334825e-02;1.8750000e+02;3.6930159e-02;1.8750000e+02;6.1277397e-02;1.8750000e+02;8.9511193e-02;1.8750000e+02;1.2002052e-01;1.8750000e+02;1.5223294e-01;1.8750000e+02;1.8930270e-01;1.8750000e+02;2.2670817e-01;1.8750000e+02;2.5688857e-01;1.8750000e+02;2.7640617e-01;1.8750000e+02;2.8188735e-01;1.8750000e+02;2.6975003e-01;1.8750000e+02;2.3730175e-01;1.8750000e+02;1.9289251e-01;1.8750000e+02;1.4017589e-01;1.8750000e+02;9.0415619e-02;1.8750000e+02;4.7270209e-02;1.8750000e+02;3.7412937e-03;1.8750000e+02;1.8334825e-02;1.8750000e+02;3.6930159e-02;1.8750000e+02;6.1277397e-02;1.8750000e+02;8.9511193e-02;1.8750000e+02;1.2002052e-01;1.8750000e+02;1.5223294e-01;1.8750000e+02;1.8930270e-01;1.8750000e+02;2.2670817e-01;1.8750000e+02;2.5688857e-01;1.8750000e+02;2.7640617e-01;1.8750000e+02;2.8188735e-01;1.8750000e+02;2.6975003e-01;1.8750000e+02;2.3730175e-01;1.8750000e+02;1.9289251e-01;1.8750000e+02;1.4017589e-01;1.8750000e+02;9.0415619e-02;1.8750000e+02;4.7270209e-02;1.8750000e+02;3.7412937e-03;1.8750000e+02;1.8334825e-02;1.8750000e+02;3.6930159e-02;1.8750000e+02;6.1277397e-02;1.8750000e+02;8.9511193e-02;1.8750000e+02;1.2002052e-01;1.8750000e+02;1.5223294e-01;1.8750000e+02;1.8930270e-01;1.8750000e+02;2.2670817e-01;1.8750000e+02;2.5688857e-01;1.8750000e+02;2.7640617e-01;1.8750000e+02;2.8188735e-01;1.8750000e+02;2.6975003e-01;1.8750000e+02;2.3730175e-01;1.8750000e+02;1.9289251e-01;1.8750000e+02;1.4017589e-01;1.8750000e+02;9.0415619e-02;1.8750000e+02;4.7270209e-02;1.8750000e+02;3.7412937e-03;1.8750000e+02;1.8334825e-02;1.8750000e+02;3.6930159e-02;1.8750000e+02;6.1277397e-02;1.8750000e+02;8.9511193e-02;1.8750000e+02;1.2002052e-01;1.8750000e+02;1.5223294e-01;1.8750000e+02;1.8930270e-01;1.8750000e+02;2.2670817e-01;1.8750000e+02;2.5688857e-01;1.8750000e+02;2.7640617e-01;1.8750000e+02;2.8188735e-01;1.8750000e+02;2.6975003e-01;1.8750000e+02;2.3730175e-01;1.8750000e+02;1.9289251e-01;1.8750000e+02;1.4017589e-01;1.8750000e+02;9.0415619e-02;1.8750000e+02;4.7270209e-02;1.8750000e+02;3.7412937e-03;1.8750000e+02;1.8334825e-02;1.8750000e+02;3.6930159e-02;1.8750000e+02;6.1277397e-02;1.8750000e+02;8.9511193e-02;1.8750000e+02;1.2002052e-01;1.8750000e+02;1.5223294e-01;1.8750000e+02;1.8930270e-01;1.8750000e+02;2.2670817e-01;1.8750000e+02;2.5688857e-01;1.8750000e+02;2.7640617e-01;1.8750000e+02;2.8188735e-01;1.8750000e+02;2.6975003e-01;1.8750000e+02;2.3730175e-01;1.8750000e+02;1.9289251e-01;1.8750000e+02;1.4017589e-01;1.8750000e+02;9.0415619e-02;1.8750000e+02;4.7270209e-02;1.8750000e+02;3.7412937e-03;1.8750000e+02;1.8334825e-02;1.8750000e+02;3.6930159e-02;1.8750000e+02;6.1277397e-02;1.8750000e+02;8.9511193e-02;1.8750000e+02;1.2002052e-01;1.8750000e+02;1.5223294e-01;1.8750000e+02;1.8930270e-01;1.8750000e+02;2.2670817e-01;1.8750000e+02;2.5688857e-01;1.8750000e+02;2.7640617e-01;1.8750000e+02;2.8188735e-01;1.8750000e+02;2.6975003e-01;1.8750000e+02;2.3730175e-01;1.8750000e+02;1.9289251e-01;1.8750000e+02;1.4017589e-01;1.8750000e+02;9.0415619e-02;1.8750000e+02;4.7270209e-02;1.8750000e+02;3.7412937e-03;1.8750000e+02;1.8334825e-02;1.8750000e+02;3.6930159e-02;1.8750000e+02;6.1277397e-02;1.8750000e+02;8.9511193e-02;1.8750000e+02;1.2002052e-01;1.8750000e+02;1.5223294e-01;1.8750000e+02;1.8930270e-01;1.8750000e+02;2.2670817e-01;1.8750000e+02;2.5688857e-01;1.8750000e+02;2.7640617e-01;1.8750000e+02;2.8188735e-01;1.8750000e+02;2.6975003e-01;1.8750000e+02;2.3730175e-01;1.8750000e+02;1.9289251e-01;1.8750000e+02;1.4017589e-01;1.8750000e+02;9.0415619e-02;1.8750000e+02;4.7270209e-02;1.8750000e+02;3.7412937e-03;1.8750000e+02;1.8334825e-02;1.8750000e+02;3.6930159e-02;1.8750000e+02;6.1277397e-02;1.8750000e+02;8.9511193e-02;1.8750000e+02;1.2002052e-01;1.8750000e+02;1.5223294e-01;1.8750000e+02;1.8930270e-01;1.8750000e+02;2.2670817e-01;1.8750000e+02;2.5688857e-01;1.8750000e+02;2.7640617e-01;1.8750000e+02;2.8188735e-01;1.8750000e+02;2.6975003e-01;1.8750000e+02;2.3730175e-01;1.8750000e+02;1.9289251e-01;1.8750000e+02;1.4017589e-01;1.8750000e+02;9.0415619e-02;1.8750000e+02;4.7270209e-02;1.8750000e+02;3.7412937e-03;1.8750000e+02;1.8334825e-02;1.8750000e+02;3.6930159e-02;1.8750000e+02;6.1277397e-02;1.8750000e+02;8.9511193e-02;1.8750000e+02;1.2002052e-01;1.8750000e+02;1.5223294e-01;1.8750000e+02;1.8930270e-01;1.8750000e+02;2.2670817e-01;1.8750000e+02;2.5688857e-01;1.8750000e+02;2.7640617e-01;1.8750000e+02;2.8188735e-01;1.8750000e+02;2.6975003e-01;1.8750000e+02;2.3730175e-01;1.8750000e+02;1.9289251e-01;1.8750000e+02;1.4017589e-01;1.8750000e+02;9.0415619e-02;1.8750000e+02;4.7270209e-02;1.8750000e+02;3.7412937e-03;1.8750000e+02;1.8334825e-02;1.8750000e+02;3.6930159e-02;1.8750000e+02;6.1277397e-02;1.8750000e+02;8.9511193e-02;1.8750000e+02;1.2002052e-01;1.8750000e+02;1.5223294e-01;1.8750000e+02;1.8930270e-01;1.8750000e+02;2.2670817e-01;1.8750000e+02;2.5688857e-01;1.8750000e+02;2.7640617e-01;1.8750000e+02;2.8188735e-01;1.8750000e+02;2.6975003e-01;1.8750000e+02;2.3730175e-01;1.8750000e+02;1.9289251e-01;1.8750000e+02;1.4017589e-01;1.8750000e+02;9.0415619e-02;1.8750000e+02;4.7270209e-02;1.8750000e+02;3.7412937e-03;1.8750000e+02;1.8334825e-02;1.8750000e+02;3.6930159e-02;1.8750000e+02;6.1277397e-02;1.8750000e+02;8.9511193e-02;1.8750000e+02;1.2002052e-01;1.8750000e+02;1.5223294e-01;1.8750000e+02;1.8930270e-01;1.8750000e+02;2.2670817e-01;1.8750000e+02;2.5688857e-01;1.8750000e+02;2.7640617e-01;1.8750000e+02;2.8188735e-01;1.8750000e+02;2.6975003e-01;1.8750000e+02;2.3730175e-01;1.8750000e+02;1.9289251e-01;1.8750000e+02;1.4017589e-01;1.8750000e+02;9.0415619e-02;1.8750000e+02;4.7270209e-02;1.8750000e+02;3.7412937e-03;1.8750000e+02;1.8334825e-02;1.8750000e+02;3.6930159e-02;1.8750000e+02;6.1277397e-02;1.8750000e+02;8.9511193e-02;1.8750000e+02;1.2002052e-01;1.8750000e+02;1.5223294e-01;1.8750000e+02;1.8930270e-01;1.8750000e+02;2.2670817e-01;1.8750000e+02;2.5688857e-01;1.8750000e+02;2.7640617e-01;1.8750000e+02;2.8188735e-01;1.8750000e+02;2.6975003e-01;1.8750000e+02;2.3730175e-01;1.8750000e+02;1.9289251e-01;1.8750000e+02;1.4017589e-01;1.8750000e+02;9.0415619e-02;1.8750000e+02;4.7270209e-02;1.8750000e+02;3.7412937e-03;1.8750000e+02;1.8334825e-02;1.8750000e+02;3.6930159e-02;1.8750000e+02;6.1277397e-02;1.8750000e+02;8.9511193e-02;1.8750000e+02;1.2002052e-01;1.8750000e+02;1.5223294e-01;1.8750000e+02;1.8930270e-01;1.8750000e+02;2.2670817e-01;1.8750000e+02;2.5688857e-01;1.8750000e+02;2.7640617e-01;1.8750000e+02;2.8188735e-01;1.8750000e+02;2.6975003e-01;1.8750000e+02;2.3730175e-01;1.8750000e+02;1.9289251e-01;1.8750000e+02;1.4017589e-01;1.8750000e+02;9.0415619e-02;1.8750000e+02;4.7270209e-02;1.8750000e+02;3.7412937e-03;1.8750000e+02;1.8334825e-02;1.8750000e+02;3.6930159e-02;1.8750000e+02;6.1277397e-02;1.8750000e+02;8.9511193e-02;1.8750000e+02;1.2002052e-01;1.8750000e+02;1.5223294e-01;1.8750000e+02;1.8930270e-01;1.8750000e+02;2.2670817e-01;1.8750000e+02;2.5688857e-01;1.8750000e+02;2.7640617e-01;1.8750000e+02;2.8188735e-01;1.8750000e+02;2.6975003e-01;1.8750000e+02;2.3730175e-01;1.8750000e+02;1.9289251e-01;1.8750000e+02;1.4017589e-01;1.8750000e+02;9.0415619e-02;1.8750000e+02;4.7270209e-02;1.8750000e+02;3.7412937e-03;1.8750000e+02;1.8334825e-02;1.8750000e+02;3.6930159e-02;1.8750000e+02;6.1277397e-02;1.8750000e+02;8.9511193e-02;1.8750000e+02;1.2002052e-01;1.8750000e+02;1.5223294e-01;1.8750000e+02;1.8930270e-01;1.8750000e+02;2.2670817e-01;1.8750000e+02;2.5688857e-01;1.8750000e+02;2.7640617e-01;1.8750000e+02;2.8188735e-01;1.8750000e+02;2.6975003e-01;1.8750000e+02;2.3730175e-01;1.8750000e+02;1.9289251e-01;1.8750000e+02;1.4017589e-01;1.8750000e+02;9.0415619e-02;1.8750000e+02;4.7270209e-02;1.8750000e+02;3.7412937e-03;1.8750000e+02;1.8334825e-02;1.8750000e+02;3.6930159e-02;1.8750000e+02;6.1277397e-02;1.8750000e+02;8.9511193e-02;1.8750000e+02;1.2002052e-01;1.8750000e+02;1.5223294e-01;1.8750000e+02;1.8930270e-01;1.8750000e+02;2.2670817e-01;1.8750000e+02;2.5688857e-01;1.8750000e+02;2.7640617e-01;1.8750000e+02;2.8188735e-01;1.8750000e+02;2.6975003e-01;1.8750000e+02;2.3730175e-01;1.8750000e+02;1.9289251e-01;1.8750000e+02;1.4017589e-01;1.8750000e+02;9.0415619e-02;1.8750000e+02;4.7270209e-02;1.8750000e+02;3.7412937e-03;1.8750000e+02;1.8334825e-02;1.8750000e+02;3.6930159e-02;1.8750000e+02;6.1277397e-02;1.8750000e+02;8.9511193e-02;1.8750000e+02;1.2002052e-01;1.8750000e+02;1.5223294e-01;1.8750000e+02;1.8930270e-01;1.8750000e+02;2.2670817e-01;1.8750000e+02;2.5688857e-01;1.8750000e+02;2.7640617e-01;1.8750000e+02;2.8188735e-01;1.8750000e+02;2.6975003e-01;1.8750000e+02;2.3730175e-01;1.8750000e+02;1.9289251e-01;1.8750000e+02;1.4017589e-01;1.8750000e+02;9.0415619e-02;1.8750000e+02;4.7270209e-02;1.8750000e+02;3.7412937e-03;1.8750000e+02;1.8334825e-02;1.8750000e+02;3.6930159e-02;1.8750000e+02;6.1277397e-02;1.8750000e+02;8.9511193e-02;1.8750000e+02;1.2002052e-01;1.8750000e+02;1.5223294e-01;1.8750000e+02;1.8930270e-01;1.8750000e+02;2.2670817e-01;1.8750000e+02;2.5688857e-01;1.8750000e+02;2.7640617e-01;1.8750000e+02;2.8188735e-01;1.8750000e+02;2.6975003e-01;1.8750000e+02;2.3730175e-01;1.8750000e+02;1.9289251e-01;1.8750000e+02;1.4017589e-01;1.8750000e+02;9.0415619e-02;1.8750000e+02;4.7270209e-02;1.8750000e+02;3.7412937e-03;1.8750000e+02;1.8334825e-02;1.8750000e+02;3.6930159e-02;1.8750000e+02;6.1277397e-02;1.8750000e+02;8.9511193e-02;1.8750000e+02;1.2002052e-01;1.8750000e+02;1.5223294e-01;1.8750000e+02;1.8930270e-01;1.8750000e+02;2.2670817e-01;1.8750000e+02;2.5688857e-01;1.8750000e+02;2.7640617e-01;1.8750000e+02;2.8188735e-01;1.8750000e+02;2.6975003e-01;1.8750000e+02;2.3730175e-01;1.8750000e+02;1.9289251e-01;1.8750000e+02;1.4017589e-01;1.8750000e+02;9.0415619e-02;1.8750000e+02;4.7270209e-02;1.8750000e+02;3.7412937e-03;1.8750000e+02;1.8334825e-02;1.8750000e+02;3.6930159e-02;1.8750000e+02;6.1277397e-02;1.8750000e+02;8.9511193e-02;1.8750000e+02;1.2002052e-01;1.8750000e+02;1.5223294e-01;1.8750000e+02;1.8930270e-01;1.8750000e+02;2.2670817e-01;1.8750000e+02;2.5688857e-01;1.8750000e+02;2.7640617e-01;1.8750000e+02;2.8188735e-01;1.8750000e+02;2.6975003e-01;1.8750000e+02;2.3730175e-01;1.8750000e+02;1.9289251e-01;1.8750000e+02;1.4017589e-01;1.8750000e+02;9.0415619e-02;1.8750000e+02;4.7270209e-02;1.8750000e+02;3.7412937e-03;1.8750000e+02;1.8334825e-02;1.8750000e+02;3.6930159e-02;1.8750000e+02;6.1277397e-02;1.8750000e+02;8.9511193e-02;1.8750000e+02;1.2002052e-01;1.8750000e+02;1.5223294e-01;1.8750000e+02;1.8930270e-01;1.8750000e+02;2.2670817e-01;1.8750000e+02;2.5688857e-01;1.8750000e+02;2.7640617e-01;1.8750000e+02;2.8188735e-01;1.8750000e+02;2.6975003e-01;1.8750000e+02;2.3730175e-01;1.8750000e+02;1.9289251e-01;1.8750000e+02;1.4017589e-01;1.8750000e+02;9.0415619e-02;1.8750000e+02;4.7270209e-02;1.8750000e+02;3.7412937e-03;1.8750000e+02;1.8334825e-02;1.8750000e+02;3.6930159e-02;1.8750000e+02;6.1277397e-02;1.8750000e+02;8.9511193e-02;1.8750000e+02;1.2002052e-01;1.8750000e+02;1.5223294e-01;1.8750000e+02;1.8930270e-01;1.8750000e+02;2.2670817e-01;1.8750000e+02;2.5688857e-01;1.8750000e+02;2.7640617e-01;1.8750000e+02;2.8188735e-01;1.8750000e+02;2.6975003e-01;1.8750000e+02;2.3730175e-01;1.8750000e+02;1.9289251e-01;1.8750000e+02;1.4017589e-01;1.8750000e+02;9.0415619e-02;1.8750000e+02;4.7270209e-02;1.8750000e+02;3.7412937e-03;1.8750000e+02;1.8334825e-02;1.8750000e+02;3.6930159e-02;1.8750000e+02;6.1277397e-02;1.8750000e+02;8.9511193e-02;1.8750000e+02;1.2002052e-01;1.8750000e+02;1.5223294e-01;1.8750000e+02;1.8930270e-01;1.8750000e+02;2.2670817e-01;1.8750000e+02;2.5688857e-01;1.8750000e+02;2.7640617e-01;1.8750000e+02;2.8188735e-01;1.8750000e+02;2.6975003e-01;1.8750000e+02;2.3730175e-01;1.8750000e+02;1.9289251e-01;1.8750000e+02;1.4017589e-01;1.8750000e+02;9.0415619e-02;1.8750000e+02;4.7270209e-02;1.8750000e+02;3.7412937e-03;1.8750000e+02;1.8334825e-02;1.8750000e+02;3.6930159e-02;1.8750000e+02;6.1277397e-02;1.8750000e+02;8.9511193e-02;1.8750000e+02;1.2002052e-01;1.8750000e+02;1.5223294e-01;1.8750000e+02;1.8930270e-01;1.8750000e+02;2.2670817e-01;1.8750000e+02;2.5688857e-01;1.8750000e+02;2.7640617e-01;1.8750000e+02;2.8188735e-01;1.8750000e+02;2.6975003e-01;1.8750000e+02;2.3730175e-01;1.8750000e+02;1.9289251e-01;1.8750000e+02;1.4017589e-01;1.8750000e+02;9.0415619e-02;1.8750000e+02;4.7270209e-02;1.8750000e+02;3.7412937e-03;1.8750000e+02;1.8334825e-02;1.8750000e+02;3.6930159e-02;1.8750000e+02;6.1277397e-02;1.8750000e+02;8.9511193e-02;1.8750000e+02;1.2002052e-01;1.8750000e+02;1.5223294e-01;1.8750000e+02;1.8930270e-01;1.8750000e+02;2.2670817e-01;1.8750000e+02;2.5688857e-01;1.8750000e+02;2.7640617e-01;1.8750000e+02;2.8188735e-01;1.8750000e+02;2.6975003e-01;1.8750000e+02;2.3730175e-01;1.8750000e+02;1.9289251e-01;1.8750000e+02;1.4017589e-01;1.8750000e+02;9.0415619e-02;1.8750000e+02;4.7270209e-02;1.8750000e+02;3.7412937e-03;1.8750000e+02;1.8334825e-02;1.8750000e+02;3.6930159e-02;1.8750000e+02;6.1277397e-02;1.8750000e+02;8.9511193e-02;1.8750000e+02;1.2002052e-01;1.8750000e+02;1.5223294e-01;1.8750000e+02;1.8930270e-01;1.8750000e+02;2.2670817e-01;1.8750000e+02;2.5688857e-01;1.8750000e+02;2.7640617e-01;1.8750000e+02;2.8188735e-01;1.8750000e+02;2.6975003e-01;1.8750000e+02;2.3730175e-01;1.8750000e+02;1.9289251e-01;1.8750000e+02;1.4017589e-01;1.8750000e+02;9.0415619e-02;1.8750000e+02;4.7270209e-02;1.8750000e+02;3.7412937e-03;1.8750000e+02;1.8334825e-02;1.8750000e+02;3.6930159e-02;1.8750000e+02;6.1277397e-02;1.8750000e+02;8.9511193e-02;1.8750000e+02;1.2002052e-01;1.8750000e+02;1.5223294e-01;1.8750000e+02;1.8930270e-01;1.8750000e+02;2.2670817e-01;1.8750000e+02;2.5688857e-01;1.8750000e+02;2.7640617e-01;1.8750000e+02;2.8188735e-01;1.8750000e+02;2.6975003e-01;1.8750000e+02;2.3730175e-01;1.8750000e+02;1.9289251e-01;1.8750000e+02;1.4017589e-01;1.8750000e+02;9.0415619e-02;1.8750000e+02;4.7270209e-02;1.8750000e+02;3.7412937e-03;1.8750000e+02;1.8334825e-02;1.8750000e+02;3.6930159e-02;1.8750000e+02;6.1277397e-02;1.8750000e+02;8.9511193e-02;1.8750000e+02;1.2002052e-01;1.8750000e+02;1.5223294e-01;1.8750000e+02;1.8930270e-01;1.8750000e+02;2.2670817e-01;1.8750000e+02;2.5688857e-01;1.8750000e+02;2.7640617e-01;1.8750000e+02;2.8188735e-01;1.8750000e+02;2.6975003e-01;1.8750000e+02;2.3730175e-01;1.8750000e+02;1.9289251e-01;1.8750000e+02;1.4017589e-01;1.8750000e+02;9.0415619e-02;1.8750000e+02;4.7270209e-02;1.8750000e+02;3.7412937e-03;1.8750000e+02;1.8334825e-02;1.8750000e+02;3.6930159e-02;1.8750000e+02;6.1277397e-02;1.8750000e+02;8.9511193e-02;1.8750000e+02;1.2002052e-01;1.8750000e+02;1.5223294e-01;1.8750000e+02;1.8930270e-01;1.8750000e+02;2.2670817e-01;1.8750000e+02;2.5688857e-01;1.8750000e+02;2.7640617e-01;1.8750000e+02;2.8188735e-01;1.8750000e+02;2.6975003e-01;1.8750000e+02;2.3730175e-01;1.8750000e+02;1.9289251e-01;1.8750000e+02;1.4017589e-01;1.8750000e+02;9.0415619e-02;1.8750000e+02;4.7270209e-02;1.8750000e+02;3.7412937e-03;1.8750000e+02;1.8334825e-02;1.8750000e+02;3.6930159e-02;1.8750000e+02;6.1277397e-02;1.8750000e+02;8.9511193e-02;1.8750000e+02;1.2002052e-01;1.8750000e+02;1.5223294e-01;1.8750000e+02;1.8930270e-01;1.8750000e+02;2.2670817e-01;1.8750000e+02;2.5688857e-01;1.8750000e+02;2.7640617e-01;1.8750000e+02;2.8188735e-01;1.8750000e+02;2.6975003e-01;1.8750000e+02;2.3730175e-01;1.8750000e+02;1.9289251e-01;1.8750000e+02;1.4017589e-01;1.8750000e+02;9.0415619e-02;1.8750000e+02;4.7270209e-02;1.8750000e+02;3.7412937e-03;1.8750000e+02;1.8334825e-02;1.8750000e+02;3.6930159e-02;1.8750000e+02;6.1277397e-02;1.8750000e+02;8.9511193e-02;1.8750000e+02;1.2002052e-01;1.8750000e+02;1.5223294e-01;1.8750000e+02;1.8930270e-01;1.8750000e+02;2.2670817e-01;1.8750000e+02;2.5688857e-01;1.8750000e+02;2.7640617e-01;1.8750000e+02;2.8188735e-01;1.8750000e+02;2.6975003e-01;1.8750000e+02;2.3730175e-01;1.8750000e+02;1.9289251e-01;1.8750000e+02;1.4017589e-01;1.8750000e+02;9.0415619e-02;1.8750000e+02;4.7270209e-02;1.8750000e+02;3.7412937e-03;1.8750000e+02;1.8334825e-02;1.8750000e+02;3.6930159e-02;1.8750000e+02;6.1277397e-02;1.8750000e+02;8.9511193e-02;1.8750000e+02;1.2002052e-01;1.8750000e+02;1.5223294e-01;1.8750000e+02;1.8930270e-01;1.8750000e+02;2.2670817e-01;1.8750000e+02;2.5688857e-01;1.8750000e+02;2.7640617e-01;1.8750000e+02;2.8188735e-01;1.8750000e+02;2.6975003e-01;1.8750000e+02;2.3730175e-01;1.8750000e+02;1.9289251e-01;1.8750000e+02;1.4017589e-01;1.8750000e+02;9.0415619e-02;1.8750000e+02;4.7270209e-02;1.8750000e+02;3.7412937e-03;1.8750000e+02;1.8334825e-02;1.8750000e+02;3.6930159e-02;1.8750000e+02;6.1277397e-02;1.8750000e+02;8.9511193e-02;1.8750000e+02;1.2002052e-01;1.8750000e+02;1.5223294e-01;1.8750000e+02;1.8930270e-01;1.8750000e+02;2.2670817e-01;1.8750000e+02;2.5688857e-01;1.8750000e+02;2.7640617e-01;1.8750000e+02;2.8188735e-01;1.8750000e+02;2.6975003e-01;1.8750000e+02;2.3730175e-01;1.8750000e+02;1.9289251e-01;1.8750000e+02;1.4017589e-01;1.8750000e+02;9.0415619e-02;1.8750000e+02;4.7270209e-02;1.8750000e+02;3.7412937e-03;1.8750000e+02;1.8334825e-02;1.8750000e+02;3.6930159e-02;1.8750000e+02;6.1277397e-02;1.8750000e+02;8.9511193e-02;1.8750000e+02;1.2002052e-01;1.8750000e+02;1.5223294e-01;1.8750000e+02;1.8930270e-01;1.8750000e+02;2.2670817e-01;1.8750000e+02;2.5688857e-01;1.8750000e+02;2.7640617e-01;1.8750000e+02;2.8188735e-01;1.8750000e+02;2.6975003e-01;1.8750000e+02;2.3730175e-01;1.8750000e+02;1.9289251e-01;1.8750000e+02;1.4017589e-01;1.8750000e+02;9.0415619e-02;1.8750000e+02;4.7270209e-02;1.8750000e+02;3.7412937e-03;1.8750000e+02;1.8334825e-02;1.8750000e+02;3.6930159e-02;1.8750000e+02;6.1277397e-02;1.8750000e+02;8.9511193e-02;1.8750000e+02;1.2002052e-01;1.8750000e+02;1.5223294e-01;1.8750000e+02;1.8930270e-01;1.8750000e+02;2.2670817e-01;1.8750000e+02;2.5688857e-01;1.8750000e+02;2.7640617e-01;1.8750000e+02;2.8188735e-01;1.8750000e+02;2.6975003e-01;1.8750000e+02;2.3730175e-01;1.8750000e+02;1.9289251e-01;1.8750000e+02;1.4017589e-01;1.8750000e+02;9.0415619e-02;1.8750000e+02;4.7270209e-02;1.8750000e+02;3.7412937e-03;1.8750000e+02;1.8334825e-02;1.8750000e+02;3.6930159e-02;1.8750000e+02;6.1277397e-02;1.8750000e+02;8.9511193e-02;1.8750000e+02;1.2002052e-01;1.8750000e+02;1.5223294e-01;1.8750000e+02;1.8930270e-01;1.8750000e+02;2.2670817e-01;1.8750000e+02;2.5688857e-01;1.8750000e+02;2.7640617e-01;1.8750000e+02;2.8188735e-01;1.8750000e+02;2.6975003e-01;1.8750000e+02;2.3730175e-01;1.8750000e+02;1.9289251e-01;1.8750000e+02;1.4017589e-01;1.8750000e+02;9.0415619e-02;1.8750000e+02;4.7270209e-02;1.8750000e+02;3.7412937e-03;1.8750000e+02;1.8334825e-02;1.8750000e+02;3.6930159e-02;1.8750000e+02;6.1277397e-02;1.8750000e+02;8.9511193e-02;1.8750000e+02;1.2002052e-01;1.8750000e+02;1.5223294e-01;1.8750000e+02;1.8930270e-01;1.8750000e+02;2.2670817e-01;1.8750000e+02;2.5688857e-01;1.8750000e+02;2.7640617e-01;1.8750000e+02;2.8188735e-01;1.8750000e+02;2.6975003e-01;1.8750000e+02;2.3730175e-01;1.8750000e+02;1.9289251e-01;1.8750000e+02;1.4017589e-01;1.8750000e+02;9.0415619e-02;1.8750000e+02;4.7270209e-02;1.8750000e+02;3.7412937e-03;1.8750000e+02;1.8334825e-02;1.8750000e+02;3.6930159e-02;1.8750000e+02;6.1277397e-02;1.8750000e+02;8.9511193e-02;1.8750000e+02;1.2002052e-01;1.8750000e+02;1.5223294e-01;1.8750000e+02;1.8930270e-01;1.8750000e+02;2.2670817e-01;1.8750000e+02;2.5688857e-01;1.8750000e+02;2.7640617e-01;1.8750000e+02;2.8188735e-01;1.8750000e+02;2.6975003e-01;1.8750000e+02;2.3730175e-01;1.8750000e+02;1.9289251e-01;1.8750000e+02;1.4017589e-01;1.8750000e+02;9.0415619e-02;1.8750000e+02;4.7270209e-02;1.8750000e+02;3.7412937e-03;1.8750000e+02;1.8334825e-02;1.8750000e+02;3.6930159e-02;1.8750000e+02;6.1277397e-02;1.8750000e+02;8.9511193e-02;1.8750000e+02;1.2002052e-01;1.8750000e+02;1.5223294e-01;1.8750000e+02;1.8930270e-01;1.8750000e+02;2.2670817e-01;1.8750000e+02;2.5688857e-01;1.8750000e+02;2.7640617e-01;1.8750000e+02;2.8188735e-01;1.8750000e+02;2.6975003e-01;1.8750000e+02;2.3730175e-01;1.8750000e+02;1.9289251e-01;1.8750000e+02;1.4017589e-01;1.8750000e+02;9.0415619e-02;1.8750000e+02;4.7270209e-02;1.8750000e+02;3.7412937e-03;1.8750000e+02;1.8334825e-02;1.8750000e+02;3.6930159e-02;1.8750000e+02;6.1277397e-02;1.8750000e+02;8.9511193e-02;1.8750000e+02;1.2002052e-01;1.8750000e+02;1.5223294e-01;1.8750000e+02;1.8930270e-01;1.8750000e+02;2.2670817e-01;1.8750000e+02;2.5688857e-01;1.8750000e+02;2.7640617e-01;1.8750000e+02;2.8188735e-01;1.8750000e+02;2.6975003e-01;1.8750000e+02;2.3730175e-01;1.8750000e+02;1.9289251e-01;1.8750000e+02;1.4017589e-01;1.8750000e+02;9.0415619e-02;1.8750000e+02;4.7270209e-02;1.8750000e+02;3.7412937e-03;1.8750000e+02;1.8334825e-02;1.8750000e+02;3.6930159e-02;1.8750000e+02;6.1277397e-02;1.8750000e+02;8.9511193e-02;1.8750000e+02;1.2002052e-01;1.8750000e+02;1.5223294e-01;1.8750000e+02;1.8930270e-01;1.8750000e+02;2.2670817e-01;1.8750000e+02;2.5688857e-01;1.8750000e+02;2.7640617e-01;1.8750000e+02;2.8188735e-01;1.8750000e+02;2.6975003e-01;1.8750000e+02;2.3730175e-01;1.8750000e+02;1.9289251e-01;1.8750000e+02;1.4017589e-01;1.8750000e+02;9.0415619e-02;1.8750000e+02;4.7270209e-02;1.8750000e+02;3.7412937e-03;1.8750000e+02;1.8334825e-02;1.8750000e+02;3.6930159e-02;1.8750000e+02;6.1277397e-02;1.8750000e+02;8.9511193e-02;1.8750000e+02;1.2002052e-01;1.8750000e+02;1.5223294e-01;1.8750000e+02;1.8930270e-01;1.8750000e+02;2.2670817e-01;1.8750000e+02;2.5688857e-01;1.8750000e+02;2.7640617e-01;1.8750000e+02;2.8188735e-01;1.8750000e+02;2.6975003e-01;1.8750000e+02;2.3730175e-01;1.8750000e+02;1.9289251e-01;1.8750000e+02;1.4017589e-01;1.8750000e+02;9.0415619e-02;1.8750000e+02;4.7270209e-02;1.8750000e+02;3.7412937e-03;1.8750000e+02;1.8334825e-02;1.8750000e+02;3.6930159e-02;1.8750000e+02;6.1277397e-02;1.8750000e+02;8.9511193e-02;1.8750000e+02;1.2002052e-01;1.8750000e+02;1.5223294e-01;1.8750000e+02;1.8930270e-01;1.8750000e+02;2.2670817e-01;1.8750000e+02;2.5688857e-01;1.8750000e+02;2.7640617e-01;1.8750000e+02;2.8188735e-01;1.8750000e+02;2.6975003e-01;1.8750000e+02;2.3730175e-01;1.8750000e+02;1.9289251e-01;1.8750000e+02;1.4017589e-01;1.8750000e+02;9.0415619e-02;1.8750000e+02;4.7270209e-02;1.8750000e+02;3.7412937e-03;1.8750000e+02;1.8334825e-02;1.8750000e+02;3.6930159e-02;1.8750000e+02;6.1277397e-02;1.8750000e+02;8.9511193e-02;1.8750000e+02;1.2002052e-01;1.8750000e+02;1.5223294e-01;1.8750000e+02;1.8930270e-01;1.8750000e+02;2.2670817e-01;1.8750000e+02;2.5688857e-01;1.8750000e+02;2.7640617e-01;1.8750000e+02;2.8188735e-01;1.8750000e+02;2.6975003e-01;1.8750000e+02;2.3730175e-01;1.8750000e+02;1.9289251e-01;1.8750000e+02;1.4017589e-01;1.8750000e+02;9.0415619e-02;1.8750000e+02;4.7270209e-02;1.8750000e+02;3.7412937e-03;1.8750000e+02;1.8334825e-02;1.8750000e+02;3.6930159e-02;1.8750000e+02;6.1277397e-02;1.8750000e+02;8.9511193e-02;1.8750000e+02;1.2002052e-01;1.8750000e+02;1.5223294e-01;1.8750000e+02;1.8930270e-01;1.8750000e+02;2.2670817e-01;1.8750000e+02;2.5688857e-01;1.8750000e+02;2.7640617e-01;1.8750000e+02;2.8188735e-01;1.8750000e+02;2.6975003e-01;1.8750000e+02;2.3730175e-01;1.8750000e+02;1.9289251e-01;1.8750000e+02;1.4017589e-01;1.8750000e+02;9.0415619e-02;1.8750000e+02;4.7270209e-02;1.8750000e+02;3.7412937e-03;1.8750000e+02;1.8334825e-02;1.8750000e+02;3.6930159e-02;1.8750000e+02;6.1277397e-02;1.8750000e+02;8.9511193e-02;1.8750000e+02;1.2002052e-01;1.8750000e+02;1.5223294e-01;1.8750000e+02;1.8930270e-01;1.8750000e+02;2.2670817e-01;1.8750000e+02;2.5688857e-01;1.8750000e+02;2.7640617e-01;1.8750000e+02;2.8188735e-01;1.8750000e+02;2.6975003e-01;1.8750000e+02;2.3730175e-01;1.8750000e+02;1.9289251e-01;1.8750000e+02;1.4017589e-01;1.8750000e+02;9.0415619e-02;1.8750000e+02;4.7270209e-02;1.8750000e+02;3.7412937e-03;1.8750000e+02;1.8334825e-02;1.8750000e+02;3.6930159e-02;1.8750000e+02;6.1277397e-02;1.8750000e+02;8.9511193e-02;1.8750000e+02;1.2002052e-01;1.8750000e+02;1.5223294e-01;1.8750000e+02;1.8930270e-01;1.8750000e+02;2.2670817e-01;1.8750000e+02;2.5688857e-01;1.8750000e+02;2.7640617e-01;1.8750000e+02;2.8188735e-01;1.8750000e+02;2.6975003e-01;1.8750000e+02;2.3730175e-01;1.8750000e+02;1.9289251e-01;1.8750000e+02;1.4017589e-01;1.8750000e+02;9.0415619e-02;1.8750000e+02;4.7270209e-02;1.8750000e+02;3.7412937e-03;1.8750000e+02;1.8334825e-02;1.8750000e+02;3.6930159e-02;1.8750000e+02;6.1277397e-02;1.8750000e+02;8.9511193e-02;1.8750000e+02;1.2002052e-01;1.8750000e+02;1.5223294e-01;1.8750000e+02;1.8930270e-01;1.8750000e+02;2.2670817e-01;1.8750000e+02;2.5688857e-01;1.8750000e+02;2.7640617e-01;1.8750000e+02;2.8188735e-01;1.8750000e+02;2.6975003e-01;1.8750000e+02;2.3730175e-01;1.8750000e+02;1.9289251e-01;1.8750000e+02;1.4017589e-01;1.8750000e+02;9.0415619e-02;1.8750000e+02;4.7270209e-02;1.8750000e+02;3.7412937e-03;1.8750000e+02;1.8334825e-02;1.8750000e+02;3.6930159e-02;1.8750000e+02;6.1277397e-02;1.8750000e+02;8.9511193e-02;1.8750000e+02;1.2002052e-01;1.8750000e+02;1.5223294e-01;1.8750000e+02;1.8930270e-01;1.8750000e+02;2.2670817e-01;1.8750000e+02;2.5688857e-01;1.8750000e+02;2.7640617e-01;1.8750000e+02;2.8188735e-01;1.8750000e+02;2.6975003e-01;1.8750000e+02;2.3730175e-01;1.8750000e+02;1.9289251e-01;1.8750000e+02;1.4017589e-01;1.8750000e+02;9.0415619e-02;1.8750000e+02;4.7270209e-02;1.8750000e+02;3.7412937e-03;1.8750000e+02;1.8334825e-02;1.8750000e+02;3.6930159e-02;1.8750000e+02;6.1277397e-02;1.8750000e+02;8.9511193e-02;1.8750000e+02;1.2002052e-01;1.8750000e+02;1.5223294e-01;1.8750000e+02;1.8930270e-01;1.8750000e+02;2.2670817e-01;1.8750000e+02;2.5688857e-01;1.8750000e+02;2.7640617e-01;1.8750000e+02;2.8188735e-01;1.8750000e+02;2.6975003e-01;1.8750000e+02;2.3730175e-01;1.8750000e+02;1.9289251e-01;1.8750000e+02;1.4017589e-01;1.8750000e+02;9.0415619e-02;1.8750000e+02;4.7270209e-02;1.8750000e+02;3.7412937e-03;1.8750000e+02;1.8334825e-02;1.8750000e+02;3.6930159e-02;1.8750000e+02;6.1277397e-02;1.8750000e+02;8.9511193e-02;1.8750000e+02;1.2002052e-01;1.8750000e+02;1.5223294e-01;1.8750000e+02;1.8930270e-01;1.8750000e+02;2.2670817e-01;1.8750000e+02;2.5688857e-01;1.8750000e+02;2.7640617e-01;1.8750000e+02;2.8188735e-01;1.8750000e+02;2.6975003e-01;1.8750000e+02;2.3730175e-01;1.8750000e+02;1.9289251e-01;1.8750000e+02;1.4017589e-01;1.8750000e+02;9.0415619e-02;1.8750000e+02;4.7270209e-02;1.8750000e+02;3.7412937e-03;1.8750000e+02;1.8334825e-02;1.8750000e+02;3.6930159e-02;1.8750000e+02;6.1277397e-02;1.8750000e+02;8.9511193e-02;1.8750000e+02;1.2002052e-01;1.8750000e+02;1.5223294e-01;1.8750000e+02;1.8930270e-01;1.8750000e+02;2.2670817e-01;1.8750000e+02;2.5688857e-01;1.8750000e+02;2.7640617e-01;1.8750000e+02;2.8188735e-01;1.8750000e+02;2.6975003e-01;1.8750000e+02;2.3730175e-01;1.8750000e+02;1.9289251e-01;1.8750000e+02;1.4017589e-01;1.8750000e+02;9.0415619e-02;1.8750000e+02;4.7270209e-02;1.8750000e+02;3.7412937e-03;1.8750000e+02;1.8334825e-02;1.8750000e+02;3.6930159e-02;1.8750000e+02;6.1277397e-02;1.8750000e+02;8.9511193e-02;1.8750000e+02;1.2002052e-01;1.8750000e+02;1.5223294e-01;1.8750000e+02;1.8930270e-01;1.8750000e+02;2.2670817e-01;1.8750000e+02;2.5688857e-01;1.8750000e+02;2.7640617e-01;1.8750000e+02;2.8188735e-01;1.8750000e+02;2.6975003e-01;1.8750000e+02;2.3730175e-01;1.8750000e+02;1.9289251e-01;1.8750000e+02;1.4017589e-01;1.8750000e+02;9.0415619e-02;1.8750000e+02;4.7270209e-02;1.8750000e+02;3.7412937e-03;1.8750000e+02;1.8334825e-02;1.8750000e+02;3.6930159e-02;1.8750000e+02;6.1277397e-02;1.8750000e+02;8.9511193e-02;1.8750000e+02;1.2002052e-01;1.8750000e+02;1.5223294e-01;1.8750000e+02;1.8930270e-01;1.8750000e+02;2.2670817e-01;1.8750000e+02;2.5688857e-01;1.8750000e+02;2.7640617e-01;1.8750000e+02;2.8188735e-01;1.8750000e+02;2.6975003e-01;1.8750000e+02;2.3730175e-01;1.8750000e+02;1.9289251e-01;1.8750000e+02;1.4017589e-01;1.8750000e+02;9.0415619e-02;1.8750000e+02;4.7270209e-02;1.8750000e+02;3.7412937e-03;1.8750000e+02;1.8334825e-02;1.8750000e+02;3.6930159e-02;1.8750000e+02;6.1277397e-02;1.8750000e+02;8.9511193e-02;1.8750000e+02;1.2002052e-01;1.8750000e+02;1.5223294e-01;1.8750000e+02;1.8930270e-01;1.8750000e+02;2.2670817e-01;1.8750000e+02;2.5688857e-01;1.8750000e+02;2.7640617e-01;1.8750000e+02;2.8188735e-01;1.8750000e+02;2.6975003e-01;1.8750000e+02;2.3730175e-01;1.8750000e+02;1.9289251e-01;1.8750000e+02;1.4017589e-01;1.8750000e+02;9.0415619e-02;1.8750000e+02;4.7270209e-02;1.8750000e+02;3.7412937e-03;1.8750000e+02;1.8334825e-02;1.8750000e+02;3.6930159e-02;1.8750000e+02;6.1277397e-02;1.8750000e+02;8.9511193e-02;1.8750000e+02;1.2002052e-01;1.8750000e+02;1.5223294e-01;1.8750000e+02;1.8930270e-01;1.8750000e+02;2.2670817e-01;1.8750000e+02;2.5688857e-01;1.8750000e+02;2.7640617e-01;1.8750000e+02;2.8188735e-01;1.8750000e+02;2.6975003e-01;1.8750000e+02;2.3730175e-01;1.8750000e+02;1.9289251e-01;1.8750000e+02;1.4017589e-01;1.8750000e+02;9.0415619e-02;1.8750000e+02;4.7270209e-02;1.8750000e+02;3.7412937e-03;1.8750000e+02;1.8334825e-02;1.8750000e+02;3.6930159e-02;1.8750000e+02;6.1277397e-02;1.8750000e+02;8.9511193e-02;1.8750000e+02;1.2002052e-01;1.8750000e+02;1.5223294e-01;1.8750000e+02;1.8930270e-01;1.8750000e+02;2.2670817e-01;1.8750000e+02;2.5688857e-01;1.8750000e+02;2.7640617e-01;1.8750000e+02;2.8188735e-01;1.8750000e+02;2.6975003e-01;1.8750000e+02;2.3730175e-01;1.8750000e+02;1.9289251e-01;1.8750000e+02;1.4017589e-01;1.8750000e+02;9.0415619e-02;1.8750000e+02;4.7270209e-02;1.8750000e+02;3.7412937e-03;1.8750000e+02;1.8334825e-02;1.8750000e+02;3.6930159e-02;1.8750000e+02;6.1277397e-02;1.8750000e+02;8.9511193e-02;1.8750000e+02;1.2002052e-01;1.8750000e+02;1.5223294e-01;1.8750000e+02;1.8930270e-01;1.8750000e+02;2.2670817e-01;1.8750000e+02;2.5688857e-01;1.8750000e+02;2.7640617e-01;1.8750000e+02;2.8188735e-01;1.8750000e+02;2.6975003e-01;1.8750000e+02;2.3730175e-01;1.8750000e+02;1.9289251e-01;1.8750000e+02;1.4017589e-01;1.8750000e+02;9.0415619e-02;1.8750000e+02;4.7270209e-02;1.8750000e+02;3.7412937e-03;1.8750000e+02;1.8334825e-02;1.8750000e+02;3.6930159e-02;1.8750000e+02;6.1277397e-02;1.8750000e+02;8.9511193e-02;1.8750000e+02;1.2002052e-01;1.8750000e+02;1.5223294e-01;1.8750000e+02;1.8930270e-01;1.8750000e+02;2.2670817e-01;1.8750000e+02;2.5688857e-01;1.8750000e+02;2.7640617e-01;1.8750000e+02;2.8188735e-01;1.8750000e+02;2.6975003e-01;1.8750000e+02;2.3730175e-01;1.8750000e+02;1.9289251e-01;1.8750000e+02;1.4017589e-01;1.8750000e+02;9.0415619e-02;1.8750000e+02;4.7270209e-02;1.8750000e+02;3.7412937e-03;1.8750000e+02;1.8334825e-02;1.8750000e+02;3.6930159e-02;1.8750000e+02;6.1277397e-02;1.8750000e+02;8.9511193e-02;1.8750000e+02;1.2002052e-01;1.8750000e+02;1.5223294e-01;1.8750000e+02;1.8930270e-01;1.8750000e+02;2.2670817e-01;1.8750000e+02;2.5688857e-01;1.8750000e+02;2.7640617e-01;1.8750000e+02;2.8188735e-01;1.8750000e+02;2.6975003e-01;1.8750000e+02;2.3730175e-01;1.8750000e+02;1.9289251e-01;1.8750000e+02;1.4017589e-01;1.8750000e+02;9.0415619e-02;1.8750000e+02;4.7270209e-02;1.8750000e+02;3.7412937e-03;1.8750000e+02;1.8334825e-02;1.8750000e+02;3.6930159e-02;1.8750000e+02;6.1277397e-02;1.8750000e+02;8.9511193e-02;1.8750000e+02;1.2002052e-01;1.8750000e+02;1.5223294e-01;1.8750000e+02;1.8930270e-01;1.8750000e+02;2.2670817e-01;1.8750000e+02;2.5688857e-01;1.8750000e+02;2.7640617e-01;1.8750000e+02;2.8188735e-01;1.8750000e+02;2.6975003e-01;1.8750000e+02;2.3730175e-01;1.8750000e+02;1.9289251e-01;1.8750000e+02;1.4017589e-01;1.8750000e+02;9.0415619e-02;1.8750000e+02;4.7270209e-02;1.8750000e+02;3.7412937e-03;1.8750000e+02;1.8334825e-02;1.8750000e+02;3.6930159e-02;1.8750000e+02;6.1277397e-02;1.8750000e+02;8.9511193e-02;1.8750000e+02;1.2002052e-01;1.8750000e+02;1.5223294e-01;1.8750000e+02;1.8930270e-01;1.8750000e+02;2.2670817e-01;1.8750000e+02;2.5688857e-01;1.8750000e+02;2.7640617e-01;1.8750000e+02;2.8188735e-01;1.8750000e+02;2.6975003e-01;1.8750000e+02;2.3730175e-01;1.8750000e+02;1.9289251e-01;1.8750000e+02;1.4017589e-01;1.8750000e+02;9.0415619e-02;1.8750000e+02;4.7270209e-02;1.8750000e+02;3.7412937e-03;1.8750000e+02;1.8334825e-02;1.8750000e+02;3.6930159e-02;1.8750000e+02;6.1277397e-02;1.8750000e+02;8.9511193e-02;1.8750000e+02;1.2002052e-01;1.8750000e+02;1.5223294e-01;1.8750000e+02;1.8930270e-01;1.8750000e+02;2.2670817e-01;1.8750000e+02;2.5688857e-01;1.8750000e+02;2.7640617e-01;1.8750000e+02;2.8188735e-01;1.8750000e+02;2.6975003e-01;1.8750000e+02;2.3730175e-01;1.8750000e+02;1.9289251e-01;1.8750000e+02;1.4017589e-01;1.8750000e+02;9.0415619e-02;1.8750000e+02;4.7270209e-02;1.8750000e+02;3.7412937e-03;1.8750000e+02;1.8334825e-02;1.8750000e+02;3.6930159e-02;1.8750000e+02;6.1277397e-02;1.8750000e+02;8.9511193e-02;1.8750000e+02;1.2002052e-01;1.8750000e+02;1.5223294e-01;1.8750000e+02;1.8930270e-01;1.8750000e+02;2.2670817e-01;1.8750000e+02;2.5688857e-01;1.8750000e+02;2.7640617e-01;1.8750000e+02;2.8188735e-01;1.8750000e+02;2.6975003e-01;1.8750000e+02;2.3730175e-01;1.8750000e+02;1.9289251e-01;1.8750000e+02;1.4017589e-01;1.8750000e+02;9.0415619e-02;1.8750000e+02;4.7270209e-02;1.8750000e+02;3.7412937e-03;1.8750000e+02;1.8334825e-02;1.8750000e+02;3.6930159e-02;1.8750000e+02;6.1277397e-02;1.8750000e+02;8.9511193e-02;1.8750000e+02;1.2002052e-01;1.8750000e+02;1.5223294e-01;1.8750000e+02;1.8930270e-01;1.8750000e+02;2.2670817e-01;1.8750000e+02;2.5688857e-01;1.8750000e+02;2.7640617e-01;1.8750000e+02;2.8188735e-01;1.8750000e+02;2.6975003e-01;1.8750000e+02;2.3730175e-01;1.8750000e+02;1.9289251e-01;1.8750000e+02;1.4017589e-01;1.8750000e+02;9.0415619e-02;1.8750000e+02;4.7270209e-02;1.8750000e+02;3.7412937e-03;1.8750000e+02;1.8334825e-02;1.8750000e+02;3.6930159e-02;1.8750000e+02;6.1277397e-02;1.8750000e+02;8.9511193e-02;1.8750000e+02;1.2002052e-01;1.8750000e+02;1.5223294e-01;1.8750000e+02;1.8930270e-01;1.8750000e+02;2.2670817e-01;1.8750000e+02;2.5688857e-01;1.8750000e+02;2.7640617e-01;1.8750000e+02;2.8188735e-01;1.8750000e+02;2.6975003e-01;1.8750000e+02;2.3730175e-01;1.8750000e+02;1.9289251e-01;1.8750000e+02;1.4017589e-01;1.8750000e+02;9.0415619e-02;1.8750000e+02;4.7270209e-02;1.8750000e+02;3.7412937e-03;1.8750000e+02;1.8334825e-02;1.8750000e+02;3.6930159e-02;1.8750000e+02;6.1277397e-02;1.8750000e+02;8.9511193e-02;1.8750000e+02;1.2002052e-01;1.8750000e+02;1.5223294e-01;1.8750000e+02;1.8930270e-01;1.8750000e+02;2.2670817e-01;1.8750000e+02;2.5688857e-01;1.8750000e+02;2.7640617e-01;1.8750000e+02;2.8188735e-01;1.8750000e+02;2.6975003e-01;1.8750000e+02;2.3730175e-01;1.8750000e+02;1.9289251e-01;1.8750000e+02;1.4017589e-01;1.8750000e+02;9.0415619e-02;1.8750000e+02;4.7270209e-02;1.8750000e+02;3.7412937e-03;1.8750000e+02;1.8334825e-02;1.8750000e+02;3.6930159e-02;1.8750000e+02;6.1277397e-02;1.8750000e+02;8.9511193e-02;1.8750000e+02;1.2002052e-01;1.8750000e+02;1.5223294e-01;1.8750000e+02;1.8930270e-01;1.8750000e+02;2.2670817e-01;1.8750000e+02;2.5688857e-01;1.8750000e+02;2.7640617e-01;1.8750000e+02;2.8188735e-01;1.8750000e+02;2.6975003e-01;1.8750000e+02;2.3730175e-01;1.8750000e+02;1.9289251e-01;1.8750000e+02;1.4017589e-01;1.8750000e+02;9.0415619e-02;1.8750000e+02;4.7270209e-02;1.8750000e+02;3.7412937e-03;1.8750000e+02;1.8334825e-02;1.8750000e+02;3.6930159e-02;1.8750000e+02;6.1277397e-02;1.8750000e+02;8.9511193e-02;1.8750000e+02;1.2002052e-01;1.8750000e+02;1.5223294e-01;1.8750000e+02;1.8930270e-01;1.8750000e+02;2.2670817e-01;1.8750000e+02;2.5688857e-01;1.8750000e+02;2.7640617e-01;1.8750000e+02;2.8188735e-01;1.8750000e+02;2.6975003e-01;1.8750000e+02;2.3730175e-01;1.8750000e+02;1.9289251e-01;1.8750000e+02;1.4017589e-01;1.8750000e+02;9.0415619e-02;1.8750000e+02;4.7270209e-02;1.8750000e+02;3.7412937e-03;1.8750000e+02;1.8334825e-02;1.8750000e+02;3.6930159e-02;1.8750000e+02;6.1277397e-02;1.8750000e+02;8.9511193e-02;1.8750000e+02;1.2002052e-01;1.8750000e+02;1.5223294e-01;1.8750000e+02;1.8930270e-01;1.8750000e+02;2.2670817e-01;1.8750000e+02;2.5688857e-01;1.8750000e+02;2.7640617e-01;1.8750000e+02;2.8188735e-01;1.8750000e+02;2.6975003e-01;1.8750000e+02;2.3730175e-01;1.8750000e+02;1.9289251e-01;1.8750000e+02;1.4017589e-01;1.8750000e+02;9.0415619e-02;1.8750000e+02;4.7270209e-02;1.8750000e+02;3.7412937e-03;1.8750000e+02;1.8334825e-02;1.8750000e+02;3.6930159e-02;1.8750000e+02;6.1277397e-02;1.8750000e+02;8.9511193e-02;1.8750000e+02;1.2002052e-01;1.8750000e+02;1.5223294e-01;1.8750000e+02;1.8930270e-01;1.8750000e+02;2.2670817e-01;1.8750000e+02;2.5688857e-01;1.8750000e+02;2.7640617e-01;1.8750000e+02;2.8188735e-01;1.8750000e+02;2.6975003e-01;1.8750000e+02;2.3730175e-01;1.8750000e+02;1.9289251e-01;1.8750000e+02;1.4017589e-01;1.8750000e+02;9.0415619e-02;1.8750000e+02;4.7270209e-02;1.8750000e+02;3.7412937e-03;1.8750000e+02;1.8334825e-02;1.8750000e+02;3.6930159e-02;1.8750000e+02;6.1277397e-02;1.8750000e+02;8.9511193e-02;1.8750000e+02;1.2002052e-01;1.8750000e+02;1.5223294e-01;1.8750000e+02;1.8930270e-01;1.8750000e+02;2.2670817e-01;1.8750000e+02;2.5688857e-01;1.8750000e+02;2.7640617e-01;1.8750000e+02;2.8188735e-01;1.8750000e+02;2.6975003e-01;1.8750000e+02;2.3730175e-01;1.8750000e+02;1.9289251e-01;1.8750000e+02;1.4017589e-01;1.8750000e+02;9.0415619e-02;1.8750000e+02;4.7270209e-02;1.8750000e+02;3.7412937e-03;1.8750000e+02;1.8334825e-02;1.8750000e+02;3.6930159e-02;1.8750000e+02;6.1277397e-02;1.8750000e+02;8.9511193e-02;1.8750000e+02;1.2002052e-01;1.8750000e+02;1.5223294e-01;1.8750000e+02;1.8930270e-01;1.8750000e+02;2.2670817e-01;1.8750000e+02;2.5688857e-01;1.8750000e+02;2.7640617e-01;1.8750000e+02;2.8188735e-01;1.8750000e+02;2.6975003e-01;1.8750000e+02;2.3730175e-01;1.8750000e+02;1.9289251e-01;1.8750000e+02;1.4017589e-01;1.8750000e+02;9.0415619e-02;1.8750000e+02;4.7270209e-02;1.8750000e+02;3.7412937e-03;1.8750000e+02;1.8334825e-02;1.8750000e+02;3.6930159e-02;1.8750000e+02;6.1277397e-02;1.8750000e+02;8.9511193e-02;1.8750000e+02;1.2002052e-01;1.8750000e+02;1.5223294e-01;1.8750000e+02;1.8930270e-01;1.8750000e+02;2.2670817e-01;1.8750000e+02;2.5688857e-01;1.8750000e+02;2.7640617e-01;1.8750000e+02;2.8188735e-01;1.8750000e+02;2.6975003e-01;1.8750000e+02;2.3730175e-01;1.8750000e+02;1.9289251e-01;1.8750000e+02;1.4017589e-01;1.8750000e+02;9.0415619e-02;1.8750000e+02;4.7270209e-02;1.8750000e+02;3.7412937e-03;1.8750000e+02;1.8334825e-02;1.8750000e+02;3.6930159e-02;1.8750000e+02;6.1277397e-02;1.8750000e+02;8.9511193e-02;1.8750000e+02;1.2002052e-01;1.8750000e+02;1.5223294e-01;1.8750000e+02;1.8930270e-01;1.8750000e+02;2.2670817e-01;1.8750000e+02;2.5688857e-01;1.8750000e+02;2.7640617e-01;1.8750000e+02;2.8188735e-01;1.8750000e+02;2.6975003e-01;1.8750000e+02;2.3730175e-01;1.8750000e+02;1.9289251e-01;1.8750000e+02;1.4017589e-01;1.8750000e+02;9.0415619e-02;1.8750000e+02;4.7270209e-02;1.8750000e+02;3.7412937e-03;1.8750000e+02;1.8334825e-02;1.8750000e+02;3.6930159e-02;1.8750000e+02;6.1277397e-02;1.8750000e+02;8.9511193e-02;1.8750000e+02;1.2002052e-01;1.8750000e+02;1.5223294e-01;1.8750000e+02;1.8930270e-01;1.8750000e+02;2.2670817e-01;1.8750000e+02;2.5688857e-01;1.8750000e+02;2.7640617e-01;1.8750000e+02;2.8188735e-01;1.8750000e+02;2.6975003e-01;1.8750000e+02;2.3730175e-01;1.8750000e+02;1.9289251e-01;1.8750000e+02;1.4017589e-01;1.8750000e+02;9.0415619e-02;1.8750000e+02;4.7270209e-02;1.8750000e+02;3.7412937e-03;1.8750000e+02;1.8334825e-02;1.8750000e+02;3.6930159e-02;1.8750000e+02;6.1277397e-02;1.8750000e+02;8.9511193e-02;1.8750000e+02;1.2002052e-01;1.8750000e+02;1.5223294e-01;1.8750000e+02;1.8930270e-01;1.8750000e+02;2.2670817e-01;1.8750000e+02;2.5688857e-01;1.8750000e+02;2.7640617e-01;1.8750000e+02;2.8188735e-01;1.8750000e+02;2.6975003e-01;1.8750000e+02;2.3730175e-01;1.8750000e+02;1.9289251e-01;1.8750000e+02;1.4017589e-01;1.8750000e+02;9.0415619e-02;1.8750000e+02;4.7270209e-02;1.8750000e+02;3.7412937e-03;1.8750000e+02;1.8334825e-02;1.8750000e+02;3.6930159e-02;1.8750000e+02;6.1277397e-02;1.8750000e+02;8.9511193e-02;1.8750000e+02;1.2002052e-01;1.8750000e+02;1.5223294e-01;1.8750000e+02;1.8930270e-01;1.8750000e+02;2.2670817e-01;1.8750000e+02;2.5688857e-01;1.8750000e+02;2.7640617e-01;1.8750000e+02;2.8188735e-01;1.8750000e+02;2.6975003e-01;1.8750000e+02;2.3730175e-01;1.8750000e+02;1.9289251e-01;1.8750000e+02;1.4017589e-01;1.8750000e+02;9.0415619e-02;1.8750000e+02;4.7270209e-02;1.8750000e+02;3.7412937e-03;1.8750000e+02;1.8334825e-02;1.8750000e+02;3.6930159e-02;1.8750000e+02;6.1277397e-02;1.8750000e+02;8.9511193e-02;1.8750000e+02;1.2002052e-01;1.8750000e+02;1.5223294e-01;1.8750000e+02;1.8930270e-01;1.8750000e+02;2.2670817e-01;1.8750000e+02;2.5688857e-01;1.8750000e+02;2.7640617e-01;1.8750000e+02;2.8188735e-01;1.8750000e+02;2.6975003e-01;1.8750000e+02;2.3730175e-01;1.8750000e+02;1.9289251e-01;1.8750000e+02;1.4017589e-01;1.8750000e+02;9.0415619e-02;1.8750000e+02;4.7270209e-02;1.8750000e+02;3.7412937e-03;1.8750000e+02;1.8334825e-02;1.8750000e+02;3.6930159e-02;1.8750000e+02;6.1277397e-02;1.8750000e+02;8.9511193e-02;1.8750000e+02;1.2002052e-01;1.8750000e+02;1.5223294e-01;1.8750000e+02;1.8930270e-01;1.8750000e+02;2.2670817e-01;1.8750000e+02;2.5688857e-01;1.8750000e+02;2.7640617e-01;1.8750000e+02;2.8188735e-01;1.8750000e+02;2.6975003e-01;1.8750000e+02;2.3730175e-01;1.8750000e+02;1.9289251e-01;1.8750000e+02;1.4017589e-01;1.8750000e+02;9.0415619e-02;1.8750000e+02;4.7270209e-02;1.8750000e+02;3.7412937e-03;1.8750000e+02;1.8334825e-02;1.8750000e+02;3.6930159e-02;1.8750000e+02;6.1277397e-02;1.8750000e+02;8.9511193e-02;1.8750000e+02;1.2002052e-01;1.8750000e+02;1.5223294e-01;1.8750000e+02;1.8930270e-01;1.8750000e+02;2.2670817e-01;1.8750000e+02;2.5688857e-01;1.8750000e+02;2.7640617e-01;1.8750000e+02;2.8188735e-01;1.8750000e+02;2.6975003e-01;1.8750000e+02;2.3730175e-01;1.8750000e+02;1.9289251e-01;1.8750000e+02;1.4017589e-01;1.8750000e+02;9.0415619e-02;1.8750000e+02;4.7270209e-02;1.8750000e+02;3.7412937e-03;1.8750000e+02;1.8334825e-02;1.8750000e+02;3.6930159e-02;1.8750000e+02;6.1277397e-02;1.8750000e+02;8.9511193e-02;1.8750000e+02;1.2002052e-01;1.8750000e+02;1.5223294e-01;1.8750000e+02;1.8930270e-01;1.8750000e+02;2.2670817e-01;1.8750000e+02;2.5688857e-01;1.8750000e+02;2.7640617e-01;1.8750000e+02;2.8188735e-01;1.8750000e+02;2.6975003e-01;1.8750000e+02;2.3730175e-01;1.8750000e+02;1.9289251e-01;1.8750000e+02;1.4017589e-01;1.8750000e+02;9.0415619e-02;1.8750000e+02;4.7270209e-02;1.8750000e+02;3.7412937e-03;1.8750000e+02;1.8334825e-02;1.8750000e+02;3.6930159e-02;1.8750000e+02;6.1277397e-02;1.8750000e+02;8.9511193e-02;1.8750000e+02;1.2002052e-01;1.8750000e+02;1.5223294e-01;1.8750000e+02;1.8930270e-01;1.8750000e+02;2.2670817e-01;1.8750000e+02;2.5688857e-01;1.8750000e+02;2.7640617e-01;1.8750000e+02;2.8188735e-01;1.8750000e+02;2.6975003e-01;1.8750000e+02;2.3730175e-01;1.8750000e+02;1.9289251e-01;1.8750000e+02;1.4017589e-01;1.8750000e+02;9.0415619e-02;1.8750000e+02;4.7270209e-02;1.8750000e+02;3.7412937e-03;1.8750000e+02;1.8334825e-02;1.8750000e+02;3.6930159e-02;1.8750000e+02;6.1277397e-02;1.8750000e+02;8.9511193e-02;1.8750000e+02;1.2002052e-01;1.8750000e+02;1.5223294e-01;1.8750000e+02;1.8930270e-01;1.8750000e+02;2.2670817e-01;1.8750000e+02;2.5688857e-01;1.8750000e+02;2.7640617e-01;1.8750000e+02;2.8188735e-01;1.8750000e+02;2.6975003e-01;1.8750000e+02;2.3730175e-01;1.8750000e+02;1.9289251e-01;1.8750000e+02;1.4017589e-01;1.8750000e+02;9.0415619e-02;1.8750000e+02;4.7270209e-02;1.8750000e+02;3.7412937e-03;1.8750000e+02;1.8334825e-02;1.8750000e+02;3.6930159e-02;1.8750000e+02;6.1277397e-02;1.8750000e+02;8.9511193e-02;1.8750000e+02;1.2002052e-01;1.8750000e+02;1.5223294e-01;1.8750000e+02;1.8930270e-01;1.8750000e+02;2.2670817e-01;1.8750000e+02;2.5688857e-01;1.8750000e+02;2.7640617e-01;1.8750000e+02;2.8188735e-01;1.8750000e+02;2.6975003e-01;1.8750000e+02;2.3730175e-01;1.8750000e+02;1.9289251e-01;1.8750000e+02;1.4017589e-01;1.8750000e+02;9.0415619e-02;1.8750000e+02;4.7270209e-02;1.8750000e+02;3.7412937e-03;1.8750000e+02;1.8334825e-02;1.8750000e+02;3.6930159e-02;1.8750000e+02;6.1277397e-02;1.8750000e+02;8.9511193e-02;1.8750000e+02;1.2002052e-01;1.8750000e+02;1.5223294e-01;1.8750000e+02;1.8930270e-01;1.8750000e+02;2.2670817e-01;1.8750000e+02;2.5688857e-01;1.8750000e+02;2.7640617e-01;1.8750000e+02;2.8188735e-01;1.8750000e+02;2.6975003e-01;1.8750000e+02;2.3730175e-01;1.8750000e+02;1.9289251e-01;1.8750000e+02;1.4017589e-01;1.8750000e+02;9.0415619e-02;1.8750000e+02;4.7270209e-02;1.8750000e+02;3.7412937e-03;1.8750000e+02;1.8334825e-02;1.8750000e+02;3.6930159e-02;1.8750000e+02;6.1277397e-02;1.8750000e+02;8.9511193e-02;1.8750000e+02;1.2002052e-01;1.8750000e+02;1.5223294e-01;1.8750000e+02;1.8930270e-01;1.8750000e+02;2.2670817e-01;1.8750000e+02;2.5688857e-01;1.8750000e+02;2.7640617e-01;1.8750000e+02;2.8188735e-01;1.8750000e+02;2.6975003e-01;1.8750000e+02;2.3730175e-01;1.8750000e+02;1.9289251e-01;1.8750000e+02;1.4017589e-01;1.8750000e+02;9.0415619e-02;1.8750000e+02;4.7270209e-02;1.8750000e+02;3.7412937e-03;1.8750000e+02;1.8334825e-02;1.8750000e+02;3.6930159e-02;1.8750000e+02;6.1277397e-02;1.8750000e+02;8.9511193e-02;1.8750000e+02;1.2002052e-01;1.8750000e+02;1.5223294e-01;1.8750000e+02;1.8930270e-01;1.8750000e+02;2.2670817e-01;1.8750000e+02;2.5688857e-01;1.8750000e+02;2.7640617e-01;1.8750000e+02;2.8188735e-01;1.8750000e+02;2.6975003e-01;1.8750000e+02;2.3730175e-01;1.8750000e+02;1.9289251e-01;1.8750000e+02;1.4017589e-01;1.8750000e+02;9.0415619e-02;1.8750000e+02;4.7270209e-02;1.8750000e+02;3.7412937e-03;1.8750000e+02;1.8334825e-02;1.8750000e+02;3.6930159e-02;1.8750000e+02;6.1277397e-02;1.8750000e+02;8.9511193e-02;1.8750000e+02;1.2002052e-01;1.8750000e+02;1.5223294e-01;1.8750000e+02;1.8930270e-01;1.8750000e+02;2.2670817e-01;1.8750000e+02;2.5688857e-01;1.8750000e+02;2.7640617e-01;1.8750000e+02;2.8188735e-01;1.8750000e+02;2.6975003e-01;1.8750000e+02;2.3730175e-01;1.8750000e+02;1.9289251e-01;1.8750000e+02;1.4017589e-01;1.8750000e+02;9.0415619e-02;1.8750000e+02;4.7270209e-02;1.8750000e+02;3.7412937e-03;1.8750000e+02;1.8334825e-02;1.8750000e+02;3.6930159e-02;1.8750000e+02;6.1277397e-02;1.8750000e+02;8.9511193e-02;1.8750000e+02;1.2002052e-01;1.8750000e+02;1.5223294e-01;1.8750000e+02;1.8930270e-01;1.8750000e+02;2.2670817e-01;1.8750000e+02;2.5688857e-01;1.8750000e+02;2.7640617e-01;1.8750000e+02;2.8188735e-01;1.8750000e+02;2.6975003e-01;1.8750000e+02;2.3730175e-01;1.8750000e+02;1.9289251e-01;1.8750000e+02;1.4017589e-01;1.8750000e+02;9.0415619e-02;1.8750000e+02;4.7270209e-02;1.8750000e+02;3.7412937e-03;1.8750000e+02;1.8334825e-02;1.8750000e+02;3.6930159e-02;1.8750000e+02;6.1277397e-02;1.8750000e+02;8.9511193e-02;1.8750000e+02;1.2002052e-01;1.8750000e+02;1.5223294e-01;1.8750000e+02;1.8930270e-01;1.8750000e+02;2.2670817e-01;1.8750000e+02;2.5688857e-01;1.8750000e+02;2.7640617e-01;1.8750000e+02;2.8188735e-01;1.8750000e+02;2.6975003e-01;1.8750000e+02;2.3730175e-01;1.8750000e+02;1.9289251e-01;1.8750000e+02;1.4017589e-01;1.8750000e+02;9.0415619e-02;1.8750000e+02;4.7270209e-02;1.8750000e+02;3.7412937e-03;1.8750000e+02;1.8334825e-02;1.8750000e+02;3.6930159e-02;1.8750000e+02;6.1277397e-02;1.8750000e+02;8.9511193e-02;1.8750000e+02;1.2002052e-01;1.8750000e+02;1.5223294e-01;1.8750000e+02;1.8930270e-01;1.8750000e+02;2.2670817e-01;1.8750000e+02;2.5688857e-01;1.8750000e+02;2.7640617e-01;1.8750000e+02;2.8188735e-01;1.8750000e+02;2.6975003e-01;1.8750000e+02;2.3730175e-01;1.8750000e+02;1.9289251e-01;1.8750000e+02;1.4017589e-01;1.8750000e+02;9.0415619e-02;1.8750000e+02;4.7270209e-02;1.8750000e+02;3.7412937e-03;1.8750000e+02;1.8334825e-02;1.8750000e+02;3.6930159e-02;1.8750000e+02;6.1277397e-02;1.8750000e+02;8.9511193e-02;1.8750000e+02;1.2002052e-01;1.8750000e+02;1.5223294e-01;1.8750000e+02;1.8930270e-01;1.8750000e+02;2.2670817e-01;1.8750000e+02;2.5688857e-01;1.8750000e+02;2.7640617e-01;1.8750000e+02;2.8188735e-01;1.8750000e+02;2.6975003e-01;1.8750000e+02;2.3730175e-01;1.8750000e+02;1.9289251e-01;1.8750000e+02;1.4017589e-01;1.8750000e+02;9.0415619e-02;1.8750000e+02;4.7270209e-02;1.8750000e+02;3.7412937e-03;1.8750000e+02;1.8334825e-02;1.8750000e+02;3.6930159e-02;1.8750000e+02;6.1277397e-02;1.8750000e+02;8.9511193e-02;1.8750000e+02;1.2002052e-01;1.8750000e+02;1.5223294e-01;1.8750000e+02;1.8930270e-01;1.8750000e+02;2.2670817e-01;1.8750000e+02;2.5688857e-01;1.8750000e+02;2.7640617e-01;1.8750000e+02;2.8188735e-01;1.8750000e+02;2.6975003e-01;1.8750000e+02;2.3730175e-01;1.8750000e+02;1.9289251e-01;1.8750000e+02;1.4017589e-01;1.8750000e+02;9.0415619e-02;1.8750000e+02;4.7270209e-02;1.8750000e+02;3.7412937e-03;1.8750000e+02;1.8334825e-02;1.8750000e+02;3.6930159e-02;1.8750000e+02;6.1277397e-02;1.8750000e+02;8.9511193e-02;1.8750000e+02;1.2002052e-01;1.8750000e+02;1.5223294e-01;1.8750000e+02;1.8930270e-01;1.8750000e+02;2.2670817e-01;1.8750000e+02;2.5688857e-01;1.8750000e+02;2.7640617e-01;1.8750000e+02;2.8188735e-01;1.8750000e+02;2.6975003e-01;1.8750000e+02;2.3730175e-01;1.8750000e+02;1.9289251e-01;1.8750000e+02;1.4017589e-01;1.8750000e+02;9.0415619e-02;1.8750000e+02;4.7270209e-02;1.8750000e+02;3.7412937e-03;1.8750000e+02;1.8334825e-02;1.8750000e+02;3.6930159e-02;1.8750000e+02;6.1277397e-02;1.8750000e+02;8.9511193e-02;1.8750000e+02;1.2002052e-01;1.8750000e+02;1.5223294e-01;1.8750000e+02;1.8930270e-01;1.8750000e+02;2.2670817e-01;1.8750000e+02;2.5688857e-01;1.8750000e+02;2.7640617e-01;1.8750000e+02;2.8188735e-01;1.8750000e+02;2.6975003e-01;1.8750000e+02;2.3730175e-01;1.8750000e+02;1.9289251e-01;1.8750000e+02;1.4017589e-01;1.8750000e+02;9.0415619e-02;1.8750000e+02;4.7270209e-02;1.8750000e+02;3.7412937e-03;1.8750000e+02;1.8334825e-02;1.8750000e+02;3.6930159e-02;1.8750000e+02;6.1277397e-02;1.8750000e+02;8.9511193e-02;1.8750000e+02;1.2002052e-01;1.8750000e+02;1.5223294e-01;1.8750000e+02;1.8930270e-01;1.8750000e+02;2.2670817e-01;1.8750000e+02;2.5688857e-01;1.8750000e+02;2.7640617e-01;1.8750000e+02;2.8188735e-01;1.8750000e+02;2.6975003e-01;1.8750000e+02;2.3730175e-01;1.8750000e+02;1.9289251e-01;1.8750000e+02;1.4017589e-01;1.8750000e+02;9.0415619e-02;1.8750000e+02;4.7270209e-02;1.8750000e+02;3.7412937e-03;1.8750000e+02;1.8334825e-02;1.8750000e+02;3.6930159e-02;1.8750000e+02;6.1277397e-02;1.8750000e+02;8.9511193e-02;1.8750000e+02;1.2002052e-01;1.8750000e+02;1.5223294e-01;1.8750000e+02;1.8930270e-01;1.8750000e+02;2.2670817e-01;1.8750000e+02;2.5688857e-01;1.8750000e+02;2.7640617e-01;1.8750000e+02;2.8188735e-01;1.8750000e+02;2.6975003e-01;1.8750000e+02;2.3730175e-01;1.8750000e+02;1.9289251e-01;1.8750000e+02;1.4017589e-01;1.8750000e+02;9.0415619e-02;1.8750000e+02;4.7270209e-02;1.8750000e+02;3.7412937e-03;1.8750000e+02;1.8334825e-02;1.8750000e+02;3.6930159e-02;1.8750000e+02;6.1277397e-02;1.8750000e+02;8.9511193e-02;1.8750000e+02;1.2002052e-01;1.8750000e+02;1.5223294e-01;1.8750000e+02;1.8930270e-01;1.8750000e+02;2.2670817e-01;1.8750000e+02;2.5688857e-01;1.8750000e+02;2.7640617e-01;1.8750000e+02;2.8188735e-01;1.8750000e+02;2.6975003e-01;1.8750000e+02;2.3730175e-01;1.8750000e+02;1.9289251e-01;1.8750000e+02;1.4017589e-01;1.8750000e+02;9.0415619e-02;1.8750000e+02;4.7270209e-02;1.8750000e+02;3.7412937e-03;1.8750000e+02;1.8334825e-02;1.8750000e+02;3.6930159e-02;1.8750000e+02;6.1277397e-02;1.8750000e+02;8.9511193e-02;1.8750000e+02;1.2002052e-01;1.8750000e+02;1.5223294e-01;1.8750000e+02;1.8930270e-01;1.8750000e+02;2.2670817e-01;1.8750000e+02;2.5688857e-01;1.8750000e+02;2.7640617e-01;1.8750000e+02;2.8188735e-01;1.8750000e+02;2.6975003e-01;1.8750000e+02;2.3730175e-01;1.8750000e+02;1.9289251e-01;1.8750000e+02;1.4017589e-01;1.8750000e+02;9.0415619e-02;1.8750000e+02;4.7270209e-02;1.8750000e+02;3.7412937e-03;1.8750000e+02;1.8334825e-02;1.8750000e+02;3.6930159e-02;1.8750000e+02;6.1277397e-02;1.8750000e+02;8.9511193e-02;1.8750000e+02;1.2002052e-01;1.8750000e+02;1.5223294e-01;1.8750000e+02;1.8930270e-01;1.8750000e+02;2.2670817e-01;1.8750000e+02;2.5688857e-01;1.8750000e+02;2.7640617e-01;1.8750000e+02;2.8188735e-01;1.8750000e+02;2.6975003e-01;1.8750000e+02;2.3730175e-01;1.8750000e+02;1.9289251e-01;1.8750000e+02;1.4017589e-01;1.8750000e+02;9.0415619e-02;1.8750000e+02;4.7270209e-02;1.8750000e+02;3.7412937e-03;1.8750000e+02;1.8334825e-02;1.8750000e+02;3.6930159e-02;1.8750000e+02;6.1277397e-02;1.8750000e+02;8.9511193e-02;1.8750000e+02;1.2002052e-01;1.8750000e+02;1.5223294e-01;1.8750000e+02;1.8930270e-01;1.8750000e+02;2.2670817e-01;1.8750000e+02;2.5688857e-01;1.8750000e+02;2.7640617e-01;1.8750000e+02;2.8188735e-01;1.8750000e+02;2.6975003e-01;1.8750000e+02;2.3730175e-01;1.8750000e+02;1.9289251e-01;1.8750000e+02;1.4017589e-01;1.8750000e+02;9.0415619e-02;1.8750000e+02;4.7270209e-02;1.8750000e+02;3.7412937e-03;1.8750000e+02;1.8334825e-02;1.8750000e+02;3.6930159e-02;1.8750000e+02;6.1277397e-02;1.8750000e+02;8.9511193e-02;1.8750000e+02;1.2002052e-01;1.8750000e+02;1.5223294e-01;1.8750000e+02;1.8930270e-01;1.8750000e+02;2.2670817e-01;1.8750000e+02;2.5688857e-01;1.8750000e+02;2.7640617e-01;1.8750000e+02;2.8188735e-01;1.8750000e+02;2.6975003e-01;1.8750000e+02;2.3730175e-01;1.8750000e+02;1.9289251e-01;1.8750000e+02;1.4017589e-01;1.8750000e+02;9.0415619e-02;1.8750000e+02;4.7270209e-02;1.8750000e+02;3.7412937e-03;1.8750000e+02;1.8334825e-02;1.8750000e+02;3.6930159e-02;1.8750000e+02;6.1277397e-02;1.8750000e+02;8.9511193e-02;1.8750000e+02;1.2002052e-01;1.8750000e+02;1.5223294e-01;1.8750000e+02;1.8930270e-01;1.8750000e+02;2.2670817e-01;1.8750000e+02;2.5688857e-01;1.8750000e+02;2.7640617e-01;1.8750000e+02;2.8188735e-01;1.8750000e+02;2.6975003e-01;1.8750000e+02;2.3730175e-01;1.8750000e+02;1.9289251e-01;1.8750000e+02;1.4017589e-01;1.8750000e+02;9.0415619e-02;1.8750000e+02;4.7270209e-02;1.8750000e+02;3.7412937e-03;1.8750000e+02;1.8334825e-02;1.8750000e+02;3.6930159e-02;1.8750000e+02;6.1277397e-02;1.8750000e+02;8.9511193e-02;1.8750000e+02;1.2002052e-01;1.8750000e+02;1.5223294e-01;1.8750000e+02;1.8930270e-01;1.8750000e+02;2.2670817e-01;1.8750000e+02;2.5688857e-01;1.8750000e+02;2.7640617e-01;1.8750000e+02;2.8188735e-01;1.8750000e+02;2.6975003e-01;1.8750000e+02;2.3730175e-01;1.8750000e+02;1.9289251e-01;1.8750000e+02;1.4017589e-01;1.8750000e+02;9.0415619e-02;1.8750000e+02;4.7270209e-02;1.8750000e+02;3.7412937e-03;1.8750000e+02;1.8334825e-02;1.8750000e+02;3.6930159e-02;1.8750000e+02;6.1277397e-02;1.8750000e+02;8.9511193e-02;1.8750000e+02;1.2002052e-01;1.8750000e+02;1.5223294e-01;1.8750000e+02;1.8930270e-01;1.8750000e+02;2.2670817e-01;1.8750000e+02;2.5688857e-01;1.8750000e+02;2.7640617e-01;1.8750000e+02;2.8188735e-01;1.8750000e+02;2.6975003e-01;1.8750000e+02;2.3730175e-01;1.8750000e+02;1.9289251e-01;1.8750000e+02;1.4017589e-01;1.8750000e+02;9.0415619e-02;1.8750000e+02;4.7270209e-02;1.8750000e+02;3.7412937e-03;1.8750000e+02;1.8334825e-02;1.8750000e+02;3.6930159e-02;1.8750000e+02;6.1277397e-02;1.8750000e+02;8.9511193e-02;1.8750000e+02;1.2002052e-01;1.8750000e+02;1.5223294e-01;1.8750000e+02;1.8930270e-01;1.8750000e+02;2.2670817e-01;1.8750000e+02;2.5688857e-01;1.8750000e+02;2.7640617e-01;1.8750000e+02;2.8188735e-01;1.8750000e+02;2.6975003e-01;1.8750000e+02;2.3730175e-01;1.8750000e+02;1.9289251e-01;1.8750000e+02;1.4017589e-01;1.8750000e+02;9.0415619e-02;1.8750000e+02;4.7270209e-02;1.8750000e+02;3.7412937e-03;1.8750000e+02;1.8334825e-02;1.8750000e+02;3.6930159e-02;1.8750000e+02;6.1277397e-02;1.8750000e+02;8.9511193e-02;1.8750000e+02;1.2002052e-01;1.8750000e+02;1.5223294e-01;1.8750000e+02;1.8930270e-01;1.8750000e+02;2.2670817e-01;1.8750000e+02;2.5688857e-01;1.8750000e+02;2.7640617e-01;1.8750000e+02;2.8188735e-01;1.8750000e+02;2.6975003e-01;1.8750000e+02;2.3730175e-01;1.8750000e+02;1.9289251e-01;1.8750000e+02;1.4017589e-01;1.8750000e+02;9.0415619e-02;1.8750000e+02;4.7270209e-02;1.8750000e+02;3.7412937e-03;1.8750000e+02;1.8334825e-02;1.8750000e+02;3.6930159e-02;1.8750000e+02;6.1277397e-02;1.8750000e+02;8.9511193e-02;1.8750000e+02;1.2002052e-01;1.8750000e+02;1.5223294e-01;1.8750000e+02;1.8930270e-01;1.8750000e+02;2.2670817e-01;1.8750000e+02;2.5688857e-01;1.8750000e+02;2.7640617e-01;1.8750000e+02;2.8188735e-01;1.8750000e+02;2.6975003e-01;1.8750000e+02;2.3730175e-01;1.8750000e+02;1.9289251e-01;1.8750000e+02;1.4017589e-01;1.8750000e+02;9.0415619e-02;1.8750000e+02;4.7270209e-02;1.8750000e+02;3.7412937e-03;1.8750000e+02;1.8334825e-02;1.8750000e+02;3.6930159e-02;1.8750000e+02;6.1277397e-02;1.8750000e+02;8.9511193e-02;1.8750000e+02;1.2002052e-01;1.8750000e+02;1.5223294e-01;1.8750000e+02;1.8930270e-01;1.8750000e+02;2.2670817e-01;1.8750000e+02;2.5688857e-01;1.8750000e+02;2.7640617e-01;1.8750000e+02;2.8188735e-01;1.8750000e+02;2.6975003e-01;1.8750000e+02;2.3730175e-01;1.8750000e+02;1.9289251e-01;1.8750000e+02;1.4017589e-01;1.8750000e+02;9.0415619e-02;1.8750000e+02;4.7270209e-02;1.8750000e+02;3.7412937e-03;1.8750000e+02;1.8334825e-02;1.8750000e+02;3.6930159e-02;1.8750000e+02;6.1277397e-02;1.8750000e+02;8.9511193e-02;1.8750000e+02;1.2002052e-01;1.8750000e+02;1.5223294e-01;1.8750000e+02;1.8930270e-01;1.8750000e+02;2.2670817e-01;1.8750000e+02;2.5688857e-01;1.8750000e+02;2.7640617e-01;1.8750000e+02;2.8188735e-01;1.8750000e+02;2.6975003e-01;1.8750000e+02;2.3730175e-01;1.8750000e+02;1.9289251e-01;1.8750000e+02;1.4017589e-01;1.8750000e+02;9.0415619e-02;1.8750000e+02;4.7270209e-02;1.8750000e+02;3.7412937e-03;1.8750000e+02;1.8334825e-02;1.8750000e+02;3.6930159e-02;1.8750000e+02;6.1277397e-02;1.8750000e+02;8.9511193e-02;1.8750000e+02;1.2002052e-01;1.8750000e+02;1.5223294e-01;1.8750000e+02;1.8930270e-01;1.8750000e+02;2.2670817e-01;1.8750000e+02;2.5688857e-01;1.8750000e+02;2.7640617e-01;1.8750000e+02;2.8188735e-01;1.8750000e+02;2.6975003e-01;1.8750000e+02;2.3730175e-01;1.8750000e+02;1.9289251e-01;1.8750000e+02;1.4017589e-01;1.8750000e+02;9.0415619e-02;1.8750000e+02;4.7270209e-02;1.8750000e+02;3.7412937e-03;1.8750000e+02;1.8334825e-02;1.8750000e+02;3.6930159e-02;1.8750000e+02;6.1277397e-02;1.8750000e+02;8.9511193e-02;1.8750000e+02;1.2002052e-01;1.8750000e+02;1.5223294e-01;1.8750000e+02;1.8930270e-01;1.8750000e+02;2.2670817e-01;1.8750000e+02;2.5688857e-01;1.8750000e+02;2.7640617e-01;1.8750000e+02;2.8188735e-01;1.8750000e+02;2.6975003e-01;1.8750000e+02;2.3730175e-01;1.8750000e+02;1.9289251e-01;1.8750000e+02;1.4017589e-01;1.8750000e+02;9.0415619e-02;1.8750000e+02;4.7270209e-02;1.8750000e+02;3.7412937e-03;1.8750000e+02;1.8334825e-02;1.8750000e+02;3.6930159e-02;1.8750000e+02;6.1277397e-02;1.8750000e+02;8.9511193e-02;1.8750000e+02;1.2002052e-01;1.8750000e+02;1.5223294e-01;1.8750000e+02;1.8930270e-01;1.8750000e+02;2.2670817e-01;1.8750000e+02;2.5688857e-01;1.8750000e+02;2.7640617e-01;1.8750000e+02;2.8188735e-01;1.8750000e+02;2.6975003e-01;1.8750000e+02;2.3730175e-01;1.8750000e+02;1.9289251e-01;1.8750000e+02;1.4017589e-01;1.8750000e+02;9.0415619e-02;1.8750000e+02;4.7270209e-02;1.8750000e+02;3.7412937e-03;1.8750000e+02;1.8334825e-02;1.8750000e+02;3.6930159e-02;1.8750000e+02;6.1277397e-02;1.8750000e+02;8.9511193e-02;1.8750000e+02;1.2002052e-01;1.8750000e+02;1.5223294e-01;1.8750000e+02;1.8930270e-01;1.8750000e+02;2.2670817e-01;1.8750000e+02;2.5688857e-01;1.8750000e+02;2.7640617e-01;1.8750000e+02;2.8188735e-01;1.8750000e+02;2.6975003e-01;1.8750000e+02;2.3730175e-01;1.8750000e+02;1.9289251e-01;1.8750000e+02;1.4017589e-01;1.8750000e+02;9.0415619e-02;1.8750000e+02;4.7270209e-02;1.8750000e+02;3.7412937e-03;1.8750000e+02;1.8334825e-02;1.8750000e+02;3.6930159e-02;1.8750000e+02;6.1277397e-02;1.8750000e+02;8.9511193e-02;1.8750000e+02;1.2002052e-01;1.8750000e+02;1.5223294e-01;1.8750000e+02;1.8930270e-01;1.8750000e+02;2.2670817e-01;1.8750000e+02;2.5688857e-01;1.8750000e+02;2.7640617e-01;1.8750000e+02;2.8188735e-01;1.8750000e+02;2.6975003e-01;1.8750000e+02;2.3730175e-01;1.8750000e+02;1.9289251e-01;1.8750000e+02;1.4017589e-01;1.8750000e+02;9.0415619e-02;1.8750000e+02;4.7270209e-02;1.8750000e+02;3.7412937e-03;1.8750000e+02;1.8334825e-02;1.8750000e+02;3.6930159e-02;1.8750000e+02;6.1277397e-02;1.8750000e+02;8.9511193e-02;1.8750000e+02;1.2002052e-01;1.8750000e+02;1.5223294e-01;1.8750000e+02;1.8930270e-01;1.8750000e+02;2.2670817e-01;1.8750000e+02;2.5688857e-01;1.8750000e+02;2.7640617e-01;1.8750000e+02;2.8188735e-01;1.8750000e+02;2.6975003e-01;1.8750000e+02;2.3730175e-01;1.8750000e+02;1.9289251e-01;1.8750000e+02;1.4017589e-01;1.8750000e+02;9.0415619e-02;1.8750000e+02;4.7270209e-02;1.8750000e+02;3.7412937e-03;1.8750000e+02;1.8334825e-02;1.8750000e+02;3.6930159e-02;1.8750000e+02;6.1277397e-02;1.8750000e+02;8.9511193e-02;1.8750000e+02;1.2002052e-01;1.8750000e+02;1.5223294e-01;1.8750000e+02;1.8930270e-01;1.8750000e+02;2.2670817e-01;1.8750000e+02;2.5688857e-01;1.8750000e+02;2.7640617e-01;1.8750000e+02;2.8188735e-01;1.8750000e+02;2.6975003e-01;1.8750000e+02;2.3730175e-01;1.8750000e+02;1.9289251e-01;1.8750000e+02;1.4017589e-01;1.8750000e+02;9.0415619e-02;1.8750000e+02;4.7270209e-02;1.8750000e+02;3.7412937e-03;1.8750000e+02;1.8334825e-02;1.8750000e+02;3.6930159e-02;1.8750000e+02;6.1277397e-02;1.8750000e+02;8.9511193e-02;1.8750000e+02;1.2002052e-01;1.8750000e+02;1.5223294e-01;1.8750000e+02;1.8930270e-01;1.8750000e+02;2.2670817e-01;1.8750000e+02;2.5688857e-01;1.8750000e+02;2.7640617e-01;1.8750000e+02;2.8188735e-01;1.8750000e+02;2.6975003e-01;1.8750000e+02;2.3730175e-01;1.8750000e+02;1.9289251e-01;1.8750000e+02;1.4017589e-01;1.8750000e+02;9.0415619e-02;1.8750000e+02;4.7270209e-02;1.8750000e+02;3.7412937e-03;1.8750000e+02;1.8334825e-02;1.8750000e+02;3.6930159e-02;1.8750000e+02;6.1277397e-02;1.8750000e+02;8.9511193e-02;1.8750000e+02;1.2002052e-01;1.8750000e+02;1.5223294e-01;1.8750000e+02;1.8930270e-01;1.8750000e+02;2.2670817e-01;1.8750000e+02;2.5688857e-01;1.8750000e+02;2.7640617e-01;1.8750000e+02;2.8188735e-01;1.8750000e+02;2.6975003e-01;1.8750000e+02;2.3730175e-01;1.8750000e+02;1.9289251e-01;1.8750000e+02;1.4017589e-01;1.8750000e+02;9.0415619e-02;1.8750000e+02;4.7270209e-02;1.8750000e+02;3.7412937e-03;1.8750000e+02;1.8334825e-02;1.8750000e+02;3.6930159e-02;1.8750000e+02;6.1277397e-02;1.8750000e+02;8.9511193e-02;1.8750000e+02;1.2002052e-01;1.8750000e+02;1.5223294e-01;1.8750000e+02;1.8930270e-01;1.8750000e+02;2.2670817e-01;1.8750000e+02;2.5688857e-01;1.8750000e+02;2.7640617e-01;1.8750000e+02;2.8188735e-01;1.8750000e+02;2.6975003e-01;1.8750000e+02;2.3730175e-01;1.8750000e+02;1.9289251e-01;1.8750000e+02;1.4017589e-01;1.8750000e+02;9.0415619e-02;1.8750000e+02;4.7270209e-02;1.8750000e+02;3.7412937e-03;1.8750000e+02;1.8334825e-02;1.8750000e+02;3.6930159e-02;1.8750000e+02;6.1277397e-02;1.8750000e+02;8.9511193e-02;1.8750000e+02;1.2002052e-01;1.8750000e+02;1.5223294e-01;1.8750000e+02;1.8930270e-01;1.8750000e+02;2.2670817e-01;1.8750000e+02;2.5688857e-01;1.8750000e+02;2.7640617e-01;1.8750000e+02;2.8188735e-01;1.8750000e+02;2.6975003e-01;1.8750000e+02;2.3730175e-01;1.8750000e+02;1.9289251e-01;1.8750000e+02;1.4017589e-01;1.8750000e+02;9.0415619e-02;1.8750000e+02;4.7270209e-02;1.8750000e+02;3.7412937e-03;1.8750000e+02;1.8334825e-02;1.8750000e+02;3.6930159e-02;1.8750000e+02;6.1277397e-02;1.8750000e+02;8.9511193e-02;1.8750000e+02;1.2002052e-01;1.8750000e+02;1.5223294e-01;1.8750000e+02;1.8930270e-01;1.8750000e+02;2.2670817e-01;1.8750000e+02;2.5688857e-01;1.8750000e+02;2.7640617e-01;1.8750000e+02;2.8188735e-01;1.8750000e+02;2.6975003e-01;1.8750000e+02;2.3730175e-01;1.8750000e+02;1.9289251e-01;1.8750000e+02;1.4017589e-01;1.8750000e+02;9.0415619e-02;1.8750000e+02;4.7270209e-02;1.8750000e+02;3.7412937e-03;1.8750000e+02;1.8334825e-02;1.8750000e+02;3.6930159e-02;1.8750000e+02;6.1277397e-02;1.8750000e+02;8.9511193e-02;1.8750000e+02;1.2002052e-01;1.8750000e+02;1.5223294e-01;1.8750000e+02;1.8930270e-01;1.8750000e+02;2.2670817e-01;1.8750000e+02;2.5688857e-01;1.8750000e+02;2.7640617e-01;1.8750000e+02;2.8188735e-01;1.8750000e+02;2.6975003e-01;1.8750000e+02;2.3730175e-01;1.8750000e+02;1.9289251e-01;1.8750000e+02;1.4017589e-01;1.8750000e+02;9.0415619e-02;1.8750000e+02;4.7270209e-02;1.8750000e+02;3.7412937e-03;1.8750000e+02;1.8334825e-02;1.8750000e+02;3.6930159e-02;1.8750000e+02;6.1277397e-02;1.8750000e+02;8.9511193e-02;1.8750000e+02;1.2002052e-01;1.8750000e+02;1.5223294e-01;1.8750000e+02;1.8930270e-01;1.8750000e+02;2.2670817e-01;1.8750000e+02;2.5688857e-01;1.8750000e+02;2.7640617e-01;1.8750000e+02;2.8188735e-01;1.8750000e+02;2.6975003e-01;1.8750000e+02;2.3730175e-01;1.8750000e+02;1.9289251e-01;1.8750000e+02;1.4017589e-01;1.8750000e+02;9.0415619e-02;1.8750000e+02;4.7270209e-02;1.8750000e+02;3.7412937e-03;1.8750000e+02;1.8334825e-02;1.8750000e+02;3.6930159e-02;1.8750000e+02;6.1277397e-02;1.8750000e+02;8.9511193e-02;1.8750000e+02;1.2002052e-01;1.8750000e+02;1.5223294e-01;1.8750000e+02;1.8930270e-01;1.8750000e+02;2.2670817e-01;1.8750000e+02;2.5688857e-01;1.8750000e+02;2.7640617e-01;1.8750000e+02;2.8188735e-01;1.8750000e+02;2.6975003e-01;1.8750000e+02;2.3730175e-01;1.8750000e+02;1.9289251e-01;1.8750000e+02;1.4017589e-01;1.8750000e+02;9.0415619e-02;1.8750000e+02;4.7270209e-02;1.8750000e+02;3.7412937e-03;1.8750000e+02;1.8334825e-02;1.8750000e+02;3.6930159e-02;1.8750000e+02;6.1277397e-02;1.8750000e+02;8.9511193e-02;1.8750000e+02;1.2002052e-01;1.8750000e+02;1.5223294e-01;1.8750000e+02;1.8930270e-01;1.8750000e+02;2.2670817e-01;1.8750000e+02;2.5688857e-01;1.8750000e+02;2.7640617e-01;1.8750000e+02;2.8188735e-01;1.8750000e+02;2.6975003e-01;1.8750000e+02;2.3730175e-01;1.8750000e+02;1.9289251e-01;1.8750000e+02;1.4017589e-01;1.8750000e+02;9.0415619e-02;1.8750000e+02;4.7270209e-02;1.8750000e+02;3.7412937e-03;1.8750000e+02;1.8334825e-02;1.8750000e+02;3.6930159e-02;1.8750000e+02;6.1277397e-02;1.8750000e+02;8.9511193e-02;1.8750000e+02;1.2002052e-01;1.8750000e+02;1.5223294e-01;1.8750000e+02;1.8930270e-01;1.8750000e+02;2.2670817e-01;1.8750000e+02;2.5688857e-01;1.8750000e+02;2.7640617e-01;1.8750000e+02;2.8188735e-01;1.8750000e+02;2.6975003e-01;1.8750000e+02;2.3730175e-01;1.8750000e+02;1.9289251e-01;1.8750000e+02;1.4017589e-01;1.8750000e+02;9.0415619e-02;1.8750000e+02;4.7270209e-02;1.8750000e+02;3.7412937e-03;1.8750000e+02;1.8334825e-02;1.8750000e+02;3.6930159e-02;1.8750000e+02;6.1277397e-02;1.8750000e+02;8.9511193e-02;1.8750000e+02;1.2002052e-01;1.8750000e+02;1.5223294e-01;1.8750000e+02;1.8930270e-01;1.8750000e+02;2.2670817e-01;1.8750000e+02;2.5688857e-01;1.8750000e+02;2.7640617e-01;1.8750000e+02;2.8188735e-01;1.8750000e+02;2.6975003e-01;1.8750000e+02;2.3730175e-01;1.8750000e+02;1.9289251e-01;1.8750000e+02;1.4017589e-01;1.8750000e+02;9.0415619e-02;1.8750000e+02;4.7270209e-02;1.8750000e+02;3.7412937e-03;1.8750000e+02;1.8334825e-02;1.8750000e+02;3.6930159e-02;1.8750000e+02;6.1277397e-02;1.8750000e+02;8.9511193e-02;1.8750000e+02;1.2002052e-01;1.8750000e+02;1.5223294e-01;1.8750000e+02;1.8930270e-01;1.8750000e+02;2.2670817e-01;1.8750000e+02;2.5688857e-01;1.8750000e+02;2.7640617e-01;1.8750000e+02;2.8188735e-01;1.8750000e+02;2.6975003e-01;1.8750000e+02;2.3730175e-01;1.8750000e+02;1.9289251e-01;1.8750000e+02;1.4017589e-01;1.8750000e+02;9.0415619e-02;1.8750000e+02;4.7270209e-02;1.8750000e+02;3.7412937e-03;1.8750000e+02;1.8334825e-02;1.8750000e+02;3.6930159e-02;1.8750000e+02;6.1277397e-02;1.8750000e+02;8.9511193e-02;1.8750000e+02;1.2002052e-01;1.8750000e+02;1.5223294e-01;1.8750000e+02;1.8930270e-01;1.8750000e+02;2.2670817e-01;1.8750000e+02;2.5688857e-01;1.8750000e+02;2.7640617e-01;1.8750000e+02;2.8188735e-01;1.8750000e+02;2.6975003e-01;1.8750000e+02;2.3730175e-01;1.8750000e+02;1.9289251e-01;1.8750000e+02;1.4017589e-01;1.8750000e+02;9.0415619e-02;1.8750000e+02;4.7270209e-02;1.8750000e+02;3.7412937e-03;1.8750000e+02;1.8334825e-02;1.8750000e+02;3.6930159e-02;1.8750000e+02;6.1277397e-02;1.8750000e+02;8.9511193e-02;1.8750000e+02;1.2002052e-01;1.8750000e+02;1.5223294e-01;1.8750000e+02;1.8930270e-01;1.8750000e+02;2.2670817e-01;1.8750000e+02;2.5688857e-01;1.8750000e+02;2.7640617e-01;1.8750000e+02;2.8188735e-01;1.8750000e+02;2.6975003e-01;1.8750000e+02;2.3730175e-01;1.8750000e+02;1.9289251e-01;1.8750000e+02;1.4017589e-01;1.8750000e+02;9.0415619e-02;1.8750000e+02;4.7270209e-02;1.8750000e+02;3.7412937e-03;1.8750000e+02;1.8334825e-02;1.8750000e+02;3.6930159e-02;1.8750000e+02;6.1277397e-02;1.8750000e+02;8.9511193e-02;1.8750000e+02;1.2002052e-01;1.8750000e+02;1.5223294e-01;1.8750000e+02;1.8930270e-01;1.8750000e+02;2.2670817e-01;1.8750000e+02;2.5688857e-01;1.8750000e+02;2.7640617e-01;1.8750000e+02;2.8188735e-01;1.8750000e+02;2.6975003e-01;1.8750000e+02;2.3730175e-01;1.8750000e+02;1.9289251e-01;1.8750000e+02;1.4017589e-01;1.8750000e+02;9.0415619e-02;1.8750000e+02;4.7270209e-02;1.8750000e+02;3.7412937e-03;1.8750000e+02;1.8334825e-02;1.8750000e+02;3.6930159e-02;1.8750000e+02;6.1277397e-02;1.8750000e+02;8.9511193e-02;1.8750000e+02;1.2002052e-01;1.8750000e+02;1.5223294e-01;1.8750000e+02;1.8930270e-01;1.8750000e+02;2.2670817e-01;1.8750000e+02;2.5688857e-01;1.8750000e+02;2.7640617e-01;1.8750000e+02;2.8188735e-01;1.8750000e+02;2.6975003e-01;1.8750000e+02;2.3730175e-01;1.8750000e+02;1.9289251e-01;1.8750000e+02;1.4017589e-01;1.8750000e+02;9.0415619e-02;1.8750000e+02;4.7270209e-02;1.8750000e+02;3.7412937e-03;1.8750000e+02;1.8334825e-02;1.8750000e+02;3.6930159e-02;1.8750000e+02;6.1277397e-02;1.8750000e+02;8.9511193e-02;1.8750000e+02;1.2002052e-01;1.8750000e+02;1.5223294e-01;1.8750000e+02;1.8930270e-01;1.8750000e+02;2.2670817e-01;1.8750000e+02;2.5688857e-01;1.8750000e+02;2.7640617e-01;1.8750000e+02;2.8188735e-01;1.8750000e+02;2.6975003e-01;1.8750000e+02;2.3730175e-01;1.8750000e+02;1.9289251e-01;1.8750000e+02;1.4017589e-01;1.8750000e+02;9.0415619e-02;1.8750000e+02;4.7270209e-02;1.8750000e+02;3.7412937e-03;1.8750000e+02;1.8334825e-02;1.8750000e+02;3.6930159e-02;1.8750000e+02;6.1277397e-02;1.8750000e+02;8.9511193e-02;1.8750000e+02;1.2002052e-01;1.8750000e+02;1.5223294e-01;1.8750000e+02;1.8930270e-01;1.8750000e+02;2.2670817e-01;1.8750000e+02;2.5688857e-01;1.8750000e+02;2.7640617e-01;1.8750000e+02;2.8188735e-01;1.8750000e+02;2.6975003e-01;1.8750000e+02;2.3730175e-01;1.8750000e+02;1.9289251e-01;1.8750000e+02;1.4017589e-01;1.8750000e+02;9.0415619e-02;1.8750000e+02;4.7270209e-02;1.8750000e+02;3.7412937e-03;1.8750000e+02;1.8334825e-02;1.8750000e+02;3.6930159e-02;1.8750000e+02;6.1277397e-02;1.8750000e+02;8.9511193e-02;1.8750000e+02;1.2002052e-01;1.8750000e+02;1.5223294e-01;1.8750000e+02;1.8930270e-01;1.8750000e+02;2.2670817e-01;1.8750000e+02;2.5688857e-01;1.8750000e+02;2.7640617e-01;1.8750000e+02;2.8188735e-01;1.8750000e+02;2.6975003e-01;1.8750000e+02;2.3730175e-01;1.8750000e+02;1.9289251e-01;1.8750000e+02;1.4017589e-01;1.8750000e+02;9.0415619e-02;1.8750000e+02;4.7270209e-02;1.8750000e+02;3.7412937e-03;1.8750000e+02;1.8334825e-02;1.8750000e+02;3.6930159e-02;1.8750000e+02;6.1277397e-02;1.8750000e+02;8.9511193e-02;1.8750000e+02;1.2002052e-01;1.8750000e+02;1.5223294e-01;1.8750000e+02;1.8930270e-01;1.8750000e+02;2.2670817e-01;1.8750000e+02;2.5688857e-01;1.8750000e+02;2.7640617e-01;1.8750000e+02;2.8188735e-01;1.8750000e+02;2.6975003e-01;1.8750000e+02;2.3730175e-01;1.8750000e+02;1.9289251e-01;1.8750000e+02;1.4017589e-01;1.8750000e+02;9.0415619e-02;1.8750000e+02;4.7270209e-02;1.8750000e+02;3.7412937e-03;1.8750000e+02;1.8334825e-02;1.8750000e+02;3.6930159e-02;1.8750000e+02;6.1277397e-02;1.8750000e+02;8.9511193e-02;1.8750000e+02;1.2002052e-01;1.8750000e+02;1.5223294e-01;1.8750000e+02;1.8930270e-01;1.8750000e+02;2.2670817e-01;1.8750000e+02;2.5688857e-01;1.8750000e+02;2.7640617e-01;1.8750000e+02;2.8188735e-01;1.8750000e+02;2.6975003e-01;1.8750000e+02;2.3730175e-01;1.8750000e+02;1.9289251e-01;1.8750000e+02;1.4017589e-01;1.8750000e+02;9.0415619e-02;1.8750000e+02;4.7270209e-02;1.8750000e+02;3.7412937e-03;1.8750000e+02;1.8334825e-02;1.8750000e+02;3.6930159e-02;1.8750000e+02;6.1277397e-02;1.8750000e+02;8.9511193e-02;1.8750000e+02;1.2002052e-01;1.8750000e+02;1.5223294e-01;1.8750000e+02;1.8930270e-01;1.8750000e+02;2.2670817e-01;1.8750000e+02;2.5688857e-01;1.8750000e+02;2.7640617e-01;1.8750000e+02;2.8188735e-01;1.8750000e+02;2.6975003e-01;1.8750000e+02;2.3730175e-01;1.8750000e+02;1.9289251e-01;1.8750000e+02;1.4017589e-01;1.8750000e+02;9.0415619e-02;1.8750000e+02;4.7270209e-02;1.8750000e+02;3.7412937e-03;1.8750000e+02;1.8334825e-02;1.8750000e+02;3.6930159e-02;1.8750000e+02;6.1277397e-02;1.8750000e+02;8.9511193e-02;1.8750000e+02;1.2002052e-01;1.8750000e+02;1.5223294e-01;1.8750000e+02;1.8930270e-01;1.8750000e+02;2.2670817e-01;1.8750000e+02;2.5688857e-01;1.8750000e+02;2.7640617e-01;1.8750000e+02;2.8188735e-01;1.8750000e+02;2.6975003e-01;1.8750000e+02;2.3730175e-01;1.8750000e+02;1.9289251e-01;1.8750000e+02;1.4017589e-01;1.8750000e+02;9.0415619e-02;1.8750000e+02;4.7270209e-02;1.8750000e+02;3.7412937e-03;1.8750000e+02;1.8334825e-02;1.8750000e+02;3.6930159e-02;1.8750000e+02;6.1277397e-02;1.8750000e+02;8.9511193e-02;1.8750000e+02;1.2002052e-01;1.8750000e+02;1.5223294e-01;1.8750000e+02;1.8930270e-01;1.8750000e+02;2.2670817e-01;1.8750000e+02;2.5688857e-01;1.8750000e+02;2.7640617e-01;1.8750000e+02;2.8188735e-01;1.8750000e+02;2.6975003e-01;1.8750000e+02;2.3730175e-01;1.8750000e+02;1.9289251e-01;1.8750000e+02;1.4017589e-01;1.8750000e+02;9.0415619e-02;1.8750000e+02;4.7270209e-02;1.8750000e+02;3.7412937e-03;1.8750000e+02;1.8334825e-02;1.8750000e+02;3.6930159e-02;1.8750000e+02;6.1277397e-02;1.8750000e+02;8.9511193e-02;1.8750000e+02;1.2002052e-01;1.8750000e+02;1.5223294e-01;1.8750000e+02;1.8930270e-01;1.8750000e+02;2.2670817e-01;1.8750000e+02;2.5688857e-01;1.8750000e+02;2.7640617e-01;1.8750000e+02;2.8188735e-01;1.8750000e+02;2.6975003e-01;1.8750000e+02;2.3730175e-01;1.8750000e+02;1.9289251e-01;1.8750000e+02;1.4017589e-01;1.8750000e+02;9.0415619e-02;1.8750000e+02;4.7270209e-02;1.8750000e+02;3.7412937e-03;1.8750000e+02;1.8334825e-02;1.8750000e+02;3.6930159e-02;1.8750000e+02;6.1277397e-02;1.8750000e+02;8.9511193e-02;1.8750000e+02;1.2002052e-01;1.8750000e+02;1.5223294e-01;1.8750000e+02;1.8930270e-01;1.8750000e+02;2.2670817e-01;1.8750000e+02;2.5688857e-01;1.8750000e+02;2.7640617e-01;1.8750000e+02;2.8188735e-01;1.8750000e+02;2.6975003e-01;1.8750000e+02;2.3730175e-01;1.8750000e+02;1.9289251e-01;1.8750000e+02;1.4017589e-01;1.8750000e+02;9.0415619e-02;1.8750000e+02;4.7270209e-02;1.8750000e+02;3.7412937e-03;1.8750000e+02;1.8334825e-02;1.8750000e+02;3.6930159e-02;1.8750000e+02;6.1277397e-02;1.8750000e+02;8.9511193e-02;1.8750000e+02;1.2002052e-01;1.8750000e+02;1.5223294e-01;1.8750000e+02;1.8930270e-01;1.8750000e+02;2.2670817e-01;1.8750000e+02;2.5688857e-01;1.8750000e+02;2.7640617e-01;1.8750000e+02;2.8188735e-01;1.8750000e+02;2.6975003e-01;1.8750000e+02;2.3730175e-01;1.8750000e+02;1.9289251e-01;1.8750000e+02;1.4017589e-01;1.8750000e+02;9.0415619e-02;1.8750000e+02;4.7270209e-02;1.8750000e+02;3.7412937e-03;1.8750000e+02;1.8334825e-02;1.8750000e+02;3.6930159e-02;1.8750000e+02;6.1277397e-02;1.8750000e+02;8.9511193e-02;1.8750000e+02;1.2002052e-01;1.8750000e+02;1.5223294e-01;1.8750000e+02;1.8930270e-01;1.8750000e+02;2.2670817e-01;1.8750000e+02;2.5688857e-01;1.8750000e+02;2.7640617e-01;1.8750000e+02;2.8188735e-01;1.8750000e+02;2.6975003e-01;1.8750000e+02;2.3730175e-01;1.8750000e+02;1.9289251e-01;1.8750000e+02;1.4017589e-01;1.8750000e+02;9.0415619e-02;1.8750000e+02;4.7270209e-02;1.8750000e+02;3.7412937e-03;1.8750000e+02;1.8334825e-02;1.8750000e+02;3.6930159e-02;1.8750000e+02;6.1277397e-02;1.8750000e+02;8.9511193e-02;1.8750000e+02;1.2002052e-01;1.8750000e+02;1.5223294e-01;1.8750000e+02;1.8930270e-01;1.8750000e+02;2.2670817e-01;1.8750000e+02;2.5688857e-01;1.8750000e+02;2.7640617e-01;1.8750000e+02;2.8188735e-01;1.8750000e+02;2.6975003e-01;1.8750000e+02;2.3730175e-01;1.8750000e+02;1.9289251e-01;1.8750000e+02;1.4017589e-01;1.8750000e+02;9.0415619e-02;1.8750000e+02;4.7270209e-02;1.8750000e+02;3.7412937e-03;1.8750000e+02;1.8334825e-02;1.8750000e+02;3.6930159e-02;1.8750000e+02;6.1277397e-02;1.8750000e+02;8.9511193e-02;1.8750000e+02;1.2002052e-01;1.8750000e+02;1.5223294e-01;1.8750000e+02;1.8930270e-01;1.8750000e+02;2.2670817e-01;1.8750000e+02;2.5688857e-01;1.8750000e+02;2.7640617e-01;1.8750000e+02;2.8188735e-01;1.8750000e+02;2.6975003e-01;1.8750000e+02;2.3730175e-01;1.8750000e+02;1.9289251e-01;1.8750000e+02;1.4017589e-01;1.8750000e+02;9.0415619e-02;1.8750000e+02;4.7270209e-02;1.8750000e+02;3.7412937e-03;1.8750000e+02;1.8334825e-02;1.8750000e+02;3.6930159e-02;1.8750000e+02;6.1277397e-02;1.8750000e+02;8.9511193e-02;1.8750000e+02;1.2002052e-01;1.8750000e+02;1.5223294e-01;1.8750000e+02;1.8930270e-01;1.8750000e+02;2.2670817e-01;1.8750000e+02;2.5688857e-01;1.8750000e+02;2.7640617e-01;1.8750000e+02;2.8188735e-01;1.8750000e+02;2.6975003e-01;1.8750000e+02;2.3730175e-01;1.8750000e+02;1.9289251e-01;1.8750000e+02;1.4017589e-01;1.8750000e+02;9.0415619e-02;1.8750000e+02;4.7270209e-02;1.8750000e+02;3.7412937e-03;1.8750000e+02;1.8334825e-02;1.8750000e+02;3.6930159e-02;1.8750000e+02;6.1277397e-02;1.8750000e+02;8.9511193e-02;1.8750000e+02;1.2002052e-01;1.8750000e+02;1.5223294e-01;1.8750000e+02;1.8930270e-01;1.8750000e+02;2.2670817e-01;1.8750000e+02;2.5688857e-01;1.8750000e+02;2.7640617e-01;1.8750000e+02;2.8188735e-01;1.8750000e+02;2.6975003e-01;1.8750000e+02;2.3730175e-01;1.8750000e+02;1.9289251e-01;1.8750000e+02;1.4017589e-01;1.8750000e+02;9.0415619e-02;1.8750000e+02;4.7270209e-02;1.8750000e+02;3.7412937e-03;1.8750000e+02;1.8334825e-02;1.8750000e+02;3.6930159e-02;1.8750000e+02;6.1277397e-02;1.8750000e+02;8.9511193e-02;1.8750000e+02;1.2002052e-01;1.8750000e+02;1.5223294e-01;1.8750000e+02;1.8930270e-01;1.8750000e+02;2.2670817e-01;1.8750000e+02;2.5688857e-01;1.8750000e+02;2.7640617e-01;1.8750000e+02;2.8188735e-01;1.8750000e+02;2.6975003e-01;1.8750000e+02;2.3730175e-01;1.8750000e+02;1.9289251e-01;1.8750000e+02;1.4017589e-01;1.8750000e+02;9.0415619e-02;1.8750000e+02;4.7270209e-02;1.8750000e+02;3.7412937e-03;1.8750000e+02;1.8334825e-02;1.8750000e+02;3.6930159e-02;1.8750000e+02;6.1277397e-02;1.8750000e+02;8.9511193e-02;1.8750000e+02;1.2002052e-01;1.8750000e+02;1.5223294e-01;1.8750000e+02;1.8930270e-01;1.8750000e+02;2.2670817e-01;1.8750000e+02;2.5688857e-01;1.8750000e+02;2.7640617e-01;1.8750000e+02;2.8188735e-01;1.8750000e+02;2.6975003e-01;1.8750000e+02;2.3730175e-01;1.8750000e+02;1.9289251e-01;1.8750000e+02;1.4017589e-01;1.8750000e+02;9.0415619e-02;1.8750000e+02;4.7270209e-02;1.8750000e+02;3.7412937e-03;1.8750000e+02;1.8334825e-02;1.8750000e+02;3.6930159e-02;1.8750000e+02;6.1277397e-02;1.8750000e+02;8.9511193e-02;1.8750000e+02;1.2002052e-01;1.8750000e+02;1.5223294e-01;1.8750000e+02;1.8930270e-01;1.8750000e+02;2.2670817e-01;1.8750000e+02;2.5688857e-01;1.8750000e+02;2.7640617e-01;1.8750000e+02;2.8188735e-01;1.8750000e+02;2.6975003e-01;1.8750000e+02;2.3730175e-01;1.8750000e+02;1.9289251e-01;1.8750000e+02;1.4017589e-01;1.8750000e+02;9.0415619e-02;1.8750000e+02;4.7270209e-02;1.8750000e+02;3.7412937e-03;1.8750000e+02;1.8334825e-02;1.8750000e+02;3.6930159e-02;1.8750000e+02;6.1277397e-02;1.8750000e+02;8.9511193e-02;1.8750000e+02;1.2002052e-01;1.8750000e+02;1.5223294e-01;1.8750000e+02;1.8930270e-01;1.8750000e+02;2.2670817e-01;1.8750000e+02;2.5688857e-01;1.8750000e+02;2.7640617e-01;1.8750000e+02;2.8188735e-01;1.8750000e+02;2.6975003e-01;1.8750000e+02;2.3730175e-01;1.8750000e+02;1.9289251e-01;1.8750000e+02;1.4017589e-01;1.8750000e+02;9.0415619e-02;1.8750000e+02;4.7270209e-02;1.8750000e+02;3.7412937e-03;1.8750000e+02;1.8334825e-02;1.8750000e+02;3.6930159e-02;1.8750000e+02;6.1277397e-02;1.8750000e+02;8.9511193e-02;1.8750000e+02;1.2002052e-01;1.8750000e+02;1.5223294e-01;1.8750000e+02;1.8930270e-01;1.8750000e+02;2.2670817e-01;1.8750000e+02;2.5688857e-01;1.8750000e+02;2.7640617e-01;1.8750000e+02;2.8188735e-01;1.8750000e+02;2.6975003e-01;1.8750000e+02;2.3730175e-01;1.8750000e+02;1.9289251e-01;1.8750000e+02;1.4017589e-01;1.8750000e+02;9.0415619e-02;1.8750000e+02;4.7270209e-02;1.8750000e+02;3.7412937e-03;1.8750000e+02;1.8334825e-02;1.8750000e+02;3.6930159e-02;1.8750000e+02;6.1277397e-02;1.8750000e+02;8.9511193e-02;1.8750000e+02;1.2002052e-01;1.8750000e+02;1.5223294e-01;1.8750000e+02;1.8930270e-01;1.8750000e+02;2.2670817e-01;1.8750000e+02;2.5688857e-01;1.8750000e+02;2.7640617e-01;1.8750000e+02;2.8188735e-01;1.8750000e+02;2.6975003e-01;1.8750000e+02;2.3730175e-01;1.8750000e+02;1.9289251e-01;1.8750000e+02;1.4017589e-01;1.8750000e+02;9.0415619e-02;1.8750000e+02;4.7270209e-02;1.8750000e+02;3.7412937e-03;1.8750000e+02;1.8334825e-02;1.8750000e+02;3.6930159e-02;1.8750000e+02;6.1277397e-02;1.8750000e+02;8.9511193e-02;1.8750000e+02;1.2002052e-01;1.8750000e+02;1.5223294e-01;1.8750000e+02;1.8930270e-01;1.8750000e+02;2.2670817e-01;1.8750000e+02;2.5688857e-01;1.8750000e+02;2.7640617e-01;1.8750000e+02;2.8188735e-01;1.8750000e+02;2.6975003e-01;1.8750000e+02;2.3730175e-01;1.8750000e+02;1.9289251e-01;1.8750000e+02;1.4017589e-01;1.8750000e+02;9.0415619e-02;1.8750000e+02;4.7270209e-02;1.8750000e+02;3.7412937e-03;1.8750000e+02;1.8334825e-02;1.8750000e+02;3.6930159e-02;1.8750000e+02;6.1277397e-02;1.8750000e+02;8.9511193e-02;1.8750000e+02;1.2002052e-01;1.8750000e+02;1.5223294e-01;1.8750000e+02;1.8930270e-01;1.8750000e+02;2.2670817e-01;1.8750000e+02;2.5688857e-01;1.8750000e+02;2.7640617e-01;1.8750000e+02;2.8188735e-01;1.8750000e+02;2.6975003e-01;1.8750000e+02;2.3730175e-01;1.8750000e+02;1.9289251e-01;1.8750000e+02;1.4017589e-01;1.8750000e+02;9.0415619e-02;1.8750000e+02;4.7270209e-02;1.8750000e+02;3.7412937e-03;1.8750000e+02;1.8334825e-02;1.8750000e+02;3.6930159e-02;1.8750000e+02;6.1277397e-02;1.8750000e+02;8.9511193e-02;1.8750000e+02;1.2002052e-01;1.8750000e+02;1.5223294e-01;1.8750000e+02;1.8930270e-01;1.8750000e+02;2.2670817e-01;1.8750000e+02;2.5688857e-01;1.8750000e+02;2.7640617e-01;1.8750000e+02;2.8188735e-01;1.8750000e+02;2.6975003e-01;1.8750000e+02;2.3730175e-01;1.8750000e+02;1.9289251e-01;1.8750000e+02;1.4017589e-01;1.8750000e+02;9.0415619e-02;1.8750000e+02;4.7270209e-02;1.8750000e+02;3.7412937e-03;1.8750000e+02;1.8334825e-02;1.8750000e+02;3.6930159e-02;1.8750000e+02;6.1277397e-02;1.8750000e+02;8.9511193e-02;1.8750000e+02;1.2002052e-01;1.8750000e+02;1.5223294e-01;1.8750000e+02;1.8930270e-01;1.8750000e+02;2.2670817e-01;1.8750000e+02;2.5688857e-01;1.8750000e+02;2.7640617e-01;1.8750000e+02;2.8188735e-01;1.8750000e+02;2.6975003e-01;1.8750000e+02;2.3730175e-01;1.8750000e+02;1.9289251e-01;1.8750000e+02;1.4017589e-01;1.8750000e+02;9.0415619e-02;1.8750000e+02;4.7270209e-02;1.8750000e+02;3.7412937e-03;1.8750000e+02;1.8334825e-02;1.8750000e+02;3.6930159e-02;1.8750000e+02;6.1277397e-02;1.8750000e+02;8.9511193e-02;1.8750000e+02;1.2002052e-01;1.8750000e+02;1.5223294e-01;1.8750000e+02;1.8930270e-01;1.8750000e+02;2.2670817e-01;1.8750000e+02;2.5688857e-01;1.8750000e+02;2.7640617e-01;1.8750000e+02;2.8188735e-01;1.8750000e+02;2.6975003e-01;1.8750000e+02;2.3730175e-01;1.8750000e+02;1.9289251e-01;1.8750000e+02;1.4017589e-01;1.8750000e+02;9.0415619e-02;1.8750000e+02;4.7270209e-02;1.8750000e+02;3.7412937e-03;1.8750000e+02;1.8334825e-02;1.8750000e+02;3.6930159e-02;1.8750000e+02;6.1277397e-02;1.8750000e+02;8.9511193e-02;1.8750000e+02;1.2002052e-01;1.8750000e+02;1.5223294e-01;1.8750000e+02;1.8930270e-01;1.8750000e+02;2.2670817e-01;1.8750000e+02;2.5688857e-01;1.8750000e+02;2.7640617e-01;1.8750000e+02;2.8188735e-01;1.8750000e+02;2.6975003e-01;1.8750000e+02;2.3730175e-01;1.8750000e+02;1.9289251e-01;1.8750000e+02;1.4017589e-01;1.8750000e+02;9.0415619e-02;1.8750000e+02;4.7270209e-02;1.8750000e+02;3.7412937e-03;1.8750000e+02;1.8334825e-02;1.8750000e+02;3.6930159e-02;1.8750000e+02;6.1277397e-02;1.8750000e+02;8.9511193e-02;1.8750000e+02;1.2002052e-01;1.8750000e+02;1.5223294e-01;1.8750000e+02;1.8930270e-01;1.8750000e+02;2.2670817e-01;1.8750000e+02;2.5688857e-01;1.8750000e+02;2.7640617e-01;1.8750000e+02;2.8188735e-01;1.8750000e+02;2.6975003e-01;1.8750000e+02;2.3730175e-01;1.8750000e+02;1.9289251e-01;1.8750000e+02;1.4017589e-01;1.8750000e+02;9.0415619e-02;1.8750000e+02;4.7270209e-02;1.8750000e+02;3.7412937e-03;1.8750000e+02;1.8334825e-02;1.8750000e+02;3.6930159e-02;1.8750000e+02;6.1277397e-02;1.8750000e+02;8.9511193e-02;1.8750000e+02;1.2002052e-01;1.8750000e+02;1.5223294e-01;1.8750000e+02;1.8930270e-01;1.8750000e+02;2.2670817e-01;1.8750000e+02;2.5688857e-01;1.8750000e+02;2.7640617e-01;1.8750000e+02;2.8188735e-01;1.8750000e+02;2.6975003e-01;1.8750000e+02;2.3730175e-01;1.8750000e+02;1.9289251e-01;1.8750000e+02;1.4017589e-01;1.8750000e+02;9.0415619e-02;1.8750000e+02;4.7270209e-02;1.8750000e+02;3.7412937e-03;1.8750000e+02;1.8334825e-02;1.8750000e+02;3.6930159e-02;1.8750000e+02;6.1277397e-02;1.8750000e+02;8.9511193e-02;1.8750000e+02;1.2002052e-01;1.8750000e+02;1.5223294e-01;1.8750000e+02;1.8930270e-01;1.8750000e+02;2.2670817e-01;1.8750000e+02;2.5688857e-01;1.8750000e+02;2.7640617e-01;1.8750000e+02;2.8188735e-01;1.8750000e+02;2.6975003e-01;1.8750000e+02;2.3730175e-01;1.8750000e+02;1.9289251e-01;1.8750000e+02;1.4017589e-01;1.8750000e+02;9.0415619e-02;1.8750000e+02;4.7270209e-02;1.8750000e+02;3.7412937e-03;1.8750000e+02;1.8334825e-02;1.8750000e+02;3.6930159e-02;1.8750000e+02;6.1277397e-02;1.8750000e+02;8.9511193e-02;1.8750000e+02;1.2002052e-01;1.8750000e+02;1.5223294e-01;1.8750000e+02;1.8930270e-01;1.8750000e+02;2.2670817e-01;1.8750000e+02;2.5688857e-01;1.8750000e+02;2.7640617e-01;1.8750000e+02;2.8188735e-01;1.8750000e+02;2.6975003e-01;1.8750000e+02;2.3730175e-01;1.8750000e+02;1.9289251e-01;1.8750000e+02;1.4017589e-01;1.8750000e+02;9.0415619e-02;1.8750000e+02;4.7270209e-02;1.8750000e+02;3.7412937e-03;1.8750000e+02;1.8334825e-02;1.8750000e+02;3.6930159e-02;1.8750000e+02;6.1277397e-02;1.8750000e+02;8.9511193e-02;1.8750000e+02;1.2002052e-01;1.8750000e+02;1.5223294e-01;1.8750000e+02;1.8930270e-01;1.8750000e+02;2.2670817e-01;1.8750000e+02;2.5688857e-01;1.8750000e+02;2.7640617e-01;1.8750000e+02;2.8188735e-01;1.8750000e+02;2.6975003e-01;1.8750000e+02;2.3730175e-01;1.8750000e+02;1.9289251e-01;1.8750000e+02;1.4017589e-01;1.8750000e+02;9.0415619e-02;1.8750000e+02;4.7270209e-02;1.8750000e+02;3.7412937e-03;1.8750000e+02;1.8334825e-02;1.8750000e+02;3.6930159e-02;1.8750000e+02;6.1277397e-02;1.8750000e+02;8.9511193e-02;1.8750000e+02;1.2002052e-01;1.8750000e+02;1.5223294e-01;1.8750000e+02;1.8930270e-01;1.8750000e+02;2.2670817e-01;1.8750000e+02;2.5688857e-01;1.8750000e+02;2.7640617e-01;1.8750000e+02;2.8188735e-01;1.8750000e+02;2.6975003e-01;1.8750000e+02;2.3730175e-01;1.8750000e+02;1.9289251e-01;1.8750000e+02;1.4017589e-01;1.8750000e+02;9.0415619e-02;1.8750000e+02;4.7270209e-02;1.8750000e+02;3.7412937e-03;1.8750000e+02;1.8334825e-02;1.8750000e+02;3.6930159e-02;1.8750000e+02;6.1277397e-02;1.8750000e+02;8.9511193e-02;1.8750000e+02;1.2002052e-01;1.8750000e+02;1.5223294e-01;1.8750000e+02;1.8930270e-01;1.8750000e+02;2.2670817e-01;1.8750000e+02;2.5688857e-01;1.8750000e+02;2.7640617e-01;1.8750000e+02;2.8188735e-01;1.8750000e+02;2.6975003e-01;1.8750000e+02;2.3730175e-01;1.8750000e+02;1.9289251e-01;1.8750000e+02;1.4017589e-01;1.8750000e+02;9.0415619e-02;1.8750000e+02;4.7270209e-02;1.8750000e+02;3.7412937e-03;1.8750000e+02;1.8334825e-02;1.8750000e+02;3.6930159e-02;1.8750000e+02;6.1277397e-02;1.8750000e+02;8.9511193e-02;1.8750000e+02;1.2002052e-01;1.8750000e+02;1.5223294e-01;1.8750000e+02;1.8930270e-01;1.8750000e+02;2.2670817e-01;1.8750000e+02;2.5688857e-01;1.8750000e+02;2.7640617e-01;1.8750000e+02;2.8188735e-01;1.8750000e+02;2.6975003e-01;1.8750000e+02;2.3730175e-01;1.8750000e+02;1.9289251e-01;1.8750000e+02;1.4017589e-01;1.8750000e+02;9.0415619e-02;1.8750000e+02;4.7270209e-02;1.8750000e+02;3.7412937e-03;1.8750000e+02;1.8334825e-02;1.8750000e+02;3.6930159e-02;1.8750000e+02;6.1277397e-02;1.8750000e+02;8.9511193e-02;1.8750000e+02;1.2002052e-01;1.8750000e+02;1.5223294e-01;1.8750000e+02;1.8930270e-01;1.8750000e+02;2.2670817e-01;1.8750000e+02;2.5688857e-01;1.8750000e+02;2.7640617e-01;1.8750000e+02;2.8188735e-01;1.8750000e+02;2.6975003e-01;1.8750000e+02;2.3730175e-01;1.8750000e+02;1.9289251e-01;1.8750000e+02;1.4017589e-01;1.8750000e+02;9.0415619e-02;1.8750000e+02;4.7270209e-02;1.8750000e+02;3.7412937e-03;1.8750000e+02;1.8334825e-02;1.8750000e+02;3.6930159e-02;1.8750000e+02;6.1277397e-02;1.8750000e+02;8.9511193e-02;1.8750000e+02;1.2002052e-01;1.8750000e+02;1.5223294e-01;1.8750000e+02;1.8930270e-01;1.8750000e+02;2.2670817e-01;1.8750000e+02;2.5688857e-01;1.8750000e+02;2.7640617e-01;1.8750000e+02;2.8188735e-01;1.8750000e+02;2.6975003e-01;1.8750000e+02;2.3730175e-01;1.8750000e+02;1.9289251e-01;1.8750000e+02;1.4017589e-01;1.8750000e+02;9.0415619e-02;1.8750000e+02;4.7270209e-02;1.8750000e+02;3.7412937e-03;1.8750000e+02;1.8334825e-02;1.8750000e+02;3.6930159e-02;1.8750000e+02;6.1277397e-02;1.8750000e+02;8.9511193e-02;1.8750000e+02;1.2002052e-01;1.8750000e+02;1.5223294e-01;1.8750000e+02;1.8930270e-01;1.8750000e+02;2.2670817e-01;1.8750000e+02;2.5688857e-01;1.8750000e+02;2.7640617e-01;1.8750000e+02;2.8188735e-01;1.8750000e+02;2.6975003e-01;1.8750000e+02;2.3730175e-01;1.8750000e+02;1.9289251e-01;1.8750000e+02;1.4017589e-01;1.8750000e+02;9.0415619e-02;1.8750000e+02;4.7270209e-02;1.8750000e+02;3.7412937e-03;1.8750000e+02;1.8334825e-02;1.8750000e+02;3.6930159e-02;1.8750000e+02;6.1277397e-02;1.8750000e+02;8.9511193e-02;1.8750000e+02;1.2002052e-01;1.8750000e+02;1.5223294e-01;1.8750000e+02;1.8930270e-01;1.8750000e+02;2.2670817e-01;1.8750000e+02;2.5688857e-01;1.8750000e+02;2.7640617e-01;1.8750000e+02;2.8188735e-01;1.8750000e+02;2.6975003e-01;1.8750000e+02;2.3730175e-01;1.8750000e+02;1.9289251e-01;1.8750000e+02;1.4017589e-01;1.8750000e+02;9.0415619e-02;1.8750000e+02;4.7270209e-02;1.8750000e+02;3.7412937e-03;1.8750000e+02;1.8334825e-02;1.8750000e+02;3.6930159e-02;1.8750000e+02;6.1277397e-02;1.8750000e+02;8.9511193e-02;1.8750000e+02;1.2002052e-01;1.8750000e+02;1.5223294e-01;1.8750000e+02;1.8930270e-01;1.8750000e+02;2.2670817e-01;1.8750000e+02;2.5688857e-01;1.8750000e+02;2.7640617e-01;1.8750000e+02;2.8188735e-01;1.8750000e+02;2.6975003e-01;1.8750000e+02;2.3730175e-01;1.8750000e+02;1.9289251e-01;1.8750000e+02;1.4017589e-01;1.8750000e+02;9.0415619e-02;1.8750000e+02;4.7270209e-02;1.8750000e+02;3.7412937e-03;1.8750000e+02;1.8334825e-02;1.8750000e+02;3.6930159e-02;1.8750000e+02;6.1277397e-02;1.8750000e+02;8.9511193e-02;1.8750000e+02;1.2002052e-01;1.8750000e+02;1.5223294e-01;1.8750000e+02;1.8930270e-01;1.8750000e+02;2.2670817e-01;1.8750000e+02;2.5688857e-01;1.8750000e+02;2.7640617e-01;1.8750000e+02;2.8188735e-01;1.8750000e+02;2.6975003e-01;1.8750000e+02;2.3730175e-01;1.8750000e+02;1.9289251e-01;1.8750000e+02;1.4017589e-01;1.8750000e+02;9.0415619e-02;1.8750000e+02;4.7270209e-02;1.8750000e+02;3.7412937e-03;1.8750000e+02;1.8334825e-02;1.8750000e+02;3.6930159e-02;1.8750000e+02;6.1277397e-02;1.8750000e+02;8.9511193e-02;1.8750000e+02;1.2002052e-01;1.8750000e+02;1.5223294e-01;1.8750000e+02;1.8930270e-01;1.8750000e+02;2.2670817e-01;1.8750000e+02;2.5688857e-01;1.8750000e+02;2.7640617e-01;1.8750000e+02;2.8188735e-01;1.8750000e+02;2.6975003e-01;1.8750000e+02;2.3730175e-01;1.8750000e+02;1.9289251e-01;1.8750000e+02;1.4017589e-01;1.8750000e+02;9.0415619e-02;1.8750000e+02;4.7270209e-02;1.8750000e+02;3.7412937e-03;1.8750000e+02;1.8334825e-02;1.8750000e+02;3.6930159e-02;1.8750000e+02;6.1277397e-02;1.8750000e+02;8.9511193e-02;1.8750000e+02;1.2002052e-01;1.8750000e+02;1.5223294e-01;1.8750000e+02;1.8930270e-01;1.8750000e+02;2.2670817e-01;1.8750000e+02;2.5688857e-01;1.8750000e+02;2.7640617e-01;1.8750000e+02;2.8188735e-01;1.8750000e+02;2.6975003e-01;1.8750000e+02;2.3730175e-01;1.8750000e+02;1.9289251e-01;1.8750000e+02;1.4017589e-01;1.8750000e+02;9.0415619e-02;1.8750000e+02;4.7270209e-02;1.8750000e+02;3.7412937e-03;1.8750000e+02;1.8334825e-02;1.8750000e+02;3.6930159e-02;1.8750000e+02;6.1277397e-02;1.8750000e+02;8.9511193e-02;1.8750000e+02;1.2002052e-01;1.8750000e+02;1.5223294e-01;1.8750000e+02;1.8930270e-01;1.8750000e+02;2.2670817e-01;1.8750000e+02;2.5688857e-01;1.8750000e+02;2.7640617e-01;1.8750000e+02;2.8188735e-01;1.8750000e+02;2.6975003e-01;1.8750000e+02;2.3730175e-01;1.8750000e+02;1.9289251e-01;1.8750000e+02;1.4017589e-01;1.8750000e+02;9.0415619e-02;1.8750000e+02;4.7270209e-02;1.8750000e+02;3.7412937e-03;1.8750000e+02;1.8334825e-02;1.8750000e+02;3.6930159e-02;1.8750000e+02;6.1277397e-02;1.8750000e+02;8.9511193e-02;1.8750000e+02;1.2002052e-01;1.8750000e+02;1.5223294e-01;1.8750000e+02;1.8930270e-01;1.8750000e+02;2.2670817e-01;1.8750000e+02;2.5688857e-01;1.8750000e+02;2.7640617e-01;1.8750000e+02;2.8188735e-01;1.8750000e+02;2.6975003e-01;1.8750000e+02;2.3730175e-01;1.8750000e+02;1.9289251e-01;1.8750000e+02;1.4017589e-01;1.8750000e+02;9.0415619e-02;1.8750000e+02;4.7270209e-02;1.8750000e+02;3.7412937e-03;1.8750000e+02;1.8334825e-02;1.8750000e+02;3.6930159e-02;1.8750000e+02;6.1277397e-02;1.8750000e+02;8.9511193e-02;1.8750000e+02;1.2002052e-01;1.8750000e+02;1.5223294e-01;1.8750000e+02;1.8930270e-01;1.8750000e+02;2.2670817e-01;1.8750000e+02;2.5688857e-01;1.8750000e+02;2.7640617e-01;1.8750000e+02;2.8188735e-01;1.8750000e+02;2.6975003e-01;1.8750000e+02;2.3730175e-01;1.8750000e+02;1.9289251e-01;1.8750000e+02;1.4017589e-01;1.8750000e+02;9.0415619e-02;1.8750000e+02;4.7270209e-02;1.8750000e+02;3.7412937e-03;1.8750000e+02;1.8334825e-02;1.8750000e+02;3.6930159e-02;1.8750000e+02;6.1277397e-02;1.8750000e+02;8.9511193e-02;1.8750000e+02;1.2002052e-01;1.8750000e+02;1.5223294e-01;1.8750000e+02;1.8930270e-01;1.8750000e+02;2.2670817e-01;1.8750000e+02;2.5688857e-01;1.8750000e+02;2.7640617e-01;1.8750000e+02;2.8188735e-01;1.8750000e+02;2.6975003e-01;1.8750000e+02;2.3730175e-01;1.8750000e+02;1.9289251e-01;1.8750000e+02;1.4017589e-01;1.8750000e+02;9.0415619e-02;1.8750000e+02;4.7270209e-02;1.8750000e+02;3.7412937e-03;1.8750000e+02;1.8334825e-02;1.8750000e+02;3.6930159e-02;1.8750000e+02;6.1277397e-02;1.8750000e+02;8.9511193e-02;1.8750000e+02;1.2002052e-01;1.8750000e+02;1.5223294e-01;1.8750000e+02;1.8930270e-01;1.8750000e+02;2.2670817e-01;1.8750000e+02;2.5688857e-01;1.8750000e+02;2.7640617e-01;1.8750000e+02;2.8188735e-01;1.8750000e+02;2.6975003e-01;1.8750000e+02;2.3730175e-01;1.8750000e+02;1.9289251e-01;1.8750000e+02;1.4017589e-01;1.8750000e+02;9.0415619e-02;1.8750000e+02;4.7270209e-02;1.8750000e+02;3.7412937e-03;1.8750000e+02;1.8334825e-02;1.8750000e+02;3.6930159e-02;1.8750000e+02;6.1277397e-02;1.8750000e+02;8.9511193e-02;1.8750000e+02;1.2002052e-01;1.8750000e+02;1.5223294e-01;1.8750000e+02;1.8930270e-01;1.8750000e+02;2.2670817e-01;1.8750000e+02;2.5688857e-01;1.8750000e+02;2.7640617e-01;1.8750000e+02;2.8188735e-01;1.8750000e+02;2.6975003e-01;1.8750000e+02;2.3730175e-01;1.8750000e+02;1.9289251e-01;1.8750000e+02;1.4017589e-01;1.8750000e+02;9.0415619e-02;1.8750000e+02;4.7270209e-02;1.8750000e+02;3.7412937e-03;1.8750000e+02;1.8334825e-02;1.8750000e+02;3.6930159e-02;1.8750000e+02;6.1277397e-02;1.8750000e+02;8.9511193e-02;1.8750000e+02;1.2002052e-01;1.8750000e+02;1.5223294e-01;1.8750000e+02;1.8930270e-01;1.8750000e+02;2.2670817e-01;1.8750000e+02;2.5688857e-01;1.8750000e+02;2.7640617e-01;1.8750000e+02;2.8188735e-01;1.8750000e+02;2.6975003e-01;1.8750000e+02;2.3730175e-01;1.8750000e+02;1.9289251e-01;1.8750000e+02;1.4017589e-01;1.8750000e+02;9.0415619e-02;1.8750000e+02;4.7270209e-02;1.8750000e+02;3.7412937e-03;1.8750000e+02;1.8334825e-02;1.8750000e+02;3.6930159e-02;1.8750000e+02;6.1277397e-02;1.8750000e+02;8.9511193e-02;1.8750000e+02;1.2002052e-01;1.8750000e+02;1.5223294e-01;1.8750000e+02;1.8930270e-01;1.8750000e+02;2.2670817e-01;1.8750000e+02;2.5688857e-01;1.8750000e+02;2.7640617e-01;1.8750000e+02;2.8188735e-01;1.8750000e+02;2.6975003e-01;1.8750000e+02;2.3730175e-01;1.8750000e+02;1.9289251e-01;1.8750000e+02;1.4017589e-01;1.8750000e+02;9.0415619e-02;1.8750000e+02;4.7270209e-02;1.8750000e+02;3.7412937e-03;1.8750000e+02;1.8334825e-02;1.8750000e+02;3.6930159e-02;1.8750000e+02;6.1277397e-02;1.8750000e+02;8.9511193e-02;1.8750000e+02;1.2002052e-01;1.8750000e+02;1.5223294e-01;1.8750000e+02;1.8930270e-01;1.8750000e+02;2.2670817e-01;1.8750000e+02;2.5688857e-01;1.8750000e+02;2.7640617e-01;1.8750000e+02;2.8188735e-01;1.8750000e+02;2.6975003e-01;1.8750000e+02;2.3730175e-01;1.8750000e+02;1.9289251e-01;1.8750000e+02;1.4017589e-01;1.8750000e+02;9.0415619e-02;1.8750000e+02;4.7270209e-02;1.8750000e+02;3.7412937e-03;1.8750000e+02;1.8334825e-02;1.8750000e+02;3.6930159e-02;1.8750000e+02;6.1277397e-02;1.8750000e+02;8.9511193e-02;1.8750000e+02;1.2002052e-01;1.8750000e+02;1.5223294e-01;1.8750000e+02;1.8930270e-01;1.8750000e+02;2.2670817e-01;1.8750000e+02;2.5688857e-01;1.8750000e+02;2.7640617e-01;1.8750000e+02;2.8188735e-01;1.8750000e+02;2.6975003e-01;1.8750000e+02;2.3730175e-01;1.8750000e+02;1.9289251e-01;1.8750000e+02;1.4017589e-01;1.8750000e+02;9.0415619e-02;1.8750000e+02;4.7270209e-02;1.8750000e+02;3.7412937e-03;1.8750000e+02;1.8334825e-02;1.8750000e+02;3.6930159e-02;1.8750000e+02;6.1277397e-02;1.8750000e+02;8.9511193e-02;1.8750000e+02;1.2002052e-01;1.8750000e+02;1.5223294e-01;1.8750000e+02;1.8930270e-01;1.8750000e+02;2.2670817e-01;1.8750000e+02;2.5688857e-01;1.8750000e+02;2.7640617e-01;1.8750000e+02;2.8188735e-01;1.8750000e+02;2.6975003e-01;1.8750000e+02;2.3730175e-01;1.8750000e+02;1.9289251e-01;1.8750000e+02;1.4017589e-01;1.8750000e+02;9.0415619e-02;1.8750000e+02;4.7270209e-02;1.8750000e+02;3.7412937e-03;1.8750000e+02;1.8334825e-02;1.8750000e+02;3.6930159e-02;1.8750000e+02;6.1277397e-02;1.8750000e+02;8.9511193e-02;1.8750000e+02;1.2002052e-01;1.8750000e+02;1.5223294e-01;1.8750000e+02;1.8930270e-01;1.8750000e+02;2.2670817e-01;1.8750000e+02;2.5688857e-01;1.8750000e+02;2.7640617e-01;1.8750000e+02;2.8188735e-01;1.8750000e+02;2.6975003e-01;1.8750000e+02;2.3730175e-01;1.8750000e+02;1.9289251e-01;1.8750000e+02;1.4017589e-01;1.8750000e+02;9.0415619e-02;1.8750000e+02;4.7270209e-02;1.8750000e+02;3.7412937e-03;1.8750000e+02;1.8334825e-02;1.8750000e+02;3.6930159e-02;1.8750000e+02;6.1277397e-02;1.8750000e+02;8.9511193e-02;1.8750000e+02;1.2002052e-01;1.8750000e+02;1.5223294e-01;1.8750000e+02;1.8930270e-01;1.8750000e+02;2.2670817e-01;1.8750000e+02;2.5688857e-01;1.8750000e+02;2.7640617e-01;1.8750000e+02;2.8188735e-01;1.8750000e+02;2.6975003e-01;1.8750000e+02;2.3730175e-01;1.8750000e+02;1.9289251e-01;1.8750000e+02;1.4017589e-01;1.8750000e+02;9.0415619e-02;1.8750000e+02;4.7270209e-02;1.8750000e+02;3.7412937e-03;1.8750000e+02;1.8334825e-02;1.8750000e+02;3.6930159e-02;1.8750000e+02;6.1277397e-02;1.8750000e+02;8.9511193e-02;1.8750000e+02;1.2002052e-01;1.8750000e+02;1.5223294e-01;1.8750000e+02;1.8930270e-01;1.8750000e+02;2.2670817e-01;1.8750000e+02;2.5688857e-01;1.8750000e+02;2.7640617e-01;1.8750000e+02;2.8188735e-01;1.8750000e+02;2.6975003e-01;1.8750000e+02;2.3730175e-01;1.8750000e+02;1.9289251e-01;1.8750000e+02;1.4017589e-01;1.8750000e+02;9.0415619e-02;1.8750000e+02;4.7270209e-02;1.8750000e+02;3.7412937e-03;1.8750000e+02;1.8334825e-02;1.8750000e+02;3.6930159e-02;1.8750000e+02;6.1277397e-02;1.8750000e+02;8.9511193e-02;1.8750000e+02;1.2002052e-01;1.8750000e+02;1.5223294e-01;1.8750000e+02;1.8930270e-01;1.8750000e+02;2.2670817e-01;1.8750000e+02;2.5688857e-01;1.8750000e+02;2.7640617e-01;1.8750000e+02;2.8188735e-01;1.8750000e+02;2.6975003e-01;1.8750000e+02;2.3730175e-01;1.8750000e+02;1.9289251e-01;1.8750000e+02;1.4017589e-01;1.8750000e+02;9.0415619e-02;1.8750000e+02;4.7270209e-02;1.8750000e+02;3.7412937e-03;1.8750000e+02;1.8334825e-02;1.8750000e+02;3.6930159e-02;1.8750000e+02;6.1277397e-02;1.8750000e+02;8.9511193e-02;1.8750000e+02;1.2002052e-01;1.8750000e+02;1.5223294e-01;1.8750000e+02;1.8930270e-01;1.8750000e+02;2.2670817e-01;1.8750000e+02;2.5688857e-01;1.8750000e+02;2.7640617e-01;1.8750000e+02;2.8188735e-01;1.8750000e+02;2.6975003e-01;1.8750000e+02;2.3730175e-01;1.8750000e+02;1.9289251e-01;1.8750000e+02;1.4017589e-01;1.8750000e+02;9.0415619e-02;1.8750000e+02;4.7270209e-02;1.8750000e+02;3.7412937e-03;1.8750000e+02;1.8334825e-02;1.8750000e+02;3.6930159e-02;1.8750000e+02;6.1277397e-02;1.8750000e+02;8.9511193e-02;1.8750000e+02;1.2002052e-01;1.8750000e+02;1.5223294e-01;1.8750000e+02;1.8930270e-01;1.8750000e+02;2.2670817e-01;1.8750000e+02;2.5688857e-01;1.8750000e+02;2.7640617e-01;1.8750000e+02;2.8188735e-01;1.8750000e+02;2.6975003e-01;1.8750000e+02;2.3730175e-01;1.8750000e+02;1.9289251e-01;1.8750000e+02;1.4017589e-01;1.8750000e+02;9.0415619e-02;1.8750000e+02;4.7270209e-02;1.8750000e+02;3.7412937e-03;1.8750000e+02;1.8334825e-02;1.8750000e+02;3.6930159e-02;1.8750000e+02;6.1277397e-02;1.8750000e+02;8.9511193e-02;1.8750000e+02;1.2002052e-01;1.8750000e+02;1.5223294e-01;1.8750000e+02;1.8930270e-01;1.8750000e+02;2.2670817e-01;1.8750000e+02;2.5688857e-01;1.8750000e+02;2.7640617e-01;1.8750000e+02;2.8188735e-01;1.8750000e+02;2.6975003e-01;1.8750000e+02;2.3730175e-01;1.8750000e+02;1.9289251e-01;1.8750000e+02;1.4017589e-01;1.8750000e+02;9.0415619e-02;1.8750000e+02;4.7270209e-02;1.8750000e+02;3.7412937e-03;1.8750000e+02;1.8334825e-02;1.8750000e+02;3.6930159e-02;1.8750000e+02;6.1277397e-02;1.8750000e+02;8.9511193e-02;1.8750000e+02;1.2002052e-01;1.8750000e+02;1.5223294e-01;1.8750000e+02;1.8930270e-01;1.8750000e+02;2.2670817e-01;1.8750000e+02;2.5688857e-01;1.8750000e+02;2.7640617e-01;1.8750000e+02;2.8188735e-01;1.8750000e+02;2.6975003e-01;1.8750000e+02;2.3730175e-01;1.8750000e+02;1.9289251e-01;1.8750000e+02;1.4017589e-01;1.8750000e+02;9.0415619e-02;1.8750000e+02;4.7270209e-02;1.8750000e+02;3.7412937e-03;1.8750000e+02;1.8334825e-02;1.8750000e+02;3.6930159e-02;1.8750000e+02;6.1277397e-02;1.8750000e+02;8.9511193e-02;1.8750000e+02;1.2002052e-01;1.8750000e+02;1.5223294e-01;1.8750000e+02;1.8930270e-01;1.8750000e+02;2.2670817e-01;1.8750000e+02;2.5688857e-01;1.8750000e+02;2.7640617e-01;1.8750000e+02;2.8188735e-01;1.8750000e+02;2.6975003e-01;1.8750000e+02;2.3730175e-01;1.8750000e+02;1.9289251e-01;1.8750000e+02;1.4017589e-01;1.8750000e+02;9.0415619e-02;1.8750000e+02;4.7270209e-02;1.8750000e+02;3.7412937e-03;1.8750000e+02;1.8334825e-02;1.8750000e+02;3.6930159e-02;1.8750000e+02;6.1277397e-02;1.8750000e+02;8.9511193e-02;1.8750000e+02;1.2002052e-01;1.8750000e+02;1.5223294e-01;1.8750000e+02;1.8930270e-01;1.8750000e+02;2.2670817e-01;1.8750000e+02;2.5688857e-01;1.8750000e+02;2.7640617e-01;1.8750000e+02;2.8188735e-01;1.8750000e+02;2.6975003e-01;1.8750000e+02;2.3730175e-01;1.8750000e+02;1.9289251e-01;1.8750000e+02;1.4017589e-01;1.8750000e+02;9.0415619e-02;1.8750000e+02;4.7270209e-02;1.8750000e+02;3.7412937e-03;1.8750000e+02;1.8334825e-02;1.8750000e+02;3.6930159e-02;1.8750000e+02;6.1277397e-02;1.8750000e+02;8.9511193e-02;1.8750000e+02;1.2002052e-01;1.8750000e+02;1.5223294e-01;1.8750000e+02;1.8930270e-01;1.8750000e+02;2.2670817e-01;1.8750000e+02;2.5688857e-01;1.8750000e+02;2.7640617e-01;1.8750000e+02;2.8188735e-01;1.8750000e+02;2.6975003e-01;1.8750000e+02;2.3730175e-01;1.8750000e+02;1.9289251e-01;1.8750000e+02;1.4017589e-01;1.8750000e+02;9.0415619e-02;1.8750000e+02;4.7270209e-02;1.8750000e+02;3.7412937e-03;1.8750000e+02;1.8334825e-02;1.8750000e+02;3.6930159e-02;1.8750000e+02;6.1277397e-02;1.8750000e+02;8.9511193e-02;1.8750000e+02;1.2002052e-01;1.8750000e+02;1.5223294e-01;1.8750000e+02;1.8930270e-01;1.8750000e+02;2.2670817e-01;1.8750000e+02;2.5688857e-01;1.8750000e+02;2.7640617e-01;1.8750000e+02;2.8188735e-01;1.8750000e+02;2.6975003e-01;1.8750000e+02;2.3730175e-01;1.8750000e+02;1.9289251e-01;1.8750000e+02;1.4017589e-01;1.8750000e+02;9.0415619e-02;1.8750000e+02;4.7270209e-02;1.8750000e+02;3.7412937e-03;1.8750000e+02;1.8334825e-02;1.8750000e+02;3.6930159e-02;1.8750000e+02;6.1277397e-02;1.8750000e+02;8.9511193e-02;1.8750000e+02;1.2002052e-01;1.8750000e+02;1.5223294e-01;1.8750000e+02;1.8930270e-01;1.8750000e+02;2.2670817e-01;1.8750000e+02;2.5688857e-01;1.8750000e+02;2.7640617e-01;1.8750000e+02;2.8188735e-01;1.8750000e+02;2.6975003e-01;1.8750000e+02;2.3730175e-01;1.8750000e+02;1.9289251e-01;1.8750000e+02;1.4017589e-01;1.8750000e+02;9.0415619e-02;1.8750000e+02;4.7270209e-02;1.8750000e+02;3.7412937e-03;1.8750000e+02;1.8334825e-02;1.8750000e+02;3.6930159e-02;1.8750000e+02;6.1277397e-02;1.8750000e+02;8.9511193e-02;1.8750000e+02;1.2002052e-01;1.8750000e+02;1.5223294e-01;1.8750000e+02;1.8930270e-01;1.8750000e+02;2.2670817e-01;1.8750000e+02;2.5688857e-01;1.8750000e+02;2.7640617e-01;1.8750000e+02;2.8188735e-01;1.8750000e+02;2.6975003e-01;1.8750000e+02;2.3730175e-01;1.8750000e+02;1.9289251e-01;1.8750000e+02;1.4017589e-01;1.8750000e+02;9.0415619e-02;1.8750000e+02;4.7270209e-02;1.8750000e+02;3.7412937e-03;1.8750000e+02;1.8334825e-02;1.8750000e+02;3.6930159e-02;1.8750000e+02;6.1277397e-02;1.8750000e+02;8.9511193e-02;1.8750000e+02;1.2002052e-01;1.8750000e+02;1.5223294e-01;1.8750000e+02;1.8930270e-01;1.8750000e+02;2.2670817e-01;1.8750000e+02;2.5688857e-01;1.8750000e+02;2.7640617e-01;1.8750000e+02;2.8188735e-01;1.8750000e+02;2.6975003e-01;1.8750000e+02;2.3730175e-01;1.8750000e+02;1.9289251e-01;1.8750000e+02;1.4017589e-01;1.8750000e+02;9.0415619e-02;1.8750000e+02;4.7270209e-02;1.8750000e+02;3.7412937e-03;1.8750000e+02;1.8334825e-02;1.8750000e+02;3.6930159e-02;1.8750000e+02;6.1277397e-02;1.8750000e+02;8.9511193e-02;1.8750000e+02;1.2002052e-01;1.8750000e+02;1.5223294e-01;1.8750000e+02;1.8930270e-01;1.8750000e+02;2.2670817e-01;1.8750000e+02;2.5688857e-01;1.8750000e+02;2.7640617e-01;1.8750000e+02;2.8188735e-01;1.8750000e+02;2.6975003e-01;1.8750000e+02;2.3730175e-01;1.8750000e+02;1.9289251e-01;1.8750000e+02;1.4017589e-01;1.8750000e+02;9.0415619e-02;1.8750000e+02;4.7270209e-02;1.8750000e+02;3.7412937e-03;1.8750000e+02;1.8334825e-02;1.8750000e+02;3.6930159e-02;1.8750000e+02;6.1277397e-02;1.8750000e+02;8.9511193e-02;1.8750000e+02;1.2002052e-01;1.8750000e+02;1.5223294e-01;1.8750000e+02;1.8930270e-01;1.8750000e+02;2.2670817e-01;1.8750000e+02;2.5688857e-01;1.8750000e+02;2.7640617e-01;1.8750000e+02;2.8188735e-01;1.8750000e+02;2.6975003e-01;1.8750000e+02;2.3730175e-01;1.8750000e+02;1.9289251e-01;1.8750000e+02;1.4017589e-01;1.8750000e+02;9.0415619e-02;1.8750000e+02;4.7270209e-02;1.8750000e+02;3.7412937e-03;1.8750000e+02;1.8334825e-02;1.8750000e+02;3.6930159e-02;1.8750000e+02;6.1277397e-02;1.8750000e+02;8.9511193e-02;1.8750000e+02;1.2002052e-01;1.8750000e+02;1.5223294e-01;1.8750000e+02;1.8930270e-01;1.8750000e+02;2.2670817e-01;1.8750000e+02;2.5688857e-01;1.8750000e+02;2.7640617e-01;1.8750000e+02;2.8188735e-01;1.8750000e+02;2.6975003e-01;1.8750000e+02;2.3730175e-01;1.8750000e+02;1.9289251e-01;1.8750000e+02;1.4017589e-01;1.8750000e+02;9.0415619e-02;1.8750000e+02;4.7270209e-02;1.8750000e+02;3.7412937e-03;1.8750000e+02;1.8334825e-02;1.8750000e+02;3.6930159e-02;1.8750000e+02;6.1277397e-02;1.8750000e+02;8.9511193e-02;1.8750000e+02;1.2002052e-01;1.8750000e+02;1.5223294e-01;1.8750000e+02;1.8930270e-01;1.8750000e+02;2.2670817e-01;1.8750000e+02;2.5688857e-01;1.8750000e+02;2.7640617e-01;1.8750000e+02;2.8188735e-01;1.8750000e+02;2.6975003e-01;1.8750000e+02;2.3730175e-01;1.8750000e+02;1.9289251e-01;1.8750000e+02;1.4017589e-01;1.8750000e+02;9.0415619e-02;1.8750000e+02;4.7270209e-02;1.8750000e+02;3.7412937e-03;1.8750000e+02;1.8334825e-02;1.8750000e+02;3.6930159e-02;1.8750000e+02;6.1277397e-02;1.8750000e+02;8.9511193e-02;1.8750000e+02;1.2002052e-01;1.8750000e+02;1.5223294e-01;1.8750000e+02;1.8930270e-01;1.8750000e+02;2.2670817e-01;1.8750000e+02;2.5688857e-01;1.8750000e+02;2.7640617e-01;1.8750000e+02;2.8188735e-01;1.8750000e+02;2.6975003e-01;1.8750000e+02;2.3730175e-01;1.8750000e+02;1.9289251e-01;1.8750000e+02;1.4017589e-01;1.8750000e+02;9.0415619e-02;1.8750000e+02;4.7270209e-02;1.8750000e+02;3.7412937e-03;1.8750000e+02;1.8334825e-02;1.8750000e+02;3.6930159e-02;1.8750000e+02;6.1277397e-02;1.8750000e+02;8.9511193e-02;1.8750000e+02;1.2002052e-01;1.8750000e+02;1.5223294e-01;1.8750000e+02;1.8930270e-01;1.8750000e+02;2.2670817e-01;1.8750000e+02;2.5688857e-01;1.8750000e+02;2.7640617e-01;1.8750000e+02;2.8188735e-01;1.8750000e+02;2.6975003e-01;1.8750000e+02;2.3730175e-01;1.8750000e+02;1.9289251e-01;1.8750000e+02;1.4017589e-01;1.8750000e+02;9.0415619e-02;1.8750000e+02;4.7270209e-02;1.8750000e+02;3.7412937e-03;1.8750000e+02;1.8334825e-02;1.8750000e+02;3.6930159e-02;1.8750000e+02;6.1277397e-02;1.8750000e+02;8.9511193e-02;1.8750000e+02;1.2002052e-01;1.8750000e+02;1.5223294e-01;1.8750000e+02;1.8930270e-01;1.8750000e+02;2.2670817e-01;1.8750000e+02;2.5688857e-01;1.8750000e+02;2.7640617e-01;1.8750000e+02;2.8188735e-01;1.8750000e+02;2.6975003e-01;1.8750000e+02;2.3730175e-01;1.8750000e+02;1.9289251e-01;1.8750000e+02;1.4017589e-01;1.8750000e+02;9.0415619e-02;1.8750000e+02;4.7270209e-02;1.8750000e+02;3.7412937e-03;1.8750000e+02;1.8334825e-02;1.8750000e+02;3.6930159e-02;1.8750000e+02;6.1277397e-02;1.8750000e+02;8.9511193e-02;1.8750000e+02;1.2002052e-01;1.8750000e+02;1.5223294e-01;1.8750000e+02;1.8930270e-01;1.8750000e+02;2.2670817e-01;1.8750000e+02;2.5688857e-01;1.8750000e+02;2.7640617e-01;1.8750000e+02;2.8188735e-01;1.8750000e+02;2.6975003e-01;1.8750000e+02;2.3730175e-01;1.8750000e+02;1.9289251e-01;1.8750000e+02;1.4017589e-01;1.8750000e+02;9.0415619e-02;1.8750000e+02;4.7270209e-02;1.8750000e+02;3.7412937e-03;1.8750000e+02;1.8334825e-02;1.8750000e+02;3.6930159e-02;1.8750000e+02;6.1277397e-02;1.8750000e+02;8.9511193e-02;1.8750000e+02;1.2002052e-01;1.8750000e+02;1.5223294e-01;1.8750000e+02;1.8930270e-01;1.8750000e+02;2.2670817e-01;1.8750000e+02;2.5688857e-01;1.8750000e+02;2.7640617e-01;1.8750000e+02;2.8188735e-01;1.8750000e+02;2.6975003e-01;1.8750000e+02;2.3730175e-01;1.8750000e+02;1.9289251e-01;1.8750000e+02;1.4017589e-01;1.8750000e+02;9.0415619e-02;1.8750000e+02;4.7270209e-02;1.8750000e+02;3.7412937e-03;1.8750000e+02;1.8334825e-02;1.8750000e+02;3.6930159e-02;1.8750000e+02;6.1277397e-02;1.8750000e+02;8.9511193e-02;1.8750000e+02;1.2002052e-01;1.8750000e+02;1.5223294e-01;1.8750000e+02;1.8930270e-01;1.8750000e+02;2.2670817e-01;1.8750000e+02;2.5688857e-01;1.8750000e+02;2.7640617e-01;1.8750000e+02;2.8188735e-01;1.8750000e+02;2.6975003e-01;1.8750000e+02;2.3730175e-01;1.8750000e+02;1.9289251e-01;1.8750000e+02;1.4017589e-01;1.8750000e+02;9.0415619e-02;1.8750000e+02;4.7270209e-02;1.8750000e+02;3.7412937e-03;1.8750000e+02;1.8334825e-02;1.8750000e+02;3.6930159e-02;1.8750000e+02;6.1277397e-02;1.8750000e+02;8.9511193e-02;1.8750000e+02;1.2002052e-01;1.8750000e+02;1.5223294e-01;1.8750000e+02;1.8930270e-01;1.8750000e+02;2.2670817e-01;1.8750000e+02;2.5688857e-01;1.8750000e+02;2.7640617e-01;1.8750000e+02;2.8188735e-01;1.8750000e+02;2.6975003e-01;1.8750000e+02;2.3730175e-01;1.8750000e+02;1.9289251e-01;1.8750000e+02;1.4017589e-01;1.8750000e+02;9.0415619e-02;1.8750000e+02;4.7270209e-02;1.8750000e+02;3.7412937e-03;1.8750000e+02;1.8334825e-02;1.8750000e+02;3.6930159e-02;1.8750000e+02;6.1277397e-02;1.8750000e+02;8.9511193e-02;1.8750000e+02;1.2002052e-01;1.8750000e+02;1.5223294e-01;1.8750000e+02;1.8930270e-01;1.8750000e+02;2.2670817e-01;1.8750000e+02;2.5688857e-01;1.8750000e+02;2.7640617e-01;1.8750000e+02;2.8188735e-01;1.8750000e+02;2.6975003e-01;1.8750000e+02;2.3730175e-01;1.8750000e+02;1.9289251e-01;1.8750000e+02;1.4017589e-01;1.8750000e+02;9.0415619e-02;1.8750000e+02;4.7270209e-02;1.8750000e+02;3.7412937e-03;1.8750000e+02;1.8334825e-02;1.8750000e+02;3.6930159e-02;1.8750000e+02;6.1277397e-02;1.8750000e+02;8.9511193e-02;1.8750000e+02;1.2002052e-01;1.8750000e+02;1.5223294e-01;1.8750000e+02;1.8930270e-01;1.8750000e+02;2.2670817e-01;1.8750000e+02;2.5688857e-01;1.8750000e+02;2.7640617e-01;1.8750000e+02;2.8188735e-01;1.8750000e+02;2.6975003e-01;1.8750000e+02;2.3730175e-01;1.8750000e+02;1.9289251e-01;1.8750000e+02;1.4017589e-01;1.8750000e+02;9.0415619e-02;1.8750000e+02;4.7270209e-02;1.8750000e+02;3.7412937e-03;1.8750000e+02;1.8334825e-02;1.8750000e+02;3.6930159e-02;1.8750000e+02;6.1277397e-02;1.8750000e+02;8.9511193e-02;1.8750000e+02;1.2002052e-01;1.8750000e+02;1.5223294e-01;1.8750000e+02;1.8930270e-01;1.8750000e+02;2.2670817e-01;1.8750000e+02;2.5688857e-01;1.8750000e+02;2.7640617e-01;1.8750000e+02;2.8188735e-01;1.8750000e+02;2.6975003e-01;1.8750000e+02;2.3730175e-01;1.8750000e+02;1.9289251e-01;1.8750000e+02;1.4017589e-01;1.8750000e+02;9.0415619e-02;1.8750000e+02;4.7270209e-02;1.8750000e+02;3.7412937e-03;1.8750000e+02;1.8334825e-02;1.8750000e+02;3.6930159e-02;1.8750000e+02;6.1277397e-02;1.8750000e+02;8.9511193e-02;1.8750000e+02;1.2002052e-01;1.8750000e+02;1.5223294e-01;1.8750000e+02;1.8930270e-01;1.8750000e+02;2.2670817e-01;1.8750000e+02;2.5688857e-01;1.8750000e+02;2.7640617e-01;1.8750000e+02;2.8188735e-01;1.8750000e+02;2.6975003e-01;1.8750000e+02;2.3730175e-01;1.8750000e+02;1.9289251e-01;1.8750000e+02;1.4017589e-01;1.8750000e+02;9.0415619e-02;1.8750000e+02;4.7270209e-02;1.8750000e+02;3.7412937e-03;1.8750000e+02;1.8334825e-02;1.8750000e+02;3.6930159e-02;1.8750000e+02;6.1277397e-02;1.8750000e+02;8.9511193e-02;1.8750000e+02;1.2002052e-01;1.8750000e+02;1.5223294e-01;1.8750000e+02;1.8930270e-01;1.8750000e+02;2.2670817e-01;1.8750000e+02;2.5688857e-01;1.8750000e+02;2.7640617e-01;1.8750000e+02;2.8188735e-01;1.8750000e+02;2.6975003e-01;1.8750000e+02;2.3730175e-01;1.8750000e+02;1.9289251e-01;1.8750000e+02;1.4017589e-01;1.8750000e+02;9.0415619e-02;1.8750000e+02;4.7270209e-02;1.8750000e+02;3.7412937e-03;1.8750000e+02;1.8334825e-02;1.8750000e+02;3.6930159e-02;1.8750000e+02;6.1277397e-02;1.8750000e+02;8.9511193e-02;1.8750000e+02;1.2002052e-01;1.8750000e+02;1.5223294e-01;1.8750000e+02;1.8930270e-01;1.8750000e+02;2.2670817e-01;1.8750000e+02;2.5688857e-01;1.8750000e+02;2.7640617e-01;1.8750000e+02;2.8188735e-01;1.8750000e+02;2.6975003e-01;1.8750000e+02;2.3730175e-01;1.8750000e+02;1.9289251e-01;1.8750000e+02;1.4017589e-01;1.8750000e+02;9.0415619e-02;1.8750000e+02;4.7270209e-02;1.8750000e+02;3.7412937e-03;1.8750000e+02;1.8334825e-02;1.8750000e+02;3.6930159e-02;1.8750000e+02;6.1277397e-02;1.8750000e+02;8.9511193e-02;1.8750000e+02;1.2002052e-01;1.8750000e+02;1.5223294e-01;1.8750000e+02;1.8930270e-01;1.8750000e+02;2.2670817e-01;1.8750000e+02;2.5688857e-01;1.8750000e+02;2.7640617e-01;1.8750000e+02;2.8188735e-01;1.8750000e+02;2.6975003e-01;1.8750000e+02;2.3730175e-01;1.8750000e+02;1.9289251e-01;1.8750000e+02;1.4017589e-01;1.8750000e+02;9.0415619e-02;1.8750000e+02;4.7270209e-02;1.8750000e+02;3.7412937e-03;1.8750000e+02;1.8334825e-02;1.8750000e+02;3.6930159e-02;1.8750000e+02;6.1277397e-02;1.8750000e+02;8.9511193e-02;1.8750000e+02;1.2002052e-01;1.8750000e+02;1.5223294e-01;1.8750000e+02;1.8930270e-01;1.8750000e+02;2.2670817e-01;1.8750000e+02;2.5688857e-01;1.8750000e+02;2.7640617e-01;1.8750000e+02;2.8188735e-01;1.8750000e+02;2.6975003e-01;1.8750000e+02;2.3730175e-01;1.8750000e+02;1.9289251e-01;1.8750000e+02;1.4017589e-01;1.8750000e+02;9.0415619e-02;1.8750000e+02;4.7270209e-02;1.8750000e+02;3.7412937e-03;1.8750000e+02;1.8334825e-02;1.8750000e+02;3.6930159e-02;1.8750000e+02;6.1277397e-02;1.8750000e+02;8.9511193e-02;1.8750000e+02;1.2002052e-01;1.8750000e+02;1.5223294e-01;1.8750000e+02;1.8930270e-01;1.8750000e+02;2.2670817e-01;1.8750000e+02;2.5688857e-01;1.8750000e+02;2.7640617e-01;1.8750000e+02;2.8188735e-01;1.8750000e+02;2.6975003e-01;1.8750000e+02;2.3730175e-01;1.8750000e+02;1.9289251e-01;1.8750000e+02;1.4017589e-01;1.8750000e+02;9.0415619e-02;1.8750000e+02;4.7270209e-02;1.8750000e+02;3.7412937e-03;1.8750000e+02;1.8334825e-02;1.8750000e+02;3.6930159e-02;1.8750000e+02;6.1277397e-02;1.8750000e+02;8.9511193e-02;1.8750000e+02;1.2002052e-01;1.8750000e+02;1.5223294e-01;1.8750000e+02;1.8930270e-01;1.8750000e+02;2.2670817e-01;1.8750000e+02;2.5688857e-01;1.8750000e+02;2.7640617e-01;1.8750000e+02;2.8188735e-01;1.8750000e+02;2.6975003e-01;1.8750000e+02;2.3730175e-01;1.8750000e+02;1.9289251e-01;1.8750000e+02;1.4017589e-01;1.8750000e+02;9.0415619e-02;1.8750000e+02;4.7270209e-02;1.8750000e+02;3.7412937e-03;1.8750000e+02;1.8334825e-02;1.8750000e+02;3.6930159e-02;1.8750000e+02;6.1277397e-02;1.8750000e+02;8.9511193e-02;1.8750000e+02;1.2002052e-01;1.8750000e+02;1.5223294e-01;1.8750000e+02;1.8930270e-01;1.8750000e+02;2.2670817e-01;1.8750000e+02;2.5688857e-01;1.8750000e+02;2.7640617e-01;1.8750000e+02;2.8188735e-01;1.8750000e+02;2.6975003e-01;1.8750000e+02;2.3730175e-01;1.8750000e+02;1.9289251e-01;1.8750000e+02;1.4017589e-01;1.8750000e+02;9.0415619e-02;1.8750000e+02;4.7270209e-02;1.8750000e+02;3.7412937e-03;1.8750000e+02;1.8334825e-02;1.8750000e+02;3.6930159e-02;1.8750000e+02;6.1277397e-02;1.8750000e+02;8.9511193e-02;1.8750000e+02;1.2002052e-01;1.8750000e+02;1.5223294e-01;1.8750000e+02;1.8930270e-01;1.8750000e+02;2.2670817e-01;1.8750000e+02;2.5688857e-01;1.8750000e+02;2.7640617e-01;1.8750000e+02;2.8188735e-01;1.8750000e+02;2.6975003e-01;1.8750000e+02;2.3730175e-01;1.8750000e+02;1.9289251e-01;1.8750000e+02;1.4017589e-01;1.8750000e+02;9.0415619e-02;1.8750000e+02;4.7270209e-02;1.8750000e+02;3.7412937e-03;1.8750000e+02;1.8334825e-02;1.8750000e+02;3.6930159e-02;1.8750000e+02;6.1277397e-02;1.8750000e+02;8.9511193e-02;1.8750000e+02;1.2002052e-01;1.8750000e+02;1.5223294e-01;1.8750000e+02;1.8930270e-01;1.8750000e+02;2.2670817e-01;1.8750000e+02;2.5688857e-01;1.8750000e+02;2.7640617e-01;1.8750000e+02;2.8188735e-01;1.8750000e+02;2.6975003e-01;1.8750000e+02;2.3730175e-01;1.8750000e+02;1.9289251e-01;1.8750000e+02;1.4017589e-01;1.8750000e+02;9.0415619e-02;1.8750000e+02;4.7270209e-02;1.8750000e+02;3.7412937e-03;1.8750000e+02;1.8334825e-02;1.8750000e+02;3.6930159e-02;1.8750000e+02;6.1277397e-02;1.8750000e+02;8.9511193e-02;1.8750000e+02;1.2002052e-01;1.8750000e+02;1.5223294e-01;1.8750000e+02;1.8930270e-01;1.8750000e+02;2.2670817e-01;1.8750000e+02;2.5688857e-01;1.8750000e+02;2.7640617e-01;1.8750000e+02;2.8188735e-01;1.8750000e+02;2.6975003e-01;1.8750000e+02;2.3730175e-01;1.8750000e+02;1.9289251e-01;1.8750000e+02;1.4017589e-01;1.8750000e+02;9.0415619e-02;1.8750000e+02;4.7270209e-02;1.8750000e+02;3.7412937e-03;1.8750000e+02;1.8334825e-02;1.8750000e+02;3.6930159e-02;1.8750000e+02;6.1277397e-02;1.8750000e+02;8.9511193e-02;1.8750000e+02;1.2002052e-01;1.8750000e+02;1.5223294e-01;1.8750000e+02;1.8930270e-01;1.8750000e+02;2.2670817e-01;1.8750000e+02;2.5688857e-01;1.8750000e+02;2.7640617e-01;1.8750000e+02;2.8188735e-01;1.8750000e+02;2.6975003e-01;1.8750000e+02;2.3730175e-01;1.8750000e+02;1.9289251e-01;1.8750000e+02;1.4017589e-01;1.8750000e+02;9.0415619e-02;1.8750000e+02;4.7270209e-02;1.8750000e+02;3.7412937e-03;1.8750000e+02;1.8334825e-02;1.8750000e+02;3.6930159e-02;1.8750000e+02;6.1277397e-02;1.8750000e+02;8.9511193e-02;1.8750000e+02;1.2002052e-01;1.8750000e+02;1.5223294e-01;1.8750000e+02;1.8930270e-01;1.8750000e+02;2.2670817e-01;1.8750000e+02;2.5688857e-01;1.8750000e+02;2.7640617e-01;1.8750000e+02;2.8188735e-01;1.8750000e+02;2.6975003e-01;1.8750000e+02;2.3730175e-01;1.8750000e+02;1.9289251e-01;1.8750000e+02;1.4017589e-01;1.8750000e+02;9.0415619e-02;1.8750000e+02;4.7270209e-02;1.8750000e+02;3.7412937e-03;1.8750000e+02;1.8334825e-02;1.8750000e+02;3.6930159e-02;1.8750000e+02;6.1277397e-02;1.8750000e+02;8.9511193e-02;1.8750000e+02;1.2002052e-01;1.8750000e+02;1.5223294e-01;1.8750000e+02;1.8930270e-01;1.8750000e+02;2.2670817e-01;1.8750000e+02;2.5688857e-01;1.8750000e+02;2.7640617e-01;1.8750000e+02;2.8188735e-01;1.8750000e+02;2.6975003e-01;1.8750000e+02;2.3730175e-01;1.8750000e+02;1.9289251e-01;1.8750000e+02;1.4017589e-01;1.8750000e+02;9.0415619e-02;1.8750000e+02;4.7270209e-02;1.8750000e+02;3.7412937e-03;1.8750000e+02;1.8334825e-02;1.8750000e+02;3.6930159e-02;1.8750000e+02;6.1277397e-02;1.8750000e+02;8.9511193e-02;1.8750000e+02;1.2002052e-01;1.8750000e+02;1.5223294e-01;1.8750000e+02;1.8930270e-01;1.8750000e+02;2.2670817e-01;1.8750000e+02;2.5688857e-01;1.8750000e+02;2.7640617e-01;1.8750000e+02;2.8188735e-01;1.8750000e+02;2.6975003e-01;1.8750000e+02;2.3730175e-01;1.8750000e+02;1.9289251e-01;1.8750000e+02;1.4017589e-01;1.8750000e+02;9.0415619e-02;1.8750000e+02;4.7270209e-02;1.8750000e+02;3.7412937e-03;1.8750000e+02;1.8334825e-02;1.8750000e+02;3.6930159e-02;1.8750000e+02;6.1277397e-02;1.8750000e+02;8.9511193e-02;1.8750000e+02;1.2002052e-01;1.8750000e+02;1.5223294e-01;1.8750000e+02;1.8930270e-01;1.8750000e+02;2.2670817e-01;1.8750000e+02;2.5688857e-01;1.8750000e+02;2.7640617e-01;1.8750000e+02;2.8188735e-01;1.8750000e+02;2.6975003e-01;1.8750000e+02;2.3730175e-01;1.8750000e+02;1.9289251e-01;1.8750000e+02;1.4017589e-01;1.8750000e+02;9.0415619e-02;1.8750000e+02;4.7270209e-02;1.8750000e+02;3.7412937e-03;1.8750000e+02;1.8334825e-02;1.8750000e+02;3.6930159e-02;1.8750000e+02;6.1277397e-02;1.8750000e+02;8.9511193e-02;1.8750000e+02;1.2002052e-01;1.8750000e+02;1.5223294e-01;1.8750000e+02;1.8930270e-01;1.8750000e+02;2.2670817e-01;1.8750000e+02;2.5688857e-01;1.8750000e+02;2.7640617e-01;1.8750000e+02;2.8188735e-01;1.8750000e+02;2.6975003e-01;1.8750000e+02;2.3730175e-01;1.8750000e+02;1.9289251e-01;1.8750000e+02;1.4017589e-01;1.8750000e+02;9.0415619e-02;1.8750000e+02;4.7270209e-02;1.8750000e+02;3.7412937e-03;1.8750000e+02;1.8334825e-02;1.8750000e+02;3.6930159e-02;1.8750000e+02;6.1277397e-02;1.8750000e+02;8.9511193e-02;1.8750000e+02;1.2002052e-01;1.8750000e+02;1.5223294e-01;1.8750000e+02;1.8930270e-01;1.8750000e+02;2.2670817e-01;1.8750000e+02;2.5688857e-01;1.8750000e+02;2.7640617e-01;1.8750000e+02;2.8188735e-01;1.8750000e+02;2.6975003e-01;1.8750000e+02;2.3730175e-01;1.8750000e+02;1.9289251e-01;1.8750000e+02;1.4017589e-01;1.8750000e+02;9.0415619e-02;1.8750000e+02;4.7270209e-02;1.8750000e+02;3.7412937e-03;1.8750000e+02;1.8334825e-02;1.8750000e+02;3.6930159e-02;1.8750000e+02;6.1277397e-02;1.8750000e+02;8.9511193e-02;1.8750000e+02;1.2002052e-01;1.8750000e+02;1.5223294e-01;1.8750000e+02;1.8930270e-01;1.8750000e+02;2.2670817e-01;1.8750000e+02;2.5688857e-01;1.8750000e+02;2.7640617e-01;1.8750000e+02;2.8188735e-01;1.8750000e+02;2.6975003e-01;1.8750000e+02;2.3730175e-01;1.8750000e+02;1.9289251e-01;1.8750000e+02;1.4017589e-01;1.8750000e+02;9.0415619e-02;1.8750000e+02;4.7270209e-02;1.8750000e+02;3.7412937e-03;1.8750000e+02;1.8334825e-02;1.8750000e+02;3.6930159e-02;1.8750000e+02;6.1277397e-02;1.8750000e+02;8.9511193e-02;1.8750000e+02;1.2002052e-01;1.8750000e+02;1.5223294e-01;1.8750000e+02;1.8930270e-01;1.8750000e+02;2.2670817e-01;1.8750000e+02;2.5688857e-01;1.8750000e+02;2.7640617e-01;1.8750000e+02;2.8188735e-01;1.8750000e+02;2.6975003e-01;1.8750000e+02;2.3730175e-01;1.8750000e+02;1.9289251e-01;1.8750000e+02;1.4017589e-01;1.8750000e+02;9.0415619e-02;1.8750000e+02;4.7270209e-02;1.8750000e+02;3.7412937e-03;1.8750000e+02;1.8334825e-02;1.8750000e+02;3.6930159e-02;1.8750000e+02;6.1277397e-02;1.8750000e+02;8.9511193e-02;1.8750000e+02;1.2002052e-01;1.8750000e+02;1.5223294e-01;1.8750000e+02;1.8930270e-01;1.8750000e+02;2.2670817e-01;1.8750000e+02;2.5688857e-01;1.8750000e+02;2.7640617e-01;1.8750000e+02;2.8188735e-01;1.8750000e+02;2.6975003e-01;1.8750000e+02;2.3730175e-01;1.8750000e+02;1.9289251e-01;1.8750000e+02;1.4017589e-01;1.8750000e+02;9.0415619e-02;1.8750000e+02;4.7270209e-02;1.8750000e+02;3.7412937e-03;1.8750000e+02;1.8334825e-02;1.8750000e+02;3.6930159e-02;1.8750000e+02;6.1277397e-02;1.8750000e+02;8.9511193e-02;1.8750000e+02;1.2002052e-01;1.8750000e+02;1.5223294e-01;1.8750000e+02;1.8930270e-01;1.8750000e+02;2.2670817e-01;1.8750000e+02;2.5688857e-01;1.8750000e+02;2.7640617e-01;1.8750000e+02;2.8188735e-01;1.8750000e+02;2.6975003e-01;1.8750000e+02;2.3730175e-01;1.8750000e+02;1.9289251e-01;1.8750000e+02;1.4017589e-01;1.8750000e+02;9.0415619e-02;1.8750000e+02;4.7270209e-02;1.8750000e+02;3.7412937e-03;1.8750000e+02;1.8334825e-02;1.8750000e+02;3.6930159e-02;1.8750000e+02;6.1277397e-02;1.8750000e+02;8.9511193e-02;1.8750000e+02;1.2002052e-01;1.8750000e+02;1.5223294e-01;1.8750000e+02;1.8930270e-01;1.8750000e+02;2.2670817e-01;1.8750000e+02;2.5688857e-01;1.8750000e+02;2.7640617e-01;1.8750000e+02;2.8188735e-01;1.8750000e+02;2.6975003e-01;1.8750000e+02;2.3730175e-01;1.8750000e+02;1.9289251e-01;1.8750000e+02;1.4017589e-01;1.8750000e+02;9.0415619e-02;1.8750000e+02;4.7270209e-02;1.8750000e+02;3.7412937e-03;1.8750000e+02;1.8334825e-02;1.8750000e+02;3.6930159e-02;1.8750000e+02;6.1277397e-02;1.8750000e+02;8.9511193e-02;1.8750000e+02;1.2002052e-01;1.8750000e+02;1.5223294e-01;1.8750000e+02;1.8930270e-01;1.8750000e+02;2.2670817e-01;1.8750000e+02;2.5688857e-01;1.8750000e+02;2.7640617e-01;1.8750000e+02;2.8188735e-01;1.8750000e+02;2.6975003e-01;1.8750000e+02;2.3730175e-01;1.8750000e+02;1.9289251e-01;1.8750000e+02;1.4017589e-01;1.8750000e+02;9.0415619e-02;1.8750000e+02;4.7270209e-02;1.8750000e+02;3.7412937e-03;1.8750000e+02;1.8334825e-02;1.8750000e+02;3.6930159e-02;1.8750000e+02;6.1277397e-02;1.8750000e+02;8.9511193e-02;1.8750000e+02;1.2002052e-01;1.8750000e+02;1.5223294e-01;1.8750000e+02;1.8930270e-01;1.8750000e+02;2.2670817e-01;1.8750000e+02;2.5688857e-01;1.8750000e+02;2.7640617e-01;1.8750000e+02;2.8188735e-01;1.8750000e+02;2.6975003e-01;1.8750000e+02;2.3730175e-01;1.8750000e+02;1.9289251e-01;1.8750000e+02;1.4017589e-01;1.8750000e+02;9.0415619e-02;1.8750000e+02;4.7270209e-02;1.8750000e+02;3.7412937e-03;1.8750000e+02;1.8334825e-02;1.8750000e+02;3.6930159e-02;1.8750000e+02;6.1277397e-02;1.8750000e+02;8.9511193e-02;1.8750000e+02;1.2002052e-01;1.8750000e+02;1.5223294e-01;1.8750000e+02;1.8930270e-01;1.8750000e+02;2.2670817e-01;1.8750000e+02;2.5688857e-01;1.8750000e+02;2.7640617e-01;1.8750000e+02;2.8188735e-01;1.8750000e+02;2.6975003e-01;1.8750000e+02;2.3730175e-01;1.8750000e+02;1.9289251e-01;1.8750000e+02;1.4017589e-01;1.8750000e+02;9.0415619e-02;1.8750000e+02;4.7270209e-02;1.8750000e+02;3.7412937e-03;1.8750000e+02;1.8334825e-02;1.8750000e+02;3.6930159e-02;1.8750000e+02;6.1277397e-02;1.8750000e+02;8.9511193e-02;1.8750000e+02;1.2002052e-01;1.8750000e+02;1.5223294e-01;1.8750000e+02;1.8930270e-01;1.8750000e+02;2.2670817e-01;1.8750000e+02;2.5688857e-01;1.8750000e+02;2.7640617e-01;1.8750000e+02;2.8188735e-01;1.8750000e+02;2.6975003e-01;1.8750000e+02;2.3730175e-01;1.8750000e+02;1.9289251e-01;1.8750000e+02;1.4017589e-01;1.8750000e+02;9.0415619e-02;1.8750000e+02;4.7270209e-02;1.8750000e+02;3.7412937e-03;1.8750000e+02;1.8334825e-02;1.8750000e+02;3.6930159e-02;1.8750000e+02;6.1277397e-02;1.8750000e+02;8.9511193e-02;1.8750000e+02;1.2002052e-01;1.8750000e+02;1.5223294e-01;1.8750000e+02;1.8930270e-01;1.8750000e+02;2.2670817e-01;1.8750000e+02;2.5688857e-01;1.8750000e+02;2.7640617e-01;1.8750000e+02;2.8188735e-01;1.8750000e+02;2.6975003e-01;1.8750000e+02;2.3730175e-01;1.8750000e+02;1.9289251e-01;1.8750000e+02;1.4017589e-01;1.8750000e+02;9.0415619e-02;1.8750000e+02;4.7270209e-02;1.8750000e+02;3.7412937e-03;1.8750000e+02;1.8334825e-02;1.8750000e+02;3.6930159e-02;1.8750000e+02;6.1277397e-02;1.8750000e+02;8.9511193e-02;1.8750000e+02;1.2002052e-01;1.8750000e+02;1.5223294e-01;1.8750000e+02;1.8930270e-01;1.8750000e+02;2.2670817e-01;1.8750000e+02;2.5688857e-01;1.8750000e+02;2.7640617e-01;1.8750000e+02;2.8188735e-01;1.8750000e+02;2.6975003e-01;1.8750000e+02;2.3730175e-01;1.8750000e+02;1.9289251e-01;1.8750000e+02;1.4017589e-01;1.8750000e+02;9.0415619e-02;1.8750000e+02;4.7270209e-02;1.8750000e+02;3.7412937e-03;1.8750000e+02;1.8334825e-02;1.8750000e+02;3.6930159e-02;1.8750000e+02;6.1277397e-02;1.8750000e+02;8.9511193e-02;1.8750000e+02;1.2002052e-01;1.8750000e+02;1.5223294e-01;1.8750000e+02;1.8930270e-01;1.8750000e+02;2.2670817e-01;1.8750000e+02;2.5688857e-01;1.8750000e+02;2.7640617e-01;1.8750000e+02;2.8188735e-01;1.8750000e+02;2.6975003e-01;1.8750000e+02;2.3730175e-01;1.8750000e+02;1.9289251e-01;1.8750000e+02;1.4017589e-01;1.8750000e+02;9.0415619e-02;1.8750000e+02;4.7270209e-02
1.9250000e+02;2.2709961e-03;1.9250000e+02;1.5723929e-02;1.9250000e+02;3.4759723e-02;1.9250000e+02;5.7990327e-02;1.9250000e+02;8.5741162e-02;1.9250000e+02;1.1528271e-01;1.9250000e+02;1.4789794e-01;1.9250000e+02;1.8702590e-01;1.9250000e+02;2.1964842e-01;1.9250000e+02;2.4650493e-01;1.9250000e+02;2.6417851e-01;1.9250000e+02;2.7407345e-01;1.9250000e+02;2.6802796e-01;1.9250000e+02;2.3831269e-01;1.9250000e+02;1.9399108e-01;1.9250000e+02;1.4036407e-01;1.9250000e+02;8.9374766e-02;1.9250000e+02;4.4944584e-02;1.9250000e+02;2.2709961e-03;1.9250000e+02;1.5723929e-02;1.9250000e+02;3.4759723e-02;1.9250000e+02;5.7990327e-02;1.9250000e+02;8.5741162e-02;1.9250000e+02;1.1528271e-01;1.9250000e+02;1.4789794e-01;1.9250000e+02;1.8702590e-01;1.9250000e+02;2.1964842e-01;1.9250000e+02;2.4650493e-01;1.9250000e+02;2.6417851e-01;1.9250000e+02;2.7407345e-01;1.9250000e+02;2.6802796e-01;1.9250000e+02;2.3831269e-01;1.9250000e+02;1.9399108e-01;1.9250000e+02;1.4036407e-01;1.9250000e+02;8.9374766e-02;1.9250000e+02;4.4944584e-02;1.9250000e+02;2.2709961e-03;1.9250000e+02;1.5723929e-02;1.9250000e+02;3.4759723e-02;1.9250000e+02;5.7990327e-02;1.9250000e+02;8.5741162e-02;1.9250000e+02;1.1528271e-01;1.9250000e+02;1.4789794e-01;1.9250000e+02;1.8702590e-01;1.9250000e+02;2.1964842e-01;1.9250000e+02;2.4650493e-01;1.9250000e+02;2.6417851e-01;1.9250000e+02;2.7407345e-01;1.9250000e+02;2.6802796e-01;1.9250000e+02;2.3831269e-01;1.9250000e+02;1.9399108e-01;1.9250000e+02;1.4036407e-01;1.9250000e+02;8.9374766e-02;1.9250000e+02;4.4944584e-02;1.9250000e+02;2.2709961e-03;1.9250000e+02;1.5723929e-02;1.9250000e+02;3.4759723e-02;1.9250000e+02;5.7990327e-02;1.9250000e+02;8.5741162e-02;1.9250000e+02;1.1528271e-01;1.9250000e+02;1.4789794e-01;1.9250000e+02;1.8702590e-01;1.9250000e+02;2.1964842e-01;1.9250000e+02;2.4650493e-01;1.9250000e+02;2.6417851e-01;1.9250000e+02;2.7407345e-01;1.9250000e+02;2.6802796e-01;1.9250000e+02;2.3831269e-01;1.9250000e+02;1.9399108e-01;1.9250000e+02;1.4036407e-01;1.9250000e+02;8.9374766e-02;1.9250000e+02;4.4944584e-02;1.9250000e+02;2.2709961e-03;1.9250000e+02;1.5723929e-02;1.9250000e+02;3.4759723e-02;1.9250000e+02;5.7990327e-02;1.9250000e+02;8.5741162e-02;1.9250000e+02;1.1528271e-01;1.9250000e+02;1.4789794e-01;1.9250000e+02;1.8702590e-01;1.9250000e+02;2.1964842e-01;1.9250000e+02;2.4650493e-01;1.9250000e+02;2.6417851e-01;1.9250000e+02;2.7407345e-01;1.9250000e+02;2.6802796e-01;1.9250000e+02;2.3831269e-01;1.9250000e+02;1.9399108e-01;1.9250000e+02;1.4036407e-01;1.9250000e+02;8.9374766e-02;1.9250000e+02;4.4944584e-02;1.9250000e+02;2.2709961e-03;1.9250000e+02;1.5723929e-02;1.9250000e+02;3.4759723e-02;1.9250000e+02;5.7990327e-02;1.9250000e+02;8.5741162e-02;1.9250000e+02;1.1528271e-01;1.9250000e+02;1.4789794e-01;1.9250000e+02;1.8702590e-01;1.9250000e+02;2.1964842e-01;1.9250000e+02;2.4650493e-01;1.9250000e+02;2.6417851e-01;1.9250000e+02;2.7407345e-01;1.9250000e+02;2.6802796e-01;1.9250000e+02;2.3831269e-01;1.9250000e+02;1.9399108e-01;1.9250000e+02;1.4036407e-01;1.9250000e+02;8.9374766e-02;1.9250000e+02;4.4944584e-02;1.9250000e+02;2.2709961e-03;1.9250000e+02;1.5723929e-02;1.9250000e+02;3.4759723e-02;1.9250000e+02;5.7990327e-02;1.9250000e+02;8.5741162e-02;1.9250000e+02;1.1528271e-01;1.9250000e+02;1.4789794e-01;1.9250000e+02;1.8702590e-01;1.9250000e+02;2.1964842e-01;1.9250000e+02;2.4650493e-01;1.9250000e+02;2.6417851e-01;1.9250000e+02;2.7407345e-01;1.9250000e+02;2.6802796e-01;1.9250000e+02;2.3831269e-01;1.9250000e+02;1.9399108e-01;1.9250000e+02;1.4036407e-01;1.9250000e+02;8.9374766e-02;1.9250000e+02;4.4944584e-02;1.9250000e+02;2.2709961e-03;1.9250000e+02;1.5723929e-02;1.9250000e+02;3.4759723e-02;1.9250000e+02;5.7990327e-02;1.9250000e+02;8.5741162e-02;1.9250000e+02;1.1528271e-01;1.9250000e+02;1.4789794e-01;1.9250000e+02;1.8702590e-01;1.9250000e+02;2.1964842e-01;1.9250000e+02;2.4650493e-01;1.9250000e+02;2.6417851e-01;1.9250000e+02;2.7407345e-01;1.9250000e+02;2.6802796e-01;1.9250000e+02;2.3831269e-01;1.9250000e+02;1.9399108e-01;1.9250000e+02;1.4036407e-01;1.9250000e+02;8.9374766e-02;1.9250000e+02;4.4944584e-02;1.9250000e+02;2.2709961e-03;1.9250000e+02;1.5723929e-02;1.9250000e+02;3.4759723e-02;1.9250000e+02;5.7990327e-02;1.9250000e+02;8.5741162e-02;1.9250000e+02;1.1528271e-01;1.9250000e+02;1.4789794e-01;1.9250000e+02;1.8702590e-01;1.9250000e+02;2.1964842e-01;1.9250000e+02;2.4650493e-01;1.9250000e+02;2.6417851e-01;1.9250000e+02;2.7407345e-01;1.9250000e+02;2.6802796e-01;1.9250000e+02;2.3831269e-01;1.9250000e+02;1.9399108e-01;1.9250000e+02;1.4036407e-01;1.9250000e+02;8.9374766e-02;1.9250000e+02;4.4944584e-02;1.9250000e+02;2.2709961e-03;1.9250000e+02;1.5723929e-02;1.9250000e+02;3.4759723e-02;1.9250000e+02;5.7990327e-02;1.9250000e+02;8.5741162e-02;1.9250000e+02;1.1528271e-01;1.9250000e+02;1.4789794e-01;1.9250000e+02;1.8702590e-01;1.9250000e+02;2.1964842e-01;1.9250000e+02;2.4650493e-01;1.9250000e+02;2.6417851e-01;1.9250000e+02;2.7407345e-01;1.9250000e+02;2.6802796e-01;1.9250000e+02;2.3831269e-01;1.9250000e+02;1.9399108e-01;1.9250000e+02;1.4036407e-01;1.9250000e+02;8.9374766e-02;1.9250000e+02;4.4944584e-02;1.9250000e+02;2.2709961e-03;1.9250000e+02;1.5723929e-02;1.9250000e+02;3.4759723e-02;1.9250000e+02;5.7990327e-02;1.9250000e+02;8.5741162e-02;1.9250000e+02;1.1528271e-01;1.9250000e+02;1.4789794e-01;1.9250000e+02;1.8702590e-01;1.9250000e+02;2.1964842e-01;1.9250000e+02;2.4650493e-01;1.9250000e+02;2.6417851e-01;1.9250000e+02;2.7407345e-01;1.9250000e+02;2.6802796e-01;1.9250000e+02;2.3831269e-01;1.9250000e+02;1.9399108e-01;1.9250000e+02;1.4036407e-01;1.9250000e+02;8.9374766e-02;1.9250000e+02;4.4944584e-02;1.9250000e+02;2.2709961e-03;1.9250000e+02;1.5723929e-02;1.9250000e+02;3.4759723e-02;1.9250000e+02;5.7990327e-02;1.9250000e+02;8.5741162e-02;1.9250000e+02;1.1528271e-01;1.9250000e+02;1.4789794e-01;1.9250000e+02;1.8702590e-01;1.9250000e+02;2.1964842e-01;1.9250000e+02;2.4650493e-01;1.9250000e+02;2.6417851e-01;1.9250000e+02;2.7407345e-01;1.9250000e+02;2.6802796e-01;1.9250000e+02;2.3831269e-01;1.9250000e+02;1.9399108e-01;1.9250000e+02;1.4036407e-01;1.9250000e+02;8.9374766e-02;1.9250000e+02;4.4944584e-02;1.9250000e+02;2.2709961e-03;1.9250000e+02;1.5723929e-02;1.9250000e+02;3.4759723e-02;1.9250000e+02;5.7990327e-02;1.9250000e+02;8.5741162e-02;1.9250000e+02;1.1528271e-01;1.9250000e+02;1.4789794e-01;1.9250000e+02;1.8702590e-01;1.9250000e+02;2.1964842e-01;1.9250000e+02;2.4650493e-01;1.9250000e+02;2.6417851e-01;1.9250000e+02;2.7407345e-01;1.9250000e+02;2.6802796e-01;1.9250000e+02;2.3831269e-01;1.9250000e+02;1.9399108e-01;1.9250000e+02;1.4036407e-01;1.9250000e+02;8.9374766e-02;1.9250000e+02;4.4944584e-02;1.9250000e+02;2.2709961e-03;1.9250000e+02;1.5723929e-02;1.9250000e+02;3.4759723e-02;1.9250000e+02;5.7990327e-02;1.9250000e+02;8.5741162e-02;1.9250000e+02;1.1528271e-01;1.9250000e+02;1.4789794e-01;1.9250000e+02;1.8702590e-01;1.9250000e+02;2.1964842e-01;1.9250000e+02;2.4650493e-01;1.9250000e+02;2.6417851e-01;1.9250000e+02;2.7407345e-01;1.9250000e+02;2.6802796e-01;1.9250000e+02;2.3831269e-01;1.9250000e+02;1.9399108e-01;1.9250000e+02;1.4036407e-01;1.9250000e+02;8.9374766e-02;1.9250000e+02;4.4944584e-02;1.9250000e+02;2.2709961e-03;1.9250000e+02;1.5723929e-02;1.9250000e+02;3.4759723e-02;1.9250000e+02;5.7990327e-02;1.9250000e+02;8.5741162e-02;1.9250000e+02;1.1528271e-01;1.9250000e+02;1.4789794e-01;1.9250000e+02;1.8702590e-01;1.9250000e+02;2.1964842e-01;1.9250000e+02;2.4650493e-01;1.9250000e+02;2.6417851e-01;1.9250000e+02;2.7407345e-01;1.9250000e+02;2.6802796e-01;1.9250000e+02;2.3831269e-01;1.9250000e+02;1.9399108e-01;1.9250000e+02;1.4036407e-01;1.9250000e+02;8.9374766e-02;1.9250000e+02;4.4944584e-02;1.9250000e+02;2.2709961e-03;1.9250000e+02;1.5723929e-02;1.9250000e+02;3.4759723e-02;1.9250000e+02;5.7990327e-02;1.9250000e+02;8.5741162e-02;1.9250000e+02;1.1528271e-01;1.9250000e+02;1.4789794e-01;1.9250000e+02;1.8702590e-01;1.9250000e+02;2.1964842e-01;1.9250000e+02;2.4650493e-01;1.9250000e+02;2.6417851e-01;1.9250000e+02;2.7407345e-01;1.9250000e+02;2.6802796e-01;1.9250000e+02;2.3831269e-01;1.9250000e+02;1.9399108e-01;1.9250000e+02;1.4036407e-01;1.9250000e+02;8.9374766e-02;1.9250000e+02;4.4944584e-02;1.9250000e+02;2.2709961e-03;1.9250000e+02;1.5723929e-02;1.9250000e+02;3.4759723e-02;1.9250000e+02;5.7990327e-02;1.9250000e+02;8.5741162e-02;1.9250000e+02;1.1528271e-01;1.9250000e+02;1.4789794e-01;1.9250000e+02;1.8702590e-01;1.9250000e+02;2.1964842e-01;1.9250000e+02;2.4650493e-01;1.9250000e+02;2.6417851e-01;1.9250000e+02;2.7407345e-01;1.9250000e+02;2.6802796e-01;1.9250000e+02;2.3831269e-01;1.9250000e+02;1.9399108e-01;1.9250000e+02;1.4036407e-01;1.9250000e+02;8.9374766e-02;1.9250000e+02;4.4944584e-02;1.9250000e+02;2.2709961e-03;1.9250000e+02;1.5723929e-02;1.9250000e+02;3.4759723e-02;1.9250000e+02;5.7990327e-02;1.9250000e+02;8.5741162e-02;1.9250000e+02;1.1528271e-01;1.9250000e+02;1.4789794e-01;1.9250000e+02;1.8702590e-01;1.9250000e+02;2.1964842e-01;1.9250000e+02;2.4650493e-01;1.9250000e+02;2.6417851e-01;1.9250000e+02;2.7407345e-01;1.9250000e+02;2.6802796e-01;1.9250000e+02;2.3831269e-01;1.9250000e+02;1.9399108e-01;1.9250000e+02;1.4036407e-01;1.9250000e+02;8.9374766e-02;1.9250000e+02;4.4944584e-02;1.9250000e+02;2.2709961e-03;1.9250000e+02;1.5723929e-02;1.9250000e+02;3.4759723e-02;1.9250000e+02;5.7990327e-02;1.9250000e+02;8.5741162e-02;1.9250000e+02;1.1528271e-01;1.9250000e+02;1.4789794e-01;1.9250000e+02;1.8702590e-01;1.9250000e+02;2.1964842e-01;1.9250000e+02;2.4650493e-01;1.9250000e+02;2.6417851e-01;1.9250000e+02;2.7407345e-01;1.9250000e+02;2.6802796e-01;1.9250000e+02;2.3831269e-01;1.9250000e+02;1.9399108e-01;1.9250000e+02;1.4036407e-01;1.9250000e+02;8.9374766e-02;1.9250000e+02;4.4944584e-02;1.9250000e+02;2.2709961e-03;1.9250000e+02;1.5723929e-02;1.9250000e+02;3.4759723e-02;1.9250000e+02;5.7990327e-02;1.9250000e+02;8.5741162e-02;1.9250000e+02;1.1528271e-01;1.9250000e+02;1.4789794e-01;1.9250000e+02;1.8702590e-01;1.9250000e+02;2.1964842e-01;1.9250000e+02;2.4650493e-01;1.9250000e+02;2.6417851e-01;1.9250000e+02;2.7407345e-01;1.9250000e+02;2.6802796e-01;1.9250000e+02;2.3831269e-01;1.9250000e+02;1.9399108e-01;1.9250000e+02;1.4036407e-01;1.9250000e+02;8.9374766e-02;1.9250000e+02;4.4944584e-02;1.9250000e+02;2.2709961e-03;1.9250000e+02;1.5723929e-02;1.9250000e+02;3.4759723e-02;1.9250000e+02;5.7990327e-02;1.9250000e+02;8.5741162e-02;1.9250000e+02;1.1528271e-01;1.9250000e+02;1.4789794e-01;1.9250000e+02;1.8702590e-01;1.9250000e+02;2.1964842e-01;1.9250000e+02;2.4650493e-01;1.9250000e+02;2.6417851e-01;1.9250000e+02;2.7407345e-01;1.9250000e+02;2.6802796e-01;1.9250000e+02;2.3831269e-01;1.9250000e+02;1.9399108e-01;1.9250000e+02;1.4036407e-01;1.9250000e+02;8.9374766e-02;1.9250000e+02;4.4944584e-02;1.9250000e+02;2.2709961e-03;1.9250000e+02;1.5723929e-02;1.9250000e+02;3.4759723e-02;1.9250000e+02;5.7990327e-02;1.9250000e+02;8.5741162e-02;1.9250000e+02;1.1528271e-01;1.9250000e+02;1.4789794e-01;1.9250000e+02;1.8702590e-01;1.9250000e+02;2.1964842e-01;1.9250000e+02;2.4650493e-01;1.9250000e+02;2.6417851e-01;1.9250000e+02;2.7407345e-01;1.9250000e+02;2.6802796e-01;1.9250000e+02;2.3831269e-01;1.9250000e+02;1.9399108e-01;1.9250000e+02;1.4036407e-01;1.9250000e+02;8.9374766e-02;1.9250000e+02;4.4944584e-02;1.9250000e+02;2.2709961e-03;1.9250000e+02;1.5723929e-02;1.9250000e+02;3.4759723e-02;1.9250000e+02;5.7990327e-02;1.9250000e+02;8.5741162e-02;1.9250000e+02;1.1528271e-01;1.9250000e+02;1.4789794e-01;1.9250000e+02;1.8702590e-01;1.9250000e+02;2.1964842e-01;1.9250000e+02;2.4650493e-01;1.9250000e+02;2.6417851e-01;1.9250000e+02;2.7407345e-01;1.9250000e+02;2.6802796e-01;1.9250000e+02;2.3831269e-01;1.9250000e+02;1.9399108e-01;1.9250000e+02;1.4036407e-01;1.9250000e+02;8.9374766e-02;1.9250000e+02;4.4944584e-02;1.9250000e+02;2.2709961e-03;1.9250000e+02;1.5723929e-02;1.9250000e+02;3.4759723e-02;1.9250000e+02;5.7990327e-02;1.9250000e+02;8.5741162e-02;1.9250000e+02;1.1528271e-01;1.9250000e+02;1.4789794e-01;1.9250000e+02;1.8702590e-01;1.9250000e+02;2.1964842e-01;1.9250000e+02;2.4650493e-01;1.9250000e+02;2.6417851e-01;1.9250000e+02;2.7407345e-01;1.9250000e+02;2.6802796e-01;1.9250000e+02;2.3831269e-01;1.9250000e+02;1.9399108e-01;1.9250000e+02;1.4036407e-01;1.9250000e+02;8.9374766e-02;1.9250000e+02;4.4944584e-02;1.9250000e+02;2.2709961e-03;1.9250000e+02;1.5723929e-02;1.9250000e+02;3.4759723e-02;1.9250000e+02;5.7990327e-02;1.9250000e+02;8.5741162e-02;1.9250000e+02;1.1528271e-01;1.9250000e+02;1.4789794e-01;1.9250000e+02;1.8702590e-01;1.9250000e+02;2.1964842e-01;1.9250000e+02;2.4650493e-01;1.9250000e+02;2.6417851e-01;1.9250000e+02;2.7407345e-01;1.9250000e+02;2.6802796e-01;1.9250000e+02;2.3831269e-01;1.9250000e+02;1.9399108e-01;1.9250000e+02;1.4036407e-01;1.9250000e+02;8.9374766e-02;1.9250000e+02;4.4944584e-02;1.9250000e+02;2.2709961e-03;1.9250000e+02;1.5723929e-02;1.9250000e+02;3.4759723e-02;1.9250000e+02;5.7990327e-02;1.9250000e+02;8.5741162e-02;1.9250000e+02;1.1528271e-01;1.9250000e+02;1.4789794e-01;1.9250000e+02;1.8702590e-01;1.9250000e+02;2.1964842e-01;1.9250000e+02;2.4650493e-01;1.9250000e+02;2.6417851e-01;1.9250000e+02;2.7407345e-01;1.9250000e+02;2.6802796e-01;1.9250000e+02;2.3831269e-01;1.9250000e+02;1.9399108e-01;1.9250000e+02;1.4036407e-01;1.9250000e+02;8.9374766e-02;1.9250000e+02;4.4944584e-02;1.9250000e+02;2.2709961e-03;1.9250000e+02;1.5723929e-02;1.9250000e+02;3.4759723e-02;1.9250000e+02;5.7990327e-02;1.9250000e+02;8.5741162e-02;1.9250000e+02;1.1528271e-01;1.9250000e+02;1.4789794e-01;1.9250000e+02;1.8702590e-01;1.9250000e+02;2.1964842e-01;1.9250000e+02;2.4650493e-01;1.9250000e+02;2.6417851e-01;1.9250000e+02;2.7407345e-01;1.9250000e+02;2.6802796e-01;1.9250000e+02;2.3831269e-01;1.9250000e+02;1.9399108e-01;1.9250000e+02;1.4036407e-01;1.9250000e+02;8.9374766e-02;1.9250000e+02;4.4944584e-02;1.9250000e+02;2.2709961e-03;1.9250000e+02;1.5723929e-02;1.9250000e+02;3.4759723e-02;1.9250000e+02;5.7990327e-02;1.9250000e+02;8.5741162e-02;1.9250000e+02;1.1528271e-01;1.9250000e+02;1.4789794e-01;1.9250000e+02;1.8702590e-01;1.9250000e+02;2.1964842e-01;1.9250000e+02;2.4650493e-01;1.9250000e+02;2.6417851e-01;1.9250000e+02;2.7407345e-01;1.9250000e+02;2.6802796e-01;1.9250000e+02;2.3831269e-01;1.9250000e+02;1.9399108e-01;1.9250000e+02;1.4036407e-01;1.9250000e+02;8.9374766e-02;1.9250000e+02;4.4944584e-02;1.9250000e+02;2.2709961e-03;1.9250000e+02;1.5723929e-02;1.9250000e+02;3.4759723e-02;1.9250000e+02;5.7990327e-02;1.9250000e+02;8.5741162e-02;1.9250000e+02;1.1528271e-01;1.9250000e+02;1.4789794e-01;1.9250000e+02;1.8702590e-01;1.9250000e+02;2.1964842e-01;1.9250000e+02;2.4650493e-01;1.9250000e+02;2.6417851e-01;1.9250000e+02;2.7407345e-01;1.9250000e+02;2.6802796e-01;1.9250000e+02;2.3831269e-01;1.9250000e+02;1.9399108e-01;1.9250000e+02;1.4036407e-01;1.9250000e+02;8.9374766e-02;1.9250000e+02;4.4944584e-02;1.9250000e+02;2.2709961e-03;1.9250000e+02;1.5723929e-02;1.9250000e+02;3.4759723e-02;1.9250000e+02;5.7990327e-02;1.9250000e+02;8.5741162e-02;1.9250000e+02;1.1528271e-01;1.9250000e+02;1.4789794e-01;1.9250000e+02;1.8702590e-01;1.9250000e+02;2.1964842e-01;1.9250000e+02;2.4650493e-01;1.9250000e+02;2.6417851e-01;1.9250000e+02;2.7407345e-01;1.9250000e+02;2.6802796e-01;1.9250000e+02;2.3831269e-01;1.9250000e+02;1.9399108e-01;1.9250000e+02;1.4036407e-01;1.9250000e+02;8.9374766e-02;1.9250000e+02;4.4944584e-02;1.9250000e+02;2.2709961e-03;1.9250000e+02;1.5723929e-02;1.9250000e+02;3.4759723e-02;1.9250000e+02;5.7990327e-02;1.9250000e+02;8.5741162e-02;1.9250000e+02;1.1528271e-01;1.9250000e+02;1.4789794e-01;1.9250000e+02;1.8702590e-01;1.9250000e+02;2.1964842e-01;1.9250000e+02;2.4650493e-01;1.9250000e+02;2.6417851e-01;1.9250000e+02;2.7407345e-01;1.9250000e+02;2.6802796e-01;1.9250000e+02;2.3831269e-01;1.9250000e+02;1.9399108e-01;1.9250000e+02;1.4036407e-01;1.9250000e+02;8.9374766e-02;1.9250000e+02;4.4944584e-02;1.9250000e+02;2.2709961e-03;1.9250000e+02;1.5723929e-02;1.9250000e+02;3.4759723e-02;1.9250000e+02;5.7990327e-02;1.9250000e+02;8.5741162e-02;1.9250000e+02;1.1528271e-01;1.9250000e+02;1.4789794e-01;1.9250000e+02;1.8702590e-01;1.9250000e+02;2.1964842e-01;1.9250000e+02;2.4650493e-01;1.9250000e+02;2.6417851e-01;1.9250000e+02;2.7407345e-01;1.9250000e+02;2.6802796e-01;1.9250000e+02;2.3831269e-01;1.9250000e+02;1.9399108e-01;1.9250000e+02;1.4036407e-01;1.9250000e+02;8.9374766e-02;1.9250000e+02;4.4944584e-02;1.9250000e+02;2.2709961e-03;1.9250000e+02;1.5723929e-02;1.9250000e+02;3.4759723e-02;1.9250000e+02;5.7990327e-02;1.9250000e+02;8.5741162e-02;1.9250000e+02;1.1528271e-01;1.9250000e+02;1.4789794e-01;1.9250000e+02;1.8702590e-01;1.9250000e+02;2.1964842e-01;1.9250000e+02;2.4650493e-01;1.9250000e+02;2.6417851e-01;1.9250000e+02;2.7407345e-01;1.9250000e+02;2.6802796e-01;1.9250000e+02;2.3831269e-01;1.9250000e+02;1.9399108e-01;1.9250000e+02;1.4036407e-01;1.9250000e+02;8.9374766e-02;1.9250000e+02;4.4944584e-02;1.9250000e+02;2.2709961e-03;1.9250000e+02;1.5723929e-02;1.9250000e+02;3.4759723e-02;1.9250000e+02;5.7990327e-02;1.9250000e+02;8.5741162e-02;1.9250000e+02;1.1528271e-01;1.9250000e+02;1.4789794e-01;1.9250000e+02;1.8702590e-01;1.9250000e+02;2.1964842e-01;1.9250000e+02;2.4650493e-01;1.9250000e+02;2.6417851e-01;1.9250000e+02;2.7407345e-01;1.9250000e+02;2.6802796e-01;1.9250000e+02;2.3831269e-01;1.9250000e+02;1.9399108e-01;1.9250000e+02;1.4036407e-01;1.9250000e+02;8.9374766e-02;1.9250000e+02;4.4944584e-02;1.9250000e+02;2.2709961e-03;1.9250000e+02;1.5723929e-02;1.9250000e+02;3.4759723e-02;1.9250000e+02;5.7990327e-02;1.9250000e+02;8.5741162e-02;1.9250000e+02;1.1528271e-01;1.9250000e+02;1.4789794e-01;1.9250000e+02;1.8702590e-01;1.9250000e+02;2.1964842e-01;1.9250000e+02;2.4650493e-01;1.9250000e+02;2.6417851e-01;1.9250000e+02;2.7407345e-01;1.9250000e+02;2.6802796e-01;1.9250000e+02;2.3831269e-01;1.9250000e+02;1.9399108e-01;1.9250000e+02;1.4036407e-01;1.9250000e+02;8.9374766e-02;1.9250000e+02;4.4944584e-02;1.9250000e+02;2.2709961e-03;1.9250000e+02;1.5723929e-02;1.9250000e+02;3.4759723e-02;1.9250000e+02;5.7990327e-02;1.9250000e+02;8.5741162e-02;1.9250000e+02;1.1528271e-01;1.9250000e+02;1.4789794e-01;1.9250000e+02;1.8702590e-01;1.9250000e+02;2.1964842e-01;1.9250000e+02;2.4650493e-01;1.9250000e+02;2.6417851e-01;1.9250000e+02;2.7407345e-01;1.9250000e+02;2.6802796e-01;1.9250000e+02;2.3831269e-01;1.9250000e+02;1.9399108e-01;1.9250000e+02;1.4036407e-01;1.9250000e+02;8.9374766e-02;1.9250000e+02;4.4944584e-02;1.9250000e+02;2.2709961e-03;1.9250000e+02;1.5723929e-02;1.9250000e+02;3.4759723e-02;1.9250000e+02;5.7990327e-02;1.9250000e+02;8.5741162e-02;1.9250000e+02;1.1528271e-01;1.9250000e+02;1.4789794e-01;1.9250000e+02;1.8702590e-01;1.9250000e+02;2.1964842e-01;1.9250000e+02;2.4650493e-01;1.9250000e+02;2.6417851e-01;1.9250000e+02;2.7407345e-01;1.9250000e+02;2.6802796e-01;1.9250000e+02;2.3831269e-01;1.9250000e+02;1.9399108e-01;1.9250000e+02;1.4036407e-01;1.9250000e+02;8.9374766e-02;1.9250000e+02;4.4944584e-02;1.9250000e+02;2.2709961e-03;1.9250000e+02;1.5723929e-02;1.9250000e+02;3.4759723e-02;1.9250000e+02;5.7990327e-02;1.9250000e+02;8.5741162e-02;1.9250000e+02;1.1528271e-01;1.9250000e+02;1.4789794e-01;1.9250000e+02;1.8702590e-01;1.9250000e+02;2.1964842e-01;1.9250000e+02;2.4650493e-01;1.9250000e+02;2.6417851e-01;1.9250000e+02;2.7407345e-01;1.9250000e+02;2.6802796e-01;1.9250000e+02;2.3831269e-01;1.9250000e+02;1.9399108e-01;1.9250000e+02;1.4036407e-01;1.9250000e+02;8.9374766e-02;1.9250000e+02;4.4944584e-02;1.9250000e+02;2.2709961e-03;1.9250000e+02;1.5723929e-02;1.9250000e+02;3.4759723e-02;1.9250000e+02;5.7990327e-02;1.9250000e+02;8.5741162e-02;1.9250000e+02;1.1528271e-01;1.9250000e+02;1.4789794e-01;1.9250000e+02;1.8702590e-01;1.9250000e+02;2.1964842e-01;1.9250000e+02;2.4650493e-01;1.9250000e+02;2.6417851e-01;1.9250000e+02;2.7407345e-01;1.9250000e+02;2.6802796e-01;1.9250000e+02;2.3831269e-01;1.9250000e+02;1.9399108e-01;1.9250000e+02;1.4036407e-01;1.9250000e+02;8.9374766e-02;1.9250000e+02;4.4944584e-02;1.9250000e+02;2.2709961e-03;1.9250000e+02;1.5723929e-02;1.9250000e+02;3.4759723e-02;1.9250000e+02;5.7990327e-02;1.9250000e+02;8.5741162e-02;1.9250000e+02;1.1528271e-01;1.9250000e+02;1.4789794e-01;1.9250000e+02;1.8702590e-01;1.9250000e+02;2.1964842e-01;1.9250000e+02;2.4650493e-01;1.9250000e+02;2.6417851e-01;1.9250000e+02;2.7407345e-01;1.9250000e+02;2.6802796e-01;1.9250000e+02;2.3831269e-01;1.9250000e+02;1.9399108e-01;1.9250000e+02;1.4036407e-01;1.9250000e+02;8.9374766e-02;1.9250000e+02;4.4944584e-02;1.9250000e+02;2.2709961e-03;1.9250000e+02;1.5723929e-02;1.9250000e+02;3.4759723e-02;1.9250000e+02;5.7990327e-02;1.9250000e+02;8.5741162e-02;1.9250000e+02;1.1528271e-01;1.9250000e+02;1.4789794e-01;1.9250000e+02;1.8702590e-01;1.9250000e+02;2.1964842e-01;1.9250000e+02;2.4650493e-01;1.9250000e+02;2.6417851e-01;1.9250000e+02;2.7407345e-01;1.9250000e+02;2.6802796e-01;1.9250000e+02;2.3831269e-01;1.9250000e+02;1.9399108e-01;1.9250000e+02;1.4036407e-01;1.9250000e+02;8.9374766e-02;1.9250000e+02;4.4944584e-02;1.9250000e+02;2.2709961e-03;1.9250000e+02;1.5723929e-02;1.9250000e+02;3.4759723e-02;1.9250000e+02;5.7990327e-02;1.9250000e+02;8.5741162e-02;1.9250000e+02;1.1528271e-01;1.9250000e+02;1.4789794e-01;1.9250000e+02;1.8702590e-01;1.9250000e+02;2.1964842e-01;1.9250000e+02;2.4650493e-01;1.9250000e+02;2.6417851e-01;1.9250000e+02;2.7407345e-01;1.9250000e+02;2.6802796e-01;1.9250000e+02;2.3831269e-01;1.9250000e+02;1.9399108e-01;1.9250000e+02;1.4036407e-01;1.9250000e+02;8.9374766e-02;1.9250000e+02;4.4944584e-02;1.9250000e+02;2.2709961e-03;1.9250000e+02;1.5723929e-02;1.9250000e+02;3.4759723e-02;1.9250000e+02;5.7990327e-02;1.9250000e+02;8.5741162e-02;1.9250000e+02;1.1528271e-01;1.9250000e+02;1.4789794e-01;1.9250000e+02;1.8702590e-01;1.9250000e+02;2.1964842e-01;1.9250000e+02;2.4650493e-01;1.9250000e+02;2.6417851e-01;1.9250000e+02;2.7407345e-01;1.9250000e+02;2.6802796e-01;1.9250000e+02;2.3831269e-01;1.9250000e+02;1.9399108e-01;1.9250000e+02;1.4036407e-01;1.9250000e+02;8.9374766e-02;1.9250000e+02;4.4944584e-02;1.9250000e+02;2.2709961e-03;1.9250000e+02;1.5723929e-02;1.9250000e+02;3.4759723e-02;1.9250000e+02;5.7990327e-02;1.9250000e+02;8.5741162e-02;1.9250000e+02;1.1528271e-01;1.9250000e+02;1.4789794e-01;1.9250000e+02;1.8702590e-01;1.9250000e+02;2.1964842e-01;1.9250000e+02;2.4650493e-01;1.9250000e+02;2.6417851e-01;1.9250000e+02;2.7407345e-01;1.9250000e+02;2.6802796e-01;1.9250000e+02;2.3831269e-01;1.9250000e+02;1.9399108e-01;1.9250000e+02;1.4036407e-01;1.9250000e+02;8.9374766e-02;1.9250000e+02;4.4944584e-02;1.9250000e+02;2.2709961e-03;1.9250000e+02;1.5723929e-02;1.9250000e+02;3.4759723e-02;1.9250000e+02;5.7990327e-02;1.9250000e+02;8.5741162e-02;1.9250000e+02;1.1528271e-01;1.9250000e+02;1.4789794e-01;1.9250000e+02;1.8702590e-01;1.9250000e+02;2.1964842e-01;1.9250000e+02;2.4650493e-01;1.9250000e+02;2.6417851e-01;1.9250000e+02;2.7407345e-01;1.9250000e+02;2.6802796e-01;1.9250000e+02;2.3831269e-01;1.9250000e+02;1.9399108e-01;1.9250000e+02;1.4036407e-01;1.9250000e+02;8.9374766e-02;1.9250000e+02;4.4944584e-02;1.9250000e+02;2.2709961e-03;1.9250000e+02;1.5723929e-02;1.9250000e+02;3.4759723e-02;1.9250000e+02;5.7990327e-02;1.9250000e+02;8.5741162e-02;1.9250000e+02;1.1528271e-01;1.9250000e+02;1.4789794e-01;1.9250000e+02;1.8702590e-01;1.9250000e+02;2.1964842e-01;1.9250000e+02;2.4650493e-01;1.9250000e+02;2.6417851e-01;1.9250000e+02;2.7407345e-01;1.9250000e+02;2.6802796e-01;1.9250000e+02;2.3831269e-01;1.9250000e+02;1.9399108e-01;1.9250000e+02;1.4036407e-01;1.9250000e+02;8.9374766e-02;1.9250000e+02;4.4944584e-02;1.9250000e+02;2.2709961e-03;1.9250000e+02;1.5723929e-02;1.9250000e+02;3.4759723e-02;1.9250000e+02;5.7990327e-02;1.9250000e+02;8.5741162e-02;1.9250000e+02;1.1528271e-01;1.9250000e+02;1.4789794e-01;1.9250000e+02;1.8702590e-01;1.9250000e+02;2.1964842e-01;1.9250000e+02;2.4650493e-01;1.9250000e+02;2.6417851e-01;1.9250000e+02;2.7407345e-01;1.9250000e+02;2.6802796e-01;1.9250000e+02;2.3831269e-01;1.9250000e+02;1.9399108e-01;1.9250000e+02;1.4036407e-01;1.9250000e+02;8.9374766e-02;1.9250000e+02;4.4944584e-02;1.9250000e+02;2.2709961e-03;1.9250000e+02;1.5723929e-02;1.9250000e+02;3.4759723e-02;1.9250000e+02;5.7990327e-02;1.9250000e+02;8.5741162e-02;1.9250000e+02;1.1528271e-01;1.9250000e+02;1.4789794e-01;1.9250000e+02;1.8702590e-01;1.9250000e+02;2.1964842e-01;1.9250000e+02;2.4650493e-01;1.9250000e+02;2.6417851e-01;1.9250000e+02;2.7407345e-01;1.9250000e+02;2.6802796e-01;1.9250000e+02;2.3831269e-01;1.9250000e+02;1.9399108e-01;1.9250000e+02;1.4036407e-01;1.9250000e+02;8.9374766e-02;1.9250000e+02;4.4944584e-02;1.9250000e+02;2.2709961e-03;1.9250000e+02;1.5723929e-02;1.9250000e+02;3.4759723e-02;1.9250000e+02;5.7990327e-02;1.9250000e+02;8.5741162e-02;1.9250000e+02;1.1528271e-01;1.9250000e+02;1.4789794e-01;1.9250000e+02;1.8702590e-01;1.9250000e+02;2.1964842e-01;1.9250000e+02;2.4650493e-01;1.9250000e+02;2.6417851e-01;1.9250000e+02;2.7407345e-01;1.9250000e+02;2.6802796e-01;1.9250000e+02;2.3831269e-01;1.9250000e+02;1.9399108e-01;1.9250000e+02;1.4036407e-01;1.9250000e+02;8.9374766e-02;1.9250000e+02;4.4944584e-02;1.9250000e+02;2.2709961e-03;1.9250000e+02;1.5723929e-02;1.9250000e+02;3.4759723e-02;1.9250000e+02;5.7990327e-02;1.9250000e+02;8.5741162e-02;1.9250000e+02;1.1528271e-01;1.9250000e+02;1.4789794e-01;1.9250000e+02;1.8702590e-01;1.9250000e+02;2.1964842e-01;1.9250000e+02;2.4650493e-01;1.9250000e+02;2.6417851e-01;1.9250000e+02;2.7407345e-01;1.9250000e+02;2.6802796e-01;1.9250000e+02;2.3831269e-01;1.9250000e+02;1.9399108e-01;1.9250000e+02;1.4036407e-01;1.9250000e+02;8.9374766e-02;1.9250000e+02;4.4944584e-02;1.9250000e+02;2.2709961e-03;1.9250000e+02;1.5723929e-02;1.9250000e+02;3.4759723e-02;1.9250000e+02;5.7990327e-02;1.9250000e+02;8.5741162e-02;1.9250000e+02;1.1528271e-01;1.9250000e+02;1.4789794e-01;1.9250000e+02;1.8702590e-01;1.9250000e+02;2.1964842e-01;1.9250000e+02;2.4650493e-01;1.9250000e+02;2.6417851e-01;1.9250000e+02;2.7407345e-01;1.9250000e+02;2.6802796e-01;1.9250000e+02;2.3831269e-01;1.9250000e+02;1.9399108e-01;1.9250000e+02;1.4036407e-01;1.9250000e+02;8.9374766e-02;1.9250000e+02;4.4944584e-02;1.9250000e+02;2.2709961e-03;1.9250000e+02;1.5723929e-02;1.9250000e+02;3.4759723e-02;1.9250000e+02;5.7990327e-02;1.9250000e+02;8.5741162e-02;1.9250000e+02;1.1528271e-01;1.9250000e+02;1.4789794e-01;1.9250000e+02;1.8702590e-01;1.9250000e+02;2.1964842e-01;1.9250000e+02;2.4650493e-01;1.9250000e+02;2.6417851e-01;1.9250000e+02;2.7407345e-01;1.9250000e+02;2.6802796e-01;1.9250000e+02;2.3831269e-01;1.9250000e+02;1.9399108e-01;1.9250000e+02;1.4036407e-01;1.9250000e+02;8.9374766e-02;1.9250000e+02;4.4944584e-02;1.9250000e+02;2.2709961e-03;1.9250000e+02;1.5723929e-02;1.9250000e+02;3.4759723e-02;1.9250000e+02;5.7990327e-02;1.9250000e+02;8.5741162e-02;1.9250000e+02;1.1528271e-01;1.9250000e+02;1.4789794e-01;1.9250000e+02;1.8702590e-01;1.9250000e+02;2.1964842e-01;1.9250000e+02;2.4650493e-01;1.9250000e+02;2.6417851e-01;1.9250000e+02;2.7407345e-01;1.9250000e+02;2.6802796e-01;1.9250000e+02;2.3831269e-01;1.9250000e+02;1.9399108e-01;1.9250000e+02;1.4036407e-01;1.9250000e+02;8.9374766e-02;1.9250000e+02;4.4944584e-02;1.9250000e+02;2.2709961e-03;1.9250000e+02;1.5723929e-02;1.9250000e+02;3.4759723e-02;1.9250000e+02;5.7990327e-02;1.9250000e+02;8.5741162e-02;1.9250000e+02;1.1528271e-01;1.9250000e+02;1.4789794e-01;1.9250000e+02;1.8702590e-01;1.9250000e+02;2.1964842e-01;1.9250000e+02;2.4650493e-01;1.9250000e+02;2.6417851e-01;1.9250000e+02;2.7407345e-01;1.9250000e+02;2.6802796e-01;1.9250000e+02;2.3831269e-01;1.9250000e+02;1.9399108e-01;1.9250000e+02;1.4036407e-01;1.9250000e+02;8.9374766e-02;1.9250000e+02;4.4944584e-02;1.9250000e+02;2.2709961e-03;1.9250000e+02;1.5723929e-02;1.9250000e+02;3.4759723e-02;1.9250000e+02;5.7990327e-02;1.9250000e+02;8.5741162e-02;1.9250000e+02;1.1528271e-01;1.9250000e+02;1.4789794e-01;1.9250000e+02;1.8702590e-01;1.9250000e+02;2.1964842e-01;1.9250000e+02;2.4650493e-01;1.9250000e+02;2.6417851e-01;1.9250000e+02;2.7407345e-01;1.9250000e+02;2.6802796e-01;1.9250000e+02;2.3831269e-01;1.9250000e+02;1.9399108e-01;1.9250000e+02;1.4036407e-01;1.9250000e+02;8.9374766e-02;1.9250000e+02;4.4944584e-02;1.9250000e+02;2.2709961e-03;1.9250000e+02;1.5723929e-02;1.9250000e+02;3.4759723e-02;1.9250000e+02;5.7990327e-02;1.9250000e+02;8.5741162e-02;1.9250000e+02;1.1528271e-01;1.9250000e+02;1.4789794e-01;1.9250000e+02;1.8702590e-01;1.9250000e+02;2.1964842e-01;1.9250000e+02;2.4650493e-01;1.9250000e+02;2.6417851e-01;1.9250000e+02;2.7407345e-01;1.9250000e+02;2.6802796e-01;1.9250000e+02;2.3831269e-01;1.9250000e+02;1.9399108e-01;1.9250000e+02;1.4036407e-01;1.9250000e+02;8.9374766e-02;1.9250000e+02;4.4944584e-02;1.9250000e+02;2.2709961e-03;1.9250000e+02;1.5723929e-02;1.9250000e+02;3.4759723e-02;1.9250000e+02;5.7990327e-02;1.9250000e+02;8.5741162e-02;1.9250000e+02;1.1528271e-01;1.9250000e+02;1.4789794e-01;1.9250000e+02;1.8702590e-01;1.9250000e+02;2.1964842e-01;1.9250000e+02;2.4650493e-01;1.9250000e+02;2.6417851e-01;1.9250000e+02;2.7407345e-01;1.9250000e+02;2.6802796e-01;1.9250000e+02;2.3831269e-01;1.9250000e+02;1.9399108e-01;1.9250000e+02;1.4036407e-01;1.9250000e+02;8.9374766e-02;1.9250000e+02;4.4944584e-02;1.9250000e+02;2.2709961e-03;1.9250000e+02;1.5723929e-02;1.9250000e+02;3.4759723e-02;1.9250000e+02;5.7990327e-02;1.9250000e+02;8.5741162e-02;1.9250000e+02;1.1528271e-01;1.9250000e+02;1.4789794e-01;1.9250000e+02;1.8702590e-01;1.9250000e+02;2.1964842e-01;1.9250000e+02;2.4650493e-01;1.9250000e+02;2.6417851e-01;1.9250000e+02;2.7407345e-01;1.9250000e+02;2.6802796e-01;1.9250000e+02;2.3831269e-01;1.9250000e+02;1.9399108e-01;1.9250000e+02;1.4036407e-01;1.9250000e+02;8.9374766e-02;1.9250000e+02;4.4944584e-02;1.9250000e+02;2.2709961e-03;1.9250000e+02;1.5723929e-02;1.9250000e+02;3.4759723e-02;1.9250000e+02;5.7990327e-02;1.9250000e+02;8.5741162e-02;1.9250000e+02;1.1528271e-01;1.9250000e+02;1.4789794e-01;1.9250000e+02;1.8702590e-01;1.9250000e+02;2.1964842e-01;1.9250000e+02;2.4650493e-01;1.9250000e+02;2.6417851e-01;1.9250000e+02;2.7407345e-01;1.9250000e+02;2.6802796e-01;1.9250000e+02;2.3831269e-01;1.9250000e+02;1.9399108e-01;1.9250000e+02;1.4036407e-01;1.9250000e+02;8.9374766e-02;1.9250000e+02;4.4944584e-02;1.9250000e+02;2.2709961e-03;1.9250000e+02;1.5723929e-02;1.9250000e+02;3.4759723e-02;1.9250000e+02;5.7990327e-02;1.9250000e+02;8.5741162e-02;1.9250000e+02;1.1528271e-01;1.9250000e+02;1.4789794e-01;1.9250000e+02;1.8702590e-01;1.9250000e+02;2.1964842e-01;1.9250000e+02;2.4650493e-01;1.9250000e+02;2.6417851e-01;1.9250000e+02;2.7407345e-01;1.9250000e+02;2.6802796e-01;1.9250000e+02;2.3831269e-01;1.9250000e+02;1.9399108e-01;1.9250000e+02;1.4036407e-01;1.9250000e+02;8.9374766e-02;1.9250000e+02;4.4944584e-02;1.9250000e+02;2.2709961e-03;1.9250000e+02;1.5723929e-02;1.9250000e+02;3.4759723e-02;1.9250000e+02;5.7990327e-02;1.9250000e+02;8.5741162e-02;1.9250000e+02;1.1528271e-01;1.9250000e+02;1.4789794e-01;1.9250000e+02;1.8702590e-01;1.9250000e+02;2.1964842e-01;1.9250000e+02;2.4650493e-01;1.9250000e+02;2.6417851e-01;1.9250000e+02;2.7407345e-01;1.9250000e+02;2.6802796e-01;1.9250000e+02;2.3831269e-01;1.9250000e+02;1.9399108e-01;1.9250000e+02;1.4036407e-01;1.9250000e+02;8.9374766e-02;1.9250000e+02;4.4944584e-02;1.9250000e+02;2.2709961e-03;1.9250000e+02;1.5723929e-02;1.9250000e+02;3.4759723e-02;1.9250000e+02;5.7990327e-02;1.9250000e+02;8.5741162e-02;1.9250000e+02;1.1528271e-01;1.9250000e+02;1.4789794e-01;1.9250000e+02;1.8702590e-01;1.9250000e+02;2.1964842e-01;1.9250000e+02;2.4650493e-01;1.9250000e+02;2.6417851e-01;1.9250000e+02;2.7407345e-01;1.9250000e+02;2.6802796e-01;1.9250000e+02;2.3831269e-01;1.9250000e+02;1.9399108e-01;1.9250000e+02;1.4036407e-01;1.9250000e+02;8.9374766e-02;1.9250000e+02;4.4944584e-02;1.9250000e+02;2.2709961e-03;1.9250000e+02;1.5723929e-02;1.9250000e+02;3.4759723e-02;1.9250000e+02;5.7990327e-02;1.9250000e+02;8.5741162e-02;1.9250000e+02;1.1528271e-01;1.9250000e+02;1.4789794e-01;1.9250000e+02;1.8702590e-01;1.9250000e+02;2.1964842e-01;1.9250000e+02;2.4650493e-01;1.9250000e+02;2.6417851e-01;1.9250000e+02;2.7407345e-01;1.9250000e+02;2.6802796e-01;1.9250000e+02;2.3831269e-01;1.9250000e+02;1.9399108e-01;1.9250000e+02;1.4036407e-01;1.9250000e+02;8.9374766e-02;1.9250000e+02;4.4944584e-02;1.9250000e+02;2.2709961e-03;1.9250000e+02;1.5723929e-02;1.9250000e+02;3.4759723e-02;1.9250000e+02;5.7990327e-02;1.9250000e+02;8.5741162e-02;1.9250000e+02;1.1528271e-01;1.9250000e+02;1.4789794e-01;1.9250000e+02;1.8702590e-01;1.9250000e+02;2.1964842e-01;1.9250000e+02;2.4650493e-01;1.9250000e+02;2.6417851e-01;1.9250000e+02;2.7407345e-01;1.9250000e+02;2.6802796e-01;1.9250000e+02;2.3831269e-01;1.9250000e+02;1.9399108e-01;1.9250000e+02;1.4036407e-01;1.9250000e+02;8.9374766e-02;1.9250000e+02;4.4944584e-02;1.9250000e+02;2.2709961e-03;1.9250000e+02;1.5723929e-02;1.9250000e+02;3.4759723e-02;1.9250000e+02;5.7990327e-02;1.9250000e+02;8.5741162e-02;1.9250000e+02;1.1528271e-01;1.9250000e+02;1.4789794e-01;1.9250000e+02;1.8702590e-01;1.9250000e+02;2.1964842e-01;1.9250000e+02;2.4650493e-01;1.9250000e+02;2.6417851e-01;1.9250000e+02;2.7407345e-01;1.9250000e+02;2.6802796e-01;1.9250000e+02;2.3831269e-01;1.9250000e+02;1.9399108e-01;1.9250000e+02;1.4036407e-01;1.9250000e+02;8.9374766e-02;1.9250000e+02;4.4944584e-02;1.9250000e+02;2.2709961e-03;1.9250000e+02;1.5723929e-02;1.9250000e+02;3.4759723e-02;1.9250000e+02;5.7990327e-02;1.9250000e+02;8.5741162e-02;1.9250000e+02;1.1528271e-01;1.9250000e+02;1.4789794e-01;1.9250000e+02;1.8702590e-01;1.9250000e+02;2.1964842e-01;1.9250000e+02;2.4650493e-01;1.9250000e+02;2.6417851e-01;1.9250000e+02;2.7407345e-01;1.9250000e+02;2.6802796e-01;1.9250000e+02;2.3831269e-01;1.9250000e+02;1.9399108e-01;1.9250000e+02;1.4036407e-01;1.9250000e+02;8.9374766e-02;1.9250000e+02;4.4944584e-02;1.9250000e+02;2.2709961e-03;1.9250000e+02;1.5723929e-02;1.9250000e+02;3.4759723e-02;1.9250000e+02;5.7990327e-02;1.9250000e+02;8.5741162e-02;1.9250000e+02;1.1528271e-01;1.9250000e+02;1.4789794e-01;1.9250000e+02;1.8702590e-01;1.9250000e+02;2.1964842e-01;1.9250000e+02;2.4650493e-01;1.9250000e+02;2.6417851e-01;1.9250000e+02;2.7407345e-01;1.9250000e+02;2.6802796e-01;1.9250000e+02;2.3831269e-01;1.9250000e+02;1.9399108e-01;1.9250000e+02;1.4036407e-01;1.9250000e+02;8.9374766e-02;1.9250000e+02;4.4944584e-02;1.9250000e+02;2.2709961e-03;1.9250000e+02;1.5723929e-02;1.9250000e+02;3.4759723e-02;1.9250000e+02;5.7990327e-02;1.9250000e+02;8.5741162e-02;1.9250000e+02;1.1528271e-01;1.9250000e+02;1.4789794e-01;1.9250000e+02;1.8702590e-01;1.9250000e+02;2.1964842e-01;1.9250000e+02;2.4650493e-01;1.9250000e+02;2.6417851e-01;1.9250000e+02;2.7407345e-01;1.9250000e+02;2.6802796e-01;1.9250000e+02;2.3831269e-01;1.9250000e+02;1.9399108e-01;1.9250000e+02;1.4036407e-01;1.9250000e+02;8.9374766e-02;1.9250000e+02;4.4944584e-02;1.9250000e+02;2.2709961e-03;1.9250000e+02;1.5723929e-02;1.9250000e+02;3.4759723e-02;1.9250000e+02;5.7990327e-02;1.9250000e+02;8.5741162e-02;1.9250000e+02;1.1528271e-01;1.9250000e+02;1.4789794e-01;1.9250000e+02;1.8702590e-01;1.9250000e+02;2.1964842e-01;1.9250000e+02;2.4650493e-01;1.9250000e+02;2.6417851e-01;1.9250000e+02;2.7407345e-01;1.9250000e+02;2.6802796e-01;1.9250000e+02;2.3831269e-01;1.9250000e+02;1.9399108e-01;1.9250000e+02;1.4036407e-01;1.9250000e+02;8.9374766e-02;1.9250000e+02;4.4944584e-02;1.9250000e+02;2.2709961e-03;1.9250000e+02;1.5723929e-02;1.9250000e+02;3.4759723e-02;1.9250000e+02;5.7990327e-02;1.9250000e+02;8.5741162e-02;1.9250000e+02;1.1528271e-01;1.9250000e+02;1.4789794e-01;1.9250000e+02;1.8702590e-01;1.9250000e+02;2.1964842e-01;1.9250000e+02;2.4650493e-01;1.9250000e+02;2.6417851e-01;1.9250000e+02;2.7407345e-01;1.9250000e+02;2.6802796e-01;1.9250000e+02;2.3831269e-01;1.9250000e+02;1.9399108e-01;1.9250000e+02;1.4036407e-01;1.9250000e+02;8.9374766e-02;1.9250000e+02;4.4944584e-02;1.9250000e+02;2.2709961e-03;1.9250000e+02;1.5723929e-02;1.9250000e+02;3.4759723e-02;1.9250000e+02;5.7990327e-02;1.9250000e+02;8.5741162e-02;1.9250000e+02;1.1528271e-01;1.9250000e+02;1.4789794e-01;1.9250000e+02;1.8702590e-01;1.9250000e+02;2.1964842e-01;1.9250000e+02;2.4650493e-01;1.9250000e+02;2.6417851e-01;1.9250000e+02;2.7407345e-01;1.9250000e+02;2.6802796e-01;1.9250000e+02;2.3831269e-01;1.9250000e+02;1.9399108e-01;1.9250000e+02;1.4036407e-01;1.9250000e+02;8.9374766e-02;1.9250000e+02;4.4944584e-02;1.9250000e+02;2.2709961e-03;1.9250000e+02;1.5723929e-02;1.9250000e+02;3.4759723e-02;1.9250000e+02;5.7990327e-02;1.9250000e+02;8.5741162e-02;1.9250000e+02;1.1528271e-01;1.9250000e+02;1.4789794e-01;1.9250000e+02;1.8702590e-01;1.9250000e+02;2.1964842e-01;1.9250000e+02;2.4650493e-01;1.9250000e+02;2.6417851e-01;1.9250000e+02;2.7407345e-01;1.9250000e+02;2.6802796e-01;1.9250000e+02;2.3831269e-01;1.9250000e+02;1.9399108e-01;1.9250000e+02;1.4036407e-01;1.9250000e+02;8.9374766e-02;1.9250000e+02;4.4944584e-02;1.9250000e+02;2.2709961e-03;1.9250000e+02;1.5723929e-02;1.9250000e+02;3.4759723e-02;1.9250000e+02;5.7990327e-02;1.9250000e+02;8.5741162e-02;1.9250000e+02;1.1528271e-01;1.9250000e+02;1.4789794e-01;1.9250000e+02;1.8702590e-01;1.9250000e+02;2.1964842e-01;1.9250000e+02;2.4650493e-01;1.9250000e+02;2.6417851e-01;1.9250000e+02;2.7407345e-01;1.9250000e+02;2.6802796e-01;1.9250000e+02;2.3831269e-01;1.9250000e+02;1.9399108e-01;1.9250000e+02;1.4036407e-01;1.9250000e+02;8.9374766e-02;1.9250000e+02;4.4944584e-02;1.9250000e+02;2.2709961e-03;1.9250000e+02;1.5723929e-02;1.9250000e+02;3.4759723e-02;1.9250000e+02;5.7990327e-02;1.9250000e+02;8.5741162e-02;1.9250000e+02;1.1528271e-01;1.9250000e+02;1.4789794e-01;1.9250000e+02;1.8702590e-01;1.9250000e+02;2.1964842e-01;1.9250000e+02;2.4650493e-01;1.9250000e+02;2.6417851e-01;1.9250000e+02;2.7407345e-01;1.9250000e+02;2.6802796e-01;1.9250000e+02;2.3831269e-01;1.9250000e+02;1.9399108e-01;1.9250000e+02;1.4036407e-01;1.9250000e+02;8.9374766e-02;1.9250000e+02;4.4944584e-02;1.9250000e+02;2.2709961e-03;1.9250000e+02;1.5723929e-02;1.9250000e+02;3.4759723e-02;1.9250000e+02;5.7990327e-02;1.9250000e+02;8.5741162e-02;1.9250000e+02;1.1528271e-01;1.9250000e+02;1.4789794e-01;1.9250000e+02;1.8702590e-01;1.9250000e+02;2.1964842e-01;1.9250000e+02;2.4650493e-01;1.9250000e+02;2.6417851e-01;1.9250000e+02;2.7407345e-01;1.9250000e+02;2.6802796e-01;1.9250000e+02;2.3831269e-01;1.9250000e+02;1.9399108e-01;1.9250000e+02;1.4036407e-01;1.9250000e+02;8.9374766e-02;1.9250000e+02;4.4944584e-02;1.9250000e+02;2.2709961e-03;1.9250000e+02;1.5723929e-02;1.9250000e+02;3.4759723e-02;1.9250000e+02;5.7990327e-02;1.9250000e+02;8.5741162e-02;1.9250000e+02;1.1528271e-01;1.9250000e+02;1.4789794e-01;1.9250000e+02;1.8702590e-01;1.9250000e+02;2.1964842e-01;1.9250000e+02;2.4650493e-01;1.9250000e+02;2.6417851e-01;1.9250000e+02;2.7407345e-01;1.9250000e+02;2.6802796e-01;1.9250000e+02;2.3831269e-01;1.9250000e+02;1.9399108e-01;1.9250000e+02;1.4036407e-01;1.9250000e+02;8.9374766e-02;1.9250000e+02;4.4944584e-02;1.9250000e+02;2.2709961e-03;1.9250000e+02;1.5723929e-02;1.9250000e+02;3.4759723e-02;1.9250000e+02;5.7990327e-02;1.9250000e+02;8.5741162e-02;1.9250000e+02;1.1528271e-01;1.9250000e+02;1.4789794e-01;1.9250000e+02;1.8702590e-01;1.9250000e+02;2.1964842e-01;1.9250000e+02;2.4650493e-01;1.9250000e+02;2.6417851e-01;1.9250000e+02;2.7407345e-01;1.9250000e+02;2.6802796e-01;1.9250000e+02;2.3831269e-01;1.9250000e+02;1.9399108e-01;1.9250000e+02;1.4036407e-01;1.9250000e+02;8.9374766e-02;1.9250000e+02;4.4944584e-02;1.9250000e+02;2.2709961e-03;1.9250000e+02;1.5723929e-02;1.9250000e+02;3.4759723e-02;1.9250000e+02;5.7990327e-02;1.9250000e+02;8.5741162e-02;1.9250000e+02;1.1528271e-01;1.9250000e+02;1.4789794e-01;1.9250000e+02;1.8702590e-01;1.9250000e+02;2.1964842e-01;1.9250000e+02;2.4650493e-01;1.9250000e+02;2.6417851e-01;1.9250000e+02;2.7407345e-01;1.9250000e+02;2.6802796e-01;1.9250000e+02;2.3831269e-01;1.9250000e+02;1.9399108e-01;1.9250000e+02;1.4036407e-01;1.9250000e+02;8.9374766e-02;1.9250000e+02;4.4944584e-02;1.9250000e+02;2.2709961e-03;1.9250000e+02;1.5723929e-02;1.9250000e+02;3.4759723e-02;1.9250000e+02;5.7990327e-02;1.9250000e+02;8.5741162e-02;1.9250000e+02;1.1528271e-01;1.9250000e+02;1.4789794e-01;1.9250000e+02;1.8702590e-01;1.9250000e+02;2.1964842e-01;1.9250000e+02;2.4650493e-01;1.9250000e+02;2.6417851e-01;1.9250000e+02;2.7407345e-01;1.9250000e+02;2.6802796e-01;1.9250000e+02;2.3831269e-01;1.9250000e+02;1.9399108e-01;1.9250000e+02;1.4036407e-01;1.9250000e+02;8.9374766e-02;1.9250000e+02;4.4944584e-02;1.9250000e+02;2.2709961e-03;1.9250000e+02;1.5723929e-02;1.9250000e+02;3.4759723e-02;1.9250000e+02;5.7990327e-02;1.9250000e+02;8.5741162e-02;1.9250000e+02;1.1528271e-01;1.9250000e+02;1.4789794e-01;1.9250000e+02;1.8702590e-01;1.9250000e+02;2.1964842e-01;1.9250000e+02;2.4650493e-01;1.9250000e+02;2.6417851e-01;1.9250000e+02;2.7407345e-01;1.9250000e+02;2.6802796e-01;1.9250000e+02;2.3831269e-01;1.9250000e+02;1.9399108e-01;1.9250000e+02;1.4036407e-01;1.9250000e+02;8.9374766e-02;1.9250000e+02;4.4944584e-02;1.9250000e+02;2.2709961e-03;1.9250000e+02;1.5723929e-02;1.9250000e+02;3.4759723e-02;1.9250000e+02;5.7990327e-02;1.9250000e+02;8.5741162e-02;1.9250000e+02;1.1528271e-01;1.9250000e+02;1.4789794e-01;1.9250000e+02;1.8702590e-01;1.9250000e+02;2.1964842e-01;1.9250000e+02;2.4650493e-01;1.9250000e+02;2.6417851e-01;1.9250000e+02;2.7407345e-01;1.9250000e+02;2.6802796e-01;1.9250000e+02;2.3831269e-01;1.9250000e+02;1.9399108e-01;1.9250000e+02;1.4036407e-01;1.9250000e+02;8.9374766e-02;1.9250000e+02;4.4944584e-02;1.9250000e+02;2.2709961e-03;1.9250000e+02;1.5723929e-02;1.9250000e+02;3.4759723e-02;1.9250000e+02;5.7990327e-02;1.9250000e+02;8.5741162e-02;1.9250000e+02;1.1528271e-01;1.9250000e+02;1.4789794e-01;1.9250000e+02;1.8702590e-01;1.9250000e+02;2.1964842e-01;1.9250000e+02;2.4650493e-01;1.9250000e+02;2.6417851e-01;1.9250000e+02;2.7407345e-01;1.9250000e+02;2.6802796e-01;1.9250000e+02;2.3831269e-01;1.9250000e+02;1.9399108e-01;1.9250000e+02;1.4036407e-01;1.9250000e+02;8.9374766e-02;1.9250000e+02;4.4944584e-02;1.9250000e+02;2.2709961e-03;1.9250000e+02;1.5723929e-02;1.9250000e+02;3.4759723e-02;1.9250000e+02;5.7990327e-02;1.9250000e+02;8.5741162e-02;1.9250000e+02;1.1528271e-01;1.9250000e+02;1.4789794e-01;1.9250000e+02;1.8702590e-01;1.9250000e+02;2.1964842e-01;1.9250000e+02;2.4650493e-01;1.9250000e+02;2.6417851e-01;1.9250000e+02;2.7407345e-01;1.9250000e+02;2.6802796e-01;1.9250000e+02;2.3831269e-01;1.9250000e+02;1.9399108e-01;1.9250000e+02;1.4036407e-01;1.9250000e+02;8.9374766e-02;1.9250000e+02;4.4944584e-02;1.9250000e+02;2.2709961e-03;1.9250000e+02;1.5723929e-02;1.9250000e+02;3.4759723e-02;1.9250000e+02;5.7990327e-02;1.9250000e+02;8.5741162e-02;1.9250000e+02;1.1528271e-01;1.9250000e+02;1.4789794e-01;1.9250000e+02;1.8702590e-01;1.9250000e+02;2.1964842e-01;1.9250000e+02;2.4650493e-01;1.9250000e+02;2.6417851e-01;1.9250000e+02;2.7407345e-01;1.9250000e+02;2.6802796e-01;1.9250000e+02;2.3831269e-01;1.9250000e+02;1.9399108e-01;1.9250000e+02;1.4036407e-01;1.9250000e+02;8.9374766e-02;1.9250000e+02;4.4944584e-02;1.9250000e+02;2.2709961e-03;1.9250000e+02;1.5723929e-02;1.9250000e+02;3.4759723e-02;1.9250000e+02;5.7990327e-02;1.9250000e+02;8.5741162e-02;1.9250000e+02;1.1528271e-01;1.9250000e+02;1.4789794e-01;1.9250000e+02;1.8702590e-01;1.9250000e+02;2.1964842e-01;1.9250000e+02;2.4650493e-01;1.9250000e+02;2.6417851e-01;1.9250000e+02;2.7407345e-01;1.9250000e+02;2.6802796e-01;1.9250000e+02;2.3831269e-01;1.9250000e+02;1.9399108e-01;1.9250000e+02;1.4036407e-01;1.9250000e+02;8.9374766e-02;1.9250000e+02;4.4944584e-02;1.9250000e+02;2.2709961e-03;1.9250000e+02;1.5723929e-02;1.9250000e+02;3.4759723e-02;1.9250000e+02;5.7990327e-02;1.9250000e+02;8.5741162e-02;1.9250000e+02;1.1528271e-01;1.9250000e+02;1.4789794e-01;1.9250000e+02;1.8702590e-01;1.9250000e+02;2.1964842e-01;1.9250000e+02;2.4650493e-01;1.9250000e+02;2.6417851e-01;1.9250000e+02;2.7407345e-01;1.9250000e+02;2.6802796e-01;1.9250000e+02;2.3831269e-01;1.9250000e+02;1.9399108e-01;1.9250000e+02;1.4036407e-01;1.9250000e+02;8.9374766e-02;1.9250000e+02;4.4944584e-02;1.9250000e+02;2.2709961e-03;1.9250000e+02;1.5723929e-02;1.9250000e+02;3.4759723e-02;1.9250000e+02;5.7990327e-02;1.9250000e+02;8.5741162e-02;1.9250000e+02;1.1528271e-01;1.9250000e+02;1.4789794e-01;1.9250000e+02;1.8702590e-01;1.9250000e+02;2.1964842e-01;1.9250000e+02;2.4650493e-01;1.9250000e+02;2.6417851e-01;1.9250000e+02;2.7407345e-01;1.9250000e+02;2.6802796e-01;1.9250000e+02;2.3831269e-01;1.9250000e+02;1.9399108e-01;1.9250000e+02;1.4036407e-01;1.9250000e+02;8.9374766e-02;1.9250000e+02;4.4944584e-02;1.9250000e+02;2.2709961e-03;1.9250000e+02;1.5723929e-02;1.9250000e+02;3.4759723e-02;1.9250000e+02;5.7990327e-02;1.9250000e+02;8.5741162e-02;1.9250000e+02;1.1528271e-01;1.9250000e+02;1.4789794e-01;1.9250000e+02;1.8702590e-01;1.9250000e+02;2.1964842e-01;1.9250000e+02;2.4650493e-01;1.9250000e+02;2.6417851e-01;1.9250000e+02;2.7407345e-01;1.9250000e+02;2.6802796e-01;1.9250000e+02;2.3831269e-01;1.9250000e+02;1.9399108e-01;1.9250000e+02;1.4036407e-01;1.9250000e+02;8.9374766e-02;1.9250000e+02;4.4944584e-02;1.9250000e+02;2.2709961e-03;1.9250000e+02;1.5723929e-02;1.9250000e+02;3.4759723e-02;1.9250000e+02;5.7990327e-02;1.9250000e+02;8.5741162e-02;1.9250000e+02;1.1528271e-01;1.9250000e+02;1.4789794e-01;1.9250000e+02;1.8702590e-01;1.9250000e+02;2.1964842e-01;1.9250000e+02;2.4650493e-01;1.9250000e+02;2.6417851e-01;1.9250000e+02;2.7407345e-01;1.9250000e+02;2.6802796e-01;1.9250000e+02;2.3831269e-01;1.9250000e+02;1.9399108e-01;1.9250000e+02;1.4036407e-01;1.9250000e+02;8.9374766e-02;1.9250000e+02;4.4944584e-02;1.9250000e+02;2.2709961e-03;1.9250000e+02;1.5723929e-02;1.9250000e+02;3.4759723e-02;1.9250000e+02;5.7990327e-02;1.9250000e+02;8.5741162e-02;1.9250000e+02;1.1528271e-01;1.9250000e+02;1.4789794e-01;1.9250000e+02;1.8702590e-01;1.9250000e+02;2.1964842e-01;1.9250000e+02;2.4650493e-01;1.9250000e+02;2.6417851e-01;1.9250000e+02;2.7407345e-01;1.9250000e+02;2.6802796e-01;1.9250000e+02;2.3831269e-01;1.9250000e+02;1.9399108e-01;1.9250000e+02;1.4036407e-01;1.9250000e+02;8.9374766e-02;1.9250000e+02;4.4944584e-02;1.9250000e+02;2.2709961e-03;1.9250000e+02;1.5723929e-02;1.9250000e+02;3.4759723e-02;1.9250000e+02;5.7990327e-02;1.9250000e+02;8.5741162e-02;1.9250000e+02;1.1528271e-01;1.9250000e+02;1.4789794e-01;1.9250000e+02;1.8702590e-01;1.9250000e+02;2.1964842e-01;1.9250000e+02;2.4650493e-01;1.9250000e+02;2.6417851e-01;1.9250000e+02;2.7407345e-01;1.9250000e+02;2.6802796e-01;1.9250000e+02;2.3831269e-01;1.9250000e+02;1.9399108e-01;1.9250000e+02;1.4036407e-01;1.9250000e+02;8.9374766e-02;1.9250000e+02;4.4944584e-02;1.9250000e+02;2.2709961e-03;1.9250000e+02;1.5723929e-02;1.9250000e+02;3.4759723e-02;1.9250000e+02;5.7990327e-02;1.9250000e+02;8.5741162e-02;1.9250000e+02;1.1528271e-01;1.9250000e+02;1.4789794e-01;1.9250000e+02;1.8702590e-01;1.9250000e+02;2.1964842e-01;1.9250000e+02;2.4650493e-01;1.9250000e+02;2.6417851e-01;1.9250000e+02;2.7407345e-01;1.9250000e+02;2.6802796e-01;1.9250000e+02;2.3831269e-01;1.9250000e+02;1.9399108e-01;1.9250000e+02;1.4036407e-01;1.9250000e+02;8.9374766e-02;1.9250000e+02;4.4944584e-02;1.9250000e+02;2.2709961e-03;1.9250000e+02;1.5723929e-02;1.9250000e+02;3.4759723e-02;1.9250000e+02;5.7990327e-02;1.9250000e+02;8.5741162e-02;1.9250000e+02;1.1528271e-01;1.9250000e+02;1.4789794e-01;1.9250000e+02;1.8702590e-01;1.9250000e+02;2.1964842e-01;1.9250000e+02;2.4650493e-01;1.9250000e+02;2.6417851e-01;1.9250000e+02;2.7407345e-01;1.9250000e+02;2.6802796e-01;1.9250000e+02;2.3831269e-01;1.9250000e+02;1.9399108e-01;1.9250000e+02;1.4036407e-01;1.9250000e+02;8.9374766e-02;1.9250000e+02;4.4944584e-02;1.9250000e+02;2.2709961e-03;1.9250000e+02;1.5723929e-02;1.9250000e+02;3.4759723e-02;1.9250000e+02;5.7990327e-02;1.9250000e+02;8.5741162e-02;1.9250000e+02;1.1528271e-01;1.9250000e+02;1.4789794e-01;1.9250000e+02;1.8702590e-01;1.9250000e+02;2.1964842e-01;1.9250000e+02;2.4650493e-01;1.9250000e+02;2.6417851e-01;1.9250000e+02;2.7407345e-01;1.9250000e+02;2.6802796e-01;1.9250000e+02;2.3831269e-01;1.9250000e+02;1.9399108e-01;1.9250000e+02;1.4036407e-01;1.9250000e+02;8.9374766e-02;1.9250000e+02;4.4944584e-02;1.9250000e+02;2.2709961e-03;1.9250000e+02;1.5723929e-02;1.9250000e+02;3.4759723e-02;1.9250000e+02;5.7990327e-02;1.9250000e+02;8.5741162e-02;1.9250000e+02;1.1528271e-01;1.9250000e+02;1.4789794e-01;1.9250000e+02;1.8702590e-01;1.9250000e+02;2.1964842e-01;1.9250000e+02;2.4650493e-01;1.9250000e+02;2.6417851e-01;1.9250000e+02;2.7407345e-01;1.9250000e+02;2.6802796e-01;1.9250000e+02;2.3831269e-01;1.9250000e+02;1.9399108e-01;1.9250000e+02;1.4036407e-01;1.9250000e+02;8.9374766e-02;1.9250000e+02;4.4944584e-02;1.9250000e+02;2.2709961e-03;1.9250000e+02;1.5723929e-02;1.9250000e+02;3.4759723e-02;1.9250000e+02;5.7990327e-02;1.9250000e+02;8.5741162e-02;1.9250000e+02;1.1528271e-01;1.9250000e+02;1.4789794e-01;1.9250000e+02;1.8702590e-01;1.9250000e+02;2.1964842e-01;1.9250000e+02;2.4650493e-01;1.9250000e+02;2.6417851e-01;1.9250000e+02;2.7407345e-01;1.9250000e+02;2.6802796e-01;1.9250000e+02;2.3831269e-01;1.9250000e+02;1.9399108e-01;1.9250000e+02;1.4036407e-01;1.9250000e+02;8.9374766e-02;1.9250000e+02;4.4944584e-02;1.9250000e+02;2.2709961e-03;1.9250000e+02;1.5723929e-02;1.9250000e+02;3.4759723e-02;1.9250000e+02;5.7990327e-02;1.9250000e+02;8.5741162e-02;1.9250000e+02;1.1528271e-01;1.9250000e+02;1.4789794e-01;1.9250000e+02;1.8702590e-01;1.9250000e+02;2.1964842e-01;1.9250000e+02;2.4650493e-01;1.9250000e+02;2.6417851e-01;1.9250000e+02;2.7407345e-01;1.9250000e+02;2.6802796e-01;1.9250000e+02;2.3831269e-01;1.9250000e+02;1.9399108e-01;1.9250000e+02;1.4036407e-01;1.9250000e+02;8.9374766e-02;1.9250000e+02;4.4944584e-02;1.9250000e+02;2.2709961e-03;1.9250000e+02;1.5723929e-02;1.9250000e+02;3.4759723e-02;1.9250000e+02;5.7990327e-02;1.9250000e+02;8.5741162e-02;1.9250000e+02;1.1528271e-01;1.9250000e+02;1.4789794e-01;1.9250000e+02;1.8702590e-01;1.9250000e+02;2.1964842e-01;1.9250000e+02;2.4650493e-01;1.9250000e+02;2.6417851e-01;1.9250000e+02;2.7407345e-01;1.9250000e+02;2.6802796e-01;1.9250000e+02;2.3831269e-01;1.9250000e+02;1.9399108e-01;1.9250000e+02;1.4036407e-01;1.9250000e+02;8.9374766e-02;1.9250000e+02;4.4944584e-02;1.9250000e+02;2.2709961e-03;1.9250000e+02;1.5723929e-02;1.9250000e+02;3.4759723e-02;1.9250000e+02;5.7990327e-02;1.9250000e+02;8.5741162e-02;1.9250000e+02;1.1528271e-01;1.9250000e+02;1.4789794e-01;1.9250000e+02;1.8702590e-01;1.9250000e+02;2.1964842e-01;1.9250000e+02;2.4650493e-01;1.9250000e+02;2.6417851e-01;1.9250000e+02;2.7407345e-01;1.9250000e+02;2.6802796e-01;1.9250000e+02;2.3831269e-01;1.9250000e+02;1.9399108e-01;1.9250000e+02;1.4036407e-01;1.9250000e+02;8.9374766e-02;1.9250000e+02;4.4944584e-02;1.9250000e+02;2.2709961e-03;1.9250000e+02;1.5723929e-02;1.9250000e+02;3.4759723e-02;1.9250000e+02;5.7990327e-02;1.9250000e+02;8.5741162e-02;1.9250000e+02;1.1528271e-01;1.9250000e+02;1.4789794e-01;1.9250000e+02;1.8702590e-01;1.9250000e+02;2.1964842e-01;1.9250000e+02;2.4650493e-01;1.9250000e+02;2.6417851e-01;1.9250000e+02;2.7407345e-01;1.9250000e+02;2.6802796e-01;1.9250000e+02;2.3831269e-01;1.9250000e+02;1.9399108e-01;1.9250000e+02;1.4036407e-01;1.9250000e+02;8.9374766e-02;1.9250000e+02;4.4944584e-02;1.9250000e+02;2.2709961e-03;1.9250000e+02;1.5723929e-02;1.9250000e+02;3.4759723e-02;1.9250000e+02;5.7990327e-02;1.9250000e+02;8.5741162e-02;1.9250000e+02;1.1528271e-01;1.9250000e+02;1.4789794e-01;1.9250000e+02;1.8702590e-01;1.9250000e+02;2.1964842e-01;1.9250000e+02;2.4650493e-01;1.9250000e+02;2.6417851e-01;1.9250000e+02;2.7407345e-01;1.9250000e+02;2.6802796e-01;1.9250000e+02;2.3831269e-01;1.9250000e+02;1.9399108e-01;1.9250000e+02;1.4036407e-01;1.9250000e+02;8.9374766e-02;1.9250000e+02;4.4944584e-02;1.9250000e+02;2.2709961e-03;1.9250000e+02;1.5723929e-02;1.9250000e+02;3.4759723e-02;1.9250000e+02;5.7990327e-02;1.9250000e+02;8.5741162e-02;1.9250000e+02;1.1528271e-01;1.9250000e+02;1.4789794e-01;1.9250000e+02;1.8702590e-01;1.9250000e+02;2.1964842e-01;1.9250000e+02;2.4650493e-01;1.9250000e+02;2.6417851e-01;1.9250000e+02;2.7407345e-01;1.9250000e+02;2.6802796e-01;1.9250000e+02;2.3831269e-01;1.9250000e+02;1.9399108e-01;1.9250000e+02;1.4036407e-01;1.9250000e+02;8.9374766e-02;1.9250000e+02;4.4944584e-02;1.9250000e+02;2.2709961e-03;1.9250000e+02;1.5723929e-02;1.9250000e+02;3.4759723e-02;1.9250000e+02;5.7990327e-02;1.9250000e+02;8.5741162e-02;1.9250000e+02;1.1528271e-01;1.9250000e+02;1.4789794e-01;1.9250000e+02;1.8702590e-01;1.9250000e+02;2.1964842e-01;1.9250000e+02;2.4650493e-01;1.9250000e+02;2.6417851e-01;1.9250000e+02;2.7407345e-01;1.9250000e+02;2.6802796e-01;1.9250000e+02;2.3831269e-01;1.9250000e+02;1.9399108e-01;1.9250000e+02;1.4036407e-01;1.9250000e+02;8.9374766e-02;1.9250000e+02;4.4944584e-02;1.9250000e+02;2.2709961e-03;1.9250000e+02;1.5723929e-02;1.9250000e+02;3.4759723e-02;1.9250000e+02;5.7990327e-02;1.9250000e+02;8.5741162e-02;1.9250000e+02;1.1528271e-01;1.9250000e+02;1.4789794e-01;1.9250000e+02;1.8702590e-01;1.9250000e+02;2.1964842e-01;1.9250000e+02;2.4650493e-01;1.9250000e+02;2.6417851e-01;1.9250000e+02;2.7407345e-01;1.9250000e+02;2.6802796e-01;1.9250000e+02;2.3831269e-01;1.9250000e+02;1.9399108e-01;1.9250000e+02;1.4036407e-01;1.9250000e+02;8.9374766e-02;1.9250000e+02;4.4944584e-02;1.9250000e+02;2.2709961e-03;1.9250000e+02;1.5723929e-02;1.9250000e+02;3.4759723e-02;1.9250000e+02;5.7990327e-02;1.9250000e+02;8.5741162e-02;1.9250000e+02;1.1528271e-01;1.9250000e+02;1.4789794e-01;1.9250000e+02;1.8702590e-01;1.9250000e+02;2.1964842e-01;1.9250000e+02;2.4650493e-01;1.9250000e+02;2.6417851e-01;1.9250000e+02;2.7407345e-01;1.9250000e+02;2.6802796e-01;1.9250000e+02;2.3831269e-01;1.9250000e+02;1.9399108e-01;1.9250000e+02;1.4036407e-01;1.9250000e+02;8.9374766e-02;1.9250000e+02;4.4944584e-02;1.9250000e+02;2.2709961e-03;1.9250000e+02;1.5723929e-02;1.9250000e+02;3.4759723e-02;1.9250000e+02;5.7990327e-02;1.9250000e+02;8.5741162e-02;1.9250000e+02;1.1528271e-01;1.9250000e+02;1.4789794e-01;1.9250000e+02;1.8702590e-01;1.9250000e+02;2.1964842e-01;1.9250000e+02;2.4650493e-01;1.9250000e+02;2.6417851e-01;1.9250000e+02;2.7407345e-01;1.9250000e+02;2.6802796e-01;1.9250000e+02;2.3831269e-01;1.9250000e+02;1.9399108e-01;1.9250000e+02;1.4036407e-01;1.9250000e+02;8.9374766e-02;1.9250000e+02;4.4944584e-02;1.9250000e+02;2.2709961e-03;1.9250000e+02;1.5723929e-02;1.9250000e+02;3.4759723e-02;1.9250000e+02;5.7990327e-02;1.9250000e+02;8.5741162e-02;1.9250000e+02;1.1528271e-01;1.9250000e+02;1.4789794e-01;1.9250000e+02;1.8702590e-01;1.9250000e+02;2.1964842e-01;1.9250000e+02;2.4650493e-01;1.9250000e+02;2.6417851e-01;1.9250000e+02;2.7407345e-01;1.9250000e+02;2.6802796e-01;1.9250000e+02;2.3831269e-01;1.9250000e+02;1.9399108e-01;1.9250000e+02;1.4036407e-01;1.9250000e+02;8.9374766e-02;1.9250000e+02;4.4944584e-02;1.9250000e+02;2.2709961e-03;1.9250000e+02;1.5723929e-02;1.9250000e+02;3.4759723e-02;1.9250000e+02;5.7990327e-02;1.9250000e+02;8.5741162e-02;1.9250000e+02;1.1528271e-01;1.9250000e+02;1.4789794e-01;1.9250000e+02;1.8702590e-01;1.9250000e+02;2.1964842e-01;1.9250000e+02;2.4650493e-01;1.9250000e+02;2.6417851e-01;1.9250000e+02;2.7407345e-01;1.9250000e+02;2.6802796e-01;1.9250000e+02;2.3831269e-01;1.9250000e+02;1.9399108e-01;1.9250000e+02;1.4036407e-01;1.9250000e+02;8.9374766e-02;1.9250000e+02;4.4944584e-02;1.9250000e+02;2.2709961e-03;1.9250000e+02;1.5723929e-02;1.9250000e+02;3.4759723e-02;1.9250000e+02;5.7990327e-02;1.9250000e+02;8.5741162e-02;1.9250000e+02;1.1528271e-01;1.9250000e+02;1.4789794e-01;1.9250000e+02;1.8702590e-01;1.9250000e+02;2.1964842e-01;1.9250000e+02;2.4650493e-01;1.9250000e+02;2.6417851e-01;1.9250000e+02;2.7407345e-01;1.9250000e+02;2.6802796e-01;1.9250000e+02;2.3831269e-01;1.9250000e+02;1.9399108e-01;1.9250000e+02;1.4036407e-01;1.9250000e+02;8.9374766e-02;1.9250000e+02;4.4944584e-02;1.9250000e+02;2.2709961e-03;1.9250000e+02;1.5723929e-02;1.9250000e+02;3.4759723e-02;1.9250000e+02;5.7990327e-02;1.9250000e+02;8.5741162e-02;1.9250000e+02;1.1528271e-01;1.9250000e+02;1.4789794e-01;1.9250000e+02;1.8702590e-01;1.9250000e+02;2.1964842e-01;1.9250000e+02;2.4650493e-01;1.9250000e+02;2.6417851e-01;1.9250000e+02;2.7407345e-01;1.9250000e+02;2.6802796e-01;1.9250000e+02;2.3831269e-01;1.9250000e+02;1.9399108e-01;1.9250000e+02;1.4036407e-01;1.9250000e+02;8.9374766e-02;1.9250000e+02;4.4944584e-02;1.9250000e+02;2.2709961e-03;1.9250000e+02;1.5723929e-02;1.9250000e+02;3.4759723e-02;1.9250000e+02;5.7990327e-02;1.9250000e+02;8.5741162e-02;1.9250000e+02;1.1528271e-01;1.9250000e+02;1.4789794e-01;1.9250000e+02;1.8702590e-01;1.9250000e+02;2.1964842e-01;1.9250000e+02;2.4650493e-01;1.9250000e+02;2.6417851e-01;1.9250000e+02;2.7407345e-01;1.9250000e+02;2.6802796e-01;1.9250000e+02;2.3831269e-01;1.9250000e+02;1.9399108e-01;1.9250000e+02;1.4036407e-01;1.9250000e+02;8.9374766e-02;1.9250000e+02;4.4944584e-02;1.9250000e+02;2.2709961e-03;1.9250000e+02;1.5723929e-02;1.9250000e+02;3.4759723e-02;1.9250000e+02;5.7990327e-02;1.9250000e+02;8.5741162e-02;1.9250000e+02;1.1528271e-01;1.9250000e+02;1.4789794e-01;1.9250000e+02;1.8702590e-01;1.9250000e+02;2.1964842e-01;1.9250000e+02;2.4650493e-01;1.9250000e+02;2.6417851e-01;1.9250000e+02;2.7407345e-01;1.9250000e+02;2.6802796e-01;1.9250000e+02;2.3831269e-01;1.9250000e+02;1.9399108e-01;1.9250000e+02;1.4036407e-01;1.9250000e+02;8.9374766e-02;1.9250000e+02;4.4944584e-02;1.9250000e+02;2.2709961e-03;1.9250000e+02;1.5723929e-02;1.9250000e+02;3.4759723e-02;1.9250000e+02;5.7990327e-02;1.9250000e+02;8.5741162e-02;1.9250000e+02;1.1528271e-01;1.9250000e+02;1.4789794e-01;1.9250000e+02;1.8702590e-01;1.9250000e+02;2.1964842e-01;1.9250000e+02;2.4650493e-01;1.9250000e+02;2.6417851e-01;1.9250000e+02;2.7407345e-01;1.9250000e+02;2.6802796e-01;1.9250000e+02;2.3831269e-01;1.9250000e+02;1.9399108e-01;1.9250000e+02;1.4036407e-01;1.9250000e+02;8.9374766e-02;1.9250000e+02;4.4944584e-02;1.9250000e+02;2.2709961e-03;1.9250000e+02;1.5723929e-02;1.9250000e+02;3.4759723e-02;1.9250000e+02;5.7990327e-02;1.9250000e+02;8.5741162e-02;1.9250000e+02;1.1528271e-01;1.9250000e+02;1.4789794e-01;1.9250000e+02;1.8702590e-01;1.9250000e+02;2.1964842e-01;1.9250000e+02;2.4650493e-01;1.9250000e+02;2.6417851e-01;1.9250000e+02;2.7407345e-01;1.9250000e+02;2.6802796e-01;1.9250000e+02;2.3831269e-01;1.9250000e+02;1.9399108e-01;1.9250000e+02;1.4036407e-01;1.9250000e+02;8.9374766e-02;1.9250000e+02;4.4944584e-02;1.9250000e+02;2.2709961e-03;1.9250000e+02;1.5723929e-02;1.9250000e+02;3.4759723e-02;1.9250000e+02;5.7990327e-02;1.9250000e+02;8.5741162e-02;1.9250000e+02;1.1528271e-01;1.9250000e+02;1.4789794e-01;1.9250000e+02;1.8702590e-01;1.9250000e+02;2.1964842e-01;1.9250000e+02;2.4650493e-01;1.9250000e+02;2.6417851e-01;1.9250000e+02;2.7407345e-01;1.9250000e+02;2.6802796e-01;1.9250000e+02;2.3831269e-01;1.9250000e+02;1.9399108e-01;1.9250000e+02;1.4036407e-01;1.9250000e+02;8.9374766e-02;1.9250000e+02;4.4944584e-02;1.9250000e+02;2.2709961e-03;1.9250000e+02;1.5723929e-02;1.9250000e+02;3.4759723e-02;1.9250000e+02;5.7990327e-02;1.9250000e+02;8.5741162e-02;1.9250000e+02;1.1528271e-01;1.9250000e+02;1.4789794e-01;1.9250000e+02;1.8702590e-01;1.9250000e+02;2.1964842e-01;1.9250000e+02;2.4650493e-01;1.9250000e+02;2.6417851e-01;1.9250000e+02;2.7407345e-01;1.9250000e+02;2.6802796e-01;1.9250000e+02;2.3831269e-01;1.9250000e+02;1.9399108e-01;1.9250000e+02;1.4036407e-01;1.9250000e+02;8.9374766e-02;1.9250000e+02;4.4944584e-02;1.9250000e+02;2.2709961e-03;1.9250000e+02;1.5723929e-02;1.9250000e+02;3.4759723e-02;1.9250000e+02;5.7990327e-02;1.9250000e+02;8.5741162e-02;1.9250000e+02;1.1528271e-01;1.9250000e+02;1.4789794e-01;1.9250000e+02;1.8702590e-01;1.9250000e+02;2.1964842e-01;1.9250000e+02;2.4650493e-01;1.9250000e+02;2.6417851e-01;1.9250000e+02;2.7407345e-01;1.9250000e+02;2.6802796e-01;1.9250000e+02;2.3831269e-01;1.9250000e+02;1.9399108e-01;1.9250000e+02;1.4036407e-01;1.9250000e+02;8.9374766e-02;1.9250000e+02;4.4944584e-02;1.9250000e+02;2.2709961e-03;1.9250000e+02;1.5723929e-02;1.9250000e+02;3.4759723e-02;1.9250000e+02;5.7990327e-02;1.9250000e+02;8.5741162e-02;1.9250000e+02;1.1528271e-01;1.9250000e+02;1.4789794e-01;1.9250000e+02;1.8702590e-01;1.9250000e+02;2.1964842e-01;1.9250000e+02;2.4650493e-01;1.9250000e+02;2.6417851e-01;1.9250000e+02;2.7407345e-01;1.9250000e+02;2.6802796e-01;1.9250000e+02;2.3831269e-01;1.9250000e+02;1.9399108e-01;1.9250000e+02;1.4036407e-01;1.9250000e+02;8.9374766e-02;1.9250000e+02;4.4944584e-02;1.9250000e+02;2.2709961e-03;1.9250000e+02;1.5723929e-02;1.9250000e+02;3.4759723e-02;1.9250000e+02;5.7990327e-02;1.9250000e+02;8.5741162e-02;1.9250000e+02;1.1528271e-01;1.9250000e+02;1.4789794e-01;1.9250000e+02;1.8702590e-01;1.9250000e+02;2.1964842e-01;1.9250000e+02;2.4650493e-01;1.9250000e+02;2.6417851e-01;1.9250000e+02;2.7407345e-01;1.9250000e+02;2.6802796e-01;1.9250000e+02;2.3831269e-01;1.9250000e+02;1.9399108e-01;1.9250000e+02;1.4036407e-01;1.9250000e+02;8.9374766e-02;1.9250000e+02;4.4944584e-02;1.9250000e+02;2.2709961e-03;1.9250000e+02;1.5723929e-02;1.9250000e+02;3.4759723e-02;1.9250000e+02;5.7990327e-02;1.9250000e+02;8.5741162e-02;1.9250000e+02;1.1528271e-01;1.9250000e+02;1.4789794e-01;1.9250000e+02;1.8702590e-01;1.9250000e+02;2.1964842e-01;1.9250000e+02;2.4650493e-01;1.9250000e+02;2.6417851e-01;1.9250000e+02;2.7407345e-01;1.9250000e+02;2.6802796e-01;1.9250000e+02;2.3831269e-01;1.9250000e+02;1.9399108e-01;1.9250000e+02;1.4036407e-01;1.9250000e+02;8.9374766e-02;1.9250000e+02;4.4944584e-02;1.9250000e+02;2.2709961e-03;1.9250000e+02;1.5723929e-02;1.9250000e+02;3.4759723e-02;1.9250000e+02;5.7990327e-02;1.9250000e+02;8.5741162e-02;1.9250000e+02;1.1528271e-01;1.9250000e+02;1.4789794e-01;1.9250000e+02;1.8702590e-01;1.9250000e+02;2.1964842e-01;1.9250000e+02;2.4650493e-01;1.9250000e+02;2.6417851e-01;1.9250000e+02;2.7407345e-01;1.9250000e+02;2.6802796e-01;1.9250000e+02;2.3831269e-01;1.9250000e+02;1.9399108e-01;1.9250000e+02;1.4036407e-01;1.9250000e+02;8.9374766e-02;1.9250000e+02;4.4944584e-02;1.9250000e+02;2.2709961e-03;1.9250000e+02;1.5723929e-02;1.9250000e+02;3.4759723e-02;1.9250000e+02;5.7990327e-02;1.9250000e+02;8.5741162e-02;1.9250000e+02;1.1528271e-01;1.9250000e+02;1.4789794e-01;1.9250000e+02;1.8702590e-01;1.9250000e+02;2.1964842e-01;1.9250000e+02;2.4650493e-01;1.9250000e+02;2.6417851e-01;1.9250000e+02;2.7407345e-01;1.9250000e+02;2.6802796e-01;1.9250000e+02;2.3831269e-01;1.9250000e+02;1.9399108e-01;1.9250000e+02;1.4036407e-01;1.9250000e+02;8.9374766e-02;1.9250000e+02;4.4944584e-02;1.9250000e+02;2.2709961e-03;1.9250000e+02;1.5723929e-02;1.9250000e+02;3.4759723e-02;1.9250000e+02;5.7990327e-02;1.9250000e+02;8.5741162e-02;1.9250000e+02;1.1528271e-01;1.9250000e+02;1.4789794e-01;1.9250000e+02;1.8702590e-01;1.9250000e+02;2.1964842e-01;1.9250000e+02;2.4650493e-01;1.9250000e+02;2.6417851e-01;1.9250000e+02;2.7407345e-01;1.9250000e+02;2.6802796e-01;1.9250000e+02;2.3831269e-01;1.9250000e+02;1.9399108e-01;1.9250000e+02;1.4036407e-01;1.9250000e+02;8.9374766e-02;1.9250000e+02;4.4944584e-02;1.9250000e+02;2.2709961e-03;1.9250000e+02;1.5723929e-02;1.9250000e+02;3.4759723e-02;1.9250000e+02;5.7990327e-02;1.9250000e+02;8.5741162e-02;1.9250000e+02;1.1528271e-01;1.9250000e+02;1.4789794e-01;1.9250000e+02;1.8702590e-01;1.9250000e+02;2.1964842e-01;1.9250000e+02;2.4650493e-01;1.9250000e+02;2.6417851e-01;1.9250000e+02;2.7407345e-01;1.9250000e+02;2.6802796e-01;1.9250000e+02;2.3831269e-01;1.9250000e+02;1.9399108e-01;1.9250000e+02;1.4036407e-01;1.9250000e+02;8.9374766e-02;1.9250000e+02;4.4944584e-02;1.9250000e+02;2.2709961e-03;1.9250000e+02;1.5723929e-02;1.9250000e+02;3.4759723e-02;1.9250000e+02;5.7990327e-02;1.9250000e+02;8.5741162e-02;1.9250000e+02;1.1528271e-01;1.9250000e+02;1.4789794e-01;1.9250000e+02;1.8702590e-01;1.9250000e+02;2.1964842e-01;1.9250000e+02;2.4650493e-01;1.9250000e+02;2.6417851e-01;1.9250000e+02;2.7407345e-01;1.9250000e+02;2.6802796e-01;1.9250000e+02;2.3831269e-01;1.9250000e+02;1.9399108e-01;1.9250000e+02;1.4036407e-01;1.9250000e+02;8.9374766e-02;1.9250000e+02;4.4944584e-02;1.9250000e+02;2.2709961e-03;1.9250000e+02;1.5723929e-02;1.9250000e+02;3.4759723e-02;1.9250000e+02;5.7990327e-02;1.9250000e+02;8.5741162e-02;1.9250000e+02;1.1528271e-01;1.9250000e+02;1.4789794e-01;1.9250000e+02;1.8702590e-01;1.9250000e+02;2.1964842e-01;1.9250000e+02;2.4650493e-01;1.9250000e+02;2.6417851e-01;1.9250000e+02;2.7407345e-01;1.9250000e+02;2.6802796e-01;1.9250000e+02;2.3831269e-01;1.9250000e+02;1.9399108e-01;1.9250000e+02;1.4036407e-01;1.9250000e+02;8.9374766e-02;1.9250000e+02;4.4944584e-02;1.9250000e+02;2.2709961e-03;1.9250000e+02;1.5723929e-02;1.9250000e+02;3.4759723e-02;1.9250000e+02;5.7990327e-02;1.9250000e+02;8.5741162e-02;1.9250000e+02;1.1528271e-01;1.9250000e+02;1.4789794e-01;1.9250000e+02;1.8702590e-01;1.9250000e+02;2.1964842e-01;1.9250000e+02;2.4650493e-01;1.9250000e+02;2.6417851e-01;1.9250000e+02;2.7407345e-01;1.9250000e+02;2.6802796e-01;1.9250000e+02;2.3831269e-01;1.9250000e+02;1.9399108e-01;1.9250000e+02;1.4036407e-01;1.9250000e+02;8.9374766e-02;1.9250000e+02;4.4944584e-02;1.9250000e+02;2.2709961e-03;1.9250000e+02;1.5723929e-02;1.9250000e+02;3.4759723e-02;1.9250000e+02;5.7990327e-02;1.9250000e+02;8.5741162e-02;1.9250000e+02;1.1528271e-01;1.9250000e+02;1.4789794e-01;1.9250000e+02;1.8702590e-01;1.9250000e+02;2.1964842e-01;1.9250000e+02;2.4650493e-01;1.9250000e+02;2.6417851e-01;1.9250000e+02;2.7407345e-01;1.9250000e+02;2.6802796e-01;1.9250000e+02;2.3831269e-01;1.9250000e+02;1.9399108e-01;1.9250000e+02;1.4036407e-01;1.9250000e+02;8.9374766e-02;1.9250000e+02;4.4944584e-02;1.9250000e+02;2.2709961e-03;1.9250000e+02;1.5723929e-02;1.9250000e+02;3.4759723e-02;1.9250000e+02;5.7990327e-02;1.9250000e+02;8.5741162e-02;1.9250000e+02;1.1528271e-01;1.9250000e+02;1.4789794e-01;1.9250000e+02;1.8702590e-01;1.9250000e+02;2.1964842e-01;1.9250000e+02;2.4650493e-01;1.9250000e+02;2.6417851e-01;1.9250000e+02;2.7407345e-01;1.9250000e+02;2.6802796e-01;1.9250000e+02;2.3831269e-01;1.9250000e+02;1.9399108e-01;1.9250000e+02;1.4036407e-01;1.9250000e+02;8.9374766e-02;1.9250000e+02;4.4944584e-02;1.9250000e+02;2.2709961e-03;1.9250000e+02;1.5723929e-02;1.9250000e+02;3.4759723e-02;1.9250000e+02;5.7990327e-02;1.9250000e+02;8.5741162e-02;1.9250000e+02;1.1528271e-01;1.9250000e+02;1.4789794e-01;1.9250000e+02;1.8702590e-01;1.9250000e+02;2.1964842e-01;1.9250000e+02;2.4650493e-01;1.9250000e+02;2.6417851e-01;1.9250000e+02;2.7407345e-01;1.9250000e+02;2.6802796e-01;1.9250000e+02;2.3831269e-01;1.9250000e+02;1.9399108e-01;1.9250000e+02;1.4036407e-01;1.9250000e+02;8.9374766e-02;1.9250000e+02;4.4944584e-02;1.9250000e+02;2.2709961e-03;1.9250000e+02;1.5723929e-02;1.9250000e+02;3.4759723e-02;1.9250000e+02;5.7990327e-02;1.9250000e+02;8.5741162e-02;1.9250000e+02;1.1528271e-01;1.9250000e+02;1.4789794e-01;1.9250000e+02;1.8702590e-01;1.9250000e+02;2.1964842e-01;1.9250000e+02;2.4650493e-01;1.9250000e+02;2.6417851e-01;1.9250000e+02;2.7407345e-01;1.9250000e+02;2.6802796e-01;1.9250000e+02;2.3831269e-01;1.9250000e+02;1.9399108e-01;1.9250000e+02;1.4036407e-01;1.9250000e+02;8.9374766e-02;1.9250000e+02;4.4944584e-02;1.9250000e+02;2.2709961e-03;1.9250000e+02;1.5723929e-02;1.9250000e+02;3.4759723e-02;1.9250000e+02;5.7990327e-02;1.9250000e+02;8.5741162e-02;1.9250000e+02;1.1528271e-01;1.9250000e+02;1.4789794e-01;1.9250000e+02;1.8702590e-01;1.9250000e+02;2.1964842e-01;1.9250000e+02;2.4650493e-01;1.9250000e+02;2.6417851e-01;1.9250000e+02;2.7407345e-01;1.9250000e+02;2.6802796e-01;1.9250000e+02;2.3831269e-01;1.9250000e+02;1.9399108e-01;1.9250000e+02;1.4036407e-01;1.9250000e+02;8.9374766e-02;1.9250000e+02;4.4944584e-02;1.9250000e+02;2.2709961e-03;1.9250000e+02;1.5723929e-02;1.9250000e+02;3.4759723e-02;1.9250000e+02;5.7990327e-02;1.9250000e+02;8.5741162e-02;1.9250000e+02;1.1528271e-01;1.9250000e+02;1.4789794e-01;1.9250000e+02;1.8702590e-01;1.9250000e+02;2.1964842e-01;1.9250000e+02;2.4650493e-01;1.9250000e+02;2.6417851e-01;1.9250000e+02;2.7407345e-01;1.9250000e+02;2.6802796e-01;1.9250000e+02;2.3831269e-01;1.9250000e+02;1.9399108e-01;1.9250000e+02;1.4036407e-01;1.9250000e+02;8.9374766e-02;1.9250000e+02;4.4944584e-02;1.9250000e+02;2.2709961e-03;1.9250000e+02;1.5723929e-02;1.9250000e+02;3.4759723e-02;1.9250000e+02;5.7990327e-02;1.9250000e+02;8.5741162e-02;1.9250000e+02;1.1528271e-01;1.9250000e+02;1.4789794e-01;1.9250000e+02;1.8702590e-01;1.9250000e+02;2.1964842e-01;1.9250000e+02;2.4650493e-01;1.9250000e+02;2.6417851e-01;1.9250000e+02;2.7407345e-01;1.9250000e+02;2.6802796e-01;1.9250000e+02;2.3831269e-01;1.9250000e+02;1.9399108e-01;1.9250000e+02;1.4036407e-01;1.9250000e+02;8.9374766e-02;1.9250000e+02;4.4944584e-02;1.9250000e+02;2.2709961e-03;1.9250000e+02;1.5723929e-02;1.9250000e+02;3.4759723e-02;1.9250000e+02;5.7990327e-02;1.9250000e+02;8.5741162e-02;1.9250000e+02;1.1528271e-01;1.9250000e+02;1.4789794e-01;1.9250000e+02;1.8702590e-01;1.9250000e+02;2.1964842e-01;1.9250000e+02;2.4650493e-01;1.9250000e+02;2.6417851e-01;1.9250000e+02;2.7407345e-01;1.9250000e+02;2.6802796e-01;1.9250000e+02;2.3831269e-01;1.9250000e+02;1.9399108e-01;1.9250000e+02;1.4036407e-01;1.9250000e+02;8.9374766e-02;1.9250000e+02;4.4944584e-02;1.9250000e+02;2.2709961e-03;1.9250000e+02;1.5723929e-02;1.9250000e+02;3.4759723e-02;1.9250000e+02;5.7990327e-02;1.9250000e+02;8.5741162e-02;1.9250000e+02;1.1528271e-01;1.9250000e+02;1.4789794e-01;1.9250000e+02;1.8702590e-01;1.9250000e+02;2.1964842e-01;1.9250000e+02;2.4650493e-01;1.9250000e+02;2.6417851e-01;1.9250000e+02;2.7407345e-01;1.9250000e+02;2.6802796e-01;1.9250000e+02;2.3831269e-01;1.9250000e+02;1.9399108e-01;1.9250000e+02;1.4036407e-01;1.9250000e+02;8.9374766e-02;1.9250000e+02;4.4944584e-02;1.9250000e+02;2.2709961e-03;1.9250000e+02;1.5723929e-02;1.9250000e+02;3.4759723e-02;1.9250000e+02;5.7990327e-02;1.9250000e+02;8.5741162e-02;1.9250000e+02;1.1528271e-01;1.9250000e+02;1.4789794e-01;1.9250000e+02;1.8702590e-01;1.9250000e+02;2.1964842e-01;1.9250000e+02;2.4650493e-01;1.9250000e+02;2.6417851e-01;1.9250000e+02;2.7407345e-01;1.9250000e+02;2.6802796e-01;1.9250000e+02;2.3831269e-01;1.9250000e+02;1.9399108e-01;1.9250000e+02;1.4036407e-01;1.9250000e+02;8.9374766e-02;1.9250000e+02;4.4944584e-02;1.9250000e+02;2.2709961e-03;1.9250000e+02;1.5723929e-02;1.9250000e+02;3.4759723e-02;1.9250000e+02;5.7990327e-02;1.9250000e+02;8.5741162e-02;1.9250000e+02;1.1528271e-01;1.9250000e+02;1.4789794e-01;1.9250000e+02;1.8702590e-01;1.9250000e+02;2.1964842e-01;1.9250000e+02;2.4650493e-01;1.9250000e+02;2.6417851e-01;1.9250000e+02;2.7407345e-01;1.9250000e+02;2.6802796e-01;1.9250000e+02;2.3831269e-01;1.9250000e+02;1.9399108e-01;1.9250000e+02;1.4036407e-01;1.9250000e+02;8.9374766e-02;1.9250000e+02;4.4944584e-02;1.9250000e+02;2.2709961e-03;1.9250000e+02;1.5723929e-02;1.9250000e+02;3.4759723e-02;1.9250000e+02;5.7990327e-02;1.9250000e+02;8.5741162e-02;1.9250000e+02;1.1528271e-01;1.9250000e+02;1.4789794e-01;1.9250000e+02;1.8702590e-01;1.9250000e+02;2.1964842e-01;1.9250000e+02;2.4650493e-01;1.9250000e+02;2.6417851e-01;1.9250000e+02;2.7407345e-01;1.9250000e+02;2.6802796e-01;1.9250000e+02;2.3831269e-01;1.9250000e+02;1.9399108e-01;1.9250000e+02;1.4036407e-01;1.9250000e+02;8.9374766e-02;1.9250000e+02;4.4944584e-02;1.9250000e+02;2.2709961e-03;1.9250000e+02;1.5723929e-02;1.9250000e+02;3.4759723e-02;1.9250000e+02;5.7990327e-02;1.9250000e+02;8.5741162e-02;1.9250000e+02;1.1528271e-01;1.9250000e+02;1.4789794e-01;1.9250000e+02;1.8702590e-01;1.9250000e+02;2.1964842e-01;1.9250000e+02;2.4650493e-01;1.9250000e+02;2.6417851e-01;1.9250000e+02;2.7407345e-01;1.9250000e+02;2.6802796e-01;1.9250000e+02;2.3831269e-01;1.9250000e+02;1.9399108e-01;1.9250000e+02;1.4036407e-01;1.9250000e+02;8.9374766e-02;1.9250000e+02;4.4944584e-02;1.9250000e+02;2.2709961e-03;1.9250000e+02;1.5723929e-02;1.9250000e+02;3.4759723e-02;1.9250000e+02;5.7990327e-02;1.9250000e+02;8.5741162e-02;1.9250000e+02;1.1528271e-01;1.9250000e+02;1.4789794e-01;1.9250000e+02;1.8702590e-01;1.9250000e+02;2.1964842e-01;1.9250000e+02;2.4650493e-01;1.9250000e+02;2.6417851e-01;1.9250000e+02;2.7407345e-01;1.9250000e+02;2.6802796e-01;1.9250000e+02;2.3831269e-01;1.9250000e+02;1.9399108e-01;1.9250000e+02;1.4036407e-01;1.9250000e+02;8.9374766e-02;1.9250000e+02;4.4944584e-02;1.9250000e+02;2.2709961e-03;1.9250000e+02;1.5723929e-02;1.9250000e+02;3.4759723e-02;1.9250000e+02;5.7990327e-02;1.9250000e+02;8.5741162e-02;1.9250000e+02;1.1528271e-01;1.9250000e+02;1.4789794e-01;1.9250000e+02;1.8702590e-01;1.9250000e+02;2.1964842e-01;1.9250000e+02;2.4650493e-01;1.9250000e+02;2.6417851e-01;1.9250000e+02;2.7407345e-01;1.9250000e+02;2.6802796e-01;1.9250000e+02;2.3831269e-01;1.9250000e+02;1.9399108e-01;1.9250000e+02;1.4036407e-01;1.9250000e+02;8.9374766e-02;1.9250000e+02;4.4944584e-02;1.9250000e+02;2.2709961e-03;1.9250000e+02;1.5723929e-02;1.9250000e+02;3.4759723e-02;1.9250000e+02;5.7990327e-02;1.9250000e+02;8.5741162e-02;1.9250000e+02;1.1528271e-01;1.9250000e+02;1.4789794e-01;1.9250000e+02;1.8702590e-01;1.9250000e+02;2.1964842e-01;1.9250000e+02;2.4650493e-01;1.9250000e+02;2.6417851e-01;1.9250000e+02;2.7407345e-01;1.9250000e+02;2.6802796e-01;1.9250000e+02;2.3831269e-01;1.9250000e+02;1.9399108e-01;1.9250000e+02;1.4036407e-01;1.9250000e+02;8.9374766e-02;1.9250000e+02;4.4944584e-02;1.9250000e+02;2.2709961e-03;1.9250000e+02;1.5723929e-02;1.9250000e+02;3.4759723e-02;1.9250000e+02;5.7990327e-02;1.9250000e+02;8.5741162e-02;1.9250000e+02;1.1528271e-01;1.9250000e+02;1.4789794e-01;1.9250000e+02;1.8702590e-01;1.9250000e+02;2.1964842e-01;1.9250000e+02;2.4650493e-01;1.9250000e+02;2.6417851e-01;1.9250000e+02;2.7407345e-01;1.9250000e+02;2.6802796e-01;1.9250000e+02;2.3831269e-01;1.9250000e+02;1.9399108e-01;1.9250000e+02;1.4036407e-01;1.9250000e+02;8.9374766e-02;1.9250000e+02;4.4944584e-02;1.9250000e+02;2.2709961e-03;1.9250000e+02;1.5723929e-02;1.9250000e+02;3.4759723e-02;1.9250000e+02;5.7990327e-02;1.9250000e+02;8.5741162e-02;1.9250000e+02;1.1528271e-01;1.9250000e+02;1.4789794e-01;1.9250000e+02;1.8702590e-01;1.9250000e+02;2.1964842e-01;1.9250000e+02;2.4650493e-01;1.9250000e+02;2.6417851e-01;1.9250000e+02;2.7407345e-01;1.9250000e+02;2.6802796e-01;1.9250000e+02;2.3831269e-01;1.9250000e+02;1.9399108e-01;1.9250000e+02;1.4036407e-01;1.9250000e+02;8.9374766e-02;1.9250000e+02;4.4944584e-02;1.9250000e+02;2.2709961e-03;1.9250000e+02;1.5723929e-02;1.9250000e+02;3.4759723e-02;1.9250000e+02;5.7990327e-02;1.9250000e+02;8.5741162e-02;1.9250000e+02;1.1528271e-01;1.9250000e+02;1.4789794e-01;1.9250000e+02;1.8702590e-01;1.9250000e+02;2.1964842e-01;1.9250000e+02;2.4650493e-01;1.9250000e+02;2.6417851e-01;1.9250000e+02;2.7407345e-01;1.9250000e+02;2.6802796e-01;1.9250000e+02;2.3831269e-01;1.9250000e+02;1.9399108e-01;1.9250000e+02;1.4036407e-01;1.9250000e+02;8.9374766e-02;1.9250000e+02;4.4944584e-02;1.9250000e+02;2.2709961e-03;1.9250000e+02;1.5723929e-02;1.9250000e+02;3.4759723e-02;1.9250000e+02;5.7990327e-02;1.9250000e+02;8.5741162e-02;1.9250000e+02;1.1528271e-01;1.9250000e+02;1.4789794e-01;1.9250000e+02;1.8702590e-01;1.9250000e+02;2.1964842e-01;1.9250000e+02;2.4650493e-01;1.9250000e+02;2.6417851e-01;1.9250000e+02;2.7407345e-01;1.9250000e+02;2.6802796e-01;1.9250000e+02;2.3831269e-01;1.9250000e+02;1.9399108e-01;1.9250000e+02;1.4036407e-01;1.9250000e+02;8.9374766e-02;1.9250000e+02;4.4944584e-02;1.9250000e+02;2.2709961e-03;1.9250000e+02;1.5723929e-02;1.9250000e+02;3.4759723e-02;1.9250000e+02;5.7990327e-02;1.9250000e+02;8.5741162e-02;1.9250000e+02;1.1528271e-01;1.9250000e+02;1.4789794e-01;1.9250000e+02;1.8702590e-01;1.9250000e+02;2.1964842e-01;1.9250000e+02;2.4650493e-01;1.9250000e+02;2.6417851e-01;1.9250000e+02;2.7407345e-01;1.9250000e+02;2.6802796e-01;1.9250000e+02;2.3831269e-01;1.9250000e+02;1.9399108e-01;1.9250000e+02;1.4036407e-01;1.9250000e+02;8.9374766e-02;1.9250000e+02;4.4944584e-02;1.9250000e+02;2.2709961e-03;1.9250000e+02;1.5723929e-02;1.9250000e+02;3.4759723e-02;1.9250000e+02;5.7990327e-02;1.9250000e+02;8.5741162e-02;1.9250000e+02;1.1528271e-01;1.9250000e+02;1.4789794e-01;1.9250000e+02;1.8702590e-01;1.9250000e+02;2.1964842e-01;1.9250000e+02;2.4650493e-01;1.9250000e+02;2.6417851e-01;1.9250000e+02;2.7407345e-01;1.9250000e+02;2.6802796e-01;1.9250000e+02;2.3831269e-01;1.9250000e+02;1.9399108e-01;1.9250000e+02;1.4036407e-01;1.9250000e+02;8.9374766e-02;1.9250000e+02;4.4944584e-02;1.9250000e+02;2.2709961e-03;1.9250000e+02;1.5723929e-02;1.9250000e+02;3.4759723e-02;1.9250000e+02;5.7990327e-02;1.9250000e+02;8.5741162e-02;1.9250000e+02;1.1528271e-01;1.9250000e+02;1.4789794e-01;1.9250000e+02;1.8702590e-01;1.9250000e+02;2.1964842e-01;1.9250000e+02;2.4650493e-01;1.9250000e+02;2.6417851e-01;1.9250000e+02;2.7407345e-01;1.9250000e+02;2.6802796e-01;1.9250000e+02;2.3831269e-01;1.9250000e+02;1.9399108e-01;1.9250000e+02;1.4036407e-01;1.9250000e+02;8.9374766e-02;1.9250000e+02;4.4944584e-02;1.9250000e+02;2.2709961e-03;1.9250000e+02;1.5723929e-02;1.9250000e+02;3.4759723e-02;1.9250000e+02;5.7990327e-02;1.9250000e+02;8.5741162e-02;1.9250000e+02;1.1528271e-01;1.9250000e+02;1.4789794e-01;1.9250000e+02;1.8702590e-01;1.9250000e+02;2.1964842e-01;1.9250000e+02;2.4650493e-01;1.9250000e+02;2.6417851e-01;1.9250000e+02;2.7407345e-01;1.9250000e+02;2.6802796e-01;1.9250000e+02;2.3831269e-01;1.9250000e+02;1.9399108e-01;1.9250000e+02;1.4036407e-01;1.9250000e+02;8.9374766e-02;1.9250000e+02;4.4944584e-02;1.9250000e+02;2.2709961e-03;1.9250000e+02;1.5723929e-02;1.9250000e+02;3.4759723e-02;1.9250000e+02;5.7990327e-02;1.9250000e+02;8.5741162e-02;1.9250000e+02;1.1528271e-01;1.9250000e+02;1.4789794e-01;1.9250000e+02;1.8702590e-01;1.9250000e+02;2.1964842e-01;1.9250000e+02;2.4650493e-01;1.9250000e+02;2.6417851e-01;1.9250000e+02;2.7407345e-01;1.9250000e+02;2.6802796e-01;1.9250000e+02;2.3831269e-01;1.9250000e+02;1.9399108e-01;1.9250000e+02;1.4036407e-01;1.9250000e+02;8.9374766e-02;1.9250000e+02;4.4944584e-02;1.9250000e+02;2.2709961e-03;1.9250000e+02;1.5723929e-02;1.9250000e+02;3.4759723e-02;1.9250000e+02;5.7990327e-02;1.9250000e+02;8.5741162e-02;1.9250000e+02;1.1528271e-01;1.9250000e+02;1.4789794e-01;1.9250000e+02;1.8702590e-01;1.9250000e+02;2.1964842e-01;1.9250000e+02;2.4650493e-01;1.9250000e+02;2.6417851e-01;1.9250000e+02;2.7407345e-01;1.9250000e+02;2.6802796e-01;1.9250000e+02;2.3831269e-01;1.9250000e+02;1.9399108e-01;1.9250000e+02;1.4036407e-01;1.9250000e+02;8.9374766e-02;1.9250000e+02;4.4944584e-02;1.9250000e+02;2.2709961e-03;1.9250000e+02;1.5723929e-02;1.9250000e+02;3.4759723e-02;1.9250000e+02;5.7990327e-02;1.9250000e+02;8.5741162e-02;1.9250000e+02;1.1528271e-01;1.9250000e+02;1.4789794e-01;1.9250000e+02;1.8702590e-01;1.9250000e+02;2.1964842e-01;1.9250000e+02;2.4650493e-01;1.9250000e+02;2.6417851e-01;1.9250000e+02;2.7407345e-01;1.9250000e+02;2.6802796e-01;1.9250000e+02;2.3831269e-01;1.9250000e+02;1.9399108e-01;1.9250000e+02;1.4036407e-01;1.9250000e+02;8.9374766e-02;1.9250000e+02;4.4944584e-02;1.9250000e+02;2.2709961e-03;1.9250000e+02;1.5723929e-02;1.9250000e+02;3.4759723e-02;1.9250000e+02;5.7990327e-02;1.9250000e+02;8.5741162e-02;1.9250000e+02;1.1528271e-01;1.9250000e+02;1.4789794e-01;1.9250000e+02;1.8702590e-01;1.9250000e+02;2.1964842e-01;1.9250000e+02;2.4650493e-01;1.9250000e+02;2.6417851e-01;1.9250000e+02;2.7407345e-01;1.9250000e+02;2.6802796e-01;1.9250000e+02;2.3831269e-01;1.9250000e+02;1.9399108e-01;1.9250000e+02;1.4036407e-01;1.9250000e+02;8.9374766e-02;1.9250000e+02;4.4944584e-02;1.9250000e+02;2.2709961e-03;1.9250000e+02;1.5723929e-02;1.9250000e+02;3.4759723e-02;1.9250000e+02;5.7990327e-02;1.9250000e+02;8.5741162e-02;1.9250000e+02;1.1528271e-01;1.9250000e+02;1.4789794e-01;1.9250000e+02;1.8702590e-01;1.9250000e+02;2.1964842e-01;1.9250000e+02;2.4650493e-01;1.9250000e+02;2.6417851e-01;1.9250000e+02;2.7407345e-01;1.9250000e+02;2.6802796e-01;1.9250000e+02;2.3831269e-01;1.9250000e+02;1.9399108e-01;1.9250000e+02;1.4036407e-01;1.9250000e+02;8.9374766e-02;1.9250000e+02;4.4944584e-02;1.9250000e+02;2.2709961e-03;1.9250000e+02;1.5723929e-02;1.9250000e+02;3.4759723e-02;1.9250000e+02;5.7990327e-02;1.9250000e+02;8.5741162e-02;1.9250000e+02;1.1528271e-01;1.9250000e+02;1.4789794e-01;1.9250000e+02;1.8702590e-01;1.9250000e+02;2.1964842e-01;1.9250000e+02;2.4650493e-01;1.9250000e+02;2.6417851e-01;1.9250000e+02;2.7407345e-01;1.9250000e+02;2.6802796e-01;1.9250000e+02;2.3831269e-01;1.9250000e+02;1.9399108e-01;1.9250000e+02;1.4036407e-01;1.9250000e+02;8.9374766e-02;1.9250000e+02;4.4944584e-02;1.9250000e+02;2.2709961e-03;1.9250000e+02;1.5723929e-02;1.9250000e+02;3.4759723e-02;1.9250000e+02;5.7990327e-02;1.9250000e+02;8.5741162e-02;1.9250000e+02;1.1528271e-01;1.9250000e+02;1.4789794e-01;1.9250000e+02;1.8702590e-01;1.9250000e+02;2.1964842e-01;1.9250000e+02;2.4650493e-01;1.9250000e+02;2.6417851e-01;1.9250000e+02;2.7407345e-01;1.9250000e+02;2.6802796e-01;1.9250000e+02;2.3831269e-01;1.9250000e+02;1.9399108e-01;1.9250000e+02;1.4036407e-01;1.9250000e+02;8.9374766e-02;1.9250000e+02;4.4944584e-02;1.9250000e+02;2.2709961e-03;1.9250000e+02;1.5723929e-02;1.9250000e+02;3.4759723e-02;1.9250000e+02;5.7990327e-02;1.9250000e+02;8.5741162e-02;1.9250000e+02;1.1528271e-01;1.9250000e+02;1.4789794e-01;1.9250000e+02;1.8702590e-01;1.9250000e+02;2.1964842e-01;1.9250000e+02;2.4650493e-01;1.9250000e+02;2.6417851e-01;1.9250000e+02;2.7407345e-01;1.9250000e+02;2.6802796e-01;1.9250000e+02;2.3831269e-01;1.9250000e+02;1.9399108e-01;1.9250000e+02;1.4036407e-01;1.9250000e+02;8.9374766e-02;1.9250000e+02;4.4944584e-02;1.9250000e+02;2.2709961e-03;1.9250000e+02;1.5723929e-02;1.9250000e+02;3.4759723e-02;1.9250000e+02;5.7990327e-02;1.9250000e+02;8.5741162e-02;1.9250000e+02;1.1528271e-01;1.9250000e+02;1.4789794e-01;1.9250000e+02;1.8702590e-01;1.9250000e+02;2.1964842e-01;1.9250000e+02;2.4650493e-01;1.9250000e+02;2.6417851e-01;1.9250000e+02;2.7407345e-01;1.9250000e+02;2.6802796e-01;1.9250000e+02;2.3831269e-01;1.9250000e+02;1.9399108e-01;1.9250000e+02;1.4036407e-01;1.9250000e+02;8.9374766e-02;1.9250000e+02;4.4944584e-02;1.9250000e+02;2.2709961e-03;1.9250000e+02;1.5723929e-02;1.9250000e+02;3.4759723e-02;1.9250000e+02;5.7990327e-02;1.9250000e+02;8.5741162e-02;1.9250000e+02;1.1528271e-01;1.9250000e+02;1.4789794e-01;1.9250000e+02;1.8702590e-01;1.9250000e+02;2.1964842e-01;1.9250000e+02;2.4650493e-01;1.9250000e+02;2.6417851e-01;1.9250000e+02;2.7407345e-01;1.9250000e+02;2.6802796e-01;1.9250000e+02;2.3831269e-01;1.9250000e+02;1.9399108e-01;1.9250000e+02;1.4036407e-01;1.9250000e+02;8.9374766e-02;1.9250000e+02;4.4944584e-02;1.9250000e+02;2.2709961e-03;1.9250000e+02;1.5723929e-02;1.9250000e+02;3.4759723e-02;1.9250000e+02;5.7990327e-02;1.9250000e+02;8.5741162e-02;1.9250000e+02;1.1528271e-01;1.9250000e+02;1.4789794e-01;1.9250000e+02;1.8702590e-01;1.9250000e+02;2.1964842e-01;1.9250000e+02;2.4650493e-01;1.9250000e+02;2.6417851e-01;1.9250000e+02;2.7407345e-01;1.9250000e+02;2.6802796e-01;1.9250000e+02;2.3831269e-01;1.9250000e+02;1.9399108e-01;1.9250000e+02;1.4036407e-01;1.9250000e+02;8.9374766e-02;1.9250000e+02;4.4944584e-02;1.9250000e+02;2.2709961e-03;1.9250000e+02;1.5723929e-02;1.9250000e+02;3.4759723e-02;1.9250000e+02;5.7990327e-02;1.9250000e+02;8.5741162e-02;1.9250000e+02;1.1528271e-01;1.9250000e+02;1.4789794e-01;1.9250000e+02;1.8702590e-01;1.9250000e+02;2.1964842e-01;1.9250000e+02;2.4650493e-01;1.9250000e+02;2.6417851e-01;1.9250000e+02;2.7407345e-01;1.9250000e+02;2.6802796e-01;1.9250000e+02;2.3831269e-01;1.9250000e+02;1.9399108e-01;1.9250000e+02;1.4036407e-01;1.9250000e+02;8.9374766e-02;1.9250000e+02;4.4944584e-02;1.9250000e+02;2.2709961e-03;1.9250000e+02;1.5723929e-02;1.9250000e+02;3.4759723e-02;1.9250000e+02;5.7990327e-02;1.9250000e+02;8.5741162e-02;1.9250000e+02;1.1528271e-01;1.9250000e+02;1.4789794e-01;1.9250000e+02;1.8702590e-01;1.9250000e+02;2.1964842e-01;1.9250000e+02;2.4650493e-01;1.9250000e+02;2.6417851e-01;1.9250000e+02;2.7407345e-01;1.9250000e+02;2.6802796e-01;1.9250000e+02;2.3831269e-01;1.9250000e+02;1.9399108e-01;1.9250000e+02;1.4036407e-01;1.9250000e+02;8.9374766e-02;1.9250000e+02;4.4944584e-02;1.9250000e+02;2.2709961e-03;1.9250000e+02;1.5723929e-02;1.9250000e+02;3.4759723e-02;1.9250000e+02;5.7990327e-02;1.9250000e+02;8.5741162e-02;1.9250000e+02;1.1528271e-01;1.9250000e+02;1.4789794e-01;1.9250000e+02;1.8702590e-01;1.9250000e+02;2.1964842e-01;1.9250000e+02;2.4650493e-01;1.9250000e+02;2.6417851e-01;1.9250000e+02;2.7407345e-01;1.9250000e+02;2.6802796e-01;1.9250000e+02;2.3831269e-01;1.9250000e+02;1.9399108e-01;1.9250000e+02;1.4036407e-01;1.9250000e+02;8.9374766e-02;1.9250000e+02;4.4944584e-02;1.9250000e+02;2.2709961e-03;1.9250000e+02;1.5723929e-02;1.9250000e+02;3.4759723e-02;1.9250000e+02;5.7990327e-02;1.9250000e+02;8.5741162e-02;1.9250000e+02;1.1528271e-01;1.9250000e+02;1.4789794e-01;1.9250000e+02;1.8702590e-01;1.9250000e+02;2.1964842e-01;1.9250000e+02;2.4650493e-01;1.9250000e+02;2.6417851e-01;1.9250000e+02;2.7407345e-01;1.9250000e+02;2.6802796e-01;1.9250000e+02;2.3831269e-01;1.9250000e+02;1.9399108e-01;1.9250000e+02;1.4036407e-01;1.9250000e+02;8.9374766e-02;1.9250000e+02;4.4944584e-02;1.9250000e+02;2.2709961e-03;1.9250000e+02;1.5723929e-02;1.9250000e+02;3.4759723e-02;1.9250000e+02;5.7990327e-02;1.9250000e+02;8.5741162e-02;1.9250000e+02;1.1528271e-01;1.9250000e+02;1.4789794e-01;1.9250000e+02;1.8702590e-01;1.9250000e+02;2.1964842e-01;1.9250000e+02;2.4650493e-01;1.9250000e+02;2.6417851e-01;1.9250000e+02;2.7407345e-01;1.9250000e+02;2.6802796e-01;1.9250000e+02;2.3831269e-01;1.9250000e+02;1.9399108e-01;1.9250000e+02;1.4036407e-01;1.9250000e+02;8.9374766e-02;1.9250000e+02;4.4944584e-02;1.9250000e+02;2.2709961e-03;1.9250000e+02;1.5723929e-02;1.9250000e+02;3.4759723e-02;1.9250000e+02;5.7990327e-02;1.9250000e+02;8.5741162e-02;1.9250000e+02;1.1528271e-01;1.9250000e+02;1.4789794e-01;1.9250000e+02;1.8702590e-01;1.9250000e+02;2.1964842e-01;1.9250000e+02;2.4650493e-01;1.9250000e+02;2.6417851e-01;1.9250000e+02;2.7407345e-01;1.9250000e+02;2.6802796e-01;1.9250000e+02;2.3831269e-01;1.9250000e+02;1.9399108e-01;1.9250000e+02;1.4036407e-01;1.9250000e+02;8.9374766e-02;1.9250000e+02;4.4944584e-02;1.9250000e+02;2.2709961e-03;1.9250000e+02;1.5723929e-02;1.9250000e+02;3.4759723e-02;1.9250000e+02;5.7990327e-02;1.9250000e+02;8.5741162e-02;1.9250000e+02;1.1528271e-01;1.9250000e+02;1.4789794e-01;1.9250000e+02;1.8702590e-01;1.9250000e+02;2.1964842e-01;1.9250000e+02;2.4650493e-01;1.9250000e+02;2.6417851e-01;1.9250000e+02;2.7407345e-01;1.9250000e+02;2.6802796e-01;1.9250000e+02;2.3831269e-01;1.9250000e+02;1.9399108e-01;1.9250000e+02;1.4036407e-01;1.9250000e+02;8.9374766e-02;1.9250000e+02;4.4944584e-02;1.9250000e+02;2.2709961e-03;1.9250000e+02;1.5723929e-02;1.9250000e+02;3.4759723e-02;1.9250000e+02;5.7990327e-02;1.9250000e+02;8.5741162e-02;1.9250000e+02;1.1528271e-01;1.9250000e+02;1.4789794e-01;1.9250000e+02;1.8702590e-01;1.9250000e+02;2.1964842e-01;1.9250000e+02;2.4650493e-01;1.9250000e+02;2.6417851e-01;1.9250000e+02;2.7407345e-01;1.9250000e+02;2.6802796e-01;1.9250000e+02;2.3831269e-01;1.9250000e+02;1.9399108e-01;1.9250000e+02;1.4036407e-01;1.9250000e+02;8.9374766e-02;1.9250000e+02;4.4944584e-02;1.9250000e+02;2.2709961e-03;1.9250000e+02;1.5723929e-02;1.9250000e+02;3.4759723e-02;1.9250000e+02;5.7990327e-02;1.9250000e+02;8.5741162e-02;1.9250000e+02;1.1528271e-01;1.9250000e+02;1.4789794e-01;1.9250000e+02;1.8702590e-01;1.9250000e+02;2.1964842e-01;1.9250000e+02;2.4650493e-01;1.9250000e+02;2.6417851e-01;1.9250000e+02;2.7407345e-01;1.9250000e+02;2.6802796e-01;1.9250000e+02;2.3831269e-01;1.9250000e+02;1.9399108e-01;1.9250000e+02;1.4036407e-01;1.9250000e+02;8.9374766e-02;1.9250000e+02;4.4944584e-02;1.9250000e+02;2.2709961e-03;1.9250000e+02;1.5723929e-02;1.9250000e+02;3.4759723e-02;1.9250000e+02;5.7990327e-02;1.9250000e+02;8.5741162e-02;1.9250000e+02;1.1528271e-01;1.9250000e+02;1.4789794e-01;1.9250000e+02;1.8702590e-01;1.9250000e+02;2.1964842e-01;1.9250000e+02;2.4650493e-01;1.9250000e+02;2.6417851e-01;1.9250000e+02;2.7407345e-01;1.9250000e+02;2.6802796e-01;1.9250000e+02;2.3831269e-01;1.9250000e+02;1.9399108e-01;1.9250000e+02;1.4036407e-01;1.9250000e+02;8.9374766e-02;1.9250000e+02;4.4944584e-02;1.9250000e+02;2.2709961e-03;1.9250000e+02;1.5723929e-02;1.9250000e+02;3.4759723e-02;1.9250000e+02;5.7990327e-02;1.9250000e+02;8.5741162e-02;1.9250000e+02;1.1528271e-01;1.9250000e+02;1.4789794e-01;1.9250000e+02;1.8702590e-01;1.9250000e+02;2.1964842e-01;1.9250000e+02;2.4650493e-01;1.9250000e+02;2.6417851e-01;1.9250000e+02;2.7407345e-01;1.9250000e+02;2.6802796e-01;1.9250000e+02;2.3831269e-01;1.9250000e+02;1.9399108e-01;1.9250000e+02;1.4036407e-01;1.9250000e+02;8.9374766e-02;1.9250000e+02;4.4944584e-02;1.9250000e+02;2.2709961e-03;1.9250000e+02;1.5723929e-02;1.9250000e+02;3.4759723e-02;1.9250000e+02;5.7990327e-02;1.9250000e+02;8.5741162e-02;1.9250000e+02;1.1528271e-01;1.9250000e+02;1.4789794e-01;1.9250000e+02;1.8702590e-01;1.9250000e+02;2.1964842e-01;1.9250000e+02;2.4650493e-01;1.9250000e+02;2.6417851e-01;1.9250000e+02;2.7407345e-01;1.9250000e+02;2.6802796e-01;1.9250000e+02;2.3831269e-01;1.9250000e+02;1.9399108e-01;1.9250000e+02;1.4036407e-01;1.9250000e+02;8.9374766e-02;1.9250000e+02;4.4944584e-02;1.9250000e+02;2.2709961e-03;1.9250000e+02;1.5723929e-02;1.9250000e+02;3.4759723e-02;1.9250000e+02;5.7990327e-02;1.9250000e+02;8.5741162e-02;1.9250000e+02;1.1528271e-01;1.9250000e+02;1.4789794e-01;1.9250000e+02;1.8702590e-01;1.9250000e+02;2.1964842e-01;1.9250000e+02;2.4650493e-01;1.9250000e+02;2.6417851e-01;1.9250000e+02;2.7407345e-01;1.9250000e+02;2.6802796e-01;1.9250000e+02;2.3831269e-01;1.9250000e+02;1.9399108e-01;1.9250000e+02;1.4036407e-01;1.9250000e+02;8.9374766e-02;1.9250000e+02;4.4944584e-02;1.9250000e+02;2.2709961e-03;1.9250000e+02;1.5723929e-02;1.9250000e+02;3.4759723e-02;1.9250000e+02;5.7990327e-02;1.9250000e+02;8.5741162e-02;1.9250000e+02;1.1528271e-01;1.9250000e+02;1.4789794e-01;1.9250000e+02;1.8702590e-01;1.9250000e+02;2.1964842e-01;1.9250000e+02;2.4650493e-01;1.9250000e+02;2.6417851e-01;1.9250000e+02;2.7407345e-01;1.9250000e+02;2.6802796e-01;1.9250000e+02;2.3831269e-01;1.9250000e+02;1.9399108e-01;1.9250000e+02;1.4036407e-01;1.9250000e+02;8.9374766e-02;1.9250000e+02;4.4944584e-02;1.9250000e+02;2.2709961e-03;1.9250000e+02;1.5723929e-02;1.9250000e+02;3.4759723e-02;1.9250000e+02;5.7990327e-02;1.9250000e+02;8.5741162e-02;1.9250000e+02;1.1528271e-01;1.9250000e+02;1.4789794e-01;1.9250000e+02;1.8702590e-01;1.9250000e+02;2.1964842e-01;1.9250000e+02;2.4650493e-01;1.9250000e+02;2.6417851e-01;1.9250000e+02;2.7407345e-01;1.9250000e+02;2.6802796e-01;1.9250000e+02;2.3831269e-01;1.9250000e+02;1.9399108e-01;1.9250000e+02;1.4036407e-01;1.9250000e+02;8.9374766e-02;1.9250000e+02;4.4944584e-02;1.9250000e+02;2.2709961e-03;1.9250000e+02;1.5723929e-02;1.9250000e+02;3.4759723e-02;1.9250000e+02;5.7990327e-02;1.9250000e+02;8.5741162e-02;1.9250000e+02;1.1528271e-01;1.9250000e+02;1.4789794e-01;1.9250000e+02;1.8702590e-01;1.9250000e+02;2.1964842e-01;1.9250000e+02;2.4650493e-01;1.9250000e+02;2.6417851e-01;1.9250000e+02;2.7407345e-01;1.9250000e+02;2.6802796e-01;1.9250000e+02;2.3831269e-01;1.9250000e+02;1.9399108e-01;1.9250000e+02;1.4036407e-01;1.9250000e+02;8.9374766e-02;1.9250000e+02;4.4944584e-02;1.9250000e+02;2.2709961e-03;1.9250000e+02;1.5723929e-02;1.9250000e+02;3.4759723e-02;1.9250000e+02;5.7990327e-02;1.9250000e+02;8.5741162e-02;1.9250000e+02;1.1528271e-01;1.9250000e+02;1.4789794e-01;1.9250000e+02;1.8702590e-01;1.9250000e+02;2.1964842e-01;1.9250000e+02;2.4650493e-01;1.9250000e+02;2.6417851e-01;1.9250000e+02;2.7407345e-01;1.9250000e+02;2.6802796e-01;1.9250000e+02;2.3831269e-01;1.9250000e+02;1.9399108e-01;1.9250000e+02;1.4036407e-01;1.9250000e+02;8.9374766e-02;1.9250000e+02;4.4944584e-02;1.9250000e+02;2.2709961e-03;1.9250000e+02;1.5723929e-02;1.9250000e+02;3.4759723e-02;1.9250000e+02;5.7990327e-02;1.9250000e+02;8.5741162e-02;1.9250000e+02;1.1528271e-01;1.9250000e+02;1.4789794e-01;1.9250000e+02;1.8702590e-01;1.9250000e+02;2.1964842e-01;1.9250000e+02;2.4650493e-01;1.9250000e+02;2.6417851e-01;1.9250000e+02;2.7407345e-01;1.9250000e+02;2.6802796e-01;1.9250000e+02;2.3831269e-01;1.9250000e+02;1.9399108e-01;1.9250000e+02;1.4036407e-01;1.9250000e+02;8.9374766e-02;1.9250000e+02;4.4944584e-02;1.9250000e+02;2.2709961e-03;1.9250000e+02;1.5723929e-02;1.9250000e+02;3.4759723e-02;1.9250000e+02;5.7990327e-02;1.9250000e+02;8.5741162e-02;1.9250000e+02;1.1528271e-01;1.9250000e+02;1.4789794e-01;1.9250000e+02;1.8702590e-01;1.9250000e+02;2.1964842e-01;1.9250000e+02;2.4650493e-01;1.9250000e+02;2.6417851e-01;1.9250000e+02;2.7407345e-01;1.9250000e+02;2.6802796e-01;1.9250000e+02;2.3831269e-01;1.9250000e+02;1.9399108e-01;1.9250000e+02;1.4036407e-01;1.9250000e+02;8.9374766e-02;1.9250000e+02;4.4944584e-02;1.9250000e+02;2.2709961e-03;1.9250000e+02;1.5723929e-02;1.9250000e+02;3.4759723e-02;1.9250000e+02;5.7990327e-02;1.9250000e+02;8.5741162e-02;1.9250000e+02;1.1528271e-01;1.9250000e+02;1.4789794e-01;1.9250000e+02;1.8702590e-01;1.9250000e+02;2.1964842e-01;1.9250000e+02;2.4650493e-01;1.9250000e+02;2.6417851e-01;1.9250000e+02;2.7407345e-01;1.9250000e+02;2.6802796e-01;1.9250000e+02;2.3831269e-01;1.9250000e+02;1.9399108e-01;1.9250000e+02;1.4036407e-01;1.9250000e+02;8.9374766e-02;1.9250000e+02;4.4944584e-02;1.9250000e+02;2.2709961e-03;1.9250000e+02;1.5723929e-02;1.9250000e+02;3.4759723e-02;1.9250000e+02;5.7990327e-02;1.9250000e+02;8.5741162e-02;1.9250000e+02;1.1528271e-01;1.9250000e+02;1.4789794e-01;1.9250000e+02;1.8702590e-01;1.9250000e+02;2.1964842e-01;1.9250000e+02;2.4650493e-01;1.9250000e+02;2.6417851e-01;1.9250000e+02;2.7407345e-01;1.9250000e+02;2.6802796e-01;1.9250000e+02;2.3831269e-01;1.9250000e+02;1.9399108e-01;1.9250000e+02;1.4036407e-01;1.9250000e+02;8.9374766e-02;1.9250000e+02;4.4944584e-02;1.9250000e+02;2.2709961e-03;1.9250000e+02;1.5723929e-02;1.9250000e+02;3.4759723e-02;1.9250000e+02;5.7990327e-02;1.9250000e+02;8.5741162e-02;1.9250000e+02;1.1528271e-01;1.9250000e+02;1.4789794e-01;1.9250000e+02;1.8702590e-01;1.9250000e+02;2.1964842e-01;1.9250000e+02;2.4650493e-01;1.9250000e+02;2.6417851e-01;1.9250000e+02;2.7407345e-01;1.9250000e+02;2.6802796e-01;1.9250000e+02;2.3831269e-01;1.9250000e+02;1.9399108e-01;1.9250000e+02;1.4036407e-01;1.9250000e+02;8.9374766e-02;1.9250000e+02;4.4944584e-02;1.9250000e+02;2.2709961e-03;1.9250000e+02;1.5723929e-02;1.9250000e+02;3.4759723e-02;1.9250000e+02;5.7990327e-02;1.9250000e+02;8.5741162e-02;1.9250000e+02;1.1528271e-01;1.9250000e+02;1.4789794e-01;1.9250000e+02;1.8702590e-01;1.9250000e+02;2.1964842e-01;1.9250000e+02;2.4650493e-01;1.9250000e+02;2.6417851e-01;1.9250000e+02;2.7407345e-01;1.9250000e+02;2.6802796e-01;1.9250000e+02;2.3831269e-01;1.9250000e+02;1.9399108e-01;1.9250000e+02;1.4036407e-01;1.9250000e+02;8.9374766e-02;1.9250000e+02;4.4944584e-02;1.9250000e+02;2.2709961e-03;1.9250000e+02;1.5723929e-02;1.9250000e+02;3.4759723e-02;1.9250000e+02;5.7990327e-02;1.9250000e+02;8.5741162e-02;1.9250000e+02;1.1528271e-01;1.9250000e+02;1.4789794e-01;1.9250000e+02;1.8702590e-01;1.9250000e+02;2.1964842e-01;1.9250000e+02;2.4650493e-01;1.9250000e+02;2.6417851e-01;1.9250000e+02;2.7407345e-01;1.9250000e+02;2.6802796e-01;1.9250000e+02;2.3831269e-01;1.9250000e+02;1.9399108e-01;1.9250000e+02;1.4036407e-01;1.9250000e+02;8.9374766e-02;1.9250000e+02;4.4944584e-02;1.9250000e+02;2.2709961e-03;1.9250000e+02;1.5723929e-02;1.9250000e+02;3.4759723e-02;1.9250000e+02;5.7990327e-02;1.9250000e+02;8.5741162e-02;1.9250000e+02;1.1528271e-01;1.9250000e+02;1.4789794e-01;1.9250000e+02;1.8702590e-01;1.9250000e+02;2.1964842e-01;1.9250000e+02;2.4650493e-01;1.9250000e+02;2.6417851e-01;1.9250000e+02;2.7407345e-01;1.9250000e+02;2.6802796e-01;1.9250000e+02;2.3831269e-01;1.9250000e+02;1.9399108e-01;1.9250000e+02;1.4036407e-01;1.9250000e+02;8.9374766e-02;1.9250000e+02;4.4944584e-02;1.9250000e+02;2.2709961e-03;1.9250000e+02;1.5723929e-02;1.9250000e+02;3.4759723e-02;1.9250000e+02;5.7990327e-02;1.9250000e+02;8.5741162e-02;1.9250000e+02;1.1528271e-01;1.9250000e+02;1.4789794e-01;1.9250000e+02;1.8702590e-01;1.9250000e+02;2.1964842e-01;1.9250000e+02;2.4650493e-01;1.9250000e+02;2.6417851e-01;1.9250000e+02;2.7407345e-01;1.9250000e+02;2.6802796e-01;1.9250000e+02;2.3831269e-01;1.9250000e+02;1.9399108e-01;1.9250000e+02;1.4036407e-01;1.9250000e+02;8.9374766e-02;1.9250000e+02;4.4944584e-02;1.9250000e+02;2.2709961e-03;1.9250000e+02;1.5723929e-02;1.9250000e+02;3.4759723e-02;1.9250000e+02;5.7990327e-02;1.9250000e+02;8.5741162e-02;1.9250000e+02;1.1528271e-01;1.9250000e+02;1.4789794e-01;1.9250000e+02;1.8702590e-01;1.9250000e+02;2.1964842e-01;1.9250000e+02;2.4650493e-01;1.9250000e+02;2.6417851e-01;1.9250000e+02;2.7407345e-01;1.9250000e+02;2.6802796e-01;1.9250000e+02;2.3831269e-01;1.9250000e+02;1.9399108e-01;1.9250000e+02;1.4036407e-01;1.9250000e+02;8.9374766e-02;1.9250000e+02;4.4944584e-02;1.9250000e+02;2.2709961e-03;1.9250000e+02;1.5723929e-02;1.9250000e+02;3.4759723e-02;1.9250000e+02;5.7990327e-02;1.9250000e+02;8.5741162e-02;1.9250000e+02;1.1528271e-01;1.9250000e+02;1.4789794e-01;1.9250000e+02;1.8702590e-01;1.9250000e+02;2.1964842e-01;1.9250000e+02;2.4650493e-01;1.9250000e+02;2.6417851e-01;1.9250000e+02;2.7407345e-01;1.9250000e+02;2.6802796e-01;1.9250000e+02;2.3831269e-01;1.9250000e+02;1.9399108e-01;1.9250000e+02;1.4036407e-01;1.9250000e+02;8.9374766e-02;1.9250000e+02;4.4944584e-02;1.9250000e+02;2.2709961e-03;1.9250000e+02;1.5723929e-02;1.9250000e+02;3.4759723e-02;1.9250000e+02;5.7990327e-02;1.9250000e+02;8.5741162e-02;1.9250000e+02;1.1528271e-01;1.9250000e+02;1.4789794e-01;1.9250000e+02;1.8702590e-01;1.9250000e+02;2.1964842e-01;1.9250000e+02;2.4650493e-01;1.9250000e+02;2.6417851e-01;1.9250000e+02;2.7407345e-01;1.9250000e+02;2.6802796e-01;1.9250000e+02;2.3831269e-01;1.9250000e+02;1.9399108e-01;1.9250000e+02;1.4036407e-01;1.9250000e+02;8.9374766e-02;1.9250000e+02;4.4944584e-02;1.9250000e+02;2.2709961e-03;1.9250000e+02;1.5723929e-02;1.9250000e+02;3.4759723e-02;1.9250000e+02;5.7990327e-02;1.9250000e+02;8.5741162e-02;1.9250000e+02;1.1528271e-01;1.9250000e+02;1.4789794e-01;1.9250000e+02;1.8702590e-01;1.9250000e+02;2.1964842e-01;1.9250000e+02;2.4650493e-01;1.9250000e+02;2.6417851e-01;1.9250000e+02;2.7407345e-01;1.9250000e+02;2.6802796e-01;1.9250000e+02;2.3831269e-01;1.9250000e+02;1.9399108e-01;1.9250000e+02;1.4036407e-01;1.9250000e+02;8.9374766e-02;1.9250000e+02;4.4944584e-02;1.9250000e+02;2.2709961e-03;1.9250000e+02;1.5723929e-02;1.9250000e+02;3.4759723e-02;1.9250000e+02;5.7990327e-02;1.9250000e+02;8.5741162e-02;1.9250000e+02;1.1528271e-01;1.9250000e+02;1.4789794e-01;1.9250000e+02;1.8702590e-01;1.9250000e+02;2.1964842e-01;1.9250000e+02;2.4650493e-01;1.9250000e+02;2.6417851e-01;1.9250000e+02;2.7407345e-01;1.9250000e+02;2.6802796e-01;1.9250000e+02;2.3831269e-01;1.9250000e+02;1.9399108e-01;1.9250000e+02;1.4036407e-01;1.9250000e+02;8.9374766e-02;1.9250000e+02;4.4944584e-02;1.9250000e+02;2.2709961e-03;1.9250000e+02;1.5723929e-02;1.9250000e+02;3.4759723e-02;1.9250000e+02;5.7990327e-02;1.9250000e+02;8.5741162e-02;1.9250000e+02;1.1528271e-01;1.9250000e+02;1.4789794e-01;1.9250000e+02;1.8702590e-01;1.9250000e+02;2.1964842e-01;1.9250000e+02;2.4650493e-01;1.9250000e+02;2.6417851e-01;1.9250000e+02;2.7407345e-01;1.9250000e+02;2.6802796e-01;1.9250000e+02;2.3831269e-01;1.9250000e+02;1.9399108e-01;1.9250000e+02;1.4036407e-01;1.9250000e+02;8.9374766e-02;1.9250000e+02;4.4944584e-02;1.9250000e+02;2.2709961e-03;1.9250000e+02;1.5723929e-02;1.9250000e+02;3.4759723e-02;1.9250000e+02;5.7990327e-02;1.9250000e+02;8.5741162e-02;1.9250000e+02;1.1528271e-01;1.9250000e+02;1.4789794e-01;1.9250000e+02;1.8702590e-01;1.9250000e+02;2.1964842e-01;1.9250000e+02;2.4650493e-01;1.9250000e+02;2.6417851e-01;1.9250000e+02;2.7407345e-01;1.9250000e+02;2.6802796e-01;1.9250000e+02;2.3831269e-01;1.9250000e+02;1.9399108e-01;1.9250000e+02;1.4036407e-01;1.9250000e+02;8.9374766e-02;1.9250000e+02;4.4944584e-02;1.9250000e+02;2.2709961e-03;1.9250000e+02;1.5723929e-02;1.9250000e+02;3.4759723e-02;1.9250000e+02;5.7990327e-02;1.9250000e+02;8.5741162e-02;1.9250000e+02;1.1528271e-01;1.9250000e+02;1.4789794e-01;1.9250000e+02;1.8702590e-01;1.9250000e+02;2.1964842e-01;1.9250000e+02;2.4650493e-01;1.9250000e+02;2.6417851e-01;1.9250000e+02;2.7407345e-01;1.9250000e+02;2.6802796e-01;1.9250000e+02;2.3831269e-01;1.9250000e+02;1.9399108e-01;1.9250000e+02;1.4036407e-01;1.9250000e+02;8.9374766e-02;1.9250000e+02;4.4944584e-02;1.9250000e+02;2.2709961e-03;1.9250000e+02;1.5723929e-02;1.9250000e+02;3.4759723e-02;1.9250000e+02;5.7990327e-02;1.9250000e+02;8.5741162e-02;1.9250000e+02;1.1528271e-01;1.9250000e+02;1.4789794e-01;1.9250000e+02;1.8702590e-01;1.9250000e+02;2.1964842e-01;1.9250000e+02;2.4650493e-01;1.9250000e+02;2.6417851e-01;1.9250000e+02;2.7407345e-01;1.9250000e+02;2.6802796e-01;1.9250000e+02;2.3831269e-01;1.9250000e+02;1.9399108e-01;1.9250000e+02;1.4036407e-01;1.9250000e+02;8.9374766e-02;1.9250000e+02;4.4944584e-02;1.9250000e+02;2.2709961e-03;1.9250000e+02;1.5723929e-02;1.9250000e+02;3.4759723e-02;1.9250000e+02;5.7990327e-02;1.9250000e+02;8.5741162e-02;1.9250000e+02;1.1528271e-01;1.9250000e+02;1.4789794e-01;1.9250000e+02;1.8702590e-01;1.9250000e+02;2.1964842e-01;1.9250000e+02;2.4650493e-01;1.9250000e+02;2.6417851e-01;1.9250000e+02;2.7407345e-01;1.9250000e+02;2.6802796e-01;1.9250000e+02;2.3831269e-01;1.9250000e+02;1.9399108e-01;1.9250000e+02;1.4036407e-01;1.9250000e+02;8.9374766e-02;1.9250000e+02;4.4944584e-02;1.9250000e+02;2.2709961e-03;1.9250000e+02;1.5723929e-02;1.9250000e+02;3.4759723e-02;1.9250000e+02;5.7990327e-02;1.9250000e+02;8.5741162e-02;1.9250000e+02;1.1528271e-01;1.9250000e+02;1.4789794e-01;1.9250000e+02;1.8702590e-01;1.9250000e+02;2.1964842e-01;1.9250000e+02;2.4650493e-01;1.9250000e+02;2.6417851e-01;1.9250000e+02;2.7407345e-01;1.9250000e+02;2.6802796e-01;1.9250000e+02;2.3831269e-01;1.9250000e+02;1.9399108e-01;1.9250000e+02;1.4036407e-01;1.9250000e+02;8.9374766e-02;1.9250000e+02;4.4944584e-02;1.9250000e+02;2.2709961e-03;1.9250000e+02;1.5723929e-02;1.9250000e+02;3.4759723e-02;1.9250000e+02;5.7990327e-02;1.9250000e+02;8.5741162e-02;1.9250000e+02;1.1528271e-01;1.9250000e+02;1.4789794e-01;1.9250000e+02;1.8702590e-01;1.9250000e+02;2.1964842e-01;1.9250000e+02;2.4650493e-01;1.9250000e+02;2.6417851e-01;1.9250000e+02;2.7407345e-01;1.9250000e+02;2.6802796e-01;1.9250000e+02;2.3831269e-01;1.9250000e+02;1.9399108e-01;1.9250000e+02;1.4036407e-01;1.9250000e+02;8.9374766e-02;1.9250000e+02;4.4944584e-02;1.9250000e+02;2.2709961e-03;1.9250000e+02;1.5723929e-02;1.9250000e+02;3.4759723e-02;1.9250000e+02;5.7990327e-02;1.9250000e+02;8.5741162e-02;1.9250000e+02;1.1528271e-01;1.9250000e+02;1.4789794e-01;1.9250000e+02;1.8702590e-01;1.9250000e+02;2.1964842e-01;1.9250000e+02;2.4650493e-01;1.9250000e+02;2.6417851e-01;1.9250000e+02;2.7407345e-01;1.9250000e+02;2.6802796e-01;1.9250000e+02;2.3831269e-01;1.9250000e+02;1.9399108e-01;1.9250000e+02;1.4036407e-01;1.9250000e+02;8.9374766e-02;1.9250000e+02;4.4944584e-02;1.9250000e+02;2.2709961e-03;1.9250000e+02;1.5723929e-02;1.9250000e+02;3.4759723e-02;1.9250000e+02;5.7990327e-02;1.9250000e+02;8.5741162e-02;1.9250000e+02;1.1528271e-01;1.9250000e+02;1.4789794e-01;1.9250000e+02;1.8702590e-01;1.9250000e+02;2.1964842e-01;1.9250000e+02;2.4650493e-01;1.9250000e+02;2.6417851e-01;1.9250000e+02;2.7407345e-01;1.9250000e+02;2.6802796e-01;1.9250000e+02;2.3831269e-01;1.9250000e+02;1.9399108e-01;1.9250000e+02;1.4036407e-01;1.9250000e+02;8.9374766e-02;1.9250000e+02;4.4944584e-02;1.9250000e+02;2.2709961e-03;1.9250000e+02;1.5723929e-02;1.9250000e+02;3.4759723e-02;1.9250000e+02;5.7990327e-02;1.9250000e+02;8.5741162e-02;1.9250000e+02;1.1528271e-01;1.9250000e+02;1.4789794e-01;1.9250000e+02;1.8702590e-01;1.9250000e+02;2.1964842e-01;1.9250000e+02;2.4650493e-01;1.9250000e+02;2.6417851e-01;1.9250000e+02;2.7407345e-01;1.9250000e+02;2.6802796e-01;1.9250000e+02;2.3831269e-01;1.9250000e+02;1.9399108e-01;1.9250000e+02;1.4036407e-01;1.9250000e+02;8.9374766e-02;1.9250000e+02;4.4944584e-02;1.9250000e+02;2.2709961e-03;1.9250000e+02;1.5723929e-02;1.9250000e+02;3.4759723e-02;1.9250000e+02;5.7990327e-02;1.9250000e+02;8.5741162e-02;1.9250000e+02;1.1528271e-01;1.9250000e+02;1.4789794e-01;1.9250000e+02;1.8702590e-01;1.9250000e+02;2.1964842e-01;1.9250000e+02;2.4650493e-01;1.9250000e+02;2.6417851e-01;1.9250000e+02;2.7407345e-01;1.9250000e+02;2.6802796e-01;1.9250000e+02;2.3831269e-01;1.9250000e+02;1.9399108e-01;1.9250000e+02;1.4036407e-01;1.9250000e+02;8.9374766e-02;1.9250000e+02;4.4944584e-02;1.9250000e+02;2.2709961e-03;1.9250000e+02;1.5723929e-02;1.9250000e+02;3.4759723e-02;1.9250000e+02;5.7990327e-02;1.9250000e+02;8.5741162e-02;1.9250000e+02;1.1528271e-01;1.9250000e+02;1.4789794e-01;1.9250000e+02;1.8702590e-01;1.9250000e+02;2.1964842e-01;1.9250000e+02;2.4650493e-01;1.9250000e+02;2.6417851e-01;1.9250000e+02;2.7407345e-01;1.9250000e+02;2.6802796e-01;1.9250000e+02;2.3831269e-01;1.9250000e+02;1.9399108e-01;1.9250000e+02;1.4036407e-01;1.9250000e+02;8.9374766e-02;1.9250000e+02;4.4944584e-02;1.9250000e+02;2.2709961e-03;1.9250000e+02;1.5723929e-02;1.9250000e+02;3.4759723e-02;1.9250000e+02;5.7990327e-02;1.9250000e+02;8.5741162e-02;1.9250000e+02;1.1528271e-01;1.9250000e+02;1.4789794e-01;1.9250000e+02;1.8702590e-01;1.9250000e+02;2.1964842e-01;1.9250000e+02;2.4650493e-01;1.9250000e+02;2.6417851e-01;1.9250000e+02;2.7407345e-01;1.9250000e+02;2.6802796e-01;1.9250000e+02;2.3831269e-01;1.9250000e+02;1.9399108e-01;1.9250000e+02;1.4036407e-01;1.9250000e+02;8.9374766e-02;1.9250000e+02;4.4944584e-02;1.9250000e+02;2.2709961e-03;1.9250000e+02;1.5723929e-02;1.9250000e+02;3.4759723e-02;1.9250000e+02;5.7990327e-02;1.9250000e+02;8.5741162e-02;1.9250000e+02;1.1528271e-01;1.9250000e+02;1.4789794e-01;1.9250000e+02;1.8702590e-01;1.9250000e+02;2.1964842e-01;1.9250000e+02;2.4650493e-01;1.9250000e+02;2.6417851e-01;1.9250000e+02;2.7407345e-01;1.9250000e+02;2.6802796e-01;1.9250000e+02;2.3831269e-01;1.9250000e+02;1.9399108e-01;1.9250000e+02;1.4036407e-01;1.9250000e+02;8.9374766e-02;1.9250000e+02;4.4944584e-02;1.9250000e+02;2.2709961e-03;1.9250000e+02;1.5723929e-02;1.9250000e+02;3.4759723e-02;1.9250000e+02;5.7990327e-02;1.9250000e+02;8.5741162e-02;1.9250000e+02;1.1528271e-01;1.9250000e+02;1.4789794e-01;1.9250000e+02;1.8702590e-01;1.9250000e+02;2.1964842e-01;1.9250000e+02;2.4650493e-01;1.9250000e+02;2.6417851e-01;1.9250000e+02;2.7407345e-01;1.9250000e+02;2.6802796e-01;1.9250000e+02;2.3831269e-01;1.9250000e+02;1.9399108e-01;1.9250000e+02;1.4036407e-01;1.9250000e+02;8.9374766e-02;1.9250000e+02;4.4944584e-02;1.9250000e+02;2.2709961e-03;1.9250000e+02;1.5723929e-02;1.9250000e+02;3.4759723e-02;1.9250000e+02;5.7990327e-02;1.9250000e+02;8.5741162e-02;1.9250000e+02;1.1528271e-01;1.9250000e+02;1.4789794e-01;1.9250000e+02;1.8702590e-01;1.9250000e+02;2.1964842e-01;1.9250000e+02;2.4650493e-01;1.9250000e+02;2.6417851e-01;1.9250000e+02;2.7407345e-01;1.9250000e+02;2.6802796e-01;1.9250000e+02;2.3831269e-01;1.9250000e+02;1.9399108e-01;1.9250000e+02;1.4036407e-01;1.9250000e+02;8.9374766e-02;1.9250000e+02;4.4944584e-02;1.9250000e+02;2.2709961e-03;1.9250000e+02;1.5723929e-02;1.9250000e+02;3.4759723e-02;1.9250000e+02;5.7990327e-02;1.9250000e+02;8.5741162e-02;1.9250000e+02;1.1528271e-01;1.9250000e+02;1.4789794e-01;1.9250000e+02;1.8702590e-01;1.9250000e+02;2.1964842e-01;1.9250000e+02;2.4650493e-01;1.9250000e+02;2.6417851e-01;1.9250000e+02;2.7407345e-01;1.9250000e+02;2.6802796e-01;1.9250000e+02;2.3831269e-01;1.9250000e+02;1.9399108e-01;1.9250000e+02;1.4036407e-01;1.9250000e+02;8.9374766e-02;1.9250000e+02;4.4944584e-02;1.9250000e+02;2.2709961e-03;1.9250000e+02;1.5723929e-02;1.9250000e+02;3.4759723e-02;1.9250000e+02;5.7990327e-02;1.9250000e+02;8.5741162e-02;1.9250000e+02;1.1528271e-01;1.9250000e+02;1.4789794e-01;1.9250000e+02;1.8702590e-01;1.9250000e+02;2.1964842e-01;1.9250000e+02;2.4650493e-01;1.9250000e+02;2.6417851e-01;1.9250000e+02;2.7407345e-01;1.9250000e+02;2.6802796e-01;1.9250000e+02;2.3831269e-01;1.9250000e+02;1.9399108e-01;1.9250000e+02;1.4036407e-01;1.9250000e+02;8.9374766e-02;1.9250000e+02;4.4944584e-02;1.9250000e+02;2.2709961e-03;1.9250000e+02;1.5723929e-02;1.9250000e+02;3.4759723e-02;1.9250000e+02;5.7990327e-02;1.9250000e+02;8.5741162e-02;1.9250000e+02;1.1528271e-01;1.9250000e+02;1.4789794e-01;1.9250000e+02;1.8702590e-01;1.9250000e+02;2.1964842e-01;1.9250000e+02;2.4650493e-01;1.9250000e+02;2.6417851e-01;1.9250000e+02;2.7407345e-01;1.9250000e+02;2.6802796e-01;1.9250000e+02;2.3831269e-01;1.9250000e+02;1.9399108e-01;1.9250000e+02;1.4036407e-01;1.9250000e+02;8.9374766e-02;1.9250000e+02;4.4944584e-02;1.9250000e+02;2.2709961e-03;1.9250000e+02;1.5723929e-02;1.9250000e+02;3.4759723e-02;1.9250000e+02;5.7990327e-02;1.9250000e+02;8.5741162e-02;1.9250000e+02;1.1528271e-01;1.9250000e+02;1.4789794e-01;1.9250000e+02;1.8702590e-01;1.9250000e+02;2.1964842e-01;1.9250000e+02;2.4650493e-01;1.9250000e+02;2.6417851e-01;1.9250000e+02;2.7407345e-01;1.9250000e+02;2.6802796e-01;1.9250000e+02;2.3831269e-01;1.9250000e+02;1.9399108e-01;1.9250000e+02;1.4036407e-01;1.9250000e+02;8.9374766e-02;1.9250000e+02;4.4944584e-02;1.9250000e+02;2.2709961e-03;1.9250000e+02;1.5723929e-02;1.9250000e+02;3.4759723e-02;1.9250000e+02;5.7990327e-02;1.9250000e+02;8.5741162e-02;1.9250000e+02;1.1528271e-01;1.9250000e+02;1.4789794e-01;1.9250000e+02;1.8702590e-01;1.9250000e+02;2.1964842e-01;1.9250000e+02;2.4650493e-01;1.9250000e+02;2.6417851e-01;1.9250000e+02;2.7407345e-01;1.9250000e+02;2.6802796e-01;1.9250000e+02;2.3831269e-01;1.9250000e+02;1.9399108e-01;1.9250000e+02;1.4036407e-01;1.9250000e+02;8.9374766e-02;1.9250000e+02;4.4944584e-02;1.9250000e+02;2.2709961e-03;1.9250000e+02;1.5723929e-02;1.9250000e+02;3.4759723e-02;1.9250000e+02;5.7990327e-02;1.9250000e+02;8.5741162e-02;1.9250000e+02;1.1528271e-01;1.9250000e+02;1.4789794e-01;1.9250000e+02;1.8702590e-01;1.9250000e+02;2.1964842e-01;1.9250000e+02;2.4650493e-01;1.9250000e+02;2.6417851e-01;1.9250000e+02;2.7407345e-01;1.9250000e+02;2.6802796e-01;1.9250000e+02;2.3831269e-01;1.9250000e+02;1.9399108e-01;1.9250000e+02;1.4036407e-01;1.9250000e+02;8.9374766e-02;1.9250000e+02;4.4944584e-02;1.9250000e+02;2.2709961e-03;1.9250000e+02;1.5723929e-02;1.9250000e+02;3.4759723e-02;1.9250000e+02;5.7990327e-02;1.9250000e+02;8.5741162e-02;1.9250000e+02;1.1528271e-01;1.9250000e+02;1.4789794e-01;1.9250000e+02;1.8702590e-01;1.9250000e+02;2.1964842e-01;1.9250000e+02;2.4650493e-01;1.9250000e+02;2.6417851e-01;1.9250000e+02;2.7407345e-01;1.9250000e+02;2.6802796e-01;1.9250000e+02;2.3831269e-01;1.9250000e+02;1.9399108e-01;1.9250000e+02;1.4036407e-01;1.9250000e+02;8.9374766e-02;1.9250000e+02;4.4944584e-02;1.9250000e+02;2.2709961e-03;1.9250000e+02;1.5723929e-02;1.9250000e+02;3.4759723e-02;1.9250000e+02;5.7990327e-02;1.9250000e+02;8.5741162e-02;1.9250000e+02;1.1528271e-01;1.9250000e+02;1.4789794e-01;1.9250000e+02;1.8702590e-01;1.9250000e+02;2.1964842e-01;1.9250000e+02;2.4650493e-01;1.9250000e+02;2.6417851e-01;1.9250000e+02;2.7407345e-01;1.9250000e+02;2.6802796e-01;1.9250000e+02;2.3831269e-01;1.9250000e+02;1.9399108e-01;1.9250000e+02;1.4036407e-01;1.9250000e+02;8.9374766e-02;1.9250000e+02;4.4944584e-02;1.9250000e+02;2.2709961e-03;1.9250000e+02;1.5723929e-02;1.9250000e+02;3.4759723e-02;1.9250000e+02;5.7990327e-02;1.9250000e+02;8.5741162e-02;1.9250000e+02;1.1528271e-01;1.9250000e+02;1.4789794e-01;1.9250000e+02;1.8702590e-01;1.9250000e+02;2.1964842e-01;1.9250000e+02;2.4650493e-01;1.9250000e+02;2.6417851e-01;1.9250000e+02;2.7407345e-01;1.9250000e+02;2.6802796e-01;1.9250000e+02;2.3831269e-01;1.9250000e+02;1.9399108e-01;1.9250000e+02;1.4036407e-01;1.9250000e+02;8.9374766e-02;1.9250000e+02;4.4944584e-02;1.9250000e+02;2.2709961e-03;1.9250000e+02;1.5723929e-02;1.9250000e+02;3.4759723e-02;1.9250000e+02;5.7990327e-02;1.9250000e+02;8.5741162e-02;1.9250000e+02;1.1528271e-01;1.9250000e+02;1.4789794e-01;1.9250000e+02;1.8702590e-01;1.9250000e+02;2.1964842e-01;1.9250000e+02;2.4650493e-01;1.9250000e+02;2.6417851e-01;1.9250000e+02;2.7407345e-01;1.9250000e+02;2.6802796e-01;1.9250000e+02;2.3831269e-01;1.9250000e+02;1.9399108e-01;1.9250000e+02;1.4036407e-01;1.9250000e+02;8.9374766e-02;1.9250000e+02;4.4944584e-02;1.9250000e+02;2.2709961e-03;1.9250000e+02;1.5723929e-02;1.9250000e+02;3.4759723e-02;1.9250000e+02;5.7990327e-02;1.9250000e+02;8.5741162e-02;1.9250000e+02;1.1528271e-01;1.9250000e+02;1.4789794e-01;1.9250000e+02;1.8702590e-01;1.9250000e+02;2.1964842e-01;1.9250000e+02;2.4650493e-01;1.9250000e+02;2.6417851e-01;1.9250000e+02;2.7407345e-01;1.9250000e+02;2.6802796e-01;1.9250000e+02;2.3831269e-01;1.9250000e+02;1.9399108e-01;1.9250000e+02;1.4036407e-01;1.9250000e+02;8.9374766e-02;1.9250000e+02;4.4944584e-02;1.9250000e+02;2.2709961e-03;1.9250000e+02;1.5723929e-02;1.9250000e+02;3.4759723e-02;1.9250000e+02;5.7990327e-02;1.9250000e+02;8.5741162e-02;1.9250000e+02;1.1528271e-01;1.9250000e+02;1.4789794e-01;1.9250000e+02;1.8702590e-01;1.9250000e+02;2.1964842e-01;1.9250000e+02;2.4650493e-01;1.9250000e+02;2.6417851e-01;1.9250000e+02;2.7407345e-01;1.9250000e+02;2.6802796e-01;1.9250000e+02;2.3831269e-01;1.9250000e+02;1.9399108e-01;1.9250000e+02;1.4036407e-01;1.9250000e+02;8.9374766e-02;1.9250000e+02;4.4944584e-02;1.9250000e+02;2.2709961e-03;1.9250000e+02;1.5723929e-02;1.9250000e+02;3.4759723e-02;1.9250000e+02;5.7990327e-02;1.9250000e+02;8.5741162e-02;1.9250000e+02;1.1528271e-01;1.9250000e+02;1.4789794e-01;1.9250000e+02;1.8702590e-01;1.9250000e+02;2.1964842e-01;1.9250000e+02;2.4650493e-01;1.9250000e+02;2.6417851e-01;1.9250000e+02;2.7407345e-01;1.9250000e+02;2.6802796e-01;1.9250000e+02;2.3831269e-01;1.9250000e+02;1.9399108e-01;1.9250000e+02;1.4036407e-01;1.9250000e+02;8.9374766e-02;1.9250000e+02;4.4944584e-02;1.9250000e+02;2.2709961e-03;1.9250000e+02;1.5723929e-02;1.9250000e+02;3.4759723e-02;1.9250000e+02;5.7990327e-02;1.9250000e+02;8.5741162e-02;1.9250000e+02;1.1528271e-01;1.9250000e+02;1.4789794e-01;1.9250000e+02;1.8702590e-01;1.9250000e+02;2.1964842e-01;1.9250000e+02;2.4650493e-01;1.9250000e+02;2.6417851e-01;1.9250000e+02;2.7407345e-01;1.9250000e+02;2.6802796e-01;1.9250000e+02;2.3831269e-01;1.9250000e+02;1.9399108e-01;1.9250000e+02;1.4036407e-01;1.9250000e+02;8.9374766e-02;1.9250000e+02;4.4944584e-02;1.9250000e+02;2.2709961e-03;1.9250000e+02;1.5723929e-02;1.9250000e+02;3.4759723e-02;1.9250000e+02;5.7990327e-02;1.9250000e+02;8.5741162e-02;1.9250000e+02;1.1528271e-01;1.9250000e+02;1.4789794e-01;1.9250000e+02;1.8702590e-01;1.9250000e+02;2.1964842e-01;1.9250000e+02;2.4650493e-01;1.9250000e+02;2.6417851e-01;1.9250000e+02;2.7407345e-01;1.9250000e+02;2.6802796e-01;1.9250000e+02;2.3831269e-01;1.9250000e+02;1.9399108e-01;1.9250000e+02;1.4036407e-01;1.9250000e+02;8.9374766e-02;1.9250000e+02;4.4944584e-02;1.9250000e+02;2.2709961e-03;1.9250000e+02;1.5723929e-02;1.9250000e+02;3.4759723e-02;1.9250000e+02;5.7990327e-02;1.9250000e+02;8.5741162e-02;1.9250000e+02;1.1528271e-01;1.9250000e+02;1.4789794e-01;1.9250000e+02;1.8702590e-01;1.9250000e+02;2.1964842e-01;1.9250000e+02;2.4650493e-01;1.9250000e+02;2.6417851e-01;1.9250000e+02;2.7407345e-01;1.9250000e+02;2.6802796e-01;1.9250000e+02;2.3831269e-01;1.9250000e+02;1.9399108e-01;1.9250000e+02;1.4036407e-01;1.9250000e+02;8.9374766e-02;1.9250000e+02;4.4944584e-02;1.9250000e+02;2.2709961e-03;1.9250000e+02;1.5723929e-02;1.9250000e+02;3.4759723e-02;1.9250000e+02;5.7990327e-02;1.9250000e+02;8.5741162e-02;1.9250000e+02;1.1528271e-01;1.9250000e+02;1.4789794e-01;1.9250000e+02;1.8702590e-01;1.9250000e+02;2.1964842e-01;1.9250000e+02;2.4650493e-01;1.9250000e+02;2.6417851e-01;1.9250000e+02;2.7407345e-01;1.9250000e+02;2.6802796e-01;1.9250000e+02;2.3831269e-01;1.9250000e+02;1.9399108e-01;1.9250000e+02;1.4036407e-01;1.9250000e+02;8.9374766e-02;1.9250000e+02;4.4944584e-02;1.9250000e+02;2.2709961e-03;1.9250000e+02;1.5723929e-02;1.9250000e+02;3.4759723e-02;1.9250000e+02;5.7990327e-02;1.9250000e+02;8.5741162e-02;1.9250000e+02;1.1528271e-01;1.9250000e+02;1.4789794e-01;1.9250000e+02;1.8702590e-01;1.9250000e+02;2.1964842e-01;1.9250000e+02;2.4650493e-01;1.9250000e+02;2.6417851e-01;1.9250000e+02;2.7407345e-01;1.9250000e+02;2.6802796e-01;1.9250000e+02;2.3831269e-01;1.9250000e+02;1.9399108e-01;1.9250000e+02;1.4036407e-01;1.9250000e+02;8.9374766e-02;1.9250000e+02;4.4944584e-02;1.9250000e+02;2.2709961e-03;1.9250000e+02;1.5723929e-02;1.9250000e+02;3.4759723e-02;1.9250000e+02;5.7990327e-02;1.9250000e+02;8.5741162e-02;1.9250000e+02;1.1528271e-01;1.9250000e+02;1.4789794e-01;1.9250000e+02;1.8702590e-01;1.9250000e+02;2.1964842e-01;1.9250000e+02;2.4650493e-01;1.9250000e+02;2.6417851e-01;1.9250000e+02;2.7407345e-01;1.9250000e+02;2.6802796e-01;1.9250000e+02;2.3831269e-01;1.9250000e+02;1.9399108e-01;1.9250000e+02;1.4036407e-01;1.9250000e+02;8.9374766e-02;1.9250000e+02;4.4944584e-02;1.9250000e+02;2.2709961e-03;1.9250000e+02;1.5723929e-02;1.9250000e+02;3.4759723e-02;1.9250000e+02;5.7990327e-02;1.9250000e+02;8.5741162e-02;1.9250000e+02;1.1528271e-01;1.9250000e+02;1.4789794e-01;1.9250000e+02;1.8702590e-01;1.9250000e+02;2.1964842e-01;1.9250000e+02;2.4650493e-01;1.9250000e+02;2.6417851e-01;1.9250000e+02;2.7407345e-01;1.9250000e+02;2.6802796e-01;1.9250000e+02;2.3831269e-01;1.9250000e+02;1.9399108e-01;1.9250000e+02;1.4036407e-01;1.9250000e+02;8.9374766e-02;1.9250000e+02;4.4944584e-02;1.9250000e+02;2.2709961e-03;1.9250000e+02;1.5723929e-02;1.9250000e+02;3.4759723e-02;1.9250000e+02;5.7990327e-02;1.9250000e+02;8.5741162e-02;1.9250000e+02;1.1528271e-01;1.9250000e+02;1.4789794e-01;1.9250000e+02;1.8702590e-01;1.9250000e+02;2.1964842e-01;1.9250000e+02;2.4650493e-01;1.9250000e+02;2.6417851e-01;1.9250000e+02;2.7407345e-01;1.9250000e+02;2.6802796e-01;1.9250000e+02;2.3831269e-01;1.9250000e+02;1.9399108e-01;1.9250000e+02;1.4036407e-01;1.9250000e+02;8.9374766e-02;1.9250000e+02;4.4944584e-02;1.9250000e+02;2.2709961e-03;1.9250000e+02;1.5723929e-02;1.9250000e+02;3.4759723e-02;1.9250000e+02;5.7990327e-02;1.9250000e+02;8.5741162e-02;1.9250000e+02;1.1528271e-01;1.9250000e+02;1.4789794e-01;1.9250000e+02;1.8702590e-01;1.9250000e+02;2.1964842e-01;1.9250000e+02;2.4650493e-01;1.9250000e+02;2.6417851e-01;1.9250000e+02;2.7407345e-01;1.9250000e+02;2.6802796e-01;1.9250000e+02;2.3831269e-01;1.9250000e+02;1.9399108e-01;1.9250000e+02;1.4036407e-01;1.9250000e+02;8.9374766e-02;1.9250000e+02;4.4944584e-02;1.9250000e+02;2.2709961e-03;1.9250000e+02;1.5723929e-02;1.9250000e+02;3.4759723e-02;1.9250000e+02;5.7990327e-02;1.9250000e+02;8.5741162e-02;1.9250000e+02;1.1528271e-01;1.9250000e+02;1.4789794e-01;1.9250000e+02;1.8702590e-01;1.9250000e+02;2.1964842e-01;1.9250000e+02;2.4650493e-01;1.9250000e+02;2.6417851e-01;1.9250000e+02;2.7407345e-01;1.9250000e+02;2.6802796e-01;1.9250000e+02;2.3831269e-01;1.9250000e+02;1.9399108e-01;1.9250000e+02;1.4036407e-01;1.9250000e+02;8.9374766e-02;1.9250000e+02;4.4944584e-02;1.9250000e+02;2.2709961e-03;1.9250000e+02;1.5723929e-02;1.9250000e+02;3.4759723e-02;1.9250000e+02;5.7990327e-02;1.9250000e+02;8.5741162e-02;1.9250000e+02;1.1528271e-01;1.9250000e+02;1.4789794e-01;1.9250000e+02;1.8702590e-01;1.9250000e+02;2.1964842e-01;1.9250000e+02;2.4650493e-01;1.9250000e+02;2.6417851e-01;1.9250000e+02;2.7407345e-01;1.9250000e+02;2.6802796e-01;1.9250000e+02;2.3831269e-01;1.9250000e+02;1.9399108e-01;1.9250000e+02;1.4036407e-01;1.9250000e+02;8.9374766e-02;1.9250000e+02;4.4944584e-02;1.9250000e+02;2.2709961e-03;1.9250000e+02;1.5723929e-02;1.9250000e+02;3.4759723e-02;1.9250000e+02;5.7990327e-02;1.9250000e+02;8.5741162e-02;1.9250000e+02;1.1528271e-01;1.9250000e+02;1.4789794e-01;1.9250000e+02;1.8702590e-01;1.9250000e+02;2.1964842e-01;1.9250000e+02;2.4650493e-01;1.9250000e+02;2.6417851e-01;1.9250000e+02;2.7407345e-01;1.9250000e+02;2.6802796e-01;1.9250000e+02;2.3831269e-01;1.9250000e+02;1.9399108e-01;1.9250000e+02;1.4036407e-01;1.9250000e+02;8.9374766e-02;1.9250000e+02;4.4944584e-02;1.9250000e+02;2.2709961e-03;1.9250000e+02;1.5723929e-02;1.9250000e+02;3.4759723e-02;1.9250000e+02;5.7990327e-02;1.9250000e+02;8.5741162e-02;1.9250000e+02;1.1528271e-01;1.9250000e+02;1.4789794e-01;1.9250000e+02;1.8702590e-01;1.9250000e+02;2.1964842e-01;1.9250000e+02;2.4650493e-01;1.9250000e+02;2.6417851e-01;1.9250000e+02;2.7407345e-01;1.9250000e+02;2.6802796e-01;1.9250000e+02;2.3831269e-01;1.9250000e+02;1.9399108e-01;1.9250000e+02;1.4036407e-01;1.9250000e+02;8.9374766e-02;1.9250000e+02;4.4944584e-02;1.9250000e+02;2.2709961e-03;1.9250000e+02;1.5723929e-02;1.9250000e+02;3.4759723e-02;1.9250000e+02;5.7990327e-02;1.9250000e+02;8.5741162e-02;1.9250000e+02;1.1528271e-01;1.9250000e+02;1.4789794e-01;1.9250000e+02;1.8702590e-01;1.9250000e+02;2.1964842e-01;1.9250000e+02;2.4650493e-01;1.9250000e+02;2.6417851e-01;1.9250000e+02;2.7407345e-01;1.9250000e+02;2.6802796e-01;1.9250000e+02;2.3831269e-01;1.9250000e+02;1.9399108e-01;1.9250000e+02;1.4036407e-01;1.9250000e+02;8.9374766e-02;1.9250000e+02;4.4944584e-02;1.9250000e+02;2.2709961e-03;1.9250000e+02;1.5723929e-02;1.9250000e+02;3.4759723e-02;1.9250000e+02;5.7990327e-02;1.9250000e+02;8.5741162e-02;1.9250000e+02;1.1528271e-01;1.9250000e+02;1.4789794e-01;1.9250000e+02;1.8702590e-01;1.9250000e+02;2.1964842e-01;1.9250000e+02;2.4650493e-01;1.9250000e+02;2.6417851e-01;1.9250000e+02;2.7407345e-01;1.9250000e+02;2.6802796e-01;1.9250000e+02;2.3831269e-01;1.9250000e+02;1.9399108e-01;1.9250000e+02;1.4036407e-01;1.9250000e+02;8.9374766e-02;1.9250000e+02;4.4944584e-02;1.9250000e+02;2.2709961e-03;1.9250000e+02;1.5723929e-02;1.9250000e+02;3.4759723e-02;1.9250000e+02;5.7990327e-02;1.9250000e+02;8.5741162e-02;1.9250000e+02;1.1528271e-01;1.9250000e+02;1.4789794e-01;1.9250000e+02;1.8702590e-01;1.9250000e+02;2.1964842e-01;1.9250000e+02;2.4650493e-01;1.9250000e+02;2.6417851e-01;1.9250000e+02;2.7407345e-01;1.9250000e+02;2.6802796e-01;1.9250000e+02;2.3831269e-01;1.9250000e+02;1.9399108e-01;1.9250000e+02;1.4036407e-01;1.9250000e+02;8.9374766e-02;1.9250000e+02;4.4944584e-02;1.9250000e+02;2.2709961e-03;1.9250000e+02;1.5723929e-02;1.9250000e+02;3.4759723e-02;1.9250000e+02;5.7990327e-02;1.9250000e+02;8.5741162e-02;1.9250000e+02;1.1528271e-01;1.9250000e+02;1.4789794e-01;1.9250000e+02;1.8702590e-01;1.9250000e+02;2.1964842e-01;1.9250000e+02;2.4650493e-01;1.9250000e+02;2.6417851e-01;1.9250000e+02;2.7407345e-01;1.9250000e+02;2.6802796e-01;1.9250000e+02;2.3831269e-01;1.9250000e+02;1.9399108e-01;1.9250000e+02;1.4036407e-01;1.9250000e+02;8.9374766e-02;1.9250000e+02;4.4944584e-02;1.9250000e+02;2.2709961e-03;1.9250000e+02;1.5723929e-02;1.9250000e+02;3.4759723e-02;1.9250000e+02;5.7990327e-02;1.9250000e+02;8.5741162e-02;1.9250000e+02;1.1528271e-01;1.9250000e+02;1.4789794e-01;1.9250000e+02;1.8702590e-01;1.9250000e+02;2.1964842e-01;1.9250000e+02;2.4650493e-01;1.9250000e+02;2.6417851e-01;1.9250000e+02;2.7407345e-01;1.9250000e+02;2.6802796e-01;1.9250000e+02;2.3831269e-01;1.9250000e+02;1.9399108e-01;1.9250000e+02;1.4036407e-01;1.9250000e+02;8.9374766e-02;1.9250000e+02;4.4944584e-02;1.9250000e+02;2.2709961e-03;1.9250000e+02;1.5723929e-02;1.9250000e+02;3.4759723e-02;1.9250000e+02;5.7990327e-02;1.9250000e+02;8.5741162e-02;1.9250000e+02;1.1528271e-01;1.9250000e+02;1.4789794e-01;1.9250000e+02;1.8702590e-01;1.9250000e+02;2.1964842e-01;1.9250000e+02;2.4650493e-01;1.9250000e+02;2.6417851e-01;1.9250000e+02;2.7407345e-01;1.9250000e+02;2.6802796e-01;1.9250000e+02;2.3831269e-01;1.9250000e+02;1.9399108e-01;1.9250000e+02;1.4036407e-01;1.9250000e+02;8.9374766e-02;1.9250000e+02;4.4944584e-02;1.9250000e+02;2.2709961e-03;1.9250000e+02;1.5723929e-02;1.9250000e+02;3.4759723e-02;1.9250000e+02;5.7990327e-02;1.9250000e+02;8.5741162e-02;1.9250000e+02;1.1528271e-01;1.9250000e+02;1.4789794e-01;1.9250000e+02;1.8702590e-01;1.9250000e+02;2.1964842e-01;1.9250000e+02;2.4650493e-01;1.9250000e+02;2.6417851e-01;1.9250000e+02;2.7407345e-01;1.9250000e+02;2.6802796e-01;1.9250000e+02;2.3831269e-01;1.9250000e+02;1.9399108e-01;1.9250000e+02;1.4036407e-01;1.9250000e+02;8.9374766e-02;1.9250000e+02;4.4944584e-02;1.9250000e+02;2.2709961e-03;1.9250000e+02;1.5723929e-02;1.9250000e+02;3.4759723e-02;1.9250000e+02;5.7990327e-02;1.9250000e+02;8.5741162e-02;1.9250000e+02;1.1528271e-01;1.9250000e+02;1.4789794e-01;1.9250000e+02;1.8702590e-01;1.9250000e+02;2.1964842e-01;1.9250000e+02;2.4650493e-01;1.9250000e+02;2.6417851e-01;1.9250000e+02;2.7407345e-01;1.9250000e+02;2.6802796e-01;1.9250000e+02;2.3831269e-01;1.9250000e+02;1.9399108e-01;1.9250000e+02;1.4036407e-01;1.9250000e+02;8.9374766e-02;1.9250000e+02;4.4944584e-02;1.9250000e+02;2.2709961e-03;1.9250000e+02;1.5723929e-02;1.9250000e+02;3.4759723e-02;1.9250000e+02;5.7990327e-02;1.9250000e+02;8.5741162e-02;1.9250000e+02;1.1528271e-01;1.9250000e+02;1.4789794e-01;1.9250000e+02;1.8702590e-01;1.9250000e+02;2.1964842e-01;1.9250000e+02;2.4650493e-01;1.9250000e+02;2.6417851e-01;1.9250000e+02;2.7407345e-01;1.9250000e+02;2.6802796e-01;1.9250000e+02;2.3831269e-01;1.9250000e+02;1.9399108e-01;1.9250000e+02;1.4036407e-01;1.9250000e+02;8.9374766e-02;1.9250000e+02;4.4944584e-02;1.9250000e+02;2.2709961e-03;1.9250000e+02;1.5723929e-02;1.9250000e+02;3.4759723e-02;1.9250000e+02;5.7990327e-02;1.9250000e+02;8.5741162e-02;1.9250000e+02;1.1528271e-01;1.9250000e+02;1.4789794e-01;1.9250000e+02;1.8702590e-01;1.9250000e+02;2.1964842e-01;1.9250000e+02;2.4650493e-01;1.9250000e+02;2.6417851e-01;1.9250000e+02;2.7407345e-01;1.9250000e+02;2.6802796e-01;1.9250000e+02;2.3831269e-01;1.9250000e+02;1.9399108e-01;1.9250000e+02;1.4036407e-01;1.9250000e+02;8.9374766e-02;1.9250000e+02;4.4944584e-02;1.9250000e+02;2.2709961e-03;1.9250000e+02;1.5723929e-02;1.9250000e+02;3.4759723e-02;1.9250000e+02;5.7990327e-02;1.9250000e+02;8.5741162e-02;1.9250000e+02;1.1528271e-01;1.9250000e+02;1.4789794e-01;1.9250000e+02;1.8702590e-01;1.9250000e+02;2.1964842e-01;1.9250000e+02;2.4650493e-01;1.9250000e+02;2.6417851e-01;1.9250000e+02;2.7407345e-01;1.9250000e+02;2.6802796e-01;1.9250000e+02;2.3831269e-01;1.9250000e+02;1.9399108e-01;1.9250000e+02;1.4036407e-01;1.9250000e+02;8.9374766e-02;1.9250000e+02;4.4944584e-02;1.9250000e+02;2.2709961e-03;1.9250000e+02;1.5723929e-02;1.9250000e+02;3.4759723e-02;1.9250000e+02;5.7990327e-02;1.9250000e+02;8.5741162e-02;1.9250000e+02;1.1528271e-01;1.9250000e+02;1.4789794e-01;1.9250000e+02;1.8702590e-01;1.9250000e+02;2.1964842e-01;1.9250000e+02;2.4650493e-01;1.9250000e+02;2.6417851e-01;1.9250000e+02;2.7407345e-01;1.9250000e+02;2.6802796e-01;1.9250000e+02;2.3831269e-01;1.9250000e+02;1.9399108e-01;1.9250000e+02;1.4036407e-01;1.9250000e+02;8.9374766e-02;1.9250000e+02;4.4944584e-02;1.9250000e+02;2.2709961e-03;1.9250000e+02;1.5723929e-02;1.9250000e+02;3.4759723e-02;1.9250000e+02;5.7990327e-02;1.9250000e+02;8.5741162e-02;1.9250000e+02;1.1528271e-01;1.9250000e+02;1.4789794e-01;1.9250000e+02;1.8702590e-01;1.9250000e+02;2.1964842e-01;1.9250000e+02;2.4650493e-01;1.9250000e+02;2.6417851e-01;1.9250000e+02;2.7407345e-01;1.9250000e+02;2.6802796e-01;1.9250000e+02;2.3831269e-01;1.9250000e+02;1.9399108e-01;1.9250000e+02;1.4036407e-01;1.9250000e+02;8.9374766e-02;1.9250000e+02;4.4944584e-02;1.9250000e+02;2.2709961e-03;1.9250000e+02;1.5723929e-02;1.9250000e+02;3.4759723e-02;1.9250000e+02;5.7990327e-02;1.9250000e+02;8.5741162e-02;1.9250000e+02;1.1528271e-01;1.9250000e+02;1.4789794e-01;1.9250000e+02;1.8702590e-01;1.9250000e+02;2.1964842e-01;1.9250000e+02;2.4650493e-01;1.9250000e+02;2.6417851e-01;1.9250000e+02;2.7407345e-01;1.9250000e+02;2.6802796e-01;1.9250000e+02;2.3831269e-01;1.9250000e+02;1.9399108e-01;1.9250000e+02;1.4036407e-01;1.9250000e+02;8.9374766e-02;1.9250000e+02;4.4944584e-02;1.9250000e+02;2.2709961e-03;1.9250000e+02;1.5723929e-02;1.9250000e+02;3.4759723e-02;1.9250000e+02;5.7990327e-02;1.9250000e+02;8.5741162e-02;1.9250000e+02;1.1528271e-01;1.9250000e+02;1.4789794e-01;1.9250000e+02;1.8702590e-01;1.9250000e+02;2.1964842e-01;1.9250000e+02;2.4650493e-01;1.9250000e+02;2.6417851e-01;1.9250000e+02;2.7407345e-01;1.9250000e+02;2.6802796e-01;1.9250000e+02;2.3831269e-01;1.9250000e+02;1.9399108e-01;1.9250000e+02;1.4036407e-01;1.9250000e+02;8.9374766e-02;1.9250000e+02;4.4944584e-02;1.9250000e+02;2.2709961e-03;1.9250000e+02;1.5723929e-02;1.9250000e+02;3.4759723e-02;1.9250000e+02;5.7990327e-02;1.9250000e+02;8.5741162e-02;1.9250000e+02;1.1528271e-01;1.9250000e+02;1.4789794e-01;1.9250000e+02;1.8702590e-01;1.9250000e+02;2.1964842e-01;1.9250000e+02;2.4650493e-01;1.9250000e+02;2.6417851e-01;1.9250000e+02;2.7407345e-01;1.9250000e+02;2.6802796e-01;1.9250000e+02;2.3831269e-01;1.9250000e+02;1.9399108e-01;1.9250000e+02;1.4036407e-01;1.9250000e+02;8.9374766e-02;1.9250000e+02;4.4944584e-02;1.9250000e+02;2.2709961e-03;1.9250000e+02;1.5723929e-02;1.9250000e+02;3.4759723e-02;1.9250000e+02;5.7990327e-02;1.9250000e+02;8.5741162e-02;1.9250000e+02;1.1528271e-01;1.9250000e+02;1.4789794e-01;1.9250000e+02;1.8702590e-01;1.9250000e+02;2.1964842e-01;1.9250000e+02;2.4650493e-01;1.9250000e+02;2.6417851e-01;1.9250000e+02;2.7407345e-01;1.9250000e+02;2.6802796e-01;1.9250000e+02;2.3831269e-01;1.9250000e+02;1.9399108e-01;1.9250000e+02;1.4036407e-01;1.9250000e+02;8.9374766e-02;1.9250000e+02;4.4944584e-02
1.9750000e+02;1.2771413e-04;1.9750000e+02;1.2388228e-02;1.9750000e+02;3.0650983e-02;1.9750000e+02;5.2904457e-02;1.9750000e+02;7.9919279e-02;1.9750000e+02;1.0849637e-01;1.9750000e+02;1.4227760e-01;1.9750000e+02;1.7912300e-01;1.9750000e+02;2.0801727e-01;1.9750000e+02;2.3118606e-01;1.9750000e+02;2.4928719e-01;1.9750000e+02;2.6336583e-01;1.9750000e+02;2.6266217e-01;1.9750000e+02;2.3588112e-01;1.9750000e+02;1.9208215e-01;1.9750000e+02;1.3862595e-01;1.9750000e+02;8.7346084e-02;1.9750000e+02;4.1854858e-02;1.9750000e+02;1.2771413e-04;1.9750000e+02;1.2388228e-02;1.9750000e+02;3.0650983e-02;1.9750000e+02;5.2904457e-02;1.9750000e+02;7.9919279e-02;1.9750000e+02;1.0849637e-01;1.9750000e+02;1.4227760e-01;1.9750000e+02;1.7912300e-01;1.9750000e+02;2.0801727e-01;1.9750000e+02;2.3118606e-01;1.9750000e+02;2.4928719e-01;1.9750000e+02;2.6336583e-01;1.9750000e+02;2.6266217e-01;1.9750000e+02;2.3588112e-01;1.9750000e+02;1.9208215e-01;1.9750000e+02;1.3862595e-01;1.9750000e+02;8.7346084e-02;1.9750000e+02;4.1854858e-02;1.9750000e+02;1.2771413e-04;1.9750000e+02;1.2388228e-02;1.9750000e+02;3.0650983e-02;1.9750000e+02;5.2904457e-02;1.9750000e+02;7.9919279e-02;1.9750000e+02;1.0849637e-01;1.9750000e+02;1.4227760e-01;1.9750000e+02;1.7912300e-01;1.9750000e+02;2.0801727e-01;1.9750000e+02;2.3118606e-01;1.9750000e+02;2.4928719e-01;1.9750000e+02;2.6336583e-01;1.9750000e+02;2.6266217e-01;1.9750000e+02;2.3588112e-01;1.9750000e+02;1.9208215e-01;1.9750000e+02;1.3862595e-01;1.9750000e+02;8.7346084e-02;1.9750000e+02;4.1854858e-02;1.9750000e+02;1.2771413e-04;1.9750000e+02;1.2388228e-02;1.9750000e+02;3.0650983e-02;1.9750000e+02;5.2904457e-02;1.9750000e+02;7.9919279e-02;1.9750000e+02;1.0849637e-01;1.9750000e+02;1.4227760e-01;1.9750000e+02;1.7912300e-01;1.9750000e+02;2.0801727e-01;1.9750000e+02;2.3118606e-01;1.9750000e+02;2.4928719e-01;1.9750000e+02;2.6336583e-01;1.9750000e+02;2.6266217e-01;1.9750000e+02;2.3588112e-01;1.9750000e+02;1.9208215e-01;1.9750000e+02;1.3862595e-01;1.9750000e+02;8.7346084e-02;1.9750000e+02;4.1854858e-02;1.9750000e+02;1.2771413e-04;1.9750000e+02;1.2388228e-02;1.9750000e+02;3.0650983e-02;1.9750000e+02;5.2904457e-02;1.9750000e+02;7.9919279e-02;1.9750000e+02;1.0849637e-01;1.9750000e+02;1.4227760e-01;1.9750000e+02;1.7912300e-01;1.9750000e+02;2.0801727e-01;1.9750000e+02;2.3118606e-01;1.9750000e+02;2.4928719e-01;1.9750000e+02;2.6336583e-01;1.9750000e+02;2.6266217e-01;1.9750000e+02;2.3588112e-01;1.9750000e+02;1.9208215e-01;1.9750000e+02;1.3862595e-01;1.9750000e+02;8.7346084e-02;1.9750000e+02;4.1854858e-02;1.9750000e+02;1.2771413e-04;1.9750000e+02;1.2388228e-02;1.9750000e+02;3.0650983e-02;1.9750000e+02;5.2904457e-02;1.9750000e+02;7.9919279e-02;1.9750000e+02;1.0849637e-01;1.9750000e+02;1.4227760e-01;1.9750000e+02;1.7912300e-01;1.9750000e+02;2.0801727e-01;1.9750000e+02;2.3118606e-01;1.9750000e+02;2.4928719e-01;1.9750000e+02;2.6336583e-01;1.9750000e+02;2.6266217e-01;1.9750000e+02;2.3588112e-01;1.9750000e+02;1.9208215e-01;1.9750000e+02;1.3862595e-01;1.9750000e+02;8.7346084e-02;1.9750000e+02;4.1854858e-02;1.9750000e+02;1.2771413e-04;1.9750000e+02;1.2388228e-02;1.9750000e+02;3.0650983e-02;1.9750000e+02;5.2904457e-02;1.9750000e+02;7.9919279e-02;1.9750000e+02;1.0849637e-01;1.9750000e+02;1.4227760e-01;1.9750000e+02;1.7912300e-01;1.9750000e+02;2.0801727e-01;1.9750000e+02;2.3118606e-01;1.9750000e+02;2.4928719e-01;1.9750000e+02;2.6336583e-01;1.9750000e+02;2.6266217e-01;1.9750000e+02;2.3588112e-01;1.9750000e+02;1.9208215e-01;1.9750000e+02;1.3862595e-01;1.9750000e+02;8.7346084e-02;1.9750000e+02;4.1854858e-02;1.9750000e+02;1.2771413e-04;1.9750000e+02;1.2388228e-02;1.9750000e+02;3.0650983e-02;1.9750000e+02;5.2904457e-02;1.9750000e+02;7.9919279e-02;1.9750000e+02;1.0849637e-01;1.9750000e+02;1.4227760e-01;1.9750000e+02;1.7912300e-01;1.9750000e+02;2.0801727e-01;1.9750000e+02;2.3118606e-01;1.9750000e+02;2.4928719e-01;1.9750000e+02;2.6336583e-01;1.9750000e+02;2.6266217e-01;1.9750000e+02;2.3588112e-01;1.9750000e+02;1.9208215e-01;1.9750000e+02;1.3862595e-01;1.9750000e+02;8.7346084e-02;1.9750000e+02;4.1854858e-02;1.9750000e+02;1.2771413e-04;1.9750000e+02;1.2388228e-02;1.9750000e+02;3.0650983e-02;1.9750000e+02;5.2904457e-02;1.9750000e+02;7.9919279e-02;1.9750000e+02;1.0849637e-01;1.9750000e+02;1.4227760e-01;1.9750000e+02;1.7912300e-01;1.9750000e+02;2.0801727e-01;1.9750000e+02;2.3118606e-01;1.9750000e+02;2.4928719e-01;1.9750000e+02;2.6336583e-01;1.9750000e+02;2.6266217e-01;1.9750000e+02;2.3588112e-01;1.9750000e+02;1.9208215e-01;1.9750000e+02;1.3862595e-01;1.9750000e+02;8.7346084e-02;1.9750000e+02;4.1854858e-02;1.9750000e+02;1.2771413e-04;1.9750000e+02;1.2388228e-02;1.9750000e+02;3.0650983e-02;1.9750000e+02;5.2904457e-02;1.9750000e+02;7.9919279e-02;1.9750000e+02;1.0849637e-01;1.9750000e+02;1.4227760e-01;1.9750000e+02;1.7912300e-01;1.9750000e+02;2.0801727e-01;1.9750000e+02;2.3118606e-01;1.9750000e+02;2.4928719e-01;1.9750000e+02;2.6336583e-01;1.9750000e+02;2.6266217e-01;1.9750000e+02;2.3588112e-01;1.9750000e+02;1.9208215e-01;1.9750000e+02;1.3862595e-01;1.9750000e+02;8.7346084e-02;1.9750000e+02;4.1854858e-02;1.9750000e+02;1.2771413e-04;1.9750000e+02;1.2388228e-02;1.9750000e+02;3.0650983e-02;1.9750000e+02;5.2904457e-02;1.9750000e+02;7.9919279e-02;1.9750000e+02;1.0849637e-01;1.9750000e+02;1.4227760e-01;1.9750000e+02;1.7912300e-01;1.9750000e+02;2.0801727e-01;1.9750000e+02;2.3118606e-01;1.9750000e+02;2.4928719e-01;1.9750000e+02;2.6336583e-01;1.9750000e+02;2.6266217e-01;1.9750000e+02;2.3588112e-01;1.9750000e+02;1.9208215e-01;1.9750000e+02;1.3862595e-01;1.9750000e+02;8.7346084e-02;1.9750000e+02;4.1854858e-02;1.9750000e+02;1.2771413e-04;1.9750000e+02;1.2388228e-02;1.9750000e+02;3.0650983e-02;1.9750000e+02;5.2904457e-02;1.9750000e+02;7.9919279e-02;1.9750000e+02;1.0849637e-01;1.9750000e+02;1.4227760e-01;1.9750000e+02;1.7912300e-01;1.9750000e+02;2.0801727e-01;1.9750000e+02;2.3118606e-01;1.9750000e+02;2.4928719e-01;1.9750000e+02;2.6336583e-01;1.9750000e+02;2.6266217e-01;1.9750000e+02;2.3588112e-01;1.9750000e+02;1.9208215e-01;1.9750000e+02;1.3862595e-01;1.9750000e+02;8.7346084e-02;1.9750000e+02;4.1854858e-02;1.9750000e+02;1.2771413e-04;1.9750000e+02;1.2388228e-02;1.9750000e+02;3.0650983e-02;1.9750000e+02;5.2904457e-02;1.9750000e+02;7.9919279e-02;1.9750000e+02;1.0849637e-01;1.9750000e+02;1.4227760e-01;1.9750000e+02;1.7912300e-01;1.9750000e+02;2.0801727e-01;1.9750000e+02;2.3118606e-01;1.9750000e+02;2.4928719e-01;1.9750000e+02;2.6336583e-01;1.9750000e+02;2.6266217e-01;1.9750000e+02;2.3588112e-01;1.9750000e+02;1.9208215e-01;1.9750000e+02;1.3862595e-01;1.9750000e+02;8.7346084e-02;1.9750000e+02;4.1854858e-02;1.9750000e+02;1.2771413e-04;1.9750000e+02;1.2388228e-02;1.9750000e+02;3.0650983e-02;1.9750000e+02;5.2904457e-02;1.9750000e+02;7.9919279e-02;1.9750000e+02;1.0849637e-01;1.9750000e+02;1.4227760e-01;1.9750000e+02;1.7912300e-01;1.9750000e+02;2.0801727e-01;1.9750000e+02;2.3118606e-01;1.9750000e+02;2.4928719e-01;1.9750000e+02;2.6336583e-01;1.9750000e+02;2.6266217e-01;1.9750000e+02;2.3588112e-01;1.9750000e+02;1.9208215e-01;1.9750000e+02;1.3862595e-01;1.9750000e+02;8.7346084e-02;1.9750000e+02;4.1854858e-02;1.9750000e+02;1.2771413e-04;1.9750000e+02;1.2388228e-02;1.9750000e+02;3.0650983e-02;1.9750000e+02;5.2904457e-02;1.9750000e+02;7.9919279e-02;1.9750000e+02;1.0849637e-01;1.9750000e+02;1.4227760e-01;1.9750000e+02;1.7912300e-01;1.9750000e+02;2.0801727e-01;1.9750000e+02;2.3118606e-01;1.9750000e+02;2.4928719e-01;1.9750000e+02;2.6336583e-01;1.9750000e+02;2.6266217e-01;1.9750000e+02;2.3588112e-01;1.9750000e+02;1.9208215e-01;1.9750000e+02;1.3862595e-01;1.9750000e+02;8.7346084e-02;1.9750000e+02;4.1854858e-02;1.9750000e+02;1.2771413e-04;1.9750000e+02;1.2388228e-02;1.9750000e+02;3.0650983e-02;1.9750000e+02;5.2904457e-02;1.9750000e+02;7.9919279e-02;1.9750000e+02;1.0849637e-01;1.9750000e+02;1.4227760e-01;1.9750000e+02;1.7912300e-01;1.9750000e+02;2.0801727e-01;1.9750000e+02;2.3118606e-01;1.9750000e+02;2.4928719e-01;1.9750000e+02;2.6336583e-01;1.9750000e+02;2.6266217e-01;1.9750000e+02;2.3588112e-01;1.9750000e+02;1.9208215e-01;1.9750000e+02;1.3862595e-01;1.9750000e+02;8.7346084e-02;1.9750000e+02;4.1854858e-02;1.9750000e+02;1.2771413e-04;1.9750000e+02;1.2388228e-02;1.9750000e+02;3.0650983e-02;1.9750000e+02;5.2904457e-02;1.9750000e+02;7.9919279e-02;1.9750000e+02;1.0849637e-01;1.9750000e+02;1.4227760e-01;1.9750000e+02;1.7912300e-01;1.9750000e+02;2.0801727e-01;1.9750000e+02;2.3118606e-01;1.9750000e+02;2.4928719e-01;1.9750000e+02;2.6336583e-01;1.9750000e+02;2.6266217e-01;1.9750000e+02;2.3588112e-01;1.9750000e+02;1.9208215e-01;1.9750000e+02;1.3862595e-01;1.9750000e+02;8.7346084e-02;1.9750000e+02;4.1854858e-02;1.9750000e+02;1.2771413e-04;1.9750000e+02;1.2388228e-02;1.9750000e+02;3.0650983e-02;1.9750000e+02;5.2904457e-02;1.9750000e+02;7.9919279e-02;1.9750000e+02;1.0849637e-01;1.9750000e+02;1.4227760e-01;1.9750000e+02;1.7912300e-01;1.9750000e+02;2.0801727e-01;1.9750000e+02;2.3118606e-01;1.9750000e+02;2.4928719e-01;1.9750000e+02;2.6336583e-01;1.9750000e+02;2.6266217e-01;1.9750000e+02;2.3588112e-01;1.9750000e+02;1.9208215e-01;1.9750000e+02;1.3862595e-01;1.9750000e+02;8.7346084e-02;1.9750000e+02;4.1854858e-02;1.9750000e+02;1.2771413e-04;1.9750000e+02;1.2388228e-02;1.9750000e+02;3.0650983e-02;1.9750000e+02;5.2904457e-02;1.9750000e+02;7.9919279e-02;1.9750000e+02;1.0849637e-01;1.9750000e+02;1.4227760e-01;1.9750000e+02;1.7912300e-01;1.9750000e+02;2.0801727e-01;1.9750000e+02;2.3118606e-01;1.9750000e+02;2.4928719e-01;1.9750000e+02;2.6336583e-01;1.9750000e+02;2.6266217e-01;1.9750000e+02;2.3588112e-01;1.9750000e+02;1.9208215e-01;1.9750000e+02;1.3862595e-01;1.9750000e+02;8.7346084e-02;1.9750000e+02;4.1854858e-02;1.9750000e+02;1.2771413e-04;1.9750000e+02;1.2388228e-02;1.9750000e+02;3.0650983e-02;1.9750000e+02;5.2904457e-02;1.9750000e+02;7.9919279e-02;1.9750000e+02;1.0849637e-01;1.9750000e+02;1.4227760e-01;1.9750000e+02;1.7912300e-01;1.9750000e+02;2.0801727e-01;1.9750000e+02;2.3118606e-01;1.9750000e+02;2.4928719e-01;1.9750000e+02;2.6336583e-01;1.9750000e+02;2.6266217e-01;1.9750000e+02;2.3588112e-01;1.9750000e+02;1.9208215e-01;1.9750000e+02;1.3862595e-01;1.9750000e+02;8.7346084e-02;1.9750000e+02;4.1854858e-02;1.9750000e+02;1.2771413e-04;1.9750000e+02;1.2388228e-02;1.9750000e+02;3.0650983e-02;1.9750000e+02;5.2904457e-02;1.9750000e+02;7.9919279e-02;1.9750000e+02;1.0849637e-01;1.9750000e+02;1.4227760e-01;1.9750000e+02;1.7912300e-01;1.9750000e+02;2.0801727e-01;1.9750000e+02;2.3118606e-01;1.9750000e+02;2.4928719e-01;1.9750000e+02;2.6336583e-01;1.9750000e+02;2.6266217e-01;1.9750000e+02;2.3588112e-01;1.9750000e+02;1.9208215e-01;1.9750000e+02;1.3862595e-01;1.9750000e+02;8.7346084e-02;1.9750000e+02;4.1854858e-02;1.9750000e+02;1.2771413e-04;1.9750000e+02;1.2388228e-02;1.9750000e+02;3.0650983e-02;1.9750000e+02;5.2904457e-02;1.9750000e+02;7.9919279e-02;1.9750000e+02;1.0849637e-01;1.9750000e+02;1.4227760e-01;1.9750000e+02;1.7912300e-01;1.9750000e+02;2.0801727e-01;1.9750000e+02;2.3118606e-01;1.9750000e+02;2.4928719e-01;1.9750000e+02;2.6336583e-01;1.9750000e+02;2.6266217e-01;1.9750000e+02;2.3588112e-01;1.9750000e+02;1.9208215e-01;1.9750000e+02;1.3862595e-01;1.9750000e+02;8.7346084e-02;1.9750000e+02;4.1854858e-02;1.9750000e+02;1.2771413e-04;1.9750000e+02;1.2388228e-02;1.9750000e+02;3.0650983e-02;1.9750000e+02;5.2904457e-02;1.9750000e+02;7.9919279e-02;1.9750000e+02;1.0849637e-01;1.9750000e+02;1.4227760e-01;1.9750000e+02;1.7912300e-01;1.9750000e+02;2.0801727e-01;1.9750000e+02;2.3118606e-01;1.9750000e+02;2.4928719e-01;1.9750000e+02;2.6336583e-01;1.9750000e+02;2.6266217e-01;1.9750000e+02;2.3588112e-01;1.9750000e+02;1.9208215e-01;1.9750000e+02;1.3862595e-01;1.9750000e+02;8.7346084e-02;1.9750000e+02;4.1854858e-02;1.9750000e+02;1.2771413e-04;1.9750000e+02;1.2388228e-02;1.9750000e+02;3.0650983e-02;1.9750000e+02;5.2904457e-02;1.9750000e+02;7.9919279e-02;1.9750000e+02;1.0849637e-01;1.9750000e+02;1.4227760e-01;1.9750000e+02;1.7912300e-01;1.9750000e+02;2.0801727e-01;1.9750000e+02;2.3118606e-01;1.9750000e+02;2.4928719e-01;1.9750000e+02;2.6336583e-01;1.9750000e+02;2.6266217e-01;1.9750000e+02;2.3588112e-01;1.9750000e+02;1.9208215e-01;1.9750000e+02;1.3862595e-01;1.9750000e+02;8.7346084e-02;1.9750000e+02;4.1854858e-02;1.9750000e+02;1.2771413e-04;1.9750000e+02;1.2388228e-02;1.9750000e+02;3.0650983e-02;1.9750000e+02;5.2904457e-02;1.9750000e+02;7.9919279e-02;1.9750000e+02;1.0849637e-01;1.9750000e+02;1.4227760e-01;1.9750000e+02;1.7912300e-01;1.9750000e+02;2.0801727e-01;1.9750000e+02;2.3118606e-01;1.9750000e+02;2.4928719e-01;1.9750000e+02;2.6336583e-01;1.9750000e+02;2.6266217e-01;1.9750000e+02;2.3588112e-01;1.9750000e+02;1.9208215e-01;1.9750000e+02;1.3862595e-01;1.9750000e+02;8.7346084e-02;1.9750000e+02;4.1854858e-02;1.9750000e+02;1.2771413e-04;1.9750000e+02;1.2388228e-02;1.9750000e+02;3.0650983e-02;1.9750000e+02;5.2904457e-02;1.9750000e+02;7.9919279e-02;1.9750000e+02;1.0849637e-01;1.9750000e+02;1.4227760e-01;1.9750000e+02;1.7912300e-01;1.9750000e+02;2.0801727e-01;1.9750000e+02;2.3118606e-01;1.9750000e+02;2.4928719e-01;1.9750000e+02;2.6336583e-01;1.9750000e+02;2.6266217e-01;1.9750000e+02;2.3588112e-01;1.9750000e+02;1.9208215e-01;1.9750000e+02;1.3862595e-01;1.9750000e+02;8.7346084e-02;1.9750000e+02;4.1854858e-02;1.9750000e+02;1.2771413e-04;1.9750000e+02;1.2388228e-02;1.9750000e+02;3.0650983e-02;1.9750000e+02;5.2904457e-02;1.9750000e+02;7.9919279e-02;1.9750000e+02;1.0849637e-01;1.9750000e+02;1.4227760e-01;1.9750000e+02;1.7912300e-01;1.9750000e+02;2.0801727e-01;1.9750000e+02;2.3118606e-01;1.9750000e+02;2.4928719e-01;1.9750000e+02;2.6336583e-01;1.9750000e+02;2.6266217e-01;1.9750000e+02;2.3588112e-01;1.9750000e+02;1.9208215e-01;1.9750000e+02;1.3862595e-01;1.9750000e+02;8.7346084e-02;1.9750000e+02;4.1854858e-02;1.9750000e+02;1.2771413e-04;1.9750000e+02;1.2388228e-02;1.9750000e+02;3.0650983e-02;1.9750000e+02;5.2904457e-02;1.9750000e+02;7.9919279e-02;1.9750000e+02;1.0849637e-01;1.9750000e+02;1.4227760e-01;1.9750000e+02;1.7912300e-01;1.9750000e+02;2.0801727e-01;1.9750000e+02;2.3118606e-01;1.9750000e+02;2.4928719e-01;1.9750000e+02;2.6336583e-01;1.9750000e+02;2.6266217e-01;1.9750000e+02;2.3588112e-01;1.9750000e+02;1.9208215e-01;1.9750000e+02;1.3862595e-01;1.9750000e+02;8.7346084e-02;1.9750000e+02;4.1854858e-02;1.9750000e+02;1.2771413e-04;1.9750000e+02;1.2388228e-02;1.9750000e+02;3.0650983e-02;1.9750000e+02;5.2904457e-02;1.9750000e+02;7.9919279e-02;1.9750000e+02;1.0849637e-01;1.9750000e+02;1.4227760e-01;1.9750000e+02;1.7912300e-01;1.9750000e+02;2.0801727e-01;1.9750000e+02;2.3118606e-01;1.9750000e+02;2.4928719e-01;1.9750000e+02;2.6336583e-01;1.9750000e+02;2.6266217e-01;1.9750000e+02;2.3588112e-01;1.9750000e+02;1.9208215e-01;1.9750000e+02;1.3862595e-01;1.9750000e+02;8.7346084e-02;1.9750000e+02;4.1854858e-02;1.9750000e+02;1.2771413e-04;1.9750000e+02;1.2388228e-02;1.9750000e+02;3.0650983e-02;1.9750000e+02;5.2904457e-02;1.9750000e+02;7.9919279e-02;1.9750000e+02;1.0849637e-01;1.9750000e+02;1.4227760e-01;1.9750000e+02;1.7912300e-01;1.9750000e+02;2.0801727e-01;1.9750000e+02;2.3118606e-01;1.9750000e+02;2.4928719e-01;1.9750000e+02;2.6336583e-01;1.9750000e+02;2.6266217e-01;1.9750000e+02;2.3588112e-01;1.9750000e+02;1.9208215e-01;1.9750000e+02;1.3862595e-01;1.9750000e+02;8.7346084e-02;1.9750000e+02;4.1854858e-02;1.9750000e+02;1.2771413e-04;1.9750000e+02;1.2388228e-02;1.9750000e+02;3.0650983e-02;1.9750000e+02;5.2904457e-02;1.9750000e+02;7.9919279e-02;1.9750000e+02;1.0849637e-01;1.9750000e+02;1.4227760e-01;1.9750000e+02;1.7912300e-01;1.9750000e+02;2.0801727e-01;1.9750000e+02;2.3118606e-01;1.9750000e+02;2.4928719e-01;1.9750000e+02;2.6336583e-01;1.9750000e+02;2.6266217e-01;1.9750000e+02;2.3588112e-01;1.9750000e+02;1.9208215e-01;1.9750000e+02;1.3862595e-01;1.9750000e+02;8.7346084e-02;1.9750000e+02;4.1854858e-02;1.9750000e+02;1.2771413e-04;1.9750000e+02;1.2388228e-02;1.9750000e+02;3.0650983e-02;1.9750000e+02;5.2904457e-02;1.9750000e+02;7.9919279e-02;1.9750000e+02;1.0849637e-01;1.9750000e+02;1.4227760e-01;1.9750000e+02;1.7912300e-01;1.9750000e+02;2.0801727e-01;1.9750000e+02;2.3118606e-01;1.9750000e+02;2.4928719e-01;1.9750000e+02;2.6336583e-01;1.9750000e+02;2.6266217e-01;1.9750000e+02;2.3588112e-01;1.9750000e+02;1.9208215e-01;1.9750000e+02;1.3862595e-01;1.9750000e+02;8.7346084e-02;1.9750000e+02;4.1854858e-02;1.9750000e+02;1.2771413e-04;1.9750000e+02;1.2388228e-02;1.9750000e+02;3.0650983e-02;1.9750000e+02;5.2904457e-02;1.9750000e+02;7.9919279e-02;1.9750000e+02;1.0849637e-01;1.9750000e+02;1.4227760e-01;1.9750000e+02;1.7912300e-01;1.9750000e+02;2.0801727e-01;1.9750000e+02;2.3118606e-01;1.9750000e+02;2.4928719e-01;1.9750000e+02;2.6336583e-01;1.9750000e+02;2.6266217e-01;1.9750000e+02;2.3588112e-01;1.9750000e+02;1.9208215e-01;1.9750000e+02;1.3862595e-01;1.9750000e+02;8.7346084e-02;1.9750000e+02;4.1854858e-02;1.9750000e+02;1.2771413e-04;1.9750000e+02;1.2388228e-02;1.9750000e+02;3.0650983e-02;1.9750000e+02;5.2904457e-02;1.9750000e+02;7.9919279e-02;1.9750000e+02;1.0849637e-01;1.9750000e+02;1.4227760e-01;1.9750000e+02;1.7912300e-01;1.9750000e+02;2.0801727e-01;1.9750000e+02;2.3118606e-01;1.9750000e+02;2.4928719e-01;1.9750000e+02;2.6336583e-01;1.9750000e+02;2.6266217e-01;1.9750000e+02;2.3588112e-01;1.9750000e+02;1.9208215e-01;1.9750000e+02;1.3862595e-01;1.9750000e+02;8.7346084e-02;1.9750000e+02;4.1854858e-02;1.9750000e+02;1.2771413e-04;1.9750000e+02;1.2388228e-02;1.9750000e+02;3.0650983e-02;1.9750000e+02;5.2904457e-02;1.9750000e+02;7.9919279e-02;1.9750000e+02;1.0849637e-01;1.9750000e+02;1.4227760e-01;1.9750000e+02;1.7912300e-01;1.9750000e+02;2.0801727e-01;1.9750000e+02;2.3118606e-01;1.9750000e+02;2.4928719e-01;1.9750000e+02;2.6336583e-01;1.9750000e+02;2.6266217e-01;1.9750000e+02;2.3588112e-01;1.9750000e+02;1.9208215e-01;1.9750000e+02;1.3862595e-01;1.9750000e+02;8.7346084e-02;1.9750000e+02;4.1854858e-02;1.9750000e+02;1.2771413e-04;1.9750000e+02;1.2388228e-02;1.9750000e+02;3.0650983e-02;1.9750000e+02;5.2904457e-02;1.9750000e+02;7.9919279e-02;1.9750000e+02;1.0849637e-01;1.9750000e+02;1.4227760e-01;1.9750000e+02;1.7912300e-01;1.9750000e+02;2.0801727e-01;1.9750000e+02;2.3118606e-01;1.9750000e+02;2.4928719e-01;1.9750000e+02;2.6336583e-01;1.9750000e+02;2.6266217e-01;1.9750000e+02;2.3588112e-01;1.9750000e+02;1.9208215e-01;1.9750000e+02;1.3862595e-01;1.9750000e+02;8.7346084e-02;1.9750000e+02;4.1854858e-02;1.9750000e+02;1.2771413e-04;1.9750000e+02;1.2388228e-02;1.9750000e+02;3.0650983e-02;1.9750000e+02;5.2904457e-02;1.9750000e+02;7.9919279e-02;1.9750000e+02;1.0849637e-01;1.9750000e+02;1.4227760e-01;1.9750000e+02;1.7912300e-01;1.9750000e+02;2.0801727e-01;1.9750000e+02;2.3118606e-01;1.9750000e+02;2.4928719e-01;1.9750000e+02;2.6336583e-01;1.9750000e+02;2.6266217e-01;1.9750000e+02;2.3588112e-01;1.9750000e+02;1.9208215e-01;1.9750000e+02;1.3862595e-01;1.9750000e+02;8.7346084e-02;1.9750000e+02;4.1854858e-02;1.9750000e+02;1.2771413e-04;1.9750000e+02;1.2388228e-02;1.9750000e+02;3.0650983e-02;1.9750000e+02;5.2904457e-02;1.9750000e+02;7.9919279e-02;1.9750000e+02;1.0849637e-01;1.9750000e+02;1.4227760e-01;1.9750000e+02;1.7912300e-01;1.9750000e+02;2.0801727e-01;1.9750000e+02;2.3118606e-01;1.9750000e+02;2.4928719e-01;1.9750000e+02;2.6336583e-01;1.9750000e+02;2.6266217e-01;1.9750000e+02;2.3588112e-01;1.9750000e+02;1.9208215e-01;1.9750000e+02;1.3862595e-01;1.9750000e+02;8.7346084e-02;1.9750000e+02;4.1854858e-02;1.9750000e+02;1.2771413e-04;1.9750000e+02;1.2388228e-02;1.9750000e+02;3.0650983e-02;1.9750000e+02;5.2904457e-02;1.9750000e+02;7.9919279e-02;1.9750000e+02;1.0849637e-01;1.9750000e+02;1.4227760e-01;1.9750000e+02;1.7912300e-01;1.9750000e+02;2.0801727e-01;1.9750000e+02;2.3118606e-01;1.9750000e+02;2.4928719e-01;1.9750000e+02;2.6336583e-01;1.9750000e+02;2.6266217e-01;1.9750000e+02;2.3588112e-01;1.9750000e+02;1.9208215e-01;1.9750000e+02;1.3862595e-01;1.9750000e+02;8.7346084e-02;1.9750000e+02;4.1854858e-02;1.9750000e+02;1.2771413e-04;1.9750000e+02;1.2388228e-02;1.9750000e+02;3.0650983e-02;1.9750000e+02;5.2904457e-02;1.9750000e+02;7.9919279e-02;1.9750000e+02;1.0849637e-01;1.9750000e+02;1.4227760e-01;1.9750000e+02;1.7912300e-01;1.9750000e+02;2.0801727e-01;1.9750000e+02;2.3118606e-01;1.9750000e+02;2.4928719e-01;1.9750000e+02;2.6336583e-01;1.9750000e+02;2.6266217e-01;1.9750000e+02;2.3588112e-01;1.9750000e+02;1.9208215e-01;1.9750000e+02;1.3862595e-01;1.9750000e+02;8.7346084e-02;1.9750000e+02;4.1854858e-02;1.9750000e+02;1.2771413e-04;1.9750000e+02;1.2388228e-02;1.9750000e+02;3.0650983e-02;1.9750000e+02;5.2904457e-02;1.9750000e+02;7.9919279e-02;1.9750000e+02;1.0849637e-01;1.9750000e+02;1.4227760e-01;1.9750000e+02;1.7912300e-01;1.9750000e+02;2.0801727e-01;1.9750000e+02;2.3118606e-01;1.9750000e+02;2.4928719e-01;1.9750000e+02;2.6336583e-01;1.9750000e+02;2.6266217e-01;1.9750000e+02;2.3588112e-01;1.9750000e+02;1.9208215e-01;1.9750000e+02;1.3862595e-01;1.9750000e+02;8.7346084e-02;1.9750000e+02;4.1854858e-02;1.9750000e+02;1.2771413e-04;1.9750000e+02;1.2388228e-02;1.9750000e+02;3.0650983e-02;1.9750000e+02;5.2904457e-02;1.9750000e+02;7.9919279e-02;1.9750000e+02;1.0849637e-01;1.9750000e+02;1.4227760e-01;1.9750000e+02;1.7912300e-01;1.9750000e+02;2.0801727e-01;1.9750000e+02;2.3118606e-01;1.9750000e+02;2.4928719e-01;1.9750000e+02;2.6336583e-01;1.9750000e+02;2.6266217e-01;1.9750000e+02;2.3588112e-01;1.9750000e+02;1.9208215e-01;1.9750000e+02;1.3862595e-01;1.9750000e+02;8.7346084e-02;1.9750000e+02;4.1854858e-02;1.9750000e+02;1.2771413e-04;1.9750000e+02;1.2388228e-02;1.9750000e+02;3.0650983e-02;1.9750000e+02;5.2904457e-02;1.9750000e+02;7.9919279e-02;1.9750000e+02;1.0849637e-01;1.9750000e+02;1.4227760e-01;1.9750000e+02;1.7912300e-01;1.9750000e+02;2.0801727e-01;1.9750000e+02;2.3118606e-01;1.9750000e+02;2.4928719e-01;1.9750000e+02;2.6336583e-01;1.9750000e+02;2.6266217e-01;1.9750000e+02;2.3588112e-01;1.9750000e+02;1.9208215e-01;1.9750000e+02;1.3862595e-01;1.9750000e+02;8.7346084e-02;1.9750000e+02;4.1854858e-02;1.9750000e+02;1.2771413e-04;1.9750000e+02;1.2388228e-02;1.9750000e+02;3.0650983e-02;1.9750000e+02;5.2904457e-02;1.9750000e+02;7.9919279e-02;1.9750000e+02;1.0849637e-01;1.9750000e+02;1.4227760e-01;1.9750000e+02;1.7912300e-01;1.9750000e+02;2.0801727e-01;1.9750000e+02;2.3118606e-01;1.9750000e+02;2.4928719e-01;1.9750000e+02;2.6336583e-01;1.9750000e+02;2.6266217e-01;1.9750000e+02;2.3588112e-01;1.9750000e+02;1.9208215e-01;1.9750000e+02;1.3862595e-01;1.9750000e+02;8.7346084e-02;1.9750000e+02;4.1854858e-02;1.9750000e+02;1.2771413e-04;1.9750000e+02;1.2388228e-02;1.9750000e+02;3.0650983e-02;1.9750000e+02;5.2904457e-02;1.9750000e+02;7.9919279e-02;1.9750000e+02;1.0849637e-01;1.9750000e+02;1.4227760e-01;1.9750000e+02;1.7912300e-01;1.9750000e+02;2.0801727e-01;1.9750000e+02;2.3118606e-01;1.9750000e+02;2.4928719e-01;1.9750000e+02;2.6336583e-01;1.9750000e+02;2.6266217e-01;1.9750000e+02;2.3588112e-01;1.9750000e+02;1.9208215e-01;1.9750000e+02;1.3862595e-01;1.9750000e+02;8.7346084e-02;1.9750000e+02;4.1854858e-02;1.9750000e+02;1.2771413e-04;1.9750000e+02;1.2388228e-02;1.9750000e+02;3.0650983e-02;1.9750000e+02;5.2904457e-02;1.9750000e+02;7.9919279e-02;1.9750000e+02;1.0849637e-01;1.9750000e+02;1.4227760e-01;1.9750000e+02;1.7912300e-01;1.9750000e+02;2.0801727e-01;1.9750000e+02;2.3118606e-01;1.9750000e+02;2.4928719e-01;1.9750000e+02;2.6336583e-01;1.9750000e+02;2.6266217e-01;1.9750000e+02;2.3588112e-01;1.9750000e+02;1.9208215e-01;1.9750000e+02;1.3862595e-01;1.9750000e+02;8.7346084e-02;1.9750000e+02;4.1854858e-02;1.9750000e+02;1.2771413e-04;1.9750000e+02;1.2388228e-02;1.9750000e+02;3.0650983e-02;1.9750000e+02;5.2904457e-02;1.9750000e+02;7.9919279e-02;1.9750000e+02;1.0849637e-01;1.9750000e+02;1.4227760e-01;1.9750000e+02;1.7912300e-01;1.9750000e+02;2.0801727e-01;1.9750000e+02;2.3118606e-01;1.9750000e+02;2.4928719e-01;1.9750000e+02;2.6336583e-01;1.9750000e+02;2.6266217e-01;1.9750000e+02;2.3588112e-01;1.9750000e+02;1.9208215e-01;1.9750000e+02;1.3862595e-01;1.9750000e+02;8.7346084e-02;1.9750000e+02;4.1854858e-02;1.9750000e+02;1.2771413e-04;1.9750000e+02;1.2388228e-02;1.9750000e+02;3.0650983e-02;1.9750000e+02;5.2904457e-02;1.9750000e+02;7.9919279e-02;1.9750000e+02;1.0849637e-01;1.9750000e+02;1.4227760e-01;1.9750000e+02;1.7912300e-01;1.9750000e+02;2.0801727e-01;1.9750000e+02;2.3118606e-01;1.9750000e+02;2.4928719e-01;1.9750000e+02;2.6336583e-01;1.9750000e+02;2.6266217e-01;1.9750000e+02;2.3588112e-01;1.9750000e+02;1.9208215e-01;1.9750000e+02;1.3862595e-01;1.9750000e+02;8.7346084e-02;1.9750000e+02;4.1854858e-02;1.9750000e+02;1.2771413e-04;1.9750000e+02;1.2388228e-02;1.9750000e+02;3.0650983e-02;1.9750000e+02;5.2904457e-02;1.9750000e+02;7.9919279e-02;1.9750000e+02;1.0849637e-01;1.9750000e+02;1.4227760e-01;1.9750000e+02;1.7912300e-01;1.9750000e+02;2.0801727e-01;1.9750000e+02;2.3118606e-01;1.9750000e+02;2.4928719e-01;1.9750000e+02;2.6336583e-01;1.9750000e+02;2.6266217e-01;1.9750000e+02;2.3588112e-01;1.9750000e+02;1.9208215e-01;1.9750000e+02;1.3862595e-01;1.9750000e+02;8.7346084e-02;1.9750000e+02;4.1854858e-02;1.9750000e+02;1.2771413e-04;1.9750000e+02;1.2388228e-02;1.9750000e+02;3.0650983e-02;1.9750000e+02;5.2904457e-02;1.9750000e+02;7.9919279e-02;1.9750000e+02;1.0849637e-01;1.9750000e+02;1.4227760e-01;1.9750000e+02;1.7912300e-01;1.9750000e+02;2.0801727e-01;1.9750000e+02;2.3118606e-01;1.9750000e+02;2.4928719e-01;1.9750000e+02;2.6336583e-01;1.9750000e+02;2.6266217e-01;1.9750000e+02;2.3588112e-01;1.9750000e+02;1.9208215e-01;1.9750000e+02;1.3862595e-01;1.9750000e+02;8.7346084e-02;1.9750000e+02;4.1854858e-02;1.9750000e+02;1.2771413e-04;1.9750000e+02;1.2388228e-02;1.9750000e+02;3.0650983e-02;1.9750000e+02;5.2904457e-02;1.9750000e+02;7.9919279e-02;1.9750000e+02;1.0849637e-01;1.9750000e+02;1.4227760e-01;1.9750000e+02;1.7912300e-01;1.9750000e+02;2.0801727e-01;1.9750000e+02;2.3118606e-01;1.9750000e+02;2.4928719e-01;1.9750000e+02;2.6336583e-01;1.9750000e+02;2.6266217e-01;1.9750000e+02;2.3588112e-01;1.9750000e+02;1.9208215e-01;1.9750000e+02;1.3862595e-01;1.9750000e+02;8.7346084e-02;1.9750000e+02;4.1854858e-02;1.9750000e+02;1.2771413e-04;1.9750000e+02;1.2388228e-02;1.9750000e+02;3.0650983e-02;1.9750000e+02;5.2904457e-02;1.9750000e+02;7.9919279e-02;1.9750000e+02;1.0849637e-01;1.9750000e+02;1.4227760e-01;1.9750000e+02;1.7912300e-01;1.9750000e+02;2.0801727e-01;1.9750000e+02;2.3118606e-01;1.9750000e+02;2.4928719e-01;1.9750000e+02;2.6336583e-01;1.9750000e+02;2.6266217e-01;1.9750000e+02;2.3588112e-01;1.9750000e+02;1.9208215e-01;1.9750000e+02;1.3862595e-01;1.9750000e+02;8.7346084e-02;1.9750000e+02;4.1854858e-02;1.9750000e+02;1.2771413e-04;1.9750000e+02;1.2388228e-02;1.9750000e+02;3.0650983e-02;1.9750000e+02;5.2904457e-02;1.9750000e+02;7.9919279e-02;1.9750000e+02;1.0849637e-01;1.9750000e+02;1.4227760e-01;1.9750000e+02;1.7912300e-01;1.9750000e+02;2.0801727e-01;1.9750000e+02;2.3118606e-01;1.9750000e+02;2.4928719e-01;1.9750000e+02;2.6336583e-01;1.9750000e+02;2.6266217e-01;1.9750000e+02;2.3588112e-01;1.9750000e+02;1.9208215e-01;1.9750000e+02;1.3862595e-01;1.9750000e+02;8.7346084e-02;1.9750000e+02;4.1854858e-02;1.9750000e+02;1.2771413e-04;1.9750000e+02;1.2388228e-02;1.9750000e+02;3.0650983e-02;1.9750000e+02;5.2904457e-02;1.9750000e+02;7.9919279e-02;1.9750000e+02;1.0849637e-01;1.9750000e+02;1.4227760e-01;1.9750000e+02;1.7912300e-01;1.9750000e+02;2.0801727e-01;1.9750000e+02;2.3118606e-01;1.9750000e+02;2.4928719e-01;1.9750000e+02;2.6336583e-01;1.9750000e+02;2.6266217e-01;1.9750000e+02;2.3588112e-01;1.9750000e+02;1.9208215e-01;1.9750000e+02;1.3862595e-01;1.9750000e+02;8.7346084e-02;1.9750000e+02;4.1854858e-02;1.9750000e+02;1.2771413e-04;1.9750000e+02;1.2388228e-02;1.9750000e+02;3.0650983e-02;1.9750000e+02;5.2904457e-02;1.9750000e+02;7.9919279e-02;1.9750000e+02;1.0849637e-01;1.9750000e+02;1.4227760e-01;1.9750000e+02;1.7912300e-01;1.9750000e+02;2.0801727e-01;1.9750000e+02;2.3118606e-01;1.9750000e+02;2.4928719e-01;1.9750000e+02;2.6336583e-01;1.9750000e+02;2.6266217e-01;1.9750000e+02;2.3588112e-01;1.9750000e+02;1.9208215e-01;1.9750000e+02;1.3862595e-01;1.9750000e+02;8.7346084e-02;1.9750000e+02;4.1854858e-02;1.9750000e+02;1.2771413e-04;1.9750000e+02;1.2388228e-02;1.9750000e+02;3.0650983e-02;1.9750000e+02;5.2904457e-02;1.9750000e+02;7.9919279e-02;1.9750000e+02;1.0849637e-01;1.9750000e+02;1.4227760e-01;1.9750000e+02;1.7912300e-01;1.9750000e+02;2.0801727e-01;1.9750000e+02;2.3118606e-01;1.9750000e+02;2.4928719e-01;1.9750000e+02;2.6336583e-01;1.9750000e+02;2.6266217e-01;1.9750000e+02;2.3588112e-01;1.9750000e+02;1.9208215e-01;1.9750000e+02;1.3862595e-01;1.9750000e+02;8.7346084e-02;1.9750000e+02;4.1854858e-02;1.9750000e+02;1.2771413e-04;1.9750000e+02;1.2388228e-02;1.9750000e+02;3.0650983e-02;1.9750000e+02;5.2904457e-02;1.9750000e+02;7.9919279e-02;1.9750000e+02;1.0849637e-01;1.9750000e+02;1.4227760e-01;1.9750000e+02;1.7912300e-01;1.9750000e+02;2.0801727e-01;1.9750000e+02;2.3118606e-01;1.9750000e+02;2.4928719e-01;1.9750000e+02;2.6336583e-01;1.9750000e+02;2.6266217e-01;1.9750000e+02;2.3588112e-01;1.9750000e+02;1.9208215e-01;1.9750000e+02;1.3862595e-01;1.9750000e+02;8.7346084e-02;1.9750000e+02;4.1854858e-02;1.9750000e+02;1.2771413e-04;1.9750000e+02;1.2388228e-02;1.9750000e+02;3.0650983e-02;1.9750000e+02;5.2904457e-02;1.9750000e+02;7.9919279e-02;1.9750000e+02;1.0849637e-01;1.9750000e+02;1.4227760e-01;1.9750000e+02;1.7912300e-01;1.9750000e+02;2.0801727e-01;1.9750000e+02;2.3118606e-01;1.9750000e+02;2.4928719e-01;1.9750000e+02;2.6336583e-01;1.9750000e+02;2.6266217e-01;1.9750000e+02;2.3588112e-01;1.9750000e+02;1.9208215e-01;1.9750000e+02;1.3862595e-01;1.9750000e+02;8.7346084e-02;1.9750000e+02;4.1854858e-02;1.9750000e+02;1.2771413e-04;1.9750000e+02;1.2388228e-02;1.9750000e+02;3.0650983e-02;1.9750000e+02;5.2904457e-02;1.9750000e+02;7.9919279e-02;1.9750000e+02;1.0849637e-01;1.9750000e+02;1.4227760e-01;1.9750000e+02;1.7912300e-01;1.9750000e+02;2.0801727e-01;1.9750000e+02;2.3118606e-01;1.9750000e+02;2.4928719e-01;1.9750000e+02;2.6336583e-01;1.9750000e+02;2.6266217e-01;1.9750000e+02;2.3588112e-01;1.9750000e+02;1.9208215e-01;1.9750000e+02;1.3862595e-01;1.9750000e+02;8.7346084e-02;1.9750000e+02;4.1854858e-02;1.9750000e+02;1.2771413e-04;1.9750000e+02;1.2388228e-02;1.9750000e+02;3.0650983e-02;1.9750000e+02;5.2904457e-02;1.9750000e+02;7.9919279e-02;1.9750000e+02;1.0849637e-01;1.9750000e+02;1.4227760e-01;1.9750000e+02;1.7912300e-01;1.9750000e+02;2.0801727e-01;1.9750000e+02;2.3118606e-01;1.9750000e+02;2.4928719e-01;1.9750000e+02;2.6336583e-01;1.9750000e+02;2.6266217e-01;1.9750000e+02;2.3588112e-01;1.9750000e+02;1.9208215e-01;1.9750000e+02;1.3862595e-01;1.9750000e+02;8.7346084e-02;1.9750000e+02;4.1854858e-02;1.9750000e+02;1.2771413e-04;1.9750000e+02;1.2388228e-02;1.9750000e+02;3.0650983e-02;1.9750000e+02;5.2904457e-02;1.9750000e+02;7.9919279e-02;1.9750000e+02;1.0849637e-01;1.9750000e+02;1.4227760e-01;1.9750000e+02;1.7912300e-01;1.9750000e+02;2.0801727e-01;1.9750000e+02;2.3118606e-01;1.9750000e+02;2.4928719e-01;1.9750000e+02;2.6336583e-01;1.9750000e+02;2.6266217e-01;1.9750000e+02;2.3588112e-01;1.9750000e+02;1.9208215e-01;1.9750000e+02;1.3862595e-01;1.9750000e+02;8.7346084e-02;1.9750000e+02;4.1854858e-02;1.9750000e+02;1.2771413e-04;1.9750000e+02;1.2388228e-02;1.9750000e+02;3.0650983e-02;1.9750000e+02;5.2904457e-02;1.9750000e+02;7.9919279e-02;1.9750000e+02;1.0849637e-01;1.9750000e+02;1.4227760e-01;1.9750000e+02;1.7912300e-01;1.9750000e+02;2.0801727e-01;1.9750000e+02;2.3118606e-01;1.9750000e+02;2.4928719e-01;1.9750000e+02;2.6336583e-01;1.9750000e+02;2.6266217e-01;1.9750000e+02;2.3588112e-01;1.9750000e+02;1.9208215e-01;1.9750000e+02;1.3862595e-01;1.9750000e+02;8.7346084e-02;1.9750000e+02;4.1854858e-02;1.9750000e+02;1.2771413e-04;1.9750000e+02;1.2388228e-02;1.9750000e+02;3.0650983e-02;1.9750000e+02;5.2904457e-02;1.9750000e+02;7.9919279e-02;1.9750000e+02;1.0849637e-01;1.9750000e+02;1.4227760e-01;1.9750000e+02;1.7912300e-01;1.9750000e+02;2.0801727e-01;1.9750000e+02;2.3118606e-01;1.9750000e+02;2.4928719e-01;1.9750000e+02;2.6336583e-01;1.9750000e+02;2.6266217e-01;1.9750000e+02;2.3588112e-01;1.9750000e+02;1.9208215e-01;1.9750000e+02;1.3862595e-01;1.9750000e+02;8.7346084e-02;1.9750000e+02;4.1854858e-02;1.9750000e+02;1.2771413e-04;1.9750000e+02;1.2388228e-02;1.9750000e+02;3.0650983e-02;1.9750000e+02;5.2904457e-02;1.9750000e+02;7.9919279e-02;1.9750000e+02;1.0849637e-01;1.9750000e+02;1.4227760e-01;1.9750000e+02;1.7912300e-01;1.9750000e+02;2.0801727e-01;1.9750000e+02;2.3118606e-01;1.9750000e+02;2.4928719e-01;1.9750000e+02;2.6336583e-01;1.9750000e+02;2.6266217e-01;1.9750000e+02;2.3588112e-01;1.9750000e+02;1.9208215e-01;1.9750000e+02;1.3862595e-01;1.9750000e+02;8.7346084e-02;1.9750000e+02;4.1854858e-02;1.9750000e+02;1.2771413e-04;1.9750000e+02;1.2388228e-02;1.9750000e+02;3.0650983e-02;1.9750000e+02;5.2904457e-02;1.9750000e+02;7.9919279e-02;1.9750000e+02;1.0849637e-01;1.9750000e+02;1.4227760e-01;1.9750000e+02;1.7912300e-01;1.9750000e+02;2.0801727e-01;1.9750000e+02;2.3118606e-01;1.9750000e+02;2.4928719e-01;1.9750000e+02;2.6336583e-01;1.9750000e+02;2.6266217e-01;1.9750000e+02;2.3588112e-01;1.9750000e+02;1.9208215e-01;1.9750000e+02;1.3862595e-01;1.9750000e+02;8.7346084e-02;1.9750000e+02;4.1854858e-02;1.9750000e+02;1.2771413e-04;1.9750000e+02;1.2388228e-02;1.9750000e+02;3.0650983e-02;1.9750000e+02;5.2904457e-02;1.9750000e+02;7.9919279e-02;1.9750000e+02;1.0849637e-01;1.9750000e+02;1.4227760e-01;1.9750000e+02;1.7912300e-01;1.9750000e+02;2.0801727e-01;1.9750000e+02;2.3118606e-01;1.9750000e+02;2.4928719e-01;1.9750000e+02;2.6336583e-01;1.9750000e+02;2.6266217e-01;1.9750000e+02;2.3588112e-01;1.9750000e+02;1.9208215e-01;1.9750000e+02;1.3862595e-01;1.9750000e+02;8.7346084e-02;1.9750000e+02;4.1854858e-02;1.9750000e+02;1.2771413e-04;1.9750000e+02;1.2388228e-02;1.9750000e+02;3.0650983e-02;1.9750000e+02;5.2904457e-02;1.9750000e+02;7.9919279e-02;1.9750000e+02;1.0849637e-01;1.9750000e+02;1.4227760e-01;1.9750000e+02;1.7912300e-01;1.9750000e+02;2.0801727e-01;1.9750000e+02;2.3118606e-01;1.9750000e+02;2.4928719e-01;1.9750000e+02;2.6336583e-01;1.9750000e+02;2.6266217e-01;1.9750000e+02;2.3588112e-01;1.9750000e+02;1.9208215e-01;1.9750000e+02;1.3862595e-01;1.9750000e+02;8.7346084e-02;1.9750000e+02;4.1854858e-02;1.9750000e+02;1.2771413e-04;1.9750000e+02;1.2388228e-02;1.9750000e+02;3.0650983e-02;1.9750000e+02;5.2904457e-02;1.9750000e+02;7.9919279e-02;1.9750000e+02;1.0849637e-01;1.9750000e+02;1.4227760e-01;1.9750000e+02;1.7912300e-01;1.9750000e+02;2.0801727e-01;1.9750000e+02;2.3118606e-01;1.9750000e+02;2.4928719e-01;1.9750000e+02;2.6336583e-01;1.9750000e+02;2.6266217e-01;1.9750000e+02;2.3588112e-01;1.9750000e+02;1.9208215e-01;1.9750000e+02;1.3862595e-01;1.9750000e+02;8.7346084e-02;1.9750000e+02;4.1854858e-02;1.9750000e+02;1.2771413e-04;1.9750000e+02;1.2388228e-02;1.9750000e+02;3.0650983e-02;1.9750000e+02;5.2904457e-02;1.9750000e+02;7.9919279e-02;1.9750000e+02;1.0849637e-01;1.9750000e+02;1.4227760e-01;1.9750000e+02;1.7912300e-01;1.9750000e+02;2.0801727e-01;1.9750000e+02;2.3118606e-01;1.9750000e+02;2.4928719e-01;1.9750000e+02;2.6336583e-01;1.9750000e+02;2.6266217e-01;1.9750000e+02;2.3588112e-01;1.9750000e+02;1.9208215e-01;1.9750000e+02;1.3862595e-01;1.9750000e+02;8.7346084e-02;1.9750000e+02;4.1854858e-02;1.9750000e+02;1.2771413e-04;1.9750000e+02;1.2388228e-02;1.9750000e+02;3.0650983e-02;1.9750000e+02;5.2904457e-02;1.9750000e+02;7.9919279e-02;1.9750000e+02;1.0849637e-01;1.9750000e+02;1.4227760e-01;1.9750000e+02;1.7912300e-01;1.9750000e+02;2.0801727e-01;1.9750000e+02;2.3118606e-01;1.9750000e+02;2.4928719e-01;1.9750000e+02;2.6336583e-01;1.9750000e+02;2.6266217e-01;1.9750000e+02;2.3588112e-01;1.9750000e+02;1.9208215e-01;1.9750000e+02;1.3862595e-01;1.9750000e+02;8.7346084e-02;1.9750000e+02;4.1854858e-02;1.9750000e+02;1.2771413e-04;1.9750000e+02;1.2388228e-02;1.9750000e+02;3.0650983e-02;1.9750000e+02;5.2904457e-02;1.9750000e+02;7.9919279e-02;1.9750000e+02;1.0849637e-01;1.9750000e+02;1.4227760e-01;1.9750000e+02;1.7912300e-01;1.9750000e+02;2.0801727e-01;1.9750000e+02;2.3118606e-01;1.9750000e+02;2.4928719e-01;1.9750000e+02;2.6336583e-01;1.9750000e+02;2.6266217e-01;1.9750000e+02;2.3588112e-01;1.9750000e+02;1.9208215e-01;1.9750000e+02;1.3862595e-01;1.9750000e+02;8.7346084e-02;1.9750000e+02;4.1854858e-02;1.9750000e+02;1.2771413e-04;1.9750000e+02;1.2388228e-02;1.9750000e+02;3.0650983e-02;1.9750000e+02;5.2904457e-02;1.9750000e+02;7.9919279e-02;1.9750000e+02;1.0849637e-01;1.9750000e+02;1.4227760e-01;1.9750000e+02;1.7912300e-01;1.9750000e+02;2.0801727e-01;1.9750000e+02;2.3118606e-01;1.9750000e+02;2.4928719e-01;1.9750000e+02;2.6336583e-01;1.9750000e+02;2.6266217e-01;1.9750000e+02;2.3588112e-01;1.9750000e+02;1.9208215e-01;1.9750000e+02;1.3862595e-01;1.9750000e+02;8.7346084e-02;1.9750000e+02;4.1854858e-02;1.9750000e+02;1.2771413e-04;1.9750000e+02;1.2388228e-02;1.9750000e+02;3.0650983e-02;1.9750000e+02;5.2904457e-02;1.9750000e+02;7.9919279e-02;1.9750000e+02;1.0849637e-01;1.9750000e+02;1.4227760e-01;1.9750000e+02;1.7912300e-01;1.9750000e+02;2.0801727e-01;1.9750000e+02;2.3118606e-01;1.9750000e+02;2.4928719e-01;1.9750000e+02;2.6336583e-01;1.9750000e+02;2.6266217e-01;1.9750000e+02;2.3588112e-01;1.9750000e+02;1.9208215e-01;1.9750000e+02;1.3862595e-01;1.9750000e+02;8.7346084e-02;1.9750000e+02;4.1854858e-02;1.9750000e+02;1.2771413e-04;1.9750000e+02;1.2388228e-02;1.9750000e+02;3.0650983e-02;1.9750000e+02;5.2904457e-02;1.9750000e+02;7.9919279e-02;1.9750000e+02;1.0849637e-01;1.9750000e+02;1.4227760e-01;1.9750000e+02;1.7912300e-01;1.9750000e+02;2.0801727e-01;1.9750000e+02;2.3118606e-01;1.9750000e+02;2.4928719e-01;1.9750000e+02;2.6336583e-01;1.9750000e+02;2.6266217e-01;1.9750000e+02;2.3588112e-01;1.9750000e+02;1.9208215e-01;1.9750000e+02;1.3862595e-01;1.9750000e+02;8.7346084e-02;1.9750000e+02;4.1854858e-02;1.9750000e+02;1.2771413e-04;1.9750000e+02;1.2388228e-02;1.9750000e+02;3.0650983e-02;1.9750000e+02;5.2904457e-02;1.9750000e+02;7.9919279e-02;1.9750000e+02;1.0849637e-01;1.9750000e+02;1.4227760e-01;1.9750000e+02;1.7912300e-01;1.9750000e+02;2.0801727e-01;1.9750000e+02;2.3118606e-01;1.9750000e+02;2.4928719e-01;1.9750000e+02;2.6336583e-01;1.9750000e+02;2.6266217e-01;1.9750000e+02;2.3588112e-01;1.9750000e+02;1.9208215e-01;1.9750000e+02;1.3862595e-01;1.9750000e+02;8.7346084e-02;1.9750000e+02;4.1854858e-02;1.9750000e+02;1.2771413e-04;1.9750000e+02;1.2388228e-02;1.9750000e+02;3.0650983e-02;1.9750000e+02;5.2904457e-02;1.9750000e+02;7.9919279e-02;1.9750000e+02;1.0849637e-01;1.9750000e+02;1.4227760e-01;1.9750000e+02;1.7912300e-01;1.9750000e+02;2.0801727e-01;1.9750000e+02;2.3118606e-01;1.9750000e+02;2.4928719e-01;1.9750000e+02;2.6336583e-01;1.9750000e+02;2.6266217e-01;1.9750000e+02;2.3588112e-01;1.9750000e+02;1.9208215e-01;1.9750000e+02;1.3862595e-01;1.9750000e+02;8.7346084e-02;1.9750000e+02;4.1854858e-02;1.9750000e+02;1.2771413e-04;1.9750000e+02;1.2388228e-02;1.9750000e+02;3.0650983e-02;1.9750000e+02;5.2904457e-02;1.9750000e+02;7.9919279e-02;1.9750000e+02;1.0849637e-01;1.9750000e+02;1.4227760e-01;1.9750000e+02;1.7912300e-01;1.9750000e+02;2.0801727e-01;1.9750000e+02;2.3118606e-01;1.9750000e+02;2.4928719e-01;1.9750000e+02;2.6336583e-01;1.9750000e+02;2.6266217e-01;1.9750000e+02;2.3588112e-01;1.9750000e+02;1.9208215e-01;1.9750000e+02;1.3862595e-01;1.9750000e+02;8.7346084e-02;1.9750000e+02;4.1854858e-02;1.9750000e+02;1.2771413e-04;1.9750000e+02;1.2388228e-02;1.9750000e+02;3.0650983e-02;1.9750000e+02;5.2904457e-02;1.9750000e+02;7.9919279e-02;1.9750000e+02;1.0849637e-01;1.9750000e+02;1.4227760e-01;1.9750000e+02;1.7912300e-01;1.9750000e+02;2.0801727e-01;1.9750000e+02;2.3118606e-01;1.9750000e+02;2.4928719e-01;1.9750000e+02;2.6336583e-01;1.9750000e+02;2.6266217e-01;1.9750000e+02;2.3588112e-01;1.9750000e+02;1.9208215e-01;1.9750000e+02;1.3862595e-01;1.9750000e+02;8.7346084e-02;1.9750000e+02;4.1854858e-02;1.9750000e+02;1.2771413e-04;1.9750000e+02;1.2388228e-02;1.9750000e+02;3.0650983e-02;1.9750000e+02;5.2904457e-02;1.9750000e+02;7.9919279e-02;1.9750000e+02;1.0849637e-01;1.9750000e+02;1.4227760e-01;1.9750000e+02;1.7912300e-01;1.9750000e+02;2.0801727e-01;1.9750000e+02;2.3118606e-01;1.9750000e+02;2.4928719e-01;1.9750000e+02;2.6336583e-01;1.9750000e+02;2.6266217e-01;1.9750000e+02;2.3588112e-01;1.9750000e+02;1.9208215e-01;1.9750000e+02;1.3862595e-01;1.9750000e+02;8.7346084e-02;1.9750000e+02;4.1854858e-02;1.9750000e+02;1.2771413e-04;1.9750000e+02;1.2388228e-02;1.9750000e+02;3.0650983e-02;1.9750000e+02;5.2904457e-02;1.9750000e+02;7.9919279e-02;1.9750000e+02;1.0849637e-01;1.9750000e+02;1.4227760e-01;1.9750000e+02;1.7912300e-01;1.9750000e+02;2.0801727e-01;1.9750000e+02;2.3118606e-01;1.9750000e+02;2.4928719e-01;1.9750000e+02;2.6336583e-01;1.9750000e+02;2.6266217e-01;1.9750000e+02;2.3588112e-01;1.9750000e+02;1.9208215e-01;1.9750000e+02;1.3862595e-01;1.9750000e+02;8.7346084e-02;1.9750000e+02;4.1854858e-02;1.9750000e+02;1.2771413e-04;1.9750000e+02;1.2388228e-02;1.9750000e+02;3.0650983e-02;1.9750000e+02;5.2904457e-02;1.9750000e+02;7.9919279e-02;1.9750000e+02;1.0849637e-01;1.9750000e+02;1.4227760e-01;1.9750000e+02;1.7912300e-01;1.9750000e+02;2.0801727e-01;1.9750000e+02;2.3118606e-01;1.9750000e+02;2.4928719e-01;1.9750000e+02;2.6336583e-01;1.9750000e+02;2.6266217e-01;1.9750000e+02;2.3588112e-01;1.9750000e+02;1.9208215e-01;1.9750000e+02;1.3862595e-01;1.9750000e+02;8.7346084e-02;1.9750000e+02;4.1854858e-02;1.9750000e+02;1.2771413e-04;1.9750000e+02;1.2388228e-02;1.9750000e+02;3.0650983e-02;1.9750000e+02;5.2904457e-02;1.9750000e+02;7.9919279e-02;1.9750000e+02;1.0849637e-01;1.9750000e+02;1.4227760e-01;1.9750000e+02;1.7912300e-01;1.9750000e+02;2.0801727e-01;1.9750000e+02;2.3118606e-01;1.9750000e+02;2.4928719e-01;1.9750000e+02;2.6336583e-01;1.9750000e+02;2.6266217e-01;1.9750000e+02;2.3588112e-01;1.9750000e+02;1.9208215e-01;1.9750000e+02;1.3862595e-01;1.9750000e+02;8.7346084e-02;1.9750000e+02;4.1854858e-02;1.9750000e+02;1.2771413e-04;1.9750000e+02;1.2388228e-02;1.9750000e+02;3.0650983e-02;1.9750000e+02;5.2904457e-02;1.9750000e+02;7.9919279e-02;1.9750000e+02;1.0849637e-01;1.9750000e+02;1.4227760e-01;1.9750000e+02;1.7912300e-01;1.9750000e+02;2.0801727e-01;1.9750000e+02;2.3118606e-01;1.9750000e+02;2.4928719e-01;1.9750000e+02;2.6336583e-01;1.9750000e+02;2.6266217e-01;1.9750000e+02;2.3588112e-01;1.9750000e+02;1.9208215e-01;1.9750000e+02;1.3862595e-01;1.9750000e+02;8.7346084e-02;1.9750000e+02;4.1854858e-02;1.9750000e+02;1.2771413e-04;1.9750000e+02;1.2388228e-02;1.9750000e+02;3.0650983e-02;1.9750000e+02;5.2904457e-02;1.9750000e+02;7.9919279e-02;1.9750000e+02;1.0849637e-01;1.9750000e+02;1.4227760e-01;1.9750000e+02;1.7912300e-01;1.9750000e+02;2.0801727e-01;1.9750000e+02;2.3118606e-01;1.9750000e+02;2.4928719e-01;1.9750000e+02;2.6336583e-01;1.9750000e+02;2.6266217e-01;1.9750000e+02;2.3588112e-01;1.9750000e+02;1.9208215e-01;1.9750000e+02;1.3862595e-01;1.9750000e+02;8.7346084e-02;1.9750000e+02;4.1854858e-02;1.9750000e+02;1.2771413e-04;1.9750000e+02;1.2388228e-02;1.9750000e+02;3.0650983e-02;1.9750000e+02;5.2904457e-02;1.9750000e+02;7.9919279e-02;1.9750000e+02;1.0849637e-01;1.9750000e+02;1.4227760e-01;1.9750000e+02;1.7912300e-01;1.9750000e+02;2.0801727e-01;1.9750000e+02;2.3118606e-01;1.9750000e+02;2.4928719e-01;1.9750000e+02;2.6336583e-01;1.9750000e+02;2.6266217e-01;1.9750000e+02;2.3588112e-01;1.9750000e+02;1.9208215e-01;1.9750000e+02;1.3862595e-01;1.9750000e+02;8.7346084e-02;1.9750000e+02;4.1854858e-02;1.9750000e+02;1.2771413e-04;1.9750000e+02;1.2388228e-02;1.9750000e+02;3.0650983e-02;1.9750000e+02;5.2904457e-02;1.9750000e+02;7.9919279e-02;1.9750000e+02;1.0849637e-01;1.9750000e+02;1.4227760e-01;1.9750000e+02;1.7912300e-01;1.9750000e+02;2.0801727e-01;1.9750000e+02;2.3118606e-01;1.9750000e+02;2.4928719e-01;1.9750000e+02;2.6336583e-01;1.9750000e+02;2.6266217e-01;1.9750000e+02;2.3588112e-01;1.9750000e+02;1.9208215e-01;1.9750000e+02;1.3862595e-01;1.9750000e+02;8.7346084e-02;1.9750000e+02;4.1854858e-02;1.9750000e+02;1.2771413e-04;1.9750000e+02;1.2388228e-02;1.9750000e+02;3.0650983e-02;1.9750000e+02;5.2904457e-02;1.9750000e+02;7.9919279e-02;1.9750000e+02;1.0849637e-01;1.9750000e+02;1.4227760e-01;1.9750000e+02;1.7912300e-01;1.9750000e+02;2.0801727e-01;1.9750000e+02;2.3118606e-01;1.9750000e+02;2.4928719e-01;1.9750000e+02;2.6336583e-01;1.9750000e+02;2.6266217e-01;1.9750000e+02;2.3588112e-01;1.9750000e+02;1.9208215e-01;1.9750000e+02;1.3862595e-01;1.9750000e+02;8.7346084e-02;1.9750000e+02;4.1854858e-02;1.9750000e+02;1.2771413e-04;1.9750000e+02;1.2388228e-02;1.9750000e+02;3.0650983e-02;1.9750000e+02;5.2904457e-02;1.9750000e+02;7.9919279e-02;1.9750000e+02;1.0849637e-01;1.9750000e+02;1.4227760e-01;1.9750000e+02;1.7912300e-01;1.9750000e+02;2.0801727e-01;1.9750000e+02;2.3118606e-01;1.9750000e+02;2.4928719e-01;1.9750000e+02;2.6336583e-01;1.9750000e+02;2.6266217e-01;1.9750000e+02;2.3588112e-01;1.9750000e+02;1.9208215e-01;1.9750000e+02;1.3862595e-01;1.9750000e+02;8.7346084e-02;1.9750000e+02;4.1854858e-02;1.9750000e+02;1.2771413e-04;1.9750000e+02;1.2388228e-02;1.9750000e+02;3.0650983e-02;1.9750000e+02;5.2904457e-02;1.9750000e+02;7.9919279e-02;1.9750000e+02;1.0849637e-01;1.9750000e+02;1.4227760e-01;1.9750000e+02;1.7912300e-01;1.9750000e+02;2.0801727e-01;1.9750000e+02;2.3118606e-01;1.9750000e+02;2.4928719e-01;1.9750000e+02;2.6336583e-01;1.9750000e+02;2.6266217e-01;1.9750000e+02;2.3588112e-01;1.9750000e+02;1.9208215e-01;1.9750000e+02;1.3862595e-01;1.9750000e+02;8.7346084e-02;1.9750000e+02;4.1854858e-02;1.9750000e+02;1.2771413e-04;1.9750000e+02;1.2388228e-02;1.9750000e+02;3.0650983e-02;1.9750000e+02;5.2904457e-02;1.9750000e+02;7.9919279e-02;1.9750000e+02;1.0849637e-01;1.9750000e+02;1.4227760e-01;1.9750000e+02;1.7912300e-01;1.9750000e+02;2.0801727e-01;1.9750000e+02;2.3118606e-01;1.9750000e+02;2.4928719e-01;1.9750000e+02;2.6336583e-01;1.9750000e+02;2.6266217e-01;1.9750000e+02;2.3588112e-01;1.9750000e+02;1.9208215e-01;1.9750000e+02;1.3862595e-01;1.9750000e+02;8.7346084e-02;1.9750000e+02;4.1854858e-02;1.9750000e+02;1.2771413e-04;1.9750000e+02;1.2388228e-02;1.9750000e+02;3.0650983e-02;1.9750000e+02;5.2904457e-02;1.9750000e+02;7.9919279e-02;1.9750000e+02;1.0849637e-01;1.9750000e+02;1.4227760e-01;1.9750000e+02;1.7912300e-01;1.9750000e+02;2.0801727e-01;1.9750000e+02;2.3118606e-01;1.9750000e+02;2.4928719e-01;1.9750000e+02;2.6336583e-01;1.9750000e+02;2.6266217e-01;1.9750000e+02;2.3588112e-01;1.9750000e+02;1.9208215e-01;1.9750000e+02;1.3862595e-01;1.9750000e+02;8.7346084e-02;1.9750000e+02;4.1854858e-02;1.9750000e+02;1.2771413e-04;1.9750000e+02;1.2388228e-02;1.9750000e+02;3.0650983e-02;1.9750000e+02;5.2904457e-02;1.9750000e+02;7.9919279e-02;1.9750000e+02;1.0849637e-01;1.9750000e+02;1.4227760e-01;1.9750000e+02;1.7912300e-01;1.9750000e+02;2.0801727e-01;1.9750000e+02;2.3118606e-01;1.9750000e+02;2.4928719e-01;1.9750000e+02;2.6336583e-01;1.9750000e+02;2.6266217e-01;1.9750000e+02;2.3588112e-01;1.9750000e+02;1.9208215e-01;1.9750000e+02;1.3862595e-01;1.9750000e+02;8.7346084e-02;1.9750000e+02;4.1854858e-02;1.9750000e+02;1.2771413e-04;1.9750000e+02;1.2388228e-02;1.9750000e+02;3.0650983e-02;1.9750000e+02;5.2904457e-02;1.9750000e+02;7.9919279e-02;1.9750000e+02;1.0849637e-01;1.9750000e+02;1.4227760e-01;1.9750000e+02;1.7912300e-01;1.9750000e+02;2.0801727e-01;1.9750000e+02;2.3118606e-01;1.9750000e+02;2.4928719e-01;1.9750000e+02;2.6336583e-01;1.9750000e+02;2.6266217e-01;1.9750000e+02;2.3588112e-01;1.9750000e+02;1.9208215e-01;1.9750000e+02;1.3862595e-01;1.9750000e+02;8.7346084e-02;1.9750000e+02;4.1854858e-02;1.9750000e+02;1.2771413e-04;1.9750000e+02;1.2388228e-02;1.9750000e+02;3.0650983e-02;1.9750000e+02;5.2904457e-02;1.9750000e+02;7.9919279e-02;1.9750000e+02;1.0849637e-01;1.9750000e+02;1.4227760e-01;1.9750000e+02;1.7912300e-01;1.9750000e+02;2.0801727e-01;1.9750000e+02;2.3118606e-01;1.9750000e+02;2.4928719e-01;1.9750000e+02;2.6336583e-01;1.9750000e+02;2.6266217e-01;1.9750000e+02;2.3588112e-01;1.9750000e+02;1.9208215e-01;1.9750000e+02;1.3862595e-01;1.9750000e+02;8.7346084e-02;1.9750000e+02;4.1854858e-02;1.9750000e+02;1.2771413e-04;1.9750000e+02;1.2388228e-02;1.9750000e+02;3.0650983e-02;1.9750000e+02;5.2904457e-02;1.9750000e+02;7.9919279e-02;1.9750000e+02;1.0849637e-01;1.9750000e+02;1.4227760e-01;1.9750000e+02;1.7912300e-01;1.9750000e+02;2.0801727e-01;1.9750000e+02;2.3118606e-01;1.9750000e+02;2.4928719e-01;1.9750000e+02;2.6336583e-01;1.9750000e+02;2.6266217e-01;1.9750000e+02;2.3588112e-01;1.9750000e+02;1.9208215e-01;1.9750000e+02;1.3862595e-01;1.9750000e+02;8.7346084e-02;1.9750000e+02;4.1854858e-02;1.9750000e+02;1.2771413e-04;1.9750000e+02;1.2388228e-02;1.9750000e+02;3.0650983e-02;1.9750000e+02;5.2904457e-02;1.9750000e+02;7.9919279e-02;1.9750000e+02;1.0849637e-01;1.9750000e+02;1.4227760e-01;1.9750000e+02;1.7912300e-01;1.9750000e+02;2.0801727e-01;1.9750000e+02;2.3118606e-01;1.9750000e+02;2.4928719e-01;1.9750000e+02;2.6336583e-01;1.9750000e+02;2.6266217e-01;1.9750000e+02;2.3588112e-01;1.9750000e+02;1.9208215e-01;1.9750000e+02;1.3862595e-01;1.9750000e+02;8.7346084e-02;1.9750000e+02;4.1854858e-02;1.9750000e+02;1.2771413e-04;1.9750000e+02;1.2388228e-02;1.9750000e+02;3.0650983e-02;1.9750000e+02;5.2904457e-02;1.9750000e+02;7.9919279e-02;1.9750000e+02;1.0849637e-01;1.9750000e+02;1.4227760e-01;1.9750000e+02;1.7912300e-01;1.9750000e+02;2.0801727e-01;1.9750000e+02;2.3118606e-01;1.9750000e+02;2.4928719e-01;1.9750000e+02;2.6336583e-01;1.9750000e+02;2.6266217e-01;1.9750000e+02;2.3588112e-01;1.9750000e+02;1.9208215e-01;1.9750000e+02;1.3862595e-01;1.9750000e+02;8.7346084e-02;1.9750000e+02;4.1854858e-02;1.9750000e+02;1.2771413e-04;1.9750000e+02;1.2388228e-02;1.9750000e+02;3.0650983e-02;1.9750000e+02;5.2904457e-02;1.9750000e+02;7.9919279e-02;1.9750000e+02;1.0849637e-01;1.9750000e+02;1.4227760e-01;1.9750000e+02;1.7912300e-01;1.9750000e+02;2.0801727e-01;1.9750000e+02;2.3118606e-01;1.9750000e+02;2.4928719e-01;1.9750000e+02;2.6336583e-01;1.9750000e+02;2.6266217e-01;1.9750000e+02;2.3588112e-01;1.9750000e+02;1.9208215e-01;1.9750000e+02;1.3862595e-01;1.9750000e+02;8.7346084e-02;1.9750000e+02;4.1854858e-02;1.9750000e+02;1.2771413e-04;1.9750000e+02;1.2388228e-02;1.9750000e+02;3.0650983e-02;1.9750000e+02;5.2904457e-02;1.9750000e+02;7.9919279e-02;1.9750000e+02;1.0849637e-01;1.9750000e+02;1.4227760e-01;1.9750000e+02;1.7912300e-01;1.9750000e+02;2.0801727e-01;1.9750000e+02;2.3118606e-01;1.9750000e+02;2.4928719e-01;1.9750000e+02;2.6336583e-01;1.9750000e+02;2.6266217e-01;1.9750000e+02;2.3588112e-01;1.9750000e+02;1.9208215e-01;1.9750000e+02;1.3862595e-01;1.9750000e+02;8.7346084e-02;1.9750000e+02;4.1854858e-02;1.9750000e+02;1.2771413e-04;1.9750000e+02;1.2388228e-02;1.9750000e+02;3.0650983e-02;1.9750000e+02;5.2904457e-02;1.9750000e+02;7.9919279e-02;1.9750000e+02;1.0849637e-01;1.9750000e+02;1.4227760e-01;1.9750000e+02;1.7912300e-01;1.9750000e+02;2.0801727e-01;1.9750000e+02;2.3118606e-01;1.9750000e+02;2.4928719e-01;1.9750000e+02;2.6336583e-01;1.9750000e+02;2.6266217e-01;1.9750000e+02;2.3588112e-01;1.9750000e+02;1.9208215e-01;1.9750000e+02;1.3862595e-01;1.9750000e+02;8.7346084e-02;1.9750000e+02;4.1854858e-02;1.9750000e+02;1.2771413e-04;1.9750000e+02;1.2388228e-02;1.9750000e+02;3.0650983e-02;1.9750000e+02;5.2904457e-02;1.9750000e+02;7.9919279e-02;1.9750000e+02;1.0849637e-01;1.9750000e+02;1.4227760e-01;1.9750000e+02;1.7912300e-01;1.9750000e+02;2.0801727e-01;1.9750000e+02;2.3118606e-01;1.9750000e+02;2.4928719e-01;1.9750000e+02;2.6336583e-01;1.9750000e+02;2.6266217e-01;1.9750000e+02;2.3588112e-01;1.9750000e+02;1.9208215e-01;1.9750000e+02;1.3862595e-01;1.9750000e+02;8.7346084e-02;1.9750000e+02;4.1854858e-02;1.9750000e+02;1.2771413e-04;1.9750000e+02;1.2388228e-02;1.9750000e+02;3.0650983e-02;1.9750000e+02;5.2904457e-02;1.9750000e+02;7.9919279e-02;1.9750000e+02;1.0849637e-01;1.9750000e+02;1.4227760e-01;1.9750000e+02;1.7912300e-01;1.9750000e+02;2.0801727e-01;1.9750000e+02;2.3118606e-01;1.9750000e+02;2.4928719e-01;1.9750000e+02;2.6336583e-01;1.9750000e+02;2.6266217e-01;1.9750000e+02;2.3588112e-01;1.9750000e+02;1.9208215e-01;1.9750000e+02;1.3862595e-01;1.9750000e+02;8.7346084e-02;1.9750000e+02;4.1854858e-02;1.9750000e+02;1.2771413e-04;1.9750000e+02;1.2388228e-02;1.9750000e+02;3.0650983e-02;1.9750000e+02;5.2904457e-02;1.9750000e+02;7.9919279e-02;1.9750000e+02;1.0849637e-01;1.9750000e+02;1.4227760e-01;1.9750000e+02;1.7912300e-01;1.9750000e+02;2.0801727e-01;1.9750000e+02;2.3118606e-01;1.9750000e+02;2.4928719e-01;1.9750000e+02;2.6336583e-01;1.9750000e+02;2.6266217e-01;1.9750000e+02;2.3588112e-01;1.9750000e+02;1.9208215e-01;1.9750000e+02;1.3862595e-01;1.9750000e+02;8.7346084e-02;1.9750000e+02;4.1854858e-02;1.9750000e+02;1.2771413e-04;1.9750000e+02;1.2388228e-02;1.9750000e+02;3.0650983e-02;1.9750000e+02;5.2904457e-02;1.9750000e+02;7.9919279e-02;1.9750000e+02;1.0849637e-01;1.9750000e+02;1.4227760e-01;1.9750000e+02;1.7912300e-01;1.9750000e+02;2.0801727e-01;1.9750000e+02;2.3118606e-01;1.9750000e+02;2.4928719e-01;1.9750000e+02;2.6336583e-01;1.9750000e+02;2.6266217e-01;1.9750000e+02;2.3588112e-01;1.9750000e+02;1.9208215e-01;1.9750000e+02;1.3862595e-01;1.9750000e+02;8.7346084e-02;1.9750000e+02;4.1854858e-02;1.9750000e+02;1.2771413e-04;1.9750000e+02;1.2388228e-02;1.9750000e+02;3.0650983e-02;1.9750000e+02;5.2904457e-02;1.9750000e+02;7.9919279e-02;1.9750000e+02;1.0849637e-01;1.9750000e+02;1.4227760e-01;1.9750000e+02;1.7912300e-01;1.9750000e+02;2.0801727e-01;1.9750000e+02;2.3118606e-01;1.9750000e+02;2.4928719e-01;1.9750000e+02;2.6336583e-01;1.9750000e+02;2.6266217e-01;1.9750000e+02;2.3588112e-01;1.9750000e+02;1.9208215e-01;1.9750000e+02;1.3862595e-01;1.9750000e+02;8.7346084e-02;1.9750000e+02;4.1854858e-02;1.9750000e+02;1.2771413e-04;1.9750000e+02;1.2388228e-02;1.9750000e+02;3.0650983e-02;1.9750000e+02;5.2904457e-02;1.9750000e+02;7.9919279e-02;1.9750000e+02;1.0849637e-01;1.9750000e+02;1.4227760e-01;1.9750000e+02;1.7912300e-01;1.9750000e+02;2.0801727e-01;1.9750000e+02;2.3118606e-01;1.9750000e+02;2.4928719e-01;1.9750000e+02;2.6336583e-01;1.9750000e+02;2.6266217e-01;1.9750000e+02;2.3588112e-01;1.9750000e+02;1.9208215e-01;1.9750000e+02;1.3862595e-01;1.9750000e+02;8.7346084e-02;1.9750000e+02;4.1854858e-02;1.9750000e+02;1.2771413e-04;1.9750000e+02;1.2388228e-02;1.9750000e+02;3.0650983e-02;1.9750000e+02;5.2904457e-02;1.9750000e+02;7.9919279e-02;1.9750000e+02;1.0849637e-01;1.9750000e+02;1.4227760e-01;1.9750000e+02;1.7912300e-01;1.9750000e+02;2.0801727e-01;1.9750000e+02;2.3118606e-01;1.9750000e+02;2.4928719e-01;1.9750000e+02;2.6336583e-01;1.9750000e+02;2.6266217e-01;1.9750000e+02;2.3588112e-01;1.9750000e+02;1.9208215e-01;1.9750000e+02;1.3862595e-01;1.9750000e+02;8.7346084e-02;1.9750000e+02;4.1854858e-02;1.9750000e+02;1.2771413e-04;1.9750000e+02;1.2388228e-02;1.9750000e+02;3.0650983e-02;1.9750000e+02;5.2904457e-02;1.9750000e+02;7.9919279e-02;1.9750000e+02;1.0849637e-01;1.9750000e+02;1.4227760e-01;1.9750000e+02;1.7912300e-01;1.9750000e+02;2.0801727e-01;1.9750000e+02;2.3118606e-01;1.9750000e+02;2.4928719e-01;1.9750000e+02;2.6336583e-01;1.9750000e+02;2.6266217e-01;1.9750000e+02;2.3588112e-01;1.9750000e+02;1.9208215e-01;1.9750000e+02;1.3862595e-01;1.9750000e+02;8.7346084e-02;1.9750000e+02;4.1854858e-02;1.9750000e+02;1.2771413e-04;1.9750000e+02;1.2388228e-02;1.9750000e+02;3.0650983e-02;1.9750000e+02;5.2904457e-02;1.9750000e+02;7.9919279e-02;1.9750000e+02;1.0849637e-01;1.9750000e+02;1.4227760e-01;1.9750000e+02;1.7912300e-01;1.9750000e+02;2.0801727e-01;1.9750000e+02;2.3118606e-01;1.9750000e+02;2.4928719e-01;1.9750000e+02;2.6336583e-01;1.9750000e+02;2.6266217e-01;1.9750000e+02;2.3588112e-01;1.9750000e+02;1.9208215e-01;1.9750000e+02;1.3862595e-01;1.9750000e+02;8.7346084e-02;1.9750000e+02;4.1854858e-02;1.9750000e+02;1.2771413e-04;1.9750000e+02;1.2388228e-02;1.9750000e+02;3.0650983e-02;1.9750000e+02;5.2904457e-02;1.9750000e+02;7.9919279e-02;1.9750000e+02;1.0849637e-01;1.9750000e+02;1.4227760e-01;1.9750000e+02;1.7912300e-01;1.9750000e+02;2.0801727e-01;1.9750000e+02;2.3118606e-01;1.9750000e+02;2.4928719e-01;1.9750000e+02;2.6336583e-01;1.9750000e+02;2.6266217e-01;1.9750000e+02;2.3588112e-01;1.9750000e+02;1.9208215e-01;1.9750000e+02;1.3862595e-01;1.9750000e+02;8.7346084e-02;1.9750000e+02;4.1854858e-02;1.9750000e+02;1.2771413e-04;1.9750000e+02;1.2388228e-02;1.9750000e+02;3.0650983e-02;1.9750000e+02;5.2904457e-02;1.9750000e+02;7.9919279e-02;1.9750000e+02;1.0849637e-01;1.9750000e+02;1.4227760e-01;1.9750000e+02;1.7912300e-01;1.9750000e+02;2.0801727e-01;1.9750000e+02;2.3118606e-01;1.9750000e+02;2.4928719e-01;1.9750000e+02;2.6336583e-01;1.9750000e+02;2.6266217e-01;1.9750000e+02;2.3588112e-01;1.9750000e+02;1.9208215e-01;1.9750000e+02;1.3862595e-01;1.9750000e+02;8.7346084e-02;1.9750000e+02;4.1854858e-02;1.9750000e+02;1.2771413e-04;1.9750000e+02;1.2388228e-02;1.9750000e+02;3.0650983e-02;1.9750000e+02;5.2904457e-02;1.9750000e+02;7.9919279e-02;1.9750000e+02;1.0849637e-01;1.9750000e+02;1.4227760e-01;1.9750000e+02;1.7912300e-01;1.9750000e+02;2.0801727e-01;1.9750000e+02;2.3118606e-01;1.9750000e+02;2.4928719e-01;1.9750000e+02;2.6336583e-01;1.9750000e+02;2.6266217e-01;1.9750000e+02;2.3588112e-01;1.9750000e+02;1.9208215e-01;1.9750000e+02;1.3862595e-01;1.9750000e+02;8.7346084e-02;1.9750000e+02;4.1854858e-02;1.9750000e+02;1.2771413e-04;1.9750000e+02;1.2388228e-02;1.9750000e+02;3.0650983e-02;1.9750000e+02;5.2904457e-02;1.9750000e+02;7.9919279e-02;1.9750000e+02;1.0849637e-01;1.9750000e+02;1.4227760e-01;1.9750000e+02;1.7912300e-01;1.9750000e+02;2.0801727e-01;1.9750000e+02;2.3118606e-01;1.9750000e+02;2.4928719e-01;1.9750000e+02;2.6336583e-01;1.9750000e+02;2.6266217e-01;1.9750000e+02;2.3588112e-01;1.9750000e+02;1.9208215e-01;1.9750000e+02;1.3862595e-01;1.9750000e+02;8.7346084e-02;1.9750000e+02;4.1854858e-02;1.9750000e+02;1.2771413e-04;1.9750000e+02;1.2388228e-02;1.9750000e+02;3.0650983e-02;1.9750000e+02;5.2904457e-02;1.9750000e+02;7.9919279e-02;1.9750000e+02;1.0849637e-01;1.9750000e+02;1.4227760e-01;1.9750000e+02;1.7912300e-01;1.9750000e+02;2.0801727e-01;1.9750000e+02;2.3118606e-01;1.9750000e+02;2.4928719e-01;1.9750000e+02;2.6336583e-01;1.9750000e+02;2.6266217e-01;1.9750000e+02;2.3588112e-01;1.9750000e+02;1.9208215e-01;1.9750000e+02;1.3862595e-01;1.9750000e+02;8.7346084e-02;1.9750000e+02;4.1854858e-02;1.9750000e+02;1.2771413e-04;1.9750000e+02;1.2388228e-02;1.9750000e+02;3.0650983e-02;1.9750000e+02;5.2904457e-02;1.9750000e+02;7.9919279e-02;1.9750000e+02;1.0849637e-01;1.9750000e+02;1.4227760e-01;1.9750000e+02;1.7912300e-01;1.9750000e+02;2.0801727e-01;1.9750000e+02;2.3118606e-01;1.9750000e+02;2.4928719e-01;1.9750000e+02;2.6336583e-01;1.9750000e+02;2.6266217e-01;1.9750000e+02;2.3588112e-01;1.9750000e+02;1.9208215e-01;1.9750000e+02;1.3862595e-01;1.9750000e+02;8.7346084e-02;1.9750000e+02;4.1854858e-02;1.9750000e+02;1.2771413e-04;1.9750000e+02;1.2388228e-02;1.9750000e+02;3.0650983e-02;1.9750000e+02;5.2904457e-02;1.9750000e+02;7.9919279e-02;1.9750000e+02;1.0849637e-01;1.9750000e+02;1.4227760e-01;1.9750000e+02;1.7912300e-01;1.9750000e+02;2.0801727e-01;1.9750000e+02;2.3118606e-01;1.9750000e+02;2.4928719e-01;1.9750000e+02;2.6336583e-01;1.9750000e+02;2.6266217e-01;1.9750000e+02;2.3588112e-01;1.9750000e+02;1.9208215e-01;1.9750000e+02;1.3862595e-01;1.9750000e+02;8.7346084e-02;1.9750000e+02;4.1854858e-02;1.9750000e+02;1.2771413e-04;1.9750000e+02;1.2388228e-02;1.9750000e+02;3.0650983e-02;1.9750000e+02;5.2904457e-02;1.9750000e+02;7.9919279e-02;1.9750000e+02;1.0849637e-01;1.9750000e+02;1.4227760e-01;1.9750000e+02;1.7912300e-01;1.9750000e+02;2.0801727e-01;1.9750000e+02;2.3118606e-01;1.9750000e+02;2.4928719e-01;1.9750000e+02;2.6336583e-01;1.9750000e+02;2.6266217e-01;1.9750000e+02;2.3588112e-01;1.9750000e+02;1.9208215e-01;1.9750000e+02;1.3862595e-01;1.9750000e+02;8.7346084e-02;1.9750000e+02;4.1854858e-02;1.9750000e+02;1.2771413e-04;1.9750000e+02;1.2388228e-02;1.9750000e+02;3.0650983e-02;1.9750000e+02;5.2904457e-02;1.9750000e+02;7.9919279e-02;1.9750000e+02;1.0849637e-01;1.9750000e+02;1.4227760e-01;1.9750000e+02;1.7912300e-01;1.9750000e+02;2.0801727e-01;1.9750000e+02;2.3118606e-01;1.9750000e+02;2.4928719e-01;1.9750000e+02;2.6336583e-01;1.9750000e+02;2.6266217e-01;1.9750000e+02;2.3588112e-01;1.9750000e+02;1.9208215e-01;1.9750000e+02;1.3862595e-01;1.9750000e+02;8.7346084e-02;1.9750000e+02;4.1854858e-02;1.9750000e+02;1.2771413e-04;1.9750000e+02;1.2388228e-02;1.9750000e+02;3.0650983e-02;1.9750000e+02;5.2904457e-02;1.9750000e+02;7.9919279e-02;1.9750000e+02;1.0849637e-01;1.9750000e+02;1.4227760e-01;1.9750000e+02;1.7912300e-01;1.9750000e+02;2.0801727e-01;1.9750000e+02;2.3118606e-01;1.9750000e+02;2.4928719e-01;1.9750000e+02;2.6336583e-01;1.9750000e+02;2.6266217e-01;1.9750000e+02;2.3588112e-01;1.9750000e+02;1.9208215e-01;1.9750000e+02;1.3862595e-01;1.9750000e+02;8.7346084e-02;1.9750000e+02;4.1854858e-02;1.9750000e+02;1.2771413e-04;1.9750000e+02;1.2388228e-02;1.9750000e+02;3.0650983e-02;1.9750000e+02;5.2904457e-02;1.9750000e+02;7.9919279e-02;1.9750000e+02;1.0849637e-01;1.9750000e+02;1.4227760e-01;1.9750000e+02;1.7912300e-01;1.9750000e+02;2.0801727e-01;1.9750000e+02;2.3118606e-01;1.9750000e+02;2.4928719e-01;1.9750000e+02;2.6336583e-01;1.9750000e+02;2.6266217e-01;1.9750000e+02;2.3588112e-01;1.9750000e+02;1.9208215e-01;1.9750000e+02;1.3862595e-01;1.9750000e+02;8.7346084e-02;1.9750000e+02;4.1854858e-02;1.9750000e+02;1.2771413e-04;1.9750000e+02;1.2388228e-02;1.9750000e+02;3.0650983e-02;1.9750000e+02;5.2904457e-02;1.9750000e+02;7.9919279e-02;1.9750000e+02;1.0849637e-01;1.9750000e+02;1.4227760e-01;1.9750000e+02;1.7912300e-01;1.9750000e+02;2.0801727e-01;1.9750000e+02;2.3118606e-01;1.9750000e+02;2.4928719e-01;1.9750000e+02;2.6336583e-01;1.9750000e+02;2.6266217e-01;1.9750000e+02;2.3588112e-01;1.9750000e+02;1.9208215e-01;1.9750000e+02;1.3862595e-01;1.9750000e+02;8.7346084e-02;1.9750000e+02;4.1854858e-02;1.9750000e+02;1.2771413e-04;1.9750000e+02;1.2388228e-02;1.9750000e+02;3.0650983e-02;1.9750000e+02;5.2904457e-02;1.9750000e+02;7.9919279e-02;1.9750000e+02;1.0849637e-01;1.9750000e+02;1.4227760e-01;1.9750000e+02;1.7912300e-01;1.9750000e+02;2.0801727e-01;1.9750000e+02;2.3118606e-01;1.9750000e+02;2.4928719e-01;1.9750000e+02;2.6336583e-01;1.9750000e+02;2.6266217e-01;1.9750000e+02;2.3588112e-01;1.9750000e+02;1.9208215e-01;1.9750000e+02;1.3862595e-01;1.9750000e+02;8.7346084e-02;1.9750000e+02;4.1854858e-02;1.9750000e+02;1.2771413e-04;1.9750000e+02;1.2388228e-02;1.9750000e+02;3.0650983e-02;1.9750000e+02;5.2904457e-02;1.9750000e+02;7.9919279e-02;1.9750000e+02;1.0849637e-01;1.9750000e+02;1.4227760e-01;1.9750000e+02;1.7912300e-01;1.9750000e+02;2.0801727e-01;1.9750000e+02;2.3118606e-01;1.9750000e+02;2.4928719e-01;1.9750000e+02;2.6336583e-01;1.9750000e+02;2.6266217e-01;1.9750000e+02;2.3588112e-01;1.9750000e+02;1.9208215e-01;1.9750000e+02;1.3862595e-01;1.9750000e+02;8.7346084e-02;1.9750000e+02;4.1854858e-02;1.9750000e+02;1.2771413e-04;1.9750000e+02;1.2388228e-02;1.9750000e+02;3.0650983e-02;1.9750000e+02;5.2904457e-02;1.9750000e+02;7.9919279e-02;1.9750000e+02;1.0849637e-01;1.9750000e+02;1.4227760e-01;1.9750000e+02;1.7912300e-01;1.9750000e+02;2.0801727e-01;1.9750000e+02;2.3118606e-01;1.9750000e+02;2.4928719e-01;1.9750000e+02;2.6336583e-01;1.9750000e+02;2.6266217e-01;1.9750000e+02;2.3588112e-01;1.9750000e+02;1.9208215e-01;1.9750000e+02;1.3862595e-01;1.9750000e+02;8.7346084e-02;1.9750000e+02;4.1854858e-02;1.9750000e+02;1.2771413e-04;1.9750000e+02;1.2388228e-02;1.9750000e+02;3.0650983e-02;1.9750000e+02;5.2904457e-02;1.9750000e+02;7.9919279e-02;1.9750000e+02;1.0849637e-01;1.9750000e+02;1.4227760e-01;1.9750000e+02;1.7912300e-01;1.9750000e+02;2.0801727e-01;1.9750000e+02;2.3118606e-01;1.9750000e+02;2.4928719e-01;1.9750000e+02;2.6336583e-01;1.9750000e+02;2.6266217e-01;1.9750000e+02;2.3588112e-01;1.9750000e+02;1.9208215e-01;1.9750000e+02;1.3862595e-01;1.9750000e+02;8.7346084e-02;1.9750000e+02;4.1854858e-02;1.9750000e+02;1.2771413e-04;1.9750000e+02;1.2388228e-02;1.9750000e+02;3.0650983e-02;1.9750000e+02;5.2904457e-02;1.9750000e+02;7.9919279e-02;1.9750000e+02;1.0849637e-01;1.9750000e+02;1.4227760e-01;1.9750000e+02;1.7912300e-01;1.9750000e+02;2.0801727e-01;1.9750000e+02;2.3118606e-01;1.9750000e+02;2.4928719e-01;1.9750000e+02;2.6336583e-01;1.9750000e+02;2.6266217e-01;1.9750000e+02;2.3588112e-01;1.9750000e+02;1.9208215e-01;1.9750000e+02;1.3862595e-01;1.9750000e+02;8.7346084e-02;1.9750000e+02;4.1854858e-02;1.9750000e+02;1.2771413e-04;1.9750000e+02;1.2388228e-02;1.9750000e+02;3.0650983e-02;1.9750000e+02;5.2904457e-02;1.9750000e+02;7.9919279e-02;1.9750000e+02;1.0849637e-01;1.9750000e+02;1.4227760e-01;1.9750000e+02;1.7912300e-01;1.9750000e+02;2.0801727e-01;1.9750000e+02;2.3118606e-01;1.9750000e+02;2.4928719e-01;1.9750000e+02;2.6336583e-01;1.9750000e+02;2.6266217e-01;1.9750000e+02;2.3588112e-01;1.9750000e+02;1.9208215e-01;1.9750000e+02;1.3862595e-01;1.9750000e+02;8.7346084e-02;1.9750000e+02;4.1854858e-02;1.9750000e+02;1.2771413e-04;1.9750000e+02;1.2388228e-02;1.9750000e+02;3.0650983e-02;1.9750000e+02;5.2904457e-02;1.9750000e+02;7.9919279e-02;1.9750000e+02;1.0849637e-01;1.9750000e+02;1.4227760e-01;1.9750000e+02;1.7912300e-01;1.9750000e+02;2.0801727e-01;1.9750000e+02;2.3118606e-01;1.9750000e+02;2.4928719e-01;1.9750000e+02;2.6336583e-01;1.9750000e+02;2.6266217e-01;1.9750000e+02;2.3588112e-01;1.9750000e+02;1.9208215e-01;1.9750000e+02;1.3862595e-01;1.9750000e+02;8.7346084e-02;1.9750000e+02;4.1854858e-02;1.9750000e+02;1.2771413e-04;1.9750000e+02;1.2388228e-02;1.9750000e+02;3.0650983e-02;1.9750000e+02;5.2904457e-02;1.9750000e+02;7.9919279e-02;1.9750000e+02;1.0849637e-01;1.9750000e+02;1.4227760e-01;1.9750000e+02;1.7912300e-01;1.9750000e+02;2.0801727e-01;1.9750000e+02;2.3118606e-01;1.9750000e+02;2.4928719e-01;1.9750000e+02;2.6336583e-01;1.9750000e+02;2.6266217e-01;1.9750000e+02;2.3588112e-01;1.9750000e+02;1.9208215e-01;1.9750000e+02;1.3862595e-01;1.9750000e+02;8.7346084e-02;1.9750000e+02;4.1854858e-02;1.9750000e+02;1.2771413e-04;1.9750000e+02;1.2388228e-02;1.9750000e+02;3.0650983e-02;1.9750000e+02;5.2904457e-02;1.9750000e+02;7.9919279e-02;1.9750000e+02;1.0849637e-01;1.9750000e+02;1.4227760e-01;1.9750000e+02;1.7912300e-01;1.9750000e+02;2.0801727e-01;1.9750000e+02;2.3118606e-01;1.9750000e+02;2.4928719e-01;1.9750000e+02;2.6336583e-01;1.9750000e+02;2.6266217e-01;1.9750000e+02;2.3588112e-01;1.9750000e+02;1.9208215e-01;1.9750000e+02;1.3862595e-01;1.9750000e+02;8.7346084e-02;1.9750000e+02;4.1854858e-02;1.9750000e+02;1.2771413e-04;1.9750000e+02;1.2388228e-02;1.9750000e+02;3.0650983e-02;1.9750000e+02;5.2904457e-02;1.9750000e+02;7.9919279e-02;1.9750000e+02;1.0849637e-01;1.9750000e+02;1.4227760e-01;1.9750000e+02;1.7912300e-01;1.9750000e+02;2.0801727e-01;1.9750000e+02;2.3118606e-01;1.9750000e+02;2.4928719e-01;1.9750000e+02;2.6336583e-01;1.9750000e+02;2.6266217e-01;1.9750000e+02;2.3588112e-01;1.9750000e+02;1.9208215e-01;1.9750000e+02;1.3862595e-01;1.9750000e+02;8.7346084e-02;1.9750000e+02;4.1854858e-02;1.9750000e+02;1.2771413e-04;1.9750000e+02;1.2388228e-02;1.9750000e+02;3.0650983e-02;1.9750000e+02;5.2904457e-02;1.9750000e+02;7.9919279e-02;1.9750000e+02;1.0849637e-01;1.9750000e+02;1.4227760e-01;1.9750000e+02;1.7912300e-01;1.9750000e+02;2.0801727e-01;1.9750000e+02;2.3118606e-01;1.9750000e+02;2.4928719e-01;1.9750000e+02;2.6336583e-01;1.9750000e+02;2.6266217e-01;1.9750000e+02;2.3588112e-01;1.9750000e+02;1.9208215e-01;1.9750000e+02;1.3862595e-01;1.9750000e+02;8.7346084e-02;1.9750000e+02;4.1854858e-02;1.9750000e+02;1.2771413e-04;1.9750000e+02;1.2388228e-02;1.9750000e+02;3.0650983e-02;1.9750000e+02;5.2904457e-02;1.9750000e+02;7.9919279e-02;1.9750000e+02;1.0849637e-01;1.9750000e+02;1.4227760e-01;1.9750000e+02;1.7912300e-01;1.9750000e+02;2.0801727e-01;1.9750000e+02;2.3118606e-01;1.9750000e+02;2.4928719e-01;1.9750000e+02;2.6336583e-01;1.9750000e+02;2.6266217e-01;1.9750000e+02;2.3588112e-01;1.9750000e+02;1.9208215e-01;1.9750000e+02;1.3862595e-01;1.9750000e+02;8.7346084e-02;1.9750000e+02;4.1854858e-02;1.9750000e+02;1.2771413e-04;1.9750000e+02;1.2388228e-02;1.9750000e+02;3.0650983e-02;1.9750000e+02;5.2904457e-02;1.9750000e+02;7.9919279e-02;1.9750000e+02;1.0849637e-01;1.9750000e+02;1.4227760e-01;1.9750000e+02;1.7912300e-01;1.9750000e+02;2.0801727e-01;1.9750000e+02;2.3118606e-01;1.9750000e+02;2.4928719e-01;1.9750000e+02;2.6336583e-01;1.9750000e+02;2.6266217e-01;1.9750000e+02;2.3588112e-01;1.9750000e+02;1.9208215e-01;1.9750000e+02;1.3862595e-01;1.9750000e+02;8.7346084e-02;1.9750000e+02;4.1854858e-02;1.9750000e+02;1.2771413e-04;1.9750000e+02;1.2388228e-02;1.9750000e+02;3.0650983e-02;1.9750000e+02;5.2904457e-02;1.9750000e+02;7.9919279e-02;1.9750000e+02;1.0849637e-01;1.9750000e+02;1.4227760e-01;1.9750000e+02;1.7912300e-01;1.9750000e+02;2.0801727e-01;1.9750000e+02;2.3118606e-01;1.9750000e+02;2.4928719e-01;1.9750000e+02;2.6336583e-01;1.9750000e+02;2.6266217e-01;1.9750000e+02;2.3588112e-01;1.9750000e+02;1.9208215e-01;1.9750000e+02;1.3862595e-01;1.9750000e+02;8.7346084e-02;1.9750000e+02;4.1854858e-02;1.9750000e+02;1.2771413e-04;1.9750000e+02;1.2388228e-02;1.9750000e+02;3.0650983e-02;1.9750000e+02;5.2904457e-02;1.9750000e+02;7.9919279e-02;1.9750000e+02;1.0849637e-01;1.9750000e+02;1.4227760e-01;1.9750000e+02;1.7912300e-01;1.9750000e+02;2.0801727e-01;1.9750000e+02;2.3118606e-01;1.9750000e+02;2.4928719e-01;1.9750000e+02;2.6336583e-01;1.9750000e+02;2.6266217e-01;1.9750000e+02;2.3588112e-01;1.9750000e+02;1.9208215e-01;1.9750000e+02;1.3862595e-01;1.9750000e+02;8.7346084e-02;1.9750000e+02;4.1854858e-02;1.9750000e+02;1.2771413e-04;1.9750000e+02;1.2388228e-02;1.9750000e+02;3.0650983e-02;1.9750000e+02;5.2904457e-02;1.9750000e+02;7.9919279e-02;1.9750000e+02;1.0849637e-01;1.9750000e+02;1.4227760e-01;1.9750000e+02;1.7912300e-01;1.9750000e+02;2.0801727e-01;1.9750000e+02;2.3118606e-01;1.9750000e+02;2.4928719e-01;1.9750000e+02;2.6336583e-01;1.9750000e+02;2.6266217e-01;1.9750000e+02;2.3588112e-01;1.9750000e+02;1.9208215e-01;1.9750000e+02;1.3862595e-01;1.9750000e+02;8.7346084e-02;1.9750000e+02;4.1854858e-02;1.9750000e+02;1.2771413e-04;1.9750000e+02;1.2388228e-02;1.9750000e+02;3.0650983e-02;1.9750000e+02;5.2904457e-02;1.9750000e+02;7.9919279e-02;1.9750000e+02;1.0849637e-01;1.9750000e+02;1.4227760e-01;1.9750000e+02;1.7912300e-01;1.9750000e+02;2.0801727e-01;1.9750000e+02;2.3118606e-01;1.9750000e+02;2.4928719e-01;1.9750000e+02;2.6336583e-01;1.9750000e+02;2.6266217e-01;1.9750000e+02;2.3588112e-01;1.9750000e+02;1.9208215e-01;1.9750000e+02;1.3862595e-01;1.9750000e+02;8.7346084e-02;1.9750000e+02;4.1854858e-02;1.9750000e+02;1.2771413e-04;1.9750000e+02;1.2388228e-02;1.9750000e+02;3.0650983e-02;1.9750000e+02;5.2904457e-02;1.9750000e+02;7.9919279e-02;1.9750000e+02;1.0849637e-01;1.9750000e+02;1.4227760e-01;1.9750000e+02;1.7912300e-01;1.9750000e+02;2.0801727e-01;1.9750000e+02;2.3118606e-01;1.9750000e+02;2.4928719e-01;1.9750000e+02;2.6336583e-01;1.9750000e+02;2.6266217e-01;1.9750000e+02;2.3588112e-01;1.9750000e+02;1.9208215e-01;1.9750000e+02;1.3862595e-01;1.9750000e+02;8.7346084e-02;1.9750000e+02;4.1854858e-02;1.9750000e+02;1.2771413e-04;1.9750000e+02;1.2388228e-02;1.9750000e+02;3.0650983e-02;1.9750000e+02;5.2904457e-02;1.9750000e+02;7.9919279e-02;1.9750000e+02;1.0849637e-01;1.9750000e+02;1.4227760e-01;1.9750000e+02;1.7912300e-01;1.9750000e+02;2.0801727e-01;1.9750000e+02;2.3118606e-01;1.9750000e+02;2.4928719e-01;1.9750000e+02;2.6336583e-01;1.9750000e+02;2.6266217e-01;1.9750000e+02;2.3588112e-01;1.9750000e+02;1.9208215e-01;1.9750000e+02;1.3862595e-01;1.9750000e+02;8.7346084e-02;1.9750000e+02;4.1854858e-02;1.9750000e+02;1.2771413e-04;1.9750000e+02;1.2388228e-02;1.9750000e+02;3.0650983e-02;1.9750000e+02;5.2904457e-02;1.9750000e+02;7.9919279e-02;1.9750000e+02;1.0849637e-01;1.9750000e+02;1.4227760e-01;1.9750000e+02;1.7912300e-01;1.9750000e+02;2.0801727e-01;1.9750000e+02;2.3118606e-01;1.9750000e+02;2.4928719e-01;1.9750000e+02;2.6336583e-01;1.9750000e+02;2.6266217e-01;1.9750000e+02;2.3588112e-01;1.9750000e+02;1.9208215e-01;1.9750000e+02;1.3862595e-01;1.9750000e+02;8.7346084e-02;1.9750000e+02;4.1854858e-02;1.9750000e+02;1.2771413e-04;1.9750000e+02;1.2388228e-02;1.9750000e+02;3.0650983e-02;1.9750000e+02;5.2904457e-02;1.9750000e+02;7.9919279e-02;1.9750000e+02;1.0849637e-01;1.9750000e+02;1.4227760e-01;1.9750000e+02;1.7912300e-01;1.9750000e+02;2.0801727e-01;1.9750000e+02;2.3118606e-01;1.9750000e+02;2.4928719e-01;1.9750000e+02;2.6336583e-01;1.9750000e+02;2.6266217e-01;1.9750000e+02;2.3588112e-01;1.9750000e+02;1.9208215e-01;1.9750000e+02;1.3862595e-01;1.9750000e+02;8.7346084e-02;1.9750000e+02;4.1854858e-02;1.9750000e+02;1.2771413e-04;1.9750000e+02;1.2388228e-02;1.9750000e+02;3.0650983e-02;1.9750000e+02;5.2904457e-02;1.9750000e+02;7.9919279e-02;1.9750000e+02;1.0849637e-01;1.9750000e+02;1.4227760e-01;1.9750000e+02;1.7912300e-01;1.9750000e+02;2.0801727e-01;1.9750000e+02;2.3118606e-01;1.9750000e+02;2.4928719e-01;1.9750000e+02;2.6336583e-01;1.9750000e+02;2.6266217e-01;1.9750000e+02;2.3588112e-01;1.9750000e+02;1.9208215e-01;1.9750000e+02;1.3862595e-01;1.9750000e+02;8.7346084e-02;1.9750000e+02;4.1854858e-02;1.9750000e+02;1.2771413e-04;1.9750000e+02;1.2388228e-02;1.9750000e+02;3.0650983e-02;1.9750000e+02;5.2904457e-02;1.9750000e+02;7.9919279e-02;1.9750000e+02;1.0849637e-01;1.9750000e+02;1.4227760e-01;1.9750000e+02;1.7912300e-01;1.9750000e+02;2.0801727e-01;1.9750000e+02;2.3118606e-01;1.9750000e+02;2.4928719e-01;1.9750000e+02;2.6336583e-01;1.9750000e+02;2.6266217e-01;1.9750000e+02;2.3588112e-01;1.9750000e+02;1.9208215e-01;1.9750000e+02;1.3862595e-01;1.9750000e+02;8.7346084e-02;1.9750000e+02;4.1854858e-02;1.9750000e+02;1.2771413e-04;1.9750000e+02;1.2388228e-02;1.9750000e+02;3.0650983e-02;1.9750000e+02;5.2904457e-02;1.9750000e+02;7.9919279e-02;1.9750000e+02;1.0849637e-01;1.9750000e+02;1.4227760e-01;1.9750000e+02;1.7912300e-01;1.9750000e+02;2.0801727e-01;1.9750000e+02;2.3118606e-01;1.9750000e+02;2.4928719e-01;1.9750000e+02;2.6336583e-01;1.9750000e+02;2.6266217e-01;1.9750000e+02;2.3588112e-01;1.9750000e+02;1.9208215e-01;1.9750000e+02;1.3862595e-01;1.9750000e+02;8.7346084e-02;1.9750000e+02;4.1854858e-02;1.9750000e+02;1.2771413e-04;1.9750000e+02;1.2388228e-02;1.9750000e+02;3.0650983e-02;1.9750000e+02;5.2904457e-02;1.9750000e+02;7.9919279e-02;1.9750000e+02;1.0849637e-01;1.9750000e+02;1.4227760e-01;1.9750000e+02;1.7912300e-01;1.9750000e+02;2.0801727e-01;1.9750000e+02;2.3118606e-01;1.9750000e+02;2.4928719e-01;1.9750000e+02;2.6336583e-01;1.9750000e+02;2.6266217e-01;1.9750000e+02;2.3588112e-01;1.9750000e+02;1.9208215e-01;1.9750000e+02;1.3862595e-01;1.9750000e+02;8.7346084e-02;1.9750000e+02;4.1854858e-02;1.9750000e+02;1.2771413e-04;1.9750000e+02;1.2388228e-02;1.9750000e+02;3.0650983e-02;1.9750000e+02;5.2904457e-02;1.9750000e+02;7.9919279e-02;1.9750000e+02;1.0849637e-01;1.9750000e+02;1.4227760e-01;1.9750000e+02;1.7912300e-01;1.9750000e+02;2.0801727e-01;1.9750000e+02;2.3118606e-01;1.9750000e+02;2.4928719e-01;1.9750000e+02;2.6336583e-01;1.9750000e+02;2.6266217e-01;1.9750000e+02;2.3588112e-01;1.9750000e+02;1.9208215e-01;1.9750000e+02;1.3862595e-01;1.9750000e+02;8.7346084e-02;1.9750000e+02;4.1854858e-02;1.9750000e+02;1.2771413e-04;1.9750000e+02;1.2388228e-02;1.9750000e+02;3.0650983e-02;1.9750000e+02;5.2904457e-02;1.9750000e+02;7.9919279e-02;1.9750000e+02;1.0849637e-01;1.9750000e+02;1.4227760e-01;1.9750000e+02;1.7912300e-01;1.9750000e+02;2.0801727e-01;1.9750000e+02;2.3118606e-01;1.9750000e+02;2.4928719e-01;1.9750000e+02;2.6336583e-01;1.9750000e+02;2.6266217e-01;1.9750000e+02;2.3588112e-01;1.9750000e+02;1.9208215e-01;1.9750000e+02;1.3862595e-01;1.9750000e+02;8.7346084e-02;1.9750000e+02;4.1854858e-02;1.9750000e+02;1.2771413e-04;1.9750000e+02;1.2388228e-02;1.9750000e+02;3.0650983e-02;1.9750000e+02;5.2904457e-02;1.9750000e+02;7.9919279e-02;1.9750000e+02;1.0849637e-01;1.9750000e+02;1.4227760e-01;1.9750000e+02;1.7912300e-01;1.9750000e+02;2.0801727e-01;1.9750000e+02;2.3118606e-01;1.9750000e+02;2.4928719e-01;1.9750000e+02;2.6336583e-01;1.9750000e+02;2.6266217e-01;1.9750000e+02;2.3588112e-01;1.9750000e+02;1.9208215e-01;1.9750000e+02;1.3862595e-01;1.9750000e+02;8.7346084e-02;1.9750000e+02;4.1854858e-02;1.9750000e+02;1.2771413e-04;1.9750000e+02;1.2388228e-02;1.9750000e+02;3.0650983e-02;1.9750000e+02;5.2904457e-02;1.9750000e+02;7.9919279e-02;1.9750000e+02;1.0849637e-01;1.9750000e+02;1.4227760e-01;1.9750000e+02;1.7912300e-01;1.9750000e+02;2.0801727e-01;1.9750000e+02;2.3118606e-01;1.9750000e+02;2.4928719e-01;1.9750000e+02;2.6336583e-01;1.9750000e+02;2.6266217e-01;1.9750000e+02;2.3588112e-01;1.9750000e+02;1.9208215e-01;1.9750000e+02;1.3862595e-01;1.9750000e+02;8.7346084e-02;1.9750000e+02;4.1854858e-02;1.9750000e+02;1.2771413e-04;1.9750000e+02;1.2388228e-02;1.9750000e+02;3.0650983e-02;1.9750000e+02;5.2904457e-02;1.9750000e+02;7.9919279e-02;1.9750000e+02;1.0849637e-01;1.9750000e+02;1.4227760e-01;1.9750000e+02;1.7912300e-01;1.9750000e+02;2.0801727e-01;1.9750000e+02;2.3118606e-01;1.9750000e+02;2.4928719e-01;1.9750000e+02;2.6336583e-01;1.9750000e+02;2.6266217e-01;1.9750000e+02;2.3588112e-01;1.9750000e+02;1.9208215e-01;1.9750000e+02;1.3862595e-01;1.9750000e+02;8.7346084e-02;1.9750000e+02;4.1854858e-02;1.9750000e+02;1.2771413e-04;1.9750000e+02;1.2388228e-02;1.9750000e+02;3.0650983e-02;1.9750000e+02;5.2904457e-02;1.9750000e+02;7.9919279e-02;1.9750000e+02;1.0849637e-01;1.9750000e+02;1.4227760e-01;1.9750000e+02;1.7912300e-01;1.9750000e+02;2.0801727e-01;1.9750000e+02;2.3118606e-01;1.9750000e+02;2.4928719e-01;1.9750000e+02;2.6336583e-01;1.9750000e+02;2.6266217e-01;1.9750000e+02;2.3588112e-01;1.9750000e+02;1.9208215e-01;1.9750000e+02;1.3862595e-01;1.9750000e+02;8.7346084e-02;1.9750000e+02;4.1854858e-02;1.9750000e+02;1.2771413e-04;1.9750000e+02;1.2388228e-02;1.9750000e+02;3.0650983e-02;1.9750000e+02;5.2904457e-02;1.9750000e+02;7.9919279e-02;1.9750000e+02;1.0849637e-01;1.9750000e+02;1.4227760e-01;1.9750000e+02;1.7912300e-01;1.9750000e+02;2.0801727e-01;1.9750000e+02;2.3118606e-01;1.9750000e+02;2.4928719e-01;1.9750000e+02;2.6336583e-01;1.9750000e+02;2.6266217e-01;1.9750000e+02;2.3588112e-01;1.9750000e+02;1.9208215e-01;1.9750000e+02;1.3862595e-01;1.9750000e+02;8.7346084e-02;1.9750000e+02;4.1854858e-02;1.9750000e+02;1.2771413e-04;1.9750000e+02;1.2388228e-02;1.9750000e+02;3.0650983e-02;1.9750000e+02;5.2904457e-02;1.9750000e+02;7.9919279e-02;1.9750000e+02;1.0849637e-01;1.9750000e+02;1.4227760e-01;1.9750000e+02;1.7912300e-01;1.9750000e+02;2.0801727e-01;1.9750000e+02;2.3118606e-01;1.9750000e+02;2.4928719e-01;1.9750000e+02;2.6336583e-01;1.9750000e+02;2.6266217e-01;1.9750000e+02;2.3588112e-01;1.9750000e+02;1.9208215e-01;1.9750000e+02;1.3862595e-01;1.9750000e+02;8.7346084e-02;1.9750000e+02;4.1854858e-02;1.9750000e+02;1.2771413e-04;1.9750000e+02;1.2388228e-02;1.9750000e+02;3.0650983e-02;1.9750000e+02;5.2904457e-02;1.9750000e+02;7.9919279e-02;1.9750000e+02;1.0849637e-01;1.9750000e+02;1.4227760e-01;1.9750000e+02;1.7912300e-01;1.9750000e+02;2.0801727e-01;1.9750000e+02;2.3118606e-01;1.9750000e+02;2.4928719e-01;1.9750000e+02;2.6336583e-01;1.9750000e+02;2.6266217e-01;1.9750000e+02;2.3588112e-01;1.9750000e+02;1.9208215e-01;1.9750000e+02;1.3862595e-01;1.9750000e+02;8.7346084e-02;1.9750000e+02;4.1854858e-02;1.9750000e+02;1.2771413e-04;1.9750000e+02;1.2388228e-02;1.9750000e+02;3.0650983e-02;1.9750000e+02;5.2904457e-02;1.9750000e+02;7.9919279e-02;1.9750000e+02;1.0849637e-01;1.9750000e+02;1.4227760e-01;1.9750000e+02;1.7912300e-01;1.9750000e+02;2.0801727e-01;1.9750000e+02;2.3118606e-01;1.9750000e+02;2.4928719e-01;1.9750000e+02;2.6336583e-01;1.9750000e+02;2.6266217e-01;1.9750000e+02;2.3588112e-01;1.9750000e+02;1.9208215e-01;1.9750000e+02;1.3862595e-01;1.9750000e+02;8.7346084e-02;1.9750000e+02;4.1854858e-02;1.9750000e+02;1.2771413e-04;1.9750000e+02;1.2388228e-02;1.9750000e+02;3.0650983e-02;1.9750000e+02;5.2904457e-02;1.9750000e+02;7.9919279e-02;1.9750000e+02;1.0849637e-01;1.9750000e+02;1.4227760e-01;1.9750000e+02;1.7912300e-01;1.9750000e+02;2.0801727e-01;1.9750000e+02;2.3118606e-01;1.9750000e+02;2.4928719e-01;1.9750000e+02;2.6336583e-01;1.9750000e+02;2.6266217e-01;1.9750000e+02;2.3588112e-01;1.9750000e+02;1.9208215e-01;1.9750000e+02;1.3862595e-01;1.9750000e+02;8.7346084e-02;1.9750000e+02;4.1854858e-02;1.9750000e+02;1.2771413e-04;1.9750000e+02;1.2388228e-02;1.9750000e+02;3.0650983e-02;1.9750000e+02;5.2904457e-02;1.9750000e+02;7.9919279e-02;1.9750000e+02;1.0849637e-01;1.9750000e+02;1.4227760e-01;1.9750000e+02;1.7912300e-01;1.9750000e+02;2.0801727e-01;1.9750000e+02;2.3118606e-01;1.9750000e+02;2.4928719e-01;1.9750000e+02;2.6336583e-01;1.9750000e+02;2.6266217e-01;1.9750000e+02;2.3588112e-01;1.9750000e+02;1.9208215e-01;1.9750000e+02;1.3862595e-01;1.9750000e+02;8.7346084e-02;1.9750000e+02;4.1854858e-02;1.9750000e+02;1.2771413e-04;1.9750000e+02;1.2388228e-02;1.9750000e+02;3.0650983e-02;1.9750000e+02;5.2904457e-02;1.9750000e+02;7.9919279e-02;1.9750000e+02;1.0849637e-01;1.9750000e+02;1.4227760e-01;1.9750000e+02;1.7912300e-01;1.9750000e+02;2.0801727e-01;1.9750000e+02;2.3118606e-01;1.9750000e+02;2.4928719e-01;1.9750000e+02;2.6336583e-01;1.9750000e+02;2.6266217e-01;1.9750000e+02;2.3588112e-01;1.9750000e+02;1.9208215e-01;1.9750000e+02;1.3862595e-01;1.9750000e+02;8.7346084e-02;1.9750000e+02;4.1854858e-02;1.9750000e+02;1.2771413e-04;1.9750000e+02;1.2388228e-02;1.9750000e+02;3.0650983e-02;1.9750000e+02;5.2904457e-02;1.9750000e+02;7.9919279e-02;1.9750000e+02;1.0849637e-01;1.9750000e+02;1.4227760e-01;1.9750000e+02;1.7912300e-01;1.9750000e+02;2.0801727e-01;1.9750000e+02;2.3118606e-01;1.9750000e+02;2.4928719e-01;1.9750000e+02;2.6336583e-01;1.9750000e+02;2.6266217e-01;1.9750000e+02;2.3588112e-01;1.9750000e+02;1.9208215e-01;1.9750000e+02;1.3862595e-01;1.9750000e+02;8.7346084e-02;1.9750000e+02;4.1854858e-02;1.9750000e+02;1.2771413e-04;1.9750000e+02;1.2388228e-02;1.9750000e+02;3.0650983e-02;1.9750000e+02;5.2904457e-02;1.9750000e+02;7.9919279e-02;1.9750000e+02;1.0849637e-01;1.9750000e+02;1.4227760e-01;1.9750000e+02;1.7912300e-01;1.9750000e+02;2.0801727e-01;1.9750000e+02;2.3118606e-01;1.9750000e+02;2.4928719e-01;1.9750000e+02;2.6336583e-01;1.9750000e+02;2.6266217e-01;1.9750000e+02;2.3588112e-01;1.9750000e+02;1.9208215e-01;1.9750000e+02;1.3862595e-01;1.9750000e+02;8.7346084e-02;1.9750000e+02;4.1854858e-02;1.9750000e+02;1.2771413e-04;1.9750000e+02;1.2388228e-02;1.9750000e+02;3.0650983e-02;1.9750000e+02;5.2904457e-02;1.9750000e+02;7.9919279e-02;1.9750000e+02;1.0849637e-01;1.9750000e+02;1.4227760e-01;1.9750000e+02;1.7912300e-01;1.9750000e+02;2.0801727e-01;1.9750000e+02;2.3118606e-01;1.9750000e+02;2.4928719e-01;1.9750000e+02;2.6336583e-01;1.9750000e+02;2.6266217e-01;1.9750000e+02;2.3588112e-01;1.9750000e+02;1.9208215e-01;1.9750000e+02;1.3862595e-01;1.9750000e+02;8.7346084e-02;1.9750000e+02;4.1854858e-02;1.9750000e+02;1.2771413e-04;1.9750000e+02;1.2388228e-02;1.9750000e+02;3.0650983e-02;1.9750000e+02;5.2904457e-02;1.9750000e+02;7.9919279e-02;1.9750000e+02;1.0849637e-01;1.9750000e+02;1.4227760e-01;1.9750000e+02;1.7912300e-01;1.9750000e+02;2.0801727e-01;1.9750000e+02;2.3118606e-01;1.9750000e+02;2.4928719e-01;1.9750000e+02;2.6336583e-01;1.9750000e+02;2.6266217e-01;1.9750000e+02;2.3588112e-01;1.9750000e+02;1.9208215e-01;1.9750000e+02;1.3862595e-01;1.9750000e+02;8.7346084e-02;1.9750000e+02;4.1854858e-02;1.9750000e+02;1.2771413e-04;1.9750000e+02;1.2388228e-02;1.9750000e+02;3.0650983e-02;1.9750000e+02;5.2904457e-02;1.9750000e+02;7.9919279e-02;1.9750000e+02;1.0849637e-01;1.9750000e+02;1.4227760e-01;1.9750000e+02;1.7912300e-01;1.9750000e+02;2.0801727e-01;1.9750000e+02;2.3118606e-01;1.9750000e+02;2.4928719e-01;1.9750000e+02;2.6336583e-01;1.9750000e+02;2.6266217e-01;1.9750000e+02;2.3588112e-01;1.9750000e+02;1.9208215e-01;1.9750000e+02;1.3862595e-01;1.9750000e+02;8.7346084e-02;1.9750000e+02;4.1854858e-02;1.9750000e+02;1.2771413e-04;1.9750000e+02;1.2388228e-02;1.9750000e+02;3.0650983e-02;1.9750000e+02;5.2904457e-02;1.9750000e+02;7.9919279e-02;1.9750000e+02;1.0849637e-01;1.9750000e+02;1.4227760e-01;1.9750000e+02;1.7912300e-01;1.9750000e+02;2.0801727e-01;1.9750000e+02;2.3118606e-01;1.9750000e+02;2.4928719e-01;1.9750000e+02;2.6336583e-01;1.9750000e+02;2.6266217e-01;1.9750000e+02;2.3588112e-01;1.9750000e+02;1.9208215e-01;1.9750000e+02;1.3862595e-01;1.9750000e+02;8.7346084e-02;1.9750000e+02;4.1854858e-02;1.9750000e+02;1.2771413e-04;1.9750000e+02;1.2388228e-02;1.9750000e+02;3.0650983e-02;1.9750000e+02;5.2904457e-02;1.9750000e+02;7.9919279e-02;1.9750000e+02;1.0849637e-01;1.9750000e+02;1.4227760e-01;1.9750000e+02;1.7912300e-01;1.9750000e+02;2.0801727e-01;1.9750000e+02;2.3118606e-01;1.9750000e+02;2.4928719e-01;1.9750000e+02;2.6336583e-01;1.9750000e+02;2.6266217e-01;1.9750000e+02;2.3588112e-01;1.9750000e+02;1.9208215e-01;1.9750000e+02;1.3862595e-01;1.9750000e+02;8.7346084e-02;1.9750000e+02;4.1854858e-02;1.9750000e+02;1.2771413e-04;1.9750000e+02;1.2388228e-02;1.9750000e+02;3.0650983e-02;1.9750000e+02;5.2904457e-02;1.9750000e+02;7.9919279e-02;1.9750000e+02;1.0849637e-01;1.9750000e+02;1.4227760e-01;1.9750000e+02;1.7912300e-01;1.9750000e+02;2.0801727e-01;1.9750000e+02;2.3118606e-01;1.9750000e+02;2.4928719e-01;1.9750000e+02;2.6336583e-01;1.9750000e+02;2.6266217e-01;1.9750000e+02;2.3588112e-01;1.9750000e+02;1.9208215e-01;1.9750000e+02;1.3862595e-01;1.9750000e+02;8.7346084e-02;1.9750000e+02;4.1854858e-02;1.9750000e+02;1.2771413e-04;1.9750000e+02;1.2388228e-02;1.9750000e+02;3.0650983e-02;1.9750000e+02;5.2904457e-02;1.9750000e+02;7.9919279e-02;1.9750000e+02;1.0849637e-01;1.9750000e+02;1.4227760e-01;1.9750000e+02;1.7912300e-01;1.9750000e+02;2.0801727e-01;1.9750000e+02;2.3118606e-01;1.9750000e+02;2.4928719e-01;1.9750000e+02;2.6336583e-01;1.9750000e+02;2.6266217e-01;1.9750000e+02;2.3588112e-01;1.9750000e+02;1.9208215e-01;1.9750000e+02;1.3862595e-01;1.9750000e+02;8.7346084e-02;1.9750000e+02;4.1854858e-02;1.9750000e+02;1.2771413e-04;1.9750000e+02;1.2388228e-02;1.9750000e+02;3.0650983e-02;1.9750000e+02;5.2904457e-02;1.9750000e+02;7.9919279e-02;1.9750000e+02;1.0849637e-01;1.9750000e+02;1.4227760e-01;1.9750000e+02;1.7912300e-01;1.9750000e+02;2.0801727e-01;1.9750000e+02;2.3118606e-01;1.9750000e+02;2.4928719e-01;1.9750000e+02;2.6336583e-01;1.9750000e+02;2.6266217e-01;1.9750000e+02;2.3588112e-01;1.9750000e+02;1.9208215e-01;1.9750000e+02;1.3862595e-01;1.9750000e+02;8.7346084e-02;1.9750000e+02;4.1854858e-02;1.9750000e+02;1.2771413e-04;1.9750000e+02;1.2388228e-02;1.9750000e+02;3.0650983e-02;1.9750000e+02;5.2904457e-02;1.9750000e+02;7.9919279e-02;1.9750000e+02;1.0849637e-01;1.9750000e+02;1.4227760e-01;1.9750000e+02;1.7912300e-01;1.9750000e+02;2.0801727e-01;1.9750000e+02;2.3118606e-01;1.9750000e+02;2.4928719e-01;1.9750000e+02;2.6336583e-01;1.9750000e+02;2.6266217e-01;1.9750000e+02;2.3588112e-01;1.9750000e+02;1.9208215e-01;1.9750000e+02;1.3862595e-01;1.9750000e+02;8.7346084e-02;1.9750000e+02;4.1854858e-02;1.9750000e+02;1.2771413e-04;1.9750000e+02;1.2388228e-02;1.9750000e+02;3.0650983e-02;1.9750000e+02;5.2904457e-02;1.9750000e+02;7.9919279e-02;1.9750000e+02;1.0849637e-01;1.9750000e+02;1.4227760e-01;1.9750000e+02;1.7912300e-01;1.9750000e+02;2.0801727e-01;1.9750000e+02;2.3118606e-01;1.9750000e+02;2.4928719e-01;1.9750000e+02;2.6336583e-01;1.9750000e+02;2.6266217e-01;1.9750000e+02;2.3588112e-01;1.9750000e+02;1.9208215e-01;1.9750000e+02;1.3862595e-01;1.9750000e+02;8.7346084e-02;1.9750000e+02;4.1854858e-02;1.9750000e+02;1.2771413e-04;1.9750000e+02;1.2388228e-02;1.9750000e+02;3.0650983e-02;1.9750000e+02;5.2904457e-02;1.9750000e+02;7.9919279e-02;1.9750000e+02;1.0849637e-01;1.9750000e+02;1.4227760e-01;1.9750000e+02;1.7912300e-01;1.9750000e+02;2.0801727e-01;1.9750000e+02;2.3118606e-01;1.9750000e+02;2.4928719e-01;1.9750000e+02;2.6336583e-01;1.9750000e+02;2.6266217e-01;1.9750000e+02;2.3588112e-01;1.9750000e+02;1.9208215e-01;1.9750000e+02;1.3862595e-01;1.9750000e+02;8.7346084e-02;1.9750000e+02;4.1854858e-02;1.9750000e+02;1.2771413e-04;1.9750000e+02;1.2388228e-02;1.9750000e+02;3.0650983e-02;1.9750000e+02;5.2904457e-02;1.9750000e+02;7.9919279e-02;1.9750000e+02;1.0849637e-01;1.9750000e+02;1.4227760e-01;1.9750000e+02;1.7912300e-01;1.9750000e+02;2.0801727e-01;1.9750000e+02;2.3118606e-01;1.9750000e+02;2.4928719e-01;1.9750000e+02;2.6336583e-01;1.9750000e+02;2.6266217e-01;1.9750000e+02;2.3588112e-01;1.9750000e+02;1.9208215e-01;1.9750000e+02;1.3862595e-01;1.9750000e+02;8.7346084e-02;1.9750000e+02;4.1854858e-02;1.9750000e+02;1.2771413e-04;1.9750000e+02;1.2388228e-02;1.9750000e+02;3.0650983e-02;1.9750000e+02;5.2904457e-02;1.9750000e+02;7.9919279e-02;1.9750000e+02;1.0849637e-01;1.9750000e+02;1.4227760e-01;1.9750000e+02;1.7912300e-01;1.9750000e+02;2.0801727e-01;1.9750000e+02;2.3118606e-01;1.9750000e+02;2.4928719e-01;1.9750000e+02;2.6336583e-01;1.9750000e+02;2.6266217e-01;1.9750000e+02;2.3588112e-01;1.9750000e+02;1.9208215e-01;1.9750000e+02;1.3862595e-01;1.9750000e+02;8.7346084e-02;1.9750000e+02;4.1854858e-02;1.9750000e+02;1.2771413e-04;1.9750000e+02;1.2388228e-02;1.9750000e+02;3.0650983e-02;1.9750000e+02;5.2904457e-02;1.9750000e+02;7.9919279e-02;1.9750000e+02;1.0849637e-01;1.9750000e+02;1.4227760e-01;1.9750000e+02;1.7912300e-01;1.9750000e+02;2.0801727e-01;1.9750000e+02;2.3118606e-01;1.9750000e+02;2.4928719e-01;1.9750000e+02;2.6336583e-01;1.9750000e+02;2.6266217e-01;1.9750000e+02;2.3588112e-01;1.9750000e+02;1.9208215e-01;1.9750000e+02;1.3862595e-01;1.9750000e+02;8.7346084e-02;1.9750000e+02;4.1854858e-02;1.9750000e+02;1.2771413e-04;1.9750000e+02;1.2388228e-02;1.9750000e+02;3.0650983e-02;1.9750000e+02;5.2904457e-02;1.9750000e+02;7.9919279e-02;1.9750000e+02;1.0849637e-01;1.9750000e+02;1.4227760e-01;1.9750000e+02;1.7912300e-01;1.9750000e+02;2.0801727e-01;1.9750000e+02;2.3118606e-01;1.9750000e+02;2.4928719e-01;1.9750000e+02;2.6336583e-01;1.9750000e+02;2.6266217e-01;1.9750000e+02;2.3588112e-01;1.9750000e+02;1.9208215e-01;1.9750000e+02;1.3862595e-01;1.9750000e+02;8.7346084e-02;1.9750000e+02;4.1854858e-02;1.9750000e+02;1.2771413e-04;1.9750000e+02;1.2388228e-02;1.9750000e+02;3.0650983e-02;1.9750000e+02;5.2904457e-02;1.9750000e+02;7.9919279e-02;1.9750000e+02;1.0849637e-01;1.9750000e+02;1.4227760e-01;1.9750000e+02;1.7912300e-01;1.9750000e+02;2.0801727e-01;1.9750000e+02;2.3118606e-01;1.9750000e+02;2.4928719e-01;1.9750000e+02;2.6336583e-01;1.9750000e+02;2.6266217e-01;1.9750000e+02;2.3588112e-01;1.9750000e+02;1.9208215e-01;1.9750000e+02;1.3862595e-01;1.9750000e+02;8.7346084e-02;1.9750000e+02;4.1854858e-02;1.9750000e+02;1.2771413e-04;1.9750000e+02;1.2388228e-02;1.9750000e+02;3.0650983e-02;1.9750000e+02;5.2904457e-02;1.9750000e+02;7.9919279e-02;1.9750000e+02;1.0849637e-01;1.9750000e+02;1.4227760e-01;1.9750000e+02;1.7912300e-01;1.9750000e+02;2.0801727e-01;1.9750000e+02;2.3118606e-01;1.9750000e+02;2.4928719e-01;1.9750000e+02;2.6336583e-01;1.9750000e+02;2.6266217e-01;1.9750000e+02;2.3588112e-01;1.9750000e+02;1.9208215e-01;1.9750000e+02;1.3862595e-01;1.9750000e+02;8.7346084e-02;1.9750000e+02;4.1854858e-02;1.9750000e+02;1.2771413e-04;1.9750000e+02;1.2388228e-02;1.9750000e+02;3.0650983e-02;1.9750000e+02;5.2904457e-02;1.9750000e+02;7.9919279e-02;1.9750000e+02;1.0849637e-01;1.9750000e+02;1.4227760e-01;1.9750000e+02;1.7912300e-01;1.9750000e+02;2.0801727e-01;1.9750000e+02;2.3118606e-01;1.9750000e+02;2.4928719e-01;1.9750000e+02;2.6336583e-01;1.9750000e+02;2.6266217e-01;1.9750000e+02;2.3588112e-01;1.9750000e+02;1.9208215e-01;1.9750000e+02;1.3862595e-01;1.9750000e+02;8.7346084e-02;1.9750000e+02;4.1854858e-02;1.9750000e+02;1.2771413e-04;1.9750000e+02;1.2388228e-02;1.9750000e+02;3.0650983e-02;1.9750000e+02;5.2904457e-02;1.9750000e+02;7.9919279e-02;1.9750000e+02;1.0849637e-01;1.9750000e+02;1.4227760e-01;1.9750000e+02;1.7912300e-01;1.9750000e+02;2.0801727e-01;1.9750000e+02;2.3118606e-01;1.9750000e+02;2.4928719e-01;1.9750000e+02;2.6336583e-01;1.9750000e+02;2.6266217e-01;1.9750000e+02;2.3588112e-01;1.9750000e+02;1.9208215e-01;1.9750000e+02;1.3862595e-01;1.9750000e+02;8.7346084e-02;1.9750000e+02;4.1854858e-02;1.9750000e+02;1.2771413e-04;1.9750000e+02;1.2388228e-02;1.9750000e+02;3.0650983e-02;1.9750000e+02;5.2904457e-02;1.9750000e+02;7.9919279e-02;1.9750000e+02;1.0849637e-01;1.9750000e+02;1.4227760e-01;1.9750000e+02;1.7912300e-01;1.9750000e+02;2.0801727e-01;1.9750000e+02;2.3118606e-01;1.9750000e+02;2.4928719e-01;1.9750000e+02;2.6336583e-01;1.9750000e+02;2.6266217e-01;1.9750000e+02;2.3588112e-01;1.9750000e+02;1.9208215e-01;1.9750000e+02;1.3862595e-01;1.9750000e+02;8.7346084e-02;1.9750000e+02;4.1854858e-02;1.9750000e+02;1.2771413e-04;1.9750000e+02;1.2388228e-02;1.9750000e+02;3.0650983e-02;1.9750000e+02;5.2904457e-02;1.9750000e+02;7.9919279e-02;1.9750000e+02;1.0849637e-01;1.9750000e+02;1.4227760e-01;1.9750000e+02;1.7912300e-01;1.9750000e+02;2.0801727e-01;1.9750000e+02;2.3118606e-01;1.9750000e+02;2.4928719e-01;1.9750000e+02;2.6336583e-01;1.9750000e+02;2.6266217e-01;1.9750000e+02;2.3588112e-01;1.9750000e+02;1.9208215e-01;1.9750000e+02;1.3862595e-01;1.9750000e+02;8.7346084e-02;1.9750000e+02;4.1854858e-02;1.9750000e+02;1.2771413e-04;1.9750000e+02;1.2388228e-02;1.9750000e+02;3.0650983e-02;1.9750000e+02;5.2904457e-02;1.9750000e+02;7.9919279e-02;1.9750000e+02;1.0849637e-01;1.9750000e+02;1.4227760e-01;1.9750000e+02;1.7912300e-01;1.9750000e+02;2.0801727e-01;1.9750000e+02;2.3118606e-01;1.9750000e+02;2.4928719e-01;1.9750000e+02;2.6336583e-01;1.9750000e+02;2.6266217e-01;1.9750000e+02;2.3588112e-01;1.9750000e+02;1.9208215e-01;1.9750000e+02;1.3862595e-01;1.9750000e+02;8.7346084e-02;1.9750000e+02;4.1854858e-02;1.9750000e+02;1.2771413e-04;1.9750000e+02;1.2388228e-02;1.9750000e+02;3.0650983e-02;1.9750000e+02;5.2904457e-02;1.9750000e+02;7.9919279e-02;1.9750000e+02;1.0849637e-01;1.9750000e+02;1.4227760e-01;1.9750000e+02;1.7912300e-01;1.9750000e+02;2.0801727e-01;1.9750000e+02;2.3118606e-01;1.9750000e+02;2.4928719e-01;1.9750000e+02;2.6336583e-01;1.9750000e+02;2.6266217e-01;1.9750000e+02;2.3588112e-01;1.9750000e+02;1.9208215e-01;1.9750000e+02;1.3862595e-01;1.9750000e+02;8.7346084e-02;1.9750000e+02;4.1854858e-02;1.9750000e+02;1.2771413e-04;1.9750000e+02;1.2388228e-02;1.9750000e+02;3.0650983e-02;1.9750000e+02;5.2904457e-02;1.9750000e+02;7.9919279e-02;1.9750000e+02;1.0849637e-01;1.9750000e+02;1.4227760e-01;1.9750000e+02;1.7912300e-01;1.9750000e+02;2.0801727e-01;1.9750000e+02;2.3118606e-01;1.9750000e+02;2.4928719e-01;1.9750000e+02;2.6336583e-01;1.9750000e+02;2.6266217e-01;1.9750000e+02;2.3588112e-01;1.9750000e+02;1.9208215e-01;1.9750000e+02;1.3862595e-01;1.9750000e+02;8.7346084e-02;1.9750000e+02;4.1854858e-02;1.9750000e+02;1.2771413e-04;1.9750000e+02;1.2388228e-02;1.9750000e+02;3.0650983e-02;1.9750000e+02;5.2904457e-02;1.9750000e+02;7.9919279e-02;1.9750000e+02;1.0849637e-01;1.9750000e+02;1.4227760e-01;1.9750000e+02;1.7912300e-01;1.9750000e+02;2.0801727e-01;1.9750000e+02;2.3118606e-01;1.9750000e+02;2.4928719e-01;1.9750000e+02;2.6336583e-01;1.9750000e+02;2.6266217e-01;1.9750000e+02;2.3588112e-01;1.9750000e+02;1.9208215e-01;1.9750000e+02;1.3862595e-01;1.9750000e+02;8.7346084e-02;1.9750000e+02;4.1854858e-02;1.9750000e+02;1.2771413e-04;1.9750000e+02;1.2388228e-02;1.9750000e+02;3.0650983e-02;1.9750000e+02;5.2904457e-02;1.9750000e+02;7.9919279e-02;1.9750000e+02;1.0849637e-01;1.9750000e+02;1.4227760e-01;1.9750000e+02;1.7912300e-01;1.9750000e+02;2.0801727e-01;1.9750000e+02;2.3118606e-01;1.9750000e+02;2.4928719e-01;1.9750000e+02;2.6336583e-01;1.9750000e+02;2.6266217e-01;1.9750000e+02;2.3588112e-01;1.9750000e+02;1.9208215e-01;1.9750000e+02;1.3862595e-01;1.9750000e+02;8.7346084e-02;1.9750000e+02;4.1854858e-02;1.9750000e+02;1.2771413e-04;1.9750000e+02;1.2388228e-02;1.9750000e+02;3.0650983e-02;1.9750000e+02;5.2904457e-02;1.9750000e+02;7.9919279e-02;1.9750000e+02;1.0849637e-01;1.9750000e+02;1.4227760e-01;1.9750000e+02;1.7912300e-01;1.9750000e+02;2.0801727e-01;1.9750000e+02;2.3118606e-01;1.9750000e+02;2.4928719e-01;1.9750000e+02;2.6336583e-01;1.9750000e+02;2.6266217e-01;1.9750000e+02;2.3588112e-01;1.9750000e+02;1.9208215e-01;1.9750000e+02;1.3862595e-01;1.9750000e+02;8.7346084e-02;1.9750000e+02;4.1854858e-02;1.9750000e+02;1.2771413e-04;1.9750000e+02;1.2388228e-02;1.9750000e+02;3.0650983e-02;1.9750000e+02;5.2904457e-02;1.9750000e+02;7.9919279e-02;1.9750000e+02;1.0849637e-01;1.9750000e+02;1.4227760e-01;1.9750000e+02;1.7912300e-01;1.9750000e+02;2.0801727e-01;1.9750000e+02;2.3118606e-01;1.9750000e+02;2.4928719e-01;1.9750000e+02;2.6336583e-01;1.9750000e+02;2.6266217e-01;1.9750000e+02;2.3588112e-01;1.9750000e+02;1.9208215e-01;1.9750000e+02;1.3862595e-01;1.9750000e+02;8.7346084e-02;1.9750000e+02;4.1854858e-02;1.9750000e+02;1.2771413e-04;1.9750000e+02;1.2388228e-02;1.9750000e+02;3.0650983e-02;1.9750000e+02;5.2904457e-02;1.9750000e+02;7.9919279e-02;1.9750000e+02;1.0849637e-01;1.9750000e+02;1.4227760e-01;1.9750000e+02;1.7912300e-01;1.9750000e+02;2.0801727e-01;1.9750000e+02;2.3118606e-01;1.9750000e+02;2.4928719e-01;1.9750000e+02;2.6336583e-01;1.9750000e+02;2.6266217e-01;1.9750000e+02;2.3588112e-01;1.9750000e+02;1.9208215e-01;1.9750000e+02;1.3862595e-01;1.9750000e+02;8.7346084e-02;1.9750000e+02;4.1854858e-02;1.9750000e+02;1.2771413e-04;1.9750000e+02;1.2388228e-02;1.9750000e+02;3.0650983e-02;1.9750000e+02;5.2904457e-02;1.9750000e+02;7.9919279e-02;1.9750000e+02;1.0849637e-01;1.9750000e+02;1.4227760e-01;1.9750000e+02;1.7912300e-01;1.9750000e+02;2.0801727e-01;1.9750000e+02;2.3118606e-01;1.9750000e+02;2.4928719e-01;1.9750000e+02;2.6336583e-01;1.9750000e+02;2.6266217e-01;1.9750000e+02;2.3588112e-01;1.9750000e+02;1.9208215e-01;1.9750000e+02;1.3862595e-01;1.9750000e+02;8.7346084e-02;1.9750000e+02;4.1854858e-02;1.9750000e+02;1.2771413e-04;1.9750000e+02;1.2388228e-02;1.9750000e+02;3.0650983e-02;1.9750000e+02;5.2904457e-02;1.9750000e+02;7.9919279e-02;1.9750000e+02;1.0849637e-01;1.9750000e+02;1.4227760e-01;1.9750000e+02;1.7912300e-01;1.9750000e+02;2.0801727e-01;1.9750000e+02;2.3118606e-01;1.9750000e+02;2.4928719e-01;1.9750000e+02;2.6336583e-01;1.9750000e+02;2.6266217e-01;1.9750000e+02;2.3588112e-01;1.9750000e+02;1.9208215e-01;1.9750000e+02;1.3862595e-01;1.9750000e+02;8.7346084e-02;1.9750000e+02;4.1854858e-02;1.9750000e+02;1.2771413e-04;1.9750000e+02;1.2388228e-02;1.9750000e+02;3.0650983e-02;1.9750000e+02;5.2904457e-02;1.9750000e+02;7.9919279e-02;1.9750000e+02;1.0849637e-01;1.9750000e+02;1.4227760e-01;1.9750000e+02;1.7912300e-01;1.9750000e+02;2.0801727e-01;1.9750000e+02;2.3118606e-01;1.9750000e+02;2.4928719e-01;1.9750000e+02;2.6336583e-01;1.9750000e+02;2.6266217e-01;1.9750000e+02;2.3588112e-01;1.9750000e+02;1.9208215e-01;1.9750000e+02;1.3862595e-01;1.9750000e+02;8.7346084e-02;1.9750000e+02;4.1854858e-02;1.9750000e+02;1.2771413e-04;1.9750000e+02;1.2388228e-02;1.9750000e+02;3.0650983e-02;1.9750000e+02;5.2904457e-02;1.9750000e+02;7.9919279e-02;1.9750000e+02;1.0849637e-01;1.9750000e+02;1.4227760e-01;1.9750000e+02;1.7912300e-01;1.9750000e+02;2.0801727e-01;1.9750000e+02;2.3118606e-01;1.9750000e+02;2.4928719e-01;1.9750000e+02;2.6336583e-01;1.9750000e+02;2.6266217e-01;1.9750000e+02;2.3588112e-01;1.9750000e+02;1.9208215e-01;1.9750000e+02;1.3862595e-01;1.9750000e+02;8.7346084e-02;1.9750000e+02;4.1854858e-02;1.9750000e+02;1.2771413e-04;1.9750000e+02;1.2388228e-02;1.9750000e+02;3.0650983e-02;1.9750000e+02;5.2904457e-02;1.9750000e+02;7.9919279e-02;1.9750000e+02;1.0849637e-01;1.9750000e+02;1.4227760e-01;1.9750000e+02;1.7912300e-01;1.9750000e+02;2.0801727e-01;1.9750000e+02;2.3118606e-01;1.9750000e+02;2.4928719e-01;1.9750000e+02;2.6336583e-01;1.9750000e+02;2.6266217e-01;1.9750000e+02;2.3588112e-01;1.9750000e+02;1.9208215e-01;1.9750000e+02;1.3862595e-01;1.9750000e+02;8.7346084e-02;1.9750000e+02;4.1854858e-02;1.9750000e+02;1.2771413e-04;1.9750000e+02;1.2388228e-02;1.9750000e+02;3.0650983e-02;1.9750000e+02;5.2904457e-02;1.9750000e+02;7.9919279e-02;1.9750000e+02;1.0849637e-01;1.9750000e+02;1.4227760e-01;1.9750000e+02;1.7912300e-01;1.9750000e+02;2.0801727e-01;1.9750000e+02;2.3118606e-01;1.9750000e+02;2.4928719e-01;1.9750000e+02;2.6336583e-01;1.9750000e+02;2.6266217e-01;1.9750000e+02;2.3588112e-01;1.9750000e+02;1.9208215e-01;1.9750000e+02;1.3862595e-01;1.9750000e+02;8.7346084e-02;1.9750000e+02;4.1854858e-02;1.9750000e+02;1.2771413e-04;1.9750000e+02;1.2388228e-02;1.9750000e+02;3.0650983e-02;1.9750000e+02;5.2904457e-02;1.9750000e+02;7.9919279e-02;1.9750000e+02;1.0849637e-01;1.9750000e+02;1.4227760e-01;1.9750000e+02;1.7912300e-01;1.9750000e+02;2.0801727e-01;1.9750000e+02;2.3118606e-01;1.9750000e+02;2.4928719e-01;1.9750000e+02;2.6336583e-01;1.9750000e+02;2.6266217e-01;1.9750000e+02;2.3588112e-01;1.9750000e+02;1.9208215e-01;1.9750000e+02;1.3862595e-01;1.9750000e+02;8.7346084e-02;1.9750000e+02;4.1854858e-02;1.9750000e+02;1.2771413e-04;1.9750000e+02;1.2388228e-02;1.9750000e+02;3.0650983e-02;1.9750000e+02;5.2904457e-02;1.9750000e+02;7.9919279e-02;1.9750000e+02;1.0849637e-01;1.9750000e+02;1.4227760e-01;1.9750000e+02;1.7912300e-01;1.9750000e+02;2.0801727e-01;1.9750000e+02;2.3118606e-01;1.9750000e+02;2.4928719e-01;1.9750000e+02;2.6336583e-01;1.9750000e+02;2.6266217e-01;1.9750000e+02;2.3588112e-01;1.9750000e+02;1.9208215e-01;1.9750000e+02;1.3862595e-01;1.9750000e+02;8.7346084e-02;1.9750000e+02;4.1854858e-02;1.9750000e+02;1.2771413e-04;1.9750000e+02;1.2388228e-02;1.9750000e+02;3.0650983e-02;1.9750000e+02;5.2904457e-02;1.9750000e+02;7.9919279e-02;1.9750000e+02;1.0849637e-01;1.9750000e+02;1.4227760e-01;1.9750000e+02;1.7912300e-01;1.9750000e+02;2.0801727e-01;1.9750000e+02;2.3118606e-01;1.9750000e+02;2.4928719e-01;1.9750000e+02;2.6336583e-01;1.9750000e+02;2.6266217e-01;1.9750000e+02;2.3588112e-01;1.9750000e+02;1.9208215e-01;1.9750000e+02;1.3862595e-01;1.9750000e+02;8.7346084e-02;1.9750000e+02;4.1854858e-02;1.9750000e+02;1.2771413e-04;1.9750000e+02;1.2388228e-02;1.9750000e+02;3.0650983e-02;1.9750000e+02;5.2904457e-02;1.9750000e+02;7.9919279e-02;1.9750000e+02;1.0849637e-01;1.9750000e+02;1.4227760e-01;1.9750000e+02;1.7912300e-01;1.9750000e+02;2.0801727e-01;1.9750000e+02;2.3118606e-01;1.9750000e+02;2.4928719e-01;1.9750000e+02;2.6336583e-01;1.9750000e+02;2.6266217e-01;1.9750000e+02;2.3588112e-01;1.9750000e+02;1.9208215e-01;1.9750000e+02;1.3862595e-01;1.9750000e+02;8.7346084e-02;1.9750000e+02;4.1854858e-02;1.9750000e+02;1.2771413e-04;1.9750000e+02;1.2388228e-02;1.9750000e+02;3.0650983e-02;1.9750000e+02;5.2904457e-02;1.9750000e+02;7.9919279e-02;1.9750000e+02;1.0849637e-01;1.9750000e+02;1.4227760e-01;1.9750000e+02;1.7912300e-01;1.9750000e+02;2.0801727e-01;1.9750000e+02;2.3118606e-01;1.9750000e+02;2.4928719e-01;1.9750000e+02;2.6336583e-01;1.9750000e+02;2.6266217e-01;1.9750000e+02;2.3588112e-01;1.9750000e+02;1.9208215e-01;1.9750000e+02;1.3862595e-01;1.9750000e+02;8.7346084e-02;1.9750000e+02;4.1854858e-02;1.9750000e+02;1.2771413e-04;1.9750000e+02;1.2388228e-02;1.9750000e+02;3.0650983e-02;1.9750000e+02;5.2904457e-02;1.9750000e+02;7.9919279e-02;1.9750000e+02;1.0849637e-01;1.9750000e+02;1.4227760e-01;1.9750000e+02;1.7912300e-01;1.9750000e+02;2.0801727e-01;1.9750000e+02;2.3118606e-01;1.9750000e+02;2.4928719e-01;1.9750000e+02;2.6336583e-01;1.9750000e+02;2.6266217e-01;1.9750000e+02;2.3588112e-01;1.9750000e+02;1.9208215e-01;1.9750000e+02;1.3862595e-01;1.9750000e+02;8.7346084e-02;1.9750000e+02;4.1854858e-02;1.9750000e+02;1.2771413e-04;1.9750000e+02;1.2388228e-02;1.9750000e+02;3.0650983e-02;1.9750000e+02;5.2904457e-02;1.9750000e+02;7.9919279e-02;1.9750000e+02;1.0849637e-01;1.9750000e+02;1.4227760e-01;1.9750000e+02;1.7912300e-01;1.9750000e+02;2.0801727e-01;1.9750000e+02;2.3118606e-01;1.9750000e+02;2.4928719e-01;1.9750000e+02;2.6336583e-01;1.9750000e+02;2.6266217e-01;1.9750000e+02;2.3588112e-01;1.9750000e+02;1.9208215e-01;1.9750000e+02;1.3862595e-01;1.9750000e+02;8.7346084e-02;1.9750000e+02;4.1854858e-02;1.9750000e+02;1.2771413e-04;1.9750000e+02;1.2388228e-02;1.9750000e+02;3.0650983e-02;1.9750000e+02;5.2904457e-02;1.9750000e+02;7.9919279e-02;1.9750000e+02;1.0849637e-01;1.9750000e+02;1.4227760e-01;1.9750000e+02;1.7912300e-01;1.9750000e+02;2.0801727e-01;1.9750000e+02;2.3118606e-01;1.9750000e+02;2.4928719e-01;1.9750000e+02;2.6336583e-01;1.9750000e+02;2.6266217e-01;1.9750000e+02;2.3588112e-01;1.9750000e+02;1.9208215e-01;1.9750000e+02;1.3862595e-01;1.9750000e+02;8.7346084e-02;1.9750000e+02;4.1854858e-02;1.9750000e+02;1.2771413e-04;1.9750000e+02;1.2388228e-02;1.9750000e+02;3.0650983e-02;1.9750000e+02;5.2904457e-02;1.9750000e+02;7.9919279e-02;1.9750000e+02;1.0849637e-01;1.9750000e+02;1.4227760e-01;1.9750000e+02;1.7912300e-01;1.9750000e+02;2.0801727e-01;1.9750000e+02;2.3118606e-01;1.9750000e+02;2.4928719e-01;1.9750000e+02;2.6336583e-01;1.9750000e+02;2.6266217e-01;1.9750000e+02;2.3588112e-01;1.9750000e+02;1.9208215e-01;1.9750000e+02;1.3862595e-01;1.9750000e+02;8.7346084e-02;1.9750000e+02;4.1854858e-02;1.9750000e+02;1.2771413e-04;1.9750000e+02;1.2388228e-02;1.9750000e+02;3.0650983e-02;1.9750000e+02;5.2904457e-02;1.9750000e+02;7.9919279e-02;1.9750000e+02;1.0849637e-01;1.9750000e+02;1.4227760e-01;1.9750000e+02;1.7912300e-01;1.9750000e+02;2.0801727e-01;1.9750000e+02;2.3118606e-01;1.9750000e+02;2.4928719e-01;1.9750000e+02;2.6336583e-01;1.9750000e+02;2.6266217e-01;1.9750000e+02;2.3588112e-01;1.9750000e+02;1.9208215e-01;1.9750000e+02;1.3862595e-01;1.9750000e+02;8.7346084e-02;1.9750000e+02;4.1854858e-02;1.9750000e+02;1.2771413e-04;1.9750000e+02;1.2388228e-02;1.9750000e+02;3.0650983e-02;1.9750000e+02;5.2904457e-02;1.9750000e+02;7.9919279e-02;1.9750000e+02;1.0849637e-01;1.9750000e+02;1.4227760e-01;1.9750000e+02;1.7912300e-01;1.9750000e+02;2.0801727e-01;1.9750000e+02;2.3118606e-01;1.9750000e+02;2.4928719e-01;1.9750000e+02;2.6336583e-01;1.9750000e+02;2.6266217e-01;1.9750000e+02;2.3588112e-01;1.9750000e+02;1.9208215e-01;1.9750000e+02;1.3862595e-01;1.9750000e+02;8.7346084e-02;1.9750000e+02;4.1854858e-02;1.9750000e+02;1.2771413e-04;1.9750000e+02;1.2388228e-02;1.9750000e+02;3.0650983e-02;1.9750000e+02;5.2904457e-02;1.9750000e+02;7.9919279e-02;1.9750000e+02;1.0849637e-01;1.9750000e+02;1.4227760e-01;1.9750000e+02;1.7912300e-01;1.9750000e+02;2.0801727e-01;1.9750000e+02;2.3118606e-01;1.9750000e+02;2.4928719e-01;1.9750000e+02;2.6336583e-01;1.9750000e+02;2.6266217e-01;1.9750000e+02;2.3588112e-01;1.9750000e+02;1.9208215e-01;1.9750000e+02;1.3862595e-01;1.9750000e+02;8.7346084e-02;1.9750000e+02;4.1854858e-02;1.9750000e+02;1.2771413e-04;1.9750000e+02;1.2388228e-02;1.9750000e+02;3.0650983e-02;1.9750000e+02;5.2904457e-02;1.9750000e+02;7.9919279e-02;1.9750000e+02;1.0849637e-01;1.9750000e+02;1.4227760e-01;1.9750000e+02;1.7912300e-01;1.9750000e+02;2.0801727e-01;1.9750000e+02;2.3118606e-01;1.9750000e+02;2.4928719e-01;1.9750000e+02;2.6336583e-01;1.9750000e+02;2.6266217e-01;1.9750000e+02;2.3588112e-01;1.9750000e+02;1.9208215e-01;1.9750000e+02;1.3862595e-01;1.9750000e+02;8.7346084e-02;1.9750000e+02;4.1854858e-02;1.9750000e+02;1.2771413e-04;1.9750000e+02;1.2388228e-02;1.9750000e+02;3.0650983e-02;1.9750000e+02;5.2904457e-02;1.9750000e+02;7.9919279e-02;1.9750000e+02;1.0849637e-01;1.9750000e+02;1.4227760e-01;1.9750000e+02;1.7912300e-01;1.9750000e+02;2.0801727e-01;1.9750000e+02;2.3118606e-01;1.9750000e+02;2.4928719e-01;1.9750000e+02;2.6336583e-01;1.9750000e+02;2.6266217e-01;1.9750000e+02;2.3588112e-01;1.9750000e+02;1.9208215e-01;1.9750000e+02;1.3862595e-01;1.9750000e+02;8.7346084e-02;1.9750000e+02;4.1854858e-02;1.9750000e+02;1.2771413e-04;1.9750000e+02;1.2388228e-02;1.9750000e+02;3.0650983e-02;1.9750000e+02;5.2904457e-02;1.9750000e+02;7.9919279e-02;1.9750000e+02;1.0849637e-01;1.9750000e+02;1.4227760e-01;1.9750000e+02;1.7912300e-01;1.9750000e+02;2.0801727e-01;1.9750000e+02;2.3118606e-01;1.9750000e+02;2.4928719e-01;1.9750000e+02;2.6336583e-01;1.9750000e+02;2.6266217e-01;1.9750000e+02;2.3588112e-01;1.9750000e+02;1.9208215e-01;1.9750000e+02;1.3862595e-01;1.9750000e+02;8.7346084e-02;1.9750000e+02;4.1854858e-02;1.9750000e+02;1.2771413e-04;1.9750000e+02;1.2388228e-02;1.9750000e+02;3.0650983e-02;1.9750000e+02;5.2904457e-02;1.9750000e+02;7.9919279e-02;1.9750000e+02;1.0849637e-01;1.9750000e+02;1.4227760e-01;1.9750000e+02;1.7912300e-01;1.9750000e+02;2.0801727e-01;1.9750000e+02;2.3118606e-01;1.9750000e+02;2.4928719e-01;1.9750000e+02;2.6336583e-01;1.9750000e+02;2.6266217e-01;1.9750000e+02;2.3588112e-01;1.9750000e+02;1.9208215e-01;1.9750000e+02;1.3862595e-01;1.9750000e+02;8.7346084e-02;1.9750000e+02;4.1854858e-02;1.9750000e+02;1.2771413e-04;1.9750000e+02;1.2388228e-02;1.9750000e+02;3.0650983e-02;1.9750000e+02;5.2904457e-02;1.9750000e+02;7.9919279e-02;1.9750000e+02;1.0849637e-01;1.9750000e+02;1.4227760e-01;1.9750000e+02;1.7912300e-01;1.9750000e+02;2.0801727e-01;1.9750000e+02;2.3118606e-01;1.9750000e+02;2.4928719e-01;1.9750000e+02;2.6336583e-01;1.9750000e+02;2.6266217e-01;1.9750000e+02;2.3588112e-01;1.9750000e+02;1.9208215e-01;1.9750000e+02;1.3862595e-01;1.9750000e+02;8.7346084e-02;1.9750000e+02;4.1854858e-02;1.9750000e+02;1.2771413e-04;1.9750000e+02;1.2388228e-02;1.9750000e+02;3.0650983e-02;1.9750000e+02;5.2904457e-02;1.9750000e+02;7.9919279e-02;1.9750000e+02;1.0849637e-01;1.9750000e+02;1.4227760e-01;1.9750000e+02;1.7912300e-01;1.9750000e+02;2.0801727e-01;1.9750000e+02;2.3118606e-01;1.9750000e+02;2.4928719e-01;1.9750000e+02;2.6336583e-01;1.9750000e+02;2.6266217e-01;1.9750000e+02;2.3588112e-01;1.9750000e+02;1.9208215e-01;1.9750000e+02;1.3862595e-01;1.9750000e+02;8.7346084e-02;1.9750000e+02;4.1854858e-02;1.9750000e+02;1.2771413e-04;1.9750000e+02;1.2388228e-02;1.9750000e+02;3.0650983e-02;1.9750000e+02;5.2904457e-02;1.9750000e+02;7.9919279e-02;1.9750000e+02;1.0849637e-01;1.9750000e+02;1.4227760e-01;1.9750000e+02;1.7912300e-01;1.9750000e+02;2.0801727e-01;1.9750000e+02;2.3118606e-01;1.9750000e+02;2.4928719e-01;1.9750000e+02;2.6336583e-01;1.9750000e+02;2.6266217e-01;1.9750000e+02;2.3588112e-01;1.9750000e+02;1.9208215e-01;1.9750000e+02;1.3862595e-01;1.9750000e+02;8.7346084e-02;1.9750000e+02;4.1854858e-02;1.9750000e+02;1.2771413e-04;1.9750000e+02;1.2388228e-02;1.9750000e+02;3.0650983e-02;1.9750000e+02;5.2904457e-02;1.9750000e+02;7.9919279e-02;1.9750000e+02;1.0849637e-01;1.9750000e+02;1.4227760e-01;1.9750000e+02;1.7912300e-01;1.9750000e+02;2.0801727e-01;1.9750000e+02;2.3118606e-01;1.9750000e+02;2.4928719e-01;1.9750000e+02;2.6336583e-01;1.9750000e+02;2.6266217e-01;1.9750000e+02;2.3588112e-01;1.9750000e+02;1.9208215e-01;1.9750000e+02;1.3862595e-01;1.9750000e+02;8.7346084e-02;1.9750000e+02;4.1854858e-02;1.9750000e+02;1.2771413e-04;1.9750000e+02;1.2388228e-02;1.9750000e+02;3.0650983e-02;1.9750000e+02;5.2904457e-02;1.9750000e+02;7.9919279e-02;1.9750000e+02;1.0849637e-01;1.9750000e+02;1.4227760e-01;1.9750000e+02;1.7912300e-01;1.9750000e+02;2.0801727e-01;1.9750000e+02;2.3118606e-01;1.9750000e+02;2.4928719e-01;1.9750000e+02;2.6336583e-01;1.9750000e+02;2.6266217e-01;1.9750000e+02;2.3588112e-01;1.9750000e+02;1.9208215e-01;1.9750000e+02;1.3862595e-01;1.9750000e+02;8.7346084e-02;1.9750000e+02;4.1854858e-02;1.9750000e+02;1.2771413e-04;1.9750000e+02;1.2388228e-02;1.9750000e+02;3.0650983e-02;1.9750000e+02;5.2904457e-02;1.9750000e+02;7.9919279e-02;1.9750000e+02;1.0849637e-01;1.9750000e+02;1.4227760e-01;1.9750000e+02;1.7912300e-01;1.9750000e+02;2.0801727e-01;1.9750000e+02;2.3118606e-01;1.9750000e+02;2.4928719e-01;1.9750000e+02;2.6336583e-01;1.9750000e+02;2.6266217e-01;1.9750000e+02;2.3588112e-01;1.9750000e+02;1.9208215e-01;1.9750000e+02;1.3862595e-01;1.9750000e+02;8.7346084e-02;1.9750000e+02;4.1854858e-02;1.9750000e+02;1.2771413e-04;1.9750000e+02;1.2388228e-02;1.9750000e+02;3.0650983e-02;1.9750000e+02;5.2904457e-02;1.9750000e+02;7.9919279e-02;1.9750000e+02;1.0849637e-01;1.9750000e+02;1.4227760e-01;1.9750000e+02;1.7912300e-01;1.9750000e+02;2.0801727e-01;1.9750000e+02;2.3118606e-01;1.9750000e+02;2.4928719e-01;1.9750000e+02;2.6336583e-01;1.9750000e+02;2.6266217e-01;1.9750000e+02;2.3588112e-01;1.9750000e+02;1.9208215e-01;1.9750000e+02;1.3862595e-01;1.9750000e+02;8.7346084e-02;1.9750000e+02;4.1854858e-02;1.9750000e+02;1.2771413e-04;1.9750000e+02;1.2388228e-02;1.9750000e+02;3.0650983e-02;1.9750000e+02;5.2904457e-02;1.9750000e+02;7.9919279e-02;1.9750000e+02;1.0849637e-01;1.9750000e+02;1.4227760e-01;1.9750000e+02;1.7912300e-01;1.9750000e+02;2.0801727e-01;1.9750000e+02;2.3118606e-01;1.9750000e+02;2.4928719e-01;1.9750000e+02;2.6336583e-01;1.9750000e+02;2.6266217e-01;1.9750000e+02;2.3588112e-01;1.9750000e+02;1.9208215e-01;1.9750000e+02;1.3862595e-01;1.9750000e+02;8.7346084e-02;1.9750000e+02;4.1854858e-02;1.9750000e+02;1.2771413e-04;1.9750000e+02;1.2388228e-02;1.9750000e+02;3.0650983e-02;1.9750000e+02;5.2904457e-02;1.9750000e+02;7.9919279e-02;1.9750000e+02;1.0849637e-01;1.9750000e+02;1.4227760e-01;1.9750000e+02;1.7912300e-01;1.9750000e+02;2.0801727e-01;1.9750000e+02;2.3118606e-01;1.9750000e+02;2.4928719e-01;1.9750000e+02;2.6336583e-01;1.9750000e+02;2.6266217e-01;1.9750000e+02;2.3588112e-01;1.9750000e+02;1.9208215e-01;1.9750000e+02;1.3862595e-01;1.9750000e+02;8.7346084e-02;1.9750000e+02;4.1854858e-02;1.9750000e+02;1.2771413e-04;1.9750000e+02;1.2388228e-02;1.9750000e+02;3.0650983e-02;1.9750000e+02;5.2904457e-02;1.9750000e+02;7.9919279e-02;1.9750000e+02;1.0849637e-01;1.9750000e+02;1.4227760e-01;1.9750000e+02;1.7912300e-01;1.9750000e+02;2.0801727e-01;1.9750000e+02;2.3118606e-01;1.9750000e+02;2.4928719e-01;1.9750000e+02;2.6336583e-01;1.9750000e+02;2.6266217e-01;1.9750000e+02;2.3588112e-01;1.9750000e+02;1.9208215e-01;1.9750000e+02;1.3862595e-01;1.9750000e+02;8.7346084e-02;1.9750000e+02;4.1854858e-02;1.9750000e+02;1.2771413e-04;1.9750000e+02;1.2388228e-02;1.9750000e+02;3.0650983e-02;1.9750000e+02;5.2904457e-02;1.9750000e+02;7.9919279e-02;1.9750000e+02;1.0849637e-01;1.9750000e+02;1.4227760e-01;1.9750000e+02;1.7912300e-01;1.9750000e+02;2.0801727e-01;1.9750000e+02;2.3118606e-01;1.9750000e+02;2.4928719e-01;1.9750000e+02;2.6336583e-01;1.9750000e+02;2.6266217e-01;1.9750000e+02;2.3588112e-01;1.9750000e+02;1.9208215e-01;1.9750000e+02;1.3862595e-01;1.9750000e+02;8.7346084e-02;1.9750000e+02;4.1854858e-02;1.9750000e+02;1.2771413e-04;1.9750000e+02;1.2388228e-02;1.9750000e+02;3.0650983e-02;1.9750000e+02;5.2904457e-02;1.9750000e+02;7.9919279e-02;1.9750000e+02;1.0849637e-01;1.9750000e+02;1.4227760e-01;1.9750000e+02;1.7912300e-01;1.9750000e+02;2.0801727e-01;1.9750000e+02;2.3118606e-01;1.9750000e+02;2.4928719e-01;1.9750000e+02;2.6336583e-01;1.9750000e+02;2.6266217e-01;1.9750000e+02;2.3588112e-01;1.9750000e+02;1.9208215e-01;1.9750000e+02;1.3862595e-01;1.9750000e+02;8.7346084e-02;1.9750000e+02;4.1854858e-02;1.9750000e+02;1.2771413e-04;1.9750000e+02;1.2388228e-02;1.9750000e+02;3.0650983e-02;1.9750000e+02;5.2904457e-02;1.9750000e+02;7.9919279e-02;1.9750000e+02;1.0849637e-01;1.9750000e+02;1.4227760e-01;1.9750000e+02;1.7912300e-01;1.9750000e+02;2.0801727e-01;1.9750000e+02;2.3118606e-01;1.9750000e+02;2.4928719e-01;1.9750000e+02;2.6336583e-01;1.9750000e+02;2.6266217e-01;1.9750000e+02;2.3588112e-01;1.9750000e+02;1.9208215e-01;1.9750000e+02;1.3862595e-01;1.9750000e+02;8.7346084e-02;1.9750000e+02;4.1854858e-02;1.9750000e+02;1.2771413e-04;1.9750000e+02;1.2388228e-02;1.9750000e+02;3.0650983e-02;1.9750000e+02;5.2904457e-02;1.9750000e+02;7.9919279e-02;1.9750000e+02;1.0849637e-01;1.9750000e+02;1.4227760e-01;1.9750000e+02;1.7912300e-01;1.9750000e+02;2.0801727e-01;1.9750000e+02;2.3118606e-01;1.9750000e+02;2.4928719e-01;1.9750000e+02;2.6336583e-01;1.9750000e+02;2.6266217e-01;1.9750000e+02;2.3588112e-01;1.9750000e+02;1.9208215e-01;1.9750000e+02;1.3862595e-01;1.9750000e+02;8.7346084e-02;1.9750000e+02;4.1854858e-02;1.9750000e+02;1.2771413e-04;1.9750000e+02;1.2388228e-02;1.9750000e+02;3.0650983e-02;1.9750000e+02;5.2904457e-02;1.9750000e+02;7.9919279e-02;1.9750000e+02;1.0849637e-01;1.9750000e+02;1.4227760e-01;1.9750000e+02;1.7912300e-01;1.9750000e+02;2.0801727e-01;1.9750000e+02;2.3118606e-01;1.9750000e+02;2.4928719e-01;1.9750000e+02;2.6336583e-01;1.9750000e+02;2.6266217e-01;1.9750000e+02;2.3588112e-01;1.9750000e+02;1.9208215e-01;1.9750000e+02;1.3862595e-01;1.9750000e+02;8.7346084e-02;1.9750000e+02;4.1854858e-02;1.9750000e+02;1.2771413e-04;1.9750000e+02;1.2388228e-02;1.9750000e+02;3.0650983e-02;1.9750000e+02;5.2904457e-02;1.9750000e+02;7.9919279e-02;1.9750000e+02;1.0849637e-01;1.9750000e+02;1.4227760e-01;1.9750000e+02;1.7912300e-01;1.9750000e+02;2.0801727e-01;1.9750000e+02;2.3118606e-01;1.9750000e+02;2.4928719e-01;1.9750000e+02;2.6336583e-01;1.9750000e+02;2.6266217e-01;1.9750000e+02;2.3588112e-01;1.9750000e+02;1.9208215e-01;1.9750000e+02;1.3862595e-01;1.9750000e+02;8.7346084e-02;1.9750000e+02;4.1854858e-02;1.9750000e+02;1.2771413e-04;1.9750000e+02;1.2388228e-02;1.9750000e+02;3.0650983e-02;1.9750000e+02;5.2904457e-02;1.9750000e+02;7.9919279e-02;1.9750000e+02;1.0849637e-01;1.9750000e+02;1.4227760e-01;1.9750000e+02;1.7912300e-01;1.9750000e+02;2.0801727e-01;1.9750000e+02;2.3118606e-01;1.9750000e+02;2.4928719e-01;1.9750000e+02;2.6336583e-01;1.9750000e+02;2.6266217e-01;1.9750000e+02;2.3588112e-01;1.9750000e+02;1.9208215e-01;1.9750000e+02;1.3862595e-01;1.9750000e+02;8.7346084e-02;1.9750000e+02;4.1854858e-02;1.9750000e+02;1.2771413e-04;1.9750000e+02;1.2388228e-02;1.9750000e+02;3.0650983e-02;1.9750000e+02;5.2904457e-02;1.9750000e+02;7.9919279e-02;1.9750000e+02;1.0849637e-01;1.9750000e+02;1.4227760e-01;1.9750000e+02;1.7912300e-01;1.9750000e+02;2.0801727e-01;1.9750000e+02;2.3118606e-01;1.9750000e+02;2.4928719e-01;1.9750000e+02;2.6336583e-01;1.9750000e+02;2.6266217e-01;1.9750000e+02;2.3588112e-01;1.9750000e+02;1.9208215e-01;1.9750000e+02;1.3862595e-01;1.9750000e+02;8.7346084e-02;1.9750000e+02;4.1854858e-02;1.9750000e+02;1.2771413e-04;1.9750000e+02;1.2388228e-02;1.9750000e+02;3.0650983e-02;1.9750000e+02;5.2904457e-02;1.9750000e+02;7.9919279e-02;1.9750000e+02;1.0849637e-01;1.9750000e+02;1.4227760e-01;1.9750000e+02;1.7912300e-01;1.9750000e+02;2.0801727e-01;1.9750000e+02;2.3118606e-01;1.9750000e+02;2.4928719e-01;1.9750000e+02;2.6336583e-01;1.9750000e+02;2.6266217e-01;1.9750000e+02;2.3588112e-01;1.9750000e+02;1.9208215e-01;1.9750000e+02;1.3862595e-01;1.9750000e+02;8.7346084e-02;1.9750000e+02;4.1854858e-02;1.9750000e+02;1.2771413e-04;1.9750000e+02;1.2388228e-02;1.9750000e+02;3.0650983e-02;1.9750000e+02;5.2904457e-02;1.9750000e+02;7.9919279e-02;1.9750000e+02;1.0849637e-01;1.9750000e+02;1.4227760e-01;1.9750000e+02;1.7912300e-01;1.9750000e+02;2.0801727e-01;1.9750000e+02;2.3118606e-01;1.9750000e+02;2.4928719e-01;1.9750000e+02;2.6336583e-01;1.9750000e+02;2.6266217e-01;1.9750000e+02;2.3588112e-01;1.9750000e+02;1.9208215e-01;1.9750000e+02;1.3862595e-01;1.9750000e+02;8.7346084e-02;1.9750000e+02;4.1854858e-02;1.9750000e+02;1.2771413e-04;1.9750000e+02;1.2388228e-02;1.9750000e+02;3.0650983e-02;1.9750000e+02;5.2904457e-02;1.9750000e+02;7.9919279e-02;1.9750000e+02;1.0849637e-01;1.9750000e+02;1.4227760e-01;1.9750000e+02;1.7912300e-01;1.9750000e+02;2.0801727e-01;1.9750000e+02;2.3118606e-01;1.9750000e+02;2.4928719e-01;1.9750000e+02;2.6336583e-01;1.9750000e+02;2.6266217e-01;1.9750000e+02;2.3588112e-01;1.9750000e+02;1.9208215e-01;1.9750000e+02;1.3862595e-01;1.9750000e+02;8.7346084e-02;1.9750000e+02;4.1854858e-02;1.9750000e+02;1.2771413e-04;1.9750000e+02;1.2388228e-02;1.9750000e+02;3.0650983e-02;1.9750000e+02;5.2904457e-02;1.9750000e+02;7.9919279e-02;1.9750000e+02;1.0849637e-01;1.9750000e+02;1.4227760e-01;1.9750000e+02;1.7912300e-01;1.9750000e+02;2.0801727e-01;1.9750000e+02;2.3118606e-01;1.9750000e+02;2.4928719e-01;1.9750000e+02;2.6336583e-01;1.9750000e+02;2.6266217e-01;1.9750000e+02;2.3588112e-01;1.9750000e+02;1.9208215e-01;1.9750000e+02;1.3862595e-01;1.9750000e+02;8.7346084e-02;1.9750000e+02;4.1854858e-02;1.9750000e+02;1.2771413e-04;1.9750000e+02;1.2388228e-02;1.9750000e+02;3.0650983e-02;1.9750000e+02;5.2904457e-02;1.9750000e+02;7.9919279e-02;1.9750000e+02;1.0849637e-01;1.9750000e+02;1.4227760e-01;1.9750000e+02;1.7912300e-01;1.9750000e+02;2.0801727e-01;1.9750000e+02;2.3118606e-01;1.9750000e+02;2.4928719e-01;1.9750000e+02;2.6336583e-01;1.9750000e+02;2.6266217e-01;1.9750000e+02;2.3588112e-01;1.9750000e+02;1.9208215e-01;1.9750000e+02;1.3862595e-01;1.9750000e+02;8.7346084e-02;1.9750000e+02;4.1854858e-02;1.9750000e+02;1.2771413e-04;1.9750000e+02;1.2388228e-02;1.9750000e+02;3.0650983e-02;1.9750000e+02;5.2904457e-02;1.9750000e+02;7.9919279e-02;1.9750000e+02;1.0849637e-01;1.9750000e+02;1.4227760e-01;1.9750000e+02;1.7912300e-01;1.9750000e+02;2.0801727e-01;1.9750000e+02;2.3118606e-01;1.9750000e+02;2.4928719e-01;1.9750000e+02;2.6336583e-01;1.9750000e+02;2.6266217e-01;1.9750000e+02;2.3588112e-01;1.9750000e+02;1.9208215e-01;1.9750000e+02;1.3862595e-01;1.9750000e+02;8.7346084e-02;1.9750000e+02;4.1854858e-02;1.9750000e+02;1.2771413e-04;1.9750000e+02;1.2388228e-02;1.9750000e+02;3.0650983e-02;1.9750000e+02;5.2904457e-02;1.9750000e+02;7.9919279e-02;1.9750000e+02;1.0849637e-01;1.9750000e+02;1.4227760e-01;1.9750000e+02;1.7912300e-01;1.9750000e+02;2.0801727e-01;1.9750000e+02;2.3118606e-01;1.9750000e+02;2.4928719e-01;1.9750000e+02;2.6336583e-01;1.9750000e+02;2.6266217e-01;1.9750000e+02;2.3588112e-01;1.9750000e+02;1.9208215e-01;1.9750000e+02;1.3862595e-01;1.9750000e+02;8.7346084e-02;1.9750000e+02;4.1854858e-02;1.9750000e+02;1.2771413e-04;1.9750000e+02;1.2388228e-02;1.9750000e+02;3.0650983e-02;1.9750000e+02;5.2904457e-02;1.9750000e+02;7.9919279e-02;1.9750000e+02;1.0849637e-01;1.9750000e+02;1.4227760e-01;1.9750000e+02;1.7912300e-01;1.9750000e+02;2.0801727e-01;1.9750000e+02;2.3118606e-01;1.9750000e+02;2.4928719e-01;1.9750000e+02;2.6336583e-01;1.9750000e+02;2.6266217e-01;1.9750000e+02;2.3588112e-01;1.9750000e+02;1.9208215e-01;1.9750000e+02;1.3862595e-01;1.9750000e+02;8.7346084e-02;1.9750000e+02;4.1854858e-02;1.9750000e+02;1.2771413e-04;1.9750000e+02;1.2388228e-02;1.9750000e+02;3.0650983e-02;1.9750000e+02;5.2904457e-02;1.9750000e+02;7.9919279e-02;1.9750000e+02;1.0849637e-01;1.9750000e+02;1.4227760e-01;1.9750000e+02;1.7912300e-01;1.9750000e+02;2.0801727e-01;1.9750000e+02;2.3118606e-01;1.9750000e+02;2.4928719e-01;1.9750000e+02;2.6336583e-01;1.9750000e+02;2.6266217e-01;1.9750000e+02;2.3588112e-01;1.9750000e+02;1.9208215e-01;1.9750000e+02;1.3862595e-01;1.9750000e+02;8.7346084e-02;1.9750000e+02;4.1854858e-02;1.9750000e+02;1.2771413e-04;1.9750000e+02;1.2388228e-02;1.9750000e+02;3.0650983e-02;1.9750000e+02;5.2904457e-02;1.9750000e+02;7.9919279e-02;1.9750000e+02;1.0849637e-01;1.9750000e+02;1.4227760e-01;1.9750000e+02;1.7912300e-01;1.9750000e+02;2.0801727e-01;1.9750000e+02;2.3118606e-01;1.9750000e+02;2.4928719e-01;1.9750000e+02;2.6336583e-01;1.9750000e+02;2.6266217e-01;1.9750000e+02;2.3588112e-01;1.9750000e+02;1.9208215e-01;1.9750000e+02;1.3862595e-01;1.9750000e+02;8.7346084e-02;1.9750000e+02;4.1854858e-02;1.9750000e+02;1.2771413e-04;1.9750000e+02;1.2388228e-02;1.9750000e+02;3.0650983e-02;1.9750000e+02;5.2904457e-02;1.9750000e+02;7.9919279e-02;1.9750000e+02;1.0849637e-01;1.9750000e+02;1.4227760e-01;1.9750000e+02;1.7912300e-01;1.9750000e+02;2.0801727e-01;1.9750000e+02;2.3118606e-01;1.9750000e+02;2.4928719e-01;1.9750000e+02;2.6336583e-01;1.9750000e+02;2.6266217e-01;1.9750000e+02;2.3588112e-01;1.9750000e+02;1.9208215e-01;1.9750000e+02;1.3862595e-01;1.9750000e+02;8.7346084e-02;1.9750000e+02;4.1854858e-02;1.9750000e+02;1.2771413e-04;1.9750000e+02;1.2388228e-02;1.9750000e+02;3.0650983e-02;1.9750000e+02;5.2904457e-02;1.9750000e+02;7.9919279e-02;1.9750000e+02;1.0849637e-01;1.9750000e+02;1.4227760e-01;1.9750000e+02;1.7912300e-01;1.9750000e+02;2.0801727e-01;1.9750000e+02;2.3118606e-01;1.9750000e+02;2.4928719e-01;1.9750000e+02;2.6336583e-01;1.9750000e+02;2.6266217e-01;1.9750000e+02;2.3588112e-01;1.9750000e+02;1.9208215e-01;1.9750000e+02;1.3862595e-01;1.9750000e+02;8.7346084e-02;1.9750000e+02;4.1854858e-02;1.9750000e+02;1.2771413e-04;1.9750000e+02;1.2388228e-02;1.9750000e+02;3.0650983e-02;1.9750000e+02;5.2904457e-02;1.9750000e+02;7.9919279e-02;1.9750000e+02;1.0849637e-01;1.9750000e+02;1.4227760e-01;1.9750000e+02;1.7912300e-01;1.9750000e+02;2.0801727e-01;1.9750000e+02;2.3118606e-01;1.9750000e+02;2.4928719e-01;1.9750000e+02;2.6336583e-01;1.9750000e+02;2.6266217e-01;1.9750000e+02;2.3588112e-01;1.9750000e+02;1.9208215e-01;1.9750000e+02;1.3862595e-01;1.9750000e+02;8.7346084e-02;1.9750000e+02;4.1854858e-02;1.9750000e+02;1.2771413e-04;1.9750000e+02;1.2388228e-02;1.9750000e+02;3.0650983e-02;1.9750000e+02;5.2904457e-02;1.9750000e+02;7.9919279e-02;1.9750000e+02;1.0849637e-01;1.9750000e+02;1.4227760e-01;1.9750000e+02;1.7912300e-01;1.9750000e+02;2.0801727e-01;1.9750000e+02;2.3118606e-01;1.9750000e+02;2.4928719e-01;1.9750000e+02;2.6336583e-01;1.9750000e+02;2.6266217e-01;1.9750000e+02;2.3588112e-01;1.9750000e+02;1.9208215e-01;1.9750000e+02;1.3862595e-01;1.9750000e+02;8.7346084e-02;1.9750000e+02;4.1854858e-02;1.9750000e+02;1.2771413e-04;1.9750000e+02;1.2388228e-02;1.9750000e+02;3.0650983e-02;1.9750000e+02;5.2904457e-02;1.9750000e+02;7.9919279e-02;1.9750000e+02;1.0849637e-01;1.9750000e+02;1.4227760e-01;1.9750000e+02;1.7912300e-01;1.9750000e+02;2.0801727e-01;1.9750000e+02;2.3118606e-01;1.9750000e+02;2.4928719e-01;1.9750000e+02;2.6336583e-01;1.9750000e+02;2.6266217e-01;1.9750000e+02;2.3588112e-01;1.9750000e+02;1.9208215e-01;1.9750000e+02;1.3862595e-01;1.9750000e+02;8.7346084e-02;1.9750000e+02;4.1854858e-02;1.9750000e+02;1.2771413e-04;1.9750000e+02;1.2388228e-02;1.9750000e+02;3.0650983e-02;1.9750000e+02;5.2904457e-02;1.9750000e+02;7.9919279e-02;1.9750000e+02;1.0849637e-01;1.9750000e+02;1.4227760e-01;1.9750000e+02;1.7912300e-01;1.9750000e+02;2.0801727e-01;1.9750000e+02;2.3118606e-01;1.9750000e+02;2.4928719e-01;1.9750000e+02;2.6336583e-01;1.9750000e+02;2.6266217e-01;1.9750000e+02;2.3588112e-01;1.9750000e+02;1.9208215e-01;1.9750000e+02;1.3862595e-01;1.9750000e+02;8.7346084e-02;1.9750000e+02;4.1854858e-02;1.9750000e+02;1.2771413e-04;1.9750000e+02;1.2388228e-02;1.9750000e+02;3.0650983e-02;1.9750000e+02;5.2904457e-02;1.9750000e+02;7.9919279e-02;1.9750000e+02;1.0849637e-01;1.9750000e+02;1.4227760e-01;1.9750000e+02;1.7912300e-01;1.9750000e+02;2.0801727e-01;1.9750000e+02;2.3118606e-01;1.9750000e+02;2.4928719e-01;1.9750000e+02;2.6336583e-01;1.9750000e+02;2.6266217e-01;1.9750000e+02;2.3588112e-01;1.9750000e+02;1.9208215e-01;1.9750000e+02;1.3862595e-01;1.9750000e+02;8.7346084e-02;1.9750000e+02;4.1854858e-02;1.9750000e+02;1.2771413e-04;1.9750000e+02;1.2388228e-02;1.9750000e+02;3.0650983e-02;1.9750000e+02;5.2904457e-02;1.9750000e+02;7.9919279e-02;1.9750000e+02;1.0849637e-01;1.9750000e+02;1.4227760e-01;1.9750000e+02;1.7912300e-01;1.9750000e+02;2.0801727e-01;1.9750000e+02;2.3118606e-01;1.9750000e+02;2.4928719e-01;1.9750000e+02;2.6336583e-01;1.9750000e+02;2.6266217e-01;1.9750000e+02;2.3588112e-01;1.9750000e+02;1.9208215e-01;1.9750000e+02;1.3862595e-01;1.9750000e+02;8.7346084e-02;1.9750000e+02;4.1854858e-02;1.9750000e+02;1.2771413e-04;1.9750000e+02;1.2388228e-02;1.9750000e+02;3.0650983e-02;1.9750000e+02;5.2904457e-02;1.9750000e+02;7.9919279e-02;1.9750000e+02;1.0849637e-01;1.9750000e+02;1.4227760e-01;1.9750000e+02;1.7912300e-01;1.9750000e+02;2.0801727e-01;1.9750000e+02;2.3118606e-01;1.9750000e+02;2.4928719e-01;1.9750000e+02;2.6336583e-01;1.9750000e+02;2.6266217e-01;1.9750000e+02;2.3588112e-01;1.9750000e+02;1.9208215e-01;1.9750000e+02;1.3862595e-01;1.9750000e+02;8.7346084e-02;1.9750000e+02;4.1854858e-02;1.9750000e+02;1.2771413e-04;1.9750000e+02;1.2388228e-02;1.9750000e+02;3.0650983e-02;1.9750000e+02;5.2904457e-02;1.9750000e+02;7.9919279e-02;1.9750000e+02;1.0849637e-01;1.9750000e+02;1.4227760e-01;1.9750000e+02;1.7912300e-01;1.9750000e+02;2.0801727e-01;1.9750000e+02;2.3118606e-01;1.9750000e+02;2.4928719e-01;1.9750000e+02;2.6336583e-01;1.9750000e+02;2.6266217e-01;1.9750000e+02;2.3588112e-01;1.9750000e+02;1.9208215e-01;1.9750000e+02;1.3862595e-01;1.9750000e+02;8.7346084e-02;1.9750000e+02;4.1854858e-02;1.9750000e+02;1.2771413e-04;1.9750000e+02;1.2388228e-02;1.9750000e+02;3.0650983e-02;1.9750000e+02;5.2904457e-02;1.9750000e+02;7.9919279e-02;1.9750000e+02;1.0849637e-01;1.9750000e+02;1.4227760e-01;1.9750000e+02;1.7912300e-01;1.9750000e+02;2.0801727e-01;1.9750000e+02;2.3118606e-01;1.9750000e+02;2.4928719e-01;1.9750000e+02;2.6336583e-01;1.9750000e+02;2.6266217e-01;1.9750000e+02;2.3588112e-01;1.9750000e+02;1.9208215e-01;1.9750000e+02;1.3862595e-01;1.9750000e+02;8.7346084e-02;1.9750000e+02;4.1854858e-02;1.9750000e+02;1.2771413e-04;1.9750000e+02;1.2388228e-02;1.9750000e+02;3.0650983e-02;1.9750000e+02;5.2904457e-02;1.9750000e+02;7.9919279e-02;1.9750000e+02;1.0849637e-01;1.9750000e+02;1.4227760e-01;1.9750000e+02;1.7912300e-01;1.9750000e+02;2.0801727e-01;1.9750000e+02;2.3118606e-01;1.9750000e+02;2.4928719e-01;1.9750000e+02;2.6336583e-01;1.9750000e+02;2.6266217e-01;1.9750000e+02;2.3588112e-01;1.9750000e+02;1.9208215e-01;1.9750000e+02;1.3862595e-01;1.9750000e+02;8.7346084e-02;1.9750000e+02;4.1854858e-02
2.0250000e+02;-2.6501287e-03;2.0250000e+02;8.5161692e-03;2.0250000e+02;2.5408052e-02;2.0250000e+02;4.7235303e-02;2.0250000e+02;7.2601981e-02;2.0250000e+02;1.0163301e-01;2.0250000e+02;1.3321121e-01;2.0250000e+02;1.6726768e-01;2.0250000e+02;1.9303927e-01;2.0250000e+02;2.1328649e-01;2.0250000e+02;2.3352586e-01;2.0250000e+02;2.5055993e-01;2.0250000e+02;2.5448775e-01;2.0250000e+02;2.3112550e-01;2.0250000e+02;1.8893842e-01;2.0250000e+02;1.3631141e-01;2.0250000e+02;8.4995225e-02;2.0250000e+02;3.8670346e-02;2.0250000e+02;-2.6501287e-03;2.0250000e+02;8.5161692e-03;2.0250000e+02;2.5408052e-02;2.0250000e+02;4.7235303e-02;2.0250000e+02;7.2601981e-02;2.0250000e+02;1.0163301e-01;2.0250000e+02;1.3321121e-01;2.0250000e+02;1.6726768e-01;2.0250000e+02;1.9303927e-01;2.0250000e+02;2.1328649e-01;2.0250000e+02;2.3352586e-01;2.0250000e+02;2.5055993e-01;2.0250000e+02;2.5448775e-01;2.0250000e+02;2.3112550e-01;2.0250000e+02;1.8893842e-01;2.0250000e+02;1.3631141e-01;2.0250000e+02;8.4995225e-02;2.0250000e+02;3.8670346e-02;2.0250000e+02;-2.6501287e-03;2.0250000e+02;8.5161692e-03;2.0250000e+02;2.5408052e-02;2.0250000e+02;4.7235303e-02;2.0250000e+02;7.2601981e-02;2.0250000e+02;1.0163301e-01;2.0250000e+02;1.3321121e-01;2.0250000e+02;1.6726768e-01;2.0250000e+02;1.9303927e-01;2.0250000e+02;2.1328649e-01;2.0250000e+02;2.3352586e-01;2.0250000e+02;2.5055993e-01;2.0250000e+02;2.5448775e-01;2.0250000e+02;2.3112550e-01;2.0250000e+02;1.8893842e-01;2.0250000e+02;1.3631141e-01;2.0250000e+02;8.4995225e-02;2.0250000e+02;3.8670346e-02;2.0250000e+02;-2.6501287e-03;2.0250000e+02;8.5161692e-03;2.0250000e+02;2.5408052e-02;2.0250000e+02;4.7235303e-02;2.0250000e+02;7.2601981e-02;2.0250000e+02;1.0163301e-01;2.0250000e+02;1.3321121e-01;2.0250000e+02;1.6726768e-01;2.0250000e+02;1.9303927e-01;2.0250000e+02;2.1328649e-01;2.0250000e+02;2.3352586e-01;2.0250000e+02;2.5055993e-01;2.0250000e+02;2.5448775e-01;2.0250000e+02;2.3112550e-01;2.0250000e+02;1.8893842e-01;2.0250000e+02;1.3631141e-01;2.0250000e+02;8.4995225e-02;2.0250000e+02;3.8670346e-02;2.0250000e+02;-2.6501287e-03;2.0250000e+02;8.5161692e-03;2.0250000e+02;2.5408052e-02;2.0250000e+02;4.7235303e-02;2.0250000e+02;7.2601981e-02;2.0250000e+02;1.0163301e-01;2.0250000e+02;1.3321121e-01;2.0250000e+02;1.6726768e-01;2.0250000e+02;1.9303927e-01;2.0250000e+02;2.1328649e-01;2.0250000e+02;2.3352586e-01;2.0250000e+02;2.5055993e-01;2.0250000e+02;2.5448775e-01;2.0250000e+02;2.3112550e-01;2.0250000e+02;1.8893842e-01;2.0250000e+02;1.3631141e-01;2.0250000e+02;8.4995225e-02;2.0250000e+02;3.8670346e-02;2.0250000e+02;-2.6501287e-03;2.0250000e+02;8.5161692e-03;2.0250000e+02;2.5408052e-02;2.0250000e+02;4.7235303e-02;2.0250000e+02;7.2601981e-02;2.0250000e+02;1.0163301e-01;2.0250000e+02;1.3321121e-01;2.0250000e+02;1.6726768e-01;2.0250000e+02;1.9303927e-01;2.0250000e+02;2.1328649e-01;2.0250000e+02;2.3352586e-01;2.0250000e+02;2.5055993e-01;2.0250000e+02;2.5448775e-01;2.0250000e+02;2.3112550e-01;2.0250000e+02;1.8893842e-01;2.0250000e+02;1.3631141e-01;2.0250000e+02;8.4995225e-02;2.0250000e+02;3.8670346e-02;2.0250000e+02;-2.6501287e-03;2.0250000e+02;8.5161692e-03;2.0250000e+02;2.5408052e-02;2.0250000e+02;4.7235303e-02;2.0250000e+02;7.2601981e-02;2.0250000e+02;1.0163301e-01;2.0250000e+02;1.3321121e-01;2.0250000e+02;1.6726768e-01;2.0250000e+02;1.9303927e-01;2.0250000e+02;2.1328649e-01;2.0250000e+02;2.3352586e-01;2.0250000e+02;2.5055993e-01;2.0250000e+02;2.5448775e-01;2.0250000e+02;2.3112550e-01;2.0250000e+02;1.8893842e-01;2.0250000e+02;1.3631141e-01;2.0250000e+02;8.4995225e-02;2.0250000e+02;3.8670346e-02;2.0250000e+02;-2.6501287e-03;2.0250000e+02;8.5161692e-03;2.0250000e+02;2.5408052e-02;2.0250000e+02;4.7235303e-02;2.0250000e+02;7.2601981e-02;2.0250000e+02;1.0163301e-01;2.0250000e+02;1.3321121e-01;2.0250000e+02;1.6726768e-01;2.0250000e+02;1.9303927e-01;2.0250000e+02;2.1328649e-01;2.0250000e+02;2.3352586e-01;2.0250000e+02;2.5055993e-01;2.0250000e+02;2.5448775e-01;2.0250000e+02;2.3112550e-01;2.0250000e+02;1.8893842e-01;2.0250000e+02;1.3631141e-01;2.0250000e+02;8.4995225e-02;2.0250000e+02;3.8670346e-02;2.0250000e+02;-2.6501287e-03;2.0250000e+02;8.5161692e-03;2.0250000e+02;2.5408052e-02;2.0250000e+02;4.7235303e-02;2.0250000e+02;7.2601981e-02;2.0250000e+02;1.0163301e-01;2.0250000e+02;1.3321121e-01;2.0250000e+02;1.6726768e-01;2.0250000e+02;1.9303927e-01;2.0250000e+02;2.1328649e-01;2.0250000e+02;2.3352586e-01;2.0250000e+02;2.5055993e-01;2.0250000e+02;2.5448775e-01;2.0250000e+02;2.3112550e-01;2.0250000e+02;1.8893842e-01;2.0250000e+02;1.3631141e-01;2.0250000e+02;8.4995225e-02;2.0250000e+02;3.8670346e-02;2.0250000e+02;-2.6501287e-03;2.0250000e+02;8.5161692e-03;2.0250000e+02;2.5408052e-02;2.0250000e+02;4.7235303e-02;2.0250000e+02;7.2601981e-02;2.0250000e+02;1.0163301e-01;2.0250000e+02;1.3321121e-01;2.0250000e+02;1.6726768e-01;2.0250000e+02;1.9303927e-01;2.0250000e+02;2.1328649e-01;2.0250000e+02;2.3352586e-01;2.0250000e+02;2.5055993e-01;2.0250000e+02;2.5448775e-01;2.0250000e+02;2.3112550e-01;2.0250000e+02;1.8893842e-01;2.0250000e+02;1.3631141e-01;2.0250000e+02;8.4995225e-02;2.0250000e+02;3.8670346e-02;2.0250000e+02;-2.6501287e-03;2.0250000e+02;8.5161692e-03;2.0250000e+02;2.5408052e-02;2.0250000e+02;4.7235303e-02;2.0250000e+02;7.2601981e-02;2.0250000e+02;1.0163301e-01;2.0250000e+02;1.3321121e-01;2.0250000e+02;1.6726768e-01;2.0250000e+02;1.9303927e-01;2.0250000e+02;2.1328649e-01;2.0250000e+02;2.3352586e-01;2.0250000e+02;2.5055993e-01;2.0250000e+02;2.5448775e-01;2.0250000e+02;2.3112550e-01;2.0250000e+02;1.8893842e-01;2.0250000e+02;1.3631141e-01;2.0250000e+02;8.4995225e-02;2.0250000e+02;3.8670346e-02;2.0250000e+02;-2.6501287e-03;2.0250000e+02;8.5161692e-03;2.0250000e+02;2.5408052e-02;2.0250000e+02;4.7235303e-02;2.0250000e+02;7.2601981e-02;2.0250000e+02;1.0163301e-01;2.0250000e+02;1.3321121e-01;2.0250000e+02;1.6726768e-01;2.0250000e+02;1.9303927e-01;2.0250000e+02;2.1328649e-01;2.0250000e+02;2.3352586e-01;2.0250000e+02;2.5055993e-01;2.0250000e+02;2.5448775e-01;2.0250000e+02;2.3112550e-01;2.0250000e+02;1.8893842e-01;2.0250000e+02;1.3631141e-01;2.0250000e+02;8.4995225e-02;2.0250000e+02;3.8670346e-02;2.0250000e+02;-2.6501287e-03;2.0250000e+02;8.5161692e-03;2.0250000e+02;2.5408052e-02;2.0250000e+02;4.7235303e-02;2.0250000e+02;7.2601981e-02;2.0250000e+02;1.0163301e-01;2.0250000e+02;1.3321121e-01;2.0250000e+02;1.6726768e-01;2.0250000e+02;1.9303927e-01;2.0250000e+02;2.1328649e-01;2.0250000e+02;2.3352586e-01;2.0250000e+02;2.5055993e-01;2.0250000e+02;2.5448775e-01;2.0250000e+02;2.3112550e-01;2.0250000e+02;1.8893842e-01;2.0250000e+02;1.3631141e-01;2.0250000e+02;8.4995225e-02;2.0250000e+02;3.8670346e-02;2.0250000e+02;-2.6501287e-03;2.0250000e+02;8.5161692e-03;2.0250000e+02;2.5408052e-02;2.0250000e+02;4.7235303e-02;2.0250000e+02;7.2601981e-02;2.0250000e+02;1.0163301e-01;2.0250000e+02;1.3321121e-01;2.0250000e+02;1.6726768e-01;2.0250000e+02;1.9303927e-01;2.0250000e+02;2.1328649e-01;2.0250000e+02;2.3352586e-01;2.0250000e+02;2.5055993e-01;2.0250000e+02;2.5448775e-01;2.0250000e+02;2.3112550e-01;2.0250000e+02;1.8893842e-01;2.0250000e+02;1.3631141e-01;2.0250000e+02;8.4995225e-02;2.0250000e+02;3.8670346e-02;2.0250000e+02;-2.6501287e-03;2.0250000e+02;8.5161692e-03;2.0250000e+02;2.5408052e-02;2.0250000e+02;4.7235303e-02;2.0250000e+02;7.2601981e-02;2.0250000e+02;1.0163301e-01;2.0250000e+02;1.3321121e-01;2.0250000e+02;1.6726768e-01;2.0250000e+02;1.9303927e-01;2.0250000e+02;2.1328649e-01;2.0250000e+02;2.3352586e-01;2.0250000e+02;2.5055993e-01;2.0250000e+02;2.5448775e-01;2.0250000e+02;2.3112550e-01;2.0250000e+02;1.8893842e-01;2.0250000e+02;1.3631141e-01;2.0250000e+02;8.4995225e-02;2.0250000e+02;3.8670346e-02;2.0250000e+02;-2.6501287e-03;2.0250000e+02;8.5161692e-03;2.0250000e+02;2.5408052e-02;2.0250000e+02;4.7235303e-02;2.0250000e+02;7.2601981e-02;2.0250000e+02;1.0163301e-01;2.0250000e+02;1.3321121e-01;2.0250000e+02;1.6726768e-01;2.0250000e+02;1.9303927e-01;2.0250000e+02;2.1328649e-01;2.0250000e+02;2.3352586e-01;2.0250000e+02;2.5055993e-01;2.0250000e+02;2.5448775e-01;2.0250000e+02;2.3112550e-01;2.0250000e+02;1.8893842e-01;2.0250000e+02;1.3631141e-01;2.0250000e+02;8.4995225e-02;2.0250000e+02;3.8670346e-02;2.0250000e+02;-2.6501287e-03;2.0250000e+02;8.5161692e-03;2.0250000e+02;2.5408052e-02;2.0250000e+02;4.7235303e-02;2.0250000e+02;7.2601981e-02;2.0250000e+02;1.0163301e-01;2.0250000e+02;1.3321121e-01;2.0250000e+02;1.6726768e-01;2.0250000e+02;1.9303927e-01;2.0250000e+02;2.1328649e-01;2.0250000e+02;2.3352586e-01;2.0250000e+02;2.5055993e-01;2.0250000e+02;2.5448775e-01;2.0250000e+02;2.3112550e-01;2.0250000e+02;1.8893842e-01;2.0250000e+02;1.3631141e-01;2.0250000e+02;8.4995225e-02;2.0250000e+02;3.8670346e-02;2.0250000e+02;-2.6501287e-03;2.0250000e+02;8.5161692e-03;2.0250000e+02;2.5408052e-02;2.0250000e+02;4.7235303e-02;2.0250000e+02;7.2601981e-02;2.0250000e+02;1.0163301e-01;2.0250000e+02;1.3321121e-01;2.0250000e+02;1.6726768e-01;2.0250000e+02;1.9303927e-01;2.0250000e+02;2.1328649e-01;2.0250000e+02;2.3352586e-01;2.0250000e+02;2.5055993e-01;2.0250000e+02;2.5448775e-01;2.0250000e+02;2.3112550e-01;2.0250000e+02;1.8893842e-01;2.0250000e+02;1.3631141e-01;2.0250000e+02;8.4995225e-02;2.0250000e+02;3.8670346e-02;2.0250000e+02;-2.6501287e-03;2.0250000e+02;8.5161692e-03;2.0250000e+02;2.5408052e-02;2.0250000e+02;4.7235303e-02;2.0250000e+02;7.2601981e-02;2.0250000e+02;1.0163301e-01;2.0250000e+02;1.3321121e-01;2.0250000e+02;1.6726768e-01;2.0250000e+02;1.9303927e-01;2.0250000e+02;2.1328649e-01;2.0250000e+02;2.3352586e-01;2.0250000e+02;2.5055993e-01;2.0250000e+02;2.5448775e-01;2.0250000e+02;2.3112550e-01;2.0250000e+02;1.8893842e-01;2.0250000e+02;1.3631141e-01;2.0250000e+02;8.4995225e-02;2.0250000e+02;3.8670346e-02;2.0250000e+02;-2.6501287e-03;2.0250000e+02;8.5161692e-03;2.0250000e+02;2.5408052e-02;2.0250000e+02;4.7235303e-02;2.0250000e+02;7.2601981e-02;2.0250000e+02;1.0163301e-01;2.0250000e+02;1.3321121e-01;2.0250000e+02;1.6726768e-01;2.0250000e+02;1.9303927e-01;2.0250000e+02;2.1328649e-01;2.0250000e+02;2.3352586e-01;2.0250000e+02;2.5055993e-01;2.0250000e+02;2.5448775e-01;2.0250000e+02;2.3112550e-01;2.0250000e+02;1.8893842e-01;2.0250000e+02;1.3631141e-01;2.0250000e+02;8.4995225e-02;2.0250000e+02;3.8670346e-02;2.0250000e+02;-2.6501287e-03;2.0250000e+02;8.5161692e-03;2.0250000e+02;2.5408052e-02;2.0250000e+02;4.7235303e-02;2.0250000e+02;7.2601981e-02;2.0250000e+02;1.0163301e-01;2.0250000e+02;1.3321121e-01;2.0250000e+02;1.6726768e-01;2.0250000e+02;1.9303927e-01;2.0250000e+02;2.1328649e-01;2.0250000e+02;2.3352586e-01;2.0250000e+02;2.5055993e-01;2.0250000e+02;2.5448775e-01;2.0250000e+02;2.3112550e-01;2.0250000e+02;1.8893842e-01;2.0250000e+02;1.3631141e-01;2.0250000e+02;8.4995225e-02;2.0250000e+02;3.8670346e-02;2.0250000e+02;-2.6501287e-03;2.0250000e+02;8.5161692e-03;2.0250000e+02;2.5408052e-02;2.0250000e+02;4.7235303e-02;2.0250000e+02;7.2601981e-02;2.0250000e+02;1.0163301e-01;2.0250000e+02;1.3321121e-01;2.0250000e+02;1.6726768e-01;2.0250000e+02;1.9303927e-01;2.0250000e+02;2.1328649e-01;2.0250000e+02;2.3352586e-01;2.0250000e+02;2.5055993e-01;2.0250000e+02;2.5448775e-01;2.0250000e+02;2.3112550e-01;2.0250000e+02;1.8893842e-01;2.0250000e+02;1.3631141e-01;2.0250000e+02;8.4995225e-02;2.0250000e+02;3.8670346e-02;2.0250000e+02;-2.6501287e-03;2.0250000e+02;8.5161692e-03;2.0250000e+02;2.5408052e-02;2.0250000e+02;4.7235303e-02;2.0250000e+02;7.2601981e-02;2.0250000e+02;1.0163301e-01;2.0250000e+02;1.3321121e-01;2.0250000e+02;1.6726768e-01;2.0250000e+02;1.9303927e-01;2.0250000e+02;2.1328649e-01;2.0250000e+02;2.3352586e-01;2.0250000e+02;2.5055993e-01;2.0250000e+02;2.5448775e-01;2.0250000e+02;2.3112550e-01;2.0250000e+02;1.8893842e-01;2.0250000e+02;1.3631141e-01;2.0250000e+02;8.4995225e-02;2.0250000e+02;3.8670346e-02;2.0250000e+02;-2.6501287e-03;2.0250000e+02;8.5161692e-03;2.0250000e+02;2.5408052e-02;2.0250000e+02;4.7235303e-02;2.0250000e+02;7.2601981e-02;2.0250000e+02;1.0163301e-01;2.0250000e+02;1.3321121e-01;2.0250000e+02;1.6726768e-01;2.0250000e+02;1.9303927e-01;2.0250000e+02;2.1328649e-01;2.0250000e+02;2.3352586e-01;2.0250000e+02;2.5055993e-01;2.0250000e+02;2.5448775e-01;2.0250000e+02;2.3112550e-01;2.0250000e+02;1.8893842e-01;2.0250000e+02;1.3631141e-01;2.0250000e+02;8.4995225e-02;2.0250000e+02;3.8670346e-02;2.0250000e+02;-2.6501287e-03;2.0250000e+02;8.5161692e-03;2.0250000e+02;2.5408052e-02;2.0250000e+02;4.7235303e-02;2.0250000e+02;7.2601981e-02;2.0250000e+02;1.0163301e-01;2.0250000e+02;1.3321121e-01;2.0250000e+02;1.6726768e-01;2.0250000e+02;1.9303927e-01;2.0250000e+02;2.1328649e-01;2.0250000e+02;2.3352586e-01;2.0250000e+02;2.5055993e-01;2.0250000e+02;2.5448775e-01;2.0250000e+02;2.3112550e-01;2.0250000e+02;1.8893842e-01;2.0250000e+02;1.3631141e-01;2.0250000e+02;8.4995225e-02;2.0250000e+02;3.8670346e-02;2.0250000e+02;-2.6501287e-03;2.0250000e+02;8.5161692e-03;2.0250000e+02;2.5408052e-02;2.0250000e+02;4.7235303e-02;2.0250000e+02;7.2601981e-02;2.0250000e+02;1.0163301e-01;2.0250000e+02;1.3321121e-01;2.0250000e+02;1.6726768e-01;2.0250000e+02;1.9303927e-01;2.0250000e+02;2.1328649e-01;2.0250000e+02;2.3352586e-01;2.0250000e+02;2.5055993e-01;2.0250000e+02;2.5448775e-01;2.0250000e+02;2.3112550e-01;2.0250000e+02;1.8893842e-01;2.0250000e+02;1.3631141e-01;2.0250000e+02;8.4995225e-02;2.0250000e+02;3.8670346e-02;2.0250000e+02;-2.6501287e-03;2.0250000e+02;8.5161692e-03;2.0250000e+02;2.5408052e-02;2.0250000e+02;4.7235303e-02;2.0250000e+02;7.2601981e-02;2.0250000e+02;1.0163301e-01;2.0250000e+02;1.3321121e-01;2.0250000e+02;1.6726768e-01;2.0250000e+02;1.9303927e-01;2.0250000e+02;2.1328649e-01;2.0250000e+02;2.3352586e-01;2.0250000e+02;2.5055993e-01;2.0250000e+02;2.5448775e-01;2.0250000e+02;2.3112550e-01;2.0250000e+02;1.8893842e-01;2.0250000e+02;1.3631141e-01;2.0250000e+02;8.4995225e-02;2.0250000e+02;3.8670346e-02;2.0250000e+02;-2.6501287e-03;2.0250000e+02;8.5161692e-03;2.0250000e+02;2.5408052e-02;2.0250000e+02;4.7235303e-02;2.0250000e+02;7.2601981e-02;2.0250000e+02;1.0163301e-01;2.0250000e+02;1.3321121e-01;2.0250000e+02;1.6726768e-01;2.0250000e+02;1.9303927e-01;2.0250000e+02;2.1328649e-01;2.0250000e+02;2.3352586e-01;2.0250000e+02;2.5055993e-01;2.0250000e+02;2.5448775e-01;2.0250000e+02;2.3112550e-01;2.0250000e+02;1.8893842e-01;2.0250000e+02;1.3631141e-01;2.0250000e+02;8.4995225e-02;2.0250000e+02;3.8670346e-02;2.0250000e+02;-2.6501287e-03;2.0250000e+02;8.5161692e-03;2.0250000e+02;2.5408052e-02;2.0250000e+02;4.7235303e-02;2.0250000e+02;7.2601981e-02;2.0250000e+02;1.0163301e-01;2.0250000e+02;1.3321121e-01;2.0250000e+02;1.6726768e-01;2.0250000e+02;1.9303927e-01;2.0250000e+02;2.1328649e-01;2.0250000e+02;2.3352586e-01;2.0250000e+02;2.5055993e-01;2.0250000e+02;2.5448775e-01;2.0250000e+02;2.3112550e-01;2.0250000e+02;1.8893842e-01;2.0250000e+02;1.3631141e-01;2.0250000e+02;8.4995225e-02;2.0250000e+02;3.8670346e-02;2.0250000e+02;-2.6501287e-03;2.0250000e+02;8.5161692e-03;2.0250000e+02;2.5408052e-02;2.0250000e+02;4.7235303e-02;2.0250000e+02;7.2601981e-02;2.0250000e+02;1.0163301e-01;2.0250000e+02;1.3321121e-01;2.0250000e+02;1.6726768e-01;2.0250000e+02;1.9303927e-01;2.0250000e+02;2.1328649e-01;2.0250000e+02;2.3352586e-01;2.0250000e+02;2.5055993e-01;2.0250000e+02;2.5448775e-01;2.0250000e+02;2.3112550e-01;2.0250000e+02;1.8893842e-01;2.0250000e+02;1.3631141e-01;2.0250000e+02;8.4995225e-02;2.0250000e+02;3.8670346e-02;2.0250000e+02;-2.6501287e-03;2.0250000e+02;8.5161692e-03;2.0250000e+02;2.5408052e-02;2.0250000e+02;4.7235303e-02;2.0250000e+02;7.2601981e-02;2.0250000e+02;1.0163301e-01;2.0250000e+02;1.3321121e-01;2.0250000e+02;1.6726768e-01;2.0250000e+02;1.9303927e-01;2.0250000e+02;2.1328649e-01;2.0250000e+02;2.3352586e-01;2.0250000e+02;2.5055993e-01;2.0250000e+02;2.5448775e-01;2.0250000e+02;2.3112550e-01;2.0250000e+02;1.8893842e-01;2.0250000e+02;1.3631141e-01;2.0250000e+02;8.4995225e-02;2.0250000e+02;3.8670346e-02;2.0250000e+02;-2.6501287e-03;2.0250000e+02;8.5161692e-03;2.0250000e+02;2.5408052e-02;2.0250000e+02;4.7235303e-02;2.0250000e+02;7.2601981e-02;2.0250000e+02;1.0163301e-01;2.0250000e+02;1.3321121e-01;2.0250000e+02;1.6726768e-01;2.0250000e+02;1.9303927e-01;2.0250000e+02;2.1328649e-01;2.0250000e+02;2.3352586e-01;2.0250000e+02;2.5055993e-01;2.0250000e+02;2.5448775e-01;2.0250000e+02;2.3112550e-01;2.0250000e+02;1.8893842e-01;2.0250000e+02;1.3631141e-01;2.0250000e+02;8.4995225e-02;2.0250000e+02;3.8670346e-02;2.0250000e+02;-2.6501287e-03;2.0250000e+02;8.5161692e-03;2.0250000e+02;2.5408052e-02;2.0250000e+02;4.7235303e-02;2.0250000e+02;7.2601981e-02;2.0250000e+02;1.0163301e-01;2.0250000e+02;1.3321121e-01;2.0250000e+02;1.6726768e-01;2.0250000e+02;1.9303927e-01;2.0250000e+02;2.1328649e-01;2.0250000e+02;2.3352586e-01;2.0250000e+02;2.5055993e-01;2.0250000e+02;2.5448775e-01;2.0250000e+02;2.3112550e-01;2.0250000e+02;1.8893842e-01;2.0250000e+02;1.3631141e-01;2.0250000e+02;8.4995225e-02;2.0250000e+02;3.8670346e-02;2.0250000e+02;-2.6501287e-03;2.0250000e+02;8.5161692e-03;2.0250000e+02;2.5408052e-02;2.0250000e+02;4.7235303e-02;2.0250000e+02;7.2601981e-02;2.0250000e+02;1.0163301e-01;2.0250000e+02;1.3321121e-01;2.0250000e+02;1.6726768e-01;2.0250000e+02;1.9303927e-01;2.0250000e+02;2.1328649e-01;2.0250000e+02;2.3352586e-01;2.0250000e+02;2.5055993e-01;2.0250000e+02;2.5448775e-01;2.0250000e+02;2.3112550e-01;2.0250000e+02;1.8893842e-01;2.0250000e+02;1.3631141e-01;2.0250000e+02;8.4995225e-02;2.0250000e+02;3.8670346e-02;2.0250000e+02;-2.6501287e-03;2.0250000e+02;8.5161692e-03;2.0250000e+02;2.5408052e-02;2.0250000e+02;4.7235303e-02;2.0250000e+02;7.2601981e-02;2.0250000e+02;1.0163301e-01;2.0250000e+02;1.3321121e-01;2.0250000e+02;1.6726768e-01;2.0250000e+02;1.9303927e-01;2.0250000e+02;2.1328649e-01;2.0250000e+02;2.3352586e-01;2.0250000e+02;2.5055993e-01;2.0250000e+02;2.5448775e-01;2.0250000e+02;2.3112550e-01;2.0250000e+02;1.8893842e-01;2.0250000e+02;1.3631141e-01;2.0250000e+02;8.4995225e-02;2.0250000e+02;3.8670346e-02;2.0250000e+02;-2.6501287e-03;2.0250000e+02;8.5161692e-03;2.0250000e+02;2.5408052e-02;2.0250000e+02;4.7235303e-02;2.0250000e+02;7.2601981e-02;2.0250000e+02;1.0163301e-01;2.0250000e+02;1.3321121e-01;2.0250000e+02;1.6726768e-01;2.0250000e+02;1.9303927e-01;2.0250000e+02;2.1328649e-01;2.0250000e+02;2.3352586e-01;2.0250000e+02;2.5055993e-01;2.0250000e+02;2.5448775e-01;2.0250000e+02;2.3112550e-01;2.0250000e+02;1.8893842e-01;2.0250000e+02;1.3631141e-01;2.0250000e+02;8.4995225e-02;2.0250000e+02;3.8670346e-02;2.0250000e+02;-2.6501287e-03;2.0250000e+02;8.5161692e-03;2.0250000e+02;2.5408052e-02;2.0250000e+02;4.7235303e-02;2.0250000e+02;7.2601981e-02;2.0250000e+02;1.0163301e-01;2.0250000e+02;1.3321121e-01;2.0250000e+02;1.6726768e-01;2.0250000e+02;1.9303927e-01;2.0250000e+02;2.1328649e-01;2.0250000e+02;2.3352586e-01;2.0250000e+02;2.5055993e-01;2.0250000e+02;2.5448775e-01;2.0250000e+02;2.3112550e-01;2.0250000e+02;1.8893842e-01;2.0250000e+02;1.3631141e-01;2.0250000e+02;8.4995225e-02;2.0250000e+02;3.8670346e-02;2.0250000e+02;-2.6501287e-03;2.0250000e+02;8.5161692e-03;2.0250000e+02;2.5408052e-02;2.0250000e+02;4.7235303e-02;2.0250000e+02;7.2601981e-02;2.0250000e+02;1.0163301e-01;2.0250000e+02;1.3321121e-01;2.0250000e+02;1.6726768e-01;2.0250000e+02;1.9303927e-01;2.0250000e+02;2.1328649e-01;2.0250000e+02;2.3352586e-01;2.0250000e+02;2.5055993e-01;2.0250000e+02;2.5448775e-01;2.0250000e+02;2.3112550e-01;2.0250000e+02;1.8893842e-01;2.0250000e+02;1.3631141e-01;2.0250000e+02;8.4995225e-02;2.0250000e+02;3.8670346e-02;2.0250000e+02;-2.6501287e-03;2.0250000e+02;8.5161692e-03;2.0250000e+02;2.5408052e-02;2.0250000e+02;4.7235303e-02;2.0250000e+02;7.2601981e-02;2.0250000e+02;1.0163301e-01;2.0250000e+02;1.3321121e-01;2.0250000e+02;1.6726768e-01;2.0250000e+02;1.9303927e-01;2.0250000e+02;2.1328649e-01;2.0250000e+02;2.3352586e-01;2.0250000e+02;2.5055993e-01;2.0250000e+02;2.5448775e-01;2.0250000e+02;2.3112550e-01;2.0250000e+02;1.8893842e-01;2.0250000e+02;1.3631141e-01;2.0250000e+02;8.4995225e-02;2.0250000e+02;3.8670346e-02;2.0250000e+02;-2.6501287e-03;2.0250000e+02;8.5161692e-03;2.0250000e+02;2.5408052e-02;2.0250000e+02;4.7235303e-02;2.0250000e+02;7.2601981e-02;2.0250000e+02;1.0163301e-01;2.0250000e+02;1.3321121e-01;2.0250000e+02;1.6726768e-01;2.0250000e+02;1.9303927e-01;2.0250000e+02;2.1328649e-01;2.0250000e+02;2.3352586e-01;2.0250000e+02;2.5055993e-01;2.0250000e+02;2.5448775e-01;2.0250000e+02;2.3112550e-01;2.0250000e+02;1.8893842e-01;2.0250000e+02;1.3631141e-01;2.0250000e+02;8.4995225e-02;2.0250000e+02;3.8670346e-02;2.0250000e+02;-2.6501287e-03;2.0250000e+02;8.5161692e-03;2.0250000e+02;2.5408052e-02;2.0250000e+02;4.7235303e-02;2.0250000e+02;7.2601981e-02;2.0250000e+02;1.0163301e-01;2.0250000e+02;1.3321121e-01;2.0250000e+02;1.6726768e-01;2.0250000e+02;1.9303927e-01;2.0250000e+02;2.1328649e-01;2.0250000e+02;2.3352586e-01;2.0250000e+02;2.5055993e-01;2.0250000e+02;2.5448775e-01;2.0250000e+02;2.3112550e-01;2.0250000e+02;1.8893842e-01;2.0250000e+02;1.3631141e-01;2.0250000e+02;8.4995225e-02;2.0250000e+02;3.8670346e-02;2.0250000e+02;-2.6501287e-03;2.0250000e+02;8.5161692e-03;2.0250000e+02;2.5408052e-02;2.0250000e+02;4.7235303e-02;2.0250000e+02;7.2601981e-02;2.0250000e+02;1.0163301e-01;2.0250000e+02;1.3321121e-01;2.0250000e+02;1.6726768e-01;2.0250000e+02;1.9303927e-01;2.0250000e+02;2.1328649e-01;2.0250000e+02;2.3352586e-01;2.0250000e+02;2.5055993e-01;2.0250000e+02;2.5448775e-01;2.0250000e+02;2.3112550e-01;2.0250000e+02;1.8893842e-01;2.0250000e+02;1.3631141e-01;2.0250000e+02;8.4995225e-02;2.0250000e+02;3.8670346e-02;2.0250000e+02;-2.6501287e-03;2.0250000e+02;8.5161692e-03;2.0250000e+02;2.5408052e-02;2.0250000e+02;4.7235303e-02;2.0250000e+02;7.2601981e-02;2.0250000e+02;1.0163301e-01;2.0250000e+02;1.3321121e-01;2.0250000e+02;1.6726768e-01;2.0250000e+02;1.9303927e-01;2.0250000e+02;2.1328649e-01;2.0250000e+02;2.3352586e-01;2.0250000e+02;2.5055993e-01;2.0250000e+02;2.5448775e-01;2.0250000e+02;2.3112550e-01;2.0250000e+02;1.8893842e-01;2.0250000e+02;1.3631141e-01;2.0250000e+02;8.4995225e-02;2.0250000e+02;3.8670346e-02;2.0250000e+02;-2.6501287e-03;2.0250000e+02;8.5161692e-03;2.0250000e+02;2.5408052e-02;2.0250000e+02;4.7235303e-02;2.0250000e+02;7.2601981e-02;2.0250000e+02;1.0163301e-01;2.0250000e+02;1.3321121e-01;2.0250000e+02;1.6726768e-01;2.0250000e+02;1.9303927e-01;2.0250000e+02;2.1328649e-01;2.0250000e+02;2.3352586e-01;2.0250000e+02;2.5055993e-01;2.0250000e+02;2.5448775e-01;2.0250000e+02;2.3112550e-01;2.0250000e+02;1.8893842e-01;2.0250000e+02;1.3631141e-01;2.0250000e+02;8.4995225e-02;2.0250000e+02;3.8670346e-02;2.0250000e+02;-2.6501287e-03;2.0250000e+02;8.5161692e-03;2.0250000e+02;2.5408052e-02;2.0250000e+02;4.7235303e-02;2.0250000e+02;7.2601981e-02;2.0250000e+02;1.0163301e-01;2.0250000e+02;1.3321121e-01;2.0250000e+02;1.6726768e-01;2.0250000e+02;1.9303927e-01;2.0250000e+02;2.1328649e-01;2.0250000e+02;2.3352586e-01;2.0250000e+02;2.5055993e-01;2.0250000e+02;2.5448775e-01;2.0250000e+02;2.3112550e-01;2.0250000e+02;1.8893842e-01;2.0250000e+02;1.3631141e-01;2.0250000e+02;8.4995225e-02;2.0250000e+02;3.8670346e-02;2.0250000e+02;-2.6501287e-03;2.0250000e+02;8.5161692e-03;2.0250000e+02;2.5408052e-02;2.0250000e+02;4.7235303e-02;2.0250000e+02;7.2601981e-02;2.0250000e+02;1.0163301e-01;2.0250000e+02;1.3321121e-01;2.0250000e+02;1.6726768e-01;2.0250000e+02;1.9303927e-01;2.0250000e+02;2.1328649e-01;2.0250000e+02;2.3352586e-01;2.0250000e+02;2.5055993e-01;2.0250000e+02;2.5448775e-01;2.0250000e+02;2.3112550e-01;2.0250000e+02;1.8893842e-01;2.0250000e+02;1.3631141e-01;2.0250000e+02;8.4995225e-02;2.0250000e+02;3.8670346e-02;2.0250000e+02;-2.6501287e-03;2.0250000e+02;8.5161692e-03;2.0250000e+02;2.5408052e-02;2.0250000e+02;4.7235303e-02;2.0250000e+02;7.2601981e-02;2.0250000e+02;1.0163301e-01;2.0250000e+02;1.3321121e-01;2.0250000e+02;1.6726768e-01;2.0250000e+02;1.9303927e-01;2.0250000e+02;2.1328649e-01;2.0250000e+02;2.3352586e-01;2.0250000e+02;2.5055993e-01;2.0250000e+02;2.5448775e-01;2.0250000e+02;2.3112550e-01;2.0250000e+02;1.8893842e-01;2.0250000e+02;1.3631141e-01;2.0250000e+02;8.4995225e-02;2.0250000e+02;3.8670346e-02;2.0250000e+02;-2.6501287e-03;2.0250000e+02;8.5161692e-03;2.0250000e+02;2.5408052e-02;2.0250000e+02;4.7235303e-02;2.0250000e+02;7.2601981e-02;2.0250000e+02;1.0163301e-01;2.0250000e+02;1.3321121e-01;2.0250000e+02;1.6726768e-01;2.0250000e+02;1.9303927e-01;2.0250000e+02;2.1328649e-01;2.0250000e+02;2.3352586e-01;2.0250000e+02;2.5055993e-01;2.0250000e+02;2.5448775e-01;2.0250000e+02;2.3112550e-01;2.0250000e+02;1.8893842e-01;2.0250000e+02;1.3631141e-01;2.0250000e+02;8.4995225e-02;2.0250000e+02;3.8670346e-02;2.0250000e+02;-2.6501287e-03;2.0250000e+02;8.5161692e-03;2.0250000e+02;2.5408052e-02;2.0250000e+02;4.7235303e-02;2.0250000e+02;7.2601981e-02;2.0250000e+02;1.0163301e-01;2.0250000e+02;1.3321121e-01;2.0250000e+02;1.6726768e-01;2.0250000e+02;1.9303927e-01;2.0250000e+02;2.1328649e-01;2.0250000e+02;2.3352586e-01;2.0250000e+02;2.5055993e-01;2.0250000e+02;2.5448775e-01;2.0250000e+02;2.3112550e-01;2.0250000e+02;1.8893842e-01;2.0250000e+02;1.3631141e-01;2.0250000e+02;8.4995225e-02;2.0250000e+02;3.8670346e-02;2.0250000e+02;-2.6501287e-03;2.0250000e+02;8.5161692e-03;2.0250000e+02;2.5408052e-02;2.0250000e+02;4.7235303e-02;2.0250000e+02;7.2601981e-02;2.0250000e+02;1.0163301e-01;2.0250000e+02;1.3321121e-01;2.0250000e+02;1.6726768e-01;2.0250000e+02;1.9303927e-01;2.0250000e+02;2.1328649e-01;2.0250000e+02;2.3352586e-01;2.0250000e+02;2.5055993e-01;2.0250000e+02;2.5448775e-01;2.0250000e+02;2.3112550e-01;2.0250000e+02;1.8893842e-01;2.0250000e+02;1.3631141e-01;2.0250000e+02;8.4995225e-02;2.0250000e+02;3.8670346e-02;2.0250000e+02;-2.6501287e-03;2.0250000e+02;8.5161692e-03;2.0250000e+02;2.5408052e-02;2.0250000e+02;4.7235303e-02;2.0250000e+02;7.2601981e-02;2.0250000e+02;1.0163301e-01;2.0250000e+02;1.3321121e-01;2.0250000e+02;1.6726768e-01;2.0250000e+02;1.9303927e-01;2.0250000e+02;2.1328649e-01;2.0250000e+02;2.3352586e-01;2.0250000e+02;2.5055993e-01;2.0250000e+02;2.5448775e-01;2.0250000e+02;2.3112550e-01;2.0250000e+02;1.8893842e-01;2.0250000e+02;1.3631141e-01;2.0250000e+02;8.4995225e-02;2.0250000e+02;3.8670346e-02;2.0250000e+02;-2.6501287e-03;2.0250000e+02;8.5161692e-03;2.0250000e+02;2.5408052e-02;2.0250000e+02;4.7235303e-02;2.0250000e+02;7.2601981e-02;2.0250000e+02;1.0163301e-01;2.0250000e+02;1.3321121e-01;2.0250000e+02;1.6726768e-01;2.0250000e+02;1.9303927e-01;2.0250000e+02;2.1328649e-01;2.0250000e+02;2.3352586e-01;2.0250000e+02;2.5055993e-01;2.0250000e+02;2.5448775e-01;2.0250000e+02;2.3112550e-01;2.0250000e+02;1.8893842e-01;2.0250000e+02;1.3631141e-01;2.0250000e+02;8.4995225e-02;2.0250000e+02;3.8670346e-02;2.0250000e+02;-2.6501287e-03;2.0250000e+02;8.5161692e-03;2.0250000e+02;2.5408052e-02;2.0250000e+02;4.7235303e-02;2.0250000e+02;7.2601981e-02;2.0250000e+02;1.0163301e-01;2.0250000e+02;1.3321121e-01;2.0250000e+02;1.6726768e-01;2.0250000e+02;1.9303927e-01;2.0250000e+02;2.1328649e-01;2.0250000e+02;2.3352586e-01;2.0250000e+02;2.5055993e-01;2.0250000e+02;2.5448775e-01;2.0250000e+02;2.3112550e-01;2.0250000e+02;1.8893842e-01;2.0250000e+02;1.3631141e-01;2.0250000e+02;8.4995225e-02;2.0250000e+02;3.8670346e-02;2.0250000e+02;-2.6501287e-03;2.0250000e+02;8.5161692e-03;2.0250000e+02;2.5408052e-02;2.0250000e+02;4.7235303e-02;2.0250000e+02;7.2601981e-02;2.0250000e+02;1.0163301e-01;2.0250000e+02;1.3321121e-01;2.0250000e+02;1.6726768e-01;2.0250000e+02;1.9303927e-01;2.0250000e+02;2.1328649e-01;2.0250000e+02;2.3352586e-01;2.0250000e+02;2.5055993e-01;2.0250000e+02;2.5448775e-01;2.0250000e+02;2.3112550e-01;2.0250000e+02;1.8893842e-01;2.0250000e+02;1.3631141e-01;2.0250000e+02;8.4995225e-02;2.0250000e+02;3.8670346e-02;2.0250000e+02;-2.6501287e-03;2.0250000e+02;8.5161692e-03;2.0250000e+02;2.5408052e-02;2.0250000e+02;4.7235303e-02;2.0250000e+02;7.2601981e-02;2.0250000e+02;1.0163301e-01;2.0250000e+02;1.3321121e-01;2.0250000e+02;1.6726768e-01;2.0250000e+02;1.9303927e-01;2.0250000e+02;2.1328649e-01;2.0250000e+02;2.3352586e-01;2.0250000e+02;2.5055993e-01;2.0250000e+02;2.5448775e-01;2.0250000e+02;2.3112550e-01;2.0250000e+02;1.8893842e-01;2.0250000e+02;1.3631141e-01;2.0250000e+02;8.4995225e-02;2.0250000e+02;3.8670346e-02;2.0250000e+02;-2.6501287e-03;2.0250000e+02;8.5161692e-03;2.0250000e+02;2.5408052e-02;2.0250000e+02;4.7235303e-02;2.0250000e+02;7.2601981e-02;2.0250000e+02;1.0163301e-01;2.0250000e+02;1.3321121e-01;2.0250000e+02;1.6726768e-01;2.0250000e+02;1.9303927e-01;2.0250000e+02;2.1328649e-01;2.0250000e+02;2.3352586e-01;2.0250000e+02;2.5055993e-01;2.0250000e+02;2.5448775e-01;2.0250000e+02;2.3112550e-01;2.0250000e+02;1.8893842e-01;2.0250000e+02;1.3631141e-01;2.0250000e+02;8.4995225e-02;2.0250000e+02;3.8670346e-02;2.0250000e+02;-2.6501287e-03;2.0250000e+02;8.5161692e-03;2.0250000e+02;2.5408052e-02;2.0250000e+02;4.7235303e-02;2.0250000e+02;7.2601981e-02;2.0250000e+02;1.0163301e-01;2.0250000e+02;1.3321121e-01;2.0250000e+02;1.6726768e-01;2.0250000e+02;1.9303927e-01;2.0250000e+02;2.1328649e-01;2.0250000e+02;2.3352586e-01;2.0250000e+02;2.5055993e-01;2.0250000e+02;2.5448775e-01;2.0250000e+02;2.3112550e-01;2.0250000e+02;1.8893842e-01;2.0250000e+02;1.3631141e-01;2.0250000e+02;8.4995225e-02;2.0250000e+02;3.8670346e-02;2.0250000e+02;-2.6501287e-03;2.0250000e+02;8.5161692e-03;2.0250000e+02;2.5408052e-02;2.0250000e+02;4.7235303e-02;2.0250000e+02;7.2601981e-02;2.0250000e+02;1.0163301e-01;2.0250000e+02;1.3321121e-01;2.0250000e+02;1.6726768e-01;2.0250000e+02;1.9303927e-01;2.0250000e+02;2.1328649e-01;2.0250000e+02;2.3352586e-01;2.0250000e+02;2.5055993e-01;2.0250000e+02;2.5448775e-01;2.0250000e+02;2.3112550e-01;2.0250000e+02;1.8893842e-01;2.0250000e+02;1.3631141e-01;2.0250000e+02;8.4995225e-02;2.0250000e+02;3.8670346e-02;2.0250000e+02;-2.6501287e-03;2.0250000e+02;8.5161692e-03;2.0250000e+02;2.5408052e-02;2.0250000e+02;4.7235303e-02;2.0250000e+02;7.2601981e-02;2.0250000e+02;1.0163301e-01;2.0250000e+02;1.3321121e-01;2.0250000e+02;1.6726768e-01;2.0250000e+02;1.9303927e-01;2.0250000e+02;2.1328649e-01;2.0250000e+02;2.3352586e-01;2.0250000e+02;2.5055993e-01;2.0250000e+02;2.5448775e-01;2.0250000e+02;2.3112550e-01;2.0250000e+02;1.8893842e-01;2.0250000e+02;1.3631141e-01;2.0250000e+02;8.4995225e-02;2.0250000e+02;3.8670346e-02;2.0250000e+02;-2.6501287e-03;2.0250000e+02;8.5161692e-03;2.0250000e+02;2.5408052e-02;2.0250000e+02;4.7235303e-02;2.0250000e+02;7.2601981e-02;2.0250000e+02;1.0163301e-01;2.0250000e+02;1.3321121e-01;2.0250000e+02;1.6726768e-01;2.0250000e+02;1.9303927e-01;2.0250000e+02;2.1328649e-01;2.0250000e+02;2.3352586e-01;2.0250000e+02;2.5055993e-01;2.0250000e+02;2.5448775e-01;2.0250000e+02;2.3112550e-01;2.0250000e+02;1.8893842e-01;2.0250000e+02;1.3631141e-01;2.0250000e+02;8.4995225e-02;2.0250000e+02;3.8670346e-02;2.0250000e+02;-2.6501287e-03;2.0250000e+02;8.5161692e-03;2.0250000e+02;2.5408052e-02;2.0250000e+02;4.7235303e-02;2.0250000e+02;7.2601981e-02;2.0250000e+02;1.0163301e-01;2.0250000e+02;1.3321121e-01;2.0250000e+02;1.6726768e-01;2.0250000e+02;1.9303927e-01;2.0250000e+02;2.1328649e-01;2.0250000e+02;2.3352586e-01;2.0250000e+02;2.5055993e-01;2.0250000e+02;2.5448775e-01;2.0250000e+02;2.3112550e-01;2.0250000e+02;1.8893842e-01;2.0250000e+02;1.3631141e-01;2.0250000e+02;8.4995225e-02;2.0250000e+02;3.8670346e-02;2.0250000e+02;-2.6501287e-03;2.0250000e+02;8.5161692e-03;2.0250000e+02;2.5408052e-02;2.0250000e+02;4.7235303e-02;2.0250000e+02;7.2601981e-02;2.0250000e+02;1.0163301e-01;2.0250000e+02;1.3321121e-01;2.0250000e+02;1.6726768e-01;2.0250000e+02;1.9303927e-01;2.0250000e+02;2.1328649e-01;2.0250000e+02;2.3352586e-01;2.0250000e+02;2.5055993e-01;2.0250000e+02;2.5448775e-01;2.0250000e+02;2.3112550e-01;2.0250000e+02;1.8893842e-01;2.0250000e+02;1.3631141e-01;2.0250000e+02;8.4995225e-02;2.0250000e+02;3.8670346e-02;2.0250000e+02;-2.6501287e-03;2.0250000e+02;8.5161692e-03;2.0250000e+02;2.5408052e-02;2.0250000e+02;4.7235303e-02;2.0250000e+02;7.2601981e-02;2.0250000e+02;1.0163301e-01;2.0250000e+02;1.3321121e-01;2.0250000e+02;1.6726768e-01;2.0250000e+02;1.9303927e-01;2.0250000e+02;2.1328649e-01;2.0250000e+02;2.3352586e-01;2.0250000e+02;2.5055993e-01;2.0250000e+02;2.5448775e-01;2.0250000e+02;2.3112550e-01;2.0250000e+02;1.8893842e-01;2.0250000e+02;1.3631141e-01;2.0250000e+02;8.4995225e-02;2.0250000e+02;3.8670346e-02;2.0250000e+02;-2.6501287e-03;2.0250000e+02;8.5161692e-03;2.0250000e+02;2.5408052e-02;2.0250000e+02;4.7235303e-02;2.0250000e+02;7.2601981e-02;2.0250000e+02;1.0163301e-01;2.0250000e+02;1.3321121e-01;2.0250000e+02;1.6726768e-01;2.0250000e+02;1.9303927e-01;2.0250000e+02;2.1328649e-01;2.0250000e+02;2.3352586e-01;2.0250000e+02;2.5055993e-01;2.0250000e+02;2.5448775e-01;2.0250000e+02;2.3112550e-01;2.0250000e+02;1.8893842e-01;2.0250000e+02;1.3631141e-01;2.0250000e+02;8.4995225e-02;2.0250000e+02;3.8670346e-02;2.0250000e+02;-2.6501287e-03;2.0250000e+02;8.5161692e-03;2.0250000e+02;2.5408052e-02;2.0250000e+02;4.7235303e-02;2.0250000e+02;7.2601981e-02;2.0250000e+02;1.0163301e-01;2.0250000e+02;1.3321121e-01;2.0250000e+02;1.6726768e-01;2.0250000e+02;1.9303927e-01;2.0250000e+02;2.1328649e-01;2.0250000e+02;2.3352586e-01;2.0250000e+02;2.5055993e-01;2.0250000e+02;2.5448775e-01;2.0250000e+02;2.3112550e-01;2.0250000e+02;1.8893842e-01;2.0250000e+02;1.3631141e-01;2.0250000e+02;8.4995225e-02;2.0250000e+02;3.8670346e-02;2.0250000e+02;-2.6501287e-03;2.0250000e+02;8.5161692e-03;2.0250000e+02;2.5408052e-02;2.0250000e+02;4.7235303e-02;2.0250000e+02;7.2601981e-02;2.0250000e+02;1.0163301e-01;2.0250000e+02;1.3321121e-01;2.0250000e+02;1.6726768e-01;2.0250000e+02;1.9303927e-01;2.0250000e+02;2.1328649e-01;2.0250000e+02;2.3352586e-01;2.0250000e+02;2.5055993e-01;2.0250000e+02;2.5448775e-01;2.0250000e+02;2.3112550e-01;2.0250000e+02;1.8893842e-01;2.0250000e+02;1.3631141e-01;2.0250000e+02;8.4995225e-02;2.0250000e+02;3.8670346e-02;2.0250000e+02;-2.6501287e-03;2.0250000e+02;8.5161692e-03;2.0250000e+02;2.5408052e-02;2.0250000e+02;4.7235303e-02;2.0250000e+02;7.2601981e-02;2.0250000e+02;1.0163301e-01;2.0250000e+02;1.3321121e-01;2.0250000e+02;1.6726768e-01;2.0250000e+02;1.9303927e-01;2.0250000e+02;2.1328649e-01;2.0250000e+02;2.3352586e-01;2.0250000e+02;2.5055993e-01;2.0250000e+02;2.5448775e-01;2.0250000e+02;2.3112550e-01;2.0250000e+02;1.8893842e-01;2.0250000e+02;1.3631141e-01;2.0250000e+02;8.4995225e-02;2.0250000e+02;3.8670346e-02;2.0250000e+02;-2.6501287e-03;2.0250000e+02;8.5161692e-03;2.0250000e+02;2.5408052e-02;2.0250000e+02;4.7235303e-02;2.0250000e+02;7.2601981e-02;2.0250000e+02;1.0163301e-01;2.0250000e+02;1.3321121e-01;2.0250000e+02;1.6726768e-01;2.0250000e+02;1.9303927e-01;2.0250000e+02;2.1328649e-01;2.0250000e+02;2.3352586e-01;2.0250000e+02;2.5055993e-01;2.0250000e+02;2.5448775e-01;2.0250000e+02;2.3112550e-01;2.0250000e+02;1.8893842e-01;2.0250000e+02;1.3631141e-01;2.0250000e+02;8.4995225e-02;2.0250000e+02;3.8670346e-02;2.0250000e+02;-2.6501287e-03;2.0250000e+02;8.5161692e-03;2.0250000e+02;2.5408052e-02;2.0250000e+02;4.7235303e-02;2.0250000e+02;7.2601981e-02;2.0250000e+02;1.0163301e-01;2.0250000e+02;1.3321121e-01;2.0250000e+02;1.6726768e-01;2.0250000e+02;1.9303927e-01;2.0250000e+02;2.1328649e-01;2.0250000e+02;2.3352586e-01;2.0250000e+02;2.5055993e-01;2.0250000e+02;2.5448775e-01;2.0250000e+02;2.3112550e-01;2.0250000e+02;1.8893842e-01;2.0250000e+02;1.3631141e-01;2.0250000e+02;8.4995225e-02;2.0250000e+02;3.8670346e-02;2.0250000e+02;-2.6501287e-03;2.0250000e+02;8.5161692e-03;2.0250000e+02;2.5408052e-02;2.0250000e+02;4.7235303e-02;2.0250000e+02;7.2601981e-02;2.0250000e+02;1.0163301e-01;2.0250000e+02;1.3321121e-01;2.0250000e+02;1.6726768e-01;2.0250000e+02;1.9303927e-01;2.0250000e+02;2.1328649e-01;2.0250000e+02;2.3352586e-01;2.0250000e+02;2.5055993e-01;2.0250000e+02;2.5448775e-01;2.0250000e+02;2.3112550e-01;2.0250000e+02;1.8893842e-01;2.0250000e+02;1.3631141e-01;2.0250000e+02;8.4995225e-02;2.0250000e+02;3.8670346e-02;2.0250000e+02;-2.6501287e-03;2.0250000e+02;8.5161692e-03;2.0250000e+02;2.5408052e-02;2.0250000e+02;4.7235303e-02;2.0250000e+02;7.2601981e-02;2.0250000e+02;1.0163301e-01;2.0250000e+02;1.3321121e-01;2.0250000e+02;1.6726768e-01;2.0250000e+02;1.9303927e-01;2.0250000e+02;2.1328649e-01;2.0250000e+02;2.3352586e-01;2.0250000e+02;2.5055993e-01;2.0250000e+02;2.5448775e-01;2.0250000e+02;2.3112550e-01;2.0250000e+02;1.8893842e-01;2.0250000e+02;1.3631141e-01;2.0250000e+02;8.4995225e-02;2.0250000e+02;3.8670346e-02;2.0250000e+02;-2.6501287e-03;2.0250000e+02;8.5161692e-03;2.0250000e+02;2.5408052e-02;2.0250000e+02;4.7235303e-02;2.0250000e+02;7.2601981e-02;2.0250000e+02;1.0163301e-01;2.0250000e+02;1.3321121e-01;2.0250000e+02;1.6726768e-01;2.0250000e+02;1.9303927e-01;2.0250000e+02;2.1328649e-01;2.0250000e+02;2.3352586e-01;2.0250000e+02;2.5055993e-01;2.0250000e+02;2.5448775e-01;2.0250000e+02;2.3112550e-01;2.0250000e+02;1.8893842e-01;2.0250000e+02;1.3631141e-01;2.0250000e+02;8.4995225e-02;2.0250000e+02;3.8670346e-02;2.0250000e+02;-2.6501287e-03;2.0250000e+02;8.5161692e-03;2.0250000e+02;2.5408052e-02;2.0250000e+02;4.7235303e-02;2.0250000e+02;7.2601981e-02;2.0250000e+02;1.0163301e-01;2.0250000e+02;1.3321121e-01;2.0250000e+02;1.6726768e-01;2.0250000e+02;1.9303927e-01;2.0250000e+02;2.1328649e-01;2.0250000e+02;2.3352586e-01;2.0250000e+02;2.5055993e-01;2.0250000e+02;2.5448775e-01;2.0250000e+02;2.3112550e-01;2.0250000e+02;1.8893842e-01;2.0250000e+02;1.3631141e-01;2.0250000e+02;8.4995225e-02;2.0250000e+02;3.8670346e-02;2.0250000e+02;-2.6501287e-03;2.0250000e+02;8.5161692e-03;2.0250000e+02;2.5408052e-02;2.0250000e+02;4.7235303e-02;2.0250000e+02;7.2601981e-02;2.0250000e+02;1.0163301e-01;2.0250000e+02;1.3321121e-01;2.0250000e+02;1.6726768e-01;2.0250000e+02;1.9303927e-01;2.0250000e+02;2.1328649e-01;2.0250000e+02;2.3352586e-01;2.0250000e+02;2.5055993e-01;2.0250000e+02;2.5448775e-01;2.0250000e+02;2.3112550e-01;2.0250000e+02;1.8893842e-01;2.0250000e+02;1.3631141e-01;2.0250000e+02;8.4995225e-02;2.0250000e+02;3.8670346e-02;2.0250000e+02;-2.6501287e-03;2.0250000e+02;8.5161692e-03;2.0250000e+02;2.5408052e-02;2.0250000e+02;4.7235303e-02;2.0250000e+02;7.2601981e-02;2.0250000e+02;1.0163301e-01;2.0250000e+02;1.3321121e-01;2.0250000e+02;1.6726768e-01;2.0250000e+02;1.9303927e-01;2.0250000e+02;2.1328649e-01;2.0250000e+02;2.3352586e-01;2.0250000e+02;2.5055993e-01;2.0250000e+02;2.5448775e-01;2.0250000e+02;2.3112550e-01;2.0250000e+02;1.8893842e-01;2.0250000e+02;1.3631141e-01;2.0250000e+02;8.4995225e-02;2.0250000e+02;3.8670346e-02;2.0250000e+02;-2.6501287e-03;2.0250000e+02;8.5161692e-03;2.0250000e+02;2.5408052e-02;2.0250000e+02;4.7235303e-02;2.0250000e+02;7.2601981e-02;2.0250000e+02;1.0163301e-01;2.0250000e+02;1.3321121e-01;2.0250000e+02;1.6726768e-01;2.0250000e+02;1.9303927e-01;2.0250000e+02;2.1328649e-01;2.0250000e+02;2.3352586e-01;2.0250000e+02;2.5055993e-01;2.0250000e+02;2.5448775e-01;2.0250000e+02;2.3112550e-01;2.0250000e+02;1.8893842e-01;2.0250000e+02;1.3631141e-01;2.0250000e+02;8.4995225e-02;2.0250000e+02;3.8670346e-02;2.0250000e+02;-2.6501287e-03;2.0250000e+02;8.5161692e-03;2.0250000e+02;2.5408052e-02;2.0250000e+02;4.7235303e-02;2.0250000e+02;7.2601981e-02;2.0250000e+02;1.0163301e-01;2.0250000e+02;1.3321121e-01;2.0250000e+02;1.6726768e-01;2.0250000e+02;1.9303927e-01;2.0250000e+02;2.1328649e-01;2.0250000e+02;2.3352586e-01;2.0250000e+02;2.5055993e-01;2.0250000e+02;2.5448775e-01;2.0250000e+02;2.3112550e-01;2.0250000e+02;1.8893842e-01;2.0250000e+02;1.3631141e-01;2.0250000e+02;8.4995225e-02;2.0250000e+02;3.8670346e-02;2.0250000e+02;-2.6501287e-03;2.0250000e+02;8.5161692e-03;2.0250000e+02;2.5408052e-02;2.0250000e+02;4.7235303e-02;2.0250000e+02;7.2601981e-02;2.0250000e+02;1.0163301e-01;2.0250000e+02;1.3321121e-01;2.0250000e+02;1.6726768e-01;2.0250000e+02;1.9303927e-01;2.0250000e+02;2.1328649e-01;2.0250000e+02;2.3352586e-01;2.0250000e+02;2.5055993e-01;2.0250000e+02;2.5448775e-01;2.0250000e+02;2.3112550e-01;2.0250000e+02;1.8893842e-01;2.0250000e+02;1.3631141e-01;2.0250000e+02;8.4995225e-02;2.0250000e+02;3.8670346e-02;2.0250000e+02;-2.6501287e-03;2.0250000e+02;8.5161692e-03;2.0250000e+02;2.5408052e-02;2.0250000e+02;4.7235303e-02;2.0250000e+02;7.2601981e-02;2.0250000e+02;1.0163301e-01;2.0250000e+02;1.3321121e-01;2.0250000e+02;1.6726768e-01;2.0250000e+02;1.9303927e-01;2.0250000e+02;2.1328649e-01;2.0250000e+02;2.3352586e-01;2.0250000e+02;2.5055993e-01;2.0250000e+02;2.5448775e-01;2.0250000e+02;2.3112550e-01;2.0250000e+02;1.8893842e-01;2.0250000e+02;1.3631141e-01;2.0250000e+02;8.4995225e-02;2.0250000e+02;3.8670346e-02;2.0250000e+02;-2.6501287e-03;2.0250000e+02;8.5161692e-03;2.0250000e+02;2.5408052e-02;2.0250000e+02;4.7235303e-02;2.0250000e+02;7.2601981e-02;2.0250000e+02;1.0163301e-01;2.0250000e+02;1.3321121e-01;2.0250000e+02;1.6726768e-01;2.0250000e+02;1.9303927e-01;2.0250000e+02;2.1328649e-01;2.0250000e+02;2.3352586e-01;2.0250000e+02;2.5055993e-01;2.0250000e+02;2.5448775e-01;2.0250000e+02;2.3112550e-01;2.0250000e+02;1.8893842e-01;2.0250000e+02;1.3631141e-01;2.0250000e+02;8.4995225e-02;2.0250000e+02;3.8670346e-02;2.0250000e+02;-2.6501287e-03;2.0250000e+02;8.5161692e-03;2.0250000e+02;2.5408052e-02;2.0250000e+02;4.7235303e-02;2.0250000e+02;7.2601981e-02;2.0250000e+02;1.0163301e-01;2.0250000e+02;1.3321121e-01;2.0250000e+02;1.6726768e-01;2.0250000e+02;1.9303927e-01;2.0250000e+02;2.1328649e-01;2.0250000e+02;2.3352586e-01;2.0250000e+02;2.5055993e-01;2.0250000e+02;2.5448775e-01;2.0250000e+02;2.3112550e-01;2.0250000e+02;1.8893842e-01;2.0250000e+02;1.3631141e-01;2.0250000e+02;8.4995225e-02;2.0250000e+02;3.8670346e-02;2.0250000e+02;-2.6501287e-03;2.0250000e+02;8.5161692e-03;2.0250000e+02;2.5408052e-02;2.0250000e+02;4.7235303e-02;2.0250000e+02;7.2601981e-02;2.0250000e+02;1.0163301e-01;2.0250000e+02;1.3321121e-01;2.0250000e+02;1.6726768e-01;2.0250000e+02;1.9303927e-01;2.0250000e+02;2.1328649e-01;2.0250000e+02;2.3352586e-01;2.0250000e+02;2.5055993e-01;2.0250000e+02;2.5448775e-01;2.0250000e+02;2.3112550e-01;2.0250000e+02;1.8893842e-01;2.0250000e+02;1.3631141e-01;2.0250000e+02;8.4995225e-02;2.0250000e+02;3.8670346e-02;2.0250000e+02;-2.6501287e-03;2.0250000e+02;8.5161692e-03;2.0250000e+02;2.5408052e-02;2.0250000e+02;4.7235303e-02;2.0250000e+02;7.2601981e-02;2.0250000e+02;1.0163301e-01;2.0250000e+02;1.3321121e-01;2.0250000e+02;1.6726768e-01;2.0250000e+02;1.9303927e-01;2.0250000e+02;2.1328649e-01;2.0250000e+02;2.3352586e-01;2.0250000e+02;2.5055993e-01;2.0250000e+02;2.5448775e-01;2.0250000e+02;2.3112550e-01;2.0250000e+02;1.8893842e-01;2.0250000e+02;1.3631141e-01;2.0250000e+02;8.4995225e-02;2.0250000e+02;3.8670346e-02;2.0250000e+02;-2.6501287e-03;2.0250000e+02;8.5161692e-03;2.0250000e+02;2.5408052e-02;2.0250000e+02;4.7235303e-02;2.0250000e+02;7.2601981e-02;2.0250000e+02;1.0163301e-01;2.0250000e+02;1.3321121e-01;2.0250000e+02;1.6726768e-01;2.0250000e+02;1.9303927e-01;2.0250000e+02;2.1328649e-01;2.0250000e+02;2.3352586e-01;2.0250000e+02;2.5055993e-01;2.0250000e+02;2.5448775e-01;2.0250000e+02;2.3112550e-01;2.0250000e+02;1.8893842e-01;2.0250000e+02;1.3631141e-01;2.0250000e+02;8.4995225e-02;2.0250000e+02;3.8670346e-02;2.0250000e+02;-2.6501287e-03;2.0250000e+02;8.5161692e-03;2.0250000e+02;2.5408052e-02;2.0250000e+02;4.7235303e-02;2.0250000e+02;7.2601981e-02;2.0250000e+02;1.0163301e-01;2.0250000e+02;1.3321121e-01;2.0250000e+02;1.6726768e-01;2.0250000e+02;1.9303927e-01;2.0250000e+02;2.1328649e-01;2.0250000e+02;2.3352586e-01;2.0250000e+02;2.5055993e-01;2.0250000e+02;2.5448775e-01;2.0250000e+02;2.3112550e-01;2.0250000e+02;1.8893842e-01;2.0250000e+02;1.3631141e-01;2.0250000e+02;8.4995225e-02;2.0250000e+02;3.8670346e-02;2.0250000e+02;-2.6501287e-03;2.0250000e+02;8.5161692e-03;2.0250000e+02;2.5408052e-02;2.0250000e+02;4.7235303e-02;2.0250000e+02;7.2601981e-02;2.0250000e+02;1.0163301e-01;2.0250000e+02;1.3321121e-01;2.0250000e+02;1.6726768e-01;2.0250000e+02;1.9303927e-01;2.0250000e+02;2.1328649e-01;2.0250000e+02;2.3352586e-01;2.0250000e+02;2.5055993e-01;2.0250000e+02;2.5448775e-01;2.0250000e+02;2.3112550e-01;2.0250000e+02;1.8893842e-01;2.0250000e+02;1.3631141e-01;2.0250000e+02;8.4995225e-02;2.0250000e+02;3.8670346e-02;2.0250000e+02;-2.6501287e-03;2.0250000e+02;8.5161692e-03;2.0250000e+02;2.5408052e-02;2.0250000e+02;4.7235303e-02;2.0250000e+02;7.2601981e-02;2.0250000e+02;1.0163301e-01;2.0250000e+02;1.3321121e-01;2.0250000e+02;1.6726768e-01;2.0250000e+02;1.9303927e-01;2.0250000e+02;2.1328649e-01;2.0250000e+02;2.3352586e-01;2.0250000e+02;2.5055993e-01;2.0250000e+02;2.5448775e-01;2.0250000e+02;2.3112550e-01;2.0250000e+02;1.8893842e-01;2.0250000e+02;1.3631141e-01;2.0250000e+02;8.4995225e-02;2.0250000e+02;3.8670346e-02;2.0250000e+02;-2.6501287e-03;2.0250000e+02;8.5161692e-03;2.0250000e+02;2.5408052e-02;2.0250000e+02;4.7235303e-02;2.0250000e+02;7.2601981e-02;2.0250000e+02;1.0163301e-01;2.0250000e+02;1.3321121e-01;2.0250000e+02;1.6726768e-01;2.0250000e+02;1.9303927e-01;2.0250000e+02;2.1328649e-01;2.0250000e+02;2.3352586e-01;2.0250000e+02;2.5055993e-01;2.0250000e+02;2.5448775e-01;2.0250000e+02;2.3112550e-01;2.0250000e+02;1.8893842e-01;2.0250000e+02;1.3631141e-01;2.0250000e+02;8.4995225e-02;2.0250000e+02;3.8670346e-02;2.0250000e+02;-2.6501287e-03;2.0250000e+02;8.5161692e-03;2.0250000e+02;2.5408052e-02;2.0250000e+02;4.7235303e-02;2.0250000e+02;7.2601981e-02;2.0250000e+02;1.0163301e-01;2.0250000e+02;1.3321121e-01;2.0250000e+02;1.6726768e-01;2.0250000e+02;1.9303927e-01;2.0250000e+02;2.1328649e-01;2.0250000e+02;2.3352586e-01;2.0250000e+02;2.5055993e-01;2.0250000e+02;2.5448775e-01;2.0250000e+02;2.3112550e-01;2.0250000e+02;1.8893842e-01;2.0250000e+02;1.3631141e-01;2.0250000e+02;8.4995225e-02;2.0250000e+02;3.8670346e-02;2.0250000e+02;-2.6501287e-03;2.0250000e+02;8.5161692e-03;2.0250000e+02;2.5408052e-02;2.0250000e+02;4.7235303e-02;2.0250000e+02;7.2601981e-02;2.0250000e+02;1.0163301e-01;2.0250000e+02;1.3321121e-01;2.0250000e+02;1.6726768e-01;2.0250000e+02;1.9303927e-01;2.0250000e+02;2.1328649e-01;2.0250000e+02;2.3352586e-01;2.0250000e+02;2.5055993e-01;2.0250000e+02;2.5448775e-01;2.0250000e+02;2.3112550e-01;2.0250000e+02;1.8893842e-01;2.0250000e+02;1.3631141e-01;2.0250000e+02;8.4995225e-02;2.0250000e+02;3.8670346e-02;2.0250000e+02;-2.6501287e-03;2.0250000e+02;8.5161692e-03;2.0250000e+02;2.5408052e-02;2.0250000e+02;4.7235303e-02;2.0250000e+02;7.2601981e-02;2.0250000e+02;1.0163301e-01;2.0250000e+02;1.3321121e-01;2.0250000e+02;1.6726768e-01;2.0250000e+02;1.9303927e-01;2.0250000e+02;2.1328649e-01;2.0250000e+02;2.3352586e-01;2.0250000e+02;2.5055993e-01;2.0250000e+02;2.5448775e-01;2.0250000e+02;2.3112550e-01;2.0250000e+02;1.8893842e-01;2.0250000e+02;1.3631141e-01;2.0250000e+02;8.4995225e-02;2.0250000e+02;3.8670346e-02;2.0250000e+02;-2.6501287e-03;2.0250000e+02;8.5161692e-03;2.0250000e+02;2.5408052e-02;2.0250000e+02;4.7235303e-02;2.0250000e+02;7.2601981e-02;2.0250000e+02;1.0163301e-01;2.0250000e+02;1.3321121e-01;2.0250000e+02;1.6726768e-01;2.0250000e+02;1.9303927e-01;2.0250000e+02;2.1328649e-01;2.0250000e+02;2.3352586e-01;2.0250000e+02;2.5055993e-01;2.0250000e+02;2.5448775e-01;2.0250000e+02;2.3112550e-01;2.0250000e+02;1.8893842e-01;2.0250000e+02;1.3631141e-01;2.0250000e+02;8.4995225e-02;2.0250000e+02;3.8670346e-02;2.0250000e+02;-2.6501287e-03;2.0250000e+02;8.5161692e-03;2.0250000e+02;2.5408052e-02;2.0250000e+02;4.7235303e-02;2.0250000e+02;7.2601981e-02;2.0250000e+02;1.0163301e-01;2.0250000e+02;1.3321121e-01;2.0250000e+02;1.6726768e-01;2.0250000e+02;1.9303927e-01;2.0250000e+02;2.1328649e-01;2.0250000e+02;2.3352586e-01;2.0250000e+02;2.5055993e-01;2.0250000e+02;2.5448775e-01;2.0250000e+02;2.3112550e-01;2.0250000e+02;1.8893842e-01;2.0250000e+02;1.3631141e-01;2.0250000e+02;8.4995225e-02;2.0250000e+02;3.8670346e-02;2.0250000e+02;-2.6501287e-03;2.0250000e+02;8.5161692e-03;2.0250000e+02;2.5408052e-02;2.0250000e+02;4.7235303e-02;2.0250000e+02;7.2601981e-02;2.0250000e+02;1.0163301e-01;2.0250000e+02;1.3321121e-01;2.0250000e+02;1.6726768e-01;2.0250000e+02;1.9303927e-01;2.0250000e+02;2.1328649e-01;2.0250000e+02;2.3352586e-01;2.0250000e+02;2.5055993e-01;2.0250000e+02;2.5448775e-01;2.0250000e+02;2.3112550e-01;2.0250000e+02;1.8893842e-01;2.0250000e+02;1.3631141e-01;2.0250000e+02;8.4995225e-02;2.0250000e+02;3.8670346e-02;2.0250000e+02;-2.6501287e-03;2.0250000e+02;8.5161692e-03;2.0250000e+02;2.5408052e-02;2.0250000e+02;4.7235303e-02;2.0250000e+02;7.2601981e-02;2.0250000e+02;1.0163301e-01;2.0250000e+02;1.3321121e-01;2.0250000e+02;1.6726768e-01;2.0250000e+02;1.9303927e-01;2.0250000e+02;2.1328649e-01;2.0250000e+02;2.3352586e-01;2.0250000e+02;2.5055993e-01;2.0250000e+02;2.5448775e-01;2.0250000e+02;2.3112550e-01;2.0250000e+02;1.8893842e-01;2.0250000e+02;1.3631141e-01;2.0250000e+02;8.4995225e-02;2.0250000e+02;3.8670346e-02;2.0250000e+02;-2.6501287e-03;2.0250000e+02;8.5161692e-03;2.0250000e+02;2.5408052e-02;2.0250000e+02;4.7235303e-02;2.0250000e+02;7.2601981e-02;2.0250000e+02;1.0163301e-01;2.0250000e+02;1.3321121e-01;2.0250000e+02;1.6726768e-01;2.0250000e+02;1.9303927e-01;2.0250000e+02;2.1328649e-01;2.0250000e+02;2.3352586e-01;2.0250000e+02;2.5055993e-01;2.0250000e+02;2.5448775e-01;2.0250000e+02;2.3112550e-01;2.0250000e+02;1.8893842e-01;2.0250000e+02;1.3631141e-01;2.0250000e+02;8.4995225e-02;2.0250000e+02;3.8670346e-02;2.0250000e+02;-2.6501287e-03;2.0250000e+02;8.5161692e-03;2.0250000e+02;2.5408052e-02;2.0250000e+02;4.7235303e-02;2.0250000e+02;7.2601981e-02;2.0250000e+02;1.0163301e-01;2.0250000e+02;1.3321121e-01;2.0250000e+02;1.6726768e-01;2.0250000e+02;1.9303927e-01;2.0250000e+02;2.1328649e-01;2.0250000e+02;2.3352586e-01;2.0250000e+02;2.5055993e-01;2.0250000e+02;2.5448775e-01;2.0250000e+02;2.3112550e-01;2.0250000e+02;1.8893842e-01;2.0250000e+02;1.3631141e-01;2.0250000e+02;8.4995225e-02;2.0250000e+02;3.8670346e-02;2.0250000e+02;-2.6501287e-03;2.0250000e+02;8.5161692e-03;2.0250000e+02;2.5408052e-02;2.0250000e+02;4.7235303e-02;2.0250000e+02;7.2601981e-02;2.0250000e+02;1.0163301e-01;2.0250000e+02;1.3321121e-01;2.0250000e+02;1.6726768e-01;2.0250000e+02;1.9303927e-01;2.0250000e+02;2.1328649e-01;2.0250000e+02;2.3352586e-01;2.0250000e+02;2.5055993e-01;2.0250000e+02;2.5448775e-01;2.0250000e+02;2.3112550e-01;2.0250000e+02;1.8893842e-01;2.0250000e+02;1.3631141e-01;2.0250000e+02;8.4995225e-02;2.0250000e+02;3.8670346e-02;2.0250000e+02;-2.6501287e-03;2.0250000e+02;8.5161692e-03;2.0250000e+02;2.5408052e-02;2.0250000e+02;4.7235303e-02;2.0250000e+02;7.2601981e-02;2.0250000e+02;1.0163301e-01;2.0250000e+02;1.3321121e-01;2.0250000e+02;1.6726768e-01;2.0250000e+02;1.9303927e-01;2.0250000e+02;2.1328649e-01;2.0250000e+02;2.3352586e-01;2.0250000e+02;2.5055993e-01;2.0250000e+02;2.5448775e-01;2.0250000e+02;2.3112550e-01;2.0250000e+02;1.8893842e-01;2.0250000e+02;1.3631141e-01;2.0250000e+02;8.4995225e-02;2.0250000e+02;3.8670346e-02;2.0250000e+02;-2.6501287e-03;2.0250000e+02;8.5161692e-03;2.0250000e+02;2.5408052e-02;2.0250000e+02;4.7235303e-02;2.0250000e+02;7.2601981e-02;2.0250000e+02;1.0163301e-01;2.0250000e+02;1.3321121e-01;2.0250000e+02;1.6726768e-01;2.0250000e+02;1.9303927e-01;2.0250000e+02;2.1328649e-01;2.0250000e+02;2.3352586e-01;2.0250000e+02;2.5055993e-01;2.0250000e+02;2.5448775e-01;2.0250000e+02;2.3112550e-01;2.0250000e+02;1.8893842e-01;2.0250000e+02;1.3631141e-01;2.0250000e+02;8.4995225e-02;2.0250000e+02;3.8670346e-02;2.0250000e+02;-2.6501287e-03;2.0250000e+02;8.5161692e-03;2.0250000e+02;2.5408052e-02;2.0250000e+02;4.7235303e-02;2.0250000e+02;7.2601981e-02;2.0250000e+02;1.0163301e-01;2.0250000e+02;1.3321121e-01;2.0250000e+02;1.6726768e-01;2.0250000e+02;1.9303927e-01;2.0250000e+02;2.1328649e-01;2.0250000e+02;2.3352586e-01;2.0250000e+02;2.5055993e-01;2.0250000e+02;2.5448775e-01;2.0250000e+02;2.3112550e-01;2.0250000e+02;1.8893842e-01;2.0250000e+02;1.3631141e-01;2.0250000e+02;8.4995225e-02;2.0250000e+02;3.8670346e-02;2.0250000e+02;-2.6501287e-03;2.0250000e+02;8.5161692e-03;2.0250000e+02;2.5408052e-02;2.0250000e+02;4.7235303e-02;2.0250000e+02;7.2601981e-02;2.0250000e+02;1.0163301e-01;2.0250000e+02;1.3321121e-01;2.0250000e+02;1.6726768e-01;2.0250000e+02;1.9303927e-01;2.0250000e+02;2.1328649e-01;2.0250000e+02;2.3352586e-01;2.0250000e+02;2.5055993e-01;2.0250000e+02;2.5448775e-01;2.0250000e+02;2.3112550e-01;2.0250000e+02;1.8893842e-01;2.0250000e+02;1.3631141e-01;2.0250000e+02;8.4995225e-02;2.0250000e+02;3.8670346e-02;2.0250000e+02;-2.6501287e-03;2.0250000e+02;8.5161692e-03;2.0250000e+02;2.5408052e-02;2.0250000e+02;4.7235303e-02;2.0250000e+02;7.2601981e-02;2.0250000e+02;1.0163301e-01;2.0250000e+02;1.3321121e-01;2.0250000e+02;1.6726768e-01;2.0250000e+02;1.9303927e-01;2.0250000e+02;2.1328649e-01;2.0250000e+02;2.3352586e-01;2.0250000e+02;2.5055993e-01;2.0250000e+02;2.5448775e-01;2.0250000e+02;2.3112550e-01;2.0250000e+02;1.8893842e-01;2.0250000e+02;1.3631141e-01;2.0250000e+02;8.4995225e-02;2.0250000e+02;3.8670346e-02;2.0250000e+02;-2.6501287e-03;2.0250000e+02;8.5161692e-03;2.0250000e+02;2.5408052e-02;2.0250000e+02;4.7235303e-02;2.0250000e+02;7.2601981e-02;2.0250000e+02;1.0163301e-01;2.0250000e+02;1.3321121e-01;2.0250000e+02;1.6726768e-01;2.0250000e+02;1.9303927e-01;2.0250000e+02;2.1328649e-01;2.0250000e+02;2.3352586e-01;2.0250000e+02;2.5055993e-01;2.0250000e+02;2.5448775e-01;2.0250000e+02;2.3112550e-01;2.0250000e+02;1.8893842e-01;2.0250000e+02;1.3631141e-01;2.0250000e+02;8.4995225e-02;2.0250000e+02;3.8670346e-02;2.0250000e+02;-2.6501287e-03;2.0250000e+02;8.5161692e-03;2.0250000e+02;2.5408052e-02;2.0250000e+02;4.7235303e-02;2.0250000e+02;7.2601981e-02;2.0250000e+02;1.0163301e-01;2.0250000e+02;1.3321121e-01;2.0250000e+02;1.6726768e-01;2.0250000e+02;1.9303927e-01;2.0250000e+02;2.1328649e-01;2.0250000e+02;2.3352586e-01;2.0250000e+02;2.5055993e-01;2.0250000e+02;2.5448775e-01;2.0250000e+02;2.3112550e-01;2.0250000e+02;1.8893842e-01;2.0250000e+02;1.3631141e-01;2.0250000e+02;8.4995225e-02;2.0250000e+02;3.8670346e-02;2.0250000e+02;-2.6501287e-03;2.0250000e+02;8.5161692e-03;2.0250000e+02;2.5408052e-02;2.0250000e+02;4.7235303e-02;2.0250000e+02;7.2601981e-02;2.0250000e+02;1.0163301e-01;2.0250000e+02;1.3321121e-01;2.0250000e+02;1.6726768e-01;2.0250000e+02;1.9303927e-01;2.0250000e+02;2.1328649e-01;2.0250000e+02;2.3352586e-01;2.0250000e+02;2.5055993e-01;2.0250000e+02;2.5448775e-01;2.0250000e+02;2.3112550e-01;2.0250000e+02;1.8893842e-01;2.0250000e+02;1.3631141e-01;2.0250000e+02;8.4995225e-02;2.0250000e+02;3.8670346e-02;2.0250000e+02;-2.6501287e-03;2.0250000e+02;8.5161692e-03;2.0250000e+02;2.5408052e-02;2.0250000e+02;4.7235303e-02;2.0250000e+02;7.2601981e-02;2.0250000e+02;1.0163301e-01;2.0250000e+02;1.3321121e-01;2.0250000e+02;1.6726768e-01;2.0250000e+02;1.9303927e-01;2.0250000e+02;2.1328649e-01;2.0250000e+02;2.3352586e-01;2.0250000e+02;2.5055993e-01;2.0250000e+02;2.5448775e-01;2.0250000e+02;2.3112550e-01;2.0250000e+02;1.8893842e-01;2.0250000e+02;1.3631141e-01;2.0250000e+02;8.4995225e-02;2.0250000e+02;3.8670346e-02;2.0250000e+02;-2.6501287e-03;2.0250000e+02;8.5161692e-03;2.0250000e+02;2.5408052e-02;2.0250000e+02;4.7235303e-02;2.0250000e+02;7.2601981e-02;2.0250000e+02;1.0163301e-01;2.0250000e+02;1.3321121e-01;2.0250000e+02;1.6726768e-01;2.0250000e+02;1.9303927e-01;2.0250000e+02;2.1328649e-01;2.0250000e+02;2.3352586e-01;2.0250000e+02;2.5055993e-01;2.0250000e+02;2.5448775e-01;2.0250000e+02;2.3112550e-01;2.0250000e+02;1.8893842e-01;2.0250000e+02;1.3631141e-01;2.0250000e+02;8.4995225e-02;2.0250000e+02;3.8670346e-02;2.0250000e+02;-2.6501287e-03;2.0250000e+02;8.5161692e-03;2.0250000e+02;2.5408052e-02;2.0250000e+02;4.7235303e-02;2.0250000e+02;7.2601981e-02;2.0250000e+02;1.0163301e-01;2.0250000e+02;1.3321121e-01;2.0250000e+02;1.6726768e-01;2.0250000e+02;1.9303927e-01;2.0250000e+02;2.1328649e-01;2.0250000e+02;2.3352586e-01;2.0250000e+02;2.5055993e-01;2.0250000e+02;2.5448775e-01;2.0250000e+02;2.3112550e-01;2.0250000e+02;1.8893842e-01;2.0250000e+02;1.3631141e-01;2.0250000e+02;8.4995225e-02;2.0250000e+02;3.8670346e-02;2.0250000e+02;-2.6501287e-03;2.0250000e+02;8.5161692e-03;2.0250000e+02;2.5408052e-02;2.0250000e+02;4.7235303e-02;2.0250000e+02;7.2601981e-02;2.0250000e+02;1.0163301e-01;2.0250000e+02;1.3321121e-01;2.0250000e+02;1.6726768e-01;2.0250000e+02;1.9303927e-01;2.0250000e+02;2.1328649e-01;2.0250000e+02;2.3352586e-01;2.0250000e+02;2.5055993e-01;2.0250000e+02;2.5448775e-01;2.0250000e+02;2.3112550e-01;2.0250000e+02;1.8893842e-01;2.0250000e+02;1.3631141e-01;2.0250000e+02;8.4995225e-02;2.0250000e+02;3.8670346e-02;2.0250000e+02;-2.6501287e-03;2.0250000e+02;8.5161692e-03;2.0250000e+02;2.5408052e-02;2.0250000e+02;4.7235303e-02;2.0250000e+02;7.2601981e-02;2.0250000e+02;1.0163301e-01;2.0250000e+02;1.3321121e-01;2.0250000e+02;1.6726768e-01;2.0250000e+02;1.9303927e-01;2.0250000e+02;2.1328649e-01;2.0250000e+02;2.3352586e-01;2.0250000e+02;2.5055993e-01;2.0250000e+02;2.5448775e-01;2.0250000e+02;2.3112550e-01;2.0250000e+02;1.8893842e-01;2.0250000e+02;1.3631141e-01;2.0250000e+02;8.4995225e-02;2.0250000e+02;3.8670346e-02;2.0250000e+02;-2.6501287e-03;2.0250000e+02;8.5161692e-03;2.0250000e+02;2.5408052e-02;2.0250000e+02;4.7235303e-02;2.0250000e+02;7.2601981e-02;2.0250000e+02;1.0163301e-01;2.0250000e+02;1.3321121e-01;2.0250000e+02;1.6726768e-01;2.0250000e+02;1.9303927e-01;2.0250000e+02;2.1328649e-01;2.0250000e+02;2.3352586e-01;2.0250000e+02;2.5055993e-01;2.0250000e+02;2.5448775e-01;2.0250000e+02;2.3112550e-01;2.0250000e+02;1.8893842e-01;2.0250000e+02;1.3631141e-01;2.0250000e+02;8.4995225e-02;2.0250000e+02;3.8670346e-02;2.0250000e+02;-2.6501287e-03;2.0250000e+02;8.5161692e-03;2.0250000e+02;2.5408052e-02;2.0250000e+02;4.7235303e-02;2.0250000e+02;7.2601981e-02;2.0250000e+02;1.0163301e-01;2.0250000e+02;1.3321121e-01;2.0250000e+02;1.6726768e-01;2.0250000e+02;1.9303927e-01;2.0250000e+02;2.1328649e-01;2.0250000e+02;2.3352586e-01;2.0250000e+02;2.5055993e-01;2.0250000e+02;2.5448775e-01;2.0250000e+02;2.3112550e-01;2.0250000e+02;1.8893842e-01;2.0250000e+02;1.3631141e-01;2.0250000e+02;8.4995225e-02;2.0250000e+02;3.8670346e-02;2.0250000e+02;-2.6501287e-03;2.0250000e+02;8.5161692e-03;2.0250000e+02;2.5408052e-02;2.0250000e+02;4.7235303e-02;2.0250000e+02;7.2601981e-02;2.0250000e+02;1.0163301e-01;2.0250000e+02;1.3321121e-01;2.0250000e+02;1.6726768e-01;2.0250000e+02;1.9303927e-01;2.0250000e+02;2.1328649e-01;2.0250000e+02;2.3352586e-01;2.0250000e+02;2.5055993e-01;2.0250000e+02;2.5448775e-01;2.0250000e+02;2.3112550e-01;2.0250000e+02;1.8893842e-01;2.0250000e+02;1.3631141e-01;2.0250000e+02;8.4995225e-02;2.0250000e+02;3.8670346e-02;2.0250000e+02;-2.6501287e-03;2.0250000e+02;8.5161692e-03;2.0250000e+02;2.5408052e-02;2.0250000e+02;4.7235303e-02;2.0250000e+02;7.2601981e-02;2.0250000e+02;1.0163301e-01;2.0250000e+02;1.3321121e-01;2.0250000e+02;1.6726768e-01;2.0250000e+02;1.9303927e-01;2.0250000e+02;2.1328649e-01;2.0250000e+02;2.3352586e-01;2.0250000e+02;2.5055993e-01;2.0250000e+02;2.5448775e-01;2.0250000e+02;2.3112550e-01;2.0250000e+02;1.8893842e-01;2.0250000e+02;1.3631141e-01;2.0250000e+02;8.4995225e-02;2.0250000e+02;3.8670346e-02;2.0250000e+02;-2.6501287e-03;2.0250000e+02;8.5161692e-03;2.0250000e+02;2.5408052e-02;2.0250000e+02;4.7235303e-02;2.0250000e+02;7.2601981e-02;2.0250000e+02;1.0163301e-01;2.0250000e+02;1.3321121e-01;2.0250000e+02;1.6726768e-01;2.0250000e+02;1.9303927e-01;2.0250000e+02;2.1328649e-01;2.0250000e+02;2.3352586e-01;2.0250000e+02;2.5055993e-01;2.0250000e+02;2.5448775e-01;2.0250000e+02;2.3112550e-01;2.0250000e+02;1.8893842e-01;2.0250000e+02;1.3631141e-01;2.0250000e+02;8.4995225e-02;2.0250000e+02;3.8670346e-02;2.0250000e+02;-2.6501287e-03;2.0250000e+02;8.5161692e-03;2.0250000e+02;2.5408052e-02;2.0250000e+02;4.7235303e-02;2.0250000e+02;7.2601981e-02;2.0250000e+02;1.0163301e-01;2.0250000e+02;1.3321121e-01;2.0250000e+02;1.6726768e-01;2.0250000e+02;1.9303927e-01;2.0250000e+02;2.1328649e-01;2.0250000e+02;2.3352586e-01;2.0250000e+02;2.5055993e-01;2.0250000e+02;2.5448775e-01;2.0250000e+02;2.3112550e-01;2.0250000e+02;1.8893842e-01;2.0250000e+02;1.3631141e-01;2.0250000e+02;8.4995225e-02;2.0250000e+02;3.8670346e-02;2.0250000e+02;-2.6501287e-03;2.0250000e+02;8.5161692e-03;2.0250000e+02;2.5408052e-02;2.0250000e+02;4.7235303e-02;2.0250000e+02;7.2601981e-02;2.0250000e+02;1.0163301e-01;2.0250000e+02;1.3321121e-01;2.0250000e+02;1.6726768e-01;2.0250000e+02;1.9303927e-01;2.0250000e+02;2.1328649e-01;2.0250000e+02;2.3352586e-01;2.0250000e+02;2.5055993e-01;2.0250000e+02;2.5448775e-01;2.0250000e+02;2.3112550e-01;2.0250000e+02;1.8893842e-01;2.0250000e+02;1.3631141e-01;2.0250000e+02;8.4995225e-02;2.0250000e+02;3.8670346e-02;2.0250000e+02;-2.6501287e-03;2.0250000e+02;8.5161692e-03;2.0250000e+02;2.5408052e-02;2.0250000e+02;4.7235303e-02;2.0250000e+02;7.2601981e-02;2.0250000e+02;1.0163301e-01;2.0250000e+02;1.3321121e-01;2.0250000e+02;1.6726768e-01;2.0250000e+02;1.9303927e-01;2.0250000e+02;2.1328649e-01;2.0250000e+02;2.3352586e-01;2.0250000e+02;2.5055993e-01;2.0250000e+02;2.5448775e-01;2.0250000e+02;2.3112550e-01;2.0250000e+02;1.8893842e-01;2.0250000e+02;1.3631141e-01;2.0250000e+02;8.4995225e-02;2.0250000e+02;3.8670346e-02;2.0250000e+02;-2.6501287e-03;2.0250000e+02;8.5161692e-03;2.0250000e+02;2.5408052e-02;2.0250000e+02;4.7235303e-02;2.0250000e+02;7.2601981e-02;2.0250000e+02;1.0163301e-01;2.0250000e+02;1.3321121e-01;2.0250000e+02;1.6726768e-01;2.0250000e+02;1.9303927e-01;2.0250000e+02;2.1328649e-01;2.0250000e+02;2.3352586e-01;2.0250000e+02;2.5055993e-01;2.0250000e+02;2.5448775e-01;2.0250000e+02;2.3112550e-01;2.0250000e+02;1.8893842e-01;2.0250000e+02;1.3631141e-01;2.0250000e+02;8.4995225e-02;2.0250000e+02;3.8670346e-02;2.0250000e+02;-2.6501287e-03;2.0250000e+02;8.5161692e-03;2.0250000e+02;2.5408052e-02;2.0250000e+02;4.7235303e-02;2.0250000e+02;7.2601981e-02;2.0250000e+02;1.0163301e-01;2.0250000e+02;1.3321121e-01;2.0250000e+02;1.6726768e-01;2.0250000e+02;1.9303927e-01;2.0250000e+02;2.1328649e-01;2.0250000e+02;2.3352586e-01;2.0250000e+02;2.5055993e-01;2.0250000e+02;2.5448775e-01;2.0250000e+02;2.3112550e-01;2.0250000e+02;1.8893842e-01;2.0250000e+02;1.3631141e-01;2.0250000e+02;8.4995225e-02;2.0250000e+02;3.8670346e-02;2.0250000e+02;-2.6501287e-03;2.0250000e+02;8.5161692e-03;2.0250000e+02;2.5408052e-02;2.0250000e+02;4.7235303e-02;2.0250000e+02;7.2601981e-02;2.0250000e+02;1.0163301e-01;2.0250000e+02;1.3321121e-01;2.0250000e+02;1.6726768e-01;2.0250000e+02;1.9303927e-01;2.0250000e+02;2.1328649e-01;2.0250000e+02;2.3352586e-01;2.0250000e+02;2.5055993e-01;2.0250000e+02;2.5448775e-01;2.0250000e+02;2.3112550e-01;2.0250000e+02;1.8893842e-01;2.0250000e+02;1.3631141e-01;2.0250000e+02;8.4995225e-02;2.0250000e+02;3.8670346e-02;2.0250000e+02;-2.6501287e-03;2.0250000e+02;8.5161692e-03;2.0250000e+02;2.5408052e-02;2.0250000e+02;4.7235303e-02;2.0250000e+02;7.2601981e-02;2.0250000e+02;1.0163301e-01;2.0250000e+02;1.3321121e-01;2.0250000e+02;1.6726768e-01;2.0250000e+02;1.9303927e-01;2.0250000e+02;2.1328649e-01;2.0250000e+02;2.3352586e-01;2.0250000e+02;2.5055993e-01;2.0250000e+02;2.5448775e-01;2.0250000e+02;2.3112550e-01;2.0250000e+02;1.8893842e-01;2.0250000e+02;1.3631141e-01;2.0250000e+02;8.4995225e-02;2.0250000e+02;3.8670346e-02;2.0250000e+02;-2.6501287e-03;2.0250000e+02;8.5161692e-03;2.0250000e+02;2.5408052e-02;2.0250000e+02;4.7235303e-02;2.0250000e+02;7.2601981e-02;2.0250000e+02;1.0163301e-01;2.0250000e+02;1.3321121e-01;2.0250000e+02;1.6726768e-01;2.0250000e+02;1.9303927e-01;2.0250000e+02;2.1328649e-01;2.0250000e+02;2.3352586e-01;2.0250000e+02;2.5055993e-01;2.0250000e+02;2.5448775e-01;2.0250000e+02;2.3112550e-01;2.0250000e+02;1.8893842e-01;2.0250000e+02;1.3631141e-01;2.0250000e+02;8.4995225e-02;2.0250000e+02;3.8670346e-02;2.0250000e+02;-2.6501287e-03;2.0250000e+02;8.5161692e-03;2.0250000e+02;2.5408052e-02;2.0250000e+02;4.7235303e-02;2.0250000e+02;7.2601981e-02;2.0250000e+02;1.0163301e-01;2.0250000e+02;1.3321121e-01;2.0250000e+02;1.6726768e-01;2.0250000e+02;1.9303927e-01;2.0250000e+02;2.1328649e-01;2.0250000e+02;2.3352586e-01;2.0250000e+02;2.5055993e-01;2.0250000e+02;2.5448775e-01;2.0250000e+02;2.3112550e-01;2.0250000e+02;1.8893842e-01;2.0250000e+02;1.3631141e-01;2.0250000e+02;8.4995225e-02;2.0250000e+02;3.8670346e-02;2.0250000e+02;-2.6501287e-03;2.0250000e+02;8.5161692e-03;2.0250000e+02;2.5408052e-02;2.0250000e+02;4.7235303e-02;2.0250000e+02;7.2601981e-02;2.0250000e+02;1.0163301e-01;2.0250000e+02;1.3321121e-01;2.0250000e+02;1.6726768e-01;2.0250000e+02;1.9303927e-01;2.0250000e+02;2.1328649e-01;2.0250000e+02;2.3352586e-01;2.0250000e+02;2.5055993e-01;2.0250000e+02;2.5448775e-01;2.0250000e+02;2.3112550e-01;2.0250000e+02;1.8893842e-01;2.0250000e+02;1.3631141e-01;2.0250000e+02;8.4995225e-02;2.0250000e+02;3.8670346e-02;2.0250000e+02;-2.6501287e-03;2.0250000e+02;8.5161692e-03;2.0250000e+02;2.5408052e-02;2.0250000e+02;4.7235303e-02;2.0250000e+02;7.2601981e-02;2.0250000e+02;1.0163301e-01;2.0250000e+02;1.3321121e-01;2.0250000e+02;1.6726768e-01;2.0250000e+02;1.9303927e-01;2.0250000e+02;2.1328649e-01;2.0250000e+02;2.3352586e-01;2.0250000e+02;2.5055993e-01;2.0250000e+02;2.5448775e-01;2.0250000e+02;2.3112550e-01;2.0250000e+02;1.8893842e-01;2.0250000e+02;1.3631141e-01;2.0250000e+02;8.4995225e-02;2.0250000e+02;3.8670346e-02;2.0250000e+02;-2.6501287e-03;2.0250000e+02;8.5161692e-03;2.0250000e+02;2.5408052e-02;2.0250000e+02;4.7235303e-02;2.0250000e+02;7.2601981e-02;2.0250000e+02;1.0163301e-01;2.0250000e+02;1.3321121e-01;2.0250000e+02;1.6726768e-01;2.0250000e+02;1.9303927e-01;2.0250000e+02;2.1328649e-01;2.0250000e+02;2.3352586e-01;2.0250000e+02;2.5055993e-01;2.0250000e+02;2.5448775e-01;2.0250000e+02;2.3112550e-01;2.0250000e+02;1.8893842e-01;2.0250000e+02;1.3631141e-01;2.0250000e+02;8.4995225e-02;2.0250000e+02;3.8670346e-02;2.0250000e+02;-2.6501287e-03;2.0250000e+02;8.5161692e-03;2.0250000e+02;2.5408052e-02;2.0250000e+02;4.7235303e-02;2.0250000e+02;7.2601981e-02;2.0250000e+02;1.0163301e-01;2.0250000e+02;1.3321121e-01;2.0250000e+02;1.6726768e-01;2.0250000e+02;1.9303927e-01;2.0250000e+02;2.1328649e-01;2.0250000e+02;2.3352586e-01;2.0250000e+02;2.5055993e-01;2.0250000e+02;2.5448775e-01;2.0250000e+02;2.3112550e-01;2.0250000e+02;1.8893842e-01;2.0250000e+02;1.3631141e-01;2.0250000e+02;8.4995225e-02;2.0250000e+02;3.8670346e-02;2.0250000e+02;-2.6501287e-03;2.0250000e+02;8.5161692e-03;2.0250000e+02;2.5408052e-02;2.0250000e+02;4.7235303e-02;2.0250000e+02;7.2601981e-02;2.0250000e+02;1.0163301e-01;2.0250000e+02;1.3321121e-01;2.0250000e+02;1.6726768e-01;2.0250000e+02;1.9303927e-01;2.0250000e+02;2.1328649e-01;2.0250000e+02;2.3352586e-01;2.0250000e+02;2.5055993e-01;2.0250000e+02;2.5448775e-01;2.0250000e+02;2.3112550e-01;2.0250000e+02;1.8893842e-01;2.0250000e+02;1.3631141e-01;2.0250000e+02;8.4995225e-02;2.0250000e+02;3.8670346e-02;2.0250000e+02;-2.6501287e-03;2.0250000e+02;8.5161692e-03;2.0250000e+02;2.5408052e-02;2.0250000e+02;4.7235303e-02;2.0250000e+02;7.2601981e-02;2.0250000e+02;1.0163301e-01;2.0250000e+02;1.3321121e-01;2.0250000e+02;1.6726768e-01;2.0250000e+02;1.9303927e-01;2.0250000e+02;2.1328649e-01;2.0250000e+02;2.3352586e-01;2.0250000e+02;2.5055993e-01;2.0250000e+02;2.5448775e-01;2.0250000e+02;2.3112550e-01;2.0250000e+02;1.8893842e-01;2.0250000e+02;1.3631141e-01;2.0250000e+02;8.4995225e-02;2.0250000e+02;3.8670346e-02;2.0250000e+02;-2.6501287e-03;2.0250000e+02;8.5161692e-03;2.0250000e+02;2.5408052e-02;2.0250000e+02;4.7235303e-02;2.0250000e+02;7.2601981e-02;2.0250000e+02;1.0163301e-01;2.0250000e+02;1.3321121e-01;2.0250000e+02;1.6726768e-01;2.0250000e+02;1.9303927e-01;2.0250000e+02;2.1328649e-01;2.0250000e+02;2.3352586e-01;2.0250000e+02;2.5055993e-01;2.0250000e+02;2.5448775e-01;2.0250000e+02;2.3112550e-01;2.0250000e+02;1.8893842e-01;2.0250000e+02;1.3631141e-01;2.0250000e+02;8.4995225e-02;2.0250000e+02;3.8670346e-02;2.0250000e+02;-2.6501287e-03;2.0250000e+02;8.5161692e-03;2.0250000e+02;2.5408052e-02;2.0250000e+02;4.7235303e-02;2.0250000e+02;7.2601981e-02;2.0250000e+02;1.0163301e-01;2.0250000e+02;1.3321121e-01;2.0250000e+02;1.6726768e-01;2.0250000e+02;1.9303927e-01;2.0250000e+02;2.1328649e-01;2.0250000e+02;2.3352586e-01;2.0250000e+02;2.5055993e-01;2.0250000e+02;2.5448775e-01;2.0250000e+02;2.3112550e-01;2.0250000e+02;1.8893842e-01;2.0250000e+02;1.3631141e-01;2.0250000e+02;8.4995225e-02;2.0250000e+02;3.8670346e-02;2.0250000e+02;-2.6501287e-03;2.0250000e+02;8.5161692e-03;2.0250000e+02;2.5408052e-02;2.0250000e+02;4.7235303e-02;2.0250000e+02;7.2601981e-02;2.0250000e+02;1.0163301e-01;2.0250000e+02;1.3321121e-01;2.0250000e+02;1.6726768e-01;2.0250000e+02;1.9303927e-01;2.0250000e+02;2.1328649e-01;2.0250000e+02;2.3352586e-01;2.0250000e+02;2.5055993e-01;2.0250000e+02;2.5448775e-01;2.0250000e+02;2.3112550e-01;2.0250000e+02;1.8893842e-01;2.0250000e+02;1.3631141e-01;2.0250000e+02;8.4995225e-02;2.0250000e+02;3.8670346e-02;2.0250000e+02;-2.6501287e-03;2.0250000e+02;8.5161692e-03;2.0250000e+02;2.5408052e-02;2.0250000e+02;4.7235303e-02;2.0250000e+02;7.2601981e-02;2.0250000e+02;1.0163301e-01;2.0250000e+02;1.3321121e-01;2.0250000e+02;1.6726768e-01;2.0250000e+02;1.9303927e-01;2.0250000e+02;2.1328649e-01;2.0250000e+02;2.3352586e-01;2.0250000e+02;2.5055993e-01;2.0250000e+02;2.5448775e-01;2.0250000e+02;2.3112550e-01;2.0250000e+02;1.8893842e-01;2.0250000e+02;1.3631141e-01;2.0250000e+02;8.4995225e-02;2.0250000e+02;3.8670346e-02;2.0250000e+02;-2.6501287e-03;2.0250000e+02;8.5161692e-03;2.0250000e+02;2.5408052e-02;2.0250000e+02;4.7235303e-02;2.0250000e+02;7.2601981e-02;2.0250000e+02;1.0163301e-01;2.0250000e+02;1.3321121e-01;2.0250000e+02;1.6726768e-01;2.0250000e+02;1.9303927e-01;2.0250000e+02;2.1328649e-01;2.0250000e+02;2.3352586e-01;2.0250000e+02;2.5055993e-01;2.0250000e+02;2.5448775e-01;2.0250000e+02;2.3112550e-01;2.0250000e+02;1.8893842e-01;2.0250000e+02;1.3631141e-01;2.0250000e+02;8.4995225e-02;2.0250000e+02;3.8670346e-02;2.0250000e+02;-2.6501287e-03;2.0250000e+02;8.5161692e-03;2.0250000e+02;2.5408052e-02;2.0250000e+02;4.7235303e-02;2.0250000e+02;7.2601981e-02;2.0250000e+02;1.0163301e-01;2.0250000e+02;1.3321121e-01;2.0250000e+02;1.6726768e-01;2.0250000e+02;1.9303927e-01;2.0250000e+02;2.1328649e-01;2.0250000e+02;2.3352586e-01;2.0250000e+02;2.5055993e-01;2.0250000e+02;2.5448775e-01;2.0250000e+02;2.3112550e-01;2.0250000e+02;1.8893842e-01;2.0250000e+02;1.3631141e-01;2.0250000e+02;8.4995225e-02;2.0250000e+02;3.8670346e-02;2.0250000e+02;-2.6501287e-03;2.0250000e+02;8.5161692e-03;2.0250000e+02;2.5408052e-02;2.0250000e+02;4.7235303e-02;2.0250000e+02;7.2601981e-02;2.0250000e+02;1.0163301e-01;2.0250000e+02;1.3321121e-01;2.0250000e+02;1.6726768e-01;2.0250000e+02;1.9303927e-01;2.0250000e+02;2.1328649e-01;2.0250000e+02;2.3352586e-01;2.0250000e+02;2.5055993e-01;2.0250000e+02;2.5448775e-01;2.0250000e+02;2.3112550e-01;2.0250000e+02;1.8893842e-01;2.0250000e+02;1.3631141e-01;2.0250000e+02;8.4995225e-02;2.0250000e+02;3.8670346e-02;2.0250000e+02;-2.6501287e-03;2.0250000e+02;8.5161692e-03;2.0250000e+02;2.5408052e-02;2.0250000e+02;4.7235303e-02;2.0250000e+02;7.2601981e-02;2.0250000e+02;1.0163301e-01;2.0250000e+02;1.3321121e-01;2.0250000e+02;1.6726768e-01;2.0250000e+02;1.9303927e-01;2.0250000e+02;2.1328649e-01;2.0250000e+02;2.3352586e-01;2.0250000e+02;2.5055993e-01;2.0250000e+02;2.5448775e-01;2.0250000e+02;2.3112550e-01;2.0250000e+02;1.8893842e-01;2.0250000e+02;1.3631141e-01;2.0250000e+02;8.4995225e-02;2.0250000e+02;3.8670346e-02;2.0250000e+02;-2.6501287e-03;2.0250000e+02;8.5161692e-03;2.0250000e+02;2.5408052e-02;2.0250000e+02;4.7235303e-02;2.0250000e+02;7.2601981e-02;2.0250000e+02;1.0163301e-01;2.0250000e+02;1.3321121e-01;2.0250000e+02;1.6726768e-01;2.0250000e+02;1.9303927e-01;2.0250000e+02;2.1328649e-01;2.0250000e+02;2.3352586e-01;2.0250000e+02;2.5055993e-01;2.0250000e+02;2.5448775e-01;2.0250000e+02;2.3112550e-01;2.0250000e+02;1.8893842e-01;2.0250000e+02;1.3631141e-01;2.0250000e+02;8.4995225e-02;2.0250000e+02;3.8670346e-02;2.0250000e+02;-2.6501287e-03;2.0250000e+02;8.5161692e-03;2.0250000e+02;2.5408052e-02;2.0250000e+02;4.7235303e-02;2.0250000e+02;7.2601981e-02;2.0250000e+02;1.0163301e-01;2.0250000e+02;1.3321121e-01;2.0250000e+02;1.6726768e-01;2.0250000e+02;1.9303927e-01;2.0250000e+02;2.1328649e-01;2.0250000e+02;2.3352586e-01;2.0250000e+02;2.5055993e-01;2.0250000e+02;2.5448775e-01;2.0250000e+02;2.3112550e-01;2.0250000e+02;1.8893842e-01;2.0250000e+02;1.3631141e-01;2.0250000e+02;8.4995225e-02;2.0250000e+02;3.8670346e-02;2.0250000e+02;-2.6501287e-03;2.0250000e+02;8.5161692e-03;2.0250000e+02;2.5408052e-02;2.0250000e+02;4.7235303e-02;2.0250000e+02;7.2601981e-02;2.0250000e+02;1.0163301e-01;2.0250000e+02;1.3321121e-01;2.0250000e+02;1.6726768e-01;2.0250000e+02;1.9303927e-01;2.0250000e+02;2.1328649e-01;2.0250000e+02;2.3352586e-01;2.0250000e+02;2.5055993e-01;2.0250000e+02;2.5448775e-01;2.0250000e+02;2.3112550e-01;2.0250000e+02;1.8893842e-01;2.0250000e+02;1.3631141e-01;2.0250000e+02;8.4995225e-02;2.0250000e+02;3.8670346e-02;2.0250000e+02;-2.6501287e-03;2.0250000e+02;8.5161692e-03;2.0250000e+02;2.5408052e-02;2.0250000e+02;4.7235303e-02;2.0250000e+02;7.2601981e-02;2.0250000e+02;1.0163301e-01;2.0250000e+02;1.3321121e-01;2.0250000e+02;1.6726768e-01;2.0250000e+02;1.9303927e-01;2.0250000e+02;2.1328649e-01;2.0250000e+02;2.3352586e-01;2.0250000e+02;2.5055993e-01;2.0250000e+02;2.5448775e-01;2.0250000e+02;2.3112550e-01;2.0250000e+02;1.8893842e-01;2.0250000e+02;1.3631141e-01;2.0250000e+02;8.4995225e-02;2.0250000e+02;3.8670346e-02;2.0250000e+02;-2.6501287e-03;2.0250000e+02;8.5161692e-03;2.0250000e+02;2.5408052e-02;2.0250000e+02;4.7235303e-02;2.0250000e+02;7.2601981e-02;2.0250000e+02;1.0163301e-01;2.0250000e+02;1.3321121e-01;2.0250000e+02;1.6726768e-01;2.0250000e+02;1.9303927e-01;2.0250000e+02;2.1328649e-01;2.0250000e+02;2.3352586e-01;2.0250000e+02;2.5055993e-01;2.0250000e+02;2.5448775e-01;2.0250000e+02;2.3112550e-01;2.0250000e+02;1.8893842e-01;2.0250000e+02;1.3631141e-01;2.0250000e+02;8.4995225e-02;2.0250000e+02;3.8670346e-02;2.0250000e+02;-2.6501287e-03;2.0250000e+02;8.5161692e-03;2.0250000e+02;2.5408052e-02;2.0250000e+02;4.7235303e-02;2.0250000e+02;7.2601981e-02;2.0250000e+02;1.0163301e-01;2.0250000e+02;1.3321121e-01;2.0250000e+02;1.6726768e-01;2.0250000e+02;1.9303927e-01;2.0250000e+02;2.1328649e-01;2.0250000e+02;2.3352586e-01;2.0250000e+02;2.5055993e-01;2.0250000e+02;2.5448775e-01;2.0250000e+02;2.3112550e-01;2.0250000e+02;1.8893842e-01;2.0250000e+02;1.3631141e-01;2.0250000e+02;8.4995225e-02;2.0250000e+02;3.8670346e-02;2.0250000e+02;-2.6501287e-03;2.0250000e+02;8.5161692e-03;2.0250000e+02;2.5408052e-02;2.0250000e+02;4.7235303e-02;2.0250000e+02;7.2601981e-02;2.0250000e+02;1.0163301e-01;2.0250000e+02;1.3321121e-01;2.0250000e+02;1.6726768e-01;2.0250000e+02;1.9303927e-01;2.0250000e+02;2.1328649e-01;2.0250000e+02;2.3352586e-01;2.0250000e+02;2.5055993e-01;2.0250000e+02;2.5448775e-01;2.0250000e+02;2.3112550e-01;2.0250000e+02;1.8893842e-01;2.0250000e+02;1.3631141e-01;2.0250000e+02;8.4995225e-02;2.0250000e+02;3.8670346e-02;2.0250000e+02;-2.6501287e-03;2.0250000e+02;8.5161692e-03;2.0250000e+02;2.5408052e-02;2.0250000e+02;4.7235303e-02;2.0250000e+02;7.2601981e-02;2.0250000e+02;1.0163301e-01;2.0250000e+02;1.3321121e-01;2.0250000e+02;1.6726768e-01;2.0250000e+02;1.9303927e-01;2.0250000e+02;2.1328649e-01;2.0250000e+02;2.3352586e-01;2.0250000e+02;2.5055993e-01;2.0250000e+02;2.5448775e-01;2.0250000e+02;2.3112550e-01;2.0250000e+02;1.8893842e-01;2.0250000e+02;1.3631141e-01;2.0250000e+02;8.4995225e-02;2.0250000e+02;3.8670346e-02;2.0250000e+02;-2.6501287e-03;2.0250000e+02;8.5161692e-03;2.0250000e+02;2.5408052e-02;2.0250000e+02;4.7235303e-02;2.0250000e+02;7.2601981e-02;2.0250000e+02;1.0163301e-01;2.0250000e+02;1.3321121e-01;2.0250000e+02;1.6726768e-01;2.0250000e+02;1.9303927e-01;2.0250000e+02;2.1328649e-01;2.0250000e+02;2.3352586e-01;2.0250000e+02;2.5055993e-01;2.0250000e+02;2.5448775e-01;2.0250000e+02;2.3112550e-01;2.0250000e+02;1.8893842e-01;2.0250000e+02;1.3631141e-01;2.0250000e+02;8.4995225e-02;2.0250000e+02;3.8670346e-02;2.0250000e+02;-2.6501287e-03;2.0250000e+02;8.5161692e-03;2.0250000e+02;2.5408052e-02;2.0250000e+02;4.7235303e-02;2.0250000e+02;7.2601981e-02;2.0250000e+02;1.0163301e-01;2.0250000e+02;1.3321121e-01;2.0250000e+02;1.6726768e-01;2.0250000e+02;1.9303927e-01;2.0250000e+02;2.1328649e-01;2.0250000e+02;2.3352586e-01;2.0250000e+02;2.5055993e-01;2.0250000e+02;2.5448775e-01;2.0250000e+02;2.3112550e-01;2.0250000e+02;1.8893842e-01;2.0250000e+02;1.3631141e-01;2.0250000e+02;8.4995225e-02;2.0250000e+02;3.8670346e-02;2.0250000e+02;-2.6501287e-03;2.0250000e+02;8.5161692e-03;2.0250000e+02;2.5408052e-02;2.0250000e+02;4.7235303e-02;2.0250000e+02;7.2601981e-02;2.0250000e+02;1.0163301e-01;2.0250000e+02;1.3321121e-01;2.0250000e+02;1.6726768e-01;2.0250000e+02;1.9303927e-01;2.0250000e+02;2.1328649e-01;2.0250000e+02;2.3352586e-01;2.0250000e+02;2.5055993e-01;2.0250000e+02;2.5448775e-01;2.0250000e+02;2.3112550e-01;2.0250000e+02;1.8893842e-01;2.0250000e+02;1.3631141e-01;2.0250000e+02;8.4995225e-02;2.0250000e+02;3.8670346e-02;2.0250000e+02;-2.6501287e-03;2.0250000e+02;8.5161692e-03;2.0250000e+02;2.5408052e-02;2.0250000e+02;4.7235303e-02;2.0250000e+02;7.2601981e-02;2.0250000e+02;1.0163301e-01;2.0250000e+02;1.3321121e-01;2.0250000e+02;1.6726768e-01;2.0250000e+02;1.9303927e-01;2.0250000e+02;2.1328649e-01;2.0250000e+02;2.3352586e-01;2.0250000e+02;2.5055993e-01;2.0250000e+02;2.5448775e-01;2.0250000e+02;2.3112550e-01;2.0250000e+02;1.8893842e-01;2.0250000e+02;1.3631141e-01;2.0250000e+02;8.4995225e-02;2.0250000e+02;3.8670346e-02;2.0250000e+02;-2.6501287e-03;2.0250000e+02;8.5161692e-03;2.0250000e+02;2.5408052e-02;2.0250000e+02;4.7235303e-02;2.0250000e+02;7.2601981e-02;2.0250000e+02;1.0163301e-01;2.0250000e+02;1.3321121e-01;2.0250000e+02;1.6726768e-01;2.0250000e+02;1.9303927e-01;2.0250000e+02;2.1328649e-01;2.0250000e+02;2.3352586e-01;2.0250000e+02;2.5055993e-01;2.0250000e+02;2.5448775e-01;2.0250000e+02;2.3112550e-01;2.0250000e+02;1.8893842e-01;2.0250000e+02;1.3631141e-01;2.0250000e+02;8.4995225e-02;2.0250000e+02;3.8670346e-02;2.0250000e+02;-2.6501287e-03;2.0250000e+02;8.5161692e-03;2.0250000e+02;2.5408052e-02;2.0250000e+02;4.7235303e-02;2.0250000e+02;7.2601981e-02;2.0250000e+02;1.0163301e-01;2.0250000e+02;1.3321121e-01;2.0250000e+02;1.6726768e-01;2.0250000e+02;1.9303927e-01;2.0250000e+02;2.1328649e-01;2.0250000e+02;2.3352586e-01;2.0250000e+02;2.5055993e-01;2.0250000e+02;2.5448775e-01;2.0250000e+02;2.3112550e-01;2.0250000e+02;1.8893842e-01;2.0250000e+02;1.3631141e-01;2.0250000e+02;8.4995225e-02;2.0250000e+02;3.8670346e-02;2.0250000e+02;-2.6501287e-03;2.0250000e+02;8.5161692e-03;2.0250000e+02;2.5408052e-02;2.0250000e+02;4.7235303e-02;2.0250000e+02;7.2601981e-02;2.0250000e+02;1.0163301e-01;2.0250000e+02;1.3321121e-01;2.0250000e+02;1.6726768e-01;2.0250000e+02;1.9303927e-01;2.0250000e+02;2.1328649e-01;2.0250000e+02;2.3352586e-01;2.0250000e+02;2.5055993e-01;2.0250000e+02;2.5448775e-01;2.0250000e+02;2.3112550e-01;2.0250000e+02;1.8893842e-01;2.0250000e+02;1.3631141e-01;2.0250000e+02;8.4995225e-02;2.0250000e+02;3.8670346e-02;2.0250000e+02;-2.6501287e-03;2.0250000e+02;8.5161692e-03;2.0250000e+02;2.5408052e-02;2.0250000e+02;4.7235303e-02;2.0250000e+02;7.2601981e-02;2.0250000e+02;1.0163301e-01;2.0250000e+02;1.3321121e-01;2.0250000e+02;1.6726768e-01;2.0250000e+02;1.9303927e-01;2.0250000e+02;2.1328649e-01;2.0250000e+02;2.3352586e-01;2.0250000e+02;2.5055993e-01;2.0250000e+02;2.5448775e-01;2.0250000e+02;2.3112550e-01;2.0250000e+02;1.8893842e-01;2.0250000e+02;1.3631141e-01;2.0250000e+02;8.4995225e-02;2.0250000e+02;3.8670346e-02;2.0250000e+02;-2.6501287e-03;2.0250000e+02;8.5161692e-03;2.0250000e+02;2.5408052e-02;2.0250000e+02;4.7235303e-02;2.0250000e+02;7.2601981e-02;2.0250000e+02;1.0163301e-01;2.0250000e+02;1.3321121e-01;2.0250000e+02;1.6726768e-01;2.0250000e+02;1.9303927e-01;2.0250000e+02;2.1328649e-01;2.0250000e+02;2.3352586e-01;2.0250000e+02;2.5055993e-01;2.0250000e+02;2.5448775e-01;2.0250000e+02;2.3112550e-01;2.0250000e+02;1.8893842e-01;2.0250000e+02;1.3631141e-01;2.0250000e+02;8.4995225e-02;2.0250000e+02;3.8670346e-02;2.0250000e+02;-2.6501287e-03;2.0250000e+02;8.5161692e-03;2.0250000e+02;2.5408052e-02;2.0250000e+02;4.7235303e-02;2.0250000e+02;7.2601981e-02;2.0250000e+02;1.0163301e-01;2.0250000e+02;1.3321121e-01;2.0250000e+02;1.6726768e-01;2.0250000e+02;1.9303927e-01;2.0250000e+02;2.1328649e-01;2.0250000e+02;2.3352586e-01;2.0250000e+02;2.5055993e-01;2.0250000e+02;2.5448775e-01;2.0250000e+02;2.3112550e-01;2.0250000e+02;1.8893842e-01;2.0250000e+02;1.3631141e-01;2.0250000e+02;8.4995225e-02;2.0250000e+02;3.8670346e-02;2.0250000e+02;-2.6501287e-03;2.0250000e+02;8.5161692e-03;2.0250000e+02;2.5408052e-02;2.0250000e+02;4.7235303e-02;2.0250000e+02;7.2601981e-02;2.0250000e+02;1.0163301e-01;2.0250000e+02;1.3321121e-01;2.0250000e+02;1.6726768e-01;2.0250000e+02;1.9303927e-01;2.0250000e+02;2.1328649e-01;2.0250000e+02;2.3352586e-01;2.0250000e+02;2.5055993e-01;2.0250000e+02;2.5448775e-01;2.0250000e+02;2.3112550e-01;2.0250000e+02;1.8893842e-01;2.0250000e+02;1.3631141e-01;2.0250000e+02;8.4995225e-02;2.0250000e+02;3.8670346e-02;2.0250000e+02;-2.6501287e-03;2.0250000e+02;8.5161692e-03;2.0250000e+02;2.5408052e-02;2.0250000e+02;4.7235303e-02;2.0250000e+02;7.2601981e-02;2.0250000e+02;1.0163301e-01;2.0250000e+02;1.3321121e-01;2.0250000e+02;1.6726768e-01;2.0250000e+02;1.9303927e-01;2.0250000e+02;2.1328649e-01;2.0250000e+02;2.3352586e-01;2.0250000e+02;2.5055993e-01;2.0250000e+02;2.5448775e-01;2.0250000e+02;2.3112550e-01;2.0250000e+02;1.8893842e-01;2.0250000e+02;1.3631141e-01;2.0250000e+02;8.4995225e-02;2.0250000e+02;3.8670346e-02;2.0250000e+02;-2.6501287e-03;2.0250000e+02;8.5161692e-03;2.0250000e+02;2.5408052e-02;2.0250000e+02;4.7235303e-02;2.0250000e+02;7.2601981e-02;2.0250000e+02;1.0163301e-01;2.0250000e+02;1.3321121e-01;2.0250000e+02;1.6726768e-01;2.0250000e+02;1.9303927e-01;2.0250000e+02;2.1328649e-01;2.0250000e+02;2.3352586e-01;2.0250000e+02;2.5055993e-01;2.0250000e+02;2.5448775e-01;2.0250000e+02;2.3112550e-01;2.0250000e+02;1.8893842e-01;2.0250000e+02;1.3631141e-01;2.0250000e+02;8.4995225e-02;2.0250000e+02;3.8670346e-02;2.0250000e+02;-2.6501287e-03;2.0250000e+02;8.5161692e-03;2.0250000e+02;2.5408052e-02;2.0250000e+02;4.7235303e-02;2.0250000e+02;7.2601981e-02;2.0250000e+02;1.0163301e-01;2.0250000e+02;1.3321121e-01;2.0250000e+02;1.6726768e-01;2.0250000e+02;1.9303927e-01;2.0250000e+02;2.1328649e-01;2.0250000e+02;2.3352586e-01;2.0250000e+02;2.5055993e-01;2.0250000e+02;2.5448775e-01;2.0250000e+02;2.3112550e-01;2.0250000e+02;1.8893842e-01;2.0250000e+02;1.3631141e-01;2.0250000e+02;8.4995225e-02;2.0250000e+02;3.8670346e-02;2.0250000e+02;-2.6501287e-03;2.0250000e+02;8.5161692e-03;2.0250000e+02;2.5408052e-02;2.0250000e+02;4.7235303e-02;2.0250000e+02;7.2601981e-02;2.0250000e+02;1.0163301e-01;2.0250000e+02;1.3321121e-01;2.0250000e+02;1.6726768e-01;2.0250000e+02;1.9303927e-01;2.0250000e+02;2.1328649e-01;2.0250000e+02;2.3352586e-01;2.0250000e+02;2.5055993e-01;2.0250000e+02;2.5448775e-01;2.0250000e+02;2.3112550e-01;2.0250000e+02;1.8893842e-01;2.0250000e+02;1.3631141e-01;2.0250000e+02;8.4995225e-02;2.0250000e+02;3.8670346e-02;2.0250000e+02;-2.6501287e-03;2.0250000e+02;8.5161692e-03;2.0250000e+02;2.5408052e-02;2.0250000e+02;4.7235303e-02;2.0250000e+02;7.2601981e-02;2.0250000e+02;1.0163301e-01;2.0250000e+02;1.3321121e-01;2.0250000e+02;1.6726768e-01;2.0250000e+02;1.9303927e-01;2.0250000e+02;2.1328649e-01;2.0250000e+02;2.3352586e-01;2.0250000e+02;2.5055993e-01;2.0250000e+02;2.5448775e-01;2.0250000e+02;2.3112550e-01;2.0250000e+02;1.8893842e-01;2.0250000e+02;1.3631141e-01;2.0250000e+02;8.4995225e-02;2.0250000e+02;3.8670346e-02;2.0250000e+02;-2.6501287e-03;2.0250000e+02;8.5161692e-03;2.0250000e+02;2.5408052e-02;2.0250000e+02;4.7235303e-02;2.0250000e+02;7.2601981e-02;2.0250000e+02;1.0163301e-01;2.0250000e+02;1.3321121e-01;2.0250000e+02;1.6726768e-01;2.0250000e+02;1.9303927e-01;2.0250000e+02;2.1328649e-01;2.0250000e+02;2.3352586e-01;2.0250000e+02;2.5055993e-01;2.0250000e+02;2.5448775e-01;2.0250000e+02;2.3112550e-01;2.0250000e+02;1.8893842e-01;2.0250000e+02;1.3631141e-01;2.0250000e+02;8.4995225e-02;2.0250000e+02;3.8670346e-02;2.0250000e+02;-2.6501287e-03;2.0250000e+02;8.5161692e-03;2.0250000e+02;2.5408052e-02;2.0250000e+02;4.7235303e-02;2.0250000e+02;7.2601981e-02;2.0250000e+02;1.0163301e-01;2.0250000e+02;1.3321121e-01;2.0250000e+02;1.6726768e-01;2.0250000e+02;1.9303927e-01;2.0250000e+02;2.1328649e-01;2.0250000e+02;2.3352586e-01;2.0250000e+02;2.5055993e-01;2.0250000e+02;2.5448775e-01;2.0250000e+02;2.3112550e-01;2.0250000e+02;1.8893842e-01;2.0250000e+02;1.3631141e-01;2.0250000e+02;8.4995225e-02;2.0250000e+02;3.8670346e-02;2.0250000e+02;-2.6501287e-03;2.0250000e+02;8.5161692e-03;2.0250000e+02;2.5408052e-02;2.0250000e+02;4.7235303e-02;2.0250000e+02;7.2601981e-02;2.0250000e+02;1.0163301e-01;2.0250000e+02;1.3321121e-01;2.0250000e+02;1.6726768e-01;2.0250000e+02;1.9303927e-01;2.0250000e+02;2.1328649e-01;2.0250000e+02;2.3352586e-01;2.0250000e+02;2.5055993e-01;2.0250000e+02;2.5448775e-01;2.0250000e+02;2.3112550e-01;2.0250000e+02;1.8893842e-01;2.0250000e+02;1.3631141e-01;2.0250000e+02;8.4995225e-02;2.0250000e+02;3.8670346e-02;2.0250000e+02;-2.6501287e-03;2.0250000e+02;8.5161692e-03;2.0250000e+02;2.5408052e-02;2.0250000e+02;4.7235303e-02;2.0250000e+02;7.2601981e-02;2.0250000e+02;1.0163301e-01;2.0250000e+02;1.3321121e-01;2.0250000e+02;1.6726768e-01;2.0250000e+02;1.9303927e-01;2.0250000e+02;2.1328649e-01;2.0250000e+02;2.3352586e-01;2.0250000e+02;2.5055993e-01;2.0250000e+02;2.5448775e-01;2.0250000e+02;2.3112550e-01;2.0250000e+02;1.8893842e-01;2.0250000e+02;1.3631141e-01;2.0250000e+02;8.4995225e-02;2.0250000e+02;3.8670346e-02;2.0250000e+02;-2.6501287e-03;2.0250000e+02;8.5161692e-03;2.0250000e+02;2.5408052e-02;2.0250000e+02;4.7235303e-02;2.0250000e+02;7.2601981e-02;2.0250000e+02;1.0163301e-01;2.0250000e+02;1.3321121e-01;2.0250000e+02;1.6726768e-01;2.0250000e+02;1.9303927e-01;2.0250000e+02;2.1328649e-01;2.0250000e+02;2.3352586e-01;2.0250000e+02;2.5055993e-01;2.0250000e+02;2.5448775e-01;2.0250000e+02;2.3112550e-01;2.0250000e+02;1.8893842e-01;2.0250000e+02;1.3631141e-01;2.0250000e+02;8.4995225e-02;2.0250000e+02;3.8670346e-02;2.0250000e+02;-2.6501287e-03;2.0250000e+02;8.5161692e-03;2.0250000e+02;2.5408052e-02;2.0250000e+02;4.7235303e-02;2.0250000e+02;7.2601981e-02;2.0250000e+02;1.0163301e-01;2.0250000e+02;1.3321121e-01;2.0250000e+02;1.6726768e-01;2.0250000e+02;1.9303927e-01;2.0250000e+02;2.1328649e-01;2.0250000e+02;2.3352586e-01;2.0250000e+02;2.5055993e-01;2.0250000e+02;2.5448775e-01;2.0250000e+02;2.3112550e-01;2.0250000e+02;1.8893842e-01;2.0250000e+02;1.3631141e-01;2.0250000e+02;8.4995225e-02;2.0250000e+02;3.8670346e-02;2.0250000e+02;-2.6501287e-03;2.0250000e+02;8.5161692e-03;2.0250000e+02;2.5408052e-02;2.0250000e+02;4.7235303e-02;2.0250000e+02;7.2601981e-02;2.0250000e+02;1.0163301e-01;2.0250000e+02;1.3321121e-01;2.0250000e+02;1.6726768e-01;2.0250000e+02;1.9303927e-01;2.0250000e+02;2.1328649e-01;2.0250000e+02;2.3352586e-01;2.0250000e+02;2.5055993e-01;2.0250000e+02;2.5448775e-01;2.0250000e+02;2.3112550e-01;2.0250000e+02;1.8893842e-01;2.0250000e+02;1.3631141e-01;2.0250000e+02;8.4995225e-02;2.0250000e+02;3.8670346e-02;2.0250000e+02;-2.6501287e-03;2.0250000e+02;8.5161692e-03;2.0250000e+02;2.5408052e-02;2.0250000e+02;4.7235303e-02;2.0250000e+02;7.2601981e-02;2.0250000e+02;1.0163301e-01;2.0250000e+02;1.3321121e-01;2.0250000e+02;1.6726768e-01;2.0250000e+02;1.9303927e-01;2.0250000e+02;2.1328649e-01;2.0250000e+02;2.3352586e-01;2.0250000e+02;2.5055993e-01;2.0250000e+02;2.5448775e-01;2.0250000e+02;2.3112550e-01;2.0250000e+02;1.8893842e-01;2.0250000e+02;1.3631141e-01;2.0250000e+02;8.4995225e-02;2.0250000e+02;3.8670346e-02;2.0250000e+02;-2.6501287e-03;2.0250000e+02;8.5161692e-03;2.0250000e+02;2.5408052e-02;2.0250000e+02;4.7235303e-02;2.0250000e+02;7.2601981e-02;2.0250000e+02;1.0163301e-01;2.0250000e+02;1.3321121e-01;2.0250000e+02;1.6726768e-01;2.0250000e+02;1.9303927e-01;2.0250000e+02;2.1328649e-01;2.0250000e+02;2.3352586e-01;2.0250000e+02;2.5055993e-01;2.0250000e+02;2.5448775e-01;2.0250000e+02;2.3112550e-01;2.0250000e+02;1.8893842e-01;2.0250000e+02;1.3631141e-01;2.0250000e+02;8.4995225e-02;2.0250000e+02;3.8670346e-02;2.0250000e+02;-2.6501287e-03;2.0250000e+02;8.5161692e-03;2.0250000e+02;2.5408052e-02;2.0250000e+02;4.7235303e-02;2.0250000e+02;7.2601981e-02;2.0250000e+02;1.0163301e-01;2.0250000e+02;1.3321121e-01;2.0250000e+02;1.6726768e-01;2.0250000e+02;1.9303927e-01;2.0250000e+02;2.1328649e-01;2.0250000e+02;2.3352586e-01;2.0250000e+02;2.5055993e-01;2.0250000e+02;2.5448775e-01;2.0250000e+02;2.3112550e-01;2.0250000e+02;1.8893842e-01;2.0250000e+02;1.3631141e-01;2.0250000e+02;8.4995225e-02;2.0250000e+02;3.8670346e-02;2.0250000e+02;-2.6501287e-03;2.0250000e+02;8.5161692e-03;2.0250000e+02;2.5408052e-02;2.0250000e+02;4.7235303e-02;2.0250000e+02;7.2601981e-02;2.0250000e+02;1.0163301e-01;2.0250000e+02;1.3321121e-01;2.0250000e+02;1.6726768e-01;2.0250000e+02;1.9303927e-01;2.0250000e+02;2.1328649e-01;2.0250000e+02;2.3352586e-01;2.0250000e+02;2.5055993e-01;2.0250000e+02;2.5448775e-01;2.0250000e+02;2.3112550e-01;2.0250000e+02;1.8893842e-01;2.0250000e+02;1.3631141e-01;2.0250000e+02;8.4995225e-02;2.0250000e+02;3.8670346e-02;2.0250000e+02;-2.6501287e-03;2.0250000e+02;8.5161692e-03;2.0250000e+02;2.5408052e-02;2.0250000e+02;4.7235303e-02;2.0250000e+02;7.2601981e-02;2.0250000e+02;1.0163301e-01;2.0250000e+02;1.3321121e-01;2.0250000e+02;1.6726768e-01;2.0250000e+02;1.9303927e-01;2.0250000e+02;2.1328649e-01;2.0250000e+02;2.3352586e-01;2.0250000e+02;2.5055993e-01;2.0250000e+02;2.5448775e-01;2.0250000e+02;2.3112550e-01;2.0250000e+02;1.8893842e-01;2.0250000e+02;1.3631141e-01;2.0250000e+02;8.4995225e-02;2.0250000e+02;3.8670346e-02;2.0250000e+02;-2.6501287e-03;2.0250000e+02;8.5161692e-03;2.0250000e+02;2.5408052e-02;2.0250000e+02;4.7235303e-02;2.0250000e+02;7.2601981e-02;2.0250000e+02;1.0163301e-01;2.0250000e+02;1.3321121e-01;2.0250000e+02;1.6726768e-01;2.0250000e+02;1.9303927e-01;2.0250000e+02;2.1328649e-01;2.0250000e+02;2.3352586e-01;2.0250000e+02;2.5055993e-01;2.0250000e+02;2.5448775e-01;2.0250000e+02;2.3112550e-01;2.0250000e+02;1.8893842e-01;2.0250000e+02;1.3631141e-01;2.0250000e+02;8.4995225e-02;2.0250000e+02;3.8670346e-02;2.0250000e+02;-2.6501287e-03;2.0250000e+02;8.5161692e-03;2.0250000e+02;2.5408052e-02;2.0250000e+02;4.7235303e-02;2.0250000e+02;7.2601981e-02;2.0250000e+02;1.0163301e-01;2.0250000e+02;1.3321121e-01;2.0250000e+02;1.6726768e-01;2.0250000e+02;1.9303927e-01;2.0250000e+02;2.1328649e-01;2.0250000e+02;2.3352586e-01;2.0250000e+02;2.5055993e-01;2.0250000e+02;2.5448775e-01;2.0250000e+02;2.3112550e-01;2.0250000e+02;1.8893842e-01;2.0250000e+02;1.3631141e-01;2.0250000e+02;8.4995225e-02;2.0250000e+02;3.8670346e-02;2.0250000e+02;-2.6501287e-03;2.0250000e+02;8.5161692e-03;2.0250000e+02;2.5408052e-02;2.0250000e+02;4.7235303e-02;2.0250000e+02;7.2601981e-02;2.0250000e+02;1.0163301e-01;2.0250000e+02;1.3321121e-01;2.0250000e+02;1.6726768e-01;2.0250000e+02;1.9303927e-01;2.0250000e+02;2.1328649e-01;2.0250000e+02;2.3352586e-01;2.0250000e+02;2.5055993e-01;2.0250000e+02;2.5448775e-01;2.0250000e+02;2.3112550e-01;2.0250000e+02;1.8893842e-01;2.0250000e+02;1.3631141e-01;2.0250000e+02;8.4995225e-02;2.0250000e+02;3.8670346e-02;2.0250000e+02;-2.6501287e-03;2.0250000e+02;8.5161692e-03;2.0250000e+02;2.5408052e-02;2.0250000e+02;4.7235303e-02;2.0250000e+02;7.2601981e-02;2.0250000e+02;1.0163301e-01;2.0250000e+02;1.3321121e-01;2.0250000e+02;1.6726768e-01;2.0250000e+02;1.9303927e-01;2.0250000e+02;2.1328649e-01;2.0250000e+02;2.3352586e-01;2.0250000e+02;2.5055993e-01;2.0250000e+02;2.5448775e-01;2.0250000e+02;2.3112550e-01;2.0250000e+02;1.8893842e-01;2.0250000e+02;1.3631141e-01;2.0250000e+02;8.4995225e-02;2.0250000e+02;3.8670346e-02;2.0250000e+02;-2.6501287e-03;2.0250000e+02;8.5161692e-03;2.0250000e+02;2.5408052e-02;2.0250000e+02;4.7235303e-02;2.0250000e+02;7.2601981e-02;2.0250000e+02;1.0163301e-01;2.0250000e+02;1.3321121e-01;2.0250000e+02;1.6726768e-01;2.0250000e+02;1.9303927e-01;2.0250000e+02;2.1328649e-01;2.0250000e+02;2.3352586e-01;2.0250000e+02;2.5055993e-01;2.0250000e+02;2.5448775e-01;2.0250000e+02;2.3112550e-01;2.0250000e+02;1.8893842e-01;2.0250000e+02;1.3631141e-01;2.0250000e+02;8.4995225e-02;2.0250000e+02;3.8670346e-02;2.0250000e+02;-2.6501287e-03;2.0250000e+02;8.5161692e-03;2.0250000e+02;2.5408052e-02;2.0250000e+02;4.7235303e-02;2.0250000e+02;7.2601981e-02;2.0250000e+02;1.0163301e-01;2.0250000e+02;1.3321121e-01;2.0250000e+02;1.6726768e-01;2.0250000e+02;1.9303927e-01;2.0250000e+02;2.1328649e-01;2.0250000e+02;2.3352586e-01;2.0250000e+02;2.5055993e-01;2.0250000e+02;2.5448775e-01;2.0250000e+02;2.3112550e-01;2.0250000e+02;1.8893842e-01;2.0250000e+02;1.3631141e-01;2.0250000e+02;8.4995225e-02;2.0250000e+02;3.8670346e-02;2.0250000e+02;-2.6501287e-03;2.0250000e+02;8.5161692e-03;2.0250000e+02;2.5408052e-02;2.0250000e+02;4.7235303e-02;2.0250000e+02;7.2601981e-02;2.0250000e+02;1.0163301e-01;2.0250000e+02;1.3321121e-01;2.0250000e+02;1.6726768e-01;2.0250000e+02;1.9303927e-01;2.0250000e+02;2.1328649e-01;2.0250000e+02;2.3352586e-01;2.0250000e+02;2.5055993e-01;2.0250000e+02;2.5448775e-01;2.0250000e+02;2.3112550e-01;2.0250000e+02;1.8893842e-01;2.0250000e+02;1.3631141e-01;2.0250000e+02;8.4995225e-02;2.0250000e+02;3.8670346e-02;2.0250000e+02;-2.6501287e-03;2.0250000e+02;8.5161692e-03;2.0250000e+02;2.5408052e-02;2.0250000e+02;4.7235303e-02;2.0250000e+02;7.2601981e-02;2.0250000e+02;1.0163301e-01;2.0250000e+02;1.3321121e-01;2.0250000e+02;1.6726768e-01;2.0250000e+02;1.9303927e-01;2.0250000e+02;2.1328649e-01;2.0250000e+02;2.3352586e-01;2.0250000e+02;2.5055993e-01;2.0250000e+02;2.5448775e-01;2.0250000e+02;2.3112550e-01;2.0250000e+02;1.8893842e-01;2.0250000e+02;1.3631141e-01;2.0250000e+02;8.4995225e-02;2.0250000e+02;3.8670346e-02;2.0250000e+02;-2.6501287e-03;2.0250000e+02;8.5161692e-03;2.0250000e+02;2.5408052e-02;2.0250000e+02;4.7235303e-02;2.0250000e+02;7.2601981e-02;2.0250000e+02;1.0163301e-01;2.0250000e+02;1.3321121e-01;2.0250000e+02;1.6726768e-01;2.0250000e+02;1.9303927e-01;2.0250000e+02;2.1328649e-01;2.0250000e+02;2.3352586e-01;2.0250000e+02;2.5055993e-01;2.0250000e+02;2.5448775e-01;2.0250000e+02;2.3112550e-01;2.0250000e+02;1.8893842e-01;2.0250000e+02;1.3631141e-01;2.0250000e+02;8.4995225e-02;2.0250000e+02;3.8670346e-02;2.0250000e+02;-2.6501287e-03;2.0250000e+02;8.5161692e-03;2.0250000e+02;2.5408052e-02;2.0250000e+02;4.7235303e-02;2.0250000e+02;7.2601981e-02;2.0250000e+02;1.0163301e-01;2.0250000e+02;1.3321121e-01;2.0250000e+02;1.6726768e-01;2.0250000e+02;1.9303927e-01;2.0250000e+02;2.1328649e-01;2.0250000e+02;2.3352586e-01;2.0250000e+02;2.5055993e-01;2.0250000e+02;2.5448775e-01;2.0250000e+02;2.3112550e-01;2.0250000e+02;1.8893842e-01;2.0250000e+02;1.3631141e-01;2.0250000e+02;8.4995225e-02;2.0250000e+02;3.8670346e-02;2.0250000e+02;-2.6501287e-03;2.0250000e+02;8.5161692e-03;2.0250000e+02;2.5408052e-02;2.0250000e+02;4.7235303e-02;2.0250000e+02;7.2601981e-02;2.0250000e+02;1.0163301e-01;2.0250000e+02;1.3321121e-01;2.0250000e+02;1.6726768e-01;2.0250000e+02;1.9303927e-01;2.0250000e+02;2.1328649e-01;2.0250000e+02;2.3352586e-01;2.0250000e+02;2.5055993e-01;2.0250000e+02;2.5448775e-01;2.0250000e+02;2.3112550e-01;2.0250000e+02;1.8893842e-01;2.0250000e+02;1.3631141e-01;2.0250000e+02;8.4995225e-02;2.0250000e+02;3.8670346e-02;2.0250000e+02;-2.6501287e-03;2.0250000e+02;8.5161692e-03;2.0250000e+02;2.5408052e-02;2.0250000e+02;4.7235303e-02;2.0250000e+02;7.2601981e-02;2.0250000e+02;1.0163301e-01;2.0250000e+02;1.3321121e-01;2.0250000e+02;1.6726768e-01;2.0250000e+02;1.9303927e-01;2.0250000e+02;2.1328649e-01;2.0250000e+02;2.3352586e-01;2.0250000e+02;2.5055993e-01;2.0250000e+02;2.5448775e-01;2.0250000e+02;2.3112550e-01;2.0250000e+02;1.8893842e-01;2.0250000e+02;1.3631141e-01;2.0250000e+02;8.4995225e-02;2.0250000e+02;3.8670346e-02;2.0250000e+02;-2.6501287e-03;2.0250000e+02;8.5161692e-03;2.0250000e+02;2.5408052e-02;2.0250000e+02;4.7235303e-02;2.0250000e+02;7.2601981e-02;2.0250000e+02;1.0163301e-01;2.0250000e+02;1.3321121e-01;2.0250000e+02;1.6726768e-01;2.0250000e+02;1.9303927e-01;2.0250000e+02;2.1328649e-01;2.0250000e+02;2.3352586e-01;2.0250000e+02;2.5055993e-01;2.0250000e+02;2.5448775e-01;2.0250000e+02;2.3112550e-01;2.0250000e+02;1.8893842e-01;2.0250000e+02;1.3631141e-01;2.0250000e+02;8.4995225e-02;2.0250000e+02;3.8670346e-02;2.0250000e+02;-2.6501287e-03;2.0250000e+02;8.5161692e-03;2.0250000e+02;2.5408052e-02;2.0250000e+02;4.7235303e-02;2.0250000e+02;7.2601981e-02;2.0250000e+02;1.0163301e-01;2.0250000e+02;1.3321121e-01;2.0250000e+02;1.6726768e-01;2.0250000e+02;1.9303927e-01;2.0250000e+02;2.1328649e-01;2.0250000e+02;2.3352586e-01;2.0250000e+02;2.5055993e-01;2.0250000e+02;2.5448775e-01;2.0250000e+02;2.3112550e-01;2.0250000e+02;1.8893842e-01;2.0250000e+02;1.3631141e-01;2.0250000e+02;8.4995225e-02;2.0250000e+02;3.8670346e-02;2.0250000e+02;-2.6501287e-03;2.0250000e+02;8.5161692e-03;2.0250000e+02;2.5408052e-02;2.0250000e+02;4.7235303e-02;2.0250000e+02;7.2601981e-02;2.0250000e+02;1.0163301e-01;2.0250000e+02;1.3321121e-01;2.0250000e+02;1.6726768e-01;2.0250000e+02;1.9303927e-01;2.0250000e+02;2.1328649e-01;2.0250000e+02;2.3352586e-01;2.0250000e+02;2.5055993e-01;2.0250000e+02;2.5448775e-01;2.0250000e+02;2.3112550e-01;2.0250000e+02;1.8893842e-01;2.0250000e+02;1.3631141e-01;2.0250000e+02;8.4995225e-02;2.0250000e+02;3.8670346e-02;2.0250000e+02;-2.6501287e-03;2.0250000e+02;8.5161692e-03;2.0250000e+02;2.5408052e-02;2.0250000e+02;4.7235303e-02;2.0250000e+02;7.2601981e-02;2.0250000e+02;1.0163301e-01;2.0250000e+02;1.3321121e-01;2.0250000e+02;1.6726768e-01;2.0250000e+02;1.9303927e-01;2.0250000e+02;2.1328649e-01;2.0250000e+02;2.3352586e-01;2.0250000e+02;2.5055993e-01;2.0250000e+02;2.5448775e-01;2.0250000e+02;2.3112550e-01;2.0250000e+02;1.8893842e-01;2.0250000e+02;1.3631141e-01;2.0250000e+02;8.4995225e-02;2.0250000e+02;3.8670346e-02;2.0250000e+02;-2.6501287e-03;2.0250000e+02;8.5161692e-03;2.0250000e+02;2.5408052e-02;2.0250000e+02;4.7235303e-02;2.0250000e+02;7.2601981e-02;2.0250000e+02;1.0163301e-01;2.0250000e+02;1.3321121e-01;2.0250000e+02;1.6726768e-01;2.0250000e+02;1.9303927e-01;2.0250000e+02;2.1328649e-01;2.0250000e+02;2.3352586e-01;2.0250000e+02;2.5055993e-01;2.0250000e+02;2.5448775e-01;2.0250000e+02;2.3112550e-01;2.0250000e+02;1.8893842e-01;2.0250000e+02;1.3631141e-01;2.0250000e+02;8.4995225e-02;2.0250000e+02;3.8670346e-02;2.0250000e+02;-2.6501287e-03;2.0250000e+02;8.5161692e-03;2.0250000e+02;2.5408052e-02;2.0250000e+02;4.7235303e-02;2.0250000e+02;7.2601981e-02;2.0250000e+02;1.0163301e-01;2.0250000e+02;1.3321121e-01;2.0250000e+02;1.6726768e-01;2.0250000e+02;1.9303927e-01;2.0250000e+02;2.1328649e-01;2.0250000e+02;2.3352586e-01;2.0250000e+02;2.5055993e-01;2.0250000e+02;2.5448775e-01;2.0250000e+02;2.3112550e-01;2.0250000e+02;1.8893842e-01;2.0250000e+02;1.3631141e-01;2.0250000e+02;8.4995225e-02;2.0250000e+02;3.8670346e-02;2.0250000e+02;-2.6501287e-03;2.0250000e+02;8.5161692e-03;2.0250000e+02;2.5408052e-02;2.0250000e+02;4.7235303e-02;2.0250000e+02;7.2601981e-02;2.0250000e+02;1.0163301e-01;2.0250000e+02;1.3321121e-01;2.0250000e+02;1.6726768e-01;2.0250000e+02;1.9303927e-01;2.0250000e+02;2.1328649e-01;2.0250000e+02;2.3352586e-01;2.0250000e+02;2.5055993e-01;2.0250000e+02;2.5448775e-01;2.0250000e+02;2.3112550e-01;2.0250000e+02;1.8893842e-01;2.0250000e+02;1.3631141e-01;2.0250000e+02;8.4995225e-02;2.0250000e+02;3.8670346e-02;2.0250000e+02;-2.6501287e-03;2.0250000e+02;8.5161692e-03;2.0250000e+02;2.5408052e-02;2.0250000e+02;4.7235303e-02;2.0250000e+02;7.2601981e-02;2.0250000e+02;1.0163301e-01;2.0250000e+02;1.3321121e-01;2.0250000e+02;1.6726768e-01;2.0250000e+02;1.9303927e-01;2.0250000e+02;2.1328649e-01;2.0250000e+02;2.3352586e-01;2.0250000e+02;2.5055993e-01;2.0250000e+02;2.5448775e-01;2.0250000e+02;2.3112550e-01;2.0250000e+02;1.8893842e-01;2.0250000e+02;1.3631141e-01;2.0250000e+02;8.4995225e-02;2.0250000e+02;3.8670346e-02;2.0250000e+02;-2.6501287e-03;2.0250000e+02;8.5161692e-03;2.0250000e+02;2.5408052e-02;2.0250000e+02;4.7235303e-02;2.0250000e+02;7.2601981e-02;2.0250000e+02;1.0163301e-01;2.0250000e+02;1.3321121e-01;2.0250000e+02;1.6726768e-01;2.0250000e+02;1.9303927e-01;2.0250000e+02;2.1328649e-01;2.0250000e+02;2.3352586e-01;2.0250000e+02;2.5055993e-01;2.0250000e+02;2.5448775e-01;2.0250000e+02;2.3112550e-01;2.0250000e+02;1.8893842e-01;2.0250000e+02;1.3631141e-01;2.0250000e+02;8.4995225e-02;2.0250000e+02;3.8670346e-02;2.0250000e+02;-2.6501287e-03;2.0250000e+02;8.5161692e-03;2.0250000e+02;2.5408052e-02;2.0250000e+02;4.7235303e-02;2.0250000e+02;7.2601981e-02;2.0250000e+02;1.0163301e-01;2.0250000e+02;1.3321121e-01;2.0250000e+02;1.6726768e-01;2.0250000e+02;1.9303927e-01;2.0250000e+02;2.1328649e-01;2.0250000e+02;2.3352586e-01;2.0250000e+02;2.5055993e-01;2.0250000e+02;2.5448775e-01;2.0250000e+02;2.3112550e-01;2.0250000e+02;1.8893842e-01;2.0250000e+02;1.3631141e-01;2.0250000e+02;8.4995225e-02;2.0250000e+02;3.8670346e-02;2.0250000e+02;-2.6501287e-03;2.0250000e+02;8.5161692e-03;2.0250000e+02;2.5408052e-02;2.0250000e+02;4.7235303e-02;2.0250000e+02;7.2601981e-02;2.0250000e+02;1.0163301e-01;2.0250000e+02;1.3321121e-01;2.0250000e+02;1.6726768e-01;2.0250000e+02;1.9303927e-01;2.0250000e+02;2.1328649e-01;2.0250000e+02;2.3352586e-01;2.0250000e+02;2.5055993e-01;2.0250000e+02;2.5448775e-01;2.0250000e+02;2.3112550e-01;2.0250000e+02;1.8893842e-01;2.0250000e+02;1.3631141e-01;2.0250000e+02;8.4995225e-02;2.0250000e+02;3.8670346e-02;2.0250000e+02;-2.6501287e-03;2.0250000e+02;8.5161692e-03;2.0250000e+02;2.5408052e-02;2.0250000e+02;4.7235303e-02;2.0250000e+02;7.2601981e-02;2.0250000e+02;1.0163301e-01;2.0250000e+02;1.3321121e-01;2.0250000e+02;1.6726768e-01;2.0250000e+02;1.9303927e-01;2.0250000e+02;2.1328649e-01;2.0250000e+02;2.3352586e-01;2.0250000e+02;2.5055993e-01;2.0250000e+02;2.5448775e-01;2.0250000e+02;2.3112550e-01;2.0250000e+02;1.8893842e-01;2.0250000e+02;1.3631141e-01;2.0250000e+02;8.4995225e-02;2.0250000e+02;3.8670346e-02;2.0250000e+02;-2.6501287e-03;2.0250000e+02;8.5161692e-03;2.0250000e+02;2.5408052e-02;2.0250000e+02;4.7235303e-02;2.0250000e+02;7.2601981e-02;2.0250000e+02;1.0163301e-01;2.0250000e+02;1.3321121e-01;2.0250000e+02;1.6726768e-01;2.0250000e+02;1.9303927e-01;2.0250000e+02;2.1328649e-01;2.0250000e+02;2.3352586e-01;2.0250000e+02;2.5055993e-01;2.0250000e+02;2.5448775e-01;2.0250000e+02;2.3112550e-01;2.0250000e+02;1.8893842e-01;2.0250000e+02;1.3631141e-01;2.0250000e+02;8.4995225e-02;2.0250000e+02;3.8670346e-02;2.0250000e+02;-2.6501287e-03;2.0250000e+02;8.5161692e-03;2.0250000e+02;2.5408052e-02;2.0250000e+02;4.7235303e-02;2.0250000e+02;7.2601981e-02;2.0250000e+02;1.0163301e-01;2.0250000e+02;1.3321121e-01;2.0250000e+02;1.6726768e-01;2.0250000e+02;1.9303927e-01;2.0250000e+02;2.1328649e-01;2.0250000e+02;2.3352586e-01;2.0250000e+02;2.5055993e-01;2.0250000e+02;2.5448775e-01;2.0250000e+02;2.3112550e-01;2.0250000e+02;1.8893842e-01;2.0250000e+02;1.3631141e-01;2.0250000e+02;8.4995225e-02;2.0250000e+02;3.8670346e-02;2.0250000e+02;-2.6501287e-03;2.0250000e+02;8.5161692e-03;2.0250000e+02;2.5408052e-02;2.0250000e+02;4.7235303e-02;2.0250000e+02;7.2601981e-02;2.0250000e+02;1.0163301e-01;2.0250000e+02;1.3321121e-01;2.0250000e+02;1.6726768e-01;2.0250000e+02;1.9303927e-01;2.0250000e+02;2.1328649e-01;2.0250000e+02;2.3352586e-01;2.0250000e+02;2.5055993e-01;2.0250000e+02;2.5448775e-01;2.0250000e+02;2.3112550e-01;2.0250000e+02;1.8893842e-01;2.0250000e+02;1.3631141e-01;2.0250000e+02;8.4995225e-02;2.0250000e+02;3.8670346e-02;2.0250000e+02;-2.6501287e-03;2.0250000e+02;8.5161692e-03;2.0250000e+02;2.5408052e-02;2.0250000e+02;4.7235303e-02;2.0250000e+02;7.2601981e-02;2.0250000e+02;1.0163301e-01;2.0250000e+02;1.3321121e-01;2.0250000e+02;1.6726768e-01;2.0250000e+02;1.9303927e-01;2.0250000e+02;2.1328649e-01;2.0250000e+02;2.3352586e-01;2.0250000e+02;2.5055993e-01;2.0250000e+02;2.5448775e-01;2.0250000e+02;2.3112550e-01;2.0250000e+02;1.8893842e-01;2.0250000e+02;1.3631141e-01;2.0250000e+02;8.4995225e-02;2.0250000e+02;3.8670346e-02;2.0250000e+02;-2.6501287e-03;2.0250000e+02;8.5161692e-03;2.0250000e+02;2.5408052e-02;2.0250000e+02;4.7235303e-02;2.0250000e+02;7.2601981e-02;2.0250000e+02;1.0163301e-01;2.0250000e+02;1.3321121e-01;2.0250000e+02;1.6726768e-01;2.0250000e+02;1.9303927e-01;2.0250000e+02;2.1328649e-01;2.0250000e+02;2.3352586e-01;2.0250000e+02;2.5055993e-01;2.0250000e+02;2.5448775e-01;2.0250000e+02;2.3112550e-01;2.0250000e+02;1.8893842e-01;2.0250000e+02;1.3631141e-01;2.0250000e+02;8.4995225e-02;2.0250000e+02;3.8670346e-02;2.0250000e+02;-2.6501287e-03;2.0250000e+02;8.5161692e-03;2.0250000e+02;2.5408052e-02;2.0250000e+02;4.7235303e-02;2.0250000e+02;7.2601981e-02;2.0250000e+02;1.0163301e-01;2.0250000e+02;1.3321121e-01;2.0250000e+02;1.6726768e-01;2.0250000e+02;1.9303927e-01;2.0250000e+02;2.1328649e-01;2.0250000e+02;2.3352586e-01;2.0250000e+02;2.5055993e-01;2.0250000e+02;2.5448775e-01;2.0250000e+02;2.3112550e-01;2.0250000e+02;1.8893842e-01;2.0250000e+02;1.3631141e-01;2.0250000e+02;8.4995225e-02;2.0250000e+02;3.8670346e-02;2.0250000e+02;-2.6501287e-03;2.0250000e+02;8.5161692e-03;2.0250000e+02;2.5408052e-02;2.0250000e+02;4.7235303e-02;2.0250000e+02;7.2601981e-02;2.0250000e+02;1.0163301e-01;2.0250000e+02;1.3321121e-01;2.0250000e+02;1.6726768e-01;2.0250000e+02;1.9303927e-01;2.0250000e+02;2.1328649e-01;2.0250000e+02;2.3352586e-01;2.0250000e+02;2.5055993e-01;2.0250000e+02;2.5448775e-01;2.0250000e+02;2.3112550e-01;2.0250000e+02;1.8893842e-01;2.0250000e+02;1.3631141e-01;2.0250000e+02;8.4995225e-02;2.0250000e+02;3.8670346e-02;2.0250000e+02;-2.6501287e-03;2.0250000e+02;8.5161692e-03;2.0250000e+02;2.5408052e-02;2.0250000e+02;4.7235303e-02;2.0250000e+02;7.2601981e-02;2.0250000e+02;1.0163301e-01;2.0250000e+02;1.3321121e-01;2.0250000e+02;1.6726768e-01;2.0250000e+02;1.9303927e-01;2.0250000e+02;2.1328649e-01;2.0250000e+02;2.3352586e-01;2.0250000e+02;2.5055993e-01;2.0250000e+02;2.5448775e-01;2.0250000e+02;2.3112550e-01;2.0250000e+02;1.8893842e-01;2.0250000e+02;1.3631141e-01;2.0250000e+02;8.4995225e-02;2.0250000e+02;3.8670346e-02;2.0250000e+02;-2.6501287e-03;2.0250000e+02;8.5161692e-03;2.0250000e+02;2.5408052e-02;2.0250000e+02;4.7235303e-02;2.0250000e+02;7.2601981e-02;2.0250000e+02;1.0163301e-01;2.0250000e+02;1.3321121e-01;2.0250000e+02;1.6726768e-01;2.0250000e+02;1.9303927e-01;2.0250000e+02;2.1328649e-01;2.0250000e+02;2.3352586e-01;2.0250000e+02;2.5055993e-01;2.0250000e+02;2.5448775e-01;2.0250000e+02;2.3112550e-01;2.0250000e+02;1.8893842e-01;2.0250000e+02;1.3631141e-01;2.0250000e+02;8.4995225e-02;2.0250000e+02;3.8670346e-02;2.0250000e+02;-2.6501287e-03;2.0250000e+02;8.5161692e-03;2.0250000e+02;2.5408052e-02;2.0250000e+02;4.7235303e-02;2.0250000e+02;7.2601981e-02;2.0250000e+02;1.0163301e-01;2.0250000e+02;1.3321121e-01;2.0250000e+02;1.6726768e-01;2.0250000e+02;1.9303927e-01;2.0250000e+02;2.1328649e-01;2.0250000e+02;2.3352586e-01;2.0250000e+02;2.5055993e-01;2.0250000e+02;2.5448775e-01;2.0250000e+02;2.3112550e-01;2.0250000e+02;1.8893842e-01;2.0250000e+02;1.3631141e-01;2.0250000e+02;8.4995225e-02;2.0250000e+02;3.8670346e-02;2.0250000e+02;-2.6501287e-03;2.0250000e+02;8.5161692e-03;2.0250000e+02;2.5408052e-02;2.0250000e+02;4.7235303e-02;2.0250000e+02;7.2601981e-02;2.0250000e+02;1.0163301e-01;2.0250000e+02;1.3321121e-01;2.0250000e+02;1.6726768e-01;2.0250000e+02;1.9303927e-01;2.0250000e+02;2.1328649e-01;2.0250000e+02;2.3352586e-01;2.0250000e+02;2.5055993e-01;2.0250000e+02;2.5448775e-01;2.0250000e+02;2.3112550e-01;2.0250000e+02;1.8893842e-01;2.0250000e+02;1.3631141e-01;2.0250000e+02;8.4995225e-02;2.0250000e+02;3.8670346e-02;2.0250000e+02;-2.6501287e-03;2.0250000e+02;8.5161692e-03;2.0250000e+02;2.5408052e-02;2.0250000e+02;4.7235303e-02;2.0250000e+02;7.2601981e-02;2.0250000e+02;1.0163301e-01;2.0250000e+02;1.3321121e-01;2.0250000e+02;1.6726768e-01;2.0250000e+02;1.9303927e-01;2.0250000e+02;2.1328649e-01;2.0250000e+02;2.3352586e-01;2.0250000e+02;2.5055993e-01;2.0250000e+02;2.5448775e-01;2.0250000e+02;2.3112550e-01;2.0250000e+02;1.8893842e-01;2.0250000e+02;1.3631141e-01;2.0250000e+02;8.4995225e-02;2.0250000e+02;3.8670346e-02;2.0250000e+02;-2.6501287e-03;2.0250000e+02;8.5161692e-03;2.0250000e+02;2.5408052e-02;2.0250000e+02;4.7235303e-02;2.0250000e+02;7.2601981e-02;2.0250000e+02;1.0163301e-01;2.0250000e+02;1.3321121e-01;2.0250000e+02;1.6726768e-01;2.0250000e+02;1.9303927e-01;2.0250000e+02;2.1328649e-01;2.0250000e+02;2.3352586e-01;2.0250000e+02;2.5055993e-01;2.0250000e+02;2.5448775e-01;2.0250000e+02;2.3112550e-01;2.0250000e+02;1.8893842e-01;2.0250000e+02;1.3631141e-01;2.0250000e+02;8.4995225e-02;2.0250000e+02;3.8670346e-02;2.0250000e+02;-2.6501287e-03;2.0250000e+02;8.5161692e-03;2.0250000e+02;2.5408052e-02;2.0250000e+02;4.7235303e-02;2.0250000e+02;7.2601981e-02;2.0250000e+02;1.0163301e-01;2.0250000e+02;1.3321121e-01;2.0250000e+02;1.6726768e-01;2.0250000e+02;1.9303927e-01;2.0250000e+02;2.1328649e-01;2.0250000e+02;2.3352586e-01;2.0250000e+02;2.5055993e-01;2.0250000e+02;2.5448775e-01;2.0250000e+02;2.3112550e-01;2.0250000e+02;1.8893842e-01;2.0250000e+02;1.3631141e-01;2.0250000e+02;8.4995225e-02;2.0250000e+02;3.8670346e-02;2.0250000e+02;-2.6501287e-03;2.0250000e+02;8.5161692e-03;2.0250000e+02;2.5408052e-02;2.0250000e+02;4.7235303e-02;2.0250000e+02;7.2601981e-02;2.0250000e+02;1.0163301e-01;2.0250000e+02;1.3321121e-01;2.0250000e+02;1.6726768e-01;2.0250000e+02;1.9303927e-01;2.0250000e+02;2.1328649e-01;2.0250000e+02;2.3352586e-01;2.0250000e+02;2.5055993e-01;2.0250000e+02;2.5448775e-01;2.0250000e+02;2.3112550e-01;2.0250000e+02;1.8893842e-01;2.0250000e+02;1.3631141e-01;2.0250000e+02;8.4995225e-02;2.0250000e+02;3.8670346e-02;2.0250000e+02;-2.6501287e-03;2.0250000e+02;8.5161692e-03;2.0250000e+02;2.5408052e-02;2.0250000e+02;4.7235303e-02;2.0250000e+02;7.2601981e-02;2.0250000e+02;1.0163301e-01;2.0250000e+02;1.3321121e-01;2.0250000e+02;1.6726768e-01;2.0250000e+02;1.9303927e-01;2.0250000e+02;2.1328649e-01;2.0250000e+02;2.3352586e-01;2.0250000e+02;2.5055993e-01;2.0250000e+02;2.5448775e-01;2.0250000e+02;2.3112550e-01;2.0250000e+02;1.8893842e-01;2.0250000e+02;1.3631141e-01;2.0250000e+02;8.4995225e-02;2.0250000e+02;3.8670346e-02;2.0250000e+02;-2.6501287e-03;2.0250000e+02;8.5161692e-03;2.0250000e+02;2.5408052e-02;2.0250000e+02;4.7235303e-02;2.0250000e+02;7.2601981e-02;2.0250000e+02;1.0163301e-01;2.0250000e+02;1.3321121e-01;2.0250000e+02;1.6726768e-01;2.0250000e+02;1.9303927e-01;2.0250000e+02;2.1328649e-01;2.0250000e+02;2.3352586e-01;2.0250000e+02;2.5055993e-01;2.0250000e+02;2.5448775e-01;2.0250000e+02;2.3112550e-01;2.0250000e+02;1.8893842e-01;2.0250000e+02;1.3631141e-01;2.0250000e+02;8.4995225e-02;2.0250000e+02;3.8670346e-02;2.0250000e+02;-2.6501287e-03;2.0250000e+02;8.5161692e-03;2.0250000e+02;2.5408052e-02;2.0250000e+02;4.7235303e-02;2.0250000e+02;7.2601981e-02;2.0250000e+02;1.0163301e-01;2.0250000e+02;1.3321121e-01;2.0250000e+02;1.6726768e-01;2.0250000e+02;1.9303927e-01;2.0250000e+02;2.1328649e-01;2.0250000e+02;2.3352586e-01;2.0250000e+02;2.5055993e-01;2.0250000e+02;2.5448775e-01;2.0250000e+02;2.3112550e-01;2.0250000e+02;1.8893842e-01;2.0250000e+02;1.3631141e-01;2.0250000e+02;8.4995225e-02;2.0250000e+02;3.8670346e-02;2.0250000e+02;-2.6501287e-03;2.0250000e+02;8.5161692e-03;2.0250000e+02;2.5408052e-02;2.0250000e+02;4.7235303e-02;2.0250000e+02;7.2601981e-02;2.0250000e+02;1.0163301e-01;2.0250000e+02;1.3321121e-01;2.0250000e+02;1.6726768e-01;2.0250000e+02;1.9303927e-01;2.0250000e+02;2.1328649e-01;2.0250000e+02;2.3352586e-01;2.0250000e+02;2.5055993e-01;2.0250000e+02;2.5448775e-01;2.0250000e+02;2.3112550e-01;2.0250000e+02;1.8893842e-01;2.0250000e+02;1.3631141e-01;2.0250000e+02;8.4995225e-02;2.0250000e+02;3.8670346e-02;2.0250000e+02;-2.6501287e-03;2.0250000e+02;8.5161692e-03;2.0250000e+02;2.5408052e-02;2.0250000e+02;4.7235303e-02;2.0250000e+02;7.2601981e-02;2.0250000e+02;1.0163301e-01;2.0250000e+02;1.3321121e-01;2.0250000e+02;1.6726768e-01;2.0250000e+02;1.9303927e-01;2.0250000e+02;2.1328649e-01;2.0250000e+02;2.3352586e-01;2.0250000e+02;2.5055993e-01;2.0250000e+02;2.5448775e-01;2.0250000e+02;2.3112550e-01;2.0250000e+02;1.8893842e-01;2.0250000e+02;1.3631141e-01;2.0250000e+02;8.4995225e-02;2.0250000e+02;3.8670346e-02;2.0250000e+02;-2.6501287e-03;2.0250000e+02;8.5161692e-03;2.0250000e+02;2.5408052e-02;2.0250000e+02;4.7235303e-02;2.0250000e+02;7.2601981e-02;2.0250000e+02;1.0163301e-01;2.0250000e+02;1.3321121e-01;2.0250000e+02;1.6726768e-01;2.0250000e+02;1.9303927e-01;2.0250000e+02;2.1328649e-01;2.0250000e+02;2.3352586e-01;2.0250000e+02;2.5055993e-01;2.0250000e+02;2.5448775e-01;2.0250000e+02;2.3112550e-01;2.0250000e+02;1.8893842e-01;2.0250000e+02;1.3631141e-01;2.0250000e+02;8.4995225e-02;2.0250000e+02;3.8670346e-02;2.0250000e+02;-2.6501287e-03;2.0250000e+02;8.5161692e-03;2.0250000e+02;2.5408052e-02;2.0250000e+02;4.7235303e-02;2.0250000e+02;7.2601981e-02;2.0250000e+02;1.0163301e-01;2.0250000e+02;1.3321121e-01;2.0250000e+02;1.6726768e-01;2.0250000e+02;1.9303927e-01;2.0250000e+02;2.1328649e-01;2.0250000e+02;2.3352586e-01;2.0250000e+02;2.5055993e-01;2.0250000e+02;2.5448775e-01;2.0250000e+02;2.3112550e-01;2.0250000e+02;1.8893842e-01;2.0250000e+02;1.3631141e-01;2.0250000e+02;8.4995225e-02;2.0250000e+02;3.8670346e-02;2.0250000e+02;-2.6501287e-03;2.0250000e+02;8.5161692e-03;2.0250000e+02;2.5408052e-02;2.0250000e+02;4.7235303e-02;2.0250000e+02;7.2601981e-02;2.0250000e+02;1.0163301e-01;2.0250000e+02;1.3321121e-01;2.0250000e+02;1.6726768e-01;2.0250000e+02;1.9303927e-01;2.0250000e+02;2.1328649e-01;2.0250000e+02;2.3352586e-01;2.0250000e+02;2.5055993e-01;2.0250000e+02;2.5448775e-01;2.0250000e+02;2.3112550e-01;2.0250000e+02;1.8893842e-01;2.0250000e+02;1.3631141e-01;2.0250000e+02;8.4995225e-02;2.0250000e+02;3.8670346e-02;2.0250000e+02;-2.6501287e-03;2.0250000e+02;8.5161692e-03;2.0250000e+02;2.5408052e-02;2.0250000e+02;4.7235303e-02;2.0250000e+02;7.2601981e-02;2.0250000e+02;1.0163301e-01;2.0250000e+02;1.3321121e-01;2.0250000e+02;1.6726768e-01;2.0250000e+02;1.9303927e-01;2.0250000e+02;2.1328649e-01;2.0250000e+02;2.3352586e-01;2.0250000e+02;2.5055993e-01;2.0250000e+02;2.5448775e-01;2.0250000e+02;2.3112550e-01;2.0250000e+02;1.8893842e-01;2.0250000e+02;1.3631141e-01;2.0250000e+02;8.4995225e-02;2.0250000e+02;3.8670346e-02;2.0250000e+02;-2.6501287e-03;2.0250000e+02;8.5161692e-03;2.0250000e+02;2.5408052e-02;2.0250000e+02;4.7235303e-02;2.0250000e+02;7.2601981e-02;2.0250000e+02;1.0163301e-01;2.0250000e+02;1.3321121e-01;2.0250000e+02;1.6726768e-01;2.0250000e+02;1.9303927e-01;2.0250000e+02;2.1328649e-01;2.0250000e+02;2.3352586e-01;2.0250000e+02;2.5055993e-01;2.0250000e+02;2.5448775e-01;2.0250000e+02;2.3112550e-01;2.0250000e+02;1.8893842e-01;2.0250000e+02;1.3631141e-01;2.0250000e+02;8.4995225e-02;2.0250000e+02;3.8670346e-02;2.0250000e+02;-2.6501287e-03;2.0250000e+02;8.5161692e-03;2.0250000e+02;2.5408052e-02;2.0250000e+02;4.7235303e-02;2.0250000e+02;7.2601981e-02;2.0250000e+02;1.0163301e-01;2.0250000e+02;1.3321121e-01;2.0250000e+02;1.6726768e-01;2.0250000e+02;1.9303927e-01;2.0250000e+02;2.1328649e-01;2.0250000e+02;2.3352586e-01;2.0250000e+02;2.5055993e-01;2.0250000e+02;2.5448775e-01;2.0250000e+02;2.3112550e-01;2.0250000e+02;1.8893842e-01;2.0250000e+02;1.3631141e-01;2.0250000e+02;8.4995225e-02;2.0250000e+02;3.8670346e-02;2.0250000e+02;-2.6501287e-03;2.0250000e+02;8.5161692e-03;2.0250000e+02;2.5408052e-02;2.0250000e+02;4.7235303e-02;2.0250000e+02;7.2601981e-02;2.0250000e+02;1.0163301e-01;2.0250000e+02;1.3321121e-01;2.0250000e+02;1.6726768e-01;2.0250000e+02;1.9303927e-01;2.0250000e+02;2.1328649e-01;2.0250000e+02;2.3352586e-01;2.0250000e+02;2.5055993e-01;2.0250000e+02;2.5448775e-01;2.0250000e+02;2.3112550e-01;2.0250000e+02;1.8893842e-01;2.0250000e+02;1.3631141e-01;2.0250000e+02;8.4995225e-02;2.0250000e+02;3.8670346e-02;2.0250000e+02;-2.6501287e-03;2.0250000e+02;8.5161692e-03;2.0250000e+02;2.5408052e-02;2.0250000e+02;4.7235303e-02;2.0250000e+02;7.2601981e-02;2.0250000e+02;1.0163301e-01;2.0250000e+02;1.3321121e-01;2.0250000e+02;1.6726768e-01;2.0250000e+02;1.9303927e-01;2.0250000e+02;2.1328649e-01;2.0250000e+02;2.3352586e-01;2.0250000e+02;2.5055993e-01;2.0250000e+02;2.5448775e-01;2.0250000e+02;2.3112550e-01;2.0250000e+02;1.8893842e-01;2.0250000e+02;1.3631141e-01;2.0250000e+02;8.4995225e-02;2.0250000e+02;3.8670346e-02;2.0250000e+02;-2.6501287e-03;2.0250000e+02;8.5161692e-03;2.0250000e+02;2.5408052e-02;2.0250000e+02;4.7235303e-02;2.0250000e+02;7.2601981e-02;2.0250000e+02;1.0163301e-01;2.0250000e+02;1.3321121e-01;2.0250000e+02;1.6726768e-01;2.0250000e+02;1.9303927e-01;2.0250000e+02;2.1328649e-01;2.0250000e+02;2.3352586e-01;2.0250000e+02;2.5055993e-01;2.0250000e+02;2.5448775e-01;2.0250000e+02;2.3112550e-01;2.0250000e+02;1.8893842e-01;2.0250000e+02;1.3631141e-01;2.0250000e+02;8.4995225e-02;2.0250000e+02;3.8670346e-02;2.0250000e+02;-2.6501287e-03;2.0250000e+02;8.5161692e-03;2.0250000e+02;2.5408052e-02;2.0250000e+02;4.7235303e-02;2.0250000e+02;7.2601981e-02;2.0250000e+02;1.0163301e-01;2.0250000e+02;1.3321121e-01;2.0250000e+02;1.6726768e-01;2.0250000e+02;1.9303927e-01;2.0250000e+02;2.1328649e-01;2.0250000e+02;2.3352586e-01;2.0250000e+02;2.5055993e-01;2.0250000e+02;2.5448775e-01;2.0250000e+02;2.3112550e-01;2.0250000e+02;1.8893842e-01;2.0250000e+02;1.3631141e-01;2.0250000e+02;8.4995225e-02;2.0250000e+02;3.8670346e-02;2.0250000e+02;-2.6501287e-03;2.0250000e+02;8.5161692e-03;2.0250000e+02;2.5408052e-02;2.0250000e+02;4.7235303e-02;2.0250000e+02;7.2601981e-02;2.0250000e+02;1.0163301e-01;2.0250000e+02;1.3321121e-01;2.0250000e+02;1.6726768e-01;2.0250000e+02;1.9303927e-01;2.0250000e+02;2.1328649e-01;2.0250000e+02;2.3352586e-01;2.0250000e+02;2.5055993e-01;2.0250000e+02;2.5448775e-01;2.0250000e+02;2.3112550e-01;2.0250000e+02;1.8893842e-01;2.0250000e+02;1.3631141e-01;2.0250000e+02;8.4995225e-02;2.0250000e+02;3.8670346e-02;2.0250000e+02;-2.6501287e-03;2.0250000e+02;8.5161692e-03;2.0250000e+02;2.5408052e-02;2.0250000e+02;4.7235303e-02;2.0250000e+02;7.2601981e-02;2.0250000e+02;1.0163301e-01;2.0250000e+02;1.3321121e-01;2.0250000e+02;1.6726768e-01;2.0250000e+02;1.9303927e-01;2.0250000e+02;2.1328649e-01;2.0250000e+02;2.3352586e-01;2.0250000e+02;2.5055993e-01;2.0250000e+02;2.5448775e-01;2.0250000e+02;2.3112550e-01;2.0250000e+02;1.8893842e-01;2.0250000e+02;1.3631141e-01;2.0250000e+02;8.4995225e-02;2.0250000e+02;3.8670346e-02;2.0250000e+02;-2.6501287e-03;2.0250000e+02;8.5161692e-03;2.0250000e+02;2.5408052e-02;2.0250000e+02;4.7235303e-02;2.0250000e+02;7.2601981e-02;2.0250000e+02;1.0163301e-01;2.0250000e+02;1.3321121e-01;2.0250000e+02;1.6726768e-01;2.0250000e+02;1.9303927e-01;2.0250000e+02;2.1328649e-01;2.0250000e+02;2.3352586e-01;2.0250000e+02;2.5055993e-01;2.0250000e+02;2.5448775e-01;2.0250000e+02;2.3112550e-01;2.0250000e+02;1.8893842e-01;2.0250000e+02;1.3631141e-01;2.0250000e+02;8.4995225e-02;2.0250000e+02;3.8670346e-02;2.0250000e+02;-2.6501287e-03;2.0250000e+02;8.5161692e-03;2.0250000e+02;2.5408052e-02;2.0250000e+02;4.7235303e-02;2.0250000e+02;7.2601981e-02;2.0250000e+02;1.0163301e-01;2.0250000e+02;1.3321121e-01;2.0250000e+02;1.6726768e-01;2.0250000e+02;1.9303927e-01;2.0250000e+02;2.1328649e-01;2.0250000e+02;2.3352586e-01;2.0250000e+02;2.5055993e-01;2.0250000e+02;2.5448775e-01;2.0250000e+02;2.3112550e-01;2.0250000e+02;1.8893842e-01;2.0250000e+02;1.3631141e-01;2.0250000e+02;8.4995225e-02;2.0250000e+02;3.8670346e-02;2.0250000e+02;-2.6501287e-03;2.0250000e+02;8.5161692e-03;2.0250000e+02;2.5408052e-02;2.0250000e+02;4.7235303e-02;2.0250000e+02;7.2601981e-02;2.0250000e+02;1.0163301e-01;2.0250000e+02;1.3321121e-01;2.0250000e+02;1.6726768e-01;2.0250000e+02;1.9303927e-01;2.0250000e+02;2.1328649e-01;2.0250000e+02;2.3352586e-01;2.0250000e+02;2.5055993e-01;2.0250000e+02;2.5448775e-01;2.0250000e+02;2.3112550e-01;2.0250000e+02;1.8893842e-01;2.0250000e+02;1.3631141e-01;2.0250000e+02;8.4995225e-02;2.0250000e+02;3.8670346e-02;2.0250000e+02;-2.6501287e-03;2.0250000e+02;8.5161692e-03;2.0250000e+02;2.5408052e-02;2.0250000e+02;4.7235303e-02;2.0250000e+02;7.2601981e-02;2.0250000e+02;1.0163301e-01;2.0250000e+02;1.3321121e-01;2.0250000e+02;1.6726768e-01;2.0250000e+02;1.9303927e-01;2.0250000e+02;2.1328649e-01;2.0250000e+02;2.3352586e-01;2.0250000e+02;2.5055993e-01;2.0250000e+02;2.5448775e-01;2.0250000e+02;2.3112550e-01;2.0250000e+02;1.8893842e-01;2.0250000e+02;1.3631141e-01;2.0250000e+02;8.4995225e-02;2.0250000e+02;3.8670346e-02;2.0250000e+02;-2.6501287e-03;2.0250000e+02;8.5161692e-03;2.0250000e+02;2.5408052e-02;2.0250000e+02;4.7235303e-02;2.0250000e+02;7.2601981e-02;2.0250000e+02;1.0163301e-01;2.0250000e+02;1.3321121e-01;2.0250000e+02;1.6726768e-01;2.0250000e+02;1.9303927e-01;2.0250000e+02;2.1328649e-01;2.0250000e+02;2.3352586e-01;2.0250000e+02;2.5055993e-01;2.0250000e+02;2.5448775e-01;2.0250000e+02;2.3112550e-01;2.0250000e+02;1.8893842e-01;2.0250000e+02;1.3631141e-01;2.0250000e+02;8.4995225e-02;2.0250000e+02;3.8670346e-02;2.0250000e+02;-2.6501287e-03;2.0250000e+02;8.5161692e-03;2.0250000e+02;2.5408052e-02;2.0250000e+02;4.7235303e-02;2.0250000e+02;7.2601981e-02;2.0250000e+02;1.0163301e-01;2.0250000e+02;1.3321121e-01;2.0250000e+02;1.6726768e-01;2.0250000e+02;1.9303927e-01;2.0250000e+02;2.1328649e-01;2.0250000e+02;2.3352586e-01;2.0250000e+02;2.5055993e-01;2.0250000e+02;2.5448775e-01;2.0250000e+02;2.3112550e-01;2.0250000e+02;1.8893842e-01;2.0250000e+02;1.3631141e-01;2.0250000e+02;8.4995225e-02;2.0250000e+02;3.8670346e-02;2.0250000e+02;-2.6501287e-03;2.0250000e+02;8.5161692e-03;2.0250000e+02;2.5408052e-02;2.0250000e+02;4.7235303e-02;2.0250000e+02;7.2601981e-02;2.0250000e+02;1.0163301e-01;2.0250000e+02;1.3321121e-01;2.0250000e+02;1.6726768e-01;2.0250000e+02;1.9303927e-01;2.0250000e+02;2.1328649e-01;2.0250000e+02;2.3352586e-01;2.0250000e+02;2.5055993e-01;2.0250000e+02;2.5448775e-01;2.0250000e+02;2.3112550e-01;2.0250000e+02;1.8893842e-01;2.0250000e+02;1.3631141e-01;2.0250000e+02;8.4995225e-02;2.0250000e+02;3.8670346e-02;2.0250000e+02;-2.6501287e-03;2.0250000e+02;8.5161692e-03;2.0250000e+02;2.5408052e-02;2.0250000e+02;4.7235303e-02;2.0250000e+02;7.2601981e-02;2.0250000e+02;1.0163301e-01;2.0250000e+02;1.3321121e-01;2.0250000e+02;1.6726768e-01;2.0250000e+02;1.9303927e-01;2.0250000e+02;2.1328649e-01;2.0250000e+02;2.3352586e-01;2.0250000e+02;2.5055993e-01;2.0250000e+02;2.5448775e-01;2.0250000e+02;2.3112550e-01;2.0250000e+02;1.8893842e-01;2.0250000e+02;1.3631141e-01;2.0250000e+02;8.4995225e-02;2.0250000e+02;3.8670346e-02;2.0250000e+02;-2.6501287e-03;2.0250000e+02;8.5161692e-03;2.0250000e+02;2.5408052e-02;2.0250000e+02;4.7235303e-02;2.0250000e+02;7.2601981e-02;2.0250000e+02;1.0163301e-01;2.0250000e+02;1.3321121e-01;2.0250000e+02;1.6726768e-01;2.0250000e+02;1.9303927e-01;2.0250000e+02;2.1328649e-01;2.0250000e+02;2.3352586e-01;2.0250000e+02;2.5055993e-01;2.0250000e+02;2.5448775e-01;2.0250000e+02;2.3112550e-01;2.0250000e+02;1.8893842e-01;2.0250000e+02;1.3631141e-01;2.0250000e+02;8.4995225e-02;2.0250000e+02;3.8670346e-02;2.0250000e+02;-2.6501287e-03;2.0250000e+02;8.5161692e-03;2.0250000e+02;2.5408052e-02;2.0250000e+02;4.7235303e-02;2.0250000e+02;7.2601981e-02;2.0250000e+02;1.0163301e-01;2.0250000e+02;1.3321121e-01;2.0250000e+02;1.6726768e-01;2.0250000e+02;1.9303927e-01;2.0250000e+02;2.1328649e-01;2.0250000e+02;2.3352586e-01;2.0250000e+02;2.5055993e-01;2.0250000e+02;2.5448775e-01;2.0250000e+02;2.3112550e-01;2.0250000e+02;1.8893842e-01;2.0250000e+02;1.3631141e-01;2.0250000e+02;8.4995225e-02;2.0250000e+02;3.8670346e-02;2.0250000e+02;-2.6501287e-03;2.0250000e+02;8.5161692e-03;2.0250000e+02;2.5408052e-02;2.0250000e+02;4.7235303e-02;2.0250000e+02;7.2601981e-02;2.0250000e+02;1.0163301e-01;2.0250000e+02;1.3321121e-01;2.0250000e+02;1.6726768e-01;2.0250000e+02;1.9303927e-01;2.0250000e+02;2.1328649e-01;2.0250000e+02;2.3352586e-01;2.0250000e+02;2.5055993e-01;2.0250000e+02;2.5448775e-01;2.0250000e+02;2.3112550e-01;2.0250000e+02;1.8893842e-01;2.0250000e+02;1.3631141e-01;2.0250000e+02;8.4995225e-02;2.0250000e+02;3.8670346e-02;2.0250000e+02;-2.6501287e-03;2.0250000e+02;8.5161692e-03;2.0250000e+02;2.5408052e-02;2.0250000e+02;4.7235303e-02;2.0250000e+02;7.2601981e-02;2.0250000e+02;1.0163301e-01;2.0250000e+02;1.3321121e-01;2.0250000e+02;1.6726768e-01;2.0250000e+02;1.9303927e-01;2.0250000e+02;2.1328649e-01;2.0250000e+02;2.3352586e-01;2.0250000e+02;2.5055993e-01;2.0250000e+02;2.5448775e-01;2.0250000e+02;2.3112550e-01;2.0250000e+02;1.8893842e-01;2.0250000e+02;1.3631141e-01;2.0250000e+02;8.4995225e-02;2.0250000e+02;3.8670346e-02;2.0250000e+02;-2.6501287e-03;2.0250000e+02;8.5161692e-03;2.0250000e+02;2.5408052e-02;2.0250000e+02;4.7235303e-02;2.0250000e+02;7.2601981e-02;2.0250000e+02;1.0163301e-01;2.0250000e+02;1.3321121e-01;2.0250000e+02;1.6726768e-01;2.0250000e+02;1.9303927e-01;2.0250000e+02;2.1328649e-01;2.0250000e+02;2.3352586e-01;2.0250000e+02;2.5055993e-01;2.0250000e+02;2.5448775e-01;2.0250000e+02;2.3112550e-01;2.0250000e+02;1.8893842e-01;2.0250000e+02;1.3631141e-01;2.0250000e+02;8.4995225e-02;2.0250000e+02;3.8670346e-02;2.0250000e+02;-2.6501287e-03;2.0250000e+02;8.5161692e-03;2.0250000e+02;2.5408052e-02;2.0250000e+02;4.7235303e-02;2.0250000e+02;7.2601981e-02;2.0250000e+02;1.0163301e-01;2.0250000e+02;1.3321121e-01;2.0250000e+02;1.6726768e-01;2.0250000e+02;1.9303927e-01;2.0250000e+02;2.1328649e-01;2.0250000e+02;2.3352586e-01;2.0250000e+02;2.5055993e-01;2.0250000e+02;2.5448775e-01;2.0250000e+02;2.3112550e-01;2.0250000e+02;1.8893842e-01;2.0250000e+02;1.3631141e-01;2.0250000e+02;8.4995225e-02;2.0250000e+02;3.8670346e-02;2.0250000e+02;-2.6501287e-03;2.0250000e+02;8.5161692e-03;2.0250000e+02;2.5408052e-02;2.0250000e+02;4.7235303e-02;2.0250000e+02;7.2601981e-02;2.0250000e+02;1.0163301e-01;2.0250000e+02;1.3321121e-01;2.0250000e+02;1.6726768e-01;2.0250000e+02;1.9303927e-01;2.0250000e+02;2.1328649e-01;2.0250000e+02;2.3352586e-01;2.0250000e+02;2.5055993e-01;2.0250000e+02;2.5448775e-01;2.0250000e+02;2.3112550e-01;2.0250000e+02;1.8893842e-01;2.0250000e+02;1.3631141e-01;2.0250000e+02;8.4995225e-02;2.0250000e+02;3.8670346e-02;2.0250000e+02;-2.6501287e-03;2.0250000e+02;8.5161692e-03;2.0250000e+02;2.5408052e-02;2.0250000e+02;4.7235303e-02;2.0250000e+02;7.2601981e-02;2.0250000e+02;1.0163301e-01;2.0250000e+02;1.3321121e-01;2.0250000e+02;1.6726768e-01;2.0250000e+02;1.9303927e-01;2.0250000e+02;2.1328649e-01;2.0250000e+02;2.3352586e-01;2.0250000e+02;2.5055993e-01;2.0250000e+02;2.5448775e-01;2.0250000e+02;2.3112550e-01;2.0250000e+02;1.8893842e-01;2.0250000e+02;1.3631141e-01;2.0250000e+02;8.4995225e-02;2.0250000e+02;3.8670346e-02;2.0250000e+02;-2.6501287e-03;2.0250000e+02;8.5161692e-03;2.0250000e+02;2.5408052e-02;2.0250000e+02;4.7235303e-02;2.0250000e+02;7.2601981e-02;2.0250000e+02;1.0163301e-01;2.0250000e+02;1.3321121e-01;2.0250000e+02;1.6726768e-01;2.0250000e+02;1.9303927e-01;2.0250000e+02;2.1328649e-01;2.0250000e+02;2.3352586e-01;2.0250000e+02;2.5055993e-01;2.0250000e+02;2.5448775e-01;2.0250000e+02;2.3112550e-01;2.0250000e+02;1.8893842e-01;2.0250000e+02;1.3631141e-01;2.0250000e+02;8.4995225e-02;2.0250000e+02;3.8670346e-02;2.0250000e+02;-2.6501287e-03;2.0250000e+02;8.5161692e-03;2.0250000e+02;2.5408052e-02;2.0250000e+02;4.7235303e-02;2.0250000e+02;7.2601981e-02;2.0250000e+02;1.0163301e-01;2.0250000e+02;1.3321121e-01;2.0250000e+02;1.6726768e-01;2.0250000e+02;1.9303927e-01;2.0250000e+02;2.1328649e-01;2.0250000e+02;2.3352586e-01;2.0250000e+02;2.5055993e-01;2.0250000e+02;2.5448775e-01;2.0250000e+02;2.3112550e-01;2.0250000e+02;1.8893842e-01;2.0250000e+02;1.3631141e-01;2.0250000e+02;8.4995225e-02;2.0250000e+02;3.8670346e-02;2.0250000e+02;-2.6501287e-03;2.0250000e+02;8.5161692e-03;2.0250000e+02;2.5408052e-02;2.0250000e+02;4.7235303e-02;2.0250000e+02;7.2601981e-02;2.0250000e+02;1.0163301e-01;2.0250000e+02;1.3321121e-01;2.0250000e+02;1.6726768e-01;2.0250000e+02;1.9303927e-01;2.0250000e+02;2.1328649e-01;2.0250000e+02;2.3352586e-01;2.0250000e+02;2.5055993e-01;2.0250000e+02;2.5448775e-01;2.0250000e+02;2.3112550e-01;2.0250000e+02;1.8893842e-01;2.0250000e+02;1.3631141e-01;2.0250000e+02;8.4995225e-02;2.0250000e+02;3.8670346e-02;2.0250000e+02;-2.6501287e-03;2.0250000e+02;8.5161692e-03;2.0250000e+02;2.5408052e-02;2.0250000e+02;4.7235303e-02;2.0250000e+02;7.2601981e-02;2.0250000e+02;1.0163301e-01;2.0250000e+02;1.3321121e-01;2.0250000e+02;1.6726768e-01;2.0250000e+02;1.9303927e-01;2.0250000e+02;2.1328649e-01;2.0250000e+02;2.3352586e-01;2.0250000e+02;2.5055993e-01;2.0250000e+02;2.5448775e-01;2.0250000e+02;2.3112550e-01;2.0250000e+02;1.8893842e-01;2.0250000e+02;1.3631141e-01;2.0250000e+02;8.4995225e-02;2.0250000e+02;3.8670346e-02;2.0250000e+02;-2.6501287e-03;2.0250000e+02;8.5161692e-03;2.0250000e+02;2.5408052e-02;2.0250000e+02;4.7235303e-02;2.0250000e+02;7.2601981e-02;2.0250000e+02;1.0163301e-01;2.0250000e+02;1.3321121e-01;2.0250000e+02;1.6726768e-01;2.0250000e+02;1.9303927e-01;2.0250000e+02;2.1328649e-01;2.0250000e+02;2.3352586e-01;2.0250000e+02;2.5055993e-01;2.0250000e+02;2.5448775e-01;2.0250000e+02;2.3112550e-01;2.0250000e+02;1.8893842e-01;2.0250000e+02;1.3631141e-01;2.0250000e+02;8.4995225e-02;2.0250000e+02;3.8670346e-02
2.0750000e+02;-5.3787967e-03;2.0750000e+02;4.7445567e-03;2.0750000e+02;2.0307094e-02;2.0750000e+02;4.0535614e-02;2.0750000e+02;6.4928062e-02;2.0750000e+02;9.3419328e-02;2.0750000e+02;1.2347470e-01;2.0750000e+02;1.5312636e-01;2.0750000e+02;1.7634541e-01;2.0750000e+02;1.9545126e-01;2.0750000e+02;2.1774825e-01;2.0750000e+02;2.3789437e-01;2.0750000e+02;2.4612373e-01;2.0750000e+02;2.2608858e-01;2.0750000e+02;1.8580940e-01;2.0750000e+02;1.3420954e-01;2.0750000e+02;8.2969695e-02;2.0750000e+02;3.6132529e-02;2.0750000e+02;-5.3787967e-03;2.0750000e+02;4.7445567e-03;2.0750000e+02;2.0307094e-02;2.0750000e+02;4.0535614e-02;2.0750000e+02;6.4928062e-02;2.0750000e+02;9.3419328e-02;2.0750000e+02;1.2347470e-01;2.0750000e+02;1.5312636e-01;2.0750000e+02;1.7634541e-01;2.0750000e+02;1.9545126e-01;2.0750000e+02;2.1774825e-01;2.0750000e+02;2.3789437e-01;2.0750000e+02;2.4612373e-01;2.0750000e+02;2.2608858e-01;2.0750000e+02;1.8580940e-01;2.0750000e+02;1.3420954e-01;2.0750000e+02;8.2969695e-02;2.0750000e+02;3.6132529e-02;2.0750000e+02;-5.3787967e-03;2.0750000e+02;4.7445567e-03;2.0750000e+02;2.0307094e-02;2.0750000e+02;4.0535614e-02;2.0750000e+02;6.4928062e-02;2.0750000e+02;9.3419328e-02;2.0750000e+02;1.2347470e-01;2.0750000e+02;1.5312636e-01;2.0750000e+02;1.7634541e-01;2.0750000e+02;1.9545126e-01;2.0750000e+02;2.1774825e-01;2.0750000e+02;2.3789437e-01;2.0750000e+02;2.4612373e-01;2.0750000e+02;2.2608858e-01;2.0750000e+02;1.8580940e-01;2.0750000e+02;1.3420954e-01;2.0750000e+02;8.2969695e-02;2.0750000e+02;3.6132529e-02;2.0750000e+02;-5.3787967e-03;2.0750000e+02;4.7445567e-03;2.0750000e+02;2.0307094e-02;2.0750000e+02;4.0535614e-02;2.0750000e+02;6.4928062e-02;2.0750000e+02;9.3419328e-02;2.0750000e+02;1.2347470e-01;2.0750000e+02;1.5312636e-01;2.0750000e+02;1.7634541e-01;2.0750000e+02;1.9545126e-01;2.0750000e+02;2.1774825e-01;2.0750000e+02;2.3789437e-01;2.0750000e+02;2.4612373e-01;2.0750000e+02;2.2608858e-01;2.0750000e+02;1.8580940e-01;2.0750000e+02;1.3420954e-01;2.0750000e+02;8.2969695e-02;2.0750000e+02;3.6132529e-02;2.0750000e+02;-5.3787967e-03;2.0750000e+02;4.7445567e-03;2.0750000e+02;2.0307094e-02;2.0750000e+02;4.0535614e-02;2.0750000e+02;6.4928062e-02;2.0750000e+02;9.3419328e-02;2.0750000e+02;1.2347470e-01;2.0750000e+02;1.5312636e-01;2.0750000e+02;1.7634541e-01;2.0750000e+02;1.9545126e-01;2.0750000e+02;2.1774825e-01;2.0750000e+02;2.3789437e-01;2.0750000e+02;2.4612373e-01;2.0750000e+02;2.2608858e-01;2.0750000e+02;1.8580940e-01;2.0750000e+02;1.3420954e-01;2.0750000e+02;8.2969695e-02;2.0750000e+02;3.6132529e-02;2.0750000e+02;-5.3787967e-03;2.0750000e+02;4.7445567e-03;2.0750000e+02;2.0307094e-02;2.0750000e+02;4.0535614e-02;2.0750000e+02;6.4928062e-02;2.0750000e+02;9.3419328e-02;2.0750000e+02;1.2347470e-01;2.0750000e+02;1.5312636e-01;2.0750000e+02;1.7634541e-01;2.0750000e+02;1.9545126e-01;2.0750000e+02;2.1774825e-01;2.0750000e+02;2.3789437e-01;2.0750000e+02;2.4612373e-01;2.0750000e+02;2.2608858e-01;2.0750000e+02;1.8580940e-01;2.0750000e+02;1.3420954e-01;2.0750000e+02;8.2969695e-02;2.0750000e+02;3.6132529e-02;2.0750000e+02;-5.3787967e-03;2.0750000e+02;4.7445567e-03;2.0750000e+02;2.0307094e-02;2.0750000e+02;4.0535614e-02;2.0750000e+02;6.4928062e-02;2.0750000e+02;9.3419328e-02;2.0750000e+02;1.2347470e-01;2.0750000e+02;1.5312636e-01;2.0750000e+02;1.7634541e-01;2.0750000e+02;1.9545126e-01;2.0750000e+02;2.1774825e-01;2.0750000e+02;2.3789437e-01;2.0750000e+02;2.4612373e-01;2.0750000e+02;2.2608858e-01;2.0750000e+02;1.8580940e-01;2.0750000e+02;1.3420954e-01;2.0750000e+02;8.2969695e-02;2.0750000e+02;3.6132529e-02;2.0750000e+02;-5.3787967e-03;2.0750000e+02;4.7445567e-03;2.0750000e+02;2.0307094e-02;2.0750000e+02;4.0535614e-02;2.0750000e+02;6.4928062e-02;2.0750000e+02;9.3419328e-02;2.0750000e+02;1.2347470e-01;2.0750000e+02;1.5312636e-01;2.0750000e+02;1.7634541e-01;2.0750000e+02;1.9545126e-01;2.0750000e+02;2.1774825e-01;2.0750000e+02;2.3789437e-01;2.0750000e+02;2.4612373e-01;2.0750000e+02;2.2608858e-01;2.0750000e+02;1.8580940e-01;2.0750000e+02;1.3420954e-01;2.0750000e+02;8.2969695e-02;2.0750000e+02;3.6132529e-02;2.0750000e+02;-5.3787967e-03;2.0750000e+02;4.7445567e-03;2.0750000e+02;2.0307094e-02;2.0750000e+02;4.0535614e-02;2.0750000e+02;6.4928062e-02;2.0750000e+02;9.3419328e-02;2.0750000e+02;1.2347470e-01;2.0750000e+02;1.5312636e-01;2.0750000e+02;1.7634541e-01;2.0750000e+02;1.9545126e-01;2.0750000e+02;2.1774825e-01;2.0750000e+02;2.3789437e-01;2.0750000e+02;2.4612373e-01;2.0750000e+02;2.2608858e-01;2.0750000e+02;1.8580940e-01;2.0750000e+02;1.3420954e-01;2.0750000e+02;8.2969695e-02;2.0750000e+02;3.6132529e-02;2.0750000e+02;-5.3787967e-03;2.0750000e+02;4.7445567e-03;2.0750000e+02;2.0307094e-02;2.0750000e+02;4.0535614e-02;2.0750000e+02;6.4928062e-02;2.0750000e+02;9.3419328e-02;2.0750000e+02;1.2347470e-01;2.0750000e+02;1.5312636e-01;2.0750000e+02;1.7634541e-01;2.0750000e+02;1.9545126e-01;2.0750000e+02;2.1774825e-01;2.0750000e+02;2.3789437e-01;2.0750000e+02;2.4612373e-01;2.0750000e+02;2.2608858e-01;2.0750000e+02;1.8580940e-01;2.0750000e+02;1.3420954e-01;2.0750000e+02;8.2969695e-02;2.0750000e+02;3.6132529e-02;2.0750000e+02;-5.3787967e-03;2.0750000e+02;4.7445567e-03;2.0750000e+02;2.0307094e-02;2.0750000e+02;4.0535614e-02;2.0750000e+02;6.4928062e-02;2.0750000e+02;9.3419328e-02;2.0750000e+02;1.2347470e-01;2.0750000e+02;1.5312636e-01;2.0750000e+02;1.7634541e-01;2.0750000e+02;1.9545126e-01;2.0750000e+02;2.1774825e-01;2.0750000e+02;2.3789437e-01;2.0750000e+02;2.4612373e-01;2.0750000e+02;2.2608858e-01;2.0750000e+02;1.8580940e-01;2.0750000e+02;1.3420954e-01;2.0750000e+02;8.2969695e-02;2.0750000e+02;3.6132529e-02;2.0750000e+02;-5.3787967e-03;2.0750000e+02;4.7445567e-03;2.0750000e+02;2.0307094e-02;2.0750000e+02;4.0535614e-02;2.0750000e+02;6.4928062e-02;2.0750000e+02;9.3419328e-02;2.0750000e+02;1.2347470e-01;2.0750000e+02;1.5312636e-01;2.0750000e+02;1.7634541e-01;2.0750000e+02;1.9545126e-01;2.0750000e+02;2.1774825e-01;2.0750000e+02;2.3789437e-01;2.0750000e+02;2.4612373e-01;2.0750000e+02;2.2608858e-01;2.0750000e+02;1.8580940e-01;2.0750000e+02;1.3420954e-01;2.0750000e+02;8.2969695e-02;2.0750000e+02;3.6132529e-02;2.0750000e+02;-5.3787967e-03;2.0750000e+02;4.7445567e-03;2.0750000e+02;2.0307094e-02;2.0750000e+02;4.0535614e-02;2.0750000e+02;6.4928062e-02;2.0750000e+02;9.3419328e-02;2.0750000e+02;1.2347470e-01;2.0750000e+02;1.5312636e-01;2.0750000e+02;1.7634541e-01;2.0750000e+02;1.9545126e-01;2.0750000e+02;2.1774825e-01;2.0750000e+02;2.3789437e-01;2.0750000e+02;2.4612373e-01;2.0750000e+02;2.2608858e-01;2.0750000e+02;1.8580940e-01;2.0750000e+02;1.3420954e-01;2.0750000e+02;8.2969695e-02;2.0750000e+02;3.6132529e-02;2.0750000e+02;-5.3787967e-03;2.0750000e+02;4.7445567e-03;2.0750000e+02;2.0307094e-02;2.0750000e+02;4.0535614e-02;2.0750000e+02;6.4928062e-02;2.0750000e+02;9.3419328e-02;2.0750000e+02;1.2347470e-01;2.0750000e+02;1.5312636e-01;2.0750000e+02;1.7634541e-01;2.0750000e+02;1.9545126e-01;2.0750000e+02;2.1774825e-01;2.0750000e+02;2.3789437e-01;2.0750000e+02;2.4612373e-01;2.0750000e+02;2.2608858e-01;2.0750000e+02;1.8580940e-01;2.0750000e+02;1.3420954e-01;2.0750000e+02;8.2969695e-02;2.0750000e+02;3.6132529e-02;2.0750000e+02;-5.3787967e-03;2.0750000e+02;4.7445567e-03;2.0750000e+02;2.0307094e-02;2.0750000e+02;4.0535614e-02;2.0750000e+02;6.4928062e-02;2.0750000e+02;9.3419328e-02;2.0750000e+02;1.2347470e-01;2.0750000e+02;1.5312636e-01;2.0750000e+02;1.7634541e-01;2.0750000e+02;1.9545126e-01;2.0750000e+02;2.1774825e-01;2.0750000e+02;2.3789437e-01;2.0750000e+02;2.4612373e-01;2.0750000e+02;2.2608858e-01;2.0750000e+02;1.8580940e-01;2.0750000e+02;1.3420954e-01;2.0750000e+02;8.2969695e-02;2.0750000e+02;3.6132529e-02;2.0750000e+02;-5.3787967e-03;2.0750000e+02;4.7445567e-03;2.0750000e+02;2.0307094e-02;2.0750000e+02;4.0535614e-02;2.0750000e+02;6.4928062e-02;2.0750000e+02;9.3419328e-02;2.0750000e+02;1.2347470e-01;2.0750000e+02;1.5312636e-01;2.0750000e+02;1.7634541e-01;2.0750000e+02;1.9545126e-01;2.0750000e+02;2.1774825e-01;2.0750000e+02;2.3789437e-01;2.0750000e+02;2.4612373e-01;2.0750000e+02;2.2608858e-01;2.0750000e+02;1.8580940e-01;2.0750000e+02;1.3420954e-01;2.0750000e+02;8.2969695e-02;2.0750000e+02;3.6132529e-02;2.0750000e+02;-5.3787967e-03;2.0750000e+02;4.7445567e-03;2.0750000e+02;2.0307094e-02;2.0750000e+02;4.0535614e-02;2.0750000e+02;6.4928062e-02;2.0750000e+02;9.3419328e-02;2.0750000e+02;1.2347470e-01;2.0750000e+02;1.5312636e-01;2.0750000e+02;1.7634541e-01;2.0750000e+02;1.9545126e-01;2.0750000e+02;2.1774825e-01;2.0750000e+02;2.3789437e-01;2.0750000e+02;2.4612373e-01;2.0750000e+02;2.2608858e-01;2.0750000e+02;1.8580940e-01;2.0750000e+02;1.3420954e-01;2.0750000e+02;8.2969695e-02;2.0750000e+02;3.6132529e-02;2.0750000e+02;-5.3787967e-03;2.0750000e+02;4.7445567e-03;2.0750000e+02;2.0307094e-02;2.0750000e+02;4.0535614e-02;2.0750000e+02;6.4928062e-02;2.0750000e+02;9.3419328e-02;2.0750000e+02;1.2347470e-01;2.0750000e+02;1.5312636e-01;2.0750000e+02;1.7634541e-01;2.0750000e+02;1.9545126e-01;2.0750000e+02;2.1774825e-01;2.0750000e+02;2.3789437e-01;2.0750000e+02;2.4612373e-01;2.0750000e+02;2.2608858e-01;2.0750000e+02;1.8580940e-01;2.0750000e+02;1.3420954e-01;2.0750000e+02;8.2969695e-02;2.0750000e+02;3.6132529e-02;2.0750000e+02;-5.3787967e-03;2.0750000e+02;4.7445567e-03;2.0750000e+02;2.0307094e-02;2.0750000e+02;4.0535614e-02;2.0750000e+02;6.4928062e-02;2.0750000e+02;9.3419328e-02;2.0750000e+02;1.2347470e-01;2.0750000e+02;1.5312636e-01;2.0750000e+02;1.7634541e-01;2.0750000e+02;1.9545126e-01;2.0750000e+02;2.1774825e-01;2.0750000e+02;2.3789437e-01;2.0750000e+02;2.4612373e-01;2.0750000e+02;2.2608858e-01;2.0750000e+02;1.8580940e-01;2.0750000e+02;1.3420954e-01;2.0750000e+02;8.2969695e-02;2.0750000e+02;3.6132529e-02;2.0750000e+02;-5.3787967e-03;2.0750000e+02;4.7445567e-03;2.0750000e+02;2.0307094e-02;2.0750000e+02;4.0535614e-02;2.0750000e+02;6.4928062e-02;2.0750000e+02;9.3419328e-02;2.0750000e+02;1.2347470e-01;2.0750000e+02;1.5312636e-01;2.0750000e+02;1.7634541e-01;2.0750000e+02;1.9545126e-01;2.0750000e+02;2.1774825e-01;2.0750000e+02;2.3789437e-01;2.0750000e+02;2.4612373e-01;2.0750000e+02;2.2608858e-01;2.0750000e+02;1.8580940e-01;2.0750000e+02;1.3420954e-01;2.0750000e+02;8.2969695e-02;2.0750000e+02;3.6132529e-02;2.0750000e+02;-5.3787967e-03;2.0750000e+02;4.7445567e-03;2.0750000e+02;2.0307094e-02;2.0750000e+02;4.0535614e-02;2.0750000e+02;6.4928062e-02;2.0750000e+02;9.3419328e-02;2.0750000e+02;1.2347470e-01;2.0750000e+02;1.5312636e-01;2.0750000e+02;1.7634541e-01;2.0750000e+02;1.9545126e-01;2.0750000e+02;2.1774825e-01;2.0750000e+02;2.3789437e-01;2.0750000e+02;2.4612373e-01;2.0750000e+02;2.2608858e-01;2.0750000e+02;1.8580940e-01;2.0750000e+02;1.3420954e-01;2.0750000e+02;8.2969695e-02;2.0750000e+02;3.6132529e-02;2.0750000e+02;-5.3787967e-03;2.0750000e+02;4.7445567e-03;2.0750000e+02;2.0307094e-02;2.0750000e+02;4.0535614e-02;2.0750000e+02;6.4928062e-02;2.0750000e+02;9.3419328e-02;2.0750000e+02;1.2347470e-01;2.0750000e+02;1.5312636e-01;2.0750000e+02;1.7634541e-01;2.0750000e+02;1.9545126e-01;2.0750000e+02;2.1774825e-01;2.0750000e+02;2.3789437e-01;2.0750000e+02;2.4612373e-01;2.0750000e+02;2.2608858e-01;2.0750000e+02;1.8580940e-01;2.0750000e+02;1.3420954e-01;2.0750000e+02;8.2969695e-02;2.0750000e+02;3.6132529e-02;2.0750000e+02;-5.3787967e-03;2.0750000e+02;4.7445567e-03;2.0750000e+02;2.0307094e-02;2.0750000e+02;4.0535614e-02;2.0750000e+02;6.4928062e-02;2.0750000e+02;9.3419328e-02;2.0750000e+02;1.2347470e-01;2.0750000e+02;1.5312636e-01;2.0750000e+02;1.7634541e-01;2.0750000e+02;1.9545126e-01;2.0750000e+02;2.1774825e-01;2.0750000e+02;2.3789437e-01;2.0750000e+02;2.4612373e-01;2.0750000e+02;2.2608858e-01;2.0750000e+02;1.8580940e-01;2.0750000e+02;1.3420954e-01;2.0750000e+02;8.2969695e-02;2.0750000e+02;3.6132529e-02;2.0750000e+02;-5.3787967e-03;2.0750000e+02;4.7445567e-03;2.0750000e+02;2.0307094e-02;2.0750000e+02;4.0535614e-02;2.0750000e+02;6.4928062e-02;2.0750000e+02;9.3419328e-02;2.0750000e+02;1.2347470e-01;2.0750000e+02;1.5312636e-01;2.0750000e+02;1.7634541e-01;2.0750000e+02;1.9545126e-01;2.0750000e+02;2.1774825e-01;2.0750000e+02;2.3789437e-01;2.0750000e+02;2.4612373e-01;2.0750000e+02;2.2608858e-01;2.0750000e+02;1.8580940e-01;2.0750000e+02;1.3420954e-01;2.0750000e+02;8.2969695e-02;2.0750000e+02;3.6132529e-02;2.0750000e+02;-5.3787967e-03;2.0750000e+02;4.7445567e-03;2.0750000e+02;2.0307094e-02;2.0750000e+02;4.0535614e-02;2.0750000e+02;6.4928062e-02;2.0750000e+02;9.3419328e-02;2.0750000e+02;1.2347470e-01;2.0750000e+02;1.5312636e-01;2.0750000e+02;1.7634541e-01;2.0750000e+02;1.9545126e-01;2.0750000e+02;2.1774825e-01;2.0750000e+02;2.3789437e-01;2.0750000e+02;2.4612373e-01;2.0750000e+02;2.2608858e-01;2.0750000e+02;1.8580940e-01;2.0750000e+02;1.3420954e-01;2.0750000e+02;8.2969695e-02;2.0750000e+02;3.6132529e-02;2.0750000e+02;-5.3787967e-03;2.0750000e+02;4.7445567e-03;2.0750000e+02;2.0307094e-02;2.0750000e+02;4.0535614e-02;2.0750000e+02;6.4928062e-02;2.0750000e+02;9.3419328e-02;2.0750000e+02;1.2347470e-01;2.0750000e+02;1.5312636e-01;2.0750000e+02;1.7634541e-01;2.0750000e+02;1.9545126e-01;2.0750000e+02;2.1774825e-01;2.0750000e+02;2.3789437e-01;2.0750000e+02;2.4612373e-01;2.0750000e+02;2.2608858e-01;2.0750000e+02;1.8580940e-01;2.0750000e+02;1.3420954e-01;2.0750000e+02;8.2969695e-02;2.0750000e+02;3.6132529e-02;2.0750000e+02;-5.3787967e-03;2.0750000e+02;4.7445567e-03;2.0750000e+02;2.0307094e-02;2.0750000e+02;4.0535614e-02;2.0750000e+02;6.4928062e-02;2.0750000e+02;9.3419328e-02;2.0750000e+02;1.2347470e-01;2.0750000e+02;1.5312636e-01;2.0750000e+02;1.7634541e-01;2.0750000e+02;1.9545126e-01;2.0750000e+02;2.1774825e-01;2.0750000e+02;2.3789437e-01;2.0750000e+02;2.4612373e-01;2.0750000e+02;2.2608858e-01;2.0750000e+02;1.8580940e-01;2.0750000e+02;1.3420954e-01;2.0750000e+02;8.2969695e-02;2.0750000e+02;3.6132529e-02;2.0750000e+02;-5.3787967e-03;2.0750000e+02;4.7445567e-03;2.0750000e+02;2.0307094e-02;2.0750000e+02;4.0535614e-02;2.0750000e+02;6.4928062e-02;2.0750000e+02;9.3419328e-02;2.0750000e+02;1.2347470e-01;2.0750000e+02;1.5312636e-01;2.0750000e+02;1.7634541e-01;2.0750000e+02;1.9545126e-01;2.0750000e+02;2.1774825e-01;2.0750000e+02;2.3789437e-01;2.0750000e+02;2.4612373e-01;2.0750000e+02;2.2608858e-01;2.0750000e+02;1.8580940e-01;2.0750000e+02;1.3420954e-01;2.0750000e+02;8.2969695e-02;2.0750000e+02;3.6132529e-02;2.0750000e+02;-5.3787967e-03;2.0750000e+02;4.7445567e-03;2.0750000e+02;2.0307094e-02;2.0750000e+02;4.0535614e-02;2.0750000e+02;6.4928062e-02;2.0750000e+02;9.3419328e-02;2.0750000e+02;1.2347470e-01;2.0750000e+02;1.5312636e-01;2.0750000e+02;1.7634541e-01;2.0750000e+02;1.9545126e-01;2.0750000e+02;2.1774825e-01;2.0750000e+02;2.3789437e-01;2.0750000e+02;2.4612373e-01;2.0750000e+02;2.2608858e-01;2.0750000e+02;1.8580940e-01;2.0750000e+02;1.3420954e-01;2.0750000e+02;8.2969695e-02;2.0750000e+02;3.6132529e-02;2.0750000e+02;-5.3787967e-03;2.0750000e+02;4.7445567e-03;2.0750000e+02;2.0307094e-02;2.0750000e+02;4.0535614e-02;2.0750000e+02;6.4928062e-02;2.0750000e+02;9.3419328e-02;2.0750000e+02;1.2347470e-01;2.0750000e+02;1.5312636e-01;2.0750000e+02;1.7634541e-01;2.0750000e+02;1.9545126e-01;2.0750000e+02;2.1774825e-01;2.0750000e+02;2.3789437e-01;2.0750000e+02;2.4612373e-01;2.0750000e+02;2.2608858e-01;2.0750000e+02;1.8580940e-01;2.0750000e+02;1.3420954e-01;2.0750000e+02;8.2969695e-02;2.0750000e+02;3.6132529e-02;2.0750000e+02;-5.3787967e-03;2.0750000e+02;4.7445567e-03;2.0750000e+02;2.0307094e-02;2.0750000e+02;4.0535614e-02;2.0750000e+02;6.4928062e-02;2.0750000e+02;9.3419328e-02;2.0750000e+02;1.2347470e-01;2.0750000e+02;1.5312636e-01;2.0750000e+02;1.7634541e-01;2.0750000e+02;1.9545126e-01;2.0750000e+02;2.1774825e-01;2.0750000e+02;2.3789437e-01;2.0750000e+02;2.4612373e-01;2.0750000e+02;2.2608858e-01;2.0750000e+02;1.8580940e-01;2.0750000e+02;1.3420954e-01;2.0750000e+02;8.2969695e-02;2.0750000e+02;3.6132529e-02;2.0750000e+02;-5.3787967e-03;2.0750000e+02;4.7445567e-03;2.0750000e+02;2.0307094e-02;2.0750000e+02;4.0535614e-02;2.0750000e+02;6.4928062e-02;2.0750000e+02;9.3419328e-02;2.0750000e+02;1.2347470e-01;2.0750000e+02;1.5312636e-01;2.0750000e+02;1.7634541e-01;2.0750000e+02;1.9545126e-01;2.0750000e+02;2.1774825e-01;2.0750000e+02;2.3789437e-01;2.0750000e+02;2.4612373e-01;2.0750000e+02;2.2608858e-01;2.0750000e+02;1.8580940e-01;2.0750000e+02;1.3420954e-01;2.0750000e+02;8.2969695e-02;2.0750000e+02;3.6132529e-02;2.0750000e+02;-5.3787967e-03;2.0750000e+02;4.7445567e-03;2.0750000e+02;2.0307094e-02;2.0750000e+02;4.0535614e-02;2.0750000e+02;6.4928062e-02;2.0750000e+02;9.3419328e-02;2.0750000e+02;1.2347470e-01;2.0750000e+02;1.5312636e-01;2.0750000e+02;1.7634541e-01;2.0750000e+02;1.9545126e-01;2.0750000e+02;2.1774825e-01;2.0750000e+02;2.3789437e-01;2.0750000e+02;2.4612373e-01;2.0750000e+02;2.2608858e-01;2.0750000e+02;1.8580940e-01;2.0750000e+02;1.3420954e-01;2.0750000e+02;8.2969695e-02;2.0750000e+02;3.6132529e-02;2.0750000e+02;-5.3787967e-03;2.0750000e+02;4.7445567e-03;2.0750000e+02;2.0307094e-02;2.0750000e+02;4.0535614e-02;2.0750000e+02;6.4928062e-02;2.0750000e+02;9.3419328e-02;2.0750000e+02;1.2347470e-01;2.0750000e+02;1.5312636e-01;2.0750000e+02;1.7634541e-01;2.0750000e+02;1.9545126e-01;2.0750000e+02;2.1774825e-01;2.0750000e+02;2.3789437e-01;2.0750000e+02;2.4612373e-01;2.0750000e+02;2.2608858e-01;2.0750000e+02;1.8580940e-01;2.0750000e+02;1.3420954e-01;2.0750000e+02;8.2969695e-02;2.0750000e+02;3.6132529e-02;2.0750000e+02;-5.3787967e-03;2.0750000e+02;4.7445567e-03;2.0750000e+02;2.0307094e-02;2.0750000e+02;4.0535614e-02;2.0750000e+02;6.4928062e-02;2.0750000e+02;9.3419328e-02;2.0750000e+02;1.2347470e-01;2.0750000e+02;1.5312636e-01;2.0750000e+02;1.7634541e-01;2.0750000e+02;1.9545126e-01;2.0750000e+02;2.1774825e-01;2.0750000e+02;2.3789437e-01;2.0750000e+02;2.4612373e-01;2.0750000e+02;2.2608858e-01;2.0750000e+02;1.8580940e-01;2.0750000e+02;1.3420954e-01;2.0750000e+02;8.2969695e-02;2.0750000e+02;3.6132529e-02;2.0750000e+02;-5.3787967e-03;2.0750000e+02;4.7445567e-03;2.0750000e+02;2.0307094e-02;2.0750000e+02;4.0535614e-02;2.0750000e+02;6.4928062e-02;2.0750000e+02;9.3419328e-02;2.0750000e+02;1.2347470e-01;2.0750000e+02;1.5312636e-01;2.0750000e+02;1.7634541e-01;2.0750000e+02;1.9545126e-01;2.0750000e+02;2.1774825e-01;2.0750000e+02;2.3789437e-01;2.0750000e+02;2.4612373e-01;2.0750000e+02;2.2608858e-01;2.0750000e+02;1.8580940e-01;2.0750000e+02;1.3420954e-01;2.0750000e+02;8.2969695e-02;2.0750000e+02;3.6132529e-02;2.0750000e+02;-5.3787967e-03;2.0750000e+02;4.7445567e-03;2.0750000e+02;2.0307094e-02;2.0750000e+02;4.0535614e-02;2.0750000e+02;6.4928062e-02;2.0750000e+02;9.3419328e-02;2.0750000e+02;1.2347470e-01;2.0750000e+02;1.5312636e-01;2.0750000e+02;1.7634541e-01;2.0750000e+02;1.9545126e-01;2.0750000e+02;2.1774825e-01;2.0750000e+02;2.3789437e-01;2.0750000e+02;2.4612373e-01;2.0750000e+02;2.2608858e-01;2.0750000e+02;1.8580940e-01;2.0750000e+02;1.3420954e-01;2.0750000e+02;8.2969695e-02;2.0750000e+02;3.6132529e-02;2.0750000e+02;-5.3787967e-03;2.0750000e+02;4.7445567e-03;2.0750000e+02;2.0307094e-02;2.0750000e+02;4.0535614e-02;2.0750000e+02;6.4928062e-02;2.0750000e+02;9.3419328e-02;2.0750000e+02;1.2347470e-01;2.0750000e+02;1.5312636e-01;2.0750000e+02;1.7634541e-01;2.0750000e+02;1.9545126e-01;2.0750000e+02;2.1774825e-01;2.0750000e+02;2.3789437e-01;2.0750000e+02;2.4612373e-01;2.0750000e+02;2.2608858e-01;2.0750000e+02;1.8580940e-01;2.0750000e+02;1.3420954e-01;2.0750000e+02;8.2969695e-02;2.0750000e+02;3.6132529e-02;2.0750000e+02;-5.3787967e-03;2.0750000e+02;4.7445567e-03;2.0750000e+02;2.0307094e-02;2.0750000e+02;4.0535614e-02;2.0750000e+02;6.4928062e-02;2.0750000e+02;9.3419328e-02;2.0750000e+02;1.2347470e-01;2.0750000e+02;1.5312636e-01;2.0750000e+02;1.7634541e-01;2.0750000e+02;1.9545126e-01;2.0750000e+02;2.1774825e-01;2.0750000e+02;2.3789437e-01;2.0750000e+02;2.4612373e-01;2.0750000e+02;2.2608858e-01;2.0750000e+02;1.8580940e-01;2.0750000e+02;1.3420954e-01;2.0750000e+02;8.2969695e-02;2.0750000e+02;3.6132529e-02;2.0750000e+02;-5.3787967e-03;2.0750000e+02;4.7445567e-03;2.0750000e+02;2.0307094e-02;2.0750000e+02;4.0535614e-02;2.0750000e+02;6.4928062e-02;2.0750000e+02;9.3419328e-02;2.0750000e+02;1.2347470e-01;2.0750000e+02;1.5312636e-01;2.0750000e+02;1.7634541e-01;2.0750000e+02;1.9545126e-01;2.0750000e+02;2.1774825e-01;2.0750000e+02;2.3789437e-01;2.0750000e+02;2.4612373e-01;2.0750000e+02;2.2608858e-01;2.0750000e+02;1.8580940e-01;2.0750000e+02;1.3420954e-01;2.0750000e+02;8.2969695e-02;2.0750000e+02;3.6132529e-02;2.0750000e+02;-5.3787967e-03;2.0750000e+02;4.7445567e-03;2.0750000e+02;2.0307094e-02;2.0750000e+02;4.0535614e-02;2.0750000e+02;6.4928062e-02;2.0750000e+02;9.3419328e-02;2.0750000e+02;1.2347470e-01;2.0750000e+02;1.5312636e-01;2.0750000e+02;1.7634541e-01;2.0750000e+02;1.9545126e-01;2.0750000e+02;2.1774825e-01;2.0750000e+02;2.3789437e-01;2.0750000e+02;2.4612373e-01;2.0750000e+02;2.2608858e-01;2.0750000e+02;1.8580940e-01;2.0750000e+02;1.3420954e-01;2.0750000e+02;8.2969695e-02;2.0750000e+02;3.6132529e-02;2.0750000e+02;-5.3787967e-03;2.0750000e+02;4.7445567e-03;2.0750000e+02;2.0307094e-02;2.0750000e+02;4.0535614e-02;2.0750000e+02;6.4928062e-02;2.0750000e+02;9.3419328e-02;2.0750000e+02;1.2347470e-01;2.0750000e+02;1.5312636e-01;2.0750000e+02;1.7634541e-01;2.0750000e+02;1.9545126e-01;2.0750000e+02;2.1774825e-01;2.0750000e+02;2.3789437e-01;2.0750000e+02;2.4612373e-01;2.0750000e+02;2.2608858e-01;2.0750000e+02;1.8580940e-01;2.0750000e+02;1.3420954e-01;2.0750000e+02;8.2969695e-02;2.0750000e+02;3.6132529e-02;2.0750000e+02;-5.3787967e-03;2.0750000e+02;4.7445567e-03;2.0750000e+02;2.0307094e-02;2.0750000e+02;4.0535614e-02;2.0750000e+02;6.4928062e-02;2.0750000e+02;9.3419328e-02;2.0750000e+02;1.2347470e-01;2.0750000e+02;1.5312636e-01;2.0750000e+02;1.7634541e-01;2.0750000e+02;1.9545126e-01;2.0750000e+02;2.1774825e-01;2.0750000e+02;2.3789437e-01;2.0750000e+02;2.4612373e-01;2.0750000e+02;2.2608858e-01;2.0750000e+02;1.8580940e-01;2.0750000e+02;1.3420954e-01;2.0750000e+02;8.2969695e-02;2.0750000e+02;3.6132529e-02;2.0750000e+02;-5.3787967e-03;2.0750000e+02;4.7445567e-03;2.0750000e+02;2.0307094e-02;2.0750000e+02;4.0535614e-02;2.0750000e+02;6.4928062e-02;2.0750000e+02;9.3419328e-02;2.0750000e+02;1.2347470e-01;2.0750000e+02;1.5312636e-01;2.0750000e+02;1.7634541e-01;2.0750000e+02;1.9545126e-01;2.0750000e+02;2.1774825e-01;2.0750000e+02;2.3789437e-01;2.0750000e+02;2.4612373e-01;2.0750000e+02;2.2608858e-01;2.0750000e+02;1.8580940e-01;2.0750000e+02;1.3420954e-01;2.0750000e+02;8.2969695e-02;2.0750000e+02;3.6132529e-02;2.0750000e+02;-5.3787967e-03;2.0750000e+02;4.7445567e-03;2.0750000e+02;2.0307094e-02;2.0750000e+02;4.0535614e-02;2.0750000e+02;6.4928062e-02;2.0750000e+02;9.3419328e-02;2.0750000e+02;1.2347470e-01;2.0750000e+02;1.5312636e-01;2.0750000e+02;1.7634541e-01;2.0750000e+02;1.9545126e-01;2.0750000e+02;2.1774825e-01;2.0750000e+02;2.3789437e-01;2.0750000e+02;2.4612373e-01;2.0750000e+02;2.2608858e-01;2.0750000e+02;1.8580940e-01;2.0750000e+02;1.3420954e-01;2.0750000e+02;8.2969695e-02;2.0750000e+02;3.6132529e-02;2.0750000e+02;-5.3787967e-03;2.0750000e+02;4.7445567e-03;2.0750000e+02;2.0307094e-02;2.0750000e+02;4.0535614e-02;2.0750000e+02;6.4928062e-02;2.0750000e+02;9.3419328e-02;2.0750000e+02;1.2347470e-01;2.0750000e+02;1.5312636e-01;2.0750000e+02;1.7634541e-01;2.0750000e+02;1.9545126e-01;2.0750000e+02;2.1774825e-01;2.0750000e+02;2.3789437e-01;2.0750000e+02;2.4612373e-01;2.0750000e+02;2.2608858e-01;2.0750000e+02;1.8580940e-01;2.0750000e+02;1.3420954e-01;2.0750000e+02;8.2969695e-02;2.0750000e+02;3.6132529e-02;2.0750000e+02;-5.3787967e-03;2.0750000e+02;4.7445567e-03;2.0750000e+02;2.0307094e-02;2.0750000e+02;4.0535614e-02;2.0750000e+02;6.4928062e-02;2.0750000e+02;9.3419328e-02;2.0750000e+02;1.2347470e-01;2.0750000e+02;1.5312636e-01;2.0750000e+02;1.7634541e-01;2.0750000e+02;1.9545126e-01;2.0750000e+02;2.1774825e-01;2.0750000e+02;2.3789437e-01;2.0750000e+02;2.4612373e-01;2.0750000e+02;2.2608858e-01;2.0750000e+02;1.8580940e-01;2.0750000e+02;1.3420954e-01;2.0750000e+02;8.2969695e-02;2.0750000e+02;3.6132529e-02;2.0750000e+02;-5.3787967e-03;2.0750000e+02;4.7445567e-03;2.0750000e+02;2.0307094e-02;2.0750000e+02;4.0535614e-02;2.0750000e+02;6.4928062e-02;2.0750000e+02;9.3419328e-02;2.0750000e+02;1.2347470e-01;2.0750000e+02;1.5312636e-01;2.0750000e+02;1.7634541e-01;2.0750000e+02;1.9545126e-01;2.0750000e+02;2.1774825e-01;2.0750000e+02;2.3789437e-01;2.0750000e+02;2.4612373e-01;2.0750000e+02;2.2608858e-01;2.0750000e+02;1.8580940e-01;2.0750000e+02;1.3420954e-01;2.0750000e+02;8.2969695e-02;2.0750000e+02;3.6132529e-02;2.0750000e+02;-5.3787967e-03;2.0750000e+02;4.7445567e-03;2.0750000e+02;2.0307094e-02;2.0750000e+02;4.0535614e-02;2.0750000e+02;6.4928062e-02;2.0750000e+02;9.3419328e-02;2.0750000e+02;1.2347470e-01;2.0750000e+02;1.5312636e-01;2.0750000e+02;1.7634541e-01;2.0750000e+02;1.9545126e-01;2.0750000e+02;2.1774825e-01;2.0750000e+02;2.3789437e-01;2.0750000e+02;2.4612373e-01;2.0750000e+02;2.2608858e-01;2.0750000e+02;1.8580940e-01;2.0750000e+02;1.3420954e-01;2.0750000e+02;8.2969695e-02;2.0750000e+02;3.6132529e-02;2.0750000e+02;-5.3787967e-03;2.0750000e+02;4.7445567e-03;2.0750000e+02;2.0307094e-02;2.0750000e+02;4.0535614e-02;2.0750000e+02;6.4928062e-02;2.0750000e+02;9.3419328e-02;2.0750000e+02;1.2347470e-01;2.0750000e+02;1.5312636e-01;2.0750000e+02;1.7634541e-01;2.0750000e+02;1.9545126e-01;2.0750000e+02;2.1774825e-01;2.0750000e+02;2.3789437e-01;2.0750000e+02;2.4612373e-01;2.0750000e+02;2.2608858e-01;2.0750000e+02;1.8580940e-01;2.0750000e+02;1.3420954e-01;2.0750000e+02;8.2969695e-02;2.0750000e+02;3.6132529e-02;2.0750000e+02;-5.3787967e-03;2.0750000e+02;4.7445567e-03;2.0750000e+02;2.0307094e-02;2.0750000e+02;4.0535614e-02;2.0750000e+02;6.4928062e-02;2.0750000e+02;9.3419328e-02;2.0750000e+02;1.2347470e-01;2.0750000e+02;1.5312636e-01;2.0750000e+02;1.7634541e-01;2.0750000e+02;1.9545126e-01;2.0750000e+02;2.1774825e-01;2.0750000e+02;2.3789437e-01;2.0750000e+02;2.4612373e-01;2.0750000e+02;2.2608858e-01;2.0750000e+02;1.8580940e-01;2.0750000e+02;1.3420954e-01;2.0750000e+02;8.2969695e-02;2.0750000e+02;3.6132529e-02;2.0750000e+02;-5.3787967e-03;2.0750000e+02;4.7445567e-03;2.0750000e+02;2.0307094e-02;2.0750000e+02;4.0535614e-02;2.0750000e+02;6.4928062e-02;2.0750000e+02;9.3419328e-02;2.0750000e+02;1.2347470e-01;2.0750000e+02;1.5312636e-01;2.0750000e+02;1.7634541e-01;2.0750000e+02;1.9545126e-01;2.0750000e+02;2.1774825e-01;2.0750000e+02;2.3789437e-01;2.0750000e+02;2.4612373e-01;2.0750000e+02;2.2608858e-01;2.0750000e+02;1.8580940e-01;2.0750000e+02;1.3420954e-01;2.0750000e+02;8.2969695e-02;2.0750000e+02;3.6132529e-02;2.0750000e+02;-5.3787967e-03;2.0750000e+02;4.7445567e-03;2.0750000e+02;2.0307094e-02;2.0750000e+02;4.0535614e-02;2.0750000e+02;6.4928062e-02;2.0750000e+02;9.3419328e-02;2.0750000e+02;1.2347470e-01;2.0750000e+02;1.5312636e-01;2.0750000e+02;1.7634541e-01;2.0750000e+02;1.9545126e-01;2.0750000e+02;2.1774825e-01;2.0750000e+02;2.3789437e-01;2.0750000e+02;2.4612373e-01;2.0750000e+02;2.2608858e-01;2.0750000e+02;1.8580940e-01;2.0750000e+02;1.3420954e-01;2.0750000e+02;8.2969695e-02;2.0750000e+02;3.6132529e-02;2.0750000e+02;-5.3787967e-03;2.0750000e+02;4.7445567e-03;2.0750000e+02;2.0307094e-02;2.0750000e+02;4.0535614e-02;2.0750000e+02;6.4928062e-02;2.0750000e+02;9.3419328e-02;2.0750000e+02;1.2347470e-01;2.0750000e+02;1.5312636e-01;2.0750000e+02;1.7634541e-01;2.0750000e+02;1.9545126e-01;2.0750000e+02;2.1774825e-01;2.0750000e+02;2.3789437e-01;2.0750000e+02;2.4612373e-01;2.0750000e+02;2.2608858e-01;2.0750000e+02;1.8580940e-01;2.0750000e+02;1.3420954e-01;2.0750000e+02;8.2969695e-02;2.0750000e+02;3.6132529e-02;2.0750000e+02;-5.3787967e-03;2.0750000e+02;4.7445567e-03;2.0750000e+02;2.0307094e-02;2.0750000e+02;4.0535614e-02;2.0750000e+02;6.4928062e-02;2.0750000e+02;9.3419328e-02;2.0750000e+02;1.2347470e-01;2.0750000e+02;1.5312636e-01;2.0750000e+02;1.7634541e-01;2.0750000e+02;1.9545126e-01;2.0750000e+02;2.1774825e-01;2.0750000e+02;2.3789437e-01;2.0750000e+02;2.4612373e-01;2.0750000e+02;2.2608858e-01;2.0750000e+02;1.8580940e-01;2.0750000e+02;1.3420954e-01;2.0750000e+02;8.2969695e-02;2.0750000e+02;3.6132529e-02;2.0750000e+02;-5.3787967e-03;2.0750000e+02;4.7445567e-03;2.0750000e+02;2.0307094e-02;2.0750000e+02;4.0535614e-02;2.0750000e+02;6.4928062e-02;2.0750000e+02;9.3419328e-02;2.0750000e+02;1.2347470e-01;2.0750000e+02;1.5312636e-01;2.0750000e+02;1.7634541e-01;2.0750000e+02;1.9545126e-01;2.0750000e+02;2.1774825e-01;2.0750000e+02;2.3789437e-01;2.0750000e+02;2.4612373e-01;2.0750000e+02;2.2608858e-01;2.0750000e+02;1.8580940e-01;2.0750000e+02;1.3420954e-01;2.0750000e+02;8.2969695e-02;2.0750000e+02;3.6132529e-02;2.0750000e+02;-5.3787967e-03;2.0750000e+02;4.7445567e-03;2.0750000e+02;2.0307094e-02;2.0750000e+02;4.0535614e-02;2.0750000e+02;6.4928062e-02;2.0750000e+02;9.3419328e-02;2.0750000e+02;1.2347470e-01;2.0750000e+02;1.5312636e-01;2.0750000e+02;1.7634541e-01;2.0750000e+02;1.9545126e-01;2.0750000e+02;2.1774825e-01;2.0750000e+02;2.3789437e-01;2.0750000e+02;2.4612373e-01;2.0750000e+02;2.2608858e-01;2.0750000e+02;1.8580940e-01;2.0750000e+02;1.3420954e-01;2.0750000e+02;8.2969695e-02;2.0750000e+02;3.6132529e-02;2.0750000e+02;-5.3787967e-03;2.0750000e+02;4.7445567e-03;2.0750000e+02;2.0307094e-02;2.0750000e+02;4.0535614e-02;2.0750000e+02;6.4928062e-02;2.0750000e+02;9.3419328e-02;2.0750000e+02;1.2347470e-01;2.0750000e+02;1.5312636e-01;2.0750000e+02;1.7634541e-01;2.0750000e+02;1.9545126e-01;2.0750000e+02;2.1774825e-01;2.0750000e+02;2.3789437e-01;2.0750000e+02;2.4612373e-01;2.0750000e+02;2.2608858e-01;2.0750000e+02;1.8580940e-01;2.0750000e+02;1.3420954e-01;2.0750000e+02;8.2969695e-02;2.0750000e+02;3.6132529e-02;2.0750000e+02;-5.3787967e-03;2.0750000e+02;4.7445567e-03;2.0750000e+02;2.0307094e-02;2.0750000e+02;4.0535614e-02;2.0750000e+02;6.4928062e-02;2.0750000e+02;9.3419328e-02;2.0750000e+02;1.2347470e-01;2.0750000e+02;1.5312636e-01;2.0750000e+02;1.7634541e-01;2.0750000e+02;1.9545126e-01;2.0750000e+02;2.1774825e-01;2.0750000e+02;2.3789437e-01;2.0750000e+02;2.4612373e-01;2.0750000e+02;2.2608858e-01;2.0750000e+02;1.8580940e-01;2.0750000e+02;1.3420954e-01;2.0750000e+02;8.2969695e-02;2.0750000e+02;3.6132529e-02;2.0750000e+02;-5.3787967e-03;2.0750000e+02;4.7445567e-03;2.0750000e+02;2.0307094e-02;2.0750000e+02;4.0535614e-02;2.0750000e+02;6.4928062e-02;2.0750000e+02;9.3419328e-02;2.0750000e+02;1.2347470e-01;2.0750000e+02;1.5312636e-01;2.0750000e+02;1.7634541e-01;2.0750000e+02;1.9545126e-01;2.0750000e+02;2.1774825e-01;2.0750000e+02;2.3789437e-01;2.0750000e+02;2.4612373e-01;2.0750000e+02;2.2608858e-01;2.0750000e+02;1.8580940e-01;2.0750000e+02;1.3420954e-01;2.0750000e+02;8.2969695e-02;2.0750000e+02;3.6132529e-02;2.0750000e+02;-5.3787967e-03;2.0750000e+02;4.7445567e-03;2.0750000e+02;2.0307094e-02;2.0750000e+02;4.0535614e-02;2.0750000e+02;6.4928062e-02;2.0750000e+02;9.3419328e-02;2.0750000e+02;1.2347470e-01;2.0750000e+02;1.5312636e-01;2.0750000e+02;1.7634541e-01;2.0750000e+02;1.9545126e-01;2.0750000e+02;2.1774825e-01;2.0750000e+02;2.3789437e-01;2.0750000e+02;2.4612373e-01;2.0750000e+02;2.2608858e-01;2.0750000e+02;1.8580940e-01;2.0750000e+02;1.3420954e-01;2.0750000e+02;8.2969695e-02;2.0750000e+02;3.6132529e-02;2.0750000e+02;-5.3787967e-03;2.0750000e+02;4.7445567e-03;2.0750000e+02;2.0307094e-02;2.0750000e+02;4.0535614e-02;2.0750000e+02;6.4928062e-02;2.0750000e+02;9.3419328e-02;2.0750000e+02;1.2347470e-01;2.0750000e+02;1.5312636e-01;2.0750000e+02;1.7634541e-01;2.0750000e+02;1.9545126e-01;2.0750000e+02;2.1774825e-01;2.0750000e+02;2.3789437e-01;2.0750000e+02;2.4612373e-01;2.0750000e+02;2.2608858e-01;2.0750000e+02;1.8580940e-01;2.0750000e+02;1.3420954e-01;2.0750000e+02;8.2969695e-02;2.0750000e+02;3.6132529e-02;2.0750000e+02;-5.3787967e-03;2.0750000e+02;4.7445567e-03;2.0750000e+02;2.0307094e-02;2.0750000e+02;4.0535614e-02;2.0750000e+02;6.4928062e-02;2.0750000e+02;9.3419328e-02;2.0750000e+02;1.2347470e-01;2.0750000e+02;1.5312636e-01;2.0750000e+02;1.7634541e-01;2.0750000e+02;1.9545126e-01;2.0750000e+02;2.1774825e-01;2.0750000e+02;2.3789437e-01;2.0750000e+02;2.4612373e-01;2.0750000e+02;2.2608858e-01;2.0750000e+02;1.8580940e-01;2.0750000e+02;1.3420954e-01;2.0750000e+02;8.2969695e-02;2.0750000e+02;3.6132529e-02;2.0750000e+02;-5.3787967e-03;2.0750000e+02;4.7445567e-03;2.0750000e+02;2.0307094e-02;2.0750000e+02;4.0535614e-02;2.0750000e+02;6.4928062e-02;2.0750000e+02;9.3419328e-02;2.0750000e+02;1.2347470e-01;2.0750000e+02;1.5312636e-01;2.0750000e+02;1.7634541e-01;2.0750000e+02;1.9545126e-01;2.0750000e+02;2.1774825e-01;2.0750000e+02;2.3789437e-01;2.0750000e+02;2.4612373e-01;2.0750000e+02;2.2608858e-01;2.0750000e+02;1.8580940e-01;2.0750000e+02;1.3420954e-01;2.0750000e+02;8.2969695e-02;2.0750000e+02;3.6132529e-02;2.0750000e+02;-5.3787967e-03;2.0750000e+02;4.7445567e-03;2.0750000e+02;2.0307094e-02;2.0750000e+02;4.0535614e-02;2.0750000e+02;6.4928062e-02;2.0750000e+02;9.3419328e-02;2.0750000e+02;1.2347470e-01;2.0750000e+02;1.5312636e-01;2.0750000e+02;1.7634541e-01;2.0750000e+02;1.9545126e-01;2.0750000e+02;2.1774825e-01;2.0750000e+02;2.3789437e-01;2.0750000e+02;2.4612373e-01;2.0750000e+02;2.2608858e-01;2.0750000e+02;1.8580940e-01;2.0750000e+02;1.3420954e-01;2.0750000e+02;8.2969695e-02;2.0750000e+02;3.6132529e-02;2.0750000e+02;-5.3787967e-03;2.0750000e+02;4.7445567e-03;2.0750000e+02;2.0307094e-02;2.0750000e+02;4.0535614e-02;2.0750000e+02;6.4928062e-02;2.0750000e+02;9.3419328e-02;2.0750000e+02;1.2347470e-01;2.0750000e+02;1.5312636e-01;2.0750000e+02;1.7634541e-01;2.0750000e+02;1.9545126e-01;2.0750000e+02;2.1774825e-01;2.0750000e+02;2.3789437e-01;2.0750000e+02;2.4612373e-01;2.0750000e+02;2.2608858e-01;2.0750000e+02;1.8580940e-01;2.0750000e+02;1.3420954e-01;2.0750000e+02;8.2969695e-02;2.0750000e+02;3.6132529e-02;2.0750000e+02;-5.3787967e-03;2.0750000e+02;4.7445567e-03;2.0750000e+02;2.0307094e-02;2.0750000e+02;4.0535614e-02;2.0750000e+02;6.4928062e-02;2.0750000e+02;9.3419328e-02;2.0750000e+02;1.2347470e-01;2.0750000e+02;1.5312636e-01;2.0750000e+02;1.7634541e-01;2.0750000e+02;1.9545126e-01;2.0750000e+02;2.1774825e-01;2.0750000e+02;2.3789437e-01;2.0750000e+02;2.4612373e-01;2.0750000e+02;2.2608858e-01;2.0750000e+02;1.8580940e-01;2.0750000e+02;1.3420954e-01;2.0750000e+02;8.2969695e-02;2.0750000e+02;3.6132529e-02;2.0750000e+02;-5.3787967e-03;2.0750000e+02;4.7445567e-03;2.0750000e+02;2.0307094e-02;2.0750000e+02;4.0535614e-02;2.0750000e+02;6.4928062e-02;2.0750000e+02;9.3419328e-02;2.0750000e+02;1.2347470e-01;2.0750000e+02;1.5312636e-01;2.0750000e+02;1.7634541e-01;2.0750000e+02;1.9545126e-01;2.0750000e+02;2.1774825e-01;2.0750000e+02;2.3789437e-01;2.0750000e+02;2.4612373e-01;2.0750000e+02;2.2608858e-01;2.0750000e+02;1.8580940e-01;2.0750000e+02;1.3420954e-01;2.0750000e+02;8.2969695e-02;2.0750000e+02;3.6132529e-02;2.0750000e+02;-5.3787967e-03;2.0750000e+02;4.7445567e-03;2.0750000e+02;2.0307094e-02;2.0750000e+02;4.0535614e-02;2.0750000e+02;6.4928062e-02;2.0750000e+02;9.3419328e-02;2.0750000e+02;1.2347470e-01;2.0750000e+02;1.5312636e-01;2.0750000e+02;1.7634541e-01;2.0750000e+02;1.9545126e-01;2.0750000e+02;2.1774825e-01;2.0750000e+02;2.3789437e-01;2.0750000e+02;2.4612373e-01;2.0750000e+02;2.2608858e-01;2.0750000e+02;1.8580940e-01;2.0750000e+02;1.3420954e-01;2.0750000e+02;8.2969695e-02;2.0750000e+02;3.6132529e-02;2.0750000e+02;-5.3787967e-03;2.0750000e+02;4.7445567e-03;2.0750000e+02;2.0307094e-02;2.0750000e+02;4.0535614e-02;2.0750000e+02;6.4928062e-02;2.0750000e+02;9.3419328e-02;2.0750000e+02;1.2347470e-01;2.0750000e+02;1.5312636e-01;2.0750000e+02;1.7634541e-01;2.0750000e+02;1.9545126e-01;2.0750000e+02;2.1774825e-01;2.0750000e+02;2.3789437e-01;2.0750000e+02;2.4612373e-01;2.0750000e+02;2.2608858e-01;2.0750000e+02;1.8580940e-01;2.0750000e+02;1.3420954e-01;2.0750000e+02;8.2969695e-02;2.0750000e+02;3.6132529e-02;2.0750000e+02;-5.3787967e-03;2.0750000e+02;4.7445567e-03;2.0750000e+02;2.0307094e-02;2.0750000e+02;4.0535614e-02;2.0750000e+02;6.4928062e-02;2.0750000e+02;9.3419328e-02;2.0750000e+02;1.2347470e-01;2.0750000e+02;1.5312636e-01;2.0750000e+02;1.7634541e-01;2.0750000e+02;1.9545126e-01;2.0750000e+02;2.1774825e-01;2.0750000e+02;2.3789437e-01;2.0750000e+02;2.4612373e-01;2.0750000e+02;2.2608858e-01;2.0750000e+02;1.8580940e-01;2.0750000e+02;1.3420954e-01;2.0750000e+02;8.2969695e-02;2.0750000e+02;3.6132529e-02;2.0750000e+02;-5.3787967e-03;2.0750000e+02;4.7445567e-03;2.0750000e+02;2.0307094e-02;2.0750000e+02;4.0535614e-02;2.0750000e+02;6.4928062e-02;2.0750000e+02;9.3419328e-02;2.0750000e+02;1.2347470e-01;2.0750000e+02;1.5312636e-01;2.0750000e+02;1.7634541e-01;2.0750000e+02;1.9545126e-01;2.0750000e+02;2.1774825e-01;2.0750000e+02;2.3789437e-01;2.0750000e+02;2.4612373e-01;2.0750000e+02;2.2608858e-01;2.0750000e+02;1.8580940e-01;2.0750000e+02;1.3420954e-01;2.0750000e+02;8.2969695e-02;2.0750000e+02;3.6132529e-02;2.0750000e+02;-5.3787967e-03;2.0750000e+02;4.7445567e-03;2.0750000e+02;2.0307094e-02;2.0750000e+02;4.0535614e-02;2.0750000e+02;6.4928062e-02;2.0750000e+02;9.3419328e-02;2.0750000e+02;1.2347470e-01;2.0750000e+02;1.5312636e-01;2.0750000e+02;1.7634541e-01;2.0750000e+02;1.9545126e-01;2.0750000e+02;2.1774825e-01;2.0750000e+02;2.3789437e-01;2.0750000e+02;2.4612373e-01;2.0750000e+02;2.2608858e-01;2.0750000e+02;1.8580940e-01;2.0750000e+02;1.3420954e-01;2.0750000e+02;8.2969695e-02;2.0750000e+02;3.6132529e-02;2.0750000e+02;-5.3787967e-03;2.0750000e+02;4.7445567e-03;2.0750000e+02;2.0307094e-02;2.0750000e+02;4.0535614e-02;2.0750000e+02;6.4928062e-02;2.0750000e+02;9.3419328e-02;2.0750000e+02;1.2347470e-01;2.0750000e+02;1.5312636e-01;2.0750000e+02;1.7634541e-01;2.0750000e+02;1.9545126e-01;2.0750000e+02;2.1774825e-01;2.0750000e+02;2.3789437e-01;2.0750000e+02;2.4612373e-01;2.0750000e+02;2.2608858e-01;2.0750000e+02;1.8580940e-01;2.0750000e+02;1.3420954e-01;2.0750000e+02;8.2969695e-02;2.0750000e+02;3.6132529e-02;2.0750000e+02;-5.3787967e-03;2.0750000e+02;4.7445567e-03;2.0750000e+02;2.0307094e-02;2.0750000e+02;4.0535614e-02;2.0750000e+02;6.4928062e-02;2.0750000e+02;9.3419328e-02;2.0750000e+02;1.2347470e-01;2.0750000e+02;1.5312636e-01;2.0750000e+02;1.7634541e-01;2.0750000e+02;1.9545126e-01;2.0750000e+02;2.1774825e-01;2.0750000e+02;2.3789437e-01;2.0750000e+02;2.4612373e-01;2.0750000e+02;2.2608858e-01;2.0750000e+02;1.8580940e-01;2.0750000e+02;1.3420954e-01;2.0750000e+02;8.2969695e-02;2.0750000e+02;3.6132529e-02;2.0750000e+02;-5.3787967e-03;2.0750000e+02;4.7445567e-03;2.0750000e+02;2.0307094e-02;2.0750000e+02;4.0535614e-02;2.0750000e+02;6.4928062e-02;2.0750000e+02;9.3419328e-02;2.0750000e+02;1.2347470e-01;2.0750000e+02;1.5312636e-01;2.0750000e+02;1.7634541e-01;2.0750000e+02;1.9545126e-01;2.0750000e+02;2.1774825e-01;2.0750000e+02;2.3789437e-01;2.0750000e+02;2.4612373e-01;2.0750000e+02;2.2608858e-01;2.0750000e+02;1.8580940e-01;2.0750000e+02;1.3420954e-01;2.0750000e+02;8.2969695e-02;2.0750000e+02;3.6132529e-02;2.0750000e+02;-5.3787967e-03;2.0750000e+02;4.7445567e-03;2.0750000e+02;2.0307094e-02;2.0750000e+02;4.0535614e-02;2.0750000e+02;6.4928062e-02;2.0750000e+02;9.3419328e-02;2.0750000e+02;1.2347470e-01;2.0750000e+02;1.5312636e-01;2.0750000e+02;1.7634541e-01;2.0750000e+02;1.9545126e-01;2.0750000e+02;2.1774825e-01;2.0750000e+02;2.3789437e-01;2.0750000e+02;2.4612373e-01;2.0750000e+02;2.2608858e-01;2.0750000e+02;1.8580940e-01;2.0750000e+02;1.3420954e-01;2.0750000e+02;8.2969695e-02;2.0750000e+02;3.6132529e-02;2.0750000e+02;-5.3787967e-03;2.0750000e+02;4.7445567e-03;2.0750000e+02;2.0307094e-02;2.0750000e+02;4.0535614e-02;2.0750000e+02;6.4928062e-02;2.0750000e+02;9.3419328e-02;2.0750000e+02;1.2347470e-01;2.0750000e+02;1.5312636e-01;2.0750000e+02;1.7634541e-01;2.0750000e+02;1.9545126e-01;2.0750000e+02;2.1774825e-01;2.0750000e+02;2.3789437e-01;2.0750000e+02;2.4612373e-01;2.0750000e+02;2.2608858e-01;2.0750000e+02;1.8580940e-01;2.0750000e+02;1.3420954e-01;2.0750000e+02;8.2969695e-02;2.0750000e+02;3.6132529e-02;2.0750000e+02;-5.3787967e-03;2.0750000e+02;4.7445567e-03;2.0750000e+02;2.0307094e-02;2.0750000e+02;4.0535614e-02;2.0750000e+02;6.4928062e-02;2.0750000e+02;9.3419328e-02;2.0750000e+02;1.2347470e-01;2.0750000e+02;1.5312636e-01;2.0750000e+02;1.7634541e-01;2.0750000e+02;1.9545126e-01;2.0750000e+02;2.1774825e-01;2.0750000e+02;2.3789437e-01;2.0750000e+02;2.4612373e-01;2.0750000e+02;2.2608858e-01;2.0750000e+02;1.8580940e-01;2.0750000e+02;1.3420954e-01;2.0750000e+02;8.2969695e-02;2.0750000e+02;3.6132529e-02;2.0750000e+02;-5.3787967e-03;2.0750000e+02;4.7445567e-03;2.0750000e+02;2.0307094e-02;2.0750000e+02;4.0535614e-02;2.0750000e+02;6.4928062e-02;2.0750000e+02;9.3419328e-02;2.0750000e+02;1.2347470e-01;2.0750000e+02;1.5312636e-01;2.0750000e+02;1.7634541e-01;2.0750000e+02;1.9545126e-01;2.0750000e+02;2.1774825e-01;2.0750000e+02;2.3789437e-01;2.0750000e+02;2.4612373e-01;2.0750000e+02;2.2608858e-01;2.0750000e+02;1.8580940e-01;2.0750000e+02;1.3420954e-01;2.0750000e+02;8.2969695e-02;2.0750000e+02;3.6132529e-02;2.0750000e+02;-5.3787967e-03;2.0750000e+02;4.7445567e-03;2.0750000e+02;2.0307094e-02;2.0750000e+02;4.0535614e-02;2.0750000e+02;6.4928062e-02;2.0750000e+02;9.3419328e-02;2.0750000e+02;1.2347470e-01;2.0750000e+02;1.5312636e-01;2.0750000e+02;1.7634541e-01;2.0750000e+02;1.9545126e-01;2.0750000e+02;2.1774825e-01;2.0750000e+02;2.3789437e-01;2.0750000e+02;2.4612373e-01;2.0750000e+02;2.2608858e-01;2.0750000e+02;1.8580940e-01;2.0750000e+02;1.3420954e-01;2.0750000e+02;8.2969695e-02;2.0750000e+02;3.6132529e-02;2.0750000e+02;-5.3787967e-03;2.0750000e+02;4.7445567e-03;2.0750000e+02;2.0307094e-02;2.0750000e+02;4.0535614e-02;2.0750000e+02;6.4928062e-02;2.0750000e+02;9.3419328e-02;2.0750000e+02;1.2347470e-01;2.0750000e+02;1.5312636e-01;2.0750000e+02;1.7634541e-01;2.0750000e+02;1.9545126e-01;2.0750000e+02;2.1774825e-01;2.0750000e+02;2.3789437e-01;2.0750000e+02;2.4612373e-01;2.0750000e+02;2.2608858e-01;2.0750000e+02;1.8580940e-01;2.0750000e+02;1.3420954e-01;2.0750000e+02;8.2969695e-02;2.0750000e+02;3.6132529e-02;2.0750000e+02;-5.3787967e-03;2.0750000e+02;4.7445567e-03;2.0750000e+02;2.0307094e-02;2.0750000e+02;4.0535614e-02;2.0750000e+02;6.4928062e-02;2.0750000e+02;9.3419328e-02;2.0750000e+02;1.2347470e-01;2.0750000e+02;1.5312636e-01;2.0750000e+02;1.7634541e-01;2.0750000e+02;1.9545126e-01;2.0750000e+02;2.1774825e-01;2.0750000e+02;2.3789437e-01;2.0750000e+02;2.4612373e-01;2.0750000e+02;2.2608858e-01;2.0750000e+02;1.8580940e-01;2.0750000e+02;1.3420954e-01;2.0750000e+02;8.2969695e-02;2.0750000e+02;3.6132529e-02;2.0750000e+02;-5.3787967e-03;2.0750000e+02;4.7445567e-03;2.0750000e+02;2.0307094e-02;2.0750000e+02;4.0535614e-02;2.0750000e+02;6.4928062e-02;2.0750000e+02;9.3419328e-02;2.0750000e+02;1.2347470e-01;2.0750000e+02;1.5312636e-01;2.0750000e+02;1.7634541e-01;2.0750000e+02;1.9545126e-01;2.0750000e+02;2.1774825e-01;2.0750000e+02;2.3789437e-01;2.0750000e+02;2.4612373e-01;2.0750000e+02;2.2608858e-01;2.0750000e+02;1.8580940e-01;2.0750000e+02;1.3420954e-01;2.0750000e+02;8.2969695e-02;2.0750000e+02;3.6132529e-02;2.0750000e+02;-5.3787967e-03;2.0750000e+02;4.7445567e-03;2.0750000e+02;2.0307094e-02;2.0750000e+02;4.0535614e-02;2.0750000e+02;6.4928062e-02;2.0750000e+02;9.3419328e-02;2.0750000e+02;1.2347470e-01;2.0750000e+02;1.5312636e-01;2.0750000e+02;1.7634541e-01;2.0750000e+02;1.9545126e-01;2.0750000e+02;2.1774825e-01;2.0750000e+02;2.3789437e-01;2.0750000e+02;2.4612373e-01;2.0750000e+02;2.2608858e-01;2.0750000e+02;1.8580940e-01;2.0750000e+02;1.3420954e-01;2.0750000e+02;8.2969695e-02;2.0750000e+02;3.6132529e-02;2.0750000e+02;-5.3787967e-03;2.0750000e+02;4.7445567e-03;2.0750000e+02;2.0307094e-02;2.0750000e+02;4.0535614e-02;2.0750000e+02;6.4928062e-02;2.0750000e+02;9.3419328e-02;2.0750000e+02;1.2347470e-01;2.0750000e+02;1.5312636e-01;2.0750000e+02;1.7634541e-01;2.0750000e+02;1.9545126e-01;2.0750000e+02;2.1774825e-01;2.0750000e+02;2.3789437e-01;2.0750000e+02;2.4612373e-01;2.0750000e+02;2.2608858e-01;2.0750000e+02;1.8580940e-01;2.0750000e+02;1.3420954e-01;2.0750000e+02;8.2969695e-02;2.0750000e+02;3.6132529e-02;2.0750000e+02;-5.3787967e-03;2.0750000e+02;4.7445567e-03;2.0750000e+02;2.0307094e-02;2.0750000e+02;4.0535614e-02;2.0750000e+02;6.4928062e-02;2.0750000e+02;9.3419328e-02;2.0750000e+02;1.2347470e-01;2.0750000e+02;1.5312636e-01;2.0750000e+02;1.7634541e-01;2.0750000e+02;1.9545126e-01;2.0750000e+02;2.1774825e-01;2.0750000e+02;2.3789437e-01;2.0750000e+02;2.4612373e-01;2.0750000e+02;2.2608858e-01;2.0750000e+02;1.8580940e-01;2.0750000e+02;1.3420954e-01;2.0750000e+02;8.2969695e-02;2.0750000e+02;3.6132529e-02;2.0750000e+02;-5.3787967e-03;2.0750000e+02;4.7445567e-03;2.0750000e+02;2.0307094e-02;2.0750000e+02;4.0535614e-02;2.0750000e+02;6.4928062e-02;2.0750000e+02;9.3419328e-02;2.0750000e+02;1.2347470e-01;2.0750000e+02;1.5312636e-01;2.0750000e+02;1.7634541e-01;2.0750000e+02;1.9545126e-01;2.0750000e+02;2.1774825e-01;2.0750000e+02;2.3789437e-01;2.0750000e+02;2.4612373e-01;2.0750000e+02;2.2608858e-01;2.0750000e+02;1.8580940e-01;2.0750000e+02;1.3420954e-01;2.0750000e+02;8.2969695e-02;2.0750000e+02;3.6132529e-02;2.0750000e+02;-5.3787967e-03;2.0750000e+02;4.7445567e-03;2.0750000e+02;2.0307094e-02;2.0750000e+02;4.0535614e-02;2.0750000e+02;6.4928062e-02;2.0750000e+02;9.3419328e-02;2.0750000e+02;1.2347470e-01;2.0750000e+02;1.5312636e-01;2.0750000e+02;1.7634541e-01;2.0750000e+02;1.9545126e-01;2.0750000e+02;2.1774825e-01;2.0750000e+02;2.3789437e-01;2.0750000e+02;2.4612373e-01;2.0750000e+02;2.2608858e-01;2.0750000e+02;1.8580940e-01;2.0750000e+02;1.3420954e-01;2.0750000e+02;8.2969695e-02;2.0750000e+02;3.6132529e-02;2.0750000e+02;-5.3787967e-03;2.0750000e+02;4.7445567e-03;2.0750000e+02;2.0307094e-02;2.0750000e+02;4.0535614e-02;2.0750000e+02;6.4928062e-02;2.0750000e+02;9.3419328e-02;2.0750000e+02;1.2347470e-01;2.0750000e+02;1.5312636e-01;2.0750000e+02;1.7634541e-01;2.0750000e+02;1.9545126e-01;2.0750000e+02;2.1774825e-01;2.0750000e+02;2.3789437e-01;2.0750000e+02;2.4612373e-01;2.0750000e+02;2.2608858e-01;2.0750000e+02;1.8580940e-01;2.0750000e+02;1.3420954e-01;2.0750000e+02;8.2969695e-02;2.0750000e+02;3.6132529e-02;2.0750000e+02;-5.3787967e-03;2.0750000e+02;4.7445567e-03;2.0750000e+02;2.0307094e-02;2.0750000e+02;4.0535614e-02;2.0750000e+02;6.4928062e-02;2.0750000e+02;9.3419328e-02;2.0750000e+02;1.2347470e-01;2.0750000e+02;1.5312636e-01;2.0750000e+02;1.7634541e-01;2.0750000e+02;1.9545126e-01;2.0750000e+02;2.1774825e-01;2.0750000e+02;2.3789437e-01;2.0750000e+02;2.4612373e-01;2.0750000e+02;2.2608858e-01;2.0750000e+02;1.8580940e-01;2.0750000e+02;1.3420954e-01;2.0750000e+02;8.2969695e-02;2.0750000e+02;3.6132529e-02;2.0750000e+02;-5.3787967e-03;2.0750000e+02;4.7445567e-03;2.0750000e+02;2.0307094e-02;2.0750000e+02;4.0535614e-02;2.0750000e+02;6.4928062e-02;2.0750000e+02;9.3419328e-02;2.0750000e+02;1.2347470e-01;2.0750000e+02;1.5312636e-01;2.0750000e+02;1.7634541e-01;2.0750000e+02;1.9545126e-01;2.0750000e+02;2.1774825e-01;2.0750000e+02;2.3789437e-01;2.0750000e+02;2.4612373e-01;2.0750000e+02;2.2608858e-01;2.0750000e+02;1.8580940e-01;2.0750000e+02;1.3420954e-01;2.0750000e+02;8.2969695e-02;2.0750000e+02;3.6132529e-02;2.0750000e+02;-5.3787967e-03;2.0750000e+02;4.7445567e-03;2.0750000e+02;2.0307094e-02;2.0750000e+02;4.0535614e-02;2.0750000e+02;6.4928062e-02;2.0750000e+02;9.3419328e-02;2.0750000e+02;1.2347470e-01;2.0750000e+02;1.5312636e-01;2.0750000e+02;1.7634541e-01;2.0750000e+02;1.9545126e-01;2.0750000e+02;2.1774825e-01;2.0750000e+02;2.3789437e-01;2.0750000e+02;2.4612373e-01;2.0750000e+02;2.2608858e-01;2.0750000e+02;1.8580940e-01;2.0750000e+02;1.3420954e-01;2.0750000e+02;8.2969695e-02;2.0750000e+02;3.6132529e-02;2.0750000e+02;-5.3787967e-03;2.0750000e+02;4.7445567e-03;2.0750000e+02;2.0307094e-02;2.0750000e+02;4.0535614e-02;2.0750000e+02;6.4928062e-02;2.0750000e+02;9.3419328e-02;2.0750000e+02;1.2347470e-01;2.0750000e+02;1.5312636e-01;2.0750000e+02;1.7634541e-01;2.0750000e+02;1.9545126e-01;2.0750000e+02;2.1774825e-01;2.0750000e+02;2.3789437e-01;2.0750000e+02;2.4612373e-01;2.0750000e+02;2.2608858e-01;2.0750000e+02;1.8580940e-01;2.0750000e+02;1.3420954e-01;2.0750000e+02;8.2969695e-02;2.0750000e+02;3.6132529e-02;2.0750000e+02;-5.3787967e-03;2.0750000e+02;4.7445567e-03;2.0750000e+02;2.0307094e-02;2.0750000e+02;4.0535614e-02;2.0750000e+02;6.4928062e-02;2.0750000e+02;9.3419328e-02;2.0750000e+02;1.2347470e-01;2.0750000e+02;1.5312636e-01;2.0750000e+02;1.7634541e-01;2.0750000e+02;1.9545126e-01;2.0750000e+02;2.1774825e-01;2.0750000e+02;2.3789437e-01;2.0750000e+02;2.4612373e-01;2.0750000e+02;2.2608858e-01;2.0750000e+02;1.8580940e-01;2.0750000e+02;1.3420954e-01;2.0750000e+02;8.2969695e-02;2.0750000e+02;3.6132529e-02;2.0750000e+02;-5.3787967e-03;2.0750000e+02;4.7445567e-03;2.0750000e+02;2.0307094e-02;2.0750000e+02;4.0535614e-02;2.0750000e+02;6.4928062e-02;2.0750000e+02;9.3419328e-02;2.0750000e+02;1.2347470e-01;2.0750000e+02;1.5312636e-01;2.0750000e+02;1.7634541e-01;2.0750000e+02;1.9545126e-01;2.0750000e+02;2.1774825e-01;2.0750000e+02;2.3789437e-01;2.0750000e+02;2.4612373e-01;2.0750000e+02;2.2608858e-01;2.0750000e+02;1.8580940e-01;2.0750000e+02;1.3420954e-01;2.0750000e+02;8.2969695e-02;2.0750000e+02;3.6132529e-02;2.0750000e+02;-5.3787967e-03;2.0750000e+02;4.7445567e-03;2.0750000e+02;2.0307094e-02;2.0750000e+02;4.0535614e-02;2.0750000e+02;6.4928062e-02;2.0750000e+02;9.3419328e-02;2.0750000e+02;1.2347470e-01;2.0750000e+02;1.5312636e-01;2.0750000e+02;1.7634541e-01;2.0750000e+02;1.9545126e-01;2.0750000e+02;2.1774825e-01;2.0750000e+02;2.3789437e-01;2.0750000e+02;2.4612373e-01;2.0750000e+02;2.2608858e-01;2.0750000e+02;1.8580940e-01;2.0750000e+02;1.3420954e-01;2.0750000e+02;8.2969695e-02;2.0750000e+02;3.6132529e-02;2.0750000e+02;-5.3787967e-03;2.0750000e+02;4.7445567e-03;2.0750000e+02;2.0307094e-02;2.0750000e+02;4.0535614e-02;2.0750000e+02;6.4928062e-02;2.0750000e+02;9.3419328e-02;2.0750000e+02;1.2347470e-01;2.0750000e+02;1.5312636e-01;2.0750000e+02;1.7634541e-01;2.0750000e+02;1.9545126e-01;2.0750000e+02;2.1774825e-01;2.0750000e+02;2.3789437e-01;2.0750000e+02;2.4612373e-01;2.0750000e+02;2.2608858e-01;2.0750000e+02;1.8580940e-01;2.0750000e+02;1.3420954e-01;2.0750000e+02;8.2969695e-02;2.0750000e+02;3.6132529e-02;2.0750000e+02;-5.3787967e-03;2.0750000e+02;4.7445567e-03;2.0750000e+02;2.0307094e-02;2.0750000e+02;4.0535614e-02;2.0750000e+02;6.4928062e-02;2.0750000e+02;9.3419328e-02;2.0750000e+02;1.2347470e-01;2.0750000e+02;1.5312636e-01;2.0750000e+02;1.7634541e-01;2.0750000e+02;1.9545126e-01;2.0750000e+02;2.1774825e-01;2.0750000e+02;2.3789437e-01;2.0750000e+02;2.4612373e-01;2.0750000e+02;2.2608858e-01;2.0750000e+02;1.8580940e-01;2.0750000e+02;1.3420954e-01;2.0750000e+02;8.2969695e-02;2.0750000e+02;3.6132529e-02;2.0750000e+02;-5.3787967e-03;2.0750000e+02;4.7445567e-03;2.0750000e+02;2.0307094e-02;2.0750000e+02;4.0535614e-02;2.0750000e+02;6.4928062e-02;2.0750000e+02;9.3419328e-02;2.0750000e+02;1.2347470e-01;2.0750000e+02;1.5312636e-01;2.0750000e+02;1.7634541e-01;2.0750000e+02;1.9545126e-01;2.0750000e+02;2.1774825e-01;2.0750000e+02;2.3789437e-01;2.0750000e+02;2.4612373e-01;2.0750000e+02;2.2608858e-01;2.0750000e+02;1.8580940e-01;2.0750000e+02;1.3420954e-01;2.0750000e+02;8.2969695e-02;2.0750000e+02;3.6132529e-02;2.0750000e+02;-5.3787967e-03;2.0750000e+02;4.7445567e-03;2.0750000e+02;2.0307094e-02;2.0750000e+02;4.0535614e-02;2.0750000e+02;6.4928062e-02;2.0750000e+02;9.3419328e-02;2.0750000e+02;1.2347470e-01;2.0750000e+02;1.5312636e-01;2.0750000e+02;1.7634541e-01;2.0750000e+02;1.9545126e-01;2.0750000e+02;2.1774825e-01;2.0750000e+02;2.3789437e-01;2.0750000e+02;2.4612373e-01;2.0750000e+02;2.2608858e-01;2.0750000e+02;1.8580940e-01;2.0750000e+02;1.3420954e-01;2.0750000e+02;8.2969695e-02;2.0750000e+02;3.6132529e-02;2.0750000e+02;-5.3787967e-03;2.0750000e+02;4.7445567e-03;2.0750000e+02;2.0307094e-02;2.0750000e+02;4.0535614e-02;2.0750000e+02;6.4928062e-02;2.0750000e+02;9.3419328e-02;2.0750000e+02;1.2347470e-01;2.0750000e+02;1.5312636e-01;2.0750000e+02;1.7634541e-01;2.0750000e+02;1.9545126e-01;2.0750000e+02;2.1774825e-01;2.0750000e+02;2.3789437e-01;2.0750000e+02;2.4612373e-01;2.0750000e+02;2.2608858e-01;2.0750000e+02;1.8580940e-01;2.0750000e+02;1.3420954e-01;2.0750000e+02;8.2969695e-02;2.0750000e+02;3.6132529e-02;2.0750000e+02;-5.3787967e-03;2.0750000e+02;4.7445567e-03;2.0750000e+02;2.0307094e-02;2.0750000e+02;4.0535614e-02;2.0750000e+02;6.4928062e-02;2.0750000e+02;9.3419328e-02;2.0750000e+02;1.2347470e-01;2.0750000e+02;1.5312636e-01;2.0750000e+02;1.7634541e-01;2.0750000e+02;1.9545126e-01;2.0750000e+02;2.1774825e-01;2.0750000e+02;2.3789437e-01;2.0750000e+02;2.4612373e-01;2.0750000e+02;2.2608858e-01;2.0750000e+02;1.8580940e-01;2.0750000e+02;1.3420954e-01;2.0750000e+02;8.2969695e-02;2.0750000e+02;3.6132529e-02;2.0750000e+02;-5.3787967e-03;2.0750000e+02;4.7445567e-03;2.0750000e+02;2.0307094e-02;2.0750000e+02;4.0535614e-02;2.0750000e+02;6.4928062e-02;2.0750000e+02;9.3419328e-02;2.0750000e+02;1.2347470e-01;2.0750000e+02;1.5312636e-01;2.0750000e+02;1.7634541e-01;2.0750000e+02;1.9545126e-01;2.0750000e+02;2.1774825e-01;2.0750000e+02;2.3789437e-01;2.0750000e+02;2.4612373e-01;2.0750000e+02;2.2608858e-01;2.0750000e+02;1.8580940e-01;2.0750000e+02;1.3420954e-01;2.0750000e+02;8.2969695e-02;2.0750000e+02;3.6132529e-02;2.0750000e+02;-5.3787967e-03;2.0750000e+02;4.7445567e-03;2.0750000e+02;2.0307094e-02;2.0750000e+02;4.0535614e-02;2.0750000e+02;6.4928062e-02;2.0750000e+02;9.3419328e-02;2.0750000e+02;1.2347470e-01;2.0750000e+02;1.5312636e-01;2.0750000e+02;1.7634541e-01;2.0750000e+02;1.9545126e-01;2.0750000e+02;2.1774825e-01;2.0750000e+02;2.3789437e-01;2.0750000e+02;2.4612373e-01;2.0750000e+02;2.2608858e-01;2.0750000e+02;1.8580940e-01;2.0750000e+02;1.3420954e-01;2.0750000e+02;8.2969695e-02;2.0750000e+02;3.6132529e-02;2.0750000e+02;-5.3787967e-03;2.0750000e+02;4.7445567e-03;2.0750000e+02;2.0307094e-02;2.0750000e+02;4.0535614e-02;2.0750000e+02;6.4928062e-02;2.0750000e+02;9.3419328e-02;2.0750000e+02;1.2347470e-01;2.0750000e+02;1.5312636e-01;2.0750000e+02;1.7634541e-01;2.0750000e+02;1.9545126e-01;2.0750000e+02;2.1774825e-01;2.0750000e+02;2.3789437e-01;2.0750000e+02;2.4612373e-01;2.0750000e+02;2.2608858e-01;2.0750000e+02;1.8580940e-01;2.0750000e+02;1.3420954e-01;2.0750000e+02;8.2969695e-02;2.0750000e+02;3.6132529e-02;2.0750000e+02;-5.3787967e-03;2.0750000e+02;4.7445567e-03;2.0750000e+02;2.0307094e-02;2.0750000e+02;4.0535614e-02;2.0750000e+02;6.4928062e-02;2.0750000e+02;9.3419328e-02;2.0750000e+02;1.2347470e-01;2.0750000e+02;1.5312636e-01;2.0750000e+02;1.7634541e-01;2.0750000e+02;1.9545126e-01;2.0750000e+02;2.1774825e-01;2.0750000e+02;2.3789437e-01;2.0750000e+02;2.4612373e-01;2.0750000e+02;2.2608858e-01;2.0750000e+02;1.8580940e-01;2.0750000e+02;1.3420954e-01;2.0750000e+02;8.2969695e-02;2.0750000e+02;3.6132529e-02;2.0750000e+02;-5.3787967e-03;2.0750000e+02;4.7445567e-03;2.0750000e+02;2.0307094e-02;2.0750000e+02;4.0535614e-02;2.0750000e+02;6.4928062e-02;2.0750000e+02;9.3419328e-02;2.0750000e+02;1.2347470e-01;2.0750000e+02;1.5312636e-01;2.0750000e+02;1.7634541e-01;2.0750000e+02;1.9545126e-01;2.0750000e+02;2.1774825e-01;2.0750000e+02;2.3789437e-01;2.0750000e+02;2.4612373e-01;2.0750000e+02;2.2608858e-01;2.0750000e+02;1.8580940e-01;2.0750000e+02;1.3420954e-01;2.0750000e+02;8.2969695e-02;2.0750000e+02;3.6132529e-02;2.0750000e+02;-5.3787967e-03;2.0750000e+02;4.7445567e-03;2.0750000e+02;2.0307094e-02;2.0750000e+02;4.0535614e-02;2.0750000e+02;6.4928062e-02;2.0750000e+02;9.3419328e-02;2.0750000e+02;1.2347470e-01;2.0750000e+02;1.5312636e-01;2.0750000e+02;1.7634541e-01;2.0750000e+02;1.9545126e-01;2.0750000e+02;2.1774825e-01;2.0750000e+02;2.3789437e-01;2.0750000e+02;2.4612373e-01;2.0750000e+02;2.2608858e-01;2.0750000e+02;1.8580940e-01;2.0750000e+02;1.3420954e-01;2.0750000e+02;8.2969695e-02;2.0750000e+02;3.6132529e-02;2.0750000e+02;-5.3787967e-03;2.0750000e+02;4.7445567e-03;2.0750000e+02;2.0307094e-02;2.0750000e+02;4.0535614e-02;2.0750000e+02;6.4928062e-02;2.0750000e+02;9.3419328e-02;2.0750000e+02;1.2347470e-01;2.0750000e+02;1.5312636e-01;2.0750000e+02;1.7634541e-01;2.0750000e+02;1.9545126e-01;2.0750000e+02;2.1774825e-01;2.0750000e+02;2.3789437e-01;2.0750000e+02;2.4612373e-01;2.0750000e+02;2.2608858e-01;2.0750000e+02;1.8580940e-01;2.0750000e+02;1.3420954e-01;2.0750000e+02;8.2969695e-02;2.0750000e+02;3.6132529e-02;2.0750000e+02;-5.3787967e-03;2.0750000e+02;4.7445567e-03;2.0750000e+02;2.0307094e-02;2.0750000e+02;4.0535614e-02;2.0750000e+02;6.4928062e-02;2.0750000e+02;9.3419328e-02;2.0750000e+02;1.2347470e-01;2.0750000e+02;1.5312636e-01;2.0750000e+02;1.7634541e-01;2.0750000e+02;1.9545126e-01;2.0750000e+02;2.1774825e-01;2.0750000e+02;2.3789437e-01;2.0750000e+02;2.4612373e-01;2.0750000e+02;2.2608858e-01;2.0750000e+02;1.8580940e-01;2.0750000e+02;1.3420954e-01;2.0750000e+02;8.2969695e-02;2.0750000e+02;3.6132529e-02;2.0750000e+02;-5.3787967e-03;2.0750000e+02;4.7445567e-03;2.0750000e+02;2.0307094e-02;2.0750000e+02;4.0535614e-02;2.0750000e+02;6.4928062e-02;2.0750000e+02;9.3419328e-02;2.0750000e+02;1.2347470e-01;2.0750000e+02;1.5312636e-01;2.0750000e+02;1.7634541e-01;2.0750000e+02;1.9545126e-01;2.0750000e+02;2.1774825e-01;2.0750000e+02;2.3789437e-01;2.0750000e+02;2.4612373e-01;2.0750000e+02;2.2608858e-01;2.0750000e+02;1.8580940e-01;2.0750000e+02;1.3420954e-01;2.0750000e+02;8.2969695e-02;2.0750000e+02;3.6132529e-02;2.0750000e+02;-5.3787967e-03;2.0750000e+02;4.7445567e-03;2.0750000e+02;2.0307094e-02;2.0750000e+02;4.0535614e-02;2.0750000e+02;6.4928062e-02;2.0750000e+02;9.3419328e-02;2.0750000e+02;1.2347470e-01;2.0750000e+02;1.5312636e-01;2.0750000e+02;1.7634541e-01;2.0750000e+02;1.9545126e-01;2.0750000e+02;2.1774825e-01;2.0750000e+02;2.3789437e-01;2.0750000e+02;2.4612373e-01;2.0750000e+02;2.2608858e-01;2.0750000e+02;1.8580940e-01;2.0750000e+02;1.3420954e-01;2.0750000e+02;8.2969695e-02;2.0750000e+02;3.6132529e-02;2.0750000e+02;-5.3787967e-03;2.0750000e+02;4.7445567e-03;2.0750000e+02;2.0307094e-02;2.0750000e+02;4.0535614e-02;2.0750000e+02;6.4928062e-02;2.0750000e+02;9.3419328e-02;2.0750000e+02;1.2347470e-01;2.0750000e+02;1.5312636e-01;2.0750000e+02;1.7634541e-01;2.0750000e+02;1.9545126e-01;2.0750000e+02;2.1774825e-01;2.0750000e+02;2.3789437e-01;2.0750000e+02;2.4612373e-01;2.0750000e+02;2.2608858e-01;2.0750000e+02;1.8580940e-01;2.0750000e+02;1.3420954e-01;2.0750000e+02;8.2969695e-02;2.0750000e+02;3.6132529e-02;2.0750000e+02;-5.3787967e-03;2.0750000e+02;4.7445567e-03;2.0750000e+02;2.0307094e-02;2.0750000e+02;4.0535614e-02;2.0750000e+02;6.4928062e-02;2.0750000e+02;9.3419328e-02;2.0750000e+02;1.2347470e-01;2.0750000e+02;1.5312636e-01;2.0750000e+02;1.7634541e-01;2.0750000e+02;1.9545126e-01;2.0750000e+02;2.1774825e-01;2.0750000e+02;2.3789437e-01;2.0750000e+02;2.4612373e-01;2.0750000e+02;2.2608858e-01;2.0750000e+02;1.8580940e-01;2.0750000e+02;1.3420954e-01;2.0750000e+02;8.2969695e-02;2.0750000e+02;3.6132529e-02;2.0750000e+02;-5.3787967e-03;2.0750000e+02;4.7445567e-03;2.0750000e+02;2.0307094e-02;2.0750000e+02;4.0535614e-02;2.0750000e+02;6.4928062e-02;2.0750000e+02;9.3419328e-02;2.0750000e+02;1.2347470e-01;2.0750000e+02;1.5312636e-01;2.0750000e+02;1.7634541e-01;2.0750000e+02;1.9545126e-01;2.0750000e+02;2.1774825e-01;2.0750000e+02;2.3789437e-01;2.0750000e+02;2.4612373e-01;2.0750000e+02;2.2608858e-01;2.0750000e+02;1.8580940e-01;2.0750000e+02;1.3420954e-01;2.0750000e+02;8.2969695e-02;2.0750000e+02;3.6132529e-02;2.0750000e+02;-5.3787967e-03;2.0750000e+02;4.7445567e-03;2.0750000e+02;2.0307094e-02;2.0750000e+02;4.0535614e-02;2.0750000e+02;6.4928062e-02;2.0750000e+02;9.3419328e-02;2.0750000e+02;1.2347470e-01;2.0750000e+02;1.5312636e-01;2.0750000e+02;1.7634541e-01;2.0750000e+02;1.9545126e-01;2.0750000e+02;2.1774825e-01;2.0750000e+02;2.3789437e-01;2.0750000e+02;2.4612373e-01;2.0750000e+02;2.2608858e-01;2.0750000e+02;1.8580940e-01;2.0750000e+02;1.3420954e-01;2.0750000e+02;8.2969695e-02;2.0750000e+02;3.6132529e-02;2.0750000e+02;-5.3787967e-03;2.0750000e+02;4.7445567e-03;2.0750000e+02;2.0307094e-02;2.0750000e+02;4.0535614e-02;2.0750000e+02;6.4928062e-02;2.0750000e+02;9.3419328e-02;2.0750000e+02;1.2347470e-01;2.0750000e+02;1.5312636e-01;2.0750000e+02;1.7634541e-01;2.0750000e+02;1.9545126e-01;2.0750000e+02;2.1774825e-01;2.0750000e+02;2.3789437e-01;2.0750000e+02;2.4612373e-01;2.0750000e+02;2.2608858e-01;2.0750000e+02;1.8580940e-01;2.0750000e+02;1.3420954e-01;2.0750000e+02;8.2969695e-02;2.0750000e+02;3.6132529e-02;2.0750000e+02;-5.3787967e-03;2.0750000e+02;4.7445567e-03;2.0750000e+02;2.0307094e-02;2.0750000e+02;4.0535614e-02;2.0750000e+02;6.4928062e-02;2.0750000e+02;9.3419328e-02;2.0750000e+02;1.2347470e-01;2.0750000e+02;1.5312636e-01;2.0750000e+02;1.7634541e-01;2.0750000e+02;1.9545126e-01;2.0750000e+02;2.1774825e-01;2.0750000e+02;2.3789437e-01;2.0750000e+02;2.4612373e-01;2.0750000e+02;2.2608858e-01;2.0750000e+02;1.8580940e-01;2.0750000e+02;1.3420954e-01;2.0750000e+02;8.2969695e-02;2.0750000e+02;3.6132529e-02;2.0750000e+02;-5.3787967e-03;2.0750000e+02;4.7445567e-03;2.0750000e+02;2.0307094e-02;2.0750000e+02;4.0535614e-02;2.0750000e+02;6.4928062e-02;2.0750000e+02;9.3419328e-02;2.0750000e+02;1.2347470e-01;2.0750000e+02;1.5312636e-01;2.0750000e+02;1.7634541e-01;2.0750000e+02;1.9545126e-01;2.0750000e+02;2.1774825e-01;2.0750000e+02;2.3789437e-01;2.0750000e+02;2.4612373e-01;2.0750000e+02;2.2608858e-01;2.0750000e+02;1.8580940e-01;2.0750000e+02;1.3420954e-01;2.0750000e+02;8.2969695e-02;2.0750000e+02;3.6132529e-02;2.0750000e+02;-5.3787967e-03;2.0750000e+02;4.7445567e-03;2.0750000e+02;2.0307094e-02;2.0750000e+02;4.0535614e-02;2.0750000e+02;6.4928062e-02;2.0750000e+02;9.3419328e-02;2.0750000e+02;1.2347470e-01;2.0750000e+02;1.5312636e-01;2.0750000e+02;1.7634541e-01;2.0750000e+02;1.9545126e-01;2.0750000e+02;2.1774825e-01;2.0750000e+02;2.3789437e-01;2.0750000e+02;2.4612373e-01;2.0750000e+02;2.2608858e-01;2.0750000e+02;1.8580940e-01;2.0750000e+02;1.3420954e-01;2.0750000e+02;8.2969695e-02;2.0750000e+02;3.6132529e-02;2.0750000e+02;-5.3787967e-03;2.0750000e+02;4.7445567e-03;2.0750000e+02;2.0307094e-02;2.0750000e+02;4.0535614e-02;2.0750000e+02;6.4928062e-02;2.0750000e+02;9.3419328e-02;2.0750000e+02;1.2347470e-01;2.0750000e+02;1.5312636e-01;2.0750000e+02;1.7634541e-01;2.0750000e+02;1.9545126e-01;2.0750000e+02;2.1774825e-01;2.0750000e+02;2.3789437e-01;2.0750000e+02;2.4612373e-01;2.0750000e+02;2.2608858e-01;2.0750000e+02;1.8580940e-01;2.0750000e+02;1.3420954e-01;2.0750000e+02;8.2969695e-02;2.0750000e+02;3.6132529e-02;2.0750000e+02;-5.3787967e-03;2.0750000e+02;4.7445567e-03;2.0750000e+02;2.0307094e-02;2.0750000e+02;4.0535614e-02;2.0750000e+02;6.4928062e-02;2.0750000e+02;9.3419328e-02;2.0750000e+02;1.2347470e-01;2.0750000e+02;1.5312636e-01;2.0750000e+02;1.7634541e-01;2.0750000e+02;1.9545126e-01;2.0750000e+02;2.1774825e-01;2.0750000e+02;2.3789437e-01;2.0750000e+02;2.4612373e-01;2.0750000e+02;2.2608858e-01;2.0750000e+02;1.8580940e-01;2.0750000e+02;1.3420954e-01;2.0750000e+02;8.2969695e-02;2.0750000e+02;3.6132529e-02;2.0750000e+02;-5.3787967e-03;2.0750000e+02;4.7445567e-03;2.0750000e+02;2.0307094e-02;2.0750000e+02;4.0535614e-02;2.0750000e+02;6.4928062e-02;2.0750000e+02;9.3419328e-02;2.0750000e+02;1.2347470e-01;2.0750000e+02;1.5312636e-01;2.0750000e+02;1.7634541e-01;2.0750000e+02;1.9545126e-01;2.0750000e+02;2.1774825e-01;2.0750000e+02;2.3789437e-01;2.0750000e+02;2.4612373e-01;2.0750000e+02;2.2608858e-01;2.0750000e+02;1.8580940e-01;2.0750000e+02;1.3420954e-01;2.0750000e+02;8.2969695e-02;2.0750000e+02;3.6132529e-02;2.0750000e+02;-5.3787967e-03;2.0750000e+02;4.7445567e-03;2.0750000e+02;2.0307094e-02;2.0750000e+02;4.0535614e-02;2.0750000e+02;6.4928062e-02;2.0750000e+02;9.3419328e-02;2.0750000e+02;1.2347470e-01;2.0750000e+02;1.5312636e-01;2.0750000e+02;1.7634541e-01;2.0750000e+02;1.9545126e-01;2.0750000e+02;2.1774825e-01;2.0750000e+02;2.3789437e-01;2.0750000e+02;2.4612373e-01;2.0750000e+02;2.2608858e-01;2.0750000e+02;1.8580940e-01;2.0750000e+02;1.3420954e-01;2.0750000e+02;8.2969695e-02;2.0750000e+02;3.6132529e-02;2.0750000e+02;-5.3787967e-03;2.0750000e+02;4.7445567e-03;2.0750000e+02;2.0307094e-02;2.0750000e+02;4.0535614e-02;2.0750000e+02;6.4928062e-02;2.0750000e+02;9.3419328e-02;2.0750000e+02;1.2347470e-01;2.0750000e+02;1.5312636e-01;2.0750000e+02;1.7634541e-01;2.0750000e+02;1.9545126e-01;2.0750000e+02;2.1774825e-01;2.0750000e+02;2.3789437e-01;2.0750000e+02;2.4612373e-01;2.0750000e+02;2.2608858e-01;2.0750000e+02;1.8580940e-01;2.0750000e+02;1.3420954e-01;2.0750000e+02;8.2969695e-02;2.0750000e+02;3.6132529e-02;2.0750000e+02;-5.3787967e-03;2.0750000e+02;4.7445567e-03;2.0750000e+02;2.0307094e-02;2.0750000e+02;4.0535614e-02;2.0750000e+02;6.4928062e-02;2.0750000e+02;9.3419328e-02;2.0750000e+02;1.2347470e-01;2.0750000e+02;1.5312636e-01;2.0750000e+02;1.7634541e-01;2.0750000e+02;1.9545126e-01;2.0750000e+02;2.1774825e-01;2.0750000e+02;2.3789437e-01;2.0750000e+02;2.4612373e-01;2.0750000e+02;2.2608858e-01;2.0750000e+02;1.8580940e-01;2.0750000e+02;1.3420954e-01;2.0750000e+02;8.2969695e-02;2.0750000e+02;3.6132529e-02;2.0750000e+02;-5.3787967e-03;2.0750000e+02;4.7445567e-03;2.0750000e+02;2.0307094e-02;2.0750000e+02;4.0535614e-02;2.0750000e+02;6.4928062e-02;2.0750000e+02;9.3419328e-02;2.0750000e+02;1.2347470e-01;2.0750000e+02;1.5312636e-01;2.0750000e+02;1.7634541e-01;2.0750000e+02;1.9545126e-01;2.0750000e+02;2.1774825e-01;2.0750000e+02;2.3789437e-01;2.0750000e+02;2.4612373e-01;2.0750000e+02;2.2608858e-01;2.0750000e+02;1.8580940e-01;2.0750000e+02;1.3420954e-01;2.0750000e+02;8.2969695e-02;2.0750000e+02;3.6132529e-02;2.0750000e+02;-5.3787967e-03;2.0750000e+02;4.7445567e-03;2.0750000e+02;2.0307094e-02;2.0750000e+02;4.0535614e-02;2.0750000e+02;6.4928062e-02;2.0750000e+02;9.3419328e-02;2.0750000e+02;1.2347470e-01;2.0750000e+02;1.5312636e-01;2.0750000e+02;1.7634541e-01;2.0750000e+02;1.9545126e-01;2.0750000e+02;2.1774825e-01;2.0750000e+02;2.3789437e-01;2.0750000e+02;2.4612373e-01;2.0750000e+02;2.2608858e-01;2.0750000e+02;1.8580940e-01;2.0750000e+02;1.3420954e-01;2.0750000e+02;8.2969695e-02;2.0750000e+02;3.6132529e-02;2.0750000e+02;-5.3787967e-03;2.0750000e+02;4.7445567e-03;2.0750000e+02;2.0307094e-02;2.0750000e+02;4.0535614e-02;2.0750000e+02;6.4928062e-02;2.0750000e+02;9.3419328e-02;2.0750000e+02;1.2347470e-01;2.0750000e+02;1.5312636e-01;2.0750000e+02;1.7634541e-01;2.0750000e+02;1.9545126e-01;2.0750000e+02;2.1774825e-01;2.0750000e+02;2.3789437e-01;2.0750000e+02;2.4612373e-01;2.0750000e+02;2.2608858e-01;2.0750000e+02;1.8580940e-01;2.0750000e+02;1.3420954e-01;2.0750000e+02;8.2969695e-02;2.0750000e+02;3.6132529e-02;2.0750000e+02;-5.3787967e-03;2.0750000e+02;4.7445567e-03;2.0750000e+02;2.0307094e-02;2.0750000e+02;4.0535614e-02;2.0750000e+02;6.4928062e-02;2.0750000e+02;9.3419328e-02;2.0750000e+02;1.2347470e-01;2.0750000e+02;1.5312636e-01;2.0750000e+02;1.7634541e-01;2.0750000e+02;1.9545126e-01;2.0750000e+02;2.1774825e-01;2.0750000e+02;2.3789437e-01;2.0750000e+02;2.4612373e-01;2.0750000e+02;2.2608858e-01;2.0750000e+02;1.8580940e-01;2.0750000e+02;1.3420954e-01;2.0750000e+02;8.2969695e-02;2.0750000e+02;3.6132529e-02;2.0750000e+02;-5.3787967e-03;2.0750000e+02;4.7445567e-03;2.0750000e+02;2.0307094e-02;2.0750000e+02;4.0535614e-02;2.0750000e+02;6.4928062e-02;2.0750000e+02;9.3419328e-02;2.0750000e+02;1.2347470e-01;2.0750000e+02;1.5312636e-01;2.0750000e+02;1.7634541e-01;2.0750000e+02;1.9545126e-01;2.0750000e+02;2.1774825e-01;2.0750000e+02;2.3789437e-01;2.0750000e+02;2.4612373e-01;2.0750000e+02;2.2608858e-01;2.0750000e+02;1.8580940e-01;2.0750000e+02;1.3420954e-01;2.0750000e+02;8.2969695e-02;2.0750000e+02;3.6132529e-02;2.0750000e+02;-5.3787967e-03;2.0750000e+02;4.7445567e-03;2.0750000e+02;2.0307094e-02;2.0750000e+02;4.0535614e-02;2.0750000e+02;6.4928062e-02;2.0750000e+02;9.3419328e-02;2.0750000e+02;1.2347470e-01;2.0750000e+02;1.5312636e-01;2.0750000e+02;1.7634541e-01;2.0750000e+02;1.9545126e-01;2.0750000e+02;2.1774825e-01;2.0750000e+02;2.3789437e-01;2.0750000e+02;2.4612373e-01;2.0750000e+02;2.2608858e-01;2.0750000e+02;1.8580940e-01;2.0750000e+02;1.3420954e-01;2.0750000e+02;8.2969695e-02;2.0750000e+02;3.6132529e-02;2.0750000e+02;-5.3787967e-03;2.0750000e+02;4.7445567e-03;2.0750000e+02;2.0307094e-02;2.0750000e+02;4.0535614e-02;2.0750000e+02;6.4928062e-02;2.0750000e+02;9.3419328e-02;2.0750000e+02;1.2347470e-01;2.0750000e+02;1.5312636e-01;2.0750000e+02;1.7634541e-01;2.0750000e+02;1.9545126e-01;2.0750000e+02;2.1774825e-01;2.0750000e+02;2.3789437e-01;2.0750000e+02;2.4612373e-01;2.0750000e+02;2.2608858e-01;2.0750000e+02;1.8580940e-01;2.0750000e+02;1.3420954e-01;2.0750000e+02;8.2969695e-02;2.0750000e+02;3.6132529e-02;2.0750000e+02;-5.3787967e-03;2.0750000e+02;4.7445567e-03;2.0750000e+02;2.0307094e-02;2.0750000e+02;4.0535614e-02;2.0750000e+02;6.4928062e-02;2.0750000e+02;9.3419328e-02;2.0750000e+02;1.2347470e-01;2.0750000e+02;1.5312636e-01;2.0750000e+02;1.7634541e-01;2.0750000e+02;1.9545126e-01;2.0750000e+02;2.1774825e-01;2.0750000e+02;2.3789437e-01;2.0750000e+02;2.4612373e-01;2.0750000e+02;2.2608858e-01;2.0750000e+02;1.8580940e-01;2.0750000e+02;1.3420954e-01;2.0750000e+02;8.2969695e-02;2.0750000e+02;3.6132529e-02;2.0750000e+02;-5.3787967e-03;2.0750000e+02;4.7445567e-03;2.0750000e+02;2.0307094e-02;2.0750000e+02;4.0535614e-02;2.0750000e+02;6.4928062e-02;2.0750000e+02;9.3419328e-02;2.0750000e+02;1.2347470e-01;2.0750000e+02;1.5312636e-01;2.0750000e+02;1.7634541e-01;2.0750000e+02;1.9545126e-01;2.0750000e+02;2.1774825e-01;2.0750000e+02;2.3789437e-01;2.0750000e+02;2.4612373e-01;2.0750000e+02;2.2608858e-01;2.0750000e+02;1.8580940e-01;2.0750000e+02;1.3420954e-01;2.0750000e+02;8.2969695e-02;2.0750000e+02;3.6132529e-02;2.0750000e+02;-5.3787967e-03;2.0750000e+02;4.7445567e-03;2.0750000e+02;2.0307094e-02;2.0750000e+02;4.0535614e-02;2.0750000e+02;6.4928062e-02;2.0750000e+02;9.3419328e-02;2.0750000e+02;1.2347470e-01;2.0750000e+02;1.5312636e-01;2.0750000e+02;1.7634541e-01;2.0750000e+02;1.9545126e-01;2.0750000e+02;2.1774825e-01;2.0750000e+02;2.3789437e-01;2.0750000e+02;2.4612373e-01;2.0750000e+02;2.2608858e-01;2.0750000e+02;1.8580940e-01;2.0750000e+02;1.3420954e-01;2.0750000e+02;8.2969695e-02;2.0750000e+02;3.6132529e-02;2.0750000e+02;-5.3787967e-03;2.0750000e+02;4.7445567e-03;2.0750000e+02;2.0307094e-02;2.0750000e+02;4.0535614e-02;2.0750000e+02;6.4928062e-02;2.0750000e+02;9.3419328e-02;2.0750000e+02;1.2347470e-01;2.0750000e+02;1.5312636e-01;2.0750000e+02;1.7634541e-01;2.0750000e+02;1.9545126e-01;2.0750000e+02;2.1774825e-01;2.0750000e+02;2.3789437e-01;2.0750000e+02;2.4612373e-01;2.0750000e+02;2.2608858e-01;2.0750000e+02;1.8580940e-01;2.0750000e+02;1.3420954e-01;2.0750000e+02;8.2969695e-02;2.0750000e+02;3.6132529e-02;2.0750000e+02;-5.3787967e-03;2.0750000e+02;4.7445567e-03;2.0750000e+02;2.0307094e-02;2.0750000e+02;4.0535614e-02;2.0750000e+02;6.4928062e-02;2.0750000e+02;9.3419328e-02;2.0750000e+02;1.2347470e-01;2.0750000e+02;1.5312636e-01;2.0750000e+02;1.7634541e-01;2.0750000e+02;1.9545126e-01;2.0750000e+02;2.1774825e-01;2.0750000e+02;2.3789437e-01;2.0750000e+02;2.4612373e-01;2.0750000e+02;2.2608858e-01;2.0750000e+02;1.8580940e-01;2.0750000e+02;1.3420954e-01;2.0750000e+02;8.2969695e-02;2.0750000e+02;3.6132529e-02;2.0750000e+02;-5.3787967e-03;2.0750000e+02;4.7445567e-03;2.0750000e+02;2.0307094e-02;2.0750000e+02;4.0535614e-02;2.0750000e+02;6.4928062e-02;2.0750000e+02;9.3419328e-02;2.0750000e+02;1.2347470e-01;2.0750000e+02;1.5312636e-01;2.0750000e+02;1.7634541e-01;2.0750000e+02;1.9545126e-01;2.0750000e+02;2.1774825e-01;2.0750000e+02;2.3789437e-01;2.0750000e+02;2.4612373e-01;2.0750000e+02;2.2608858e-01;2.0750000e+02;1.8580940e-01;2.0750000e+02;1.3420954e-01;2.0750000e+02;8.2969695e-02;2.0750000e+02;3.6132529e-02;2.0750000e+02;-5.3787967e-03;2.0750000e+02;4.7445567e-03;2.0750000e+02;2.0307094e-02;2.0750000e+02;4.0535614e-02;2.0750000e+02;6.4928062e-02;2.0750000e+02;9.3419328e-02;2.0750000e+02;1.2347470e-01;2.0750000e+02;1.5312636e-01;2.0750000e+02;1.7634541e-01;2.0750000e+02;1.9545126e-01;2.0750000e+02;2.1774825e-01;2.0750000e+02;2.3789437e-01;2.0750000e+02;2.4612373e-01;2.0750000e+02;2.2608858e-01;2.0750000e+02;1.8580940e-01;2.0750000e+02;1.3420954e-01;2.0750000e+02;8.2969695e-02;2.0750000e+02;3.6132529e-02;2.0750000e+02;-5.3787967e-03;2.0750000e+02;4.7445567e-03;2.0750000e+02;2.0307094e-02;2.0750000e+02;4.0535614e-02;2.0750000e+02;6.4928062e-02;2.0750000e+02;9.3419328e-02;2.0750000e+02;1.2347470e-01;2.0750000e+02;1.5312636e-01;2.0750000e+02;1.7634541e-01;2.0750000e+02;1.9545126e-01;2.0750000e+02;2.1774825e-01;2.0750000e+02;2.3789437e-01;2.0750000e+02;2.4612373e-01;2.0750000e+02;2.2608858e-01;2.0750000e+02;1.8580940e-01;2.0750000e+02;1.3420954e-01;2.0750000e+02;8.2969695e-02;2.0750000e+02;3.6132529e-02;2.0750000e+02;-5.3787967e-03;2.0750000e+02;4.7445567e-03;2.0750000e+02;2.0307094e-02;2.0750000e+02;4.0535614e-02;2.0750000e+02;6.4928062e-02;2.0750000e+02;9.3419328e-02;2.0750000e+02;1.2347470e-01;2.0750000e+02;1.5312636e-01;2.0750000e+02;1.7634541e-01;2.0750000e+02;1.9545126e-01;2.0750000e+02;2.1774825e-01;2.0750000e+02;2.3789437e-01;2.0750000e+02;2.4612373e-01;2.0750000e+02;2.2608858e-01;2.0750000e+02;1.8580940e-01;2.0750000e+02;1.3420954e-01;2.0750000e+02;8.2969695e-02;2.0750000e+02;3.6132529e-02;2.0750000e+02;-5.3787967e-03;2.0750000e+02;4.7445567e-03;2.0750000e+02;2.0307094e-02;2.0750000e+02;4.0535614e-02;2.0750000e+02;6.4928062e-02;2.0750000e+02;9.3419328e-02;2.0750000e+02;1.2347470e-01;2.0750000e+02;1.5312636e-01;2.0750000e+02;1.7634541e-01;2.0750000e+02;1.9545126e-01;2.0750000e+02;2.1774825e-01;2.0750000e+02;2.3789437e-01;2.0750000e+02;2.4612373e-01;2.0750000e+02;2.2608858e-01;2.0750000e+02;1.8580940e-01;2.0750000e+02;1.3420954e-01;2.0750000e+02;8.2969695e-02;2.0750000e+02;3.6132529e-02;2.0750000e+02;-5.3787967e-03;2.0750000e+02;4.7445567e-03;2.0750000e+02;2.0307094e-02;2.0750000e+02;4.0535614e-02;2.0750000e+02;6.4928062e-02;2.0750000e+02;9.3419328e-02;2.0750000e+02;1.2347470e-01;2.0750000e+02;1.5312636e-01;2.0750000e+02;1.7634541e-01;2.0750000e+02;1.9545126e-01;2.0750000e+02;2.1774825e-01;2.0750000e+02;2.3789437e-01;2.0750000e+02;2.4612373e-01;2.0750000e+02;2.2608858e-01;2.0750000e+02;1.8580940e-01;2.0750000e+02;1.3420954e-01;2.0750000e+02;8.2969695e-02;2.0750000e+02;3.6132529e-02;2.0750000e+02;-5.3787967e-03;2.0750000e+02;4.7445567e-03;2.0750000e+02;2.0307094e-02;2.0750000e+02;4.0535614e-02;2.0750000e+02;6.4928062e-02;2.0750000e+02;9.3419328e-02;2.0750000e+02;1.2347470e-01;2.0750000e+02;1.5312636e-01;2.0750000e+02;1.7634541e-01;2.0750000e+02;1.9545126e-01;2.0750000e+02;2.1774825e-01;2.0750000e+02;2.3789437e-01;2.0750000e+02;2.4612373e-01;2.0750000e+02;2.2608858e-01;2.0750000e+02;1.8580940e-01;2.0750000e+02;1.3420954e-01;2.0750000e+02;8.2969695e-02;2.0750000e+02;3.6132529e-02;2.0750000e+02;-5.3787967e-03;2.0750000e+02;4.7445567e-03;2.0750000e+02;2.0307094e-02;2.0750000e+02;4.0535614e-02;2.0750000e+02;6.4928062e-02;2.0750000e+02;9.3419328e-02;2.0750000e+02;1.2347470e-01;2.0750000e+02;1.5312636e-01;2.0750000e+02;1.7634541e-01;2.0750000e+02;1.9545126e-01;2.0750000e+02;2.1774825e-01;2.0750000e+02;2.3789437e-01;2.0750000e+02;2.4612373e-01;2.0750000e+02;2.2608858e-01;2.0750000e+02;1.8580940e-01;2.0750000e+02;1.3420954e-01;2.0750000e+02;8.2969695e-02;2.0750000e+02;3.6132529e-02;2.0750000e+02;-5.3787967e-03;2.0750000e+02;4.7445567e-03;2.0750000e+02;2.0307094e-02;2.0750000e+02;4.0535614e-02;2.0750000e+02;6.4928062e-02;2.0750000e+02;9.3419328e-02;2.0750000e+02;1.2347470e-01;2.0750000e+02;1.5312636e-01;2.0750000e+02;1.7634541e-01;2.0750000e+02;1.9545126e-01;2.0750000e+02;2.1774825e-01;2.0750000e+02;2.3789437e-01;2.0750000e+02;2.4612373e-01;2.0750000e+02;2.2608858e-01;2.0750000e+02;1.8580940e-01;2.0750000e+02;1.3420954e-01;2.0750000e+02;8.2969695e-02;2.0750000e+02;3.6132529e-02;2.0750000e+02;-5.3787967e-03;2.0750000e+02;4.7445567e-03;2.0750000e+02;2.0307094e-02;2.0750000e+02;4.0535614e-02;2.0750000e+02;6.4928062e-02;2.0750000e+02;9.3419328e-02;2.0750000e+02;1.2347470e-01;2.0750000e+02;1.5312636e-01;2.0750000e+02;1.7634541e-01;2.0750000e+02;1.9545126e-01;2.0750000e+02;2.1774825e-01;2.0750000e+02;2.3789437e-01;2.0750000e+02;2.4612373e-01;2.0750000e+02;2.2608858e-01;2.0750000e+02;1.8580940e-01;2.0750000e+02;1.3420954e-01;2.0750000e+02;8.2969695e-02;2.0750000e+02;3.6132529e-02;2.0750000e+02;-5.3787967e-03;2.0750000e+02;4.7445567e-03;2.0750000e+02;2.0307094e-02;2.0750000e+02;4.0535614e-02;2.0750000e+02;6.4928062e-02;2.0750000e+02;9.3419328e-02;2.0750000e+02;1.2347470e-01;2.0750000e+02;1.5312636e-01;2.0750000e+02;1.7634541e-01;2.0750000e+02;1.9545126e-01;2.0750000e+02;2.1774825e-01;2.0750000e+02;2.3789437e-01;2.0750000e+02;2.4612373e-01;2.0750000e+02;2.2608858e-01;2.0750000e+02;1.8580940e-01;2.0750000e+02;1.3420954e-01;2.0750000e+02;8.2969695e-02;2.0750000e+02;3.6132529e-02;2.0750000e+02;-5.3787967e-03;2.0750000e+02;4.7445567e-03;2.0750000e+02;2.0307094e-02;2.0750000e+02;4.0535614e-02;2.0750000e+02;6.4928062e-02;2.0750000e+02;9.3419328e-02;2.0750000e+02;1.2347470e-01;2.0750000e+02;1.5312636e-01;2.0750000e+02;1.7634541e-01;2.0750000e+02;1.9545126e-01;2.0750000e+02;2.1774825e-01;2.0750000e+02;2.3789437e-01;2.0750000e+02;2.4612373e-01;2.0750000e+02;2.2608858e-01;2.0750000e+02;1.8580940e-01;2.0750000e+02;1.3420954e-01;2.0750000e+02;8.2969695e-02;2.0750000e+02;3.6132529e-02;2.0750000e+02;-5.3787967e-03;2.0750000e+02;4.7445567e-03;2.0750000e+02;2.0307094e-02;2.0750000e+02;4.0535614e-02;2.0750000e+02;6.4928062e-02;2.0750000e+02;9.3419328e-02;2.0750000e+02;1.2347470e-01;2.0750000e+02;1.5312636e-01;2.0750000e+02;1.7634541e-01;2.0750000e+02;1.9545126e-01;2.0750000e+02;2.1774825e-01;2.0750000e+02;2.3789437e-01;2.0750000e+02;2.4612373e-01;2.0750000e+02;2.2608858e-01;2.0750000e+02;1.8580940e-01;2.0750000e+02;1.3420954e-01;2.0750000e+02;8.2969695e-02;2.0750000e+02;3.6132529e-02;2.0750000e+02;-5.3787967e-03;2.0750000e+02;4.7445567e-03;2.0750000e+02;2.0307094e-02;2.0750000e+02;4.0535614e-02;2.0750000e+02;6.4928062e-02;2.0750000e+02;9.3419328e-02;2.0750000e+02;1.2347470e-01;2.0750000e+02;1.5312636e-01;2.0750000e+02;1.7634541e-01;2.0750000e+02;1.9545126e-01;2.0750000e+02;2.1774825e-01;2.0750000e+02;2.3789437e-01;2.0750000e+02;2.4612373e-01;2.0750000e+02;2.2608858e-01;2.0750000e+02;1.8580940e-01;2.0750000e+02;1.3420954e-01;2.0750000e+02;8.2969695e-02;2.0750000e+02;3.6132529e-02;2.0750000e+02;-5.3787967e-03;2.0750000e+02;4.7445567e-03;2.0750000e+02;2.0307094e-02;2.0750000e+02;4.0535614e-02;2.0750000e+02;6.4928062e-02;2.0750000e+02;9.3419328e-02;2.0750000e+02;1.2347470e-01;2.0750000e+02;1.5312636e-01;2.0750000e+02;1.7634541e-01;2.0750000e+02;1.9545126e-01;2.0750000e+02;2.1774825e-01;2.0750000e+02;2.3789437e-01;2.0750000e+02;2.4612373e-01;2.0750000e+02;2.2608858e-01;2.0750000e+02;1.8580940e-01;2.0750000e+02;1.3420954e-01;2.0750000e+02;8.2969695e-02;2.0750000e+02;3.6132529e-02;2.0750000e+02;-5.3787967e-03;2.0750000e+02;4.7445567e-03;2.0750000e+02;2.0307094e-02;2.0750000e+02;4.0535614e-02;2.0750000e+02;6.4928062e-02;2.0750000e+02;9.3419328e-02;2.0750000e+02;1.2347470e-01;2.0750000e+02;1.5312636e-01;2.0750000e+02;1.7634541e-01;2.0750000e+02;1.9545126e-01;2.0750000e+02;2.1774825e-01;2.0750000e+02;2.3789437e-01;2.0750000e+02;2.4612373e-01;2.0750000e+02;2.2608858e-01;2.0750000e+02;1.8580940e-01;2.0750000e+02;1.3420954e-01;2.0750000e+02;8.2969695e-02;2.0750000e+02;3.6132529e-02;2.0750000e+02;-5.3787967e-03;2.0750000e+02;4.7445567e-03;2.0750000e+02;2.0307094e-02;2.0750000e+02;4.0535614e-02;2.0750000e+02;6.4928062e-02;2.0750000e+02;9.3419328e-02;2.0750000e+02;1.2347470e-01;2.0750000e+02;1.5312636e-01;2.0750000e+02;1.7634541e-01;2.0750000e+02;1.9545126e-01;2.0750000e+02;2.1774825e-01;2.0750000e+02;2.3789437e-01;2.0750000e+02;2.4612373e-01;2.0750000e+02;2.2608858e-01;2.0750000e+02;1.8580940e-01;2.0750000e+02;1.3420954e-01;2.0750000e+02;8.2969695e-02;2.0750000e+02;3.6132529e-02;2.0750000e+02;-5.3787967e-03;2.0750000e+02;4.7445567e-03;2.0750000e+02;2.0307094e-02;2.0750000e+02;4.0535614e-02;2.0750000e+02;6.4928062e-02;2.0750000e+02;9.3419328e-02;2.0750000e+02;1.2347470e-01;2.0750000e+02;1.5312636e-01;2.0750000e+02;1.7634541e-01;2.0750000e+02;1.9545126e-01;2.0750000e+02;2.1774825e-01;2.0750000e+02;2.3789437e-01;2.0750000e+02;2.4612373e-01;2.0750000e+02;2.2608858e-01;2.0750000e+02;1.8580940e-01;2.0750000e+02;1.3420954e-01;2.0750000e+02;8.2969695e-02;2.0750000e+02;3.6132529e-02;2.0750000e+02;-5.3787967e-03;2.0750000e+02;4.7445567e-03;2.0750000e+02;2.0307094e-02;2.0750000e+02;4.0535614e-02;2.0750000e+02;6.4928062e-02;2.0750000e+02;9.3419328e-02;2.0750000e+02;1.2347470e-01;2.0750000e+02;1.5312636e-01;2.0750000e+02;1.7634541e-01;2.0750000e+02;1.9545126e-01;2.0750000e+02;2.1774825e-01;2.0750000e+02;2.3789437e-01;2.0750000e+02;2.4612373e-01;2.0750000e+02;2.2608858e-01;2.0750000e+02;1.8580940e-01;2.0750000e+02;1.3420954e-01;2.0750000e+02;8.2969695e-02;2.0750000e+02;3.6132529e-02;2.0750000e+02;-5.3787967e-03;2.0750000e+02;4.7445567e-03;2.0750000e+02;2.0307094e-02;2.0750000e+02;4.0535614e-02;2.0750000e+02;6.4928062e-02;2.0750000e+02;9.3419328e-02;2.0750000e+02;1.2347470e-01;2.0750000e+02;1.5312636e-01;2.0750000e+02;1.7634541e-01;2.0750000e+02;1.9545126e-01;2.0750000e+02;2.1774825e-01;2.0750000e+02;2.3789437e-01;2.0750000e+02;2.4612373e-01;2.0750000e+02;2.2608858e-01;2.0750000e+02;1.8580940e-01;2.0750000e+02;1.3420954e-01;2.0750000e+02;8.2969695e-02;2.0750000e+02;3.6132529e-02;2.0750000e+02;-5.3787967e-03;2.0750000e+02;4.7445567e-03;2.0750000e+02;2.0307094e-02;2.0750000e+02;4.0535614e-02;2.0750000e+02;6.4928062e-02;2.0750000e+02;9.3419328e-02;2.0750000e+02;1.2347470e-01;2.0750000e+02;1.5312636e-01;2.0750000e+02;1.7634541e-01;2.0750000e+02;1.9545126e-01;2.0750000e+02;2.1774825e-01;2.0750000e+02;2.3789437e-01;2.0750000e+02;2.4612373e-01;2.0750000e+02;2.2608858e-01;2.0750000e+02;1.8580940e-01;2.0750000e+02;1.3420954e-01;2.0750000e+02;8.2969695e-02;2.0750000e+02;3.6132529e-02;2.0750000e+02;-5.3787967e-03;2.0750000e+02;4.7445567e-03;2.0750000e+02;2.0307094e-02;2.0750000e+02;4.0535614e-02;2.0750000e+02;6.4928062e-02;2.0750000e+02;9.3419328e-02;2.0750000e+02;1.2347470e-01;2.0750000e+02;1.5312636e-01;2.0750000e+02;1.7634541e-01;2.0750000e+02;1.9545126e-01;2.0750000e+02;2.1774825e-01;2.0750000e+02;2.3789437e-01;2.0750000e+02;2.4612373e-01;2.0750000e+02;2.2608858e-01;2.0750000e+02;1.8580940e-01;2.0750000e+02;1.3420954e-01;2.0750000e+02;8.2969695e-02;2.0750000e+02;3.6132529e-02;2.0750000e+02;-5.3787967e-03;2.0750000e+02;4.7445567e-03;2.0750000e+02;2.0307094e-02;2.0750000e+02;4.0535614e-02;2.0750000e+02;6.4928062e-02;2.0750000e+02;9.3419328e-02;2.0750000e+02;1.2347470e-01;2.0750000e+02;1.5312636e-01;2.0750000e+02;1.7634541e-01;2.0750000e+02;1.9545126e-01;2.0750000e+02;2.1774825e-01;2.0750000e+02;2.3789437e-01;2.0750000e+02;2.4612373e-01;2.0750000e+02;2.2608858e-01;2.0750000e+02;1.8580940e-01;2.0750000e+02;1.3420954e-01;2.0750000e+02;8.2969695e-02;2.0750000e+02;3.6132529e-02;2.0750000e+02;-5.3787967e-03;2.0750000e+02;4.7445567e-03;2.0750000e+02;2.0307094e-02;2.0750000e+02;4.0535614e-02;2.0750000e+02;6.4928062e-02;2.0750000e+02;9.3419328e-02;2.0750000e+02;1.2347470e-01;2.0750000e+02;1.5312636e-01;2.0750000e+02;1.7634541e-01;2.0750000e+02;1.9545126e-01;2.0750000e+02;2.1774825e-01;2.0750000e+02;2.3789437e-01;2.0750000e+02;2.4612373e-01;2.0750000e+02;2.2608858e-01;2.0750000e+02;1.8580940e-01;2.0750000e+02;1.3420954e-01;2.0750000e+02;8.2969695e-02;2.0750000e+02;3.6132529e-02;2.0750000e+02;-5.3787967e-03;2.0750000e+02;4.7445567e-03;2.0750000e+02;2.0307094e-02;2.0750000e+02;4.0535614e-02;2.0750000e+02;6.4928062e-02;2.0750000e+02;9.3419328e-02;2.0750000e+02;1.2347470e-01;2.0750000e+02;1.5312636e-01;2.0750000e+02;1.7634541e-01;2.0750000e+02;1.9545126e-01;2.0750000e+02;2.1774825e-01;2.0750000e+02;2.3789437e-01;2.0750000e+02;2.4612373e-01;2.0750000e+02;2.2608858e-01;2.0750000e+02;1.8580940e-01;2.0750000e+02;1.3420954e-01;2.0750000e+02;8.2969695e-02;2.0750000e+02;3.6132529e-02;2.0750000e+02;-5.3787967e-03;2.0750000e+02;4.7445567e-03;2.0750000e+02;2.0307094e-02;2.0750000e+02;4.0535614e-02;2.0750000e+02;6.4928062e-02;2.0750000e+02;9.3419328e-02;2.0750000e+02;1.2347470e-01;2.0750000e+02;1.5312636e-01;2.0750000e+02;1.7634541e-01;2.0750000e+02;1.9545126e-01;2.0750000e+02;2.1774825e-01;2.0750000e+02;2.3789437e-01;2.0750000e+02;2.4612373e-01;2.0750000e+02;2.2608858e-01;2.0750000e+02;1.8580940e-01;2.0750000e+02;1.3420954e-01;2.0750000e+02;8.2969695e-02;2.0750000e+02;3.6132529e-02;2.0750000e+02;-5.3787967e-03;2.0750000e+02;4.7445567e-03;2.0750000e+02;2.0307094e-02;2.0750000e+02;4.0535614e-02;2.0750000e+02;6.4928062e-02;2.0750000e+02;9.3419328e-02;2.0750000e+02;1.2347470e-01;2.0750000e+02;1.5312636e-01;2.0750000e+02;1.7634541e-01;2.0750000e+02;1.9545126e-01;2.0750000e+02;2.1774825e-01;2.0750000e+02;2.3789437e-01;2.0750000e+02;2.4612373e-01;2.0750000e+02;2.2608858e-01;2.0750000e+02;1.8580940e-01;2.0750000e+02;1.3420954e-01;2.0750000e+02;8.2969695e-02;2.0750000e+02;3.6132529e-02;2.0750000e+02;-5.3787967e-03;2.0750000e+02;4.7445567e-03;2.0750000e+02;2.0307094e-02;2.0750000e+02;4.0535614e-02;2.0750000e+02;6.4928062e-02;2.0750000e+02;9.3419328e-02;2.0750000e+02;1.2347470e-01;2.0750000e+02;1.5312636e-01;2.0750000e+02;1.7634541e-01;2.0750000e+02;1.9545126e-01;2.0750000e+02;2.1774825e-01;2.0750000e+02;2.3789437e-01;2.0750000e+02;2.4612373e-01;2.0750000e+02;2.2608858e-01;2.0750000e+02;1.8580940e-01;2.0750000e+02;1.3420954e-01;2.0750000e+02;8.2969695e-02;2.0750000e+02;3.6132529e-02;2.0750000e+02;-5.3787967e-03;2.0750000e+02;4.7445567e-03;2.0750000e+02;2.0307094e-02;2.0750000e+02;4.0535614e-02;2.0750000e+02;6.4928062e-02;2.0750000e+02;9.3419328e-02;2.0750000e+02;1.2347470e-01;2.0750000e+02;1.5312636e-01;2.0750000e+02;1.7634541e-01;2.0750000e+02;1.9545126e-01;2.0750000e+02;2.1774825e-01;2.0750000e+02;2.3789437e-01;2.0750000e+02;2.4612373e-01;2.0750000e+02;2.2608858e-01;2.0750000e+02;1.8580940e-01;2.0750000e+02;1.3420954e-01;2.0750000e+02;8.2969695e-02;2.0750000e+02;3.6132529e-02;2.0750000e+02;-5.3787967e-03;2.0750000e+02;4.7445567e-03;2.0750000e+02;2.0307094e-02;2.0750000e+02;4.0535614e-02;2.0750000e+02;6.4928062e-02;2.0750000e+02;9.3419328e-02;2.0750000e+02;1.2347470e-01;2.0750000e+02;1.5312636e-01;2.0750000e+02;1.7634541e-01;2.0750000e+02;1.9545126e-01;2.0750000e+02;2.1774825e-01;2.0750000e+02;2.3789437e-01;2.0750000e+02;2.4612373e-01;2.0750000e+02;2.2608858e-01;2.0750000e+02;1.8580940e-01;2.0750000e+02;1.3420954e-01;2.0750000e+02;8.2969695e-02;2.0750000e+02;3.6132529e-02;2.0750000e+02;-5.3787967e-03;2.0750000e+02;4.7445567e-03;2.0750000e+02;2.0307094e-02;2.0750000e+02;4.0535614e-02;2.0750000e+02;6.4928062e-02;2.0750000e+02;9.3419328e-02;2.0750000e+02;1.2347470e-01;2.0750000e+02;1.5312636e-01;2.0750000e+02;1.7634541e-01;2.0750000e+02;1.9545126e-01;2.0750000e+02;2.1774825e-01;2.0750000e+02;2.3789437e-01;2.0750000e+02;2.4612373e-01;2.0750000e+02;2.2608858e-01;2.0750000e+02;1.8580940e-01;2.0750000e+02;1.3420954e-01;2.0750000e+02;8.2969695e-02;2.0750000e+02;3.6132529e-02;2.0750000e+02;-5.3787967e-03;2.0750000e+02;4.7445567e-03;2.0750000e+02;2.0307094e-02;2.0750000e+02;4.0535614e-02;2.0750000e+02;6.4928062e-02;2.0750000e+02;9.3419328e-02;2.0750000e+02;1.2347470e-01;2.0750000e+02;1.5312636e-01;2.0750000e+02;1.7634541e-01;2.0750000e+02;1.9545126e-01;2.0750000e+02;2.1774825e-01;2.0750000e+02;2.3789437e-01;2.0750000e+02;2.4612373e-01;2.0750000e+02;2.2608858e-01;2.0750000e+02;1.8580940e-01;2.0750000e+02;1.3420954e-01;2.0750000e+02;8.2969695e-02;2.0750000e+02;3.6132529e-02;2.0750000e+02;-5.3787967e-03;2.0750000e+02;4.7445567e-03;2.0750000e+02;2.0307094e-02;2.0750000e+02;4.0535614e-02;2.0750000e+02;6.4928062e-02;2.0750000e+02;9.3419328e-02;2.0750000e+02;1.2347470e-01;2.0750000e+02;1.5312636e-01;2.0750000e+02;1.7634541e-01;2.0750000e+02;1.9545126e-01;2.0750000e+02;2.1774825e-01;2.0750000e+02;2.3789437e-01;2.0750000e+02;2.4612373e-01;2.0750000e+02;2.2608858e-01;2.0750000e+02;1.8580940e-01;2.0750000e+02;1.3420954e-01;2.0750000e+02;8.2969695e-02;2.0750000e+02;3.6132529e-02;2.0750000e+02;-5.3787967e-03;2.0750000e+02;4.7445567e-03;2.0750000e+02;2.0307094e-02;2.0750000e+02;4.0535614e-02;2.0750000e+02;6.4928062e-02;2.0750000e+02;9.3419328e-02;2.0750000e+02;1.2347470e-01;2.0750000e+02;1.5312636e-01;2.0750000e+02;1.7634541e-01;2.0750000e+02;1.9545126e-01;2.0750000e+02;2.1774825e-01;2.0750000e+02;2.3789437e-01;2.0750000e+02;2.4612373e-01;2.0750000e+02;2.2608858e-01;2.0750000e+02;1.8580940e-01;2.0750000e+02;1.3420954e-01;2.0750000e+02;8.2969695e-02;2.0750000e+02;3.6132529e-02;2.0750000e+02;-5.3787967e-03;2.0750000e+02;4.7445567e-03;2.0750000e+02;2.0307094e-02;2.0750000e+02;4.0535614e-02;2.0750000e+02;6.4928062e-02;2.0750000e+02;9.3419328e-02;2.0750000e+02;1.2347470e-01;2.0750000e+02;1.5312636e-01;2.0750000e+02;1.7634541e-01;2.0750000e+02;1.9545126e-01;2.0750000e+02;2.1774825e-01;2.0750000e+02;2.3789437e-01;2.0750000e+02;2.4612373e-01;2.0750000e+02;2.2608858e-01;2.0750000e+02;1.8580940e-01;2.0750000e+02;1.3420954e-01;2.0750000e+02;8.2969695e-02;2.0750000e+02;3.6132529e-02;2.0750000e+02;-5.3787967e-03;2.0750000e+02;4.7445567e-03;2.0750000e+02;2.0307094e-02;2.0750000e+02;4.0535614e-02;2.0750000e+02;6.4928062e-02;2.0750000e+02;9.3419328e-02;2.0750000e+02;1.2347470e-01;2.0750000e+02;1.5312636e-01;2.0750000e+02;1.7634541e-01;2.0750000e+02;1.9545126e-01;2.0750000e+02;2.1774825e-01;2.0750000e+02;2.3789437e-01;2.0750000e+02;2.4612373e-01;2.0750000e+02;2.2608858e-01;2.0750000e+02;1.8580940e-01;2.0750000e+02;1.3420954e-01;2.0750000e+02;8.2969695e-02;2.0750000e+02;3.6132529e-02;2.0750000e+02;-5.3787967e-03;2.0750000e+02;4.7445567e-03;2.0750000e+02;2.0307094e-02;2.0750000e+02;4.0535614e-02;2.0750000e+02;6.4928062e-02;2.0750000e+02;9.3419328e-02;2.0750000e+02;1.2347470e-01;2.0750000e+02;1.5312636e-01;2.0750000e+02;1.7634541e-01;2.0750000e+02;1.9545126e-01;2.0750000e+02;2.1774825e-01;2.0750000e+02;2.3789437e-01;2.0750000e+02;2.4612373e-01;2.0750000e+02;2.2608858e-01;2.0750000e+02;1.8580940e-01;2.0750000e+02;1.3420954e-01;2.0750000e+02;8.2969695e-02;2.0750000e+02;3.6132529e-02;2.0750000e+02;-5.3787967e-03;2.0750000e+02;4.7445567e-03;2.0750000e+02;2.0307094e-02;2.0750000e+02;4.0535614e-02;2.0750000e+02;6.4928062e-02;2.0750000e+02;9.3419328e-02;2.0750000e+02;1.2347470e-01;2.0750000e+02;1.5312636e-01;2.0750000e+02;1.7634541e-01;2.0750000e+02;1.9545126e-01;2.0750000e+02;2.1774825e-01;2.0750000e+02;2.3789437e-01;2.0750000e+02;2.4612373e-01;2.0750000e+02;2.2608858e-01;2.0750000e+02;1.8580940e-01;2.0750000e+02;1.3420954e-01;2.0750000e+02;8.2969695e-02;2.0750000e+02;3.6132529e-02;2.0750000e+02;-5.3787967e-03;2.0750000e+02;4.7445567e-03;2.0750000e+02;2.0307094e-02;2.0750000e+02;4.0535614e-02;2.0750000e+02;6.4928062e-02;2.0750000e+02;9.3419328e-02;2.0750000e+02;1.2347470e-01;2.0750000e+02;1.5312636e-01;2.0750000e+02;1.7634541e-01;2.0750000e+02;1.9545126e-01;2.0750000e+02;2.1774825e-01;2.0750000e+02;2.3789437e-01;2.0750000e+02;2.4612373e-01;2.0750000e+02;2.2608858e-01;2.0750000e+02;1.8580940e-01;2.0750000e+02;1.3420954e-01;2.0750000e+02;8.2969695e-02;2.0750000e+02;3.6132529e-02;2.0750000e+02;-5.3787967e-03;2.0750000e+02;4.7445567e-03;2.0750000e+02;2.0307094e-02;2.0750000e+02;4.0535614e-02;2.0750000e+02;6.4928062e-02;2.0750000e+02;9.3419328e-02;2.0750000e+02;1.2347470e-01;2.0750000e+02;1.5312636e-01;2.0750000e+02;1.7634541e-01;2.0750000e+02;1.9545126e-01;2.0750000e+02;2.1774825e-01;2.0750000e+02;2.3789437e-01;2.0750000e+02;2.4612373e-01;2.0750000e+02;2.2608858e-01;2.0750000e+02;1.8580940e-01;2.0750000e+02;1.3420954e-01;2.0750000e+02;8.2969695e-02;2.0750000e+02;3.6132529e-02;2.0750000e+02;-5.3787967e-03;2.0750000e+02;4.7445567e-03;2.0750000e+02;2.0307094e-02;2.0750000e+02;4.0535614e-02;2.0750000e+02;6.4928062e-02;2.0750000e+02;9.3419328e-02;2.0750000e+02;1.2347470e-01;2.0750000e+02;1.5312636e-01;2.0750000e+02;1.7634541e-01;2.0750000e+02;1.9545126e-01;2.0750000e+02;2.1774825e-01;2.0750000e+02;2.3789437e-01;2.0750000e+02;2.4612373e-01;2.0750000e+02;2.2608858e-01;2.0750000e+02;1.8580940e-01;2.0750000e+02;1.3420954e-01;2.0750000e+02;8.2969695e-02;2.0750000e+02;3.6132529e-02;2.0750000e+02;-5.3787967e-03;2.0750000e+02;4.7445567e-03;2.0750000e+02;2.0307094e-02;2.0750000e+02;4.0535614e-02;2.0750000e+02;6.4928062e-02;2.0750000e+02;9.3419328e-02;2.0750000e+02;1.2347470e-01;2.0750000e+02;1.5312636e-01;2.0750000e+02;1.7634541e-01;2.0750000e+02;1.9545126e-01;2.0750000e+02;2.1774825e-01;2.0750000e+02;2.3789437e-01;2.0750000e+02;2.4612373e-01;2.0750000e+02;2.2608858e-01;2.0750000e+02;1.8580940e-01;2.0750000e+02;1.3420954e-01;2.0750000e+02;8.2969695e-02;2.0750000e+02;3.6132529e-02;2.0750000e+02;-5.3787967e-03;2.0750000e+02;4.7445567e-03;2.0750000e+02;2.0307094e-02;2.0750000e+02;4.0535614e-02;2.0750000e+02;6.4928062e-02;2.0750000e+02;9.3419328e-02;2.0750000e+02;1.2347470e-01;2.0750000e+02;1.5312636e-01;2.0750000e+02;1.7634541e-01;2.0750000e+02;1.9545126e-01;2.0750000e+02;2.1774825e-01;2.0750000e+02;2.3789437e-01;2.0750000e+02;2.4612373e-01;2.0750000e+02;2.2608858e-01;2.0750000e+02;1.8580940e-01;2.0750000e+02;1.3420954e-01;2.0750000e+02;8.2969695e-02;2.0750000e+02;3.6132529e-02;2.0750000e+02;-5.3787967e-03;2.0750000e+02;4.7445567e-03;2.0750000e+02;2.0307094e-02;2.0750000e+02;4.0535614e-02;2.0750000e+02;6.4928062e-02;2.0750000e+02;9.3419328e-02;2.0750000e+02;1.2347470e-01;2.0750000e+02;1.5312636e-01;2.0750000e+02;1.7634541e-01;2.0750000e+02;1.9545126e-01;2.0750000e+02;2.1774825e-01;2.0750000e+02;2.3789437e-01;2.0750000e+02;2.4612373e-01;2.0750000e+02;2.2608858e-01;2.0750000e+02;1.8580940e-01;2.0750000e+02;1.3420954e-01;2.0750000e+02;8.2969695e-02;2.0750000e+02;3.6132529e-02;2.0750000e+02;-5.3787967e-03;2.0750000e+02;4.7445567e-03;2.0750000e+02;2.0307094e-02;2.0750000e+02;4.0535614e-02;2.0750000e+02;6.4928062e-02;2.0750000e+02;9.3419328e-02;2.0750000e+02;1.2347470e-01;2.0750000e+02;1.5312636e-01;2.0750000e+02;1.7634541e-01;2.0750000e+02;1.9545126e-01;2.0750000e+02;2.1774825e-01;2.0750000e+02;2.3789437e-01;2.0750000e+02;2.4612373e-01;2.0750000e+02;2.2608858e-01;2.0750000e+02;1.8580940e-01;2.0750000e+02;1.3420954e-01;2.0750000e+02;8.2969695e-02;2.0750000e+02;3.6132529e-02;2.0750000e+02;-5.3787967e-03;2.0750000e+02;4.7445567e-03;2.0750000e+02;2.0307094e-02;2.0750000e+02;4.0535614e-02;2.0750000e+02;6.4928062e-02;2.0750000e+02;9.3419328e-02;2.0750000e+02;1.2347470e-01;2.0750000e+02;1.5312636e-01;2.0750000e+02;1.7634541e-01;2.0750000e+02;1.9545126e-01;2.0750000e+02;2.1774825e-01;2.0750000e+02;2.3789437e-01;2.0750000e+02;2.4612373e-01;2.0750000e+02;2.2608858e-01;2.0750000e+02;1.8580940e-01;2.0750000e+02;1.3420954e-01;2.0750000e+02;8.2969695e-02;2.0750000e+02;3.6132529e-02;2.0750000e+02;-5.3787967e-03;2.0750000e+02;4.7445567e-03;2.0750000e+02;2.0307094e-02;2.0750000e+02;4.0535614e-02;2.0750000e+02;6.4928062e-02;2.0750000e+02;9.3419328e-02;2.0750000e+02;1.2347470e-01;2.0750000e+02;1.5312636e-01;2.0750000e+02;1.7634541e-01;2.0750000e+02;1.9545126e-01;2.0750000e+02;2.1774825e-01;2.0750000e+02;2.3789437e-01;2.0750000e+02;2.4612373e-01;2.0750000e+02;2.2608858e-01;2.0750000e+02;1.8580940e-01;2.0750000e+02;1.3420954e-01;2.0750000e+02;8.2969695e-02;2.0750000e+02;3.6132529e-02;2.0750000e+02;-5.3787967e-03;2.0750000e+02;4.7445567e-03;2.0750000e+02;2.0307094e-02;2.0750000e+02;4.0535614e-02;2.0750000e+02;6.4928062e-02;2.0750000e+02;9.3419328e-02;2.0750000e+02;1.2347470e-01;2.0750000e+02;1.5312636e-01;2.0750000e+02;1.7634541e-01;2.0750000e+02;1.9545126e-01;2.0750000e+02;2.1774825e-01;2.0750000e+02;2.3789437e-01;2.0750000e+02;2.4612373e-01;2.0750000e+02;2.2608858e-01;2.0750000e+02;1.8580940e-01;2.0750000e+02;1.3420954e-01;2.0750000e+02;8.2969695e-02;2.0750000e+02;3.6132529e-02;2.0750000e+02;-5.3787967e-03;2.0750000e+02;4.7445567e-03;2.0750000e+02;2.0307094e-02;2.0750000e+02;4.0535614e-02;2.0750000e+02;6.4928062e-02;2.0750000e+02;9.3419328e-02;2.0750000e+02;1.2347470e-01;2.0750000e+02;1.5312636e-01;2.0750000e+02;1.7634541e-01;2.0750000e+02;1.9545126e-01;2.0750000e+02;2.1774825e-01;2.0750000e+02;2.3789437e-01;2.0750000e+02;2.4612373e-01;2.0750000e+02;2.2608858e-01;2.0750000e+02;1.8580940e-01;2.0750000e+02;1.3420954e-01;2.0750000e+02;8.2969695e-02;2.0750000e+02;3.6132529e-02;2.0750000e+02;-5.3787967e-03;2.0750000e+02;4.7445567e-03;2.0750000e+02;2.0307094e-02;2.0750000e+02;4.0535614e-02;2.0750000e+02;6.4928062e-02;2.0750000e+02;9.3419328e-02;2.0750000e+02;1.2347470e-01;2.0750000e+02;1.5312636e-01;2.0750000e+02;1.7634541e-01;2.0750000e+02;1.9545126e-01;2.0750000e+02;2.1774825e-01;2.0750000e+02;2.3789437e-01;2.0750000e+02;2.4612373e-01;2.0750000e+02;2.2608858e-01;2.0750000e+02;1.8580940e-01;2.0750000e+02;1.3420954e-01;2.0750000e+02;8.2969695e-02;2.0750000e+02;3.6132529e-02;2.0750000e+02;-5.3787967e-03;2.0750000e+02;4.7445567e-03;2.0750000e+02;2.0307094e-02;2.0750000e+02;4.0535614e-02;2.0750000e+02;6.4928062e-02;2.0750000e+02;9.3419328e-02;2.0750000e+02;1.2347470e-01;2.0750000e+02;1.5312636e-01;2.0750000e+02;1.7634541e-01;2.0750000e+02;1.9545126e-01;2.0750000e+02;2.1774825e-01;2.0750000e+02;2.3789437e-01;2.0750000e+02;2.4612373e-01;2.0750000e+02;2.2608858e-01;2.0750000e+02;1.8580940e-01;2.0750000e+02;1.3420954e-01;2.0750000e+02;8.2969695e-02;2.0750000e+02;3.6132529e-02;2.0750000e+02;-5.3787967e-03;2.0750000e+02;4.7445567e-03;2.0750000e+02;2.0307094e-02;2.0750000e+02;4.0535614e-02;2.0750000e+02;6.4928062e-02;2.0750000e+02;9.3419328e-02;2.0750000e+02;1.2347470e-01;2.0750000e+02;1.5312636e-01;2.0750000e+02;1.7634541e-01;2.0750000e+02;1.9545126e-01;2.0750000e+02;2.1774825e-01;2.0750000e+02;2.3789437e-01;2.0750000e+02;2.4612373e-01;2.0750000e+02;2.2608858e-01;2.0750000e+02;1.8580940e-01;2.0750000e+02;1.3420954e-01;2.0750000e+02;8.2969695e-02;2.0750000e+02;3.6132529e-02;2.0750000e+02;-5.3787967e-03;2.0750000e+02;4.7445567e-03;2.0750000e+02;2.0307094e-02;2.0750000e+02;4.0535614e-02;2.0750000e+02;6.4928062e-02;2.0750000e+02;9.3419328e-02;2.0750000e+02;1.2347470e-01;2.0750000e+02;1.5312636e-01;2.0750000e+02;1.7634541e-01;2.0750000e+02;1.9545126e-01;2.0750000e+02;2.1774825e-01;2.0750000e+02;2.3789437e-01;2.0750000e+02;2.4612373e-01;2.0750000e+02;2.2608858e-01;2.0750000e+02;1.8580940e-01;2.0750000e+02;1.3420954e-01;2.0750000e+02;8.2969695e-02;2.0750000e+02;3.6132529e-02;2.0750000e+02;-5.3787967e-03;2.0750000e+02;4.7445567e-03;2.0750000e+02;2.0307094e-02;2.0750000e+02;4.0535614e-02;2.0750000e+02;6.4928062e-02;2.0750000e+02;9.3419328e-02;2.0750000e+02;1.2347470e-01;2.0750000e+02;1.5312636e-01;2.0750000e+02;1.7634541e-01;2.0750000e+02;1.9545126e-01;2.0750000e+02;2.1774825e-01;2.0750000e+02;2.3789437e-01;2.0750000e+02;2.4612373e-01;2.0750000e+02;2.2608858e-01;2.0750000e+02;1.8580940e-01;2.0750000e+02;1.3420954e-01;2.0750000e+02;8.2969695e-02;2.0750000e+02;3.6132529e-02;2.0750000e+02;-5.3787967e-03;2.0750000e+02;4.7445567e-03;2.0750000e+02;2.0307094e-02;2.0750000e+02;4.0535614e-02;2.0750000e+02;6.4928062e-02;2.0750000e+02;9.3419328e-02;2.0750000e+02;1.2347470e-01;2.0750000e+02;1.5312636e-01;2.0750000e+02;1.7634541e-01;2.0750000e+02;1.9545126e-01;2.0750000e+02;2.1774825e-01;2.0750000e+02;2.3789437e-01;2.0750000e+02;2.4612373e-01;2.0750000e+02;2.2608858e-01;2.0750000e+02;1.8580940e-01;2.0750000e+02;1.3420954e-01;2.0750000e+02;8.2969695e-02;2.0750000e+02;3.6132529e-02;2.0750000e+02;-5.3787967e-03;2.0750000e+02;4.7445567e-03;2.0750000e+02;2.0307094e-02;2.0750000e+02;4.0535614e-02;2.0750000e+02;6.4928062e-02;2.0750000e+02;9.3419328e-02;2.0750000e+02;1.2347470e-01;2.0750000e+02;1.5312636e-01;2.0750000e+02;1.7634541e-01;2.0750000e+02;1.9545126e-01;2.0750000e+02;2.1774825e-01;2.0750000e+02;2.3789437e-01;2.0750000e+02;2.4612373e-01;2.0750000e+02;2.2608858e-01;2.0750000e+02;1.8580940e-01;2.0750000e+02;1.3420954e-01;2.0750000e+02;8.2969695e-02;2.0750000e+02;3.6132529e-02;2.0750000e+02;-5.3787967e-03;2.0750000e+02;4.7445567e-03;2.0750000e+02;2.0307094e-02;2.0750000e+02;4.0535614e-02;2.0750000e+02;6.4928062e-02;2.0750000e+02;9.3419328e-02;2.0750000e+02;1.2347470e-01;2.0750000e+02;1.5312636e-01;2.0750000e+02;1.7634541e-01;2.0750000e+02;1.9545126e-01;2.0750000e+02;2.1774825e-01;2.0750000e+02;2.3789437e-01;2.0750000e+02;2.4612373e-01;2.0750000e+02;2.2608858e-01;2.0750000e+02;1.8580940e-01;2.0750000e+02;1.3420954e-01;2.0750000e+02;8.2969695e-02;2.0750000e+02;3.6132529e-02;2.0750000e+02;-5.3787967e-03;2.0750000e+02;4.7445567e-03;2.0750000e+02;2.0307094e-02;2.0750000e+02;4.0535614e-02;2.0750000e+02;6.4928062e-02;2.0750000e+02;9.3419328e-02;2.0750000e+02;1.2347470e-01;2.0750000e+02;1.5312636e-01;2.0750000e+02;1.7634541e-01;2.0750000e+02;1.9545126e-01;2.0750000e+02;2.1774825e-01;2.0750000e+02;2.3789437e-01;2.0750000e+02;2.4612373e-01;2.0750000e+02;2.2608858e-01;2.0750000e+02;1.8580940e-01;2.0750000e+02;1.3420954e-01;2.0750000e+02;8.2969695e-02;2.0750000e+02;3.6132529e-02;2.0750000e+02;-5.3787967e-03;2.0750000e+02;4.7445567e-03;2.0750000e+02;2.0307094e-02;2.0750000e+02;4.0535614e-02;2.0750000e+02;6.4928062e-02;2.0750000e+02;9.3419328e-02;2.0750000e+02;1.2347470e-01;2.0750000e+02;1.5312636e-01;2.0750000e+02;1.7634541e-01;2.0750000e+02;1.9545126e-01;2.0750000e+02;2.1774825e-01;2.0750000e+02;2.3789437e-01;2.0750000e+02;2.4612373e-01;2.0750000e+02;2.2608858e-01;2.0750000e+02;1.8580940e-01;2.0750000e+02;1.3420954e-01;2.0750000e+02;8.2969695e-02;2.0750000e+02;3.6132529e-02;2.0750000e+02;-5.3787967e-03;2.0750000e+02;4.7445567e-03;2.0750000e+02;2.0307094e-02;2.0750000e+02;4.0535614e-02;2.0750000e+02;6.4928062e-02;2.0750000e+02;9.3419328e-02;2.0750000e+02;1.2347470e-01;2.0750000e+02;1.5312636e-01;2.0750000e+02;1.7634541e-01;2.0750000e+02;1.9545126e-01;2.0750000e+02;2.1774825e-01;2.0750000e+02;2.3789437e-01;2.0750000e+02;2.4612373e-01;2.0750000e+02;2.2608858e-01;2.0750000e+02;1.8580940e-01;2.0750000e+02;1.3420954e-01;2.0750000e+02;8.2969695e-02;2.0750000e+02;3.6132529e-02;2.0750000e+02;-5.3787967e-03;2.0750000e+02;4.7445567e-03;2.0750000e+02;2.0307094e-02;2.0750000e+02;4.0535614e-02;2.0750000e+02;6.4928062e-02;2.0750000e+02;9.3419328e-02;2.0750000e+02;1.2347470e-01;2.0750000e+02;1.5312636e-01;2.0750000e+02;1.7634541e-01;2.0750000e+02;1.9545126e-01;2.0750000e+02;2.1774825e-01;2.0750000e+02;2.3789437e-01;2.0750000e+02;2.4612373e-01;2.0750000e+02;2.2608858e-01;2.0750000e+02;1.8580940e-01;2.0750000e+02;1.3420954e-01;2.0750000e+02;8.2969695e-02;2.0750000e+02;3.6132529e-02;2.0750000e+02;-5.3787967e-03;2.0750000e+02;4.7445567e-03;2.0750000e+02;2.0307094e-02;2.0750000e+02;4.0535614e-02;2.0750000e+02;6.4928062e-02;2.0750000e+02;9.3419328e-02;2.0750000e+02;1.2347470e-01;2.0750000e+02;1.5312636e-01;2.0750000e+02;1.7634541e-01;2.0750000e+02;1.9545126e-01;2.0750000e+02;2.1774825e-01;2.0750000e+02;2.3789437e-01;2.0750000e+02;2.4612373e-01;2.0750000e+02;2.2608858e-01;2.0750000e+02;1.8580940e-01;2.0750000e+02;1.3420954e-01;2.0750000e+02;8.2969695e-02;2.0750000e+02;3.6132529e-02;2.0750000e+02;-5.3787967e-03;2.0750000e+02;4.7445567e-03;2.0750000e+02;2.0307094e-02;2.0750000e+02;4.0535614e-02;2.0750000e+02;6.4928062e-02;2.0750000e+02;9.3419328e-02;2.0750000e+02;1.2347470e-01;2.0750000e+02;1.5312636e-01;2.0750000e+02;1.7634541e-01;2.0750000e+02;1.9545126e-01;2.0750000e+02;2.1774825e-01;2.0750000e+02;2.3789437e-01;2.0750000e+02;2.4612373e-01;2.0750000e+02;2.2608858e-01;2.0750000e+02;1.8580940e-01;2.0750000e+02;1.3420954e-01;2.0750000e+02;8.2969695e-02;2.0750000e+02;3.6132529e-02;2.0750000e+02;-5.3787967e-03;2.0750000e+02;4.7445567e-03;2.0750000e+02;2.0307094e-02;2.0750000e+02;4.0535614e-02;2.0750000e+02;6.4928062e-02;2.0750000e+02;9.3419328e-02;2.0750000e+02;1.2347470e-01;2.0750000e+02;1.5312636e-01;2.0750000e+02;1.7634541e-01;2.0750000e+02;1.9545126e-01;2.0750000e+02;2.1774825e-01;2.0750000e+02;2.3789437e-01;2.0750000e+02;2.4612373e-01;2.0750000e+02;2.2608858e-01;2.0750000e+02;1.8580940e-01;2.0750000e+02;1.3420954e-01;2.0750000e+02;8.2969695e-02;2.0750000e+02;3.6132529e-02;2.0750000e+02;-5.3787967e-03;2.0750000e+02;4.7445567e-03;2.0750000e+02;2.0307094e-02;2.0750000e+02;4.0535614e-02;2.0750000e+02;6.4928062e-02;2.0750000e+02;9.3419328e-02;2.0750000e+02;1.2347470e-01;2.0750000e+02;1.5312636e-01;2.0750000e+02;1.7634541e-01;2.0750000e+02;1.9545126e-01;2.0750000e+02;2.1774825e-01;2.0750000e+02;2.3789437e-01;2.0750000e+02;2.4612373e-01;2.0750000e+02;2.2608858e-01;2.0750000e+02;1.8580940e-01;2.0750000e+02;1.3420954e-01;2.0750000e+02;8.2969695e-02;2.0750000e+02;3.6132529e-02;2.0750000e+02;-5.3787967e-03;2.0750000e+02;4.7445567e-03;2.0750000e+02;2.0307094e-02;2.0750000e+02;4.0535614e-02;2.0750000e+02;6.4928062e-02;2.0750000e+02;9.3419328e-02;2.0750000e+02;1.2347470e-01;2.0750000e+02;1.5312636e-01;2.0750000e+02;1.7634541e-01;2.0750000e+02;1.9545126e-01;2.0750000e+02;2.1774825e-01;2.0750000e+02;2.3789437e-01;2.0750000e+02;2.4612373e-01;2.0750000e+02;2.2608858e-01;2.0750000e+02;1.8580940e-01;2.0750000e+02;1.3420954e-01;2.0750000e+02;8.2969695e-02;2.0750000e+02;3.6132529e-02;2.0750000e+02;-5.3787967e-03;2.0750000e+02;4.7445567e-03;2.0750000e+02;2.0307094e-02;2.0750000e+02;4.0535614e-02;2.0750000e+02;6.4928062e-02;2.0750000e+02;9.3419328e-02;2.0750000e+02;1.2347470e-01;2.0750000e+02;1.5312636e-01;2.0750000e+02;1.7634541e-01;2.0750000e+02;1.9545126e-01;2.0750000e+02;2.1774825e-01;2.0750000e+02;2.3789437e-01;2.0750000e+02;2.4612373e-01;2.0750000e+02;2.2608858e-01;2.0750000e+02;1.8580940e-01;2.0750000e+02;1.3420954e-01;2.0750000e+02;8.2969695e-02;2.0750000e+02;3.6132529e-02;2.0750000e+02;-5.3787967e-03;2.0750000e+02;4.7445567e-03;2.0750000e+02;2.0307094e-02;2.0750000e+02;4.0535614e-02;2.0750000e+02;6.4928062e-02;2.0750000e+02;9.3419328e-02;2.0750000e+02;1.2347470e-01;2.0750000e+02;1.5312636e-01;2.0750000e+02;1.7634541e-01;2.0750000e+02;1.9545126e-01;2.0750000e+02;2.1774825e-01;2.0750000e+02;2.3789437e-01;2.0750000e+02;2.4612373e-01;2.0750000e+02;2.2608858e-01;2.0750000e+02;1.8580940e-01;2.0750000e+02;1.3420954e-01;2.0750000e+02;8.2969695e-02;2.0750000e+02;3.6132529e-02;2.0750000e+02;-5.3787967e-03;2.0750000e+02;4.7445567e-03;2.0750000e+02;2.0307094e-02;2.0750000e+02;4.0535614e-02;2.0750000e+02;6.4928062e-02;2.0750000e+02;9.3419328e-02;2.0750000e+02;1.2347470e-01;2.0750000e+02;1.5312636e-01;2.0750000e+02;1.7634541e-01;2.0750000e+02;1.9545126e-01;2.0750000e+02;2.1774825e-01;2.0750000e+02;2.3789437e-01;2.0750000e+02;2.4612373e-01;2.0750000e+02;2.2608858e-01;2.0750000e+02;1.8580940e-01;2.0750000e+02;1.3420954e-01;2.0750000e+02;8.2969695e-02;2.0750000e+02;3.6132529e-02;2.0750000e+02;-5.3787967e-03;2.0750000e+02;4.7445567e-03;2.0750000e+02;2.0307094e-02;2.0750000e+02;4.0535614e-02;2.0750000e+02;6.4928062e-02;2.0750000e+02;9.3419328e-02;2.0750000e+02;1.2347470e-01;2.0750000e+02;1.5312636e-01;2.0750000e+02;1.7634541e-01;2.0750000e+02;1.9545126e-01;2.0750000e+02;2.1774825e-01;2.0750000e+02;2.3789437e-01;2.0750000e+02;2.4612373e-01;2.0750000e+02;2.2608858e-01;2.0750000e+02;1.8580940e-01;2.0750000e+02;1.3420954e-01;2.0750000e+02;8.2969695e-02;2.0750000e+02;3.6132529e-02;2.0750000e+02;-5.3787967e-03;2.0750000e+02;4.7445567e-03;2.0750000e+02;2.0307094e-02;2.0750000e+02;4.0535614e-02;2.0750000e+02;6.4928062e-02;2.0750000e+02;9.3419328e-02;2.0750000e+02;1.2347470e-01;2.0750000e+02;1.5312636e-01;2.0750000e+02;1.7634541e-01;2.0750000e+02;1.9545126e-01;2.0750000e+02;2.1774825e-01;2.0750000e+02;2.3789437e-01;2.0750000e+02;2.4612373e-01;2.0750000e+02;2.2608858e-01;2.0750000e+02;1.8580940e-01;2.0750000e+02;1.3420954e-01;2.0750000e+02;8.2969695e-02;2.0750000e+02;3.6132529e-02;2.0750000e+02;-5.3787967e-03;2.0750000e+02;4.7445567e-03;2.0750000e+02;2.0307094e-02;2.0750000e+02;4.0535614e-02;2.0750000e+02;6.4928062e-02;2.0750000e+02;9.3419328e-02;2.0750000e+02;1.2347470e-01;2.0750000e+02;1.5312636e-01;2.0750000e+02;1.7634541e-01;2.0750000e+02;1.9545126e-01;2.0750000e+02;2.1774825e-01;2.0750000e+02;2.3789437e-01;2.0750000e+02;2.4612373e-01;2.0750000e+02;2.2608858e-01;2.0750000e+02;1.8580940e-01;2.0750000e+02;1.3420954e-01;2.0750000e+02;8.2969695e-02;2.0750000e+02;3.6132529e-02;2.0750000e+02;-5.3787967e-03;2.0750000e+02;4.7445567e-03;2.0750000e+02;2.0307094e-02;2.0750000e+02;4.0535614e-02;2.0750000e+02;6.4928062e-02;2.0750000e+02;9.3419328e-02;2.0750000e+02;1.2347470e-01;2.0750000e+02;1.5312636e-01;2.0750000e+02;1.7634541e-01;2.0750000e+02;1.9545126e-01;2.0750000e+02;2.1774825e-01;2.0750000e+02;2.3789437e-01;2.0750000e+02;2.4612373e-01;2.0750000e+02;2.2608858e-01;2.0750000e+02;1.8580940e-01;2.0750000e+02;1.3420954e-01;2.0750000e+02;8.2969695e-02;2.0750000e+02;3.6132529e-02;2.0750000e+02;-5.3787967e-03;2.0750000e+02;4.7445567e-03;2.0750000e+02;2.0307094e-02;2.0750000e+02;4.0535614e-02;2.0750000e+02;6.4928062e-02;2.0750000e+02;9.3419328e-02;2.0750000e+02;1.2347470e-01;2.0750000e+02;1.5312636e-01;2.0750000e+02;1.7634541e-01;2.0750000e+02;1.9545126e-01;2.0750000e+02;2.1774825e-01;2.0750000e+02;2.3789437e-01;2.0750000e+02;2.4612373e-01;2.0750000e+02;2.2608858e-01;2.0750000e+02;1.8580940e-01;2.0750000e+02;1.3420954e-01;2.0750000e+02;8.2969695e-02;2.0750000e+02;3.6132529e-02;2.0750000e+02;-5.3787967e-03;2.0750000e+02;4.7445567e-03;2.0750000e+02;2.0307094e-02;2.0750000e+02;4.0535614e-02;2.0750000e+02;6.4928062e-02;2.0750000e+02;9.3419328e-02;2.0750000e+02;1.2347470e-01;2.0750000e+02;1.5312636e-01;2.0750000e+02;1.7634541e-01;2.0750000e+02;1.9545126e-01;2.0750000e+02;2.1774825e-01;2.0750000e+02;2.3789437e-01;2.0750000e+02;2.4612373e-01;2.0750000e+02;2.2608858e-01;2.0750000e+02;1.8580940e-01;2.0750000e+02;1.3420954e-01;2.0750000e+02;8.2969695e-02;2.0750000e+02;3.6132529e-02;2.0750000e+02;-5.3787967e-03;2.0750000e+02;4.7445567e-03;2.0750000e+02;2.0307094e-02;2.0750000e+02;4.0535614e-02;2.0750000e+02;6.4928062e-02;2.0750000e+02;9.3419328e-02;2.0750000e+02;1.2347470e-01;2.0750000e+02;1.5312636e-01;2.0750000e+02;1.7634541e-01;2.0750000e+02;1.9545126e-01;2.0750000e+02;2.1774825e-01;2.0750000e+02;2.3789437e-01;2.0750000e+02;2.4612373e-01;2.0750000e+02;2.2608858e-01;2.0750000e+02;1.8580940e-01;2.0750000e+02;1.3420954e-01;2.0750000e+02;8.2969695e-02;2.0750000e+02;3.6132529e-02;2.0750000e+02;-5.3787967e-03;2.0750000e+02;4.7445567e-03;2.0750000e+02;2.0307094e-02;2.0750000e+02;4.0535614e-02;2.0750000e+02;6.4928062e-02;2.0750000e+02;9.3419328e-02;2.0750000e+02;1.2347470e-01;2.0750000e+02;1.5312636e-01;2.0750000e+02;1.7634541e-01;2.0750000e+02;1.9545126e-01;2.0750000e+02;2.1774825e-01;2.0750000e+02;2.3789437e-01;2.0750000e+02;2.4612373e-01;2.0750000e+02;2.2608858e-01;2.0750000e+02;1.8580940e-01;2.0750000e+02;1.3420954e-01;2.0750000e+02;8.2969695e-02;2.0750000e+02;3.6132529e-02;2.0750000e+02;-5.3787967e-03;2.0750000e+02;4.7445567e-03;2.0750000e+02;2.0307094e-02;2.0750000e+02;4.0535614e-02;2.0750000e+02;6.4928062e-02;2.0750000e+02;9.3419328e-02;2.0750000e+02;1.2347470e-01;2.0750000e+02;1.5312636e-01;2.0750000e+02;1.7634541e-01;2.0750000e+02;1.9545126e-01;2.0750000e+02;2.1774825e-01;2.0750000e+02;2.3789437e-01;2.0750000e+02;2.4612373e-01;2.0750000e+02;2.2608858e-01;2.0750000e+02;1.8580940e-01;2.0750000e+02;1.3420954e-01;2.0750000e+02;8.2969695e-02;2.0750000e+02;3.6132529e-02;2.0750000e+02;-5.3787967e-03;2.0750000e+02;4.7445567e-03;2.0750000e+02;2.0307094e-02;2.0750000e+02;4.0535614e-02;2.0750000e+02;6.4928062e-02;2.0750000e+02;9.3419328e-02;2.0750000e+02;1.2347470e-01;2.0750000e+02;1.5312636e-01;2.0750000e+02;1.7634541e-01;2.0750000e+02;1.9545126e-01;2.0750000e+02;2.1774825e-01;2.0750000e+02;2.3789437e-01;2.0750000e+02;2.4612373e-01;2.0750000e+02;2.2608858e-01;2.0750000e+02;1.8580940e-01;2.0750000e+02;1.3420954e-01;2.0750000e+02;8.2969695e-02;2.0750000e+02;3.6132529e-02;2.0750000e+02;-5.3787967e-03;2.0750000e+02;4.7445567e-03;2.0750000e+02;2.0307094e-02;2.0750000e+02;4.0535614e-02;2.0750000e+02;6.4928062e-02;2.0750000e+02;9.3419328e-02;2.0750000e+02;1.2347470e-01;2.0750000e+02;1.5312636e-01;2.0750000e+02;1.7634541e-01;2.0750000e+02;1.9545126e-01;2.0750000e+02;2.1774825e-01;2.0750000e+02;2.3789437e-01;2.0750000e+02;2.4612373e-01;2.0750000e+02;2.2608858e-01;2.0750000e+02;1.8580940e-01;2.0750000e+02;1.3420954e-01;2.0750000e+02;8.2969695e-02;2.0750000e+02;3.6132529e-02;2.0750000e+02;-5.3787967e-03;2.0750000e+02;4.7445567e-03;2.0750000e+02;2.0307094e-02;2.0750000e+02;4.0535614e-02;2.0750000e+02;6.4928062e-02;2.0750000e+02;9.3419328e-02;2.0750000e+02;1.2347470e-01;2.0750000e+02;1.5312636e-01;2.0750000e+02;1.7634541e-01;2.0750000e+02;1.9545126e-01;2.0750000e+02;2.1774825e-01;2.0750000e+02;2.3789437e-01;2.0750000e+02;2.4612373e-01;2.0750000e+02;2.2608858e-01;2.0750000e+02;1.8580940e-01;2.0750000e+02;1.3420954e-01;2.0750000e+02;8.2969695e-02;2.0750000e+02;3.6132529e-02;2.0750000e+02;-5.3787967e-03;2.0750000e+02;4.7445567e-03;2.0750000e+02;2.0307094e-02;2.0750000e+02;4.0535614e-02;2.0750000e+02;6.4928062e-02;2.0750000e+02;9.3419328e-02;2.0750000e+02;1.2347470e-01;2.0750000e+02;1.5312636e-01;2.0750000e+02;1.7634541e-01;2.0750000e+02;1.9545126e-01;2.0750000e+02;2.1774825e-01;2.0750000e+02;2.3789437e-01;2.0750000e+02;2.4612373e-01;2.0750000e+02;2.2608858e-01;2.0750000e+02;1.8580940e-01;2.0750000e+02;1.3420954e-01;2.0750000e+02;8.2969695e-02;2.0750000e+02;3.6132529e-02;2.0750000e+02;-5.3787967e-03;2.0750000e+02;4.7445567e-03;2.0750000e+02;2.0307094e-02;2.0750000e+02;4.0535614e-02;2.0750000e+02;6.4928062e-02;2.0750000e+02;9.3419328e-02;2.0750000e+02;1.2347470e-01;2.0750000e+02;1.5312636e-01;2.0750000e+02;1.7634541e-01;2.0750000e+02;1.9545126e-01;2.0750000e+02;2.1774825e-01;2.0750000e+02;2.3789437e-01;2.0750000e+02;2.4612373e-01;2.0750000e+02;2.2608858e-01;2.0750000e+02;1.8580940e-01;2.0750000e+02;1.3420954e-01;2.0750000e+02;8.2969695e-02;2.0750000e+02;3.6132529e-02;2.0750000e+02;-5.3787967e-03;2.0750000e+02;4.7445567e-03;2.0750000e+02;2.0307094e-02;2.0750000e+02;4.0535614e-02;2.0750000e+02;6.4928062e-02;2.0750000e+02;9.3419328e-02;2.0750000e+02;1.2347470e-01;2.0750000e+02;1.5312636e-01;2.0750000e+02;1.7634541e-01;2.0750000e+02;1.9545126e-01;2.0750000e+02;2.1774825e-01;2.0750000e+02;2.3789437e-01;2.0750000e+02;2.4612373e-01;2.0750000e+02;2.2608858e-01;2.0750000e+02;1.8580940e-01;2.0750000e+02;1.3420954e-01;2.0750000e+02;8.2969695e-02;2.0750000e+02;3.6132529e-02;2.0750000e+02;-5.3787967e-03;2.0750000e+02;4.7445567e-03;2.0750000e+02;2.0307094e-02;2.0750000e+02;4.0535614e-02;2.0750000e+02;6.4928062e-02;2.0750000e+02;9.3419328e-02;2.0750000e+02;1.2347470e-01;2.0750000e+02;1.5312636e-01;2.0750000e+02;1.7634541e-01;2.0750000e+02;1.9545126e-01;2.0750000e+02;2.1774825e-01;2.0750000e+02;2.3789437e-01;2.0750000e+02;2.4612373e-01;2.0750000e+02;2.2608858e-01;2.0750000e+02;1.8580940e-01;2.0750000e+02;1.3420954e-01;2.0750000e+02;8.2969695e-02;2.0750000e+02;3.6132529e-02;2.0750000e+02;-5.3787967e-03;2.0750000e+02;4.7445567e-03;2.0750000e+02;2.0307094e-02;2.0750000e+02;4.0535614e-02;2.0750000e+02;6.4928062e-02;2.0750000e+02;9.3419328e-02;2.0750000e+02;1.2347470e-01;2.0750000e+02;1.5312636e-01;2.0750000e+02;1.7634541e-01;2.0750000e+02;1.9545126e-01;2.0750000e+02;2.1774825e-01;2.0750000e+02;2.3789437e-01;2.0750000e+02;2.4612373e-01;2.0750000e+02;2.2608858e-01;2.0750000e+02;1.8580940e-01;2.0750000e+02;1.3420954e-01;2.0750000e+02;8.2969695e-02;2.0750000e+02;3.6132529e-02;2.0750000e+02;-5.3787967e-03;2.0750000e+02;4.7445567e-03;2.0750000e+02;2.0307094e-02;2.0750000e+02;4.0535614e-02;2.0750000e+02;6.4928062e-02;2.0750000e+02;9.3419328e-02;2.0750000e+02;1.2347470e-01;2.0750000e+02;1.5312636e-01;2.0750000e+02;1.7634541e-01;2.0750000e+02;1.9545126e-01;2.0750000e+02;2.1774825e-01;2.0750000e+02;2.3789437e-01;2.0750000e+02;2.4612373e-01;2.0750000e+02;2.2608858e-01;2.0750000e+02;1.8580940e-01;2.0750000e+02;1.3420954e-01;2.0750000e+02;8.2969695e-02;2.0750000e+02;3.6132529e-02;2.0750000e+02;-5.3787967e-03;2.0750000e+02;4.7445567e-03;2.0750000e+02;2.0307094e-02;2.0750000e+02;4.0535614e-02;2.0750000e+02;6.4928062e-02;2.0750000e+02;9.3419328e-02;2.0750000e+02;1.2347470e-01;2.0750000e+02;1.5312636e-01;2.0750000e+02;1.7634541e-01;2.0750000e+02;1.9545126e-01;2.0750000e+02;2.1774825e-01;2.0750000e+02;2.3789437e-01;2.0750000e+02;2.4612373e-01;2.0750000e+02;2.2608858e-01;2.0750000e+02;1.8580940e-01;2.0750000e+02;1.3420954e-01;2.0750000e+02;8.2969695e-02;2.0750000e+02;3.6132529e-02;2.0750000e+02;-5.3787967e-03;2.0750000e+02;4.7445567e-03;2.0750000e+02;2.0307094e-02;2.0750000e+02;4.0535614e-02;2.0750000e+02;6.4928062e-02;2.0750000e+02;9.3419328e-02;2.0750000e+02;1.2347470e-01;2.0750000e+02;1.5312636e-01;2.0750000e+02;1.7634541e-01;2.0750000e+02;1.9545126e-01;2.0750000e+02;2.1774825e-01;2.0750000e+02;2.3789437e-01;2.0750000e+02;2.4612373e-01;2.0750000e+02;2.2608858e-01;2.0750000e+02;1.8580940e-01;2.0750000e+02;1.3420954e-01;2.0750000e+02;8.2969695e-02;2.0750000e+02;3.6132529e-02;2.0750000e+02;-5.3787967e-03;2.0750000e+02;4.7445567e-03;2.0750000e+02;2.0307094e-02;2.0750000e+02;4.0535614e-02;2.0750000e+02;6.4928062e-02;2.0750000e+02;9.3419328e-02;2.0750000e+02;1.2347470e-01;2.0750000e+02;1.5312636e-01;2.0750000e+02;1.7634541e-01;2.0750000e+02;1.9545126e-01;2.0750000e+02;2.1774825e-01;2.0750000e+02;2.3789437e-01;2.0750000e+02;2.4612373e-01;2.0750000e+02;2.2608858e-01;2.0750000e+02;1.8580940e-01;2.0750000e+02;1.3420954e-01;2.0750000e+02;8.2969695e-02;2.0750000e+02;3.6132529e-02;2.0750000e+02;-5.3787967e-03;2.0750000e+02;4.7445567e-03;2.0750000e+02;2.0307094e-02;2.0750000e+02;4.0535614e-02;2.0750000e+02;6.4928062e-02;2.0750000e+02;9.3419328e-02;2.0750000e+02;1.2347470e-01;2.0750000e+02;1.5312636e-01;2.0750000e+02;1.7634541e-01;2.0750000e+02;1.9545126e-01;2.0750000e+02;2.1774825e-01;2.0750000e+02;2.3789437e-01;2.0750000e+02;2.4612373e-01;2.0750000e+02;2.2608858e-01;2.0750000e+02;1.8580940e-01;2.0750000e+02;1.3420954e-01;2.0750000e+02;8.2969695e-02;2.0750000e+02;3.6132529e-02;2.0750000e+02;-5.3787967e-03;2.0750000e+02;4.7445567e-03;2.0750000e+02;2.0307094e-02;2.0750000e+02;4.0535614e-02;2.0750000e+02;6.4928062e-02;2.0750000e+02;9.3419328e-02;2.0750000e+02;1.2347470e-01;2.0750000e+02;1.5312636e-01;2.0750000e+02;1.7634541e-01;2.0750000e+02;1.9545126e-01;2.0750000e+02;2.1774825e-01;2.0750000e+02;2.3789437e-01;2.0750000e+02;2.4612373e-01;2.0750000e+02;2.2608858e-01;2.0750000e+02;1.8580940e-01;2.0750000e+02;1.3420954e-01;2.0750000e+02;8.2969695e-02;2.0750000e+02;3.6132529e-02;2.0750000e+02;-5.3787967e-03;2.0750000e+02;4.7445567e-03;2.0750000e+02;2.0307094e-02;2.0750000e+02;4.0535614e-02;2.0750000e+02;6.4928062e-02;2.0750000e+02;9.3419328e-02;2.0750000e+02;1.2347470e-01;2.0750000e+02;1.5312636e-01;2.0750000e+02;1.7634541e-01;2.0750000e+02;1.9545126e-01;2.0750000e+02;2.1774825e-01;2.0750000e+02;2.3789437e-01;2.0750000e+02;2.4612373e-01;2.0750000e+02;2.2608858e-01;2.0750000e+02;1.8580940e-01;2.0750000e+02;1.3420954e-01;2.0750000e+02;8.2969695e-02;2.0750000e+02;3.6132529e-02;2.0750000e+02;-5.3787967e-03;2.0750000e+02;4.7445567e-03;2.0750000e+02;2.0307094e-02;2.0750000e+02;4.0535614e-02;2.0750000e+02;6.4928062e-02;2.0750000e+02;9.3419328e-02;2.0750000e+02;1.2347470e-01;2.0750000e+02;1.5312636e-01;2.0750000e+02;1.7634541e-01;2.0750000e+02;1.9545126e-01;2.0750000e+02;2.1774825e-01;2.0750000e+02;2.3789437e-01;2.0750000e+02;2.4612373e-01;2.0750000e+02;2.2608858e-01;2.0750000e+02;1.8580940e-01;2.0750000e+02;1.3420954e-01;2.0750000e+02;8.2969695e-02;2.0750000e+02;3.6132529e-02;2.0750000e+02;-5.3787967e-03;2.0750000e+02;4.7445567e-03;2.0750000e+02;2.0307094e-02;2.0750000e+02;4.0535614e-02;2.0750000e+02;6.4928062e-02;2.0750000e+02;9.3419328e-02;2.0750000e+02;1.2347470e-01;2.0750000e+02;1.5312636e-01;2.0750000e+02;1.7634541e-01;2.0750000e+02;1.9545126e-01;2.0750000e+02;2.1774825e-01;2.0750000e+02;2.3789437e-01;2.0750000e+02;2.4612373e-01;2.0750000e+02;2.2608858e-01;2.0750000e+02;1.8580940e-01;2.0750000e+02;1.3420954e-01;2.0750000e+02;8.2969695e-02;2.0750000e+02;3.6132529e-02;2.0750000e+02;-5.3787967e-03;2.0750000e+02;4.7445567e-03;2.0750000e+02;2.0307094e-02;2.0750000e+02;4.0535614e-02;2.0750000e+02;6.4928062e-02;2.0750000e+02;9.3419328e-02;2.0750000e+02;1.2347470e-01;2.0750000e+02;1.5312636e-01;2.0750000e+02;1.7634541e-01;2.0750000e+02;1.9545126e-01;2.0750000e+02;2.1774825e-01;2.0750000e+02;2.3789437e-01;2.0750000e+02;2.4612373e-01;2.0750000e+02;2.2608858e-01;2.0750000e+02;1.8580940e-01;2.0750000e+02;1.3420954e-01;2.0750000e+02;8.2969695e-02;2.0750000e+02;3.6132529e-02;2.0750000e+02;-5.3787967e-03;2.0750000e+02;4.7445567e-03;2.0750000e+02;2.0307094e-02;2.0750000e+02;4.0535614e-02;2.0750000e+02;6.4928062e-02;2.0750000e+02;9.3419328e-02;2.0750000e+02;1.2347470e-01;2.0750000e+02;1.5312636e-01;2.0750000e+02;1.7634541e-01;2.0750000e+02;1.9545126e-01;2.0750000e+02;2.1774825e-01;2.0750000e+02;2.3789437e-01;2.0750000e+02;2.4612373e-01;2.0750000e+02;2.2608858e-01;2.0750000e+02;1.8580940e-01;2.0750000e+02;1.3420954e-01;2.0750000e+02;8.2969695e-02;2.0750000e+02;3.6132529e-02;2.0750000e+02;-5.3787967e-03;2.0750000e+02;4.7445567e-03;2.0750000e+02;2.0307094e-02;2.0750000e+02;4.0535614e-02;2.0750000e+02;6.4928062e-02;2.0750000e+02;9.3419328e-02;2.0750000e+02;1.2347470e-01;2.0750000e+02;1.5312636e-01;2.0750000e+02;1.7634541e-01;2.0750000e+02;1.9545126e-01;2.0750000e+02;2.1774825e-01;2.0750000e+02;2.3789437e-01;2.0750000e+02;2.4612373e-01;2.0750000e+02;2.2608858e-01;2.0750000e+02;1.8580940e-01;2.0750000e+02;1.3420954e-01;2.0750000e+02;8.2969695e-02;2.0750000e+02;3.6132529e-02;2.0750000e+02;-5.3787967e-03;2.0750000e+02;4.7445567e-03;2.0750000e+02;2.0307094e-02;2.0750000e+02;4.0535614e-02;2.0750000e+02;6.4928062e-02;2.0750000e+02;9.3419328e-02;2.0750000e+02;1.2347470e-01;2.0750000e+02;1.5312636e-01;2.0750000e+02;1.7634541e-01;2.0750000e+02;1.9545126e-01;2.0750000e+02;2.1774825e-01;2.0750000e+02;2.3789437e-01;2.0750000e+02;2.4612373e-01;2.0750000e+02;2.2608858e-01;2.0750000e+02;1.8580940e-01;2.0750000e+02;1.3420954e-01;2.0750000e+02;8.2969695e-02;2.0750000e+02;3.6132529e-02;2.0750000e+02;-5.3787967e-03;2.0750000e+02;4.7445567e-03;2.0750000e+02;2.0307094e-02;2.0750000e+02;4.0535614e-02;2.0750000e+02;6.4928062e-02;2.0750000e+02;9.3419328e-02;2.0750000e+02;1.2347470e-01;2.0750000e+02;1.5312636e-01;2.0750000e+02;1.7634541e-01;2.0750000e+02;1.9545126e-01;2.0750000e+02;2.1774825e-01;2.0750000e+02;2.3789437e-01;2.0750000e+02;2.4612373e-01;2.0750000e+02;2.2608858e-01;2.0750000e+02;1.8580940e-01;2.0750000e+02;1.3420954e-01;2.0750000e+02;8.2969695e-02;2.0750000e+02;3.6132529e-02;2.0750000e+02;-5.3787967e-03;2.0750000e+02;4.7445567e-03;2.0750000e+02;2.0307094e-02;2.0750000e+02;4.0535614e-02;2.0750000e+02;6.4928062e-02;2.0750000e+02;9.3419328e-02;2.0750000e+02;1.2347470e-01;2.0750000e+02;1.5312636e-01;2.0750000e+02;1.7634541e-01;2.0750000e+02;1.9545126e-01;2.0750000e+02;2.1774825e-01;2.0750000e+02;2.3789437e-01;2.0750000e+02;2.4612373e-01;2.0750000e+02;2.2608858e-01;2.0750000e+02;1.8580940e-01;2.0750000e+02;1.3420954e-01;2.0750000e+02;8.2969695e-02;2.0750000e+02;3.6132529e-02;2.0750000e+02;-5.3787967e-03;2.0750000e+02;4.7445567e-03;2.0750000e+02;2.0307094e-02;2.0750000e+02;4.0535614e-02;2.0750000e+02;6.4928062e-02;2.0750000e+02;9.3419328e-02;2.0750000e+02;1.2347470e-01;2.0750000e+02;1.5312636e-01;2.0750000e+02;1.7634541e-01;2.0750000e+02;1.9545126e-01;2.0750000e+02;2.1774825e-01;2.0750000e+02;2.3789437e-01;2.0750000e+02;2.4612373e-01;2.0750000e+02;2.2608858e-01;2.0750000e+02;1.8580940e-01;2.0750000e+02;1.3420954e-01;2.0750000e+02;8.2969695e-02;2.0750000e+02;3.6132529e-02;2.0750000e+02;-5.3787967e-03;2.0750000e+02;4.7445567e-03;2.0750000e+02;2.0307094e-02;2.0750000e+02;4.0535614e-02;2.0750000e+02;6.4928062e-02;2.0750000e+02;9.3419328e-02;2.0750000e+02;1.2347470e-01;2.0750000e+02;1.5312636e-01;2.0750000e+02;1.7634541e-01;2.0750000e+02;1.9545126e-01;2.0750000e+02;2.1774825e-01;2.0750000e+02;2.3789437e-01;2.0750000e+02;2.4612373e-01;2.0750000e+02;2.2608858e-01;2.0750000e+02;1.8580940e-01;2.0750000e+02;1.3420954e-01;2.0750000e+02;8.2969695e-02;2.0750000e+02;3.6132529e-02;2.0750000e+02;-5.3787967e-03;2.0750000e+02;4.7445567e-03;2.0750000e+02;2.0307094e-02;2.0750000e+02;4.0535614e-02;2.0750000e+02;6.4928062e-02;2.0750000e+02;9.3419328e-02;2.0750000e+02;1.2347470e-01;2.0750000e+02;1.5312636e-01;2.0750000e+02;1.7634541e-01;2.0750000e+02;1.9545126e-01;2.0750000e+02;2.1774825e-01;2.0750000e+02;2.3789437e-01;2.0750000e+02;2.4612373e-01;2.0750000e+02;2.2608858e-01;2.0750000e+02;1.8580940e-01;2.0750000e+02;1.3420954e-01;2.0750000e+02;8.2969695e-02;2.0750000e+02;3.6132529e-02;2.0750000e+02;-5.3787967e-03;2.0750000e+02;4.7445567e-03;2.0750000e+02;2.0307094e-02;2.0750000e+02;4.0535614e-02;2.0750000e+02;6.4928062e-02;2.0750000e+02;9.3419328e-02;2.0750000e+02;1.2347470e-01;2.0750000e+02;1.5312636e-01;2.0750000e+02;1.7634541e-01;2.0750000e+02;1.9545126e-01;2.0750000e+02;2.1774825e-01;2.0750000e+02;2.3789437e-01;2.0750000e+02;2.4612373e-01;2.0750000e+02;2.2608858e-01;2.0750000e+02;1.8580940e-01;2.0750000e+02;1.3420954e-01;2.0750000e+02;8.2969695e-02;2.0750000e+02;3.6132529e-02;2.0750000e+02;-5.3787967e-03;2.0750000e+02;4.7445567e-03;2.0750000e+02;2.0307094e-02;2.0750000e+02;4.0535614e-02;2.0750000e+02;6.4928062e-02;2.0750000e+02;9.3419328e-02;2.0750000e+02;1.2347470e-01;2.0750000e+02;1.5312636e-01;2.0750000e+02;1.7634541e-01;2.0750000e+02;1.9545126e-01;2.0750000e+02;2.1774825e-01;2.0750000e+02;2.3789437e-01;2.0750000e+02;2.4612373e-01;2.0750000e+02;2.2608858e-01;2.0750000e+02;1.8580940e-01;2.0750000e+02;1.3420954e-01;2.0750000e+02;8.2969695e-02;2.0750000e+02;3.6132529e-02;2.0750000e+02;-5.3787967e-03;2.0750000e+02;4.7445567e-03;2.0750000e+02;2.0307094e-02;2.0750000e+02;4.0535614e-02;2.0750000e+02;6.4928062e-02;2.0750000e+02;9.3419328e-02;2.0750000e+02;1.2347470e-01;2.0750000e+02;1.5312636e-01;2.0750000e+02;1.7634541e-01;2.0750000e+02;1.9545126e-01;2.0750000e+02;2.1774825e-01;2.0750000e+02;2.3789437e-01;2.0750000e+02;2.4612373e-01;2.0750000e+02;2.2608858e-01;2.0750000e+02;1.8580940e-01;2.0750000e+02;1.3420954e-01;2.0750000e+02;8.2969695e-02;2.0750000e+02;3.6132529e-02;2.0750000e+02;-5.3787967e-03;2.0750000e+02;4.7445567e-03;2.0750000e+02;2.0307094e-02;2.0750000e+02;4.0535614e-02;2.0750000e+02;6.4928062e-02;2.0750000e+02;9.3419328e-02;2.0750000e+02;1.2347470e-01;2.0750000e+02;1.5312636e-01;2.0750000e+02;1.7634541e-01;2.0750000e+02;1.9545126e-01;2.0750000e+02;2.1774825e-01;2.0750000e+02;2.3789437e-01;2.0750000e+02;2.4612373e-01;2.0750000e+02;2.2608858e-01;2.0750000e+02;1.8580940e-01;2.0750000e+02;1.3420954e-01;2.0750000e+02;8.2969695e-02;2.0750000e+02;3.6132529e-02;2.0750000e+02;-5.3787967e-03;2.0750000e+02;4.7445567e-03;2.0750000e+02;2.0307094e-02;2.0750000e+02;4.0535614e-02;2.0750000e+02;6.4928062e-02;2.0750000e+02;9.3419328e-02;2.0750000e+02;1.2347470e-01;2.0750000e+02;1.5312636e-01;2.0750000e+02;1.7634541e-01;2.0750000e+02;1.9545126e-01;2.0750000e+02;2.1774825e-01;2.0750000e+02;2.3789437e-01;2.0750000e+02;2.4612373e-01;2.0750000e+02;2.2608858e-01;2.0750000e+02;1.8580940e-01;2.0750000e+02;1.3420954e-01;2.0750000e+02;8.2969695e-02;2.0750000e+02;3.6132529e-02;2.0750000e+02;-5.3787967e-03;2.0750000e+02;4.7445567e-03;2.0750000e+02;2.0307094e-02;2.0750000e+02;4.0535614e-02;2.0750000e+02;6.4928062e-02;2.0750000e+02;9.3419328e-02;2.0750000e+02;1.2347470e-01;2.0750000e+02;1.5312636e-01;2.0750000e+02;1.7634541e-01;2.0750000e+02;1.9545126e-01;2.0750000e+02;2.1774825e-01;2.0750000e+02;2.3789437e-01;2.0750000e+02;2.4612373e-01;2.0750000e+02;2.2608858e-01;2.0750000e+02;1.8580940e-01;2.0750000e+02;1.3420954e-01;2.0750000e+02;8.2969695e-02;2.0750000e+02;3.6132529e-02;2.0750000e+02;-5.3787967e-03;2.0750000e+02;4.7445567e-03;2.0750000e+02;2.0307094e-02;2.0750000e+02;4.0535614e-02;2.0750000e+02;6.4928062e-02;2.0750000e+02;9.3419328e-02;2.0750000e+02;1.2347470e-01;2.0750000e+02;1.5312636e-01;2.0750000e+02;1.7634541e-01;2.0750000e+02;1.9545126e-01;2.0750000e+02;2.1774825e-01;2.0750000e+02;2.3789437e-01;2.0750000e+02;2.4612373e-01;2.0750000e+02;2.2608858e-01;2.0750000e+02;1.8580940e-01;2.0750000e+02;1.3420954e-01;2.0750000e+02;8.2969695e-02;2.0750000e+02;3.6132529e-02;2.0750000e+02;-5.3787967e-03;2.0750000e+02;4.7445567e-03;2.0750000e+02;2.0307094e-02;2.0750000e+02;4.0535614e-02;2.0750000e+02;6.4928062e-02;2.0750000e+02;9.3419328e-02;2.0750000e+02;1.2347470e-01;2.0750000e+02;1.5312636e-01;2.0750000e+02;1.7634541e-01;2.0750000e+02;1.9545126e-01;2.0750000e+02;2.1774825e-01;2.0750000e+02;2.3789437e-01;2.0750000e+02;2.4612373e-01;2.0750000e+02;2.2608858e-01;2.0750000e+02;1.8580940e-01;2.0750000e+02;1.3420954e-01;2.0750000e+02;8.2969695e-02;2.0750000e+02;3.6132529e-02;2.0750000e+02;-5.3787967e-03;2.0750000e+02;4.7445567e-03;2.0750000e+02;2.0307094e-02;2.0750000e+02;4.0535614e-02;2.0750000e+02;6.4928062e-02;2.0750000e+02;9.3419328e-02;2.0750000e+02;1.2347470e-01;2.0750000e+02;1.5312636e-01;2.0750000e+02;1.7634541e-01;2.0750000e+02;1.9545126e-01;2.0750000e+02;2.1774825e-01;2.0750000e+02;2.3789437e-01;2.0750000e+02;2.4612373e-01;2.0750000e+02;2.2608858e-01;2.0750000e+02;1.8580940e-01;2.0750000e+02;1.3420954e-01;2.0750000e+02;8.2969695e-02;2.0750000e+02;3.6132529e-02
2.1250000e+02;-7.0990236e-03;2.1250000e+02;1.2616073e-03;2.1250000e+02;1.5310822e-02;2.1250000e+02;3.3979438e-02;2.1250000e+02;5.7961859e-02;2.1250000e+02;8.4940374e-02;2.1250000e+02;1.1358834e-01;2.1250000e+02;1.3890752e-01;2.1250000e+02;1.5993889e-01;2.1250000e+02;1.7930967e-01;2.1250000e+02;2.0386209e-01;2.1250000e+02;2.2758830e-01;2.1250000e+02;2.3862495e-01;2.1250000e+02;2.2153927e-01;2.1250000e+02;1.8327041e-01;2.1250000e+02;1.3275301e-01;2.1250000e+02;8.1584260e-02;2.1250000e+02;3.4691215e-02;2.1250000e+02;-7.0990236e-03;2.1250000e+02;1.2616073e-03;2.1250000e+02;1.5310822e-02;2.1250000e+02;3.3979438e-02;2.1250000e+02;5.7961859e-02;2.1250000e+02;8.4940374e-02;2.1250000e+02;1.1358834e-01;2.1250000e+02;1.3890752e-01;2.1250000e+02;1.5993889e-01;2.1250000e+02;1.7930967e-01;2.1250000e+02;2.0386209e-01;2.1250000e+02;2.2758830e-01;2.1250000e+02;2.3862495e-01;2.1250000e+02;2.2153927e-01;2.1250000e+02;1.8327041e-01;2.1250000e+02;1.3275301e-01;2.1250000e+02;8.1584260e-02;2.1250000e+02;3.4691215e-02;2.1250000e+02;-7.0990236e-03;2.1250000e+02;1.2616073e-03;2.1250000e+02;1.5310822e-02;2.1250000e+02;3.3979438e-02;2.1250000e+02;5.7961859e-02;2.1250000e+02;8.4940374e-02;2.1250000e+02;1.1358834e-01;2.1250000e+02;1.3890752e-01;2.1250000e+02;1.5993889e-01;2.1250000e+02;1.7930967e-01;2.1250000e+02;2.0386209e-01;2.1250000e+02;2.2758830e-01;2.1250000e+02;2.3862495e-01;2.1250000e+02;2.2153927e-01;2.1250000e+02;1.8327041e-01;2.1250000e+02;1.3275301e-01;2.1250000e+02;8.1584260e-02;2.1250000e+02;3.4691215e-02;2.1250000e+02;-7.0990236e-03;2.1250000e+02;1.2616073e-03;2.1250000e+02;1.5310822e-02;2.1250000e+02;3.3979438e-02;2.1250000e+02;5.7961859e-02;2.1250000e+02;8.4940374e-02;2.1250000e+02;1.1358834e-01;2.1250000e+02;1.3890752e-01;2.1250000e+02;1.5993889e-01;2.1250000e+02;1.7930967e-01;2.1250000e+02;2.0386209e-01;2.1250000e+02;2.2758830e-01;2.1250000e+02;2.3862495e-01;2.1250000e+02;2.2153927e-01;2.1250000e+02;1.8327041e-01;2.1250000e+02;1.3275301e-01;2.1250000e+02;8.1584260e-02;2.1250000e+02;3.4691215e-02;2.1250000e+02;-7.0990236e-03;2.1250000e+02;1.2616073e-03;2.1250000e+02;1.5310822e-02;2.1250000e+02;3.3979438e-02;2.1250000e+02;5.7961859e-02;2.1250000e+02;8.4940374e-02;2.1250000e+02;1.1358834e-01;2.1250000e+02;1.3890752e-01;2.1250000e+02;1.5993889e-01;2.1250000e+02;1.7930967e-01;2.1250000e+02;2.0386209e-01;2.1250000e+02;2.2758830e-01;2.1250000e+02;2.3862495e-01;2.1250000e+02;2.2153927e-01;2.1250000e+02;1.8327041e-01;2.1250000e+02;1.3275301e-01;2.1250000e+02;8.1584260e-02;2.1250000e+02;3.4691215e-02;2.1250000e+02;-7.0990236e-03;2.1250000e+02;1.2616073e-03;2.1250000e+02;1.5310822e-02;2.1250000e+02;3.3979438e-02;2.1250000e+02;5.7961859e-02;2.1250000e+02;8.4940374e-02;2.1250000e+02;1.1358834e-01;2.1250000e+02;1.3890752e-01;2.1250000e+02;1.5993889e-01;2.1250000e+02;1.7930967e-01;2.1250000e+02;2.0386209e-01;2.1250000e+02;2.2758830e-01;2.1250000e+02;2.3862495e-01;2.1250000e+02;2.2153927e-01;2.1250000e+02;1.8327041e-01;2.1250000e+02;1.3275301e-01;2.1250000e+02;8.1584260e-02;2.1250000e+02;3.4691215e-02;2.1250000e+02;-7.0990236e-03;2.1250000e+02;1.2616073e-03;2.1250000e+02;1.5310822e-02;2.1250000e+02;3.3979438e-02;2.1250000e+02;5.7961859e-02;2.1250000e+02;8.4940374e-02;2.1250000e+02;1.1358834e-01;2.1250000e+02;1.3890752e-01;2.1250000e+02;1.5993889e-01;2.1250000e+02;1.7930967e-01;2.1250000e+02;2.0386209e-01;2.1250000e+02;2.2758830e-01;2.1250000e+02;2.3862495e-01;2.1250000e+02;2.2153927e-01;2.1250000e+02;1.8327041e-01;2.1250000e+02;1.3275301e-01;2.1250000e+02;8.1584260e-02;2.1250000e+02;3.4691215e-02;2.1250000e+02;-7.0990236e-03;2.1250000e+02;1.2616073e-03;2.1250000e+02;1.5310822e-02;2.1250000e+02;3.3979438e-02;2.1250000e+02;5.7961859e-02;2.1250000e+02;8.4940374e-02;2.1250000e+02;1.1358834e-01;2.1250000e+02;1.3890752e-01;2.1250000e+02;1.5993889e-01;2.1250000e+02;1.7930967e-01;2.1250000e+02;2.0386209e-01;2.1250000e+02;2.2758830e-01;2.1250000e+02;2.3862495e-01;2.1250000e+02;2.2153927e-01;2.1250000e+02;1.8327041e-01;2.1250000e+02;1.3275301e-01;2.1250000e+02;8.1584260e-02;2.1250000e+02;3.4691215e-02;2.1250000e+02;-7.0990236e-03;2.1250000e+02;1.2616073e-03;2.1250000e+02;1.5310822e-02;2.1250000e+02;3.3979438e-02;2.1250000e+02;5.7961859e-02;2.1250000e+02;8.4940374e-02;2.1250000e+02;1.1358834e-01;2.1250000e+02;1.3890752e-01;2.1250000e+02;1.5993889e-01;2.1250000e+02;1.7930967e-01;2.1250000e+02;2.0386209e-01;2.1250000e+02;2.2758830e-01;2.1250000e+02;2.3862495e-01;2.1250000e+02;2.2153927e-01;2.1250000e+02;1.8327041e-01;2.1250000e+02;1.3275301e-01;2.1250000e+02;8.1584260e-02;2.1250000e+02;3.4691215e-02;2.1250000e+02;-7.0990236e-03;2.1250000e+02;1.2616073e-03;2.1250000e+02;1.5310822e-02;2.1250000e+02;3.3979438e-02;2.1250000e+02;5.7961859e-02;2.1250000e+02;8.4940374e-02;2.1250000e+02;1.1358834e-01;2.1250000e+02;1.3890752e-01;2.1250000e+02;1.5993889e-01;2.1250000e+02;1.7930967e-01;2.1250000e+02;2.0386209e-01;2.1250000e+02;2.2758830e-01;2.1250000e+02;2.3862495e-01;2.1250000e+02;2.2153927e-01;2.1250000e+02;1.8327041e-01;2.1250000e+02;1.3275301e-01;2.1250000e+02;8.1584260e-02;2.1250000e+02;3.4691215e-02;2.1250000e+02;-7.0990236e-03;2.1250000e+02;1.2616073e-03;2.1250000e+02;1.5310822e-02;2.1250000e+02;3.3979438e-02;2.1250000e+02;5.7961859e-02;2.1250000e+02;8.4940374e-02;2.1250000e+02;1.1358834e-01;2.1250000e+02;1.3890752e-01;2.1250000e+02;1.5993889e-01;2.1250000e+02;1.7930967e-01;2.1250000e+02;2.0386209e-01;2.1250000e+02;2.2758830e-01;2.1250000e+02;2.3862495e-01;2.1250000e+02;2.2153927e-01;2.1250000e+02;1.8327041e-01;2.1250000e+02;1.3275301e-01;2.1250000e+02;8.1584260e-02;2.1250000e+02;3.4691215e-02;2.1250000e+02;-7.0990236e-03;2.1250000e+02;1.2616073e-03;2.1250000e+02;1.5310822e-02;2.1250000e+02;3.3979438e-02;2.1250000e+02;5.7961859e-02;2.1250000e+02;8.4940374e-02;2.1250000e+02;1.1358834e-01;2.1250000e+02;1.3890752e-01;2.1250000e+02;1.5993889e-01;2.1250000e+02;1.7930967e-01;2.1250000e+02;2.0386209e-01;2.1250000e+02;2.2758830e-01;2.1250000e+02;2.3862495e-01;2.1250000e+02;2.2153927e-01;2.1250000e+02;1.8327041e-01;2.1250000e+02;1.3275301e-01;2.1250000e+02;8.1584260e-02;2.1250000e+02;3.4691215e-02;2.1250000e+02;-7.0990236e-03;2.1250000e+02;1.2616073e-03;2.1250000e+02;1.5310822e-02;2.1250000e+02;3.3979438e-02;2.1250000e+02;5.7961859e-02;2.1250000e+02;8.4940374e-02;2.1250000e+02;1.1358834e-01;2.1250000e+02;1.3890752e-01;2.1250000e+02;1.5993889e-01;2.1250000e+02;1.7930967e-01;2.1250000e+02;2.0386209e-01;2.1250000e+02;2.2758830e-01;2.1250000e+02;2.3862495e-01;2.1250000e+02;2.2153927e-01;2.1250000e+02;1.8327041e-01;2.1250000e+02;1.3275301e-01;2.1250000e+02;8.1584260e-02;2.1250000e+02;3.4691215e-02;2.1250000e+02;-7.0990236e-03;2.1250000e+02;1.2616073e-03;2.1250000e+02;1.5310822e-02;2.1250000e+02;3.3979438e-02;2.1250000e+02;5.7961859e-02;2.1250000e+02;8.4940374e-02;2.1250000e+02;1.1358834e-01;2.1250000e+02;1.3890752e-01;2.1250000e+02;1.5993889e-01;2.1250000e+02;1.7930967e-01;2.1250000e+02;2.0386209e-01;2.1250000e+02;2.2758830e-01;2.1250000e+02;2.3862495e-01;2.1250000e+02;2.2153927e-01;2.1250000e+02;1.8327041e-01;2.1250000e+02;1.3275301e-01;2.1250000e+02;8.1584260e-02;2.1250000e+02;3.4691215e-02;2.1250000e+02;-7.0990236e-03;2.1250000e+02;1.2616073e-03;2.1250000e+02;1.5310822e-02;2.1250000e+02;3.3979438e-02;2.1250000e+02;5.7961859e-02;2.1250000e+02;8.4940374e-02;2.1250000e+02;1.1358834e-01;2.1250000e+02;1.3890752e-01;2.1250000e+02;1.5993889e-01;2.1250000e+02;1.7930967e-01;2.1250000e+02;2.0386209e-01;2.1250000e+02;2.2758830e-01;2.1250000e+02;2.3862495e-01;2.1250000e+02;2.2153927e-01;2.1250000e+02;1.8327041e-01;2.1250000e+02;1.3275301e-01;2.1250000e+02;8.1584260e-02;2.1250000e+02;3.4691215e-02;2.1250000e+02;-7.0990236e-03;2.1250000e+02;1.2616073e-03;2.1250000e+02;1.5310822e-02;2.1250000e+02;3.3979438e-02;2.1250000e+02;5.7961859e-02;2.1250000e+02;8.4940374e-02;2.1250000e+02;1.1358834e-01;2.1250000e+02;1.3890752e-01;2.1250000e+02;1.5993889e-01;2.1250000e+02;1.7930967e-01;2.1250000e+02;2.0386209e-01;2.1250000e+02;2.2758830e-01;2.1250000e+02;2.3862495e-01;2.1250000e+02;2.2153927e-01;2.1250000e+02;1.8327041e-01;2.1250000e+02;1.3275301e-01;2.1250000e+02;8.1584260e-02;2.1250000e+02;3.4691215e-02;2.1250000e+02;-7.0990236e-03;2.1250000e+02;1.2616073e-03;2.1250000e+02;1.5310822e-02;2.1250000e+02;3.3979438e-02;2.1250000e+02;5.7961859e-02;2.1250000e+02;8.4940374e-02;2.1250000e+02;1.1358834e-01;2.1250000e+02;1.3890752e-01;2.1250000e+02;1.5993889e-01;2.1250000e+02;1.7930967e-01;2.1250000e+02;2.0386209e-01;2.1250000e+02;2.2758830e-01;2.1250000e+02;2.3862495e-01;2.1250000e+02;2.2153927e-01;2.1250000e+02;1.8327041e-01;2.1250000e+02;1.3275301e-01;2.1250000e+02;8.1584260e-02;2.1250000e+02;3.4691215e-02;2.1250000e+02;-7.0990236e-03;2.1250000e+02;1.2616073e-03;2.1250000e+02;1.5310822e-02;2.1250000e+02;3.3979438e-02;2.1250000e+02;5.7961859e-02;2.1250000e+02;8.4940374e-02;2.1250000e+02;1.1358834e-01;2.1250000e+02;1.3890752e-01;2.1250000e+02;1.5993889e-01;2.1250000e+02;1.7930967e-01;2.1250000e+02;2.0386209e-01;2.1250000e+02;2.2758830e-01;2.1250000e+02;2.3862495e-01;2.1250000e+02;2.2153927e-01;2.1250000e+02;1.8327041e-01;2.1250000e+02;1.3275301e-01;2.1250000e+02;8.1584260e-02;2.1250000e+02;3.4691215e-02;2.1250000e+02;-7.0990236e-03;2.1250000e+02;1.2616073e-03;2.1250000e+02;1.5310822e-02;2.1250000e+02;3.3979438e-02;2.1250000e+02;5.7961859e-02;2.1250000e+02;8.4940374e-02;2.1250000e+02;1.1358834e-01;2.1250000e+02;1.3890752e-01;2.1250000e+02;1.5993889e-01;2.1250000e+02;1.7930967e-01;2.1250000e+02;2.0386209e-01;2.1250000e+02;2.2758830e-01;2.1250000e+02;2.3862495e-01;2.1250000e+02;2.2153927e-01;2.1250000e+02;1.8327041e-01;2.1250000e+02;1.3275301e-01;2.1250000e+02;8.1584260e-02;2.1250000e+02;3.4691215e-02;2.1250000e+02;-7.0990236e-03;2.1250000e+02;1.2616073e-03;2.1250000e+02;1.5310822e-02;2.1250000e+02;3.3979438e-02;2.1250000e+02;5.7961859e-02;2.1250000e+02;8.4940374e-02;2.1250000e+02;1.1358834e-01;2.1250000e+02;1.3890752e-01;2.1250000e+02;1.5993889e-01;2.1250000e+02;1.7930967e-01;2.1250000e+02;2.0386209e-01;2.1250000e+02;2.2758830e-01;2.1250000e+02;2.3862495e-01;2.1250000e+02;2.2153927e-01;2.1250000e+02;1.8327041e-01;2.1250000e+02;1.3275301e-01;2.1250000e+02;8.1584260e-02;2.1250000e+02;3.4691215e-02;2.1250000e+02;-7.0990236e-03;2.1250000e+02;1.2616073e-03;2.1250000e+02;1.5310822e-02;2.1250000e+02;3.3979438e-02;2.1250000e+02;5.7961859e-02;2.1250000e+02;8.4940374e-02;2.1250000e+02;1.1358834e-01;2.1250000e+02;1.3890752e-01;2.1250000e+02;1.5993889e-01;2.1250000e+02;1.7930967e-01;2.1250000e+02;2.0386209e-01;2.1250000e+02;2.2758830e-01;2.1250000e+02;2.3862495e-01;2.1250000e+02;2.2153927e-01;2.1250000e+02;1.8327041e-01;2.1250000e+02;1.3275301e-01;2.1250000e+02;8.1584260e-02;2.1250000e+02;3.4691215e-02;2.1250000e+02;-7.0990236e-03;2.1250000e+02;1.2616073e-03;2.1250000e+02;1.5310822e-02;2.1250000e+02;3.3979438e-02;2.1250000e+02;5.7961859e-02;2.1250000e+02;8.4940374e-02;2.1250000e+02;1.1358834e-01;2.1250000e+02;1.3890752e-01;2.1250000e+02;1.5993889e-01;2.1250000e+02;1.7930967e-01;2.1250000e+02;2.0386209e-01;2.1250000e+02;2.2758830e-01;2.1250000e+02;2.3862495e-01;2.1250000e+02;2.2153927e-01;2.1250000e+02;1.8327041e-01;2.1250000e+02;1.3275301e-01;2.1250000e+02;8.1584260e-02;2.1250000e+02;3.4691215e-02;2.1250000e+02;-7.0990236e-03;2.1250000e+02;1.2616073e-03;2.1250000e+02;1.5310822e-02;2.1250000e+02;3.3979438e-02;2.1250000e+02;5.7961859e-02;2.1250000e+02;8.4940374e-02;2.1250000e+02;1.1358834e-01;2.1250000e+02;1.3890752e-01;2.1250000e+02;1.5993889e-01;2.1250000e+02;1.7930967e-01;2.1250000e+02;2.0386209e-01;2.1250000e+02;2.2758830e-01;2.1250000e+02;2.3862495e-01;2.1250000e+02;2.2153927e-01;2.1250000e+02;1.8327041e-01;2.1250000e+02;1.3275301e-01;2.1250000e+02;8.1584260e-02;2.1250000e+02;3.4691215e-02;2.1250000e+02;-7.0990236e-03;2.1250000e+02;1.2616073e-03;2.1250000e+02;1.5310822e-02;2.1250000e+02;3.3979438e-02;2.1250000e+02;5.7961859e-02;2.1250000e+02;8.4940374e-02;2.1250000e+02;1.1358834e-01;2.1250000e+02;1.3890752e-01;2.1250000e+02;1.5993889e-01;2.1250000e+02;1.7930967e-01;2.1250000e+02;2.0386209e-01;2.1250000e+02;2.2758830e-01;2.1250000e+02;2.3862495e-01;2.1250000e+02;2.2153927e-01;2.1250000e+02;1.8327041e-01;2.1250000e+02;1.3275301e-01;2.1250000e+02;8.1584260e-02;2.1250000e+02;3.4691215e-02;2.1250000e+02;-7.0990236e-03;2.1250000e+02;1.2616073e-03;2.1250000e+02;1.5310822e-02;2.1250000e+02;3.3979438e-02;2.1250000e+02;5.7961859e-02;2.1250000e+02;8.4940374e-02;2.1250000e+02;1.1358834e-01;2.1250000e+02;1.3890752e-01;2.1250000e+02;1.5993889e-01;2.1250000e+02;1.7930967e-01;2.1250000e+02;2.0386209e-01;2.1250000e+02;2.2758830e-01;2.1250000e+02;2.3862495e-01;2.1250000e+02;2.2153927e-01;2.1250000e+02;1.8327041e-01;2.1250000e+02;1.3275301e-01;2.1250000e+02;8.1584260e-02;2.1250000e+02;3.4691215e-02;2.1250000e+02;-7.0990236e-03;2.1250000e+02;1.2616073e-03;2.1250000e+02;1.5310822e-02;2.1250000e+02;3.3979438e-02;2.1250000e+02;5.7961859e-02;2.1250000e+02;8.4940374e-02;2.1250000e+02;1.1358834e-01;2.1250000e+02;1.3890752e-01;2.1250000e+02;1.5993889e-01;2.1250000e+02;1.7930967e-01;2.1250000e+02;2.0386209e-01;2.1250000e+02;2.2758830e-01;2.1250000e+02;2.3862495e-01;2.1250000e+02;2.2153927e-01;2.1250000e+02;1.8327041e-01;2.1250000e+02;1.3275301e-01;2.1250000e+02;8.1584260e-02;2.1250000e+02;3.4691215e-02;2.1250000e+02;-7.0990236e-03;2.1250000e+02;1.2616073e-03;2.1250000e+02;1.5310822e-02;2.1250000e+02;3.3979438e-02;2.1250000e+02;5.7961859e-02;2.1250000e+02;8.4940374e-02;2.1250000e+02;1.1358834e-01;2.1250000e+02;1.3890752e-01;2.1250000e+02;1.5993889e-01;2.1250000e+02;1.7930967e-01;2.1250000e+02;2.0386209e-01;2.1250000e+02;2.2758830e-01;2.1250000e+02;2.3862495e-01;2.1250000e+02;2.2153927e-01;2.1250000e+02;1.8327041e-01;2.1250000e+02;1.3275301e-01;2.1250000e+02;8.1584260e-02;2.1250000e+02;3.4691215e-02;2.1250000e+02;-7.0990236e-03;2.1250000e+02;1.2616073e-03;2.1250000e+02;1.5310822e-02;2.1250000e+02;3.3979438e-02;2.1250000e+02;5.7961859e-02;2.1250000e+02;8.4940374e-02;2.1250000e+02;1.1358834e-01;2.1250000e+02;1.3890752e-01;2.1250000e+02;1.5993889e-01;2.1250000e+02;1.7930967e-01;2.1250000e+02;2.0386209e-01;2.1250000e+02;2.2758830e-01;2.1250000e+02;2.3862495e-01;2.1250000e+02;2.2153927e-01;2.1250000e+02;1.8327041e-01;2.1250000e+02;1.3275301e-01;2.1250000e+02;8.1584260e-02;2.1250000e+02;3.4691215e-02;2.1250000e+02;-7.0990236e-03;2.1250000e+02;1.2616073e-03;2.1250000e+02;1.5310822e-02;2.1250000e+02;3.3979438e-02;2.1250000e+02;5.7961859e-02;2.1250000e+02;8.4940374e-02;2.1250000e+02;1.1358834e-01;2.1250000e+02;1.3890752e-01;2.1250000e+02;1.5993889e-01;2.1250000e+02;1.7930967e-01;2.1250000e+02;2.0386209e-01;2.1250000e+02;2.2758830e-01;2.1250000e+02;2.3862495e-01;2.1250000e+02;2.2153927e-01;2.1250000e+02;1.8327041e-01;2.1250000e+02;1.3275301e-01;2.1250000e+02;8.1584260e-02;2.1250000e+02;3.4691215e-02;2.1250000e+02;-7.0990236e-03;2.1250000e+02;1.2616073e-03;2.1250000e+02;1.5310822e-02;2.1250000e+02;3.3979438e-02;2.1250000e+02;5.7961859e-02;2.1250000e+02;8.4940374e-02;2.1250000e+02;1.1358834e-01;2.1250000e+02;1.3890752e-01;2.1250000e+02;1.5993889e-01;2.1250000e+02;1.7930967e-01;2.1250000e+02;2.0386209e-01;2.1250000e+02;2.2758830e-01;2.1250000e+02;2.3862495e-01;2.1250000e+02;2.2153927e-01;2.1250000e+02;1.8327041e-01;2.1250000e+02;1.3275301e-01;2.1250000e+02;8.1584260e-02;2.1250000e+02;3.4691215e-02;2.1250000e+02;-7.0990236e-03;2.1250000e+02;1.2616073e-03;2.1250000e+02;1.5310822e-02;2.1250000e+02;3.3979438e-02;2.1250000e+02;5.7961859e-02;2.1250000e+02;8.4940374e-02;2.1250000e+02;1.1358834e-01;2.1250000e+02;1.3890752e-01;2.1250000e+02;1.5993889e-01;2.1250000e+02;1.7930967e-01;2.1250000e+02;2.0386209e-01;2.1250000e+02;2.2758830e-01;2.1250000e+02;2.3862495e-01;2.1250000e+02;2.2153927e-01;2.1250000e+02;1.8327041e-01;2.1250000e+02;1.3275301e-01;2.1250000e+02;8.1584260e-02;2.1250000e+02;3.4691215e-02;2.1250000e+02;-7.0990236e-03;2.1250000e+02;1.2616073e-03;2.1250000e+02;1.5310822e-02;2.1250000e+02;3.3979438e-02;2.1250000e+02;5.7961859e-02;2.1250000e+02;8.4940374e-02;2.1250000e+02;1.1358834e-01;2.1250000e+02;1.3890752e-01;2.1250000e+02;1.5993889e-01;2.1250000e+02;1.7930967e-01;2.1250000e+02;2.0386209e-01;2.1250000e+02;2.2758830e-01;2.1250000e+02;2.3862495e-01;2.1250000e+02;2.2153927e-01;2.1250000e+02;1.8327041e-01;2.1250000e+02;1.3275301e-01;2.1250000e+02;8.1584260e-02;2.1250000e+02;3.4691215e-02;2.1250000e+02;-7.0990236e-03;2.1250000e+02;1.2616073e-03;2.1250000e+02;1.5310822e-02;2.1250000e+02;3.3979438e-02;2.1250000e+02;5.7961859e-02;2.1250000e+02;8.4940374e-02;2.1250000e+02;1.1358834e-01;2.1250000e+02;1.3890752e-01;2.1250000e+02;1.5993889e-01;2.1250000e+02;1.7930967e-01;2.1250000e+02;2.0386209e-01;2.1250000e+02;2.2758830e-01;2.1250000e+02;2.3862495e-01;2.1250000e+02;2.2153927e-01;2.1250000e+02;1.8327041e-01;2.1250000e+02;1.3275301e-01;2.1250000e+02;8.1584260e-02;2.1250000e+02;3.4691215e-02;2.1250000e+02;-7.0990236e-03;2.1250000e+02;1.2616073e-03;2.1250000e+02;1.5310822e-02;2.1250000e+02;3.3979438e-02;2.1250000e+02;5.7961859e-02;2.1250000e+02;8.4940374e-02;2.1250000e+02;1.1358834e-01;2.1250000e+02;1.3890752e-01;2.1250000e+02;1.5993889e-01;2.1250000e+02;1.7930967e-01;2.1250000e+02;2.0386209e-01;2.1250000e+02;2.2758830e-01;2.1250000e+02;2.3862495e-01;2.1250000e+02;2.2153927e-01;2.1250000e+02;1.8327041e-01;2.1250000e+02;1.3275301e-01;2.1250000e+02;8.1584260e-02;2.1250000e+02;3.4691215e-02;2.1250000e+02;-7.0990236e-03;2.1250000e+02;1.2616073e-03;2.1250000e+02;1.5310822e-02;2.1250000e+02;3.3979438e-02;2.1250000e+02;5.7961859e-02;2.1250000e+02;8.4940374e-02;2.1250000e+02;1.1358834e-01;2.1250000e+02;1.3890752e-01;2.1250000e+02;1.5993889e-01;2.1250000e+02;1.7930967e-01;2.1250000e+02;2.0386209e-01;2.1250000e+02;2.2758830e-01;2.1250000e+02;2.3862495e-01;2.1250000e+02;2.2153927e-01;2.1250000e+02;1.8327041e-01;2.1250000e+02;1.3275301e-01;2.1250000e+02;8.1584260e-02;2.1250000e+02;3.4691215e-02;2.1250000e+02;-7.0990236e-03;2.1250000e+02;1.2616073e-03;2.1250000e+02;1.5310822e-02;2.1250000e+02;3.3979438e-02;2.1250000e+02;5.7961859e-02;2.1250000e+02;8.4940374e-02;2.1250000e+02;1.1358834e-01;2.1250000e+02;1.3890752e-01;2.1250000e+02;1.5993889e-01;2.1250000e+02;1.7930967e-01;2.1250000e+02;2.0386209e-01;2.1250000e+02;2.2758830e-01;2.1250000e+02;2.3862495e-01;2.1250000e+02;2.2153927e-01;2.1250000e+02;1.8327041e-01;2.1250000e+02;1.3275301e-01;2.1250000e+02;8.1584260e-02;2.1250000e+02;3.4691215e-02;2.1250000e+02;-7.0990236e-03;2.1250000e+02;1.2616073e-03;2.1250000e+02;1.5310822e-02;2.1250000e+02;3.3979438e-02;2.1250000e+02;5.7961859e-02;2.1250000e+02;8.4940374e-02;2.1250000e+02;1.1358834e-01;2.1250000e+02;1.3890752e-01;2.1250000e+02;1.5993889e-01;2.1250000e+02;1.7930967e-01;2.1250000e+02;2.0386209e-01;2.1250000e+02;2.2758830e-01;2.1250000e+02;2.3862495e-01;2.1250000e+02;2.2153927e-01;2.1250000e+02;1.8327041e-01;2.1250000e+02;1.3275301e-01;2.1250000e+02;8.1584260e-02;2.1250000e+02;3.4691215e-02;2.1250000e+02;-7.0990236e-03;2.1250000e+02;1.2616073e-03;2.1250000e+02;1.5310822e-02;2.1250000e+02;3.3979438e-02;2.1250000e+02;5.7961859e-02;2.1250000e+02;8.4940374e-02;2.1250000e+02;1.1358834e-01;2.1250000e+02;1.3890752e-01;2.1250000e+02;1.5993889e-01;2.1250000e+02;1.7930967e-01;2.1250000e+02;2.0386209e-01;2.1250000e+02;2.2758830e-01;2.1250000e+02;2.3862495e-01;2.1250000e+02;2.2153927e-01;2.1250000e+02;1.8327041e-01;2.1250000e+02;1.3275301e-01;2.1250000e+02;8.1584260e-02;2.1250000e+02;3.4691215e-02;2.1250000e+02;-7.0990236e-03;2.1250000e+02;1.2616073e-03;2.1250000e+02;1.5310822e-02;2.1250000e+02;3.3979438e-02;2.1250000e+02;5.7961859e-02;2.1250000e+02;8.4940374e-02;2.1250000e+02;1.1358834e-01;2.1250000e+02;1.3890752e-01;2.1250000e+02;1.5993889e-01;2.1250000e+02;1.7930967e-01;2.1250000e+02;2.0386209e-01;2.1250000e+02;2.2758830e-01;2.1250000e+02;2.3862495e-01;2.1250000e+02;2.2153927e-01;2.1250000e+02;1.8327041e-01;2.1250000e+02;1.3275301e-01;2.1250000e+02;8.1584260e-02;2.1250000e+02;3.4691215e-02;2.1250000e+02;-7.0990236e-03;2.1250000e+02;1.2616073e-03;2.1250000e+02;1.5310822e-02;2.1250000e+02;3.3979438e-02;2.1250000e+02;5.7961859e-02;2.1250000e+02;8.4940374e-02;2.1250000e+02;1.1358834e-01;2.1250000e+02;1.3890752e-01;2.1250000e+02;1.5993889e-01;2.1250000e+02;1.7930967e-01;2.1250000e+02;2.0386209e-01;2.1250000e+02;2.2758830e-01;2.1250000e+02;2.3862495e-01;2.1250000e+02;2.2153927e-01;2.1250000e+02;1.8327041e-01;2.1250000e+02;1.3275301e-01;2.1250000e+02;8.1584260e-02;2.1250000e+02;3.4691215e-02;2.1250000e+02;-7.0990236e-03;2.1250000e+02;1.2616073e-03;2.1250000e+02;1.5310822e-02;2.1250000e+02;3.3979438e-02;2.1250000e+02;5.7961859e-02;2.1250000e+02;8.4940374e-02;2.1250000e+02;1.1358834e-01;2.1250000e+02;1.3890752e-01;2.1250000e+02;1.5993889e-01;2.1250000e+02;1.7930967e-01;2.1250000e+02;2.0386209e-01;2.1250000e+02;2.2758830e-01;2.1250000e+02;2.3862495e-01;2.1250000e+02;2.2153927e-01;2.1250000e+02;1.8327041e-01;2.1250000e+02;1.3275301e-01;2.1250000e+02;8.1584260e-02;2.1250000e+02;3.4691215e-02;2.1250000e+02;-7.0990236e-03;2.1250000e+02;1.2616073e-03;2.1250000e+02;1.5310822e-02;2.1250000e+02;3.3979438e-02;2.1250000e+02;5.7961859e-02;2.1250000e+02;8.4940374e-02;2.1250000e+02;1.1358834e-01;2.1250000e+02;1.3890752e-01;2.1250000e+02;1.5993889e-01;2.1250000e+02;1.7930967e-01;2.1250000e+02;2.0386209e-01;2.1250000e+02;2.2758830e-01;2.1250000e+02;2.3862495e-01;2.1250000e+02;2.2153927e-01;2.1250000e+02;1.8327041e-01;2.1250000e+02;1.3275301e-01;2.1250000e+02;8.1584260e-02;2.1250000e+02;3.4691215e-02;2.1250000e+02;-7.0990236e-03;2.1250000e+02;1.2616073e-03;2.1250000e+02;1.5310822e-02;2.1250000e+02;3.3979438e-02;2.1250000e+02;5.7961859e-02;2.1250000e+02;8.4940374e-02;2.1250000e+02;1.1358834e-01;2.1250000e+02;1.3890752e-01;2.1250000e+02;1.5993889e-01;2.1250000e+02;1.7930967e-01;2.1250000e+02;2.0386209e-01;2.1250000e+02;2.2758830e-01;2.1250000e+02;2.3862495e-01;2.1250000e+02;2.2153927e-01;2.1250000e+02;1.8327041e-01;2.1250000e+02;1.3275301e-01;2.1250000e+02;8.1584260e-02;2.1250000e+02;3.4691215e-02;2.1250000e+02;-7.0990236e-03;2.1250000e+02;1.2616073e-03;2.1250000e+02;1.5310822e-02;2.1250000e+02;3.3979438e-02;2.1250000e+02;5.7961859e-02;2.1250000e+02;8.4940374e-02;2.1250000e+02;1.1358834e-01;2.1250000e+02;1.3890752e-01;2.1250000e+02;1.5993889e-01;2.1250000e+02;1.7930967e-01;2.1250000e+02;2.0386209e-01;2.1250000e+02;2.2758830e-01;2.1250000e+02;2.3862495e-01;2.1250000e+02;2.2153927e-01;2.1250000e+02;1.8327041e-01;2.1250000e+02;1.3275301e-01;2.1250000e+02;8.1584260e-02;2.1250000e+02;3.4691215e-02;2.1250000e+02;-7.0990236e-03;2.1250000e+02;1.2616073e-03;2.1250000e+02;1.5310822e-02;2.1250000e+02;3.3979438e-02;2.1250000e+02;5.7961859e-02;2.1250000e+02;8.4940374e-02;2.1250000e+02;1.1358834e-01;2.1250000e+02;1.3890752e-01;2.1250000e+02;1.5993889e-01;2.1250000e+02;1.7930967e-01;2.1250000e+02;2.0386209e-01;2.1250000e+02;2.2758830e-01;2.1250000e+02;2.3862495e-01;2.1250000e+02;2.2153927e-01;2.1250000e+02;1.8327041e-01;2.1250000e+02;1.3275301e-01;2.1250000e+02;8.1584260e-02;2.1250000e+02;3.4691215e-02;2.1250000e+02;-7.0990236e-03;2.1250000e+02;1.2616073e-03;2.1250000e+02;1.5310822e-02;2.1250000e+02;3.3979438e-02;2.1250000e+02;5.7961859e-02;2.1250000e+02;8.4940374e-02;2.1250000e+02;1.1358834e-01;2.1250000e+02;1.3890752e-01;2.1250000e+02;1.5993889e-01;2.1250000e+02;1.7930967e-01;2.1250000e+02;2.0386209e-01;2.1250000e+02;2.2758830e-01;2.1250000e+02;2.3862495e-01;2.1250000e+02;2.2153927e-01;2.1250000e+02;1.8327041e-01;2.1250000e+02;1.3275301e-01;2.1250000e+02;8.1584260e-02;2.1250000e+02;3.4691215e-02;2.1250000e+02;-7.0990236e-03;2.1250000e+02;1.2616073e-03;2.1250000e+02;1.5310822e-02;2.1250000e+02;3.3979438e-02;2.1250000e+02;5.7961859e-02;2.1250000e+02;8.4940374e-02;2.1250000e+02;1.1358834e-01;2.1250000e+02;1.3890752e-01;2.1250000e+02;1.5993889e-01;2.1250000e+02;1.7930967e-01;2.1250000e+02;2.0386209e-01;2.1250000e+02;2.2758830e-01;2.1250000e+02;2.3862495e-01;2.1250000e+02;2.2153927e-01;2.1250000e+02;1.8327041e-01;2.1250000e+02;1.3275301e-01;2.1250000e+02;8.1584260e-02;2.1250000e+02;3.4691215e-02;2.1250000e+02;-7.0990236e-03;2.1250000e+02;1.2616073e-03;2.1250000e+02;1.5310822e-02;2.1250000e+02;3.3979438e-02;2.1250000e+02;5.7961859e-02;2.1250000e+02;8.4940374e-02;2.1250000e+02;1.1358834e-01;2.1250000e+02;1.3890752e-01;2.1250000e+02;1.5993889e-01;2.1250000e+02;1.7930967e-01;2.1250000e+02;2.0386209e-01;2.1250000e+02;2.2758830e-01;2.1250000e+02;2.3862495e-01;2.1250000e+02;2.2153927e-01;2.1250000e+02;1.8327041e-01;2.1250000e+02;1.3275301e-01;2.1250000e+02;8.1584260e-02;2.1250000e+02;3.4691215e-02;2.1250000e+02;-7.0990236e-03;2.1250000e+02;1.2616073e-03;2.1250000e+02;1.5310822e-02;2.1250000e+02;3.3979438e-02;2.1250000e+02;5.7961859e-02;2.1250000e+02;8.4940374e-02;2.1250000e+02;1.1358834e-01;2.1250000e+02;1.3890752e-01;2.1250000e+02;1.5993889e-01;2.1250000e+02;1.7930967e-01;2.1250000e+02;2.0386209e-01;2.1250000e+02;2.2758830e-01;2.1250000e+02;2.3862495e-01;2.1250000e+02;2.2153927e-01;2.1250000e+02;1.8327041e-01;2.1250000e+02;1.3275301e-01;2.1250000e+02;8.1584260e-02;2.1250000e+02;3.4691215e-02;2.1250000e+02;-7.0990236e-03;2.1250000e+02;1.2616073e-03;2.1250000e+02;1.5310822e-02;2.1250000e+02;3.3979438e-02;2.1250000e+02;5.7961859e-02;2.1250000e+02;8.4940374e-02;2.1250000e+02;1.1358834e-01;2.1250000e+02;1.3890752e-01;2.1250000e+02;1.5993889e-01;2.1250000e+02;1.7930967e-01;2.1250000e+02;2.0386209e-01;2.1250000e+02;2.2758830e-01;2.1250000e+02;2.3862495e-01;2.1250000e+02;2.2153927e-01;2.1250000e+02;1.8327041e-01;2.1250000e+02;1.3275301e-01;2.1250000e+02;8.1584260e-02;2.1250000e+02;3.4691215e-02;2.1250000e+02;-7.0990236e-03;2.1250000e+02;1.2616073e-03;2.1250000e+02;1.5310822e-02;2.1250000e+02;3.3979438e-02;2.1250000e+02;5.7961859e-02;2.1250000e+02;8.4940374e-02;2.1250000e+02;1.1358834e-01;2.1250000e+02;1.3890752e-01;2.1250000e+02;1.5993889e-01;2.1250000e+02;1.7930967e-01;2.1250000e+02;2.0386209e-01;2.1250000e+02;2.2758830e-01;2.1250000e+02;2.3862495e-01;2.1250000e+02;2.2153927e-01;2.1250000e+02;1.8327041e-01;2.1250000e+02;1.3275301e-01;2.1250000e+02;8.1584260e-02;2.1250000e+02;3.4691215e-02;2.1250000e+02;-7.0990236e-03;2.1250000e+02;1.2616073e-03;2.1250000e+02;1.5310822e-02;2.1250000e+02;3.3979438e-02;2.1250000e+02;5.7961859e-02;2.1250000e+02;8.4940374e-02;2.1250000e+02;1.1358834e-01;2.1250000e+02;1.3890752e-01;2.1250000e+02;1.5993889e-01;2.1250000e+02;1.7930967e-01;2.1250000e+02;2.0386209e-01;2.1250000e+02;2.2758830e-01;2.1250000e+02;2.3862495e-01;2.1250000e+02;2.2153927e-01;2.1250000e+02;1.8327041e-01;2.1250000e+02;1.3275301e-01;2.1250000e+02;8.1584260e-02;2.1250000e+02;3.4691215e-02;2.1250000e+02;-7.0990236e-03;2.1250000e+02;1.2616073e-03;2.1250000e+02;1.5310822e-02;2.1250000e+02;3.3979438e-02;2.1250000e+02;5.7961859e-02;2.1250000e+02;8.4940374e-02;2.1250000e+02;1.1358834e-01;2.1250000e+02;1.3890752e-01;2.1250000e+02;1.5993889e-01;2.1250000e+02;1.7930967e-01;2.1250000e+02;2.0386209e-01;2.1250000e+02;2.2758830e-01;2.1250000e+02;2.3862495e-01;2.1250000e+02;2.2153927e-01;2.1250000e+02;1.8327041e-01;2.1250000e+02;1.3275301e-01;2.1250000e+02;8.1584260e-02;2.1250000e+02;3.4691215e-02;2.1250000e+02;-7.0990236e-03;2.1250000e+02;1.2616073e-03;2.1250000e+02;1.5310822e-02;2.1250000e+02;3.3979438e-02;2.1250000e+02;5.7961859e-02;2.1250000e+02;8.4940374e-02;2.1250000e+02;1.1358834e-01;2.1250000e+02;1.3890752e-01;2.1250000e+02;1.5993889e-01;2.1250000e+02;1.7930967e-01;2.1250000e+02;2.0386209e-01;2.1250000e+02;2.2758830e-01;2.1250000e+02;2.3862495e-01;2.1250000e+02;2.2153927e-01;2.1250000e+02;1.8327041e-01;2.1250000e+02;1.3275301e-01;2.1250000e+02;8.1584260e-02;2.1250000e+02;3.4691215e-02;2.1250000e+02;-7.0990236e-03;2.1250000e+02;1.2616073e-03;2.1250000e+02;1.5310822e-02;2.1250000e+02;3.3979438e-02;2.1250000e+02;5.7961859e-02;2.1250000e+02;8.4940374e-02;2.1250000e+02;1.1358834e-01;2.1250000e+02;1.3890752e-01;2.1250000e+02;1.5993889e-01;2.1250000e+02;1.7930967e-01;2.1250000e+02;2.0386209e-01;2.1250000e+02;2.2758830e-01;2.1250000e+02;2.3862495e-01;2.1250000e+02;2.2153927e-01;2.1250000e+02;1.8327041e-01;2.1250000e+02;1.3275301e-01;2.1250000e+02;8.1584260e-02;2.1250000e+02;3.4691215e-02;2.1250000e+02;-7.0990236e-03;2.1250000e+02;1.2616073e-03;2.1250000e+02;1.5310822e-02;2.1250000e+02;3.3979438e-02;2.1250000e+02;5.7961859e-02;2.1250000e+02;8.4940374e-02;2.1250000e+02;1.1358834e-01;2.1250000e+02;1.3890752e-01;2.1250000e+02;1.5993889e-01;2.1250000e+02;1.7930967e-01;2.1250000e+02;2.0386209e-01;2.1250000e+02;2.2758830e-01;2.1250000e+02;2.3862495e-01;2.1250000e+02;2.2153927e-01;2.1250000e+02;1.8327041e-01;2.1250000e+02;1.3275301e-01;2.1250000e+02;8.1584260e-02;2.1250000e+02;3.4691215e-02;2.1250000e+02;-7.0990236e-03;2.1250000e+02;1.2616073e-03;2.1250000e+02;1.5310822e-02;2.1250000e+02;3.3979438e-02;2.1250000e+02;5.7961859e-02;2.1250000e+02;8.4940374e-02;2.1250000e+02;1.1358834e-01;2.1250000e+02;1.3890752e-01;2.1250000e+02;1.5993889e-01;2.1250000e+02;1.7930967e-01;2.1250000e+02;2.0386209e-01;2.1250000e+02;2.2758830e-01;2.1250000e+02;2.3862495e-01;2.1250000e+02;2.2153927e-01;2.1250000e+02;1.8327041e-01;2.1250000e+02;1.3275301e-01;2.1250000e+02;8.1584260e-02;2.1250000e+02;3.4691215e-02;2.1250000e+02;-7.0990236e-03;2.1250000e+02;1.2616073e-03;2.1250000e+02;1.5310822e-02;2.1250000e+02;3.3979438e-02;2.1250000e+02;5.7961859e-02;2.1250000e+02;8.4940374e-02;2.1250000e+02;1.1358834e-01;2.1250000e+02;1.3890752e-01;2.1250000e+02;1.5993889e-01;2.1250000e+02;1.7930967e-01;2.1250000e+02;2.0386209e-01;2.1250000e+02;2.2758830e-01;2.1250000e+02;2.3862495e-01;2.1250000e+02;2.2153927e-01;2.1250000e+02;1.8327041e-01;2.1250000e+02;1.3275301e-01;2.1250000e+02;8.1584260e-02;2.1250000e+02;3.4691215e-02;2.1250000e+02;-7.0990236e-03;2.1250000e+02;1.2616073e-03;2.1250000e+02;1.5310822e-02;2.1250000e+02;3.3979438e-02;2.1250000e+02;5.7961859e-02;2.1250000e+02;8.4940374e-02;2.1250000e+02;1.1358834e-01;2.1250000e+02;1.3890752e-01;2.1250000e+02;1.5993889e-01;2.1250000e+02;1.7930967e-01;2.1250000e+02;2.0386209e-01;2.1250000e+02;2.2758830e-01;2.1250000e+02;2.3862495e-01;2.1250000e+02;2.2153927e-01;2.1250000e+02;1.8327041e-01;2.1250000e+02;1.3275301e-01;2.1250000e+02;8.1584260e-02;2.1250000e+02;3.4691215e-02;2.1250000e+02;-7.0990236e-03;2.1250000e+02;1.2616073e-03;2.1250000e+02;1.5310822e-02;2.1250000e+02;3.3979438e-02;2.1250000e+02;5.7961859e-02;2.1250000e+02;8.4940374e-02;2.1250000e+02;1.1358834e-01;2.1250000e+02;1.3890752e-01;2.1250000e+02;1.5993889e-01;2.1250000e+02;1.7930967e-01;2.1250000e+02;2.0386209e-01;2.1250000e+02;2.2758830e-01;2.1250000e+02;2.3862495e-01;2.1250000e+02;2.2153927e-01;2.1250000e+02;1.8327041e-01;2.1250000e+02;1.3275301e-01;2.1250000e+02;8.1584260e-02;2.1250000e+02;3.4691215e-02;2.1250000e+02;-7.0990236e-03;2.1250000e+02;1.2616073e-03;2.1250000e+02;1.5310822e-02;2.1250000e+02;3.3979438e-02;2.1250000e+02;5.7961859e-02;2.1250000e+02;8.4940374e-02;2.1250000e+02;1.1358834e-01;2.1250000e+02;1.3890752e-01;2.1250000e+02;1.5993889e-01;2.1250000e+02;1.7930967e-01;2.1250000e+02;2.0386209e-01;2.1250000e+02;2.2758830e-01;2.1250000e+02;2.3862495e-01;2.1250000e+02;2.2153927e-01;2.1250000e+02;1.8327041e-01;2.1250000e+02;1.3275301e-01;2.1250000e+02;8.1584260e-02;2.1250000e+02;3.4691215e-02;2.1250000e+02;-7.0990236e-03;2.1250000e+02;1.2616073e-03;2.1250000e+02;1.5310822e-02;2.1250000e+02;3.3979438e-02;2.1250000e+02;5.7961859e-02;2.1250000e+02;8.4940374e-02;2.1250000e+02;1.1358834e-01;2.1250000e+02;1.3890752e-01;2.1250000e+02;1.5993889e-01;2.1250000e+02;1.7930967e-01;2.1250000e+02;2.0386209e-01;2.1250000e+02;2.2758830e-01;2.1250000e+02;2.3862495e-01;2.1250000e+02;2.2153927e-01;2.1250000e+02;1.8327041e-01;2.1250000e+02;1.3275301e-01;2.1250000e+02;8.1584260e-02;2.1250000e+02;3.4691215e-02;2.1250000e+02;-7.0990236e-03;2.1250000e+02;1.2616073e-03;2.1250000e+02;1.5310822e-02;2.1250000e+02;3.3979438e-02;2.1250000e+02;5.7961859e-02;2.1250000e+02;8.4940374e-02;2.1250000e+02;1.1358834e-01;2.1250000e+02;1.3890752e-01;2.1250000e+02;1.5993889e-01;2.1250000e+02;1.7930967e-01;2.1250000e+02;2.0386209e-01;2.1250000e+02;2.2758830e-01;2.1250000e+02;2.3862495e-01;2.1250000e+02;2.2153927e-01;2.1250000e+02;1.8327041e-01;2.1250000e+02;1.3275301e-01;2.1250000e+02;8.1584260e-02;2.1250000e+02;3.4691215e-02;2.1250000e+02;-7.0990236e-03;2.1250000e+02;1.2616073e-03;2.1250000e+02;1.5310822e-02;2.1250000e+02;3.3979438e-02;2.1250000e+02;5.7961859e-02;2.1250000e+02;8.4940374e-02;2.1250000e+02;1.1358834e-01;2.1250000e+02;1.3890752e-01;2.1250000e+02;1.5993889e-01;2.1250000e+02;1.7930967e-01;2.1250000e+02;2.0386209e-01;2.1250000e+02;2.2758830e-01;2.1250000e+02;2.3862495e-01;2.1250000e+02;2.2153927e-01;2.1250000e+02;1.8327041e-01;2.1250000e+02;1.3275301e-01;2.1250000e+02;8.1584260e-02;2.1250000e+02;3.4691215e-02;2.1250000e+02;-7.0990236e-03;2.1250000e+02;1.2616073e-03;2.1250000e+02;1.5310822e-02;2.1250000e+02;3.3979438e-02;2.1250000e+02;5.7961859e-02;2.1250000e+02;8.4940374e-02;2.1250000e+02;1.1358834e-01;2.1250000e+02;1.3890752e-01;2.1250000e+02;1.5993889e-01;2.1250000e+02;1.7930967e-01;2.1250000e+02;2.0386209e-01;2.1250000e+02;2.2758830e-01;2.1250000e+02;2.3862495e-01;2.1250000e+02;2.2153927e-01;2.1250000e+02;1.8327041e-01;2.1250000e+02;1.3275301e-01;2.1250000e+02;8.1584260e-02;2.1250000e+02;3.4691215e-02;2.1250000e+02;-7.0990236e-03;2.1250000e+02;1.2616073e-03;2.1250000e+02;1.5310822e-02;2.1250000e+02;3.3979438e-02;2.1250000e+02;5.7961859e-02;2.1250000e+02;8.4940374e-02;2.1250000e+02;1.1358834e-01;2.1250000e+02;1.3890752e-01;2.1250000e+02;1.5993889e-01;2.1250000e+02;1.7930967e-01;2.1250000e+02;2.0386209e-01;2.1250000e+02;2.2758830e-01;2.1250000e+02;2.3862495e-01;2.1250000e+02;2.2153927e-01;2.1250000e+02;1.8327041e-01;2.1250000e+02;1.3275301e-01;2.1250000e+02;8.1584260e-02;2.1250000e+02;3.4691215e-02;2.1250000e+02;-7.0990236e-03;2.1250000e+02;1.2616073e-03;2.1250000e+02;1.5310822e-02;2.1250000e+02;3.3979438e-02;2.1250000e+02;5.7961859e-02;2.1250000e+02;8.4940374e-02;2.1250000e+02;1.1358834e-01;2.1250000e+02;1.3890752e-01;2.1250000e+02;1.5993889e-01;2.1250000e+02;1.7930967e-01;2.1250000e+02;2.0386209e-01;2.1250000e+02;2.2758830e-01;2.1250000e+02;2.3862495e-01;2.1250000e+02;2.2153927e-01;2.1250000e+02;1.8327041e-01;2.1250000e+02;1.3275301e-01;2.1250000e+02;8.1584260e-02;2.1250000e+02;3.4691215e-02;2.1250000e+02;-7.0990236e-03;2.1250000e+02;1.2616073e-03;2.1250000e+02;1.5310822e-02;2.1250000e+02;3.3979438e-02;2.1250000e+02;5.7961859e-02;2.1250000e+02;8.4940374e-02;2.1250000e+02;1.1358834e-01;2.1250000e+02;1.3890752e-01;2.1250000e+02;1.5993889e-01;2.1250000e+02;1.7930967e-01;2.1250000e+02;2.0386209e-01;2.1250000e+02;2.2758830e-01;2.1250000e+02;2.3862495e-01;2.1250000e+02;2.2153927e-01;2.1250000e+02;1.8327041e-01;2.1250000e+02;1.3275301e-01;2.1250000e+02;8.1584260e-02;2.1250000e+02;3.4691215e-02;2.1250000e+02;-7.0990236e-03;2.1250000e+02;1.2616073e-03;2.1250000e+02;1.5310822e-02;2.1250000e+02;3.3979438e-02;2.1250000e+02;5.7961859e-02;2.1250000e+02;8.4940374e-02;2.1250000e+02;1.1358834e-01;2.1250000e+02;1.3890752e-01;2.1250000e+02;1.5993889e-01;2.1250000e+02;1.7930967e-01;2.1250000e+02;2.0386209e-01;2.1250000e+02;2.2758830e-01;2.1250000e+02;2.3862495e-01;2.1250000e+02;2.2153927e-01;2.1250000e+02;1.8327041e-01;2.1250000e+02;1.3275301e-01;2.1250000e+02;8.1584260e-02;2.1250000e+02;3.4691215e-02;2.1250000e+02;-7.0990236e-03;2.1250000e+02;1.2616073e-03;2.1250000e+02;1.5310822e-02;2.1250000e+02;3.3979438e-02;2.1250000e+02;5.7961859e-02;2.1250000e+02;8.4940374e-02;2.1250000e+02;1.1358834e-01;2.1250000e+02;1.3890752e-01;2.1250000e+02;1.5993889e-01;2.1250000e+02;1.7930967e-01;2.1250000e+02;2.0386209e-01;2.1250000e+02;2.2758830e-01;2.1250000e+02;2.3862495e-01;2.1250000e+02;2.2153927e-01;2.1250000e+02;1.8327041e-01;2.1250000e+02;1.3275301e-01;2.1250000e+02;8.1584260e-02;2.1250000e+02;3.4691215e-02;2.1250000e+02;-7.0990236e-03;2.1250000e+02;1.2616073e-03;2.1250000e+02;1.5310822e-02;2.1250000e+02;3.3979438e-02;2.1250000e+02;5.7961859e-02;2.1250000e+02;8.4940374e-02;2.1250000e+02;1.1358834e-01;2.1250000e+02;1.3890752e-01;2.1250000e+02;1.5993889e-01;2.1250000e+02;1.7930967e-01;2.1250000e+02;2.0386209e-01;2.1250000e+02;2.2758830e-01;2.1250000e+02;2.3862495e-01;2.1250000e+02;2.2153927e-01;2.1250000e+02;1.8327041e-01;2.1250000e+02;1.3275301e-01;2.1250000e+02;8.1584260e-02;2.1250000e+02;3.4691215e-02;2.1250000e+02;-7.0990236e-03;2.1250000e+02;1.2616073e-03;2.1250000e+02;1.5310822e-02;2.1250000e+02;3.3979438e-02;2.1250000e+02;5.7961859e-02;2.1250000e+02;8.4940374e-02;2.1250000e+02;1.1358834e-01;2.1250000e+02;1.3890752e-01;2.1250000e+02;1.5993889e-01;2.1250000e+02;1.7930967e-01;2.1250000e+02;2.0386209e-01;2.1250000e+02;2.2758830e-01;2.1250000e+02;2.3862495e-01;2.1250000e+02;2.2153927e-01;2.1250000e+02;1.8327041e-01;2.1250000e+02;1.3275301e-01;2.1250000e+02;8.1584260e-02;2.1250000e+02;3.4691215e-02;2.1250000e+02;-7.0990236e-03;2.1250000e+02;1.2616073e-03;2.1250000e+02;1.5310822e-02;2.1250000e+02;3.3979438e-02;2.1250000e+02;5.7961859e-02;2.1250000e+02;8.4940374e-02;2.1250000e+02;1.1358834e-01;2.1250000e+02;1.3890752e-01;2.1250000e+02;1.5993889e-01;2.1250000e+02;1.7930967e-01;2.1250000e+02;2.0386209e-01;2.1250000e+02;2.2758830e-01;2.1250000e+02;2.3862495e-01;2.1250000e+02;2.2153927e-01;2.1250000e+02;1.8327041e-01;2.1250000e+02;1.3275301e-01;2.1250000e+02;8.1584260e-02;2.1250000e+02;3.4691215e-02;2.1250000e+02;-7.0990236e-03;2.1250000e+02;1.2616073e-03;2.1250000e+02;1.5310822e-02;2.1250000e+02;3.3979438e-02;2.1250000e+02;5.7961859e-02;2.1250000e+02;8.4940374e-02;2.1250000e+02;1.1358834e-01;2.1250000e+02;1.3890752e-01;2.1250000e+02;1.5993889e-01;2.1250000e+02;1.7930967e-01;2.1250000e+02;2.0386209e-01;2.1250000e+02;2.2758830e-01;2.1250000e+02;2.3862495e-01;2.1250000e+02;2.2153927e-01;2.1250000e+02;1.8327041e-01;2.1250000e+02;1.3275301e-01;2.1250000e+02;8.1584260e-02;2.1250000e+02;3.4691215e-02;2.1250000e+02;-7.0990236e-03;2.1250000e+02;1.2616073e-03;2.1250000e+02;1.5310822e-02;2.1250000e+02;3.3979438e-02;2.1250000e+02;5.7961859e-02;2.1250000e+02;8.4940374e-02;2.1250000e+02;1.1358834e-01;2.1250000e+02;1.3890752e-01;2.1250000e+02;1.5993889e-01;2.1250000e+02;1.7930967e-01;2.1250000e+02;2.0386209e-01;2.1250000e+02;2.2758830e-01;2.1250000e+02;2.3862495e-01;2.1250000e+02;2.2153927e-01;2.1250000e+02;1.8327041e-01;2.1250000e+02;1.3275301e-01;2.1250000e+02;8.1584260e-02;2.1250000e+02;3.4691215e-02;2.1250000e+02;-7.0990236e-03;2.1250000e+02;1.2616073e-03;2.1250000e+02;1.5310822e-02;2.1250000e+02;3.3979438e-02;2.1250000e+02;5.7961859e-02;2.1250000e+02;8.4940374e-02;2.1250000e+02;1.1358834e-01;2.1250000e+02;1.3890752e-01;2.1250000e+02;1.5993889e-01;2.1250000e+02;1.7930967e-01;2.1250000e+02;2.0386209e-01;2.1250000e+02;2.2758830e-01;2.1250000e+02;2.3862495e-01;2.1250000e+02;2.2153927e-01;2.1250000e+02;1.8327041e-01;2.1250000e+02;1.3275301e-01;2.1250000e+02;8.1584260e-02;2.1250000e+02;3.4691215e-02;2.1250000e+02;-7.0990236e-03;2.1250000e+02;1.2616073e-03;2.1250000e+02;1.5310822e-02;2.1250000e+02;3.3979438e-02;2.1250000e+02;5.7961859e-02;2.1250000e+02;8.4940374e-02;2.1250000e+02;1.1358834e-01;2.1250000e+02;1.3890752e-01;2.1250000e+02;1.5993889e-01;2.1250000e+02;1.7930967e-01;2.1250000e+02;2.0386209e-01;2.1250000e+02;2.2758830e-01;2.1250000e+02;2.3862495e-01;2.1250000e+02;2.2153927e-01;2.1250000e+02;1.8327041e-01;2.1250000e+02;1.3275301e-01;2.1250000e+02;8.1584260e-02;2.1250000e+02;3.4691215e-02;2.1250000e+02;-7.0990236e-03;2.1250000e+02;1.2616073e-03;2.1250000e+02;1.5310822e-02;2.1250000e+02;3.3979438e-02;2.1250000e+02;5.7961859e-02;2.1250000e+02;8.4940374e-02;2.1250000e+02;1.1358834e-01;2.1250000e+02;1.3890752e-01;2.1250000e+02;1.5993889e-01;2.1250000e+02;1.7930967e-01;2.1250000e+02;2.0386209e-01;2.1250000e+02;2.2758830e-01;2.1250000e+02;2.3862495e-01;2.1250000e+02;2.2153927e-01;2.1250000e+02;1.8327041e-01;2.1250000e+02;1.3275301e-01;2.1250000e+02;8.1584260e-02;2.1250000e+02;3.4691215e-02;2.1250000e+02;-7.0990236e-03;2.1250000e+02;1.2616073e-03;2.1250000e+02;1.5310822e-02;2.1250000e+02;3.3979438e-02;2.1250000e+02;5.7961859e-02;2.1250000e+02;8.4940374e-02;2.1250000e+02;1.1358834e-01;2.1250000e+02;1.3890752e-01;2.1250000e+02;1.5993889e-01;2.1250000e+02;1.7930967e-01;2.1250000e+02;2.0386209e-01;2.1250000e+02;2.2758830e-01;2.1250000e+02;2.3862495e-01;2.1250000e+02;2.2153927e-01;2.1250000e+02;1.8327041e-01;2.1250000e+02;1.3275301e-01;2.1250000e+02;8.1584260e-02;2.1250000e+02;3.4691215e-02;2.1250000e+02;-7.0990236e-03;2.1250000e+02;1.2616073e-03;2.1250000e+02;1.5310822e-02;2.1250000e+02;3.3979438e-02;2.1250000e+02;5.7961859e-02;2.1250000e+02;8.4940374e-02;2.1250000e+02;1.1358834e-01;2.1250000e+02;1.3890752e-01;2.1250000e+02;1.5993889e-01;2.1250000e+02;1.7930967e-01;2.1250000e+02;2.0386209e-01;2.1250000e+02;2.2758830e-01;2.1250000e+02;2.3862495e-01;2.1250000e+02;2.2153927e-01;2.1250000e+02;1.8327041e-01;2.1250000e+02;1.3275301e-01;2.1250000e+02;8.1584260e-02;2.1250000e+02;3.4691215e-02;2.1250000e+02;-7.0990236e-03;2.1250000e+02;1.2616073e-03;2.1250000e+02;1.5310822e-02;2.1250000e+02;3.3979438e-02;2.1250000e+02;5.7961859e-02;2.1250000e+02;8.4940374e-02;2.1250000e+02;1.1358834e-01;2.1250000e+02;1.3890752e-01;2.1250000e+02;1.5993889e-01;2.1250000e+02;1.7930967e-01;2.1250000e+02;2.0386209e-01;2.1250000e+02;2.2758830e-01;2.1250000e+02;2.3862495e-01;2.1250000e+02;2.2153927e-01;2.1250000e+02;1.8327041e-01;2.1250000e+02;1.3275301e-01;2.1250000e+02;8.1584260e-02;2.1250000e+02;3.4691215e-02;2.1250000e+02;-7.0990236e-03;2.1250000e+02;1.2616073e-03;2.1250000e+02;1.5310822e-02;2.1250000e+02;3.3979438e-02;2.1250000e+02;5.7961859e-02;2.1250000e+02;8.4940374e-02;2.1250000e+02;1.1358834e-01;2.1250000e+02;1.3890752e-01;2.1250000e+02;1.5993889e-01;2.1250000e+02;1.7930967e-01;2.1250000e+02;2.0386209e-01;2.1250000e+02;2.2758830e-01;2.1250000e+02;2.3862495e-01;2.1250000e+02;2.2153927e-01;2.1250000e+02;1.8327041e-01;2.1250000e+02;1.3275301e-01;2.1250000e+02;8.1584260e-02;2.1250000e+02;3.4691215e-02;2.1250000e+02;-7.0990236e-03;2.1250000e+02;1.2616073e-03;2.1250000e+02;1.5310822e-02;2.1250000e+02;3.3979438e-02;2.1250000e+02;5.7961859e-02;2.1250000e+02;8.4940374e-02;2.1250000e+02;1.1358834e-01;2.1250000e+02;1.3890752e-01;2.1250000e+02;1.5993889e-01;2.1250000e+02;1.7930967e-01;2.1250000e+02;2.0386209e-01;2.1250000e+02;2.2758830e-01;2.1250000e+02;2.3862495e-01;2.1250000e+02;2.2153927e-01;2.1250000e+02;1.8327041e-01;2.1250000e+02;1.3275301e-01;2.1250000e+02;8.1584260e-02;2.1250000e+02;3.4691215e-02;2.1250000e+02;-7.0990236e-03;2.1250000e+02;1.2616073e-03;2.1250000e+02;1.5310822e-02;2.1250000e+02;3.3979438e-02;2.1250000e+02;5.7961859e-02;2.1250000e+02;8.4940374e-02;2.1250000e+02;1.1358834e-01;2.1250000e+02;1.3890752e-01;2.1250000e+02;1.5993889e-01;2.1250000e+02;1.7930967e-01;2.1250000e+02;2.0386209e-01;2.1250000e+02;2.2758830e-01;2.1250000e+02;2.3862495e-01;2.1250000e+02;2.2153927e-01;2.1250000e+02;1.8327041e-01;2.1250000e+02;1.3275301e-01;2.1250000e+02;8.1584260e-02;2.1250000e+02;3.4691215e-02;2.1250000e+02;-7.0990236e-03;2.1250000e+02;1.2616073e-03;2.1250000e+02;1.5310822e-02;2.1250000e+02;3.3979438e-02;2.1250000e+02;5.7961859e-02;2.1250000e+02;8.4940374e-02;2.1250000e+02;1.1358834e-01;2.1250000e+02;1.3890752e-01;2.1250000e+02;1.5993889e-01;2.1250000e+02;1.7930967e-01;2.1250000e+02;2.0386209e-01;2.1250000e+02;2.2758830e-01;2.1250000e+02;2.3862495e-01;2.1250000e+02;2.2153927e-01;2.1250000e+02;1.8327041e-01;2.1250000e+02;1.3275301e-01;2.1250000e+02;8.1584260e-02;2.1250000e+02;3.4691215e-02;2.1250000e+02;-7.0990236e-03;2.1250000e+02;1.2616073e-03;2.1250000e+02;1.5310822e-02;2.1250000e+02;3.3979438e-02;2.1250000e+02;5.7961859e-02;2.1250000e+02;8.4940374e-02;2.1250000e+02;1.1358834e-01;2.1250000e+02;1.3890752e-01;2.1250000e+02;1.5993889e-01;2.1250000e+02;1.7930967e-01;2.1250000e+02;2.0386209e-01;2.1250000e+02;2.2758830e-01;2.1250000e+02;2.3862495e-01;2.1250000e+02;2.2153927e-01;2.1250000e+02;1.8327041e-01;2.1250000e+02;1.3275301e-01;2.1250000e+02;8.1584260e-02;2.1250000e+02;3.4691215e-02;2.1250000e+02;-7.0990236e-03;2.1250000e+02;1.2616073e-03;2.1250000e+02;1.5310822e-02;2.1250000e+02;3.3979438e-02;2.1250000e+02;5.7961859e-02;2.1250000e+02;8.4940374e-02;2.1250000e+02;1.1358834e-01;2.1250000e+02;1.3890752e-01;2.1250000e+02;1.5993889e-01;2.1250000e+02;1.7930967e-01;2.1250000e+02;2.0386209e-01;2.1250000e+02;2.2758830e-01;2.1250000e+02;2.3862495e-01;2.1250000e+02;2.2153927e-01;2.1250000e+02;1.8327041e-01;2.1250000e+02;1.3275301e-01;2.1250000e+02;8.1584260e-02;2.1250000e+02;3.4691215e-02;2.1250000e+02;-7.0990236e-03;2.1250000e+02;1.2616073e-03;2.1250000e+02;1.5310822e-02;2.1250000e+02;3.3979438e-02;2.1250000e+02;5.7961859e-02;2.1250000e+02;8.4940374e-02;2.1250000e+02;1.1358834e-01;2.1250000e+02;1.3890752e-01;2.1250000e+02;1.5993889e-01;2.1250000e+02;1.7930967e-01;2.1250000e+02;2.0386209e-01;2.1250000e+02;2.2758830e-01;2.1250000e+02;2.3862495e-01;2.1250000e+02;2.2153927e-01;2.1250000e+02;1.8327041e-01;2.1250000e+02;1.3275301e-01;2.1250000e+02;8.1584260e-02;2.1250000e+02;3.4691215e-02;2.1250000e+02;-7.0990236e-03;2.1250000e+02;1.2616073e-03;2.1250000e+02;1.5310822e-02;2.1250000e+02;3.3979438e-02;2.1250000e+02;5.7961859e-02;2.1250000e+02;8.4940374e-02;2.1250000e+02;1.1358834e-01;2.1250000e+02;1.3890752e-01;2.1250000e+02;1.5993889e-01;2.1250000e+02;1.7930967e-01;2.1250000e+02;2.0386209e-01;2.1250000e+02;2.2758830e-01;2.1250000e+02;2.3862495e-01;2.1250000e+02;2.2153927e-01;2.1250000e+02;1.8327041e-01;2.1250000e+02;1.3275301e-01;2.1250000e+02;8.1584260e-02;2.1250000e+02;3.4691215e-02;2.1250000e+02;-7.0990236e-03;2.1250000e+02;1.2616073e-03;2.1250000e+02;1.5310822e-02;2.1250000e+02;3.3979438e-02;2.1250000e+02;5.7961859e-02;2.1250000e+02;8.4940374e-02;2.1250000e+02;1.1358834e-01;2.1250000e+02;1.3890752e-01;2.1250000e+02;1.5993889e-01;2.1250000e+02;1.7930967e-01;2.1250000e+02;2.0386209e-01;2.1250000e+02;2.2758830e-01;2.1250000e+02;2.3862495e-01;2.1250000e+02;2.2153927e-01;2.1250000e+02;1.8327041e-01;2.1250000e+02;1.3275301e-01;2.1250000e+02;8.1584260e-02;2.1250000e+02;3.4691215e-02;2.1250000e+02;-7.0990236e-03;2.1250000e+02;1.2616073e-03;2.1250000e+02;1.5310822e-02;2.1250000e+02;3.3979438e-02;2.1250000e+02;5.7961859e-02;2.1250000e+02;8.4940374e-02;2.1250000e+02;1.1358834e-01;2.1250000e+02;1.3890752e-01;2.1250000e+02;1.5993889e-01;2.1250000e+02;1.7930967e-01;2.1250000e+02;2.0386209e-01;2.1250000e+02;2.2758830e-01;2.1250000e+02;2.3862495e-01;2.1250000e+02;2.2153927e-01;2.1250000e+02;1.8327041e-01;2.1250000e+02;1.3275301e-01;2.1250000e+02;8.1584260e-02;2.1250000e+02;3.4691215e-02;2.1250000e+02;-7.0990236e-03;2.1250000e+02;1.2616073e-03;2.1250000e+02;1.5310822e-02;2.1250000e+02;3.3979438e-02;2.1250000e+02;5.7961859e-02;2.1250000e+02;8.4940374e-02;2.1250000e+02;1.1358834e-01;2.1250000e+02;1.3890752e-01;2.1250000e+02;1.5993889e-01;2.1250000e+02;1.7930967e-01;2.1250000e+02;2.0386209e-01;2.1250000e+02;2.2758830e-01;2.1250000e+02;2.3862495e-01;2.1250000e+02;2.2153927e-01;2.1250000e+02;1.8327041e-01;2.1250000e+02;1.3275301e-01;2.1250000e+02;8.1584260e-02;2.1250000e+02;3.4691215e-02;2.1250000e+02;-7.0990236e-03;2.1250000e+02;1.2616073e-03;2.1250000e+02;1.5310822e-02;2.1250000e+02;3.3979438e-02;2.1250000e+02;5.7961859e-02;2.1250000e+02;8.4940374e-02;2.1250000e+02;1.1358834e-01;2.1250000e+02;1.3890752e-01;2.1250000e+02;1.5993889e-01;2.1250000e+02;1.7930967e-01;2.1250000e+02;2.0386209e-01;2.1250000e+02;2.2758830e-01;2.1250000e+02;2.3862495e-01;2.1250000e+02;2.2153927e-01;2.1250000e+02;1.8327041e-01;2.1250000e+02;1.3275301e-01;2.1250000e+02;8.1584260e-02;2.1250000e+02;3.4691215e-02;2.1250000e+02;-7.0990236e-03;2.1250000e+02;1.2616073e-03;2.1250000e+02;1.5310822e-02;2.1250000e+02;3.3979438e-02;2.1250000e+02;5.7961859e-02;2.1250000e+02;8.4940374e-02;2.1250000e+02;1.1358834e-01;2.1250000e+02;1.3890752e-01;2.1250000e+02;1.5993889e-01;2.1250000e+02;1.7930967e-01;2.1250000e+02;2.0386209e-01;2.1250000e+02;2.2758830e-01;2.1250000e+02;2.3862495e-01;2.1250000e+02;2.2153927e-01;2.1250000e+02;1.8327041e-01;2.1250000e+02;1.3275301e-01;2.1250000e+02;8.1584260e-02;2.1250000e+02;3.4691215e-02;2.1250000e+02;-7.0990236e-03;2.1250000e+02;1.2616073e-03;2.1250000e+02;1.5310822e-02;2.1250000e+02;3.3979438e-02;2.1250000e+02;5.7961859e-02;2.1250000e+02;8.4940374e-02;2.1250000e+02;1.1358834e-01;2.1250000e+02;1.3890752e-01;2.1250000e+02;1.5993889e-01;2.1250000e+02;1.7930967e-01;2.1250000e+02;2.0386209e-01;2.1250000e+02;2.2758830e-01;2.1250000e+02;2.3862495e-01;2.1250000e+02;2.2153927e-01;2.1250000e+02;1.8327041e-01;2.1250000e+02;1.3275301e-01;2.1250000e+02;8.1584260e-02;2.1250000e+02;3.4691215e-02;2.1250000e+02;-7.0990236e-03;2.1250000e+02;1.2616073e-03;2.1250000e+02;1.5310822e-02;2.1250000e+02;3.3979438e-02;2.1250000e+02;5.7961859e-02;2.1250000e+02;8.4940374e-02;2.1250000e+02;1.1358834e-01;2.1250000e+02;1.3890752e-01;2.1250000e+02;1.5993889e-01;2.1250000e+02;1.7930967e-01;2.1250000e+02;2.0386209e-01;2.1250000e+02;2.2758830e-01;2.1250000e+02;2.3862495e-01;2.1250000e+02;2.2153927e-01;2.1250000e+02;1.8327041e-01;2.1250000e+02;1.3275301e-01;2.1250000e+02;8.1584260e-02;2.1250000e+02;3.4691215e-02;2.1250000e+02;-7.0990236e-03;2.1250000e+02;1.2616073e-03;2.1250000e+02;1.5310822e-02;2.1250000e+02;3.3979438e-02;2.1250000e+02;5.7961859e-02;2.1250000e+02;8.4940374e-02;2.1250000e+02;1.1358834e-01;2.1250000e+02;1.3890752e-01;2.1250000e+02;1.5993889e-01;2.1250000e+02;1.7930967e-01;2.1250000e+02;2.0386209e-01;2.1250000e+02;2.2758830e-01;2.1250000e+02;2.3862495e-01;2.1250000e+02;2.2153927e-01;2.1250000e+02;1.8327041e-01;2.1250000e+02;1.3275301e-01;2.1250000e+02;8.1584260e-02;2.1250000e+02;3.4691215e-02;2.1250000e+02;-7.0990236e-03;2.1250000e+02;1.2616073e-03;2.1250000e+02;1.5310822e-02;2.1250000e+02;3.3979438e-02;2.1250000e+02;5.7961859e-02;2.1250000e+02;8.4940374e-02;2.1250000e+02;1.1358834e-01;2.1250000e+02;1.3890752e-01;2.1250000e+02;1.5993889e-01;2.1250000e+02;1.7930967e-01;2.1250000e+02;2.0386209e-01;2.1250000e+02;2.2758830e-01;2.1250000e+02;2.3862495e-01;2.1250000e+02;2.2153927e-01;2.1250000e+02;1.8327041e-01;2.1250000e+02;1.3275301e-01;2.1250000e+02;8.1584260e-02;2.1250000e+02;3.4691215e-02;2.1250000e+02;-7.0990236e-03;2.1250000e+02;1.2616073e-03;2.1250000e+02;1.5310822e-02;2.1250000e+02;3.3979438e-02;2.1250000e+02;5.7961859e-02;2.1250000e+02;8.4940374e-02;2.1250000e+02;1.1358834e-01;2.1250000e+02;1.3890752e-01;2.1250000e+02;1.5993889e-01;2.1250000e+02;1.7930967e-01;2.1250000e+02;2.0386209e-01;2.1250000e+02;2.2758830e-01;2.1250000e+02;2.3862495e-01;2.1250000e+02;2.2153927e-01;2.1250000e+02;1.8327041e-01;2.1250000e+02;1.3275301e-01;2.1250000e+02;8.1584260e-02;2.1250000e+02;3.4691215e-02;2.1250000e+02;-7.0990236e-03;2.1250000e+02;1.2616073e-03;2.1250000e+02;1.5310822e-02;2.1250000e+02;3.3979438e-02;2.1250000e+02;5.7961859e-02;2.1250000e+02;8.4940374e-02;2.1250000e+02;1.1358834e-01;2.1250000e+02;1.3890752e-01;2.1250000e+02;1.5993889e-01;2.1250000e+02;1.7930967e-01;2.1250000e+02;2.0386209e-01;2.1250000e+02;2.2758830e-01;2.1250000e+02;2.3862495e-01;2.1250000e+02;2.2153927e-01;2.1250000e+02;1.8327041e-01;2.1250000e+02;1.3275301e-01;2.1250000e+02;8.1584260e-02;2.1250000e+02;3.4691215e-02;2.1250000e+02;-7.0990236e-03;2.1250000e+02;1.2616073e-03;2.1250000e+02;1.5310822e-02;2.1250000e+02;3.3979438e-02;2.1250000e+02;5.7961859e-02;2.1250000e+02;8.4940374e-02;2.1250000e+02;1.1358834e-01;2.1250000e+02;1.3890752e-01;2.1250000e+02;1.5993889e-01;2.1250000e+02;1.7930967e-01;2.1250000e+02;2.0386209e-01;2.1250000e+02;2.2758830e-01;2.1250000e+02;2.3862495e-01;2.1250000e+02;2.2153927e-01;2.1250000e+02;1.8327041e-01;2.1250000e+02;1.3275301e-01;2.1250000e+02;8.1584260e-02;2.1250000e+02;3.4691215e-02;2.1250000e+02;-7.0990236e-03;2.1250000e+02;1.2616073e-03;2.1250000e+02;1.5310822e-02;2.1250000e+02;3.3979438e-02;2.1250000e+02;5.7961859e-02;2.1250000e+02;8.4940374e-02;2.1250000e+02;1.1358834e-01;2.1250000e+02;1.3890752e-01;2.1250000e+02;1.5993889e-01;2.1250000e+02;1.7930967e-01;2.1250000e+02;2.0386209e-01;2.1250000e+02;2.2758830e-01;2.1250000e+02;2.3862495e-01;2.1250000e+02;2.2153927e-01;2.1250000e+02;1.8327041e-01;2.1250000e+02;1.3275301e-01;2.1250000e+02;8.1584260e-02;2.1250000e+02;3.4691215e-02;2.1250000e+02;-7.0990236e-03;2.1250000e+02;1.2616073e-03;2.1250000e+02;1.5310822e-02;2.1250000e+02;3.3979438e-02;2.1250000e+02;5.7961859e-02;2.1250000e+02;8.4940374e-02;2.1250000e+02;1.1358834e-01;2.1250000e+02;1.3890752e-01;2.1250000e+02;1.5993889e-01;2.1250000e+02;1.7930967e-01;2.1250000e+02;2.0386209e-01;2.1250000e+02;2.2758830e-01;2.1250000e+02;2.3862495e-01;2.1250000e+02;2.2153927e-01;2.1250000e+02;1.8327041e-01;2.1250000e+02;1.3275301e-01;2.1250000e+02;8.1584260e-02;2.1250000e+02;3.4691215e-02;2.1250000e+02;-7.0990236e-03;2.1250000e+02;1.2616073e-03;2.1250000e+02;1.5310822e-02;2.1250000e+02;3.3979438e-02;2.1250000e+02;5.7961859e-02;2.1250000e+02;8.4940374e-02;2.1250000e+02;1.1358834e-01;2.1250000e+02;1.3890752e-01;2.1250000e+02;1.5993889e-01;2.1250000e+02;1.7930967e-01;2.1250000e+02;2.0386209e-01;2.1250000e+02;2.2758830e-01;2.1250000e+02;2.3862495e-01;2.1250000e+02;2.2153927e-01;2.1250000e+02;1.8327041e-01;2.1250000e+02;1.3275301e-01;2.1250000e+02;8.1584260e-02;2.1250000e+02;3.4691215e-02;2.1250000e+02;-7.0990236e-03;2.1250000e+02;1.2616073e-03;2.1250000e+02;1.5310822e-02;2.1250000e+02;3.3979438e-02;2.1250000e+02;5.7961859e-02;2.1250000e+02;8.4940374e-02;2.1250000e+02;1.1358834e-01;2.1250000e+02;1.3890752e-01;2.1250000e+02;1.5993889e-01;2.1250000e+02;1.7930967e-01;2.1250000e+02;2.0386209e-01;2.1250000e+02;2.2758830e-01;2.1250000e+02;2.3862495e-01;2.1250000e+02;2.2153927e-01;2.1250000e+02;1.8327041e-01;2.1250000e+02;1.3275301e-01;2.1250000e+02;8.1584260e-02;2.1250000e+02;3.4691215e-02;2.1250000e+02;-7.0990236e-03;2.1250000e+02;1.2616073e-03;2.1250000e+02;1.5310822e-02;2.1250000e+02;3.3979438e-02;2.1250000e+02;5.7961859e-02;2.1250000e+02;8.4940374e-02;2.1250000e+02;1.1358834e-01;2.1250000e+02;1.3890752e-01;2.1250000e+02;1.5993889e-01;2.1250000e+02;1.7930967e-01;2.1250000e+02;2.0386209e-01;2.1250000e+02;2.2758830e-01;2.1250000e+02;2.3862495e-01;2.1250000e+02;2.2153927e-01;2.1250000e+02;1.8327041e-01;2.1250000e+02;1.3275301e-01;2.1250000e+02;8.1584260e-02;2.1250000e+02;3.4691215e-02;2.1250000e+02;-7.0990236e-03;2.1250000e+02;1.2616073e-03;2.1250000e+02;1.5310822e-02;2.1250000e+02;3.3979438e-02;2.1250000e+02;5.7961859e-02;2.1250000e+02;8.4940374e-02;2.1250000e+02;1.1358834e-01;2.1250000e+02;1.3890752e-01;2.1250000e+02;1.5993889e-01;2.1250000e+02;1.7930967e-01;2.1250000e+02;2.0386209e-01;2.1250000e+02;2.2758830e-01;2.1250000e+02;2.3862495e-01;2.1250000e+02;2.2153927e-01;2.1250000e+02;1.8327041e-01;2.1250000e+02;1.3275301e-01;2.1250000e+02;8.1584260e-02;2.1250000e+02;3.4691215e-02;2.1250000e+02;-7.0990236e-03;2.1250000e+02;1.2616073e-03;2.1250000e+02;1.5310822e-02;2.1250000e+02;3.3979438e-02;2.1250000e+02;5.7961859e-02;2.1250000e+02;8.4940374e-02;2.1250000e+02;1.1358834e-01;2.1250000e+02;1.3890752e-01;2.1250000e+02;1.5993889e-01;2.1250000e+02;1.7930967e-01;2.1250000e+02;2.0386209e-01;2.1250000e+02;2.2758830e-01;2.1250000e+02;2.3862495e-01;2.1250000e+02;2.2153927e-01;2.1250000e+02;1.8327041e-01;2.1250000e+02;1.3275301e-01;2.1250000e+02;8.1584260e-02;2.1250000e+02;3.4691215e-02;2.1250000e+02;-7.0990236e-03;2.1250000e+02;1.2616073e-03;2.1250000e+02;1.5310822e-02;2.1250000e+02;3.3979438e-02;2.1250000e+02;5.7961859e-02;2.1250000e+02;8.4940374e-02;2.1250000e+02;1.1358834e-01;2.1250000e+02;1.3890752e-01;2.1250000e+02;1.5993889e-01;2.1250000e+02;1.7930967e-01;2.1250000e+02;2.0386209e-01;2.1250000e+02;2.2758830e-01;2.1250000e+02;2.3862495e-01;2.1250000e+02;2.2153927e-01;2.1250000e+02;1.8327041e-01;2.1250000e+02;1.3275301e-01;2.1250000e+02;8.1584260e-02;2.1250000e+02;3.4691215e-02;2.1250000e+02;-7.0990236e-03;2.1250000e+02;1.2616073e-03;2.1250000e+02;1.5310822e-02;2.1250000e+02;3.3979438e-02;2.1250000e+02;5.7961859e-02;2.1250000e+02;8.4940374e-02;2.1250000e+02;1.1358834e-01;2.1250000e+02;1.3890752e-01;2.1250000e+02;1.5993889e-01;2.1250000e+02;1.7930967e-01;2.1250000e+02;2.0386209e-01;2.1250000e+02;2.2758830e-01;2.1250000e+02;2.3862495e-01;2.1250000e+02;2.2153927e-01;2.1250000e+02;1.8327041e-01;2.1250000e+02;1.3275301e-01;2.1250000e+02;8.1584260e-02;2.1250000e+02;3.4691215e-02;2.1250000e+02;-7.0990236e-03;2.1250000e+02;1.2616073e-03;2.1250000e+02;1.5310822e-02;2.1250000e+02;3.3979438e-02;2.1250000e+02;5.7961859e-02;2.1250000e+02;8.4940374e-02;2.1250000e+02;1.1358834e-01;2.1250000e+02;1.3890752e-01;2.1250000e+02;1.5993889e-01;2.1250000e+02;1.7930967e-01;2.1250000e+02;2.0386209e-01;2.1250000e+02;2.2758830e-01;2.1250000e+02;2.3862495e-01;2.1250000e+02;2.2153927e-01;2.1250000e+02;1.8327041e-01;2.1250000e+02;1.3275301e-01;2.1250000e+02;8.1584260e-02;2.1250000e+02;3.4691215e-02;2.1250000e+02;-7.0990236e-03;2.1250000e+02;1.2616073e-03;2.1250000e+02;1.5310822e-02;2.1250000e+02;3.3979438e-02;2.1250000e+02;5.7961859e-02;2.1250000e+02;8.4940374e-02;2.1250000e+02;1.1358834e-01;2.1250000e+02;1.3890752e-01;2.1250000e+02;1.5993889e-01;2.1250000e+02;1.7930967e-01;2.1250000e+02;2.0386209e-01;2.1250000e+02;2.2758830e-01;2.1250000e+02;2.3862495e-01;2.1250000e+02;2.2153927e-01;2.1250000e+02;1.8327041e-01;2.1250000e+02;1.3275301e-01;2.1250000e+02;8.1584260e-02;2.1250000e+02;3.4691215e-02;2.1250000e+02;-7.0990236e-03;2.1250000e+02;1.2616073e-03;2.1250000e+02;1.5310822e-02;2.1250000e+02;3.3979438e-02;2.1250000e+02;5.7961859e-02;2.1250000e+02;8.4940374e-02;2.1250000e+02;1.1358834e-01;2.1250000e+02;1.3890752e-01;2.1250000e+02;1.5993889e-01;2.1250000e+02;1.7930967e-01;2.1250000e+02;2.0386209e-01;2.1250000e+02;2.2758830e-01;2.1250000e+02;2.3862495e-01;2.1250000e+02;2.2153927e-01;2.1250000e+02;1.8327041e-01;2.1250000e+02;1.3275301e-01;2.1250000e+02;8.1584260e-02;2.1250000e+02;3.4691215e-02;2.1250000e+02;-7.0990236e-03;2.1250000e+02;1.2616073e-03;2.1250000e+02;1.5310822e-02;2.1250000e+02;3.3979438e-02;2.1250000e+02;5.7961859e-02;2.1250000e+02;8.4940374e-02;2.1250000e+02;1.1358834e-01;2.1250000e+02;1.3890752e-01;2.1250000e+02;1.5993889e-01;2.1250000e+02;1.7930967e-01;2.1250000e+02;2.0386209e-01;2.1250000e+02;2.2758830e-01;2.1250000e+02;2.3862495e-01;2.1250000e+02;2.2153927e-01;2.1250000e+02;1.8327041e-01;2.1250000e+02;1.3275301e-01;2.1250000e+02;8.1584260e-02;2.1250000e+02;3.4691215e-02;2.1250000e+02;-7.0990236e-03;2.1250000e+02;1.2616073e-03;2.1250000e+02;1.5310822e-02;2.1250000e+02;3.3979438e-02;2.1250000e+02;5.7961859e-02;2.1250000e+02;8.4940374e-02;2.1250000e+02;1.1358834e-01;2.1250000e+02;1.3890752e-01;2.1250000e+02;1.5993889e-01;2.1250000e+02;1.7930967e-01;2.1250000e+02;2.0386209e-01;2.1250000e+02;2.2758830e-01;2.1250000e+02;2.3862495e-01;2.1250000e+02;2.2153927e-01;2.1250000e+02;1.8327041e-01;2.1250000e+02;1.3275301e-01;2.1250000e+02;8.1584260e-02;2.1250000e+02;3.4691215e-02;2.1250000e+02;-7.0990236e-03;2.1250000e+02;1.2616073e-03;2.1250000e+02;1.5310822e-02;2.1250000e+02;3.3979438e-02;2.1250000e+02;5.7961859e-02;2.1250000e+02;8.4940374e-02;2.1250000e+02;1.1358834e-01;2.1250000e+02;1.3890752e-01;2.1250000e+02;1.5993889e-01;2.1250000e+02;1.7930967e-01;2.1250000e+02;2.0386209e-01;2.1250000e+02;2.2758830e-01;2.1250000e+02;2.3862495e-01;2.1250000e+02;2.2153927e-01;2.1250000e+02;1.8327041e-01;2.1250000e+02;1.3275301e-01;2.1250000e+02;8.1584260e-02;2.1250000e+02;3.4691215e-02;2.1250000e+02;-7.0990236e-03;2.1250000e+02;1.2616073e-03;2.1250000e+02;1.5310822e-02;2.1250000e+02;3.3979438e-02;2.1250000e+02;5.7961859e-02;2.1250000e+02;8.4940374e-02;2.1250000e+02;1.1358834e-01;2.1250000e+02;1.3890752e-01;2.1250000e+02;1.5993889e-01;2.1250000e+02;1.7930967e-01;2.1250000e+02;2.0386209e-01;2.1250000e+02;2.2758830e-01;2.1250000e+02;2.3862495e-01;2.1250000e+02;2.2153927e-01;2.1250000e+02;1.8327041e-01;2.1250000e+02;1.3275301e-01;2.1250000e+02;8.1584260e-02;2.1250000e+02;3.4691215e-02;2.1250000e+02;-7.0990236e-03;2.1250000e+02;1.2616073e-03;2.1250000e+02;1.5310822e-02;2.1250000e+02;3.3979438e-02;2.1250000e+02;5.7961859e-02;2.1250000e+02;8.4940374e-02;2.1250000e+02;1.1358834e-01;2.1250000e+02;1.3890752e-01;2.1250000e+02;1.5993889e-01;2.1250000e+02;1.7930967e-01;2.1250000e+02;2.0386209e-01;2.1250000e+02;2.2758830e-01;2.1250000e+02;2.3862495e-01;2.1250000e+02;2.2153927e-01;2.1250000e+02;1.8327041e-01;2.1250000e+02;1.3275301e-01;2.1250000e+02;8.1584260e-02;2.1250000e+02;3.4691215e-02;2.1250000e+02;-7.0990236e-03;2.1250000e+02;1.2616073e-03;2.1250000e+02;1.5310822e-02;2.1250000e+02;3.3979438e-02;2.1250000e+02;5.7961859e-02;2.1250000e+02;8.4940374e-02;2.1250000e+02;1.1358834e-01;2.1250000e+02;1.3890752e-01;2.1250000e+02;1.5993889e-01;2.1250000e+02;1.7930967e-01;2.1250000e+02;2.0386209e-01;2.1250000e+02;2.2758830e-01;2.1250000e+02;2.3862495e-01;2.1250000e+02;2.2153927e-01;2.1250000e+02;1.8327041e-01;2.1250000e+02;1.3275301e-01;2.1250000e+02;8.1584260e-02;2.1250000e+02;3.4691215e-02;2.1250000e+02;-7.0990236e-03;2.1250000e+02;1.2616073e-03;2.1250000e+02;1.5310822e-02;2.1250000e+02;3.3979438e-02;2.1250000e+02;5.7961859e-02;2.1250000e+02;8.4940374e-02;2.1250000e+02;1.1358834e-01;2.1250000e+02;1.3890752e-01;2.1250000e+02;1.5993889e-01;2.1250000e+02;1.7930967e-01;2.1250000e+02;2.0386209e-01;2.1250000e+02;2.2758830e-01;2.1250000e+02;2.3862495e-01;2.1250000e+02;2.2153927e-01;2.1250000e+02;1.8327041e-01;2.1250000e+02;1.3275301e-01;2.1250000e+02;8.1584260e-02;2.1250000e+02;3.4691215e-02;2.1250000e+02;-7.0990236e-03;2.1250000e+02;1.2616073e-03;2.1250000e+02;1.5310822e-02;2.1250000e+02;3.3979438e-02;2.1250000e+02;5.7961859e-02;2.1250000e+02;8.4940374e-02;2.1250000e+02;1.1358834e-01;2.1250000e+02;1.3890752e-01;2.1250000e+02;1.5993889e-01;2.1250000e+02;1.7930967e-01;2.1250000e+02;2.0386209e-01;2.1250000e+02;2.2758830e-01;2.1250000e+02;2.3862495e-01;2.1250000e+02;2.2153927e-01;2.1250000e+02;1.8327041e-01;2.1250000e+02;1.3275301e-01;2.1250000e+02;8.1584260e-02;2.1250000e+02;3.4691215e-02;2.1250000e+02;-7.0990236e-03;2.1250000e+02;1.2616073e-03;2.1250000e+02;1.5310822e-02;2.1250000e+02;3.3979438e-02;2.1250000e+02;5.7961859e-02;2.1250000e+02;8.4940374e-02;2.1250000e+02;1.1358834e-01;2.1250000e+02;1.3890752e-01;2.1250000e+02;1.5993889e-01;2.1250000e+02;1.7930967e-01;2.1250000e+02;2.0386209e-01;2.1250000e+02;2.2758830e-01;2.1250000e+02;2.3862495e-01;2.1250000e+02;2.2153927e-01;2.1250000e+02;1.8327041e-01;2.1250000e+02;1.3275301e-01;2.1250000e+02;8.1584260e-02;2.1250000e+02;3.4691215e-02;2.1250000e+02;-7.0990236e-03;2.1250000e+02;1.2616073e-03;2.1250000e+02;1.5310822e-02;2.1250000e+02;3.3979438e-02;2.1250000e+02;5.7961859e-02;2.1250000e+02;8.4940374e-02;2.1250000e+02;1.1358834e-01;2.1250000e+02;1.3890752e-01;2.1250000e+02;1.5993889e-01;2.1250000e+02;1.7930967e-01;2.1250000e+02;2.0386209e-01;2.1250000e+02;2.2758830e-01;2.1250000e+02;2.3862495e-01;2.1250000e+02;2.2153927e-01;2.1250000e+02;1.8327041e-01;2.1250000e+02;1.3275301e-01;2.1250000e+02;8.1584260e-02;2.1250000e+02;3.4691215e-02;2.1250000e+02;-7.0990236e-03;2.1250000e+02;1.2616073e-03;2.1250000e+02;1.5310822e-02;2.1250000e+02;3.3979438e-02;2.1250000e+02;5.7961859e-02;2.1250000e+02;8.4940374e-02;2.1250000e+02;1.1358834e-01;2.1250000e+02;1.3890752e-01;2.1250000e+02;1.5993889e-01;2.1250000e+02;1.7930967e-01;2.1250000e+02;2.0386209e-01;2.1250000e+02;2.2758830e-01;2.1250000e+02;2.3862495e-01;2.1250000e+02;2.2153927e-01;2.1250000e+02;1.8327041e-01;2.1250000e+02;1.3275301e-01;2.1250000e+02;8.1584260e-02;2.1250000e+02;3.4691215e-02;2.1250000e+02;-7.0990236e-03;2.1250000e+02;1.2616073e-03;2.1250000e+02;1.5310822e-02;2.1250000e+02;3.3979438e-02;2.1250000e+02;5.7961859e-02;2.1250000e+02;8.4940374e-02;2.1250000e+02;1.1358834e-01;2.1250000e+02;1.3890752e-01;2.1250000e+02;1.5993889e-01;2.1250000e+02;1.7930967e-01;2.1250000e+02;2.0386209e-01;2.1250000e+02;2.2758830e-01;2.1250000e+02;2.3862495e-01;2.1250000e+02;2.2153927e-01;2.1250000e+02;1.8327041e-01;2.1250000e+02;1.3275301e-01;2.1250000e+02;8.1584260e-02;2.1250000e+02;3.4691215e-02;2.1250000e+02;-7.0990236e-03;2.1250000e+02;1.2616073e-03;2.1250000e+02;1.5310822e-02;2.1250000e+02;3.3979438e-02;2.1250000e+02;5.7961859e-02;2.1250000e+02;8.4940374e-02;2.1250000e+02;1.1358834e-01;2.1250000e+02;1.3890752e-01;2.1250000e+02;1.5993889e-01;2.1250000e+02;1.7930967e-01;2.1250000e+02;2.0386209e-01;2.1250000e+02;2.2758830e-01;2.1250000e+02;2.3862495e-01;2.1250000e+02;2.2153927e-01;2.1250000e+02;1.8327041e-01;2.1250000e+02;1.3275301e-01;2.1250000e+02;8.1584260e-02;2.1250000e+02;3.4691215e-02;2.1250000e+02;-7.0990236e-03;2.1250000e+02;1.2616073e-03;2.1250000e+02;1.5310822e-02;2.1250000e+02;3.3979438e-02;2.1250000e+02;5.7961859e-02;2.1250000e+02;8.4940374e-02;2.1250000e+02;1.1358834e-01;2.1250000e+02;1.3890752e-01;2.1250000e+02;1.5993889e-01;2.1250000e+02;1.7930967e-01;2.1250000e+02;2.0386209e-01;2.1250000e+02;2.2758830e-01;2.1250000e+02;2.3862495e-01;2.1250000e+02;2.2153927e-01;2.1250000e+02;1.8327041e-01;2.1250000e+02;1.3275301e-01;2.1250000e+02;8.1584260e-02;2.1250000e+02;3.4691215e-02;2.1250000e+02;-7.0990236e-03;2.1250000e+02;1.2616073e-03;2.1250000e+02;1.5310822e-02;2.1250000e+02;3.3979438e-02;2.1250000e+02;5.7961859e-02;2.1250000e+02;8.4940374e-02;2.1250000e+02;1.1358834e-01;2.1250000e+02;1.3890752e-01;2.1250000e+02;1.5993889e-01;2.1250000e+02;1.7930967e-01;2.1250000e+02;2.0386209e-01;2.1250000e+02;2.2758830e-01;2.1250000e+02;2.3862495e-01;2.1250000e+02;2.2153927e-01;2.1250000e+02;1.8327041e-01;2.1250000e+02;1.3275301e-01;2.1250000e+02;8.1584260e-02;2.1250000e+02;3.4691215e-02;2.1250000e+02;-7.0990236e-03;2.1250000e+02;1.2616073e-03;2.1250000e+02;1.5310822e-02;2.1250000e+02;3.3979438e-02;2.1250000e+02;5.7961859e-02;2.1250000e+02;8.4940374e-02;2.1250000e+02;1.1358834e-01;2.1250000e+02;1.3890752e-01;2.1250000e+02;1.5993889e-01;2.1250000e+02;1.7930967e-01;2.1250000e+02;2.0386209e-01;2.1250000e+02;2.2758830e-01;2.1250000e+02;2.3862495e-01;2.1250000e+02;2.2153927e-01;2.1250000e+02;1.8327041e-01;2.1250000e+02;1.3275301e-01;2.1250000e+02;8.1584260e-02;2.1250000e+02;3.4691215e-02;2.1250000e+02;-7.0990236e-03;2.1250000e+02;1.2616073e-03;2.1250000e+02;1.5310822e-02;2.1250000e+02;3.3979438e-02;2.1250000e+02;5.7961859e-02;2.1250000e+02;8.4940374e-02;2.1250000e+02;1.1358834e-01;2.1250000e+02;1.3890752e-01;2.1250000e+02;1.5993889e-01;2.1250000e+02;1.7930967e-01;2.1250000e+02;2.0386209e-01;2.1250000e+02;2.2758830e-01;2.1250000e+02;2.3862495e-01;2.1250000e+02;2.2153927e-01;2.1250000e+02;1.8327041e-01;2.1250000e+02;1.3275301e-01;2.1250000e+02;8.1584260e-02;2.1250000e+02;3.4691215e-02;2.1250000e+02;-7.0990236e-03;2.1250000e+02;1.2616073e-03;2.1250000e+02;1.5310822e-02;2.1250000e+02;3.3979438e-02;2.1250000e+02;5.7961859e-02;2.1250000e+02;8.4940374e-02;2.1250000e+02;1.1358834e-01;2.1250000e+02;1.3890752e-01;2.1250000e+02;1.5993889e-01;2.1250000e+02;1.7930967e-01;2.1250000e+02;2.0386209e-01;2.1250000e+02;2.2758830e-01;2.1250000e+02;2.3862495e-01;2.1250000e+02;2.2153927e-01;2.1250000e+02;1.8327041e-01;2.1250000e+02;1.3275301e-01;2.1250000e+02;8.1584260e-02;2.1250000e+02;3.4691215e-02;2.1250000e+02;-7.0990236e-03;2.1250000e+02;1.2616073e-03;2.1250000e+02;1.5310822e-02;2.1250000e+02;3.3979438e-02;2.1250000e+02;5.7961859e-02;2.1250000e+02;8.4940374e-02;2.1250000e+02;1.1358834e-01;2.1250000e+02;1.3890752e-01;2.1250000e+02;1.5993889e-01;2.1250000e+02;1.7930967e-01;2.1250000e+02;2.0386209e-01;2.1250000e+02;2.2758830e-01;2.1250000e+02;2.3862495e-01;2.1250000e+02;2.2153927e-01;2.1250000e+02;1.8327041e-01;2.1250000e+02;1.3275301e-01;2.1250000e+02;8.1584260e-02;2.1250000e+02;3.4691215e-02;2.1250000e+02;-7.0990236e-03;2.1250000e+02;1.2616073e-03;2.1250000e+02;1.5310822e-02;2.1250000e+02;3.3979438e-02;2.1250000e+02;5.7961859e-02;2.1250000e+02;8.4940374e-02;2.1250000e+02;1.1358834e-01;2.1250000e+02;1.3890752e-01;2.1250000e+02;1.5993889e-01;2.1250000e+02;1.7930967e-01;2.1250000e+02;2.0386209e-01;2.1250000e+02;2.2758830e-01;2.1250000e+02;2.3862495e-01;2.1250000e+02;2.2153927e-01;2.1250000e+02;1.8327041e-01;2.1250000e+02;1.3275301e-01;2.1250000e+02;8.1584260e-02;2.1250000e+02;3.4691215e-02;2.1250000e+02;-7.0990236e-03;2.1250000e+02;1.2616073e-03;2.1250000e+02;1.5310822e-02;2.1250000e+02;3.3979438e-02;2.1250000e+02;5.7961859e-02;2.1250000e+02;8.4940374e-02;2.1250000e+02;1.1358834e-01;2.1250000e+02;1.3890752e-01;2.1250000e+02;1.5993889e-01;2.1250000e+02;1.7930967e-01;2.1250000e+02;2.0386209e-01;2.1250000e+02;2.2758830e-01;2.1250000e+02;2.3862495e-01;2.1250000e+02;2.2153927e-01;2.1250000e+02;1.8327041e-01;2.1250000e+02;1.3275301e-01;2.1250000e+02;8.1584260e-02;2.1250000e+02;3.4691215e-02;2.1250000e+02;-7.0990236e-03;2.1250000e+02;1.2616073e-03;2.1250000e+02;1.5310822e-02;2.1250000e+02;3.3979438e-02;2.1250000e+02;5.7961859e-02;2.1250000e+02;8.4940374e-02;2.1250000e+02;1.1358834e-01;2.1250000e+02;1.3890752e-01;2.1250000e+02;1.5993889e-01;2.1250000e+02;1.7930967e-01;2.1250000e+02;2.0386209e-01;2.1250000e+02;2.2758830e-01;2.1250000e+02;2.3862495e-01;2.1250000e+02;2.2153927e-01;2.1250000e+02;1.8327041e-01;2.1250000e+02;1.3275301e-01;2.1250000e+02;8.1584260e-02;2.1250000e+02;3.4691215e-02;2.1250000e+02;-7.0990236e-03;2.1250000e+02;1.2616073e-03;2.1250000e+02;1.5310822e-02;2.1250000e+02;3.3979438e-02;2.1250000e+02;5.7961859e-02;2.1250000e+02;8.4940374e-02;2.1250000e+02;1.1358834e-01;2.1250000e+02;1.3890752e-01;2.1250000e+02;1.5993889e-01;2.1250000e+02;1.7930967e-01;2.1250000e+02;2.0386209e-01;2.1250000e+02;2.2758830e-01;2.1250000e+02;2.3862495e-01;2.1250000e+02;2.2153927e-01;2.1250000e+02;1.8327041e-01;2.1250000e+02;1.3275301e-01;2.1250000e+02;8.1584260e-02;2.1250000e+02;3.4691215e-02;2.1250000e+02;-7.0990236e-03;2.1250000e+02;1.2616073e-03;2.1250000e+02;1.5310822e-02;2.1250000e+02;3.3979438e-02;2.1250000e+02;5.7961859e-02;2.1250000e+02;8.4940374e-02;2.1250000e+02;1.1358834e-01;2.1250000e+02;1.3890752e-01;2.1250000e+02;1.5993889e-01;2.1250000e+02;1.7930967e-01;2.1250000e+02;2.0386209e-01;2.1250000e+02;2.2758830e-01;2.1250000e+02;2.3862495e-01;2.1250000e+02;2.2153927e-01;2.1250000e+02;1.8327041e-01;2.1250000e+02;1.3275301e-01;2.1250000e+02;8.1584260e-02;2.1250000e+02;3.4691215e-02;2.1250000e+02;-7.0990236e-03;2.1250000e+02;1.2616073e-03;2.1250000e+02;1.5310822e-02;2.1250000e+02;3.3979438e-02;2.1250000e+02;5.7961859e-02;2.1250000e+02;8.4940374e-02;2.1250000e+02;1.1358834e-01;2.1250000e+02;1.3890752e-01;2.1250000e+02;1.5993889e-01;2.1250000e+02;1.7930967e-01;2.1250000e+02;2.0386209e-01;2.1250000e+02;2.2758830e-01;2.1250000e+02;2.3862495e-01;2.1250000e+02;2.2153927e-01;2.1250000e+02;1.8327041e-01;2.1250000e+02;1.3275301e-01;2.1250000e+02;8.1584260e-02;2.1250000e+02;3.4691215e-02;2.1250000e+02;-7.0990236e-03;2.1250000e+02;1.2616073e-03;2.1250000e+02;1.5310822e-02;2.1250000e+02;3.3979438e-02;2.1250000e+02;5.7961859e-02;2.1250000e+02;8.4940374e-02;2.1250000e+02;1.1358834e-01;2.1250000e+02;1.3890752e-01;2.1250000e+02;1.5993889e-01;2.1250000e+02;1.7930967e-01;2.1250000e+02;2.0386209e-01;2.1250000e+02;2.2758830e-01;2.1250000e+02;2.3862495e-01;2.1250000e+02;2.2153927e-01;2.1250000e+02;1.8327041e-01;2.1250000e+02;1.3275301e-01;2.1250000e+02;8.1584260e-02;2.1250000e+02;3.4691215e-02;2.1250000e+02;-7.0990236e-03;2.1250000e+02;1.2616073e-03;2.1250000e+02;1.5310822e-02;2.1250000e+02;3.3979438e-02;2.1250000e+02;5.7961859e-02;2.1250000e+02;8.4940374e-02;2.1250000e+02;1.1358834e-01;2.1250000e+02;1.3890752e-01;2.1250000e+02;1.5993889e-01;2.1250000e+02;1.7930967e-01;2.1250000e+02;2.0386209e-01;2.1250000e+02;2.2758830e-01;2.1250000e+02;2.3862495e-01;2.1250000e+02;2.2153927e-01;2.1250000e+02;1.8327041e-01;2.1250000e+02;1.3275301e-01;2.1250000e+02;8.1584260e-02;2.1250000e+02;3.4691215e-02;2.1250000e+02;-7.0990236e-03;2.1250000e+02;1.2616073e-03;2.1250000e+02;1.5310822e-02;2.1250000e+02;3.3979438e-02;2.1250000e+02;5.7961859e-02;2.1250000e+02;8.4940374e-02;2.1250000e+02;1.1358834e-01;2.1250000e+02;1.3890752e-01;2.1250000e+02;1.5993889e-01;2.1250000e+02;1.7930967e-01;2.1250000e+02;2.0386209e-01;2.1250000e+02;2.2758830e-01;2.1250000e+02;2.3862495e-01;2.1250000e+02;2.2153927e-01;2.1250000e+02;1.8327041e-01;2.1250000e+02;1.3275301e-01;2.1250000e+02;8.1584260e-02;2.1250000e+02;3.4691215e-02;2.1250000e+02;-7.0990236e-03;2.1250000e+02;1.2616073e-03;2.1250000e+02;1.5310822e-02;2.1250000e+02;3.3979438e-02;2.1250000e+02;5.7961859e-02;2.1250000e+02;8.4940374e-02;2.1250000e+02;1.1358834e-01;2.1250000e+02;1.3890752e-01;2.1250000e+02;1.5993889e-01;2.1250000e+02;1.7930967e-01;2.1250000e+02;2.0386209e-01;2.1250000e+02;2.2758830e-01;2.1250000e+02;2.3862495e-01;2.1250000e+02;2.2153927e-01;2.1250000e+02;1.8327041e-01;2.1250000e+02;1.3275301e-01;2.1250000e+02;8.1584260e-02;2.1250000e+02;3.4691215e-02;2.1250000e+02;-7.0990236e-03;2.1250000e+02;1.2616073e-03;2.1250000e+02;1.5310822e-02;2.1250000e+02;3.3979438e-02;2.1250000e+02;5.7961859e-02;2.1250000e+02;8.4940374e-02;2.1250000e+02;1.1358834e-01;2.1250000e+02;1.3890752e-01;2.1250000e+02;1.5993889e-01;2.1250000e+02;1.7930967e-01;2.1250000e+02;2.0386209e-01;2.1250000e+02;2.2758830e-01;2.1250000e+02;2.3862495e-01;2.1250000e+02;2.2153927e-01;2.1250000e+02;1.8327041e-01;2.1250000e+02;1.3275301e-01;2.1250000e+02;8.1584260e-02;2.1250000e+02;3.4691215e-02;2.1250000e+02;-7.0990236e-03;2.1250000e+02;1.2616073e-03;2.1250000e+02;1.5310822e-02;2.1250000e+02;3.3979438e-02;2.1250000e+02;5.7961859e-02;2.1250000e+02;8.4940374e-02;2.1250000e+02;1.1358834e-01;2.1250000e+02;1.3890752e-01;2.1250000e+02;1.5993889e-01;2.1250000e+02;1.7930967e-01;2.1250000e+02;2.0386209e-01;2.1250000e+02;2.2758830e-01;2.1250000e+02;2.3862495e-01;2.1250000e+02;2.2153927e-01;2.1250000e+02;1.8327041e-01;2.1250000e+02;1.3275301e-01;2.1250000e+02;8.1584260e-02;2.1250000e+02;3.4691215e-02;2.1250000e+02;-7.0990236e-03;2.1250000e+02;1.2616073e-03;2.1250000e+02;1.5310822e-02;2.1250000e+02;3.3979438e-02;2.1250000e+02;5.7961859e-02;2.1250000e+02;8.4940374e-02;2.1250000e+02;1.1358834e-01;2.1250000e+02;1.3890752e-01;2.1250000e+02;1.5993889e-01;2.1250000e+02;1.7930967e-01;2.1250000e+02;2.0386209e-01;2.1250000e+02;2.2758830e-01;2.1250000e+02;2.3862495e-01;2.1250000e+02;2.2153927e-01;2.1250000e+02;1.8327041e-01;2.1250000e+02;1.3275301e-01;2.1250000e+02;8.1584260e-02;2.1250000e+02;3.4691215e-02;2.1250000e+02;-7.0990236e-03;2.1250000e+02;1.2616073e-03;2.1250000e+02;1.5310822e-02;2.1250000e+02;3.3979438e-02;2.1250000e+02;5.7961859e-02;2.1250000e+02;8.4940374e-02;2.1250000e+02;1.1358834e-01;2.1250000e+02;1.3890752e-01;2.1250000e+02;1.5993889e-01;2.1250000e+02;1.7930967e-01;2.1250000e+02;2.0386209e-01;2.1250000e+02;2.2758830e-01;2.1250000e+02;2.3862495e-01;2.1250000e+02;2.2153927e-01;2.1250000e+02;1.8327041e-01;2.1250000e+02;1.3275301e-01;2.1250000e+02;8.1584260e-02;2.1250000e+02;3.4691215e-02;2.1250000e+02;-7.0990236e-03;2.1250000e+02;1.2616073e-03;2.1250000e+02;1.5310822e-02;2.1250000e+02;3.3979438e-02;2.1250000e+02;5.7961859e-02;2.1250000e+02;8.4940374e-02;2.1250000e+02;1.1358834e-01;2.1250000e+02;1.3890752e-01;2.1250000e+02;1.5993889e-01;2.1250000e+02;1.7930967e-01;2.1250000e+02;2.0386209e-01;2.1250000e+02;2.2758830e-01;2.1250000e+02;2.3862495e-01;2.1250000e+02;2.2153927e-01;2.1250000e+02;1.8327041e-01;2.1250000e+02;1.3275301e-01;2.1250000e+02;8.1584260e-02;2.1250000e+02;3.4691215e-02;2.1250000e+02;-7.0990236e-03;2.1250000e+02;1.2616073e-03;2.1250000e+02;1.5310822e-02;2.1250000e+02;3.3979438e-02;2.1250000e+02;5.7961859e-02;2.1250000e+02;8.4940374e-02;2.1250000e+02;1.1358834e-01;2.1250000e+02;1.3890752e-01;2.1250000e+02;1.5993889e-01;2.1250000e+02;1.7930967e-01;2.1250000e+02;2.0386209e-01;2.1250000e+02;2.2758830e-01;2.1250000e+02;2.3862495e-01;2.1250000e+02;2.2153927e-01;2.1250000e+02;1.8327041e-01;2.1250000e+02;1.3275301e-01;2.1250000e+02;8.1584260e-02;2.1250000e+02;3.4691215e-02;2.1250000e+02;-7.0990236e-03;2.1250000e+02;1.2616073e-03;2.1250000e+02;1.5310822e-02;2.1250000e+02;3.3979438e-02;2.1250000e+02;5.7961859e-02;2.1250000e+02;8.4940374e-02;2.1250000e+02;1.1358834e-01;2.1250000e+02;1.3890752e-01;2.1250000e+02;1.5993889e-01;2.1250000e+02;1.7930967e-01;2.1250000e+02;2.0386209e-01;2.1250000e+02;2.2758830e-01;2.1250000e+02;2.3862495e-01;2.1250000e+02;2.2153927e-01;2.1250000e+02;1.8327041e-01;2.1250000e+02;1.3275301e-01;2.1250000e+02;8.1584260e-02;2.1250000e+02;3.4691215e-02;2.1250000e+02;-7.0990236e-03;2.1250000e+02;1.2616073e-03;2.1250000e+02;1.5310822e-02;2.1250000e+02;3.3979438e-02;2.1250000e+02;5.7961859e-02;2.1250000e+02;8.4940374e-02;2.1250000e+02;1.1358834e-01;2.1250000e+02;1.3890752e-01;2.1250000e+02;1.5993889e-01;2.1250000e+02;1.7930967e-01;2.1250000e+02;2.0386209e-01;2.1250000e+02;2.2758830e-01;2.1250000e+02;2.3862495e-01;2.1250000e+02;2.2153927e-01;2.1250000e+02;1.8327041e-01;2.1250000e+02;1.3275301e-01;2.1250000e+02;8.1584260e-02;2.1250000e+02;3.4691215e-02;2.1250000e+02;-7.0990236e-03;2.1250000e+02;1.2616073e-03;2.1250000e+02;1.5310822e-02;2.1250000e+02;3.3979438e-02;2.1250000e+02;5.7961859e-02;2.1250000e+02;8.4940374e-02;2.1250000e+02;1.1358834e-01;2.1250000e+02;1.3890752e-01;2.1250000e+02;1.5993889e-01;2.1250000e+02;1.7930967e-01;2.1250000e+02;2.0386209e-01;2.1250000e+02;2.2758830e-01;2.1250000e+02;2.3862495e-01;2.1250000e+02;2.2153927e-01;2.1250000e+02;1.8327041e-01;2.1250000e+02;1.3275301e-01;2.1250000e+02;8.1584260e-02;2.1250000e+02;3.4691215e-02;2.1250000e+02;-7.0990236e-03;2.1250000e+02;1.2616073e-03;2.1250000e+02;1.5310822e-02;2.1250000e+02;3.3979438e-02;2.1250000e+02;5.7961859e-02;2.1250000e+02;8.4940374e-02;2.1250000e+02;1.1358834e-01;2.1250000e+02;1.3890752e-01;2.1250000e+02;1.5993889e-01;2.1250000e+02;1.7930967e-01;2.1250000e+02;2.0386209e-01;2.1250000e+02;2.2758830e-01;2.1250000e+02;2.3862495e-01;2.1250000e+02;2.2153927e-01;2.1250000e+02;1.8327041e-01;2.1250000e+02;1.3275301e-01;2.1250000e+02;8.1584260e-02;2.1250000e+02;3.4691215e-02;2.1250000e+02;-7.0990236e-03;2.1250000e+02;1.2616073e-03;2.1250000e+02;1.5310822e-02;2.1250000e+02;3.3979438e-02;2.1250000e+02;5.7961859e-02;2.1250000e+02;8.4940374e-02;2.1250000e+02;1.1358834e-01;2.1250000e+02;1.3890752e-01;2.1250000e+02;1.5993889e-01;2.1250000e+02;1.7930967e-01;2.1250000e+02;2.0386209e-01;2.1250000e+02;2.2758830e-01;2.1250000e+02;2.3862495e-01;2.1250000e+02;2.2153927e-01;2.1250000e+02;1.8327041e-01;2.1250000e+02;1.3275301e-01;2.1250000e+02;8.1584260e-02;2.1250000e+02;3.4691215e-02;2.1250000e+02;-7.0990236e-03;2.1250000e+02;1.2616073e-03;2.1250000e+02;1.5310822e-02;2.1250000e+02;3.3979438e-02;2.1250000e+02;5.7961859e-02;2.1250000e+02;8.4940374e-02;2.1250000e+02;1.1358834e-01;2.1250000e+02;1.3890752e-01;2.1250000e+02;1.5993889e-01;2.1250000e+02;1.7930967e-01;2.1250000e+02;2.0386209e-01;2.1250000e+02;2.2758830e-01;2.1250000e+02;2.3862495e-01;2.1250000e+02;2.2153927e-01;2.1250000e+02;1.8327041e-01;2.1250000e+02;1.3275301e-01;2.1250000e+02;8.1584260e-02;2.1250000e+02;3.4691215e-02;2.1250000e+02;-7.0990236e-03;2.1250000e+02;1.2616073e-03;2.1250000e+02;1.5310822e-02;2.1250000e+02;3.3979438e-02;2.1250000e+02;5.7961859e-02;2.1250000e+02;8.4940374e-02;2.1250000e+02;1.1358834e-01;2.1250000e+02;1.3890752e-01;2.1250000e+02;1.5993889e-01;2.1250000e+02;1.7930967e-01;2.1250000e+02;2.0386209e-01;2.1250000e+02;2.2758830e-01;2.1250000e+02;2.3862495e-01;2.1250000e+02;2.2153927e-01;2.1250000e+02;1.8327041e-01;2.1250000e+02;1.3275301e-01;2.1250000e+02;8.1584260e-02;2.1250000e+02;3.4691215e-02;2.1250000e+02;-7.0990236e-03;2.1250000e+02;1.2616073e-03;2.1250000e+02;1.5310822e-02;2.1250000e+02;3.3979438e-02;2.1250000e+02;5.7961859e-02;2.1250000e+02;8.4940374e-02;2.1250000e+02;1.1358834e-01;2.1250000e+02;1.3890752e-01;2.1250000e+02;1.5993889e-01;2.1250000e+02;1.7930967e-01;2.1250000e+02;2.0386209e-01;2.1250000e+02;2.2758830e-01;2.1250000e+02;2.3862495e-01;2.1250000e+02;2.2153927e-01;2.1250000e+02;1.8327041e-01;2.1250000e+02;1.3275301e-01;2.1250000e+02;8.1584260e-02;2.1250000e+02;3.4691215e-02;2.1250000e+02;-7.0990236e-03;2.1250000e+02;1.2616073e-03;2.1250000e+02;1.5310822e-02;2.1250000e+02;3.3979438e-02;2.1250000e+02;5.7961859e-02;2.1250000e+02;8.4940374e-02;2.1250000e+02;1.1358834e-01;2.1250000e+02;1.3890752e-01;2.1250000e+02;1.5993889e-01;2.1250000e+02;1.7930967e-01;2.1250000e+02;2.0386209e-01;2.1250000e+02;2.2758830e-01;2.1250000e+02;2.3862495e-01;2.1250000e+02;2.2153927e-01;2.1250000e+02;1.8327041e-01;2.1250000e+02;1.3275301e-01;2.1250000e+02;8.1584260e-02;2.1250000e+02;3.4691215e-02;2.1250000e+02;-7.0990236e-03;2.1250000e+02;1.2616073e-03;2.1250000e+02;1.5310822e-02;2.1250000e+02;3.3979438e-02;2.1250000e+02;5.7961859e-02;2.1250000e+02;8.4940374e-02;2.1250000e+02;1.1358834e-01;2.1250000e+02;1.3890752e-01;2.1250000e+02;1.5993889e-01;2.1250000e+02;1.7930967e-01;2.1250000e+02;2.0386209e-01;2.1250000e+02;2.2758830e-01;2.1250000e+02;2.3862495e-01;2.1250000e+02;2.2153927e-01;2.1250000e+02;1.8327041e-01;2.1250000e+02;1.3275301e-01;2.1250000e+02;8.1584260e-02;2.1250000e+02;3.4691215e-02;2.1250000e+02;-7.0990236e-03;2.1250000e+02;1.2616073e-03;2.1250000e+02;1.5310822e-02;2.1250000e+02;3.3979438e-02;2.1250000e+02;5.7961859e-02;2.1250000e+02;8.4940374e-02;2.1250000e+02;1.1358834e-01;2.1250000e+02;1.3890752e-01;2.1250000e+02;1.5993889e-01;2.1250000e+02;1.7930967e-01;2.1250000e+02;2.0386209e-01;2.1250000e+02;2.2758830e-01;2.1250000e+02;2.3862495e-01;2.1250000e+02;2.2153927e-01;2.1250000e+02;1.8327041e-01;2.1250000e+02;1.3275301e-01;2.1250000e+02;8.1584260e-02;2.1250000e+02;3.4691215e-02;2.1250000e+02;-7.0990236e-03;2.1250000e+02;1.2616073e-03;2.1250000e+02;1.5310822e-02;2.1250000e+02;3.3979438e-02;2.1250000e+02;5.7961859e-02;2.1250000e+02;8.4940374e-02;2.1250000e+02;1.1358834e-01;2.1250000e+02;1.3890752e-01;2.1250000e+02;1.5993889e-01;2.1250000e+02;1.7930967e-01;2.1250000e+02;2.0386209e-01;2.1250000e+02;2.2758830e-01;2.1250000e+02;2.3862495e-01;2.1250000e+02;2.2153927e-01;2.1250000e+02;1.8327041e-01;2.1250000e+02;1.3275301e-01;2.1250000e+02;8.1584260e-02;2.1250000e+02;3.4691215e-02;2.1250000e+02;-7.0990236e-03;2.1250000e+02;1.2616073e-03;2.1250000e+02;1.5310822e-02;2.1250000e+02;3.3979438e-02;2.1250000e+02;5.7961859e-02;2.1250000e+02;8.4940374e-02;2.1250000e+02;1.1358834e-01;2.1250000e+02;1.3890752e-01;2.1250000e+02;1.5993889e-01;2.1250000e+02;1.7930967e-01;2.1250000e+02;2.0386209e-01;2.1250000e+02;2.2758830e-01;2.1250000e+02;2.3862495e-01;2.1250000e+02;2.2153927e-01;2.1250000e+02;1.8327041e-01;2.1250000e+02;1.3275301e-01;2.1250000e+02;8.1584260e-02;2.1250000e+02;3.4691215e-02;2.1250000e+02;-7.0990236e-03;2.1250000e+02;1.2616073e-03;2.1250000e+02;1.5310822e-02;2.1250000e+02;3.3979438e-02;2.1250000e+02;5.7961859e-02;2.1250000e+02;8.4940374e-02;2.1250000e+02;1.1358834e-01;2.1250000e+02;1.3890752e-01;2.1250000e+02;1.5993889e-01;2.1250000e+02;1.7930967e-01;2.1250000e+02;2.0386209e-01;2.1250000e+02;2.2758830e-01;2.1250000e+02;2.3862495e-01;2.1250000e+02;2.2153927e-01;2.1250000e+02;1.8327041e-01;2.1250000e+02;1.3275301e-01;2.1250000e+02;8.1584260e-02;2.1250000e+02;3.4691215e-02;2.1250000e+02;-7.0990236e-03;2.1250000e+02;1.2616073e-03;2.1250000e+02;1.5310822e-02;2.1250000e+02;3.3979438e-02;2.1250000e+02;5.7961859e-02;2.1250000e+02;8.4940374e-02;2.1250000e+02;1.1358834e-01;2.1250000e+02;1.3890752e-01;2.1250000e+02;1.5993889e-01;2.1250000e+02;1.7930967e-01;2.1250000e+02;2.0386209e-01;2.1250000e+02;2.2758830e-01;2.1250000e+02;2.3862495e-01;2.1250000e+02;2.2153927e-01;2.1250000e+02;1.8327041e-01;2.1250000e+02;1.3275301e-01;2.1250000e+02;8.1584260e-02;2.1250000e+02;3.4691215e-02;2.1250000e+02;-7.0990236e-03;2.1250000e+02;1.2616073e-03;2.1250000e+02;1.5310822e-02;2.1250000e+02;3.3979438e-02;2.1250000e+02;5.7961859e-02;2.1250000e+02;8.4940374e-02;2.1250000e+02;1.1358834e-01;2.1250000e+02;1.3890752e-01;2.1250000e+02;1.5993889e-01;2.1250000e+02;1.7930967e-01;2.1250000e+02;2.0386209e-01;2.1250000e+02;2.2758830e-01;2.1250000e+02;2.3862495e-01;2.1250000e+02;2.2153927e-01;2.1250000e+02;1.8327041e-01;2.1250000e+02;1.3275301e-01;2.1250000e+02;8.1584260e-02;2.1250000e+02;3.4691215e-02;2.1250000e+02;-7.0990236e-03;2.1250000e+02;1.2616073e-03;2.1250000e+02;1.5310822e-02;2.1250000e+02;3.3979438e-02;2.1250000e+02;5.7961859e-02;2.1250000e+02;8.4940374e-02;2.1250000e+02;1.1358834e-01;2.1250000e+02;1.3890752e-01;2.1250000e+02;1.5993889e-01;2.1250000e+02;1.7930967e-01;2.1250000e+02;2.0386209e-01;2.1250000e+02;2.2758830e-01;2.1250000e+02;2.3862495e-01;2.1250000e+02;2.2153927e-01;2.1250000e+02;1.8327041e-01;2.1250000e+02;1.3275301e-01;2.1250000e+02;8.1584260e-02;2.1250000e+02;3.4691215e-02;2.1250000e+02;-7.0990236e-03;2.1250000e+02;1.2616073e-03;2.1250000e+02;1.5310822e-02;2.1250000e+02;3.3979438e-02;2.1250000e+02;5.7961859e-02;2.1250000e+02;8.4940374e-02;2.1250000e+02;1.1358834e-01;2.1250000e+02;1.3890752e-01;2.1250000e+02;1.5993889e-01;2.1250000e+02;1.7930967e-01;2.1250000e+02;2.0386209e-01;2.1250000e+02;2.2758830e-01;2.1250000e+02;2.3862495e-01;2.1250000e+02;2.2153927e-01;2.1250000e+02;1.8327041e-01;2.1250000e+02;1.3275301e-01;2.1250000e+02;8.1584260e-02;2.1250000e+02;3.4691215e-02;2.1250000e+02;-7.0990236e-03;2.1250000e+02;1.2616073e-03;2.1250000e+02;1.5310822e-02;2.1250000e+02;3.3979438e-02;2.1250000e+02;5.7961859e-02;2.1250000e+02;8.4940374e-02;2.1250000e+02;1.1358834e-01;2.1250000e+02;1.3890752e-01;2.1250000e+02;1.5993889e-01;2.1250000e+02;1.7930967e-01;2.1250000e+02;2.0386209e-01;2.1250000e+02;2.2758830e-01;2.1250000e+02;2.3862495e-01;2.1250000e+02;2.2153927e-01;2.1250000e+02;1.8327041e-01;2.1250000e+02;1.3275301e-01;2.1250000e+02;8.1584260e-02;2.1250000e+02;3.4691215e-02;2.1250000e+02;-7.0990236e-03;2.1250000e+02;1.2616073e-03;2.1250000e+02;1.5310822e-02;2.1250000e+02;3.3979438e-02;2.1250000e+02;5.7961859e-02;2.1250000e+02;8.4940374e-02;2.1250000e+02;1.1358834e-01;2.1250000e+02;1.3890752e-01;2.1250000e+02;1.5993889e-01;2.1250000e+02;1.7930967e-01;2.1250000e+02;2.0386209e-01;2.1250000e+02;2.2758830e-01;2.1250000e+02;2.3862495e-01;2.1250000e+02;2.2153927e-01;2.1250000e+02;1.8327041e-01;2.1250000e+02;1.3275301e-01;2.1250000e+02;8.1584260e-02;2.1250000e+02;3.4691215e-02;2.1250000e+02;-7.0990236e-03;2.1250000e+02;1.2616073e-03;2.1250000e+02;1.5310822e-02;2.1250000e+02;3.3979438e-02;2.1250000e+02;5.7961859e-02;2.1250000e+02;8.4940374e-02;2.1250000e+02;1.1358834e-01;2.1250000e+02;1.3890752e-01;2.1250000e+02;1.5993889e-01;2.1250000e+02;1.7930967e-01;2.1250000e+02;2.0386209e-01;2.1250000e+02;2.2758830e-01;2.1250000e+02;2.3862495e-01;2.1250000e+02;2.2153927e-01;2.1250000e+02;1.8327041e-01;2.1250000e+02;1.3275301e-01;2.1250000e+02;8.1584260e-02;2.1250000e+02;3.4691215e-02;2.1250000e+02;-7.0990236e-03;2.1250000e+02;1.2616073e-03;2.1250000e+02;1.5310822e-02;2.1250000e+02;3.3979438e-02;2.1250000e+02;5.7961859e-02;2.1250000e+02;8.4940374e-02;2.1250000e+02;1.1358834e-01;2.1250000e+02;1.3890752e-01;2.1250000e+02;1.5993889e-01;2.1250000e+02;1.7930967e-01;2.1250000e+02;2.0386209e-01;2.1250000e+02;2.2758830e-01;2.1250000e+02;2.3862495e-01;2.1250000e+02;2.2153927e-01;2.1250000e+02;1.8327041e-01;2.1250000e+02;1.3275301e-01;2.1250000e+02;8.1584260e-02;2.1250000e+02;3.4691215e-02;2.1250000e+02;-7.0990236e-03;2.1250000e+02;1.2616073e-03;2.1250000e+02;1.5310822e-02;2.1250000e+02;3.3979438e-02;2.1250000e+02;5.7961859e-02;2.1250000e+02;8.4940374e-02;2.1250000e+02;1.1358834e-01;2.1250000e+02;1.3890752e-01;2.1250000e+02;1.5993889e-01;2.1250000e+02;1.7930967e-01;2.1250000e+02;2.0386209e-01;2.1250000e+02;2.2758830e-01;2.1250000e+02;2.3862495e-01;2.1250000e+02;2.2153927e-01;2.1250000e+02;1.8327041e-01;2.1250000e+02;1.3275301e-01;2.1250000e+02;8.1584260e-02;2.1250000e+02;3.4691215e-02;2.1250000e+02;-7.0990236e-03;2.1250000e+02;1.2616073e-03;2.1250000e+02;1.5310822e-02;2.1250000e+02;3.3979438e-02;2.1250000e+02;5.7961859e-02;2.1250000e+02;8.4940374e-02;2.1250000e+02;1.1358834e-01;2.1250000e+02;1.3890752e-01;2.1250000e+02;1.5993889e-01;2.1250000e+02;1.7930967e-01;2.1250000e+02;2.0386209e-01;2.1250000e+02;2.2758830e-01;2.1250000e+02;2.3862495e-01;2.1250000e+02;2.2153927e-01;2.1250000e+02;1.8327041e-01;2.1250000e+02;1.3275301e-01;2.1250000e+02;8.1584260e-02;2.1250000e+02;3.4691215e-02;2.1250000e+02;-7.0990236e-03;2.1250000e+02;1.2616073e-03;2.1250000e+02;1.5310822e-02;2.1250000e+02;3.3979438e-02;2.1250000e+02;5.7961859e-02;2.1250000e+02;8.4940374e-02;2.1250000e+02;1.1358834e-01;2.1250000e+02;1.3890752e-01;2.1250000e+02;1.5993889e-01;2.1250000e+02;1.7930967e-01;2.1250000e+02;2.0386209e-01;2.1250000e+02;2.2758830e-01;2.1250000e+02;2.3862495e-01;2.1250000e+02;2.2153927e-01;2.1250000e+02;1.8327041e-01;2.1250000e+02;1.3275301e-01;2.1250000e+02;8.1584260e-02;2.1250000e+02;3.4691215e-02;2.1250000e+02;-7.0990236e-03;2.1250000e+02;1.2616073e-03;2.1250000e+02;1.5310822e-02;2.1250000e+02;3.3979438e-02;2.1250000e+02;5.7961859e-02;2.1250000e+02;8.4940374e-02;2.1250000e+02;1.1358834e-01;2.1250000e+02;1.3890752e-01;2.1250000e+02;1.5993889e-01;2.1250000e+02;1.7930967e-01;2.1250000e+02;2.0386209e-01;2.1250000e+02;2.2758830e-01;2.1250000e+02;2.3862495e-01;2.1250000e+02;2.2153927e-01;2.1250000e+02;1.8327041e-01;2.1250000e+02;1.3275301e-01;2.1250000e+02;8.1584260e-02;2.1250000e+02;3.4691215e-02;2.1250000e+02;-7.0990236e-03;2.1250000e+02;1.2616073e-03;2.1250000e+02;1.5310822e-02;2.1250000e+02;3.3979438e-02;2.1250000e+02;5.7961859e-02;2.1250000e+02;8.4940374e-02;2.1250000e+02;1.1358834e-01;2.1250000e+02;1.3890752e-01;2.1250000e+02;1.5993889e-01;2.1250000e+02;1.7930967e-01;2.1250000e+02;2.0386209e-01;2.1250000e+02;2.2758830e-01;2.1250000e+02;2.3862495e-01;2.1250000e+02;2.2153927e-01;2.1250000e+02;1.8327041e-01;2.1250000e+02;1.3275301e-01;2.1250000e+02;8.1584260e-02;2.1250000e+02;3.4691215e-02;2.1250000e+02;-7.0990236e-03;2.1250000e+02;1.2616073e-03;2.1250000e+02;1.5310822e-02;2.1250000e+02;3.3979438e-02;2.1250000e+02;5.7961859e-02;2.1250000e+02;8.4940374e-02;2.1250000e+02;1.1358834e-01;2.1250000e+02;1.3890752e-01;2.1250000e+02;1.5993889e-01;2.1250000e+02;1.7930967e-01;2.1250000e+02;2.0386209e-01;2.1250000e+02;2.2758830e-01;2.1250000e+02;2.3862495e-01;2.1250000e+02;2.2153927e-01;2.1250000e+02;1.8327041e-01;2.1250000e+02;1.3275301e-01;2.1250000e+02;8.1584260e-02;2.1250000e+02;3.4691215e-02;2.1250000e+02;-7.0990236e-03;2.1250000e+02;1.2616073e-03;2.1250000e+02;1.5310822e-02;2.1250000e+02;3.3979438e-02;2.1250000e+02;5.7961859e-02;2.1250000e+02;8.4940374e-02;2.1250000e+02;1.1358834e-01;2.1250000e+02;1.3890752e-01;2.1250000e+02;1.5993889e-01;2.1250000e+02;1.7930967e-01;2.1250000e+02;2.0386209e-01;2.1250000e+02;2.2758830e-01;2.1250000e+02;2.3862495e-01;2.1250000e+02;2.2153927e-01;2.1250000e+02;1.8327041e-01;2.1250000e+02;1.3275301e-01;2.1250000e+02;8.1584260e-02;2.1250000e+02;3.4691215e-02;2.1250000e+02;-7.0990236e-03;2.1250000e+02;1.2616073e-03;2.1250000e+02;1.5310822e-02;2.1250000e+02;3.3979438e-02;2.1250000e+02;5.7961859e-02;2.1250000e+02;8.4940374e-02;2.1250000e+02;1.1358834e-01;2.1250000e+02;1.3890752e-01;2.1250000e+02;1.5993889e-01;2.1250000e+02;1.7930967e-01;2.1250000e+02;2.0386209e-01;2.1250000e+02;2.2758830e-01;2.1250000e+02;2.3862495e-01;2.1250000e+02;2.2153927e-01;2.1250000e+02;1.8327041e-01;2.1250000e+02;1.3275301e-01;2.1250000e+02;8.1584260e-02;2.1250000e+02;3.4691215e-02;2.1250000e+02;-7.0990236e-03;2.1250000e+02;1.2616073e-03;2.1250000e+02;1.5310822e-02;2.1250000e+02;3.3979438e-02;2.1250000e+02;5.7961859e-02;2.1250000e+02;8.4940374e-02;2.1250000e+02;1.1358834e-01;2.1250000e+02;1.3890752e-01;2.1250000e+02;1.5993889e-01;2.1250000e+02;1.7930967e-01;2.1250000e+02;2.0386209e-01;2.1250000e+02;2.2758830e-01;2.1250000e+02;2.3862495e-01;2.1250000e+02;2.2153927e-01;2.1250000e+02;1.8327041e-01;2.1250000e+02;1.3275301e-01;2.1250000e+02;8.1584260e-02;2.1250000e+02;3.4691215e-02;2.1250000e+02;-7.0990236e-03;2.1250000e+02;1.2616073e-03;2.1250000e+02;1.5310822e-02;2.1250000e+02;3.3979438e-02;2.1250000e+02;5.7961859e-02;2.1250000e+02;8.4940374e-02;2.1250000e+02;1.1358834e-01;2.1250000e+02;1.3890752e-01;2.1250000e+02;1.5993889e-01;2.1250000e+02;1.7930967e-01;2.1250000e+02;2.0386209e-01;2.1250000e+02;2.2758830e-01;2.1250000e+02;2.3862495e-01;2.1250000e+02;2.2153927e-01;2.1250000e+02;1.8327041e-01;2.1250000e+02;1.3275301e-01;2.1250000e+02;8.1584260e-02;2.1250000e+02;3.4691215e-02;2.1250000e+02;-7.0990236e-03;2.1250000e+02;1.2616073e-03;2.1250000e+02;1.5310822e-02;2.1250000e+02;3.3979438e-02;2.1250000e+02;5.7961859e-02;2.1250000e+02;8.4940374e-02;2.1250000e+02;1.1358834e-01;2.1250000e+02;1.3890752e-01;2.1250000e+02;1.5993889e-01;2.1250000e+02;1.7930967e-01;2.1250000e+02;2.0386209e-01;2.1250000e+02;2.2758830e-01;2.1250000e+02;2.3862495e-01;2.1250000e+02;2.2153927e-01;2.1250000e+02;1.8327041e-01;2.1250000e+02;1.3275301e-01;2.1250000e+02;8.1584260e-02;2.1250000e+02;3.4691215e-02;2.1250000e+02;-7.0990236e-03;2.1250000e+02;1.2616073e-03;2.1250000e+02;1.5310822e-02;2.1250000e+02;3.3979438e-02;2.1250000e+02;5.7961859e-02;2.1250000e+02;8.4940374e-02;2.1250000e+02;1.1358834e-01;2.1250000e+02;1.3890752e-01;2.1250000e+02;1.5993889e-01;2.1250000e+02;1.7930967e-01;2.1250000e+02;2.0386209e-01;2.1250000e+02;2.2758830e-01;2.1250000e+02;2.3862495e-01;2.1250000e+02;2.2153927e-01;2.1250000e+02;1.8327041e-01;2.1250000e+02;1.3275301e-01;2.1250000e+02;8.1584260e-02;2.1250000e+02;3.4691215e-02;2.1250000e+02;-7.0990236e-03;2.1250000e+02;1.2616073e-03;2.1250000e+02;1.5310822e-02;2.1250000e+02;3.3979438e-02;2.1250000e+02;5.7961859e-02;2.1250000e+02;8.4940374e-02;2.1250000e+02;1.1358834e-01;2.1250000e+02;1.3890752e-01;2.1250000e+02;1.5993889e-01;2.1250000e+02;1.7930967e-01;2.1250000e+02;2.0386209e-01;2.1250000e+02;2.2758830e-01;2.1250000e+02;2.3862495e-01;2.1250000e+02;2.2153927e-01;2.1250000e+02;1.8327041e-01;2.1250000e+02;1.3275301e-01;2.1250000e+02;8.1584260e-02;2.1250000e+02;3.4691215e-02;2.1250000e+02;-7.0990236e-03;2.1250000e+02;1.2616073e-03;2.1250000e+02;1.5310822e-02;2.1250000e+02;3.3979438e-02;2.1250000e+02;5.7961859e-02;2.1250000e+02;8.4940374e-02;2.1250000e+02;1.1358834e-01;2.1250000e+02;1.3890752e-01;2.1250000e+02;1.5993889e-01;2.1250000e+02;1.7930967e-01;2.1250000e+02;2.0386209e-01;2.1250000e+02;2.2758830e-01;2.1250000e+02;2.3862495e-01;2.1250000e+02;2.2153927e-01;2.1250000e+02;1.8327041e-01;2.1250000e+02;1.3275301e-01;2.1250000e+02;8.1584260e-02;2.1250000e+02;3.4691215e-02;2.1250000e+02;-7.0990236e-03;2.1250000e+02;1.2616073e-03;2.1250000e+02;1.5310822e-02;2.1250000e+02;3.3979438e-02;2.1250000e+02;5.7961859e-02;2.1250000e+02;8.4940374e-02;2.1250000e+02;1.1358834e-01;2.1250000e+02;1.3890752e-01;2.1250000e+02;1.5993889e-01;2.1250000e+02;1.7930967e-01;2.1250000e+02;2.0386209e-01;2.1250000e+02;2.2758830e-01;2.1250000e+02;2.3862495e-01;2.1250000e+02;2.2153927e-01;2.1250000e+02;1.8327041e-01;2.1250000e+02;1.3275301e-01;2.1250000e+02;8.1584260e-02;2.1250000e+02;3.4691215e-02;2.1250000e+02;-7.0990236e-03;2.1250000e+02;1.2616073e-03;2.1250000e+02;1.5310822e-02;2.1250000e+02;3.3979438e-02;2.1250000e+02;5.7961859e-02;2.1250000e+02;8.4940374e-02;2.1250000e+02;1.1358834e-01;2.1250000e+02;1.3890752e-01;2.1250000e+02;1.5993889e-01;2.1250000e+02;1.7930967e-01;2.1250000e+02;2.0386209e-01;2.1250000e+02;2.2758830e-01;2.1250000e+02;2.3862495e-01;2.1250000e+02;2.2153927e-01;2.1250000e+02;1.8327041e-01;2.1250000e+02;1.3275301e-01;2.1250000e+02;8.1584260e-02;2.1250000e+02;3.4691215e-02;2.1250000e+02;-7.0990236e-03;2.1250000e+02;1.2616073e-03;2.1250000e+02;1.5310822e-02;2.1250000e+02;3.3979438e-02;2.1250000e+02;5.7961859e-02;2.1250000e+02;8.4940374e-02;2.1250000e+02;1.1358834e-01;2.1250000e+02;1.3890752e-01;2.1250000e+02;1.5993889e-01;2.1250000e+02;1.7930967e-01;2.1250000e+02;2.0386209e-01;2.1250000e+02;2.2758830e-01;2.1250000e+02;2.3862495e-01;2.1250000e+02;2.2153927e-01;2.1250000e+02;1.8327041e-01;2.1250000e+02;1.3275301e-01;2.1250000e+02;8.1584260e-02;2.1250000e+02;3.4691215e-02;2.1250000e+02;-7.0990236e-03;2.1250000e+02;1.2616073e-03;2.1250000e+02;1.5310822e-02;2.1250000e+02;3.3979438e-02;2.1250000e+02;5.7961859e-02;2.1250000e+02;8.4940374e-02;2.1250000e+02;1.1358834e-01;2.1250000e+02;1.3890752e-01;2.1250000e+02;1.5993889e-01;2.1250000e+02;1.7930967e-01;2.1250000e+02;2.0386209e-01;2.1250000e+02;2.2758830e-01;2.1250000e+02;2.3862495e-01;2.1250000e+02;2.2153927e-01;2.1250000e+02;1.8327041e-01;2.1250000e+02;1.3275301e-01;2.1250000e+02;8.1584260e-02;2.1250000e+02;3.4691215e-02;2.1250000e+02;-7.0990236e-03;2.1250000e+02;1.2616073e-03;2.1250000e+02;1.5310822e-02;2.1250000e+02;3.3979438e-02;2.1250000e+02;5.7961859e-02;2.1250000e+02;8.4940374e-02;2.1250000e+02;1.1358834e-01;2.1250000e+02;1.3890752e-01;2.1250000e+02;1.5993889e-01;2.1250000e+02;1.7930967e-01;2.1250000e+02;2.0386209e-01;2.1250000e+02;2.2758830e-01;2.1250000e+02;2.3862495e-01;2.1250000e+02;2.2153927e-01;2.1250000e+02;1.8327041e-01;2.1250000e+02;1.3275301e-01;2.1250000e+02;8.1584260e-02;2.1250000e+02;3.4691215e-02;2.1250000e+02;-7.0990236e-03;2.1250000e+02;1.2616073e-03;2.1250000e+02;1.5310822e-02;2.1250000e+02;3.3979438e-02;2.1250000e+02;5.7961859e-02;2.1250000e+02;8.4940374e-02;2.1250000e+02;1.1358834e-01;2.1250000e+02;1.3890752e-01;2.1250000e+02;1.5993889e-01;2.1250000e+02;1.7930967e-01;2.1250000e+02;2.0386209e-01;2.1250000e+02;2.2758830e-01;2.1250000e+02;2.3862495e-01;2.1250000e+02;2.2153927e-01;2.1250000e+02;1.8327041e-01;2.1250000e+02;1.3275301e-01;2.1250000e+02;8.1584260e-02;2.1250000e+02;3.4691215e-02;2.1250000e+02;-7.0990236e-03;2.1250000e+02;1.2616073e-03;2.1250000e+02;1.5310822e-02;2.1250000e+02;3.3979438e-02;2.1250000e+02;5.7961859e-02;2.1250000e+02;8.4940374e-02;2.1250000e+02;1.1358834e-01;2.1250000e+02;1.3890752e-01;2.1250000e+02;1.5993889e-01;2.1250000e+02;1.7930967e-01;2.1250000e+02;2.0386209e-01;2.1250000e+02;2.2758830e-01;2.1250000e+02;2.3862495e-01;2.1250000e+02;2.2153927e-01;2.1250000e+02;1.8327041e-01;2.1250000e+02;1.3275301e-01;2.1250000e+02;8.1584260e-02;2.1250000e+02;3.4691215e-02;2.1250000e+02;-7.0990236e-03;2.1250000e+02;1.2616073e-03;2.1250000e+02;1.5310822e-02;2.1250000e+02;3.3979438e-02;2.1250000e+02;5.7961859e-02;2.1250000e+02;8.4940374e-02;2.1250000e+02;1.1358834e-01;2.1250000e+02;1.3890752e-01;2.1250000e+02;1.5993889e-01;2.1250000e+02;1.7930967e-01;2.1250000e+02;2.0386209e-01;2.1250000e+02;2.2758830e-01;2.1250000e+02;2.3862495e-01;2.1250000e+02;2.2153927e-01;2.1250000e+02;1.8327041e-01;2.1250000e+02;1.3275301e-01;2.1250000e+02;8.1584260e-02;2.1250000e+02;3.4691215e-02;2.1250000e+02;-7.0990236e-03;2.1250000e+02;1.2616073e-03;2.1250000e+02;1.5310822e-02;2.1250000e+02;3.3979438e-02;2.1250000e+02;5.7961859e-02;2.1250000e+02;8.4940374e-02;2.1250000e+02;1.1358834e-01;2.1250000e+02;1.3890752e-01;2.1250000e+02;1.5993889e-01;2.1250000e+02;1.7930967e-01;2.1250000e+02;2.0386209e-01;2.1250000e+02;2.2758830e-01;2.1250000e+02;2.3862495e-01;2.1250000e+02;2.2153927e-01;2.1250000e+02;1.8327041e-01;2.1250000e+02;1.3275301e-01;2.1250000e+02;8.1584260e-02;2.1250000e+02;3.4691215e-02;2.1250000e+02;-7.0990236e-03;2.1250000e+02;1.2616073e-03;2.1250000e+02;1.5310822e-02;2.1250000e+02;3.3979438e-02;2.1250000e+02;5.7961859e-02;2.1250000e+02;8.4940374e-02;2.1250000e+02;1.1358834e-01;2.1250000e+02;1.3890752e-01;2.1250000e+02;1.5993889e-01;2.1250000e+02;1.7930967e-01;2.1250000e+02;2.0386209e-01;2.1250000e+02;2.2758830e-01;2.1250000e+02;2.3862495e-01;2.1250000e+02;2.2153927e-01;2.1250000e+02;1.8327041e-01;2.1250000e+02;1.3275301e-01;2.1250000e+02;8.1584260e-02;2.1250000e+02;3.4691215e-02;2.1250000e+02;-7.0990236e-03;2.1250000e+02;1.2616073e-03;2.1250000e+02;1.5310822e-02;2.1250000e+02;3.3979438e-02;2.1250000e+02;5.7961859e-02;2.1250000e+02;8.4940374e-02;2.1250000e+02;1.1358834e-01;2.1250000e+02;1.3890752e-01;2.1250000e+02;1.5993889e-01;2.1250000e+02;1.7930967e-01;2.1250000e+02;2.0386209e-01;2.1250000e+02;2.2758830e-01;2.1250000e+02;2.3862495e-01;2.1250000e+02;2.2153927e-01;2.1250000e+02;1.8327041e-01;2.1250000e+02;1.3275301e-01;2.1250000e+02;8.1584260e-02;2.1250000e+02;3.4691215e-02;2.1250000e+02;-7.0990236e-03;2.1250000e+02;1.2616073e-03;2.1250000e+02;1.5310822e-02;2.1250000e+02;3.3979438e-02;2.1250000e+02;5.7961859e-02;2.1250000e+02;8.4940374e-02;2.1250000e+02;1.1358834e-01;2.1250000e+02;1.3890752e-01;2.1250000e+02;1.5993889e-01;2.1250000e+02;1.7930967e-01;2.1250000e+02;2.0386209e-01;2.1250000e+02;2.2758830e-01;2.1250000e+02;2.3862495e-01;2.1250000e+02;2.2153927e-01;2.1250000e+02;1.8327041e-01;2.1250000e+02;1.3275301e-01;2.1250000e+02;8.1584260e-02;2.1250000e+02;3.4691215e-02;2.1250000e+02;-7.0990236e-03;2.1250000e+02;1.2616073e-03;2.1250000e+02;1.5310822e-02;2.1250000e+02;3.3979438e-02;2.1250000e+02;5.7961859e-02;2.1250000e+02;8.4940374e-02;2.1250000e+02;1.1358834e-01;2.1250000e+02;1.3890752e-01;2.1250000e+02;1.5993889e-01;2.1250000e+02;1.7930967e-01;2.1250000e+02;2.0386209e-01;2.1250000e+02;2.2758830e-01;2.1250000e+02;2.3862495e-01;2.1250000e+02;2.2153927e-01;2.1250000e+02;1.8327041e-01;2.1250000e+02;1.3275301e-01;2.1250000e+02;8.1584260e-02;2.1250000e+02;3.4691215e-02;2.1250000e+02;-7.0990236e-03;2.1250000e+02;1.2616073e-03;2.1250000e+02;1.5310822e-02;2.1250000e+02;3.3979438e-02;2.1250000e+02;5.7961859e-02;2.1250000e+02;8.4940374e-02;2.1250000e+02;1.1358834e-01;2.1250000e+02;1.3890752e-01;2.1250000e+02;1.5993889e-01;2.1250000e+02;1.7930967e-01;2.1250000e+02;2.0386209e-01;2.1250000e+02;2.2758830e-01;2.1250000e+02;2.3862495e-01;2.1250000e+02;2.2153927e-01;2.1250000e+02;1.8327041e-01;2.1250000e+02;1.3275301e-01;2.1250000e+02;8.1584260e-02;2.1250000e+02;3.4691215e-02;2.1250000e+02;-7.0990236e-03;2.1250000e+02;1.2616073e-03;2.1250000e+02;1.5310822e-02;2.1250000e+02;3.3979438e-02;2.1250000e+02;5.7961859e-02;2.1250000e+02;8.4940374e-02;2.1250000e+02;1.1358834e-01;2.1250000e+02;1.3890752e-01;2.1250000e+02;1.5993889e-01;2.1250000e+02;1.7930967e-01;2.1250000e+02;2.0386209e-01;2.1250000e+02;2.2758830e-01;2.1250000e+02;2.3862495e-01;2.1250000e+02;2.2153927e-01;2.1250000e+02;1.8327041e-01;2.1250000e+02;1.3275301e-01;2.1250000e+02;8.1584260e-02;2.1250000e+02;3.4691215e-02;2.1250000e+02;-7.0990236e-03;2.1250000e+02;1.2616073e-03;2.1250000e+02;1.5310822e-02;2.1250000e+02;3.3979438e-02;2.1250000e+02;5.7961859e-02;2.1250000e+02;8.4940374e-02;2.1250000e+02;1.1358834e-01;2.1250000e+02;1.3890752e-01;2.1250000e+02;1.5993889e-01;2.1250000e+02;1.7930967e-01;2.1250000e+02;2.0386209e-01;2.1250000e+02;2.2758830e-01;2.1250000e+02;2.3862495e-01;2.1250000e+02;2.2153927e-01;2.1250000e+02;1.8327041e-01;2.1250000e+02;1.3275301e-01;2.1250000e+02;8.1584260e-02;2.1250000e+02;3.4691215e-02;2.1250000e+02;-7.0990236e-03;2.1250000e+02;1.2616073e-03;2.1250000e+02;1.5310822e-02;2.1250000e+02;3.3979438e-02;2.1250000e+02;5.7961859e-02;2.1250000e+02;8.4940374e-02;2.1250000e+02;1.1358834e-01;2.1250000e+02;1.3890752e-01;2.1250000e+02;1.5993889e-01;2.1250000e+02;1.7930967e-01;2.1250000e+02;2.0386209e-01;2.1250000e+02;2.2758830e-01;2.1250000e+02;2.3862495e-01;2.1250000e+02;2.2153927e-01;2.1250000e+02;1.8327041e-01;2.1250000e+02;1.3275301e-01;2.1250000e+02;8.1584260e-02;2.1250000e+02;3.4691215e-02;2.1250000e+02;-7.0990236e-03;2.1250000e+02;1.2616073e-03;2.1250000e+02;1.5310822e-02;2.1250000e+02;3.3979438e-02;2.1250000e+02;5.7961859e-02;2.1250000e+02;8.4940374e-02;2.1250000e+02;1.1358834e-01;2.1250000e+02;1.3890752e-01;2.1250000e+02;1.5993889e-01;2.1250000e+02;1.7930967e-01;2.1250000e+02;2.0386209e-01;2.1250000e+02;2.2758830e-01;2.1250000e+02;2.3862495e-01;2.1250000e+02;2.2153927e-01;2.1250000e+02;1.8327041e-01;2.1250000e+02;1.3275301e-01;2.1250000e+02;8.1584260e-02;2.1250000e+02;3.4691215e-02;2.1250000e+02;-7.0990236e-03;2.1250000e+02;1.2616073e-03;2.1250000e+02;1.5310822e-02;2.1250000e+02;3.3979438e-02;2.1250000e+02;5.7961859e-02;2.1250000e+02;8.4940374e-02;2.1250000e+02;1.1358834e-01;2.1250000e+02;1.3890752e-01;2.1250000e+02;1.5993889e-01;2.1250000e+02;1.7930967e-01;2.1250000e+02;2.0386209e-01;2.1250000e+02;2.2758830e-01;2.1250000e+02;2.3862495e-01;2.1250000e+02;2.2153927e-01;2.1250000e+02;1.8327041e-01;2.1250000e+02;1.3275301e-01;2.1250000e+02;8.1584260e-02;2.1250000e+02;3.4691215e-02;2.1250000e+02;-7.0990236e-03;2.1250000e+02;1.2616073e-03;2.1250000e+02;1.5310822e-02;2.1250000e+02;3.3979438e-02;2.1250000e+02;5.7961859e-02;2.1250000e+02;8.4940374e-02;2.1250000e+02;1.1358834e-01;2.1250000e+02;1.3890752e-01;2.1250000e+02;1.5993889e-01;2.1250000e+02;1.7930967e-01;2.1250000e+02;2.0386209e-01;2.1250000e+02;2.2758830e-01;2.1250000e+02;2.3862495e-01;2.1250000e+02;2.2153927e-01;2.1250000e+02;1.8327041e-01;2.1250000e+02;1.3275301e-01;2.1250000e+02;8.1584260e-02;2.1250000e+02;3.4691215e-02;2.1250000e+02;-7.0990236e-03;2.1250000e+02;1.2616073e-03;2.1250000e+02;1.5310822e-02;2.1250000e+02;3.3979438e-02;2.1250000e+02;5.7961859e-02;2.1250000e+02;8.4940374e-02;2.1250000e+02;1.1358834e-01;2.1250000e+02;1.3890752e-01;2.1250000e+02;1.5993889e-01;2.1250000e+02;1.7930967e-01;2.1250000e+02;2.0386209e-01;2.1250000e+02;2.2758830e-01;2.1250000e+02;2.3862495e-01;2.1250000e+02;2.2153927e-01;2.1250000e+02;1.8327041e-01;2.1250000e+02;1.3275301e-01;2.1250000e+02;8.1584260e-02;2.1250000e+02;3.4691215e-02;2.1250000e+02;-7.0990236e-03;2.1250000e+02;1.2616073e-03;2.1250000e+02;1.5310822e-02;2.1250000e+02;3.3979438e-02;2.1250000e+02;5.7961859e-02;2.1250000e+02;8.4940374e-02;2.1250000e+02;1.1358834e-01;2.1250000e+02;1.3890752e-01;2.1250000e+02;1.5993889e-01;2.1250000e+02;1.7930967e-01;2.1250000e+02;2.0386209e-01;2.1250000e+02;2.2758830e-01;2.1250000e+02;2.3862495e-01;2.1250000e+02;2.2153927e-01;2.1250000e+02;1.8327041e-01;2.1250000e+02;1.3275301e-01;2.1250000e+02;8.1584260e-02;2.1250000e+02;3.4691215e-02;2.1250000e+02;-7.0990236e-03;2.1250000e+02;1.2616073e-03;2.1250000e+02;1.5310822e-02;2.1250000e+02;3.3979438e-02;2.1250000e+02;5.7961859e-02;2.1250000e+02;8.4940374e-02;2.1250000e+02;1.1358834e-01;2.1250000e+02;1.3890752e-01;2.1250000e+02;1.5993889e-01;2.1250000e+02;1.7930967e-01;2.1250000e+02;2.0386209e-01;2.1250000e+02;2.2758830e-01;2.1250000e+02;2.3862495e-01;2.1250000e+02;2.2153927e-01;2.1250000e+02;1.8327041e-01;2.1250000e+02;1.3275301e-01;2.1250000e+02;8.1584260e-02;2.1250000e+02;3.4691215e-02;2.1250000e+02;-7.0990236e-03;2.1250000e+02;1.2616073e-03;2.1250000e+02;1.5310822e-02;2.1250000e+02;3.3979438e-02;2.1250000e+02;5.7961859e-02;2.1250000e+02;8.4940374e-02;2.1250000e+02;1.1358834e-01;2.1250000e+02;1.3890752e-01;2.1250000e+02;1.5993889e-01;2.1250000e+02;1.7930967e-01;2.1250000e+02;2.0386209e-01;2.1250000e+02;2.2758830e-01;2.1250000e+02;2.3862495e-01;2.1250000e+02;2.2153927e-01;2.1250000e+02;1.8327041e-01;2.1250000e+02;1.3275301e-01;2.1250000e+02;8.1584260e-02;2.1250000e+02;3.4691215e-02;2.1250000e+02;-7.0990236e-03;2.1250000e+02;1.2616073e-03;2.1250000e+02;1.5310822e-02;2.1250000e+02;3.3979438e-02;2.1250000e+02;5.7961859e-02;2.1250000e+02;8.4940374e-02;2.1250000e+02;1.1358834e-01;2.1250000e+02;1.3890752e-01;2.1250000e+02;1.5993889e-01;2.1250000e+02;1.7930967e-01;2.1250000e+02;2.0386209e-01;2.1250000e+02;2.2758830e-01;2.1250000e+02;2.3862495e-01;2.1250000e+02;2.2153927e-01;2.1250000e+02;1.8327041e-01;2.1250000e+02;1.3275301e-01;2.1250000e+02;8.1584260e-02;2.1250000e+02;3.4691215e-02;2.1250000e+02;-7.0990236e-03;2.1250000e+02;1.2616073e-03;2.1250000e+02;1.5310822e-02;2.1250000e+02;3.3979438e-02;2.1250000e+02;5.7961859e-02;2.1250000e+02;8.4940374e-02;2.1250000e+02;1.1358834e-01;2.1250000e+02;1.3890752e-01;2.1250000e+02;1.5993889e-01;2.1250000e+02;1.7930967e-01;2.1250000e+02;2.0386209e-01;2.1250000e+02;2.2758830e-01;2.1250000e+02;2.3862495e-01;2.1250000e+02;2.2153927e-01;2.1250000e+02;1.8327041e-01;2.1250000e+02;1.3275301e-01;2.1250000e+02;8.1584260e-02;2.1250000e+02;3.4691215e-02;2.1250000e+02;-7.0990236e-03;2.1250000e+02;1.2616073e-03;2.1250000e+02;1.5310822e-02;2.1250000e+02;3.3979438e-02;2.1250000e+02;5.7961859e-02;2.1250000e+02;8.4940374e-02;2.1250000e+02;1.1358834e-01;2.1250000e+02;1.3890752e-01;2.1250000e+02;1.5993889e-01;2.1250000e+02;1.7930967e-01;2.1250000e+02;2.0386209e-01;2.1250000e+02;2.2758830e-01;2.1250000e+02;2.3862495e-01;2.1250000e+02;2.2153927e-01;2.1250000e+02;1.8327041e-01;2.1250000e+02;1.3275301e-01;2.1250000e+02;8.1584260e-02;2.1250000e+02;3.4691215e-02;2.1250000e+02;-7.0990236e-03;2.1250000e+02;1.2616073e-03;2.1250000e+02;1.5310822e-02;2.1250000e+02;3.3979438e-02;2.1250000e+02;5.7961859e-02;2.1250000e+02;8.4940374e-02;2.1250000e+02;1.1358834e-01;2.1250000e+02;1.3890752e-01;2.1250000e+02;1.5993889e-01;2.1250000e+02;1.7930967e-01;2.1250000e+02;2.0386209e-01;2.1250000e+02;2.2758830e-01;2.1250000e+02;2.3862495e-01;2.1250000e+02;2.2153927e-01;2.1250000e+02;1.8327041e-01;2.1250000e+02;1.3275301e-01;2.1250000e+02;8.1584260e-02;2.1250000e+02;3.4691215e-02;2.1250000e+02;-7.0990236e-03;2.1250000e+02;1.2616073e-03;2.1250000e+02;1.5310822e-02;2.1250000e+02;3.3979438e-02;2.1250000e+02;5.7961859e-02;2.1250000e+02;8.4940374e-02;2.1250000e+02;1.1358834e-01;2.1250000e+02;1.3890752e-01;2.1250000e+02;1.5993889e-01;2.1250000e+02;1.7930967e-01;2.1250000e+02;2.0386209e-01;2.1250000e+02;2.2758830e-01;2.1250000e+02;2.3862495e-01;2.1250000e+02;2.2153927e-01;2.1250000e+02;1.8327041e-01;2.1250000e+02;1.3275301e-01;2.1250000e+02;8.1584260e-02;2.1250000e+02;3.4691215e-02;2.1250000e+02;-7.0990236e-03;2.1250000e+02;1.2616073e-03;2.1250000e+02;1.5310822e-02;2.1250000e+02;3.3979438e-02;2.1250000e+02;5.7961859e-02;2.1250000e+02;8.4940374e-02;2.1250000e+02;1.1358834e-01;2.1250000e+02;1.3890752e-01;2.1250000e+02;1.5993889e-01;2.1250000e+02;1.7930967e-01;2.1250000e+02;2.0386209e-01;2.1250000e+02;2.2758830e-01;2.1250000e+02;2.3862495e-01;2.1250000e+02;2.2153927e-01;2.1250000e+02;1.8327041e-01;2.1250000e+02;1.3275301e-01;2.1250000e+02;8.1584260e-02;2.1250000e+02;3.4691215e-02;2.1250000e+02;-7.0990236e-03;2.1250000e+02;1.2616073e-03;2.1250000e+02;1.5310822e-02;2.1250000e+02;3.3979438e-02;2.1250000e+02;5.7961859e-02;2.1250000e+02;8.4940374e-02;2.1250000e+02;1.1358834e-01;2.1250000e+02;1.3890752e-01;2.1250000e+02;1.5993889e-01;2.1250000e+02;1.7930967e-01;2.1250000e+02;2.0386209e-01;2.1250000e+02;2.2758830e-01;2.1250000e+02;2.3862495e-01;2.1250000e+02;2.2153927e-01;2.1250000e+02;1.8327041e-01;2.1250000e+02;1.3275301e-01;2.1250000e+02;8.1584260e-02;2.1250000e+02;3.4691215e-02;2.1250000e+02;-7.0990236e-03;2.1250000e+02;1.2616073e-03;2.1250000e+02;1.5310822e-02;2.1250000e+02;3.3979438e-02;2.1250000e+02;5.7961859e-02;2.1250000e+02;8.4940374e-02;2.1250000e+02;1.1358834e-01;2.1250000e+02;1.3890752e-01;2.1250000e+02;1.5993889e-01;2.1250000e+02;1.7930967e-01;2.1250000e+02;2.0386209e-01;2.1250000e+02;2.2758830e-01;2.1250000e+02;2.3862495e-01;2.1250000e+02;2.2153927e-01;2.1250000e+02;1.8327041e-01;2.1250000e+02;1.3275301e-01;2.1250000e+02;8.1584260e-02;2.1250000e+02;3.4691215e-02;2.1250000e+02;-7.0990236e-03;2.1250000e+02;1.2616073e-03;2.1250000e+02;1.5310822e-02;2.1250000e+02;3.3979438e-02;2.1250000e+02;5.7961859e-02;2.1250000e+02;8.4940374e-02;2.1250000e+02;1.1358834e-01;2.1250000e+02;1.3890752e-01;2.1250000e+02;1.5993889e-01;2.1250000e+02;1.7930967e-01;2.1250000e+02;2.0386209e-01;2.1250000e+02;2.2758830e-01;2.1250000e+02;2.3862495e-01;2.1250000e+02;2.2153927e-01;2.1250000e+02;1.8327041e-01;2.1250000e+02;1.3275301e-01;2.1250000e+02;8.1584260e-02;2.1250000e+02;3.4691215e-02;2.1250000e+02;-7.0990236e-03;2.1250000e+02;1.2616073e-03;2.1250000e+02;1.5310822e-02;2.1250000e+02;3.3979438e-02;2.1250000e+02;5.7961859e-02;2.1250000e+02;8.4940374e-02;2.1250000e+02;1.1358834e-01;2.1250000e+02;1.3890752e-01;2.1250000e+02;1.5993889e-01;2.1250000e+02;1.7930967e-01;2.1250000e+02;2.0386209e-01;2.1250000e+02;2.2758830e-01;2.1250000e+02;2.3862495e-01;2.1250000e+02;2.2153927e-01;2.1250000e+02;1.8327041e-01;2.1250000e+02;1.3275301e-01;2.1250000e+02;8.1584260e-02;2.1250000e+02;3.4691215e-02;2.1250000e+02;-7.0990236e-03;2.1250000e+02;1.2616073e-03;2.1250000e+02;1.5310822e-02;2.1250000e+02;3.3979438e-02;2.1250000e+02;5.7961859e-02;2.1250000e+02;8.4940374e-02;2.1250000e+02;1.1358834e-01;2.1250000e+02;1.3890752e-01;2.1250000e+02;1.5993889e-01;2.1250000e+02;1.7930967e-01;2.1250000e+02;2.0386209e-01;2.1250000e+02;2.2758830e-01;2.1250000e+02;2.3862495e-01;2.1250000e+02;2.2153927e-01;2.1250000e+02;1.8327041e-01;2.1250000e+02;1.3275301e-01;2.1250000e+02;8.1584260e-02;2.1250000e+02;3.4691215e-02;2.1250000e+02;-7.0990236e-03;2.1250000e+02;1.2616073e-03;2.1250000e+02;1.5310822e-02;2.1250000e+02;3.3979438e-02;2.1250000e+02;5.7961859e-02;2.1250000e+02;8.4940374e-02;2.1250000e+02;1.1358834e-01;2.1250000e+02;1.3890752e-01;2.1250000e+02;1.5993889e-01;2.1250000e+02;1.7930967e-01;2.1250000e+02;2.0386209e-01;2.1250000e+02;2.2758830e-01;2.1250000e+02;2.3862495e-01;2.1250000e+02;2.2153927e-01;2.1250000e+02;1.8327041e-01;2.1250000e+02;1.3275301e-01;2.1250000e+02;8.1584260e-02;2.1250000e+02;3.4691215e-02;2.1250000e+02;-7.0990236e-03;2.1250000e+02;1.2616073e-03;2.1250000e+02;1.5310822e-02;2.1250000e+02;3.3979438e-02;2.1250000e+02;5.7961859e-02;2.1250000e+02;8.4940374e-02;2.1250000e+02;1.1358834e-01;2.1250000e+02;1.3890752e-01;2.1250000e+02;1.5993889e-01;2.1250000e+02;1.7930967e-01;2.1250000e+02;2.0386209e-01;2.1250000e+02;2.2758830e-01;2.1250000e+02;2.3862495e-01;2.1250000e+02;2.2153927e-01;2.1250000e+02;1.8327041e-01;2.1250000e+02;1.3275301e-01;2.1250000e+02;8.1584260e-02;2.1250000e+02;3.4691215e-02;2.1250000e+02;-7.0990236e-03;2.1250000e+02;1.2616073e-03;2.1250000e+02;1.5310822e-02;2.1250000e+02;3.3979438e-02;2.1250000e+02;5.7961859e-02;2.1250000e+02;8.4940374e-02;2.1250000e+02;1.1358834e-01;2.1250000e+02;1.3890752e-01;2.1250000e+02;1.5993889e-01;2.1250000e+02;1.7930967e-01;2.1250000e+02;2.0386209e-01;2.1250000e+02;2.2758830e-01;2.1250000e+02;2.3862495e-01;2.1250000e+02;2.2153927e-01;2.1250000e+02;1.8327041e-01;2.1250000e+02;1.3275301e-01;2.1250000e+02;8.1584260e-02;2.1250000e+02;3.4691215e-02;2.1250000e+02;-7.0990236e-03;2.1250000e+02;1.2616073e-03;2.1250000e+02;1.5310822e-02;2.1250000e+02;3.3979438e-02;2.1250000e+02;5.7961859e-02;2.1250000e+02;8.4940374e-02;2.1250000e+02;1.1358834e-01;2.1250000e+02;1.3890752e-01;2.1250000e+02;1.5993889e-01;2.1250000e+02;1.7930967e-01;2.1250000e+02;2.0386209e-01;2.1250000e+02;2.2758830e-01;2.1250000e+02;2.3862495e-01;2.1250000e+02;2.2153927e-01;2.1250000e+02;1.8327041e-01;2.1250000e+02;1.3275301e-01;2.1250000e+02;8.1584260e-02;2.1250000e+02;3.4691215e-02;2.1250000e+02;-7.0990236e-03;2.1250000e+02;1.2616073e-03;2.1250000e+02;1.5310822e-02;2.1250000e+02;3.3979438e-02;2.1250000e+02;5.7961859e-02;2.1250000e+02;8.4940374e-02;2.1250000e+02;1.1358834e-01;2.1250000e+02;1.3890752e-01;2.1250000e+02;1.5993889e-01;2.1250000e+02;1.7930967e-01;2.1250000e+02;2.0386209e-01;2.1250000e+02;2.2758830e-01;2.1250000e+02;2.3862495e-01;2.1250000e+02;2.2153927e-01;2.1250000e+02;1.8327041e-01;2.1250000e+02;1.3275301e-01;2.1250000e+02;8.1584260e-02;2.1250000e+02;3.4691215e-02;2.1250000e+02;-7.0990236e-03;2.1250000e+02;1.2616073e-03;2.1250000e+02;1.5310822e-02;2.1250000e+02;3.3979438e-02;2.1250000e+02;5.7961859e-02;2.1250000e+02;8.4940374e-02;2.1250000e+02;1.1358834e-01;2.1250000e+02;1.3890752e-01;2.1250000e+02;1.5993889e-01;2.1250000e+02;1.7930967e-01;2.1250000e+02;2.0386209e-01;2.1250000e+02;2.2758830e-01;2.1250000e+02;2.3862495e-01;2.1250000e+02;2.2153927e-01;2.1250000e+02;1.8327041e-01;2.1250000e+02;1.3275301e-01;2.1250000e+02;8.1584260e-02;2.1250000e+02;3.4691215e-02;2.1250000e+02;-7.0990236e-03;2.1250000e+02;1.2616073e-03;2.1250000e+02;1.5310822e-02;2.1250000e+02;3.3979438e-02;2.1250000e+02;5.7961859e-02;2.1250000e+02;8.4940374e-02;2.1250000e+02;1.1358834e-01;2.1250000e+02;1.3890752e-01;2.1250000e+02;1.5993889e-01;2.1250000e+02;1.7930967e-01;2.1250000e+02;2.0386209e-01;2.1250000e+02;2.2758830e-01;2.1250000e+02;2.3862495e-01;2.1250000e+02;2.2153927e-01;2.1250000e+02;1.8327041e-01;2.1250000e+02;1.3275301e-01;2.1250000e+02;8.1584260e-02;2.1250000e+02;3.4691215e-02;2.1250000e+02;-7.0990236e-03;2.1250000e+02;1.2616073e-03;2.1250000e+02;1.5310822e-02;2.1250000e+02;3.3979438e-02;2.1250000e+02;5.7961859e-02;2.1250000e+02;8.4940374e-02;2.1250000e+02;1.1358834e-01;2.1250000e+02;1.3890752e-01;2.1250000e+02;1.5993889e-01;2.1250000e+02;1.7930967e-01;2.1250000e+02;2.0386209e-01;2.1250000e+02;2.2758830e-01;2.1250000e+02;2.3862495e-01;2.1250000e+02;2.2153927e-01;2.1250000e+02;1.8327041e-01;2.1250000e+02;1.3275301e-01;2.1250000e+02;8.1584260e-02;2.1250000e+02;3.4691215e-02;2.1250000e+02;-7.0990236e-03;2.1250000e+02;1.2616073e-03;2.1250000e+02;1.5310822e-02;2.1250000e+02;3.3979438e-02;2.1250000e+02;5.7961859e-02;2.1250000e+02;8.4940374e-02;2.1250000e+02;1.1358834e-01;2.1250000e+02;1.3890752e-01;2.1250000e+02;1.5993889e-01;2.1250000e+02;1.7930967e-01;2.1250000e+02;2.0386209e-01;2.1250000e+02;2.2758830e-01;2.1250000e+02;2.3862495e-01;2.1250000e+02;2.2153927e-01;2.1250000e+02;1.8327041e-01;2.1250000e+02;1.3275301e-01;2.1250000e+02;8.1584260e-02;2.1250000e+02;3.4691215e-02;2.1250000e+02;-7.0990236e-03;2.1250000e+02;1.2616073e-03;2.1250000e+02;1.5310822e-02;2.1250000e+02;3.3979438e-02;2.1250000e+02;5.7961859e-02;2.1250000e+02;8.4940374e-02;2.1250000e+02;1.1358834e-01;2.1250000e+02;1.3890752e-01;2.1250000e+02;1.5993889e-01;2.1250000e+02;1.7930967e-01;2.1250000e+02;2.0386209e-01;2.1250000e+02;2.2758830e-01;2.1250000e+02;2.3862495e-01;2.1250000e+02;2.2153927e-01;2.1250000e+02;1.8327041e-01;2.1250000e+02;1.3275301e-01;2.1250000e+02;8.1584260e-02;2.1250000e+02;3.4691215e-02;2.1250000e+02;-7.0990236e-03;2.1250000e+02;1.2616073e-03;2.1250000e+02;1.5310822e-02;2.1250000e+02;3.3979438e-02;2.1250000e+02;5.7961859e-02;2.1250000e+02;8.4940374e-02;2.1250000e+02;1.1358834e-01;2.1250000e+02;1.3890752e-01;2.1250000e+02;1.5993889e-01;2.1250000e+02;1.7930967e-01;2.1250000e+02;2.0386209e-01;2.1250000e+02;2.2758830e-01;2.1250000e+02;2.3862495e-01;2.1250000e+02;2.2153927e-01;2.1250000e+02;1.8327041e-01;2.1250000e+02;1.3275301e-01;2.1250000e+02;8.1584260e-02;2.1250000e+02;3.4691215e-02;2.1250000e+02;-7.0990236e-03;2.1250000e+02;1.2616073e-03;2.1250000e+02;1.5310822e-02;2.1250000e+02;3.3979438e-02;2.1250000e+02;5.7961859e-02;2.1250000e+02;8.4940374e-02;2.1250000e+02;1.1358834e-01;2.1250000e+02;1.3890752e-01;2.1250000e+02;1.5993889e-01;2.1250000e+02;1.7930967e-01;2.1250000e+02;2.0386209e-01;2.1250000e+02;2.2758830e-01;2.1250000e+02;2.3862495e-01;2.1250000e+02;2.2153927e-01;2.1250000e+02;1.8327041e-01;2.1250000e+02;1.3275301e-01;2.1250000e+02;8.1584260e-02;2.1250000e+02;3.4691215e-02;2.1250000e+02;-7.0990236e-03;2.1250000e+02;1.2616073e-03;2.1250000e+02;1.5310822e-02;2.1250000e+02;3.3979438e-02;2.1250000e+02;5.7961859e-02;2.1250000e+02;8.4940374e-02;2.1250000e+02;1.1358834e-01;2.1250000e+02;1.3890752e-01;2.1250000e+02;1.5993889e-01;2.1250000e+02;1.7930967e-01;2.1250000e+02;2.0386209e-01;2.1250000e+02;2.2758830e-01;2.1250000e+02;2.3862495e-01;2.1250000e+02;2.2153927e-01;2.1250000e+02;1.8327041e-01;2.1250000e+02;1.3275301e-01;2.1250000e+02;8.1584260e-02;2.1250000e+02;3.4691215e-02;2.1250000e+02;-7.0990236e-03;2.1250000e+02;1.2616073e-03;2.1250000e+02;1.5310822e-02;2.1250000e+02;3.3979438e-02;2.1250000e+02;5.7961859e-02;2.1250000e+02;8.4940374e-02;2.1250000e+02;1.1358834e-01;2.1250000e+02;1.3890752e-01;2.1250000e+02;1.5993889e-01;2.1250000e+02;1.7930967e-01;2.1250000e+02;2.0386209e-01;2.1250000e+02;2.2758830e-01;2.1250000e+02;2.3862495e-01;2.1250000e+02;2.2153927e-01;2.1250000e+02;1.8327041e-01;2.1250000e+02;1.3275301e-01;2.1250000e+02;8.1584260e-02;2.1250000e+02;3.4691215e-02;2.1250000e+02;-7.0990236e-03;2.1250000e+02;1.2616073e-03;2.1250000e+02;1.5310822e-02;2.1250000e+02;3.3979438e-02;2.1250000e+02;5.7961859e-02;2.1250000e+02;8.4940374e-02;2.1250000e+02;1.1358834e-01;2.1250000e+02;1.3890752e-01;2.1250000e+02;1.5993889e-01;2.1250000e+02;1.7930967e-01;2.1250000e+02;2.0386209e-01;2.1250000e+02;2.2758830e-01;2.1250000e+02;2.3862495e-01;2.1250000e+02;2.2153927e-01;2.1250000e+02;1.8327041e-01;2.1250000e+02;1.3275301e-01;2.1250000e+02;8.1584260e-02;2.1250000e+02;3.4691215e-02;2.1250000e+02;-7.0990236e-03;2.1250000e+02;1.2616073e-03;2.1250000e+02;1.5310822e-02;2.1250000e+02;3.3979438e-02;2.1250000e+02;5.7961859e-02;2.1250000e+02;8.4940374e-02;2.1250000e+02;1.1358834e-01;2.1250000e+02;1.3890752e-01;2.1250000e+02;1.5993889e-01;2.1250000e+02;1.7930967e-01;2.1250000e+02;2.0386209e-01;2.1250000e+02;2.2758830e-01;2.1250000e+02;2.3862495e-01;2.1250000e+02;2.2153927e-01;2.1250000e+02;1.8327041e-01;2.1250000e+02;1.3275301e-01;2.1250000e+02;8.1584260e-02;2.1250000e+02;3.4691215e-02;2.1250000e+02;-7.0990236e-03;2.1250000e+02;1.2616073e-03;2.1250000e+02;1.5310822e-02;2.1250000e+02;3.3979438e-02;2.1250000e+02;5.7961859e-02;2.1250000e+02;8.4940374e-02;2.1250000e+02;1.1358834e-01;2.1250000e+02;1.3890752e-01;2.1250000e+02;1.5993889e-01;2.1250000e+02;1.7930967e-01;2.1250000e+02;2.0386209e-01;2.1250000e+02;2.2758830e-01;2.1250000e+02;2.3862495e-01;2.1250000e+02;2.2153927e-01;2.1250000e+02;1.8327041e-01;2.1250000e+02;1.3275301e-01;2.1250000e+02;8.1584260e-02;2.1250000e+02;3.4691215e-02;2.1250000e+02;-7.0990236e-03;2.1250000e+02;1.2616073e-03;2.1250000e+02;1.5310822e-02;2.1250000e+02;3.3979438e-02;2.1250000e+02;5.7961859e-02;2.1250000e+02;8.4940374e-02;2.1250000e+02;1.1358834e-01;2.1250000e+02;1.3890752e-01;2.1250000e+02;1.5993889e-01;2.1250000e+02;1.7930967e-01;2.1250000e+02;2.0386209e-01;2.1250000e+02;2.2758830e-01;2.1250000e+02;2.3862495e-01;2.1250000e+02;2.2153927e-01;2.1250000e+02;1.8327041e-01;2.1250000e+02;1.3275301e-01;2.1250000e+02;8.1584260e-02;2.1250000e+02;3.4691215e-02;2.1250000e+02;-7.0990236e-03;2.1250000e+02;1.2616073e-03;2.1250000e+02;1.5310822e-02;2.1250000e+02;3.3979438e-02;2.1250000e+02;5.7961859e-02;2.1250000e+02;8.4940374e-02;2.1250000e+02;1.1358834e-01;2.1250000e+02;1.3890752e-01;2.1250000e+02;1.5993889e-01;2.1250000e+02;1.7930967e-01;2.1250000e+02;2.0386209e-01;2.1250000e+02;2.2758830e-01;2.1250000e+02;2.3862495e-01;2.1250000e+02;2.2153927e-01;2.1250000e+02;1.8327041e-01;2.1250000e+02;1.3275301e-01;2.1250000e+02;8.1584260e-02;2.1250000e+02;3.4691215e-02;2.1250000e+02;-7.0990236e-03;2.1250000e+02;1.2616073e-03;2.1250000e+02;1.5310822e-02;2.1250000e+02;3.3979438e-02;2.1250000e+02;5.7961859e-02;2.1250000e+02;8.4940374e-02;2.1250000e+02;1.1358834e-01;2.1250000e+02;1.3890752e-01;2.1250000e+02;1.5993889e-01;2.1250000e+02;1.7930967e-01;2.1250000e+02;2.0386209e-01;2.1250000e+02;2.2758830e-01;2.1250000e+02;2.3862495e-01;2.1250000e+02;2.2153927e-01;2.1250000e+02;1.8327041e-01;2.1250000e+02;1.3275301e-01;2.1250000e+02;8.1584260e-02;2.1250000e+02;3.4691215e-02;2.1250000e+02;-7.0990236e-03;2.1250000e+02;1.2616073e-03;2.1250000e+02;1.5310822e-02;2.1250000e+02;3.3979438e-02;2.1250000e+02;5.7961859e-02;2.1250000e+02;8.4940374e-02;2.1250000e+02;1.1358834e-01;2.1250000e+02;1.3890752e-01;2.1250000e+02;1.5993889e-01;2.1250000e+02;1.7930967e-01;2.1250000e+02;2.0386209e-01;2.1250000e+02;2.2758830e-01;2.1250000e+02;2.3862495e-01;2.1250000e+02;2.2153927e-01;2.1250000e+02;1.8327041e-01;2.1250000e+02;1.3275301e-01;2.1250000e+02;8.1584260e-02;2.1250000e+02;3.4691215e-02;2.1250000e+02;-7.0990236e-03;2.1250000e+02;1.2616073e-03;2.1250000e+02;1.5310822e-02;2.1250000e+02;3.3979438e-02;2.1250000e+02;5.7961859e-02;2.1250000e+02;8.4940374e-02;2.1250000e+02;1.1358834e-01;2.1250000e+02;1.3890752e-01;2.1250000e+02;1.5993889e-01;2.1250000e+02;1.7930967e-01;2.1250000e+02;2.0386209e-01;2.1250000e+02;2.2758830e-01;2.1250000e+02;2.3862495e-01;2.1250000e+02;2.2153927e-01;2.1250000e+02;1.8327041e-01;2.1250000e+02;1.3275301e-01;2.1250000e+02;8.1584260e-02;2.1250000e+02;3.4691215e-02;2.1250000e+02;-7.0990236e-03;2.1250000e+02;1.2616073e-03;2.1250000e+02;1.5310822e-02;2.1250000e+02;3.3979438e-02;2.1250000e+02;5.7961859e-02;2.1250000e+02;8.4940374e-02;2.1250000e+02;1.1358834e-01;2.1250000e+02;1.3890752e-01;2.1250000e+02;1.5993889e-01;2.1250000e+02;1.7930967e-01;2.1250000e+02;2.0386209e-01;2.1250000e+02;2.2758830e-01;2.1250000e+02;2.3862495e-01;2.1250000e+02;2.2153927e-01;2.1250000e+02;1.8327041e-01;2.1250000e+02;1.3275301e-01;2.1250000e+02;8.1584260e-02;2.1250000e+02;3.4691215e-02;2.1250000e+02;-7.0990236e-03;2.1250000e+02;1.2616073e-03;2.1250000e+02;1.5310822e-02;2.1250000e+02;3.3979438e-02;2.1250000e+02;5.7961859e-02;2.1250000e+02;8.4940374e-02;2.1250000e+02;1.1358834e-01;2.1250000e+02;1.3890752e-01;2.1250000e+02;1.5993889e-01;2.1250000e+02;1.7930967e-01;2.1250000e+02;2.0386209e-01;2.1250000e+02;2.2758830e-01;2.1250000e+02;2.3862495e-01;2.1250000e+02;2.2153927e-01;2.1250000e+02;1.8327041e-01;2.1250000e+02;1.3275301e-01;2.1250000e+02;8.1584260e-02;2.1250000e+02;3.4691215e-02;2.1250000e+02;-7.0990236e-03;2.1250000e+02;1.2616073e-03;2.1250000e+02;1.5310822e-02;2.1250000e+02;3.3979438e-02;2.1250000e+02;5.7961859e-02;2.1250000e+02;8.4940374e-02;2.1250000e+02;1.1358834e-01;2.1250000e+02;1.3890752e-01;2.1250000e+02;1.5993889e-01;2.1250000e+02;1.7930967e-01;2.1250000e+02;2.0386209e-01;2.1250000e+02;2.2758830e-01;2.1250000e+02;2.3862495e-01;2.1250000e+02;2.2153927e-01;2.1250000e+02;1.8327041e-01;2.1250000e+02;1.3275301e-01;2.1250000e+02;8.1584260e-02;2.1250000e+02;3.4691215e-02;2.1250000e+02;-7.0990236e-03;2.1250000e+02;1.2616073e-03;2.1250000e+02;1.5310822e-02;2.1250000e+02;3.3979438e-02;2.1250000e+02;5.7961859e-02;2.1250000e+02;8.4940374e-02;2.1250000e+02;1.1358834e-01;2.1250000e+02;1.3890752e-01;2.1250000e+02;1.5993889e-01;2.1250000e+02;1.7930967e-01;2.1250000e+02;2.0386209e-01;2.1250000e+02;2.2758830e-01;2.1250000e+02;2.3862495e-01;2.1250000e+02;2.2153927e-01;2.1250000e+02;1.8327041e-01;2.1250000e+02;1.3275301e-01;2.1250000e+02;8.1584260e-02;2.1250000e+02;3.4691215e-02;2.1250000e+02;-7.0990236e-03;2.1250000e+02;1.2616073e-03;2.1250000e+02;1.5310822e-02;2.1250000e+02;3.3979438e-02;2.1250000e+02;5.7961859e-02;2.1250000e+02;8.4940374e-02;2.1250000e+02;1.1358834e-01;2.1250000e+02;1.3890752e-01;2.1250000e+02;1.5993889e-01;2.1250000e+02;1.7930967e-01;2.1250000e+02;2.0386209e-01;2.1250000e+02;2.2758830e-01;2.1250000e+02;2.3862495e-01;2.1250000e+02;2.2153927e-01;2.1250000e+02;1.8327041e-01;2.1250000e+02;1.3275301e-01;2.1250000e+02;8.1584260e-02;2.1250000e+02;3.4691215e-02;2.1250000e+02;-7.0990236e-03;2.1250000e+02;1.2616073e-03;2.1250000e+02;1.5310822e-02;2.1250000e+02;3.3979438e-02;2.1250000e+02;5.7961859e-02;2.1250000e+02;8.4940374e-02;2.1250000e+02;1.1358834e-01;2.1250000e+02;1.3890752e-01;2.1250000e+02;1.5993889e-01;2.1250000e+02;1.7930967e-01;2.1250000e+02;2.0386209e-01;2.1250000e+02;2.2758830e-01;2.1250000e+02;2.3862495e-01;2.1250000e+02;2.2153927e-01;2.1250000e+02;1.8327041e-01;2.1250000e+02;1.3275301e-01;2.1250000e+02;8.1584260e-02;2.1250000e+02;3.4691215e-02;2.1250000e+02;-7.0990236e-03;2.1250000e+02;1.2616073e-03;2.1250000e+02;1.5310822e-02;2.1250000e+02;3.3979438e-02;2.1250000e+02;5.7961859e-02;2.1250000e+02;8.4940374e-02;2.1250000e+02;1.1358834e-01;2.1250000e+02;1.3890752e-01;2.1250000e+02;1.5993889e-01;2.1250000e+02;1.7930967e-01;2.1250000e+02;2.0386209e-01;2.1250000e+02;2.2758830e-01;2.1250000e+02;2.3862495e-01;2.1250000e+02;2.2153927e-01;2.1250000e+02;1.8327041e-01;2.1250000e+02;1.3275301e-01;2.1250000e+02;8.1584260e-02;2.1250000e+02;3.4691215e-02;2.1250000e+02;-7.0990236e-03;2.1250000e+02;1.2616073e-03;2.1250000e+02;1.5310822e-02;2.1250000e+02;3.3979438e-02;2.1250000e+02;5.7961859e-02;2.1250000e+02;8.4940374e-02;2.1250000e+02;1.1358834e-01;2.1250000e+02;1.3890752e-01;2.1250000e+02;1.5993889e-01;2.1250000e+02;1.7930967e-01;2.1250000e+02;2.0386209e-01;2.1250000e+02;2.2758830e-01;2.1250000e+02;2.3862495e-01;2.1250000e+02;2.2153927e-01;2.1250000e+02;1.8327041e-01;2.1250000e+02;1.3275301e-01;2.1250000e+02;8.1584260e-02;2.1250000e+02;3.4691215e-02;2.1250000e+02;-7.0990236e-03;2.1250000e+02;1.2616073e-03;2.1250000e+02;1.5310822e-02;2.1250000e+02;3.3979438e-02;2.1250000e+02;5.7961859e-02;2.1250000e+02;8.4940374e-02;2.1250000e+02;1.1358834e-01;2.1250000e+02;1.3890752e-01;2.1250000e+02;1.5993889e-01;2.1250000e+02;1.7930967e-01;2.1250000e+02;2.0386209e-01;2.1250000e+02;2.2758830e-01;2.1250000e+02;2.3862495e-01;2.1250000e+02;2.2153927e-01;2.1250000e+02;1.8327041e-01;2.1250000e+02;1.3275301e-01;2.1250000e+02;8.1584260e-02;2.1250000e+02;3.4691215e-02;2.1250000e+02;-7.0990236e-03;2.1250000e+02;1.2616073e-03;2.1250000e+02;1.5310822e-02;2.1250000e+02;3.3979438e-02;2.1250000e+02;5.7961859e-02;2.1250000e+02;8.4940374e-02;2.1250000e+02;1.1358834e-01;2.1250000e+02;1.3890752e-01;2.1250000e+02;1.5993889e-01;2.1250000e+02;1.7930967e-01;2.1250000e+02;2.0386209e-01;2.1250000e+02;2.2758830e-01;2.1250000e+02;2.3862495e-01;2.1250000e+02;2.2153927e-01;2.1250000e+02;1.8327041e-01;2.1250000e+02;1.3275301e-01;2.1250000e+02;8.1584260e-02;2.1250000e+02;3.4691215e-02;2.1250000e+02;-7.0990236e-03;2.1250000e+02;1.2616073e-03;2.1250000e+02;1.5310822e-02;2.1250000e+02;3.3979438e-02;2.1250000e+02;5.7961859e-02;2.1250000e+02;8.4940374e-02;2.1250000e+02;1.1358834e-01;2.1250000e+02;1.3890752e-01;2.1250000e+02;1.5993889e-01;2.1250000e+02;1.7930967e-01;2.1250000e+02;2.0386209e-01;2.1250000e+02;2.2758830e-01;2.1250000e+02;2.3862495e-01;2.1250000e+02;2.2153927e-01;2.1250000e+02;1.8327041e-01;2.1250000e+02;1.3275301e-01;2.1250000e+02;8.1584260e-02;2.1250000e+02;3.4691215e-02
2.1750000e+02;-8.3189253e-03;2.1750000e+02;-1.3816301e-03;2.1750000e+02;1.1568828e-02;2.1750000e+02;2.9740058e-02;2.1750000e+02;5.2538719e-02;2.1750000e+02;7.8159481e-02;2.1750000e+02;1.0411187e-01;2.1750000e+02;1.2748089e-01;2.1750000e+02;1.4700511e-01;2.1750000e+02;1.6678980e-01;2.1750000e+02;1.9314647e-01;2.1750000e+02;2.1940246e-01;2.1750000e+02;2.3227182e-01;2.1750000e+02;2.1811296e-01;2.1750000e+02;1.8161419e-01;2.1750000e+02;1.3218114e-01;2.1750000e+02;8.1254199e-02;2.1750000e+02;3.4680098e-02;2.1750000e+02;-8.3189253e-03;2.1750000e+02;-1.3816301e-03;2.1750000e+02;1.1568828e-02;2.1750000e+02;2.9740058e-02;2.1750000e+02;5.2538719e-02;2.1750000e+02;7.8159481e-02;2.1750000e+02;1.0411187e-01;2.1750000e+02;1.2748089e-01;2.1750000e+02;1.4700511e-01;2.1750000e+02;1.6678980e-01;2.1750000e+02;1.9314647e-01;2.1750000e+02;2.1940246e-01;2.1750000e+02;2.3227182e-01;2.1750000e+02;2.1811296e-01;2.1750000e+02;1.8161419e-01;2.1750000e+02;1.3218114e-01;2.1750000e+02;8.1254199e-02;2.1750000e+02;3.4680098e-02;2.1750000e+02;-8.3189253e-03;2.1750000e+02;-1.3816301e-03;2.1750000e+02;1.1568828e-02;2.1750000e+02;2.9740058e-02;2.1750000e+02;5.2538719e-02;2.1750000e+02;7.8159481e-02;2.1750000e+02;1.0411187e-01;2.1750000e+02;1.2748089e-01;2.1750000e+02;1.4700511e-01;2.1750000e+02;1.6678980e-01;2.1750000e+02;1.9314647e-01;2.1750000e+02;2.1940246e-01;2.1750000e+02;2.3227182e-01;2.1750000e+02;2.1811296e-01;2.1750000e+02;1.8161419e-01;2.1750000e+02;1.3218114e-01;2.1750000e+02;8.1254199e-02;2.1750000e+02;3.4680098e-02;2.1750000e+02;-8.3189253e-03;2.1750000e+02;-1.3816301e-03;2.1750000e+02;1.1568828e-02;2.1750000e+02;2.9740058e-02;2.1750000e+02;5.2538719e-02;2.1750000e+02;7.8159481e-02;2.1750000e+02;1.0411187e-01;2.1750000e+02;1.2748089e-01;2.1750000e+02;1.4700511e-01;2.1750000e+02;1.6678980e-01;2.1750000e+02;1.9314647e-01;2.1750000e+02;2.1940246e-01;2.1750000e+02;2.3227182e-01;2.1750000e+02;2.1811296e-01;2.1750000e+02;1.8161419e-01;2.1750000e+02;1.3218114e-01;2.1750000e+02;8.1254199e-02;2.1750000e+02;3.4680098e-02;2.1750000e+02;-8.3189253e-03;2.1750000e+02;-1.3816301e-03;2.1750000e+02;1.1568828e-02;2.1750000e+02;2.9740058e-02;2.1750000e+02;5.2538719e-02;2.1750000e+02;7.8159481e-02;2.1750000e+02;1.0411187e-01;2.1750000e+02;1.2748089e-01;2.1750000e+02;1.4700511e-01;2.1750000e+02;1.6678980e-01;2.1750000e+02;1.9314647e-01;2.1750000e+02;2.1940246e-01;2.1750000e+02;2.3227182e-01;2.1750000e+02;2.1811296e-01;2.1750000e+02;1.8161419e-01;2.1750000e+02;1.3218114e-01;2.1750000e+02;8.1254199e-02;2.1750000e+02;3.4680098e-02;2.1750000e+02;-8.3189253e-03;2.1750000e+02;-1.3816301e-03;2.1750000e+02;1.1568828e-02;2.1750000e+02;2.9740058e-02;2.1750000e+02;5.2538719e-02;2.1750000e+02;7.8159481e-02;2.1750000e+02;1.0411187e-01;2.1750000e+02;1.2748089e-01;2.1750000e+02;1.4700511e-01;2.1750000e+02;1.6678980e-01;2.1750000e+02;1.9314647e-01;2.1750000e+02;2.1940246e-01;2.1750000e+02;2.3227182e-01;2.1750000e+02;2.1811296e-01;2.1750000e+02;1.8161419e-01;2.1750000e+02;1.3218114e-01;2.1750000e+02;8.1254199e-02;2.1750000e+02;3.4680098e-02;2.1750000e+02;-8.3189253e-03;2.1750000e+02;-1.3816301e-03;2.1750000e+02;1.1568828e-02;2.1750000e+02;2.9740058e-02;2.1750000e+02;5.2538719e-02;2.1750000e+02;7.8159481e-02;2.1750000e+02;1.0411187e-01;2.1750000e+02;1.2748089e-01;2.1750000e+02;1.4700511e-01;2.1750000e+02;1.6678980e-01;2.1750000e+02;1.9314647e-01;2.1750000e+02;2.1940246e-01;2.1750000e+02;2.3227182e-01;2.1750000e+02;2.1811296e-01;2.1750000e+02;1.8161419e-01;2.1750000e+02;1.3218114e-01;2.1750000e+02;8.1254199e-02;2.1750000e+02;3.4680098e-02;2.1750000e+02;-8.3189253e-03;2.1750000e+02;-1.3816301e-03;2.1750000e+02;1.1568828e-02;2.1750000e+02;2.9740058e-02;2.1750000e+02;5.2538719e-02;2.1750000e+02;7.8159481e-02;2.1750000e+02;1.0411187e-01;2.1750000e+02;1.2748089e-01;2.1750000e+02;1.4700511e-01;2.1750000e+02;1.6678980e-01;2.1750000e+02;1.9314647e-01;2.1750000e+02;2.1940246e-01;2.1750000e+02;2.3227182e-01;2.1750000e+02;2.1811296e-01;2.1750000e+02;1.8161419e-01;2.1750000e+02;1.3218114e-01;2.1750000e+02;8.1254199e-02;2.1750000e+02;3.4680098e-02;2.1750000e+02;-8.3189253e-03;2.1750000e+02;-1.3816301e-03;2.1750000e+02;1.1568828e-02;2.1750000e+02;2.9740058e-02;2.1750000e+02;5.2538719e-02;2.1750000e+02;7.8159481e-02;2.1750000e+02;1.0411187e-01;2.1750000e+02;1.2748089e-01;2.1750000e+02;1.4700511e-01;2.1750000e+02;1.6678980e-01;2.1750000e+02;1.9314647e-01;2.1750000e+02;2.1940246e-01;2.1750000e+02;2.3227182e-01;2.1750000e+02;2.1811296e-01;2.1750000e+02;1.8161419e-01;2.1750000e+02;1.3218114e-01;2.1750000e+02;8.1254199e-02;2.1750000e+02;3.4680098e-02;2.1750000e+02;-8.3189253e-03;2.1750000e+02;-1.3816301e-03;2.1750000e+02;1.1568828e-02;2.1750000e+02;2.9740058e-02;2.1750000e+02;5.2538719e-02;2.1750000e+02;7.8159481e-02;2.1750000e+02;1.0411187e-01;2.1750000e+02;1.2748089e-01;2.1750000e+02;1.4700511e-01;2.1750000e+02;1.6678980e-01;2.1750000e+02;1.9314647e-01;2.1750000e+02;2.1940246e-01;2.1750000e+02;2.3227182e-01;2.1750000e+02;2.1811296e-01;2.1750000e+02;1.8161419e-01;2.1750000e+02;1.3218114e-01;2.1750000e+02;8.1254199e-02;2.1750000e+02;3.4680098e-02;2.1750000e+02;-8.3189253e-03;2.1750000e+02;-1.3816301e-03;2.1750000e+02;1.1568828e-02;2.1750000e+02;2.9740058e-02;2.1750000e+02;5.2538719e-02;2.1750000e+02;7.8159481e-02;2.1750000e+02;1.0411187e-01;2.1750000e+02;1.2748089e-01;2.1750000e+02;1.4700511e-01;2.1750000e+02;1.6678980e-01;2.1750000e+02;1.9314647e-01;2.1750000e+02;2.1940246e-01;2.1750000e+02;2.3227182e-01;2.1750000e+02;2.1811296e-01;2.1750000e+02;1.8161419e-01;2.1750000e+02;1.3218114e-01;2.1750000e+02;8.1254199e-02;2.1750000e+02;3.4680098e-02;2.1750000e+02;-8.3189253e-03;2.1750000e+02;-1.3816301e-03;2.1750000e+02;1.1568828e-02;2.1750000e+02;2.9740058e-02;2.1750000e+02;5.2538719e-02;2.1750000e+02;7.8159481e-02;2.1750000e+02;1.0411187e-01;2.1750000e+02;1.2748089e-01;2.1750000e+02;1.4700511e-01;2.1750000e+02;1.6678980e-01;2.1750000e+02;1.9314647e-01;2.1750000e+02;2.1940246e-01;2.1750000e+02;2.3227182e-01;2.1750000e+02;2.1811296e-01;2.1750000e+02;1.8161419e-01;2.1750000e+02;1.3218114e-01;2.1750000e+02;8.1254199e-02;2.1750000e+02;3.4680098e-02;2.1750000e+02;-8.3189253e-03;2.1750000e+02;-1.3816301e-03;2.1750000e+02;1.1568828e-02;2.1750000e+02;2.9740058e-02;2.1750000e+02;5.2538719e-02;2.1750000e+02;7.8159481e-02;2.1750000e+02;1.0411187e-01;2.1750000e+02;1.2748089e-01;2.1750000e+02;1.4700511e-01;2.1750000e+02;1.6678980e-01;2.1750000e+02;1.9314647e-01;2.1750000e+02;2.1940246e-01;2.1750000e+02;2.3227182e-01;2.1750000e+02;2.1811296e-01;2.1750000e+02;1.8161419e-01;2.1750000e+02;1.3218114e-01;2.1750000e+02;8.1254199e-02;2.1750000e+02;3.4680098e-02;2.1750000e+02;-8.3189253e-03;2.1750000e+02;-1.3816301e-03;2.1750000e+02;1.1568828e-02;2.1750000e+02;2.9740058e-02;2.1750000e+02;5.2538719e-02;2.1750000e+02;7.8159481e-02;2.1750000e+02;1.0411187e-01;2.1750000e+02;1.2748089e-01;2.1750000e+02;1.4700511e-01;2.1750000e+02;1.6678980e-01;2.1750000e+02;1.9314647e-01;2.1750000e+02;2.1940246e-01;2.1750000e+02;2.3227182e-01;2.1750000e+02;2.1811296e-01;2.1750000e+02;1.8161419e-01;2.1750000e+02;1.3218114e-01;2.1750000e+02;8.1254199e-02;2.1750000e+02;3.4680098e-02;2.1750000e+02;-8.3189253e-03;2.1750000e+02;-1.3816301e-03;2.1750000e+02;1.1568828e-02;2.1750000e+02;2.9740058e-02;2.1750000e+02;5.2538719e-02;2.1750000e+02;7.8159481e-02;2.1750000e+02;1.0411187e-01;2.1750000e+02;1.2748089e-01;2.1750000e+02;1.4700511e-01;2.1750000e+02;1.6678980e-01;2.1750000e+02;1.9314647e-01;2.1750000e+02;2.1940246e-01;2.1750000e+02;2.3227182e-01;2.1750000e+02;2.1811296e-01;2.1750000e+02;1.8161419e-01;2.1750000e+02;1.3218114e-01;2.1750000e+02;8.1254199e-02;2.1750000e+02;3.4680098e-02;2.1750000e+02;-8.3189253e-03;2.1750000e+02;-1.3816301e-03;2.1750000e+02;1.1568828e-02;2.1750000e+02;2.9740058e-02;2.1750000e+02;5.2538719e-02;2.1750000e+02;7.8159481e-02;2.1750000e+02;1.0411187e-01;2.1750000e+02;1.2748089e-01;2.1750000e+02;1.4700511e-01;2.1750000e+02;1.6678980e-01;2.1750000e+02;1.9314647e-01;2.1750000e+02;2.1940246e-01;2.1750000e+02;2.3227182e-01;2.1750000e+02;2.1811296e-01;2.1750000e+02;1.8161419e-01;2.1750000e+02;1.3218114e-01;2.1750000e+02;8.1254199e-02;2.1750000e+02;3.4680098e-02;2.1750000e+02;-8.3189253e-03;2.1750000e+02;-1.3816301e-03;2.1750000e+02;1.1568828e-02;2.1750000e+02;2.9740058e-02;2.1750000e+02;5.2538719e-02;2.1750000e+02;7.8159481e-02;2.1750000e+02;1.0411187e-01;2.1750000e+02;1.2748089e-01;2.1750000e+02;1.4700511e-01;2.1750000e+02;1.6678980e-01;2.1750000e+02;1.9314647e-01;2.1750000e+02;2.1940246e-01;2.1750000e+02;2.3227182e-01;2.1750000e+02;2.1811296e-01;2.1750000e+02;1.8161419e-01;2.1750000e+02;1.3218114e-01;2.1750000e+02;8.1254199e-02;2.1750000e+02;3.4680098e-02;2.1750000e+02;-8.3189253e-03;2.1750000e+02;-1.3816301e-03;2.1750000e+02;1.1568828e-02;2.1750000e+02;2.9740058e-02;2.1750000e+02;5.2538719e-02;2.1750000e+02;7.8159481e-02;2.1750000e+02;1.0411187e-01;2.1750000e+02;1.2748089e-01;2.1750000e+02;1.4700511e-01;2.1750000e+02;1.6678980e-01;2.1750000e+02;1.9314647e-01;2.1750000e+02;2.1940246e-01;2.1750000e+02;2.3227182e-01;2.1750000e+02;2.1811296e-01;2.1750000e+02;1.8161419e-01;2.1750000e+02;1.3218114e-01;2.1750000e+02;8.1254199e-02;2.1750000e+02;3.4680098e-02;2.1750000e+02;-8.3189253e-03;2.1750000e+02;-1.3816301e-03;2.1750000e+02;1.1568828e-02;2.1750000e+02;2.9740058e-02;2.1750000e+02;5.2538719e-02;2.1750000e+02;7.8159481e-02;2.1750000e+02;1.0411187e-01;2.1750000e+02;1.2748089e-01;2.1750000e+02;1.4700511e-01;2.1750000e+02;1.6678980e-01;2.1750000e+02;1.9314647e-01;2.1750000e+02;2.1940246e-01;2.1750000e+02;2.3227182e-01;2.1750000e+02;2.1811296e-01;2.1750000e+02;1.8161419e-01;2.1750000e+02;1.3218114e-01;2.1750000e+02;8.1254199e-02;2.1750000e+02;3.4680098e-02;2.1750000e+02;-8.3189253e-03;2.1750000e+02;-1.3816301e-03;2.1750000e+02;1.1568828e-02;2.1750000e+02;2.9740058e-02;2.1750000e+02;5.2538719e-02;2.1750000e+02;7.8159481e-02;2.1750000e+02;1.0411187e-01;2.1750000e+02;1.2748089e-01;2.1750000e+02;1.4700511e-01;2.1750000e+02;1.6678980e-01;2.1750000e+02;1.9314647e-01;2.1750000e+02;2.1940246e-01;2.1750000e+02;2.3227182e-01;2.1750000e+02;2.1811296e-01;2.1750000e+02;1.8161419e-01;2.1750000e+02;1.3218114e-01;2.1750000e+02;8.1254199e-02;2.1750000e+02;3.4680098e-02;2.1750000e+02;-8.3189253e-03;2.1750000e+02;-1.3816301e-03;2.1750000e+02;1.1568828e-02;2.1750000e+02;2.9740058e-02;2.1750000e+02;5.2538719e-02;2.1750000e+02;7.8159481e-02;2.1750000e+02;1.0411187e-01;2.1750000e+02;1.2748089e-01;2.1750000e+02;1.4700511e-01;2.1750000e+02;1.6678980e-01;2.1750000e+02;1.9314647e-01;2.1750000e+02;2.1940246e-01;2.1750000e+02;2.3227182e-01;2.1750000e+02;2.1811296e-01;2.1750000e+02;1.8161419e-01;2.1750000e+02;1.3218114e-01;2.1750000e+02;8.1254199e-02;2.1750000e+02;3.4680098e-02;2.1750000e+02;-8.3189253e-03;2.1750000e+02;-1.3816301e-03;2.1750000e+02;1.1568828e-02;2.1750000e+02;2.9740058e-02;2.1750000e+02;5.2538719e-02;2.1750000e+02;7.8159481e-02;2.1750000e+02;1.0411187e-01;2.1750000e+02;1.2748089e-01;2.1750000e+02;1.4700511e-01;2.1750000e+02;1.6678980e-01;2.1750000e+02;1.9314647e-01;2.1750000e+02;2.1940246e-01;2.1750000e+02;2.3227182e-01;2.1750000e+02;2.1811296e-01;2.1750000e+02;1.8161419e-01;2.1750000e+02;1.3218114e-01;2.1750000e+02;8.1254199e-02;2.1750000e+02;3.4680098e-02;2.1750000e+02;-8.3189253e-03;2.1750000e+02;-1.3816301e-03;2.1750000e+02;1.1568828e-02;2.1750000e+02;2.9740058e-02;2.1750000e+02;5.2538719e-02;2.1750000e+02;7.8159481e-02;2.1750000e+02;1.0411187e-01;2.1750000e+02;1.2748089e-01;2.1750000e+02;1.4700511e-01;2.1750000e+02;1.6678980e-01;2.1750000e+02;1.9314647e-01;2.1750000e+02;2.1940246e-01;2.1750000e+02;2.3227182e-01;2.1750000e+02;2.1811296e-01;2.1750000e+02;1.8161419e-01;2.1750000e+02;1.3218114e-01;2.1750000e+02;8.1254199e-02;2.1750000e+02;3.4680098e-02;2.1750000e+02;-8.3189253e-03;2.1750000e+02;-1.3816301e-03;2.1750000e+02;1.1568828e-02;2.1750000e+02;2.9740058e-02;2.1750000e+02;5.2538719e-02;2.1750000e+02;7.8159481e-02;2.1750000e+02;1.0411187e-01;2.1750000e+02;1.2748089e-01;2.1750000e+02;1.4700511e-01;2.1750000e+02;1.6678980e-01;2.1750000e+02;1.9314647e-01;2.1750000e+02;2.1940246e-01;2.1750000e+02;2.3227182e-01;2.1750000e+02;2.1811296e-01;2.1750000e+02;1.8161419e-01;2.1750000e+02;1.3218114e-01;2.1750000e+02;8.1254199e-02;2.1750000e+02;3.4680098e-02;2.1750000e+02;-8.3189253e-03;2.1750000e+02;-1.3816301e-03;2.1750000e+02;1.1568828e-02;2.1750000e+02;2.9740058e-02;2.1750000e+02;5.2538719e-02;2.1750000e+02;7.8159481e-02;2.1750000e+02;1.0411187e-01;2.1750000e+02;1.2748089e-01;2.1750000e+02;1.4700511e-01;2.1750000e+02;1.6678980e-01;2.1750000e+02;1.9314647e-01;2.1750000e+02;2.1940246e-01;2.1750000e+02;2.3227182e-01;2.1750000e+02;2.1811296e-01;2.1750000e+02;1.8161419e-01;2.1750000e+02;1.3218114e-01;2.1750000e+02;8.1254199e-02;2.1750000e+02;3.4680098e-02;2.1750000e+02;-8.3189253e-03;2.1750000e+02;-1.3816301e-03;2.1750000e+02;1.1568828e-02;2.1750000e+02;2.9740058e-02;2.1750000e+02;5.2538719e-02;2.1750000e+02;7.8159481e-02;2.1750000e+02;1.0411187e-01;2.1750000e+02;1.2748089e-01;2.1750000e+02;1.4700511e-01;2.1750000e+02;1.6678980e-01;2.1750000e+02;1.9314647e-01;2.1750000e+02;2.1940246e-01;2.1750000e+02;2.3227182e-01;2.1750000e+02;2.1811296e-01;2.1750000e+02;1.8161419e-01;2.1750000e+02;1.3218114e-01;2.1750000e+02;8.1254199e-02;2.1750000e+02;3.4680098e-02;2.1750000e+02;-8.3189253e-03;2.1750000e+02;-1.3816301e-03;2.1750000e+02;1.1568828e-02;2.1750000e+02;2.9740058e-02;2.1750000e+02;5.2538719e-02;2.1750000e+02;7.8159481e-02;2.1750000e+02;1.0411187e-01;2.1750000e+02;1.2748089e-01;2.1750000e+02;1.4700511e-01;2.1750000e+02;1.6678980e-01;2.1750000e+02;1.9314647e-01;2.1750000e+02;2.1940246e-01;2.1750000e+02;2.3227182e-01;2.1750000e+02;2.1811296e-01;2.1750000e+02;1.8161419e-01;2.1750000e+02;1.3218114e-01;2.1750000e+02;8.1254199e-02;2.1750000e+02;3.4680098e-02;2.1750000e+02;-8.3189253e-03;2.1750000e+02;-1.3816301e-03;2.1750000e+02;1.1568828e-02;2.1750000e+02;2.9740058e-02;2.1750000e+02;5.2538719e-02;2.1750000e+02;7.8159481e-02;2.1750000e+02;1.0411187e-01;2.1750000e+02;1.2748089e-01;2.1750000e+02;1.4700511e-01;2.1750000e+02;1.6678980e-01;2.1750000e+02;1.9314647e-01;2.1750000e+02;2.1940246e-01;2.1750000e+02;2.3227182e-01;2.1750000e+02;2.1811296e-01;2.1750000e+02;1.8161419e-01;2.1750000e+02;1.3218114e-01;2.1750000e+02;8.1254199e-02;2.1750000e+02;3.4680098e-02;2.1750000e+02;-8.3189253e-03;2.1750000e+02;-1.3816301e-03;2.1750000e+02;1.1568828e-02;2.1750000e+02;2.9740058e-02;2.1750000e+02;5.2538719e-02;2.1750000e+02;7.8159481e-02;2.1750000e+02;1.0411187e-01;2.1750000e+02;1.2748089e-01;2.1750000e+02;1.4700511e-01;2.1750000e+02;1.6678980e-01;2.1750000e+02;1.9314647e-01;2.1750000e+02;2.1940246e-01;2.1750000e+02;2.3227182e-01;2.1750000e+02;2.1811296e-01;2.1750000e+02;1.8161419e-01;2.1750000e+02;1.3218114e-01;2.1750000e+02;8.1254199e-02;2.1750000e+02;3.4680098e-02;2.1750000e+02;-8.3189253e-03;2.1750000e+02;-1.3816301e-03;2.1750000e+02;1.1568828e-02;2.1750000e+02;2.9740058e-02;2.1750000e+02;5.2538719e-02;2.1750000e+02;7.8159481e-02;2.1750000e+02;1.0411187e-01;2.1750000e+02;1.2748089e-01;2.1750000e+02;1.4700511e-01;2.1750000e+02;1.6678980e-01;2.1750000e+02;1.9314647e-01;2.1750000e+02;2.1940246e-01;2.1750000e+02;2.3227182e-01;2.1750000e+02;2.1811296e-01;2.1750000e+02;1.8161419e-01;2.1750000e+02;1.3218114e-01;2.1750000e+02;8.1254199e-02;2.1750000e+02;3.4680098e-02;2.1750000e+02;-8.3189253e-03;2.1750000e+02;-1.3816301e-03;2.1750000e+02;1.1568828e-02;2.1750000e+02;2.9740058e-02;2.1750000e+02;5.2538719e-02;2.1750000e+02;7.8159481e-02;2.1750000e+02;1.0411187e-01;2.1750000e+02;1.2748089e-01;2.1750000e+02;1.4700511e-01;2.1750000e+02;1.6678980e-01;2.1750000e+02;1.9314647e-01;2.1750000e+02;2.1940246e-01;2.1750000e+02;2.3227182e-01;2.1750000e+02;2.1811296e-01;2.1750000e+02;1.8161419e-01;2.1750000e+02;1.3218114e-01;2.1750000e+02;8.1254199e-02;2.1750000e+02;3.4680098e-02;2.1750000e+02;-8.3189253e-03;2.1750000e+02;-1.3816301e-03;2.1750000e+02;1.1568828e-02;2.1750000e+02;2.9740058e-02;2.1750000e+02;5.2538719e-02;2.1750000e+02;7.8159481e-02;2.1750000e+02;1.0411187e-01;2.1750000e+02;1.2748089e-01;2.1750000e+02;1.4700511e-01;2.1750000e+02;1.6678980e-01;2.1750000e+02;1.9314647e-01;2.1750000e+02;2.1940246e-01;2.1750000e+02;2.3227182e-01;2.1750000e+02;2.1811296e-01;2.1750000e+02;1.8161419e-01;2.1750000e+02;1.3218114e-01;2.1750000e+02;8.1254199e-02;2.1750000e+02;3.4680098e-02;2.1750000e+02;-8.3189253e-03;2.1750000e+02;-1.3816301e-03;2.1750000e+02;1.1568828e-02;2.1750000e+02;2.9740058e-02;2.1750000e+02;5.2538719e-02;2.1750000e+02;7.8159481e-02;2.1750000e+02;1.0411187e-01;2.1750000e+02;1.2748089e-01;2.1750000e+02;1.4700511e-01;2.1750000e+02;1.6678980e-01;2.1750000e+02;1.9314647e-01;2.1750000e+02;2.1940246e-01;2.1750000e+02;2.3227182e-01;2.1750000e+02;2.1811296e-01;2.1750000e+02;1.8161419e-01;2.1750000e+02;1.3218114e-01;2.1750000e+02;8.1254199e-02;2.1750000e+02;3.4680098e-02;2.1750000e+02;-8.3189253e-03;2.1750000e+02;-1.3816301e-03;2.1750000e+02;1.1568828e-02;2.1750000e+02;2.9740058e-02;2.1750000e+02;5.2538719e-02;2.1750000e+02;7.8159481e-02;2.1750000e+02;1.0411187e-01;2.1750000e+02;1.2748089e-01;2.1750000e+02;1.4700511e-01;2.1750000e+02;1.6678980e-01;2.1750000e+02;1.9314647e-01;2.1750000e+02;2.1940246e-01;2.1750000e+02;2.3227182e-01;2.1750000e+02;2.1811296e-01;2.1750000e+02;1.8161419e-01;2.1750000e+02;1.3218114e-01;2.1750000e+02;8.1254199e-02;2.1750000e+02;3.4680098e-02;2.1750000e+02;-8.3189253e-03;2.1750000e+02;-1.3816301e-03;2.1750000e+02;1.1568828e-02;2.1750000e+02;2.9740058e-02;2.1750000e+02;5.2538719e-02;2.1750000e+02;7.8159481e-02;2.1750000e+02;1.0411187e-01;2.1750000e+02;1.2748089e-01;2.1750000e+02;1.4700511e-01;2.1750000e+02;1.6678980e-01;2.1750000e+02;1.9314647e-01;2.1750000e+02;2.1940246e-01;2.1750000e+02;2.3227182e-01;2.1750000e+02;2.1811296e-01;2.1750000e+02;1.8161419e-01;2.1750000e+02;1.3218114e-01;2.1750000e+02;8.1254199e-02;2.1750000e+02;3.4680098e-02;2.1750000e+02;-8.3189253e-03;2.1750000e+02;-1.3816301e-03;2.1750000e+02;1.1568828e-02;2.1750000e+02;2.9740058e-02;2.1750000e+02;5.2538719e-02;2.1750000e+02;7.8159481e-02;2.1750000e+02;1.0411187e-01;2.1750000e+02;1.2748089e-01;2.1750000e+02;1.4700511e-01;2.1750000e+02;1.6678980e-01;2.1750000e+02;1.9314647e-01;2.1750000e+02;2.1940246e-01;2.1750000e+02;2.3227182e-01;2.1750000e+02;2.1811296e-01;2.1750000e+02;1.8161419e-01;2.1750000e+02;1.3218114e-01;2.1750000e+02;8.1254199e-02;2.1750000e+02;3.4680098e-02;2.1750000e+02;-8.3189253e-03;2.1750000e+02;-1.3816301e-03;2.1750000e+02;1.1568828e-02;2.1750000e+02;2.9740058e-02;2.1750000e+02;5.2538719e-02;2.1750000e+02;7.8159481e-02;2.1750000e+02;1.0411187e-01;2.1750000e+02;1.2748089e-01;2.1750000e+02;1.4700511e-01;2.1750000e+02;1.6678980e-01;2.1750000e+02;1.9314647e-01;2.1750000e+02;2.1940246e-01;2.1750000e+02;2.3227182e-01;2.1750000e+02;2.1811296e-01;2.1750000e+02;1.8161419e-01;2.1750000e+02;1.3218114e-01;2.1750000e+02;8.1254199e-02;2.1750000e+02;3.4680098e-02;2.1750000e+02;-8.3189253e-03;2.1750000e+02;-1.3816301e-03;2.1750000e+02;1.1568828e-02;2.1750000e+02;2.9740058e-02;2.1750000e+02;5.2538719e-02;2.1750000e+02;7.8159481e-02;2.1750000e+02;1.0411187e-01;2.1750000e+02;1.2748089e-01;2.1750000e+02;1.4700511e-01;2.1750000e+02;1.6678980e-01;2.1750000e+02;1.9314647e-01;2.1750000e+02;2.1940246e-01;2.1750000e+02;2.3227182e-01;2.1750000e+02;2.1811296e-01;2.1750000e+02;1.8161419e-01;2.1750000e+02;1.3218114e-01;2.1750000e+02;8.1254199e-02;2.1750000e+02;3.4680098e-02;2.1750000e+02;-8.3189253e-03;2.1750000e+02;-1.3816301e-03;2.1750000e+02;1.1568828e-02;2.1750000e+02;2.9740058e-02;2.1750000e+02;5.2538719e-02;2.1750000e+02;7.8159481e-02;2.1750000e+02;1.0411187e-01;2.1750000e+02;1.2748089e-01;2.1750000e+02;1.4700511e-01;2.1750000e+02;1.6678980e-01;2.1750000e+02;1.9314647e-01;2.1750000e+02;2.1940246e-01;2.1750000e+02;2.3227182e-01;2.1750000e+02;2.1811296e-01;2.1750000e+02;1.8161419e-01;2.1750000e+02;1.3218114e-01;2.1750000e+02;8.1254199e-02;2.1750000e+02;3.4680098e-02;2.1750000e+02;-8.3189253e-03;2.1750000e+02;-1.3816301e-03;2.1750000e+02;1.1568828e-02;2.1750000e+02;2.9740058e-02;2.1750000e+02;5.2538719e-02;2.1750000e+02;7.8159481e-02;2.1750000e+02;1.0411187e-01;2.1750000e+02;1.2748089e-01;2.1750000e+02;1.4700511e-01;2.1750000e+02;1.6678980e-01;2.1750000e+02;1.9314647e-01;2.1750000e+02;2.1940246e-01;2.1750000e+02;2.3227182e-01;2.1750000e+02;2.1811296e-01;2.1750000e+02;1.8161419e-01;2.1750000e+02;1.3218114e-01;2.1750000e+02;8.1254199e-02;2.1750000e+02;3.4680098e-02;2.1750000e+02;-8.3189253e-03;2.1750000e+02;-1.3816301e-03;2.1750000e+02;1.1568828e-02;2.1750000e+02;2.9740058e-02;2.1750000e+02;5.2538719e-02;2.1750000e+02;7.8159481e-02;2.1750000e+02;1.0411187e-01;2.1750000e+02;1.2748089e-01;2.1750000e+02;1.4700511e-01;2.1750000e+02;1.6678980e-01;2.1750000e+02;1.9314647e-01;2.1750000e+02;2.1940246e-01;2.1750000e+02;2.3227182e-01;2.1750000e+02;2.1811296e-01;2.1750000e+02;1.8161419e-01;2.1750000e+02;1.3218114e-01;2.1750000e+02;8.1254199e-02;2.1750000e+02;3.4680098e-02;2.1750000e+02;-8.3189253e-03;2.1750000e+02;-1.3816301e-03;2.1750000e+02;1.1568828e-02;2.1750000e+02;2.9740058e-02;2.1750000e+02;5.2538719e-02;2.1750000e+02;7.8159481e-02;2.1750000e+02;1.0411187e-01;2.1750000e+02;1.2748089e-01;2.1750000e+02;1.4700511e-01;2.1750000e+02;1.6678980e-01;2.1750000e+02;1.9314647e-01;2.1750000e+02;2.1940246e-01;2.1750000e+02;2.3227182e-01;2.1750000e+02;2.1811296e-01;2.1750000e+02;1.8161419e-01;2.1750000e+02;1.3218114e-01;2.1750000e+02;8.1254199e-02;2.1750000e+02;3.4680098e-02;2.1750000e+02;-8.3189253e-03;2.1750000e+02;-1.3816301e-03;2.1750000e+02;1.1568828e-02;2.1750000e+02;2.9740058e-02;2.1750000e+02;5.2538719e-02;2.1750000e+02;7.8159481e-02;2.1750000e+02;1.0411187e-01;2.1750000e+02;1.2748089e-01;2.1750000e+02;1.4700511e-01;2.1750000e+02;1.6678980e-01;2.1750000e+02;1.9314647e-01;2.1750000e+02;2.1940246e-01;2.1750000e+02;2.3227182e-01;2.1750000e+02;2.1811296e-01;2.1750000e+02;1.8161419e-01;2.1750000e+02;1.3218114e-01;2.1750000e+02;8.1254199e-02;2.1750000e+02;3.4680098e-02;2.1750000e+02;-8.3189253e-03;2.1750000e+02;-1.3816301e-03;2.1750000e+02;1.1568828e-02;2.1750000e+02;2.9740058e-02;2.1750000e+02;5.2538719e-02;2.1750000e+02;7.8159481e-02;2.1750000e+02;1.0411187e-01;2.1750000e+02;1.2748089e-01;2.1750000e+02;1.4700511e-01;2.1750000e+02;1.6678980e-01;2.1750000e+02;1.9314647e-01;2.1750000e+02;2.1940246e-01;2.1750000e+02;2.3227182e-01;2.1750000e+02;2.1811296e-01;2.1750000e+02;1.8161419e-01;2.1750000e+02;1.3218114e-01;2.1750000e+02;8.1254199e-02;2.1750000e+02;3.4680098e-02;2.1750000e+02;-8.3189253e-03;2.1750000e+02;-1.3816301e-03;2.1750000e+02;1.1568828e-02;2.1750000e+02;2.9740058e-02;2.1750000e+02;5.2538719e-02;2.1750000e+02;7.8159481e-02;2.1750000e+02;1.0411187e-01;2.1750000e+02;1.2748089e-01;2.1750000e+02;1.4700511e-01;2.1750000e+02;1.6678980e-01;2.1750000e+02;1.9314647e-01;2.1750000e+02;2.1940246e-01;2.1750000e+02;2.3227182e-01;2.1750000e+02;2.1811296e-01;2.1750000e+02;1.8161419e-01;2.1750000e+02;1.3218114e-01;2.1750000e+02;8.1254199e-02;2.1750000e+02;3.4680098e-02;2.1750000e+02;-8.3189253e-03;2.1750000e+02;-1.3816301e-03;2.1750000e+02;1.1568828e-02;2.1750000e+02;2.9740058e-02;2.1750000e+02;5.2538719e-02;2.1750000e+02;7.8159481e-02;2.1750000e+02;1.0411187e-01;2.1750000e+02;1.2748089e-01;2.1750000e+02;1.4700511e-01;2.1750000e+02;1.6678980e-01;2.1750000e+02;1.9314647e-01;2.1750000e+02;2.1940246e-01;2.1750000e+02;2.3227182e-01;2.1750000e+02;2.1811296e-01;2.1750000e+02;1.8161419e-01;2.1750000e+02;1.3218114e-01;2.1750000e+02;8.1254199e-02;2.1750000e+02;3.4680098e-02;2.1750000e+02;-8.3189253e-03;2.1750000e+02;-1.3816301e-03;2.1750000e+02;1.1568828e-02;2.1750000e+02;2.9740058e-02;2.1750000e+02;5.2538719e-02;2.1750000e+02;7.8159481e-02;2.1750000e+02;1.0411187e-01;2.1750000e+02;1.2748089e-01;2.1750000e+02;1.4700511e-01;2.1750000e+02;1.6678980e-01;2.1750000e+02;1.9314647e-01;2.1750000e+02;2.1940246e-01;2.1750000e+02;2.3227182e-01;2.1750000e+02;2.1811296e-01;2.1750000e+02;1.8161419e-01;2.1750000e+02;1.3218114e-01;2.1750000e+02;8.1254199e-02;2.1750000e+02;3.4680098e-02;2.1750000e+02;-8.3189253e-03;2.1750000e+02;-1.3816301e-03;2.1750000e+02;1.1568828e-02;2.1750000e+02;2.9740058e-02;2.1750000e+02;5.2538719e-02;2.1750000e+02;7.8159481e-02;2.1750000e+02;1.0411187e-01;2.1750000e+02;1.2748089e-01;2.1750000e+02;1.4700511e-01;2.1750000e+02;1.6678980e-01;2.1750000e+02;1.9314647e-01;2.1750000e+02;2.1940246e-01;2.1750000e+02;2.3227182e-01;2.1750000e+02;2.1811296e-01;2.1750000e+02;1.8161419e-01;2.1750000e+02;1.3218114e-01;2.1750000e+02;8.1254199e-02;2.1750000e+02;3.4680098e-02;2.1750000e+02;-8.3189253e-03;2.1750000e+02;-1.3816301e-03;2.1750000e+02;1.1568828e-02;2.1750000e+02;2.9740058e-02;2.1750000e+02;5.2538719e-02;2.1750000e+02;7.8159481e-02;2.1750000e+02;1.0411187e-01;2.1750000e+02;1.2748089e-01;2.1750000e+02;1.4700511e-01;2.1750000e+02;1.6678980e-01;2.1750000e+02;1.9314647e-01;2.1750000e+02;2.1940246e-01;2.1750000e+02;2.3227182e-01;2.1750000e+02;2.1811296e-01;2.1750000e+02;1.8161419e-01;2.1750000e+02;1.3218114e-01;2.1750000e+02;8.1254199e-02;2.1750000e+02;3.4680098e-02;2.1750000e+02;-8.3189253e-03;2.1750000e+02;-1.3816301e-03;2.1750000e+02;1.1568828e-02;2.1750000e+02;2.9740058e-02;2.1750000e+02;5.2538719e-02;2.1750000e+02;7.8159481e-02;2.1750000e+02;1.0411187e-01;2.1750000e+02;1.2748089e-01;2.1750000e+02;1.4700511e-01;2.1750000e+02;1.6678980e-01;2.1750000e+02;1.9314647e-01;2.1750000e+02;2.1940246e-01;2.1750000e+02;2.3227182e-01;2.1750000e+02;2.1811296e-01;2.1750000e+02;1.8161419e-01;2.1750000e+02;1.3218114e-01;2.1750000e+02;8.1254199e-02;2.1750000e+02;3.4680098e-02;2.1750000e+02;-8.3189253e-03;2.1750000e+02;-1.3816301e-03;2.1750000e+02;1.1568828e-02;2.1750000e+02;2.9740058e-02;2.1750000e+02;5.2538719e-02;2.1750000e+02;7.8159481e-02;2.1750000e+02;1.0411187e-01;2.1750000e+02;1.2748089e-01;2.1750000e+02;1.4700511e-01;2.1750000e+02;1.6678980e-01;2.1750000e+02;1.9314647e-01;2.1750000e+02;2.1940246e-01;2.1750000e+02;2.3227182e-01;2.1750000e+02;2.1811296e-01;2.1750000e+02;1.8161419e-01;2.1750000e+02;1.3218114e-01;2.1750000e+02;8.1254199e-02;2.1750000e+02;3.4680098e-02;2.1750000e+02;-8.3189253e-03;2.1750000e+02;-1.3816301e-03;2.1750000e+02;1.1568828e-02;2.1750000e+02;2.9740058e-02;2.1750000e+02;5.2538719e-02;2.1750000e+02;7.8159481e-02;2.1750000e+02;1.0411187e-01;2.1750000e+02;1.2748089e-01;2.1750000e+02;1.4700511e-01;2.1750000e+02;1.6678980e-01;2.1750000e+02;1.9314647e-01;2.1750000e+02;2.1940246e-01;2.1750000e+02;2.3227182e-01;2.1750000e+02;2.1811296e-01;2.1750000e+02;1.8161419e-01;2.1750000e+02;1.3218114e-01;2.1750000e+02;8.1254199e-02;2.1750000e+02;3.4680098e-02;2.1750000e+02;-8.3189253e-03;2.1750000e+02;-1.3816301e-03;2.1750000e+02;1.1568828e-02;2.1750000e+02;2.9740058e-02;2.1750000e+02;5.2538719e-02;2.1750000e+02;7.8159481e-02;2.1750000e+02;1.0411187e-01;2.1750000e+02;1.2748089e-01;2.1750000e+02;1.4700511e-01;2.1750000e+02;1.6678980e-01;2.1750000e+02;1.9314647e-01;2.1750000e+02;2.1940246e-01;2.1750000e+02;2.3227182e-01;2.1750000e+02;2.1811296e-01;2.1750000e+02;1.8161419e-01;2.1750000e+02;1.3218114e-01;2.1750000e+02;8.1254199e-02;2.1750000e+02;3.4680098e-02;2.1750000e+02;-8.3189253e-03;2.1750000e+02;-1.3816301e-03;2.1750000e+02;1.1568828e-02;2.1750000e+02;2.9740058e-02;2.1750000e+02;5.2538719e-02;2.1750000e+02;7.8159481e-02;2.1750000e+02;1.0411187e-01;2.1750000e+02;1.2748089e-01;2.1750000e+02;1.4700511e-01;2.1750000e+02;1.6678980e-01;2.1750000e+02;1.9314647e-01;2.1750000e+02;2.1940246e-01;2.1750000e+02;2.3227182e-01;2.1750000e+02;2.1811296e-01;2.1750000e+02;1.8161419e-01;2.1750000e+02;1.3218114e-01;2.1750000e+02;8.1254199e-02;2.1750000e+02;3.4680098e-02;2.1750000e+02;-8.3189253e-03;2.1750000e+02;-1.3816301e-03;2.1750000e+02;1.1568828e-02;2.1750000e+02;2.9740058e-02;2.1750000e+02;5.2538719e-02;2.1750000e+02;7.8159481e-02;2.1750000e+02;1.0411187e-01;2.1750000e+02;1.2748089e-01;2.1750000e+02;1.4700511e-01;2.1750000e+02;1.6678980e-01;2.1750000e+02;1.9314647e-01;2.1750000e+02;2.1940246e-01;2.1750000e+02;2.3227182e-01;2.1750000e+02;2.1811296e-01;2.1750000e+02;1.8161419e-01;2.1750000e+02;1.3218114e-01;2.1750000e+02;8.1254199e-02;2.1750000e+02;3.4680098e-02;2.1750000e+02;-8.3189253e-03;2.1750000e+02;-1.3816301e-03;2.1750000e+02;1.1568828e-02;2.1750000e+02;2.9740058e-02;2.1750000e+02;5.2538719e-02;2.1750000e+02;7.8159481e-02;2.1750000e+02;1.0411187e-01;2.1750000e+02;1.2748089e-01;2.1750000e+02;1.4700511e-01;2.1750000e+02;1.6678980e-01;2.1750000e+02;1.9314647e-01;2.1750000e+02;2.1940246e-01;2.1750000e+02;2.3227182e-01;2.1750000e+02;2.1811296e-01;2.1750000e+02;1.8161419e-01;2.1750000e+02;1.3218114e-01;2.1750000e+02;8.1254199e-02;2.1750000e+02;3.4680098e-02;2.1750000e+02;-8.3189253e-03;2.1750000e+02;-1.3816301e-03;2.1750000e+02;1.1568828e-02;2.1750000e+02;2.9740058e-02;2.1750000e+02;5.2538719e-02;2.1750000e+02;7.8159481e-02;2.1750000e+02;1.0411187e-01;2.1750000e+02;1.2748089e-01;2.1750000e+02;1.4700511e-01;2.1750000e+02;1.6678980e-01;2.1750000e+02;1.9314647e-01;2.1750000e+02;2.1940246e-01;2.1750000e+02;2.3227182e-01;2.1750000e+02;2.1811296e-01;2.1750000e+02;1.8161419e-01;2.1750000e+02;1.3218114e-01;2.1750000e+02;8.1254199e-02;2.1750000e+02;3.4680098e-02;2.1750000e+02;-8.3189253e-03;2.1750000e+02;-1.3816301e-03;2.1750000e+02;1.1568828e-02;2.1750000e+02;2.9740058e-02;2.1750000e+02;5.2538719e-02;2.1750000e+02;7.8159481e-02;2.1750000e+02;1.0411187e-01;2.1750000e+02;1.2748089e-01;2.1750000e+02;1.4700511e-01;2.1750000e+02;1.6678980e-01;2.1750000e+02;1.9314647e-01;2.1750000e+02;2.1940246e-01;2.1750000e+02;2.3227182e-01;2.1750000e+02;2.1811296e-01;2.1750000e+02;1.8161419e-01;2.1750000e+02;1.3218114e-01;2.1750000e+02;8.1254199e-02;2.1750000e+02;3.4680098e-02;2.1750000e+02;-8.3189253e-03;2.1750000e+02;-1.3816301e-03;2.1750000e+02;1.1568828e-02;2.1750000e+02;2.9740058e-02;2.1750000e+02;5.2538719e-02;2.1750000e+02;7.8159481e-02;2.1750000e+02;1.0411187e-01;2.1750000e+02;1.2748089e-01;2.1750000e+02;1.4700511e-01;2.1750000e+02;1.6678980e-01;2.1750000e+02;1.9314647e-01;2.1750000e+02;2.1940246e-01;2.1750000e+02;2.3227182e-01;2.1750000e+02;2.1811296e-01;2.1750000e+02;1.8161419e-01;2.1750000e+02;1.3218114e-01;2.1750000e+02;8.1254199e-02;2.1750000e+02;3.4680098e-02;2.1750000e+02;-8.3189253e-03;2.1750000e+02;-1.3816301e-03;2.1750000e+02;1.1568828e-02;2.1750000e+02;2.9740058e-02;2.1750000e+02;5.2538719e-02;2.1750000e+02;7.8159481e-02;2.1750000e+02;1.0411187e-01;2.1750000e+02;1.2748089e-01;2.1750000e+02;1.4700511e-01;2.1750000e+02;1.6678980e-01;2.1750000e+02;1.9314647e-01;2.1750000e+02;2.1940246e-01;2.1750000e+02;2.3227182e-01;2.1750000e+02;2.1811296e-01;2.1750000e+02;1.8161419e-01;2.1750000e+02;1.3218114e-01;2.1750000e+02;8.1254199e-02;2.1750000e+02;3.4680098e-02;2.1750000e+02;-8.3189253e-03;2.1750000e+02;-1.3816301e-03;2.1750000e+02;1.1568828e-02;2.1750000e+02;2.9740058e-02;2.1750000e+02;5.2538719e-02;2.1750000e+02;7.8159481e-02;2.1750000e+02;1.0411187e-01;2.1750000e+02;1.2748089e-01;2.1750000e+02;1.4700511e-01;2.1750000e+02;1.6678980e-01;2.1750000e+02;1.9314647e-01;2.1750000e+02;2.1940246e-01;2.1750000e+02;2.3227182e-01;2.1750000e+02;2.1811296e-01;2.1750000e+02;1.8161419e-01;2.1750000e+02;1.3218114e-01;2.1750000e+02;8.1254199e-02;2.1750000e+02;3.4680098e-02;2.1750000e+02;-8.3189253e-03;2.1750000e+02;-1.3816301e-03;2.1750000e+02;1.1568828e-02;2.1750000e+02;2.9740058e-02;2.1750000e+02;5.2538719e-02;2.1750000e+02;7.8159481e-02;2.1750000e+02;1.0411187e-01;2.1750000e+02;1.2748089e-01;2.1750000e+02;1.4700511e-01;2.1750000e+02;1.6678980e-01;2.1750000e+02;1.9314647e-01;2.1750000e+02;2.1940246e-01;2.1750000e+02;2.3227182e-01;2.1750000e+02;2.1811296e-01;2.1750000e+02;1.8161419e-01;2.1750000e+02;1.3218114e-01;2.1750000e+02;8.1254199e-02;2.1750000e+02;3.4680098e-02;2.1750000e+02;-8.3189253e-03;2.1750000e+02;-1.3816301e-03;2.1750000e+02;1.1568828e-02;2.1750000e+02;2.9740058e-02;2.1750000e+02;5.2538719e-02;2.1750000e+02;7.8159481e-02;2.1750000e+02;1.0411187e-01;2.1750000e+02;1.2748089e-01;2.1750000e+02;1.4700511e-01;2.1750000e+02;1.6678980e-01;2.1750000e+02;1.9314647e-01;2.1750000e+02;2.1940246e-01;2.1750000e+02;2.3227182e-01;2.1750000e+02;2.1811296e-01;2.1750000e+02;1.8161419e-01;2.1750000e+02;1.3218114e-01;2.1750000e+02;8.1254199e-02;2.1750000e+02;3.4680098e-02;2.1750000e+02;-8.3189253e-03;2.1750000e+02;-1.3816301e-03;2.1750000e+02;1.1568828e-02;2.1750000e+02;2.9740058e-02;2.1750000e+02;5.2538719e-02;2.1750000e+02;7.8159481e-02;2.1750000e+02;1.0411187e-01;2.1750000e+02;1.2748089e-01;2.1750000e+02;1.4700511e-01;2.1750000e+02;1.6678980e-01;2.1750000e+02;1.9314647e-01;2.1750000e+02;2.1940246e-01;2.1750000e+02;2.3227182e-01;2.1750000e+02;2.1811296e-01;2.1750000e+02;1.8161419e-01;2.1750000e+02;1.3218114e-01;2.1750000e+02;8.1254199e-02;2.1750000e+02;3.4680098e-02;2.1750000e+02;-8.3189253e-03;2.1750000e+02;-1.3816301e-03;2.1750000e+02;1.1568828e-02;2.1750000e+02;2.9740058e-02;2.1750000e+02;5.2538719e-02;2.1750000e+02;7.8159481e-02;2.1750000e+02;1.0411187e-01;2.1750000e+02;1.2748089e-01;2.1750000e+02;1.4700511e-01;2.1750000e+02;1.6678980e-01;2.1750000e+02;1.9314647e-01;2.1750000e+02;2.1940246e-01;2.1750000e+02;2.3227182e-01;2.1750000e+02;2.1811296e-01;2.1750000e+02;1.8161419e-01;2.1750000e+02;1.3218114e-01;2.1750000e+02;8.1254199e-02;2.1750000e+02;3.4680098e-02;2.1750000e+02;-8.3189253e-03;2.1750000e+02;-1.3816301e-03;2.1750000e+02;1.1568828e-02;2.1750000e+02;2.9740058e-02;2.1750000e+02;5.2538719e-02;2.1750000e+02;7.8159481e-02;2.1750000e+02;1.0411187e-01;2.1750000e+02;1.2748089e-01;2.1750000e+02;1.4700511e-01;2.1750000e+02;1.6678980e-01;2.1750000e+02;1.9314647e-01;2.1750000e+02;2.1940246e-01;2.1750000e+02;2.3227182e-01;2.1750000e+02;2.1811296e-01;2.1750000e+02;1.8161419e-01;2.1750000e+02;1.3218114e-01;2.1750000e+02;8.1254199e-02;2.1750000e+02;3.4680098e-02;2.1750000e+02;-8.3189253e-03;2.1750000e+02;-1.3816301e-03;2.1750000e+02;1.1568828e-02;2.1750000e+02;2.9740058e-02;2.1750000e+02;5.2538719e-02;2.1750000e+02;7.8159481e-02;2.1750000e+02;1.0411187e-01;2.1750000e+02;1.2748089e-01;2.1750000e+02;1.4700511e-01;2.1750000e+02;1.6678980e-01;2.1750000e+02;1.9314647e-01;2.1750000e+02;2.1940246e-01;2.1750000e+02;2.3227182e-01;2.1750000e+02;2.1811296e-01;2.1750000e+02;1.8161419e-01;2.1750000e+02;1.3218114e-01;2.1750000e+02;8.1254199e-02;2.1750000e+02;3.4680098e-02;2.1750000e+02;-8.3189253e-03;2.1750000e+02;-1.3816301e-03;2.1750000e+02;1.1568828e-02;2.1750000e+02;2.9740058e-02;2.1750000e+02;5.2538719e-02;2.1750000e+02;7.8159481e-02;2.1750000e+02;1.0411187e-01;2.1750000e+02;1.2748089e-01;2.1750000e+02;1.4700511e-01;2.1750000e+02;1.6678980e-01;2.1750000e+02;1.9314647e-01;2.1750000e+02;2.1940246e-01;2.1750000e+02;2.3227182e-01;2.1750000e+02;2.1811296e-01;2.1750000e+02;1.8161419e-01;2.1750000e+02;1.3218114e-01;2.1750000e+02;8.1254199e-02;2.1750000e+02;3.4680098e-02;2.1750000e+02;-8.3189253e-03;2.1750000e+02;-1.3816301e-03;2.1750000e+02;1.1568828e-02;2.1750000e+02;2.9740058e-02;2.1750000e+02;5.2538719e-02;2.1750000e+02;7.8159481e-02;2.1750000e+02;1.0411187e-01;2.1750000e+02;1.2748089e-01;2.1750000e+02;1.4700511e-01;2.1750000e+02;1.6678980e-01;2.1750000e+02;1.9314647e-01;2.1750000e+02;2.1940246e-01;2.1750000e+02;2.3227182e-01;2.1750000e+02;2.1811296e-01;2.1750000e+02;1.8161419e-01;2.1750000e+02;1.3218114e-01;2.1750000e+02;8.1254199e-02;2.1750000e+02;3.4680098e-02;2.1750000e+02;-8.3189253e-03;2.1750000e+02;-1.3816301e-03;2.1750000e+02;1.1568828e-02;2.1750000e+02;2.9740058e-02;2.1750000e+02;5.2538719e-02;2.1750000e+02;7.8159481e-02;2.1750000e+02;1.0411187e-01;2.1750000e+02;1.2748089e-01;2.1750000e+02;1.4700511e-01;2.1750000e+02;1.6678980e-01;2.1750000e+02;1.9314647e-01;2.1750000e+02;2.1940246e-01;2.1750000e+02;2.3227182e-01;2.1750000e+02;2.1811296e-01;2.1750000e+02;1.8161419e-01;2.1750000e+02;1.3218114e-01;2.1750000e+02;8.1254199e-02;2.1750000e+02;3.4680098e-02;2.1750000e+02;-8.3189253e-03;2.1750000e+02;-1.3816301e-03;2.1750000e+02;1.1568828e-02;2.1750000e+02;2.9740058e-02;2.1750000e+02;5.2538719e-02;2.1750000e+02;7.8159481e-02;2.1750000e+02;1.0411187e-01;2.1750000e+02;1.2748089e-01;2.1750000e+02;1.4700511e-01;2.1750000e+02;1.6678980e-01;2.1750000e+02;1.9314647e-01;2.1750000e+02;2.1940246e-01;2.1750000e+02;2.3227182e-01;2.1750000e+02;2.1811296e-01;2.1750000e+02;1.8161419e-01;2.1750000e+02;1.3218114e-01;2.1750000e+02;8.1254199e-02;2.1750000e+02;3.4680098e-02;2.1750000e+02;-8.3189253e-03;2.1750000e+02;-1.3816301e-03;2.1750000e+02;1.1568828e-02;2.1750000e+02;2.9740058e-02;2.1750000e+02;5.2538719e-02;2.1750000e+02;7.8159481e-02;2.1750000e+02;1.0411187e-01;2.1750000e+02;1.2748089e-01;2.1750000e+02;1.4700511e-01;2.1750000e+02;1.6678980e-01;2.1750000e+02;1.9314647e-01;2.1750000e+02;2.1940246e-01;2.1750000e+02;2.3227182e-01;2.1750000e+02;2.1811296e-01;2.1750000e+02;1.8161419e-01;2.1750000e+02;1.3218114e-01;2.1750000e+02;8.1254199e-02;2.1750000e+02;3.4680098e-02;2.1750000e+02;-8.3189253e-03;2.1750000e+02;-1.3816301e-03;2.1750000e+02;1.1568828e-02;2.1750000e+02;2.9740058e-02;2.1750000e+02;5.2538719e-02;2.1750000e+02;7.8159481e-02;2.1750000e+02;1.0411187e-01;2.1750000e+02;1.2748089e-01;2.1750000e+02;1.4700511e-01;2.1750000e+02;1.6678980e-01;2.1750000e+02;1.9314647e-01;2.1750000e+02;2.1940246e-01;2.1750000e+02;2.3227182e-01;2.1750000e+02;2.1811296e-01;2.1750000e+02;1.8161419e-01;2.1750000e+02;1.3218114e-01;2.1750000e+02;8.1254199e-02;2.1750000e+02;3.4680098e-02;2.1750000e+02;-8.3189253e-03;2.1750000e+02;-1.3816301e-03;2.1750000e+02;1.1568828e-02;2.1750000e+02;2.9740058e-02;2.1750000e+02;5.2538719e-02;2.1750000e+02;7.8159481e-02;2.1750000e+02;1.0411187e-01;2.1750000e+02;1.2748089e-01;2.1750000e+02;1.4700511e-01;2.1750000e+02;1.6678980e-01;2.1750000e+02;1.9314647e-01;2.1750000e+02;2.1940246e-01;2.1750000e+02;2.3227182e-01;2.1750000e+02;2.1811296e-01;2.1750000e+02;1.8161419e-01;2.1750000e+02;1.3218114e-01;2.1750000e+02;8.1254199e-02;2.1750000e+02;3.4680098e-02;2.1750000e+02;-8.3189253e-03;2.1750000e+02;-1.3816301e-03;2.1750000e+02;1.1568828e-02;2.1750000e+02;2.9740058e-02;2.1750000e+02;5.2538719e-02;2.1750000e+02;7.8159481e-02;2.1750000e+02;1.0411187e-01;2.1750000e+02;1.2748089e-01;2.1750000e+02;1.4700511e-01;2.1750000e+02;1.6678980e-01;2.1750000e+02;1.9314647e-01;2.1750000e+02;2.1940246e-01;2.1750000e+02;2.3227182e-01;2.1750000e+02;2.1811296e-01;2.1750000e+02;1.8161419e-01;2.1750000e+02;1.3218114e-01;2.1750000e+02;8.1254199e-02;2.1750000e+02;3.4680098e-02;2.1750000e+02;-8.3189253e-03;2.1750000e+02;-1.3816301e-03;2.1750000e+02;1.1568828e-02;2.1750000e+02;2.9740058e-02;2.1750000e+02;5.2538719e-02;2.1750000e+02;7.8159481e-02;2.1750000e+02;1.0411187e-01;2.1750000e+02;1.2748089e-01;2.1750000e+02;1.4700511e-01;2.1750000e+02;1.6678980e-01;2.1750000e+02;1.9314647e-01;2.1750000e+02;2.1940246e-01;2.1750000e+02;2.3227182e-01;2.1750000e+02;2.1811296e-01;2.1750000e+02;1.8161419e-01;2.1750000e+02;1.3218114e-01;2.1750000e+02;8.1254199e-02;2.1750000e+02;3.4680098e-02;2.1750000e+02;-8.3189253e-03;2.1750000e+02;-1.3816301e-03;2.1750000e+02;1.1568828e-02;2.1750000e+02;2.9740058e-02;2.1750000e+02;5.2538719e-02;2.1750000e+02;7.8159481e-02;2.1750000e+02;1.0411187e-01;2.1750000e+02;1.2748089e-01;2.1750000e+02;1.4700511e-01;2.1750000e+02;1.6678980e-01;2.1750000e+02;1.9314647e-01;2.1750000e+02;2.1940246e-01;2.1750000e+02;2.3227182e-01;2.1750000e+02;2.1811296e-01;2.1750000e+02;1.8161419e-01;2.1750000e+02;1.3218114e-01;2.1750000e+02;8.1254199e-02;2.1750000e+02;3.4680098e-02;2.1750000e+02;-8.3189253e-03;2.1750000e+02;-1.3816301e-03;2.1750000e+02;1.1568828e-02;2.1750000e+02;2.9740058e-02;2.1750000e+02;5.2538719e-02;2.1750000e+02;7.8159481e-02;2.1750000e+02;1.0411187e-01;2.1750000e+02;1.2748089e-01;2.1750000e+02;1.4700511e-01;2.1750000e+02;1.6678980e-01;2.1750000e+02;1.9314647e-01;2.1750000e+02;2.1940246e-01;2.1750000e+02;2.3227182e-01;2.1750000e+02;2.1811296e-01;2.1750000e+02;1.8161419e-01;2.1750000e+02;1.3218114e-01;2.1750000e+02;8.1254199e-02;2.1750000e+02;3.4680098e-02;2.1750000e+02;-8.3189253e-03;2.1750000e+02;-1.3816301e-03;2.1750000e+02;1.1568828e-02;2.1750000e+02;2.9740058e-02;2.1750000e+02;5.2538719e-02;2.1750000e+02;7.8159481e-02;2.1750000e+02;1.0411187e-01;2.1750000e+02;1.2748089e-01;2.1750000e+02;1.4700511e-01;2.1750000e+02;1.6678980e-01;2.1750000e+02;1.9314647e-01;2.1750000e+02;2.1940246e-01;2.1750000e+02;2.3227182e-01;2.1750000e+02;2.1811296e-01;2.1750000e+02;1.8161419e-01;2.1750000e+02;1.3218114e-01;2.1750000e+02;8.1254199e-02;2.1750000e+02;3.4680098e-02;2.1750000e+02;-8.3189253e-03;2.1750000e+02;-1.3816301e-03;2.1750000e+02;1.1568828e-02;2.1750000e+02;2.9740058e-02;2.1750000e+02;5.2538719e-02;2.1750000e+02;7.8159481e-02;2.1750000e+02;1.0411187e-01;2.1750000e+02;1.2748089e-01;2.1750000e+02;1.4700511e-01;2.1750000e+02;1.6678980e-01;2.1750000e+02;1.9314647e-01;2.1750000e+02;2.1940246e-01;2.1750000e+02;2.3227182e-01;2.1750000e+02;2.1811296e-01;2.1750000e+02;1.8161419e-01;2.1750000e+02;1.3218114e-01;2.1750000e+02;8.1254199e-02;2.1750000e+02;3.4680098e-02;2.1750000e+02;-8.3189253e-03;2.1750000e+02;-1.3816301e-03;2.1750000e+02;1.1568828e-02;2.1750000e+02;2.9740058e-02;2.1750000e+02;5.2538719e-02;2.1750000e+02;7.8159481e-02;2.1750000e+02;1.0411187e-01;2.1750000e+02;1.2748089e-01;2.1750000e+02;1.4700511e-01;2.1750000e+02;1.6678980e-01;2.1750000e+02;1.9314647e-01;2.1750000e+02;2.1940246e-01;2.1750000e+02;2.3227182e-01;2.1750000e+02;2.1811296e-01;2.1750000e+02;1.8161419e-01;2.1750000e+02;1.3218114e-01;2.1750000e+02;8.1254199e-02;2.1750000e+02;3.4680098e-02;2.1750000e+02;-8.3189253e-03;2.1750000e+02;-1.3816301e-03;2.1750000e+02;1.1568828e-02;2.1750000e+02;2.9740058e-02;2.1750000e+02;5.2538719e-02;2.1750000e+02;7.8159481e-02;2.1750000e+02;1.0411187e-01;2.1750000e+02;1.2748089e-01;2.1750000e+02;1.4700511e-01;2.1750000e+02;1.6678980e-01;2.1750000e+02;1.9314647e-01;2.1750000e+02;2.1940246e-01;2.1750000e+02;2.3227182e-01;2.1750000e+02;2.1811296e-01;2.1750000e+02;1.8161419e-01;2.1750000e+02;1.3218114e-01;2.1750000e+02;8.1254199e-02;2.1750000e+02;3.4680098e-02;2.1750000e+02;-8.3189253e-03;2.1750000e+02;-1.3816301e-03;2.1750000e+02;1.1568828e-02;2.1750000e+02;2.9740058e-02;2.1750000e+02;5.2538719e-02;2.1750000e+02;7.8159481e-02;2.1750000e+02;1.0411187e-01;2.1750000e+02;1.2748089e-01;2.1750000e+02;1.4700511e-01;2.1750000e+02;1.6678980e-01;2.1750000e+02;1.9314647e-01;2.1750000e+02;2.1940246e-01;2.1750000e+02;2.3227182e-01;2.1750000e+02;2.1811296e-01;2.1750000e+02;1.8161419e-01;2.1750000e+02;1.3218114e-01;2.1750000e+02;8.1254199e-02;2.1750000e+02;3.4680098e-02;2.1750000e+02;-8.3189253e-03;2.1750000e+02;-1.3816301e-03;2.1750000e+02;1.1568828e-02;2.1750000e+02;2.9740058e-02;2.1750000e+02;5.2538719e-02;2.1750000e+02;7.8159481e-02;2.1750000e+02;1.0411187e-01;2.1750000e+02;1.2748089e-01;2.1750000e+02;1.4700511e-01;2.1750000e+02;1.6678980e-01;2.1750000e+02;1.9314647e-01;2.1750000e+02;2.1940246e-01;2.1750000e+02;2.3227182e-01;2.1750000e+02;2.1811296e-01;2.1750000e+02;1.8161419e-01;2.1750000e+02;1.3218114e-01;2.1750000e+02;8.1254199e-02;2.1750000e+02;3.4680098e-02;2.1750000e+02;-8.3189253e-03;2.1750000e+02;-1.3816301e-03;2.1750000e+02;1.1568828e-02;2.1750000e+02;2.9740058e-02;2.1750000e+02;5.2538719e-02;2.1750000e+02;7.8159481e-02;2.1750000e+02;1.0411187e-01;2.1750000e+02;1.2748089e-01;2.1750000e+02;1.4700511e-01;2.1750000e+02;1.6678980e-01;2.1750000e+02;1.9314647e-01;2.1750000e+02;2.1940246e-01;2.1750000e+02;2.3227182e-01;2.1750000e+02;2.1811296e-01;2.1750000e+02;1.8161419e-01;2.1750000e+02;1.3218114e-01;2.1750000e+02;8.1254199e-02;2.1750000e+02;3.4680098e-02;2.1750000e+02;-8.3189253e-03;2.1750000e+02;-1.3816301e-03;2.1750000e+02;1.1568828e-02;2.1750000e+02;2.9740058e-02;2.1750000e+02;5.2538719e-02;2.1750000e+02;7.8159481e-02;2.1750000e+02;1.0411187e-01;2.1750000e+02;1.2748089e-01;2.1750000e+02;1.4700511e-01;2.1750000e+02;1.6678980e-01;2.1750000e+02;1.9314647e-01;2.1750000e+02;2.1940246e-01;2.1750000e+02;2.3227182e-01;2.1750000e+02;2.1811296e-01;2.1750000e+02;1.8161419e-01;2.1750000e+02;1.3218114e-01;2.1750000e+02;8.1254199e-02;2.1750000e+02;3.4680098e-02;2.1750000e+02;-8.3189253e-03;2.1750000e+02;-1.3816301e-03;2.1750000e+02;1.1568828e-02;2.1750000e+02;2.9740058e-02;2.1750000e+02;5.2538719e-02;2.1750000e+02;7.8159481e-02;2.1750000e+02;1.0411187e-01;2.1750000e+02;1.2748089e-01;2.1750000e+02;1.4700511e-01;2.1750000e+02;1.6678980e-01;2.1750000e+02;1.9314647e-01;2.1750000e+02;2.1940246e-01;2.1750000e+02;2.3227182e-01;2.1750000e+02;2.1811296e-01;2.1750000e+02;1.8161419e-01;2.1750000e+02;1.3218114e-01;2.1750000e+02;8.1254199e-02;2.1750000e+02;3.4680098e-02;2.1750000e+02;-8.3189253e-03;2.1750000e+02;-1.3816301e-03;2.1750000e+02;1.1568828e-02;2.1750000e+02;2.9740058e-02;2.1750000e+02;5.2538719e-02;2.1750000e+02;7.8159481e-02;2.1750000e+02;1.0411187e-01;2.1750000e+02;1.2748089e-01;2.1750000e+02;1.4700511e-01;2.1750000e+02;1.6678980e-01;2.1750000e+02;1.9314647e-01;2.1750000e+02;2.1940246e-01;2.1750000e+02;2.3227182e-01;2.1750000e+02;2.1811296e-01;2.1750000e+02;1.8161419e-01;2.1750000e+02;1.3218114e-01;2.1750000e+02;8.1254199e-02;2.1750000e+02;3.4680098e-02;2.1750000e+02;-8.3189253e-03;2.1750000e+02;-1.3816301e-03;2.1750000e+02;1.1568828e-02;2.1750000e+02;2.9740058e-02;2.1750000e+02;5.2538719e-02;2.1750000e+02;7.8159481e-02;2.1750000e+02;1.0411187e-01;2.1750000e+02;1.2748089e-01;2.1750000e+02;1.4700511e-01;2.1750000e+02;1.6678980e-01;2.1750000e+02;1.9314647e-01;2.1750000e+02;2.1940246e-01;2.1750000e+02;2.3227182e-01;2.1750000e+02;2.1811296e-01;2.1750000e+02;1.8161419e-01;2.1750000e+02;1.3218114e-01;2.1750000e+02;8.1254199e-02;2.1750000e+02;3.4680098e-02;2.1750000e+02;-8.3189253e-03;2.1750000e+02;-1.3816301e-03;2.1750000e+02;1.1568828e-02;2.1750000e+02;2.9740058e-02;2.1750000e+02;5.2538719e-02;2.1750000e+02;7.8159481e-02;2.1750000e+02;1.0411187e-01;2.1750000e+02;1.2748089e-01;2.1750000e+02;1.4700511e-01;2.1750000e+02;1.6678980e-01;2.1750000e+02;1.9314647e-01;2.1750000e+02;2.1940246e-01;2.1750000e+02;2.3227182e-01;2.1750000e+02;2.1811296e-01;2.1750000e+02;1.8161419e-01;2.1750000e+02;1.3218114e-01;2.1750000e+02;8.1254199e-02;2.1750000e+02;3.4680098e-02;2.1750000e+02;-8.3189253e-03;2.1750000e+02;-1.3816301e-03;2.1750000e+02;1.1568828e-02;2.1750000e+02;2.9740058e-02;2.1750000e+02;5.2538719e-02;2.1750000e+02;7.8159481e-02;2.1750000e+02;1.0411187e-01;2.1750000e+02;1.2748089e-01;2.1750000e+02;1.4700511e-01;2.1750000e+02;1.6678980e-01;2.1750000e+02;1.9314647e-01;2.1750000e+02;2.1940246e-01;2.1750000e+02;2.3227182e-01;2.1750000e+02;2.1811296e-01;2.1750000e+02;1.8161419e-01;2.1750000e+02;1.3218114e-01;2.1750000e+02;8.1254199e-02;2.1750000e+02;3.4680098e-02;2.1750000e+02;-8.3189253e-03;2.1750000e+02;-1.3816301e-03;2.1750000e+02;1.1568828e-02;2.1750000e+02;2.9740058e-02;2.1750000e+02;5.2538719e-02;2.1750000e+02;7.8159481e-02;2.1750000e+02;1.0411187e-01;2.1750000e+02;1.2748089e-01;2.1750000e+02;1.4700511e-01;2.1750000e+02;1.6678980e-01;2.1750000e+02;1.9314647e-01;2.1750000e+02;2.1940246e-01;2.1750000e+02;2.3227182e-01;2.1750000e+02;2.1811296e-01;2.1750000e+02;1.8161419e-01;2.1750000e+02;1.3218114e-01;2.1750000e+02;8.1254199e-02;2.1750000e+02;3.4680098e-02;2.1750000e+02;-8.3189253e-03;2.1750000e+02;-1.3816301e-03;2.1750000e+02;1.1568828e-02;2.1750000e+02;2.9740058e-02;2.1750000e+02;5.2538719e-02;2.1750000e+02;7.8159481e-02;2.1750000e+02;1.0411187e-01;2.1750000e+02;1.2748089e-01;2.1750000e+02;1.4700511e-01;2.1750000e+02;1.6678980e-01;2.1750000e+02;1.9314647e-01;2.1750000e+02;2.1940246e-01;2.1750000e+02;2.3227182e-01;2.1750000e+02;2.1811296e-01;2.1750000e+02;1.8161419e-01;2.1750000e+02;1.3218114e-01;2.1750000e+02;8.1254199e-02;2.1750000e+02;3.4680098e-02;2.1750000e+02;-8.3189253e-03;2.1750000e+02;-1.3816301e-03;2.1750000e+02;1.1568828e-02;2.1750000e+02;2.9740058e-02;2.1750000e+02;5.2538719e-02;2.1750000e+02;7.8159481e-02;2.1750000e+02;1.0411187e-01;2.1750000e+02;1.2748089e-01;2.1750000e+02;1.4700511e-01;2.1750000e+02;1.6678980e-01;2.1750000e+02;1.9314647e-01;2.1750000e+02;2.1940246e-01;2.1750000e+02;2.3227182e-01;2.1750000e+02;2.1811296e-01;2.1750000e+02;1.8161419e-01;2.1750000e+02;1.3218114e-01;2.1750000e+02;8.1254199e-02;2.1750000e+02;3.4680098e-02;2.1750000e+02;-8.3189253e-03;2.1750000e+02;-1.3816301e-03;2.1750000e+02;1.1568828e-02;2.1750000e+02;2.9740058e-02;2.1750000e+02;5.2538719e-02;2.1750000e+02;7.8159481e-02;2.1750000e+02;1.0411187e-01;2.1750000e+02;1.2748089e-01;2.1750000e+02;1.4700511e-01;2.1750000e+02;1.6678980e-01;2.1750000e+02;1.9314647e-01;2.1750000e+02;2.1940246e-01;2.1750000e+02;2.3227182e-01;2.1750000e+02;2.1811296e-01;2.1750000e+02;1.8161419e-01;2.1750000e+02;1.3218114e-01;2.1750000e+02;8.1254199e-02;2.1750000e+02;3.4680098e-02;2.1750000e+02;-8.3189253e-03;2.1750000e+02;-1.3816301e-03;2.1750000e+02;1.1568828e-02;2.1750000e+02;2.9740058e-02;2.1750000e+02;5.2538719e-02;2.1750000e+02;7.8159481e-02;2.1750000e+02;1.0411187e-01;2.1750000e+02;1.2748089e-01;2.1750000e+02;1.4700511e-01;2.1750000e+02;1.6678980e-01;2.1750000e+02;1.9314647e-01;2.1750000e+02;2.1940246e-01;2.1750000e+02;2.3227182e-01;2.1750000e+02;2.1811296e-01;2.1750000e+02;1.8161419e-01;2.1750000e+02;1.3218114e-01;2.1750000e+02;8.1254199e-02;2.1750000e+02;3.4680098e-02;2.1750000e+02;-8.3189253e-03;2.1750000e+02;-1.3816301e-03;2.1750000e+02;1.1568828e-02;2.1750000e+02;2.9740058e-02;2.1750000e+02;5.2538719e-02;2.1750000e+02;7.8159481e-02;2.1750000e+02;1.0411187e-01;2.1750000e+02;1.2748089e-01;2.1750000e+02;1.4700511e-01;2.1750000e+02;1.6678980e-01;2.1750000e+02;1.9314647e-01;2.1750000e+02;2.1940246e-01;2.1750000e+02;2.3227182e-01;2.1750000e+02;2.1811296e-01;2.1750000e+02;1.8161419e-01;2.1750000e+02;1.3218114e-01;2.1750000e+02;8.1254199e-02;2.1750000e+02;3.4680098e-02;2.1750000e+02;-8.3189253e-03;2.1750000e+02;-1.3816301e-03;2.1750000e+02;1.1568828e-02;2.1750000e+02;2.9740058e-02;2.1750000e+02;5.2538719e-02;2.1750000e+02;7.8159481e-02;2.1750000e+02;1.0411187e-01;2.1750000e+02;1.2748089e-01;2.1750000e+02;1.4700511e-01;2.1750000e+02;1.6678980e-01;2.1750000e+02;1.9314647e-01;2.1750000e+02;2.1940246e-01;2.1750000e+02;2.3227182e-01;2.1750000e+02;2.1811296e-01;2.1750000e+02;1.8161419e-01;2.1750000e+02;1.3218114e-01;2.1750000e+02;8.1254199e-02;2.1750000e+02;3.4680098e-02;2.1750000e+02;-8.3189253e-03;2.1750000e+02;-1.3816301e-03;2.1750000e+02;1.1568828e-02;2.1750000e+02;2.9740058e-02;2.1750000e+02;5.2538719e-02;2.1750000e+02;7.8159481e-02;2.1750000e+02;1.0411187e-01;2.1750000e+02;1.2748089e-01;2.1750000e+02;1.4700511e-01;2.1750000e+02;1.6678980e-01;2.1750000e+02;1.9314647e-01;2.1750000e+02;2.1940246e-01;2.1750000e+02;2.3227182e-01;2.1750000e+02;2.1811296e-01;2.1750000e+02;1.8161419e-01;2.1750000e+02;1.3218114e-01;2.1750000e+02;8.1254199e-02;2.1750000e+02;3.4680098e-02;2.1750000e+02;-8.3189253e-03;2.1750000e+02;-1.3816301e-03;2.1750000e+02;1.1568828e-02;2.1750000e+02;2.9740058e-02;2.1750000e+02;5.2538719e-02;2.1750000e+02;7.8159481e-02;2.1750000e+02;1.0411187e-01;2.1750000e+02;1.2748089e-01;2.1750000e+02;1.4700511e-01;2.1750000e+02;1.6678980e-01;2.1750000e+02;1.9314647e-01;2.1750000e+02;2.1940246e-01;2.1750000e+02;2.3227182e-01;2.1750000e+02;2.1811296e-01;2.1750000e+02;1.8161419e-01;2.1750000e+02;1.3218114e-01;2.1750000e+02;8.1254199e-02;2.1750000e+02;3.4680098e-02;2.1750000e+02;-8.3189253e-03;2.1750000e+02;-1.3816301e-03;2.1750000e+02;1.1568828e-02;2.1750000e+02;2.9740058e-02;2.1750000e+02;5.2538719e-02;2.1750000e+02;7.8159481e-02;2.1750000e+02;1.0411187e-01;2.1750000e+02;1.2748089e-01;2.1750000e+02;1.4700511e-01;2.1750000e+02;1.6678980e-01;2.1750000e+02;1.9314647e-01;2.1750000e+02;2.1940246e-01;2.1750000e+02;2.3227182e-01;2.1750000e+02;2.1811296e-01;2.1750000e+02;1.8161419e-01;2.1750000e+02;1.3218114e-01;2.1750000e+02;8.1254199e-02;2.1750000e+02;3.4680098e-02;2.1750000e+02;-8.3189253e-03;2.1750000e+02;-1.3816301e-03;2.1750000e+02;1.1568828e-02;2.1750000e+02;2.9740058e-02;2.1750000e+02;5.2538719e-02;2.1750000e+02;7.8159481e-02;2.1750000e+02;1.0411187e-01;2.1750000e+02;1.2748089e-01;2.1750000e+02;1.4700511e-01;2.1750000e+02;1.6678980e-01;2.1750000e+02;1.9314647e-01;2.1750000e+02;2.1940246e-01;2.1750000e+02;2.3227182e-01;2.1750000e+02;2.1811296e-01;2.1750000e+02;1.8161419e-01;2.1750000e+02;1.3218114e-01;2.1750000e+02;8.1254199e-02;2.1750000e+02;3.4680098e-02;2.1750000e+02;-8.3189253e-03;2.1750000e+02;-1.3816301e-03;2.1750000e+02;1.1568828e-02;2.1750000e+02;2.9740058e-02;2.1750000e+02;5.2538719e-02;2.1750000e+02;7.8159481e-02;2.1750000e+02;1.0411187e-01;2.1750000e+02;1.2748089e-01;2.1750000e+02;1.4700511e-01;2.1750000e+02;1.6678980e-01;2.1750000e+02;1.9314647e-01;2.1750000e+02;2.1940246e-01;2.1750000e+02;2.3227182e-01;2.1750000e+02;2.1811296e-01;2.1750000e+02;1.8161419e-01;2.1750000e+02;1.3218114e-01;2.1750000e+02;8.1254199e-02;2.1750000e+02;3.4680098e-02;2.1750000e+02;-8.3189253e-03;2.1750000e+02;-1.3816301e-03;2.1750000e+02;1.1568828e-02;2.1750000e+02;2.9740058e-02;2.1750000e+02;5.2538719e-02;2.1750000e+02;7.8159481e-02;2.1750000e+02;1.0411187e-01;2.1750000e+02;1.2748089e-01;2.1750000e+02;1.4700511e-01;2.1750000e+02;1.6678980e-01;2.1750000e+02;1.9314647e-01;2.1750000e+02;2.1940246e-01;2.1750000e+02;2.3227182e-01;2.1750000e+02;2.1811296e-01;2.1750000e+02;1.8161419e-01;2.1750000e+02;1.3218114e-01;2.1750000e+02;8.1254199e-02;2.1750000e+02;3.4680098e-02;2.1750000e+02;-8.3189253e-03;2.1750000e+02;-1.3816301e-03;2.1750000e+02;1.1568828e-02;2.1750000e+02;2.9740058e-02;2.1750000e+02;5.2538719e-02;2.1750000e+02;7.8159481e-02;2.1750000e+02;1.0411187e-01;2.1750000e+02;1.2748089e-01;2.1750000e+02;1.4700511e-01;2.1750000e+02;1.6678980e-01;2.1750000e+02;1.9314647e-01;2.1750000e+02;2.1940246e-01;2.1750000e+02;2.3227182e-01;2.1750000e+02;2.1811296e-01;2.1750000e+02;1.8161419e-01;2.1750000e+02;1.3218114e-01;2.1750000e+02;8.1254199e-02;2.1750000e+02;3.4680098e-02;2.1750000e+02;-8.3189253e-03;2.1750000e+02;-1.3816301e-03;2.1750000e+02;1.1568828e-02;2.1750000e+02;2.9740058e-02;2.1750000e+02;5.2538719e-02;2.1750000e+02;7.8159481e-02;2.1750000e+02;1.0411187e-01;2.1750000e+02;1.2748089e-01;2.1750000e+02;1.4700511e-01;2.1750000e+02;1.6678980e-01;2.1750000e+02;1.9314647e-01;2.1750000e+02;2.1940246e-01;2.1750000e+02;2.3227182e-01;2.1750000e+02;2.1811296e-01;2.1750000e+02;1.8161419e-01;2.1750000e+02;1.3218114e-01;2.1750000e+02;8.1254199e-02;2.1750000e+02;3.4680098e-02;2.1750000e+02;-8.3189253e-03;2.1750000e+02;-1.3816301e-03;2.1750000e+02;1.1568828e-02;2.1750000e+02;2.9740058e-02;2.1750000e+02;5.2538719e-02;2.1750000e+02;7.8159481e-02;2.1750000e+02;1.0411187e-01;2.1750000e+02;1.2748089e-01;2.1750000e+02;1.4700511e-01;2.1750000e+02;1.6678980e-01;2.1750000e+02;1.9314647e-01;2.1750000e+02;2.1940246e-01;2.1750000e+02;2.3227182e-01;2.1750000e+02;2.1811296e-01;2.1750000e+02;1.8161419e-01;2.1750000e+02;1.3218114e-01;2.1750000e+02;8.1254199e-02;2.1750000e+02;3.4680098e-02;2.1750000e+02;-8.3189253e-03;2.1750000e+02;-1.3816301e-03;2.1750000e+02;1.1568828e-02;2.1750000e+02;2.9740058e-02;2.1750000e+02;5.2538719e-02;2.1750000e+02;7.8159481e-02;2.1750000e+02;1.0411187e-01;2.1750000e+02;1.2748089e-01;2.1750000e+02;1.4700511e-01;2.1750000e+02;1.6678980e-01;2.1750000e+02;1.9314647e-01;2.1750000e+02;2.1940246e-01;2.1750000e+02;2.3227182e-01;2.1750000e+02;2.1811296e-01;2.1750000e+02;1.8161419e-01;2.1750000e+02;1.3218114e-01;2.1750000e+02;8.1254199e-02;2.1750000e+02;3.4680098e-02;2.1750000e+02;-8.3189253e-03;2.1750000e+02;-1.3816301e-03;2.1750000e+02;1.1568828e-02;2.1750000e+02;2.9740058e-02;2.1750000e+02;5.2538719e-02;2.1750000e+02;7.8159481e-02;2.1750000e+02;1.0411187e-01;2.1750000e+02;1.2748089e-01;2.1750000e+02;1.4700511e-01;2.1750000e+02;1.6678980e-01;2.1750000e+02;1.9314647e-01;2.1750000e+02;2.1940246e-01;2.1750000e+02;2.3227182e-01;2.1750000e+02;2.1811296e-01;2.1750000e+02;1.8161419e-01;2.1750000e+02;1.3218114e-01;2.1750000e+02;8.1254199e-02;2.1750000e+02;3.4680098e-02;2.1750000e+02;-8.3189253e-03;2.1750000e+02;-1.3816301e-03;2.1750000e+02;1.1568828e-02;2.1750000e+02;2.9740058e-02;2.1750000e+02;5.2538719e-02;2.1750000e+02;7.8159481e-02;2.1750000e+02;1.0411187e-01;2.1750000e+02;1.2748089e-01;2.1750000e+02;1.4700511e-01;2.1750000e+02;1.6678980e-01;2.1750000e+02;1.9314647e-01;2.1750000e+02;2.1940246e-01;2.1750000e+02;2.3227182e-01;2.1750000e+02;2.1811296e-01;2.1750000e+02;1.8161419e-01;2.1750000e+02;1.3218114e-01;2.1750000e+02;8.1254199e-02;2.1750000e+02;3.4680098e-02;2.1750000e+02;-8.3189253e-03;2.1750000e+02;-1.3816301e-03;2.1750000e+02;1.1568828e-02;2.1750000e+02;2.9740058e-02;2.1750000e+02;5.2538719e-02;2.1750000e+02;7.8159481e-02;2.1750000e+02;1.0411187e-01;2.1750000e+02;1.2748089e-01;2.1750000e+02;1.4700511e-01;2.1750000e+02;1.6678980e-01;2.1750000e+02;1.9314647e-01;2.1750000e+02;2.1940246e-01;2.1750000e+02;2.3227182e-01;2.1750000e+02;2.1811296e-01;2.1750000e+02;1.8161419e-01;2.1750000e+02;1.3218114e-01;2.1750000e+02;8.1254199e-02;2.1750000e+02;3.4680098e-02;2.1750000e+02;-8.3189253e-03;2.1750000e+02;-1.3816301e-03;2.1750000e+02;1.1568828e-02;2.1750000e+02;2.9740058e-02;2.1750000e+02;5.2538719e-02;2.1750000e+02;7.8159481e-02;2.1750000e+02;1.0411187e-01;2.1750000e+02;1.2748089e-01;2.1750000e+02;1.4700511e-01;2.1750000e+02;1.6678980e-01;2.1750000e+02;1.9314647e-01;2.1750000e+02;2.1940246e-01;2.1750000e+02;2.3227182e-01;2.1750000e+02;2.1811296e-01;2.1750000e+02;1.8161419e-01;2.1750000e+02;1.3218114e-01;2.1750000e+02;8.1254199e-02;2.1750000e+02;3.4680098e-02;2.1750000e+02;-8.3189253e-03;2.1750000e+02;-1.3816301e-03;2.1750000e+02;1.1568828e-02;2.1750000e+02;2.9740058e-02;2.1750000e+02;5.2538719e-02;2.1750000e+02;7.8159481e-02;2.1750000e+02;1.0411187e-01;2.1750000e+02;1.2748089e-01;2.1750000e+02;1.4700511e-01;2.1750000e+02;1.6678980e-01;2.1750000e+02;1.9314647e-01;2.1750000e+02;2.1940246e-01;2.1750000e+02;2.3227182e-01;2.1750000e+02;2.1811296e-01;2.1750000e+02;1.8161419e-01;2.1750000e+02;1.3218114e-01;2.1750000e+02;8.1254199e-02;2.1750000e+02;3.4680098e-02;2.1750000e+02;-8.3189253e-03;2.1750000e+02;-1.3816301e-03;2.1750000e+02;1.1568828e-02;2.1750000e+02;2.9740058e-02;2.1750000e+02;5.2538719e-02;2.1750000e+02;7.8159481e-02;2.1750000e+02;1.0411187e-01;2.1750000e+02;1.2748089e-01;2.1750000e+02;1.4700511e-01;2.1750000e+02;1.6678980e-01;2.1750000e+02;1.9314647e-01;2.1750000e+02;2.1940246e-01;2.1750000e+02;2.3227182e-01;2.1750000e+02;2.1811296e-01;2.1750000e+02;1.8161419e-01;2.1750000e+02;1.3218114e-01;2.1750000e+02;8.1254199e-02;2.1750000e+02;3.4680098e-02;2.1750000e+02;-8.3189253e-03;2.1750000e+02;-1.3816301e-03;2.1750000e+02;1.1568828e-02;2.1750000e+02;2.9740058e-02;2.1750000e+02;5.2538719e-02;2.1750000e+02;7.8159481e-02;2.1750000e+02;1.0411187e-01;2.1750000e+02;1.2748089e-01;2.1750000e+02;1.4700511e-01;2.1750000e+02;1.6678980e-01;2.1750000e+02;1.9314647e-01;2.1750000e+02;2.1940246e-01;2.1750000e+02;2.3227182e-01;2.1750000e+02;2.1811296e-01;2.1750000e+02;1.8161419e-01;2.1750000e+02;1.3218114e-01;2.1750000e+02;8.1254199e-02;2.1750000e+02;3.4680098e-02;2.1750000e+02;-8.3189253e-03;2.1750000e+02;-1.3816301e-03;2.1750000e+02;1.1568828e-02;2.1750000e+02;2.9740058e-02;2.1750000e+02;5.2538719e-02;2.1750000e+02;7.8159481e-02;2.1750000e+02;1.0411187e-01;2.1750000e+02;1.2748089e-01;2.1750000e+02;1.4700511e-01;2.1750000e+02;1.6678980e-01;2.1750000e+02;1.9314647e-01;2.1750000e+02;2.1940246e-01;2.1750000e+02;2.3227182e-01;2.1750000e+02;2.1811296e-01;2.1750000e+02;1.8161419e-01;2.1750000e+02;1.3218114e-01;2.1750000e+02;8.1254199e-02;2.1750000e+02;3.4680098e-02;2.1750000e+02;-8.3189253e-03;2.1750000e+02;-1.3816301e-03;2.1750000e+02;1.1568828e-02;2.1750000e+02;2.9740058e-02;2.1750000e+02;5.2538719e-02;2.1750000e+02;7.8159481e-02;2.1750000e+02;1.0411187e-01;2.1750000e+02;1.2748089e-01;2.1750000e+02;1.4700511e-01;2.1750000e+02;1.6678980e-01;2.1750000e+02;1.9314647e-01;2.1750000e+02;2.1940246e-01;2.1750000e+02;2.3227182e-01;2.1750000e+02;2.1811296e-01;2.1750000e+02;1.8161419e-01;2.1750000e+02;1.3218114e-01;2.1750000e+02;8.1254199e-02;2.1750000e+02;3.4680098e-02;2.1750000e+02;-8.3189253e-03;2.1750000e+02;-1.3816301e-03;2.1750000e+02;1.1568828e-02;2.1750000e+02;2.9740058e-02;2.1750000e+02;5.2538719e-02;2.1750000e+02;7.8159481e-02;2.1750000e+02;1.0411187e-01;2.1750000e+02;1.2748089e-01;2.1750000e+02;1.4700511e-01;2.1750000e+02;1.6678980e-01;2.1750000e+02;1.9314647e-01;2.1750000e+02;2.1940246e-01;2.1750000e+02;2.3227182e-01;2.1750000e+02;2.1811296e-01;2.1750000e+02;1.8161419e-01;2.1750000e+02;1.3218114e-01;2.1750000e+02;8.1254199e-02;2.1750000e+02;3.4680098e-02;2.1750000e+02;-8.3189253e-03;2.1750000e+02;-1.3816301e-03;2.1750000e+02;1.1568828e-02;2.1750000e+02;2.9740058e-02;2.1750000e+02;5.2538719e-02;2.1750000e+02;7.8159481e-02;2.1750000e+02;1.0411187e-01;2.1750000e+02;1.2748089e-01;2.1750000e+02;1.4700511e-01;2.1750000e+02;1.6678980e-01;2.1750000e+02;1.9314647e-01;2.1750000e+02;2.1940246e-01;2.1750000e+02;2.3227182e-01;2.1750000e+02;2.1811296e-01;2.1750000e+02;1.8161419e-01;2.1750000e+02;1.3218114e-01;2.1750000e+02;8.1254199e-02;2.1750000e+02;3.4680098e-02;2.1750000e+02;-8.3189253e-03;2.1750000e+02;-1.3816301e-03;2.1750000e+02;1.1568828e-02;2.1750000e+02;2.9740058e-02;2.1750000e+02;5.2538719e-02;2.1750000e+02;7.8159481e-02;2.1750000e+02;1.0411187e-01;2.1750000e+02;1.2748089e-01;2.1750000e+02;1.4700511e-01;2.1750000e+02;1.6678980e-01;2.1750000e+02;1.9314647e-01;2.1750000e+02;2.1940246e-01;2.1750000e+02;2.3227182e-01;2.1750000e+02;2.1811296e-01;2.1750000e+02;1.8161419e-01;2.1750000e+02;1.3218114e-01;2.1750000e+02;8.1254199e-02;2.1750000e+02;3.4680098e-02;2.1750000e+02;-8.3189253e-03;2.1750000e+02;-1.3816301e-03;2.1750000e+02;1.1568828e-02;2.1750000e+02;2.9740058e-02;2.1750000e+02;5.2538719e-02;2.1750000e+02;7.8159481e-02;2.1750000e+02;1.0411187e-01;2.1750000e+02;1.2748089e-01;2.1750000e+02;1.4700511e-01;2.1750000e+02;1.6678980e-01;2.1750000e+02;1.9314647e-01;2.1750000e+02;2.1940246e-01;2.1750000e+02;2.3227182e-01;2.1750000e+02;2.1811296e-01;2.1750000e+02;1.8161419e-01;2.1750000e+02;1.3218114e-01;2.1750000e+02;8.1254199e-02;2.1750000e+02;3.4680098e-02;2.1750000e+02;-8.3189253e-03;2.1750000e+02;-1.3816301e-03;2.1750000e+02;1.1568828e-02;2.1750000e+02;2.9740058e-02;2.1750000e+02;5.2538719e-02;2.1750000e+02;7.8159481e-02;2.1750000e+02;1.0411187e-01;2.1750000e+02;1.2748089e-01;2.1750000e+02;1.4700511e-01;2.1750000e+02;1.6678980e-01;2.1750000e+02;1.9314647e-01;2.1750000e+02;2.1940246e-01;2.1750000e+02;2.3227182e-01;2.1750000e+02;2.1811296e-01;2.1750000e+02;1.8161419e-01;2.1750000e+02;1.3218114e-01;2.1750000e+02;8.1254199e-02;2.1750000e+02;3.4680098e-02;2.1750000e+02;-8.3189253e-03;2.1750000e+02;-1.3816301e-03;2.1750000e+02;1.1568828e-02;2.1750000e+02;2.9740058e-02;2.1750000e+02;5.2538719e-02;2.1750000e+02;7.8159481e-02;2.1750000e+02;1.0411187e-01;2.1750000e+02;1.2748089e-01;2.1750000e+02;1.4700511e-01;2.1750000e+02;1.6678980e-01;2.1750000e+02;1.9314647e-01;2.1750000e+02;2.1940246e-01;2.1750000e+02;2.3227182e-01;2.1750000e+02;2.1811296e-01;2.1750000e+02;1.8161419e-01;2.1750000e+02;1.3218114e-01;2.1750000e+02;8.1254199e-02;2.1750000e+02;3.4680098e-02;2.1750000e+02;-8.3189253e-03;2.1750000e+02;-1.3816301e-03;2.1750000e+02;1.1568828e-02;2.1750000e+02;2.9740058e-02;2.1750000e+02;5.2538719e-02;2.1750000e+02;7.8159481e-02;2.1750000e+02;1.0411187e-01;2.1750000e+02;1.2748089e-01;2.1750000e+02;1.4700511e-01;2.1750000e+02;1.6678980e-01;2.1750000e+02;1.9314647e-01;2.1750000e+02;2.1940246e-01;2.1750000e+02;2.3227182e-01;2.1750000e+02;2.1811296e-01;2.1750000e+02;1.8161419e-01;2.1750000e+02;1.3218114e-01;2.1750000e+02;8.1254199e-02;2.1750000e+02;3.4680098e-02;2.1750000e+02;-8.3189253e-03;2.1750000e+02;-1.3816301e-03;2.1750000e+02;1.1568828e-02;2.1750000e+02;2.9740058e-02;2.1750000e+02;5.2538719e-02;2.1750000e+02;7.8159481e-02;2.1750000e+02;1.0411187e-01;2.1750000e+02;1.2748089e-01;2.1750000e+02;1.4700511e-01;2.1750000e+02;1.6678980e-01;2.1750000e+02;1.9314647e-01;2.1750000e+02;2.1940246e-01;2.1750000e+02;2.3227182e-01;2.1750000e+02;2.1811296e-01;2.1750000e+02;1.8161419e-01;2.1750000e+02;1.3218114e-01;2.1750000e+02;8.1254199e-02;2.1750000e+02;3.4680098e-02;2.1750000e+02;-8.3189253e-03;2.1750000e+02;-1.3816301e-03;2.1750000e+02;1.1568828e-02;2.1750000e+02;2.9740058e-02;2.1750000e+02;5.2538719e-02;2.1750000e+02;7.8159481e-02;2.1750000e+02;1.0411187e-01;2.1750000e+02;1.2748089e-01;2.1750000e+02;1.4700511e-01;2.1750000e+02;1.6678980e-01;2.1750000e+02;1.9314647e-01;2.1750000e+02;2.1940246e-01;2.1750000e+02;2.3227182e-01;2.1750000e+02;2.1811296e-01;2.1750000e+02;1.8161419e-01;2.1750000e+02;1.3218114e-01;2.1750000e+02;8.1254199e-02;2.1750000e+02;3.4680098e-02;2.1750000e+02;-8.3189253e-03;2.1750000e+02;-1.3816301e-03;2.1750000e+02;1.1568828e-02;2.1750000e+02;2.9740058e-02;2.1750000e+02;5.2538719e-02;2.1750000e+02;7.8159481e-02;2.1750000e+02;1.0411187e-01;2.1750000e+02;1.2748089e-01;2.1750000e+02;1.4700511e-01;2.1750000e+02;1.6678980e-01;2.1750000e+02;1.9314647e-01;2.1750000e+02;2.1940246e-01;2.1750000e+02;2.3227182e-01;2.1750000e+02;2.1811296e-01;2.1750000e+02;1.8161419e-01;2.1750000e+02;1.3218114e-01;2.1750000e+02;8.1254199e-02;2.1750000e+02;3.4680098e-02;2.1750000e+02;-8.3189253e-03;2.1750000e+02;-1.3816301e-03;2.1750000e+02;1.1568828e-02;2.1750000e+02;2.9740058e-02;2.1750000e+02;5.2538719e-02;2.1750000e+02;7.8159481e-02;2.1750000e+02;1.0411187e-01;2.1750000e+02;1.2748089e-01;2.1750000e+02;1.4700511e-01;2.1750000e+02;1.6678980e-01;2.1750000e+02;1.9314647e-01;2.1750000e+02;2.1940246e-01;2.1750000e+02;2.3227182e-01;2.1750000e+02;2.1811296e-01;2.1750000e+02;1.8161419e-01;2.1750000e+02;1.3218114e-01;2.1750000e+02;8.1254199e-02;2.1750000e+02;3.4680098e-02;2.1750000e+02;-8.3189253e-03;2.1750000e+02;-1.3816301e-03;2.1750000e+02;1.1568828e-02;2.1750000e+02;2.9740058e-02;2.1750000e+02;5.2538719e-02;2.1750000e+02;7.8159481e-02;2.1750000e+02;1.0411187e-01;2.1750000e+02;1.2748089e-01;2.1750000e+02;1.4700511e-01;2.1750000e+02;1.6678980e-01;2.1750000e+02;1.9314647e-01;2.1750000e+02;2.1940246e-01;2.1750000e+02;2.3227182e-01;2.1750000e+02;2.1811296e-01;2.1750000e+02;1.8161419e-01;2.1750000e+02;1.3218114e-01;2.1750000e+02;8.1254199e-02;2.1750000e+02;3.4680098e-02;2.1750000e+02;-8.3189253e-03;2.1750000e+02;-1.3816301e-03;2.1750000e+02;1.1568828e-02;2.1750000e+02;2.9740058e-02;2.1750000e+02;5.2538719e-02;2.1750000e+02;7.8159481e-02;2.1750000e+02;1.0411187e-01;2.1750000e+02;1.2748089e-01;2.1750000e+02;1.4700511e-01;2.1750000e+02;1.6678980e-01;2.1750000e+02;1.9314647e-01;2.1750000e+02;2.1940246e-01;2.1750000e+02;2.3227182e-01;2.1750000e+02;2.1811296e-01;2.1750000e+02;1.8161419e-01;2.1750000e+02;1.3218114e-01;2.1750000e+02;8.1254199e-02;2.1750000e+02;3.4680098e-02;2.1750000e+02;-8.3189253e-03;2.1750000e+02;-1.3816301e-03;2.1750000e+02;1.1568828e-02;2.1750000e+02;2.9740058e-02;2.1750000e+02;5.2538719e-02;2.1750000e+02;7.8159481e-02;2.1750000e+02;1.0411187e-01;2.1750000e+02;1.2748089e-01;2.1750000e+02;1.4700511e-01;2.1750000e+02;1.6678980e-01;2.1750000e+02;1.9314647e-01;2.1750000e+02;2.1940246e-01;2.1750000e+02;2.3227182e-01;2.1750000e+02;2.1811296e-01;2.1750000e+02;1.8161419e-01;2.1750000e+02;1.3218114e-01;2.1750000e+02;8.1254199e-02;2.1750000e+02;3.4680098e-02;2.1750000e+02;-8.3189253e-03;2.1750000e+02;-1.3816301e-03;2.1750000e+02;1.1568828e-02;2.1750000e+02;2.9740058e-02;2.1750000e+02;5.2538719e-02;2.1750000e+02;7.8159481e-02;2.1750000e+02;1.0411187e-01;2.1750000e+02;1.2748089e-01;2.1750000e+02;1.4700511e-01;2.1750000e+02;1.6678980e-01;2.1750000e+02;1.9314647e-01;2.1750000e+02;2.1940246e-01;2.1750000e+02;2.3227182e-01;2.1750000e+02;2.1811296e-01;2.1750000e+02;1.8161419e-01;2.1750000e+02;1.3218114e-01;2.1750000e+02;8.1254199e-02;2.1750000e+02;3.4680098e-02;2.1750000e+02;-8.3189253e-03;2.1750000e+02;-1.3816301e-03;2.1750000e+02;1.1568828e-02;2.1750000e+02;2.9740058e-02;2.1750000e+02;5.2538719e-02;2.1750000e+02;7.8159481e-02;2.1750000e+02;1.0411187e-01;2.1750000e+02;1.2748089e-01;2.1750000e+02;1.4700511e-01;2.1750000e+02;1.6678980e-01;2.1750000e+02;1.9314647e-01;2.1750000e+02;2.1940246e-01;2.1750000e+02;2.3227182e-01;2.1750000e+02;2.1811296e-01;2.1750000e+02;1.8161419e-01;2.1750000e+02;1.3218114e-01;2.1750000e+02;8.1254199e-02;2.1750000e+02;3.4680098e-02;2.1750000e+02;-8.3189253e-03;2.1750000e+02;-1.3816301e-03;2.1750000e+02;1.1568828e-02;2.1750000e+02;2.9740058e-02;2.1750000e+02;5.2538719e-02;2.1750000e+02;7.8159481e-02;2.1750000e+02;1.0411187e-01;2.1750000e+02;1.2748089e-01;2.1750000e+02;1.4700511e-01;2.1750000e+02;1.6678980e-01;2.1750000e+02;1.9314647e-01;2.1750000e+02;2.1940246e-01;2.1750000e+02;2.3227182e-01;2.1750000e+02;2.1811296e-01;2.1750000e+02;1.8161419e-01;2.1750000e+02;1.3218114e-01;2.1750000e+02;8.1254199e-02;2.1750000e+02;3.4680098e-02;2.1750000e+02;-8.3189253e-03;2.1750000e+02;-1.3816301e-03;2.1750000e+02;1.1568828e-02;2.1750000e+02;2.9740058e-02;2.1750000e+02;5.2538719e-02;2.1750000e+02;7.8159481e-02;2.1750000e+02;1.0411187e-01;2.1750000e+02;1.2748089e-01;2.1750000e+02;1.4700511e-01;2.1750000e+02;1.6678980e-01;2.1750000e+02;1.9314647e-01;2.1750000e+02;2.1940246e-01;2.1750000e+02;2.3227182e-01;2.1750000e+02;2.1811296e-01;2.1750000e+02;1.8161419e-01;2.1750000e+02;1.3218114e-01;2.1750000e+02;8.1254199e-02;2.1750000e+02;3.4680098e-02;2.1750000e+02;-8.3189253e-03;2.1750000e+02;-1.3816301e-03;2.1750000e+02;1.1568828e-02;2.1750000e+02;2.9740058e-02;2.1750000e+02;5.2538719e-02;2.1750000e+02;7.8159481e-02;2.1750000e+02;1.0411187e-01;2.1750000e+02;1.2748089e-01;2.1750000e+02;1.4700511e-01;2.1750000e+02;1.6678980e-01;2.1750000e+02;1.9314647e-01;2.1750000e+02;2.1940246e-01;2.1750000e+02;2.3227182e-01;2.1750000e+02;2.1811296e-01;2.1750000e+02;1.8161419e-01;2.1750000e+02;1.3218114e-01;2.1750000e+02;8.1254199e-02;2.1750000e+02;3.4680098e-02;2.1750000e+02;-8.3189253e-03;2.1750000e+02;-1.3816301e-03;2.1750000e+02;1.1568828e-02;2.1750000e+02;2.9740058e-02;2.1750000e+02;5.2538719e-02;2.1750000e+02;7.8159481e-02;2.1750000e+02;1.0411187e-01;2.1750000e+02;1.2748089e-01;2.1750000e+02;1.4700511e-01;2.1750000e+02;1.6678980e-01;2.1750000e+02;1.9314647e-01;2.1750000e+02;2.1940246e-01;2.1750000e+02;2.3227182e-01;2.1750000e+02;2.1811296e-01;2.1750000e+02;1.8161419e-01;2.1750000e+02;1.3218114e-01;2.1750000e+02;8.1254199e-02;2.1750000e+02;3.4680098e-02;2.1750000e+02;-8.3189253e-03;2.1750000e+02;-1.3816301e-03;2.1750000e+02;1.1568828e-02;2.1750000e+02;2.9740058e-02;2.1750000e+02;5.2538719e-02;2.1750000e+02;7.8159481e-02;2.1750000e+02;1.0411187e-01;2.1750000e+02;1.2748089e-01;2.1750000e+02;1.4700511e-01;2.1750000e+02;1.6678980e-01;2.1750000e+02;1.9314647e-01;2.1750000e+02;2.1940246e-01;2.1750000e+02;2.3227182e-01;2.1750000e+02;2.1811296e-01;2.1750000e+02;1.8161419e-01;2.1750000e+02;1.3218114e-01;2.1750000e+02;8.1254199e-02;2.1750000e+02;3.4680098e-02;2.1750000e+02;-8.3189253e-03;2.1750000e+02;-1.3816301e-03;2.1750000e+02;1.1568828e-02;2.1750000e+02;2.9740058e-02;2.1750000e+02;5.2538719e-02;2.1750000e+02;7.8159481e-02;2.1750000e+02;1.0411187e-01;2.1750000e+02;1.2748089e-01;2.1750000e+02;1.4700511e-01;2.1750000e+02;1.6678980e-01;2.1750000e+02;1.9314647e-01;2.1750000e+02;2.1940246e-01;2.1750000e+02;2.3227182e-01;2.1750000e+02;2.1811296e-01;2.1750000e+02;1.8161419e-01;2.1750000e+02;1.3218114e-01;2.1750000e+02;8.1254199e-02;2.1750000e+02;3.4680098e-02;2.1750000e+02;-8.3189253e-03;2.1750000e+02;-1.3816301e-03;2.1750000e+02;1.1568828e-02;2.1750000e+02;2.9740058e-02;2.1750000e+02;5.2538719e-02;2.1750000e+02;7.8159481e-02;2.1750000e+02;1.0411187e-01;2.1750000e+02;1.2748089e-01;2.1750000e+02;1.4700511e-01;2.1750000e+02;1.6678980e-01;2.1750000e+02;1.9314647e-01;2.1750000e+02;2.1940246e-01;2.1750000e+02;2.3227182e-01;2.1750000e+02;2.1811296e-01;2.1750000e+02;1.8161419e-01;2.1750000e+02;1.3218114e-01;2.1750000e+02;8.1254199e-02;2.1750000e+02;3.4680098e-02;2.1750000e+02;-8.3189253e-03;2.1750000e+02;-1.3816301e-03;2.1750000e+02;1.1568828e-02;2.1750000e+02;2.9740058e-02;2.1750000e+02;5.2538719e-02;2.1750000e+02;7.8159481e-02;2.1750000e+02;1.0411187e-01;2.1750000e+02;1.2748089e-01;2.1750000e+02;1.4700511e-01;2.1750000e+02;1.6678980e-01;2.1750000e+02;1.9314647e-01;2.1750000e+02;2.1940246e-01;2.1750000e+02;2.3227182e-01;2.1750000e+02;2.1811296e-01;2.1750000e+02;1.8161419e-01;2.1750000e+02;1.3218114e-01;2.1750000e+02;8.1254199e-02;2.1750000e+02;3.4680098e-02;2.1750000e+02;-8.3189253e-03;2.1750000e+02;-1.3816301e-03;2.1750000e+02;1.1568828e-02;2.1750000e+02;2.9740058e-02;2.1750000e+02;5.2538719e-02;2.1750000e+02;7.8159481e-02;2.1750000e+02;1.0411187e-01;2.1750000e+02;1.2748089e-01;2.1750000e+02;1.4700511e-01;2.1750000e+02;1.6678980e-01;2.1750000e+02;1.9314647e-01;2.1750000e+02;2.1940246e-01;2.1750000e+02;2.3227182e-01;2.1750000e+02;2.1811296e-01;2.1750000e+02;1.8161419e-01;2.1750000e+02;1.3218114e-01;2.1750000e+02;8.1254199e-02;2.1750000e+02;3.4680098e-02;2.1750000e+02;-8.3189253e-03;2.1750000e+02;-1.3816301e-03;2.1750000e+02;1.1568828e-02;2.1750000e+02;2.9740058e-02;2.1750000e+02;5.2538719e-02;2.1750000e+02;7.8159481e-02;2.1750000e+02;1.0411187e-01;2.1750000e+02;1.2748089e-01;2.1750000e+02;1.4700511e-01;2.1750000e+02;1.6678980e-01;2.1750000e+02;1.9314647e-01;2.1750000e+02;2.1940246e-01;2.1750000e+02;2.3227182e-01;2.1750000e+02;2.1811296e-01;2.1750000e+02;1.8161419e-01;2.1750000e+02;1.3218114e-01;2.1750000e+02;8.1254199e-02;2.1750000e+02;3.4680098e-02;2.1750000e+02;-8.3189253e-03;2.1750000e+02;-1.3816301e-03;2.1750000e+02;1.1568828e-02;2.1750000e+02;2.9740058e-02;2.1750000e+02;5.2538719e-02;2.1750000e+02;7.8159481e-02;2.1750000e+02;1.0411187e-01;2.1750000e+02;1.2748089e-01;2.1750000e+02;1.4700511e-01;2.1750000e+02;1.6678980e-01;2.1750000e+02;1.9314647e-01;2.1750000e+02;2.1940246e-01;2.1750000e+02;2.3227182e-01;2.1750000e+02;2.1811296e-01;2.1750000e+02;1.8161419e-01;2.1750000e+02;1.3218114e-01;2.1750000e+02;8.1254199e-02;2.1750000e+02;3.4680098e-02;2.1750000e+02;-8.3189253e-03;2.1750000e+02;-1.3816301e-03;2.1750000e+02;1.1568828e-02;2.1750000e+02;2.9740058e-02;2.1750000e+02;5.2538719e-02;2.1750000e+02;7.8159481e-02;2.1750000e+02;1.0411187e-01;2.1750000e+02;1.2748089e-01;2.1750000e+02;1.4700511e-01;2.1750000e+02;1.6678980e-01;2.1750000e+02;1.9314647e-01;2.1750000e+02;2.1940246e-01;2.1750000e+02;2.3227182e-01;2.1750000e+02;2.1811296e-01;2.1750000e+02;1.8161419e-01;2.1750000e+02;1.3218114e-01;2.1750000e+02;8.1254199e-02;2.1750000e+02;3.4680098e-02;2.1750000e+02;-8.3189253e-03;2.1750000e+02;-1.3816301e-03;2.1750000e+02;1.1568828e-02;2.1750000e+02;2.9740058e-02;2.1750000e+02;5.2538719e-02;2.1750000e+02;7.8159481e-02;2.1750000e+02;1.0411187e-01;2.1750000e+02;1.2748089e-01;2.1750000e+02;1.4700511e-01;2.1750000e+02;1.6678980e-01;2.1750000e+02;1.9314647e-01;2.1750000e+02;2.1940246e-01;2.1750000e+02;2.3227182e-01;2.1750000e+02;2.1811296e-01;2.1750000e+02;1.8161419e-01;2.1750000e+02;1.3218114e-01;2.1750000e+02;8.1254199e-02;2.1750000e+02;3.4680098e-02;2.1750000e+02;-8.3189253e-03;2.1750000e+02;-1.3816301e-03;2.1750000e+02;1.1568828e-02;2.1750000e+02;2.9740058e-02;2.1750000e+02;5.2538719e-02;2.1750000e+02;7.8159481e-02;2.1750000e+02;1.0411187e-01;2.1750000e+02;1.2748089e-01;2.1750000e+02;1.4700511e-01;2.1750000e+02;1.6678980e-01;2.1750000e+02;1.9314647e-01;2.1750000e+02;2.1940246e-01;2.1750000e+02;2.3227182e-01;2.1750000e+02;2.1811296e-01;2.1750000e+02;1.8161419e-01;2.1750000e+02;1.3218114e-01;2.1750000e+02;8.1254199e-02;2.1750000e+02;3.4680098e-02;2.1750000e+02;-8.3189253e-03;2.1750000e+02;-1.3816301e-03;2.1750000e+02;1.1568828e-02;2.1750000e+02;2.9740058e-02;2.1750000e+02;5.2538719e-02;2.1750000e+02;7.8159481e-02;2.1750000e+02;1.0411187e-01;2.1750000e+02;1.2748089e-01;2.1750000e+02;1.4700511e-01;2.1750000e+02;1.6678980e-01;2.1750000e+02;1.9314647e-01;2.1750000e+02;2.1940246e-01;2.1750000e+02;2.3227182e-01;2.1750000e+02;2.1811296e-01;2.1750000e+02;1.8161419e-01;2.1750000e+02;1.3218114e-01;2.1750000e+02;8.1254199e-02;2.1750000e+02;3.4680098e-02;2.1750000e+02;-8.3189253e-03;2.1750000e+02;-1.3816301e-03;2.1750000e+02;1.1568828e-02;2.1750000e+02;2.9740058e-02;2.1750000e+02;5.2538719e-02;2.1750000e+02;7.8159481e-02;2.1750000e+02;1.0411187e-01;2.1750000e+02;1.2748089e-01;2.1750000e+02;1.4700511e-01;2.1750000e+02;1.6678980e-01;2.1750000e+02;1.9314647e-01;2.1750000e+02;2.1940246e-01;2.1750000e+02;2.3227182e-01;2.1750000e+02;2.1811296e-01;2.1750000e+02;1.8161419e-01;2.1750000e+02;1.3218114e-01;2.1750000e+02;8.1254199e-02;2.1750000e+02;3.4680098e-02;2.1750000e+02;-8.3189253e-03;2.1750000e+02;-1.3816301e-03;2.1750000e+02;1.1568828e-02;2.1750000e+02;2.9740058e-02;2.1750000e+02;5.2538719e-02;2.1750000e+02;7.8159481e-02;2.1750000e+02;1.0411187e-01;2.1750000e+02;1.2748089e-01;2.1750000e+02;1.4700511e-01;2.1750000e+02;1.6678980e-01;2.1750000e+02;1.9314647e-01;2.1750000e+02;2.1940246e-01;2.1750000e+02;2.3227182e-01;2.1750000e+02;2.1811296e-01;2.1750000e+02;1.8161419e-01;2.1750000e+02;1.3218114e-01;2.1750000e+02;8.1254199e-02;2.1750000e+02;3.4680098e-02;2.1750000e+02;-8.3189253e-03;2.1750000e+02;-1.3816301e-03;2.1750000e+02;1.1568828e-02;2.1750000e+02;2.9740058e-02;2.1750000e+02;5.2538719e-02;2.1750000e+02;7.8159481e-02;2.1750000e+02;1.0411187e-01;2.1750000e+02;1.2748089e-01;2.1750000e+02;1.4700511e-01;2.1750000e+02;1.6678980e-01;2.1750000e+02;1.9314647e-01;2.1750000e+02;2.1940246e-01;2.1750000e+02;2.3227182e-01;2.1750000e+02;2.1811296e-01;2.1750000e+02;1.8161419e-01;2.1750000e+02;1.3218114e-01;2.1750000e+02;8.1254199e-02;2.1750000e+02;3.4680098e-02;2.1750000e+02;-8.3189253e-03;2.1750000e+02;-1.3816301e-03;2.1750000e+02;1.1568828e-02;2.1750000e+02;2.9740058e-02;2.1750000e+02;5.2538719e-02;2.1750000e+02;7.8159481e-02;2.1750000e+02;1.0411187e-01;2.1750000e+02;1.2748089e-01;2.1750000e+02;1.4700511e-01;2.1750000e+02;1.6678980e-01;2.1750000e+02;1.9314647e-01;2.1750000e+02;2.1940246e-01;2.1750000e+02;2.3227182e-01;2.1750000e+02;2.1811296e-01;2.1750000e+02;1.8161419e-01;2.1750000e+02;1.3218114e-01;2.1750000e+02;8.1254199e-02;2.1750000e+02;3.4680098e-02;2.1750000e+02;-8.3189253e-03;2.1750000e+02;-1.3816301e-03;2.1750000e+02;1.1568828e-02;2.1750000e+02;2.9740058e-02;2.1750000e+02;5.2538719e-02;2.1750000e+02;7.8159481e-02;2.1750000e+02;1.0411187e-01;2.1750000e+02;1.2748089e-01;2.1750000e+02;1.4700511e-01;2.1750000e+02;1.6678980e-01;2.1750000e+02;1.9314647e-01;2.1750000e+02;2.1940246e-01;2.1750000e+02;2.3227182e-01;2.1750000e+02;2.1811296e-01;2.1750000e+02;1.8161419e-01;2.1750000e+02;1.3218114e-01;2.1750000e+02;8.1254199e-02;2.1750000e+02;3.4680098e-02;2.1750000e+02;-8.3189253e-03;2.1750000e+02;-1.3816301e-03;2.1750000e+02;1.1568828e-02;2.1750000e+02;2.9740058e-02;2.1750000e+02;5.2538719e-02;2.1750000e+02;7.8159481e-02;2.1750000e+02;1.0411187e-01;2.1750000e+02;1.2748089e-01;2.1750000e+02;1.4700511e-01;2.1750000e+02;1.6678980e-01;2.1750000e+02;1.9314647e-01;2.1750000e+02;2.1940246e-01;2.1750000e+02;2.3227182e-01;2.1750000e+02;2.1811296e-01;2.1750000e+02;1.8161419e-01;2.1750000e+02;1.3218114e-01;2.1750000e+02;8.1254199e-02;2.1750000e+02;3.4680098e-02;2.1750000e+02;-8.3189253e-03;2.1750000e+02;-1.3816301e-03;2.1750000e+02;1.1568828e-02;2.1750000e+02;2.9740058e-02;2.1750000e+02;5.2538719e-02;2.1750000e+02;7.8159481e-02;2.1750000e+02;1.0411187e-01;2.1750000e+02;1.2748089e-01;2.1750000e+02;1.4700511e-01;2.1750000e+02;1.6678980e-01;2.1750000e+02;1.9314647e-01;2.1750000e+02;2.1940246e-01;2.1750000e+02;2.3227182e-01;2.1750000e+02;2.1811296e-01;2.1750000e+02;1.8161419e-01;2.1750000e+02;1.3218114e-01;2.1750000e+02;8.1254199e-02;2.1750000e+02;3.4680098e-02;2.1750000e+02;-8.3189253e-03;2.1750000e+02;-1.3816301e-03;2.1750000e+02;1.1568828e-02;2.1750000e+02;2.9740058e-02;2.1750000e+02;5.2538719e-02;2.1750000e+02;7.8159481e-02;2.1750000e+02;1.0411187e-01;2.1750000e+02;1.2748089e-01;2.1750000e+02;1.4700511e-01;2.1750000e+02;1.6678980e-01;2.1750000e+02;1.9314647e-01;2.1750000e+02;2.1940246e-01;2.1750000e+02;2.3227182e-01;2.1750000e+02;2.1811296e-01;2.1750000e+02;1.8161419e-01;2.1750000e+02;1.3218114e-01;2.1750000e+02;8.1254199e-02;2.1750000e+02;3.4680098e-02;2.1750000e+02;-8.3189253e-03;2.1750000e+02;-1.3816301e-03;2.1750000e+02;1.1568828e-02;2.1750000e+02;2.9740058e-02;2.1750000e+02;5.2538719e-02;2.1750000e+02;7.8159481e-02;2.1750000e+02;1.0411187e-01;2.1750000e+02;1.2748089e-01;2.1750000e+02;1.4700511e-01;2.1750000e+02;1.6678980e-01;2.1750000e+02;1.9314647e-01;2.1750000e+02;2.1940246e-01;2.1750000e+02;2.3227182e-01;2.1750000e+02;2.1811296e-01;2.1750000e+02;1.8161419e-01;2.1750000e+02;1.3218114e-01;2.1750000e+02;8.1254199e-02;2.1750000e+02;3.4680098e-02;2.1750000e+02;-8.3189253e-03;2.1750000e+02;-1.3816301e-03;2.1750000e+02;1.1568828e-02;2.1750000e+02;2.9740058e-02;2.1750000e+02;5.2538719e-02;2.1750000e+02;7.8159481e-02;2.1750000e+02;1.0411187e-01;2.1750000e+02;1.2748089e-01;2.1750000e+02;1.4700511e-01;2.1750000e+02;1.6678980e-01;2.1750000e+02;1.9314647e-01;2.1750000e+02;2.1940246e-01;2.1750000e+02;2.3227182e-01;2.1750000e+02;2.1811296e-01;2.1750000e+02;1.8161419e-01;2.1750000e+02;1.3218114e-01;2.1750000e+02;8.1254199e-02;2.1750000e+02;3.4680098e-02;2.1750000e+02;-8.3189253e-03;2.1750000e+02;-1.3816301e-03;2.1750000e+02;1.1568828e-02;2.1750000e+02;2.9740058e-02;2.1750000e+02;5.2538719e-02;2.1750000e+02;7.8159481e-02;2.1750000e+02;1.0411187e-01;2.1750000e+02;1.2748089e-01;2.1750000e+02;1.4700511e-01;2.1750000e+02;1.6678980e-01;2.1750000e+02;1.9314647e-01;2.1750000e+02;2.1940246e-01;2.1750000e+02;2.3227182e-01;2.1750000e+02;2.1811296e-01;2.1750000e+02;1.8161419e-01;2.1750000e+02;1.3218114e-01;2.1750000e+02;8.1254199e-02;2.1750000e+02;3.4680098e-02;2.1750000e+02;-8.3189253e-03;2.1750000e+02;-1.3816301e-03;2.1750000e+02;1.1568828e-02;2.1750000e+02;2.9740058e-02;2.1750000e+02;5.2538719e-02;2.1750000e+02;7.8159481e-02;2.1750000e+02;1.0411187e-01;2.1750000e+02;1.2748089e-01;2.1750000e+02;1.4700511e-01;2.1750000e+02;1.6678980e-01;2.1750000e+02;1.9314647e-01;2.1750000e+02;2.1940246e-01;2.1750000e+02;2.3227182e-01;2.1750000e+02;2.1811296e-01;2.1750000e+02;1.8161419e-01;2.1750000e+02;1.3218114e-01;2.1750000e+02;8.1254199e-02;2.1750000e+02;3.4680098e-02;2.1750000e+02;-8.3189253e-03;2.1750000e+02;-1.3816301e-03;2.1750000e+02;1.1568828e-02;2.1750000e+02;2.9740058e-02;2.1750000e+02;5.2538719e-02;2.1750000e+02;7.8159481e-02;2.1750000e+02;1.0411187e-01;2.1750000e+02;1.2748089e-01;2.1750000e+02;1.4700511e-01;2.1750000e+02;1.6678980e-01;2.1750000e+02;1.9314647e-01;2.1750000e+02;2.1940246e-01;2.1750000e+02;2.3227182e-01;2.1750000e+02;2.1811296e-01;2.1750000e+02;1.8161419e-01;2.1750000e+02;1.3218114e-01;2.1750000e+02;8.1254199e-02;2.1750000e+02;3.4680098e-02;2.1750000e+02;-8.3189253e-03;2.1750000e+02;-1.3816301e-03;2.1750000e+02;1.1568828e-02;2.1750000e+02;2.9740058e-02;2.1750000e+02;5.2538719e-02;2.1750000e+02;7.8159481e-02;2.1750000e+02;1.0411187e-01;2.1750000e+02;1.2748089e-01;2.1750000e+02;1.4700511e-01;2.1750000e+02;1.6678980e-01;2.1750000e+02;1.9314647e-01;2.1750000e+02;2.1940246e-01;2.1750000e+02;2.3227182e-01;2.1750000e+02;2.1811296e-01;2.1750000e+02;1.8161419e-01;2.1750000e+02;1.3218114e-01;2.1750000e+02;8.1254199e-02;2.1750000e+02;3.4680098e-02;2.1750000e+02;-8.3189253e-03;2.1750000e+02;-1.3816301e-03;2.1750000e+02;1.1568828e-02;2.1750000e+02;2.9740058e-02;2.1750000e+02;5.2538719e-02;2.1750000e+02;7.8159481e-02;2.1750000e+02;1.0411187e-01;2.1750000e+02;1.2748089e-01;2.1750000e+02;1.4700511e-01;2.1750000e+02;1.6678980e-01;2.1750000e+02;1.9314647e-01;2.1750000e+02;2.1940246e-01;2.1750000e+02;2.3227182e-01;2.1750000e+02;2.1811296e-01;2.1750000e+02;1.8161419e-01;2.1750000e+02;1.3218114e-01;2.1750000e+02;8.1254199e-02;2.1750000e+02;3.4680098e-02;2.1750000e+02;-8.3189253e-03;2.1750000e+02;-1.3816301e-03;2.1750000e+02;1.1568828e-02;2.1750000e+02;2.9740058e-02;2.1750000e+02;5.2538719e-02;2.1750000e+02;7.8159481e-02;2.1750000e+02;1.0411187e-01;2.1750000e+02;1.2748089e-01;2.1750000e+02;1.4700511e-01;2.1750000e+02;1.6678980e-01;2.1750000e+02;1.9314647e-01;2.1750000e+02;2.1940246e-01;2.1750000e+02;2.3227182e-01;2.1750000e+02;2.1811296e-01;2.1750000e+02;1.8161419e-01;2.1750000e+02;1.3218114e-01;2.1750000e+02;8.1254199e-02;2.1750000e+02;3.4680098e-02;2.1750000e+02;-8.3189253e-03;2.1750000e+02;-1.3816301e-03;2.1750000e+02;1.1568828e-02;2.1750000e+02;2.9740058e-02;2.1750000e+02;5.2538719e-02;2.1750000e+02;7.8159481e-02;2.1750000e+02;1.0411187e-01;2.1750000e+02;1.2748089e-01;2.1750000e+02;1.4700511e-01;2.1750000e+02;1.6678980e-01;2.1750000e+02;1.9314647e-01;2.1750000e+02;2.1940246e-01;2.1750000e+02;2.3227182e-01;2.1750000e+02;2.1811296e-01;2.1750000e+02;1.8161419e-01;2.1750000e+02;1.3218114e-01;2.1750000e+02;8.1254199e-02;2.1750000e+02;3.4680098e-02;2.1750000e+02;-8.3189253e-03;2.1750000e+02;-1.3816301e-03;2.1750000e+02;1.1568828e-02;2.1750000e+02;2.9740058e-02;2.1750000e+02;5.2538719e-02;2.1750000e+02;7.8159481e-02;2.1750000e+02;1.0411187e-01;2.1750000e+02;1.2748089e-01;2.1750000e+02;1.4700511e-01;2.1750000e+02;1.6678980e-01;2.1750000e+02;1.9314647e-01;2.1750000e+02;2.1940246e-01;2.1750000e+02;2.3227182e-01;2.1750000e+02;2.1811296e-01;2.1750000e+02;1.8161419e-01;2.1750000e+02;1.3218114e-01;2.1750000e+02;8.1254199e-02;2.1750000e+02;3.4680098e-02;2.1750000e+02;-8.3189253e-03;2.1750000e+02;-1.3816301e-03;2.1750000e+02;1.1568828e-02;2.1750000e+02;2.9740058e-02;2.1750000e+02;5.2538719e-02;2.1750000e+02;7.8159481e-02;2.1750000e+02;1.0411187e-01;2.1750000e+02;1.2748089e-01;2.1750000e+02;1.4700511e-01;2.1750000e+02;1.6678980e-01;2.1750000e+02;1.9314647e-01;2.1750000e+02;2.1940246e-01;2.1750000e+02;2.3227182e-01;2.1750000e+02;2.1811296e-01;2.1750000e+02;1.8161419e-01;2.1750000e+02;1.3218114e-01;2.1750000e+02;8.1254199e-02;2.1750000e+02;3.4680098e-02;2.1750000e+02;-8.3189253e-03;2.1750000e+02;-1.3816301e-03;2.1750000e+02;1.1568828e-02;2.1750000e+02;2.9740058e-02;2.1750000e+02;5.2538719e-02;2.1750000e+02;7.8159481e-02;2.1750000e+02;1.0411187e-01;2.1750000e+02;1.2748089e-01;2.1750000e+02;1.4700511e-01;2.1750000e+02;1.6678980e-01;2.1750000e+02;1.9314647e-01;2.1750000e+02;2.1940246e-01;2.1750000e+02;2.3227182e-01;2.1750000e+02;2.1811296e-01;2.1750000e+02;1.8161419e-01;2.1750000e+02;1.3218114e-01;2.1750000e+02;8.1254199e-02;2.1750000e+02;3.4680098e-02;2.1750000e+02;-8.3189253e-03;2.1750000e+02;-1.3816301e-03;2.1750000e+02;1.1568828e-02;2.1750000e+02;2.9740058e-02;2.1750000e+02;5.2538719e-02;2.1750000e+02;7.8159481e-02;2.1750000e+02;1.0411187e-01;2.1750000e+02;1.2748089e-01;2.1750000e+02;1.4700511e-01;2.1750000e+02;1.6678980e-01;2.1750000e+02;1.9314647e-01;2.1750000e+02;2.1940246e-01;2.1750000e+02;2.3227182e-01;2.1750000e+02;2.1811296e-01;2.1750000e+02;1.8161419e-01;2.1750000e+02;1.3218114e-01;2.1750000e+02;8.1254199e-02;2.1750000e+02;3.4680098e-02;2.1750000e+02;-8.3189253e-03;2.1750000e+02;-1.3816301e-03;2.1750000e+02;1.1568828e-02;2.1750000e+02;2.9740058e-02;2.1750000e+02;5.2538719e-02;2.1750000e+02;7.8159481e-02;2.1750000e+02;1.0411187e-01;2.1750000e+02;1.2748089e-01;2.1750000e+02;1.4700511e-01;2.1750000e+02;1.6678980e-01;2.1750000e+02;1.9314647e-01;2.1750000e+02;2.1940246e-01;2.1750000e+02;2.3227182e-01;2.1750000e+02;2.1811296e-01;2.1750000e+02;1.8161419e-01;2.1750000e+02;1.3218114e-01;2.1750000e+02;8.1254199e-02;2.1750000e+02;3.4680098e-02;2.1750000e+02;-8.3189253e-03;2.1750000e+02;-1.3816301e-03;2.1750000e+02;1.1568828e-02;2.1750000e+02;2.9740058e-02;2.1750000e+02;5.2538719e-02;2.1750000e+02;7.8159481e-02;2.1750000e+02;1.0411187e-01;2.1750000e+02;1.2748089e-01;2.1750000e+02;1.4700511e-01;2.1750000e+02;1.6678980e-01;2.1750000e+02;1.9314647e-01;2.1750000e+02;2.1940246e-01;2.1750000e+02;2.3227182e-01;2.1750000e+02;2.1811296e-01;2.1750000e+02;1.8161419e-01;2.1750000e+02;1.3218114e-01;2.1750000e+02;8.1254199e-02;2.1750000e+02;3.4680098e-02;2.1750000e+02;-8.3189253e-03;2.1750000e+02;-1.3816301e-03;2.1750000e+02;1.1568828e-02;2.1750000e+02;2.9740058e-02;2.1750000e+02;5.2538719e-02;2.1750000e+02;7.8159481e-02;2.1750000e+02;1.0411187e-01;2.1750000e+02;1.2748089e-01;2.1750000e+02;1.4700511e-01;2.1750000e+02;1.6678980e-01;2.1750000e+02;1.9314647e-01;2.1750000e+02;2.1940246e-01;2.1750000e+02;2.3227182e-01;2.1750000e+02;2.1811296e-01;2.1750000e+02;1.8161419e-01;2.1750000e+02;1.3218114e-01;2.1750000e+02;8.1254199e-02;2.1750000e+02;3.4680098e-02;2.1750000e+02;-8.3189253e-03;2.1750000e+02;-1.3816301e-03;2.1750000e+02;1.1568828e-02;2.1750000e+02;2.9740058e-02;2.1750000e+02;5.2538719e-02;2.1750000e+02;7.8159481e-02;2.1750000e+02;1.0411187e-01;2.1750000e+02;1.2748089e-01;2.1750000e+02;1.4700511e-01;2.1750000e+02;1.6678980e-01;2.1750000e+02;1.9314647e-01;2.1750000e+02;2.1940246e-01;2.1750000e+02;2.3227182e-01;2.1750000e+02;2.1811296e-01;2.1750000e+02;1.8161419e-01;2.1750000e+02;1.3218114e-01;2.1750000e+02;8.1254199e-02;2.1750000e+02;3.4680098e-02;2.1750000e+02;-8.3189253e-03;2.1750000e+02;-1.3816301e-03;2.1750000e+02;1.1568828e-02;2.1750000e+02;2.9740058e-02;2.1750000e+02;5.2538719e-02;2.1750000e+02;7.8159481e-02;2.1750000e+02;1.0411187e-01;2.1750000e+02;1.2748089e-01;2.1750000e+02;1.4700511e-01;2.1750000e+02;1.6678980e-01;2.1750000e+02;1.9314647e-01;2.1750000e+02;2.1940246e-01;2.1750000e+02;2.3227182e-01;2.1750000e+02;2.1811296e-01;2.1750000e+02;1.8161419e-01;2.1750000e+02;1.3218114e-01;2.1750000e+02;8.1254199e-02;2.1750000e+02;3.4680098e-02;2.1750000e+02;-8.3189253e-03;2.1750000e+02;-1.3816301e-03;2.1750000e+02;1.1568828e-02;2.1750000e+02;2.9740058e-02;2.1750000e+02;5.2538719e-02;2.1750000e+02;7.8159481e-02;2.1750000e+02;1.0411187e-01;2.1750000e+02;1.2748089e-01;2.1750000e+02;1.4700511e-01;2.1750000e+02;1.6678980e-01;2.1750000e+02;1.9314647e-01;2.1750000e+02;2.1940246e-01;2.1750000e+02;2.3227182e-01;2.1750000e+02;2.1811296e-01;2.1750000e+02;1.8161419e-01;2.1750000e+02;1.3218114e-01;2.1750000e+02;8.1254199e-02;2.1750000e+02;3.4680098e-02;2.1750000e+02;-8.3189253e-03;2.1750000e+02;-1.3816301e-03;2.1750000e+02;1.1568828e-02;2.1750000e+02;2.9740058e-02;2.1750000e+02;5.2538719e-02;2.1750000e+02;7.8159481e-02;2.1750000e+02;1.0411187e-01;2.1750000e+02;1.2748089e-01;2.1750000e+02;1.4700511e-01;2.1750000e+02;1.6678980e-01;2.1750000e+02;1.9314647e-01;2.1750000e+02;2.1940246e-01;2.1750000e+02;2.3227182e-01;2.1750000e+02;2.1811296e-01;2.1750000e+02;1.8161419e-01;2.1750000e+02;1.3218114e-01;2.1750000e+02;8.1254199e-02;2.1750000e+02;3.4680098e-02;2.1750000e+02;-8.3189253e-03;2.1750000e+02;-1.3816301e-03;2.1750000e+02;1.1568828e-02;2.1750000e+02;2.9740058e-02;2.1750000e+02;5.2538719e-02;2.1750000e+02;7.8159481e-02;2.1750000e+02;1.0411187e-01;2.1750000e+02;1.2748089e-01;2.1750000e+02;1.4700511e-01;2.1750000e+02;1.6678980e-01;2.1750000e+02;1.9314647e-01;2.1750000e+02;2.1940246e-01;2.1750000e+02;2.3227182e-01;2.1750000e+02;2.1811296e-01;2.1750000e+02;1.8161419e-01;2.1750000e+02;1.3218114e-01;2.1750000e+02;8.1254199e-02;2.1750000e+02;3.4680098e-02;2.1750000e+02;-8.3189253e-03;2.1750000e+02;-1.3816301e-03;2.1750000e+02;1.1568828e-02;2.1750000e+02;2.9740058e-02;2.1750000e+02;5.2538719e-02;2.1750000e+02;7.8159481e-02;2.1750000e+02;1.0411187e-01;2.1750000e+02;1.2748089e-01;2.1750000e+02;1.4700511e-01;2.1750000e+02;1.6678980e-01;2.1750000e+02;1.9314647e-01;2.1750000e+02;2.1940246e-01;2.1750000e+02;2.3227182e-01;2.1750000e+02;2.1811296e-01;2.1750000e+02;1.8161419e-01;2.1750000e+02;1.3218114e-01;2.1750000e+02;8.1254199e-02;2.1750000e+02;3.4680098e-02;2.1750000e+02;-8.3189253e-03;2.1750000e+02;-1.3816301e-03;2.1750000e+02;1.1568828e-02;2.1750000e+02;2.9740058e-02;2.1750000e+02;5.2538719e-02;2.1750000e+02;7.8159481e-02;2.1750000e+02;1.0411187e-01;2.1750000e+02;1.2748089e-01;2.1750000e+02;1.4700511e-01;2.1750000e+02;1.6678980e-01;2.1750000e+02;1.9314647e-01;2.1750000e+02;2.1940246e-01;2.1750000e+02;2.3227182e-01;2.1750000e+02;2.1811296e-01;2.1750000e+02;1.8161419e-01;2.1750000e+02;1.3218114e-01;2.1750000e+02;8.1254199e-02;2.1750000e+02;3.4680098e-02;2.1750000e+02;-8.3189253e-03;2.1750000e+02;-1.3816301e-03;2.1750000e+02;1.1568828e-02;2.1750000e+02;2.9740058e-02;2.1750000e+02;5.2538719e-02;2.1750000e+02;7.8159481e-02;2.1750000e+02;1.0411187e-01;2.1750000e+02;1.2748089e-01;2.1750000e+02;1.4700511e-01;2.1750000e+02;1.6678980e-01;2.1750000e+02;1.9314647e-01;2.1750000e+02;2.1940246e-01;2.1750000e+02;2.3227182e-01;2.1750000e+02;2.1811296e-01;2.1750000e+02;1.8161419e-01;2.1750000e+02;1.3218114e-01;2.1750000e+02;8.1254199e-02;2.1750000e+02;3.4680098e-02;2.1750000e+02;-8.3189253e-03;2.1750000e+02;-1.3816301e-03;2.1750000e+02;1.1568828e-02;2.1750000e+02;2.9740058e-02;2.1750000e+02;5.2538719e-02;2.1750000e+02;7.8159481e-02;2.1750000e+02;1.0411187e-01;2.1750000e+02;1.2748089e-01;2.1750000e+02;1.4700511e-01;2.1750000e+02;1.6678980e-01;2.1750000e+02;1.9314647e-01;2.1750000e+02;2.1940246e-01;2.1750000e+02;2.3227182e-01;2.1750000e+02;2.1811296e-01;2.1750000e+02;1.8161419e-01;2.1750000e+02;1.3218114e-01;2.1750000e+02;8.1254199e-02;2.1750000e+02;3.4680098e-02;2.1750000e+02;-8.3189253e-03;2.1750000e+02;-1.3816301e-03;2.1750000e+02;1.1568828e-02;2.1750000e+02;2.9740058e-02;2.1750000e+02;5.2538719e-02;2.1750000e+02;7.8159481e-02;2.1750000e+02;1.0411187e-01;2.1750000e+02;1.2748089e-01;2.1750000e+02;1.4700511e-01;2.1750000e+02;1.6678980e-01;2.1750000e+02;1.9314647e-01;2.1750000e+02;2.1940246e-01;2.1750000e+02;2.3227182e-01;2.1750000e+02;2.1811296e-01;2.1750000e+02;1.8161419e-01;2.1750000e+02;1.3218114e-01;2.1750000e+02;8.1254199e-02;2.1750000e+02;3.4680098e-02;2.1750000e+02;-8.3189253e-03;2.1750000e+02;-1.3816301e-03;2.1750000e+02;1.1568828e-02;2.1750000e+02;2.9740058e-02;2.1750000e+02;5.2538719e-02;2.1750000e+02;7.8159481e-02;2.1750000e+02;1.0411187e-01;2.1750000e+02;1.2748089e-01;2.1750000e+02;1.4700511e-01;2.1750000e+02;1.6678980e-01;2.1750000e+02;1.9314647e-01;2.1750000e+02;2.1940246e-01;2.1750000e+02;2.3227182e-01;2.1750000e+02;2.1811296e-01;2.1750000e+02;1.8161419e-01;2.1750000e+02;1.3218114e-01;2.1750000e+02;8.1254199e-02;2.1750000e+02;3.4680098e-02;2.1750000e+02;-8.3189253e-03;2.1750000e+02;-1.3816301e-03;2.1750000e+02;1.1568828e-02;2.1750000e+02;2.9740058e-02;2.1750000e+02;5.2538719e-02;2.1750000e+02;7.8159481e-02;2.1750000e+02;1.0411187e-01;2.1750000e+02;1.2748089e-01;2.1750000e+02;1.4700511e-01;2.1750000e+02;1.6678980e-01;2.1750000e+02;1.9314647e-01;2.1750000e+02;2.1940246e-01;2.1750000e+02;2.3227182e-01;2.1750000e+02;2.1811296e-01;2.1750000e+02;1.8161419e-01;2.1750000e+02;1.3218114e-01;2.1750000e+02;8.1254199e-02;2.1750000e+02;3.4680098e-02;2.1750000e+02;-8.3189253e-03;2.1750000e+02;-1.3816301e-03;2.1750000e+02;1.1568828e-02;2.1750000e+02;2.9740058e-02;2.1750000e+02;5.2538719e-02;2.1750000e+02;7.8159481e-02;2.1750000e+02;1.0411187e-01;2.1750000e+02;1.2748089e-01;2.1750000e+02;1.4700511e-01;2.1750000e+02;1.6678980e-01;2.1750000e+02;1.9314647e-01;2.1750000e+02;2.1940246e-01;2.1750000e+02;2.3227182e-01;2.1750000e+02;2.1811296e-01;2.1750000e+02;1.8161419e-01;2.1750000e+02;1.3218114e-01;2.1750000e+02;8.1254199e-02;2.1750000e+02;3.4680098e-02;2.1750000e+02;-8.3189253e-03;2.1750000e+02;-1.3816301e-03;2.1750000e+02;1.1568828e-02;2.1750000e+02;2.9740058e-02;2.1750000e+02;5.2538719e-02;2.1750000e+02;7.8159481e-02;2.1750000e+02;1.0411187e-01;2.1750000e+02;1.2748089e-01;2.1750000e+02;1.4700511e-01;2.1750000e+02;1.6678980e-01;2.1750000e+02;1.9314647e-01;2.1750000e+02;2.1940246e-01;2.1750000e+02;2.3227182e-01;2.1750000e+02;2.1811296e-01;2.1750000e+02;1.8161419e-01;2.1750000e+02;1.3218114e-01;2.1750000e+02;8.1254199e-02;2.1750000e+02;3.4680098e-02;2.1750000e+02;-8.3189253e-03;2.1750000e+02;-1.3816301e-03;2.1750000e+02;1.1568828e-02;2.1750000e+02;2.9740058e-02;2.1750000e+02;5.2538719e-02;2.1750000e+02;7.8159481e-02;2.1750000e+02;1.0411187e-01;2.1750000e+02;1.2748089e-01;2.1750000e+02;1.4700511e-01;2.1750000e+02;1.6678980e-01;2.1750000e+02;1.9314647e-01;2.1750000e+02;2.1940246e-01;2.1750000e+02;2.3227182e-01;2.1750000e+02;2.1811296e-01;2.1750000e+02;1.8161419e-01;2.1750000e+02;1.3218114e-01;2.1750000e+02;8.1254199e-02;2.1750000e+02;3.4680098e-02;2.1750000e+02;-8.3189253e-03;2.1750000e+02;-1.3816301e-03;2.1750000e+02;1.1568828e-02;2.1750000e+02;2.9740058e-02;2.1750000e+02;5.2538719e-02;2.1750000e+02;7.8159481e-02;2.1750000e+02;1.0411187e-01;2.1750000e+02;1.2748089e-01;2.1750000e+02;1.4700511e-01;2.1750000e+02;1.6678980e-01;2.1750000e+02;1.9314647e-01;2.1750000e+02;2.1940246e-01;2.1750000e+02;2.3227182e-01;2.1750000e+02;2.1811296e-01;2.1750000e+02;1.8161419e-01;2.1750000e+02;1.3218114e-01;2.1750000e+02;8.1254199e-02;2.1750000e+02;3.4680098e-02;2.1750000e+02;-8.3189253e-03;2.1750000e+02;-1.3816301e-03;2.1750000e+02;1.1568828e-02;2.1750000e+02;2.9740058e-02;2.1750000e+02;5.2538719e-02;2.1750000e+02;7.8159481e-02;2.1750000e+02;1.0411187e-01;2.1750000e+02;1.2748089e-01;2.1750000e+02;1.4700511e-01;2.1750000e+02;1.6678980e-01;2.1750000e+02;1.9314647e-01;2.1750000e+02;2.1940246e-01;2.1750000e+02;2.3227182e-01;2.1750000e+02;2.1811296e-01;2.1750000e+02;1.8161419e-01;2.1750000e+02;1.3218114e-01;2.1750000e+02;8.1254199e-02;2.1750000e+02;3.4680098e-02;2.1750000e+02;-8.3189253e-03;2.1750000e+02;-1.3816301e-03;2.1750000e+02;1.1568828e-02;2.1750000e+02;2.9740058e-02;2.1750000e+02;5.2538719e-02;2.1750000e+02;7.8159481e-02;2.1750000e+02;1.0411187e-01;2.1750000e+02;1.2748089e-01;2.1750000e+02;1.4700511e-01;2.1750000e+02;1.6678980e-01;2.1750000e+02;1.9314647e-01;2.1750000e+02;2.1940246e-01;2.1750000e+02;2.3227182e-01;2.1750000e+02;2.1811296e-01;2.1750000e+02;1.8161419e-01;2.1750000e+02;1.3218114e-01;2.1750000e+02;8.1254199e-02;2.1750000e+02;3.4680098e-02;2.1750000e+02;-8.3189253e-03;2.1750000e+02;-1.3816301e-03;2.1750000e+02;1.1568828e-02;2.1750000e+02;2.9740058e-02;2.1750000e+02;5.2538719e-02;2.1750000e+02;7.8159481e-02;2.1750000e+02;1.0411187e-01;2.1750000e+02;1.2748089e-01;2.1750000e+02;1.4700511e-01;2.1750000e+02;1.6678980e-01;2.1750000e+02;1.9314647e-01;2.1750000e+02;2.1940246e-01;2.1750000e+02;2.3227182e-01;2.1750000e+02;2.1811296e-01;2.1750000e+02;1.8161419e-01;2.1750000e+02;1.3218114e-01;2.1750000e+02;8.1254199e-02;2.1750000e+02;3.4680098e-02;2.1750000e+02;-8.3189253e-03;2.1750000e+02;-1.3816301e-03;2.1750000e+02;1.1568828e-02;2.1750000e+02;2.9740058e-02;2.1750000e+02;5.2538719e-02;2.1750000e+02;7.8159481e-02;2.1750000e+02;1.0411187e-01;2.1750000e+02;1.2748089e-01;2.1750000e+02;1.4700511e-01;2.1750000e+02;1.6678980e-01;2.1750000e+02;1.9314647e-01;2.1750000e+02;2.1940246e-01;2.1750000e+02;2.3227182e-01;2.1750000e+02;2.1811296e-01;2.1750000e+02;1.8161419e-01;2.1750000e+02;1.3218114e-01;2.1750000e+02;8.1254199e-02;2.1750000e+02;3.4680098e-02;2.1750000e+02;-8.3189253e-03;2.1750000e+02;-1.3816301e-03;2.1750000e+02;1.1568828e-02;2.1750000e+02;2.9740058e-02;2.1750000e+02;5.2538719e-02;2.1750000e+02;7.8159481e-02;2.1750000e+02;1.0411187e-01;2.1750000e+02;1.2748089e-01;2.1750000e+02;1.4700511e-01;2.1750000e+02;1.6678980e-01;2.1750000e+02;1.9314647e-01;2.1750000e+02;2.1940246e-01;2.1750000e+02;2.3227182e-01;2.1750000e+02;2.1811296e-01;2.1750000e+02;1.8161419e-01;2.1750000e+02;1.3218114e-01;2.1750000e+02;8.1254199e-02;2.1750000e+02;3.4680098e-02;2.1750000e+02;-8.3189253e-03;2.1750000e+02;-1.3816301e-03;2.1750000e+02;1.1568828e-02;2.1750000e+02;2.9740058e-02;2.1750000e+02;5.2538719e-02;2.1750000e+02;7.8159481e-02;2.1750000e+02;1.0411187e-01;2.1750000e+02;1.2748089e-01;2.1750000e+02;1.4700511e-01;2.1750000e+02;1.6678980e-01;2.1750000e+02;1.9314647e-01;2.1750000e+02;2.1940246e-01;2.1750000e+02;2.3227182e-01;2.1750000e+02;2.1811296e-01;2.1750000e+02;1.8161419e-01;2.1750000e+02;1.3218114e-01;2.1750000e+02;8.1254199e-02;2.1750000e+02;3.4680098e-02;2.1750000e+02;-8.3189253e-03;2.1750000e+02;-1.3816301e-03;2.1750000e+02;1.1568828e-02;2.1750000e+02;2.9740058e-02;2.1750000e+02;5.2538719e-02;2.1750000e+02;7.8159481e-02;2.1750000e+02;1.0411187e-01;2.1750000e+02;1.2748089e-01;2.1750000e+02;1.4700511e-01;2.1750000e+02;1.6678980e-01;2.1750000e+02;1.9314647e-01;2.1750000e+02;2.1940246e-01;2.1750000e+02;2.3227182e-01;2.1750000e+02;2.1811296e-01;2.1750000e+02;1.8161419e-01;2.1750000e+02;1.3218114e-01;2.1750000e+02;8.1254199e-02;2.1750000e+02;3.4680098e-02;2.1750000e+02;-8.3189253e-03;2.1750000e+02;-1.3816301e-03;2.1750000e+02;1.1568828e-02;2.1750000e+02;2.9740058e-02;2.1750000e+02;5.2538719e-02;2.1750000e+02;7.8159481e-02;2.1750000e+02;1.0411187e-01;2.1750000e+02;1.2748089e-01;2.1750000e+02;1.4700511e-01;2.1750000e+02;1.6678980e-01;2.1750000e+02;1.9314647e-01;2.1750000e+02;2.1940246e-01;2.1750000e+02;2.3227182e-01;2.1750000e+02;2.1811296e-01;2.1750000e+02;1.8161419e-01;2.1750000e+02;1.3218114e-01;2.1750000e+02;8.1254199e-02;2.1750000e+02;3.4680098e-02;2.1750000e+02;-8.3189253e-03;2.1750000e+02;-1.3816301e-03;2.1750000e+02;1.1568828e-02;2.1750000e+02;2.9740058e-02;2.1750000e+02;5.2538719e-02;2.1750000e+02;7.8159481e-02;2.1750000e+02;1.0411187e-01;2.1750000e+02;1.2748089e-01;2.1750000e+02;1.4700511e-01;2.1750000e+02;1.6678980e-01;2.1750000e+02;1.9314647e-01;2.1750000e+02;2.1940246e-01;2.1750000e+02;2.3227182e-01;2.1750000e+02;2.1811296e-01;2.1750000e+02;1.8161419e-01;2.1750000e+02;1.3218114e-01;2.1750000e+02;8.1254199e-02;2.1750000e+02;3.4680098e-02;2.1750000e+02;-8.3189253e-03;2.1750000e+02;-1.3816301e-03;2.1750000e+02;1.1568828e-02;2.1750000e+02;2.9740058e-02;2.1750000e+02;5.2538719e-02;2.1750000e+02;7.8159481e-02;2.1750000e+02;1.0411187e-01;2.1750000e+02;1.2748089e-01;2.1750000e+02;1.4700511e-01;2.1750000e+02;1.6678980e-01;2.1750000e+02;1.9314647e-01;2.1750000e+02;2.1940246e-01;2.1750000e+02;2.3227182e-01;2.1750000e+02;2.1811296e-01;2.1750000e+02;1.8161419e-01;2.1750000e+02;1.3218114e-01;2.1750000e+02;8.1254199e-02;2.1750000e+02;3.4680098e-02;2.1750000e+02;-8.3189253e-03;2.1750000e+02;-1.3816301e-03;2.1750000e+02;1.1568828e-02;2.1750000e+02;2.9740058e-02;2.1750000e+02;5.2538719e-02;2.1750000e+02;7.8159481e-02;2.1750000e+02;1.0411187e-01;2.1750000e+02;1.2748089e-01;2.1750000e+02;1.4700511e-01;2.1750000e+02;1.6678980e-01;2.1750000e+02;1.9314647e-01;2.1750000e+02;2.1940246e-01;2.1750000e+02;2.3227182e-01;2.1750000e+02;2.1811296e-01;2.1750000e+02;1.8161419e-01;2.1750000e+02;1.3218114e-01;2.1750000e+02;8.1254199e-02;2.1750000e+02;3.4680098e-02;2.1750000e+02;-8.3189253e-03;2.1750000e+02;-1.3816301e-03;2.1750000e+02;1.1568828e-02;2.1750000e+02;2.9740058e-02;2.1750000e+02;5.2538719e-02;2.1750000e+02;7.8159481e-02;2.1750000e+02;1.0411187e-01;2.1750000e+02;1.2748089e-01;2.1750000e+02;1.4700511e-01;2.1750000e+02;1.6678980e-01;2.1750000e+02;1.9314647e-01;2.1750000e+02;2.1940246e-01;2.1750000e+02;2.3227182e-01;2.1750000e+02;2.1811296e-01;2.1750000e+02;1.8161419e-01;2.1750000e+02;1.3218114e-01;2.1750000e+02;8.1254199e-02;2.1750000e+02;3.4680098e-02;2.1750000e+02;-8.3189253e-03;2.1750000e+02;-1.3816301e-03;2.1750000e+02;1.1568828e-02;2.1750000e+02;2.9740058e-02;2.1750000e+02;5.2538719e-02;2.1750000e+02;7.8159481e-02;2.1750000e+02;1.0411187e-01;2.1750000e+02;1.2748089e-01;2.1750000e+02;1.4700511e-01;2.1750000e+02;1.6678980e-01;2.1750000e+02;1.9314647e-01;2.1750000e+02;2.1940246e-01;2.1750000e+02;2.3227182e-01;2.1750000e+02;2.1811296e-01;2.1750000e+02;1.8161419e-01;2.1750000e+02;1.3218114e-01;2.1750000e+02;8.1254199e-02;2.1750000e+02;3.4680098e-02;2.1750000e+02;-8.3189253e-03;2.1750000e+02;-1.3816301e-03;2.1750000e+02;1.1568828e-02;2.1750000e+02;2.9740058e-02;2.1750000e+02;5.2538719e-02;2.1750000e+02;7.8159481e-02;2.1750000e+02;1.0411187e-01;2.1750000e+02;1.2748089e-01;2.1750000e+02;1.4700511e-01;2.1750000e+02;1.6678980e-01;2.1750000e+02;1.9314647e-01;2.1750000e+02;2.1940246e-01;2.1750000e+02;2.3227182e-01;2.1750000e+02;2.1811296e-01;2.1750000e+02;1.8161419e-01;2.1750000e+02;1.3218114e-01;2.1750000e+02;8.1254199e-02;2.1750000e+02;3.4680098e-02;2.1750000e+02;-8.3189253e-03;2.1750000e+02;-1.3816301e-03;2.1750000e+02;1.1568828e-02;2.1750000e+02;2.9740058e-02;2.1750000e+02;5.2538719e-02;2.1750000e+02;7.8159481e-02;2.1750000e+02;1.0411187e-01;2.1750000e+02;1.2748089e-01;2.1750000e+02;1.4700511e-01;2.1750000e+02;1.6678980e-01;2.1750000e+02;1.9314647e-01;2.1750000e+02;2.1940246e-01;2.1750000e+02;2.3227182e-01;2.1750000e+02;2.1811296e-01;2.1750000e+02;1.8161419e-01;2.1750000e+02;1.3218114e-01;2.1750000e+02;8.1254199e-02;2.1750000e+02;3.4680098e-02;2.1750000e+02;-8.3189253e-03;2.1750000e+02;-1.3816301e-03;2.1750000e+02;1.1568828e-02;2.1750000e+02;2.9740058e-02;2.1750000e+02;5.2538719e-02;2.1750000e+02;7.8159481e-02;2.1750000e+02;1.0411187e-01;2.1750000e+02;1.2748089e-01;2.1750000e+02;1.4700511e-01;2.1750000e+02;1.6678980e-01;2.1750000e+02;1.9314647e-01;2.1750000e+02;2.1940246e-01;2.1750000e+02;2.3227182e-01;2.1750000e+02;2.1811296e-01;2.1750000e+02;1.8161419e-01;2.1750000e+02;1.3218114e-01;2.1750000e+02;8.1254199e-02;2.1750000e+02;3.4680098e-02;2.1750000e+02;-8.3189253e-03;2.1750000e+02;-1.3816301e-03;2.1750000e+02;1.1568828e-02;2.1750000e+02;2.9740058e-02;2.1750000e+02;5.2538719e-02;2.1750000e+02;7.8159481e-02;2.1750000e+02;1.0411187e-01;2.1750000e+02;1.2748089e-01;2.1750000e+02;1.4700511e-01;2.1750000e+02;1.6678980e-01;2.1750000e+02;1.9314647e-01;2.1750000e+02;2.1940246e-01;2.1750000e+02;2.3227182e-01;2.1750000e+02;2.1811296e-01;2.1750000e+02;1.8161419e-01;2.1750000e+02;1.3218114e-01;2.1750000e+02;8.1254199e-02;2.1750000e+02;3.4680098e-02;2.1750000e+02;-8.3189253e-03;2.1750000e+02;-1.3816301e-03;2.1750000e+02;1.1568828e-02;2.1750000e+02;2.9740058e-02;2.1750000e+02;5.2538719e-02;2.1750000e+02;7.8159481e-02;2.1750000e+02;1.0411187e-01;2.1750000e+02;1.2748089e-01;2.1750000e+02;1.4700511e-01;2.1750000e+02;1.6678980e-01;2.1750000e+02;1.9314647e-01;2.1750000e+02;2.1940246e-01;2.1750000e+02;2.3227182e-01;2.1750000e+02;2.1811296e-01;2.1750000e+02;1.8161419e-01;2.1750000e+02;1.3218114e-01;2.1750000e+02;8.1254199e-02;2.1750000e+02;3.4680098e-02;2.1750000e+02;-8.3189253e-03;2.1750000e+02;-1.3816301e-03;2.1750000e+02;1.1568828e-02;2.1750000e+02;2.9740058e-02;2.1750000e+02;5.2538719e-02;2.1750000e+02;7.8159481e-02;2.1750000e+02;1.0411187e-01;2.1750000e+02;1.2748089e-01;2.1750000e+02;1.4700511e-01;2.1750000e+02;1.6678980e-01;2.1750000e+02;1.9314647e-01;2.1750000e+02;2.1940246e-01;2.1750000e+02;2.3227182e-01;2.1750000e+02;2.1811296e-01;2.1750000e+02;1.8161419e-01;2.1750000e+02;1.3218114e-01;2.1750000e+02;8.1254199e-02;2.1750000e+02;3.4680098e-02;2.1750000e+02;-8.3189253e-03;2.1750000e+02;-1.3816301e-03;2.1750000e+02;1.1568828e-02;2.1750000e+02;2.9740058e-02;2.1750000e+02;5.2538719e-02;2.1750000e+02;7.8159481e-02;2.1750000e+02;1.0411187e-01;2.1750000e+02;1.2748089e-01;2.1750000e+02;1.4700511e-01;2.1750000e+02;1.6678980e-01;2.1750000e+02;1.9314647e-01;2.1750000e+02;2.1940246e-01;2.1750000e+02;2.3227182e-01;2.1750000e+02;2.1811296e-01;2.1750000e+02;1.8161419e-01;2.1750000e+02;1.3218114e-01;2.1750000e+02;8.1254199e-02;2.1750000e+02;3.4680098e-02;2.1750000e+02;-8.3189253e-03;2.1750000e+02;-1.3816301e-03;2.1750000e+02;1.1568828e-02;2.1750000e+02;2.9740058e-02;2.1750000e+02;5.2538719e-02;2.1750000e+02;7.8159481e-02;2.1750000e+02;1.0411187e-01;2.1750000e+02;1.2748089e-01;2.1750000e+02;1.4700511e-01;2.1750000e+02;1.6678980e-01;2.1750000e+02;1.9314647e-01;2.1750000e+02;2.1940246e-01;2.1750000e+02;2.3227182e-01;2.1750000e+02;2.1811296e-01;2.1750000e+02;1.8161419e-01;2.1750000e+02;1.3218114e-01;2.1750000e+02;8.1254199e-02;2.1750000e+02;3.4680098e-02;2.1750000e+02;-8.3189253e-03;2.1750000e+02;-1.3816301e-03;2.1750000e+02;1.1568828e-02;2.1750000e+02;2.9740058e-02;2.1750000e+02;5.2538719e-02;2.1750000e+02;7.8159481e-02;2.1750000e+02;1.0411187e-01;2.1750000e+02;1.2748089e-01;2.1750000e+02;1.4700511e-01;2.1750000e+02;1.6678980e-01;2.1750000e+02;1.9314647e-01;2.1750000e+02;2.1940246e-01;2.1750000e+02;2.3227182e-01;2.1750000e+02;2.1811296e-01;2.1750000e+02;1.8161419e-01;2.1750000e+02;1.3218114e-01;2.1750000e+02;8.1254199e-02;2.1750000e+02;3.4680098e-02;2.1750000e+02;-8.3189253e-03;2.1750000e+02;-1.3816301e-03;2.1750000e+02;1.1568828e-02;2.1750000e+02;2.9740058e-02;2.1750000e+02;5.2538719e-02;2.1750000e+02;7.8159481e-02;2.1750000e+02;1.0411187e-01;2.1750000e+02;1.2748089e-01;2.1750000e+02;1.4700511e-01;2.1750000e+02;1.6678980e-01;2.1750000e+02;1.9314647e-01;2.1750000e+02;2.1940246e-01;2.1750000e+02;2.3227182e-01;2.1750000e+02;2.1811296e-01;2.1750000e+02;1.8161419e-01;2.1750000e+02;1.3218114e-01;2.1750000e+02;8.1254199e-02;2.1750000e+02;3.4680098e-02;2.1750000e+02;-8.3189253e-03;2.1750000e+02;-1.3816301e-03;2.1750000e+02;1.1568828e-02;2.1750000e+02;2.9740058e-02;2.1750000e+02;5.2538719e-02;2.1750000e+02;7.8159481e-02;2.1750000e+02;1.0411187e-01;2.1750000e+02;1.2748089e-01;2.1750000e+02;1.4700511e-01;2.1750000e+02;1.6678980e-01;2.1750000e+02;1.9314647e-01;2.1750000e+02;2.1940246e-01;2.1750000e+02;2.3227182e-01;2.1750000e+02;2.1811296e-01;2.1750000e+02;1.8161419e-01;2.1750000e+02;1.3218114e-01;2.1750000e+02;8.1254199e-02;2.1750000e+02;3.4680098e-02;2.1750000e+02;-8.3189253e-03;2.1750000e+02;-1.3816301e-03;2.1750000e+02;1.1568828e-02;2.1750000e+02;2.9740058e-02;2.1750000e+02;5.2538719e-02;2.1750000e+02;7.8159481e-02;2.1750000e+02;1.0411187e-01;2.1750000e+02;1.2748089e-01;2.1750000e+02;1.4700511e-01;2.1750000e+02;1.6678980e-01;2.1750000e+02;1.9314647e-01;2.1750000e+02;2.1940246e-01;2.1750000e+02;2.3227182e-01;2.1750000e+02;2.1811296e-01;2.1750000e+02;1.8161419e-01;2.1750000e+02;1.3218114e-01;2.1750000e+02;8.1254199e-02;2.1750000e+02;3.4680098e-02;2.1750000e+02;-8.3189253e-03;2.1750000e+02;-1.3816301e-03;2.1750000e+02;1.1568828e-02;2.1750000e+02;2.9740058e-02;2.1750000e+02;5.2538719e-02;2.1750000e+02;7.8159481e-02;2.1750000e+02;1.0411187e-01;2.1750000e+02;1.2748089e-01;2.1750000e+02;1.4700511e-01;2.1750000e+02;1.6678980e-01;2.1750000e+02;1.9314647e-01;2.1750000e+02;2.1940246e-01;2.1750000e+02;2.3227182e-01;2.1750000e+02;2.1811296e-01;2.1750000e+02;1.8161419e-01;2.1750000e+02;1.3218114e-01;2.1750000e+02;8.1254199e-02;2.1750000e+02;3.4680098e-02;2.1750000e+02;-8.3189253e-03;2.1750000e+02;-1.3816301e-03;2.1750000e+02;1.1568828e-02;2.1750000e+02;2.9740058e-02;2.1750000e+02;5.2538719e-02;2.1750000e+02;7.8159481e-02;2.1750000e+02;1.0411187e-01;2.1750000e+02;1.2748089e-01;2.1750000e+02;1.4700511e-01;2.1750000e+02;1.6678980e-01;2.1750000e+02;1.9314647e-01;2.1750000e+02;2.1940246e-01;2.1750000e+02;2.3227182e-01;2.1750000e+02;2.1811296e-01;2.1750000e+02;1.8161419e-01;2.1750000e+02;1.3218114e-01;2.1750000e+02;8.1254199e-02;2.1750000e+02;3.4680098e-02;2.1750000e+02;-8.3189253e-03;2.1750000e+02;-1.3816301e-03;2.1750000e+02;1.1568828e-02;2.1750000e+02;2.9740058e-02;2.1750000e+02;5.2538719e-02;2.1750000e+02;7.8159481e-02;2.1750000e+02;1.0411187e-01;2.1750000e+02;1.2748089e-01;2.1750000e+02;1.4700511e-01;2.1750000e+02;1.6678980e-01;2.1750000e+02;1.9314647e-01;2.1750000e+02;2.1940246e-01;2.1750000e+02;2.3227182e-01;2.1750000e+02;2.1811296e-01;2.1750000e+02;1.8161419e-01;2.1750000e+02;1.3218114e-01;2.1750000e+02;8.1254199e-02;2.1750000e+02;3.4680098e-02;2.1750000e+02;-8.3189253e-03;2.1750000e+02;-1.3816301e-03;2.1750000e+02;1.1568828e-02;2.1750000e+02;2.9740058e-02;2.1750000e+02;5.2538719e-02;2.1750000e+02;7.8159481e-02;2.1750000e+02;1.0411187e-01;2.1750000e+02;1.2748089e-01;2.1750000e+02;1.4700511e-01;2.1750000e+02;1.6678980e-01;2.1750000e+02;1.9314647e-01;2.1750000e+02;2.1940246e-01;2.1750000e+02;2.3227182e-01;2.1750000e+02;2.1811296e-01;2.1750000e+02;1.8161419e-01;2.1750000e+02;1.3218114e-01;2.1750000e+02;8.1254199e-02;2.1750000e+02;3.4680098e-02;2.1750000e+02;-8.3189253e-03;2.1750000e+02;-1.3816301e-03;2.1750000e+02;1.1568828e-02;2.1750000e+02;2.9740058e-02;2.1750000e+02;5.2538719e-02;2.1750000e+02;7.8159481e-02;2.1750000e+02;1.0411187e-01;2.1750000e+02;1.2748089e-01;2.1750000e+02;1.4700511e-01;2.1750000e+02;1.6678980e-01;2.1750000e+02;1.9314647e-01;2.1750000e+02;2.1940246e-01;2.1750000e+02;2.3227182e-01;2.1750000e+02;2.1811296e-01;2.1750000e+02;1.8161419e-01;2.1750000e+02;1.3218114e-01;2.1750000e+02;8.1254199e-02;2.1750000e+02;3.4680098e-02;2.1750000e+02;-8.3189253e-03;2.1750000e+02;-1.3816301e-03;2.1750000e+02;1.1568828e-02;2.1750000e+02;2.9740058e-02;2.1750000e+02;5.2538719e-02;2.1750000e+02;7.8159481e-02;2.1750000e+02;1.0411187e-01;2.1750000e+02;1.2748089e-01;2.1750000e+02;1.4700511e-01;2.1750000e+02;1.6678980e-01;2.1750000e+02;1.9314647e-01;2.1750000e+02;2.1940246e-01;2.1750000e+02;2.3227182e-01;2.1750000e+02;2.1811296e-01;2.1750000e+02;1.8161419e-01;2.1750000e+02;1.3218114e-01;2.1750000e+02;8.1254199e-02;2.1750000e+02;3.4680098e-02;2.1750000e+02;-8.3189253e-03;2.1750000e+02;-1.3816301e-03;2.1750000e+02;1.1568828e-02;2.1750000e+02;2.9740058e-02;2.1750000e+02;5.2538719e-02;2.1750000e+02;7.8159481e-02;2.1750000e+02;1.0411187e-01;2.1750000e+02;1.2748089e-01;2.1750000e+02;1.4700511e-01;2.1750000e+02;1.6678980e-01;2.1750000e+02;1.9314647e-01;2.1750000e+02;2.1940246e-01;2.1750000e+02;2.3227182e-01;2.1750000e+02;2.1811296e-01;2.1750000e+02;1.8161419e-01;2.1750000e+02;1.3218114e-01;2.1750000e+02;8.1254199e-02;2.1750000e+02;3.4680098e-02;2.1750000e+02;-8.3189253e-03;2.1750000e+02;-1.3816301e-03;2.1750000e+02;1.1568828e-02;2.1750000e+02;2.9740058e-02;2.1750000e+02;5.2538719e-02;2.1750000e+02;7.8159481e-02;2.1750000e+02;1.0411187e-01;2.1750000e+02;1.2748089e-01;2.1750000e+02;1.4700511e-01;2.1750000e+02;1.6678980e-01;2.1750000e+02;1.9314647e-01;2.1750000e+02;2.1940246e-01;2.1750000e+02;2.3227182e-01;2.1750000e+02;2.1811296e-01;2.1750000e+02;1.8161419e-01;2.1750000e+02;1.3218114e-01;2.1750000e+02;8.1254199e-02;2.1750000e+02;3.4680098e-02;2.1750000e+02;-8.3189253e-03;2.1750000e+02;-1.3816301e-03;2.1750000e+02;1.1568828e-02;2.1750000e+02;2.9740058e-02;2.1750000e+02;5.2538719e-02;2.1750000e+02;7.8159481e-02;2.1750000e+02;1.0411187e-01;2.1750000e+02;1.2748089e-01;2.1750000e+02;1.4700511e-01;2.1750000e+02;1.6678980e-01;2.1750000e+02;1.9314647e-01;2.1750000e+02;2.1940246e-01;2.1750000e+02;2.3227182e-01;2.1750000e+02;2.1811296e-01;2.1750000e+02;1.8161419e-01;2.1750000e+02;1.3218114e-01;2.1750000e+02;8.1254199e-02;2.1750000e+02;3.4680098e-02;2.1750000e+02;-8.3189253e-03;2.1750000e+02;-1.3816301e-03;2.1750000e+02;1.1568828e-02;2.1750000e+02;2.9740058e-02;2.1750000e+02;5.2538719e-02;2.1750000e+02;7.8159481e-02;2.1750000e+02;1.0411187e-01;2.1750000e+02;1.2748089e-01;2.1750000e+02;1.4700511e-01;2.1750000e+02;1.6678980e-01;2.1750000e+02;1.9314647e-01;2.1750000e+02;2.1940246e-01;2.1750000e+02;2.3227182e-01;2.1750000e+02;2.1811296e-01;2.1750000e+02;1.8161419e-01;2.1750000e+02;1.3218114e-01;2.1750000e+02;8.1254199e-02;2.1750000e+02;3.4680098e-02;2.1750000e+02;-8.3189253e-03;2.1750000e+02;-1.3816301e-03;2.1750000e+02;1.1568828e-02;2.1750000e+02;2.9740058e-02;2.1750000e+02;5.2538719e-02;2.1750000e+02;7.8159481e-02;2.1750000e+02;1.0411187e-01;2.1750000e+02;1.2748089e-01;2.1750000e+02;1.4700511e-01;2.1750000e+02;1.6678980e-01;2.1750000e+02;1.9314647e-01;2.1750000e+02;2.1940246e-01;2.1750000e+02;2.3227182e-01;2.1750000e+02;2.1811296e-01;2.1750000e+02;1.8161419e-01;2.1750000e+02;1.3218114e-01;2.1750000e+02;8.1254199e-02;2.1750000e+02;3.4680098e-02;2.1750000e+02;-8.3189253e-03;2.1750000e+02;-1.3816301e-03;2.1750000e+02;1.1568828e-02;2.1750000e+02;2.9740058e-02;2.1750000e+02;5.2538719e-02;2.1750000e+02;7.8159481e-02;2.1750000e+02;1.0411187e-01;2.1750000e+02;1.2748089e-01;2.1750000e+02;1.4700511e-01;2.1750000e+02;1.6678980e-01;2.1750000e+02;1.9314647e-01;2.1750000e+02;2.1940246e-01;2.1750000e+02;2.3227182e-01;2.1750000e+02;2.1811296e-01;2.1750000e+02;1.8161419e-01;2.1750000e+02;1.3218114e-01;2.1750000e+02;8.1254199e-02;2.1750000e+02;3.4680098e-02;2.1750000e+02;-8.3189253e-03;2.1750000e+02;-1.3816301e-03;2.1750000e+02;1.1568828e-02;2.1750000e+02;2.9740058e-02;2.1750000e+02;5.2538719e-02;2.1750000e+02;7.8159481e-02;2.1750000e+02;1.0411187e-01;2.1750000e+02;1.2748089e-01;2.1750000e+02;1.4700511e-01;2.1750000e+02;1.6678980e-01;2.1750000e+02;1.9314647e-01;2.1750000e+02;2.1940246e-01;2.1750000e+02;2.3227182e-01;2.1750000e+02;2.1811296e-01;2.1750000e+02;1.8161419e-01;2.1750000e+02;1.3218114e-01;2.1750000e+02;8.1254199e-02;2.1750000e+02;3.4680098e-02;2.1750000e+02;-8.3189253e-03;2.1750000e+02;-1.3816301e-03;2.1750000e+02;1.1568828e-02;2.1750000e+02;2.9740058e-02;2.1750000e+02;5.2538719e-02;2.1750000e+02;7.8159481e-02;2.1750000e+02;1.0411187e-01;2.1750000e+02;1.2748089e-01;2.1750000e+02;1.4700511e-01;2.1750000e+02;1.6678980e-01;2.1750000e+02;1.9314647e-01;2.1750000e+02;2.1940246e-01;2.1750000e+02;2.3227182e-01;2.1750000e+02;2.1811296e-01;2.1750000e+02;1.8161419e-01;2.1750000e+02;1.3218114e-01;2.1750000e+02;8.1254199e-02;2.1750000e+02;3.4680098e-02;2.1750000e+02;-8.3189253e-03;2.1750000e+02;-1.3816301e-03;2.1750000e+02;1.1568828e-02;2.1750000e+02;2.9740058e-02;2.1750000e+02;5.2538719e-02;2.1750000e+02;7.8159481e-02;2.1750000e+02;1.0411187e-01;2.1750000e+02;1.2748089e-01;2.1750000e+02;1.4700511e-01;2.1750000e+02;1.6678980e-01;2.1750000e+02;1.9314647e-01;2.1750000e+02;2.1940246e-01;2.1750000e+02;2.3227182e-01;2.1750000e+02;2.1811296e-01;2.1750000e+02;1.8161419e-01;2.1750000e+02;1.3218114e-01;2.1750000e+02;8.1254199e-02;2.1750000e+02;3.4680098e-02;2.1750000e+02;-8.3189253e-03;2.1750000e+02;-1.3816301e-03;2.1750000e+02;1.1568828e-02;2.1750000e+02;2.9740058e-02;2.1750000e+02;5.2538719e-02;2.1750000e+02;7.8159481e-02;2.1750000e+02;1.0411187e-01;2.1750000e+02;1.2748089e-01;2.1750000e+02;1.4700511e-01;2.1750000e+02;1.6678980e-01;2.1750000e+02;1.9314647e-01;2.1750000e+02;2.1940246e-01;2.1750000e+02;2.3227182e-01;2.1750000e+02;2.1811296e-01;2.1750000e+02;1.8161419e-01;2.1750000e+02;1.3218114e-01;2.1750000e+02;8.1254199e-02;2.1750000e+02;3.4680098e-02;2.1750000e+02;-8.3189253e-03;2.1750000e+02;-1.3816301e-03;2.1750000e+02;1.1568828e-02;2.1750000e+02;2.9740058e-02;2.1750000e+02;5.2538719e-02;2.1750000e+02;7.8159481e-02;2.1750000e+02;1.0411187e-01;2.1750000e+02;1.2748089e-01;2.1750000e+02;1.4700511e-01;2.1750000e+02;1.6678980e-01;2.1750000e+02;1.9314647e-01;2.1750000e+02;2.1940246e-01;2.1750000e+02;2.3227182e-01;2.1750000e+02;2.1811296e-01;2.1750000e+02;1.8161419e-01;2.1750000e+02;1.3218114e-01;2.1750000e+02;8.1254199e-02;2.1750000e+02;3.4680098e-02;2.1750000e+02;-8.3189253e-03;2.1750000e+02;-1.3816301e-03;2.1750000e+02;1.1568828e-02;2.1750000e+02;2.9740058e-02;2.1750000e+02;5.2538719e-02;2.1750000e+02;7.8159481e-02;2.1750000e+02;1.0411187e-01;2.1750000e+02;1.2748089e-01;2.1750000e+02;1.4700511e-01;2.1750000e+02;1.6678980e-01;2.1750000e+02;1.9314647e-01;2.1750000e+02;2.1940246e-01;2.1750000e+02;2.3227182e-01;2.1750000e+02;2.1811296e-01;2.1750000e+02;1.8161419e-01;2.1750000e+02;1.3218114e-01;2.1750000e+02;8.1254199e-02;2.1750000e+02;3.4680098e-02;2.1750000e+02;-8.3189253e-03;2.1750000e+02;-1.3816301e-03;2.1750000e+02;1.1568828e-02;2.1750000e+02;2.9740058e-02;2.1750000e+02;5.2538719e-02;2.1750000e+02;7.8159481e-02;2.1750000e+02;1.0411187e-01;2.1750000e+02;1.2748089e-01;2.1750000e+02;1.4700511e-01;2.1750000e+02;1.6678980e-01;2.1750000e+02;1.9314647e-01;2.1750000e+02;2.1940246e-01;2.1750000e+02;2.3227182e-01;2.1750000e+02;2.1811296e-01;2.1750000e+02;1.8161419e-01;2.1750000e+02;1.3218114e-01;2.1750000e+02;8.1254199e-02;2.1750000e+02;3.4680098e-02;2.1750000e+02;-8.3189253e-03;2.1750000e+02;-1.3816301e-03;2.1750000e+02;1.1568828e-02;2.1750000e+02;2.9740058e-02;2.1750000e+02;5.2538719e-02;2.1750000e+02;7.8159481e-02;2.1750000e+02;1.0411187e-01;2.1750000e+02;1.2748089e-01;2.1750000e+02;1.4700511e-01;2.1750000e+02;1.6678980e-01;2.1750000e+02;1.9314647e-01;2.1750000e+02;2.1940246e-01;2.1750000e+02;2.3227182e-01;2.1750000e+02;2.1811296e-01;2.1750000e+02;1.8161419e-01;2.1750000e+02;1.3218114e-01;2.1750000e+02;8.1254199e-02;2.1750000e+02;3.4680098e-02;2.1750000e+02;-8.3189253e-03;2.1750000e+02;-1.3816301e-03;2.1750000e+02;1.1568828e-02;2.1750000e+02;2.9740058e-02;2.1750000e+02;5.2538719e-02;2.1750000e+02;7.8159481e-02;2.1750000e+02;1.0411187e-01;2.1750000e+02;1.2748089e-01;2.1750000e+02;1.4700511e-01;2.1750000e+02;1.6678980e-01;2.1750000e+02;1.9314647e-01;2.1750000e+02;2.1940246e-01;2.1750000e+02;2.3227182e-01;2.1750000e+02;2.1811296e-01;2.1750000e+02;1.8161419e-01;2.1750000e+02;1.3218114e-01;2.1750000e+02;8.1254199e-02;2.1750000e+02;3.4680098e-02;2.1750000e+02;-8.3189253e-03;2.1750000e+02;-1.3816301e-03;2.1750000e+02;1.1568828e-02;2.1750000e+02;2.9740058e-02;2.1750000e+02;5.2538719e-02;2.1750000e+02;7.8159481e-02;2.1750000e+02;1.0411187e-01;2.1750000e+02;1.2748089e-01;2.1750000e+02;1.4700511e-01;2.1750000e+02;1.6678980e-01;2.1750000e+02;1.9314647e-01;2.1750000e+02;2.1940246e-01;2.1750000e+02;2.3227182e-01;2.1750000e+02;2.1811296e-01;2.1750000e+02;1.8161419e-01;2.1750000e+02;1.3218114e-01;2.1750000e+02;8.1254199e-02;2.1750000e+02;3.4680098e-02;2.1750000e+02;-8.3189253e-03;2.1750000e+02;-1.3816301e-03;2.1750000e+02;1.1568828e-02;2.1750000e+02;2.9740058e-02;2.1750000e+02;5.2538719e-02;2.1750000e+02;7.8159481e-02;2.1750000e+02;1.0411187e-01;2.1750000e+02;1.2748089e-01;2.1750000e+02;1.4700511e-01;2.1750000e+02;1.6678980e-01;2.1750000e+02;1.9314647e-01;2.1750000e+02;2.1940246e-01;2.1750000e+02;2.3227182e-01;2.1750000e+02;2.1811296e-01;2.1750000e+02;1.8161419e-01;2.1750000e+02;1.3218114e-01;2.1750000e+02;8.1254199e-02;2.1750000e+02;3.4680098e-02;2.1750000e+02;-8.3189253e-03;2.1750000e+02;-1.3816301e-03;2.1750000e+02;1.1568828e-02;2.1750000e+02;2.9740058e-02;2.1750000e+02;5.2538719e-02;2.1750000e+02;7.8159481e-02;2.1750000e+02;1.0411187e-01;2.1750000e+02;1.2748089e-01;2.1750000e+02;1.4700511e-01;2.1750000e+02;1.6678980e-01;2.1750000e+02;1.9314647e-01;2.1750000e+02;2.1940246e-01;2.1750000e+02;2.3227182e-01;2.1750000e+02;2.1811296e-01;2.1750000e+02;1.8161419e-01;2.1750000e+02;1.3218114e-01;2.1750000e+02;8.1254199e-02;2.1750000e+02;3.4680098e-02;2.1750000e+02;-8.3189253e-03;2.1750000e+02;-1.3816301e-03;2.1750000e+02;1.1568828e-02;2.1750000e+02;2.9740058e-02;2.1750000e+02;5.2538719e-02;2.1750000e+02;7.8159481e-02;2.1750000e+02;1.0411187e-01;2.1750000e+02;1.2748089e-01;2.1750000e+02;1.4700511e-01;2.1750000e+02;1.6678980e-01;2.1750000e+02;1.9314647e-01;2.1750000e+02;2.1940246e-01;2.1750000e+02;2.3227182e-01;2.1750000e+02;2.1811296e-01;2.1750000e+02;1.8161419e-01;2.1750000e+02;1.3218114e-01;2.1750000e+02;8.1254199e-02;2.1750000e+02;3.4680098e-02;2.1750000e+02;-8.3189253e-03;2.1750000e+02;-1.3816301e-03;2.1750000e+02;1.1568828e-02;2.1750000e+02;2.9740058e-02;2.1750000e+02;5.2538719e-02;2.1750000e+02;7.8159481e-02;2.1750000e+02;1.0411187e-01;2.1750000e+02;1.2748089e-01;2.1750000e+02;1.4700511e-01;2.1750000e+02;1.6678980e-01;2.1750000e+02;1.9314647e-01;2.1750000e+02;2.1940246e-01;2.1750000e+02;2.3227182e-01;2.1750000e+02;2.1811296e-01;2.1750000e+02;1.8161419e-01;2.1750000e+02;1.3218114e-01;2.1750000e+02;8.1254199e-02;2.1750000e+02;3.4680098e-02;2.1750000e+02;-8.3189253e-03;2.1750000e+02;-1.3816301e-03;2.1750000e+02;1.1568828e-02;2.1750000e+02;2.9740058e-02;2.1750000e+02;5.2538719e-02;2.1750000e+02;7.8159481e-02;2.1750000e+02;1.0411187e-01;2.1750000e+02;1.2748089e-01;2.1750000e+02;1.4700511e-01;2.1750000e+02;1.6678980e-01;2.1750000e+02;1.9314647e-01;2.1750000e+02;2.1940246e-01;2.1750000e+02;2.3227182e-01;2.1750000e+02;2.1811296e-01;2.1750000e+02;1.8161419e-01;2.1750000e+02;1.3218114e-01;2.1750000e+02;8.1254199e-02;2.1750000e+02;3.4680098e-02;2.1750000e+02;-8.3189253e-03;2.1750000e+02;-1.3816301e-03;2.1750000e+02;1.1568828e-02;2.1750000e+02;2.9740058e-02;2.1750000e+02;5.2538719e-02;2.1750000e+02;7.8159481e-02;2.1750000e+02;1.0411187e-01;2.1750000e+02;1.2748089e-01;2.1750000e+02;1.4700511e-01;2.1750000e+02;1.6678980e-01;2.1750000e+02;1.9314647e-01;2.1750000e+02;2.1940246e-01;2.1750000e+02;2.3227182e-01;2.1750000e+02;2.1811296e-01;2.1750000e+02;1.8161419e-01;2.1750000e+02;1.3218114e-01;2.1750000e+02;8.1254199e-02;2.1750000e+02;3.4680098e-02;2.1750000e+02;-8.3189253e-03;2.1750000e+02;-1.3816301e-03;2.1750000e+02;1.1568828e-02;2.1750000e+02;2.9740058e-02;2.1750000e+02;5.2538719e-02;2.1750000e+02;7.8159481e-02;2.1750000e+02;1.0411187e-01;2.1750000e+02;1.2748089e-01;2.1750000e+02;1.4700511e-01;2.1750000e+02;1.6678980e-01;2.1750000e+02;1.9314647e-01;2.1750000e+02;2.1940246e-01;2.1750000e+02;2.3227182e-01;2.1750000e+02;2.1811296e-01;2.1750000e+02;1.8161419e-01;2.1750000e+02;1.3218114e-01;2.1750000e+02;8.1254199e-02;2.1750000e+02;3.4680098e-02;2.1750000e+02;-8.3189253e-03;2.1750000e+02;-1.3816301e-03;2.1750000e+02;1.1568828e-02;2.1750000e+02;2.9740058e-02;2.1750000e+02;5.2538719e-02;2.1750000e+02;7.8159481e-02;2.1750000e+02;1.0411187e-01;2.1750000e+02;1.2748089e-01;2.1750000e+02;1.4700511e-01;2.1750000e+02;1.6678980e-01;2.1750000e+02;1.9314647e-01;2.1750000e+02;2.1940246e-01;2.1750000e+02;2.3227182e-01;2.1750000e+02;2.1811296e-01;2.1750000e+02;1.8161419e-01;2.1750000e+02;1.3218114e-01;2.1750000e+02;8.1254199e-02;2.1750000e+02;3.4680098e-02;2.1750000e+02;-8.3189253e-03;2.1750000e+02;-1.3816301e-03;2.1750000e+02;1.1568828e-02;2.1750000e+02;2.9740058e-02;2.1750000e+02;5.2538719e-02;2.1750000e+02;7.8159481e-02;2.1750000e+02;1.0411187e-01;2.1750000e+02;1.2748089e-01;2.1750000e+02;1.4700511e-01;2.1750000e+02;1.6678980e-01;2.1750000e+02;1.9314647e-01;2.1750000e+02;2.1940246e-01;2.1750000e+02;2.3227182e-01;2.1750000e+02;2.1811296e-01;2.1750000e+02;1.8161419e-01;2.1750000e+02;1.3218114e-01;2.1750000e+02;8.1254199e-02;2.1750000e+02;3.4680098e-02;2.1750000e+02;-8.3189253e-03;2.1750000e+02;-1.3816301e-03;2.1750000e+02;1.1568828e-02;2.1750000e+02;2.9740058e-02;2.1750000e+02;5.2538719e-02;2.1750000e+02;7.8159481e-02;2.1750000e+02;1.0411187e-01;2.1750000e+02;1.2748089e-01;2.1750000e+02;1.4700511e-01;2.1750000e+02;1.6678980e-01;2.1750000e+02;1.9314647e-01;2.1750000e+02;2.1940246e-01;2.1750000e+02;2.3227182e-01;2.1750000e+02;2.1811296e-01;2.1750000e+02;1.8161419e-01;2.1750000e+02;1.3218114e-01;2.1750000e+02;8.1254199e-02;2.1750000e+02;3.4680098e-02;2.1750000e+02;-8.3189253e-03;2.1750000e+02;-1.3816301e-03;2.1750000e+02;1.1568828e-02;2.1750000e+02;2.9740058e-02;2.1750000e+02;5.2538719e-02;2.1750000e+02;7.8159481e-02;2.1750000e+02;1.0411187e-01;2.1750000e+02;1.2748089e-01;2.1750000e+02;1.4700511e-01;2.1750000e+02;1.6678980e-01;2.1750000e+02;1.9314647e-01;2.1750000e+02;2.1940246e-01;2.1750000e+02;2.3227182e-01;2.1750000e+02;2.1811296e-01;2.1750000e+02;1.8161419e-01;2.1750000e+02;1.3218114e-01;2.1750000e+02;8.1254199e-02;2.1750000e+02;3.4680098e-02;2.1750000e+02;-8.3189253e-03;2.1750000e+02;-1.3816301e-03;2.1750000e+02;1.1568828e-02;2.1750000e+02;2.9740058e-02;2.1750000e+02;5.2538719e-02;2.1750000e+02;7.8159481e-02;2.1750000e+02;1.0411187e-01;2.1750000e+02;1.2748089e-01;2.1750000e+02;1.4700511e-01;2.1750000e+02;1.6678980e-01;2.1750000e+02;1.9314647e-01;2.1750000e+02;2.1940246e-01;2.1750000e+02;2.3227182e-01;2.1750000e+02;2.1811296e-01;2.1750000e+02;1.8161419e-01;2.1750000e+02;1.3218114e-01;2.1750000e+02;8.1254199e-02;2.1750000e+02;3.4680098e-02;2.1750000e+02;-8.3189253e-03;2.1750000e+02;-1.3816301e-03;2.1750000e+02;1.1568828e-02;2.1750000e+02;2.9740058e-02;2.1750000e+02;5.2538719e-02;2.1750000e+02;7.8159481e-02;2.1750000e+02;1.0411187e-01;2.1750000e+02;1.2748089e-01;2.1750000e+02;1.4700511e-01;2.1750000e+02;1.6678980e-01;2.1750000e+02;1.9314647e-01;2.1750000e+02;2.1940246e-01;2.1750000e+02;2.3227182e-01;2.1750000e+02;2.1811296e-01;2.1750000e+02;1.8161419e-01;2.1750000e+02;1.3218114e-01;2.1750000e+02;8.1254199e-02;2.1750000e+02;3.4680098e-02;2.1750000e+02;-8.3189253e-03;2.1750000e+02;-1.3816301e-03;2.1750000e+02;1.1568828e-02;2.1750000e+02;2.9740058e-02;2.1750000e+02;5.2538719e-02;2.1750000e+02;7.8159481e-02;2.1750000e+02;1.0411187e-01;2.1750000e+02;1.2748089e-01;2.1750000e+02;1.4700511e-01;2.1750000e+02;1.6678980e-01;2.1750000e+02;1.9314647e-01;2.1750000e+02;2.1940246e-01;2.1750000e+02;2.3227182e-01;2.1750000e+02;2.1811296e-01;2.1750000e+02;1.8161419e-01;2.1750000e+02;1.3218114e-01;2.1750000e+02;8.1254199e-02;2.1750000e+02;3.4680098e-02;2.1750000e+02;-8.3189253e-03;2.1750000e+02;-1.3816301e-03;2.1750000e+02;1.1568828e-02;2.1750000e+02;2.9740058e-02;2.1750000e+02;5.2538719e-02;2.1750000e+02;7.8159481e-02;2.1750000e+02;1.0411187e-01;2.1750000e+02;1.2748089e-01;2.1750000e+02;1.4700511e-01;2.1750000e+02;1.6678980e-01;2.1750000e+02;1.9314647e-01;2.1750000e+02;2.1940246e-01;2.1750000e+02;2.3227182e-01;2.1750000e+02;2.1811296e-01;2.1750000e+02;1.8161419e-01;2.1750000e+02;1.3218114e-01;2.1750000e+02;8.1254199e-02;2.1750000e+02;3.4680098e-02;2.1750000e+02;-8.3189253e-03;2.1750000e+02;-1.3816301e-03;2.1750000e+02;1.1568828e-02;2.1750000e+02;2.9740058e-02;2.1750000e+02;5.2538719e-02;2.1750000e+02;7.8159481e-02;2.1750000e+02;1.0411187e-01;2.1750000e+02;1.2748089e-01;2.1750000e+02;1.4700511e-01;2.1750000e+02;1.6678980e-01;2.1750000e+02;1.9314647e-01;2.1750000e+02;2.1940246e-01;2.1750000e+02;2.3227182e-01;2.1750000e+02;2.1811296e-01;2.1750000e+02;1.8161419e-01;2.1750000e+02;1.3218114e-01;2.1750000e+02;8.1254199e-02;2.1750000e+02;3.4680098e-02;2.1750000e+02;-8.3189253e-03;2.1750000e+02;-1.3816301e-03;2.1750000e+02;1.1568828e-02;2.1750000e+02;2.9740058e-02;2.1750000e+02;5.2538719e-02;2.1750000e+02;7.8159481e-02;2.1750000e+02;1.0411187e-01;2.1750000e+02;1.2748089e-01;2.1750000e+02;1.4700511e-01;2.1750000e+02;1.6678980e-01;2.1750000e+02;1.9314647e-01;2.1750000e+02;2.1940246e-01;2.1750000e+02;2.3227182e-01;2.1750000e+02;2.1811296e-01;2.1750000e+02;1.8161419e-01;2.1750000e+02;1.3218114e-01;2.1750000e+02;8.1254199e-02;2.1750000e+02;3.4680098e-02
2.2250000e+02;-7.9174191e-03;2.2250000e+02;-1.8729921e-03;2.2250000e+02;1.0087288e-02;2.2250000e+02;2.7382942e-02;2.2250000e+02;4.9723372e-02;2.2250000e+02;7.4052058e-02;2.2250000e+02;9.7259954e-02;2.2250000e+02;1.1883686e-01;2.2250000e+02;1.3779750e-01;2.2250000e+02;1.5865502e-01;2.2250000e+02;1.8615317e-01;2.2250000e+02;2.1347974e-01;2.2250000e+02;2.2854938e-01;2.2250000e+02;2.1615170e-01;2.2250000e+02;1.8100978e-01;2.2250000e+02;1.3253447e-01;2.2250000e+02;8.1946641e-02;2.2250000e+02;3.6174729e-02;2.2250000e+02;-7.9174191e-03;2.2250000e+02;-1.8729921e-03;2.2250000e+02;1.0087288e-02;2.2250000e+02;2.7382942e-02;2.2250000e+02;4.9723372e-02;2.2250000e+02;7.4052058e-02;2.2250000e+02;9.7259954e-02;2.2250000e+02;1.1883686e-01;2.2250000e+02;1.3779750e-01;2.2250000e+02;1.5865502e-01;2.2250000e+02;1.8615317e-01;2.2250000e+02;2.1347974e-01;2.2250000e+02;2.2854938e-01;2.2250000e+02;2.1615170e-01;2.2250000e+02;1.8100978e-01;2.2250000e+02;1.3253447e-01;2.2250000e+02;8.1946641e-02;2.2250000e+02;3.6174729e-02;2.2250000e+02;-7.9174191e-03;2.2250000e+02;-1.8729921e-03;2.2250000e+02;1.0087288e-02;2.2250000e+02;2.7382942e-02;2.2250000e+02;4.9723372e-02;2.2250000e+02;7.4052058e-02;2.2250000e+02;9.7259954e-02;2.2250000e+02;1.1883686e-01;2.2250000e+02;1.3779750e-01;2.2250000e+02;1.5865502e-01;2.2250000e+02;1.8615317e-01;2.2250000e+02;2.1347974e-01;2.2250000e+02;2.2854938e-01;2.2250000e+02;2.1615170e-01;2.2250000e+02;1.8100978e-01;2.2250000e+02;1.3253447e-01;2.2250000e+02;8.1946641e-02;2.2250000e+02;3.6174729e-02;2.2250000e+02;-7.9174191e-03;2.2250000e+02;-1.8729921e-03;2.2250000e+02;1.0087288e-02;2.2250000e+02;2.7382942e-02;2.2250000e+02;4.9723372e-02;2.2250000e+02;7.4052058e-02;2.2250000e+02;9.7259954e-02;2.2250000e+02;1.1883686e-01;2.2250000e+02;1.3779750e-01;2.2250000e+02;1.5865502e-01;2.2250000e+02;1.8615317e-01;2.2250000e+02;2.1347974e-01;2.2250000e+02;2.2854938e-01;2.2250000e+02;2.1615170e-01;2.2250000e+02;1.8100978e-01;2.2250000e+02;1.3253447e-01;2.2250000e+02;8.1946641e-02;2.2250000e+02;3.6174729e-02;2.2250000e+02;-7.9174191e-03;2.2250000e+02;-1.8729921e-03;2.2250000e+02;1.0087288e-02;2.2250000e+02;2.7382942e-02;2.2250000e+02;4.9723372e-02;2.2250000e+02;7.4052058e-02;2.2250000e+02;9.7259954e-02;2.2250000e+02;1.1883686e-01;2.2250000e+02;1.3779750e-01;2.2250000e+02;1.5865502e-01;2.2250000e+02;1.8615317e-01;2.2250000e+02;2.1347974e-01;2.2250000e+02;2.2854938e-01;2.2250000e+02;2.1615170e-01;2.2250000e+02;1.8100978e-01;2.2250000e+02;1.3253447e-01;2.2250000e+02;8.1946641e-02;2.2250000e+02;3.6174729e-02;2.2250000e+02;-7.9174191e-03;2.2250000e+02;-1.8729921e-03;2.2250000e+02;1.0087288e-02;2.2250000e+02;2.7382942e-02;2.2250000e+02;4.9723372e-02;2.2250000e+02;7.4052058e-02;2.2250000e+02;9.7259954e-02;2.2250000e+02;1.1883686e-01;2.2250000e+02;1.3779750e-01;2.2250000e+02;1.5865502e-01;2.2250000e+02;1.8615317e-01;2.2250000e+02;2.1347974e-01;2.2250000e+02;2.2854938e-01;2.2250000e+02;2.1615170e-01;2.2250000e+02;1.8100978e-01;2.2250000e+02;1.3253447e-01;2.2250000e+02;8.1946641e-02;2.2250000e+02;3.6174729e-02;2.2250000e+02;-7.9174191e-03;2.2250000e+02;-1.8729921e-03;2.2250000e+02;1.0087288e-02;2.2250000e+02;2.7382942e-02;2.2250000e+02;4.9723372e-02;2.2250000e+02;7.4052058e-02;2.2250000e+02;9.7259954e-02;2.2250000e+02;1.1883686e-01;2.2250000e+02;1.3779750e-01;2.2250000e+02;1.5865502e-01;2.2250000e+02;1.8615317e-01;2.2250000e+02;2.1347974e-01;2.2250000e+02;2.2854938e-01;2.2250000e+02;2.1615170e-01;2.2250000e+02;1.8100978e-01;2.2250000e+02;1.3253447e-01;2.2250000e+02;8.1946641e-02;2.2250000e+02;3.6174729e-02;2.2250000e+02;-7.9174191e-03;2.2250000e+02;-1.8729921e-03;2.2250000e+02;1.0087288e-02;2.2250000e+02;2.7382942e-02;2.2250000e+02;4.9723372e-02;2.2250000e+02;7.4052058e-02;2.2250000e+02;9.7259954e-02;2.2250000e+02;1.1883686e-01;2.2250000e+02;1.3779750e-01;2.2250000e+02;1.5865502e-01;2.2250000e+02;1.8615317e-01;2.2250000e+02;2.1347974e-01;2.2250000e+02;2.2854938e-01;2.2250000e+02;2.1615170e-01;2.2250000e+02;1.8100978e-01;2.2250000e+02;1.3253447e-01;2.2250000e+02;8.1946641e-02;2.2250000e+02;3.6174729e-02;2.2250000e+02;-7.9174191e-03;2.2250000e+02;-1.8729921e-03;2.2250000e+02;1.0087288e-02;2.2250000e+02;2.7382942e-02;2.2250000e+02;4.9723372e-02;2.2250000e+02;7.4052058e-02;2.2250000e+02;9.7259954e-02;2.2250000e+02;1.1883686e-01;2.2250000e+02;1.3779750e-01;2.2250000e+02;1.5865502e-01;2.2250000e+02;1.8615317e-01;2.2250000e+02;2.1347974e-01;2.2250000e+02;2.2854938e-01;2.2250000e+02;2.1615170e-01;2.2250000e+02;1.8100978e-01;2.2250000e+02;1.3253447e-01;2.2250000e+02;8.1946641e-02;2.2250000e+02;3.6174729e-02;2.2250000e+02;-7.9174191e-03;2.2250000e+02;-1.8729921e-03;2.2250000e+02;1.0087288e-02;2.2250000e+02;2.7382942e-02;2.2250000e+02;4.9723372e-02;2.2250000e+02;7.4052058e-02;2.2250000e+02;9.7259954e-02;2.2250000e+02;1.1883686e-01;2.2250000e+02;1.3779750e-01;2.2250000e+02;1.5865502e-01;2.2250000e+02;1.8615317e-01;2.2250000e+02;2.1347974e-01;2.2250000e+02;2.2854938e-01;2.2250000e+02;2.1615170e-01;2.2250000e+02;1.8100978e-01;2.2250000e+02;1.3253447e-01;2.2250000e+02;8.1946641e-02;2.2250000e+02;3.6174729e-02;2.2250000e+02;-7.9174191e-03;2.2250000e+02;-1.8729921e-03;2.2250000e+02;1.0087288e-02;2.2250000e+02;2.7382942e-02;2.2250000e+02;4.9723372e-02;2.2250000e+02;7.4052058e-02;2.2250000e+02;9.7259954e-02;2.2250000e+02;1.1883686e-01;2.2250000e+02;1.3779750e-01;2.2250000e+02;1.5865502e-01;2.2250000e+02;1.8615317e-01;2.2250000e+02;2.1347974e-01;2.2250000e+02;2.2854938e-01;2.2250000e+02;2.1615170e-01;2.2250000e+02;1.8100978e-01;2.2250000e+02;1.3253447e-01;2.2250000e+02;8.1946641e-02;2.2250000e+02;3.6174729e-02;2.2250000e+02;-7.9174191e-03;2.2250000e+02;-1.8729921e-03;2.2250000e+02;1.0087288e-02;2.2250000e+02;2.7382942e-02;2.2250000e+02;4.9723372e-02;2.2250000e+02;7.4052058e-02;2.2250000e+02;9.7259954e-02;2.2250000e+02;1.1883686e-01;2.2250000e+02;1.3779750e-01;2.2250000e+02;1.5865502e-01;2.2250000e+02;1.8615317e-01;2.2250000e+02;2.1347974e-01;2.2250000e+02;2.2854938e-01;2.2250000e+02;2.1615170e-01;2.2250000e+02;1.8100978e-01;2.2250000e+02;1.3253447e-01;2.2250000e+02;8.1946641e-02;2.2250000e+02;3.6174729e-02;2.2250000e+02;-7.9174191e-03;2.2250000e+02;-1.8729921e-03;2.2250000e+02;1.0087288e-02;2.2250000e+02;2.7382942e-02;2.2250000e+02;4.9723372e-02;2.2250000e+02;7.4052058e-02;2.2250000e+02;9.7259954e-02;2.2250000e+02;1.1883686e-01;2.2250000e+02;1.3779750e-01;2.2250000e+02;1.5865502e-01;2.2250000e+02;1.8615317e-01;2.2250000e+02;2.1347974e-01;2.2250000e+02;2.2854938e-01;2.2250000e+02;2.1615170e-01;2.2250000e+02;1.8100978e-01;2.2250000e+02;1.3253447e-01;2.2250000e+02;8.1946641e-02;2.2250000e+02;3.6174729e-02;2.2250000e+02;-7.9174191e-03;2.2250000e+02;-1.8729921e-03;2.2250000e+02;1.0087288e-02;2.2250000e+02;2.7382942e-02;2.2250000e+02;4.9723372e-02;2.2250000e+02;7.4052058e-02;2.2250000e+02;9.7259954e-02;2.2250000e+02;1.1883686e-01;2.2250000e+02;1.3779750e-01;2.2250000e+02;1.5865502e-01;2.2250000e+02;1.8615317e-01;2.2250000e+02;2.1347974e-01;2.2250000e+02;2.2854938e-01;2.2250000e+02;2.1615170e-01;2.2250000e+02;1.8100978e-01;2.2250000e+02;1.3253447e-01;2.2250000e+02;8.1946641e-02;2.2250000e+02;3.6174729e-02;2.2250000e+02;-7.9174191e-03;2.2250000e+02;-1.8729921e-03;2.2250000e+02;1.0087288e-02;2.2250000e+02;2.7382942e-02;2.2250000e+02;4.9723372e-02;2.2250000e+02;7.4052058e-02;2.2250000e+02;9.7259954e-02;2.2250000e+02;1.1883686e-01;2.2250000e+02;1.3779750e-01;2.2250000e+02;1.5865502e-01;2.2250000e+02;1.8615317e-01;2.2250000e+02;2.1347974e-01;2.2250000e+02;2.2854938e-01;2.2250000e+02;2.1615170e-01;2.2250000e+02;1.8100978e-01;2.2250000e+02;1.3253447e-01;2.2250000e+02;8.1946641e-02;2.2250000e+02;3.6174729e-02;2.2250000e+02;-7.9174191e-03;2.2250000e+02;-1.8729921e-03;2.2250000e+02;1.0087288e-02;2.2250000e+02;2.7382942e-02;2.2250000e+02;4.9723372e-02;2.2250000e+02;7.4052058e-02;2.2250000e+02;9.7259954e-02;2.2250000e+02;1.1883686e-01;2.2250000e+02;1.3779750e-01;2.2250000e+02;1.5865502e-01;2.2250000e+02;1.8615317e-01;2.2250000e+02;2.1347974e-01;2.2250000e+02;2.2854938e-01;2.2250000e+02;2.1615170e-01;2.2250000e+02;1.8100978e-01;2.2250000e+02;1.3253447e-01;2.2250000e+02;8.1946641e-02;2.2250000e+02;3.6174729e-02;2.2250000e+02;-7.9174191e-03;2.2250000e+02;-1.8729921e-03;2.2250000e+02;1.0087288e-02;2.2250000e+02;2.7382942e-02;2.2250000e+02;4.9723372e-02;2.2250000e+02;7.4052058e-02;2.2250000e+02;9.7259954e-02;2.2250000e+02;1.1883686e-01;2.2250000e+02;1.3779750e-01;2.2250000e+02;1.5865502e-01;2.2250000e+02;1.8615317e-01;2.2250000e+02;2.1347974e-01;2.2250000e+02;2.2854938e-01;2.2250000e+02;2.1615170e-01;2.2250000e+02;1.8100978e-01;2.2250000e+02;1.3253447e-01;2.2250000e+02;8.1946641e-02;2.2250000e+02;3.6174729e-02;2.2250000e+02;-7.9174191e-03;2.2250000e+02;-1.8729921e-03;2.2250000e+02;1.0087288e-02;2.2250000e+02;2.7382942e-02;2.2250000e+02;4.9723372e-02;2.2250000e+02;7.4052058e-02;2.2250000e+02;9.7259954e-02;2.2250000e+02;1.1883686e-01;2.2250000e+02;1.3779750e-01;2.2250000e+02;1.5865502e-01;2.2250000e+02;1.8615317e-01;2.2250000e+02;2.1347974e-01;2.2250000e+02;2.2854938e-01;2.2250000e+02;2.1615170e-01;2.2250000e+02;1.8100978e-01;2.2250000e+02;1.3253447e-01;2.2250000e+02;8.1946641e-02;2.2250000e+02;3.6174729e-02;2.2250000e+02;-7.9174191e-03;2.2250000e+02;-1.8729921e-03;2.2250000e+02;1.0087288e-02;2.2250000e+02;2.7382942e-02;2.2250000e+02;4.9723372e-02;2.2250000e+02;7.4052058e-02;2.2250000e+02;9.7259954e-02;2.2250000e+02;1.1883686e-01;2.2250000e+02;1.3779750e-01;2.2250000e+02;1.5865502e-01;2.2250000e+02;1.8615317e-01;2.2250000e+02;2.1347974e-01;2.2250000e+02;2.2854938e-01;2.2250000e+02;2.1615170e-01;2.2250000e+02;1.8100978e-01;2.2250000e+02;1.3253447e-01;2.2250000e+02;8.1946641e-02;2.2250000e+02;3.6174729e-02;2.2250000e+02;-7.9174191e-03;2.2250000e+02;-1.8729921e-03;2.2250000e+02;1.0087288e-02;2.2250000e+02;2.7382942e-02;2.2250000e+02;4.9723372e-02;2.2250000e+02;7.4052058e-02;2.2250000e+02;9.7259954e-02;2.2250000e+02;1.1883686e-01;2.2250000e+02;1.3779750e-01;2.2250000e+02;1.5865502e-01;2.2250000e+02;1.8615317e-01;2.2250000e+02;2.1347974e-01;2.2250000e+02;2.2854938e-01;2.2250000e+02;2.1615170e-01;2.2250000e+02;1.8100978e-01;2.2250000e+02;1.3253447e-01;2.2250000e+02;8.1946641e-02;2.2250000e+02;3.6174729e-02;2.2250000e+02;-7.9174191e-03;2.2250000e+02;-1.8729921e-03;2.2250000e+02;1.0087288e-02;2.2250000e+02;2.7382942e-02;2.2250000e+02;4.9723372e-02;2.2250000e+02;7.4052058e-02;2.2250000e+02;9.7259954e-02;2.2250000e+02;1.1883686e-01;2.2250000e+02;1.3779750e-01;2.2250000e+02;1.5865502e-01;2.2250000e+02;1.8615317e-01;2.2250000e+02;2.1347974e-01;2.2250000e+02;2.2854938e-01;2.2250000e+02;2.1615170e-01;2.2250000e+02;1.8100978e-01;2.2250000e+02;1.3253447e-01;2.2250000e+02;8.1946641e-02;2.2250000e+02;3.6174729e-02;2.2250000e+02;-7.9174191e-03;2.2250000e+02;-1.8729921e-03;2.2250000e+02;1.0087288e-02;2.2250000e+02;2.7382942e-02;2.2250000e+02;4.9723372e-02;2.2250000e+02;7.4052058e-02;2.2250000e+02;9.7259954e-02;2.2250000e+02;1.1883686e-01;2.2250000e+02;1.3779750e-01;2.2250000e+02;1.5865502e-01;2.2250000e+02;1.8615317e-01;2.2250000e+02;2.1347974e-01;2.2250000e+02;2.2854938e-01;2.2250000e+02;2.1615170e-01;2.2250000e+02;1.8100978e-01;2.2250000e+02;1.3253447e-01;2.2250000e+02;8.1946641e-02;2.2250000e+02;3.6174729e-02;2.2250000e+02;-7.9174191e-03;2.2250000e+02;-1.8729921e-03;2.2250000e+02;1.0087288e-02;2.2250000e+02;2.7382942e-02;2.2250000e+02;4.9723372e-02;2.2250000e+02;7.4052058e-02;2.2250000e+02;9.7259954e-02;2.2250000e+02;1.1883686e-01;2.2250000e+02;1.3779750e-01;2.2250000e+02;1.5865502e-01;2.2250000e+02;1.8615317e-01;2.2250000e+02;2.1347974e-01;2.2250000e+02;2.2854938e-01;2.2250000e+02;2.1615170e-01;2.2250000e+02;1.8100978e-01;2.2250000e+02;1.3253447e-01;2.2250000e+02;8.1946641e-02;2.2250000e+02;3.6174729e-02;2.2250000e+02;-7.9174191e-03;2.2250000e+02;-1.8729921e-03;2.2250000e+02;1.0087288e-02;2.2250000e+02;2.7382942e-02;2.2250000e+02;4.9723372e-02;2.2250000e+02;7.4052058e-02;2.2250000e+02;9.7259954e-02;2.2250000e+02;1.1883686e-01;2.2250000e+02;1.3779750e-01;2.2250000e+02;1.5865502e-01;2.2250000e+02;1.8615317e-01;2.2250000e+02;2.1347974e-01;2.2250000e+02;2.2854938e-01;2.2250000e+02;2.1615170e-01;2.2250000e+02;1.8100978e-01;2.2250000e+02;1.3253447e-01;2.2250000e+02;8.1946641e-02;2.2250000e+02;3.6174729e-02;2.2250000e+02;-7.9174191e-03;2.2250000e+02;-1.8729921e-03;2.2250000e+02;1.0087288e-02;2.2250000e+02;2.7382942e-02;2.2250000e+02;4.9723372e-02;2.2250000e+02;7.4052058e-02;2.2250000e+02;9.7259954e-02;2.2250000e+02;1.1883686e-01;2.2250000e+02;1.3779750e-01;2.2250000e+02;1.5865502e-01;2.2250000e+02;1.8615317e-01;2.2250000e+02;2.1347974e-01;2.2250000e+02;2.2854938e-01;2.2250000e+02;2.1615170e-01;2.2250000e+02;1.8100978e-01;2.2250000e+02;1.3253447e-01;2.2250000e+02;8.1946641e-02;2.2250000e+02;3.6174729e-02;2.2250000e+02;-7.9174191e-03;2.2250000e+02;-1.8729921e-03;2.2250000e+02;1.0087288e-02;2.2250000e+02;2.7382942e-02;2.2250000e+02;4.9723372e-02;2.2250000e+02;7.4052058e-02;2.2250000e+02;9.7259954e-02;2.2250000e+02;1.1883686e-01;2.2250000e+02;1.3779750e-01;2.2250000e+02;1.5865502e-01;2.2250000e+02;1.8615317e-01;2.2250000e+02;2.1347974e-01;2.2250000e+02;2.2854938e-01;2.2250000e+02;2.1615170e-01;2.2250000e+02;1.8100978e-01;2.2250000e+02;1.3253447e-01;2.2250000e+02;8.1946641e-02;2.2250000e+02;3.6174729e-02;2.2250000e+02;-7.9174191e-03;2.2250000e+02;-1.8729921e-03;2.2250000e+02;1.0087288e-02;2.2250000e+02;2.7382942e-02;2.2250000e+02;4.9723372e-02;2.2250000e+02;7.4052058e-02;2.2250000e+02;9.7259954e-02;2.2250000e+02;1.1883686e-01;2.2250000e+02;1.3779750e-01;2.2250000e+02;1.5865502e-01;2.2250000e+02;1.8615317e-01;2.2250000e+02;2.1347974e-01;2.2250000e+02;2.2854938e-01;2.2250000e+02;2.1615170e-01;2.2250000e+02;1.8100978e-01;2.2250000e+02;1.3253447e-01;2.2250000e+02;8.1946641e-02;2.2250000e+02;3.6174729e-02;2.2250000e+02;-7.9174191e-03;2.2250000e+02;-1.8729921e-03;2.2250000e+02;1.0087288e-02;2.2250000e+02;2.7382942e-02;2.2250000e+02;4.9723372e-02;2.2250000e+02;7.4052058e-02;2.2250000e+02;9.7259954e-02;2.2250000e+02;1.1883686e-01;2.2250000e+02;1.3779750e-01;2.2250000e+02;1.5865502e-01;2.2250000e+02;1.8615317e-01;2.2250000e+02;2.1347974e-01;2.2250000e+02;2.2854938e-01;2.2250000e+02;2.1615170e-01;2.2250000e+02;1.8100978e-01;2.2250000e+02;1.3253447e-01;2.2250000e+02;8.1946641e-02;2.2250000e+02;3.6174729e-02;2.2250000e+02;-7.9174191e-03;2.2250000e+02;-1.8729921e-03;2.2250000e+02;1.0087288e-02;2.2250000e+02;2.7382942e-02;2.2250000e+02;4.9723372e-02;2.2250000e+02;7.4052058e-02;2.2250000e+02;9.7259954e-02;2.2250000e+02;1.1883686e-01;2.2250000e+02;1.3779750e-01;2.2250000e+02;1.5865502e-01;2.2250000e+02;1.8615317e-01;2.2250000e+02;2.1347974e-01;2.2250000e+02;2.2854938e-01;2.2250000e+02;2.1615170e-01;2.2250000e+02;1.8100978e-01;2.2250000e+02;1.3253447e-01;2.2250000e+02;8.1946641e-02;2.2250000e+02;3.6174729e-02;2.2250000e+02;-7.9174191e-03;2.2250000e+02;-1.8729921e-03;2.2250000e+02;1.0087288e-02;2.2250000e+02;2.7382942e-02;2.2250000e+02;4.9723372e-02;2.2250000e+02;7.4052058e-02;2.2250000e+02;9.7259954e-02;2.2250000e+02;1.1883686e-01;2.2250000e+02;1.3779750e-01;2.2250000e+02;1.5865502e-01;2.2250000e+02;1.8615317e-01;2.2250000e+02;2.1347974e-01;2.2250000e+02;2.2854938e-01;2.2250000e+02;2.1615170e-01;2.2250000e+02;1.8100978e-01;2.2250000e+02;1.3253447e-01;2.2250000e+02;8.1946641e-02;2.2250000e+02;3.6174729e-02;2.2250000e+02;-7.9174191e-03;2.2250000e+02;-1.8729921e-03;2.2250000e+02;1.0087288e-02;2.2250000e+02;2.7382942e-02;2.2250000e+02;4.9723372e-02;2.2250000e+02;7.4052058e-02;2.2250000e+02;9.7259954e-02;2.2250000e+02;1.1883686e-01;2.2250000e+02;1.3779750e-01;2.2250000e+02;1.5865502e-01;2.2250000e+02;1.8615317e-01;2.2250000e+02;2.1347974e-01;2.2250000e+02;2.2854938e-01;2.2250000e+02;2.1615170e-01;2.2250000e+02;1.8100978e-01;2.2250000e+02;1.3253447e-01;2.2250000e+02;8.1946641e-02;2.2250000e+02;3.6174729e-02;2.2250000e+02;-7.9174191e-03;2.2250000e+02;-1.8729921e-03;2.2250000e+02;1.0087288e-02;2.2250000e+02;2.7382942e-02;2.2250000e+02;4.9723372e-02;2.2250000e+02;7.4052058e-02;2.2250000e+02;9.7259954e-02;2.2250000e+02;1.1883686e-01;2.2250000e+02;1.3779750e-01;2.2250000e+02;1.5865502e-01;2.2250000e+02;1.8615317e-01;2.2250000e+02;2.1347974e-01;2.2250000e+02;2.2854938e-01;2.2250000e+02;2.1615170e-01;2.2250000e+02;1.8100978e-01;2.2250000e+02;1.3253447e-01;2.2250000e+02;8.1946641e-02;2.2250000e+02;3.6174729e-02;2.2250000e+02;-7.9174191e-03;2.2250000e+02;-1.8729921e-03;2.2250000e+02;1.0087288e-02;2.2250000e+02;2.7382942e-02;2.2250000e+02;4.9723372e-02;2.2250000e+02;7.4052058e-02;2.2250000e+02;9.7259954e-02;2.2250000e+02;1.1883686e-01;2.2250000e+02;1.3779750e-01;2.2250000e+02;1.5865502e-01;2.2250000e+02;1.8615317e-01;2.2250000e+02;2.1347974e-01;2.2250000e+02;2.2854938e-01;2.2250000e+02;2.1615170e-01;2.2250000e+02;1.8100978e-01;2.2250000e+02;1.3253447e-01;2.2250000e+02;8.1946641e-02;2.2250000e+02;3.6174729e-02;2.2250000e+02;-7.9174191e-03;2.2250000e+02;-1.8729921e-03;2.2250000e+02;1.0087288e-02;2.2250000e+02;2.7382942e-02;2.2250000e+02;4.9723372e-02;2.2250000e+02;7.4052058e-02;2.2250000e+02;9.7259954e-02;2.2250000e+02;1.1883686e-01;2.2250000e+02;1.3779750e-01;2.2250000e+02;1.5865502e-01;2.2250000e+02;1.8615317e-01;2.2250000e+02;2.1347974e-01;2.2250000e+02;2.2854938e-01;2.2250000e+02;2.1615170e-01;2.2250000e+02;1.8100978e-01;2.2250000e+02;1.3253447e-01;2.2250000e+02;8.1946641e-02;2.2250000e+02;3.6174729e-02;2.2250000e+02;-7.9174191e-03;2.2250000e+02;-1.8729921e-03;2.2250000e+02;1.0087288e-02;2.2250000e+02;2.7382942e-02;2.2250000e+02;4.9723372e-02;2.2250000e+02;7.4052058e-02;2.2250000e+02;9.7259954e-02;2.2250000e+02;1.1883686e-01;2.2250000e+02;1.3779750e-01;2.2250000e+02;1.5865502e-01;2.2250000e+02;1.8615317e-01;2.2250000e+02;2.1347974e-01;2.2250000e+02;2.2854938e-01;2.2250000e+02;2.1615170e-01;2.2250000e+02;1.8100978e-01;2.2250000e+02;1.3253447e-01;2.2250000e+02;8.1946641e-02;2.2250000e+02;3.6174729e-02;2.2250000e+02;-7.9174191e-03;2.2250000e+02;-1.8729921e-03;2.2250000e+02;1.0087288e-02;2.2250000e+02;2.7382942e-02;2.2250000e+02;4.9723372e-02;2.2250000e+02;7.4052058e-02;2.2250000e+02;9.7259954e-02;2.2250000e+02;1.1883686e-01;2.2250000e+02;1.3779750e-01;2.2250000e+02;1.5865502e-01;2.2250000e+02;1.8615317e-01;2.2250000e+02;2.1347974e-01;2.2250000e+02;2.2854938e-01;2.2250000e+02;2.1615170e-01;2.2250000e+02;1.8100978e-01;2.2250000e+02;1.3253447e-01;2.2250000e+02;8.1946641e-02;2.2250000e+02;3.6174729e-02;2.2250000e+02;-7.9174191e-03;2.2250000e+02;-1.8729921e-03;2.2250000e+02;1.0087288e-02;2.2250000e+02;2.7382942e-02;2.2250000e+02;4.9723372e-02;2.2250000e+02;7.4052058e-02;2.2250000e+02;9.7259954e-02;2.2250000e+02;1.1883686e-01;2.2250000e+02;1.3779750e-01;2.2250000e+02;1.5865502e-01;2.2250000e+02;1.8615317e-01;2.2250000e+02;2.1347974e-01;2.2250000e+02;2.2854938e-01;2.2250000e+02;2.1615170e-01;2.2250000e+02;1.8100978e-01;2.2250000e+02;1.3253447e-01;2.2250000e+02;8.1946641e-02;2.2250000e+02;3.6174729e-02;2.2250000e+02;-7.9174191e-03;2.2250000e+02;-1.8729921e-03;2.2250000e+02;1.0087288e-02;2.2250000e+02;2.7382942e-02;2.2250000e+02;4.9723372e-02;2.2250000e+02;7.4052058e-02;2.2250000e+02;9.7259954e-02;2.2250000e+02;1.1883686e-01;2.2250000e+02;1.3779750e-01;2.2250000e+02;1.5865502e-01;2.2250000e+02;1.8615317e-01;2.2250000e+02;2.1347974e-01;2.2250000e+02;2.2854938e-01;2.2250000e+02;2.1615170e-01;2.2250000e+02;1.8100978e-01;2.2250000e+02;1.3253447e-01;2.2250000e+02;8.1946641e-02;2.2250000e+02;3.6174729e-02;2.2250000e+02;-7.9174191e-03;2.2250000e+02;-1.8729921e-03;2.2250000e+02;1.0087288e-02;2.2250000e+02;2.7382942e-02;2.2250000e+02;4.9723372e-02;2.2250000e+02;7.4052058e-02;2.2250000e+02;9.7259954e-02;2.2250000e+02;1.1883686e-01;2.2250000e+02;1.3779750e-01;2.2250000e+02;1.5865502e-01;2.2250000e+02;1.8615317e-01;2.2250000e+02;2.1347974e-01;2.2250000e+02;2.2854938e-01;2.2250000e+02;2.1615170e-01;2.2250000e+02;1.8100978e-01;2.2250000e+02;1.3253447e-01;2.2250000e+02;8.1946641e-02;2.2250000e+02;3.6174729e-02;2.2250000e+02;-7.9174191e-03;2.2250000e+02;-1.8729921e-03;2.2250000e+02;1.0087288e-02;2.2250000e+02;2.7382942e-02;2.2250000e+02;4.9723372e-02;2.2250000e+02;7.4052058e-02;2.2250000e+02;9.7259954e-02;2.2250000e+02;1.1883686e-01;2.2250000e+02;1.3779750e-01;2.2250000e+02;1.5865502e-01;2.2250000e+02;1.8615317e-01;2.2250000e+02;2.1347974e-01;2.2250000e+02;2.2854938e-01;2.2250000e+02;2.1615170e-01;2.2250000e+02;1.8100978e-01;2.2250000e+02;1.3253447e-01;2.2250000e+02;8.1946641e-02;2.2250000e+02;3.6174729e-02;2.2250000e+02;-7.9174191e-03;2.2250000e+02;-1.8729921e-03;2.2250000e+02;1.0087288e-02;2.2250000e+02;2.7382942e-02;2.2250000e+02;4.9723372e-02;2.2250000e+02;7.4052058e-02;2.2250000e+02;9.7259954e-02;2.2250000e+02;1.1883686e-01;2.2250000e+02;1.3779750e-01;2.2250000e+02;1.5865502e-01;2.2250000e+02;1.8615317e-01;2.2250000e+02;2.1347974e-01;2.2250000e+02;2.2854938e-01;2.2250000e+02;2.1615170e-01;2.2250000e+02;1.8100978e-01;2.2250000e+02;1.3253447e-01;2.2250000e+02;8.1946641e-02;2.2250000e+02;3.6174729e-02;2.2250000e+02;-7.9174191e-03;2.2250000e+02;-1.8729921e-03;2.2250000e+02;1.0087288e-02;2.2250000e+02;2.7382942e-02;2.2250000e+02;4.9723372e-02;2.2250000e+02;7.4052058e-02;2.2250000e+02;9.7259954e-02;2.2250000e+02;1.1883686e-01;2.2250000e+02;1.3779750e-01;2.2250000e+02;1.5865502e-01;2.2250000e+02;1.8615317e-01;2.2250000e+02;2.1347974e-01;2.2250000e+02;2.2854938e-01;2.2250000e+02;2.1615170e-01;2.2250000e+02;1.8100978e-01;2.2250000e+02;1.3253447e-01;2.2250000e+02;8.1946641e-02;2.2250000e+02;3.6174729e-02;2.2250000e+02;-7.9174191e-03;2.2250000e+02;-1.8729921e-03;2.2250000e+02;1.0087288e-02;2.2250000e+02;2.7382942e-02;2.2250000e+02;4.9723372e-02;2.2250000e+02;7.4052058e-02;2.2250000e+02;9.7259954e-02;2.2250000e+02;1.1883686e-01;2.2250000e+02;1.3779750e-01;2.2250000e+02;1.5865502e-01;2.2250000e+02;1.8615317e-01;2.2250000e+02;2.1347974e-01;2.2250000e+02;2.2854938e-01;2.2250000e+02;2.1615170e-01;2.2250000e+02;1.8100978e-01;2.2250000e+02;1.3253447e-01;2.2250000e+02;8.1946641e-02;2.2250000e+02;3.6174729e-02;2.2250000e+02;-7.9174191e-03;2.2250000e+02;-1.8729921e-03;2.2250000e+02;1.0087288e-02;2.2250000e+02;2.7382942e-02;2.2250000e+02;4.9723372e-02;2.2250000e+02;7.4052058e-02;2.2250000e+02;9.7259954e-02;2.2250000e+02;1.1883686e-01;2.2250000e+02;1.3779750e-01;2.2250000e+02;1.5865502e-01;2.2250000e+02;1.8615317e-01;2.2250000e+02;2.1347974e-01;2.2250000e+02;2.2854938e-01;2.2250000e+02;2.1615170e-01;2.2250000e+02;1.8100978e-01;2.2250000e+02;1.3253447e-01;2.2250000e+02;8.1946641e-02;2.2250000e+02;3.6174729e-02;2.2250000e+02;-7.9174191e-03;2.2250000e+02;-1.8729921e-03;2.2250000e+02;1.0087288e-02;2.2250000e+02;2.7382942e-02;2.2250000e+02;4.9723372e-02;2.2250000e+02;7.4052058e-02;2.2250000e+02;9.7259954e-02;2.2250000e+02;1.1883686e-01;2.2250000e+02;1.3779750e-01;2.2250000e+02;1.5865502e-01;2.2250000e+02;1.8615317e-01;2.2250000e+02;2.1347974e-01;2.2250000e+02;2.2854938e-01;2.2250000e+02;2.1615170e-01;2.2250000e+02;1.8100978e-01;2.2250000e+02;1.3253447e-01;2.2250000e+02;8.1946641e-02;2.2250000e+02;3.6174729e-02;2.2250000e+02;-7.9174191e-03;2.2250000e+02;-1.8729921e-03;2.2250000e+02;1.0087288e-02;2.2250000e+02;2.7382942e-02;2.2250000e+02;4.9723372e-02;2.2250000e+02;7.4052058e-02;2.2250000e+02;9.7259954e-02;2.2250000e+02;1.1883686e-01;2.2250000e+02;1.3779750e-01;2.2250000e+02;1.5865502e-01;2.2250000e+02;1.8615317e-01;2.2250000e+02;2.1347974e-01;2.2250000e+02;2.2854938e-01;2.2250000e+02;2.1615170e-01;2.2250000e+02;1.8100978e-01;2.2250000e+02;1.3253447e-01;2.2250000e+02;8.1946641e-02;2.2250000e+02;3.6174729e-02;2.2250000e+02;-7.9174191e-03;2.2250000e+02;-1.8729921e-03;2.2250000e+02;1.0087288e-02;2.2250000e+02;2.7382942e-02;2.2250000e+02;4.9723372e-02;2.2250000e+02;7.4052058e-02;2.2250000e+02;9.7259954e-02;2.2250000e+02;1.1883686e-01;2.2250000e+02;1.3779750e-01;2.2250000e+02;1.5865502e-01;2.2250000e+02;1.8615317e-01;2.2250000e+02;2.1347974e-01;2.2250000e+02;2.2854938e-01;2.2250000e+02;2.1615170e-01;2.2250000e+02;1.8100978e-01;2.2250000e+02;1.3253447e-01;2.2250000e+02;8.1946641e-02;2.2250000e+02;3.6174729e-02;2.2250000e+02;-7.9174191e-03;2.2250000e+02;-1.8729921e-03;2.2250000e+02;1.0087288e-02;2.2250000e+02;2.7382942e-02;2.2250000e+02;4.9723372e-02;2.2250000e+02;7.4052058e-02;2.2250000e+02;9.7259954e-02;2.2250000e+02;1.1883686e-01;2.2250000e+02;1.3779750e-01;2.2250000e+02;1.5865502e-01;2.2250000e+02;1.8615317e-01;2.2250000e+02;2.1347974e-01;2.2250000e+02;2.2854938e-01;2.2250000e+02;2.1615170e-01;2.2250000e+02;1.8100978e-01;2.2250000e+02;1.3253447e-01;2.2250000e+02;8.1946641e-02;2.2250000e+02;3.6174729e-02;2.2250000e+02;-7.9174191e-03;2.2250000e+02;-1.8729921e-03;2.2250000e+02;1.0087288e-02;2.2250000e+02;2.7382942e-02;2.2250000e+02;4.9723372e-02;2.2250000e+02;7.4052058e-02;2.2250000e+02;9.7259954e-02;2.2250000e+02;1.1883686e-01;2.2250000e+02;1.3779750e-01;2.2250000e+02;1.5865502e-01;2.2250000e+02;1.8615317e-01;2.2250000e+02;2.1347974e-01;2.2250000e+02;2.2854938e-01;2.2250000e+02;2.1615170e-01;2.2250000e+02;1.8100978e-01;2.2250000e+02;1.3253447e-01;2.2250000e+02;8.1946641e-02;2.2250000e+02;3.6174729e-02;2.2250000e+02;-7.9174191e-03;2.2250000e+02;-1.8729921e-03;2.2250000e+02;1.0087288e-02;2.2250000e+02;2.7382942e-02;2.2250000e+02;4.9723372e-02;2.2250000e+02;7.4052058e-02;2.2250000e+02;9.7259954e-02;2.2250000e+02;1.1883686e-01;2.2250000e+02;1.3779750e-01;2.2250000e+02;1.5865502e-01;2.2250000e+02;1.8615317e-01;2.2250000e+02;2.1347974e-01;2.2250000e+02;2.2854938e-01;2.2250000e+02;2.1615170e-01;2.2250000e+02;1.8100978e-01;2.2250000e+02;1.3253447e-01;2.2250000e+02;8.1946641e-02;2.2250000e+02;3.6174729e-02;2.2250000e+02;-7.9174191e-03;2.2250000e+02;-1.8729921e-03;2.2250000e+02;1.0087288e-02;2.2250000e+02;2.7382942e-02;2.2250000e+02;4.9723372e-02;2.2250000e+02;7.4052058e-02;2.2250000e+02;9.7259954e-02;2.2250000e+02;1.1883686e-01;2.2250000e+02;1.3779750e-01;2.2250000e+02;1.5865502e-01;2.2250000e+02;1.8615317e-01;2.2250000e+02;2.1347974e-01;2.2250000e+02;2.2854938e-01;2.2250000e+02;2.1615170e-01;2.2250000e+02;1.8100978e-01;2.2250000e+02;1.3253447e-01;2.2250000e+02;8.1946641e-02;2.2250000e+02;3.6174729e-02;2.2250000e+02;-7.9174191e-03;2.2250000e+02;-1.8729921e-03;2.2250000e+02;1.0087288e-02;2.2250000e+02;2.7382942e-02;2.2250000e+02;4.9723372e-02;2.2250000e+02;7.4052058e-02;2.2250000e+02;9.7259954e-02;2.2250000e+02;1.1883686e-01;2.2250000e+02;1.3779750e-01;2.2250000e+02;1.5865502e-01;2.2250000e+02;1.8615317e-01;2.2250000e+02;2.1347974e-01;2.2250000e+02;2.2854938e-01;2.2250000e+02;2.1615170e-01;2.2250000e+02;1.8100978e-01;2.2250000e+02;1.3253447e-01;2.2250000e+02;8.1946641e-02;2.2250000e+02;3.6174729e-02;2.2250000e+02;-7.9174191e-03;2.2250000e+02;-1.8729921e-03;2.2250000e+02;1.0087288e-02;2.2250000e+02;2.7382942e-02;2.2250000e+02;4.9723372e-02;2.2250000e+02;7.4052058e-02;2.2250000e+02;9.7259954e-02;2.2250000e+02;1.1883686e-01;2.2250000e+02;1.3779750e-01;2.2250000e+02;1.5865502e-01;2.2250000e+02;1.8615317e-01;2.2250000e+02;2.1347974e-01;2.2250000e+02;2.2854938e-01;2.2250000e+02;2.1615170e-01;2.2250000e+02;1.8100978e-01;2.2250000e+02;1.3253447e-01;2.2250000e+02;8.1946641e-02;2.2250000e+02;3.6174729e-02;2.2250000e+02;-7.9174191e-03;2.2250000e+02;-1.8729921e-03;2.2250000e+02;1.0087288e-02;2.2250000e+02;2.7382942e-02;2.2250000e+02;4.9723372e-02;2.2250000e+02;7.4052058e-02;2.2250000e+02;9.7259954e-02;2.2250000e+02;1.1883686e-01;2.2250000e+02;1.3779750e-01;2.2250000e+02;1.5865502e-01;2.2250000e+02;1.8615317e-01;2.2250000e+02;2.1347974e-01;2.2250000e+02;2.2854938e-01;2.2250000e+02;2.1615170e-01;2.2250000e+02;1.8100978e-01;2.2250000e+02;1.3253447e-01;2.2250000e+02;8.1946641e-02;2.2250000e+02;3.6174729e-02;2.2250000e+02;-7.9174191e-03;2.2250000e+02;-1.8729921e-03;2.2250000e+02;1.0087288e-02;2.2250000e+02;2.7382942e-02;2.2250000e+02;4.9723372e-02;2.2250000e+02;7.4052058e-02;2.2250000e+02;9.7259954e-02;2.2250000e+02;1.1883686e-01;2.2250000e+02;1.3779750e-01;2.2250000e+02;1.5865502e-01;2.2250000e+02;1.8615317e-01;2.2250000e+02;2.1347974e-01;2.2250000e+02;2.2854938e-01;2.2250000e+02;2.1615170e-01;2.2250000e+02;1.8100978e-01;2.2250000e+02;1.3253447e-01;2.2250000e+02;8.1946641e-02;2.2250000e+02;3.6174729e-02;2.2250000e+02;-7.9174191e-03;2.2250000e+02;-1.8729921e-03;2.2250000e+02;1.0087288e-02;2.2250000e+02;2.7382942e-02;2.2250000e+02;4.9723372e-02;2.2250000e+02;7.4052058e-02;2.2250000e+02;9.7259954e-02;2.2250000e+02;1.1883686e-01;2.2250000e+02;1.3779750e-01;2.2250000e+02;1.5865502e-01;2.2250000e+02;1.8615317e-01;2.2250000e+02;2.1347974e-01;2.2250000e+02;2.2854938e-01;2.2250000e+02;2.1615170e-01;2.2250000e+02;1.8100978e-01;2.2250000e+02;1.3253447e-01;2.2250000e+02;8.1946641e-02;2.2250000e+02;3.6174729e-02;2.2250000e+02;-7.9174191e-03;2.2250000e+02;-1.8729921e-03;2.2250000e+02;1.0087288e-02;2.2250000e+02;2.7382942e-02;2.2250000e+02;4.9723372e-02;2.2250000e+02;7.4052058e-02;2.2250000e+02;9.7259954e-02;2.2250000e+02;1.1883686e-01;2.2250000e+02;1.3779750e-01;2.2250000e+02;1.5865502e-01;2.2250000e+02;1.8615317e-01;2.2250000e+02;2.1347974e-01;2.2250000e+02;2.2854938e-01;2.2250000e+02;2.1615170e-01;2.2250000e+02;1.8100978e-01;2.2250000e+02;1.3253447e-01;2.2250000e+02;8.1946641e-02;2.2250000e+02;3.6174729e-02;2.2250000e+02;-7.9174191e-03;2.2250000e+02;-1.8729921e-03;2.2250000e+02;1.0087288e-02;2.2250000e+02;2.7382942e-02;2.2250000e+02;4.9723372e-02;2.2250000e+02;7.4052058e-02;2.2250000e+02;9.7259954e-02;2.2250000e+02;1.1883686e-01;2.2250000e+02;1.3779750e-01;2.2250000e+02;1.5865502e-01;2.2250000e+02;1.8615317e-01;2.2250000e+02;2.1347974e-01;2.2250000e+02;2.2854938e-01;2.2250000e+02;2.1615170e-01;2.2250000e+02;1.8100978e-01;2.2250000e+02;1.3253447e-01;2.2250000e+02;8.1946641e-02;2.2250000e+02;3.6174729e-02;2.2250000e+02;-7.9174191e-03;2.2250000e+02;-1.8729921e-03;2.2250000e+02;1.0087288e-02;2.2250000e+02;2.7382942e-02;2.2250000e+02;4.9723372e-02;2.2250000e+02;7.4052058e-02;2.2250000e+02;9.7259954e-02;2.2250000e+02;1.1883686e-01;2.2250000e+02;1.3779750e-01;2.2250000e+02;1.5865502e-01;2.2250000e+02;1.8615317e-01;2.2250000e+02;2.1347974e-01;2.2250000e+02;2.2854938e-01;2.2250000e+02;2.1615170e-01;2.2250000e+02;1.8100978e-01;2.2250000e+02;1.3253447e-01;2.2250000e+02;8.1946641e-02;2.2250000e+02;3.6174729e-02;2.2250000e+02;-7.9174191e-03;2.2250000e+02;-1.8729921e-03;2.2250000e+02;1.0087288e-02;2.2250000e+02;2.7382942e-02;2.2250000e+02;4.9723372e-02;2.2250000e+02;7.4052058e-02;2.2250000e+02;9.7259954e-02;2.2250000e+02;1.1883686e-01;2.2250000e+02;1.3779750e-01;2.2250000e+02;1.5865502e-01;2.2250000e+02;1.8615317e-01;2.2250000e+02;2.1347974e-01;2.2250000e+02;2.2854938e-01;2.2250000e+02;2.1615170e-01;2.2250000e+02;1.8100978e-01;2.2250000e+02;1.3253447e-01;2.2250000e+02;8.1946641e-02;2.2250000e+02;3.6174729e-02;2.2250000e+02;-7.9174191e-03;2.2250000e+02;-1.8729921e-03;2.2250000e+02;1.0087288e-02;2.2250000e+02;2.7382942e-02;2.2250000e+02;4.9723372e-02;2.2250000e+02;7.4052058e-02;2.2250000e+02;9.7259954e-02;2.2250000e+02;1.1883686e-01;2.2250000e+02;1.3779750e-01;2.2250000e+02;1.5865502e-01;2.2250000e+02;1.8615317e-01;2.2250000e+02;2.1347974e-01;2.2250000e+02;2.2854938e-01;2.2250000e+02;2.1615170e-01;2.2250000e+02;1.8100978e-01;2.2250000e+02;1.3253447e-01;2.2250000e+02;8.1946641e-02;2.2250000e+02;3.6174729e-02;2.2250000e+02;-7.9174191e-03;2.2250000e+02;-1.8729921e-03;2.2250000e+02;1.0087288e-02;2.2250000e+02;2.7382942e-02;2.2250000e+02;4.9723372e-02;2.2250000e+02;7.4052058e-02;2.2250000e+02;9.7259954e-02;2.2250000e+02;1.1883686e-01;2.2250000e+02;1.3779750e-01;2.2250000e+02;1.5865502e-01;2.2250000e+02;1.8615317e-01;2.2250000e+02;2.1347974e-01;2.2250000e+02;2.2854938e-01;2.2250000e+02;2.1615170e-01;2.2250000e+02;1.8100978e-01;2.2250000e+02;1.3253447e-01;2.2250000e+02;8.1946641e-02;2.2250000e+02;3.6174729e-02;2.2250000e+02;-7.9174191e-03;2.2250000e+02;-1.8729921e-03;2.2250000e+02;1.0087288e-02;2.2250000e+02;2.7382942e-02;2.2250000e+02;4.9723372e-02;2.2250000e+02;7.4052058e-02;2.2250000e+02;9.7259954e-02;2.2250000e+02;1.1883686e-01;2.2250000e+02;1.3779750e-01;2.2250000e+02;1.5865502e-01;2.2250000e+02;1.8615317e-01;2.2250000e+02;2.1347974e-01;2.2250000e+02;2.2854938e-01;2.2250000e+02;2.1615170e-01;2.2250000e+02;1.8100978e-01;2.2250000e+02;1.3253447e-01;2.2250000e+02;8.1946641e-02;2.2250000e+02;3.6174729e-02;2.2250000e+02;-7.9174191e-03;2.2250000e+02;-1.8729921e-03;2.2250000e+02;1.0087288e-02;2.2250000e+02;2.7382942e-02;2.2250000e+02;4.9723372e-02;2.2250000e+02;7.4052058e-02;2.2250000e+02;9.7259954e-02;2.2250000e+02;1.1883686e-01;2.2250000e+02;1.3779750e-01;2.2250000e+02;1.5865502e-01;2.2250000e+02;1.8615317e-01;2.2250000e+02;2.1347974e-01;2.2250000e+02;2.2854938e-01;2.2250000e+02;2.1615170e-01;2.2250000e+02;1.8100978e-01;2.2250000e+02;1.3253447e-01;2.2250000e+02;8.1946641e-02;2.2250000e+02;3.6174729e-02;2.2250000e+02;-7.9174191e-03;2.2250000e+02;-1.8729921e-03;2.2250000e+02;1.0087288e-02;2.2250000e+02;2.7382942e-02;2.2250000e+02;4.9723372e-02;2.2250000e+02;7.4052058e-02;2.2250000e+02;9.7259954e-02;2.2250000e+02;1.1883686e-01;2.2250000e+02;1.3779750e-01;2.2250000e+02;1.5865502e-01;2.2250000e+02;1.8615317e-01;2.2250000e+02;2.1347974e-01;2.2250000e+02;2.2854938e-01;2.2250000e+02;2.1615170e-01;2.2250000e+02;1.8100978e-01;2.2250000e+02;1.3253447e-01;2.2250000e+02;8.1946641e-02;2.2250000e+02;3.6174729e-02;2.2250000e+02;-7.9174191e-03;2.2250000e+02;-1.8729921e-03;2.2250000e+02;1.0087288e-02;2.2250000e+02;2.7382942e-02;2.2250000e+02;4.9723372e-02;2.2250000e+02;7.4052058e-02;2.2250000e+02;9.7259954e-02;2.2250000e+02;1.1883686e-01;2.2250000e+02;1.3779750e-01;2.2250000e+02;1.5865502e-01;2.2250000e+02;1.8615317e-01;2.2250000e+02;2.1347974e-01;2.2250000e+02;2.2854938e-01;2.2250000e+02;2.1615170e-01;2.2250000e+02;1.8100978e-01;2.2250000e+02;1.3253447e-01;2.2250000e+02;8.1946641e-02;2.2250000e+02;3.6174729e-02;2.2250000e+02;-7.9174191e-03;2.2250000e+02;-1.8729921e-03;2.2250000e+02;1.0087288e-02;2.2250000e+02;2.7382942e-02;2.2250000e+02;4.9723372e-02;2.2250000e+02;7.4052058e-02;2.2250000e+02;9.7259954e-02;2.2250000e+02;1.1883686e-01;2.2250000e+02;1.3779750e-01;2.2250000e+02;1.5865502e-01;2.2250000e+02;1.8615317e-01;2.2250000e+02;2.1347974e-01;2.2250000e+02;2.2854938e-01;2.2250000e+02;2.1615170e-01;2.2250000e+02;1.8100978e-01;2.2250000e+02;1.3253447e-01;2.2250000e+02;8.1946641e-02;2.2250000e+02;3.6174729e-02;2.2250000e+02;-7.9174191e-03;2.2250000e+02;-1.8729921e-03;2.2250000e+02;1.0087288e-02;2.2250000e+02;2.7382942e-02;2.2250000e+02;4.9723372e-02;2.2250000e+02;7.4052058e-02;2.2250000e+02;9.7259954e-02;2.2250000e+02;1.1883686e-01;2.2250000e+02;1.3779750e-01;2.2250000e+02;1.5865502e-01;2.2250000e+02;1.8615317e-01;2.2250000e+02;2.1347974e-01;2.2250000e+02;2.2854938e-01;2.2250000e+02;2.1615170e-01;2.2250000e+02;1.8100978e-01;2.2250000e+02;1.3253447e-01;2.2250000e+02;8.1946641e-02;2.2250000e+02;3.6174729e-02;2.2250000e+02;-7.9174191e-03;2.2250000e+02;-1.8729921e-03;2.2250000e+02;1.0087288e-02;2.2250000e+02;2.7382942e-02;2.2250000e+02;4.9723372e-02;2.2250000e+02;7.4052058e-02;2.2250000e+02;9.7259954e-02;2.2250000e+02;1.1883686e-01;2.2250000e+02;1.3779750e-01;2.2250000e+02;1.5865502e-01;2.2250000e+02;1.8615317e-01;2.2250000e+02;2.1347974e-01;2.2250000e+02;2.2854938e-01;2.2250000e+02;2.1615170e-01;2.2250000e+02;1.8100978e-01;2.2250000e+02;1.3253447e-01;2.2250000e+02;8.1946641e-02;2.2250000e+02;3.6174729e-02;2.2250000e+02;-7.9174191e-03;2.2250000e+02;-1.8729921e-03;2.2250000e+02;1.0087288e-02;2.2250000e+02;2.7382942e-02;2.2250000e+02;4.9723372e-02;2.2250000e+02;7.4052058e-02;2.2250000e+02;9.7259954e-02;2.2250000e+02;1.1883686e-01;2.2250000e+02;1.3779750e-01;2.2250000e+02;1.5865502e-01;2.2250000e+02;1.8615317e-01;2.2250000e+02;2.1347974e-01;2.2250000e+02;2.2854938e-01;2.2250000e+02;2.1615170e-01;2.2250000e+02;1.8100978e-01;2.2250000e+02;1.3253447e-01;2.2250000e+02;8.1946641e-02;2.2250000e+02;3.6174729e-02;2.2250000e+02;-7.9174191e-03;2.2250000e+02;-1.8729921e-03;2.2250000e+02;1.0087288e-02;2.2250000e+02;2.7382942e-02;2.2250000e+02;4.9723372e-02;2.2250000e+02;7.4052058e-02;2.2250000e+02;9.7259954e-02;2.2250000e+02;1.1883686e-01;2.2250000e+02;1.3779750e-01;2.2250000e+02;1.5865502e-01;2.2250000e+02;1.8615317e-01;2.2250000e+02;2.1347974e-01;2.2250000e+02;2.2854938e-01;2.2250000e+02;2.1615170e-01;2.2250000e+02;1.8100978e-01;2.2250000e+02;1.3253447e-01;2.2250000e+02;8.1946641e-02;2.2250000e+02;3.6174729e-02;2.2250000e+02;-7.9174191e-03;2.2250000e+02;-1.8729921e-03;2.2250000e+02;1.0087288e-02;2.2250000e+02;2.7382942e-02;2.2250000e+02;4.9723372e-02;2.2250000e+02;7.4052058e-02;2.2250000e+02;9.7259954e-02;2.2250000e+02;1.1883686e-01;2.2250000e+02;1.3779750e-01;2.2250000e+02;1.5865502e-01;2.2250000e+02;1.8615317e-01;2.2250000e+02;2.1347974e-01;2.2250000e+02;2.2854938e-01;2.2250000e+02;2.1615170e-01;2.2250000e+02;1.8100978e-01;2.2250000e+02;1.3253447e-01;2.2250000e+02;8.1946641e-02;2.2250000e+02;3.6174729e-02;2.2250000e+02;-7.9174191e-03;2.2250000e+02;-1.8729921e-03;2.2250000e+02;1.0087288e-02;2.2250000e+02;2.7382942e-02;2.2250000e+02;4.9723372e-02;2.2250000e+02;7.4052058e-02;2.2250000e+02;9.7259954e-02;2.2250000e+02;1.1883686e-01;2.2250000e+02;1.3779750e-01;2.2250000e+02;1.5865502e-01;2.2250000e+02;1.8615317e-01;2.2250000e+02;2.1347974e-01;2.2250000e+02;2.2854938e-01;2.2250000e+02;2.1615170e-01;2.2250000e+02;1.8100978e-01;2.2250000e+02;1.3253447e-01;2.2250000e+02;8.1946641e-02;2.2250000e+02;3.6174729e-02;2.2250000e+02;-7.9174191e-03;2.2250000e+02;-1.8729921e-03;2.2250000e+02;1.0087288e-02;2.2250000e+02;2.7382942e-02;2.2250000e+02;4.9723372e-02;2.2250000e+02;7.4052058e-02;2.2250000e+02;9.7259954e-02;2.2250000e+02;1.1883686e-01;2.2250000e+02;1.3779750e-01;2.2250000e+02;1.5865502e-01;2.2250000e+02;1.8615317e-01;2.2250000e+02;2.1347974e-01;2.2250000e+02;2.2854938e-01;2.2250000e+02;2.1615170e-01;2.2250000e+02;1.8100978e-01;2.2250000e+02;1.3253447e-01;2.2250000e+02;8.1946641e-02;2.2250000e+02;3.6174729e-02;2.2250000e+02;-7.9174191e-03;2.2250000e+02;-1.8729921e-03;2.2250000e+02;1.0087288e-02;2.2250000e+02;2.7382942e-02;2.2250000e+02;4.9723372e-02;2.2250000e+02;7.4052058e-02;2.2250000e+02;9.7259954e-02;2.2250000e+02;1.1883686e-01;2.2250000e+02;1.3779750e-01;2.2250000e+02;1.5865502e-01;2.2250000e+02;1.8615317e-01;2.2250000e+02;2.1347974e-01;2.2250000e+02;2.2854938e-01;2.2250000e+02;2.1615170e-01;2.2250000e+02;1.8100978e-01;2.2250000e+02;1.3253447e-01;2.2250000e+02;8.1946641e-02;2.2250000e+02;3.6174729e-02;2.2250000e+02;-7.9174191e-03;2.2250000e+02;-1.8729921e-03;2.2250000e+02;1.0087288e-02;2.2250000e+02;2.7382942e-02;2.2250000e+02;4.9723372e-02;2.2250000e+02;7.4052058e-02;2.2250000e+02;9.7259954e-02;2.2250000e+02;1.1883686e-01;2.2250000e+02;1.3779750e-01;2.2250000e+02;1.5865502e-01;2.2250000e+02;1.8615317e-01;2.2250000e+02;2.1347974e-01;2.2250000e+02;2.2854938e-01;2.2250000e+02;2.1615170e-01;2.2250000e+02;1.8100978e-01;2.2250000e+02;1.3253447e-01;2.2250000e+02;8.1946641e-02;2.2250000e+02;3.6174729e-02;2.2250000e+02;-7.9174191e-03;2.2250000e+02;-1.8729921e-03;2.2250000e+02;1.0087288e-02;2.2250000e+02;2.7382942e-02;2.2250000e+02;4.9723372e-02;2.2250000e+02;7.4052058e-02;2.2250000e+02;9.7259954e-02;2.2250000e+02;1.1883686e-01;2.2250000e+02;1.3779750e-01;2.2250000e+02;1.5865502e-01;2.2250000e+02;1.8615317e-01;2.2250000e+02;2.1347974e-01;2.2250000e+02;2.2854938e-01;2.2250000e+02;2.1615170e-01;2.2250000e+02;1.8100978e-01;2.2250000e+02;1.3253447e-01;2.2250000e+02;8.1946641e-02;2.2250000e+02;3.6174729e-02;2.2250000e+02;-7.9174191e-03;2.2250000e+02;-1.8729921e-03;2.2250000e+02;1.0087288e-02;2.2250000e+02;2.7382942e-02;2.2250000e+02;4.9723372e-02;2.2250000e+02;7.4052058e-02;2.2250000e+02;9.7259954e-02;2.2250000e+02;1.1883686e-01;2.2250000e+02;1.3779750e-01;2.2250000e+02;1.5865502e-01;2.2250000e+02;1.8615317e-01;2.2250000e+02;2.1347974e-01;2.2250000e+02;2.2854938e-01;2.2250000e+02;2.1615170e-01;2.2250000e+02;1.8100978e-01;2.2250000e+02;1.3253447e-01;2.2250000e+02;8.1946641e-02;2.2250000e+02;3.6174729e-02;2.2250000e+02;-7.9174191e-03;2.2250000e+02;-1.8729921e-03;2.2250000e+02;1.0087288e-02;2.2250000e+02;2.7382942e-02;2.2250000e+02;4.9723372e-02;2.2250000e+02;7.4052058e-02;2.2250000e+02;9.7259954e-02;2.2250000e+02;1.1883686e-01;2.2250000e+02;1.3779750e-01;2.2250000e+02;1.5865502e-01;2.2250000e+02;1.8615317e-01;2.2250000e+02;2.1347974e-01;2.2250000e+02;2.2854938e-01;2.2250000e+02;2.1615170e-01;2.2250000e+02;1.8100978e-01;2.2250000e+02;1.3253447e-01;2.2250000e+02;8.1946641e-02;2.2250000e+02;3.6174729e-02;2.2250000e+02;-7.9174191e-03;2.2250000e+02;-1.8729921e-03;2.2250000e+02;1.0087288e-02;2.2250000e+02;2.7382942e-02;2.2250000e+02;4.9723372e-02;2.2250000e+02;7.4052058e-02;2.2250000e+02;9.7259954e-02;2.2250000e+02;1.1883686e-01;2.2250000e+02;1.3779750e-01;2.2250000e+02;1.5865502e-01;2.2250000e+02;1.8615317e-01;2.2250000e+02;2.1347974e-01;2.2250000e+02;2.2854938e-01;2.2250000e+02;2.1615170e-01;2.2250000e+02;1.8100978e-01;2.2250000e+02;1.3253447e-01;2.2250000e+02;8.1946641e-02;2.2250000e+02;3.6174729e-02;2.2250000e+02;-7.9174191e-03;2.2250000e+02;-1.8729921e-03;2.2250000e+02;1.0087288e-02;2.2250000e+02;2.7382942e-02;2.2250000e+02;4.9723372e-02;2.2250000e+02;7.4052058e-02;2.2250000e+02;9.7259954e-02;2.2250000e+02;1.1883686e-01;2.2250000e+02;1.3779750e-01;2.2250000e+02;1.5865502e-01;2.2250000e+02;1.8615317e-01;2.2250000e+02;2.1347974e-01;2.2250000e+02;2.2854938e-01;2.2250000e+02;2.1615170e-01;2.2250000e+02;1.8100978e-01;2.2250000e+02;1.3253447e-01;2.2250000e+02;8.1946641e-02;2.2250000e+02;3.6174729e-02;2.2250000e+02;-7.9174191e-03;2.2250000e+02;-1.8729921e-03;2.2250000e+02;1.0087288e-02;2.2250000e+02;2.7382942e-02;2.2250000e+02;4.9723372e-02;2.2250000e+02;7.4052058e-02;2.2250000e+02;9.7259954e-02;2.2250000e+02;1.1883686e-01;2.2250000e+02;1.3779750e-01;2.2250000e+02;1.5865502e-01;2.2250000e+02;1.8615317e-01;2.2250000e+02;2.1347974e-01;2.2250000e+02;2.2854938e-01;2.2250000e+02;2.1615170e-01;2.2250000e+02;1.8100978e-01;2.2250000e+02;1.3253447e-01;2.2250000e+02;8.1946641e-02;2.2250000e+02;3.6174729e-02;2.2250000e+02;-7.9174191e-03;2.2250000e+02;-1.8729921e-03;2.2250000e+02;1.0087288e-02;2.2250000e+02;2.7382942e-02;2.2250000e+02;4.9723372e-02;2.2250000e+02;7.4052058e-02;2.2250000e+02;9.7259954e-02;2.2250000e+02;1.1883686e-01;2.2250000e+02;1.3779750e-01;2.2250000e+02;1.5865502e-01;2.2250000e+02;1.8615317e-01;2.2250000e+02;2.1347974e-01;2.2250000e+02;2.2854938e-01;2.2250000e+02;2.1615170e-01;2.2250000e+02;1.8100978e-01;2.2250000e+02;1.3253447e-01;2.2250000e+02;8.1946641e-02;2.2250000e+02;3.6174729e-02;2.2250000e+02;-7.9174191e-03;2.2250000e+02;-1.8729921e-03;2.2250000e+02;1.0087288e-02;2.2250000e+02;2.7382942e-02;2.2250000e+02;4.9723372e-02;2.2250000e+02;7.4052058e-02;2.2250000e+02;9.7259954e-02;2.2250000e+02;1.1883686e-01;2.2250000e+02;1.3779750e-01;2.2250000e+02;1.5865502e-01;2.2250000e+02;1.8615317e-01;2.2250000e+02;2.1347974e-01;2.2250000e+02;2.2854938e-01;2.2250000e+02;2.1615170e-01;2.2250000e+02;1.8100978e-01;2.2250000e+02;1.3253447e-01;2.2250000e+02;8.1946641e-02;2.2250000e+02;3.6174729e-02;2.2250000e+02;-7.9174191e-03;2.2250000e+02;-1.8729921e-03;2.2250000e+02;1.0087288e-02;2.2250000e+02;2.7382942e-02;2.2250000e+02;4.9723372e-02;2.2250000e+02;7.4052058e-02;2.2250000e+02;9.7259954e-02;2.2250000e+02;1.1883686e-01;2.2250000e+02;1.3779750e-01;2.2250000e+02;1.5865502e-01;2.2250000e+02;1.8615317e-01;2.2250000e+02;2.1347974e-01;2.2250000e+02;2.2854938e-01;2.2250000e+02;2.1615170e-01;2.2250000e+02;1.8100978e-01;2.2250000e+02;1.3253447e-01;2.2250000e+02;8.1946641e-02;2.2250000e+02;3.6174729e-02;2.2250000e+02;-7.9174191e-03;2.2250000e+02;-1.8729921e-03;2.2250000e+02;1.0087288e-02;2.2250000e+02;2.7382942e-02;2.2250000e+02;4.9723372e-02;2.2250000e+02;7.4052058e-02;2.2250000e+02;9.7259954e-02;2.2250000e+02;1.1883686e-01;2.2250000e+02;1.3779750e-01;2.2250000e+02;1.5865502e-01;2.2250000e+02;1.8615317e-01;2.2250000e+02;2.1347974e-01;2.2250000e+02;2.2854938e-01;2.2250000e+02;2.1615170e-01;2.2250000e+02;1.8100978e-01;2.2250000e+02;1.3253447e-01;2.2250000e+02;8.1946641e-02;2.2250000e+02;3.6174729e-02;2.2250000e+02;-7.9174191e-03;2.2250000e+02;-1.8729921e-03;2.2250000e+02;1.0087288e-02;2.2250000e+02;2.7382942e-02;2.2250000e+02;4.9723372e-02;2.2250000e+02;7.4052058e-02;2.2250000e+02;9.7259954e-02;2.2250000e+02;1.1883686e-01;2.2250000e+02;1.3779750e-01;2.2250000e+02;1.5865502e-01;2.2250000e+02;1.8615317e-01;2.2250000e+02;2.1347974e-01;2.2250000e+02;2.2854938e-01;2.2250000e+02;2.1615170e-01;2.2250000e+02;1.8100978e-01;2.2250000e+02;1.3253447e-01;2.2250000e+02;8.1946641e-02;2.2250000e+02;3.6174729e-02;2.2250000e+02;-7.9174191e-03;2.2250000e+02;-1.8729921e-03;2.2250000e+02;1.0087288e-02;2.2250000e+02;2.7382942e-02;2.2250000e+02;4.9723372e-02;2.2250000e+02;7.4052058e-02;2.2250000e+02;9.7259954e-02;2.2250000e+02;1.1883686e-01;2.2250000e+02;1.3779750e-01;2.2250000e+02;1.5865502e-01;2.2250000e+02;1.8615317e-01;2.2250000e+02;2.1347974e-01;2.2250000e+02;2.2854938e-01;2.2250000e+02;2.1615170e-01;2.2250000e+02;1.8100978e-01;2.2250000e+02;1.3253447e-01;2.2250000e+02;8.1946641e-02;2.2250000e+02;3.6174729e-02;2.2250000e+02;-7.9174191e-03;2.2250000e+02;-1.8729921e-03;2.2250000e+02;1.0087288e-02;2.2250000e+02;2.7382942e-02;2.2250000e+02;4.9723372e-02;2.2250000e+02;7.4052058e-02;2.2250000e+02;9.7259954e-02;2.2250000e+02;1.1883686e-01;2.2250000e+02;1.3779750e-01;2.2250000e+02;1.5865502e-01;2.2250000e+02;1.8615317e-01;2.2250000e+02;2.1347974e-01;2.2250000e+02;2.2854938e-01;2.2250000e+02;2.1615170e-01;2.2250000e+02;1.8100978e-01;2.2250000e+02;1.3253447e-01;2.2250000e+02;8.1946641e-02;2.2250000e+02;3.6174729e-02;2.2250000e+02;-7.9174191e-03;2.2250000e+02;-1.8729921e-03;2.2250000e+02;1.0087288e-02;2.2250000e+02;2.7382942e-02;2.2250000e+02;4.9723372e-02;2.2250000e+02;7.4052058e-02;2.2250000e+02;9.7259954e-02;2.2250000e+02;1.1883686e-01;2.2250000e+02;1.3779750e-01;2.2250000e+02;1.5865502e-01;2.2250000e+02;1.8615317e-01;2.2250000e+02;2.1347974e-01;2.2250000e+02;2.2854938e-01;2.2250000e+02;2.1615170e-01;2.2250000e+02;1.8100978e-01;2.2250000e+02;1.3253447e-01;2.2250000e+02;8.1946641e-02;2.2250000e+02;3.6174729e-02;2.2250000e+02;-7.9174191e-03;2.2250000e+02;-1.8729921e-03;2.2250000e+02;1.0087288e-02;2.2250000e+02;2.7382942e-02;2.2250000e+02;4.9723372e-02;2.2250000e+02;7.4052058e-02;2.2250000e+02;9.7259954e-02;2.2250000e+02;1.1883686e-01;2.2250000e+02;1.3779750e-01;2.2250000e+02;1.5865502e-01;2.2250000e+02;1.8615317e-01;2.2250000e+02;2.1347974e-01;2.2250000e+02;2.2854938e-01;2.2250000e+02;2.1615170e-01;2.2250000e+02;1.8100978e-01;2.2250000e+02;1.3253447e-01;2.2250000e+02;8.1946641e-02;2.2250000e+02;3.6174729e-02;2.2250000e+02;-7.9174191e-03;2.2250000e+02;-1.8729921e-03;2.2250000e+02;1.0087288e-02;2.2250000e+02;2.7382942e-02;2.2250000e+02;4.9723372e-02;2.2250000e+02;7.4052058e-02;2.2250000e+02;9.7259954e-02;2.2250000e+02;1.1883686e-01;2.2250000e+02;1.3779750e-01;2.2250000e+02;1.5865502e-01;2.2250000e+02;1.8615317e-01;2.2250000e+02;2.1347974e-01;2.2250000e+02;2.2854938e-01;2.2250000e+02;2.1615170e-01;2.2250000e+02;1.8100978e-01;2.2250000e+02;1.3253447e-01;2.2250000e+02;8.1946641e-02;2.2250000e+02;3.6174729e-02;2.2250000e+02;-7.9174191e-03;2.2250000e+02;-1.8729921e-03;2.2250000e+02;1.0087288e-02;2.2250000e+02;2.7382942e-02;2.2250000e+02;4.9723372e-02;2.2250000e+02;7.4052058e-02;2.2250000e+02;9.7259954e-02;2.2250000e+02;1.1883686e-01;2.2250000e+02;1.3779750e-01;2.2250000e+02;1.5865502e-01;2.2250000e+02;1.8615317e-01;2.2250000e+02;2.1347974e-01;2.2250000e+02;2.2854938e-01;2.2250000e+02;2.1615170e-01;2.2250000e+02;1.8100978e-01;2.2250000e+02;1.3253447e-01;2.2250000e+02;8.1946641e-02;2.2250000e+02;3.6174729e-02;2.2250000e+02;-7.9174191e-03;2.2250000e+02;-1.8729921e-03;2.2250000e+02;1.0087288e-02;2.2250000e+02;2.7382942e-02;2.2250000e+02;4.9723372e-02;2.2250000e+02;7.4052058e-02;2.2250000e+02;9.7259954e-02;2.2250000e+02;1.1883686e-01;2.2250000e+02;1.3779750e-01;2.2250000e+02;1.5865502e-01;2.2250000e+02;1.8615317e-01;2.2250000e+02;2.1347974e-01;2.2250000e+02;2.2854938e-01;2.2250000e+02;2.1615170e-01;2.2250000e+02;1.8100978e-01;2.2250000e+02;1.3253447e-01;2.2250000e+02;8.1946641e-02;2.2250000e+02;3.6174729e-02;2.2250000e+02;-7.9174191e-03;2.2250000e+02;-1.8729921e-03;2.2250000e+02;1.0087288e-02;2.2250000e+02;2.7382942e-02;2.2250000e+02;4.9723372e-02;2.2250000e+02;7.4052058e-02;2.2250000e+02;9.7259954e-02;2.2250000e+02;1.1883686e-01;2.2250000e+02;1.3779750e-01;2.2250000e+02;1.5865502e-01;2.2250000e+02;1.8615317e-01;2.2250000e+02;2.1347974e-01;2.2250000e+02;2.2854938e-01;2.2250000e+02;2.1615170e-01;2.2250000e+02;1.8100978e-01;2.2250000e+02;1.3253447e-01;2.2250000e+02;8.1946641e-02;2.2250000e+02;3.6174729e-02;2.2250000e+02;-7.9174191e-03;2.2250000e+02;-1.8729921e-03;2.2250000e+02;1.0087288e-02;2.2250000e+02;2.7382942e-02;2.2250000e+02;4.9723372e-02;2.2250000e+02;7.4052058e-02;2.2250000e+02;9.7259954e-02;2.2250000e+02;1.1883686e-01;2.2250000e+02;1.3779750e-01;2.2250000e+02;1.5865502e-01;2.2250000e+02;1.8615317e-01;2.2250000e+02;2.1347974e-01;2.2250000e+02;2.2854938e-01;2.2250000e+02;2.1615170e-01;2.2250000e+02;1.8100978e-01;2.2250000e+02;1.3253447e-01;2.2250000e+02;8.1946641e-02;2.2250000e+02;3.6174729e-02;2.2250000e+02;-7.9174191e-03;2.2250000e+02;-1.8729921e-03;2.2250000e+02;1.0087288e-02;2.2250000e+02;2.7382942e-02;2.2250000e+02;4.9723372e-02;2.2250000e+02;7.4052058e-02;2.2250000e+02;9.7259954e-02;2.2250000e+02;1.1883686e-01;2.2250000e+02;1.3779750e-01;2.2250000e+02;1.5865502e-01;2.2250000e+02;1.8615317e-01;2.2250000e+02;2.1347974e-01;2.2250000e+02;2.2854938e-01;2.2250000e+02;2.1615170e-01;2.2250000e+02;1.8100978e-01;2.2250000e+02;1.3253447e-01;2.2250000e+02;8.1946641e-02;2.2250000e+02;3.6174729e-02;2.2250000e+02;-7.9174191e-03;2.2250000e+02;-1.8729921e-03;2.2250000e+02;1.0087288e-02;2.2250000e+02;2.7382942e-02;2.2250000e+02;4.9723372e-02;2.2250000e+02;7.4052058e-02;2.2250000e+02;9.7259954e-02;2.2250000e+02;1.1883686e-01;2.2250000e+02;1.3779750e-01;2.2250000e+02;1.5865502e-01;2.2250000e+02;1.8615317e-01;2.2250000e+02;2.1347974e-01;2.2250000e+02;2.2854938e-01;2.2250000e+02;2.1615170e-01;2.2250000e+02;1.8100978e-01;2.2250000e+02;1.3253447e-01;2.2250000e+02;8.1946641e-02;2.2250000e+02;3.6174729e-02;2.2250000e+02;-7.9174191e-03;2.2250000e+02;-1.8729921e-03;2.2250000e+02;1.0087288e-02;2.2250000e+02;2.7382942e-02;2.2250000e+02;4.9723372e-02;2.2250000e+02;7.4052058e-02;2.2250000e+02;9.7259954e-02;2.2250000e+02;1.1883686e-01;2.2250000e+02;1.3779750e-01;2.2250000e+02;1.5865502e-01;2.2250000e+02;1.8615317e-01;2.2250000e+02;2.1347974e-01;2.2250000e+02;2.2854938e-01;2.2250000e+02;2.1615170e-01;2.2250000e+02;1.8100978e-01;2.2250000e+02;1.3253447e-01;2.2250000e+02;8.1946641e-02;2.2250000e+02;3.6174729e-02;2.2250000e+02;-7.9174191e-03;2.2250000e+02;-1.8729921e-03;2.2250000e+02;1.0087288e-02;2.2250000e+02;2.7382942e-02;2.2250000e+02;4.9723372e-02;2.2250000e+02;7.4052058e-02;2.2250000e+02;9.7259954e-02;2.2250000e+02;1.1883686e-01;2.2250000e+02;1.3779750e-01;2.2250000e+02;1.5865502e-01;2.2250000e+02;1.8615317e-01;2.2250000e+02;2.1347974e-01;2.2250000e+02;2.2854938e-01;2.2250000e+02;2.1615170e-01;2.2250000e+02;1.8100978e-01;2.2250000e+02;1.3253447e-01;2.2250000e+02;8.1946641e-02;2.2250000e+02;3.6174729e-02;2.2250000e+02;-7.9174191e-03;2.2250000e+02;-1.8729921e-03;2.2250000e+02;1.0087288e-02;2.2250000e+02;2.7382942e-02;2.2250000e+02;4.9723372e-02;2.2250000e+02;7.4052058e-02;2.2250000e+02;9.7259954e-02;2.2250000e+02;1.1883686e-01;2.2250000e+02;1.3779750e-01;2.2250000e+02;1.5865502e-01;2.2250000e+02;1.8615317e-01;2.2250000e+02;2.1347974e-01;2.2250000e+02;2.2854938e-01;2.2250000e+02;2.1615170e-01;2.2250000e+02;1.8100978e-01;2.2250000e+02;1.3253447e-01;2.2250000e+02;8.1946641e-02;2.2250000e+02;3.6174729e-02;2.2250000e+02;-7.9174191e-03;2.2250000e+02;-1.8729921e-03;2.2250000e+02;1.0087288e-02;2.2250000e+02;2.7382942e-02;2.2250000e+02;4.9723372e-02;2.2250000e+02;7.4052058e-02;2.2250000e+02;9.7259954e-02;2.2250000e+02;1.1883686e-01;2.2250000e+02;1.3779750e-01;2.2250000e+02;1.5865502e-01;2.2250000e+02;1.8615317e-01;2.2250000e+02;2.1347974e-01;2.2250000e+02;2.2854938e-01;2.2250000e+02;2.1615170e-01;2.2250000e+02;1.8100978e-01;2.2250000e+02;1.3253447e-01;2.2250000e+02;8.1946641e-02;2.2250000e+02;3.6174729e-02;2.2250000e+02;-7.9174191e-03;2.2250000e+02;-1.8729921e-03;2.2250000e+02;1.0087288e-02;2.2250000e+02;2.7382942e-02;2.2250000e+02;4.9723372e-02;2.2250000e+02;7.4052058e-02;2.2250000e+02;9.7259954e-02;2.2250000e+02;1.1883686e-01;2.2250000e+02;1.3779750e-01;2.2250000e+02;1.5865502e-01;2.2250000e+02;1.8615317e-01;2.2250000e+02;2.1347974e-01;2.2250000e+02;2.2854938e-01;2.2250000e+02;2.1615170e-01;2.2250000e+02;1.8100978e-01;2.2250000e+02;1.3253447e-01;2.2250000e+02;8.1946641e-02;2.2250000e+02;3.6174729e-02;2.2250000e+02;-7.9174191e-03;2.2250000e+02;-1.8729921e-03;2.2250000e+02;1.0087288e-02;2.2250000e+02;2.7382942e-02;2.2250000e+02;4.9723372e-02;2.2250000e+02;7.4052058e-02;2.2250000e+02;9.7259954e-02;2.2250000e+02;1.1883686e-01;2.2250000e+02;1.3779750e-01;2.2250000e+02;1.5865502e-01;2.2250000e+02;1.8615317e-01;2.2250000e+02;2.1347974e-01;2.2250000e+02;2.2854938e-01;2.2250000e+02;2.1615170e-01;2.2250000e+02;1.8100978e-01;2.2250000e+02;1.3253447e-01;2.2250000e+02;8.1946641e-02;2.2250000e+02;3.6174729e-02;2.2250000e+02;-7.9174191e-03;2.2250000e+02;-1.8729921e-03;2.2250000e+02;1.0087288e-02;2.2250000e+02;2.7382942e-02;2.2250000e+02;4.9723372e-02;2.2250000e+02;7.4052058e-02;2.2250000e+02;9.7259954e-02;2.2250000e+02;1.1883686e-01;2.2250000e+02;1.3779750e-01;2.2250000e+02;1.5865502e-01;2.2250000e+02;1.8615317e-01;2.2250000e+02;2.1347974e-01;2.2250000e+02;2.2854938e-01;2.2250000e+02;2.1615170e-01;2.2250000e+02;1.8100978e-01;2.2250000e+02;1.3253447e-01;2.2250000e+02;8.1946641e-02;2.2250000e+02;3.6174729e-02;2.2250000e+02;-7.9174191e-03;2.2250000e+02;-1.8729921e-03;2.2250000e+02;1.0087288e-02;2.2250000e+02;2.7382942e-02;2.2250000e+02;4.9723372e-02;2.2250000e+02;7.4052058e-02;2.2250000e+02;9.7259954e-02;2.2250000e+02;1.1883686e-01;2.2250000e+02;1.3779750e-01;2.2250000e+02;1.5865502e-01;2.2250000e+02;1.8615317e-01;2.2250000e+02;2.1347974e-01;2.2250000e+02;2.2854938e-01;2.2250000e+02;2.1615170e-01;2.2250000e+02;1.8100978e-01;2.2250000e+02;1.3253447e-01;2.2250000e+02;8.1946641e-02;2.2250000e+02;3.6174729e-02;2.2250000e+02;-7.9174191e-03;2.2250000e+02;-1.8729921e-03;2.2250000e+02;1.0087288e-02;2.2250000e+02;2.7382942e-02;2.2250000e+02;4.9723372e-02;2.2250000e+02;7.4052058e-02;2.2250000e+02;9.7259954e-02;2.2250000e+02;1.1883686e-01;2.2250000e+02;1.3779750e-01;2.2250000e+02;1.5865502e-01;2.2250000e+02;1.8615317e-01;2.2250000e+02;2.1347974e-01;2.2250000e+02;2.2854938e-01;2.2250000e+02;2.1615170e-01;2.2250000e+02;1.8100978e-01;2.2250000e+02;1.3253447e-01;2.2250000e+02;8.1946641e-02;2.2250000e+02;3.6174729e-02;2.2250000e+02;-7.9174191e-03;2.2250000e+02;-1.8729921e-03;2.2250000e+02;1.0087288e-02;2.2250000e+02;2.7382942e-02;2.2250000e+02;4.9723372e-02;2.2250000e+02;7.4052058e-02;2.2250000e+02;9.7259954e-02;2.2250000e+02;1.1883686e-01;2.2250000e+02;1.3779750e-01;2.2250000e+02;1.5865502e-01;2.2250000e+02;1.8615317e-01;2.2250000e+02;2.1347974e-01;2.2250000e+02;2.2854938e-01;2.2250000e+02;2.1615170e-01;2.2250000e+02;1.8100978e-01;2.2250000e+02;1.3253447e-01;2.2250000e+02;8.1946641e-02;2.2250000e+02;3.6174729e-02;2.2250000e+02;-7.9174191e-03;2.2250000e+02;-1.8729921e-03;2.2250000e+02;1.0087288e-02;2.2250000e+02;2.7382942e-02;2.2250000e+02;4.9723372e-02;2.2250000e+02;7.4052058e-02;2.2250000e+02;9.7259954e-02;2.2250000e+02;1.1883686e-01;2.2250000e+02;1.3779750e-01;2.2250000e+02;1.5865502e-01;2.2250000e+02;1.8615317e-01;2.2250000e+02;2.1347974e-01;2.2250000e+02;2.2854938e-01;2.2250000e+02;2.1615170e-01;2.2250000e+02;1.8100978e-01;2.2250000e+02;1.3253447e-01;2.2250000e+02;8.1946641e-02;2.2250000e+02;3.6174729e-02;2.2250000e+02;-7.9174191e-03;2.2250000e+02;-1.8729921e-03;2.2250000e+02;1.0087288e-02;2.2250000e+02;2.7382942e-02;2.2250000e+02;4.9723372e-02;2.2250000e+02;7.4052058e-02;2.2250000e+02;9.7259954e-02;2.2250000e+02;1.1883686e-01;2.2250000e+02;1.3779750e-01;2.2250000e+02;1.5865502e-01;2.2250000e+02;1.8615317e-01;2.2250000e+02;2.1347974e-01;2.2250000e+02;2.2854938e-01;2.2250000e+02;2.1615170e-01;2.2250000e+02;1.8100978e-01;2.2250000e+02;1.3253447e-01;2.2250000e+02;8.1946641e-02;2.2250000e+02;3.6174729e-02;2.2250000e+02;-7.9174191e-03;2.2250000e+02;-1.8729921e-03;2.2250000e+02;1.0087288e-02;2.2250000e+02;2.7382942e-02;2.2250000e+02;4.9723372e-02;2.2250000e+02;7.4052058e-02;2.2250000e+02;9.7259954e-02;2.2250000e+02;1.1883686e-01;2.2250000e+02;1.3779750e-01;2.2250000e+02;1.5865502e-01;2.2250000e+02;1.8615317e-01;2.2250000e+02;2.1347974e-01;2.2250000e+02;2.2854938e-01;2.2250000e+02;2.1615170e-01;2.2250000e+02;1.8100978e-01;2.2250000e+02;1.3253447e-01;2.2250000e+02;8.1946641e-02;2.2250000e+02;3.6174729e-02;2.2250000e+02;-7.9174191e-03;2.2250000e+02;-1.8729921e-03;2.2250000e+02;1.0087288e-02;2.2250000e+02;2.7382942e-02;2.2250000e+02;4.9723372e-02;2.2250000e+02;7.4052058e-02;2.2250000e+02;9.7259954e-02;2.2250000e+02;1.1883686e-01;2.2250000e+02;1.3779750e-01;2.2250000e+02;1.5865502e-01;2.2250000e+02;1.8615317e-01;2.2250000e+02;2.1347974e-01;2.2250000e+02;2.2854938e-01;2.2250000e+02;2.1615170e-01;2.2250000e+02;1.8100978e-01;2.2250000e+02;1.3253447e-01;2.2250000e+02;8.1946641e-02;2.2250000e+02;3.6174729e-02;2.2250000e+02;-7.9174191e-03;2.2250000e+02;-1.8729921e-03;2.2250000e+02;1.0087288e-02;2.2250000e+02;2.7382942e-02;2.2250000e+02;4.9723372e-02;2.2250000e+02;7.4052058e-02;2.2250000e+02;9.7259954e-02;2.2250000e+02;1.1883686e-01;2.2250000e+02;1.3779750e-01;2.2250000e+02;1.5865502e-01;2.2250000e+02;1.8615317e-01;2.2250000e+02;2.1347974e-01;2.2250000e+02;2.2854938e-01;2.2250000e+02;2.1615170e-01;2.2250000e+02;1.8100978e-01;2.2250000e+02;1.3253447e-01;2.2250000e+02;8.1946641e-02;2.2250000e+02;3.6174729e-02;2.2250000e+02;-7.9174191e-03;2.2250000e+02;-1.8729921e-03;2.2250000e+02;1.0087288e-02;2.2250000e+02;2.7382942e-02;2.2250000e+02;4.9723372e-02;2.2250000e+02;7.4052058e-02;2.2250000e+02;9.7259954e-02;2.2250000e+02;1.1883686e-01;2.2250000e+02;1.3779750e-01;2.2250000e+02;1.5865502e-01;2.2250000e+02;1.8615317e-01;2.2250000e+02;2.1347974e-01;2.2250000e+02;2.2854938e-01;2.2250000e+02;2.1615170e-01;2.2250000e+02;1.8100978e-01;2.2250000e+02;1.3253447e-01;2.2250000e+02;8.1946641e-02;2.2250000e+02;3.6174729e-02;2.2250000e+02;-7.9174191e-03;2.2250000e+02;-1.8729921e-03;2.2250000e+02;1.0087288e-02;2.2250000e+02;2.7382942e-02;2.2250000e+02;4.9723372e-02;2.2250000e+02;7.4052058e-02;2.2250000e+02;9.7259954e-02;2.2250000e+02;1.1883686e-01;2.2250000e+02;1.3779750e-01;2.2250000e+02;1.5865502e-01;2.2250000e+02;1.8615317e-01;2.2250000e+02;2.1347974e-01;2.2250000e+02;2.2854938e-01;2.2250000e+02;2.1615170e-01;2.2250000e+02;1.8100978e-01;2.2250000e+02;1.3253447e-01;2.2250000e+02;8.1946641e-02;2.2250000e+02;3.6174729e-02;2.2250000e+02;-7.9174191e-03;2.2250000e+02;-1.8729921e-03;2.2250000e+02;1.0087288e-02;2.2250000e+02;2.7382942e-02;2.2250000e+02;4.9723372e-02;2.2250000e+02;7.4052058e-02;2.2250000e+02;9.7259954e-02;2.2250000e+02;1.1883686e-01;2.2250000e+02;1.3779750e-01;2.2250000e+02;1.5865502e-01;2.2250000e+02;1.8615317e-01;2.2250000e+02;2.1347974e-01;2.2250000e+02;2.2854938e-01;2.2250000e+02;2.1615170e-01;2.2250000e+02;1.8100978e-01;2.2250000e+02;1.3253447e-01;2.2250000e+02;8.1946641e-02;2.2250000e+02;3.6174729e-02;2.2250000e+02;-7.9174191e-03;2.2250000e+02;-1.8729921e-03;2.2250000e+02;1.0087288e-02;2.2250000e+02;2.7382942e-02;2.2250000e+02;4.9723372e-02;2.2250000e+02;7.4052058e-02;2.2250000e+02;9.7259954e-02;2.2250000e+02;1.1883686e-01;2.2250000e+02;1.3779750e-01;2.2250000e+02;1.5865502e-01;2.2250000e+02;1.8615317e-01;2.2250000e+02;2.1347974e-01;2.2250000e+02;2.2854938e-01;2.2250000e+02;2.1615170e-01;2.2250000e+02;1.8100978e-01;2.2250000e+02;1.3253447e-01;2.2250000e+02;8.1946641e-02;2.2250000e+02;3.6174729e-02;2.2250000e+02;-7.9174191e-03;2.2250000e+02;-1.8729921e-03;2.2250000e+02;1.0087288e-02;2.2250000e+02;2.7382942e-02;2.2250000e+02;4.9723372e-02;2.2250000e+02;7.4052058e-02;2.2250000e+02;9.7259954e-02;2.2250000e+02;1.1883686e-01;2.2250000e+02;1.3779750e-01;2.2250000e+02;1.5865502e-01;2.2250000e+02;1.8615317e-01;2.2250000e+02;2.1347974e-01;2.2250000e+02;2.2854938e-01;2.2250000e+02;2.1615170e-01;2.2250000e+02;1.8100978e-01;2.2250000e+02;1.3253447e-01;2.2250000e+02;8.1946641e-02;2.2250000e+02;3.6174729e-02;2.2250000e+02;-7.9174191e-03;2.2250000e+02;-1.8729921e-03;2.2250000e+02;1.0087288e-02;2.2250000e+02;2.7382942e-02;2.2250000e+02;4.9723372e-02;2.2250000e+02;7.4052058e-02;2.2250000e+02;9.7259954e-02;2.2250000e+02;1.1883686e-01;2.2250000e+02;1.3779750e-01;2.2250000e+02;1.5865502e-01;2.2250000e+02;1.8615317e-01;2.2250000e+02;2.1347974e-01;2.2250000e+02;2.2854938e-01;2.2250000e+02;2.1615170e-01;2.2250000e+02;1.8100978e-01;2.2250000e+02;1.3253447e-01;2.2250000e+02;8.1946641e-02;2.2250000e+02;3.6174729e-02;2.2250000e+02;-7.9174191e-03;2.2250000e+02;-1.8729921e-03;2.2250000e+02;1.0087288e-02;2.2250000e+02;2.7382942e-02;2.2250000e+02;4.9723372e-02;2.2250000e+02;7.4052058e-02;2.2250000e+02;9.7259954e-02;2.2250000e+02;1.1883686e-01;2.2250000e+02;1.3779750e-01;2.2250000e+02;1.5865502e-01;2.2250000e+02;1.8615317e-01;2.2250000e+02;2.1347974e-01;2.2250000e+02;2.2854938e-01;2.2250000e+02;2.1615170e-01;2.2250000e+02;1.8100978e-01;2.2250000e+02;1.3253447e-01;2.2250000e+02;8.1946641e-02;2.2250000e+02;3.6174729e-02;2.2250000e+02;-7.9174191e-03;2.2250000e+02;-1.8729921e-03;2.2250000e+02;1.0087288e-02;2.2250000e+02;2.7382942e-02;2.2250000e+02;4.9723372e-02;2.2250000e+02;7.4052058e-02;2.2250000e+02;9.7259954e-02;2.2250000e+02;1.1883686e-01;2.2250000e+02;1.3779750e-01;2.2250000e+02;1.5865502e-01;2.2250000e+02;1.8615317e-01;2.2250000e+02;2.1347974e-01;2.2250000e+02;2.2854938e-01;2.2250000e+02;2.1615170e-01;2.2250000e+02;1.8100978e-01;2.2250000e+02;1.3253447e-01;2.2250000e+02;8.1946641e-02;2.2250000e+02;3.6174729e-02;2.2250000e+02;-7.9174191e-03;2.2250000e+02;-1.8729921e-03;2.2250000e+02;1.0087288e-02;2.2250000e+02;2.7382942e-02;2.2250000e+02;4.9723372e-02;2.2250000e+02;7.4052058e-02;2.2250000e+02;9.7259954e-02;2.2250000e+02;1.1883686e-01;2.2250000e+02;1.3779750e-01;2.2250000e+02;1.5865502e-01;2.2250000e+02;1.8615317e-01;2.2250000e+02;2.1347974e-01;2.2250000e+02;2.2854938e-01;2.2250000e+02;2.1615170e-01;2.2250000e+02;1.8100978e-01;2.2250000e+02;1.3253447e-01;2.2250000e+02;8.1946641e-02;2.2250000e+02;3.6174729e-02;2.2250000e+02;-7.9174191e-03;2.2250000e+02;-1.8729921e-03;2.2250000e+02;1.0087288e-02;2.2250000e+02;2.7382942e-02;2.2250000e+02;4.9723372e-02;2.2250000e+02;7.4052058e-02;2.2250000e+02;9.7259954e-02;2.2250000e+02;1.1883686e-01;2.2250000e+02;1.3779750e-01;2.2250000e+02;1.5865502e-01;2.2250000e+02;1.8615317e-01;2.2250000e+02;2.1347974e-01;2.2250000e+02;2.2854938e-01;2.2250000e+02;2.1615170e-01;2.2250000e+02;1.8100978e-01;2.2250000e+02;1.3253447e-01;2.2250000e+02;8.1946641e-02;2.2250000e+02;3.6174729e-02;2.2250000e+02;-7.9174191e-03;2.2250000e+02;-1.8729921e-03;2.2250000e+02;1.0087288e-02;2.2250000e+02;2.7382942e-02;2.2250000e+02;4.9723372e-02;2.2250000e+02;7.4052058e-02;2.2250000e+02;9.7259954e-02;2.2250000e+02;1.1883686e-01;2.2250000e+02;1.3779750e-01;2.2250000e+02;1.5865502e-01;2.2250000e+02;1.8615317e-01;2.2250000e+02;2.1347974e-01;2.2250000e+02;2.2854938e-01;2.2250000e+02;2.1615170e-01;2.2250000e+02;1.8100978e-01;2.2250000e+02;1.3253447e-01;2.2250000e+02;8.1946641e-02;2.2250000e+02;3.6174729e-02;2.2250000e+02;-7.9174191e-03;2.2250000e+02;-1.8729921e-03;2.2250000e+02;1.0087288e-02;2.2250000e+02;2.7382942e-02;2.2250000e+02;4.9723372e-02;2.2250000e+02;7.4052058e-02;2.2250000e+02;9.7259954e-02;2.2250000e+02;1.1883686e-01;2.2250000e+02;1.3779750e-01;2.2250000e+02;1.5865502e-01;2.2250000e+02;1.8615317e-01;2.2250000e+02;2.1347974e-01;2.2250000e+02;2.2854938e-01;2.2250000e+02;2.1615170e-01;2.2250000e+02;1.8100978e-01;2.2250000e+02;1.3253447e-01;2.2250000e+02;8.1946641e-02;2.2250000e+02;3.6174729e-02;2.2250000e+02;-7.9174191e-03;2.2250000e+02;-1.8729921e-03;2.2250000e+02;1.0087288e-02;2.2250000e+02;2.7382942e-02;2.2250000e+02;4.9723372e-02;2.2250000e+02;7.4052058e-02;2.2250000e+02;9.7259954e-02;2.2250000e+02;1.1883686e-01;2.2250000e+02;1.3779750e-01;2.2250000e+02;1.5865502e-01;2.2250000e+02;1.8615317e-01;2.2250000e+02;2.1347974e-01;2.2250000e+02;2.2854938e-01;2.2250000e+02;2.1615170e-01;2.2250000e+02;1.8100978e-01;2.2250000e+02;1.3253447e-01;2.2250000e+02;8.1946641e-02;2.2250000e+02;3.6174729e-02;2.2250000e+02;-7.9174191e-03;2.2250000e+02;-1.8729921e-03;2.2250000e+02;1.0087288e-02;2.2250000e+02;2.7382942e-02;2.2250000e+02;4.9723372e-02;2.2250000e+02;7.4052058e-02;2.2250000e+02;9.7259954e-02;2.2250000e+02;1.1883686e-01;2.2250000e+02;1.3779750e-01;2.2250000e+02;1.5865502e-01;2.2250000e+02;1.8615317e-01;2.2250000e+02;2.1347974e-01;2.2250000e+02;2.2854938e-01;2.2250000e+02;2.1615170e-01;2.2250000e+02;1.8100978e-01;2.2250000e+02;1.3253447e-01;2.2250000e+02;8.1946641e-02;2.2250000e+02;3.6174729e-02;2.2250000e+02;-7.9174191e-03;2.2250000e+02;-1.8729921e-03;2.2250000e+02;1.0087288e-02;2.2250000e+02;2.7382942e-02;2.2250000e+02;4.9723372e-02;2.2250000e+02;7.4052058e-02;2.2250000e+02;9.7259954e-02;2.2250000e+02;1.1883686e-01;2.2250000e+02;1.3779750e-01;2.2250000e+02;1.5865502e-01;2.2250000e+02;1.8615317e-01;2.2250000e+02;2.1347974e-01;2.2250000e+02;2.2854938e-01;2.2250000e+02;2.1615170e-01;2.2250000e+02;1.8100978e-01;2.2250000e+02;1.3253447e-01;2.2250000e+02;8.1946641e-02;2.2250000e+02;3.6174729e-02;2.2250000e+02;-7.9174191e-03;2.2250000e+02;-1.8729921e-03;2.2250000e+02;1.0087288e-02;2.2250000e+02;2.7382942e-02;2.2250000e+02;4.9723372e-02;2.2250000e+02;7.4052058e-02;2.2250000e+02;9.7259954e-02;2.2250000e+02;1.1883686e-01;2.2250000e+02;1.3779750e-01;2.2250000e+02;1.5865502e-01;2.2250000e+02;1.8615317e-01;2.2250000e+02;2.1347974e-01;2.2250000e+02;2.2854938e-01;2.2250000e+02;2.1615170e-01;2.2250000e+02;1.8100978e-01;2.2250000e+02;1.3253447e-01;2.2250000e+02;8.1946641e-02;2.2250000e+02;3.6174729e-02;2.2250000e+02;-7.9174191e-03;2.2250000e+02;-1.8729921e-03;2.2250000e+02;1.0087288e-02;2.2250000e+02;2.7382942e-02;2.2250000e+02;4.9723372e-02;2.2250000e+02;7.4052058e-02;2.2250000e+02;9.7259954e-02;2.2250000e+02;1.1883686e-01;2.2250000e+02;1.3779750e-01;2.2250000e+02;1.5865502e-01;2.2250000e+02;1.8615317e-01;2.2250000e+02;2.1347974e-01;2.2250000e+02;2.2854938e-01;2.2250000e+02;2.1615170e-01;2.2250000e+02;1.8100978e-01;2.2250000e+02;1.3253447e-01;2.2250000e+02;8.1946641e-02;2.2250000e+02;3.6174729e-02;2.2250000e+02;-7.9174191e-03;2.2250000e+02;-1.8729921e-03;2.2250000e+02;1.0087288e-02;2.2250000e+02;2.7382942e-02;2.2250000e+02;4.9723372e-02;2.2250000e+02;7.4052058e-02;2.2250000e+02;9.7259954e-02;2.2250000e+02;1.1883686e-01;2.2250000e+02;1.3779750e-01;2.2250000e+02;1.5865502e-01;2.2250000e+02;1.8615317e-01;2.2250000e+02;2.1347974e-01;2.2250000e+02;2.2854938e-01;2.2250000e+02;2.1615170e-01;2.2250000e+02;1.8100978e-01;2.2250000e+02;1.3253447e-01;2.2250000e+02;8.1946641e-02;2.2250000e+02;3.6174729e-02;2.2250000e+02;-7.9174191e-03;2.2250000e+02;-1.8729921e-03;2.2250000e+02;1.0087288e-02;2.2250000e+02;2.7382942e-02;2.2250000e+02;4.9723372e-02;2.2250000e+02;7.4052058e-02;2.2250000e+02;9.7259954e-02;2.2250000e+02;1.1883686e-01;2.2250000e+02;1.3779750e-01;2.2250000e+02;1.5865502e-01;2.2250000e+02;1.8615317e-01;2.2250000e+02;2.1347974e-01;2.2250000e+02;2.2854938e-01;2.2250000e+02;2.1615170e-01;2.2250000e+02;1.8100978e-01;2.2250000e+02;1.3253447e-01;2.2250000e+02;8.1946641e-02;2.2250000e+02;3.6174729e-02;2.2250000e+02;-7.9174191e-03;2.2250000e+02;-1.8729921e-03;2.2250000e+02;1.0087288e-02;2.2250000e+02;2.7382942e-02;2.2250000e+02;4.9723372e-02;2.2250000e+02;7.4052058e-02;2.2250000e+02;9.7259954e-02;2.2250000e+02;1.1883686e-01;2.2250000e+02;1.3779750e-01;2.2250000e+02;1.5865502e-01;2.2250000e+02;1.8615317e-01;2.2250000e+02;2.1347974e-01;2.2250000e+02;2.2854938e-01;2.2250000e+02;2.1615170e-01;2.2250000e+02;1.8100978e-01;2.2250000e+02;1.3253447e-01;2.2250000e+02;8.1946641e-02;2.2250000e+02;3.6174729e-02;2.2250000e+02;-7.9174191e-03;2.2250000e+02;-1.8729921e-03;2.2250000e+02;1.0087288e-02;2.2250000e+02;2.7382942e-02;2.2250000e+02;4.9723372e-02;2.2250000e+02;7.4052058e-02;2.2250000e+02;9.7259954e-02;2.2250000e+02;1.1883686e-01;2.2250000e+02;1.3779750e-01;2.2250000e+02;1.5865502e-01;2.2250000e+02;1.8615317e-01;2.2250000e+02;2.1347974e-01;2.2250000e+02;2.2854938e-01;2.2250000e+02;2.1615170e-01;2.2250000e+02;1.8100978e-01;2.2250000e+02;1.3253447e-01;2.2250000e+02;8.1946641e-02;2.2250000e+02;3.6174729e-02;2.2250000e+02;-7.9174191e-03;2.2250000e+02;-1.8729921e-03;2.2250000e+02;1.0087288e-02;2.2250000e+02;2.7382942e-02;2.2250000e+02;4.9723372e-02;2.2250000e+02;7.4052058e-02;2.2250000e+02;9.7259954e-02;2.2250000e+02;1.1883686e-01;2.2250000e+02;1.3779750e-01;2.2250000e+02;1.5865502e-01;2.2250000e+02;1.8615317e-01;2.2250000e+02;2.1347974e-01;2.2250000e+02;2.2854938e-01;2.2250000e+02;2.1615170e-01;2.2250000e+02;1.8100978e-01;2.2250000e+02;1.3253447e-01;2.2250000e+02;8.1946641e-02;2.2250000e+02;3.6174729e-02;2.2250000e+02;-7.9174191e-03;2.2250000e+02;-1.8729921e-03;2.2250000e+02;1.0087288e-02;2.2250000e+02;2.7382942e-02;2.2250000e+02;4.9723372e-02;2.2250000e+02;7.4052058e-02;2.2250000e+02;9.7259954e-02;2.2250000e+02;1.1883686e-01;2.2250000e+02;1.3779750e-01;2.2250000e+02;1.5865502e-01;2.2250000e+02;1.8615317e-01;2.2250000e+02;2.1347974e-01;2.2250000e+02;2.2854938e-01;2.2250000e+02;2.1615170e-01;2.2250000e+02;1.8100978e-01;2.2250000e+02;1.3253447e-01;2.2250000e+02;8.1946641e-02;2.2250000e+02;3.6174729e-02;2.2250000e+02;-7.9174191e-03;2.2250000e+02;-1.8729921e-03;2.2250000e+02;1.0087288e-02;2.2250000e+02;2.7382942e-02;2.2250000e+02;4.9723372e-02;2.2250000e+02;7.4052058e-02;2.2250000e+02;9.7259954e-02;2.2250000e+02;1.1883686e-01;2.2250000e+02;1.3779750e-01;2.2250000e+02;1.5865502e-01;2.2250000e+02;1.8615317e-01;2.2250000e+02;2.1347974e-01;2.2250000e+02;2.2854938e-01;2.2250000e+02;2.1615170e-01;2.2250000e+02;1.8100978e-01;2.2250000e+02;1.3253447e-01;2.2250000e+02;8.1946641e-02;2.2250000e+02;3.6174729e-02;2.2250000e+02;-7.9174191e-03;2.2250000e+02;-1.8729921e-03;2.2250000e+02;1.0087288e-02;2.2250000e+02;2.7382942e-02;2.2250000e+02;4.9723372e-02;2.2250000e+02;7.4052058e-02;2.2250000e+02;9.7259954e-02;2.2250000e+02;1.1883686e-01;2.2250000e+02;1.3779750e-01;2.2250000e+02;1.5865502e-01;2.2250000e+02;1.8615317e-01;2.2250000e+02;2.1347974e-01;2.2250000e+02;2.2854938e-01;2.2250000e+02;2.1615170e-01;2.2250000e+02;1.8100978e-01;2.2250000e+02;1.3253447e-01;2.2250000e+02;8.1946641e-02;2.2250000e+02;3.6174729e-02;2.2250000e+02;-7.9174191e-03;2.2250000e+02;-1.8729921e-03;2.2250000e+02;1.0087288e-02;2.2250000e+02;2.7382942e-02;2.2250000e+02;4.9723372e-02;2.2250000e+02;7.4052058e-02;2.2250000e+02;9.7259954e-02;2.2250000e+02;1.1883686e-01;2.2250000e+02;1.3779750e-01;2.2250000e+02;1.5865502e-01;2.2250000e+02;1.8615317e-01;2.2250000e+02;2.1347974e-01;2.2250000e+02;2.2854938e-01;2.2250000e+02;2.1615170e-01;2.2250000e+02;1.8100978e-01;2.2250000e+02;1.3253447e-01;2.2250000e+02;8.1946641e-02;2.2250000e+02;3.6174729e-02;2.2250000e+02;-7.9174191e-03;2.2250000e+02;-1.8729921e-03;2.2250000e+02;1.0087288e-02;2.2250000e+02;2.7382942e-02;2.2250000e+02;4.9723372e-02;2.2250000e+02;7.4052058e-02;2.2250000e+02;9.7259954e-02;2.2250000e+02;1.1883686e-01;2.2250000e+02;1.3779750e-01;2.2250000e+02;1.5865502e-01;2.2250000e+02;1.8615317e-01;2.2250000e+02;2.1347974e-01;2.2250000e+02;2.2854938e-01;2.2250000e+02;2.1615170e-01;2.2250000e+02;1.8100978e-01;2.2250000e+02;1.3253447e-01;2.2250000e+02;8.1946641e-02;2.2250000e+02;3.6174729e-02;2.2250000e+02;-7.9174191e-03;2.2250000e+02;-1.8729921e-03;2.2250000e+02;1.0087288e-02;2.2250000e+02;2.7382942e-02;2.2250000e+02;4.9723372e-02;2.2250000e+02;7.4052058e-02;2.2250000e+02;9.7259954e-02;2.2250000e+02;1.1883686e-01;2.2250000e+02;1.3779750e-01;2.2250000e+02;1.5865502e-01;2.2250000e+02;1.8615317e-01;2.2250000e+02;2.1347974e-01;2.2250000e+02;2.2854938e-01;2.2250000e+02;2.1615170e-01;2.2250000e+02;1.8100978e-01;2.2250000e+02;1.3253447e-01;2.2250000e+02;8.1946641e-02;2.2250000e+02;3.6174729e-02;2.2250000e+02;-7.9174191e-03;2.2250000e+02;-1.8729921e-03;2.2250000e+02;1.0087288e-02;2.2250000e+02;2.7382942e-02;2.2250000e+02;4.9723372e-02;2.2250000e+02;7.4052058e-02;2.2250000e+02;9.7259954e-02;2.2250000e+02;1.1883686e-01;2.2250000e+02;1.3779750e-01;2.2250000e+02;1.5865502e-01;2.2250000e+02;1.8615317e-01;2.2250000e+02;2.1347974e-01;2.2250000e+02;2.2854938e-01;2.2250000e+02;2.1615170e-01;2.2250000e+02;1.8100978e-01;2.2250000e+02;1.3253447e-01;2.2250000e+02;8.1946641e-02;2.2250000e+02;3.6174729e-02;2.2250000e+02;-7.9174191e-03;2.2250000e+02;-1.8729921e-03;2.2250000e+02;1.0087288e-02;2.2250000e+02;2.7382942e-02;2.2250000e+02;4.9723372e-02;2.2250000e+02;7.4052058e-02;2.2250000e+02;9.7259954e-02;2.2250000e+02;1.1883686e-01;2.2250000e+02;1.3779750e-01;2.2250000e+02;1.5865502e-01;2.2250000e+02;1.8615317e-01;2.2250000e+02;2.1347974e-01;2.2250000e+02;2.2854938e-01;2.2250000e+02;2.1615170e-01;2.2250000e+02;1.8100978e-01;2.2250000e+02;1.3253447e-01;2.2250000e+02;8.1946641e-02;2.2250000e+02;3.6174729e-02;2.2250000e+02;-7.9174191e-03;2.2250000e+02;-1.8729921e-03;2.2250000e+02;1.0087288e-02;2.2250000e+02;2.7382942e-02;2.2250000e+02;4.9723372e-02;2.2250000e+02;7.4052058e-02;2.2250000e+02;9.7259954e-02;2.2250000e+02;1.1883686e-01;2.2250000e+02;1.3779750e-01;2.2250000e+02;1.5865502e-01;2.2250000e+02;1.8615317e-01;2.2250000e+02;2.1347974e-01;2.2250000e+02;2.2854938e-01;2.2250000e+02;2.1615170e-01;2.2250000e+02;1.8100978e-01;2.2250000e+02;1.3253447e-01;2.2250000e+02;8.1946641e-02;2.2250000e+02;3.6174729e-02;2.2250000e+02;-7.9174191e-03;2.2250000e+02;-1.8729921e-03;2.2250000e+02;1.0087288e-02;2.2250000e+02;2.7382942e-02;2.2250000e+02;4.9723372e-02;2.2250000e+02;7.4052058e-02;2.2250000e+02;9.7259954e-02;2.2250000e+02;1.1883686e-01;2.2250000e+02;1.3779750e-01;2.2250000e+02;1.5865502e-01;2.2250000e+02;1.8615317e-01;2.2250000e+02;2.1347974e-01;2.2250000e+02;2.2854938e-01;2.2250000e+02;2.1615170e-01;2.2250000e+02;1.8100978e-01;2.2250000e+02;1.3253447e-01;2.2250000e+02;8.1946641e-02;2.2250000e+02;3.6174729e-02;2.2250000e+02;-7.9174191e-03;2.2250000e+02;-1.8729921e-03;2.2250000e+02;1.0087288e-02;2.2250000e+02;2.7382942e-02;2.2250000e+02;4.9723372e-02;2.2250000e+02;7.4052058e-02;2.2250000e+02;9.7259954e-02;2.2250000e+02;1.1883686e-01;2.2250000e+02;1.3779750e-01;2.2250000e+02;1.5865502e-01;2.2250000e+02;1.8615317e-01;2.2250000e+02;2.1347974e-01;2.2250000e+02;2.2854938e-01;2.2250000e+02;2.1615170e-01;2.2250000e+02;1.8100978e-01;2.2250000e+02;1.3253447e-01;2.2250000e+02;8.1946641e-02;2.2250000e+02;3.6174729e-02;2.2250000e+02;-7.9174191e-03;2.2250000e+02;-1.8729921e-03;2.2250000e+02;1.0087288e-02;2.2250000e+02;2.7382942e-02;2.2250000e+02;4.9723372e-02;2.2250000e+02;7.4052058e-02;2.2250000e+02;9.7259954e-02;2.2250000e+02;1.1883686e-01;2.2250000e+02;1.3779750e-01;2.2250000e+02;1.5865502e-01;2.2250000e+02;1.8615317e-01;2.2250000e+02;2.1347974e-01;2.2250000e+02;2.2854938e-01;2.2250000e+02;2.1615170e-01;2.2250000e+02;1.8100978e-01;2.2250000e+02;1.3253447e-01;2.2250000e+02;8.1946641e-02;2.2250000e+02;3.6174729e-02;2.2250000e+02;-7.9174191e-03;2.2250000e+02;-1.8729921e-03;2.2250000e+02;1.0087288e-02;2.2250000e+02;2.7382942e-02;2.2250000e+02;4.9723372e-02;2.2250000e+02;7.4052058e-02;2.2250000e+02;9.7259954e-02;2.2250000e+02;1.1883686e-01;2.2250000e+02;1.3779750e-01;2.2250000e+02;1.5865502e-01;2.2250000e+02;1.8615317e-01;2.2250000e+02;2.1347974e-01;2.2250000e+02;2.2854938e-01;2.2250000e+02;2.1615170e-01;2.2250000e+02;1.8100978e-01;2.2250000e+02;1.3253447e-01;2.2250000e+02;8.1946641e-02;2.2250000e+02;3.6174729e-02;2.2250000e+02;-7.9174191e-03;2.2250000e+02;-1.8729921e-03;2.2250000e+02;1.0087288e-02;2.2250000e+02;2.7382942e-02;2.2250000e+02;4.9723372e-02;2.2250000e+02;7.4052058e-02;2.2250000e+02;9.7259954e-02;2.2250000e+02;1.1883686e-01;2.2250000e+02;1.3779750e-01;2.2250000e+02;1.5865502e-01;2.2250000e+02;1.8615317e-01;2.2250000e+02;2.1347974e-01;2.2250000e+02;2.2854938e-01;2.2250000e+02;2.1615170e-01;2.2250000e+02;1.8100978e-01;2.2250000e+02;1.3253447e-01;2.2250000e+02;8.1946641e-02;2.2250000e+02;3.6174729e-02;2.2250000e+02;-7.9174191e-03;2.2250000e+02;-1.8729921e-03;2.2250000e+02;1.0087288e-02;2.2250000e+02;2.7382942e-02;2.2250000e+02;4.9723372e-02;2.2250000e+02;7.4052058e-02;2.2250000e+02;9.7259954e-02;2.2250000e+02;1.1883686e-01;2.2250000e+02;1.3779750e-01;2.2250000e+02;1.5865502e-01;2.2250000e+02;1.8615317e-01;2.2250000e+02;2.1347974e-01;2.2250000e+02;2.2854938e-01;2.2250000e+02;2.1615170e-01;2.2250000e+02;1.8100978e-01;2.2250000e+02;1.3253447e-01;2.2250000e+02;8.1946641e-02;2.2250000e+02;3.6174729e-02;2.2250000e+02;-7.9174191e-03;2.2250000e+02;-1.8729921e-03;2.2250000e+02;1.0087288e-02;2.2250000e+02;2.7382942e-02;2.2250000e+02;4.9723372e-02;2.2250000e+02;7.4052058e-02;2.2250000e+02;9.7259954e-02;2.2250000e+02;1.1883686e-01;2.2250000e+02;1.3779750e-01;2.2250000e+02;1.5865502e-01;2.2250000e+02;1.8615317e-01;2.2250000e+02;2.1347974e-01;2.2250000e+02;2.2854938e-01;2.2250000e+02;2.1615170e-01;2.2250000e+02;1.8100978e-01;2.2250000e+02;1.3253447e-01;2.2250000e+02;8.1946641e-02;2.2250000e+02;3.6174729e-02;2.2250000e+02;-7.9174191e-03;2.2250000e+02;-1.8729921e-03;2.2250000e+02;1.0087288e-02;2.2250000e+02;2.7382942e-02;2.2250000e+02;4.9723372e-02;2.2250000e+02;7.4052058e-02;2.2250000e+02;9.7259954e-02;2.2250000e+02;1.1883686e-01;2.2250000e+02;1.3779750e-01;2.2250000e+02;1.5865502e-01;2.2250000e+02;1.8615317e-01;2.2250000e+02;2.1347974e-01;2.2250000e+02;2.2854938e-01;2.2250000e+02;2.1615170e-01;2.2250000e+02;1.8100978e-01;2.2250000e+02;1.3253447e-01;2.2250000e+02;8.1946641e-02;2.2250000e+02;3.6174729e-02;2.2250000e+02;-7.9174191e-03;2.2250000e+02;-1.8729921e-03;2.2250000e+02;1.0087288e-02;2.2250000e+02;2.7382942e-02;2.2250000e+02;4.9723372e-02;2.2250000e+02;7.4052058e-02;2.2250000e+02;9.7259954e-02;2.2250000e+02;1.1883686e-01;2.2250000e+02;1.3779750e-01;2.2250000e+02;1.5865502e-01;2.2250000e+02;1.8615317e-01;2.2250000e+02;2.1347974e-01;2.2250000e+02;2.2854938e-01;2.2250000e+02;2.1615170e-01;2.2250000e+02;1.8100978e-01;2.2250000e+02;1.3253447e-01;2.2250000e+02;8.1946641e-02;2.2250000e+02;3.6174729e-02;2.2250000e+02;-7.9174191e-03;2.2250000e+02;-1.8729921e-03;2.2250000e+02;1.0087288e-02;2.2250000e+02;2.7382942e-02;2.2250000e+02;4.9723372e-02;2.2250000e+02;7.4052058e-02;2.2250000e+02;9.7259954e-02;2.2250000e+02;1.1883686e-01;2.2250000e+02;1.3779750e-01;2.2250000e+02;1.5865502e-01;2.2250000e+02;1.8615317e-01;2.2250000e+02;2.1347974e-01;2.2250000e+02;2.2854938e-01;2.2250000e+02;2.1615170e-01;2.2250000e+02;1.8100978e-01;2.2250000e+02;1.3253447e-01;2.2250000e+02;8.1946641e-02;2.2250000e+02;3.6174729e-02;2.2250000e+02;-7.9174191e-03;2.2250000e+02;-1.8729921e-03;2.2250000e+02;1.0087288e-02;2.2250000e+02;2.7382942e-02;2.2250000e+02;4.9723372e-02;2.2250000e+02;7.4052058e-02;2.2250000e+02;9.7259954e-02;2.2250000e+02;1.1883686e-01;2.2250000e+02;1.3779750e-01;2.2250000e+02;1.5865502e-01;2.2250000e+02;1.8615317e-01;2.2250000e+02;2.1347974e-01;2.2250000e+02;2.2854938e-01;2.2250000e+02;2.1615170e-01;2.2250000e+02;1.8100978e-01;2.2250000e+02;1.3253447e-01;2.2250000e+02;8.1946641e-02;2.2250000e+02;3.6174729e-02;2.2250000e+02;-7.9174191e-03;2.2250000e+02;-1.8729921e-03;2.2250000e+02;1.0087288e-02;2.2250000e+02;2.7382942e-02;2.2250000e+02;4.9723372e-02;2.2250000e+02;7.4052058e-02;2.2250000e+02;9.7259954e-02;2.2250000e+02;1.1883686e-01;2.2250000e+02;1.3779750e-01;2.2250000e+02;1.5865502e-01;2.2250000e+02;1.8615317e-01;2.2250000e+02;2.1347974e-01;2.2250000e+02;2.2854938e-01;2.2250000e+02;2.1615170e-01;2.2250000e+02;1.8100978e-01;2.2250000e+02;1.3253447e-01;2.2250000e+02;8.1946641e-02;2.2250000e+02;3.6174729e-02;2.2250000e+02;-7.9174191e-03;2.2250000e+02;-1.8729921e-03;2.2250000e+02;1.0087288e-02;2.2250000e+02;2.7382942e-02;2.2250000e+02;4.9723372e-02;2.2250000e+02;7.4052058e-02;2.2250000e+02;9.7259954e-02;2.2250000e+02;1.1883686e-01;2.2250000e+02;1.3779750e-01;2.2250000e+02;1.5865502e-01;2.2250000e+02;1.8615317e-01;2.2250000e+02;2.1347974e-01;2.2250000e+02;2.2854938e-01;2.2250000e+02;2.1615170e-01;2.2250000e+02;1.8100978e-01;2.2250000e+02;1.3253447e-01;2.2250000e+02;8.1946641e-02;2.2250000e+02;3.6174729e-02;2.2250000e+02;-7.9174191e-03;2.2250000e+02;-1.8729921e-03;2.2250000e+02;1.0087288e-02;2.2250000e+02;2.7382942e-02;2.2250000e+02;4.9723372e-02;2.2250000e+02;7.4052058e-02;2.2250000e+02;9.7259954e-02;2.2250000e+02;1.1883686e-01;2.2250000e+02;1.3779750e-01;2.2250000e+02;1.5865502e-01;2.2250000e+02;1.8615317e-01;2.2250000e+02;2.1347974e-01;2.2250000e+02;2.2854938e-01;2.2250000e+02;2.1615170e-01;2.2250000e+02;1.8100978e-01;2.2250000e+02;1.3253447e-01;2.2250000e+02;8.1946641e-02;2.2250000e+02;3.6174729e-02;2.2250000e+02;-7.9174191e-03;2.2250000e+02;-1.8729921e-03;2.2250000e+02;1.0087288e-02;2.2250000e+02;2.7382942e-02;2.2250000e+02;4.9723372e-02;2.2250000e+02;7.4052058e-02;2.2250000e+02;9.7259954e-02;2.2250000e+02;1.1883686e-01;2.2250000e+02;1.3779750e-01;2.2250000e+02;1.5865502e-01;2.2250000e+02;1.8615317e-01;2.2250000e+02;2.1347974e-01;2.2250000e+02;2.2854938e-01;2.2250000e+02;2.1615170e-01;2.2250000e+02;1.8100978e-01;2.2250000e+02;1.3253447e-01;2.2250000e+02;8.1946641e-02;2.2250000e+02;3.6174729e-02;2.2250000e+02;-7.9174191e-03;2.2250000e+02;-1.8729921e-03;2.2250000e+02;1.0087288e-02;2.2250000e+02;2.7382942e-02;2.2250000e+02;4.9723372e-02;2.2250000e+02;7.4052058e-02;2.2250000e+02;9.7259954e-02;2.2250000e+02;1.1883686e-01;2.2250000e+02;1.3779750e-01;2.2250000e+02;1.5865502e-01;2.2250000e+02;1.8615317e-01;2.2250000e+02;2.1347974e-01;2.2250000e+02;2.2854938e-01;2.2250000e+02;2.1615170e-01;2.2250000e+02;1.8100978e-01;2.2250000e+02;1.3253447e-01;2.2250000e+02;8.1946641e-02;2.2250000e+02;3.6174729e-02;2.2250000e+02;-7.9174191e-03;2.2250000e+02;-1.8729921e-03;2.2250000e+02;1.0087288e-02;2.2250000e+02;2.7382942e-02;2.2250000e+02;4.9723372e-02;2.2250000e+02;7.4052058e-02;2.2250000e+02;9.7259954e-02;2.2250000e+02;1.1883686e-01;2.2250000e+02;1.3779750e-01;2.2250000e+02;1.5865502e-01;2.2250000e+02;1.8615317e-01;2.2250000e+02;2.1347974e-01;2.2250000e+02;2.2854938e-01;2.2250000e+02;2.1615170e-01;2.2250000e+02;1.8100978e-01;2.2250000e+02;1.3253447e-01;2.2250000e+02;8.1946641e-02;2.2250000e+02;3.6174729e-02;2.2250000e+02;-7.9174191e-03;2.2250000e+02;-1.8729921e-03;2.2250000e+02;1.0087288e-02;2.2250000e+02;2.7382942e-02;2.2250000e+02;4.9723372e-02;2.2250000e+02;7.4052058e-02;2.2250000e+02;9.7259954e-02;2.2250000e+02;1.1883686e-01;2.2250000e+02;1.3779750e-01;2.2250000e+02;1.5865502e-01;2.2250000e+02;1.8615317e-01;2.2250000e+02;2.1347974e-01;2.2250000e+02;2.2854938e-01;2.2250000e+02;2.1615170e-01;2.2250000e+02;1.8100978e-01;2.2250000e+02;1.3253447e-01;2.2250000e+02;8.1946641e-02;2.2250000e+02;3.6174729e-02;2.2250000e+02;-7.9174191e-03;2.2250000e+02;-1.8729921e-03;2.2250000e+02;1.0087288e-02;2.2250000e+02;2.7382942e-02;2.2250000e+02;4.9723372e-02;2.2250000e+02;7.4052058e-02;2.2250000e+02;9.7259954e-02;2.2250000e+02;1.1883686e-01;2.2250000e+02;1.3779750e-01;2.2250000e+02;1.5865502e-01;2.2250000e+02;1.8615317e-01;2.2250000e+02;2.1347974e-01;2.2250000e+02;2.2854938e-01;2.2250000e+02;2.1615170e-01;2.2250000e+02;1.8100978e-01;2.2250000e+02;1.3253447e-01;2.2250000e+02;8.1946641e-02;2.2250000e+02;3.6174729e-02;2.2250000e+02;-7.9174191e-03;2.2250000e+02;-1.8729921e-03;2.2250000e+02;1.0087288e-02;2.2250000e+02;2.7382942e-02;2.2250000e+02;4.9723372e-02;2.2250000e+02;7.4052058e-02;2.2250000e+02;9.7259954e-02;2.2250000e+02;1.1883686e-01;2.2250000e+02;1.3779750e-01;2.2250000e+02;1.5865502e-01;2.2250000e+02;1.8615317e-01;2.2250000e+02;2.1347974e-01;2.2250000e+02;2.2854938e-01;2.2250000e+02;2.1615170e-01;2.2250000e+02;1.8100978e-01;2.2250000e+02;1.3253447e-01;2.2250000e+02;8.1946641e-02;2.2250000e+02;3.6174729e-02;2.2250000e+02;-7.9174191e-03;2.2250000e+02;-1.8729921e-03;2.2250000e+02;1.0087288e-02;2.2250000e+02;2.7382942e-02;2.2250000e+02;4.9723372e-02;2.2250000e+02;7.4052058e-02;2.2250000e+02;9.7259954e-02;2.2250000e+02;1.1883686e-01;2.2250000e+02;1.3779750e-01;2.2250000e+02;1.5865502e-01;2.2250000e+02;1.8615317e-01;2.2250000e+02;2.1347974e-01;2.2250000e+02;2.2854938e-01;2.2250000e+02;2.1615170e-01;2.2250000e+02;1.8100978e-01;2.2250000e+02;1.3253447e-01;2.2250000e+02;8.1946641e-02;2.2250000e+02;3.6174729e-02;2.2250000e+02;-7.9174191e-03;2.2250000e+02;-1.8729921e-03;2.2250000e+02;1.0087288e-02;2.2250000e+02;2.7382942e-02;2.2250000e+02;4.9723372e-02;2.2250000e+02;7.4052058e-02;2.2250000e+02;9.7259954e-02;2.2250000e+02;1.1883686e-01;2.2250000e+02;1.3779750e-01;2.2250000e+02;1.5865502e-01;2.2250000e+02;1.8615317e-01;2.2250000e+02;2.1347974e-01;2.2250000e+02;2.2854938e-01;2.2250000e+02;2.1615170e-01;2.2250000e+02;1.8100978e-01;2.2250000e+02;1.3253447e-01;2.2250000e+02;8.1946641e-02;2.2250000e+02;3.6174729e-02;2.2250000e+02;-7.9174191e-03;2.2250000e+02;-1.8729921e-03;2.2250000e+02;1.0087288e-02;2.2250000e+02;2.7382942e-02;2.2250000e+02;4.9723372e-02;2.2250000e+02;7.4052058e-02;2.2250000e+02;9.7259954e-02;2.2250000e+02;1.1883686e-01;2.2250000e+02;1.3779750e-01;2.2250000e+02;1.5865502e-01;2.2250000e+02;1.8615317e-01;2.2250000e+02;2.1347974e-01;2.2250000e+02;2.2854938e-01;2.2250000e+02;2.1615170e-01;2.2250000e+02;1.8100978e-01;2.2250000e+02;1.3253447e-01;2.2250000e+02;8.1946641e-02;2.2250000e+02;3.6174729e-02;2.2250000e+02;-7.9174191e-03;2.2250000e+02;-1.8729921e-03;2.2250000e+02;1.0087288e-02;2.2250000e+02;2.7382942e-02;2.2250000e+02;4.9723372e-02;2.2250000e+02;7.4052058e-02;2.2250000e+02;9.7259954e-02;2.2250000e+02;1.1883686e-01;2.2250000e+02;1.3779750e-01;2.2250000e+02;1.5865502e-01;2.2250000e+02;1.8615317e-01;2.2250000e+02;2.1347974e-01;2.2250000e+02;2.2854938e-01;2.2250000e+02;2.1615170e-01;2.2250000e+02;1.8100978e-01;2.2250000e+02;1.3253447e-01;2.2250000e+02;8.1946641e-02;2.2250000e+02;3.6174729e-02;2.2250000e+02;-7.9174191e-03;2.2250000e+02;-1.8729921e-03;2.2250000e+02;1.0087288e-02;2.2250000e+02;2.7382942e-02;2.2250000e+02;4.9723372e-02;2.2250000e+02;7.4052058e-02;2.2250000e+02;9.7259954e-02;2.2250000e+02;1.1883686e-01;2.2250000e+02;1.3779750e-01;2.2250000e+02;1.5865502e-01;2.2250000e+02;1.8615317e-01;2.2250000e+02;2.1347974e-01;2.2250000e+02;2.2854938e-01;2.2250000e+02;2.1615170e-01;2.2250000e+02;1.8100978e-01;2.2250000e+02;1.3253447e-01;2.2250000e+02;8.1946641e-02;2.2250000e+02;3.6174729e-02;2.2250000e+02;-7.9174191e-03;2.2250000e+02;-1.8729921e-03;2.2250000e+02;1.0087288e-02;2.2250000e+02;2.7382942e-02;2.2250000e+02;4.9723372e-02;2.2250000e+02;7.4052058e-02;2.2250000e+02;9.7259954e-02;2.2250000e+02;1.1883686e-01;2.2250000e+02;1.3779750e-01;2.2250000e+02;1.5865502e-01;2.2250000e+02;1.8615317e-01;2.2250000e+02;2.1347974e-01;2.2250000e+02;2.2854938e-01;2.2250000e+02;2.1615170e-01;2.2250000e+02;1.8100978e-01;2.2250000e+02;1.3253447e-01;2.2250000e+02;8.1946641e-02;2.2250000e+02;3.6174729e-02;2.2250000e+02;-7.9174191e-03;2.2250000e+02;-1.8729921e-03;2.2250000e+02;1.0087288e-02;2.2250000e+02;2.7382942e-02;2.2250000e+02;4.9723372e-02;2.2250000e+02;7.4052058e-02;2.2250000e+02;9.7259954e-02;2.2250000e+02;1.1883686e-01;2.2250000e+02;1.3779750e-01;2.2250000e+02;1.5865502e-01;2.2250000e+02;1.8615317e-01;2.2250000e+02;2.1347974e-01;2.2250000e+02;2.2854938e-01;2.2250000e+02;2.1615170e-01;2.2250000e+02;1.8100978e-01;2.2250000e+02;1.3253447e-01;2.2250000e+02;8.1946641e-02;2.2250000e+02;3.6174729e-02;2.2250000e+02;-7.9174191e-03;2.2250000e+02;-1.8729921e-03;2.2250000e+02;1.0087288e-02;2.2250000e+02;2.7382942e-02;2.2250000e+02;4.9723372e-02;2.2250000e+02;7.4052058e-02;2.2250000e+02;9.7259954e-02;2.2250000e+02;1.1883686e-01;2.2250000e+02;1.3779750e-01;2.2250000e+02;1.5865502e-01;2.2250000e+02;1.8615317e-01;2.2250000e+02;2.1347974e-01;2.2250000e+02;2.2854938e-01;2.2250000e+02;2.1615170e-01;2.2250000e+02;1.8100978e-01;2.2250000e+02;1.3253447e-01;2.2250000e+02;8.1946641e-02;2.2250000e+02;3.6174729e-02;2.2250000e+02;-7.9174191e-03;2.2250000e+02;-1.8729921e-03;2.2250000e+02;1.0087288e-02;2.2250000e+02;2.7382942e-02;2.2250000e+02;4.9723372e-02;2.2250000e+02;7.4052058e-02;2.2250000e+02;9.7259954e-02;2.2250000e+02;1.1883686e-01;2.2250000e+02;1.3779750e-01;2.2250000e+02;1.5865502e-01;2.2250000e+02;1.8615317e-01;2.2250000e+02;2.1347974e-01;2.2250000e+02;2.2854938e-01;2.2250000e+02;2.1615170e-01;2.2250000e+02;1.8100978e-01;2.2250000e+02;1.3253447e-01;2.2250000e+02;8.1946641e-02;2.2250000e+02;3.6174729e-02;2.2250000e+02;-7.9174191e-03;2.2250000e+02;-1.8729921e-03;2.2250000e+02;1.0087288e-02;2.2250000e+02;2.7382942e-02;2.2250000e+02;4.9723372e-02;2.2250000e+02;7.4052058e-02;2.2250000e+02;9.7259954e-02;2.2250000e+02;1.1883686e-01;2.2250000e+02;1.3779750e-01;2.2250000e+02;1.5865502e-01;2.2250000e+02;1.8615317e-01;2.2250000e+02;2.1347974e-01;2.2250000e+02;2.2854938e-01;2.2250000e+02;2.1615170e-01;2.2250000e+02;1.8100978e-01;2.2250000e+02;1.3253447e-01;2.2250000e+02;8.1946641e-02;2.2250000e+02;3.6174729e-02;2.2250000e+02;-7.9174191e-03;2.2250000e+02;-1.8729921e-03;2.2250000e+02;1.0087288e-02;2.2250000e+02;2.7382942e-02;2.2250000e+02;4.9723372e-02;2.2250000e+02;7.4052058e-02;2.2250000e+02;9.7259954e-02;2.2250000e+02;1.1883686e-01;2.2250000e+02;1.3779750e-01;2.2250000e+02;1.5865502e-01;2.2250000e+02;1.8615317e-01;2.2250000e+02;2.1347974e-01;2.2250000e+02;2.2854938e-01;2.2250000e+02;2.1615170e-01;2.2250000e+02;1.8100978e-01;2.2250000e+02;1.3253447e-01;2.2250000e+02;8.1946641e-02;2.2250000e+02;3.6174729e-02;2.2250000e+02;-7.9174191e-03;2.2250000e+02;-1.8729921e-03;2.2250000e+02;1.0087288e-02;2.2250000e+02;2.7382942e-02;2.2250000e+02;4.9723372e-02;2.2250000e+02;7.4052058e-02;2.2250000e+02;9.7259954e-02;2.2250000e+02;1.1883686e-01;2.2250000e+02;1.3779750e-01;2.2250000e+02;1.5865502e-01;2.2250000e+02;1.8615317e-01;2.2250000e+02;2.1347974e-01;2.2250000e+02;2.2854938e-01;2.2250000e+02;2.1615170e-01;2.2250000e+02;1.8100978e-01;2.2250000e+02;1.3253447e-01;2.2250000e+02;8.1946641e-02;2.2250000e+02;3.6174729e-02;2.2250000e+02;-7.9174191e-03;2.2250000e+02;-1.8729921e-03;2.2250000e+02;1.0087288e-02;2.2250000e+02;2.7382942e-02;2.2250000e+02;4.9723372e-02;2.2250000e+02;7.4052058e-02;2.2250000e+02;9.7259954e-02;2.2250000e+02;1.1883686e-01;2.2250000e+02;1.3779750e-01;2.2250000e+02;1.5865502e-01;2.2250000e+02;1.8615317e-01;2.2250000e+02;2.1347974e-01;2.2250000e+02;2.2854938e-01;2.2250000e+02;2.1615170e-01;2.2250000e+02;1.8100978e-01;2.2250000e+02;1.3253447e-01;2.2250000e+02;8.1946641e-02;2.2250000e+02;3.6174729e-02;2.2250000e+02;-7.9174191e-03;2.2250000e+02;-1.8729921e-03;2.2250000e+02;1.0087288e-02;2.2250000e+02;2.7382942e-02;2.2250000e+02;4.9723372e-02;2.2250000e+02;7.4052058e-02;2.2250000e+02;9.7259954e-02;2.2250000e+02;1.1883686e-01;2.2250000e+02;1.3779750e-01;2.2250000e+02;1.5865502e-01;2.2250000e+02;1.8615317e-01;2.2250000e+02;2.1347974e-01;2.2250000e+02;2.2854938e-01;2.2250000e+02;2.1615170e-01;2.2250000e+02;1.8100978e-01;2.2250000e+02;1.3253447e-01;2.2250000e+02;8.1946641e-02;2.2250000e+02;3.6174729e-02;2.2250000e+02;-7.9174191e-03;2.2250000e+02;-1.8729921e-03;2.2250000e+02;1.0087288e-02;2.2250000e+02;2.7382942e-02;2.2250000e+02;4.9723372e-02;2.2250000e+02;7.4052058e-02;2.2250000e+02;9.7259954e-02;2.2250000e+02;1.1883686e-01;2.2250000e+02;1.3779750e-01;2.2250000e+02;1.5865502e-01;2.2250000e+02;1.8615317e-01;2.2250000e+02;2.1347974e-01;2.2250000e+02;2.2854938e-01;2.2250000e+02;2.1615170e-01;2.2250000e+02;1.8100978e-01;2.2250000e+02;1.3253447e-01;2.2250000e+02;8.1946641e-02;2.2250000e+02;3.6174729e-02;2.2250000e+02;-7.9174191e-03;2.2250000e+02;-1.8729921e-03;2.2250000e+02;1.0087288e-02;2.2250000e+02;2.7382942e-02;2.2250000e+02;4.9723372e-02;2.2250000e+02;7.4052058e-02;2.2250000e+02;9.7259954e-02;2.2250000e+02;1.1883686e-01;2.2250000e+02;1.3779750e-01;2.2250000e+02;1.5865502e-01;2.2250000e+02;1.8615317e-01;2.2250000e+02;2.1347974e-01;2.2250000e+02;2.2854938e-01;2.2250000e+02;2.1615170e-01;2.2250000e+02;1.8100978e-01;2.2250000e+02;1.3253447e-01;2.2250000e+02;8.1946641e-02;2.2250000e+02;3.6174729e-02;2.2250000e+02;-7.9174191e-03;2.2250000e+02;-1.8729921e-03;2.2250000e+02;1.0087288e-02;2.2250000e+02;2.7382942e-02;2.2250000e+02;4.9723372e-02;2.2250000e+02;7.4052058e-02;2.2250000e+02;9.7259954e-02;2.2250000e+02;1.1883686e-01;2.2250000e+02;1.3779750e-01;2.2250000e+02;1.5865502e-01;2.2250000e+02;1.8615317e-01;2.2250000e+02;2.1347974e-01;2.2250000e+02;2.2854938e-01;2.2250000e+02;2.1615170e-01;2.2250000e+02;1.8100978e-01;2.2250000e+02;1.3253447e-01;2.2250000e+02;8.1946641e-02;2.2250000e+02;3.6174729e-02;2.2250000e+02;-7.9174191e-03;2.2250000e+02;-1.8729921e-03;2.2250000e+02;1.0087288e-02;2.2250000e+02;2.7382942e-02;2.2250000e+02;4.9723372e-02;2.2250000e+02;7.4052058e-02;2.2250000e+02;9.7259954e-02;2.2250000e+02;1.1883686e-01;2.2250000e+02;1.3779750e-01;2.2250000e+02;1.5865502e-01;2.2250000e+02;1.8615317e-01;2.2250000e+02;2.1347974e-01;2.2250000e+02;2.2854938e-01;2.2250000e+02;2.1615170e-01;2.2250000e+02;1.8100978e-01;2.2250000e+02;1.3253447e-01;2.2250000e+02;8.1946641e-02;2.2250000e+02;3.6174729e-02;2.2250000e+02;-7.9174191e-03;2.2250000e+02;-1.8729921e-03;2.2250000e+02;1.0087288e-02;2.2250000e+02;2.7382942e-02;2.2250000e+02;4.9723372e-02;2.2250000e+02;7.4052058e-02;2.2250000e+02;9.7259954e-02;2.2250000e+02;1.1883686e-01;2.2250000e+02;1.3779750e-01;2.2250000e+02;1.5865502e-01;2.2250000e+02;1.8615317e-01;2.2250000e+02;2.1347974e-01;2.2250000e+02;2.2854938e-01;2.2250000e+02;2.1615170e-01;2.2250000e+02;1.8100978e-01;2.2250000e+02;1.3253447e-01;2.2250000e+02;8.1946641e-02;2.2250000e+02;3.6174729e-02;2.2250000e+02;-7.9174191e-03;2.2250000e+02;-1.8729921e-03;2.2250000e+02;1.0087288e-02;2.2250000e+02;2.7382942e-02;2.2250000e+02;4.9723372e-02;2.2250000e+02;7.4052058e-02;2.2250000e+02;9.7259954e-02;2.2250000e+02;1.1883686e-01;2.2250000e+02;1.3779750e-01;2.2250000e+02;1.5865502e-01;2.2250000e+02;1.8615317e-01;2.2250000e+02;2.1347974e-01;2.2250000e+02;2.2854938e-01;2.2250000e+02;2.1615170e-01;2.2250000e+02;1.8100978e-01;2.2250000e+02;1.3253447e-01;2.2250000e+02;8.1946641e-02;2.2250000e+02;3.6174729e-02;2.2250000e+02;-7.9174191e-03;2.2250000e+02;-1.8729921e-03;2.2250000e+02;1.0087288e-02;2.2250000e+02;2.7382942e-02;2.2250000e+02;4.9723372e-02;2.2250000e+02;7.4052058e-02;2.2250000e+02;9.7259954e-02;2.2250000e+02;1.1883686e-01;2.2250000e+02;1.3779750e-01;2.2250000e+02;1.5865502e-01;2.2250000e+02;1.8615317e-01;2.2250000e+02;2.1347974e-01;2.2250000e+02;2.2854938e-01;2.2250000e+02;2.1615170e-01;2.2250000e+02;1.8100978e-01;2.2250000e+02;1.3253447e-01;2.2250000e+02;8.1946641e-02;2.2250000e+02;3.6174729e-02;2.2250000e+02;-7.9174191e-03;2.2250000e+02;-1.8729921e-03;2.2250000e+02;1.0087288e-02;2.2250000e+02;2.7382942e-02;2.2250000e+02;4.9723372e-02;2.2250000e+02;7.4052058e-02;2.2250000e+02;9.7259954e-02;2.2250000e+02;1.1883686e-01;2.2250000e+02;1.3779750e-01;2.2250000e+02;1.5865502e-01;2.2250000e+02;1.8615317e-01;2.2250000e+02;2.1347974e-01;2.2250000e+02;2.2854938e-01;2.2250000e+02;2.1615170e-01;2.2250000e+02;1.8100978e-01;2.2250000e+02;1.3253447e-01;2.2250000e+02;8.1946641e-02;2.2250000e+02;3.6174729e-02;2.2250000e+02;-7.9174191e-03;2.2250000e+02;-1.8729921e-03;2.2250000e+02;1.0087288e-02;2.2250000e+02;2.7382942e-02;2.2250000e+02;4.9723372e-02;2.2250000e+02;7.4052058e-02;2.2250000e+02;9.7259954e-02;2.2250000e+02;1.1883686e-01;2.2250000e+02;1.3779750e-01;2.2250000e+02;1.5865502e-01;2.2250000e+02;1.8615317e-01;2.2250000e+02;2.1347974e-01;2.2250000e+02;2.2854938e-01;2.2250000e+02;2.1615170e-01;2.2250000e+02;1.8100978e-01;2.2250000e+02;1.3253447e-01;2.2250000e+02;8.1946641e-02;2.2250000e+02;3.6174729e-02;2.2250000e+02;-7.9174191e-03;2.2250000e+02;-1.8729921e-03;2.2250000e+02;1.0087288e-02;2.2250000e+02;2.7382942e-02;2.2250000e+02;4.9723372e-02;2.2250000e+02;7.4052058e-02;2.2250000e+02;9.7259954e-02;2.2250000e+02;1.1883686e-01;2.2250000e+02;1.3779750e-01;2.2250000e+02;1.5865502e-01;2.2250000e+02;1.8615317e-01;2.2250000e+02;2.1347974e-01;2.2250000e+02;2.2854938e-01;2.2250000e+02;2.1615170e-01;2.2250000e+02;1.8100978e-01;2.2250000e+02;1.3253447e-01;2.2250000e+02;8.1946641e-02;2.2250000e+02;3.6174729e-02;2.2250000e+02;-7.9174191e-03;2.2250000e+02;-1.8729921e-03;2.2250000e+02;1.0087288e-02;2.2250000e+02;2.7382942e-02;2.2250000e+02;4.9723372e-02;2.2250000e+02;7.4052058e-02;2.2250000e+02;9.7259954e-02;2.2250000e+02;1.1883686e-01;2.2250000e+02;1.3779750e-01;2.2250000e+02;1.5865502e-01;2.2250000e+02;1.8615317e-01;2.2250000e+02;2.1347974e-01;2.2250000e+02;2.2854938e-01;2.2250000e+02;2.1615170e-01;2.2250000e+02;1.8100978e-01;2.2250000e+02;1.3253447e-01;2.2250000e+02;8.1946641e-02;2.2250000e+02;3.6174729e-02;2.2250000e+02;-7.9174191e-03;2.2250000e+02;-1.8729921e-03;2.2250000e+02;1.0087288e-02;2.2250000e+02;2.7382942e-02;2.2250000e+02;4.9723372e-02;2.2250000e+02;7.4052058e-02;2.2250000e+02;9.7259954e-02;2.2250000e+02;1.1883686e-01;2.2250000e+02;1.3779750e-01;2.2250000e+02;1.5865502e-01;2.2250000e+02;1.8615317e-01;2.2250000e+02;2.1347974e-01;2.2250000e+02;2.2854938e-01;2.2250000e+02;2.1615170e-01;2.2250000e+02;1.8100978e-01;2.2250000e+02;1.3253447e-01;2.2250000e+02;8.1946641e-02;2.2250000e+02;3.6174729e-02;2.2250000e+02;-7.9174191e-03;2.2250000e+02;-1.8729921e-03;2.2250000e+02;1.0087288e-02;2.2250000e+02;2.7382942e-02;2.2250000e+02;4.9723372e-02;2.2250000e+02;7.4052058e-02;2.2250000e+02;9.7259954e-02;2.2250000e+02;1.1883686e-01;2.2250000e+02;1.3779750e-01;2.2250000e+02;1.5865502e-01;2.2250000e+02;1.8615317e-01;2.2250000e+02;2.1347974e-01;2.2250000e+02;2.2854938e-01;2.2250000e+02;2.1615170e-01;2.2250000e+02;1.8100978e-01;2.2250000e+02;1.3253447e-01;2.2250000e+02;8.1946641e-02;2.2250000e+02;3.6174729e-02;2.2250000e+02;-7.9174191e-03;2.2250000e+02;-1.8729921e-03;2.2250000e+02;1.0087288e-02;2.2250000e+02;2.7382942e-02;2.2250000e+02;4.9723372e-02;2.2250000e+02;7.4052058e-02;2.2250000e+02;9.7259954e-02;2.2250000e+02;1.1883686e-01;2.2250000e+02;1.3779750e-01;2.2250000e+02;1.5865502e-01;2.2250000e+02;1.8615317e-01;2.2250000e+02;2.1347974e-01;2.2250000e+02;2.2854938e-01;2.2250000e+02;2.1615170e-01;2.2250000e+02;1.8100978e-01;2.2250000e+02;1.3253447e-01;2.2250000e+02;8.1946641e-02;2.2250000e+02;3.6174729e-02;2.2250000e+02;-7.9174191e-03;2.2250000e+02;-1.8729921e-03;2.2250000e+02;1.0087288e-02;2.2250000e+02;2.7382942e-02;2.2250000e+02;4.9723372e-02;2.2250000e+02;7.4052058e-02;2.2250000e+02;9.7259954e-02;2.2250000e+02;1.1883686e-01;2.2250000e+02;1.3779750e-01;2.2250000e+02;1.5865502e-01;2.2250000e+02;1.8615317e-01;2.2250000e+02;2.1347974e-01;2.2250000e+02;2.2854938e-01;2.2250000e+02;2.1615170e-01;2.2250000e+02;1.8100978e-01;2.2250000e+02;1.3253447e-01;2.2250000e+02;8.1946641e-02;2.2250000e+02;3.6174729e-02;2.2250000e+02;-7.9174191e-03;2.2250000e+02;-1.8729921e-03;2.2250000e+02;1.0087288e-02;2.2250000e+02;2.7382942e-02;2.2250000e+02;4.9723372e-02;2.2250000e+02;7.4052058e-02;2.2250000e+02;9.7259954e-02;2.2250000e+02;1.1883686e-01;2.2250000e+02;1.3779750e-01;2.2250000e+02;1.5865502e-01;2.2250000e+02;1.8615317e-01;2.2250000e+02;2.1347974e-01;2.2250000e+02;2.2854938e-01;2.2250000e+02;2.1615170e-01;2.2250000e+02;1.8100978e-01;2.2250000e+02;1.3253447e-01;2.2250000e+02;8.1946641e-02;2.2250000e+02;3.6174729e-02;2.2250000e+02;-7.9174191e-03;2.2250000e+02;-1.8729921e-03;2.2250000e+02;1.0087288e-02;2.2250000e+02;2.7382942e-02;2.2250000e+02;4.9723372e-02;2.2250000e+02;7.4052058e-02;2.2250000e+02;9.7259954e-02;2.2250000e+02;1.1883686e-01;2.2250000e+02;1.3779750e-01;2.2250000e+02;1.5865502e-01;2.2250000e+02;1.8615317e-01;2.2250000e+02;2.1347974e-01;2.2250000e+02;2.2854938e-01;2.2250000e+02;2.1615170e-01;2.2250000e+02;1.8100978e-01;2.2250000e+02;1.3253447e-01;2.2250000e+02;8.1946641e-02;2.2250000e+02;3.6174729e-02;2.2250000e+02;-7.9174191e-03;2.2250000e+02;-1.8729921e-03;2.2250000e+02;1.0087288e-02;2.2250000e+02;2.7382942e-02;2.2250000e+02;4.9723372e-02;2.2250000e+02;7.4052058e-02;2.2250000e+02;9.7259954e-02;2.2250000e+02;1.1883686e-01;2.2250000e+02;1.3779750e-01;2.2250000e+02;1.5865502e-01;2.2250000e+02;1.8615317e-01;2.2250000e+02;2.1347974e-01;2.2250000e+02;2.2854938e-01;2.2250000e+02;2.1615170e-01;2.2250000e+02;1.8100978e-01;2.2250000e+02;1.3253447e-01;2.2250000e+02;8.1946641e-02;2.2250000e+02;3.6174729e-02;2.2250000e+02;-7.9174191e-03;2.2250000e+02;-1.8729921e-03;2.2250000e+02;1.0087288e-02;2.2250000e+02;2.7382942e-02;2.2250000e+02;4.9723372e-02;2.2250000e+02;7.4052058e-02;2.2250000e+02;9.7259954e-02;2.2250000e+02;1.1883686e-01;2.2250000e+02;1.3779750e-01;2.2250000e+02;1.5865502e-01;2.2250000e+02;1.8615317e-01;2.2250000e+02;2.1347974e-01;2.2250000e+02;2.2854938e-01;2.2250000e+02;2.1615170e-01;2.2250000e+02;1.8100978e-01;2.2250000e+02;1.3253447e-01;2.2250000e+02;8.1946641e-02;2.2250000e+02;3.6174729e-02;2.2250000e+02;-7.9174191e-03;2.2250000e+02;-1.8729921e-03;2.2250000e+02;1.0087288e-02;2.2250000e+02;2.7382942e-02;2.2250000e+02;4.9723372e-02;2.2250000e+02;7.4052058e-02;2.2250000e+02;9.7259954e-02;2.2250000e+02;1.1883686e-01;2.2250000e+02;1.3779750e-01;2.2250000e+02;1.5865502e-01;2.2250000e+02;1.8615317e-01;2.2250000e+02;2.1347974e-01;2.2250000e+02;2.2854938e-01;2.2250000e+02;2.1615170e-01;2.2250000e+02;1.8100978e-01;2.2250000e+02;1.3253447e-01;2.2250000e+02;8.1946641e-02;2.2250000e+02;3.6174729e-02;2.2250000e+02;-7.9174191e-03;2.2250000e+02;-1.8729921e-03;2.2250000e+02;1.0087288e-02;2.2250000e+02;2.7382942e-02;2.2250000e+02;4.9723372e-02;2.2250000e+02;7.4052058e-02;2.2250000e+02;9.7259954e-02;2.2250000e+02;1.1883686e-01;2.2250000e+02;1.3779750e-01;2.2250000e+02;1.5865502e-01;2.2250000e+02;1.8615317e-01;2.2250000e+02;2.1347974e-01;2.2250000e+02;2.2854938e-01;2.2250000e+02;2.1615170e-01;2.2250000e+02;1.8100978e-01;2.2250000e+02;1.3253447e-01;2.2250000e+02;8.1946641e-02;2.2250000e+02;3.6174729e-02;2.2250000e+02;-7.9174191e-03;2.2250000e+02;-1.8729921e-03;2.2250000e+02;1.0087288e-02;2.2250000e+02;2.7382942e-02;2.2250000e+02;4.9723372e-02;2.2250000e+02;7.4052058e-02;2.2250000e+02;9.7259954e-02;2.2250000e+02;1.1883686e-01;2.2250000e+02;1.3779750e-01;2.2250000e+02;1.5865502e-01;2.2250000e+02;1.8615317e-01;2.2250000e+02;2.1347974e-01;2.2250000e+02;2.2854938e-01;2.2250000e+02;2.1615170e-01;2.2250000e+02;1.8100978e-01;2.2250000e+02;1.3253447e-01;2.2250000e+02;8.1946641e-02;2.2250000e+02;3.6174729e-02;2.2250000e+02;-7.9174191e-03;2.2250000e+02;-1.8729921e-03;2.2250000e+02;1.0087288e-02;2.2250000e+02;2.7382942e-02;2.2250000e+02;4.9723372e-02;2.2250000e+02;7.4052058e-02;2.2250000e+02;9.7259954e-02;2.2250000e+02;1.1883686e-01;2.2250000e+02;1.3779750e-01;2.2250000e+02;1.5865502e-01;2.2250000e+02;1.8615317e-01;2.2250000e+02;2.1347974e-01;2.2250000e+02;2.2854938e-01;2.2250000e+02;2.1615170e-01;2.2250000e+02;1.8100978e-01;2.2250000e+02;1.3253447e-01;2.2250000e+02;8.1946641e-02;2.2250000e+02;3.6174729e-02;2.2250000e+02;-7.9174191e-03;2.2250000e+02;-1.8729921e-03;2.2250000e+02;1.0087288e-02;2.2250000e+02;2.7382942e-02;2.2250000e+02;4.9723372e-02;2.2250000e+02;7.4052058e-02;2.2250000e+02;9.7259954e-02;2.2250000e+02;1.1883686e-01;2.2250000e+02;1.3779750e-01;2.2250000e+02;1.5865502e-01;2.2250000e+02;1.8615317e-01;2.2250000e+02;2.1347974e-01;2.2250000e+02;2.2854938e-01;2.2250000e+02;2.1615170e-01;2.2250000e+02;1.8100978e-01;2.2250000e+02;1.3253447e-01;2.2250000e+02;8.1946641e-02;2.2250000e+02;3.6174729e-02;2.2250000e+02;-7.9174191e-03;2.2250000e+02;-1.8729921e-03;2.2250000e+02;1.0087288e-02;2.2250000e+02;2.7382942e-02;2.2250000e+02;4.9723372e-02;2.2250000e+02;7.4052058e-02;2.2250000e+02;9.7259954e-02;2.2250000e+02;1.1883686e-01;2.2250000e+02;1.3779750e-01;2.2250000e+02;1.5865502e-01;2.2250000e+02;1.8615317e-01;2.2250000e+02;2.1347974e-01;2.2250000e+02;2.2854938e-01;2.2250000e+02;2.1615170e-01;2.2250000e+02;1.8100978e-01;2.2250000e+02;1.3253447e-01;2.2250000e+02;8.1946641e-02;2.2250000e+02;3.6174729e-02;2.2250000e+02;-7.9174191e-03;2.2250000e+02;-1.8729921e-03;2.2250000e+02;1.0087288e-02;2.2250000e+02;2.7382942e-02;2.2250000e+02;4.9723372e-02;2.2250000e+02;7.4052058e-02;2.2250000e+02;9.7259954e-02;2.2250000e+02;1.1883686e-01;2.2250000e+02;1.3779750e-01;2.2250000e+02;1.5865502e-01;2.2250000e+02;1.8615317e-01;2.2250000e+02;2.1347974e-01;2.2250000e+02;2.2854938e-01;2.2250000e+02;2.1615170e-01;2.2250000e+02;1.8100978e-01;2.2250000e+02;1.3253447e-01;2.2250000e+02;8.1946641e-02;2.2250000e+02;3.6174729e-02;2.2250000e+02;-7.9174191e-03;2.2250000e+02;-1.8729921e-03;2.2250000e+02;1.0087288e-02;2.2250000e+02;2.7382942e-02;2.2250000e+02;4.9723372e-02;2.2250000e+02;7.4052058e-02;2.2250000e+02;9.7259954e-02;2.2250000e+02;1.1883686e-01;2.2250000e+02;1.3779750e-01;2.2250000e+02;1.5865502e-01;2.2250000e+02;1.8615317e-01;2.2250000e+02;2.1347974e-01;2.2250000e+02;2.2854938e-01;2.2250000e+02;2.1615170e-01;2.2250000e+02;1.8100978e-01;2.2250000e+02;1.3253447e-01;2.2250000e+02;8.1946641e-02;2.2250000e+02;3.6174729e-02;2.2250000e+02;-7.9174191e-03;2.2250000e+02;-1.8729921e-03;2.2250000e+02;1.0087288e-02;2.2250000e+02;2.7382942e-02;2.2250000e+02;4.9723372e-02;2.2250000e+02;7.4052058e-02;2.2250000e+02;9.7259954e-02;2.2250000e+02;1.1883686e-01;2.2250000e+02;1.3779750e-01;2.2250000e+02;1.5865502e-01;2.2250000e+02;1.8615317e-01;2.2250000e+02;2.1347974e-01;2.2250000e+02;2.2854938e-01;2.2250000e+02;2.1615170e-01;2.2250000e+02;1.8100978e-01;2.2250000e+02;1.3253447e-01;2.2250000e+02;8.1946641e-02;2.2250000e+02;3.6174729e-02;2.2250000e+02;-7.9174191e-03;2.2250000e+02;-1.8729921e-03;2.2250000e+02;1.0087288e-02;2.2250000e+02;2.7382942e-02;2.2250000e+02;4.9723372e-02;2.2250000e+02;7.4052058e-02;2.2250000e+02;9.7259954e-02;2.2250000e+02;1.1883686e-01;2.2250000e+02;1.3779750e-01;2.2250000e+02;1.5865502e-01;2.2250000e+02;1.8615317e-01;2.2250000e+02;2.1347974e-01;2.2250000e+02;2.2854938e-01;2.2250000e+02;2.1615170e-01;2.2250000e+02;1.8100978e-01;2.2250000e+02;1.3253447e-01;2.2250000e+02;8.1946641e-02;2.2250000e+02;3.6174729e-02;2.2250000e+02;-7.9174191e-03;2.2250000e+02;-1.8729921e-03;2.2250000e+02;1.0087288e-02;2.2250000e+02;2.7382942e-02;2.2250000e+02;4.9723372e-02;2.2250000e+02;7.4052058e-02;2.2250000e+02;9.7259954e-02;2.2250000e+02;1.1883686e-01;2.2250000e+02;1.3779750e-01;2.2250000e+02;1.5865502e-01;2.2250000e+02;1.8615317e-01;2.2250000e+02;2.1347974e-01;2.2250000e+02;2.2854938e-01;2.2250000e+02;2.1615170e-01;2.2250000e+02;1.8100978e-01;2.2250000e+02;1.3253447e-01;2.2250000e+02;8.1946641e-02;2.2250000e+02;3.6174729e-02;2.2250000e+02;-7.9174191e-03;2.2250000e+02;-1.8729921e-03;2.2250000e+02;1.0087288e-02;2.2250000e+02;2.7382942e-02;2.2250000e+02;4.9723372e-02;2.2250000e+02;7.4052058e-02;2.2250000e+02;9.7259954e-02;2.2250000e+02;1.1883686e-01;2.2250000e+02;1.3779750e-01;2.2250000e+02;1.5865502e-01;2.2250000e+02;1.8615317e-01;2.2250000e+02;2.1347974e-01;2.2250000e+02;2.2854938e-01;2.2250000e+02;2.1615170e-01;2.2250000e+02;1.8100978e-01;2.2250000e+02;1.3253447e-01;2.2250000e+02;8.1946641e-02;2.2250000e+02;3.6174729e-02;2.2250000e+02;-7.9174191e-03;2.2250000e+02;-1.8729921e-03;2.2250000e+02;1.0087288e-02;2.2250000e+02;2.7382942e-02;2.2250000e+02;4.9723372e-02;2.2250000e+02;7.4052058e-02;2.2250000e+02;9.7259954e-02;2.2250000e+02;1.1883686e-01;2.2250000e+02;1.3779750e-01;2.2250000e+02;1.5865502e-01;2.2250000e+02;1.8615317e-01;2.2250000e+02;2.1347974e-01;2.2250000e+02;2.2854938e-01;2.2250000e+02;2.1615170e-01;2.2250000e+02;1.8100978e-01;2.2250000e+02;1.3253447e-01;2.2250000e+02;8.1946641e-02;2.2250000e+02;3.6174729e-02;2.2250000e+02;-7.9174191e-03;2.2250000e+02;-1.8729921e-03;2.2250000e+02;1.0087288e-02;2.2250000e+02;2.7382942e-02;2.2250000e+02;4.9723372e-02;2.2250000e+02;7.4052058e-02;2.2250000e+02;9.7259954e-02;2.2250000e+02;1.1883686e-01;2.2250000e+02;1.3779750e-01;2.2250000e+02;1.5865502e-01;2.2250000e+02;1.8615317e-01;2.2250000e+02;2.1347974e-01;2.2250000e+02;2.2854938e-01;2.2250000e+02;2.1615170e-01;2.2250000e+02;1.8100978e-01;2.2250000e+02;1.3253447e-01;2.2250000e+02;8.1946641e-02;2.2250000e+02;3.6174729e-02;2.2250000e+02;-7.9174191e-03;2.2250000e+02;-1.8729921e-03;2.2250000e+02;1.0087288e-02;2.2250000e+02;2.7382942e-02;2.2250000e+02;4.9723372e-02;2.2250000e+02;7.4052058e-02;2.2250000e+02;9.7259954e-02;2.2250000e+02;1.1883686e-01;2.2250000e+02;1.3779750e-01;2.2250000e+02;1.5865502e-01;2.2250000e+02;1.8615317e-01;2.2250000e+02;2.1347974e-01;2.2250000e+02;2.2854938e-01;2.2250000e+02;2.1615170e-01;2.2250000e+02;1.8100978e-01;2.2250000e+02;1.3253447e-01;2.2250000e+02;8.1946641e-02;2.2250000e+02;3.6174729e-02;2.2250000e+02;-7.9174191e-03;2.2250000e+02;-1.8729921e-03;2.2250000e+02;1.0087288e-02;2.2250000e+02;2.7382942e-02;2.2250000e+02;4.9723372e-02;2.2250000e+02;7.4052058e-02;2.2250000e+02;9.7259954e-02;2.2250000e+02;1.1883686e-01;2.2250000e+02;1.3779750e-01;2.2250000e+02;1.5865502e-01;2.2250000e+02;1.8615317e-01;2.2250000e+02;2.1347974e-01;2.2250000e+02;2.2854938e-01;2.2250000e+02;2.1615170e-01;2.2250000e+02;1.8100978e-01;2.2250000e+02;1.3253447e-01;2.2250000e+02;8.1946641e-02;2.2250000e+02;3.6174729e-02;2.2250000e+02;-7.9174191e-03;2.2250000e+02;-1.8729921e-03;2.2250000e+02;1.0087288e-02;2.2250000e+02;2.7382942e-02;2.2250000e+02;4.9723372e-02;2.2250000e+02;7.4052058e-02;2.2250000e+02;9.7259954e-02;2.2250000e+02;1.1883686e-01;2.2250000e+02;1.3779750e-01;2.2250000e+02;1.5865502e-01;2.2250000e+02;1.8615317e-01;2.2250000e+02;2.1347974e-01;2.2250000e+02;2.2854938e-01;2.2250000e+02;2.1615170e-01;2.2250000e+02;1.8100978e-01;2.2250000e+02;1.3253447e-01;2.2250000e+02;8.1946641e-02;2.2250000e+02;3.6174729e-02;2.2250000e+02;-7.9174191e-03;2.2250000e+02;-1.8729921e-03;2.2250000e+02;1.0087288e-02;2.2250000e+02;2.7382942e-02;2.2250000e+02;4.9723372e-02;2.2250000e+02;7.4052058e-02;2.2250000e+02;9.7259954e-02;2.2250000e+02;1.1883686e-01;2.2250000e+02;1.3779750e-01;2.2250000e+02;1.5865502e-01;2.2250000e+02;1.8615317e-01;2.2250000e+02;2.1347974e-01;2.2250000e+02;2.2854938e-01;2.2250000e+02;2.1615170e-01;2.2250000e+02;1.8100978e-01;2.2250000e+02;1.3253447e-01;2.2250000e+02;8.1946641e-02;2.2250000e+02;3.6174729e-02;2.2250000e+02;-7.9174191e-03;2.2250000e+02;-1.8729921e-03;2.2250000e+02;1.0087288e-02;2.2250000e+02;2.7382942e-02;2.2250000e+02;4.9723372e-02;2.2250000e+02;7.4052058e-02;2.2250000e+02;9.7259954e-02;2.2250000e+02;1.1883686e-01;2.2250000e+02;1.3779750e-01;2.2250000e+02;1.5865502e-01;2.2250000e+02;1.8615317e-01;2.2250000e+02;2.1347974e-01;2.2250000e+02;2.2854938e-01;2.2250000e+02;2.1615170e-01;2.2250000e+02;1.8100978e-01;2.2250000e+02;1.3253447e-01;2.2250000e+02;8.1946641e-02;2.2250000e+02;3.6174729e-02;2.2250000e+02;-7.9174191e-03;2.2250000e+02;-1.8729921e-03;2.2250000e+02;1.0087288e-02;2.2250000e+02;2.7382942e-02;2.2250000e+02;4.9723372e-02;2.2250000e+02;7.4052058e-02;2.2250000e+02;9.7259954e-02;2.2250000e+02;1.1883686e-01;2.2250000e+02;1.3779750e-01;2.2250000e+02;1.5865502e-01;2.2250000e+02;1.8615317e-01;2.2250000e+02;2.1347974e-01;2.2250000e+02;2.2854938e-01;2.2250000e+02;2.1615170e-01;2.2250000e+02;1.8100978e-01;2.2250000e+02;1.3253447e-01;2.2250000e+02;8.1946641e-02;2.2250000e+02;3.6174729e-02;2.2250000e+02;-7.9174191e-03;2.2250000e+02;-1.8729921e-03;2.2250000e+02;1.0087288e-02;2.2250000e+02;2.7382942e-02;2.2250000e+02;4.9723372e-02;2.2250000e+02;7.4052058e-02;2.2250000e+02;9.7259954e-02;2.2250000e+02;1.1883686e-01;2.2250000e+02;1.3779750e-01;2.2250000e+02;1.5865502e-01;2.2250000e+02;1.8615317e-01;2.2250000e+02;2.1347974e-01;2.2250000e+02;2.2854938e-01;2.2250000e+02;2.1615170e-01;2.2250000e+02;1.8100978e-01;2.2250000e+02;1.3253447e-01;2.2250000e+02;8.1946641e-02;2.2250000e+02;3.6174729e-02;2.2250000e+02;-7.9174191e-03;2.2250000e+02;-1.8729921e-03;2.2250000e+02;1.0087288e-02;2.2250000e+02;2.7382942e-02;2.2250000e+02;4.9723372e-02;2.2250000e+02;7.4052058e-02;2.2250000e+02;9.7259954e-02;2.2250000e+02;1.1883686e-01;2.2250000e+02;1.3779750e-01;2.2250000e+02;1.5865502e-01;2.2250000e+02;1.8615317e-01;2.2250000e+02;2.1347974e-01;2.2250000e+02;2.2854938e-01;2.2250000e+02;2.1615170e-01;2.2250000e+02;1.8100978e-01;2.2250000e+02;1.3253447e-01;2.2250000e+02;8.1946641e-02;2.2250000e+02;3.6174729e-02;2.2250000e+02;-7.9174191e-03;2.2250000e+02;-1.8729921e-03;2.2250000e+02;1.0087288e-02;2.2250000e+02;2.7382942e-02;2.2250000e+02;4.9723372e-02;2.2250000e+02;7.4052058e-02;2.2250000e+02;9.7259954e-02;2.2250000e+02;1.1883686e-01;2.2250000e+02;1.3779750e-01;2.2250000e+02;1.5865502e-01;2.2250000e+02;1.8615317e-01;2.2250000e+02;2.1347974e-01;2.2250000e+02;2.2854938e-01;2.2250000e+02;2.1615170e-01;2.2250000e+02;1.8100978e-01;2.2250000e+02;1.3253447e-01;2.2250000e+02;8.1946641e-02;2.2250000e+02;3.6174729e-02;2.2250000e+02;-7.9174191e-03;2.2250000e+02;-1.8729921e-03;2.2250000e+02;1.0087288e-02;2.2250000e+02;2.7382942e-02;2.2250000e+02;4.9723372e-02;2.2250000e+02;7.4052058e-02;2.2250000e+02;9.7259954e-02;2.2250000e+02;1.1883686e-01;2.2250000e+02;1.3779750e-01;2.2250000e+02;1.5865502e-01;2.2250000e+02;1.8615317e-01;2.2250000e+02;2.1347974e-01;2.2250000e+02;2.2854938e-01;2.2250000e+02;2.1615170e-01;2.2250000e+02;1.8100978e-01;2.2250000e+02;1.3253447e-01;2.2250000e+02;8.1946641e-02;2.2250000e+02;3.6174729e-02;2.2250000e+02;-7.9174191e-03;2.2250000e+02;-1.8729921e-03;2.2250000e+02;1.0087288e-02;2.2250000e+02;2.7382942e-02;2.2250000e+02;4.9723372e-02;2.2250000e+02;7.4052058e-02;2.2250000e+02;9.7259954e-02;2.2250000e+02;1.1883686e-01;2.2250000e+02;1.3779750e-01;2.2250000e+02;1.5865502e-01;2.2250000e+02;1.8615317e-01;2.2250000e+02;2.1347974e-01;2.2250000e+02;2.2854938e-01;2.2250000e+02;2.1615170e-01;2.2250000e+02;1.8100978e-01;2.2250000e+02;1.3253447e-01;2.2250000e+02;8.1946641e-02;2.2250000e+02;3.6174729e-02;2.2250000e+02;-7.9174191e-03;2.2250000e+02;-1.8729921e-03;2.2250000e+02;1.0087288e-02;2.2250000e+02;2.7382942e-02;2.2250000e+02;4.9723372e-02;2.2250000e+02;7.4052058e-02;2.2250000e+02;9.7259954e-02;2.2250000e+02;1.1883686e-01;2.2250000e+02;1.3779750e-01;2.2250000e+02;1.5865502e-01;2.2250000e+02;1.8615317e-01;2.2250000e+02;2.1347974e-01;2.2250000e+02;2.2854938e-01;2.2250000e+02;2.1615170e-01;2.2250000e+02;1.8100978e-01;2.2250000e+02;1.3253447e-01;2.2250000e+02;8.1946641e-02;2.2250000e+02;3.6174729e-02;2.2250000e+02;-7.9174191e-03;2.2250000e+02;-1.8729921e-03;2.2250000e+02;1.0087288e-02;2.2250000e+02;2.7382942e-02;2.2250000e+02;4.9723372e-02;2.2250000e+02;7.4052058e-02;2.2250000e+02;9.7259954e-02;2.2250000e+02;1.1883686e-01;2.2250000e+02;1.3779750e-01;2.2250000e+02;1.5865502e-01;2.2250000e+02;1.8615317e-01;2.2250000e+02;2.1347974e-01;2.2250000e+02;2.2854938e-01;2.2250000e+02;2.1615170e-01;2.2250000e+02;1.8100978e-01;2.2250000e+02;1.3253447e-01;2.2250000e+02;8.1946641e-02;2.2250000e+02;3.6174729e-02;2.2250000e+02;-7.9174191e-03;2.2250000e+02;-1.8729921e-03;2.2250000e+02;1.0087288e-02;2.2250000e+02;2.7382942e-02;2.2250000e+02;4.9723372e-02;2.2250000e+02;7.4052058e-02;2.2250000e+02;9.7259954e-02;2.2250000e+02;1.1883686e-01;2.2250000e+02;1.3779750e-01;2.2250000e+02;1.5865502e-01;2.2250000e+02;1.8615317e-01;2.2250000e+02;2.1347974e-01;2.2250000e+02;2.2854938e-01;2.2250000e+02;2.1615170e-01;2.2250000e+02;1.8100978e-01;2.2250000e+02;1.3253447e-01;2.2250000e+02;8.1946641e-02;2.2250000e+02;3.6174729e-02;2.2250000e+02;-7.9174191e-03;2.2250000e+02;-1.8729921e-03;2.2250000e+02;1.0087288e-02;2.2250000e+02;2.7382942e-02;2.2250000e+02;4.9723372e-02;2.2250000e+02;7.4052058e-02;2.2250000e+02;9.7259954e-02;2.2250000e+02;1.1883686e-01;2.2250000e+02;1.3779750e-01;2.2250000e+02;1.5865502e-01;2.2250000e+02;1.8615317e-01;2.2250000e+02;2.1347974e-01;2.2250000e+02;2.2854938e-01;2.2250000e+02;2.1615170e-01;2.2250000e+02;1.8100978e-01;2.2250000e+02;1.3253447e-01;2.2250000e+02;8.1946641e-02;2.2250000e+02;3.6174729e-02;2.2250000e+02;-7.9174191e-03;2.2250000e+02;-1.8729921e-03;2.2250000e+02;1.0087288e-02;2.2250000e+02;2.7382942e-02;2.2250000e+02;4.9723372e-02;2.2250000e+02;7.4052058e-02;2.2250000e+02;9.7259954e-02;2.2250000e+02;1.1883686e-01;2.2250000e+02;1.3779750e-01;2.2250000e+02;1.5865502e-01;2.2250000e+02;1.8615317e-01;2.2250000e+02;2.1347974e-01;2.2250000e+02;2.2854938e-01;2.2250000e+02;2.1615170e-01;2.2250000e+02;1.8100978e-01;2.2250000e+02;1.3253447e-01;2.2250000e+02;8.1946641e-02;2.2250000e+02;3.6174729e-02;2.2250000e+02;-7.9174191e-03;2.2250000e+02;-1.8729921e-03;2.2250000e+02;1.0087288e-02;2.2250000e+02;2.7382942e-02;2.2250000e+02;4.9723372e-02;2.2250000e+02;7.4052058e-02;2.2250000e+02;9.7259954e-02;2.2250000e+02;1.1883686e-01;2.2250000e+02;1.3779750e-01;2.2250000e+02;1.5865502e-01;2.2250000e+02;1.8615317e-01;2.2250000e+02;2.1347974e-01;2.2250000e+02;2.2854938e-01;2.2250000e+02;2.1615170e-01;2.2250000e+02;1.8100978e-01;2.2250000e+02;1.3253447e-01;2.2250000e+02;8.1946641e-02;2.2250000e+02;3.6174729e-02;2.2250000e+02;-7.9174191e-03;2.2250000e+02;-1.8729921e-03;2.2250000e+02;1.0087288e-02;2.2250000e+02;2.7382942e-02;2.2250000e+02;4.9723372e-02;2.2250000e+02;7.4052058e-02;2.2250000e+02;9.7259954e-02;2.2250000e+02;1.1883686e-01;2.2250000e+02;1.3779750e-01;2.2250000e+02;1.5865502e-01;2.2250000e+02;1.8615317e-01;2.2250000e+02;2.1347974e-01;2.2250000e+02;2.2854938e-01;2.2250000e+02;2.1615170e-01;2.2250000e+02;1.8100978e-01;2.2250000e+02;1.3253447e-01;2.2250000e+02;8.1946641e-02;2.2250000e+02;3.6174729e-02;2.2250000e+02;-7.9174191e-03;2.2250000e+02;-1.8729921e-03;2.2250000e+02;1.0087288e-02;2.2250000e+02;2.7382942e-02;2.2250000e+02;4.9723372e-02;2.2250000e+02;7.4052058e-02;2.2250000e+02;9.7259954e-02;2.2250000e+02;1.1883686e-01;2.2250000e+02;1.3779750e-01;2.2250000e+02;1.5865502e-01;2.2250000e+02;1.8615317e-01;2.2250000e+02;2.1347974e-01;2.2250000e+02;2.2854938e-01;2.2250000e+02;2.1615170e-01;2.2250000e+02;1.8100978e-01;2.2250000e+02;1.3253447e-01;2.2250000e+02;8.1946641e-02;2.2250000e+02;3.6174729e-02;2.2250000e+02;-7.9174191e-03;2.2250000e+02;-1.8729921e-03;2.2250000e+02;1.0087288e-02;2.2250000e+02;2.7382942e-02;2.2250000e+02;4.9723372e-02;2.2250000e+02;7.4052058e-02;2.2250000e+02;9.7259954e-02;2.2250000e+02;1.1883686e-01;2.2250000e+02;1.3779750e-01;2.2250000e+02;1.5865502e-01;2.2250000e+02;1.8615317e-01;2.2250000e+02;2.1347974e-01;2.2250000e+02;2.2854938e-01;2.2250000e+02;2.1615170e-01;2.2250000e+02;1.8100978e-01;2.2250000e+02;1.3253447e-01;2.2250000e+02;8.1946641e-02;2.2250000e+02;3.6174729e-02;2.2250000e+02;-7.9174191e-03;2.2250000e+02;-1.8729921e-03;2.2250000e+02;1.0087288e-02;2.2250000e+02;2.7382942e-02;2.2250000e+02;4.9723372e-02;2.2250000e+02;7.4052058e-02;2.2250000e+02;9.7259954e-02;2.2250000e+02;1.1883686e-01;2.2250000e+02;1.3779750e-01;2.2250000e+02;1.5865502e-01;2.2250000e+02;1.8615317e-01;2.2250000e+02;2.1347974e-01;2.2250000e+02;2.2854938e-01;2.2250000e+02;2.1615170e-01;2.2250000e+02;1.8100978e-01;2.2250000e+02;1.3253447e-01;2.2250000e+02;8.1946641e-02;2.2250000e+02;3.6174729e-02;2.2250000e+02;-7.9174191e-03;2.2250000e+02;-1.8729921e-03;2.2250000e+02;1.0087288e-02;2.2250000e+02;2.7382942e-02;2.2250000e+02;4.9723372e-02;2.2250000e+02;7.4052058e-02;2.2250000e+02;9.7259954e-02;2.2250000e+02;1.1883686e-01;2.2250000e+02;1.3779750e-01;2.2250000e+02;1.5865502e-01;2.2250000e+02;1.8615317e-01;2.2250000e+02;2.1347974e-01;2.2250000e+02;2.2854938e-01;2.2250000e+02;2.1615170e-01;2.2250000e+02;1.8100978e-01;2.2250000e+02;1.3253447e-01;2.2250000e+02;8.1946641e-02;2.2250000e+02;3.6174729e-02;2.2250000e+02;-7.9174191e-03;2.2250000e+02;-1.8729921e-03;2.2250000e+02;1.0087288e-02;2.2250000e+02;2.7382942e-02;2.2250000e+02;4.9723372e-02;2.2250000e+02;7.4052058e-02;2.2250000e+02;9.7259954e-02;2.2250000e+02;1.1883686e-01;2.2250000e+02;1.3779750e-01;2.2250000e+02;1.5865502e-01;2.2250000e+02;1.8615317e-01;2.2250000e+02;2.1347974e-01;2.2250000e+02;2.2854938e-01;2.2250000e+02;2.1615170e-01;2.2250000e+02;1.8100978e-01;2.2250000e+02;1.3253447e-01;2.2250000e+02;8.1946641e-02;2.2250000e+02;3.6174729e-02;2.2250000e+02;-7.9174191e-03;2.2250000e+02;-1.8729921e-03;2.2250000e+02;1.0087288e-02;2.2250000e+02;2.7382942e-02;2.2250000e+02;4.9723372e-02;2.2250000e+02;7.4052058e-02;2.2250000e+02;9.7259954e-02;2.2250000e+02;1.1883686e-01;2.2250000e+02;1.3779750e-01;2.2250000e+02;1.5865502e-01;2.2250000e+02;1.8615317e-01;2.2250000e+02;2.1347974e-01;2.2250000e+02;2.2854938e-01;2.2250000e+02;2.1615170e-01;2.2250000e+02;1.8100978e-01;2.2250000e+02;1.3253447e-01;2.2250000e+02;8.1946641e-02;2.2250000e+02;3.6174729e-02;2.2250000e+02;-7.9174191e-03;2.2250000e+02;-1.8729921e-03;2.2250000e+02;1.0087288e-02;2.2250000e+02;2.7382942e-02;2.2250000e+02;4.9723372e-02;2.2250000e+02;7.4052058e-02;2.2250000e+02;9.7259954e-02;2.2250000e+02;1.1883686e-01;2.2250000e+02;1.3779750e-01;2.2250000e+02;1.5865502e-01;2.2250000e+02;1.8615317e-01;2.2250000e+02;2.1347974e-01;2.2250000e+02;2.2854938e-01;2.2250000e+02;2.1615170e-01;2.2250000e+02;1.8100978e-01;2.2250000e+02;1.3253447e-01;2.2250000e+02;8.1946641e-02;2.2250000e+02;3.6174729e-02;2.2250000e+02;-7.9174191e-03;2.2250000e+02;-1.8729921e-03;2.2250000e+02;1.0087288e-02;2.2250000e+02;2.7382942e-02;2.2250000e+02;4.9723372e-02;2.2250000e+02;7.4052058e-02;2.2250000e+02;9.7259954e-02;2.2250000e+02;1.1883686e-01;2.2250000e+02;1.3779750e-01;2.2250000e+02;1.5865502e-01;2.2250000e+02;1.8615317e-01;2.2250000e+02;2.1347974e-01;2.2250000e+02;2.2854938e-01;2.2250000e+02;2.1615170e-01;2.2250000e+02;1.8100978e-01;2.2250000e+02;1.3253447e-01;2.2250000e+02;8.1946641e-02;2.2250000e+02;3.6174729e-02;2.2250000e+02;-7.9174191e-03;2.2250000e+02;-1.8729921e-03;2.2250000e+02;1.0087288e-02;2.2250000e+02;2.7382942e-02;2.2250000e+02;4.9723372e-02;2.2250000e+02;7.4052058e-02;2.2250000e+02;9.7259954e-02;2.2250000e+02;1.1883686e-01;2.2250000e+02;1.3779750e-01;2.2250000e+02;1.5865502e-01;2.2250000e+02;1.8615317e-01;2.2250000e+02;2.1347974e-01;2.2250000e+02;2.2854938e-01;2.2250000e+02;2.1615170e-01;2.2250000e+02;1.8100978e-01;2.2250000e+02;1.3253447e-01;2.2250000e+02;8.1946641e-02;2.2250000e+02;3.6174729e-02;2.2250000e+02;-7.9174191e-03;2.2250000e+02;-1.8729921e-03;2.2250000e+02;1.0087288e-02;2.2250000e+02;2.7382942e-02;2.2250000e+02;4.9723372e-02;2.2250000e+02;7.4052058e-02;2.2250000e+02;9.7259954e-02;2.2250000e+02;1.1883686e-01;2.2250000e+02;1.3779750e-01;2.2250000e+02;1.5865502e-01;2.2250000e+02;1.8615317e-01;2.2250000e+02;2.1347974e-01;2.2250000e+02;2.2854938e-01;2.2250000e+02;2.1615170e-01;2.2250000e+02;1.8100978e-01;2.2250000e+02;1.3253447e-01;2.2250000e+02;8.1946641e-02;2.2250000e+02;3.6174729e-02;2.2250000e+02;-7.9174191e-03;2.2250000e+02;-1.8729921e-03;2.2250000e+02;1.0087288e-02;2.2250000e+02;2.7382942e-02;2.2250000e+02;4.9723372e-02;2.2250000e+02;7.4052058e-02;2.2250000e+02;9.7259954e-02;2.2250000e+02;1.1883686e-01;2.2250000e+02;1.3779750e-01;2.2250000e+02;1.5865502e-01;2.2250000e+02;1.8615317e-01;2.2250000e+02;2.1347974e-01;2.2250000e+02;2.2854938e-01;2.2250000e+02;2.1615170e-01;2.2250000e+02;1.8100978e-01;2.2250000e+02;1.3253447e-01;2.2250000e+02;8.1946641e-02;2.2250000e+02;3.6174729e-02;2.2250000e+02;-7.9174191e-03;2.2250000e+02;-1.8729921e-03;2.2250000e+02;1.0087288e-02;2.2250000e+02;2.7382942e-02;2.2250000e+02;4.9723372e-02;2.2250000e+02;7.4052058e-02;2.2250000e+02;9.7259954e-02;2.2250000e+02;1.1883686e-01;2.2250000e+02;1.3779750e-01;2.2250000e+02;1.5865502e-01;2.2250000e+02;1.8615317e-01;2.2250000e+02;2.1347974e-01;2.2250000e+02;2.2854938e-01;2.2250000e+02;2.1615170e-01;2.2250000e+02;1.8100978e-01;2.2250000e+02;1.3253447e-01;2.2250000e+02;8.1946641e-02;2.2250000e+02;3.6174729e-02;2.2250000e+02;-7.9174191e-03;2.2250000e+02;-1.8729921e-03;2.2250000e+02;1.0087288e-02;2.2250000e+02;2.7382942e-02;2.2250000e+02;4.9723372e-02;2.2250000e+02;7.4052058e-02;2.2250000e+02;9.7259954e-02;2.2250000e+02;1.1883686e-01;2.2250000e+02;1.3779750e-01;2.2250000e+02;1.5865502e-01;2.2250000e+02;1.8615317e-01;2.2250000e+02;2.1347974e-01;2.2250000e+02;2.2854938e-01;2.2250000e+02;2.1615170e-01;2.2250000e+02;1.8100978e-01;2.2250000e+02;1.3253447e-01;2.2250000e+02;8.1946641e-02;2.2250000e+02;3.6174729e-02;2.2250000e+02;-7.9174191e-03;2.2250000e+02;-1.8729921e-03;2.2250000e+02;1.0087288e-02;2.2250000e+02;2.7382942e-02;2.2250000e+02;4.9723372e-02;2.2250000e+02;7.4052058e-02;2.2250000e+02;9.7259954e-02;2.2250000e+02;1.1883686e-01;2.2250000e+02;1.3779750e-01;2.2250000e+02;1.5865502e-01;2.2250000e+02;1.8615317e-01;2.2250000e+02;2.1347974e-01;2.2250000e+02;2.2854938e-01;2.2250000e+02;2.1615170e-01;2.2250000e+02;1.8100978e-01;2.2250000e+02;1.3253447e-01;2.2250000e+02;8.1946641e-02;2.2250000e+02;3.6174729e-02;2.2250000e+02;-7.9174191e-03;2.2250000e+02;-1.8729921e-03;2.2250000e+02;1.0087288e-02;2.2250000e+02;2.7382942e-02;2.2250000e+02;4.9723372e-02;2.2250000e+02;7.4052058e-02;2.2250000e+02;9.7259954e-02;2.2250000e+02;1.1883686e-01;2.2250000e+02;1.3779750e-01;2.2250000e+02;1.5865502e-01;2.2250000e+02;1.8615317e-01;2.2250000e+02;2.1347974e-01;2.2250000e+02;2.2854938e-01;2.2250000e+02;2.1615170e-01;2.2250000e+02;1.8100978e-01;2.2250000e+02;1.3253447e-01;2.2250000e+02;8.1946641e-02;2.2250000e+02;3.6174729e-02;2.2250000e+02;-7.9174191e-03;2.2250000e+02;-1.8729921e-03;2.2250000e+02;1.0087288e-02;2.2250000e+02;2.7382942e-02;2.2250000e+02;4.9723372e-02;2.2250000e+02;7.4052058e-02;2.2250000e+02;9.7259954e-02;2.2250000e+02;1.1883686e-01;2.2250000e+02;1.3779750e-01;2.2250000e+02;1.5865502e-01;2.2250000e+02;1.8615317e-01;2.2250000e+02;2.1347974e-01;2.2250000e+02;2.2854938e-01;2.2250000e+02;2.1615170e-01;2.2250000e+02;1.8100978e-01;2.2250000e+02;1.3253447e-01;2.2250000e+02;8.1946641e-02;2.2250000e+02;3.6174729e-02;2.2250000e+02;-7.9174191e-03;2.2250000e+02;-1.8729921e-03;2.2250000e+02;1.0087288e-02;2.2250000e+02;2.7382942e-02;2.2250000e+02;4.9723372e-02;2.2250000e+02;7.4052058e-02;2.2250000e+02;9.7259954e-02;2.2250000e+02;1.1883686e-01;2.2250000e+02;1.3779750e-01;2.2250000e+02;1.5865502e-01;2.2250000e+02;1.8615317e-01;2.2250000e+02;2.1347974e-01;2.2250000e+02;2.2854938e-01;2.2250000e+02;2.1615170e-01;2.2250000e+02;1.8100978e-01;2.2250000e+02;1.3253447e-01;2.2250000e+02;8.1946641e-02;2.2250000e+02;3.6174729e-02;2.2250000e+02;-7.9174191e-03;2.2250000e+02;-1.8729921e-03;2.2250000e+02;1.0087288e-02;2.2250000e+02;2.7382942e-02;2.2250000e+02;4.9723372e-02;2.2250000e+02;7.4052058e-02;2.2250000e+02;9.7259954e-02;2.2250000e+02;1.1883686e-01;2.2250000e+02;1.3779750e-01;2.2250000e+02;1.5865502e-01;2.2250000e+02;1.8615317e-01;2.2250000e+02;2.1347974e-01;2.2250000e+02;2.2854938e-01;2.2250000e+02;2.1615170e-01;2.2250000e+02;1.8100978e-01;2.2250000e+02;1.3253447e-01;2.2250000e+02;8.1946641e-02;2.2250000e+02;3.6174729e-02;2.2250000e+02;-7.9174191e-03;2.2250000e+02;-1.8729921e-03;2.2250000e+02;1.0087288e-02;2.2250000e+02;2.7382942e-02;2.2250000e+02;4.9723372e-02;2.2250000e+02;7.4052058e-02;2.2250000e+02;9.7259954e-02;2.2250000e+02;1.1883686e-01;2.2250000e+02;1.3779750e-01;2.2250000e+02;1.5865502e-01;2.2250000e+02;1.8615317e-01;2.2250000e+02;2.1347974e-01;2.2250000e+02;2.2854938e-01;2.2250000e+02;2.1615170e-01;2.2250000e+02;1.8100978e-01;2.2250000e+02;1.3253447e-01;2.2250000e+02;8.1946641e-02;2.2250000e+02;3.6174729e-02;2.2250000e+02;-7.9174191e-03;2.2250000e+02;-1.8729921e-03;2.2250000e+02;1.0087288e-02;2.2250000e+02;2.7382942e-02;2.2250000e+02;4.9723372e-02;2.2250000e+02;7.4052058e-02;2.2250000e+02;9.7259954e-02;2.2250000e+02;1.1883686e-01;2.2250000e+02;1.3779750e-01;2.2250000e+02;1.5865502e-01;2.2250000e+02;1.8615317e-01;2.2250000e+02;2.1347974e-01;2.2250000e+02;2.2854938e-01;2.2250000e+02;2.1615170e-01;2.2250000e+02;1.8100978e-01;2.2250000e+02;1.3253447e-01;2.2250000e+02;8.1946641e-02;2.2250000e+02;3.6174729e-02;2.2250000e+02;-7.9174191e-03;2.2250000e+02;-1.8729921e-03;2.2250000e+02;1.0087288e-02;2.2250000e+02;2.7382942e-02;2.2250000e+02;4.9723372e-02;2.2250000e+02;7.4052058e-02;2.2250000e+02;9.7259954e-02;2.2250000e+02;1.1883686e-01;2.2250000e+02;1.3779750e-01;2.2250000e+02;1.5865502e-01;2.2250000e+02;1.8615317e-01;2.2250000e+02;2.1347974e-01;2.2250000e+02;2.2854938e-01;2.2250000e+02;2.1615170e-01;2.2250000e+02;1.8100978e-01;2.2250000e+02;1.3253447e-01;2.2250000e+02;8.1946641e-02;2.2250000e+02;3.6174729e-02;2.2250000e+02;-7.9174191e-03;2.2250000e+02;-1.8729921e-03;2.2250000e+02;1.0087288e-02;2.2250000e+02;2.7382942e-02;2.2250000e+02;4.9723372e-02;2.2250000e+02;7.4052058e-02;2.2250000e+02;9.7259954e-02;2.2250000e+02;1.1883686e-01;2.2250000e+02;1.3779750e-01;2.2250000e+02;1.5865502e-01;2.2250000e+02;1.8615317e-01;2.2250000e+02;2.1347974e-01;2.2250000e+02;2.2854938e-01;2.2250000e+02;2.1615170e-01;2.2250000e+02;1.8100978e-01;2.2250000e+02;1.3253447e-01;2.2250000e+02;8.1946641e-02;2.2250000e+02;3.6174729e-02;2.2250000e+02;-7.9174191e-03;2.2250000e+02;-1.8729921e-03;2.2250000e+02;1.0087288e-02;2.2250000e+02;2.7382942e-02;2.2250000e+02;4.9723372e-02;2.2250000e+02;7.4052058e-02;2.2250000e+02;9.7259954e-02;2.2250000e+02;1.1883686e-01;2.2250000e+02;1.3779750e-01;2.2250000e+02;1.5865502e-01;2.2250000e+02;1.8615317e-01;2.2250000e+02;2.1347974e-01;2.2250000e+02;2.2854938e-01;2.2250000e+02;2.1615170e-01;2.2250000e+02;1.8100978e-01;2.2250000e+02;1.3253447e-01;2.2250000e+02;8.1946641e-02;2.2250000e+02;3.6174729e-02
2.2750000e+02;-5.6756297e-03;2.2750000e+02;-1.9016024e-04;2.2750000e+02;1.1210347e-02;2.2750000e+02;2.8429013e-02;2.2750000e+02;4.8750639e-02;2.2750000e+02;7.1091674e-02;2.2750000e+02;9.2782542e-02;2.2750000e+02;1.1331841e-01;2.2750000e+02;1.3355045e-01;2.2750000e+02;1.5472263e-01;2.2750000e+02;1.8196273e-01;2.2750000e+02;2.1049330e-01;2.2750000e+02;2.2676671e-01;2.2750000e+02;2.1529260e-01;2.2750000e+02;1.8123682e-01;2.2750000e+02;1.3333637e-01;2.2750000e+02;8.3690196e-02;2.2750000e+02;3.8645819e-02;2.2750000e+02;-5.6756297e-03;2.2750000e+02;-1.9016024e-04;2.2750000e+02;1.1210347e-02;2.2750000e+02;2.8429013e-02;2.2750000e+02;4.8750639e-02;2.2750000e+02;7.1091674e-02;2.2750000e+02;9.2782542e-02;2.2750000e+02;1.1331841e-01;2.2750000e+02;1.3355045e-01;2.2750000e+02;1.5472263e-01;2.2750000e+02;1.8196273e-01;2.2750000e+02;2.1049330e-01;2.2750000e+02;2.2676671e-01;2.2750000e+02;2.1529260e-01;2.2750000e+02;1.8123682e-01;2.2750000e+02;1.3333637e-01;2.2750000e+02;8.3690196e-02;2.2750000e+02;3.8645819e-02;2.2750000e+02;-5.6756297e-03;2.2750000e+02;-1.9016024e-04;2.2750000e+02;1.1210347e-02;2.2750000e+02;2.8429013e-02;2.2750000e+02;4.8750639e-02;2.2750000e+02;7.1091674e-02;2.2750000e+02;9.2782542e-02;2.2750000e+02;1.1331841e-01;2.2750000e+02;1.3355045e-01;2.2750000e+02;1.5472263e-01;2.2750000e+02;1.8196273e-01;2.2750000e+02;2.1049330e-01;2.2750000e+02;2.2676671e-01;2.2750000e+02;2.1529260e-01;2.2750000e+02;1.8123682e-01;2.2750000e+02;1.3333637e-01;2.2750000e+02;8.3690196e-02;2.2750000e+02;3.8645819e-02;2.2750000e+02;-5.6756297e-03;2.2750000e+02;-1.9016024e-04;2.2750000e+02;1.1210347e-02;2.2750000e+02;2.8429013e-02;2.2750000e+02;4.8750639e-02;2.2750000e+02;7.1091674e-02;2.2750000e+02;9.2782542e-02;2.2750000e+02;1.1331841e-01;2.2750000e+02;1.3355045e-01;2.2750000e+02;1.5472263e-01;2.2750000e+02;1.8196273e-01;2.2750000e+02;2.1049330e-01;2.2750000e+02;2.2676671e-01;2.2750000e+02;2.1529260e-01;2.2750000e+02;1.8123682e-01;2.2750000e+02;1.3333637e-01;2.2750000e+02;8.3690196e-02;2.2750000e+02;3.8645819e-02;2.2750000e+02;-5.6756297e-03;2.2750000e+02;-1.9016024e-04;2.2750000e+02;1.1210347e-02;2.2750000e+02;2.8429013e-02;2.2750000e+02;4.8750639e-02;2.2750000e+02;7.1091674e-02;2.2750000e+02;9.2782542e-02;2.2750000e+02;1.1331841e-01;2.2750000e+02;1.3355045e-01;2.2750000e+02;1.5472263e-01;2.2750000e+02;1.8196273e-01;2.2750000e+02;2.1049330e-01;2.2750000e+02;2.2676671e-01;2.2750000e+02;2.1529260e-01;2.2750000e+02;1.8123682e-01;2.2750000e+02;1.3333637e-01;2.2750000e+02;8.3690196e-02;2.2750000e+02;3.8645819e-02;2.2750000e+02;-5.6756297e-03;2.2750000e+02;-1.9016024e-04;2.2750000e+02;1.1210347e-02;2.2750000e+02;2.8429013e-02;2.2750000e+02;4.8750639e-02;2.2750000e+02;7.1091674e-02;2.2750000e+02;9.2782542e-02;2.2750000e+02;1.1331841e-01;2.2750000e+02;1.3355045e-01;2.2750000e+02;1.5472263e-01;2.2750000e+02;1.8196273e-01;2.2750000e+02;2.1049330e-01;2.2750000e+02;2.2676671e-01;2.2750000e+02;2.1529260e-01;2.2750000e+02;1.8123682e-01;2.2750000e+02;1.3333637e-01;2.2750000e+02;8.3690196e-02;2.2750000e+02;3.8645819e-02;2.2750000e+02;-5.6756297e-03;2.2750000e+02;-1.9016024e-04;2.2750000e+02;1.1210347e-02;2.2750000e+02;2.8429013e-02;2.2750000e+02;4.8750639e-02;2.2750000e+02;7.1091674e-02;2.2750000e+02;9.2782542e-02;2.2750000e+02;1.1331841e-01;2.2750000e+02;1.3355045e-01;2.2750000e+02;1.5472263e-01;2.2750000e+02;1.8196273e-01;2.2750000e+02;2.1049330e-01;2.2750000e+02;2.2676671e-01;2.2750000e+02;2.1529260e-01;2.2750000e+02;1.8123682e-01;2.2750000e+02;1.3333637e-01;2.2750000e+02;8.3690196e-02;2.2750000e+02;3.8645819e-02;2.2750000e+02;-5.6756297e-03;2.2750000e+02;-1.9016024e-04;2.2750000e+02;1.1210347e-02;2.2750000e+02;2.8429013e-02;2.2750000e+02;4.8750639e-02;2.2750000e+02;7.1091674e-02;2.2750000e+02;9.2782542e-02;2.2750000e+02;1.1331841e-01;2.2750000e+02;1.3355045e-01;2.2750000e+02;1.5472263e-01;2.2750000e+02;1.8196273e-01;2.2750000e+02;2.1049330e-01;2.2750000e+02;2.2676671e-01;2.2750000e+02;2.1529260e-01;2.2750000e+02;1.8123682e-01;2.2750000e+02;1.3333637e-01;2.2750000e+02;8.3690196e-02;2.2750000e+02;3.8645819e-02;2.2750000e+02;-5.6756297e-03;2.2750000e+02;-1.9016024e-04;2.2750000e+02;1.1210347e-02;2.2750000e+02;2.8429013e-02;2.2750000e+02;4.8750639e-02;2.2750000e+02;7.1091674e-02;2.2750000e+02;9.2782542e-02;2.2750000e+02;1.1331841e-01;2.2750000e+02;1.3355045e-01;2.2750000e+02;1.5472263e-01;2.2750000e+02;1.8196273e-01;2.2750000e+02;2.1049330e-01;2.2750000e+02;2.2676671e-01;2.2750000e+02;2.1529260e-01;2.2750000e+02;1.8123682e-01;2.2750000e+02;1.3333637e-01;2.2750000e+02;8.3690196e-02;2.2750000e+02;3.8645819e-02;2.2750000e+02;-5.6756297e-03;2.2750000e+02;-1.9016024e-04;2.2750000e+02;1.1210347e-02;2.2750000e+02;2.8429013e-02;2.2750000e+02;4.8750639e-02;2.2750000e+02;7.1091674e-02;2.2750000e+02;9.2782542e-02;2.2750000e+02;1.1331841e-01;2.2750000e+02;1.3355045e-01;2.2750000e+02;1.5472263e-01;2.2750000e+02;1.8196273e-01;2.2750000e+02;2.1049330e-01;2.2750000e+02;2.2676671e-01;2.2750000e+02;2.1529260e-01;2.2750000e+02;1.8123682e-01;2.2750000e+02;1.3333637e-01;2.2750000e+02;8.3690196e-02;2.2750000e+02;3.8645819e-02;2.2750000e+02;-5.6756297e-03;2.2750000e+02;-1.9016024e-04;2.2750000e+02;1.1210347e-02;2.2750000e+02;2.8429013e-02;2.2750000e+02;4.8750639e-02;2.2750000e+02;7.1091674e-02;2.2750000e+02;9.2782542e-02;2.2750000e+02;1.1331841e-01;2.2750000e+02;1.3355045e-01;2.2750000e+02;1.5472263e-01;2.2750000e+02;1.8196273e-01;2.2750000e+02;2.1049330e-01;2.2750000e+02;2.2676671e-01;2.2750000e+02;2.1529260e-01;2.2750000e+02;1.8123682e-01;2.2750000e+02;1.3333637e-01;2.2750000e+02;8.3690196e-02;2.2750000e+02;3.8645819e-02;2.2750000e+02;-5.6756297e-03;2.2750000e+02;-1.9016024e-04;2.2750000e+02;1.1210347e-02;2.2750000e+02;2.8429013e-02;2.2750000e+02;4.8750639e-02;2.2750000e+02;7.1091674e-02;2.2750000e+02;9.2782542e-02;2.2750000e+02;1.1331841e-01;2.2750000e+02;1.3355045e-01;2.2750000e+02;1.5472263e-01;2.2750000e+02;1.8196273e-01;2.2750000e+02;2.1049330e-01;2.2750000e+02;2.2676671e-01;2.2750000e+02;2.1529260e-01;2.2750000e+02;1.8123682e-01;2.2750000e+02;1.3333637e-01;2.2750000e+02;8.3690196e-02;2.2750000e+02;3.8645819e-02;2.2750000e+02;-5.6756297e-03;2.2750000e+02;-1.9016024e-04;2.2750000e+02;1.1210347e-02;2.2750000e+02;2.8429013e-02;2.2750000e+02;4.8750639e-02;2.2750000e+02;7.1091674e-02;2.2750000e+02;9.2782542e-02;2.2750000e+02;1.1331841e-01;2.2750000e+02;1.3355045e-01;2.2750000e+02;1.5472263e-01;2.2750000e+02;1.8196273e-01;2.2750000e+02;2.1049330e-01;2.2750000e+02;2.2676671e-01;2.2750000e+02;2.1529260e-01;2.2750000e+02;1.8123682e-01;2.2750000e+02;1.3333637e-01;2.2750000e+02;8.3690196e-02;2.2750000e+02;3.8645819e-02;2.2750000e+02;-5.6756297e-03;2.2750000e+02;-1.9016024e-04;2.2750000e+02;1.1210347e-02;2.2750000e+02;2.8429013e-02;2.2750000e+02;4.8750639e-02;2.2750000e+02;7.1091674e-02;2.2750000e+02;9.2782542e-02;2.2750000e+02;1.1331841e-01;2.2750000e+02;1.3355045e-01;2.2750000e+02;1.5472263e-01;2.2750000e+02;1.8196273e-01;2.2750000e+02;2.1049330e-01;2.2750000e+02;2.2676671e-01;2.2750000e+02;2.1529260e-01;2.2750000e+02;1.8123682e-01;2.2750000e+02;1.3333637e-01;2.2750000e+02;8.3690196e-02;2.2750000e+02;3.8645819e-02;2.2750000e+02;-5.6756297e-03;2.2750000e+02;-1.9016024e-04;2.2750000e+02;1.1210347e-02;2.2750000e+02;2.8429013e-02;2.2750000e+02;4.8750639e-02;2.2750000e+02;7.1091674e-02;2.2750000e+02;9.2782542e-02;2.2750000e+02;1.1331841e-01;2.2750000e+02;1.3355045e-01;2.2750000e+02;1.5472263e-01;2.2750000e+02;1.8196273e-01;2.2750000e+02;2.1049330e-01;2.2750000e+02;2.2676671e-01;2.2750000e+02;2.1529260e-01;2.2750000e+02;1.8123682e-01;2.2750000e+02;1.3333637e-01;2.2750000e+02;8.3690196e-02;2.2750000e+02;3.8645819e-02;2.2750000e+02;-5.6756297e-03;2.2750000e+02;-1.9016024e-04;2.2750000e+02;1.1210347e-02;2.2750000e+02;2.8429013e-02;2.2750000e+02;4.8750639e-02;2.2750000e+02;7.1091674e-02;2.2750000e+02;9.2782542e-02;2.2750000e+02;1.1331841e-01;2.2750000e+02;1.3355045e-01;2.2750000e+02;1.5472263e-01;2.2750000e+02;1.8196273e-01;2.2750000e+02;2.1049330e-01;2.2750000e+02;2.2676671e-01;2.2750000e+02;2.1529260e-01;2.2750000e+02;1.8123682e-01;2.2750000e+02;1.3333637e-01;2.2750000e+02;8.3690196e-02;2.2750000e+02;3.8645819e-02;2.2750000e+02;-5.6756297e-03;2.2750000e+02;-1.9016024e-04;2.2750000e+02;1.1210347e-02;2.2750000e+02;2.8429013e-02;2.2750000e+02;4.8750639e-02;2.2750000e+02;7.1091674e-02;2.2750000e+02;9.2782542e-02;2.2750000e+02;1.1331841e-01;2.2750000e+02;1.3355045e-01;2.2750000e+02;1.5472263e-01;2.2750000e+02;1.8196273e-01;2.2750000e+02;2.1049330e-01;2.2750000e+02;2.2676671e-01;2.2750000e+02;2.1529260e-01;2.2750000e+02;1.8123682e-01;2.2750000e+02;1.3333637e-01;2.2750000e+02;8.3690196e-02;2.2750000e+02;3.8645819e-02;2.2750000e+02;-5.6756297e-03;2.2750000e+02;-1.9016024e-04;2.2750000e+02;1.1210347e-02;2.2750000e+02;2.8429013e-02;2.2750000e+02;4.8750639e-02;2.2750000e+02;7.1091674e-02;2.2750000e+02;9.2782542e-02;2.2750000e+02;1.1331841e-01;2.2750000e+02;1.3355045e-01;2.2750000e+02;1.5472263e-01;2.2750000e+02;1.8196273e-01;2.2750000e+02;2.1049330e-01;2.2750000e+02;2.2676671e-01;2.2750000e+02;2.1529260e-01;2.2750000e+02;1.8123682e-01;2.2750000e+02;1.3333637e-01;2.2750000e+02;8.3690196e-02;2.2750000e+02;3.8645819e-02;2.2750000e+02;-5.6756297e-03;2.2750000e+02;-1.9016024e-04;2.2750000e+02;1.1210347e-02;2.2750000e+02;2.8429013e-02;2.2750000e+02;4.8750639e-02;2.2750000e+02;7.1091674e-02;2.2750000e+02;9.2782542e-02;2.2750000e+02;1.1331841e-01;2.2750000e+02;1.3355045e-01;2.2750000e+02;1.5472263e-01;2.2750000e+02;1.8196273e-01;2.2750000e+02;2.1049330e-01;2.2750000e+02;2.2676671e-01;2.2750000e+02;2.1529260e-01;2.2750000e+02;1.8123682e-01;2.2750000e+02;1.3333637e-01;2.2750000e+02;8.3690196e-02;2.2750000e+02;3.8645819e-02;2.2750000e+02;-5.6756297e-03;2.2750000e+02;-1.9016024e-04;2.2750000e+02;1.1210347e-02;2.2750000e+02;2.8429013e-02;2.2750000e+02;4.8750639e-02;2.2750000e+02;7.1091674e-02;2.2750000e+02;9.2782542e-02;2.2750000e+02;1.1331841e-01;2.2750000e+02;1.3355045e-01;2.2750000e+02;1.5472263e-01;2.2750000e+02;1.8196273e-01;2.2750000e+02;2.1049330e-01;2.2750000e+02;2.2676671e-01;2.2750000e+02;2.1529260e-01;2.2750000e+02;1.8123682e-01;2.2750000e+02;1.3333637e-01;2.2750000e+02;8.3690196e-02;2.2750000e+02;3.8645819e-02;2.2750000e+02;-5.6756297e-03;2.2750000e+02;-1.9016024e-04;2.2750000e+02;1.1210347e-02;2.2750000e+02;2.8429013e-02;2.2750000e+02;4.8750639e-02;2.2750000e+02;7.1091674e-02;2.2750000e+02;9.2782542e-02;2.2750000e+02;1.1331841e-01;2.2750000e+02;1.3355045e-01;2.2750000e+02;1.5472263e-01;2.2750000e+02;1.8196273e-01;2.2750000e+02;2.1049330e-01;2.2750000e+02;2.2676671e-01;2.2750000e+02;2.1529260e-01;2.2750000e+02;1.8123682e-01;2.2750000e+02;1.3333637e-01;2.2750000e+02;8.3690196e-02;2.2750000e+02;3.8645819e-02;2.2750000e+02;-5.6756297e-03;2.2750000e+02;-1.9016024e-04;2.2750000e+02;1.1210347e-02;2.2750000e+02;2.8429013e-02;2.2750000e+02;4.8750639e-02;2.2750000e+02;7.1091674e-02;2.2750000e+02;9.2782542e-02;2.2750000e+02;1.1331841e-01;2.2750000e+02;1.3355045e-01;2.2750000e+02;1.5472263e-01;2.2750000e+02;1.8196273e-01;2.2750000e+02;2.1049330e-01;2.2750000e+02;2.2676671e-01;2.2750000e+02;2.1529260e-01;2.2750000e+02;1.8123682e-01;2.2750000e+02;1.3333637e-01;2.2750000e+02;8.3690196e-02;2.2750000e+02;3.8645819e-02;2.2750000e+02;-5.6756297e-03;2.2750000e+02;-1.9016024e-04;2.2750000e+02;1.1210347e-02;2.2750000e+02;2.8429013e-02;2.2750000e+02;4.8750639e-02;2.2750000e+02;7.1091674e-02;2.2750000e+02;9.2782542e-02;2.2750000e+02;1.1331841e-01;2.2750000e+02;1.3355045e-01;2.2750000e+02;1.5472263e-01;2.2750000e+02;1.8196273e-01;2.2750000e+02;2.1049330e-01;2.2750000e+02;2.2676671e-01;2.2750000e+02;2.1529260e-01;2.2750000e+02;1.8123682e-01;2.2750000e+02;1.3333637e-01;2.2750000e+02;8.3690196e-02;2.2750000e+02;3.8645819e-02;2.2750000e+02;-5.6756297e-03;2.2750000e+02;-1.9016024e-04;2.2750000e+02;1.1210347e-02;2.2750000e+02;2.8429013e-02;2.2750000e+02;4.8750639e-02;2.2750000e+02;7.1091674e-02;2.2750000e+02;9.2782542e-02;2.2750000e+02;1.1331841e-01;2.2750000e+02;1.3355045e-01;2.2750000e+02;1.5472263e-01;2.2750000e+02;1.8196273e-01;2.2750000e+02;2.1049330e-01;2.2750000e+02;2.2676671e-01;2.2750000e+02;2.1529260e-01;2.2750000e+02;1.8123682e-01;2.2750000e+02;1.3333637e-01;2.2750000e+02;8.3690196e-02;2.2750000e+02;3.8645819e-02;2.2750000e+02;-5.6756297e-03;2.2750000e+02;-1.9016024e-04;2.2750000e+02;1.1210347e-02;2.2750000e+02;2.8429013e-02;2.2750000e+02;4.8750639e-02;2.2750000e+02;7.1091674e-02;2.2750000e+02;9.2782542e-02;2.2750000e+02;1.1331841e-01;2.2750000e+02;1.3355045e-01;2.2750000e+02;1.5472263e-01;2.2750000e+02;1.8196273e-01;2.2750000e+02;2.1049330e-01;2.2750000e+02;2.2676671e-01;2.2750000e+02;2.1529260e-01;2.2750000e+02;1.8123682e-01;2.2750000e+02;1.3333637e-01;2.2750000e+02;8.3690196e-02;2.2750000e+02;3.8645819e-02;2.2750000e+02;-5.6756297e-03;2.2750000e+02;-1.9016024e-04;2.2750000e+02;1.1210347e-02;2.2750000e+02;2.8429013e-02;2.2750000e+02;4.8750639e-02;2.2750000e+02;7.1091674e-02;2.2750000e+02;9.2782542e-02;2.2750000e+02;1.1331841e-01;2.2750000e+02;1.3355045e-01;2.2750000e+02;1.5472263e-01;2.2750000e+02;1.8196273e-01;2.2750000e+02;2.1049330e-01;2.2750000e+02;2.2676671e-01;2.2750000e+02;2.1529260e-01;2.2750000e+02;1.8123682e-01;2.2750000e+02;1.3333637e-01;2.2750000e+02;8.3690196e-02;2.2750000e+02;3.8645819e-02;2.2750000e+02;-5.6756297e-03;2.2750000e+02;-1.9016024e-04;2.2750000e+02;1.1210347e-02;2.2750000e+02;2.8429013e-02;2.2750000e+02;4.8750639e-02;2.2750000e+02;7.1091674e-02;2.2750000e+02;9.2782542e-02;2.2750000e+02;1.1331841e-01;2.2750000e+02;1.3355045e-01;2.2750000e+02;1.5472263e-01;2.2750000e+02;1.8196273e-01;2.2750000e+02;2.1049330e-01;2.2750000e+02;2.2676671e-01;2.2750000e+02;2.1529260e-01;2.2750000e+02;1.8123682e-01;2.2750000e+02;1.3333637e-01;2.2750000e+02;8.3690196e-02;2.2750000e+02;3.8645819e-02;2.2750000e+02;-5.6756297e-03;2.2750000e+02;-1.9016024e-04;2.2750000e+02;1.1210347e-02;2.2750000e+02;2.8429013e-02;2.2750000e+02;4.8750639e-02;2.2750000e+02;7.1091674e-02;2.2750000e+02;9.2782542e-02;2.2750000e+02;1.1331841e-01;2.2750000e+02;1.3355045e-01;2.2750000e+02;1.5472263e-01;2.2750000e+02;1.8196273e-01;2.2750000e+02;2.1049330e-01;2.2750000e+02;2.2676671e-01;2.2750000e+02;2.1529260e-01;2.2750000e+02;1.8123682e-01;2.2750000e+02;1.3333637e-01;2.2750000e+02;8.3690196e-02;2.2750000e+02;3.8645819e-02;2.2750000e+02;-5.6756297e-03;2.2750000e+02;-1.9016024e-04;2.2750000e+02;1.1210347e-02;2.2750000e+02;2.8429013e-02;2.2750000e+02;4.8750639e-02;2.2750000e+02;7.1091674e-02;2.2750000e+02;9.2782542e-02;2.2750000e+02;1.1331841e-01;2.2750000e+02;1.3355045e-01;2.2750000e+02;1.5472263e-01;2.2750000e+02;1.8196273e-01;2.2750000e+02;2.1049330e-01;2.2750000e+02;2.2676671e-01;2.2750000e+02;2.1529260e-01;2.2750000e+02;1.8123682e-01;2.2750000e+02;1.3333637e-01;2.2750000e+02;8.3690196e-02;2.2750000e+02;3.8645819e-02;2.2750000e+02;-5.6756297e-03;2.2750000e+02;-1.9016024e-04;2.2750000e+02;1.1210347e-02;2.2750000e+02;2.8429013e-02;2.2750000e+02;4.8750639e-02;2.2750000e+02;7.1091674e-02;2.2750000e+02;9.2782542e-02;2.2750000e+02;1.1331841e-01;2.2750000e+02;1.3355045e-01;2.2750000e+02;1.5472263e-01;2.2750000e+02;1.8196273e-01;2.2750000e+02;2.1049330e-01;2.2750000e+02;2.2676671e-01;2.2750000e+02;2.1529260e-01;2.2750000e+02;1.8123682e-01;2.2750000e+02;1.3333637e-01;2.2750000e+02;8.3690196e-02;2.2750000e+02;3.8645819e-02;2.2750000e+02;-5.6756297e-03;2.2750000e+02;-1.9016024e-04;2.2750000e+02;1.1210347e-02;2.2750000e+02;2.8429013e-02;2.2750000e+02;4.8750639e-02;2.2750000e+02;7.1091674e-02;2.2750000e+02;9.2782542e-02;2.2750000e+02;1.1331841e-01;2.2750000e+02;1.3355045e-01;2.2750000e+02;1.5472263e-01;2.2750000e+02;1.8196273e-01;2.2750000e+02;2.1049330e-01;2.2750000e+02;2.2676671e-01;2.2750000e+02;2.1529260e-01;2.2750000e+02;1.8123682e-01;2.2750000e+02;1.3333637e-01;2.2750000e+02;8.3690196e-02;2.2750000e+02;3.8645819e-02;2.2750000e+02;-5.6756297e-03;2.2750000e+02;-1.9016024e-04;2.2750000e+02;1.1210347e-02;2.2750000e+02;2.8429013e-02;2.2750000e+02;4.8750639e-02;2.2750000e+02;7.1091674e-02;2.2750000e+02;9.2782542e-02;2.2750000e+02;1.1331841e-01;2.2750000e+02;1.3355045e-01;2.2750000e+02;1.5472263e-01;2.2750000e+02;1.8196273e-01;2.2750000e+02;2.1049330e-01;2.2750000e+02;2.2676671e-01;2.2750000e+02;2.1529260e-01;2.2750000e+02;1.8123682e-01;2.2750000e+02;1.3333637e-01;2.2750000e+02;8.3690196e-02;2.2750000e+02;3.8645819e-02;2.2750000e+02;-5.6756297e-03;2.2750000e+02;-1.9016024e-04;2.2750000e+02;1.1210347e-02;2.2750000e+02;2.8429013e-02;2.2750000e+02;4.8750639e-02;2.2750000e+02;7.1091674e-02;2.2750000e+02;9.2782542e-02;2.2750000e+02;1.1331841e-01;2.2750000e+02;1.3355045e-01;2.2750000e+02;1.5472263e-01;2.2750000e+02;1.8196273e-01;2.2750000e+02;2.1049330e-01;2.2750000e+02;2.2676671e-01;2.2750000e+02;2.1529260e-01;2.2750000e+02;1.8123682e-01;2.2750000e+02;1.3333637e-01;2.2750000e+02;8.3690196e-02;2.2750000e+02;3.8645819e-02;2.2750000e+02;-5.6756297e-03;2.2750000e+02;-1.9016024e-04;2.2750000e+02;1.1210347e-02;2.2750000e+02;2.8429013e-02;2.2750000e+02;4.8750639e-02;2.2750000e+02;7.1091674e-02;2.2750000e+02;9.2782542e-02;2.2750000e+02;1.1331841e-01;2.2750000e+02;1.3355045e-01;2.2750000e+02;1.5472263e-01;2.2750000e+02;1.8196273e-01;2.2750000e+02;2.1049330e-01;2.2750000e+02;2.2676671e-01;2.2750000e+02;2.1529260e-01;2.2750000e+02;1.8123682e-01;2.2750000e+02;1.3333637e-01;2.2750000e+02;8.3690196e-02;2.2750000e+02;3.8645819e-02;2.2750000e+02;-5.6756297e-03;2.2750000e+02;-1.9016024e-04;2.2750000e+02;1.1210347e-02;2.2750000e+02;2.8429013e-02;2.2750000e+02;4.8750639e-02;2.2750000e+02;7.1091674e-02;2.2750000e+02;9.2782542e-02;2.2750000e+02;1.1331841e-01;2.2750000e+02;1.3355045e-01;2.2750000e+02;1.5472263e-01;2.2750000e+02;1.8196273e-01;2.2750000e+02;2.1049330e-01;2.2750000e+02;2.2676671e-01;2.2750000e+02;2.1529260e-01;2.2750000e+02;1.8123682e-01;2.2750000e+02;1.3333637e-01;2.2750000e+02;8.3690196e-02;2.2750000e+02;3.8645819e-02;2.2750000e+02;-5.6756297e-03;2.2750000e+02;-1.9016024e-04;2.2750000e+02;1.1210347e-02;2.2750000e+02;2.8429013e-02;2.2750000e+02;4.8750639e-02;2.2750000e+02;7.1091674e-02;2.2750000e+02;9.2782542e-02;2.2750000e+02;1.1331841e-01;2.2750000e+02;1.3355045e-01;2.2750000e+02;1.5472263e-01;2.2750000e+02;1.8196273e-01;2.2750000e+02;2.1049330e-01;2.2750000e+02;2.2676671e-01;2.2750000e+02;2.1529260e-01;2.2750000e+02;1.8123682e-01;2.2750000e+02;1.3333637e-01;2.2750000e+02;8.3690196e-02;2.2750000e+02;3.8645819e-02;2.2750000e+02;-5.6756297e-03;2.2750000e+02;-1.9016024e-04;2.2750000e+02;1.1210347e-02;2.2750000e+02;2.8429013e-02;2.2750000e+02;4.8750639e-02;2.2750000e+02;7.1091674e-02;2.2750000e+02;9.2782542e-02;2.2750000e+02;1.1331841e-01;2.2750000e+02;1.3355045e-01;2.2750000e+02;1.5472263e-01;2.2750000e+02;1.8196273e-01;2.2750000e+02;2.1049330e-01;2.2750000e+02;2.2676671e-01;2.2750000e+02;2.1529260e-01;2.2750000e+02;1.8123682e-01;2.2750000e+02;1.3333637e-01;2.2750000e+02;8.3690196e-02;2.2750000e+02;3.8645819e-02;2.2750000e+02;-5.6756297e-03;2.2750000e+02;-1.9016024e-04;2.2750000e+02;1.1210347e-02;2.2750000e+02;2.8429013e-02;2.2750000e+02;4.8750639e-02;2.2750000e+02;7.1091674e-02;2.2750000e+02;9.2782542e-02;2.2750000e+02;1.1331841e-01;2.2750000e+02;1.3355045e-01;2.2750000e+02;1.5472263e-01;2.2750000e+02;1.8196273e-01;2.2750000e+02;2.1049330e-01;2.2750000e+02;2.2676671e-01;2.2750000e+02;2.1529260e-01;2.2750000e+02;1.8123682e-01;2.2750000e+02;1.3333637e-01;2.2750000e+02;8.3690196e-02;2.2750000e+02;3.8645819e-02;2.2750000e+02;-5.6756297e-03;2.2750000e+02;-1.9016024e-04;2.2750000e+02;1.1210347e-02;2.2750000e+02;2.8429013e-02;2.2750000e+02;4.8750639e-02;2.2750000e+02;7.1091674e-02;2.2750000e+02;9.2782542e-02;2.2750000e+02;1.1331841e-01;2.2750000e+02;1.3355045e-01;2.2750000e+02;1.5472263e-01;2.2750000e+02;1.8196273e-01;2.2750000e+02;2.1049330e-01;2.2750000e+02;2.2676671e-01;2.2750000e+02;2.1529260e-01;2.2750000e+02;1.8123682e-01;2.2750000e+02;1.3333637e-01;2.2750000e+02;8.3690196e-02;2.2750000e+02;3.8645819e-02;2.2750000e+02;-5.6756297e-03;2.2750000e+02;-1.9016024e-04;2.2750000e+02;1.1210347e-02;2.2750000e+02;2.8429013e-02;2.2750000e+02;4.8750639e-02;2.2750000e+02;7.1091674e-02;2.2750000e+02;9.2782542e-02;2.2750000e+02;1.1331841e-01;2.2750000e+02;1.3355045e-01;2.2750000e+02;1.5472263e-01;2.2750000e+02;1.8196273e-01;2.2750000e+02;2.1049330e-01;2.2750000e+02;2.2676671e-01;2.2750000e+02;2.1529260e-01;2.2750000e+02;1.8123682e-01;2.2750000e+02;1.3333637e-01;2.2750000e+02;8.3690196e-02;2.2750000e+02;3.8645819e-02;2.2750000e+02;-5.6756297e-03;2.2750000e+02;-1.9016024e-04;2.2750000e+02;1.1210347e-02;2.2750000e+02;2.8429013e-02;2.2750000e+02;4.8750639e-02;2.2750000e+02;7.1091674e-02;2.2750000e+02;9.2782542e-02;2.2750000e+02;1.1331841e-01;2.2750000e+02;1.3355045e-01;2.2750000e+02;1.5472263e-01;2.2750000e+02;1.8196273e-01;2.2750000e+02;2.1049330e-01;2.2750000e+02;2.2676671e-01;2.2750000e+02;2.1529260e-01;2.2750000e+02;1.8123682e-01;2.2750000e+02;1.3333637e-01;2.2750000e+02;8.3690196e-02;2.2750000e+02;3.8645819e-02;2.2750000e+02;-5.6756297e-03;2.2750000e+02;-1.9016024e-04;2.2750000e+02;1.1210347e-02;2.2750000e+02;2.8429013e-02;2.2750000e+02;4.8750639e-02;2.2750000e+02;7.1091674e-02;2.2750000e+02;9.2782542e-02;2.2750000e+02;1.1331841e-01;2.2750000e+02;1.3355045e-01;2.2750000e+02;1.5472263e-01;2.2750000e+02;1.8196273e-01;2.2750000e+02;2.1049330e-01;2.2750000e+02;2.2676671e-01;2.2750000e+02;2.1529260e-01;2.2750000e+02;1.8123682e-01;2.2750000e+02;1.3333637e-01;2.2750000e+02;8.3690196e-02;2.2750000e+02;3.8645819e-02;2.2750000e+02;-5.6756297e-03;2.2750000e+02;-1.9016024e-04;2.2750000e+02;1.1210347e-02;2.2750000e+02;2.8429013e-02;2.2750000e+02;4.8750639e-02;2.2750000e+02;7.1091674e-02;2.2750000e+02;9.2782542e-02;2.2750000e+02;1.1331841e-01;2.2750000e+02;1.3355045e-01;2.2750000e+02;1.5472263e-01;2.2750000e+02;1.8196273e-01;2.2750000e+02;2.1049330e-01;2.2750000e+02;2.2676671e-01;2.2750000e+02;2.1529260e-01;2.2750000e+02;1.8123682e-01;2.2750000e+02;1.3333637e-01;2.2750000e+02;8.3690196e-02;2.2750000e+02;3.8645819e-02;2.2750000e+02;-5.6756297e-03;2.2750000e+02;-1.9016024e-04;2.2750000e+02;1.1210347e-02;2.2750000e+02;2.8429013e-02;2.2750000e+02;4.8750639e-02;2.2750000e+02;7.1091674e-02;2.2750000e+02;9.2782542e-02;2.2750000e+02;1.1331841e-01;2.2750000e+02;1.3355045e-01;2.2750000e+02;1.5472263e-01;2.2750000e+02;1.8196273e-01;2.2750000e+02;2.1049330e-01;2.2750000e+02;2.2676671e-01;2.2750000e+02;2.1529260e-01;2.2750000e+02;1.8123682e-01;2.2750000e+02;1.3333637e-01;2.2750000e+02;8.3690196e-02;2.2750000e+02;3.8645819e-02;2.2750000e+02;-5.6756297e-03;2.2750000e+02;-1.9016024e-04;2.2750000e+02;1.1210347e-02;2.2750000e+02;2.8429013e-02;2.2750000e+02;4.8750639e-02;2.2750000e+02;7.1091674e-02;2.2750000e+02;9.2782542e-02;2.2750000e+02;1.1331841e-01;2.2750000e+02;1.3355045e-01;2.2750000e+02;1.5472263e-01;2.2750000e+02;1.8196273e-01;2.2750000e+02;2.1049330e-01;2.2750000e+02;2.2676671e-01;2.2750000e+02;2.1529260e-01;2.2750000e+02;1.8123682e-01;2.2750000e+02;1.3333637e-01;2.2750000e+02;8.3690196e-02;2.2750000e+02;3.8645819e-02;2.2750000e+02;-5.6756297e-03;2.2750000e+02;-1.9016024e-04;2.2750000e+02;1.1210347e-02;2.2750000e+02;2.8429013e-02;2.2750000e+02;4.8750639e-02;2.2750000e+02;7.1091674e-02;2.2750000e+02;9.2782542e-02;2.2750000e+02;1.1331841e-01;2.2750000e+02;1.3355045e-01;2.2750000e+02;1.5472263e-01;2.2750000e+02;1.8196273e-01;2.2750000e+02;2.1049330e-01;2.2750000e+02;2.2676671e-01;2.2750000e+02;2.1529260e-01;2.2750000e+02;1.8123682e-01;2.2750000e+02;1.3333637e-01;2.2750000e+02;8.3690196e-02;2.2750000e+02;3.8645819e-02;2.2750000e+02;-5.6756297e-03;2.2750000e+02;-1.9016024e-04;2.2750000e+02;1.1210347e-02;2.2750000e+02;2.8429013e-02;2.2750000e+02;4.8750639e-02;2.2750000e+02;7.1091674e-02;2.2750000e+02;9.2782542e-02;2.2750000e+02;1.1331841e-01;2.2750000e+02;1.3355045e-01;2.2750000e+02;1.5472263e-01;2.2750000e+02;1.8196273e-01;2.2750000e+02;2.1049330e-01;2.2750000e+02;2.2676671e-01;2.2750000e+02;2.1529260e-01;2.2750000e+02;1.8123682e-01;2.2750000e+02;1.3333637e-01;2.2750000e+02;8.3690196e-02;2.2750000e+02;3.8645819e-02;2.2750000e+02;-5.6756297e-03;2.2750000e+02;-1.9016024e-04;2.2750000e+02;1.1210347e-02;2.2750000e+02;2.8429013e-02;2.2750000e+02;4.8750639e-02;2.2750000e+02;7.1091674e-02;2.2750000e+02;9.2782542e-02;2.2750000e+02;1.1331841e-01;2.2750000e+02;1.3355045e-01;2.2750000e+02;1.5472263e-01;2.2750000e+02;1.8196273e-01;2.2750000e+02;2.1049330e-01;2.2750000e+02;2.2676671e-01;2.2750000e+02;2.1529260e-01;2.2750000e+02;1.8123682e-01;2.2750000e+02;1.3333637e-01;2.2750000e+02;8.3690196e-02;2.2750000e+02;3.8645819e-02;2.2750000e+02;-5.6756297e-03;2.2750000e+02;-1.9016024e-04;2.2750000e+02;1.1210347e-02;2.2750000e+02;2.8429013e-02;2.2750000e+02;4.8750639e-02;2.2750000e+02;7.1091674e-02;2.2750000e+02;9.2782542e-02;2.2750000e+02;1.1331841e-01;2.2750000e+02;1.3355045e-01;2.2750000e+02;1.5472263e-01;2.2750000e+02;1.8196273e-01;2.2750000e+02;2.1049330e-01;2.2750000e+02;2.2676671e-01;2.2750000e+02;2.1529260e-01;2.2750000e+02;1.8123682e-01;2.2750000e+02;1.3333637e-01;2.2750000e+02;8.3690196e-02;2.2750000e+02;3.8645819e-02;2.2750000e+02;-5.6756297e-03;2.2750000e+02;-1.9016024e-04;2.2750000e+02;1.1210347e-02;2.2750000e+02;2.8429013e-02;2.2750000e+02;4.8750639e-02;2.2750000e+02;7.1091674e-02;2.2750000e+02;9.2782542e-02;2.2750000e+02;1.1331841e-01;2.2750000e+02;1.3355045e-01;2.2750000e+02;1.5472263e-01;2.2750000e+02;1.8196273e-01;2.2750000e+02;2.1049330e-01;2.2750000e+02;2.2676671e-01;2.2750000e+02;2.1529260e-01;2.2750000e+02;1.8123682e-01;2.2750000e+02;1.3333637e-01;2.2750000e+02;8.3690196e-02;2.2750000e+02;3.8645819e-02;2.2750000e+02;-5.6756297e-03;2.2750000e+02;-1.9016024e-04;2.2750000e+02;1.1210347e-02;2.2750000e+02;2.8429013e-02;2.2750000e+02;4.8750639e-02;2.2750000e+02;7.1091674e-02;2.2750000e+02;9.2782542e-02;2.2750000e+02;1.1331841e-01;2.2750000e+02;1.3355045e-01;2.2750000e+02;1.5472263e-01;2.2750000e+02;1.8196273e-01;2.2750000e+02;2.1049330e-01;2.2750000e+02;2.2676671e-01;2.2750000e+02;2.1529260e-01;2.2750000e+02;1.8123682e-01;2.2750000e+02;1.3333637e-01;2.2750000e+02;8.3690196e-02;2.2750000e+02;3.8645819e-02;2.2750000e+02;-5.6756297e-03;2.2750000e+02;-1.9016024e-04;2.2750000e+02;1.1210347e-02;2.2750000e+02;2.8429013e-02;2.2750000e+02;4.8750639e-02;2.2750000e+02;7.1091674e-02;2.2750000e+02;9.2782542e-02;2.2750000e+02;1.1331841e-01;2.2750000e+02;1.3355045e-01;2.2750000e+02;1.5472263e-01;2.2750000e+02;1.8196273e-01;2.2750000e+02;2.1049330e-01;2.2750000e+02;2.2676671e-01;2.2750000e+02;2.1529260e-01;2.2750000e+02;1.8123682e-01;2.2750000e+02;1.3333637e-01;2.2750000e+02;8.3690196e-02;2.2750000e+02;3.8645819e-02;2.2750000e+02;-5.6756297e-03;2.2750000e+02;-1.9016024e-04;2.2750000e+02;1.1210347e-02;2.2750000e+02;2.8429013e-02;2.2750000e+02;4.8750639e-02;2.2750000e+02;7.1091674e-02;2.2750000e+02;9.2782542e-02;2.2750000e+02;1.1331841e-01;2.2750000e+02;1.3355045e-01;2.2750000e+02;1.5472263e-01;2.2750000e+02;1.8196273e-01;2.2750000e+02;2.1049330e-01;2.2750000e+02;2.2676671e-01;2.2750000e+02;2.1529260e-01;2.2750000e+02;1.8123682e-01;2.2750000e+02;1.3333637e-01;2.2750000e+02;8.3690196e-02;2.2750000e+02;3.8645819e-02;2.2750000e+02;-5.6756297e-03;2.2750000e+02;-1.9016024e-04;2.2750000e+02;1.1210347e-02;2.2750000e+02;2.8429013e-02;2.2750000e+02;4.8750639e-02;2.2750000e+02;7.1091674e-02;2.2750000e+02;9.2782542e-02;2.2750000e+02;1.1331841e-01;2.2750000e+02;1.3355045e-01;2.2750000e+02;1.5472263e-01;2.2750000e+02;1.8196273e-01;2.2750000e+02;2.1049330e-01;2.2750000e+02;2.2676671e-01;2.2750000e+02;2.1529260e-01;2.2750000e+02;1.8123682e-01;2.2750000e+02;1.3333637e-01;2.2750000e+02;8.3690196e-02;2.2750000e+02;3.8645819e-02;2.2750000e+02;-5.6756297e-03;2.2750000e+02;-1.9016024e-04;2.2750000e+02;1.1210347e-02;2.2750000e+02;2.8429013e-02;2.2750000e+02;4.8750639e-02;2.2750000e+02;7.1091674e-02;2.2750000e+02;9.2782542e-02;2.2750000e+02;1.1331841e-01;2.2750000e+02;1.3355045e-01;2.2750000e+02;1.5472263e-01;2.2750000e+02;1.8196273e-01;2.2750000e+02;2.1049330e-01;2.2750000e+02;2.2676671e-01;2.2750000e+02;2.1529260e-01;2.2750000e+02;1.8123682e-01;2.2750000e+02;1.3333637e-01;2.2750000e+02;8.3690196e-02;2.2750000e+02;3.8645819e-02;2.2750000e+02;-5.6756297e-03;2.2750000e+02;-1.9016024e-04;2.2750000e+02;1.1210347e-02;2.2750000e+02;2.8429013e-02;2.2750000e+02;4.8750639e-02;2.2750000e+02;7.1091674e-02;2.2750000e+02;9.2782542e-02;2.2750000e+02;1.1331841e-01;2.2750000e+02;1.3355045e-01;2.2750000e+02;1.5472263e-01;2.2750000e+02;1.8196273e-01;2.2750000e+02;2.1049330e-01;2.2750000e+02;2.2676671e-01;2.2750000e+02;2.1529260e-01;2.2750000e+02;1.8123682e-01;2.2750000e+02;1.3333637e-01;2.2750000e+02;8.3690196e-02;2.2750000e+02;3.8645819e-02;2.2750000e+02;-5.6756297e-03;2.2750000e+02;-1.9016024e-04;2.2750000e+02;1.1210347e-02;2.2750000e+02;2.8429013e-02;2.2750000e+02;4.8750639e-02;2.2750000e+02;7.1091674e-02;2.2750000e+02;9.2782542e-02;2.2750000e+02;1.1331841e-01;2.2750000e+02;1.3355045e-01;2.2750000e+02;1.5472263e-01;2.2750000e+02;1.8196273e-01;2.2750000e+02;2.1049330e-01;2.2750000e+02;2.2676671e-01;2.2750000e+02;2.1529260e-01;2.2750000e+02;1.8123682e-01;2.2750000e+02;1.3333637e-01;2.2750000e+02;8.3690196e-02;2.2750000e+02;3.8645819e-02;2.2750000e+02;-5.6756297e-03;2.2750000e+02;-1.9016024e-04;2.2750000e+02;1.1210347e-02;2.2750000e+02;2.8429013e-02;2.2750000e+02;4.8750639e-02;2.2750000e+02;7.1091674e-02;2.2750000e+02;9.2782542e-02;2.2750000e+02;1.1331841e-01;2.2750000e+02;1.3355045e-01;2.2750000e+02;1.5472263e-01;2.2750000e+02;1.8196273e-01;2.2750000e+02;2.1049330e-01;2.2750000e+02;2.2676671e-01;2.2750000e+02;2.1529260e-01;2.2750000e+02;1.8123682e-01;2.2750000e+02;1.3333637e-01;2.2750000e+02;8.3690196e-02;2.2750000e+02;3.8645819e-02;2.2750000e+02;-5.6756297e-03;2.2750000e+02;-1.9016024e-04;2.2750000e+02;1.1210347e-02;2.2750000e+02;2.8429013e-02;2.2750000e+02;4.8750639e-02;2.2750000e+02;7.1091674e-02;2.2750000e+02;9.2782542e-02;2.2750000e+02;1.1331841e-01;2.2750000e+02;1.3355045e-01;2.2750000e+02;1.5472263e-01;2.2750000e+02;1.8196273e-01;2.2750000e+02;2.1049330e-01;2.2750000e+02;2.2676671e-01;2.2750000e+02;2.1529260e-01;2.2750000e+02;1.8123682e-01;2.2750000e+02;1.3333637e-01;2.2750000e+02;8.3690196e-02;2.2750000e+02;3.8645819e-02;2.2750000e+02;-5.6756297e-03;2.2750000e+02;-1.9016024e-04;2.2750000e+02;1.1210347e-02;2.2750000e+02;2.8429013e-02;2.2750000e+02;4.8750639e-02;2.2750000e+02;7.1091674e-02;2.2750000e+02;9.2782542e-02;2.2750000e+02;1.1331841e-01;2.2750000e+02;1.3355045e-01;2.2750000e+02;1.5472263e-01;2.2750000e+02;1.8196273e-01;2.2750000e+02;2.1049330e-01;2.2750000e+02;2.2676671e-01;2.2750000e+02;2.1529260e-01;2.2750000e+02;1.8123682e-01;2.2750000e+02;1.3333637e-01;2.2750000e+02;8.3690196e-02;2.2750000e+02;3.8645819e-02;2.2750000e+02;-5.6756297e-03;2.2750000e+02;-1.9016024e-04;2.2750000e+02;1.1210347e-02;2.2750000e+02;2.8429013e-02;2.2750000e+02;4.8750639e-02;2.2750000e+02;7.1091674e-02;2.2750000e+02;9.2782542e-02;2.2750000e+02;1.1331841e-01;2.2750000e+02;1.3355045e-01;2.2750000e+02;1.5472263e-01;2.2750000e+02;1.8196273e-01;2.2750000e+02;2.1049330e-01;2.2750000e+02;2.2676671e-01;2.2750000e+02;2.1529260e-01;2.2750000e+02;1.8123682e-01;2.2750000e+02;1.3333637e-01;2.2750000e+02;8.3690196e-02;2.2750000e+02;3.8645819e-02;2.2750000e+02;-5.6756297e-03;2.2750000e+02;-1.9016024e-04;2.2750000e+02;1.1210347e-02;2.2750000e+02;2.8429013e-02;2.2750000e+02;4.8750639e-02;2.2750000e+02;7.1091674e-02;2.2750000e+02;9.2782542e-02;2.2750000e+02;1.1331841e-01;2.2750000e+02;1.3355045e-01;2.2750000e+02;1.5472263e-01;2.2750000e+02;1.8196273e-01;2.2750000e+02;2.1049330e-01;2.2750000e+02;2.2676671e-01;2.2750000e+02;2.1529260e-01;2.2750000e+02;1.8123682e-01;2.2750000e+02;1.3333637e-01;2.2750000e+02;8.3690196e-02;2.2750000e+02;3.8645819e-02;2.2750000e+02;-5.6756297e-03;2.2750000e+02;-1.9016024e-04;2.2750000e+02;1.1210347e-02;2.2750000e+02;2.8429013e-02;2.2750000e+02;4.8750639e-02;2.2750000e+02;7.1091674e-02;2.2750000e+02;9.2782542e-02;2.2750000e+02;1.1331841e-01;2.2750000e+02;1.3355045e-01;2.2750000e+02;1.5472263e-01;2.2750000e+02;1.8196273e-01;2.2750000e+02;2.1049330e-01;2.2750000e+02;2.2676671e-01;2.2750000e+02;2.1529260e-01;2.2750000e+02;1.8123682e-01;2.2750000e+02;1.3333637e-01;2.2750000e+02;8.3690196e-02;2.2750000e+02;3.8645819e-02;2.2750000e+02;-5.6756297e-03;2.2750000e+02;-1.9016024e-04;2.2750000e+02;1.1210347e-02;2.2750000e+02;2.8429013e-02;2.2750000e+02;4.8750639e-02;2.2750000e+02;7.1091674e-02;2.2750000e+02;9.2782542e-02;2.2750000e+02;1.1331841e-01;2.2750000e+02;1.3355045e-01;2.2750000e+02;1.5472263e-01;2.2750000e+02;1.8196273e-01;2.2750000e+02;2.1049330e-01;2.2750000e+02;2.2676671e-01;2.2750000e+02;2.1529260e-01;2.2750000e+02;1.8123682e-01;2.2750000e+02;1.3333637e-01;2.2750000e+02;8.3690196e-02;2.2750000e+02;3.8645819e-02;2.2750000e+02;-5.6756297e-03;2.2750000e+02;-1.9016024e-04;2.2750000e+02;1.1210347e-02;2.2750000e+02;2.8429013e-02;2.2750000e+02;4.8750639e-02;2.2750000e+02;7.1091674e-02;2.2750000e+02;9.2782542e-02;2.2750000e+02;1.1331841e-01;2.2750000e+02;1.3355045e-01;2.2750000e+02;1.5472263e-01;2.2750000e+02;1.8196273e-01;2.2750000e+02;2.1049330e-01;2.2750000e+02;2.2676671e-01;2.2750000e+02;2.1529260e-01;2.2750000e+02;1.8123682e-01;2.2750000e+02;1.3333637e-01;2.2750000e+02;8.3690196e-02;2.2750000e+02;3.8645819e-02;2.2750000e+02;-5.6756297e-03;2.2750000e+02;-1.9016024e-04;2.2750000e+02;1.1210347e-02;2.2750000e+02;2.8429013e-02;2.2750000e+02;4.8750639e-02;2.2750000e+02;7.1091674e-02;2.2750000e+02;9.2782542e-02;2.2750000e+02;1.1331841e-01;2.2750000e+02;1.3355045e-01;2.2750000e+02;1.5472263e-01;2.2750000e+02;1.8196273e-01;2.2750000e+02;2.1049330e-01;2.2750000e+02;2.2676671e-01;2.2750000e+02;2.1529260e-01;2.2750000e+02;1.8123682e-01;2.2750000e+02;1.3333637e-01;2.2750000e+02;8.3690196e-02;2.2750000e+02;3.8645819e-02;2.2750000e+02;-5.6756297e-03;2.2750000e+02;-1.9016024e-04;2.2750000e+02;1.1210347e-02;2.2750000e+02;2.8429013e-02;2.2750000e+02;4.8750639e-02;2.2750000e+02;7.1091674e-02;2.2750000e+02;9.2782542e-02;2.2750000e+02;1.1331841e-01;2.2750000e+02;1.3355045e-01;2.2750000e+02;1.5472263e-01;2.2750000e+02;1.8196273e-01;2.2750000e+02;2.1049330e-01;2.2750000e+02;2.2676671e-01;2.2750000e+02;2.1529260e-01;2.2750000e+02;1.8123682e-01;2.2750000e+02;1.3333637e-01;2.2750000e+02;8.3690196e-02;2.2750000e+02;3.8645819e-02;2.2750000e+02;-5.6756297e-03;2.2750000e+02;-1.9016024e-04;2.2750000e+02;1.1210347e-02;2.2750000e+02;2.8429013e-02;2.2750000e+02;4.8750639e-02;2.2750000e+02;7.1091674e-02;2.2750000e+02;9.2782542e-02;2.2750000e+02;1.1331841e-01;2.2750000e+02;1.3355045e-01;2.2750000e+02;1.5472263e-01;2.2750000e+02;1.8196273e-01;2.2750000e+02;2.1049330e-01;2.2750000e+02;2.2676671e-01;2.2750000e+02;2.1529260e-01;2.2750000e+02;1.8123682e-01;2.2750000e+02;1.3333637e-01;2.2750000e+02;8.3690196e-02;2.2750000e+02;3.8645819e-02;2.2750000e+02;-5.6756297e-03;2.2750000e+02;-1.9016024e-04;2.2750000e+02;1.1210347e-02;2.2750000e+02;2.8429013e-02;2.2750000e+02;4.8750639e-02;2.2750000e+02;7.1091674e-02;2.2750000e+02;9.2782542e-02;2.2750000e+02;1.1331841e-01;2.2750000e+02;1.3355045e-01;2.2750000e+02;1.5472263e-01;2.2750000e+02;1.8196273e-01;2.2750000e+02;2.1049330e-01;2.2750000e+02;2.2676671e-01;2.2750000e+02;2.1529260e-01;2.2750000e+02;1.8123682e-01;2.2750000e+02;1.3333637e-01;2.2750000e+02;8.3690196e-02;2.2750000e+02;3.8645819e-02;2.2750000e+02;-5.6756297e-03;2.2750000e+02;-1.9016024e-04;2.2750000e+02;1.1210347e-02;2.2750000e+02;2.8429013e-02;2.2750000e+02;4.8750639e-02;2.2750000e+02;7.1091674e-02;2.2750000e+02;9.2782542e-02;2.2750000e+02;1.1331841e-01;2.2750000e+02;1.3355045e-01;2.2750000e+02;1.5472263e-01;2.2750000e+02;1.8196273e-01;2.2750000e+02;2.1049330e-01;2.2750000e+02;2.2676671e-01;2.2750000e+02;2.1529260e-01;2.2750000e+02;1.8123682e-01;2.2750000e+02;1.3333637e-01;2.2750000e+02;8.3690196e-02;2.2750000e+02;3.8645819e-02;2.2750000e+02;-5.6756297e-03;2.2750000e+02;-1.9016024e-04;2.2750000e+02;1.1210347e-02;2.2750000e+02;2.8429013e-02;2.2750000e+02;4.8750639e-02;2.2750000e+02;7.1091674e-02;2.2750000e+02;9.2782542e-02;2.2750000e+02;1.1331841e-01;2.2750000e+02;1.3355045e-01;2.2750000e+02;1.5472263e-01;2.2750000e+02;1.8196273e-01;2.2750000e+02;2.1049330e-01;2.2750000e+02;2.2676671e-01;2.2750000e+02;2.1529260e-01;2.2750000e+02;1.8123682e-01;2.2750000e+02;1.3333637e-01;2.2750000e+02;8.3690196e-02;2.2750000e+02;3.8645819e-02;2.2750000e+02;-5.6756297e-03;2.2750000e+02;-1.9016024e-04;2.2750000e+02;1.1210347e-02;2.2750000e+02;2.8429013e-02;2.2750000e+02;4.8750639e-02;2.2750000e+02;7.1091674e-02;2.2750000e+02;9.2782542e-02;2.2750000e+02;1.1331841e-01;2.2750000e+02;1.3355045e-01;2.2750000e+02;1.5472263e-01;2.2750000e+02;1.8196273e-01;2.2750000e+02;2.1049330e-01;2.2750000e+02;2.2676671e-01;2.2750000e+02;2.1529260e-01;2.2750000e+02;1.8123682e-01;2.2750000e+02;1.3333637e-01;2.2750000e+02;8.3690196e-02;2.2750000e+02;3.8645819e-02;2.2750000e+02;-5.6756297e-03;2.2750000e+02;-1.9016024e-04;2.2750000e+02;1.1210347e-02;2.2750000e+02;2.8429013e-02;2.2750000e+02;4.8750639e-02;2.2750000e+02;7.1091674e-02;2.2750000e+02;9.2782542e-02;2.2750000e+02;1.1331841e-01;2.2750000e+02;1.3355045e-01;2.2750000e+02;1.5472263e-01;2.2750000e+02;1.8196273e-01;2.2750000e+02;2.1049330e-01;2.2750000e+02;2.2676671e-01;2.2750000e+02;2.1529260e-01;2.2750000e+02;1.8123682e-01;2.2750000e+02;1.3333637e-01;2.2750000e+02;8.3690196e-02;2.2750000e+02;3.8645819e-02;2.2750000e+02;-5.6756297e-03;2.2750000e+02;-1.9016024e-04;2.2750000e+02;1.1210347e-02;2.2750000e+02;2.8429013e-02;2.2750000e+02;4.8750639e-02;2.2750000e+02;7.1091674e-02;2.2750000e+02;9.2782542e-02;2.2750000e+02;1.1331841e-01;2.2750000e+02;1.3355045e-01;2.2750000e+02;1.5472263e-01;2.2750000e+02;1.8196273e-01;2.2750000e+02;2.1049330e-01;2.2750000e+02;2.2676671e-01;2.2750000e+02;2.1529260e-01;2.2750000e+02;1.8123682e-01;2.2750000e+02;1.3333637e-01;2.2750000e+02;8.3690196e-02;2.2750000e+02;3.8645819e-02;2.2750000e+02;-5.6756297e-03;2.2750000e+02;-1.9016024e-04;2.2750000e+02;1.1210347e-02;2.2750000e+02;2.8429013e-02;2.2750000e+02;4.8750639e-02;2.2750000e+02;7.1091674e-02;2.2750000e+02;9.2782542e-02;2.2750000e+02;1.1331841e-01;2.2750000e+02;1.3355045e-01;2.2750000e+02;1.5472263e-01;2.2750000e+02;1.8196273e-01;2.2750000e+02;2.1049330e-01;2.2750000e+02;2.2676671e-01;2.2750000e+02;2.1529260e-01;2.2750000e+02;1.8123682e-01;2.2750000e+02;1.3333637e-01;2.2750000e+02;8.3690196e-02;2.2750000e+02;3.8645819e-02;2.2750000e+02;-5.6756297e-03;2.2750000e+02;-1.9016024e-04;2.2750000e+02;1.1210347e-02;2.2750000e+02;2.8429013e-02;2.2750000e+02;4.8750639e-02;2.2750000e+02;7.1091674e-02;2.2750000e+02;9.2782542e-02;2.2750000e+02;1.1331841e-01;2.2750000e+02;1.3355045e-01;2.2750000e+02;1.5472263e-01;2.2750000e+02;1.8196273e-01;2.2750000e+02;2.1049330e-01;2.2750000e+02;2.2676671e-01;2.2750000e+02;2.1529260e-01;2.2750000e+02;1.8123682e-01;2.2750000e+02;1.3333637e-01;2.2750000e+02;8.3690196e-02;2.2750000e+02;3.8645819e-02;2.2750000e+02;-5.6756297e-03;2.2750000e+02;-1.9016024e-04;2.2750000e+02;1.1210347e-02;2.2750000e+02;2.8429013e-02;2.2750000e+02;4.8750639e-02;2.2750000e+02;7.1091674e-02;2.2750000e+02;9.2782542e-02;2.2750000e+02;1.1331841e-01;2.2750000e+02;1.3355045e-01;2.2750000e+02;1.5472263e-01;2.2750000e+02;1.8196273e-01;2.2750000e+02;2.1049330e-01;2.2750000e+02;2.2676671e-01;2.2750000e+02;2.1529260e-01;2.2750000e+02;1.8123682e-01;2.2750000e+02;1.3333637e-01;2.2750000e+02;8.3690196e-02;2.2750000e+02;3.8645819e-02;2.2750000e+02;-5.6756297e-03;2.2750000e+02;-1.9016024e-04;2.2750000e+02;1.1210347e-02;2.2750000e+02;2.8429013e-02;2.2750000e+02;4.8750639e-02;2.2750000e+02;7.1091674e-02;2.2750000e+02;9.2782542e-02;2.2750000e+02;1.1331841e-01;2.2750000e+02;1.3355045e-01;2.2750000e+02;1.5472263e-01;2.2750000e+02;1.8196273e-01;2.2750000e+02;2.1049330e-01;2.2750000e+02;2.2676671e-01;2.2750000e+02;2.1529260e-01;2.2750000e+02;1.8123682e-01;2.2750000e+02;1.3333637e-01;2.2750000e+02;8.3690196e-02;2.2750000e+02;3.8645819e-02;2.2750000e+02;-5.6756297e-03;2.2750000e+02;-1.9016024e-04;2.2750000e+02;1.1210347e-02;2.2750000e+02;2.8429013e-02;2.2750000e+02;4.8750639e-02;2.2750000e+02;7.1091674e-02;2.2750000e+02;9.2782542e-02;2.2750000e+02;1.1331841e-01;2.2750000e+02;1.3355045e-01;2.2750000e+02;1.5472263e-01;2.2750000e+02;1.8196273e-01;2.2750000e+02;2.1049330e-01;2.2750000e+02;2.2676671e-01;2.2750000e+02;2.1529260e-01;2.2750000e+02;1.8123682e-01;2.2750000e+02;1.3333637e-01;2.2750000e+02;8.3690196e-02;2.2750000e+02;3.8645819e-02;2.2750000e+02;-5.6756297e-03;2.2750000e+02;-1.9016024e-04;2.2750000e+02;1.1210347e-02;2.2750000e+02;2.8429013e-02;2.2750000e+02;4.8750639e-02;2.2750000e+02;7.1091674e-02;2.2750000e+02;9.2782542e-02;2.2750000e+02;1.1331841e-01;2.2750000e+02;1.3355045e-01;2.2750000e+02;1.5472263e-01;2.2750000e+02;1.8196273e-01;2.2750000e+02;2.1049330e-01;2.2750000e+02;2.2676671e-01;2.2750000e+02;2.1529260e-01;2.2750000e+02;1.8123682e-01;2.2750000e+02;1.3333637e-01;2.2750000e+02;8.3690196e-02;2.2750000e+02;3.8645819e-02;2.2750000e+02;-5.6756297e-03;2.2750000e+02;-1.9016024e-04;2.2750000e+02;1.1210347e-02;2.2750000e+02;2.8429013e-02;2.2750000e+02;4.8750639e-02;2.2750000e+02;7.1091674e-02;2.2750000e+02;9.2782542e-02;2.2750000e+02;1.1331841e-01;2.2750000e+02;1.3355045e-01;2.2750000e+02;1.5472263e-01;2.2750000e+02;1.8196273e-01;2.2750000e+02;2.1049330e-01;2.2750000e+02;2.2676671e-01;2.2750000e+02;2.1529260e-01;2.2750000e+02;1.8123682e-01;2.2750000e+02;1.3333637e-01;2.2750000e+02;8.3690196e-02;2.2750000e+02;3.8645819e-02;2.2750000e+02;-5.6756297e-03;2.2750000e+02;-1.9016024e-04;2.2750000e+02;1.1210347e-02;2.2750000e+02;2.8429013e-02;2.2750000e+02;4.8750639e-02;2.2750000e+02;7.1091674e-02;2.2750000e+02;9.2782542e-02;2.2750000e+02;1.1331841e-01;2.2750000e+02;1.3355045e-01;2.2750000e+02;1.5472263e-01;2.2750000e+02;1.8196273e-01;2.2750000e+02;2.1049330e-01;2.2750000e+02;2.2676671e-01;2.2750000e+02;2.1529260e-01;2.2750000e+02;1.8123682e-01;2.2750000e+02;1.3333637e-01;2.2750000e+02;8.3690196e-02;2.2750000e+02;3.8645819e-02;2.2750000e+02;-5.6756297e-03;2.2750000e+02;-1.9016024e-04;2.2750000e+02;1.1210347e-02;2.2750000e+02;2.8429013e-02;2.2750000e+02;4.8750639e-02;2.2750000e+02;7.1091674e-02;2.2750000e+02;9.2782542e-02;2.2750000e+02;1.1331841e-01;2.2750000e+02;1.3355045e-01;2.2750000e+02;1.5472263e-01;2.2750000e+02;1.8196273e-01;2.2750000e+02;2.1049330e-01;2.2750000e+02;2.2676671e-01;2.2750000e+02;2.1529260e-01;2.2750000e+02;1.8123682e-01;2.2750000e+02;1.3333637e-01;2.2750000e+02;8.3690196e-02;2.2750000e+02;3.8645819e-02;2.2750000e+02;-5.6756297e-03;2.2750000e+02;-1.9016024e-04;2.2750000e+02;1.1210347e-02;2.2750000e+02;2.8429013e-02;2.2750000e+02;4.8750639e-02;2.2750000e+02;7.1091674e-02;2.2750000e+02;9.2782542e-02;2.2750000e+02;1.1331841e-01;2.2750000e+02;1.3355045e-01;2.2750000e+02;1.5472263e-01;2.2750000e+02;1.8196273e-01;2.2750000e+02;2.1049330e-01;2.2750000e+02;2.2676671e-01;2.2750000e+02;2.1529260e-01;2.2750000e+02;1.8123682e-01;2.2750000e+02;1.3333637e-01;2.2750000e+02;8.3690196e-02;2.2750000e+02;3.8645819e-02;2.2750000e+02;-5.6756297e-03;2.2750000e+02;-1.9016024e-04;2.2750000e+02;1.1210347e-02;2.2750000e+02;2.8429013e-02;2.2750000e+02;4.8750639e-02;2.2750000e+02;7.1091674e-02;2.2750000e+02;9.2782542e-02;2.2750000e+02;1.1331841e-01;2.2750000e+02;1.3355045e-01;2.2750000e+02;1.5472263e-01;2.2750000e+02;1.8196273e-01;2.2750000e+02;2.1049330e-01;2.2750000e+02;2.2676671e-01;2.2750000e+02;2.1529260e-01;2.2750000e+02;1.8123682e-01;2.2750000e+02;1.3333637e-01;2.2750000e+02;8.3690196e-02;2.2750000e+02;3.8645819e-02;2.2750000e+02;-5.6756297e-03;2.2750000e+02;-1.9016024e-04;2.2750000e+02;1.1210347e-02;2.2750000e+02;2.8429013e-02;2.2750000e+02;4.8750639e-02;2.2750000e+02;7.1091674e-02;2.2750000e+02;9.2782542e-02;2.2750000e+02;1.1331841e-01;2.2750000e+02;1.3355045e-01;2.2750000e+02;1.5472263e-01;2.2750000e+02;1.8196273e-01;2.2750000e+02;2.1049330e-01;2.2750000e+02;2.2676671e-01;2.2750000e+02;2.1529260e-01;2.2750000e+02;1.8123682e-01;2.2750000e+02;1.3333637e-01;2.2750000e+02;8.3690196e-02;2.2750000e+02;3.8645819e-02;2.2750000e+02;-5.6756297e-03;2.2750000e+02;-1.9016024e-04;2.2750000e+02;1.1210347e-02;2.2750000e+02;2.8429013e-02;2.2750000e+02;4.8750639e-02;2.2750000e+02;7.1091674e-02;2.2750000e+02;9.2782542e-02;2.2750000e+02;1.1331841e-01;2.2750000e+02;1.3355045e-01;2.2750000e+02;1.5472263e-01;2.2750000e+02;1.8196273e-01;2.2750000e+02;2.1049330e-01;2.2750000e+02;2.2676671e-01;2.2750000e+02;2.1529260e-01;2.2750000e+02;1.8123682e-01;2.2750000e+02;1.3333637e-01;2.2750000e+02;8.3690196e-02;2.2750000e+02;3.8645819e-02;2.2750000e+02;-5.6756297e-03;2.2750000e+02;-1.9016024e-04;2.2750000e+02;1.1210347e-02;2.2750000e+02;2.8429013e-02;2.2750000e+02;4.8750639e-02;2.2750000e+02;7.1091674e-02;2.2750000e+02;9.2782542e-02;2.2750000e+02;1.1331841e-01;2.2750000e+02;1.3355045e-01;2.2750000e+02;1.5472263e-01;2.2750000e+02;1.8196273e-01;2.2750000e+02;2.1049330e-01;2.2750000e+02;2.2676671e-01;2.2750000e+02;2.1529260e-01;2.2750000e+02;1.8123682e-01;2.2750000e+02;1.3333637e-01;2.2750000e+02;8.3690196e-02;2.2750000e+02;3.8645819e-02;2.2750000e+02;-5.6756297e-03;2.2750000e+02;-1.9016024e-04;2.2750000e+02;1.1210347e-02;2.2750000e+02;2.8429013e-02;2.2750000e+02;4.8750639e-02;2.2750000e+02;7.1091674e-02;2.2750000e+02;9.2782542e-02;2.2750000e+02;1.1331841e-01;2.2750000e+02;1.3355045e-01;2.2750000e+02;1.5472263e-01;2.2750000e+02;1.8196273e-01;2.2750000e+02;2.1049330e-01;2.2750000e+02;2.2676671e-01;2.2750000e+02;2.1529260e-01;2.2750000e+02;1.8123682e-01;2.2750000e+02;1.3333637e-01;2.2750000e+02;8.3690196e-02;2.2750000e+02;3.8645819e-02;2.2750000e+02;-5.6756297e-03;2.2750000e+02;-1.9016024e-04;2.2750000e+02;1.1210347e-02;2.2750000e+02;2.8429013e-02;2.2750000e+02;4.8750639e-02;2.2750000e+02;7.1091674e-02;2.2750000e+02;9.2782542e-02;2.2750000e+02;1.1331841e-01;2.2750000e+02;1.3355045e-01;2.2750000e+02;1.5472263e-01;2.2750000e+02;1.8196273e-01;2.2750000e+02;2.1049330e-01;2.2750000e+02;2.2676671e-01;2.2750000e+02;2.1529260e-01;2.2750000e+02;1.8123682e-01;2.2750000e+02;1.3333637e-01;2.2750000e+02;8.3690196e-02;2.2750000e+02;3.8645819e-02;2.2750000e+02;-5.6756297e-03;2.2750000e+02;-1.9016024e-04;2.2750000e+02;1.1210347e-02;2.2750000e+02;2.8429013e-02;2.2750000e+02;4.8750639e-02;2.2750000e+02;7.1091674e-02;2.2750000e+02;9.2782542e-02;2.2750000e+02;1.1331841e-01;2.2750000e+02;1.3355045e-01;2.2750000e+02;1.5472263e-01;2.2750000e+02;1.8196273e-01;2.2750000e+02;2.1049330e-01;2.2750000e+02;2.2676671e-01;2.2750000e+02;2.1529260e-01;2.2750000e+02;1.8123682e-01;2.2750000e+02;1.3333637e-01;2.2750000e+02;8.3690196e-02;2.2750000e+02;3.8645819e-02;2.2750000e+02;-5.6756297e-03;2.2750000e+02;-1.9016024e-04;2.2750000e+02;1.1210347e-02;2.2750000e+02;2.8429013e-02;2.2750000e+02;4.8750639e-02;2.2750000e+02;7.1091674e-02;2.2750000e+02;9.2782542e-02;2.2750000e+02;1.1331841e-01;2.2750000e+02;1.3355045e-01;2.2750000e+02;1.5472263e-01;2.2750000e+02;1.8196273e-01;2.2750000e+02;2.1049330e-01;2.2750000e+02;2.2676671e-01;2.2750000e+02;2.1529260e-01;2.2750000e+02;1.8123682e-01;2.2750000e+02;1.3333637e-01;2.2750000e+02;8.3690196e-02;2.2750000e+02;3.8645819e-02;2.2750000e+02;-5.6756297e-03;2.2750000e+02;-1.9016024e-04;2.2750000e+02;1.1210347e-02;2.2750000e+02;2.8429013e-02;2.2750000e+02;4.8750639e-02;2.2750000e+02;7.1091674e-02;2.2750000e+02;9.2782542e-02;2.2750000e+02;1.1331841e-01;2.2750000e+02;1.3355045e-01;2.2750000e+02;1.5472263e-01;2.2750000e+02;1.8196273e-01;2.2750000e+02;2.1049330e-01;2.2750000e+02;2.2676671e-01;2.2750000e+02;2.1529260e-01;2.2750000e+02;1.8123682e-01;2.2750000e+02;1.3333637e-01;2.2750000e+02;8.3690196e-02;2.2750000e+02;3.8645819e-02;2.2750000e+02;-5.6756297e-03;2.2750000e+02;-1.9016024e-04;2.2750000e+02;1.1210347e-02;2.2750000e+02;2.8429013e-02;2.2750000e+02;4.8750639e-02;2.2750000e+02;7.1091674e-02;2.2750000e+02;9.2782542e-02;2.2750000e+02;1.1331841e-01;2.2750000e+02;1.3355045e-01;2.2750000e+02;1.5472263e-01;2.2750000e+02;1.8196273e-01;2.2750000e+02;2.1049330e-01;2.2750000e+02;2.2676671e-01;2.2750000e+02;2.1529260e-01;2.2750000e+02;1.8123682e-01;2.2750000e+02;1.3333637e-01;2.2750000e+02;8.3690196e-02;2.2750000e+02;3.8645819e-02;2.2750000e+02;-5.6756297e-03;2.2750000e+02;-1.9016024e-04;2.2750000e+02;1.1210347e-02;2.2750000e+02;2.8429013e-02;2.2750000e+02;4.8750639e-02;2.2750000e+02;7.1091674e-02;2.2750000e+02;9.2782542e-02;2.2750000e+02;1.1331841e-01;2.2750000e+02;1.3355045e-01;2.2750000e+02;1.5472263e-01;2.2750000e+02;1.8196273e-01;2.2750000e+02;2.1049330e-01;2.2750000e+02;2.2676671e-01;2.2750000e+02;2.1529260e-01;2.2750000e+02;1.8123682e-01;2.2750000e+02;1.3333637e-01;2.2750000e+02;8.3690196e-02;2.2750000e+02;3.8645819e-02;2.2750000e+02;-5.6756297e-03;2.2750000e+02;-1.9016024e-04;2.2750000e+02;1.1210347e-02;2.2750000e+02;2.8429013e-02;2.2750000e+02;4.8750639e-02;2.2750000e+02;7.1091674e-02;2.2750000e+02;9.2782542e-02;2.2750000e+02;1.1331841e-01;2.2750000e+02;1.3355045e-01;2.2750000e+02;1.5472263e-01;2.2750000e+02;1.8196273e-01;2.2750000e+02;2.1049330e-01;2.2750000e+02;2.2676671e-01;2.2750000e+02;2.1529260e-01;2.2750000e+02;1.8123682e-01;2.2750000e+02;1.3333637e-01;2.2750000e+02;8.3690196e-02;2.2750000e+02;3.8645819e-02;2.2750000e+02;-5.6756297e-03;2.2750000e+02;-1.9016024e-04;2.2750000e+02;1.1210347e-02;2.2750000e+02;2.8429013e-02;2.2750000e+02;4.8750639e-02;2.2750000e+02;7.1091674e-02;2.2750000e+02;9.2782542e-02;2.2750000e+02;1.1331841e-01;2.2750000e+02;1.3355045e-01;2.2750000e+02;1.5472263e-01;2.2750000e+02;1.8196273e-01;2.2750000e+02;2.1049330e-01;2.2750000e+02;2.2676671e-01;2.2750000e+02;2.1529260e-01;2.2750000e+02;1.8123682e-01;2.2750000e+02;1.3333637e-01;2.2750000e+02;8.3690196e-02;2.2750000e+02;3.8645819e-02;2.2750000e+02;-5.6756297e-03;2.2750000e+02;-1.9016024e-04;2.2750000e+02;1.1210347e-02;2.2750000e+02;2.8429013e-02;2.2750000e+02;4.8750639e-02;2.2750000e+02;7.1091674e-02;2.2750000e+02;9.2782542e-02;2.2750000e+02;1.1331841e-01;2.2750000e+02;1.3355045e-01;2.2750000e+02;1.5472263e-01;2.2750000e+02;1.8196273e-01;2.2750000e+02;2.1049330e-01;2.2750000e+02;2.2676671e-01;2.2750000e+02;2.1529260e-01;2.2750000e+02;1.8123682e-01;2.2750000e+02;1.3333637e-01;2.2750000e+02;8.3690196e-02;2.2750000e+02;3.8645819e-02;2.2750000e+02;-5.6756297e-03;2.2750000e+02;-1.9016024e-04;2.2750000e+02;1.1210347e-02;2.2750000e+02;2.8429013e-02;2.2750000e+02;4.8750639e-02;2.2750000e+02;7.1091674e-02;2.2750000e+02;9.2782542e-02;2.2750000e+02;1.1331841e-01;2.2750000e+02;1.3355045e-01;2.2750000e+02;1.5472263e-01;2.2750000e+02;1.8196273e-01;2.2750000e+02;2.1049330e-01;2.2750000e+02;2.2676671e-01;2.2750000e+02;2.1529260e-01;2.2750000e+02;1.8123682e-01;2.2750000e+02;1.3333637e-01;2.2750000e+02;8.3690196e-02;2.2750000e+02;3.8645819e-02;2.2750000e+02;-5.6756297e-03;2.2750000e+02;-1.9016024e-04;2.2750000e+02;1.1210347e-02;2.2750000e+02;2.8429013e-02;2.2750000e+02;4.8750639e-02;2.2750000e+02;7.1091674e-02;2.2750000e+02;9.2782542e-02;2.2750000e+02;1.1331841e-01;2.2750000e+02;1.3355045e-01;2.2750000e+02;1.5472263e-01;2.2750000e+02;1.8196273e-01;2.2750000e+02;2.1049330e-01;2.2750000e+02;2.2676671e-01;2.2750000e+02;2.1529260e-01;2.2750000e+02;1.8123682e-01;2.2750000e+02;1.3333637e-01;2.2750000e+02;8.3690196e-02;2.2750000e+02;3.8645819e-02;2.2750000e+02;-5.6756297e-03;2.2750000e+02;-1.9016024e-04;2.2750000e+02;1.1210347e-02;2.2750000e+02;2.8429013e-02;2.2750000e+02;4.8750639e-02;2.2750000e+02;7.1091674e-02;2.2750000e+02;9.2782542e-02;2.2750000e+02;1.1331841e-01;2.2750000e+02;1.3355045e-01;2.2750000e+02;1.5472263e-01;2.2750000e+02;1.8196273e-01;2.2750000e+02;2.1049330e-01;2.2750000e+02;2.2676671e-01;2.2750000e+02;2.1529260e-01;2.2750000e+02;1.8123682e-01;2.2750000e+02;1.3333637e-01;2.2750000e+02;8.3690196e-02;2.2750000e+02;3.8645819e-02;2.2750000e+02;-5.6756297e-03;2.2750000e+02;-1.9016024e-04;2.2750000e+02;1.1210347e-02;2.2750000e+02;2.8429013e-02;2.2750000e+02;4.8750639e-02;2.2750000e+02;7.1091674e-02;2.2750000e+02;9.2782542e-02;2.2750000e+02;1.1331841e-01;2.2750000e+02;1.3355045e-01;2.2750000e+02;1.5472263e-01;2.2750000e+02;1.8196273e-01;2.2750000e+02;2.1049330e-01;2.2750000e+02;2.2676671e-01;2.2750000e+02;2.1529260e-01;2.2750000e+02;1.8123682e-01;2.2750000e+02;1.3333637e-01;2.2750000e+02;8.3690196e-02;2.2750000e+02;3.8645819e-02;2.2750000e+02;-5.6756297e-03;2.2750000e+02;-1.9016024e-04;2.2750000e+02;1.1210347e-02;2.2750000e+02;2.8429013e-02;2.2750000e+02;4.8750639e-02;2.2750000e+02;7.1091674e-02;2.2750000e+02;9.2782542e-02;2.2750000e+02;1.1331841e-01;2.2750000e+02;1.3355045e-01;2.2750000e+02;1.5472263e-01;2.2750000e+02;1.8196273e-01;2.2750000e+02;2.1049330e-01;2.2750000e+02;2.2676671e-01;2.2750000e+02;2.1529260e-01;2.2750000e+02;1.8123682e-01;2.2750000e+02;1.3333637e-01;2.2750000e+02;8.3690196e-02;2.2750000e+02;3.8645819e-02;2.2750000e+02;-5.6756297e-03;2.2750000e+02;-1.9016024e-04;2.2750000e+02;1.1210347e-02;2.2750000e+02;2.8429013e-02;2.2750000e+02;4.8750639e-02;2.2750000e+02;7.1091674e-02;2.2750000e+02;9.2782542e-02;2.2750000e+02;1.1331841e-01;2.2750000e+02;1.3355045e-01;2.2750000e+02;1.5472263e-01;2.2750000e+02;1.8196273e-01;2.2750000e+02;2.1049330e-01;2.2750000e+02;2.2676671e-01;2.2750000e+02;2.1529260e-01;2.2750000e+02;1.8123682e-01;2.2750000e+02;1.3333637e-01;2.2750000e+02;8.3690196e-02;2.2750000e+02;3.8645819e-02;2.2750000e+02;-5.6756297e-03;2.2750000e+02;-1.9016024e-04;2.2750000e+02;1.1210347e-02;2.2750000e+02;2.8429013e-02;2.2750000e+02;4.8750639e-02;2.2750000e+02;7.1091674e-02;2.2750000e+02;9.2782542e-02;2.2750000e+02;1.1331841e-01;2.2750000e+02;1.3355045e-01;2.2750000e+02;1.5472263e-01;2.2750000e+02;1.8196273e-01;2.2750000e+02;2.1049330e-01;2.2750000e+02;2.2676671e-01;2.2750000e+02;2.1529260e-01;2.2750000e+02;1.8123682e-01;2.2750000e+02;1.3333637e-01;2.2750000e+02;8.3690196e-02;2.2750000e+02;3.8645819e-02;2.2750000e+02;-5.6756297e-03;2.2750000e+02;-1.9016024e-04;2.2750000e+02;1.1210347e-02;2.2750000e+02;2.8429013e-02;2.2750000e+02;4.8750639e-02;2.2750000e+02;7.1091674e-02;2.2750000e+02;9.2782542e-02;2.2750000e+02;1.1331841e-01;2.2750000e+02;1.3355045e-01;2.2750000e+02;1.5472263e-01;2.2750000e+02;1.8196273e-01;2.2750000e+02;2.1049330e-01;2.2750000e+02;2.2676671e-01;2.2750000e+02;2.1529260e-01;2.2750000e+02;1.8123682e-01;2.2750000e+02;1.3333637e-01;2.2750000e+02;8.3690196e-02;2.2750000e+02;3.8645819e-02;2.2750000e+02;-5.6756297e-03;2.2750000e+02;-1.9016024e-04;2.2750000e+02;1.1210347e-02;2.2750000e+02;2.8429013e-02;2.2750000e+02;4.8750639e-02;2.2750000e+02;7.1091674e-02;2.2750000e+02;9.2782542e-02;2.2750000e+02;1.1331841e-01;2.2750000e+02;1.3355045e-01;2.2750000e+02;1.5472263e-01;2.2750000e+02;1.8196273e-01;2.2750000e+02;2.1049330e-01;2.2750000e+02;2.2676671e-01;2.2750000e+02;2.1529260e-01;2.2750000e+02;1.8123682e-01;2.2750000e+02;1.3333637e-01;2.2750000e+02;8.3690196e-02;2.2750000e+02;3.8645819e-02;2.2750000e+02;-5.6756297e-03;2.2750000e+02;-1.9016024e-04;2.2750000e+02;1.1210347e-02;2.2750000e+02;2.8429013e-02;2.2750000e+02;4.8750639e-02;2.2750000e+02;7.1091674e-02;2.2750000e+02;9.2782542e-02;2.2750000e+02;1.1331841e-01;2.2750000e+02;1.3355045e-01;2.2750000e+02;1.5472263e-01;2.2750000e+02;1.8196273e-01;2.2750000e+02;2.1049330e-01;2.2750000e+02;2.2676671e-01;2.2750000e+02;2.1529260e-01;2.2750000e+02;1.8123682e-01;2.2750000e+02;1.3333637e-01;2.2750000e+02;8.3690196e-02;2.2750000e+02;3.8645819e-02;2.2750000e+02;-5.6756297e-03;2.2750000e+02;-1.9016024e-04;2.2750000e+02;1.1210347e-02;2.2750000e+02;2.8429013e-02;2.2750000e+02;4.8750639e-02;2.2750000e+02;7.1091674e-02;2.2750000e+02;9.2782542e-02;2.2750000e+02;1.1331841e-01;2.2750000e+02;1.3355045e-01;2.2750000e+02;1.5472263e-01;2.2750000e+02;1.8196273e-01;2.2750000e+02;2.1049330e-01;2.2750000e+02;2.2676671e-01;2.2750000e+02;2.1529260e-01;2.2750000e+02;1.8123682e-01;2.2750000e+02;1.3333637e-01;2.2750000e+02;8.3690196e-02;2.2750000e+02;3.8645819e-02;2.2750000e+02;-5.6756297e-03;2.2750000e+02;-1.9016024e-04;2.2750000e+02;1.1210347e-02;2.2750000e+02;2.8429013e-02;2.2750000e+02;4.8750639e-02;2.2750000e+02;7.1091674e-02;2.2750000e+02;9.2782542e-02;2.2750000e+02;1.1331841e-01;2.2750000e+02;1.3355045e-01;2.2750000e+02;1.5472263e-01;2.2750000e+02;1.8196273e-01;2.2750000e+02;2.1049330e-01;2.2750000e+02;2.2676671e-01;2.2750000e+02;2.1529260e-01;2.2750000e+02;1.8123682e-01;2.2750000e+02;1.3333637e-01;2.2750000e+02;8.3690196e-02;2.2750000e+02;3.8645819e-02;2.2750000e+02;-5.6756297e-03;2.2750000e+02;-1.9016024e-04;2.2750000e+02;1.1210347e-02;2.2750000e+02;2.8429013e-02;2.2750000e+02;4.8750639e-02;2.2750000e+02;7.1091674e-02;2.2750000e+02;9.2782542e-02;2.2750000e+02;1.1331841e-01;2.2750000e+02;1.3355045e-01;2.2750000e+02;1.5472263e-01;2.2750000e+02;1.8196273e-01;2.2750000e+02;2.1049330e-01;2.2750000e+02;2.2676671e-01;2.2750000e+02;2.1529260e-01;2.2750000e+02;1.8123682e-01;2.2750000e+02;1.3333637e-01;2.2750000e+02;8.3690196e-02;2.2750000e+02;3.8645819e-02;2.2750000e+02;-5.6756297e-03;2.2750000e+02;-1.9016024e-04;2.2750000e+02;1.1210347e-02;2.2750000e+02;2.8429013e-02;2.2750000e+02;4.8750639e-02;2.2750000e+02;7.1091674e-02;2.2750000e+02;9.2782542e-02;2.2750000e+02;1.1331841e-01;2.2750000e+02;1.3355045e-01;2.2750000e+02;1.5472263e-01;2.2750000e+02;1.8196273e-01;2.2750000e+02;2.1049330e-01;2.2750000e+02;2.2676671e-01;2.2750000e+02;2.1529260e-01;2.2750000e+02;1.8123682e-01;2.2750000e+02;1.3333637e-01;2.2750000e+02;8.3690196e-02;2.2750000e+02;3.8645819e-02;2.2750000e+02;-5.6756297e-03;2.2750000e+02;-1.9016024e-04;2.2750000e+02;1.1210347e-02;2.2750000e+02;2.8429013e-02;2.2750000e+02;4.8750639e-02;2.2750000e+02;7.1091674e-02;2.2750000e+02;9.2782542e-02;2.2750000e+02;1.1331841e-01;2.2750000e+02;1.3355045e-01;2.2750000e+02;1.5472263e-01;2.2750000e+02;1.8196273e-01;2.2750000e+02;2.1049330e-01;2.2750000e+02;2.2676671e-01;2.2750000e+02;2.1529260e-01;2.2750000e+02;1.8123682e-01;2.2750000e+02;1.3333637e-01;2.2750000e+02;8.3690196e-02;2.2750000e+02;3.8645819e-02;2.2750000e+02;-5.6756297e-03;2.2750000e+02;-1.9016024e-04;2.2750000e+02;1.1210347e-02;2.2750000e+02;2.8429013e-02;2.2750000e+02;4.8750639e-02;2.2750000e+02;7.1091674e-02;2.2750000e+02;9.2782542e-02;2.2750000e+02;1.1331841e-01;2.2750000e+02;1.3355045e-01;2.2750000e+02;1.5472263e-01;2.2750000e+02;1.8196273e-01;2.2750000e+02;2.1049330e-01;2.2750000e+02;2.2676671e-01;2.2750000e+02;2.1529260e-01;2.2750000e+02;1.8123682e-01;2.2750000e+02;1.3333637e-01;2.2750000e+02;8.3690196e-02;2.2750000e+02;3.8645819e-02;2.2750000e+02;-5.6756297e-03;2.2750000e+02;-1.9016024e-04;2.2750000e+02;1.1210347e-02;2.2750000e+02;2.8429013e-02;2.2750000e+02;4.8750639e-02;2.2750000e+02;7.1091674e-02;2.2750000e+02;9.2782542e-02;2.2750000e+02;1.1331841e-01;2.2750000e+02;1.3355045e-01;2.2750000e+02;1.5472263e-01;2.2750000e+02;1.8196273e-01;2.2750000e+02;2.1049330e-01;2.2750000e+02;2.2676671e-01;2.2750000e+02;2.1529260e-01;2.2750000e+02;1.8123682e-01;2.2750000e+02;1.3333637e-01;2.2750000e+02;8.3690196e-02;2.2750000e+02;3.8645819e-02;2.2750000e+02;-5.6756297e-03;2.2750000e+02;-1.9016024e-04;2.2750000e+02;1.1210347e-02;2.2750000e+02;2.8429013e-02;2.2750000e+02;4.8750639e-02;2.2750000e+02;7.1091674e-02;2.2750000e+02;9.2782542e-02;2.2750000e+02;1.1331841e-01;2.2750000e+02;1.3355045e-01;2.2750000e+02;1.5472263e-01;2.2750000e+02;1.8196273e-01;2.2750000e+02;2.1049330e-01;2.2750000e+02;2.2676671e-01;2.2750000e+02;2.1529260e-01;2.2750000e+02;1.8123682e-01;2.2750000e+02;1.3333637e-01;2.2750000e+02;8.3690196e-02;2.2750000e+02;3.8645819e-02;2.2750000e+02;-5.6756297e-03;2.2750000e+02;-1.9016024e-04;2.2750000e+02;1.1210347e-02;2.2750000e+02;2.8429013e-02;2.2750000e+02;4.8750639e-02;2.2750000e+02;7.1091674e-02;2.2750000e+02;9.2782542e-02;2.2750000e+02;1.1331841e-01;2.2750000e+02;1.3355045e-01;2.2750000e+02;1.5472263e-01;2.2750000e+02;1.8196273e-01;2.2750000e+02;2.1049330e-01;2.2750000e+02;2.2676671e-01;2.2750000e+02;2.1529260e-01;2.2750000e+02;1.8123682e-01;2.2750000e+02;1.3333637e-01;2.2750000e+02;8.3690196e-02;2.2750000e+02;3.8645819e-02;2.2750000e+02;-5.6756297e-03;2.2750000e+02;-1.9016024e-04;2.2750000e+02;1.1210347e-02;2.2750000e+02;2.8429013e-02;2.2750000e+02;4.8750639e-02;2.2750000e+02;7.1091674e-02;2.2750000e+02;9.2782542e-02;2.2750000e+02;1.1331841e-01;2.2750000e+02;1.3355045e-01;2.2750000e+02;1.5472263e-01;2.2750000e+02;1.8196273e-01;2.2750000e+02;2.1049330e-01;2.2750000e+02;2.2676671e-01;2.2750000e+02;2.1529260e-01;2.2750000e+02;1.8123682e-01;2.2750000e+02;1.3333637e-01;2.2750000e+02;8.3690196e-02;2.2750000e+02;3.8645819e-02;2.2750000e+02;-5.6756297e-03;2.2750000e+02;-1.9016024e-04;2.2750000e+02;1.1210347e-02;2.2750000e+02;2.8429013e-02;2.2750000e+02;4.8750639e-02;2.2750000e+02;7.1091674e-02;2.2750000e+02;9.2782542e-02;2.2750000e+02;1.1331841e-01;2.2750000e+02;1.3355045e-01;2.2750000e+02;1.5472263e-01;2.2750000e+02;1.8196273e-01;2.2750000e+02;2.1049330e-01;2.2750000e+02;2.2676671e-01;2.2750000e+02;2.1529260e-01;2.2750000e+02;1.8123682e-01;2.2750000e+02;1.3333637e-01;2.2750000e+02;8.3690196e-02;2.2750000e+02;3.8645819e-02;2.2750000e+02;-5.6756297e-03;2.2750000e+02;-1.9016024e-04;2.2750000e+02;1.1210347e-02;2.2750000e+02;2.8429013e-02;2.2750000e+02;4.8750639e-02;2.2750000e+02;7.1091674e-02;2.2750000e+02;9.2782542e-02;2.2750000e+02;1.1331841e-01;2.2750000e+02;1.3355045e-01;2.2750000e+02;1.5472263e-01;2.2750000e+02;1.8196273e-01;2.2750000e+02;2.1049330e-01;2.2750000e+02;2.2676671e-01;2.2750000e+02;2.1529260e-01;2.2750000e+02;1.8123682e-01;2.2750000e+02;1.3333637e-01;2.2750000e+02;8.3690196e-02;2.2750000e+02;3.8645819e-02;2.2750000e+02;-5.6756297e-03;2.2750000e+02;-1.9016024e-04;2.2750000e+02;1.1210347e-02;2.2750000e+02;2.8429013e-02;2.2750000e+02;4.8750639e-02;2.2750000e+02;7.1091674e-02;2.2750000e+02;9.2782542e-02;2.2750000e+02;1.1331841e-01;2.2750000e+02;1.3355045e-01;2.2750000e+02;1.5472263e-01;2.2750000e+02;1.8196273e-01;2.2750000e+02;2.1049330e-01;2.2750000e+02;2.2676671e-01;2.2750000e+02;2.1529260e-01;2.2750000e+02;1.8123682e-01;2.2750000e+02;1.3333637e-01;2.2750000e+02;8.3690196e-02;2.2750000e+02;3.8645819e-02;2.2750000e+02;-5.6756297e-03;2.2750000e+02;-1.9016024e-04;2.2750000e+02;1.1210347e-02;2.2750000e+02;2.8429013e-02;2.2750000e+02;4.8750639e-02;2.2750000e+02;7.1091674e-02;2.2750000e+02;9.2782542e-02;2.2750000e+02;1.1331841e-01;2.2750000e+02;1.3355045e-01;2.2750000e+02;1.5472263e-01;2.2750000e+02;1.8196273e-01;2.2750000e+02;2.1049330e-01;2.2750000e+02;2.2676671e-01;2.2750000e+02;2.1529260e-01;2.2750000e+02;1.8123682e-01;2.2750000e+02;1.3333637e-01;2.2750000e+02;8.3690196e-02;2.2750000e+02;3.8645819e-02;2.2750000e+02;-5.6756297e-03;2.2750000e+02;-1.9016024e-04;2.2750000e+02;1.1210347e-02;2.2750000e+02;2.8429013e-02;2.2750000e+02;4.8750639e-02;2.2750000e+02;7.1091674e-02;2.2750000e+02;9.2782542e-02;2.2750000e+02;1.1331841e-01;2.2750000e+02;1.3355045e-01;2.2750000e+02;1.5472263e-01;2.2750000e+02;1.8196273e-01;2.2750000e+02;2.1049330e-01;2.2750000e+02;2.2676671e-01;2.2750000e+02;2.1529260e-01;2.2750000e+02;1.8123682e-01;2.2750000e+02;1.3333637e-01;2.2750000e+02;8.3690196e-02;2.2750000e+02;3.8645819e-02;2.2750000e+02;-5.6756297e-03;2.2750000e+02;-1.9016024e-04;2.2750000e+02;1.1210347e-02;2.2750000e+02;2.8429013e-02;2.2750000e+02;4.8750639e-02;2.2750000e+02;7.1091674e-02;2.2750000e+02;9.2782542e-02;2.2750000e+02;1.1331841e-01;2.2750000e+02;1.3355045e-01;2.2750000e+02;1.5472263e-01;2.2750000e+02;1.8196273e-01;2.2750000e+02;2.1049330e-01;2.2750000e+02;2.2676671e-01;2.2750000e+02;2.1529260e-01;2.2750000e+02;1.8123682e-01;2.2750000e+02;1.3333637e-01;2.2750000e+02;8.3690196e-02;2.2750000e+02;3.8645819e-02;2.2750000e+02;-5.6756297e-03;2.2750000e+02;-1.9016024e-04;2.2750000e+02;1.1210347e-02;2.2750000e+02;2.8429013e-02;2.2750000e+02;4.8750639e-02;2.2750000e+02;7.1091674e-02;2.2750000e+02;9.2782542e-02;2.2750000e+02;1.1331841e-01;2.2750000e+02;1.3355045e-01;2.2750000e+02;1.5472263e-01;2.2750000e+02;1.8196273e-01;2.2750000e+02;2.1049330e-01;2.2750000e+02;2.2676671e-01;2.2750000e+02;2.1529260e-01;2.2750000e+02;1.8123682e-01;2.2750000e+02;1.3333637e-01;2.2750000e+02;8.3690196e-02;2.2750000e+02;3.8645819e-02;2.2750000e+02;-5.6756297e-03;2.2750000e+02;-1.9016024e-04;2.2750000e+02;1.1210347e-02;2.2750000e+02;2.8429013e-02;2.2750000e+02;4.8750639e-02;2.2750000e+02;7.1091674e-02;2.2750000e+02;9.2782542e-02;2.2750000e+02;1.1331841e-01;2.2750000e+02;1.3355045e-01;2.2750000e+02;1.5472263e-01;2.2750000e+02;1.8196273e-01;2.2750000e+02;2.1049330e-01;2.2750000e+02;2.2676671e-01;2.2750000e+02;2.1529260e-01;2.2750000e+02;1.8123682e-01;2.2750000e+02;1.3333637e-01;2.2750000e+02;8.3690196e-02;2.2750000e+02;3.8645819e-02;2.2750000e+02;-5.6756297e-03;2.2750000e+02;-1.9016024e-04;2.2750000e+02;1.1210347e-02;2.2750000e+02;2.8429013e-02;2.2750000e+02;4.8750639e-02;2.2750000e+02;7.1091674e-02;2.2750000e+02;9.2782542e-02;2.2750000e+02;1.1331841e-01;2.2750000e+02;1.3355045e-01;2.2750000e+02;1.5472263e-01;2.2750000e+02;1.8196273e-01;2.2750000e+02;2.1049330e-01;2.2750000e+02;2.2676671e-01;2.2750000e+02;2.1529260e-01;2.2750000e+02;1.8123682e-01;2.2750000e+02;1.3333637e-01;2.2750000e+02;8.3690196e-02;2.2750000e+02;3.8645819e-02;2.2750000e+02;-5.6756297e-03;2.2750000e+02;-1.9016024e-04;2.2750000e+02;1.1210347e-02;2.2750000e+02;2.8429013e-02;2.2750000e+02;4.8750639e-02;2.2750000e+02;7.1091674e-02;2.2750000e+02;9.2782542e-02;2.2750000e+02;1.1331841e-01;2.2750000e+02;1.3355045e-01;2.2750000e+02;1.5472263e-01;2.2750000e+02;1.8196273e-01;2.2750000e+02;2.1049330e-01;2.2750000e+02;2.2676671e-01;2.2750000e+02;2.1529260e-01;2.2750000e+02;1.8123682e-01;2.2750000e+02;1.3333637e-01;2.2750000e+02;8.3690196e-02;2.2750000e+02;3.8645819e-02;2.2750000e+02;-5.6756297e-03;2.2750000e+02;-1.9016024e-04;2.2750000e+02;1.1210347e-02;2.2750000e+02;2.8429013e-02;2.2750000e+02;4.8750639e-02;2.2750000e+02;7.1091674e-02;2.2750000e+02;9.2782542e-02;2.2750000e+02;1.1331841e-01;2.2750000e+02;1.3355045e-01;2.2750000e+02;1.5472263e-01;2.2750000e+02;1.8196273e-01;2.2750000e+02;2.1049330e-01;2.2750000e+02;2.2676671e-01;2.2750000e+02;2.1529260e-01;2.2750000e+02;1.8123682e-01;2.2750000e+02;1.3333637e-01;2.2750000e+02;8.3690196e-02;2.2750000e+02;3.8645819e-02;2.2750000e+02;-5.6756297e-03;2.2750000e+02;-1.9016024e-04;2.2750000e+02;1.1210347e-02;2.2750000e+02;2.8429013e-02;2.2750000e+02;4.8750639e-02;2.2750000e+02;7.1091674e-02;2.2750000e+02;9.2782542e-02;2.2750000e+02;1.1331841e-01;2.2750000e+02;1.3355045e-01;2.2750000e+02;1.5472263e-01;2.2750000e+02;1.8196273e-01;2.2750000e+02;2.1049330e-01;2.2750000e+02;2.2676671e-01;2.2750000e+02;2.1529260e-01;2.2750000e+02;1.8123682e-01;2.2750000e+02;1.3333637e-01;2.2750000e+02;8.3690196e-02;2.2750000e+02;3.8645819e-02;2.2750000e+02;-5.6756297e-03;2.2750000e+02;-1.9016024e-04;2.2750000e+02;1.1210347e-02;2.2750000e+02;2.8429013e-02;2.2750000e+02;4.8750639e-02;2.2750000e+02;7.1091674e-02;2.2750000e+02;9.2782542e-02;2.2750000e+02;1.1331841e-01;2.2750000e+02;1.3355045e-01;2.2750000e+02;1.5472263e-01;2.2750000e+02;1.8196273e-01;2.2750000e+02;2.1049330e-01;2.2750000e+02;2.2676671e-01;2.2750000e+02;2.1529260e-01;2.2750000e+02;1.8123682e-01;2.2750000e+02;1.3333637e-01;2.2750000e+02;8.3690196e-02;2.2750000e+02;3.8645819e-02;2.2750000e+02;-5.6756297e-03;2.2750000e+02;-1.9016024e-04;2.2750000e+02;1.1210347e-02;2.2750000e+02;2.8429013e-02;2.2750000e+02;4.8750639e-02;2.2750000e+02;7.1091674e-02;2.2750000e+02;9.2782542e-02;2.2750000e+02;1.1331841e-01;2.2750000e+02;1.3355045e-01;2.2750000e+02;1.5472263e-01;2.2750000e+02;1.8196273e-01;2.2750000e+02;2.1049330e-01;2.2750000e+02;2.2676671e-01;2.2750000e+02;2.1529260e-01;2.2750000e+02;1.8123682e-01;2.2750000e+02;1.3333637e-01;2.2750000e+02;8.3690196e-02;2.2750000e+02;3.8645819e-02;2.2750000e+02;-5.6756297e-03;2.2750000e+02;-1.9016024e-04;2.2750000e+02;1.1210347e-02;2.2750000e+02;2.8429013e-02;2.2750000e+02;4.8750639e-02;2.2750000e+02;7.1091674e-02;2.2750000e+02;9.2782542e-02;2.2750000e+02;1.1331841e-01;2.2750000e+02;1.3355045e-01;2.2750000e+02;1.5472263e-01;2.2750000e+02;1.8196273e-01;2.2750000e+02;2.1049330e-01;2.2750000e+02;2.2676671e-01;2.2750000e+02;2.1529260e-01;2.2750000e+02;1.8123682e-01;2.2750000e+02;1.3333637e-01;2.2750000e+02;8.3690196e-02;2.2750000e+02;3.8645819e-02;2.2750000e+02;-5.6756297e-03;2.2750000e+02;-1.9016024e-04;2.2750000e+02;1.1210347e-02;2.2750000e+02;2.8429013e-02;2.2750000e+02;4.8750639e-02;2.2750000e+02;7.1091674e-02;2.2750000e+02;9.2782542e-02;2.2750000e+02;1.1331841e-01;2.2750000e+02;1.3355045e-01;2.2750000e+02;1.5472263e-01;2.2750000e+02;1.8196273e-01;2.2750000e+02;2.1049330e-01;2.2750000e+02;2.2676671e-01;2.2750000e+02;2.1529260e-01;2.2750000e+02;1.8123682e-01;2.2750000e+02;1.3333637e-01;2.2750000e+02;8.3690196e-02;2.2750000e+02;3.8645819e-02;2.2750000e+02;-5.6756297e-03;2.2750000e+02;-1.9016024e-04;2.2750000e+02;1.1210347e-02;2.2750000e+02;2.8429013e-02;2.2750000e+02;4.8750639e-02;2.2750000e+02;7.1091674e-02;2.2750000e+02;9.2782542e-02;2.2750000e+02;1.1331841e-01;2.2750000e+02;1.3355045e-01;2.2750000e+02;1.5472263e-01;2.2750000e+02;1.8196273e-01;2.2750000e+02;2.1049330e-01;2.2750000e+02;2.2676671e-01;2.2750000e+02;2.1529260e-01;2.2750000e+02;1.8123682e-01;2.2750000e+02;1.3333637e-01;2.2750000e+02;8.3690196e-02;2.2750000e+02;3.8645819e-02;2.2750000e+02;-5.6756297e-03;2.2750000e+02;-1.9016024e-04;2.2750000e+02;1.1210347e-02;2.2750000e+02;2.8429013e-02;2.2750000e+02;4.8750639e-02;2.2750000e+02;7.1091674e-02;2.2750000e+02;9.2782542e-02;2.2750000e+02;1.1331841e-01;2.2750000e+02;1.3355045e-01;2.2750000e+02;1.5472263e-01;2.2750000e+02;1.8196273e-01;2.2750000e+02;2.1049330e-01;2.2750000e+02;2.2676671e-01;2.2750000e+02;2.1529260e-01;2.2750000e+02;1.8123682e-01;2.2750000e+02;1.3333637e-01;2.2750000e+02;8.3690196e-02;2.2750000e+02;3.8645819e-02;2.2750000e+02;-5.6756297e-03;2.2750000e+02;-1.9016024e-04;2.2750000e+02;1.1210347e-02;2.2750000e+02;2.8429013e-02;2.2750000e+02;4.8750639e-02;2.2750000e+02;7.1091674e-02;2.2750000e+02;9.2782542e-02;2.2750000e+02;1.1331841e-01;2.2750000e+02;1.3355045e-01;2.2750000e+02;1.5472263e-01;2.2750000e+02;1.8196273e-01;2.2750000e+02;2.1049330e-01;2.2750000e+02;2.2676671e-01;2.2750000e+02;2.1529260e-01;2.2750000e+02;1.8123682e-01;2.2750000e+02;1.3333637e-01;2.2750000e+02;8.3690196e-02;2.2750000e+02;3.8645819e-02;2.2750000e+02;-5.6756297e-03;2.2750000e+02;-1.9016024e-04;2.2750000e+02;1.1210347e-02;2.2750000e+02;2.8429013e-02;2.2750000e+02;4.8750639e-02;2.2750000e+02;7.1091674e-02;2.2750000e+02;9.2782542e-02;2.2750000e+02;1.1331841e-01;2.2750000e+02;1.3355045e-01;2.2750000e+02;1.5472263e-01;2.2750000e+02;1.8196273e-01;2.2750000e+02;2.1049330e-01;2.2750000e+02;2.2676671e-01;2.2750000e+02;2.1529260e-01;2.2750000e+02;1.8123682e-01;2.2750000e+02;1.3333637e-01;2.2750000e+02;8.3690196e-02;2.2750000e+02;3.8645819e-02;2.2750000e+02;-5.6756297e-03;2.2750000e+02;-1.9016024e-04;2.2750000e+02;1.1210347e-02;2.2750000e+02;2.8429013e-02;2.2750000e+02;4.8750639e-02;2.2750000e+02;7.1091674e-02;2.2750000e+02;9.2782542e-02;2.2750000e+02;1.1331841e-01;2.2750000e+02;1.3355045e-01;2.2750000e+02;1.5472263e-01;2.2750000e+02;1.8196273e-01;2.2750000e+02;2.1049330e-01;2.2750000e+02;2.2676671e-01;2.2750000e+02;2.1529260e-01;2.2750000e+02;1.8123682e-01;2.2750000e+02;1.3333637e-01;2.2750000e+02;8.3690196e-02;2.2750000e+02;3.8645819e-02;2.2750000e+02;-5.6756297e-03;2.2750000e+02;-1.9016024e-04;2.2750000e+02;1.1210347e-02;2.2750000e+02;2.8429013e-02;2.2750000e+02;4.8750639e-02;2.2750000e+02;7.1091674e-02;2.2750000e+02;9.2782542e-02;2.2750000e+02;1.1331841e-01;2.2750000e+02;1.3355045e-01;2.2750000e+02;1.5472263e-01;2.2750000e+02;1.8196273e-01;2.2750000e+02;2.1049330e-01;2.2750000e+02;2.2676671e-01;2.2750000e+02;2.1529260e-01;2.2750000e+02;1.8123682e-01;2.2750000e+02;1.3333637e-01;2.2750000e+02;8.3690196e-02;2.2750000e+02;3.8645819e-02;2.2750000e+02;-5.6756297e-03;2.2750000e+02;-1.9016024e-04;2.2750000e+02;1.1210347e-02;2.2750000e+02;2.8429013e-02;2.2750000e+02;4.8750639e-02;2.2750000e+02;7.1091674e-02;2.2750000e+02;9.2782542e-02;2.2750000e+02;1.1331841e-01;2.2750000e+02;1.3355045e-01;2.2750000e+02;1.5472263e-01;2.2750000e+02;1.8196273e-01;2.2750000e+02;2.1049330e-01;2.2750000e+02;2.2676671e-01;2.2750000e+02;2.1529260e-01;2.2750000e+02;1.8123682e-01;2.2750000e+02;1.3333637e-01;2.2750000e+02;8.3690196e-02;2.2750000e+02;3.8645819e-02;2.2750000e+02;-5.6756297e-03;2.2750000e+02;-1.9016024e-04;2.2750000e+02;1.1210347e-02;2.2750000e+02;2.8429013e-02;2.2750000e+02;4.8750639e-02;2.2750000e+02;7.1091674e-02;2.2750000e+02;9.2782542e-02;2.2750000e+02;1.1331841e-01;2.2750000e+02;1.3355045e-01;2.2750000e+02;1.5472263e-01;2.2750000e+02;1.8196273e-01;2.2750000e+02;2.1049330e-01;2.2750000e+02;2.2676671e-01;2.2750000e+02;2.1529260e-01;2.2750000e+02;1.8123682e-01;2.2750000e+02;1.3333637e-01;2.2750000e+02;8.3690196e-02;2.2750000e+02;3.8645819e-02;2.2750000e+02;-5.6756297e-03;2.2750000e+02;-1.9016024e-04;2.2750000e+02;1.1210347e-02;2.2750000e+02;2.8429013e-02;2.2750000e+02;4.8750639e-02;2.2750000e+02;7.1091674e-02;2.2750000e+02;9.2782542e-02;2.2750000e+02;1.1331841e-01;2.2750000e+02;1.3355045e-01;2.2750000e+02;1.5472263e-01;2.2750000e+02;1.8196273e-01;2.2750000e+02;2.1049330e-01;2.2750000e+02;2.2676671e-01;2.2750000e+02;2.1529260e-01;2.2750000e+02;1.8123682e-01;2.2750000e+02;1.3333637e-01;2.2750000e+02;8.3690196e-02;2.2750000e+02;3.8645819e-02;2.2750000e+02;-5.6756297e-03;2.2750000e+02;-1.9016024e-04;2.2750000e+02;1.1210347e-02;2.2750000e+02;2.8429013e-02;2.2750000e+02;4.8750639e-02;2.2750000e+02;7.1091674e-02;2.2750000e+02;9.2782542e-02;2.2750000e+02;1.1331841e-01;2.2750000e+02;1.3355045e-01;2.2750000e+02;1.5472263e-01;2.2750000e+02;1.8196273e-01;2.2750000e+02;2.1049330e-01;2.2750000e+02;2.2676671e-01;2.2750000e+02;2.1529260e-01;2.2750000e+02;1.8123682e-01;2.2750000e+02;1.3333637e-01;2.2750000e+02;8.3690196e-02;2.2750000e+02;3.8645819e-02;2.2750000e+02;-5.6756297e-03;2.2750000e+02;-1.9016024e-04;2.2750000e+02;1.1210347e-02;2.2750000e+02;2.8429013e-02;2.2750000e+02;4.8750639e-02;2.2750000e+02;7.1091674e-02;2.2750000e+02;9.2782542e-02;2.2750000e+02;1.1331841e-01;2.2750000e+02;1.3355045e-01;2.2750000e+02;1.5472263e-01;2.2750000e+02;1.8196273e-01;2.2750000e+02;2.1049330e-01;2.2750000e+02;2.2676671e-01;2.2750000e+02;2.1529260e-01;2.2750000e+02;1.8123682e-01;2.2750000e+02;1.3333637e-01;2.2750000e+02;8.3690196e-02;2.2750000e+02;3.8645819e-02;2.2750000e+02;-5.6756297e-03;2.2750000e+02;-1.9016024e-04;2.2750000e+02;1.1210347e-02;2.2750000e+02;2.8429013e-02;2.2750000e+02;4.8750639e-02;2.2750000e+02;7.1091674e-02;2.2750000e+02;9.2782542e-02;2.2750000e+02;1.1331841e-01;2.2750000e+02;1.3355045e-01;2.2750000e+02;1.5472263e-01;2.2750000e+02;1.8196273e-01;2.2750000e+02;2.1049330e-01;2.2750000e+02;2.2676671e-01;2.2750000e+02;2.1529260e-01;2.2750000e+02;1.8123682e-01;2.2750000e+02;1.3333637e-01;2.2750000e+02;8.3690196e-02;2.2750000e+02;3.8645819e-02;2.2750000e+02;-5.6756297e-03;2.2750000e+02;-1.9016024e-04;2.2750000e+02;1.1210347e-02;2.2750000e+02;2.8429013e-02;2.2750000e+02;4.8750639e-02;2.2750000e+02;7.1091674e-02;2.2750000e+02;9.2782542e-02;2.2750000e+02;1.1331841e-01;2.2750000e+02;1.3355045e-01;2.2750000e+02;1.5472263e-01;2.2750000e+02;1.8196273e-01;2.2750000e+02;2.1049330e-01;2.2750000e+02;2.2676671e-01;2.2750000e+02;2.1529260e-01;2.2750000e+02;1.8123682e-01;2.2750000e+02;1.3333637e-01;2.2750000e+02;8.3690196e-02;2.2750000e+02;3.8645819e-02;2.2750000e+02;-5.6756297e-03;2.2750000e+02;-1.9016024e-04;2.2750000e+02;1.1210347e-02;2.2750000e+02;2.8429013e-02;2.2750000e+02;4.8750639e-02;2.2750000e+02;7.1091674e-02;2.2750000e+02;9.2782542e-02;2.2750000e+02;1.1331841e-01;2.2750000e+02;1.3355045e-01;2.2750000e+02;1.5472263e-01;2.2750000e+02;1.8196273e-01;2.2750000e+02;2.1049330e-01;2.2750000e+02;2.2676671e-01;2.2750000e+02;2.1529260e-01;2.2750000e+02;1.8123682e-01;2.2750000e+02;1.3333637e-01;2.2750000e+02;8.3690196e-02;2.2750000e+02;3.8645819e-02;2.2750000e+02;-5.6756297e-03;2.2750000e+02;-1.9016024e-04;2.2750000e+02;1.1210347e-02;2.2750000e+02;2.8429013e-02;2.2750000e+02;4.8750639e-02;2.2750000e+02;7.1091674e-02;2.2750000e+02;9.2782542e-02;2.2750000e+02;1.1331841e-01;2.2750000e+02;1.3355045e-01;2.2750000e+02;1.5472263e-01;2.2750000e+02;1.8196273e-01;2.2750000e+02;2.1049330e-01;2.2750000e+02;2.2676671e-01;2.2750000e+02;2.1529260e-01;2.2750000e+02;1.8123682e-01;2.2750000e+02;1.3333637e-01;2.2750000e+02;8.3690196e-02;2.2750000e+02;3.8645819e-02;2.2750000e+02;-5.6756297e-03;2.2750000e+02;-1.9016024e-04;2.2750000e+02;1.1210347e-02;2.2750000e+02;2.8429013e-02;2.2750000e+02;4.8750639e-02;2.2750000e+02;7.1091674e-02;2.2750000e+02;9.2782542e-02;2.2750000e+02;1.1331841e-01;2.2750000e+02;1.3355045e-01;2.2750000e+02;1.5472263e-01;2.2750000e+02;1.8196273e-01;2.2750000e+02;2.1049330e-01;2.2750000e+02;2.2676671e-01;2.2750000e+02;2.1529260e-01;2.2750000e+02;1.8123682e-01;2.2750000e+02;1.3333637e-01;2.2750000e+02;8.3690196e-02;2.2750000e+02;3.8645819e-02;2.2750000e+02;-5.6756297e-03;2.2750000e+02;-1.9016024e-04;2.2750000e+02;1.1210347e-02;2.2750000e+02;2.8429013e-02;2.2750000e+02;4.8750639e-02;2.2750000e+02;7.1091674e-02;2.2750000e+02;9.2782542e-02;2.2750000e+02;1.1331841e-01;2.2750000e+02;1.3355045e-01;2.2750000e+02;1.5472263e-01;2.2750000e+02;1.8196273e-01;2.2750000e+02;2.1049330e-01;2.2750000e+02;2.2676671e-01;2.2750000e+02;2.1529260e-01;2.2750000e+02;1.8123682e-01;2.2750000e+02;1.3333637e-01;2.2750000e+02;8.3690196e-02;2.2750000e+02;3.8645819e-02;2.2750000e+02;-5.6756297e-03;2.2750000e+02;-1.9016024e-04;2.2750000e+02;1.1210347e-02;2.2750000e+02;2.8429013e-02;2.2750000e+02;4.8750639e-02;2.2750000e+02;7.1091674e-02;2.2750000e+02;9.2782542e-02;2.2750000e+02;1.1331841e-01;2.2750000e+02;1.3355045e-01;2.2750000e+02;1.5472263e-01;2.2750000e+02;1.8196273e-01;2.2750000e+02;2.1049330e-01;2.2750000e+02;2.2676671e-01;2.2750000e+02;2.1529260e-01;2.2750000e+02;1.8123682e-01;2.2750000e+02;1.3333637e-01;2.2750000e+02;8.3690196e-02;2.2750000e+02;3.8645819e-02;2.2750000e+02;-5.6756297e-03;2.2750000e+02;-1.9016024e-04;2.2750000e+02;1.1210347e-02;2.2750000e+02;2.8429013e-02;2.2750000e+02;4.8750639e-02;2.2750000e+02;7.1091674e-02;2.2750000e+02;9.2782542e-02;2.2750000e+02;1.1331841e-01;2.2750000e+02;1.3355045e-01;2.2750000e+02;1.5472263e-01;2.2750000e+02;1.8196273e-01;2.2750000e+02;2.1049330e-01;2.2750000e+02;2.2676671e-01;2.2750000e+02;2.1529260e-01;2.2750000e+02;1.8123682e-01;2.2750000e+02;1.3333637e-01;2.2750000e+02;8.3690196e-02;2.2750000e+02;3.8645819e-02;2.2750000e+02;-5.6756297e-03;2.2750000e+02;-1.9016024e-04;2.2750000e+02;1.1210347e-02;2.2750000e+02;2.8429013e-02;2.2750000e+02;4.8750639e-02;2.2750000e+02;7.1091674e-02;2.2750000e+02;9.2782542e-02;2.2750000e+02;1.1331841e-01;2.2750000e+02;1.3355045e-01;2.2750000e+02;1.5472263e-01;2.2750000e+02;1.8196273e-01;2.2750000e+02;2.1049330e-01;2.2750000e+02;2.2676671e-01;2.2750000e+02;2.1529260e-01;2.2750000e+02;1.8123682e-01;2.2750000e+02;1.3333637e-01;2.2750000e+02;8.3690196e-02;2.2750000e+02;3.8645819e-02;2.2750000e+02;-5.6756297e-03;2.2750000e+02;-1.9016024e-04;2.2750000e+02;1.1210347e-02;2.2750000e+02;2.8429013e-02;2.2750000e+02;4.8750639e-02;2.2750000e+02;7.1091674e-02;2.2750000e+02;9.2782542e-02;2.2750000e+02;1.1331841e-01;2.2750000e+02;1.3355045e-01;2.2750000e+02;1.5472263e-01;2.2750000e+02;1.8196273e-01;2.2750000e+02;2.1049330e-01;2.2750000e+02;2.2676671e-01;2.2750000e+02;2.1529260e-01;2.2750000e+02;1.8123682e-01;2.2750000e+02;1.3333637e-01;2.2750000e+02;8.3690196e-02;2.2750000e+02;3.8645819e-02;2.2750000e+02;-5.6756297e-03;2.2750000e+02;-1.9016024e-04;2.2750000e+02;1.1210347e-02;2.2750000e+02;2.8429013e-02;2.2750000e+02;4.8750639e-02;2.2750000e+02;7.1091674e-02;2.2750000e+02;9.2782542e-02;2.2750000e+02;1.1331841e-01;2.2750000e+02;1.3355045e-01;2.2750000e+02;1.5472263e-01;2.2750000e+02;1.8196273e-01;2.2750000e+02;2.1049330e-01;2.2750000e+02;2.2676671e-01;2.2750000e+02;2.1529260e-01;2.2750000e+02;1.8123682e-01;2.2750000e+02;1.3333637e-01;2.2750000e+02;8.3690196e-02;2.2750000e+02;3.8645819e-02;2.2750000e+02;-5.6756297e-03;2.2750000e+02;-1.9016024e-04;2.2750000e+02;1.1210347e-02;2.2750000e+02;2.8429013e-02;2.2750000e+02;4.8750639e-02;2.2750000e+02;7.1091674e-02;2.2750000e+02;9.2782542e-02;2.2750000e+02;1.1331841e-01;2.2750000e+02;1.3355045e-01;2.2750000e+02;1.5472263e-01;2.2750000e+02;1.8196273e-01;2.2750000e+02;2.1049330e-01;2.2750000e+02;2.2676671e-01;2.2750000e+02;2.1529260e-01;2.2750000e+02;1.8123682e-01;2.2750000e+02;1.3333637e-01;2.2750000e+02;8.3690196e-02;2.2750000e+02;3.8645819e-02;2.2750000e+02;-5.6756297e-03;2.2750000e+02;-1.9016024e-04;2.2750000e+02;1.1210347e-02;2.2750000e+02;2.8429013e-02;2.2750000e+02;4.8750639e-02;2.2750000e+02;7.1091674e-02;2.2750000e+02;9.2782542e-02;2.2750000e+02;1.1331841e-01;2.2750000e+02;1.3355045e-01;2.2750000e+02;1.5472263e-01;2.2750000e+02;1.8196273e-01;2.2750000e+02;2.1049330e-01;2.2750000e+02;2.2676671e-01;2.2750000e+02;2.1529260e-01;2.2750000e+02;1.8123682e-01;2.2750000e+02;1.3333637e-01;2.2750000e+02;8.3690196e-02;2.2750000e+02;3.8645819e-02;2.2750000e+02;-5.6756297e-03;2.2750000e+02;-1.9016024e-04;2.2750000e+02;1.1210347e-02;2.2750000e+02;2.8429013e-02;2.2750000e+02;4.8750639e-02;2.2750000e+02;7.1091674e-02;2.2750000e+02;9.2782542e-02;2.2750000e+02;1.1331841e-01;2.2750000e+02;1.3355045e-01;2.2750000e+02;1.5472263e-01;2.2750000e+02;1.8196273e-01;2.2750000e+02;2.1049330e-01;2.2750000e+02;2.2676671e-01;2.2750000e+02;2.1529260e-01;2.2750000e+02;1.8123682e-01;2.2750000e+02;1.3333637e-01;2.2750000e+02;8.3690196e-02;2.2750000e+02;3.8645819e-02;2.2750000e+02;-5.6756297e-03;2.2750000e+02;-1.9016024e-04;2.2750000e+02;1.1210347e-02;2.2750000e+02;2.8429013e-02;2.2750000e+02;4.8750639e-02;2.2750000e+02;7.1091674e-02;2.2750000e+02;9.2782542e-02;2.2750000e+02;1.1331841e-01;2.2750000e+02;1.3355045e-01;2.2750000e+02;1.5472263e-01;2.2750000e+02;1.8196273e-01;2.2750000e+02;2.1049330e-01;2.2750000e+02;2.2676671e-01;2.2750000e+02;2.1529260e-01;2.2750000e+02;1.8123682e-01;2.2750000e+02;1.3333637e-01;2.2750000e+02;8.3690196e-02;2.2750000e+02;3.8645819e-02;2.2750000e+02;-5.6756297e-03;2.2750000e+02;-1.9016024e-04;2.2750000e+02;1.1210347e-02;2.2750000e+02;2.8429013e-02;2.2750000e+02;4.8750639e-02;2.2750000e+02;7.1091674e-02;2.2750000e+02;9.2782542e-02;2.2750000e+02;1.1331841e-01;2.2750000e+02;1.3355045e-01;2.2750000e+02;1.5472263e-01;2.2750000e+02;1.8196273e-01;2.2750000e+02;2.1049330e-01;2.2750000e+02;2.2676671e-01;2.2750000e+02;2.1529260e-01;2.2750000e+02;1.8123682e-01;2.2750000e+02;1.3333637e-01;2.2750000e+02;8.3690196e-02;2.2750000e+02;3.8645819e-02;2.2750000e+02;-5.6756297e-03;2.2750000e+02;-1.9016024e-04;2.2750000e+02;1.1210347e-02;2.2750000e+02;2.8429013e-02;2.2750000e+02;4.8750639e-02;2.2750000e+02;7.1091674e-02;2.2750000e+02;9.2782542e-02;2.2750000e+02;1.1331841e-01;2.2750000e+02;1.3355045e-01;2.2750000e+02;1.5472263e-01;2.2750000e+02;1.8196273e-01;2.2750000e+02;2.1049330e-01;2.2750000e+02;2.2676671e-01;2.2750000e+02;2.1529260e-01;2.2750000e+02;1.8123682e-01;2.2750000e+02;1.3333637e-01;2.2750000e+02;8.3690196e-02;2.2750000e+02;3.8645819e-02;2.2750000e+02;-5.6756297e-03;2.2750000e+02;-1.9016024e-04;2.2750000e+02;1.1210347e-02;2.2750000e+02;2.8429013e-02;2.2750000e+02;4.8750639e-02;2.2750000e+02;7.1091674e-02;2.2750000e+02;9.2782542e-02;2.2750000e+02;1.1331841e-01;2.2750000e+02;1.3355045e-01;2.2750000e+02;1.5472263e-01;2.2750000e+02;1.8196273e-01;2.2750000e+02;2.1049330e-01;2.2750000e+02;2.2676671e-01;2.2750000e+02;2.1529260e-01;2.2750000e+02;1.8123682e-01;2.2750000e+02;1.3333637e-01;2.2750000e+02;8.3690196e-02;2.2750000e+02;3.8645819e-02;2.2750000e+02;-5.6756297e-03;2.2750000e+02;-1.9016024e-04;2.2750000e+02;1.1210347e-02;2.2750000e+02;2.8429013e-02;2.2750000e+02;4.8750639e-02;2.2750000e+02;7.1091674e-02;2.2750000e+02;9.2782542e-02;2.2750000e+02;1.1331841e-01;2.2750000e+02;1.3355045e-01;2.2750000e+02;1.5472263e-01;2.2750000e+02;1.8196273e-01;2.2750000e+02;2.1049330e-01;2.2750000e+02;2.2676671e-01;2.2750000e+02;2.1529260e-01;2.2750000e+02;1.8123682e-01;2.2750000e+02;1.3333637e-01;2.2750000e+02;8.3690196e-02;2.2750000e+02;3.8645819e-02;2.2750000e+02;-5.6756297e-03;2.2750000e+02;-1.9016024e-04;2.2750000e+02;1.1210347e-02;2.2750000e+02;2.8429013e-02;2.2750000e+02;4.8750639e-02;2.2750000e+02;7.1091674e-02;2.2750000e+02;9.2782542e-02;2.2750000e+02;1.1331841e-01;2.2750000e+02;1.3355045e-01;2.2750000e+02;1.5472263e-01;2.2750000e+02;1.8196273e-01;2.2750000e+02;2.1049330e-01;2.2750000e+02;2.2676671e-01;2.2750000e+02;2.1529260e-01;2.2750000e+02;1.8123682e-01;2.2750000e+02;1.3333637e-01;2.2750000e+02;8.3690196e-02;2.2750000e+02;3.8645819e-02;2.2750000e+02;-5.6756297e-03;2.2750000e+02;-1.9016024e-04;2.2750000e+02;1.1210347e-02;2.2750000e+02;2.8429013e-02;2.2750000e+02;4.8750639e-02;2.2750000e+02;7.1091674e-02;2.2750000e+02;9.2782542e-02;2.2750000e+02;1.1331841e-01;2.2750000e+02;1.3355045e-01;2.2750000e+02;1.5472263e-01;2.2750000e+02;1.8196273e-01;2.2750000e+02;2.1049330e-01;2.2750000e+02;2.2676671e-01;2.2750000e+02;2.1529260e-01;2.2750000e+02;1.8123682e-01;2.2750000e+02;1.3333637e-01;2.2750000e+02;8.3690196e-02;2.2750000e+02;3.8645819e-02;2.2750000e+02;-5.6756297e-03;2.2750000e+02;-1.9016024e-04;2.2750000e+02;1.1210347e-02;2.2750000e+02;2.8429013e-02;2.2750000e+02;4.8750639e-02;2.2750000e+02;7.1091674e-02;2.2750000e+02;9.2782542e-02;2.2750000e+02;1.1331841e-01;2.2750000e+02;1.3355045e-01;2.2750000e+02;1.5472263e-01;2.2750000e+02;1.8196273e-01;2.2750000e+02;2.1049330e-01;2.2750000e+02;2.2676671e-01;2.2750000e+02;2.1529260e-01;2.2750000e+02;1.8123682e-01;2.2750000e+02;1.3333637e-01;2.2750000e+02;8.3690196e-02;2.2750000e+02;3.8645819e-02;2.2750000e+02;-5.6756297e-03;2.2750000e+02;-1.9016024e-04;2.2750000e+02;1.1210347e-02;2.2750000e+02;2.8429013e-02;2.2750000e+02;4.8750639e-02;2.2750000e+02;7.1091674e-02;2.2750000e+02;9.2782542e-02;2.2750000e+02;1.1331841e-01;2.2750000e+02;1.3355045e-01;2.2750000e+02;1.5472263e-01;2.2750000e+02;1.8196273e-01;2.2750000e+02;2.1049330e-01;2.2750000e+02;2.2676671e-01;2.2750000e+02;2.1529260e-01;2.2750000e+02;1.8123682e-01;2.2750000e+02;1.3333637e-01;2.2750000e+02;8.3690196e-02;2.2750000e+02;3.8645819e-02;2.2750000e+02;-5.6756297e-03;2.2750000e+02;-1.9016024e-04;2.2750000e+02;1.1210347e-02;2.2750000e+02;2.8429013e-02;2.2750000e+02;4.8750639e-02;2.2750000e+02;7.1091674e-02;2.2750000e+02;9.2782542e-02;2.2750000e+02;1.1331841e-01;2.2750000e+02;1.3355045e-01;2.2750000e+02;1.5472263e-01;2.2750000e+02;1.8196273e-01;2.2750000e+02;2.1049330e-01;2.2750000e+02;2.2676671e-01;2.2750000e+02;2.1529260e-01;2.2750000e+02;1.8123682e-01;2.2750000e+02;1.3333637e-01;2.2750000e+02;8.3690196e-02;2.2750000e+02;3.8645819e-02;2.2750000e+02;-5.6756297e-03;2.2750000e+02;-1.9016024e-04;2.2750000e+02;1.1210347e-02;2.2750000e+02;2.8429013e-02;2.2750000e+02;4.8750639e-02;2.2750000e+02;7.1091674e-02;2.2750000e+02;9.2782542e-02;2.2750000e+02;1.1331841e-01;2.2750000e+02;1.3355045e-01;2.2750000e+02;1.5472263e-01;2.2750000e+02;1.8196273e-01;2.2750000e+02;2.1049330e-01;2.2750000e+02;2.2676671e-01;2.2750000e+02;2.1529260e-01;2.2750000e+02;1.8123682e-01;2.2750000e+02;1.3333637e-01;2.2750000e+02;8.3690196e-02;2.2750000e+02;3.8645819e-02;2.2750000e+02;-5.6756297e-03;2.2750000e+02;-1.9016024e-04;2.2750000e+02;1.1210347e-02;2.2750000e+02;2.8429013e-02;2.2750000e+02;4.8750639e-02;2.2750000e+02;7.1091674e-02;2.2750000e+02;9.2782542e-02;2.2750000e+02;1.1331841e-01;2.2750000e+02;1.3355045e-01;2.2750000e+02;1.5472263e-01;2.2750000e+02;1.8196273e-01;2.2750000e+02;2.1049330e-01;2.2750000e+02;2.2676671e-01;2.2750000e+02;2.1529260e-01;2.2750000e+02;1.8123682e-01;2.2750000e+02;1.3333637e-01;2.2750000e+02;8.3690196e-02;2.2750000e+02;3.8645819e-02;2.2750000e+02;-5.6756297e-03;2.2750000e+02;-1.9016024e-04;2.2750000e+02;1.1210347e-02;2.2750000e+02;2.8429013e-02;2.2750000e+02;4.8750639e-02;2.2750000e+02;7.1091674e-02;2.2750000e+02;9.2782542e-02;2.2750000e+02;1.1331841e-01;2.2750000e+02;1.3355045e-01;2.2750000e+02;1.5472263e-01;2.2750000e+02;1.8196273e-01;2.2750000e+02;2.1049330e-01;2.2750000e+02;2.2676671e-01;2.2750000e+02;2.1529260e-01;2.2750000e+02;1.8123682e-01;2.2750000e+02;1.3333637e-01;2.2750000e+02;8.3690196e-02;2.2750000e+02;3.8645819e-02;2.2750000e+02;-5.6756297e-03;2.2750000e+02;-1.9016024e-04;2.2750000e+02;1.1210347e-02;2.2750000e+02;2.8429013e-02;2.2750000e+02;4.8750639e-02;2.2750000e+02;7.1091674e-02;2.2750000e+02;9.2782542e-02;2.2750000e+02;1.1331841e-01;2.2750000e+02;1.3355045e-01;2.2750000e+02;1.5472263e-01;2.2750000e+02;1.8196273e-01;2.2750000e+02;2.1049330e-01;2.2750000e+02;2.2676671e-01;2.2750000e+02;2.1529260e-01;2.2750000e+02;1.8123682e-01;2.2750000e+02;1.3333637e-01;2.2750000e+02;8.3690196e-02;2.2750000e+02;3.8645819e-02;2.2750000e+02;-5.6756297e-03;2.2750000e+02;-1.9016024e-04;2.2750000e+02;1.1210347e-02;2.2750000e+02;2.8429013e-02;2.2750000e+02;4.8750639e-02;2.2750000e+02;7.1091674e-02;2.2750000e+02;9.2782542e-02;2.2750000e+02;1.1331841e-01;2.2750000e+02;1.3355045e-01;2.2750000e+02;1.5472263e-01;2.2750000e+02;1.8196273e-01;2.2750000e+02;2.1049330e-01;2.2750000e+02;2.2676671e-01;2.2750000e+02;2.1529260e-01;2.2750000e+02;1.8123682e-01;2.2750000e+02;1.3333637e-01;2.2750000e+02;8.3690196e-02;2.2750000e+02;3.8645819e-02;2.2750000e+02;-5.6756297e-03;2.2750000e+02;-1.9016024e-04;2.2750000e+02;1.1210347e-02;2.2750000e+02;2.8429013e-02;2.2750000e+02;4.8750639e-02;2.2750000e+02;7.1091674e-02;2.2750000e+02;9.2782542e-02;2.2750000e+02;1.1331841e-01;2.2750000e+02;1.3355045e-01;2.2750000e+02;1.5472263e-01;2.2750000e+02;1.8196273e-01;2.2750000e+02;2.1049330e-01;2.2750000e+02;2.2676671e-01;2.2750000e+02;2.1529260e-01;2.2750000e+02;1.8123682e-01;2.2750000e+02;1.3333637e-01;2.2750000e+02;8.3690196e-02;2.2750000e+02;3.8645819e-02;2.2750000e+02;-5.6756297e-03;2.2750000e+02;-1.9016024e-04;2.2750000e+02;1.1210347e-02;2.2750000e+02;2.8429013e-02;2.2750000e+02;4.8750639e-02;2.2750000e+02;7.1091674e-02;2.2750000e+02;9.2782542e-02;2.2750000e+02;1.1331841e-01;2.2750000e+02;1.3355045e-01;2.2750000e+02;1.5472263e-01;2.2750000e+02;1.8196273e-01;2.2750000e+02;2.1049330e-01;2.2750000e+02;2.2676671e-01;2.2750000e+02;2.1529260e-01;2.2750000e+02;1.8123682e-01;2.2750000e+02;1.3333637e-01;2.2750000e+02;8.3690196e-02;2.2750000e+02;3.8645819e-02;2.2750000e+02;-5.6756297e-03;2.2750000e+02;-1.9016024e-04;2.2750000e+02;1.1210347e-02;2.2750000e+02;2.8429013e-02;2.2750000e+02;4.8750639e-02;2.2750000e+02;7.1091674e-02;2.2750000e+02;9.2782542e-02;2.2750000e+02;1.1331841e-01;2.2750000e+02;1.3355045e-01;2.2750000e+02;1.5472263e-01;2.2750000e+02;1.8196273e-01;2.2750000e+02;2.1049330e-01;2.2750000e+02;2.2676671e-01;2.2750000e+02;2.1529260e-01;2.2750000e+02;1.8123682e-01;2.2750000e+02;1.3333637e-01;2.2750000e+02;8.3690196e-02;2.2750000e+02;3.8645819e-02;2.2750000e+02;-5.6756297e-03;2.2750000e+02;-1.9016024e-04;2.2750000e+02;1.1210347e-02;2.2750000e+02;2.8429013e-02;2.2750000e+02;4.8750639e-02;2.2750000e+02;7.1091674e-02;2.2750000e+02;9.2782542e-02;2.2750000e+02;1.1331841e-01;2.2750000e+02;1.3355045e-01;2.2750000e+02;1.5472263e-01;2.2750000e+02;1.8196273e-01;2.2750000e+02;2.1049330e-01;2.2750000e+02;2.2676671e-01;2.2750000e+02;2.1529260e-01;2.2750000e+02;1.8123682e-01;2.2750000e+02;1.3333637e-01;2.2750000e+02;8.3690196e-02;2.2750000e+02;3.8645819e-02;2.2750000e+02;-5.6756297e-03;2.2750000e+02;-1.9016024e-04;2.2750000e+02;1.1210347e-02;2.2750000e+02;2.8429013e-02;2.2750000e+02;4.8750639e-02;2.2750000e+02;7.1091674e-02;2.2750000e+02;9.2782542e-02;2.2750000e+02;1.1331841e-01;2.2750000e+02;1.3355045e-01;2.2750000e+02;1.5472263e-01;2.2750000e+02;1.8196273e-01;2.2750000e+02;2.1049330e-01;2.2750000e+02;2.2676671e-01;2.2750000e+02;2.1529260e-01;2.2750000e+02;1.8123682e-01;2.2750000e+02;1.3333637e-01;2.2750000e+02;8.3690196e-02;2.2750000e+02;3.8645819e-02;2.2750000e+02;-5.6756297e-03;2.2750000e+02;-1.9016024e-04;2.2750000e+02;1.1210347e-02;2.2750000e+02;2.8429013e-02;2.2750000e+02;4.8750639e-02;2.2750000e+02;7.1091674e-02;2.2750000e+02;9.2782542e-02;2.2750000e+02;1.1331841e-01;2.2750000e+02;1.3355045e-01;2.2750000e+02;1.5472263e-01;2.2750000e+02;1.8196273e-01;2.2750000e+02;2.1049330e-01;2.2750000e+02;2.2676671e-01;2.2750000e+02;2.1529260e-01;2.2750000e+02;1.8123682e-01;2.2750000e+02;1.3333637e-01;2.2750000e+02;8.3690196e-02;2.2750000e+02;3.8645819e-02;2.2750000e+02;-5.6756297e-03;2.2750000e+02;-1.9016024e-04;2.2750000e+02;1.1210347e-02;2.2750000e+02;2.8429013e-02;2.2750000e+02;4.8750639e-02;2.2750000e+02;7.1091674e-02;2.2750000e+02;9.2782542e-02;2.2750000e+02;1.1331841e-01;2.2750000e+02;1.3355045e-01;2.2750000e+02;1.5472263e-01;2.2750000e+02;1.8196273e-01;2.2750000e+02;2.1049330e-01;2.2750000e+02;2.2676671e-01;2.2750000e+02;2.1529260e-01;2.2750000e+02;1.8123682e-01;2.2750000e+02;1.3333637e-01;2.2750000e+02;8.3690196e-02;2.2750000e+02;3.8645819e-02;2.2750000e+02;-5.6756297e-03;2.2750000e+02;-1.9016024e-04;2.2750000e+02;1.1210347e-02;2.2750000e+02;2.8429013e-02;2.2750000e+02;4.8750639e-02;2.2750000e+02;7.1091674e-02;2.2750000e+02;9.2782542e-02;2.2750000e+02;1.1331841e-01;2.2750000e+02;1.3355045e-01;2.2750000e+02;1.5472263e-01;2.2750000e+02;1.8196273e-01;2.2750000e+02;2.1049330e-01;2.2750000e+02;2.2676671e-01;2.2750000e+02;2.1529260e-01;2.2750000e+02;1.8123682e-01;2.2750000e+02;1.3333637e-01;2.2750000e+02;8.3690196e-02;2.2750000e+02;3.8645819e-02;2.2750000e+02;-5.6756297e-03;2.2750000e+02;-1.9016024e-04;2.2750000e+02;1.1210347e-02;2.2750000e+02;2.8429013e-02;2.2750000e+02;4.8750639e-02;2.2750000e+02;7.1091674e-02;2.2750000e+02;9.2782542e-02;2.2750000e+02;1.1331841e-01;2.2750000e+02;1.3355045e-01;2.2750000e+02;1.5472263e-01;2.2750000e+02;1.8196273e-01;2.2750000e+02;2.1049330e-01;2.2750000e+02;2.2676671e-01;2.2750000e+02;2.1529260e-01;2.2750000e+02;1.8123682e-01;2.2750000e+02;1.3333637e-01;2.2750000e+02;8.3690196e-02;2.2750000e+02;3.8645819e-02;2.2750000e+02;-5.6756297e-03;2.2750000e+02;-1.9016024e-04;2.2750000e+02;1.1210347e-02;2.2750000e+02;2.8429013e-02;2.2750000e+02;4.8750639e-02;2.2750000e+02;7.1091674e-02;2.2750000e+02;9.2782542e-02;2.2750000e+02;1.1331841e-01;2.2750000e+02;1.3355045e-01;2.2750000e+02;1.5472263e-01;2.2750000e+02;1.8196273e-01;2.2750000e+02;2.1049330e-01;2.2750000e+02;2.2676671e-01;2.2750000e+02;2.1529260e-01;2.2750000e+02;1.8123682e-01;2.2750000e+02;1.3333637e-01;2.2750000e+02;8.3690196e-02;2.2750000e+02;3.8645819e-02;2.2750000e+02;-5.6756297e-03;2.2750000e+02;-1.9016024e-04;2.2750000e+02;1.1210347e-02;2.2750000e+02;2.8429013e-02;2.2750000e+02;4.8750639e-02;2.2750000e+02;7.1091674e-02;2.2750000e+02;9.2782542e-02;2.2750000e+02;1.1331841e-01;2.2750000e+02;1.3355045e-01;2.2750000e+02;1.5472263e-01;2.2750000e+02;1.8196273e-01;2.2750000e+02;2.1049330e-01;2.2750000e+02;2.2676671e-01;2.2750000e+02;2.1529260e-01;2.2750000e+02;1.8123682e-01;2.2750000e+02;1.3333637e-01;2.2750000e+02;8.3690196e-02;2.2750000e+02;3.8645819e-02;2.2750000e+02;-5.6756297e-03;2.2750000e+02;-1.9016024e-04;2.2750000e+02;1.1210347e-02;2.2750000e+02;2.8429013e-02;2.2750000e+02;4.8750639e-02;2.2750000e+02;7.1091674e-02;2.2750000e+02;9.2782542e-02;2.2750000e+02;1.1331841e-01;2.2750000e+02;1.3355045e-01;2.2750000e+02;1.5472263e-01;2.2750000e+02;1.8196273e-01;2.2750000e+02;2.1049330e-01;2.2750000e+02;2.2676671e-01;2.2750000e+02;2.1529260e-01;2.2750000e+02;1.8123682e-01;2.2750000e+02;1.3333637e-01;2.2750000e+02;8.3690196e-02;2.2750000e+02;3.8645819e-02;2.2750000e+02;-5.6756297e-03;2.2750000e+02;-1.9016024e-04;2.2750000e+02;1.1210347e-02;2.2750000e+02;2.8429013e-02;2.2750000e+02;4.8750639e-02;2.2750000e+02;7.1091674e-02;2.2750000e+02;9.2782542e-02;2.2750000e+02;1.1331841e-01;2.2750000e+02;1.3355045e-01;2.2750000e+02;1.5472263e-01;2.2750000e+02;1.8196273e-01;2.2750000e+02;2.1049330e-01;2.2750000e+02;2.2676671e-01;2.2750000e+02;2.1529260e-01;2.2750000e+02;1.8123682e-01;2.2750000e+02;1.3333637e-01;2.2750000e+02;8.3690196e-02;2.2750000e+02;3.8645819e-02;2.2750000e+02;-5.6756297e-03;2.2750000e+02;-1.9016024e-04;2.2750000e+02;1.1210347e-02;2.2750000e+02;2.8429013e-02;2.2750000e+02;4.8750639e-02;2.2750000e+02;7.1091674e-02;2.2750000e+02;9.2782542e-02;2.2750000e+02;1.1331841e-01;2.2750000e+02;1.3355045e-01;2.2750000e+02;1.5472263e-01;2.2750000e+02;1.8196273e-01;2.2750000e+02;2.1049330e-01;2.2750000e+02;2.2676671e-01;2.2750000e+02;2.1529260e-01;2.2750000e+02;1.8123682e-01;2.2750000e+02;1.3333637e-01;2.2750000e+02;8.3690196e-02;2.2750000e+02;3.8645819e-02;2.2750000e+02;-5.6756297e-03;2.2750000e+02;-1.9016024e-04;2.2750000e+02;1.1210347e-02;2.2750000e+02;2.8429013e-02;2.2750000e+02;4.8750639e-02;2.2750000e+02;7.1091674e-02;2.2750000e+02;9.2782542e-02;2.2750000e+02;1.1331841e-01;2.2750000e+02;1.3355045e-01;2.2750000e+02;1.5472263e-01;2.2750000e+02;1.8196273e-01;2.2750000e+02;2.1049330e-01;2.2750000e+02;2.2676671e-01;2.2750000e+02;2.1529260e-01;2.2750000e+02;1.8123682e-01;2.2750000e+02;1.3333637e-01;2.2750000e+02;8.3690196e-02;2.2750000e+02;3.8645819e-02;2.2750000e+02;-5.6756297e-03;2.2750000e+02;-1.9016024e-04;2.2750000e+02;1.1210347e-02;2.2750000e+02;2.8429013e-02;2.2750000e+02;4.8750639e-02;2.2750000e+02;7.1091674e-02;2.2750000e+02;9.2782542e-02;2.2750000e+02;1.1331841e-01;2.2750000e+02;1.3355045e-01;2.2750000e+02;1.5472263e-01;2.2750000e+02;1.8196273e-01;2.2750000e+02;2.1049330e-01;2.2750000e+02;2.2676671e-01;2.2750000e+02;2.1529260e-01;2.2750000e+02;1.8123682e-01;2.2750000e+02;1.3333637e-01;2.2750000e+02;8.3690196e-02;2.2750000e+02;3.8645819e-02;2.2750000e+02;-5.6756297e-03;2.2750000e+02;-1.9016024e-04;2.2750000e+02;1.1210347e-02;2.2750000e+02;2.8429013e-02;2.2750000e+02;4.8750639e-02;2.2750000e+02;7.1091674e-02;2.2750000e+02;9.2782542e-02;2.2750000e+02;1.1331841e-01;2.2750000e+02;1.3355045e-01;2.2750000e+02;1.5472263e-01;2.2750000e+02;1.8196273e-01;2.2750000e+02;2.1049330e-01;2.2750000e+02;2.2676671e-01;2.2750000e+02;2.1529260e-01;2.2750000e+02;1.8123682e-01;2.2750000e+02;1.3333637e-01;2.2750000e+02;8.3690196e-02;2.2750000e+02;3.8645819e-02;2.2750000e+02;-5.6756297e-03;2.2750000e+02;-1.9016024e-04;2.2750000e+02;1.1210347e-02;2.2750000e+02;2.8429013e-02;2.2750000e+02;4.8750639e-02;2.2750000e+02;7.1091674e-02;2.2750000e+02;9.2782542e-02;2.2750000e+02;1.1331841e-01;2.2750000e+02;1.3355045e-01;2.2750000e+02;1.5472263e-01;2.2750000e+02;1.8196273e-01;2.2750000e+02;2.1049330e-01;2.2750000e+02;2.2676671e-01;2.2750000e+02;2.1529260e-01;2.2750000e+02;1.8123682e-01;2.2750000e+02;1.3333637e-01;2.2750000e+02;8.3690196e-02;2.2750000e+02;3.8645819e-02;2.2750000e+02;-5.6756297e-03;2.2750000e+02;-1.9016024e-04;2.2750000e+02;1.1210347e-02;2.2750000e+02;2.8429013e-02;2.2750000e+02;4.8750639e-02;2.2750000e+02;7.1091674e-02;2.2750000e+02;9.2782542e-02;2.2750000e+02;1.1331841e-01;2.2750000e+02;1.3355045e-01;2.2750000e+02;1.5472263e-01;2.2750000e+02;1.8196273e-01;2.2750000e+02;2.1049330e-01;2.2750000e+02;2.2676671e-01;2.2750000e+02;2.1529260e-01;2.2750000e+02;1.8123682e-01;2.2750000e+02;1.3333637e-01;2.2750000e+02;8.3690196e-02;2.2750000e+02;3.8645819e-02;2.2750000e+02;-5.6756297e-03;2.2750000e+02;-1.9016024e-04;2.2750000e+02;1.1210347e-02;2.2750000e+02;2.8429013e-02;2.2750000e+02;4.8750639e-02;2.2750000e+02;7.1091674e-02;2.2750000e+02;9.2782542e-02;2.2750000e+02;1.1331841e-01;2.2750000e+02;1.3355045e-01;2.2750000e+02;1.5472263e-01;2.2750000e+02;1.8196273e-01;2.2750000e+02;2.1049330e-01;2.2750000e+02;2.2676671e-01;2.2750000e+02;2.1529260e-01;2.2750000e+02;1.8123682e-01;2.2750000e+02;1.3333637e-01;2.2750000e+02;8.3690196e-02;2.2750000e+02;3.8645819e-02;2.2750000e+02;-5.6756297e-03;2.2750000e+02;-1.9016024e-04;2.2750000e+02;1.1210347e-02;2.2750000e+02;2.8429013e-02;2.2750000e+02;4.8750639e-02;2.2750000e+02;7.1091674e-02;2.2750000e+02;9.2782542e-02;2.2750000e+02;1.1331841e-01;2.2750000e+02;1.3355045e-01;2.2750000e+02;1.5472263e-01;2.2750000e+02;1.8196273e-01;2.2750000e+02;2.1049330e-01;2.2750000e+02;2.2676671e-01;2.2750000e+02;2.1529260e-01;2.2750000e+02;1.8123682e-01;2.2750000e+02;1.3333637e-01;2.2750000e+02;8.3690196e-02;2.2750000e+02;3.8645819e-02;2.2750000e+02;-5.6756297e-03;2.2750000e+02;-1.9016024e-04;2.2750000e+02;1.1210347e-02;2.2750000e+02;2.8429013e-02;2.2750000e+02;4.8750639e-02;2.2750000e+02;7.1091674e-02;2.2750000e+02;9.2782542e-02;2.2750000e+02;1.1331841e-01;2.2750000e+02;1.3355045e-01;2.2750000e+02;1.5472263e-01;2.2750000e+02;1.8196273e-01;2.2750000e+02;2.1049330e-01;2.2750000e+02;2.2676671e-01;2.2750000e+02;2.1529260e-01;2.2750000e+02;1.8123682e-01;2.2750000e+02;1.3333637e-01;2.2750000e+02;8.3690196e-02;2.2750000e+02;3.8645819e-02;2.2750000e+02;-5.6756297e-03;2.2750000e+02;-1.9016024e-04;2.2750000e+02;1.1210347e-02;2.2750000e+02;2.8429013e-02;2.2750000e+02;4.8750639e-02;2.2750000e+02;7.1091674e-02;2.2750000e+02;9.2782542e-02;2.2750000e+02;1.1331841e-01;2.2750000e+02;1.3355045e-01;2.2750000e+02;1.5472263e-01;2.2750000e+02;1.8196273e-01;2.2750000e+02;2.1049330e-01;2.2750000e+02;2.2676671e-01;2.2750000e+02;2.1529260e-01;2.2750000e+02;1.8123682e-01;2.2750000e+02;1.3333637e-01;2.2750000e+02;8.3690196e-02;2.2750000e+02;3.8645819e-02;2.2750000e+02;-5.6756297e-03;2.2750000e+02;-1.9016024e-04;2.2750000e+02;1.1210347e-02;2.2750000e+02;2.8429013e-02;2.2750000e+02;4.8750639e-02;2.2750000e+02;7.1091674e-02;2.2750000e+02;9.2782542e-02;2.2750000e+02;1.1331841e-01;2.2750000e+02;1.3355045e-01;2.2750000e+02;1.5472263e-01;2.2750000e+02;1.8196273e-01;2.2750000e+02;2.1049330e-01;2.2750000e+02;2.2676671e-01;2.2750000e+02;2.1529260e-01;2.2750000e+02;1.8123682e-01;2.2750000e+02;1.3333637e-01;2.2750000e+02;8.3690196e-02;2.2750000e+02;3.8645819e-02;2.2750000e+02;-5.6756297e-03;2.2750000e+02;-1.9016024e-04;2.2750000e+02;1.1210347e-02;2.2750000e+02;2.8429013e-02;2.2750000e+02;4.8750639e-02;2.2750000e+02;7.1091674e-02;2.2750000e+02;9.2782542e-02;2.2750000e+02;1.1331841e-01;2.2750000e+02;1.3355045e-01;2.2750000e+02;1.5472263e-01;2.2750000e+02;1.8196273e-01;2.2750000e+02;2.1049330e-01;2.2750000e+02;2.2676671e-01;2.2750000e+02;2.1529260e-01;2.2750000e+02;1.8123682e-01;2.2750000e+02;1.3333637e-01;2.2750000e+02;8.3690196e-02;2.2750000e+02;3.8645819e-02;2.2750000e+02;-5.6756297e-03;2.2750000e+02;-1.9016024e-04;2.2750000e+02;1.1210347e-02;2.2750000e+02;2.8429013e-02;2.2750000e+02;4.8750639e-02;2.2750000e+02;7.1091674e-02;2.2750000e+02;9.2782542e-02;2.2750000e+02;1.1331841e-01;2.2750000e+02;1.3355045e-01;2.2750000e+02;1.5472263e-01;2.2750000e+02;1.8196273e-01;2.2750000e+02;2.1049330e-01;2.2750000e+02;2.2676671e-01;2.2750000e+02;2.1529260e-01;2.2750000e+02;1.8123682e-01;2.2750000e+02;1.3333637e-01;2.2750000e+02;8.3690196e-02;2.2750000e+02;3.8645819e-02;2.2750000e+02;-5.6756297e-03;2.2750000e+02;-1.9016024e-04;2.2750000e+02;1.1210347e-02;2.2750000e+02;2.8429013e-02;2.2750000e+02;4.8750639e-02;2.2750000e+02;7.1091674e-02;2.2750000e+02;9.2782542e-02;2.2750000e+02;1.1331841e-01;2.2750000e+02;1.3355045e-01;2.2750000e+02;1.5472263e-01;2.2750000e+02;1.8196273e-01;2.2750000e+02;2.1049330e-01;2.2750000e+02;2.2676671e-01;2.2750000e+02;2.1529260e-01;2.2750000e+02;1.8123682e-01;2.2750000e+02;1.3333637e-01;2.2750000e+02;8.3690196e-02;2.2750000e+02;3.8645819e-02;2.2750000e+02;-5.6756297e-03;2.2750000e+02;-1.9016024e-04;2.2750000e+02;1.1210347e-02;2.2750000e+02;2.8429013e-02;2.2750000e+02;4.8750639e-02;2.2750000e+02;7.1091674e-02;2.2750000e+02;9.2782542e-02;2.2750000e+02;1.1331841e-01;2.2750000e+02;1.3355045e-01;2.2750000e+02;1.5472263e-01;2.2750000e+02;1.8196273e-01;2.2750000e+02;2.1049330e-01;2.2750000e+02;2.2676671e-01;2.2750000e+02;2.1529260e-01;2.2750000e+02;1.8123682e-01;2.2750000e+02;1.3333637e-01;2.2750000e+02;8.3690196e-02;2.2750000e+02;3.8645819e-02;2.2750000e+02;-5.6756297e-03;2.2750000e+02;-1.9016024e-04;2.2750000e+02;1.1210347e-02;2.2750000e+02;2.8429013e-02;2.2750000e+02;4.8750639e-02;2.2750000e+02;7.1091674e-02;2.2750000e+02;9.2782542e-02;2.2750000e+02;1.1331841e-01;2.2750000e+02;1.3355045e-01;2.2750000e+02;1.5472263e-01;2.2750000e+02;1.8196273e-01;2.2750000e+02;2.1049330e-01;2.2750000e+02;2.2676671e-01;2.2750000e+02;2.1529260e-01;2.2750000e+02;1.8123682e-01;2.2750000e+02;1.3333637e-01;2.2750000e+02;8.3690196e-02;2.2750000e+02;3.8645819e-02;2.2750000e+02;-5.6756297e-03;2.2750000e+02;-1.9016024e-04;2.2750000e+02;1.1210347e-02;2.2750000e+02;2.8429013e-02;2.2750000e+02;4.8750639e-02;2.2750000e+02;7.1091674e-02;2.2750000e+02;9.2782542e-02;2.2750000e+02;1.1331841e-01;2.2750000e+02;1.3355045e-01;2.2750000e+02;1.5472263e-01;2.2750000e+02;1.8196273e-01;2.2750000e+02;2.1049330e-01;2.2750000e+02;2.2676671e-01;2.2750000e+02;2.1529260e-01;2.2750000e+02;1.8123682e-01;2.2750000e+02;1.3333637e-01;2.2750000e+02;8.3690196e-02;2.2750000e+02;3.8645819e-02;2.2750000e+02;-5.6756297e-03;2.2750000e+02;-1.9016024e-04;2.2750000e+02;1.1210347e-02;2.2750000e+02;2.8429013e-02;2.2750000e+02;4.8750639e-02;2.2750000e+02;7.1091674e-02;2.2750000e+02;9.2782542e-02;2.2750000e+02;1.1331841e-01;2.2750000e+02;1.3355045e-01;2.2750000e+02;1.5472263e-01;2.2750000e+02;1.8196273e-01;2.2750000e+02;2.1049330e-01;2.2750000e+02;2.2676671e-01;2.2750000e+02;2.1529260e-01;2.2750000e+02;1.8123682e-01;2.2750000e+02;1.3333637e-01;2.2750000e+02;8.3690196e-02;2.2750000e+02;3.8645819e-02;2.2750000e+02;-5.6756297e-03;2.2750000e+02;-1.9016024e-04;2.2750000e+02;1.1210347e-02;2.2750000e+02;2.8429013e-02;2.2750000e+02;4.8750639e-02;2.2750000e+02;7.1091674e-02;2.2750000e+02;9.2782542e-02;2.2750000e+02;1.1331841e-01;2.2750000e+02;1.3355045e-01;2.2750000e+02;1.5472263e-01;2.2750000e+02;1.8196273e-01;2.2750000e+02;2.1049330e-01;2.2750000e+02;2.2676671e-01;2.2750000e+02;2.1529260e-01;2.2750000e+02;1.8123682e-01;2.2750000e+02;1.3333637e-01;2.2750000e+02;8.3690196e-02;2.2750000e+02;3.8645819e-02;2.2750000e+02;-5.6756297e-03;2.2750000e+02;-1.9016024e-04;2.2750000e+02;1.1210347e-02;2.2750000e+02;2.8429013e-02;2.2750000e+02;4.8750639e-02;2.2750000e+02;7.1091674e-02;2.2750000e+02;9.2782542e-02;2.2750000e+02;1.1331841e-01;2.2750000e+02;1.3355045e-01;2.2750000e+02;1.5472263e-01;2.2750000e+02;1.8196273e-01;2.2750000e+02;2.1049330e-01;2.2750000e+02;2.2676671e-01;2.2750000e+02;2.1529260e-01;2.2750000e+02;1.8123682e-01;2.2750000e+02;1.3333637e-01;2.2750000e+02;8.3690196e-02;2.2750000e+02;3.8645819e-02;2.2750000e+02;-5.6756297e-03;2.2750000e+02;-1.9016024e-04;2.2750000e+02;1.1210347e-02;2.2750000e+02;2.8429013e-02;2.2750000e+02;4.8750639e-02;2.2750000e+02;7.1091674e-02;2.2750000e+02;9.2782542e-02;2.2750000e+02;1.1331841e-01;2.2750000e+02;1.3355045e-01;2.2750000e+02;1.5472263e-01;2.2750000e+02;1.8196273e-01;2.2750000e+02;2.1049330e-01;2.2750000e+02;2.2676671e-01;2.2750000e+02;2.1529260e-01;2.2750000e+02;1.8123682e-01;2.2750000e+02;1.3333637e-01;2.2750000e+02;8.3690196e-02;2.2750000e+02;3.8645819e-02;2.2750000e+02;-5.6756297e-03;2.2750000e+02;-1.9016024e-04;2.2750000e+02;1.1210347e-02;2.2750000e+02;2.8429013e-02;2.2750000e+02;4.8750639e-02;2.2750000e+02;7.1091674e-02;2.2750000e+02;9.2782542e-02;2.2750000e+02;1.1331841e-01;2.2750000e+02;1.3355045e-01;2.2750000e+02;1.5472263e-01;2.2750000e+02;1.8196273e-01;2.2750000e+02;2.1049330e-01;2.2750000e+02;2.2676671e-01;2.2750000e+02;2.1529260e-01;2.2750000e+02;1.8123682e-01;2.2750000e+02;1.3333637e-01;2.2750000e+02;8.3690196e-02;2.2750000e+02;3.8645819e-02;2.2750000e+02;-5.6756297e-03;2.2750000e+02;-1.9016024e-04;2.2750000e+02;1.1210347e-02;2.2750000e+02;2.8429013e-02;2.2750000e+02;4.8750639e-02;2.2750000e+02;7.1091674e-02;2.2750000e+02;9.2782542e-02;2.2750000e+02;1.1331841e-01;2.2750000e+02;1.3355045e-01;2.2750000e+02;1.5472263e-01;2.2750000e+02;1.8196273e-01;2.2750000e+02;2.1049330e-01;2.2750000e+02;2.2676671e-01;2.2750000e+02;2.1529260e-01;2.2750000e+02;1.8123682e-01;2.2750000e+02;1.3333637e-01;2.2750000e+02;8.3690196e-02;2.2750000e+02;3.8645819e-02;2.2750000e+02;-5.6756297e-03;2.2750000e+02;-1.9016024e-04;2.2750000e+02;1.1210347e-02;2.2750000e+02;2.8429013e-02;2.2750000e+02;4.8750639e-02;2.2750000e+02;7.1091674e-02;2.2750000e+02;9.2782542e-02;2.2750000e+02;1.1331841e-01;2.2750000e+02;1.3355045e-01;2.2750000e+02;1.5472263e-01;2.2750000e+02;1.8196273e-01;2.2750000e+02;2.1049330e-01;2.2750000e+02;2.2676671e-01;2.2750000e+02;2.1529260e-01;2.2750000e+02;1.8123682e-01;2.2750000e+02;1.3333637e-01;2.2750000e+02;8.3690196e-02;2.2750000e+02;3.8645819e-02;2.2750000e+02;-5.6756297e-03;2.2750000e+02;-1.9016024e-04;2.2750000e+02;1.1210347e-02;2.2750000e+02;2.8429013e-02;2.2750000e+02;4.8750639e-02;2.2750000e+02;7.1091674e-02;2.2750000e+02;9.2782542e-02;2.2750000e+02;1.1331841e-01;2.2750000e+02;1.3355045e-01;2.2750000e+02;1.5472263e-01;2.2750000e+02;1.8196273e-01;2.2750000e+02;2.1049330e-01;2.2750000e+02;2.2676671e-01;2.2750000e+02;2.1529260e-01;2.2750000e+02;1.8123682e-01;2.2750000e+02;1.3333637e-01;2.2750000e+02;8.3690196e-02;2.2750000e+02;3.8645819e-02;2.2750000e+02;-5.6756297e-03;2.2750000e+02;-1.9016024e-04;2.2750000e+02;1.1210347e-02;2.2750000e+02;2.8429013e-02;2.2750000e+02;4.8750639e-02;2.2750000e+02;7.1091674e-02;2.2750000e+02;9.2782542e-02;2.2750000e+02;1.1331841e-01;2.2750000e+02;1.3355045e-01;2.2750000e+02;1.5472263e-01;2.2750000e+02;1.8196273e-01;2.2750000e+02;2.1049330e-01;2.2750000e+02;2.2676671e-01;2.2750000e+02;2.1529260e-01;2.2750000e+02;1.8123682e-01;2.2750000e+02;1.3333637e-01;2.2750000e+02;8.3690196e-02;2.2750000e+02;3.8645819e-02;2.2750000e+02;-5.6756297e-03;2.2750000e+02;-1.9016024e-04;2.2750000e+02;1.1210347e-02;2.2750000e+02;2.8429013e-02;2.2750000e+02;4.8750639e-02;2.2750000e+02;7.1091674e-02;2.2750000e+02;9.2782542e-02;2.2750000e+02;1.1331841e-01;2.2750000e+02;1.3355045e-01;2.2750000e+02;1.5472263e-01;2.2750000e+02;1.8196273e-01;2.2750000e+02;2.1049330e-01;2.2750000e+02;2.2676671e-01;2.2750000e+02;2.1529260e-01;2.2750000e+02;1.8123682e-01;2.2750000e+02;1.3333637e-01;2.2750000e+02;8.3690196e-02;2.2750000e+02;3.8645819e-02;2.2750000e+02;-5.6756297e-03;2.2750000e+02;-1.9016024e-04;2.2750000e+02;1.1210347e-02;2.2750000e+02;2.8429013e-02;2.2750000e+02;4.8750639e-02;2.2750000e+02;7.1091674e-02;2.2750000e+02;9.2782542e-02;2.2750000e+02;1.1331841e-01;2.2750000e+02;1.3355045e-01;2.2750000e+02;1.5472263e-01;2.2750000e+02;1.8196273e-01;2.2750000e+02;2.1049330e-01;2.2750000e+02;2.2676671e-01;2.2750000e+02;2.1529260e-01;2.2750000e+02;1.8123682e-01;2.2750000e+02;1.3333637e-01;2.2750000e+02;8.3690196e-02;2.2750000e+02;3.8645819e-02;2.2750000e+02;-5.6756297e-03;2.2750000e+02;-1.9016024e-04;2.2750000e+02;1.1210347e-02;2.2750000e+02;2.8429013e-02;2.2750000e+02;4.8750639e-02;2.2750000e+02;7.1091674e-02;2.2750000e+02;9.2782542e-02;2.2750000e+02;1.1331841e-01;2.2750000e+02;1.3355045e-01;2.2750000e+02;1.5472263e-01;2.2750000e+02;1.8196273e-01;2.2750000e+02;2.1049330e-01;2.2750000e+02;2.2676671e-01;2.2750000e+02;2.1529260e-01;2.2750000e+02;1.8123682e-01;2.2750000e+02;1.3333637e-01;2.2750000e+02;8.3690196e-02;2.2750000e+02;3.8645819e-02;2.2750000e+02;-5.6756297e-03;2.2750000e+02;-1.9016024e-04;2.2750000e+02;1.1210347e-02;2.2750000e+02;2.8429013e-02;2.2750000e+02;4.8750639e-02;2.2750000e+02;7.1091674e-02;2.2750000e+02;9.2782542e-02;2.2750000e+02;1.1331841e-01;2.2750000e+02;1.3355045e-01;2.2750000e+02;1.5472263e-01;2.2750000e+02;1.8196273e-01;2.2750000e+02;2.1049330e-01;2.2750000e+02;2.2676671e-01;2.2750000e+02;2.1529260e-01;2.2750000e+02;1.8123682e-01;2.2750000e+02;1.3333637e-01;2.2750000e+02;8.3690196e-02;2.2750000e+02;3.8645819e-02;2.2750000e+02;-5.6756297e-03;2.2750000e+02;-1.9016024e-04;2.2750000e+02;1.1210347e-02;2.2750000e+02;2.8429013e-02;2.2750000e+02;4.8750639e-02;2.2750000e+02;7.1091674e-02;2.2750000e+02;9.2782542e-02;2.2750000e+02;1.1331841e-01;2.2750000e+02;1.3355045e-01;2.2750000e+02;1.5472263e-01;2.2750000e+02;1.8196273e-01;2.2750000e+02;2.1049330e-01;2.2750000e+02;2.2676671e-01;2.2750000e+02;2.1529260e-01;2.2750000e+02;1.8123682e-01;2.2750000e+02;1.3333637e-01;2.2750000e+02;8.3690196e-02;2.2750000e+02;3.8645819e-02;2.2750000e+02;-5.6756297e-03;2.2750000e+02;-1.9016024e-04;2.2750000e+02;1.1210347e-02;2.2750000e+02;2.8429013e-02;2.2750000e+02;4.8750639e-02;2.2750000e+02;7.1091674e-02;2.2750000e+02;9.2782542e-02;2.2750000e+02;1.1331841e-01;2.2750000e+02;1.3355045e-01;2.2750000e+02;1.5472263e-01;2.2750000e+02;1.8196273e-01;2.2750000e+02;2.1049330e-01;2.2750000e+02;2.2676671e-01;2.2750000e+02;2.1529260e-01;2.2750000e+02;1.8123682e-01;2.2750000e+02;1.3333637e-01;2.2750000e+02;8.3690196e-02;2.2750000e+02;3.8645819e-02;2.2750000e+02;-5.6756297e-03;2.2750000e+02;-1.9016024e-04;2.2750000e+02;1.1210347e-02;2.2750000e+02;2.8429013e-02;2.2750000e+02;4.8750639e-02;2.2750000e+02;7.1091674e-02;2.2750000e+02;9.2782542e-02;2.2750000e+02;1.1331841e-01;2.2750000e+02;1.3355045e-01;2.2750000e+02;1.5472263e-01;2.2750000e+02;1.8196273e-01;2.2750000e+02;2.1049330e-01;2.2750000e+02;2.2676671e-01;2.2750000e+02;2.1529260e-01;2.2750000e+02;1.8123682e-01;2.2750000e+02;1.3333637e-01;2.2750000e+02;8.3690196e-02;2.2750000e+02;3.8645819e-02;2.2750000e+02;-5.6756297e-03;2.2750000e+02;-1.9016024e-04;2.2750000e+02;1.1210347e-02;2.2750000e+02;2.8429013e-02;2.2750000e+02;4.8750639e-02;2.2750000e+02;7.1091674e-02;2.2750000e+02;9.2782542e-02;2.2750000e+02;1.1331841e-01;2.2750000e+02;1.3355045e-01;2.2750000e+02;1.5472263e-01;2.2750000e+02;1.8196273e-01;2.2750000e+02;2.1049330e-01;2.2750000e+02;2.2676671e-01;2.2750000e+02;2.1529260e-01;2.2750000e+02;1.8123682e-01;2.2750000e+02;1.3333637e-01;2.2750000e+02;8.3690196e-02;2.2750000e+02;3.8645819e-02;2.2750000e+02;-5.6756297e-03;2.2750000e+02;-1.9016024e-04;2.2750000e+02;1.1210347e-02;2.2750000e+02;2.8429013e-02;2.2750000e+02;4.8750639e-02;2.2750000e+02;7.1091674e-02;2.2750000e+02;9.2782542e-02;2.2750000e+02;1.1331841e-01;2.2750000e+02;1.3355045e-01;2.2750000e+02;1.5472263e-01;2.2750000e+02;1.8196273e-01;2.2750000e+02;2.1049330e-01;2.2750000e+02;2.2676671e-01;2.2750000e+02;2.1529260e-01;2.2750000e+02;1.8123682e-01;2.2750000e+02;1.3333637e-01;2.2750000e+02;8.3690196e-02;2.2750000e+02;3.8645819e-02;2.2750000e+02;-5.6756297e-03;2.2750000e+02;-1.9016024e-04;2.2750000e+02;1.1210347e-02;2.2750000e+02;2.8429013e-02;2.2750000e+02;4.8750639e-02;2.2750000e+02;7.1091674e-02;2.2750000e+02;9.2782542e-02;2.2750000e+02;1.1331841e-01;2.2750000e+02;1.3355045e-01;2.2750000e+02;1.5472263e-01;2.2750000e+02;1.8196273e-01;2.2750000e+02;2.1049330e-01;2.2750000e+02;2.2676671e-01;2.2750000e+02;2.1529260e-01;2.2750000e+02;1.8123682e-01;2.2750000e+02;1.3333637e-01;2.2750000e+02;8.3690196e-02;2.2750000e+02;3.8645819e-02;2.2750000e+02;-5.6756297e-03;2.2750000e+02;-1.9016024e-04;2.2750000e+02;1.1210347e-02;2.2750000e+02;2.8429013e-02;2.2750000e+02;4.8750639e-02;2.2750000e+02;7.1091674e-02;2.2750000e+02;9.2782542e-02;2.2750000e+02;1.1331841e-01;2.2750000e+02;1.3355045e-01;2.2750000e+02;1.5472263e-01;2.2750000e+02;1.8196273e-01;2.2750000e+02;2.1049330e-01;2.2750000e+02;2.2676671e-01;2.2750000e+02;2.1529260e-01;2.2750000e+02;1.8123682e-01;2.2750000e+02;1.3333637e-01;2.2750000e+02;8.3690196e-02;2.2750000e+02;3.8645819e-02;2.2750000e+02;-5.6756297e-03;2.2750000e+02;-1.9016024e-04;2.2750000e+02;1.1210347e-02;2.2750000e+02;2.8429013e-02;2.2750000e+02;4.8750639e-02;2.2750000e+02;7.1091674e-02;2.2750000e+02;9.2782542e-02;2.2750000e+02;1.1331841e-01;2.2750000e+02;1.3355045e-01;2.2750000e+02;1.5472263e-01;2.2750000e+02;1.8196273e-01;2.2750000e+02;2.1049330e-01;2.2750000e+02;2.2676671e-01;2.2750000e+02;2.1529260e-01;2.2750000e+02;1.8123682e-01;2.2750000e+02;1.3333637e-01;2.2750000e+02;8.3690196e-02;2.2750000e+02;3.8645819e-02;2.2750000e+02;-5.6756297e-03;2.2750000e+02;-1.9016024e-04;2.2750000e+02;1.1210347e-02;2.2750000e+02;2.8429013e-02;2.2750000e+02;4.8750639e-02;2.2750000e+02;7.1091674e-02;2.2750000e+02;9.2782542e-02;2.2750000e+02;1.1331841e-01;2.2750000e+02;1.3355045e-01;2.2750000e+02;1.5472263e-01;2.2750000e+02;1.8196273e-01;2.2750000e+02;2.1049330e-01;2.2750000e+02;2.2676671e-01;2.2750000e+02;2.1529260e-01;2.2750000e+02;1.8123682e-01;2.2750000e+02;1.3333637e-01;2.2750000e+02;8.3690196e-02;2.2750000e+02;3.8645819e-02;2.2750000e+02;-5.6756297e-03;2.2750000e+02;-1.9016024e-04;2.2750000e+02;1.1210347e-02;2.2750000e+02;2.8429013e-02;2.2750000e+02;4.8750639e-02;2.2750000e+02;7.1091674e-02;2.2750000e+02;9.2782542e-02;2.2750000e+02;1.1331841e-01;2.2750000e+02;1.3355045e-01;2.2750000e+02;1.5472263e-01;2.2750000e+02;1.8196273e-01;2.2750000e+02;2.1049330e-01;2.2750000e+02;2.2676671e-01;2.2750000e+02;2.1529260e-01;2.2750000e+02;1.8123682e-01;2.2750000e+02;1.3333637e-01;2.2750000e+02;8.3690196e-02;2.2750000e+02;3.8645819e-02;2.2750000e+02;-5.6756297e-03;2.2750000e+02;-1.9016024e-04;2.2750000e+02;1.1210347e-02;2.2750000e+02;2.8429013e-02;2.2750000e+02;4.8750639e-02;2.2750000e+02;7.1091674e-02;2.2750000e+02;9.2782542e-02;2.2750000e+02;1.1331841e-01;2.2750000e+02;1.3355045e-01;2.2750000e+02;1.5472263e-01;2.2750000e+02;1.8196273e-01;2.2750000e+02;2.1049330e-01;2.2750000e+02;2.2676671e-01;2.2750000e+02;2.1529260e-01;2.2750000e+02;1.8123682e-01;2.2750000e+02;1.3333637e-01;2.2750000e+02;8.3690196e-02;2.2750000e+02;3.8645819e-02;2.2750000e+02;-5.6756297e-03;2.2750000e+02;-1.9016024e-04;2.2750000e+02;1.1210347e-02;2.2750000e+02;2.8429013e-02;2.2750000e+02;4.8750639e-02;2.2750000e+02;7.1091674e-02;2.2750000e+02;9.2782542e-02;2.2750000e+02;1.1331841e-01;2.2750000e+02;1.3355045e-01;2.2750000e+02;1.5472263e-01;2.2750000e+02;1.8196273e-01;2.2750000e+02;2.1049330e-01;2.2750000e+02;2.2676671e-01;2.2750000e+02;2.1529260e-01;2.2750000e+02;1.8123682e-01;2.2750000e+02;1.3333637e-01;2.2750000e+02;8.3690196e-02;2.2750000e+02;3.8645819e-02;2.2750000e+02;-5.6756297e-03;2.2750000e+02;-1.9016024e-04;2.2750000e+02;1.1210347e-02;2.2750000e+02;2.8429013e-02;2.2750000e+02;4.8750639e-02;2.2750000e+02;7.1091674e-02;2.2750000e+02;9.2782542e-02;2.2750000e+02;1.1331841e-01;2.2750000e+02;1.3355045e-01;2.2750000e+02;1.5472263e-01;2.2750000e+02;1.8196273e-01;2.2750000e+02;2.1049330e-01;2.2750000e+02;2.2676671e-01;2.2750000e+02;2.1529260e-01;2.2750000e+02;1.8123682e-01;2.2750000e+02;1.3333637e-01;2.2750000e+02;8.3690196e-02;2.2750000e+02;3.8645819e-02;2.2750000e+02;-5.6756297e-03;2.2750000e+02;-1.9016024e-04;2.2750000e+02;1.1210347e-02;2.2750000e+02;2.8429013e-02;2.2750000e+02;4.8750639e-02;2.2750000e+02;7.1091674e-02;2.2750000e+02;9.2782542e-02;2.2750000e+02;1.1331841e-01;2.2750000e+02;1.3355045e-01;2.2750000e+02;1.5472263e-01;2.2750000e+02;1.8196273e-01;2.2750000e+02;2.1049330e-01;2.2750000e+02;2.2676671e-01;2.2750000e+02;2.1529260e-01;2.2750000e+02;1.8123682e-01;2.2750000e+02;1.3333637e-01;2.2750000e+02;8.3690196e-02;2.2750000e+02;3.8645819e-02;2.2750000e+02;-5.6756297e-03;2.2750000e+02;-1.9016024e-04;2.2750000e+02;1.1210347e-02;2.2750000e+02;2.8429013e-02;2.2750000e+02;4.8750639e-02;2.2750000e+02;7.1091674e-02;2.2750000e+02;9.2782542e-02;2.2750000e+02;1.1331841e-01;2.2750000e+02;1.3355045e-01;2.2750000e+02;1.5472263e-01;2.2750000e+02;1.8196273e-01;2.2750000e+02;2.1049330e-01;2.2750000e+02;2.2676671e-01;2.2750000e+02;2.1529260e-01;2.2750000e+02;1.8123682e-01;2.2750000e+02;1.3333637e-01;2.2750000e+02;8.3690196e-02;2.2750000e+02;3.8645819e-02;2.2750000e+02;-5.6756297e-03;2.2750000e+02;-1.9016024e-04;2.2750000e+02;1.1210347e-02;2.2750000e+02;2.8429013e-02;2.2750000e+02;4.8750639e-02;2.2750000e+02;7.1091674e-02;2.2750000e+02;9.2782542e-02;2.2750000e+02;1.1331841e-01;2.2750000e+02;1.3355045e-01;2.2750000e+02;1.5472263e-01;2.2750000e+02;1.8196273e-01;2.2750000e+02;2.1049330e-01;2.2750000e+02;2.2676671e-01;2.2750000e+02;2.1529260e-01;2.2750000e+02;1.8123682e-01;2.2750000e+02;1.3333637e-01;2.2750000e+02;8.3690196e-02;2.2750000e+02;3.8645819e-02;2.2750000e+02;-5.6756297e-03;2.2750000e+02;-1.9016024e-04;2.2750000e+02;1.1210347e-02;2.2750000e+02;2.8429013e-02;2.2750000e+02;4.8750639e-02;2.2750000e+02;7.1091674e-02;2.2750000e+02;9.2782542e-02;2.2750000e+02;1.1331841e-01;2.2750000e+02;1.3355045e-01;2.2750000e+02;1.5472263e-01;2.2750000e+02;1.8196273e-01;2.2750000e+02;2.1049330e-01;2.2750000e+02;2.2676671e-01;2.2750000e+02;2.1529260e-01;2.2750000e+02;1.8123682e-01;2.2750000e+02;1.3333637e-01;2.2750000e+02;8.3690196e-02;2.2750000e+02;3.8645819e-02;2.2750000e+02;-5.6756297e-03;2.2750000e+02;-1.9016024e-04;2.2750000e+02;1.1210347e-02;2.2750000e+02;2.8429013e-02;2.2750000e+02;4.8750639e-02;2.2750000e+02;7.1091674e-02;2.2750000e+02;9.2782542e-02;2.2750000e+02;1.1331841e-01;2.2750000e+02;1.3355045e-01;2.2750000e+02;1.5472263e-01;2.2750000e+02;1.8196273e-01;2.2750000e+02;2.1049330e-01;2.2750000e+02;2.2676671e-01;2.2750000e+02;2.1529260e-01;2.2750000e+02;1.8123682e-01;2.2750000e+02;1.3333637e-01;2.2750000e+02;8.3690196e-02;2.2750000e+02;3.8645819e-02;2.2750000e+02;-5.6756297e-03;2.2750000e+02;-1.9016024e-04;2.2750000e+02;1.1210347e-02;2.2750000e+02;2.8429013e-02;2.2750000e+02;4.8750639e-02;2.2750000e+02;7.1091674e-02;2.2750000e+02;9.2782542e-02;2.2750000e+02;1.1331841e-01;2.2750000e+02;1.3355045e-01;2.2750000e+02;1.5472263e-01;2.2750000e+02;1.8196273e-01;2.2750000e+02;2.1049330e-01;2.2750000e+02;2.2676671e-01;2.2750000e+02;2.1529260e-01;2.2750000e+02;1.8123682e-01;2.2750000e+02;1.3333637e-01;2.2750000e+02;8.3690196e-02;2.2750000e+02;3.8645819e-02;2.2750000e+02;-5.6756297e-03;2.2750000e+02;-1.9016024e-04;2.2750000e+02;1.1210347e-02;2.2750000e+02;2.8429013e-02;2.2750000e+02;4.8750639e-02;2.2750000e+02;7.1091674e-02;2.2750000e+02;9.2782542e-02;2.2750000e+02;1.1331841e-01;2.2750000e+02;1.3355045e-01;2.2750000e+02;1.5472263e-01;2.2750000e+02;1.8196273e-01;2.2750000e+02;2.1049330e-01;2.2750000e+02;2.2676671e-01;2.2750000e+02;2.1529260e-01;2.2750000e+02;1.8123682e-01;2.2750000e+02;1.3333637e-01;2.2750000e+02;8.3690196e-02;2.2750000e+02;3.8645819e-02;2.2750000e+02;-5.6756297e-03;2.2750000e+02;-1.9016024e-04;2.2750000e+02;1.1210347e-02;2.2750000e+02;2.8429013e-02;2.2750000e+02;4.8750639e-02;2.2750000e+02;7.1091674e-02;2.2750000e+02;9.2782542e-02;2.2750000e+02;1.1331841e-01;2.2750000e+02;1.3355045e-01;2.2750000e+02;1.5472263e-01;2.2750000e+02;1.8196273e-01;2.2750000e+02;2.1049330e-01;2.2750000e+02;2.2676671e-01;2.2750000e+02;2.1529260e-01;2.2750000e+02;1.8123682e-01;2.2750000e+02;1.3333637e-01;2.2750000e+02;8.3690196e-02;2.2750000e+02;3.8645819e-02;2.2750000e+02;-5.6756297e-03;2.2750000e+02;-1.9016024e-04;2.2750000e+02;1.1210347e-02;2.2750000e+02;2.8429013e-02;2.2750000e+02;4.8750639e-02;2.2750000e+02;7.1091674e-02;2.2750000e+02;9.2782542e-02;2.2750000e+02;1.1331841e-01;2.2750000e+02;1.3355045e-01;2.2750000e+02;1.5472263e-01;2.2750000e+02;1.8196273e-01;2.2750000e+02;2.1049330e-01;2.2750000e+02;2.2676671e-01;2.2750000e+02;2.1529260e-01;2.2750000e+02;1.8123682e-01;2.2750000e+02;1.3333637e-01;2.2750000e+02;8.3690196e-02;2.2750000e+02;3.8645819e-02;2.2750000e+02;-5.6756297e-03;2.2750000e+02;-1.9016024e-04;2.2750000e+02;1.1210347e-02;2.2750000e+02;2.8429013e-02;2.2750000e+02;4.8750639e-02;2.2750000e+02;7.1091674e-02;2.2750000e+02;9.2782542e-02;2.2750000e+02;1.1331841e-01;2.2750000e+02;1.3355045e-01;2.2750000e+02;1.5472263e-01;2.2750000e+02;1.8196273e-01;2.2750000e+02;2.1049330e-01;2.2750000e+02;2.2676671e-01;2.2750000e+02;2.1529260e-01;2.2750000e+02;1.8123682e-01;2.2750000e+02;1.3333637e-01;2.2750000e+02;8.3690196e-02;2.2750000e+02;3.8645819e-02;2.2750000e+02;-5.6756297e-03;2.2750000e+02;-1.9016024e-04;2.2750000e+02;1.1210347e-02;2.2750000e+02;2.8429013e-02;2.2750000e+02;4.8750639e-02;2.2750000e+02;7.1091674e-02;2.2750000e+02;9.2782542e-02;2.2750000e+02;1.1331841e-01;2.2750000e+02;1.3355045e-01;2.2750000e+02;1.5472263e-01;2.2750000e+02;1.8196273e-01;2.2750000e+02;2.1049330e-01;2.2750000e+02;2.2676671e-01;2.2750000e+02;2.1529260e-01;2.2750000e+02;1.8123682e-01;2.2750000e+02;1.3333637e-01;2.2750000e+02;8.3690196e-02;2.2750000e+02;3.8645819e-02;2.2750000e+02;-5.6756297e-03;2.2750000e+02;-1.9016024e-04;2.2750000e+02;1.1210347e-02;2.2750000e+02;2.8429013e-02;2.2750000e+02;4.8750639e-02;2.2750000e+02;7.1091674e-02;2.2750000e+02;9.2782542e-02;2.2750000e+02;1.1331841e-01;2.2750000e+02;1.3355045e-01;2.2750000e+02;1.5472263e-01;2.2750000e+02;1.8196273e-01;2.2750000e+02;2.1049330e-01;2.2750000e+02;2.2676671e-01;2.2750000e+02;2.1529260e-01;2.2750000e+02;1.8123682e-01;2.2750000e+02;1.3333637e-01;2.2750000e+02;8.3690196e-02;2.2750000e+02;3.8645819e-02;2.2750000e+02;-5.6756297e-03;2.2750000e+02;-1.9016024e-04;2.2750000e+02;1.1210347e-02;2.2750000e+02;2.8429013e-02;2.2750000e+02;4.8750639e-02;2.2750000e+02;7.1091674e-02;2.2750000e+02;9.2782542e-02;2.2750000e+02;1.1331841e-01;2.2750000e+02;1.3355045e-01;2.2750000e+02;1.5472263e-01;2.2750000e+02;1.8196273e-01;2.2750000e+02;2.1049330e-01;2.2750000e+02;2.2676671e-01;2.2750000e+02;2.1529260e-01;2.2750000e+02;1.8123682e-01;2.2750000e+02;1.3333637e-01;2.2750000e+02;8.3690196e-02;2.2750000e+02;3.8645819e-02;2.2750000e+02;-5.6756297e-03;2.2750000e+02;-1.9016024e-04;2.2750000e+02;1.1210347e-02;2.2750000e+02;2.8429013e-02;2.2750000e+02;4.8750639e-02;2.2750000e+02;7.1091674e-02;2.2750000e+02;9.2782542e-02;2.2750000e+02;1.1331841e-01;2.2750000e+02;1.3355045e-01;2.2750000e+02;1.5472263e-01;2.2750000e+02;1.8196273e-01;2.2750000e+02;2.1049330e-01;2.2750000e+02;2.2676671e-01;2.2750000e+02;2.1529260e-01;2.2750000e+02;1.8123682e-01;2.2750000e+02;1.3333637e-01;2.2750000e+02;8.3690196e-02;2.2750000e+02;3.8645819e-02;2.2750000e+02;-5.6756297e-03;2.2750000e+02;-1.9016024e-04;2.2750000e+02;1.1210347e-02;2.2750000e+02;2.8429013e-02;2.2750000e+02;4.8750639e-02;2.2750000e+02;7.1091674e-02;2.2750000e+02;9.2782542e-02;2.2750000e+02;1.1331841e-01;2.2750000e+02;1.3355045e-01;2.2750000e+02;1.5472263e-01;2.2750000e+02;1.8196273e-01;2.2750000e+02;2.1049330e-01;2.2750000e+02;2.2676671e-01;2.2750000e+02;2.1529260e-01;2.2750000e+02;1.8123682e-01;2.2750000e+02;1.3333637e-01;2.2750000e+02;8.3690196e-02;2.2750000e+02;3.8645819e-02;2.2750000e+02;-5.6756297e-03;2.2750000e+02;-1.9016024e-04;2.2750000e+02;1.1210347e-02;2.2750000e+02;2.8429013e-02;2.2750000e+02;4.8750639e-02;2.2750000e+02;7.1091674e-02;2.2750000e+02;9.2782542e-02;2.2750000e+02;1.1331841e-01;2.2750000e+02;1.3355045e-01;2.2750000e+02;1.5472263e-01;2.2750000e+02;1.8196273e-01;2.2750000e+02;2.1049330e-01;2.2750000e+02;2.2676671e-01;2.2750000e+02;2.1529260e-01;2.2750000e+02;1.8123682e-01;2.2750000e+02;1.3333637e-01;2.2750000e+02;8.3690196e-02;2.2750000e+02;3.8645819e-02;2.2750000e+02;-5.6756297e-03;2.2750000e+02;-1.9016024e-04;2.2750000e+02;1.1210347e-02;2.2750000e+02;2.8429013e-02;2.2750000e+02;4.8750639e-02;2.2750000e+02;7.1091674e-02;2.2750000e+02;9.2782542e-02;2.2750000e+02;1.1331841e-01;2.2750000e+02;1.3355045e-01;2.2750000e+02;1.5472263e-01;2.2750000e+02;1.8196273e-01;2.2750000e+02;2.1049330e-01;2.2750000e+02;2.2676671e-01;2.2750000e+02;2.1529260e-01;2.2750000e+02;1.8123682e-01;2.2750000e+02;1.3333637e-01;2.2750000e+02;8.3690196e-02;2.2750000e+02;3.8645819e-02;2.2750000e+02;-5.6756297e-03;2.2750000e+02;-1.9016024e-04;2.2750000e+02;1.1210347e-02;2.2750000e+02;2.8429013e-02;2.2750000e+02;4.8750639e-02;2.2750000e+02;7.1091674e-02;2.2750000e+02;9.2782542e-02;2.2750000e+02;1.1331841e-01;2.2750000e+02;1.3355045e-01;2.2750000e+02;1.5472263e-01;2.2750000e+02;1.8196273e-01;2.2750000e+02;2.1049330e-01;2.2750000e+02;2.2676671e-01;2.2750000e+02;2.1529260e-01;2.2750000e+02;1.8123682e-01;2.2750000e+02;1.3333637e-01;2.2750000e+02;8.3690196e-02;2.2750000e+02;3.8645819e-02;2.2750000e+02;-5.6756297e-03;2.2750000e+02;-1.9016024e-04;2.2750000e+02;1.1210347e-02;2.2750000e+02;2.8429013e-02;2.2750000e+02;4.8750639e-02;2.2750000e+02;7.1091674e-02;2.2750000e+02;9.2782542e-02;2.2750000e+02;1.1331841e-01;2.2750000e+02;1.3355045e-01;2.2750000e+02;1.5472263e-01;2.2750000e+02;1.8196273e-01;2.2750000e+02;2.1049330e-01;2.2750000e+02;2.2676671e-01;2.2750000e+02;2.1529260e-01;2.2750000e+02;1.8123682e-01;2.2750000e+02;1.3333637e-01;2.2750000e+02;8.3690196e-02;2.2750000e+02;3.8645819e-02;2.2750000e+02;-5.6756297e-03;2.2750000e+02;-1.9016024e-04;2.2750000e+02;1.1210347e-02;2.2750000e+02;2.8429013e-02;2.2750000e+02;4.8750639e-02;2.2750000e+02;7.1091674e-02;2.2750000e+02;9.2782542e-02;2.2750000e+02;1.1331841e-01;2.2750000e+02;1.3355045e-01;2.2750000e+02;1.5472263e-01;2.2750000e+02;1.8196273e-01;2.2750000e+02;2.1049330e-01;2.2750000e+02;2.2676671e-01;2.2750000e+02;2.1529260e-01;2.2750000e+02;1.8123682e-01;2.2750000e+02;1.3333637e-01;2.2750000e+02;8.3690196e-02;2.2750000e+02;3.8645819e-02;2.2750000e+02;-5.6756297e-03;2.2750000e+02;-1.9016024e-04;2.2750000e+02;1.1210347e-02;2.2750000e+02;2.8429013e-02;2.2750000e+02;4.8750639e-02;2.2750000e+02;7.1091674e-02;2.2750000e+02;9.2782542e-02;2.2750000e+02;1.1331841e-01;2.2750000e+02;1.3355045e-01;2.2750000e+02;1.5472263e-01;2.2750000e+02;1.8196273e-01;2.2750000e+02;2.1049330e-01;2.2750000e+02;2.2676671e-01;2.2750000e+02;2.1529260e-01;2.2750000e+02;1.8123682e-01;2.2750000e+02;1.3333637e-01;2.2750000e+02;8.3690196e-02;2.2750000e+02;3.8645819e-02;2.2750000e+02;-5.6756297e-03;2.2750000e+02;-1.9016024e-04;2.2750000e+02;1.1210347e-02;2.2750000e+02;2.8429013e-02;2.2750000e+02;4.8750639e-02;2.2750000e+02;7.1091674e-02;2.2750000e+02;9.2782542e-02;2.2750000e+02;1.1331841e-01;2.2750000e+02;1.3355045e-01;2.2750000e+02;1.5472263e-01;2.2750000e+02;1.8196273e-01;2.2750000e+02;2.1049330e-01;2.2750000e+02;2.2676671e-01;2.2750000e+02;2.1529260e-01;2.2750000e+02;1.8123682e-01;2.2750000e+02;1.3333637e-01;2.2750000e+02;8.3690196e-02;2.2750000e+02;3.8645819e-02
2.3250000e+02;-1.1652047e-03;2.3250000e+02;3.9627990e-03;2.3250000e+02;1.5211411e-02;2.3250000e+02;3.1517532e-02;2.3250000e+02;4.9475376e-02;2.3250000e+02;6.9395252e-02;2.3250000e+02;9.0874940e-02;2.3250000e+02;1.1236763e-01;2.3250000e+02;1.3305122e-01;2.3250000e+02;1.5503338e-01;2.3250000e+02;1.8200348e-01;2.3250000e+02;2.1040104e-01;2.3250000e+02;2.2602651e-01;2.3250000e+02;2.1498458e-01;2.3250000e+02;1.8171814e-01;2.3250000e+02;1.3461676e-01;2.3250000e+02;8.5766196e-02;2.3250000e+02;4.1603804e-02;2.3250000e+02;-1.1652047e-03;2.3250000e+02;3.9627990e-03;2.3250000e+02;1.5211411e-02;2.3250000e+02;3.1517532e-02;2.3250000e+02;4.9475376e-02;2.3250000e+02;6.9395252e-02;2.3250000e+02;9.0874940e-02;2.3250000e+02;1.1236763e-01;2.3250000e+02;1.3305122e-01;2.3250000e+02;1.5503338e-01;2.3250000e+02;1.8200348e-01;2.3250000e+02;2.1040104e-01;2.3250000e+02;2.2602651e-01;2.3250000e+02;2.1498458e-01;2.3250000e+02;1.8171814e-01;2.3250000e+02;1.3461676e-01;2.3250000e+02;8.5766196e-02;2.3250000e+02;4.1603804e-02;2.3250000e+02;-1.1652047e-03;2.3250000e+02;3.9627990e-03;2.3250000e+02;1.5211411e-02;2.3250000e+02;3.1517532e-02;2.3250000e+02;4.9475376e-02;2.3250000e+02;6.9395252e-02;2.3250000e+02;9.0874940e-02;2.3250000e+02;1.1236763e-01;2.3250000e+02;1.3305122e-01;2.3250000e+02;1.5503338e-01;2.3250000e+02;1.8200348e-01;2.3250000e+02;2.1040104e-01;2.3250000e+02;2.2602651e-01;2.3250000e+02;2.1498458e-01;2.3250000e+02;1.8171814e-01;2.3250000e+02;1.3461676e-01;2.3250000e+02;8.5766196e-02;2.3250000e+02;4.1603804e-02;2.3250000e+02;-1.1652047e-03;2.3250000e+02;3.9627990e-03;2.3250000e+02;1.5211411e-02;2.3250000e+02;3.1517532e-02;2.3250000e+02;4.9475376e-02;2.3250000e+02;6.9395252e-02;2.3250000e+02;9.0874940e-02;2.3250000e+02;1.1236763e-01;2.3250000e+02;1.3305122e-01;2.3250000e+02;1.5503338e-01;2.3250000e+02;1.8200348e-01;2.3250000e+02;2.1040104e-01;2.3250000e+02;2.2602651e-01;2.3250000e+02;2.1498458e-01;2.3250000e+02;1.8171814e-01;2.3250000e+02;1.3461676e-01;2.3250000e+02;8.5766196e-02;2.3250000e+02;4.1603804e-02;2.3250000e+02;-1.1652047e-03;2.3250000e+02;3.9627990e-03;2.3250000e+02;1.5211411e-02;2.3250000e+02;3.1517532e-02;2.3250000e+02;4.9475376e-02;2.3250000e+02;6.9395252e-02;2.3250000e+02;9.0874940e-02;2.3250000e+02;1.1236763e-01;2.3250000e+02;1.3305122e-01;2.3250000e+02;1.5503338e-01;2.3250000e+02;1.8200348e-01;2.3250000e+02;2.1040104e-01;2.3250000e+02;2.2602651e-01;2.3250000e+02;2.1498458e-01;2.3250000e+02;1.8171814e-01;2.3250000e+02;1.3461676e-01;2.3250000e+02;8.5766196e-02;2.3250000e+02;4.1603804e-02;2.3250000e+02;-1.1652047e-03;2.3250000e+02;3.9627990e-03;2.3250000e+02;1.5211411e-02;2.3250000e+02;3.1517532e-02;2.3250000e+02;4.9475376e-02;2.3250000e+02;6.9395252e-02;2.3250000e+02;9.0874940e-02;2.3250000e+02;1.1236763e-01;2.3250000e+02;1.3305122e-01;2.3250000e+02;1.5503338e-01;2.3250000e+02;1.8200348e-01;2.3250000e+02;2.1040104e-01;2.3250000e+02;2.2602651e-01;2.3250000e+02;2.1498458e-01;2.3250000e+02;1.8171814e-01;2.3250000e+02;1.3461676e-01;2.3250000e+02;8.5766196e-02;2.3250000e+02;4.1603804e-02;2.3250000e+02;-1.1652047e-03;2.3250000e+02;3.9627990e-03;2.3250000e+02;1.5211411e-02;2.3250000e+02;3.1517532e-02;2.3250000e+02;4.9475376e-02;2.3250000e+02;6.9395252e-02;2.3250000e+02;9.0874940e-02;2.3250000e+02;1.1236763e-01;2.3250000e+02;1.3305122e-01;2.3250000e+02;1.5503338e-01;2.3250000e+02;1.8200348e-01;2.3250000e+02;2.1040104e-01;2.3250000e+02;2.2602651e-01;2.3250000e+02;2.1498458e-01;2.3250000e+02;1.8171814e-01;2.3250000e+02;1.3461676e-01;2.3250000e+02;8.5766196e-02;2.3250000e+02;4.1603804e-02;2.3250000e+02;-1.1652047e-03;2.3250000e+02;3.9627990e-03;2.3250000e+02;1.5211411e-02;2.3250000e+02;3.1517532e-02;2.3250000e+02;4.9475376e-02;2.3250000e+02;6.9395252e-02;2.3250000e+02;9.0874940e-02;2.3250000e+02;1.1236763e-01;2.3250000e+02;1.3305122e-01;2.3250000e+02;1.5503338e-01;2.3250000e+02;1.8200348e-01;2.3250000e+02;2.1040104e-01;2.3250000e+02;2.2602651e-01;2.3250000e+02;2.1498458e-01;2.3250000e+02;1.8171814e-01;2.3250000e+02;1.3461676e-01;2.3250000e+02;8.5766196e-02;2.3250000e+02;4.1603804e-02;2.3250000e+02;-1.1652047e-03;2.3250000e+02;3.9627990e-03;2.3250000e+02;1.5211411e-02;2.3250000e+02;3.1517532e-02;2.3250000e+02;4.9475376e-02;2.3250000e+02;6.9395252e-02;2.3250000e+02;9.0874940e-02;2.3250000e+02;1.1236763e-01;2.3250000e+02;1.3305122e-01;2.3250000e+02;1.5503338e-01;2.3250000e+02;1.8200348e-01;2.3250000e+02;2.1040104e-01;2.3250000e+02;2.2602651e-01;2.3250000e+02;2.1498458e-01;2.3250000e+02;1.8171814e-01;2.3250000e+02;1.3461676e-01;2.3250000e+02;8.5766196e-02;2.3250000e+02;4.1603804e-02;2.3250000e+02;-1.1652047e-03;2.3250000e+02;3.9627990e-03;2.3250000e+02;1.5211411e-02;2.3250000e+02;3.1517532e-02;2.3250000e+02;4.9475376e-02;2.3250000e+02;6.9395252e-02;2.3250000e+02;9.0874940e-02;2.3250000e+02;1.1236763e-01;2.3250000e+02;1.3305122e-01;2.3250000e+02;1.5503338e-01;2.3250000e+02;1.8200348e-01;2.3250000e+02;2.1040104e-01;2.3250000e+02;2.2602651e-01;2.3250000e+02;2.1498458e-01;2.3250000e+02;1.8171814e-01;2.3250000e+02;1.3461676e-01;2.3250000e+02;8.5766196e-02;2.3250000e+02;4.1603804e-02;2.3250000e+02;-1.1652047e-03;2.3250000e+02;3.9627990e-03;2.3250000e+02;1.5211411e-02;2.3250000e+02;3.1517532e-02;2.3250000e+02;4.9475376e-02;2.3250000e+02;6.9395252e-02;2.3250000e+02;9.0874940e-02;2.3250000e+02;1.1236763e-01;2.3250000e+02;1.3305122e-01;2.3250000e+02;1.5503338e-01;2.3250000e+02;1.8200348e-01;2.3250000e+02;2.1040104e-01;2.3250000e+02;2.2602651e-01;2.3250000e+02;2.1498458e-01;2.3250000e+02;1.8171814e-01;2.3250000e+02;1.3461676e-01;2.3250000e+02;8.5766196e-02;2.3250000e+02;4.1603804e-02;2.3250000e+02;-1.1652047e-03;2.3250000e+02;3.9627990e-03;2.3250000e+02;1.5211411e-02;2.3250000e+02;3.1517532e-02;2.3250000e+02;4.9475376e-02;2.3250000e+02;6.9395252e-02;2.3250000e+02;9.0874940e-02;2.3250000e+02;1.1236763e-01;2.3250000e+02;1.3305122e-01;2.3250000e+02;1.5503338e-01;2.3250000e+02;1.8200348e-01;2.3250000e+02;2.1040104e-01;2.3250000e+02;2.2602651e-01;2.3250000e+02;2.1498458e-01;2.3250000e+02;1.8171814e-01;2.3250000e+02;1.3461676e-01;2.3250000e+02;8.5766196e-02;2.3250000e+02;4.1603804e-02;2.3250000e+02;-1.1652047e-03;2.3250000e+02;3.9627990e-03;2.3250000e+02;1.5211411e-02;2.3250000e+02;3.1517532e-02;2.3250000e+02;4.9475376e-02;2.3250000e+02;6.9395252e-02;2.3250000e+02;9.0874940e-02;2.3250000e+02;1.1236763e-01;2.3250000e+02;1.3305122e-01;2.3250000e+02;1.5503338e-01;2.3250000e+02;1.8200348e-01;2.3250000e+02;2.1040104e-01;2.3250000e+02;2.2602651e-01;2.3250000e+02;2.1498458e-01;2.3250000e+02;1.8171814e-01;2.3250000e+02;1.3461676e-01;2.3250000e+02;8.5766196e-02;2.3250000e+02;4.1603804e-02;2.3250000e+02;-1.1652047e-03;2.3250000e+02;3.9627990e-03;2.3250000e+02;1.5211411e-02;2.3250000e+02;3.1517532e-02;2.3250000e+02;4.9475376e-02;2.3250000e+02;6.9395252e-02;2.3250000e+02;9.0874940e-02;2.3250000e+02;1.1236763e-01;2.3250000e+02;1.3305122e-01;2.3250000e+02;1.5503338e-01;2.3250000e+02;1.8200348e-01;2.3250000e+02;2.1040104e-01;2.3250000e+02;2.2602651e-01;2.3250000e+02;2.1498458e-01;2.3250000e+02;1.8171814e-01;2.3250000e+02;1.3461676e-01;2.3250000e+02;8.5766196e-02;2.3250000e+02;4.1603804e-02;2.3250000e+02;-1.1652047e-03;2.3250000e+02;3.9627990e-03;2.3250000e+02;1.5211411e-02;2.3250000e+02;3.1517532e-02;2.3250000e+02;4.9475376e-02;2.3250000e+02;6.9395252e-02;2.3250000e+02;9.0874940e-02;2.3250000e+02;1.1236763e-01;2.3250000e+02;1.3305122e-01;2.3250000e+02;1.5503338e-01;2.3250000e+02;1.8200348e-01;2.3250000e+02;2.1040104e-01;2.3250000e+02;2.2602651e-01;2.3250000e+02;2.1498458e-01;2.3250000e+02;1.8171814e-01;2.3250000e+02;1.3461676e-01;2.3250000e+02;8.5766196e-02;2.3250000e+02;4.1603804e-02;2.3250000e+02;-1.1652047e-03;2.3250000e+02;3.9627990e-03;2.3250000e+02;1.5211411e-02;2.3250000e+02;3.1517532e-02;2.3250000e+02;4.9475376e-02;2.3250000e+02;6.9395252e-02;2.3250000e+02;9.0874940e-02;2.3250000e+02;1.1236763e-01;2.3250000e+02;1.3305122e-01;2.3250000e+02;1.5503338e-01;2.3250000e+02;1.8200348e-01;2.3250000e+02;2.1040104e-01;2.3250000e+02;2.2602651e-01;2.3250000e+02;2.1498458e-01;2.3250000e+02;1.8171814e-01;2.3250000e+02;1.3461676e-01;2.3250000e+02;8.5766196e-02;2.3250000e+02;4.1603804e-02;2.3250000e+02;-1.1652047e-03;2.3250000e+02;3.9627990e-03;2.3250000e+02;1.5211411e-02;2.3250000e+02;3.1517532e-02;2.3250000e+02;4.9475376e-02;2.3250000e+02;6.9395252e-02;2.3250000e+02;9.0874940e-02;2.3250000e+02;1.1236763e-01;2.3250000e+02;1.3305122e-01;2.3250000e+02;1.5503338e-01;2.3250000e+02;1.8200348e-01;2.3250000e+02;2.1040104e-01;2.3250000e+02;2.2602651e-01;2.3250000e+02;2.1498458e-01;2.3250000e+02;1.8171814e-01;2.3250000e+02;1.3461676e-01;2.3250000e+02;8.5766196e-02;2.3250000e+02;4.1603804e-02;2.3250000e+02;-1.1652047e-03;2.3250000e+02;3.9627990e-03;2.3250000e+02;1.5211411e-02;2.3250000e+02;3.1517532e-02;2.3250000e+02;4.9475376e-02;2.3250000e+02;6.9395252e-02;2.3250000e+02;9.0874940e-02;2.3250000e+02;1.1236763e-01;2.3250000e+02;1.3305122e-01;2.3250000e+02;1.5503338e-01;2.3250000e+02;1.8200348e-01;2.3250000e+02;2.1040104e-01;2.3250000e+02;2.2602651e-01;2.3250000e+02;2.1498458e-01;2.3250000e+02;1.8171814e-01;2.3250000e+02;1.3461676e-01;2.3250000e+02;8.5766196e-02;2.3250000e+02;4.1603804e-02;2.3250000e+02;-1.1652047e-03;2.3250000e+02;3.9627990e-03;2.3250000e+02;1.5211411e-02;2.3250000e+02;3.1517532e-02;2.3250000e+02;4.9475376e-02;2.3250000e+02;6.9395252e-02;2.3250000e+02;9.0874940e-02;2.3250000e+02;1.1236763e-01;2.3250000e+02;1.3305122e-01;2.3250000e+02;1.5503338e-01;2.3250000e+02;1.8200348e-01;2.3250000e+02;2.1040104e-01;2.3250000e+02;2.2602651e-01;2.3250000e+02;2.1498458e-01;2.3250000e+02;1.8171814e-01;2.3250000e+02;1.3461676e-01;2.3250000e+02;8.5766196e-02;2.3250000e+02;4.1603804e-02;2.3250000e+02;-1.1652047e-03;2.3250000e+02;3.9627990e-03;2.3250000e+02;1.5211411e-02;2.3250000e+02;3.1517532e-02;2.3250000e+02;4.9475376e-02;2.3250000e+02;6.9395252e-02;2.3250000e+02;9.0874940e-02;2.3250000e+02;1.1236763e-01;2.3250000e+02;1.3305122e-01;2.3250000e+02;1.5503338e-01;2.3250000e+02;1.8200348e-01;2.3250000e+02;2.1040104e-01;2.3250000e+02;2.2602651e-01;2.3250000e+02;2.1498458e-01;2.3250000e+02;1.8171814e-01;2.3250000e+02;1.3461676e-01;2.3250000e+02;8.5766196e-02;2.3250000e+02;4.1603804e-02;2.3250000e+02;-1.1652047e-03;2.3250000e+02;3.9627990e-03;2.3250000e+02;1.5211411e-02;2.3250000e+02;3.1517532e-02;2.3250000e+02;4.9475376e-02;2.3250000e+02;6.9395252e-02;2.3250000e+02;9.0874940e-02;2.3250000e+02;1.1236763e-01;2.3250000e+02;1.3305122e-01;2.3250000e+02;1.5503338e-01;2.3250000e+02;1.8200348e-01;2.3250000e+02;2.1040104e-01;2.3250000e+02;2.2602651e-01;2.3250000e+02;2.1498458e-01;2.3250000e+02;1.8171814e-01;2.3250000e+02;1.3461676e-01;2.3250000e+02;8.5766196e-02;2.3250000e+02;4.1603804e-02;2.3250000e+02;-1.1652047e-03;2.3250000e+02;3.9627990e-03;2.3250000e+02;1.5211411e-02;2.3250000e+02;3.1517532e-02;2.3250000e+02;4.9475376e-02;2.3250000e+02;6.9395252e-02;2.3250000e+02;9.0874940e-02;2.3250000e+02;1.1236763e-01;2.3250000e+02;1.3305122e-01;2.3250000e+02;1.5503338e-01;2.3250000e+02;1.8200348e-01;2.3250000e+02;2.1040104e-01;2.3250000e+02;2.2602651e-01;2.3250000e+02;2.1498458e-01;2.3250000e+02;1.8171814e-01;2.3250000e+02;1.3461676e-01;2.3250000e+02;8.5766196e-02;2.3250000e+02;4.1603804e-02;2.3250000e+02;-1.1652047e-03;2.3250000e+02;3.9627990e-03;2.3250000e+02;1.5211411e-02;2.3250000e+02;3.1517532e-02;2.3250000e+02;4.9475376e-02;2.3250000e+02;6.9395252e-02;2.3250000e+02;9.0874940e-02;2.3250000e+02;1.1236763e-01;2.3250000e+02;1.3305122e-01;2.3250000e+02;1.5503338e-01;2.3250000e+02;1.8200348e-01;2.3250000e+02;2.1040104e-01;2.3250000e+02;2.2602651e-01;2.3250000e+02;2.1498458e-01;2.3250000e+02;1.8171814e-01;2.3250000e+02;1.3461676e-01;2.3250000e+02;8.5766196e-02;2.3250000e+02;4.1603804e-02;2.3250000e+02;-1.1652047e-03;2.3250000e+02;3.9627990e-03;2.3250000e+02;1.5211411e-02;2.3250000e+02;3.1517532e-02;2.3250000e+02;4.9475376e-02;2.3250000e+02;6.9395252e-02;2.3250000e+02;9.0874940e-02;2.3250000e+02;1.1236763e-01;2.3250000e+02;1.3305122e-01;2.3250000e+02;1.5503338e-01;2.3250000e+02;1.8200348e-01;2.3250000e+02;2.1040104e-01;2.3250000e+02;2.2602651e-01;2.3250000e+02;2.1498458e-01;2.3250000e+02;1.8171814e-01;2.3250000e+02;1.3461676e-01;2.3250000e+02;8.5766196e-02;2.3250000e+02;4.1603804e-02;2.3250000e+02;-1.1652047e-03;2.3250000e+02;3.9627990e-03;2.3250000e+02;1.5211411e-02;2.3250000e+02;3.1517532e-02;2.3250000e+02;4.9475376e-02;2.3250000e+02;6.9395252e-02;2.3250000e+02;9.0874940e-02;2.3250000e+02;1.1236763e-01;2.3250000e+02;1.3305122e-01;2.3250000e+02;1.5503338e-01;2.3250000e+02;1.8200348e-01;2.3250000e+02;2.1040104e-01;2.3250000e+02;2.2602651e-01;2.3250000e+02;2.1498458e-01;2.3250000e+02;1.8171814e-01;2.3250000e+02;1.3461676e-01;2.3250000e+02;8.5766196e-02;2.3250000e+02;4.1603804e-02;2.3250000e+02;-1.1652047e-03;2.3250000e+02;3.9627990e-03;2.3250000e+02;1.5211411e-02;2.3250000e+02;3.1517532e-02;2.3250000e+02;4.9475376e-02;2.3250000e+02;6.9395252e-02;2.3250000e+02;9.0874940e-02;2.3250000e+02;1.1236763e-01;2.3250000e+02;1.3305122e-01;2.3250000e+02;1.5503338e-01;2.3250000e+02;1.8200348e-01;2.3250000e+02;2.1040104e-01;2.3250000e+02;2.2602651e-01;2.3250000e+02;2.1498458e-01;2.3250000e+02;1.8171814e-01;2.3250000e+02;1.3461676e-01;2.3250000e+02;8.5766196e-02;2.3250000e+02;4.1603804e-02;2.3250000e+02;-1.1652047e-03;2.3250000e+02;3.9627990e-03;2.3250000e+02;1.5211411e-02;2.3250000e+02;3.1517532e-02;2.3250000e+02;4.9475376e-02;2.3250000e+02;6.9395252e-02;2.3250000e+02;9.0874940e-02;2.3250000e+02;1.1236763e-01;2.3250000e+02;1.3305122e-01;2.3250000e+02;1.5503338e-01;2.3250000e+02;1.8200348e-01;2.3250000e+02;2.1040104e-01;2.3250000e+02;2.2602651e-01;2.3250000e+02;2.1498458e-01;2.3250000e+02;1.8171814e-01;2.3250000e+02;1.3461676e-01;2.3250000e+02;8.5766196e-02;2.3250000e+02;4.1603804e-02;2.3250000e+02;-1.1652047e-03;2.3250000e+02;3.9627990e-03;2.3250000e+02;1.5211411e-02;2.3250000e+02;3.1517532e-02;2.3250000e+02;4.9475376e-02;2.3250000e+02;6.9395252e-02;2.3250000e+02;9.0874940e-02;2.3250000e+02;1.1236763e-01;2.3250000e+02;1.3305122e-01;2.3250000e+02;1.5503338e-01;2.3250000e+02;1.8200348e-01;2.3250000e+02;2.1040104e-01;2.3250000e+02;2.2602651e-01;2.3250000e+02;2.1498458e-01;2.3250000e+02;1.8171814e-01;2.3250000e+02;1.3461676e-01;2.3250000e+02;8.5766196e-02;2.3250000e+02;4.1603804e-02;2.3250000e+02;-1.1652047e-03;2.3250000e+02;3.9627990e-03;2.3250000e+02;1.5211411e-02;2.3250000e+02;3.1517532e-02;2.3250000e+02;4.9475376e-02;2.3250000e+02;6.9395252e-02;2.3250000e+02;9.0874940e-02;2.3250000e+02;1.1236763e-01;2.3250000e+02;1.3305122e-01;2.3250000e+02;1.5503338e-01;2.3250000e+02;1.8200348e-01;2.3250000e+02;2.1040104e-01;2.3250000e+02;2.2602651e-01;2.3250000e+02;2.1498458e-01;2.3250000e+02;1.8171814e-01;2.3250000e+02;1.3461676e-01;2.3250000e+02;8.5766196e-02;2.3250000e+02;4.1603804e-02;2.3250000e+02;-1.1652047e-03;2.3250000e+02;3.9627990e-03;2.3250000e+02;1.5211411e-02;2.3250000e+02;3.1517532e-02;2.3250000e+02;4.9475376e-02;2.3250000e+02;6.9395252e-02;2.3250000e+02;9.0874940e-02;2.3250000e+02;1.1236763e-01;2.3250000e+02;1.3305122e-01;2.3250000e+02;1.5503338e-01;2.3250000e+02;1.8200348e-01;2.3250000e+02;2.1040104e-01;2.3250000e+02;2.2602651e-01;2.3250000e+02;2.1498458e-01;2.3250000e+02;1.8171814e-01;2.3250000e+02;1.3461676e-01;2.3250000e+02;8.5766196e-02;2.3250000e+02;4.1603804e-02;2.3250000e+02;-1.1652047e-03;2.3250000e+02;3.9627990e-03;2.3250000e+02;1.5211411e-02;2.3250000e+02;3.1517532e-02;2.3250000e+02;4.9475376e-02;2.3250000e+02;6.9395252e-02;2.3250000e+02;9.0874940e-02;2.3250000e+02;1.1236763e-01;2.3250000e+02;1.3305122e-01;2.3250000e+02;1.5503338e-01;2.3250000e+02;1.8200348e-01;2.3250000e+02;2.1040104e-01;2.3250000e+02;2.2602651e-01;2.3250000e+02;2.1498458e-01;2.3250000e+02;1.8171814e-01;2.3250000e+02;1.3461676e-01;2.3250000e+02;8.5766196e-02;2.3250000e+02;4.1603804e-02;2.3250000e+02;-1.1652047e-03;2.3250000e+02;3.9627990e-03;2.3250000e+02;1.5211411e-02;2.3250000e+02;3.1517532e-02;2.3250000e+02;4.9475376e-02;2.3250000e+02;6.9395252e-02;2.3250000e+02;9.0874940e-02;2.3250000e+02;1.1236763e-01;2.3250000e+02;1.3305122e-01;2.3250000e+02;1.5503338e-01;2.3250000e+02;1.8200348e-01;2.3250000e+02;2.1040104e-01;2.3250000e+02;2.2602651e-01;2.3250000e+02;2.1498458e-01;2.3250000e+02;1.8171814e-01;2.3250000e+02;1.3461676e-01;2.3250000e+02;8.5766196e-02;2.3250000e+02;4.1603804e-02;2.3250000e+02;-1.1652047e-03;2.3250000e+02;3.9627990e-03;2.3250000e+02;1.5211411e-02;2.3250000e+02;3.1517532e-02;2.3250000e+02;4.9475376e-02;2.3250000e+02;6.9395252e-02;2.3250000e+02;9.0874940e-02;2.3250000e+02;1.1236763e-01;2.3250000e+02;1.3305122e-01;2.3250000e+02;1.5503338e-01;2.3250000e+02;1.8200348e-01;2.3250000e+02;2.1040104e-01;2.3250000e+02;2.2602651e-01;2.3250000e+02;2.1498458e-01;2.3250000e+02;1.8171814e-01;2.3250000e+02;1.3461676e-01;2.3250000e+02;8.5766196e-02;2.3250000e+02;4.1603804e-02;2.3250000e+02;-1.1652047e-03;2.3250000e+02;3.9627990e-03;2.3250000e+02;1.5211411e-02;2.3250000e+02;3.1517532e-02;2.3250000e+02;4.9475376e-02;2.3250000e+02;6.9395252e-02;2.3250000e+02;9.0874940e-02;2.3250000e+02;1.1236763e-01;2.3250000e+02;1.3305122e-01;2.3250000e+02;1.5503338e-01;2.3250000e+02;1.8200348e-01;2.3250000e+02;2.1040104e-01;2.3250000e+02;2.2602651e-01;2.3250000e+02;2.1498458e-01;2.3250000e+02;1.8171814e-01;2.3250000e+02;1.3461676e-01;2.3250000e+02;8.5766196e-02;2.3250000e+02;4.1603804e-02;2.3250000e+02;-1.1652047e-03;2.3250000e+02;3.9627990e-03;2.3250000e+02;1.5211411e-02;2.3250000e+02;3.1517532e-02;2.3250000e+02;4.9475376e-02;2.3250000e+02;6.9395252e-02;2.3250000e+02;9.0874940e-02;2.3250000e+02;1.1236763e-01;2.3250000e+02;1.3305122e-01;2.3250000e+02;1.5503338e-01;2.3250000e+02;1.8200348e-01;2.3250000e+02;2.1040104e-01;2.3250000e+02;2.2602651e-01;2.3250000e+02;2.1498458e-01;2.3250000e+02;1.8171814e-01;2.3250000e+02;1.3461676e-01;2.3250000e+02;8.5766196e-02;2.3250000e+02;4.1603804e-02;2.3250000e+02;-1.1652047e-03;2.3250000e+02;3.9627990e-03;2.3250000e+02;1.5211411e-02;2.3250000e+02;3.1517532e-02;2.3250000e+02;4.9475376e-02;2.3250000e+02;6.9395252e-02;2.3250000e+02;9.0874940e-02;2.3250000e+02;1.1236763e-01;2.3250000e+02;1.3305122e-01;2.3250000e+02;1.5503338e-01;2.3250000e+02;1.8200348e-01;2.3250000e+02;2.1040104e-01;2.3250000e+02;2.2602651e-01;2.3250000e+02;2.1498458e-01;2.3250000e+02;1.8171814e-01;2.3250000e+02;1.3461676e-01;2.3250000e+02;8.5766196e-02;2.3250000e+02;4.1603804e-02;2.3250000e+02;-1.1652047e-03;2.3250000e+02;3.9627990e-03;2.3250000e+02;1.5211411e-02;2.3250000e+02;3.1517532e-02;2.3250000e+02;4.9475376e-02;2.3250000e+02;6.9395252e-02;2.3250000e+02;9.0874940e-02;2.3250000e+02;1.1236763e-01;2.3250000e+02;1.3305122e-01;2.3250000e+02;1.5503338e-01;2.3250000e+02;1.8200348e-01;2.3250000e+02;2.1040104e-01;2.3250000e+02;2.2602651e-01;2.3250000e+02;2.1498458e-01;2.3250000e+02;1.8171814e-01;2.3250000e+02;1.3461676e-01;2.3250000e+02;8.5766196e-02;2.3250000e+02;4.1603804e-02;2.3250000e+02;-1.1652047e-03;2.3250000e+02;3.9627990e-03;2.3250000e+02;1.5211411e-02;2.3250000e+02;3.1517532e-02;2.3250000e+02;4.9475376e-02;2.3250000e+02;6.9395252e-02;2.3250000e+02;9.0874940e-02;2.3250000e+02;1.1236763e-01;2.3250000e+02;1.3305122e-01;2.3250000e+02;1.5503338e-01;2.3250000e+02;1.8200348e-01;2.3250000e+02;2.1040104e-01;2.3250000e+02;2.2602651e-01;2.3250000e+02;2.1498458e-01;2.3250000e+02;1.8171814e-01;2.3250000e+02;1.3461676e-01;2.3250000e+02;8.5766196e-02;2.3250000e+02;4.1603804e-02;2.3250000e+02;-1.1652047e-03;2.3250000e+02;3.9627990e-03;2.3250000e+02;1.5211411e-02;2.3250000e+02;3.1517532e-02;2.3250000e+02;4.9475376e-02;2.3250000e+02;6.9395252e-02;2.3250000e+02;9.0874940e-02;2.3250000e+02;1.1236763e-01;2.3250000e+02;1.3305122e-01;2.3250000e+02;1.5503338e-01;2.3250000e+02;1.8200348e-01;2.3250000e+02;2.1040104e-01;2.3250000e+02;2.2602651e-01;2.3250000e+02;2.1498458e-01;2.3250000e+02;1.8171814e-01;2.3250000e+02;1.3461676e-01;2.3250000e+02;8.5766196e-02;2.3250000e+02;4.1603804e-02;2.3250000e+02;-1.1652047e-03;2.3250000e+02;3.9627990e-03;2.3250000e+02;1.5211411e-02;2.3250000e+02;3.1517532e-02;2.3250000e+02;4.9475376e-02;2.3250000e+02;6.9395252e-02;2.3250000e+02;9.0874940e-02;2.3250000e+02;1.1236763e-01;2.3250000e+02;1.3305122e-01;2.3250000e+02;1.5503338e-01;2.3250000e+02;1.8200348e-01;2.3250000e+02;2.1040104e-01;2.3250000e+02;2.2602651e-01;2.3250000e+02;2.1498458e-01;2.3250000e+02;1.8171814e-01;2.3250000e+02;1.3461676e-01;2.3250000e+02;8.5766196e-02;2.3250000e+02;4.1603804e-02;2.3250000e+02;-1.1652047e-03;2.3250000e+02;3.9627990e-03;2.3250000e+02;1.5211411e-02;2.3250000e+02;3.1517532e-02;2.3250000e+02;4.9475376e-02;2.3250000e+02;6.9395252e-02;2.3250000e+02;9.0874940e-02;2.3250000e+02;1.1236763e-01;2.3250000e+02;1.3305122e-01;2.3250000e+02;1.5503338e-01;2.3250000e+02;1.8200348e-01;2.3250000e+02;2.1040104e-01;2.3250000e+02;2.2602651e-01;2.3250000e+02;2.1498458e-01;2.3250000e+02;1.8171814e-01;2.3250000e+02;1.3461676e-01;2.3250000e+02;8.5766196e-02;2.3250000e+02;4.1603804e-02;2.3250000e+02;-1.1652047e-03;2.3250000e+02;3.9627990e-03;2.3250000e+02;1.5211411e-02;2.3250000e+02;3.1517532e-02;2.3250000e+02;4.9475376e-02;2.3250000e+02;6.9395252e-02;2.3250000e+02;9.0874940e-02;2.3250000e+02;1.1236763e-01;2.3250000e+02;1.3305122e-01;2.3250000e+02;1.5503338e-01;2.3250000e+02;1.8200348e-01;2.3250000e+02;2.1040104e-01;2.3250000e+02;2.2602651e-01;2.3250000e+02;2.1498458e-01;2.3250000e+02;1.8171814e-01;2.3250000e+02;1.3461676e-01;2.3250000e+02;8.5766196e-02;2.3250000e+02;4.1603804e-02;2.3250000e+02;-1.1652047e-03;2.3250000e+02;3.9627990e-03;2.3250000e+02;1.5211411e-02;2.3250000e+02;3.1517532e-02;2.3250000e+02;4.9475376e-02;2.3250000e+02;6.9395252e-02;2.3250000e+02;9.0874940e-02;2.3250000e+02;1.1236763e-01;2.3250000e+02;1.3305122e-01;2.3250000e+02;1.5503338e-01;2.3250000e+02;1.8200348e-01;2.3250000e+02;2.1040104e-01;2.3250000e+02;2.2602651e-01;2.3250000e+02;2.1498458e-01;2.3250000e+02;1.8171814e-01;2.3250000e+02;1.3461676e-01;2.3250000e+02;8.5766196e-02;2.3250000e+02;4.1603804e-02;2.3250000e+02;-1.1652047e-03;2.3250000e+02;3.9627990e-03;2.3250000e+02;1.5211411e-02;2.3250000e+02;3.1517532e-02;2.3250000e+02;4.9475376e-02;2.3250000e+02;6.9395252e-02;2.3250000e+02;9.0874940e-02;2.3250000e+02;1.1236763e-01;2.3250000e+02;1.3305122e-01;2.3250000e+02;1.5503338e-01;2.3250000e+02;1.8200348e-01;2.3250000e+02;2.1040104e-01;2.3250000e+02;2.2602651e-01;2.3250000e+02;2.1498458e-01;2.3250000e+02;1.8171814e-01;2.3250000e+02;1.3461676e-01;2.3250000e+02;8.5766196e-02;2.3250000e+02;4.1603804e-02;2.3250000e+02;-1.1652047e-03;2.3250000e+02;3.9627990e-03;2.3250000e+02;1.5211411e-02;2.3250000e+02;3.1517532e-02;2.3250000e+02;4.9475376e-02;2.3250000e+02;6.9395252e-02;2.3250000e+02;9.0874940e-02;2.3250000e+02;1.1236763e-01;2.3250000e+02;1.3305122e-01;2.3250000e+02;1.5503338e-01;2.3250000e+02;1.8200348e-01;2.3250000e+02;2.1040104e-01;2.3250000e+02;2.2602651e-01;2.3250000e+02;2.1498458e-01;2.3250000e+02;1.8171814e-01;2.3250000e+02;1.3461676e-01;2.3250000e+02;8.5766196e-02;2.3250000e+02;4.1603804e-02;2.3250000e+02;-1.1652047e-03;2.3250000e+02;3.9627990e-03;2.3250000e+02;1.5211411e-02;2.3250000e+02;3.1517532e-02;2.3250000e+02;4.9475376e-02;2.3250000e+02;6.9395252e-02;2.3250000e+02;9.0874940e-02;2.3250000e+02;1.1236763e-01;2.3250000e+02;1.3305122e-01;2.3250000e+02;1.5503338e-01;2.3250000e+02;1.8200348e-01;2.3250000e+02;2.1040104e-01;2.3250000e+02;2.2602651e-01;2.3250000e+02;2.1498458e-01;2.3250000e+02;1.8171814e-01;2.3250000e+02;1.3461676e-01;2.3250000e+02;8.5766196e-02;2.3250000e+02;4.1603804e-02;2.3250000e+02;-1.1652047e-03;2.3250000e+02;3.9627990e-03;2.3250000e+02;1.5211411e-02;2.3250000e+02;3.1517532e-02;2.3250000e+02;4.9475376e-02;2.3250000e+02;6.9395252e-02;2.3250000e+02;9.0874940e-02;2.3250000e+02;1.1236763e-01;2.3250000e+02;1.3305122e-01;2.3250000e+02;1.5503338e-01;2.3250000e+02;1.8200348e-01;2.3250000e+02;2.1040104e-01;2.3250000e+02;2.2602651e-01;2.3250000e+02;2.1498458e-01;2.3250000e+02;1.8171814e-01;2.3250000e+02;1.3461676e-01;2.3250000e+02;8.5766196e-02;2.3250000e+02;4.1603804e-02;2.3250000e+02;-1.1652047e-03;2.3250000e+02;3.9627990e-03;2.3250000e+02;1.5211411e-02;2.3250000e+02;3.1517532e-02;2.3250000e+02;4.9475376e-02;2.3250000e+02;6.9395252e-02;2.3250000e+02;9.0874940e-02;2.3250000e+02;1.1236763e-01;2.3250000e+02;1.3305122e-01;2.3250000e+02;1.5503338e-01;2.3250000e+02;1.8200348e-01;2.3250000e+02;2.1040104e-01;2.3250000e+02;2.2602651e-01;2.3250000e+02;2.1498458e-01;2.3250000e+02;1.8171814e-01;2.3250000e+02;1.3461676e-01;2.3250000e+02;8.5766196e-02;2.3250000e+02;4.1603804e-02;2.3250000e+02;-1.1652047e-03;2.3250000e+02;3.9627990e-03;2.3250000e+02;1.5211411e-02;2.3250000e+02;3.1517532e-02;2.3250000e+02;4.9475376e-02;2.3250000e+02;6.9395252e-02;2.3250000e+02;9.0874940e-02;2.3250000e+02;1.1236763e-01;2.3250000e+02;1.3305122e-01;2.3250000e+02;1.5503338e-01;2.3250000e+02;1.8200348e-01;2.3250000e+02;2.1040104e-01;2.3250000e+02;2.2602651e-01;2.3250000e+02;2.1498458e-01;2.3250000e+02;1.8171814e-01;2.3250000e+02;1.3461676e-01;2.3250000e+02;8.5766196e-02;2.3250000e+02;4.1603804e-02;2.3250000e+02;-1.1652047e-03;2.3250000e+02;3.9627990e-03;2.3250000e+02;1.5211411e-02;2.3250000e+02;3.1517532e-02;2.3250000e+02;4.9475376e-02;2.3250000e+02;6.9395252e-02;2.3250000e+02;9.0874940e-02;2.3250000e+02;1.1236763e-01;2.3250000e+02;1.3305122e-01;2.3250000e+02;1.5503338e-01;2.3250000e+02;1.8200348e-01;2.3250000e+02;2.1040104e-01;2.3250000e+02;2.2602651e-01;2.3250000e+02;2.1498458e-01;2.3250000e+02;1.8171814e-01;2.3250000e+02;1.3461676e-01;2.3250000e+02;8.5766196e-02;2.3250000e+02;4.1603804e-02;2.3250000e+02;-1.1652047e-03;2.3250000e+02;3.9627990e-03;2.3250000e+02;1.5211411e-02;2.3250000e+02;3.1517532e-02;2.3250000e+02;4.9475376e-02;2.3250000e+02;6.9395252e-02;2.3250000e+02;9.0874940e-02;2.3250000e+02;1.1236763e-01;2.3250000e+02;1.3305122e-01;2.3250000e+02;1.5503338e-01;2.3250000e+02;1.8200348e-01;2.3250000e+02;2.1040104e-01;2.3250000e+02;2.2602651e-01;2.3250000e+02;2.1498458e-01;2.3250000e+02;1.8171814e-01;2.3250000e+02;1.3461676e-01;2.3250000e+02;8.5766196e-02;2.3250000e+02;4.1603804e-02;2.3250000e+02;-1.1652047e-03;2.3250000e+02;3.9627990e-03;2.3250000e+02;1.5211411e-02;2.3250000e+02;3.1517532e-02;2.3250000e+02;4.9475376e-02;2.3250000e+02;6.9395252e-02;2.3250000e+02;9.0874940e-02;2.3250000e+02;1.1236763e-01;2.3250000e+02;1.3305122e-01;2.3250000e+02;1.5503338e-01;2.3250000e+02;1.8200348e-01;2.3250000e+02;2.1040104e-01;2.3250000e+02;2.2602651e-01;2.3250000e+02;2.1498458e-01;2.3250000e+02;1.8171814e-01;2.3250000e+02;1.3461676e-01;2.3250000e+02;8.5766196e-02;2.3250000e+02;4.1603804e-02;2.3250000e+02;-1.1652047e-03;2.3250000e+02;3.9627990e-03;2.3250000e+02;1.5211411e-02;2.3250000e+02;3.1517532e-02;2.3250000e+02;4.9475376e-02;2.3250000e+02;6.9395252e-02;2.3250000e+02;9.0874940e-02;2.3250000e+02;1.1236763e-01;2.3250000e+02;1.3305122e-01;2.3250000e+02;1.5503338e-01;2.3250000e+02;1.8200348e-01;2.3250000e+02;2.1040104e-01;2.3250000e+02;2.2602651e-01;2.3250000e+02;2.1498458e-01;2.3250000e+02;1.8171814e-01;2.3250000e+02;1.3461676e-01;2.3250000e+02;8.5766196e-02;2.3250000e+02;4.1603804e-02;2.3250000e+02;-1.1652047e-03;2.3250000e+02;3.9627990e-03;2.3250000e+02;1.5211411e-02;2.3250000e+02;3.1517532e-02;2.3250000e+02;4.9475376e-02;2.3250000e+02;6.9395252e-02;2.3250000e+02;9.0874940e-02;2.3250000e+02;1.1236763e-01;2.3250000e+02;1.3305122e-01;2.3250000e+02;1.5503338e-01;2.3250000e+02;1.8200348e-01;2.3250000e+02;2.1040104e-01;2.3250000e+02;2.2602651e-01;2.3250000e+02;2.1498458e-01;2.3250000e+02;1.8171814e-01;2.3250000e+02;1.3461676e-01;2.3250000e+02;8.5766196e-02;2.3250000e+02;4.1603804e-02;2.3250000e+02;-1.1652047e-03;2.3250000e+02;3.9627990e-03;2.3250000e+02;1.5211411e-02;2.3250000e+02;3.1517532e-02;2.3250000e+02;4.9475376e-02;2.3250000e+02;6.9395252e-02;2.3250000e+02;9.0874940e-02;2.3250000e+02;1.1236763e-01;2.3250000e+02;1.3305122e-01;2.3250000e+02;1.5503338e-01;2.3250000e+02;1.8200348e-01;2.3250000e+02;2.1040104e-01;2.3250000e+02;2.2602651e-01;2.3250000e+02;2.1498458e-01;2.3250000e+02;1.8171814e-01;2.3250000e+02;1.3461676e-01;2.3250000e+02;8.5766196e-02;2.3250000e+02;4.1603804e-02;2.3250000e+02;-1.1652047e-03;2.3250000e+02;3.9627990e-03;2.3250000e+02;1.5211411e-02;2.3250000e+02;3.1517532e-02;2.3250000e+02;4.9475376e-02;2.3250000e+02;6.9395252e-02;2.3250000e+02;9.0874940e-02;2.3250000e+02;1.1236763e-01;2.3250000e+02;1.3305122e-01;2.3250000e+02;1.5503338e-01;2.3250000e+02;1.8200348e-01;2.3250000e+02;2.1040104e-01;2.3250000e+02;2.2602651e-01;2.3250000e+02;2.1498458e-01;2.3250000e+02;1.8171814e-01;2.3250000e+02;1.3461676e-01;2.3250000e+02;8.5766196e-02;2.3250000e+02;4.1603804e-02;2.3250000e+02;-1.1652047e-03;2.3250000e+02;3.9627990e-03;2.3250000e+02;1.5211411e-02;2.3250000e+02;3.1517532e-02;2.3250000e+02;4.9475376e-02;2.3250000e+02;6.9395252e-02;2.3250000e+02;9.0874940e-02;2.3250000e+02;1.1236763e-01;2.3250000e+02;1.3305122e-01;2.3250000e+02;1.5503338e-01;2.3250000e+02;1.8200348e-01;2.3250000e+02;2.1040104e-01;2.3250000e+02;2.2602651e-01;2.3250000e+02;2.1498458e-01;2.3250000e+02;1.8171814e-01;2.3250000e+02;1.3461676e-01;2.3250000e+02;8.5766196e-02;2.3250000e+02;4.1603804e-02;2.3250000e+02;-1.1652047e-03;2.3250000e+02;3.9627990e-03;2.3250000e+02;1.5211411e-02;2.3250000e+02;3.1517532e-02;2.3250000e+02;4.9475376e-02;2.3250000e+02;6.9395252e-02;2.3250000e+02;9.0874940e-02;2.3250000e+02;1.1236763e-01;2.3250000e+02;1.3305122e-01;2.3250000e+02;1.5503338e-01;2.3250000e+02;1.8200348e-01;2.3250000e+02;2.1040104e-01;2.3250000e+02;2.2602651e-01;2.3250000e+02;2.1498458e-01;2.3250000e+02;1.8171814e-01;2.3250000e+02;1.3461676e-01;2.3250000e+02;8.5766196e-02;2.3250000e+02;4.1603804e-02;2.3250000e+02;-1.1652047e-03;2.3250000e+02;3.9627990e-03;2.3250000e+02;1.5211411e-02;2.3250000e+02;3.1517532e-02;2.3250000e+02;4.9475376e-02;2.3250000e+02;6.9395252e-02;2.3250000e+02;9.0874940e-02;2.3250000e+02;1.1236763e-01;2.3250000e+02;1.3305122e-01;2.3250000e+02;1.5503338e-01;2.3250000e+02;1.8200348e-01;2.3250000e+02;2.1040104e-01;2.3250000e+02;2.2602651e-01;2.3250000e+02;2.1498458e-01;2.3250000e+02;1.8171814e-01;2.3250000e+02;1.3461676e-01;2.3250000e+02;8.5766196e-02;2.3250000e+02;4.1603804e-02;2.3250000e+02;-1.1652047e-03;2.3250000e+02;3.9627990e-03;2.3250000e+02;1.5211411e-02;2.3250000e+02;3.1517532e-02;2.3250000e+02;4.9475376e-02;2.3250000e+02;6.9395252e-02;2.3250000e+02;9.0874940e-02;2.3250000e+02;1.1236763e-01;2.3250000e+02;1.3305122e-01;2.3250000e+02;1.5503338e-01;2.3250000e+02;1.8200348e-01;2.3250000e+02;2.1040104e-01;2.3250000e+02;2.2602651e-01;2.3250000e+02;2.1498458e-01;2.3250000e+02;1.8171814e-01;2.3250000e+02;1.3461676e-01;2.3250000e+02;8.5766196e-02;2.3250000e+02;4.1603804e-02;2.3250000e+02;-1.1652047e-03;2.3250000e+02;3.9627990e-03;2.3250000e+02;1.5211411e-02;2.3250000e+02;3.1517532e-02;2.3250000e+02;4.9475376e-02;2.3250000e+02;6.9395252e-02;2.3250000e+02;9.0874940e-02;2.3250000e+02;1.1236763e-01;2.3250000e+02;1.3305122e-01;2.3250000e+02;1.5503338e-01;2.3250000e+02;1.8200348e-01;2.3250000e+02;2.1040104e-01;2.3250000e+02;2.2602651e-01;2.3250000e+02;2.1498458e-01;2.3250000e+02;1.8171814e-01;2.3250000e+02;1.3461676e-01;2.3250000e+02;8.5766196e-02;2.3250000e+02;4.1603804e-02;2.3250000e+02;-1.1652047e-03;2.3250000e+02;3.9627990e-03;2.3250000e+02;1.5211411e-02;2.3250000e+02;3.1517532e-02;2.3250000e+02;4.9475376e-02;2.3250000e+02;6.9395252e-02;2.3250000e+02;9.0874940e-02;2.3250000e+02;1.1236763e-01;2.3250000e+02;1.3305122e-01;2.3250000e+02;1.5503338e-01;2.3250000e+02;1.8200348e-01;2.3250000e+02;2.1040104e-01;2.3250000e+02;2.2602651e-01;2.3250000e+02;2.1498458e-01;2.3250000e+02;1.8171814e-01;2.3250000e+02;1.3461676e-01;2.3250000e+02;8.5766196e-02;2.3250000e+02;4.1603804e-02;2.3250000e+02;-1.1652047e-03;2.3250000e+02;3.9627990e-03;2.3250000e+02;1.5211411e-02;2.3250000e+02;3.1517532e-02;2.3250000e+02;4.9475376e-02;2.3250000e+02;6.9395252e-02;2.3250000e+02;9.0874940e-02;2.3250000e+02;1.1236763e-01;2.3250000e+02;1.3305122e-01;2.3250000e+02;1.5503338e-01;2.3250000e+02;1.8200348e-01;2.3250000e+02;2.1040104e-01;2.3250000e+02;2.2602651e-01;2.3250000e+02;2.1498458e-01;2.3250000e+02;1.8171814e-01;2.3250000e+02;1.3461676e-01;2.3250000e+02;8.5766196e-02;2.3250000e+02;4.1603804e-02;2.3250000e+02;-1.1652047e-03;2.3250000e+02;3.9627990e-03;2.3250000e+02;1.5211411e-02;2.3250000e+02;3.1517532e-02;2.3250000e+02;4.9475376e-02;2.3250000e+02;6.9395252e-02;2.3250000e+02;9.0874940e-02;2.3250000e+02;1.1236763e-01;2.3250000e+02;1.3305122e-01;2.3250000e+02;1.5503338e-01;2.3250000e+02;1.8200348e-01;2.3250000e+02;2.1040104e-01;2.3250000e+02;2.2602651e-01;2.3250000e+02;2.1498458e-01;2.3250000e+02;1.8171814e-01;2.3250000e+02;1.3461676e-01;2.3250000e+02;8.5766196e-02;2.3250000e+02;4.1603804e-02;2.3250000e+02;-1.1652047e-03;2.3250000e+02;3.9627990e-03;2.3250000e+02;1.5211411e-02;2.3250000e+02;3.1517532e-02;2.3250000e+02;4.9475376e-02;2.3250000e+02;6.9395252e-02;2.3250000e+02;9.0874940e-02;2.3250000e+02;1.1236763e-01;2.3250000e+02;1.3305122e-01;2.3250000e+02;1.5503338e-01;2.3250000e+02;1.8200348e-01;2.3250000e+02;2.1040104e-01;2.3250000e+02;2.2602651e-01;2.3250000e+02;2.1498458e-01;2.3250000e+02;1.8171814e-01;2.3250000e+02;1.3461676e-01;2.3250000e+02;8.5766196e-02;2.3250000e+02;4.1603804e-02;2.3250000e+02;-1.1652047e-03;2.3250000e+02;3.9627990e-03;2.3250000e+02;1.5211411e-02;2.3250000e+02;3.1517532e-02;2.3250000e+02;4.9475376e-02;2.3250000e+02;6.9395252e-02;2.3250000e+02;9.0874940e-02;2.3250000e+02;1.1236763e-01;2.3250000e+02;1.3305122e-01;2.3250000e+02;1.5503338e-01;2.3250000e+02;1.8200348e-01;2.3250000e+02;2.1040104e-01;2.3250000e+02;2.2602651e-01;2.3250000e+02;2.1498458e-01;2.3250000e+02;1.8171814e-01;2.3250000e+02;1.3461676e-01;2.3250000e+02;8.5766196e-02;2.3250000e+02;4.1603804e-02;2.3250000e+02;-1.1652047e-03;2.3250000e+02;3.9627990e-03;2.3250000e+02;1.5211411e-02;2.3250000e+02;3.1517532e-02;2.3250000e+02;4.9475376e-02;2.3250000e+02;6.9395252e-02;2.3250000e+02;9.0874940e-02;2.3250000e+02;1.1236763e-01;2.3250000e+02;1.3305122e-01;2.3250000e+02;1.5503338e-01;2.3250000e+02;1.8200348e-01;2.3250000e+02;2.1040104e-01;2.3250000e+02;2.2602651e-01;2.3250000e+02;2.1498458e-01;2.3250000e+02;1.8171814e-01;2.3250000e+02;1.3461676e-01;2.3250000e+02;8.5766196e-02;2.3250000e+02;4.1603804e-02;2.3250000e+02;-1.1652047e-03;2.3250000e+02;3.9627990e-03;2.3250000e+02;1.5211411e-02;2.3250000e+02;3.1517532e-02;2.3250000e+02;4.9475376e-02;2.3250000e+02;6.9395252e-02;2.3250000e+02;9.0874940e-02;2.3250000e+02;1.1236763e-01;2.3250000e+02;1.3305122e-01;2.3250000e+02;1.5503338e-01;2.3250000e+02;1.8200348e-01;2.3250000e+02;2.1040104e-01;2.3250000e+02;2.2602651e-01;2.3250000e+02;2.1498458e-01;2.3250000e+02;1.8171814e-01;2.3250000e+02;1.3461676e-01;2.3250000e+02;8.5766196e-02;2.3250000e+02;4.1603804e-02;2.3250000e+02;-1.1652047e-03;2.3250000e+02;3.9627990e-03;2.3250000e+02;1.5211411e-02;2.3250000e+02;3.1517532e-02;2.3250000e+02;4.9475376e-02;2.3250000e+02;6.9395252e-02;2.3250000e+02;9.0874940e-02;2.3250000e+02;1.1236763e-01;2.3250000e+02;1.3305122e-01;2.3250000e+02;1.5503338e-01;2.3250000e+02;1.8200348e-01;2.3250000e+02;2.1040104e-01;2.3250000e+02;2.2602651e-01;2.3250000e+02;2.1498458e-01;2.3250000e+02;1.8171814e-01;2.3250000e+02;1.3461676e-01;2.3250000e+02;8.5766196e-02;2.3250000e+02;4.1603804e-02;2.3250000e+02;-1.1652047e-03;2.3250000e+02;3.9627990e-03;2.3250000e+02;1.5211411e-02;2.3250000e+02;3.1517532e-02;2.3250000e+02;4.9475376e-02;2.3250000e+02;6.9395252e-02;2.3250000e+02;9.0874940e-02;2.3250000e+02;1.1236763e-01;2.3250000e+02;1.3305122e-01;2.3250000e+02;1.5503338e-01;2.3250000e+02;1.8200348e-01;2.3250000e+02;2.1040104e-01;2.3250000e+02;2.2602651e-01;2.3250000e+02;2.1498458e-01;2.3250000e+02;1.8171814e-01;2.3250000e+02;1.3461676e-01;2.3250000e+02;8.5766196e-02;2.3250000e+02;4.1603804e-02;2.3250000e+02;-1.1652047e-03;2.3250000e+02;3.9627990e-03;2.3250000e+02;1.5211411e-02;2.3250000e+02;3.1517532e-02;2.3250000e+02;4.9475376e-02;2.3250000e+02;6.9395252e-02;2.3250000e+02;9.0874940e-02;2.3250000e+02;1.1236763e-01;2.3250000e+02;1.3305122e-01;2.3250000e+02;1.5503338e-01;2.3250000e+02;1.8200348e-01;2.3250000e+02;2.1040104e-01;2.3250000e+02;2.2602651e-01;2.3250000e+02;2.1498458e-01;2.3250000e+02;1.8171814e-01;2.3250000e+02;1.3461676e-01;2.3250000e+02;8.5766196e-02;2.3250000e+02;4.1603804e-02;2.3250000e+02;-1.1652047e-03;2.3250000e+02;3.9627990e-03;2.3250000e+02;1.5211411e-02;2.3250000e+02;3.1517532e-02;2.3250000e+02;4.9475376e-02;2.3250000e+02;6.9395252e-02;2.3250000e+02;9.0874940e-02;2.3250000e+02;1.1236763e-01;2.3250000e+02;1.3305122e-01;2.3250000e+02;1.5503338e-01;2.3250000e+02;1.8200348e-01;2.3250000e+02;2.1040104e-01;2.3250000e+02;2.2602651e-01;2.3250000e+02;2.1498458e-01;2.3250000e+02;1.8171814e-01;2.3250000e+02;1.3461676e-01;2.3250000e+02;8.5766196e-02;2.3250000e+02;4.1603804e-02;2.3250000e+02;-1.1652047e-03;2.3250000e+02;3.9627990e-03;2.3250000e+02;1.5211411e-02;2.3250000e+02;3.1517532e-02;2.3250000e+02;4.9475376e-02;2.3250000e+02;6.9395252e-02;2.3250000e+02;9.0874940e-02;2.3250000e+02;1.1236763e-01;2.3250000e+02;1.3305122e-01;2.3250000e+02;1.5503338e-01;2.3250000e+02;1.8200348e-01;2.3250000e+02;2.1040104e-01;2.3250000e+02;2.2602651e-01;2.3250000e+02;2.1498458e-01;2.3250000e+02;1.8171814e-01;2.3250000e+02;1.3461676e-01;2.3250000e+02;8.5766196e-02;2.3250000e+02;4.1603804e-02;2.3250000e+02;-1.1652047e-03;2.3250000e+02;3.9627990e-03;2.3250000e+02;1.5211411e-02;2.3250000e+02;3.1517532e-02;2.3250000e+02;4.9475376e-02;2.3250000e+02;6.9395252e-02;2.3250000e+02;9.0874940e-02;2.3250000e+02;1.1236763e-01;2.3250000e+02;1.3305122e-01;2.3250000e+02;1.5503338e-01;2.3250000e+02;1.8200348e-01;2.3250000e+02;2.1040104e-01;2.3250000e+02;2.2602651e-01;2.3250000e+02;2.1498458e-01;2.3250000e+02;1.8171814e-01;2.3250000e+02;1.3461676e-01;2.3250000e+02;8.5766196e-02;2.3250000e+02;4.1603804e-02;2.3250000e+02;-1.1652047e-03;2.3250000e+02;3.9627990e-03;2.3250000e+02;1.5211411e-02;2.3250000e+02;3.1517532e-02;2.3250000e+02;4.9475376e-02;2.3250000e+02;6.9395252e-02;2.3250000e+02;9.0874940e-02;2.3250000e+02;1.1236763e-01;2.3250000e+02;1.3305122e-01;2.3250000e+02;1.5503338e-01;2.3250000e+02;1.8200348e-01;2.3250000e+02;2.1040104e-01;2.3250000e+02;2.2602651e-01;2.3250000e+02;2.1498458e-01;2.3250000e+02;1.8171814e-01;2.3250000e+02;1.3461676e-01;2.3250000e+02;8.5766196e-02;2.3250000e+02;4.1603804e-02;2.3250000e+02;-1.1652047e-03;2.3250000e+02;3.9627990e-03;2.3250000e+02;1.5211411e-02;2.3250000e+02;3.1517532e-02;2.3250000e+02;4.9475376e-02;2.3250000e+02;6.9395252e-02;2.3250000e+02;9.0874940e-02;2.3250000e+02;1.1236763e-01;2.3250000e+02;1.3305122e-01;2.3250000e+02;1.5503338e-01;2.3250000e+02;1.8200348e-01;2.3250000e+02;2.1040104e-01;2.3250000e+02;2.2602651e-01;2.3250000e+02;2.1498458e-01;2.3250000e+02;1.8171814e-01;2.3250000e+02;1.3461676e-01;2.3250000e+02;8.5766196e-02;2.3250000e+02;4.1603804e-02;2.3250000e+02;-1.1652047e-03;2.3250000e+02;3.9627990e-03;2.3250000e+02;1.5211411e-02;2.3250000e+02;3.1517532e-02;2.3250000e+02;4.9475376e-02;2.3250000e+02;6.9395252e-02;2.3250000e+02;9.0874940e-02;2.3250000e+02;1.1236763e-01;2.3250000e+02;1.3305122e-01;2.3250000e+02;1.5503338e-01;2.3250000e+02;1.8200348e-01;2.3250000e+02;2.1040104e-01;2.3250000e+02;2.2602651e-01;2.3250000e+02;2.1498458e-01;2.3250000e+02;1.8171814e-01;2.3250000e+02;1.3461676e-01;2.3250000e+02;8.5766196e-02;2.3250000e+02;4.1603804e-02;2.3250000e+02;-1.1652047e-03;2.3250000e+02;3.9627990e-03;2.3250000e+02;1.5211411e-02;2.3250000e+02;3.1517532e-02;2.3250000e+02;4.9475376e-02;2.3250000e+02;6.9395252e-02;2.3250000e+02;9.0874940e-02;2.3250000e+02;1.1236763e-01;2.3250000e+02;1.3305122e-01;2.3250000e+02;1.5503338e-01;2.3250000e+02;1.8200348e-01;2.3250000e+02;2.1040104e-01;2.3250000e+02;2.2602651e-01;2.3250000e+02;2.1498458e-01;2.3250000e+02;1.8171814e-01;2.3250000e+02;1.3461676e-01;2.3250000e+02;8.5766196e-02;2.3250000e+02;4.1603804e-02;2.3250000e+02;-1.1652047e-03;2.3250000e+02;3.9627990e-03;2.3250000e+02;1.5211411e-02;2.3250000e+02;3.1517532e-02;2.3250000e+02;4.9475376e-02;2.3250000e+02;6.9395252e-02;2.3250000e+02;9.0874940e-02;2.3250000e+02;1.1236763e-01;2.3250000e+02;1.3305122e-01;2.3250000e+02;1.5503338e-01;2.3250000e+02;1.8200348e-01;2.3250000e+02;2.1040104e-01;2.3250000e+02;2.2602651e-01;2.3250000e+02;2.1498458e-01;2.3250000e+02;1.8171814e-01;2.3250000e+02;1.3461676e-01;2.3250000e+02;8.5766196e-02;2.3250000e+02;4.1603804e-02;2.3250000e+02;-1.1652047e-03;2.3250000e+02;3.9627990e-03;2.3250000e+02;1.5211411e-02;2.3250000e+02;3.1517532e-02;2.3250000e+02;4.9475376e-02;2.3250000e+02;6.9395252e-02;2.3250000e+02;9.0874940e-02;2.3250000e+02;1.1236763e-01;2.3250000e+02;1.3305122e-01;2.3250000e+02;1.5503338e-01;2.3250000e+02;1.8200348e-01;2.3250000e+02;2.1040104e-01;2.3250000e+02;2.2602651e-01;2.3250000e+02;2.1498458e-01;2.3250000e+02;1.8171814e-01;2.3250000e+02;1.3461676e-01;2.3250000e+02;8.5766196e-02;2.3250000e+02;4.1603804e-02;2.3250000e+02;-1.1652047e-03;2.3250000e+02;3.9627990e-03;2.3250000e+02;1.5211411e-02;2.3250000e+02;3.1517532e-02;2.3250000e+02;4.9475376e-02;2.3250000e+02;6.9395252e-02;2.3250000e+02;9.0874940e-02;2.3250000e+02;1.1236763e-01;2.3250000e+02;1.3305122e-01;2.3250000e+02;1.5503338e-01;2.3250000e+02;1.8200348e-01;2.3250000e+02;2.1040104e-01;2.3250000e+02;2.2602651e-01;2.3250000e+02;2.1498458e-01;2.3250000e+02;1.8171814e-01;2.3250000e+02;1.3461676e-01;2.3250000e+02;8.5766196e-02;2.3250000e+02;4.1603804e-02;2.3250000e+02;-1.1652047e-03;2.3250000e+02;3.9627990e-03;2.3250000e+02;1.5211411e-02;2.3250000e+02;3.1517532e-02;2.3250000e+02;4.9475376e-02;2.3250000e+02;6.9395252e-02;2.3250000e+02;9.0874940e-02;2.3250000e+02;1.1236763e-01;2.3250000e+02;1.3305122e-01;2.3250000e+02;1.5503338e-01;2.3250000e+02;1.8200348e-01;2.3250000e+02;2.1040104e-01;2.3250000e+02;2.2602651e-01;2.3250000e+02;2.1498458e-01;2.3250000e+02;1.8171814e-01;2.3250000e+02;1.3461676e-01;2.3250000e+02;8.5766196e-02;2.3250000e+02;4.1603804e-02;2.3250000e+02;-1.1652047e-03;2.3250000e+02;3.9627990e-03;2.3250000e+02;1.5211411e-02;2.3250000e+02;3.1517532e-02;2.3250000e+02;4.9475376e-02;2.3250000e+02;6.9395252e-02;2.3250000e+02;9.0874940e-02;2.3250000e+02;1.1236763e-01;2.3250000e+02;1.3305122e-01;2.3250000e+02;1.5503338e-01;2.3250000e+02;1.8200348e-01;2.3250000e+02;2.1040104e-01;2.3250000e+02;2.2602651e-01;2.3250000e+02;2.1498458e-01;2.3250000e+02;1.8171814e-01;2.3250000e+02;1.3461676e-01;2.3250000e+02;8.5766196e-02;2.3250000e+02;4.1603804e-02;2.3250000e+02;-1.1652047e-03;2.3250000e+02;3.9627990e-03;2.3250000e+02;1.5211411e-02;2.3250000e+02;3.1517532e-02;2.3250000e+02;4.9475376e-02;2.3250000e+02;6.9395252e-02;2.3250000e+02;9.0874940e-02;2.3250000e+02;1.1236763e-01;2.3250000e+02;1.3305122e-01;2.3250000e+02;1.5503338e-01;2.3250000e+02;1.8200348e-01;2.3250000e+02;2.1040104e-01;2.3250000e+02;2.2602651e-01;2.3250000e+02;2.1498458e-01;2.3250000e+02;1.8171814e-01;2.3250000e+02;1.3461676e-01;2.3250000e+02;8.5766196e-02;2.3250000e+02;4.1603804e-02;2.3250000e+02;-1.1652047e-03;2.3250000e+02;3.9627990e-03;2.3250000e+02;1.5211411e-02;2.3250000e+02;3.1517532e-02;2.3250000e+02;4.9475376e-02;2.3250000e+02;6.9395252e-02;2.3250000e+02;9.0874940e-02;2.3250000e+02;1.1236763e-01;2.3250000e+02;1.3305122e-01;2.3250000e+02;1.5503338e-01;2.3250000e+02;1.8200348e-01;2.3250000e+02;2.1040104e-01;2.3250000e+02;2.2602651e-01;2.3250000e+02;2.1498458e-01;2.3250000e+02;1.8171814e-01;2.3250000e+02;1.3461676e-01;2.3250000e+02;8.5766196e-02;2.3250000e+02;4.1603804e-02;2.3250000e+02;-1.1652047e-03;2.3250000e+02;3.9627990e-03;2.3250000e+02;1.5211411e-02;2.3250000e+02;3.1517532e-02;2.3250000e+02;4.9475376e-02;2.3250000e+02;6.9395252e-02;2.3250000e+02;9.0874940e-02;2.3250000e+02;1.1236763e-01;2.3250000e+02;1.3305122e-01;2.3250000e+02;1.5503338e-01;2.3250000e+02;1.8200348e-01;2.3250000e+02;2.1040104e-01;2.3250000e+02;2.2602651e-01;2.3250000e+02;2.1498458e-01;2.3250000e+02;1.8171814e-01;2.3250000e+02;1.3461676e-01;2.3250000e+02;8.5766196e-02;2.3250000e+02;4.1603804e-02;2.3250000e+02;-1.1652047e-03;2.3250000e+02;3.9627990e-03;2.3250000e+02;1.5211411e-02;2.3250000e+02;3.1517532e-02;2.3250000e+02;4.9475376e-02;2.3250000e+02;6.9395252e-02;2.3250000e+02;9.0874940e-02;2.3250000e+02;1.1236763e-01;2.3250000e+02;1.3305122e-01;2.3250000e+02;1.5503338e-01;2.3250000e+02;1.8200348e-01;2.3250000e+02;2.1040104e-01;2.3250000e+02;2.2602651e-01;2.3250000e+02;2.1498458e-01;2.3250000e+02;1.8171814e-01;2.3250000e+02;1.3461676e-01;2.3250000e+02;8.5766196e-02;2.3250000e+02;4.1603804e-02;2.3250000e+02;-1.1652047e-03;2.3250000e+02;3.9627990e-03;2.3250000e+02;1.5211411e-02;2.3250000e+02;3.1517532e-02;2.3250000e+02;4.9475376e-02;2.3250000e+02;6.9395252e-02;2.3250000e+02;9.0874940e-02;2.3250000e+02;1.1236763e-01;2.3250000e+02;1.3305122e-01;2.3250000e+02;1.5503338e-01;2.3250000e+02;1.8200348e-01;2.3250000e+02;2.1040104e-01;2.3250000e+02;2.2602651e-01;2.3250000e+02;2.1498458e-01;2.3250000e+02;1.8171814e-01;2.3250000e+02;1.3461676e-01;2.3250000e+02;8.5766196e-02;2.3250000e+02;4.1603804e-02;2.3250000e+02;-1.1652047e-03;2.3250000e+02;3.9627990e-03;2.3250000e+02;1.5211411e-02;2.3250000e+02;3.1517532e-02;2.3250000e+02;4.9475376e-02;2.3250000e+02;6.9395252e-02;2.3250000e+02;9.0874940e-02;2.3250000e+02;1.1236763e-01;2.3250000e+02;1.3305122e-01;2.3250000e+02;1.5503338e-01;2.3250000e+02;1.8200348e-01;2.3250000e+02;2.1040104e-01;2.3250000e+02;2.2602651e-01;2.3250000e+02;2.1498458e-01;2.3250000e+02;1.8171814e-01;2.3250000e+02;1.3461676e-01;2.3250000e+02;8.5766196e-02;2.3250000e+02;4.1603804e-02;2.3250000e+02;-1.1652047e-03;2.3250000e+02;3.9627990e-03;2.3250000e+02;1.5211411e-02;2.3250000e+02;3.1517532e-02;2.3250000e+02;4.9475376e-02;2.3250000e+02;6.9395252e-02;2.3250000e+02;9.0874940e-02;2.3250000e+02;1.1236763e-01;2.3250000e+02;1.3305122e-01;2.3250000e+02;1.5503338e-01;2.3250000e+02;1.8200348e-01;2.3250000e+02;2.1040104e-01;2.3250000e+02;2.2602651e-01;2.3250000e+02;2.1498458e-01;2.3250000e+02;1.8171814e-01;2.3250000e+02;1.3461676e-01;2.3250000e+02;8.5766196e-02;2.3250000e+02;4.1603804e-02;2.3250000e+02;-1.1652047e-03;2.3250000e+02;3.9627990e-03;2.3250000e+02;1.5211411e-02;2.3250000e+02;3.1517532e-02;2.3250000e+02;4.9475376e-02;2.3250000e+02;6.9395252e-02;2.3250000e+02;9.0874940e-02;2.3250000e+02;1.1236763e-01;2.3250000e+02;1.3305122e-01;2.3250000e+02;1.5503338e-01;2.3250000e+02;1.8200348e-01;2.3250000e+02;2.1040104e-01;2.3250000e+02;2.2602651e-01;2.3250000e+02;2.1498458e-01;2.3250000e+02;1.8171814e-01;2.3250000e+02;1.3461676e-01;2.3250000e+02;8.5766196e-02;2.3250000e+02;4.1603804e-02;2.3250000e+02;-1.1652047e-03;2.3250000e+02;3.9627990e-03;2.3250000e+02;1.5211411e-02;2.3250000e+02;3.1517532e-02;2.3250000e+02;4.9475376e-02;2.3250000e+02;6.9395252e-02;2.3250000e+02;9.0874940e-02;2.3250000e+02;1.1236763e-01;2.3250000e+02;1.3305122e-01;2.3250000e+02;1.5503338e-01;2.3250000e+02;1.8200348e-01;2.3250000e+02;2.1040104e-01;2.3250000e+02;2.2602651e-01;2.3250000e+02;2.1498458e-01;2.3250000e+02;1.8171814e-01;2.3250000e+02;1.3461676e-01;2.3250000e+02;8.5766196e-02;2.3250000e+02;4.1603804e-02;2.3250000e+02;-1.1652047e-03;2.3250000e+02;3.9627990e-03;2.3250000e+02;1.5211411e-02;2.3250000e+02;3.1517532e-02;2.3250000e+02;4.9475376e-02;2.3250000e+02;6.9395252e-02;2.3250000e+02;9.0874940e-02;2.3250000e+02;1.1236763e-01;2.3250000e+02;1.3305122e-01;2.3250000e+02;1.5503338e-01;2.3250000e+02;1.8200348e-01;2.3250000e+02;2.1040104e-01;2.3250000e+02;2.2602651e-01;2.3250000e+02;2.1498458e-01;2.3250000e+02;1.8171814e-01;2.3250000e+02;1.3461676e-01;2.3250000e+02;8.5766196e-02;2.3250000e+02;4.1603804e-02;2.3250000e+02;-1.1652047e-03;2.3250000e+02;3.9627990e-03;2.3250000e+02;1.5211411e-02;2.3250000e+02;3.1517532e-02;2.3250000e+02;4.9475376e-02;2.3250000e+02;6.9395252e-02;2.3250000e+02;9.0874940e-02;2.3250000e+02;1.1236763e-01;2.3250000e+02;1.3305122e-01;2.3250000e+02;1.5503338e-01;2.3250000e+02;1.8200348e-01;2.3250000e+02;2.1040104e-01;2.3250000e+02;2.2602651e-01;2.3250000e+02;2.1498458e-01;2.3250000e+02;1.8171814e-01;2.3250000e+02;1.3461676e-01;2.3250000e+02;8.5766196e-02;2.3250000e+02;4.1603804e-02;2.3250000e+02;-1.1652047e-03;2.3250000e+02;3.9627990e-03;2.3250000e+02;1.5211411e-02;2.3250000e+02;3.1517532e-02;2.3250000e+02;4.9475376e-02;2.3250000e+02;6.9395252e-02;2.3250000e+02;9.0874940e-02;2.3250000e+02;1.1236763e-01;2.3250000e+02;1.3305122e-01;2.3250000e+02;1.5503338e-01;2.3250000e+02;1.8200348e-01;2.3250000e+02;2.1040104e-01;2.3250000e+02;2.2602651e-01;2.3250000e+02;2.1498458e-01;2.3250000e+02;1.8171814e-01;2.3250000e+02;1.3461676e-01;2.3250000e+02;8.5766196e-02;2.3250000e+02;4.1603804e-02;2.3250000e+02;-1.1652047e-03;2.3250000e+02;3.9627990e-03;2.3250000e+02;1.5211411e-02;2.3250000e+02;3.1517532e-02;2.3250000e+02;4.9475376e-02;2.3250000e+02;6.9395252e-02;2.3250000e+02;9.0874940e-02;2.3250000e+02;1.1236763e-01;2.3250000e+02;1.3305122e-01;2.3250000e+02;1.5503338e-01;2.3250000e+02;1.8200348e-01;2.3250000e+02;2.1040104e-01;2.3250000e+02;2.2602651e-01;2.3250000e+02;2.1498458e-01;2.3250000e+02;1.8171814e-01;2.3250000e+02;1.3461676e-01;2.3250000e+02;8.5766196e-02;2.3250000e+02;4.1603804e-02;2.3250000e+02;-1.1652047e-03;2.3250000e+02;3.9627990e-03;2.3250000e+02;1.5211411e-02;2.3250000e+02;3.1517532e-02;2.3250000e+02;4.9475376e-02;2.3250000e+02;6.9395252e-02;2.3250000e+02;9.0874940e-02;2.3250000e+02;1.1236763e-01;2.3250000e+02;1.3305122e-01;2.3250000e+02;1.5503338e-01;2.3250000e+02;1.8200348e-01;2.3250000e+02;2.1040104e-01;2.3250000e+02;2.2602651e-01;2.3250000e+02;2.1498458e-01;2.3250000e+02;1.8171814e-01;2.3250000e+02;1.3461676e-01;2.3250000e+02;8.5766196e-02;2.3250000e+02;4.1603804e-02;2.3250000e+02;-1.1652047e-03;2.3250000e+02;3.9627990e-03;2.3250000e+02;1.5211411e-02;2.3250000e+02;3.1517532e-02;2.3250000e+02;4.9475376e-02;2.3250000e+02;6.9395252e-02;2.3250000e+02;9.0874940e-02;2.3250000e+02;1.1236763e-01;2.3250000e+02;1.3305122e-01;2.3250000e+02;1.5503338e-01;2.3250000e+02;1.8200348e-01;2.3250000e+02;2.1040104e-01;2.3250000e+02;2.2602651e-01;2.3250000e+02;2.1498458e-01;2.3250000e+02;1.8171814e-01;2.3250000e+02;1.3461676e-01;2.3250000e+02;8.5766196e-02;2.3250000e+02;4.1603804e-02;2.3250000e+02;-1.1652047e-03;2.3250000e+02;3.9627990e-03;2.3250000e+02;1.5211411e-02;2.3250000e+02;3.1517532e-02;2.3250000e+02;4.9475376e-02;2.3250000e+02;6.9395252e-02;2.3250000e+02;9.0874940e-02;2.3250000e+02;1.1236763e-01;2.3250000e+02;1.3305122e-01;2.3250000e+02;1.5503338e-01;2.3250000e+02;1.8200348e-01;2.3250000e+02;2.1040104e-01;2.3250000e+02;2.2602651e-01;2.3250000e+02;2.1498458e-01;2.3250000e+02;1.8171814e-01;2.3250000e+02;1.3461676e-01;2.3250000e+02;8.5766196e-02;2.3250000e+02;4.1603804e-02;2.3250000e+02;-1.1652047e-03;2.3250000e+02;3.9627990e-03;2.3250000e+02;1.5211411e-02;2.3250000e+02;3.1517532e-02;2.3250000e+02;4.9475376e-02;2.3250000e+02;6.9395252e-02;2.3250000e+02;9.0874940e-02;2.3250000e+02;1.1236763e-01;2.3250000e+02;1.3305122e-01;2.3250000e+02;1.5503338e-01;2.3250000e+02;1.8200348e-01;2.3250000e+02;2.1040104e-01;2.3250000e+02;2.2602651e-01;2.3250000e+02;2.1498458e-01;2.3250000e+02;1.8171814e-01;2.3250000e+02;1.3461676e-01;2.3250000e+02;8.5766196e-02;2.3250000e+02;4.1603804e-02;2.3250000e+02;-1.1652047e-03;2.3250000e+02;3.9627990e-03;2.3250000e+02;1.5211411e-02;2.3250000e+02;3.1517532e-02;2.3250000e+02;4.9475376e-02;2.3250000e+02;6.9395252e-02;2.3250000e+02;9.0874940e-02;2.3250000e+02;1.1236763e-01;2.3250000e+02;1.3305122e-01;2.3250000e+02;1.5503338e-01;2.3250000e+02;1.8200348e-01;2.3250000e+02;2.1040104e-01;2.3250000e+02;2.2602651e-01;2.3250000e+02;2.1498458e-01;2.3250000e+02;1.8171814e-01;2.3250000e+02;1.3461676e-01;2.3250000e+02;8.5766196e-02;2.3250000e+02;4.1603804e-02;2.3250000e+02;-1.1652047e-03;2.3250000e+02;3.9627990e-03;2.3250000e+02;1.5211411e-02;2.3250000e+02;3.1517532e-02;2.3250000e+02;4.9475376e-02;2.3250000e+02;6.9395252e-02;2.3250000e+02;9.0874940e-02;2.3250000e+02;1.1236763e-01;2.3250000e+02;1.3305122e-01;2.3250000e+02;1.5503338e-01;2.3250000e+02;1.8200348e-01;2.3250000e+02;2.1040104e-01;2.3250000e+02;2.2602651e-01;2.3250000e+02;2.1498458e-01;2.3250000e+02;1.8171814e-01;2.3250000e+02;1.3461676e-01;2.3250000e+02;8.5766196e-02;2.3250000e+02;4.1603804e-02;2.3250000e+02;-1.1652047e-03;2.3250000e+02;3.9627990e-03;2.3250000e+02;1.5211411e-02;2.3250000e+02;3.1517532e-02;2.3250000e+02;4.9475376e-02;2.3250000e+02;6.9395252e-02;2.3250000e+02;9.0874940e-02;2.3250000e+02;1.1236763e-01;2.3250000e+02;1.3305122e-01;2.3250000e+02;1.5503338e-01;2.3250000e+02;1.8200348e-01;2.3250000e+02;2.1040104e-01;2.3250000e+02;2.2602651e-01;2.3250000e+02;2.1498458e-01;2.3250000e+02;1.8171814e-01;2.3250000e+02;1.3461676e-01;2.3250000e+02;8.5766196e-02;2.3250000e+02;4.1603804e-02;2.3250000e+02;-1.1652047e-03;2.3250000e+02;3.9627990e-03;2.3250000e+02;1.5211411e-02;2.3250000e+02;3.1517532e-02;2.3250000e+02;4.9475376e-02;2.3250000e+02;6.9395252e-02;2.3250000e+02;9.0874940e-02;2.3250000e+02;1.1236763e-01;2.3250000e+02;1.3305122e-01;2.3250000e+02;1.5503338e-01;2.3250000e+02;1.8200348e-01;2.3250000e+02;2.1040104e-01;2.3250000e+02;2.2602651e-01;2.3250000e+02;2.1498458e-01;2.3250000e+02;1.8171814e-01;2.3250000e+02;1.3461676e-01;2.3250000e+02;8.5766196e-02;2.3250000e+02;4.1603804e-02;2.3250000e+02;-1.1652047e-03;2.3250000e+02;3.9627990e-03;2.3250000e+02;1.5211411e-02;2.3250000e+02;3.1517532e-02;2.3250000e+02;4.9475376e-02;2.3250000e+02;6.9395252e-02;2.3250000e+02;9.0874940e-02;2.3250000e+02;1.1236763e-01;2.3250000e+02;1.3305122e-01;2.3250000e+02;1.5503338e-01;2.3250000e+02;1.8200348e-01;2.3250000e+02;2.1040104e-01;2.3250000e+02;2.2602651e-01;2.3250000e+02;2.1498458e-01;2.3250000e+02;1.8171814e-01;2.3250000e+02;1.3461676e-01;2.3250000e+02;8.5766196e-02;2.3250000e+02;4.1603804e-02;2.3250000e+02;-1.1652047e-03;2.3250000e+02;3.9627990e-03;2.3250000e+02;1.5211411e-02;2.3250000e+02;3.1517532e-02;2.3250000e+02;4.9475376e-02;2.3250000e+02;6.9395252e-02;2.3250000e+02;9.0874940e-02;2.3250000e+02;1.1236763e-01;2.3250000e+02;1.3305122e-01;2.3250000e+02;1.5503338e-01;2.3250000e+02;1.8200348e-01;2.3250000e+02;2.1040104e-01;2.3250000e+02;2.2602651e-01;2.3250000e+02;2.1498458e-01;2.3250000e+02;1.8171814e-01;2.3250000e+02;1.3461676e-01;2.3250000e+02;8.5766196e-02;2.3250000e+02;4.1603804e-02;2.3250000e+02;-1.1652047e-03;2.3250000e+02;3.9627990e-03;2.3250000e+02;1.5211411e-02;2.3250000e+02;3.1517532e-02;2.3250000e+02;4.9475376e-02;2.3250000e+02;6.9395252e-02;2.3250000e+02;9.0874940e-02;2.3250000e+02;1.1236763e-01;2.3250000e+02;1.3305122e-01;2.3250000e+02;1.5503338e-01;2.3250000e+02;1.8200348e-01;2.3250000e+02;2.1040104e-01;2.3250000e+02;2.2602651e-01;2.3250000e+02;2.1498458e-01;2.3250000e+02;1.8171814e-01;2.3250000e+02;1.3461676e-01;2.3250000e+02;8.5766196e-02;2.3250000e+02;4.1603804e-02;2.3250000e+02;-1.1652047e-03;2.3250000e+02;3.9627990e-03;2.3250000e+02;1.5211411e-02;2.3250000e+02;3.1517532e-02;2.3250000e+02;4.9475376e-02;2.3250000e+02;6.9395252e-02;2.3250000e+02;9.0874940e-02;2.3250000e+02;1.1236763e-01;2.3250000e+02;1.3305122e-01;2.3250000e+02;1.5503338e-01;2.3250000e+02;1.8200348e-01;2.3250000e+02;2.1040104e-01;2.3250000e+02;2.2602651e-01;2.3250000e+02;2.1498458e-01;2.3250000e+02;1.8171814e-01;2.3250000e+02;1.3461676e-01;2.3250000e+02;8.5766196e-02;2.3250000e+02;4.1603804e-02;2.3250000e+02;-1.1652047e-03;2.3250000e+02;3.9627990e-03;2.3250000e+02;1.5211411e-02;2.3250000e+02;3.1517532e-02;2.3250000e+02;4.9475376e-02;2.3250000e+02;6.9395252e-02;2.3250000e+02;9.0874940e-02;2.3250000e+02;1.1236763e-01;2.3250000e+02;1.3305122e-01;2.3250000e+02;1.5503338e-01;2.3250000e+02;1.8200348e-01;2.3250000e+02;2.1040104e-01;2.3250000e+02;2.2602651e-01;2.3250000e+02;2.1498458e-01;2.3250000e+02;1.8171814e-01;2.3250000e+02;1.3461676e-01;2.3250000e+02;8.5766196e-02;2.3250000e+02;4.1603804e-02;2.3250000e+02;-1.1652047e-03;2.3250000e+02;3.9627990e-03;2.3250000e+02;1.5211411e-02;2.3250000e+02;3.1517532e-02;2.3250000e+02;4.9475376e-02;2.3250000e+02;6.9395252e-02;2.3250000e+02;9.0874940e-02;2.3250000e+02;1.1236763e-01;2.3250000e+02;1.3305122e-01;2.3250000e+02;1.5503338e-01;2.3250000e+02;1.8200348e-01;2.3250000e+02;2.1040104e-01;2.3250000e+02;2.2602651e-01;2.3250000e+02;2.1498458e-01;2.3250000e+02;1.8171814e-01;2.3250000e+02;1.3461676e-01;2.3250000e+02;8.5766196e-02;2.3250000e+02;4.1603804e-02;2.3250000e+02;-1.1652047e-03;2.3250000e+02;3.9627990e-03;2.3250000e+02;1.5211411e-02;2.3250000e+02;3.1517532e-02;2.3250000e+02;4.9475376e-02;2.3250000e+02;6.9395252e-02;2.3250000e+02;9.0874940e-02;2.3250000e+02;1.1236763e-01;2.3250000e+02;1.3305122e-01;2.3250000e+02;1.5503338e-01;2.3250000e+02;1.8200348e-01;2.3250000e+02;2.1040104e-01;2.3250000e+02;2.2602651e-01;2.3250000e+02;2.1498458e-01;2.3250000e+02;1.8171814e-01;2.3250000e+02;1.3461676e-01;2.3250000e+02;8.5766196e-02;2.3250000e+02;4.1603804e-02;2.3250000e+02;-1.1652047e-03;2.3250000e+02;3.9627990e-03;2.3250000e+02;1.5211411e-02;2.3250000e+02;3.1517532e-02;2.3250000e+02;4.9475376e-02;2.3250000e+02;6.9395252e-02;2.3250000e+02;9.0874940e-02;2.3250000e+02;1.1236763e-01;2.3250000e+02;1.3305122e-01;2.3250000e+02;1.5503338e-01;2.3250000e+02;1.8200348e-01;2.3250000e+02;2.1040104e-01;2.3250000e+02;2.2602651e-01;2.3250000e+02;2.1498458e-01;2.3250000e+02;1.8171814e-01;2.3250000e+02;1.3461676e-01;2.3250000e+02;8.5766196e-02;2.3250000e+02;4.1603804e-02;2.3250000e+02;-1.1652047e-03;2.3250000e+02;3.9627990e-03;2.3250000e+02;1.5211411e-02;2.3250000e+02;3.1517532e-02;2.3250000e+02;4.9475376e-02;2.3250000e+02;6.9395252e-02;2.3250000e+02;9.0874940e-02;2.3250000e+02;1.1236763e-01;2.3250000e+02;1.3305122e-01;2.3250000e+02;1.5503338e-01;2.3250000e+02;1.8200348e-01;2.3250000e+02;2.1040104e-01;2.3250000e+02;2.2602651e-01;2.3250000e+02;2.1498458e-01;2.3250000e+02;1.8171814e-01;2.3250000e+02;1.3461676e-01;2.3250000e+02;8.5766196e-02;2.3250000e+02;4.1603804e-02;2.3250000e+02;-1.1652047e-03;2.3250000e+02;3.9627990e-03;2.3250000e+02;1.5211411e-02;2.3250000e+02;3.1517532e-02;2.3250000e+02;4.9475376e-02;2.3250000e+02;6.9395252e-02;2.3250000e+02;9.0874940e-02;2.3250000e+02;1.1236763e-01;2.3250000e+02;1.3305122e-01;2.3250000e+02;1.5503338e-01;2.3250000e+02;1.8200348e-01;2.3250000e+02;2.1040104e-01;2.3250000e+02;2.2602651e-01;2.3250000e+02;2.1498458e-01;2.3250000e+02;1.8171814e-01;2.3250000e+02;1.3461676e-01;2.3250000e+02;8.5766196e-02;2.3250000e+02;4.1603804e-02;2.3250000e+02;-1.1652047e-03;2.3250000e+02;3.9627990e-03;2.3250000e+02;1.5211411e-02;2.3250000e+02;3.1517532e-02;2.3250000e+02;4.9475376e-02;2.3250000e+02;6.9395252e-02;2.3250000e+02;9.0874940e-02;2.3250000e+02;1.1236763e-01;2.3250000e+02;1.3305122e-01;2.3250000e+02;1.5503338e-01;2.3250000e+02;1.8200348e-01;2.3250000e+02;2.1040104e-01;2.3250000e+02;2.2602651e-01;2.3250000e+02;2.1498458e-01;2.3250000e+02;1.8171814e-01;2.3250000e+02;1.3461676e-01;2.3250000e+02;8.5766196e-02;2.3250000e+02;4.1603804e-02;2.3250000e+02;-1.1652047e-03;2.3250000e+02;3.9627990e-03;2.3250000e+02;1.5211411e-02;2.3250000e+02;3.1517532e-02;2.3250000e+02;4.9475376e-02;2.3250000e+02;6.9395252e-02;2.3250000e+02;9.0874940e-02;2.3250000e+02;1.1236763e-01;2.3250000e+02;1.3305122e-01;2.3250000e+02;1.5503338e-01;2.3250000e+02;1.8200348e-01;2.3250000e+02;2.1040104e-01;2.3250000e+02;2.2602651e-01;2.3250000e+02;2.1498458e-01;2.3250000e+02;1.8171814e-01;2.3250000e+02;1.3461676e-01;2.3250000e+02;8.5766196e-02;2.3250000e+02;4.1603804e-02;2.3250000e+02;-1.1652047e-03;2.3250000e+02;3.9627990e-03;2.3250000e+02;1.5211411e-02;2.3250000e+02;3.1517532e-02;2.3250000e+02;4.9475376e-02;2.3250000e+02;6.9395252e-02;2.3250000e+02;9.0874940e-02;2.3250000e+02;1.1236763e-01;2.3250000e+02;1.3305122e-01;2.3250000e+02;1.5503338e-01;2.3250000e+02;1.8200348e-01;2.3250000e+02;2.1040104e-01;2.3250000e+02;2.2602651e-01;2.3250000e+02;2.1498458e-01;2.3250000e+02;1.8171814e-01;2.3250000e+02;1.3461676e-01;2.3250000e+02;8.5766196e-02;2.3250000e+02;4.1603804e-02;2.3250000e+02;-1.1652047e-03;2.3250000e+02;3.9627990e-03;2.3250000e+02;1.5211411e-02;2.3250000e+02;3.1517532e-02;2.3250000e+02;4.9475376e-02;2.3250000e+02;6.9395252e-02;2.3250000e+02;9.0874940e-02;2.3250000e+02;1.1236763e-01;2.3250000e+02;1.3305122e-01;2.3250000e+02;1.5503338e-01;2.3250000e+02;1.8200348e-01;2.3250000e+02;2.1040104e-01;2.3250000e+02;2.2602651e-01;2.3250000e+02;2.1498458e-01;2.3250000e+02;1.8171814e-01;2.3250000e+02;1.3461676e-01;2.3250000e+02;8.5766196e-02;2.3250000e+02;4.1603804e-02;2.3250000e+02;-1.1652047e-03;2.3250000e+02;3.9627990e-03;2.3250000e+02;1.5211411e-02;2.3250000e+02;3.1517532e-02;2.3250000e+02;4.9475376e-02;2.3250000e+02;6.9395252e-02;2.3250000e+02;9.0874940e-02;2.3250000e+02;1.1236763e-01;2.3250000e+02;1.3305122e-01;2.3250000e+02;1.5503338e-01;2.3250000e+02;1.8200348e-01;2.3250000e+02;2.1040104e-01;2.3250000e+02;2.2602651e-01;2.3250000e+02;2.1498458e-01;2.3250000e+02;1.8171814e-01;2.3250000e+02;1.3461676e-01;2.3250000e+02;8.5766196e-02;2.3250000e+02;4.1603804e-02;2.3250000e+02;-1.1652047e-03;2.3250000e+02;3.9627990e-03;2.3250000e+02;1.5211411e-02;2.3250000e+02;3.1517532e-02;2.3250000e+02;4.9475376e-02;2.3250000e+02;6.9395252e-02;2.3250000e+02;9.0874940e-02;2.3250000e+02;1.1236763e-01;2.3250000e+02;1.3305122e-01;2.3250000e+02;1.5503338e-01;2.3250000e+02;1.8200348e-01;2.3250000e+02;2.1040104e-01;2.3250000e+02;2.2602651e-01;2.3250000e+02;2.1498458e-01;2.3250000e+02;1.8171814e-01;2.3250000e+02;1.3461676e-01;2.3250000e+02;8.5766196e-02;2.3250000e+02;4.1603804e-02;2.3250000e+02;-1.1652047e-03;2.3250000e+02;3.9627990e-03;2.3250000e+02;1.5211411e-02;2.3250000e+02;3.1517532e-02;2.3250000e+02;4.9475376e-02;2.3250000e+02;6.9395252e-02;2.3250000e+02;9.0874940e-02;2.3250000e+02;1.1236763e-01;2.3250000e+02;1.3305122e-01;2.3250000e+02;1.5503338e-01;2.3250000e+02;1.8200348e-01;2.3250000e+02;2.1040104e-01;2.3250000e+02;2.2602651e-01;2.3250000e+02;2.1498458e-01;2.3250000e+02;1.8171814e-01;2.3250000e+02;1.3461676e-01;2.3250000e+02;8.5766196e-02;2.3250000e+02;4.1603804e-02;2.3250000e+02;-1.1652047e-03;2.3250000e+02;3.9627990e-03;2.3250000e+02;1.5211411e-02;2.3250000e+02;3.1517532e-02;2.3250000e+02;4.9475376e-02;2.3250000e+02;6.9395252e-02;2.3250000e+02;9.0874940e-02;2.3250000e+02;1.1236763e-01;2.3250000e+02;1.3305122e-01;2.3250000e+02;1.5503338e-01;2.3250000e+02;1.8200348e-01;2.3250000e+02;2.1040104e-01;2.3250000e+02;2.2602651e-01;2.3250000e+02;2.1498458e-01;2.3250000e+02;1.8171814e-01;2.3250000e+02;1.3461676e-01;2.3250000e+02;8.5766196e-02;2.3250000e+02;4.1603804e-02;2.3250000e+02;-1.1652047e-03;2.3250000e+02;3.9627990e-03;2.3250000e+02;1.5211411e-02;2.3250000e+02;3.1517532e-02;2.3250000e+02;4.9475376e-02;2.3250000e+02;6.9395252e-02;2.3250000e+02;9.0874940e-02;2.3250000e+02;1.1236763e-01;2.3250000e+02;1.3305122e-01;2.3250000e+02;1.5503338e-01;2.3250000e+02;1.8200348e-01;2.3250000e+02;2.1040104e-01;2.3250000e+02;2.2602651e-01;2.3250000e+02;2.1498458e-01;2.3250000e+02;1.8171814e-01;2.3250000e+02;1.3461676e-01;2.3250000e+02;8.5766196e-02;2.3250000e+02;4.1603804e-02;2.3250000e+02;-1.1652047e-03;2.3250000e+02;3.9627990e-03;2.3250000e+02;1.5211411e-02;2.3250000e+02;3.1517532e-02;2.3250000e+02;4.9475376e-02;2.3250000e+02;6.9395252e-02;2.3250000e+02;9.0874940e-02;2.3250000e+02;1.1236763e-01;2.3250000e+02;1.3305122e-01;2.3250000e+02;1.5503338e-01;2.3250000e+02;1.8200348e-01;2.3250000e+02;2.1040104e-01;2.3250000e+02;2.2602651e-01;2.3250000e+02;2.1498458e-01;2.3250000e+02;1.8171814e-01;2.3250000e+02;1.3461676e-01;2.3250000e+02;8.5766196e-02;2.3250000e+02;4.1603804e-02;2.3250000e+02;-1.1652047e-03;2.3250000e+02;3.9627990e-03;2.3250000e+02;1.5211411e-02;2.3250000e+02;3.1517532e-02;2.3250000e+02;4.9475376e-02;2.3250000e+02;6.9395252e-02;2.3250000e+02;9.0874940e-02;2.3250000e+02;1.1236763e-01;2.3250000e+02;1.3305122e-01;2.3250000e+02;1.5503338e-01;2.3250000e+02;1.8200348e-01;2.3250000e+02;2.1040104e-01;2.3250000e+02;2.2602651e-01;2.3250000e+02;2.1498458e-01;2.3250000e+02;1.8171814e-01;2.3250000e+02;1.3461676e-01;2.3250000e+02;8.5766196e-02;2.3250000e+02;4.1603804e-02;2.3250000e+02;-1.1652047e-03;2.3250000e+02;3.9627990e-03;2.3250000e+02;1.5211411e-02;2.3250000e+02;3.1517532e-02;2.3250000e+02;4.9475376e-02;2.3250000e+02;6.9395252e-02;2.3250000e+02;9.0874940e-02;2.3250000e+02;1.1236763e-01;2.3250000e+02;1.3305122e-01;2.3250000e+02;1.5503338e-01;2.3250000e+02;1.8200348e-01;2.3250000e+02;2.1040104e-01;2.3250000e+02;2.2602651e-01;2.3250000e+02;2.1498458e-01;2.3250000e+02;1.8171814e-01;2.3250000e+02;1.3461676e-01;2.3250000e+02;8.5766196e-02;2.3250000e+02;4.1603804e-02;2.3250000e+02;-1.1652047e-03;2.3250000e+02;3.9627990e-03;2.3250000e+02;1.5211411e-02;2.3250000e+02;3.1517532e-02;2.3250000e+02;4.9475376e-02;2.3250000e+02;6.9395252e-02;2.3250000e+02;9.0874940e-02;2.3250000e+02;1.1236763e-01;2.3250000e+02;1.3305122e-01;2.3250000e+02;1.5503338e-01;2.3250000e+02;1.8200348e-01;2.3250000e+02;2.1040104e-01;2.3250000e+02;2.2602651e-01;2.3250000e+02;2.1498458e-01;2.3250000e+02;1.8171814e-01;2.3250000e+02;1.3461676e-01;2.3250000e+02;8.5766196e-02;2.3250000e+02;4.1603804e-02;2.3250000e+02;-1.1652047e-03;2.3250000e+02;3.9627990e-03;2.3250000e+02;1.5211411e-02;2.3250000e+02;3.1517532e-02;2.3250000e+02;4.9475376e-02;2.3250000e+02;6.9395252e-02;2.3250000e+02;9.0874940e-02;2.3250000e+02;1.1236763e-01;2.3250000e+02;1.3305122e-01;2.3250000e+02;1.5503338e-01;2.3250000e+02;1.8200348e-01;2.3250000e+02;2.1040104e-01;2.3250000e+02;2.2602651e-01;2.3250000e+02;2.1498458e-01;2.3250000e+02;1.8171814e-01;2.3250000e+02;1.3461676e-01;2.3250000e+02;8.5766196e-02;2.3250000e+02;4.1603804e-02;2.3250000e+02;-1.1652047e-03;2.3250000e+02;3.9627990e-03;2.3250000e+02;1.5211411e-02;2.3250000e+02;3.1517532e-02;2.3250000e+02;4.9475376e-02;2.3250000e+02;6.9395252e-02;2.3250000e+02;9.0874940e-02;2.3250000e+02;1.1236763e-01;2.3250000e+02;1.3305122e-01;2.3250000e+02;1.5503338e-01;2.3250000e+02;1.8200348e-01;2.3250000e+02;2.1040104e-01;2.3250000e+02;2.2602651e-01;2.3250000e+02;2.1498458e-01;2.3250000e+02;1.8171814e-01;2.3250000e+02;1.3461676e-01;2.3250000e+02;8.5766196e-02;2.3250000e+02;4.1603804e-02;2.3250000e+02;-1.1652047e-03;2.3250000e+02;3.9627990e-03;2.3250000e+02;1.5211411e-02;2.3250000e+02;3.1517532e-02;2.3250000e+02;4.9475376e-02;2.3250000e+02;6.9395252e-02;2.3250000e+02;9.0874940e-02;2.3250000e+02;1.1236763e-01;2.3250000e+02;1.3305122e-01;2.3250000e+02;1.5503338e-01;2.3250000e+02;1.8200348e-01;2.3250000e+02;2.1040104e-01;2.3250000e+02;2.2602651e-01;2.3250000e+02;2.1498458e-01;2.3250000e+02;1.8171814e-01;2.3250000e+02;1.3461676e-01;2.3250000e+02;8.5766196e-02;2.3250000e+02;4.1603804e-02;2.3250000e+02;-1.1652047e-03;2.3250000e+02;3.9627990e-03;2.3250000e+02;1.5211411e-02;2.3250000e+02;3.1517532e-02;2.3250000e+02;4.9475376e-02;2.3250000e+02;6.9395252e-02;2.3250000e+02;9.0874940e-02;2.3250000e+02;1.1236763e-01;2.3250000e+02;1.3305122e-01;2.3250000e+02;1.5503338e-01;2.3250000e+02;1.8200348e-01;2.3250000e+02;2.1040104e-01;2.3250000e+02;2.2602651e-01;2.3250000e+02;2.1498458e-01;2.3250000e+02;1.8171814e-01;2.3250000e+02;1.3461676e-01;2.3250000e+02;8.5766196e-02;2.3250000e+02;4.1603804e-02;2.3250000e+02;-1.1652047e-03;2.3250000e+02;3.9627990e-03;2.3250000e+02;1.5211411e-02;2.3250000e+02;3.1517532e-02;2.3250000e+02;4.9475376e-02;2.3250000e+02;6.9395252e-02;2.3250000e+02;9.0874940e-02;2.3250000e+02;1.1236763e-01;2.3250000e+02;1.3305122e-01;2.3250000e+02;1.5503338e-01;2.3250000e+02;1.8200348e-01;2.3250000e+02;2.1040104e-01;2.3250000e+02;2.2602651e-01;2.3250000e+02;2.1498458e-01;2.3250000e+02;1.8171814e-01;2.3250000e+02;1.3461676e-01;2.3250000e+02;8.5766196e-02;2.3250000e+02;4.1603804e-02;2.3250000e+02;-1.1652047e-03;2.3250000e+02;3.9627990e-03;2.3250000e+02;1.5211411e-02;2.3250000e+02;3.1517532e-02;2.3250000e+02;4.9475376e-02;2.3250000e+02;6.9395252e-02;2.3250000e+02;9.0874940e-02;2.3250000e+02;1.1236763e-01;2.3250000e+02;1.3305122e-01;2.3250000e+02;1.5503338e-01;2.3250000e+02;1.8200348e-01;2.3250000e+02;2.1040104e-01;2.3250000e+02;2.2602651e-01;2.3250000e+02;2.1498458e-01;2.3250000e+02;1.8171814e-01;2.3250000e+02;1.3461676e-01;2.3250000e+02;8.5766196e-02;2.3250000e+02;4.1603804e-02;2.3250000e+02;-1.1652047e-03;2.3250000e+02;3.9627990e-03;2.3250000e+02;1.5211411e-02;2.3250000e+02;3.1517532e-02;2.3250000e+02;4.9475376e-02;2.3250000e+02;6.9395252e-02;2.3250000e+02;9.0874940e-02;2.3250000e+02;1.1236763e-01;2.3250000e+02;1.3305122e-01;2.3250000e+02;1.5503338e-01;2.3250000e+02;1.8200348e-01;2.3250000e+02;2.1040104e-01;2.3250000e+02;2.2602651e-01;2.3250000e+02;2.1498458e-01;2.3250000e+02;1.8171814e-01;2.3250000e+02;1.3461676e-01;2.3250000e+02;8.5766196e-02;2.3250000e+02;4.1603804e-02;2.3250000e+02;-1.1652047e-03;2.3250000e+02;3.9627990e-03;2.3250000e+02;1.5211411e-02;2.3250000e+02;3.1517532e-02;2.3250000e+02;4.9475376e-02;2.3250000e+02;6.9395252e-02;2.3250000e+02;9.0874940e-02;2.3250000e+02;1.1236763e-01;2.3250000e+02;1.3305122e-01;2.3250000e+02;1.5503338e-01;2.3250000e+02;1.8200348e-01;2.3250000e+02;2.1040104e-01;2.3250000e+02;2.2602651e-01;2.3250000e+02;2.1498458e-01;2.3250000e+02;1.8171814e-01;2.3250000e+02;1.3461676e-01;2.3250000e+02;8.5766196e-02;2.3250000e+02;4.1603804e-02;2.3250000e+02;-1.1652047e-03;2.3250000e+02;3.9627990e-03;2.3250000e+02;1.5211411e-02;2.3250000e+02;3.1517532e-02;2.3250000e+02;4.9475376e-02;2.3250000e+02;6.9395252e-02;2.3250000e+02;9.0874940e-02;2.3250000e+02;1.1236763e-01;2.3250000e+02;1.3305122e-01;2.3250000e+02;1.5503338e-01;2.3250000e+02;1.8200348e-01;2.3250000e+02;2.1040104e-01;2.3250000e+02;2.2602651e-01;2.3250000e+02;2.1498458e-01;2.3250000e+02;1.8171814e-01;2.3250000e+02;1.3461676e-01;2.3250000e+02;8.5766196e-02;2.3250000e+02;4.1603804e-02;2.3250000e+02;-1.1652047e-03;2.3250000e+02;3.9627990e-03;2.3250000e+02;1.5211411e-02;2.3250000e+02;3.1517532e-02;2.3250000e+02;4.9475376e-02;2.3250000e+02;6.9395252e-02;2.3250000e+02;9.0874940e-02;2.3250000e+02;1.1236763e-01;2.3250000e+02;1.3305122e-01;2.3250000e+02;1.5503338e-01;2.3250000e+02;1.8200348e-01;2.3250000e+02;2.1040104e-01;2.3250000e+02;2.2602651e-01;2.3250000e+02;2.1498458e-01;2.3250000e+02;1.8171814e-01;2.3250000e+02;1.3461676e-01;2.3250000e+02;8.5766196e-02;2.3250000e+02;4.1603804e-02;2.3250000e+02;-1.1652047e-03;2.3250000e+02;3.9627990e-03;2.3250000e+02;1.5211411e-02;2.3250000e+02;3.1517532e-02;2.3250000e+02;4.9475376e-02;2.3250000e+02;6.9395252e-02;2.3250000e+02;9.0874940e-02;2.3250000e+02;1.1236763e-01;2.3250000e+02;1.3305122e-01;2.3250000e+02;1.5503338e-01;2.3250000e+02;1.8200348e-01;2.3250000e+02;2.1040104e-01;2.3250000e+02;2.2602651e-01;2.3250000e+02;2.1498458e-01;2.3250000e+02;1.8171814e-01;2.3250000e+02;1.3461676e-01;2.3250000e+02;8.5766196e-02;2.3250000e+02;4.1603804e-02;2.3250000e+02;-1.1652047e-03;2.3250000e+02;3.9627990e-03;2.3250000e+02;1.5211411e-02;2.3250000e+02;3.1517532e-02;2.3250000e+02;4.9475376e-02;2.3250000e+02;6.9395252e-02;2.3250000e+02;9.0874940e-02;2.3250000e+02;1.1236763e-01;2.3250000e+02;1.3305122e-01;2.3250000e+02;1.5503338e-01;2.3250000e+02;1.8200348e-01;2.3250000e+02;2.1040104e-01;2.3250000e+02;2.2602651e-01;2.3250000e+02;2.1498458e-01;2.3250000e+02;1.8171814e-01;2.3250000e+02;1.3461676e-01;2.3250000e+02;8.5766196e-02;2.3250000e+02;4.1603804e-02;2.3250000e+02;-1.1652047e-03;2.3250000e+02;3.9627990e-03;2.3250000e+02;1.5211411e-02;2.3250000e+02;3.1517532e-02;2.3250000e+02;4.9475376e-02;2.3250000e+02;6.9395252e-02;2.3250000e+02;9.0874940e-02;2.3250000e+02;1.1236763e-01;2.3250000e+02;1.3305122e-01;2.3250000e+02;1.5503338e-01;2.3250000e+02;1.8200348e-01;2.3250000e+02;2.1040104e-01;2.3250000e+02;2.2602651e-01;2.3250000e+02;2.1498458e-01;2.3250000e+02;1.8171814e-01;2.3250000e+02;1.3461676e-01;2.3250000e+02;8.5766196e-02;2.3250000e+02;4.1603804e-02;2.3250000e+02;-1.1652047e-03;2.3250000e+02;3.9627990e-03;2.3250000e+02;1.5211411e-02;2.3250000e+02;3.1517532e-02;2.3250000e+02;4.9475376e-02;2.3250000e+02;6.9395252e-02;2.3250000e+02;9.0874940e-02;2.3250000e+02;1.1236763e-01;2.3250000e+02;1.3305122e-01;2.3250000e+02;1.5503338e-01;2.3250000e+02;1.8200348e-01;2.3250000e+02;2.1040104e-01;2.3250000e+02;2.2602651e-01;2.3250000e+02;2.1498458e-01;2.3250000e+02;1.8171814e-01;2.3250000e+02;1.3461676e-01;2.3250000e+02;8.5766196e-02;2.3250000e+02;4.1603804e-02;2.3250000e+02;-1.1652047e-03;2.3250000e+02;3.9627990e-03;2.3250000e+02;1.5211411e-02;2.3250000e+02;3.1517532e-02;2.3250000e+02;4.9475376e-02;2.3250000e+02;6.9395252e-02;2.3250000e+02;9.0874940e-02;2.3250000e+02;1.1236763e-01;2.3250000e+02;1.3305122e-01;2.3250000e+02;1.5503338e-01;2.3250000e+02;1.8200348e-01;2.3250000e+02;2.1040104e-01;2.3250000e+02;2.2602651e-01;2.3250000e+02;2.1498458e-01;2.3250000e+02;1.8171814e-01;2.3250000e+02;1.3461676e-01;2.3250000e+02;8.5766196e-02;2.3250000e+02;4.1603804e-02;2.3250000e+02;-1.1652047e-03;2.3250000e+02;3.9627990e-03;2.3250000e+02;1.5211411e-02;2.3250000e+02;3.1517532e-02;2.3250000e+02;4.9475376e-02;2.3250000e+02;6.9395252e-02;2.3250000e+02;9.0874940e-02;2.3250000e+02;1.1236763e-01;2.3250000e+02;1.3305122e-01;2.3250000e+02;1.5503338e-01;2.3250000e+02;1.8200348e-01;2.3250000e+02;2.1040104e-01;2.3250000e+02;2.2602651e-01;2.3250000e+02;2.1498458e-01;2.3250000e+02;1.8171814e-01;2.3250000e+02;1.3461676e-01;2.3250000e+02;8.5766196e-02;2.3250000e+02;4.1603804e-02;2.3250000e+02;-1.1652047e-03;2.3250000e+02;3.9627990e-03;2.3250000e+02;1.5211411e-02;2.3250000e+02;3.1517532e-02;2.3250000e+02;4.9475376e-02;2.3250000e+02;6.9395252e-02;2.3250000e+02;9.0874940e-02;2.3250000e+02;1.1236763e-01;2.3250000e+02;1.3305122e-01;2.3250000e+02;1.5503338e-01;2.3250000e+02;1.8200348e-01;2.3250000e+02;2.1040104e-01;2.3250000e+02;2.2602651e-01;2.3250000e+02;2.1498458e-01;2.3250000e+02;1.8171814e-01;2.3250000e+02;1.3461676e-01;2.3250000e+02;8.5766196e-02;2.3250000e+02;4.1603804e-02;2.3250000e+02;-1.1652047e-03;2.3250000e+02;3.9627990e-03;2.3250000e+02;1.5211411e-02;2.3250000e+02;3.1517532e-02;2.3250000e+02;4.9475376e-02;2.3250000e+02;6.9395252e-02;2.3250000e+02;9.0874940e-02;2.3250000e+02;1.1236763e-01;2.3250000e+02;1.3305122e-01;2.3250000e+02;1.5503338e-01;2.3250000e+02;1.8200348e-01;2.3250000e+02;2.1040104e-01;2.3250000e+02;2.2602651e-01;2.3250000e+02;2.1498458e-01;2.3250000e+02;1.8171814e-01;2.3250000e+02;1.3461676e-01;2.3250000e+02;8.5766196e-02;2.3250000e+02;4.1603804e-02;2.3250000e+02;-1.1652047e-03;2.3250000e+02;3.9627990e-03;2.3250000e+02;1.5211411e-02;2.3250000e+02;3.1517532e-02;2.3250000e+02;4.9475376e-02;2.3250000e+02;6.9395252e-02;2.3250000e+02;9.0874940e-02;2.3250000e+02;1.1236763e-01;2.3250000e+02;1.3305122e-01;2.3250000e+02;1.5503338e-01;2.3250000e+02;1.8200348e-01;2.3250000e+02;2.1040104e-01;2.3250000e+02;2.2602651e-01;2.3250000e+02;2.1498458e-01;2.3250000e+02;1.8171814e-01;2.3250000e+02;1.3461676e-01;2.3250000e+02;8.5766196e-02;2.3250000e+02;4.1603804e-02;2.3250000e+02;-1.1652047e-03;2.3250000e+02;3.9627990e-03;2.3250000e+02;1.5211411e-02;2.3250000e+02;3.1517532e-02;2.3250000e+02;4.9475376e-02;2.3250000e+02;6.9395252e-02;2.3250000e+02;9.0874940e-02;2.3250000e+02;1.1236763e-01;2.3250000e+02;1.3305122e-01;2.3250000e+02;1.5503338e-01;2.3250000e+02;1.8200348e-01;2.3250000e+02;2.1040104e-01;2.3250000e+02;2.2602651e-01;2.3250000e+02;2.1498458e-01;2.3250000e+02;1.8171814e-01;2.3250000e+02;1.3461676e-01;2.3250000e+02;8.5766196e-02;2.3250000e+02;4.1603804e-02;2.3250000e+02;-1.1652047e-03;2.3250000e+02;3.9627990e-03;2.3250000e+02;1.5211411e-02;2.3250000e+02;3.1517532e-02;2.3250000e+02;4.9475376e-02;2.3250000e+02;6.9395252e-02;2.3250000e+02;9.0874940e-02;2.3250000e+02;1.1236763e-01;2.3250000e+02;1.3305122e-01;2.3250000e+02;1.5503338e-01;2.3250000e+02;1.8200348e-01;2.3250000e+02;2.1040104e-01;2.3250000e+02;2.2602651e-01;2.3250000e+02;2.1498458e-01;2.3250000e+02;1.8171814e-01;2.3250000e+02;1.3461676e-01;2.3250000e+02;8.5766196e-02;2.3250000e+02;4.1603804e-02;2.3250000e+02;-1.1652047e-03;2.3250000e+02;3.9627990e-03;2.3250000e+02;1.5211411e-02;2.3250000e+02;3.1517532e-02;2.3250000e+02;4.9475376e-02;2.3250000e+02;6.9395252e-02;2.3250000e+02;9.0874940e-02;2.3250000e+02;1.1236763e-01;2.3250000e+02;1.3305122e-01;2.3250000e+02;1.5503338e-01;2.3250000e+02;1.8200348e-01;2.3250000e+02;2.1040104e-01;2.3250000e+02;2.2602651e-01;2.3250000e+02;2.1498458e-01;2.3250000e+02;1.8171814e-01;2.3250000e+02;1.3461676e-01;2.3250000e+02;8.5766196e-02;2.3250000e+02;4.1603804e-02;2.3250000e+02;-1.1652047e-03;2.3250000e+02;3.9627990e-03;2.3250000e+02;1.5211411e-02;2.3250000e+02;3.1517532e-02;2.3250000e+02;4.9475376e-02;2.3250000e+02;6.9395252e-02;2.3250000e+02;9.0874940e-02;2.3250000e+02;1.1236763e-01;2.3250000e+02;1.3305122e-01;2.3250000e+02;1.5503338e-01;2.3250000e+02;1.8200348e-01;2.3250000e+02;2.1040104e-01;2.3250000e+02;2.2602651e-01;2.3250000e+02;2.1498458e-01;2.3250000e+02;1.8171814e-01;2.3250000e+02;1.3461676e-01;2.3250000e+02;8.5766196e-02;2.3250000e+02;4.1603804e-02;2.3250000e+02;-1.1652047e-03;2.3250000e+02;3.9627990e-03;2.3250000e+02;1.5211411e-02;2.3250000e+02;3.1517532e-02;2.3250000e+02;4.9475376e-02;2.3250000e+02;6.9395252e-02;2.3250000e+02;9.0874940e-02;2.3250000e+02;1.1236763e-01;2.3250000e+02;1.3305122e-01;2.3250000e+02;1.5503338e-01;2.3250000e+02;1.8200348e-01;2.3250000e+02;2.1040104e-01;2.3250000e+02;2.2602651e-01;2.3250000e+02;2.1498458e-01;2.3250000e+02;1.8171814e-01;2.3250000e+02;1.3461676e-01;2.3250000e+02;8.5766196e-02;2.3250000e+02;4.1603804e-02;2.3250000e+02;-1.1652047e-03;2.3250000e+02;3.9627990e-03;2.3250000e+02;1.5211411e-02;2.3250000e+02;3.1517532e-02;2.3250000e+02;4.9475376e-02;2.3250000e+02;6.9395252e-02;2.3250000e+02;9.0874940e-02;2.3250000e+02;1.1236763e-01;2.3250000e+02;1.3305122e-01;2.3250000e+02;1.5503338e-01;2.3250000e+02;1.8200348e-01;2.3250000e+02;2.1040104e-01;2.3250000e+02;2.2602651e-01;2.3250000e+02;2.1498458e-01;2.3250000e+02;1.8171814e-01;2.3250000e+02;1.3461676e-01;2.3250000e+02;8.5766196e-02;2.3250000e+02;4.1603804e-02;2.3250000e+02;-1.1652047e-03;2.3250000e+02;3.9627990e-03;2.3250000e+02;1.5211411e-02;2.3250000e+02;3.1517532e-02;2.3250000e+02;4.9475376e-02;2.3250000e+02;6.9395252e-02;2.3250000e+02;9.0874940e-02;2.3250000e+02;1.1236763e-01;2.3250000e+02;1.3305122e-01;2.3250000e+02;1.5503338e-01;2.3250000e+02;1.8200348e-01;2.3250000e+02;2.1040104e-01;2.3250000e+02;2.2602651e-01;2.3250000e+02;2.1498458e-01;2.3250000e+02;1.8171814e-01;2.3250000e+02;1.3461676e-01;2.3250000e+02;8.5766196e-02;2.3250000e+02;4.1603804e-02;2.3250000e+02;-1.1652047e-03;2.3250000e+02;3.9627990e-03;2.3250000e+02;1.5211411e-02;2.3250000e+02;3.1517532e-02;2.3250000e+02;4.9475376e-02;2.3250000e+02;6.9395252e-02;2.3250000e+02;9.0874940e-02;2.3250000e+02;1.1236763e-01;2.3250000e+02;1.3305122e-01;2.3250000e+02;1.5503338e-01;2.3250000e+02;1.8200348e-01;2.3250000e+02;2.1040104e-01;2.3250000e+02;2.2602651e-01;2.3250000e+02;2.1498458e-01;2.3250000e+02;1.8171814e-01;2.3250000e+02;1.3461676e-01;2.3250000e+02;8.5766196e-02;2.3250000e+02;4.1603804e-02;2.3250000e+02;-1.1652047e-03;2.3250000e+02;3.9627990e-03;2.3250000e+02;1.5211411e-02;2.3250000e+02;3.1517532e-02;2.3250000e+02;4.9475376e-02;2.3250000e+02;6.9395252e-02;2.3250000e+02;9.0874940e-02;2.3250000e+02;1.1236763e-01;2.3250000e+02;1.3305122e-01;2.3250000e+02;1.5503338e-01;2.3250000e+02;1.8200348e-01;2.3250000e+02;2.1040104e-01;2.3250000e+02;2.2602651e-01;2.3250000e+02;2.1498458e-01;2.3250000e+02;1.8171814e-01;2.3250000e+02;1.3461676e-01;2.3250000e+02;8.5766196e-02;2.3250000e+02;4.1603804e-02;2.3250000e+02;-1.1652047e-03;2.3250000e+02;3.9627990e-03;2.3250000e+02;1.5211411e-02;2.3250000e+02;3.1517532e-02;2.3250000e+02;4.9475376e-02;2.3250000e+02;6.9395252e-02;2.3250000e+02;9.0874940e-02;2.3250000e+02;1.1236763e-01;2.3250000e+02;1.3305122e-01;2.3250000e+02;1.5503338e-01;2.3250000e+02;1.8200348e-01;2.3250000e+02;2.1040104e-01;2.3250000e+02;2.2602651e-01;2.3250000e+02;2.1498458e-01;2.3250000e+02;1.8171814e-01;2.3250000e+02;1.3461676e-01;2.3250000e+02;8.5766196e-02;2.3250000e+02;4.1603804e-02;2.3250000e+02;-1.1652047e-03;2.3250000e+02;3.9627990e-03;2.3250000e+02;1.5211411e-02;2.3250000e+02;3.1517532e-02;2.3250000e+02;4.9475376e-02;2.3250000e+02;6.9395252e-02;2.3250000e+02;9.0874940e-02;2.3250000e+02;1.1236763e-01;2.3250000e+02;1.3305122e-01;2.3250000e+02;1.5503338e-01;2.3250000e+02;1.8200348e-01;2.3250000e+02;2.1040104e-01;2.3250000e+02;2.2602651e-01;2.3250000e+02;2.1498458e-01;2.3250000e+02;1.8171814e-01;2.3250000e+02;1.3461676e-01;2.3250000e+02;8.5766196e-02;2.3250000e+02;4.1603804e-02;2.3250000e+02;-1.1652047e-03;2.3250000e+02;3.9627990e-03;2.3250000e+02;1.5211411e-02;2.3250000e+02;3.1517532e-02;2.3250000e+02;4.9475376e-02;2.3250000e+02;6.9395252e-02;2.3250000e+02;9.0874940e-02;2.3250000e+02;1.1236763e-01;2.3250000e+02;1.3305122e-01;2.3250000e+02;1.5503338e-01;2.3250000e+02;1.8200348e-01;2.3250000e+02;2.1040104e-01;2.3250000e+02;2.2602651e-01;2.3250000e+02;2.1498458e-01;2.3250000e+02;1.8171814e-01;2.3250000e+02;1.3461676e-01;2.3250000e+02;8.5766196e-02;2.3250000e+02;4.1603804e-02;2.3250000e+02;-1.1652047e-03;2.3250000e+02;3.9627990e-03;2.3250000e+02;1.5211411e-02;2.3250000e+02;3.1517532e-02;2.3250000e+02;4.9475376e-02;2.3250000e+02;6.9395252e-02;2.3250000e+02;9.0874940e-02;2.3250000e+02;1.1236763e-01;2.3250000e+02;1.3305122e-01;2.3250000e+02;1.5503338e-01;2.3250000e+02;1.8200348e-01;2.3250000e+02;2.1040104e-01;2.3250000e+02;2.2602651e-01;2.3250000e+02;2.1498458e-01;2.3250000e+02;1.8171814e-01;2.3250000e+02;1.3461676e-01;2.3250000e+02;8.5766196e-02;2.3250000e+02;4.1603804e-02;2.3250000e+02;-1.1652047e-03;2.3250000e+02;3.9627990e-03;2.3250000e+02;1.5211411e-02;2.3250000e+02;3.1517532e-02;2.3250000e+02;4.9475376e-02;2.3250000e+02;6.9395252e-02;2.3250000e+02;9.0874940e-02;2.3250000e+02;1.1236763e-01;2.3250000e+02;1.3305122e-01;2.3250000e+02;1.5503338e-01;2.3250000e+02;1.8200348e-01;2.3250000e+02;2.1040104e-01;2.3250000e+02;2.2602651e-01;2.3250000e+02;2.1498458e-01;2.3250000e+02;1.8171814e-01;2.3250000e+02;1.3461676e-01;2.3250000e+02;8.5766196e-02;2.3250000e+02;4.1603804e-02;2.3250000e+02;-1.1652047e-03;2.3250000e+02;3.9627990e-03;2.3250000e+02;1.5211411e-02;2.3250000e+02;3.1517532e-02;2.3250000e+02;4.9475376e-02;2.3250000e+02;6.9395252e-02;2.3250000e+02;9.0874940e-02;2.3250000e+02;1.1236763e-01;2.3250000e+02;1.3305122e-01;2.3250000e+02;1.5503338e-01;2.3250000e+02;1.8200348e-01;2.3250000e+02;2.1040104e-01;2.3250000e+02;2.2602651e-01;2.3250000e+02;2.1498458e-01;2.3250000e+02;1.8171814e-01;2.3250000e+02;1.3461676e-01;2.3250000e+02;8.5766196e-02;2.3250000e+02;4.1603804e-02;2.3250000e+02;-1.1652047e-03;2.3250000e+02;3.9627990e-03;2.3250000e+02;1.5211411e-02;2.3250000e+02;3.1517532e-02;2.3250000e+02;4.9475376e-02;2.3250000e+02;6.9395252e-02;2.3250000e+02;9.0874940e-02;2.3250000e+02;1.1236763e-01;2.3250000e+02;1.3305122e-01;2.3250000e+02;1.5503338e-01;2.3250000e+02;1.8200348e-01;2.3250000e+02;2.1040104e-01;2.3250000e+02;2.2602651e-01;2.3250000e+02;2.1498458e-01;2.3250000e+02;1.8171814e-01;2.3250000e+02;1.3461676e-01;2.3250000e+02;8.5766196e-02;2.3250000e+02;4.1603804e-02;2.3250000e+02;-1.1652047e-03;2.3250000e+02;3.9627990e-03;2.3250000e+02;1.5211411e-02;2.3250000e+02;3.1517532e-02;2.3250000e+02;4.9475376e-02;2.3250000e+02;6.9395252e-02;2.3250000e+02;9.0874940e-02;2.3250000e+02;1.1236763e-01;2.3250000e+02;1.3305122e-01;2.3250000e+02;1.5503338e-01;2.3250000e+02;1.8200348e-01;2.3250000e+02;2.1040104e-01;2.3250000e+02;2.2602651e-01;2.3250000e+02;2.1498458e-01;2.3250000e+02;1.8171814e-01;2.3250000e+02;1.3461676e-01;2.3250000e+02;8.5766196e-02;2.3250000e+02;4.1603804e-02;2.3250000e+02;-1.1652047e-03;2.3250000e+02;3.9627990e-03;2.3250000e+02;1.5211411e-02;2.3250000e+02;3.1517532e-02;2.3250000e+02;4.9475376e-02;2.3250000e+02;6.9395252e-02;2.3250000e+02;9.0874940e-02;2.3250000e+02;1.1236763e-01;2.3250000e+02;1.3305122e-01;2.3250000e+02;1.5503338e-01;2.3250000e+02;1.8200348e-01;2.3250000e+02;2.1040104e-01;2.3250000e+02;2.2602651e-01;2.3250000e+02;2.1498458e-01;2.3250000e+02;1.8171814e-01;2.3250000e+02;1.3461676e-01;2.3250000e+02;8.5766196e-02;2.3250000e+02;4.1603804e-02;2.3250000e+02;-1.1652047e-03;2.3250000e+02;3.9627990e-03;2.3250000e+02;1.5211411e-02;2.3250000e+02;3.1517532e-02;2.3250000e+02;4.9475376e-02;2.3250000e+02;6.9395252e-02;2.3250000e+02;9.0874940e-02;2.3250000e+02;1.1236763e-01;2.3250000e+02;1.3305122e-01;2.3250000e+02;1.5503338e-01;2.3250000e+02;1.8200348e-01;2.3250000e+02;2.1040104e-01;2.3250000e+02;2.2602651e-01;2.3250000e+02;2.1498458e-01;2.3250000e+02;1.8171814e-01;2.3250000e+02;1.3461676e-01;2.3250000e+02;8.5766196e-02;2.3250000e+02;4.1603804e-02;2.3250000e+02;-1.1652047e-03;2.3250000e+02;3.9627990e-03;2.3250000e+02;1.5211411e-02;2.3250000e+02;3.1517532e-02;2.3250000e+02;4.9475376e-02;2.3250000e+02;6.9395252e-02;2.3250000e+02;9.0874940e-02;2.3250000e+02;1.1236763e-01;2.3250000e+02;1.3305122e-01;2.3250000e+02;1.5503338e-01;2.3250000e+02;1.8200348e-01;2.3250000e+02;2.1040104e-01;2.3250000e+02;2.2602651e-01;2.3250000e+02;2.1498458e-01;2.3250000e+02;1.8171814e-01;2.3250000e+02;1.3461676e-01;2.3250000e+02;8.5766196e-02;2.3250000e+02;4.1603804e-02;2.3250000e+02;-1.1652047e-03;2.3250000e+02;3.9627990e-03;2.3250000e+02;1.5211411e-02;2.3250000e+02;3.1517532e-02;2.3250000e+02;4.9475376e-02;2.3250000e+02;6.9395252e-02;2.3250000e+02;9.0874940e-02;2.3250000e+02;1.1236763e-01;2.3250000e+02;1.3305122e-01;2.3250000e+02;1.5503338e-01;2.3250000e+02;1.8200348e-01;2.3250000e+02;2.1040104e-01;2.3250000e+02;2.2602651e-01;2.3250000e+02;2.1498458e-01;2.3250000e+02;1.8171814e-01;2.3250000e+02;1.3461676e-01;2.3250000e+02;8.5766196e-02;2.3250000e+02;4.1603804e-02;2.3250000e+02;-1.1652047e-03;2.3250000e+02;3.9627990e-03;2.3250000e+02;1.5211411e-02;2.3250000e+02;3.1517532e-02;2.3250000e+02;4.9475376e-02;2.3250000e+02;6.9395252e-02;2.3250000e+02;9.0874940e-02;2.3250000e+02;1.1236763e-01;2.3250000e+02;1.3305122e-01;2.3250000e+02;1.5503338e-01;2.3250000e+02;1.8200348e-01;2.3250000e+02;2.1040104e-01;2.3250000e+02;2.2602651e-01;2.3250000e+02;2.1498458e-01;2.3250000e+02;1.8171814e-01;2.3250000e+02;1.3461676e-01;2.3250000e+02;8.5766196e-02;2.3250000e+02;4.1603804e-02;2.3250000e+02;-1.1652047e-03;2.3250000e+02;3.9627990e-03;2.3250000e+02;1.5211411e-02;2.3250000e+02;3.1517532e-02;2.3250000e+02;4.9475376e-02;2.3250000e+02;6.9395252e-02;2.3250000e+02;9.0874940e-02;2.3250000e+02;1.1236763e-01;2.3250000e+02;1.3305122e-01;2.3250000e+02;1.5503338e-01;2.3250000e+02;1.8200348e-01;2.3250000e+02;2.1040104e-01;2.3250000e+02;2.2602651e-01;2.3250000e+02;2.1498458e-01;2.3250000e+02;1.8171814e-01;2.3250000e+02;1.3461676e-01;2.3250000e+02;8.5766196e-02;2.3250000e+02;4.1603804e-02;2.3250000e+02;-1.1652047e-03;2.3250000e+02;3.9627990e-03;2.3250000e+02;1.5211411e-02;2.3250000e+02;3.1517532e-02;2.3250000e+02;4.9475376e-02;2.3250000e+02;6.9395252e-02;2.3250000e+02;9.0874940e-02;2.3250000e+02;1.1236763e-01;2.3250000e+02;1.3305122e-01;2.3250000e+02;1.5503338e-01;2.3250000e+02;1.8200348e-01;2.3250000e+02;2.1040104e-01;2.3250000e+02;2.2602651e-01;2.3250000e+02;2.1498458e-01;2.3250000e+02;1.8171814e-01;2.3250000e+02;1.3461676e-01;2.3250000e+02;8.5766196e-02;2.3250000e+02;4.1603804e-02;2.3250000e+02;-1.1652047e-03;2.3250000e+02;3.9627990e-03;2.3250000e+02;1.5211411e-02;2.3250000e+02;3.1517532e-02;2.3250000e+02;4.9475376e-02;2.3250000e+02;6.9395252e-02;2.3250000e+02;9.0874940e-02;2.3250000e+02;1.1236763e-01;2.3250000e+02;1.3305122e-01;2.3250000e+02;1.5503338e-01;2.3250000e+02;1.8200348e-01;2.3250000e+02;2.1040104e-01;2.3250000e+02;2.2602651e-01;2.3250000e+02;2.1498458e-01;2.3250000e+02;1.8171814e-01;2.3250000e+02;1.3461676e-01;2.3250000e+02;8.5766196e-02;2.3250000e+02;4.1603804e-02;2.3250000e+02;-1.1652047e-03;2.3250000e+02;3.9627990e-03;2.3250000e+02;1.5211411e-02;2.3250000e+02;3.1517532e-02;2.3250000e+02;4.9475376e-02;2.3250000e+02;6.9395252e-02;2.3250000e+02;9.0874940e-02;2.3250000e+02;1.1236763e-01;2.3250000e+02;1.3305122e-01;2.3250000e+02;1.5503338e-01;2.3250000e+02;1.8200348e-01;2.3250000e+02;2.1040104e-01;2.3250000e+02;2.2602651e-01;2.3250000e+02;2.1498458e-01;2.3250000e+02;1.8171814e-01;2.3250000e+02;1.3461676e-01;2.3250000e+02;8.5766196e-02;2.3250000e+02;4.1603804e-02;2.3250000e+02;-1.1652047e-03;2.3250000e+02;3.9627990e-03;2.3250000e+02;1.5211411e-02;2.3250000e+02;3.1517532e-02;2.3250000e+02;4.9475376e-02;2.3250000e+02;6.9395252e-02;2.3250000e+02;9.0874940e-02;2.3250000e+02;1.1236763e-01;2.3250000e+02;1.3305122e-01;2.3250000e+02;1.5503338e-01;2.3250000e+02;1.8200348e-01;2.3250000e+02;2.1040104e-01;2.3250000e+02;2.2602651e-01;2.3250000e+02;2.1498458e-01;2.3250000e+02;1.8171814e-01;2.3250000e+02;1.3461676e-01;2.3250000e+02;8.5766196e-02;2.3250000e+02;4.1603804e-02;2.3250000e+02;-1.1652047e-03;2.3250000e+02;3.9627990e-03;2.3250000e+02;1.5211411e-02;2.3250000e+02;3.1517532e-02;2.3250000e+02;4.9475376e-02;2.3250000e+02;6.9395252e-02;2.3250000e+02;9.0874940e-02;2.3250000e+02;1.1236763e-01;2.3250000e+02;1.3305122e-01;2.3250000e+02;1.5503338e-01;2.3250000e+02;1.8200348e-01;2.3250000e+02;2.1040104e-01;2.3250000e+02;2.2602651e-01;2.3250000e+02;2.1498458e-01;2.3250000e+02;1.8171814e-01;2.3250000e+02;1.3461676e-01;2.3250000e+02;8.5766196e-02;2.3250000e+02;4.1603804e-02;2.3250000e+02;-1.1652047e-03;2.3250000e+02;3.9627990e-03;2.3250000e+02;1.5211411e-02;2.3250000e+02;3.1517532e-02;2.3250000e+02;4.9475376e-02;2.3250000e+02;6.9395252e-02;2.3250000e+02;9.0874940e-02;2.3250000e+02;1.1236763e-01;2.3250000e+02;1.3305122e-01;2.3250000e+02;1.5503338e-01;2.3250000e+02;1.8200348e-01;2.3250000e+02;2.1040104e-01;2.3250000e+02;2.2602651e-01;2.3250000e+02;2.1498458e-01;2.3250000e+02;1.8171814e-01;2.3250000e+02;1.3461676e-01;2.3250000e+02;8.5766196e-02;2.3250000e+02;4.1603804e-02;2.3250000e+02;-1.1652047e-03;2.3250000e+02;3.9627990e-03;2.3250000e+02;1.5211411e-02;2.3250000e+02;3.1517532e-02;2.3250000e+02;4.9475376e-02;2.3250000e+02;6.9395252e-02;2.3250000e+02;9.0874940e-02;2.3250000e+02;1.1236763e-01;2.3250000e+02;1.3305122e-01;2.3250000e+02;1.5503338e-01;2.3250000e+02;1.8200348e-01;2.3250000e+02;2.1040104e-01;2.3250000e+02;2.2602651e-01;2.3250000e+02;2.1498458e-01;2.3250000e+02;1.8171814e-01;2.3250000e+02;1.3461676e-01;2.3250000e+02;8.5766196e-02;2.3250000e+02;4.1603804e-02;2.3250000e+02;-1.1652047e-03;2.3250000e+02;3.9627990e-03;2.3250000e+02;1.5211411e-02;2.3250000e+02;3.1517532e-02;2.3250000e+02;4.9475376e-02;2.3250000e+02;6.9395252e-02;2.3250000e+02;9.0874940e-02;2.3250000e+02;1.1236763e-01;2.3250000e+02;1.3305122e-01;2.3250000e+02;1.5503338e-01;2.3250000e+02;1.8200348e-01;2.3250000e+02;2.1040104e-01;2.3250000e+02;2.2602651e-01;2.3250000e+02;2.1498458e-01;2.3250000e+02;1.8171814e-01;2.3250000e+02;1.3461676e-01;2.3250000e+02;8.5766196e-02;2.3250000e+02;4.1603804e-02;2.3250000e+02;-1.1652047e-03;2.3250000e+02;3.9627990e-03;2.3250000e+02;1.5211411e-02;2.3250000e+02;3.1517532e-02;2.3250000e+02;4.9475376e-02;2.3250000e+02;6.9395252e-02;2.3250000e+02;9.0874940e-02;2.3250000e+02;1.1236763e-01;2.3250000e+02;1.3305122e-01;2.3250000e+02;1.5503338e-01;2.3250000e+02;1.8200348e-01;2.3250000e+02;2.1040104e-01;2.3250000e+02;2.2602651e-01;2.3250000e+02;2.1498458e-01;2.3250000e+02;1.8171814e-01;2.3250000e+02;1.3461676e-01;2.3250000e+02;8.5766196e-02;2.3250000e+02;4.1603804e-02;2.3250000e+02;-1.1652047e-03;2.3250000e+02;3.9627990e-03;2.3250000e+02;1.5211411e-02;2.3250000e+02;3.1517532e-02;2.3250000e+02;4.9475376e-02;2.3250000e+02;6.9395252e-02;2.3250000e+02;9.0874940e-02;2.3250000e+02;1.1236763e-01;2.3250000e+02;1.3305122e-01;2.3250000e+02;1.5503338e-01;2.3250000e+02;1.8200348e-01;2.3250000e+02;2.1040104e-01;2.3250000e+02;2.2602651e-01;2.3250000e+02;2.1498458e-01;2.3250000e+02;1.8171814e-01;2.3250000e+02;1.3461676e-01;2.3250000e+02;8.5766196e-02;2.3250000e+02;4.1603804e-02;2.3250000e+02;-1.1652047e-03;2.3250000e+02;3.9627990e-03;2.3250000e+02;1.5211411e-02;2.3250000e+02;3.1517532e-02;2.3250000e+02;4.9475376e-02;2.3250000e+02;6.9395252e-02;2.3250000e+02;9.0874940e-02;2.3250000e+02;1.1236763e-01;2.3250000e+02;1.3305122e-01;2.3250000e+02;1.5503338e-01;2.3250000e+02;1.8200348e-01;2.3250000e+02;2.1040104e-01;2.3250000e+02;2.2602651e-01;2.3250000e+02;2.1498458e-01;2.3250000e+02;1.8171814e-01;2.3250000e+02;1.3461676e-01;2.3250000e+02;8.5766196e-02;2.3250000e+02;4.1603804e-02;2.3250000e+02;-1.1652047e-03;2.3250000e+02;3.9627990e-03;2.3250000e+02;1.5211411e-02;2.3250000e+02;3.1517532e-02;2.3250000e+02;4.9475376e-02;2.3250000e+02;6.9395252e-02;2.3250000e+02;9.0874940e-02;2.3250000e+02;1.1236763e-01;2.3250000e+02;1.3305122e-01;2.3250000e+02;1.5503338e-01;2.3250000e+02;1.8200348e-01;2.3250000e+02;2.1040104e-01;2.3250000e+02;2.2602651e-01;2.3250000e+02;2.1498458e-01;2.3250000e+02;1.8171814e-01;2.3250000e+02;1.3461676e-01;2.3250000e+02;8.5766196e-02;2.3250000e+02;4.1603804e-02;2.3250000e+02;-1.1652047e-03;2.3250000e+02;3.9627990e-03;2.3250000e+02;1.5211411e-02;2.3250000e+02;3.1517532e-02;2.3250000e+02;4.9475376e-02;2.3250000e+02;6.9395252e-02;2.3250000e+02;9.0874940e-02;2.3250000e+02;1.1236763e-01;2.3250000e+02;1.3305122e-01;2.3250000e+02;1.5503338e-01;2.3250000e+02;1.8200348e-01;2.3250000e+02;2.1040104e-01;2.3250000e+02;2.2602651e-01;2.3250000e+02;2.1498458e-01;2.3250000e+02;1.8171814e-01;2.3250000e+02;1.3461676e-01;2.3250000e+02;8.5766196e-02;2.3250000e+02;4.1603804e-02;2.3250000e+02;-1.1652047e-03;2.3250000e+02;3.9627990e-03;2.3250000e+02;1.5211411e-02;2.3250000e+02;3.1517532e-02;2.3250000e+02;4.9475376e-02;2.3250000e+02;6.9395252e-02;2.3250000e+02;9.0874940e-02;2.3250000e+02;1.1236763e-01;2.3250000e+02;1.3305122e-01;2.3250000e+02;1.5503338e-01;2.3250000e+02;1.8200348e-01;2.3250000e+02;2.1040104e-01;2.3250000e+02;2.2602651e-01;2.3250000e+02;2.1498458e-01;2.3250000e+02;1.8171814e-01;2.3250000e+02;1.3461676e-01;2.3250000e+02;8.5766196e-02;2.3250000e+02;4.1603804e-02;2.3250000e+02;-1.1652047e-03;2.3250000e+02;3.9627990e-03;2.3250000e+02;1.5211411e-02;2.3250000e+02;3.1517532e-02;2.3250000e+02;4.9475376e-02;2.3250000e+02;6.9395252e-02;2.3250000e+02;9.0874940e-02;2.3250000e+02;1.1236763e-01;2.3250000e+02;1.3305122e-01;2.3250000e+02;1.5503338e-01;2.3250000e+02;1.8200348e-01;2.3250000e+02;2.1040104e-01;2.3250000e+02;2.2602651e-01;2.3250000e+02;2.1498458e-01;2.3250000e+02;1.8171814e-01;2.3250000e+02;1.3461676e-01;2.3250000e+02;8.5766196e-02;2.3250000e+02;4.1603804e-02;2.3250000e+02;-1.1652047e-03;2.3250000e+02;3.9627990e-03;2.3250000e+02;1.5211411e-02;2.3250000e+02;3.1517532e-02;2.3250000e+02;4.9475376e-02;2.3250000e+02;6.9395252e-02;2.3250000e+02;9.0874940e-02;2.3250000e+02;1.1236763e-01;2.3250000e+02;1.3305122e-01;2.3250000e+02;1.5503338e-01;2.3250000e+02;1.8200348e-01;2.3250000e+02;2.1040104e-01;2.3250000e+02;2.2602651e-01;2.3250000e+02;2.1498458e-01;2.3250000e+02;1.8171814e-01;2.3250000e+02;1.3461676e-01;2.3250000e+02;8.5766196e-02;2.3250000e+02;4.1603804e-02;2.3250000e+02;-1.1652047e-03;2.3250000e+02;3.9627990e-03;2.3250000e+02;1.5211411e-02;2.3250000e+02;3.1517532e-02;2.3250000e+02;4.9475376e-02;2.3250000e+02;6.9395252e-02;2.3250000e+02;9.0874940e-02;2.3250000e+02;1.1236763e-01;2.3250000e+02;1.3305122e-01;2.3250000e+02;1.5503338e-01;2.3250000e+02;1.8200348e-01;2.3250000e+02;2.1040104e-01;2.3250000e+02;2.2602651e-01;2.3250000e+02;2.1498458e-01;2.3250000e+02;1.8171814e-01;2.3250000e+02;1.3461676e-01;2.3250000e+02;8.5766196e-02;2.3250000e+02;4.1603804e-02;2.3250000e+02;-1.1652047e-03;2.3250000e+02;3.9627990e-03;2.3250000e+02;1.5211411e-02;2.3250000e+02;3.1517532e-02;2.3250000e+02;4.9475376e-02;2.3250000e+02;6.9395252e-02;2.3250000e+02;9.0874940e-02;2.3250000e+02;1.1236763e-01;2.3250000e+02;1.3305122e-01;2.3250000e+02;1.5503338e-01;2.3250000e+02;1.8200348e-01;2.3250000e+02;2.1040104e-01;2.3250000e+02;2.2602651e-01;2.3250000e+02;2.1498458e-01;2.3250000e+02;1.8171814e-01;2.3250000e+02;1.3461676e-01;2.3250000e+02;8.5766196e-02;2.3250000e+02;4.1603804e-02;2.3250000e+02;-1.1652047e-03;2.3250000e+02;3.9627990e-03;2.3250000e+02;1.5211411e-02;2.3250000e+02;3.1517532e-02;2.3250000e+02;4.9475376e-02;2.3250000e+02;6.9395252e-02;2.3250000e+02;9.0874940e-02;2.3250000e+02;1.1236763e-01;2.3250000e+02;1.3305122e-01;2.3250000e+02;1.5503338e-01;2.3250000e+02;1.8200348e-01;2.3250000e+02;2.1040104e-01;2.3250000e+02;2.2602651e-01;2.3250000e+02;2.1498458e-01;2.3250000e+02;1.8171814e-01;2.3250000e+02;1.3461676e-01;2.3250000e+02;8.5766196e-02;2.3250000e+02;4.1603804e-02;2.3250000e+02;-1.1652047e-03;2.3250000e+02;3.9627990e-03;2.3250000e+02;1.5211411e-02;2.3250000e+02;3.1517532e-02;2.3250000e+02;4.9475376e-02;2.3250000e+02;6.9395252e-02;2.3250000e+02;9.0874940e-02;2.3250000e+02;1.1236763e-01;2.3250000e+02;1.3305122e-01;2.3250000e+02;1.5503338e-01;2.3250000e+02;1.8200348e-01;2.3250000e+02;2.1040104e-01;2.3250000e+02;2.2602651e-01;2.3250000e+02;2.1498458e-01;2.3250000e+02;1.8171814e-01;2.3250000e+02;1.3461676e-01;2.3250000e+02;8.5766196e-02;2.3250000e+02;4.1603804e-02;2.3250000e+02;-1.1652047e-03;2.3250000e+02;3.9627990e-03;2.3250000e+02;1.5211411e-02;2.3250000e+02;3.1517532e-02;2.3250000e+02;4.9475376e-02;2.3250000e+02;6.9395252e-02;2.3250000e+02;9.0874940e-02;2.3250000e+02;1.1236763e-01;2.3250000e+02;1.3305122e-01;2.3250000e+02;1.5503338e-01;2.3250000e+02;1.8200348e-01;2.3250000e+02;2.1040104e-01;2.3250000e+02;2.2602651e-01;2.3250000e+02;2.1498458e-01;2.3250000e+02;1.8171814e-01;2.3250000e+02;1.3461676e-01;2.3250000e+02;8.5766196e-02;2.3250000e+02;4.1603804e-02;2.3250000e+02;-1.1652047e-03;2.3250000e+02;3.9627990e-03;2.3250000e+02;1.5211411e-02;2.3250000e+02;3.1517532e-02;2.3250000e+02;4.9475376e-02;2.3250000e+02;6.9395252e-02;2.3250000e+02;9.0874940e-02;2.3250000e+02;1.1236763e-01;2.3250000e+02;1.3305122e-01;2.3250000e+02;1.5503338e-01;2.3250000e+02;1.8200348e-01;2.3250000e+02;2.1040104e-01;2.3250000e+02;2.2602651e-01;2.3250000e+02;2.1498458e-01;2.3250000e+02;1.8171814e-01;2.3250000e+02;1.3461676e-01;2.3250000e+02;8.5766196e-02;2.3250000e+02;4.1603804e-02;2.3250000e+02;-1.1652047e-03;2.3250000e+02;3.9627990e-03;2.3250000e+02;1.5211411e-02;2.3250000e+02;3.1517532e-02;2.3250000e+02;4.9475376e-02;2.3250000e+02;6.9395252e-02;2.3250000e+02;9.0874940e-02;2.3250000e+02;1.1236763e-01;2.3250000e+02;1.3305122e-01;2.3250000e+02;1.5503338e-01;2.3250000e+02;1.8200348e-01;2.3250000e+02;2.1040104e-01;2.3250000e+02;2.2602651e-01;2.3250000e+02;2.1498458e-01;2.3250000e+02;1.8171814e-01;2.3250000e+02;1.3461676e-01;2.3250000e+02;8.5766196e-02;2.3250000e+02;4.1603804e-02;2.3250000e+02;-1.1652047e-03;2.3250000e+02;3.9627990e-03;2.3250000e+02;1.5211411e-02;2.3250000e+02;3.1517532e-02;2.3250000e+02;4.9475376e-02;2.3250000e+02;6.9395252e-02;2.3250000e+02;9.0874940e-02;2.3250000e+02;1.1236763e-01;2.3250000e+02;1.3305122e-01;2.3250000e+02;1.5503338e-01;2.3250000e+02;1.8200348e-01;2.3250000e+02;2.1040104e-01;2.3250000e+02;2.2602651e-01;2.3250000e+02;2.1498458e-01;2.3250000e+02;1.8171814e-01;2.3250000e+02;1.3461676e-01;2.3250000e+02;8.5766196e-02;2.3250000e+02;4.1603804e-02;2.3250000e+02;-1.1652047e-03;2.3250000e+02;3.9627990e-03;2.3250000e+02;1.5211411e-02;2.3250000e+02;3.1517532e-02;2.3250000e+02;4.9475376e-02;2.3250000e+02;6.9395252e-02;2.3250000e+02;9.0874940e-02;2.3250000e+02;1.1236763e-01;2.3250000e+02;1.3305122e-01;2.3250000e+02;1.5503338e-01;2.3250000e+02;1.8200348e-01;2.3250000e+02;2.1040104e-01;2.3250000e+02;2.2602651e-01;2.3250000e+02;2.1498458e-01;2.3250000e+02;1.8171814e-01;2.3250000e+02;1.3461676e-01;2.3250000e+02;8.5766196e-02;2.3250000e+02;4.1603804e-02;2.3250000e+02;-1.1652047e-03;2.3250000e+02;3.9627990e-03;2.3250000e+02;1.5211411e-02;2.3250000e+02;3.1517532e-02;2.3250000e+02;4.9475376e-02;2.3250000e+02;6.9395252e-02;2.3250000e+02;9.0874940e-02;2.3250000e+02;1.1236763e-01;2.3250000e+02;1.3305122e-01;2.3250000e+02;1.5503338e-01;2.3250000e+02;1.8200348e-01;2.3250000e+02;2.1040104e-01;2.3250000e+02;2.2602651e-01;2.3250000e+02;2.1498458e-01;2.3250000e+02;1.8171814e-01;2.3250000e+02;1.3461676e-01;2.3250000e+02;8.5766196e-02;2.3250000e+02;4.1603804e-02;2.3250000e+02;-1.1652047e-03;2.3250000e+02;3.9627990e-03;2.3250000e+02;1.5211411e-02;2.3250000e+02;3.1517532e-02;2.3250000e+02;4.9475376e-02;2.3250000e+02;6.9395252e-02;2.3250000e+02;9.0874940e-02;2.3250000e+02;1.1236763e-01;2.3250000e+02;1.3305122e-01;2.3250000e+02;1.5503338e-01;2.3250000e+02;1.8200348e-01;2.3250000e+02;2.1040104e-01;2.3250000e+02;2.2602651e-01;2.3250000e+02;2.1498458e-01;2.3250000e+02;1.8171814e-01;2.3250000e+02;1.3461676e-01;2.3250000e+02;8.5766196e-02;2.3250000e+02;4.1603804e-02;2.3250000e+02;-1.1652047e-03;2.3250000e+02;3.9627990e-03;2.3250000e+02;1.5211411e-02;2.3250000e+02;3.1517532e-02;2.3250000e+02;4.9475376e-02;2.3250000e+02;6.9395252e-02;2.3250000e+02;9.0874940e-02;2.3250000e+02;1.1236763e-01;2.3250000e+02;1.3305122e-01;2.3250000e+02;1.5503338e-01;2.3250000e+02;1.8200348e-01;2.3250000e+02;2.1040104e-01;2.3250000e+02;2.2602651e-01;2.3250000e+02;2.1498458e-01;2.3250000e+02;1.8171814e-01;2.3250000e+02;1.3461676e-01;2.3250000e+02;8.5766196e-02;2.3250000e+02;4.1603804e-02;2.3250000e+02;-1.1652047e-03;2.3250000e+02;3.9627990e-03;2.3250000e+02;1.5211411e-02;2.3250000e+02;3.1517532e-02;2.3250000e+02;4.9475376e-02;2.3250000e+02;6.9395252e-02;2.3250000e+02;9.0874940e-02;2.3250000e+02;1.1236763e-01;2.3250000e+02;1.3305122e-01;2.3250000e+02;1.5503338e-01;2.3250000e+02;1.8200348e-01;2.3250000e+02;2.1040104e-01;2.3250000e+02;2.2602651e-01;2.3250000e+02;2.1498458e-01;2.3250000e+02;1.8171814e-01;2.3250000e+02;1.3461676e-01;2.3250000e+02;8.5766196e-02;2.3250000e+02;4.1603804e-02;2.3250000e+02;-1.1652047e-03;2.3250000e+02;3.9627990e-03;2.3250000e+02;1.5211411e-02;2.3250000e+02;3.1517532e-02;2.3250000e+02;4.9475376e-02;2.3250000e+02;6.9395252e-02;2.3250000e+02;9.0874940e-02;2.3250000e+02;1.1236763e-01;2.3250000e+02;1.3305122e-01;2.3250000e+02;1.5503338e-01;2.3250000e+02;1.8200348e-01;2.3250000e+02;2.1040104e-01;2.3250000e+02;2.2602651e-01;2.3250000e+02;2.1498458e-01;2.3250000e+02;1.8171814e-01;2.3250000e+02;1.3461676e-01;2.3250000e+02;8.5766196e-02;2.3250000e+02;4.1603804e-02;2.3250000e+02;-1.1652047e-03;2.3250000e+02;3.9627990e-03;2.3250000e+02;1.5211411e-02;2.3250000e+02;3.1517532e-02;2.3250000e+02;4.9475376e-02;2.3250000e+02;6.9395252e-02;2.3250000e+02;9.0874940e-02;2.3250000e+02;1.1236763e-01;2.3250000e+02;1.3305122e-01;2.3250000e+02;1.5503338e-01;2.3250000e+02;1.8200348e-01;2.3250000e+02;2.1040104e-01;2.3250000e+02;2.2602651e-01;2.3250000e+02;2.1498458e-01;2.3250000e+02;1.8171814e-01;2.3250000e+02;1.3461676e-01;2.3250000e+02;8.5766196e-02;2.3250000e+02;4.1603804e-02;2.3250000e+02;-1.1652047e-03;2.3250000e+02;3.9627990e-03;2.3250000e+02;1.5211411e-02;2.3250000e+02;3.1517532e-02;2.3250000e+02;4.9475376e-02;2.3250000e+02;6.9395252e-02;2.3250000e+02;9.0874940e-02;2.3250000e+02;1.1236763e-01;2.3250000e+02;1.3305122e-01;2.3250000e+02;1.5503338e-01;2.3250000e+02;1.8200348e-01;2.3250000e+02;2.1040104e-01;2.3250000e+02;2.2602651e-01;2.3250000e+02;2.1498458e-01;2.3250000e+02;1.8171814e-01;2.3250000e+02;1.3461676e-01;2.3250000e+02;8.5766196e-02;2.3250000e+02;4.1603804e-02;2.3250000e+02;-1.1652047e-03;2.3250000e+02;3.9627990e-03;2.3250000e+02;1.5211411e-02;2.3250000e+02;3.1517532e-02;2.3250000e+02;4.9475376e-02;2.3250000e+02;6.9395252e-02;2.3250000e+02;9.0874940e-02;2.3250000e+02;1.1236763e-01;2.3250000e+02;1.3305122e-01;2.3250000e+02;1.5503338e-01;2.3250000e+02;1.8200348e-01;2.3250000e+02;2.1040104e-01;2.3250000e+02;2.2602651e-01;2.3250000e+02;2.1498458e-01;2.3250000e+02;1.8171814e-01;2.3250000e+02;1.3461676e-01;2.3250000e+02;8.5766196e-02;2.3250000e+02;4.1603804e-02;2.3250000e+02;-1.1652047e-03;2.3250000e+02;3.9627990e-03;2.3250000e+02;1.5211411e-02;2.3250000e+02;3.1517532e-02;2.3250000e+02;4.9475376e-02;2.3250000e+02;6.9395252e-02;2.3250000e+02;9.0874940e-02;2.3250000e+02;1.1236763e-01;2.3250000e+02;1.3305122e-01;2.3250000e+02;1.5503338e-01;2.3250000e+02;1.8200348e-01;2.3250000e+02;2.1040104e-01;2.3250000e+02;2.2602651e-01;2.3250000e+02;2.1498458e-01;2.3250000e+02;1.8171814e-01;2.3250000e+02;1.3461676e-01;2.3250000e+02;8.5766196e-02;2.3250000e+02;4.1603804e-02;2.3250000e+02;-1.1652047e-03;2.3250000e+02;3.9627990e-03;2.3250000e+02;1.5211411e-02;2.3250000e+02;3.1517532e-02;2.3250000e+02;4.9475376e-02;2.3250000e+02;6.9395252e-02;2.3250000e+02;9.0874940e-02;2.3250000e+02;1.1236763e-01;2.3250000e+02;1.3305122e-01;2.3250000e+02;1.5503338e-01;2.3250000e+02;1.8200348e-01;2.3250000e+02;2.1040104e-01;2.3250000e+02;2.2602651e-01;2.3250000e+02;2.1498458e-01;2.3250000e+02;1.8171814e-01;2.3250000e+02;1.3461676e-01;2.3250000e+02;8.5766196e-02;2.3250000e+02;4.1603804e-02;2.3250000e+02;-1.1652047e-03;2.3250000e+02;3.9627990e-03;2.3250000e+02;1.5211411e-02;2.3250000e+02;3.1517532e-02;2.3250000e+02;4.9475376e-02;2.3250000e+02;6.9395252e-02;2.3250000e+02;9.0874940e-02;2.3250000e+02;1.1236763e-01;2.3250000e+02;1.3305122e-01;2.3250000e+02;1.5503338e-01;2.3250000e+02;1.8200348e-01;2.3250000e+02;2.1040104e-01;2.3250000e+02;2.2602651e-01;2.3250000e+02;2.1498458e-01;2.3250000e+02;1.8171814e-01;2.3250000e+02;1.3461676e-01;2.3250000e+02;8.5766196e-02;2.3250000e+02;4.1603804e-02;2.3250000e+02;-1.1652047e-03;2.3250000e+02;3.9627990e-03;2.3250000e+02;1.5211411e-02;2.3250000e+02;3.1517532e-02;2.3250000e+02;4.9475376e-02;2.3250000e+02;6.9395252e-02;2.3250000e+02;9.0874940e-02;2.3250000e+02;1.1236763e-01;2.3250000e+02;1.3305122e-01;2.3250000e+02;1.5503338e-01;2.3250000e+02;1.8200348e-01;2.3250000e+02;2.1040104e-01;2.3250000e+02;2.2602651e-01;2.3250000e+02;2.1498458e-01;2.3250000e+02;1.8171814e-01;2.3250000e+02;1.3461676e-01;2.3250000e+02;8.5766196e-02;2.3250000e+02;4.1603804e-02;2.3250000e+02;-1.1652047e-03;2.3250000e+02;3.9627990e-03;2.3250000e+02;1.5211411e-02;2.3250000e+02;3.1517532e-02;2.3250000e+02;4.9475376e-02;2.3250000e+02;6.9395252e-02;2.3250000e+02;9.0874940e-02;2.3250000e+02;1.1236763e-01;2.3250000e+02;1.3305122e-01;2.3250000e+02;1.5503338e-01;2.3250000e+02;1.8200348e-01;2.3250000e+02;2.1040104e-01;2.3250000e+02;2.2602651e-01;2.3250000e+02;2.1498458e-01;2.3250000e+02;1.8171814e-01;2.3250000e+02;1.3461676e-01;2.3250000e+02;8.5766196e-02;2.3250000e+02;4.1603804e-02;2.3250000e+02;-1.1652047e-03;2.3250000e+02;3.9627990e-03;2.3250000e+02;1.5211411e-02;2.3250000e+02;3.1517532e-02;2.3250000e+02;4.9475376e-02;2.3250000e+02;6.9395252e-02;2.3250000e+02;9.0874940e-02;2.3250000e+02;1.1236763e-01;2.3250000e+02;1.3305122e-01;2.3250000e+02;1.5503338e-01;2.3250000e+02;1.8200348e-01;2.3250000e+02;2.1040104e-01;2.3250000e+02;2.2602651e-01;2.3250000e+02;2.1498458e-01;2.3250000e+02;1.8171814e-01;2.3250000e+02;1.3461676e-01;2.3250000e+02;8.5766196e-02;2.3250000e+02;4.1603804e-02;2.3250000e+02;-1.1652047e-03;2.3250000e+02;3.9627990e-03;2.3250000e+02;1.5211411e-02;2.3250000e+02;3.1517532e-02;2.3250000e+02;4.9475376e-02;2.3250000e+02;6.9395252e-02;2.3250000e+02;9.0874940e-02;2.3250000e+02;1.1236763e-01;2.3250000e+02;1.3305122e-01;2.3250000e+02;1.5503338e-01;2.3250000e+02;1.8200348e-01;2.3250000e+02;2.1040104e-01;2.3250000e+02;2.2602651e-01;2.3250000e+02;2.1498458e-01;2.3250000e+02;1.8171814e-01;2.3250000e+02;1.3461676e-01;2.3250000e+02;8.5766196e-02;2.3250000e+02;4.1603804e-02;2.3250000e+02;-1.1652047e-03;2.3250000e+02;3.9627990e-03;2.3250000e+02;1.5211411e-02;2.3250000e+02;3.1517532e-02;2.3250000e+02;4.9475376e-02;2.3250000e+02;6.9395252e-02;2.3250000e+02;9.0874940e-02;2.3250000e+02;1.1236763e-01;2.3250000e+02;1.3305122e-01;2.3250000e+02;1.5503338e-01;2.3250000e+02;1.8200348e-01;2.3250000e+02;2.1040104e-01;2.3250000e+02;2.2602651e-01;2.3250000e+02;2.1498458e-01;2.3250000e+02;1.8171814e-01;2.3250000e+02;1.3461676e-01;2.3250000e+02;8.5766196e-02;2.3250000e+02;4.1603804e-02;2.3250000e+02;-1.1652047e-03;2.3250000e+02;3.9627990e-03;2.3250000e+02;1.5211411e-02;2.3250000e+02;3.1517532e-02;2.3250000e+02;4.9475376e-02;2.3250000e+02;6.9395252e-02;2.3250000e+02;9.0874940e-02;2.3250000e+02;1.1236763e-01;2.3250000e+02;1.3305122e-01;2.3250000e+02;1.5503338e-01;2.3250000e+02;1.8200348e-01;2.3250000e+02;2.1040104e-01;2.3250000e+02;2.2602651e-01;2.3250000e+02;2.1498458e-01;2.3250000e+02;1.8171814e-01;2.3250000e+02;1.3461676e-01;2.3250000e+02;8.5766196e-02;2.3250000e+02;4.1603804e-02;2.3250000e+02;-1.1652047e-03;2.3250000e+02;3.9627990e-03;2.3250000e+02;1.5211411e-02;2.3250000e+02;3.1517532e-02;2.3250000e+02;4.9475376e-02;2.3250000e+02;6.9395252e-02;2.3250000e+02;9.0874940e-02;2.3250000e+02;1.1236763e-01;2.3250000e+02;1.3305122e-01;2.3250000e+02;1.5503338e-01;2.3250000e+02;1.8200348e-01;2.3250000e+02;2.1040104e-01;2.3250000e+02;2.2602651e-01;2.3250000e+02;2.1498458e-01;2.3250000e+02;1.8171814e-01;2.3250000e+02;1.3461676e-01;2.3250000e+02;8.5766196e-02;2.3250000e+02;4.1603804e-02;2.3250000e+02;-1.1652047e-03;2.3250000e+02;3.9627990e-03;2.3250000e+02;1.5211411e-02;2.3250000e+02;3.1517532e-02;2.3250000e+02;4.9475376e-02;2.3250000e+02;6.9395252e-02;2.3250000e+02;9.0874940e-02;2.3250000e+02;1.1236763e-01;2.3250000e+02;1.3305122e-01;2.3250000e+02;1.5503338e-01;2.3250000e+02;1.8200348e-01;2.3250000e+02;2.1040104e-01;2.3250000e+02;2.2602651e-01;2.3250000e+02;2.1498458e-01;2.3250000e+02;1.8171814e-01;2.3250000e+02;1.3461676e-01;2.3250000e+02;8.5766196e-02;2.3250000e+02;4.1603804e-02;2.3250000e+02;-1.1652047e-03;2.3250000e+02;3.9627990e-03;2.3250000e+02;1.5211411e-02;2.3250000e+02;3.1517532e-02;2.3250000e+02;4.9475376e-02;2.3250000e+02;6.9395252e-02;2.3250000e+02;9.0874940e-02;2.3250000e+02;1.1236763e-01;2.3250000e+02;1.3305122e-01;2.3250000e+02;1.5503338e-01;2.3250000e+02;1.8200348e-01;2.3250000e+02;2.1040104e-01;2.3250000e+02;2.2602651e-01;2.3250000e+02;2.1498458e-01;2.3250000e+02;1.8171814e-01;2.3250000e+02;1.3461676e-01;2.3250000e+02;8.5766196e-02;2.3250000e+02;4.1603804e-02;2.3250000e+02;-1.1652047e-03;2.3250000e+02;3.9627990e-03;2.3250000e+02;1.5211411e-02;2.3250000e+02;3.1517532e-02;2.3250000e+02;4.9475376e-02;2.3250000e+02;6.9395252e-02;2.3250000e+02;9.0874940e-02;2.3250000e+02;1.1236763e-01;2.3250000e+02;1.3305122e-01;2.3250000e+02;1.5503338e-01;2.3250000e+02;1.8200348e-01;2.3250000e+02;2.1040104e-01;2.3250000e+02;2.2602651e-01;2.3250000e+02;2.1498458e-01;2.3250000e+02;1.8171814e-01;2.3250000e+02;1.3461676e-01;2.3250000e+02;8.5766196e-02;2.3250000e+02;4.1603804e-02;2.3250000e+02;-1.1652047e-03;2.3250000e+02;3.9627990e-03;2.3250000e+02;1.5211411e-02;2.3250000e+02;3.1517532e-02;2.3250000e+02;4.9475376e-02;2.3250000e+02;6.9395252e-02;2.3250000e+02;9.0874940e-02;2.3250000e+02;1.1236763e-01;2.3250000e+02;1.3305122e-01;2.3250000e+02;1.5503338e-01;2.3250000e+02;1.8200348e-01;2.3250000e+02;2.1040104e-01;2.3250000e+02;2.2602651e-01;2.3250000e+02;2.1498458e-01;2.3250000e+02;1.8171814e-01;2.3250000e+02;1.3461676e-01;2.3250000e+02;8.5766196e-02;2.3250000e+02;4.1603804e-02;2.3250000e+02;-1.1652047e-03;2.3250000e+02;3.9627990e-03;2.3250000e+02;1.5211411e-02;2.3250000e+02;3.1517532e-02;2.3250000e+02;4.9475376e-02;2.3250000e+02;6.9395252e-02;2.3250000e+02;9.0874940e-02;2.3250000e+02;1.1236763e-01;2.3250000e+02;1.3305122e-01;2.3250000e+02;1.5503338e-01;2.3250000e+02;1.8200348e-01;2.3250000e+02;2.1040104e-01;2.3250000e+02;2.2602651e-01;2.3250000e+02;2.1498458e-01;2.3250000e+02;1.8171814e-01;2.3250000e+02;1.3461676e-01;2.3250000e+02;8.5766196e-02;2.3250000e+02;4.1603804e-02;2.3250000e+02;-1.1652047e-03;2.3250000e+02;3.9627990e-03;2.3250000e+02;1.5211411e-02;2.3250000e+02;3.1517532e-02;2.3250000e+02;4.9475376e-02;2.3250000e+02;6.9395252e-02;2.3250000e+02;9.0874940e-02;2.3250000e+02;1.1236763e-01;2.3250000e+02;1.3305122e-01;2.3250000e+02;1.5503338e-01;2.3250000e+02;1.8200348e-01;2.3250000e+02;2.1040104e-01;2.3250000e+02;2.2602651e-01;2.3250000e+02;2.1498458e-01;2.3250000e+02;1.8171814e-01;2.3250000e+02;1.3461676e-01;2.3250000e+02;8.5766196e-02;2.3250000e+02;4.1603804e-02;2.3250000e+02;-1.1652047e-03;2.3250000e+02;3.9627990e-03;2.3250000e+02;1.5211411e-02;2.3250000e+02;3.1517532e-02;2.3250000e+02;4.9475376e-02;2.3250000e+02;6.9395252e-02;2.3250000e+02;9.0874940e-02;2.3250000e+02;1.1236763e-01;2.3250000e+02;1.3305122e-01;2.3250000e+02;1.5503338e-01;2.3250000e+02;1.8200348e-01;2.3250000e+02;2.1040104e-01;2.3250000e+02;2.2602651e-01;2.3250000e+02;2.1498458e-01;2.3250000e+02;1.8171814e-01;2.3250000e+02;1.3461676e-01;2.3250000e+02;8.5766196e-02;2.3250000e+02;4.1603804e-02;2.3250000e+02;-1.1652047e-03;2.3250000e+02;3.9627990e-03;2.3250000e+02;1.5211411e-02;2.3250000e+02;3.1517532e-02;2.3250000e+02;4.9475376e-02;2.3250000e+02;6.9395252e-02;2.3250000e+02;9.0874940e-02;2.3250000e+02;1.1236763e-01;2.3250000e+02;1.3305122e-01;2.3250000e+02;1.5503338e-01;2.3250000e+02;1.8200348e-01;2.3250000e+02;2.1040104e-01;2.3250000e+02;2.2602651e-01;2.3250000e+02;2.1498458e-01;2.3250000e+02;1.8171814e-01;2.3250000e+02;1.3461676e-01;2.3250000e+02;8.5766196e-02;2.3250000e+02;4.1603804e-02;2.3250000e+02;-1.1652047e-03;2.3250000e+02;3.9627990e-03;2.3250000e+02;1.5211411e-02;2.3250000e+02;3.1517532e-02;2.3250000e+02;4.9475376e-02;2.3250000e+02;6.9395252e-02;2.3250000e+02;9.0874940e-02;2.3250000e+02;1.1236763e-01;2.3250000e+02;1.3305122e-01;2.3250000e+02;1.5503338e-01;2.3250000e+02;1.8200348e-01;2.3250000e+02;2.1040104e-01;2.3250000e+02;2.2602651e-01;2.3250000e+02;2.1498458e-01;2.3250000e+02;1.8171814e-01;2.3250000e+02;1.3461676e-01;2.3250000e+02;8.5766196e-02;2.3250000e+02;4.1603804e-02;2.3250000e+02;-1.1652047e-03;2.3250000e+02;3.9627990e-03;2.3250000e+02;1.5211411e-02;2.3250000e+02;3.1517532e-02;2.3250000e+02;4.9475376e-02;2.3250000e+02;6.9395252e-02;2.3250000e+02;9.0874940e-02;2.3250000e+02;1.1236763e-01;2.3250000e+02;1.3305122e-01;2.3250000e+02;1.5503338e-01;2.3250000e+02;1.8200348e-01;2.3250000e+02;2.1040104e-01;2.3250000e+02;2.2602651e-01;2.3250000e+02;2.1498458e-01;2.3250000e+02;1.8171814e-01;2.3250000e+02;1.3461676e-01;2.3250000e+02;8.5766196e-02;2.3250000e+02;4.1603804e-02;2.3250000e+02;-1.1652047e-03;2.3250000e+02;3.9627990e-03;2.3250000e+02;1.5211411e-02;2.3250000e+02;3.1517532e-02;2.3250000e+02;4.9475376e-02;2.3250000e+02;6.9395252e-02;2.3250000e+02;9.0874940e-02;2.3250000e+02;1.1236763e-01;2.3250000e+02;1.3305122e-01;2.3250000e+02;1.5503338e-01;2.3250000e+02;1.8200348e-01;2.3250000e+02;2.1040104e-01;2.3250000e+02;2.2602651e-01;2.3250000e+02;2.1498458e-01;2.3250000e+02;1.8171814e-01;2.3250000e+02;1.3461676e-01;2.3250000e+02;8.5766196e-02;2.3250000e+02;4.1603804e-02;2.3250000e+02;-1.1652047e-03;2.3250000e+02;3.9627990e-03;2.3250000e+02;1.5211411e-02;2.3250000e+02;3.1517532e-02;2.3250000e+02;4.9475376e-02;2.3250000e+02;6.9395252e-02;2.3250000e+02;9.0874940e-02;2.3250000e+02;1.1236763e-01;2.3250000e+02;1.3305122e-01;2.3250000e+02;1.5503338e-01;2.3250000e+02;1.8200348e-01;2.3250000e+02;2.1040104e-01;2.3250000e+02;2.2602651e-01;2.3250000e+02;2.1498458e-01;2.3250000e+02;1.8171814e-01;2.3250000e+02;1.3461676e-01;2.3250000e+02;8.5766196e-02;2.3250000e+02;4.1603804e-02;2.3250000e+02;-1.1652047e-03;2.3250000e+02;3.9627990e-03;2.3250000e+02;1.5211411e-02;2.3250000e+02;3.1517532e-02;2.3250000e+02;4.9475376e-02;2.3250000e+02;6.9395252e-02;2.3250000e+02;9.0874940e-02;2.3250000e+02;1.1236763e-01;2.3250000e+02;1.3305122e-01;2.3250000e+02;1.5503338e-01;2.3250000e+02;1.8200348e-01;2.3250000e+02;2.1040104e-01;2.3250000e+02;2.2602651e-01;2.3250000e+02;2.1498458e-01;2.3250000e+02;1.8171814e-01;2.3250000e+02;1.3461676e-01;2.3250000e+02;8.5766196e-02;2.3250000e+02;4.1603804e-02;2.3250000e+02;-1.1652047e-03;2.3250000e+02;3.9627990e-03;2.3250000e+02;1.5211411e-02;2.3250000e+02;3.1517532e-02;2.3250000e+02;4.9475376e-02;2.3250000e+02;6.9395252e-02;2.3250000e+02;9.0874940e-02;2.3250000e+02;1.1236763e-01;2.3250000e+02;1.3305122e-01;2.3250000e+02;1.5503338e-01;2.3250000e+02;1.8200348e-01;2.3250000e+02;2.1040104e-01;2.3250000e+02;2.2602651e-01;2.3250000e+02;2.1498458e-01;2.3250000e+02;1.8171814e-01;2.3250000e+02;1.3461676e-01;2.3250000e+02;8.5766196e-02;2.3250000e+02;4.1603804e-02;2.3250000e+02;-1.1652047e-03;2.3250000e+02;3.9627990e-03;2.3250000e+02;1.5211411e-02;2.3250000e+02;3.1517532e-02;2.3250000e+02;4.9475376e-02;2.3250000e+02;6.9395252e-02;2.3250000e+02;9.0874940e-02;2.3250000e+02;1.1236763e-01;2.3250000e+02;1.3305122e-01;2.3250000e+02;1.5503338e-01;2.3250000e+02;1.8200348e-01;2.3250000e+02;2.1040104e-01;2.3250000e+02;2.2602651e-01;2.3250000e+02;2.1498458e-01;2.3250000e+02;1.8171814e-01;2.3250000e+02;1.3461676e-01;2.3250000e+02;8.5766196e-02;2.3250000e+02;4.1603804e-02;2.3250000e+02;-1.1652047e-03;2.3250000e+02;3.9627990e-03;2.3250000e+02;1.5211411e-02;2.3250000e+02;3.1517532e-02;2.3250000e+02;4.9475376e-02;2.3250000e+02;6.9395252e-02;2.3250000e+02;9.0874940e-02;2.3250000e+02;1.1236763e-01;2.3250000e+02;1.3305122e-01;2.3250000e+02;1.5503338e-01;2.3250000e+02;1.8200348e-01;2.3250000e+02;2.1040104e-01;2.3250000e+02;2.2602651e-01;2.3250000e+02;2.1498458e-01;2.3250000e+02;1.8171814e-01;2.3250000e+02;1.3461676e-01;2.3250000e+02;8.5766196e-02;2.3250000e+02;4.1603804e-02;2.3250000e+02;-1.1652047e-03;2.3250000e+02;3.9627990e-03;2.3250000e+02;1.5211411e-02;2.3250000e+02;3.1517532e-02;2.3250000e+02;4.9475376e-02;2.3250000e+02;6.9395252e-02;2.3250000e+02;9.0874940e-02;2.3250000e+02;1.1236763e-01;2.3250000e+02;1.3305122e-01;2.3250000e+02;1.5503338e-01;2.3250000e+02;1.8200348e-01;2.3250000e+02;2.1040104e-01;2.3250000e+02;2.2602651e-01;2.3250000e+02;2.1498458e-01;2.3250000e+02;1.8171814e-01;2.3250000e+02;1.3461676e-01;2.3250000e+02;8.5766196e-02;2.3250000e+02;4.1603804e-02;2.3250000e+02;-1.1652047e-03;2.3250000e+02;3.9627990e-03;2.3250000e+02;1.5211411e-02;2.3250000e+02;3.1517532e-02;2.3250000e+02;4.9475376e-02;2.3250000e+02;6.9395252e-02;2.3250000e+02;9.0874940e-02;2.3250000e+02;1.1236763e-01;2.3250000e+02;1.3305122e-01;2.3250000e+02;1.5503338e-01;2.3250000e+02;1.8200348e-01;2.3250000e+02;2.1040104e-01;2.3250000e+02;2.2602651e-01;2.3250000e+02;2.1498458e-01;2.3250000e+02;1.8171814e-01;2.3250000e+02;1.3461676e-01;2.3250000e+02;8.5766196e-02;2.3250000e+02;4.1603804e-02;2.3250000e+02;-1.1652047e-03;2.3250000e+02;3.9627990e-03;2.3250000e+02;1.5211411e-02;2.3250000e+02;3.1517532e-02;2.3250000e+02;4.9475376e-02;2.3250000e+02;6.9395252e-02;2.3250000e+02;9.0874940e-02;2.3250000e+02;1.1236763e-01;2.3250000e+02;1.3305122e-01;2.3250000e+02;1.5503338e-01;2.3250000e+02;1.8200348e-01;2.3250000e+02;2.1040104e-01;2.3250000e+02;2.2602651e-01;2.3250000e+02;2.1498458e-01;2.3250000e+02;1.8171814e-01;2.3250000e+02;1.3461676e-01;2.3250000e+02;8.5766196e-02;2.3250000e+02;4.1603804e-02;2.3250000e+02;-1.1652047e-03;2.3250000e+02;3.9627990e-03;2.3250000e+02;1.5211411e-02;2.3250000e+02;3.1517532e-02;2.3250000e+02;4.9475376e-02;2.3250000e+02;6.9395252e-02;2.3250000e+02;9.0874940e-02;2.3250000e+02;1.1236763e-01;2.3250000e+02;1.3305122e-01;2.3250000e+02;1.5503338e-01;2.3250000e+02;1.8200348e-01;2.3250000e+02;2.1040104e-01;2.3250000e+02;2.2602651e-01;2.3250000e+02;2.1498458e-01;2.3250000e+02;1.8171814e-01;2.3250000e+02;1.3461676e-01;2.3250000e+02;8.5766196e-02;2.3250000e+02;4.1603804e-02;2.3250000e+02;-1.1652047e-03;2.3250000e+02;3.9627990e-03;2.3250000e+02;1.5211411e-02;2.3250000e+02;3.1517532e-02;2.3250000e+02;4.9475376e-02;2.3250000e+02;6.9395252e-02;2.3250000e+02;9.0874940e-02;2.3250000e+02;1.1236763e-01;2.3250000e+02;1.3305122e-01;2.3250000e+02;1.5503338e-01;2.3250000e+02;1.8200348e-01;2.3250000e+02;2.1040104e-01;2.3250000e+02;2.2602651e-01;2.3250000e+02;2.1498458e-01;2.3250000e+02;1.8171814e-01;2.3250000e+02;1.3461676e-01;2.3250000e+02;8.5766196e-02;2.3250000e+02;4.1603804e-02;2.3250000e+02;-1.1652047e-03;2.3250000e+02;3.9627990e-03;2.3250000e+02;1.5211411e-02;2.3250000e+02;3.1517532e-02;2.3250000e+02;4.9475376e-02;2.3250000e+02;6.9395252e-02;2.3250000e+02;9.0874940e-02;2.3250000e+02;1.1236763e-01;2.3250000e+02;1.3305122e-01;2.3250000e+02;1.5503338e-01;2.3250000e+02;1.8200348e-01;2.3250000e+02;2.1040104e-01;2.3250000e+02;2.2602651e-01;2.3250000e+02;2.1498458e-01;2.3250000e+02;1.8171814e-01;2.3250000e+02;1.3461676e-01;2.3250000e+02;8.5766196e-02;2.3250000e+02;4.1603804e-02;2.3250000e+02;-1.1652047e-03;2.3250000e+02;3.9627990e-03;2.3250000e+02;1.5211411e-02;2.3250000e+02;3.1517532e-02;2.3250000e+02;4.9475376e-02;2.3250000e+02;6.9395252e-02;2.3250000e+02;9.0874940e-02;2.3250000e+02;1.1236763e-01;2.3250000e+02;1.3305122e-01;2.3250000e+02;1.5503338e-01;2.3250000e+02;1.8200348e-01;2.3250000e+02;2.1040104e-01;2.3250000e+02;2.2602651e-01;2.3250000e+02;2.1498458e-01;2.3250000e+02;1.8171814e-01;2.3250000e+02;1.3461676e-01;2.3250000e+02;8.5766196e-02;2.3250000e+02;4.1603804e-02;2.3250000e+02;-1.1652047e-03;2.3250000e+02;3.9627990e-03;2.3250000e+02;1.5211411e-02;2.3250000e+02;3.1517532e-02;2.3250000e+02;4.9475376e-02;2.3250000e+02;6.9395252e-02;2.3250000e+02;9.0874940e-02;2.3250000e+02;1.1236763e-01;2.3250000e+02;1.3305122e-01;2.3250000e+02;1.5503338e-01;2.3250000e+02;1.8200348e-01;2.3250000e+02;2.1040104e-01;2.3250000e+02;2.2602651e-01;2.3250000e+02;2.1498458e-01;2.3250000e+02;1.8171814e-01;2.3250000e+02;1.3461676e-01;2.3250000e+02;8.5766196e-02;2.3250000e+02;4.1603804e-02;2.3250000e+02;-1.1652047e-03;2.3250000e+02;3.9627990e-03;2.3250000e+02;1.5211411e-02;2.3250000e+02;3.1517532e-02;2.3250000e+02;4.9475376e-02;2.3250000e+02;6.9395252e-02;2.3250000e+02;9.0874940e-02;2.3250000e+02;1.1236763e-01;2.3250000e+02;1.3305122e-01;2.3250000e+02;1.5503338e-01;2.3250000e+02;1.8200348e-01;2.3250000e+02;2.1040104e-01;2.3250000e+02;2.2602651e-01;2.3250000e+02;2.1498458e-01;2.3250000e+02;1.8171814e-01;2.3250000e+02;1.3461676e-01;2.3250000e+02;8.5766196e-02;2.3250000e+02;4.1603804e-02;2.3250000e+02;-1.1652047e-03;2.3250000e+02;3.9627990e-03;2.3250000e+02;1.5211411e-02;2.3250000e+02;3.1517532e-02;2.3250000e+02;4.9475376e-02;2.3250000e+02;6.9395252e-02;2.3250000e+02;9.0874940e-02;2.3250000e+02;1.1236763e-01;2.3250000e+02;1.3305122e-01;2.3250000e+02;1.5503338e-01;2.3250000e+02;1.8200348e-01;2.3250000e+02;2.1040104e-01;2.3250000e+02;2.2602651e-01;2.3250000e+02;2.1498458e-01;2.3250000e+02;1.8171814e-01;2.3250000e+02;1.3461676e-01;2.3250000e+02;8.5766196e-02;2.3250000e+02;4.1603804e-02;2.3250000e+02;-1.1652047e-03;2.3250000e+02;3.9627990e-03;2.3250000e+02;1.5211411e-02;2.3250000e+02;3.1517532e-02;2.3250000e+02;4.9475376e-02;2.3250000e+02;6.9395252e-02;2.3250000e+02;9.0874940e-02;2.3250000e+02;1.1236763e-01;2.3250000e+02;1.3305122e-01;2.3250000e+02;1.5503338e-01;2.3250000e+02;1.8200348e-01;2.3250000e+02;2.1040104e-01;2.3250000e+02;2.2602651e-01;2.3250000e+02;2.1498458e-01;2.3250000e+02;1.8171814e-01;2.3250000e+02;1.3461676e-01;2.3250000e+02;8.5766196e-02;2.3250000e+02;4.1603804e-02;2.3250000e+02;-1.1652047e-03;2.3250000e+02;3.9627990e-03;2.3250000e+02;1.5211411e-02;2.3250000e+02;3.1517532e-02;2.3250000e+02;4.9475376e-02;2.3250000e+02;6.9395252e-02;2.3250000e+02;9.0874940e-02;2.3250000e+02;1.1236763e-01;2.3250000e+02;1.3305122e-01;2.3250000e+02;1.5503338e-01;2.3250000e+02;1.8200348e-01;2.3250000e+02;2.1040104e-01;2.3250000e+02;2.2602651e-01;2.3250000e+02;2.1498458e-01;2.3250000e+02;1.8171814e-01;2.3250000e+02;1.3461676e-01;2.3250000e+02;8.5766196e-02;2.3250000e+02;4.1603804e-02;2.3250000e+02;-1.1652047e-03;2.3250000e+02;3.9627990e-03;2.3250000e+02;1.5211411e-02;2.3250000e+02;3.1517532e-02;2.3250000e+02;4.9475376e-02;2.3250000e+02;6.9395252e-02;2.3250000e+02;9.0874940e-02;2.3250000e+02;1.1236763e-01;2.3250000e+02;1.3305122e-01;2.3250000e+02;1.5503338e-01;2.3250000e+02;1.8200348e-01;2.3250000e+02;2.1040104e-01;2.3250000e+02;2.2602651e-01;2.3250000e+02;2.1498458e-01;2.3250000e+02;1.8171814e-01;2.3250000e+02;1.3461676e-01;2.3250000e+02;8.5766196e-02;2.3250000e+02;4.1603804e-02;2.3250000e+02;-1.1652047e-03;2.3250000e+02;3.9627990e-03;2.3250000e+02;1.5211411e-02;2.3250000e+02;3.1517532e-02;2.3250000e+02;4.9475376e-02;2.3250000e+02;6.9395252e-02;2.3250000e+02;9.0874940e-02;2.3250000e+02;1.1236763e-01;2.3250000e+02;1.3305122e-01;2.3250000e+02;1.5503338e-01;2.3250000e+02;1.8200348e-01;2.3250000e+02;2.1040104e-01;2.3250000e+02;2.2602651e-01;2.3250000e+02;2.1498458e-01;2.3250000e+02;1.8171814e-01;2.3250000e+02;1.3461676e-01;2.3250000e+02;8.5766196e-02;2.3250000e+02;4.1603804e-02;2.3250000e+02;-1.1652047e-03;2.3250000e+02;3.9627990e-03;2.3250000e+02;1.5211411e-02;2.3250000e+02;3.1517532e-02;2.3250000e+02;4.9475376e-02;2.3250000e+02;6.9395252e-02;2.3250000e+02;9.0874940e-02;2.3250000e+02;1.1236763e-01;2.3250000e+02;1.3305122e-01;2.3250000e+02;1.5503338e-01;2.3250000e+02;1.8200348e-01;2.3250000e+02;2.1040104e-01;2.3250000e+02;2.2602651e-01;2.3250000e+02;2.1498458e-01;2.3250000e+02;1.8171814e-01;2.3250000e+02;1.3461676e-01;2.3250000e+02;8.5766196e-02;2.3250000e+02;4.1603804e-02;2.3250000e+02;-1.1652047e-03;2.3250000e+02;3.9627990e-03;2.3250000e+02;1.5211411e-02;2.3250000e+02;3.1517532e-02;2.3250000e+02;4.9475376e-02;2.3250000e+02;6.9395252e-02;2.3250000e+02;9.0874940e-02;2.3250000e+02;1.1236763e-01;2.3250000e+02;1.3305122e-01;2.3250000e+02;1.5503338e-01;2.3250000e+02;1.8200348e-01;2.3250000e+02;2.1040104e-01;2.3250000e+02;2.2602651e-01;2.3250000e+02;2.1498458e-01;2.3250000e+02;1.8171814e-01;2.3250000e+02;1.3461676e-01;2.3250000e+02;8.5766196e-02;2.3250000e+02;4.1603804e-02;2.3250000e+02;-1.1652047e-03;2.3250000e+02;3.9627990e-03;2.3250000e+02;1.5211411e-02;2.3250000e+02;3.1517532e-02;2.3250000e+02;4.9475376e-02;2.3250000e+02;6.9395252e-02;2.3250000e+02;9.0874940e-02;2.3250000e+02;1.1236763e-01;2.3250000e+02;1.3305122e-01;2.3250000e+02;1.5503338e-01;2.3250000e+02;1.8200348e-01;2.3250000e+02;2.1040104e-01;2.3250000e+02;2.2602651e-01;2.3250000e+02;2.1498458e-01;2.3250000e+02;1.8171814e-01;2.3250000e+02;1.3461676e-01;2.3250000e+02;8.5766196e-02;2.3250000e+02;4.1603804e-02;2.3250000e+02;-1.1652047e-03;2.3250000e+02;3.9627990e-03;2.3250000e+02;1.5211411e-02;2.3250000e+02;3.1517532e-02;2.3250000e+02;4.9475376e-02;2.3250000e+02;6.9395252e-02;2.3250000e+02;9.0874940e-02;2.3250000e+02;1.1236763e-01;2.3250000e+02;1.3305122e-01;2.3250000e+02;1.5503338e-01;2.3250000e+02;1.8200348e-01;2.3250000e+02;2.1040104e-01;2.3250000e+02;2.2602651e-01;2.3250000e+02;2.1498458e-01;2.3250000e+02;1.8171814e-01;2.3250000e+02;1.3461676e-01;2.3250000e+02;8.5766196e-02;2.3250000e+02;4.1603804e-02;2.3250000e+02;-1.1652047e-03;2.3250000e+02;3.9627990e-03;2.3250000e+02;1.5211411e-02;2.3250000e+02;3.1517532e-02;2.3250000e+02;4.9475376e-02;2.3250000e+02;6.9395252e-02;2.3250000e+02;9.0874940e-02;2.3250000e+02;1.1236763e-01;2.3250000e+02;1.3305122e-01;2.3250000e+02;1.5503338e-01;2.3250000e+02;1.8200348e-01;2.3250000e+02;2.1040104e-01;2.3250000e+02;2.2602651e-01;2.3250000e+02;2.1498458e-01;2.3250000e+02;1.8171814e-01;2.3250000e+02;1.3461676e-01;2.3250000e+02;8.5766196e-02;2.3250000e+02;4.1603804e-02;2.3250000e+02;-1.1652047e-03;2.3250000e+02;3.9627990e-03;2.3250000e+02;1.5211411e-02;2.3250000e+02;3.1517532e-02;2.3250000e+02;4.9475376e-02;2.3250000e+02;6.9395252e-02;2.3250000e+02;9.0874940e-02;2.3250000e+02;1.1236763e-01;2.3250000e+02;1.3305122e-01;2.3250000e+02;1.5503338e-01;2.3250000e+02;1.8200348e-01;2.3250000e+02;2.1040104e-01;2.3250000e+02;2.2602651e-01;2.3250000e+02;2.1498458e-01;2.3250000e+02;1.8171814e-01;2.3250000e+02;1.3461676e-01;2.3250000e+02;8.5766196e-02;2.3250000e+02;4.1603804e-02;2.3250000e+02;-1.1652047e-03;2.3250000e+02;3.9627990e-03;2.3250000e+02;1.5211411e-02;2.3250000e+02;3.1517532e-02;2.3250000e+02;4.9475376e-02;2.3250000e+02;6.9395252e-02;2.3250000e+02;9.0874940e-02;2.3250000e+02;1.1236763e-01;2.3250000e+02;1.3305122e-01;2.3250000e+02;1.5503338e-01;2.3250000e+02;1.8200348e-01;2.3250000e+02;2.1040104e-01;2.3250000e+02;2.2602651e-01;2.3250000e+02;2.1498458e-01;2.3250000e+02;1.8171814e-01;2.3250000e+02;1.3461676e-01;2.3250000e+02;8.5766196e-02;2.3250000e+02;4.1603804e-02;2.3250000e+02;-1.1652047e-03;2.3250000e+02;3.9627990e-03;2.3250000e+02;1.5211411e-02;2.3250000e+02;3.1517532e-02;2.3250000e+02;4.9475376e-02;2.3250000e+02;6.9395252e-02;2.3250000e+02;9.0874940e-02;2.3250000e+02;1.1236763e-01;2.3250000e+02;1.3305122e-01;2.3250000e+02;1.5503338e-01;2.3250000e+02;1.8200348e-01;2.3250000e+02;2.1040104e-01;2.3250000e+02;2.2602651e-01;2.3250000e+02;2.1498458e-01;2.3250000e+02;1.8171814e-01;2.3250000e+02;1.3461676e-01;2.3250000e+02;8.5766196e-02;2.3250000e+02;4.1603804e-02;2.3250000e+02;-1.1652047e-03;2.3250000e+02;3.9627990e-03;2.3250000e+02;1.5211411e-02;2.3250000e+02;3.1517532e-02;2.3250000e+02;4.9475376e-02;2.3250000e+02;6.9395252e-02;2.3250000e+02;9.0874940e-02;2.3250000e+02;1.1236763e-01;2.3250000e+02;1.3305122e-01;2.3250000e+02;1.5503338e-01;2.3250000e+02;1.8200348e-01;2.3250000e+02;2.1040104e-01;2.3250000e+02;2.2602651e-01;2.3250000e+02;2.1498458e-01;2.3250000e+02;1.8171814e-01;2.3250000e+02;1.3461676e-01;2.3250000e+02;8.5766196e-02;2.3250000e+02;4.1603804e-02;2.3250000e+02;-1.1652047e-03;2.3250000e+02;3.9627990e-03;2.3250000e+02;1.5211411e-02;2.3250000e+02;3.1517532e-02;2.3250000e+02;4.9475376e-02;2.3250000e+02;6.9395252e-02;2.3250000e+02;9.0874940e-02;2.3250000e+02;1.1236763e-01;2.3250000e+02;1.3305122e-01;2.3250000e+02;1.5503338e-01;2.3250000e+02;1.8200348e-01;2.3250000e+02;2.1040104e-01;2.3250000e+02;2.2602651e-01;2.3250000e+02;2.1498458e-01;2.3250000e+02;1.8171814e-01;2.3250000e+02;1.3461676e-01;2.3250000e+02;8.5766196e-02;2.3250000e+02;4.1603804e-02
2.3750000e+02;3.8897591e-03;2.3750000e+02;8.6246431e-03;2.3750000e+02;1.8776512e-02;2.3750000e+02;3.2970961e-02;2.3750000e+02;4.9849793e-02;2.3750000e+02;6.9710031e-02;2.3750000e+02;9.1288298e-02;2.3750000e+02;1.1429241e-01;2.3750000e+02;1.3716497e-01;2.3750000e+02;1.5862046e-01;2.3750000e+02;1.8548760e-01;2.3750000e+02;2.1158963e-01;2.3750000e+02;2.2596906e-01;2.3750000e+02;2.1476024e-01;2.3750000e+02;1.8174177e-01;2.3750000e+02;1.3528472e-01;2.3750000e+02;8.7380156e-02;2.3750000e+02;4.4090807e-02;2.3750000e+02;3.8897591e-03;2.3750000e+02;8.6246431e-03;2.3750000e+02;1.8776512e-02;2.3750000e+02;3.2970961e-02;2.3750000e+02;4.9849793e-02;2.3750000e+02;6.9710031e-02;2.3750000e+02;9.1288298e-02;2.3750000e+02;1.1429241e-01;2.3750000e+02;1.3716497e-01;2.3750000e+02;1.5862046e-01;2.3750000e+02;1.8548760e-01;2.3750000e+02;2.1158963e-01;2.3750000e+02;2.2596906e-01;2.3750000e+02;2.1476024e-01;2.3750000e+02;1.8174177e-01;2.3750000e+02;1.3528472e-01;2.3750000e+02;8.7380156e-02;2.3750000e+02;4.4090807e-02;2.3750000e+02;3.8897591e-03;2.3750000e+02;8.6246431e-03;2.3750000e+02;1.8776512e-02;2.3750000e+02;3.2970961e-02;2.3750000e+02;4.9849793e-02;2.3750000e+02;6.9710031e-02;2.3750000e+02;9.1288298e-02;2.3750000e+02;1.1429241e-01;2.3750000e+02;1.3716497e-01;2.3750000e+02;1.5862046e-01;2.3750000e+02;1.8548760e-01;2.3750000e+02;2.1158963e-01;2.3750000e+02;2.2596906e-01;2.3750000e+02;2.1476024e-01;2.3750000e+02;1.8174177e-01;2.3750000e+02;1.3528472e-01;2.3750000e+02;8.7380156e-02;2.3750000e+02;4.4090807e-02;2.3750000e+02;3.8897591e-03;2.3750000e+02;8.6246431e-03;2.3750000e+02;1.8776512e-02;2.3750000e+02;3.2970961e-02;2.3750000e+02;4.9849793e-02;2.3750000e+02;6.9710031e-02;2.3750000e+02;9.1288298e-02;2.3750000e+02;1.1429241e-01;2.3750000e+02;1.3716497e-01;2.3750000e+02;1.5862046e-01;2.3750000e+02;1.8548760e-01;2.3750000e+02;2.1158963e-01;2.3750000e+02;2.2596906e-01;2.3750000e+02;2.1476024e-01;2.3750000e+02;1.8174177e-01;2.3750000e+02;1.3528472e-01;2.3750000e+02;8.7380156e-02;2.3750000e+02;4.4090807e-02;2.3750000e+02;3.8897591e-03;2.3750000e+02;8.6246431e-03;2.3750000e+02;1.8776512e-02;2.3750000e+02;3.2970961e-02;2.3750000e+02;4.9849793e-02;2.3750000e+02;6.9710031e-02;2.3750000e+02;9.1288298e-02;2.3750000e+02;1.1429241e-01;2.3750000e+02;1.3716497e-01;2.3750000e+02;1.5862046e-01;2.3750000e+02;1.8548760e-01;2.3750000e+02;2.1158963e-01;2.3750000e+02;2.2596906e-01;2.3750000e+02;2.1476024e-01;2.3750000e+02;1.8174177e-01;2.3750000e+02;1.3528472e-01;2.3750000e+02;8.7380156e-02;2.3750000e+02;4.4090807e-02;2.3750000e+02;3.8897591e-03;2.3750000e+02;8.6246431e-03;2.3750000e+02;1.8776512e-02;2.3750000e+02;3.2970961e-02;2.3750000e+02;4.9849793e-02;2.3750000e+02;6.9710031e-02;2.3750000e+02;9.1288298e-02;2.3750000e+02;1.1429241e-01;2.3750000e+02;1.3716497e-01;2.3750000e+02;1.5862046e-01;2.3750000e+02;1.8548760e-01;2.3750000e+02;2.1158963e-01;2.3750000e+02;2.2596906e-01;2.3750000e+02;2.1476024e-01;2.3750000e+02;1.8174177e-01;2.3750000e+02;1.3528472e-01;2.3750000e+02;8.7380156e-02;2.3750000e+02;4.4090807e-02;2.3750000e+02;3.8897591e-03;2.3750000e+02;8.6246431e-03;2.3750000e+02;1.8776512e-02;2.3750000e+02;3.2970961e-02;2.3750000e+02;4.9849793e-02;2.3750000e+02;6.9710031e-02;2.3750000e+02;9.1288298e-02;2.3750000e+02;1.1429241e-01;2.3750000e+02;1.3716497e-01;2.3750000e+02;1.5862046e-01;2.3750000e+02;1.8548760e-01;2.3750000e+02;2.1158963e-01;2.3750000e+02;2.2596906e-01;2.3750000e+02;2.1476024e-01;2.3750000e+02;1.8174177e-01;2.3750000e+02;1.3528472e-01;2.3750000e+02;8.7380156e-02;2.3750000e+02;4.4090807e-02;2.3750000e+02;3.8897591e-03;2.3750000e+02;8.6246431e-03;2.3750000e+02;1.8776512e-02;2.3750000e+02;3.2970961e-02;2.3750000e+02;4.9849793e-02;2.3750000e+02;6.9710031e-02;2.3750000e+02;9.1288298e-02;2.3750000e+02;1.1429241e-01;2.3750000e+02;1.3716497e-01;2.3750000e+02;1.5862046e-01;2.3750000e+02;1.8548760e-01;2.3750000e+02;2.1158963e-01;2.3750000e+02;2.2596906e-01;2.3750000e+02;2.1476024e-01;2.3750000e+02;1.8174177e-01;2.3750000e+02;1.3528472e-01;2.3750000e+02;8.7380156e-02;2.3750000e+02;4.4090807e-02;2.3750000e+02;3.8897591e-03;2.3750000e+02;8.6246431e-03;2.3750000e+02;1.8776512e-02;2.3750000e+02;3.2970961e-02;2.3750000e+02;4.9849793e-02;2.3750000e+02;6.9710031e-02;2.3750000e+02;9.1288298e-02;2.3750000e+02;1.1429241e-01;2.3750000e+02;1.3716497e-01;2.3750000e+02;1.5862046e-01;2.3750000e+02;1.8548760e-01;2.3750000e+02;2.1158963e-01;2.3750000e+02;2.2596906e-01;2.3750000e+02;2.1476024e-01;2.3750000e+02;1.8174177e-01;2.3750000e+02;1.3528472e-01;2.3750000e+02;8.7380156e-02;2.3750000e+02;4.4090807e-02;2.3750000e+02;3.8897591e-03;2.3750000e+02;8.6246431e-03;2.3750000e+02;1.8776512e-02;2.3750000e+02;3.2970961e-02;2.3750000e+02;4.9849793e-02;2.3750000e+02;6.9710031e-02;2.3750000e+02;9.1288298e-02;2.3750000e+02;1.1429241e-01;2.3750000e+02;1.3716497e-01;2.3750000e+02;1.5862046e-01;2.3750000e+02;1.8548760e-01;2.3750000e+02;2.1158963e-01;2.3750000e+02;2.2596906e-01;2.3750000e+02;2.1476024e-01;2.3750000e+02;1.8174177e-01;2.3750000e+02;1.3528472e-01;2.3750000e+02;8.7380156e-02;2.3750000e+02;4.4090807e-02;2.3750000e+02;3.8897591e-03;2.3750000e+02;8.6246431e-03;2.3750000e+02;1.8776512e-02;2.3750000e+02;3.2970961e-02;2.3750000e+02;4.9849793e-02;2.3750000e+02;6.9710031e-02;2.3750000e+02;9.1288298e-02;2.3750000e+02;1.1429241e-01;2.3750000e+02;1.3716497e-01;2.3750000e+02;1.5862046e-01;2.3750000e+02;1.8548760e-01;2.3750000e+02;2.1158963e-01;2.3750000e+02;2.2596906e-01;2.3750000e+02;2.1476024e-01;2.3750000e+02;1.8174177e-01;2.3750000e+02;1.3528472e-01;2.3750000e+02;8.7380156e-02;2.3750000e+02;4.4090807e-02;2.3750000e+02;3.8897591e-03;2.3750000e+02;8.6246431e-03;2.3750000e+02;1.8776512e-02;2.3750000e+02;3.2970961e-02;2.3750000e+02;4.9849793e-02;2.3750000e+02;6.9710031e-02;2.3750000e+02;9.1288298e-02;2.3750000e+02;1.1429241e-01;2.3750000e+02;1.3716497e-01;2.3750000e+02;1.5862046e-01;2.3750000e+02;1.8548760e-01;2.3750000e+02;2.1158963e-01;2.3750000e+02;2.2596906e-01;2.3750000e+02;2.1476024e-01;2.3750000e+02;1.8174177e-01;2.3750000e+02;1.3528472e-01;2.3750000e+02;8.7380156e-02;2.3750000e+02;4.4090807e-02;2.3750000e+02;3.8897591e-03;2.3750000e+02;8.6246431e-03;2.3750000e+02;1.8776512e-02;2.3750000e+02;3.2970961e-02;2.3750000e+02;4.9849793e-02;2.3750000e+02;6.9710031e-02;2.3750000e+02;9.1288298e-02;2.3750000e+02;1.1429241e-01;2.3750000e+02;1.3716497e-01;2.3750000e+02;1.5862046e-01;2.3750000e+02;1.8548760e-01;2.3750000e+02;2.1158963e-01;2.3750000e+02;2.2596906e-01;2.3750000e+02;2.1476024e-01;2.3750000e+02;1.8174177e-01;2.3750000e+02;1.3528472e-01;2.3750000e+02;8.7380156e-02;2.3750000e+02;4.4090807e-02;2.3750000e+02;3.8897591e-03;2.3750000e+02;8.6246431e-03;2.3750000e+02;1.8776512e-02;2.3750000e+02;3.2970961e-02;2.3750000e+02;4.9849793e-02;2.3750000e+02;6.9710031e-02;2.3750000e+02;9.1288298e-02;2.3750000e+02;1.1429241e-01;2.3750000e+02;1.3716497e-01;2.3750000e+02;1.5862046e-01;2.3750000e+02;1.8548760e-01;2.3750000e+02;2.1158963e-01;2.3750000e+02;2.2596906e-01;2.3750000e+02;2.1476024e-01;2.3750000e+02;1.8174177e-01;2.3750000e+02;1.3528472e-01;2.3750000e+02;8.7380156e-02;2.3750000e+02;4.4090807e-02;2.3750000e+02;3.8897591e-03;2.3750000e+02;8.6246431e-03;2.3750000e+02;1.8776512e-02;2.3750000e+02;3.2970961e-02;2.3750000e+02;4.9849793e-02;2.3750000e+02;6.9710031e-02;2.3750000e+02;9.1288298e-02;2.3750000e+02;1.1429241e-01;2.3750000e+02;1.3716497e-01;2.3750000e+02;1.5862046e-01;2.3750000e+02;1.8548760e-01;2.3750000e+02;2.1158963e-01;2.3750000e+02;2.2596906e-01;2.3750000e+02;2.1476024e-01;2.3750000e+02;1.8174177e-01;2.3750000e+02;1.3528472e-01;2.3750000e+02;8.7380156e-02;2.3750000e+02;4.4090807e-02;2.3750000e+02;3.8897591e-03;2.3750000e+02;8.6246431e-03;2.3750000e+02;1.8776512e-02;2.3750000e+02;3.2970961e-02;2.3750000e+02;4.9849793e-02;2.3750000e+02;6.9710031e-02;2.3750000e+02;9.1288298e-02;2.3750000e+02;1.1429241e-01;2.3750000e+02;1.3716497e-01;2.3750000e+02;1.5862046e-01;2.3750000e+02;1.8548760e-01;2.3750000e+02;2.1158963e-01;2.3750000e+02;2.2596906e-01;2.3750000e+02;2.1476024e-01;2.3750000e+02;1.8174177e-01;2.3750000e+02;1.3528472e-01;2.3750000e+02;8.7380156e-02;2.3750000e+02;4.4090807e-02;2.3750000e+02;3.8897591e-03;2.3750000e+02;8.6246431e-03;2.3750000e+02;1.8776512e-02;2.3750000e+02;3.2970961e-02;2.3750000e+02;4.9849793e-02;2.3750000e+02;6.9710031e-02;2.3750000e+02;9.1288298e-02;2.3750000e+02;1.1429241e-01;2.3750000e+02;1.3716497e-01;2.3750000e+02;1.5862046e-01;2.3750000e+02;1.8548760e-01;2.3750000e+02;2.1158963e-01;2.3750000e+02;2.2596906e-01;2.3750000e+02;2.1476024e-01;2.3750000e+02;1.8174177e-01;2.3750000e+02;1.3528472e-01;2.3750000e+02;8.7380156e-02;2.3750000e+02;4.4090807e-02;2.3750000e+02;3.8897591e-03;2.3750000e+02;8.6246431e-03;2.3750000e+02;1.8776512e-02;2.3750000e+02;3.2970961e-02;2.3750000e+02;4.9849793e-02;2.3750000e+02;6.9710031e-02;2.3750000e+02;9.1288298e-02;2.3750000e+02;1.1429241e-01;2.3750000e+02;1.3716497e-01;2.3750000e+02;1.5862046e-01;2.3750000e+02;1.8548760e-01;2.3750000e+02;2.1158963e-01;2.3750000e+02;2.2596906e-01;2.3750000e+02;2.1476024e-01;2.3750000e+02;1.8174177e-01;2.3750000e+02;1.3528472e-01;2.3750000e+02;8.7380156e-02;2.3750000e+02;4.4090807e-02;2.3750000e+02;3.8897591e-03;2.3750000e+02;8.6246431e-03;2.3750000e+02;1.8776512e-02;2.3750000e+02;3.2970961e-02;2.3750000e+02;4.9849793e-02;2.3750000e+02;6.9710031e-02;2.3750000e+02;9.1288298e-02;2.3750000e+02;1.1429241e-01;2.3750000e+02;1.3716497e-01;2.3750000e+02;1.5862046e-01;2.3750000e+02;1.8548760e-01;2.3750000e+02;2.1158963e-01;2.3750000e+02;2.2596906e-01;2.3750000e+02;2.1476024e-01;2.3750000e+02;1.8174177e-01;2.3750000e+02;1.3528472e-01;2.3750000e+02;8.7380156e-02;2.3750000e+02;4.4090807e-02;2.3750000e+02;3.8897591e-03;2.3750000e+02;8.6246431e-03;2.3750000e+02;1.8776512e-02;2.3750000e+02;3.2970961e-02;2.3750000e+02;4.9849793e-02;2.3750000e+02;6.9710031e-02;2.3750000e+02;9.1288298e-02;2.3750000e+02;1.1429241e-01;2.3750000e+02;1.3716497e-01;2.3750000e+02;1.5862046e-01;2.3750000e+02;1.8548760e-01;2.3750000e+02;2.1158963e-01;2.3750000e+02;2.2596906e-01;2.3750000e+02;2.1476024e-01;2.3750000e+02;1.8174177e-01;2.3750000e+02;1.3528472e-01;2.3750000e+02;8.7380156e-02;2.3750000e+02;4.4090807e-02;2.3750000e+02;3.8897591e-03;2.3750000e+02;8.6246431e-03;2.3750000e+02;1.8776512e-02;2.3750000e+02;3.2970961e-02;2.3750000e+02;4.9849793e-02;2.3750000e+02;6.9710031e-02;2.3750000e+02;9.1288298e-02;2.3750000e+02;1.1429241e-01;2.3750000e+02;1.3716497e-01;2.3750000e+02;1.5862046e-01;2.3750000e+02;1.8548760e-01;2.3750000e+02;2.1158963e-01;2.3750000e+02;2.2596906e-01;2.3750000e+02;2.1476024e-01;2.3750000e+02;1.8174177e-01;2.3750000e+02;1.3528472e-01;2.3750000e+02;8.7380156e-02;2.3750000e+02;4.4090807e-02;2.3750000e+02;3.8897591e-03;2.3750000e+02;8.6246431e-03;2.3750000e+02;1.8776512e-02;2.3750000e+02;3.2970961e-02;2.3750000e+02;4.9849793e-02;2.3750000e+02;6.9710031e-02;2.3750000e+02;9.1288298e-02;2.3750000e+02;1.1429241e-01;2.3750000e+02;1.3716497e-01;2.3750000e+02;1.5862046e-01;2.3750000e+02;1.8548760e-01;2.3750000e+02;2.1158963e-01;2.3750000e+02;2.2596906e-01;2.3750000e+02;2.1476024e-01;2.3750000e+02;1.8174177e-01;2.3750000e+02;1.3528472e-01;2.3750000e+02;8.7380156e-02;2.3750000e+02;4.4090807e-02;2.3750000e+02;3.8897591e-03;2.3750000e+02;8.6246431e-03;2.3750000e+02;1.8776512e-02;2.3750000e+02;3.2970961e-02;2.3750000e+02;4.9849793e-02;2.3750000e+02;6.9710031e-02;2.3750000e+02;9.1288298e-02;2.3750000e+02;1.1429241e-01;2.3750000e+02;1.3716497e-01;2.3750000e+02;1.5862046e-01;2.3750000e+02;1.8548760e-01;2.3750000e+02;2.1158963e-01;2.3750000e+02;2.2596906e-01;2.3750000e+02;2.1476024e-01;2.3750000e+02;1.8174177e-01;2.3750000e+02;1.3528472e-01;2.3750000e+02;8.7380156e-02;2.3750000e+02;4.4090807e-02;2.3750000e+02;3.8897591e-03;2.3750000e+02;8.6246431e-03;2.3750000e+02;1.8776512e-02;2.3750000e+02;3.2970961e-02;2.3750000e+02;4.9849793e-02;2.3750000e+02;6.9710031e-02;2.3750000e+02;9.1288298e-02;2.3750000e+02;1.1429241e-01;2.3750000e+02;1.3716497e-01;2.3750000e+02;1.5862046e-01;2.3750000e+02;1.8548760e-01;2.3750000e+02;2.1158963e-01;2.3750000e+02;2.2596906e-01;2.3750000e+02;2.1476024e-01;2.3750000e+02;1.8174177e-01;2.3750000e+02;1.3528472e-01;2.3750000e+02;8.7380156e-02;2.3750000e+02;4.4090807e-02;2.3750000e+02;3.8897591e-03;2.3750000e+02;8.6246431e-03;2.3750000e+02;1.8776512e-02;2.3750000e+02;3.2970961e-02;2.3750000e+02;4.9849793e-02;2.3750000e+02;6.9710031e-02;2.3750000e+02;9.1288298e-02;2.3750000e+02;1.1429241e-01;2.3750000e+02;1.3716497e-01;2.3750000e+02;1.5862046e-01;2.3750000e+02;1.8548760e-01;2.3750000e+02;2.1158963e-01;2.3750000e+02;2.2596906e-01;2.3750000e+02;2.1476024e-01;2.3750000e+02;1.8174177e-01;2.3750000e+02;1.3528472e-01;2.3750000e+02;8.7380156e-02;2.3750000e+02;4.4090807e-02;2.3750000e+02;3.8897591e-03;2.3750000e+02;8.6246431e-03;2.3750000e+02;1.8776512e-02;2.3750000e+02;3.2970961e-02;2.3750000e+02;4.9849793e-02;2.3750000e+02;6.9710031e-02;2.3750000e+02;9.1288298e-02;2.3750000e+02;1.1429241e-01;2.3750000e+02;1.3716497e-01;2.3750000e+02;1.5862046e-01;2.3750000e+02;1.8548760e-01;2.3750000e+02;2.1158963e-01;2.3750000e+02;2.2596906e-01;2.3750000e+02;2.1476024e-01;2.3750000e+02;1.8174177e-01;2.3750000e+02;1.3528472e-01;2.3750000e+02;8.7380156e-02;2.3750000e+02;4.4090807e-02;2.3750000e+02;3.8897591e-03;2.3750000e+02;8.6246431e-03;2.3750000e+02;1.8776512e-02;2.3750000e+02;3.2970961e-02;2.3750000e+02;4.9849793e-02;2.3750000e+02;6.9710031e-02;2.3750000e+02;9.1288298e-02;2.3750000e+02;1.1429241e-01;2.3750000e+02;1.3716497e-01;2.3750000e+02;1.5862046e-01;2.3750000e+02;1.8548760e-01;2.3750000e+02;2.1158963e-01;2.3750000e+02;2.2596906e-01;2.3750000e+02;2.1476024e-01;2.3750000e+02;1.8174177e-01;2.3750000e+02;1.3528472e-01;2.3750000e+02;8.7380156e-02;2.3750000e+02;4.4090807e-02;2.3750000e+02;3.8897591e-03;2.3750000e+02;8.6246431e-03;2.3750000e+02;1.8776512e-02;2.3750000e+02;3.2970961e-02;2.3750000e+02;4.9849793e-02;2.3750000e+02;6.9710031e-02;2.3750000e+02;9.1288298e-02;2.3750000e+02;1.1429241e-01;2.3750000e+02;1.3716497e-01;2.3750000e+02;1.5862046e-01;2.3750000e+02;1.8548760e-01;2.3750000e+02;2.1158963e-01;2.3750000e+02;2.2596906e-01;2.3750000e+02;2.1476024e-01;2.3750000e+02;1.8174177e-01;2.3750000e+02;1.3528472e-01;2.3750000e+02;8.7380156e-02;2.3750000e+02;4.4090807e-02;2.3750000e+02;3.8897591e-03;2.3750000e+02;8.6246431e-03;2.3750000e+02;1.8776512e-02;2.3750000e+02;3.2970961e-02;2.3750000e+02;4.9849793e-02;2.3750000e+02;6.9710031e-02;2.3750000e+02;9.1288298e-02;2.3750000e+02;1.1429241e-01;2.3750000e+02;1.3716497e-01;2.3750000e+02;1.5862046e-01;2.3750000e+02;1.8548760e-01;2.3750000e+02;2.1158963e-01;2.3750000e+02;2.2596906e-01;2.3750000e+02;2.1476024e-01;2.3750000e+02;1.8174177e-01;2.3750000e+02;1.3528472e-01;2.3750000e+02;8.7380156e-02;2.3750000e+02;4.4090807e-02;2.3750000e+02;3.8897591e-03;2.3750000e+02;8.6246431e-03;2.3750000e+02;1.8776512e-02;2.3750000e+02;3.2970961e-02;2.3750000e+02;4.9849793e-02;2.3750000e+02;6.9710031e-02;2.3750000e+02;9.1288298e-02;2.3750000e+02;1.1429241e-01;2.3750000e+02;1.3716497e-01;2.3750000e+02;1.5862046e-01;2.3750000e+02;1.8548760e-01;2.3750000e+02;2.1158963e-01;2.3750000e+02;2.2596906e-01;2.3750000e+02;2.1476024e-01;2.3750000e+02;1.8174177e-01;2.3750000e+02;1.3528472e-01;2.3750000e+02;8.7380156e-02;2.3750000e+02;4.4090807e-02;2.3750000e+02;3.8897591e-03;2.3750000e+02;8.6246431e-03;2.3750000e+02;1.8776512e-02;2.3750000e+02;3.2970961e-02;2.3750000e+02;4.9849793e-02;2.3750000e+02;6.9710031e-02;2.3750000e+02;9.1288298e-02;2.3750000e+02;1.1429241e-01;2.3750000e+02;1.3716497e-01;2.3750000e+02;1.5862046e-01;2.3750000e+02;1.8548760e-01;2.3750000e+02;2.1158963e-01;2.3750000e+02;2.2596906e-01;2.3750000e+02;2.1476024e-01;2.3750000e+02;1.8174177e-01;2.3750000e+02;1.3528472e-01;2.3750000e+02;8.7380156e-02;2.3750000e+02;4.4090807e-02;2.3750000e+02;3.8897591e-03;2.3750000e+02;8.6246431e-03;2.3750000e+02;1.8776512e-02;2.3750000e+02;3.2970961e-02;2.3750000e+02;4.9849793e-02;2.3750000e+02;6.9710031e-02;2.3750000e+02;9.1288298e-02;2.3750000e+02;1.1429241e-01;2.3750000e+02;1.3716497e-01;2.3750000e+02;1.5862046e-01;2.3750000e+02;1.8548760e-01;2.3750000e+02;2.1158963e-01;2.3750000e+02;2.2596906e-01;2.3750000e+02;2.1476024e-01;2.3750000e+02;1.8174177e-01;2.3750000e+02;1.3528472e-01;2.3750000e+02;8.7380156e-02;2.3750000e+02;4.4090807e-02;2.3750000e+02;3.8897591e-03;2.3750000e+02;8.6246431e-03;2.3750000e+02;1.8776512e-02;2.3750000e+02;3.2970961e-02;2.3750000e+02;4.9849793e-02;2.3750000e+02;6.9710031e-02;2.3750000e+02;9.1288298e-02;2.3750000e+02;1.1429241e-01;2.3750000e+02;1.3716497e-01;2.3750000e+02;1.5862046e-01;2.3750000e+02;1.8548760e-01;2.3750000e+02;2.1158963e-01;2.3750000e+02;2.2596906e-01;2.3750000e+02;2.1476024e-01;2.3750000e+02;1.8174177e-01;2.3750000e+02;1.3528472e-01;2.3750000e+02;8.7380156e-02;2.3750000e+02;4.4090807e-02;2.3750000e+02;3.8897591e-03;2.3750000e+02;8.6246431e-03;2.3750000e+02;1.8776512e-02;2.3750000e+02;3.2970961e-02;2.3750000e+02;4.9849793e-02;2.3750000e+02;6.9710031e-02;2.3750000e+02;9.1288298e-02;2.3750000e+02;1.1429241e-01;2.3750000e+02;1.3716497e-01;2.3750000e+02;1.5862046e-01;2.3750000e+02;1.8548760e-01;2.3750000e+02;2.1158963e-01;2.3750000e+02;2.2596906e-01;2.3750000e+02;2.1476024e-01;2.3750000e+02;1.8174177e-01;2.3750000e+02;1.3528472e-01;2.3750000e+02;8.7380156e-02;2.3750000e+02;4.4090807e-02;2.3750000e+02;3.8897591e-03;2.3750000e+02;8.6246431e-03;2.3750000e+02;1.8776512e-02;2.3750000e+02;3.2970961e-02;2.3750000e+02;4.9849793e-02;2.3750000e+02;6.9710031e-02;2.3750000e+02;9.1288298e-02;2.3750000e+02;1.1429241e-01;2.3750000e+02;1.3716497e-01;2.3750000e+02;1.5862046e-01;2.3750000e+02;1.8548760e-01;2.3750000e+02;2.1158963e-01;2.3750000e+02;2.2596906e-01;2.3750000e+02;2.1476024e-01;2.3750000e+02;1.8174177e-01;2.3750000e+02;1.3528472e-01;2.3750000e+02;8.7380156e-02;2.3750000e+02;4.4090807e-02;2.3750000e+02;3.8897591e-03;2.3750000e+02;8.6246431e-03;2.3750000e+02;1.8776512e-02;2.3750000e+02;3.2970961e-02;2.3750000e+02;4.9849793e-02;2.3750000e+02;6.9710031e-02;2.3750000e+02;9.1288298e-02;2.3750000e+02;1.1429241e-01;2.3750000e+02;1.3716497e-01;2.3750000e+02;1.5862046e-01;2.3750000e+02;1.8548760e-01;2.3750000e+02;2.1158963e-01;2.3750000e+02;2.2596906e-01;2.3750000e+02;2.1476024e-01;2.3750000e+02;1.8174177e-01;2.3750000e+02;1.3528472e-01;2.3750000e+02;8.7380156e-02;2.3750000e+02;4.4090807e-02;2.3750000e+02;3.8897591e-03;2.3750000e+02;8.6246431e-03;2.3750000e+02;1.8776512e-02;2.3750000e+02;3.2970961e-02;2.3750000e+02;4.9849793e-02;2.3750000e+02;6.9710031e-02;2.3750000e+02;9.1288298e-02;2.3750000e+02;1.1429241e-01;2.3750000e+02;1.3716497e-01;2.3750000e+02;1.5862046e-01;2.3750000e+02;1.8548760e-01;2.3750000e+02;2.1158963e-01;2.3750000e+02;2.2596906e-01;2.3750000e+02;2.1476024e-01;2.3750000e+02;1.8174177e-01;2.3750000e+02;1.3528472e-01;2.3750000e+02;8.7380156e-02;2.3750000e+02;4.4090807e-02;2.3750000e+02;3.8897591e-03;2.3750000e+02;8.6246431e-03;2.3750000e+02;1.8776512e-02;2.3750000e+02;3.2970961e-02;2.3750000e+02;4.9849793e-02;2.3750000e+02;6.9710031e-02;2.3750000e+02;9.1288298e-02;2.3750000e+02;1.1429241e-01;2.3750000e+02;1.3716497e-01;2.3750000e+02;1.5862046e-01;2.3750000e+02;1.8548760e-01;2.3750000e+02;2.1158963e-01;2.3750000e+02;2.2596906e-01;2.3750000e+02;2.1476024e-01;2.3750000e+02;1.8174177e-01;2.3750000e+02;1.3528472e-01;2.3750000e+02;8.7380156e-02;2.3750000e+02;4.4090807e-02;2.3750000e+02;3.8897591e-03;2.3750000e+02;8.6246431e-03;2.3750000e+02;1.8776512e-02;2.3750000e+02;3.2970961e-02;2.3750000e+02;4.9849793e-02;2.3750000e+02;6.9710031e-02;2.3750000e+02;9.1288298e-02;2.3750000e+02;1.1429241e-01;2.3750000e+02;1.3716497e-01;2.3750000e+02;1.5862046e-01;2.3750000e+02;1.8548760e-01;2.3750000e+02;2.1158963e-01;2.3750000e+02;2.2596906e-01;2.3750000e+02;2.1476024e-01;2.3750000e+02;1.8174177e-01;2.3750000e+02;1.3528472e-01;2.3750000e+02;8.7380156e-02;2.3750000e+02;4.4090807e-02;2.3750000e+02;3.8897591e-03;2.3750000e+02;8.6246431e-03;2.3750000e+02;1.8776512e-02;2.3750000e+02;3.2970961e-02;2.3750000e+02;4.9849793e-02;2.3750000e+02;6.9710031e-02;2.3750000e+02;9.1288298e-02;2.3750000e+02;1.1429241e-01;2.3750000e+02;1.3716497e-01;2.3750000e+02;1.5862046e-01;2.3750000e+02;1.8548760e-01;2.3750000e+02;2.1158963e-01;2.3750000e+02;2.2596906e-01;2.3750000e+02;2.1476024e-01;2.3750000e+02;1.8174177e-01;2.3750000e+02;1.3528472e-01;2.3750000e+02;8.7380156e-02;2.3750000e+02;4.4090807e-02;2.3750000e+02;3.8897591e-03;2.3750000e+02;8.6246431e-03;2.3750000e+02;1.8776512e-02;2.3750000e+02;3.2970961e-02;2.3750000e+02;4.9849793e-02;2.3750000e+02;6.9710031e-02;2.3750000e+02;9.1288298e-02;2.3750000e+02;1.1429241e-01;2.3750000e+02;1.3716497e-01;2.3750000e+02;1.5862046e-01;2.3750000e+02;1.8548760e-01;2.3750000e+02;2.1158963e-01;2.3750000e+02;2.2596906e-01;2.3750000e+02;2.1476024e-01;2.3750000e+02;1.8174177e-01;2.3750000e+02;1.3528472e-01;2.3750000e+02;8.7380156e-02;2.3750000e+02;4.4090807e-02;2.3750000e+02;3.8897591e-03;2.3750000e+02;8.6246431e-03;2.3750000e+02;1.8776512e-02;2.3750000e+02;3.2970961e-02;2.3750000e+02;4.9849793e-02;2.3750000e+02;6.9710031e-02;2.3750000e+02;9.1288298e-02;2.3750000e+02;1.1429241e-01;2.3750000e+02;1.3716497e-01;2.3750000e+02;1.5862046e-01;2.3750000e+02;1.8548760e-01;2.3750000e+02;2.1158963e-01;2.3750000e+02;2.2596906e-01;2.3750000e+02;2.1476024e-01;2.3750000e+02;1.8174177e-01;2.3750000e+02;1.3528472e-01;2.3750000e+02;8.7380156e-02;2.3750000e+02;4.4090807e-02;2.3750000e+02;3.8897591e-03;2.3750000e+02;8.6246431e-03;2.3750000e+02;1.8776512e-02;2.3750000e+02;3.2970961e-02;2.3750000e+02;4.9849793e-02;2.3750000e+02;6.9710031e-02;2.3750000e+02;9.1288298e-02;2.3750000e+02;1.1429241e-01;2.3750000e+02;1.3716497e-01;2.3750000e+02;1.5862046e-01;2.3750000e+02;1.8548760e-01;2.3750000e+02;2.1158963e-01;2.3750000e+02;2.2596906e-01;2.3750000e+02;2.1476024e-01;2.3750000e+02;1.8174177e-01;2.3750000e+02;1.3528472e-01;2.3750000e+02;8.7380156e-02;2.3750000e+02;4.4090807e-02;2.3750000e+02;3.8897591e-03;2.3750000e+02;8.6246431e-03;2.3750000e+02;1.8776512e-02;2.3750000e+02;3.2970961e-02;2.3750000e+02;4.9849793e-02;2.3750000e+02;6.9710031e-02;2.3750000e+02;9.1288298e-02;2.3750000e+02;1.1429241e-01;2.3750000e+02;1.3716497e-01;2.3750000e+02;1.5862046e-01;2.3750000e+02;1.8548760e-01;2.3750000e+02;2.1158963e-01;2.3750000e+02;2.2596906e-01;2.3750000e+02;2.1476024e-01;2.3750000e+02;1.8174177e-01;2.3750000e+02;1.3528472e-01;2.3750000e+02;8.7380156e-02;2.3750000e+02;4.4090807e-02;2.3750000e+02;3.8897591e-03;2.3750000e+02;8.6246431e-03;2.3750000e+02;1.8776512e-02;2.3750000e+02;3.2970961e-02;2.3750000e+02;4.9849793e-02;2.3750000e+02;6.9710031e-02;2.3750000e+02;9.1288298e-02;2.3750000e+02;1.1429241e-01;2.3750000e+02;1.3716497e-01;2.3750000e+02;1.5862046e-01;2.3750000e+02;1.8548760e-01;2.3750000e+02;2.1158963e-01;2.3750000e+02;2.2596906e-01;2.3750000e+02;2.1476024e-01;2.3750000e+02;1.8174177e-01;2.3750000e+02;1.3528472e-01;2.3750000e+02;8.7380156e-02;2.3750000e+02;4.4090807e-02;2.3750000e+02;3.8897591e-03;2.3750000e+02;8.6246431e-03;2.3750000e+02;1.8776512e-02;2.3750000e+02;3.2970961e-02;2.3750000e+02;4.9849793e-02;2.3750000e+02;6.9710031e-02;2.3750000e+02;9.1288298e-02;2.3750000e+02;1.1429241e-01;2.3750000e+02;1.3716497e-01;2.3750000e+02;1.5862046e-01;2.3750000e+02;1.8548760e-01;2.3750000e+02;2.1158963e-01;2.3750000e+02;2.2596906e-01;2.3750000e+02;2.1476024e-01;2.3750000e+02;1.8174177e-01;2.3750000e+02;1.3528472e-01;2.3750000e+02;8.7380156e-02;2.3750000e+02;4.4090807e-02;2.3750000e+02;3.8897591e-03;2.3750000e+02;8.6246431e-03;2.3750000e+02;1.8776512e-02;2.3750000e+02;3.2970961e-02;2.3750000e+02;4.9849793e-02;2.3750000e+02;6.9710031e-02;2.3750000e+02;9.1288298e-02;2.3750000e+02;1.1429241e-01;2.3750000e+02;1.3716497e-01;2.3750000e+02;1.5862046e-01;2.3750000e+02;1.8548760e-01;2.3750000e+02;2.1158963e-01;2.3750000e+02;2.2596906e-01;2.3750000e+02;2.1476024e-01;2.3750000e+02;1.8174177e-01;2.3750000e+02;1.3528472e-01;2.3750000e+02;8.7380156e-02;2.3750000e+02;4.4090807e-02;2.3750000e+02;3.8897591e-03;2.3750000e+02;8.6246431e-03;2.3750000e+02;1.8776512e-02;2.3750000e+02;3.2970961e-02;2.3750000e+02;4.9849793e-02;2.3750000e+02;6.9710031e-02;2.3750000e+02;9.1288298e-02;2.3750000e+02;1.1429241e-01;2.3750000e+02;1.3716497e-01;2.3750000e+02;1.5862046e-01;2.3750000e+02;1.8548760e-01;2.3750000e+02;2.1158963e-01;2.3750000e+02;2.2596906e-01;2.3750000e+02;2.1476024e-01;2.3750000e+02;1.8174177e-01;2.3750000e+02;1.3528472e-01;2.3750000e+02;8.7380156e-02;2.3750000e+02;4.4090807e-02;2.3750000e+02;3.8897591e-03;2.3750000e+02;8.6246431e-03;2.3750000e+02;1.8776512e-02;2.3750000e+02;3.2970961e-02;2.3750000e+02;4.9849793e-02;2.3750000e+02;6.9710031e-02;2.3750000e+02;9.1288298e-02;2.3750000e+02;1.1429241e-01;2.3750000e+02;1.3716497e-01;2.3750000e+02;1.5862046e-01;2.3750000e+02;1.8548760e-01;2.3750000e+02;2.1158963e-01;2.3750000e+02;2.2596906e-01;2.3750000e+02;2.1476024e-01;2.3750000e+02;1.8174177e-01;2.3750000e+02;1.3528472e-01;2.3750000e+02;8.7380156e-02;2.3750000e+02;4.4090807e-02;2.3750000e+02;3.8897591e-03;2.3750000e+02;8.6246431e-03;2.3750000e+02;1.8776512e-02;2.3750000e+02;3.2970961e-02;2.3750000e+02;4.9849793e-02;2.3750000e+02;6.9710031e-02;2.3750000e+02;9.1288298e-02;2.3750000e+02;1.1429241e-01;2.3750000e+02;1.3716497e-01;2.3750000e+02;1.5862046e-01;2.3750000e+02;1.8548760e-01;2.3750000e+02;2.1158963e-01;2.3750000e+02;2.2596906e-01;2.3750000e+02;2.1476024e-01;2.3750000e+02;1.8174177e-01;2.3750000e+02;1.3528472e-01;2.3750000e+02;8.7380156e-02;2.3750000e+02;4.4090807e-02;2.3750000e+02;3.8897591e-03;2.3750000e+02;8.6246431e-03;2.3750000e+02;1.8776512e-02;2.3750000e+02;3.2970961e-02;2.3750000e+02;4.9849793e-02;2.3750000e+02;6.9710031e-02;2.3750000e+02;9.1288298e-02;2.3750000e+02;1.1429241e-01;2.3750000e+02;1.3716497e-01;2.3750000e+02;1.5862046e-01;2.3750000e+02;1.8548760e-01;2.3750000e+02;2.1158963e-01;2.3750000e+02;2.2596906e-01;2.3750000e+02;2.1476024e-01;2.3750000e+02;1.8174177e-01;2.3750000e+02;1.3528472e-01;2.3750000e+02;8.7380156e-02;2.3750000e+02;4.4090807e-02;2.3750000e+02;3.8897591e-03;2.3750000e+02;8.6246431e-03;2.3750000e+02;1.8776512e-02;2.3750000e+02;3.2970961e-02;2.3750000e+02;4.9849793e-02;2.3750000e+02;6.9710031e-02;2.3750000e+02;9.1288298e-02;2.3750000e+02;1.1429241e-01;2.3750000e+02;1.3716497e-01;2.3750000e+02;1.5862046e-01;2.3750000e+02;1.8548760e-01;2.3750000e+02;2.1158963e-01;2.3750000e+02;2.2596906e-01;2.3750000e+02;2.1476024e-01;2.3750000e+02;1.8174177e-01;2.3750000e+02;1.3528472e-01;2.3750000e+02;8.7380156e-02;2.3750000e+02;4.4090807e-02;2.3750000e+02;3.8897591e-03;2.3750000e+02;8.6246431e-03;2.3750000e+02;1.8776512e-02;2.3750000e+02;3.2970961e-02;2.3750000e+02;4.9849793e-02;2.3750000e+02;6.9710031e-02;2.3750000e+02;9.1288298e-02;2.3750000e+02;1.1429241e-01;2.3750000e+02;1.3716497e-01;2.3750000e+02;1.5862046e-01;2.3750000e+02;1.8548760e-01;2.3750000e+02;2.1158963e-01;2.3750000e+02;2.2596906e-01;2.3750000e+02;2.1476024e-01;2.3750000e+02;1.8174177e-01;2.3750000e+02;1.3528472e-01;2.3750000e+02;8.7380156e-02;2.3750000e+02;4.4090807e-02;2.3750000e+02;3.8897591e-03;2.3750000e+02;8.6246431e-03;2.3750000e+02;1.8776512e-02;2.3750000e+02;3.2970961e-02;2.3750000e+02;4.9849793e-02;2.3750000e+02;6.9710031e-02;2.3750000e+02;9.1288298e-02;2.3750000e+02;1.1429241e-01;2.3750000e+02;1.3716497e-01;2.3750000e+02;1.5862046e-01;2.3750000e+02;1.8548760e-01;2.3750000e+02;2.1158963e-01;2.3750000e+02;2.2596906e-01;2.3750000e+02;2.1476024e-01;2.3750000e+02;1.8174177e-01;2.3750000e+02;1.3528472e-01;2.3750000e+02;8.7380156e-02;2.3750000e+02;4.4090807e-02;2.3750000e+02;3.8897591e-03;2.3750000e+02;8.6246431e-03;2.3750000e+02;1.8776512e-02;2.3750000e+02;3.2970961e-02;2.3750000e+02;4.9849793e-02;2.3750000e+02;6.9710031e-02;2.3750000e+02;9.1288298e-02;2.3750000e+02;1.1429241e-01;2.3750000e+02;1.3716497e-01;2.3750000e+02;1.5862046e-01;2.3750000e+02;1.8548760e-01;2.3750000e+02;2.1158963e-01;2.3750000e+02;2.2596906e-01;2.3750000e+02;2.1476024e-01;2.3750000e+02;1.8174177e-01;2.3750000e+02;1.3528472e-01;2.3750000e+02;8.7380156e-02;2.3750000e+02;4.4090807e-02;2.3750000e+02;3.8897591e-03;2.3750000e+02;8.6246431e-03;2.3750000e+02;1.8776512e-02;2.3750000e+02;3.2970961e-02;2.3750000e+02;4.9849793e-02;2.3750000e+02;6.9710031e-02;2.3750000e+02;9.1288298e-02;2.3750000e+02;1.1429241e-01;2.3750000e+02;1.3716497e-01;2.3750000e+02;1.5862046e-01;2.3750000e+02;1.8548760e-01;2.3750000e+02;2.1158963e-01;2.3750000e+02;2.2596906e-01;2.3750000e+02;2.1476024e-01;2.3750000e+02;1.8174177e-01;2.3750000e+02;1.3528472e-01;2.3750000e+02;8.7380156e-02;2.3750000e+02;4.4090807e-02;2.3750000e+02;3.8897591e-03;2.3750000e+02;8.6246431e-03;2.3750000e+02;1.8776512e-02;2.3750000e+02;3.2970961e-02;2.3750000e+02;4.9849793e-02;2.3750000e+02;6.9710031e-02;2.3750000e+02;9.1288298e-02;2.3750000e+02;1.1429241e-01;2.3750000e+02;1.3716497e-01;2.3750000e+02;1.5862046e-01;2.3750000e+02;1.8548760e-01;2.3750000e+02;2.1158963e-01;2.3750000e+02;2.2596906e-01;2.3750000e+02;2.1476024e-01;2.3750000e+02;1.8174177e-01;2.3750000e+02;1.3528472e-01;2.3750000e+02;8.7380156e-02;2.3750000e+02;4.4090807e-02;2.3750000e+02;3.8897591e-03;2.3750000e+02;8.6246431e-03;2.3750000e+02;1.8776512e-02;2.3750000e+02;3.2970961e-02;2.3750000e+02;4.9849793e-02;2.3750000e+02;6.9710031e-02;2.3750000e+02;9.1288298e-02;2.3750000e+02;1.1429241e-01;2.3750000e+02;1.3716497e-01;2.3750000e+02;1.5862046e-01;2.3750000e+02;1.8548760e-01;2.3750000e+02;2.1158963e-01;2.3750000e+02;2.2596906e-01;2.3750000e+02;2.1476024e-01;2.3750000e+02;1.8174177e-01;2.3750000e+02;1.3528472e-01;2.3750000e+02;8.7380156e-02;2.3750000e+02;4.4090807e-02;2.3750000e+02;3.8897591e-03;2.3750000e+02;8.6246431e-03;2.3750000e+02;1.8776512e-02;2.3750000e+02;3.2970961e-02;2.3750000e+02;4.9849793e-02;2.3750000e+02;6.9710031e-02;2.3750000e+02;9.1288298e-02;2.3750000e+02;1.1429241e-01;2.3750000e+02;1.3716497e-01;2.3750000e+02;1.5862046e-01;2.3750000e+02;1.8548760e-01;2.3750000e+02;2.1158963e-01;2.3750000e+02;2.2596906e-01;2.3750000e+02;2.1476024e-01;2.3750000e+02;1.8174177e-01;2.3750000e+02;1.3528472e-01;2.3750000e+02;8.7380156e-02;2.3750000e+02;4.4090807e-02;2.3750000e+02;3.8897591e-03;2.3750000e+02;8.6246431e-03;2.3750000e+02;1.8776512e-02;2.3750000e+02;3.2970961e-02;2.3750000e+02;4.9849793e-02;2.3750000e+02;6.9710031e-02;2.3750000e+02;9.1288298e-02;2.3750000e+02;1.1429241e-01;2.3750000e+02;1.3716497e-01;2.3750000e+02;1.5862046e-01;2.3750000e+02;1.8548760e-01;2.3750000e+02;2.1158963e-01;2.3750000e+02;2.2596906e-01;2.3750000e+02;2.1476024e-01;2.3750000e+02;1.8174177e-01;2.3750000e+02;1.3528472e-01;2.3750000e+02;8.7380156e-02;2.3750000e+02;4.4090807e-02;2.3750000e+02;3.8897591e-03;2.3750000e+02;8.6246431e-03;2.3750000e+02;1.8776512e-02;2.3750000e+02;3.2970961e-02;2.3750000e+02;4.9849793e-02;2.3750000e+02;6.9710031e-02;2.3750000e+02;9.1288298e-02;2.3750000e+02;1.1429241e-01;2.3750000e+02;1.3716497e-01;2.3750000e+02;1.5862046e-01;2.3750000e+02;1.8548760e-01;2.3750000e+02;2.1158963e-01;2.3750000e+02;2.2596906e-01;2.3750000e+02;2.1476024e-01;2.3750000e+02;1.8174177e-01;2.3750000e+02;1.3528472e-01;2.3750000e+02;8.7380156e-02;2.3750000e+02;4.4090807e-02;2.3750000e+02;3.8897591e-03;2.3750000e+02;8.6246431e-03;2.3750000e+02;1.8776512e-02;2.3750000e+02;3.2970961e-02;2.3750000e+02;4.9849793e-02;2.3750000e+02;6.9710031e-02;2.3750000e+02;9.1288298e-02;2.3750000e+02;1.1429241e-01;2.3750000e+02;1.3716497e-01;2.3750000e+02;1.5862046e-01;2.3750000e+02;1.8548760e-01;2.3750000e+02;2.1158963e-01;2.3750000e+02;2.2596906e-01;2.3750000e+02;2.1476024e-01;2.3750000e+02;1.8174177e-01;2.3750000e+02;1.3528472e-01;2.3750000e+02;8.7380156e-02;2.3750000e+02;4.4090807e-02;2.3750000e+02;3.8897591e-03;2.3750000e+02;8.6246431e-03;2.3750000e+02;1.8776512e-02;2.3750000e+02;3.2970961e-02;2.3750000e+02;4.9849793e-02;2.3750000e+02;6.9710031e-02;2.3750000e+02;9.1288298e-02;2.3750000e+02;1.1429241e-01;2.3750000e+02;1.3716497e-01;2.3750000e+02;1.5862046e-01;2.3750000e+02;1.8548760e-01;2.3750000e+02;2.1158963e-01;2.3750000e+02;2.2596906e-01;2.3750000e+02;2.1476024e-01;2.3750000e+02;1.8174177e-01;2.3750000e+02;1.3528472e-01;2.3750000e+02;8.7380156e-02;2.3750000e+02;4.4090807e-02;2.3750000e+02;3.8897591e-03;2.3750000e+02;8.6246431e-03;2.3750000e+02;1.8776512e-02;2.3750000e+02;3.2970961e-02;2.3750000e+02;4.9849793e-02;2.3750000e+02;6.9710031e-02;2.3750000e+02;9.1288298e-02;2.3750000e+02;1.1429241e-01;2.3750000e+02;1.3716497e-01;2.3750000e+02;1.5862046e-01;2.3750000e+02;1.8548760e-01;2.3750000e+02;2.1158963e-01;2.3750000e+02;2.2596906e-01;2.3750000e+02;2.1476024e-01;2.3750000e+02;1.8174177e-01;2.3750000e+02;1.3528472e-01;2.3750000e+02;8.7380156e-02;2.3750000e+02;4.4090807e-02;2.3750000e+02;3.8897591e-03;2.3750000e+02;8.6246431e-03;2.3750000e+02;1.8776512e-02;2.3750000e+02;3.2970961e-02;2.3750000e+02;4.9849793e-02;2.3750000e+02;6.9710031e-02;2.3750000e+02;9.1288298e-02;2.3750000e+02;1.1429241e-01;2.3750000e+02;1.3716497e-01;2.3750000e+02;1.5862046e-01;2.3750000e+02;1.8548760e-01;2.3750000e+02;2.1158963e-01;2.3750000e+02;2.2596906e-01;2.3750000e+02;2.1476024e-01;2.3750000e+02;1.8174177e-01;2.3750000e+02;1.3528472e-01;2.3750000e+02;8.7380156e-02;2.3750000e+02;4.4090807e-02;2.3750000e+02;3.8897591e-03;2.3750000e+02;8.6246431e-03;2.3750000e+02;1.8776512e-02;2.3750000e+02;3.2970961e-02;2.3750000e+02;4.9849793e-02;2.3750000e+02;6.9710031e-02;2.3750000e+02;9.1288298e-02;2.3750000e+02;1.1429241e-01;2.3750000e+02;1.3716497e-01;2.3750000e+02;1.5862046e-01;2.3750000e+02;1.8548760e-01;2.3750000e+02;2.1158963e-01;2.3750000e+02;2.2596906e-01;2.3750000e+02;2.1476024e-01;2.3750000e+02;1.8174177e-01;2.3750000e+02;1.3528472e-01;2.3750000e+02;8.7380156e-02;2.3750000e+02;4.4090807e-02;2.3750000e+02;3.8897591e-03;2.3750000e+02;8.6246431e-03;2.3750000e+02;1.8776512e-02;2.3750000e+02;3.2970961e-02;2.3750000e+02;4.9849793e-02;2.3750000e+02;6.9710031e-02;2.3750000e+02;9.1288298e-02;2.3750000e+02;1.1429241e-01;2.3750000e+02;1.3716497e-01;2.3750000e+02;1.5862046e-01;2.3750000e+02;1.8548760e-01;2.3750000e+02;2.1158963e-01;2.3750000e+02;2.2596906e-01;2.3750000e+02;2.1476024e-01;2.3750000e+02;1.8174177e-01;2.3750000e+02;1.3528472e-01;2.3750000e+02;8.7380156e-02;2.3750000e+02;4.4090807e-02;2.3750000e+02;3.8897591e-03;2.3750000e+02;8.6246431e-03;2.3750000e+02;1.8776512e-02;2.3750000e+02;3.2970961e-02;2.3750000e+02;4.9849793e-02;2.3750000e+02;6.9710031e-02;2.3750000e+02;9.1288298e-02;2.3750000e+02;1.1429241e-01;2.3750000e+02;1.3716497e-01;2.3750000e+02;1.5862046e-01;2.3750000e+02;1.8548760e-01;2.3750000e+02;2.1158963e-01;2.3750000e+02;2.2596906e-01;2.3750000e+02;2.1476024e-01;2.3750000e+02;1.8174177e-01;2.3750000e+02;1.3528472e-01;2.3750000e+02;8.7380156e-02;2.3750000e+02;4.4090807e-02;2.3750000e+02;3.8897591e-03;2.3750000e+02;8.6246431e-03;2.3750000e+02;1.8776512e-02;2.3750000e+02;3.2970961e-02;2.3750000e+02;4.9849793e-02;2.3750000e+02;6.9710031e-02;2.3750000e+02;9.1288298e-02;2.3750000e+02;1.1429241e-01;2.3750000e+02;1.3716497e-01;2.3750000e+02;1.5862046e-01;2.3750000e+02;1.8548760e-01;2.3750000e+02;2.1158963e-01;2.3750000e+02;2.2596906e-01;2.3750000e+02;2.1476024e-01;2.3750000e+02;1.8174177e-01;2.3750000e+02;1.3528472e-01;2.3750000e+02;8.7380156e-02;2.3750000e+02;4.4090807e-02;2.3750000e+02;3.8897591e-03;2.3750000e+02;8.6246431e-03;2.3750000e+02;1.8776512e-02;2.3750000e+02;3.2970961e-02;2.3750000e+02;4.9849793e-02;2.3750000e+02;6.9710031e-02;2.3750000e+02;9.1288298e-02;2.3750000e+02;1.1429241e-01;2.3750000e+02;1.3716497e-01;2.3750000e+02;1.5862046e-01;2.3750000e+02;1.8548760e-01;2.3750000e+02;2.1158963e-01;2.3750000e+02;2.2596906e-01;2.3750000e+02;2.1476024e-01;2.3750000e+02;1.8174177e-01;2.3750000e+02;1.3528472e-01;2.3750000e+02;8.7380156e-02;2.3750000e+02;4.4090807e-02;2.3750000e+02;3.8897591e-03;2.3750000e+02;8.6246431e-03;2.3750000e+02;1.8776512e-02;2.3750000e+02;3.2970961e-02;2.3750000e+02;4.9849793e-02;2.3750000e+02;6.9710031e-02;2.3750000e+02;9.1288298e-02;2.3750000e+02;1.1429241e-01;2.3750000e+02;1.3716497e-01;2.3750000e+02;1.5862046e-01;2.3750000e+02;1.8548760e-01;2.3750000e+02;2.1158963e-01;2.3750000e+02;2.2596906e-01;2.3750000e+02;2.1476024e-01;2.3750000e+02;1.8174177e-01;2.3750000e+02;1.3528472e-01;2.3750000e+02;8.7380156e-02;2.3750000e+02;4.4090807e-02;2.3750000e+02;3.8897591e-03;2.3750000e+02;8.6246431e-03;2.3750000e+02;1.8776512e-02;2.3750000e+02;3.2970961e-02;2.3750000e+02;4.9849793e-02;2.3750000e+02;6.9710031e-02;2.3750000e+02;9.1288298e-02;2.3750000e+02;1.1429241e-01;2.3750000e+02;1.3716497e-01;2.3750000e+02;1.5862046e-01;2.3750000e+02;1.8548760e-01;2.3750000e+02;2.1158963e-01;2.3750000e+02;2.2596906e-01;2.3750000e+02;2.1476024e-01;2.3750000e+02;1.8174177e-01;2.3750000e+02;1.3528472e-01;2.3750000e+02;8.7380156e-02;2.3750000e+02;4.4090807e-02;2.3750000e+02;3.8897591e-03;2.3750000e+02;8.6246431e-03;2.3750000e+02;1.8776512e-02;2.3750000e+02;3.2970961e-02;2.3750000e+02;4.9849793e-02;2.3750000e+02;6.9710031e-02;2.3750000e+02;9.1288298e-02;2.3750000e+02;1.1429241e-01;2.3750000e+02;1.3716497e-01;2.3750000e+02;1.5862046e-01;2.3750000e+02;1.8548760e-01;2.3750000e+02;2.1158963e-01;2.3750000e+02;2.2596906e-01;2.3750000e+02;2.1476024e-01;2.3750000e+02;1.8174177e-01;2.3750000e+02;1.3528472e-01;2.3750000e+02;8.7380156e-02;2.3750000e+02;4.4090807e-02;2.3750000e+02;3.8897591e-03;2.3750000e+02;8.6246431e-03;2.3750000e+02;1.8776512e-02;2.3750000e+02;3.2970961e-02;2.3750000e+02;4.9849793e-02;2.3750000e+02;6.9710031e-02;2.3750000e+02;9.1288298e-02;2.3750000e+02;1.1429241e-01;2.3750000e+02;1.3716497e-01;2.3750000e+02;1.5862046e-01;2.3750000e+02;1.8548760e-01;2.3750000e+02;2.1158963e-01;2.3750000e+02;2.2596906e-01;2.3750000e+02;2.1476024e-01;2.3750000e+02;1.8174177e-01;2.3750000e+02;1.3528472e-01;2.3750000e+02;8.7380156e-02;2.3750000e+02;4.4090807e-02;2.3750000e+02;3.8897591e-03;2.3750000e+02;8.6246431e-03;2.3750000e+02;1.8776512e-02;2.3750000e+02;3.2970961e-02;2.3750000e+02;4.9849793e-02;2.3750000e+02;6.9710031e-02;2.3750000e+02;9.1288298e-02;2.3750000e+02;1.1429241e-01;2.3750000e+02;1.3716497e-01;2.3750000e+02;1.5862046e-01;2.3750000e+02;1.8548760e-01;2.3750000e+02;2.1158963e-01;2.3750000e+02;2.2596906e-01;2.3750000e+02;2.1476024e-01;2.3750000e+02;1.8174177e-01;2.3750000e+02;1.3528472e-01;2.3750000e+02;8.7380156e-02;2.3750000e+02;4.4090807e-02;2.3750000e+02;3.8897591e-03;2.3750000e+02;8.6246431e-03;2.3750000e+02;1.8776512e-02;2.3750000e+02;3.2970961e-02;2.3750000e+02;4.9849793e-02;2.3750000e+02;6.9710031e-02;2.3750000e+02;9.1288298e-02;2.3750000e+02;1.1429241e-01;2.3750000e+02;1.3716497e-01;2.3750000e+02;1.5862046e-01;2.3750000e+02;1.8548760e-01;2.3750000e+02;2.1158963e-01;2.3750000e+02;2.2596906e-01;2.3750000e+02;2.1476024e-01;2.3750000e+02;1.8174177e-01;2.3750000e+02;1.3528472e-01;2.3750000e+02;8.7380156e-02;2.3750000e+02;4.4090807e-02;2.3750000e+02;3.8897591e-03;2.3750000e+02;8.6246431e-03;2.3750000e+02;1.8776512e-02;2.3750000e+02;3.2970961e-02;2.3750000e+02;4.9849793e-02;2.3750000e+02;6.9710031e-02;2.3750000e+02;9.1288298e-02;2.3750000e+02;1.1429241e-01;2.3750000e+02;1.3716497e-01;2.3750000e+02;1.5862046e-01;2.3750000e+02;1.8548760e-01;2.3750000e+02;2.1158963e-01;2.3750000e+02;2.2596906e-01;2.3750000e+02;2.1476024e-01;2.3750000e+02;1.8174177e-01;2.3750000e+02;1.3528472e-01;2.3750000e+02;8.7380156e-02;2.3750000e+02;4.4090807e-02;2.3750000e+02;3.8897591e-03;2.3750000e+02;8.6246431e-03;2.3750000e+02;1.8776512e-02;2.3750000e+02;3.2970961e-02;2.3750000e+02;4.9849793e-02;2.3750000e+02;6.9710031e-02;2.3750000e+02;9.1288298e-02;2.3750000e+02;1.1429241e-01;2.3750000e+02;1.3716497e-01;2.3750000e+02;1.5862046e-01;2.3750000e+02;1.8548760e-01;2.3750000e+02;2.1158963e-01;2.3750000e+02;2.2596906e-01;2.3750000e+02;2.1476024e-01;2.3750000e+02;1.8174177e-01;2.3750000e+02;1.3528472e-01;2.3750000e+02;8.7380156e-02;2.3750000e+02;4.4090807e-02;2.3750000e+02;3.8897591e-03;2.3750000e+02;8.6246431e-03;2.3750000e+02;1.8776512e-02;2.3750000e+02;3.2970961e-02;2.3750000e+02;4.9849793e-02;2.3750000e+02;6.9710031e-02;2.3750000e+02;9.1288298e-02;2.3750000e+02;1.1429241e-01;2.3750000e+02;1.3716497e-01;2.3750000e+02;1.5862046e-01;2.3750000e+02;1.8548760e-01;2.3750000e+02;2.1158963e-01;2.3750000e+02;2.2596906e-01;2.3750000e+02;2.1476024e-01;2.3750000e+02;1.8174177e-01;2.3750000e+02;1.3528472e-01;2.3750000e+02;8.7380156e-02;2.3750000e+02;4.4090807e-02;2.3750000e+02;3.8897591e-03;2.3750000e+02;8.6246431e-03;2.3750000e+02;1.8776512e-02;2.3750000e+02;3.2970961e-02;2.3750000e+02;4.9849793e-02;2.3750000e+02;6.9710031e-02;2.3750000e+02;9.1288298e-02;2.3750000e+02;1.1429241e-01;2.3750000e+02;1.3716497e-01;2.3750000e+02;1.5862046e-01;2.3750000e+02;1.8548760e-01;2.3750000e+02;2.1158963e-01;2.3750000e+02;2.2596906e-01;2.3750000e+02;2.1476024e-01;2.3750000e+02;1.8174177e-01;2.3750000e+02;1.3528472e-01;2.3750000e+02;8.7380156e-02;2.3750000e+02;4.4090807e-02;2.3750000e+02;3.8897591e-03;2.3750000e+02;8.6246431e-03;2.3750000e+02;1.8776512e-02;2.3750000e+02;3.2970961e-02;2.3750000e+02;4.9849793e-02;2.3750000e+02;6.9710031e-02;2.3750000e+02;9.1288298e-02;2.3750000e+02;1.1429241e-01;2.3750000e+02;1.3716497e-01;2.3750000e+02;1.5862046e-01;2.3750000e+02;1.8548760e-01;2.3750000e+02;2.1158963e-01;2.3750000e+02;2.2596906e-01;2.3750000e+02;2.1476024e-01;2.3750000e+02;1.8174177e-01;2.3750000e+02;1.3528472e-01;2.3750000e+02;8.7380156e-02;2.3750000e+02;4.4090807e-02;2.3750000e+02;3.8897591e-03;2.3750000e+02;8.6246431e-03;2.3750000e+02;1.8776512e-02;2.3750000e+02;3.2970961e-02;2.3750000e+02;4.9849793e-02;2.3750000e+02;6.9710031e-02;2.3750000e+02;9.1288298e-02;2.3750000e+02;1.1429241e-01;2.3750000e+02;1.3716497e-01;2.3750000e+02;1.5862046e-01;2.3750000e+02;1.8548760e-01;2.3750000e+02;2.1158963e-01;2.3750000e+02;2.2596906e-01;2.3750000e+02;2.1476024e-01;2.3750000e+02;1.8174177e-01;2.3750000e+02;1.3528472e-01;2.3750000e+02;8.7380156e-02;2.3750000e+02;4.4090807e-02;2.3750000e+02;3.8897591e-03;2.3750000e+02;8.6246431e-03;2.3750000e+02;1.8776512e-02;2.3750000e+02;3.2970961e-02;2.3750000e+02;4.9849793e-02;2.3750000e+02;6.9710031e-02;2.3750000e+02;9.1288298e-02;2.3750000e+02;1.1429241e-01;2.3750000e+02;1.3716497e-01;2.3750000e+02;1.5862046e-01;2.3750000e+02;1.8548760e-01;2.3750000e+02;2.1158963e-01;2.3750000e+02;2.2596906e-01;2.3750000e+02;2.1476024e-01;2.3750000e+02;1.8174177e-01;2.3750000e+02;1.3528472e-01;2.3750000e+02;8.7380156e-02;2.3750000e+02;4.4090807e-02;2.3750000e+02;3.8897591e-03;2.3750000e+02;8.6246431e-03;2.3750000e+02;1.8776512e-02;2.3750000e+02;3.2970961e-02;2.3750000e+02;4.9849793e-02;2.3750000e+02;6.9710031e-02;2.3750000e+02;9.1288298e-02;2.3750000e+02;1.1429241e-01;2.3750000e+02;1.3716497e-01;2.3750000e+02;1.5862046e-01;2.3750000e+02;1.8548760e-01;2.3750000e+02;2.1158963e-01;2.3750000e+02;2.2596906e-01;2.3750000e+02;2.1476024e-01;2.3750000e+02;1.8174177e-01;2.3750000e+02;1.3528472e-01;2.3750000e+02;8.7380156e-02;2.3750000e+02;4.4090807e-02;2.3750000e+02;3.8897591e-03;2.3750000e+02;8.6246431e-03;2.3750000e+02;1.8776512e-02;2.3750000e+02;3.2970961e-02;2.3750000e+02;4.9849793e-02;2.3750000e+02;6.9710031e-02;2.3750000e+02;9.1288298e-02;2.3750000e+02;1.1429241e-01;2.3750000e+02;1.3716497e-01;2.3750000e+02;1.5862046e-01;2.3750000e+02;1.8548760e-01;2.3750000e+02;2.1158963e-01;2.3750000e+02;2.2596906e-01;2.3750000e+02;2.1476024e-01;2.3750000e+02;1.8174177e-01;2.3750000e+02;1.3528472e-01;2.3750000e+02;8.7380156e-02;2.3750000e+02;4.4090807e-02;2.3750000e+02;3.8897591e-03;2.3750000e+02;8.6246431e-03;2.3750000e+02;1.8776512e-02;2.3750000e+02;3.2970961e-02;2.3750000e+02;4.9849793e-02;2.3750000e+02;6.9710031e-02;2.3750000e+02;9.1288298e-02;2.3750000e+02;1.1429241e-01;2.3750000e+02;1.3716497e-01;2.3750000e+02;1.5862046e-01;2.3750000e+02;1.8548760e-01;2.3750000e+02;2.1158963e-01;2.3750000e+02;2.2596906e-01;2.3750000e+02;2.1476024e-01;2.3750000e+02;1.8174177e-01;2.3750000e+02;1.3528472e-01;2.3750000e+02;8.7380156e-02;2.3750000e+02;4.4090807e-02;2.3750000e+02;3.8897591e-03;2.3750000e+02;8.6246431e-03;2.3750000e+02;1.8776512e-02;2.3750000e+02;3.2970961e-02;2.3750000e+02;4.9849793e-02;2.3750000e+02;6.9710031e-02;2.3750000e+02;9.1288298e-02;2.3750000e+02;1.1429241e-01;2.3750000e+02;1.3716497e-01;2.3750000e+02;1.5862046e-01;2.3750000e+02;1.8548760e-01;2.3750000e+02;2.1158963e-01;2.3750000e+02;2.2596906e-01;2.3750000e+02;2.1476024e-01;2.3750000e+02;1.8174177e-01;2.3750000e+02;1.3528472e-01;2.3750000e+02;8.7380156e-02;2.3750000e+02;4.4090807e-02;2.3750000e+02;3.8897591e-03;2.3750000e+02;8.6246431e-03;2.3750000e+02;1.8776512e-02;2.3750000e+02;3.2970961e-02;2.3750000e+02;4.9849793e-02;2.3750000e+02;6.9710031e-02;2.3750000e+02;9.1288298e-02;2.3750000e+02;1.1429241e-01;2.3750000e+02;1.3716497e-01;2.3750000e+02;1.5862046e-01;2.3750000e+02;1.8548760e-01;2.3750000e+02;2.1158963e-01;2.3750000e+02;2.2596906e-01;2.3750000e+02;2.1476024e-01;2.3750000e+02;1.8174177e-01;2.3750000e+02;1.3528472e-01;2.3750000e+02;8.7380156e-02;2.3750000e+02;4.4090807e-02;2.3750000e+02;3.8897591e-03;2.3750000e+02;8.6246431e-03;2.3750000e+02;1.8776512e-02;2.3750000e+02;3.2970961e-02;2.3750000e+02;4.9849793e-02;2.3750000e+02;6.9710031e-02;2.3750000e+02;9.1288298e-02;2.3750000e+02;1.1429241e-01;2.3750000e+02;1.3716497e-01;2.3750000e+02;1.5862046e-01;2.3750000e+02;1.8548760e-01;2.3750000e+02;2.1158963e-01;2.3750000e+02;2.2596906e-01;2.3750000e+02;2.1476024e-01;2.3750000e+02;1.8174177e-01;2.3750000e+02;1.3528472e-01;2.3750000e+02;8.7380156e-02;2.3750000e+02;4.4090807e-02;2.3750000e+02;3.8897591e-03;2.3750000e+02;8.6246431e-03;2.3750000e+02;1.8776512e-02;2.3750000e+02;3.2970961e-02;2.3750000e+02;4.9849793e-02;2.3750000e+02;6.9710031e-02;2.3750000e+02;9.1288298e-02;2.3750000e+02;1.1429241e-01;2.3750000e+02;1.3716497e-01;2.3750000e+02;1.5862046e-01;2.3750000e+02;1.8548760e-01;2.3750000e+02;2.1158963e-01;2.3750000e+02;2.2596906e-01;2.3750000e+02;2.1476024e-01;2.3750000e+02;1.8174177e-01;2.3750000e+02;1.3528472e-01;2.3750000e+02;8.7380156e-02;2.3750000e+02;4.4090807e-02;2.3750000e+02;3.8897591e-03;2.3750000e+02;8.6246431e-03;2.3750000e+02;1.8776512e-02;2.3750000e+02;3.2970961e-02;2.3750000e+02;4.9849793e-02;2.3750000e+02;6.9710031e-02;2.3750000e+02;9.1288298e-02;2.3750000e+02;1.1429241e-01;2.3750000e+02;1.3716497e-01;2.3750000e+02;1.5862046e-01;2.3750000e+02;1.8548760e-01;2.3750000e+02;2.1158963e-01;2.3750000e+02;2.2596906e-01;2.3750000e+02;2.1476024e-01;2.3750000e+02;1.8174177e-01;2.3750000e+02;1.3528472e-01;2.3750000e+02;8.7380156e-02;2.3750000e+02;4.4090807e-02;2.3750000e+02;3.8897591e-03;2.3750000e+02;8.6246431e-03;2.3750000e+02;1.8776512e-02;2.3750000e+02;3.2970961e-02;2.3750000e+02;4.9849793e-02;2.3750000e+02;6.9710031e-02;2.3750000e+02;9.1288298e-02;2.3750000e+02;1.1429241e-01;2.3750000e+02;1.3716497e-01;2.3750000e+02;1.5862046e-01;2.3750000e+02;1.8548760e-01;2.3750000e+02;2.1158963e-01;2.3750000e+02;2.2596906e-01;2.3750000e+02;2.1476024e-01;2.3750000e+02;1.8174177e-01;2.3750000e+02;1.3528472e-01;2.3750000e+02;8.7380156e-02;2.3750000e+02;4.4090807e-02;2.3750000e+02;3.8897591e-03;2.3750000e+02;8.6246431e-03;2.3750000e+02;1.8776512e-02;2.3750000e+02;3.2970961e-02;2.3750000e+02;4.9849793e-02;2.3750000e+02;6.9710031e-02;2.3750000e+02;9.1288298e-02;2.3750000e+02;1.1429241e-01;2.3750000e+02;1.3716497e-01;2.3750000e+02;1.5862046e-01;2.3750000e+02;1.8548760e-01;2.3750000e+02;2.1158963e-01;2.3750000e+02;2.2596906e-01;2.3750000e+02;2.1476024e-01;2.3750000e+02;1.8174177e-01;2.3750000e+02;1.3528472e-01;2.3750000e+02;8.7380156e-02;2.3750000e+02;4.4090807e-02;2.3750000e+02;3.8897591e-03;2.3750000e+02;8.6246431e-03;2.3750000e+02;1.8776512e-02;2.3750000e+02;3.2970961e-02;2.3750000e+02;4.9849793e-02;2.3750000e+02;6.9710031e-02;2.3750000e+02;9.1288298e-02;2.3750000e+02;1.1429241e-01;2.3750000e+02;1.3716497e-01;2.3750000e+02;1.5862046e-01;2.3750000e+02;1.8548760e-01;2.3750000e+02;2.1158963e-01;2.3750000e+02;2.2596906e-01;2.3750000e+02;2.1476024e-01;2.3750000e+02;1.8174177e-01;2.3750000e+02;1.3528472e-01;2.3750000e+02;8.7380156e-02;2.3750000e+02;4.4090807e-02;2.3750000e+02;3.8897591e-03;2.3750000e+02;8.6246431e-03;2.3750000e+02;1.8776512e-02;2.3750000e+02;3.2970961e-02;2.3750000e+02;4.9849793e-02;2.3750000e+02;6.9710031e-02;2.3750000e+02;9.1288298e-02;2.3750000e+02;1.1429241e-01;2.3750000e+02;1.3716497e-01;2.3750000e+02;1.5862046e-01;2.3750000e+02;1.8548760e-01;2.3750000e+02;2.1158963e-01;2.3750000e+02;2.2596906e-01;2.3750000e+02;2.1476024e-01;2.3750000e+02;1.8174177e-01;2.3750000e+02;1.3528472e-01;2.3750000e+02;8.7380156e-02;2.3750000e+02;4.4090807e-02;2.3750000e+02;3.8897591e-03;2.3750000e+02;8.6246431e-03;2.3750000e+02;1.8776512e-02;2.3750000e+02;3.2970961e-02;2.3750000e+02;4.9849793e-02;2.3750000e+02;6.9710031e-02;2.3750000e+02;9.1288298e-02;2.3750000e+02;1.1429241e-01;2.3750000e+02;1.3716497e-01;2.3750000e+02;1.5862046e-01;2.3750000e+02;1.8548760e-01;2.3750000e+02;2.1158963e-01;2.3750000e+02;2.2596906e-01;2.3750000e+02;2.1476024e-01;2.3750000e+02;1.8174177e-01;2.3750000e+02;1.3528472e-01;2.3750000e+02;8.7380156e-02;2.3750000e+02;4.4090807e-02;2.3750000e+02;3.8897591e-03;2.3750000e+02;8.6246431e-03;2.3750000e+02;1.8776512e-02;2.3750000e+02;3.2970961e-02;2.3750000e+02;4.9849793e-02;2.3750000e+02;6.9710031e-02;2.3750000e+02;9.1288298e-02;2.3750000e+02;1.1429241e-01;2.3750000e+02;1.3716497e-01;2.3750000e+02;1.5862046e-01;2.3750000e+02;1.8548760e-01;2.3750000e+02;2.1158963e-01;2.3750000e+02;2.2596906e-01;2.3750000e+02;2.1476024e-01;2.3750000e+02;1.8174177e-01;2.3750000e+02;1.3528472e-01;2.3750000e+02;8.7380156e-02;2.3750000e+02;4.4090807e-02;2.3750000e+02;3.8897591e-03;2.3750000e+02;8.6246431e-03;2.3750000e+02;1.8776512e-02;2.3750000e+02;3.2970961e-02;2.3750000e+02;4.9849793e-02;2.3750000e+02;6.9710031e-02;2.3750000e+02;9.1288298e-02;2.3750000e+02;1.1429241e-01;2.3750000e+02;1.3716497e-01;2.3750000e+02;1.5862046e-01;2.3750000e+02;1.8548760e-01;2.3750000e+02;2.1158963e-01;2.3750000e+02;2.2596906e-01;2.3750000e+02;2.1476024e-01;2.3750000e+02;1.8174177e-01;2.3750000e+02;1.3528472e-01;2.3750000e+02;8.7380156e-02;2.3750000e+02;4.4090807e-02;2.3750000e+02;3.8897591e-03;2.3750000e+02;8.6246431e-03;2.3750000e+02;1.8776512e-02;2.3750000e+02;3.2970961e-02;2.3750000e+02;4.9849793e-02;2.3750000e+02;6.9710031e-02;2.3750000e+02;9.1288298e-02;2.3750000e+02;1.1429241e-01;2.3750000e+02;1.3716497e-01;2.3750000e+02;1.5862046e-01;2.3750000e+02;1.8548760e-01;2.3750000e+02;2.1158963e-01;2.3750000e+02;2.2596906e-01;2.3750000e+02;2.1476024e-01;2.3750000e+02;1.8174177e-01;2.3750000e+02;1.3528472e-01;2.3750000e+02;8.7380156e-02;2.3750000e+02;4.4090807e-02;2.3750000e+02;3.8897591e-03;2.3750000e+02;8.6246431e-03;2.3750000e+02;1.8776512e-02;2.3750000e+02;3.2970961e-02;2.3750000e+02;4.9849793e-02;2.3750000e+02;6.9710031e-02;2.3750000e+02;9.1288298e-02;2.3750000e+02;1.1429241e-01;2.3750000e+02;1.3716497e-01;2.3750000e+02;1.5862046e-01;2.3750000e+02;1.8548760e-01;2.3750000e+02;2.1158963e-01;2.3750000e+02;2.2596906e-01;2.3750000e+02;2.1476024e-01;2.3750000e+02;1.8174177e-01;2.3750000e+02;1.3528472e-01;2.3750000e+02;8.7380156e-02;2.3750000e+02;4.4090807e-02;2.3750000e+02;3.8897591e-03;2.3750000e+02;8.6246431e-03;2.3750000e+02;1.8776512e-02;2.3750000e+02;3.2970961e-02;2.3750000e+02;4.9849793e-02;2.3750000e+02;6.9710031e-02;2.3750000e+02;9.1288298e-02;2.3750000e+02;1.1429241e-01;2.3750000e+02;1.3716497e-01;2.3750000e+02;1.5862046e-01;2.3750000e+02;1.8548760e-01;2.3750000e+02;2.1158963e-01;2.3750000e+02;2.2596906e-01;2.3750000e+02;2.1476024e-01;2.3750000e+02;1.8174177e-01;2.3750000e+02;1.3528472e-01;2.3750000e+02;8.7380156e-02;2.3750000e+02;4.4090807e-02;2.3750000e+02;3.8897591e-03;2.3750000e+02;8.6246431e-03;2.3750000e+02;1.8776512e-02;2.3750000e+02;3.2970961e-02;2.3750000e+02;4.9849793e-02;2.3750000e+02;6.9710031e-02;2.3750000e+02;9.1288298e-02;2.3750000e+02;1.1429241e-01;2.3750000e+02;1.3716497e-01;2.3750000e+02;1.5862046e-01;2.3750000e+02;1.8548760e-01;2.3750000e+02;2.1158963e-01;2.3750000e+02;2.2596906e-01;2.3750000e+02;2.1476024e-01;2.3750000e+02;1.8174177e-01;2.3750000e+02;1.3528472e-01;2.3750000e+02;8.7380156e-02;2.3750000e+02;4.4090807e-02;2.3750000e+02;3.8897591e-03;2.3750000e+02;8.6246431e-03;2.3750000e+02;1.8776512e-02;2.3750000e+02;3.2970961e-02;2.3750000e+02;4.9849793e-02;2.3750000e+02;6.9710031e-02;2.3750000e+02;9.1288298e-02;2.3750000e+02;1.1429241e-01;2.3750000e+02;1.3716497e-01;2.3750000e+02;1.5862046e-01;2.3750000e+02;1.8548760e-01;2.3750000e+02;2.1158963e-01;2.3750000e+02;2.2596906e-01;2.3750000e+02;2.1476024e-01;2.3750000e+02;1.8174177e-01;2.3750000e+02;1.3528472e-01;2.3750000e+02;8.7380156e-02;2.3750000e+02;4.4090807e-02;2.3750000e+02;3.8897591e-03;2.3750000e+02;8.6246431e-03;2.3750000e+02;1.8776512e-02;2.3750000e+02;3.2970961e-02;2.3750000e+02;4.9849793e-02;2.3750000e+02;6.9710031e-02;2.3750000e+02;9.1288298e-02;2.3750000e+02;1.1429241e-01;2.3750000e+02;1.3716497e-01;2.3750000e+02;1.5862046e-01;2.3750000e+02;1.8548760e-01;2.3750000e+02;2.1158963e-01;2.3750000e+02;2.2596906e-01;2.3750000e+02;2.1476024e-01;2.3750000e+02;1.8174177e-01;2.3750000e+02;1.3528472e-01;2.3750000e+02;8.7380156e-02;2.3750000e+02;4.4090807e-02;2.3750000e+02;3.8897591e-03;2.3750000e+02;8.6246431e-03;2.3750000e+02;1.8776512e-02;2.3750000e+02;3.2970961e-02;2.3750000e+02;4.9849793e-02;2.3750000e+02;6.9710031e-02;2.3750000e+02;9.1288298e-02;2.3750000e+02;1.1429241e-01;2.3750000e+02;1.3716497e-01;2.3750000e+02;1.5862046e-01;2.3750000e+02;1.8548760e-01;2.3750000e+02;2.1158963e-01;2.3750000e+02;2.2596906e-01;2.3750000e+02;2.1476024e-01;2.3750000e+02;1.8174177e-01;2.3750000e+02;1.3528472e-01;2.3750000e+02;8.7380156e-02;2.3750000e+02;4.4090807e-02;2.3750000e+02;3.8897591e-03;2.3750000e+02;8.6246431e-03;2.3750000e+02;1.8776512e-02;2.3750000e+02;3.2970961e-02;2.3750000e+02;4.9849793e-02;2.3750000e+02;6.9710031e-02;2.3750000e+02;9.1288298e-02;2.3750000e+02;1.1429241e-01;2.3750000e+02;1.3716497e-01;2.3750000e+02;1.5862046e-01;2.3750000e+02;1.8548760e-01;2.3750000e+02;2.1158963e-01;2.3750000e+02;2.2596906e-01;2.3750000e+02;2.1476024e-01;2.3750000e+02;1.8174177e-01;2.3750000e+02;1.3528472e-01;2.3750000e+02;8.7380156e-02;2.3750000e+02;4.4090807e-02;2.3750000e+02;3.8897591e-03;2.3750000e+02;8.6246431e-03;2.3750000e+02;1.8776512e-02;2.3750000e+02;3.2970961e-02;2.3750000e+02;4.9849793e-02;2.3750000e+02;6.9710031e-02;2.3750000e+02;9.1288298e-02;2.3750000e+02;1.1429241e-01;2.3750000e+02;1.3716497e-01;2.3750000e+02;1.5862046e-01;2.3750000e+02;1.8548760e-01;2.3750000e+02;2.1158963e-01;2.3750000e+02;2.2596906e-01;2.3750000e+02;2.1476024e-01;2.3750000e+02;1.8174177e-01;2.3750000e+02;1.3528472e-01;2.3750000e+02;8.7380156e-02;2.3750000e+02;4.4090807e-02;2.3750000e+02;3.8897591e-03;2.3750000e+02;8.6246431e-03;2.3750000e+02;1.8776512e-02;2.3750000e+02;3.2970961e-02;2.3750000e+02;4.9849793e-02;2.3750000e+02;6.9710031e-02;2.3750000e+02;9.1288298e-02;2.3750000e+02;1.1429241e-01;2.3750000e+02;1.3716497e-01;2.3750000e+02;1.5862046e-01;2.3750000e+02;1.8548760e-01;2.3750000e+02;2.1158963e-01;2.3750000e+02;2.2596906e-01;2.3750000e+02;2.1476024e-01;2.3750000e+02;1.8174177e-01;2.3750000e+02;1.3528472e-01;2.3750000e+02;8.7380156e-02;2.3750000e+02;4.4090807e-02;2.3750000e+02;3.8897591e-03;2.3750000e+02;8.6246431e-03;2.3750000e+02;1.8776512e-02;2.3750000e+02;3.2970961e-02;2.3750000e+02;4.9849793e-02;2.3750000e+02;6.9710031e-02;2.3750000e+02;9.1288298e-02;2.3750000e+02;1.1429241e-01;2.3750000e+02;1.3716497e-01;2.3750000e+02;1.5862046e-01;2.3750000e+02;1.8548760e-01;2.3750000e+02;2.1158963e-01;2.3750000e+02;2.2596906e-01;2.3750000e+02;2.1476024e-01;2.3750000e+02;1.8174177e-01;2.3750000e+02;1.3528472e-01;2.3750000e+02;8.7380156e-02;2.3750000e+02;4.4090807e-02;2.3750000e+02;3.8897591e-03;2.3750000e+02;8.6246431e-03;2.3750000e+02;1.8776512e-02;2.3750000e+02;3.2970961e-02;2.3750000e+02;4.9849793e-02;2.3750000e+02;6.9710031e-02;2.3750000e+02;9.1288298e-02;2.3750000e+02;1.1429241e-01;2.3750000e+02;1.3716497e-01;2.3750000e+02;1.5862046e-01;2.3750000e+02;1.8548760e-01;2.3750000e+02;2.1158963e-01;2.3750000e+02;2.2596906e-01;2.3750000e+02;2.1476024e-01;2.3750000e+02;1.8174177e-01;2.3750000e+02;1.3528472e-01;2.3750000e+02;8.7380156e-02;2.3750000e+02;4.4090807e-02;2.3750000e+02;3.8897591e-03;2.3750000e+02;8.6246431e-03;2.3750000e+02;1.8776512e-02;2.3750000e+02;3.2970961e-02;2.3750000e+02;4.9849793e-02;2.3750000e+02;6.9710031e-02;2.3750000e+02;9.1288298e-02;2.3750000e+02;1.1429241e-01;2.3750000e+02;1.3716497e-01;2.3750000e+02;1.5862046e-01;2.3750000e+02;1.8548760e-01;2.3750000e+02;2.1158963e-01;2.3750000e+02;2.2596906e-01;2.3750000e+02;2.1476024e-01;2.3750000e+02;1.8174177e-01;2.3750000e+02;1.3528472e-01;2.3750000e+02;8.7380156e-02;2.3750000e+02;4.4090807e-02;2.3750000e+02;3.8897591e-03;2.3750000e+02;8.6246431e-03;2.3750000e+02;1.8776512e-02;2.3750000e+02;3.2970961e-02;2.3750000e+02;4.9849793e-02;2.3750000e+02;6.9710031e-02;2.3750000e+02;9.1288298e-02;2.3750000e+02;1.1429241e-01;2.3750000e+02;1.3716497e-01;2.3750000e+02;1.5862046e-01;2.3750000e+02;1.8548760e-01;2.3750000e+02;2.1158963e-01;2.3750000e+02;2.2596906e-01;2.3750000e+02;2.1476024e-01;2.3750000e+02;1.8174177e-01;2.3750000e+02;1.3528472e-01;2.3750000e+02;8.7380156e-02;2.3750000e+02;4.4090807e-02;2.3750000e+02;3.8897591e-03;2.3750000e+02;8.6246431e-03;2.3750000e+02;1.8776512e-02;2.3750000e+02;3.2970961e-02;2.3750000e+02;4.9849793e-02;2.3750000e+02;6.9710031e-02;2.3750000e+02;9.1288298e-02;2.3750000e+02;1.1429241e-01;2.3750000e+02;1.3716497e-01;2.3750000e+02;1.5862046e-01;2.3750000e+02;1.8548760e-01;2.3750000e+02;2.1158963e-01;2.3750000e+02;2.2596906e-01;2.3750000e+02;2.1476024e-01;2.3750000e+02;1.8174177e-01;2.3750000e+02;1.3528472e-01;2.3750000e+02;8.7380156e-02;2.3750000e+02;4.4090807e-02;2.3750000e+02;3.8897591e-03;2.3750000e+02;8.6246431e-03;2.3750000e+02;1.8776512e-02;2.3750000e+02;3.2970961e-02;2.3750000e+02;4.9849793e-02;2.3750000e+02;6.9710031e-02;2.3750000e+02;9.1288298e-02;2.3750000e+02;1.1429241e-01;2.3750000e+02;1.3716497e-01;2.3750000e+02;1.5862046e-01;2.3750000e+02;1.8548760e-01;2.3750000e+02;2.1158963e-01;2.3750000e+02;2.2596906e-01;2.3750000e+02;2.1476024e-01;2.3750000e+02;1.8174177e-01;2.3750000e+02;1.3528472e-01;2.3750000e+02;8.7380156e-02;2.3750000e+02;4.4090807e-02;2.3750000e+02;3.8897591e-03;2.3750000e+02;8.6246431e-03;2.3750000e+02;1.8776512e-02;2.3750000e+02;3.2970961e-02;2.3750000e+02;4.9849793e-02;2.3750000e+02;6.9710031e-02;2.3750000e+02;9.1288298e-02;2.3750000e+02;1.1429241e-01;2.3750000e+02;1.3716497e-01;2.3750000e+02;1.5862046e-01;2.3750000e+02;1.8548760e-01;2.3750000e+02;2.1158963e-01;2.3750000e+02;2.2596906e-01;2.3750000e+02;2.1476024e-01;2.3750000e+02;1.8174177e-01;2.3750000e+02;1.3528472e-01;2.3750000e+02;8.7380156e-02;2.3750000e+02;4.4090807e-02;2.3750000e+02;3.8897591e-03;2.3750000e+02;8.6246431e-03;2.3750000e+02;1.8776512e-02;2.3750000e+02;3.2970961e-02;2.3750000e+02;4.9849793e-02;2.3750000e+02;6.9710031e-02;2.3750000e+02;9.1288298e-02;2.3750000e+02;1.1429241e-01;2.3750000e+02;1.3716497e-01;2.3750000e+02;1.5862046e-01;2.3750000e+02;1.8548760e-01;2.3750000e+02;2.1158963e-01;2.3750000e+02;2.2596906e-01;2.3750000e+02;2.1476024e-01;2.3750000e+02;1.8174177e-01;2.3750000e+02;1.3528472e-01;2.3750000e+02;8.7380156e-02;2.3750000e+02;4.4090807e-02;2.3750000e+02;3.8897591e-03;2.3750000e+02;8.6246431e-03;2.3750000e+02;1.8776512e-02;2.3750000e+02;3.2970961e-02;2.3750000e+02;4.9849793e-02;2.3750000e+02;6.9710031e-02;2.3750000e+02;9.1288298e-02;2.3750000e+02;1.1429241e-01;2.3750000e+02;1.3716497e-01;2.3750000e+02;1.5862046e-01;2.3750000e+02;1.8548760e-01;2.3750000e+02;2.1158963e-01;2.3750000e+02;2.2596906e-01;2.3750000e+02;2.1476024e-01;2.3750000e+02;1.8174177e-01;2.3750000e+02;1.3528472e-01;2.3750000e+02;8.7380156e-02;2.3750000e+02;4.4090807e-02;2.3750000e+02;3.8897591e-03;2.3750000e+02;8.6246431e-03;2.3750000e+02;1.8776512e-02;2.3750000e+02;3.2970961e-02;2.3750000e+02;4.9849793e-02;2.3750000e+02;6.9710031e-02;2.3750000e+02;9.1288298e-02;2.3750000e+02;1.1429241e-01;2.3750000e+02;1.3716497e-01;2.3750000e+02;1.5862046e-01;2.3750000e+02;1.8548760e-01;2.3750000e+02;2.1158963e-01;2.3750000e+02;2.2596906e-01;2.3750000e+02;2.1476024e-01;2.3750000e+02;1.8174177e-01;2.3750000e+02;1.3528472e-01;2.3750000e+02;8.7380156e-02;2.3750000e+02;4.4090807e-02;2.3750000e+02;3.8897591e-03;2.3750000e+02;8.6246431e-03;2.3750000e+02;1.8776512e-02;2.3750000e+02;3.2970961e-02;2.3750000e+02;4.9849793e-02;2.3750000e+02;6.9710031e-02;2.3750000e+02;9.1288298e-02;2.3750000e+02;1.1429241e-01;2.3750000e+02;1.3716497e-01;2.3750000e+02;1.5862046e-01;2.3750000e+02;1.8548760e-01;2.3750000e+02;2.1158963e-01;2.3750000e+02;2.2596906e-01;2.3750000e+02;2.1476024e-01;2.3750000e+02;1.8174177e-01;2.3750000e+02;1.3528472e-01;2.3750000e+02;8.7380156e-02;2.3750000e+02;4.4090807e-02;2.3750000e+02;3.8897591e-03;2.3750000e+02;8.6246431e-03;2.3750000e+02;1.8776512e-02;2.3750000e+02;3.2970961e-02;2.3750000e+02;4.9849793e-02;2.3750000e+02;6.9710031e-02;2.3750000e+02;9.1288298e-02;2.3750000e+02;1.1429241e-01;2.3750000e+02;1.3716497e-01;2.3750000e+02;1.5862046e-01;2.3750000e+02;1.8548760e-01;2.3750000e+02;2.1158963e-01;2.3750000e+02;2.2596906e-01;2.3750000e+02;2.1476024e-01;2.3750000e+02;1.8174177e-01;2.3750000e+02;1.3528472e-01;2.3750000e+02;8.7380156e-02;2.3750000e+02;4.4090807e-02;2.3750000e+02;3.8897591e-03;2.3750000e+02;8.6246431e-03;2.3750000e+02;1.8776512e-02;2.3750000e+02;3.2970961e-02;2.3750000e+02;4.9849793e-02;2.3750000e+02;6.9710031e-02;2.3750000e+02;9.1288298e-02;2.3750000e+02;1.1429241e-01;2.3750000e+02;1.3716497e-01;2.3750000e+02;1.5862046e-01;2.3750000e+02;1.8548760e-01;2.3750000e+02;2.1158963e-01;2.3750000e+02;2.2596906e-01;2.3750000e+02;2.1476024e-01;2.3750000e+02;1.8174177e-01;2.3750000e+02;1.3528472e-01;2.3750000e+02;8.7380156e-02;2.3750000e+02;4.4090807e-02;2.3750000e+02;3.8897591e-03;2.3750000e+02;8.6246431e-03;2.3750000e+02;1.8776512e-02;2.3750000e+02;3.2970961e-02;2.3750000e+02;4.9849793e-02;2.3750000e+02;6.9710031e-02;2.3750000e+02;9.1288298e-02;2.3750000e+02;1.1429241e-01;2.3750000e+02;1.3716497e-01;2.3750000e+02;1.5862046e-01;2.3750000e+02;1.8548760e-01;2.3750000e+02;2.1158963e-01;2.3750000e+02;2.2596906e-01;2.3750000e+02;2.1476024e-01;2.3750000e+02;1.8174177e-01;2.3750000e+02;1.3528472e-01;2.3750000e+02;8.7380156e-02;2.3750000e+02;4.4090807e-02;2.3750000e+02;3.8897591e-03;2.3750000e+02;8.6246431e-03;2.3750000e+02;1.8776512e-02;2.3750000e+02;3.2970961e-02;2.3750000e+02;4.9849793e-02;2.3750000e+02;6.9710031e-02;2.3750000e+02;9.1288298e-02;2.3750000e+02;1.1429241e-01;2.3750000e+02;1.3716497e-01;2.3750000e+02;1.5862046e-01;2.3750000e+02;1.8548760e-01;2.3750000e+02;2.1158963e-01;2.3750000e+02;2.2596906e-01;2.3750000e+02;2.1476024e-01;2.3750000e+02;1.8174177e-01;2.3750000e+02;1.3528472e-01;2.3750000e+02;8.7380156e-02;2.3750000e+02;4.4090807e-02;2.3750000e+02;3.8897591e-03;2.3750000e+02;8.6246431e-03;2.3750000e+02;1.8776512e-02;2.3750000e+02;3.2970961e-02;2.3750000e+02;4.9849793e-02;2.3750000e+02;6.9710031e-02;2.3750000e+02;9.1288298e-02;2.3750000e+02;1.1429241e-01;2.3750000e+02;1.3716497e-01;2.3750000e+02;1.5862046e-01;2.3750000e+02;1.8548760e-01;2.3750000e+02;2.1158963e-01;2.3750000e+02;2.2596906e-01;2.3750000e+02;2.1476024e-01;2.3750000e+02;1.8174177e-01;2.3750000e+02;1.3528472e-01;2.3750000e+02;8.7380156e-02;2.3750000e+02;4.4090807e-02;2.3750000e+02;3.8897591e-03;2.3750000e+02;8.6246431e-03;2.3750000e+02;1.8776512e-02;2.3750000e+02;3.2970961e-02;2.3750000e+02;4.9849793e-02;2.3750000e+02;6.9710031e-02;2.3750000e+02;9.1288298e-02;2.3750000e+02;1.1429241e-01;2.3750000e+02;1.3716497e-01;2.3750000e+02;1.5862046e-01;2.3750000e+02;1.8548760e-01;2.3750000e+02;2.1158963e-01;2.3750000e+02;2.2596906e-01;2.3750000e+02;2.1476024e-01;2.3750000e+02;1.8174177e-01;2.3750000e+02;1.3528472e-01;2.3750000e+02;8.7380156e-02;2.3750000e+02;4.4090807e-02;2.3750000e+02;3.8897591e-03;2.3750000e+02;8.6246431e-03;2.3750000e+02;1.8776512e-02;2.3750000e+02;3.2970961e-02;2.3750000e+02;4.9849793e-02;2.3750000e+02;6.9710031e-02;2.3750000e+02;9.1288298e-02;2.3750000e+02;1.1429241e-01;2.3750000e+02;1.3716497e-01;2.3750000e+02;1.5862046e-01;2.3750000e+02;1.8548760e-01;2.3750000e+02;2.1158963e-01;2.3750000e+02;2.2596906e-01;2.3750000e+02;2.1476024e-01;2.3750000e+02;1.8174177e-01;2.3750000e+02;1.3528472e-01;2.3750000e+02;8.7380156e-02;2.3750000e+02;4.4090807e-02;2.3750000e+02;3.8897591e-03;2.3750000e+02;8.6246431e-03;2.3750000e+02;1.8776512e-02;2.3750000e+02;3.2970961e-02;2.3750000e+02;4.9849793e-02;2.3750000e+02;6.9710031e-02;2.3750000e+02;9.1288298e-02;2.3750000e+02;1.1429241e-01;2.3750000e+02;1.3716497e-01;2.3750000e+02;1.5862046e-01;2.3750000e+02;1.8548760e-01;2.3750000e+02;2.1158963e-01;2.3750000e+02;2.2596906e-01;2.3750000e+02;2.1476024e-01;2.3750000e+02;1.8174177e-01;2.3750000e+02;1.3528472e-01;2.3750000e+02;8.7380156e-02;2.3750000e+02;4.4090807e-02;2.3750000e+02;3.8897591e-03;2.3750000e+02;8.6246431e-03;2.3750000e+02;1.8776512e-02;2.3750000e+02;3.2970961e-02;2.3750000e+02;4.9849793e-02;2.3750000e+02;6.9710031e-02;2.3750000e+02;9.1288298e-02;2.3750000e+02;1.1429241e-01;2.3750000e+02;1.3716497e-01;2.3750000e+02;1.5862046e-01;2.3750000e+02;1.8548760e-01;2.3750000e+02;2.1158963e-01;2.3750000e+02;2.2596906e-01;2.3750000e+02;2.1476024e-01;2.3750000e+02;1.8174177e-01;2.3750000e+02;1.3528472e-01;2.3750000e+02;8.7380156e-02;2.3750000e+02;4.4090807e-02;2.3750000e+02;3.8897591e-03;2.3750000e+02;8.6246431e-03;2.3750000e+02;1.8776512e-02;2.3750000e+02;3.2970961e-02;2.3750000e+02;4.9849793e-02;2.3750000e+02;6.9710031e-02;2.3750000e+02;9.1288298e-02;2.3750000e+02;1.1429241e-01;2.3750000e+02;1.3716497e-01;2.3750000e+02;1.5862046e-01;2.3750000e+02;1.8548760e-01;2.3750000e+02;2.1158963e-01;2.3750000e+02;2.2596906e-01;2.3750000e+02;2.1476024e-01;2.3750000e+02;1.8174177e-01;2.3750000e+02;1.3528472e-01;2.3750000e+02;8.7380156e-02;2.3750000e+02;4.4090807e-02;2.3750000e+02;3.8897591e-03;2.3750000e+02;8.6246431e-03;2.3750000e+02;1.8776512e-02;2.3750000e+02;3.2970961e-02;2.3750000e+02;4.9849793e-02;2.3750000e+02;6.9710031e-02;2.3750000e+02;9.1288298e-02;2.3750000e+02;1.1429241e-01;2.3750000e+02;1.3716497e-01;2.3750000e+02;1.5862046e-01;2.3750000e+02;1.8548760e-01;2.3750000e+02;2.1158963e-01;2.3750000e+02;2.2596906e-01;2.3750000e+02;2.1476024e-01;2.3750000e+02;1.8174177e-01;2.3750000e+02;1.3528472e-01;2.3750000e+02;8.7380156e-02;2.3750000e+02;4.4090807e-02;2.3750000e+02;3.8897591e-03;2.3750000e+02;8.6246431e-03;2.3750000e+02;1.8776512e-02;2.3750000e+02;3.2970961e-02;2.3750000e+02;4.9849793e-02;2.3750000e+02;6.9710031e-02;2.3750000e+02;9.1288298e-02;2.3750000e+02;1.1429241e-01;2.3750000e+02;1.3716497e-01;2.3750000e+02;1.5862046e-01;2.3750000e+02;1.8548760e-01;2.3750000e+02;2.1158963e-01;2.3750000e+02;2.2596906e-01;2.3750000e+02;2.1476024e-01;2.3750000e+02;1.8174177e-01;2.3750000e+02;1.3528472e-01;2.3750000e+02;8.7380156e-02;2.3750000e+02;4.4090807e-02;2.3750000e+02;3.8897591e-03;2.3750000e+02;8.6246431e-03;2.3750000e+02;1.8776512e-02;2.3750000e+02;3.2970961e-02;2.3750000e+02;4.9849793e-02;2.3750000e+02;6.9710031e-02;2.3750000e+02;9.1288298e-02;2.3750000e+02;1.1429241e-01;2.3750000e+02;1.3716497e-01;2.3750000e+02;1.5862046e-01;2.3750000e+02;1.8548760e-01;2.3750000e+02;2.1158963e-01;2.3750000e+02;2.2596906e-01;2.3750000e+02;2.1476024e-01;2.3750000e+02;1.8174177e-01;2.3750000e+02;1.3528472e-01;2.3750000e+02;8.7380156e-02;2.3750000e+02;4.4090807e-02;2.3750000e+02;3.8897591e-03;2.3750000e+02;8.6246431e-03;2.3750000e+02;1.8776512e-02;2.3750000e+02;3.2970961e-02;2.3750000e+02;4.9849793e-02;2.3750000e+02;6.9710031e-02;2.3750000e+02;9.1288298e-02;2.3750000e+02;1.1429241e-01;2.3750000e+02;1.3716497e-01;2.3750000e+02;1.5862046e-01;2.3750000e+02;1.8548760e-01;2.3750000e+02;2.1158963e-01;2.3750000e+02;2.2596906e-01;2.3750000e+02;2.1476024e-01;2.3750000e+02;1.8174177e-01;2.3750000e+02;1.3528472e-01;2.3750000e+02;8.7380156e-02;2.3750000e+02;4.4090807e-02;2.3750000e+02;3.8897591e-03;2.3750000e+02;8.6246431e-03;2.3750000e+02;1.8776512e-02;2.3750000e+02;3.2970961e-02;2.3750000e+02;4.9849793e-02;2.3750000e+02;6.9710031e-02;2.3750000e+02;9.1288298e-02;2.3750000e+02;1.1429241e-01;2.3750000e+02;1.3716497e-01;2.3750000e+02;1.5862046e-01;2.3750000e+02;1.8548760e-01;2.3750000e+02;2.1158963e-01;2.3750000e+02;2.2596906e-01;2.3750000e+02;2.1476024e-01;2.3750000e+02;1.8174177e-01;2.3750000e+02;1.3528472e-01;2.3750000e+02;8.7380156e-02;2.3750000e+02;4.4090807e-02;2.3750000e+02;3.8897591e-03;2.3750000e+02;8.6246431e-03;2.3750000e+02;1.8776512e-02;2.3750000e+02;3.2970961e-02;2.3750000e+02;4.9849793e-02;2.3750000e+02;6.9710031e-02;2.3750000e+02;9.1288298e-02;2.3750000e+02;1.1429241e-01;2.3750000e+02;1.3716497e-01;2.3750000e+02;1.5862046e-01;2.3750000e+02;1.8548760e-01;2.3750000e+02;2.1158963e-01;2.3750000e+02;2.2596906e-01;2.3750000e+02;2.1476024e-01;2.3750000e+02;1.8174177e-01;2.3750000e+02;1.3528472e-01;2.3750000e+02;8.7380156e-02;2.3750000e+02;4.4090807e-02;2.3750000e+02;3.8897591e-03;2.3750000e+02;8.6246431e-03;2.3750000e+02;1.8776512e-02;2.3750000e+02;3.2970961e-02;2.3750000e+02;4.9849793e-02;2.3750000e+02;6.9710031e-02;2.3750000e+02;9.1288298e-02;2.3750000e+02;1.1429241e-01;2.3750000e+02;1.3716497e-01;2.3750000e+02;1.5862046e-01;2.3750000e+02;1.8548760e-01;2.3750000e+02;2.1158963e-01;2.3750000e+02;2.2596906e-01;2.3750000e+02;2.1476024e-01;2.3750000e+02;1.8174177e-01;2.3750000e+02;1.3528472e-01;2.3750000e+02;8.7380156e-02;2.3750000e+02;4.4090807e-02;2.3750000e+02;3.8897591e-03;2.3750000e+02;8.6246431e-03;2.3750000e+02;1.8776512e-02;2.3750000e+02;3.2970961e-02;2.3750000e+02;4.9849793e-02;2.3750000e+02;6.9710031e-02;2.3750000e+02;9.1288298e-02;2.3750000e+02;1.1429241e-01;2.3750000e+02;1.3716497e-01;2.3750000e+02;1.5862046e-01;2.3750000e+02;1.8548760e-01;2.3750000e+02;2.1158963e-01;2.3750000e+02;2.2596906e-01;2.3750000e+02;2.1476024e-01;2.3750000e+02;1.8174177e-01;2.3750000e+02;1.3528472e-01;2.3750000e+02;8.7380156e-02;2.3750000e+02;4.4090807e-02;2.3750000e+02;3.8897591e-03;2.3750000e+02;8.6246431e-03;2.3750000e+02;1.8776512e-02;2.3750000e+02;3.2970961e-02;2.3750000e+02;4.9849793e-02;2.3750000e+02;6.9710031e-02;2.3750000e+02;9.1288298e-02;2.3750000e+02;1.1429241e-01;2.3750000e+02;1.3716497e-01;2.3750000e+02;1.5862046e-01;2.3750000e+02;1.8548760e-01;2.3750000e+02;2.1158963e-01;2.3750000e+02;2.2596906e-01;2.3750000e+02;2.1476024e-01;2.3750000e+02;1.8174177e-01;2.3750000e+02;1.3528472e-01;2.3750000e+02;8.7380156e-02;2.3750000e+02;4.4090807e-02;2.3750000e+02;3.8897591e-03;2.3750000e+02;8.6246431e-03;2.3750000e+02;1.8776512e-02;2.3750000e+02;3.2970961e-02;2.3750000e+02;4.9849793e-02;2.3750000e+02;6.9710031e-02;2.3750000e+02;9.1288298e-02;2.3750000e+02;1.1429241e-01;2.3750000e+02;1.3716497e-01;2.3750000e+02;1.5862046e-01;2.3750000e+02;1.8548760e-01;2.3750000e+02;2.1158963e-01;2.3750000e+02;2.2596906e-01;2.3750000e+02;2.1476024e-01;2.3750000e+02;1.8174177e-01;2.3750000e+02;1.3528472e-01;2.3750000e+02;8.7380156e-02;2.3750000e+02;4.4090807e-02;2.3750000e+02;3.8897591e-03;2.3750000e+02;8.6246431e-03;2.3750000e+02;1.8776512e-02;2.3750000e+02;3.2970961e-02;2.3750000e+02;4.9849793e-02;2.3750000e+02;6.9710031e-02;2.3750000e+02;9.1288298e-02;2.3750000e+02;1.1429241e-01;2.3750000e+02;1.3716497e-01;2.3750000e+02;1.5862046e-01;2.3750000e+02;1.8548760e-01;2.3750000e+02;2.1158963e-01;2.3750000e+02;2.2596906e-01;2.3750000e+02;2.1476024e-01;2.3750000e+02;1.8174177e-01;2.3750000e+02;1.3528472e-01;2.3750000e+02;8.7380156e-02;2.3750000e+02;4.4090807e-02;2.3750000e+02;3.8897591e-03;2.3750000e+02;8.6246431e-03;2.3750000e+02;1.8776512e-02;2.3750000e+02;3.2970961e-02;2.3750000e+02;4.9849793e-02;2.3750000e+02;6.9710031e-02;2.3750000e+02;9.1288298e-02;2.3750000e+02;1.1429241e-01;2.3750000e+02;1.3716497e-01;2.3750000e+02;1.5862046e-01;2.3750000e+02;1.8548760e-01;2.3750000e+02;2.1158963e-01;2.3750000e+02;2.2596906e-01;2.3750000e+02;2.1476024e-01;2.3750000e+02;1.8174177e-01;2.3750000e+02;1.3528472e-01;2.3750000e+02;8.7380156e-02;2.3750000e+02;4.4090807e-02;2.3750000e+02;3.8897591e-03;2.3750000e+02;8.6246431e-03;2.3750000e+02;1.8776512e-02;2.3750000e+02;3.2970961e-02;2.3750000e+02;4.9849793e-02;2.3750000e+02;6.9710031e-02;2.3750000e+02;9.1288298e-02;2.3750000e+02;1.1429241e-01;2.3750000e+02;1.3716497e-01;2.3750000e+02;1.5862046e-01;2.3750000e+02;1.8548760e-01;2.3750000e+02;2.1158963e-01;2.3750000e+02;2.2596906e-01;2.3750000e+02;2.1476024e-01;2.3750000e+02;1.8174177e-01;2.3750000e+02;1.3528472e-01;2.3750000e+02;8.7380156e-02;2.3750000e+02;4.4090807e-02;2.3750000e+02;3.8897591e-03;2.3750000e+02;8.6246431e-03;2.3750000e+02;1.8776512e-02;2.3750000e+02;3.2970961e-02;2.3750000e+02;4.9849793e-02;2.3750000e+02;6.9710031e-02;2.3750000e+02;9.1288298e-02;2.3750000e+02;1.1429241e-01;2.3750000e+02;1.3716497e-01;2.3750000e+02;1.5862046e-01;2.3750000e+02;1.8548760e-01;2.3750000e+02;2.1158963e-01;2.3750000e+02;2.2596906e-01;2.3750000e+02;2.1476024e-01;2.3750000e+02;1.8174177e-01;2.3750000e+02;1.3528472e-01;2.3750000e+02;8.7380156e-02;2.3750000e+02;4.4090807e-02;2.3750000e+02;3.8897591e-03;2.3750000e+02;8.6246431e-03;2.3750000e+02;1.8776512e-02;2.3750000e+02;3.2970961e-02;2.3750000e+02;4.9849793e-02;2.3750000e+02;6.9710031e-02;2.3750000e+02;9.1288298e-02;2.3750000e+02;1.1429241e-01;2.3750000e+02;1.3716497e-01;2.3750000e+02;1.5862046e-01;2.3750000e+02;1.8548760e-01;2.3750000e+02;2.1158963e-01;2.3750000e+02;2.2596906e-01;2.3750000e+02;2.1476024e-01;2.3750000e+02;1.8174177e-01;2.3750000e+02;1.3528472e-01;2.3750000e+02;8.7380156e-02;2.3750000e+02;4.4090807e-02;2.3750000e+02;3.8897591e-03;2.3750000e+02;8.6246431e-03;2.3750000e+02;1.8776512e-02;2.3750000e+02;3.2970961e-02;2.3750000e+02;4.9849793e-02;2.3750000e+02;6.9710031e-02;2.3750000e+02;9.1288298e-02;2.3750000e+02;1.1429241e-01;2.3750000e+02;1.3716497e-01;2.3750000e+02;1.5862046e-01;2.3750000e+02;1.8548760e-01;2.3750000e+02;2.1158963e-01;2.3750000e+02;2.2596906e-01;2.3750000e+02;2.1476024e-01;2.3750000e+02;1.8174177e-01;2.3750000e+02;1.3528472e-01;2.3750000e+02;8.7380156e-02;2.3750000e+02;4.4090807e-02;2.3750000e+02;3.8897591e-03;2.3750000e+02;8.6246431e-03;2.3750000e+02;1.8776512e-02;2.3750000e+02;3.2970961e-02;2.3750000e+02;4.9849793e-02;2.3750000e+02;6.9710031e-02;2.3750000e+02;9.1288298e-02;2.3750000e+02;1.1429241e-01;2.3750000e+02;1.3716497e-01;2.3750000e+02;1.5862046e-01;2.3750000e+02;1.8548760e-01;2.3750000e+02;2.1158963e-01;2.3750000e+02;2.2596906e-01;2.3750000e+02;2.1476024e-01;2.3750000e+02;1.8174177e-01;2.3750000e+02;1.3528472e-01;2.3750000e+02;8.7380156e-02;2.3750000e+02;4.4090807e-02;2.3750000e+02;3.8897591e-03;2.3750000e+02;8.6246431e-03;2.3750000e+02;1.8776512e-02;2.3750000e+02;3.2970961e-02;2.3750000e+02;4.9849793e-02;2.3750000e+02;6.9710031e-02;2.3750000e+02;9.1288298e-02;2.3750000e+02;1.1429241e-01;2.3750000e+02;1.3716497e-01;2.3750000e+02;1.5862046e-01;2.3750000e+02;1.8548760e-01;2.3750000e+02;2.1158963e-01;2.3750000e+02;2.2596906e-01;2.3750000e+02;2.1476024e-01;2.3750000e+02;1.8174177e-01;2.3750000e+02;1.3528472e-01;2.3750000e+02;8.7380156e-02;2.3750000e+02;4.4090807e-02;2.3750000e+02;3.8897591e-03;2.3750000e+02;8.6246431e-03;2.3750000e+02;1.8776512e-02;2.3750000e+02;3.2970961e-02;2.3750000e+02;4.9849793e-02;2.3750000e+02;6.9710031e-02;2.3750000e+02;9.1288298e-02;2.3750000e+02;1.1429241e-01;2.3750000e+02;1.3716497e-01;2.3750000e+02;1.5862046e-01;2.3750000e+02;1.8548760e-01;2.3750000e+02;2.1158963e-01;2.3750000e+02;2.2596906e-01;2.3750000e+02;2.1476024e-01;2.3750000e+02;1.8174177e-01;2.3750000e+02;1.3528472e-01;2.3750000e+02;8.7380156e-02;2.3750000e+02;4.4090807e-02;2.3750000e+02;3.8897591e-03;2.3750000e+02;8.6246431e-03;2.3750000e+02;1.8776512e-02;2.3750000e+02;3.2970961e-02;2.3750000e+02;4.9849793e-02;2.3750000e+02;6.9710031e-02;2.3750000e+02;9.1288298e-02;2.3750000e+02;1.1429241e-01;2.3750000e+02;1.3716497e-01;2.3750000e+02;1.5862046e-01;2.3750000e+02;1.8548760e-01;2.3750000e+02;2.1158963e-01;2.3750000e+02;2.2596906e-01;2.3750000e+02;2.1476024e-01;2.3750000e+02;1.8174177e-01;2.3750000e+02;1.3528472e-01;2.3750000e+02;8.7380156e-02;2.3750000e+02;4.4090807e-02;2.3750000e+02;3.8897591e-03;2.3750000e+02;8.6246431e-03;2.3750000e+02;1.8776512e-02;2.3750000e+02;3.2970961e-02;2.3750000e+02;4.9849793e-02;2.3750000e+02;6.9710031e-02;2.3750000e+02;9.1288298e-02;2.3750000e+02;1.1429241e-01;2.3750000e+02;1.3716497e-01;2.3750000e+02;1.5862046e-01;2.3750000e+02;1.8548760e-01;2.3750000e+02;2.1158963e-01;2.3750000e+02;2.2596906e-01;2.3750000e+02;2.1476024e-01;2.3750000e+02;1.8174177e-01;2.3750000e+02;1.3528472e-01;2.3750000e+02;8.7380156e-02;2.3750000e+02;4.4090807e-02;2.3750000e+02;3.8897591e-03;2.3750000e+02;8.6246431e-03;2.3750000e+02;1.8776512e-02;2.3750000e+02;3.2970961e-02;2.3750000e+02;4.9849793e-02;2.3750000e+02;6.9710031e-02;2.3750000e+02;9.1288298e-02;2.3750000e+02;1.1429241e-01;2.3750000e+02;1.3716497e-01;2.3750000e+02;1.5862046e-01;2.3750000e+02;1.8548760e-01;2.3750000e+02;2.1158963e-01;2.3750000e+02;2.2596906e-01;2.3750000e+02;2.1476024e-01;2.3750000e+02;1.8174177e-01;2.3750000e+02;1.3528472e-01;2.3750000e+02;8.7380156e-02;2.3750000e+02;4.4090807e-02;2.3750000e+02;3.8897591e-03;2.3750000e+02;8.6246431e-03;2.3750000e+02;1.8776512e-02;2.3750000e+02;3.2970961e-02;2.3750000e+02;4.9849793e-02;2.3750000e+02;6.9710031e-02;2.3750000e+02;9.1288298e-02;2.3750000e+02;1.1429241e-01;2.3750000e+02;1.3716497e-01;2.3750000e+02;1.5862046e-01;2.3750000e+02;1.8548760e-01;2.3750000e+02;2.1158963e-01;2.3750000e+02;2.2596906e-01;2.3750000e+02;2.1476024e-01;2.3750000e+02;1.8174177e-01;2.3750000e+02;1.3528472e-01;2.3750000e+02;8.7380156e-02;2.3750000e+02;4.4090807e-02;2.3750000e+02;3.8897591e-03;2.3750000e+02;8.6246431e-03;2.3750000e+02;1.8776512e-02;2.3750000e+02;3.2970961e-02;2.3750000e+02;4.9849793e-02;2.3750000e+02;6.9710031e-02;2.3750000e+02;9.1288298e-02;2.3750000e+02;1.1429241e-01;2.3750000e+02;1.3716497e-01;2.3750000e+02;1.5862046e-01;2.3750000e+02;1.8548760e-01;2.3750000e+02;2.1158963e-01;2.3750000e+02;2.2596906e-01;2.3750000e+02;2.1476024e-01;2.3750000e+02;1.8174177e-01;2.3750000e+02;1.3528472e-01;2.3750000e+02;8.7380156e-02;2.3750000e+02;4.4090807e-02;2.3750000e+02;3.8897591e-03;2.3750000e+02;8.6246431e-03;2.3750000e+02;1.8776512e-02;2.3750000e+02;3.2970961e-02;2.3750000e+02;4.9849793e-02;2.3750000e+02;6.9710031e-02;2.3750000e+02;9.1288298e-02;2.3750000e+02;1.1429241e-01;2.3750000e+02;1.3716497e-01;2.3750000e+02;1.5862046e-01;2.3750000e+02;1.8548760e-01;2.3750000e+02;2.1158963e-01;2.3750000e+02;2.2596906e-01;2.3750000e+02;2.1476024e-01;2.3750000e+02;1.8174177e-01;2.3750000e+02;1.3528472e-01;2.3750000e+02;8.7380156e-02;2.3750000e+02;4.4090807e-02;2.3750000e+02;3.8897591e-03;2.3750000e+02;8.6246431e-03;2.3750000e+02;1.8776512e-02;2.3750000e+02;3.2970961e-02;2.3750000e+02;4.9849793e-02;2.3750000e+02;6.9710031e-02;2.3750000e+02;9.1288298e-02;2.3750000e+02;1.1429241e-01;2.3750000e+02;1.3716497e-01;2.3750000e+02;1.5862046e-01;2.3750000e+02;1.8548760e-01;2.3750000e+02;2.1158963e-01;2.3750000e+02;2.2596906e-01;2.3750000e+02;2.1476024e-01;2.3750000e+02;1.8174177e-01;2.3750000e+02;1.3528472e-01;2.3750000e+02;8.7380156e-02;2.3750000e+02;4.4090807e-02;2.3750000e+02;3.8897591e-03;2.3750000e+02;8.6246431e-03;2.3750000e+02;1.8776512e-02;2.3750000e+02;3.2970961e-02;2.3750000e+02;4.9849793e-02;2.3750000e+02;6.9710031e-02;2.3750000e+02;9.1288298e-02;2.3750000e+02;1.1429241e-01;2.3750000e+02;1.3716497e-01;2.3750000e+02;1.5862046e-01;2.3750000e+02;1.8548760e-01;2.3750000e+02;2.1158963e-01;2.3750000e+02;2.2596906e-01;2.3750000e+02;2.1476024e-01;2.3750000e+02;1.8174177e-01;2.3750000e+02;1.3528472e-01;2.3750000e+02;8.7380156e-02;2.3750000e+02;4.4090807e-02;2.3750000e+02;3.8897591e-03;2.3750000e+02;8.6246431e-03;2.3750000e+02;1.8776512e-02;2.3750000e+02;3.2970961e-02;2.3750000e+02;4.9849793e-02;2.3750000e+02;6.9710031e-02;2.3750000e+02;9.1288298e-02;2.3750000e+02;1.1429241e-01;2.3750000e+02;1.3716497e-01;2.3750000e+02;1.5862046e-01;2.3750000e+02;1.8548760e-01;2.3750000e+02;2.1158963e-01;2.3750000e+02;2.2596906e-01;2.3750000e+02;2.1476024e-01;2.3750000e+02;1.8174177e-01;2.3750000e+02;1.3528472e-01;2.3750000e+02;8.7380156e-02;2.3750000e+02;4.4090807e-02;2.3750000e+02;3.8897591e-03;2.3750000e+02;8.6246431e-03;2.3750000e+02;1.8776512e-02;2.3750000e+02;3.2970961e-02;2.3750000e+02;4.9849793e-02;2.3750000e+02;6.9710031e-02;2.3750000e+02;9.1288298e-02;2.3750000e+02;1.1429241e-01;2.3750000e+02;1.3716497e-01;2.3750000e+02;1.5862046e-01;2.3750000e+02;1.8548760e-01;2.3750000e+02;2.1158963e-01;2.3750000e+02;2.2596906e-01;2.3750000e+02;2.1476024e-01;2.3750000e+02;1.8174177e-01;2.3750000e+02;1.3528472e-01;2.3750000e+02;8.7380156e-02;2.3750000e+02;4.4090807e-02;2.3750000e+02;3.8897591e-03;2.3750000e+02;8.6246431e-03;2.3750000e+02;1.8776512e-02;2.3750000e+02;3.2970961e-02;2.3750000e+02;4.9849793e-02;2.3750000e+02;6.9710031e-02;2.3750000e+02;9.1288298e-02;2.3750000e+02;1.1429241e-01;2.3750000e+02;1.3716497e-01;2.3750000e+02;1.5862046e-01;2.3750000e+02;1.8548760e-01;2.3750000e+02;2.1158963e-01;2.3750000e+02;2.2596906e-01;2.3750000e+02;2.1476024e-01;2.3750000e+02;1.8174177e-01;2.3750000e+02;1.3528472e-01;2.3750000e+02;8.7380156e-02;2.3750000e+02;4.4090807e-02;2.3750000e+02;3.8897591e-03;2.3750000e+02;8.6246431e-03;2.3750000e+02;1.8776512e-02;2.3750000e+02;3.2970961e-02;2.3750000e+02;4.9849793e-02;2.3750000e+02;6.9710031e-02;2.3750000e+02;9.1288298e-02;2.3750000e+02;1.1429241e-01;2.3750000e+02;1.3716497e-01;2.3750000e+02;1.5862046e-01;2.3750000e+02;1.8548760e-01;2.3750000e+02;2.1158963e-01;2.3750000e+02;2.2596906e-01;2.3750000e+02;2.1476024e-01;2.3750000e+02;1.8174177e-01;2.3750000e+02;1.3528472e-01;2.3750000e+02;8.7380156e-02;2.3750000e+02;4.4090807e-02;2.3750000e+02;3.8897591e-03;2.3750000e+02;8.6246431e-03;2.3750000e+02;1.8776512e-02;2.3750000e+02;3.2970961e-02;2.3750000e+02;4.9849793e-02;2.3750000e+02;6.9710031e-02;2.3750000e+02;9.1288298e-02;2.3750000e+02;1.1429241e-01;2.3750000e+02;1.3716497e-01;2.3750000e+02;1.5862046e-01;2.3750000e+02;1.8548760e-01;2.3750000e+02;2.1158963e-01;2.3750000e+02;2.2596906e-01;2.3750000e+02;2.1476024e-01;2.3750000e+02;1.8174177e-01;2.3750000e+02;1.3528472e-01;2.3750000e+02;8.7380156e-02;2.3750000e+02;4.4090807e-02;2.3750000e+02;3.8897591e-03;2.3750000e+02;8.6246431e-03;2.3750000e+02;1.8776512e-02;2.3750000e+02;3.2970961e-02;2.3750000e+02;4.9849793e-02;2.3750000e+02;6.9710031e-02;2.3750000e+02;9.1288298e-02;2.3750000e+02;1.1429241e-01;2.3750000e+02;1.3716497e-01;2.3750000e+02;1.5862046e-01;2.3750000e+02;1.8548760e-01;2.3750000e+02;2.1158963e-01;2.3750000e+02;2.2596906e-01;2.3750000e+02;2.1476024e-01;2.3750000e+02;1.8174177e-01;2.3750000e+02;1.3528472e-01;2.3750000e+02;8.7380156e-02;2.3750000e+02;4.4090807e-02;2.3750000e+02;3.8897591e-03;2.3750000e+02;8.6246431e-03;2.3750000e+02;1.8776512e-02;2.3750000e+02;3.2970961e-02;2.3750000e+02;4.9849793e-02;2.3750000e+02;6.9710031e-02;2.3750000e+02;9.1288298e-02;2.3750000e+02;1.1429241e-01;2.3750000e+02;1.3716497e-01;2.3750000e+02;1.5862046e-01;2.3750000e+02;1.8548760e-01;2.3750000e+02;2.1158963e-01;2.3750000e+02;2.2596906e-01;2.3750000e+02;2.1476024e-01;2.3750000e+02;1.8174177e-01;2.3750000e+02;1.3528472e-01;2.3750000e+02;8.7380156e-02;2.3750000e+02;4.4090807e-02;2.3750000e+02;3.8897591e-03;2.3750000e+02;8.6246431e-03;2.3750000e+02;1.8776512e-02;2.3750000e+02;3.2970961e-02;2.3750000e+02;4.9849793e-02;2.3750000e+02;6.9710031e-02;2.3750000e+02;9.1288298e-02;2.3750000e+02;1.1429241e-01;2.3750000e+02;1.3716497e-01;2.3750000e+02;1.5862046e-01;2.3750000e+02;1.8548760e-01;2.3750000e+02;2.1158963e-01;2.3750000e+02;2.2596906e-01;2.3750000e+02;2.1476024e-01;2.3750000e+02;1.8174177e-01;2.3750000e+02;1.3528472e-01;2.3750000e+02;8.7380156e-02;2.3750000e+02;4.4090807e-02;2.3750000e+02;3.8897591e-03;2.3750000e+02;8.6246431e-03;2.3750000e+02;1.8776512e-02;2.3750000e+02;3.2970961e-02;2.3750000e+02;4.9849793e-02;2.3750000e+02;6.9710031e-02;2.3750000e+02;9.1288298e-02;2.3750000e+02;1.1429241e-01;2.3750000e+02;1.3716497e-01;2.3750000e+02;1.5862046e-01;2.3750000e+02;1.8548760e-01;2.3750000e+02;2.1158963e-01;2.3750000e+02;2.2596906e-01;2.3750000e+02;2.1476024e-01;2.3750000e+02;1.8174177e-01;2.3750000e+02;1.3528472e-01;2.3750000e+02;8.7380156e-02;2.3750000e+02;4.4090807e-02;2.3750000e+02;3.8897591e-03;2.3750000e+02;8.6246431e-03;2.3750000e+02;1.8776512e-02;2.3750000e+02;3.2970961e-02;2.3750000e+02;4.9849793e-02;2.3750000e+02;6.9710031e-02;2.3750000e+02;9.1288298e-02;2.3750000e+02;1.1429241e-01;2.3750000e+02;1.3716497e-01;2.3750000e+02;1.5862046e-01;2.3750000e+02;1.8548760e-01;2.3750000e+02;2.1158963e-01;2.3750000e+02;2.2596906e-01;2.3750000e+02;2.1476024e-01;2.3750000e+02;1.8174177e-01;2.3750000e+02;1.3528472e-01;2.3750000e+02;8.7380156e-02;2.3750000e+02;4.4090807e-02;2.3750000e+02;3.8897591e-03;2.3750000e+02;8.6246431e-03;2.3750000e+02;1.8776512e-02;2.3750000e+02;3.2970961e-02;2.3750000e+02;4.9849793e-02;2.3750000e+02;6.9710031e-02;2.3750000e+02;9.1288298e-02;2.3750000e+02;1.1429241e-01;2.3750000e+02;1.3716497e-01;2.3750000e+02;1.5862046e-01;2.3750000e+02;1.8548760e-01;2.3750000e+02;2.1158963e-01;2.3750000e+02;2.2596906e-01;2.3750000e+02;2.1476024e-01;2.3750000e+02;1.8174177e-01;2.3750000e+02;1.3528472e-01;2.3750000e+02;8.7380156e-02;2.3750000e+02;4.4090807e-02;2.3750000e+02;3.8897591e-03;2.3750000e+02;8.6246431e-03;2.3750000e+02;1.8776512e-02;2.3750000e+02;3.2970961e-02;2.3750000e+02;4.9849793e-02;2.3750000e+02;6.9710031e-02;2.3750000e+02;9.1288298e-02;2.3750000e+02;1.1429241e-01;2.3750000e+02;1.3716497e-01;2.3750000e+02;1.5862046e-01;2.3750000e+02;1.8548760e-01;2.3750000e+02;2.1158963e-01;2.3750000e+02;2.2596906e-01;2.3750000e+02;2.1476024e-01;2.3750000e+02;1.8174177e-01;2.3750000e+02;1.3528472e-01;2.3750000e+02;8.7380156e-02;2.3750000e+02;4.4090807e-02;2.3750000e+02;3.8897591e-03;2.3750000e+02;8.6246431e-03;2.3750000e+02;1.8776512e-02;2.3750000e+02;3.2970961e-02;2.3750000e+02;4.9849793e-02;2.3750000e+02;6.9710031e-02;2.3750000e+02;9.1288298e-02;2.3750000e+02;1.1429241e-01;2.3750000e+02;1.3716497e-01;2.3750000e+02;1.5862046e-01;2.3750000e+02;1.8548760e-01;2.3750000e+02;2.1158963e-01;2.3750000e+02;2.2596906e-01;2.3750000e+02;2.1476024e-01;2.3750000e+02;1.8174177e-01;2.3750000e+02;1.3528472e-01;2.3750000e+02;8.7380156e-02;2.3750000e+02;4.4090807e-02;2.3750000e+02;3.8897591e-03;2.3750000e+02;8.6246431e-03;2.3750000e+02;1.8776512e-02;2.3750000e+02;3.2970961e-02;2.3750000e+02;4.9849793e-02;2.3750000e+02;6.9710031e-02;2.3750000e+02;9.1288298e-02;2.3750000e+02;1.1429241e-01;2.3750000e+02;1.3716497e-01;2.3750000e+02;1.5862046e-01;2.3750000e+02;1.8548760e-01;2.3750000e+02;2.1158963e-01;2.3750000e+02;2.2596906e-01;2.3750000e+02;2.1476024e-01;2.3750000e+02;1.8174177e-01;2.3750000e+02;1.3528472e-01;2.3750000e+02;8.7380156e-02;2.3750000e+02;4.4090807e-02;2.3750000e+02;3.8897591e-03;2.3750000e+02;8.6246431e-03;2.3750000e+02;1.8776512e-02;2.3750000e+02;3.2970961e-02;2.3750000e+02;4.9849793e-02;2.3750000e+02;6.9710031e-02;2.3750000e+02;9.1288298e-02;2.3750000e+02;1.1429241e-01;2.3750000e+02;1.3716497e-01;2.3750000e+02;1.5862046e-01;2.3750000e+02;1.8548760e-01;2.3750000e+02;2.1158963e-01;2.3750000e+02;2.2596906e-01;2.3750000e+02;2.1476024e-01;2.3750000e+02;1.8174177e-01;2.3750000e+02;1.3528472e-01;2.3750000e+02;8.7380156e-02;2.3750000e+02;4.4090807e-02;2.3750000e+02;3.8897591e-03;2.3750000e+02;8.6246431e-03;2.3750000e+02;1.8776512e-02;2.3750000e+02;3.2970961e-02;2.3750000e+02;4.9849793e-02;2.3750000e+02;6.9710031e-02;2.3750000e+02;9.1288298e-02;2.3750000e+02;1.1429241e-01;2.3750000e+02;1.3716497e-01;2.3750000e+02;1.5862046e-01;2.3750000e+02;1.8548760e-01;2.3750000e+02;2.1158963e-01;2.3750000e+02;2.2596906e-01;2.3750000e+02;2.1476024e-01;2.3750000e+02;1.8174177e-01;2.3750000e+02;1.3528472e-01;2.3750000e+02;8.7380156e-02;2.3750000e+02;4.4090807e-02;2.3750000e+02;3.8897591e-03;2.3750000e+02;8.6246431e-03;2.3750000e+02;1.8776512e-02;2.3750000e+02;3.2970961e-02;2.3750000e+02;4.9849793e-02;2.3750000e+02;6.9710031e-02;2.3750000e+02;9.1288298e-02;2.3750000e+02;1.1429241e-01;2.3750000e+02;1.3716497e-01;2.3750000e+02;1.5862046e-01;2.3750000e+02;1.8548760e-01;2.3750000e+02;2.1158963e-01;2.3750000e+02;2.2596906e-01;2.3750000e+02;2.1476024e-01;2.3750000e+02;1.8174177e-01;2.3750000e+02;1.3528472e-01;2.3750000e+02;8.7380156e-02;2.3750000e+02;4.4090807e-02;2.3750000e+02;3.8897591e-03;2.3750000e+02;8.6246431e-03;2.3750000e+02;1.8776512e-02;2.3750000e+02;3.2970961e-02;2.3750000e+02;4.9849793e-02;2.3750000e+02;6.9710031e-02;2.3750000e+02;9.1288298e-02;2.3750000e+02;1.1429241e-01;2.3750000e+02;1.3716497e-01;2.3750000e+02;1.5862046e-01;2.3750000e+02;1.8548760e-01;2.3750000e+02;2.1158963e-01;2.3750000e+02;2.2596906e-01;2.3750000e+02;2.1476024e-01;2.3750000e+02;1.8174177e-01;2.3750000e+02;1.3528472e-01;2.3750000e+02;8.7380156e-02;2.3750000e+02;4.4090807e-02;2.3750000e+02;3.8897591e-03;2.3750000e+02;8.6246431e-03;2.3750000e+02;1.8776512e-02;2.3750000e+02;3.2970961e-02;2.3750000e+02;4.9849793e-02;2.3750000e+02;6.9710031e-02;2.3750000e+02;9.1288298e-02;2.3750000e+02;1.1429241e-01;2.3750000e+02;1.3716497e-01;2.3750000e+02;1.5862046e-01;2.3750000e+02;1.8548760e-01;2.3750000e+02;2.1158963e-01;2.3750000e+02;2.2596906e-01;2.3750000e+02;2.1476024e-01;2.3750000e+02;1.8174177e-01;2.3750000e+02;1.3528472e-01;2.3750000e+02;8.7380156e-02;2.3750000e+02;4.4090807e-02;2.3750000e+02;3.8897591e-03;2.3750000e+02;8.6246431e-03;2.3750000e+02;1.8776512e-02;2.3750000e+02;3.2970961e-02;2.3750000e+02;4.9849793e-02;2.3750000e+02;6.9710031e-02;2.3750000e+02;9.1288298e-02;2.3750000e+02;1.1429241e-01;2.3750000e+02;1.3716497e-01;2.3750000e+02;1.5862046e-01;2.3750000e+02;1.8548760e-01;2.3750000e+02;2.1158963e-01;2.3750000e+02;2.2596906e-01;2.3750000e+02;2.1476024e-01;2.3750000e+02;1.8174177e-01;2.3750000e+02;1.3528472e-01;2.3750000e+02;8.7380156e-02;2.3750000e+02;4.4090807e-02;2.3750000e+02;3.8897591e-03;2.3750000e+02;8.6246431e-03;2.3750000e+02;1.8776512e-02;2.3750000e+02;3.2970961e-02;2.3750000e+02;4.9849793e-02;2.3750000e+02;6.9710031e-02;2.3750000e+02;9.1288298e-02;2.3750000e+02;1.1429241e-01;2.3750000e+02;1.3716497e-01;2.3750000e+02;1.5862046e-01;2.3750000e+02;1.8548760e-01;2.3750000e+02;2.1158963e-01;2.3750000e+02;2.2596906e-01;2.3750000e+02;2.1476024e-01;2.3750000e+02;1.8174177e-01;2.3750000e+02;1.3528472e-01;2.3750000e+02;8.7380156e-02;2.3750000e+02;4.4090807e-02;2.3750000e+02;3.8897591e-03;2.3750000e+02;8.6246431e-03;2.3750000e+02;1.8776512e-02;2.3750000e+02;3.2970961e-02;2.3750000e+02;4.9849793e-02;2.3750000e+02;6.9710031e-02;2.3750000e+02;9.1288298e-02;2.3750000e+02;1.1429241e-01;2.3750000e+02;1.3716497e-01;2.3750000e+02;1.5862046e-01;2.3750000e+02;1.8548760e-01;2.3750000e+02;2.1158963e-01;2.3750000e+02;2.2596906e-01;2.3750000e+02;2.1476024e-01;2.3750000e+02;1.8174177e-01;2.3750000e+02;1.3528472e-01;2.3750000e+02;8.7380156e-02;2.3750000e+02;4.4090807e-02;2.3750000e+02;3.8897591e-03;2.3750000e+02;8.6246431e-03;2.3750000e+02;1.8776512e-02;2.3750000e+02;3.2970961e-02;2.3750000e+02;4.9849793e-02;2.3750000e+02;6.9710031e-02;2.3750000e+02;9.1288298e-02;2.3750000e+02;1.1429241e-01;2.3750000e+02;1.3716497e-01;2.3750000e+02;1.5862046e-01;2.3750000e+02;1.8548760e-01;2.3750000e+02;2.1158963e-01;2.3750000e+02;2.2596906e-01;2.3750000e+02;2.1476024e-01;2.3750000e+02;1.8174177e-01;2.3750000e+02;1.3528472e-01;2.3750000e+02;8.7380156e-02;2.3750000e+02;4.4090807e-02;2.3750000e+02;3.8897591e-03;2.3750000e+02;8.6246431e-03;2.3750000e+02;1.8776512e-02;2.3750000e+02;3.2970961e-02;2.3750000e+02;4.9849793e-02;2.3750000e+02;6.9710031e-02;2.3750000e+02;9.1288298e-02;2.3750000e+02;1.1429241e-01;2.3750000e+02;1.3716497e-01;2.3750000e+02;1.5862046e-01;2.3750000e+02;1.8548760e-01;2.3750000e+02;2.1158963e-01;2.3750000e+02;2.2596906e-01;2.3750000e+02;2.1476024e-01;2.3750000e+02;1.8174177e-01;2.3750000e+02;1.3528472e-01;2.3750000e+02;8.7380156e-02;2.3750000e+02;4.4090807e-02;2.3750000e+02;3.8897591e-03;2.3750000e+02;8.6246431e-03;2.3750000e+02;1.8776512e-02;2.3750000e+02;3.2970961e-02;2.3750000e+02;4.9849793e-02;2.3750000e+02;6.9710031e-02;2.3750000e+02;9.1288298e-02;2.3750000e+02;1.1429241e-01;2.3750000e+02;1.3716497e-01;2.3750000e+02;1.5862046e-01;2.3750000e+02;1.8548760e-01;2.3750000e+02;2.1158963e-01;2.3750000e+02;2.2596906e-01;2.3750000e+02;2.1476024e-01;2.3750000e+02;1.8174177e-01;2.3750000e+02;1.3528472e-01;2.3750000e+02;8.7380156e-02;2.3750000e+02;4.4090807e-02;2.3750000e+02;3.8897591e-03;2.3750000e+02;8.6246431e-03;2.3750000e+02;1.8776512e-02;2.3750000e+02;3.2970961e-02;2.3750000e+02;4.9849793e-02;2.3750000e+02;6.9710031e-02;2.3750000e+02;9.1288298e-02;2.3750000e+02;1.1429241e-01;2.3750000e+02;1.3716497e-01;2.3750000e+02;1.5862046e-01;2.3750000e+02;1.8548760e-01;2.3750000e+02;2.1158963e-01;2.3750000e+02;2.2596906e-01;2.3750000e+02;2.1476024e-01;2.3750000e+02;1.8174177e-01;2.3750000e+02;1.3528472e-01;2.3750000e+02;8.7380156e-02;2.3750000e+02;4.4090807e-02;2.3750000e+02;3.8897591e-03;2.3750000e+02;8.6246431e-03;2.3750000e+02;1.8776512e-02;2.3750000e+02;3.2970961e-02;2.3750000e+02;4.9849793e-02;2.3750000e+02;6.9710031e-02;2.3750000e+02;9.1288298e-02;2.3750000e+02;1.1429241e-01;2.3750000e+02;1.3716497e-01;2.3750000e+02;1.5862046e-01;2.3750000e+02;1.8548760e-01;2.3750000e+02;2.1158963e-01;2.3750000e+02;2.2596906e-01;2.3750000e+02;2.1476024e-01;2.3750000e+02;1.8174177e-01;2.3750000e+02;1.3528472e-01;2.3750000e+02;8.7380156e-02;2.3750000e+02;4.4090807e-02;2.3750000e+02;3.8897591e-03;2.3750000e+02;8.6246431e-03;2.3750000e+02;1.8776512e-02;2.3750000e+02;3.2970961e-02;2.3750000e+02;4.9849793e-02;2.3750000e+02;6.9710031e-02;2.3750000e+02;9.1288298e-02;2.3750000e+02;1.1429241e-01;2.3750000e+02;1.3716497e-01;2.3750000e+02;1.5862046e-01;2.3750000e+02;1.8548760e-01;2.3750000e+02;2.1158963e-01;2.3750000e+02;2.2596906e-01;2.3750000e+02;2.1476024e-01;2.3750000e+02;1.8174177e-01;2.3750000e+02;1.3528472e-01;2.3750000e+02;8.7380156e-02;2.3750000e+02;4.4090807e-02;2.3750000e+02;3.8897591e-03;2.3750000e+02;8.6246431e-03;2.3750000e+02;1.8776512e-02;2.3750000e+02;3.2970961e-02;2.3750000e+02;4.9849793e-02;2.3750000e+02;6.9710031e-02;2.3750000e+02;9.1288298e-02;2.3750000e+02;1.1429241e-01;2.3750000e+02;1.3716497e-01;2.3750000e+02;1.5862046e-01;2.3750000e+02;1.8548760e-01;2.3750000e+02;2.1158963e-01;2.3750000e+02;2.2596906e-01;2.3750000e+02;2.1476024e-01;2.3750000e+02;1.8174177e-01;2.3750000e+02;1.3528472e-01;2.3750000e+02;8.7380156e-02;2.3750000e+02;4.4090807e-02;2.3750000e+02;3.8897591e-03;2.3750000e+02;8.6246431e-03;2.3750000e+02;1.8776512e-02;2.3750000e+02;3.2970961e-02;2.3750000e+02;4.9849793e-02;2.3750000e+02;6.9710031e-02;2.3750000e+02;9.1288298e-02;2.3750000e+02;1.1429241e-01;2.3750000e+02;1.3716497e-01;2.3750000e+02;1.5862046e-01;2.3750000e+02;1.8548760e-01;2.3750000e+02;2.1158963e-01;2.3750000e+02;2.2596906e-01;2.3750000e+02;2.1476024e-01;2.3750000e+02;1.8174177e-01;2.3750000e+02;1.3528472e-01;2.3750000e+02;8.7380156e-02;2.3750000e+02;4.4090807e-02;2.3750000e+02;3.8897591e-03;2.3750000e+02;8.6246431e-03;2.3750000e+02;1.8776512e-02;2.3750000e+02;3.2970961e-02;2.3750000e+02;4.9849793e-02;2.3750000e+02;6.9710031e-02;2.3750000e+02;9.1288298e-02;2.3750000e+02;1.1429241e-01;2.3750000e+02;1.3716497e-01;2.3750000e+02;1.5862046e-01;2.3750000e+02;1.8548760e-01;2.3750000e+02;2.1158963e-01;2.3750000e+02;2.2596906e-01;2.3750000e+02;2.1476024e-01;2.3750000e+02;1.8174177e-01;2.3750000e+02;1.3528472e-01;2.3750000e+02;8.7380156e-02;2.3750000e+02;4.4090807e-02;2.3750000e+02;3.8897591e-03;2.3750000e+02;8.6246431e-03;2.3750000e+02;1.8776512e-02;2.3750000e+02;3.2970961e-02;2.3750000e+02;4.9849793e-02;2.3750000e+02;6.9710031e-02;2.3750000e+02;9.1288298e-02;2.3750000e+02;1.1429241e-01;2.3750000e+02;1.3716497e-01;2.3750000e+02;1.5862046e-01;2.3750000e+02;1.8548760e-01;2.3750000e+02;2.1158963e-01;2.3750000e+02;2.2596906e-01;2.3750000e+02;2.1476024e-01;2.3750000e+02;1.8174177e-01;2.3750000e+02;1.3528472e-01;2.3750000e+02;8.7380156e-02;2.3750000e+02;4.4090807e-02;2.3750000e+02;3.8897591e-03;2.3750000e+02;8.6246431e-03;2.3750000e+02;1.8776512e-02;2.3750000e+02;3.2970961e-02;2.3750000e+02;4.9849793e-02;2.3750000e+02;6.9710031e-02;2.3750000e+02;9.1288298e-02;2.3750000e+02;1.1429241e-01;2.3750000e+02;1.3716497e-01;2.3750000e+02;1.5862046e-01;2.3750000e+02;1.8548760e-01;2.3750000e+02;2.1158963e-01;2.3750000e+02;2.2596906e-01;2.3750000e+02;2.1476024e-01;2.3750000e+02;1.8174177e-01;2.3750000e+02;1.3528472e-01;2.3750000e+02;8.7380156e-02;2.3750000e+02;4.4090807e-02;2.3750000e+02;3.8897591e-03;2.3750000e+02;8.6246431e-03;2.3750000e+02;1.8776512e-02;2.3750000e+02;3.2970961e-02;2.3750000e+02;4.9849793e-02;2.3750000e+02;6.9710031e-02;2.3750000e+02;9.1288298e-02;2.3750000e+02;1.1429241e-01;2.3750000e+02;1.3716497e-01;2.3750000e+02;1.5862046e-01;2.3750000e+02;1.8548760e-01;2.3750000e+02;2.1158963e-01;2.3750000e+02;2.2596906e-01;2.3750000e+02;2.1476024e-01;2.3750000e+02;1.8174177e-01;2.3750000e+02;1.3528472e-01;2.3750000e+02;8.7380156e-02;2.3750000e+02;4.4090807e-02;2.3750000e+02;3.8897591e-03;2.3750000e+02;8.6246431e-03;2.3750000e+02;1.8776512e-02;2.3750000e+02;3.2970961e-02;2.3750000e+02;4.9849793e-02;2.3750000e+02;6.9710031e-02;2.3750000e+02;9.1288298e-02;2.3750000e+02;1.1429241e-01;2.3750000e+02;1.3716497e-01;2.3750000e+02;1.5862046e-01;2.3750000e+02;1.8548760e-01;2.3750000e+02;2.1158963e-01;2.3750000e+02;2.2596906e-01;2.3750000e+02;2.1476024e-01;2.3750000e+02;1.8174177e-01;2.3750000e+02;1.3528472e-01;2.3750000e+02;8.7380156e-02;2.3750000e+02;4.4090807e-02;2.3750000e+02;3.8897591e-03;2.3750000e+02;8.6246431e-03;2.3750000e+02;1.8776512e-02;2.3750000e+02;3.2970961e-02;2.3750000e+02;4.9849793e-02;2.3750000e+02;6.9710031e-02;2.3750000e+02;9.1288298e-02;2.3750000e+02;1.1429241e-01;2.3750000e+02;1.3716497e-01;2.3750000e+02;1.5862046e-01;2.3750000e+02;1.8548760e-01;2.3750000e+02;2.1158963e-01;2.3750000e+02;2.2596906e-01;2.3750000e+02;2.1476024e-01;2.3750000e+02;1.8174177e-01;2.3750000e+02;1.3528472e-01;2.3750000e+02;8.7380156e-02;2.3750000e+02;4.4090807e-02;2.3750000e+02;3.8897591e-03;2.3750000e+02;8.6246431e-03;2.3750000e+02;1.8776512e-02;2.3750000e+02;3.2970961e-02;2.3750000e+02;4.9849793e-02;2.3750000e+02;6.9710031e-02;2.3750000e+02;9.1288298e-02;2.3750000e+02;1.1429241e-01;2.3750000e+02;1.3716497e-01;2.3750000e+02;1.5862046e-01;2.3750000e+02;1.8548760e-01;2.3750000e+02;2.1158963e-01;2.3750000e+02;2.2596906e-01;2.3750000e+02;2.1476024e-01;2.3750000e+02;1.8174177e-01;2.3750000e+02;1.3528472e-01;2.3750000e+02;8.7380156e-02;2.3750000e+02;4.4090807e-02;2.3750000e+02;3.8897591e-03;2.3750000e+02;8.6246431e-03;2.3750000e+02;1.8776512e-02;2.3750000e+02;3.2970961e-02;2.3750000e+02;4.9849793e-02;2.3750000e+02;6.9710031e-02;2.3750000e+02;9.1288298e-02;2.3750000e+02;1.1429241e-01;2.3750000e+02;1.3716497e-01;2.3750000e+02;1.5862046e-01;2.3750000e+02;1.8548760e-01;2.3750000e+02;2.1158963e-01;2.3750000e+02;2.2596906e-01;2.3750000e+02;2.1476024e-01;2.3750000e+02;1.8174177e-01;2.3750000e+02;1.3528472e-01;2.3750000e+02;8.7380156e-02;2.3750000e+02;4.4090807e-02;2.3750000e+02;3.8897591e-03;2.3750000e+02;8.6246431e-03;2.3750000e+02;1.8776512e-02;2.3750000e+02;3.2970961e-02;2.3750000e+02;4.9849793e-02;2.3750000e+02;6.9710031e-02;2.3750000e+02;9.1288298e-02;2.3750000e+02;1.1429241e-01;2.3750000e+02;1.3716497e-01;2.3750000e+02;1.5862046e-01;2.3750000e+02;1.8548760e-01;2.3750000e+02;2.1158963e-01;2.3750000e+02;2.2596906e-01;2.3750000e+02;2.1476024e-01;2.3750000e+02;1.8174177e-01;2.3750000e+02;1.3528472e-01;2.3750000e+02;8.7380156e-02;2.3750000e+02;4.4090807e-02;2.3750000e+02;3.8897591e-03;2.3750000e+02;8.6246431e-03;2.3750000e+02;1.8776512e-02;2.3750000e+02;3.2970961e-02;2.3750000e+02;4.9849793e-02;2.3750000e+02;6.9710031e-02;2.3750000e+02;9.1288298e-02;2.3750000e+02;1.1429241e-01;2.3750000e+02;1.3716497e-01;2.3750000e+02;1.5862046e-01;2.3750000e+02;1.8548760e-01;2.3750000e+02;2.1158963e-01;2.3750000e+02;2.2596906e-01;2.3750000e+02;2.1476024e-01;2.3750000e+02;1.8174177e-01;2.3750000e+02;1.3528472e-01;2.3750000e+02;8.7380156e-02;2.3750000e+02;4.4090807e-02;2.3750000e+02;3.8897591e-03;2.3750000e+02;8.6246431e-03;2.3750000e+02;1.8776512e-02;2.3750000e+02;3.2970961e-02;2.3750000e+02;4.9849793e-02;2.3750000e+02;6.9710031e-02;2.3750000e+02;9.1288298e-02;2.3750000e+02;1.1429241e-01;2.3750000e+02;1.3716497e-01;2.3750000e+02;1.5862046e-01;2.3750000e+02;1.8548760e-01;2.3750000e+02;2.1158963e-01;2.3750000e+02;2.2596906e-01;2.3750000e+02;2.1476024e-01;2.3750000e+02;1.8174177e-01;2.3750000e+02;1.3528472e-01;2.3750000e+02;8.7380156e-02;2.3750000e+02;4.4090807e-02;2.3750000e+02;3.8897591e-03;2.3750000e+02;8.6246431e-03;2.3750000e+02;1.8776512e-02;2.3750000e+02;3.2970961e-02;2.3750000e+02;4.9849793e-02;2.3750000e+02;6.9710031e-02;2.3750000e+02;9.1288298e-02;2.3750000e+02;1.1429241e-01;2.3750000e+02;1.3716497e-01;2.3750000e+02;1.5862046e-01;2.3750000e+02;1.8548760e-01;2.3750000e+02;2.1158963e-01;2.3750000e+02;2.2596906e-01;2.3750000e+02;2.1476024e-01;2.3750000e+02;1.8174177e-01;2.3750000e+02;1.3528472e-01;2.3750000e+02;8.7380156e-02;2.3750000e+02;4.4090807e-02;2.3750000e+02;3.8897591e-03;2.3750000e+02;8.6246431e-03;2.3750000e+02;1.8776512e-02;2.3750000e+02;3.2970961e-02;2.3750000e+02;4.9849793e-02;2.3750000e+02;6.9710031e-02;2.3750000e+02;9.1288298e-02;2.3750000e+02;1.1429241e-01;2.3750000e+02;1.3716497e-01;2.3750000e+02;1.5862046e-01;2.3750000e+02;1.8548760e-01;2.3750000e+02;2.1158963e-01;2.3750000e+02;2.2596906e-01;2.3750000e+02;2.1476024e-01;2.3750000e+02;1.8174177e-01;2.3750000e+02;1.3528472e-01;2.3750000e+02;8.7380156e-02;2.3750000e+02;4.4090807e-02;2.3750000e+02;3.8897591e-03;2.3750000e+02;8.6246431e-03;2.3750000e+02;1.8776512e-02;2.3750000e+02;3.2970961e-02;2.3750000e+02;4.9849793e-02;2.3750000e+02;6.9710031e-02;2.3750000e+02;9.1288298e-02;2.3750000e+02;1.1429241e-01;2.3750000e+02;1.3716497e-01;2.3750000e+02;1.5862046e-01;2.3750000e+02;1.8548760e-01;2.3750000e+02;2.1158963e-01;2.3750000e+02;2.2596906e-01;2.3750000e+02;2.1476024e-01;2.3750000e+02;1.8174177e-01;2.3750000e+02;1.3528472e-01;2.3750000e+02;8.7380156e-02;2.3750000e+02;4.4090807e-02;2.3750000e+02;3.8897591e-03;2.3750000e+02;8.6246431e-03;2.3750000e+02;1.8776512e-02;2.3750000e+02;3.2970961e-02;2.3750000e+02;4.9849793e-02;2.3750000e+02;6.9710031e-02;2.3750000e+02;9.1288298e-02;2.3750000e+02;1.1429241e-01;2.3750000e+02;1.3716497e-01;2.3750000e+02;1.5862046e-01;2.3750000e+02;1.8548760e-01;2.3750000e+02;2.1158963e-01;2.3750000e+02;2.2596906e-01;2.3750000e+02;2.1476024e-01;2.3750000e+02;1.8174177e-01;2.3750000e+02;1.3528472e-01;2.3750000e+02;8.7380156e-02;2.3750000e+02;4.4090807e-02;2.3750000e+02;3.8897591e-03;2.3750000e+02;8.6246431e-03;2.3750000e+02;1.8776512e-02;2.3750000e+02;3.2970961e-02;2.3750000e+02;4.9849793e-02;2.3750000e+02;6.9710031e-02;2.3750000e+02;9.1288298e-02;2.3750000e+02;1.1429241e-01;2.3750000e+02;1.3716497e-01;2.3750000e+02;1.5862046e-01;2.3750000e+02;1.8548760e-01;2.3750000e+02;2.1158963e-01;2.3750000e+02;2.2596906e-01;2.3750000e+02;2.1476024e-01;2.3750000e+02;1.8174177e-01;2.3750000e+02;1.3528472e-01;2.3750000e+02;8.7380156e-02;2.3750000e+02;4.4090807e-02;2.3750000e+02;3.8897591e-03;2.3750000e+02;8.6246431e-03;2.3750000e+02;1.8776512e-02;2.3750000e+02;3.2970961e-02;2.3750000e+02;4.9849793e-02;2.3750000e+02;6.9710031e-02;2.3750000e+02;9.1288298e-02;2.3750000e+02;1.1429241e-01;2.3750000e+02;1.3716497e-01;2.3750000e+02;1.5862046e-01;2.3750000e+02;1.8548760e-01;2.3750000e+02;2.1158963e-01;2.3750000e+02;2.2596906e-01;2.3750000e+02;2.1476024e-01;2.3750000e+02;1.8174177e-01;2.3750000e+02;1.3528472e-01;2.3750000e+02;8.7380156e-02;2.3750000e+02;4.4090807e-02;2.3750000e+02;3.8897591e-03;2.3750000e+02;8.6246431e-03;2.3750000e+02;1.8776512e-02;2.3750000e+02;3.2970961e-02;2.3750000e+02;4.9849793e-02;2.3750000e+02;6.9710031e-02;2.3750000e+02;9.1288298e-02;2.3750000e+02;1.1429241e-01;2.3750000e+02;1.3716497e-01;2.3750000e+02;1.5862046e-01;2.3750000e+02;1.8548760e-01;2.3750000e+02;2.1158963e-01;2.3750000e+02;2.2596906e-01;2.3750000e+02;2.1476024e-01;2.3750000e+02;1.8174177e-01;2.3750000e+02;1.3528472e-01;2.3750000e+02;8.7380156e-02;2.3750000e+02;4.4090807e-02;2.3750000e+02;3.8897591e-03;2.3750000e+02;8.6246431e-03;2.3750000e+02;1.8776512e-02;2.3750000e+02;3.2970961e-02;2.3750000e+02;4.9849793e-02;2.3750000e+02;6.9710031e-02;2.3750000e+02;9.1288298e-02;2.3750000e+02;1.1429241e-01;2.3750000e+02;1.3716497e-01;2.3750000e+02;1.5862046e-01;2.3750000e+02;1.8548760e-01;2.3750000e+02;2.1158963e-01;2.3750000e+02;2.2596906e-01;2.3750000e+02;2.1476024e-01;2.3750000e+02;1.8174177e-01;2.3750000e+02;1.3528472e-01;2.3750000e+02;8.7380156e-02;2.3750000e+02;4.4090807e-02;2.3750000e+02;3.8897591e-03;2.3750000e+02;8.6246431e-03;2.3750000e+02;1.8776512e-02;2.3750000e+02;3.2970961e-02;2.3750000e+02;4.9849793e-02;2.3750000e+02;6.9710031e-02;2.3750000e+02;9.1288298e-02;2.3750000e+02;1.1429241e-01;2.3750000e+02;1.3716497e-01;2.3750000e+02;1.5862046e-01;2.3750000e+02;1.8548760e-01;2.3750000e+02;2.1158963e-01;2.3750000e+02;2.2596906e-01;2.3750000e+02;2.1476024e-01;2.3750000e+02;1.8174177e-01;2.3750000e+02;1.3528472e-01;2.3750000e+02;8.7380156e-02;2.3750000e+02;4.4090807e-02;2.3750000e+02;3.8897591e-03;2.3750000e+02;8.6246431e-03;2.3750000e+02;1.8776512e-02;2.3750000e+02;3.2970961e-02;2.3750000e+02;4.9849793e-02;2.3750000e+02;6.9710031e-02;2.3750000e+02;9.1288298e-02;2.3750000e+02;1.1429241e-01;2.3750000e+02;1.3716497e-01;2.3750000e+02;1.5862046e-01;2.3750000e+02;1.8548760e-01;2.3750000e+02;2.1158963e-01;2.3750000e+02;2.2596906e-01;2.3750000e+02;2.1476024e-01;2.3750000e+02;1.8174177e-01;2.3750000e+02;1.3528472e-01;2.3750000e+02;8.7380156e-02;2.3750000e+02;4.4090807e-02;2.3750000e+02;3.8897591e-03;2.3750000e+02;8.6246431e-03;2.3750000e+02;1.8776512e-02;2.3750000e+02;3.2970961e-02;2.3750000e+02;4.9849793e-02;2.3750000e+02;6.9710031e-02;2.3750000e+02;9.1288298e-02;2.3750000e+02;1.1429241e-01;2.3750000e+02;1.3716497e-01;2.3750000e+02;1.5862046e-01;2.3750000e+02;1.8548760e-01;2.3750000e+02;2.1158963e-01;2.3750000e+02;2.2596906e-01;2.3750000e+02;2.1476024e-01;2.3750000e+02;1.8174177e-01;2.3750000e+02;1.3528472e-01;2.3750000e+02;8.7380156e-02;2.3750000e+02;4.4090807e-02;2.3750000e+02;3.8897591e-03;2.3750000e+02;8.6246431e-03;2.3750000e+02;1.8776512e-02;2.3750000e+02;3.2970961e-02;2.3750000e+02;4.9849793e-02;2.3750000e+02;6.9710031e-02;2.3750000e+02;9.1288298e-02;2.3750000e+02;1.1429241e-01;2.3750000e+02;1.3716497e-01;2.3750000e+02;1.5862046e-01;2.3750000e+02;1.8548760e-01;2.3750000e+02;2.1158963e-01;2.3750000e+02;2.2596906e-01;2.3750000e+02;2.1476024e-01;2.3750000e+02;1.8174177e-01;2.3750000e+02;1.3528472e-01;2.3750000e+02;8.7380156e-02;2.3750000e+02;4.4090807e-02;2.3750000e+02;3.8897591e-03;2.3750000e+02;8.6246431e-03;2.3750000e+02;1.8776512e-02;2.3750000e+02;3.2970961e-02;2.3750000e+02;4.9849793e-02;2.3750000e+02;6.9710031e-02;2.3750000e+02;9.1288298e-02;2.3750000e+02;1.1429241e-01;2.3750000e+02;1.3716497e-01;2.3750000e+02;1.5862046e-01;2.3750000e+02;1.8548760e-01;2.3750000e+02;2.1158963e-01;2.3750000e+02;2.2596906e-01;2.3750000e+02;2.1476024e-01;2.3750000e+02;1.8174177e-01;2.3750000e+02;1.3528472e-01;2.3750000e+02;8.7380156e-02;2.3750000e+02;4.4090807e-02;2.3750000e+02;3.8897591e-03;2.3750000e+02;8.6246431e-03;2.3750000e+02;1.8776512e-02;2.3750000e+02;3.2970961e-02;2.3750000e+02;4.9849793e-02;2.3750000e+02;6.9710031e-02;2.3750000e+02;9.1288298e-02;2.3750000e+02;1.1429241e-01;2.3750000e+02;1.3716497e-01;2.3750000e+02;1.5862046e-01;2.3750000e+02;1.8548760e-01;2.3750000e+02;2.1158963e-01;2.3750000e+02;2.2596906e-01;2.3750000e+02;2.1476024e-01;2.3750000e+02;1.8174177e-01;2.3750000e+02;1.3528472e-01;2.3750000e+02;8.7380156e-02;2.3750000e+02;4.4090807e-02;2.3750000e+02;3.8897591e-03;2.3750000e+02;8.6246431e-03;2.3750000e+02;1.8776512e-02;2.3750000e+02;3.2970961e-02;2.3750000e+02;4.9849793e-02;2.3750000e+02;6.9710031e-02;2.3750000e+02;9.1288298e-02;2.3750000e+02;1.1429241e-01;2.3750000e+02;1.3716497e-01;2.3750000e+02;1.5862046e-01;2.3750000e+02;1.8548760e-01;2.3750000e+02;2.1158963e-01;2.3750000e+02;2.2596906e-01;2.3750000e+02;2.1476024e-01;2.3750000e+02;1.8174177e-01;2.3750000e+02;1.3528472e-01;2.3750000e+02;8.7380156e-02;2.3750000e+02;4.4090807e-02;2.3750000e+02;3.8897591e-03;2.3750000e+02;8.6246431e-03;2.3750000e+02;1.8776512e-02;2.3750000e+02;3.2970961e-02;2.3750000e+02;4.9849793e-02;2.3750000e+02;6.9710031e-02;2.3750000e+02;9.1288298e-02;2.3750000e+02;1.1429241e-01;2.3750000e+02;1.3716497e-01;2.3750000e+02;1.5862046e-01;2.3750000e+02;1.8548760e-01;2.3750000e+02;2.1158963e-01;2.3750000e+02;2.2596906e-01;2.3750000e+02;2.1476024e-01;2.3750000e+02;1.8174177e-01;2.3750000e+02;1.3528472e-01;2.3750000e+02;8.7380156e-02;2.3750000e+02;4.4090807e-02;2.3750000e+02;3.8897591e-03;2.3750000e+02;8.6246431e-03;2.3750000e+02;1.8776512e-02;2.3750000e+02;3.2970961e-02;2.3750000e+02;4.9849793e-02;2.3750000e+02;6.9710031e-02;2.3750000e+02;9.1288298e-02;2.3750000e+02;1.1429241e-01;2.3750000e+02;1.3716497e-01;2.3750000e+02;1.5862046e-01;2.3750000e+02;1.8548760e-01;2.3750000e+02;2.1158963e-01;2.3750000e+02;2.2596906e-01;2.3750000e+02;2.1476024e-01;2.3750000e+02;1.8174177e-01;2.3750000e+02;1.3528472e-01;2.3750000e+02;8.7380156e-02;2.3750000e+02;4.4090807e-02;2.3750000e+02;3.8897591e-03;2.3750000e+02;8.6246431e-03;2.3750000e+02;1.8776512e-02;2.3750000e+02;3.2970961e-02;2.3750000e+02;4.9849793e-02;2.3750000e+02;6.9710031e-02;2.3750000e+02;9.1288298e-02;2.3750000e+02;1.1429241e-01;2.3750000e+02;1.3716497e-01;2.3750000e+02;1.5862046e-01;2.3750000e+02;1.8548760e-01;2.3750000e+02;2.1158963e-01;2.3750000e+02;2.2596906e-01;2.3750000e+02;2.1476024e-01;2.3750000e+02;1.8174177e-01;2.3750000e+02;1.3528472e-01;2.3750000e+02;8.7380156e-02;2.3750000e+02;4.4090807e-02;2.3750000e+02;3.8897591e-03;2.3750000e+02;8.6246431e-03;2.3750000e+02;1.8776512e-02;2.3750000e+02;3.2970961e-02;2.3750000e+02;4.9849793e-02;2.3750000e+02;6.9710031e-02;2.3750000e+02;9.1288298e-02;2.3750000e+02;1.1429241e-01;2.3750000e+02;1.3716497e-01;2.3750000e+02;1.5862046e-01;2.3750000e+02;1.8548760e-01;2.3750000e+02;2.1158963e-01;2.3750000e+02;2.2596906e-01;2.3750000e+02;2.1476024e-01;2.3750000e+02;1.8174177e-01;2.3750000e+02;1.3528472e-01;2.3750000e+02;8.7380156e-02;2.3750000e+02;4.4090807e-02;2.3750000e+02;3.8897591e-03;2.3750000e+02;8.6246431e-03;2.3750000e+02;1.8776512e-02;2.3750000e+02;3.2970961e-02;2.3750000e+02;4.9849793e-02;2.3750000e+02;6.9710031e-02;2.3750000e+02;9.1288298e-02;2.3750000e+02;1.1429241e-01;2.3750000e+02;1.3716497e-01;2.3750000e+02;1.5862046e-01;2.3750000e+02;1.8548760e-01;2.3750000e+02;2.1158963e-01;2.3750000e+02;2.2596906e-01;2.3750000e+02;2.1476024e-01;2.3750000e+02;1.8174177e-01;2.3750000e+02;1.3528472e-01;2.3750000e+02;8.7380156e-02;2.3750000e+02;4.4090807e-02;2.3750000e+02;3.8897591e-03;2.3750000e+02;8.6246431e-03;2.3750000e+02;1.8776512e-02;2.3750000e+02;3.2970961e-02;2.3750000e+02;4.9849793e-02;2.3750000e+02;6.9710031e-02;2.3750000e+02;9.1288298e-02;2.3750000e+02;1.1429241e-01;2.3750000e+02;1.3716497e-01;2.3750000e+02;1.5862046e-01;2.3750000e+02;1.8548760e-01;2.3750000e+02;2.1158963e-01;2.3750000e+02;2.2596906e-01;2.3750000e+02;2.1476024e-01;2.3750000e+02;1.8174177e-01;2.3750000e+02;1.3528472e-01;2.3750000e+02;8.7380156e-02;2.3750000e+02;4.4090807e-02;2.3750000e+02;3.8897591e-03;2.3750000e+02;8.6246431e-03;2.3750000e+02;1.8776512e-02;2.3750000e+02;3.2970961e-02;2.3750000e+02;4.9849793e-02;2.3750000e+02;6.9710031e-02;2.3750000e+02;9.1288298e-02;2.3750000e+02;1.1429241e-01;2.3750000e+02;1.3716497e-01;2.3750000e+02;1.5862046e-01;2.3750000e+02;1.8548760e-01;2.3750000e+02;2.1158963e-01;2.3750000e+02;2.2596906e-01;2.3750000e+02;2.1476024e-01;2.3750000e+02;1.8174177e-01;2.3750000e+02;1.3528472e-01;2.3750000e+02;8.7380156e-02;2.3750000e+02;4.4090807e-02;2.3750000e+02;3.8897591e-03;2.3750000e+02;8.6246431e-03;2.3750000e+02;1.8776512e-02;2.3750000e+02;3.2970961e-02;2.3750000e+02;4.9849793e-02;2.3750000e+02;6.9710031e-02;2.3750000e+02;9.1288298e-02;2.3750000e+02;1.1429241e-01;2.3750000e+02;1.3716497e-01;2.3750000e+02;1.5862046e-01;2.3750000e+02;1.8548760e-01;2.3750000e+02;2.1158963e-01;2.3750000e+02;2.2596906e-01;2.3750000e+02;2.1476024e-01;2.3750000e+02;1.8174177e-01;2.3750000e+02;1.3528472e-01;2.3750000e+02;8.7380156e-02;2.3750000e+02;4.4090807e-02;2.3750000e+02;3.8897591e-03;2.3750000e+02;8.6246431e-03;2.3750000e+02;1.8776512e-02;2.3750000e+02;3.2970961e-02;2.3750000e+02;4.9849793e-02;2.3750000e+02;6.9710031e-02;2.3750000e+02;9.1288298e-02;2.3750000e+02;1.1429241e-01;2.3750000e+02;1.3716497e-01;2.3750000e+02;1.5862046e-01;2.3750000e+02;1.8548760e-01;2.3750000e+02;2.1158963e-01;2.3750000e+02;2.2596906e-01;2.3750000e+02;2.1476024e-01;2.3750000e+02;1.8174177e-01;2.3750000e+02;1.3528472e-01;2.3750000e+02;8.7380156e-02;2.3750000e+02;4.4090807e-02;2.3750000e+02;3.8897591e-03;2.3750000e+02;8.6246431e-03;2.3750000e+02;1.8776512e-02;2.3750000e+02;3.2970961e-02;2.3750000e+02;4.9849793e-02;2.3750000e+02;6.9710031e-02;2.3750000e+02;9.1288298e-02;2.3750000e+02;1.1429241e-01;2.3750000e+02;1.3716497e-01;2.3750000e+02;1.5862046e-01;2.3750000e+02;1.8548760e-01;2.3750000e+02;2.1158963e-01;2.3750000e+02;2.2596906e-01;2.3750000e+02;2.1476024e-01;2.3750000e+02;1.8174177e-01;2.3750000e+02;1.3528472e-01;2.3750000e+02;8.7380156e-02;2.3750000e+02;4.4090807e-02;2.3750000e+02;3.8897591e-03;2.3750000e+02;8.6246431e-03;2.3750000e+02;1.8776512e-02;2.3750000e+02;3.2970961e-02;2.3750000e+02;4.9849793e-02;2.3750000e+02;6.9710031e-02;2.3750000e+02;9.1288298e-02;2.3750000e+02;1.1429241e-01;2.3750000e+02;1.3716497e-01;2.3750000e+02;1.5862046e-01;2.3750000e+02;1.8548760e-01;2.3750000e+02;2.1158963e-01;2.3750000e+02;2.2596906e-01;2.3750000e+02;2.1476024e-01;2.3750000e+02;1.8174177e-01;2.3750000e+02;1.3528472e-01;2.3750000e+02;8.7380156e-02;2.3750000e+02;4.4090807e-02;2.3750000e+02;3.8897591e-03;2.3750000e+02;8.6246431e-03;2.3750000e+02;1.8776512e-02;2.3750000e+02;3.2970961e-02;2.3750000e+02;4.9849793e-02;2.3750000e+02;6.9710031e-02;2.3750000e+02;9.1288298e-02;2.3750000e+02;1.1429241e-01;2.3750000e+02;1.3716497e-01;2.3750000e+02;1.5862046e-01;2.3750000e+02;1.8548760e-01;2.3750000e+02;2.1158963e-01;2.3750000e+02;2.2596906e-01;2.3750000e+02;2.1476024e-01;2.3750000e+02;1.8174177e-01;2.3750000e+02;1.3528472e-01;2.3750000e+02;8.7380156e-02;2.3750000e+02;4.4090807e-02;2.3750000e+02;3.8897591e-03;2.3750000e+02;8.6246431e-03;2.3750000e+02;1.8776512e-02;2.3750000e+02;3.2970961e-02;2.3750000e+02;4.9849793e-02;2.3750000e+02;6.9710031e-02;2.3750000e+02;9.1288298e-02;2.3750000e+02;1.1429241e-01;2.3750000e+02;1.3716497e-01;2.3750000e+02;1.5862046e-01;2.3750000e+02;1.8548760e-01;2.3750000e+02;2.1158963e-01;2.3750000e+02;2.2596906e-01;2.3750000e+02;2.1476024e-01;2.3750000e+02;1.8174177e-01;2.3750000e+02;1.3528472e-01;2.3750000e+02;8.7380156e-02;2.3750000e+02;4.4090807e-02;2.3750000e+02;3.8897591e-03;2.3750000e+02;8.6246431e-03;2.3750000e+02;1.8776512e-02;2.3750000e+02;3.2970961e-02;2.3750000e+02;4.9849793e-02;2.3750000e+02;6.9710031e-02;2.3750000e+02;9.1288298e-02;2.3750000e+02;1.1429241e-01;2.3750000e+02;1.3716497e-01;2.3750000e+02;1.5862046e-01;2.3750000e+02;1.8548760e-01;2.3750000e+02;2.1158963e-01;2.3750000e+02;2.2596906e-01;2.3750000e+02;2.1476024e-01;2.3750000e+02;1.8174177e-01;2.3750000e+02;1.3528472e-01;2.3750000e+02;8.7380156e-02;2.3750000e+02;4.4090807e-02;2.3750000e+02;3.8897591e-03;2.3750000e+02;8.6246431e-03;2.3750000e+02;1.8776512e-02;2.3750000e+02;3.2970961e-02;2.3750000e+02;4.9849793e-02;2.3750000e+02;6.9710031e-02;2.3750000e+02;9.1288298e-02;2.3750000e+02;1.1429241e-01;2.3750000e+02;1.3716497e-01;2.3750000e+02;1.5862046e-01;2.3750000e+02;1.8548760e-01;2.3750000e+02;2.1158963e-01;2.3750000e+02;2.2596906e-01;2.3750000e+02;2.1476024e-01;2.3750000e+02;1.8174177e-01;2.3750000e+02;1.3528472e-01;2.3750000e+02;8.7380156e-02;2.3750000e+02;4.4090807e-02;2.3750000e+02;3.8897591e-03;2.3750000e+02;8.6246431e-03;2.3750000e+02;1.8776512e-02;2.3750000e+02;3.2970961e-02;2.3750000e+02;4.9849793e-02;2.3750000e+02;6.9710031e-02;2.3750000e+02;9.1288298e-02;2.3750000e+02;1.1429241e-01;2.3750000e+02;1.3716497e-01;2.3750000e+02;1.5862046e-01;2.3750000e+02;1.8548760e-01;2.3750000e+02;2.1158963e-01;2.3750000e+02;2.2596906e-01;2.3750000e+02;2.1476024e-01;2.3750000e+02;1.8174177e-01;2.3750000e+02;1.3528472e-01;2.3750000e+02;8.7380156e-02;2.3750000e+02;4.4090807e-02;2.3750000e+02;3.8897591e-03;2.3750000e+02;8.6246431e-03;2.3750000e+02;1.8776512e-02;2.3750000e+02;3.2970961e-02;2.3750000e+02;4.9849793e-02;2.3750000e+02;6.9710031e-02;2.3750000e+02;9.1288298e-02;2.3750000e+02;1.1429241e-01;2.3750000e+02;1.3716497e-01;2.3750000e+02;1.5862046e-01;2.3750000e+02;1.8548760e-01;2.3750000e+02;2.1158963e-01;2.3750000e+02;2.2596906e-01;2.3750000e+02;2.1476024e-01;2.3750000e+02;1.8174177e-01;2.3750000e+02;1.3528472e-01;2.3750000e+02;8.7380156e-02;2.3750000e+02;4.4090807e-02;2.3750000e+02;3.8897591e-03;2.3750000e+02;8.6246431e-03;2.3750000e+02;1.8776512e-02;2.3750000e+02;3.2970961e-02;2.3750000e+02;4.9849793e-02;2.3750000e+02;6.9710031e-02;2.3750000e+02;9.1288298e-02;2.3750000e+02;1.1429241e-01;2.3750000e+02;1.3716497e-01;2.3750000e+02;1.5862046e-01;2.3750000e+02;1.8548760e-01;2.3750000e+02;2.1158963e-01;2.3750000e+02;2.2596906e-01;2.3750000e+02;2.1476024e-01;2.3750000e+02;1.8174177e-01;2.3750000e+02;1.3528472e-01;2.3750000e+02;8.7380156e-02;2.3750000e+02;4.4090807e-02;2.3750000e+02;3.8897591e-03;2.3750000e+02;8.6246431e-03;2.3750000e+02;1.8776512e-02;2.3750000e+02;3.2970961e-02;2.3750000e+02;4.9849793e-02;2.3750000e+02;6.9710031e-02;2.3750000e+02;9.1288298e-02;2.3750000e+02;1.1429241e-01;2.3750000e+02;1.3716497e-01;2.3750000e+02;1.5862046e-01;2.3750000e+02;1.8548760e-01;2.3750000e+02;2.1158963e-01;2.3750000e+02;2.2596906e-01;2.3750000e+02;2.1476024e-01;2.3750000e+02;1.8174177e-01;2.3750000e+02;1.3528472e-01;2.3750000e+02;8.7380156e-02;2.3750000e+02;4.4090807e-02;2.3750000e+02;3.8897591e-03;2.3750000e+02;8.6246431e-03;2.3750000e+02;1.8776512e-02;2.3750000e+02;3.2970961e-02;2.3750000e+02;4.9849793e-02;2.3750000e+02;6.9710031e-02;2.3750000e+02;9.1288298e-02;2.3750000e+02;1.1429241e-01;2.3750000e+02;1.3716497e-01;2.3750000e+02;1.5862046e-01;2.3750000e+02;1.8548760e-01;2.3750000e+02;2.1158963e-01;2.3750000e+02;2.2596906e-01;2.3750000e+02;2.1476024e-01;2.3750000e+02;1.8174177e-01;2.3750000e+02;1.3528472e-01;2.3750000e+02;8.7380156e-02;2.3750000e+02;4.4090807e-02;2.3750000e+02;3.8897591e-03;2.3750000e+02;8.6246431e-03;2.3750000e+02;1.8776512e-02;2.3750000e+02;3.2970961e-02;2.3750000e+02;4.9849793e-02;2.3750000e+02;6.9710031e-02;2.3750000e+02;9.1288298e-02;2.3750000e+02;1.1429241e-01;2.3750000e+02;1.3716497e-01;2.3750000e+02;1.5862046e-01;2.3750000e+02;1.8548760e-01;2.3750000e+02;2.1158963e-01;2.3750000e+02;2.2596906e-01;2.3750000e+02;2.1476024e-01;2.3750000e+02;1.8174177e-01;2.3750000e+02;1.3528472e-01;2.3750000e+02;8.7380156e-02;2.3750000e+02;4.4090807e-02;2.3750000e+02;3.8897591e-03;2.3750000e+02;8.6246431e-03;2.3750000e+02;1.8776512e-02;2.3750000e+02;3.2970961e-02;2.3750000e+02;4.9849793e-02;2.3750000e+02;6.9710031e-02;2.3750000e+02;9.1288298e-02;2.3750000e+02;1.1429241e-01;2.3750000e+02;1.3716497e-01;2.3750000e+02;1.5862046e-01;2.3750000e+02;1.8548760e-01;2.3750000e+02;2.1158963e-01;2.3750000e+02;2.2596906e-01;2.3750000e+02;2.1476024e-01;2.3750000e+02;1.8174177e-01;2.3750000e+02;1.3528472e-01;2.3750000e+02;8.7380156e-02;2.3750000e+02;4.4090807e-02;2.3750000e+02;3.8897591e-03;2.3750000e+02;8.6246431e-03;2.3750000e+02;1.8776512e-02;2.3750000e+02;3.2970961e-02;2.3750000e+02;4.9849793e-02;2.3750000e+02;6.9710031e-02;2.3750000e+02;9.1288298e-02;2.3750000e+02;1.1429241e-01;2.3750000e+02;1.3716497e-01;2.3750000e+02;1.5862046e-01;2.3750000e+02;1.8548760e-01;2.3750000e+02;2.1158963e-01;2.3750000e+02;2.2596906e-01;2.3750000e+02;2.1476024e-01;2.3750000e+02;1.8174177e-01;2.3750000e+02;1.3528472e-01;2.3750000e+02;8.7380156e-02;2.3750000e+02;4.4090807e-02;2.3750000e+02;3.8897591e-03;2.3750000e+02;8.6246431e-03;2.3750000e+02;1.8776512e-02;2.3750000e+02;3.2970961e-02;2.3750000e+02;4.9849793e-02;2.3750000e+02;6.9710031e-02;2.3750000e+02;9.1288298e-02;2.3750000e+02;1.1429241e-01;2.3750000e+02;1.3716497e-01;2.3750000e+02;1.5862046e-01;2.3750000e+02;1.8548760e-01;2.3750000e+02;2.1158963e-01;2.3750000e+02;2.2596906e-01;2.3750000e+02;2.1476024e-01;2.3750000e+02;1.8174177e-01;2.3750000e+02;1.3528472e-01;2.3750000e+02;8.7380156e-02;2.3750000e+02;4.4090807e-02;2.3750000e+02;3.8897591e-03;2.3750000e+02;8.6246431e-03;2.3750000e+02;1.8776512e-02;2.3750000e+02;3.2970961e-02;2.3750000e+02;4.9849793e-02;2.3750000e+02;6.9710031e-02;2.3750000e+02;9.1288298e-02;2.3750000e+02;1.1429241e-01;2.3750000e+02;1.3716497e-01;2.3750000e+02;1.5862046e-01;2.3750000e+02;1.8548760e-01;2.3750000e+02;2.1158963e-01;2.3750000e+02;2.2596906e-01;2.3750000e+02;2.1476024e-01;2.3750000e+02;1.8174177e-01;2.3750000e+02;1.3528472e-01;2.3750000e+02;8.7380156e-02;2.3750000e+02;4.4090807e-02;2.3750000e+02;3.8897591e-03;2.3750000e+02;8.6246431e-03;2.3750000e+02;1.8776512e-02;2.3750000e+02;3.2970961e-02;2.3750000e+02;4.9849793e-02;2.3750000e+02;6.9710031e-02;2.3750000e+02;9.1288298e-02;2.3750000e+02;1.1429241e-01;2.3750000e+02;1.3716497e-01;2.3750000e+02;1.5862046e-01;2.3750000e+02;1.8548760e-01;2.3750000e+02;2.1158963e-01;2.3750000e+02;2.2596906e-01;2.3750000e+02;2.1476024e-01;2.3750000e+02;1.8174177e-01;2.3750000e+02;1.3528472e-01;2.3750000e+02;8.7380156e-02;2.3750000e+02;4.4090807e-02;2.3750000e+02;3.8897591e-03;2.3750000e+02;8.6246431e-03;2.3750000e+02;1.8776512e-02;2.3750000e+02;3.2970961e-02;2.3750000e+02;4.9849793e-02;2.3750000e+02;6.9710031e-02;2.3750000e+02;9.1288298e-02;2.3750000e+02;1.1429241e-01;2.3750000e+02;1.3716497e-01;2.3750000e+02;1.5862046e-01;2.3750000e+02;1.8548760e-01;2.3750000e+02;2.1158963e-01;2.3750000e+02;2.2596906e-01;2.3750000e+02;2.1476024e-01;2.3750000e+02;1.8174177e-01;2.3750000e+02;1.3528472e-01;2.3750000e+02;8.7380156e-02;2.3750000e+02;4.4090807e-02;2.3750000e+02;3.8897591e-03;2.3750000e+02;8.6246431e-03;2.3750000e+02;1.8776512e-02;2.3750000e+02;3.2970961e-02;2.3750000e+02;4.9849793e-02;2.3750000e+02;6.9710031e-02;2.3750000e+02;9.1288298e-02;2.3750000e+02;1.1429241e-01;2.3750000e+02;1.3716497e-01;2.3750000e+02;1.5862046e-01;2.3750000e+02;1.8548760e-01;2.3750000e+02;2.1158963e-01;2.3750000e+02;2.2596906e-01;2.3750000e+02;2.1476024e-01;2.3750000e+02;1.8174177e-01;2.3750000e+02;1.3528472e-01;2.3750000e+02;8.7380156e-02;2.3750000e+02;4.4090807e-02;2.3750000e+02;3.8897591e-03;2.3750000e+02;8.6246431e-03;2.3750000e+02;1.8776512e-02;2.3750000e+02;3.2970961e-02;2.3750000e+02;4.9849793e-02;2.3750000e+02;6.9710031e-02;2.3750000e+02;9.1288298e-02;2.3750000e+02;1.1429241e-01;2.3750000e+02;1.3716497e-01;2.3750000e+02;1.5862046e-01;2.3750000e+02;1.8548760e-01;2.3750000e+02;2.1158963e-01;2.3750000e+02;2.2596906e-01;2.3750000e+02;2.1476024e-01;2.3750000e+02;1.8174177e-01;2.3750000e+02;1.3528472e-01;2.3750000e+02;8.7380156e-02;2.3750000e+02;4.4090807e-02;2.3750000e+02;3.8897591e-03;2.3750000e+02;8.6246431e-03;2.3750000e+02;1.8776512e-02;2.3750000e+02;3.2970961e-02;2.3750000e+02;4.9849793e-02;2.3750000e+02;6.9710031e-02;2.3750000e+02;9.1288298e-02;2.3750000e+02;1.1429241e-01;2.3750000e+02;1.3716497e-01;2.3750000e+02;1.5862046e-01;2.3750000e+02;1.8548760e-01;2.3750000e+02;2.1158963e-01;2.3750000e+02;2.2596906e-01;2.3750000e+02;2.1476024e-01;2.3750000e+02;1.8174177e-01;2.3750000e+02;1.3528472e-01;2.3750000e+02;8.7380156e-02;2.3750000e+02;4.4090807e-02;2.3750000e+02;3.8897591e-03;2.3750000e+02;8.6246431e-03;2.3750000e+02;1.8776512e-02;2.3750000e+02;3.2970961e-02;2.3750000e+02;4.9849793e-02;2.3750000e+02;6.9710031e-02;2.3750000e+02;9.1288298e-02;2.3750000e+02;1.1429241e-01;2.3750000e+02;1.3716497e-01;2.3750000e+02;1.5862046e-01;2.3750000e+02;1.8548760e-01;2.3750000e+02;2.1158963e-01;2.3750000e+02;2.2596906e-01;2.3750000e+02;2.1476024e-01;2.3750000e+02;1.8174177e-01;2.3750000e+02;1.3528472e-01;2.3750000e+02;8.7380156e-02;2.3750000e+02;4.4090807e-02;2.3750000e+02;3.8897591e-03;2.3750000e+02;8.6246431e-03;2.3750000e+02;1.8776512e-02;2.3750000e+02;3.2970961e-02;2.3750000e+02;4.9849793e-02;2.3750000e+02;6.9710031e-02;2.3750000e+02;9.1288298e-02;2.3750000e+02;1.1429241e-01;2.3750000e+02;1.3716497e-01;2.3750000e+02;1.5862046e-01;2.3750000e+02;1.8548760e-01;2.3750000e+02;2.1158963e-01;2.3750000e+02;2.2596906e-01;2.3750000e+02;2.1476024e-01;2.3750000e+02;1.8174177e-01;2.3750000e+02;1.3528472e-01;2.3750000e+02;8.7380156e-02;2.3750000e+02;4.4090807e-02;2.3750000e+02;3.8897591e-03;2.3750000e+02;8.6246431e-03;2.3750000e+02;1.8776512e-02;2.3750000e+02;3.2970961e-02;2.3750000e+02;4.9849793e-02;2.3750000e+02;6.9710031e-02;2.3750000e+02;9.1288298e-02;2.3750000e+02;1.1429241e-01;2.3750000e+02;1.3716497e-01;2.3750000e+02;1.5862046e-01;2.3750000e+02;1.8548760e-01;2.3750000e+02;2.1158963e-01;2.3750000e+02;2.2596906e-01;2.3750000e+02;2.1476024e-01;2.3750000e+02;1.8174177e-01;2.3750000e+02;1.3528472e-01;2.3750000e+02;8.7380156e-02;2.3750000e+02;4.4090807e-02;2.3750000e+02;3.8897591e-03;2.3750000e+02;8.6246431e-03;2.3750000e+02;1.8776512e-02;2.3750000e+02;3.2970961e-02;2.3750000e+02;4.9849793e-02;2.3750000e+02;6.9710031e-02;2.3750000e+02;9.1288298e-02;2.3750000e+02;1.1429241e-01;2.3750000e+02;1.3716497e-01;2.3750000e+02;1.5862046e-01;2.3750000e+02;1.8548760e-01;2.3750000e+02;2.1158963e-01;2.3750000e+02;2.2596906e-01;2.3750000e+02;2.1476024e-01;2.3750000e+02;1.8174177e-01;2.3750000e+02;1.3528472e-01;2.3750000e+02;8.7380156e-02;2.3750000e+02;4.4090807e-02;2.3750000e+02;3.8897591e-03;2.3750000e+02;8.6246431e-03;2.3750000e+02;1.8776512e-02;2.3750000e+02;3.2970961e-02;2.3750000e+02;4.9849793e-02;2.3750000e+02;6.9710031e-02;2.3750000e+02;9.1288298e-02;2.3750000e+02;1.1429241e-01;2.3750000e+02;1.3716497e-01;2.3750000e+02;1.5862046e-01;2.3750000e+02;1.8548760e-01;2.3750000e+02;2.1158963e-01;2.3750000e+02;2.2596906e-01;2.3750000e+02;2.1476024e-01;2.3750000e+02;1.8174177e-01;2.3750000e+02;1.3528472e-01;2.3750000e+02;8.7380156e-02;2.3750000e+02;4.4090807e-02;2.3750000e+02;3.8897591e-03;2.3750000e+02;8.6246431e-03;2.3750000e+02;1.8776512e-02;2.3750000e+02;3.2970961e-02;2.3750000e+02;4.9849793e-02;2.3750000e+02;6.9710031e-02;2.3750000e+02;9.1288298e-02;2.3750000e+02;1.1429241e-01;2.3750000e+02;1.3716497e-01;2.3750000e+02;1.5862046e-01;2.3750000e+02;1.8548760e-01;2.3750000e+02;2.1158963e-01;2.3750000e+02;2.2596906e-01;2.3750000e+02;2.1476024e-01;2.3750000e+02;1.8174177e-01;2.3750000e+02;1.3528472e-01;2.3750000e+02;8.7380156e-02;2.3750000e+02;4.4090807e-02;2.3750000e+02;3.8897591e-03;2.3750000e+02;8.6246431e-03;2.3750000e+02;1.8776512e-02;2.3750000e+02;3.2970961e-02;2.3750000e+02;4.9849793e-02;2.3750000e+02;6.9710031e-02;2.3750000e+02;9.1288298e-02;2.3750000e+02;1.1429241e-01;2.3750000e+02;1.3716497e-01;2.3750000e+02;1.5862046e-01;2.3750000e+02;1.8548760e-01;2.3750000e+02;2.1158963e-01;2.3750000e+02;2.2596906e-01;2.3750000e+02;2.1476024e-01;2.3750000e+02;1.8174177e-01;2.3750000e+02;1.3528472e-01;2.3750000e+02;8.7380156e-02;2.3750000e+02;4.4090807e-02;2.3750000e+02;3.8897591e-03;2.3750000e+02;8.6246431e-03;2.3750000e+02;1.8776512e-02;2.3750000e+02;3.2970961e-02;2.3750000e+02;4.9849793e-02;2.3750000e+02;6.9710031e-02;2.3750000e+02;9.1288298e-02;2.3750000e+02;1.1429241e-01;2.3750000e+02;1.3716497e-01;2.3750000e+02;1.5862046e-01;2.3750000e+02;1.8548760e-01;2.3750000e+02;2.1158963e-01;2.3750000e+02;2.2596906e-01;2.3750000e+02;2.1476024e-01;2.3750000e+02;1.8174177e-01;2.3750000e+02;1.3528472e-01;2.3750000e+02;8.7380156e-02;2.3750000e+02;4.4090807e-02;2.3750000e+02;3.8897591e-03;2.3750000e+02;8.6246431e-03;2.3750000e+02;1.8776512e-02;2.3750000e+02;3.2970961e-02;2.3750000e+02;4.9849793e-02;2.3750000e+02;6.9710031e-02;2.3750000e+02;9.1288298e-02;2.3750000e+02;1.1429241e-01;2.3750000e+02;1.3716497e-01;2.3750000e+02;1.5862046e-01;2.3750000e+02;1.8548760e-01;2.3750000e+02;2.1158963e-01;2.3750000e+02;2.2596906e-01;2.3750000e+02;2.1476024e-01;2.3750000e+02;1.8174177e-01;2.3750000e+02;1.3528472e-01;2.3750000e+02;8.7380156e-02;2.3750000e+02;4.4090807e-02;2.3750000e+02;3.8897591e-03;2.3750000e+02;8.6246431e-03;2.3750000e+02;1.8776512e-02;2.3750000e+02;3.2970961e-02;2.3750000e+02;4.9849793e-02;2.3750000e+02;6.9710031e-02;2.3750000e+02;9.1288298e-02;2.3750000e+02;1.1429241e-01;2.3750000e+02;1.3716497e-01;2.3750000e+02;1.5862046e-01;2.3750000e+02;1.8548760e-01;2.3750000e+02;2.1158963e-01;2.3750000e+02;2.2596906e-01;2.3750000e+02;2.1476024e-01;2.3750000e+02;1.8174177e-01;2.3750000e+02;1.3528472e-01;2.3750000e+02;8.7380156e-02;2.3750000e+02;4.4090807e-02
2.4250000e+02;6.9316905e-03;2.4250000e+02;1.1123410e-02;2.4250000e+02;1.9850146e-02;2.4250000e+02;3.3082474e-02;2.4250000e+02;4.9794018e-02;2.4250000e+02;7.0049495e-02;2.4250000e+02;9.3210608e-02;2.4250000e+02;1.1775054e-01;2.4250000e+02;1.4294396e-01;2.4250000e+02;1.6552766e-01;2.4250000e+02;1.9112691e-01;2.4250000e+02;2.1388280e-01;2.4250000e+02;2.2592059e-01;2.4250000e+02;2.1338198e-01;2.4250000e+02;1.8047771e-01;2.4250000e+02;1.3494475e-01;2.4250000e+02;8.8037282e-02;2.4250000e+02;4.5396894e-02;2.4250000e+02;6.9316905e-03;2.4250000e+02;1.1123410e-02;2.4250000e+02;1.9850146e-02;2.4250000e+02;3.3082474e-02;2.4250000e+02;4.9794018e-02;2.4250000e+02;7.0049495e-02;2.4250000e+02;9.3210608e-02;2.4250000e+02;1.1775054e-01;2.4250000e+02;1.4294396e-01;2.4250000e+02;1.6552766e-01;2.4250000e+02;1.9112691e-01;2.4250000e+02;2.1388280e-01;2.4250000e+02;2.2592059e-01;2.4250000e+02;2.1338198e-01;2.4250000e+02;1.8047771e-01;2.4250000e+02;1.3494475e-01;2.4250000e+02;8.8037282e-02;2.4250000e+02;4.5396894e-02;2.4250000e+02;6.9316905e-03;2.4250000e+02;1.1123410e-02;2.4250000e+02;1.9850146e-02;2.4250000e+02;3.3082474e-02;2.4250000e+02;4.9794018e-02;2.4250000e+02;7.0049495e-02;2.4250000e+02;9.3210608e-02;2.4250000e+02;1.1775054e-01;2.4250000e+02;1.4294396e-01;2.4250000e+02;1.6552766e-01;2.4250000e+02;1.9112691e-01;2.4250000e+02;2.1388280e-01;2.4250000e+02;2.2592059e-01;2.4250000e+02;2.1338198e-01;2.4250000e+02;1.8047771e-01;2.4250000e+02;1.3494475e-01;2.4250000e+02;8.8037282e-02;2.4250000e+02;4.5396894e-02;2.4250000e+02;6.9316905e-03;2.4250000e+02;1.1123410e-02;2.4250000e+02;1.9850146e-02;2.4250000e+02;3.3082474e-02;2.4250000e+02;4.9794018e-02;2.4250000e+02;7.0049495e-02;2.4250000e+02;9.3210608e-02;2.4250000e+02;1.1775054e-01;2.4250000e+02;1.4294396e-01;2.4250000e+02;1.6552766e-01;2.4250000e+02;1.9112691e-01;2.4250000e+02;2.1388280e-01;2.4250000e+02;2.2592059e-01;2.4250000e+02;2.1338198e-01;2.4250000e+02;1.8047771e-01;2.4250000e+02;1.3494475e-01;2.4250000e+02;8.8037282e-02;2.4250000e+02;4.5396894e-02;2.4250000e+02;6.9316905e-03;2.4250000e+02;1.1123410e-02;2.4250000e+02;1.9850146e-02;2.4250000e+02;3.3082474e-02;2.4250000e+02;4.9794018e-02;2.4250000e+02;7.0049495e-02;2.4250000e+02;9.3210608e-02;2.4250000e+02;1.1775054e-01;2.4250000e+02;1.4294396e-01;2.4250000e+02;1.6552766e-01;2.4250000e+02;1.9112691e-01;2.4250000e+02;2.1388280e-01;2.4250000e+02;2.2592059e-01;2.4250000e+02;2.1338198e-01;2.4250000e+02;1.8047771e-01;2.4250000e+02;1.3494475e-01;2.4250000e+02;8.8037282e-02;2.4250000e+02;4.5396894e-02;2.4250000e+02;6.9316905e-03;2.4250000e+02;1.1123410e-02;2.4250000e+02;1.9850146e-02;2.4250000e+02;3.3082474e-02;2.4250000e+02;4.9794018e-02;2.4250000e+02;7.0049495e-02;2.4250000e+02;9.3210608e-02;2.4250000e+02;1.1775054e-01;2.4250000e+02;1.4294396e-01;2.4250000e+02;1.6552766e-01;2.4250000e+02;1.9112691e-01;2.4250000e+02;2.1388280e-01;2.4250000e+02;2.2592059e-01;2.4250000e+02;2.1338198e-01;2.4250000e+02;1.8047771e-01;2.4250000e+02;1.3494475e-01;2.4250000e+02;8.8037282e-02;2.4250000e+02;4.5396894e-02;2.4250000e+02;6.9316905e-03;2.4250000e+02;1.1123410e-02;2.4250000e+02;1.9850146e-02;2.4250000e+02;3.3082474e-02;2.4250000e+02;4.9794018e-02;2.4250000e+02;7.0049495e-02;2.4250000e+02;9.3210608e-02;2.4250000e+02;1.1775054e-01;2.4250000e+02;1.4294396e-01;2.4250000e+02;1.6552766e-01;2.4250000e+02;1.9112691e-01;2.4250000e+02;2.1388280e-01;2.4250000e+02;2.2592059e-01;2.4250000e+02;2.1338198e-01;2.4250000e+02;1.8047771e-01;2.4250000e+02;1.3494475e-01;2.4250000e+02;8.8037282e-02;2.4250000e+02;4.5396894e-02;2.4250000e+02;6.9316905e-03;2.4250000e+02;1.1123410e-02;2.4250000e+02;1.9850146e-02;2.4250000e+02;3.3082474e-02;2.4250000e+02;4.9794018e-02;2.4250000e+02;7.0049495e-02;2.4250000e+02;9.3210608e-02;2.4250000e+02;1.1775054e-01;2.4250000e+02;1.4294396e-01;2.4250000e+02;1.6552766e-01;2.4250000e+02;1.9112691e-01;2.4250000e+02;2.1388280e-01;2.4250000e+02;2.2592059e-01;2.4250000e+02;2.1338198e-01;2.4250000e+02;1.8047771e-01;2.4250000e+02;1.3494475e-01;2.4250000e+02;8.8037282e-02;2.4250000e+02;4.5396894e-02;2.4250000e+02;6.9316905e-03;2.4250000e+02;1.1123410e-02;2.4250000e+02;1.9850146e-02;2.4250000e+02;3.3082474e-02;2.4250000e+02;4.9794018e-02;2.4250000e+02;7.0049495e-02;2.4250000e+02;9.3210608e-02;2.4250000e+02;1.1775054e-01;2.4250000e+02;1.4294396e-01;2.4250000e+02;1.6552766e-01;2.4250000e+02;1.9112691e-01;2.4250000e+02;2.1388280e-01;2.4250000e+02;2.2592059e-01;2.4250000e+02;2.1338198e-01;2.4250000e+02;1.8047771e-01;2.4250000e+02;1.3494475e-01;2.4250000e+02;8.8037282e-02;2.4250000e+02;4.5396894e-02;2.4250000e+02;6.9316905e-03;2.4250000e+02;1.1123410e-02;2.4250000e+02;1.9850146e-02;2.4250000e+02;3.3082474e-02;2.4250000e+02;4.9794018e-02;2.4250000e+02;7.0049495e-02;2.4250000e+02;9.3210608e-02;2.4250000e+02;1.1775054e-01;2.4250000e+02;1.4294396e-01;2.4250000e+02;1.6552766e-01;2.4250000e+02;1.9112691e-01;2.4250000e+02;2.1388280e-01;2.4250000e+02;2.2592059e-01;2.4250000e+02;2.1338198e-01;2.4250000e+02;1.8047771e-01;2.4250000e+02;1.3494475e-01;2.4250000e+02;8.8037282e-02;2.4250000e+02;4.5396894e-02;2.4250000e+02;6.9316905e-03;2.4250000e+02;1.1123410e-02;2.4250000e+02;1.9850146e-02;2.4250000e+02;3.3082474e-02;2.4250000e+02;4.9794018e-02;2.4250000e+02;7.0049495e-02;2.4250000e+02;9.3210608e-02;2.4250000e+02;1.1775054e-01;2.4250000e+02;1.4294396e-01;2.4250000e+02;1.6552766e-01;2.4250000e+02;1.9112691e-01;2.4250000e+02;2.1388280e-01;2.4250000e+02;2.2592059e-01;2.4250000e+02;2.1338198e-01;2.4250000e+02;1.8047771e-01;2.4250000e+02;1.3494475e-01;2.4250000e+02;8.8037282e-02;2.4250000e+02;4.5396894e-02;2.4250000e+02;6.9316905e-03;2.4250000e+02;1.1123410e-02;2.4250000e+02;1.9850146e-02;2.4250000e+02;3.3082474e-02;2.4250000e+02;4.9794018e-02;2.4250000e+02;7.0049495e-02;2.4250000e+02;9.3210608e-02;2.4250000e+02;1.1775054e-01;2.4250000e+02;1.4294396e-01;2.4250000e+02;1.6552766e-01;2.4250000e+02;1.9112691e-01;2.4250000e+02;2.1388280e-01;2.4250000e+02;2.2592059e-01;2.4250000e+02;2.1338198e-01;2.4250000e+02;1.8047771e-01;2.4250000e+02;1.3494475e-01;2.4250000e+02;8.8037282e-02;2.4250000e+02;4.5396894e-02;2.4250000e+02;6.9316905e-03;2.4250000e+02;1.1123410e-02;2.4250000e+02;1.9850146e-02;2.4250000e+02;3.3082474e-02;2.4250000e+02;4.9794018e-02;2.4250000e+02;7.0049495e-02;2.4250000e+02;9.3210608e-02;2.4250000e+02;1.1775054e-01;2.4250000e+02;1.4294396e-01;2.4250000e+02;1.6552766e-01;2.4250000e+02;1.9112691e-01;2.4250000e+02;2.1388280e-01;2.4250000e+02;2.2592059e-01;2.4250000e+02;2.1338198e-01;2.4250000e+02;1.8047771e-01;2.4250000e+02;1.3494475e-01;2.4250000e+02;8.8037282e-02;2.4250000e+02;4.5396894e-02;2.4250000e+02;6.9316905e-03;2.4250000e+02;1.1123410e-02;2.4250000e+02;1.9850146e-02;2.4250000e+02;3.3082474e-02;2.4250000e+02;4.9794018e-02;2.4250000e+02;7.0049495e-02;2.4250000e+02;9.3210608e-02;2.4250000e+02;1.1775054e-01;2.4250000e+02;1.4294396e-01;2.4250000e+02;1.6552766e-01;2.4250000e+02;1.9112691e-01;2.4250000e+02;2.1388280e-01;2.4250000e+02;2.2592059e-01;2.4250000e+02;2.1338198e-01;2.4250000e+02;1.8047771e-01;2.4250000e+02;1.3494475e-01;2.4250000e+02;8.8037282e-02;2.4250000e+02;4.5396894e-02;2.4250000e+02;6.9316905e-03;2.4250000e+02;1.1123410e-02;2.4250000e+02;1.9850146e-02;2.4250000e+02;3.3082474e-02;2.4250000e+02;4.9794018e-02;2.4250000e+02;7.0049495e-02;2.4250000e+02;9.3210608e-02;2.4250000e+02;1.1775054e-01;2.4250000e+02;1.4294396e-01;2.4250000e+02;1.6552766e-01;2.4250000e+02;1.9112691e-01;2.4250000e+02;2.1388280e-01;2.4250000e+02;2.2592059e-01;2.4250000e+02;2.1338198e-01;2.4250000e+02;1.8047771e-01;2.4250000e+02;1.3494475e-01;2.4250000e+02;8.8037282e-02;2.4250000e+02;4.5396894e-02;2.4250000e+02;6.9316905e-03;2.4250000e+02;1.1123410e-02;2.4250000e+02;1.9850146e-02;2.4250000e+02;3.3082474e-02;2.4250000e+02;4.9794018e-02;2.4250000e+02;7.0049495e-02;2.4250000e+02;9.3210608e-02;2.4250000e+02;1.1775054e-01;2.4250000e+02;1.4294396e-01;2.4250000e+02;1.6552766e-01;2.4250000e+02;1.9112691e-01;2.4250000e+02;2.1388280e-01;2.4250000e+02;2.2592059e-01;2.4250000e+02;2.1338198e-01;2.4250000e+02;1.8047771e-01;2.4250000e+02;1.3494475e-01;2.4250000e+02;8.8037282e-02;2.4250000e+02;4.5396894e-02;2.4250000e+02;6.9316905e-03;2.4250000e+02;1.1123410e-02;2.4250000e+02;1.9850146e-02;2.4250000e+02;3.3082474e-02;2.4250000e+02;4.9794018e-02;2.4250000e+02;7.0049495e-02;2.4250000e+02;9.3210608e-02;2.4250000e+02;1.1775054e-01;2.4250000e+02;1.4294396e-01;2.4250000e+02;1.6552766e-01;2.4250000e+02;1.9112691e-01;2.4250000e+02;2.1388280e-01;2.4250000e+02;2.2592059e-01;2.4250000e+02;2.1338198e-01;2.4250000e+02;1.8047771e-01;2.4250000e+02;1.3494475e-01;2.4250000e+02;8.8037282e-02;2.4250000e+02;4.5396894e-02;2.4250000e+02;6.9316905e-03;2.4250000e+02;1.1123410e-02;2.4250000e+02;1.9850146e-02;2.4250000e+02;3.3082474e-02;2.4250000e+02;4.9794018e-02;2.4250000e+02;7.0049495e-02;2.4250000e+02;9.3210608e-02;2.4250000e+02;1.1775054e-01;2.4250000e+02;1.4294396e-01;2.4250000e+02;1.6552766e-01;2.4250000e+02;1.9112691e-01;2.4250000e+02;2.1388280e-01;2.4250000e+02;2.2592059e-01;2.4250000e+02;2.1338198e-01;2.4250000e+02;1.8047771e-01;2.4250000e+02;1.3494475e-01;2.4250000e+02;8.8037282e-02;2.4250000e+02;4.5396894e-02;2.4250000e+02;6.9316905e-03;2.4250000e+02;1.1123410e-02;2.4250000e+02;1.9850146e-02;2.4250000e+02;3.3082474e-02;2.4250000e+02;4.9794018e-02;2.4250000e+02;7.0049495e-02;2.4250000e+02;9.3210608e-02;2.4250000e+02;1.1775054e-01;2.4250000e+02;1.4294396e-01;2.4250000e+02;1.6552766e-01;2.4250000e+02;1.9112691e-01;2.4250000e+02;2.1388280e-01;2.4250000e+02;2.2592059e-01;2.4250000e+02;2.1338198e-01;2.4250000e+02;1.8047771e-01;2.4250000e+02;1.3494475e-01;2.4250000e+02;8.8037282e-02;2.4250000e+02;4.5396894e-02;2.4250000e+02;6.9316905e-03;2.4250000e+02;1.1123410e-02;2.4250000e+02;1.9850146e-02;2.4250000e+02;3.3082474e-02;2.4250000e+02;4.9794018e-02;2.4250000e+02;7.0049495e-02;2.4250000e+02;9.3210608e-02;2.4250000e+02;1.1775054e-01;2.4250000e+02;1.4294396e-01;2.4250000e+02;1.6552766e-01;2.4250000e+02;1.9112691e-01;2.4250000e+02;2.1388280e-01;2.4250000e+02;2.2592059e-01;2.4250000e+02;2.1338198e-01;2.4250000e+02;1.8047771e-01;2.4250000e+02;1.3494475e-01;2.4250000e+02;8.8037282e-02;2.4250000e+02;4.5396894e-02;2.4250000e+02;6.9316905e-03;2.4250000e+02;1.1123410e-02;2.4250000e+02;1.9850146e-02;2.4250000e+02;3.3082474e-02;2.4250000e+02;4.9794018e-02;2.4250000e+02;7.0049495e-02;2.4250000e+02;9.3210608e-02;2.4250000e+02;1.1775054e-01;2.4250000e+02;1.4294396e-01;2.4250000e+02;1.6552766e-01;2.4250000e+02;1.9112691e-01;2.4250000e+02;2.1388280e-01;2.4250000e+02;2.2592059e-01;2.4250000e+02;2.1338198e-01;2.4250000e+02;1.8047771e-01;2.4250000e+02;1.3494475e-01;2.4250000e+02;8.8037282e-02;2.4250000e+02;4.5396894e-02;2.4250000e+02;6.9316905e-03;2.4250000e+02;1.1123410e-02;2.4250000e+02;1.9850146e-02;2.4250000e+02;3.3082474e-02;2.4250000e+02;4.9794018e-02;2.4250000e+02;7.0049495e-02;2.4250000e+02;9.3210608e-02;2.4250000e+02;1.1775054e-01;2.4250000e+02;1.4294396e-01;2.4250000e+02;1.6552766e-01;2.4250000e+02;1.9112691e-01;2.4250000e+02;2.1388280e-01;2.4250000e+02;2.2592059e-01;2.4250000e+02;2.1338198e-01;2.4250000e+02;1.8047771e-01;2.4250000e+02;1.3494475e-01;2.4250000e+02;8.8037282e-02;2.4250000e+02;4.5396894e-02;2.4250000e+02;6.9316905e-03;2.4250000e+02;1.1123410e-02;2.4250000e+02;1.9850146e-02;2.4250000e+02;3.3082474e-02;2.4250000e+02;4.9794018e-02;2.4250000e+02;7.0049495e-02;2.4250000e+02;9.3210608e-02;2.4250000e+02;1.1775054e-01;2.4250000e+02;1.4294396e-01;2.4250000e+02;1.6552766e-01;2.4250000e+02;1.9112691e-01;2.4250000e+02;2.1388280e-01;2.4250000e+02;2.2592059e-01;2.4250000e+02;2.1338198e-01;2.4250000e+02;1.8047771e-01;2.4250000e+02;1.3494475e-01;2.4250000e+02;8.8037282e-02;2.4250000e+02;4.5396894e-02;2.4250000e+02;6.9316905e-03;2.4250000e+02;1.1123410e-02;2.4250000e+02;1.9850146e-02;2.4250000e+02;3.3082474e-02;2.4250000e+02;4.9794018e-02;2.4250000e+02;7.0049495e-02;2.4250000e+02;9.3210608e-02;2.4250000e+02;1.1775054e-01;2.4250000e+02;1.4294396e-01;2.4250000e+02;1.6552766e-01;2.4250000e+02;1.9112691e-01;2.4250000e+02;2.1388280e-01;2.4250000e+02;2.2592059e-01;2.4250000e+02;2.1338198e-01;2.4250000e+02;1.8047771e-01;2.4250000e+02;1.3494475e-01;2.4250000e+02;8.8037282e-02;2.4250000e+02;4.5396894e-02;2.4250000e+02;6.9316905e-03;2.4250000e+02;1.1123410e-02;2.4250000e+02;1.9850146e-02;2.4250000e+02;3.3082474e-02;2.4250000e+02;4.9794018e-02;2.4250000e+02;7.0049495e-02;2.4250000e+02;9.3210608e-02;2.4250000e+02;1.1775054e-01;2.4250000e+02;1.4294396e-01;2.4250000e+02;1.6552766e-01;2.4250000e+02;1.9112691e-01;2.4250000e+02;2.1388280e-01;2.4250000e+02;2.2592059e-01;2.4250000e+02;2.1338198e-01;2.4250000e+02;1.8047771e-01;2.4250000e+02;1.3494475e-01;2.4250000e+02;8.8037282e-02;2.4250000e+02;4.5396894e-02;2.4250000e+02;6.9316905e-03;2.4250000e+02;1.1123410e-02;2.4250000e+02;1.9850146e-02;2.4250000e+02;3.3082474e-02;2.4250000e+02;4.9794018e-02;2.4250000e+02;7.0049495e-02;2.4250000e+02;9.3210608e-02;2.4250000e+02;1.1775054e-01;2.4250000e+02;1.4294396e-01;2.4250000e+02;1.6552766e-01;2.4250000e+02;1.9112691e-01;2.4250000e+02;2.1388280e-01;2.4250000e+02;2.2592059e-01;2.4250000e+02;2.1338198e-01;2.4250000e+02;1.8047771e-01;2.4250000e+02;1.3494475e-01;2.4250000e+02;8.8037282e-02;2.4250000e+02;4.5396894e-02;2.4250000e+02;6.9316905e-03;2.4250000e+02;1.1123410e-02;2.4250000e+02;1.9850146e-02;2.4250000e+02;3.3082474e-02;2.4250000e+02;4.9794018e-02;2.4250000e+02;7.0049495e-02;2.4250000e+02;9.3210608e-02;2.4250000e+02;1.1775054e-01;2.4250000e+02;1.4294396e-01;2.4250000e+02;1.6552766e-01;2.4250000e+02;1.9112691e-01;2.4250000e+02;2.1388280e-01;2.4250000e+02;2.2592059e-01;2.4250000e+02;2.1338198e-01;2.4250000e+02;1.8047771e-01;2.4250000e+02;1.3494475e-01;2.4250000e+02;8.8037282e-02;2.4250000e+02;4.5396894e-02;2.4250000e+02;6.9316905e-03;2.4250000e+02;1.1123410e-02;2.4250000e+02;1.9850146e-02;2.4250000e+02;3.3082474e-02;2.4250000e+02;4.9794018e-02;2.4250000e+02;7.0049495e-02;2.4250000e+02;9.3210608e-02;2.4250000e+02;1.1775054e-01;2.4250000e+02;1.4294396e-01;2.4250000e+02;1.6552766e-01;2.4250000e+02;1.9112691e-01;2.4250000e+02;2.1388280e-01;2.4250000e+02;2.2592059e-01;2.4250000e+02;2.1338198e-01;2.4250000e+02;1.8047771e-01;2.4250000e+02;1.3494475e-01;2.4250000e+02;8.8037282e-02;2.4250000e+02;4.5396894e-02;2.4250000e+02;6.9316905e-03;2.4250000e+02;1.1123410e-02;2.4250000e+02;1.9850146e-02;2.4250000e+02;3.3082474e-02;2.4250000e+02;4.9794018e-02;2.4250000e+02;7.0049495e-02;2.4250000e+02;9.3210608e-02;2.4250000e+02;1.1775054e-01;2.4250000e+02;1.4294396e-01;2.4250000e+02;1.6552766e-01;2.4250000e+02;1.9112691e-01;2.4250000e+02;2.1388280e-01;2.4250000e+02;2.2592059e-01;2.4250000e+02;2.1338198e-01;2.4250000e+02;1.8047771e-01;2.4250000e+02;1.3494475e-01;2.4250000e+02;8.8037282e-02;2.4250000e+02;4.5396894e-02;2.4250000e+02;6.9316905e-03;2.4250000e+02;1.1123410e-02;2.4250000e+02;1.9850146e-02;2.4250000e+02;3.3082474e-02;2.4250000e+02;4.9794018e-02;2.4250000e+02;7.0049495e-02;2.4250000e+02;9.3210608e-02;2.4250000e+02;1.1775054e-01;2.4250000e+02;1.4294396e-01;2.4250000e+02;1.6552766e-01;2.4250000e+02;1.9112691e-01;2.4250000e+02;2.1388280e-01;2.4250000e+02;2.2592059e-01;2.4250000e+02;2.1338198e-01;2.4250000e+02;1.8047771e-01;2.4250000e+02;1.3494475e-01;2.4250000e+02;8.8037282e-02;2.4250000e+02;4.5396894e-02;2.4250000e+02;6.9316905e-03;2.4250000e+02;1.1123410e-02;2.4250000e+02;1.9850146e-02;2.4250000e+02;3.3082474e-02;2.4250000e+02;4.9794018e-02;2.4250000e+02;7.0049495e-02;2.4250000e+02;9.3210608e-02;2.4250000e+02;1.1775054e-01;2.4250000e+02;1.4294396e-01;2.4250000e+02;1.6552766e-01;2.4250000e+02;1.9112691e-01;2.4250000e+02;2.1388280e-01;2.4250000e+02;2.2592059e-01;2.4250000e+02;2.1338198e-01;2.4250000e+02;1.8047771e-01;2.4250000e+02;1.3494475e-01;2.4250000e+02;8.8037282e-02;2.4250000e+02;4.5396894e-02;2.4250000e+02;6.9316905e-03;2.4250000e+02;1.1123410e-02;2.4250000e+02;1.9850146e-02;2.4250000e+02;3.3082474e-02;2.4250000e+02;4.9794018e-02;2.4250000e+02;7.0049495e-02;2.4250000e+02;9.3210608e-02;2.4250000e+02;1.1775054e-01;2.4250000e+02;1.4294396e-01;2.4250000e+02;1.6552766e-01;2.4250000e+02;1.9112691e-01;2.4250000e+02;2.1388280e-01;2.4250000e+02;2.2592059e-01;2.4250000e+02;2.1338198e-01;2.4250000e+02;1.8047771e-01;2.4250000e+02;1.3494475e-01;2.4250000e+02;8.8037282e-02;2.4250000e+02;4.5396894e-02;2.4250000e+02;6.9316905e-03;2.4250000e+02;1.1123410e-02;2.4250000e+02;1.9850146e-02;2.4250000e+02;3.3082474e-02;2.4250000e+02;4.9794018e-02;2.4250000e+02;7.0049495e-02;2.4250000e+02;9.3210608e-02;2.4250000e+02;1.1775054e-01;2.4250000e+02;1.4294396e-01;2.4250000e+02;1.6552766e-01;2.4250000e+02;1.9112691e-01;2.4250000e+02;2.1388280e-01;2.4250000e+02;2.2592059e-01;2.4250000e+02;2.1338198e-01;2.4250000e+02;1.8047771e-01;2.4250000e+02;1.3494475e-01;2.4250000e+02;8.8037282e-02;2.4250000e+02;4.5396894e-02;2.4250000e+02;6.9316905e-03;2.4250000e+02;1.1123410e-02;2.4250000e+02;1.9850146e-02;2.4250000e+02;3.3082474e-02;2.4250000e+02;4.9794018e-02;2.4250000e+02;7.0049495e-02;2.4250000e+02;9.3210608e-02;2.4250000e+02;1.1775054e-01;2.4250000e+02;1.4294396e-01;2.4250000e+02;1.6552766e-01;2.4250000e+02;1.9112691e-01;2.4250000e+02;2.1388280e-01;2.4250000e+02;2.2592059e-01;2.4250000e+02;2.1338198e-01;2.4250000e+02;1.8047771e-01;2.4250000e+02;1.3494475e-01;2.4250000e+02;8.8037282e-02;2.4250000e+02;4.5396894e-02;2.4250000e+02;6.9316905e-03;2.4250000e+02;1.1123410e-02;2.4250000e+02;1.9850146e-02;2.4250000e+02;3.3082474e-02;2.4250000e+02;4.9794018e-02;2.4250000e+02;7.0049495e-02;2.4250000e+02;9.3210608e-02;2.4250000e+02;1.1775054e-01;2.4250000e+02;1.4294396e-01;2.4250000e+02;1.6552766e-01;2.4250000e+02;1.9112691e-01;2.4250000e+02;2.1388280e-01;2.4250000e+02;2.2592059e-01;2.4250000e+02;2.1338198e-01;2.4250000e+02;1.8047771e-01;2.4250000e+02;1.3494475e-01;2.4250000e+02;8.8037282e-02;2.4250000e+02;4.5396894e-02;2.4250000e+02;6.9316905e-03;2.4250000e+02;1.1123410e-02;2.4250000e+02;1.9850146e-02;2.4250000e+02;3.3082474e-02;2.4250000e+02;4.9794018e-02;2.4250000e+02;7.0049495e-02;2.4250000e+02;9.3210608e-02;2.4250000e+02;1.1775054e-01;2.4250000e+02;1.4294396e-01;2.4250000e+02;1.6552766e-01;2.4250000e+02;1.9112691e-01;2.4250000e+02;2.1388280e-01;2.4250000e+02;2.2592059e-01;2.4250000e+02;2.1338198e-01;2.4250000e+02;1.8047771e-01;2.4250000e+02;1.3494475e-01;2.4250000e+02;8.8037282e-02;2.4250000e+02;4.5396894e-02;2.4250000e+02;6.9316905e-03;2.4250000e+02;1.1123410e-02;2.4250000e+02;1.9850146e-02;2.4250000e+02;3.3082474e-02;2.4250000e+02;4.9794018e-02;2.4250000e+02;7.0049495e-02;2.4250000e+02;9.3210608e-02;2.4250000e+02;1.1775054e-01;2.4250000e+02;1.4294396e-01;2.4250000e+02;1.6552766e-01;2.4250000e+02;1.9112691e-01;2.4250000e+02;2.1388280e-01;2.4250000e+02;2.2592059e-01;2.4250000e+02;2.1338198e-01;2.4250000e+02;1.8047771e-01;2.4250000e+02;1.3494475e-01;2.4250000e+02;8.8037282e-02;2.4250000e+02;4.5396894e-02;2.4250000e+02;6.9316905e-03;2.4250000e+02;1.1123410e-02;2.4250000e+02;1.9850146e-02;2.4250000e+02;3.3082474e-02;2.4250000e+02;4.9794018e-02;2.4250000e+02;7.0049495e-02;2.4250000e+02;9.3210608e-02;2.4250000e+02;1.1775054e-01;2.4250000e+02;1.4294396e-01;2.4250000e+02;1.6552766e-01;2.4250000e+02;1.9112691e-01;2.4250000e+02;2.1388280e-01;2.4250000e+02;2.2592059e-01;2.4250000e+02;2.1338198e-01;2.4250000e+02;1.8047771e-01;2.4250000e+02;1.3494475e-01;2.4250000e+02;8.8037282e-02;2.4250000e+02;4.5396894e-02;2.4250000e+02;6.9316905e-03;2.4250000e+02;1.1123410e-02;2.4250000e+02;1.9850146e-02;2.4250000e+02;3.3082474e-02;2.4250000e+02;4.9794018e-02;2.4250000e+02;7.0049495e-02;2.4250000e+02;9.3210608e-02;2.4250000e+02;1.1775054e-01;2.4250000e+02;1.4294396e-01;2.4250000e+02;1.6552766e-01;2.4250000e+02;1.9112691e-01;2.4250000e+02;2.1388280e-01;2.4250000e+02;2.2592059e-01;2.4250000e+02;2.1338198e-01;2.4250000e+02;1.8047771e-01;2.4250000e+02;1.3494475e-01;2.4250000e+02;8.8037282e-02;2.4250000e+02;4.5396894e-02;2.4250000e+02;6.9316905e-03;2.4250000e+02;1.1123410e-02;2.4250000e+02;1.9850146e-02;2.4250000e+02;3.3082474e-02;2.4250000e+02;4.9794018e-02;2.4250000e+02;7.0049495e-02;2.4250000e+02;9.3210608e-02;2.4250000e+02;1.1775054e-01;2.4250000e+02;1.4294396e-01;2.4250000e+02;1.6552766e-01;2.4250000e+02;1.9112691e-01;2.4250000e+02;2.1388280e-01;2.4250000e+02;2.2592059e-01;2.4250000e+02;2.1338198e-01;2.4250000e+02;1.8047771e-01;2.4250000e+02;1.3494475e-01;2.4250000e+02;8.8037282e-02;2.4250000e+02;4.5396894e-02;2.4250000e+02;6.9316905e-03;2.4250000e+02;1.1123410e-02;2.4250000e+02;1.9850146e-02;2.4250000e+02;3.3082474e-02;2.4250000e+02;4.9794018e-02;2.4250000e+02;7.0049495e-02;2.4250000e+02;9.3210608e-02;2.4250000e+02;1.1775054e-01;2.4250000e+02;1.4294396e-01;2.4250000e+02;1.6552766e-01;2.4250000e+02;1.9112691e-01;2.4250000e+02;2.1388280e-01;2.4250000e+02;2.2592059e-01;2.4250000e+02;2.1338198e-01;2.4250000e+02;1.8047771e-01;2.4250000e+02;1.3494475e-01;2.4250000e+02;8.8037282e-02;2.4250000e+02;4.5396894e-02;2.4250000e+02;6.9316905e-03;2.4250000e+02;1.1123410e-02;2.4250000e+02;1.9850146e-02;2.4250000e+02;3.3082474e-02;2.4250000e+02;4.9794018e-02;2.4250000e+02;7.0049495e-02;2.4250000e+02;9.3210608e-02;2.4250000e+02;1.1775054e-01;2.4250000e+02;1.4294396e-01;2.4250000e+02;1.6552766e-01;2.4250000e+02;1.9112691e-01;2.4250000e+02;2.1388280e-01;2.4250000e+02;2.2592059e-01;2.4250000e+02;2.1338198e-01;2.4250000e+02;1.8047771e-01;2.4250000e+02;1.3494475e-01;2.4250000e+02;8.8037282e-02;2.4250000e+02;4.5396894e-02;2.4250000e+02;6.9316905e-03;2.4250000e+02;1.1123410e-02;2.4250000e+02;1.9850146e-02;2.4250000e+02;3.3082474e-02;2.4250000e+02;4.9794018e-02;2.4250000e+02;7.0049495e-02;2.4250000e+02;9.3210608e-02;2.4250000e+02;1.1775054e-01;2.4250000e+02;1.4294396e-01;2.4250000e+02;1.6552766e-01;2.4250000e+02;1.9112691e-01;2.4250000e+02;2.1388280e-01;2.4250000e+02;2.2592059e-01;2.4250000e+02;2.1338198e-01;2.4250000e+02;1.8047771e-01;2.4250000e+02;1.3494475e-01;2.4250000e+02;8.8037282e-02;2.4250000e+02;4.5396894e-02;2.4250000e+02;6.9316905e-03;2.4250000e+02;1.1123410e-02;2.4250000e+02;1.9850146e-02;2.4250000e+02;3.3082474e-02;2.4250000e+02;4.9794018e-02;2.4250000e+02;7.0049495e-02;2.4250000e+02;9.3210608e-02;2.4250000e+02;1.1775054e-01;2.4250000e+02;1.4294396e-01;2.4250000e+02;1.6552766e-01;2.4250000e+02;1.9112691e-01;2.4250000e+02;2.1388280e-01;2.4250000e+02;2.2592059e-01;2.4250000e+02;2.1338198e-01;2.4250000e+02;1.8047771e-01;2.4250000e+02;1.3494475e-01;2.4250000e+02;8.8037282e-02;2.4250000e+02;4.5396894e-02;2.4250000e+02;6.9316905e-03;2.4250000e+02;1.1123410e-02;2.4250000e+02;1.9850146e-02;2.4250000e+02;3.3082474e-02;2.4250000e+02;4.9794018e-02;2.4250000e+02;7.0049495e-02;2.4250000e+02;9.3210608e-02;2.4250000e+02;1.1775054e-01;2.4250000e+02;1.4294396e-01;2.4250000e+02;1.6552766e-01;2.4250000e+02;1.9112691e-01;2.4250000e+02;2.1388280e-01;2.4250000e+02;2.2592059e-01;2.4250000e+02;2.1338198e-01;2.4250000e+02;1.8047771e-01;2.4250000e+02;1.3494475e-01;2.4250000e+02;8.8037282e-02;2.4250000e+02;4.5396894e-02;2.4250000e+02;6.9316905e-03;2.4250000e+02;1.1123410e-02;2.4250000e+02;1.9850146e-02;2.4250000e+02;3.3082474e-02;2.4250000e+02;4.9794018e-02;2.4250000e+02;7.0049495e-02;2.4250000e+02;9.3210608e-02;2.4250000e+02;1.1775054e-01;2.4250000e+02;1.4294396e-01;2.4250000e+02;1.6552766e-01;2.4250000e+02;1.9112691e-01;2.4250000e+02;2.1388280e-01;2.4250000e+02;2.2592059e-01;2.4250000e+02;2.1338198e-01;2.4250000e+02;1.8047771e-01;2.4250000e+02;1.3494475e-01;2.4250000e+02;8.8037282e-02;2.4250000e+02;4.5396894e-02;2.4250000e+02;6.9316905e-03;2.4250000e+02;1.1123410e-02;2.4250000e+02;1.9850146e-02;2.4250000e+02;3.3082474e-02;2.4250000e+02;4.9794018e-02;2.4250000e+02;7.0049495e-02;2.4250000e+02;9.3210608e-02;2.4250000e+02;1.1775054e-01;2.4250000e+02;1.4294396e-01;2.4250000e+02;1.6552766e-01;2.4250000e+02;1.9112691e-01;2.4250000e+02;2.1388280e-01;2.4250000e+02;2.2592059e-01;2.4250000e+02;2.1338198e-01;2.4250000e+02;1.8047771e-01;2.4250000e+02;1.3494475e-01;2.4250000e+02;8.8037282e-02;2.4250000e+02;4.5396894e-02;2.4250000e+02;6.9316905e-03;2.4250000e+02;1.1123410e-02;2.4250000e+02;1.9850146e-02;2.4250000e+02;3.3082474e-02;2.4250000e+02;4.9794018e-02;2.4250000e+02;7.0049495e-02;2.4250000e+02;9.3210608e-02;2.4250000e+02;1.1775054e-01;2.4250000e+02;1.4294396e-01;2.4250000e+02;1.6552766e-01;2.4250000e+02;1.9112691e-01;2.4250000e+02;2.1388280e-01;2.4250000e+02;2.2592059e-01;2.4250000e+02;2.1338198e-01;2.4250000e+02;1.8047771e-01;2.4250000e+02;1.3494475e-01;2.4250000e+02;8.8037282e-02;2.4250000e+02;4.5396894e-02;2.4250000e+02;6.9316905e-03;2.4250000e+02;1.1123410e-02;2.4250000e+02;1.9850146e-02;2.4250000e+02;3.3082474e-02;2.4250000e+02;4.9794018e-02;2.4250000e+02;7.0049495e-02;2.4250000e+02;9.3210608e-02;2.4250000e+02;1.1775054e-01;2.4250000e+02;1.4294396e-01;2.4250000e+02;1.6552766e-01;2.4250000e+02;1.9112691e-01;2.4250000e+02;2.1388280e-01;2.4250000e+02;2.2592059e-01;2.4250000e+02;2.1338198e-01;2.4250000e+02;1.8047771e-01;2.4250000e+02;1.3494475e-01;2.4250000e+02;8.8037282e-02;2.4250000e+02;4.5396894e-02;2.4250000e+02;6.9316905e-03;2.4250000e+02;1.1123410e-02;2.4250000e+02;1.9850146e-02;2.4250000e+02;3.3082474e-02;2.4250000e+02;4.9794018e-02;2.4250000e+02;7.0049495e-02;2.4250000e+02;9.3210608e-02;2.4250000e+02;1.1775054e-01;2.4250000e+02;1.4294396e-01;2.4250000e+02;1.6552766e-01;2.4250000e+02;1.9112691e-01;2.4250000e+02;2.1388280e-01;2.4250000e+02;2.2592059e-01;2.4250000e+02;2.1338198e-01;2.4250000e+02;1.8047771e-01;2.4250000e+02;1.3494475e-01;2.4250000e+02;8.8037282e-02;2.4250000e+02;4.5396894e-02;2.4250000e+02;6.9316905e-03;2.4250000e+02;1.1123410e-02;2.4250000e+02;1.9850146e-02;2.4250000e+02;3.3082474e-02;2.4250000e+02;4.9794018e-02;2.4250000e+02;7.0049495e-02;2.4250000e+02;9.3210608e-02;2.4250000e+02;1.1775054e-01;2.4250000e+02;1.4294396e-01;2.4250000e+02;1.6552766e-01;2.4250000e+02;1.9112691e-01;2.4250000e+02;2.1388280e-01;2.4250000e+02;2.2592059e-01;2.4250000e+02;2.1338198e-01;2.4250000e+02;1.8047771e-01;2.4250000e+02;1.3494475e-01;2.4250000e+02;8.8037282e-02;2.4250000e+02;4.5396894e-02;2.4250000e+02;6.9316905e-03;2.4250000e+02;1.1123410e-02;2.4250000e+02;1.9850146e-02;2.4250000e+02;3.3082474e-02;2.4250000e+02;4.9794018e-02;2.4250000e+02;7.0049495e-02;2.4250000e+02;9.3210608e-02;2.4250000e+02;1.1775054e-01;2.4250000e+02;1.4294396e-01;2.4250000e+02;1.6552766e-01;2.4250000e+02;1.9112691e-01;2.4250000e+02;2.1388280e-01;2.4250000e+02;2.2592059e-01;2.4250000e+02;2.1338198e-01;2.4250000e+02;1.8047771e-01;2.4250000e+02;1.3494475e-01;2.4250000e+02;8.8037282e-02;2.4250000e+02;4.5396894e-02;2.4250000e+02;6.9316905e-03;2.4250000e+02;1.1123410e-02;2.4250000e+02;1.9850146e-02;2.4250000e+02;3.3082474e-02;2.4250000e+02;4.9794018e-02;2.4250000e+02;7.0049495e-02;2.4250000e+02;9.3210608e-02;2.4250000e+02;1.1775054e-01;2.4250000e+02;1.4294396e-01;2.4250000e+02;1.6552766e-01;2.4250000e+02;1.9112691e-01;2.4250000e+02;2.1388280e-01;2.4250000e+02;2.2592059e-01;2.4250000e+02;2.1338198e-01;2.4250000e+02;1.8047771e-01;2.4250000e+02;1.3494475e-01;2.4250000e+02;8.8037282e-02;2.4250000e+02;4.5396894e-02;2.4250000e+02;6.9316905e-03;2.4250000e+02;1.1123410e-02;2.4250000e+02;1.9850146e-02;2.4250000e+02;3.3082474e-02;2.4250000e+02;4.9794018e-02;2.4250000e+02;7.0049495e-02;2.4250000e+02;9.3210608e-02;2.4250000e+02;1.1775054e-01;2.4250000e+02;1.4294396e-01;2.4250000e+02;1.6552766e-01;2.4250000e+02;1.9112691e-01;2.4250000e+02;2.1388280e-01;2.4250000e+02;2.2592059e-01;2.4250000e+02;2.1338198e-01;2.4250000e+02;1.8047771e-01;2.4250000e+02;1.3494475e-01;2.4250000e+02;8.8037282e-02;2.4250000e+02;4.5396894e-02;2.4250000e+02;6.9316905e-03;2.4250000e+02;1.1123410e-02;2.4250000e+02;1.9850146e-02;2.4250000e+02;3.3082474e-02;2.4250000e+02;4.9794018e-02;2.4250000e+02;7.0049495e-02;2.4250000e+02;9.3210608e-02;2.4250000e+02;1.1775054e-01;2.4250000e+02;1.4294396e-01;2.4250000e+02;1.6552766e-01;2.4250000e+02;1.9112691e-01;2.4250000e+02;2.1388280e-01;2.4250000e+02;2.2592059e-01;2.4250000e+02;2.1338198e-01;2.4250000e+02;1.8047771e-01;2.4250000e+02;1.3494475e-01;2.4250000e+02;8.8037282e-02;2.4250000e+02;4.5396894e-02;2.4250000e+02;6.9316905e-03;2.4250000e+02;1.1123410e-02;2.4250000e+02;1.9850146e-02;2.4250000e+02;3.3082474e-02;2.4250000e+02;4.9794018e-02;2.4250000e+02;7.0049495e-02;2.4250000e+02;9.3210608e-02;2.4250000e+02;1.1775054e-01;2.4250000e+02;1.4294396e-01;2.4250000e+02;1.6552766e-01;2.4250000e+02;1.9112691e-01;2.4250000e+02;2.1388280e-01;2.4250000e+02;2.2592059e-01;2.4250000e+02;2.1338198e-01;2.4250000e+02;1.8047771e-01;2.4250000e+02;1.3494475e-01;2.4250000e+02;8.8037282e-02;2.4250000e+02;4.5396894e-02;2.4250000e+02;6.9316905e-03;2.4250000e+02;1.1123410e-02;2.4250000e+02;1.9850146e-02;2.4250000e+02;3.3082474e-02;2.4250000e+02;4.9794018e-02;2.4250000e+02;7.0049495e-02;2.4250000e+02;9.3210608e-02;2.4250000e+02;1.1775054e-01;2.4250000e+02;1.4294396e-01;2.4250000e+02;1.6552766e-01;2.4250000e+02;1.9112691e-01;2.4250000e+02;2.1388280e-01;2.4250000e+02;2.2592059e-01;2.4250000e+02;2.1338198e-01;2.4250000e+02;1.8047771e-01;2.4250000e+02;1.3494475e-01;2.4250000e+02;8.8037282e-02;2.4250000e+02;4.5396894e-02;2.4250000e+02;6.9316905e-03;2.4250000e+02;1.1123410e-02;2.4250000e+02;1.9850146e-02;2.4250000e+02;3.3082474e-02;2.4250000e+02;4.9794018e-02;2.4250000e+02;7.0049495e-02;2.4250000e+02;9.3210608e-02;2.4250000e+02;1.1775054e-01;2.4250000e+02;1.4294396e-01;2.4250000e+02;1.6552766e-01;2.4250000e+02;1.9112691e-01;2.4250000e+02;2.1388280e-01;2.4250000e+02;2.2592059e-01;2.4250000e+02;2.1338198e-01;2.4250000e+02;1.8047771e-01;2.4250000e+02;1.3494475e-01;2.4250000e+02;8.8037282e-02;2.4250000e+02;4.5396894e-02;2.4250000e+02;6.9316905e-03;2.4250000e+02;1.1123410e-02;2.4250000e+02;1.9850146e-02;2.4250000e+02;3.3082474e-02;2.4250000e+02;4.9794018e-02;2.4250000e+02;7.0049495e-02;2.4250000e+02;9.3210608e-02;2.4250000e+02;1.1775054e-01;2.4250000e+02;1.4294396e-01;2.4250000e+02;1.6552766e-01;2.4250000e+02;1.9112691e-01;2.4250000e+02;2.1388280e-01;2.4250000e+02;2.2592059e-01;2.4250000e+02;2.1338198e-01;2.4250000e+02;1.8047771e-01;2.4250000e+02;1.3494475e-01;2.4250000e+02;8.8037282e-02;2.4250000e+02;4.5396894e-02;2.4250000e+02;6.9316905e-03;2.4250000e+02;1.1123410e-02;2.4250000e+02;1.9850146e-02;2.4250000e+02;3.3082474e-02;2.4250000e+02;4.9794018e-02;2.4250000e+02;7.0049495e-02;2.4250000e+02;9.3210608e-02;2.4250000e+02;1.1775054e-01;2.4250000e+02;1.4294396e-01;2.4250000e+02;1.6552766e-01;2.4250000e+02;1.9112691e-01;2.4250000e+02;2.1388280e-01;2.4250000e+02;2.2592059e-01;2.4250000e+02;2.1338198e-01;2.4250000e+02;1.8047771e-01;2.4250000e+02;1.3494475e-01;2.4250000e+02;8.8037282e-02;2.4250000e+02;4.5396894e-02;2.4250000e+02;6.9316905e-03;2.4250000e+02;1.1123410e-02;2.4250000e+02;1.9850146e-02;2.4250000e+02;3.3082474e-02;2.4250000e+02;4.9794018e-02;2.4250000e+02;7.0049495e-02;2.4250000e+02;9.3210608e-02;2.4250000e+02;1.1775054e-01;2.4250000e+02;1.4294396e-01;2.4250000e+02;1.6552766e-01;2.4250000e+02;1.9112691e-01;2.4250000e+02;2.1388280e-01;2.4250000e+02;2.2592059e-01;2.4250000e+02;2.1338198e-01;2.4250000e+02;1.8047771e-01;2.4250000e+02;1.3494475e-01;2.4250000e+02;8.8037282e-02;2.4250000e+02;4.5396894e-02;2.4250000e+02;6.9316905e-03;2.4250000e+02;1.1123410e-02;2.4250000e+02;1.9850146e-02;2.4250000e+02;3.3082474e-02;2.4250000e+02;4.9794018e-02;2.4250000e+02;7.0049495e-02;2.4250000e+02;9.3210608e-02;2.4250000e+02;1.1775054e-01;2.4250000e+02;1.4294396e-01;2.4250000e+02;1.6552766e-01;2.4250000e+02;1.9112691e-01;2.4250000e+02;2.1388280e-01;2.4250000e+02;2.2592059e-01;2.4250000e+02;2.1338198e-01;2.4250000e+02;1.8047771e-01;2.4250000e+02;1.3494475e-01;2.4250000e+02;8.8037282e-02;2.4250000e+02;4.5396894e-02;2.4250000e+02;6.9316905e-03;2.4250000e+02;1.1123410e-02;2.4250000e+02;1.9850146e-02;2.4250000e+02;3.3082474e-02;2.4250000e+02;4.9794018e-02;2.4250000e+02;7.0049495e-02;2.4250000e+02;9.3210608e-02;2.4250000e+02;1.1775054e-01;2.4250000e+02;1.4294396e-01;2.4250000e+02;1.6552766e-01;2.4250000e+02;1.9112691e-01;2.4250000e+02;2.1388280e-01;2.4250000e+02;2.2592059e-01;2.4250000e+02;2.1338198e-01;2.4250000e+02;1.8047771e-01;2.4250000e+02;1.3494475e-01;2.4250000e+02;8.8037282e-02;2.4250000e+02;4.5396894e-02;2.4250000e+02;6.9316905e-03;2.4250000e+02;1.1123410e-02;2.4250000e+02;1.9850146e-02;2.4250000e+02;3.3082474e-02;2.4250000e+02;4.9794018e-02;2.4250000e+02;7.0049495e-02;2.4250000e+02;9.3210608e-02;2.4250000e+02;1.1775054e-01;2.4250000e+02;1.4294396e-01;2.4250000e+02;1.6552766e-01;2.4250000e+02;1.9112691e-01;2.4250000e+02;2.1388280e-01;2.4250000e+02;2.2592059e-01;2.4250000e+02;2.1338198e-01;2.4250000e+02;1.8047771e-01;2.4250000e+02;1.3494475e-01;2.4250000e+02;8.8037282e-02;2.4250000e+02;4.5396894e-02;2.4250000e+02;6.9316905e-03;2.4250000e+02;1.1123410e-02;2.4250000e+02;1.9850146e-02;2.4250000e+02;3.3082474e-02;2.4250000e+02;4.9794018e-02;2.4250000e+02;7.0049495e-02;2.4250000e+02;9.3210608e-02;2.4250000e+02;1.1775054e-01;2.4250000e+02;1.4294396e-01;2.4250000e+02;1.6552766e-01;2.4250000e+02;1.9112691e-01;2.4250000e+02;2.1388280e-01;2.4250000e+02;2.2592059e-01;2.4250000e+02;2.1338198e-01;2.4250000e+02;1.8047771e-01;2.4250000e+02;1.3494475e-01;2.4250000e+02;8.8037282e-02;2.4250000e+02;4.5396894e-02;2.4250000e+02;6.9316905e-03;2.4250000e+02;1.1123410e-02;2.4250000e+02;1.9850146e-02;2.4250000e+02;3.3082474e-02;2.4250000e+02;4.9794018e-02;2.4250000e+02;7.0049495e-02;2.4250000e+02;9.3210608e-02;2.4250000e+02;1.1775054e-01;2.4250000e+02;1.4294396e-01;2.4250000e+02;1.6552766e-01;2.4250000e+02;1.9112691e-01;2.4250000e+02;2.1388280e-01;2.4250000e+02;2.2592059e-01;2.4250000e+02;2.1338198e-01;2.4250000e+02;1.8047771e-01;2.4250000e+02;1.3494475e-01;2.4250000e+02;8.8037282e-02;2.4250000e+02;4.5396894e-02;2.4250000e+02;6.9316905e-03;2.4250000e+02;1.1123410e-02;2.4250000e+02;1.9850146e-02;2.4250000e+02;3.3082474e-02;2.4250000e+02;4.9794018e-02;2.4250000e+02;7.0049495e-02;2.4250000e+02;9.3210608e-02;2.4250000e+02;1.1775054e-01;2.4250000e+02;1.4294396e-01;2.4250000e+02;1.6552766e-01;2.4250000e+02;1.9112691e-01;2.4250000e+02;2.1388280e-01;2.4250000e+02;2.2592059e-01;2.4250000e+02;2.1338198e-01;2.4250000e+02;1.8047771e-01;2.4250000e+02;1.3494475e-01;2.4250000e+02;8.8037282e-02;2.4250000e+02;4.5396894e-02;2.4250000e+02;6.9316905e-03;2.4250000e+02;1.1123410e-02;2.4250000e+02;1.9850146e-02;2.4250000e+02;3.3082474e-02;2.4250000e+02;4.9794018e-02;2.4250000e+02;7.0049495e-02;2.4250000e+02;9.3210608e-02;2.4250000e+02;1.1775054e-01;2.4250000e+02;1.4294396e-01;2.4250000e+02;1.6552766e-01;2.4250000e+02;1.9112691e-01;2.4250000e+02;2.1388280e-01;2.4250000e+02;2.2592059e-01;2.4250000e+02;2.1338198e-01;2.4250000e+02;1.8047771e-01;2.4250000e+02;1.3494475e-01;2.4250000e+02;8.8037282e-02;2.4250000e+02;4.5396894e-02;2.4250000e+02;6.9316905e-03;2.4250000e+02;1.1123410e-02;2.4250000e+02;1.9850146e-02;2.4250000e+02;3.3082474e-02;2.4250000e+02;4.9794018e-02;2.4250000e+02;7.0049495e-02;2.4250000e+02;9.3210608e-02;2.4250000e+02;1.1775054e-01;2.4250000e+02;1.4294396e-01;2.4250000e+02;1.6552766e-01;2.4250000e+02;1.9112691e-01;2.4250000e+02;2.1388280e-01;2.4250000e+02;2.2592059e-01;2.4250000e+02;2.1338198e-01;2.4250000e+02;1.8047771e-01;2.4250000e+02;1.3494475e-01;2.4250000e+02;8.8037282e-02;2.4250000e+02;4.5396894e-02;2.4250000e+02;6.9316905e-03;2.4250000e+02;1.1123410e-02;2.4250000e+02;1.9850146e-02;2.4250000e+02;3.3082474e-02;2.4250000e+02;4.9794018e-02;2.4250000e+02;7.0049495e-02;2.4250000e+02;9.3210608e-02;2.4250000e+02;1.1775054e-01;2.4250000e+02;1.4294396e-01;2.4250000e+02;1.6552766e-01;2.4250000e+02;1.9112691e-01;2.4250000e+02;2.1388280e-01;2.4250000e+02;2.2592059e-01;2.4250000e+02;2.1338198e-01;2.4250000e+02;1.8047771e-01;2.4250000e+02;1.3494475e-01;2.4250000e+02;8.8037282e-02;2.4250000e+02;4.5396894e-02;2.4250000e+02;6.9316905e-03;2.4250000e+02;1.1123410e-02;2.4250000e+02;1.9850146e-02;2.4250000e+02;3.3082474e-02;2.4250000e+02;4.9794018e-02;2.4250000e+02;7.0049495e-02;2.4250000e+02;9.3210608e-02;2.4250000e+02;1.1775054e-01;2.4250000e+02;1.4294396e-01;2.4250000e+02;1.6552766e-01;2.4250000e+02;1.9112691e-01;2.4250000e+02;2.1388280e-01;2.4250000e+02;2.2592059e-01;2.4250000e+02;2.1338198e-01;2.4250000e+02;1.8047771e-01;2.4250000e+02;1.3494475e-01;2.4250000e+02;8.8037282e-02;2.4250000e+02;4.5396894e-02;2.4250000e+02;6.9316905e-03;2.4250000e+02;1.1123410e-02;2.4250000e+02;1.9850146e-02;2.4250000e+02;3.3082474e-02;2.4250000e+02;4.9794018e-02;2.4250000e+02;7.0049495e-02;2.4250000e+02;9.3210608e-02;2.4250000e+02;1.1775054e-01;2.4250000e+02;1.4294396e-01;2.4250000e+02;1.6552766e-01;2.4250000e+02;1.9112691e-01;2.4250000e+02;2.1388280e-01;2.4250000e+02;2.2592059e-01;2.4250000e+02;2.1338198e-01;2.4250000e+02;1.8047771e-01;2.4250000e+02;1.3494475e-01;2.4250000e+02;8.8037282e-02;2.4250000e+02;4.5396894e-02;2.4250000e+02;6.9316905e-03;2.4250000e+02;1.1123410e-02;2.4250000e+02;1.9850146e-02;2.4250000e+02;3.3082474e-02;2.4250000e+02;4.9794018e-02;2.4250000e+02;7.0049495e-02;2.4250000e+02;9.3210608e-02;2.4250000e+02;1.1775054e-01;2.4250000e+02;1.4294396e-01;2.4250000e+02;1.6552766e-01;2.4250000e+02;1.9112691e-01;2.4250000e+02;2.1388280e-01;2.4250000e+02;2.2592059e-01;2.4250000e+02;2.1338198e-01;2.4250000e+02;1.8047771e-01;2.4250000e+02;1.3494475e-01;2.4250000e+02;8.8037282e-02;2.4250000e+02;4.5396894e-02;2.4250000e+02;6.9316905e-03;2.4250000e+02;1.1123410e-02;2.4250000e+02;1.9850146e-02;2.4250000e+02;3.3082474e-02;2.4250000e+02;4.9794018e-02;2.4250000e+02;7.0049495e-02;2.4250000e+02;9.3210608e-02;2.4250000e+02;1.1775054e-01;2.4250000e+02;1.4294396e-01;2.4250000e+02;1.6552766e-01;2.4250000e+02;1.9112691e-01;2.4250000e+02;2.1388280e-01;2.4250000e+02;2.2592059e-01;2.4250000e+02;2.1338198e-01;2.4250000e+02;1.8047771e-01;2.4250000e+02;1.3494475e-01;2.4250000e+02;8.8037282e-02;2.4250000e+02;4.5396894e-02;2.4250000e+02;6.9316905e-03;2.4250000e+02;1.1123410e-02;2.4250000e+02;1.9850146e-02;2.4250000e+02;3.3082474e-02;2.4250000e+02;4.9794018e-02;2.4250000e+02;7.0049495e-02;2.4250000e+02;9.3210608e-02;2.4250000e+02;1.1775054e-01;2.4250000e+02;1.4294396e-01;2.4250000e+02;1.6552766e-01;2.4250000e+02;1.9112691e-01;2.4250000e+02;2.1388280e-01;2.4250000e+02;2.2592059e-01;2.4250000e+02;2.1338198e-01;2.4250000e+02;1.8047771e-01;2.4250000e+02;1.3494475e-01;2.4250000e+02;8.8037282e-02;2.4250000e+02;4.5396894e-02;2.4250000e+02;6.9316905e-03;2.4250000e+02;1.1123410e-02;2.4250000e+02;1.9850146e-02;2.4250000e+02;3.3082474e-02;2.4250000e+02;4.9794018e-02;2.4250000e+02;7.0049495e-02;2.4250000e+02;9.3210608e-02;2.4250000e+02;1.1775054e-01;2.4250000e+02;1.4294396e-01;2.4250000e+02;1.6552766e-01;2.4250000e+02;1.9112691e-01;2.4250000e+02;2.1388280e-01;2.4250000e+02;2.2592059e-01;2.4250000e+02;2.1338198e-01;2.4250000e+02;1.8047771e-01;2.4250000e+02;1.3494475e-01;2.4250000e+02;8.8037282e-02;2.4250000e+02;4.5396894e-02;2.4250000e+02;6.9316905e-03;2.4250000e+02;1.1123410e-02;2.4250000e+02;1.9850146e-02;2.4250000e+02;3.3082474e-02;2.4250000e+02;4.9794018e-02;2.4250000e+02;7.0049495e-02;2.4250000e+02;9.3210608e-02;2.4250000e+02;1.1775054e-01;2.4250000e+02;1.4294396e-01;2.4250000e+02;1.6552766e-01;2.4250000e+02;1.9112691e-01;2.4250000e+02;2.1388280e-01;2.4250000e+02;2.2592059e-01;2.4250000e+02;2.1338198e-01;2.4250000e+02;1.8047771e-01;2.4250000e+02;1.3494475e-01;2.4250000e+02;8.8037282e-02;2.4250000e+02;4.5396894e-02;2.4250000e+02;6.9316905e-03;2.4250000e+02;1.1123410e-02;2.4250000e+02;1.9850146e-02;2.4250000e+02;3.3082474e-02;2.4250000e+02;4.9794018e-02;2.4250000e+02;7.0049495e-02;2.4250000e+02;9.3210608e-02;2.4250000e+02;1.1775054e-01;2.4250000e+02;1.4294396e-01;2.4250000e+02;1.6552766e-01;2.4250000e+02;1.9112691e-01;2.4250000e+02;2.1388280e-01;2.4250000e+02;2.2592059e-01;2.4250000e+02;2.1338198e-01;2.4250000e+02;1.8047771e-01;2.4250000e+02;1.3494475e-01;2.4250000e+02;8.8037282e-02;2.4250000e+02;4.5396894e-02;2.4250000e+02;6.9316905e-03;2.4250000e+02;1.1123410e-02;2.4250000e+02;1.9850146e-02;2.4250000e+02;3.3082474e-02;2.4250000e+02;4.9794018e-02;2.4250000e+02;7.0049495e-02;2.4250000e+02;9.3210608e-02;2.4250000e+02;1.1775054e-01;2.4250000e+02;1.4294396e-01;2.4250000e+02;1.6552766e-01;2.4250000e+02;1.9112691e-01;2.4250000e+02;2.1388280e-01;2.4250000e+02;2.2592059e-01;2.4250000e+02;2.1338198e-01;2.4250000e+02;1.8047771e-01;2.4250000e+02;1.3494475e-01;2.4250000e+02;8.8037282e-02;2.4250000e+02;4.5396894e-02;2.4250000e+02;6.9316905e-03;2.4250000e+02;1.1123410e-02;2.4250000e+02;1.9850146e-02;2.4250000e+02;3.3082474e-02;2.4250000e+02;4.9794018e-02;2.4250000e+02;7.0049495e-02;2.4250000e+02;9.3210608e-02;2.4250000e+02;1.1775054e-01;2.4250000e+02;1.4294396e-01;2.4250000e+02;1.6552766e-01;2.4250000e+02;1.9112691e-01;2.4250000e+02;2.1388280e-01;2.4250000e+02;2.2592059e-01;2.4250000e+02;2.1338198e-01;2.4250000e+02;1.8047771e-01;2.4250000e+02;1.3494475e-01;2.4250000e+02;8.8037282e-02;2.4250000e+02;4.5396894e-02;2.4250000e+02;6.9316905e-03;2.4250000e+02;1.1123410e-02;2.4250000e+02;1.9850146e-02;2.4250000e+02;3.3082474e-02;2.4250000e+02;4.9794018e-02;2.4250000e+02;7.0049495e-02;2.4250000e+02;9.3210608e-02;2.4250000e+02;1.1775054e-01;2.4250000e+02;1.4294396e-01;2.4250000e+02;1.6552766e-01;2.4250000e+02;1.9112691e-01;2.4250000e+02;2.1388280e-01;2.4250000e+02;2.2592059e-01;2.4250000e+02;2.1338198e-01;2.4250000e+02;1.8047771e-01;2.4250000e+02;1.3494475e-01;2.4250000e+02;8.8037282e-02;2.4250000e+02;4.5396894e-02;2.4250000e+02;6.9316905e-03;2.4250000e+02;1.1123410e-02;2.4250000e+02;1.9850146e-02;2.4250000e+02;3.3082474e-02;2.4250000e+02;4.9794018e-02;2.4250000e+02;7.0049495e-02;2.4250000e+02;9.3210608e-02;2.4250000e+02;1.1775054e-01;2.4250000e+02;1.4294396e-01;2.4250000e+02;1.6552766e-01;2.4250000e+02;1.9112691e-01;2.4250000e+02;2.1388280e-01;2.4250000e+02;2.2592059e-01;2.4250000e+02;2.1338198e-01;2.4250000e+02;1.8047771e-01;2.4250000e+02;1.3494475e-01;2.4250000e+02;8.8037282e-02;2.4250000e+02;4.5396894e-02;2.4250000e+02;6.9316905e-03;2.4250000e+02;1.1123410e-02;2.4250000e+02;1.9850146e-02;2.4250000e+02;3.3082474e-02;2.4250000e+02;4.9794018e-02;2.4250000e+02;7.0049495e-02;2.4250000e+02;9.3210608e-02;2.4250000e+02;1.1775054e-01;2.4250000e+02;1.4294396e-01;2.4250000e+02;1.6552766e-01;2.4250000e+02;1.9112691e-01;2.4250000e+02;2.1388280e-01;2.4250000e+02;2.2592059e-01;2.4250000e+02;2.1338198e-01;2.4250000e+02;1.8047771e-01;2.4250000e+02;1.3494475e-01;2.4250000e+02;8.8037282e-02;2.4250000e+02;4.5396894e-02;2.4250000e+02;6.9316905e-03;2.4250000e+02;1.1123410e-02;2.4250000e+02;1.9850146e-02;2.4250000e+02;3.3082474e-02;2.4250000e+02;4.9794018e-02;2.4250000e+02;7.0049495e-02;2.4250000e+02;9.3210608e-02;2.4250000e+02;1.1775054e-01;2.4250000e+02;1.4294396e-01;2.4250000e+02;1.6552766e-01;2.4250000e+02;1.9112691e-01;2.4250000e+02;2.1388280e-01;2.4250000e+02;2.2592059e-01;2.4250000e+02;2.1338198e-01;2.4250000e+02;1.8047771e-01;2.4250000e+02;1.3494475e-01;2.4250000e+02;8.8037282e-02;2.4250000e+02;4.5396894e-02;2.4250000e+02;6.9316905e-03;2.4250000e+02;1.1123410e-02;2.4250000e+02;1.9850146e-02;2.4250000e+02;3.3082474e-02;2.4250000e+02;4.9794018e-02;2.4250000e+02;7.0049495e-02;2.4250000e+02;9.3210608e-02;2.4250000e+02;1.1775054e-01;2.4250000e+02;1.4294396e-01;2.4250000e+02;1.6552766e-01;2.4250000e+02;1.9112691e-01;2.4250000e+02;2.1388280e-01;2.4250000e+02;2.2592059e-01;2.4250000e+02;2.1338198e-01;2.4250000e+02;1.8047771e-01;2.4250000e+02;1.3494475e-01;2.4250000e+02;8.8037282e-02;2.4250000e+02;4.5396894e-02;2.4250000e+02;6.9316905e-03;2.4250000e+02;1.1123410e-02;2.4250000e+02;1.9850146e-02;2.4250000e+02;3.3082474e-02;2.4250000e+02;4.9794018e-02;2.4250000e+02;7.0049495e-02;2.4250000e+02;9.3210608e-02;2.4250000e+02;1.1775054e-01;2.4250000e+02;1.4294396e-01;2.4250000e+02;1.6552766e-01;2.4250000e+02;1.9112691e-01;2.4250000e+02;2.1388280e-01;2.4250000e+02;2.2592059e-01;2.4250000e+02;2.1338198e-01;2.4250000e+02;1.8047771e-01;2.4250000e+02;1.3494475e-01;2.4250000e+02;8.8037282e-02;2.4250000e+02;4.5396894e-02;2.4250000e+02;6.9316905e-03;2.4250000e+02;1.1123410e-02;2.4250000e+02;1.9850146e-02;2.4250000e+02;3.3082474e-02;2.4250000e+02;4.9794018e-02;2.4250000e+02;7.0049495e-02;2.4250000e+02;9.3210608e-02;2.4250000e+02;1.1775054e-01;2.4250000e+02;1.4294396e-01;2.4250000e+02;1.6552766e-01;2.4250000e+02;1.9112691e-01;2.4250000e+02;2.1388280e-01;2.4250000e+02;2.2592059e-01;2.4250000e+02;2.1338198e-01;2.4250000e+02;1.8047771e-01;2.4250000e+02;1.3494475e-01;2.4250000e+02;8.8037282e-02;2.4250000e+02;4.5396894e-02;2.4250000e+02;6.9316905e-03;2.4250000e+02;1.1123410e-02;2.4250000e+02;1.9850146e-02;2.4250000e+02;3.3082474e-02;2.4250000e+02;4.9794018e-02;2.4250000e+02;7.0049495e-02;2.4250000e+02;9.3210608e-02;2.4250000e+02;1.1775054e-01;2.4250000e+02;1.4294396e-01;2.4250000e+02;1.6552766e-01;2.4250000e+02;1.9112691e-01;2.4250000e+02;2.1388280e-01;2.4250000e+02;2.2592059e-01;2.4250000e+02;2.1338198e-01;2.4250000e+02;1.8047771e-01;2.4250000e+02;1.3494475e-01;2.4250000e+02;8.8037282e-02;2.4250000e+02;4.5396894e-02;2.4250000e+02;6.9316905e-03;2.4250000e+02;1.1123410e-02;2.4250000e+02;1.9850146e-02;2.4250000e+02;3.3082474e-02;2.4250000e+02;4.9794018e-02;2.4250000e+02;7.0049495e-02;2.4250000e+02;9.3210608e-02;2.4250000e+02;1.1775054e-01;2.4250000e+02;1.4294396e-01;2.4250000e+02;1.6552766e-01;2.4250000e+02;1.9112691e-01;2.4250000e+02;2.1388280e-01;2.4250000e+02;2.2592059e-01;2.4250000e+02;2.1338198e-01;2.4250000e+02;1.8047771e-01;2.4250000e+02;1.3494475e-01;2.4250000e+02;8.8037282e-02;2.4250000e+02;4.5396894e-02;2.4250000e+02;6.9316905e-03;2.4250000e+02;1.1123410e-02;2.4250000e+02;1.9850146e-02;2.4250000e+02;3.3082474e-02;2.4250000e+02;4.9794018e-02;2.4250000e+02;7.0049495e-02;2.4250000e+02;9.3210608e-02;2.4250000e+02;1.1775054e-01;2.4250000e+02;1.4294396e-01;2.4250000e+02;1.6552766e-01;2.4250000e+02;1.9112691e-01;2.4250000e+02;2.1388280e-01;2.4250000e+02;2.2592059e-01;2.4250000e+02;2.1338198e-01;2.4250000e+02;1.8047771e-01;2.4250000e+02;1.3494475e-01;2.4250000e+02;8.8037282e-02;2.4250000e+02;4.5396894e-02;2.4250000e+02;6.9316905e-03;2.4250000e+02;1.1123410e-02;2.4250000e+02;1.9850146e-02;2.4250000e+02;3.3082474e-02;2.4250000e+02;4.9794018e-02;2.4250000e+02;7.0049495e-02;2.4250000e+02;9.3210608e-02;2.4250000e+02;1.1775054e-01;2.4250000e+02;1.4294396e-01;2.4250000e+02;1.6552766e-01;2.4250000e+02;1.9112691e-01;2.4250000e+02;2.1388280e-01;2.4250000e+02;2.2592059e-01;2.4250000e+02;2.1338198e-01;2.4250000e+02;1.8047771e-01;2.4250000e+02;1.3494475e-01;2.4250000e+02;8.8037282e-02;2.4250000e+02;4.5396894e-02;2.4250000e+02;6.9316905e-03;2.4250000e+02;1.1123410e-02;2.4250000e+02;1.9850146e-02;2.4250000e+02;3.3082474e-02;2.4250000e+02;4.9794018e-02;2.4250000e+02;7.0049495e-02;2.4250000e+02;9.3210608e-02;2.4250000e+02;1.1775054e-01;2.4250000e+02;1.4294396e-01;2.4250000e+02;1.6552766e-01;2.4250000e+02;1.9112691e-01;2.4250000e+02;2.1388280e-01;2.4250000e+02;2.2592059e-01;2.4250000e+02;2.1338198e-01;2.4250000e+02;1.8047771e-01;2.4250000e+02;1.3494475e-01;2.4250000e+02;8.8037282e-02;2.4250000e+02;4.5396894e-02;2.4250000e+02;6.9316905e-03;2.4250000e+02;1.1123410e-02;2.4250000e+02;1.9850146e-02;2.4250000e+02;3.3082474e-02;2.4250000e+02;4.9794018e-02;2.4250000e+02;7.0049495e-02;2.4250000e+02;9.3210608e-02;2.4250000e+02;1.1775054e-01;2.4250000e+02;1.4294396e-01;2.4250000e+02;1.6552766e-01;2.4250000e+02;1.9112691e-01;2.4250000e+02;2.1388280e-01;2.4250000e+02;2.2592059e-01;2.4250000e+02;2.1338198e-01;2.4250000e+02;1.8047771e-01;2.4250000e+02;1.3494475e-01;2.4250000e+02;8.8037282e-02;2.4250000e+02;4.5396894e-02;2.4250000e+02;6.9316905e-03;2.4250000e+02;1.1123410e-02;2.4250000e+02;1.9850146e-02;2.4250000e+02;3.3082474e-02;2.4250000e+02;4.9794018e-02;2.4250000e+02;7.0049495e-02;2.4250000e+02;9.3210608e-02;2.4250000e+02;1.1775054e-01;2.4250000e+02;1.4294396e-01;2.4250000e+02;1.6552766e-01;2.4250000e+02;1.9112691e-01;2.4250000e+02;2.1388280e-01;2.4250000e+02;2.2592059e-01;2.4250000e+02;2.1338198e-01;2.4250000e+02;1.8047771e-01;2.4250000e+02;1.3494475e-01;2.4250000e+02;8.8037282e-02;2.4250000e+02;4.5396894e-02;2.4250000e+02;6.9316905e-03;2.4250000e+02;1.1123410e-02;2.4250000e+02;1.9850146e-02;2.4250000e+02;3.3082474e-02;2.4250000e+02;4.9794018e-02;2.4250000e+02;7.0049495e-02;2.4250000e+02;9.3210608e-02;2.4250000e+02;1.1775054e-01;2.4250000e+02;1.4294396e-01;2.4250000e+02;1.6552766e-01;2.4250000e+02;1.9112691e-01;2.4250000e+02;2.1388280e-01;2.4250000e+02;2.2592059e-01;2.4250000e+02;2.1338198e-01;2.4250000e+02;1.8047771e-01;2.4250000e+02;1.3494475e-01;2.4250000e+02;8.8037282e-02;2.4250000e+02;4.5396894e-02;2.4250000e+02;6.9316905e-03;2.4250000e+02;1.1123410e-02;2.4250000e+02;1.9850146e-02;2.4250000e+02;3.3082474e-02;2.4250000e+02;4.9794018e-02;2.4250000e+02;7.0049495e-02;2.4250000e+02;9.3210608e-02;2.4250000e+02;1.1775054e-01;2.4250000e+02;1.4294396e-01;2.4250000e+02;1.6552766e-01;2.4250000e+02;1.9112691e-01;2.4250000e+02;2.1388280e-01;2.4250000e+02;2.2592059e-01;2.4250000e+02;2.1338198e-01;2.4250000e+02;1.8047771e-01;2.4250000e+02;1.3494475e-01;2.4250000e+02;8.8037282e-02;2.4250000e+02;4.5396894e-02;2.4250000e+02;6.9316905e-03;2.4250000e+02;1.1123410e-02;2.4250000e+02;1.9850146e-02;2.4250000e+02;3.3082474e-02;2.4250000e+02;4.9794018e-02;2.4250000e+02;7.0049495e-02;2.4250000e+02;9.3210608e-02;2.4250000e+02;1.1775054e-01;2.4250000e+02;1.4294396e-01;2.4250000e+02;1.6552766e-01;2.4250000e+02;1.9112691e-01;2.4250000e+02;2.1388280e-01;2.4250000e+02;2.2592059e-01;2.4250000e+02;2.1338198e-01;2.4250000e+02;1.8047771e-01;2.4250000e+02;1.3494475e-01;2.4250000e+02;8.8037282e-02;2.4250000e+02;4.5396894e-02;2.4250000e+02;6.9316905e-03;2.4250000e+02;1.1123410e-02;2.4250000e+02;1.9850146e-02;2.4250000e+02;3.3082474e-02;2.4250000e+02;4.9794018e-02;2.4250000e+02;7.0049495e-02;2.4250000e+02;9.3210608e-02;2.4250000e+02;1.1775054e-01;2.4250000e+02;1.4294396e-01;2.4250000e+02;1.6552766e-01;2.4250000e+02;1.9112691e-01;2.4250000e+02;2.1388280e-01;2.4250000e+02;2.2592059e-01;2.4250000e+02;2.1338198e-01;2.4250000e+02;1.8047771e-01;2.4250000e+02;1.3494475e-01;2.4250000e+02;8.8037282e-02;2.4250000e+02;4.5396894e-02;2.4250000e+02;6.9316905e-03;2.4250000e+02;1.1123410e-02;2.4250000e+02;1.9850146e-02;2.4250000e+02;3.3082474e-02;2.4250000e+02;4.9794018e-02;2.4250000e+02;7.0049495e-02;2.4250000e+02;9.3210608e-02;2.4250000e+02;1.1775054e-01;2.4250000e+02;1.4294396e-01;2.4250000e+02;1.6552766e-01;2.4250000e+02;1.9112691e-01;2.4250000e+02;2.1388280e-01;2.4250000e+02;2.2592059e-01;2.4250000e+02;2.1338198e-01;2.4250000e+02;1.8047771e-01;2.4250000e+02;1.3494475e-01;2.4250000e+02;8.8037282e-02;2.4250000e+02;4.5396894e-02;2.4250000e+02;6.9316905e-03;2.4250000e+02;1.1123410e-02;2.4250000e+02;1.9850146e-02;2.4250000e+02;3.3082474e-02;2.4250000e+02;4.9794018e-02;2.4250000e+02;7.0049495e-02;2.4250000e+02;9.3210608e-02;2.4250000e+02;1.1775054e-01;2.4250000e+02;1.4294396e-01;2.4250000e+02;1.6552766e-01;2.4250000e+02;1.9112691e-01;2.4250000e+02;2.1388280e-01;2.4250000e+02;2.2592059e-01;2.4250000e+02;2.1338198e-01;2.4250000e+02;1.8047771e-01;2.4250000e+02;1.3494475e-01;2.4250000e+02;8.8037282e-02;2.4250000e+02;4.5396894e-02;2.4250000e+02;6.9316905e-03;2.4250000e+02;1.1123410e-02;2.4250000e+02;1.9850146e-02;2.4250000e+02;3.3082474e-02;2.4250000e+02;4.9794018e-02;2.4250000e+02;7.0049495e-02;2.4250000e+02;9.3210608e-02;2.4250000e+02;1.1775054e-01;2.4250000e+02;1.4294396e-01;2.4250000e+02;1.6552766e-01;2.4250000e+02;1.9112691e-01;2.4250000e+02;2.1388280e-01;2.4250000e+02;2.2592059e-01;2.4250000e+02;2.1338198e-01;2.4250000e+02;1.8047771e-01;2.4250000e+02;1.3494475e-01;2.4250000e+02;8.8037282e-02;2.4250000e+02;4.5396894e-02;2.4250000e+02;6.9316905e-03;2.4250000e+02;1.1123410e-02;2.4250000e+02;1.9850146e-02;2.4250000e+02;3.3082474e-02;2.4250000e+02;4.9794018e-02;2.4250000e+02;7.0049495e-02;2.4250000e+02;9.3210608e-02;2.4250000e+02;1.1775054e-01;2.4250000e+02;1.4294396e-01;2.4250000e+02;1.6552766e-01;2.4250000e+02;1.9112691e-01;2.4250000e+02;2.1388280e-01;2.4250000e+02;2.2592059e-01;2.4250000e+02;2.1338198e-01;2.4250000e+02;1.8047771e-01;2.4250000e+02;1.3494475e-01;2.4250000e+02;8.8037282e-02;2.4250000e+02;4.5396894e-02;2.4250000e+02;6.9316905e-03;2.4250000e+02;1.1123410e-02;2.4250000e+02;1.9850146e-02;2.4250000e+02;3.3082474e-02;2.4250000e+02;4.9794018e-02;2.4250000e+02;7.0049495e-02;2.4250000e+02;9.3210608e-02;2.4250000e+02;1.1775054e-01;2.4250000e+02;1.4294396e-01;2.4250000e+02;1.6552766e-01;2.4250000e+02;1.9112691e-01;2.4250000e+02;2.1388280e-01;2.4250000e+02;2.2592059e-01;2.4250000e+02;2.1338198e-01;2.4250000e+02;1.8047771e-01;2.4250000e+02;1.3494475e-01;2.4250000e+02;8.8037282e-02;2.4250000e+02;4.5396894e-02;2.4250000e+02;6.9316905e-03;2.4250000e+02;1.1123410e-02;2.4250000e+02;1.9850146e-02;2.4250000e+02;3.3082474e-02;2.4250000e+02;4.9794018e-02;2.4250000e+02;7.0049495e-02;2.4250000e+02;9.3210608e-02;2.4250000e+02;1.1775054e-01;2.4250000e+02;1.4294396e-01;2.4250000e+02;1.6552766e-01;2.4250000e+02;1.9112691e-01;2.4250000e+02;2.1388280e-01;2.4250000e+02;2.2592059e-01;2.4250000e+02;2.1338198e-01;2.4250000e+02;1.8047771e-01;2.4250000e+02;1.3494475e-01;2.4250000e+02;8.8037282e-02;2.4250000e+02;4.5396894e-02;2.4250000e+02;6.9316905e-03;2.4250000e+02;1.1123410e-02;2.4250000e+02;1.9850146e-02;2.4250000e+02;3.3082474e-02;2.4250000e+02;4.9794018e-02;2.4250000e+02;7.0049495e-02;2.4250000e+02;9.3210608e-02;2.4250000e+02;1.1775054e-01;2.4250000e+02;1.4294396e-01;2.4250000e+02;1.6552766e-01;2.4250000e+02;1.9112691e-01;2.4250000e+02;2.1388280e-01;2.4250000e+02;2.2592059e-01;2.4250000e+02;2.1338198e-01;2.4250000e+02;1.8047771e-01;2.4250000e+02;1.3494475e-01;2.4250000e+02;8.8037282e-02;2.4250000e+02;4.5396894e-02;2.4250000e+02;6.9316905e-03;2.4250000e+02;1.1123410e-02;2.4250000e+02;1.9850146e-02;2.4250000e+02;3.3082474e-02;2.4250000e+02;4.9794018e-02;2.4250000e+02;7.0049495e-02;2.4250000e+02;9.3210608e-02;2.4250000e+02;1.1775054e-01;2.4250000e+02;1.4294396e-01;2.4250000e+02;1.6552766e-01;2.4250000e+02;1.9112691e-01;2.4250000e+02;2.1388280e-01;2.4250000e+02;2.2592059e-01;2.4250000e+02;2.1338198e-01;2.4250000e+02;1.8047771e-01;2.4250000e+02;1.3494475e-01;2.4250000e+02;8.8037282e-02;2.4250000e+02;4.5396894e-02;2.4250000e+02;6.9316905e-03;2.4250000e+02;1.1123410e-02;2.4250000e+02;1.9850146e-02;2.4250000e+02;3.3082474e-02;2.4250000e+02;4.9794018e-02;2.4250000e+02;7.0049495e-02;2.4250000e+02;9.3210608e-02;2.4250000e+02;1.1775054e-01;2.4250000e+02;1.4294396e-01;2.4250000e+02;1.6552766e-01;2.4250000e+02;1.9112691e-01;2.4250000e+02;2.1388280e-01;2.4250000e+02;2.2592059e-01;2.4250000e+02;2.1338198e-01;2.4250000e+02;1.8047771e-01;2.4250000e+02;1.3494475e-01;2.4250000e+02;8.8037282e-02;2.4250000e+02;4.5396894e-02;2.4250000e+02;6.9316905e-03;2.4250000e+02;1.1123410e-02;2.4250000e+02;1.9850146e-02;2.4250000e+02;3.3082474e-02;2.4250000e+02;4.9794018e-02;2.4250000e+02;7.0049495e-02;2.4250000e+02;9.3210608e-02;2.4250000e+02;1.1775054e-01;2.4250000e+02;1.4294396e-01;2.4250000e+02;1.6552766e-01;2.4250000e+02;1.9112691e-01;2.4250000e+02;2.1388280e-01;2.4250000e+02;2.2592059e-01;2.4250000e+02;2.1338198e-01;2.4250000e+02;1.8047771e-01;2.4250000e+02;1.3494475e-01;2.4250000e+02;8.8037282e-02;2.4250000e+02;4.5396894e-02;2.4250000e+02;6.9316905e-03;2.4250000e+02;1.1123410e-02;2.4250000e+02;1.9850146e-02;2.4250000e+02;3.3082474e-02;2.4250000e+02;4.9794018e-02;2.4250000e+02;7.0049495e-02;2.4250000e+02;9.3210608e-02;2.4250000e+02;1.1775054e-01;2.4250000e+02;1.4294396e-01;2.4250000e+02;1.6552766e-01;2.4250000e+02;1.9112691e-01;2.4250000e+02;2.1388280e-01;2.4250000e+02;2.2592059e-01;2.4250000e+02;2.1338198e-01;2.4250000e+02;1.8047771e-01;2.4250000e+02;1.3494475e-01;2.4250000e+02;8.8037282e-02;2.4250000e+02;4.5396894e-02;2.4250000e+02;6.9316905e-03;2.4250000e+02;1.1123410e-02;2.4250000e+02;1.9850146e-02;2.4250000e+02;3.3082474e-02;2.4250000e+02;4.9794018e-02;2.4250000e+02;7.0049495e-02;2.4250000e+02;9.3210608e-02;2.4250000e+02;1.1775054e-01;2.4250000e+02;1.4294396e-01;2.4250000e+02;1.6552766e-01;2.4250000e+02;1.9112691e-01;2.4250000e+02;2.1388280e-01;2.4250000e+02;2.2592059e-01;2.4250000e+02;2.1338198e-01;2.4250000e+02;1.8047771e-01;2.4250000e+02;1.3494475e-01;2.4250000e+02;8.8037282e-02;2.4250000e+02;4.5396894e-02;2.4250000e+02;6.9316905e-03;2.4250000e+02;1.1123410e-02;2.4250000e+02;1.9850146e-02;2.4250000e+02;3.3082474e-02;2.4250000e+02;4.9794018e-02;2.4250000e+02;7.0049495e-02;2.4250000e+02;9.3210608e-02;2.4250000e+02;1.1775054e-01;2.4250000e+02;1.4294396e-01;2.4250000e+02;1.6552766e-01;2.4250000e+02;1.9112691e-01;2.4250000e+02;2.1388280e-01;2.4250000e+02;2.2592059e-01;2.4250000e+02;2.1338198e-01;2.4250000e+02;1.8047771e-01;2.4250000e+02;1.3494475e-01;2.4250000e+02;8.8037282e-02;2.4250000e+02;4.5396894e-02;2.4250000e+02;6.9316905e-03;2.4250000e+02;1.1123410e-02;2.4250000e+02;1.9850146e-02;2.4250000e+02;3.3082474e-02;2.4250000e+02;4.9794018e-02;2.4250000e+02;7.0049495e-02;2.4250000e+02;9.3210608e-02;2.4250000e+02;1.1775054e-01;2.4250000e+02;1.4294396e-01;2.4250000e+02;1.6552766e-01;2.4250000e+02;1.9112691e-01;2.4250000e+02;2.1388280e-01;2.4250000e+02;2.2592059e-01;2.4250000e+02;2.1338198e-01;2.4250000e+02;1.8047771e-01;2.4250000e+02;1.3494475e-01;2.4250000e+02;8.8037282e-02;2.4250000e+02;4.5396894e-02;2.4250000e+02;6.9316905e-03;2.4250000e+02;1.1123410e-02;2.4250000e+02;1.9850146e-02;2.4250000e+02;3.3082474e-02;2.4250000e+02;4.9794018e-02;2.4250000e+02;7.0049495e-02;2.4250000e+02;9.3210608e-02;2.4250000e+02;1.1775054e-01;2.4250000e+02;1.4294396e-01;2.4250000e+02;1.6552766e-01;2.4250000e+02;1.9112691e-01;2.4250000e+02;2.1388280e-01;2.4250000e+02;2.2592059e-01;2.4250000e+02;2.1338198e-01;2.4250000e+02;1.8047771e-01;2.4250000e+02;1.3494475e-01;2.4250000e+02;8.8037282e-02;2.4250000e+02;4.5396894e-02;2.4250000e+02;6.9316905e-03;2.4250000e+02;1.1123410e-02;2.4250000e+02;1.9850146e-02;2.4250000e+02;3.3082474e-02;2.4250000e+02;4.9794018e-02;2.4250000e+02;7.0049495e-02;2.4250000e+02;9.3210608e-02;2.4250000e+02;1.1775054e-01;2.4250000e+02;1.4294396e-01;2.4250000e+02;1.6552766e-01;2.4250000e+02;1.9112691e-01;2.4250000e+02;2.1388280e-01;2.4250000e+02;2.2592059e-01;2.4250000e+02;2.1338198e-01;2.4250000e+02;1.8047771e-01;2.4250000e+02;1.3494475e-01;2.4250000e+02;8.8037282e-02;2.4250000e+02;4.5396894e-02;2.4250000e+02;6.9316905e-03;2.4250000e+02;1.1123410e-02;2.4250000e+02;1.9850146e-02;2.4250000e+02;3.3082474e-02;2.4250000e+02;4.9794018e-02;2.4250000e+02;7.0049495e-02;2.4250000e+02;9.3210608e-02;2.4250000e+02;1.1775054e-01;2.4250000e+02;1.4294396e-01;2.4250000e+02;1.6552766e-01;2.4250000e+02;1.9112691e-01;2.4250000e+02;2.1388280e-01;2.4250000e+02;2.2592059e-01;2.4250000e+02;2.1338198e-01;2.4250000e+02;1.8047771e-01;2.4250000e+02;1.3494475e-01;2.4250000e+02;8.8037282e-02;2.4250000e+02;4.5396894e-02;2.4250000e+02;6.9316905e-03;2.4250000e+02;1.1123410e-02;2.4250000e+02;1.9850146e-02;2.4250000e+02;3.3082474e-02;2.4250000e+02;4.9794018e-02;2.4250000e+02;7.0049495e-02;2.4250000e+02;9.3210608e-02;2.4250000e+02;1.1775054e-01;2.4250000e+02;1.4294396e-01;2.4250000e+02;1.6552766e-01;2.4250000e+02;1.9112691e-01;2.4250000e+02;2.1388280e-01;2.4250000e+02;2.2592059e-01;2.4250000e+02;2.1338198e-01;2.4250000e+02;1.8047771e-01;2.4250000e+02;1.3494475e-01;2.4250000e+02;8.8037282e-02;2.4250000e+02;4.5396894e-02;2.4250000e+02;6.9316905e-03;2.4250000e+02;1.1123410e-02;2.4250000e+02;1.9850146e-02;2.4250000e+02;3.3082474e-02;2.4250000e+02;4.9794018e-02;2.4250000e+02;7.0049495e-02;2.4250000e+02;9.3210608e-02;2.4250000e+02;1.1775054e-01;2.4250000e+02;1.4294396e-01;2.4250000e+02;1.6552766e-01;2.4250000e+02;1.9112691e-01;2.4250000e+02;2.1388280e-01;2.4250000e+02;2.2592059e-01;2.4250000e+02;2.1338198e-01;2.4250000e+02;1.8047771e-01;2.4250000e+02;1.3494475e-01;2.4250000e+02;8.8037282e-02;2.4250000e+02;4.5396894e-02;2.4250000e+02;6.9316905e-03;2.4250000e+02;1.1123410e-02;2.4250000e+02;1.9850146e-02;2.4250000e+02;3.3082474e-02;2.4250000e+02;4.9794018e-02;2.4250000e+02;7.0049495e-02;2.4250000e+02;9.3210608e-02;2.4250000e+02;1.1775054e-01;2.4250000e+02;1.4294396e-01;2.4250000e+02;1.6552766e-01;2.4250000e+02;1.9112691e-01;2.4250000e+02;2.1388280e-01;2.4250000e+02;2.2592059e-01;2.4250000e+02;2.1338198e-01;2.4250000e+02;1.8047771e-01;2.4250000e+02;1.3494475e-01;2.4250000e+02;8.8037282e-02;2.4250000e+02;4.5396894e-02;2.4250000e+02;6.9316905e-03;2.4250000e+02;1.1123410e-02;2.4250000e+02;1.9850146e-02;2.4250000e+02;3.3082474e-02;2.4250000e+02;4.9794018e-02;2.4250000e+02;7.0049495e-02;2.4250000e+02;9.3210608e-02;2.4250000e+02;1.1775054e-01;2.4250000e+02;1.4294396e-01;2.4250000e+02;1.6552766e-01;2.4250000e+02;1.9112691e-01;2.4250000e+02;2.1388280e-01;2.4250000e+02;2.2592059e-01;2.4250000e+02;2.1338198e-01;2.4250000e+02;1.8047771e-01;2.4250000e+02;1.3494475e-01;2.4250000e+02;8.8037282e-02;2.4250000e+02;4.5396894e-02;2.4250000e+02;6.9316905e-03;2.4250000e+02;1.1123410e-02;2.4250000e+02;1.9850146e-02;2.4250000e+02;3.3082474e-02;2.4250000e+02;4.9794018e-02;2.4250000e+02;7.0049495e-02;2.4250000e+02;9.3210608e-02;2.4250000e+02;1.1775054e-01;2.4250000e+02;1.4294396e-01;2.4250000e+02;1.6552766e-01;2.4250000e+02;1.9112691e-01;2.4250000e+02;2.1388280e-01;2.4250000e+02;2.2592059e-01;2.4250000e+02;2.1338198e-01;2.4250000e+02;1.8047771e-01;2.4250000e+02;1.3494475e-01;2.4250000e+02;8.8037282e-02;2.4250000e+02;4.5396894e-02;2.4250000e+02;6.9316905e-03;2.4250000e+02;1.1123410e-02;2.4250000e+02;1.9850146e-02;2.4250000e+02;3.3082474e-02;2.4250000e+02;4.9794018e-02;2.4250000e+02;7.0049495e-02;2.4250000e+02;9.3210608e-02;2.4250000e+02;1.1775054e-01;2.4250000e+02;1.4294396e-01;2.4250000e+02;1.6552766e-01;2.4250000e+02;1.9112691e-01;2.4250000e+02;2.1388280e-01;2.4250000e+02;2.2592059e-01;2.4250000e+02;2.1338198e-01;2.4250000e+02;1.8047771e-01;2.4250000e+02;1.3494475e-01;2.4250000e+02;8.8037282e-02;2.4250000e+02;4.5396894e-02;2.4250000e+02;6.9316905e-03;2.4250000e+02;1.1123410e-02;2.4250000e+02;1.9850146e-02;2.4250000e+02;3.3082474e-02;2.4250000e+02;4.9794018e-02;2.4250000e+02;7.0049495e-02;2.4250000e+02;9.3210608e-02;2.4250000e+02;1.1775054e-01;2.4250000e+02;1.4294396e-01;2.4250000e+02;1.6552766e-01;2.4250000e+02;1.9112691e-01;2.4250000e+02;2.1388280e-01;2.4250000e+02;2.2592059e-01;2.4250000e+02;2.1338198e-01;2.4250000e+02;1.8047771e-01;2.4250000e+02;1.3494475e-01;2.4250000e+02;8.8037282e-02;2.4250000e+02;4.5396894e-02;2.4250000e+02;6.9316905e-03;2.4250000e+02;1.1123410e-02;2.4250000e+02;1.9850146e-02;2.4250000e+02;3.3082474e-02;2.4250000e+02;4.9794018e-02;2.4250000e+02;7.0049495e-02;2.4250000e+02;9.3210608e-02;2.4250000e+02;1.1775054e-01;2.4250000e+02;1.4294396e-01;2.4250000e+02;1.6552766e-01;2.4250000e+02;1.9112691e-01;2.4250000e+02;2.1388280e-01;2.4250000e+02;2.2592059e-01;2.4250000e+02;2.1338198e-01;2.4250000e+02;1.8047771e-01;2.4250000e+02;1.3494475e-01;2.4250000e+02;8.8037282e-02;2.4250000e+02;4.5396894e-02;2.4250000e+02;6.9316905e-03;2.4250000e+02;1.1123410e-02;2.4250000e+02;1.9850146e-02;2.4250000e+02;3.3082474e-02;2.4250000e+02;4.9794018e-02;2.4250000e+02;7.0049495e-02;2.4250000e+02;9.3210608e-02;2.4250000e+02;1.1775054e-01;2.4250000e+02;1.4294396e-01;2.4250000e+02;1.6552766e-01;2.4250000e+02;1.9112691e-01;2.4250000e+02;2.1388280e-01;2.4250000e+02;2.2592059e-01;2.4250000e+02;2.1338198e-01;2.4250000e+02;1.8047771e-01;2.4250000e+02;1.3494475e-01;2.4250000e+02;8.8037282e-02;2.4250000e+02;4.5396894e-02;2.4250000e+02;6.9316905e-03;2.4250000e+02;1.1123410e-02;2.4250000e+02;1.9850146e-02;2.4250000e+02;3.3082474e-02;2.4250000e+02;4.9794018e-02;2.4250000e+02;7.0049495e-02;2.4250000e+02;9.3210608e-02;2.4250000e+02;1.1775054e-01;2.4250000e+02;1.4294396e-01;2.4250000e+02;1.6552766e-01;2.4250000e+02;1.9112691e-01;2.4250000e+02;2.1388280e-01;2.4250000e+02;2.2592059e-01;2.4250000e+02;2.1338198e-01;2.4250000e+02;1.8047771e-01;2.4250000e+02;1.3494475e-01;2.4250000e+02;8.8037282e-02;2.4250000e+02;4.5396894e-02;2.4250000e+02;6.9316905e-03;2.4250000e+02;1.1123410e-02;2.4250000e+02;1.9850146e-02;2.4250000e+02;3.3082474e-02;2.4250000e+02;4.9794018e-02;2.4250000e+02;7.0049495e-02;2.4250000e+02;9.3210608e-02;2.4250000e+02;1.1775054e-01;2.4250000e+02;1.4294396e-01;2.4250000e+02;1.6552766e-01;2.4250000e+02;1.9112691e-01;2.4250000e+02;2.1388280e-01;2.4250000e+02;2.2592059e-01;2.4250000e+02;2.1338198e-01;2.4250000e+02;1.8047771e-01;2.4250000e+02;1.3494475e-01;2.4250000e+02;8.8037282e-02;2.4250000e+02;4.5396894e-02;2.4250000e+02;6.9316905e-03;2.4250000e+02;1.1123410e-02;2.4250000e+02;1.9850146e-02;2.4250000e+02;3.3082474e-02;2.4250000e+02;4.9794018e-02;2.4250000e+02;7.0049495e-02;2.4250000e+02;9.3210608e-02;2.4250000e+02;1.1775054e-01;2.4250000e+02;1.4294396e-01;2.4250000e+02;1.6552766e-01;2.4250000e+02;1.9112691e-01;2.4250000e+02;2.1388280e-01;2.4250000e+02;2.2592059e-01;2.4250000e+02;2.1338198e-01;2.4250000e+02;1.8047771e-01;2.4250000e+02;1.3494475e-01;2.4250000e+02;8.8037282e-02;2.4250000e+02;4.5396894e-02;2.4250000e+02;6.9316905e-03;2.4250000e+02;1.1123410e-02;2.4250000e+02;1.9850146e-02;2.4250000e+02;3.3082474e-02;2.4250000e+02;4.9794018e-02;2.4250000e+02;7.0049495e-02;2.4250000e+02;9.3210608e-02;2.4250000e+02;1.1775054e-01;2.4250000e+02;1.4294396e-01;2.4250000e+02;1.6552766e-01;2.4250000e+02;1.9112691e-01;2.4250000e+02;2.1388280e-01;2.4250000e+02;2.2592059e-01;2.4250000e+02;2.1338198e-01;2.4250000e+02;1.8047771e-01;2.4250000e+02;1.3494475e-01;2.4250000e+02;8.8037282e-02;2.4250000e+02;4.5396894e-02;2.4250000e+02;6.9316905e-03;2.4250000e+02;1.1123410e-02;2.4250000e+02;1.9850146e-02;2.4250000e+02;3.3082474e-02;2.4250000e+02;4.9794018e-02;2.4250000e+02;7.0049495e-02;2.4250000e+02;9.3210608e-02;2.4250000e+02;1.1775054e-01;2.4250000e+02;1.4294396e-01;2.4250000e+02;1.6552766e-01;2.4250000e+02;1.9112691e-01;2.4250000e+02;2.1388280e-01;2.4250000e+02;2.2592059e-01;2.4250000e+02;2.1338198e-01;2.4250000e+02;1.8047771e-01;2.4250000e+02;1.3494475e-01;2.4250000e+02;8.8037282e-02;2.4250000e+02;4.5396894e-02;2.4250000e+02;6.9316905e-03;2.4250000e+02;1.1123410e-02;2.4250000e+02;1.9850146e-02;2.4250000e+02;3.3082474e-02;2.4250000e+02;4.9794018e-02;2.4250000e+02;7.0049495e-02;2.4250000e+02;9.3210608e-02;2.4250000e+02;1.1775054e-01;2.4250000e+02;1.4294396e-01;2.4250000e+02;1.6552766e-01;2.4250000e+02;1.9112691e-01;2.4250000e+02;2.1388280e-01;2.4250000e+02;2.2592059e-01;2.4250000e+02;2.1338198e-01;2.4250000e+02;1.8047771e-01;2.4250000e+02;1.3494475e-01;2.4250000e+02;8.8037282e-02;2.4250000e+02;4.5396894e-02;2.4250000e+02;6.9316905e-03;2.4250000e+02;1.1123410e-02;2.4250000e+02;1.9850146e-02;2.4250000e+02;3.3082474e-02;2.4250000e+02;4.9794018e-02;2.4250000e+02;7.0049495e-02;2.4250000e+02;9.3210608e-02;2.4250000e+02;1.1775054e-01;2.4250000e+02;1.4294396e-01;2.4250000e+02;1.6552766e-01;2.4250000e+02;1.9112691e-01;2.4250000e+02;2.1388280e-01;2.4250000e+02;2.2592059e-01;2.4250000e+02;2.1338198e-01;2.4250000e+02;1.8047771e-01;2.4250000e+02;1.3494475e-01;2.4250000e+02;8.8037282e-02;2.4250000e+02;4.5396894e-02;2.4250000e+02;6.9316905e-03;2.4250000e+02;1.1123410e-02;2.4250000e+02;1.9850146e-02;2.4250000e+02;3.3082474e-02;2.4250000e+02;4.9794018e-02;2.4250000e+02;7.0049495e-02;2.4250000e+02;9.3210608e-02;2.4250000e+02;1.1775054e-01;2.4250000e+02;1.4294396e-01;2.4250000e+02;1.6552766e-01;2.4250000e+02;1.9112691e-01;2.4250000e+02;2.1388280e-01;2.4250000e+02;2.2592059e-01;2.4250000e+02;2.1338198e-01;2.4250000e+02;1.8047771e-01;2.4250000e+02;1.3494475e-01;2.4250000e+02;8.8037282e-02;2.4250000e+02;4.5396894e-02;2.4250000e+02;6.9316905e-03;2.4250000e+02;1.1123410e-02;2.4250000e+02;1.9850146e-02;2.4250000e+02;3.3082474e-02;2.4250000e+02;4.9794018e-02;2.4250000e+02;7.0049495e-02;2.4250000e+02;9.3210608e-02;2.4250000e+02;1.1775054e-01;2.4250000e+02;1.4294396e-01;2.4250000e+02;1.6552766e-01;2.4250000e+02;1.9112691e-01;2.4250000e+02;2.1388280e-01;2.4250000e+02;2.2592059e-01;2.4250000e+02;2.1338198e-01;2.4250000e+02;1.8047771e-01;2.4250000e+02;1.3494475e-01;2.4250000e+02;8.8037282e-02;2.4250000e+02;4.5396894e-02;2.4250000e+02;6.9316905e-03;2.4250000e+02;1.1123410e-02;2.4250000e+02;1.9850146e-02;2.4250000e+02;3.3082474e-02;2.4250000e+02;4.9794018e-02;2.4250000e+02;7.0049495e-02;2.4250000e+02;9.3210608e-02;2.4250000e+02;1.1775054e-01;2.4250000e+02;1.4294396e-01;2.4250000e+02;1.6552766e-01;2.4250000e+02;1.9112691e-01;2.4250000e+02;2.1388280e-01;2.4250000e+02;2.2592059e-01;2.4250000e+02;2.1338198e-01;2.4250000e+02;1.8047771e-01;2.4250000e+02;1.3494475e-01;2.4250000e+02;8.8037282e-02;2.4250000e+02;4.5396894e-02;2.4250000e+02;6.9316905e-03;2.4250000e+02;1.1123410e-02;2.4250000e+02;1.9850146e-02;2.4250000e+02;3.3082474e-02;2.4250000e+02;4.9794018e-02;2.4250000e+02;7.0049495e-02;2.4250000e+02;9.3210608e-02;2.4250000e+02;1.1775054e-01;2.4250000e+02;1.4294396e-01;2.4250000e+02;1.6552766e-01;2.4250000e+02;1.9112691e-01;2.4250000e+02;2.1388280e-01;2.4250000e+02;2.2592059e-01;2.4250000e+02;2.1338198e-01;2.4250000e+02;1.8047771e-01;2.4250000e+02;1.3494475e-01;2.4250000e+02;8.8037282e-02;2.4250000e+02;4.5396894e-02;2.4250000e+02;6.9316905e-03;2.4250000e+02;1.1123410e-02;2.4250000e+02;1.9850146e-02;2.4250000e+02;3.3082474e-02;2.4250000e+02;4.9794018e-02;2.4250000e+02;7.0049495e-02;2.4250000e+02;9.3210608e-02;2.4250000e+02;1.1775054e-01;2.4250000e+02;1.4294396e-01;2.4250000e+02;1.6552766e-01;2.4250000e+02;1.9112691e-01;2.4250000e+02;2.1388280e-01;2.4250000e+02;2.2592059e-01;2.4250000e+02;2.1338198e-01;2.4250000e+02;1.8047771e-01;2.4250000e+02;1.3494475e-01;2.4250000e+02;8.8037282e-02;2.4250000e+02;4.5396894e-02;2.4250000e+02;6.9316905e-03;2.4250000e+02;1.1123410e-02;2.4250000e+02;1.9850146e-02;2.4250000e+02;3.3082474e-02;2.4250000e+02;4.9794018e-02;2.4250000e+02;7.0049495e-02;2.4250000e+02;9.3210608e-02;2.4250000e+02;1.1775054e-01;2.4250000e+02;1.4294396e-01;2.4250000e+02;1.6552766e-01;2.4250000e+02;1.9112691e-01;2.4250000e+02;2.1388280e-01;2.4250000e+02;2.2592059e-01;2.4250000e+02;2.1338198e-01;2.4250000e+02;1.8047771e-01;2.4250000e+02;1.3494475e-01;2.4250000e+02;8.8037282e-02;2.4250000e+02;4.5396894e-02;2.4250000e+02;6.9316905e-03;2.4250000e+02;1.1123410e-02;2.4250000e+02;1.9850146e-02;2.4250000e+02;3.3082474e-02;2.4250000e+02;4.9794018e-02;2.4250000e+02;7.0049495e-02;2.4250000e+02;9.3210608e-02;2.4250000e+02;1.1775054e-01;2.4250000e+02;1.4294396e-01;2.4250000e+02;1.6552766e-01;2.4250000e+02;1.9112691e-01;2.4250000e+02;2.1388280e-01;2.4250000e+02;2.2592059e-01;2.4250000e+02;2.1338198e-01;2.4250000e+02;1.8047771e-01;2.4250000e+02;1.3494475e-01;2.4250000e+02;8.8037282e-02;2.4250000e+02;4.5396894e-02;2.4250000e+02;6.9316905e-03;2.4250000e+02;1.1123410e-02;2.4250000e+02;1.9850146e-02;2.4250000e+02;3.3082474e-02;2.4250000e+02;4.9794018e-02;2.4250000e+02;7.0049495e-02;2.4250000e+02;9.3210608e-02;2.4250000e+02;1.1775054e-01;2.4250000e+02;1.4294396e-01;2.4250000e+02;1.6552766e-01;2.4250000e+02;1.9112691e-01;2.4250000e+02;2.1388280e-01;2.4250000e+02;2.2592059e-01;2.4250000e+02;2.1338198e-01;2.4250000e+02;1.8047771e-01;2.4250000e+02;1.3494475e-01;2.4250000e+02;8.8037282e-02;2.4250000e+02;4.5396894e-02;2.4250000e+02;6.9316905e-03;2.4250000e+02;1.1123410e-02;2.4250000e+02;1.9850146e-02;2.4250000e+02;3.3082474e-02;2.4250000e+02;4.9794018e-02;2.4250000e+02;7.0049495e-02;2.4250000e+02;9.3210608e-02;2.4250000e+02;1.1775054e-01;2.4250000e+02;1.4294396e-01;2.4250000e+02;1.6552766e-01;2.4250000e+02;1.9112691e-01;2.4250000e+02;2.1388280e-01;2.4250000e+02;2.2592059e-01;2.4250000e+02;2.1338198e-01;2.4250000e+02;1.8047771e-01;2.4250000e+02;1.3494475e-01;2.4250000e+02;8.8037282e-02;2.4250000e+02;4.5396894e-02;2.4250000e+02;6.9316905e-03;2.4250000e+02;1.1123410e-02;2.4250000e+02;1.9850146e-02;2.4250000e+02;3.3082474e-02;2.4250000e+02;4.9794018e-02;2.4250000e+02;7.0049495e-02;2.4250000e+02;9.3210608e-02;2.4250000e+02;1.1775054e-01;2.4250000e+02;1.4294396e-01;2.4250000e+02;1.6552766e-01;2.4250000e+02;1.9112691e-01;2.4250000e+02;2.1388280e-01;2.4250000e+02;2.2592059e-01;2.4250000e+02;2.1338198e-01;2.4250000e+02;1.8047771e-01;2.4250000e+02;1.3494475e-01;2.4250000e+02;8.8037282e-02;2.4250000e+02;4.5396894e-02;2.4250000e+02;6.9316905e-03;2.4250000e+02;1.1123410e-02;2.4250000e+02;1.9850146e-02;2.4250000e+02;3.3082474e-02;2.4250000e+02;4.9794018e-02;2.4250000e+02;7.0049495e-02;2.4250000e+02;9.3210608e-02;2.4250000e+02;1.1775054e-01;2.4250000e+02;1.4294396e-01;2.4250000e+02;1.6552766e-01;2.4250000e+02;1.9112691e-01;2.4250000e+02;2.1388280e-01;2.4250000e+02;2.2592059e-01;2.4250000e+02;2.1338198e-01;2.4250000e+02;1.8047771e-01;2.4250000e+02;1.3494475e-01;2.4250000e+02;8.8037282e-02;2.4250000e+02;4.5396894e-02;2.4250000e+02;6.9316905e-03;2.4250000e+02;1.1123410e-02;2.4250000e+02;1.9850146e-02;2.4250000e+02;3.3082474e-02;2.4250000e+02;4.9794018e-02;2.4250000e+02;7.0049495e-02;2.4250000e+02;9.3210608e-02;2.4250000e+02;1.1775054e-01;2.4250000e+02;1.4294396e-01;2.4250000e+02;1.6552766e-01;2.4250000e+02;1.9112691e-01;2.4250000e+02;2.1388280e-01;2.4250000e+02;2.2592059e-01;2.4250000e+02;2.1338198e-01;2.4250000e+02;1.8047771e-01;2.4250000e+02;1.3494475e-01;2.4250000e+02;8.8037282e-02;2.4250000e+02;4.5396894e-02;2.4250000e+02;6.9316905e-03;2.4250000e+02;1.1123410e-02;2.4250000e+02;1.9850146e-02;2.4250000e+02;3.3082474e-02;2.4250000e+02;4.9794018e-02;2.4250000e+02;7.0049495e-02;2.4250000e+02;9.3210608e-02;2.4250000e+02;1.1775054e-01;2.4250000e+02;1.4294396e-01;2.4250000e+02;1.6552766e-01;2.4250000e+02;1.9112691e-01;2.4250000e+02;2.1388280e-01;2.4250000e+02;2.2592059e-01;2.4250000e+02;2.1338198e-01;2.4250000e+02;1.8047771e-01;2.4250000e+02;1.3494475e-01;2.4250000e+02;8.8037282e-02;2.4250000e+02;4.5396894e-02;2.4250000e+02;6.9316905e-03;2.4250000e+02;1.1123410e-02;2.4250000e+02;1.9850146e-02;2.4250000e+02;3.3082474e-02;2.4250000e+02;4.9794018e-02;2.4250000e+02;7.0049495e-02;2.4250000e+02;9.3210608e-02;2.4250000e+02;1.1775054e-01;2.4250000e+02;1.4294396e-01;2.4250000e+02;1.6552766e-01;2.4250000e+02;1.9112691e-01;2.4250000e+02;2.1388280e-01;2.4250000e+02;2.2592059e-01;2.4250000e+02;2.1338198e-01;2.4250000e+02;1.8047771e-01;2.4250000e+02;1.3494475e-01;2.4250000e+02;8.8037282e-02;2.4250000e+02;4.5396894e-02;2.4250000e+02;6.9316905e-03;2.4250000e+02;1.1123410e-02;2.4250000e+02;1.9850146e-02;2.4250000e+02;3.3082474e-02;2.4250000e+02;4.9794018e-02;2.4250000e+02;7.0049495e-02;2.4250000e+02;9.3210608e-02;2.4250000e+02;1.1775054e-01;2.4250000e+02;1.4294396e-01;2.4250000e+02;1.6552766e-01;2.4250000e+02;1.9112691e-01;2.4250000e+02;2.1388280e-01;2.4250000e+02;2.2592059e-01;2.4250000e+02;2.1338198e-01;2.4250000e+02;1.8047771e-01;2.4250000e+02;1.3494475e-01;2.4250000e+02;8.8037282e-02;2.4250000e+02;4.5396894e-02;2.4250000e+02;6.9316905e-03;2.4250000e+02;1.1123410e-02;2.4250000e+02;1.9850146e-02;2.4250000e+02;3.3082474e-02;2.4250000e+02;4.9794018e-02;2.4250000e+02;7.0049495e-02;2.4250000e+02;9.3210608e-02;2.4250000e+02;1.1775054e-01;2.4250000e+02;1.4294396e-01;2.4250000e+02;1.6552766e-01;2.4250000e+02;1.9112691e-01;2.4250000e+02;2.1388280e-01;2.4250000e+02;2.2592059e-01;2.4250000e+02;2.1338198e-01;2.4250000e+02;1.8047771e-01;2.4250000e+02;1.3494475e-01;2.4250000e+02;8.8037282e-02;2.4250000e+02;4.5396894e-02;2.4250000e+02;6.9316905e-03;2.4250000e+02;1.1123410e-02;2.4250000e+02;1.9850146e-02;2.4250000e+02;3.3082474e-02;2.4250000e+02;4.9794018e-02;2.4250000e+02;7.0049495e-02;2.4250000e+02;9.3210608e-02;2.4250000e+02;1.1775054e-01;2.4250000e+02;1.4294396e-01;2.4250000e+02;1.6552766e-01;2.4250000e+02;1.9112691e-01;2.4250000e+02;2.1388280e-01;2.4250000e+02;2.2592059e-01;2.4250000e+02;2.1338198e-01;2.4250000e+02;1.8047771e-01;2.4250000e+02;1.3494475e-01;2.4250000e+02;8.8037282e-02;2.4250000e+02;4.5396894e-02;2.4250000e+02;6.9316905e-03;2.4250000e+02;1.1123410e-02;2.4250000e+02;1.9850146e-02;2.4250000e+02;3.3082474e-02;2.4250000e+02;4.9794018e-02;2.4250000e+02;7.0049495e-02;2.4250000e+02;9.3210608e-02;2.4250000e+02;1.1775054e-01;2.4250000e+02;1.4294396e-01;2.4250000e+02;1.6552766e-01;2.4250000e+02;1.9112691e-01;2.4250000e+02;2.1388280e-01;2.4250000e+02;2.2592059e-01;2.4250000e+02;2.1338198e-01;2.4250000e+02;1.8047771e-01;2.4250000e+02;1.3494475e-01;2.4250000e+02;8.8037282e-02;2.4250000e+02;4.5396894e-02;2.4250000e+02;6.9316905e-03;2.4250000e+02;1.1123410e-02;2.4250000e+02;1.9850146e-02;2.4250000e+02;3.3082474e-02;2.4250000e+02;4.9794018e-02;2.4250000e+02;7.0049495e-02;2.4250000e+02;9.3210608e-02;2.4250000e+02;1.1775054e-01;2.4250000e+02;1.4294396e-01;2.4250000e+02;1.6552766e-01;2.4250000e+02;1.9112691e-01;2.4250000e+02;2.1388280e-01;2.4250000e+02;2.2592059e-01;2.4250000e+02;2.1338198e-01;2.4250000e+02;1.8047771e-01;2.4250000e+02;1.3494475e-01;2.4250000e+02;8.8037282e-02;2.4250000e+02;4.5396894e-02;2.4250000e+02;6.9316905e-03;2.4250000e+02;1.1123410e-02;2.4250000e+02;1.9850146e-02;2.4250000e+02;3.3082474e-02;2.4250000e+02;4.9794018e-02;2.4250000e+02;7.0049495e-02;2.4250000e+02;9.3210608e-02;2.4250000e+02;1.1775054e-01;2.4250000e+02;1.4294396e-01;2.4250000e+02;1.6552766e-01;2.4250000e+02;1.9112691e-01;2.4250000e+02;2.1388280e-01;2.4250000e+02;2.2592059e-01;2.4250000e+02;2.1338198e-01;2.4250000e+02;1.8047771e-01;2.4250000e+02;1.3494475e-01;2.4250000e+02;8.8037282e-02;2.4250000e+02;4.5396894e-02;2.4250000e+02;6.9316905e-03;2.4250000e+02;1.1123410e-02;2.4250000e+02;1.9850146e-02;2.4250000e+02;3.3082474e-02;2.4250000e+02;4.9794018e-02;2.4250000e+02;7.0049495e-02;2.4250000e+02;9.3210608e-02;2.4250000e+02;1.1775054e-01;2.4250000e+02;1.4294396e-01;2.4250000e+02;1.6552766e-01;2.4250000e+02;1.9112691e-01;2.4250000e+02;2.1388280e-01;2.4250000e+02;2.2592059e-01;2.4250000e+02;2.1338198e-01;2.4250000e+02;1.8047771e-01;2.4250000e+02;1.3494475e-01;2.4250000e+02;8.8037282e-02;2.4250000e+02;4.5396894e-02;2.4250000e+02;6.9316905e-03;2.4250000e+02;1.1123410e-02;2.4250000e+02;1.9850146e-02;2.4250000e+02;3.3082474e-02;2.4250000e+02;4.9794018e-02;2.4250000e+02;7.0049495e-02;2.4250000e+02;9.3210608e-02;2.4250000e+02;1.1775054e-01;2.4250000e+02;1.4294396e-01;2.4250000e+02;1.6552766e-01;2.4250000e+02;1.9112691e-01;2.4250000e+02;2.1388280e-01;2.4250000e+02;2.2592059e-01;2.4250000e+02;2.1338198e-01;2.4250000e+02;1.8047771e-01;2.4250000e+02;1.3494475e-01;2.4250000e+02;8.8037282e-02;2.4250000e+02;4.5396894e-02;2.4250000e+02;6.9316905e-03;2.4250000e+02;1.1123410e-02;2.4250000e+02;1.9850146e-02;2.4250000e+02;3.3082474e-02;2.4250000e+02;4.9794018e-02;2.4250000e+02;7.0049495e-02;2.4250000e+02;9.3210608e-02;2.4250000e+02;1.1775054e-01;2.4250000e+02;1.4294396e-01;2.4250000e+02;1.6552766e-01;2.4250000e+02;1.9112691e-01;2.4250000e+02;2.1388280e-01;2.4250000e+02;2.2592059e-01;2.4250000e+02;2.1338198e-01;2.4250000e+02;1.8047771e-01;2.4250000e+02;1.3494475e-01;2.4250000e+02;8.8037282e-02;2.4250000e+02;4.5396894e-02;2.4250000e+02;6.9316905e-03;2.4250000e+02;1.1123410e-02;2.4250000e+02;1.9850146e-02;2.4250000e+02;3.3082474e-02;2.4250000e+02;4.9794018e-02;2.4250000e+02;7.0049495e-02;2.4250000e+02;9.3210608e-02;2.4250000e+02;1.1775054e-01;2.4250000e+02;1.4294396e-01;2.4250000e+02;1.6552766e-01;2.4250000e+02;1.9112691e-01;2.4250000e+02;2.1388280e-01;2.4250000e+02;2.2592059e-01;2.4250000e+02;2.1338198e-01;2.4250000e+02;1.8047771e-01;2.4250000e+02;1.3494475e-01;2.4250000e+02;8.8037282e-02;2.4250000e+02;4.5396894e-02;2.4250000e+02;6.9316905e-03;2.4250000e+02;1.1123410e-02;2.4250000e+02;1.9850146e-02;2.4250000e+02;3.3082474e-02;2.4250000e+02;4.9794018e-02;2.4250000e+02;7.0049495e-02;2.4250000e+02;9.3210608e-02;2.4250000e+02;1.1775054e-01;2.4250000e+02;1.4294396e-01;2.4250000e+02;1.6552766e-01;2.4250000e+02;1.9112691e-01;2.4250000e+02;2.1388280e-01;2.4250000e+02;2.2592059e-01;2.4250000e+02;2.1338198e-01;2.4250000e+02;1.8047771e-01;2.4250000e+02;1.3494475e-01;2.4250000e+02;8.8037282e-02;2.4250000e+02;4.5396894e-02;2.4250000e+02;6.9316905e-03;2.4250000e+02;1.1123410e-02;2.4250000e+02;1.9850146e-02;2.4250000e+02;3.3082474e-02;2.4250000e+02;4.9794018e-02;2.4250000e+02;7.0049495e-02;2.4250000e+02;9.3210608e-02;2.4250000e+02;1.1775054e-01;2.4250000e+02;1.4294396e-01;2.4250000e+02;1.6552766e-01;2.4250000e+02;1.9112691e-01;2.4250000e+02;2.1388280e-01;2.4250000e+02;2.2592059e-01;2.4250000e+02;2.1338198e-01;2.4250000e+02;1.8047771e-01;2.4250000e+02;1.3494475e-01;2.4250000e+02;8.8037282e-02;2.4250000e+02;4.5396894e-02;2.4250000e+02;6.9316905e-03;2.4250000e+02;1.1123410e-02;2.4250000e+02;1.9850146e-02;2.4250000e+02;3.3082474e-02;2.4250000e+02;4.9794018e-02;2.4250000e+02;7.0049495e-02;2.4250000e+02;9.3210608e-02;2.4250000e+02;1.1775054e-01;2.4250000e+02;1.4294396e-01;2.4250000e+02;1.6552766e-01;2.4250000e+02;1.9112691e-01;2.4250000e+02;2.1388280e-01;2.4250000e+02;2.2592059e-01;2.4250000e+02;2.1338198e-01;2.4250000e+02;1.8047771e-01;2.4250000e+02;1.3494475e-01;2.4250000e+02;8.8037282e-02;2.4250000e+02;4.5396894e-02;2.4250000e+02;6.9316905e-03;2.4250000e+02;1.1123410e-02;2.4250000e+02;1.9850146e-02;2.4250000e+02;3.3082474e-02;2.4250000e+02;4.9794018e-02;2.4250000e+02;7.0049495e-02;2.4250000e+02;9.3210608e-02;2.4250000e+02;1.1775054e-01;2.4250000e+02;1.4294396e-01;2.4250000e+02;1.6552766e-01;2.4250000e+02;1.9112691e-01;2.4250000e+02;2.1388280e-01;2.4250000e+02;2.2592059e-01;2.4250000e+02;2.1338198e-01;2.4250000e+02;1.8047771e-01;2.4250000e+02;1.3494475e-01;2.4250000e+02;8.8037282e-02;2.4250000e+02;4.5396894e-02;2.4250000e+02;6.9316905e-03;2.4250000e+02;1.1123410e-02;2.4250000e+02;1.9850146e-02;2.4250000e+02;3.3082474e-02;2.4250000e+02;4.9794018e-02;2.4250000e+02;7.0049495e-02;2.4250000e+02;9.3210608e-02;2.4250000e+02;1.1775054e-01;2.4250000e+02;1.4294396e-01;2.4250000e+02;1.6552766e-01;2.4250000e+02;1.9112691e-01;2.4250000e+02;2.1388280e-01;2.4250000e+02;2.2592059e-01;2.4250000e+02;2.1338198e-01;2.4250000e+02;1.8047771e-01;2.4250000e+02;1.3494475e-01;2.4250000e+02;8.8037282e-02;2.4250000e+02;4.5396894e-02;2.4250000e+02;6.9316905e-03;2.4250000e+02;1.1123410e-02;2.4250000e+02;1.9850146e-02;2.4250000e+02;3.3082474e-02;2.4250000e+02;4.9794018e-02;2.4250000e+02;7.0049495e-02;2.4250000e+02;9.3210608e-02;2.4250000e+02;1.1775054e-01;2.4250000e+02;1.4294396e-01;2.4250000e+02;1.6552766e-01;2.4250000e+02;1.9112691e-01;2.4250000e+02;2.1388280e-01;2.4250000e+02;2.2592059e-01;2.4250000e+02;2.1338198e-01;2.4250000e+02;1.8047771e-01;2.4250000e+02;1.3494475e-01;2.4250000e+02;8.8037282e-02;2.4250000e+02;4.5396894e-02;2.4250000e+02;6.9316905e-03;2.4250000e+02;1.1123410e-02;2.4250000e+02;1.9850146e-02;2.4250000e+02;3.3082474e-02;2.4250000e+02;4.9794018e-02;2.4250000e+02;7.0049495e-02;2.4250000e+02;9.3210608e-02;2.4250000e+02;1.1775054e-01;2.4250000e+02;1.4294396e-01;2.4250000e+02;1.6552766e-01;2.4250000e+02;1.9112691e-01;2.4250000e+02;2.1388280e-01;2.4250000e+02;2.2592059e-01;2.4250000e+02;2.1338198e-01;2.4250000e+02;1.8047771e-01;2.4250000e+02;1.3494475e-01;2.4250000e+02;8.8037282e-02;2.4250000e+02;4.5396894e-02;2.4250000e+02;6.9316905e-03;2.4250000e+02;1.1123410e-02;2.4250000e+02;1.9850146e-02;2.4250000e+02;3.3082474e-02;2.4250000e+02;4.9794018e-02;2.4250000e+02;7.0049495e-02;2.4250000e+02;9.3210608e-02;2.4250000e+02;1.1775054e-01;2.4250000e+02;1.4294396e-01;2.4250000e+02;1.6552766e-01;2.4250000e+02;1.9112691e-01;2.4250000e+02;2.1388280e-01;2.4250000e+02;2.2592059e-01;2.4250000e+02;2.1338198e-01;2.4250000e+02;1.8047771e-01;2.4250000e+02;1.3494475e-01;2.4250000e+02;8.8037282e-02;2.4250000e+02;4.5396894e-02;2.4250000e+02;6.9316905e-03;2.4250000e+02;1.1123410e-02;2.4250000e+02;1.9850146e-02;2.4250000e+02;3.3082474e-02;2.4250000e+02;4.9794018e-02;2.4250000e+02;7.0049495e-02;2.4250000e+02;9.3210608e-02;2.4250000e+02;1.1775054e-01;2.4250000e+02;1.4294396e-01;2.4250000e+02;1.6552766e-01;2.4250000e+02;1.9112691e-01;2.4250000e+02;2.1388280e-01;2.4250000e+02;2.2592059e-01;2.4250000e+02;2.1338198e-01;2.4250000e+02;1.8047771e-01;2.4250000e+02;1.3494475e-01;2.4250000e+02;8.8037282e-02;2.4250000e+02;4.5396894e-02;2.4250000e+02;6.9316905e-03;2.4250000e+02;1.1123410e-02;2.4250000e+02;1.9850146e-02;2.4250000e+02;3.3082474e-02;2.4250000e+02;4.9794018e-02;2.4250000e+02;7.0049495e-02;2.4250000e+02;9.3210608e-02;2.4250000e+02;1.1775054e-01;2.4250000e+02;1.4294396e-01;2.4250000e+02;1.6552766e-01;2.4250000e+02;1.9112691e-01;2.4250000e+02;2.1388280e-01;2.4250000e+02;2.2592059e-01;2.4250000e+02;2.1338198e-01;2.4250000e+02;1.8047771e-01;2.4250000e+02;1.3494475e-01;2.4250000e+02;8.8037282e-02;2.4250000e+02;4.5396894e-02;2.4250000e+02;6.9316905e-03;2.4250000e+02;1.1123410e-02;2.4250000e+02;1.9850146e-02;2.4250000e+02;3.3082474e-02;2.4250000e+02;4.9794018e-02;2.4250000e+02;7.0049495e-02;2.4250000e+02;9.3210608e-02;2.4250000e+02;1.1775054e-01;2.4250000e+02;1.4294396e-01;2.4250000e+02;1.6552766e-01;2.4250000e+02;1.9112691e-01;2.4250000e+02;2.1388280e-01;2.4250000e+02;2.2592059e-01;2.4250000e+02;2.1338198e-01;2.4250000e+02;1.8047771e-01;2.4250000e+02;1.3494475e-01;2.4250000e+02;8.8037282e-02;2.4250000e+02;4.5396894e-02;2.4250000e+02;6.9316905e-03;2.4250000e+02;1.1123410e-02;2.4250000e+02;1.9850146e-02;2.4250000e+02;3.3082474e-02;2.4250000e+02;4.9794018e-02;2.4250000e+02;7.0049495e-02;2.4250000e+02;9.3210608e-02;2.4250000e+02;1.1775054e-01;2.4250000e+02;1.4294396e-01;2.4250000e+02;1.6552766e-01;2.4250000e+02;1.9112691e-01;2.4250000e+02;2.1388280e-01;2.4250000e+02;2.2592059e-01;2.4250000e+02;2.1338198e-01;2.4250000e+02;1.8047771e-01;2.4250000e+02;1.3494475e-01;2.4250000e+02;8.8037282e-02;2.4250000e+02;4.5396894e-02;2.4250000e+02;6.9316905e-03;2.4250000e+02;1.1123410e-02;2.4250000e+02;1.9850146e-02;2.4250000e+02;3.3082474e-02;2.4250000e+02;4.9794018e-02;2.4250000e+02;7.0049495e-02;2.4250000e+02;9.3210608e-02;2.4250000e+02;1.1775054e-01;2.4250000e+02;1.4294396e-01;2.4250000e+02;1.6552766e-01;2.4250000e+02;1.9112691e-01;2.4250000e+02;2.1388280e-01;2.4250000e+02;2.2592059e-01;2.4250000e+02;2.1338198e-01;2.4250000e+02;1.8047771e-01;2.4250000e+02;1.3494475e-01;2.4250000e+02;8.8037282e-02;2.4250000e+02;4.5396894e-02;2.4250000e+02;6.9316905e-03;2.4250000e+02;1.1123410e-02;2.4250000e+02;1.9850146e-02;2.4250000e+02;3.3082474e-02;2.4250000e+02;4.9794018e-02;2.4250000e+02;7.0049495e-02;2.4250000e+02;9.3210608e-02;2.4250000e+02;1.1775054e-01;2.4250000e+02;1.4294396e-01;2.4250000e+02;1.6552766e-01;2.4250000e+02;1.9112691e-01;2.4250000e+02;2.1388280e-01;2.4250000e+02;2.2592059e-01;2.4250000e+02;2.1338198e-01;2.4250000e+02;1.8047771e-01;2.4250000e+02;1.3494475e-01;2.4250000e+02;8.8037282e-02;2.4250000e+02;4.5396894e-02;2.4250000e+02;6.9316905e-03;2.4250000e+02;1.1123410e-02;2.4250000e+02;1.9850146e-02;2.4250000e+02;3.3082474e-02;2.4250000e+02;4.9794018e-02;2.4250000e+02;7.0049495e-02;2.4250000e+02;9.3210608e-02;2.4250000e+02;1.1775054e-01;2.4250000e+02;1.4294396e-01;2.4250000e+02;1.6552766e-01;2.4250000e+02;1.9112691e-01;2.4250000e+02;2.1388280e-01;2.4250000e+02;2.2592059e-01;2.4250000e+02;2.1338198e-01;2.4250000e+02;1.8047771e-01;2.4250000e+02;1.3494475e-01;2.4250000e+02;8.8037282e-02;2.4250000e+02;4.5396894e-02;2.4250000e+02;6.9316905e-03;2.4250000e+02;1.1123410e-02;2.4250000e+02;1.9850146e-02;2.4250000e+02;3.3082474e-02;2.4250000e+02;4.9794018e-02;2.4250000e+02;7.0049495e-02;2.4250000e+02;9.3210608e-02;2.4250000e+02;1.1775054e-01;2.4250000e+02;1.4294396e-01;2.4250000e+02;1.6552766e-01;2.4250000e+02;1.9112691e-01;2.4250000e+02;2.1388280e-01;2.4250000e+02;2.2592059e-01;2.4250000e+02;2.1338198e-01;2.4250000e+02;1.8047771e-01;2.4250000e+02;1.3494475e-01;2.4250000e+02;8.8037282e-02;2.4250000e+02;4.5396894e-02;2.4250000e+02;6.9316905e-03;2.4250000e+02;1.1123410e-02;2.4250000e+02;1.9850146e-02;2.4250000e+02;3.3082474e-02;2.4250000e+02;4.9794018e-02;2.4250000e+02;7.0049495e-02;2.4250000e+02;9.3210608e-02;2.4250000e+02;1.1775054e-01;2.4250000e+02;1.4294396e-01;2.4250000e+02;1.6552766e-01;2.4250000e+02;1.9112691e-01;2.4250000e+02;2.1388280e-01;2.4250000e+02;2.2592059e-01;2.4250000e+02;2.1338198e-01;2.4250000e+02;1.8047771e-01;2.4250000e+02;1.3494475e-01;2.4250000e+02;8.8037282e-02;2.4250000e+02;4.5396894e-02;2.4250000e+02;6.9316905e-03;2.4250000e+02;1.1123410e-02;2.4250000e+02;1.9850146e-02;2.4250000e+02;3.3082474e-02;2.4250000e+02;4.9794018e-02;2.4250000e+02;7.0049495e-02;2.4250000e+02;9.3210608e-02;2.4250000e+02;1.1775054e-01;2.4250000e+02;1.4294396e-01;2.4250000e+02;1.6552766e-01;2.4250000e+02;1.9112691e-01;2.4250000e+02;2.1388280e-01;2.4250000e+02;2.2592059e-01;2.4250000e+02;2.1338198e-01;2.4250000e+02;1.8047771e-01;2.4250000e+02;1.3494475e-01;2.4250000e+02;8.8037282e-02;2.4250000e+02;4.5396894e-02;2.4250000e+02;6.9316905e-03;2.4250000e+02;1.1123410e-02;2.4250000e+02;1.9850146e-02;2.4250000e+02;3.3082474e-02;2.4250000e+02;4.9794018e-02;2.4250000e+02;7.0049495e-02;2.4250000e+02;9.3210608e-02;2.4250000e+02;1.1775054e-01;2.4250000e+02;1.4294396e-01;2.4250000e+02;1.6552766e-01;2.4250000e+02;1.9112691e-01;2.4250000e+02;2.1388280e-01;2.4250000e+02;2.2592059e-01;2.4250000e+02;2.1338198e-01;2.4250000e+02;1.8047771e-01;2.4250000e+02;1.3494475e-01;2.4250000e+02;8.8037282e-02;2.4250000e+02;4.5396894e-02;2.4250000e+02;6.9316905e-03;2.4250000e+02;1.1123410e-02;2.4250000e+02;1.9850146e-02;2.4250000e+02;3.3082474e-02;2.4250000e+02;4.9794018e-02;2.4250000e+02;7.0049495e-02;2.4250000e+02;9.3210608e-02;2.4250000e+02;1.1775054e-01;2.4250000e+02;1.4294396e-01;2.4250000e+02;1.6552766e-01;2.4250000e+02;1.9112691e-01;2.4250000e+02;2.1388280e-01;2.4250000e+02;2.2592059e-01;2.4250000e+02;2.1338198e-01;2.4250000e+02;1.8047771e-01;2.4250000e+02;1.3494475e-01;2.4250000e+02;8.8037282e-02;2.4250000e+02;4.5396894e-02;2.4250000e+02;6.9316905e-03;2.4250000e+02;1.1123410e-02;2.4250000e+02;1.9850146e-02;2.4250000e+02;3.3082474e-02;2.4250000e+02;4.9794018e-02;2.4250000e+02;7.0049495e-02;2.4250000e+02;9.3210608e-02;2.4250000e+02;1.1775054e-01;2.4250000e+02;1.4294396e-01;2.4250000e+02;1.6552766e-01;2.4250000e+02;1.9112691e-01;2.4250000e+02;2.1388280e-01;2.4250000e+02;2.2592059e-01;2.4250000e+02;2.1338198e-01;2.4250000e+02;1.8047771e-01;2.4250000e+02;1.3494475e-01;2.4250000e+02;8.8037282e-02;2.4250000e+02;4.5396894e-02;2.4250000e+02;6.9316905e-03;2.4250000e+02;1.1123410e-02;2.4250000e+02;1.9850146e-02;2.4250000e+02;3.3082474e-02;2.4250000e+02;4.9794018e-02;2.4250000e+02;7.0049495e-02;2.4250000e+02;9.3210608e-02;2.4250000e+02;1.1775054e-01;2.4250000e+02;1.4294396e-01;2.4250000e+02;1.6552766e-01;2.4250000e+02;1.9112691e-01;2.4250000e+02;2.1388280e-01;2.4250000e+02;2.2592059e-01;2.4250000e+02;2.1338198e-01;2.4250000e+02;1.8047771e-01;2.4250000e+02;1.3494475e-01;2.4250000e+02;8.8037282e-02;2.4250000e+02;4.5396894e-02;2.4250000e+02;6.9316905e-03;2.4250000e+02;1.1123410e-02;2.4250000e+02;1.9850146e-02;2.4250000e+02;3.3082474e-02;2.4250000e+02;4.9794018e-02;2.4250000e+02;7.0049495e-02;2.4250000e+02;9.3210608e-02;2.4250000e+02;1.1775054e-01;2.4250000e+02;1.4294396e-01;2.4250000e+02;1.6552766e-01;2.4250000e+02;1.9112691e-01;2.4250000e+02;2.1388280e-01;2.4250000e+02;2.2592059e-01;2.4250000e+02;2.1338198e-01;2.4250000e+02;1.8047771e-01;2.4250000e+02;1.3494475e-01;2.4250000e+02;8.8037282e-02;2.4250000e+02;4.5396894e-02;2.4250000e+02;6.9316905e-03;2.4250000e+02;1.1123410e-02;2.4250000e+02;1.9850146e-02;2.4250000e+02;3.3082474e-02;2.4250000e+02;4.9794018e-02;2.4250000e+02;7.0049495e-02;2.4250000e+02;9.3210608e-02;2.4250000e+02;1.1775054e-01;2.4250000e+02;1.4294396e-01;2.4250000e+02;1.6552766e-01;2.4250000e+02;1.9112691e-01;2.4250000e+02;2.1388280e-01;2.4250000e+02;2.2592059e-01;2.4250000e+02;2.1338198e-01;2.4250000e+02;1.8047771e-01;2.4250000e+02;1.3494475e-01;2.4250000e+02;8.8037282e-02;2.4250000e+02;4.5396894e-02;2.4250000e+02;6.9316905e-03;2.4250000e+02;1.1123410e-02;2.4250000e+02;1.9850146e-02;2.4250000e+02;3.3082474e-02;2.4250000e+02;4.9794018e-02;2.4250000e+02;7.0049495e-02;2.4250000e+02;9.3210608e-02;2.4250000e+02;1.1775054e-01;2.4250000e+02;1.4294396e-01;2.4250000e+02;1.6552766e-01;2.4250000e+02;1.9112691e-01;2.4250000e+02;2.1388280e-01;2.4250000e+02;2.2592059e-01;2.4250000e+02;2.1338198e-01;2.4250000e+02;1.8047771e-01;2.4250000e+02;1.3494475e-01;2.4250000e+02;8.8037282e-02;2.4250000e+02;4.5396894e-02;2.4250000e+02;6.9316905e-03;2.4250000e+02;1.1123410e-02;2.4250000e+02;1.9850146e-02;2.4250000e+02;3.3082474e-02;2.4250000e+02;4.9794018e-02;2.4250000e+02;7.0049495e-02;2.4250000e+02;9.3210608e-02;2.4250000e+02;1.1775054e-01;2.4250000e+02;1.4294396e-01;2.4250000e+02;1.6552766e-01;2.4250000e+02;1.9112691e-01;2.4250000e+02;2.1388280e-01;2.4250000e+02;2.2592059e-01;2.4250000e+02;2.1338198e-01;2.4250000e+02;1.8047771e-01;2.4250000e+02;1.3494475e-01;2.4250000e+02;8.8037282e-02;2.4250000e+02;4.5396894e-02;2.4250000e+02;6.9316905e-03;2.4250000e+02;1.1123410e-02;2.4250000e+02;1.9850146e-02;2.4250000e+02;3.3082474e-02;2.4250000e+02;4.9794018e-02;2.4250000e+02;7.0049495e-02;2.4250000e+02;9.3210608e-02;2.4250000e+02;1.1775054e-01;2.4250000e+02;1.4294396e-01;2.4250000e+02;1.6552766e-01;2.4250000e+02;1.9112691e-01;2.4250000e+02;2.1388280e-01;2.4250000e+02;2.2592059e-01;2.4250000e+02;2.1338198e-01;2.4250000e+02;1.8047771e-01;2.4250000e+02;1.3494475e-01;2.4250000e+02;8.8037282e-02;2.4250000e+02;4.5396894e-02;2.4250000e+02;6.9316905e-03;2.4250000e+02;1.1123410e-02;2.4250000e+02;1.9850146e-02;2.4250000e+02;3.3082474e-02;2.4250000e+02;4.9794018e-02;2.4250000e+02;7.0049495e-02;2.4250000e+02;9.3210608e-02;2.4250000e+02;1.1775054e-01;2.4250000e+02;1.4294396e-01;2.4250000e+02;1.6552766e-01;2.4250000e+02;1.9112691e-01;2.4250000e+02;2.1388280e-01;2.4250000e+02;2.2592059e-01;2.4250000e+02;2.1338198e-01;2.4250000e+02;1.8047771e-01;2.4250000e+02;1.3494475e-01;2.4250000e+02;8.8037282e-02;2.4250000e+02;4.5396894e-02;2.4250000e+02;6.9316905e-03;2.4250000e+02;1.1123410e-02;2.4250000e+02;1.9850146e-02;2.4250000e+02;3.3082474e-02;2.4250000e+02;4.9794018e-02;2.4250000e+02;7.0049495e-02;2.4250000e+02;9.3210608e-02;2.4250000e+02;1.1775054e-01;2.4250000e+02;1.4294396e-01;2.4250000e+02;1.6552766e-01;2.4250000e+02;1.9112691e-01;2.4250000e+02;2.1388280e-01;2.4250000e+02;2.2592059e-01;2.4250000e+02;2.1338198e-01;2.4250000e+02;1.8047771e-01;2.4250000e+02;1.3494475e-01;2.4250000e+02;8.8037282e-02;2.4250000e+02;4.5396894e-02;2.4250000e+02;6.9316905e-03;2.4250000e+02;1.1123410e-02;2.4250000e+02;1.9850146e-02;2.4250000e+02;3.3082474e-02;2.4250000e+02;4.9794018e-02;2.4250000e+02;7.0049495e-02;2.4250000e+02;9.3210608e-02;2.4250000e+02;1.1775054e-01;2.4250000e+02;1.4294396e-01;2.4250000e+02;1.6552766e-01;2.4250000e+02;1.9112691e-01;2.4250000e+02;2.1388280e-01;2.4250000e+02;2.2592059e-01;2.4250000e+02;2.1338198e-01;2.4250000e+02;1.8047771e-01;2.4250000e+02;1.3494475e-01;2.4250000e+02;8.8037282e-02;2.4250000e+02;4.5396894e-02;2.4250000e+02;6.9316905e-03;2.4250000e+02;1.1123410e-02;2.4250000e+02;1.9850146e-02;2.4250000e+02;3.3082474e-02;2.4250000e+02;4.9794018e-02;2.4250000e+02;7.0049495e-02;2.4250000e+02;9.3210608e-02;2.4250000e+02;1.1775054e-01;2.4250000e+02;1.4294396e-01;2.4250000e+02;1.6552766e-01;2.4250000e+02;1.9112691e-01;2.4250000e+02;2.1388280e-01;2.4250000e+02;2.2592059e-01;2.4250000e+02;2.1338198e-01;2.4250000e+02;1.8047771e-01;2.4250000e+02;1.3494475e-01;2.4250000e+02;8.8037282e-02;2.4250000e+02;4.5396894e-02;2.4250000e+02;6.9316905e-03;2.4250000e+02;1.1123410e-02;2.4250000e+02;1.9850146e-02;2.4250000e+02;3.3082474e-02;2.4250000e+02;4.9794018e-02;2.4250000e+02;7.0049495e-02;2.4250000e+02;9.3210608e-02;2.4250000e+02;1.1775054e-01;2.4250000e+02;1.4294396e-01;2.4250000e+02;1.6552766e-01;2.4250000e+02;1.9112691e-01;2.4250000e+02;2.1388280e-01;2.4250000e+02;2.2592059e-01;2.4250000e+02;2.1338198e-01;2.4250000e+02;1.8047771e-01;2.4250000e+02;1.3494475e-01;2.4250000e+02;8.8037282e-02;2.4250000e+02;4.5396894e-02;2.4250000e+02;6.9316905e-03;2.4250000e+02;1.1123410e-02;2.4250000e+02;1.9850146e-02;2.4250000e+02;3.3082474e-02;2.4250000e+02;4.9794018e-02;2.4250000e+02;7.0049495e-02;2.4250000e+02;9.3210608e-02;2.4250000e+02;1.1775054e-01;2.4250000e+02;1.4294396e-01;2.4250000e+02;1.6552766e-01;2.4250000e+02;1.9112691e-01;2.4250000e+02;2.1388280e-01;2.4250000e+02;2.2592059e-01;2.4250000e+02;2.1338198e-01;2.4250000e+02;1.8047771e-01;2.4250000e+02;1.3494475e-01;2.4250000e+02;8.8037282e-02;2.4250000e+02;4.5396894e-02;2.4250000e+02;6.9316905e-03;2.4250000e+02;1.1123410e-02;2.4250000e+02;1.9850146e-02;2.4250000e+02;3.3082474e-02;2.4250000e+02;4.9794018e-02;2.4250000e+02;7.0049495e-02;2.4250000e+02;9.3210608e-02;2.4250000e+02;1.1775054e-01;2.4250000e+02;1.4294396e-01;2.4250000e+02;1.6552766e-01;2.4250000e+02;1.9112691e-01;2.4250000e+02;2.1388280e-01;2.4250000e+02;2.2592059e-01;2.4250000e+02;2.1338198e-01;2.4250000e+02;1.8047771e-01;2.4250000e+02;1.3494475e-01;2.4250000e+02;8.8037282e-02;2.4250000e+02;4.5396894e-02;2.4250000e+02;6.9316905e-03;2.4250000e+02;1.1123410e-02;2.4250000e+02;1.9850146e-02;2.4250000e+02;3.3082474e-02;2.4250000e+02;4.9794018e-02;2.4250000e+02;7.0049495e-02;2.4250000e+02;9.3210608e-02;2.4250000e+02;1.1775054e-01;2.4250000e+02;1.4294396e-01;2.4250000e+02;1.6552766e-01;2.4250000e+02;1.9112691e-01;2.4250000e+02;2.1388280e-01;2.4250000e+02;2.2592059e-01;2.4250000e+02;2.1338198e-01;2.4250000e+02;1.8047771e-01;2.4250000e+02;1.3494475e-01;2.4250000e+02;8.8037282e-02;2.4250000e+02;4.5396894e-02;2.4250000e+02;6.9316905e-03;2.4250000e+02;1.1123410e-02;2.4250000e+02;1.9850146e-02;2.4250000e+02;3.3082474e-02;2.4250000e+02;4.9794018e-02;2.4250000e+02;7.0049495e-02;2.4250000e+02;9.3210608e-02;2.4250000e+02;1.1775054e-01;2.4250000e+02;1.4294396e-01;2.4250000e+02;1.6552766e-01;2.4250000e+02;1.9112691e-01;2.4250000e+02;2.1388280e-01;2.4250000e+02;2.2592059e-01;2.4250000e+02;2.1338198e-01;2.4250000e+02;1.8047771e-01;2.4250000e+02;1.3494475e-01;2.4250000e+02;8.8037282e-02;2.4250000e+02;4.5396894e-02;2.4250000e+02;6.9316905e-03;2.4250000e+02;1.1123410e-02;2.4250000e+02;1.9850146e-02;2.4250000e+02;3.3082474e-02;2.4250000e+02;4.9794018e-02;2.4250000e+02;7.0049495e-02;2.4250000e+02;9.3210608e-02;2.4250000e+02;1.1775054e-01;2.4250000e+02;1.4294396e-01;2.4250000e+02;1.6552766e-01;2.4250000e+02;1.9112691e-01;2.4250000e+02;2.1388280e-01;2.4250000e+02;2.2592059e-01;2.4250000e+02;2.1338198e-01;2.4250000e+02;1.8047771e-01;2.4250000e+02;1.3494475e-01;2.4250000e+02;8.8037282e-02;2.4250000e+02;4.5396894e-02;2.4250000e+02;6.9316905e-03;2.4250000e+02;1.1123410e-02;2.4250000e+02;1.9850146e-02;2.4250000e+02;3.3082474e-02;2.4250000e+02;4.9794018e-02;2.4250000e+02;7.0049495e-02;2.4250000e+02;9.3210608e-02;2.4250000e+02;1.1775054e-01;2.4250000e+02;1.4294396e-01;2.4250000e+02;1.6552766e-01;2.4250000e+02;1.9112691e-01;2.4250000e+02;2.1388280e-01;2.4250000e+02;2.2592059e-01;2.4250000e+02;2.1338198e-01;2.4250000e+02;1.8047771e-01;2.4250000e+02;1.3494475e-01;2.4250000e+02;8.8037282e-02;2.4250000e+02;4.5396894e-02;2.4250000e+02;6.9316905e-03;2.4250000e+02;1.1123410e-02;2.4250000e+02;1.9850146e-02;2.4250000e+02;3.3082474e-02;2.4250000e+02;4.9794018e-02;2.4250000e+02;7.0049495e-02;2.4250000e+02;9.3210608e-02;2.4250000e+02;1.1775054e-01;2.4250000e+02;1.4294396e-01;2.4250000e+02;1.6552766e-01;2.4250000e+02;1.9112691e-01;2.4250000e+02;2.1388280e-01;2.4250000e+02;2.2592059e-01;2.4250000e+02;2.1338198e-01;2.4250000e+02;1.8047771e-01;2.4250000e+02;1.3494475e-01;2.4250000e+02;8.8037282e-02;2.4250000e+02;4.5396894e-02;2.4250000e+02;6.9316905e-03;2.4250000e+02;1.1123410e-02;2.4250000e+02;1.9850146e-02;2.4250000e+02;3.3082474e-02;2.4250000e+02;4.9794018e-02;2.4250000e+02;7.0049495e-02;2.4250000e+02;9.3210608e-02;2.4250000e+02;1.1775054e-01;2.4250000e+02;1.4294396e-01;2.4250000e+02;1.6552766e-01;2.4250000e+02;1.9112691e-01;2.4250000e+02;2.1388280e-01;2.4250000e+02;2.2592059e-01;2.4250000e+02;2.1338198e-01;2.4250000e+02;1.8047771e-01;2.4250000e+02;1.3494475e-01;2.4250000e+02;8.8037282e-02;2.4250000e+02;4.5396894e-02;2.4250000e+02;6.9316905e-03;2.4250000e+02;1.1123410e-02;2.4250000e+02;1.9850146e-02;2.4250000e+02;3.3082474e-02;2.4250000e+02;4.9794018e-02;2.4250000e+02;7.0049495e-02;2.4250000e+02;9.3210608e-02;2.4250000e+02;1.1775054e-01;2.4250000e+02;1.4294396e-01;2.4250000e+02;1.6552766e-01;2.4250000e+02;1.9112691e-01;2.4250000e+02;2.1388280e-01;2.4250000e+02;2.2592059e-01;2.4250000e+02;2.1338198e-01;2.4250000e+02;1.8047771e-01;2.4250000e+02;1.3494475e-01;2.4250000e+02;8.8037282e-02;2.4250000e+02;4.5396894e-02;2.4250000e+02;6.9316905e-03;2.4250000e+02;1.1123410e-02;2.4250000e+02;1.9850146e-02;2.4250000e+02;3.3082474e-02;2.4250000e+02;4.9794018e-02;2.4250000e+02;7.0049495e-02;2.4250000e+02;9.3210608e-02;2.4250000e+02;1.1775054e-01;2.4250000e+02;1.4294396e-01;2.4250000e+02;1.6552766e-01;2.4250000e+02;1.9112691e-01;2.4250000e+02;2.1388280e-01;2.4250000e+02;2.2592059e-01;2.4250000e+02;2.1338198e-01;2.4250000e+02;1.8047771e-01;2.4250000e+02;1.3494475e-01;2.4250000e+02;8.8037282e-02;2.4250000e+02;4.5396894e-02;2.4250000e+02;6.9316905e-03;2.4250000e+02;1.1123410e-02;2.4250000e+02;1.9850146e-02;2.4250000e+02;3.3082474e-02;2.4250000e+02;4.9794018e-02;2.4250000e+02;7.0049495e-02;2.4250000e+02;9.3210608e-02;2.4250000e+02;1.1775054e-01;2.4250000e+02;1.4294396e-01;2.4250000e+02;1.6552766e-01;2.4250000e+02;1.9112691e-01;2.4250000e+02;2.1388280e-01;2.4250000e+02;2.2592059e-01;2.4250000e+02;2.1338198e-01;2.4250000e+02;1.8047771e-01;2.4250000e+02;1.3494475e-01;2.4250000e+02;8.8037282e-02;2.4250000e+02;4.5396894e-02;2.4250000e+02;6.9316905e-03;2.4250000e+02;1.1123410e-02;2.4250000e+02;1.9850146e-02;2.4250000e+02;3.3082474e-02;2.4250000e+02;4.9794018e-02;2.4250000e+02;7.0049495e-02;2.4250000e+02;9.3210608e-02;2.4250000e+02;1.1775054e-01;2.4250000e+02;1.4294396e-01;2.4250000e+02;1.6552766e-01;2.4250000e+02;1.9112691e-01;2.4250000e+02;2.1388280e-01;2.4250000e+02;2.2592059e-01;2.4250000e+02;2.1338198e-01;2.4250000e+02;1.8047771e-01;2.4250000e+02;1.3494475e-01;2.4250000e+02;8.8037282e-02;2.4250000e+02;4.5396894e-02;2.4250000e+02;6.9316905e-03;2.4250000e+02;1.1123410e-02;2.4250000e+02;1.9850146e-02;2.4250000e+02;3.3082474e-02;2.4250000e+02;4.9794018e-02;2.4250000e+02;7.0049495e-02;2.4250000e+02;9.3210608e-02;2.4250000e+02;1.1775054e-01;2.4250000e+02;1.4294396e-01;2.4250000e+02;1.6552766e-01;2.4250000e+02;1.9112691e-01;2.4250000e+02;2.1388280e-01;2.4250000e+02;2.2592059e-01;2.4250000e+02;2.1338198e-01;2.4250000e+02;1.8047771e-01;2.4250000e+02;1.3494475e-01;2.4250000e+02;8.8037282e-02;2.4250000e+02;4.5396894e-02;2.4250000e+02;6.9316905e-03;2.4250000e+02;1.1123410e-02;2.4250000e+02;1.9850146e-02;2.4250000e+02;3.3082474e-02;2.4250000e+02;4.9794018e-02;2.4250000e+02;7.0049495e-02;2.4250000e+02;9.3210608e-02;2.4250000e+02;1.1775054e-01;2.4250000e+02;1.4294396e-01;2.4250000e+02;1.6552766e-01;2.4250000e+02;1.9112691e-01;2.4250000e+02;2.1388280e-01;2.4250000e+02;2.2592059e-01;2.4250000e+02;2.1338198e-01;2.4250000e+02;1.8047771e-01;2.4250000e+02;1.3494475e-01;2.4250000e+02;8.8037282e-02;2.4250000e+02;4.5396894e-02;2.4250000e+02;6.9316905e-03;2.4250000e+02;1.1123410e-02;2.4250000e+02;1.9850146e-02;2.4250000e+02;3.3082474e-02;2.4250000e+02;4.9794018e-02;2.4250000e+02;7.0049495e-02;2.4250000e+02;9.3210608e-02;2.4250000e+02;1.1775054e-01;2.4250000e+02;1.4294396e-01;2.4250000e+02;1.6552766e-01;2.4250000e+02;1.9112691e-01;2.4250000e+02;2.1388280e-01;2.4250000e+02;2.2592059e-01;2.4250000e+02;2.1338198e-01;2.4250000e+02;1.8047771e-01;2.4250000e+02;1.3494475e-01;2.4250000e+02;8.8037282e-02;2.4250000e+02;4.5396894e-02;2.4250000e+02;6.9316905e-03;2.4250000e+02;1.1123410e-02;2.4250000e+02;1.9850146e-02;2.4250000e+02;3.3082474e-02;2.4250000e+02;4.9794018e-02;2.4250000e+02;7.0049495e-02;2.4250000e+02;9.3210608e-02;2.4250000e+02;1.1775054e-01;2.4250000e+02;1.4294396e-01;2.4250000e+02;1.6552766e-01;2.4250000e+02;1.9112691e-01;2.4250000e+02;2.1388280e-01;2.4250000e+02;2.2592059e-01;2.4250000e+02;2.1338198e-01;2.4250000e+02;1.8047771e-01;2.4250000e+02;1.3494475e-01;2.4250000e+02;8.8037282e-02;2.4250000e+02;4.5396894e-02;2.4250000e+02;6.9316905e-03;2.4250000e+02;1.1123410e-02;2.4250000e+02;1.9850146e-02;2.4250000e+02;3.3082474e-02;2.4250000e+02;4.9794018e-02;2.4250000e+02;7.0049495e-02;2.4250000e+02;9.3210608e-02;2.4250000e+02;1.1775054e-01;2.4250000e+02;1.4294396e-01;2.4250000e+02;1.6552766e-01;2.4250000e+02;1.9112691e-01;2.4250000e+02;2.1388280e-01;2.4250000e+02;2.2592059e-01;2.4250000e+02;2.1338198e-01;2.4250000e+02;1.8047771e-01;2.4250000e+02;1.3494475e-01;2.4250000e+02;8.8037282e-02;2.4250000e+02;4.5396894e-02;2.4250000e+02;6.9316905e-03;2.4250000e+02;1.1123410e-02;2.4250000e+02;1.9850146e-02;2.4250000e+02;3.3082474e-02;2.4250000e+02;4.9794018e-02;2.4250000e+02;7.0049495e-02;2.4250000e+02;9.3210608e-02;2.4250000e+02;1.1775054e-01;2.4250000e+02;1.4294396e-01;2.4250000e+02;1.6552766e-01;2.4250000e+02;1.9112691e-01;2.4250000e+02;2.1388280e-01;2.4250000e+02;2.2592059e-01;2.4250000e+02;2.1338198e-01;2.4250000e+02;1.8047771e-01;2.4250000e+02;1.3494475e-01;2.4250000e+02;8.8037282e-02;2.4250000e+02;4.5396894e-02;2.4250000e+02;6.9316905e-03;2.4250000e+02;1.1123410e-02;2.4250000e+02;1.9850146e-02;2.4250000e+02;3.3082474e-02;2.4250000e+02;4.9794018e-02;2.4250000e+02;7.0049495e-02;2.4250000e+02;9.3210608e-02;2.4250000e+02;1.1775054e-01;2.4250000e+02;1.4294396e-01;2.4250000e+02;1.6552766e-01;2.4250000e+02;1.9112691e-01;2.4250000e+02;2.1388280e-01;2.4250000e+02;2.2592059e-01;2.4250000e+02;2.1338198e-01;2.4250000e+02;1.8047771e-01;2.4250000e+02;1.3494475e-01;2.4250000e+02;8.8037282e-02;2.4250000e+02;4.5396894e-02;2.4250000e+02;6.9316905e-03;2.4250000e+02;1.1123410e-02;2.4250000e+02;1.9850146e-02;2.4250000e+02;3.3082474e-02;2.4250000e+02;4.9794018e-02;2.4250000e+02;7.0049495e-02;2.4250000e+02;9.3210608e-02;2.4250000e+02;1.1775054e-01;2.4250000e+02;1.4294396e-01;2.4250000e+02;1.6552766e-01;2.4250000e+02;1.9112691e-01;2.4250000e+02;2.1388280e-01;2.4250000e+02;2.2592059e-01;2.4250000e+02;2.1338198e-01;2.4250000e+02;1.8047771e-01;2.4250000e+02;1.3494475e-01;2.4250000e+02;8.8037282e-02;2.4250000e+02;4.5396894e-02;2.4250000e+02;6.9316905e-03;2.4250000e+02;1.1123410e-02;2.4250000e+02;1.9850146e-02;2.4250000e+02;3.3082474e-02;2.4250000e+02;4.9794018e-02;2.4250000e+02;7.0049495e-02;2.4250000e+02;9.3210608e-02;2.4250000e+02;1.1775054e-01;2.4250000e+02;1.4294396e-01;2.4250000e+02;1.6552766e-01;2.4250000e+02;1.9112691e-01;2.4250000e+02;2.1388280e-01;2.4250000e+02;2.2592059e-01;2.4250000e+02;2.1338198e-01;2.4250000e+02;1.8047771e-01;2.4250000e+02;1.3494475e-01;2.4250000e+02;8.8037282e-02;2.4250000e+02;4.5396894e-02;2.4250000e+02;6.9316905e-03;2.4250000e+02;1.1123410e-02;2.4250000e+02;1.9850146e-02;2.4250000e+02;3.3082474e-02;2.4250000e+02;4.9794018e-02;2.4250000e+02;7.0049495e-02;2.4250000e+02;9.3210608e-02;2.4250000e+02;1.1775054e-01;2.4250000e+02;1.4294396e-01;2.4250000e+02;1.6552766e-01;2.4250000e+02;1.9112691e-01;2.4250000e+02;2.1388280e-01;2.4250000e+02;2.2592059e-01;2.4250000e+02;2.1338198e-01;2.4250000e+02;1.8047771e-01;2.4250000e+02;1.3494475e-01;2.4250000e+02;8.8037282e-02;2.4250000e+02;4.5396894e-02;2.4250000e+02;6.9316905e-03;2.4250000e+02;1.1123410e-02;2.4250000e+02;1.9850146e-02;2.4250000e+02;3.3082474e-02;2.4250000e+02;4.9794018e-02;2.4250000e+02;7.0049495e-02;2.4250000e+02;9.3210608e-02;2.4250000e+02;1.1775054e-01;2.4250000e+02;1.4294396e-01;2.4250000e+02;1.6552766e-01;2.4250000e+02;1.9112691e-01;2.4250000e+02;2.1388280e-01;2.4250000e+02;2.2592059e-01;2.4250000e+02;2.1338198e-01;2.4250000e+02;1.8047771e-01;2.4250000e+02;1.3494475e-01;2.4250000e+02;8.8037282e-02;2.4250000e+02;4.5396894e-02;2.4250000e+02;6.9316905e-03;2.4250000e+02;1.1123410e-02;2.4250000e+02;1.9850146e-02;2.4250000e+02;3.3082474e-02;2.4250000e+02;4.9794018e-02;2.4250000e+02;7.0049495e-02;2.4250000e+02;9.3210608e-02;2.4250000e+02;1.1775054e-01;2.4250000e+02;1.4294396e-01;2.4250000e+02;1.6552766e-01;2.4250000e+02;1.9112691e-01;2.4250000e+02;2.1388280e-01;2.4250000e+02;2.2592059e-01;2.4250000e+02;2.1338198e-01;2.4250000e+02;1.8047771e-01;2.4250000e+02;1.3494475e-01;2.4250000e+02;8.8037282e-02;2.4250000e+02;4.5396894e-02;2.4250000e+02;6.9316905e-03;2.4250000e+02;1.1123410e-02;2.4250000e+02;1.9850146e-02;2.4250000e+02;3.3082474e-02;2.4250000e+02;4.9794018e-02;2.4250000e+02;7.0049495e-02;2.4250000e+02;9.3210608e-02;2.4250000e+02;1.1775054e-01;2.4250000e+02;1.4294396e-01;2.4250000e+02;1.6552766e-01;2.4250000e+02;1.9112691e-01;2.4250000e+02;2.1388280e-01;2.4250000e+02;2.2592059e-01;2.4250000e+02;2.1338198e-01;2.4250000e+02;1.8047771e-01;2.4250000e+02;1.3494475e-01;2.4250000e+02;8.8037282e-02;2.4250000e+02;4.5396894e-02;2.4250000e+02;6.9316905e-03;2.4250000e+02;1.1123410e-02;2.4250000e+02;1.9850146e-02;2.4250000e+02;3.3082474e-02;2.4250000e+02;4.9794018e-02;2.4250000e+02;7.0049495e-02;2.4250000e+02;9.3210608e-02;2.4250000e+02;1.1775054e-01;2.4250000e+02;1.4294396e-01;2.4250000e+02;1.6552766e-01;2.4250000e+02;1.9112691e-01;2.4250000e+02;2.1388280e-01;2.4250000e+02;2.2592059e-01;2.4250000e+02;2.1338198e-01;2.4250000e+02;1.8047771e-01;2.4250000e+02;1.3494475e-01;2.4250000e+02;8.8037282e-02;2.4250000e+02;4.5396894e-02;2.4250000e+02;6.9316905e-03;2.4250000e+02;1.1123410e-02;2.4250000e+02;1.9850146e-02;2.4250000e+02;3.3082474e-02;2.4250000e+02;4.9794018e-02;2.4250000e+02;7.0049495e-02;2.4250000e+02;9.3210608e-02;2.4250000e+02;1.1775054e-01;2.4250000e+02;1.4294396e-01;2.4250000e+02;1.6552766e-01;2.4250000e+02;1.9112691e-01;2.4250000e+02;2.1388280e-01;2.4250000e+02;2.2592059e-01;2.4250000e+02;2.1338198e-01;2.4250000e+02;1.8047771e-01;2.4250000e+02;1.3494475e-01;2.4250000e+02;8.8037282e-02;2.4250000e+02;4.5396894e-02;2.4250000e+02;6.9316905e-03;2.4250000e+02;1.1123410e-02;2.4250000e+02;1.9850146e-02;2.4250000e+02;3.3082474e-02;2.4250000e+02;4.9794018e-02;2.4250000e+02;7.0049495e-02;2.4250000e+02;9.3210608e-02;2.4250000e+02;1.1775054e-01;2.4250000e+02;1.4294396e-01;2.4250000e+02;1.6552766e-01;2.4250000e+02;1.9112691e-01;2.4250000e+02;2.1388280e-01;2.4250000e+02;2.2592059e-01;2.4250000e+02;2.1338198e-01;2.4250000e+02;1.8047771e-01;2.4250000e+02;1.3494475e-01;2.4250000e+02;8.8037282e-02;2.4250000e+02;4.5396894e-02;2.4250000e+02;6.9316905e-03;2.4250000e+02;1.1123410e-02;2.4250000e+02;1.9850146e-02;2.4250000e+02;3.3082474e-02;2.4250000e+02;4.9794018e-02;2.4250000e+02;7.0049495e-02;2.4250000e+02;9.3210608e-02;2.4250000e+02;1.1775054e-01;2.4250000e+02;1.4294396e-01;2.4250000e+02;1.6552766e-01;2.4250000e+02;1.9112691e-01;2.4250000e+02;2.1388280e-01;2.4250000e+02;2.2592059e-01;2.4250000e+02;2.1338198e-01;2.4250000e+02;1.8047771e-01;2.4250000e+02;1.3494475e-01;2.4250000e+02;8.8037282e-02;2.4250000e+02;4.5396894e-02;2.4250000e+02;6.9316905e-03;2.4250000e+02;1.1123410e-02;2.4250000e+02;1.9850146e-02;2.4250000e+02;3.3082474e-02;2.4250000e+02;4.9794018e-02;2.4250000e+02;7.0049495e-02;2.4250000e+02;9.3210608e-02;2.4250000e+02;1.1775054e-01;2.4250000e+02;1.4294396e-01;2.4250000e+02;1.6552766e-01;2.4250000e+02;1.9112691e-01;2.4250000e+02;2.1388280e-01;2.4250000e+02;2.2592059e-01;2.4250000e+02;2.1338198e-01;2.4250000e+02;1.8047771e-01;2.4250000e+02;1.3494475e-01;2.4250000e+02;8.8037282e-02;2.4250000e+02;4.5396894e-02;2.4250000e+02;6.9316905e-03;2.4250000e+02;1.1123410e-02;2.4250000e+02;1.9850146e-02;2.4250000e+02;3.3082474e-02;2.4250000e+02;4.9794018e-02;2.4250000e+02;7.0049495e-02;2.4250000e+02;9.3210608e-02;2.4250000e+02;1.1775054e-01;2.4250000e+02;1.4294396e-01;2.4250000e+02;1.6552766e-01;2.4250000e+02;1.9112691e-01;2.4250000e+02;2.1388280e-01;2.4250000e+02;2.2592059e-01;2.4250000e+02;2.1338198e-01;2.4250000e+02;1.8047771e-01;2.4250000e+02;1.3494475e-01;2.4250000e+02;8.8037282e-02;2.4250000e+02;4.5396894e-02;2.4250000e+02;6.9316905e-03;2.4250000e+02;1.1123410e-02;2.4250000e+02;1.9850146e-02;2.4250000e+02;3.3082474e-02;2.4250000e+02;4.9794018e-02;2.4250000e+02;7.0049495e-02;2.4250000e+02;9.3210608e-02;2.4250000e+02;1.1775054e-01;2.4250000e+02;1.4294396e-01;2.4250000e+02;1.6552766e-01;2.4250000e+02;1.9112691e-01;2.4250000e+02;2.1388280e-01;2.4250000e+02;2.2592059e-01;2.4250000e+02;2.1338198e-01;2.4250000e+02;1.8047771e-01;2.4250000e+02;1.3494475e-01;2.4250000e+02;8.8037282e-02;2.4250000e+02;4.5396894e-02;2.4250000e+02;6.9316905e-03;2.4250000e+02;1.1123410e-02;2.4250000e+02;1.9850146e-02;2.4250000e+02;3.3082474e-02;2.4250000e+02;4.9794018e-02;2.4250000e+02;7.0049495e-02;2.4250000e+02;9.3210608e-02;2.4250000e+02;1.1775054e-01;2.4250000e+02;1.4294396e-01;2.4250000e+02;1.6552766e-01;2.4250000e+02;1.9112691e-01;2.4250000e+02;2.1388280e-01;2.4250000e+02;2.2592059e-01;2.4250000e+02;2.1338198e-01;2.4250000e+02;1.8047771e-01;2.4250000e+02;1.3494475e-01;2.4250000e+02;8.8037282e-02;2.4250000e+02;4.5396894e-02;2.4250000e+02;6.9316905e-03;2.4250000e+02;1.1123410e-02;2.4250000e+02;1.9850146e-02;2.4250000e+02;3.3082474e-02;2.4250000e+02;4.9794018e-02;2.4250000e+02;7.0049495e-02;2.4250000e+02;9.3210608e-02;2.4250000e+02;1.1775054e-01;2.4250000e+02;1.4294396e-01;2.4250000e+02;1.6552766e-01;2.4250000e+02;1.9112691e-01;2.4250000e+02;2.1388280e-01;2.4250000e+02;2.2592059e-01;2.4250000e+02;2.1338198e-01;2.4250000e+02;1.8047771e-01;2.4250000e+02;1.3494475e-01;2.4250000e+02;8.8037282e-02;2.4250000e+02;4.5396894e-02;2.4250000e+02;6.9316905e-03;2.4250000e+02;1.1123410e-02;2.4250000e+02;1.9850146e-02;2.4250000e+02;3.3082474e-02;2.4250000e+02;4.9794018e-02;2.4250000e+02;7.0049495e-02;2.4250000e+02;9.3210608e-02;2.4250000e+02;1.1775054e-01;2.4250000e+02;1.4294396e-01;2.4250000e+02;1.6552766e-01;2.4250000e+02;1.9112691e-01;2.4250000e+02;2.1388280e-01;2.4250000e+02;2.2592059e-01;2.4250000e+02;2.1338198e-01;2.4250000e+02;1.8047771e-01;2.4250000e+02;1.3494475e-01;2.4250000e+02;8.8037282e-02;2.4250000e+02;4.5396894e-02;2.4250000e+02;6.9316905e-03;2.4250000e+02;1.1123410e-02;2.4250000e+02;1.9850146e-02;2.4250000e+02;3.3082474e-02;2.4250000e+02;4.9794018e-02;2.4250000e+02;7.0049495e-02;2.4250000e+02;9.3210608e-02;2.4250000e+02;1.1775054e-01;2.4250000e+02;1.4294396e-01;2.4250000e+02;1.6552766e-01;2.4250000e+02;1.9112691e-01;2.4250000e+02;2.1388280e-01;2.4250000e+02;2.2592059e-01;2.4250000e+02;2.1338198e-01;2.4250000e+02;1.8047771e-01;2.4250000e+02;1.3494475e-01;2.4250000e+02;8.8037282e-02;2.4250000e+02;4.5396894e-02;2.4250000e+02;6.9316905e-03;2.4250000e+02;1.1123410e-02;2.4250000e+02;1.9850146e-02;2.4250000e+02;3.3082474e-02;2.4250000e+02;4.9794018e-02;2.4250000e+02;7.0049495e-02;2.4250000e+02;9.3210608e-02;2.4250000e+02;1.1775054e-01;2.4250000e+02;1.4294396e-01;2.4250000e+02;1.6552766e-01;2.4250000e+02;1.9112691e-01;2.4250000e+02;2.1388280e-01;2.4250000e+02;2.2592059e-01;2.4250000e+02;2.1338198e-01;2.4250000e+02;1.8047771e-01;2.4250000e+02;1.3494475e-01;2.4250000e+02;8.8037282e-02;2.4250000e+02;4.5396894e-02;2.4250000e+02;6.9316905e-03;2.4250000e+02;1.1123410e-02;2.4250000e+02;1.9850146e-02;2.4250000e+02;3.3082474e-02;2.4250000e+02;4.9794018e-02;2.4250000e+02;7.0049495e-02;2.4250000e+02;9.3210608e-02;2.4250000e+02;1.1775054e-01;2.4250000e+02;1.4294396e-01;2.4250000e+02;1.6552766e-01;2.4250000e+02;1.9112691e-01;2.4250000e+02;2.1388280e-01;2.4250000e+02;2.2592059e-01;2.4250000e+02;2.1338198e-01;2.4250000e+02;1.8047771e-01;2.4250000e+02;1.3494475e-01;2.4250000e+02;8.8037282e-02;2.4250000e+02;4.5396894e-02;2.4250000e+02;6.9316905e-03;2.4250000e+02;1.1123410e-02;2.4250000e+02;1.9850146e-02;2.4250000e+02;3.3082474e-02;2.4250000e+02;4.9794018e-02;2.4250000e+02;7.0049495e-02;2.4250000e+02;9.3210608e-02;2.4250000e+02;1.1775054e-01;2.4250000e+02;1.4294396e-01;2.4250000e+02;1.6552766e-01;2.4250000e+02;1.9112691e-01;2.4250000e+02;2.1388280e-01;2.4250000e+02;2.2592059e-01;2.4250000e+02;2.1338198e-01;2.4250000e+02;1.8047771e-01;2.4250000e+02;1.3494475e-01;2.4250000e+02;8.8037282e-02;2.4250000e+02;4.5396894e-02;2.4250000e+02;6.9316905e-03;2.4250000e+02;1.1123410e-02;2.4250000e+02;1.9850146e-02;2.4250000e+02;3.3082474e-02;2.4250000e+02;4.9794018e-02;2.4250000e+02;7.0049495e-02;2.4250000e+02;9.3210608e-02;2.4250000e+02;1.1775054e-01;2.4250000e+02;1.4294396e-01;2.4250000e+02;1.6552766e-01;2.4250000e+02;1.9112691e-01;2.4250000e+02;2.1388280e-01;2.4250000e+02;2.2592059e-01;2.4250000e+02;2.1338198e-01;2.4250000e+02;1.8047771e-01;2.4250000e+02;1.3494475e-01;2.4250000e+02;8.8037282e-02;2.4250000e+02;4.5396894e-02;2.4250000e+02;6.9316905e-03;2.4250000e+02;1.1123410e-02;2.4250000e+02;1.9850146e-02;2.4250000e+02;3.3082474e-02;2.4250000e+02;4.9794018e-02;2.4250000e+02;7.0049495e-02;2.4250000e+02;9.3210608e-02;2.4250000e+02;1.1775054e-01;2.4250000e+02;1.4294396e-01;2.4250000e+02;1.6552766e-01;2.4250000e+02;1.9112691e-01;2.4250000e+02;2.1388280e-01;2.4250000e+02;2.2592059e-01;2.4250000e+02;2.1338198e-01;2.4250000e+02;1.8047771e-01;2.4250000e+02;1.3494475e-01;2.4250000e+02;8.8037282e-02;2.4250000e+02;4.5396894e-02;2.4250000e+02;6.9316905e-03;2.4250000e+02;1.1123410e-02;2.4250000e+02;1.9850146e-02;2.4250000e+02;3.3082474e-02;2.4250000e+02;4.9794018e-02;2.4250000e+02;7.0049495e-02;2.4250000e+02;9.3210608e-02;2.4250000e+02;1.1775054e-01;2.4250000e+02;1.4294396e-01;2.4250000e+02;1.6552766e-01;2.4250000e+02;1.9112691e-01;2.4250000e+02;2.1388280e-01;2.4250000e+02;2.2592059e-01;2.4250000e+02;2.1338198e-01;2.4250000e+02;1.8047771e-01;2.4250000e+02;1.3494475e-01;2.4250000e+02;8.8037282e-02;2.4250000e+02;4.5396894e-02;2.4250000e+02;6.9316905e-03;2.4250000e+02;1.1123410e-02;2.4250000e+02;1.9850146e-02;2.4250000e+02;3.3082474e-02;2.4250000e+02;4.9794018e-02;2.4250000e+02;7.0049495e-02;2.4250000e+02;9.3210608e-02;2.4250000e+02;1.1775054e-01;2.4250000e+02;1.4294396e-01;2.4250000e+02;1.6552766e-01;2.4250000e+02;1.9112691e-01;2.4250000e+02;2.1388280e-01;2.4250000e+02;2.2592059e-01;2.4250000e+02;2.1338198e-01;2.4250000e+02;1.8047771e-01;2.4250000e+02;1.3494475e-01;2.4250000e+02;8.8037282e-02;2.4250000e+02;4.5396894e-02;2.4250000e+02;6.9316905e-03;2.4250000e+02;1.1123410e-02;2.4250000e+02;1.9850146e-02;2.4250000e+02;3.3082474e-02;2.4250000e+02;4.9794018e-02;2.4250000e+02;7.0049495e-02;2.4250000e+02;9.3210608e-02;2.4250000e+02;1.1775054e-01;2.4250000e+02;1.4294396e-01;2.4250000e+02;1.6552766e-01;2.4250000e+02;1.9112691e-01;2.4250000e+02;2.1388280e-01;2.4250000e+02;2.2592059e-01;2.4250000e+02;2.1338198e-01;2.4250000e+02;1.8047771e-01;2.4250000e+02;1.3494475e-01;2.4250000e+02;8.8037282e-02;2.4250000e+02;4.5396894e-02;2.4250000e+02;6.9316905e-03;2.4250000e+02;1.1123410e-02;2.4250000e+02;1.9850146e-02;2.4250000e+02;3.3082474e-02;2.4250000e+02;4.9794018e-02;2.4250000e+02;7.0049495e-02;2.4250000e+02;9.3210608e-02;2.4250000e+02;1.1775054e-01;2.4250000e+02;1.4294396e-01;2.4250000e+02;1.6552766e-01;2.4250000e+02;1.9112691e-01;2.4250000e+02;2.1388280e-01;2.4250000e+02;2.2592059e-01;2.4250000e+02;2.1338198e-01;2.4250000e+02;1.8047771e-01;2.4250000e+02;1.3494475e-01;2.4250000e+02;8.8037282e-02;2.4250000e+02;4.5396894e-02;2.4250000e+02;6.9316905e-03;2.4250000e+02;1.1123410e-02;2.4250000e+02;1.9850146e-02;2.4250000e+02;3.3082474e-02;2.4250000e+02;4.9794018e-02;2.4250000e+02;7.0049495e-02;2.4250000e+02;9.3210608e-02;2.4250000e+02;1.1775054e-01;2.4250000e+02;1.4294396e-01;2.4250000e+02;1.6552766e-01;2.4250000e+02;1.9112691e-01;2.4250000e+02;2.1388280e-01;2.4250000e+02;2.2592059e-01;2.4250000e+02;2.1338198e-01;2.4250000e+02;1.8047771e-01;2.4250000e+02;1.3494475e-01;2.4250000e+02;8.8037282e-02;2.4250000e+02;4.5396894e-02;2.4250000e+02;6.9316905e-03;2.4250000e+02;1.1123410e-02;2.4250000e+02;1.9850146e-02;2.4250000e+02;3.3082474e-02;2.4250000e+02;4.9794018e-02;2.4250000e+02;7.0049495e-02;2.4250000e+02;9.3210608e-02;2.4250000e+02;1.1775054e-01;2.4250000e+02;1.4294396e-01;2.4250000e+02;1.6552766e-01;2.4250000e+02;1.9112691e-01;2.4250000e+02;2.1388280e-01;2.4250000e+02;2.2592059e-01;2.4250000e+02;2.1338198e-01;2.4250000e+02;1.8047771e-01;2.4250000e+02;1.3494475e-01;2.4250000e+02;8.8037282e-02;2.4250000e+02;4.5396894e-02;2.4250000e+02;6.9316905e-03;2.4250000e+02;1.1123410e-02;2.4250000e+02;1.9850146e-02;2.4250000e+02;3.3082474e-02;2.4250000e+02;4.9794018e-02;2.4250000e+02;7.0049495e-02;2.4250000e+02;9.3210608e-02;2.4250000e+02;1.1775054e-01;2.4250000e+02;1.4294396e-01;2.4250000e+02;1.6552766e-01;2.4250000e+02;1.9112691e-01;2.4250000e+02;2.1388280e-01;2.4250000e+02;2.2592059e-01;2.4250000e+02;2.1338198e-01;2.4250000e+02;1.8047771e-01;2.4250000e+02;1.3494475e-01;2.4250000e+02;8.8037282e-02;2.4250000e+02;4.5396894e-02;2.4250000e+02;6.9316905e-03;2.4250000e+02;1.1123410e-02;2.4250000e+02;1.9850146e-02;2.4250000e+02;3.3082474e-02;2.4250000e+02;4.9794018e-02;2.4250000e+02;7.0049495e-02;2.4250000e+02;9.3210608e-02;2.4250000e+02;1.1775054e-01;2.4250000e+02;1.4294396e-01;2.4250000e+02;1.6552766e-01;2.4250000e+02;1.9112691e-01;2.4250000e+02;2.1388280e-01;2.4250000e+02;2.2592059e-01;2.4250000e+02;2.1338198e-01;2.4250000e+02;1.8047771e-01;2.4250000e+02;1.3494475e-01;2.4250000e+02;8.8037282e-02;2.4250000e+02;4.5396894e-02;2.4250000e+02;6.9316905e-03;2.4250000e+02;1.1123410e-02;2.4250000e+02;1.9850146e-02;2.4250000e+02;3.3082474e-02;2.4250000e+02;4.9794018e-02;2.4250000e+02;7.0049495e-02;2.4250000e+02;9.3210608e-02;2.4250000e+02;1.1775054e-01;2.4250000e+02;1.4294396e-01;2.4250000e+02;1.6552766e-01;2.4250000e+02;1.9112691e-01;2.4250000e+02;2.1388280e-01;2.4250000e+02;2.2592059e-01;2.4250000e+02;2.1338198e-01;2.4250000e+02;1.8047771e-01;2.4250000e+02;1.3494475e-01;2.4250000e+02;8.8037282e-02;2.4250000e+02;4.5396894e-02;2.4250000e+02;6.9316905e-03;2.4250000e+02;1.1123410e-02;2.4250000e+02;1.9850146e-02;2.4250000e+02;3.3082474e-02;2.4250000e+02;4.9794018e-02;2.4250000e+02;7.0049495e-02;2.4250000e+02;9.3210608e-02;2.4250000e+02;1.1775054e-01;2.4250000e+02;1.4294396e-01;2.4250000e+02;1.6552766e-01;2.4250000e+02;1.9112691e-01;2.4250000e+02;2.1388280e-01;2.4250000e+02;2.2592059e-01;2.4250000e+02;2.1338198e-01;2.4250000e+02;1.8047771e-01;2.4250000e+02;1.3494475e-01;2.4250000e+02;8.8037282e-02;2.4250000e+02;4.5396894e-02;2.4250000e+02;6.9316905e-03;2.4250000e+02;1.1123410e-02;2.4250000e+02;1.9850146e-02;2.4250000e+02;3.3082474e-02;2.4250000e+02;4.9794018e-02;2.4250000e+02;7.0049495e-02;2.4250000e+02;9.3210608e-02;2.4250000e+02;1.1775054e-01;2.4250000e+02;1.4294396e-01;2.4250000e+02;1.6552766e-01;2.4250000e+02;1.9112691e-01;2.4250000e+02;2.1388280e-01;2.4250000e+02;2.2592059e-01;2.4250000e+02;2.1338198e-01;2.4250000e+02;1.8047771e-01;2.4250000e+02;1.3494475e-01;2.4250000e+02;8.8037282e-02;2.4250000e+02;4.5396894e-02;2.4250000e+02;6.9316905e-03;2.4250000e+02;1.1123410e-02;2.4250000e+02;1.9850146e-02;2.4250000e+02;3.3082474e-02;2.4250000e+02;4.9794018e-02;2.4250000e+02;7.0049495e-02;2.4250000e+02;9.3210608e-02;2.4250000e+02;1.1775054e-01;2.4250000e+02;1.4294396e-01;2.4250000e+02;1.6552766e-01;2.4250000e+02;1.9112691e-01;2.4250000e+02;2.1388280e-01;2.4250000e+02;2.2592059e-01;2.4250000e+02;2.1338198e-01;2.4250000e+02;1.8047771e-01;2.4250000e+02;1.3494475e-01;2.4250000e+02;8.8037282e-02;2.4250000e+02;4.5396894e-02;2.4250000e+02;6.9316905e-03;2.4250000e+02;1.1123410e-02;2.4250000e+02;1.9850146e-02;2.4250000e+02;3.3082474e-02;2.4250000e+02;4.9794018e-02;2.4250000e+02;7.0049495e-02;2.4250000e+02;9.3210608e-02;2.4250000e+02;1.1775054e-01;2.4250000e+02;1.4294396e-01;2.4250000e+02;1.6552766e-01;2.4250000e+02;1.9112691e-01;2.4250000e+02;2.1388280e-01;2.4250000e+02;2.2592059e-01;2.4250000e+02;2.1338198e-01;2.4250000e+02;1.8047771e-01;2.4250000e+02;1.3494475e-01;2.4250000e+02;8.8037282e-02;2.4250000e+02;4.5396894e-02;2.4250000e+02;6.9316905e-03;2.4250000e+02;1.1123410e-02;2.4250000e+02;1.9850146e-02;2.4250000e+02;3.3082474e-02;2.4250000e+02;4.9794018e-02;2.4250000e+02;7.0049495e-02;2.4250000e+02;9.3210608e-02;2.4250000e+02;1.1775054e-01;2.4250000e+02;1.4294396e-01;2.4250000e+02;1.6552766e-01;2.4250000e+02;1.9112691e-01;2.4250000e+02;2.1388280e-01;2.4250000e+02;2.2592059e-01;2.4250000e+02;2.1338198e-01;2.4250000e+02;1.8047771e-01;2.4250000e+02;1.3494475e-01;2.4250000e+02;8.8037282e-02;2.4250000e+02;4.5396894e-02;2.4250000e+02;6.9316905e-03;2.4250000e+02;1.1123410e-02;2.4250000e+02;1.9850146e-02;2.4250000e+02;3.3082474e-02;2.4250000e+02;4.9794018e-02;2.4250000e+02;7.0049495e-02;2.4250000e+02;9.3210608e-02;2.4250000e+02;1.1775054e-01;2.4250000e+02;1.4294396e-01;2.4250000e+02;1.6552766e-01;2.4250000e+02;1.9112691e-01;2.4250000e+02;2.1388280e-01;2.4250000e+02;2.2592059e-01;2.4250000e+02;2.1338198e-01;2.4250000e+02;1.8047771e-01;2.4250000e+02;1.3494475e-01;2.4250000e+02;8.8037282e-02;2.4250000e+02;4.5396894e-02;2.4250000e+02;6.9316905e-03;2.4250000e+02;1.1123410e-02;2.4250000e+02;1.9850146e-02;2.4250000e+02;3.3082474e-02;2.4250000e+02;4.9794018e-02;2.4250000e+02;7.0049495e-02;2.4250000e+02;9.3210608e-02;2.4250000e+02;1.1775054e-01;2.4250000e+02;1.4294396e-01;2.4250000e+02;1.6552766e-01;2.4250000e+02;1.9112691e-01;2.4250000e+02;2.1388280e-01;2.4250000e+02;2.2592059e-01;2.4250000e+02;2.1338198e-01;2.4250000e+02;1.8047771e-01;2.4250000e+02;1.3494475e-01;2.4250000e+02;8.8037282e-02;2.4250000e+02;4.5396894e-02;2.4250000e+02;6.9316905e-03;2.4250000e+02;1.1123410e-02;2.4250000e+02;1.9850146e-02;2.4250000e+02;3.3082474e-02;2.4250000e+02;4.9794018e-02;2.4250000e+02;7.0049495e-02;2.4250000e+02;9.3210608e-02;2.4250000e+02;1.1775054e-01;2.4250000e+02;1.4294396e-01;2.4250000e+02;1.6552766e-01;2.4250000e+02;1.9112691e-01;2.4250000e+02;2.1388280e-01;2.4250000e+02;2.2592059e-01;2.4250000e+02;2.1338198e-01;2.4250000e+02;1.8047771e-01;2.4250000e+02;1.3494475e-01;2.4250000e+02;8.8037282e-02;2.4250000e+02;4.5396894e-02;2.4250000e+02;6.9316905e-03;2.4250000e+02;1.1123410e-02;2.4250000e+02;1.9850146e-02;2.4250000e+02;3.3082474e-02;2.4250000e+02;4.9794018e-02;2.4250000e+02;7.0049495e-02;2.4250000e+02;9.3210608e-02;2.4250000e+02;1.1775054e-01;2.4250000e+02;1.4294396e-01;2.4250000e+02;1.6552766e-01;2.4250000e+02;1.9112691e-01;2.4250000e+02;2.1388280e-01;2.4250000e+02;2.2592059e-01;2.4250000e+02;2.1338198e-01;2.4250000e+02;1.8047771e-01;2.4250000e+02;1.3494475e-01;2.4250000e+02;8.8037282e-02;2.4250000e+02;4.5396894e-02;2.4250000e+02;6.9316905e-03;2.4250000e+02;1.1123410e-02;2.4250000e+02;1.9850146e-02;2.4250000e+02;3.3082474e-02;2.4250000e+02;4.9794018e-02;2.4250000e+02;7.0049495e-02;2.4250000e+02;9.3210608e-02;2.4250000e+02;1.1775054e-01;2.4250000e+02;1.4294396e-01;2.4250000e+02;1.6552766e-01;2.4250000e+02;1.9112691e-01;2.4250000e+02;2.1388280e-01;2.4250000e+02;2.2592059e-01;2.4250000e+02;2.1338198e-01;2.4250000e+02;1.8047771e-01;2.4250000e+02;1.3494475e-01;2.4250000e+02;8.8037282e-02;2.4250000e+02;4.5396894e-02;2.4250000e+02;6.9316905e-03;2.4250000e+02;1.1123410e-02;2.4250000e+02;1.9850146e-02;2.4250000e+02;3.3082474e-02;2.4250000e+02;4.9794018e-02;2.4250000e+02;7.0049495e-02;2.4250000e+02;9.3210608e-02;2.4250000e+02;1.1775054e-01;2.4250000e+02;1.4294396e-01;2.4250000e+02;1.6552766e-01;2.4250000e+02;1.9112691e-01;2.4250000e+02;2.1388280e-01;2.4250000e+02;2.2592059e-01;2.4250000e+02;2.1338198e-01;2.4250000e+02;1.8047771e-01;2.4250000e+02;1.3494475e-01;2.4250000e+02;8.8037282e-02;2.4250000e+02;4.5396894e-02;2.4250000e+02;6.9316905e-03;2.4250000e+02;1.1123410e-02;2.4250000e+02;1.9850146e-02;2.4250000e+02;3.3082474e-02;2.4250000e+02;4.9794018e-02;2.4250000e+02;7.0049495e-02;2.4250000e+02;9.3210608e-02;2.4250000e+02;1.1775054e-01;2.4250000e+02;1.4294396e-01;2.4250000e+02;1.6552766e-01;2.4250000e+02;1.9112691e-01;2.4250000e+02;2.1388280e-01;2.4250000e+02;2.2592059e-01;2.4250000e+02;2.1338198e-01;2.4250000e+02;1.8047771e-01;2.4250000e+02;1.3494475e-01;2.4250000e+02;8.8037282e-02;2.4250000e+02;4.5396894e-02;2.4250000e+02;6.9316905e-03;2.4250000e+02;1.1123410e-02;2.4250000e+02;1.9850146e-02;2.4250000e+02;3.3082474e-02;2.4250000e+02;4.9794018e-02;2.4250000e+02;7.0049495e-02;2.4250000e+02;9.3210608e-02;2.4250000e+02;1.1775054e-01;2.4250000e+02;1.4294396e-01;2.4250000e+02;1.6552766e-01;2.4250000e+02;1.9112691e-01;2.4250000e+02;2.1388280e-01;2.4250000e+02;2.2592059e-01;2.4250000e+02;2.1338198e-01;2.4250000e+02;1.8047771e-01;2.4250000e+02;1.3494475e-01;2.4250000e+02;8.8037282e-02;2.4250000e+02;4.5396894e-02;2.4250000e+02;6.9316905e-03;2.4250000e+02;1.1123410e-02;2.4250000e+02;1.9850146e-02;2.4250000e+02;3.3082474e-02;2.4250000e+02;4.9794018e-02;2.4250000e+02;7.0049495e-02;2.4250000e+02;9.3210608e-02;2.4250000e+02;1.1775054e-01;2.4250000e+02;1.4294396e-01;2.4250000e+02;1.6552766e-01;2.4250000e+02;1.9112691e-01;2.4250000e+02;2.1388280e-01;2.4250000e+02;2.2592059e-01;2.4250000e+02;2.1338198e-01;2.4250000e+02;1.8047771e-01;2.4250000e+02;1.3494475e-01;2.4250000e+02;8.8037282e-02;2.4250000e+02;4.5396894e-02;2.4250000e+02;6.9316905e-03;2.4250000e+02;1.1123410e-02;2.4250000e+02;1.9850146e-02;2.4250000e+02;3.3082474e-02;2.4250000e+02;4.9794018e-02;2.4250000e+02;7.0049495e-02;2.4250000e+02;9.3210608e-02;2.4250000e+02;1.1775054e-01;2.4250000e+02;1.4294396e-01;2.4250000e+02;1.6552766e-01;2.4250000e+02;1.9112691e-01;2.4250000e+02;2.1388280e-01;2.4250000e+02;2.2592059e-01;2.4250000e+02;2.1338198e-01;2.4250000e+02;1.8047771e-01;2.4250000e+02;1.3494475e-01;2.4250000e+02;8.8037282e-02;2.4250000e+02;4.5396894e-02
2.4750000e+02;4.7393376e-03;2.4750000e+02;9.5373113e-03;2.4750000e+02;1.9056981e-02;2.4750000e+02;3.2951105e-02;2.4750000e+02;5.0294057e-02;2.4750000e+02;7.0645913e-02;2.4750000e+02;9.4838567e-02;2.4750000e+02;1.2083967e-01;2.4750000e+02;1.4976040e-01;2.4750000e+02;1.7496076e-01;2.4750000e+02;1.9828892e-01;2.4750000e+02;2.1637598e-01;2.4750000e+02;2.2477067e-01;2.4750000e+02;2.1038504e-01;2.4750000e+02;1.7746976e-01;2.4750000e+02;1.3308682e-01;2.4750000e+02;8.7275445e-02;2.4750000e+02;4.5206010e-02;2.4750000e+02;4.7393376e-03;2.4750000e+02;9.5373113e-03;2.4750000e+02;1.9056981e-02;2.4750000e+02;3.2951105e-02;2.4750000e+02;5.0294057e-02;2.4750000e+02;7.0645913e-02;2.4750000e+02;9.4838567e-02;2.4750000e+02;1.2083967e-01;2.4750000e+02;1.4976040e-01;2.4750000e+02;1.7496076e-01;2.4750000e+02;1.9828892e-01;2.4750000e+02;2.1637598e-01;2.4750000e+02;2.2477067e-01;2.4750000e+02;2.1038504e-01;2.4750000e+02;1.7746976e-01;2.4750000e+02;1.3308682e-01;2.4750000e+02;8.7275445e-02;2.4750000e+02;4.5206010e-02;2.4750000e+02;4.7393376e-03;2.4750000e+02;9.5373113e-03;2.4750000e+02;1.9056981e-02;2.4750000e+02;3.2951105e-02;2.4750000e+02;5.0294057e-02;2.4750000e+02;7.0645913e-02;2.4750000e+02;9.4838567e-02;2.4750000e+02;1.2083967e-01;2.4750000e+02;1.4976040e-01;2.4750000e+02;1.7496076e-01;2.4750000e+02;1.9828892e-01;2.4750000e+02;2.1637598e-01;2.4750000e+02;2.2477067e-01;2.4750000e+02;2.1038504e-01;2.4750000e+02;1.7746976e-01;2.4750000e+02;1.3308682e-01;2.4750000e+02;8.7275445e-02;2.4750000e+02;4.5206010e-02;2.4750000e+02;4.7393376e-03;2.4750000e+02;9.5373113e-03;2.4750000e+02;1.9056981e-02;2.4750000e+02;3.2951105e-02;2.4750000e+02;5.0294057e-02;2.4750000e+02;7.0645913e-02;2.4750000e+02;9.4838567e-02;2.4750000e+02;1.2083967e-01;2.4750000e+02;1.4976040e-01;2.4750000e+02;1.7496076e-01;2.4750000e+02;1.9828892e-01;2.4750000e+02;2.1637598e-01;2.4750000e+02;2.2477067e-01;2.4750000e+02;2.1038504e-01;2.4750000e+02;1.7746976e-01;2.4750000e+02;1.3308682e-01;2.4750000e+02;8.7275445e-02;2.4750000e+02;4.5206010e-02;2.4750000e+02;4.7393376e-03;2.4750000e+02;9.5373113e-03;2.4750000e+02;1.9056981e-02;2.4750000e+02;3.2951105e-02;2.4750000e+02;5.0294057e-02;2.4750000e+02;7.0645913e-02;2.4750000e+02;9.4838567e-02;2.4750000e+02;1.2083967e-01;2.4750000e+02;1.4976040e-01;2.4750000e+02;1.7496076e-01;2.4750000e+02;1.9828892e-01;2.4750000e+02;2.1637598e-01;2.4750000e+02;2.2477067e-01;2.4750000e+02;2.1038504e-01;2.4750000e+02;1.7746976e-01;2.4750000e+02;1.3308682e-01;2.4750000e+02;8.7275445e-02;2.4750000e+02;4.5206010e-02;2.4750000e+02;4.7393376e-03;2.4750000e+02;9.5373113e-03;2.4750000e+02;1.9056981e-02;2.4750000e+02;3.2951105e-02;2.4750000e+02;5.0294057e-02;2.4750000e+02;7.0645913e-02;2.4750000e+02;9.4838567e-02;2.4750000e+02;1.2083967e-01;2.4750000e+02;1.4976040e-01;2.4750000e+02;1.7496076e-01;2.4750000e+02;1.9828892e-01;2.4750000e+02;2.1637598e-01;2.4750000e+02;2.2477067e-01;2.4750000e+02;2.1038504e-01;2.4750000e+02;1.7746976e-01;2.4750000e+02;1.3308682e-01;2.4750000e+02;8.7275445e-02;2.4750000e+02;4.5206010e-02;2.4750000e+02;4.7393376e-03;2.4750000e+02;9.5373113e-03;2.4750000e+02;1.9056981e-02;2.4750000e+02;3.2951105e-02;2.4750000e+02;5.0294057e-02;2.4750000e+02;7.0645913e-02;2.4750000e+02;9.4838567e-02;2.4750000e+02;1.2083967e-01;2.4750000e+02;1.4976040e-01;2.4750000e+02;1.7496076e-01;2.4750000e+02;1.9828892e-01;2.4750000e+02;2.1637598e-01;2.4750000e+02;2.2477067e-01;2.4750000e+02;2.1038504e-01;2.4750000e+02;1.7746976e-01;2.4750000e+02;1.3308682e-01;2.4750000e+02;8.7275445e-02;2.4750000e+02;4.5206010e-02;2.4750000e+02;4.7393376e-03;2.4750000e+02;9.5373113e-03;2.4750000e+02;1.9056981e-02;2.4750000e+02;3.2951105e-02;2.4750000e+02;5.0294057e-02;2.4750000e+02;7.0645913e-02;2.4750000e+02;9.4838567e-02;2.4750000e+02;1.2083967e-01;2.4750000e+02;1.4976040e-01;2.4750000e+02;1.7496076e-01;2.4750000e+02;1.9828892e-01;2.4750000e+02;2.1637598e-01;2.4750000e+02;2.2477067e-01;2.4750000e+02;2.1038504e-01;2.4750000e+02;1.7746976e-01;2.4750000e+02;1.3308682e-01;2.4750000e+02;8.7275445e-02;2.4750000e+02;4.5206010e-02;2.4750000e+02;4.7393376e-03;2.4750000e+02;9.5373113e-03;2.4750000e+02;1.9056981e-02;2.4750000e+02;3.2951105e-02;2.4750000e+02;5.0294057e-02;2.4750000e+02;7.0645913e-02;2.4750000e+02;9.4838567e-02;2.4750000e+02;1.2083967e-01;2.4750000e+02;1.4976040e-01;2.4750000e+02;1.7496076e-01;2.4750000e+02;1.9828892e-01;2.4750000e+02;2.1637598e-01;2.4750000e+02;2.2477067e-01;2.4750000e+02;2.1038504e-01;2.4750000e+02;1.7746976e-01;2.4750000e+02;1.3308682e-01;2.4750000e+02;8.7275445e-02;2.4750000e+02;4.5206010e-02;2.4750000e+02;4.7393376e-03;2.4750000e+02;9.5373113e-03;2.4750000e+02;1.9056981e-02;2.4750000e+02;3.2951105e-02;2.4750000e+02;5.0294057e-02;2.4750000e+02;7.0645913e-02;2.4750000e+02;9.4838567e-02;2.4750000e+02;1.2083967e-01;2.4750000e+02;1.4976040e-01;2.4750000e+02;1.7496076e-01;2.4750000e+02;1.9828892e-01;2.4750000e+02;2.1637598e-01;2.4750000e+02;2.2477067e-01;2.4750000e+02;2.1038504e-01;2.4750000e+02;1.7746976e-01;2.4750000e+02;1.3308682e-01;2.4750000e+02;8.7275445e-02;2.4750000e+02;4.5206010e-02;2.4750000e+02;4.7393376e-03;2.4750000e+02;9.5373113e-03;2.4750000e+02;1.9056981e-02;2.4750000e+02;3.2951105e-02;2.4750000e+02;5.0294057e-02;2.4750000e+02;7.0645913e-02;2.4750000e+02;9.4838567e-02;2.4750000e+02;1.2083967e-01;2.4750000e+02;1.4976040e-01;2.4750000e+02;1.7496076e-01;2.4750000e+02;1.9828892e-01;2.4750000e+02;2.1637598e-01;2.4750000e+02;2.2477067e-01;2.4750000e+02;2.1038504e-01;2.4750000e+02;1.7746976e-01;2.4750000e+02;1.3308682e-01;2.4750000e+02;8.7275445e-02;2.4750000e+02;4.5206010e-02;2.4750000e+02;4.7393376e-03;2.4750000e+02;9.5373113e-03;2.4750000e+02;1.9056981e-02;2.4750000e+02;3.2951105e-02;2.4750000e+02;5.0294057e-02;2.4750000e+02;7.0645913e-02;2.4750000e+02;9.4838567e-02;2.4750000e+02;1.2083967e-01;2.4750000e+02;1.4976040e-01;2.4750000e+02;1.7496076e-01;2.4750000e+02;1.9828892e-01;2.4750000e+02;2.1637598e-01;2.4750000e+02;2.2477067e-01;2.4750000e+02;2.1038504e-01;2.4750000e+02;1.7746976e-01;2.4750000e+02;1.3308682e-01;2.4750000e+02;8.7275445e-02;2.4750000e+02;4.5206010e-02;2.4750000e+02;4.7393376e-03;2.4750000e+02;9.5373113e-03;2.4750000e+02;1.9056981e-02;2.4750000e+02;3.2951105e-02;2.4750000e+02;5.0294057e-02;2.4750000e+02;7.0645913e-02;2.4750000e+02;9.4838567e-02;2.4750000e+02;1.2083967e-01;2.4750000e+02;1.4976040e-01;2.4750000e+02;1.7496076e-01;2.4750000e+02;1.9828892e-01;2.4750000e+02;2.1637598e-01;2.4750000e+02;2.2477067e-01;2.4750000e+02;2.1038504e-01;2.4750000e+02;1.7746976e-01;2.4750000e+02;1.3308682e-01;2.4750000e+02;8.7275445e-02;2.4750000e+02;4.5206010e-02;2.4750000e+02;4.7393376e-03;2.4750000e+02;9.5373113e-03;2.4750000e+02;1.9056981e-02;2.4750000e+02;3.2951105e-02;2.4750000e+02;5.0294057e-02;2.4750000e+02;7.0645913e-02;2.4750000e+02;9.4838567e-02;2.4750000e+02;1.2083967e-01;2.4750000e+02;1.4976040e-01;2.4750000e+02;1.7496076e-01;2.4750000e+02;1.9828892e-01;2.4750000e+02;2.1637598e-01;2.4750000e+02;2.2477067e-01;2.4750000e+02;2.1038504e-01;2.4750000e+02;1.7746976e-01;2.4750000e+02;1.3308682e-01;2.4750000e+02;8.7275445e-02;2.4750000e+02;4.5206010e-02;2.4750000e+02;4.7393376e-03;2.4750000e+02;9.5373113e-03;2.4750000e+02;1.9056981e-02;2.4750000e+02;3.2951105e-02;2.4750000e+02;5.0294057e-02;2.4750000e+02;7.0645913e-02;2.4750000e+02;9.4838567e-02;2.4750000e+02;1.2083967e-01;2.4750000e+02;1.4976040e-01;2.4750000e+02;1.7496076e-01;2.4750000e+02;1.9828892e-01;2.4750000e+02;2.1637598e-01;2.4750000e+02;2.2477067e-01;2.4750000e+02;2.1038504e-01;2.4750000e+02;1.7746976e-01;2.4750000e+02;1.3308682e-01;2.4750000e+02;8.7275445e-02;2.4750000e+02;4.5206010e-02;2.4750000e+02;4.7393376e-03;2.4750000e+02;9.5373113e-03;2.4750000e+02;1.9056981e-02;2.4750000e+02;3.2951105e-02;2.4750000e+02;5.0294057e-02;2.4750000e+02;7.0645913e-02;2.4750000e+02;9.4838567e-02;2.4750000e+02;1.2083967e-01;2.4750000e+02;1.4976040e-01;2.4750000e+02;1.7496076e-01;2.4750000e+02;1.9828892e-01;2.4750000e+02;2.1637598e-01;2.4750000e+02;2.2477067e-01;2.4750000e+02;2.1038504e-01;2.4750000e+02;1.7746976e-01;2.4750000e+02;1.3308682e-01;2.4750000e+02;8.7275445e-02;2.4750000e+02;4.5206010e-02;2.4750000e+02;4.7393376e-03;2.4750000e+02;9.5373113e-03;2.4750000e+02;1.9056981e-02;2.4750000e+02;3.2951105e-02;2.4750000e+02;5.0294057e-02;2.4750000e+02;7.0645913e-02;2.4750000e+02;9.4838567e-02;2.4750000e+02;1.2083967e-01;2.4750000e+02;1.4976040e-01;2.4750000e+02;1.7496076e-01;2.4750000e+02;1.9828892e-01;2.4750000e+02;2.1637598e-01;2.4750000e+02;2.2477067e-01;2.4750000e+02;2.1038504e-01;2.4750000e+02;1.7746976e-01;2.4750000e+02;1.3308682e-01;2.4750000e+02;8.7275445e-02;2.4750000e+02;4.5206010e-02;2.4750000e+02;4.7393376e-03;2.4750000e+02;9.5373113e-03;2.4750000e+02;1.9056981e-02;2.4750000e+02;3.2951105e-02;2.4750000e+02;5.0294057e-02;2.4750000e+02;7.0645913e-02;2.4750000e+02;9.4838567e-02;2.4750000e+02;1.2083967e-01;2.4750000e+02;1.4976040e-01;2.4750000e+02;1.7496076e-01;2.4750000e+02;1.9828892e-01;2.4750000e+02;2.1637598e-01;2.4750000e+02;2.2477067e-01;2.4750000e+02;2.1038504e-01;2.4750000e+02;1.7746976e-01;2.4750000e+02;1.3308682e-01;2.4750000e+02;8.7275445e-02;2.4750000e+02;4.5206010e-02;2.4750000e+02;4.7393376e-03;2.4750000e+02;9.5373113e-03;2.4750000e+02;1.9056981e-02;2.4750000e+02;3.2951105e-02;2.4750000e+02;5.0294057e-02;2.4750000e+02;7.0645913e-02;2.4750000e+02;9.4838567e-02;2.4750000e+02;1.2083967e-01;2.4750000e+02;1.4976040e-01;2.4750000e+02;1.7496076e-01;2.4750000e+02;1.9828892e-01;2.4750000e+02;2.1637598e-01;2.4750000e+02;2.2477067e-01;2.4750000e+02;2.1038504e-01;2.4750000e+02;1.7746976e-01;2.4750000e+02;1.3308682e-01;2.4750000e+02;8.7275445e-02;2.4750000e+02;4.5206010e-02;2.4750000e+02;4.7393376e-03;2.4750000e+02;9.5373113e-03;2.4750000e+02;1.9056981e-02;2.4750000e+02;3.2951105e-02;2.4750000e+02;5.0294057e-02;2.4750000e+02;7.0645913e-02;2.4750000e+02;9.4838567e-02;2.4750000e+02;1.2083967e-01;2.4750000e+02;1.4976040e-01;2.4750000e+02;1.7496076e-01;2.4750000e+02;1.9828892e-01;2.4750000e+02;2.1637598e-01;2.4750000e+02;2.2477067e-01;2.4750000e+02;2.1038504e-01;2.4750000e+02;1.7746976e-01;2.4750000e+02;1.3308682e-01;2.4750000e+02;8.7275445e-02;2.4750000e+02;4.5206010e-02;2.4750000e+02;4.7393376e-03;2.4750000e+02;9.5373113e-03;2.4750000e+02;1.9056981e-02;2.4750000e+02;3.2951105e-02;2.4750000e+02;5.0294057e-02;2.4750000e+02;7.0645913e-02;2.4750000e+02;9.4838567e-02;2.4750000e+02;1.2083967e-01;2.4750000e+02;1.4976040e-01;2.4750000e+02;1.7496076e-01;2.4750000e+02;1.9828892e-01;2.4750000e+02;2.1637598e-01;2.4750000e+02;2.2477067e-01;2.4750000e+02;2.1038504e-01;2.4750000e+02;1.7746976e-01;2.4750000e+02;1.3308682e-01;2.4750000e+02;8.7275445e-02;2.4750000e+02;4.5206010e-02;2.4750000e+02;4.7393376e-03;2.4750000e+02;9.5373113e-03;2.4750000e+02;1.9056981e-02;2.4750000e+02;3.2951105e-02;2.4750000e+02;5.0294057e-02;2.4750000e+02;7.0645913e-02;2.4750000e+02;9.4838567e-02;2.4750000e+02;1.2083967e-01;2.4750000e+02;1.4976040e-01;2.4750000e+02;1.7496076e-01;2.4750000e+02;1.9828892e-01;2.4750000e+02;2.1637598e-01;2.4750000e+02;2.2477067e-01;2.4750000e+02;2.1038504e-01;2.4750000e+02;1.7746976e-01;2.4750000e+02;1.3308682e-01;2.4750000e+02;8.7275445e-02;2.4750000e+02;4.5206010e-02;2.4750000e+02;4.7393376e-03;2.4750000e+02;9.5373113e-03;2.4750000e+02;1.9056981e-02;2.4750000e+02;3.2951105e-02;2.4750000e+02;5.0294057e-02;2.4750000e+02;7.0645913e-02;2.4750000e+02;9.4838567e-02;2.4750000e+02;1.2083967e-01;2.4750000e+02;1.4976040e-01;2.4750000e+02;1.7496076e-01;2.4750000e+02;1.9828892e-01;2.4750000e+02;2.1637598e-01;2.4750000e+02;2.2477067e-01;2.4750000e+02;2.1038504e-01;2.4750000e+02;1.7746976e-01;2.4750000e+02;1.3308682e-01;2.4750000e+02;8.7275445e-02;2.4750000e+02;4.5206010e-02;2.4750000e+02;4.7393376e-03;2.4750000e+02;9.5373113e-03;2.4750000e+02;1.9056981e-02;2.4750000e+02;3.2951105e-02;2.4750000e+02;5.0294057e-02;2.4750000e+02;7.0645913e-02;2.4750000e+02;9.4838567e-02;2.4750000e+02;1.2083967e-01;2.4750000e+02;1.4976040e-01;2.4750000e+02;1.7496076e-01;2.4750000e+02;1.9828892e-01;2.4750000e+02;2.1637598e-01;2.4750000e+02;2.2477067e-01;2.4750000e+02;2.1038504e-01;2.4750000e+02;1.7746976e-01;2.4750000e+02;1.3308682e-01;2.4750000e+02;8.7275445e-02;2.4750000e+02;4.5206010e-02;2.4750000e+02;4.7393376e-03;2.4750000e+02;9.5373113e-03;2.4750000e+02;1.9056981e-02;2.4750000e+02;3.2951105e-02;2.4750000e+02;5.0294057e-02;2.4750000e+02;7.0645913e-02;2.4750000e+02;9.4838567e-02;2.4750000e+02;1.2083967e-01;2.4750000e+02;1.4976040e-01;2.4750000e+02;1.7496076e-01;2.4750000e+02;1.9828892e-01;2.4750000e+02;2.1637598e-01;2.4750000e+02;2.2477067e-01;2.4750000e+02;2.1038504e-01;2.4750000e+02;1.7746976e-01;2.4750000e+02;1.3308682e-01;2.4750000e+02;8.7275445e-02;2.4750000e+02;4.5206010e-02;2.4750000e+02;4.7393376e-03;2.4750000e+02;9.5373113e-03;2.4750000e+02;1.9056981e-02;2.4750000e+02;3.2951105e-02;2.4750000e+02;5.0294057e-02;2.4750000e+02;7.0645913e-02;2.4750000e+02;9.4838567e-02;2.4750000e+02;1.2083967e-01;2.4750000e+02;1.4976040e-01;2.4750000e+02;1.7496076e-01;2.4750000e+02;1.9828892e-01;2.4750000e+02;2.1637598e-01;2.4750000e+02;2.2477067e-01;2.4750000e+02;2.1038504e-01;2.4750000e+02;1.7746976e-01;2.4750000e+02;1.3308682e-01;2.4750000e+02;8.7275445e-02;2.4750000e+02;4.5206010e-02;2.4750000e+02;4.7393376e-03;2.4750000e+02;9.5373113e-03;2.4750000e+02;1.9056981e-02;2.4750000e+02;3.2951105e-02;2.4750000e+02;5.0294057e-02;2.4750000e+02;7.0645913e-02;2.4750000e+02;9.4838567e-02;2.4750000e+02;1.2083967e-01;2.4750000e+02;1.4976040e-01;2.4750000e+02;1.7496076e-01;2.4750000e+02;1.9828892e-01;2.4750000e+02;2.1637598e-01;2.4750000e+02;2.2477067e-01;2.4750000e+02;2.1038504e-01;2.4750000e+02;1.7746976e-01;2.4750000e+02;1.3308682e-01;2.4750000e+02;8.7275445e-02;2.4750000e+02;4.5206010e-02;2.4750000e+02;4.7393376e-03;2.4750000e+02;9.5373113e-03;2.4750000e+02;1.9056981e-02;2.4750000e+02;3.2951105e-02;2.4750000e+02;5.0294057e-02;2.4750000e+02;7.0645913e-02;2.4750000e+02;9.4838567e-02;2.4750000e+02;1.2083967e-01;2.4750000e+02;1.4976040e-01;2.4750000e+02;1.7496076e-01;2.4750000e+02;1.9828892e-01;2.4750000e+02;2.1637598e-01;2.4750000e+02;2.2477067e-01;2.4750000e+02;2.1038504e-01;2.4750000e+02;1.7746976e-01;2.4750000e+02;1.3308682e-01;2.4750000e+02;8.7275445e-02;2.4750000e+02;4.5206010e-02;2.4750000e+02;4.7393376e-03;2.4750000e+02;9.5373113e-03;2.4750000e+02;1.9056981e-02;2.4750000e+02;3.2951105e-02;2.4750000e+02;5.0294057e-02;2.4750000e+02;7.0645913e-02;2.4750000e+02;9.4838567e-02;2.4750000e+02;1.2083967e-01;2.4750000e+02;1.4976040e-01;2.4750000e+02;1.7496076e-01;2.4750000e+02;1.9828892e-01;2.4750000e+02;2.1637598e-01;2.4750000e+02;2.2477067e-01;2.4750000e+02;2.1038504e-01;2.4750000e+02;1.7746976e-01;2.4750000e+02;1.3308682e-01;2.4750000e+02;8.7275445e-02;2.4750000e+02;4.5206010e-02;2.4750000e+02;4.7393376e-03;2.4750000e+02;9.5373113e-03;2.4750000e+02;1.9056981e-02;2.4750000e+02;3.2951105e-02;2.4750000e+02;5.0294057e-02;2.4750000e+02;7.0645913e-02;2.4750000e+02;9.4838567e-02;2.4750000e+02;1.2083967e-01;2.4750000e+02;1.4976040e-01;2.4750000e+02;1.7496076e-01;2.4750000e+02;1.9828892e-01;2.4750000e+02;2.1637598e-01;2.4750000e+02;2.2477067e-01;2.4750000e+02;2.1038504e-01;2.4750000e+02;1.7746976e-01;2.4750000e+02;1.3308682e-01;2.4750000e+02;8.7275445e-02;2.4750000e+02;4.5206010e-02;2.4750000e+02;4.7393376e-03;2.4750000e+02;9.5373113e-03;2.4750000e+02;1.9056981e-02;2.4750000e+02;3.2951105e-02;2.4750000e+02;5.0294057e-02;2.4750000e+02;7.0645913e-02;2.4750000e+02;9.4838567e-02;2.4750000e+02;1.2083967e-01;2.4750000e+02;1.4976040e-01;2.4750000e+02;1.7496076e-01;2.4750000e+02;1.9828892e-01;2.4750000e+02;2.1637598e-01;2.4750000e+02;2.2477067e-01;2.4750000e+02;2.1038504e-01;2.4750000e+02;1.7746976e-01;2.4750000e+02;1.3308682e-01;2.4750000e+02;8.7275445e-02;2.4750000e+02;4.5206010e-02;2.4750000e+02;4.7393376e-03;2.4750000e+02;9.5373113e-03;2.4750000e+02;1.9056981e-02;2.4750000e+02;3.2951105e-02;2.4750000e+02;5.0294057e-02;2.4750000e+02;7.0645913e-02;2.4750000e+02;9.4838567e-02;2.4750000e+02;1.2083967e-01;2.4750000e+02;1.4976040e-01;2.4750000e+02;1.7496076e-01;2.4750000e+02;1.9828892e-01;2.4750000e+02;2.1637598e-01;2.4750000e+02;2.2477067e-01;2.4750000e+02;2.1038504e-01;2.4750000e+02;1.7746976e-01;2.4750000e+02;1.3308682e-01;2.4750000e+02;8.7275445e-02;2.4750000e+02;4.5206010e-02;2.4750000e+02;4.7393376e-03;2.4750000e+02;9.5373113e-03;2.4750000e+02;1.9056981e-02;2.4750000e+02;3.2951105e-02;2.4750000e+02;5.0294057e-02;2.4750000e+02;7.0645913e-02;2.4750000e+02;9.4838567e-02;2.4750000e+02;1.2083967e-01;2.4750000e+02;1.4976040e-01;2.4750000e+02;1.7496076e-01;2.4750000e+02;1.9828892e-01;2.4750000e+02;2.1637598e-01;2.4750000e+02;2.2477067e-01;2.4750000e+02;2.1038504e-01;2.4750000e+02;1.7746976e-01;2.4750000e+02;1.3308682e-01;2.4750000e+02;8.7275445e-02;2.4750000e+02;4.5206010e-02;2.4750000e+02;4.7393376e-03;2.4750000e+02;9.5373113e-03;2.4750000e+02;1.9056981e-02;2.4750000e+02;3.2951105e-02;2.4750000e+02;5.0294057e-02;2.4750000e+02;7.0645913e-02;2.4750000e+02;9.4838567e-02;2.4750000e+02;1.2083967e-01;2.4750000e+02;1.4976040e-01;2.4750000e+02;1.7496076e-01;2.4750000e+02;1.9828892e-01;2.4750000e+02;2.1637598e-01;2.4750000e+02;2.2477067e-01;2.4750000e+02;2.1038504e-01;2.4750000e+02;1.7746976e-01;2.4750000e+02;1.3308682e-01;2.4750000e+02;8.7275445e-02;2.4750000e+02;4.5206010e-02;2.4750000e+02;4.7393376e-03;2.4750000e+02;9.5373113e-03;2.4750000e+02;1.9056981e-02;2.4750000e+02;3.2951105e-02;2.4750000e+02;5.0294057e-02;2.4750000e+02;7.0645913e-02;2.4750000e+02;9.4838567e-02;2.4750000e+02;1.2083967e-01;2.4750000e+02;1.4976040e-01;2.4750000e+02;1.7496076e-01;2.4750000e+02;1.9828892e-01;2.4750000e+02;2.1637598e-01;2.4750000e+02;2.2477067e-01;2.4750000e+02;2.1038504e-01;2.4750000e+02;1.7746976e-01;2.4750000e+02;1.3308682e-01;2.4750000e+02;8.7275445e-02;2.4750000e+02;4.5206010e-02;2.4750000e+02;4.7393376e-03;2.4750000e+02;9.5373113e-03;2.4750000e+02;1.9056981e-02;2.4750000e+02;3.2951105e-02;2.4750000e+02;5.0294057e-02;2.4750000e+02;7.0645913e-02;2.4750000e+02;9.4838567e-02;2.4750000e+02;1.2083967e-01;2.4750000e+02;1.4976040e-01;2.4750000e+02;1.7496076e-01;2.4750000e+02;1.9828892e-01;2.4750000e+02;2.1637598e-01;2.4750000e+02;2.2477067e-01;2.4750000e+02;2.1038504e-01;2.4750000e+02;1.7746976e-01;2.4750000e+02;1.3308682e-01;2.4750000e+02;8.7275445e-02;2.4750000e+02;4.5206010e-02;2.4750000e+02;4.7393376e-03;2.4750000e+02;9.5373113e-03;2.4750000e+02;1.9056981e-02;2.4750000e+02;3.2951105e-02;2.4750000e+02;5.0294057e-02;2.4750000e+02;7.0645913e-02;2.4750000e+02;9.4838567e-02;2.4750000e+02;1.2083967e-01;2.4750000e+02;1.4976040e-01;2.4750000e+02;1.7496076e-01;2.4750000e+02;1.9828892e-01;2.4750000e+02;2.1637598e-01;2.4750000e+02;2.2477067e-01;2.4750000e+02;2.1038504e-01;2.4750000e+02;1.7746976e-01;2.4750000e+02;1.3308682e-01;2.4750000e+02;8.7275445e-02;2.4750000e+02;4.5206010e-02;2.4750000e+02;4.7393376e-03;2.4750000e+02;9.5373113e-03;2.4750000e+02;1.9056981e-02;2.4750000e+02;3.2951105e-02;2.4750000e+02;5.0294057e-02;2.4750000e+02;7.0645913e-02;2.4750000e+02;9.4838567e-02;2.4750000e+02;1.2083967e-01;2.4750000e+02;1.4976040e-01;2.4750000e+02;1.7496076e-01;2.4750000e+02;1.9828892e-01;2.4750000e+02;2.1637598e-01;2.4750000e+02;2.2477067e-01;2.4750000e+02;2.1038504e-01;2.4750000e+02;1.7746976e-01;2.4750000e+02;1.3308682e-01;2.4750000e+02;8.7275445e-02;2.4750000e+02;4.5206010e-02;2.4750000e+02;4.7393376e-03;2.4750000e+02;9.5373113e-03;2.4750000e+02;1.9056981e-02;2.4750000e+02;3.2951105e-02;2.4750000e+02;5.0294057e-02;2.4750000e+02;7.0645913e-02;2.4750000e+02;9.4838567e-02;2.4750000e+02;1.2083967e-01;2.4750000e+02;1.4976040e-01;2.4750000e+02;1.7496076e-01;2.4750000e+02;1.9828892e-01;2.4750000e+02;2.1637598e-01;2.4750000e+02;2.2477067e-01;2.4750000e+02;2.1038504e-01;2.4750000e+02;1.7746976e-01;2.4750000e+02;1.3308682e-01;2.4750000e+02;8.7275445e-02;2.4750000e+02;4.5206010e-02;2.4750000e+02;4.7393376e-03;2.4750000e+02;9.5373113e-03;2.4750000e+02;1.9056981e-02;2.4750000e+02;3.2951105e-02;2.4750000e+02;5.0294057e-02;2.4750000e+02;7.0645913e-02;2.4750000e+02;9.4838567e-02;2.4750000e+02;1.2083967e-01;2.4750000e+02;1.4976040e-01;2.4750000e+02;1.7496076e-01;2.4750000e+02;1.9828892e-01;2.4750000e+02;2.1637598e-01;2.4750000e+02;2.2477067e-01;2.4750000e+02;2.1038504e-01;2.4750000e+02;1.7746976e-01;2.4750000e+02;1.3308682e-01;2.4750000e+02;8.7275445e-02;2.4750000e+02;4.5206010e-02;2.4750000e+02;4.7393376e-03;2.4750000e+02;9.5373113e-03;2.4750000e+02;1.9056981e-02;2.4750000e+02;3.2951105e-02;2.4750000e+02;5.0294057e-02;2.4750000e+02;7.0645913e-02;2.4750000e+02;9.4838567e-02;2.4750000e+02;1.2083967e-01;2.4750000e+02;1.4976040e-01;2.4750000e+02;1.7496076e-01;2.4750000e+02;1.9828892e-01;2.4750000e+02;2.1637598e-01;2.4750000e+02;2.2477067e-01;2.4750000e+02;2.1038504e-01;2.4750000e+02;1.7746976e-01;2.4750000e+02;1.3308682e-01;2.4750000e+02;8.7275445e-02;2.4750000e+02;4.5206010e-02;2.4750000e+02;4.7393376e-03;2.4750000e+02;9.5373113e-03;2.4750000e+02;1.9056981e-02;2.4750000e+02;3.2951105e-02;2.4750000e+02;5.0294057e-02;2.4750000e+02;7.0645913e-02;2.4750000e+02;9.4838567e-02;2.4750000e+02;1.2083967e-01;2.4750000e+02;1.4976040e-01;2.4750000e+02;1.7496076e-01;2.4750000e+02;1.9828892e-01;2.4750000e+02;2.1637598e-01;2.4750000e+02;2.2477067e-01;2.4750000e+02;2.1038504e-01;2.4750000e+02;1.7746976e-01;2.4750000e+02;1.3308682e-01;2.4750000e+02;8.7275445e-02;2.4750000e+02;4.5206010e-02;2.4750000e+02;4.7393376e-03;2.4750000e+02;9.5373113e-03;2.4750000e+02;1.9056981e-02;2.4750000e+02;3.2951105e-02;2.4750000e+02;5.0294057e-02;2.4750000e+02;7.0645913e-02;2.4750000e+02;9.4838567e-02;2.4750000e+02;1.2083967e-01;2.4750000e+02;1.4976040e-01;2.4750000e+02;1.7496076e-01;2.4750000e+02;1.9828892e-01;2.4750000e+02;2.1637598e-01;2.4750000e+02;2.2477067e-01;2.4750000e+02;2.1038504e-01;2.4750000e+02;1.7746976e-01;2.4750000e+02;1.3308682e-01;2.4750000e+02;8.7275445e-02;2.4750000e+02;4.5206010e-02;2.4750000e+02;4.7393376e-03;2.4750000e+02;9.5373113e-03;2.4750000e+02;1.9056981e-02;2.4750000e+02;3.2951105e-02;2.4750000e+02;5.0294057e-02;2.4750000e+02;7.0645913e-02;2.4750000e+02;9.4838567e-02;2.4750000e+02;1.2083967e-01;2.4750000e+02;1.4976040e-01;2.4750000e+02;1.7496076e-01;2.4750000e+02;1.9828892e-01;2.4750000e+02;2.1637598e-01;2.4750000e+02;2.2477067e-01;2.4750000e+02;2.1038504e-01;2.4750000e+02;1.7746976e-01;2.4750000e+02;1.3308682e-01;2.4750000e+02;8.7275445e-02;2.4750000e+02;4.5206010e-02;2.4750000e+02;4.7393376e-03;2.4750000e+02;9.5373113e-03;2.4750000e+02;1.9056981e-02;2.4750000e+02;3.2951105e-02;2.4750000e+02;5.0294057e-02;2.4750000e+02;7.0645913e-02;2.4750000e+02;9.4838567e-02;2.4750000e+02;1.2083967e-01;2.4750000e+02;1.4976040e-01;2.4750000e+02;1.7496076e-01;2.4750000e+02;1.9828892e-01;2.4750000e+02;2.1637598e-01;2.4750000e+02;2.2477067e-01;2.4750000e+02;2.1038504e-01;2.4750000e+02;1.7746976e-01;2.4750000e+02;1.3308682e-01;2.4750000e+02;8.7275445e-02;2.4750000e+02;4.5206010e-02;2.4750000e+02;4.7393376e-03;2.4750000e+02;9.5373113e-03;2.4750000e+02;1.9056981e-02;2.4750000e+02;3.2951105e-02;2.4750000e+02;5.0294057e-02;2.4750000e+02;7.0645913e-02;2.4750000e+02;9.4838567e-02;2.4750000e+02;1.2083967e-01;2.4750000e+02;1.4976040e-01;2.4750000e+02;1.7496076e-01;2.4750000e+02;1.9828892e-01;2.4750000e+02;2.1637598e-01;2.4750000e+02;2.2477067e-01;2.4750000e+02;2.1038504e-01;2.4750000e+02;1.7746976e-01;2.4750000e+02;1.3308682e-01;2.4750000e+02;8.7275445e-02;2.4750000e+02;4.5206010e-02;2.4750000e+02;4.7393376e-03;2.4750000e+02;9.5373113e-03;2.4750000e+02;1.9056981e-02;2.4750000e+02;3.2951105e-02;2.4750000e+02;5.0294057e-02;2.4750000e+02;7.0645913e-02;2.4750000e+02;9.4838567e-02;2.4750000e+02;1.2083967e-01;2.4750000e+02;1.4976040e-01;2.4750000e+02;1.7496076e-01;2.4750000e+02;1.9828892e-01;2.4750000e+02;2.1637598e-01;2.4750000e+02;2.2477067e-01;2.4750000e+02;2.1038504e-01;2.4750000e+02;1.7746976e-01;2.4750000e+02;1.3308682e-01;2.4750000e+02;8.7275445e-02;2.4750000e+02;4.5206010e-02;2.4750000e+02;4.7393376e-03;2.4750000e+02;9.5373113e-03;2.4750000e+02;1.9056981e-02;2.4750000e+02;3.2951105e-02;2.4750000e+02;5.0294057e-02;2.4750000e+02;7.0645913e-02;2.4750000e+02;9.4838567e-02;2.4750000e+02;1.2083967e-01;2.4750000e+02;1.4976040e-01;2.4750000e+02;1.7496076e-01;2.4750000e+02;1.9828892e-01;2.4750000e+02;2.1637598e-01;2.4750000e+02;2.2477067e-01;2.4750000e+02;2.1038504e-01;2.4750000e+02;1.7746976e-01;2.4750000e+02;1.3308682e-01;2.4750000e+02;8.7275445e-02;2.4750000e+02;4.5206010e-02;2.4750000e+02;4.7393376e-03;2.4750000e+02;9.5373113e-03;2.4750000e+02;1.9056981e-02;2.4750000e+02;3.2951105e-02;2.4750000e+02;5.0294057e-02;2.4750000e+02;7.0645913e-02;2.4750000e+02;9.4838567e-02;2.4750000e+02;1.2083967e-01;2.4750000e+02;1.4976040e-01;2.4750000e+02;1.7496076e-01;2.4750000e+02;1.9828892e-01;2.4750000e+02;2.1637598e-01;2.4750000e+02;2.2477067e-01;2.4750000e+02;2.1038504e-01;2.4750000e+02;1.7746976e-01;2.4750000e+02;1.3308682e-01;2.4750000e+02;8.7275445e-02;2.4750000e+02;4.5206010e-02;2.4750000e+02;4.7393376e-03;2.4750000e+02;9.5373113e-03;2.4750000e+02;1.9056981e-02;2.4750000e+02;3.2951105e-02;2.4750000e+02;5.0294057e-02;2.4750000e+02;7.0645913e-02;2.4750000e+02;9.4838567e-02;2.4750000e+02;1.2083967e-01;2.4750000e+02;1.4976040e-01;2.4750000e+02;1.7496076e-01;2.4750000e+02;1.9828892e-01;2.4750000e+02;2.1637598e-01;2.4750000e+02;2.2477067e-01;2.4750000e+02;2.1038504e-01;2.4750000e+02;1.7746976e-01;2.4750000e+02;1.3308682e-01;2.4750000e+02;8.7275445e-02;2.4750000e+02;4.5206010e-02;2.4750000e+02;4.7393376e-03;2.4750000e+02;9.5373113e-03;2.4750000e+02;1.9056981e-02;2.4750000e+02;3.2951105e-02;2.4750000e+02;5.0294057e-02;2.4750000e+02;7.0645913e-02;2.4750000e+02;9.4838567e-02;2.4750000e+02;1.2083967e-01;2.4750000e+02;1.4976040e-01;2.4750000e+02;1.7496076e-01;2.4750000e+02;1.9828892e-01;2.4750000e+02;2.1637598e-01;2.4750000e+02;2.2477067e-01;2.4750000e+02;2.1038504e-01;2.4750000e+02;1.7746976e-01;2.4750000e+02;1.3308682e-01;2.4750000e+02;8.7275445e-02;2.4750000e+02;4.5206010e-02;2.4750000e+02;4.7393376e-03;2.4750000e+02;9.5373113e-03;2.4750000e+02;1.9056981e-02;2.4750000e+02;3.2951105e-02;2.4750000e+02;5.0294057e-02;2.4750000e+02;7.0645913e-02;2.4750000e+02;9.4838567e-02;2.4750000e+02;1.2083967e-01;2.4750000e+02;1.4976040e-01;2.4750000e+02;1.7496076e-01;2.4750000e+02;1.9828892e-01;2.4750000e+02;2.1637598e-01;2.4750000e+02;2.2477067e-01;2.4750000e+02;2.1038504e-01;2.4750000e+02;1.7746976e-01;2.4750000e+02;1.3308682e-01;2.4750000e+02;8.7275445e-02;2.4750000e+02;4.5206010e-02;2.4750000e+02;4.7393376e-03;2.4750000e+02;9.5373113e-03;2.4750000e+02;1.9056981e-02;2.4750000e+02;3.2951105e-02;2.4750000e+02;5.0294057e-02;2.4750000e+02;7.0645913e-02;2.4750000e+02;9.4838567e-02;2.4750000e+02;1.2083967e-01;2.4750000e+02;1.4976040e-01;2.4750000e+02;1.7496076e-01;2.4750000e+02;1.9828892e-01;2.4750000e+02;2.1637598e-01;2.4750000e+02;2.2477067e-01;2.4750000e+02;2.1038504e-01;2.4750000e+02;1.7746976e-01;2.4750000e+02;1.3308682e-01;2.4750000e+02;8.7275445e-02;2.4750000e+02;4.5206010e-02;2.4750000e+02;4.7393376e-03;2.4750000e+02;9.5373113e-03;2.4750000e+02;1.9056981e-02;2.4750000e+02;3.2951105e-02;2.4750000e+02;5.0294057e-02;2.4750000e+02;7.0645913e-02;2.4750000e+02;9.4838567e-02;2.4750000e+02;1.2083967e-01;2.4750000e+02;1.4976040e-01;2.4750000e+02;1.7496076e-01;2.4750000e+02;1.9828892e-01;2.4750000e+02;2.1637598e-01;2.4750000e+02;2.2477067e-01;2.4750000e+02;2.1038504e-01;2.4750000e+02;1.7746976e-01;2.4750000e+02;1.3308682e-01;2.4750000e+02;8.7275445e-02;2.4750000e+02;4.5206010e-02;2.4750000e+02;4.7393376e-03;2.4750000e+02;9.5373113e-03;2.4750000e+02;1.9056981e-02;2.4750000e+02;3.2951105e-02;2.4750000e+02;5.0294057e-02;2.4750000e+02;7.0645913e-02;2.4750000e+02;9.4838567e-02;2.4750000e+02;1.2083967e-01;2.4750000e+02;1.4976040e-01;2.4750000e+02;1.7496076e-01;2.4750000e+02;1.9828892e-01;2.4750000e+02;2.1637598e-01;2.4750000e+02;2.2477067e-01;2.4750000e+02;2.1038504e-01;2.4750000e+02;1.7746976e-01;2.4750000e+02;1.3308682e-01;2.4750000e+02;8.7275445e-02;2.4750000e+02;4.5206010e-02;2.4750000e+02;4.7393376e-03;2.4750000e+02;9.5373113e-03;2.4750000e+02;1.9056981e-02;2.4750000e+02;3.2951105e-02;2.4750000e+02;5.0294057e-02;2.4750000e+02;7.0645913e-02;2.4750000e+02;9.4838567e-02;2.4750000e+02;1.2083967e-01;2.4750000e+02;1.4976040e-01;2.4750000e+02;1.7496076e-01;2.4750000e+02;1.9828892e-01;2.4750000e+02;2.1637598e-01;2.4750000e+02;2.2477067e-01;2.4750000e+02;2.1038504e-01;2.4750000e+02;1.7746976e-01;2.4750000e+02;1.3308682e-01;2.4750000e+02;8.7275445e-02;2.4750000e+02;4.5206010e-02;2.4750000e+02;4.7393376e-03;2.4750000e+02;9.5373113e-03;2.4750000e+02;1.9056981e-02;2.4750000e+02;3.2951105e-02;2.4750000e+02;5.0294057e-02;2.4750000e+02;7.0645913e-02;2.4750000e+02;9.4838567e-02;2.4750000e+02;1.2083967e-01;2.4750000e+02;1.4976040e-01;2.4750000e+02;1.7496076e-01;2.4750000e+02;1.9828892e-01;2.4750000e+02;2.1637598e-01;2.4750000e+02;2.2477067e-01;2.4750000e+02;2.1038504e-01;2.4750000e+02;1.7746976e-01;2.4750000e+02;1.3308682e-01;2.4750000e+02;8.7275445e-02;2.4750000e+02;4.5206010e-02;2.4750000e+02;4.7393376e-03;2.4750000e+02;9.5373113e-03;2.4750000e+02;1.9056981e-02;2.4750000e+02;3.2951105e-02;2.4750000e+02;5.0294057e-02;2.4750000e+02;7.0645913e-02;2.4750000e+02;9.4838567e-02;2.4750000e+02;1.2083967e-01;2.4750000e+02;1.4976040e-01;2.4750000e+02;1.7496076e-01;2.4750000e+02;1.9828892e-01;2.4750000e+02;2.1637598e-01;2.4750000e+02;2.2477067e-01;2.4750000e+02;2.1038504e-01;2.4750000e+02;1.7746976e-01;2.4750000e+02;1.3308682e-01;2.4750000e+02;8.7275445e-02;2.4750000e+02;4.5206010e-02;2.4750000e+02;4.7393376e-03;2.4750000e+02;9.5373113e-03;2.4750000e+02;1.9056981e-02;2.4750000e+02;3.2951105e-02;2.4750000e+02;5.0294057e-02;2.4750000e+02;7.0645913e-02;2.4750000e+02;9.4838567e-02;2.4750000e+02;1.2083967e-01;2.4750000e+02;1.4976040e-01;2.4750000e+02;1.7496076e-01;2.4750000e+02;1.9828892e-01;2.4750000e+02;2.1637598e-01;2.4750000e+02;2.2477067e-01;2.4750000e+02;2.1038504e-01;2.4750000e+02;1.7746976e-01;2.4750000e+02;1.3308682e-01;2.4750000e+02;8.7275445e-02;2.4750000e+02;4.5206010e-02;2.4750000e+02;4.7393376e-03;2.4750000e+02;9.5373113e-03;2.4750000e+02;1.9056981e-02;2.4750000e+02;3.2951105e-02;2.4750000e+02;5.0294057e-02;2.4750000e+02;7.0645913e-02;2.4750000e+02;9.4838567e-02;2.4750000e+02;1.2083967e-01;2.4750000e+02;1.4976040e-01;2.4750000e+02;1.7496076e-01;2.4750000e+02;1.9828892e-01;2.4750000e+02;2.1637598e-01;2.4750000e+02;2.2477067e-01;2.4750000e+02;2.1038504e-01;2.4750000e+02;1.7746976e-01;2.4750000e+02;1.3308682e-01;2.4750000e+02;8.7275445e-02;2.4750000e+02;4.5206010e-02;2.4750000e+02;4.7393376e-03;2.4750000e+02;9.5373113e-03;2.4750000e+02;1.9056981e-02;2.4750000e+02;3.2951105e-02;2.4750000e+02;5.0294057e-02;2.4750000e+02;7.0645913e-02;2.4750000e+02;9.4838567e-02;2.4750000e+02;1.2083967e-01;2.4750000e+02;1.4976040e-01;2.4750000e+02;1.7496076e-01;2.4750000e+02;1.9828892e-01;2.4750000e+02;2.1637598e-01;2.4750000e+02;2.2477067e-01;2.4750000e+02;2.1038504e-01;2.4750000e+02;1.7746976e-01;2.4750000e+02;1.3308682e-01;2.4750000e+02;8.7275445e-02;2.4750000e+02;4.5206010e-02;2.4750000e+02;4.7393376e-03;2.4750000e+02;9.5373113e-03;2.4750000e+02;1.9056981e-02;2.4750000e+02;3.2951105e-02;2.4750000e+02;5.0294057e-02;2.4750000e+02;7.0645913e-02;2.4750000e+02;9.4838567e-02;2.4750000e+02;1.2083967e-01;2.4750000e+02;1.4976040e-01;2.4750000e+02;1.7496076e-01;2.4750000e+02;1.9828892e-01;2.4750000e+02;2.1637598e-01;2.4750000e+02;2.2477067e-01;2.4750000e+02;2.1038504e-01;2.4750000e+02;1.7746976e-01;2.4750000e+02;1.3308682e-01;2.4750000e+02;8.7275445e-02;2.4750000e+02;4.5206010e-02;2.4750000e+02;4.7393376e-03;2.4750000e+02;9.5373113e-03;2.4750000e+02;1.9056981e-02;2.4750000e+02;3.2951105e-02;2.4750000e+02;5.0294057e-02;2.4750000e+02;7.0645913e-02;2.4750000e+02;9.4838567e-02;2.4750000e+02;1.2083967e-01;2.4750000e+02;1.4976040e-01;2.4750000e+02;1.7496076e-01;2.4750000e+02;1.9828892e-01;2.4750000e+02;2.1637598e-01;2.4750000e+02;2.2477067e-01;2.4750000e+02;2.1038504e-01;2.4750000e+02;1.7746976e-01;2.4750000e+02;1.3308682e-01;2.4750000e+02;8.7275445e-02;2.4750000e+02;4.5206010e-02;2.4750000e+02;4.7393376e-03;2.4750000e+02;9.5373113e-03;2.4750000e+02;1.9056981e-02;2.4750000e+02;3.2951105e-02;2.4750000e+02;5.0294057e-02;2.4750000e+02;7.0645913e-02;2.4750000e+02;9.4838567e-02;2.4750000e+02;1.2083967e-01;2.4750000e+02;1.4976040e-01;2.4750000e+02;1.7496076e-01;2.4750000e+02;1.9828892e-01;2.4750000e+02;2.1637598e-01;2.4750000e+02;2.2477067e-01;2.4750000e+02;2.1038504e-01;2.4750000e+02;1.7746976e-01;2.4750000e+02;1.3308682e-01;2.4750000e+02;8.7275445e-02;2.4750000e+02;4.5206010e-02;2.4750000e+02;4.7393376e-03;2.4750000e+02;9.5373113e-03;2.4750000e+02;1.9056981e-02;2.4750000e+02;3.2951105e-02;2.4750000e+02;5.0294057e-02;2.4750000e+02;7.0645913e-02;2.4750000e+02;9.4838567e-02;2.4750000e+02;1.2083967e-01;2.4750000e+02;1.4976040e-01;2.4750000e+02;1.7496076e-01;2.4750000e+02;1.9828892e-01;2.4750000e+02;2.1637598e-01;2.4750000e+02;2.2477067e-01;2.4750000e+02;2.1038504e-01;2.4750000e+02;1.7746976e-01;2.4750000e+02;1.3308682e-01;2.4750000e+02;8.7275445e-02;2.4750000e+02;4.5206010e-02;2.4750000e+02;4.7393376e-03;2.4750000e+02;9.5373113e-03;2.4750000e+02;1.9056981e-02;2.4750000e+02;3.2951105e-02;2.4750000e+02;5.0294057e-02;2.4750000e+02;7.0645913e-02;2.4750000e+02;9.4838567e-02;2.4750000e+02;1.2083967e-01;2.4750000e+02;1.4976040e-01;2.4750000e+02;1.7496076e-01;2.4750000e+02;1.9828892e-01;2.4750000e+02;2.1637598e-01;2.4750000e+02;2.2477067e-01;2.4750000e+02;2.1038504e-01;2.4750000e+02;1.7746976e-01;2.4750000e+02;1.3308682e-01;2.4750000e+02;8.7275445e-02;2.4750000e+02;4.5206010e-02;2.4750000e+02;4.7393376e-03;2.4750000e+02;9.5373113e-03;2.4750000e+02;1.9056981e-02;2.4750000e+02;3.2951105e-02;2.4750000e+02;5.0294057e-02;2.4750000e+02;7.0645913e-02;2.4750000e+02;9.4838567e-02;2.4750000e+02;1.2083967e-01;2.4750000e+02;1.4976040e-01;2.4750000e+02;1.7496076e-01;2.4750000e+02;1.9828892e-01;2.4750000e+02;2.1637598e-01;2.4750000e+02;2.2477067e-01;2.4750000e+02;2.1038504e-01;2.4750000e+02;1.7746976e-01;2.4750000e+02;1.3308682e-01;2.4750000e+02;8.7275445e-02;2.4750000e+02;4.5206010e-02;2.4750000e+02;4.7393376e-03;2.4750000e+02;9.5373113e-03;2.4750000e+02;1.9056981e-02;2.4750000e+02;3.2951105e-02;2.4750000e+02;5.0294057e-02;2.4750000e+02;7.0645913e-02;2.4750000e+02;9.4838567e-02;2.4750000e+02;1.2083967e-01;2.4750000e+02;1.4976040e-01;2.4750000e+02;1.7496076e-01;2.4750000e+02;1.9828892e-01;2.4750000e+02;2.1637598e-01;2.4750000e+02;2.2477067e-01;2.4750000e+02;2.1038504e-01;2.4750000e+02;1.7746976e-01;2.4750000e+02;1.3308682e-01;2.4750000e+02;8.7275445e-02;2.4750000e+02;4.5206010e-02;2.4750000e+02;4.7393376e-03;2.4750000e+02;9.5373113e-03;2.4750000e+02;1.9056981e-02;2.4750000e+02;3.2951105e-02;2.4750000e+02;5.0294057e-02;2.4750000e+02;7.0645913e-02;2.4750000e+02;9.4838567e-02;2.4750000e+02;1.2083967e-01;2.4750000e+02;1.4976040e-01;2.4750000e+02;1.7496076e-01;2.4750000e+02;1.9828892e-01;2.4750000e+02;2.1637598e-01;2.4750000e+02;2.2477067e-01;2.4750000e+02;2.1038504e-01;2.4750000e+02;1.7746976e-01;2.4750000e+02;1.3308682e-01;2.4750000e+02;8.7275445e-02;2.4750000e+02;4.5206010e-02;2.4750000e+02;4.7393376e-03;2.4750000e+02;9.5373113e-03;2.4750000e+02;1.9056981e-02;2.4750000e+02;3.2951105e-02;2.4750000e+02;5.0294057e-02;2.4750000e+02;7.0645913e-02;2.4750000e+02;9.4838567e-02;2.4750000e+02;1.2083967e-01;2.4750000e+02;1.4976040e-01;2.4750000e+02;1.7496076e-01;2.4750000e+02;1.9828892e-01;2.4750000e+02;2.1637598e-01;2.4750000e+02;2.2477067e-01;2.4750000e+02;2.1038504e-01;2.4750000e+02;1.7746976e-01;2.4750000e+02;1.3308682e-01;2.4750000e+02;8.7275445e-02;2.4750000e+02;4.5206010e-02;2.4750000e+02;4.7393376e-03;2.4750000e+02;9.5373113e-03;2.4750000e+02;1.9056981e-02;2.4750000e+02;3.2951105e-02;2.4750000e+02;5.0294057e-02;2.4750000e+02;7.0645913e-02;2.4750000e+02;9.4838567e-02;2.4750000e+02;1.2083967e-01;2.4750000e+02;1.4976040e-01;2.4750000e+02;1.7496076e-01;2.4750000e+02;1.9828892e-01;2.4750000e+02;2.1637598e-01;2.4750000e+02;2.2477067e-01;2.4750000e+02;2.1038504e-01;2.4750000e+02;1.7746976e-01;2.4750000e+02;1.3308682e-01;2.4750000e+02;8.7275445e-02;2.4750000e+02;4.5206010e-02;2.4750000e+02;4.7393376e-03;2.4750000e+02;9.5373113e-03;2.4750000e+02;1.9056981e-02;2.4750000e+02;3.2951105e-02;2.4750000e+02;5.0294057e-02;2.4750000e+02;7.0645913e-02;2.4750000e+02;9.4838567e-02;2.4750000e+02;1.2083967e-01;2.4750000e+02;1.4976040e-01;2.4750000e+02;1.7496076e-01;2.4750000e+02;1.9828892e-01;2.4750000e+02;2.1637598e-01;2.4750000e+02;2.2477067e-01;2.4750000e+02;2.1038504e-01;2.4750000e+02;1.7746976e-01;2.4750000e+02;1.3308682e-01;2.4750000e+02;8.7275445e-02;2.4750000e+02;4.5206010e-02;2.4750000e+02;4.7393376e-03;2.4750000e+02;9.5373113e-03;2.4750000e+02;1.9056981e-02;2.4750000e+02;3.2951105e-02;2.4750000e+02;5.0294057e-02;2.4750000e+02;7.0645913e-02;2.4750000e+02;9.4838567e-02;2.4750000e+02;1.2083967e-01;2.4750000e+02;1.4976040e-01;2.4750000e+02;1.7496076e-01;2.4750000e+02;1.9828892e-01;2.4750000e+02;2.1637598e-01;2.4750000e+02;2.2477067e-01;2.4750000e+02;2.1038504e-01;2.4750000e+02;1.7746976e-01;2.4750000e+02;1.3308682e-01;2.4750000e+02;8.7275445e-02;2.4750000e+02;4.5206010e-02;2.4750000e+02;4.7393376e-03;2.4750000e+02;9.5373113e-03;2.4750000e+02;1.9056981e-02;2.4750000e+02;3.2951105e-02;2.4750000e+02;5.0294057e-02;2.4750000e+02;7.0645913e-02;2.4750000e+02;9.4838567e-02;2.4750000e+02;1.2083967e-01;2.4750000e+02;1.4976040e-01;2.4750000e+02;1.7496076e-01;2.4750000e+02;1.9828892e-01;2.4750000e+02;2.1637598e-01;2.4750000e+02;2.2477067e-01;2.4750000e+02;2.1038504e-01;2.4750000e+02;1.7746976e-01;2.4750000e+02;1.3308682e-01;2.4750000e+02;8.7275445e-02;2.4750000e+02;4.5206010e-02;2.4750000e+02;4.7393376e-03;2.4750000e+02;9.5373113e-03;2.4750000e+02;1.9056981e-02;2.4750000e+02;3.2951105e-02;2.4750000e+02;5.0294057e-02;2.4750000e+02;7.0645913e-02;2.4750000e+02;9.4838567e-02;2.4750000e+02;1.2083967e-01;2.4750000e+02;1.4976040e-01;2.4750000e+02;1.7496076e-01;2.4750000e+02;1.9828892e-01;2.4750000e+02;2.1637598e-01;2.4750000e+02;2.2477067e-01;2.4750000e+02;2.1038504e-01;2.4750000e+02;1.7746976e-01;2.4750000e+02;1.3308682e-01;2.4750000e+02;8.7275445e-02;2.4750000e+02;4.5206010e-02;2.4750000e+02;4.7393376e-03;2.4750000e+02;9.5373113e-03;2.4750000e+02;1.9056981e-02;2.4750000e+02;3.2951105e-02;2.4750000e+02;5.0294057e-02;2.4750000e+02;7.0645913e-02;2.4750000e+02;9.4838567e-02;2.4750000e+02;1.2083967e-01;2.4750000e+02;1.4976040e-01;2.4750000e+02;1.7496076e-01;2.4750000e+02;1.9828892e-01;2.4750000e+02;2.1637598e-01;2.4750000e+02;2.2477067e-01;2.4750000e+02;2.1038504e-01;2.4750000e+02;1.7746976e-01;2.4750000e+02;1.3308682e-01;2.4750000e+02;8.7275445e-02;2.4750000e+02;4.5206010e-02;2.4750000e+02;4.7393376e-03;2.4750000e+02;9.5373113e-03;2.4750000e+02;1.9056981e-02;2.4750000e+02;3.2951105e-02;2.4750000e+02;5.0294057e-02;2.4750000e+02;7.0645913e-02;2.4750000e+02;9.4838567e-02;2.4750000e+02;1.2083967e-01;2.4750000e+02;1.4976040e-01;2.4750000e+02;1.7496076e-01;2.4750000e+02;1.9828892e-01;2.4750000e+02;2.1637598e-01;2.4750000e+02;2.2477067e-01;2.4750000e+02;2.1038504e-01;2.4750000e+02;1.7746976e-01;2.4750000e+02;1.3308682e-01;2.4750000e+02;8.7275445e-02;2.4750000e+02;4.5206010e-02;2.4750000e+02;4.7393376e-03;2.4750000e+02;9.5373113e-03;2.4750000e+02;1.9056981e-02;2.4750000e+02;3.2951105e-02;2.4750000e+02;5.0294057e-02;2.4750000e+02;7.0645913e-02;2.4750000e+02;9.4838567e-02;2.4750000e+02;1.2083967e-01;2.4750000e+02;1.4976040e-01;2.4750000e+02;1.7496076e-01;2.4750000e+02;1.9828892e-01;2.4750000e+02;2.1637598e-01;2.4750000e+02;2.2477067e-01;2.4750000e+02;2.1038504e-01;2.4750000e+02;1.7746976e-01;2.4750000e+02;1.3308682e-01;2.4750000e+02;8.7275445e-02;2.4750000e+02;4.5206010e-02;2.4750000e+02;4.7393376e-03;2.4750000e+02;9.5373113e-03;2.4750000e+02;1.9056981e-02;2.4750000e+02;3.2951105e-02;2.4750000e+02;5.0294057e-02;2.4750000e+02;7.0645913e-02;2.4750000e+02;9.4838567e-02;2.4750000e+02;1.2083967e-01;2.4750000e+02;1.4976040e-01;2.4750000e+02;1.7496076e-01;2.4750000e+02;1.9828892e-01;2.4750000e+02;2.1637598e-01;2.4750000e+02;2.2477067e-01;2.4750000e+02;2.1038504e-01;2.4750000e+02;1.7746976e-01;2.4750000e+02;1.3308682e-01;2.4750000e+02;8.7275445e-02;2.4750000e+02;4.5206010e-02;2.4750000e+02;4.7393376e-03;2.4750000e+02;9.5373113e-03;2.4750000e+02;1.9056981e-02;2.4750000e+02;3.2951105e-02;2.4750000e+02;5.0294057e-02;2.4750000e+02;7.0645913e-02;2.4750000e+02;9.4838567e-02;2.4750000e+02;1.2083967e-01;2.4750000e+02;1.4976040e-01;2.4750000e+02;1.7496076e-01;2.4750000e+02;1.9828892e-01;2.4750000e+02;2.1637598e-01;2.4750000e+02;2.2477067e-01;2.4750000e+02;2.1038504e-01;2.4750000e+02;1.7746976e-01;2.4750000e+02;1.3308682e-01;2.4750000e+02;8.7275445e-02;2.4750000e+02;4.5206010e-02;2.4750000e+02;4.7393376e-03;2.4750000e+02;9.5373113e-03;2.4750000e+02;1.9056981e-02;2.4750000e+02;3.2951105e-02;2.4750000e+02;5.0294057e-02;2.4750000e+02;7.0645913e-02;2.4750000e+02;9.4838567e-02;2.4750000e+02;1.2083967e-01;2.4750000e+02;1.4976040e-01;2.4750000e+02;1.7496076e-01;2.4750000e+02;1.9828892e-01;2.4750000e+02;2.1637598e-01;2.4750000e+02;2.2477067e-01;2.4750000e+02;2.1038504e-01;2.4750000e+02;1.7746976e-01;2.4750000e+02;1.3308682e-01;2.4750000e+02;8.7275445e-02;2.4750000e+02;4.5206010e-02;2.4750000e+02;4.7393376e-03;2.4750000e+02;9.5373113e-03;2.4750000e+02;1.9056981e-02;2.4750000e+02;3.2951105e-02;2.4750000e+02;5.0294057e-02;2.4750000e+02;7.0645913e-02;2.4750000e+02;9.4838567e-02;2.4750000e+02;1.2083967e-01;2.4750000e+02;1.4976040e-01;2.4750000e+02;1.7496076e-01;2.4750000e+02;1.9828892e-01;2.4750000e+02;2.1637598e-01;2.4750000e+02;2.2477067e-01;2.4750000e+02;2.1038504e-01;2.4750000e+02;1.7746976e-01;2.4750000e+02;1.3308682e-01;2.4750000e+02;8.7275445e-02;2.4750000e+02;4.5206010e-02;2.4750000e+02;4.7393376e-03;2.4750000e+02;9.5373113e-03;2.4750000e+02;1.9056981e-02;2.4750000e+02;3.2951105e-02;2.4750000e+02;5.0294057e-02;2.4750000e+02;7.0645913e-02;2.4750000e+02;9.4838567e-02;2.4750000e+02;1.2083967e-01;2.4750000e+02;1.4976040e-01;2.4750000e+02;1.7496076e-01;2.4750000e+02;1.9828892e-01;2.4750000e+02;2.1637598e-01;2.4750000e+02;2.2477067e-01;2.4750000e+02;2.1038504e-01;2.4750000e+02;1.7746976e-01;2.4750000e+02;1.3308682e-01;2.4750000e+02;8.7275445e-02;2.4750000e+02;4.5206010e-02;2.4750000e+02;4.7393376e-03;2.4750000e+02;9.5373113e-03;2.4750000e+02;1.9056981e-02;2.4750000e+02;3.2951105e-02;2.4750000e+02;5.0294057e-02;2.4750000e+02;7.0645913e-02;2.4750000e+02;9.4838567e-02;2.4750000e+02;1.2083967e-01;2.4750000e+02;1.4976040e-01;2.4750000e+02;1.7496076e-01;2.4750000e+02;1.9828892e-01;2.4750000e+02;2.1637598e-01;2.4750000e+02;2.2477067e-01;2.4750000e+02;2.1038504e-01;2.4750000e+02;1.7746976e-01;2.4750000e+02;1.3308682e-01;2.4750000e+02;8.7275445e-02;2.4750000e+02;4.5206010e-02;2.4750000e+02;4.7393376e-03;2.4750000e+02;9.5373113e-03;2.4750000e+02;1.9056981e-02;2.4750000e+02;3.2951105e-02;2.4750000e+02;5.0294057e-02;2.4750000e+02;7.0645913e-02;2.4750000e+02;9.4838567e-02;2.4750000e+02;1.2083967e-01;2.4750000e+02;1.4976040e-01;2.4750000e+02;1.7496076e-01;2.4750000e+02;1.9828892e-01;2.4750000e+02;2.1637598e-01;2.4750000e+02;2.2477067e-01;2.4750000e+02;2.1038504e-01;2.4750000e+02;1.7746976e-01;2.4750000e+02;1.3308682e-01;2.4750000e+02;8.7275445e-02;2.4750000e+02;4.5206010e-02;2.4750000e+02;4.7393376e-03;2.4750000e+02;9.5373113e-03;2.4750000e+02;1.9056981e-02;2.4750000e+02;3.2951105e-02;2.4750000e+02;5.0294057e-02;2.4750000e+02;7.0645913e-02;2.4750000e+02;9.4838567e-02;2.4750000e+02;1.2083967e-01;2.4750000e+02;1.4976040e-01;2.4750000e+02;1.7496076e-01;2.4750000e+02;1.9828892e-01;2.4750000e+02;2.1637598e-01;2.4750000e+02;2.2477067e-01;2.4750000e+02;2.1038504e-01;2.4750000e+02;1.7746976e-01;2.4750000e+02;1.3308682e-01;2.4750000e+02;8.7275445e-02;2.4750000e+02;4.5206010e-02;2.4750000e+02;4.7393376e-03;2.4750000e+02;9.5373113e-03;2.4750000e+02;1.9056981e-02;2.4750000e+02;3.2951105e-02;2.4750000e+02;5.0294057e-02;2.4750000e+02;7.0645913e-02;2.4750000e+02;9.4838567e-02;2.4750000e+02;1.2083967e-01;2.4750000e+02;1.4976040e-01;2.4750000e+02;1.7496076e-01;2.4750000e+02;1.9828892e-01;2.4750000e+02;2.1637598e-01;2.4750000e+02;2.2477067e-01;2.4750000e+02;2.1038504e-01;2.4750000e+02;1.7746976e-01;2.4750000e+02;1.3308682e-01;2.4750000e+02;8.7275445e-02;2.4750000e+02;4.5206010e-02;2.4750000e+02;4.7393376e-03;2.4750000e+02;9.5373113e-03;2.4750000e+02;1.9056981e-02;2.4750000e+02;3.2951105e-02;2.4750000e+02;5.0294057e-02;2.4750000e+02;7.0645913e-02;2.4750000e+02;9.4838567e-02;2.4750000e+02;1.2083967e-01;2.4750000e+02;1.4976040e-01;2.4750000e+02;1.7496076e-01;2.4750000e+02;1.9828892e-01;2.4750000e+02;2.1637598e-01;2.4750000e+02;2.2477067e-01;2.4750000e+02;2.1038504e-01;2.4750000e+02;1.7746976e-01;2.4750000e+02;1.3308682e-01;2.4750000e+02;8.7275445e-02;2.4750000e+02;4.5206010e-02;2.4750000e+02;4.7393376e-03;2.4750000e+02;9.5373113e-03;2.4750000e+02;1.9056981e-02;2.4750000e+02;3.2951105e-02;2.4750000e+02;5.0294057e-02;2.4750000e+02;7.0645913e-02;2.4750000e+02;9.4838567e-02;2.4750000e+02;1.2083967e-01;2.4750000e+02;1.4976040e-01;2.4750000e+02;1.7496076e-01;2.4750000e+02;1.9828892e-01;2.4750000e+02;2.1637598e-01;2.4750000e+02;2.2477067e-01;2.4750000e+02;2.1038504e-01;2.4750000e+02;1.7746976e-01;2.4750000e+02;1.3308682e-01;2.4750000e+02;8.7275445e-02;2.4750000e+02;4.5206010e-02;2.4750000e+02;4.7393376e-03;2.4750000e+02;9.5373113e-03;2.4750000e+02;1.9056981e-02;2.4750000e+02;3.2951105e-02;2.4750000e+02;5.0294057e-02;2.4750000e+02;7.0645913e-02;2.4750000e+02;9.4838567e-02;2.4750000e+02;1.2083967e-01;2.4750000e+02;1.4976040e-01;2.4750000e+02;1.7496076e-01;2.4750000e+02;1.9828892e-01;2.4750000e+02;2.1637598e-01;2.4750000e+02;2.2477067e-01;2.4750000e+02;2.1038504e-01;2.4750000e+02;1.7746976e-01;2.4750000e+02;1.3308682e-01;2.4750000e+02;8.7275445e-02;2.4750000e+02;4.5206010e-02;2.4750000e+02;4.7393376e-03;2.4750000e+02;9.5373113e-03;2.4750000e+02;1.9056981e-02;2.4750000e+02;3.2951105e-02;2.4750000e+02;5.0294057e-02;2.4750000e+02;7.0645913e-02;2.4750000e+02;9.4838567e-02;2.4750000e+02;1.2083967e-01;2.4750000e+02;1.4976040e-01;2.4750000e+02;1.7496076e-01;2.4750000e+02;1.9828892e-01;2.4750000e+02;2.1637598e-01;2.4750000e+02;2.2477067e-01;2.4750000e+02;2.1038504e-01;2.4750000e+02;1.7746976e-01;2.4750000e+02;1.3308682e-01;2.4750000e+02;8.7275445e-02;2.4750000e+02;4.5206010e-02;2.4750000e+02;4.7393376e-03;2.4750000e+02;9.5373113e-03;2.4750000e+02;1.9056981e-02;2.4750000e+02;3.2951105e-02;2.4750000e+02;5.0294057e-02;2.4750000e+02;7.0645913e-02;2.4750000e+02;9.4838567e-02;2.4750000e+02;1.2083967e-01;2.4750000e+02;1.4976040e-01;2.4750000e+02;1.7496076e-01;2.4750000e+02;1.9828892e-01;2.4750000e+02;2.1637598e-01;2.4750000e+02;2.2477067e-01;2.4750000e+02;2.1038504e-01;2.4750000e+02;1.7746976e-01;2.4750000e+02;1.3308682e-01;2.4750000e+02;8.7275445e-02;2.4750000e+02;4.5206010e-02;2.4750000e+02;4.7393376e-03;2.4750000e+02;9.5373113e-03;2.4750000e+02;1.9056981e-02;2.4750000e+02;3.2951105e-02;2.4750000e+02;5.0294057e-02;2.4750000e+02;7.0645913e-02;2.4750000e+02;9.4838567e-02;2.4750000e+02;1.2083967e-01;2.4750000e+02;1.4976040e-01;2.4750000e+02;1.7496076e-01;2.4750000e+02;1.9828892e-01;2.4750000e+02;2.1637598e-01;2.4750000e+02;2.2477067e-01;2.4750000e+02;2.1038504e-01;2.4750000e+02;1.7746976e-01;2.4750000e+02;1.3308682e-01;2.4750000e+02;8.7275445e-02;2.4750000e+02;4.5206010e-02;2.4750000e+02;4.7393376e-03;2.4750000e+02;9.5373113e-03;2.4750000e+02;1.9056981e-02;2.4750000e+02;3.2951105e-02;2.4750000e+02;5.0294057e-02;2.4750000e+02;7.0645913e-02;2.4750000e+02;9.4838567e-02;2.4750000e+02;1.2083967e-01;2.4750000e+02;1.4976040e-01;2.4750000e+02;1.7496076e-01;2.4750000e+02;1.9828892e-01;2.4750000e+02;2.1637598e-01;2.4750000e+02;2.2477067e-01;2.4750000e+02;2.1038504e-01;2.4750000e+02;1.7746976e-01;2.4750000e+02;1.3308682e-01;2.4750000e+02;8.7275445e-02;2.4750000e+02;4.5206010e-02;2.4750000e+02;4.7393376e-03;2.4750000e+02;9.5373113e-03;2.4750000e+02;1.9056981e-02;2.4750000e+02;3.2951105e-02;2.4750000e+02;5.0294057e-02;2.4750000e+02;7.0645913e-02;2.4750000e+02;9.4838567e-02;2.4750000e+02;1.2083967e-01;2.4750000e+02;1.4976040e-01;2.4750000e+02;1.7496076e-01;2.4750000e+02;1.9828892e-01;2.4750000e+02;2.1637598e-01;2.4750000e+02;2.2477067e-01;2.4750000e+02;2.1038504e-01;2.4750000e+02;1.7746976e-01;2.4750000e+02;1.3308682e-01;2.4750000e+02;8.7275445e-02;2.4750000e+02;4.5206010e-02;2.4750000e+02;4.7393376e-03;2.4750000e+02;9.5373113e-03;2.4750000e+02;1.9056981e-02;2.4750000e+02;3.2951105e-02;2.4750000e+02;5.0294057e-02;2.4750000e+02;7.0645913e-02;2.4750000e+02;9.4838567e-02;2.4750000e+02;1.2083967e-01;2.4750000e+02;1.4976040e-01;2.4750000e+02;1.7496076e-01;2.4750000e+02;1.9828892e-01;2.4750000e+02;2.1637598e-01;2.4750000e+02;2.2477067e-01;2.4750000e+02;2.1038504e-01;2.4750000e+02;1.7746976e-01;2.4750000e+02;1.3308682e-01;2.4750000e+02;8.7275445e-02;2.4750000e+02;4.5206010e-02;2.4750000e+02;4.7393376e-03;2.4750000e+02;9.5373113e-03;2.4750000e+02;1.9056981e-02;2.4750000e+02;3.2951105e-02;2.4750000e+02;5.0294057e-02;2.4750000e+02;7.0645913e-02;2.4750000e+02;9.4838567e-02;2.4750000e+02;1.2083967e-01;2.4750000e+02;1.4976040e-01;2.4750000e+02;1.7496076e-01;2.4750000e+02;1.9828892e-01;2.4750000e+02;2.1637598e-01;2.4750000e+02;2.2477067e-01;2.4750000e+02;2.1038504e-01;2.4750000e+02;1.7746976e-01;2.4750000e+02;1.3308682e-01;2.4750000e+02;8.7275445e-02;2.4750000e+02;4.5206010e-02;2.4750000e+02;4.7393376e-03;2.4750000e+02;9.5373113e-03;2.4750000e+02;1.9056981e-02;2.4750000e+02;3.2951105e-02;2.4750000e+02;5.0294057e-02;2.4750000e+02;7.0645913e-02;2.4750000e+02;9.4838567e-02;2.4750000e+02;1.2083967e-01;2.4750000e+02;1.4976040e-01;2.4750000e+02;1.7496076e-01;2.4750000e+02;1.9828892e-01;2.4750000e+02;2.1637598e-01;2.4750000e+02;2.2477067e-01;2.4750000e+02;2.1038504e-01;2.4750000e+02;1.7746976e-01;2.4750000e+02;1.3308682e-01;2.4750000e+02;8.7275445e-02;2.4750000e+02;4.5206010e-02;2.4750000e+02;4.7393376e-03;2.4750000e+02;9.5373113e-03;2.4750000e+02;1.9056981e-02;2.4750000e+02;3.2951105e-02;2.4750000e+02;5.0294057e-02;2.4750000e+02;7.0645913e-02;2.4750000e+02;9.4838567e-02;2.4750000e+02;1.2083967e-01;2.4750000e+02;1.4976040e-01;2.4750000e+02;1.7496076e-01;2.4750000e+02;1.9828892e-01;2.4750000e+02;2.1637598e-01;2.4750000e+02;2.2477067e-01;2.4750000e+02;2.1038504e-01;2.4750000e+02;1.7746976e-01;2.4750000e+02;1.3308682e-01;2.4750000e+02;8.7275445e-02;2.4750000e+02;4.5206010e-02;2.4750000e+02;4.7393376e-03;2.4750000e+02;9.5373113e-03;2.4750000e+02;1.9056981e-02;2.4750000e+02;3.2951105e-02;2.4750000e+02;5.0294057e-02;2.4750000e+02;7.0645913e-02;2.4750000e+02;9.4838567e-02;2.4750000e+02;1.2083967e-01;2.4750000e+02;1.4976040e-01;2.4750000e+02;1.7496076e-01;2.4750000e+02;1.9828892e-01;2.4750000e+02;2.1637598e-01;2.4750000e+02;2.2477067e-01;2.4750000e+02;2.1038504e-01;2.4750000e+02;1.7746976e-01;2.4750000e+02;1.3308682e-01;2.4750000e+02;8.7275445e-02;2.4750000e+02;4.5206010e-02;2.4750000e+02;4.7393376e-03;2.4750000e+02;9.5373113e-03;2.4750000e+02;1.9056981e-02;2.4750000e+02;3.2951105e-02;2.4750000e+02;5.0294057e-02;2.4750000e+02;7.0645913e-02;2.4750000e+02;9.4838567e-02;2.4750000e+02;1.2083967e-01;2.4750000e+02;1.4976040e-01;2.4750000e+02;1.7496076e-01;2.4750000e+02;1.9828892e-01;2.4750000e+02;2.1637598e-01;2.4750000e+02;2.2477067e-01;2.4750000e+02;2.1038504e-01;2.4750000e+02;1.7746976e-01;2.4750000e+02;1.3308682e-01;2.4750000e+02;8.7275445e-02;2.4750000e+02;4.5206010e-02;2.4750000e+02;4.7393376e-03;2.4750000e+02;9.5373113e-03;2.4750000e+02;1.9056981e-02;2.4750000e+02;3.2951105e-02;2.4750000e+02;5.0294057e-02;2.4750000e+02;7.0645913e-02;2.4750000e+02;9.4838567e-02;2.4750000e+02;1.2083967e-01;2.4750000e+02;1.4976040e-01;2.4750000e+02;1.7496076e-01;2.4750000e+02;1.9828892e-01;2.4750000e+02;2.1637598e-01;2.4750000e+02;2.2477067e-01;2.4750000e+02;2.1038504e-01;2.4750000e+02;1.7746976e-01;2.4750000e+02;1.3308682e-01;2.4750000e+02;8.7275445e-02;2.4750000e+02;4.5206010e-02;2.4750000e+02;4.7393376e-03;2.4750000e+02;9.5373113e-03;2.4750000e+02;1.9056981e-02;2.4750000e+02;3.2951105e-02;2.4750000e+02;5.0294057e-02;2.4750000e+02;7.0645913e-02;2.4750000e+02;9.4838567e-02;2.4750000e+02;1.2083967e-01;2.4750000e+02;1.4976040e-01;2.4750000e+02;1.7496076e-01;2.4750000e+02;1.9828892e-01;2.4750000e+02;2.1637598e-01;2.4750000e+02;2.2477067e-01;2.4750000e+02;2.1038504e-01;2.4750000e+02;1.7746976e-01;2.4750000e+02;1.3308682e-01;2.4750000e+02;8.7275445e-02;2.4750000e+02;4.5206010e-02;2.4750000e+02;4.7393376e-03;2.4750000e+02;9.5373113e-03;2.4750000e+02;1.9056981e-02;2.4750000e+02;3.2951105e-02;2.4750000e+02;5.0294057e-02;2.4750000e+02;7.0645913e-02;2.4750000e+02;9.4838567e-02;2.4750000e+02;1.2083967e-01;2.4750000e+02;1.4976040e-01;2.4750000e+02;1.7496076e-01;2.4750000e+02;1.9828892e-01;2.4750000e+02;2.1637598e-01;2.4750000e+02;2.2477067e-01;2.4750000e+02;2.1038504e-01;2.4750000e+02;1.7746976e-01;2.4750000e+02;1.3308682e-01;2.4750000e+02;8.7275445e-02;2.4750000e+02;4.5206010e-02;2.4750000e+02;4.7393376e-03;2.4750000e+02;9.5373113e-03;2.4750000e+02;1.9056981e-02;2.4750000e+02;3.2951105e-02;2.4750000e+02;5.0294057e-02;2.4750000e+02;7.0645913e-02;2.4750000e+02;9.4838567e-02;2.4750000e+02;1.2083967e-01;2.4750000e+02;1.4976040e-01;2.4750000e+02;1.7496076e-01;2.4750000e+02;1.9828892e-01;2.4750000e+02;2.1637598e-01;2.4750000e+02;2.2477067e-01;2.4750000e+02;2.1038504e-01;2.4750000e+02;1.7746976e-01;2.4750000e+02;1.3308682e-01;2.4750000e+02;8.7275445e-02;2.4750000e+02;4.5206010e-02;2.4750000e+02;4.7393376e-03;2.4750000e+02;9.5373113e-03;2.4750000e+02;1.9056981e-02;2.4750000e+02;3.2951105e-02;2.4750000e+02;5.0294057e-02;2.4750000e+02;7.0645913e-02;2.4750000e+02;9.4838567e-02;2.4750000e+02;1.2083967e-01;2.4750000e+02;1.4976040e-01;2.4750000e+02;1.7496076e-01;2.4750000e+02;1.9828892e-01;2.4750000e+02;2.1637598e-01;2.4750000e+02;2.2477067e-01;2.4750000e+02;2.1038504e-01;2.4750000e+02;1.7746976e-01;2.4750000e+02;1.3308682e-01;2.4750000e+02;8.7275445e-02;2.4750000e+02;4.5206010e-02;2.4750000e+02;4.7393376e-03;2.4750000e+02;9.5373113e-03;2.4750000e+02;1.9056981e-02;2.4750000e+02;3.2951105e-02;2.4750000e+02;5.0294057e-02;2.4750000e+02;7.0645913e-02;2.4750000e+02;9.4838567e-02;2.4750000e+02;1.2083967e-01;2.4750000e+02;1.4976040e-01;2.4750000e+02;1.7496076e-01;2.4750000e+02;1.9828892e-01;2.4750000e+02;2.1637598e-01;2.4750000e+02;2.2477067e-01;2.4750000e+02;2.1038504e-01;2.4750000e+02;1.7746976e-01;2.4750000e+02;1.3308682e-01;2.4750000e+02;8.7275445e-02;2.4750000e+02;4.5206010e-02;2.4750000e+02;4.7393376e-03;2.4750000e+02;9.5373113e-03;2.4750000e+02;1.9056981e-02;2.4750000e+02;3.2951105e-02;2.4750000e+02;5.0294057e-02;2.4750000e+02;7.0645913e-02;2.4750000e+02;9.4838567e-02;2.4750000e+02;1.2083967e-01;2.4750000e+02;1.4976040e-01;2.4750000e+02;1.7496076e-01;2.4750000e+02;1.9828892e-01;2.4750000e+02;2.1637598e-01;2.4750000e+02;2.2477067e-01;2.4750000e+02;2.1038504e-01;2.4750000e+02;1.7746976e-01;2.4750000e+02;1.3308682e-01;2.4750000e+02;8.7275445e-02;2.4750000e+02;4.5206010e-02;2.4750000e+02;4.7393376e-03;2.4750000e+02;9.5373113e-03;2.4750000e+02;1.9056981e-02;2.4750000e+02;3.2951105e-02;2.4750000e+02;5.0294057e-02;2.4750000e+02;7.0645913e-02;2.4750000e+02;9.4838567e-02;2.4750000e+02;1.2083967e-01;2.4750000e+02;1.4976040e-01;2.4750000e+02;1.7496076e-01;2.4750000e+02;1.9828892e-01;2.4750000e+02;2.1637598e-01;2.4750000e+02;2.2477067e-01;2.4750000e+02;2.1038504e-01;2.4750000e+02;1.7746976e-01;2.4750000e+02;1.3308682e-01;2.4750000e+02;8.7275445e-02;2.4750000e+02;4.5206010e-02;2.4750000e+02;4.7393376e-03;2.4750000e+02;9.5373113e-03;2.4750000e+02;1.9056981e-02;2.4750000e+02;3.2951105e-02;2.4750000e+02;5.0294057e-02;2.4750000e+02;7.0645913e-02;2.4750000e+02;9.4838567e-02;2.4750000e+02;1.2083967e-01;2.4750000e+02;1.4976040e-01;2.4750000e+02;1.7496076e-01;2.4750000e+02;1.9828892e-01;2.4750000e+02;2.1637598e-01;2.4750000e+02;2.2477067e-01;2.4750000e+02;2.1038504e-01;2.4750000e+02;1.7746976e-01;2.4750000e+02;1.3308682e-01;2.4750000e+02;8.7275445e-02;2.4750000e+02;4.5206010e-02;2.4750000e+02;4.7393376e-03;2.4750000e+02;9.5373113e-03;2.4750000e+02;1.9056981e-02;2.4750000e+02;3.2951105e-02;2.4750000e+02;5.0294057e-02;2.4750000e+02;7.0645913e-02;2.4750000e+02;9.4838567e-02;2.4750000e+02;1.2083967e-01;2.4750000e+02;1.4976040e-01;2.4750000e+02;1.7496076e-01;2.4750000e+02;1.9828892e-01;2.4750000e+02;2.1637598e-01;2.4750000e+02;2.2477067e-01;2.4750000e+02;2.1038504e-01;2.4750000e+02;1.7746976e-01;2.4750000e+02;1.3308682e-01;2.4750000e+02;8.7275445e-02;2.4750000e+02;4.5206010e-02;2.4750000e+02;4.7393376e-03;2.4750000e+02;9.5373113e-03;2.4750000e+02;1.9056981e-02;2.4750000e+02;3.2951105e-02;2.4750000e+02;5.0294057e-02;2.4750000e+02;7.0645913e-02;2.4750000e+02;9.4838567e-02;2.4750000e+02;1.2083967e-01;2.4750000e+02;1.4976040e-01;2.4750000e+02;1.7496076e-01;2.4750000e+02;1.9828892e-01;2.4750000e+02;2.1637598e-01;2.4750000e+02;2.2477067e-01;2.4750000e+02;2.1038504e-01;2.4750000e+02;1.7746976e-01;2.4750000e+02;1.3308682e-01;2.4750000e+02;8.7275445e-02;2.4750000e+02;4.5206010e-02;2.4750000e+02;4.7393376e-03;2.4750000e+02;9.5373113e-03;2.4750000e+02;1.9056981e-02;2.4750000e+02;3.2951105e-02;2.4750000e+02;5.0294057e-02;2.4750000e+02;7.0645913e-02;2.4750000e+02;9.4838567e-02;2.4750000e+02;1.2083967e-01;2.4750000e+02;1.4976040e-01;2.4750000e+02;1.7496076e-01;2.4750000e+02;1.9828892e-01;2.4750000e+02;2.1637598e-01;2.4750000e+02;2.2477067e-01;2.4750000e+02;2.1038504e-01;2.4750000e+02;1.7746976e-01;2.4750000e+02;1.3308682e-01;2.4750000e+02;8.7275445e-02;2.4750000e+02;4.5206010e-02;2.4750000e+02;4.7393376e-03;2.4750000e+02;9.5373113e-03;2.4750000e+02;1.9056981e-02;2.4750000e+02;3.2951105e-02;2.4750000e+02;5.0294057e-02;2.4750000e+02;7.0645913e-02;2.4750000e+02;9.4838567e-02;2.4750000e+02;1.2083967e-01;2.4750000e+02;1.4976040e-01;2.4750000e+02;1.7496076e-01;2.4750000e+02;1.9828892e-01;2.4750000e+02;2.1637598e-01;2.4750000e+02;2.2477067e-01;2.4750000e+02;2.1038504e-01;2.4750000e+02;1.7746976e-01;2.4750000e+02;1.3308682e-01;2.4750000e+02;8.7275445e-02;2.4750000e+02;4.5206010e-02;2.4750000e+02;4.7393376e-03;2.4750000e+02;9.5373113e-03;2.4750000e+02;1.9056981e-02;2.4750000e+02;3.2951105e-02;2.4750000e+02;5.0294057e-02;2.4750000e+02;7.0645913e-02;2.4750000e+02;9.4838567e-02;2.4750000e+02;1.2083967e-01;2.4750000e+02;1.4976040e-01;2.4750000e+02;1.7496076e-01;2.4750000e+02;1.9828892e-01;2.4750000e+02;2.1637598e-01;2.4750000e+02;2.2477067e-01;2.4750000e+02;2.1038504e-01;2.4750000e+02;1.7746976e-01;2.4750000e+02;1.3308682e-01;2.4750000e+02;8.7275445e-02;2.4750000e+02;4.5206010e-02;2.4750000e+02;4.7393376e-03;2.4750000e+02;9.5373113e-03;2.4750000e+02;1.9056981e-02;2.4750000e+02;3.2951105e-02;2.4750000e+02;5.0294057e-02;2.4750000e+02;7.0645913e-02;2.4750000e+02;9.4838567e-02;2.4750000e+02;1.2083967e-01;2.4750000e+02;1.4976040e-01;2.4750000e+02;1.7496076e-01;2.4750000e+02;1.9828892e-01;2.4750000e+02;2.1637598e-01;2.4750000e+02;2.2477067e-01;2.4750000e+02;2.1038504e-01;2.4750000e+02;1.7746976e-01;2.4750000e+02;1.3308682e-01;2.4750000e+02;8.7275445e-02;2.4750000e+02;4.5206010e-02;2.4750000e+02;4.7393376e-03;2.4750000e+02;9.5373113e-03;2.4750000e+02;1.9056981e-02;2.4750000e+02;3.2951105e-02;2.4750000e+02;5.0294057e-02;2.4750000e+02;7.0645913e-02;2.4750000e+02;9.4838567e-02;2.4750000e+02;1.2083967e-01;2.4750000e+02;1.4976040e-01;2.4750000e+02;1.7496076e-01;2.4750000e+02;1.9828892e-01;2.4750000e+02;2.1637598e-01;2.4750000e+02;2.2477067e-01;2.4750000e+02;2.1038504e-01;2.4750000e+02;1.7746976e-01;2.4750000e+02;1.3308682e-01;2.4750000e+02;8.7275445e-02;2.4750000e+02;4.5206010e-02;2.4750000e+02;4.7393376e-03;2.4750000e+02;9.5373113e-03;2.4750000e+02;1.9056981e-02;2.4750000e+02;3.2951105e-02;2.4750000e+02;5.0294057e-02;2.4750000e+02;7.0645913e-02;2.4750000e+02;9.4838567e-02;2.4750000e+02;1.2083967e-01;2.4750000e+02;1.4976040e-01;2.4750000e+02;1.7496076e-01;2.4750000e+02;1.9828892e-01;2.4750000e+02;2.1637598e-01;2.4750000e+02;2.2477067e-01;2.4750000e+02;2.1038504e-01;2.4750000e+02;1.7746976e-01;2.4750000e+02;1.3308682e-01;2.4750000e+02;8.7275445e-02;2.4750000e+02;4.5206010e-02;2.4750000e+02;4.7393376e-03;2.4750000e+02;9.5373113e-03;2.4750000e+02;1.9056981e-02;2.4750000e+02;3.2951105e-02;2.4750000e+02;5.0294057e-02;2.4750000e+02;7.0645913e-02;2.4750000e+02;9.4838567e-02;2.4750000e+02;1.2083967e-01;2.4750000e+02;1.4976040e-01;2.4750000e+02;1.7496076e-01;2.4750000e+02;1.9828892e-01;2.4750000e+02;2.1637598e-01;2.4750000e+02;2.2477067e-01;2.4750000e+02;2.1038504e-01;2.4750000e+02;1.7746976e-01;2.4750000e+02;1.3308682e-01;2.4750000e+02;8.7275445e-02;2.4750000e+02;4.5206010e-02;2.4750000e+02;4.7393376e-03;2.4750000e+02;9.5373113e-03;2.4750000e+02;1.9056981e-02;2.4750000e+02;3.2951105e-02;2.4750000e+02;5.0294057e-02;2.4750000e+02;7.0645913e-02;2.4750000e+02;9.4838567e-02;2.4750000e+02;1.2083967e-01;2.4750000e+02;1.4976040e-01;2.4750000e+02;1.7496076e-01;2.4750000e+02;1.9828892e-01;2.4750000e+02;2.1637598e-01;2.4750000e+02;2.2477067e-01;2.4750000e+02;2.1038504e-01;2.4750000e+02;1.7746976e-01;2.4750000e+02;1.3308682e-01;2.4750000e+02;8.7275445e-02;2.4750000e+02;4.5206010e-02;2.4750000e+02;4.7393376e-03;2.4750000e+02;9.5373113e-03;2.4750000e+02;1.9056981e-02;2.4750000e+02;3.2951105e-02;2.4750000e+02;5.0294057e-02;2.4750000e+02;7.0645913e-02;2.4750000e+02;9.4838567e-02;2.4750000e+02;1.2083967e-01;2.4750000e+02;1.4976040e-01;2.4750000e+02;1.7496076e-01;2.4750000e+02;1.9828892e-01;2.4750000e+02;2.1637598e-01;2.4750000e+02;2.2477067e-01;2.4750000e+02;2.1038504e-01;2.4750000e+02;1.7746976e-01;2.4750000e+02;1.3308682e-01;2.4750000e+02;8.7275445e-02;2.4750000e+02;4.5206010e-02;2.4750000e+02;4.7393376e-03;2.4750000e+02;9.5373113e-03;2.4750000e+02;1.9056981e-02;2.4750000e+02;3.2951105e-02;2.4750000e+02;5.0294057e-02;2.4750000e+02;7.0645913e-02;2.4750000e+02;9.4838567e-02;2.4750000e+02;1.2083967e-01;2.4750000e+02;1.4976040e-01;2.4750000e+02;1.7496076e-01;2.4750000e+02;1.9828892e-01;2.4750000e+02;2.1637598e-01;2.4750000e+02;2.2477067e-01;2.4750000e+02;2.1038504e-01;2.4750000e+02;1.7746976e-01;2.4750000e+02;1.3308682e-01;2.4750000e+02;8.7275445e-02;2.4750000e+02;4.5206010e-02;2.4750000e+02;4.7393376e-03;2.4750000e+02;9.5373113e-03;2.4750000e+02;1.9056981e-02;2.4750000e+02;3.2951105e-02;2.4750000e+02;5.0294057e-02;2.4750000e+02;7.0645913e-02;2.4750000e+02;9.4838567e-02;2.4750000e+02;1.2083967e-01;2.4750000e+02;1.4976040e-01;2.4750000e+02;1.7496076e-01;2.4750000e+02;1.9828892e-01;2.4750000e+02;2.1637598e-01;2.4750000e+02;2.2477067e-01;2.4750000e+02;2.1038504e-01;2.4750000e+02;1.7746976e-01;2.4750000e+02;1.3308682e-01;2.4750000e+02;8.7275445e-02;2.4750000e+02;4.5206010e-02;2.4750000e+02;4.7393376e-03;2.4750000e+02;9.5373113e-03;2.4750000e+02;1.9056981e-02;2.4750000e+02;3.2951105e-02;2.4750000e+02;5.0294057e-02;2.4750000e+02;7.0645913e-02;2.4750000e+02;9.4838567e-02;2.4750000e+02;1.2083967e-01;2.4750000e+02;1.4976040e-01;2.4750000e+02;1.7496076e-01;2.4750000e+02;1.9828892e-01;2.4750000e+02;2.1637598e-01;2.4750000e+02;2.2477067e-01;2.4750000e+02;2.1038504e-01;2.4750000e+02;1.7746976e-01;2.4750000e+02;1.3308682e-01;2.4750000e+02;8.7275445e-02;2.4750000e+02;4.5206010e-02;2.4750000e+02;4.7393376e-03;2.4750000e+02;9.5373113e-03;2.4750000e+02;1.9056981e-02;2.4750000e+02;3.2951105e-02;2.4750000e+02;5.0294057e-02;2.4750000e+02;7.0645913e-02;2.4750000e+02;9.4838567e-02;2.4750000e+02;1.2083967e-01;2.4750000e+02;1.4976040e-01;2.4750000e+02;1.7496076e-01;2.4750000e+02;1.9828892e-01;2.4750000e+02;2.1637598e-01;2.4750000e+02;2.2477067e-01;2.4750000e+02;2.1038504e-01;2.4750000e+02;1.7746976e-01;2.4750000e+02;1.3308682e-01;2.4750000e+02;8.7275445e-02;2.4750000e+02;4.5206010e-02;2.4750000e+02;4.7393376e-03;2.4750000e+02;9.5373113e-03;2.4750000e+02;1.9056981e-02;2.4750000e+02;3.2951105e-02;2.4750000e+02;5.0294057e-02;2.4750000e+02;7.0645913e-02;2.4750000e+02;9.4838567e-02;2.4750000e+02;1.2083967e-01;2.4750000e+02;1.4976040e-01;2.4750000e+02;1.7496076e-01;2.4750000e+02;1.9828892e-01;2.4750000e+02;2.1637598e-01;2.4750000e+02;2.2477067e-01;2.4750000e+02;2.1038504e-01;2.4750000e+02;1.7746976e-01;2.4750000e+02;1.3308682e-01;2.4750000e+02;8.7275445e-02;2.4750000e+02;4.5206010e-02;2.4750000e+02;4.7393376e-03;2.4750000e+02;9.5373113e-03;2.4750000e+02;1.9056981e-02;2.4750000e+02;3.2951105e-02;2.4750000e+02;5.0294057e-02;2.4750000e+02;7.0645913e-02;2.4750000e+02;9.4838567e-02;2.4750000e+02;1.2083967e-01;2.4750000e+02;1.4976040e-01;2.4750000e+02;1.7496076e-01;2.4750000e+02;1.9828892e-01;2.4750000e+02;2.1637598e-01;2.4750000e+02;2.2477067e-01;2.4750000e+02;2.1038504e-01;2.4750000e+02;1.7746976e-01;2.4750000e+02;1.3308682e-01;2.4750000e+02;8.7275445e-02;2.4750000e+02;4.5206010e-02;2.4750000e+02;4.7393376e-03;2.4750000e+02;9.5373113e-03;2.4750000e+02;1.9056981e-02;2.4750000e+02;3.2951105e-02;2.4750000e+02;5.0294057e-02;2.4750000e+02;7.0645913e-02;2.4750000e+02;9.4838567e-02;2.4750000e+02;1.2083967e-01;2.4750000e+02;1.4976040e-01;2.4750000e+02;1.7496076e-01;2.4750000e+02;1.9828892e-01;2.4750000e+02;2.1637598e-01;2.4750000e+02;2.2477067e-01;2.4750000e+02;2.1038504e-01;2.4750000e+02;1.7746976e-01;2.4750000e+02;1.3308682e-01;2.4750000e+02;8.7275445e-02;2.4750000e+02;4.5206010e-02;2.4750000e+02;4.7393376e-03;2.4750000e+02;9.5373113e-03;2.4750000e+02;1.9056981e-02;2.4750000e+02;3.2951105e-02;2.4750000e+02;5.0294057e-02;2.4750000e+02;7.0645913e-02;2.4750000e+02;9.4838567e-02;2.4750000e+02;1.2083967e-01;2.4750000e+02;1.4976040e-01;2.4750000e+02;1.7496076e-01;2.4750000e+02;1.9828892e-01;2.4750000e+02;2.1637598e-01;2.4750000e+02;2.2477067e-01;2.4750000e+02;2.1038504e-01;2.4750000e+02;1.7746976e-01;2.4750000e+02;1.3308682e-01;2.4750000e+02;8.7275445e-02;2.4750000e+02;4.5206010e-02;2.4750000e+02;4.7393376e-03;2.4750000e+02;9.5373113e-03;2.4750000e+02;1.9056981e-02;2.4750000e+02;3.2951105e-02;2.4750000e+02;5.0294057e-02;2.4750000e+02;7.0645913e-02;2.4750000e+02;9.4838567e-02;2.4750000e+02;1.2083967e-01;2.4750000e+02;1.4976040e-01;2.4750000e+02;1.7496076e-01;2.4750000e+02;1.9828892e-01;2.4750000e+02;2.1637598e-01;2.4750000e+02;2.2477067e-01;2.4750000e+02;2.1038504e-01;2.4750000e+02;1.7746976e-01;2.4750000e+02;1.3308682e-01;2.4750000e+02;8.7275445e-02;2.4750000e+02;4.5206010e-02;2.4750000e+02;4.7393376e-03;2.4750000e+02;9.5373113e-03;2.4750000e+02;1.9056981e-02;2.4750000e+02;3.2951105e-02;2.4750000e+02;5.0294057e-02;2.4750000e+02;7.0645913e-02;2.4750000e+02;9.4838567e-02;2.4750000e+02;1.2083967e-01;2.4750000e+02;1.4976040e-01;2.4750000e+02;1.7496076e-01;2.4750000e+02;1.9828892e-01;2.4750000e+02;2.1637598e-01;2.4750000e+02;2.2477067e-01;2.4750000e+02;2.1038504e-01;2.4750000e+02;1.7746976e-01;2.4750000e+02;1.3308682e-01;2.4750000e+02;8.7275445e-02;2.4750000e+02;4.5206010e-02;2.4750000e+02;4.7393376e-03;2.4750000e+02;9.5373113e-03;2.4750000e+02;1.9056981e-02;2.4750000e+02;3.2951105e-02;2.4750000e+02;5.0294057e-02;2.4750000e+02;7.0645913e-02;2.4750000e+02;9.4838567e-02;2.4750000e+02;1.2083967e-01;2.4750000e+02;1.4976040e-01;2.4750000e+02;1.7496076e-01;2.4750000e+02;1.9828892e-01;2.4750000e+02;2.1637598e-01;2.4750000e+02;2.2477067e-01;2.4750000e+02;2.1038504e-01;2.4750000e+02;1.7746976e-01;2.4750000e+02;1.3308682e-01;2.4750000e+02;8.7275445e-02;2.4750000e+02;4.5206010e-02;2.4750000e+02;4.7393376e-03;2.4750000e+02;9.5373113e-03;2.4750000e+02;1.9056981e-02;2.4750000e+02;3.2951105e-02;2.4750000e+02;5.0294057e-02;2.4750000e+02;7.0645913e-02;2.4750000e+02;9.4838567e-02;2.4750000e+02;1.2083967e-01;2.4750000e+02;1.4976040e-01;2.4750000e+02;1.7496076e-01;2.4750000e+02;1.9828892e-01;2.4750000e+02;2.1637598e-01;2.4750000e+02;2.2477067e-01;2.4750000e+02;2.1038504e-01;2.4750000e+02;1.7746976e-01;2.4750000e+02;1.3308682e-01;2.4750000e+02;8.7275445e-02;2.4750000e+02;4.5206010e-02;2.4750000e+02;4.7393376e-03;2.4750000e+02;9.5373113e-03;2.4750000e+02;1.9056981e-02;2.4750000e+02;3.2951105e-02;2.4750000e+02;5.0294057e-02;2.4750000e+02;7.0645913e-02;2.4750000e+02;9.4838567e-02;2.4750000e+02;1.2083967e-01;2.4750000e+02;1.4976040e-01;2.4750000e+02;1.7496076e-01;2.4750000e+02;1.9828892e-01;2.4750000e+02;2.1637598e-01;2.4750000e+02;2.2477067e-01;2.4750000e+02;2.1038504e-01;2.4750000e+02;1.7746976e-01;2.4750000e+02;1.3308682e-01;2.4750000e+02;8.7275445e-02;2.4750000e+02;4.5206010e-02;2.4750000e+02;4.7393376e-03;2.4750000e+02;9.5373113e-03;2.4750000e+02;1.9056981e-02;2.4750000e+02;3.2951105e-02;2.4750000e+02;5.0294057e-02;2.4750000e+02;7.0645913e-02;2.4750000e+02;9.4838567e-02;2.4750000e+02;1.2083967e-01;2.4750000e+02;1.4976040e-01;2.4750000e+02;1.7496076e-01;2.4750000e+02;1.9828892e-01;2.4750000e+02;2.1637598e-01;2.4750000e+02;2.2477067e-01;2.4750000e+02;2.1038504e-01;2.4750000e+02;1.7746976e-01;2.4750000e+02;1.3308682e-01;2.4750000e+02;8.7275445e-02;2.4750000e+02;4.5206010e-02;2.4750000e+02;4.7393376e-03;2.4750000e+02;9.5373113e-03;2.4750000e+02;1.9056981e-02;2.4750000e+02;3.2951105e-02;2.4750000e+02;5.0294057e-02;2.4750000e+02;7.0645913e-02;2.4750000e+02;9.4838567e-02;2.4750000e+02;1.2083967e-01;2.4750000e+02;1.4976040e-01;2.4750000e+02;1.7496076e-01;2.4750000e+02;1.9828892e-01;2.4750000e+02;2.1637598e-01;2.4750000e+02;2.2477067e-01;2.4750000e+02;2.1038504e-01;2.4750000e+02;1.7746976e-01;2.4750000e+02;1.3308682e-01;2.4750000e+02;8.7275445e-02;2.4750000e+02;4.5206010e-02;2.4750000e+02;4.7393376e-03;2.4750000e+02;9.5373113e-03;2.4750000e+02;1.9056981e-02;2.4750000e+02;3.2951105e-02;2.4750000e+02;5.0294057e-02;2.4750000e+02;7.0645913e-02;2.4750000e+02;9.4838567e-02;2.4750000e+02;1.2083967e-01;2.4750000e+02;1.4976040e-01;2.4750000e+02;1.7496076e-01;2.4750000e+02;1.9828892e-01;2.4750000e+02;2.1637598e-01;2.4750000e+02;2.2477067e-01;2.4750000e+02;2.1038504e-01;2.4750000e+02;1.7746976e-01;2.4750000e+02;1.3308682e-01;2.4750000e+02;8.7275445e-02;2.4750000e+02;4.5206010e-02;2.4750000e+02;4.7393376e-03;2.4750000e+02;9.5373113e-03;2.4750000e+02;1.9056981e-02;2.4750000e+02;3.2951105e-02;2.4750000e+02;5.0294057e-02;2.4750000e+02;7.0645913e-02;2.4750000e+02;9.4838567e-02;2.4750000e+02;1.2083967e-01;2.4750000e+02;1.4976040e-01;2.4750000e+02;1.7496076e-01;2.4750000e+02;1.9828892e-01;2.4750000e+02;2.1637598e-01;2.4750000e+02;2.2477067e-01;2.4750000e+02;2.1038504e-01;2.4750000e+02;1.7746976e-01;2.4750000e+02;1.3308682e-01;2.4750000e+02;8.7275445e-02;2.4750000e+02;4.5206010e-02;2.4750000e+02;4.7393376e-03;2.4750000e+02;9.5373113e-03;2.4750000e+02;1.9056981e-02;2.4750000e+02;3.2951105e-02;2.4750000e+02;5.0294057e-02;2.4750000e+02;7.0645913e-02;2.4750000e+02;9.4838567e-02;2.4750000e+02;1.2083967e-01;2.4750000e+02;1.4976040e-01;2.4750000e+02;1.7496076e-01;2.4750000e+02;1.9828892e-01;2.4750000e+02;2.1637598e-01;2.4750000e+02;2.2477067e-01;2.4750000e+02;2.1038504e-01;2.4750000e+02;1.7746976e-01;2.4750000e+02;1.3308682e-01;2.4750000e+02;8.7275445e-02;2.4750000e+02;4.5206010e-02;2.4750000e+02;4.7393376e-03;2.4750000e+02;9.5373113e-03;2.4750000e+02;1.9056981e-02;2.4750000e+02;3.2951105e-02;2.4750000e+02;5.0294057e-02;2.4750000e+02;7.0645913e-02;2.4750000e+02;9.4838567e-02;2.4750000e+02;1.2083967e-01;2.4750000e+02;1.4976040e-01;2.4750000e+02;1.7496076e-01;2.4750000e+02;1.9828892e-01;2.4750000e+02;2.1637598e-01;2.4750000e+02;2.2477067e-01;2.4750000e+02;2.1038504e-01;2.4750000e+02;1.7746976e-01;2.4750000e+02;1.3308682e-01;2.4750000e+02;8.7275445e-02;2.4750000e+02;4.5206010e-02;2.4750000e+02;4.7393376e-03;2.4750000e+02;9.5373113e-03;2.4750000e+02;1.9056981e-02;2.4750000e+02;3.2951105e-02;2.4750000e+02;5.0294057e-02;2.4750000e+02;7.0645913e-02;2.4750000e+02;9.4838567e-02;2.4750000e+02;1.2083967e-01;2.4750000e+02;1.4976040e-01;2.4750000e+02;1.7496076e-01;2.4750000e+02;1.9828892e-01;2.4750000e+02;2.1637598e-01;2.4750000e+02;2.2477067e-01;2.4750000e+02;2.1038504e-01;2.4750000e+02;1.7746976e-01;2.4750000e+02;1.3308682e-01;2.4750000e+02;8.7275445e-02;2.4750000e+02;4.5206010e-02;2.4750000e+02;4.7393376e-03;2.4750000e+02;9.5373113e-03;2.4750000e+02;1.9056981e-02;2.4750000e+02;3.2951105e-02;2.4750000e+02;5.0294057e-02;2.4750000e+02;7.0645913e-02;2.4750000e+02;9.4838567e-02;2.4750000e+02;1.2083967e-01;2.4750000e+02;1.4976040e-01;2.4750000e+02;1.7496076e-01;2.4750000e+02;1.9828892e-01;2.4750000e+02;2.1637598e-01;2.4750000e+02;2.2477067e-01;2.4750000e+02;2.1038504e-01;2.4750000e+02;1.7746976e-01;2.4750000e+02;1.3308682e-01;2.4750000e+02;8.7275445e-02;2.4750000e+02;4.5206010e-02;2.4750000e+02;4.7393376e-03;2.4750000e+02;9.5373113e-03;2.4750000e+02;1.9056981e-02;2.4750000e+02;3.2951105e-02;2.4750000e+02;5.0294057e-02;2.4750000e+02;7.0645913e-02;2.4750000e+02;9.4838567e-02;2.4750000e+02;1.2083967e-01;2.4750000e+02;1.4976040e-01;2.4750000e+02;1.7496076e-01;2.4750000e+02;1.9828892e-01;2.4750000e+02;2.1637598e-01;2.4750000e+02;2.2477067e-01;2.4750000e+02;2.1038504e-01;2.4750000e+02;1.7746976e-01;2.4750000e+02;1.3308682e-01;2.4750000e+02;8.7275445e-02;2.4750000e+02;4.5206010e-02;2.4750000e+02;4.7393376e-03;2.4750000e+02;9.5373113e-03;2.4750000e+02;1.9056981e-02;2.4750000e+02;3.2951105e-02;2.4750000e+02;5.0294057e-02;2.4750000e+02;7.0645913e-02;2.4750000e+02;9.4838567e-02;2.4750000e+02;1.2083967e-01;2.4750000e+02;1.4976040e-01;2.4750000e+02;1.7496076e-01;2.4750000e+02;1.9828892e-01;2.4750000e+02;2.1637598e-01;2.4750000e+02;2.2477067e-01;2.4750000e+02;2.1038504e-01;2.4750000e+02;1.7746976e-01;2.4750000e+02;1.3308682e-01;2.4750000e+02;8.7275445e-02;2.4750000e+02;4.5206010e-02;2.4750000e+02;4.7393376e-03;2.4750000e+02;9.5373113e-03;2.4750000e+02;1.9056981e-02;2.4750000e+02;3.2951105e-02;2.4750000e+02;5.0294057e-02;2.4750000e+02;7.0645913e-02;2.4750000e+02;9.4838567e-02;2.4750000e+02;1.2083967e-01;2.4750000e+02;1.4976040e-01;2.4750000e+02;1.7496076e-01;2.4750000e+02;1.9828892e-01;2.4750000e+02;2.1637598e-01;2.4750000e+02;2.2477067e-01;2.4750000e+02;2.1038504e-01;2.4750000e+02;1.7746976e-01;2.4750000e+02;1.3308682e-01;2.4750000e+02;8.7275445e-02;2.4750000e+02;4.5206010e-02;2.4750000e+02;4.7393376e-03;2.4750000e+02;9.5373113e-03;2.4750000e+02;1.9056981e-02;2.4750000e+02;3.2951105e-02;2.4750000e+02;5.0294057e-02;2.4750000e+02;7.0645913e-02;2.4750000e+02;9.4838567e-02;2.4750000e+02;1.2083967e-01;2.4750000e+02;1.4976040e-01;2.4750000e+02;1.7496076e-01;2.4750000e+02;1.9828892e-01;2.4750000e+02;2.1637598e-01;2.4750000e+02;2.2477067e-01;2.4750000e+02;2.1038504e-01;2.4750000e+02;1.7746976e-01;2.4750000e+02;1.3308682e-01;2.4750000e+02;8.7275445e-02;2.4750000e+02;4.5206010e-02;2.4750000e+02;4.7393376e-03;2.4750000e+02;9.5373113e-03;2.4750000e+02;1.9056981e-02;2.4750000e+02;3.2951105e-02;2.4750000e+02;5.0294057e-02;2.4750000e+02;7.0645913e-02;2.4750000e+02;9.4838567e-02;2.4750000e+02;1.2083967e-01;2.4750000e+02;1.4976040e-01;2.4750000e+02;1.7496076e-01;2.4750000e+02;1.9828892e-01;2.4750000e+02;2.1637598e-01;2.4750000e+02;2.2477067e-01;2.4750000e+02;2.1038504e-01;2.4750000e+02;1.7746976e-01;2.4750000e+02;1.3308682e-01;2.4750000e+02;8.7275445e-02;2.4750000e+02;4.5206010e-02;2.4750000e+02;4.7393376e-03;2.4750000e+02;9.5373113e-03;2.4750000e+02;1.9056981e-02;2.4750000e+02;3.2951105e-02;2.4750000e+02;5.0294057e-02;2.4750000e+02;7.0645913e-02;2.4750000e+02;9.4838567e-02;2.4750000e+02;1.2083967e-01;2.4750000e+02;1.4976040e-01;2.4750000e+02;1.7496076e-01;2.4750000e+02;1.9828892e-01;2.4750000e+02;2.1637598e-01;2.4750000e+02;2.2477067e-01;2.4750000e+02;2.1038504e-01;2.4750000e+02;1.7746976e-01;2.4750000e+02;1.3308682e-01;2.4750000e+02;8.7275445e-02;2.4750000e+02;4.5206010e-02;2.4750000e+02;4.7393376e-03;2.4750000e+02;9.5373113e-03;2.4750000e+02;1.9056981e-02;2.4750000e+02;3.2951105e-02;2.4750000e+02;5.0294057e-02;2.4750000e+02;7.0645913e-02;2.4750000e+02;9.4838567e-02;2.4750000e+02;1.2083967e-01;2.4750000e+02;1.4976040e-01;2.4750000e+02;1.7496076e-01;2.4750000e+02;1.9828892e-01;2.4750000e+02;2.1637598e-01;2.4750000e+02;2.2477067e-01;2.4750000e+02;2.1038504e-01;2.4750000e+02;1.7746976e-01;2.4750000e+02;1.3308682e-01;2.4750000e+02;8.7275445e-02;2.4750000e+02;4.5206010e-02;2.4750000e+02;4.7393376e-03;2.4750000e+02;9.5373113e-03;2.4750000e+02;1.9056981e-02;2.4750000e+02;3.2951105e-02;2.4750000e+02;5.0294057e-02;2.4750000e+02;7.0645913e-02;2.4750000e+02;9.4838567e-02;2.4750000e+02;1.2083967e-01;2.4750000e+02;1.4976040e-01;2.4750000e+02;1.7496076e-01;2.4750000e+02;1.9828892e-01;2.4750000e+02;2.1637598e-01;2.4750000e+02;2.2477067e-01;2.4750000e+02;2.1038504e-01;2.4750000e+02;1.7746976e-01;2.4750000e+02;1.3308682e-01;2.4750000e+02;8.7275445e-02;2.4750000e+02;4.5206010e-02;2.4750000e+02;4.7393376e-03;2.4750000e+02;9.5373113e-03;2.4750000e+02;1.9056981e-02;2.4750000e+02;3.2951105e-02;2.4750000e+02;5.0294057e-02;2.4750000e+02;7.0645913e-02;2.4750000e+02;9.4838567e-02;2.4750000e+02;1.2083967e-01;2.4750000e+02;1.4976040e-01;2.4750000e+02;1.7496076e-01;2.4750000e+02;1.9828892e-01;2.4750000e+02;2.1637598e-01;2.4750000e+02;2.2477067e-01;2.4750000e+02;2.1038504e-01;2.4750000e+02;1.7746976e-01;2.4750000e+02;1.3308682e-01;2.4750000e+02;8.7275445e-02;2.4750000e+02;4.5206010e-02;2.4750000e+02;4.7393376e-03;2.4750000e+02;9.5373113e-03;2.4750000e+02;1.9056981e-02;2.4750000e+02;3.2951105e-02;2.4750000e+02;5.0294057e-02;2.4750000e+02;7.0645913e-02;2.4750000e+02;9.4838567e-02;2.4750000e+02;1.2083967e-01;2.4750000e+02;1.4976040e-01;2.4750000e+02;1.7496076e-01;2.4750000e+02;1.9828892e-01;2.4750000e+02;2.1637598e-01;2.4750000e+02;2.2477067e-01;2.4750000e+02;2.1038504e-01;2.4750000e+02;1.7746976e-01;2.4750000e+02;1.3308682e-01;2.4750000e+02;8.7275445e-02;2.4750000e+02;4.5206010e-02;2.4750000e+02;4.7393376e-03;2.4750000e+02;9.5373113e-03;2.4750000e+02;1.9056981e-02;2.4750000e+02;3.2951105e-02;2.4750000e+02;5.0294057e-02;2.4750000e+02;7.0645913e-02;2.4750000e+02;9.4838567e-02;2.4750000e+02;1.2083967e-01;2.4750000e+02;1.4976040e-01;2.4750000e+02;1.7496076e-01;2.4750000e+02;1.9828892e-01;2.4750000e+02;2.1637598e-01;2.4750000e+02;2.2477067e-01;2.4750000e+02;2.1038504e-01;2.4750000e+02;1.7746976e-01;2.4750000e+02;1.3308682e-01;2.4750000e+02;8.7275445e-02;2.4750000e+02;4.5206010e-02;2.4750000e+02;4.7393376e-03;2.4750000e+02;9.5373113e-03;2.4750000e+02;1.9056981e-02;2.4750000e+02;3.2951105e-02;2.4750000e+02;5.0294057e-02;2.4750000e+02;7.0645913e-02;2.4750000e+02;9.4838567e-02;2.4750000e+02;1.2083967e-01;2.4750000e+02;1.4976040e-01;2.4750000e+02;1.7496076e-01;2.4750000e+02;1.9828892e-01;2.4750000e+02;2.1637598e-01;2.4750000e+02;2.2477067e-01;2.4750000e+02;2.1038504e-01;2.4750000e+02;1.7746976e-01;2.4750000e+02;1.3308682e-01;2.4750000e+02;8.7275445e-02;2.4750000e+02;4.5206010e-02;2.4750000e+02;4.7393376e-03;2.4750000e+02;9.5373113e-03;2.4750000e+02;1.9056981e-02;2.4750000e+02;3.2951105e-02;2.4750000e+02;5.0294057e-02;2.4750000e+02;7.0645913e-02;2.4750000e+02;9.4838567e-02;2.4750000e+02;1.2083967e-01;2.4750000e+02;1.4976040e-01;2.4750000e+02;1.7496076e-01;2.4750000e+02;1.9828892e-01;2.4750000e+02;2.1637598e-01;2.4750000e+02;2.2477067e-01;2.4750000e+02;2.1038504e-01;2.4750000e+02;1.7746976e-01;2.4750000e+02;1.3308682e-01;2.4750000e+02;8.7275445e-02;2.4750000e+02;4.5206010e-02;2.4750000e+02;4.7393376e-03;2.4750000e+02;9.5373113e-03;2.4750000e+02;1.9056981e-02;2.4750000e+02;3.2951105e-02;2.4750000e+02;5.0294057e-02;2.4750000e+02;7.0645913e-02;2.4750000e+02;9.4838567e-02;2.4750000e+02;1.2083967e-01;2.4750000e+02;1.4976040e-01;2.4750000e+02;1.7496076e-01;2.4750000e+02;1.9828892e-01;2.4750000e+02;2.1637598e-01;2.4750000e+02;2.2477067e-01;2.4750000e+02;2.1038504e-01;2.4750000e+02;1.7746976e-01;2.4750000e+02;1.3308682e-01;2.4750000e+02;8.7275445e-02;2.4750000e+02;4.5206010e-02;2.4750000e+02;4.7393376e-03;2.4750000e+02;9.5373113e-03;2.4750000e+02;1.9056981e-02;2.4750000e+02;3.2951105e-02;2.4750000e+02;5.0294057e-02;2.4750000e+02;7.0645913e-02;2.4750000e+02;9.4838567e-02;2.4750000e+02;1.2083967e-01;2.4750000e+02;1.4976040e-01;2.4750000e+02;1.7496076e-01;2.4750000e+02;1.9828892e-01;2.4750000e+02;2.1637598e-01;2.4750000e+02;2.2477067e-01;2.4750000e+02;2.1038504e-01;2.4750000e+02;1.7746976e-01;2.4750000e+02;1.3308682e-01;2.4750000e+02;8.7275445e-02;2.4750000e+02;4.5206010e-02;2.4750000e+02;4.7393376e-03;2.4750000e+02;9.5373113e-03;2.4750000e+02;1.9056981e-02;2.4750000e+02;3.2951105e-02;2.4750000e+02;5.0294057e-02;2.4750000e+02;7.0645913e-02;2.4750000e+02;9.4838567e-02;2.4750000e+02;1.2083967e-01;2.4750000e+02;1.4976040e-01;2.4750000e+02;1.7496076e-01;2.4750000e+02;1.9828892e-01;2.4750000e+02;2.1637598e-01;2.4750000e+02;2.2477067e-01;2.4750000e+02;2.1038504e-01;2.4750000e+02;1.7746976e-01;2.4750000e+02;1.3308682e-01;2.4750000e+02;8.7275445e-02;2.4750000e+02;4.5206010e-02;2.4750000e+02;4.7393376e-03;2.4750000e+02;9.5373113e-03;2.4750000e+02;1.9056981e-02;2.4750000e+02;3.2951105e-02;2.4750000e+02;5.0294057e-02;2.4750000e+02;7.0645913e-02;2.4750000e+02;9.4838567e-02;2.4750000e+02;1.2083967e-01;2.4750000e+02;1.4976040e-01;2.4750000e+02;1.7496076e-01;2.4750000e+02;1.9828892e-01;2.4750000e+02;2.1637598e-01;2.4750000e+02;2.2477067e-01;2.4750000e+02;2.1038504e-01;2.4750000e+02;1.7746976e-01;2.4750000e+02;1.3308682e-01;2.4750000e+02;8.7275445e-02;2.4750000e+02;4.5206010e-02;2.4750000e+02;4.7393376e-03;2.4750000e+02;9.5373113e-03;2.4750000e+02;1.9056981e-02;2.4750000e+02;3.2951105e-02;2.4750000e+02;5.0294057e-02;2.4750000e+02;7.0645913e-02;2.4750000e+02;9.4838567e-02;2.4750000e+02;1.2083967e-01;2.4750000e+02;1.4976040e-01;2.4750000e+02;1.7496076e-01;2.4750000e+02;1.9828892e-01;2.4750000e+02;2.1637598e-01;2.4750000e+02;2.2477067e-01;2.4750000e+02;2.1038504e-01;2.4750000e+02;1.7746976e-01;2.4750000e+02;1.3308682e-01;2.4750000e+02;8.7275445e-02;2.4750000e+02;4.5206010e-02;2.4750000e+02;4.7393376e-03;2.4750000e+02;9.5373113e-03;2.4750000e+02;1.9056981e-02;2.4750000e+02;3.2951105e-02;2.4750000e+02;5.0294057e-02;2.4750000e+02;7.0645913e-02;2.4750000e+02;9.4838567e-02;2.4750000e+02;1.2083967e-01;2.4750000e+02;1.4976040e-01;2.4750000e+02;1.7496076e-01;2.4750000e+02;1.9828892e-01;2.4750000e+02;2.1637598e-01;2.4750000e+02;2.2477067e-01;2.4750000e+02;2.1038504e-01;2.4750000e+02;1.7746976e-01;2.4750000e+02;1.3308682e-01;2.4750000e+02;8.7275445e-02;2.4750000e+02;4.5206010e-02;2.4750000e+02;4.7393376e-03;2.4750000e+02;9.5373113e-03;2.4750000e+02;1.9056981e-02;2.4750000e+02;3.2951105e-02;2.4750000e+02;5.0294057e-02;2.4750000e+02;7.0645913e-02;2.4750000e+02;9.4838567e-02;2.4750000e+02;1.2083967e-01;2.4750000e+02;1.4976040e-01;2.4750000e+02;1.7496076e-01;2.4750000e+02;1.9828892e-01;2.4750000e+02;2.1637598e-01;2.4750000e+02;2.2477067e-01;2.4750000e+02;2.1038504e-01;2.4750000e+02;1.7746976e-01;2.4750000e+02;1.3308682e-01;2.4750000e+02;8.7275445e-02;2.4750000e+02;4.5206010e-02;2.4750000e+02;4.7393376e-03;2.4750000e+02;9.5373113e-03;2.4750000e+02;1.9056981e-02;2.4750000e+02;3.2951105e-02;2.4750000e+02;5.0294057e-02;2.4750000e+02;7.0645913e-02;2.4750000e+02;9.4838567e-02;2.4750000e+02;1.2083967e-01;2.4750000e+02;1.4976040e-01;2.4750000e+02;1.7496076e-01;2.4750000e+02;1.9828892e-01;2.4750000e+02;2.1637598e-01;2.4750000e+02;2.2477067e-01;2.4750000e+02;2.1038504e-01;2.4750000e+02;1.7746976e-01;2.4750000e+02;1.3308682e-01;2.4750000e+02;8.7275445e-02;2.4750000e+02;4.5206010e-02;2.4750000e+02;4.7393376e-03;2.4750000e+02;9.5373113e-03;2.4750000e+02;1.9056981e-02;2.4750000e+02;3.2951105e-02;2.4750000e+02;5.0294057e-02;2.4750000e+02;7.0645913e-02;2.4750000e+02;9.4838567e-02;2.4750000e+02;1.2083967e-01;2.4750000e+02;1.4976040e-01;2.4750000e+02;1.7496076e-01;2.4750000e+02;1.9828892e-01;2.4750000e+02;2.1637598e-01;2.4750000e+02;2.2477067e-01;2.4750000e+02;2.1038504e-01;2.4750000e+02;1.7746976e-01;2.4750000e+02;1.3308682e-01;2.4750000e+02;8.7275445e-02;2.4750000e+02;4.5206010e-02;2.4750000e+02;4.7393376e-03;2.4750000e+02;9.5373113e-03;2.4750000e+02;1.9056981e-02;2.4750000e+02;3.2951105e-02;2.4750000e+02;5.0294057e-02;2.4750000e+02;7.0645913e-02;2.4750000e+02;9.4838567e-02;2.4750000e+02;1.2083967e-01;2.4750000e+02;1.4976040e-01;2.4750000e+02;1.7496076e-01;2.4750000e+02;1.9828892e-01;2.4750000e+02;2.1637598e-01;2.4750000e+02;2.2477067e-01;2.4750000e+02;2.1038504e-01;2.4750000e+02;1.7746976e-01;2.4750000e+02;1.3308682e-01;2.4750000e+02;8.7275445e-02;2.4750000e+02;4.5206010e-02;2.4750000e+02;4.7393376e-03;2.4750000e+02;9.5373113e-03;2.4750000e+02;1.9056981e-02;2.4750000e+02;3.2951105e-02;2.4750000e+02;5.0294057e-02;2.4750000e+02;7.0645913e-02;2.4750000e+02;9.4838567e-02;2.4750000e+02;1.2083967e-01;2.4750000e+02;1.4976040e-01;2.4750000e+02;1.7496076e-01;2.4750000e+02;1.9828892e-01;2.4750000e+02;2.1637598e-01;2.4750000e+02;2.2477067e-01;2.4750000e+02;2.1038504e-01;2.4750000e+02;1.7746976e-01;2.4750000e+02;1.3308682e-01;2.4750000e+02;8.7275445e-02;2.4750000e+02;4.5206010e-02;2.4750000e+02;4.7393376e-03;2.4750000e+02;9.5373113e-03;2.4750000e+02;1.9056981e-02;2.4750000e+02;3.2951105e-02;2.4750000e+02;5.0294057e-02;2.4750000e+02;7.0645913e-02;2.4750000e+02;9.4838567e-02;2.4750000e+02;1.2083967e-01;2.4750000e+02;1.4976040e-01;2.4750000e+02;1.7496076e-01;2.4750000e+02;1.9828892e-01;2.4750000e+02;2.1637598e-01;2.4750000e+02;2.2477067e-01;2.4750000e+02;2.1038504e-01;2.4750000e+02;1.7746976e-01;2.4750000e+02;1.3308682e-01;2.4750000e+02;8.7275445e-02;2.4750000e+02;4.5206010e-02;2.4750000e+02;4.7393376e-03;2.4750000e+02;9.5373113e-03;2.4750000e+02;1.9056981e-02;2.4750000e+02;3.2951105e-02;2.4750000e+02;5.0294057e-02;2.4750000e+02;7.0645913e-02;2.4750000e+02;9.4838567e-02;2.4750000e+02;1.2083967e-01;2.4750000e+02;1.4976040e-01;2.4750000e+02;1.7496076e-01;2.4750000e+02;1.9828892e-01;2.4750000e+02;2.1637598e-01;2.4750000e+02;2.2477067e-01;2.4750000e+02;2.1038504e-01;2.4750000e+02;1.7746976e-01;2.4750000e+02;1.3308682e-01;2.4750000e+02;8.7275445e-02;2.4750000e+02;4.5206010e-02;2.4750000e+02;4.7393376e-03;2.4750000e+02;9.5373113e-03;2.4750000e+02;1.9056981e-02;2.4750000e+02;3.2951105e-02;2.4750000e+02;5.0294057e-02;2.4750000e+02;7.0645913e-02;2.4750000e+02;9.4838567e-02;2.4750000e+02;1.2083967e-01;2.4750000e+02;1.4976040e-01;2.4750000e+02;1.7496076e-01;2.4750000e+02;1.9828892e-01;2.4750000e+02;2.1637598e-01;2.4750000e+02;2.2477067e-01;2.4750000e+02;2.1038504e-01;2.4750000e+02;1.7746976e-01;2.4750000e+02;1.3308682e-01;2.4750000e+02;8.7275445e-02;2.4750000e+02;4.5206010e-02;2.4750000e+02;4.7393376e-03;2.4750000e+02;9.5373113e-03;2.4750000e+02;1.9056981e-02;2.4750000e+02;3.2951105e-02;2.4750000e+02;5.0294057e-02;2.4750000e+02;7.0645913e-02;2.4750000e+02;9.4838567e-02;2.4750000e+02;1.2083967e-01;2.4750000e+02;1.4976040e-01;2.4750000e+02;1.7496076e-01;2.4750000e+02;1.9828892e-01;2.4750000e+02;2.1637598e-01;2.4750000e+02;2.2477067e-01;2.4750000e+02;2.1038504e-01;2.4750000e+02;1.7746976e-01;2.4750000e+02;1.3308682e-01;2.4750000e+02;8.7275445e-02;2.4750000e+02;4.5206010e-02;2.4750000e+02;4.7393376e-03;2.4750000e+02;9.5373113e-03;2.4750000e+02;1.9056981e-02;2.4750000e+02;3.2951105e-02;2.4750000e+02;5.0294057e-02;2.4750000e+02;7.0645913e-02;2.4750000e+02;9.4838567e-02;2.4750000e+02;1.2083967e-01;2.4750000e+02;1.4976040e-01;2.4750000e+02;1.7496076e-01;2.4750000e+02;1.9828892e-01;2.4750000e+02;2.1637598e-01;2.4750000e+02;2.2477067e-01;2.4750000e+02;2.1038504e-01;2.4750000e+02;1.7746976e-01;2.4750000e+02;1.3308682e-01;2.4750000e+02;8.7275445e-02;2.4750000e+02;4.5206010e-02;2.4750000e+02;4.7393376e-03;2.4750000e+02;9.5373113e-03;2.4750000e+02;1.9056981e-02;2.4750000e+02;3.2951105e-02;2.4750000e+02;5.0294057e-02;2.4750000e+02;7.0645913e-02;2.4750000e+02;9.4838567e-02;2.4750000e+02;1.2083967e-01;2.4750000e+02;1.4976040e-01;2.4750000e+02;1.7496076e-01;2.4750000e+02;1.9828892e-01;2.4750000e+02;2.1637598e-01;2.4750000e+02;2.2477067e-01;2.4750000e+02;2.1038504e-01;2.4750000e+02;1.7746976e-01;2.4750000e+02;1.3308682e-01;2.4750000e+02;8.7275445e-02;2.4750000e+02;4.5206010e-02;2.4750000e+02;4.7393376e-03;2.4750000e+02;9.5373113e-03;2.4750000e+02;1.9056981e-02;2.4750000e+02;3.2951105e-02;2.4750000e+02;5.0294057e-02;2.4750000e+02;7.0645913e-02;2.4750000e+02;9.4838567e-02;2.4750000e+02;1.2083967e-01;2.4750000e+02;1.4976040e-01;2.4750000e+02;1.7496076e-01;2.4750000e+02;1.9828892e-01;2.4750000e+02;2.1637598e-01;2.4750000e+02;2.2477067e-01;2.4750000e+02;2.1038504e-01;2.4750000e+02;1.7746976e-01;2.4750000e+02;1.3308682e-01;2.4750000e+02;8.7275445e-02;2.4750000e+02;4.5206010e-02;2.4750000e+02;4.7393376e-03;2.4750000e+02;9.5373113e-03;2.4750000e+02;1.9056981e-02;2.4750000e+02;3.2951105e-02;2.4750000e+02;5.0294057e-02;2.4750000e+02;7.0645913e-02;2.4750000e+02;9.4838567e-02;2.4750000e+02;1.2083967e-01;2.4750000e+02;1.4976040e-01;2.4750000e+02;1.7496076e-01;2.4750000e+02;1.9828892e-01;2.4750000e+02;2.1637598e-01;2.4750000e+02;2.2477067e-01;2.4750000e+02;2.1038504e-01;2.4750000e+02;1.7746976e-01;2.4750000e+02;1.3308682e-01;2.4750000e+02;8.7275445e-02;2.4750000e+02;4.5206010e-02;2.4750000e+02;4.7393376e-03;2.4750000e+02;9.5373113e-03;2.4750000e+02;1.9056981e-02;2.4750000e+02;3.2951105e-02;2.4750000e+02;5.0294057e-02;2.4750000e+02;7.0645913e-02;2.4750000e+02;9.4838567e-02;2.4750000e+02;1.2083967e-01;2.4750000e+02;1.4976040e-01;2.4750000e+02;1.7496076e-01;2.4750000e+02;1.9828892e-01;2.4750000e+02;2.1637598e-01;2.4750000e+02;2.2477067e-01;2.4750000e+02;2.1038504e-01;2.4750000e+02;1.7746976e-01;2.4750000e+02;1.3308682e-01;2.4750000e+02;8.7275445e-02;2.4750000e+02;4.5206010e-02;2.4750000e+02;4.7393376e-03;2.4750000e+02;9.5373113e-03;2.4750000e+02;1.9056981e-02;2.4750000e+02;3.2951105e-02;2.4750000e+02;5.0294057e-02;2.4750000e+02;7.0645913e-02;2.4750000e+02;9.4838567e-02;2.4750000e+02;1.2083967e-01;2.4750000e+02;1.4976040e-01;2.4750000e+02;1.7496076e-01;2.4750000e+02;1.9828892e-01;2.4750000e+02;2.1637598e-01;2.4750000e+02;2.2477067e-01;2.4750000e+02;2.1038504e-01;2.4750000e+02;1.7746976e-01;2.4750000e+02;1.3308682e-01;2.4750000e+02;8.7275445e-02;2.4750000e+02;4.5206010e-02;2.4750000e+02;4.7393376e-03;2.4750000e+02;9.5373113e-03;2.4750000e+02;1.9056981e-02;2.4750000e+02;3.2951105e-02;2.4750000e+02;5.0294057e-02;2.4750000e+02;7.0645913e-02;2.4750000e+02;9.4838567e-02;2.4750000e+02;1.2083967e-01;2.4750000e+02;1.4976040e-01;2.4750000e+02;1.7496076e-01;2.4750000e+02;1.9828892e-01;2.4750000e+02;2.1637598e-01;2.4750000e+02;2.2477067e-01;2.4750000e+02;2.1038504e-01;2.4750000e+02;1.7746976e-01;2.4750000e+02;1.3308682e-01;2.4750000e+02;8.7275445e-02;2.4750000e+02;4.5206010e-02;2.4750000e+02;4.7393376e-03;2.4750000e+02;9.5373113e-03;2.4750000e+02;1.9056981e-02;2.4750000e+02;3.2951105e-02;2.4750000e+02;5.0294057e-02;2.4750000e+02;7.0645913e-02;2.4750000e+02;9.4838567e-02;2.4750000e+02;1.2083967e-01;2.4750000e+02;1.4976040e-01;2.4750000e+02;1.7496076e-01;2.4750000e+02;1.9828892e-01;2.4750000e+02;2.1637598e-01;2.4750000e+02;2.2477067e-01;2.4750000e+02;2.1038504e-01;2.4750000e+02;1.7746976e-01;2.4750000e+02;1.3308682e-01;2.4750000e+02;8.7275445e-02;2.4750000e+02;4.5206010e-02;2.4750000e+02;4.7393376e-03;2.4750000e+02;9.5373113e-03;2.4750000e+02;1.9056981e-02;2.4750000e+02;3.2951105e-02;2.4750000e+02;5.0294057e-02;2.4750000e+02;7.0645913e-02;2.4750000e+02;9.4838567e-02;2.4750000e+02;1.2083967e-01;2.4750000e+02;1.4976040e-01;2.4750000e+02;1.7496076e-01;2.4750000e+02;1.9828892e-01;2.4750000e+02;2.1637598e-01;2.4750000e+02;2.2477067e-01;2.4750000e+02;2.1038504e-01;2.4750000e+02;1.7746976e-01;2.4750000e+02;1.3308682e-01;2.4750000e+02;8.7275445e-02;2.4750000e+02;4.5206010e-02;2.4750000e+02;4.7393376e-03;2.4750000e+02;9.5373113e-03;2.4750000e+02;1.9056981e-02;2.4750000e+02;3.2951105e-02;2.4750000e+02;5.0294057e-02;2.4750000e+02;7.0645913e-02;2.4750000e+02;9.4838567e-02;2.4750000e+02;1.2083967e-01;2.4750000e+02;1.4976040e-01;2.4750000e+02;1.7496076e-01;2.4750000e+02;1.9828892e-01;2.4750000e+02;2.1637598e-01;2.4750000e+02;2.2477067e-01;2.4750000e+02;2.1038504e-01;2.4750000e+02;1.7746976e-01;2.4750000e+02;1.3308682e-01;2.4750000e+02;8.7275445e-02;2.4750000e+02;4.5206010e-02;2.4750000e+02;4.7393376e-03;2.4750000e+02;9.5373113e-03;2.4750000e+02;1.9056981e-02;2.4750000e+02;3.2951105e-02;2.4750000e+02;5.0294057e-02;2.4750000e+02;7.0645913e-02;2.4750000e+02;9.4838567e-02;2.4750000e+02;1.2083967e-01;2.4750000e+02;1.4976040e-01;2.4750000e+02;1.7496076e-01;2.4750000e+02;1.9828892e-01;2.4750000e+02;2.1637598e-01;2.4750000e+02;2.2477067e-01;2.4750000e+02;2.1038504e-01;2.4750000e+02;1.7746976e-01;2.4750000e+02;1.3308682e-01;2.4750000e+02;8.7275445e-02;2.4750000e+02;4.5206010e-02;2.4750000e+02;4.7393376e-03;2.4750000e+02;9.5373113e-03;2.4750000e+02;1.9056981e-02;2.4750000e+02;3.2951105e-02;2.4750000e+02;5.0294057e-02;2.4750000e+02;7.0645913e-02;2.4750000e+02;9.4838567e-02;2.4750000e+02;1.2083967e-01;2.4750000e+02;1.4976040e-01;2.4750000e+02;1.7496076e-01;2.4750000e+02;1.9828892e-01;2.4750000e+02;2.1637598e-01;2.4750000e+02;2.2477067e-01;2.4750000e+02;2.1038504e-01;2.4750000e+02;1.7746976e-01;2.4750000e+02;1.3308682e-01;2.4750000e+02;8.7275445e-02;2.4750000e+02;4.5206010e-02;2.4750000e+02;4.7393376e-03;2.4750000e+02;9.5373113e-03;2.4750000e+02;1.9056981e-02;2.4750000e+02;3.2951105e-02;2.4750000e+02;5.0294057e-02;2.4750000e+02;7.0645913e-02;2.4750000e+02;9.4838567e-02;2.4750000e+02;1.2083967e-01;2.4750000e+02;1.4976040e-01;2.4750000e+02;1.7496076e-01;2.4750000e+02;1.9828892e-01;2.4750000e+02;2.1637598e-01;2.4750000e+02;2.2477067e-01;2.4750000e+02;2.1038504e-01;2.4750000e+02;1.7746976e-01;2.4750000e+02;1.3308682e-01;2.4750000e+02;8.7275445e-02;2.4750000e+02;4.5206010e-02;2.4750000e+02;4.7393376e-03;2.4750000e+02;9.5373113e-03;2.4750000e+02;1.9056981e-02;2.4750000e+02;3.2951105e-02;2.4750000e+02;5.0294057e-02;2.4750000e+02;7.0645913e-02;2.4750000e+02;9.4838567e-02;2.4750000e+02;1.2083967e-01;2.4750000e+02;1.4976040e-01;2.4750000e+02;1.7496076e-01;2.4750000e+02;1.9828892e-01;2.4750000e+02;2.1637598e-01;2.4750000e+02;2.2477067e-01;2.4750000e+02;2.1038504e-01;2.4750000e+02;1.7746976e-01;2.4750000e+02;1.3308682e-01;2.4750000e+02;8.7275445e-02;2.4750000e+02;4.5206010e-02;2.4750000e+02;4.7393376e-03;2.4750000e+02;9.5373113e-03;2.4750000e+02;1.9056981e-02;2.4750000e+02;3.2951105e-02;2.4750000e+02;5.0294057e-02;2.4750000e+02;7.0645913e-02;2.4750000e+02;9.4838567e-02;2.4750000e+02;1.2083967e-01;2.4750000e+02;1.4976040e-01;2.4750000e+02;1.7496076e-01;2.4750000e+02;1.9828892e-01;2.4750000e+02;2.1637598e-01;2.4750000e+02;2.2477067e-01;2.4750000e+02;2.1038504e-01;2.4750000e+02;1.7746976e-01;2.4750000e+02;1.3308682e-01;2.4750000e+02;8.7275445e-02;2.4750000e+02;4.5206010e-02;2.4750000e+02;4.7393376e-03;2.4750000e+02;9.5373113e-03;2.4750000e+02;1.9056981e-02;2.4750000e+02;3.2951105e-02;2.4750000e+02;5.0294057e-02;2.4750000e+02;7.0645913e-02;2.4750000e+02;9.4838567e-02;2.4750000e+02;1.2083967e-01;2.4750000e+02;1.4976040e-01;2.4750000e+02;1.7496076e-01;2.4750000e+02;1.9828892e-01;2.4750000e+02;2.1637598e-01;2.4750000e+02;2.2477067e-01;2.4750000e+02;2.1038504e-01;2.4750000e+02;1.7746976e-01;2.4750000e+02;1.3308682e-01;2.4750000e+02;8.7275445e-02;2.4750000e+02;4.5206010e-02;2.4750000e+02;4.7393376e-03;2.4750000e+02;9.5373113e-03;2.4750000e+02;1.9056981e-02;2.4750000e+02;3.2951105e-02;2.4750000e+02;5.0294057e-02;2.4750000e+02;7.0645913e-02;2.4750000e+02;9.4838567e-02;2.4750000e+02;1.2083967e-01;2.4750000e+02;1.4976040e-01;2.4750000e+02;1.7496076e-01;2.4750000e+02;1.9828892e-01;2.4750000e+02;2.1637598e-01;2.4750000e+02;2.2477067e-01;2.4750000e+02;2.1038504e-01;2.4750000e+02;1.7746976e-01;2.4750000e+02;1.3308682e-01;2.4750000e+02;8.7275445e-02;2.4750000e+02;4.5206010e-02;2.4750000e+02;4.7393376e-03;2.4750000e+02;9.5373113e-03;2.4750000e+02;1.9056981e-02;2.4750000e+02;3.2951105e-02;2.4750000e+02;5.0294057e-02;2.4750000e+02;7.0645913e-02;2.4750000e+02;9.4838567e-02;2.4750000e+02;1.2083967e-01;2.4750000e+02;1.4976040e-01;2.4750000e+02;1.7496076e-01;2.4750000e+02;1.9828892e-01;2.4750000e+02;2.1637598e-01;2.4750000e+02;2.2477067e-01;2.4750000e+02;2.1038504e-01;2.4750000e+02;1.7746976e-01;2.4750000e+02;1.3308682e-01;2.4750000e+02;8.7275445e-02;2.4750000e+02;4.5206010e-02;2.4750000e+02;4.7393376e-03;2.4750000e+02;9.5373113e-03;2.4750000e+02;1.9056981e-02;2.4750000e+02;3.2951105e-02;2.4750000e+02;5.0294057e-02;2.4750000e+02;7.0645913e-02;2.4750000e+02;9.4838567e-02;2.4750000e+02;1.2083967e-01;2.4750000e+02;1.4976040e-01;2.4750000e+02;1.7496076e-01;2.4750000e+02;1.9828892e-01;2.4750000e+02;2.1637598e-01;2.4750000e+02;2.2477067e-01;2.4750000e+02;2.1038504e-01;2.4750000e+02;1.7746976e-01;2.4750000e+02;1.3308682e-01;2.4750000e+02;8.7275445e-02;2.4750000e+02;4.5206010e-02;2.4750000e+02;4.7393376e-03;2.4750000e+02;9.5373113e-03;2.4750000e+02;1.9056981e-02;2.4750000e+02;3.2951105e-02;2.4750000e+02;5.0294057e-02;2.4750000e+02;7.0645913e-02;2.4750000e+02;9.4838567e-02;2.4750000e+02;1.2083967e-01;2.4750000e+02;1.4976040e-01;2.4750000e+02;1.7496076e-01;2.4750000e+02;1.9828892e-01;2.4750000e+02;2.1637598e-01;2.4750000e+02;2.2477067e-01;2.4750000e+02;2.1038504e-01;2.4750000e+02;1.7746976e-01;2.4750000e+02;1.3308682e-01;2.4750000e+02;8.7275445e-02;2.4750000e+02;4.5206010e-02;2.4750000e+02;4.7393376e-03;2.4750000e+02;9.5373113e-03;2.4750000e+02;1.9056981e-02;2.4750000e+02;3.2951105e-02;2.4750000e+02;5.0294057e-02;2.4750000e+02;7.0645913e-02;2.4750000e+02;9.4838567e-02;2.4750000e+02;1.2083967e-01;2.4750000e+02;1.4976040e-01;2.4750000e+02;1.7496076e-01;2.4750000e+02;1.9828892e-01;2.4750000e+02;2.1637598e-01;2.4750000e+02;2.2477067e-01;2.4750000e+02;2.1038504e-01;2.4750000e+02;1.7746976e-01;2.4750000e+02;1.3308682e-01;2.4750000e+02;8.7275445e-02;2.4750000e+02;4.5206010e-02;2.4750000e+02;4.7393376e-03;2.4750000e+02;9.5373113e-03;2.4750000e+02;1.9056981e-02;2.4750000e+02;3.2951105e-02;2.4750000e+02;5.0294057e-02;2.4750000e+02;7.0645913e-02;2.4750000e+02;9.4838567e-02;2.4750000e+02;1.2083967e-01;2.4750000e+02;1.4976040e-01;2.4750000e+02;1.7496076e-01;2.4750000e+02;1.9828892e-01;2.4750000e+02;2.1637598e-01;2.4750000e+02;2.2477067e-01;2.4750000e+02;2.1038504e-01;2.4750000e+02;1.7746976e-01;2.4750000e+02;1.3308682e-01;2.4750000e+02;8.7275445e-02;2.4750000e+02;4.5206010e-02;2.4750000e+02;4.7393376e-03;2.4750000e+02;9.5373113e-03;2.4750000e+02;1.9056981e-02;2.4750000e+02;3.2951105e-02;2.4750000e+02;5.0294057e-02;2.4750000e+02;7.0645913e-02;2.4750000e+02;9.4838567e-02;2.4750000e+02;1.2083967e-01;2.4750000e+02;1.4976040e-01;2.4750000e+02;1.7496076e-01;2.4750000e+02;1.9828892e-01;2.4750000e+02;2.1637598e-01;2.4750000e+02;2.2477067e-01;2.4750000e+02;2.1038504e-01;2.4750000e+02;1.7746976e-01;2.4750000e+02;1.3308682e-01;2.4750000e+02;8.7275445e-02;2.4750000e+02;4.5206010e-02;2.4750000e+02;4.7393376e-03;2.4750000e+02;9.5373113e-03;2.4750000e+02;1.9056981e-02;2.4750000e+02;3.2951105e-02;2.4750000e+02;5.0294057e-02;2.4750000e+02;7.0645913e-02;2.4750000e+02;9.4838567e-02;2.4750000e+02;1.2083967e-01;2.4750000e+02;1.4976040e-01;2.4750000e+02;1.7496076e-01;2.4750000e+02;1.9828892e-01;2.4750000e+02;2.1637598e-01;2.4750000e+02;2.2477067e-01;2.4750000e+02;2.1038504e-01;2.4750000e+02;1.7746976e-01;2.4750000e+02;1.3308682e-01;2.4750000e+02;8.7275445e-02;2.4750000e+02;4.5206010e-02;2.4750000e+02;4.7393376e-03;2.4750000e+02;9.5373113e-03;2.4750000e+02;1.9056981e-02;2.4750000e+02;3.2951105e-02;2.4750000e+02;5.0294057e-02;2.4750000e+02;7.0645913e-02;2.4750000e+02;9.4838567e-02;2.4750000e+02;1.2083967e-01;2.4750000e+02;1.4976040e-01;2.4750000e+02;1.7496076e-01;2.4750000e+02;1.9828892e-01;2.4750000e+02;2.1637598e-01;2.4750000e+02;2.2477067e-01;2.4750000e+02;2.1038504e-01;2.4750000e+02;1.7746976e-01;2.4750000e+02;1.3308682e-01;2.4750000e+02;8.7275445e-02;2.4750000e+02;4.5206010e-02;2.4750000e+02;4.7393376e-03;2.4750000e+02;9.5373113e-03;2.4750000e+02;1.9056981e-02;2.4750000e+02;3.2951105e-02;2.4750000e+02;5.0294057e-02;2.4750000e+02;7.0645913e-02;2.4750000e+02;9.4838567e-02;2.4750000e+02;1.2083967e-01;2.4750000e+02;1.4976040e-01;2.4750000e+02;1.7496076e-01;2.4750000e+02;1.9828892e-01;2.4750000e+02;2.1637598e-01;2.4750000e+02;2.2477067e-01;2.4750000e+02;2.1038504e-01;2.4750000e+02;1.7746976e-01;2.4750000e+02;1.3308682e-01;2.4750000e+02;8.7275445e-02;2.4750000e+02;4.5206010e-02;2.4750000e+02;4.7393376e-03;2.4750000e+02;9.5373113e-03;2.4750000e+02;1.9056981e-02;2.4750000e+02;3.2951105e-02;2.4750000e+02;5.0294057e-02;2.4750000e+02;7.0645913e-02;2.4750000e+02;9.4838567e-02;2.4750000e+02;1.2083967e-01;2.4750000e+02;1.4976040e-01;2.4750000e+02;1.7496076e-01;2.4750000e+02;1.9828892e-01;2.4750000e+02;2.1637598e-01;2.4750000e+02;2.2477067e-01;2.4750000e+02;2.1038504e-01;2.4750000e+02;1.7746976e-01;2.4750000e+02;1.3308682e-01;2.4750000e+02;8.7275445e-02;2.4750000e+02;4.5206010e-02;2.4750000e+02;4.7393376e-03;2.4750000e+02;9.5373113e-03;2.4750000e+02;1.9056981e-02;2.4750000e+02;3.2951105e-02;2.4750000e+02;5.0294057e-02;2.4750000e+02;7.0645913e-02;2.4750000e+02;9.4838567e-02;2.4750000e+02;1.2083967e-01;2.4750000e+02;1.4976040e-01;2.4750000e+02;1.7496076e-01;2.4750000e+02;1.9828892e-01;2.4750000e+02;2.1637598e-01;2.4750000e+02;2.2477067e-01;2.4750000e+02;2.1038504e-01;2.4750000e+02;1.7746976e-01;2.4750000e+02;1.3308682e-01;2.4750000e+02;8.7275445e-02;2.4750000e+02;4.5206010e-02;2.4750000e+02;4.7393376e-03;2.4750000e+02;9.5373113e-03;2.4750000e+02;1.9056981e-02;2.4750000e+02;3.2951105e-02;2.4750000e+02;5.0294057e-02;2.4750000e+02;7.0645913e-02;2.4750000e+02;9.4838567e-02;2.4750000e+02;1.2083967e-01;2.4750000e+02;1.4976040e-01;2.4750000e+02;1.7496076e-01;2.4750000e+02;1.9828892e-01;2.4750000e+02;2.1637598e-01;2.4750000e+02;2.2477067e-01;2.4750000e+02;2.1038504e-01;2.4750000e+02;1.7746976e-01;2.4750000e+02;1.3308682e-01;2.4750000e+02;8.7275445e-02;2.4750000e+02;4.5206010e-02;2.4750000e+02;4.7393376e-03;2.4750000e+02;9.5373113e-03;2.4750000e+02;1.9056981e-02;2.4750000e+02;3.2951105e-02;2.4750000e+02;5.0294057e-02;2.4750000e+02;7.0645913e-02;2.4750000e+02;9.4838567e-02;2.4750000e+02;1.2083967e-01;2.4750000e+02;1.4976040e-01;2.4750000e+02;1.7496076e-01;2.4750000e+02;1.9828892e-01;2.4750000e+02;2.1637598e-01;2.4750000e+02;2.2477067e-01;2.4750000e+02;2.1038504e-01;2.4750000e+02;1.7746976e-01;2.4750000e+02;1.3308682e-01;2.4750000e+02;8.7275445e-02;2.4750000e+02;4.5206010e-02;2.4750000e+02;4.7393376e-03;2.4750000e+02;9.5373113e-03;2.4750000e+02;1.9056981e-02;2.4750000e+02;3.2951105e-02;2.4750000e+02;5.0294057e-02;2.4750000e+02;7.0645913e-02;2.4750000e+02;9.4838567e-02;2.4750000e+02;1.2083967e-01;2.4750000e+02;1.4976040e-01;2.4750000e+02;1.7496076e-01;2.4750000e+02;1.9828892e-01;2.4750000e+02;2.1637598e-01;2.4750000e+02;2.2477067e-01;2.4750000e+02;2.1038504e-01;2.4750000e+02;1.7746976e-01;2.4750000e+02;1.3308682e-01;2.4750000e+02;8.7275445e-02;2.4750000e+02;4.5206010e-02;2.4750000e+02;4.7393376e-03;2.4750000e+02;9.5373113e-03;2.4750000e+02;1.9056981e-02;2.4750000e+02;3.2951105e-02;2.4750000e+02;5.0294057e-02;2.4750000e+02;7.0645913e-02;2.4750000e+02;9.4838567e-02;2.4750000e+02;1.2083967e-01;2.4750000e+02;1.4976040e-01;2.4750000e+02;1.7496076e-01;2.4750000e+02;1.9828892e-01;2.4750000e+02;2.1637598e-01;2.4750000e+02;2.2477067e-01;2.4750000e+02;2.1038504e-01;2.4750000e+02;1.7746976e-01;2.4750000e+02;1.3308682e-01;2.4750000e+02;8.7275445e-02;2.4750000e+02;4.5206010e-02;2.4750000e+02;4.7393376e-03;2.4750000e+02;9.5373113e-03;2.4750000e+02;1.9056981e-02;2.4750000e+02;3.2951105e-02;2.4750000e+02;5.0294057e-02;2.4750000e+02;7.0645913e-02;2.4750000e+02;9.4838567e-02;2.4750000e+02;1.2083967e-01;2.4750000e+02;1.4976040e-01;2.4750000e+02;1.7496076e-01;2.4750000e+02;1.9828892e-01;2.4750000e+02;2.1637598e-01;2.4750000e+02;2.2477067e-01;2.4750000e+02;2.1038504e-01;2.4750000e+02;1.7746976e-01;2.4750000e+02;1.3308682e-01;2.4750000e+02;8.7275445e-02;2.4750000e+02;4.5206010e-02;2.4750000e+02;4.7393376e-03;2.4750000e+02;9.5373113e-03;2.4750000e+02;1.9056981e-02;2.4750000e+02;3.2951105e-02;2.4750000e+02;5.0294057e-02;2.4750000e+02;7.0645913e-02;2.4750000e+02;9.4838567e-02;2.4750000e+02;1.2083967e-01;2.4750000e+02;1.4976040e-01;2.4750000e+02;1.7496076e-01;2.4750000e+02;1.9828892e-01;2.4750000e+02;2.1637598e-01;2.4750000e+02;2.2477067e-01;2.4750000e+02;2.1038504e-01;2.4750000e+02;1.7746976e-01;2.4750000e+02;1.3308682e-01;2.4750000e+02;8.7275445e-02;2.4750000e+02;4.5206010e-02;2.4750000e+02;4.7393376e-03;2.4750000e+02;9.5373113e-03;2.4750000e+02;1.9056981e-02;2.4750000e+02;3.2951105e-02;2.4750000e+02;5.0294057e-02;2.4750000e+02;7.0645913e-02;2.4750000e+02;9.4838567e-02;2.4750000e+02;1.2083967e-01;2.4750000e+02;1.4976040e-01;2.4750000e+02;1.7496076e-01;2.4750000e+02;1.9828892e-01;2.4750000e+02;2.1637598e-01;2.4750000e+02;2.2477067e-01;2.4750000e+02;2.1038504e-01;2.4750000e+02;1.7746976e-01;2.4750000e+02;1.3308682e-01;2.4750000e+02;8.7275445e-02;2.4750000e+02;4.5206010e-02;2.4750000e+02;4.7393376e-03;2.4750000e+02;9.5373113e-03;2.4750000e+02;1.9056981e-02;2.4750000e+02;3.2951105e-02;2.4750000e+02;5.0294057e-02;2.4750000e+02;7.0645913e-02;2.4750000e+02;9.4838567e-02;2.4750000e+02;1.2083967e-01;2.4750000e+02;1.4976040e-01;2.4750000e+02;1.7496076e-01;2.4750000e+02;1.9828892e-01;2.4750000e+02;2.1637598e-01;2.4750000e+02;2.2477067e-01;2.4750000e+02;2.1038504e-01;2.4750000e+02;1.7746976e-01;2.4750000e+02;1.3308682e-01;2.4750000e+02;8.7275445e-02;2.4750000e+02;4.5206010e-02;2.4750000e+02;4.7393376e-03;2.4750000e+02;9.5373113e-03;2.4750000e+02;1.9056981e-02;2.4750000e+02;3.2951105e-02;2.4750000e+02;5.0294057e-02;2.4750000e+02;7.0645913e-02;2.4750000e+02;9.4838567e-02;2.4750000e+02;1.2083967e-01;2.4750000e+02;1.4976040e-01;2.4750000e+02;1.7496076e-01;2.4750000e+02;1.9828892e-01;2.4750000e+02;2.1637598e-01;2.4750000e+02;2.2477067e-01;2.4750000e+02;2.1038504e-01;2.4750000e+02;1.7746976e-01;2.4750000e+02;1.3308682e-01;2.4750000e+02;8.7275445e-02;2.4750000e+02;4.5206010e-02;2.4750000e+02;4.7393376e-03;2.4750000e+02;9.5373113e-03;2.4750000e+02;1.9056981e-02;2.4750000e+02;3.2951105e-02;2.4750000e+02;5.0294057e-02;2.4750000e+02;7.0645913e-02;2.4750000e+02;9.4838567e-02;2.4750000e+02;1.2083967e-01;2.4750000e+02;1.4976040e-01;2.4750000e+02;1.7496076e-01;2.4750000e+02;1.9828892e-01;2.4750000e+02;2.1637598e-01;2.4750000e+02;2.2477067e-01;2.4750000e+02;2.1038504e-01;2.4750000e+02;1.7746976e-01;2.4750000e+02;1.3308682e-01;2.4750000e+02;8.7275445e-02;2.4750000e+02;4.5206010e-02;2.4750000e+02;4.7393376e-03;2.4750000e+02;9.5373113e-03;2.4750000e+02;1.9056981e-02;2.4750000e+02;3.2951105e-02;2.4750000e+02;5.0294057e-02;2.4750000e+02;7.0645913e-02;2.4750000e+02;9.4838567e-02;2.4750000e+02;1.2083967e-01;2.4750000e+02;1.4976040e-01;2.4750000e+02;1.7496076e-01;2.4750000e+02;1.9828892e-01;2.4750000e+02;2.1637598e-01;2.4750000e+02;2.2477067e-01;2.4750000e+02;2.1038504e-01;2.4750000e+02;1.7746976e-01;2.4750000e+02;1.3308682e-01;2.4750000e+02;8.7275445e-02;2.4750000e+02;4.5206010e-02;2.4750000e+02;4.7393376e-03;2.4750000e+02;9.5373113e-03;2.4750000e+02;1.9056981e-02;2.4750000e+02;3.2951105e-02;2.4750000e+02;5.0294057e-02;2.4750000e+02;7.0645913e-02;2.4750000e+02;9.4838567e-02;2.4750000e+02;1.2083967e-01;2.4750000e+02;1.4976040e-01;2.4750000e+02;1.7496076e-01;2.4750000e+02;1.9828892e-01;2.4750000e+02;2.1637598e-01;2.4750000e+02;2.2477067e-01;2.4750000e+02;2.1038504e-01;2.4750000e+02;1.7746976e-01;2.4750000e+02;1.3308682e-01;2.4750000e+02;8.7275445e-02;2.4750000e+02;4.5206010e-02;2.4750000e+02;4.7393376e-03;2.4750000e+02;9.5373113e-03;2.4750000e+02;1.9056981e-02;2.4750000e+02;3.2951105e-02;2.4750000e+02;5.0294057e-02;2.4750000e+02;7.0645913e-02;2.4750000e+02;9.4838567e-02;2.4750000e+02;1.2083967e-01;2.4750000e+02;1.4976040e-01;2.4750000e+02;1.7496076e-01;2.4750000e+02;1.9828892e-01;2.4750000e+02;2.1637598e-01;2.4750000e+02;2.2477067e-01;2.4750000e+02;2.1038504e-01;2.4750000e+02;1.7746976e-01;2.4750000e+02;1.3308682e-01;2.4750000e+02;8.7275445e-02;2.4750000e+02;4.5206010e-02;2.4750000e+02;4.7393376e-03;2.4750000e+02;9.5373113e-03;2.4750000e+02;1.9056981e-02;2.4750000e+02;3.2951105e-02;2.4750000e+02;5.0294057e-02;2.4750000e+02;7.0645913e-02;2.4750000e+02;9.4838567e-02;2.4750000e+02;1.2083967e-01;2.4750000e+02;1.4976040e-01;2.4750000e+02;1.7496076e-01;2.4750000e+02;1.9828892e-01;2.4750000e+02;2.1637598e-01;2.4750000e+02;2.2477067e-01;2.4750000e+02;2.1038504e-01;2.4750000e+02;1.7746976e-01;2.4750000e+02;1.3308682e-01;2.4750000e+02;8.7275445e-02;2.4750000e+02;4.5206010e-02;2.4750000e+02;4.7393376e-03;2.4750000e+02;9.5373113e-03;2.4750000e+02;1.9056981e-02;2.4750000e+02;3.2951105e-02;2.4750000e+02;5.0294057e-02;2.4750000e+02;7.0645913e-02;2.4750000e+02;9.4838567e-02;2.4750000e+02;1.2083967e-01;2.4750000e+02;1.4976040e-01;2.4750000e+02;1.7496076e-01;2.4750000e+02;1.9828892e-01;2.4750000e+02;2.1637598e-01;2.4750000e+02;2.2477067e-01;2.4750000e+02;2.1038504e-01;2.4750000e+02;1.7746976e-01;2.4750000e+02;1.3308682e-01;2.4750000e+02;8.7275445e-02;2.4750000e+02;4.5206010e-02;2.4750000e+02;4.7393376e-03;2.4750000e+02;9.5373113e-03;2.4750000e+02;1.9056981e-02;2.4750000e+02;3.2951105e-02;2.4750000e+02;5.0294057e-02;2.4750000e+02;7.0645913e-02;2.4750000e+02;9.4838567e-02;2.4750000e+02;1.2083967e-01;2.4750000e+02;1.4976040e-01;2.4750000e+02;1.7496076e-01;2.4750000e+02;1.9828892e-01;2.4750000e+02;2.1637598e-01;2.4750000e+02;2.2477067e-01;2.4750000e+02;2.1038504e-01;2.4750000e+02;1.7746976e-01;2.4750000e+02;1.3308682e-01;2.4750000e+02;8.7275445e-02;2.4750000e+02;4.5206010e-02;2.4750000e+02;4.7393376e-03;2.4750000e+02;9.5373113e-03;2.4750000e+02;1.9056981e-02;2.4750000e+02;3.2951105e-02;2.4750000e+02;5.0294057e-02;2.4750000e+02;7.0645913e-02;2.4750000e+02;9.4838567e-02;2.4750000e+02;1.2083967e-01;2.4750000e+02;1.4976040e-01;2.4750000e+02;1.7496076e-01;2.4750000e+02;1.9828892e-01;2.4750000e+02;2.1637598e-01;2.4750000e+02;2.2477067e-01;2.4750000e+02;2.1038504e-01;2.4750000e+02;1.7746976e-01;2.4750000e+02;1.3308682e-01;2.4750000e+02;8.7275445e-02;2.4750000e+02;4.5206010e-02;2.4750000e+02;4.7393376e-03;2.4750000e+02;9.5373113e-03;2.4750000e+02;1.9056981e-02;2.4750000e+02;3.2951105e-02;2.4750000e+02;5.0294057e-02;2.4750000e+02;7.0645913e-02;2.4750000e+02;9.4838567e-02;2.4750000e+02;1.2083967e-01;2.4750000e+02;1.4976040e-01;2.4750000e+02;1.7496076e-01;2.4750000e+02;1.9828892e-01;2.4750000e+02;2.1637598e-01;2.4750000e+02;2.2477067e-01;2.4750000e+02;2.1038504e-01;2.4750000e+02;1.7746976e-01;2.4750000e+02;1.3308682e-01;2.4750000e+02;8.7275445e-02;2.4750000e+02;4.5206010e-02;2.4750000e+02;4.7393376e-03;2.4750000e+02;9.5373113e-03;2.4750000e+02;1.9056981e-02;2.4750000e+02;3.2951105e-02;2.4750000e+02;5.0294057e-02;2.4750000e+02;7.0645913e-02;2.4750000e+02;9.4838567e-02;2.4750000e+02;1.2083967e-01;2.4750000e+02;1.4976040e-01;2.4750000e+02;1.7496076e-01;2.4750000e+02;1.9828892e-01;2.4750000e+02;2.1637598e-01;2.4750000e+02;2.2477067e-01;2.4750000e+02;2.1038504e-01;2.4750000e+02;1.7746976e-01;2.4750000e+02;1.3308682e-01;2.4750000e+02;8.7275445e-02;2.4750000e+02;4.5206010e-02;2.4750000e+02;4.7393376e-03;2.4750000e+02;9.5373113e-03;2.4750000e+02;1.9056981e-02;2.4750000e+02;3.2951105e-02;2.4750000e+02;5.0294057e-02;2.4750000e+02;7.0645913e-02;2.4750000e+02;9.4838567e-02;2.4750000e+02;1.2083967e-01;2.4750000e+02;1.4976040e-01;2.4750000e+02;1.7496076e-01;2.4750000e+02;1.9828892e-01;2.4750000e+02;2.1637598e-01;2.4750000e+02;2.2477067e-01;2.4750000e+02;2.1038504e-01;2.4750000e+02;1.7746976e-01;2.4750000e+02;1.3308682e-01;2.4750000e+02;8.7275445e-02;2.4750000e+02;4.5206010e-02;2.4750000e+02;4.7393376e-03;2.4750000e+02;9.5373113e-03;2.4750000e+02;1.9056981e-02;2.4750000e+02;3.2951105e-02;2.4750000e+02;5.0294057e-02;2.4750000e+02;7.0645913e-02;2.4750000e+02;9.4838567e-02;2.4750000e+02;1.2083967e-01;2.4750000e+02;1.4976040e-01;2.4750000e+02;1.7496076e-01;2.4750000e+02;1.9828892e-01;2.4750000e+02;2.1637598e-01;2.4750000e+02;2.2477067e-01;2.4750000e+02;2.1038504e-01;2.4750000e+02;1.7746976e-01;2.4750000e+02;1.3308682e-01;2.4750000e+02;8.7275445e-02;2.4750000e+02;4.5206010e-02;2.4750000e+02;4.7393376e-03;2.4750000e+02;9.5373113e-03;2.4750000e+02;1.9056981e-02;2.4750000e+02;3.2951105e-02;2.4750000e+02;5.0294057e-02;2.4750000e+02;7.0645913e-02;2.4750000e+02;9.4838567e-02;2.4750000e+02;1.2083967e-01;2.4750000e+02;1.4976040e-01;2.4750000e+02;1.7496076e-01;2.4750000e+02;1.9828892e-01;2.4750000e+02;2.1637598e-01;2.4750000e+02;2.2477067e-01;2.4750000e+02;2.1038504e-01;2.4750000e+02;1.7746976e-01;2.4750000e+02;1.3308682e-01;2.4750000e+02;8.7275445e-02;2.4750000e+02;4.5206010e-02;2.4750000e+02;4.7393376e-03;2.4750000e+02;9.5373113e-03;2.4750000e+02;1.9056981e-02;2.4750000e+02;3.2951105e-02;2.4750000e+02;5.0294057e-02;2.4750000e+02;7.0645913e-02;2.4750000e+02;9.4838567e-02;2.4750000e+02;1.2083967e-01;2.4750000e+02;1.4976040e-01;2.4750000e+02;1.7496076e-01;2.4750000e+02;1.9828892e-01;2.4750000e+02;2.1637598e-01;2.4750000e+02;2.2477067e-01;2.4750000e+02;2.1038504e-01;2.4750000e+02;1.7746976e-01;2.4750000e+02;1.3308682e-01;2.4750000e+02;8.7275445e-02;2.4750000e+02;4.5206010e-02;2.4750000e+02;4.7393376e-03;2.4750000e+02;9.5373113e-03;2.4750000e+02;1.9056981e-02;2.4750000e+02;3.2951105e-02;2.4750000e+02;5.0294057e-02;2.4750000e+02;7.0645913e-02;2.4750000e+02;9.4838567e-02;2.4750000e+02;1.2083967e-01;2.4750000e+02;1.4976040e-01;2.4750000e+02;1.7496076e-01;2.4750000e+02;1.9828892e-01;2.4750000e+02;2.1637598e-01;2.4750000e+02;2.2477067e-01;2.4750000e+02;2.1038504e-01;2.4750000e+02;1.7746976e-01;2.4750000e+02;1.3308682e-01;2.4750000e+02;8.7275445e-02;2.4750000e+02;4.5206010e-02;2.4750000e+02;4.7393376e-03;2.4750000e+02;9.5373113e-03;2.4750000e+02;1.9056981e-02;2.4750000e+02;3.2951105e-02;2.4750000e+02;5.0294057e-02;2.4750000e+02;7.0645913e-02;2.4750000e+02;9.4838567e-02;2.4750000e+02;1.2083967e-01;2.4750000e+02;1.4976040e-01;2.4750000e+02;1.7496076e-01;2.4750000e+02;1.9828892e-01;2.4750000e+02;2.1637598e-01;2.4750000e+02;2.2477067e-01;2.4750000e+02;2.1038504e-01;2.4750000e+02;1.7746976e-01;2.4750000e+02;1.3308682e-01;2.4750000e+02;8.7275445e-02;2.4750000e+02;4.5206010e-02;2.4750000e+02;4.7393376e-03;2.4750000e+02;9.5373113e-03;2.4750000e+02;1.9056981e-02;2.4750000e+02;3.2951105e-02;2.4750000e+02;5.0294057e-02;2.4750000e+02;7.0645913e-02;2.4750000e+02;9.4838567e-02;2.4750000e+02;1.2083967e-01;2.4750000e+02;1.4976040e-01;2.4750000e+02;1.7496076e-01;2.4750000e+02;1.9828892e-01;2.4750000e+02;2.1637598e-01;2.4750000e+02;2.2477067e-01;2.4750000e+02;2.1038504e-01;2.4750000e+02;1.7746976e-01;2.4750000e+02;1.3308682e-01;2.4750000e+02;8.7275445e-02;2.4750000e+02;4.5206010e-02;2.4750000e+02;4.7393376e-03;2.4750000e+02;9.5373113e-03;2.4750000e+02;1.9056981e-02;2.4750000e+02;3.2951105e-02;2.4750000e+02;5.0294057e-02;2.4750000e+02;7.0645913e-02;2.4750000e+02;9.4838567e-02;2.4750000e+02;1.2083967e-01;2.4750000e+02;1.4976040e-01;2.4750000e+02;1.7496076e-01;2.4750000e+02;1.9828892e-01;2.4750000e+02;2.1637598e-01;2.4750000e+02;2.2477067e-01;2.4750000e+02;2.1038504e-01;2.4750000e+02;1.7746976e-01;2.4750000e+02;1.3308682e-01;2.4750000e+02;8.7275445e-02;2.4750000e+02;4.5206010e-02;2.4750000e+02;4.7393376e-03;2.4750000e+02;9.5373113e-03;2.4750000e+02;1.9056981e-02;2.4750000e+02;3.2951105e-02;2.4750000e+02;5.0294057e-02;2.4750000e+02;7.0645913e-02;2.4750000e+02;9.4838567e-02;2.4750000e+02;1.2083967e-01;2.4750000e+02;1.4976040e-01;2.4750000e+02;1.7496076e-01;2.4750000e+02;1.9828892e-01;2.4750000e+02;2.1637598e-01;2.4750000e+02;2.2477067e-01;2.4750000e+02;2.1038504e-01;2.4750000e+02;1.7746976e-01;2.4750000e+02;1.3308682e-01;2.4750000e+02;8.7275445e-02;2.4750000e+02;4.5206010e-02;2.4750000e+02;4.7393376e-03;2.4750000e+02;9.5373113e-03;2.4750000e+02;1.9056981e-02;2.4750000e+02;3.2951105e-02;2.4750000e+02;5.0294057e-02;2.4750000e+02;7.0645913e-02;2.4750000e+02;9.4838567e-02;2.4750000e+02;1.2083967e-01;2.4750000e+02;1.4976040e-01;2.4750000e+02;1.7496076e-01;2.4750000e+02;1.9828892e-01;2.4750000e+02;2.1637598e-01;2.4750000e+02;2.2477067e-01;2.4750000e+02;2.1038504e-01;2.4750000e+02;1.7746976e-01;2.4750000e+02;1.3308682e-01;2.4750000e+02;8.7275445e-02;2.4750000e+02;4.5206010e-02;2.4750000e+02;4.7393376e-03;2.4750000e+02;9.5373113e-03;2.4750000e+02;1.9056981e-02;2.4750000e+02;3.2951105e-02;2.4750000e+02;5.0294057e-02;2.4750000e+02;7.0645913e-02;2.4750000e+02;9.4838567e-02;2.4750000e+02;1.2083967e-01;2.4750000e+02;1.4976040e-01;2.4750000e+02;1.7496076e-01;2.4750000e+02;1.9828892e-01;2.4750000e+02;2.1637598e-01;2.4750000e+02;2.2477067e-01;2.4750000e+02;2.1038504e-01;2.4750000e+02;1.7746976e-01;2.4750000e+02;1.3308682e-01;2.4750000e+02;8.7275445e-02;2.4750000e+02;4.5206010e-02;2.4750000e+02;4.7393376e-03;2.4750000e+02;9.5373113e-03;2.4750000e+02;1.9056981e-02;2.4750000e+02;3.2951105e-02;2.4750000e+02;5.0294057e-02;2.4750000e+02;7.0645913e-02;2.4750000e+02;9.4838567e-02;2.4750000e+02;1.2083967e-01;2.4750000e+02;1.4976040e-01;2.4750000e+02;1.7496076e-01;2.4750000e+02;1.9828892e-01;2.4750000e+02;2.1637598e-01;2.4750000e+02;2.2477067e-01;2.4750000e+02;2.1038504e-01;2.4750000e+02;1.7746976e-01;2.4750000e+02;1.3308682e-01;2.4750000e+02;8.7275445e-02;2.4750000e+02;4.5206010e-02;2.4750000e+02;4.7393376e-03;2.4750000e+02;9.5373113e-03;2.4750000e+02;1.9056981e-02;2.4750000e+02;3.2951105e-02;2.4750000e+02;5.0294057e-02;2.4750000e+02;7.0645913e-02;2.4750000e+02;9.4838567e-02;2.4750000e+02;1.2083967e-01;2.4750000e+02;1.4976040e-01;2.4750000e+02;1.7496076e-01;2.4750000e+02;1.9828892e-01;2.4750000e+02;2.1637598e-01;2.4750000e+02;2.2477067e-01;2.4750000e+02;2.1038504e-01;2.4750000e+02;1.7746976e-01;2.4750000e+02;1.3308682e-01;2.4750000e+02;8.7275445e-02;2.4750000e+02;4.5206010e-02;2.4750000e+02;4.7393376e-03;2.4750000e+02;9.5373113e-03;2.4750000e+02;1.9056981e-02;2.4750000e+02;3.2951105e-02;2.4750000e+02;5.0294057e-02;2.4750000e+02;7.0645913e-02;2.4750000e+02;9.4838567e-02;2.4750000e+02;1.2083967e-01;2.4750000e+02;1.4976040e-01;2.4750000e+02;1.7496076e-01;2.4750000e+02;1.9828892e-01;2.4750000e+02;2.1637598e-01;2.4750000e+02;2.2477067e-01;2.4750000e+02;2.1038504e-01;2.4750000e+02;1.7746976e-01;2.4750000e+02;1.3308682e-01;2.4750000e+02;8.7275445e-02;2.4750000e+02;4.5206010e-02;2.4750000e+02;4.7393376e-03;2.4750000e+02;9.5373113e-03;2.4750000e+02;1.9056981e-02;2.4750000e+02;3.2951105e-02;2.4750000e+02;5.0294057e-02;2.4750000e+02;7.0645913e-02;2.4750000e+02;9.4838567e-02;2.4750000e+02;1.2083967e-01;2.4750000e+02;1.4976040e-01;2.4750000e+02;1.7496076e-01;2.4750000e+02;1.9828892e-01;2.4750000e+02;2.1637598e-01;2.4750000e+02;2.2477067e-01;2.4750000e+02;2.1038504e-01;2.4750000e+02;1.7746976e-01;2.4750000e+02;1.3308682e-01;2.4750000e+02;8.7275445e-02;2.4750000e+02;4.5206010e-02;2.4750000e+02;4.7393376e-03;2.4750000e+02;9.5373113e-03;2.4750000e+02;1.9056981e-02;2.4750000e+02;3.2951105e-02;2.4750000e+02;5.0294057e-02;2.4750000e+02;7.0645913e-02;2.4750000e+02;9.4838567e-02;2.4750000e+02;1.2083967e-01;2.4750000e+02;1.4976040e-01;2.4750000e+02;1.7496076e-01;2.4750000e+02;1.9828892e-01;2.4750000e+02;2.1637598e-01;2.4750000e+02;2.2477067e-01;2.4750000e+02;2.1038504e-01;2.4750000e+02;1.7746976e-01;2.4750000e+02;1.3308682e-01;2.4750000e+02;8.7275445e-02;2.4750000e+02;4.5206010e-02;2.4750000e+02;4.7393376e-03;2.4750000e+02;9.5373113e-03;2.4750000e+02;1.9056981e-02;2.4750000e+02;3.2951105e-02;2.4750000e+02;5.0294057e-02;2.4750000e+02;7.0645913e-02;2.4750000e+02;9.4838567e-02;2.4750000e+02;1.2083967e-01;2.4750000e+02;1.4976040e-01;2.4750000e+02;1.7496076e-01;2.4750000e+02;1.9828892e-01;2.4750000e+02;2.1637598e-01;2.4750000e+02;2.2477067e-01;2.4750000e+02;2.1038504e-01;2.4750000e+02;1.7746976e-01;2.4750000e+02;1.3308682e-01;2.4750000e+02;8.7275445e-02;2.4750000e+02;4.5206010e-02;2.4750000e+02;4.7393376e-03;2.4750000e+02;9.5373113e-03;2.4750000e+02;1.9056981e-02;2.4750000e+02;3.2951105e-02;2.4750000e+02;5.0294057e-02;2.4750000e+02;7.0645913e-02;2.4750000e+02;9.4838567e-02;2.4750000e+02;1.2083967e-01;2.4750000e+02;1.4976040e-01;2.4750000e+02;1.7496076e-01;2.4750000e+02;1.9828892e-01;2.4750000e+02;2.1637598e-01;2.4750000e+02;2.2477067e-01;2.4750000e+02;2.1038504e-01;2.4750000e+02;1.7746976e-01;2.4750000e+02;1.3308682e-01;2.4750000e+02;8.7275445e-02;2.4750000e+02;4.5206010e-02;2.4750000e+02;4.7393376e-03;2.4750000e+02;9.5373113e-03;2.4750000e+02;1.9056981e-02;2.4750000e+02;3.2951105e-02;2.4750000e+02;5.0294057e-02;2.4750000e+02;7.0645913e-02;2.4750000e+02;9.4838567e-02;2.4750000e+02;1.2083967e-01;2.4750000e+02;1.4976040e-01;2.4750000e+02;1.7496076e-01;2.4750000e+02;1.9828892e-01;2.4750000e+02;2.1637598e-01;2.4750000e+02;2.2477067e-01;2.4750000e+02;2.1038504e-01;2.4750000e+02;1.7746976e-01;2.4750000e+02;1.3308682e-01;2.4750000e+02;8.7275445e-02;2.4750000e+02;4.5206010e-02;2.4750000e+02;4.7393376e-03;2.4750000e+02;9.5373113e-03;2.4750000e+02;1.9056981e-02;2.4750000e+02;3.2951105e-02;2.4750000e+02;5.0294057e-02;2.4750000e+02;7.0645913e-02;2.4750000e+02;9.4838567e-02;2.4750000e+02;1.2083967e-01;2.4750000e+02;1.4976040e-01;2.4750000e+02;1.7496076e-01;2.4750000e+02;1.9828892e-01;2.4750000e+02;2.1637598e-01;2.4750000e+02;2.2477067e-01;2.4750000e+02;2.1038504e-01;2.4750000e+02;1.7746976e-01;2.4750000e+02;1.3308682e-01;2.4750000e+02;8.7275445e-02;2.4750000e+02;4.5206010e-02;2.4750000e+02;4.7393376e-03;2.4750000e+02;9.5373113e-03;2.4750000e+02;1.9056981e-02;2.4750000e+02;3.2951105e-02;2.4750000e+02;5.0294057e-02;2.4750000e+02;7.0645913e-02;2.4750000e+02;9.4838567e-02;2.4750000e+02;1.2083967e-01;2.4750000e+02;1.4976040e-01;2.4750000e+02;1.7496076e-01;2.4750000e+02;1.9828892e-01;2.4750000e+02;2.1637598e-01;2.4750000e+02;2.2477067e-01;2.4750000e+02;2.1038504e-01;2.4750000e+02;1.7746976e-01;2.4750000e+02;1.3308682e-01;2.4750000e+02;8.7275445e-02;2.4750000e+02;4.5206010e-02;2.4750000e+02;4.7393376e-03;2.4750000e+02;9.5373113e-03;2.4750000e+02;1.9056981e-02;2.4750000e+02;3.2951105e-02;2.4750000e+02;5.0294057e-02;2.4750000e+02;7.0645913e-02;2.4750000e+02;9.4838567e-02;2.4750000e+02;1.2083967e-01;2.4750000e+02;1.4976040e-01;2.4750000e+02;1.7496076e-01;2.4750000e+02;1.9828892e-01;2.4750000e+02;2.1637598e-01;2.4750000e+02;2.2477067e-01;2.4750000e+02;2.1038504e-01;2.4750000e+02;1.7746976e-01;2.4750000e+02;1.3308682e-01;2.4750000e+02;8.7275445e-02;2.4750000e+02;4.5206010e-02;2.4750000e+02;4.7393376e-03;2.4750000e+02;9.5373113e-03;2.4750000e+02;1.9056981e-02;2.4750000e+02;3.2951105e-02;2.4750000e+02;5.0294057e-02;2.4750000e+02;7.0645913e-02;2.4750000e+02;9.4838567e-02;2.4750000e+02;1.2083967e-01;2.4750000e+02;1.4976040e-01;2.4750000e+02;1.7496076e-01;2.4750000e+02;1.9828892e-01;2.4750000e+02;2.1637598e-01;2.4750000e+02;2.2477067e-01;2.4750000e+02;2.1038504e-01;2.4750000e+02;1.7746976e-01;2.4750000e+02;1.3308682e-01;2.4750000e+02;8.7275445e-02;2.4750000e+02;4.5206010e-02;2.4750000e+02;4.7393376e-03;2.4750000e+02;9.5373113e-03;2.4750000e+02;1.9056981e-02;2.4750000e+02;3.2951105e-02;2.4750000e+02;5.0294057e-02;2.4750000e+02;7.0645913e-02;2.4750000e+02;9.4838567e-02;2.4750000e+02;1.2083967e-01;2.4750000e+02;1.4976040e-01;2.4750000e+02;1.7496076e-01;2.4750000e+02;1.9828892e-01;2.4750000e+02;2.1637598e-01;2.4750000e+02;2.2477067e-01;2.4750000e+02;2.1038504e-01;2.4750000e+02;1.7746976e-01;2.4750000e+02;1.3308682e-01;2.4750000e+02;8.7275445e-02;2.4750000e+02;4.5206010e-02;2.4750000e+02;4.7393376e-03;2.4750000e+02;9.5373113e-03;2.4750000e+02;1.9056981e-02;2.4750000e+02;3.2951105e-02;2.4750000e+02;5.0294057e-02;2.4750000e+02;7.0645913e-02;2.4750000e+02;9.4838567e-02;2.4750000e+02;1.2083967e-01;2.4750000e+02;1.4976040e-01;2.4750000e+02;1.7496076e-01;2.4750000e+02;1.9828892e-01;2.4750000e+02;2.1637598e-01;2.4750000e+02;2.2477067e-01;2.4750000e+02;2.1038504e-01;2.4750000e+02;1.7746976e-01;2.4750000e+02;1.3308682e-01;2.4750000e+02;8.7275445e-02;2.4750000e+02;4.5206010e-02;2.4750000e+02;4.7393376e-03;2.4750000e+02;9.5373113e-03;2.4750000e+02;1.9056981e-02;2.4750000e+02;3.2951105e-02;2.4750000e+02;5.0294057e-02;2.4750000e+02;7.0645913e-02;2.4750000e+02;9.4838567e-02;2.4750000e+02;1.2083967e-01;2.4750000e+02;1.4976040e-01;2.4750000e+02;1.7496076e-01;2.4750000e+02;1.9828892e-01;2.4750000e+02;2.1637598e-01;2.4750000e+02;2.2477067e-01;2.4750000e+02;2.1038504e-01;2.4750000e+02;1.7746976e-01;2.4750000e+02;1.3308682e-01;2.4750000e+02;8.7275445e-02;2.4750000e+02;4.5206010e-02;2.4750000e+02;4.7393376e-03;2.4750000e+02;9.5373113e-03;2.4750000e+02;1.9056981e-02;2.4750000e+02;3.2951105e-02;2.4750000e+02;5.0294057e-02;2.4750000e+02;7.0645913e-02;2.4750000e+02;9.4838567e-02;2.4750000e+02;1.2083967e-01;2.4750000e+02;1.4976040e-01;2.4750000e+02;1.7496076e-01;2.4750000e+02;1.9828892e-01;2.4750000e+02;2.1637598e-01;2.4750000e+02;2.2477067e-01;2.4750000e+02;2.1038504e-01;2.4750000e+02;1.7746976e-01;2.4750000e+02;1.3308682e-01;2.4750000e+02;8.7275445e-02;2.4750000e+02;4.5206010e-02;2.4750000e+02;4.7393376e-03;2.4750000e+02;9.5373113e-03;2.4750000e+02;1.9056981e-02;2.4750000e+02;3.2951105e-02;2.4750000e+02;5.0294057e-02;2.4750000e+02;7.0645913e-02;2.4750000e+02;9.4838567e-02;2.4750000e+02;1.2083967e-01;2.4750000e+02;1.4976040e-01;2.4750000e+02;1.7496076e-01;2.4750000e+02;1.9828892e-01;2.4750000e+02;2.1637598e-01;2.4750000e+02;2.2477067e-01;2.4750000e+02;2.1038504e-01;2.4750000e+02;1.7746976e-01;2.4750000e+02;1.3308682e-01;2.4750000e+02;8.7275445e-02;2.4750000e+02;4.5206010e-02;2.4750000e+02;4.7393376e-03;2.4750000e+02;9.5373113e-03;2.4750000e+02;1.9056981e-02;2.4750000e+02;3.2951105e-02;2.4750000e+02;5.0294057e-02;2.4750000e+02;7.0645913e-02;2.4750000e+02;9.4838567e-02;2.4750000e+02;1.2083967e-01;2.4750000e+02;1.4976040e-01;2.4750000e+02;1.7496076e-01;2.4750000e+02;1.9828892e-01;2.4750000e+02;2.1637598e-01;2.4750000e+02;2.2477067e-01;2.4750000e+02;2.1038504e-01;2.4750000e+02;1.7746976e-01;2.4750000e+02;1.3308682e-01;2.4750000e+02;8.7275445e-02;2.4750000e+02;4.5206010e-02;2.4750000e+02;4.7393376e-03;2.4750000e+02;9.5373113e-03;2.4750000e+02;1.9056981e-02;2.4750000e+02;3.2951105e-02;2.4750000e+02;5.0294057e-02;2.4750000e+02;7.0645913e-02;2.4750000e+02;9.4838567e-02;2.4750000e+02;1.2083967e-01;2.4750000e+02;1.4976040e-01;2.4750000e+02;1.7496076e-01;2.4750000e+02;1.9828892e-01;2.4750000e+02;2.1637598e-01;2.4750000e+02;2.2477067e-01;2.4750000e+02;2.1038504e-01;2.4750000e+02;1.7746976e-01;2.4750000e+02;1.3308682e-01;2.4750000e+02;8.7275445e-02;2.4750000e+02;4.5206010e-02;2.4750000e+02;4.7393376e-03;2.4750000e+02;9.5373113e-03;2.4750000e+02;1.9056981e-02;2.4750000e+02;3.2951105e-02;2.4750000e+02;5.0294057e-02;2.4750000e+02;7.0645913e-02;2.4750000e+02;9.4838567e-02;2.4750000e+02;1.2083967e-01;2.4750000e+02;1.4976040e-01;2.4750000e+02;1.7496076e-01;2.4750000e+02;1.9828892e-01;2.4750000e+02;2.1637598e-01;2.4750000e+02;2.2477067e-01;2.4750000e+02;2.1038504e-01;2.4750000e+02;1.7746976e-01;2.4750000e+02;1.3308682e-01;2.4750000e+02;8.7275445e-02;2.4750000e+02;4.5206010e-02;2.4750000e+02;4.7393376e-03;2.4750000e+02;9.5373113e-03;2.4750000e+02;1.9056981e-02;2.4750000e+02;3.2951105e-02;2.4750000e+02;5.0294057e-02;2.4750000e+02;7.0645913e-02;2.4750000e+02;9.4838567e-02;2.4750000e+02;1.2083967e-01;2.4750000e+02;1.4976040e-01;2.4750000e+02;1.7496076e-01;2.4750000e+02;1.9828892e-01;2.4750000e+02;2.1637598e-01;2.4750000e+02;2.2477067e-01;2.4750000e+02;2.1038504e-01;2.4750000e+02;1.7746976e-01;2.4750000e+02;1.3308682e-01;2.4750000e+02;8.7275445e-02;2.4750000e+02;4.5206010e-02;2.4750000e+02;4.7393376e-03;2.4750000e+02;9.5373113e-03;2.4750000e+02;1.9056981e-02;2.4750000e+02;3.2951105e-02;2.4750000e+02;5.0294057e-02;2.4750000e+02;7.0645913e-02;2.4750000e+02;9.4838567e-02;2.4750000e+02;1.2083967e-01;2.4750000e+02;1.4976040e-01;2.4750000e+02;1.7496076e-01;2.4750000e+02;1.9828892e-01;2.4750000e+02;2.1637598e-01;2.4750000e+02;2.2477067e-01;2.4750000e+02;2.1038504e-01;2.4750000e+02;1.7746976e-01;2.4750000e+02;1.3308682e-01;2.4750000e+02;8.7275445e-02;2.4750000e+02;4.5206010e-02;2.4750000e+02;4.7393376e-03;2.4750000e+02;9.5373113e-03;2.4750000e+02;1.9056981e-02;2.4750000e+02;3.2951105e-02;2.4750000e+02;5.0294057e-02;2.4750000e+02;7.0645913e-02;2.4750000e+02;9.4838567e-02;2.4750000e+02;1.2083967e-01;2.4750000e+02;1.4976040e-01;2.4750000e+02;1.7496076e-01;2.4750000e+02;1.9828892e-01;2.4750000e+02;2.1637598e-01;2.4750000e+02;2.2477067e-01;2.4750000e+02;2.1038504e-01;2.4750000e+02;1.7746976e-01;2.4750000e+02;1.3308682e-01;2.4750000e+02;8.7275445e-02;2.4750000e+02;4.5206010e-02;2.4750000e+02;4.7393376e-03;2.4750000e+02;9.5373113e-03;2.4750000e+02;1.9056981e-02;2.4750000e+02;3.2951105e-02;2.4750000e+02;5.0294057e-02;2.4750000e+02;7.0645913e-02;2.4750000e+02;9.4838567e-02;2.4750000e+02;1.2083967e-01;2.4750000e+02;1.4976040e-01;2.4750000e+02;1.7496076e-01;2.4750000e+02;1.9828892e-01;2.4750000e+02;2.1637598e-01;2.4750000e+02;2.2477067e-01;2.4750000e+02;2.1038504e-01;2.4750000e+02;1.7746976e-01;2.4750000e+02;1.3308682e-01;2.4750000e+02;8.7275445e-02;2.4750000e+02;4.5206010e-02
2.5250000e+02;-1.1431025e-03;2.5250000e+02;3.9875377e-03;2.5250000e+02;1.5574016e-02;2.5250000e+02;3.1178793e-02;2.5250000e+02;4.9807936e-02;2.5250000e+02;7.1403585e-02;2.5250000e+02;9.6536778e-02;2.5250000e+02;1.2586504e-01;2.5250000e+02;1.5815930e-01;2.5250000e+02;1.8380193e-01;2.5250000e+02;2.0499560e-01;2.5250000e+02;2.1797891e-01;2.5250000e+02;2.2208175e-01;2.5250000e+02;2.0604928e-01;2.5250000e+02;1.7283088e-01;2.5250000e+02;1.2959048e-01;2.5250000e+02;8.4941603e-02;2.5250000e+02;4.3693483e-02;2.5250000e+02;-1.1431025e-03;2.5250000e+02;3.9875377e-03;2.5250000e+02;1.5574016e-02;2.5250000e+02;3.1178793e-02;2.5250000e+02;4.9807936e-02;2.5250000e+02;7.1403585e-02;2.5250000e+02;9.6536778e-02;2.5250000e+02;1.2586504e-01;2.5250000e+02;1.5815930e-01;2.5250000e+02;1.8380193e-01;2.5250000e+02;2.0499560e-01;2.5250000e+02;2.1797891e-01;2.5250000e+02;2.2208175e-01;2.5250000e+02;2.0604928e-01;2.5250000e+02;1.7283088e-01;2.5250000e+02;1.2959048e-01;2.5250000e+02;8.4941603e-02;2.5250000e+02;4.3693483e-02;2.5250000e+02;-1.1431025e-03;2.5250000e+02;3.9875377e-03;2.5250000e+02;1.5574016e-02;2.5250000e+02;3.1178793e-02;2.5250000e+02;4.9807936e-02;2.5250000e+02;7.1403585e-02;2.5250000e+02;9.6536778e-02;2.5250000e+02;1.2586504e-01;2.5250000e+02;1.5815930e-01;2.5250000e+02;1.8380193e-01;2.5250000e+02;2.0499560e-01;2.5250000e+02;2.1797891e-01;2.5250000e+02;2.2208175e-01;2.5250000e+02;2.0604928e-01;2.5250000e+02;1.7283088e-01;2.5250000e+02;1.2959048e-01;2.5250000e+02;8.4941603e-02;2.5250000e+02;4.3693483e-02;2.5250000e+02;-1.1431025e-03;2.5250000e+02;3.9875377e-03;2.5250000e+02;1.5574016e-02;2.5250000e+02;3.1178793e-02;2.5250000e+02;4.9807936e-02;2.5250000e+02;7.1403585e-02;2.5250000e+02;9.6536778e-02;2.5250000e+02;1.2586504e-01;2.5250000e+02;1.5815930e-01;2.5250000e+02;1.8380193e-01;2.5250000e+02;2.0499560e-01;2.5250000e+02;2.1797891e-01;2.5250000e+02;2.2208175e-01;2.5250000e+02;2.0604928e-01;2.5250000e+02;1.7283088e-01;2.5250000e+02;1.2959048e-01;2.5250000e+02;8.4941603e-02;2.5250000e+02;4.3693483e-02;2.5250000e+02;-1.1431025e-03;2.5250000e+02;3.9875377e-03;2.5250000e+02;1.5574016e-02;2.5250000e+02;3.1178793e-02;2.5250000e+02;4.9807936e-02;2.5250000e+02;7.1403585e-02;2.5250000e+02;9.6536778e-02;2.5250000e+02;1.2586504e-01;2.5250000e+02;1.5815930e-01;2.5250000e+02;1.8380193e-01;2.5250000e+02;2.0499560e-01;2.5250000e+02;2.1797891e-01;2.5250000e+02;2.2208175e-01;2.5250000e+02;2.0604928e-01;2.5250000e+02;1.7283088e-01;2.5250000e+02;1.2959048e-01;2.5250000e+02;8.4941603e-02;2.5250000e+02;4.3693483e-02;2.5250000e+02;-1.1431025e-03;2.5250000e+02;3.9875377e-03;2.5250000e+02;1.5574016e-02;2.5250000e+02;3.1178793e-02;2.5250000e+02;4.9807936e-02;2.5250000e+02;7.1403585e-02;2.5250000e+02;9.6536778e-02;2.5250000e+02;1.2586504e-01;2.5250000e+02;1.5815930e-01;2.5250000e+02;1.8380193e-01;2.5250000e+02;2.0499560e-01;2.5250000e+02;2.1797891e-01;2.5250000e+02;2.2208175e-01;2.5250000e+02;2.0604928e-01;2.5250000e+02;1.7283088e-01;2.5250000e+02;1.2959048e-01;2.5250000e+02;8.4941603e-02;2.5250000e+02;4.3693483e-02;2.5250000e+02;-1.1431025e-03;2.5250000e+02;3.9875377e-03;2.5250000e+02;1.5574016e-02;2.5250000e+02;3.1178793e-02;2.5250000e+02;4.9807936e-02;2.5250000e+02;7.1403585e-02;2.5250000e+02;9.6536778e-02;2.5250000e+02;1.2586504e-01;2.5250000e+02;1.5815930e-01;2.5250000e+02;1.8380193e-01;2.5250000e+02;2.0499560e-01;2.5250000e+02;2.1797891e-01;2.5250000e+02;2.2208175e-01;2.5250000e+02;2.0604928e-01;2.5250000e+02;1.7283088e-01;2.5250000e+02;1.2959048e-01;2.5250000e+02;8.4941603e-02;2.5250000e+02;4.3693483e-02;2.5250000e+02;-1.1431025e-03;2.5250000e+02;3.9875377e-03;2.5250000e+02;1.5574016e-02;2.5250000e+02;3.1178793e-02;2.5250000e+02;4.9807936e-02;2.5250000e+02;7.1403585e-02;2.5250000e+02;9.6536778e-02;2.5250000e+02;1.2586504e-01;2.5250000e+02;1.5815930e-01;2.5250000e+02;1.8380193e-01;2.5250000e+02;2.0499560e-01;2.5250000e+02;2.1797891e-01;2.5250000e+02;2.2208175e-01;2.5250000e+02;2.0604928e-01;2.5250000e+02;1.7283088e-01;2.5250000e+02;1.2959048e-01;2.5250000e+02;8.4941603e-02;2.5250000e+02;4.3693483e-02;2.5250000e+02;-1.1431025e-03;2.5250000e+02;3.9875377e-03;2.5250000e+02;1.5574016e-02;2.5250000e+02;3.1178793e-02;2.5250000e+02;4.9807936e-02;2.5250000e+02;7.1403585e-02;2.5250000e+02;9.6536778e-02;2.5250000e+02;1.2586504e-01;2.5250000e+02;1.5815930e-01;2.5250000e+02;1.8380193e-01;2.5250000e+02;2.0499560e-01;2.5250000e+02;2.1797891e-01;2.5250000e+02;2.2208175e-01;2.5250000e+02;2.0604928e-01;2.5250000e+02;1.7283088e-01;2.5250000e+02;1.2959048e-01;2.5250000e+02;8.4941603e-02;2.5250000e+02;4.3693483e-02;2.5250000e+02;-1.1431025e-03;2.5250000e+02;3.9875377e-03;2.5250000e+02;1.5574016e-02;2.5250000e+02;3.1178793e-02;2.5250000e+02;4.9807936e-02;2.5250000e+02;7.1403585e-02;2.5250000e+02;9.6536778e-02;2.5250000e+02;1.2586504e-01;2.5250000e+02;1.5815930e-01;2.5250000e+02;1.8380193e-01;2.5250000e+02;2.0499560e-01;2.5250000e+02;2.1797891e-01;2.5250000e+02;2.2208175e-01;2.5250000e+02;2.0604928e-01;2.5250000e+02;1.7283088e-01;2.5250000e+02;1.2959048e-01;2.5250000e+02;8.4941603e-02;2.5250000e+02;4.3693483e-02;2.5250000e+02;-1.1431025e-03;2.5250000e+02;3.9875377e-03;2.5250000e+02;1.5574016e-02;2.5250000e+02;3.1178793e-02;2.5250000e+02;4.9807936e-02;2.5250000e+02;7.1403585e-02;2.5250000e+02;9.6536778e-02;2.5250000e+02;1.2586504e-01;2.5250000e+02;1.5815930e-01;2.5250000e+02;1.8380193e-01;2.5250000e+02;2.0499560e-01;2.5250000e+02;2.1797891e-01;2.5250000e+02;2.2208175e-01;2.5250000e+02;2.0604928e-01;2.5250000e+02;1.7283088e-01;2.5250000e+02;1.2959048e-01;2.5250000e+02;8.4941603e-02;2.5250000e+02;4.3693483e-02;2.5250000e+02;-1.1431025e-03;2.5250000e+02;3.9875377e-03;2.5250000e+02;1.5574016e-02;2.5250000e+02;3.1178793e-02;2.5250000e+02;4.9807936e-02;2.5250000e+02;7.1403585e-02;2.5250000e+02;9.6536778e-02;2.5250000e+02;1.2586504e-01;2.5250000e+02;1.5815930e-01;2.5250000e+02;1.8380193e-01;2.5250000e+02;2.0499560e-01;2.5250000e+02;2.1797891e-01;2.5250000e+02;2.2208175e-01;2.5250000e+02;2.0604928e-01;2.5250000e+02;1.7283088e-01;2.5250000e+02;1.2959048e-01;2.5250000e+02;8.4941603e-02;2.5250000e+02;4.3693483e-02;2.5250000e+02;-1.1431025e-03;2.5250000e+02;3.9875377e-03;2.5250000e+02;1.5574016e-02;2.5250000e+02;3.1178793e-02;2.5250000e+02;4.9807936e-02;2.5250000e+02;7.1403585e-02;2.5250000e+02;9.6536778e-02;2.5250000e+02;1.2586504e-01;2.5250000e+02;1.5815930e-01;2.5250000e+02;1.8380193e-01;2.5250000e+02;2.0499560e-01;2.5250000e+02;2.1797891e-01;2.5250000e+02;2.2208175e-01;2.5250000e+02;2.0604928e-01;2.5250000e+02;1.7283088e-01;2.5250000e+02;1.2959048e-01;2.5250000e+02;8.4941603e-02;2.5250000e+02;4.3693483e-02;2.5250000e+02;-1.1431025e-03;2.5250000e+02;3.9875377e-03;2.5250000e+02;1.5574016e-02;2.5250000e+02;3.1178793e-02;2.5250000e+02;4.9807936e-02;2.5250000e+02;7.1403585e-02;2.5250000e+02;9.6536778e-02;2.5250000e+02;1.2586504e-01;2.5250000e+02;1.5815930e-01;2.5250000e+02;1.8380193e-01;2.5250000e+02;2.0499560e-01;2.5250000e+02;2.1797891e-01;2.5250000e+02;2.2208175e-01;2.5250000e+02;2.0604928e-01;2.5250000e+02;1.7283088e-01;2.5250000e+02;1.2959048e-01;2.5250000e+02;8.4941603e-02;2.5250000e+02;4.3693483e-02;2.5250000e+02;-1.1431025e-03;2.5250000e+02;3.9875377e-03;2.5250000e+02;1.5574016e-02;2.5250000e+02;3.1178793e-02;2.5250000e+02;4.9807936e-02;2.5250000e+02;7.1403585e-02;2.5250000e+02;9.6536778e-02;2.5250000e+02;1.2586504e-01;2.5250000e+02;1.5815930e-01;2.5250000e+02;1.8380193e-01;2.5250000e+02;2.0499560e-01;2.5250000e+02;2.1797891e-01;2.5250000e+02;2.2208175e-01;2.5250000e+02;2.0604928e-01;2.5250000e+02;1.7283088e-01;2.5250000e+02;1.2959048e-01;2.5250000e+02;8.4941603e-02;2.5250000e+02;4.3693483e-02;2.5250000e+02;-1.1431025e-03;2.5250000e+02;3.9875377e-03;2.5250000e+02;1.5574016e-02;2.5250000e+02;3.1178793e-02;2.5250000e+02;4.9807936e-02;2.5250000e+02;7.1403585e-02;2.5250000e+02;9.6536778e-02;2.5250000e+02;1.2586504e-01;2.5250000e+02;1.5815930e-01;2.5250000e+02;1.8380193e-01;2.5250000e+02;2.0499560e-01;2.5250000e+02;2.1797891e-01;2.5250000e+02;2.2208175e-01;2.5250000e+02;2.0604928e-01;2.5250000e+02;1.7283088e-01;2.5250000e+02;1.2959048e-01;2.5250000e+02;8.4941603e-02;2.5250000e+02;4.3693483e-02;2.5250000e+02;-1.1431025e-03;2.5250000e+02;3.9875377e-03;2.5250000e+02;1.5574016e-02;2.5250000e+02;3.1178793e-02;2.5250000e+02;4.9807936e-02;2.5250000e+02;7.1403585e-02;2.5250000e+02;9.6536778e-02;2.5250000e+02;1.2586504e-01;2.5250000e+02;1.5815930e-01;2.5250000e+02;1.8380193e-01;2.5250000e+02;2.0499560e-01;2.5250000e+02;2.1797891e-01;2.5250000e+02;2.2208175e-01;2.5250000e+02;2.0604928e-01;2.5250000e+02;1.7283088e-01;2.5250000e+02;1.2959048e-01;2.5250000e+02;8.4941603e-02;2.5250000e+02;4.3693483e-02;2.5250000e+02;-1.1431025e-03;2.5250000e+02;3.9875377e-03;2.5250000e+02;1.5574016e-02;2.5250000e+02;3.1178793e-02;2.5250000e+02;4.9807936e-02;2.5250000e+02;7.1403585e-02;2.5250000e+02;9.6536778e-02;2.5250000e+02;1.2586504e-01;2.5250000e+02;1.5815930e-01;2.5250000e+02;1.8380193e-01;2.5250000e+02;2.0499560e-01;2.5250000e+02;2.1797891e-01;2.5250000e+02;2.2208175e-01;2.5250000e+02;2.0604928e-01;2.5250000e+02;1.7283088e-01;2.5250000e+02;1.2959048e-01;2.5250000e+02;8.4941603e-02;2.5250000e+02;4.3693483e-02;2.5250000e+02;-1.1431025e-03;2.5250000e+02;3.9875377e-03;2.5250000e+02;1.5574016e-02;2.5250000e+02;3.1178793e-02;2.5250000e+02;4.9807936e-02;2.5250000e+02;7.1403585e-02;2.5250000e+02;9.6536778e-02;2.5250000e+02;1.2586504e-01;2.5250000e+02;1.5815930e-01;2.5250000e+02;1.8380193e-01;2.5250000e+02;2.0499560e-01;2.5250000e+02;2.1797891e-01;2.5250000e+02;2.2208175e-01;2.5250000e+02;2.0604928e-01;2.5250000e+02;1.7283088e-01;2.5250000e+02;1.2959048e-01;2.5250000e+02;8.4941603e-02;2.5250000e+02;4.3693483e-02;2.5250000e+02;-1.1431025e-03;2.5250000e+02;3.9875377e-03;2.5250000e+02;1.5574016e-02;2.5250000e+02;3.1178793e-02;2.5250000e+02;4.9807936e-02;2.5250000e+02;7.1403585e-02;2.5250000e+02;9.6536778e-02;2.5250000e+02;1.2586504e-01;2.5250000e+02;1.5815930e-01;2.5250000e+02;1.8380193e-01;2.5250000e+02;2.0499560e-01;2.5250000e+02;2.1797891e-01;2.5250000e+02;2.2208175e-01;2.5250000e+02;2.0604928e-01;2.5250000e+02;1.7283088e-01;2.5250000e+02;1.2959048e-01;2.5250000e+02;8.4941603e-02;2.5250000e+02;4.3693483e-02;2.5250000e+02;-1.1431025e-03;2.5250000e+02;3.9875377e-03;2.5250000e+02;1.5574016e-02;2.5250000e+02;3.1178793e-02;2.5250000e+02;4.9807936e-02;2.5250000e+02;7.1403585e-02;2.5250000e+02;9.6536778e-02;2.5250000e+02;1.2586504e-01;2.5250000e+02;1.5815930e-01;2.5250000e+02;1.8380193e-01;2.5250000e+02;2.0499560e-01;2.5250000e+02;2.1797891e-01;2.5250000e+02;2.2208175e-01;2.5250000e+02;2.0604928e-01;2.5250000e+02;1.7283088e-01;2.5250000e+02;1.2959048e-01;2.5250000e+02;8.4941603e-02;2.5250000e+02;4.3693483e-02;2.5250000e+02;-1.1431025e-03;2.5250000e+02;3.9875377e-03;2.5250000e+02;1.5574016e-02;2.5250000e+02;3.1178793e-02;2.5250000e+02;4.9807936e-02;2.5250000e+02;7.1403585e-02;2.5250000e+02;9.6536778e-02;2.5250000e+02;1.2586504e-01;2.5250000e+02;1.5815930e-01;2.5250000e+02;1.8380193e-01;2.5250000e+02;2.0499560e-01;2.5250000e+02;2.1797891e-01;2.5250000e+02;2.2208175e-01;2.5250000e+02;2.0604928e-01;2.5250000e+02;1.7283088e-01;2.5250000e+02;1.2959048e-01;2.5250000e+02;8.4941603e-02;2.5250000e+02;4.3693483e-02;2.5250000e+02;-1.1431025e-03;2.5250000e+02;3.9875377e-03;2.5250000e+02;1.5574016e-02;2.5250000e+02;3.1178793e-02;2.5250000e+02;4.9807936e-02;2.5250000e+02;7.1403585e-02;2.5250000e+02;9.6536778e-02;2.5250000e+02;1.2586504e-01;2.5250000e+02;1.5815930e-01;2.5250000e+02;1.8380193e-01;2.5250000e+02;2.0499560e-01;2.5250000e+02;2.1797891e-01;2.5250000e+02;2.2208175e-01;2.5250000e+02;2.0604928e-01;2.5250000e+02;1.7283088e-01;2.5250000e+02;1.2959048e-01;2.5250000e+02;8.4941603e-02;2.5250000e+02;4.3693483e-02;2.5250000e+02;-1.1431025e-03;2.5250000e+02;3.9875377e-03;2.5250000e+02;1.5574016e-02;2.5250000e+02;3.1178793e-02;2.5250000e+02;4.9807936e-02;2.5250000e+02;7.1403585e-02;2.5250000e+02;9.6536778e-02;2.5250000e+02;1.2586504e-01;2.5250000e+02;1.5815930e-01;2.5250000e+02;1.8380193e-01;2.5250000e+02;2.0499560e-01;2.5250000e+02;2.1797891e-01;2.5250000e+02;2.2208175e-01;2.5250000e+02;2.0604928e-01;2.5250000e+02;1.7283088e-01;2.5250000e+02;1.2959048e-01;2.5250000e+02;8.4941603e-02;2.5250000e+02;4.3693483e-02;2.5250000e+02;-1.1431025e-03;2.5250000e+02;3.9875377e-03;2.5250000e+02;1.5574016e-02;2.5250000e+02;3.1178793e-02;2.5250000e+02;4.9807936e-02;2.5250000e+02;7.1403585e-02;2.5250000e+02;9.6536778e-02;2.5250000e+02;1.2586504e-01;2.5250000e+02;1.5815930e-01;2.5250000e+02;1.8380193e-01;2.5250000e+02;2.0499560e-01;2.5250000e+02;2.1797891e-01;2.5250000e+02;2.2208175e-01;2.5250000e+02;2.0604928e-01;2.5250000e+02;1.7283088e-01;2.5250000e+02;1.2959048e-01;2.5250000e+02;8.4941603e-02;2.5250000e+02;4.3693483e-02;2.5250000e+02;-1.1431025e-03;2.5250000e+02;3.9875377e-03;2.5250000e+02;1.5574016e-02;2.5250000e+02;3.1178793e-02;2.5250000e+02;4.9807936e-02;2.5250000e+02;7.1403585e-02;2.5250000e+02;9.6536778e-02;2.5250000e+02;1.2586504e-01;2.5250000e+02;1.5815930e-01;2.5250000e+02;1.8380193e-01;2.5250000e+02;2.0499560e-01;2.5250000e+02;2.1797891e-01;2.5250000e+02;2.2208175e-01;2.5250000e+02;2.0604928e-01;2.5250000e+02;1.7283088e-01;2.5250000e+02;1.2959048e-01;2.5250000e+02;8.4941603e-02;2.5250000e+02;4.3693483e-02;2.5250000e+02;-1.1431025e-03;2.5250000e+02;3.9875377e-03;2.5250000e+02;1.5574016e-02;2.5250000e+02;3.1178793e-02;2.5250000e+02;4.9807936e-02;2.5250000e+02;7.1403585e-02;2.5250000e+02;9.6536778e-02;2.5250000e+02;1.2586504e-01;2.5250000e+02;1.5815930e-01;2.5250000e+02;1.8380193e-01;2.5250000e+02;2.0499560e-01;2.5250000e+02;2.1797891e-01;2.5250000e+02;2.2208175e-01;2.5250000e+02;2.0604928e-01;2.5250000e+02;1.7283088e-01;2.5250000e+02;1.2959048e-01;2.5250000e+02;8.4941603e-02;2.5250000e+02;4.3693483e-02;2.5250000e+02;-1.1431025e-03;2.5250000e+02;3.9875377e-03;2.5250000e+02;1.5574016e-02;2.5250000e+02;3.1178793e-02;2.5250000e+02;4.9807936e-02;2.5250000e+02;7.1403585e-02;2.5250000e+02;9.6536778e-02;2.5250000e+02;1.2586504e-01;2.5250000e+02;1.5815930e-01;2.5250000e+02;1.8380193e-01;2.5250000e+02;2.0499560e-01;2.5250000e+02;2.1797891e-01;2.5250000e+02;2.2208175e-01;2.5250000e+02;2.0604928e-01;2.5250000e+02;1.7283088e-01;2.5250000e+02;1.2959048e-01;2.5250000e+02;8.4941603e-02;2.5250000e+02;4.3693483e-02;2.5250000e+02;-1.1431025e-03;2.5250000e+02;3.9875377e-03;2.5250000e+02;1.5574016e-02;2.5250000e+02;3.1178793e-02;2.5250000e+02;4.9807936e-02;2.5250000e+02;7.1403585e-02;2.5250000e+02;9.6536778e-02;2.5250000e+02;1.2586504e-01;2.5250000e+02;1.5815930e-01;2.5250000e+02;1.8380193e-01;2.5250000e+02;2.0499560e-01;2.5250000e+02;2.1797891e-01;2.5250000e+02;2.2208175e-01;2.5250000e+02;2.0604928e-01;2.5250000e+02;1.7283088e-01;2.5250000e+02;1.2959048e-01;2.5250000e+02;8.4941603e-02;2.5250000e+02;4.3693483e-02;2.5250000e+02;-1.1431025e-03;2.5250000e+02;3.9875377e-03;2.5250000e+02;1.5574016e-02;2.5250000e+02;3.1178793e-02;2.5250000e+02;4.9807936e-02;2.5250000e+02;7.1403585e-02;2.5250000e+02;9.6536778e-02;2.5250000e+02;1.2586504e-01;2.5250000e+02;1.5815930e-01;2.5250000e+02;1.8380193e-01;2.5250000e+02;2.0499560e-01;2.5250000e+02;2.1797891e-01;2.5250000e+02;2.2208175e-01;2.5250000e+02;2.0604928e-01;2.5250000e+02;1.7283088e-01;2.5250000e+02;1.2959048e-01;2.5250000e+02;8.4941603e-02;2.5250000e+02;4.3693483e-02;2.5250000e+02;-1.1431025e-03;2.5250000e+02;3.9875377e-03;2.5250000e+02;1.5574016e-02;2.5250000e+02;3.1178793e-02;2.5250000e+02;4.9807936e-02;2.5250000e+02;7.1403585e-02;2.5250000e+02;9.6536778e-02;2.5250000e+02;1.2586504e-01;2.5250000e+02;1.5815930e-01;2.5250000e+02;1.8380193e-01;2.5250000e+02;2.0499560e-01;2.5250000e+02;2.1797891e-01;2.5250000e+02;2.2208175e-01;2.5250000e+02;2.0604928e-01;2.5250000e+02;1.7283088e-01;2.5250000e+02;1.2959048e-01;2.5250000e+02;8.4941603e-02;2.5250000e+02;4.3693483e-02;2.5250000e+02;-1.1431025e-03;2.5250000e+02;3.9875377e-03;2.5250000e+02;1.5574016e-02;2.5250000e+02;3.1178793e-02;2.5250000e+02;4.9807936e-02;2.5250000e+02;7.1403585e-02;2.5250000e+02;9.6536778e-02;2.5250000e+02;1.2586504e-01;2.5250000e+02;1.5815930e-01;2.5250000e+02;1.8380193e-01;2.5250000e+02;2.0499560e-01;2.5250000e+02;2.1797891e-01;2.5250000e+02;2.2208175e-01;2.5250000e+02;2.0604928e-01;2.5250000e+02;1.7283088e-01;2.5250000e+02;1.2959048e-01;2.5250000e+02;8.4941603e-02;2.5250000e+02;4.3693483e-02;2.5250000e+02;-1.1431025e-03;2.5250000e+02;3.9875377e-03;2.5250000e+02;1.5574016e-02;2.5250000e+02;3.1178793e-02;2.5250000e+02;4.9807936e-02;2.5250000e+02;7.1403585e-02;2.5250000e+02;9.6536778e-02;2.5250000e+02;1.2586504e-01;2.5250000e+02;1.5815930e-01;2.5250000e+02;1.8380193e-01;2.5250000e+02;2.0499560e-01;2.5250000e+02;2.1797891e-01;2.5250000e+02;2.2208175e-01;2.5250000e+02;2.0604928e-01;2.5250000e+02;1.7283088e-01;2.5250000e+02;1.2959048e-01;2.5250000e+02;8.4941603e-02;2.5250000e+02;4.3693483e-02;2.5250000e+02;-1.1431025e-03;2.5250000e+02;3.9875377e-03;2.5250000e+02;1.5574016e-02;2.5250000e+02;3.1178793e-02;2.5250000e+02;4.9807936e-02;2.5250000e+02;7.1403585e-02;2.5250000e+02;9.6536778e-02;2.5250000e+02;1.2586504e-01;2.5250000e+02;1.5815930e-01;2.5250000e+02;1.8380193e-01;2.5250000e+02;2.0499560e-01;2.5250000e+02;2.1797891e-01;2.5250000e+02;2.2208175e-01;2.5250000e+02;2.0604928e-01;2.5250000e+02;1.7283088e-01;2.5250000e+02;1.2959048e-01;2.5250000e+02;8.4941603e-02;2.5250000e+02;4.3693483e-02;2.5250000e+02;-1.1431025e-03;2.5250000e+02;3.9875377e-03;2.5250000e+02;1.5574016e-02;2.5250000e+02;3.1178793e-02;2.5250000e+02;4.9807936e-02;2.5250000e+02;7.1403585e-02;2.5250000e+02;9.6536778e-02;2.5250000e+02;1.2586504e-01;2.5250000e+02;1.5815930e-01;2.5250000e+02;1.8380193e-01;2.5250000e+02;2.0499560e-01;2.5250000e+02;2.1797891e-01;2.5250000e+02;2.2208175e-01;2.5250000e+02;2.0604928e-01;2.5250000e+02;1.7283088e-01;2.5250000e+02;1.2959048e-01;2.5250000e+02;8.4941603e-02;2.5250000e+02;4.3693483e-02;2.5250000e+02;-1.1431025e-03;2.5250000e+02;3.9875377e-03;2.5250000e+02;1.5574016e-02;2.5250000e+02;3.1178793e-02;2.5250000e+02;4.9807936e-02;2.5250000e+02;7.1403585e-02;2.5250000e+02;9.6536778e-02;2.5250000e+02;1.2586504e-01;2.5250000e+02;1.5815930e-01;2.5250000e+02;1.8380193e-01;2.5250000e+02;2.0499560e-01;2.5250000e+02;2.1797891e-01;2.5250000e+02;2.2208175e-01;2.5250000e+02;2.0604928e-01;2.5250000e+02;1.7283088e-01;2.5250000e+02;1.2959048e-01;2.5250000e+02;8.4941603e-02;2.5250000e+02;4.3693483e-02;2.5250000e+02;-1.1431025e-03;2.5250000e+02;3.9875377e-03;2.5250000e+02;1.5574016e-02;2.5250000e+02;3.1178793e-02;2.5250000e+02;4.9807936e-02;2.5250000e+02;7.1403585e-02;2.5250000e+02;9.6536778e-02;2.5250000e+02;1.2586504e-01;2.5250000e+02;1.5815930e-01;2.5250000e+02;1.8380193e-01;2.5250000e+02;2.0499560e-01;2.5250000e+02;2.1797891e-01;2.5250000e+02;2.2208175e-01;2.5250000e+02;2.0604928e-01;2.5250000e+02;1.7283088e-01;2.5250000e+02;1.2959048e-01;2.5250000e+02;8.4941603e-02;2.5250000e+02;4.3693483e-02;2.5250000e+02;-1.1431025e-03;2.5250000e+02;3.9875377e-03;2.5250000e+02;1.5574016e-02;2.5250000e+02;3.1178793e-02;2.5250000e+02;4.9807936e-02;2.5250000e+02;7.1403585e-02;2.5250000e+02;9.6536778e-02;2.5250000e+02;1.2586504e-01;2.5250000e+02;1.5815930e-01;2.5250000e+02;1.8380193e-01;2.5250000e+02;2.0499560e-01;2.5250000e+02;2.1797891e-01;2.5250000e+02;2.2208175e-01;2.5250000e+02;2.0604928e-01;2.5250000e+02;1.7283088e-01;2.5250000e+02;1.2959048e-01;2.5250000e+02;8.4941603e-02;2.5250000e+02;4.3693483e-02;2.5250000e+02;-1.1431025e-03;2.5250000e+02;3.9875377e-03;2.5250000e+02;1.5574016e-02;2.5250000e+02;3.1178793e-02;2.5250000e+02;4.9807936e-02;2.5250000e+02;7.1403585e-02;2.5250000e+02;9.6536778e-02;2.5250000e+02;1.2586504e-01;2.5250000e+02;1.5815930e-01;2.5250000e+02;1.8380193e-01;2.5250000e+02;2.0499560e-01;2.5250000e+02;2.1797891e-01;2.5250000e+02;2.2208175e-01;2.5250000e+02;2.0604928e-01;2.5250000e+02;1.7283088e-01;2.5250000e+02;1.2959048e-01;2.5250000e+02;8.4941603e-02;2.5250000e+02;4.3693483e-02;2.5250000e+02;-1.1431025e-03;2.5250000e+02;3.9875377e-03;2.5250000e+02;1.5574016e-02;2.5250000e+02;3.1178793e-02;2.5250000e+02;4.9807936e-02;2.5250000e+02;7.1403585e-02;2.5250000e+02;9.6536778e-02;2.5250000e+02;1.2586504e-01;2.5250000e+02;1.5815930e-01;2.5250000e+02;1.8380193e-01;2.5250000e+02;2.0499560e-01;2.5250000e+02;2.1797891e-01;2.5250000e+02;2.2208175e-01;2.5250000e+02;2.0604928e-01;2.5250000e+02;1.7283088e-01;2.5250000e+02;1.2959048e-01;2.5250000e+02;8.4941603e-02;2.5250000e+02;4.3693483e-02;2.5250000e+02;-1.1431025e-03;2.5250000e+02;3.9875377e-03;2.5250000e+02;1.5574016e-02;2.5250000e+02;3.1178793e-02;2.5250000e+02;4.9807936e-02;2.5250000e+02;7.1403585e-02;2.5250000e+02;9.6536778e-02;2.5250000e+02;1.2586504e-01;2.5250000e+02;1.5815930e-01;2.5250000e+02;1.8380193e-01;2.5250000e+02;2.0499560e-01;2.5250000e+02;2.1797891e-01;2.5250000e+02;2.2208175e-01;2.5250000e+02;2.0604928e-01;2.5250000e+02;1.7283088e-01;2.5250000e+02;1.2959048e-01;2.5250000e+02;8.4941603e-02;2.5250000e+02;4.3693483e-02;2.5250000e+02;-1.1431025e-03;2.5250000e+02;3.9875377e-03;2.5250000e+02;1.5574016e-02;2.5250000e+02;3.1178793e-02;2.5250000e+02;4.9807936e-02;2.5250000e+02;7.1403585e-02;2.5250000e+02;9.6536778e-02;2.5250000e+02;1.2586504e-01;2.5250000e+02;1.5815930e-01;2.5250000e+02;1.8380193e-01;2.5250000e+02;2.0499560e-01;2.5250000e+02;2.1797891e-01;2.5250000e+02;2.2208175e-01;2.5250000e+02;2.0604928e-01;2.5250000e+02;1.7283088e-01;2.5250000e+02;1.2959048e-01;2.5250000e+02;8.4941603e-02;2.5250000e+02;4.3693483e-02;2.5250000e+02;-1.1431025e-03;2.5250000e+02;3.9875377e-03;2.5250000e+02;1.5574016e-02;2.5250000e+02;3.1178793e-02;2.5250000e+02;4.9807936e-02;2.5250000e+02;7.1403585e-02;2.5250000e+02;9.6536778e-02;2.5250000e+02;1.2586504e-01;2.5250000e+02;1.5815930e-01;2.5250000e+02;1.8380193e-01;2.5250000e+02;2.0499560e-01;2.5250000e+02;2.1797891e-01;2.5250000e+02;2.2208175e-01;2.5250000e+02;2.0604928e-01;2.5250000e+02;1.7283088e-01;2.5250000e+02;1.2959048e-01;2.5250000e+02;8.4941603e-02;2.5250000e+02;4.3693483e-02;2.5250000e+02;-1.1431025e-03;2.5250000e+02;3.9875377e-03;2.5250000e+02;1.5574016e-02;2.5250000e+02;3.1178793e-02;2.5250000e+02;4.9807936e-02;2.5250000e+02;7.1403585e-02;2.5250000e+02;9.6536778e-02;2.5250000e+02;1.2586504e-01;2.5250000e+02;1.5815930e-01;2.5250000e+02;1.8380193e-01;2.5250000e+02;2.0499560e-01;2.5250000e+02;2.1797891e-01;2.5250000e+02;2.2208175e-01;2.5250000e+02;2.0604928e-01;2.5250000e+02;1.7283088e-01;2.5250000e+02;1.2959048e-01;2.5250000e+02;8.4941603e-02;2.5250000e+02;4.3693483e-02;2.5250000e+02;-1.1431025e-03;2.5250000e+02;3.9875377e-03;2.5250000e+02;1.5574016e-02;2.5250000e+02;3.1178793e-02;2.5250000e+02;4.9807936e-02;2.5250000e+02;7.1403585e-02;2.5250000e+02;9.6536778e-02;2.5250000e+02;1.2586504e-01;2.5250000e+02;1.5815930e-01;2.5250000e+02;1.8380193e-01;2.5250000e+02;2.0499560e-01;2.5250000e+02;2.1797891e-01;2.5250000e+02;2.2208175e-01;2.5250000e+02;2.0604928e-01;2.5250000e+02;1.7283088e-01;2.5250000e+02;1.2959048e-01;2.5250000e+02;8.4941603e-02;2.5250000e+02;4.3693483e-02;2.5250000e+02;-1.1431025e-03;2.5250000e+02;3.9875377e-03;2.5250000e+02;1.5574016e-02;2.5250000e+02;3.1178793e-02;2.5250000e+02;4.9807936e-02;2.5250000e+02;7.1403585e-02;2.5250000e+02;9.6536778e-02;2.5250000e+02;1.2586504e-01;2.5250000e+02;1.5815930e-01;2.5250000e+02;1.8380193e-01;2.5250000e+02;2.0499560e-01;2.5250000e+02;2.1797891e-01;2.5250000e+02;2.2208175e-01;2.5250000e+02;2.0604928e-01;2.5250000e+02;1.7283088e-01;2.5250000e+02;1.2959048e-01;2.5250000e+02;8.4941603e-02;2.5250000e+02;4.3693483e-02;2.5250000e+02;-1.1431025e-03;2.5250000e+02;3.9875377e-03;2.5250000e+02;1.5574016e-02;2.5250000e+02;3.1178793e-02;2.5250000e+02;4.9807936e-02;2.5250000e+02;7.1403585e-02;2.5250000e+02;9.6536778e-02;2.5250000e+02;1.2586504e-01;2.5250000e+02;1.5815930e-01;2.5250000e+02;1.8380193e-01;2.5250000e+02;2.0499560e-01;2.5250000e+02;2.1797891e-01;2.5250000e+02;2.2208175e-01;2.5250000e+02;2.0604928e-01;2.5250000e+02;1.7283088e-01;2.5250000e+02;1.2959048e-01;2.5250000e+02;8.4941603e-02;2.5250000e+02;4.3693483e-02;2.5250000e+02;-1.1431025e-03;2.5250000e+02;3.9875377e-03;2.5250000e+02;1.5574016e-02;2.5250000e+02;3.1178793e-02;2.5250000e+02;4.9807936e-02;2.5250000e+02;7.1403585e-02;2.5250000e+02;9.6536778e-02;2.5250000e+02;1.2586504e-01;2.5250000e+02;1.5815930e-01;2.5250000e+02;1.8380193e-01;2.5250000e+02;2.0499560e-01;2.5250000e+02;2.1797891e-01;2.5250000e+02;2.2208175e-01;2.5250000e+02;2.0604928e-01;2.5250000e+02;1.7283088e-01;2.5250000e+02;1.2959048e-01;2.5250000e+02;8.4941603e-02;2.5250000e+02;4.3693483e-02;2.5250000e+02;-1.1431025e-03;2.5250000e+02;3.9875377e-03;2.5250000e+02;1.5574016e-02;2.5250000e+02;3.1178793e-02;2.5250000e+02;4.9807936e-02;2.5250000e+02;7.1403585e-02;2.5250000e+02;9.6536778e-02;2.5250000e+02;1.2586504e-01;2.5250000e+02;1.5815930e-01;2.5250000e+02;1.8380193e-01;2.5250000e+02;2.0499560e-01;2.5250000e+02;2.1797891e-01;2.5250000e+02;2.2208175e-01;2.5250000e+02;2.0604928e-01;2.5250000e+02;1.7283088e-01;2.5250000e+02;1.2959048e-01;2.5250000e+02;8.4941603e-02;2.5250000e+02;4.3693483e-02;2.5250000e+02;-1.1431025e-03;2.5250000e+02;3.9875377e-03;2.5250000e+02;1.5574016e-02;2.5250000e+02;3.1178793e-02;2.5250000e+02;4.9807936e-02;2.5250000e+02;7.1403585e-02;2.5250000e+02;9.6536778e-02;2.5250000e+02;1.2586504e-01;2.5250000e+02;1.5815930e-01;2.5250000e+02;1.8380193e-01;2.5250000e+02;2.0499560e-01;2.5250000e+02;2.1797891e-01;2.5250000e+02;2.2208175e-01;2.5250000e+02;2.0604928e-01;2.5250000e+02;1.7283088e-01;2.5250000e+02;1.2959048e-01;2.5250000e+02;8.4941603e-02;2.5250000e+02;4.3693483e-02;2.5250000e+02;-1.1431025e-03;2.5250000e+02;3.9875377e-03;2.5250000e+02;1.5574016e-02;2.5250000e+02;3.1178793e-02;2.5250000e+02;4.9807936e-02;2.5250000e+02;7.1403585e-02;2.5250000e+02;9.6536778e-02;2.5250000e+02;1.2586504e-01;2.5250000e+02;1.5815930e-01;2.5250000e+02;1.8380193e-01;2.5250000e+02;2.0499560e-01;2.5250000e+02;2.1797891e-01;2.5250000e+02;2.2208175e-01;2.5250000e+02;2.0604928e-01;2.5250000e+02;1.7283088e-01;2.5250000e+02;1.2959048e-01;2.5250000e+02;8.4941603e-02;2.5250000e+02;4.3693483e-02;2.5250000e+02;-1.1431025e-03;2.5250000e+02;3.9875377e-03;2.5250000e+02;1.5574016e-02;2.5250000e+02;3.1178793e-02;2.5250000e+02;4.9807936e-02;2.5250000e+02;7.1403585e-02;2.5250000e+02;9.6536778e-02;2.5250000e+02;1.2586504e-01;2.5250000e+02;1.5815930e-01;2.5250000e+02;1.8380193e-01;2.5250000e+02;2.0499560e-01;2.5250000e+02;2.1797891e-01;2.5250000e+02;2.2208175e-01;2.5250000e+02;2.0604928e-01;2.5250000e+02;1.7283088e-01;2.5250000e+02;1.2959048e-01;2.5250000e+02;8.4941603e-02;2.5250000e+02;4.3693483e-02;2.5250000e+02;-1.1431025e-03;2.5250000e+02;3.9875377e-03;2.5250000e+02;1.5574016e-02;2.5250000e+02;3.1178793e-02;2.5250000e+02;4.9807936e-02;2.5250000e+02;7.1403585e-02;2.5250000e+02;9.6536778e-02;2.5250000e+02;1.2586504e-01;2.5250000e+02;1.5815930e-01;2.5250000e+02;1.8380193e-01;2.5250000e+02;2.0499560e-01;2.5250000e+02;2.1797891e-01;2.5250000e+02;2.2208175e-01;2.5250000e+02;2.0604928e-01;2.5250000e+02;1.7283088e-01;2.5250000e+02;1.2959048e-01;2.5250000e+02;8.4941603e-02;2.5250000e+02;4.3693483e-02;2.5250000e+02;-1.1431025e-03;2.5250000e+02;3.9875377e-03;2.5250000e+02;1.5574016e-02;2.5250000e+02;3.1178793e-02;2.5250000e+02;4.9807936e-02;2.5250000e+02;7.1403585e-02;2.5250000e+02;9.6536778e-02;2.5250000e+02;1.2586504e-01;2.5250000e+02;1.5815930e-01;2.5250000e+02;1.8380193e-01;2.5250000e+02;2.0499560e-01;2.5250000e+02;2.1797891e-01;2.5250000e+02;2.2208175e-01;2.5250000e+02;2.0604928e-01;2.5250000e+02;1.7283088e-01;2.5250000e+02;1.2959048e-01;2.5250000e+02;8.4941603e-02;2.5250000e+02;4.3693483e-02;2.5250000e+02;-1.1431025e-03;2.5250000e+02;3.9875377e-03;2.5250000e+02;1.5574016e-02;2.5250000e+02;3.1178793e-02;2.5250000e+02;4.9807936e-02;2.5250000e+02;7.1403585e-02;2.5250000e+02;9.6536778e-02;2.5250000e+02;1.2586504e-01;2.5250000e+02;1.5815930e-01;2.5250000e+02;1.8380193e-01;2.5250000e+02;2.0499560e-01;2.5250000e+02;2.1797891e-01;2.5250000e+02;2.2208175e-01;2.5250000e+02;2.0604928e-01;2.5250000e+02;1.7283088e-01;2.5250000e+02;1.2959048e-01;2.5250000e+02;8.4941603e-02;2.5250000e+02;4.3693483e-02;2.5250000e+02;-1.1431025e-03;2.5250000e+02;3.9875377e-03;2.5250000e+02;1.5574016e-02;2.5250000e+02;3.1178793e-02;2.5250000e+02;4.9807936e-02;2.5250000e+02;7.1403585e-02;2.5250000e+02;9.6536778e-02;2.5250000e+02;1.2586504e-01;2.5250000e+02;1.5815930e-01;2.5250000e+02;1.8380193e-01;2.5250000e+02;2.0499560e-01;2.5250000e+02;2.1797891e-01;2.5250000e+02;2.2208175e-01;2.5250000e+02;2.0604928e-01;2.5250000e+02;1.7283088e-01;2.5250000e+02;1.2959048e-01;2.5250000e+02;8.4941603e-02;2.5250000e+02;4.3693483e-02;2.5250000e+02;-1.1431025e-03;2.5250000e+02;3.9875377e-03;2.5250000e+02;1.5574016e-02;2.5250000e+02;3.1178793e-02;2.5250000e+02;4.9807936e-02;2.5250000e+02;7.1403585e-02;2.5250000e+02;9.6536778e-02;2.5250000e+02;1.2586504e-01;2.5250000e+02;1.5815930e-01;2.5250000e+02;1.8380193e-01;2.5250000e+02;2.0499560e-01;2.5250000e+02;2.1797891e-01;2.5250000e+02;2.2208175e-01;2.5250000e+02;2.0604928e-01;2.5250000e+02;1.7283088e-01;2.5250000e+02;1.2959048e-01;2.5250000e+02;8.4941603e-02;2.5250000e+02;4.3693483e-02;2.5250000e+02;-1.1431025e-03;2.5250000e+02;3.9875377e-03;2.5250000e+02;1.5574016e-02;2.5250000e+02;3.1178793e-02;2.5250000e+02;4.9807936e-02;2.5250000e+02;7.1403585e-02;2.5250000e+02;9.6536778e-02;2.5250000e+02;1.2586504e-01;2.5250000e+02;1.5815930e-01;2.5250000e+02;1.8380193e-01;2.5250000e+02;2.0499560e-01;2.5250000e+02;2.1797891e-01;2.5250000e+02;2.2208175e-01;2.5250000e+02;2.0604928e-01;2.5250000e+02;1.7283088e-01;2.5250000e+02;1.2959048e-01;2.5250000e+02;8.4941603e-02;2.5250000e+02;4.3693483e-02;2.5250000e+02;-1.1431025e-03;2.5250000e+02;3.9875377e-03;2.5250000e+02;1.5574016e-02;2.5250000e+02;3.1178793e-02;2.5250000e+02;4.9807936e-02;2.5250000e+02;7.1403585e-02;2.5250000e+02;9.6536778e-02;2.5250000e+02;1.2586504e-01;2.5250000e+02;1.5815930e-01;2.5250000e+02;1.8380193e-01;2.5250000e+02;2.0499560e-01;2.5250000e+02;2.1797891e-01;2.5250000e+02;2.2208175e-01;2.5250000e+02;2.0604928e-01;2.5250000e+02;1.7283088e-01;2.5250000e+02;1.2959048e-01;2.5250000e+02;8.4941603e-02;2.5250000e+02;4.3693483e-02;2.5250000e+02;-1.1431025e-03;2.5250000e+02;3.9875377e-03;2.5250000e+02;1.5574016e-02;2.5250000e+02;3.1178793e-02;2.5250000e+02;4.9807936e-02;2.5250000e+02;7.1403585e-02;2.5250000e+02;9.6536778e-02;2.5250000e+02;1.2586504e-01;2.5250000e+02;1.5815930e-01;2.5250000e+02;1.8380193e-01;2.5250000e+02;2.0499560e-01;2.5250000e+02;2.1797891e-01;2.5250000e+02;2.2208175e-01;2.5250000e+02;2.0604928e-01;2.5250000e+02;1.7283088e-01;2.5250000e+02;1.2959048e-01;2.5250000e+02;8.4941603e-02;2.5250000e+02;4.3693483e-02;2.5250000e+02;-1.1431025e-03;2.5250000e+02;3.9875377e-03;2.5250000e+02;1.5574016e-02;2.5250000e+02;3.1178793e-02;2.5250000e+02;4.9807936e-02;2.5250000e+02;7.1403585e-02;2.5250000e+02;9.6536778e-02;2.5250000e+02;1.2586504e-01;2.5250000e+02;1.5815930e-01;2.5250000e+02;1.8380193e-01;2.5250000e+02;2.0499560e-01;2.5250000e+02;2.1797891e-01;2.5250000e+02;2.2208175e-01;2.5250000e+02;2.0604928e-01;2.5250000e+02;1.7283088e-01;2.5250000e+02;1.2959048e-01;2.5250000e+02;8.4941603e-02;2.5250000e+02;4.3693483e-02;2.5250000e+02;-1.1431025e-03;2.5250000e+02;3.9875377e-03;2.5250000e+02;1.5574016e-02;2.5250000e+02;3.1178793e-02;2.5250000e+02;4.9807936e-02;2.5250000e+02;7.1403585e-02;2.5250000e+02;9.6536778e-02;2.5250000e+02;1.2586504e-01;2.5250000e+02;1.5815930e-01;2.5250000e+02;1.8380193e-01;2.5250000e+02;2.0499560e-01;2.5250000e+02;2.1797891e-01;2.5250000e+02;2.2208175e-01;2.5250000e+02;2.0604928e-01;2.5250000e+02;1.7283088e-01;2.5250000e+02;1.2959048e-01;2.5250000e+02;8.4941603e-02;2.5250000e+02;4.3693483e-02;2.5250000e+02;-1.1431025e-03;2.5250000e+02;3.9875377e-03;2.5250000e+02;1.5574016e-02;2.5250000e+02;3.1178793e-02;2.5250000e+02;4.9807936e-02;2.5250000e+02;7.1403585e-02;2.5250000e+02;9.6536778e-02;2.5250000e+02;1.2586504e-01;2.5250000e+02;1.5815930e-01;2.5250000e+02;1.8380193e-01;2.5250000e+02;2.0499560e-01;2.5250000e+02;2.1797891e-01;2.5250000e+02;2.2208175e-01;2.5250000e+02;2.0604928e-01;2.5250000e+02;1.7283088e-01;2.5250000e+02;1.2959048e-01;2.5250000e+02;8.4941603e-02;2.5250000e+02;4.3693483e-02;2.5250000e+02;-1.1431025e-03;2.5250000e+02;3.9875377e-03;2.5250000e+02;1.5574016e-02;2.5250000e+02;3.1178793e-02;2.5250000e+02;4.9807936e-02;2.5250000e+02;7.1403585e-02;2.5250000e+02;9.6536778e-02;2.5250000e+02;1.2586504e-01;2.5250000e+02;1.5815930e-01;2.5250000e+02;1.8380193e-01;2.5250000e+02;2.0499560e-01;2.5250000e+02;2.1797891e-01;2.5250000e+02;2.2208175e-01;2.5250000e+02;2.0604928e-01;2.5250000e+02;1.7283088e-01;2.5250000e+02;1.2959048e-01;2.5250000e+02;8.4941603e-02;2.5250000e+02;4.3693483e-02;2.5250000e+02;-1.1431025e-03;2.5250000e+02;3.9875377e-03;2.5250000e+02;1.5574016e-02;2.5250000e+02;3.1178793e-02;2.5250000e+02;4.9807936e-02;2.5250000e+02;7.1403585e-02;2.5250000e+02;9.6536778e-02;2.5250000e+02;1.2586504e-01;2.5250000e+02;1.5815930e-01;2.5250000e+02;1.8380193e-01;2.5250000e+02;2.0499560e-01;2.5250000e+02;2.1797891e-01;2.5250000e+02;2.2208175e-01;2.5250000e+02;2.0604928e-01;2.5250000e+02;1.7283088e-01;2.5250000e+02;1.2959048e-01;2.5250000e+02;8.4941603e-02;2.5250000e+02;4.3693483e-02;2.5250000e+02;-1.1431025e-03;2.5250000e+02;3.9875377e-03;2.5250000e+02;1.5574016e-02;2.5250000e+02;3.1178793e-02;2.5250000e+02;4.9807936e-02;2.5250000e+02;7.1403585e-02;2.5250000e+02;9.6536778e-02;2.5250000e+02;1.2586504e-01;2.5250000e+02;1.5815930e-01;2.5250000e+02;1.8380193e-01;2.5250000e+02;2.0499560e-01;2.5250000e+02;2.1797891e-01;2.5250000e+02;2.2208175e-01;2.5250000e+02;2.0604928e-01;2.5250000e+02;1.7283088e-01;2.5250000e+02;1.2959048e-01;2.5250000e+02;8.4941603e-02;2.5250000e+02;4.3693483e-02;2.5250000e+02;-1.1431025e-03;2.5250000e+02;3.9875377e-03;2.5250000e+02;1.5574016e-02;2.5250000e+02;3.1178793e-02;2.5250000e+02;4.9807936e-02;2.5250000e+02;7.1403585e-02;2.5250000e+02;9.6536778e-02;2.5250000e+02;1.2586504e-01;2.5250000e+02;1.5815930e-01;2.5250000e+02;1.8380193e-01;2.5250000e+02;2.0499560e-01;2.5250000e+02;2.1797891e-01;2.5250000e+02;2.2208175e-01;2.5250000e+02;2.0604928e-01;2.5250000e+02;1.7283088e-01;2.5250000e+02;1.2959048e-01;2.5250000e+02;8.4941603e-02;2.5250000e+02;4.3693483e-02;2.5250000e+02;-1.1431025e-03;2.5250000e+02;3.9875377e-03;2.5250000e+02;1.5574016e-02;2.5250000e+02;3.1178793e-02;2.5250000e+02;4.9807936e-02;2.5250000e+02;7.1403585e-02;2.5250000e+02;9.6536778e-02;2.5250000e+02;1.2586504e-01;2.5250000e+02;1.5815930e-01;2.5250000e+02;1.8380193e-01;2.5250000e+02;2.0499560e-01;2.5250000e+02;2.1797891e-01;2.5250000e+02;2.2208175e-01;2.5250000e+02;2.0604928e-01;2.5250000e+02;1.7283088e-01;2.5250000e+02;1.2959048e-01;2.5250000e+02;8.4941603e-02;2.5250000e+02;4.3693483e-02;2.5250000e+02;-1.1431025e-03;2.5250000e+02;3.9875377e-03;2.5250000e+02;1.5574016e-02;2.5250000e+02;3.1178793e-02;2.5250000e+02;4.9807936e-02;2.5250000e+02;7.1403585e-02;2.5250000e+02;9.6536778e-02;2.5250000e+02;1.2586504e-01;2.5250000e+02;1.5815930e-01;2.5250000e+02;1.8380193e-01;2.5250000e+02;2.0499560e-01;2.5250000e+02;2.1797891e-01;2.5250000e+02;2.2208175e-01;2.5250000e+02;2.0604928e-01;2.5250000e+02;1.7283088e-01;2.5250000e+02;1.2959048e-01;2.5250000e+02;8.4941603e-02;2.5250000e+02;4.3693483e-02;2.5250000e+02;-1.1431025e-03;2.5250000e+02;3.9875377e-03;2.5250000e+02;1.5574016e-02;2.5250000e+02;3.1178793e-02;2.5250000e+02;4.9807936e-02;2.5250000e+02;7.1403585e-02;2.5250000e+02;9.6536778e-02;2.5250000e+02;1.2586504e-01;2.5250000e+02;1.5815930e-01;2.5250000e+02;1.8380193e-01;2.5250000e+02;2.0499560e-01;2.5250000e+02;2.1797891e-01;2.5250000e+02;2.2208175e-01;2.5250000e+02;2.0604928e-01;2.5250000e+02;1.7283088e-01;2.5250000e+02;1.2959048e-01;2.5250000e+02;8.4941603e-02;2.5250000e+02;4.3693483e-02;2.5250000e+02;-1.1431025e-03;2.5250000e+02;3.9875377e-03;2.5250000e+02;1.5574016e-02;2.5250000e+02;3.1178793e-02;2.5250000e+02;4.9807936e-02;2.5250000e+02;7.1403585e-02;2.5250000e+02;9.6536778e-02;2.5250000e+02;1.2586504e-01;2.5250000e+02;1.5815930e-01;2.5250000e+02;1.8380193e-01;2.5250000e+02;2.0499560e-01;2.5250000e+02;2.1797891e-01;2.5250000e+02;2.2208175e-01;2.5250000e+02;2.0604928e-01;2.5250000e+02;1.7283088e-01;2.5250000e+02;1.2959048e-01;2.5250000e+02;8.4941603e-02;2.5250000e+02;4.3693483e-02;2.5250000e+02;-1.1431025e-03;2.5250000e+02;3.9875377e-03;2.5250000e+02;1.5574016e-02;2.5250000e+02;3.1178793e-02;2.5250000e+02;4.9807936e-02;2.5250000e+02;7.1403585e-02;2.5250000e+02;9.6536778e-02;2.5250000e+02;1.2586504e-01;2.5250000e+02;1.5815930e-01;2.5250000e+02;1.8380193e-01;2.5250000e+02;2.0499560e-01;2.5250000e+02;2.1797891e-01;2.5250000e+02;2.2208175e-01;2.5250000e+02;2.0604928e-01;2.5250000e+02;1.7283088e-01;2.5250000e+02;1.2959048e-01;2.5250000e+02;8.4941603e-02;2.5250000e+02;4.3693483e-02;2.5250000e+02;-1.1431025e-03;2.5250000e+02;3.9875377e-03;2.5250000e+02;1.5574016e-02;2.5250000e+02;3.1178793e-02;2.5250000e+02;4.9807936e-02;2.5250000e+02;7.1403585e-02;2.5250000e+02;9.6536778e-02;2.5250000e+02;1.2586504e-01;2.5250000e+02;1.5815930e-01;2.5250000e+02;1.8380193e-01;2.5250000e+02;2.0499560e-01;2.5250000e+02;2.1797891e-01;2.5250000e+02;2.2208175e-01;2.5250000e+02;2.0604928e-01;2.5250000e+02;1.7283088e-01;2.5250000e+02;1.2959048e-01;2.5250000e+02;8.4941603e-02;2.5250000e+02;4.3693483e-02;2.5250000e+02;-1.1431025e-03;2.5250000e+02;3.9875377e-03;2.5250000e+02;1.5574016e-02;2.5250000e+02;3.1178793e-02;2.5250000e+02;4.9807936e-02;2.5250000e+02;7.1403585e-02;2.5250000e+02;9.6536778e-02;2.5250000e+02;1.2586504e-01;2.5250000e+02;1.5815930e-01;2.5250000e+02;1.8380193e-01;2.5250000e+02;2.0499560e-01;2.5250000e+02;2.1797891e-01;2.5250000e+02;2.2208175e-01;2.5250000e+02;2.0604928e-01;2.5250000e+02;1.7283088e-01;2.5250000e+02;1.2959048e-01;2.5250000e+02;8.4941603e-02;2.5250000e+02;4.3693483e-02;2.5250000e+02;-1.1431025e-03;2.5250000e+02;3.9875377e-03;2.5250000e+02;1.5574016e-02;2.5250000e+02;3.1178793e-02;2.5250000e+02;4.9807936e-02;2.5250000e+02;7.1403585e-02;2.5250000e+02;9.6536778e-02;2.5250000e+02;1.2586504e-01;2.5250000e+02;1.5815930e-01;2.5250000e+02;1.8380193e-01;2.5250000e+02;2.0499560e-01;2.5250000e+02;2.1797891e-01;2.5250000e+02;2.2208175e-01;2.5250000e+02;2.0604928e-01;2.5250000e+02;1.7283088e-01;2.5250000e+02;1.2959048e-01;2.5250000e+02;8.4941603e-02;2.5250000e+02;4.3693483e-02;2.5250000e+02;-1.1431025e-03;2.5250000e+02;3.9875377e-03;2.5250000e+02;1.5574016e-02;2.5250000e+02;3.1178793e-02;2.5250000e+02;4.9807936e-02;2.5250000e+02;7.1403585e-02;2.5250000e+02;9.6536778e-02;2.5250000e+02;1.2586504e-01;2.5250000e+02;1.5815930e-01;2.5250000e+02;1.8380193e-01;2.5250000e+02;2.0499560e-01;2.5250000e+02;2.1797891e-01;2.5250000e+02;2.2208175e-01;2.5250000e+02;2.0604928e-01;2.5250000e+02;1.7283088e-01;2.5250000e+02;1.2959048e-01;2.5250000e+02;8.4941603e-02;2.5250000e+02;4.3693483e-02;2.5250000e+02;-1.1431025e-03;2.5250000e+02;3.9875377e-03;2.5250000e+02;1.5574016e-02;2.5250000e+02;3.1178793e-02;2.5250000e+02;4.9807936e-02;2.5250000e+02;7.1403585e-02;2.5250000e+02;9.6536778e-02;2.5250000e+02;1.2586504e-01;2.5250000e+02;1.5815930e-01;2.5250000e+02;1.8380193e-01;2.5250000e+02;2.0499560e-01;2.5250000e+02;2.1797891e-01;2.5250000e+02;2.2208175e-01;2.5250000e+02;2.0604928e-01;2.5250000e+02;1.7283088e-01;2.5250000e+02;1.2959048e-01;2.5250000e+02;8.4941603e-02;2.5250000e+02;4.3693483e-02;2.5250000e+02;-1.1431025e-03;2.5250000e+02;3.9875377e-03;2.5250000e+02;1.5574016e-02;2.5250000e+02;3.1178793e-02;2.5250000e+02;4.9807936e-02;2.5250000e+02;7.1403585e-02;2.5250000e+02;9.6536778e-02;2.5250000e+02;1.2586504e-01;2.5250000e+02;1.5815930e-01;2.5250000e+02;1.8380193e-01;2.5250000e+02;2.0499560e-01;2.5250000e+02;2.1797891e-01;2.5250000e+02;2.2208175e-01;2.5250000e+02;2.0604928e-01;2.5250000e+02;1.7283088e-01;2.5250000e+02;1.2959048e-01;2.5250000e+02;8.4941603e-02;2.5250000e+02;4.3693483e-02;2.5250000e+02;-1.1431025e-03;2.5250000e+02;3.9875377e-03;2.5250000e+02;1.5574016e-02;2.5250000e+02;3.1178793e-02;2.5250000e+02;4.9807936e-02;2.5250000e+02;7.1403585e-02;2.5250000e+02;9.6536778e-02;2.5250000e+02;1.2586504e-01;2.5250000e+02;1.5815930e-01;2.5250000e+02;1.8380193e-01;2.5250000e+02;2.0499560e-01;2.5250000e+02;2.1797891e-01;2.5250000e+02;2.2208175e-01;2.5250000e+02;2.0604928e-01;2.5250000e+02;1.7283088e-01;2.5250000e+02;1.2959048e-01;2.5250000e+02;8.4941603e-02;2.5250000e+02;4.3693483e-02;2.5250000e+02;-1.1431025e-03;2.5250000e+02;3.9875377e-03;2.5250000e+02;1.5574016e-02;2.5250000e+02;3.1178793e-02;2.5250000e+02;4.9807936e-02;2.5250000e+02;7.1403585e-02;2.5250000e+02;9.6536778e-02;2.5250000e+02;1.2586504e-01;2.5250000e+02;1.5815930e-01;2.5250000e+02;1.8380193e-01;2.5250000e+02;2.0499560e-01;2.5250000e+02;2.1797891e-01;2.5250000e+02;2.2208175e-01;2.5250000e+02;2.0604928e-01;2.5250000e+02;1.7283088e-01;2.5250000e+02;1.2959048e-01;2.5250000e+02;8.4941603e-02;2.5250000e+02;4.3693483e-02;2.5250000e+02;-1.1431025e-03;2.5250000e+02;3.9875377e-03;2.5250000e+02;1.5574016e-02;2.5250000e+02;3.1178793e-02;2.5250000e+02;4.9807936e-02;2.5250000e+02;7.1403585e-02;2.5250000e+02;9.6536778e-02;2.5250000e+02;1.2586504e-01;2.5250000e+02;1.5815930e-01;2.5250000e+02;1.8380193e-01;2.5250000e+02;2.0499560e-01;2.5250000e+02;2.1797891e-01;2.5250000e+02;2.2208175e-01;2.5250000e+02;2.0604928e-01;2.5250000e+02;1.7283088e-01;2.5250000e+02;1.2959048e-01;2.5250000e+02;8.4941603e-02;2.5250000e+02;4.3693483e-02;2.5250000e+02;-1.1431025e-03;2.5250000e+02;3.9875377e-03;2.5250000e+02;1.5574016e-02;2.5250000e+02;3.1178793e-02;2.5250000e+02;4.9807936e-02;2.5250000e+02;7.1403585e-02;2.5250000e+02;9.6536778e-02;2.5250000e+02;1.2586504e-01;2.5250000e+02;1.5815930e-01;2.5250000e+02;1.8380193e-01;2.5250000e+02;2.0499560e-01;2.5250000e+02;2.1797891e-01;2.5250000e+02;2.2208175e-01;2.5250000e+02;2.0604928e-01;2.5250000e+02;1.7283088e-01;2.5250000e+02;1.2959048e-01;2.5250000e+02;8.4941603e-02;2.5250000e+02;4.3693483e-02;2.5250000e+02;-1.1431025e-03;2.5250000e+02;3.9875377e-03;2.5250000e+02;1.5574016e-02;2.5250000e+02;3.1178793e-02;2.5250000e+02;4.9807936e-02;2.5250000e+02;7.1403585e-02;2.5250000e+02;9.6536778e-02;2.5250000e+02;1.2586504e-01;2.5250000e+02;1.5815930e-01;2.5250000e+02;1.8380193e-01;2.5250000e+02;2.0499560e-01;2.5250000e+02;2.1797891e-01;2.5250000e+02;2.2208175e-01;2.5250000e+02;2.0604928e-01;2.5250000e+02;1.7283088e-01;2.5250000e+02;1.2959048e-01;2.5250000e+02;8.4941603e-02;2.5250000e+02;4.3693483e-02;2.5250000e+02;-1.1431025e-03;2.5250000e+02;3.9875377e-03;2.5250000e+02;1.5574016e-02;2.5250000e+02;3.1178793e-02;2.5250000e+02;4.9807936e-02;2.5250000e+02;7.1403585e-02;2.5250000e+02;9.6536778e-02;2.5250000e+02;1.2586504e-01;2.5250000e+02;1.5815930e-01;2.5250000e+02;1.8380193e-01;2.5250000e+02;2.0499560e-01;2.5250000e+02;2.1797891e-01;2.5250000e+02;2.2208175e-01;2.5250000e+02;2.0604928e-01;2.5250000e+02;1.7283088e-01;2.5250000e+02;1.2959048e-01;2.5250000e+02;8.4941603e-02;2.5250000e+02;4.3693483e-02;2.5250000e+02;-1.1431025e-03;2.5250000e+02;3.9875377e-03;2.5250000e+02;1.5574016e-02;2.5250000e+02;3.1178793e-02;2.5250000e+02;4.9807936e-02;2.5250000e+02;7.1403585e-02;2.5250000e+02;9.6536778e-02;2.5250000e+02;1.2586504e-01;2.5250000e+02;1.5815930e-01;2.5250000e+02;1.8380193e-01;2.5250000e+02;2.0499560e-01;2.5250000e+02;2.1797891e-01;2.5250000e+02;2.2208175e-01;2.5250000e+02;2.0604928e-01;2.5250000e+02;1.7283088e-01;2.5250000e+02;1.2959048e-01;2.5250000e+02;8.4941603e-02;2.5250000e+02;4.3693483e-02;2.5250000e+02;-1.1431025e-03;2.5250000e+02;3.9875377e-03;2.5250000e+02;1.5574016e-02;2.5250000e+02;3.1178793e-02;2.5250000e+02;4.9807936e-02;2.5250000e+02;7.1403585e-02;2.5250000e+02;9.6536778e-02;2.5250000e+02;1.2586504e-01;2.5250000e+02;1.5815930e-01;2.5250000e+02;1.8380193e-01;2.5250000e+02;2.0499560e-01;2.5250000e+02;2.1797891e-01;2.5250000e+02;2.2208175e-01;2.5250000e+02;2.0604928e-01;2.5250000e+02;1.7283088e-01;2.5250000e+02;1.2959048e-01;2.5250000e+02;8.4941603e-02;2.5250000e+02;4.3693483e-02;2.5250000e+02;-1.1431025e-03;2.5250000e+02;3.9875377e-03;2.5250000e+02;1.5574016e-02;2.5250000e+02;3.1178793e-02;2.5250000e+02;4.9807936e-02;2.5250000e+02;7.1403585e-02;2.5250000e+02;9.6536778e-02;2.5250000e+02;1.2586504e-01;2.5250000e+02;1.5815930e-01;2.5250000e+02;1.8380193e-01;2.5250000e+02;2.0499560e-01;2.5250000e+02;2.1797891e-01;2.5250000e+02;2.2208175e-01;2.5250000e+02;2.0604928e-01;2.5250000e+02;1.7283088e-01;2.5250000e+02;1.2959048e-01;2.5250000e+02;8.4941603e-02;2.5250000e+02;4.3693483e-02;2.5250000e+02;-1.1431025e-03;2.5250000e+02;3.9875377e-03;2.5250000e+02;1.5574016e-02;2.5250000e+02;3.1178793e-02;2.5250000e+02;4.9807936e-02;2.5250000e+02;7.1403585e-02;2.5250000e+02;9.6536778e-02;2.5250000e+02;1.2586504e-01;2.5250000e+02;1.5815930e-01;2.5250000e+02;1.8380193e-01;2.5250000e+02;2.0499560e-01;2.5250000e+02;2.1797891e-01;2.5250000e+02;2.2208175e-01;2.5250000e+02;2.0604928e-01;2.5250000e+02;1.7283088e-01;2.5250000e+02;1.2959048e-01;2.5250000e+02;8.4941603e-02;2.5250000e+02;4.3693483e-02;2.5250000e+02;-1.1431025e-03;2.5250000e+02;3.9875377e-03;2.5250000e+02;1.5574016e-02;2.5250000e+02;3.1178793e-02;2.5250000e+02;4.9807936e-02;2.5250000e+02;7.1403585e-02;2.5250000e+02;9.6536778e-02;2.5250000e+02;1.2586504e-01;2.5250000e+02;1.5815930e-01;2.5250000e+02;1.8380193e-01;2.5250000e+02;2.0499560e-01;2.5250000e+02;2.1797891e-01;2.5250000e+02;2.2208175e-01;2.5250000e+02;2.0604928e-01;2.5250000e+02;1.7283088e-01;2.5250000e+02;1.2959048e-01;2.5250000e+02;8.4941603e-02;2.5250000e+02;4.3693483e-02;2.5250000e+02;-1.1431025e-03;2.5250000e+02;3.9875377e-03;2.5250000e+02;1.5574016e-02;2.5250000e+02;3.1178793e-02;2.5250000e+02;4.9807936e-02;2.5250000e+02;7.1403585e-02;2.5250000e+02;9.6536778e-02;2.5250000e+02;1.2586504e-01;2.5250000e+02;1.5815930e-01;2.5250000e+02;1.8380193e-01;2.5250000e+02;2.0499560e-01;2.5250000e+02;2.1797891e-01;2.5250000e+02;2.2208175e-01;2.5250000e+02;2.0604928e-01;2.5250000e+02;1.7283088e-01;2.5250000e+02;1.2959048e-01;2.5250000e+02;8.4941603e-02;2.5250000e+02;4.3693483e-02;2.5250000e+02;-1.1431025e-03;2.5250000e+02;3.9875377e-03;2.5250000e+02;1.5574016e-02;2.5250000e+02;3.1178793e-02;2.5250000e+02;4.9807936e-02;2.5250000e+02;7.1403585e-02;2.5250000e+02;9.6536778e-02;2.5250000e+02;1.2586504e-01;2.5250000e+02;1.5815930e-01;2.5250000e+02;1.8380193e-01;2.5250000e+02;2.0499560e-01;2.5250000e+02;2.1797891e-01;2.5250000e+02;2.2208175e-01;2.5250000e+02;2.0604928e-01;2.5250000e+02;1.7283088e-01;2.5250000e+02;1.2959048e-01;2.5250000e+02;8.4941603e-02;2.5250000e+02;4.3693483e-02;2.5250000e+02;-1.1431025e-03;2.5250000e+02;3.9875377e-03;2.5250000e+02;1.5574016e-02;2.5250000e+02;3.1178793e-02;2.5250000e+02;4.9807936e-02;2.5250000e+02;7.1403585e-02;2.5250000e+02;9.6536778e-02;2.5250000e+02;1.2586504e-01;2.5250000e+02;1.5815930e-01;2.5250000e+02;1.8380193e-01;2.5250000e+02;2.0499560e-01;2.5250000e+02;2.1797891e-01;2.5250000e+02;2.2208175e-01;2.5250000e+02;2.0604928e-01;2.5250000e+02;1.7283088e-01;2.5250000e+02;1.2959048e-01;2.5250000e+02;8.4941603e-02;2.5250000e+02;4.3693483e-02;2.5250000e+02;-1.1431025e-03;2.5250000e+02;3.9875377e-03;2.5250000e+02;1.5574016e-02;2.5250000e+02;3.1178793e-02;2.5250000e+02;4.9807936e-02;2.5250000e+02;7.1403585e-02;2.5250000e+02;9.6536778e-02;2.5250000e+02;1.2586504e-01;2.5250000e+02;1.5815930e-01;2.5250000e+02;1.8380193e-01;2.5250000e+02;2.0499560e-01;2.5250000e+02;2.1797891e-01;2.5250000e+02;2.2208175e-01;2.5250000e+02;2.0604928e-01;2.5250000e+02;1.7283088e-01;2.5250000e+02;1.2959048e-01;2.5250000e+02;8.4941603e-02;2.5250000e+02;4.3693483e-02;2.5250000e+02;-1.1431025e-03;2.5250000e+02;3.9875377e-03;2.5250000e+02;1.5574016e-02;2.5250000e+02;3.1178793e-02;2.5250000e+02;4.9807936e-02;2.5250000e+02;7.1403585e-02;2.5250000e+02;9.6536778e-02;2.5250000e+02;1.2586504e-01;2.5250000e+02;1.5815930e-01;2.5250000e+02;1.8380193e-01;2.5250000e+02;2.0499560e-01;2.5250000e+02;2.1797891e-01;2.5250000e+02;2.2208175e-01;2.5250000e+02;2.0604928e-01;2.5250000e+02;1.7283088e-01;2.5250000e+02;1.2959048e-01;2.5250000e+02;8.4941603e-02;2.5250000e+02;4.3693483e-02;2.5250000e+02;-1.1431025e-03;2.5250000e+02;3.9875377e-03;2.5250000e+02;1.5574016e-02;2.5250000e+02;3.1178793e-02;2.5250000e+02;4.9807936e-02;2.5250000e+02;7.1403585e-02;2.5250000e+02;9.6536778e-02;2.5250000e+02;1.2586504e-01;2.5250000e+02;1.5815930e-01;2.5250000e+02;1.8380193e-01;2.5250000e+02;2.0499560e-01;2.5250000e+02;2.1797891e-01;2.5250000e+02;2.2208175e-01;2.5250000e+02;2.0604928e-01;2.5250000e+02;1.7283088e-01;2.5250000e+02;1.2959048e-01;2.5250000e+02;8.4941603e-02;2.5250000e+02;4.3693483e-02;2.5250000e+02;-1.1431025e-03;2.5250000e+02;3.9875377e-03;2.5250000e+02;1.5574016e-02;2.5250000e+02;3.1178793e-02;2.5250000e+02;4.9807936e-02;2.5250000e+02;7.1403585e-02;2.5250000e+02;9.6536778e-02;2.5250000e+02;1.2586504e-01;2.5250000e+02;1.5815930e-01;2.5250000e+02;1.8380193e-01;2.5250000e+02;2.0499560e-01;2.5250000e+02;2.1797891e-01;2.5250000e+02;2.2208175e-01;2.5250000e+02;2.0604928e-01;2.5250000e+02;1.7283088e-01;2.5250000e+02;1.2959048e-01;2.5250000e+02;8.4941603e-02;2.5250000e+02;4.3693483e-02;2.5250000e+02;-1.1431025e-03;2.5250000e+02;3.9875377e-03;2.5250000e+02;1.5574016e-02;2.5250000e+02;3.1178793e-02;2.5250000e+02;4.9807936e-02;2.5250000e+02;7.1403585e-02;2.5250000e+02;9.6536778e-02;2.5250000e+02;1.2586504e-01;2.5250000e+02;1.5815930e-01;2.5250000e+02;1.8380193e-01;2.5250000e+02;2.0499560e-01;2.5250000e+02;2.1797891e-01;2.5250000e+02;2.2208175e-01;2.5250000e+02;2.0604928e-01;2.5250000e+02;1.7283088e-01;2.5250000e+02;1.2959048e-01;2.5250000e+02;8.4941603e-02;2.5250000e+02;4.3693483e-02;2.5250000e+02;-1.1431025e-03;2.5250000e+02;3.9875377e-03;2.5250000e+02;1.5574016e-02;2.5250000e+02;3.1178793e-02;2.5250000e+02;4.9807936e-02;2.5250000e+02;7.1403585e-02;2.5250000e+02;9.6536778e-02;2.5250000e+02;1.2586504e-01;2.5250000e+02;1.5815930e-01;2.5250000e+02;1.8380193e-01;2.5250000e+02;2.0499560e-01;2.5250000e+02;2.1797891e-01;2.5250000e+02;2.2208175e-01;2.5250000e+02;2.0604928e-01;2.5250000e+02;1.7283088e-01;2.5250000e+02;1.2959048e-01;2.5250000e+02;8.4941603e-02;2.5250000e+02;4.3693483e-02;2.5250000e+02;-1.1431025e-03;2.5250000e+02;3.9875377e-03;2.5250000e+02;1.5574016e-02;2.5250000e+02;3.1178793e-02;2.5250000e+02;4.9807936e-02;2.5250000e+02;7.1403585e-02;2.5250000e+02;9.6536778e-02;2.5250000e+02;1.2586504e-01;2.5250000e+02;1.5815930e-01;2.5250000e+02;1.8380193e-01;2.5250000e+02;2.0499560e-01;2.5250000e+02;2.1797891e-01;2.5250000e+02;2.2208175e-01;2.5250000e+02;2.0604928e-01;2.5250000e+02;1.7283088e-01;2.5250000e+02;1.2959048e-01;2.5250000e+02;8.4941603e-02;2.5250000e+02;4.3693483e-02;2.5250000e+02;-1.1431025e-03;2.5250000e+02;3.9875377e-03;2.5250000e+02;1.5574016e-02;2.5250000e+02;3.1178793e-02;2.5250000e+02;4.9807936e-02;2.5250000e+02;7.1403585e-02;2.5250000e+02;9.6536778e-02;2.5250000e+02;1.2586504e-01;2.5250000e+02;1.5815930e-01;2.5250000e+02;1.8380193e-01;2.5250000e+02;2.0499560e-01;2.5250000e+02;2.1797891e-01;2.5250000e+02;2.2208175e-01;2.5250000e+02;2.0604928e-01;2.5250000e+02;1.7283088e-01;2.5250000e+02;1.2959048e-01;2.5250000e+02;8.4941603e-02;2.5250000e+02;4.3693483e-02;2.5250000e+02;-1.1431025e-03;2.5250000e+02;3.9875377e-03;2.5250000e+02;1.5574016e-02;2.5250000e+02;3.1178793e-02;2.5250000e+02;4.9807936e-02;2.5250000e+02;7.1403585e-02;2.5250000e+02;9.6536778e-02;2.5250000e+02;1.2586504e-01;2.5250000e+02;1.5815930e-01;2.5250000e+02;1.8380193e-01;2.5250000e+02;2.0499560e-01;2.5250000e+02;2.1797891e-01;2.5250000e+02;2.2208175e-01;2.5250000e+02;2.0604928e-01;2.5250000e+02;1.7283088e-01;2.5250000e+02;1.2959048e-01;2.5250000e+02;8.4941603e-02;2.5250000e+02;4.3693483e-02;2.5250000e+02;-1.1431025e-03;2.5250000e+02;3.9875377e-03;2.5250000e+02;1.5574016e-02;2.5250000e+02;3.1178793e-02;2.5250000e+02;4.9807936e-02;2.5250000e+02;7.1403585e-02;2.5250000e+02;9.6536778e-02;2.5250000e+02;1.2586504e-01;2.5250000e+02;1.5815930e-01;2.5250000e+02;1.8380193e-01;2.5250000e+02;2.0499560e-01;2.5250000e+02;2.1797891e-01;2.5250000e+02;2.2208175e-01;2.5250000e+02;2.0604928e-01;2.5250000e+02;1.7283088e-01;2.5250000e+02;1.2959048e-01;2.5250000e+02;8.4941603e-02;2.5250000e+02;4.3693483e-02;2.5250000e+02;-1.1431025e-03;2.5250000e+02;3.9875377e-03;2.5250000e+02;1.5574016e-02;2.5250000e+02;3.1178793e-02;2.5250000e+02;4.9807936e-02;2.5250000e+02;7.1403585e-02;2.5250000e+02;9.6536778e-02;2.5250000e+02;1.2586504e-01;2.5250000e+02;1.5815930e-01;2.5250000e+02;1.8380193e-01;2.5250000e+02;2.0499560e-01;2.5250000e+02;2.1797891e-01;2.5250000e+02;2.2208175e-01;2.5250000e+02;2.0604928e-01;2.5250000e+02;1.7283088e-01;2.5250000e+02;1.2959048e-01;2.5250000e+02;8.4941603e-02;2.5250000e+02;4.3693483e-02;2.5250000e+02;-1.1431025e-03;2.5250000e+02;3.9875377e-03;2.5250000e+02;1.5574016e-02;2.5250000e+02;3.1178793e-02;2.5250000e+02;4.9807936e-02;2.5250000e+02;7.1403585e-02;2.5250000e+02;9.6536778e-02;2.5250000e+02;1.2586504e-01;2.5250000e+02;1.5815930e-01;2.5250000e+02;1.8380193e-01;2.5250000e+02;2.0499560e-01;2.5250000e+02;2.1797891e-01;2.5250000e+02;2.2208175e-01;2.5250000e+02;2.0604928e-01;2.5250000e+02;1.7283088e-01;2.5250000e+02;1.2959048e-01;2.5250000e+02;8.4941603e-02;2.5250000e+02;4.3693483e-02;2.5250000e+02;-1.1431025e-03;2.5250000e+02;3.9875377e-03;2.5250000e+02;1.5574016e-02;2.5250000e+02;3.1178793e-02;2.5250000e+02;4.9807936e-02;2.5250000e+02;7.1403585e-02;2.5250000e+02;9.6536778e-02;2.5250000e+02;1.2586504e-01;2.5250000e+02;1.5815930e-01;2.5250000e+02;1.8380193e-01;2.5250000e+02;2.0499560e-01;2.5250000e+02;2.1797891e-01;2.5250000e+02;2.2208175e-01;2.5250000e+02;2.0604928e-01;2.5250000e+02;1.7283088e-01;2.5250000e+02;1.2959048e-01;2.5250000e+02;8.4941603e-02;2.5250000e+02;4.3693483e-02;2.5250000e+02;-1.1431025e-03;2.5250000e+02;3.9875377e-03;2.5250000e+02;1.5574016e-02;2.5250000e+02;3.1178793e-02;2.5250000e+02;4.9807936e-02;2.5250000e+02;7.1403585e-02;2.5250000e+02;9.6536778e-02;2.5250000e+02;1.2586504e-01;2.5250000e+02;1.5815930e-01;2.5250000e+02;1.8380193e-01;2.5250000e+02;2.0499560e-01;2.5250000e+02;2.1797891e-01;2.5250000e+02;2.2208175e-01;2.5250000e+02;2.0604928e-01;2.5250000e+02;1.7283088e-01;2.5250000e+02;1.2959048e-01;2.5250000e+02;8.4941603e-02;2.5250000e+02;4.3693483e-02;2.5250000e+02;-1.1431025e-03;2.5250000e+02;3.9875377e-03;2.5250000e+02;1.5574016e-02;2.5250000e+02;3.1178793e-02;2.5250000e+02;4.9807936e-02;2.5250000e+02;7.1403585e-02;2.5250000e+02;9.6536778e-02;2.5250000e+02;1.2586504e-01;2.5250000e+02;1.5815930e-01;2.5250000e+02;1.8380193e-01;2.5250000e+02;2.0499560e-01;2.5250000e+02;2.1797891e-01;2.5250000e+02;2.2208175e-01;2.5250000e+02;2.0604928e-01;2.5250000e+02;1.7283088e-01;2.5250000e+02;1.2959048e-01;2.5250000e+02;8.4941603e-02;2.5250000e+02;4.3693483e-02;2.5250000e+02;-1.1431025e-03;2.5250000e+02;3.9875377e-03;2.5250000e+02;1.5574016e-02;2.5250000e+02;3.1178793e-02;2.5250000e+02;4.9807936e-02;2.5250000e+02;7.1403585e-02;2.5250000e+02;9.6536778e-02;2.5250000e+02;1.2586504e-01;2.5250000e+02;1.5815930e-01;2.5250000e+02;1.8380193e-01;2.5250000e+02;2.0499560e-01;2.5250000e+02;2.1797891e-01;2.5250000e+02;2.2208175e-01;2.5250000e+02;2.0604928e-01;2.5250000e+02;1.7283088e-01;2.5250000e+02;1.2959048e-01;2.5250000e+02;8.4941603e-02;2.5250000e+02;4.3693483e-02;2.5250000e+02;-1.1431025e-03;2.5250000e+02;3.9875377e-03;2.5250000e+02;1.5574016e-02;2.5250000e+02;3.1178793e-02;2.5250000e+02;4.9807936e-02;2.5250000e+02;7.1403585e-02;2.5250000e+02;9.6536778e-02;2.5250000e+02;1.2586504e-01;2.5250000e+02;1.5815930e-01;2.5250000e+02;1.8380193e-01;2.5250000e+02;2.0499560e-01;2.5250000e+02;2.1797891e-01;2.5250000e+02;2.2208175e-01;2.5250000e+02;2.0604928e-01;2.5250000e+02;1.7283088e-01;2.5250000e+02;1.2959048e-01;2.5250000e+02;8.4941603e-02;2.5250000e+02;4.3693483e-02;2.5250000e+02;-1.1431025e-03;2.5250000e+02;3.9875377e-03;2.5250000e+02;1.5574016e-02;2.5250000e+02;3.1178793e-02;2.5250000e+02;4.9807936e-02;2.5250000e+02;7.1403585e-02;2.5250000e+02;9.6536778e-02;2.5250000e+02;1.2586504e-01;2.5250000e+02;1.5815930e-01;2.5250000e+02;1.8380193e-01;2.5250000e+02;2.0499560e-01;2.5250000e+02;2.1797891e-01;2.5250000e+02;2.2208175e-01;2.5250000e+02;2.0604928e-01;2.5250000e+02;1.7283088e-01;2.5250000e+02;1.2959048e-01;2.5250000e+02;8.4941603e-02;2.5250000e+02;4.3693483e-02;2.5250000e+02;-1.1431025e-03;2.5250000e+02;3.9875377e-03;2.5250000e+02;1.5574016e-02;2.5250000e+02;3.1178793e-02;2.5250000e+02;4.9807936e-02;2.5250000e+02;7.1403585e-02;2.5250000e+02;9.6536778e-02;2.5250000e+02;1.2586504e-01;2.5250000e+02;1.5815930e-01;2.5250000e+02;1.8380193e-01;2.5250000e+02;2.0499560e-01;2.5250000e+02;2.1797891e-01;2.5250000e+02;2.2208175e-01;2.5250000e+02;2.0604928e-01;2.5250000e+02;1.7283088e-01;2.5250000e+02;1.2959048e-01;2.5250000e+02;8.4941603e-02;2.5250000e+02;4.3693483e-02;2.5250000e+02;-1.1431025e-03;2.5250000e+02;3.9875377e-03;2.5250000e+02;1.5574016e-02;2.5250000e+02;3.1178793e-02;2.5250000e+02;4.9807936e-02;2.5250000e+02;7.1403585e-02;2.5250000e+02;9.6536778e-02;2.5250000e+02;1.2586504e-01;2.5250000e+02;1.5815930e-01;2.5250000e+02;1.8380193e-01;2.5250000e+02;2.0499560e-01;2.5250000e+02;2.1797891e-01;2.5250000e+02;2.2208175e-01;2.5250000e+02;2.0604928e-01;2.5250000e+02;1.7283088e-01;2.5250000e+02;1.2959048e-01;2.5250000e+02;8.4941603e-02;2.5250000e+02;4.3693483e-02;2.5250000e+02;-1.1431025e-03;2.5250000e+02;3.9875377e-03;2.5250000e+02;1.5574016e-02;2.5250000e+02;3.1178793e-02;2.5250000e+02;4.9807936e-02;2.5250000e+02;7.1403585e-02;2.5250000e+02;9.6536778e-02;2.5250000e+02;1.2586504e-01;2.5250000e+02;1.5815930e-01;2.5250000e+02;1.8380193e-01;2.5250000e+02;2.0499560e-01;2.5250000e+02;2.1797891e-01;2.5250000e+02;2.2208175e-01;2.5250000e+02;2.0604928e-01;2.5250000e+02;1.7283088e-01;2.5250000e+02;1.2959048e-01;2.5250000e+02;8.4941603e-02;2.5250000e+02;4.3693483e-02;2.5250000e+02;-1.1431025e-03;2.5250000e+02;3.9875377e-03;2.5250000e+02;1.5574016e-02;2.5250000e+02;3.1178793e-02;2.5250000e+02;4.9807936e-02;2.5250000e+02;7.1403585e-02;2.5250000e+02;9.6536778e-02;2.5250000e+02;1.2586504e-01;2.5250000e+02;1.5815930e-01;2.5250000e+02;1.8380193e-01;2.5250000e+02;2.0499560e-01;2.5250000e+02;2.1797891e-01;2.5250000e+02;2.2208175e-01;2.5250000e+02;2.0604928e-01;2.5250000e+02;1.7283088e-01;2.5250000e+02;1.2959048e-01;2.5250000e+02;8.4941603e-02;2.5250000e+02;4.3693483e-02;2.5250000e+02;-1.1431025e-03;2.5250000e+02;3.9875377e-03;2.5250000e+02;1.5574016e-02;2.5250000e+02;3.1178793e-02;2.5250000e+02;4.9807936e-02;2.5250000e+02;7.1403585e-02;2.5250000e+02;9.6536778e-02;2.5250000e+02;1.2586504e-01;2.5250000e+02;1.5815930e-01;2.5250000e+02;1.8380193e-01;2.5250000e+02;2.0499560e-01;2.5250000e+02;2.1797891e-01;2.5250000e+02;2.2208175e-01;2.5250000e+02;2.0604928e-01;2.5250000e+02;1.7283088e-01;2.5250000e+02;1.2959048e-01;2.5250000e+02;8.4941603e-02;2.5250000e+02;4.3693483e-02;2.5250000e+02;-1.1431025e-03;2.5250000e+02;3.9875377e-03;2.5250000e+02;1.5574016e-02;2.5250000e+02;3.1178793e-02;2.5250000e+02;4.9807936e-02;2.5250000e+02;7.1403585e-02;2.5250000e+02;9.6536778e-02;2.5250000e+02;1.2586504e-01;2.5250000e+02;1.5815930e-01;2.5250000e+02;1.8380193e-01;2.5250000e+02;2.0499560e-01;2.5250000e+02;2.1797891e-01;2.5250000e+02;2.2208175e-01;2.5250000e+02;2.0604928e-01;2.5250000e+02;1.7283088e-01;2.5250000e+02;1.2959048e-01;2.5250000e+02;8.4941603e-02;2.5250000e+02;4.3693483e-02;2.5250000e+02;-1.1431025e-03;2.5250000e+02;3.9875377e-03;2.5250000e+02;1.5574016e-02;2.5250000e+02;3.1178793e-02;2.5250000e+02;4.9807936e-02;2.5250000e+02;7.1403585e-02;2.5250000e+02;9.6536778e-02;2.5250000e+02;1.2586504e-01;2.5250000e+02;1.5815930e-01;2.5250000e+02;1.8380193e-01;2.5250000e+02;2.0499560e-01;2.5250000e+02;2.1797891e-01;2.5250000e+02;2.2208175e-01;2.5250000e+02;2.0604928e-01;2.5250000e+02;1.7283088e-01;2.5250000e+02;1.2959048e-01;2.5250000e+02;8.4941603e-02;2.5250000e+02;4.3693483e-02;2.5250000e+02;-1.1431025e-03;2.5250000e+02;3.9875377e-03;2.5250000e+02;1.5574016e-02;2.5250000e+02;3.1178793e-02;2.5250000e+02;4.9807936e-02;2.5250000e+02;7.1403585e-02;2.5250000e+02;9.6536778e-02;2.5250000e+02;1.2586504e-01;2.5250000e+02;1.5815930e-01;2.5250000e+02;1.8380193e-01;2.5250000e+02;2.0499560e-01;2.5250000e+02;2.1797891e-01;2.5250000e+02;2.2208175e-01;2.5250000e+02;2.0604928e-01;2.5250000e+02;1.7283088e-01;2.5250000e+02;1.2959048e-01;2.5250000e+02;8.4941603e-02;2.5250000e+02;4.3693483e-02;2.5250000e+02;-1.1431025e-03;2.5250000e+02;3.9875377e-03;2.5250000e+02;1.5574016e-02;2.5250000e+02;3.1178793e-02;2.5250000e+02;4.9807936e-02;2.5250000e+02;7.1403585e-02;2.5250000e+02;9.6536778e-02;2.5250000e+02;1.2586504e-01;2.5250000e+02;1.5815930e-01;2.5250000e+02;1.8380193e-01;2.5250000e+02;2.0499560e-01;2.5250000e+02;2.1797891e-01;2.5250000e+02;2.2208175e-01;2.5250000e+02;2.0604928e-01;2.5250000e+02;1.7283088e-01;2.5250000e+02;1.2959048e-01;2.5250000e+02;8.4941603e-02;2.5250000e+02;4.3693483e-02;2.5250000e+02;-1.1431025e-03;2.5250000e+02;3.9875377e-03;2.5250000e+02;1.5574016e-02;2.5250000e+02;3.1178793e-02;2.5250000e+02;4.9807936e-02;2.5250000e+02;7.1403585e-02;2.5250000e+02;9.6536778e-02;2.5250000e+02;1.2586504e-01;2.5250000e+02;1.5815930e-01;2.5250000e+02;1.8380193e-01;2.5250000e+02;2.0499560e-01;2.5250000e+02;2.1797891e-01;2.5250000e+02;2.2208175e-01;2.5250000e+02;2.0604928e-01;2.5250000e+02;1.7283088e-01;2.5250000e+02;1.2959048e-01;2.5250000e+02;8.4941603e-02;2.5250000e+02;4.3693483e-02;2.5250000e+02;-1.1431025e-03;2.5250000e+02;3.9875377e-03;2.5250000e+02;1.5574016e-02;2.5250000e+02;3.1178793e-02;2.5250000e+02;4.9807936e-02;2.5250000e+02;7.1403585e-02;2.5250000e+02;9.6536778e-02;2.5250000e+02;1.2586504e-01;2.5250000e+02;1.5815930e-01;2.5250000e+02;1.8380193e-01;2.5250000e+02;2.0499560e-01;2.5250000e+02;2.1797891e-01;2.5250000e+02;2.2208175e-01;2.5250000e+02;2.0604928e-01;2.5250000e+02;1.7283088e-01;2.5250000e+02;1.2959048e-01;2.5250000e+02;8.4941603e-02;2.5250000e+02;4.3693483e-02;2.5250000e+02;-1.1431025e-03;2.5250000e+02;3.9875377e-03;2.5250000e+02;1.5574016e-02;2.5250000e+02;3.1178793e-02;2.5250000e+02;4.9807936e-02;2.5250000e+02;7.1403585e-02;2.5250000e+02;9.6536778e-02;2.5250000e+02;1.2586504e-01;2.5250000e+02;1.5815930e-01;2.5250000e+02;1.8380193e-01;2.5250000e+02;2.0499560e-01;2.5250000e+02;2.1797891e-01;2.5250000e+02;2.2208175e-01;2.5250000e+02;2.0604928e-01;2.5250000e+02;1.7283088e-01;2.5250000e+02;1.2959048e-01;2.5250000e+02;8.4941603e-02;2.5250000e+02;4.3693483e-02;2.5250000e+02;-1.1431025e-03;2.5250000e+02;3.9875377e-03;2.5250000e+02;1.5574016e-02;2.5250000e+02;3.1178793e-02;2.5250000e+02;4.9807936e-02;2.5250000e+02;7.1403585e-02;2.5250000e+02;9.6536778e-02;2.5250000e+02;1.2586504e-01;2.5250000e+02;1.5815930e-01;2.5250000e+02;1.8380193e-01;2.5250000e+02;2.0499560e-01;2.5250000e+02;2.1797891e-01;2.5250000e+02;2.2208175e-01;2.5250000e+02;2.0604928e-01;2.5250000e+02;1.7283088e-01;2.5250000e+02;1.2959048e-01;2.5250000e+02;8.4941603e-02;2.5250000e+02;4.3693483e-02;2.5250000e+02;-1.1431025e-03;2.5250000e+02;3.9875377e-03;2.5250000e+02;1.5574016e-02;2.5250000e+02;3.1178793e-02;2.5250000e+02;4.9807936e-02;2.5250000e+02;7.1403585e-02;2.5250000e+02;9.6536778e-02;2.5250000e+02;1.2586504e-01;2.5250000e+02;1.5815930e-01;2.5250000e+02;1.8380193e-01;2.5250000e+02;2.0499560e-01;2.5250000e+02;2.1797891e-01;2.5250000e+02;2.2208175e-01;2.5250000e+02;2.0604928e-01;2.5250000e+02;1.7283088e-01;2.5250000e+02;1.2959048e-01;2.5250000e+02;8.4941603e-02;2.5250000e+02;4.3693483e-02;2.5250000e+02;-1.1431025e-03;2.5250000e+02;3.9875377e-03;2.5250000e+02;1.5574016e-02;2.5250000e+02;3.1178793e-02;2.5250000e+02;4.9807936e-02;2.5250000e+02;7.1403585e-02;2.5250000e+02;9.6536778e-02;2.5250000e+02;1.2586504e-01;2.5250000e+02;1.5815930e-01;2.5250000e+02;1.8380193e-01;2.5250000e+02;2.0499560e-01;2.5250000e+02;2.1797891e-01;2.5250000e+02;2.2208175e-01;2.5250000e+02;2.0604928e-01;2.5250000e+02;1.7283088e-01;2.5250000e+02;1.2959048e-01;2.5250000e+02;8.4941603e-02;2.5250000e+02;4.3693483e-02;2.5250000e+02;-1.1431025e-03;2.5250000e+02;3.9875377e-03;2.5250000e+02;1.5574016e-02;2.5250000e+02;3.1178793e-02;2.5250000e+02;4.9807936e-02;2.5250000e+02;7.1403585e-02;2.5250000e+02;9.6536778e-02;2.5250000e+02;1.2586504e-01;2.5250000e+02;1.5815930e-01;2.5250000e+02;1.8380193e-01;2.5250000e+02;2.0499560e-01;2.5250000e+02;2.1797891e-01;2.5250000e+02;2.2208175e-01;2.5250000e+02;2.0604928e-01;2.5250000e+02;1.7283088e-01;2.5250000e+02;1.2959048e-01;2.5250000e+02;8.4941603e-02;2.5250000e+02;4.3693483e-02;2.5250000e+02;-1.1431025e-03;2.5250000e+02;3.9875377e-03;2.5250000e+02;1.5574016e-02;2.5250000e+02;3.1178793e-02;2.5250000e+02;4.9807936e-02;2.5250000e+02;7.1403585e-02;2.5250000e+02;9.6536778e-02;2.5250000e+02;1.2586504e-01;2.5250000e+02;1.5815930e-01;2.5250000e+02;1.8380193e-01;2.5250000e+02;2.0499560e-01;2.5250000e+02;2.1797891e-01;2.5250000e+02;2.2208175e-01;2.5250000e+02;2.0604928e-01;2.5250000e+02;1.7283088e-01;2.5250000e+02;1.2959048e-01;2.5250000e+02;8.4941603e-02;2.5250000e+02;4.3693483e-02;2.5250000e+02;-1.1431025e-03;2.5250000e+02;3.9875377e-03;2.5250000e+02;1.5574016e-02;2.5250000e+02;3.1178793e-02;2.5250000e+02;4.9807936e-02;2.5250000e+02;7.1403585e-02;2.5250000e+02;9.6536778e-02;2.5250000e+02;1.2586504e-01;2.5250000e+02;1.5815930e-01;2.5250000e+02;1.8380193e-01;2.5250000e+02;2.0499560e-01;2.5250000e+02;2.1797891e-01;2.5250000e+02;2.2208175e-01;2.5250000e+02;2.0604928e-01;2.5250000e+02;1.7283088e-01;2.5250000e+02;1.2959048e-01;2.5250000e+02;8.4941603e-02;2.5250000e+02;4.3693483e-02;2.5250000e+02;-1.1431025e-03;2.5250000e+02;3.9875377e-03;2.5250000e+02;1.5574016e-02;2.5250000e+02;3.1178793e-02;2.5250000e+02;4.9807936e-02;2.5250000e+02;7.1403585e-02;2.5250000e+02;9.6536778e-02;2.5250000e+02;1.2586504e-01;2.5250000e+02;1.5815930e-01;2.5250000e+02;1.8380193e-01;2.5250000e+02;2.0499560e-01;2.5250000e+02;2.1797891e-01;2.5250000e+02;2.2208175e-01;2.5250000e+02;2.0604928e-01;2.5250000e+02;1.7283088e-01;2.5250000e+02;1.2959048e-01;2.5250000e+02;8.4941603e-02;2.5250000e+02;4.3693483e-02;2.5250000e+02;-1.1431025e-03;2.5250000e+02;3.9875377e-03;2.5250000e+02;1.5574016e-02;2.5250000e+02;3.1178793e-02;2.5250000e+02;4.9807936e-02;2.5250000e+02;7.1403585e-02;2.5250000e+02;9.6536778e-02;2.5250000e+02;1.2586504e-01;2.5250000e+02;1.5815930e-01;2.5250000e+02;1.8380193e-01;2.5250000e+02;2.0499560e-01;2.5250000e+02;2.1797891e-01;2.5250000e+02;2.2208175e-01;2.5250000e+02;2.0604928e-01;2.5250000e+02;1.7283088e-01;2.5250000e+02;1.2959048e-01;2.5250000e+02;8.4941603e-02;2.5250000e+02;4.3693483e-02;2.5250000e+02;-1.1431025e-03;2.5250000e+02;3.9875377e-03;2.5250000e+02;1.5574016e-02;2.5250000e+02;3.1178793e-02;2.5250000e+02;4.9807936e-02;2.5250000e+02;7.1403585e-02;2.5250000e+02;9.6536778e-02;2.5250000e+02;1.2586504e-01;2.5250000e+02;1.5815930e-01;2.5250000e+02;1.8380193e-01;2.5250000e+02;2.0499560e-01;2.5250000e+02;2.1797891e-01;2.5250000e+02;2.2208175e-01;2.5250000e+02;2.0604928e-01;2.5250000e+02;1.7283088e-01;2.5250000e+02;1.2959048e-01;2.5250000e+02;8.4941603e-02;2.5250000e+02;4.3693483e-02;2.5250000e+02;-1.1431025e-03;2.5250000e+02;3.9875377e-03;2.5250000e+02;1.5574016e-02;2.5250000e+02;3.1178793e-02;2.5250000e+02;4.9807936e-02;2.5250000e+02;7.1403585e-02;2.5250000e+02;9.6536778e-02;2.5250000e+02;1.2586504e-01;2.5250000e+02;1.5815930e-01;2.5250000e+02;1.8380193e-01;2.5250000e+02;2.0499560e-01;2.5250000e+02;2.1797891e-01;2.5250000e+02;2.2208175e-01;2.5250000e+02;2.0604928e-01;2.5250000e+02;1.7283088e-01;2.5250000e+02;1.2959048e-01;2.5250000e+02;8.4941603e-02;2.5250000e+02;4.3693483e-02;2.5250000e+02;-1.1431025e-03;2.5250000e+02;3.9875377e-03;2.5250000e+02;1.5574016e-02;2.5250000e+02;3.1178793e-02;2.5250000e+02;4.9807936e-02;2.5250000e+02;7.1403585e-02;2.5250000e+02;9.6536778e-02;2.5250000e+02;1.2586504e-01;2.5250000e+02;1.5815930e-01;2.5250000e+02;1.8380193e-01;2.5250000e+02;2.0499560e-01;2.5250000e+02;2.1797891e-01;2.5250000e+02;2.2208175e-01;2.5250000e+02;2.0604928e-01;2.5250000e+02;1.7283088e-01;2.5250000e+02;1.2959048e-01;2.5250000e+02;8.4941603e-02;2.5250000e+02;4.3693483e-02;2.5250000e+02;-1.1431025e-03;2.5250000e+02;3.9875377e-03;2.5250000e+02;1.5574016e-02;2.5250000e+02;3.1178793e-02;2.5250000e+02;4.9807936e-02;2.5250000e+02;7.1403585e-02;2.5250000e+02;9.6536778e-02;2.5250000e+02;1.2586504e-01;2.5250000e+02;1.5815930e-01;2.5250000e+02;1.8380193e-01;2.5250000e+02;2.0499560e-01;2.5250000e+02;2.1797891e-01;2.5250000e+02;2.2208175e-01;2.5250000e+02;2.0604928e-01;2.5250000e+02;1.7283088e-01;2.5250000e+02;1.2959048e-01;2.5250000e+02;8.4941603e-02;2.5250000e+02;4.3693483e-02;2.5250000e+02;-1.1431025e-03;2.5250000e+02;3.9875377e-03;2.5250000e+02;1.5574016e-02;2.5250000e+02;3.1178793e-02;2.5250000e+02;4.9807936e-02;2.5250000e+02;7.1403585e-02;2.5250000e+02;9.6536778e-02;2.5250000e+02;1.2586504e-01;2.5250000e+02;1.5815930e-01;2.5250000e+02;1.8380193e-01;2.5250000e+02;2.0499560e-01;2.5250000e+02;2.1797891e-01;2.5250000e+02;2.2208175e-01;2.5250000e+02;2.0604928e-01;2.5250000e+02;1.7283088e-01;2.5250000e+02;1.2959048e-01;2.5250000e+02;8.4941603e-02;2.5250000e+02;4.3693483e-02;2.5250000e+02;-1.1431025e-03;2.5250000e+02;3.9875377e-03;2.5250000e+02;1.5574016e-02;2.5250000e+02;3.1178793e-02;2.5250000e+02;4.9807936e-02;2.5250000e+02;7.1403585e-02;2.5250000e+02;9.6536778e-02;2.5250000e+02;1.2586504e-01;2.5250000e+02;1.5815930e-01;2.5250000e+02;1.8380193e-01;2.5250000e+02;2.0499560e-01;2.5250000e+02;2.1797891e-01;2.5250000e+02;2.2208175e-01;2.5250000e+02;2.0604928e-01;2.5250000e+02;1.7283088e-01;2.5250000e+02;1.2959048e-01;2.5250000e+02;8.4941603e-02;2.5250000e+02;4.3693483e-02;2.5250000e+02;-1.1431025e-03;2.5250000e+02;3.9875377e-03;2.5250000e+02;1.5574016e-02;2.5250000e+02;3.1178793e-02;2.5250000e+02;4.9807936e-02;2.5250000e+02;7.1403585e-02;2.5250000e+02;9.6536778e-02;2.5250000e+02;1.2586504e-01;2.5250000e+02;1.5815930e-01;2.5250000e+02;1.8380193e-01;2.5250000e+02;2.0499560e-01;2.5250000e+02;2.1797891e-01;2.5250000e+02;2.2208175e-01;2.5250000e+02;2.0604928e-01;2.5250000e+02;1.7283088e-01;2.5250000e+02;1.2959048e-01;2.5250000e+02;8.4941603e-02;2.5250000e+02;4.3693483e-02;2.5250000e+02;-1.1431025e-03;2.5250000e+02;3.9875377e-03;2.5250000e+02;1.5574016e-02;2.5250000e+02;3.1178793e-02;2.5250000e+02;4.9807936e-02;2.5250000e+02;7.1403585e-02;2.5250000e+02;9.6536778e-02;2.5250000e+02;1.2586504e-01;2.5250000e+02;1.5815930e-01;2.5250000e+02;1.8380193e-01;2.5250000e+02;2.0499560e-01;2.5250000e+02;2.1797891e-01;2.5250000e+02;2.2208175e-01;2.5250000e+02;2.0604928e-01;2.5250000e+02;1.7283088e-01;2.5250000e+02;1.2959048e-01;2.5250000e+02;8.4941603e-02;2.5250000e+02;4.3693483e-02;2.5250000e+02;-1.1431025e-03;2.5250000e+02;3.9875377e-03;2.5250000e+02;1.5574016e-02;2.5250000e+02;3.1178793e-02;2.5250000e+02;4.9807936e-02;2.5250000e+02;7.1403585e-02;2.5250000e+02;9.6536778e-02;2.5250000e+02;1.2586504e-01;2.5250000e+02;1.5815930e-01;2.5250000e+02;1.8380193e-01;2.5250000e+02;2.0499560e-01;2.5250000e+02;2.1797891e-01;2.5250000e+02;2.2208175e-01;2.5250000e+02;2.0604928e-01;2.5250000e+02;1.7283088e-01;2.5250000e+02;1.2959048e-01;2.5250000e+02;8.4941603e-02;2.5250000e+02;4.3693483e-02;2.5250000e+02;-1.1431025e-03;2.5250000e+02;3.9875377e-03;2.5250000e+02;1.5574016e-02;2.5250000e+02;3.1178793e-02;2.5250000e+02;4.9807936e-02;2.5250000e+02;7.1403585e-02;2.5250000e+02;9.6536778e-02;2.5250000e+02;1.2586504e-01;2.5250000e+02;1.5815930e-01;2.5250000e+02;1.8380193e-01;2.5250000e+02;2.0499560e-01;2.5250000e+02;2.1797891e-01;2.5250000e+02;2.2208175e-01;2.5250000e+02;2.0604928e-01;2.5250000e+02;1.7283088e-01;2.5250000e+02;1.2959048e-01;2.5250000e+02;8.4941603e-02;2.5250000e+02;4.3693483e-02;2.5250000e+02;-1.1431025e-03;2.5250000e+02;3.9875377e-03;2.5250000e+02;1.5574016e-02;2.5250000e+02;3.1178793e-02;2.5250000e+02;4.9807936e-02;2.5250000e+02;7.1403585e-02;2.5250000e+02;9.6536778e-02;2.5250000e+02;1.2586504e-01;2.5250000e+02;1.5815930e-01;2.5250000e+02;1.8380193e-01;2.5250000e+02;2.0499560e-01;2.5250000e+02;2.1797891e-01;2.5250000e+02;2.2208175e-01;2.5250000e+02;2.0604928e-01;2.5250000e+02;1.7283088e-01;2.5250000e+02;1.2959048e-01;2.5250000e+02;8.4941603e-02;2.5250000e+02;4.3693483e-02;2.5250000e+02;-1.1431025e-03;2.5250000e+02;3.9875377e-03;2.5250000e+02;1.5574016e-02;2.5250000e+02;3.1178793e-02;2.5250000e+02;4.9807936e-02;2.5250000e+02;7.1403585e-02;2.5250000e+02;9.6536778e-02;2.5250000e+02;1.2586504e-01;2.5250000e+02;1.5815930e-01;2.5250000e+02;1.8380193e-01;2.5250000e+02;2.0499560e-01;2.5250000e+02;2.1797891e-01;2.5250000e+02;2.2208175e-01;2.5250000e+02;2.0604928e-01;2.5250000e+02;1.7283088e-01;2.5250000e+02;1.2959048e-01;2.5250000e+02;8.4941603e-02;2.5250000e+02;4.3693483e-02;2.5250000e+02;-1.1431025e-03;2.5250000e+02;3.9875377e-03;2.5250000e+02;1.5574016e-02;2.5250000e+02;3.1178793e-02;2.5250000e+02;4.9807936e-02;2.5250000e+02;7.1403585e-02;2.5250000e+02;9.6536778e-02;2.5250000e+02;1.2586504e-01;2.5250000e+02;1.5815930e-01;2.5250000e+02;1.8380193e-01;2.5250000e+02;2.0499560e-01;2.5250000e+02;2.1797891e-01;2.5250000e+02;2.2208175e-01;2.5250000e+02;2.0604928e-01;2.5250000e+02;1.7283088e-01;2.5250000e+02;1.2959048e-01;2.5250000e+02;8.4941603e-02;2.5250000e+02;4.3693483e-02;2.5250000e+02;-1.1431025e-03;2.5250000e+02;3.9875377e-03;2.5250000e+02;1.5574016e-02;2.5250000e+02;3.1178793e-02;2.5250000e+02;4.9807936e-02;2.5250000e+02;7.1403585e-02;2.5250000e+02;9.6536778e-02;2.5250000e+02;1.2586504e-01;2.5250000e+02;1.5815930e-01;2.5250000e+02;1.8380193e-01;2.5250000e+02;2.0499560e-01;2.5250000e+02;2.1797891e-01;2.5250000e+02;2.2208175e-01;2.5250000e+02;2.0604928e-01;2.5250000e+02;1.7283088e-01;2.5250000e+02;1.2959048e-01;2.5250000e+02;8.4941603e-02;2.5250000e+02;4.3693483e-02;2.5250000e+02;-1.1431025e-03;2.5250000e+02;3.9875377e-03;2.5250000e+02;1.5574016e-02;2.5250000e+02;3.1178793e-02;2.5250000e+02;4.9807936e-02;2.5250000e+02;7.1403585e-02;2.5250000e+02;9.6536778e-02;2.5250000e+02;1.2586504e-01;2.5250000e+02;1.5815930e-01;2.5250000e+02;1.8380193e-01;2.5250000e+02;2.0499560e-01;2.5250000e+02;2.1797891e-01;2.5250000e+02;2.2208175e-01;2.5250000e+02;2.0604928e-01;2.5250000e+02;1.7283088e-01;2.5250000e+02;1.2959048e-01;2.5250000e+02;8.4941603e-02;2.5250000e+02;4.3693483e-02;2.5250000e+02;-1.1431025e-03;2.5250000e+02;3.9875377e-03;2.5250000e+02;1.5574016e-02;2.5250000e+02;3.1178793e-02;2.5250000e+02;4.9807936e-02;2.5250000e+02;7.1403585e-02;2.5250000e+02;9.6536778e-02;2.5250000e+02;1.2586504e-01;2.5250000e+02;1.5815930e-01;2.5250000e+02;1.8380193e-01;2.5250000e+02;2.0499560e-01;2.5250000e+02;2.1797891e-01;2.5250000e+02;2.2208175e-01;2.5250000e+02;2.0604928e-01;2.5250000e+02;1.7283088e-01;2.5250000e+02;1.2959048e-01;2.5250000e+02;8.4941603e-02;2.5250000e+02;4.3693483e-02;2.5250000e+02;-1.1431025e-03;2.5250000e+02;3.9875377e-03;2.5250000e+02;1.5574016e-02;2.5250000e+02;3.1178793e-02;2.5250000e+02;4.9807936e-02;2.5250000e+02;7.1403585e-02;2.5250000e+02;9.6536778e-02;2.5250000e+02;1.2586504e-01;2.5250000e+02;1.5815930e-01;2.5250000e+02;1.8380193e-01;2.5250000e+02;2.0499560e-01;2.5250000e+02;2.1797891e-01;2.5250000e+02;2.2208175e-01;2.5250000e+02;2.0604928e-01;2.5250000e+02;1.7283088e-01;2.5250000e+02;1.2959048e-01;2.5250000e+02;8.4941603e-02;2.5250000e+02;4.3693483e-02;2.5250000e+02;-1.1431025e-03;2.5250000e+02;3.9875377e-03;2.5250000e+02;1.5574016e-02;2.5250000e+02;3.1178793e-02;2.5250000e+02;4.9807936e-02;2.5250000e+02;7.1403585e-02;2.5250000e+02;9.6536778e-02;2.5250000e+02;1.2586504e-01;2.5250000e+02;1.5815930e-01;2.5250000e+02;1.8380193e-01;2.5250000e+02;2.0499560e-01;2.5250000e+02;2.1797891e-01;2.5250000e+02;2.2208175e-01;2.5250000e+02;2.0604928e-01;2.5250000e+02;1.7283088e-01;2.5250000e+02;1.2959048e-01;2.5250000e+02;8.4941603e-02;2.5250000e+02;4.3693483e-02;2.5250000e+02;-1.1431025e-03;2.5250000e+02;3.9875377e-03;2.5250000e+02;1.5574016e-02;2.5250000e+02;3.1178793e-02;2.5250000e+02;4.9807936e-02;2.5250000e+02;7.1403585e-02;2.5250000e+02;9.6536778e-02;2.5250000e+02;1.2586504e-01;2.5250000e+02;1.5815930e-01;2.5250000e+02;1.8380193e-01;2.5250000e+02;2.0499560e-01;2.5250000e+02;2.1797891e-01;2.5250000e+02;2.2208175e-01;2.5250000e+02;2.0604928e-01;2.5250000e+02;1.7283088e-01;2.5250000e+02;1.2959048e-01;2.5250000e+02;8.4941603e-02;2.5250000e+02;4.3693483e-02;2.5250000e+02;-1.1431025e-03;2.5250000e+02;3.9875377e-03;2.5250000e+02;1.5574016e-02;2.5250000e+02;3.1178793e-02;2.5250000e+02;4.9807936e-02;2.5250000e+02;7.1403585e-02;2.5250000e+02;9.6536778e-02;2.5250000e+02;1.2586504e-01;2.5250000e+02;1.5815930e-01;2.5250000e+02;1.8380193e-01;2.5250000e+02;2.0499560e-01;2.5250000e+02;2.1797891e-01;2.5250000e+02;2.2208175e-01;2.5250000e+02;2.0604928e-01;2.5250000e+02;1.7283088e-01;2.5250000e+02;1.2959048e-01;2.5250000e+02;8.4941603e-02;2.5250000e+02;4.3693483e-02;2.5250000e+02;-1.1431025e-03;2.5250000e+02;3.9875377e-03;2.5250000e+02;1.5574016e-02;2.5250000e+02;3.1178793e-02;2.5250000e+02;4.9807936e-02;2.5250000e+02;7.1403585e-02;2.5250000e+02;9.6536778e-02;2.5250000e+02;1.2586504e-01;2.5250000e+02;1.5815930e-01;2.5250000e+02;1.8380193e-01;2.5250000e+02;2.0499560e-01;2.5250000e+02;2.1797891e-01;2.5250000e+02;2.2208175e-01;2.5250000e+02;2.0604928e-01;2.5250000e+02;1.7283088e-01;2.5250000e+02;1.2959048e-01;2.5250000e+02;8.4941603e-02;2.5250000e+02;4.3693483e-02;2.5250000e+02;-1.1431025e-03;2.5250000e+02;3.9875377e-03;2.5250000e+02;1.5574016e-02;2.5250000e+02;3.1178793e-02;2.5250000e+02;4.9807936e-02;2.5250000e+02;7.1403585e-02;2.5250000e+02;9.6536778e-02;2.5250000e+02;1.2586504e-01;2.5250000e+02;1.5815930e-01;2.5250000e+02;1.8380193e-01;2.5250000e+02;2.0499560e-01;2.5250000e+02;2.1797891e-01;2.5250000e+02;2.2208175e-01;2.5250000e+02;2.0604928e-01;2.5250000e+02;1.7283088e-01;2.5250000e+02;1.2959048e-01;2.5250000e+02;8.4941603e-02;2.5250000e+02;4.3693483e-02;2.5250000e+02;-1.1431025e-03;2.5250000e+02;3.9875377e-03;2.5250000e+02;1.5574016e-02;2.5250000e+02;3.1178793e-02;2.5250000e+02;4.9807936e-02;2.5250000e+02;7.1403585e-02;2.5250000e+02;9.6536778e-02;2.5250000e+02;1.2586504e-01;2.5250000e+02;1.5815930e-01;2.5250000e+02;1.8380193e-01;2.5250000e+02;2.0499560e-01;2.5250000e+02;2.1797891e-01;2.5250000e+02;2.2208175e-01;2.5250000e+02;2.0604928e-01;2.5250000e+02;1.7283088e-01;2.5250000e+02;1.2959048e-01;2.5250000e+02;8.4941603e-02;2.5250000e+02;4.3693483e-02;2.5250000e+02;-1.1431025e-03;2.5250000e+02;3.9875377e-03;2.5250000e+02;1.5574016e-02;2.5250000e+02;3.1178793e-02;2.5250000e+02;4.9807936e-02;2.5250000e+02;7.1403585e-02;2.5250000e+02;9.6536778e-02;2.5250000e+02;1.2586504e-01;2.5250000e+02;1.5815930e-01;2.5250000e+02;1.8380193e-01;2.5250000e+02;2.0499560e-01;2.5250000e+02;2.1797891e-01;2.5250000e+02;2.2208175e-01;2.5250000e+02;2.0604928e-01;2.5250000e+02;1.7283088e-01;2.5250000e+02;1.2959048e-01;2.5250000e+02;8.4941603e-02;2.5250000e+02;4.3693483e-02;2.5250000e+02;-1.1431025e-03;2.5250000e+02;3.9875377e-03;2.5250000e+02;1.5574016e-02;2.5250000e+02;3.1178793e-02;2.5250000e+02;4.9807936e-02;2.5250000e+02;7.1403585e-02;2.5250000e+02;9.6536778e-02;2.5250000e+02;1.2586504e-01;2.5250000e+02;1.5815930e-01;2.5250000e+02;1.8380193e-01;2.5250000e+02;2.0499560e-01;2.5250000e+02;2.1797891e-01;2.5250000e+02;2.2208175e-01;2.5250000e+02;2.0604928e-01;2.5250000e+02;1.7283088e-01;2.5250000e+02;1.2959048e-01;2.5250000e+02;8.4941603e-02;2.5250000e+02;4.3693483e-02;2.5250000e+02;-1.1431025e-03;2.5250000e+02;3.9875377e-03;2.5250000e+02;1.5574016e-02;2.5250000e+02;3.1178793e-02;2.5250000e+02;4.9807936e-02;2.5250000e+02;7.1403585e-02;2.5250000e+02;9.6536778e-02;2.5250000e+02;1.2586504e-01;2.5250000e+02;1.5815930e-01;2.5250000e+02;1.8380193e-01;2.5250000e+02;2.0499560e-01;2.5250000e+02;2.1797891e-01;2.5250000e+02;2.2208175e-01;2.5250000e+02;2.0604928e-01;2.5250000e+02;1.7283088e-01;2.5250000e+02;1.2959048e-01;2.5250000e+02;8.4941603e-02;2.5250000e+02;4.3693483e-02;2.5250000e+02;-1.1431025e-03;2.5250000e+02;3.9875377e-03;2.5250000e+02;1.5574016e-02;2.5250000e+02;3.1178793e-02;2.5250000e+02;4.9807936e-02;2.5250000e+02;7.1403585e-02;2.5250000e+02;9.6536778e-02;2.5250000e+02;1.2586504e-01;2.5250000e+02;1.5815930e-01;2.5250000e+02;1.8380193e-01;2.5250000e+02;2.0499560e-01;2.5250000e+02;2.1797891e-01;2.5250000e+02;2.2208175e-01;2.5250000e+02;2.0604928e-01;2.5250000e+02;1.7283088e-01;2.5250000e+02;1.2959048e-01;2.5250000e+02;8.4941603e-02;2.5250000e+02;4.3693483e-02;2.5250000e+02;-1.1431025e-03;2.5250000e+02;3.9875377e-03;2.5250000e+02;1.5574016e-02;2.5250000e+02;3.1178793e-02;2.5250000e+02;4.9807936e-02;2.5250000e+02;7.1403585e-02;2.5250000e+02;9.6536778e-02;2.5250000e+02;1.2586504e-01;2.5250000e+02;1.5815930e-01;2.5250000e+02;1.8380193e-01;2.5250000e+02;2.0499560e-01;2.5250000e+02;2.1797891e-01;2.5250000e+02;2.2208175e-01;2.5250000e+02;2.0604928e-01;2.5250000e+02;1.7283088e-01;2.5250000e+02;1.2959048e-01;2.5250000e+02;8.4941603e-02;2.5250000e+02;4.3693483e-02;2.5250000e+02;-1.1431025e-03;2.5250000e+02;3.9875377e-03;2.5250000e+02;1.5574016e-02;2.5250000e+02;3.1178793e-02;2.5250000e+02;4.9807936e-02;2.5250000e+02;7.1403585e-02;2.5250000e+02;9.6536778e-02;2.5250000e+02;1.2586504e-01;2.5250000e+02;1.5815930e-01;2.5250000e+02;1.8380193e-01;2.5250000e+02;2.0499560e-01;2.5250000e+02;2.1797891e-01;2.5250000e+02;2.2208175e-01;2.5250000e+02;2.0604928e-01;2.5250000e+02;1.7283088e-01;2.5250000e+02;1.2959048e-01;2.5250000e+02;8.4941603e-02;2.5250000e+02;4.3693483e-02;2.5250000e+02;-1.1431025e-03;2.5250000e+02;3.9875377e-03;2.5250000e+02;1.5574016e-02;2.5250000e+02;3.1178793e-02;2.5250000e+02;4.9807936e-02;2.5250000e+02;7.1403585e-02;2.5250000e+02;9.6536778e-02;2.5250000e+02;1.2586504e-01;2.5250000e+02;1.5815930e-01;2.5250000e+02;1.8380193e-01;2.5250000e+02;2.0499560e-01;2.5250000e+02;2.1797891e-01;2.5250000e+02;2.2208175e-01;2.5250000e+02;2.0604928e-01;2.5250000e+02;1.7283088e-01;2.5250000e+02;1.2959048e-01;2.5250000e+02;8.4941603e-02;2.5250000e+02;4.3693483e-02;2.5250000e+02;-1.1431025e-03;2.5250000e+02;3.9875377e-03;2.5250000e+02;1.5574016e-02;2.5250000e+02;3.1178793e-02;2.5250000e+02;4.9807936e-02;2.5250000e+02;7.1403585e-02;2.5250000e+02;9.6536778e-02;2.5250000e+02;1.2586504e-01;2.5250000e+02;1.5815930e-01;2.5250000e+02;1.8380193e-01;2.5250000e+02;2.0499560e-01;2.5250000e+02;2.1797891e-01;2.5250000e+02;2.2208175e-01;2.5250000e+02;2.0604928e-01;2.5250000e+02;1.7283088e-01;2.5250000e+02;1.2959048e-01;2.5250000e+02;8.4941603e-02;2.5250000e+02;4.3693483e-02;2.5250000e+02;-1.1431025e-03;2.5250000e+02;3.9875377e-03;2.5250000e+02;1.5574016e-02;2.5250000e+02;3.1178793e-02;2.5250000e+02;4.9807936e-02;2.5250000e+02;7.1403585e-02;2.5250000e+02;9.6536778e-02;2.5250000e+02;1.2586504e-01;2.5250000e+02;1.5815930e-01;2.5250000e+02;1.8380193e-01;2.5250000e+02;2.0499560e-01;2.5250000e+02;2.1797891e-01;2.5250000e+02;2.2208175e-01;2.5250000e+02;2.0604928e-01;2.5250000e+02;1.7283088e-01;2.5250000e+02;1.2959048e-01;2.5250000e+02;8.4941603e-02;2.5250000e+02;4.3693483e-02;2.5250000e+02;-1.1431025e-03;2.5250000e+02;3.9875377e-03;2.5250000e+02;1.5574016e-02;2.5250000e+02;3.1178793e-02;2.5250000e+02;4.9807936e-02;2.5250000e+02;7.1403585e-02;2.5250000e+02;9.6536778e-02;2.5250000e+02;1.2586504e-01;2.5250000e+02;1.5815930e-01;2.5250000e+02;1.8380193e-01;2.5250000e+02;2.0499560e-01;2.5250000e+02;2.1797891e-01;2.5250000e+02;2.2208175e-01;2.5250000e+02;2.0604928e-01;2.5250000e+02;1.7283088e-01;2.5250000e+02;1.2959048e-01;2.5250000e+02;8.4941603e-02;2.5250000e+02;4.3693483e-02;2.5250000e+02;-1.1431025e-03;2.5250000e+02;3.9875377e-03;2.5250000e+02;1.5574016e-02;2.5250000e+02;3.1178793e-02;2.5250000e+02;4.9807936e-02;2.5250000e+02;7.1403585e-02;2.5250000e+02;9.6536778e-02;2.5250000e+02;1.2586504e-01;2.5250000e+02;1.5815930e-01;2.5250000e+02;1.8380193e-01;2.5250000e+02;2.0499560e-01;2.5250000e+02;2.1797891e-01;2.5250000e+02;2.2208175e-01;2.5250000e+02;2.0604928e-01;2.5250000e+02;1.7283088e-01;2.5250000e+02;1.2959048e-01;2.5250000e+02;8.4941603e-02;2.5250000e+02;4.3693483e-02;2.5250000e+02;-1.1431025e-03;2.5250000e+02;3.9875377e-03;2.5250000e+02;1.5574016e-02;2.5250000e+02;3.1178793e-02;2.5250000e+02;4.9807936e-02;2.5250000e+02;7.1403585e-02;2.5250000e+02;9.6536778e-02;2.5250000e+02;1.2586504e-01;2.5250000e+02;1.5815930e-01;2.5250000e+02;1.8380193e-01;2.5250000e+02;2.0499560e-01;2.5250000e+02;2.1797891e-01;2.5250000e+02;2.2208175e-01;2.5250000e+02;2.0604928e-01;2.5250000e+02;1.7283088e-01;2.5250000e+02;1.2959048e-01;2.5250000e+02;8.4941603e-02;2.5250000e+02;4.3693483e-02;2.5250000e+02;-1.1431025e-03;2.5250000e+02;3.9875377e-03;2.5250000e+02;1.5574016e-02;2.5250000e+02;3.1178793e-02;2.5250000e+02;4.9807936e-02;2.5250000e+02;7.1403585e-02;2.5250000e+02;9.6536778e-02;2.5250000e+02;1.2586504e-01;2.5250000e+02;1.5815930e-01;2.5250000e+02;1.8380193e-01;2.5250000e+02;2.0499560e-01;2.5250000e+02;2.1797891e-01;2.5250000e+02;2.2208175e-01;2.5250000e+02;2.0604928e-01;2.5250000e+02;1.7283088e-01;2.5250000e+02;1.2959048e-01;2.5250000e+02;8.4941603e-02;2.5250000e+02;4.3693483e-02;2.5250000e+02;-1.1431025e-03;2.5250000e+02;3.9875377e-03;2.5250000e+02;1.5574016e-02;2.5250000e+02;3.1178793e-02;2.5250000e+02;4.9807936e-02;2.5250000e+02;7.1403585e-02;2.5250000e+02;9.6536778e-02;2.5250000e+02;1.2586504e-01;2.5250000e+02;1.5815930e-01;2.5250000e+02;1.8380193e-01;2.5250000e+02;2.0499560e-01;2.5250000e+02;2.1797891e-01;2.5250000e+02;2.2208175e-01;2.5250000e+02;2.0604928e-01;2.5250000e+02;1.7283088e-01;2.5250000e+02;1.2959048e-01;2.5250000e+02;8.4941603e-02;2.5250000e+02;4.3693483e-02;2.5250000e+02;-1.1431025e-03;2.5250000e+02;3.9875377e-03;2.5250000e+02;1.5574016e-02;2.5250000e+02;3.1178793e-02;2.5250000e+02;4.9807936e-02;2.5250000e+02;7.1403585e-02;2.5250000e+02;9.6536778e-02;2.5250000e+02;1.2586504e-01;2.5250000e+02;1.5815930e-01;2.5250000e+02;1.8380193e-01;2.5250000e+02;2.0499560e-01;2.5250000e+02;2.1797891e-01;2.5250000e+02;2.2208175e-01;2.5250000e+02;2.0604928e-01;2.5250000e+02;1.7283088e-01;2.5250000e+02;1.2959048e-01;2.5250000e+02;8.4941603e-02;2.5250000e+02;4.3693483e-02;2.5250000e+02;-1.1431025e-03;2.5250000e+02;3.9875377e-03;2.5250000e+02;1.5574016e-02;2.5250000e+02;3.1178793e-02;2.5250000e+02;4.9807936e-02;2.5250000e+02;7.1403585e-02;2.5250000e+02;9.6536778e-02;2.5250000e+02;1.2586504e-01;2.5250000e+02;1.5815930e-01;2.5250000e+02;1.8380193e-01;2.5250000e+02;2.0499560e-01;2.5250000e+02;2.1797891e-01;2.5250000e+02;2.2208175e-01;2.5250000e+02;2.0604928e-01;2.5250000e+02;1.7283088e-01;2.5250000e+02;1.2959048e-01;2.5250000e+02;8.4941603e-02;2.5250000e+02;4.3693483e-02;2.5250000e+02;-1.1431025e-03;2.5250000e+02;3.9875377e-03;2.5250000e+02;1.5574016e-02;2.5250000e+02;3.1178793e-02;2.5250000e+02;4.9807936e-02;2.5250000e+02;7.1403585e-02;2.5250000e+02;9.6536778e-02;2.5250000e+02;1.2586504e-01;2.5250000e+02;1.5815930e-01;2.5250000e+02;1.8380193e-01;2.5250000e+02;2.0499560e-01;2.5250000e+02;2.1797891e-01;2.5250000e+02;2.2208175e-01;2.5250000e+02;2.0604928e-01;2.5250000e+02;1.7283088e-01;2.5250000e+02;1.2959048e-01;2.5250000e+02;8.4941603e-02;2.5250000e+02;4.3693483e-02;2.5250000e+02;-1.1431025e-03;2.5250000e+02;3.9875377e-03;2.5250000e+02;1.5574016e-02;2.5250000e+02;3.1178793e-02;2.5250000e+02;4.9807936e-02;2.5250000e+02;7.1403585e-02;2.5250000e+02;9.6536778e-02;2.5250000e+02;1.2586504e-01;2.5250000e+02;1.5815930e-01;2.5250000e+02;1.8380193e-01;2.5250000e+02;2.0499560e-01;2.5250000e+02;2.1797891e-01;2.5250000e+02;2.2208175e-01;2.5250000e+02;2.0604928e-01;2.5250000e+02;1.7283088e-01;2.5250000e+02;1.2959048e-01;2.5250000e+02;8.4941603e-02;2.5250000e+02;4.3693483e-02;2.5250000e+02;-1.1431025e-03;2.5250000e+02;3.9875377e-03;2.5250000e+02;1.5574016e-02;2.5250000e+02;3.1178793e-02;2.5250000e+02;4.9807936e-02;2.5250000e+02;7.1403585e-02;2.5250000e+02;9.6536778e-02;2.5250000e+02;1.2586504e-01;2.5250000e+02;1.5815930e-01;2.5250000e+02;1.8380193e-01;2.5250000e+02;2.0499560e-01;2.5250000e+02;2.1797891e-01;2.5250000e+02;2.2208175e-01;2.5250000e+02;2.0604928e-01;2.5250000e+02;1.7283088e-01;2.5250000e+02;1.2959048e-01;2.5250000e+02;8.4941603e-02;2.5250000e+02;4.3693483e-02;2.5250000e+02;-1.1431025e-03;2.5250000e+02;3.9875377e-03;2.5250000e+02;1.5574016e-02;2.5250000e+02;3.1178793e-02;2.5250000e+02;4.9807936e-02;2.5250000e+02;7.1403585e-02;2.5250000e+02;9.6536778e-02;2.5250000e+02;1.2586504e-01;2.5250000e+02;1.5815930e-01;2.5250000e+02;1.8380193e-01;2.5250000e+02;2.0499560e-01;2.5250000e+02;2.1797891e-01;2.5250000e+02;2.2208175e-01;2.5250000e+02;2.0604928e-01;2.5250000e+02;1.7283088e-01;2.5250000e+02;1.2959048e-01;2.5250000e+02;8.4941603e-02;2.5250000e+02;4.3693483e-02;2.5250000e+02;-1.1431025e-03;2.5250000e+02;3.9875377e-03;2.5250000e+02;1.5574016e-02;2.5250000e+02;3.1178793e-02;2.5250000e+02;4.9807936e-02;2.5250000e+02;7.1403585e-02;2.5250000e+02;9.6536778e-02;2.5250000e+02;1.2586504e-01;2.5250000e+02;1.5815930e-01;2.5250000e+02;1.8380193e-01;2.5250000e+02;2.0499560e-01;2.5250000e+02;2.1797891e-01;2.5250000e+02;2.2208175e-01;2.5250000e+02;2.0604928e-01;2.5250000e+02;1.7283088e-01;2.5250000e+02;1.2959048e-01;2.5250000e+02;8.4941603e-02;2.5250000e+02;4.3693483e-02;2.5250000e+02;-1.1431025e-03;2.5250000e+02;3.9875377e-03;2.5250000e+02;1.5574016e-02;2.5250000e+02;3.1178793e-02;2.5250000e+02;4.9807936e-02;2.5250000e+02;7.1403585e-02;2.5250000e+02;9.6536778e-02;2.5250000e+02;1.2586504e-01;2.5250000e+02;1.5815930e-01;2.5250000e+02;1.8380193e-01;2.5250000e+02;2.0499560e-01;2.5250000e+02;2.1797891e-01;2.5250000e+02;2.2208175e-01;2.5250000e+02;2.0604928e-01;2.5250000e+02;1.7283088e-01;2.5250000e+02;1.2959048e-01;2.5250000e+02;8.4941603e-02;2.5250000e+02;4.3693483e-02;2.5250000e+02;-1.1431025e-03;2.5250000e+02;3.9875377e-03;2.5250000e+02;1.5574016e-02;2.5250000e+02;3.1178793e-02;2.5250000e+02;4.9807936e-02;2.5250000e+02;7.1403585e-02;2.5250000e+02;9.6536778e-02;2.5250000e+02;1.2586504e-01;2.5250000e+02;1.5815930e-01;2.5250000e+02;1.8380193e-01;2.5250000e+02;2.0499560e-01;2.5250000e+02;2.1797891e-01;2.5250000e+02;2.2208175e-01;2.5250000e+02;2.0604928e-01;2.5250000e+02;1.7283088e-01;2.5250000e+02;1.2959048e-01;2.5250000e+02;8.4941603e-02;2.5250000e+02;4.3693483e-02;2.5250000e+02;-1.1431025e-03;2.5250000e+02;3.9875377e-03;2.5250000e+02;1.5574016e-02;2.5250000e+02;3.1178793e-02;2.5250000e+02;4.9807936e-02;2.5250000e+02;7.1403585e-02;2.5250000e+02;9.6536778e-02;2.5250000e+02;1.2586504e-01;2.5250000e+02;1.5815930e-01;2.5250000e+02;1.8380193e-01;2.5250000e+02;2.0499560e-01;2.5250000e+02;2.1797891e-01;2.5250000e+02;2.2208175e-01;2.5250000e+02;2.0604928e-01;2.5250000e+02;1.7283088e-01;2.5250000e+02;1.2959048e-01;2.5250000e+02;8.4941603e-02;2.5250000e+02;4.3693483e-02;2.5250000e+02;-1.1431025e-03;2.5250000e+02;3.9875377e-03;2.5250000e+02;1.5574016e-02;2.5250000e+02;3.1178793e-02;2.5250000e+02;4.9807936e-02;2.5250000e+02;7.1403585e-02;2.5250000e+02;9.6536778e-02;2.5250000e+02;1.2586504e-01;2.5250000e+02;1.5815930e-01;2.5250000e+02;1.8380193e-01;2.5250000e+02;2.0499560e-01;2.5250000e+02;2.1797891e-01;2.5250000e+02;2.2208175e-01;2.5250000e+02;2.0604928e-01;2.5250000e+02;1.7283088e-01;2.5250000e+02;1.2959048e-01;2.5250000e+02;8.4941603e-02;2.5250000e+02;4.3693483e-02;2.5250000e+02;-1.1431025e-03;2.5250000e+02;3.9875377e-03;2.5250000e+02;1.5574016e-02;2.5250000e+02;3.1178793e-02;2.5250000e+02;4.9807936e-02;2.5250000e+02;7.1403585e-02;2.5250000e+02;9.6536778e-02;2.5250000e+02;1.2586504e-01;2.5250000e+02;1.5815930e-01;2.5250000e+02;1.8380193e-01;2.5250000e+02;2.0499560e-01;2.5250000e+02;2.1797891e-01;2.5250000e+02;2.2208175e-01;2.5250000e+02;2.0604928e-01;2.5250000e+02;1.7283088e-01;2.5250000e+02;1.2959048e-01;2.5250000e+02;8.4941603e-02;2.5250000e+02;4.3693483e-02;2.5250000e+02;-1.1431025e-03;2.5250000e+02;3.9875377e-03;2.5250000e+02;1.5574016e-02;2.5250000e+02;3.1178793e-02;2.5250000e+02;4.9807936e-02;2.5250000e+02;7.1403585e-02;2.5250000e+02;9.6536778e-02;2.5250000e+02;1.2586504e-01;2.5250000e+02;1.5815930e-01;2.5250000e+02;1.8380193e-01;2.5250000e+02;2.0499560e-01;2.5250000e+02;2.1797891e-01;2.5250000e+02;2.2208175e-01;2.5250000e+02;2.0604928e-01;2.5250000e+02;1.7283088e-01;2.5250000e+02;1.2959048e-01;2.5250000e+02;8.4941603e-02;2.5250000e+02;4.3693483e-02;2.5250000e+02;-1.1431025e-03;2.5250000e+02;3.9875377e-03;2.5250000e+02;1.5574016e-02;2.5250000e+02;3.1178793e-02;2.5250000e+02;4.9807936e-02;2.5250000e+02;7.1403585e-02;2.5250000e+02;9.6536778e-02;2.5250000e+02;1.2586504e-01;2.5250000e+02;1.5815930e-01;2.5250000e+02;1.8380193e-01;2.5250000e+02;2.0499560e-01;2.5250000e+02;2.1797891e-01;2.5250000e+02;2.2208175e-01;2.5250000e+02;2.0604928e-01;2.5250000e+02;1.7283088e-01;2.5250000e+02;1.2959048e-01;2.5250000e+02;8.4941603e-02;2.5250000e+02;4.3693483e-02;2.5250000e+02;-1.1431025e-03;2.5250000e+02;3.9875377e-03;2.5250000e+02;1.5574016e-02;2.5250000e+02;3.1178793e-02;2.5250000e+02;4.9807936e-02;2.5250000e+02;7.1403585e-02;2.5250000e+02;9.6536778e-02;2.5250000e+02;1.2586504e-01;2.5250000e+02;1.5815930e-01;2.5250000e+02;1.8380193e-01;2.5250000e+02;2.0499560e-01;2.5250000e+02;2.1797891e-01;2.5250000e+02;2.2208175e-01;2.5250000e+02;2.0604928e-01;2.5250000e+02;1.7283088e-01;2.5250000e+02;1.2959048e-01;2.5250000e+02;8.4941603e-02;2.5250000e+02;4.3693483e-02;2.5250000e+02;-1.1431025e-03;2.5250000e+02;3.9875377e-03;2.5250000e+02;1.5574016e-02;2.5250000e+02;3.1178793e-02;2.5250000e+02;4.9807936e-02;2.5250000e+02;7.1403585e-02;2.5250000e+02;9.6536778e-02;2.5250000e+02;1.2586504e-01;2.5250000e+02;1.5815930e-01;2.5250000e+02;1.8380193e-01;2.5250000e+02;2.0499560e-01;2.5250000e+02;2.1797891e-01;2.5250000e+02;2.2208175e-01;2.5250000e+02;2.0604928e-01;2.5250000e+02;1.7283088e-01;2.5250000e+02;1.2959048e-01;2.5250000e+02;8.4941603e-02;2.5250000e+02;4.3693483e-02;2.5250000e+02;-1.1431025e-03;2.5250000e+02;3.9875377e-03;2.5250000e+02;1.5574016e-02;2.5250000e+02;3.1178793e-02;2.5250000e+02;4.9807936e-02;2.5250000e+02;7.1403585e-02;2.5250000e+02;9.6536778e-02;2.5250000e+02;1.2586504e-01;2.5250000e+02;1.5815930e-01;2.5250000e+02;1.8380193e-01;2.5250000e+02;2.0499560e-01;2.5250000e+02;2.1797891e-01;2.5250000e+02;2.2208175e-01;2.5250000e+02;2.0604928e-01;2.5250000e+02;1.7283088e-01;2.5250000e+02;1.2959048e-01;2.5250000e+02;8.4941603e-02;2.5250000e+02;4.3693483e-02;2.5250000e+02;-1.1431025e-03;2.5250000e+02;3.9875377e-03;2.5250000e+02;1.5574016e-02;2.5250000e+02;3.1178793e-02;2.5250000e+02;4.9807936e-02;2.5250000e+02;7.1403585e-02;2.5250000e+02;9.6536778e-02;2.5250000e+02;1.2586504e-01;2.5250000e+02;1.5815930e-01;2.5250000e+02;1.8380193e-01;2.5250000e+02;2.0499560e-01;2.5250000e+02;2.1797891e-01;2.5250000e+02;2.2208175e-01;2.5250000e+02;2.0604928e-01;2.5250000e+02;1.7283088e-01;2.5250000e+02;1.2959048e-01;2.5250000e+02;8.4941603e-02;2.5250000e+02;4.3693483e-02;2.5250000e+02;-1.1431025e-03;2.5250000e+02;3.9875377e-03;2.5250000e+02;1.5574016e-02;2.5250000e+02;3.1178793e-02;2.5250000e+02;4.9807936e-02;2.5250000e+02;7.1403585e-02;2.5250000e+02;9.6536778e-02;2.5250000e+02;1.2586504e-01;2.5250000e+02;1.5815930e-01;2.5250000e+02;1.8380193e-01;2.5250000e+02;2.0499560e-01;2.5250000e+02;2.1797891e-01;2.5250000e+02;2.2208175e-01;2.5250000e+02;2.0604928e-01;2.5250000e+02;1.7283088e-01;2.5250000e+02;1.2959048e-01;2.5250000e+02;8.4941603e-02;2.5250000e+02;4.3693483e-02;2.5250000e+02;-1.1431025e-03;2.5250000e+02;3.9875377e-03;2.5250000e+02;1.5574016e-02;2.5250000e+02;3.1178793e-02;2.5250000e+02;4.9807936e-02;2.5250000e+02;7.1403585e-02;2.5250000e+02;9.6536778e-02;2.5250000e+02;1.2586504e-01;2.5250000e+02;1.5815930e-01;2.5250000e+02;1.8380193e-01;2.5250000e+02;2.0499560e-01;2.5250000e+02;2.1797891e-01;2.5250000e+02;2.2208175e-01;2.5250000e+02;2.0604928e-01;2.5250000e+02;1.7283088e-01;2.5250000e+02;1.2959048e-01;2.5250000e+02;8.4941603e-02;2.5250000e+02;4.3693483e-02;2.5250000e+02;-1.1431025e-03;2.5250000e+02;3.9875377e-03;2.5250000e+02;1.5574016e-02;2.5250000e+02;3.1178793e-02;2.5250000e+02;4.9807936e-02;2.5250000e+02;7.1403585e-02;2.5250000e+02;9.6536778e-02;2.5250000e+02;1.2586504e-01;2.5250000e+02;1.5815930e-01;2.5250000e+02;1.8380193e-01;2.5250000e+02;2.0499560e-01;2.5250000e+02;2.1797891e-01;2.5250000e+02;2.2208175e-01;2.5250000e+02;2.0604928e-01;2.5250000e+02;1.7283088e-01;2.5250000e+02;1.2959048e-01;2.5250000e+02;8.4941603e-02;2.5250000e+02;4.3693483e-02;2.5250000e+02;-1.1431025e-03;2.5250000e+02;3.9875377e-03;2.5250000e+02;1.5574016e-02;2.5250000e+02;3.1178793e-02;2.5250000e+02;4.9807936e-02;2.5250000e+02;7.1403585e-02;2.5250000e+02;9.6536778e-02;2.5250000e+02;1.2586504e-01;2.5250000e+02;1.5815930e-01;2.5250000e+02;1.8380193e-01;2.5250000e+02;2.0499560e-01;2.5250000e+02;2.1797891e-01;2.5250000e+02;2.2208175e-01;2.5250000e+02;2.0604928e-01;2.5250000e+02;1.7283088e-01;2.5250000e+02;1.2959048e-01;2.5250000e+02;8.4941603e-02;2.5250000e+02;4.3693483e-02;2.5250000e+02;-1.1431025e-03;2.5250000e+02;3.9875377e-03;2.5250000e+02;1.5574016e-02;2.5250000e+02;3.1178793e-02;2.5250000e+02;4.9807936e-02;2.5250000e+02;7.1403585e-02;2.5250000e+02;9.6536778e-02;2.5250000e+02;1.2586504e-01;2.5250000e+02;1.5815930e-01;2.5250000e+02;1.8380193e-01;2.5250000e+02;2.0499560e-01;2.5250000e+02;2.1797891e-01;2.5250000e+02;2.2208175e-01;2.5250000e+02;2.0604928e-01;2.5250000e+02;1.7283088e-01;2.5250000e+02;1.2959048e-01;2.5250000e+02;8.4941603e-02;2.5250000e+02;4.3693483e-02;2.5250000e+02;-1.1431025e-03;2.5250000e+02;3.9875377e-03;2.5250000e+02;1.5574016e-02;2.5250000e+02;3.1178793e-02;2.5250000e+02;4.9807936e-02;2.5250000e+02;7.1403585e-02;2.5250000e+02;9.6536778e-02;2.5250000e+02;1.2586504e-01;2.5250000e+02;1.5815930e-01;2.5250000e+02;1.8380193e-01;2.5250000e+02;2.0499560e-01;2.5250000e+02;2.1797891e-01;2.5250000e+02;2.2208175e-01;2.5250000e+02;2.0604928e-01;2.5250000e+02;1.7283088e-01;2.5250000e+02;1.2959048e-01;2.5250000e+02;8.4941603e-02;2.5250000e+02;4.3693483e-02;2.5250000e+02;-1.1431025e-03;2.5250000e+02;3.9875377e-03;2.5250000e+02;1.5574016e-02;2.5250000e+02;3.1178793e-02;2.5250000e+02;4.9807936e-02;2.5250000e+02;7.1403585e-02;2.5250000e+02;9.6536778e-02;2.5250000e+02;1.2586504e-01;2.5250000e+02;1.5815930e-01;2.5250000e+02;1.8380193e-01;2.5250000e+02;2.0499560e-01;2.5250000e+02;2.1797891e-01;2.5250000e+02;2.2208175e-01;2.5250000e+02;2.0604928e-01;2.5250000e+02;1.7283088e-01;2.5250000e+02;1.2959048e-01;2.5250000e+02;8.4941603e-02;2.5250000e+02;4.3693483e-02;2.5250000e+02;-1.1431025e-03;2.5250000e+02;3.9875377e-03;2.5250000e+02;1.5574016e-02;2.5250000e+02;3.1178793e-02;2.5250000e+02;4.9807936e-02;2.5250000e+02;7.1403585e-02;2.5250000e+02;9.6536778e-02;2.5250000e+02;1.2586504e-01;2.5250000e+02;1.5815930e-01;2.5250000e+02;1.8380193e-01;2.5250000e+02;2.0499560e-01;2.5250000e+02;2.1797891e-01;2.5250000e+02;2.2208175e-01;2.5250000e+02;2.0604928e-01;2.5250000e+02;1.7283088e-01;2.5250000e+02;1.2959048e-01;2.5250000e+02;8.4941603e-02;2.5250000e+02;4.3693483e-02;2.5250000e+02;-1.1431025e-03;2.5250000e+02;3.9875377e-03;2.5250000e+02;1.5574016e-02;2.5250000e+02;3.1178793e-02;2.5250000e+02;4.9807936e-02;2.5250000e+02;7.1403585e-02;2.5250000e+02;9.6536778e-02;2.5250000e+02;1.2586504e-01;2.5250000e+02;1.5815930e-01;2.5250000e+02;1.8380193e-01;2.5250000e+02;2.0499560e-01;2.5250000e+02;2.1797891e-01;2.5250000e+02;2.2208175e-01;2.5250000e+02;2.0604928e-01;2.5250000e+02;1.7283088e-01;2.5250000e+02;1.2959048e-01;2.5250000e+02;8.4941603e-02;2.5250000e+02;4.3693483e-02;2.5250000e+02;-1.1431025e-03;2.5250000e+02;3.9875377e-03;2.5250000e+02;1.5574016e-02;2.5250000e+02;3.1178793e-02;2.5250000e+02;4.9807936e-02;2.5250000e+02;7.1403585e-02;2.5250000e+02;9.6536778e-02;2.5250000e+02;1.2586504e-01;2.5250000e+02;1.5815930e-01;2.5250000e+02;1.8380193e-01;2.5250000e+02;2.0499560e-01;2.5250000e+02;2.1797891e-01;2.5250000e+02;2.2208175e-01;2.5250000e+02;2.0604928e-01;2.5250000e+02;1.7283088e-01;2.5250000e+02;1.2959048e-01;2.5250000e+02;8.4941603e-02;2.5250000e+02;4.3693483e-02;2.5250000e+02;-1.1431025e-03;2.5250000e+02;3.9875377e-03;2.5250000e+02;1.5574016e-02;2.5250000e+02;3.1178793e-02;2.5250000e+02;4.9807936e-02;2.5250000e+02;7.1403585e-02;2.5250000e+02;9.6536778e-02;2.5250000e+02;1.2586504e-01;2.5250000e+02;1.5815930e-01;2.5250000e+02;1.8380193e-01;2.5250000e+02;2.0499560e-01;2.5250000e+02;2.1797891e-01;2.5250000e+02;2.2208175e-01;2.5250000e+02;2.0604928e-01;2.5250000e+02;1.7283088e-01;2.5250000e+02;1.2959048e-01;2.5250000e+02;8.4941603e-02;2.5250000e+02;4.3693483e-02;2.5250000e+02;-1.1431025e-03;2.5250000e+02;3.9875377e-03;2.5250000e+02;1.5574016e-02;2.5250000e+02;3.1178793e-02;2.5250000e+02;4.9807936e-02;2.5250000e+02;7.1403585e-02;2.5250000e+02;9.6536778e-02;2.5250000e+02;1.2586504e-01;2.5250000e+02;1.5815930e-01;2.5250000e+02;1.8380193e-01;2.5250000e+02;2.0499560e-01;2.5250000e+02;2.1797891e-01;2.5250000e+02;2.2208175e-01;2.5250000e+02;2.0604928e-01;2.5250000e+02;1.7283088e-01;2.5250000e+02;1.2959048e-01;2.5250000e+02;8.4941603e-02;2.5250000e+02;4.3693483e-02;2.5250000e+02;-1.1431025e-03;2.5250000e+02;3.9875377e-03;2.5250000e+02;1.5574016e-02;2.5250000e+02;3.1178793e-02;2.5250000e+02;4.9807936e-02;2.5250000e+02;7.1403585e-02;2.5250000e+02;9.6536778e-02;2.5250000e+02;1.2586504e-01;2.5250000e+02;1.5815930e-01;2.5250000e+02;1.8380193e-01;2.5250000e+02;2.0499560e-01;2.5250000e+02;2.1797891e-01;2.5250000e+02;2.2208175e-01;2.5250000e+02;2.0604928e-01;2.5250000e+02;1.7283088e-01;2.5250000e+02;1.2959048e-01;2.5250000e+02;8.4941603e-02;2.5250000e+02;4.3693483e-02;2.5250000e+02;-1.1431025e-03;2.5250000e+02;3.9875377e-03;2.5250000e+02;1.5574016e-02;2.5250000e+02;3.1178793e-02;2.5250000e+02;4.9807936e-02;2.5250000e+02;7.1403585e-02;2.5250000e+02;9.6536778e-02;2.5250000e+02;1.2586504e-01;2.5250000e+02;1.5815930e-01;2.5250000e+02;1.8380193e-01;2.5250000e+02;2.0499560e-01;2.5250000e+02;2.1797891e-01;2.5250000e+02;2.2208175e-01;2.5250000e+02;2.0604928e-01;2.5250000e+02;1.7283088e-01;2.5250000e+02;1.2959048e-01;2.5250000e+02;8.4941603e-02;2.5250000e+02;4.3693483e-02;2.5250000e+02;-1.1431025e-03;2.5250000e+02;3.9875377e-03;2.5250000e+02;1.5574016e-02;2.5250000e+02;3.1178793e-02;2.5250000e+02;4.9807936e-02;2.5250000e+02;7.1403585e-02;2.5250000e+02;9.6536778e-02;2.5250000e+02;1.2586504e-01;2.5250000e+02;1.5815930e-01;2.5250000e+02;1.8380193e-01;2.5250000e+02;2.0499560e-01;2.5250000e+02;2.1797891e-01;2.5250000e+02;2.2208175e-01;2.5250000e+02;2.0604928e-01;2.5250000e+02;1.7283088e-01;2.5250000e+02;1.2959048e-01;2.5250000e+02;8.4941603e-02;2.5250000e+02;4.3693483e-02;2.5250000e+02;-1.1431025e-03;2.5250000e+02;3.9875377e-03;2.5250000e+02;1.5574016e-02;2.5250000e+02;3.1178793e-02;2.5250000e+02;4.9807936e-02;2.5250000e+02;7.1403585e-02;2.5250000e+02;9.6536778e-02;2.5250000e+02;1.2586504e-01;2.5250000e+02;1.5815930e-01;2.5250000e+02;1.8380193e-01;2.5250000e+02;2.0499560e-01;2.5250000e+02;2.1797891e-01;2.5250000e+02;2.2208175e-01;2.5250000e+02;2.0604928e-01;2.5250000e+02;1.7283088e-01;2.5250000e+02;1.2959048e-01;2.5250000e+02;8.4941603e-02;2.5250000e+02;4.3693483e-02;2.5250000e+02;-1.1431025e-03;2.5250000e+02;3.9875377e-03;2.5250000e+02;1.5574016e-02;2.5250000e+02;3.1178793e-02;2.5250000e+02;4.9807936e-02;2.5250000e+02;7.1403585e-02;2.5250000e+02;9.6536778e-02;2.5250000e+02;1.2586504e-01;2.5250000e+02;1.5815930e-01;2.5250000e+02;1.8380193e-01;2.5250000e+02;2.0499560e-01;2.5250000e+02;2.1797891e-01;2.5250000e+02;2.2208175e-01;2.5250000e+02;2.0604928e-01;2.5250000e+02;1.7283088e-01;2.5250000e+02;1.2959048e-01;2.5250000e+02;8.4941603e-02;2.5250000e+02;4.3693483e-02;2.5250000e+02;-1.1431025e-03;2.5250000e+02;3.9875377e-03;2.5250000e+02;1.5574016e-02;2.5250000e+02;3.1178793e-02;2.5250000e+02;4.9807936e-02;2.5250000e+02;7.1403585e-02;2.5250000e+02;9.6536778e-02;2.5250000e+02;1.2586504e-01;2.5250000e+02;1.5815930e-01;2.5250000e+02;1.8380193e-01;2.5250000e+02;2.0499560e-01;2.5250000e+02;2.1797891e-01;2.5250000e+02;2.2208175e-01;2.5250000e+02;2.0604928e-01;2.5250000e+02;1.7283088e-01;2.5250000e+02;1.2959048e-01;2.5250000e+02;8.4941603e-02;2.5250000e+02;4.3693483e-02;2.5250000e+02;-1.1431025e-03;2.5250000e+02;3.9875377e-03;2.5250000e+02;1.5574016e-02;2.5250000e+02;3.1178793e-02;2.5250000e+02;4.9807936e-02;2.5250000e+02;7.1403585e-02;2.5250000e+02;9.6536778e-02;2.5250000e+02;1.2586504e-01;2.5250000e+02;1.5815930e-01;2.5250000e+02;1.8380193e-01;2.5250000e+02;2.0499560e-01;2.5250000e+02;2.1797891e-01;2.5250000e+02;2.2208175e-01;2.5250000e+02;2.0604928e-01;2.5250000e+02;1.7283088e-01;2.5250000e+02;1.2959048e-01;2.5250000e+02;8.4941603e-02;2.5250000e+02;4.3693483e-02;2.5250000e+02;-1.1431025e-03;2.5250000e+02;3.9875377e-03;2.5250000e+02;1.5574016e-02;2.5250000e+02;3.1178793e-02;2.5250000e+02;4.9807936e-02;2.5250000e+02;7.1403585e-02;2.5250000e+02;9.6536778e-02;2.5250000e+02;1.2586504e-01;2.5250000e+02;1.5815930e-01;2.5250000e+02;1.8380193e-01;2.5250000e+02;2.0499560e-01;2.5250000e+02;2.1797891e-01;2.5250000e+02;2.2208175e-01;2.5250000e+02;2.0604928e-01;2.5250000e+02;1.7283088e-01;2.5250000e+02;1.2959048e-01;2.5250000e+02;8.4941603e-02;2.5250000e+02;4.3693483e-02;2.5250000e+02;-1.1431025e-03;2.5250000e+02;3.9875377e-03;2.5250000e+02;1.5574016e-02;2.5250000e+02;3.1178793e-02;2.5250000e+02;4.9807936e-02;2.5250000e+02;7.1403585e-02;2.5250000e+02;9.6536778e-02;2.5250000e+02;1.2586504e-01;2.5250000e+02;1.5815930e-01;2.5250000e+02;1.8380193e-01;2.5250000e+02;2.0499560e-01;2.5250000e+02;2.1797891e-01;2.5250000e+02;2.2208175e-01;2.5250000e+02;2.0604928e-01;2.5250000e+02;1.7283088e-01;2.5250000e+02;1.2959048e-01;2.5250000e+02;8.4941603e-02;2.5250000e+02;4.3693483e-02;2.5250000e+02;-1.1431025e-03;2.5250000e+02;3.9875377e-03;2.5250000e+02;1.5574016e-02;2.5250000e+02;3.1178793e-02;2.5250000e+02;4.9807936e-02;2.5250000e+02;7.1403585e-02;2.5250000e+02;9.6536778e-02;2.5250000e+02;1.2586504e-01;2.5250000e+02;1.5815930e-01;2.5250000e+02;1.8380193e-01;2.5250000e+02;2.0499560e-01;2.5250000e+02;2.1797891e-01;2.5250000e+02;2.2208175e-01;2.5250000e+02;2.0604928e-01;2.5250000e+02;1.7283088e-01;2.5250000e+02;1.2959048e-01;2.5250000e+02;8.4941603e-02;2.5250000e+02;4.3693483e-02;2.5250000e+02;-1.1431025e-03;2.5250000e+02;3.9875377e-03;2.5250000e+02;1.5574016e-02;2.5250000e+02;3.1178793e-02;2.5250000e+02;4.9807936e-02;2.5250000e+02;7.1403585e-02;2.5250000e+02;9.6536778e-02;2.5250000e+02;1.2586504e-01;2.5250000e+02;1.5815930e-01;2.5250000e+02;1.8380193e-01;2.5250000e+02;2.0499560e-01;2.5250000e+02;2.1797891e-01;2.5250000e+02;2.2208175e-01;2.5250000e+02;2.0604928e-01;2.5250000e+02;1.7283088e-01;2.5250000e+02;1.2959048e-01;2.5250000e+02;8.4941603e-02;2.5250000e+02;4.3693483e-02;2.5250000e+02;-1.1431025e-03;2.5250000e+02;3.9875377e-03;2.5250000e+02;1.5574016e-02;2.5250000e+02;3.1178793e-02;2.5250000e+02;4.9807936e-02;2.5250000e+02;7.1403585e-02;2.5250000e+02;9.6536778e-02;2.5250000e+02;1.2586504e-01;2.5250000e+02;1.5815930e-01;2.5250000e+02;1.8380193e-01;2.5250000e+02;2.0499560e-01;2.5250000e+02;2.1797891e-01;2.5250000e+02;2.2208175e-01;2.5250000e+02;2.0604928e-01;2.5250000e+02;1.7283088e-01;2.5250000e+02;1.2959048e-01;2.5250000e+02;8.4941603e-02;2.5250000e+02;4.3693483e-02;2.5250000e+02;-1.1431025e-03;2.5250000e+02;3.9875377e-03;2.5250000e+02;1.5574016e-02;2.5250000e+02;3.1178793e-02;2.5250000e+02;4.9807936e-02;2.5250000e+02;7.1403585e-02;2.5250000e+02;9.6536778e-02;2.5250000e+02;1.2586504e-01;2.5250000e+02;1.5815930e-01;2.5250000e+02;1.8380193e-01;2.5250000e+02;2.0499560e-01;2.5250000e+02;2.1797891e-01;2.5250000e+02;2.2208175e-01;2.5250000e+02;2.0604928e-01;2.5250000e+02;1.7283088e-01;2.5250000e+02;1.2959048e-01;2.5250000e+02;8.4941603e-02;2.5250000e+02;4.3693483e-02;2.5250000e+02;-1.1431025e-03;2.5250000e+02;3.9875377e-03;2.5250000e+02;1.5574016e-02;2.5250000e+02;3.1178793e-02;2.5250000e+02;4.9807936e-02;2.5250000e+02;7.1403585e-02;2.5250000e+02;9.6536778e-02;2.5250000e+02;1.2586504e-01;2.5250000e+02;1.5815930e-01;2.5250000e+02;1.8380193e-01;2.5250000e+02;2.0499560e-01;2.5250000e+02;2.1797891e-01;2.5250000e+02;2.2208175e-01;2.5250000e+02;2.0604928e-01;2.5250000e+02;1.7283088e-01;2.5250000e+02;1.2959048e-01;2.5250000e+02;8.4941603e-02;2.5250000e+02;4.3693483e-02;2.5250000e+02;-1.1431025e-03;2.5250000e+02;3.9875377e-03;2.5250000e+02;1.5574016e-02;2.5250000e+02;3.1178793e-02;2.5250000e+02;4.9807936e-02;2.5250000e+02;7.1403585e-02;2.5250000e+02;9.6536778e-02;2.5250000e+02;1.2586504e-01;2.5250000e+02;1.5815930e-01;2.5250000e+02;1.8380193e-01;2.5250000e+02;2.0499560e-01;2.5250000e+02;2.1797891e-01;2.5250000e+02;2.2208175e-01;2.5250000e+02;2.0604928e-01;2.5250000e+02;1.7283088e-01;2.5250000e+02;1.2959048e-01;2.5250000e+02;8.4941603e-02;2.5250000e+02;4.3693483e-02;2.5250000e+02;-1.1431025e-03;2.5250000e+02;3.9875377e-03;2.5250000e+02;1.5574016e-02;2.5250000e+02;3.1178793e-02;2.5250000e+02;4.9807936e-02;2.5250000e+02;7.1403585e-02;2.5250000e+02;9.6536778e-02;2.5250000e+02;1.2586504e-01;2.5250000e+02;1.5815930e-01;2.5250000e+02;1.8380193e-01;2.5250000e+02;2.0499560e-01;2.5250000e+02;2.1797891e-01;2.5250000e+02;2.2208175e-01;2.5250000e+02;2.0604928e-01;2.5250000e+02;1.7283088e-01;2.5250000e+02;1.2959048e-01;2.5250000e+02;8.4941603e-02;2.5250000e+02;4.3693483e-02;2.5250000e+02;-1.1431025e-03;2.5250000e+02;3.9875377e-03;2.5250000e+02;1.5574016e-02;2.5250000e+02;3.1178793e-02;2.5250000e+02;4.9807936e-02;2.5250000e+02;7.1403585e-02;2.5250000e+02;9.6536778e-02;2.5250000e+02;1.2586504e-01;2.5250000e+02;1.5815930e-01;2.5250000e+02;1.8380193e-01;2.5250000e+02;2.0499560e-01;2.5250000e+02;2.1797891e-01;2.5250000e+02;2.2208175e-01;2.5250000e+02;2.0604928e-01;2.5250000e+02;1.7283088e-01;2.5250000e+02;1.2959048e-01;2.5250000e+02;8.4941603e-02;2.5250000e+02;4.3693483e-02;2.5250000e+02;-1.1431025e-03;2.5250000e+02;3.9875377e-03;2.5250000e+02;1.5574016e-02;2.5250000e+02;3.1178793e-02;2.5250000e+02;4.9807936e-02;2.5250000e+02;7.1403585e-02;2.5250000e+02;9.6536778e-02;2.5250000e+02;1.2586504e-01;2.5250000e+02;1.5815930e-01;2.5250000e+02;1.8380193e-01;2.5250000e+02;2.0499560e-01;2.5250000e+02;2.1797891e-01;2.5250000e+02;2.2208175e-01;2.5250000e+02;2.0604928e-01;2.5250000e+02;1.7283088e-01;2.5250000e+02;1.2959048e-01;2.5250000e+02;8.4941603e-02;2.5250000e+02;4.3693483e-02;2.5250000e+02;-1.1431025e-03;2.5250000e+02;3.9875377e-03;2.5250000e+02;1.5574016e-02;2.5250000e+02;3.1178793e-02;2.5250000e+02;4.9807936e-02;2.5250000e+02;7.1403585e-02;2.5250000e+02;9.6536778e-02;2.5250000e+02;1.2586504e-01;2.5250000e+02;1.5815930e-01;2.5250000e+02;1.8380193e-01;2.5250000e+02;2.0499560e-01;2.5250000e+02;2.1797891e-01;2.5250000e+02;2.2208175e-01;2.5250000e+02;2.0604928e-01;2.5250000e+02;1.7283088e-01;2.5250000e+02;1.2959048e-01;2.5250000e+02;8.4941603e-02;2.5250000e+02;4.3693483e-02;2.5250000e+02;-1.1431025e-03;2.5250000e+02;3.9875377e-03;2.5250000e+02;1.5574016e-02;2.5250000e+02;3.1178793e-02;2.5250000e+02;4.9807936e-02;2.5250000e+02;7.1403585e-02;2.5250000e+02;9.6536778e-02;2.5250000e+02;1.2586504e-01;2.5250000e+02;1.5815930e-01;2.5250000e+02;1.8380193e-01;2.5250000e+02;2.0499560e-01;2.5250000e+02;2.1797891e-01;2.5250000e+02;2.2208175e-01;2.5250000e+02;2.0604928e-01;2.5250000e+02;1.7283088e-01;2.5250000e+02;1.2959048e-01;2.5250000e+02;8.4941603e-02;2.5250000e+02;4.3693483e-02;2.5250000e+02;-1.1431025e-03;2.5250000e+02;3.9875377e-03;2.5250000e+02;1.5574016e-02;2.5250000e+02;3.1178793e-02;2.5250000e+02;4.9807936e-02;2.5250000e+02;7.1403585e-02;2.5250000e+02;9.6536778e-02;2.5250000e+02;1.2586504e-01;2.5250000e+02;1.5815930e-01;2.5250000e+02;1.8380193e-01;2.5250000e+02;2.0499560e-01;2.5250000e+02;2.1797891e-01;2.5250000e+02;2.2208175e-01;2.5250000e+02;2.0604928e-01;2.5250000e+02;1.7283088e-01;2.5250000e+02;1.2959048e-01;2.5250000e+02;8.4941603e-02;2.5250000e+02;4.3693483e-02;2.5250000e+02;-1.1431025e-03;2.5250000e+02;3.9875377e-03;2.5250000e+02;1.5574016e-02;2.5250000e+02;3.1178793e-02;2.5250000e+02;4.9807936e-02;2.5250000e+02;7.1403585e-02;2.5250000e+02;9.6536778e-02;2.5250000e+02;1.2586504e-01;2.5250000e+02;1.5815930e-01;2.5250000e+02;1.8380193e-01;2.5250000e+02;2.0499560e-01;2.5250000e+02;2.1797891e-01;2.5250000e+02;2.2208175e-01;2.5250000e+02;2.0604928e-01;2.5250000e+02;1.7283088e-01;2.5250000e+02;1.2959048e-01;2.5250000e+02;8.4941603e-02;2.5250000e+02;4.3693483e-02;2.5250000e+02;-1.1431025e-03;2.5250000e+02;3.9875377e-03;2.5250000e+02;1.5574016e-02;2.5250000e+02;3.1178793e-02;2.5250000e+02;4.9807936e-02;2.5250000e+02;7.1403585e-02;2.5250000e+02;9.6536778e-02;2.5250000e+02;1.2586504e-01;2.5250000e+02;1.5815930e-01;2.5250000e+02;1.8380193e-01;2.5250000e+02;2.0499560e-01;2.5250000e+02;2.1797891e-01;2.5250000e+02;2.2208175e-01;2.5250000e+02;2.0604928e-01;2.5250000e+02;1.7283088e-01;2.5250000e+02;1.2959048e-01;2.5250000e+02;8.4941603e-02;2.5250000e+02;4.3693483e-02;2.5250000e+02;-1.1431025e-03;2.5250000e+02;3.9875377e-03;2.5250000e+02;1.5574016e-02;2.5250000e+02;3.1178793e-02;2.5250000e+02;4.9807936e-02;2.5250000e+02;7.1403585e-02;2.5250000e+02;9.6536778e-02;2.5250000e+02;1.2586504e-01;2.5250000e+02;1.5815930e-01;2.5250000e+02;1.8380193e-01;2.5250000e+02;2.0499560e-01;2.5250000e+02;2.1797891e-01;2.5250000e+02;2.2208175e-01;2.5250000e+02;2.0604928e-01;2.5250000e+02;1.7283088e-01;2.5250000e+02;1.2959048e-01;2.5250000e+02;8.4941603e-02;2.5250000e+02;4.3693483e-02;2.5250000e+02;-1.1431025e-03;2.5250000e+02;3.9875377e-03;2.5250000e+02;1.5574016e-02;2.5250000e+02;3.1178793e-02;2.5250000e+02;4.9807936e-02;2.5250000e+02;7.1403585e-02;2.5250000e+02;9.6536778e-02;2.5250000e+02;1.2586504e-01;2.5250000e+02;1.5815930e-01;2.5250000e+02;1.8380193e-01;2.5250000e+02;2.0499560e-01;2.5250000e+02;2.1797891e-01;2.5250000e+02;2.2208175e-01;2.5250000e+02;2.0604928e-01;2.5250000e+02;1.7283088e-01;2.5250000e+02;1.2959048e-01;2.5250000e+02;8.4941603e-02;2.5250000e+02;4.3693483e-02;2.5250000e+02;-1.1431025e-03;2.5250000e+02;3.9875377e-03;2.5250000e+02;1.5574016e-02;2.5250000e+02;3.1178793e-02;2.5250000e+02;4.9807936e-02;2.5250000e+02;7.1403585e-02;2.5250000e+02;9.6536778e-02;2.5250000e+02;1.2586504e-01;2.5250000e+02;1.5815930e-01;2.5250000e+02;1.8380193e-01;2.5250000e+02;2.0499560e-01;2.5250000e+02;2.1797891e-01;2.5250000e+02;2.2208175e-01;2.5250000e+02;2.0604928e-01;2.5250000e+02;1.7283088e-01;2.5250000e+02;1.2959048e-01;2.5250000e+02;8.4941603e-02;2.5250000e+02;4.3693483e-02;2.5250000e+02;-1.1431025e-03;2.5250000e+02;3.9875377e-03;2.5250000e+02;1.5574016e-02;2.5250000e+02;3.1178793e-02;2.5250000e+02;4.9807936e-02;2.5250000e+02;7.1403585e-02;2.5250000e+02;9.6536778e-02;2.5250000e+02;1.2586504e-01;2.5250000e+02;1.5815930e-01;2.5250000e+02;1.8380193e-01;2.5250000e+02;2.0499560e-01;2.5250000e+02;2.1797891e-01;2.5250000e+02;2.2208175e-01;2.5250000e+02;2.0604928e-01;2.5250000e+02;1.7283088e-01;2.5250000e+02;1.2959048e-01;2.5250000e+02;8.4941603e-02;2.5250000e+02;4.3693483e-02;2.5250000e+02;-1.1431025e-03;2.5250000e+02;3.9875377e-03;2.5250000e+02;1.5574016e-02;2.5250000e+02;3.1178793e-02;2.5250000e+02;4.9807936e-02;2.5250000e+02;7.1403585e-02;2.5250000e+02;9.6536778e-02;2.5250000e+02;1.2586504e-01;2.5250000e+02;1.5815930e-01;2.5250000e+02;1.8380193e-01;2.5250000e+02;2.0499560e-01;2.5250000e+02;2.1797891e-01;2.5250000e+02;2.2208175e-01;2.5250000e+02;2.0604928e-01;2.5250000e+02;1.7283088e-01;2.5250000e+02;1.2959048e-01;2.5250000e+02;8.4941603e-02;2.5250000e+02;4.3693483e-02;2.5250000e+02;-1.1431025e-03;2.5250000e+02;3.9875377e-03;2.5250000e+02;1.5574016e-02;2.5250000e+02;3.1178793e-02;2.5250000e+02;4.9807936e-02;2.5250000e+02;7.1403585e-02;2.5250000e+02;9.6536778e-02;2.5250000e+02;1.2586504e-01;2.5250000e+02;1.5815930e-01;2.5250000e+02;1.8380193e-01;2.5250000e+02;2.0499560e-01;2.5250000e+02;2.1797891e-01;2.5250000e+02;2.2208175e-01;2.5250000e+02;2.0604928e-01;2.5250000e+02;1.7283088e-01;2.5250000e+02;1.2959048e-01;2.5250000e+02;8.4941603e-02;2.5250000e+02;4.3693483e-02;2.5250000e+02;-1.1431025e-03;2.5250000e+02;3.9875377e-03;2.5250000e+02;1.5574016e-02;2.5250000e+02;3.1178793e-02;2.5250000e+02;4.9807936e-02;2.5250000e+02;7.1403585e-02;2.5250000e+02;9.6536778e-02;2.5250000e+02;1.2586504e-01;2.5250000e+02;1.5815930e-01;2.5250000e+02;1.8380193e-01;2.5250000e+02;2.0499560e-01;2.5250000e+02;2.1797891e-01;2.5250000e+02;2.2208175e-01;2.5250000e+02;2.0604928e-01;2.5250000e+02;1.7283088e-01;2.5250000e+02;1.2959048e-01;2.5250000e+02;8.4941603e-02;2.5250000e+02;4.3693483e-02;2.5250000e+02;-1.1431025e-03;2.5250000e+02;3.9875377e-03;2.5250000e+02;1.5574016e-02;2.5250000e+02;3.1178793e-02;2.5250000e+02;4.9807936e-02;2.5250000e+02;7.1403585e-02;2.5250000e+02;9.6536778e-02;2.5250000e+02;1.2586504e-01;2.5250000e+02;1.5815930e-01;2.5250000e+02;1.8380193e-01;2.5250000e+02;2.0499560e-01;2.5250000e+02;2.1797891e-01;2.5250000e+02;2.2208175e-01;2.5250000e+02;2.0604928e-01;2.5250000e+02;1.7283088e-01;2.5250000e+02;1.2959048e-01;2.5250000e+02;8.4941603e-02;2.5250000e+02;4.3693483e-02;2.5250000e+02;-1.1431025e-03;2.5250000e+02;3.9875377e-03;2.5250000e+02;1.5574016e-02;2.5250000e+02;3.1178793e-02;2.5250000e+02;4.9807936e-02;2.5250000e+02;7.1403585e-02;2.5250000e+02;9.6536778e-02;2.5250000e+02;1.2586504e-01;2.5250000e+02;1.5815930e-01;2.5250000e+02;1.8380193e-01;2.5250000e+02;2.0499560e-01;2.5250000e+02;2.1797891e-01;2.5250000e+02;2.2208175e-01;2.5250000e+02;2.0604928e-01;2.5250000e+02;1.7283088e-01;2.5250000e+02;1.2959048e-01;2.5250000e+02;8.4941603e-02;2.5250000e+02;4.3693483e-02;2.5250000e+02;-1.1431025e-03;2.5250000e+02;3.9875377e-03;2.5250000e+02;1.5574016e-02;2.5250000e+02;3.1178793e-02;2.5250000e+02;4.9807936e-02;2.5250000e+02;7.1403585e-02;2.5250000e+02;9.6536778e-02;2.5250000e+02;1.2586504e-01;2.5250000e+02;1.5815930e-01;2.5250000e+02;1.8380193e-01;2.5250000e+02;2.0499560e-01;2.5250000e+02;2.1797891e-01;2.5250000e+02;2.2208175e-01;2.5250000e+02;2.0604928e-01;2.5250000e+02;1.7283088e-01;2.5250000e+02;1.2959048e-01;2.5250000e+02;8.4941603e-02;2.5250000e+02;4.3693483e-02;2.5250000e+02;-1.1431025e-03;2.5250000e+02;3.9875377e-03;2.5250000e+02;1.5574016e-02;2.5250000e+02;3.1178793e-02;2.5250000e+02;4.9807936e-02;2.5250000e+02;7.1403585e-02;2.5250000e+02;9.6536778e-02;2.5250000e+02;1.2586504e-01;2.5250000e+02;1.5815930e-01;2.5250000e+02;1.8380193e-01;2.5250000e+02;2.0499560e-01;2.5250000e+02;2.1797891e-01;2.5250000e+02;2.2208175e-01;2.5250000e+02;2.0604928e-01;2.5250000e+02;1.7283088e-01;2.5250000e+02;1.2959048e-01;2.5250000e+02;8.4941603e-02;2.5250000e+02;4.3693483e-02;2.5250000e+02;-1.1431025e-03;2.5250000e+02;3.9875377e-03;2.5250000e+02;1.5574016e-02;2.5250000e+02;3.1178793e-02;2.5250000e+02;4.9807936e-02;2.5250000e+02;7.1403585e-02;2.5250000e+02;9.6536778e-02;2.5250000e+02;1.2586504e-01;2.5250000e+02;1.5815930e-01;2.5250000e+02;1.8380193e-01;2.5250000e+02;2.0499560e-01;2.5250000e+02;2.1797891e-01;2.5250000e+02;2.2208175e-01;2.5250000e+02;2.0604928e-01;2.5250000e+02;1.7283088e-01;2.5250000e+02;1.2959048e-01;2.5250000e+02;8.4941603e-02;2.5250000e+02;4.3693483e-02;2.5250000e+02;-1.1431025e-03;2.5250000e+02;3.9875377e-03;2.5250000e+02;1.5574016e-02;2.5250000e+02;3.1178793e-02;2.5250000e+02;4.9807936e-02;2.5250000e+02;7.1403585e-02;2.5250000e+02;9.6536778e-02;2.5250000e+02;1.2586504e-01;2.5250000e+02;1.5815930e-01;2.5250000e+02;1.8380193e-01;2.5250000e+02;2.0499560e-01;2.5250000e+02;2.1797891e-01;2.5250000e+02;2.2208175e-01;2.5250000e+02;2.0604928e-01;2.5250000e+02;1.7283088e-01;2.5250000e+02;1.2959048e-01;2.5250000e+02;8.4941603e-02;2.5250000e+02;4.3693483e-02;2.5250000e+02;-1.1431025e-03;2.5250000e+02;3.9875377e-03;2.5250000e+02;1.5574016e-02;2.5250000e+02;3.1178793e-02;2.5250000e+02;4.9807936e-02;2.5250000e+02;7.1403585e-02;2.5250000e+02;9.6536778e-02;2.5250000e+02;1.2586504e-01;2.5250000e+02;1.5815930e-01;2.5250000e+02;1.8380193e-01;2.5250000e+02;2.0499560e-01;2.5250000e+02;2.1797891e-01;2.5250000e+02;2.2208175e-01;2.5250000e+02;2.0604928e-01;2.5250000e+02;1.7283088e-01;2.5250000e+02;1.2959048e-01;2.5250000e+02;8.4941603e-02;2.5250000e+02;4.3693483e-02;2.5250000e+02;-1.1431025e-03;2.5250000e+02;3.9875377e-03;2.5250000e+02;1.5574016e-02;2.5250000e+02;3.1178793e-02;2.5250000e+02;4.9807936e-02;2.5250000e+02;7.1403585e-02;2.5250000e+02;9.6536778e-02;2.5250000e+02;1.2586504e-01;2.5250000e+02;1.5815930e-01;2.5250000e+02;1.8380193e-01;2.5250000e+02;2.0499560e-01;2.5250000e+02;2.1797891e-01;2.5250000e+02;2.2208175e-01;2.5250000e+02;2.0604928e-01;2.5250000e+02;1.7283088e-01;2.5250000e+02;1.2959048e-01;2.5250000e+02;8.4941603e-02;2.5250000e+02;4.3693483e-02;2.5250000e+02;-1.1431025e-03;2.5250000e+02;3.9875377e-03;2.5250000e+02;1.5574016e-02;2.5250000e+02;3.1178793e-02;2.5250000e+02;4.9807936e-02;2.5250000e+02;7.1403585e-02;2.5250000e+02;9.6536778e-02;2.5250000e+02;1.2586504e-01;2.5250000e+02;1.5815930e-01;2.5250000e+02;1.8380193e-01;2.5250000e+02;2.0499560e-01;2.5250000e+02;2.1797891e-01;2.5250000e+02;2.2208175e-01;2.5250000e+02;2.0604928e-01;2.5250000e+02;1.7283088e-01;2.5250000e+02;1.2959048e-01;2.5250000e+02;8.4941603e-02;2.5250000e+02;4.3693483e-02;2.5250000e+02;-1.1431025e-03;2.5250000e+02;3.9875377e-03;2.5250000e+02;1.5574016e-02;2.5250000e+02;3.1178793e-02;2.5250000e+02;4.9807936e-02;2.5250000e+02;7.1403585e-02;2.5250000e+02;9.6536778e-02;2.5250000e+02;1.2586504e-01;2.5250000e+02;1.5815930e-01;2.5250000e+02;1.8380193e-01;2.5250000e+02;2.0499560e-01;2.5250000e+02;2.1797891e-01;2.5250000e+02;2.2208175e-01;2.5250000e+02;2.0604928e-01;2.5250000e+02;1.7283088e-01;2.5250000e+02;1.2959048e-01;2.5250000e+02;8.4941603e-02;2.5250000e+02;4.3693483e-02;2.5250000e+02;-1.1431025e-03;2.5250000e+02;3.9875377e-03;2.5250000e+02;1.5574016e-02;2.5250000e+02;3.1178793e-02;2.5250000e+02;4.9807936e-02;2.5250000e+02;7.1403585e-02;2.5250000e+02;9.6536778e-02;2.5250000e+02;1.2586504e-01;2.5250000e+02;1.5815930e-01;2.5250000e+02;1.8380193e-01;2.5250000e+02;2.0499560e-01;2.5250000e+02;2.1797891e-01;2.5250000e+02;2.2208175e-01;2.5250000e+02;2.0604928e-01;2.5250000e+02;1.7283088e-01;2.5250000e+02;1.2959048e-01;2.5250000e+02;8.4941603e-02;2.5250000e+02;4.3693483e-02;2.5250000e+02;-1.1431025e-03;2.5250000e+02;3.9875377e-03;2.5250000e+02;1.5574016e-02;2.5250000e+02;3.1178793e-02;2.5250000e+02;4.9807936e-02;2.5250000e+02;7.1403585e-02;2.5250000e+02;9.6536778e-02;2.5250000e+02;1.2586504e-01;2.5250000e+02;1.5815930e-01;2.5250000e+02;1.8380193e-01;2.5250000e+02;2.0499560e-01;2.5250000e+02;2.1797891e-01;2.5250000e+02;2.2208175e-01;2.5250000e+02;2.0604928e-01;2.5250000e+02;1.7283088e-01;2.5250000e+02;1.2959048e-01;2.5250000e+02;8.4941603e-02;2.5250000e+02;4.3693483e-02;2.5250000e+02;-1.1431025e-03;2.5250000e+02;3.9875377e-03;2.5250000e+02;1.5574016e-02;2.5250000e+02;3.1178793e-02;2.5250000e+02;4.9807936e-02;2.5250000e+02;7.1403585e-02;2.5250000e+02;9.6536778e-02;2.5250000e+02;1.2586504e-01;2.5250000e+02;1.5815930e-01;2.5250000e+02;1.8380193e-01;2.5250000e+02;2.0499560e-01;2.5250000e+02;2.1797891e-01;2.5250000e+02;2.2208175e-01;2.5250000e+02;2.0604928e-01;2.5250000e+02;1.7283088e-01;2.5250000e+02;1.2959048e-01;2.5250000e+02;8.4941603e-02;2.5250000e+02;4.3693483e-02;2.5250000e+02;-1.1431025e-03;2.5250000e+02;3.9875377e-03;2.5250000e+02;1.5574016e-02;2.5250000e+02;3.1178793e-02;2.5250000e+02;4.9807936e-02;2.5250000e+02;7.1403585e-02;2.5250000e+02;9.6536778e-02;2.5250000e+02;1.2586504e-01;2.5250000e+02;1.5815930e-01;2.5250000e+02;1.8380193e-01;2.5250000e+02;2.0499560e-01;2.5250000e+02;2.1797891e-01;2.5250000e+02;2.2208175e-01;2.5250000e+02;2.0604928e-01;2.5250000e+02;1.7283088e-01;2.5250000e+02;1.2959048e-01;2.5250000e+02;8.4941603e-02;2.5250000e+02;4.3693483e-02;2.5250000e+02;-1.1431025e-03;2.5250000e+02;3.9875377e-03;2.5250000e+02;1.5574016e-02;2.5250000e+02;3.1178793e-02;2.5250000e+02;4.9807936e-02;2.5250000e+02;7.1403585e-02;2.5250000e+02;9.6536778e-02;2.5250000e+02;1.2586504e-01;2.5250000e+02;1.5815930e-01;2.5250000e+02;1.8380193e-01;2.5250000e+02;2.0499560e-01;2.5250000e+02;2.1797891e-01;2.5250000e+02;2.2208175e-01;2.5250000e+02;2.0604928e-01;2.5250000e+02;1.7283088e-01;2.5250000e+02;1.2959048e-01;2.5250000e+02;8.4941603e-02;2.5250000e+02;4.3693483e-02;2.5250000e+02;-1.1431025e-03;2.5250000e+02;3.9875377e-03;2.5250000e+02;1.5574016e-02;2.5250000e+02;3.1178793e-02;2.5250000e+02;4.9807936e-02;2.5250000e+02;7.1403585e-02;2.5250000e+02;9.6536778e-02;2.5250000e+02;1.2586504e-01;2.5250000e+02;1.5815930e-01;2.5250000e+02;1.8380193e-01;2.5250000e+02;2.0499560e-01;2.5250000e+02;2.1797891e-01;2.5250000e+02;2.2208175e-01;2.5250000e+02;2.0604928e-01;2.5250000e+02;1.7283088e-01;2.5250000e+02;1.2959048e-01;2.5250000e+02;8.4941603e-02;2.5250000e+02;4.3693483e-02;2.5250000e+02;-1.1431025e-03;2.5250000e+02;3.9875377e-03;2.5250000e+02;1.5574016e-02;2.5250000e+02;3.1178793e-02;2.5250000e+02;4.9807936e-02;2.5250000e+02;7.1403585e-02;2.5250000e+02;9.6536778e-02;2.5250000e+02;1.2586504e-01;2.5250000e+02;1.5815930e-01;2.5250000e+02;1.8380193e-01;2.5250000e+02;2.0499560e-01;2.5250000e+02;2.1797891e-01;2.5250000e+02;2.2208175e-01;2.5250000e+02;2.0604928e-01;2.5250000e+02;1.7283088e-01;2.5250000e+02;1.2959048e-01;2.5250000e+02;8.4941603e-02;2.5250000e+02;4.3693483e-02;2.5250000e+02;-1.1431025e-03;2.5250000e+02;3.9875377e-03;2.5250000e+02;1.5574016e-02;2.5250000e+02;3.1178793e-02;2.5250000e+02;4.9807936e-02;2.5250000e+02;7.1403585e-02;2.5250000e+02;9.6536778e-02;2.5250000e+02;1.2586504e-01;2.5250000e+02;1.5815930e-01;2.5250000e+02;1.8380193e-01;2.5250000e+02;2.0499560e-01;2.5250000e+02;2.1797891e-01;2.5250000e+02;2.2208175e-01;2.5250000e+02;2.0604928e-01;2.5250000e+02;1.7283088e-01;2.5250000e+02;1.2959048e-01;2.5250000e+02;8.4941603e-02;2.5250000e+02;4.3693483e-02;2.5250000e+02;-1.1431025e-03;2.5250000e+02;3.9875377e-03;2.5250000e+02;1.5574016e-02;2.5250000e+02;3.1178793e-02;2.5250000e+02;4.9807936e-02;2.5250000e+02;7.1403585e-02;2.5250000e+02;9.6536778e-02;2.5250000e+02;1.2586504e-01;2.5250000e+02;1.5815930e-01;2.5250000e+02;1.8380193e-01;2.5250000e+02;2.0499560e-01;2.5250000e+02;2.1797891e-01;2.5250000e+02;2.2208175e-01;2.5250000e+02;2.0604928e-01;2.5250000e+02;1.7283088e-01;2.5250000e+02;1.2959048e-01;2.5250000e+02;8.4941603e-02;2.5250000e+02;4.3693483e-02;2.5250000e+02;-1.1431025e-03;2.5250000e+02;3.9875377e-03;2.5250000e+02;1.5574016e-02;2.5250000e+02;3.1178793e-02;2.5250000e+02;4.9807936e-02;2.5250000e+02;7.1403585e-02;2.5250000e+02;9.6536778e-02;2.5250000e+02;1.2586504e-01;2.5250000e+02;1.5815930e-01;2.5250000e+02;1.8380193e-01;2.5250000e+02;2.0499560e-01;2.5250000e+02;2.1797891e-01;2.5250000e+02;2.2208175e-01;2.5250000e+02;2.0604928e-01;2.5250000e+02;1.7283088e-01;2.5250000e+02;1.2959048e-01;2.5250000e+02;8.4941603e-02;2.5250000e+02;4.3693483e-02;2.5250000e+02;-1.1431025e-03;2.5250000e+02;3.9875377e-03;2.5250000e+02;1.5574016e-02;2.5250000e+02;3.1178793e-02;2.5250000e+02;4.9807936e-02;2.5250000e+02;7.1403585e-02;2.5250000e+02;9.6536778e-02;2.5250000e+02;1.2586504e-01;2.5250000e+02;1.5815930e-01;2.5250000e+02;1.8380193e-01;2.5250000e+02;2.0499560e-01;2.5250000e+02;2.1797891e-01;2.5250000e+02;2.2208175e-01;2.5250000e+02;2.0604928e-01;2.5250000e+02;1.7283088e-01;2.5250000e+02;1.2959048e-01;2.5250000e+02;8.4941603e-02;2.5250000e+02;4.3693483e-02;2.5250000e+02;-1.1431025e-03;2.5250000e+02;3.9875377e-03;2.5250000e+02;1.5574016e-02;2.5250000e+02;3.1178793e-02;2.5250000e+02;4.9807936e-02;2.5250000e+02;7.1403585e-02;2.5250000e+02;9.6536778e-02;2.5250000e+02;1.2586504e-01;2.5250000e+02;1.5815930e-01;2.5250000e+02;1.8380193e-01;2.5250000e+02;2.0499560e-01;2.5250000e+02;2.1797891e-01;2.5250000e+02;2.2208175e-01;2.5250000e+02;2.0604928e-01;2.5250000e+02;1.7283088e-01;2.5250000e+02;1.2959048e-01;2.5250000e+02;8.4941603e-02;2.5250000e+02;4.3693483e-02;2.5250000e+02;-1.1431025e-03;2.5250000e+02;3.9875377e-03;2.5250000e+02;1.5574016e-02;2.5250000e+02;3.1178793e-02;2.5250000e+02;4.9807936e-02;2.5250000e+02;7.1403585e-02;2.5250000e+02;9.6536778e-02;2.5250000e+02;1.2586504e-01;2.5250000e+02;1.5815930e-01;2.5250000e+02;1.8380193e-01;2.5250000e+02;2.0499560e-01;2.5250000e+02;2.1797891e-01;2.5250000e+02;2.2208175e-01;2.5250000e+02;2.0604928e-01;2.5250000e+02;1.7283088e-01;2.5250000e+02;1.2959048e-01;2.5250000e+02;8.4941603e-02;2.5250000e+02;4.3693483e-02;2.5250000e+02;-1.1431025e-03;2.5250000e+02;3.9875377e-03;2.5250000e+02;1.5574016e-02;2.5250000e+02;3.1178793e-02;2.5250000e+02;4.9807936e-02;2.5250000e+02;7.1403585e-02;2.5250000e+02;9.6536778e-02;2.5250000e+02;1.2586504e-01;2.5250000e+02;1.5815930e-01;2.5250000e+02;1.8380193e-01;2.5250000e+02;2.0499560e-01;2.5250000e+02;2.1797891e-01;2.5250000e+02;2.2208175e-01;2.5250000e+02;2.0604928e-01;2.5250000e+02;1.7283088e-01;2.5250000e+02;1.2959048e-01;2.5250000e+02;8.4941603e-02;2.5250000e+02;4.3693483e-02;2.5250000e+02;-1.1431025e-03;2.5250000e+02;3.9875377e-03;2.5250000e+02;1.5574016e-02;2.5250000e+02;3.1178793e-02;2.5250000e+02;4.9807936e-02;2.5250000e+02;7.1403585e-02;2.5250000e+02;9.6536778e-02;2.5250000e+02;1.2586504e-01;2.5250000e+02;1.5815930e-01;2.5250000e+02;1.8380193e-01;2.5250000e+02;2.0499560e-01;2.5250000e+02;2.1797891e-01;2.5250000e+02;2.2208175e-01;2.5250000e+02;2.0604928e-01;2.5250000e+02;1.7283088e-01;2.5250000e+02;1.2959048e-01;2.5250000e+02;8.4941603e-02;2.5250000e+02;4.3693483e-02
2.5750000e+02;-5.9149871e-03;2.5750000e+02;-2.4962705e-03;2.5750000e+02;9.3544805e-03;2.5750000e+02;2.6057098e-02;2.5750000e+02;4.7633130e-02;2.5750000e+02;7.1282223e-02;2.5750000e+02;9.8823063e-02;2.5750000e+02;1.3183782e-01;2.5750000e+02;1.6697696e-01;2.5750000e+02;1.9272414e-01;2.5750000e+02;2.1232609e-01;2.5750000e+02;2.2040641e-01;2.5750000e+02;2.1907285e-01;2.5750000e+02;2.0039113e-01;2.5750000e+02;1.6648690e-01;2.5750000e+02;1.2450853e-01;2.5750000e+02;8.1159562e-02;2.5750000e+02;4.0925816e-02;2.5750000e+02;-5.9149871e-03;2.5750000e+02;-2.4962705e-03;2.5750000e+02;9.3544805e-03;2.5750000e+02;2.6057098e-02;2.5750000e+02;4.7633130e-02;2.5750000e+02;7.1282223e-02;2.5750000e+02;9.8823063e-02;2.5750000e+02;1.3183782e-01;2.5750000e+02;1.6697696e-01;2.5750000e+02;1.9272414e-01;2.5750000e+02;2.1232609e-01;2.5750000e+02;2.2040641e-01;2.5750000e+02;2.1907285e-01;2.5750000e+02;2.0039113e-01;2.5750000e+02;1.6648690e-01;2.5750000e+02;1.2450853e-01;2.5750000e+02;8.1159562e-02;2.5750000e+02;4.0925816e-02;2.5750000e+02;-5.9149871e-03;2.5750000e+02;-2.4962705e-03;2.5750000e+02;9.3544805e-03;2.5750000e+02;2.6057098e-02;2.5750000e+02;4.7633130e-02;2.5750000e+02;7.1282223e-02;2.5750000e+02;9.8823063e-02;2.5750000e+02;1.3183782e-01;2.5750000e+02;1.6697696e-01;2.5750000e+02;1.9272414e-01;2.5750000e+02;2.1232609e-01;2.5750000e+02;2.2040641e-01;2.5750000e+02;2.1907285e-01;2.5750000e+02;2.0039113e-01;2.5750000e+02;1.6648690e-01;2.5750000e+02;1.2450853e-01;2.5750000e+02;8.1159562e-02;2.5750000e+02;4.0925816e-02;2.5750000e+02;-5.9149871e-03;2.5750000e+02;-2.4962705e-03;2.5750000e+02;9.3544805e-03;2.5750000e+02;2.6057098e-02;2.5750000e+02;4.7633130e-02;2.5750000e+02;7.1282223e-02;2.5750000e+02;9.8823063e-02;2.5750000e+02;1.3183782e-01;2.5750000e+02;1.6697696e-01;2.5750000e+02;1.9272414e-01;2.5750000e+02;2.1232609e-01;2.5750000e+02;2.2040641e-01;2.5750000e+02;2.1907285e-01;2.5750000e+02;2.0039113e-01;2.5750000e+02;1.6648690e-01;2.5750000e+02;1.2450853e-01;2.5750000e+02;8.1159562e-02;2.5750000e+02;4.0925816e-02;2.5750000e+02;-5.9149871e-03;2.5750000e+02;-2.4962705e-03;2.5750000e+02;9.3544805e-03;2.5750000e+02;2.6057098e-02;2.5750000e+02;4.7633130e-02;2.5750000e+02;7.1282223e-02;2.5750000e+02;9.8823063e-02;2.5750000e+02;1.3183782e-01;2.5750000e+02;1.6697696e-01;2.5750000e+02;1.9272414e-01;2.5750000e+02;2.1232609e-01;2.5750000e+02;2.2040641e-01;2.5750000e+02;2.1907285e-01;2.5750000e+02;2.0039113e-01;2.5750000e+02;1.6648690e-01;2.5750000e+02;1.2450853e-01;2.5750000e+02;8.1159562e-02;2.5750000e+02;4.0925816e-02;2.5750000e+02;-5.9149871e-03;2.5750000e+02;-2.4962705e-03;2.5750000e+02;9.3544805e-03;2.5750000e+02;2.6057098e-02;2.5750000e+02;4.7633130e-02;2.5750000e+02;7.1282223e-02;2.5750000e+02;9.8823063e-02;2.5750000e+02;1.3183782e-01;2.5750000e+02;1.6697696e-01;2.5750000e+02;1.9272414e-01;2.5750000e+02;2.1232609e-01;2.5750000e+02;2.2040641e-01;2.5750000e+02;2.1907285e-01;2.5750000e+02;2.0039113e-01;2.5750000e+02;1.6648690e-01;2.5750000e+02;1.2450853e-01;2.5750000e+02;8.1159562e-02;2.5750000e+02;4.0925816e-02;2.5750000e+02;-5.9149871e-03;2.5750000e+02;-2.4962705e-03;2.5750000e+02;9.3544805e-03;2.5750000e+02;2.6057098e-02;2.5750000e+02;4.7633130e-02;2.5750000e+02;7.1282223e-02;2.5750000e+02;9.8823063e-02;2.5750000e+02;1.3183782e-01;2.5750000e+02;1.6697696e-01;2.5750000e+02;1.9272414e-01;2.5750000e+02;2.1232609e-01;2.5750000e+02;2.2040641e-01;2.5750000e+02;2.1907285e-01;2.5750000e+02;2.0039113e-01;2.5750000e+02;1.6648690e-01;2.5750000e+02;1.2450853e-01;2.5750000e+02;8.1159562e-02;2.5750000e+02;4.0925816e-02;2.5750000e+02;-5.9149871e-03;2.5750000e+02;-2.4962705e-03;2.5750000e+02;9.3544805e-03;2.5750000e+02;2.6057098e-02;2.5750000e+02;4.7633130e-02;2.5750000e+02;7.1282223e-02;2.5750000e+02;9.8823063e-02;2.5750000e+02;1.3183782e-01;2.5750000e+02;1.6697696e-01;2.5750000e+02;1.9272414e-01;2.5750000e+02;2.1232609e-01;2.5750000e+02;2.2040641e-01;2.5750000e+02;2.1907285e-01;2.5750000e+02;2.0039113e-01;2.5750000e+02;1.6648690e-01;2.5750000e+02;1.2450853e-01;2.5750000e+02;8.1159562e-02;2.5750000e+02;4.0925816e-02;2.5750000e+02;-5.9149871e-03;2.5750000e+02;-2.4962705e-03;2.5750000e+02;9.3544805e-03;2.5750000e+02;2.6057098e-02;2.5750000e+02;4.7633130e-02;2.5750000e+02;7.1282223e-02;2.5750000e+02;9.8823063e-02;2.5750000e+02;1.3183782e-01;2.5750000e+02;1.6697696e-01;2.5750000e+02;1.9272414e-01;2.5750000e+02;2.1232609e-01;2.5750000e+02;2.2040641e-01;2.5750000e+02;2.1907285e-01;2.5750000e+02;2.0039113e-01;2.5750000e+02;1.6648690e-01;2.5750000e+02;1.2450853e-01;2.5750000e+02;8.1159562e-02;2.5750000e+02;4.0925816e-02;2.5750000e+02;-5.9149871e-03;2.5750000e+02;-2.4962705e-03;2.5750000e+02;9.3544805e-03;2.5750000e+02;2.6057098e-02;2.5750000e+02;4.7633130e-02;2.5750000e+02;7.1282223e-02;2.5750000e+02;9.8823063e-02;2.5750000e+02;1.3183782e-01;2.5750000e+02;1.6697696e-01;2.5750000e+02;1.9272414e-01;2.5750000e+02;2.1232609e-01;2.5750000e+02;2.2040641e-01;2.5750000e+02;2.1907285e-01;2.5750000e+02;2.0039113e-01;2.5750000e+02;1.6648690e-01;2.5750000e+02;1.2450853e-01;2.5750000e+02;8.1159562e-02;2.5750000e+02;4.0925816e-02;2.5750000e+02;-5.9149871e-03;2.5750000e+02;-2.4962705e-03;2.5750000e+02;9.3544805e-03;2.5750000e+02;2.6057098e-02;2.5750000e+02;4.7633130e-02;2.5750000e+02;7.1282223e-02;2.5750000e+02;9.8823063e-02;2.5750000e+02;1.3183782e-01;2.5750000e+02;1.6697696e-01;2.5750000e+02;1.9272414e-01;2.5750000e+02;2.1232609e-01;2.5750000e+02;2.2040641e-01;2.5750000e+02;2.1907285e-01;2.5750000e+02;2.0039113e-01;2.5750000e+02;1.6648690e-01;2.5750000e+02;1.2450853e-01;2.5750000e+02;8.1159562e-02;2.5750000e+02;4.0925816e-02;2.5750000e+02;-5.9149871e-03;2.5750000e+02;-2.4962705e-03;2.5750000e+02;9.3544805e-03;2.5750000e+02;2.6057098e-02;2.5750000e+02;4.7633130e-02;2.5750000e+02;7.1282223e-02;2.5750000e+02;9.8823063e-02;2.5750000e+02;1.3183782e-01;2.5750000e+02;1.6697696e-01;2.5750000e+02;1.9272414e-01;2.5750000e+02;2.1232609e-01;2.5750000e+02;2.2040641e-01;2.5750000e+02;2.1907285e-01;2.5750000e+02;2.0039113e-01;2.5750000e+02;1.6648690e-01;2.5750000e+02;1.2450853e-01;2.5750000e+02;8.1159562e-02;2.5750000e+02;4.0925816e-02;2.5750000e+02;-5.9149871e-03;2.5750000e+02;-2.4962705e-03;2.5750000e+02;9.3544805e-03;2.5750000e+02;2.6057098e-02;2.5750000e+02;4.7633130e-02;2.5750000e+02;7.1282223e-02;2.5750000e+02;9.8823063e-02;2.5750000e+02;1.3183782e-01;2.5750000e+02;1.6697696e-01;2.5750000e+02;1.9272414e-01;2.5750000e+02;2.1232609e-01;2.5750000e+02;2.2040641e-01;2.5750000e+02;2.1907285e-01;2.5750000e+02;2.0039113e-01;2.5750000e+02;1.6648690e-01;2.5750000e+02;1.2450853e-01;2.5750000e+02;8.1159562e-02;2.5750000e+02;4.0925816e-02;2.5750000e+02;-5.9149871e-03;2.5750000e+02;-2.4962705e-03;2.5750000e+02;9.3544805e-03;2.5750000e+02;2.6057098e-02;2.5750000e+02;4.7633130e-02;2.5750000e+02;7.1282223e-02;2.5750000e+02;9.8823063e-02;2.5750000e+02;1.3183782e-01;2.5750000e+02;1.6697696e-01;2.5750000e+02;1.9272414e-01;2.5750000e+02;2.1232609e-01;2.5750000e+02;2.2040641e-01;2.5750000e+02;2.1907285e-01;2.5750000e+02;2.0039113e-01;2.5750000e+02;1.6648690e-01;2.5750000e+02;1.2450853e-01;2.5750000e+02;8.1159562e-02;2.5750000e+02;4.0925816e-02;2.5750000e+02;-5.9149871e-03;2.5750000e+02;-2.4962705e-03;2.5750000e+02;9.3544805e-03;2.5750000e+02;2.6057098e-02;2.5750000e+02;4.7633130e-02;2.5750000e+02;7.1282223e-02;2.5750000e+02;9.8823063e-02;2.5750000e+02;1.3183782e-01;2.5750000e+02;1.6697696e-01;2.5750000e+02;1.9272414e-01;2.5750000e+02;2.1232609e-01;2.5750000e+02;2.2040641e-01;2.5750000e+02;2.1907285e-01;2.5750000e+02;2.0039113e-01;2.5750000e+02;1.6648690e-01;2.5750000e+02;1.2450853e-01;2.5750000e+02;8.1159562e-02;2.5750000e+02;4.0925816e-02;2.5750000e+02;-5.9149871e-03;2.5750000e+02;-2.4962705e-03;2.5750000e+02;9.3544805e-03;2.5750000e+02;2.6057098e-02;2.5750000e+02;4.7633130e-02;2.5750000e+02;7.1282223e-02;2.5750000e+02;9.8823063e-02;2.5750000e+02;1.3183782e-01;2.5750000e+02;1.6697696e-01;2.5750000e+02;1.9272414e-01;2.5750000e+02;2.1232609e-01;2.5750000e+02;2.2040641e-01;2.5750000e+02;2.1907285e-01;2.5750000e+02;2.0039113e-01;2.5750000e+02;1.6648690e-01;2.5750000e+02;1.2450853e-01;2.5750000e+02;8.1159562e-02;2.5750000e+02;4.0925816e-02;2.5750000e+02;-5.9149871e-03;2.5750000e+02;-2.4962705e-03;2.5750000e+02;9.3544805e-03;2.5750000e+02;2.6057098e-02;2.5750000e+02;4.7633130e-02;2.5750000e+02;7.1282223e-02;2.5750000e+02;9.8823063e-02;2.5750000e+02;1.3183782e-01;2.5750000e+02;1.6697696e-01;2.5750000e+02;1.9272414e-01;2.5750000e+02;2.1232609e-01;2.5750000e+02;2.2040641e-01;2.5750000e+02;2.1907285e-01;2.5750000e+02;2.0039113e-01;2.5750000e+02;1.6648690e-01;2.5750000e+02;1.2450853e-01;2.5750000e+02;8.1159562e-02;2.5750000e+02;4.0925816e-02;2.5750000e+02;-5.9149871e-03;2.5750000e+02;-2.4962705e-03;2.5750000e+02;9.3544805e-03;2.5750000e+02;2.6057098e-02;2.5750000e+02;4.7633130e-02;2.5750000e+02;7.1282223e-02;2.5750000e+02;9.8823063e-02;2.5750000e+02;1.3183782e-01;2.5750000e+02;1.6697696e-01;2.5750000e+02;1.9272414e-01;2.5750000e+02;2.1232609e-01;2.5750000e+02;2.2040641e-01;2.5750000e+02;2.1907285e-01;2.5750000e+02;2.0039113e-01;2.5750000e+02;1.6648690e-01;2.5750000e+02;1.2450853e-01;2.5750000e+02;8.1159562e-02;2.5750000e+02;4.0925816e-02;2.5750000e+02;-5.9149871e-03;2.5750000e+02;-2.4962705e-03;2.5750000e+02;9.3544805e-03;2.5750000e+02;2.6057098e-02;2.5750000e+02;4.7633130e-02;2.5750000e+02;7.1282223e-02;2.5750000e+02;9.8823063e-02;2.5750000e+02;1.3183782e-01;2.5750000e+02;1.6697696e-01;2.5750000e+02;1.9272414e-01;2.5750000e+02;2.1232609e-01;2.5750000e+02;2.2040641e-01;2.5750000e+02;2.1907285e-01;2.5750000e+02;2.0039113e-01;2.5750000e+02;1.6648690e-01;2.5750000e+02;1.2450853e-01;2.5750000e+02;8.1159562e-02;2.5750000e+02;4.0925816e-02;2.5750000e+02;-5.9149871e-03;2.5750000e+02;-2.4962705e-03;2.5750000e+02;9.3544805e-03;2.5750000e+02;2.6057098e-02;2.5750000e+02;4.7633130e-02;2.5750000e+02;7.1282223e-02;2.5750000e+02;9.8823063e-02;2.5750000e+02;1.3183782e-01;2.5750000e+02;1.6697696e-01;2.5750000e+02;1.9272414e-01;2.5750000e+02;2.1232609e-01;2.5750000e+02;2.2040641e-01;2.5750000e+02;2.1907285e-01;2.5750000e+02;2.0039113e-01;2.5750000e+02;1.6648690e-01;2.5750000e+02;1.2450853e-01;2.5750000e+02;8.1159562e-02;2.5750000e+02;4.0925816e-02;2.5750000e+02;-5.9149871e-03;2.5750000e+02;-2.4962705e-03;2.5750000e+02;9.3544805e-03;2.5750000e+02;2.6057098e-02;2.5750000e+02;4.7633130e-02;2.5750000e+02;7.1282223e-02;2.5750000e+02;9.8823063e-02;2.5750000e+02;1.3183782e-01;2.5750000e+02;1.6697696e-01;2.5750000e+02;1.9272414e-01;2.5750000e+02;2.1232609e-01;2.5750000e+02;2.2040641e-01;2.5750000e+02;2.1907285e-01;2.5750000e+02;2.0039113e-01;2.5750000e+02;1.6648690e-01;2.5750000e+02;1.2450853e-01;2.5750000e+02;8.1159562e-02;2.5750000e+02;4.0925816e-02;2.5750000e+02;-5.9149871e-03;2.5750000e+02;-2.4962705e-03;2.5750000e+02;9.3544805e-03;2.5750000e+02;2.6057098e-02;2.5750000e+02;4.7633130e-02;2.5750000e+02;7.1282223e-02;2.5750000e+02;9.8823063e-02;2.5750000e+02;1.3183782e-01;2.5750000e+02;1.6697696e-01;2.5750000e+02;1.9272414e-01;2.5750000e+02;2.1232609e-01;2.5750000e+02;2.2040641e-01;2.5750000e+02;2.1907285e-01;2.5750000e+02;2.0039113e-01;2.5750000e+02;1.6648690e-01;2.5750000e+02;1.2450853e-01;2.5750000e+02;8.1159562e-02;2.5750000e+02;4.0925816e-02;2.5750000e+02;-5.9149871e-03;2.5750000e+02;-2.4962705e-03;2.5750000e+02;9.3544805e-03;2.5750000e+02;2.6057098e-02;2.5750000e+02;4.7633130e-02;2.5750000e+02;7.1282223e-02;2.5750000e+02;9.8823063e-02;2.5750000e+02;1.3183782e-01;2.5750000e+02;1.6697696e-01;2.5750000e+02;1.9272414e-01;2.5750000e+02;2.1232609e-01;2.5750000e+02;2.2040641e-01;2.5750000e+02;2.1907285e-01;2.5750000e+02;2.0039113e-01;2.5750000e+02;1.6648690e-01;2.5750000e+02;1.2450853e-01;2.5750000e+02;8.1159562e-02;2.5750000e+02;4.0925816e-02;2.5750000e+02;-5.9149871e-03;2.5750000e+02;-2.4962705e-03;2.5750000e+02;9.3544805e-03;2.5750000e+02;2.6057098e-02;2.5750000e+02;4.7633130e-02;2.5750000e+02;7.1282223e-02;2.5750000e+02;9.8823063e-02;2.5750000e+02;1.3183782e-01;2.5750000e+02;1.6697696e-01;2.5750000e+02;1.9272414e-01;2.5750000e+02;2.1232609e-01;2.5750000e+02;2.2040641e-01;2.5750000e+02;2.1907285e-01;2.5750000e+02;2.0039113e-01;2.5750000e+02;1.6648690e-01;2.5750000e+02;1.2450853e-01;2.5750000e+02;8.1159562e-02;2.5750000e+02;4.0925816e-02;2.5750000e+02;-5.9149871e-03;2.5750000e+02;-2.4962705e-03;2.5750000e+02;9.3544805e-03;2.5750000e+02;2.6057098e-02;2.5750000e+02;4.7633130e-02;2.5750000e+02;7.1282223e-02;2.5750000e+02;9.8823063e-02;2.5750000e+02;1.3183782e-01;2.5750000e+02;1.6697696e-01;2.5750000e+02;1.9272414e-01;2.5750000e+02;2.1232609e-01;2.5750000e+02;2.2040641e-01;2.5750000e+02;2.1907285e-01;2.5750000e+02;2.0039113e-01;2.5750000e+02;1.6648690e-01;2.5750000e+02;1.2450853e-01;2.5750000e+02;8.1159562e-02;2.5750000e+02;4.0925816e-02;2.5750000e+02;-5.9149871e-03;2.5750000e+02;-2.4962705e-03;2.5750000e+02;9.3544805e-03;2.5750000e+02;2.6057098e-02;2.5750000e+02;4.7633130e-02;2.5750000e+02;7.1282223e-02;2.5750000e+02;9.8823063e-02;2.5750000e+02;1.3183782e-01;2.5750000e+02;1.6697696e-01;2.5750000e+02;1.9272414e-01;2.5750000e+02;2.1232609e-01;2.5750000e+02;2.2040641e-01;2.5750000e+02;2.1907285e-01;2.5750000e+02;2.0039113e-01;2.5750000e+02;1.6648690e-01;2.5750000e+02;1.2450853e-01;2.5750000e+02;8.1159562e-02;2.5750000e+02;4.0925816e-02;2.5750000e+02;-5.9149871e-03;2.5750000e+02;-2.4962705e-03;2.5750000e+02;9.3544805e-03;2.5750000e+02;2.6057098e-02;2.5750000e+02;4.7633130e-02;2.5750000e+02;7.1282223e-02;2.5750000e+02;9.8823063e-02;2.5750000e+02;1.3183782e-01;2.5750000e+02;1.6697696e-01;2.5750000e+02;1.9272414e-01;2.5750000e+02;2.1232609e-01;2.5750000e+02;2.2040641e-01;2.5750000e+02;2.1907285e-01;2.5750000e+02;2.0039113e-01;2.5750000e+02;1.6648690e-01;2.5750000e+02;1.2450853e-01;2.5750000e+02;8.1159562e-02;2.5750000e+02;4.0925816e-02;2.5750000e+02;-5.9149871e-03;2.5750000e+02;-2.4962705e-03;2.5750000e+02;9.3544805e-03;2.5750000e+02;2.6057098e-02;2.5750000e+02;4.7633130e-02;2.5750000e+02;7.1282223e-02;2.5750000e+02;9.8823063e-02;2.5750000e+02;1.3183782e-01;2.5750000e+02;1.6697696e-01;2.5750000e+02;1.9272414e-01;2.5750000e+02;2.1232609e-01;2.5750000e+02;2.2040641e-01;2.5750000e+02;2.1907285e-01;2.5750000e+02;2.0039113e-01;2.5750000e+02;1.6648690e-01;2.5750000e+02;1.2450853e-01;2.5750000e+02;8.1159562e-02;2.5750000e+02;4.0925816e-02;2.5750000e+02;-5.9149871e-03;2.5750000e+02;-2.4962705e-03;2.5750000e+02;9.3544805e-03;2.5750000e+02;2.6057098e-02;2.5750000e+02;4.7633130e-02;2.5750000e+02;7.1282223e-02;2.5750000e+02;9.8823063e-02;2.5750000e+02;1.3183782e-01;2.5750000e+02;1.6697696e-01;2.5750000e+02;1.9272414e-01;2.5750000e+02;2.1232609e-01;2.5750000e+02;2.2040641e-01;2.5750000e+02;2.1907285e-01;2.5750000e+02;2.0039113e-01;2.5750000e+02;1.6648690e-01;2.5750000e+02;1.2450853e-01;2.5750000e+02;8.1159562e-02;2.5750000e+02;4.0925816e-02;2.5750000e+02;-5.9149871e-03;2.5750000e+02;-2.4962705e-03;2.5750000e+02;9.3544805e-03;2.5750000e+02;2.6057098e-02;2.5750000e+02;4.7633130e-02;2.5750000e+02;7.1282223e-02;2.5750000e+02;9.8823063e-02;2.5750000e+02;1.3183782e-01;2.5750000e+02;1.6697696e-01;2.5750000e+02;1.9272414e-01;2.5750000e+02;2.1232609e-01;2.5750000e+02;2.2040641e-01;2.5750000e+02;2.1907285e-01;2.5750000e+02;2.0039113e-01;2.5750000e+02;1.6648690e-01;2.5750000e+02;1.2450853e-01;2.5750000e+02;8.1159562e-02;2.5750000e+02;4.0925816e-02;2.5750000e+02;-5.9149871e-03;2.5750000e+02;-2.4962705e-03;2.5750000e+02;9.3544805e-03;2.5750000e+02;2.6057098e-02;2.5750000e+02;4.7633130e-02;2.5750000e+02;7.1282223e-02;2.5750000e+02;9.8823063e-02;2.5750000e+02;1.3183782e-01;2.5750000e+02;1.6697696e-01;2.5750000e+02;1.9272414e-01;2.5750000e+02;2.1232609e-01;2.5750000e+02;2.2040641e-01;2.5750000e+02;2.1907285e-01;2.5750000e+02;2.0039113e-01;2.5750000e+02;1.6648690e-01;2.5750000e+02;1.2450853e-01;2.5750000e+02;8.1159562e-02;2.5750000e+02;4.0925816e-02;2.5750000e+02;-5.9149871e-03;2.5750000e+02;-2.4962705e-03;2.5750000e+02;9.3544805e-03;2.5750000e+02;2.6057098e-02;2.5750000e+02;4.7633130e-02;2.5750000e+02;7.1282223e-02;2.5750000e+02;9.8823063e-02;2.5750000e+02;1.3183782e-01;2.5750000e+02;1.6697696e-01;2.5750000e+02;1.9272414e-01;2.5750000e+02;2.1232609e-01;2.5750000e+02;2.2040641e-01;2.5750000e+02;2.1907285e-01;2.5750000e+02;2.0039113e-01;2.5750000e+02;1.6648690e-01;2.5750000e+02;1.2450853e-01;2.5750000e+02;8.1159562e-02;2.5750000e+02;4.0925816e-02;2.5750000e+02;-5.9149871e-03;2.5750000e+02;-2.4962705e-03;2.5750000e+02;9.3544805e-03;2.5750000e+02;2.6057098e-02;2.5750000e+02;4.7633130e-02;2.5750000e+02;7.1282223e-02;2.5750000e+02;9.8823063e-02;2.5750000e+02;1.3183782e-01;2.5750000e+02;1.6697696e-01;2.5750000e+02;1.9272414e-01;2.5750000e+02;2.1232609e-01;2.5750000e+02;2.2040641e-01;2.5750000e+02;2.1907285e-01;2.5750000e+02;2.0039113e-01;2.5750000e+02;1.6648690e-01;2.5750000e+02;1.2450853e-01;2.5750000e+02;8.1159562e-02;2.5750000e+02;4.0925816e-02;2.5750000e+02;-5.9149871e-03;2.5750000e+02;-2.4962705e-03;2.5750000e+02;9.3544805e-03;2.5750000e+02;2.6057098e-02;2.5750000e+02;4.7633130e-02;2.5750000e+02;7.1282223e-02;2.5750000e+02;9.8823063e-02;2.5750000e+02;1.3183782e-01;2.5750000e+02;1.6697696e-01;2.5750000e+02;1.9272414e-01;2.5750000e+02;2.1232609e-01;2.5750000e+02;2.2040641e-01;2.5750000e+02;2.1907285e-01;2.5750000e+02;2.0039113e-01;2.5750000e+02;1.6648690e-01;2.5750000e+02;1.2450853e-01;2.5750000e+02;8.1159562e-02;2.5750000e+02;4.0925816e-02;2.5750000e+02;-5.9149871e-03;2.5750000e+02;-2.4962705e-03;2.5750000e+02;9.3544805e-03;2.5750000e+02;2.6057098e-02;2.5750000e+02;4.7633130e-02;2.5750000e+02;7.1282223e-02;2.5750000e+02;9.8823063e-02;2.5750000e+02;1.3183782e-01;2.5750000e+02;1.6697696e-01;2.5750000e+02;1.9272414e-01;2.5750000e+02;2.1232609e-01;2.5750000e+02;2.2040641e-01;2.5750000e+02;2.1907285e-01;2.5750000e+02;2.0039113e-01;2.5750000e+02;1.6648690e-01;2.5750000e+02;1.2450853e-01;2.5750000e+02;8.1159562e-02;2.5750000e+02;4.0925816e-02;2.5750000e+02;-5.9149871e-03;2.5750000e+02;-2.4962705e-03;2.5750000e+02;9.3544805e-03;2.5750000e+02;2.6057098e-02;2.5750000e+02;4.7633130e-02;2.5750000e+02;7.1282223e-02;2.5750000e+02;9.8823063e-02;2.5750000e+02;1.3183782e-01;2.5750000e+02;1.6697696e-01;2.5750000e+02;1.9272414e-01;2.5750000e+02;2.1232609e-01;2.5750000e+02;2.2040641e-01;2.5750000e+02;2.1907285e-01;2.5750000e+02;2.0039113e-01;2.5750000e+02;1.6648690e-01;2.5750000e+02;1.2450853e-01;2.5750000e+02;8.1159562e-02;2.5750000e+02;4.0925816e-02;2.5750000e+02;-5.9149871e-03;2.5750000e+02;-2.4962705e-03;2.5750000e+02;9.3544805e-03;2.5750000e+02;2.6057098e-02;2.5750000e+02;4.7633130e-02;2.5750000e+02;7.1282223e-02;2.5750000e+02;9.8823063e-02;2.5750000e+02;1.3183782e-01;2.5750000e+02;1.6697696e-01;2.5750000e+02;1.9272414e-01;2.5750000e+02;2.1232609e-01;2.5750000e+02;2.2040641e-01;2.5750000e+02;2.1907285e-01;2.5750000e+02;2.0039113e-01;2.5750000e+02;1.6648690e-01;2.5750000e+02;1.2450853e-01;2.5750000e+02;8.1159562e-02;2.5750000e+02;4.0925816e-02;2.5750000e+02;-5.9149871e-03;2.5750000e+02;-2.4962705e-03;2.5750000e+02;9.3544805e-03;2.5750000e+02;2.6057098e-02;2.5750000e+02;4.7633130e-02;2.5750000e+02;7.1282223e-02;2.5750000e+02;9.8823063e-02;2.5750000e+02;1.3183782e-01;2.5750000e+02;1.6697696e-01;2.5750000e+02;1.9272414e-01;2.5750000e+02;2.1232609e-01;2.5750000e+02;2.2040641e-01;2.5750000e+02;2.1907285e-01;2.5750000e+02;2.0039113e-01;2.5750000e+02;1.6648690e-01;2.5750000e+02;1.2450853e-01;2.5750000e+02;8.1159562e-02;2.5750000e+02;4.0925816e-02;2.5750000e+02;-5.9149871e-03;2.5750000e+02;-2.4962705e-03;2.5750000e+02;9.3544805e-03;2.5750000e+02;2.6057098e-02;2.5750000e+02;4.7633130e-02;2.5750000e+02;7.1282223e-02;2.5750000e+02;9.8823063e-02;2.5750000e+02;1.3183782e-01;2.5750000e+02;1.6697696e-01;2.5750000e+02;1.9272414e-01;2.5750000e+02;2.1232609e-01;2.5750000e+02;2.2040641e-01;2.5750000e+02;2.1907285e-01;2.5750000e+02;2.0039113e-01;2.5750000e+02;1.6648690e-01;2.5750000e+02;1.2450853e-01;2.5750000e+02;8.1159562e-02;2.5750000e+02;4.0925816e-02;2.5750000e+02;-5.9149871e-03;2.5750000e+02;-2.4962705e-03;2.5750000e+02;9.3544805e-03;2.5750000e+02;2.6057098e-02;2.5750000e+02;4.7633130e-02;2.5750000e+02;7.1282223e-02;2.5750000e+02;9.8823063e-02;2.5750000e+02;1.3183782e-01;2.5750000e+02;1.6697696e-01;2.5750000e+02;1.9272414e-01;2.5750000e+02;2.1232609e-01;2.5750000e+02;2.2040641e-01;2.5750000e+02;2.1907285e-01;2.5750000e+02;2.0039113e-01;2.5750000e+02;1.6648690e-01;2.5750000e+02;1.2450853e-01;2.5750000e+02;8.1159562e-02;2.5750000e+02;4.0925816e-02;2.5750000e+02;-5.9149871e-03;2.5750000e+02;-2.4962705e-03;2.5750000e+02;9.3544805e-03;2.5750000e+02;2.6057098e-02;2.5750000e+02;4.7633130e-02;2.5750000e+02;7.1282223e-02;2.5750000e+02;9.8823063e-02;2.5750000e+02;1.3183782e-01;2.5750000e+02;1.6697696e-01;2.5750000e+02;1.9272414e-01;2.5750000e+02;2.1232609e-01;2.5750000e+02;2.2040641e-01;2.5750000e+02;2.1907285e-01;2.5750000e+02;2.0039113e-01;2.5750000e+02;1.6648690e-01;2.5750000e+02;1.2450853e-01;2.5750000e+02;8.1159562e-02;2.5750000e+02;4.0925816e-02;2.5750000e+02;-5.9149871e-03;2.5750000e+02;-2.4962705e-03;2.5750000e+02;9.3544805e-03;2.5750000e+02;2.6057098e-02;2.5750000e+02;4.7633130e-02;2.5750000e+02;7.1282223e-02;2.5750000e+02;9.8823063e-02;2.5750000e+02;1.3183782e-01;2.5750000e+02;1.6697696e-01;2.5750000e+02;1.9272414e-01;2.5750000e+02;2.1232609e-01;2.5750000e+02;2.2040641e-01;2.5750000e+02;2.1907285e-01;2.5750000e+02;2.0039113e-01;2.5750000e+02;1.6648690e-01;2.5750000e+02;1.2450853e-01;2.5750000e+02;8.1159562e-02;2.5750000e+02;4.0925816e-02;2.5750000e+02;-5.9149871e-03;2.5750000e+02;-2.4962705e-03;2.5750000e+02;9.3544805e-03;2.5750000e+02;2.6057098e-02;2.5750000e+02;4.7633130e-02;2.5750000e+02;7.1282223e-02;2.5750000e+02;9.8823063e-02;2.5750000e+02;1.3183782e-01;2.5750000e+02;1.6697696e-01;2.5750000e+02;1.9272414e-01;2.5750000e+02;2.1232609e-01;2.5750000e+02;2.2040641e-01;2.5750000e+02;2.1907285e-01;2.5750000e+02;2.0039113e-01;2.5750000e+02;1.6648690e-01;2.5750000e+02;1.2450853e-01;2.5750000e+02;8.1159562e-02;2.5750000e+02;4.0925816e-02;2.5750000e+02;-5.9149871e-03;2.5750000e+02;-2.4962705e-03;2.5750000e+02;9.3544805e-03;2.5750000e+02;2.6057098e-02;2.5750000e+02;4.7633130e-02;2.5750000e+02;7.1282223e-02;2.5750000e+02;9.8823063e-02;2.5750000e+02;1.3183782e-01;2.5750000e+02;1.6697696e-01;2.5750000e+02;1.9272414e-01;2.5750000e+02;2.1232609e-01;2.5750000e+02;2.2040641e-01;2.5750000e+02;2.1907285e-01;2.5750000e+02;2.0039113e-01;2.5750000e+02;1.6648690e-01;2.5750000e+02;1.2450853e-01;2.5750000e+02;8.1159562e-02;2.5750000e+02;4.0925816e-02;2.5750000e+02;-5.9149871e-03;2.5750000e+02;-2.4962705e-03;2.5750000e+02;9.3544805e-03;2.5750000e+02;2.6057098e-02;2.5750000e+02;4.7633130e-02;2.5750000e+02;7.1282223e-02;2.5750000e+02;9.8823063e-02;2.5750000e+02;1.3183782e-01;2.5750000e+02;1.6697696e-01;2.5750000e+02;1.9272414e-01;2.5750000e+02;2.1232609e-01;2.5750000e+02;2.2040641e-01;2.5750000e+02;2.1907285e-01;2.5750000e+02;2.0039113e-01;2.5750000e+02;1.6648690e-01;2.5750000e+02;1.2450853e-01;2.5750000e+02;8.1159562e-02;2.5750000e+02;4.0925816e-02;2.5750000e+02;-5.9149871e-03;2.5750000e+02;-2.4962705e-03;2.5750000e+02;9.3544805e-03;2.5750000e+02;2.6057098e-02;2.5750000e+02;4.7633130e-02;2.5750000e+02;7.1282223e-02;2.5750000e+02;9.8823063e-02;2.5750000e+02;1.3183782e-01;2.5750000e+02;1.6697696e-01;2.5750000e+02;1.9272414e-01;2.5750000e+02;2.1232609e-01;2.5750000e+02;2.2040641e-01;2.5750000e+02;2.1907285e-01;2.5750000e+02;2.0039113e-01;2.5750000e+02;1.6648690e-01;2.5750000e+02;1.2450853e-01;2.5750000e+02;8.1159562e-02;2.5750000e+02;4.0925816e-02;2.5750000e+02;-5.9149871e-03;2.5750000e+02;-2.4962705e-03;2.5750000e+02;9.3544805e-03;2.5750000e+02;2.6057098e-02;2.5750000e+02;4.7633130e-02;2.5750000e+02;7.1282223e-02;2.5750000e+02;9.8823063e-02;2.5750000e+02;1.3183782e-01;2.5750000e+02;1.6697696e-01;2.5750000e+02;1.9272414e-01;2.5750000e+02;2.1232609e-01;2.5750000e+02;2.2040641e-01;2.5750000e+02;2.1907285e-01;2.5750000e+02;2.0039113e-01;2.5750000e+02;1.6648690e-01;2.5750000e+02;1.2450853e-01;2.5750000e+02;8.1159562e-02;2.5750000e+02;4.0925816e-02;2.5750000e+02;-5.9149871e-03;2.5750000e+02;-2.4962705e-03;2.5750000e+02;9.3544805e-03;2.5750000e+02;2.6057098e-02;2.5750000e+02;4.7633130e-02;2.5750000e+02;7.1282223e-02;2.5750000e+02;9.8823063e-02;2.5750000e+02;1.3183782e-01;2.5750000e+02;1.6697696e-01;2.5750000e+02;1.9272414e-01;2.5750000e+02;2.1232609e-01;2.5750000e+02;2.2040641e-01;2.5750000e+02;2.1907285e-01;2.5750000e+02;2.0039113e-01;2.5750000e+02;1.6648690e-01;2.5750000e+02;1.2450853e-01;2.5750000e+02;8.1159562e-02;2.5750000e+02;4.0925816e-02;2.5750000e+02;-5.9149871e-03;2.5750000e+02;-2.4962705e-03;2.5750000e+02;9.3544805e-03;2.5750000e+02;2.6057098e-02;2.5750000e+02;4.7633130e-02;2.5750000e+02;7.1282223e-02;2.5750000e+02;9.8823063e-02;2.5750000e+02;1.3183782e-01;2.5750000e+02;1.6697696e-01;2.5750000e+02;1.9272414e-01;2.5750000e+02;2.1232609e-01;2.5750000e+02;2.2040641e-01;2.5750000e+02;2.1907285e-01;2.5750000e+02;2.0039113e-01;2.5750000e+02;1.6648690e-01;2.5750000e+02;1.2450853e-01;2.5750000e+02;8.1159562e-02;2.5750000e+02;4.0925816e-02;2.5750000e+02;-5.9149871e-03;2.5750000e+02;-2.4962705e-03;2.5750000e+02;9.3544805e-03;2.5750000e+02;2.6057098e-02;2.5750000e+02;4.7633130e-02;2.5750000e+02;7.1282223e-02;2.5750000e+02;9.8823063e-02;2.5750000e+02;1.3183782e-01;2.5750000e+02;1.6697696e-01;2.5750000e+02;1.9272414e-01;2.5750000e+02;2.1232609e-01;2.5750000e+02;2.2040641e-01;2.5750000e+02;2.1907285e-01;2.5750000e+02;2.0039113e-01;2.5750000e+02;1.6648690e-01;2.5750000e+02;1.2450853e-01;2.5750000e+02;8.1159562e-02;2.5750000e+02;4.0925816e-02;2.5750000e+02;-5.9149871e-03;2.5750000e+02;-2.4962705e-03;2.5750000e+02;9.3544805e-03;2.5750000e+02;2.6057098e-02;2.5750000e+02;4.7633130e-02;2.5750000e+02;7.1282223e-02;2.5750000e+02;9.8823063e-02;2.5750000e+02;1.3183782e-01;2.5750000e+02;1.6697696e-01;2.5750000e+02;1.9272414e-01;2.5750000e+02;2.1232609e-01;2.5750000e+02;2.2040641e-01;2.5750000e+02;2.1907285e-01;2.5750000e+02;2.0039113e-01;2.5750000e+02;1.6648690e-01;2.5750000e+02;1.2450853e-01;2.5750000e+02;8.1159562e-02;2.5750000e+02;4.0925816e-02;2.5750000e+02;-5.9149871e-03;2.5750000e+02;-2.4962705e-03;2.5750000e+02;9.3544805e-03;2.5750000e+02;2.6057098e-02;2.5750000e+02;4.7633130e-02;2.5750000e+02;7.1282223e-02;2.5750000e+02;9.8823063e-02;2.5750000e+02;1.3183782e-01;2.5750000e+02;1.6697696e-01;2.5750000e+02;1.9272414e-01;2.5750000e+02;2.1232609e-01;2.5750000e+02;2.2040641e-01;2.5750000e+02;2.1907285e-01;2.5750000e+02;2.0039113e-01;2.5750000e+02;1.6648690e-01;2.5750000e+02;1.2450853e-01;2.5750000e+02;8.1159562e-02;2.5750000e+02;4.0925816e-02;2.5750000e+02;-5.9149871e-03;2.5750000e+02;-2.4962705e-03;2.5750000e+02;9.3544805e-03;2.5750000e+02;2.6057098e-02;2.5750000e+02;4.7633130e-02;2.5750000e+02;7.1282223e-02;2.5750000e+02;9.8823063e-02;2.5750000e+02;1.3183782e-01;2.5750000e+02;1.6697696e-01;2.5750000e+02;1.9272414e-01;2.5750000e+02;2.1232609e-01;2.5750000e+02;2.2040641e-01;2.5750000e+02;2.1907285e-01;2.5750000e+02;2.0039113e-01;2.5750000e+02;1.6648690e-01;2.5750000e+02;1.2450853e-01;2.5750000e+02;8.1159562e-02;2.5750000e+02;4.0925816e-02;2.5750000e+02;-5.9149871e-03;2.5750000e+02;-2.4962705e-03;2.5750000e+02;9.3544805e-03;2.5750000e+02;2.6057098e-02;2.5750000e+02;4.7633130e-02;2.5750000e+02;7.1282223e-02;2.5750000e+02;9.8823063e-02;2.5750000e+02;1.3183782e-01;2.5750000e+02;1.6697696e-01;2.5750000e+02;1.9272414e-01;2.5750000e+02;2.1232609e-01;2.5750000e+02;2.2040641e-01;2.5750000e+02;2.1907285e-01;2.5750000e+02;2.0039113e-01;2.5750000e+02;1.6648690e-01;2.5750000e+02;1.2450853e-01;2.5750000e+02;8.1159562e-02;2.5750000e+02;4.0925816e-02;2.5750000e+02;-5.9149871e-03;2.5750000e+02;-2.4962705e-03;2.5750000e+02;9.3544805e-03;2.5750000e+02;2.6057098e-02;2.5750000e+02;4.7633130e-02;2.5750000e+02;7.1282223e-02;2.5750000e+02;9.8823063e-02;2.5750000e+02;1.3183782e-01;2.5750000e+02;1.6697696e-01;2.5750000e+02;1.9272414e-01;2.5750000e+02;2.1232609e-01;2.5750000e+02;2.2040641e-01;2.5750000e+02;2.1907285e-01;2.5750000e+02;2.0039113e-01;2.5750000e+02;1.6648690e-01;2.5750000e+02;1.2450853e-01;2.5750000e+02;8.1159562e-02;2.5750000e+02;4.0925816e-02;2.5750000e+02;-5.9149871e-03;2.5750000e+02;-2.4962705e-03;2.5750000e+02;9.3544805e-03;2.5750000e+02;2.6057098e-02;2.5750000e+02;4.7633130e-02;2.5750000e+02;7.1282223e-02;2.5750000e+02;9.8823063e-02;2.5750000e+02;1.3183782e-01;2.5750000e+02;1.6697696e-01;2.5750000e+02;1.9272414e-01;2.5750000e+02;2.1232609e-01;2.5750000e+02;2.2040641e-01;2.5750000e+02;2.1907285e-01;2.5750000e+02;2.0039113e-01;2.5750000e+02;1.6648690e-01;2.5750000e+02;1.2450853e-01;2.5750000e+02;8.1159562e-02;2.5750000e+02;4.0925816e-02;2.5750000e+02;-5.9149871e-03;2.5750000e+02;-2.4962705e-03;2.5750000e+02;9.3544805e-03;2.5750000e+02;2.6057098e-02;2.5750000e+02;4.7633130e-02;2.5750000e+02;7.1282223e-02;2.5750000e+02;9.8823063e-02;2.5750000e+02;1.3183782e-01;2.5750000e+02;1.6697696e-01;2.5750000e+02;1.9272414e-01;2.5750000e+02;2.1232609e-01;2.5750000e+02;2.2040641e-01;2.5750000e+02;2.1907285e-01;2.5750000e+02;2.0039113e-01;2.5750000e+02;1.6648690e-01;2.5750000e+02;1.2450853e-01;2.5750000e+02;8.1159562e-02;2.5750000e+02;4.0925816e-02;2.5750000e+02;-5.9149871e-03;2.5750000e+02;-2.4962705e-03;2.5750000e+02;9.3544805e-03;2.5750000e+02;2.6057098e-02;2.5750000e+02;4.7633130e-02;2.5750000e+02;7.1282223e-02;2.5750000e+02;9.8823063e-02;2.5750000e+02;1.3183782e-01;2.5750000e+02;1.6697696e-01;2.5750000e+02;1.9272414e-01;2.5750000e+02;2.1232609e-01;2.5750000e+02;2.2040641e-01;2.5750000e+02;2.1907285e-01;2.5750000e+02;2.0039113e-01;2.5750000e+02;1.6648690e-01;2.5750000e+02;1.2450853e-01;2.5750000e+02;8.1159562e-02;2.5750000e+02;4.0925816e-02;2.5750000e+02;-5.9149871e-03;2.5750000e+02;-2.4962705e-03;2.5750000e+02;9.3544805e-03;2.5750000e+02;2.6057098e-02;2.5750000e+02;4.7633130e-02;2.5750000e+02;7.1282223e-02;2.5750000e+02;9.8823063e-02;2.5750000e+02;1.3183782e-01;2.5750000e+02;1.6697696e-01;2.5750000e+02;1.9272414e-01;2.5750000e+02;2.1232609e-01;2.5750000e+02;2.2040641e-01;2.5750000e+02;2.1907285e-01;2.5750000e+02;2.0039113e-01;2.5750000e+02;1.6648690e-01;2.5750000e+02;1.2450853e-01;2.5750000e+02;8.1159562e-02;2.5750000e+02;4.0925816e-02;2.5750000e+02;-5.9149871e-03;2.5750000e+02;-2.4962705e-03;2.5750000e+02;9.3544805e-03;2.5750000e+02;2.6057098e-02;2.5750000e+02;4.7633130e-02;2.5750000e+02;7.1282223e-02;2.5750000e+02;9.8823063e-02;2.5750000e+02;1.3183782e-01;2.5750000e+02;1.6697696e-01;2.5750000e+02;1.9272414e-01;2.5750000e+02;2.1232609e-01;2.5750000e+02;2.2040641e-01;2.5750000e+02;2.1907285e-01;2.5750000e+02;2.0039113e-01;2.5750000e+02;1.6648690e-01;2.5750000e+02;1.2450853e-01;2.5750000e+02;8.1159562e-02;2.5750000e+02;4.0925816e-02;2.5750000e+02;-5.9149871e-03;2.5750000e+02;-2.4962705e-03;2.5750000e+02;9.3544805e-03;2.5750000e+02;2.6057098e-02;2.5750000e+02;4.7633130e-02;2.5750000e+02;7.1282223e-02;2.5750000e+02;9.8823063e-02;2.5750000e+02;1.3183782e-01;2.5750000e+02;1.6697696e-01;2.5750000e+02;1.9272414e-01;2.5750000e+02;2.1232609e-01;2.5750000e+02;2.2040641e-01;2.5750000e+02;2.1907285e-01;2.5750000e+02;2.0039113e-01;2.5750000e+02;1.6648690e-01;2.5750000e+02;1.2450853e-01;2.5750000e+02;8.1159562e-02;2.5750000e+02;4.0925816e-02;2.5750000e+02;-5.9149871e-03;2.5750000e+02;-2.4962705e-03;2.5750000e+02;9.3544805e-03;2.5750000e+02;2.6057098e-02;2.5750000e+02;4.7633130e-02;2.5750000e+02;7.1282223e-02;2.5750000e+02;9.8823063e-02;2.5750000e+02;1.3183782e-01;2.5750000e+02;1.6697696e-01;2.5750000e+02;1.9272414e-01;2.5750000e+02;2.1232609e-01;2.5750000e+02;2.2040641e-01;2.5750000e+02;2.1907285e-01;2.5750000e+02;2.0039113e-01;2.5750000e+02;1.6648690e-01;2.5750000e+02;1.2450853e-01;2.5750000e+02;8.1159562e-02;2.5750000e+02;4.0925816e-02;2.5750000e+02;-5.9149871e-03;2.5750000e+02;-2.4962705e-03;2.5750000e+02;9.3544805e-03;2.5750000e+02;2.6057098e-02;2.5750000e+02;4.7633130e-02;2.5750000e+02;7.1282223e-02;2.5750000e+02;9.8823063e-02;2.5750000e+02;1.3183782e-01;2.5750000e+02;1.6697696e-01;2.5750000e+02;1.9272414e-01;2.5750000e+02;2.1232609e-01;2.5750000e+02;2.2040641e-01;2.5750000e+02;2.1907285e-01;2.5750000e+02;2.0039113e-01;2.5750000e+02;1.6648690e-01;2.5750000e+02;1.2450853e-01;2.5750000e+02;8.1159562e-02;2.5750000e+02;4.0925816e-02;2.5750000e+02;-5.9149871e-03;2.5750000e+02;-2.4962705e-03;2.5750000e+02;9.3544805e-03;2.5750000e+02;2.6057098e-02;2.5750000e+02;4.7633130e-02;2.5750000e+02;7.1282223e-02;2.5750000e+02;9.8823063e-02;2.5750000e+02;1.3183782e-01;2.5750000e+02;1.6697696e-01;2.5750000e+02;1.9272414e-01;2.5750000e+02;2.1232609e-01;2.5750000e+02;2.2040641e-01;2.5750000e+02;2.1907285e-01;2.5750000e+02;2.0039113e-01;2.5750000e+02;1.6648690e-01;2.5750000e+02;1.2450853e-01;2.5750000e+02;8.1159562e-02;2.5750000e+02;4.0925816e-02;2.5750000e+02;-5.9149871e-03;2.5750000e+02;-2.4962705e-03;2.5750000e+02;9.3544805e-03;2.5750000e+02;2.6057098e-02;2.5750000e+02;4.7633130e-02;2.5750000e+02;7.1282223e-02;2.5750000e+02;9.8823063e-02;2.5750000e+02;1.3183782e-01;2.5750000e+02;1.6697696e-01;2.5750000e+02;1.9272414e-01;2.5750000e+02;2.1232609e-01;2.5750000e+02;2.2040641e-01;2.5750000e+02;2.1907285e-01;2.5750000e+02;2.0039113e-01;2.5750000e+02;1.6648690e-01;2.5750000e+02;1.2450853e-01;2.5750000e+02;8.1159562e-02;2.5750000e+02;4.0925816e-02;2.5750000e+02;-5.9149871e-03;2.5750000e+02;-2.4962705e-03;2.5750000e+02;9.3544805e-03;2.5750000e+02;2.6057098e-02;2.5750000e+02;4.7633130e-02;2.5750000e+02;7.1282223e-02;2.5750000e+02;9.8823063e-02;2.5750000e+02;1.3183782e-01;2.5750000e+02;1.6697696e-01;2.5750000e+02;1.9272414e-01;2.5750000e+02;2.1232609e-01;2.5750000e+02;2.2040641e-01;2.5750000e+02;2.1907285e-01;2.5750000e+02;2.0039113e-01;2.5750000e+02;1.6648690e-01;2.5750000e+02;1.2450853e-01;2.5750000e+02;8.1159562e-02;2.5750000e+02;4.0925816e-02;2.5750000e+02;-5.9149871e-03;2.5750000e+02;-2.4962705e-03;2.5750000e+02;9.3544805e-03;2.5750000e+02;2.6057098e-02;2.5750000e+02;4.7633130e-02;2.5750000e+02;7.1282223e-02;2.5750000e+02;9.8823063e-02;2.5750000e+02;1.3183782e-01;2.5750000e+02;1.6697696e-01;2.5750000e+02;1.9272414e-01;2.5750000e+02;2.1232609e-01;2.5750000e+02;2.2040641e-01;2.5750000e+02;2.1907285e-01;2.5750000e+02;2.0039113e-01;2.5750000e+02;1.6648690e-01;2.5750000e+02;1.2450853e-01;2.5750000e+02;8.1159562e-02;2.5750000e+02;4.0925816e-02;2.5750000e+02;-5.9149871e-03;2.5750000e+02;-2.4962705e-03;2.5750000e+02;9.3544805e-03;2.5750000e+02;2.6057098e-02;2.5750000e+02;4.7633130e-02;2.5750000e+02;7.1282223e-02;2.5750000e+02;9.8823063e-02;2.5750000e+02;1.3183782e-01;2.5750000e+02;1.6697696e-01;2.5750000e+02;1.9272414e-01;2.5750000e+02;2.1232609e-01;2.5750000e+02;2.2040641e-01;2.5750000e+02;2.1907285e-01;2.5750000e+02;2.0039113e-01;2.5750000e+02;1.6648690e-01;2.5750000e+02;1.2450853e-01;2.5750000e+02;8.1159562e-02;2.5750000e+02;4.0925816e-02;2.5750000e+02;-5.9149871e-03;2.5750000e+02;-2.4962705e-03;2.5750000e+02;9.3544805e-03;2.5750000e+02;2.6057098e-02;2.5750000e+02;4.7633130e-02;2.5750000e+02;7.1282223e-02;2.5750000e+02;9.8823063e-02;2.5750000e+02;1.3183782e-01;2.5750000e+02;1.6697696e-01;2.5750000e+02;1.9272414e-01;2.5750000e+02;2.1232609e-01;2.5750000e+02;2.2040641e-01;2.5750000e+02;2.1907285e-01;2.5750000e+02;2.0039113e-01;2.5750000e+02;1.6648690e-01;2.5750000e+02;1.2450853e-01;2.5750000e+02;8.1159562e-02;2.5750000e+02;4.0925816e-02;2.5750000e+02;-5.9149871e-03;2.5750000e+02;-2.4962705e-03;2.5750000e+02;9.3544805e-03;2.5750000e+02;2.6057098e-02;2.5750000e+02;4.7633130e-02;2.5750000e+02;7.1282223e-02;2.5750000e+02;9.8823063e-02;2.5750000e+02;1.3183782e-01;2.5750000e+02;1.6697696e-01;2.5750000e+02;1.9272414e-01;2.5750000e+02;2.1232609e-01;2.5750000e+02;2.2040641e-01;2.5750000e+02;2.1907285e-01;2.5750000e+02;2.0039113e-01;2.5750000e+02;1.6648690e-01;2.5750000e+02;1.2450853e-01;2.5750000e+02;8.1159562e-02;2.5750000e+02;4.0925816e-02;2.5750000e+02;-5.9149871e-03;2.5750000e+02;-2.4962705e-03;2.5750000e+02;9.3544805e-03;2.5750000e+02;2.6057098e-02;2.5750000e+02;4.7633130e-02;2.5750000e+02;7.1282223e-02;2.5750000e+02;9.8823063e-02;2.5750000e+02;1.3183782e-01;2.5750000e+02;1.6697696e-01;2.5750000e+02;1.9272414e-01;2.5750000e+02;2.1232609e-01;2.5750000e+02;2.2040641e-01;2.5750000e+02;2.1907285e-01;2.5750000e+02;2.0039113e-01;2.5750000e+02;1.6648690e-01;2.5750000e+02;1.2450853e-01;2.5750000e+02;8.1159562e-02;2.5750000e+02;4.0925816e-02;2.5750000e+02;-5.9149871e-03;2.5750000e+02;-2.4962705e-03;2.5750000e+02;9.3544805e-03;2.5750000e+02;2.6057098e-02;2.5750000e+02;4.7633130e-02;2.5750000e+02;7.1282223e-02;2.5750000e+02;9.8823063e-02;2.5750000e+02;1.3183782e-01;2.5750000e+02;1.6697696e-01;2.5750000e+02;1.9272414e-01;2.5750000e+02;2.1232609e-01;2.5750000e+02;2.2040641e-01;2.5750000e+02;2.1907285e-01;2.5750000e+02;2.0039113e-01;2.5750000e+02;1.6648690e-01;2.5750000e+02;1.2450853e-01;2.5750000e+02;8.1159562e-02;2.5750000e+02;4.0925816e-02;2.5750000e+02;-5.9149871e-03;2.5750000e+02;-2.4962705e-03;2.5750000e+02;9.3544805e-03;2.5750000e+02;2.6057098e-02;2.5750000e+02;4.7633130e-02;2.5750000e+02;7.1282223e-02;2.5750000e+02;9.8823063e-02;2.5750000e+02;1.3183782e-01;2.5750000e+02;1.6697696e-01;2.5750000e+02;1.9272414e-01;2.5750000e+02;2.1232609e-01;2.5750000e+02;2.2040641e-01;2.5750000e+02;2.1907285e-01;2.5750000e+02;2.0039113e-01;2.5750000e+02;1.6648690e-01;2.5750000e+02;1.2450853e-01;2.5750000e+02;8.1159562e-02;2.5750000e+02;4.0925816e-02;2.5750000e+02;-5.9149871e-03;2.5750000e+02;-2.4962705e-03;2.5750000e+02;9.3544805e-03;2.5750000e+02;2.6057098e-02;2.5750000e+02;4.7633130e-02;2.5750000e+02;7.1282223e-02;2.5750000e+02;9.8823063e-02;2.5750000e+02;1.3183782e-01;2.5750000e+02;1.6697696e-01;2.5750000e+02;1.9272414e-01;2.5750000e+02;2.1232609e-01;2.5750000e+02;2.2040641e-01;2.5750000e+02;2.1907285e-01;2.5750000e+02;2.0039113e-01;2.5750000e+02;1.6648690e-01;2.5750000e+02;1.2450853e-01;2.5750000e+02;8.1159562e-02;2.5750000e+02;4.0925816e-02;2.5750000e+02;-5.9149871e-03;2.5750000e+02;-2.4962705e-03;2.5750000e+02;9.3544805e-03;2.5750000e+02;2.6057098e-02;2.5750000e+02;4.7633130e-02;2.5750000e+02;7.1282223e-02;2.5750000e+02;9.8823063e-02;2.5750000e+02;1.3183782e-01;2.5750000e+02;1.6697696e-01;2.5750000e+02;1.9272414e-01;2.5750000e+02;2.1232609e-01;2.5750000e+02;2.2040641e-01;2.5750000e+02;2.1907285e-01;2.5750000e+02;2.0039113e-01;2.5750000e+02;1.6648690e-01;2.5750000e+02;1.2450853e-01;2.5750000e+02;8.1159562e-02;2.5750000e+02;4.0925816e-02;2.5750000e+02;-5.9149871e-03;2.5750000e+02;-2.4962705e-03;2.5750000e+02;9.3544805e-03;2.5750000e+02;2.6057098e-02;2.5750000e+02;4.7633130e-02;2.5750000e+02;7.1282223e-02;2.5750000e+02;9.8823063e-02;2.5750000e+02;1.3183782e-01;2.5750000e+02;1.6697696e-01;2.5750000e+02;1.9272414e-01;2.5750000e+02;2.1232609e-01;2.5750000e+02;2.2040641e-01;2.5750000e+02;2.1907285e-01;2.5750000e+02;2.0039113e-01;2.5750000e+02;1.6648690e-01;2.5750000e+02;1.2450853e-01;2.5750000e+02;8.1159562e-02;2.5750000e+02;4.0925816e-02;2.5750000e+02;-5.9149871e-03;2.5750000e+02;-2.4962705e-03;2.5750000e+02;9.3544805e-03;2.5750000e+02;2.6057098e-02;2.5750000e+02;4.7633130e-02;2.5750000e+02;7.1282223e-02;2.5750000e+02;9.8823063e-02;2.5750000e+02;1.3183782e-01;2.5750000e+02;1.6697696e-01;2.5750000e+02;1.9272414e-01;2.5750000e+02;2.1232609e-01;2.5750000e+02;2.2040641e-01;2.5750000e+02;2.1907285e-01;2.5750000e+02;2.0039113e-01;2.5750000e+02;1.6648690e-01;2.5750000e+02;1.2450853e-01;2.5750000e+02;8.1159562e-02;2.5750000e+02;4.0925816e-02;2.5750000e+02;-5.9149871e-03;2.5750000e+02;-2.4962705e-03;2.5750000e+02;9.3544805e-03;2.5750000e+02;2.6057098e-02;2.5750000e+02;4.7633130e-02;2.5750000e+02;7.1282223e-02;2.5750000e+02;9.8823063e-02;2.5750000e+02;1.3183782e-01;2.5750000e+02;1.6697696e-01;2.5750000e+02;1.9272414e-01;2.5750000e+02;2.1232609e-01;2.5750000e+02;2.2040641e-01;2.5750000e+02;2.1907285e-01;2.5750000e+02;2.0039113e-01;2.5750000e+02;1.6648690e-01;2.5750000e+02;1.2450853e-01;2.5750000e+02;8.1159562e-02;2.5750000e+02;4.0925816e-02;2.5750000e+02;-5.9149871e-03;2.5750000e+02;-2.4962705e-03;2.5750000e+02;9.3544805e-03;2.5750000e+02;2.6057098e-02;2.5750000e+02;4.7633130e-02;2.5750000e+02;7.1282223e-02;2.5750000e+02;9.8823063e-02;2.5750000e+02;1.3183782e-01;2.5750000e+02;1.6697696e-01;2.5750000e+02;1.9272414e-01;2.5750000e+02;2.1232609e-01;2.5750000e+02;2.2040641e-01;2.5750000e+02;2.1907285e-01;2.5750000e+02;2.0039113e-01;2.5750000e+02;1.6648690e-01;2.5750000e+02;1.2450853e-01;2.5750000e+02;8.1159562e-02;2.5750000e+02;4.0925816e-02;2.5750000e+02;-5.9149871e-03;2.5750000e+02;-2.4962705e-03;2.5750000e+02;9.3544805e-03;2.5750000e+02;2.6057098e-02;2.5750000e+02;4.7633130e-02;2.5750000e+02;7.1282223e-02;2.5750000e+02;9.8823063e-02;2.5750000e+02;1.3183782e-01;2.5750000e+02;1.6697696e-01;2.5750000e+02;1.9272414e-01;2.5750000e+02;2.1232609e-01;2.5750000e+02;2.2040641e-01;2.5750000e+02;2.1907285e-01;2.5750000e+02;2.0039113e-01;2.5750000e+02;1.6648690e-01;2.5750000e+02;1.2450853e-01;2.5750000e+02;8.1159562e-02;2.5750000e+02;4.0925816e-02;2.5750000e+02;-5.9149871e-03;2.5750000e+02;-2.4962705e-03;2.5750000e+02;9.3544805e-03;2.5750000e+02;2.6057098e-02;2.5750000e+02;4.7633130e-02;2.5750000e+02;7.1282223e-02;2.5750000e+02;9.8823063e-02;2.5750000e+02;1.3183782e-01;2.5750000e+02;1.6697696e-01;2.5750000e+02;1.9272414e-01;2.5750000e+02;2.1232609e-01;2.5750000e+02;2.2040641e-01;2.5750000e+02;2.1907285e-01;2.5750000e+02;2.0039113e-01;2.5750000e+02;1.6648690e-01;2.5750000e+02;1.2450853e-01;2.5750000e+02;8.1159562e-02;2.5750000e+02;4.0925816e-02;2.5750000e+02;-5.9149871e-03;2.5750000e+02;-2.4962705e-03;2.5750000e+02;9.3544805e-03;2.5750000e+02;2.6057098e-02;2.5750000e+02;4.7633130e-02;2.5750000e+02;7.1282223e-02;2.5750000e+02;9.8823063e-02;2.5750000e+02;1.3183782e-01;2.5750000e+02;1.6697696e-01;2.5750000e+02;1.9272414e-01;2.5750000e+02;2.1232609e-01;2.5750000e+02;2.2040641e-01;2.5750000e+02;2.1907285e-01;2.5750000e+02;2.0039113e-01;2.5750000e+02;1.6648690e-01;2.5750000e+02;1.2450853e-01;2.5750000e+02;8.1159562e-02;2.5750000e+02;4.0925816e-02;2.5750000e+02;-5.9149871e-03;2.5750000e+02;-2.4962705e-03;2.5750000e+02;9.3544805e-03;2.5750000e+02;2.6057098e-02;2.5750000e+02;4.7633130e-02;2.5750000e+02;7.1282223e-02;2.5750000e+02;9.8823063e-02;2.5750000e+02;1.3183782e-01;2.5750000e+02;1.6697696e-01;2.5750000e+02;1.9272414e-01;2.5750000e+02;2.1232609e-01;2.5750000e+02;2.2040641e-01;2.5750000e+02;2.1907285e-01;2.5750000e+02;2.0039113e-01;2.5750000e+02;1.6648690e-01;2.5750000e+02;1.2450853e-01;2.5750000e+02;8.1159562e-02;2.5750000e+02;4.0925816e-02;2.5750000e+02;-5.9149871e-03;2.5750000e+02;-2.4962705e-03;2.5750000e+02;9.3544805e-03;2.5750000e+02;2.6057098e-02;2.5750000e+02;4.7633130e-02;2.5750000e+02;7.1282223e-02;2.5750000e+02;9.8823063e-02;2.5750000e+02;1.3183782e-01;2.5750000e+02;1.6697696e-01;2.5750000e+02;1.9272414e-01;2.5750000e+02;2.1232609e-01;2.5750000e+02;2.2040641e-01;2.5750000e+02;2.1907285e-01;2.5750000e+02;2.0039113e-01;2.5750000e+02;1.6648690e-01;2.5750000e+02;1.2450853e-01;2.5750000e+02;8.1159562e-02;2.5750000e+02;4.0925816e-02;2.5750000e+02;-5.9149871e-03;2.5750000e+02;-2.4962705e-03;2.5750000e+02;9.3544805e-03;2.5750000e+02;2.6057098e-02;2.5750000e+02;4.7633130e-02;2.5750000e+02;7.1282223e-02;2.5750000e+02;9.8823063e-02;2.5750000e+02;1.3183782e-01;2.5750000e+02;1.6697696e-01;2.5750000e+02;1.9272414e-01;2.5750000e+02;2.1232609e-01;2.5750000e+02;2.2040641e-01;2.5750000e+02;2.1907285e-01;2.5750000e+02;2.0039113e-01;2.5750000e+02;1.6648690e-01;2.5750000e+02;1.2450853e-01;2.5750000e+02;8.1159562e-02;2.5750000e+02;4.0925816e-02;2.5750000e+02;-5.9149871e-03;2.5750000e+02;-2.4962705e-03;2.5750000e+02;9.3544805e-03;2.5750000e+02;2.6057098e-02;2.5750000e+02;4.7633130e-02;2.5750000e+02;7.1282223e-02;2.5750000e+02;9.8823063e-02;2.5750000e+02;1.3183782e-01;2.5750000e+02;1.6697696e-01;2.5750000e+02;1.9272414e-01;2.5750000e+02;2.1232609e-01;2.5750000e+02;2.2040641e-01;2.5750000e+02;2.1907285e-01;2.5750000e+02;2.0039113e-01;2.5750000e+02;1.6648690e-01;2.5750000e+02;1.2450853e-01;2.5750000e+02;8.1159562e-02;2.5750000e+02;4.0925816e-02;2.5750000e+02;-5.9149871e-03;2.5750000e+02;-2.4962705e-03;2.5750000e+02;9.3544805e-03;2.5750000e+02;2.6057098e-02;2.5750000e+02;4.7633130e-02;2.5750000e+02;7.1282223e-02;2.5750000e+02;9.8823063e-02;2.5750000e+02;1.3183782e-01;2.5750000e+02;1.6697696e-01;2.5750000e+02;1.9272414e-01;2.5750000e+02;2.1232609e-01;2.5750000e+02;2.2040641e-01;2.5750000e+02;2.1907285e-01;2.5750000e+02;2.0039113e-01;2.5750000e+02;1.6648690e-01;2.5750000e+02;1.2450853e-01;2.5750000e+02;8.1159562e-02;2.5750000e+02;4.0925816e-02;2.5750000e+02;-5.9149871e-03;2.5750000e+02;-2.4962705e-03;2.5750000e+02;9.3544805e-03;2.5750000e+02;2.6057098e-02;2.5750000e+02;4.7633130e-02;2.5750000e+02;7.1282223e-02;2.5750000e+02;9.8823063e-02;2.5750000e+02;1.3183782e-01;2.5750000e+02;1.6697696e-01;2.5750000e+02;1.9272414e-01;2.5750000e+02;2.1232609e-01;2.5750000e+02;2.2040641e-01;2.5750000e+02;2.1907285e-01;2.5750000e+02;2.0039113e-01;2.5750000e+02;1.6648690e-01;2.5750000e+02;1.2450853e-01;2.5750000e+02;8.1159562e-02;2.5750000e+02;4.0925816e-02;2.5750000e+02;-5.9149871e-03;2.5750000e+02;-2.4962705e-03;2.5750000e+02;9.3544805e-03;2.5750000e+02;2.6057098e-02;2.5750000e+02;4.7633130e-02;2.5750000e+02;7.1282223e-02;2.5750000e+02;9.8823063e-02;2.5750000e+02;1.3183782e-01;2.5750000e+02;1.6697696e-01;2.5750000e+02;1.9272414e-01;2.5750000e+02;2.1232609e-01;2.5750000e+02;2.2040641e-01;2.5750000e+02;2.1907285e-01;2.5750000e+02;2.0039113e-01;2.5750000e+02;1.6648690e-01;2.5750000e+02;1.2450853e-01;2.5750000e+02;8.1159562e-02;2.5750000e+02;4.0925816e-02;2.5750000e+02;-5.9149871e-03;2.5750000e+02;-2.4962705e-03;2.5750000e+02;9.3544805e-03;2.5750000e+02;2.6057098e-02;2.5750000e+02;4.7633130e-02;2.5750000e+02;7.1282223e-02;2.5750000e+02;9.8823063e-02;2.5750000e+02;1.3183782e-01;2.5750000e+02;1.6697696e-01;2.5750000e+02;1.9272414e-01;2.5750000e+02;2.1232609e-01;2.5750000e+02;2.2040641e-01;2.5750000e+02;2.1907285e-01;2.5750000e+02;2.0039113e-01;2.5750000e+02;1.6648690e-01;2.5750000e+02;1.2450853e-01;2.5750000e+02;8.1159562e-02;2.5750000e+02;4.0925816e-02;2.5750000e+02;-5.9149871e-03;2.5750000e+02;-2.4962705e-03;2.5750000e+02;9.3544805e-03;2.5750000e+02;2.6057098e-02;2.5750000e+02;4.7633130e-02;2.5750000e+02;7.1282223e-02;2.5750000e+02;9.8823063e-02;2.5750000e+02;1.3183782e-01;2.5750000e+02;1.6697696e-01;2.5750000e+02;1.9272414e-01;2.5750000e+02;2.1232609e-01;2.5750000e+02;2.2040641e-01;2.5750000e+02;2.1907285e-01;2.5750000e+02;2.0039113e-01;2.5750000e+02;1.6648690e-01;2.5750000e+02;1.2450853e-01;2.5750000e+02;8.1159562e-02;2.5750000e+02;4.0925816e-02;2.5750000e+02;-5.9149871e-03;2.5750000e+02;-2.4962705e-03;2.5750000e+02;9.3544805e-03;2.5750000e+02;2.6057098e-02;2.5750000e+02;4.7633130e-02;2.5750000e+02;7.1282223e-02;2.5750000e+02;9.8823063e-02;2.5750000e+02;1.3183782e-01;2.5750000e+02;1.6697696e-01;2.5750000e+02;1.9272414e-01;2.5750000e+02;2.1232609e-01;2.5750000e+02;2.2040641e-01;2.5750000e+02;2.1907285e-01;2.5750000e+02;2.0039113e-01;2.5750000e+02;1.6648690e-01;2.5750000e+02;1.2450853e-01;2.5750000e+02;8.1159562e-02;2.5750000e+02;4.0925816e-02;2.5750000e+02;-5.9149871e-03;2.5750000e+02;-2.4962705e-03;2.5750000e+02;9.3544805e-03;2.5750000e+02;2.6057098e-02;2.5750000e+02;4.7633130e-02;2.5750000e+02;7.1282223e-02;2.5750000e+02;9.8823063e-02;2.5750000e+02;1.3183782e-01;2.5750000e+02;1.6697696e-01;2.5750000e+02;1.9272414e-01;2.5750000e+02;2.1232609e-01;2.5750000e+02;2.2040641e-01;2.5750000e+02;2.1907285e-01;2.5750000e+02;2.0039113e-01;2.5750000e+02;1.6648690e-01;2.5750000e+02;1.2450853e-01;2.5750000e+02;8.1159562e-02;2.5750000e+02;4.0925816e-02;2.5750000e+02;-5.9149871e-03;2.5750000e+02;-2.4962705e-03;2.5750000e+02;9.3544805e-03;2.5750000e+02;2.6057098e-02;2.5750000e+02;4.7633130e-02;2.5750000e+02;7.1282223e-02;2.5750000e+02;9.8823063e-02;2.5750000e+02;1.3183782e-01;2.5750000e+02;1.6697696e-01;2.5750000e+02;1.9272414e-01;2.5750000e+02;2.1232609e-01;2.5750000e+02;2.2040641e-01;2.5750000e+02;2.1907285e-01;2.5750000e+02;2.0039113e-01;2.5750000e+02;1.6648690e-01;2.5750000e+02;1.2450853e-01;2.5750000e+02;8.1159562e-02;2.5750000e+02;4.0925816e-02;2.5750000e+02;-5.9149871e-03;2.5750000e+02;-2.4962705e-03;2.5750000e+02;9.3544805e-03;2.5750000e+02;2.6057098e-02;2.5750000e+02;4.7633130e-02;2.5750000e+02;7.1282223e-02;2.5750000e+02;9.8823063e-02;2.5750000e+02;1.3183782e-01;2.5750000e+02;1.6697696e-01;2.5750000e+02;1.9272414e-01;2.5750000e+02;2.1232609e-01;2.5750000e+02;2.2040641e-01;2.5750000e+02;2.1907285e-01;2.5750000e+02;2.0039113e-01;2.5750000e+02;1.6648690e-01;2.5750000e+02;1.2450853e-01;2.5750000e+02;8.1159562e-02;2.5750000e+02;4.0925816e-02;2.5750000e+02;-5.9149871e-03;2.5750000e+02;-2.4962705e-03;2.5750000e+02;9.3544805e-03;2.5750000e+02;2.6057098e-02;2.5750000e+02;4.7633130e-02;2.5750000e+02;7.1282223e-02;2.5750000e+02;9.8823063e-02;2.5750000e+02;1.3183782e-01;2.5750000e+02;1.6697696e-01;2.5750000e+02;1.9272414e-01;2.5750000e+02;2.1232609e-01;2.5750000e+02;2.2040641e-01;2.5750000e+02;2.1907285e-01;2.5750000e+02;2.0039113e-01;2.5750000e+02;1.6648690e-01;2.5750000e+02;1.2450853e-01;2.5750000e+02;8.1159562e-02;2.5750000e+02;4.0925816e-02;2.5750000e+02;-5.9149871e-03;2.5750000e+02;-2.4962705e-03;2.5750000e+02;9.3544805e-03;2.5750000e+02;2.6057098e-02;2.5750000e+02;4.7633130e-02;2.5750000e+02;7.1282223e-02;2.5750000e+02;9.8823063e-02;2.5750000e+02;1.3183782e-01;2.5750000e+02;1.6697696e-01;2.5750000e+02;1.9272414e-01;2.5750000e+02;2.1232609e-01;2.5750000e+02;2.2040641e-01;2.5750000e+02;2.1907285e-01;2.5750000e+02;2.0039113e-01;2.5750000e+02;1.6648690e-01;2.5750000e+02;1.2450853e-01;2.5750000e+02;8.1159562e-02;2.5750000e+02;4.0925816e-02;2.5750000e+02;-5.9149871e-03;2.5750000e+02;-2.4962705e-03;2.5750000e+02;9.3544805e-03;2.5750000e+02;2.6057098e-02;2.5750000e+02;4.7633130e-02;2.5750000e+02;7.1282223e-02;2.5750000e+02;9.8823063e-02;2.5750000e+02;1.3183782e-01;2.5750000e+02;1.6697696e-01;2.5750000e+02;1.9272414e-01;2.5750000e+02;2.1232609e-01;2.5750000e+02;2.2040641e-01;2.5750000e+02;2.1907285e-01;2.5750000e+02;2.0039113e-01;2.5750000e+02;1.6648690e-01;2.5750000e+02;1.2450853e-01;2.5750000e+02;8.1159562e-02;2.5750000e+02;4.0925816e-02;2.5750000e+02;-5.9149871e-03;2.5750000e+02;-2.4962705e-03;2.5750000e+02;9.3544805e-03;2.5750000e+02;2.6057098e-02;2.5750000e+02;4.7633130e-02;2.5750000e+02;7.1282223e-02;2.5750000e+02;9.8823063e-02;2.5750000e+02;1.3183782e-01;2.5750000e+02;1.6697696e-01;2.5750000e+02;1.9272414e-01;2.5750000e+02;2.1232609e-01;2.5750000e+02;2.2040641e-01;2.5750000e+02;2.1907285e-01;2.5750000e+02;2.0039113e-01;2.5750000e+02;1.6648690e-01;2.5750000e+02;1.2450853e-01;2.5750000e+02;8.1159562e-02;2.5750000e+02;4.0925816e-02;2.5750000e+02;-5.9149871e-03;2.5750000e+02;-2.4962705e-03;2.5750000e+02;9.3544805e-03;2.5750000e+02;2.6057098e-02;2.5750000e+02;4.7633130e-02;2.5750000e+02;7.1282223e-02;2.5750000e+02;9.8823063e-02;2.5750000e+02;1.3183782e-01;2.5750000e+02;1.6697696e-01;2.5750000e+02;1.9272414e-01;2.5750000e+02;2.1232609e-01;2.5750000e+02;2.2040641e-01;2.5750000e+02;2.1907285e-01;2.5750000e+02;2.0039113e-01;2.5750000e+02;1.6648690e-01;2.5750000e+02;1.2450853e-01;2.5750000e+02;8.1159562e-02;2.5750000e+02;4.0925816e-02;2.5750000e+02;-5.9149871e-03;2.5750000e+02;-2.4962705e-03;2.5750000e+02;9.3544805e-03;2.5750000e+02;2.6057098e-02;2.5750000e+02;4.7633130e-02;2.5750000e+02;7.1282223e-02;2.5750000e+02;9.8823063e-02;2.5750000e+02;1.3183782e-01;2.5750000e+02;1.6697696e-01;2.5750000e+02;1.9272414e-01;2.5750000e+02;2.1232609e-01;2.5750000e+02;2.2040641e-01;2.5750000e+02;2.1907285e-01;2.5750000e+02;2.0039113e-01;2.5750000e+02;1.6648690e-01;2.5750000e+02;1.2450853e-01;2.5750000e+02;8.1159562e-02;2.5750000e+02;4.0925816e-02;2.5750000e+02;-5.9149871e-03;2.5750000e+02;-2.4962705e-03;2.5750000e+02;9.3544805e-03;2.5750000e+02;2.6057098e-02;2.5750000e+02;4.7633130e-02;2.5750000e+02;7.1282223e-02;2.5750000e+02;9.8823063e-02;2.5750000e+02;1.3183782e-01;2.5750000e+02;1.6697696e-01;2.5750000e+02;1.9272414e-01;2.5750000e+02;2.1232609e-01;2.5750000e+02;2.2040641e-01;2.5750000e+02;2.1907285e-01;2.5750000e+02;2.0039113e-01;2.5750000e+02;1.6648690e-01;2.5750000e+02;1.2450853e-01;2.5750000e+02;8.1159562e-02;2.5750000e+02;4.0925816e-02;2.5750000e+02;-5.9149871e-03;2.5750000e+02;-2.4962705e-03;2.5750000e+02;9.3544805e-03;2.5750000e+02;2.6057098e-02;2.5750000e+02;4.7633130e-02;2.5750000e+02;7.1282223e-02;2.5750000e+02;9.8823063e-02;2.5750000e+02;1.3183782e-01;2.5750000e+02;1.6697696e-01;2.5750000e+02;1.9272414e-01;2.5750000e+02;2.1232609e-01;2.5750000e+02;2.2040641e-01;2.5750000e+02;2.1907285e-01;2.5750000e+02;2.0039113e-01;2.5750000e+02;1.6648690e-01;2.5750000e+02;1.2450853e-01;2.5750000e+02;8.1159562e-02;2.5750000e+02;4.0925816e-02;2.5750000e+02;-5.9149871e-03;2.5750000e+02;-2.4962705e-03;2.5750000e+02;9.3544805e-03;2.5750000e+02;2.6057098e-02;2.5750000e+02;4.7633130e-02;2.5750000e+02;7.1282223e-02;2.5750000e+02;9.8823063e-02;2.5750000e+02;1.3183782e-01;2.5750000e+02;1.6697696e-01;2.5750000e+02;1.9272414e-01;2.5750000e+02;2.1232609e-01;2.5750000e+02;2.2040641e-01;2.5750000e+02;2.1907285e-01;2.5750000e+02;2.0039113e-01;2.5750000e+02;1.6648690e-01;2.5750000e+02;1.2450853e-01;2.5750000e+02;8.1159562e-02;2.5750000e+02;4.0925816e-02;2.5750000e+02;-5.9149871e-03;2.5750000e+02;-2.4962705e-03;2.5750000e+02;9.3544805e-03;2.5750000e+02;2.6057098e-02;2.5750000e+02;4.7633130e-02;2.5750000e+02;7.1282223e-02;2.5750000e+02;9.8823063e-02;2.5750000e+02;1.3183782e-01;2.5750000e+02;1.6697696e-01;2.5750000e+02;1.9272414e-01;2.5750000e+02;2.1232609e-01;2.5750000e+02;2.2040641e-01;2.5750000e+02;2.1907285e-01;2.5750000e+02;2.0039113e-01;2.5750000e+02;1.6648690e-01;2.5750000e+02;1.2450853e-01;2.5750000e+02;8.1159562e-02;2.5750000e+02;4.0925816e-02;2.5750000e+02;-5.9149871e-03;2.5750000e+02;-2.4962705e-03;2.5750000e+02;9.3544805e-03;2.5750000e+02;2.6057098e-02;2.5750000e+02;4.7633130e-02;2.5750000e+02;7.1282223e-02;2.5750000e+02;9.8823063e-02;2.5750000e+02;1.3183782e-01;2.5750000e+02;1.6697696e-01;2.5750000e+02;1.9272414e-01;2.5750000e+02;2.1232609e-01;2.5750000e+02;2.2040641e-01;2.5750000e+02;2.1907285e-01;2.5750000e+02;2.0039113e-01;2.5750000e+02;1.6648690e-01;2.5750000e+02;1.2450853e-01;2.5750000e+02;8.1159562e-02;2.5750000e+02;4.0925816e-02;2.5750000e+02;-5.9149871e-03;2.5750000e+02;-2.4962705e-03;2.5750000e+02;9.3544805e-03;2.5750000e+02;2.6057098e-02;2.5750000e+02;4.7633130e-02;2.5750000e+02;7.1282223e-02;2.5750000e+02;9.8823063e-02;2.5750000e+02;1.3183782e-01;2.5750000e+02;1.6697696e-01;2.5750000e+02;1.9272414e-01;2.5750000e+02;2.1232609e-01;2.5750000e+02;2.2040641e-01;2.5750000e+02;2.1907285e-01;2.5750000e+02;2.0039113e-01;2.5750000e+02;1.6648690e-01;2.5750000e+02;1.2450853e-01;2.5750000e+02;8.1159562e-02;2.5750000e+02;4.0925816e-02;2.5750000e+02;-5.9149871e-03;2.5750000e+02;-2.4962705e-03;2.5750000e+02;9.3544805e-03;2.5750000e+02;2.6057098e-02;2.5750000e+02;4.7633130e-02;2.5750000e+02;7.1282223e-02;2.5750000e+02;9.8823063e-02;2.5750000e+02;1.3183782e-01;2.5750000e+02;1.6697696e-01;2.5750000e+02;1.9272414e-01;2.5750000e+02;2.1232609e-01;2.5750000e+02;2.2040641e-01;2.5750000e+02;2.1907285e-01;2.5750000e+02;2.0039113e-01;2.5750000e+02;1.6648690e-01;2.5750000e+02;1.2450853e-01;2.5750000e+02;8.1159562e-02;2.5750000e+02;4.0925816e-02;2.5750000e+02;-5.9149871e-03;2.5750000e+02;-2.4962705e-03;2.5750000e+02;9.3544805e-03;2.5750000e+02;2.6057098e-02;2.5750000e+02;4.7633130e-02;2.5750000e+02;7.1282223e-02;2.5750000e+02;9.8823063e-02;2.5750000e+02;1.3183782e-01;2.5750000e+02;1.6697696e-01;2.5750000e+02;1.9272414e-01;2.5750000e+02;2.1232609e-01;2.5750000e+02;2.2040641e-01;2.5750000e+02;2.1907285e-01;2.5750000e+02;2.0039113e-01;2.5750000e+02;1.6648690e-01;2.5750000e+02;1.2450853e-01;2.5750000e+02;8.1159562e-02;2.5750000e+02;4.0925816e-02;2.5750000e+02;-5.9149871e-03;2.5750000e+02;-2.4962705e-03;2.5750000e+02;9.3544805e-03;2.5750000e+02;2.6057098e-02;2.5750000e+02;4.7633130e-02;2.5750000e+02;7.1282223e-02;2.5750000e+02;9.8823063e-02;2.5750000e+02;1.3183782e-01;2.5750000e+02;1.6697696e-01;2.5750000e+02;1.9272414e-01;2.5750000e+02;2.1232609e-01;2.5750000e+02;2.2040641e-01;2.5750000e+02;2.1907285e-01;2.5750000e+02;2.0039113e-01;2.5750000e+02;1.6648690e-01;2.5750000e+02;1.2450853e-01;2.5750000e+02;8.1159562e-02;2.5750000e+02;4.0925816e-02;2.5750000e+02;-5.9149871e-03;2.5750000e+02;-2.4962705e-03;2.5750000e+02;9.3544805e-03;2.5750000e+02;2.6057098e-02;2.5750000e+02;4.7633130e-02;2.5750000e+02;7.1282223e-02;2.5750000e+02;9.8823063e-02;2.5750000e+02;1.3183782e-01;2.5750000e+02;1.6697696e-01;2.5750000e+02;1.9272414e-01;2.5750000e+02;2.1232609e-01;2.5750000e+02;2.2040641e-01;2.5750000e+02;2.1907285e-01;2.5750000e+02;2.0039113e-01;2.5750000e+02;1.6648690e-01;2.5750000e+02;1.2450853e-01;2.5750000e+02;8.1159562e-02;2.5750000e+02;4.0925816e-02;2.5750000e+02;-5.9149871e-03;2.5750000e+02;-2.4962705e-03;2.5750000e+02;9.3544805e-03;2.5750000e+02;2.6057098e-02;2.5750000e+02;4.7633130e-02;2.5750000e+02;7.1282223e-02;2.5750000e+02;9.8823063e-02;2.5750000e+02;1.3183782e-01;2.5750000e+02;1.6697696e-01;2.5750000e+02;1.9272414e-01;2.5750000e+02;2.1232609e-01;2.5750000e+02;2.2040641e-01;2.5750000e+02;2.1907285e-01;2.5750000e+02;2.0039113e-01;2.5750000e+02;1.6648690e-01;2.5750000e+02;1.2450853e-01;2.5750000e+02;8.1159562e-02;2.5750000e+02;4.0925816e-02;2.5750000e+02;-5.9149871e-03;2.5750000e+02;-2.4962705e-03;2.5750000e+02;9.3544805e-03;2.5750000e+02;2.6057098e-02;2.5750000e+02;4.7633130e-02;2.5750000e+02;7.1282223e-02;2.5750000e+02;9.8823063e-02;2.5750000e+02;1.3183782e-01;2.5750000e+02;1.6697696e-01;2.5750000e+02;1.9272414e-01;2.5750000e+02;2.1232609e-01;2.5750000e+02;2.2040641e-01;2.5750000e+02;2.1907285e-01;2.5750000e+02;2.0039113e-01;2.5750000e+02;1.6648690e-01;2.5750000e+02;1.2450853e-01;2.5750000e+02;8.1159562e-02;2.5750000e+02;4.0925816e-02;2.5750000e+02;-5.9149871e-03;2.5750000e+02;-2.4962705e-03;2.5750000e+02;9.3544805e-03;2.5750000e+02;2.6057098e-02;2.5750000e+02;4.7633130e-02;2.5750000e+02;7.1282223e-02;2.5750000e+02;9.8823063e-02;2.5750000e+02;1.3183782e-01;2.5750000e+02;1.6697696e-01;2.5750000e+02;1.9272414e-01;2.5750000e+02;2.1232609e-01;2.5750000e+02;2.2040641e-01;2.5750000e+02;2.1907285e-01;2.5750000e+02;2.0039113e-01;2.5750000e+02;1.6648690e-01;2.5750000e+02;1.2450853e-01;2.5750000e+02;8.1159562e-02;2.5750000e+02;4.0925816e-02;2.5750000e+02;-5.9149871e-03;2.5750000e+02;-2.4962705e-03;2.5750000e+02;9.3544805e-03;2.5750000e+02;2.6057098e-02;2.5750000e+02;4.7633130e-02;2.5750000e+02;7.1282223e-02;2.5750000e+02;9.8823063e-02;2.5750000e+02;1.3183782e-01;2.5750000e+02;1.6697696e-01;2.5750000e+02;1.9272414e-01;2.5750000e+02;2.1232609e-01;2.5750000e+02;2.2040641e-01;2.5750000e+02;2.1907285e-01;2.5750000e+02;2.0039113e-01;2.5750000e+02;1.6648690e-01;2.5750000e+02;1.2450853e-01;2.5750000e+02;8.1159562e-02;2.5750000e+02;4.0925816e-02;2.5750000e+02;-5.9149871e-03;2.5750000e+02;-2.4962705e-03;2.5750000e+02;9.3544805e-03;2.5750000e+02;2.6057098e-02;2.5750000e+02;4.7633130e-02;2.5750000e+02;7.1282223e-02;2.5750000e+02;9.8823063e-02;2.5750000e+02;1.3183782e-01;2.5750000e+02;1.6697696e-01;2.5750000e+02;1.9272414e-01;2.5750000e+02;2.1232609e-01;2.5750000e+02;2.2040641e-01;2.5750000e+02;2.1907285e-01;2.5750000e+02;2.0039113e-01;2.5750000e+02;1.6648690e-01;2.5750000e+02;1.2450853e-01;2.5750000e+02;8.1159562e-02;2.5750000e+02;4.0925816e-02;2.5750000e+02;-5.9149871e-03;2.5750000e+02;-2.4962705e-03;2.5750000e+02;9.3544805e-03;2.5750000e+02;2.6057098e-02;2.5750000e+02;4.7633130e-02;2.5750000e+02;7.1282223e-02;2.5750000e+02;9.8823063e-02;2.5750000e+02;1.3183782e-01;2.5750000e+02;1.6697696e-01;2.5750000e+02;1.9272414e-01;2.5750000e+02;2.1232609e-01;2.5750000e+02;2.2040641e-01;2.5750000e+02;2.1907285e-01;2.5750000e+02;2.0039113e-01;2.5750000e+02;1.6648690e-01;2.5750000e+02;1.2450853e-01;2.5750000e+02;8.1159562e-02;2.5750000e+02;4.0925816e-02;2.5750000e+02;-5.9149871e-03;2.5750000e+02;-2.4962705e-03;2.5750000e+02;9.3544805e-03;2.5750000e+02;2.6057098e-02;2.5750000e+02;4.7633130e-02;2.5750000e+02;7.1282223e-02;2.5750000e+02;9.8823063e-02;2.5750000e+02;1.3183782e-01;2.5750000e+02;1.6697696e-01;2.5750000e+02;1.9272414e-01;2.5750000e+02;2.1232609e-01;2.5750000e+02;2.2040641e-01;2.5750000e+02;2.1907285e-01;2.5750000e+02;2.0039113e-01;2.5750000e+02;1.6648690e-01;2.5750000e+02;1.2450853e-01;2.5750000e+02;8.1159562e-02;2.5750000e+02;4.0925816e-02;2.5750000e+02;-5.9149871e-03;2.5750000e+02;-2.4962705e-03;2.5750000e+02;9.3544805e-03;2.5750000e+02;2.6057098e-02;2.5750000e+02;4.7633130e-02;2.5750000e+02;7.1282223e-02;2.5750000e+02;9.8823063e-02;2.5750000e+02;1.3183782e-01;2.5750000e+02;1.6697696e-01;2.5750000e+02;1.9272414e-01;2.5750000e+02;2.1232609e-01;2.5750000e+02;2.2040641e-01;2.5750000e+02;2.1907285e-01;2.5750000e+02;2.0039113e-01;2.5750000e+02;1.6648690e-01;2.5750000e+02;1.2450853e-01;2.5750000e+02;8.1159562e-02;2.5750000e+02;4.0925816e-02;2.5750000e+02;-5.9149871e-03;2.5750000e+02;-2.4962705e-03;2.5750000e+02;9.3544805e-03;2.5750000e+02;2.6057098e-02;2.5750000e+02;4.7633130e-02;2.5750000e+02;7.1282223e-02;2.5750000e+02;9.8823063e-02;2.5750000e+02;1.3183782e-01;2.5750000e+02;1.6697696e-01;2.5750000e+02;1.9272414e-01;2.5750000e+02;2.1232609e-01;2.5750000e+02;2.2040641e-01;2.5750000e+02;2.1907285e-01;2.5750000e+02;2.0039113e-01;2.5750000e+02;1.6648690e-01;2.5750000e+02;1.2450853e-01;2.5750000e+02;8.1159562e-02;2.5750000e+02;4.0925816e-02;2.5750000e+02;-5.9149871e-03;2.5750000e+02;-2.4962705e-03;2.5750000e+02;9.3544805e-03;2.5750000e+02;2.6057098e-02;2.5750000e+02;4.7633130e-02;2.5750000e+02;7.1282223e-02;2.5750000e+02;9.8823063e-02;2.5750000e+02;1.3183782e-01;2.5750000e+02;1.6697696e-01;2.5750000e+02;1.9272414e-01;2.5750000e+02;2.1232609e-01;2.5750000e+02;2.2040641e-01;2.5750000e+02;2.1907285e-01;2.5750000e+02;2.0039113e-01;2.5750000e+02;1.6648690e-01;2.5750000e+02;1.2450853e-01;2.5750000e+02;8.1159562e-02;2.5750000e+02;4.0925816e-02;2.5750000e+02;-5.9149871e-03;2.5750000e+02;-2.4962705e-03;2.5750000e+02;9.3544805e-03;2.5750000e+02;2.6057098e-02;2.5750000e+02;4.7633130e-02;2.5750000e+02;7.1282223e-02;2.5750000e+02;9.8823063e-02;2.5750000e+02;1.3183782e-01;2.5750000e+02;1.6697696e-01;2.5750000e+02;1.9272414e-01;2.5750000e+02;2.1232609e-01;2.5750000e+02;2.2040641e-01;2.5750000e+02;2.1907285e-01;2.5750000e+02;2.0039113e-01;2.5750000e+02;1.6648690e-01;2.5750000e+02;1.2450853e-01;2.5750000e+02;8.1159562e-02;2.5750000e+02;4.0925816e-02;2.5750000e+02;-5.9149871e-03;2.5750000e+02;-2.4962705e-03;2.5750000e+02;9.3544805e-03;2.5750000e+02;2.6057098e-02;2.5750000e+02;4.7633130e-02;2.5750000e+02;7.1282223e-02;2.5750000e+02;9.8823063e-02;2.5750000e+02;1.3183782e-01;2.5750000e+02;1.6697696e-01;2.5750000e+02;1.9272414e-01;2.5750000e+02;2.1232609e-01;2.5750000e+02;2.2040641e-01;2.5750000e+02;2.1907285e-01;2.5750000e+02;2.0039113e-01;2.5750000e+02;1.6648690e-01;2.5750000e+02;1.2450853e-01;2.5750000e+02;8.1159562e-02;2.5750000e+02;4.0925816e-02;2.5750000e+02;-5.9149871e-03;2.5750000e+02;-2.4962705e-03;2.5750000e+02;9.3544805e-03;2.5750000e+02;2.6057098e-02;2.5750000e+02;4.7633130e-02;2.5750000e+02;7.1282223e-02;2.5750000e+02;9.8823063e-02;2.5750000e+02;1.3183782e-01;2.5750000e+02;1.6697696e-01;2.5750000e+02;1.9272414e-01;2.5750000e+02;2.1232609e-01;2.5750000e+02;2.2040641e-01;2.5750000e+02;2.1907285e-01;2.5750000e+02;2.0039113e-01;2.5750000e+02;1.6648690e-01;2.5750000e+02;1.2450853e-01;2.5750000e+02;8.1159562e-02;2.5750000e+02;4.0925816e-02;2.5750000e+02;-5.9149871e-03;2.5750000e+02;-2.4962705e-03;2.5750000e+02;9.3544805e-03;2.5750000e+02;2.6057098e-02;2.5750000e+02;4.7633130e-02;2.5750000e+02;7.1282223e-02;2.5750000e+02;9.8823063e-02;2.5750000e+02;1.3183782e-01;2.5750000e+02;1.6697696e-01;2.5750000e+02;1.9272414e-01;2.5750000e+02;2.1232609e-01;2.5750000e+02;2.2040641e-01;2.5750000e+02;2.1907285e-01;2.5750000e+02;2.0039113e-01;2.5750000e+02;1.6648690e-01;2.5750000e+02;1.2450853e-01;2.5750000e+02;8.1159562e-02;2.5750000e+02;4.0925816e-02;2.5750000e+02;-5.9149871e-03;2.5750000e+02;-2.4962705e-03;2.5750000e+02;9.3544805e-03;2.5750000e+02;2.6057098e-02;2.5750000e+02;4.7633130e-02;2.5750000e+02;7.1282223e-02;2.5750000e+02;9.8823063e-02;2.5750000e+02;1.3183782e-01;2.5750000e+02;1.6697696e-01;2.5750000e+02;1.9272414e-01;2.5750000e+02;2.1232609e-01;2.5750000e+02;2.2040641e-01;2.5750000e+02;2.1907285e-01;2.5750000e+02;2.0039113e-01;2.5750000e+02;1.6648690e-01;2.5750000e+02;1.2450853e-01;2.5750000e+02;8.1159562e-02;2.5750000e+02;4.0925816e-02;2.5750000e+02;-5.9149871e-03;2.5750000e+02;-2.4962705e-03;2.5750000e+02;9.3544805e-03;2.5750000e+02;2.6057098e-02;2.5750000e+02;4.7633130e-02;2.5750000e+02;7.1282223e-02;2.5750000e+02;9.8823063e-02;2.5750000e+02;1.3183782e-01;2.5750000e+02;1.6697696e-01;2.5750000e+02;1.9272414e-01;2.5750000e+02;2.1232609e-01;2.5750000e+02;2.2040641e-01;2.5750000e+02;2.1907285e-01;2.5750000e+02;2.0039113e-01;2.5750000e+02;1.6648690e-01;2.5750000e+02;1.2450853e-01;2.5750000e+02;8.1159562e-02;2.5750000e+02;4.0925816e-02;2.5750000e+02;-5.9149871e-03;2.5750000e+02;-2.4962705e-03;2.5750000e+02;9.3544805e-03;2.5750000e+02;2.6057098e-02;2.5750000e+02;4.7633130e-02;2.5750000e+02;7.1282223e-02;2.5750000e+02;9.8823063e-02;2.5750000e+02;1.3183782e-01;2.5750000e+02;1.6697696e-01;2.5750000e+02;1.9272414e-01;2.5750000e+02;2.1232609e-01;2.5750000e+02;2.2040641e-01;2.5750000e+02;2.1907285e-01;2.5750000e+02;2.0039113e-01;2.5750000e+02;1.6648690e-01;2.5750000e+02;1.2450853e-01;2.5750000e+02;8.1159562e-02;2.5750000e+02;4.0925816e-02;2.5750000e+02;-5.9149871e-03;2.5750000e+02;-2.4962705e-03;2.5750000e+02;9.3544805e-03;2.5750000e+02;2.6057098e-02;2.5750000e+02;4.7633130e-02;2.5750000e+02;7.1282223e-02;2.5750000e+02;9.8823063e-02;2.5750000e+02;1.3183782e-01;2.5750000e+02;1.6697696e-01;2.5750000e+02;1.9272414e-01;2.5750000e+02;2.1232609e-01;2.5750000e+02;2.2040641e-01;2.5750000e+02;2.1907285e-01;2.5750000e+02;2.0039113e-01;2.5750000e+02;1.6648690e-01;2.5750000e+02;1.2450853e-01;2.5750000e+02;8.1159562e-02;2.5750000e+02;4.0925816e-02;2.5750000e+02;-5.9149871e-03;2.5750000e+02;-2.4962705e-03;2.5750000e+02;9.3544805e-03;2.5750000e+02;2.6057098e-02;2.5750000e+02;4.7633130e-02;2.5750000e+02;7.1282223e-02;2.5750000e+02;9.8823063e-02;2.5750000e+02;1.3183782e-01;2.5750000e+02;1.6697696e-01;2.5750000e+02;1.9272414e-01;2.5750000e+02;2.1232609e-01;2.5750000e+02;2.2040641e-01;2.5750000e+02;2.1907285e-01;2.5750000e+02;2.0039113e-01;2.5750000e+02;1.6648690e-01;2.5750000e+02;1.2450853e-01;2.5750000e+02;8.1159562e-02;2.5750000e+02;4.0925816e-02;2.5750000e+02;-5.9149871e-03;2.5750000e+02;-2.4962705e-03;2.5750000e+02;9.3544805e-03;2.5750000e+02;2.6057098e-02;2.5750000e+02;4.7633130e-02;2.5750000e+02;7.1282223e-02;2.5750000e+02;9.8823063e-02;2.5750000e+02;1.3183782e-01;2.5750000e+02;1.6697696e-01;2.5750000e+02;1.9272414e-01;2.5750000e+02;2.1232609e-01;2.5750000e+02;2.2040641e-01;2.5750000e+02;2.1907285e-01;2.5750000e+02;2.0039113e-01;2.5750000e+02;1.6648690e-01;2.5750000e+02;1.2450853e-01;2.5750000e+02;8.1159562e-02;2.5750000e+02;4.0925816e-02;2.5750000e+02;-5.9149871e-03;2.5750000e+02;-2.4962705e-03;2.5750000e+02;9.3544805e-03;2.5750000e+02;2.6057098e-02;2.5750000e+02;4.7633130e-02;2.5750000e+02;7.1282223e-02;2.5750000e+02;9.8823063e-02;2.5750000e+02;1.3183782e-01;2.5750000e+02;1.6697696e-01;2.5750000e+02;1.9272414e-01;2.5750000e+02;2.1232609e-01;2.5750000e+02;2.2040641e-01;2.5750000e+02;2.1907285e-01;2.5750000e+02;2.0039113e-01;2.5750000e+02;1.6648690e-01;2.5750000e+02;1.2450853e-01;2.5750000e+02;8.1159562e-02;2.5750000e+02;4.0925816e-02;2.5750000e+02;-5.9149871e-03;2.5750000e+02;-2.4962705e-03;2.5750000e+02;9.3544805e-03;2.5750000e+02;2.6057098e-02;2.5750000e+02;4.7633130e-02;2.5750000e+02;7.1282223e-02;2.5750000e+02;9.8823063e-02;2.5750000e+02;1.3183782e-01;2.5750000e+02;1.6697696e-01;2.5750000e+02;1.9272414e-01;2.5750000e+02;2.1232609e-01;2.5750000e+02;2.2040641e-01;2.5750000e+02;2.1907285e-01;2.5750000e+02;2.0039113e-01;2.5750000e+02;1.6648690e-01;2.5750000e+02;1.2450853e-01;2.5750000e+02;8.1159562e-02;2.5750000e+02;4.0925816e-02;2.5750000e+02;-5.9149871e-03;2.5750000e+02;-2.4962705e-03;2.5750000e+02;9.3544805e-03;2.5750000e+02;2.6057098e-02;2.5750000e+02;4.7633130e-02;2.5750000e+02;7.1282223e-02;2.5750000e+02;9.8823063e-02;2.5750000e+02;1.3183782e-01;2.5750000e+02;1.6697696e-01;2.5750000e+02;1.9272414e-01;2.5750000e+02;2.1232609e-01;2.5750000e+02;2.2040641e-01;2.5750000e+02;2.1907285e-01;2.5750000e+02;2.0039113e-01;2.5750000e+02;1.6648690e-01;2.5750000e+02;1.2450853e-01;2.5750000e+02;8.1159562e-02;2.5750000e+02;4.0925816e-02;2.5750000e+02;-5.9149871e-03;2.5750000e+02;-2.4962705e-03;2.5750000e+02;9.3544805e-03;2.5750000e+02;2.6057098e-02;2.5750000e+02;4.7633130e-02;2.5750000e+02;7.1282223e-02;2.5750000e+02;9.8823063e-02;2.5750000e+02;1.3183782e-01;2.5750000e+02;1.6697696e-01;2.5750000e+02;1.9272414e-01;2.5750000e+02;2.1232609e-01;2.5750000e+02;2.2040641e-01;2.5750000e+02;2.1907285e-01;2.5750000e+02;2.0039113e-01;2.5750000e+02;1.6648690e-01;2.5750000e+02;1.2450853e-01;2.5750000e+02;8.1159562e-02;2.5750000e+02;4.0925816e-02;2.5750000e+02;-5.9149871e-03;2.5750000e+02;-2.4962705e-03;2.5750000e+02;9.3544805e-03;2.5750000e+02;2.6057098e-02;2.5750000e+02;4.7633130e-02;2.5750000e+02;7.1282223e-02;2.5750000e+02;9.8823063e-02;2.5750000e+02;1.3183782e-01;2.5750000e+02;1.6697696e-01;2.5750000e+02;1.9272414e-01;2.5750000e+02;2.1232609e-01;2.5750000e+02;2.2040641e-01;2.5750000e+02;2.1907285e-01;2.5750000e+02;2.0039113e-01;2.5750000e+02;1.6648690e-01;2.5750000e+02;1.2450853e-01;2.5750000e+02;8.1159562e-02;2.5750000e+02;4.0925816e-02;2.5750000e+02;-5.9149871e-03;2.5750000e+02;-2.4962705e-03;2.5750000e+02;9.3544805e-03;2.5750000e+02;2.6057098e-02;2.5750000e+02;4.7633130e-02;2.5750000e+02;7.1282223e-02;2.5750000e+02;9.8823063e-02;2.5750000e+02;1.3183782e-01;2.5750000e+02;1.6697696e-01;2.5750000e+02;1.9272414e-01;2.5750000e+02;2.1232609e-01;2.5750000e+02;2.2040641e-01;2.5750000e+02;2.1907285e-01;2.5750000e+02;2.0039113e-01;2.5750000e+02;1.6648690e-01;2.5750000e+02;1.2450853e-01;2.5750000e+02;8.1159562e-02;2.5750000e+02;4.0925816e-02;2.5750000e+02;-5.9149871e-03;2.5750000e+02;-2.4962705e-03;2.5750000e+02;9.3544805e-03;2.5750000e+02;2.6057098e-02;2.5750000e+02;4.7633130e-02;2.5750000e+02;7.1282223e-02;2.5750000e+02;9.8823063e-02;2.5750000e+02;1.3183782e-01;2.5750000e+02;1.6697696e-01;2.5750000e+02;1.9272414e-01;2.5750000e+02;2.1232609e-01;2.5750000e+02;2.2040641e-01;2.5750000e+02;2.1907285e-01;2.5750000e+02;2.0039113e-01;2.5750000e+02;1.6648690e-01;2.5750000e+02;1.2450853e-01;2.5750000e+02;8.1159562e-02;2.5750000e+02;4.0925816e-02;2.5750000e+02;-5.9149871e-03;2.5750000e+02;-2.4962705e-03;2.5750000e+02;9.3544805e-03;2.5750000e+02;2.6057098e-02;2.5750000e+02;4.7633130e-02;2.5750000e+02;7.1282223e-02;2.5750000e+02;9.8823063e-02;2.5750000e+02;1.3183782e-01;2.5750000e+02;1.6697696e-01;2.5750000e+02;1.9272414e-01;2.5750000e+02;2.1232609e-01;2.5750000e+02;2.2040641e-01;2.5750000e+02;2.1907285e-01;2.5750000e+02;2.0039113e-01;2.5750000e+02;1.6648690e-01;2.5750000e+02;1.2450853e-01;2.5750000e+02;8.1159562e-02;2.5750000e+02;4.0925816e-02;2.5750000e+02;-5.9149871e-03;2.5750000e+02;-2.4962705e-03;2.5750000e+02;9.3544805e-03;2.5750000e+02;2.6057098e-02;2.5750000e+02;4.7633130e-02;2.5750000e+02;7.1282223e-02;2.5750000e+02;9.8823063e-02;2.5750000e+02;1.3183782e-01;2.5750000e+02;1.6697696e-01;2.5750000e+02;1.9272414e-01;2.5750000e+02;2.1232609e-01;2.5750000e+02;2.2040641e-01;2.5750000e+02;2.1907285e-01;2.5750000e+02;2.0039113e-01;2.5750000e+02;1.6648690e-01;2.5750000e+02;1.2450853e-01;2.5750000e+02;8.1159562e-02;2.5750000e+02;4.0925816e-02;2.5750000e+02;-5.9149871e-03;2.5750000e+02;-2.4962705e-03;2.5750000e+02;9.3544805e-03;2.5750000e+02;2.6057098e-02;2.5750000e+02;4.7633130e-02;2.5750000e+02;7.1282223e-02;2.5750000e+02;9.8823063e-02;2.5750000e+02;1.3183782e-01;2.5750000e+02;1.6697696e-01;2.5750000e+02;1.9272414e-01;2.5750000e+02;2.1232609e-01;2.5750000e+02;2.2040641e-01;2.5750000e+02;2.1907285e-01;2.5750000e+02;2.0039113e-01;2.5750000e+02;1.6648690e-01;2.5750000e+02;1.2450853e-01;2.5750000e+02;8.1159562e-02;2.5750000e+02;4.0925816e-02;2.5750000e+02;-5.9149871e-03;2.5750000e+02;-2.4962705e-03;2.5750000e+02;9.3544805e-03;2.5750000e+02;2.6057098e-02;2.5750000e+02;4.7633130e-02;2.5750000e+02;7.1282223e-02;2.5750000e+02;9.8823063e-02;2.5750000e+02;1.3183782e-01;2.5750000e+02;1.6697696e-01;2.5750000e+02;1.9272414e-01;2.5750000e+02;2.1232609e-01;2.5750000e+02;2.2040641e-01;2.5750000e+02;2.1907285e-01;2.5750000e+02;2.0039113e-01;2.5750000e+02;1.6648690e-01;2.5750000e+02;1.2450853e-01;2.5750000e+02;8.1159562e-02;2.5750000e+02;4.0925816e-02;2.5750000e+02;-5.9149871e-03;2.5750000e+02;-2.4962705e-03;2.5750000e+02;9.3544805e-03;2.5750000e+02;2.6057098e-02;2.5750000e+02;4.7633130e-02;2.5750000e+02;7.1282223e-02;2.5750000e+02;9.8823063e-02;2.5750000e+02;1.3183782e-01;2.5750000e+02;1.6697696e-01;2.5750000e+02;1.9272414e-01;2.5750000e+02;2.1232609e-01;2.5750000e+02;2.2040641e-01;2.5750000e+02;2.1907285e-01;2.5750000e+02;2.0039113e-01;2.5750000e+02;1.6648690e-01;2.5750000e+02;1.2450853e-01;2.5750000e+02;8.1159562e-02;2.5750000e+02;4.0925816e-02;2.5750000e+02;-5.9149871e-03;2.5750000e+02;-2.4962705e-03;2.5750000e+02;9.3544805e-03;2.5750000e+02;2.6057098e-02;2.5750000e+02;4.7633130e-02;2.5750000e+02;7.1282223e-02;2.5750000e+02;9.8823063e-02;2.5750000e+02;1.3183782e-01;2.5750000e+02;1.6697696e-01;2.5750000e+02;1.9272414e-01;2.5750000e+02;2.1232609e-01;2.5750000e+02;2.2040641e-01;2.5750000e+02;2.1907285e-01;2.5750000e+02;2.0039113e-01;2.5750000e+02;1.6648690e-01;2.5750000e+02;1.2450853e-01;2.5750000e+02;8.1159562e-02;2.5750000e+02;4.0925816e-02;2.5750000e+02;-5.9149871e-03;2.5750000e+02;-2.4962705e-03;2.5750000e+02;9.3544805e-03;2.5750000e+02;2.6057098e-02;2.5750000e+02;4.7633130e-02;2.5750000e+02;7.1282223e-02;2.5750000e+02;9.8823063e-02;2.5750000e+02;1.3183782e-01;2.5750000e+02;1.6697696e-01;2.5750000e+02;1.9272414e-01;2.5750000e+02;2.1232609e-01;2.5750000e+02;2.2040641e-01;2.5750000e+02;2.1907285e-01;2.5750000e+02;2.0039113e-01;2.5750000e+02;1.6648690e-01;2.5750000e+02;1.2450853e-01;2.5750000e+02;8.1159562e-02;2.5750000e+02;4.0925816e-02;2.5750000e+02;-5.9149871e-03;2.5750000e+02;-2.4962705e-03;2.5750000e+02;9.3544805e-03;2.5750000e+02;2.6057098e-02;2.5750000e+02;4.7633130e-02;2.5750000e+02;7.1282223e-02;2.5750000e+02;9.8823063e-02;2.5750000e+02;1.3183782e-01;2.5750000e+02;1.6697696e-01;2.5750000e+02;1.9272414e-01;2.5750000e+02;2.1232609e-01;2.5750000e+02;2.2040641e-01;2.5750000e+02;2.1907285e-01;2.5750000e+02;2.0039113e-01;2.5750000e+02;1.6648690e-01;2.5750000e+02;1.2450853e-01;2.5750000e+02;8.1159562e-02;2.5750000e+02;4.0925816e-02;2.5750000e+02;-5.9149871e-03;2.5750000e+02;-2.4962705e-03;2.5750000e+02;9.3544805e-03;2.5750000e+02;2.6057098e-02;2.5750000e+02;4.7633130e-02;2.5750000e+02;7.1282223e-02;2.5750000e+02;9.8823063e-02;2.5750000e+02;1.3183782e-01;2.5750000e+02;1.6697696e-01;2.5750000e+02;1.9272414e-01;2.5750000e+02;2.1232609e-01;2.5750000e+02;2.2040641e-01;2.5750000e+02;2.1907285e-01;2.5750000e+02;2.0039113e-01;2.5750000e+02;1.6648690e-01;2.5750000e+02;1.2450853e-01;2.5750000e+02;8.1159562e-02;2.5750000e+02;4.0925816e-02;2.5750000e+02;-5.9149871e-03;2.5750000e+02;-2.4962705e-03;2.5750000e+02;9.3544805e-03;2.5750000e+02;2.6057098e-02;2.5750000e+02;4.7633130e-02;2.5750000e+02;7.1282223e-02;2.5750000e+02;9.8823063e-02;2.5750000e+02;1.3183782e-01;2.5750000e+02;1.6697696e-01;2.5750000e+02;1.9272414e-01;2.5750000e+02;2.1232609e-01;2.5750000e+02;2.2040641e-01;2.5750000e+02;2.1907285e-01;2.5750000e+02;2.0039113e-01;2.5750000e+02;1.6648690e-01;2.5750000e+02;1.2450853e-01;2.5750000e+02;8.1159562e-02;2.5750000e+02;4.0925816e-02;2.5750000e+02;-5.9149871e-03;2.5750000e+02;-2.4962705e-03;2.5750000e+02;9.3544805e-03;2.5750000e+02;2.6057098e-02;2.5750000e+02;4.7633130e-02;2.5750000e+02;7.1282223e-02;2.5750000e+02;9.8823063e-02;2.5750000e+02;1.3183782e-01;2.5750000e+02;1.6697696e-01;2.5750000e+02;1.9272414e-01;2.5750000e+02;2.1232609e-01;2.5750000e+02;2.2040641e-01;2.5750000e+02;2.1907285e-01;2.5750000e+02;2.0039113e-01;2.5750000e+02;1.6648690e-01;2.5750000e+02;1.2450853e-01;2.5750000e+02;8.1159562e-02;2.5750000e+02;4.0925816e-02;2.5750000e+02;-5.9149871e-03;2.5750000e+02;-2.4962705e-03;2.5750000e+02;9.3544805e-03;2.5750000e+02;2.6057098e-02;2.5750000e+02;4.7633130e-02;2.5750000e+02;7.1282223e-02;2.5750000e+02;9.8823063e-02;2.5750000e+02;1.3183782e-01;2.5750000e+02;1.6697696e-01;2.5750000e+02;1.9272414e-01;2.5750000e+02;2.1232609e-01;2.5750000e+02;2.2040641e-01;2.5750000e+02;2.1907285e-01;2.5750000e+02;2.0039113e-01;2.5750000e+02;1.6648690e-01;2.5750000e+02;1.2450853e-01;2.5750000e+02;8.1159562e-02;2.5750000e+02;4.0925816e-02;2.5750000e+02;-5.9149871e-03;2.5750000e+02;-2.4962705e-03;2.5750000e+02;9.3544805e-03;2.5750000e+02;2.6057098e-02;2.5750000e+02;4.7633130e-02;2.5750000e+02;7.1282223e-02;2.5750000e+02;9.8823063e-02;2.5750000e+02;1.3183782e-01;2.5750000e+02;1.6697696e-01;2.5750000e+02;1.9272414e-01;2.5750000e+02;2.1232609e-01;2.5750000e+02;2.2040641e-01;2.5750000e+02;2.1907285e-01;2.5750000e+02;2.0039113e-01;2.5750000e+02;1.6648690e-01;2.5750000e+02;1.2450853e-01;2.5750000e+02;8.1159562e-02;2.5750000e+02;4.0925816e-02;2.5750000e+02;-5.9149871e-03;2.5750000e+02;-2.4962705e-03;2.5750000e+02;9.3544805e-03;2.5750000e+02;2.6057098e-02;2.5750000e+02;4.7633130e-02;2.5750000e+02;7.1282223e-02;2.5750000e+02;9.8823063e-02;2.5750000e+02;1.3183782e-01;2.5750000e+02;1.6697696e-01;2.5750000e+02;1.9272414e-01;2.5750000e+02;2.1232609e-01;2.5750000e+02;2.2040641e-01;2.5750000e+02;2.1907285e-01;2.5750000e+02;2.0039113e-01;2.5750000e+02;1.6648690e-01;2.5750000e+02;1.2450853e-01;2.5750000e+02;8.1159562e-02;2.5750000e+02;4.0925816e-02;2.5750000e+02;-5.9149871e-03;2.5750000e+02;-2.4962705e-03;2.5750000e+02;9.3544805e-03;2.5750000e+02;2.6057098e-02;2.5750000e+02;4.7633130e-02;2.5750000e+02;7.1282223e-02;2.5750000e+02;9.8823063e-02;2.5750000e+02;1.3183782e-01;2.5750000e+02;1.6697696e-01;2.5750000e+02;1.9272414e-01;2.5750000e+02;2.1232609e-01;2.5750000e+02;2.2040641e-01;2.5750000e+02;2.1907285e-01;2.5750000e+02;2.0039113e-01;2.5750000e+02;1.6648690e-01;2.5750000e+02;1.2450853e-01;2.5750000e+02;8.1159562e-02;2.5750000e+02;4.0925816e-02;2.5750000e+02;-5.9149871e-03;2.5750000e+02;-2.4962705e-03;2.5750000e+02;9.3544805e-03;2.5750000e+02;2.6057098e-02;2.5750000e+02;4.7633130e-02;2.5750000e+02;7.1282223e-02;2.5750000e+02;9.8823063e-02;2.5750000e+02;1.3183782e-01;2.5750000e+02;1.6697696e-01;2.5750000e+02;1.9272414e-01;2.5750000e+02;2.1232609e-01;2.5750000e+02;2.2040641e-01;2.5750000e+02;2.1907285e-01;2.5750000e+02;2.0039113e-01;2.5750000e+02;1.6648690e-01;2.5750000e+02;1.2450853e-01;2.5750000e+02;8.1159562e-02;2.5750000e+02;4.0925816e-02;2.5750000e+02;-5.9149871e-03;2.5750000e+02;-2.4962705e-03;2.5750000e+02;9.3544805e-03;2.5750000e+02;2.6057098e-02;2.5750000e+02;4.7633130e-02;2.5750000e+02;7.1282223e-02;2.5750000e+02;9.8823063e-02;2.5750000e+02;1.3183782e-01;2.5750000e+02;1.6697696e-01;2.5750000e+02;1.9272414e-01;2.5750000e+02;2.1232609e-01;2.5750000e+02;2.2040641e-01;2.5750000e+02;2.1907285e-01;2.5750000e+02;2.0039113e-01;2.5750000e+02;1.6648690e-01;2.5750000e+02;1.2450853e-01;2.5750000e+02;8.1159562e-02;2.5750000e+02;4.0925816e-02;2.5750000e+02;-5.9149871e-03;2.5750000e+02;-2.4962705e-03;2.5750000e+02;9.3544805e-03;2.5750000e+02;2.6057098e-02;2.5750000e+02;4.7633130e-02;2.5750000e+02;7.1282223e-02;2.5750000e+02;9.8823063e-02;2.5750000e+02;1.3183782e-01;2.5750000e+02;1.6697696e-01;2.5750000e+02;1.9272414e-01;2.5750000e+02;2.1232609e-01;2.5750000e+02;2.2040641e-01;2.5750000e+02;2.1907285e-01;2.5750000e+02;2.0039113e-01;2.5750000e+02;1.6648690e-01;2.5750000e+02;1.2450853e-01;2.5750000e+02;8.1159562e-02;2.5750000e+02;4.0925816e-02;2.5750000e+02;-5.9149871e-03;2.5750000e+02;-2.4962705e-03;2.5750000e+02;9.3544805e-03;2.5750000e+02;2.6057098e-02;2.5750000e+02;4.7633130e-02;2.5750000e+02;7.1282223e-02;2.5750000e+02;9.8823063e-02;2.5750000e+02;1.3183782e-01;2.5750000e+02;1.6697696e-01;2.5750000e+02;1.9272414e-01;2.5750000e+02;2.1232609e-01;2.5750000e+02;2.2040641e-01;2.5750000e+02;2.1907285e-01;2.5750000e+02;2.0039113e-01;2.5750000e+02;1.6648690e-01;2.5750000e+02;1.2450853e-01;2.5750000e+02;8.1159562e-02;2.5750000e+02;4.0925816e-02;2.5750000e+02;-5.9149871e-03;2.5750000e+02;-2.4962705e-03;2.5750000e+02;9.3544805e-03;2.5750000e+02;2.6057098e-02;2.5750000e+02;4.7633130e-02;2.5750000e+02;7.1282223e-02;2.5750000e+02;9.8823063e-02;2.5750000e+02;1.3183782e-01;2.5750000e+02;1.6697696e-01;2.5750000e+02;1.9272414e-01;2.5750000e+02;2.1232609e-01;2.5750000e+02;2.2040641e-01;2.5750000e+02;2.1907285e-01;2.5750000e+02;2.0039113e-01;2.5750000e+02;1.6648690e-01;2.5750000e+02;1.2450853e-01;2.5750000e+02;8.1159562e-02;2.5750000e+02;4.0925816e-02;2.5750000e+02;-5.9149871e-03;2.5750000e+02;-2.4962705e-03;2.5750000e+02;9.3544805e-03;2.5750000e+02;2.6057098e-02;2.5750000e+02;4.7633130e-02;2.5750000e+02;7.1282223e-02;2.5750000e+02;9.8823063e-02;2.5750000e+02;1.3183782e-01;2.5750000e+02;1.6697696e-01;2.5750000e+02;1.9272414e-01;2.5750000e+02;2.1232609e-01;2.5750000e+02;2.2040641e-01;2.5750000e+02;2.1907285e-01;2.5750000e+02;2.0039113e-01;2.5750000e+02;1.6648690e-01;2.5750000e+02;1.2450853e-01;2.5750000e+02;8.1159562e-02;2.5750000e+02;4.0925816e-02;2.5750000e+02;-5.9149871e-03;2.5750000e+02;-2.4962705e-03;2.5750000e+02;9.3544805e-03;2.5750000e+02;2.6057098e-02;2.5750000e+02;4.7633130e-02;2.5750000e+02;7.1282223e-02;2.5750000e+02;9.8823063e-02;2.5750000e+02;1.3183782e-01;2.5750000e+02;1.6697696e-01;2.5750000e+02;1.9272414e-01;2.5750000e+02;2.1232609e-01;2.5750000e+02;2.2040641e-01;2.5750000e+02;2.1907285e-01;2.5750000e+02;2.0039113e-01;2.5750000e+02;1.6648690e-01;2.5750000e+02;1.2450853e-01;2.5750000e+02;8.1159562e-02;2.5750000e+02;4.0925816e-02;2.5750000e+02;-5.9149871e-03;2.5750000e+02;-2.4962705e-03;2.5750000e+02;9.3544805e-03;2.5750000e+02;2.6057098e-02;2.5750000e+02;4.7633130e-02;2.5750000e+02;7.1282223e-02;2.5750000e+02;9.8823063e-02;2.5750000e+02;1.3183782e-01;2.5750000e+02;1.6697696e-01;2.5750000e+02;1.9272414e-01;2.5750000e+02;2.1232609e-01;2.5750000e+02;2.2040641e-01;2.5750000e+02;2.1907285e-01;2.5750000e+02;2.0039113e-01;2.5750000e+02;1.6648690e-01;2.5750000e+02;1.2450853e-01;2.5750000e+02;8.1159562e-02;2.5750000e+02;4.0925816e-02;2.5750000e+02;-5.9149871e-03;2.5750000e+02;-2.4962705e-03;2.5750000e+02;9.3544805e-03;2.5750000e+02;2.6057098e-02;2.5750000e+02;4.7633130e-02;2.5750000e+02;7.1282223e-02;2.5750000e+02;9.8823063e-02;2.5750000e+02;1.3183782e-01;2.5750000e+02;1.6697696e-01;2.5750000e+02;1.9272414e-01;2.5750000e+02;2.1232609e-01;2.5750000e+02;2.2040641e-01;2.5750000e+02;2.1907285e-01;2.5750000e+02;2.0039113e-01;2.5750000e+02;1.6648690e-01;2.5750000e+02;1.2450853e-01;2.5750000e+02;8.1159562e-02;2.5750000e+02;4.0925816e-02;2.5750000e+02;-5.9149871e-03;2.5750000e+02;-2.4962705e-03;2.5750000e+02;9.3544805e-03;2.5750000e+02;2.6057098e-02;2.5750000e+02;4.7633130e-02;2.5750000e+02;7.1282223e-02;2.5750000e+02;9.8823063e-02;2.5750000e+02;1.3183782e-01;2.5750000e+02;1.6697696e-01;2.5750000e+02;1.9272414e-01;2.5750000e+02;2.1232609e-01;2.5750000e+02;2.2040641e-01;2.5750000e+02;2.1907285e-01;2.5750000e+02;2.0039113e-01;2.5750000e+02;1.6648690e-01;2.5750000e+02;1.2450853e-01;2.5750000e+02;8.1159562e-02;2.5750000e+02;4.0925816e-02;2.5750000e+02;-5.9149871e-03;2.5750000e+02;-2.4962705e-03;2.5750000e+02;9.3544805e-03;2.5750000e+02;2.6057098e-02;2.5750000e+02;4.7633130e-02;2.5750000e+02;7.1282223e-02;2.5750000e+02;9.8823063e-02;2.5750000e+02;1.3183782e-01;2.5750000e+02;1.6697696e-01;2.5750000e+02;1.9272414e-01;2.5750000e+02;2.1232609e-01;2.5750000e+02;2.2040641e-01;2.5750000e+02;2.1907285e-01;2.5750000e+02;2.0039113e-01;2.5750000e+02;1.6648690e-01;2.5750000e+02;1.2450853e-01;2.5750000e+02;8.1159562e-02;2.5750000e+02;4.0925816e-02;2.5750000e+02;-5.9149871e-03;2.5750000e+02;-2.4962705e-03;2.5750000e+02;9.3544805e-03;2.5750000e+02;2.6057098e-02;2.5750000e+02;4.7633130e-02;2.5750000e+02;7.1282223e-02;2.5750000e+02;9.8823063e-02;2.5750000e+02;1.3183782e-01;2.5750000e+02;1.6697696e-01;2.5750000e+02;1.9272414e-01;2.5750000e+02;2.1232609e-01;2.5750000e+02;2.2040641e-01;2.5750000e+02;2.1907285e-01;2.5750000e+02;2.0039113e-01;2.5750000e+02;1.6648690e-01;2.5750000e+02;1.2450853e-01;2.5750000e+02;8.1159562e-02;2.5750000e+02;4.0925816e-02;2.5750000e+02;-5.9149871e-03;2.5750000e+02;-2.4962705e-03;2.5750000e+02;9.3544805e-03;2.5750000e+02;2.6057098e-02;2.5750000e+02;4.7633130e-02;2.5750000e+02;7.1282223e-02;2.5750000e+02;9.8823063e-02;2.5750000e+02;1.3183782e-01;2.5750000e+02;1.6697696e-01;2.5750000e+02;1.9272414e-01;2.5750000e+02;2.1232609e-01;2.5750000e+02;2.2040641e-01;2.5750000e+02;2.1907285e-01;2.5750000e+02;2.0039113e-01;2.5750000e+02;1.6648690e-01;2.5750000e+02;1.2450853e-01;2.5750000e+02;8.1159562e-02;2.5750000e+02;4.0925816e-02;2.5750000e+02;-5.9149871e-03;2.5750000e+02;-2.4962705e-03;2.5750000e+02;9.3544805e-03;2.5750000e+02;2.6057098e-02;2.5750000e+02;4.7633130e-02;2.5750000e+02;7.1282223e-02;2.5750000e+02;9.8823063e-02;2.5750000e+02;1.3183782e-01;2.5750000e+02;1.6697696e-01;2.5750000e+02;1.9272414e-01;2.5750000e+02;2.1232609e-01;2.5750000e+02;2.2040641e-01;2.5750000e+02;2.1907285e-01;2.5750000e+02;2.0039113e-01;2.5750000e+02;1.6648690e-01;2.5750000e+02;1.2450853e-01;2.5750000e+02;8.1159562e-02;2.5750000e+02;4.0925816e-02;2.5750000e+02;-5.9149871e-03;2.5750000e+02;-2.4962705e-03;2.5750000e+02;9.3544805e-03;2.5750000e+02;2.6057098e-02;2.5750000e+02;4.7633130e-02;2.5750000e+02;7.1282223e-02;2.5750000e+02;9.8823063e-02;2.5750000e+02;1.3183782e-01;2.5750000e+02;1.6697696e-01;2.5750000e+02;1.9272414e-01;2.5750000e+02;2.1232609e-01;2.5750000e+02;2.2040641e-01;2.5750000e+02;2.1907285e-01;2.5750000e+02;2.0039113e-01;2.5750000e+02;1.6648690e-01;2.5750000e+02;1.2450853e-01;2.5750000e+02;8.1159562e-02;2.5750000e+02;4.0925816e-02;2.5750000e+02;-5.9149871e-03;2.5750000e+02;-2.4962705e-03;2.5750000e+02;9.3544805e-03;2.5750000e+02;2.6057098e-02;2.5750000e+02;4.7633130e-02;2.5750000e+02;7.1282223e-02;2.5750000e+02;9.8823063e-02;2.5750000e+02;1.3183782e-01;2.5750000e+02;1.6697696e-01;2.5750000e+02;1.9272414e-01;2.5750000e+02;2.1232609e-01;2.5750000e+02;2.2040641e-01;2.5750000e+02;2.1907285e-01;2.5750000e+02;2.0039113e-01;2.5750000e+02;1.6648690e-01;2.5750000e+02;1.2450853e-01;2.5750000e+02;8.1159562e-02;2.5750000e+02;4.0925816e-02;2.5750000e+02;-5.9149871e-03;2.5750000e+02;-2.4962705e-03;2.5750000e+02;9.3544805e-03;2.5750000e+02;2.6057098e-02;2.5750000e+02;4.7633130e-02;2.5750000e+02;7.1282223e-02;2.5750000e+02;9.8823063e-02;2.5750000e+02;1.3183782e-01;2.5750000e+02;1.6697696e-01;2.5750000e+02;1.9272414e-01;2.5750000e+02;2.1232609e-01;2.5750000e+02;2.2040641e-01;2.5750000e+02;2.1907285e-01;2.5750000e+02;2.0039113e-01;2.5750000e+02;1.6648690e-01;2.5750000e+02;1.2450853e-01;2.5750000e+02;8.1159562e-02;2.5750000e+02;4.0925816e-02;2.5750000e+02;-5.9149871e-03;2.5750000e+02;-2.4962705e-03;2.5750000e+02;9.3544805e-03;2.5750000e+02;2.6057098e-02;2.5750000e+02;4.7633130e-02;2.5750000e+02;7.1282223e-02;2.5750000e+02;9.8823063e-02;2.5750000e+02;1.3183782e-01;2.5750000e+02;1.6697696e-01;2.5750000e+02;1.9272414e-01;2.5750000e+02;2.1232609e-01;2.5750000e+02;2.2040641e-01;2.5750000e+02;2.1907285e-01;2.5750000e+02;2.0039113e-01;2.5750000e+02;1.6648690e-01;2.5750000e+02;1.2450853e-01;2.5750000e+02;8.1159562e-02;2.5750000e+02;4.0925816e-02;2.5750000e+02;-5.9149871e-03;2.5750000e+02;-2.4962705e-03;2.5750000e+02;9.3544805e-03;2.5750000e+02;2.6057098e-02;2.5750000e+02;4.7633130e-02;2.5750000e+02;7.1282223e-02;2.5750000e+02;9.8823063e-02;2.5750000e+02;1.3183782e-01;2.5750000e+02;1.6697696e-01;2.5750000e+02;1.9272414e-01;2.5750000e+02;2.1232609e-01;2.5750000e+02;2.2040641e-01;2.5750000e+02;2.1907285e-01;2.5750000e+02;2.0039113e-01;2.5750000e+02;1.6648690e-01;2.5750000e+02;1.2450853e-01;2.5750000e+02;8.1159562e-02;2.5750000e+02;4.0925816e-02;2.5750000e+02;-5.9149871e-03;2.5750000e+02;-2.4962705e-03;2.5750000e+02;9.3544805e-03;2.5750000e+02;2.6057098e-02;2.5750000e+02;4.7633130e-02;2.5750000e+02;7.1282223e-02;2.5750000e+02;9.8823063e-02;2.5750000e+02;1.3183782e-01;2.5750000e+02;1.6697696e-01;2.5750000e+02;1.9272414e-01;2.5750000e+02;2.1232609e-01;2.5750000e+02;2.2040641e-01;2.5750000e+02;2.1907285e-01;2.5750000e+02;2.0039113e-01;2.5750000e+02;1.6648690e-01;2.5750000e+02;1.2450853e-01;2.5750000e+02;8.1159562e-02;2.5750000e+02;4.0925816e-02;2.5750000e+02;-5.9149871e-03;2.5750000e+02;-2.4962705e-03;2.5750000e+02;9.3544805e-03;2.5750000e+02;2.6057098e-02;2.5750000e+02;4.7633130e-02;2.5750000e+02;7.1282223e-02;2.5750000e+02;9.8823063e-02;2.5750000e+02;1.3183782e-01;2.5750000e+02;1.6697696e-01;2.5750000e+02;1.9272414e-01;2.5750000e+02;2.1232609e-01;2.5750000e+02;2.2040641e-01;2.5750000e+02;2.1907285e-01;2.5750000e+02;2.0039113e-01;2.5750000e+02;1.6648690e-01;2.5750000e+02;1.2450853e-01;2.5750000e+02;8.1159562e-02;2.5750000e+02;4.0925816e-02;2.5750000e+02;-5.9149871e-03;2.5750000e+02;-2.4962705e-03;2.5750000e+02;9.3544805e-03;2.5750000e+02;2.6057098e-02;2.5750000e+02;4.7633130e-02;2.5750000e+02;7.1282223e-02;2.5750000e+02;9.8823063e-02;2.5750000e+02;1.3183782e-01;2.5750000e+02;1.6697696e-01;2.5750000e+02;1.9272414e-01;2.5750000e+02;2.1232609e-01;2.5750000e+02;2.2040641e-01;2.5750000e+02;2.1907285e-01;2.5750000e+02;2.0039113e-01;2.5750000e+02;1.6648690e-01;2.5750000e+02;1.2450853e-01;2.5750000e+02;8.1159562e-02;2.5750000e+02;4.0925816e-02;2.5750000e+02;-5.9149871e-03;2.5750000e+02;-2.4962705e-03;2.5750000e+02;9.3544805e-03;2.5750000e+02;2.6057098e-02;2.5750000e+02;4.7633130e-02;2.5750000e+02;7.1282223e-02;2.5750000e+02;9.8823063e-02;2.5750000e+02;1.3183782e-01;2.5750000e+02;1.6697696e-01;2.5750000e+02;1.9272414e-01;2.5750000e+02;2.1232609e-01;2.5750000e+02;2.2040641e-01;2.5750000e+02;2.1907285e-01;2.5750000e+02;2.0039113e-01;2.5750000e+02;1.6648690e-01;2.5750000e+02;1.2450853e-01;2.5750000e+02;8.1159562e-02;2.5750000e+02;4.0925816e-02;2.5750000e+02;-5.9149871e-03;2.5750000e+02;-2.4962705e-03;2.5750000e+02;9.3544805e-03;2.5750000e+02;2.6057098e-02;2.5750000e+02;4.7633130e-02;2.5750000e+02;7.1282223e-02;2.5750000e+02;9.8823063e-02;2.5750000e+02;1.3183782e-01;2.5750000e+02;1.6697696e-01;2.5750000e+02;1.9272414e-01;2.5750000e+02;2.1232609e-01;2.5750000e+02;2.2040641e-01;2.5750000e+02;2.1907285e-01;2.5750000e+02;2.0039113e-01;2.5750000e+02;1.6648690e-01;2.5750000e+02;1.2450853e-01;2.5750000e+02;8.1159562e-02;2.5750000e+02;4.0925816e-02;2.5750000e+02;-5.9149871e-03;2.5750000e+02;-2.4962705e-03;2.5750000e+02;9.3544805e-03;2.5750000e+02;2.6057098e-02;2.5750000e+02;4.7633130e-02;2.5750000e+02;7.1282223e-02;2.5750000e+02;9.8823063e-02;2.5750000e+02;1.3183782e-01;2.5750000e+02;1.6697696e-01;2.5750000e+02;1.9272414e-01;2.5750000e+02;2.1232609e-01;2.5750000e+02;2.2040641e-01;2.5750000e+02;2.1907285e-01;2.5750000e+02;2.0039113e-01;2.5750000e+02;1.6648690e-01;2.5750000e+02;1.2450853e-01;2.5750000e+02;8.1159562e-02;2.5750000e+02;4.0925816e-02;2.5750000e+02;-5.9149871e-03;2.5750000e+02;-2.4962705e-03;2.5750000e+02;9.3544805e-03;2.5750000e+02;2.6057098e-02;2.5750000e+02;4.7633130e-02;2.5750000e+02;7.1282223e-02;2.5750000e+02;9.8823063e-02;2.5750000e+02;1.3183782e-01;2.5750000e+02;1.6697696e-01;2.5750000e+02;1.9272414e-01;2.5750000e+02;2.1232609e-01;2.5750000e+02;2.2040641e-01;2.5750000e+02;2.1907285e-01;2.5750000e+02;2.0039113e-01;2.5750000e+02;1.6648690e-01;2.5750000e+02;1.2450853e-01;2.5750000e+02;8.1159562e-02;2.5750000e+02;4.0925816e-02;2.5750000e+02;-5.9149871e-03;2.5750000e+02;-2.4962705e-03;2.5750000e+02;9.3544805e-03;2.5750000e+02;2.6057098e-02;2.5750000e+02;4.7633130e-02;2.5750000e+02;7.1282223e-02;2.5750000e+02;9.8823063e-02;2.5750000e+02;1.3183782e-01;2.5750000e+02;1.6697696e-01;2.5750000e+02;1.9272414e-01;2.5750000e+02;2.1232609e-01;2.5750000e+02;2.2040641e-01;2.5750000e+02;2.1907285e-01;2.5750000e+02;2.0039113e-01;2.5750000e+02;1.6648690e-01;2.5750000e+02;1.2450853e-01;2.5750000e+02;8.1159562e-02;2.5750000e+02;4.0925816e-02;2.5750000e+02;-5.9149871e-03;2.5750000e+02;-2.4962705e-03;2.5750000e+02;9.3544805e-03;2.5750000e+02;2.6057098e-02;2.5750000e+02;4.7633130e-02;2.5750000e+02;7.1282223e-02;2.5750000e+02;9.8823063e-02;2.5750000e+02;1.3183782e-01;2.5750000e+02;1.6697696e-01;2.5750000e+02;1.9272414e-01;2.5750000e+02;2.1232609e-01;2.5750000e+02;2.2040641e-01;2.5750000e+02;2.1907285e-01;2.5750000e+02;2.0039113e-01;2.5750000e+02;1.6648690e-01;2.5750000e+02;1.2450853e-01;2.5750000e+02;8.1159562e-02;2.5750000e+02;4.0925816e-02;2.5750000e+02;-5.9149871e-03;2.5750000e+02;-2.4962705e-03;2.5750000e+02;9.3544805e-03;2.5750000e+02;2.6057098e-02;2.5750000e+02;4.7633130e-02;2.5750000e+02;7.1282223e-02;2.5750000e+02;9.8823063e-02;2.5750000e+02;1.3183782e-01;2.5750000e+02;1.6697696e-01;2.5750000e+02;1.9272414e-01;2.5750000e+02;2.1232609e-01;2.5750000e+02;2.2040641e-01;2.5750000e+02;2.1907285e-01;2.5750000e+02;2.0039113e-01;2.5750000e+02;1.6648690e-01;2.5750000e+02;1.2450853e-01;2.5750000e+02;8.1159562e-02;2.5750000e+02;4.0925816e-02;2.5750000e+02;-5.9149871e-03;2.5750000e+02;-2.4962705e-03;2.5750000e+02;9.3544805e-03;2.5750000e+02;2.6057098e-02;2.5750000e+02;4.7633130e-02;2.5750000e+02;7.1282223e-02;2.5750000e+02;9.8823063e-02;2.5750000e+02;1.3183782e-01;2.5750000e+02;1.6697696e-01;2.5750000e+02;1.9272414e-01;2.5750000e+02;2.1232609e-01;2.5750000e+02;2.2040641e-01;2.5750000e+02;2.1907285e-01;2.5750000e+02;2.0039113e-01;2.5750000e+02;1.6648690e-01;2.5750000e+02;1.2450853e-01;2.5750000e+02;8.1159562e-02;2.5750000e+02;4.0925816e-02;2.5750000e+02;-5.9149871e-03;2.5750000e+02;-2.4962705e-03;2.5750000e+02;9.3544805e-03;2.5750000e+02;2.6057098e-02;2.5750000e+02;4.7633130e-02;2.5750000e+02;7.1282223e-02;2.5750000e+02;9.8823063e-02;2.5750000e+02;1.3183782e-01;2.5750000e+02;1.6697696e-01;2.5750000e+02;1.9272414e-01;2.5750000e+02;2.1232609e-01;2.5750000e+02;2.2040641e-01;2.5750000e+02;2.1907285e-01;2.5750000e+02;2.0039113e-01;2.5750000e+02;1.6648690e-01;2.5750000e+02;1.2450853e-01;2.5750000e+02;8.1159562e-02;2.5750000e+02;4.0925816e-02;2.5750000e+02;-5.9149871e-03;2.5750000e+02;-2.4962705e-03;2.5750000e+02;9.3544805e-03;2.5750000e+02;2.6057098e-02;2.5750000e+02;4.7633130e-02;2.5750000e+02;7.1282223e-02;2.5750000e+02;9.8823063e-02;2.5750000e+02;1.3183782e-01;2.5750000e+02;1.6697696e-01;2.5750000e+02;1.9272414e-01;2.5750000e+02;2.1232609e-01;2.5750000e+02;2.2040641e-01;2.5750000e+02;2.1907285e-01;2.5750000e+02;2.0039113e-01;2.5750000e+02;1.6648690e-01;2.5750000e+02;1.2450853e-01;2.5750000e+02;8.1159562e-02;2.5750000e+02;4.0925816e-02;2.5750000e+02;-5.9149871e-03;2.5750000e+02;-2.4962705e-03;2.5750000e+02;9.3544805e-03;2.5750000e+02;2.6057098e-02;2.5750000e+02;4.7633130e-02;2.5750000e+02;7.1282223e-02;2.5750000e+02;9.8823063e-02;2.5750000e+02;1.3183782e-01;2.5750000e+02;1.6697696e-01;2.5750000e+02;1.9272414e-01;2.5750000e+02;2.1232609e-01;2.5750000e+02;2.2040641e-01;2.5750000e+02;2.1907285e-01;2.5750000e+02;2.0039113e-01;2.5750000e+02;1.6648690e-01;2.5750000e+02;1.2450853e-01;2.5750000e+02;8.1159562e-02;2.5750000e+02;4.0925816e-02;2.5750000e+02;-5.9149871e-03;2.5750000e+02;-2.4962705e-03;2.5750000e+02;9.3544805e-03;2.5750000e+02;2.6057098e-02;2.5750000e+02;4.7633130e-02;2.5750000e+02;7.1282223e-02;2.5750000e+02;9.8823063e-02;2.5750000e+02;1.3183782e-01;2.5750000e+02;1.6697696e-01;2.5750000e+02;1.9272414e-01;2.5750000e+02;2.1232609e-01;2.5750000e+02;2.2040641e-01;2.5750000e+02;2.1907285e-01;2.5750000e+02;2.0039113e-01;2.5750000e+02;1.6648690e-01;2.5750000e+02;1.2450853e-01;2.5750000e+02;8.1159562e-02;2.5750000e+02;4.0925816e-02;2.5750000e+02;-5.9149871e-03;2.5750000e+02;-2.4962705e-03;2.5750000e+02;9.3544805e-03;2.5750000e+02;2.6057098e-02;2.5750000e+02;4.7633130e-02;2.5750000e+02;7.1282223e-02;2.5750000e+02;9.8823063e-02;2.5750000e+02;1.3183782e-01;2.5750000e+02;1.6697696e-01;2.5750000e+02;1.9272414e-01;2.5750000e+02;2.1232609e-01;2.5750000e+02;2.2040641e-01;2.5750000e+02;2.1907285e-01;2.5750000e+02;2.0039113e-01;2.5750000e+02;1.6648690e-01;2.5750000e+02;1.2450853e-01;2.5750000e+02;8.1159562e-02;2.5750000e+02;4.0925816e-02;2.5750000e+02;-5.9149871e-03;2.5750000e+02;-2.4962705e-03;2.5750000e+02;9.3544805e-03;2.5750000e+02;2.6057098e-02;2.5750000e+02;4.7633130e-02;2.5750000e+02;7.1282223e-02;2.5750000e+02;9.8823063e-02;2.5750000e+02;1.3183782e-01;2.5750000e+02;1.6697696e-01;2.5750000e+02;1.9272414e-01;2.5750000e+02;2.1232609e-01;2.5750000e+02;2.2040641e-01;2.5750000e+02;2.1907285e-01;2.5750000e+02;2.0039113e-01;2.5750000e+02;1.6648690e-01;2.5750000e+02;1.2450853e-01;2.5750000e+02;8.1159562e-02;2.5750000e+02;4.0925816e-02;2.5750000e+02;-5.9149871e-03;2.5750000e+02;-2.4962705e-03;2.5750000e+02;9.3544805e-03;2.5750000e+02;2.6057098e-02;2.5750000e+02;4.7633130e-02;2.5750000e+02;7.1282223e-02;2.5750000e+02;9.8823063e-02;2.5750000e+02;1.3183782e-01;2.5750000e+02;1.6697696e-01;2.5750000e+02;1.9272414e-01;2.5750000e+02;2.1232609e-01;2.5750000e+02;2.2040641e-01;2.5750000e+02;2.1907285e-01;2.5750000e+02;2.0039113e-01;2.5750000e+02;1.6648690e-01;2.5750000e+02;1.2450853e-01;2.5750000e+02;8.1159562e-02;2.5750000e+02;4.0925816e-02;2.5750000e+02;-5.9149871e-03;2.5750000e+02;-2.4962705e-03;2.5750000e+02;9.3544805e-03;2.5750000e+02;2.6057098e-02;2.5750000e+02;4.7633130e-02;2.5750000e+02;7.1282223e-02;2.5750000e+02;9.8823063e-02;2.5750000e+02;1.3183782e-01;2.5750000e+02;1.6697696e-01;2.5750000e+02;1.9272414e-01;2.5750000e+02;2.1232609e-01;2.5750000e+02;2.2040641e-01;2.5750000e+02;2.1907285e-01;2.5750000e+02;2.0039113e-01;2.5750000e+02;1.6648690e-01;2.5750000e+02;1.2450853e-01;2.5750000e+02;8.1159562e-02;2.5750000e+02;4.0925816e-02;2.5750000e+02;-5.9149871e-03;2.5750000e+02;-2.4962705e-03;2.5750000e+02;9.3544805e-03;2.5750000e+02;2.6057098e-02;2.5750000e+02;4.7633130e-02;2.5750000e+02;7.1282223e-02;2.5750000e+02;9.8823063e-02;2.5750000e+02;1.3183782e-01;2.5750000e+02;1.6697696e-01;2.5750000e+02;1.9272414e-01;2.5750000e+02;2.1232609e-01;2.5750000e+02;2.2040641e-01;2.5750000e+02;2.1907285e-01;2.5750000e+02;2.0039113e-01;2.5750000e+02;1.6648690e-01;2.5750000e+02;1.2450853e-01;2.5750000e+02;8.1159562e-02;2.5750000e+02;4.0925816e-02;2.5750000e+02;-5.9149871e-03;2.5750000e+02;-2.4962705e-03;2.5750000e+02;9.3544805e-03;2.5750000e+02;2.6057098e-02;2.5750000e+02;4.7633130e-02;2.5750000e+02;7.1282223e-02;2.5750000e+02;9.8823063e-02;2.5750000e+02;1.3183782e-01;2.5750000e+02;1.6697696e-01;2.5750000e+02;1.9272414e-01;2.5750000e+02;2.1232609e-01;2.5750000e+02;2.2040641e-01;2.5750000e+02;2.1907285e-01;2.5750000e+02;2.0039113e-01;2.5750000e+02;1.6648690e-01;2.5750000e+02;1.2450853e-01;2.5750000e+02;8.1159562e-02;2.5750000e+02;4.0925816e-02;2.5750000e+02;-5.9149871e-03;2.5750000e+02;-2.4962705e-03;2.5750000e+02;9.3544805e-03;2.5750000e+02;2.6057098e-02;2.5750000e+02;4.7633130e-02;2.5750000e+02;7.1282223e-02;2.5750000e+02;9.8823063e-02;2.5750000e+02;1.3183782e-01;2.5750000e+02;1.6697696e-01;2.5750000e+02;1.9272414e-01;2.5750000e+02;2.1232609e-01;2.5750000e+02;2.2040641e-01;2.5750000e+02;2.1907285e-01;2.5750000e+02;2.0039113e-01;2.5750000e+02;1.6648690e-01;2.5750000e+02;1.2450853e-01;2.5750000e+02;8.1159562e-02;2.5750000e+02;4.0925816e-02;2.5750000e+02;-5.9149871e-03;2.5750000e+02;-2.4962705e-03;2.5750000e+02;9.3544805e-03;2.5750000e+02;2.6057098e-02;2.5750000e+02;4.7633130e-02;2.5750000e+02;7.1282223e-02;2.5750000e+02;9.8823063e-02;2.5750000e+02;1.3183782e-01;2.5750000e+02;1.6697696e-01;2.5750000e+02;1.9272414e-01;2.5750000e+02;2.1232609e-01;2.5750000e+02;2.2040641e-01;2.5750000e+02;2.1907285e-01;2.5750000e+02;2.0039113e-01;2.5750000e+02;1.6648690e-01;2.5750000e+02;1.2450853e-01;2.5750000e+02;8.1159562e-02;2.5750000e+02;4.0925816e-02;2.5750000e+02;-5.9149871e-03;2.5750000e+02;-2.4962705e-03;2.5750000e+02;9.3544805e-03;2.5750000e+02;2.6057098e-02;2.5750000e+02;4.7633130e-02;2.5750000e+02;7.1282223e-02;2.5750000e+02;9.8823063e-02;2.5750000e+02;1.3183782e-01;2.5750000e+02;1.6697696e-01;2.5750000e+02;1.9272414e-01;2.5750000e+02;2.1232609e-01;2.5750000e+02;2.2040641e-01;2.5750000e+02;2.1907285e-01;2.5750000e+02;2.0039113e-01;2.5750000e+02;1.6648690e-01;2.5750000e+02;1.2450853e-01;2.5750000e+02;8.1159562e-02;2.5750000e+02;4.0925816e-02;2.5750000e+02;-5.9149871e-03;2.5750000e+02;-2.4962705e-03;2.5750000e+02;9.3544805e-03;2.5750000e+02;2.6057098e-02;2.5750000e+02;4.7633130e-02;2.5750000e+02;7.1282223e-02;2.5750000e+02;9.8823063e-02;2.5750000e+02;1.3183782e-01;2.5750000e+02;1.6697696e-01;2.5750000e+02;1.9272414e-01;2.5750000e+02;2.1232609e-01;2.5750000e+02;2.2040641e-01;2.5750000e+02;2.1907285e-01;2.5750000e+02;2.0039113e-01;2.5750000e+02;1.6648690e-01;2.5750000e+02;1.2450853e-01;2.5750000e+02;8.1159562e-02;2.5750000e+02;4.0925816e-02;2.5750000e+02;-5.9149871e-03;2.5750000e+02;-2.4962705e-03;2.5750000e+02;9.3544805e-03;2.5750000e+02;2.6057098e-02;2.5750000e+02;4.7633130e-02;2.5750000e+02;7.1282223e-02;2.5750000e+02;9.8823063e-02;2.5750000e+02;1.3183782e-01;2.5750000e+02;1.6697696e-01;2.5750000e+02;1.9272414e-01;2.5750000e+02;2.1232609e-01;2.5750000e+02;2.2040641e-01;2.5750000e+02;2.1907285e-01;2.5750000e+02;2.0039113e-01;2.5750000e+02;1.6648690e-01;2.5750000e+02;1.2450853e-01;2.5750000e+02;8.1159562e-02;2.5750000e+02;4.0925816e-02;2.5750000e+02;-5.9149871e-03;2.5750000e+02;-2.4962705e-03;2.5750000e+02;9.3544805e-03;2.5750000e+02;2.6057098e-02;2.5750000e+02;4.7633130e-02;2.5750000e+02;7.1282223e-02;2.5750000e+02;9.8823063e-02;2.5750000e+02;1.3183782e-01;2.5750000e+02;1.6697696e-01;2.5750000e+02;1.9272414e-01;2.5750000e+02;2.1232609e-01;2.5750000e+02;2.2040641e-01;2.5750000e+02;2.1907285e-01;2.5750000e+02;2.0039113e-01;2.5750000e+02;1.6648690e-01;2.5750000e+02;1.2450853e-01;2.5750000e+02;8.1159562e-02;2.5750000e+02;4.0925816e-02;2.5750000e+02;-5.9149871e-03;2.5750000e+02;-2.4962705e-03;2.5750000e+02;9.3544805e-03;2.5750000e+02;2.6057098e-02;2.5750000e+02;4.7633130e-02;2.5750000e+02;7.1282223e-02;2.5750000e+02;9.8823063e-02;2.5750000e+02;1.3183782e-01;2.5750000e+02;1.6697696e-01;2.5750000e+02;1.9272414e-01;2.5750000e+02;2.1232609e-01;2.5750000e+02;2.2040641e-01;2.5750000e+02;2.1907285e-01;2.5750000e+02;2.0039113e-01;2.5750000e+02;1.6648690e-01;2.5750000e+02;1.2450853e-01;2.5750000e+02;8.1159562e-02;2.5750000e+02;4.0925816e-02;2.5750000e+02;-5.9149871e-03;2.5750000e+02;-2.4962705e-03;2.5750000e+02;9.3544805e-03;2.5750000e+02;2.6057098e-02;2.5750000e+02;4.7633130e-02;2.5750000e+02;7.1282223e-02;2.5750000e+02;9.8823063e-02;2.5750000e+02;1.3183782e-01;2.5750000e+02;1.6697696e-01;2.5750000e+02;1.9272414e-01;2.5750000e+02;2.1232609e-01;2.5750000e+02;2.2040641e-01;2.5750000e+02;2.1907285e-01;2.5750000e+02;2.0039113e-01;2.5750000e+02;1.6648690e-01;2.5750000e+02;1.2450853e-01;2.5750000e+02;8.1159562e-02;2.5750000e+02;4.0925816e-02;2.5750000e+02;-5.9149871e-03;2.5750000e+02;-2.4962705e-03;2.5750000e+02;9.3544805e-03;2.5750000e+02;2.6057098e-02;2.5750000e+02;4.7633130e-02;2.5750000e+02;7.1282223e-02;2.5750000e+02;9.8823063e-02;2.5750000e+02;1.3183782e-01;2.5750000e+02;1.6697696e-01;2.5750000e+02;1.9272414e-01;2.5750000e+02;2.1232609e-01;2.5750000e+02;2.2040641e-01;2.5750000e+02;2.1907285e-01;2.5750000e+02;2.0039113e-01;2.5750000e+02;1.6648690e-01;2.5750000e+02;1.2450853e-01;2.5750000e+02;8.1159562e-02;2.5750000e+02;4.0925816e-02;2.5750000e+02;-5.9149871e-03;2.5750000e+02;-2.4962705e-03;2.5750000e+02;9.3544805e-03;2.5750000e+02;2.6057098e-02;2.5750000e+02;4.7633130e-02;2.5750000e+02;7.1282223e-02;2.5750000e+02;9.8823063e-02;2.5750000e+02;1.3183782e-01;2.5750000e+02;1.6697696e-01;2.5750000e+02;1.9272414e-01;2.5750000e+02;2.1232609e-01;2.5750000e+02;2.2040641e-01;2.5750000e+02;2.1907285e-01;2.5750000e+02;2.0039113e-01;2.5750000e+02;1.6648690e-01;2.5750000e+02;1.2450853e-01;2.5750000e+02;8.1159562e-02;2.5750000e+02;4.0925816e-02;2.5750000e+02;-5.9149871e-03;2.5750000e+02;-2.4962705e-03;2.5750000e+02;9.3544805e-03;2.5750000e+02;2.6057098e-02;2.5750000e+02;4.7633130e-02;2.5750000e+02;7.1282223e-02;2.5750000e+02;9.8823063e-02;2.5750000e+02;1.3183782e-01;2.5750000e+02;1.6697696e-01;2.5750000e+02;1.9272414e-01;2.5750000e+02;2.1232609e-01;2.5750000e+02;2.2040641e-01;2.5750000e+02;2.1907285e-01;2.5750000e+02;2.0039113e-01;2.5750000e+02;1.6648690e-01;2.5750000e+02;1.2450853e-01;2.5750000e+02;8.1159562e-02;2.5750000e+02;4.0925816e-02;2.5750000e+02;-5.9149871e-03;2.5750000e+02;-2.4962705e-03;2.5750000e+02;9.3544805e-03;2.5750000e+02;2.6057098e-02;2.5750000e+02;4.7633130e-02;2.5750000e+02;7.1282223e-02;2.5750000e+02;9.8823063e-02;2.5750000e+02;1.3183782e-01;2.5750000e+02;1.6697696e-01;2.5750000e+02;1.9272414e-01;2.5750000e+02;2.1232609e-01;2.5750000e+02;2.2040641e-01;2.5750000e+02;2.1907285e-01;2.5750000e+02;2.0039113e-01;2.5750000e+02;1.6648690e-01;2.5750000e+02;1.2450853e-01;2.5750000e+02;8.1159562e-02;2.5750000e+02;4.0925816e-02;2.5750000e+02;-5.9149871e-03;2.5750000e+02;-2.4962705e-03;2.5750000e+02;9.3544805e-03;2.5750000e+02;2.6057098e-02;2.5750000e+02;4.7633130e-02;2.5750000e+02;7.1282223e-02;2.5750000e+02;9.8823063e-02;2.5750000e+02;1.3183782e-01;2.5750000e+02;1.6697696e-01;2.5750000e+02;1.9272414e-01;2.5750000e+02;2.1232609e-01;2.5750000e+02;2.2040641e-01;2.5750000e+02;2.1907285e-01;2.5750000e+02;2.0039113e-01;2.5750000e+02;1.6648690e-01;2.5750000e+02;1.2450853e-01;2.5750000e+02;8.1159562e-02;2.5750000e+02;4.0925816e-02;2.5750000e+02;-5.9149871e-03;2.5750000e+02;-2.4962705e-03;2.5750000e+02;9.3544805e-03;2.5750000e+02;2.6057098e-02;2.5750000e+02;4.7633130e-02;2.5750000e+02;7.1282223e-02;2.5750000e+02;9.8823063e-02;2.5750000e+02;1.3183782e-01;2.5750000e+02;1.6697696e-01;2.5750000e+02;1.9272414e-01;2.5750000e+02;2.1232609e-01;2.5750000e+02;2.2040641e-01;2.5750000e+02;2.1907285e-01;2.5750000e+02;2.0039113e-01;2.5750000e+02;1.6648690e-01;2.5750000e+02;1.2450853e-01;2.5750000e+02;8.1159562e-02;2.5750000e+02;4.0925816e-02;2.5750000e+02;-5.9149871e-03;2.5750000e+02;-2.4962705e-03;2.5750000e+02;9.3544805e-03;2.5750000e+02;2.6057098e-02;2.5750000e+02;4.7633130e-02;2.5750000e+02;7.1282223e-02;2.5750000e+02;9.8823063e-02;2.5750000e+02;1.3183782e-01;2.5750000e+02;1.6697696e-01;2.5750000e+02;1.9272414e-01;2.5750000e+02;2.1232609e-01;2.5750000e+02;2.2040641e-01;2.5750000e+02;2.1907285e-01;2.5750000e+02;2.0039113e-01;2.5750000e+02;1.6648690e-01;2.5750000e+02;1.2450853e-01;2.5750000e+02;8.1159562e-02;2.5750000e+02;4.0925816e-02;2.5750000e+02;-5.9149871e-03;2.5750000e+02;-2.4962705e-03;2.5750000e+02;9.3544805e-03;2.5750000e+02;2.6057098e-02;2.5750000e+02;4.7633130e-02;2.5750000e+02;7.1282223e-02;2.5750000e+02;9.8823063e-02;2.5750000e+02;1.3183782e-01;2.5750000e+02;1.6697696e-01;2.5750000e+02;1.9272414e-01;2.5750000e+02;2.1232609e-01;2.5750000e+02;2.2040641e-01;2.5750000e+02;2.1907285e-01;2.5750000e+02;2.0039113e-01;2.5750000e+02;1.6648690e-01;2.5750000e+02;1.2450853e-01;2.5750000e+02;8.1159562e-02;2.5750000e+02;4.0925816e-02;2.5750000e+02;-5.9149871e-03;2.5750000e+02;-2.4962705e-03;2.5750000e+02;9.3544805e-03;2.5750000e+02;2.6057098e-02;2.5750000e+02;4.7633130e-02;2.5750000e+02;7.1282223e-02;2.5750000e+02;9.8823063e-02;2.5750000e+02;1.3183782e-01;2.5750000e+02;1.6697696e-01;2.5750000e+02;1.9272414e-01;2.5750000e+02;2.1232609e-01;2.5750000e+02;2.2040641e-01;2.5750000e+02;2.1907285e-01;2.5750000e+02;2.0039113e-01;2.5750000e+02;1.6648690e-01;2.5750000e+02;1.2450853e-01;2.5750000e+02;8.1159562e-02;2.5750000e+02;4.0925816e-02;2.5750000e+02;-5.9149871e-03;2.5750000e+02;-2.4962705e-03;2.5750000e+02;9.3544805e-03;2.5750000e+02;2.6057098e-02;2.5750000e+02;4.7633130e-02;2.5750000e+02;7.1282223e-02;2.5750000e+02;9.8823063e-02;2.5750000e+02;1.3183782e-01;2.5750000e+02;1.6697696e-01;2.5750000e+02;1.9272414e-01;2.5750000e+02;2.1232609e-01;2.5750000e+02;2.2040641e-01;2.5750000e+02;2.1907285e-01;2.5750000e+02;2.0039113e-01;2.5750000e+02;1.6648690e-01;2.5750000e+02;1.2450853e-01;2.5750000e+02;8.1159562e-02;2.5750000e+02;4.0925816e-02;2.5750000e+02;-5.9149871e-03;2.5750000e+02;-2.4962705e-03;2.5750000e+02;9.3544805e-03;2.5750000e+02;2.6057098e-02;2.5750000e+02;4.7633130e-02;2.5750000e+02;7.1282223e-02;2.5750000e+02;9.8823063e-02;2.5750000e+02;1.3183782e-01;2.5750000e+02;1.6697696e-01;2.5750000e+02;1.9272414e-01;2.5750000e+02;2.1232609e-01;2.5750000e+02;2.2040641e-01;2.5750000e+02;2.1907285e-01;2.5750000e+02;2.0039113e-01;2.5750000e+02;1.6648690e-01;2.5750000e+02;1.2450853e-01;2.5750000e+02;8.1159562e-02;2.5750000e+02;4.0925816e-02;2.5750000e+02;-5.9149871e-03;2.5750000e+02;-2.4962705e-03;2.5750000e+02;9.3544805e-03;2.5750000e+02;2.6057098e-02;2.5750000e+02;4.7633130e-02;2.5750000e+02;7.1282223e-02;2.5750000e+02;9.8823063e-02;2.5750000e+02;1.3183782e-01;2.5750000e+02;1.6697696e-01;2.5750000e+02;1.9272414e-01;2.5750000e+02;2.1232609e-01;2.5750000e+02;2.2040641e-01;2.5750000e+02;2.1907285e-01;2.5750000e+02;2.0039113e-01;2.5750000e+02;1.6648690e-01;2.5750000e+02;1.2450853e-01;2.5750000e+02;8.1159562e-02;2.5750000e+02;4.0925816e-02;2.5750000e+02;-5.9149871e-03;2.5750000e+02;-2.4962705e-03;2.5750000e+02;9.3544805e-03;2.5750000e+02;2.6057098e-02;2.5750000e+02;4.7633130e-02;2.5750000e+02;7.1282223e-02;2.5750000e+02;9.8823063e-02;2.5750000e+02;1.3183782e-01;2.5750000e+02;1.6697696e-01;2.5750000e+02;1.9272414e-01;2.5750000e+02;2.1232609e-01;2.5750000e+02;2.2040641e-01;2.5750000e+02;2.1907285e-01;2.5750000e+02;2.0039113e-01;2.5750000e+02;1.6648690e-01;2.5750000e+02;1.2450853e-01;2.5750000e+02;8.1159562e-02;2.5750000e+02;4.0925816e-02;2.5750000e+02;-5.9149871e-03;2.5750000e+02;-2.4962705e-03;2.5750000e+02;9.3544805e-03;2.5750000e+02;2.6057098e-02;2.5750000e+02;4.7633130e-02;2.5750000e+02;7.1282223e-02;2.5750000e+02;9.8823063e-02;2.5750000e+02;1.3183782e-01;2.5750000e+02;1.6697696e-01;2.5750000e+02;1.9272414e-01;2.5750000e+02;2.1232609e-01;2.5750000e+02;2.2040641e-01;2.5750000e+02;2.1907285e-01;2.5750000e+02;2.0039113e-01;2.5750000e+02;1.6648690e-01;2.5750000e+02;1.2450853e-01;2.5750000e+02;8.1159562e-02;2.5750000e+02;4.0925816e-02;2.5750000e+02;-5.9149871e-03;2.5750000e+02;-2.4962705e-03;2.5750000e+02;9.3544805e-03;2.5750000e+02;2.6057098e-02;2.5750000e+02;4.7633130e-02;2.5750000e+02;7.1282223e-02;2.5750000e+02;9.8823063e-02;2.5750000e+02;1.3183782e-01;2.5750000e+02;1.6697696e-01;2.5750000e+02;1.9272414e-01;2.5750000e+02;2.1232609e-01;2.5750000e+02;2.2040641e-01;2.5750000e+02;2.1907285e-01;2.5750000e+02;2.0039113e-01;2.5750000e+02;1.6648690e-01;2.5750000e+02;1.2450853e-01;2.5750000e+02;8.1159562e-02;2.5750000e+02;4.0925816e-02;2.5750000e+02;-5.9149871e-03;2.5750000e+02;-2.4962705e-03;2.5750000e+02;9.3544805e-03;2.5750000e+02;2.6057098e-02;2.5750000e+02;4.7633130e-02;2.5750000e+02;7.1282223e-02;2.5750000e+02;9.8823063e-02;2.5750000e+02;1.3183782e-01;2.5750000e+02;1.6697696e-01;2.5750000e+02;1.9272414e-01;2.5750000e+02;2.1232609e-01;2.5750000e+02;2.2040641e-01;2.5750000e+02;2.1907285e-01;2.5750000e+02;2.0039113e-01;2.5750000e+02;1.6648690e-01;2.5750000e+02;1.2450853e-01;2.5750000e+02;8.1159562e-02;2.5750000e+02;4.0925816e-02;2.5750000e+02;-5.9149871e-03;2.5750000e+02;-2.4962705e-03;2.5750000e+02;9.3544805e-03;2.5750000e+02;2.6057098e-02;2.5750000e+02;4.7633130e-02;2.5750000e+02;7.1282223e-02;2.5750000e+02;9.8823063e-02;2.5750000e+02;1.3183782e-01;2.5750000e+02;1.6697696e-01;2.5750000e+02;1.9272414e-01;2.5750000e+02;2.1232609e-01;2.5750000e+02;2.2040641e-01;2.5750000e+02;2.1907285e-01;2.5750000e+02;2.0039113e-01;2.5750000e+02;1.6648690e-01;2.5750000e+02;1.2450853e-01;2.5750000e+02;8.1159562e-02;2.5750000e+02;4.0925816e-02;2.5750000e+02;-5.9149871e-03;2.5750000e+02;-2.4962705e-03;2.5750000e+02;9.3544805e-03;2.5750000e+02;2.6057098e-02;2.5750000e+02;4.7633130e-02;2.5750000e+02;7.1282223e-02;2.5750000e+02;9.8823063e-02;2.5750000e+02;1.3183782e-01;2.5750000e+02;1.6697696e-01;2.5750000e+02;1.9272414e-01;2.5750000e+02;2.1232609e-01;2.5750000e+02;2.2040641e-01;2.5750000e+02;2.1907285e-01;2.5750000e+02;2.0039113e-01;2.5750000e+02;1.6648690e-01;2.5750000e+02;1.2450853e-01;2.5750000e+02;8.1159562e-02;2.5750000e+02;4.0925816e-02;2.5750000e+02;-5.9149871e-03;2.5750000e+02;-2.4962705e-03;2.5750000e+02;9.3544805e-03;2.5750000e+02;2.6057098e-02;2.5750000e+02;4.7633130e-02;2.5750000e+02;7.1282223e-02;2.5750000e+02;9.8823063e-02;2.5750000e+02;1.3183782e-01;2.5750000e+02;1.6697696e-01;2.5750000e+02;1.9272414e-01;2.5750000e+02;2.1232609e-01;2.5750000e+02;2.2040641e-01;2.5750000e+02;2.1907285e-01;2.5750000e+02;2.0039113e-01;2.5750000e+02;1.6648690e-01;2.5750000e+02;1.2450853e-01;2.5750000e+02;8.1159562e-02;2.5750000e+02;4.0925816e-02;2.5750000e+02;-5.9149871e-03;2.5750000e+02;-2.4962705e-03;2.5750000e+02;9.3544805e-03;2.5750000e+02;2.6057098e-02;2.5750000e+02;4.7633130e-02;2.5750000e+02;7.1282223e-02;2.5750000e+02;9.8823063e-02;2.5750000e+02;1.3183782e-01;2.5750000e+02;1.6697696e-01;2.5750000e+02;1.9272414e-01;2.5750000e+02;2.1232609e-01;2.5750000e+02;2.2040641e-01;2.5750000e+02;2.1907285e-01;2.5750000e+02;2.0039113e-01;2.5750000e+02;1.6648690e-01;2.5750000e+02;1.2450853e-01;2.5750000e+02;8.1159562e-02;2.5750000e+02;4.0925816e-02;2.5750000e+02;-5.9149871e-03;2.5750000e+02;-2.4962705e-03;2.5750000e+02;9.3544805e-03;2.5750000e+02;2.6057098e-02;2.5750000e+02;4.7633130e-02;2.5750000e+02;7.1282223e-02;2.5750000e+02;9.8823063e-02;2.5750000e+02;1.3183782e-01;2.5750000e+02;1.6697696e-01;2.5750000e+02;1.9272414e-01;2.5750000e+02;2.1232609e-01;2.5750000e+02;2.2040641e-01;2.5750000e+02;2.1907285e-01;2.5750000e+02;2.0039113e-01;2.5750000e+02;1.6648690e-01;2.5750000e+02;1.2450853e-01;2.5750000e+02;8.1159562e-02;2.5750000e+02;4.0925816e-02;2.5750000e+02;-5.9149871e-03;2.5750000e+02;-2.4962705e-03;2.5750000e+02;9.3544805e-03;2.5750000e+02;2.6057098e-02;2.5750000e+02;4.7633130e-02;2.5750000e+02;7.1282223e-02;2.5750000e+02;9.8823063e-02;2.5750000e+02;1.3183782e-01;2.5750000e+02;1.6697696e-01;2.5750000e+02;1.9272414e-01;2.5750000e+02;2.1232609e-01;2.5750000e+02;2.2040641e-01;2.5750000e+02;2.1907285e-01;2.5750000e+02;2.0039113e-01;2.5750000e+02;1.6648690e-01;2.5750000e+02;1.2450853e-01;2.5750000e+02;8.1159562e-02;2.5750000e+02;4.0925816e-02;2.5750000e+02;-5.9149871e-03;2.5750000e+02;-2.4962705e-03;2.5750000e+02;9.3544805e-03;2.5750000e+02;2.6057098e-02;2.5750000e+02;4.7633130e-02;2.5750000e+02;7.1282223e-02;2.5750000e+02;9.8823063e-02;2.5750000e+02;1.3183782e-01;2.5750000e+02;1.6697696e-01;2.5750000e+02;1.9272414e-01;2.5750000e+02;2.1232609e-01;2.5750000e+02;2.2040641e-01;2.5750000e+02;2.1907285e-01;2.5750000e+02;2.0039113e-01;2.5750000e+02;1.6648690e-01;2.5750000e+02;1.2450853e-01;2.5750000e+02;8.1159562e-02;2.5750000e+02;4.0925816e-02;2.5750000e+02;-5.9149871e-03;2.5750000e+02;-2.4962705e-03;2.5750000e+02;9.3544805e-03;2.5750000e+02;2.6057098e-02;2.5750000e+02;4.7633130e-02;2.5750000e+02;7.1282223e-02;2.5750000e+02;9.8823063e-02;2.5750000e+02;1.3183782e-01;2.5750000e+02;1.6697696e-01;2.5750000e+02;1.9272414e-01;2.5750000e+02;2.1232609e-01;2.5750000e+02;2.2040641e-01;2.5750000e+02;2.1907285e-01;2.5750000e+02;2.0039113e-01;2.5750000e+02;1.6648690e-01;2.5750000e+02;1.2450853e-01;2.5750000e+02;8.1159562e-02;2.5750000e+02;4.0925816e-02;2.5750000e+02;-5.9149871e-03;2.5750000e+02;-2.4962705e-03;2.5750000e+02;9.3544805e-03;2.5750000e+02;2.6057098e-02;2.5750000e+02;4.7633130e-02;2.5750000e+02;7.1282223e-02;2.5750000e+02;9.8823063e-02;2.5750000e+02;1.3183782e-01;2.5750000e+02;1.6697696e-01;2.5750000e+02;1.9272414e-01;2.5750000e+02;2.1232609e-01;2.5750000e+02;2.2040641e-01;2.5750000e+02;2.1907285e-01;2.5750000e+02;2.0039113e-01;2.5750000e+02;1.6648690e-01;2.5750000e+02;1.2450853e-01;2.5750000e+02;8.1159562e-02;2.5750000e+02;4.0925816e-02;2.5750000e+02;-5.9149871e-03;2.5750000e+02;-2.4962705e-03;2.5750000e+02;9.3544805e-03;2.5750000e+02;2.6057098e-02;2.5750000e+02;4.7633130e-02;2.5750000e+02;7.1282223e-02;2.5750000e+02;9.8823063e-02;2.5750000e+02;1.3183782e-01;2.5750000e+02;1.6697696e-01;2.5750000e+02;1.9272414e-01;2.5750000e+02;2.1232609e-01;2.5750000e+02;2.2040641e-01;2.5750000e+02;2.1907285e-01;2.5750000e+02;2.0039113e-01;2.5750000e+02;1.6648690e-01;2.5750000e+02;1.2450853e-01;2.5750000e+02;8.1159562e-02;2.5750000e+02;4.0925816e-02;2.5750000e+02;-5.9149871e-03;2.5750000e+02;-2.4962705e-03;2.5750000e+02;9.3544805e-03;2.5750000e+02;2.6057098e-02;2.5750000e+02;4.7633130e-02;2.5750000e+02;7.1282223e-02;2.5750000e+02;9.8823063e-02;2.5750000e+02;1.3183782e-01;2.5750000e+02;1.6697696e-01;2.5750000e+02;1.9272414e-01;2.5750000e+02;2.1232609e-01;2.5750000e+02;2.2040641e-01;2.5750000e+02;2.1907285e-01;2.5750000e+02;2.0039113e-01;2.5750000e+02;1.6648690e-01;2.5750000e+02;1.2450853e-01;2.5750000e+02;8.1159562e-02;2.5750000e+02;4.0925816e-02;2.5750000e+02;-5.9149871e-03;2.5750000e+02;-2.4962705e-03;2.5750000e+02;9.3544805e-03;2.5750000e+02;2.6057098e-02;2.5750000e+02;4.7633130e-02;2.5750000e+02;7.1282223e-02;2.5750000e+02;9.8823063e-02;2.5750000e+02;1.3183782e-01;2.5750000e+02;1.6697696e-01;2.5750000e+02;1.9272414e-01;2.5750000e+02;2.1232609e-01;2.5750000e+02;2.2040641e-01;2.5750000e+02;2.1907285e-01;2.5750000e+02;2.0039113e-01;2.5750000e+02;1.6648690e-01;2.5750000e+02;1.2450853e-01;2.5750000e+02;8.1159562e-02;2.5750000e+02;4.0925816e-02;2.5750000e+02;-5.9149871e-03;2.5750000e+02;-2.4962705e-03;2.5750000e+02;9.3544805e-03;2.5750000e+02;2.6057098e-02;2.5750000e+02;4.7633130e-02;2.5750000e+02;7.1282223e-02;2.5750000e+02;9.8823063e-02;2.5750000e+02;1.3183782e-01;2.5750000e+02;1.6697696e-01;2.5750000e+02;1.9272414e-01;2.5750000e+02;2.1232609e-01;2.5750000e+02;2.2040641e-01;2.5750000e+02;2.1907285e-01;2.5750000e+02;2.0039113e-01;2.5750000e+02;1.6648690e-01;2.5750000e+02;1.2450853e-01;2.5750000e+02;8.1159562e-02;2.5750000e+02;4.0925816e-02;2.5750000e+02;-5.9149871e-03;2.5750000e+02;-2.4962705e-03;2.5750000e+02;9.3544805e-03;2.5750000e+02;2.6057098e-02;2.5750000e+02;4.7633130e-02;2.5750000e+02;7.1282223e-02;2.5750000e+02;9.8823063e-02;2.5750000e+02;1.3183782e-01;2.5750000e+02;1.6697696e-01;2.5750000e+02;1.9272414e-01;2.5750000e+02;2.1232609e-01;2.5750000e+02;2.2040641e-01;2.5750000e+02;2.1907285e-01;2.5750000e+02;2.0039113e-01;2.5750000e+02;1.6648690e-01;2.5750000e+02;1.2450853e-01;2.5750000e+02;8.1159562e-02;2.5750000e+02;4.0925816e-02;2.5750000e+02;-5.9149871e-03;2.5750000e+02;-2.4962705e-03;2.5750000e+02;9.3544805e-03;2.5750000e+02;2.6057098e-02;2.5750000e+02;4.7633130e-02;2.5750000e+02;7.1282223e-02;2.5750000e+02;9.8823063e-02;2.5750000e+02;1.3183782e-01;2.5750000e+02;1.6697696e-01;2.5750000e+02;1.9272414e-01;2.5750000e+02;2.1232609e-01;2.5750000e+02;2.2040641e-01;2.5750000e+02;2.1907285e-01;2.5750000e+02;2.0039113e-01;2.5750000e+02;1.6648690e-01;2.5750000e+02;1.2450853e-01;2.5750000e+02;8.1159562e-02;2.5750000e+02;4.0925816e-02;2.5750000e+02;-5.9149871e-03;2.5750000e+02;-2.4962705e-03;2.5750000e+02;9.3544805e-03;2.5750000e+02;2.6057098e-02;2.5750000e+02;4.7633130e-02;2.5750000e+02;7.1282223e-02;2.5750000e+02;9.8823063e-02;2.5750000e+02;1.3183782e-01;2.5750000e+02;1.6697696e-01;2.5750000e+02;1.9272414e-01;2.5750000e+02;2.1232609e-01;2.5750000e+02;2.2040641e-01;2.5750000e+02;2.1907285e-01;2.5750000e+02;2.0039113e-01;2.5750000e+02;1.6648690e-01;2.5750000e+02;1.2450853e-01;2.5750000e+02;8.1159562e-02;2.5750000e+02;4.0925816e-02;2.5750000e+02;-5.9149871e-03;2.5750000e+02;-2.4962705e-03;2.5750000e+02;9.3544805e-03;2.5750000e+02;2.6057098e-02;2.5750000e+02;4.7633130e-02;2.5750000e+02;7.1282223e-02;2.5750000e+02;9.8823063e-02;2.5750000e+02;1.3183782e-01;2.5750000e+02;1.6697696e-01;2.5750000e+02;1.9272414e-01;2.5750000e+02;2.1232609e-01;2.5750000e+02;2.2040641e-01;2.5750000e+02;2.1907285e-01;2.5750000e+02;2.0039113e-01;2.5750000e+02;1.6648690e-01;2.5750000e+02;1.2450853e-01;2.5750000e+02;8.1159562e-02;2.5750000e+02;4.0925816e-02;2.5750000e+02;-5.9149871e-03;2.5750000e+02;-2.4962705e-03;2.5750000e+02;9.3544805e-03;2.5750000e+02;2.6057098e-02;2.5750000e+02;4.7633130e-02;2.5750000e+02;7.1282223e-02;2.5750000e+02;9.8823063e-02;2.5750000e+02;1.3183782e-01;2.5750000e+02;1.6697696e-01;2.5750000e+02;1.9272414e-01;2.5750000e+02;2.1232609e-01;2.5750000e+02;2.2040641e-01;2.5750000e+02;2.1907285e-01;2.5750000e+02;2.0039113e-01;2.5750000e+02;1.6648690e-01;2.5750000e+02;1.2450853e-01;2.5750000e+02;8.1159562e-02;2.5750000e+02;4.0925816e-02;2.5750000e+02;-5.9149871e-03;2.5750000e+02;-2.4962705e-03;2.5750000e+02;9.3544805e-03;2.5750000e+02;2.6057098e-02;2.5750000e+02;4.7633130e-02;2.5750000e+02;7.1282223e-02;2.5750000e+02;9.8823063e-02;2.5750000e+02;1.3183782e-01;2.5750000e+02;1.6697696e-01;2.5750000e+02;1.9272414e-01;2.5750000e+02;2.1232609e-01;2.5750000e+02;2.2040641e-01;2.5750000e+02;2.1907285e-01;2.5750000e+02;2.0039113e-01;2.5750000e+02;1.6648690e-01;2.5750000e+02;1.2450853e-01;2.5750000e+02;8.1159562e-02;2.5750000e+02;4.0925816e-02;2.5750000e+02;-5.9149871e-03;2.5750000e+02;-2.4962705e-03;2.5750000e+02;9.3544805e-03;2.5750000e+02;2.6057098e-02;2.5750000e+02;4.7633130e-02;2.5750000e+02;7.1282223e-02;2.5750000e+02;9.8823063e-02;2.5750000e+02;1.3183782e-01;2.5750000e+02;1.6697696e-01;2.5750000e+02;1.9272414e-01;2.5750000e+02;2.1232609e-01;2.5750000e+02;2.2040641e-01;2.5750000e+02;2.1907285e-01;2.5750000e+02;2.0039113e-01;2.5750000e+02;1.6648690e-01;2.5750000e+02;1.2450853e-01;2.5750000e+02;8.1159562e-02;2.5750000e+02;4.0925816e-02;2.5750000e+02;-5.9149871e-03;2.5750000e+02;-2.4962705e-03;2.5750000e+02;9.3544805e-03;2.5750000e+02;2.6057098e-02;2.5750000e+02;4.7633130e-02;2.5750000e+02;7.1282223e-02;2.5750000e+02;9.8823063e-02;2.5750000e+02;1.3183782e-01;2.5750000e+02;1.6697696e-01;2.5750000e+02;1.9272414e-01;2.5750000e+02;2.1232609e-01;2.5750000e+02;2.2040641e-01;2.5750000e+02;2.1907285e-01;2.5750000e+02;2.0039113e-01;2.5750000e+02;1.6648690e-01;2.5750000e+02;1.2450853e-01;2.5750000e+02;8.1159562e-02;2.5750000e+02;4.0925816e-02;2.5750000e+02;-5.9149871e-03;2.5750000e+02;-2.4962705e-03;2.5750000e+02;9.3544805e-03;2.5750000e+02;2.6057098e-02;2.5750000e+02;4.7633130e-02;2.5750000e+02;7.1282223e-02;2.5750000e+02;9.8823063e-02;2.5750000e+02;1.3183782e-01;2.5750000e+02;1.6697696e-01;2.5750000e+02;1.9272414e-01;2.5750000e+02;2.1232609e-01;2.5750000e+02;2.2040641e-01;2.5750000e+02;2.1907285e-01;2.5750000e+02;2.0039113e-01;2.5750000e+02;1.6648690e-01;2.5750000e+02;1.2450853e-01;2.5750000e+02;8.1159562e-02;2.5750000e+02;4.0925816e-02;2.5750000e+02;-5.9149871e-03;2.5750000e+02;-2.4962705e-03;2.5750000e+02;9.3544805e-03;2.5750000e+02;2.6057098e-02;2.5750000e+02;4.7633130e-02;2.5750000e+02;7.1282223e-02;2.5750000e+02;9.8823063e-02;2.5750000e+02;1.3183782e-01;2.5750000e+02;1.6697696e-01;2.5750000e+02;1.9272414e-01;2.5750000e+02;2.1232609e-01;2.5750000e+02;2.2040641e-01;2.5750000e+02;2.1907285e-01;2.5750000e+02;2.0039113e-01;2.5750000e+02;1.6648690e-01;2.5750000e+02;1.2450853e-01;2.5750000e+02;8.1159562e-02;2.5750000e+02;4.0925816e-02;2.5750000e+02;-5.9149871e-03;2.5750000e+02;-2.4962705e-03;2.5750000e+02;9.3544805e-03;2.5750000e+02;2.6057098e-02;2.5750000e+02;4.7633130e-02;2.5750000e+02;7.1282223e-02;2.5750000e+02;9.8823063e-02;2.5750000e+02;1.3183782e-01;2.5750000e+02;1.6697696e-01;2.5750000e+02;1.9272414e-01;2.5750000e+02;2.1232609e-01;2.5750000e+02;2.2040641e-01;2.5750000e+02;2.1907285e-01;2.5750000e+02;2.0039113e-01;2.5750000e+02;1.6648690e-01;2.5750000e+02;1.2450853e-01;2.5750000e+02;8.1159562e-02;2.5750000e+02;4.0925816e-02;2.5750000e+02;-5.9149871e-03;2.5750000e+02;-2.4962705e-03;2.5750000e+02;9.3544805e-03;2.5750000e+02;2.6057098e-02;2.5750000e+02;4.7633130e-02;2.5750000e+02;7.1282223e-02;2.5750000e+02;9.8823063e-02;2.5750000e+02;1.3183782e-01;2.5750000e+02;1.6697696e-01;2.5750000e+02;1.9272414e-01;2.5750000e+02;2.1232609e-01;2.5750000e+02;2.2040641e-01;2.5750000e+02;2.1907285e-01;2.5750000e+02;2.0039113e-01;2.5750000e+02;1.6648690e-01;2.5750000e+02;1.2450853e-01;2.5750000e+02;8.1159562e-02;2.5750000e+02;4.0925816e-02;2.5750000e+02;-5.9149871e-03;2.5750000e+02;-2.4962705e-03;2.5750000e+02;9.3544805e-03;2.5750000e+02;2.6057098e-02;2.5750000e+02;4.7633130e-02;2.5750000e+02;7.1282223e-02;2.5750000e+02;9.8823063e-02;2.5750000e+02;1.3183782e-01;2.5750000e+02;1.6697696e-01;2.5750000e+02;1.9272414e-01;2.5750000e+02;2.1232609e-01;2.5750000e+02;2.2040641e-01;2.5750000e+02;2.1907285e-01;2.5750000e+02;2.0039113e-01;2.5750000e+02;1.6648690e-01;2.5750000e+02;1.2450853e-01;2.5750000e+02;8.1159562e-02;2.5750000e+02;4.0925816e-02;2.5750000e+02;-5.9149871e-03;2.5750000e+02;-2.4962705e-03;2.5750000e+02;9.3544805e-03;2.5750000e+02;2.6057098e-02;2.5750000e+02;4.7633130e-02;2.5750000e+02;7.1282223e-02;2.5750000e+02;9.8823063e-02;2.5750000e+02;1.3183782e-01;2.5750000e+02;1.6697696e-01;2.5750000e+02;1.9272414e-01;2.5750000e+02;2.1232609e-01;2.5750000e+02;2.2040641e-01;2.5750000e+02;2.1907285e-01;2.5750000e+02;2.0039113e-01;2.5750000e+02;1.6648690e-01;2.5750000e+02;1.2450853e-01;2.5750000e+02;8.1159562e-02;2.5750000e+02;4.0925816e-02;2.5750000e+02;-5.9149871e-03;2.5750000e+02;-2.4962705e-03;2.5750000e+02;9.3544805e-03;2.5750000e+02;2.6057098e-02;2.5750000e+02;4.7633130e-02;2.5750000e+02;7.1282223e-02;2.5750000e+02;9.8823063e-02;2.5750000e+02;1.3183782e-01;2.5750000e+02;1.6697696e-01;2.5750000e+02;1.9272414e-01;2.5750000e+02;2.1232609e-01;2.5750000e+02;2.2040641e-01;2.5750000e+02;2.1907285e-01;2.5750000e+02;2.0039113e-01;2.5750000e+02;1.6648690e-01;2.5750000e+02;1.2450853e-01;2.5750000e+02;8.1159562e-02;2.5750000e+02;4.0925816e-02;2.5750000e+02;-5.9149871e-03;2.5750000e+02;-2.4962705e-03;2.5750000e+02;9.3544805e-03;2.5750000e+02;2.6057098e-02;2.5750000e+02;4.7633130e-02;2.5750000e+02;7.1282223e-02;2.5750000e+02;9.8823063e-02;2.5750000e+02;1.3183782e-01;2.5750000e+02;1.6697696e-01;2.5750000e+02;1.9272414e-01;2.5750000e+02;2.1232609e-01;2.5750000e+02;2.2040641e-01;2.5750000e+02;2.1907285e-01;2.5750000e+02;2.0039113e-01;2.5750000e+02;1.6648690e-01;2.5750000e+02;1.2450853e-01;2.5750000e+02;8.1159562e-02;2.5750000e+02;4.0925816e-02;2.5750000e+02;-5.9149871e-03;2.5750000e+02;-2.4962705e-03;2.5750000e+02;9.3544805e-03;2.5750000e+02;2.6057098e-02;2.5750000e+02;4.7633130e-02;2.5750000e+02;7.1282223e-02;2.5750000e+02;9.8823063e-02;2.5750000e+02;1.3183782e-01;2.5750000e+02;1.6697696e-01;2.5750000e+02;1.9272414e-01;2.5750000e+02;2.1232609e-01;2.5750000e+02;2.2040641e-01;2.5750000e+02;2.1907285e-01;2.5750000e+02;2.0039113e-01;2.5750000e+02;1.6648690e-01;2.5750000e+02;1.2450853e-01;2.5750000e+02;8.1159562e-02;2.5750000e+02;4.0925816e-02;2.5750000e+02;-5.9149871e-03;2.5750000e+02;-2.4962705e-03;2.5750000e+02;9.3544805e-03;2.5750000e+02;2.6057098e-02;2.5750000e+02;4.7633130e-02;2.5750000e+02;7.1282223e-02;2.5750000e+02;9.8823063e-02;2.5750000e+02;1.3183782e-01;2.5750000e+02;1.6697696e-01;2.5750000e+02;1.9272414e-01;2.5750000e+02;2.1232609e-01;2.5750000e+02;2.2040641e-01;2.5750000e+02;2.1907285e-01;2.5750000e+02;2.0039113e-01;2.5750000e+02;1.6648690e-01;2.5750000e+02;1.2450853e-01;2.5750000e+02;8.1159562e-02;2.5750000e+02;4.0925816e-02;2.5750000e+02;-5.9149871e-03;2.5750000e+02;-2.4962705e-03;2.5750000e+02;9.3544805e-03;2.5750000e+02;2.6057098e-02;2.5750000e+02;4.7633130e-02;2.5750000e+02;7.1282223e-02;2.5750000e+02;9.8823063e-02;2.5750000e+02;1.3183782e-01;2.5750000e+02;1.6697696e-01;2.5750000e+02;1.9272414e-01;2.5750000e+02;2.1232609e-01;2.5750000e+02;2.2040641e-01;2.5750000e+02;2.1907285e-01;2.5750000e+02;2.0039113e-01;2.5750000e+02;1.6648690e-01;2.5750000e+02;1.2450853e-01;2.5750000e+02;8.1159562e-02;2.5750000e+02;4.0925816e-02;2.5750000e+02;-5.9149871e-03;2.5750000e+02;-2.4962705e-03;2.5750000e+02;9.3544805e-03;2.5750000e+02;2.6057098e-02;2.5750000e+02;4.7633130e-02;2.5750000e+02;7.1282223e-02;2.5750000e+02;9.8823063e-02;2.5750000e+02;1.3183782e-01;2.5750000e+02;1.6697696e-01;2.5750000e+02;1.9272414e-01;2.5750000e+02;2.1232609e-01;2.5750000e+02;2.2040641e-01;2.5750000e+02;2.1907285e-01;2.5750000e+02;2.0039113e-01;2.5750000e+02;1.6648690e-01;2.5750000e+02;1.2450853e-01;2.5750000e+02;8.1159562e-02;2.5750000e+02;4.0925816e-02;2.5750000e+02;-5.9149871e-03;2.5750000e+02;-2.4962705e-03;2.5750000e+02;9.3544805e-03;2.5750000e+02;2.6057098e-02;2.5750000e+02;4.7633130e-02;2.5750000e+02;7.1282223e-02;2.5750000e+02;9.8823063e-02;2.5750000e+02;1.3183782e-01;2.5750000e+02;1.6697696e-01;2.5750000e+02;1.9272414e-01;2.5750000e+02;2.1232609e-01;2.5750000e+02;2.2040641e-01;2.5750000e+02;2.1907285e-01;2.5750000e+02;2.0039113e-01;2.5750000e+02;1.6648690e-01;2.5750000e+02;1.2450853e-01;2.5750000e+02;8.1159562e-02;2.5750000e+02;4.0925816e-02;2.5750000e+02;-5.9149871e-03;2.5750000e+02;-2.4962705e-03;2.5750000e+02;9.3544805e-03;2.5750000e+02;2.6057098e-02;2.5750000e+02;4.7633130e-02;2.5750000e+02;7.1282223e-02;2.5750000e+02;9.8823063e-02;2.5750000e+02;1.3183782e-01;2.5750000e+02;1.6697696e-01;2.5750000e+02;1.9272414e-01;2.5750000e+02;2.1232609e-01;2.5750000e+02;2.2040641e-01;2.5750000e+02;2.1907285e-01;2.5750000e+02;2.0039113e-01;2.5750000e+02;1.6648690e-01;2.5750000e+02;1.2450853e-01;2.5750000e+02;8.1159562e-02;2.5750000e+02;4.0925816e-02
2.6250000e+02;-6.1384775e-03;2.6250000e+02;-4.2474987e-03;2.6250000e+02;4.5807017e-03;2.6250000e+02;2.0901324e-02;2.6250000e+02;4.4679336e-02;2.6250000e+02;7.0701011e-02;2.6250000e+02;1.0173568e-01;2.6250000e+02;1.3776456e-01;2.6250000e+02;1.7532545e-01;2.6250000e+02;2.0218208e-01;2.6250000e+02;2.1961865e-01;2.6250000e+02;2.2329634e-01;2.6250000e+02;2.1662477e-01;2.6250000e+02;1.9458684e-01;2.6250000e+02;1.5983751e-01;2.6250000e+02;1.1888196e-01;2.6250000e+02;7.7093169e-02;2.6250000e+02;3.7537523e-02;2.6250000e+02;-6.1384775e-03;2.6250000e+02;-4.2474987e-03;2.6250000e+02;4.5807017e-03;2.6250000e+02;2.0901324e-02;2.6250000e+02;4.4679336e-02;2.6250000e+02;7.0701011e-02;2.6250000e+02;1.0173568e-01;2.6250000e+02;1.3776456e-01;2.6250000e+02;1.7532545e-01;2.6250000e+02;2.0218208e-01;2.6250000e+02;2.1961865e-01;2.6250000e+02;2.2329634e-01;2.6250000e+02;2.1662477e-01;2.6250000e+02;1.9458684e-01;2.6250000e+02;1.5983751e-01;2.6250000e+02;1.1888196e-01;2.6250000e+02;7.7093169e-02;2.6250000e+02;3.7537523e-02;2.6250000e+02;-6.1384775e-03;2.6250000e+02;-4.2474987e-03;2.6250000e+02;4.5807017e-03;2.6250000e+02;2.0901324e-02;2.6250000e+02;4.4679336e-02;2.6250000e+02;7.0701011e-02;2.6250000e+02;1.0173568e-01;2.6250000e+02;1.3776456e-01;2.6250000e+02;1.7532545e-01;2.6250000e+02;2.0218208e-01;2.6250000e+02;2.1961865e-01;2.6250000e+02;2.2329634e-01;2.6250000e+02;2.1662477e-01;2.6250000e+02;1.9458684e-01;2.6250000e+02;1.5983751e-01;2.6250000e+02;1.1888196e-01;2.6250000e+02;7.7093169e-02;2.6250000e+02;3.7537523e-02;2.6250000e+02;-6.1384775e-03;2.6250000e+02;-4.2474987e-03;2.6250000e+02;4.5807017e-03;2.6250000e+02;2.0901324e-02;2.6250000e+02;4.4679336e-02;2.6250000e+02;7.0701011e-02;2.6250000e+02;1.0173568e-01;2.6250000e+02;1.3776456e-01;2.6250000e+02;1.7532545e-01;2.6250000e+02;2.0218208e-01;2.6250000e+02;2.1961865e-01;2.6250000e+02;2.2329634e-01;2.6250000e+02;2.1662477e-01;2.6250000e+02;1.9458684e-01;2.6250000e+02;1.5983751e-01;2.6250000e+02;1.1888196e-01;2.6250000e+02;7.7093169e-02;2.6250000e+02;3.7537523e-02;2.6250000e+02;-6.1384775e-03;2.6250000e+02;-4.2474987e-03;2.6250000e+02;4.5807017e-03;2.6250000e+02;2.0901324e-02;2.6250000e+02;4.4679336e-02;2.6250000e+02;7.0701011e-02;2.6250000e+02;1.0173568e-01;2.6250000e+02;1.3776456e-01;2.6250000e+02;1.7532545e-01;2.6250000e+02;2.0218208e-01;2.6250000e+02;2.1961865e-01;2.6250000e+02;2.2329634e-01;2.6250000e+02;2.1662477e-01;2.6250000e+02;1.9458684e-01;2.6250000e+02;1.5983751e-01;2.6250000e+02;1.1888196e-01;2.6250000e+02;7.7093169e-02;2.6250000e+02;3.7537523e-02;2.6250000e+02;-6.1384775e-03;2.6250000e+02;-4.2474987e-03;2.6250000e+02;4.5807017e-03;2.6250000e+02;2.0901324e-02;2.6250000e+02;4.4679336e-02;2.6250000e+02;7.0701011e-02;2.6250000e+02;1.0173568e-01;2.6250000e+02;1.3776456e-01;2.6250000e+02;1.7532545e-01;2.6250000e+02;2.0218208e-01;2.6250000e+02;2.1961865e-01;2.6250000e+02;2.2329634e-01;2.6250000e+02;2.1662477e-01;2.6250000e+02;1.9458684e-01;2.6250000e+02;1.5983751e-01;2.6250000e+02;1.1888196e-01;2.6250000e+02;7.7093169e-02;2.6250000e+02;3.7537523e-02;2.6250000e+02;-6.1384775e-03;2.6250000e+02;-4.2474987e-03;2.6250000e+02;4.5807017e-03;2.6250000e+02;2.0901324e-02;2.6250000e+02;4.4679336e-02;2.6250000e+02;7.0701011e-02;2.6250000e+02;1.0173568e-01;2.6250000e+02;1.3776456e-01;2.6250000e+02;1.7532545e-01;2.6250000e+02;2.0218208e-01;2.6250000e+02;2.1961865e-01;2.6250000e+02;2.2329634e-01;2.6250000e+02;2.1662477e-01;2.6250000e+02;1.9458684e-01;2.6250000e+02;1.5983751e-01;2.6250000e+02;1.1888196e-01;2.6250000e+02;7.7093169e-02;2.6250000e+02;3.7537523e-02;2.6250000e+02;-6.1384775e-03;2.6250000e+02;-4.2474987e-03;2.6250000e+02;4.5807017e-03;2.6250000e+02;2.0901324e-02;2.6250000e+02;4.4679336e-02;2.6250000e+02;7.0701011e-02;2.6250000e+02;1.0173568e-01;2.6250000e+02;1.3776456e-01;2.6250000e+02;1.7532545e-01;2.6250000e+02;2.0218208e-01;2.6250000e+02;2.1961865e-01;2.6250000e+02;2.2329634e-01;2.6250000e+02;2.1662477e-01;2.6250000e+02;1.9458684e-01;2.6250000e+02;1.5983751e-01;2.6250000e+02;1.1888196e-01;2.6250000e+02;7.7093169e-02;2.6250000e+02;3.7537523e-02;2.6250000e+02;-6.1384775e-03;2.6250000e+02;-4.2474987e-03;2.6250000e+02;4.5807017e-03;2.6250000e+02;2.0901324e-02;2.6250000e+02;4.4679336e-02;2.6250000e+02;7.0701011e-02;2.6250000e+02;1.0173568e-01;2.6250000e+02;1.3776456e-01;2.6250000e+02;1.7532545e-01;2.6250000e+02;2.0218208e-01;2.6250000e+02;2.1961865e-01;2.6250000e+02;2.2329634e-01;2.6250000e+02;2.1662477e-01;2.6250000e+02;1.9458684e-01;2.6250000e+02;1.5983751e-01;2.6250000e+02;1.1888196e-01;2.6250000e+02;7.7093169e-02;2.6250000e+02;3.7537523e-02;2.6250000e+02;-6.1384775e-03;2.6250000e+02;-4.2474987e-03;2.6250000e+02;4.5807017e-03;2.6250000e+02;2.0901324e-02;2.6250000e+02;4.4679336e-02;2.6250000e+02;7.0701011e-02;2.6250000e+02;1.0173568e-01;2.6250000e+02;1.3776456e-01;2.6250000e+02;1.7532545e-01;2.6250000e+02;2.0218208e-01;2.6250000e+02;2.1961865e-01;2.6250000e+02;2.2329634e-01;2.6250000e+02;2.1662477e-01;2.6250000e+02;1.9458684e-01;2.6250000e+02;1.5983751e-01;2.6250000e+02;1.1888196e-01;2.6250000e+02;7.7093169e-02;2.6250000e+02;3.7537523e-02;2.6250000e+02;-6.1384775e-03;2.6250000e+02;-4.2474987e-03;2.6250000e+02;4.5807017e-03;2.6250000e+02;2.0901324e-02;2.6250000e+02;4.4679336e-02;2.6250000e+02;7.0701011e-02;2.6250000e+02;1.0173568e-01;2.6250000e+02;1.3776456e-01;2.6250000e+02;1.7532545e-01;2.6250000e+02;2.0218208e-01;2.6250000e+02;2.1961865e-01;2.6250000e+02;2.2329634e-01;2.6250000e+02;2.1662477e-01;2.6250000e+02;1.9458684e-01;2.6250000e+02;1.5983751e-01;2.6250000e+02;1.1888196e-01;2.6250000e+02;7.7093169e-02;2.6250000e+02;3.7537523e-02;2.6250000e+02;-6.1384775e-03;2.6250000e+02;-4.2474987e-03;2.6250000e+02;4.5807017e-03;2.6250000e+02;2.0901324e-02;2.6250000e+02;4.4679336e-02;2.6250000e+02;7.0701011e-02;2.6250000e+02;1.0173568e-01;2.6250000e+02;1.3776456e-01;2.6250000e+02;1.7532545e-01;2.6250000e+02;2.0218208e-01;2.6250000e+02;2.1961865e-01;2.6250000e+02;2.2329634e-01;2.6250000e+02;2.1662477e-01;2.6250000e+02;1.9458684e-01;2.6250000e+02;1.5983751e-01;2.6250000e+02;1.1888196e-01;2.6250000e+02;7.7093169e-02;2.6250000e+02;3.7537523e-02;2.6250000e+02;-6.1384775e-03;2.6250000e+02;-4.2474987e-03;2.6250000e+02;4.5807017e-03;2.6250000e+02;2.0901324e-02;2.6250000e+02;4.4679336e-02;2.6250000e+02;7.0701011e-02;2.6250000e+02;1.0173568e-01;2.6250000e+02;1.3776456e-01;2.6250000e+02;1.7532545e-01;2.6250000e+02;2.0218208e-01;2.6250000e+02;2.1961865e-01;2.6250000e+02;2.2329634e-01;2.6250000e+02;2.1662477e-01;2.6250000e+02;1.9458684e-01;2.6250000e+02;1.5983751e-01;2.6250000e+02;1.1888196e-01;2.6250000e+02;7.7093169e-02;2.6250000e+02;3.7537523e-02;2.6250000e+02;-6.1384775e-03;2.6250000e+02;-4.2474987e-03;2.6250000e+02;4.5807017e-03;2.6250000e+02;2.0901324e-02;2.6250000e+02;4.4679336e-02;2.6250000e+02;7.0701011e-02;2.6250000e+02;1.0173568e-01;2.6250000e+02;1.3776456e-01;2.6250000e+02;1.7532545e-01;2.6250000e+02;2.0218208e-01;2.6250000e+02;2.1961865e-01;2.6250000e+02;2.2329634e-01;2.6250000e+02;2.1662477e-01;2.6250000e+02;1.9458684e-01;2.6250000e+02;1.5983751e-01;2.6250000e+02;1.1888196e-01;2.6250000e+02;7.7093169e-02;2.6250000e+02;3.7537523e-02;2.6250000e+02;-6.1384775e-03;2.6250000e+02;-4.2474987e-03;2.6250000e+02;4.5807017e-03;2.6250000e+02;2.0901324e-02;2.6250000e+02;4.4679336e-02;2.6250000e+02;7.0701011e-02;2.6250000e+02;1.0173568e-01;2.6250000e+02;1.3776456e-01;2.6250000e+02;1.7532545e-01;2.6250000e+02;2.0218208e-01;2.6250000e+02;2.1961865e-01;2.6250000e+02;2.2329634e-01;2.6250000e+02;2.1662477e-01;2.6250000e+02;1.9458684e-01;2.6250000e+02;1.5983751e-01;2.6250000e+02;1.1888196e-01;2.6250000e+02;7.7093169e-02;2.6250000e+02;3.7537523e-02;2.6250000e+02;-6.1384775e-03;2.6250000e+02;-4.2474987e-03;2.6250000e+02;4.5807017e-03;2.6250000e+02;2.0901324e-02;2.6250000e+02;4.4679336e-02;2.6250000e+02;7.0701011e-02;2.6250000e+02;1.0173568e-01;2.6250000e+02;1.3776456e-01;2.6250000e+02;1.7532545e-01;2.6250000e+02;2.0218208e-01;2.6250000e+02;2.1961865e-01;2.6250000e+02;2.2329634e-01;2.6250000e+02;2.1662477e-01;2.6250000e+02;1.9458684e-01;2.6250000e+02;1.5983751e-01;2.6250000e+02;1.1888196e-01;2.6250000e+02;7.7093169e-02;2.6250000e+02;3.7537523e-02;2.6250000e+02;-6.1384775e-03;2.6250000e+02;-4.2474987e-03;2.6250000e+02;4.5807017e-03;2.6250000e+02;2.0901324e-02;2.6250000e+02;4.4679336e-02;2.6250000e+02;7.0701011e-02;2.6250000e+02;1.0173568e-01;2.6250000e+02;1.3776456e-01;2.6250000e+02;1.7532545e-01;2.6250000e+02;2.0218208e-01;2.6250000e+02;2.1961865e-01;2.6250000e+02;2.2329634e-01;2.6250000e+02;2.1662477e-01;2.6250000e+02;1.9458684e-01;2.6250000e+02;1.5983751e-01;2.6250000e+02;1.1888196e-01;2.6250000e+02;7.7093169e-02;2.6250000e+02;3.7537523e-02;2.6250000e+02;-6.1384775e-03;2.6250000e+02;-4.2474987e-03;2.6250000e+02;4.5807017e-03;2.6250000e+02;2.0901324e-02;2.6250000e+02;4.4679336e-02;2.6250000e+02;7.0701011e-02;2.6250000e+02;1.0173568e-01;2.6250000e+02;1.3776456e-01;2.6250000e+02;1.7532545e-01;2.6250000e+02;2.0218208e-01;2.6250000e+02;2.1961865e-01;2.6250000e+02;2.2329634e-01;2.6250000e+02;2.1662477e-01;2.6250000e+02;1.9458684e-01;2.6250000e+02;1.5983751e-01;2.6250000e+02;1.1888196e-01;2.6250000e+02;7.7093169e-02;2.6250000e+02;3.7537523e-02;2.6250000e+02;-6.1384775e-03;2.6250000e+02;-4.2474987e-03;2.6250000e+02;4.5807017e-03;2.6250000e+02;2.0901324e-02;2.6250000e+02;4.4679336e-02;2.6250000e+02;7.0701011e-02;2.6250000e+02;1.0173568e-01;2.6250000e+02;1.3776456e-01;2.6250000e+02;1.7532545e-01;2.6250000e+02;2.0218208e-01;2.6250000e+02;2.1961865e-01;2.6250000e+02;2.2329634e-01;2.6250000e+02;2.1662477e-01;2.6250000e+02;1.9458684e-01;2.6250000e+02;1.5983751e-01;2.6250000e+02;1.1888196e-01;2.6250000e+02;7.7093169e-02;2.6250000e+02;3.7537523e-02;2.6250000e+02;-6.1384775e-03;2.6250000e+02;-4.2474987e-03;2.6250000e+02;4.5807017e-03;2.6250000e+02;2.0901324e-02;2.6250000e+02;4.4679336e-02;2.6250000e+02;7.0701011e-02;2.6250000e+02;1.0173568e-01;2.6250000e+02;1.3776456e-01;2.6250000e+02;1.7532545e-01;2.6250000e+02;2.0218208e-01;2.6250000e+02;2.1961865e-01;2.6250000e+02;2.2329634e-01;2.6250000e+02;2.1662477e-01;2.6250000e+02;1.9458684e-01;2.6250000e+02;1.5983751e-01;2.6250000e+02;1.1888196e-01;2.6250000e+02;7.7093169e-02;2.6250000e+02;3.7537523e-02;2.6250000e+02;-6.1384775e-03;2.6250000e+02;-4.2474987e-03;2.6250000e+02;4.5807017e-03;2.6250000e+02;2.0901324e-02;2.6250000e+02;4.4679336e-02;2.6250000e+02;7.0701011e-02;2.6250000e+02;1.0173568e-01;2.6250000e+02;1.3776456e-01;2.6250000e+02;1.7532545e-01;2.6250000e+02;2.0218208e-01;2.6250000e+02;2.1961865e-01;2.6250000e+02;2.2329634e-01;2.6250000e+02;2.1662477e-01;2.6250000e+02;1.9458684e-01;2.6250000e+02;1.5983751e-01;2.6250000e+02;1.1888196e-01;2.6250000e+02;7.7093169e-02;2.6250000e+02;3.7537523e-02;2.6250000e+02;-6.1384775e-03;2.6250000e+02;-4.2474987e-03;2.6250000e+02;4.5807017e-03;2.6250000e+02;2.0901324e-02;2.6250000e+02;4.4679336e-02;2.6250000e+02;7.0701011e-02;2.6250000e+02;1.0173568e-01;2.6250000e+02;1.3776456e-01;2.6250000e+02;1.7532545e-01;2.6250000e+02;2.0218208e-01;2.6250000e+02;2.1961865e-01;2.6250000e+02;2.2329634e-01;2.6250000e+02;2.1662477e-01;2.6250000e+02;1.9458684e-01;2.6250000e+02;1.5983751e-01;2.6250000e+02;1.1888196e-01;2.6250000e+02;7.7093169e-02;2.6250000e+02;3.7537523e-02;2.6250000e+02;-6.1384775e-03;2.6250000e+02;-4.2474987e-03;2.6250000e+02;4.5807017e-03;2.6250000e+02;2.0901324e-02;2.6250000e+02;4.4679336e-02;2.6250000e+02;7.0701011e-02;2.6250000e+02;1.0173568e-01;2.6250000e+02;1.3776456e-01;2.6250000e+02;1.7532545e-01;2.6250000e+02;2.0218208e-01;2.6250000e+02;2.1961865e-01;2.6250000e+02;2.2329634e-01;2.6250000e+02;2.1662477e-01;2.6250000e+02;1.9458684e-01;2.6250000e+02;1.5983751e-01;2.6250000e+02;1.1888196e-01;2.6250000e+02;7.7093169e-02;2.6250000e+02;3.7537523e-02;2.6250000e+02;-6.1384775e-03;2.6250000e+02;-4.2474987e-03;2.6250000e+02;4.5807017e-03;2.6250000e+02;2.0901324e-02;2.6250000e+02;4.4679336e-02;2.6250000e+02;7.0701011e-02;2.6250000e+02;1.0173568e-01;2.6250000e+02;1.3776456e-01;2.6250000e+02;1.7532545e-01;2.6250000e+02;2.0218208e-01;2.6250000e+02;2.1961865e-01;2.6250000e+02;2.2329634e-01;2.6250000e+02;2.1662477e-01;2.6250000e+02;1.9458684e-01;2.6250000e+02;1.5983751e-01;2.6250000e+02;1.1888196e-01;2.6250000e+02;7.7093169e-02;2.6250000e+02;3.7537523e-02;2.6250000e+02;-6.1384775e-03;2.6250000e+02;-4.2474987e-03;2.6250000e+02;4.5807017e-03;2.6250000e+02;2.0901324e-02;2.6250000e+02;4.4679336e-02;2.6250000e+02;7.0701011e-02;2.6250000e+02;1.0173568e-01;2.6250000e+02;1.3776456e-01;2.6250000e+02;1.7532545e-01;2.6250000e+02;2.0218208e-01;2.6250000e+02;2.1961865e-01;2.6250000e+02;2.2329634e-01;2.6250000e+02;2.1662477e-01;2.6250000e+02;1.9458684e-01;2.6250000e+02;1.5983751e-01;2.6250000e+02;1.1888196e-01;2.6250000e+02;7.7093169e-02;2.6250000e+02;3.7537523e-02;2.6250000e+02;-6.1384775e-03;2.6250000e+02;-4.2474987e-03;2.6250000e+02;4.5807017e-03;2.6250000e+02;2.0901324e-02;2.6250000e+02;4.4679336e-02;2.6250000e+02;7.0701011e-02;2.6250000e+02;1.0173568e-01;2.6250000e+02;1.3776456e-01;2.6250000e+02;1.7532545e-01;2.6250000e+02;2.0218208e-01;2.6250000e+02;2.1961865e-01;2.6250000e+02;2.2329634e-01;2.6250000e+02;2.1662477e-01;2.6250000e+02;1.9458684e-01;2.6250000e+02;1.5983751e-01;2.6250000e+02;1.1888196e-01;2.6250000e+02;7.7093169e-02;2.6250000e+02;3.7537523e-02;2.6250000e+02;-6.1384775e-03;2.6250000e+02;-4.2474987e-03;2.6250000e+02;4.5807017e-03;2.6250000e+02;2.0901324e-02;2.6250000e+02;4.4679336e-02;2.6250000e+02;7.0701011e-02;2.6250000e+02;1.0173568e-01;2.6250000e+02;1.3776456e-01;2.6250000e+02;1.7532545e-01;2.6250000e+02;2.0218208e-01;2.6250000e+02;2.1961865e-01;2.6250000e+02;2.2329634e-01;2.6250000e+02;2.1662477e-01;2.6250000e+02;1.9458684e-01;2.6250000e+02;1.5983751e-01;2.6250000e+02;1.1888196e-01;2.6250000e+02;7.7093169e-02;2.6250000e+02;3.7537523e-02;2.6250000e+02;-6.1384775e-03;2.6250000e+02;-4.2474987e-03;2.6250000e+02;4.5807017e-03;2.6250000e+02;2.0901324e-02;2.6250000e+02;4.4679336e-02;2.6250000e+02;7.0701011e-02;2.6250000e+02;1.0173568e-01;2.6250000e+02;1.3776456e-01;2.6250000e+02;1.7532545e-01;2.6250000e+02;2.0218208e-01;2.6250000e+02;2.1961865e-01;2.6250000e+02;2.2329634e-01;2.6250000e+02;2.1662477e-01;2.6250000e+02;1.9458684e-01;2.6250000e+02;1.5983751e-01;2.6250000e+02;1.1888196e-01;2.6250000e+02;7.7093169e-02;2.6250000e+02;3.7537523e-02;2.6250000e+02;-6.1384775e-03;2.6250000e+02;-4.2474987e-03;2.6250000e+02;4.5807017e-03;2.6250000e+02;2.0901324e-02;2.6250000e+02;4.4679336e-02;2.6250000e+02;7.0701011e-02;2.6250000e+02;1.0173568e-01;2.6250000e+02;1.3776456e-01;2.6250000e+02;1.7532545e-01;2.6250000e+02;2.0218208e-01;2.6250000e+02;2.1961865e-01;2.6250000e+02;2.2329634e-01;2.6250000e+02;2.1662477e-01;2.6250000e+02;1.9458684e-01;2.6250000e+02;1.5983751e-01;2.6250000e+02;1.1888196e-01;2.6250000e+02;7.7093169e-02;2.6250000e+02;3.7537523e-02;2.6250000e+02;-6.1384775e-03;2.6250000e+02;-4.2474987e-03;2.6250000e+02;4.5807017e-03;2.6250000e+02;2.0901324e-02;2.6250000e+02;4.4679336e-02;2.6250000e+02;7.0701011e-02;2.6250000e+02;1.0173568e-01;2.6250000e+02;1.3776456e-01;2.6250000e+02;1.7532545e-01;2.6250000e+02;2.0218208e-01;2.6250000e+02;2.1961865e-01;2.6250000e+02;2.2329634e-01;2.6250000e+02;2.1662477e-01;2.6250000e+02;1.9458684e-01;2.6250000e+02;1.5983751e-01;2.6250000e+02;1.1888196e-01;2.6250000e+02;7.7093169e-02;2.6250000e+02;3.7537523e-02;2.6250000e+02;-6.1384775e-03;2.6250000e+02;-4.2474987e-03;2.6250000e+02;4.5807017e-03;2.6250000e+02;2.0901324e-02;2.6250000e+02;4.4679336e-02;2.6250000e+02;7.0701011e-02;2.6250000e+02;1.0173568e-01;2.6250000e+02;1.3776456e-01;2.6250000e+02;1.7532545e-01;2.6250000e+02;2.0218208e-01;2.6250000e+02;2.1961865e-01;2.6250000e+02;2.2329634e-01;2.6250000e+02;2.1662477e-01;2.6250000e+02;1.9458684e-01;2.6250000e+02;1.5983751e-01;2.6250000e+02;1.1888196e-01;2.6250000e+02;7.7093169e-02;2.6250000e+02;3.7537523e-02;2.6250000e+02;-6.1384775e-03;2.6250000e+02;-4.2474987e-03;2.6250000e+02;4.5807017e-03;2.6250000e+02;2.0901324e-02;2.6250000e+02;4.4679336e-02;2.6250000e+02;7.0701011e-02;2.6250000e+02;1.0173568e-01;2.6250000e+02;1.3776456e-01;2.6250000e+02;1.7532545e-01;2.6250000e+02;2.0218208e-01;2.6250000e+02;2.1961865e-01;2.6250000e+02;2.2329634e-01;2.6250000e+02;2.1662477e-01;2.6250000e+02;1.9458684e-01;2.6250000e+02;1.5983751e-01;2.6250000e+02;1.1888196e-01;2.6250000e+02;7.7093169e-02;2.6250000e+02;3.7537523e-02;2.6250000e+02;-6.1384775e-03;2.6250000e+02;-4.2474987e-03;2.6250000e+02;4.5807017e-03;2.6250000e+02;2.0901324e-02;2.6250000e+02;4.4679336e-02;2.6250000e+02;7.0701011e-02;2.6250000e+02;1.0173568e-01;2.6250000e+02;1.3776456e-01;2.6250000e+02;1.7532545e-01;2.6250000e+02;2.0218208e-01;2.6250000e+02;2.1961865e-01;2.6250000e+02;2.2329634e-01;2.6250000e+02;2.1662477e-01;2.6250000e+02;1.9458684e-01;2.6250000e+02;1.5983751e-01;2.6250000e+02;1.1888196e-01;2.6250000e+02;7.7093169e-02;2.6250000e+02;3.7537523e-02;2.6250000e+02;-6.1384775e-03;2.6250000e+02;-4.2474987e-03;2.6250000e+02;4.5807017e-03;2.6250000e+02;2.0901324e-02;2.6250000e+02;4.4679336e-02;2.6250000e+02;7.0701011e-02;2.6250000e+02;1.0173568e-01;2.6250000e+02;1.3776456e-01;2.6250000e+02;1.7532545e-01;2.6250000e+02;2.0218208e-01;2.6250000e+02;2.1961865e-01;2.6250000e+02;2.2329634e-01;2.6250000e+02;2.1662477e-01;2.6250000e+02;1.9458684e-01;2.6250000e+02;1.5983751e-01;2.6250000e+02;1.1888196e-01;2.6250000e+02;7.7093169e-02;2.6250000e+02;3.7537523e-02;2.6250000e+02;-6.1384775e-03;2.6250000e+02;-4.2474987e-03;2.6250000e+02;4.5807017e-03;2.6250000e+02;2.0901324e-02;2.6250000e+02;4.4679336e-02;2.6250000e+02;7.0701011e-02;2.6250000e+02;1.0173568e-01;2.6250000e+02;1.3776456e-01;2.6250000e+02;1.7532545e-01;2.6250000e+02;2.0218208e-01;2.6250000e+02;2.1961865e-01;2.6250000e+02;2.2329634e-01;2.6250000e+02;2.1662477e-01;2.6250000e+02;1.9458684e-01;2.6250000e+02;1.5983751e-01;2.6250000e+02;1.1888196e-01;2.6250000e+02;7.7093169e-02;2.6250000e+02;3.7537523e-02;2.6250000e+02;-6.1384775e-03;2.6250000e+02;-4.2474987e-03;2.6250000e+02;4.5807017e-03;2.6250000e+02;2.0901324e-02;2.6250000e+02;4.4679336e-02;2.6250000e+02;7.0701011e-02;2.6250000e+02;1.0173568e-01;2.6250000e+02;1.3776456e-01;2.6250000e+02;1.7532545e-01;2.6250000e+02;2.0218208e-01;2.6250000e+02;2.1961865e-01;2.6250000e+02;2.2329634e-01;2.6250000e+02;2.1662477e-01;2.6250000e+02;1.9458684e-01;2.6250000e+02;1.5983751e-01;2.6250000e+02;1.1888196e-01;2.6250000e+02;7.7093169e-02;2.6250000e+02;3.7537523e-02;2.6250000e+02;-6.1384775e-03;2.6250000e+02;-4.2474987e-03;2.6250000e+02;4.5807017e-03;2.6250000e+02;2.0901324e-02;2.6250000e+02;4.4679336e-02;2.6250000e+02;7.0701011e-02;2.6250000e+02;1.0173568e-01;2.6250000e+02;1.3776456e-01;2.6250000e+02;1.7532545e-01;2.6250000e+02;2.0218208e-01;2.6250000e+02;2.1961865e-01;2.6250000e+02;2.2329634e-01;2.6250000e+02;2.1662477e-01;2.6250000e+02;1.9458684e-01;2.6250000e+02;1.5983751e-01;2.6250000e+02;1.1888196e-01;2.6250000e+02;7.7093169e-02;2.6250000e+02;3.7537523e-02;2.6250000e+02;-6.1384775e-03;2.6250000e+02;-4.2474987e-03;2.6250000e+02;4.5807017e-03;2.6250000e+02;2.0901324e-02;2.6250000e+02;4.4679336e-02;2.6250000e+02;7.0701011e-02;2.6250000e+02;1.0173568e-01;2.6250000e+02;1.3776456e-01;2.6250000e+02;1.7532545e-01;2.6250000e+02;2.0218208e-01;2.6250000e+02;2.1961865e-01;2.6250000e+02;2.2329634e-01;2.6250000e+02;2.1662477e-01;2.6250000e+02;1.9458684e-01;2.6250000e+02;1.5983751e-01;2.6250000e+02;1.1888196e-01;2.6250000e+02;7.7093169e-02;2.6250000e+02;3.7537523e-02;2.6250000e+02;-6.1384775e-03;2.6250000e+02;-4.2474987e-03;2.6250000e+02;4.5807017e-03;2.6250000e+02;2.0901324e-02;2.6250000e+02;4.4679336e-02;2.6250000e+02;7.0701011e-02;2.6250000e+02;1.0173568e-01;2.6250000e+02;1.3776456e-01;2.6250000e+02;1.7532545e-01;2.6250000e+02;2.0218208e-01;2.6250000e+02;2.1961865e-01;2.6250000e+02;2.2329634e-01;2.6250000e+02;2.1662477e-01;2.6250000e+02;1.9458684e-01;2.6250000e+02;1.5983751e-01;2.6250000e+02;1.1888196e-01;2.6250000e+02;7.7093169e-02;2.6250000e+02;3.7537523e-02;2.6250000e+02;-6.1384775e-03;2.6250000e+02;-4.2474987e-03;2.6250000e+02;4.5807017e-03;2.6250000e+02;2.0901324e-02;2.6250000e+02;4.4679336e-02;2.6250000e+02;7.0701011e-02;2.6250000e+02;1.0173568e-01;2.6250000e+02;1.3776456e-01;2.6250000e+02;1.7532545e-01;2.6250000e+02;2.0218208e-01;2.6250000e+02;2.1961865e-01;2.6250000e+02;2.2329634e-01;2.6250000e+02;2.1662477e-01;2.6250000e+02;1.9458684e-01;2.6250000e+02;1.5983751e-01;2.6250000e+02;1.1888196e-01;2.6250000e+02;7.7093169e-02;2.6250000e+02;3.7537523e-02;2.6250000e+02;-6.1384775e-03;2.6250000e+02;-4.2474987e-03;2.6250000e+02;4.5807017e-03;2.6250000e+02;2.0901324e-02;2.6250000e+02;4.4679336e-02;2.6250000e+02;7.0701011e-02;2.6250000e+02;1.0173568e-01;2.6250000e+02;1.3776456e-01;2.6250000e+02;1.7532545e-01;2.6250000e+02;2.0218208e-01;2.6250000e+02;2.1961865e-01;2.6250000e+02;2.2329634e-01;2.6250000e+02;2.1662477e-01;2.6250000e+02;1.9458684e-01;2.6250000e+02;1.5983751e-01;2.6250000e+02;1.1888196e-01;2.6250000e+02;7.7093169e-02;2.6250000e+02;3.7537523e-02;2.6250000e+02;-6.1384775e-03;2.6250000e+02;-4.2474987e-03;2.6250000e+02;4.5807017e-03;2.6250000e+02;2.0901324e-02;2.6250000e+02;4.4679336e-02;2.6250000e+02;7.0701011e-02;2.6250000e+02;1.0173568e-01;2.6250000e+02;1.3776456e-01;2.6250000e+02;1.7532545e-01;2.6250000e+02;2.0218208e-01;2.6250000e+02;2.1961865e-01;2.6250000e+02;2.2329634e-01;2.6250000e+02;2.1662477e-01;2.6250000e+02;1.9458684e-01;2.6250000e+02;1.5983751e-01;2.6250000e+02;1.1888196e-01;2.6250000e+02;7.7093169e-02;2.6250000e+02;3.7537523e-02;2.6250000e+02;-6.1384775e-03;2.6250000e+02;-4.2474987e-03;2.6250000e+02;4.5807017e-03;2.6250000e+02;2.0901324e-02;2.6250000e+02;4.4679336e-02;2.6250000e+02;7.0701011e-02;2.6250000e+02;1.0173568e-01;2.6250000e+02;1.3776456e-01;2.6250000e+02;1.7532545e-01;2.6250000e+02;2.0218208e-01;2.6250000e+02;2.1961865e-01;2.6250000e+02;2.2329634e-01;2.6250000e+02;2.1662477e-01;2.6250000e+02;1.9458684e-01;2.6250000e+02;1.5983751e-01;2.6250000e+02;1.1888196e-01;2.6250000e+02;7.7093169e-02;2.6250000e+02;3.7537523e-02;2.6250000e+02;-6.1384775e-03;2.6250000e+02;-4.2474987e-03;2.6250000e+02;4.5807017e-03;2.6250000e+02;2.0901324e-02;2.6250000e+02;4.4679336e-02;2.6250000e+02;7.0701011e-02;2.6250000e+02;1.0173568e-01;2.6250000e+02;1.3776456e-01;2.6250000e+02;1.7532545e-01;2.6250000e+02;2.0218208e-01;2.6250000e+02;2.1961865e-01;2.6250000e+02;2.2329634e-01;2.6250000e+02;2.1662477e-01;2.6250000e+02;1.9458684e-01;2.6250000e+02;1.5983751e-01;2.6250000e+02;1.1888196e-01;2.6250000e+02;7.7093169e-02;2.6250000e+02;3.7537523e-02;2.6250000e+02;-6.1384775e-03;2.6250000e+02;-4.2474987e-03;2.6250000e+02;4.5807017e-03;2.6250000e+02;2.0901324e-02;2.6250000e+02;4.4679336e-02;2.6250000e+02;7.0701011e-02;2.6250000e+02;1.0173568e-01;2.6250000e+02;1.3776456e-01;2.6250000e+02;1.7532545e-01;2.6250000e+02;2.0218208e-01;2.6250000e+02;2.1961865e-01;2.6250000e+02;2.2329634e-01;2.6250000e+02;2.1662477e-01;2.6250000e+02;1.9458684e-01;2.6250000e+02;1.5983751e-01;2.6250000e+02;1.1888196e-01;2.6250000e+02;7.7093169e-02;2.6250000e+02;3.7537523e-02;2.6250000e+02;-6.1384775e-03;2.6250000e+02;-4.2474987e-03;2.6250000e+02;4.5807017e-03;2.6250000e+02;2.0901324e-02;2.6250000e+02;4.4679336e-02;2.6250000e+02;7.0701011e-02;2.6250000e+02;1.0173568e-01;2.6250000e+02;1.3776456e-01;2.6250000e+02;1.7532545e-01;2.6250000e+02;2.0218208e-01;2.6250000e+02;2.1961865e-01;2.6250000e+02;2.2329634e-01;2.6250000e+02;2.1662477e-01;2.6250000e+02;1.9458684e-01;2.6250000e+02;1.5983751e-01;2.6250000e+02;1.1888196e-01;2.6250000e+02;7.7093169e-02;2.6250000e+02;3.7537523e-02;2.6250000e+02;-6.1384775e-03;2.6250000e+02;-4.2474987e-03;2.6250000e+02;4.5807017e-03;2.6250000e+02;2.0901324e-02;2.6250000e+02;4.4679336e-02;2.6250000e+02;7.0701011e-02;2.6250000e+02;1.0173568e-01;2.6250000e+02;1.3776456e-01;2.6250000e+02;1.7532545e-01;2.6250000e+02;2.0218208e-01;2.6250000e+02;2.1961865e-01;2.6250000e+02;2.2329634e-01;2.6250000e+02;2.1662477e-01;2.6250000e+02;1.9458684e-01;2.6250000e+02;1.5983751e-01;2.6250000e+02;1.1888196e-01;2.6250000e+02;7.7093169e-02;2.6250000e+02;3.7537523e-02;2.6250000e+02;-6.1384775e-03;2.6250000e+02;-4.2474987e-03;2.6250000e+02;4.5807017e-03;2.6250000e+02;2.0901324e-02;2.6250000e+02;4.4679336e-02;2.6250000e+02;7.0701011e-02;2.6250000e+02;1.0173568e-01;2.6250000e+02;1.3776456e-01;2.6250000e+02;1.7532545e-01;2.6250000e+02;2.0218208e-01;2.6250000e+02;2.1961865e-01;2.6250000e+02;2.2329634e-01;2.6250000e+02;2.1662477e-01;2.6250000e+02;1.9458684e-01;2.6250000e+02;1.5983751e-01;2.6250000e+02;1.1888196e-01;2.6250000e+02;7.7093169e-02;2.6250000e+02;3.7537523e-02;2.6250000e+02;-6.1384775e-03;2.6250000e+02;-4.2474987e-03;2.6250000e+02;4.5807017e-03;2.6250000e+02;2.0901324e-02;2.6250000e+02;4.4679336e-02;2.6250000e+02;7.0701011e-02;2.6250000e+02;1.0173568e-01;2.6250000e+02;1.3776456e-01;2.6250000e+02;1.7532545e-01;2.6250000e+02;2.0218208e-01;2.6250000e+02;2.1961865e-01;2.6250000e+02;2.2329634e-01;2.6250000e+02;2.1662477e-01;2.6250000e+02;1.9458684e-01;2.6250000e+02;1.5983751e-01;2.6250000e+02;1.1888196e-01;2.6250000e+02;7.7093169e-02;2.6250000e+02;3.7537523e-02;2.6250000e+02;-6.1384775e-03;2.6250000e+02;-4.2474987e-03;2.6250000e+02;4.5807017e-03;2.6250000e+02;2.0901324e-02;2.6250000e+02;4.4679336e-02;2.6250000e+02;7.0701011e-02;2.6250000e+02;1.0173568e-01;2.6250000e+02;1.3776456e-01;2.6250000e+02;1.7532545e-01;2.6250000e+02;2.0218208e-01;2.6250000e+02;2.1961865e-01;2.6250000e+02;2.2329634e-01;2.6250000e+02;2.1662477e-01;2.6250000e+02;1.9458684e-01;2.6250000e+02;1.5983751e-01;2.6250000e+02;1.1888196e-01;2.6250000e+02;7.7093169e-02;2.6250000e+02;3.7537523e-02;2.6250000e+02;-6.1384775e-03;2.6250000e+02;-4.2474987e-03;2.6250000e+02;4.5807017e-03;2.6250000e+02;2.0901324e-02;2.6250000e+02;4.4679336e-02;2.6250000e+02;7.0701011e-02;2.6250000e+02;1.0173568e-01;2.6250000e+02;1.3776456e-01;2.6250000e+02;1.7532545e-01;2.6250000e+02;2.0218208e-01;2.6250000e+02;2.1961865e-01;2.6250000e+02;2.2329634e-01;2.6250000e+02;2.1662477e-01;2.6250000e+02;1.9458684e-01;2.6250000e+02;1.5983751e-01;2.6250000e+02;1.1888196e-01;2.6250000e+02;7.7093169e-02;2.6250000e+02;3.7537523e-02;2.6250000e+02;-6.1384775e-03;2.6250000e+02;-4.2474987e-03;2.6250000e+02;4.5807017e-03;2.6250000e+02;2.0901324e-02;2.6250000e+02;4.4679336e-02;2.6250000e+02;7.0701011e-02;2.6250000e+02;1.0173568e-01;2.6250000e+02;1.3776456e-01;2.6250000e+02;1.7532545e-01;2.6250000e+02;2.0218208e-01;2.6250000e+02;2.1961865e-01;2.6250000e+02;2.2329634e-01;2.6250000e+02;2.1662477e-01;2.6250000e+02;1.9458684e-01;2.6250000e+02;1.5983751e-01;2.6250000e+02;1.1888196e-01;2.6250000e+02;7.7093169e-02;2.6250000e+02;3.7537523e-02;2.6250000e+02;-6.1384775e-03;2.6250000e+02;-4.2474987e-03;2.6250000e+02;4.5807017e-03;2.6250000e+02;2.0901324e-02;2.6250000e+02;4.4679336e-02;2.6250000e+02;7.0701011e-02;2.6250000e+02;1.0173568e-01;2.6250000e+02;1.3776456e-01;2.6250000e+02;1.7532545e-01;2.6250000e+02;2.0218208e-01;2.6250000e+02;2.1961865e-01;2.6250000e+02;2.2329634e-01;2.6250000e+02;2.1662477e-01;2.6250000e+02;1.9458684e-01;2.6250000e+02;1.5983751e-01;2.6250000e+02;1.1888196e-01;2.6250000e+02;7.7093169e-02;2.6250000e+02;3.7537523e-02;2.6250000e+02;-6.1384775e-03;2.6250000e+02;-4.2474987e-03;2.6250000e+02;4.5807017e-03;2.6250000e+02;2.0901324e-02;2.6250000e+02;4.4679336e-02;2.6250000e+02;7.0701011e-02;2.6250000e+02;1.0173568e-01;2.6250000e+02;1.3776456e-01;2.6250000e+02;1.7532545e-01;2.6250000e+02;2.0218208e-01;2.6250000e+02;2.1961865e-01;2.6250000e+02;2.2329634e-01;2.6250000e+02;2.1662477e-01;2.6250000e+02;1.9458684e-01;2.6250000e+02;1.5983751e-01;2.6250000e+02;1.1888196e-01;2.6250000e+02;7.7093169e-02;2.6250000e+02;3.7537523e-02;2.6250000e+02;-6.1384775e-03;2.6250000e+02;-4.2474987e-03;2.6250000e+02;4.5807017e-03;2.6250000e+02;2.0901324e-02;2.6250000e+02;4.4679336e-02;2.6250000e+02;7.0701011e-02;2.6250000e+02;1.0173568e-01;2.6250000e+02;1.3776456e-01;2.6250000e+02;1.7532545e-01;2.6250000e+02;2.0218208e-01;2.6250000e+02;2.1961865e-01;2.6250000e+02;2.2329634e-01;2.6250000e+02;2.1662477e-01;2.6250000e+02;1.9458684e-01;2.6250000e+02;1.5983751e-01;2.6250000e+02;1.1888196e-01;2.6250000e+02;7.7093169e-02;2.6250000e+02;3.7537523e-02;2.6250000e+02;-6.1384775e-03;2.6250000e+02;-4.2474987e-03;2.6250000e+02;4.5807017e-03;2.6250000e+02;2.0901324e-02;2.6250000e+02;4.4679336e-02;2.6250000e+02;7.0701011e-02;2.6250000e+02;1.0173568e-01;2.6250000e+02;1.3776456e-01;2.6250000e+02;1.7532545e-01;2.6250000e+02;2.0218208e-01;2.6250000e+02;2.1961865e-01;2.6250000e+02;2.2329634e-01;2.6250000e+02;2.1662477e-01;2.6250000e+02;1.9458684e-01;2.6250000e+02;1.5983751e-01;2.6250000e+02;1.1888196e-01;2.6250000e+02;7.7093169e-02;2.6250000e+02;3.7537523e-02;2.6250000e+02;-6.1384775e-03;2.6250000e+02;-4.2474987e-03;2.6250000e+02;4.5807017e-03;2.6250000e+02;2.0901324e-02;2.6250000e+02;4.4679336e-02;2.6250000e+02;7.0701011e-02;2.6250000e+02;1.0173568e-01;2.6250000e+02;1.3776456e-01;2.6250000e+02;1.7532545e-01;2.6250000e+02;2.0218208e-01;2.6250000e+02;2.1961865e-01;2.6250000e+02;2.2329634e-01;2.6250000e+02;2.1662477e-01;2.6250000e+02;1.9458684e-01;2.6250000e+02;1.5983751e-01;2.6250000e+02;1.1888196e-01;2.6250000e+02;7.7093169e-02;2.6250000e+02;3.7537523e-02;2.6250000e+02;-6.1384775e-03;2.6250000e+02;-4.2474987e-03;2.6250000e+02;4.5807017e-03;2.6250000e+02;2.0901324e-02;2.6250000e+02;4.4679336e-02;2.6250000e+02;7.0701011e-02;2.6250000e+02;1.0173568e-01;2.6250000e+02;1.3776456e-01;2.6250000e+02;1.7532545e-01;2.6250000e+02;2.0218208e-01;2.6250000e+02;2.1961865e-01;2.6250000e+02;2.2329634e-01;2.6250000e+02;2.1662477e-01;2.6250000e+02;1.9458684e-01;2.6250000e+02;1.5983751e-01;2.6250000e+02;1.1888196e-01;2.6250000e+02;7.7093169e-02;2.6250000e+02;3.7537523e-02;2.6250000e+02;-6.1384775e-03;2.6250000e+02;-4.2474987e-03;2.6250000e+02;4.5807017e-03;2.6250000e+02;2.0901324e-02;2.6250000e+02;4.4679336e-02;2.6250000e+02;7.0701011e-02;2.6250000e+02;1.0173568e-01;2.6250000e+02;1.3776456e-01;2.6250000e+02;1.7532545e-01;2.6250000e+02;2.0218208e-01;2.6250000e+02;2.1961865e-01;2.6250000e+02;2.2329634e-01;2.6250000e+02;2.1662477e-01;2.6250000e+02;1.9458684e-01;2.6250000e+02;1.5983751e-01;2.6250000e+02;1.1888196e-01;2.6250000e+02;7.7093169e-02;2.6250000e+02;3.7537523e-02;2.6250000e+02;-6.1384775e-03;2.6250000e+02;-4.2474987e-03;2.6250000e+02;4.5807017e-03;2.6250000e+02;2.0901324e-02;2.6250000e+02;4.4679336e-02;2.6250000e+02;7.0701011e-02;2.6250000e+02;1.0173568e-01;2.6250000e+02;1.3776456e-01;2.6250000e+02;1.7532545e-01;2.6250000e+02;2.0218208e-01;2.6250000e+02;2.1961865e-01;2.6250000e+02;2.2329634e-01;2.6250000e+02;2.1662477e-01;2.6250000e+02;1.9458684e-01;2.6250000e+02;1.5983751e-01;2.6250000e+02;1.1888196e-01;2.6250000e+02;7.7093169e-02;2.6250000e+02;3.7537523e-02;2.6250000e+02;-6.1384775e-03;2.6250000e+02;-4.2474987e-03;2.6250000e+02;4.5807017e-03;2.6250000e+02;2.0901324e-02;2.6250000e+02;4.4679336e-02;2.6250000e+02;7.0701011e-02;2.6250000e+02;1.0173568e-01;2.6250000e+02;1.3776456e-01;2.6250000e+02;1.7532545e-01;2.6250000e+02;2.0218208e-01;2.6250000e+02;2.1961865e-01;2.6250000e+02;2.2329634e-01;2.6250000e+02;2.1662477e-01;2.6250000e+02;1.9458684e-01;2.6250000e+02;1.5983751e-01;2.6250000e+02;1.1888196e-01;2.6250000e+02;7.7093169e-02;2.6250000e+02;3.7537523e-02;2.6250000e+02;-6.1384775e-03;2.6250000e+02;-4.2474987e-03;2.6250000e+02;4.5807017e-03;2.6250000e+02;2.0901324e-02;2.6250000e+02;4.4679336e-02;2.6250000e+02;7.0701011e-02;2.6250000e+02;1.0173568e-01;2.6250000e+02;1.3776456e-01;2.6250000e+02;1.7532545e-01;2.6250000e+02;2.0218208e-01;2.6250000e+02;2.1961865e-01;2.6250000e+02;2.2329634e-01;2.6250000e+02;2.1662477e-01;2.6250000e+02;1.9458684e-01;2.6250000e+02;1.5983751e-01;2.6250000e+02;1.1888196e-01;2.6250000e+02;7.7093169e-02;2.6250000e+02;3.7537523e-02;2.6250000e+02;-6.1384775e-03;2.6250000e+02;-4.2474987e-03;2.6250000e+02;4.5807017e-03;2.6250000e+02;2.0901324e-02;2.6250000e+02;4.4679336e-02;2.6250000e+02;7.0701011e-02;2.6250000e+02;1.0173568e-01;2.6250000e+02;1.3776456e-01;2.6250000e+02;1.7532545e-01;2.6250000e+02;2.0218208e-01;2.6250000e+02;2.1961865e-01;2.6250000e+02;2.2329634e-01;2.6250000e+02;2.1662477e-01;2.6250000e+02;1.9458684e-01;2.6250000e+02;1.5983751e-01;2.6250000e+02;1.1888196e-01;2.6250000e+02;7.7093169e-02;2.6250000e+02;3.7537523e-02;2.6250000e+02;-6.1384775e-03;2.6250000e+02;-4.2474987e-03;2.6250000e+02;4.5807017e-03;2.6250000e+02;2.0901324e-02;2.6250000e+02;4.4679336e-02;2.6250000e+02;7.0701011e-02;2.6250000e+02;1.0173568e-01;2.6250000e+02;1.3776456e-01;2.6250000e+02;1.7532545e-01;2.6250000e+02;2.0218208e-01;2.6250000e+02;2.1961865e-01;2.6250000e+02;2.2329634e-01;2.6250000e+02;2.1662477e-01;2.6250000e+02;1.9458684e-01;2.6250000e+02;1.5983751e-01;2.6250000e+02;1.1888196e-01;2.6250000e+02;7.7093169e-02;2.6250000e+02;3.7537523e-02;2.6250000e+02;-6.1384775e-03;2.6250000e+02;-4.2474987e-03;2.6250000e+02;4.5807017e-03;2.6250000e+02;2.0901324e-02;2.6250000e+02;4.4679336e-02;2.6250000e+02;7.0701011e-02;2.6250000e+02;1.0173568e-01;2.6250000e+02;1.3776456e-01;2.6250000e+02;1.7532545e-01;2.6250000e+02;2.0218208e-01;2.6250000e+02;2.1961865e-01;2.6250000e+02;2.2329634e-01;2.6250000e+02;2.1662477e-01;2.6250000e+02;1.9458684e-01;2.6250000e+02;1.5983751e-01;2.6250000e+02;1.1888196e-01;2.6250000e+02;7.7093169e-02;2.6250000e+02;3.7537523e-02;2.6250000e+02;-6.1384775e-03;2.6250000e+02;-4.2474987e-03;2.6250000e+02;4.5807017e-03;2.6250000e+02;2.0901324e-02;2.6250000e+02;4.4679336e-02;2.6250000e+02;7.0701011e-02;2.6250000e+02;1.0173568e-01;2.6250000e+02;1.3776456e-01;2.6250000e+02;1.7532545e-01;2.6250000e+02;2.0218208e-01;2.6250000e+02;2.1961865e-01;2.6250000e+02;2.2329634e-01;2.6250000e+02;2.1662477e-01;2.6250000e+02;1.9458684e-01;2.6250000e+02;1.5983751e-01;2.6250000e+02;1.1888196e-01;2.6250000e+02;7.7093169e-02;2.6250000e+02;3.7537523e-02;2.6250000e+02;-6.1384775e-03;2.6250000e+02;-4.2474987e-03;2.6250000e+02;4.5807017e-03;2.6250000e+02;2.0901324e-02;2.6250000e+02;4.4679336e-02;2.6250000e+02;7.0701011e-02;2.6250000e+02;1.0173568e-01;2.6250000e+02;1.3776456e-01;2.6250000e+02;1.7532545e-01;2.6250000e+02;2.0218208e-01;2.6250000e+02;2.1961865e-01;2.6250000e+02;2.2329634e-01;2.6250000e+02;2.1662477e-01;2.6250000e+02;1.9458684e-01;2.6250000e+02;1.5983751e-01;2.6250000e+02;1.1888196e-01;2.6250000e+02;7.7093169e-02;2.6250000e+02;3.7537523e-02;2.6250000e+02;-6.1384775e-03;2.6250000e+02;-4.2474987e-03;2.6250000e+02;4.5807017e-03;2.6250000e+02;2.0901324e-02;2.6250000e+02;4.4679336e-02;2.6250000e+02;7.0701011e-02;2.6250000e+02;1.0173568e-01;2.6250000e+02;1.3776456e-01;2.6250000e+02;1.7532545e-01;2.6250000e+02;2.0218208e-01;2.6250000e+02;2.1961865e-01;2.6250000e+02;2.2329634e-01;2.6250000e+02;2.1662477e-01;2.6250000e+02;1.9458684e-01;2.6250000e+02;1.5983751e-01;2.6250000e+02;1.1888196e-01;2.6250000e+02;7.7093169e-02;2.6250000e+02;3.7537523e-02;2.6250000e+02;-6.1384775e-03;2.6250000e+02;-4.2474987e-03;2.6250000e+02;4.5807017e-03;2.6250000e+02;2.0901324e-02;2.6250000e+02;4.4679336e-02;2.6250000e+02;7.0701011e-02;2.6250000e+02;1.0173568e-01;2.6250000e+02;1.3776456e-01;2.6250000e+02;1.7532545e-01;2.6250000e+02;2.0218208e-01;2.6250000e+02;2.1961865e-01;2.6250000e+02;2.2329634e-01;2.6250000e+02;2.1662477e-01;2.6250000e+02;1.9458684e-01;2.6250000e+02;1.5983751e-01;2.6250000e+02;1.1888196e-01;2.6250000e+02;7.7093169e-02;2.6250000e+02;3.7537523e-02;2.6250000e+02;-6.1384775e-03;2.6250000e+02;-4.2474987e-03;2.6250000e+02;4.5807017e-03;2.6250000e+02;2.0901324e-02;2.6250000e+02;4.4679336e-02;2.6250000e+02;7.0701011e-02;2.6250000e+02;1.0173568e-01;2.6250000e+02;1.3776456e-01;2.6250000e+02;1.7532545e-01;2.6250000e+02;2.0218208e-01;2.6250000e+02;2.1961865e-01;2.6250000e+02;2.2329634e-01;2.6250000e+02;2.1662477e-01;2.6250000e+02;1.9458684e-01;2.6250000e+02;1.5983751e-01;2.6250000e+02;1.1888196e-01;2.6250000e+02;7.7093169e-02;2.6250000e+02;3.7537523e-02;2.6250000e+02;-6.1384775e-03;2.6250000e+02;-4.2474987e-03;2.6250000e+02;4.5807017e-03;2.6250000e+02;2.0901324e-02;2.6250000e+02;4.4679336e-02;2.6250000e+02;7.0701011e-02;2.6250000e+02;1.0173568e-01;2.6250000e+02;1.3776456e-01;2.6250000e+02;1.7532545e-01;2.6250000e+02;2.0218208e-01;2.6250000e+02;2.1961865e-01;2.6250000e+02;2.2329634e-01;2.6250000e+02;2.1662477e-01;2.6250000e+02;1.9458684e-01;2.6250000e+02;1.5983751e-01;2.6250000e+02;1.1888196e-01;2.6250000e+02;7.7093169e-02;2.6250000e+02;3.7537523e-02;2.6250000e+02;-6.1384775e-03;2.6250000e+02;-4.2474987e-03;2.6250000e+02;4.5807017e-03;2.6250000e+02;2.0901324e-02;2.6250000e+02;4.4679336e-02;2.6250000e+02;7.0701011e-02;2.6250000e+02;1.0173568e-01;2.6250000e+02;1.3776456e-01;2.6250000e+02;1.7532545e-01;2.6250000e+02;2.0218208e-01;2.6250000e+02;2.1961865e-01;2.6250000e+02;2.2329634e-01;2.6250000e+02;2.1662477e-01;2.6250000e+02;1.9458684e-01;2.6250000e+02;1.5983751e-01;2.6250000e+02;1.1888196e-01;2.6250000e+02;7.7093169e-02;2.6250000e+02;3.7537523e-02;2.6250000e+02;-6.1384775e-03;2.6250000e+02;-4.2474987e-03;2.6250000e+02;4.5807017e-03;2.6250000e+02;2.0901324e-02;2.6250000e+02;4.4679336e-02;2.6250000e+02;7.0701011e-02;2.6250000e+02;1.0173568e-01;2.6250000e+02;1.3776456e-01;2.6250000e+02;1.7532545e-01;2.6250000e+02;2.0218208e-01;2.6250000e+02;2.1961865e-01;2.6250000e+02;2.2329634e-01;2.6250000e+02;2.1662477e-01;2.6250000e+02;1.9458684e-01;2.6250000e+02;1.5983751e-01;2.6250000e+02;1.1888196e-01;2.6250000e+02;7.7093169e-02;2.6250000e+02;3.7537523e-02;2.6250000e+02;-6.1384775e-03;2.6250000e+02;-4.2474987e-03;2.6250000e+02;4.5807017e-03;2.6250000e+02;2.0901324e-02;2.6250000e+02;4.4679336e-02;2.6250000e+02;7.0701011e-02;2.6250000e+02;1.0173568e-01;2.6250000e+02;1.3776456e-01;2.6250000e+02;1.7532545e-01;2.6250000e+02;2.0218208e-01;2.6250000e+02;2.1961865e-01;2.6250000e+02;2.2329634e-01;2.6250000e+02;2.1662477e-01;2.6250000e+02;1.9458684e-01;2.6250000e+02;1.5983751e-01;2.6250000e+02;1.1888196e-01;2.6250000e+02;7.7093169e-02;2.6250000e+02;3.7537523e-02;2.6250000e+02;-6.1384775e-03;2.6250000e+02;-4.2474987e-03;2.6250000e+02;4.5807017e-03;2.6250000e+02;2.0901324e-02;2.6250000e+02;4.4679336e-02;2.6250000e+02;7.0701011e-02;2.6250000e+02;1.0173568e-01;2.6250000e+02;1.3776456e-01;2.6250000e+02;1.7532545e-01;2.6250000e+02;2.0218208e-01;2.6250000e+02;2.1961865e-01;2.6250000e+02;2.2329634e-01;2.6250000e+02;2.1662477e-01;2.6250000e+02;1.9458684e-01;2.6250000e+02;1.5983751e-01;2.6250000e+02;1.1888196e-01;2.6250000e+02;7.7093169e-02;2.6250000e+02;3.7537523e-02;2.6250000e+02;-6.1384775e-03;2.6250000e+02;-4.2474987e-03;2.6250000e+02;4.5807017e-03;2.6250000e+02;2.0901324e-02;2.6250000e+02;4.4679336e-02;2.6250000e+02;7.0701011e-02;2.6250000e+02;1.0173568e-01;2.6250000e+02;1.3776456e-01;2.6250000e+02;1.7532545e-01;2.6250000e+02;2.0218208e-01;2.6250000e+02;2.1961865e-01;2.6250000e+02;2.2329634e-01;2.6250000e+02;2.1662477e-01;2.6250000e+02;1.9458684e-01;2.6250000e+02;1.5983751e-01;2.6250000e+02;1.1888196e-01;2.6250000e+02;7.7093169e-02;2.6250000e+02;3.7537523e-02;2.6250000e+02;-6.1384775e-03;2.6250000e+02;-4.2474987e-03;2.6250000e+02;4.5807017e-03;2.6250000e+02;2.0901324e-02;2.6250000e+02;4.4679336e-02;2.6250000e+02;7.0701011e-02;2.6250000e+02;1.0173568e-01;2.6250000e+02;1.3776456e-01;2.6250000e+02;1.7532545e-01;2.6250000e+02;2.0218208e-01;2.6250000e+02;2.1961865e-01;2.6250000e+02;2.2329634e-01;2.6250000e+02;2.1662477e-01;2.6250000e+02;1.9458684e-01;2.6250000e+02;1.5983751e-01;2.6250000e+02;1.1888196e-01;2.6250000e+02;7.7093169e-02;2.6250000e+02;3.7537523e-02;2.6250000e+02;-6.1384775e-03;2.6250000e+02;-4.2474987e-03;2.6250000e+02;4.5807017e-03;2.6250000e+02;2.0901324e-02;2.6250000e+02;4.4679336e-02;2.6250000e+02;7.0701011e-02;2.6250000e+02;1.0173568e-01;2.6250000e+02;1.3776456e-01;2.6250000e+02;1.7532545e-01;2.6250000e+02;2.0218208e-01;2.6250000e+02;2.1961865e-01;2.6250000e+02;2.2329634e-01;2.6250000e+02;2.1662477e-01;2.6250000e+02;1.9458684e-01;2.6250000e+02;1.5983751e-01;2.6250000e+02;1.1888196e-01;2.6250000e+02;7.7093169e-02;2.6250000e+02;3.7537523e-02;2.6250000e+02;-6.1384775e-03;2.6250000e+02;-4.2474987e-03;2.6250000e+02;4.5807017e-03;2.6250000e+02;2.0901324e-02;2.6250000e+02;4.4679336e-02;2.6250000e+02;7.0701011e-02;2.6250000e+02;1.0173568e-01;2.6250000e+02;1.3776456e-01;2.6250000e+02;1.7532545e-01;2.6250000e+02;2.0218208e-01;2.6250000e+02;2.1961865e-01;2.6250000e+02;2.2329634e-01;2.6250000e+02;2.1662477e-01;2.6250000e+02;1.9458684e-01;2.6250000e+02;1.5983751e-01;2.6250000e+02;1.1888196e-01;2.6250000e+02;7.7093169e-02;2.6250000e+02;3.7537523e-02;2.6250000e+02;-6.1384775e-03;2.6250000e+02;-4.2474987e-03;2.6250000e+02;4.5807017e-03;2.6250000e+02;2.0901324e-02;2.6250000e+02;4.4679336e-02;2.6250000e+02;7.0701011e-02;2.6250000e+02;1.0173568e-01;2.6250000e+02;1.3776456e-01;2.6250000e+02;1.7532545e-01;2.6250000e+02;2.0218208e-01;2.6250000e+02;2.1961865e-01;2.6250000e+02;2.2329634e-01;2.6250000e+02;2.1662477e-01;2.6250000e+02;1.9458684e-01;2.6250000e+02;1.5983751e-01;2.6250000e+02;1.1888196e-01;2.6250000e+02;7.7093169e-02;2.6250000e+02;3.7537523e-02;2.6250000e+02;-6.1384775e-03;2.6250000e+02;-4.2474987e-03;2.6250000e+02;4.5807017e-03;2.6250000e+02;2.0901324e-02;2.6250000e+02;4.4679336e-02;2.6250000e+02;7.0701011e-02;2.6250000e+02;1.0173568e-01;2.6250000e+02;1.3776456e-01;2.6250000e+02;1.7532545e-01;2.6250000e+02;2.0218208e-01;2.6250000e+02;2.1961865e-01;2.6250000e+02;2.2329634e-01;2.6250000e+02;2.1662477e-01;2.6250000e+02;1.9458684e-01;2.6250000e+02;1.5983751e-01;2.6250000e+02;1.1888196e-01;2.6250000e+02;7.7093169e-02;2.6250000e+02;3.7537523e-02;2.6250000e+02;-6.1384775e-03;2.6250000e+02;-4.2474987e-03;2.6250000e+02;4.5807017e-03;2.6250000e+02;2.0901324e-02;2.6250000e+02;4.4679336e-02;2.6250000e+02;7.0701011e-02;2.6250000e+02;1.0173568e-01;2.6250000e+02;1.3776456e-01;2.6250000e+02;1.7532545e-01;2.6250000e+02;2.0218208e-01;2.6250000e+02;2.1961865e-01;2.6250000e+02;2.2329634e-01;2.6250000e+02;2.1662477e-01;2.6250000e+02;1.9458684e-01;2.6250000e+02;1.5983751e-01;2.6250000e+02;1.1888196e-01;2.6250000e+02;7.7093169e-02;2.6250000e+02;3.7537523e-02;2.6250000e+02;-6.1384775e-03;2.6250000e+02;-4.2474987e-03;2.6250000e+02;4.5807017e-03;2.6250000e+02;2.0901324e-02;2.6250000e+02;4.4679336e-02;2.6250000e+02;7.0701011e-02;2.6250000e+02;1.0173568e-01;2.6250000e+02;1.3776456e-01;2.6250000e+02;1.7532545e-01;2.6250000e+02;2.0218208e-01;2.6250000e+02;2.1961865e-01;2.6250000e+02;2.2329634e-01;2.6250000e+02;2.1662477e-01;2.6250000e+02;1.9458684e-01;2.6250000e+02;1.5983751e-01;2.6250000e+02;1.1888196e-01;2.6250000e+02;7.7093169e-02;2.6250000e+02;3.7537523e-02;2.6250000e+02;-6.1384775e-03;2.6250000e+02;-4.2474987e-03;2.6250000e+02;4.5807017e-03;2.6250000e+02;2.0901324e-02;2.6250000e+02;4.4679336e-02;2.6250000e+02;7.0701011e-02;2.6250000e+02;1.0173568e-01;2.6250000e+02;1.3776456e-01;2.6250000e+02;1.7532545e-01;2.6250000e+02;2.0218208e-01;2.6250000e+02;2.1961865e-01;2.6250000e+02;2.2329634e-01;2.6250000e+02;2.1662477e-01;2.6250000e+02;1.9458684e-01;2.6250000e+02;1.5983751e-01;2.6250000e+02;1.1888196e-01;2.6250000e+02;7.7093169e-02;2.6250000e+02;3.7537523e-02;2.6250000e+02;-6.1384775e-03;2.6250000e+02;-4.2474987e-03;2.6250000e+02;4.5807017e-03;2.6250000e+02;2.0901324e-02;2.6250000e+02;4.4679336e-02;2.6250000e+02;7.0701011e-02;2.6250000e+02;1.0173568e-01;2.6250000e+02;1.3776456e-01;2.6250000e+02;1.7532545e-01;2.6250000e+02;2.0218208e-01;2.6250000e+02;2.1961865e-01;2.6250000e+02;2.2329634e-01;2.6250000e+02;2.1662477e-01;2.6250000e+02;1.9458684e-01;2.6250000e+02;1.5983751e-01;2.6250000e+02;1.1888196e-01;2.6250000e+02;7.7093169e-02;2.6250000e+02;3.7537523e-02;2.6250000e+02;-6.1384775e-03;2.6250000e+02;-4.2474987e-03;2.6250000e+02;4.5807017e-03;2.6250000e+02;2.0901324e-02;2.6250000e+02;4.4679336e-02;2.6250000e+02;7.0701011e-02;2.6250000e+02;1.0173568e-01;2.6250000e+02;1.3776456e-01;2.6250000e+02;1.7532545e-01;2.6250000e+02;2.0218208e-01;2.6250000e+02;2.1961865e-01;2.6250000e+02;2.2329634e-01;2.6250000e+02;2.1662477e-01;2.6250000e+02;1.9458684e-01;2.6250000e+02;1.5983751e-01;2.6250000e+02;1.1888196e-01;2.6250000e+02;7.7093169e-02;2.6250000e+02;3.7537523e-02;2.6250000e+02;-6.1384775e-03;2.6250000e+02;-4.2474987e-03;2.6250000e+02;4.5807017e-03;2.6250000e+02;2.0901324e-02;2.6250000e+02;4.4679336e-02;2.6250000e+02;7.0701011e-02;2.6250000e+02;1.0173568e-01;2.6250000e+02;1.3776456e-01;2.6250000e+02;1.7532545e-01;2.6250000e+02;2.0218208e-01;2.6250000e+02;2.1961865e-01;2.6250000e+02;2.2329634e-01;2.6250000e+02;2.1662477e-01;2.6250000e+02;1.9458684e-01;2.6250000e+02;1.5983751e-01;2.6250000e+02;1.1888196e-01;2.6250000e+02;7.7093169e-02;2.6250000e+02;3.7537523e-02;2.6250000e+02;-6.1384775e-03;2.6250000e+02;-4.2474987e-03;2.6250000e+02;4.5807017e-03;2.6250000e+02;2.0901324e-02;2.6250000e+02;4.4679336e-02;2.6250000e+02;7.0701011e-02;2.6250000e+02;1.0173568e-01;2.6250000e+02;1.3776456e-01;2.6250000e+02;1.7532545e-01;2.6250000e+02;2.0218208e-01;2.6250000e+02;2.1961865e-01;2.6250000e+02;2.2329634e-01;2.6250000e+02;2.1662477e-01;2.6250000e+02;1.9458684e-01;2.6250000e+02;1.5983751e-01;2.6250000e+02;1.1888196e-01;2.6250000e+02;7.7093169e-02;2.6250000e+02;3.7537523e-02;2.6250000e+02;-6.1384775e-03;2.6250000e+02;-4.2474987e-03;2.6250000e+02;4.5807017e-03;2.6250000e+02;2.0901324e-02;2.6250000e+02;4.4679336e-02;2.6250000e+02;7.0701011e-02;2.6250000e+02;1.0173568e-01;2.6250000e+02;1.3776456e-01;2.6250000e+02;1.7532545e-01;2.6250000e+02;2.0218208e-01;2.6250000e+02;2.1961865e-01;2.6250000e+02;2.2329634e-01;2.6250000e+02;2.1662477e-01;2.6250000e+02;1.9458684e-01;2.6250000e+02;1.5983751e-01;2.6250000e+02;1.1888196e-01;2.6250000e+02;7.7093169e-02;2.6250000e+02;3.7537523e-02;2.6250000e+02;-6.1384775e-03;2.6250000e+02;-4.2474987e-03;2.6250000e+02;4.5807017e-03;2.6250000e+02;2.0901324e-02;2.6250000e+02;4.4679336e-02;2.6250000e+02;7.0701011e-02;2.6250000e+02;1.0173568e-01;2.6250000e+02;1.3776456e-01;2.6250000e+02;1.7532545e-01;2.6250000e+02;2.0218208e-01;2.6250000e+02;2.1961865e-01;2.6250000e+02;2.2329634e-01;2.6250000e+02;2.1662477e-01;2.6250000e+02;1.9458684e-01;2.6250000e+02;1.5983751e-01;2.6250000e+02;1.1888196e-01;2.6250000e+02;7.7093169e-02;2.6250000e+02;3.7537523e-02;2.6250000e+02;-6.1384775e-03;2.6250000e+02;-4.2474987e-03;2.6250000e+02;4.5807017e-03;2.6250000e+02;2.0901324e-02;2.6250000e+02;4.4679336e-02;2.6250000e+02;7.0701011e-02;2.6250000e+02;1.0173568e-01;2.6250000e+02;1.3776456e-01;2.6250000e+02;1.7532545e-01;2.6250000e+02;2.0218208e-01;2.6250000e+02;2.1961865e-01;2.6250000e+02;2.2329634e-01;2.6250000e+02;2.1662477e-01;2.6250000e+02;1.9458684e-01;2.6250000e+02;1.5983751e-01;2.6250000e+02;1.1888196e-01;2.6250000e+02;7.7093169e-02;2.6250000e+02;3.7537523e-02;2.6250000e+02;-6.1384775e-03;2.6250000e+02;-4.2474987e-03;2.6250000e+02;4.5807017e-03;2.6250000e+02;2.0901324e-02;2.6250000e+02;4.4679336e-02;2.6250000e+02;7.0701011e-02;2.6250000e+02;1.0173568e-01;2.6250000e+02;1.3776456e-01;2.6250000e+02;1.7532545e-01;2.6250000e+02;2.0218208e-01;2.6250000e+02;2.1961865e-01;2.6250000e+02;2.2329634e-01;2.6250000e+02;2.1662477e-01;2.6250000e+02;1.9458684e-01;2.6250000e+02;1.5983751e-01;2.6250000e+02;1.1888196e-01;2.6250000e+02;7.7093169e-02;2.6250000e+02;3.7537523e-02;2.6250000e+02;-6.1384775e-03;2.6250000e+02;-4.2474987e-03;2.6250000e+02;4.5807017e-03;2.6250000e+02;2.0901324e-02;2.6250000e+02;4.4679336e-02;2.6250000e+02;7.0701011e-02;2.6250000e+02;1.0173568e-01;2.6250000e+02;1.3776456e-01;2.6250000e+02;1.7532545e-01;2.6250000e+02;2.0218208e-01;2.6250000e+02;2.1961865e-01;2.6250000e+02;2.2329634e-01;2.6250000e+02;2.1662477e-01;2.6250000e+02;1.9458684e-01;2.6250000e+02;1.5983751e-01;2.6250000e+02;1.1888196e-01;2.6250000e+02;7.7093169e-02;2.6250000e+02;3.7537523e-02;2.6250000e+02;-6.1384775e-03;2.6250000e+02;-4.2474987e-03;2.6250000e+02;4.5807017e-03;2.6250000e+02;2.0901324e-02;2.6250000e+02;4.4679336e-02;2.6250000e+02;7.0701011e-02;2.6250000e+02;1.0173568e-01;2.6250000e+02;1.3776456e-01;2.6250000e+02;1.7532545e-01;2.6250000e+02;2.0218208e-01;2.6250000e+02;2.1961865e-01;2.6250000e+02;2.2329634e-01;2.6250000e+02;2.1662477e-01;2.6250000e+02;1.9458684e-01;2.6250000e+02;1.5983751e-01;2.6250000e+02;1.1888196e-01;2.6250000e+02;7.7093169e-02;2.6250000e+02;3.7537523e-02;2.6250000e+02;-6.1384775e-03;2.6250000e+02;-4.2474987e-03;2.6250000e+02;4.5807017e-03;2.6250000e+02;2.0901324e-02;2.6250000e+02;4.4679336e-02;2.6250000e+02;7.0701011e-02;2.6250000e+02;1.0173568e-01;2.6250000e+02;1.3776456e-01;2.6250000e+02;1.7532545e-01;2.6250000e+02;2.0218208e-01;2.6250000e+02;2.1961865e-01;2.6250000e+02;2.2329634e-01;2.6250000e+02;2.1662477e-01;2.6250000e+02;1.9458684e-01;2.6250000e+02;1.5983751e-01;2.6250000e+02;1.1888196e-01;2.6250000e+02;7.7093169e-02;2.6250000e+02;3.7537523e-02;2.6250000e+02;-6.1384775e-03;2.6250000e+02;-4.2474987e-03;2.6250000e+02;4.5807017e-03;2.6250000e+02;2.0901324e-02;2.6250000e+02;4.4679336e-02;2.6250000e+02;7.0701011e-02;2.6250000e+02;1.0173568e-01;2.6250000e+02;1.3776456e-01;2.6250000e+02;1.7532545e-01;2.6250000e+02;2.0218208e-01;2.6250000e+02;2.1961865e-01;2.6250000e+02;2.2329634e-01;2.6250000e+02;2.1662477e-01;2.6250000e+02;1.9458684e-01;2.6250000e+02;1.5983751e-01;2.6250000e+02;1.1888196e-01;2.6250000e+02;7.7093169e-02;2.6250000e+02;3.7537523e-02;2.6250000e+02;-6.1384775e-03;2.6250000e+02;-4.2474987e-03;2.6250000e+02;4.5807017e-03;2.6250000e+02;2.0901324e-02;2.6250000e+02;4.4679336e-02;2.6250000e+02;7.0701011e-02;2.6250000e+02;1.0173568e-01;2.6250000e+02;1.3776456e-01;2.6250000e+02;1.7532545e-01;2.6250000e+02;2.0218208e-01;2.6250000e+02;2.1961865e-01;2.6250000e+02;2.2329634e-01;2.6250000e+02;2.1662477e-01;2.6250000e+02;1.9458684e-01;2.6250000e+02;1.5983751e-01;2.6250000e+02;1.1888196e-01;2.6250000e+02;7.7093169e-02;2.6250000e+02;3.7537523e-02;2.6250000e+02;-6.1384775e-03;2.6250000e+02;-4.2474987e-03;2.6250000e+02;4.5807017e-03;2.6250000e+02;2.0901324e-02;2.6250000e+02;4.4679336e-02;2.6250000e+02;7.0701011e-02;2.6250000e+02;1.0173568e-01;2.6250000e+02;1.3776456e-01;2.6250000e+02;1.7532545e-01;2.6250000e+02;2.0218208e-01;2.6250000e+02;2.1961865e-01;2.6250000e+02;2.2329634e-01;2.6250000e+02;2.1662477e-01;2.6250000e+02;1.9458684e-01;2.6250000e+02;1.5983751e-01;2.6250000e+02;1.1888196e-01;2.6250000e+02;7.7093169e-02;2.6250000e+02;3.7537523e-02;2.6250000e+02;-6.1384775e-03;2.6250000e+02;-4.2474987e-03;2.6250000e+02;4.5807017e-03;2.6250000e+02;2.0901324e-02;2.6250000e+02;4.4679336e-02;2.6250000e+02;7.0701011e-02;2.6250000e+02;1.0173568e-01;2.6250000e+02;1.3776456e-01;2.6250000e+02;1.7532545e-01;2.6250000e+02;2.0218208e-01;2.6250000e+02;2.1961865e-01;2.6250000e+02;2.2329634e-01;2.6250000e+02;2.1662477e-01;2.6250000e+02;1.9458684e-01;2.6250000e+02;1.5983751e-01;2.6250000e+02;1.1888196e-01;2.6250000e+02;7.7093169e-02;2.6250000e+02;3.7537523e-02;2.6250000e+02;-6.1384775e-03;2.6250000e+02;-4.2474987e-03;2.6250000e+02;4.5807017e-03;2.6250000e+02;2.0901324e-02;2.6250000e+02;4.4679336e-02;2.6250000e+02;7.0701011e-02;2.6250000e+02;1.0173568e-01;2.6250000e+02;1.3776456e-01;2.6250000e+02;1.7532545e-01;2.6250000e+02;2.0218208e-01;2.6250000e+02;2.1961865e-01;2.6250000e+02;2.2329634e-01;2.6250000e+02;2.1662477e-01;2.6250000e+02;1.9458684e-01;2.6250000e+02;1.5983751e-01;2.6250000e+02;1.1888196e-01;2.6250000e+02;7.7093169e-02;2.6250000e+02;3.7537523e-02;2.6250000e+02;-6.1384775e-03;2.6250000e+02;-4.2474987e-03;2.6250000e+02;4.5807017e-03;2.6250000e+02;2.0901324e-02;2.6250000e+02;4.4679336e-02;2.6250000e+02;7.0701011e-02;2.6250000e+02;1.0173568e-01;2.6250000e+02;1.3776456e-01;2.6250000e+02;1.7532545e-01;2.6250000e+02;2.0218208e-01;2.6250000e+02;2.1961865e-01;2.6250000e+02;2.2329634e-01;2.6250000e+02;2.1662477e-01;2.6250000e+02;1.9458684e-01;2.6250000e+02;1.5983751e-01;2.6250000e+02;1.1888196e-01;2.6250000e+02;7.7093169e-02;2.6250000e+02;3.7537523e-02;2.6250000e+02;-6.1384775e-03;2.6250000e+02;-4.2474987e-03;2.6250000e+02;4.5807017e-03;2.6250000e+02;2.0901324e-02;2.6250000e+02;4.4679336e-02;2.6250000e+02;7.0701011e-02;2.6250000e+02;1.0173568e-01;2.6250000e+02;1.3776456e-01;2.6250000e+02;1.7532545e-01;2.6250000e+02;2.0218208e-01;2.6250000e+02;2.1961865e-01;2.6250000e+02;2.2329634e-01;2.6250000e+02;2.1662477e-01;2.6250000e+02;1.9458684e-01;2.6250000e+02;1.5983751e-01;2.6250000e+02;1.1888196e-01;2.6250000e+02;7.7093169e-02;2.6250000e+02;3.7537523e-02;2.6250000e+02;-6.1384775e-03;2.6250000e+02;-4.2474987e-03;2.6250000e+02;4.5807017e-03;2.6250000e+02;2.0901324e-02;2.6250000e+02;4.4679336e-02;2.6250000e+02;7.0701011e-02;2.6250000e+02;1.0173568e-01;2.6250000e+02;1.3776456e-01;2.6250000e+02;1.7532545e-01;2.6250000e+02;2.0218208e-01;2.6250000e+02;2.1961865e-01;2.6250000e+02;2.2329634e-01;2.6250000e+02;2.1662477e-01;2.6250000e+02;1.9458684e-01;2.6250000e+02;1.5983751e-01;2.6250000e+02;1.1888196e-01;2.6250000e+02;7.7093169e-02;2.6250000e+02;3.7537523e-02;2.6250000e+02;-6.1384775e-03;2.6250000e+02;-4.2474987e-03;2.6250000e+02;4.5807017e-03;2.6250000e+02;2.0901324e-02;2.6250000e+02;4.4679336e-02;2.6250000e+02;7.0701011e-02;2.6250000e+02;1.0173568e-01;2.6250000e+02;1.3776456e-01;2.6250000e+02;1.7532545e-01;2.6250000e+02;2.0218208e-01;2.6250000e+02;2.1961865e-01;2.6250000e+02;2.2329634e-01;2.6250000e+02;2.1662477e-01;2.6250000e+02;1.9458684e-01;2.6250000e+02;1.5983751e-01;2.6250000e+02;1.1888196e-01;2.6250000e+02;7.7093169e-02;2.6250000e+02;3.7537523e-02;2.6250000e+02;-6.1384775e-03;2.6250000e+02;-4.2474987e-03;2.6250000e+02;4.5807017e-03;2.6250000e+02;2.0901324e-02;2.6250000e+02;4.4679336e-02;2.6250000e+02;7.0701011e-02;2.6250000e+02;1.0173568e-01;2.6250000e+02;1.3776456e-01;2.6250000e+02;1.7532545e-01;2.6250000e+02;2.0218208e-01;2.6250000e+02;2.1961865e-01;2.6250000e+02;2.2329634e-01;2.6250000e+02;2.1662477e-01;2.6250000e+02;1.9458684e-01;2.6250000e+02;1.5983751e-01;2.6250000e+02;1.1888196e-01;2.6250000e+02;7.7093169e-02;2.6250000e+02;3.7537523e-02;2.6250000e+02;-6.1384775e-03;2.6250000e+02;-4.2474987e-03;2.6250000e+02;4.5807017e-03;2.6250000e+02;2.0901324e-02;2.6250000e+02;4.4679336e-02;2.6250000e+02;7.0701011e-02;2.6250000e+02;1.0173568e-01;2.6250000e+02;1.3776456e-01;2.6250000e+02;1.7532545e-01;2.6250000e+02;2.0218208e-01;2.6250000e+02;2.1961865e-01;2.6250000e+02;2.2329634e-01;2.6250000e+02;2.1662477e-01;2.6250000e+02;1.9458684e-01;2.6250000e+02;1.5983751e-01;2.6250000e+02;1.1888196e-01;2.6250000e+02;7.7093169e-02;2.6250000e+02;3.7537523e-02;2.6250000e+02;-6.1384775e-03;2.6250000e+02;-4.2474987e-03;2.6250000e+02;4.5807017e-03;2.6250000e+02;2.0901324e-02;2.6250000e+02;4.4679336e-02;2.6250000e+02;7.0701011e-02;2.6250000e+02;1.0173568e-01;2.6250000e+02;1.3776456e-01;2.6250000e+02;1.7532545e-01;2.6250000e+02;2.0218208e-01;2.6250000e+02;2.1961865e-01;2.6250000e+02;2.2329634e-01;2.6250000e+02;2.1662477e-01;2.6250000e+02;1.9458684e-01;2.6250000e+02;1.5983751e-01;2.6250000e+02;1.1888196e-01;2.6250000e+02;7.7093169e-02;2.6250000e+02;3.7537523e-02;2.6250000e+02;-6.1384775e-03;2.6250000e+02;-4.2474987e-03;2.6250000e+02;4.5807017e-03;2.6250000e+02;2.0901324e-02;2.6250000e+02;4.4679336e-02;2.6250000e+02;7.0701011e-02;2.6250000e+02;1.0173568e-01;2.6250000e+02;1.3776456e-01;2.6250000e+02;1.7532545e-01;2.6250000e+02;2.0218208e-01;2.6250000e+02;2.1961865e-01;2.6250000e+02;2.2329634e-01;2.6250000e+02;2.1662477e-01;2.6250000e+02;1.9458684e-01;2.6250000e+02;1.5983751e-01;2.6250000e+02;1.1888196e-01;2.6250000e+02;7.7093169e-02;2.6250000e+02;3.7537523e-02;2.6250000e+02;-6.1384775e-03;2.6250000e+02;-4.2474987e-03;2.6250000e+02;4.5807017e-03;2.6250000e+02;2.0901324e-02;2.6250000e+02;4.4679336e-02;2.6250000e+02;7.0701011e-02;2.6250000e+02;1.0173568e-01;2.6250000e+02;1.3776456e-01;2.6250000e+02;1.7532545e-01;2.6250000e+02;2.0218208e-01;2.6250000e+02;2.1961865e-01;2.6250000e+02;2.2329634e-01;2.6250000e+02;2.1662477e-01;2.6250000e+02;1.9458684e-01;2.6250000e+02;1.5983751e-01;2.6250000e+02;1.1888196e-01;2.6250000e+02;7.7093169e-02;2.6250000e+02;3.7537523e-02;2.6250000e+02;-6.1384775e-03;2.6250000e+02;-4.2474987e-03;2.6250000e+02;4.5807017e-03;2.6250000e+02;2.0901324e-02;2.6250000e+02;4.4679336e-02;2.6250000e+02;7.0701011e-02;2.6250000e+02;1.0173568e-01;2.6250000e+02;1.3776456e-01;2.6250000e+02;1.7532545e-01;2.6250000e+02;2.0218208e-01;2.6250000e+02;2.1961865e-01;2.6250000e+02;2.2329634e-01;2.6250000e+02;2.1662477e-01;2.6250000e+02;1.9458684e-01;2.6250000e+02;1.5983751e-01;2.6250000e+02;1.1888196e-01;2.6250000e+02;7.7093169e-02;2.6250000e+02;3.7537523e-02;2.6250000e+02;-6.1384775e-03;2.6250000e+02;-4.2474987e-03;2.6250000e+02;4.5807017e-03;2.6250000e+02;2.0901324e-02;2.6250000e+02;4.4679336e-02;2.6250000e+02;7.0701011e-02;2.6250000e+02;1.0173568e-01;2.6250000e+02;1.3776456e-01;2.6250000e+02;1.7532545e-01;2.6250000e+02;2.0218208e-01;2.6250000e+02;2.1961865e-01;2.6250000e+02;2.2329634e-01;2.6250000e+02;2.1662477e-01;2.6250000e+02;1.9458684e-01;2.6250000e+02;1.5983751e-01;2.6250000e+02;1.1888196e-01;2.6250000e+02;7.7093169e-02;2.6250000e+02;3.7537523e-02;2.6250000e+02;-6.1384775e-03;2.6250000e+02;-4.2474987e-03;2.6250000e+02;4.5807017e-03;2.6250000e+02;2.0901324e-02;2.6250000e+02;4.4679336e-02;2.6250000e+02;7.0701011e-02;2.6250000e+02;1.0173568e-01;2.6250000e+02;1.3776456e-01;2.6250000e+02;1.7532545e-01;2.6250000e+02;2.0218208e-01;2.6250000e+02;2.1961865e-01;2.6250000e+02;2.2329634e-01;2.6250000e+02;2.1662477e-01;2.6250000e+02;1.9458684e-01;2.6250000e+02;1.5983751e-01;2.6250000e+02;1.1888196e-01;2.6250000e+02;7.7093169e-02;2.6250000e+02;3.7537523e-02;2.6250000e+02;-6.1384775e-03;2.6250000e+02;-4.2474987e-03;2.6250000e+02;4.5807017e-03;2.6250000e+02;2.0901324e-02;2.6250000e+02;4.4679336e-02;2.6250000e+02;7.0701011e-02;2.6250000e+02;1.0173568e-01;2.6250000e+02;1.3776456e-01;2.6250000e+02;1.7532545e-01;2.6250000e+02;2.0218208e-01;2.6250000e+02;2.1961865e-01;2.6250000e+02;2.2329634e-01;2.6250000e+02;2.1662477e-01;2.6250000e+02;1.9458684e-01;2.6250000e+02;1.5983751e-01;2.6250000e+02;1.1888196e-01;2.6250000e+02;7.7093169e-02;2.6250000e+02;3.7537523e-02;2.6250000e+02;-6.1384775e-03;2.6250000e+02;-4.2474987e-03;2.6250000e+02;4.5807017e-03;2.6250000e+02;2.0901324e-02;2.6250000e+02;4.4679336e-02;2.6250000e+02;7.0701011e-02;2.6250000e+02;1.0173568e-01;2.6250000e+02;1.3776456e-01;2.6250000e+02;1.7532545e-01;2.6250000e+02;2.0218208e-01;2.6250000e+02;2.1961865e-01;2.6250000e+02;2.2329634e-01;2.6250000e+02;2.1662477e-01;2.6250000e+02;1.9458684e-01;2.6250000e+02;1.5983751e-01;2.6250000e+02;1.1888196e-01;2.6250000e+02;7.7093169e-02;2.6250000e+02;3.7537523e-02;2.6250000e+02;-6.1384775e-03;2.6250000e+02;-4.2474987e-03;2.6250000e+02;4.5807017e-03;2.6250000e+02;2.0901324e-02;2.6250000e+02;4.4679336e-02;2.6250000e+02;7.0701011e-02;2.6250000e+02;1.0173568e-01;2.6250000e+02;1.3776456e-01;2.6250000e+02;1.7532545e-01;2.6250000e+02;2.0218208e-01;2.6250000e+02;2.1961865e-01;2.6250000e+02;2.2329634e-01;2.6250000e+02;2.1662477e-01;2.6250000e+02;1.9458684e-01;2.6250000e+02;1.5983751e-01;2.6250000e+02;1.1888196e-01;2.6250000e+02;7.7093169e-02;2.6250000e+02;3.7537523e-02;2.6250000e+02;-6.1384775e-03;2.6250000e+02;-4.2474987e-03;2.6250000e+02;4.5807017e-03;2.6250000e+02;2.0901324e-02;2.6250000e+02;4.4679336e-02;2.6250000e+02;7.0701011e-02;2.6250000e+02;1.0173568e-01;2.6250000e+02;1.3776456e-01;2.6250000e+02;1.7532545e-01;2.6250000e+02;2.0218208e-01;2.6250000e+02;2.1961865e-01;2.6250000e+02;2.2329634e-01;2.6250000e+02;2.1662477e-01;2.6250000e+02;1.9458684e-01;2.6250000e+02;1.5983751e-01;2.6250000e+02;1.1888196e-01;2.6250000e+02;7.7093169e-02;2.6250000e+02;3.7537523e-02;2.6250000e+02;-6.1384775e-03;2.6250000e+02;-4.2474987e-03;2.6250000e+02;4.5807017e-03;2.6250000e+02;2.0901324e-02;2.6250000e+02;4.4679336e-02;2.6250000e+02;7.0701011e-02;2.6250000e+02;1.0173568e-01;2.6250000e+02;1.3776456e-01;2.6250000e+02;1.7532545e-01;2.6250000e+02;2.0218208e-01;2.6250000e+02;2.1961865e-01;2.6250000e+02;2.2329634e-01;2.6250000e+02;2.1662477e-01;2.6250000e+02;1.9458684e-01;2.6250000e+02;1.5983751e-01;2.6250000e+02;1.1888196e-01;2.6250000e+02;7.7093169e-02;2.6250000e+02;3.7537523e-02;2.6250000e+02;-6.1384775e-03;2.6250000e+02;-4.2474987e-03;2.6250000e+02;4.5807017e-03;2.6250000e+02;2.0901324e-02;2.6250000e+02;4.4679336e-02;2.6250000e+02;7.0701011e-02;2.6250000e+02;1.0173568e-01;2.6250000e+02;1.3776456e-01;2.6250000e+02;1.7532545e-01;2.6250000e+02;2.0218208e-01;2.6250000e+02;2.1961865e-01;2.6250000e+02;2.2329634e-01;2.6250000e+02;2.1662477e-01;2.6250000e+02;1.9458684e-01;2.6250000e+02;1.5983751e-01;2.6250000e+02;1.1888196e-01;2.6250000e+02;7.7093169e-02;2.6250000e+02;3.7537523e-02;2.6250000e+02;-6.1384775e-03;2.6250000e+02;-4.2474987e-03;2.6250000e+02;4.5807017e-03;2.6250000e+02;2.0901324e-02;2.6250000e+02;4.4679336e-02;2.6250000e+02;7.0701011e-02;2.6250000e+02;1.0173568e-01;2.6250000e+02;1.3776456e-01;2.6250000e+02;1.7532545e-01;2.6250000e+02;2.0218208e-01;2.6250000e+02;2.1961865e-01;2.6250000e+02;2.2329634e-01;2.6250000e+02;2.1662477e-01;2.6250000e+02;1.9458684e-01;2.6250000e+02;1.5983751e-01;2.6250000e+02;1.1888196e-01;2.6250000e+02;7.7093169e-02;2.6250000e+02;3.7537523e-02;2.6250000e+02;-6.1384775e-03;2.6250000e+02;-4.2474987e-03;2.6250000e+02;4.5807017e-03;2.6250000e+02;2.0901324e-02;2.6250000e+02;4.4679336e-02;2.6250000e+02;7.0701011e-02;2.6250000e+02;1.0173568e-01;2.6250000e+02;1.3776456e-01;2.6250000e+02;1.7532545e-01;2.6250000e+02;2.0218208e-01;2.6250000e+02;2.1961865e-01;2.6250000e+02;2.2329634e-01;2.6250000e+02;2.1662477e-01;2.6250000e+02;1.9458684e-01;2.6250000e+02;1.5983751e-01;2.6250000e+02;1.1888196e-01;2.6250000e+02;7.7093169e-02;2.6250000e+02;3.7537523e-02;2.6250000e+02;-6.1384775e-03;2.6250000e+02;-4.2474987e-03;2.6250000e+02;4.5807017e-03;2.6250000e+02;2.0901324e-02;2.6250000e+02;4.4679336e-02;2.6250000e+02;7.0701011e-02;2.6250000e+02;1.0173568e-01;2.6250000e+02;1.3776456e-01;2.6250000e+02;1.7532545e-01;2.6250000e+02;2.0218208e-01;2.6250000e+02;2.1961865e-01;2.6250000e+02;2.2329634e-01;2.6250000e+02;2.1662477e-01;2.6250000e+02;1.9458684e-01;2.6250000e+02;1.5983751e-01;2.6250000e+02;1.1888196e-01;2.6250000e+02;7.7093169e-02;2.6250000e+02;3.7537523e-02;2.6250000e+02;-6.1384775e-03;2.6250000e+02;-4.2474987e-03;2.6250000e+02;4.5807017e-03;2.6250000e+02;2.0901324e-02;2.6250000e+02;4.4679336e-02;2.6250000e+02;7.0701011e-02;2.6250000e+02;1.0173568e-01;2.6250000e+02;1.3776456e-01;2.6250000e+02;1.7532545e-01;2.6250000e+02;2.0218208e-01;2.6250000e+02;2.1961865e-01;2.6250000e+02;2.2329634e-01;2.6250000e+02;2.1662477e-01;2.6250000e+02;1.9458684e-01;2.6250000e+02;1.5983751e-01;2.6250000e+02;1.1888196e-01;2.6250000e+02;7.7093169e-02;2.6250000e+02;3.7537523e-02;2.6250000e+02;-6.1384775e-03;2.6250000e+02;-4.2474987e-03;2.6250000e+02;4.5807017e-03;2.6250000e+02;2.0901324e-02;2.6250000e+02;4.4679336e-02;2.6250000e+02;7.0701011e-02;2.6250000e+02;1.0173568e-01;2.6250000e+02;1.3776456e-01;2.6250000e+02;1.7532545e-01;2.6250000e+02;2.0218208e-01;2.6250000e+02;2.1961865e-01;2.6250000e+02;2.2329634e-01;2.6250000e+02;2.1662477e-01;2.6250000e+02;1.9458684e-01;2.6250000e+02;1.5983751e-01;2.6250000e+02;1.1888196e-01;2.6250000e+02;7.7093169e-02;2.6250000e+02;3.7537523e-02;2.6250000e+02;-6.1384775e-03;2.6250000e+02;-4.2474987e-03;2.6250000e+02;4.5807017e-03;2.6250000e+02;2.0901324e-02;2.6250000e+02;4.4679336e-02;2.6250000e+02;7.0701011e-02;2.6250000e+02;1.0173568e-01;2.6250000e+02;1.3776456e-01;2.6250000e+02;1.7532545e-01;2.6250000e+02;2.0218208e-01;2.6250000e+02;2.1961865e-01;2.6250000e+02;2.2329634e-01;2.6250000e+02;2.1662477e-01;2.6250000e+02;1.9458684e-01;2.6250000e+02;1.5983751e-01;2.6250000e+02;1.1888196e-01;2.6250000e+02;7.7093169e-02;2.6250000e+02;3.7537523e-02;2.6250000e+02;-6.1384775e-03;2.6250000e+02;-4.2474987e-03;2.6250000e+02;4.5807017e-03;2.6250000e+02;2.0901324e-02;2.6250000e+02;4.4679336e-02;2.6250000e+02;7.0701011e-02;2.6250000e+02;1.0173568e-01;2.6250000e+02;1.3776456e-01;2.6250000e+02;1.7532545e-01;2.6250000e+02;2.0218208e-01;2.6250000e+02;2.1961865e-01;2.6250000e+02;2.2329634e-01;2.6250000e+02;2.1662477e-01;2.6250000e+02;1.9458684e-01;2.6250000e+02;1.5983751e-01;2.6250000e+02;1.1888196e-01;2.6250000e+02;7.7093169e-02;2.6250000e+02;3.7537523e-02;2.6250000e+02;-6.1384775e-03;2.6250000e+02;-4.2474987e-03;2.6250000e+02;4.5807017e-03;2.6250000e+02;2.0901324e-02;2.6250000e+02;4.4679336e-02;2.6250000e+02;7.0701011e-02;2.6250000e+02;1.0173568e-01;2.6250000e+02;1.3776456e-01;2.6250000e+02;1.7532545e-01;2.6250000e+02;2.0218208e-01;2.6250000e+02;2.1961865e-01;2.6250000e+02;2.2329634e-01;2.6250000e+02;2.1662477e-01;2.6250000e+02;1.9458684e-01;2.6250000e+02;1.5983751e-01;2.6250000e+02;1.1888196e-01;2.6250000e+02;7.7093169e-02;2.6250000e+02;3.7537523e-02;2.6250000e+02;-6.1384775e-03;2.6250000e+02;-4.2474987e-03;2.6250000e+02;4.5807017e-03;2.6250000e+02;2.0901324e-02;2.6250000e+02;4.4679336e-02;2.6250000e+02;7.0701011e-02;2.6250000e+02;1.0173568e-01;2.6250000e+02;1.3776456e-01;2.6250000e+02;1.7532545e-01;2.6250000e+02;2.0218208e-01;2.6250000e+02;2.1961865e-01;2.6250000e+02;2.2329634e-01;2.6250000e+02;2.1662477e-01;2.6250000e+02;1.9458684e-01;2.6250000e+02;1.5983751e-01;2.6250000e+02;1.1888196e-01;2.6250000e+02;7.7093169e-02;2.6250000e+02;3.7537523e-02;2.6250000e+02;-6.1384775e-03;2.6250000e+02;-4.2474987e-03;2.6250000e+02;4.5807017e-03;2.6250000e+02;2.0901324e-02;2.6250000e+02;4.4679336e-02;2.6250000e+02;7.0701011e-02;2.6250000e+02;1.0173568e-01;2.6250000e+02;1.3776456e-01;2.6250000e+02;1.7532545e-01;2.6250000e+02;2.0218208e-01;2.6250000e+02;2.1961865e-01;2.6250000e+02;2.2329634e-01;2.6250000e+02;2.1662477e-01;2.6250000e+02;1.9458684e-01;2.6250000e+02;1.5983751e-01;2.6250000e+02;1.1888196e-01;2.6250000e+02;7.7093169e-02;2.6250000e+02;3.7537523e-02;2.6250000e+02;-6.1384775e-03;2.6250000e+02;-4.2474987e-03;2.6250000e+02;4.5807017e-03;2.6250000e+02;2.0901324e-02;2.6250000e+02;4.4679336e-02;2.6250000e+02;7.0701011e-02;2.6250000e+02;1.0173568e-01;2.6250000e+02;1.3776456e-01;2.6250000e+02;1.7532545e-01;2.6250000e+02;2.0218208e-01;2.6250000e+02;2.1961865e-01;2.6250000e+02;2.2329634e-01;2.6250000e+02;2.1662477e-01;2.6250000e+02;1.9458684e-01;2.6250000e+02;1.5983751e-01;2.6250000e+02;1.1888196e-01;2.6250000e+02;7.7093169e-02;2.6250000e+02;3.7537523e-02;2.6250000e+02;-6.1384775e-03;2.6250000e+02;-4.2474987e-03;2.6250000e+02;4.5807017e-03;2.6250000e+02;2.0901324e-02;2.6250000e+02;4.4679336e-02;2.6250000e+02;7.0701011e-02;2.6250000e+02;1.0173568e-01;2.6250000e+02;1.3776456e-01;2.6250000e+02;1.7532545e-01;2.6250000e+02;2.0218208e-01;2.6250000e+02;2.1961865e-01;2.6250000e+02;2.2329634e-01;2.6250000e+02;2.1662477e-01;2.6250000e+02;1.9458684e-01;2.6250000e+02;1.5983751e-01;2.6250000e+02;1.1888196e-01;2.6250000e+02;7.7093169e-02;2.6250000e+02;3.7537523e-02;2.6250000e+02;-6.1384775e-03;2.6250000e+02;-4.2474987e-03;2.6250000e+02;4.5807017e-03;2.6250000e+02;2.0901324e-02;2.6250000e+02;4.4679336e-02;2.6250000e+02;7.0701011e-02;2.6250000e+02;1.0173568e-01;2.6250000e+02;1.3776456e-01;2.6250000e+02;1.7532545e-01;2.6250000e+02;2.0218208e-01;2.6250000e+02;2.1961865e-01;2.6250000e+02;2.2329634e-01;2.6250000e+02;2.1662477e-01;2.6250000e+02;1.9458684e-01;2.6250000e+02;1.5983751e-01;2.6250000e+02;1.1888196e-01;2.6250000e+02;7.7093169e-02;2.6250000e+02;3.7537523e-02;2.6250000e+02;-6.1384775e-03;2.6250000e+02;-4.2474987e-03;2.6250000e+02;4.5807017e-03;2.6250000e+02;2.0901324e-02;2.6250000e+02;4.4679336e-02;2.6250000e+02;7.0701011e-02;2.6250000e+02;1.0173568e-01;2.6250000e+02;1.3776456e-01;2.6250000e+02;1.7532545e-01;2.6250000e+02;2.0218208e-01;2.6250000e+02;2.1961865e-01;2.6250000e+02;2.2329634e-01;2.6250000e+02;2.1662477e-01;2.6250000e+02;1.9458684e-01;2.6250000e+02;1.5983751e-01;2.6250000e+02;1.1888196e-01;2.6250000e+02;7.7093169e-02;2.6250000e+02;3.7537523e-02;2.6250000e+02;-6.1384775e-03;2.6250000e+02;-4.2474987e-03;2.6250000e+02;4.5807017e-03;2.6250000e+02;2.0901324e-02;2.6250000e+02;4.4679336e-02;2.6250000e+02;7.0701011e-02;2.6250000e+02;1.0173568e-01;2.6250000e+02;1.3776456e-01;2.6250000e+02;1.7532545e-01;2.6250000e+02;2.0218208e-01;2.6250000e+02;2.1961865e-01;2.6250000e+02;2.2329634e-01;2.6250000e+02;2.1662477e-01;2.6250000e+02;1.9458684e-01;2.6250000e+02;1.5983751e-01;2.6250000e+02;1.1888196e-01;2.6250000e+02;7.7093169e-02;2.6250000e+02;3.7537523e-02;2.6250000e+02;-6.1384775e-03;2.6250000e+02;-4.2474987e-03;2.6250000e+02;4.5807017e-03;2.6250000e+02;2.0901324e-02;2.6250000e+02;4.4679336e-02;2.6250000e+02;7.0701011e-02;2.6250000e+02;1.0173568e-01;2.6250000e+02;1.3776456e-01;2.6250000e+02;1.7532545e-01;2.6250000e+02;2.0218208e-01;2.6250000e+02;2.1961865e-01;2.6250000e+02;2.2329634e-01;2.6250000e+02;2.1662477e-01;2.6250000e+02;1.9458684e-01;2.6250000e+02;1.5983751e-01;2.6250000e+02;1.1888196e-01;2.6250000e+02;7.7093169e-02;2.6250000e+02;3.7537523e-02;2.6250000e+02;-6.1384775e-03;2.6250000e+02;-4.2474987e-03;2.6250000e+02;4.5807017e-03;2.6250000e+02;2.0901324e-02;2.6250000e+02;4.4679336e-02;2.6250000e+02;7.0701011e-02;2.6250000e+02;1.0173568e-01;2.6250000e+02;1.3776456e-01;2.6250000e+02;1.7532545e-01;2.6250000e+02;2.0218208e-01;2.6250000e+02;2.1961865e-01;2.6250000e+02;2.2329634e-01;2.6250000e+02;2.1662477e-01;2.6250000e+02;1.9458684e-01;2.6250000e+02;1.5983751e-01;2.6250000e+02;1.1888196e-01;2.6250000e+02;7.7093169e-02;2.6250000e+02;3.7537523e-02;2.6250000e+02;-6.1384775e-03;2.6250000e+02;-4.2474987e-03;2.6250000e+02;4.5807017e-03;2.6250000e+02;2.0901324e-02;2.6250000e+02;4.4679336e-02;2.6250000e+02;7.0701011e-02;2.6250000e+02;1.0173568e-01;2.6250000e+02;1.3776456e-01;2.6250000e+02;1.7532545e-01;2.6250000e+02;2.0218208e-01;2.6250000e+02;2.1961865e-01;2.6250000e+02;2.2329634e-01;2.6250000e+02;2.1662477e-01;2.6250000e+02;1.9458684e-01;2.6250000e+02;1.5983751e-01;2.6250000e+02;1.1888196e-01;2.6250000e+02;7.7093169e-02;2.6250000e+02;3.7537523e-02;2.6250000e+02;-6.1384775e-03;2.6250000e+02;-4.2474987e-03;2.6250000e+02;4.5807017e-03;2.6250000e+02;2.0901324e-02;2.6250000e+02;4.4679336e-02;2.6250000e+02;7.0701011e-02;2.6250000e+02;1.0173568e-01;2.6250000e+02;1.3776456e-01;2.6250000e+02;1.7532545e-01;2.6250000e+02;2.0218208e-01;2.6250000e+02;2.1961865e-01;2.6250000e+02;2.2329634e-01;2.6250000e+02;2.1662477e-01;2.6250000e+02;1.9458684e-01;2.6250000e+02;1.5983751e-01;2.6250000e+02;1.1888196e-01;2.6250000e+02;7.7093169e-02;2.6250000e+02;3.7537523e-02;2.6250000e+02;-6.1384775e-03;2.6250000e+02;-4.2474987e-03;2.6250000e+02;4.5807017e-03;2.6250000e+02;2.0901324e-02;2.6250000e+02;4.4679336e-02;2.6250000e+02;7.0701011e-02;2.6250000e+02;1.0173568e-01;2.6250000e+02;1.3776456e-01;2.6250000e+02;1.7532545e-01;2.6250000e+02;2.0218208e-01;2.6250000e+02;2.1961865e-01;2.6250000e+02;2.2329634e-01;2.6250000e+02;2.1662477e-01;2.6250000e+02;1.9458684e-01;2.6250000e+02;1.5983751e-01;2.6250000e+02;1.1888196e-01;2.6250000e+02;7.7093169e-02;2.6250000e+02;3.7537523e-02;2.6250000e+02;-6.1384775e-03;2.6250000e+02;-4.2474987e-03;2.6250000e+02;4.5807017e-03;2.6250000e+02;2.0901324e-02;2.6250000e+02;4.4679336e-02;2.6250000e+02;7.0701011e-02;2.6250000e+02;1.0173568e-01;2.6250000e+02;1.3776456e-01;2.6250000e+02;1.7532545e-01;2.6250000e+02;2.0218208e-01;2.6250000e+02;2.1961865e-01;2.6250000e+02;2.2329634e-01;2.6250000e+02;2.1662477e-01;2.6250000e+02;1.9458684e-01;2.6250000e+02;1.5983751e-01;2.6250000e+02;1.1888196e-01;2.6250000e+02;7.7093169e-02;2.6250000e+02;3.7537523e-02;2.6250000e+02;-6.1384775e-03;2.6250000e+02;-4.2474987e-03;2.6250000e+02;4.5807017e-03;2.6250000e+02;2.0901324e-02;2.6250000e+02;4.4679336e-02;2.6250000e+02;7.0701011e-02;2.6250000e+02;1.0173568e-01;2.6250000e+02;1.3776456e-01;2.6250000e+02;1.7532545e-01;2.6250000e+02;2.0218208e-01;2.6250000e+02;2.1961865e-01;2.6250000e+02;2.2329634e-01;2.6250000e+02;2.1662477e-01;2.6250000e+02;1.9458684e-01;2.6250000e+02;1.5983751e-01;2.6250000e+02;1.1888196e-01;2.6250000e+02;7.7093169e-02;2.6250000e+02;3.7537523e-02;2.6250000e+02;-6.1384775e-03;2.6250000e+02;-4.2474987e-03;2.6250000e+02;4.5807017e-03;2.6250000e+02;2.0901324e-02;2.6250000e+02;4.4679336e-02;2.6250000e+02;7.0701011e-02;2.6250000e+02;1.0173568e-01;2.6250000e+02;1.3776456e-01;2.6250000e+02;1.7532545e-01;2.6250000e+02;2.0218208e-01;2.6250000e+02;2.1961865e-01;2.6250000e+02;2.2329634e-01;2.6250000e+02;2.1662477e-01;2.6250000e+02;1.9458684e-01;2.6250000e+02;1.5983751e-01;2.6250000e+02;1.1888196e-01;2.6250000e+02;7.7093169e-02;2.6250000e+02;3.7537523e-02;2.6250000e+02;-6.1384775e-03;2.6250000e+02;-4.2474987e-03;2.6250000e+02;4.5807017e-03;2.6250000e+02;2.0901324e-02;2.6250000e+02;4.4679336e-02;2.6250000e+02;7.0701011e-02;2.6250000e+02;1.0173568e-01;2.6250000e+02;1.3776456e-01;2.6250000e+02;1.7532545e-01;2.6250000e+02;2.0218208e-01;2.6250000e+02;2.1961865e-01;2.6250000e+02;2.2329634e-01;2.6250000e+02;2.1662477e-01;2.6250000e+02;1.9458684e-01;2.6250000e+02;1.5983751e-01;2.6250000e+02;1.1888196e-01;2.6250000e+02;7.7093169e-02;2.6250000e+02;3.7537523e-02;2.6250000e+02;-6.1384775e-03;2.6250000e+02;-4.2474987e-03;2.6250000e+02;4.5807017e-03;2.6250000e+02;2.0901324e-02;2.6250000e+02;4.4679336e-02;2.6250000e+02;7.0701011e-02;2.6250000e+02;1.0173568e-01;2.6250000e+02;1.3776456e-01;2.6250000e+02;1.7532545e-01;2.6250000e+02;2.0218208e-01;2.6250000e+02;2.1961865e-01;2.6250000e+02;2.2329634e-01;2.6250000e+02;2.1662477e-01;2.6250000e+02;1.9458684e-01;2.6250000e+02;1.5983751e-01;2.6250000e+02;1.1888196e-01;2.6250000e+02;7.7093169e-02;2.6250000e+02;3.7537523e-02;2.6250000e+02;-6.1384775e-03;2.6250000e+02;-4.2474987e-03;2.6250000e+02;4.5807017e-03;2.6250000e+02;2.0901324e-02;2.6250000e+02;4.4679336e-02;2.6250000e+02;7.0701011e-02;2.6250000e+02;1.0173568e-01;2.6250000e+02;1.3776456e-01;2.6250000e+02;1.7532545e-01;2.6250000e+02;2.0218208e-01;2.6250000e+02;2.1961865e-01;2.6250000e+02;2.2329634e-01;2.6250000e+02;2.1662477e-01;2.6250000e+02;1.9458684e-01;2.6250000e+02;1.5983751e-01;2.6250000e+02;1.1888196e-01;2.6250000e+02;7.7093169e-02;2.6250000e+02;3.7537523e-02;2.6250000e+02;-6.1384775e-03;2.6250000e+02;-4.2474987e-03;2.6250000e+02;4.5807017e-03;2.6250000e+02;2.0901324e-02;2.6250000e+02;4.4679336e-02;2.6250000e+02;7.0701011e-02;2.6250000e+02;1.0173568e-01;2.6250000e+02;1.3776456e-01;2.6250000e+02;1.7532545e-01;2.6250000e+02;2.0218208e-01;2.6250000e+02;2.1961865e-01;2.6250000e+02;2.2329634e-01;2.6250000e+02;2.1662477e-01;2.6250000e+02;1.9458684e-01;2.6250000e+02;1.5983751e-01;2.6250000e+02;1.1888196e-01;2.6250000e+02;7.7093169e-02;2.6250000e+02;3.7537523e-02;2.6250000e+02;-6.1384775e-03;2.6250000e+02;-4.2474987e-03;2.6250000e+02;4.5807017e-03;2.6250000e+02;2.0901324e-02;2.6250000e+02;4.4679336e-02;2.6250000e+02;7.0701011e-02;2.6250000e+02;1.0173568e-01;2.6250000e+02;1.3776456e-01;2.6250000e+02;1.7532545e-01;2.6250000e+02;2.0218208e-01;2.6250000e+02;2.1961865e-01;2.6250000e+02;2.2329634e-01;2.6250000e+02;2.1662477e-01;2.6250000e+02;1.9458684e-01;2.6250000e+02;1.5983751e-01;2.6250000e+02;1.1888196e-01;2.6250000e+02;7.7093169e-02;2.6250000e+02;3.7537523e-02;2.6250000e+02;-6.1384775e-03;2.6250000e+02;-4.2474987e-03;2.6250000e+02;4.5807017e-03;2.6250000e+02;2.0901324e-02;2.6250000e+02;4.4679336e-02;2.6250000e+02;7.0701011e-02;2.6250000e+02;1.0173568e-01;2.6250000e+02;1.3776456e-01;2.6250000e+02;1.7532545e-01;2.6250000e+02;2.0218208e-01;2.6250000e+02;2.1961865e-01;2.6250000e+02;2.2329634e-01;2.6250000e+02;2.1662477e-01;2.6250000e+02;1.9458684e-01;2.6250000e+02;1.5983751e-01;2.6250000e+02;1.1888196e-01;2.6250000e+02;7.7093169e-02;2.6250000e+02;3.7537523e-02;2.6250000e+02;-6.1384775e-03;2.6250000e+02;-4.2474987e-03;2.6250000e+02;4.5807017e-03;2.6250000e+02;2.0901324e-02;2.6250000e+02;4.4679336e-02;2.6250000e+02;7.0701011e-02;2.6250000e+02;1.0173568e-01;2.6250000e+02;1.3776456e-01;2.6250000e+02;1.7532545e-01;2.6250000e+02;2.0218208e-01;2.6250000e+02;2.1961865e-01;2.6250000e+02;2.2329634e-01;2.6250000e+02;2.1662477e-01;2.6250000e+02;1.9458684e-01;2.6250000e+02;1.5983751e-01;2.6250000e+02;1.1888196e-01;2.6250000e+02;7.7093169e-02;2.6250000e+02;3.7537523e-02;2.6250000e+02;-6.1384775e-03;2.6250000e+02;-4.2474987e-03;2.6250000e+02;4.5807017e-03;2.6250000e+02;2.0901324e-02;2.6250000e+02;4.4679336e-02;2.6250000e+02;7.0701011e-02;2.6250000e+02;1.0173568e-01;2.6250000e+02;1.3776456e-01;2.6250000e+02;1.7532545e-01;2.6250000e+02;2.0218208e-01;2.6250000e+02;2.1961865e-01;2.6250000e+02;2.2329634e-01;2.6250000e+02;2.1662477e-01;2.6250000e+02;1.9458684e-01;2.6250000e+02;1.5983751e-01;2.6250000e+02;1.1888196e-01;2.6250000e+02;7.7093169e-02;2.6250000e+02;3.7537523e-02;2.6250000e+02;-6.1384775e-03;2.6250000e+02;-4.2474987e-03;2.6250000e+02;4.5807017e-03;2.6250000e+02;2.0901324e-02;2.6250000e+02;4.4679336e-02;2.6250000e+02;7.0701011e-02;2.6250000e+02;1.0173568e-01;2.6250000e+02;1.3776456e-01;2.6250000e+02;1.7532545e-01;2.6250000e+02;2.0218208e-01;2.6250000e+02;2.1961865e-01;2.6250000e+02;2.2329634e-01;2.6250000e+02;2.1662477e-01;2.6250000e+02;1.9458684e-01;2.6250000e+02;1.5983751e-01;2.6250000e+02;1.1888196e-01;2.6250000e+02;7.7093169e-02;2.6250000e+02;3.7537523e-02;2.6250000e+02;-6.1384775e-03;2.6250000e+02;-4.2474987e-03;2.6250000e+02;4.5807017e-03;2.6250000e+02;2.0901324e-02;2.6250000e+02;4.4679336e-02;2.6250000e+02;7.0701011e-02;2.6250000e+02;1.0173568e-01;2.6250000e+02;1.3776456e-01;2.6250000e+02;1.7532545e-01;2.6250000e+02;2.0218208e-01;2.6250000e+02;2.1961865e-01;2.6250000e+02;2.2329634e-01;2.6250000e+02;2.1662477e-01;2.6250000e+02;1.9458684e-01;2.6250000e+02;1.5983751e-01;2.6250000e+02;1.1888196e-01;2.6250000e+02;7.7093169e-02;2.6250000e+02;3.7537523e-02;2.6250000e+02;-6.1384775e-03;2.6250000e+02;-4.2474987e-03;2.6250000e+02;4.5807017e-03;2.6250000e+02;2.0901324e-02;2.6250000e+02;4.4679336e-02;2.6250000e+02;7.0701011e-02;2.6250000e+02;1.0173568e-01;2.6250000e+02;1.3776456e-01;2.6250000e+02;1.7532545e-01;2.6250000e+02;2.0218208e-01;2.6250000e+02;2.1961865e-01;2.6250000e+02;2.2329634e-01;2.6250000e+02;2.1662477e-01;2.6250000e+02;1.9458684e-01;2.6250000e+02;1.5983751e-01;2.6250000e+02;1.1888196e-01;2.6250000e+02;7.7093169e-02;2.6250000e+02;3.7537523e-02;2.6250000e+02;-6.1384775e-03;2.6250000e+02;-4.2474987e-03;2.6250000e+02;4.5807017e-03;2.6250000e+02;2.0901324e-02;2.6250000e+02;4.4679336e-02;2.6250000e+02;7.0701011e-02;2.6250000e+02;1.0173568e-01;2.6250000e+02;1.3776456e-01;2.6250000e+02;1.7532545e-01;2.6250000e+02;2.0218208e-01;2.6250000e+02;2.1961865e-01;2.6250000e+02;2.2329634e-01;2.6250000e+02;2.1662477e-01;2.6250000e+02;1.9458684e-01;2.6250000e+02;1.5983751e-01;2.6250000e+02;1.1888196e-01;2.6250000e+02;7.7093169e-02;2.6250000e+02;3.7537523e-02;2.6250000e+02;-6.1384775e-03;2.6250000e+02;-4.2474987e-03;2.6250000e+02;4.5807017e-03;2.6250000e+02;2.0901324e-02;2.6250000e+02;4.4679336e-02;2.6250000e+02;7.0701011e-02;2.6250000e+02;1.0173568e-01;2.6250000e+02;1.3776456e-01;2.6250000e+02;1.7532545e-01;2.6250000e+02;2.0218208e-01;2.6250000e+02;2.1961865e-01;2.6250000e+02;2.2329634e-01;2.6250000e+02;2.1662477e-01;2.6250000e+02;1.9458684e-01;2.6250000e+02;1.5983751e-01;2.6250000e+02;1.1888196e-01;2.6250000e+02;7.7093169e-02;2.6250000e+02;3.7537523e-02;2.6250000e+02;-6.1384775e-03;2.6250000e+02;-4.2474987e-03;2.6250000e+02;4.5807017e-03;2.6250000e+02;2.0901324e-02;2.6250000e+02;4.4679336e-02;2.6250000e+02;7.0701011e-02;2.6250000e+02;1.0173568e-01;2.6250000e+02;1.3776456e-01;2.6250000e+02;1.7532545e-01;2.6250000e+02;2.0218208e-01;2.6250000e+02;2.1961865e-01;2.6250000e+02;2.2329634e-01;2.6250000e+02;2.1662477e-01;2.6250000e+02;1.9458684e-01;2.6250000e+02;1.5983751e-01;2.6250000e+02;1.1888196e-01;2.6250000e+02;7.7093169e-02;2.6250000e+02;3.7537523e-02;2.6250000e+02;-6.1384775e-03;2.6250000e+02;-4.2474987e-03;2.6250000e+02;4.5807017e-03;2.6250000e+02;2.0901324e-02;2.6250000e+02;4.4679336e-02;2.6250000e+02;7.0701011e-02;2.6250000e+02;1.0173568e-01;2.6250000e+02;1.3776456e-01;2.6250000e+02;1.7532545e-01;2.6250000e+02;2.0218208e-01;2.6250000e+02;2.1961865e-01;2.6250000e+02;2.2329634e-01;2.6250000e+02;2.1662477e-01;2.6250000e+02;1.9458684e-01;2.6250000e+02;1.5983751e-01;2.6250000e+02;1.1888196e-01;2.6250000e+02;7.7093169e-02;2.6250000e+02;3.7537523e-02;2.6250000e+02;-6.1384775e-03;2.6250000e+02;-4.2474987e-03;2.6250000e+02;4.5807017e-03;2.6250000e+02;2.0901324e-02;2.6250000e+02;4.4679336e-02;2.6250000e+02;7.0701011e-02;2.6250000e+02;1.0173568e-01;2.6250000e+02;1.3776456e-01;2.6250000e+02;1.7532545e-01;2.6250000e+02;2.0218208e-01;2.6250000e+02;2.1961865e-01;2.6250000e+02;2.2329634e-01;2.6250000e+02;2.1662477e-01;2.6250000e+02;1.9458684e-01;2.6250000e+02;1.5983751e-01;2.6250000e+02;1.1888196e-01;2.6250000e+02;7.7093169e-02;2.6250000e+02;3.7537523e-02;2.6250000e+02;-6.1384775e-03;2.6250000e+02;-4.2474987e-03;2.6250000e+02;4.5807017e-03;2.6250000e+02;2.0901324e-02;2.6250000e+02;4.4679336e-02;2.6250000e+02;7.0701011e-02;2.6250000e+02;1.0173568e-01;2.6250000e+02;1.3776456e-01;2.6250000e+02;1.7532545e-01;2.6250000e+02;2.0218208e-01;2.6250000e+02;2.1961865e-01;2.6250000e+02;2.2329634e-01;2.6250000e+02;2.1662477e-01;2.6250000e+02;1.9458684e-01;2.6250000e+02;1.5983751e-01;2.6250000e+02;1.1888196e-01;2.6250000e+02;7.7093169e-02;2.6250000e+02;3.7537523e-02;2.6250000e+02;-6.1384775e-03;2.6250000e+02;-4.2474987e-03;2.6250000e+02;4.5807017e-03;2.6250000e+02;2.0901324e-02;2.6250000e+02;4.4679336e-02;2.6250000e+02;7.0701011e-02;2.6250000e+02;1.0173568e-01;2.6250000e+02;1.3776456e-01;2.6250000e+02;1.7532545e-01;2.6250000e+02;2.0218208e-01;2.6250000e+02;2.1961865e-01;2.6250000e+02;2.2329634e-01;2.6250000e+02;2.1662477e-01;2.6250000e+02;1.9458684e-01;2.6250000e+02;1.5983751e-01;2.6250000e+02;1.1888196e-01;2.6250000e+02;7.7093169e-02;2.6250000e+02;3.7537523e-02;2.6250000e+02;-6.1384775e-03;2.6250000e+02;-4.2474987e-03;2.6250000e+02;4.5807017e-03;2.6250000e+02;2.0901324e-02;2.6250000e+02;4.4679336e-02;2.6250000e+02;7.0701011e-02;2.6250000e+02;1.0173568e-01;2.6250000e+02;1.3776456e-01;2.6250000e+02;1.7532545e-01;2.6250000e+02;2.0218208e-01;2.6250000e+02;2.1961865e-01;2.6250000e+02;2.2329634e-01;2.6250000e+02;2.1662477e-01;2.6250000e+02;1.9458684e-01;2.6250000e+02;1.5983751e-01;2.6250000e+02;1.1888196e-01;2.6250000e+02;7.7093169e-02;2.6250000e+02;3.7537523e-02;2.6250000e+02;-6.1384775e-03;2.6250000e+02;-4.2474987e-03;2.6250000e+02;4.5807017e-03;2.6250000e+02;2.0901324e-02;2.6250000e+02;4.4679336e-02;2.6250000e+02;7.0701011e-02;2.6250000e+02;1.0173568e-01;2.6250000e+02;1.3776456e-01;2.6250000e+02;1.7532545e-01;2.6250000e+02;2.0218208e-01;2.6250000e+02;2.1961865e-01;2.6250000e+02;2.2329634e-01;2.6250000e+02;2.1662477e-01;2.6250000e+02;1.9458684e-01;2.6250000e+02;1.5983751e-01;2.6250000e+02;1.1888196e-01;2.6250000e+02;7.7093169e-02;2.6250000e+02;3.7537523e-02;2.6250000e+02;-6.1384775e-03;2.6250000e+02;-4.2474987e-03;2.6250000e+02;4.5807017e-03;2.6250000e+02;2.0901324e-02;2.6250000e+02;4.4679336e-02;2.6250000e+02;7.0701011e-02;2.6250000e+02;1.0173568e-01;2.6250000e+02;1.3776456e-01;2.6250000e+02;1.7532545e-01;2.6250000e+02;2.0218208e-01;2.6250000e+02;2.1961865e-01;2.6250000e+02;2.2329634e-01;2.6250000e+02;2.1662477e-01;2.6250000e+02;1.9458684e-01;2.6250000e+02;1.5983751e-01;2.6250000e+02;1.1888196e-01;2.6250000e+02;7.7093169e-02;2.6250000e+02;3.7537523e-02;2.6250000e+02;-6.1384775e-03;2.6250000e+02;-4.2474987e-03;2.6250000e+02;4.5807017e-03;2.6250000e+02;2.0901324e-02;2.6250000e+02;4.4679336e-02;2.6250000e+02;7.0701011e-02;2.6250000e+02;1.0173568e-01;2.6250000e+02;1.3776456e-01;2.6250000e+02;1.7532545e-01;2.6250000e+02;2.0218208e-01;2.6250000e+02;2.1961865e-01;2.6250000e+02;2.2329634e-01;2.6250000e+02;2.1662477e-01;2.6250000e+02;1.9458684e-01;2.6250000e+02;1.5983751e-01;2.6250000e+02;1.1888196e-01;2.6250000e+02;7.7093169e-02;2.6250000e+02;3.7537523e-02;2.6250000e+02;-6.1384775e-03;2.6250000e+02;-4.2474987e-03;2.6250000e+02;4.5807017e-03;2.6250000e+02;2.0901324e-02;2.6250000e+02;4.4679336e-02;2.6250000e+02;7.0701011e-02;2.6250000e+02;1.0173568e-01;2.6250000e+02;1.3776456e-01;2.6250000e+02;1.7532545e-01;2.6250000e+02;2.0218208e-01;2.6250000e+02;2.1961865e-01;2.6250000e+02;2.2329634e-01;2.6250000e+02;2.1662477e-01;2.6250000e+02;1.9458684e-01;2.6250000e+02;1.5983751e-01;2.6250000e+02;1.1888196e-01;2.6250000e+02;7.7093169e-02;2.6250000e+02;3.7537523e-02;2.6250000e+02;-6.1384775e-03;2.6250000e+02;-4.2474987e-03;2.6250000e+02;4.5807017e-03;2.6250000e+02;2.0901324e-02;2.6250000e+02;4.4679336e-02;2.6250000e+02;7.0701011e-02;2.6250000e+02;1.0173568e-01;2.6250000e+02;1.3776456e-01;2.6250000e+02;1.7532545e-01;2.6250000e+02;2.0218208e-01;2.6250000e+02;2.1961865e-01;2.6250000e+02;2.2329634e-01;2.6250000e+02;2.1662477e-01;2.6250000e+02;1.9458684e-01;2.6250000e+02;1.5983751e-01;2.6250000e+02;1.1888196e-01;2.6250000e+02;7.7093169e-02;2.6250000e+02;3.7537523e-02;2.6250000e+02;-6.1384775e-03;2.6250000e+02;-4.2474987e-03;2.6250000e+02;4.5807017e-03;2.6250000e+02;2.0901324e-02;2.6250000e+02;4.4679336e-02;2.6250000e+02;7.0701011e-02;2.6250000e+02;1.0173568e-01;2.6250000e+02;1.3776456e-01;2.6250000e+02;1.7532545e-01;2.6250000e+02;2.0218208e-01;2.6250000e+02;2.1961865e-01;2.6250000e+02;2.2329634e-01;2.6250000e+02;2.1662477e-01;2.6250000e+02;1.9458684e-01;2.6250000e+02;1.5983751e-01;2.6250000e+02;1.1888196e-01;2.6250000e+02;7.7093169e-02;2.6250000e+02;3.7537523e-02;2.6250000e+02;-6.1384775e-03;2.6250000e+02;-4.2474987e-03;2.6250000e+02;4.5807017e-03;2.6250000e+02;2.0901324e-02;2.6250000e+02;4.4679336e-02;2.6250000e+02;7.0701011e-02;2.6250000e+02;1.0173568e-01;2.6250000e+02;1.3776456e-01;2.6250000e+02;1.7532545e-01;2.6250000e+02;2.0218208e-01;2.6250000e+02;2.1961865e-01;2.6250000e+02;2.2329634e-01;2.6250000e+02;2.1662477e-01;2.6250000e+02;1.9458684e-01;2.6250000e+02;1.5983751e-01;2.6250000e+02;1.1888196e-01;2.6250000e+02;7.7093169e-02;2.6250000e+02;3.7537523e-02;2.6250000e+02;-6.1384775e-03;2.6250000e+02;-4.2474987e-03;2.6250000e+02;4.5807017e-03;2.6250000e+02;2.0901324e-02;2.6250000e+02;4.4679336e-02;2.6250000e+02;7.0701011e-02;2.6250000e+02;1.0173568e-01;2.6250000e+02;1.3776456e-01;2.6250000e+02;1.7532545e-01;2.6250000e+02;2.0218208e-01;2.6250000e+02;2.1961865e-01;2.6250000e+02;2.2329634e-01;2.6250000e+02;2.1662477e-01;2.6250000e+02;1.9458684e-01;2.6250000e+02;1.5983751e-01;2.6250000e+02;1.1888196e-01;2.6250000e+02;7.7093169e-02;2.6250000e+02;3.7537523e-02;2.6250000e+02;-6.1384775e-03;2.6250000e+02;-4.2474987e-03;2.6250000e+02;4.5807017e-03;2.6250000e+02;2.0901324e-02;2.6250000e+02;4.4679336e-02;2.6250000e+02;7.0701011e-02;2.6250000e+02;1.0173568e-01;2.6250000e+02;1.3776456e-01;2.6250000e+02;1.7532545e-01;2.6250000e+02;2.0218208e-01;2.6250000e+02;2.1961865e-01;2.6250000e+02;2.2329634e-01;2.6250000e+02;2.1662477e-01;2.6250000e+02;1.9458684e-01;2.6250000e+02;1.5983751e-01;2.6250000e+02;1.1888196e-01;2.6250000e+02;7.7093169e-02;2.6250000e+02;3.7537523e-02;2.6250000e+02;-6.1384775e-03;2.6250000e+02;-4.2474987e-03;2.6250000e+02;4.5807017e-03;2.6250000e+02;2.0901324e-02;2.6250000e+02;4.4679336e-02;2.6250000e+02;7.0701011e-02;2.6250000e+02;1.0173568e-01;2.6250000e+02;1.3776456e-01;2.6250000e+02;1.7532545e-01;2.6250000e+02;2.0218208e-01;2.6250000e+02;2.1961865e-01;2.6250000e+02;2.2329634e-01;2.6250000e+02;2.1662477e-01;2.6250000e+02;1.9458684e-01;2.6250000e+02;1.5983751e-01;2.6250000e+02;1.1888196e-01;2.6250000e+02;7.7093169e-02;2.6250000e+02;3.7537523e-02;2.6250000e+02;-6.1384775e-03;2.6250000e+02;-4.2474987e-03;2.6250000e+02;4.5807017e-03;2.6250000e+02;2.0901324e-02;2.6250000e+02;4.4679336e-02;2.6250000e+02;7.0701011e-02;2.6250000e+02;1.0173568e-01;2.6250000e+02;1.3776456e-01;2.6250000e+02;1.7532545e-01;2.6250000e+02;2.0218208e-01;2.6250000e+02;2.1961865e-01;2.6250000e+02;2.2329634e-01;2.6250000e+02;2.1662477e-01;2.6250000e+02;1.9458684e-01;2.6250000e+02;1.5983751e-01;2.6250000e+02;1.1888196e-01;2.6250000e+02;7.7093169e-02;2.6250000e+02;3.7537523e-02;2.6250000e+02;-6.1384775e-03;2.6250000e+02;-4.2474987e-03;2.6250000e+02;4.5807017e-03;2.6250000e+02;2.0901324e-02;2.6250000e+02;4.4679336e-02;2.6250000e+02;7.0701011e-02;2.6250000e+02;1.0173568e-01;2.6250000e+02;1.3776456e-01;2.6250000e+02;1.7532545e-01;2.6250000e+02;2.0218208e-01;2.6250000e+02;2.1961865e-01;2.6250000e+02;2.2329634e-01;2.6250000e+02;2.1662477e-01;2.6250000e+02;1.9458684e-01;2.6250000e+02;1.5983751e-01;2.6250000e+02;1.1888196e-01;2.6250000e+02;7.7093169e-02;2.6250000e+02;3.7537523e-02;2.6250000e+02;-6.1384775e-03;2.6250000e+02;-4.2474987e-03;2.6250000e+02;4.5807017e-03;2.6250000e+02;2.0901324e-02;2.6250000e+02;4.4679336e-02;2.6250000e+02;7.0701011e-02;2.6250000e+02;1.0173568e-01;2.6250000e+02;1.3776456e-01;2.6250000e+02;1.7532545e-01;2.6250000e+02;2.0218208e-01;2.6250000e+02;2.1961865e-01;2.6250000e+02;2.2329634e-01;2.6250000e+02;2.1662477e-01;2.6250000e+02;1.9458684e-01;2.6250000e+02;1.5983751e-01;2.6250000e+02;1.1888196e-01;2.6250000e+02;7.7093169e-02;2.6250000e+02;3.7537523e-02;2.6250000e+02;-6.1384775e-03;2.6250000e+02;-4.2474987e-03;2.6250000e+02;4.5807017e-03;2.6250000e+02;2.0901324e-02;2.6250000e+02;4.4679336e-02;2.6250000e+02;7.0701011e-02;2.6250000e+02;1.0173568e-01;2.6250000e+02;1.3776456e-01;2.6250000e+02;1.7532545e-01;2.6250000e+02;2.0218208e-01;2.6250000e+02;2.1961865e-01;2.6250000e+02;2.2329634e-01;2.6250000e+02;2.1662477e-01;2.6250000e+02;1.9458684e-01;2.6250000e+02;1.5983751e-01;2.6250000e+02;1.1888196e-01;2.6250000e+02;7.7093169e-02;2.6250000e+02;3.7537523e-02;2.6250000e+02;-6.1384775e-03;2.6250000e+02;-4.2474987e-03;2.6250000e+02;4.5807017e-03;2.6250000e+02;2.0901324e-02;2.6250000e+02;4.4679336e-02;2.6250000e+02;7.0701011e-02;2.6250000e+02;1.0173568e-01;2.6250000e+02;1.3776456e-01;2.6250000e+02;1.7532545e-01;2.6250000e+02;2.0218208e-01;2.6250000e+02;2.1961865e-01;2.6250000e+02;2.2329634e-01;2.6250000e+02;2.1662477e-01;2.6250000e+02;1.9458684e-01;2.6250000e+02;1.5983751e-01;2.6250000e+02;1.1888196e-01;2.6250000e+02;7.7093169e-02;2.6250000e+02;3.7537523e-02;2.6250000e+02;-6.1384775e-03;2.6250000e+02;-4.2474987e-03;2.6250000e+02;4.5807017e-03;2.6250000e+02;2.0901324e-02;2.6250000e+02;4.4679336e-02;2.6250000e+02;7.0701011e-02;2.6250000e+02;1.0173568e-01;2.6250000e+02;1.3776456e-01;2.6250000e+02;1.7532545e-01;2.6250000e+02;2.0218208e-01;2.6250000e+02;2.1961865e-01;2.6250000e+02;2.2329634e-01;2.6250000e+02;2.1662477e-01;2.6250000e+02;1.9458684e-01;2.6250000e+02;1.5983751e-01;2.6250000e+02;1.1888196e-01;2.6250000e+02;7.7093169e-02;2.6250000e+02;3.7537523e-02;2.6250000e+02;-6.1384775e-03;2.6250000e+02;-4.2474987e-03;2.6250000e+02;4.5807017e-03;2.6250000e+02;2.0901324e-02;2.6250000e+02;4.4679336e-02;2.6250000e+02;7.0701011e-02;2.6250000e+02;1.0173568e-01;2.6250000e+02;1.3776456e-01;2.6250000e+02;1.7532545e-01;2.6250000e+02;2.0218208e-01;2.6250000e+02;2.1961865e-01;2.6250000e+02;2.2329634e-01;2.6250000e+02;2.1662477e-01;2.6250000e+02;1.9458684e-01;2.6250000e+02;1.5983751e-01;2.6250000e+02;1.1888196e-01;2.6250000e+02;7.7093169e-02;2.6250000e+02;3.7537523e-02;2.6250000e+02;-6.1384775e-03;2.6250000e+02;-4.2474987e-03;2.6250000e+02;4.5807017e-03;2.6250000e+02;2.0901324e-02;2.6250000e+02;4.4679336e-02;2.6250000e+02;7.0701011e-02;2.6250000e+02;1.0173568e-01;2.6250000e+02;1.3776456e-01;2.6250000e+02;1.7532545e-01;2.6250000e+02;2.0218208e-01;2.6250000e+02;2.1961865e-01;2.6250000e+02;2.2329634e-01;2.6250000e+02;2.1662477e-01;2.6250000e+02;1.9458684e-01;2.6250000e+02;1.5983751e-01;2.6250000e+02;1.1888196e-01;2.6250000e+02;7.7093169e-02;2.6250000e+02;3.7537523e-02;2.6250000e+02;-6.1384775e-03;2.6250000e+02;-4.2474987e-03;2.6250000e+02;4.5807017e-03;2.6250000e+02;2.0901324e-02;2.6250000e+02;4.4679336e-02;2.6250000e+02;7.0701011e-02;2.6250000e+02;1.0173568e-01;2.6250000e+02;1.3776456e-01;2.6250000e+02;1.7532545e-01;2.6250000e+02;2.0218208e-01;2.6250000e+02;2.1961865e-01;2.6250000e+02;2.2329634e-01;2.6250000e+02;2.1662477e-01;2.6250000e+02;1.9458684e-01;2.6250000e+02;1.5983751e-01;2.6250000e+02;1.1888196e-01;2.6250000e+02;7.7093169e-02;2.6250000e+02;3.7537523e-02;2.6250000e+02;-6.1384775e-03;2.6250000e+02;-4.2474987e-03;2.6250000e+02;4.5807017e-03;2.6250000e+02;2.0901324e-02;2.6250000e+02;4.4679336e-02;2.6250000e+02;7.0701011e-02;2.6250000e+02;1.0173568e-01;2.6250000e+02;1.3776456e-01;2.6250000e+02;1.7532545e-01;2.6250000e+02;2.0218208e-01;2.6250000e+02;2.1961865e-01;2.6250000e+02;2.2329634e-01;2.6250000e+02;2.1662477e-01;2.6250000e+02;1.9458684e-01;2.6250000e+02;1.5983751e-01;2.6250000e+02;1.1888196e-01;2.6250000e+02;7.7093169e-02;2.6250000e+02;3.7537523e-02;2.6250000e+02;-6.1384775e-03;2.6250000e+02;-4.2474987e-03;2.6250000e+02;4.5807017e-03;2.6250000e+02;2.0901324e-02;2.6250000e+02;4.4679336e-02;2.6250000e+02;7.0701011e-02;2.6250000e+02;1.0173568e-01;2.6250000e+02;1.3776456e-01;2.6250000e+02;1.7532545e-01;2.6250000e+02;2.0218208e-01;2.6250000e+02;2.1961865e-01;2.6250000e+02;2.2329634e-01;2.6250000e+02;2.1662477e-01;2.6250000e+02;1.9458684e-01;2.6250000e+02;1.5983751e-01;2.6250000e+02;1.1888196e-01;2.6250000e+02;7.7093169e-02;2.6250000e+02;3.7537523e-02;2.6250000e+02;-6.1384775e-03;2.6250000e+02;-4.2474987e-03;2.6250000e+02;4.5807017e-03;2.6250000e+02;2.0901324e-02;2.6250000e+02;4.4679336e-02;2.6250000e+02;7.0701011e-02;2.6250000e+02;1.0173568e-01;2.6250000e+02;1.3776456e-01;2.6250000e+02;1.7532545e-01;2.6250000e+02;2.0218208e-01;2.6250000e+02;2.1961865e-01;2.6250000e+02;2.2329634e-01;2.6250000e+02;2.1662477e-01;2.6250000e+02;1.9458684e-01;2.6250000e+02;1.5983751e-01;2.6250000e+02;1.1888196e-01;2.6250000e+02;7.7093169e-02;2.6250000e+02;3.7537523e-02;2.6250000e+02;-6.1384775e-03;2.6250000e+02;-4.2474987e-03;2.6250000e+02;4.5807017e-03;2.6250000e+02;2.0901324e-02;2.6250000e+02;4.4679336e-02;2.6250000e+02;7.0701011e-02;2.6250000e+02;1.0173568e-01;2.6250000e+02;1.3776456e-01;2.6250000e+02;1.7532545e-01;2.6250000e+02;2.0218208e-01;2.6250000e+02;2.1961865e-01;2.6250000e+02;2.2329634e-01;2.6250000e+02;2.1662477e-01;2.6250000e+02;1.9458684e-01;2.6250000e+02;1.5983751e-01;2.6250000e+02;1.1888196e-01;2.6250000e+02;7.7093169e-02;2.6250000e+02;3.7537523e-02;2.6250000e+02;-6.1384775e-03;2.6250000e+02;-4.2474987e-03;2.6250000e+02;4.5807017e-03;2.6250000e+02;2.0901324e-02;2.6250000e+02;4.4679336e-02;2.6250000e+02;7.0701011e-02;2.6250000e+02;1.0173568e-01;2.6250000e+02;1.3776456e-01;2.6250000e+02;1.7532545e-01;2.6250000e+02;2.0218208e-01;2.6250000e+02;2.1961865e-01;2.6250000e+02;2.2329634e-01;2.6250000e+02;2.1662477e-01;2.6250000e+02;1.9458684e-01;2.6250000e+02;1.5983751e-01;2.6250000e+02;1.1888196e-01;2.6250000e+02;7.7093169e-02;2.6250000e+02;3.7537523e-02;2.6250000e+02;-6.1384775e-03;2.6250000e+02;-4.2474987e-03;2.6250000e+02;4.5807017e-03;2.6250000e+02;2.0901324e-02;2.6250000e+02;4.4679336e-02;2.6250000e+02;7.0701011e-02;2.6250000e+02;1.0173568e-01;2.6250000e+02;1.3776456e-01;2.6250000e+02;1.7532545e-01;2.6250000e+02;2.0218208e-01;2.6250000e+02;2.1961865e-01;2.6250000e+02;2.2329634e-01;2.6250000e+02;2.1662477e-01;2.6250000e+02;1.9458684e-01;2.6250000e+02;1.5983751e-01;2.6250000e+02;1.1888196e-01;2.6250000e+02;7.7093169e-02;2.6250000e+02;3.7537523e-02;2.6250000e+02;-6.1384775e-03;2.6250000e+02;-4.2474987e-03;2.6250000e+02;4.5807017e-03;2.6250000e+02;2.0901324e-02;2.6250000e+02;4.4679336e-02;2.6250000e+02;7.0701011e-02;2.6250000e+02;1.0173568e-01;2.6250000e+02;1.3776456e-01;2.6250000e+02;1.7532545e-01;2.6250000e+02;2.0218208e-01;2.6250000e+02;2.1961865e-01;2.6250000e+02;2.2329634e-01;2.6250000e+02;2.1662477e-01;2.6250000e+02;1.9458684e-01;2.6250000e+02;1.5983751e-01;2.6250000e+02;1.1888196e-01;2.6250000e+02;7.7093169e-02;2.6250000e+02;3.7537523e-02;2.6250000e+02;-6.1384775e-03;2.6250000e+02;-4.2474987e-03;2.6250000e+02;4.5807017e-03;2.6250000e+02;2.0901324e-02;2.6250000e+02;4.4679336e-02;2.6250000e+02;7.0701011e-02;2.6250000e+02;1.0173568e-01;2.6250000e+02;1.3776456e-01;2.6250000e+02;1.7532545e-01;2.6250000e+02;2.0218208e-01;2.6250000e+02;2.1961865e-01;2.6250000e+02;2.2329634e-01;2.6250000e+02;2.1662477e-01;2.6250000e+02;1.9458684e-01;2.6250000e+02;1.5983751e-01;2.6250000e+02;1.1888196e-01;2.6250000e+02;7.7093169e-02;2.6250000e+02;3.7537523e-02;2.6250000e+02;-6.1384775e-03;2.6250000e+02;-4.2474987e-03;2.6250000e+02;4.5807017e-03;2.6250000e+02;2.0901324e-02;2.6250000e+02;4.4679336e-02;2.6250000e+02;7.0701011e-02;2.6250000e+02;1.0173568e-01;2.6250000e+02;1.3776456e-01;2.6250000e+02;1.7532545e-01;2.6250000e+02;2.0218208e-01;2.6250000e+02;2.1961865e-01;2.6250000e+02;2.2329634e-01;2.6250000e+02;2.1662477e-01;2.6250000e+02;1.9458684e-01;2.6250000e+02;1.5983751e-01;2.6250000e+02;1.1888196e-01;2.6250000e+02;7.7093169e-02;2.6250000e+02;3.7537523e-02;2.6250000e+02;-6.1384775e-03;2.6250000e+02;-4.2474987e-03;2.6250000e+02;4.5807017e-03;2.6250000e+02;2.0901324e-02;2.6250000e+02;4.4679336e-02;2.6250000e+02;7.0701011e-02;2.6250000e+02;1.0173568e-01;2.6250000e+02;1.3776456e-01;2.6250000e+02;1.7532545e-01;2.6250000e+02;2.0218208e-01;2.6250000e+02;2.1961865e-01;2.6250000e+02;2.2329634e-01;2.6250000e+02;2.1662477e-01;2.6250000e+02;1.9458684e-01;2.6250000e+02;1.5983751e-01;2.6250000e+02;1.1888196e-01;2.6250000e+02;7.7093169e-02;2.6250000e+02;3.7537523e-02;2.6250000e+02;-6.1384775e-03;2.6250000e+02;-4.2474987e-03;2.6250000e+02;4.5807017e-03;2.6250000e+02;2.0901324e-02;2.6250000e+02;4.4679336e-02;2.6250000e+02;7.0701011e-02;2.6250000e+02;1.0173568e-01;2.6250000e+02;1.3776456e-01;2.6250000e+02;1.7532545e-01;2.6250000e+02;2.0218208e-01;2.6250000e+02;2.1961865e-01;2.6250000e+02;2.2329634e-01;2.6250000e+02;2.1662477e-01;2.6250000e+02;1.9458684e-01;2.6250000e+02;1.5983751e-01;2.6250000e+02;1.1888196e-01;2.6250000e+02;7.7093169e-02;2.6250000e+02;3.7537523e-02;2.6250000e+02;-6.1384775e-03;2.6250000e+02;-4.2474987e-03;2.6250000e+02;4.5807017e-03;2.6250000e+02;2.0901324e-02;2.6250000e+02;4.4679336e-02;2.6250000e+02;7.0701011e-02;2.6250000e+02;1.0173568e-01;2.6250000e+02;1.3776456e-01;2.6250000e+02;1.7532545e-01;2.6250000e+02;2.0218208e-01;2.6250000e+02;2.1961865e-01;2.6250000e+02;2.2329634e-01;2.6250000e+02;2.1662477e-01;2.6250000e+02;1.9458684e-01;2.6250000e+02;1.5983751e-01;2.6250000e+02;1.1888196e-01;2.6250000e+02;7.7093169e-02;2.6250000e+02;3.7537523e-02;2.6250000e+02;-6.1384775e-03;2.6250000e+02;-4.2474987e-03;2.6250000e+02;4.5807017e-03;2.6250000e+02;2.0901324e-02;2.6250000e+02;4.4679336e-02;2.6250000e+02;7.0701011e-02;2.6250000e+02;1.0173568e-01;2.6250000e+02;1.3776456e-01;2.6250000e+02;1.7532545e-01;2.6250000e+02;2.0218208e-01;2.6250000e+02;2.1961865e-01;2.6250000e+02;2.2329634e-01;2.6250000e+02;2.1662477e-01;2.6250000e+02;1.9458684e-01;2.6250000e+02;1.5983751e-01;2.6250000e+02;1.1888196e-01;2.6250000e+02;7.7093169e-02;2.6250000e+02;3.7537523e-02;2.6250000e+02;-6.1384775e-03;2.6250000e+02;-4.2474987e-03;2.6250000e+02;4.5807017e-03;2.6250000e+02;2.0901324e-02;2.6250000e+02;4.4679336e-02;2.6250000e+02;7.0701011e-02;2.6250000e+02;1.0173568e-01;2.6250000e+02;1.3776456e-01;2.6250000e+02;1.7532545e-01;2.6250000e+02;2.0218208e-01;2.6250000e+02;2.1961865e-01;2.6250000e+02;2.2329634e-01;2.6250000e+02;2.1662477e-01;2.6250000e+02;1.9458684e-01;2.6250000e+02;1.5983751e-01;2.6250000e+02;1.1888196e-01;2.6250000e+02;7.7093169e-02;2.6250000e+02;3.7537523e-02;2.6250000e+02;-6.1384775e-03;2.6250000e+02;-4.2474987e-03;2.6250000e+02;4.5807017e-03;2.6250000e+02;2.0901324e-02;2.6250000e+02;4.4679336e-02;2.6250000e+02;7.0701011e-02;2.6250000e+02;1.0173568e-01;2.6250000e+02;1.3776456e-01;2.6250000e+02;1.7532545e-01;2.6250000e+02;2.0218208e-01;2.6250000e+02;2.1961865e-01;2.6250000e+02;2.2329634e-01;2.6250000e+02;2.1662477e-01;2.6250000e+02;1.9458684e-01;2.6250000e+02;1.5983751e-01;2.6250000e+02;1.1888196e-01;2.6250000e+02;7.7093169e-02;2.6250000e+02;3.7537523e-02;2.6250000e+02;-6.1384775e-03;2.6250000e+02;-4.2474987e-03;2.6250000e+02;4.5807017e-03;2.6250000e+02;2.0901324e-02;2.6250000e+02;4.4679336e-02;2.6250000e+02;7.0701011e-02;2.6250000e+02;1.0173568e-01;2.6250000e+02;1.3776456e-01;2.6250000e+02;1.7532545e-01;2.6250000e+02;2.0218208e-01;2.6250000e+02;2.1961865e-01;2.6250000e+02;2.2329634e-01;2.6250000e+02;2.1662477e-01;2.6250000e+02;1.9458684e-01;2.6250000e+02;1.5983751e-01;2.6250000e+02;1.1888196e-01;2.6250000e+02;7.7093169e-02;2.6250000e+02;3.7537523e-02;2.6250000e+02;-6.1384775e-03;2.6250000e+02;-4.2474987e-03;2.6250000e+02;4.5807017e-03;2.6250000e+02;2.0901324e-02;2.6250000e+02;4.4679336e-02;2.6250000e+02;7.0701011e-02;2.6250000e+02;1.0173568e-01;2.6250000e+02;1.3776456e-01;2.6250000e+02;1.7532545e-01;2.6250000e+02;2.0218208e-01;2.6250000e+02;2.1961865e-01;2.6250000e+02;2.2329634e-01;2.6250000e+02;2.1662477e-01;2.6250000e+02;1.9458684e-01;2.6250000e+02;1.5983751e-01;2.6250000e+02;1.1888196e-01;2.6250000e+02;7.7093169e-02;2.6250000e+02;3.7537523e-02;2.6250000e+02;-6.1384775e-03;2.6250000e+02;-4.2474987e-03;2.6250000e+02;4.5807017e-03;2.6250000e+02;2.0901324e-02;2.6250000e+02;4.4679336e-02;2.6250000e+02;7.0701011e-02;2.6250000e+02;1.0173568e-01;2.6250000e+02;1.3776456e-01;2.6250000e+02;1.7532545e-01;2.6250000e+02;2.0218208e-01;2.6250000e+02;2.1961865e-01;2.6250000e+02;2.2329634e-01;2.6250000e+02;2.1662477e-01;2.6250000e+02;1.9458684e-01;2.6250000e+02;1.5983751e-01;2.6250000e+02;1.1888196e-01;2.6250000e+02;7.7093169e-02;2.6250000e+02;3.7537523e-02;2.6250000e+02;-6.1384775e-03;2.6250000e+02;-4.2474987e-03;2.6250000e+02;4.5807017e-03;2.6250000e+02;2.0901324e-02;2.6250000e+02;4.4679336e-02;2.6250000e+02;7.0701011e-02;2.6250000e+02;1.0173568e-01;2.6250000e+02;1.3776456e-01;2.6250000e+02;1.7532545e-01;2.6250000e+02;2.0218208e-01;2.6250000e+02;2.1961865e-01;2.6250000e+02;2.2329634e-01;2.6250000e+02;2.1662477e-01;2.6250000e+02;1.9458684e-01;2.6250000e+02;1.5983751e-01;2.6250000e+02;1.1888196e-01;2.6250000e+02;7.7093169e-02;2.6250000e+02;3.7537523e-02;2.6250000e+02;-6.1384775e-03;2.6250000e+02;-4.2474987e-03;2.6250000e+02;4.5807017e-03;2.6250000e+02;2.0901324e-02;2.6250000e+02;4.4679336e-02;2.6250000e+02;7.0701011e-02;2.6250000e+02;1.0173568e-01;2.6250000e+02;1.3776456e-01;2.6250000e+02;1.7532545e-01;2.6250000e+02;2.0218208e-01;2.6250000e+02;2.1961865e-01;2.6250000e+02;2.2329634e-01;2.6250000e+02;2.1662477e-01;2.6250000e+02;1.9458684e-01;2.6250000e+02;1.5983751e-01;2.6250000e+02;1.1888196e-01;2.6250000e+02;7.7093169e-02;2.6250000e+02;3.7537523e-02;2.6250000e+02;-6.1384775e-03;2.6250000e+02;-4.2474987e-03;2.6250000e+02;4.5807017e-03;2.6250000e+02;2.0901324e-02;2.6250000e+02;4.4679336e-02;2.6250000e+02;7.0701011e-02;2.6250000e+02;1.0173568e-01;2.6250000e+02;1.3776456e-01;2.6250000e+02;1.7532545e-01;2.6250000e+02;2.0218208e-01;2.6250000e+02;2.1961865e-01;2.6250000e+02;2.2329634e-01;2.6250000e+02;2.1662477e-01;2.6250000e+02;1.9458684e-01;2.6250000e+02;1.5983751e-01;2.6250000e+02;1.1888196e-01;2.6250000e+02;7.7093169e-02;2.6250000e+02;3.7537523e-02;2.6250000e+02;-6.1384775e-03;2.6250000e+02;-4.2474987e-03;2.6250000e+02;4.5807017e-03;2.6250000e+02;2.0901324e-02;2.6250000e+02;4.4679336e-02;2.6250000e+02;7.0701011e-02;2.6250000e+02;1.0173568e-01;2.6250000e+02;1.3776456e-01;2.6250000e+02;1.7532545e-01;2.6250000e+02;2.0218208e-01;2.6250000e+02;2.1961865e-01;2.6250000e+02;2.2329634e-01;2.6250000e+02;2.1662477e-01;2.6250000e+02;1.9458684e-01;2.6250000e+02;1.5983751e-01;2.6250000e+02;1.1888196e-01;2.6250000e+02;7.7093169e-02;2.6250000e+02;3.7537523e-02;2.6250000e+02;-6.1384775e-03;2.6250000e+02;-4.2474987e-03;2.6250000e+02;4.5807017e-03;2.6250000e+02;2.0901324e-02;2.6250000e+02;4.4679336e-02;2.6250000e+02;7.0701011e-02;2.6250000e+02;1.0173568e-01;2.6250000e+02;1.3776456e-01;2.6250000e+02;1.7532545e-01;2.6250000e+02;2.0218208e-01;2.6250000e+02;2.1961865e-01;2.6250000e+02;2.2329634e-01;2.6250000e+02;2.1662477e-01;2.6250000e+02;1.9458684e-01;2.6250000e+02;1.5983751e-01;2.6250000e+02;1.1888196e-01;2.6250000e+02;7.7093169e-02;2.6250000e+02;3.7537523e-02;2.6250000e+02;-6.1384775e-03;2.6250000e+02;-4.2474987e-03;2.6250000e+02;4.5807017e-03;2.6250000e+02;2.0901324e-02;2.6250000e+02;4.4679336e-02;2.6250000e+02;7.0701011e-02;2.6250000e+02;1.0173568e-01;2.6250000e+02;1.3776456e-01;2.6250000e+02;1.7532545e-01;2.6250000e+02;2.0218208e-01;2.6250000e+02;2.1961865e-01;2.6250000e+02;2.2329634e-01;2.6250000e+02;2.1662477e-01;2.6250000e+02;1.9458684e-01;2.6250000e+02;1.5983751e-01;2.6250000e+02;1.1888196e-01;2.6250000e+02;7.7093169e-02;2.6250000e+02;3.7537523e-02;2.6250000e+02;-6.1384775e-03;2.6250000e+02;-4.2474987e-03;2.6250000e+02;4.5807017e-03;2.6250000e+02;2.0901324e-02;2.6250000e+02;4.4679336e-02;2.6250000e+02;7.0701011e-02;2.6250000e+02;1.0173568e-01;2.6250000e+02;1.3776456e-01;2.6250000e+02;1.7532545e-01;2.6250000e+02;2.0218208e-01;2.6250000e+02;2.1961865e-01;2.6250000e+02;2.2329634e-01;2.6250000e+02;2.1662477e-01;2.6250000e+02;1.9458684e-01;2.6250000e+02;1.5983751e-01;2.6250000e+02;1.1888196e-01;2.6250000e+02;7.7093169e-02;2.6250000e+02;3.7537523e-02;2.6250000e+02;-6.1384775e-03;2.6250000e+02;-4.2474987e-03;2.6250000e+02;4.5807017e-03;2.6250000e+02;2.0901324e-02;2.6250000e+02;4.4679336e-02;2.6250000e+02;7.0701011e-02;2.6250000e+02;1.0173568e-01;2.6250000e+02;1.3776456e-01;2.6250000e+02;1.7532545e-01;2.6250000e+02;2.0218208e-01;2.6250000e+02;2.1961865e-01;2.6250000e+02;2.2329634e-01;2.6250000e+02;2.1662477e-01;2.6250000e+02;1.9458684e-01;2.6250000e+02;1.5983751e-01;2.6250000e+02;1.1888196e-01;2.6250000e+02;7.7093169e-02;2.6250000e+02;3.7537523e-02;2.6250000e+02;-6.1384775e-03;2.6250000e+02;-4.2474987e-03;2.6250000e+02;4.5807017e-03;2.6250000e+02;2.0901324e-02;2.6250000e+02;4.4679336e-02;2.6250000e+02;7.0701011e-02;2.6250000e+02;1.0173568e-01;2.6250000e+02;1.3776456e-01;2.6250000e+02;1.7532545e-01;2.6250000e+02;2.0218208e-01;2.6250000e+02;2.1961865e-01;2.6250000e+02;2.2329634e-01;2.6250000e+02;2.1662477e-01;2.6250000e+02;1.9458684e-01;2.6250000e+02;1.5983751e-01;2.6250000e+02;1.1888196e-01;2.6250000e+02;7.7093169e-02;2.6250000e+02;3.7537523e-02;2.6250000e+02;-6.1384775e-03;2.6250000e+02;-4.2474987e-03;2.6250000e+02;4.5807017e-03;2.6250000e+02;2.0901324e-02;2.6250000e+02;4.4679336e-02;2.6250000e+02;7.0701011e-02;2.6250000e+02;1.0173568e-01;2.6250000e+02;1.3776456e-01;2.6250000e+02;1.7532545e-01;2.6250000e+02;2.0218208e-01;2.6250000e+02;2.1961865e-01;2.6250000e+02;2.2329634e-01;2.6250000e+02;2.1662477e-01;2.6250000e+02;1.9458684e-01;2.6250000e+02;1.5983751e-01;2.6250000e+02;1.1888196e-01;2.6250000e+02;7.7093169e-02;2.6250000e+02;3.7537523e-02;2.6250000e+02;-6.1384775e-03;2.6250000e+02;-4.2474987e-03;2.6250000e+02;4.5807017e-03;2.6250000e+02;2.0901324e-02;2.6250000e+02;4.4679336e-02;2.6250000e+02;7.0701011e-02;2.6250000e+02;1.0173568e-01;2.6250000e+02;1.3776456e-01;2.6250000e+02;1.7532545e-01;2.6250000e+02;2.0218208e-01;2.6250000e+02;2.1961865e-01;2.6250000e+02;2.2329634e-01;2.6250000e+02;2.1662477e-01;2.6250000e+02;1.9458684e-01;2.6250000e+02;1.5983751e-01;2.6250000e+02;1.1888196e-01;2.6250000e+02;7.7093169e-02;2.6250000e+02;3.7537523e-02;2.6250000e+02;-6.1384775e-03;2.6250000e+02;-4.2474987e-03;2.6250000e+02;4.5807017e-03;2.6250000e+02;2.0901324e-02;2.6250000e+02;4.4679336e-02;2.6250000e+02;7.0701011e-02;2.6250000e+02;1.0173568e-01;2.6250000e+02;1.3776456e-01;2.6250000e+02;1.7532545e-01;2.6250000e+02;2.0218208e-01;2.6250000e+02;2.1961865e-01;2.6250000e+02;2.2329634e-01;2.6250000e+02;2.1662477e-01;2.6250000e+02;1.9458684e-01;2.6250000e+02;1.5983751e-01;2.6250000e+02;1.1888196e-01;2.6250000e+02;7.7093169e-02;2.6250000e+02;3.7537523e-02;2.6250000e+02;-6.1384775e-03;2.6250000e+02;-4.2474987e-03;2.6250000e+02;4.5807017e-03;2.6250000e+02;2.0901324e-02;2.6250000e+02;4.4679336e-02;2.6250000e+02;7.0701011e-02;2.6250000e+02;1.0173568e-01;2.6250000e+02;1.3776456e-01;2.6250000e+02;1.7532545e-01;2.6250000e+02;2.0218208e-01;2.6250000e+02;2.1961865e-01;2.6250000e+02;2.2329634e-01;2.6250000e+02;2.1662477e-01;2.6250000e+02;1.9458684e-01;2.6250000e+02;1.5983751e-01;2.6250000e+02;1.1888196e-01;2.6250000e+02;7.7093169e-02;2.6250000e+02;3.7537523e-02;2.6250000e+02;-6.1384775e-03;2.6250000e+02;-4.2474987e-03;2.6250000e+02;4.5807017e-03;2.6250000e+02;2.0901324e-02;2.6250000e+02;4.4679336e-02;2.6250000e+02;7.0701011e-02;2.6250000e+02;1.0173568e-01;2.6250000e+02;1.3776456e-01;2.6250000e+02;1.7532545e-01;2.6250000e+02;2.0218208e-01;2.6250000e+02;2.1961865e-01;2.6250000e+02;2.2329634e-01;2.6250000e+02;2.1662477e-01;2.6250000e+02;1.9458684e-01;2.6250000e+02;1.5983751e-01;2.6250000e+02;1.1888196e-01;2.6250000e+02;7.7093169e-02;2.6250000e+02;3.7537523e-02;2.6250000e+02;-6.1384775e-03;2.6250000e+02;-4.2474987e-03;2.6250000e+02;4.5807017e-03;2.6250000e+02;2.0901324e-02;2.6250000e+02;4.4679336e-02;2.6250000e+02;7.0701011e-02;2.6250000e+02;1.0173568e-01;2.6250000e+02;1.3776456e-01;2.6250000e+02;1.7532545e-01;2.6250000e+02;2.0218208e-01;2.6250000e+02;2.1961865e-01;2.6250000e+02;2.2329634e-01;2.6250000e+02;2.1662477e-01;2.6250000e+02;1.9458684e-01;2.6250000e+02;1.5983751e-01;2.6250000e+02;1.1888196e-01;2.6250000e+02;7.7093169e-02;2.6250000e+02;3.7537523e-02;2.6250000e+02;-6.1384775e-03;2.6250000e+02;-4.2474987e-03;2.6250000e+02;4.5807017e-03;2.6250000e+02;2.0901324e-02;2.6250000e+02;4.4679336e-02;2.6250000e+02;7.0701011e-02;2.6250000e+02;1.0173568e-01;2.6250000e+02;1.3776456e-01;2.6250000e+02;1.7532545e-01;2.6250000e+02;2.0218208e-01;2.6250000e+02;2.1961865e-01;2.6250000e+02;2.2329634e-01;2.6250000e+02;2.1662477e-01;2.6250000e+02;1.9458684e-01;2.6250000e+02;1.5983751e-01;2.6250000e+02;1.1888196e-01;2.6250000e+02;7.7093169e-02;2.6250000e+02;3.7537523e-02;2.6250000e+02;-6.1384775e-03;2.6250000e+02;-4.2474987e-03;2.6250000e+02;4.5807017e-03;2.6250000e+02;2.0901324e-02;2.6250000e+02;4.4679336e-02;2.6250000e+02;7.0701011e-02;2.6250000e+02;1.0173568e-01;2.6250000e+02;1.3776456e-01;2.6250000e+02;1.7532545e-01;2.6250000e+02;2.0218208e-01;2.6250000e+02;2.1961865e-01;2.6250000e+02;2.2329634e-01;2.6250000e+02;2.1662477e-01;2.6250000e+02;1.9458684e-01;2.6250000e+02;1.5983751e-01;2.6250000e+02;1.1888196e-01;2.6250000e+02;7.7093169e-02;2.6250000e+02;3.7537523e-02;2.6250000e+02;-6.1384775e-03;2.6250000e+02;-4.2474987e-03;2.6250000e+02;4.5807017e-03;2.6250000e+02;2.0901324e-02;2.6250000e+02;4.4679336e-02;2.6250000e+02;7.0701011e-02;2.6250000e+02;1.0173568e-01;2.6250000e+02;1.3776456e-01;2.6250000e+02;1.7532545e-01;2.6250000e+02;2.0218208e-01;2.6250000e+02;2.1961865e-01;2.6250000e+02;2.2329634e-01;2.6250000e+02;2.1662477e-01;2.6250000e+02;1.9458684e-01;2.6250000e+02;1.5983751e-01;2.6250000e+02;1.1888196e-01;2.6250000e+02;7.7093169e-02;2.6250000e+02;3.7537523e-02;2.6250000e+02;-6.1384775e-03;2.6250000e+02;-4.2474987e-03;2.6250000e+02;4.5807017e-03;2.6250000e+02;2.0901324e-02;2.6250000e+02;4.4679336e-02;2.6250000e+02;7.0701011e-02;2.6250000e+02;1.0173568e-01;2.6250000e+02;1.3776456e-01;2.6250000e+02;1.7532545e-01;2.6250000e+02;2.0218208e-01;2.6250000e+02;2.1961865e-01;2.6250000e+02;2.2329634e-01;2.6250000e+02;2.1662477e-01;2.6250000e+02;1.9458684e-01;2.6250000e+02;1.5983751e-01;2.6250000e+02;1.1888196e-01;2.6250000e+02;7.7093169e-02;2.6250000e+02;3.7537523e-02;2.6250000e+02;-6.1384775e-03;2.6250000e+02;-4.2474987e-03;2.6250000e+02;4.5807017e-03;2.6250000e+02;2.0901324e-02;2.6250000e+02;4.4679336e-02;2.6250000e+02;7.0701011e-02;2.6250000e+02;1.0173568e-01;2.6250000e+02;1.3776456e-01;2.6250000e+02;1.7532545e-01;2.6250000e+02;2.0218208e-01;2.6250000e+02;2.1961865e-01;2.6250000e+02;2.2329634e-01;2.6250000e+02;2.1662477e-01;2.6250000e+02;1.9458684e-01;2.6250000e+02;1.5983751e-01;2.6250000e+02;1.1888196e-01;2.6250000e+02;7.7093169e-02;2.6250000e+02;3.7537523e-02;2.6250000e+02;-6.1384775e-03;2.6250000e+02;-4.2474987e-03;2.6250000e+02;4.5807017e-03;2.6250000e+02;2.0901324e-02;2.6250000e+02;4.4679336e-02;2.6250000e+02;7.0701011e-02;2.6250000e+02;1.0173568e-01;2.6250000e+02;1.3776456e-01;2.6250000e+02;1.7532545e-01;2.6250000e+02;2.0218208e-01;2.6250000e+02;2.1961865e-01;2.6250000e+02;2.2329634e-01;2.6250000e+02;2.1662477e-01;2.6250000e+02;1.9458684e-01;2.6250000e+02;1.5983751e-01;2.6250000e+02;1.1888196e-01;2.6250000e+02;7.7093169e-02;2.6250000e+02;3.7537523e-02;2.6250000e+02;-6.1384775e-03;2.6250000e+02;-4.2474987e-03;2.6250000e+02;4.5807017e-03;2.6250000e+02;2.0901324e-02;2.6250000e+02;4.4679336e-02;2.6250000e+02;7.0701011e-02;2.6250000e+02;1.0173568e-01;2.6250000e+02;1.3776456e-01;2.6250000e+02;1.7532545e-01;2.6250000e+02;2.0218208e-01;2.6250000e+02;2.1961865e-01;2.6250000e+02;2.2329634e-01;2.6250000e+02;2.1662477e-01;2.6250000e+02;1.9458684e-01;2.6250000e+02;1.5983751e-01;2.6250000e+02;1.1888196e-01;2.6250000e+02;7.7093169e-02;2.6250000e+02;3.7537523e-02;2.6250000e+02;-6.1384775e-03;2.6250000e+02;-4.2474987e-03;2.6250000e+02;4.5807017e-03;2.6250000e+02;2.0901324e-02;2.6250000e+02;4.4679336e-02;2.6250000e+02;7.0701011e-02;2.6250000e+02;1.0173568e-01;2.6250000e+02;1.3776456e-01;2.6250000e+02;1.7532545e-01;2.6250000e+02;2.0218208e-01;2.6250000e+02;2.1961865e-01;2.6250000e+02;2.2329634e-01;2.6250000e+02;2.1662477e-01;2.6250000e+02;1.9458684e-01;2.6250000e+02;1.5983751e-01;2.6250000e+02;1.1888196e-01;2.6250000e+02;7.7093169e-02;2.6250000e+02;3.7537523e-02;2.6250000e+02;-6.1384775e-03;2.6250000e+02;-4.2474987e-03;2.6250000e+02;4.5807017e-03;2.6250000e+02;2.0901324e-02;2.6250000e+02;4.4679336e-02;2.6250000e+02;7.0701011e-02;2.6250000e+02;1.0173568e-01;2.6250000e+02;1.3776456e-01;2.6250000e+02;1.7532545e-01;2.6250000e+02;2.0218208e-01;2.6250000e+02;2.1961865e-01;2.6250000e+02;2.2329634e-01;2.6250000e+02;2.1662477e-01;2.6250000e+02;1.9458684e-01;2.6250000e+02;1.5983751e-01;2.6250000e+02;1.1888196e-01;2.6250000e+02;7.7093169e-02;2.6250000e+02;3.7537523e-02;2.6250000e+02;-6.1384775e-03;2.6250000e+02;-4.2474987e-03;2.6250000e+02;4.5807017e-03;2.6250000e+02;2.0901324e-02;2.6250000e+02;4.4679336e-02;2.6250000e+02;7.0701011e-02;2.6250000e+02;1.0173568e-01;2.6250000e+02;1.3776456e-01;2.6250000e+02;1.7532545e-01;2.6250000e+02;2.0218208e-01;2.6250000e+02;2.1961865e-01;2.6250000e+02;2.2329634e-01;2.6250000e+02;2.1662477e-01;2.6250000e+02;1.9458684e-01;2.6250000e+02;1.5983751e-01;2.6250000e+02;1.1888196e-01;2.6250000e+02;7.7093169e-02;2.6250000e+02;3.7537523e-02;2.6250000e+02;-6.1384775e-03;2.6250000e+02;-4.2474987e-03;2.6250000e+02;4.5807017e-03;2.6250000e+02;2.0901324e-02;2.6250000e+02;4.4679336e-02;2.6250000e+02;7.0701011e-02;2.6250000e+02;1.0173568e-01;2.6250000e+02;1.3776456e-01;2.6250000e+02;1.7532545e-01;2.6250000e+02;2.0218208e-01;2.6250000e+02;2.1961865e-01;2.6250000e+02;2.2329634e-01;2.6250000e+02;2.1662477e-01;2.6250000e+02;1.9458684e-01;2.6250000e+02;1.5983751e-01;2.6250000e+02;1.1888196e-01;2.6250000e+02;7.7093169e-02;2.6250000e+02;3.7537523e-02;2.6250000e+02;-6.1384775e-03;2.6250000e+02;-4.2474987e-03;2.6250000e+02;4.5807017e-03;2.6250000e+02;2.0901324e-02;2.6250000e+02;4.4679336e-02;2.6250000e+02;7.0701011e-02;2.6250000e+02;1.0173568e-01;2.6250000e+02;1.3776456e-01;2.6250000e+02;1.7532545e-01;2.6250000e+02;2.0218208e-01;2.6250000e+02;2.1961865e-01;2.6250000e+02;2.2329634e-01;2.6250000e+02;2.1662477e-01;2.6250000e+02;1.9458684e-01;2.6250000e+02;1.5983751e-01;2.6250000e+02;1.1888196e-01;2.6250000e+02;7.7093169e-02;2.6250000e+02;3.7537523e-02;2.6250000e+02;-6.1384775e-03;2.6250000e+02;-4.2474987e-03;2.6250000e+02;4.5807017e-03;2.6250000e+02;2.0901324e-02;2.6250000e+02;4.4679336e-02;2.6250000e+02;7.0701011e-02;2.6250000e+02;1.0173568e-01;2.6250000e+02;1.3776456e-01;2.6250000e+02;1.7532545e-01;2.6250000e+02;2.0218208e-01;2.6250000e+02;2.1961865e-01;2.6250000e+02;2.2329634e-01;2.6250000e+02;2.1662477e-01;2.6250000e+02;1.9458684e-01;2.6250000e+02;1.5983751e-01;2.6250000e+02;1.1888196e-01;2.6250000e+02;7.7093169e-02;2.6250000e+02;3.7537523e-02;2.6250000e+02;-6.1384775e-03;2.6250000e+02;-4.2474987e-03;2.6250000e+02;4.5807017e-03;2.6250000e+02;2.0901324e-02;2.6250000e+02;4.4679336e-02;2.6250000e+02;7.0701011e-02;2.6250000e+02;1.0173568e-01;2.6250000e+02;1.3776456e-01;2.6250000e+02;1.7532545e-01;2.6250000e+02;2.0218208e-01;2.6250000e+02;2.1961865e-01;2.6250000e+02;2.2329634e-01;2.6250000e+02;2.1662477e-01;2.6250000e+02;1.9458684e-01;2.6250000e+02;1.5983751e-01;2.6250000e+02;1.1888196e-01;2.6250000e+02;7.7093169e-02;2.6250000e+02;3.7537523e-02;2.6250000e+02;-6.1384775e-03;2.6250000e+02;-4.2474987e-03;2.6250000e+02;4.5807017e-03;2.6250000e+02;2.0901324e-02;2.6250000e+02;4.4679336e-02;2.6250000e+02;7.0701011e-02;2.6250000e+02;1.0173568e-01;2.6250000e+02;1.3776456e-01;2.6250000e+02;1.7532545e-01;2.6250000e+02;2.0218208e-01;2.6250000e+02;2.1961865e-01;2.6250000e+02;2.2329634e-01;2.6250000e+02;2.1662477e-01;2.6250000e+02;1.9458684e-01;2.6250000e+02;1.5983751e-01;2.6250000e+02;1.1888196e-01;2.6250000e+02;7.7093169e-02;2.6250000e+02;3.7537523e-02;2.6250000e+02;-6.1384775e-03;2.6250000e+02;-4.2474987e-03;2.6250000e+02;4.5807017e-03;2.6250000e+02;2.0901324e-02;2.6250000e+02;4.4679336e-02;2.6250000e+02;7.0701011e-02;2.6250000e+02;1.0173568e-01;2.6250000e+02;1.3776456e-01;2.6250000e+02;1.7532545e-01;2.6250000e+02;2.0218208e-01;2.6250000e+02;2.1961865e-01;2.6250000e+02;2.2329634e-01;2.6250000e+02;2.1662477e-01;2.6250000e+02;1.9458684e-01;2.6250000e+02;1.5983751e-01;2.6250000e+02;1.1888196e-01;2.6250000e+02;7.7093169e-02;2.6250000e+02;3.7537523e-02;2.6250000e+02;-6.1384775e-03;2.6250000e+02;-4.2474987e-03;2.6250000e+02;4.5807017e-03;2.6250000e+02;2.0901324e-02;2.6250000e+02;4.4679336e-02;2.6250000e+02;7.0701011e-02;2.6250000e+02;1.0173568e-01;2.6250000e+02;1.3776456e-01;2.6250000e+02;1.7532545e-01;2.6250000e+02;2.0218208e-01;2.6250000e+02;2.1961865e-01;2.6250000e+02;2.2329634e-01;2.6250000e+02;2.1662477e-01;2.6250000e+02;1.9458684e-01;2.6250000e+02;1.5983751e-01;2.6250000e+02;1.1888196e-01;2.6250000e+02;7.7093169e-02;2.6250000e+02;3.7537523e-02;2.6250000e+02;-6.1384775e-03;2.6250000e+02;-4.2474987e-03;2.6250000e+02;4.5807017e-03;2.6250000e+02;2.0901324e-02;2.6250000e+02;4.4679336e-02;2.6250000e+02;7.0701011e-02;2.6250000e+02;1.0173568e-01;2.6250000e+02;1.3776456e-01;2.6250000e+02;1.7532545e-01;2.6250000e+02;2.0218208e-01;2.6250000e+02;2.1961865e-01;2.6250000e+02;2.2329634e-01;2.6250000e+02;2.1662477e-01;2.6250000e+02;1.9458684e-01;2.6250000e+02;1.5983751e-01;2.6250000e+02;1.1888196e-01;2.6250000e+02;7.7093169e-02;2.6250000e+02;3.7537523e-02;2.6250000e+02;-6.1384775e-03;2.6250000e+02;-4.2474987e-03;2.6250000e+02;4.5807017e-03;2.6250000e+02;2.0901324e-02;2.6250000e+02;4.4679336e-02;2.6250000e+02;7.0701011e-02;2.6250000e+02;1.0173568e-01;2.6250000e+02;1.3776456e-01;2.6250000e+02;1.7532545e-01;2.6250000e+02;2.0218208e-01;2.6250000e+02;2.1961865e-01;2.6250000e+02;2.2329634e-01;2.6250000e+02;2.1662477e-01;2.6250000e+02;1.9458684e-01;2.6250000e+02;1.5983751e-01;2.6250000e+02;1.1888196e-01;2.6250000e+02;7.7093169e-02;2.6250000e+02;3.7537523e-02;2.6250000e+02;-6.1384775e-03;2.6250000e+02;-4.2474987e-03;2.6250000e+02;4.5807017e-03;2.6250000e+02;2.0901324e-02;2.6250000e+02;4.4679336e-02;2.6250000e+02;7.0701011e-02;2.6250000e+02;1.0173568e-01;2.6250000e+02;1.3776456e-01;2.6250000e+02;1.7532545e-01;2.6250000e+02;2.0218208e-01;2.6250000e+02;2.1961865e-01;2.6250000e+02;2.2329634e-01;2.6250000e+02;2.1662477e-01;2.6250000e+02;1.9458684e-01;2.6250000e+02;1.5983751e-01;2.6250000e+02;1.1888196e-01;2.6250000e+02;7.7093169e-02;2.6250000e+02;3.7537523e-02;2.6250000e+02;-6.1384775e-03;2.6250000e+02;-4.2474987e-03;2.6250000e+02;4.5807017e-03;2.6250000e+02;2.0901324e-02;2.6250000e+02;4.4679336e-02;2.6250000e+02;7.0701011e-02;2.6250000e+02;1.0173568e-01;2.6250000e+02;1.3776456e-01;2.6250000e+02;1.7532545e-01;2.6250000e+02;2.0218208e-01;2.6250000e+02;2.1961865e-01;2.6250000e+02;2.2329634e-01;2.6250000e+02;2.1662477e-01;2.6250000e+02;1.9458684e-01;2.6250000e+02;1.5983751e-01;2.6250000e+02;1.1888196e-01;2.6250000e+02;7.7093169e-02;2.6250000e+02;3.7537523e-02;2.6250000e+02;-6.1384775e-03;2.6250000e+02;-4.2474987e-03;2.6250000e+02;4.5807017e-03;2.6250000e+02;2.0901324e-02;2.6250000e+02;4.4679336e-02;2.6250000e+02;7.0701011e-02;2.6250000e+02;1.0173568e-01;2.6250000e+02;1.3776456e-01;2.6250000e+02;1.7532545e-01;2.6250000e+02;2.0218208e-01;2.6250000e+02;2.1961865e-01;2.6250000e+02;2.2329634e-01;2.6250000e+02;2.1662477e-01;2.6250000e+02;1.9458684e-01;2.6250000e+02;1.5983751e-01;2.6250000e+02;1.1888196e-01;2.6250000e+02;7.7093169e-02;2.6250000e+02;3.7537523e-02;2.6250000e+02;-6.1384775e-03;2.6250000e+02;-4.2474987e-03;2.6250000e+02;4.5807017e-03;2.6250000e+02;2.0901324e-02;2.6250000e+02;4.4679336e-02;2.6250000e+02;7.0701011e-02;2.6250000e+02;1.0173568e-01;2.6250000e+02;1.3776456e-01;2.6250000e+02;1.7532545e-01;2.6250000e+02;2.0218208e-01;2.6250000e+02;2.1961865e-01;2.6250000e+02;2.2329634e-01;2.6250000e+02;2.1662477e-01;2.6250000e+02;1.9458684e-01;2.6250000e+02;1.5983751e-01;2.6250000e+02;1.1888196e-01;2.6250000e+02;7.7093169e-02;2.6250000e+02;3.7537523e-02;2.6250000e+02;-6.1384775e-03;2.6250000e+02;-4.2474987e-03;2.6250000e+02;4.5807017e-03;2.6250000e+02;2.0901324e-02;2.6250000e+02;4.4679336e-02;2.6250000e+02;7.0701011e-02;2.6250000e+02;1.0173568e-01;2.6250000e+02;1.3776456e-01;2.6250000e+02;1.7532545e-01;2.6250000e+02;2.0218208e-01;2.6250000e+02;2.1961865e-01;2.6250000e+02;2.2329634e-01;2.6250000e+02;2.1662477e-01;2.6250000e+02;1.9458684e-01;2.6250000e+02;1.5983751e-01;2.6250000e+02;1.1888196e-01;2.6250000e+02;7.7093169e-02;2.6250000e+02;3.7537523e-02;2.6250000e+02;-6.1384775e-03;2.6250000e+02;-4.2474987e-03;2.6250000e+02;4.5807017e-03;2.6250000e+02;2.0901324e-02;2.6250000e+02;4.4679336e-02;2.6250000e+02;7.0701011e-02;2.6250000e+02;1.0173568e-01;2.6250000e+02;1.3776456e-01;2.6250000e+02;1.7532545e-01;2.6250000e+02;2.0218208e-01;2.6250000e+02;2.1961865e-01;2.6250000e+02;2.2329634e-01;2.6250000e+02;2.1662477e-01;2.6250000e+02;1.9458684e-01;2.6250000e+02;1.5983751e-01;2.6250000e+02;1.1888196e-01;2.6250000e+02;7.7093169e-02;2.6250000e+02;3.7537523e-02;2.6250000e+02;-6.1384775e-03;2.6250000e+02;-4.2474987e-03;2.6250000e+02;4.5807017e-03;2.6250000e+02;2.0901324e-02;2.6250000e+02;4.4679336e-02;2.6250000e+02;7.0701011e-02;2.6250000e+02;1.0173568e-01;2.6250000e+02;1.3776456e-01;2.6250000e+02;1.7532545e-01;2.6250000e+02;2.0218208e-01;2.6250000e+02;2.1961865e-01;2.6250000e+02;2.2329634e-01;2.6250000e+02;2.1662477e-01;2.6250000e+02;1.9458684e-01;2.6250000e+02;1.5983751e-01;2.6250000e+02;1.1888196e-01;2.6250000e+02;7.7093169e-02;2.6250000e+02;3.7537523e-02;2.6250000e+02;-6.1384775e-03;2.6250000e+02;-4.2474987e-03;2.6250000e+02;4.5807017e-03;2.6250000e+02;2.0901324e-02;2.6250000e+02;4.4679336e-02;2.6250000e+02;7.0701011e-02;2.6250000e+02;1.0173568e-01;2.6250000e+02;1.3776456e-01;2.6250000e+02;1.7532545e-01;2.6250000e+02;2.0218208e-01;2.6250000e+02;2.1961865e-01;2.6250000e+02;2.2329634e-01;2.6250000e+02;2.1662477e-01;2.6250000e+02;1.9458684e-01;2.6250000e+02;1.5983751e-01;2.6250000e+02;1.1888196e-01;2.6250000e+02;7.7093169e-02;2.6250000e+02;3.7537523e-02;2.6250000e+02;-6.1384775e-03;2.6250000e+02;-4.2474987e-03;2.6250000e+02;4.5807017e-03;2.6250000e+02;2.0901324e-02;2.6250000e+02;4.4679336e-02;2.6250000e+02;7.0701011e-02;2.6250000e+02;1.0173568e-01;2.6250000e+02;1.3776456e-01;2.6250000e+02;1.7532545e-01;2.6250000e+02;2.0218208e-01;2.6250000e+02;2.1961865e-01;2.6250000e+02;2.2329634e-01;2.6250000e+02;2.1662477e-01;2.6250000e+02;1.9458684e-01;2.6250000e+02;1.5983751e-01;2.6250000e+02;1.1888196e-01;2.6250000e+02;7.7093169e-02;2.6250000e+02;3.7537523e-02;2.6250000e+02;-6.1384775e-03;2.6250000e+02;-4.2474987e-03;2.6250000e+02;4.5807017e-03;2.6250000e+02;2.0901324e-02;2.6250000e+02;4.4679336e-02;2.6250000e+02;7.0701011e-02;2.6250000e+02;1.0173568e-01;2.6250000e+02;1.3776456e-01;2.6250000e+02;1.7532545e-01;2.6250000e+02;2.0218208e-01;2.6250000e+02;2.1961865e-01;2.6250000e+02;2.2329634e-01;2.6250000e+02;2.1662477e-01;2.6250000e+02;1.9458684e-01;2.6250000e+02;1.5983751e-01;2.6250000e+02;1.1888196e-01;2.6250000e+02;7.7093169e-02;2.6250000e+02;3.7537523e-02;2.6250000e+02;-6.1384775e-03;2.6250000e+02;-4.2474987e-03;2.6250000e+02;4.5807017e-03;2.6250000e+02;2.0901324e-02;2.6250000e+02;4.4679336e-02;2.6250000e+02;7.0701011e-02;2.6250000e+02;1.0173568e-01;2.6250000e+02;1.3776456e-01;2.6250000e+02;1.7532545e-01;2.6250000e+02;2.0218208e-01;2.6250000e+02;2.1961865e-01;2.6250000e+02;2.2329634e-01;2.6250000e+02;2.1662477e-01;2.6250000e+02;1.9458684e-01;2.6250000e+02;1.5983751e-01;2.6250000e+02;1.1888196e-01;2.6250000e+02;7.7093169e-02;2.6250000e+02;3.7537523e-02;2.6250000e+02;-6.1384775e-03;2.6250000e+02;-4.2474987e-03;2.6250000e+02;4.5807017e-03;2.6250000e+02;2.0901324e-02;2.6250000e+02;4.4679336e-02;2.6250000e+02;7.0701011e-02;2.6250000e+02;1.0173568e-01;2.6250000e+02;1.3776456e-01;2.6250000e+02;1.7532545e-01;2.6250000e+02;2.0218208e-01;2.6250000e+02;2.1961865e-01;2.6250000e+02;2.2329634e-01;2.6250000e+02;2.1662477e-01;2.6250000e+02;1.9458684e-01;2.6250000e+02;1.5983751e-01;2.6250000e+02;1.1888196e-01;2.6250000e+02;7.7093169e-02;2.6250000e+02;3.7537523e-02;2.6250000e+02;-6.1384775e-03;2.6250000e+02;-4.2474987e-03;2.6250000e+02;4.5807017e-03;2.6250000e+02;2.0901324e-02;2.6250000e+02;4.4679336e-02;2.6250000e+02;7.0701011e-02;2.6250000e+02;1.0173568e-01;2.6250000e+02;1.3776456e-01;2.6250000e+02;1.7532545e-01;2.6250000e+02;2.0218208e-01;2.6250000e+02;2.1961865e-01;2.6250000e+02;2.2329634e-01;2.6250000e+02;2.1662477e-01;2.6250000e+02;1.9458684e-01;2.6250000e+02;1.5983751e-01;2.6250000e+02;1.1888196e-01;2.6250000e+02;7.7093169e-02;2.6250000e+02;3.7537523e-02;2.6250000e+02;-6.1384775e-03;2.6250000e+02;-4.2474987e-03;2.6250000e+02;4.5807017e-03;2.6250000e+02;2.0901324e-02;2.6250000e+02;4.4679336e-02;2.6250000e+02;7.0701011e-02;2.6250000e+02;1.0173568e-01;2.6250000e+02;1.3776456e-01;2.6250000e+02;1.7532545e-01;2.6250000e+02;2.0218208e-01;2.6250000e+02;2.1961865e-01;2.6250000e+02;2.2329634e-01;2.6250000e+02;2.1662477e-01;2.6250000e+02;1.9458684e-01;2.6250000e+02;1.5983751e-01;2.6250000e+02;1.1888196e-01;2.6250000e+02;7.7093169e-02;2.6250000e+02;3.7537523e-02;2.6250000e+02;-6.1384775e-03;2.6250000e+02;-4.2474987e-03;2.6250000e+02;4.5807017e-03;2.6250000e+02;2.0901324e-02;2.6250000e+02;4.4679336e-02;2.6250000e+02;7.0701011e-02;2.6250000e+02;1.0173568e-01;2.6250000e+02;1.3776456e-01;2.6250000e+02;1.7532545e-01;2.6250000e+02;2.0218208e-01;2.6250000e+02;2.1961865e-01;2.6250000e+02;2.2329634e-01;2.6250000e+02;2.1662477e-01;2.6250000e+02;1.9458684e-01;2.6250000e+02;1.5983751e-01;2.6250000e+02;1.1888196e-01;2.6250000e+02;7.7093169e-02;2.6250000e+02;3.7537523e-02;2.6250000e+02;-6.1384775e-03;2.6250000e+02;-4.2474987e-03;2.6250000e+02;4.5807017e-03;2.6250000e+02;2.0901324e-02;2.6250000e+02;4.4679336e-02;2.6250000e+02;7.0701011e-02;2.6250000e+02;1.0173568e-01;2.6250000e+02;1.3776456e-01;2.6250000e+02;1.7532545e-01;2.6250000e+02;2.0218208e-01;2.6250000e+02;2.1961865e-01;2.6250000e+02;2.2329634e-01;2.6250000e+02;2.1662477e-01;2.6250000e+02;1.9458684e-01;2.6250000e+02;1.5983751e-01;2.6250000e+02;1.1888196e-01;2.6250000e+02;7.7093169e-02;2.6250000e+02;3.7537523e-02;2.6250000e+02;-6.1384775e-03;2.6250000e+02;-4.2474987e-03;2.6250000e+02;4.5807017e-03;2.6250000e+02;2.0901324e-02;2.6250000e+02;4.4679336e-02;2.6250000e+02;7.0701011e-02;2.6250000e+02;1.0173568e-01;2.6250000e+02;1.3776456e-01;2.6250000e+02;1.7532545e-01;2.6250000e+02;2.0218208e-01;2.6250000e+02;2.1961865e-01;2.6250000e+02;2.2329634e-01;2.6250000e+02;2.1662477e-01;2.6250000e+02;1.9458684e-01;2.6250000e+02;1.5983751e-01;2.6250000e+02;1.1888196e-01;2.6250000e+02;7.7093169e-02;2.6250000e+02;3.7537523e-02;2.6250000e+02;-6.1384775e-03;2.6250000e+02;-4.2474987e-03;2.6250000e+02;4.5807017e-03;2.6250000e+02;2.0901324e-02;2.6250000e+02;4.4679336e-02;2.6250000e+02;7.0701011e-02;2.6250000e+02;1.0173568e-01;2.6250000e+02;1.3776456e-01;2.6250000e+02;1.7532545e-01;2.6250000e+02;2.0218208e-01;2.6250000e+02;2.1961865e-01;2.6250000e+02;2.2329634e-01;2.6250000e+02;2.1662477e-01;2.6250000e+02;1.9458684e-01;2.6250000e+02;1.5983751e-01;2.6250000e+02;1.1888196e-01;2.6250000e+02;7.7093169e-02;2.6250000e+02;3.7537523e-02;2.6250000e+02;-6.1384775e-03;2.6250000e+02;-4.2474987e-03;2.6250000e+02;4.5807017e-03;2.6250000e+02;2.0901324e-02;2.6250000e+02;4.4679336e-02;2.6250000e+02;7.0701011e-02;2.6250000e+02;1.0173568e-01;2.6250000e+02;1.3776456e-01;2.6250000e+02;1.7532545e-01;2.6250000e+02;2.0218208e-01;2.6250000e+02;2.1961865e-01;2.6250000e+02;2.2329634e-01;2.6250000e+02;2.1662477e-01;2.6250000e+02;1.9458684e-01;2.6250000e+02;1.5983751e-01;2.6250000e+02;1.1888196e-01;2.6250000e+02;7.7093169e-02;2.6250000e+02;3.7537523e-02;2.6250000e+02;-6.1384775e-03;2.6250000e+02;-4.2474987e-03;2.6250000e+02;4.5807017e-03;2.6250000e+02;2.0901324e-02;2.6250000e+02;4.4679336e-02;2.6250000e+02;7.0701011e-02;2.6250000e+02;1.0173568e-01;2.6250000e+02;1.3776456e-01;2.6250000e+02;1.7532545e-01;2.6250000e+02;2.0218208e-01;2.6250000e+02;2.1961865e-01;2.6250000e+02;2.2329634e-01;2.6250000e+02;2.1662477e-01;2.6250000e+02;1.9458684e-01;2.6250000e+02;1.5983751e-01;2.6250000e+02;1.1888196e-01;2.6250000e+02;7.7093169e-02;2.6250000e+02;3.7537523e-02;2.6250000e+02;-6.1384775e-03;2.6250000e+02;-4.2474987e-03;2.6250000e+02;4.5807017e-03;2.6250000e+02;2.0901324e-02;2.6250000e+02;4.4679336e-02;2.6250000e+02;7.0701011e-02;2.6250000e+02;1.0173568e-01;2.6250000e+02;1.3776456e-01;2.6250000e+02;1.7532545e-01;2.6250000e+02;2.0218208e-01;2.6250000e+02;2.1961865e-01;2.6250000e+02;2.2329634e-01;2.6250000e+02;2.1662477e-01;2.6250000e+02;1.9458684e-01;2.6250000e+02;1.5983751e-01;2.6250000e+02;1.1888196e-01;2.6250000e+02;7.7093169e-02;2.6250000e+02;3.7537523e-02
2.6750000e+02;-5.0494098e-03;2.6750000e+02;-6.2167738e-04;2.6750000e+02;7.7125812e-03;2.6750000e+02;2.1857165e-02;2.6750000e+02;4.2225920e-02;2.6750000e+02;6.9840416e-02;2.6750000e+02;1.0367370e-01;2.6750000e+02;1.4332364e-01;2.6750000e+02;1.8418165e-01;2.6750000e+02;2.1283340e-01;2.6750000e+02;2.2796412e-01;2.6750000e+02;2.2810757e-01;2.6750000e+02;2.1576166e-01;2.6750000e+02;1.9042991e-01;2.6750000e+02;1.5458439e-01;2.6750000e+02;1.1415185e-01;2.6750000e+02;7.3784202e-02;2.6750000e+02;3.4595944e-02;2.6750000e+02;-5.0494098e-03;2.6750000e+02;-6.2167738e-04;2.6750000e+02;7.7125812e-03;2.6750000e+02;2.1857165e-02;2.6750000e+02;4.2225920e-02;2.6750000e+02;6.9840416e-02;2.6750000e+02;1.0367370e-01;2.6750000e+02;1.4332364e-01;2.6750000e+02;1.8418165e-01;2.6750000e+02;2.1283340e-01;2.6750000e+02;2.2796412e-01;2.6750000e+02;2.2810757e-01;2.6750000e+02;2.1576166e-01;2.6750000e+02;1.9042991e-01;2.6750000e+02;1.5458439e-01;2.6750000e+02;1.1415185e-01;2.6750000e+02;7.3784202e-02;2.6750000e+02;3.4595944e-02;2.6750000e+02;-5.0494098e-03;2.6750000e+02;-6.2167738e-04;2.6750000e+02;7.7125812e-03;2.6750000e+02;2.1857165e-02;2.6750000e+02;4.2225920e-02;2.6750000e+02;6.9840416e-02;2.6750000e+02;1.0367370e-01;2.6750000e+02;1.4332364e-01;2.6750000e+02;1.8418165e-01;2.6750000e+02;2.1283340e-01;2.6750000e+02;2.2796412e-01;2.6750000e+02;2.2810757e-01;2.6750000e+02;2.1576166e-01;2.6750000e+02;1.9042991e-01;2.6750000e+02;1.5458439e-01;2.6750000e+02;1.1415185e-01;2.6750000e+02;7.3784202e-02;2.6750000e+02;3.4595944e-02;2.6750000e+02;-5.0494098e-03;2.6750000e+02;-6.2167738e-04;2.6750000e+02;7.7125812e-03;2.6750000e+02;2.1857165e-02;2.6750000e+02;4.2225920e-02;2.6750000e+02;6.9840416e-02;2.6750000e+02;1.0367370e-01;2.6750000e+02;1.4332364e-01;2.6750000e+02;1.8418165e-01;2.6750000e+02;2.1283340e-01;2.6750000e+02;2.2796412e-01;2.6750000e+02;2.2810757e-01;2.6750000e+02;2.1576166e-01;2.6750000e+02;1.9042991e-01;2.6750000e+02;1.5458439e-01;2.6750000e+02;1.1415185e-01;2.6750000e+02;7.3784202e-02;2.6750000e+02;3.4595944e-02;2.6750000e+02;-5.0494098e-03;2.6750000e+02;-6.2167738e-04;2.6750000e+02;7.7125812e-03;2.6750000e+02;2.1857165e-02;2.6750000e+02;4.2225920e-02;2.6750000e+02;6.9840416e-02;2.6750000e+02;1.0367370e-01;2.6750000e+02;1.4332364e-01;2.6750000e+02;1.8418165e-01;2.6750000e+02;2.1283340e-01;2.6750000e+02;2.2796412e-01;2.6750000e+02;2.2810757e-01;2.6750000e+02;2.1576166e-01;2.6750000e+02;1.9042991e-01;2.6750000e+02;1.5458439e-01;2.6750000e+02;1.1415185e-01;2.6750000e+02;7.3784202e-02;2.6750000e+02;3.4595944e-02;2.6750000e+02;-5.0494098e-03;2.6750000e+02;-6.2167738e-04;2.6750000e+02;7.7125812e-03;2.6750000e+02;2.1857165e-02;2.6750000e+02;4.2225920e-02;2.6750000e+02;6.9840416e-02;2.6750000e+02;1.0367370e-01;2.6750000e+02;1.4332364e-01;2.6750000e+02;1.8418165e-01;2.6750000e+02;2.1283340e-01;2.6750000e+02;2.2796412e-01;2.6750000e+02;2.2810757e-01;2.6750000e+02;2.1576166e-01;2.6750000e+02;1.9042991e-01;2.6750000e+02;1.5458439e-01;2.6750000e+02;1.1415185e-01;2.6750000e+02;7.3784202e-02;2.6750000e+02;3.4595944e-02;2.6750000e+02;-5.0494098e-03;2.6750000e+02;-6.2167738e-04;2.6750000e+02;7.7125812e-03;2.6750000e+02;2.1857165e-02;2.6750000e+02;4.2225920e-02;2.6750000e+02;6.9840416e-02;2.6750000e+02;1.0367370e-01;2.6750000e+02;1.4332364e-01;2.6750000e+02;1.8418165e-01;2.6750000e+02;2.1283340e-01;2.6750000e+02;2.2796412e-01;2.6750000e+02;2.2810757e-01;2.6750000e+02;2.1576166e-01;2.6750000e+02;1.9042991e-01;2.6750000e+02;1.5458439e-01;2.6750000e+02;1.1415185e-01;2.6750000e+02;7.3784202e-02;2.6750000e+02;3.4595944e-02;2.6750000e+02;-5.0494098e-03;2.6750000e+02;-6.2167738e-04;2.6750000e+02;7.7125812e-03;2.6750000e+02;2.1857165e-02;2.6750000e+02;4.2225920e-02;2.6750000e+02;6.9840416e-02;2.6750000e+02;1.0367370e-01;2.6750000e+02;1.4332364e-01;2.6750000e+02;1.8418165e-01;2.6750000e+02;2.1283340e-01;2.6750000e+02;2.2796412e-01;2.6750000e+02;2.2810757e-01;2.6750000e+02;2.1576166e-01;2.6750000e+02;1.9042991e-01;2.6750000e+02;1.5458439e-01;2.6750000e+02;1.1415185e-01;2.6750000e+02;7.3784202e-02;2.6750000e+02;3.4595944e-02;2.6750000e+02;-5.0494098e-03;2.6750000e+02;-6.2167738e-04;2.6750000e+02;7.7125812e-03;2.6750000e+02;2.1857165e-02;2.6750000e+02;4.2225920e-02;2.6750000e+02;6.9840416e-02;2.6750000e+02;1.0367370e-01;2.6750000e+02;1.4332364e-01;2.6750000e+02;1.8418165e-01;2.6750000e+02;2.1283340e-01;2.6750000e+02;2.2796412e-01;2.6750000e+02;2.2810757e-01;2.6750000e+02;2.1576166e-01;2.6750000e+02;1.9042991e-01;2.6750000e+02;1.5458439e-01;2.6750000e+02;1.1415185e-01;2.6750000e+02;7.3784202e-02;2.6750000e+02;3.4595944e-02;2.6750000e+02;-5.0494098e-03;2.6750000e+02;-6.2167738e-04;2.6750000e+02;7.7125812e-03;2.6750000e+02;2.1857165e-02;2.6750000e+02;4.2225920e-02;2.6750000e+02;6.9840416e-02;2.6750000e+02;1.0367370e-01;2.6750000e+02;1.4332364e-01;2.6750000e+02;1.8418165e-01;2.6750000e+02;2.1283340e-01;2.6750000e+02;2.2796412e-01;2.6750000e+02;2.2810757e-01;2.6750000e+02;2.1576166e-01;2.6750000e+02;1.9042991e-01;2.6750000e+02;1.5458439e-01;2.6750000e+02;1.1415185e-01;2.6750000e+02;7.3784202e-02;2.6750000e+02;3.4595944e-02;2.6750000e+02;-5.0494098e-03;2.6750000e+02;-6.2167738e-04;2.6750000e+02;7.7125812e-03;2.6750000e+02;2.1857165e-02;2.6750000e+02;4.2225920e-02;2.6750000e+02;6.9840416e-02;2.6750000e+02;1.0367370e-01;2.6750000e+02;1.4332364e-01;2.6750000e+02;1.8418165e-01;2.6750000e+02;2.1283340e-01;2.6750000e+02;2.2796412e-01;2.6750000e+02;2.2810757e-01;2.6750000e+02;2.1576166e-01;2.6750000e+02;1.9042991e-01;2.6750000e+02;1.5458439e-01;2.6750000e+02;1.1415185e-01;2.6750000e+02;7.3784202e-02;2.6750000e+02;3.4595944e-02;2.6750000e+02;-5.0494098e-03;2.6750000e+02;-6.2167738e-04;2.6750000e+02;7.7125812e-03;2.6750000e+02;2.1857165e-02;2.6750000e+02;4.2225920e-02;2.6750000e+02;6.9840416e-02;2.6750000e+02;1.0367370e-01;2.6750000e+02;1.4332364e-01;2.6750000e+02;1.8418165e-01;2.6750000e+02;2.1283340e-01;2.6750000e+02;2.2796412e-01;2.6750000e+02;2.2810757e-01;2.6750000e+02;2.1576166e-01;2.6750000e+02;1.9042991e-01;2.6750000e+02;1.5458439e-01;2.6750000e+02;1.1415185e-01;2.6750000e+02;7.3784202e-02;2.6750000e+02;3.4595944e-02;2.6750000e+02;-5.0494098e-03;2.6750000e+02;-6.2167738e-04;2.6750000e+02;7.7125812e-03;2.6750000e+02;2.1857165e-02;2.6750000e+02;4.2225920e-02;2.6750000e+02;6.9840416e-02;2.6750000e+02;1.0367370e-01;2.6750000e+02;1.4332364e-01;2.6750000e+02;1.8418165e-01;2.6750000e+02;2.1283340e-01;2.6750000e+02;2.2796412e-01;2.6750000e+02;2.2810757e-01;2.6750000e+02;2.1576166e-01;2.6750000e+02;1.9042991e-01;2.6750000e+02;1.5458439e-01;2.6750000e+02;1.1415185e-01;2.6750000e+02;7.3784202e-02;2.6750000e+02;3.4595944e-02;2.6750000e+02;-5.0494098e-03;2.6750000e+02;-6.2167738e-04;2.6750000e+02;7.7125812e-03;2.6750000e+02;2.1857165e-02;2.6750000e+02;4.2225920e-02;2.6750000e+02;6.9840416e-02;2.6750000e+02;1.0367370e-01;2.6750000e+02;1.4332364e-01;2.6750000e+02;1.8418165e-01;2.6750000e+02;2.1283340e-01;2.6750000e+02;2.2796412e-01;2.6750000e+02;2.2810757e-01;2.6750000e+02;2.1576166e-01;2.6750000e+02;1.9042991e-01;2.6750000e+02;1.5458439e-01;2.6750000e+02;1.1415185e-01;2.6750000e+02;7.3784202e-02;2.6750000e+02;3.4595944e-02;2.6750000e+02;-5.0494098e-03;2.6750000e+02;-6.2167738e-04;2.6750000e+02;7.7125812e-03;2.6750000e+02;2.1857165e-02;2.6750000e+02;4.2225920e-02;2.6750000e+02;6.9840416e-02;2.6750000e+02;1.0367370e-01;2.6750000e+02;1.4332364e-01;2.6750000e+02;1.8418165e-01;2.6750000e+02;2.1283340e-01;2.6750000e+02;2.2796412e-01;2.6750000e+02;2.2810757e-01;2.6750000e+02;2.1576166e-01;2.6750000e+02;1.9042991e-01;2.6750000e+02;1.5458439e-01;2.6750000e+02;1.1415185e-01;2.6750000e+02;7.3784202e-02;2.6750000e+02;3.4595944e-02;2.6750000e+02;-5.0494098e-03;2.6750000e+02;-6.2167738e-04;2.6750000e+02;7.7125812e-03;2.6750000e+02;2.1857165e-02;2.6750000e+02;4.2225920e-02;2.6750000e+02;6.9840416e-02;2.6750000e+02;1.0367370e-01;2.6750000e+02;1.4332364e-01;2.6750000e+02;1.8418165e-01;2.6750000e+02;2.1283340e-01;2.6750000e+02;2.2796412e-01;2.6750000e+02;2.2810757e-01;2.6750000e+02;2.1576166e-01;2.6750000e+02;1.9042991e-01;2.6750000e+02;1.5458439e-01;2.6750000e+02;1.1415185e-01;2.6750000e+02;7.3784202e-02;2.6750000e+02;3.4595944e-02;2.6750000e+02;-5.0494098e-03;2.6750000e+02;-6.2167738e-04;2.6750000e+02;7.7125812e-03;2.6750000e+02;2.1857165e-02;2.6750000e+02;4.2225920e-02;2.6750000e+02;6.9840416e-02;2.6750000e+02;1.0367370e-01;2.6750000e+02;1.4332364e-01;2.6750000e+02;1.8418165e-01;2.6750000e+02;2.1283340e-01;2.6750000e+02;2.2796412e-01;2.6750000e+02;2.2810757e-01;2.6750000e+02;2.1576166e-01;2.6750000e+02;1.9042991e-01;2.6750000e+02;1.5458439e-01;2.6750000e+02;1.1415185e-01;2.6750000e+02;7.3784202e-02;2.6750000e+02;3.4595944e-02;2.6750000e+02;-5.0494098e-03;2.6750000e+02;-6.2167738e-04;2.6750000e+02;7.7125812e-03;2.6750000e+02;2.1857165e-02;2.6750000e+02;4.2225920e-02;2.6750000e+02;6.9840416e-02;2.6750000e+02;1.0367370e-01;2.6750000e+02;1.4332364e-01;2.6750000e+02;1.8418165e-01;2.6750000e+02;2.1283340e-01;2.6750000e+02;2.2796412e-01;2.6750000e+02;2.2810757e-01;2.6750000e+02;2.1576166e-01;2.6750000e+02;1.9042991e-01;2.6750000e+02;1.5458439e-01;2.6750000e+02;1.1415185e-01;2.6750000e+02;7.3784202e-02;2.6750000e+02;3.4595944e-02;2.6750000e+02;-5.0494098e-03;2.6750000e+02;-6.2167738e-04;2.6750000e+02;7.7125812e-03;2.6750000e+02;2.1857165e-02;2.6750000e+02;4.2225920e-02;2.6750000e+02;6.9840416e-02;2.6750000e+02;1.0367370e-01;2.6750000e+02;1.4332364e-01;2.6750000e+02;1.8418165e-01;2.6750000e+02;2.1283340e-01;2.6750000e+02;2.2796412e-01;2.6750000e+02;2.2810757e-01;2.6750000e+02;2.1576166e-01;2.6750000e+02;1.9042991e-01;2.6750000e+02;1.5458439e-01;2.6750000e+02;1.1415185e-01;2.6750000e+02;7.3784202e-02;2.6750000e+02;3.4595944e-02;2.6750000e+02;-5.0494098e-03;2.6750000e+02;-6.2167738e-04;2.6750000e+02;7.7125812e-03;2.6750000e+02;2.1857165e-02;2.6750000e+02;4.2225920e-02;2.6750000e+02;6.9840416e-02;2.6750000e+02;1.0367370e-01;2.6750000e+02;1.4332364e-01;2.6750000e+02;1.8418165e-01;2.6750000e+02;2.1283340e-01;2.6750000e+02;2.2796412e-01;2.6750000e+02;2.2810757e-01;2.6750000e+02;2.1576166e-01;2.6750000e+02;1.9042991e-01;2.6750000e+02;1.5458439e-01;2.6750000e+02;1.1415185e-01;2.6750000e+02;7.3784202e-02;2.6750000e+02;3.4595944e-02;2.6750000e+02;-5.0494098e-03;2.6750000e+02;-6.2167738e-04;2.6750000e+02;7.7125812e-03;2.6750000e+02;2.1857165e-02;2.6750000e+02;4.2225920e-02;2.6750000e+02;6.9840416e-02;2.6750000e+02;1.0367370e-01;2.6750000e+02;1.4332364e-01;2.6750000e+02;1.8418165e-01;2.6750000e+02;2.1283340e-01;2.6750000e+02;2.2796412e-01;2.6750000e+02;2.2810757e-01;2.6750000e+02;2.1576166e-01;2.6750000e+02;1.9042991e-01;2.6750000e+02;1.5458439e-01;2.6750000e+02;1.1415185e-01;2.6750000e+02;7.3784202e-02;2.6750000e+02;3.4595944e-02;2.6750000e+02;-5.0494098e-03;2.6750000e+02;-6.2167738e-04;2.6750000e+02;7.7125812e-03;2.6750000e+02;2.1857165e-02;2.6750000e+02;4.2225920e-02;2.6750000e+02;6.9840416e-02;2.6750000e+02;1.0367370e-01;2.6750000e+02;1.4332364e-01;2.6750000e+02;1.8418165e-01;2.6750000e+02;2.1283340e-01;2.6750000e+02;2.2796412e-01;2.6750000e+02;2.2810757e-01;2.6750000e+02;2.1576166e-01;2.6750000e+02;1.9042991e-01;2.6750000e+02;1.5458439e-01;2.6750000e+02;1.1415185e-01;2.6750000e+02;7.3784202e-02;2.6750000e+02;3.4595944e-02;2.6750000e+02;-5.0494098e-03;2.6750000e+02;-6.2167738e-04;2.6750000e+02;7.7125812e-03;2.6750000e+02;2.1857165e-02;2.6750000e+02;4.2225920e-02;2.6750000e+02;6.9840416e-02;2.6750000e+02;1.0367370e-01;2.6750000e+02;1.4332364e-01;2.6750000e+02;1.8418165e-01;2.6750000e+02;2.1283340e-01;2.6750000e+02;2.2796412e-01;2.6750000e+02;2.2810757e-01;2.6750000e+02;2.1576166e-01;2.6750000e+02;1.9042991e-01;2.6750000e+02;1.5458439e-01;2.6750000e+02;1.1415185e-01;2.6750000e+02;7.3784202e-02;2.6750000e+02;3.4595944e-02;2.6750000e+02;-5.0494098e-03;2.6750000e+02;-6.2167738e-04;2.6750000e+02;7.7125812e-03;2.6750000e+02;2.1857165e-02;2.6750000e+02;4.2225920e-02;2.6750000e+02;6.9840416e-02;2.6750000e+02;1.0367370e-01;2.6750000e+02;1.4332364e-01;2.6750000e+02;1.8418165e-01;2.6750000e+02;2.1283340e-01;2.6750000e+02;2.2796412e-01;2.6750000e+02;2.2810757e-01;2.6750000e+02;2.1576166e-01;2.6750000e+02;1.9042991e-01;2.6750000e+02;1.5458439e-01;2.6750000e+02;1.1415185e-01;2.6750000e+02;7.3784202e-02;2.6750000e+02;3.4595944e-02;2.6750000e+02;-5.0494098e-03;2.6750000e+02;-6.2167738e-04;2.6750000e+02;7.7125812e-03;2.6750000e+02;2.1857165e-02;2.6750000e+02;4.2225920e-02;2.6750000e+02;6.9840416e-02;2.6750000e+02;1.0367370e-01;2.6750000e+02;1.4332364e-01;2.6750000e+02;1.8418165e-01;2.6750000e+02;2.1283340e-01;2.6750000e+02;2.2796412e-01;2.6750000e+02;2.2810757e-01;2.6750000e+02;2.1576166e-01;2.6750000e+02;1.9042991e-01;2.6750000e+02;1.5458439e-01;2.6750000e+02;1.1415185e-01;2.6750000e+02;7.3784202e-02;2.6750000e+02;3.4595944e-02;2.6750000e+02;-5.0494098e-03;2.6750000e+02;-6.2167738e-04;2.6750000e+02;7.7125812e-03;2.6750000e+02;2.1857165e-02;2.6750000e+02;4.2225920e-02;2.6750000e+02;6.9840416e-02;2.6750000e+02;1.0367370e-01;2.6750000e+02;1.4332364e-01;2.6750000e+02;1.8418165e-01;2.6750000e+02;2.1283340e-01;2.6750000e+02;2.2796412e-01;2.6750000e+02;2.2810757e-01;2.6750000e+02;2.1576166e-01;2.6750000e+02;1.9042991e-01;2.6750000e+02;1.5458439e-01;2.6750000e+02;1.1415185e-01;2.6750000e+02;7.3784202e-02;2.6750000e+02;3.4595944e-02;2.6750000e+02;-5.0494098e-03;2.6750000e+02;-6.2167738e-04;2.6750000e+02;7.7125812e-03;2.6750000e+02;2.1857165e-02;2.6750000e+02;4.2225920e-02;2.6750000e+02;6.9840416e-02;2.6750000e+02;1.0367370e-01;2.6750000e+02;1.4332364e-01;2.6750000e+02;1.8418165e-01;2.6750000e+02;2.1283340e-01;2.6750000e+02;2.2796412e-01;2.6750000e+02;2.2810757e-01;2.6750000e+02;2.1576166e-01;2.6750000e+02;1.9042991e-01;2.6750000e+02;1.5458439e-01;2.6750000e+02;1.1415185e-01;2.6750000e+02;7.3784202e-02;2.6750000e+02;3.4595944e-02;2.6750000e+02;-5.0494098e-03;2.6750000e+02;-6.2167738e-04;2.6750000e+02;7.7125812e-03;2.6750000e+02;2.1857165e-02;2.6750000e+02;4.2225920e-02;2.6750000e+02;6.9840416e-02;2.6750000e+02;1.0367370e-01;2.6750000e+02;1.4332364e-01;2.6750000e+02;1.8418165e-01;2.6750000e+02;2.1283340e-01;2.6750000e+02;2.2796412e-01;2.6750000e+02;2.2810757e-01;2.6750000e+02;2.1576166e-01;2.6750000e+02;1.9042991e-01;2.6750000e+02;1.5458439e-01;2.6750000e+02;1.1415185e-01;2.6750000e+02;7.3784202e-02;2.6750000e+02;3.4595944e-02;2.6750000e+02;-5.0494098e-03;2.6750000e+02;-6.2167738e-04;2.6750000e+02;7.7125812e-03;2.6750000e+02;2.1857165e-02;2.6750000e+02;4.2225920e-02;2.6750000e+02;6.9840416e-02;2.6750000e+02;1.0367370e-01;2.6750000e+02;1.4332364e-01;2.6750000e+02;1.8418165e-01;2.6750000e+02;2.1283340e-01;2.6750000e+02;2.2796412e-01;2.6750000e+02;2.2810757e-01;2.6750000e+02;2.1576166e-01;2.6750000e+02;1.9042991e-01;2.6750000e+02;1.5458439e-01;2.6750000e+02;1.1415185e-01;2.6750000e+02;7.3784202e-02;2.6750000e+02;3.4595944e-02;2.6750000e+02;-5.0494098e-03;2.6750000e+02;-6.2167738e-04;2.6750000e+02;7.7125812e-03;2.6750000e+02;2.1857165e-02;2.6750000e+02;4.2225920e-02;2.6750000e+02;6.9840416e-02;2.6750000e+02;1.0367370e-01;2.6750000e+02;1.4332364e-01;2.6750000e+02;1.8418165e-01;2.6750000e+02;2.1283340e-01;2.6750000e+02;2.2796412e-01;2.6750000e+02;2.2810757e-01;2.6750000e+02;2.1576166e-01;2.6750000e+02;1.9042991e-01;2.6750000e+02;1.5458439e-01;2.6750000e+02;1.1415185e-01;2.6750000e+02;7.3784202e-02;2.6750000e+02;3.4595944e-02;2.6750000e+02;-5.0494098e-03;2.6750000e+02;-6.2167738e-04;2.6750000e+02;7.7125812e-03;2.6750000e+02;2.1857165e-02;2.6750000e+02;4.2225920e-02;2.6750000e+02;6.9840416e-02;2.6750000e+02;1.0367370e-01;2.6750000e+02;1.4332364e-01;2.6750000e+02;1.8418165e-01;2.6750000e+02;2.1283340e-01;2.6750000e+02;2.2796412e-01;2.6750000e+02;2.2810757e-01;2.6750000e+02;2.1576166e-01;2.6750000e+02;1.9042991e-01;2.6750000e+02;1.5458439e-01;2.6750000e+02;1.1415185e-01;2.6750000e+02;7.3784202e-02;2.6750000e+02;3.4595944e-02;2.6750000e+02;-5.0494098e-03;2.6750000e+02;-6.2167738e-04;2.6750000e+02;7.7125812e-03;2.6750000e+02;2.1857165e-02;2.6750000e+02;4.2225920e-02;2.6750000e+02;6.9840416e-02;2.6750000e+02;1.0367370e-01;2.6750000e+02;1.4332364e-01;2.6750000e+02;1.8418165e-01;2.6750000e+02;2.1283340e-01;2.6750000e+02;2.2796412e-01;2.6750000e+02;2.2810757e-01;2.6750000e+02;2.1576166e-01;2.6750000e+02;1.9042991e-01;2.6750000e+02;1.5458439e-01;2.6750000e+02;1.1415185e-01;2.6750000e+02;7.3784202e-02;2.6750000e+02;3.4595944e-02;2.6750000e+02;-5.0494098e-03;2.6750000e+02;-6.2167738e-04;2.6750000e+02;7.7125812e-03;2.6750000e+02;2.1857165e-02;2.6750000e+02;4.2225920e-02;2.6750000e+02;6.9840416e-02;2.6750000e+02;1.0367370e-01;2.6750000e+02;1.4332364e-01;2.6750000e+02;1.8418165e-01;2.6750000e+02;2.1283340e-01;2.6750000e+02;2.2796412e-01;2.6750000e+02;2.2810757e-01;2.6750000e+02;2.1576166e-01;2.6750000e+02;1.9042991e-01;2.6750000e+02;1.5458439e-01;2.6750000e+02;1.1415185e-01;2.6750000e+02;7.3784202e-02;2.6750000e+02;3.4595944e-02;2.6750000e+02;-5.0494098e-03;2.6750000e+02;-6.2167738e-04;2.6750000e+02;7.7125812e-03;2.6750000e+02;2.1857165e-02;2.6750000e+02;4.2225920e-02;2.6750000e+02;6.9840416e-02;2.6750000e+02;1.0367370e-01;2.6750000e+02;1.4332364e-01;2.6750000e+02;1.8418165e-01;2.6750000e+02;2.1283340e-01;2.6750000e+02;2.2796412e-01;2.6750000e+02;2.2810757e-01;2.6750000e+02;2.1576166e-01;2.6750000e+02;1.9042991e-01;2.6750000e+02;1.5458439e-01;2.6750000e+02;1.1415185e-01;2.6750000e+02;7.3784202e-02;2.6750000e+02;3.4595944e-02;2.6750000e+02;-5.0494098e-03;2.6750000e+02;-6.2167738e-04;2.6750000e+02;7.7125812e-03;2.6750000e+02;2.1857165e-02;2.6750000e+02;4.2225920e-02;2.6750000e+02;6.9840416e-02;2.6750000e+02;1.0367370e-01;2.6750000e+02;1.4332364e-01;2.6750000e+02;1.8418165e-01;2.6750000e+02;2.1283340e-01;2.6750000e+02;2.2796412e-01;2.6750000e+02;2.2810757e-01;2.6750000e+02;2.1576166e-01;2.6750000e+02;1.9042991e-01;2.6750000e+02;1.5458439e-01;2.6750000e+02;1.1415185e-01;2.6750000e+02;7.3784202e-02;2.6750000e+02;3.4595944e-02;2.6750000e+02;-5.0494098e-03;2.6750000e+02;-6.2167738e-04;2.6750000e+02;7.7125812e-03;2.6750000e+02;2.1857165e-02;2.6750000e+02;4.2225920e-02;2.6750000e+02;6.9840416e-02;2.6750000e+02;1.0367370e-01;2.6750000e+02;1.4332364e-01;2.6750000e+02;1.8418165e-01;2.6750000e+02;2.1283340e-01;2.6750000e+02;2.2796412e-01;2.6750000e+02;2.2810757e-01;2.6750000e+02;2.1576166e-01;2.6750000e+02;1.9042991e-01;2.6750000e+02;1.5458439e-01;2.6750000e+02;1.1415185e-01;2.6750000e+02;7.3784202e-02;2.6750000e+02;3.4595944e-02;2.6750000e+02;-5.0494098e-03;2.6750000e+02;-6.2167738e-04;2.6750000e+02;7.7125812e-03;2.6750000e+02;2.1857165e-02;2.6750000e+02;4.2225920e-02;2.6750000e+02;6.9840416e-02;2.6750000e+02;1.0367370e-01;2.6750000e+02;1.4332364e-01;2.6750000e+02;1.8418165e-01;2.6750000e+02;2.1283340e-01;2.6750000e+02;2.2796412e-01;2.6750000e+02;2.2810757e-01;2.6750000e+02;2.1576166e-01;2.6750000e+02;1.9042991e-01;2.6750000e+02;1.5458439e-01;2.6750000e+02;1.1415185e-01;2.6750000e+02;7.3784202e-02;2.6750000e+02;3.4595944e-02;2.6750000e+02;-5.0494098e-03;2.6750000e+02;-6.2167738e-04;2.6750000e+02;7.7125812e-03;2.6750000e+02;2.1857165e-02;2.6750000e+02;4.2225920e-02;2.6750000e+02;6.9840416e-02;2.6750000e+02;1.0367370e-01;2.6750000e+02;1.4332364e-01;2.6750000e+02;1.8418165e-01;2.6750000e+02;2.1283340e-01;2.6750000e+02;2.2796412e-01;2.6750000e+02;2.2810757e-01;2.6750000e+02;2.1576166e-01;2.6750000e+02;1.9042991e-01;2.6750000e+02;1.5458439e-01;2.6750000e+02;1.1415185e-01;2.6750000e+02;7.3784202e-02;2.6750000e+02;3.4595944e-02;2.6750000e+02;-5.0494098e-03;2.6750000e+02;-6.2167738e-04;2.6750000e+02;7.7125812e-03;2.6750000e+02;2.1857165e-02;2.6750000e+02;4.2225920e-02;2.6750000e+02;6.9840416e-02;2.6750000e+02;1.0367370e-01;2.6750000e+02;1.4332364e-01;2.6750000e+02;1.8418165e-01;2.6750000e+02;2.1283340e-01;2.6750000e+02;2.2796412e-01;2.6750000e+02;2.2810757e-01;2.6750000e+02;2.1576166e-01;2.6750000e+02;1.9042991e-01;2.6750000e+02;1.5458439e-01;2.6750000e+02;1.1415185e-01;2.6750000e+02;7.3784202e-02;2.6750000e+02;3.4595944e-02;2.6750000e+02;-5.0494098e-03;2.6750000e+02;-6.2167738e-04;2.6750000e+02;7.7125812e-03;2.6750000e+02;2.1857165e-02;2.6750000e+02;4.2225920e-02;2.6750000e+02;6.9840416e-02;2.6750000e+02;1.0367370e-01;2.6750000e+02;1.4332364e-01;2.6750000e+02;1.8418165e-01;2.6750000e+02;2.1283340e-01;2.6750000e+02;2.2796412e-01;2.6750000e+02;2.2810757e-01;2.6750000e+02;2.1576166e-01;2.6750000e+02;1.9042991e-01;2.6750000e+02;1.5458439e-01;2.6750000e+02;1.1415185e-01;2.6750000e+02;7.3784202e-02;2.6750000e+02;3.4595944e-02;2.6750000e+02;-5.0494098e-03;2.6750000e+02;-6.2167738e-04;2.6750000e+02;7.7125812e-03;2.6750000e+02;2.1857165e-02;2.6750000e+02;4.2225920e-02;2.6750000e+02;6.9840416e-02;2.6750000e+02;1.0367370e-01;2.6750000e+02;1.4332364e-01;2.6750000e+02;1.8418165e-01;2.6750000e+02;2.1283340e-01;2.6750000e+02;2.2796412e-01;2.6750000e+02;2.2810757e-01;2.6750000e+02;2.1576166e-01;2.6750000e+02;1.9042991e-01;2.6750000e+02;1.5458439e-01;2.6750000e+02;1.1415185e-01;2.6750000e+02;7.3784202e-02;2.6750000e+02;3.4595944e-02;2.6750000e+02;-5.0494098e-03;2.6750000e+02;-6.2167738e-04;2.6750000e+02;7.7125812e-03;2.6750000e+02;2.1857165e-02;2.6750000e+02;4.2225920e-02;2.6750000e+02;6.9840416e-02;2.6750000e+02;1.0367370e-01;2.6750000e+02;1.4332364e-01;2.6750000e+02;1.8418165e-01;2.6750000e+02;2.1283340e-01;2.6750000e+02;2.2796412e-01;2.6750000e+02;2.2810757e-01;2.6750000e+02;2.1576166e-01;2.6750000e+02;1.9042991e-01;2.6750000e+02;1.5458439e-01;2.6750000e+02;1.1415185e-01;2.6750000e+02;7.3784202e-02;2.6750000e+02;3.4595944e-02;2.6750000e+02;-5.0494098e-03;2.6750000e+02;-6.2167738e-04;2.6750000e+02;7.7125812e-03;2.6750000e+02;2.1857165e-02;2.6750000e+02;4.2225920e-02;2.6750000e+02;6.9840416e-02;2.6750000e+02;1.0367370e-01;2.6750000e+02;1.4332364e-01;2.6750000e+02;1.8418165e-01;2.6750000e+02;2.1283340e-01;2.6750000e+02;2.2796412e-01;2.6750000e+02;2.2810757e-01;2.6750000e+02;2.1576166e-01;2.6750000e+02;1.9042991e-01;2.6750000e+02;1.5458439e-01;2.6750000e+02;1.1415185e-01;2.6750000e+02;7.3784202e-02;2.6750000e+02;3.4595944e-02;2.6750000e+02;-5.0494098e-03;2.6750000e+02;-6.2167738e-04;2.6750000e+02;7.7125812e-03;2.6750000e+02;2.1857165e-02;2.6750000e+02;4.2225920e-02;2.6750000e+02;6.9840416e-02;2.6750000e+02;1.0367370e-01;2.6750000e+02;1.4332364e-01;2.6750000e+02;1.8418165e-01;2.6750000e+02;2.1283340e-01;2.6750000e+02;2.2796412e-01;2.6750000e+02;2.2810757e-01;2.6750000e+02;2.1576166e-01;2.6750000e+02;1.9042991e-01;2.6750000e+02;1.5458439e-01;2.6750000e+02;1.1415185e-01;2.6750000e+02;7.3784202e-02;2.6750000e+02;3.4595944e-02;2.6750000e+02;-5.0494098e-03;2.6750000e+02;-6.2167738e-04;2.6750000e+02;7.7125812e-03;2.6750000e+02;2.1857165e-02;2.6750000e+02;4.2225920e-02;2.6750000e+02;6.9840416e-02;2.6750000e+02;1.0367370e-01;2.6750000e+02;1.4332364e-01;2.6750000e+02;1.8418165e-01;2.6750000e+02;2.1283340e-01;2.6750000e+02;2.2796412e-01;2.6750000e+02;2.2810757e-01;2.6750000e+02;2.1576166e-01;2.6750000e+02;1.9042991e-01;2.6750000e+02;1.5458439e-01;2.6750000e+02;1.1415185e-01;2.6750000e+02;7.3784202e-02;2.6750000e+02;3.4595944e-02;2.6750000e+02;-5.0494098e-03;2.6750000e+02;-6.2167738e-04;2.6750000e+02;7.7125812e-03;2.6750000e+02;2.1857165e-02;2.6750000e+02;4.2225920e-02;2.6750000e+02;6.9840416e-02;2.6750000e+02;1.0367370e-01;2.6750000e+02;1.4332364e-01;2.6750000e+02;1.8418165e-01;2.6750000e+02;2.1283340e-01;2.6750000e+02;2.2796412e-01;2.6750000e+02;2.2810757e-01;2.6750000e+02;2.1576166e-01;2.6750000e+02;1.9042991e-01;2.6750000e+02;1.5458439e-01;2.6750000e+02;1.1415185e-01;2.6750000e+02;7.3784202e-02;2.6750000e+02;3.4595944e-02;2.6750000e+02;-5.0494098e-03;2.6750000e+02;-6.2167738e-04;2.6750000e+02;7.7125812e-03;2.6750000e+02;2.1857165e-02;2.6750000e+02;4.2225920e-02;2.6750000e+02;6.9840416e-02;2.6750000e+02;1.0367370e-01;2.6750000e+02;1.4332364e-01;2.6750000e+02;1.8418165e-01;2.6750000e+02;2.1283340e-01;2.6750000e+02;2.2796412e-01;2.6750000e+02;2.2810757e-01;2.6750000e+02;2.1576166e-01;2.6750000e+02;1.9042991e-01;2.6750000e+02;1.5458439e-01;2.6750000e+02;1.1415185e-01;2.6750000e+02;7.3784202e-02;2.6750000e+02;3.4595944e-02;2.6750000e+02;-5.0494098e-03;2.6750000e+02;-6.2167738e-04;2.6750000e+02;7.7125812e-03;2.6750000e+02;2.1857165e-02;2.6750000e+02;4.2225920e-02;2.6750000e+02;6.9840416e-02;2.6750000e+02;1.0367370e-01;2.6750000e+02;1.4332364e-01;2.6750000e+02;1.8418165e-01;2.6750000e+02;2.1283340e-01;2.6750000e+02;2.2796412e-01;2.6750000e+02;2.2810757e-01;2.6750000e+02;2.1576166e-01;2.6750000e+02;1.9042991e-01;2.6750000e+02;1.5458439e-01;2.6750000e+02;1.1415185e-01;2.6750000e+02;7.3784202e-02;2.6750000e+02;3.4595944e-02;2.6750000e+02;-5.0494098e-03;2.6750000e+02;-6.2167738e-04;2.6750000e+02;7.7125812e-03;2.6750000e+02;2.1857165e-02;2.6750000e+02;4.2225920e-02;2.6750000e+02;6.9840416e-02;2.6750000e+02;1.0367370e-01;2.6750000e+02;1.4332364e-01;2.6750000e+02;1.8418165e-01;2.6750000e+02;2.1283340e-01;2.6750000e+02;2.2796412e-01;2.6750000e+02;2.2810757e-01;2.6750000e+02;2.1576166e-01;2.6750000e+02;1.9042991e-01;2.6750000e+02;1.5458439e-01;2.6750000e+02;1.1415185e-01;2.6750000e+02;7.3784202e-02;2.6750000e+02;3.4595944e-02;2.6750000e+02;-5.0494098e-03;2.6750000e+02;-6.2167738e-04;2.6750000e+02;7.7125812e-03;2.6750000e+02;2.1857165e-02;2.6750000e+02;4.2225920e-02;2.6750000e+02;6.9840416e-02;2.6750000e+02;1.0367370e-01;2.6750000e+02;1.4332364e-01;2.6750000e+02;1.8418165e-01;2.6750000e+02;2.1283340e-01;2.6750000e+02;2.2796412e-01;2.6750000e+02;2.2810757e-01;2.6750000e+02;2.1576166e-01;2.6750000e+02;1.9042991e-01;2.6750000e+02;1.5458439e-01;2.6750000e+02;1.1415185e-01;2.6750000e+02;7.3784202e-02;2.6750000e+02;3.4595944e-02;2.6750000e+02;-5.0494098e-03;2.6750000e+02;-6.2167738e-04;2.6750000e+02;7.7125812e-03;2.6750000e+02;2.1857165e-02;2.6750000e+02;4.2225920e-02;2.6750000e+02;6.9840416e-02;2.6750000e+02;1.0367370e-01;2.6750000e+02;1.4332364e-01;2.6750000e+02;1.8418165e-01;2.6750000e+02;2.1283340e-01;2.6750000e+02;2.2796412e-01;2.6750000e+02;2.2810757e-01;2.6750000e+02;2.1576166e-01;2.6750000e+02;1.9042991e-01;2.6750000e+02;1.5458439e-01;2.6750000e+02;1.1415185e-01;2.6750000e+02;7.3784202e-02;2.6750000e+02;3.4595944e-02;2.6750000e+02;-5.0494098e-03;2.6750000e+02;-6.2167738e-04;2.6750000e+02;7.7125812e-03;2.6750000e+02;2.1857165e-02;2.6750000e+02;4.2225920e-02;2.6750000e+02;6.9840416e-02;2.6750000e+02;1.0367370e-01;2.6750000e+02;1.4332364e-01;2.6750000e+02;1.8418165e-01;2.6750000e+02;2.1283340e-01;2.6750000e+02;2.2796412e-01;2.6750000e+02;2.2810757e-01;2.6750000e+02;2.1576166e-01;2.6750000e+02;1.9042991e-01;2.6750000e+02;1.5458439e-01;2.6750000e+02;1.1415185e-01;2.6750000e+02;7.3784202e-02;2.6750000e+02;3.4595944e-02;2.6750000e+02;-5.0494098e-03;2.6750000e+02;-6.2167738e-04;2.6750000e+02;7.7125812e-03;2.6750000e+02;2.1857165e-02;2.6750000e+02;4.2225920e-02;2.6750000e+02;6.9840416e-02;2.6750000e+02;1.0367370e-01;2.6750000e+02;1.4332364e-01;2.6750000e+02;1.8418165e-01;2.6750000e+02;2.1283340e-01;2.6750000e+02;2.2796412e-01;2.6750000e+02;2.2810757e-01;2.6750000e+02;2.1576166e-01;2.6750000e+02;1.9042991e-01;2.6750000e+02;1.5458439e-01;2.6750000e+02;1.1415185e-01;2.6750000e+02;7.3784202e-02;2.6750000e+02;3.4595944e-02;2.6750000e+02;-5.0494098e-03;2.6750000e+02;-6.2167738e-04;2.6750000e+02;7.7125812e-03;2.6750000e+02;2.1857165e-02;2.6750000e+02;4.2225920e-02;2.6750000e+02;6.9840416e-02;2.6750000e+02;1.0367370e-01;2.6750000e+02;1.4332364e-01;2.6750000e+02;1.8418165e-01;2.6750000e+02;2.1283340e-01;2.6750000e+02;2.2796412e-01;2.6750000e+02;2.2810757e-01;2.6750000e+02;2.1576166e-01;2.6750000e+02;1.9042991e-01;2.6750000e+02;1.5458439e-01;2.6750000e+02;1.1415185e-01;2.6750000e+02;7.3784202e-02;2.6750000e+02;3.4595944e-02;2.6750000e+02;-5.0494098e-03;2.6750000e+02;-6.2167738e-04;2.6750000e+02;7.7125812e-03;2.6750000e+02;2.1857165e-02;2.6750000e+02;4.2225920e-02;2.6750000e+02;6.9840416e-02;2.6750000e+02;1.0367370e-01;2.6750000e+02;1.4332364e-01;2.6750000e+02;1.8418165e-01;2.6750000e+02;2.1283340e-01;2.6750000e+02;2.2796412e-01;2.6750000e+02;2.2810757e-01;2.6750000e+02;2.1576166e-01;2.6750000e+02;1.9042991e-01;2.6750000e+02;1.5458439e-01;2.6750000e+02;1.1415185e-01;2.6750000e+02;7.3784202e-02;2.6750000e+02;3.4595944e-02;2.6750000e+02;-5.0494098e-03;2.6750000e+02;-6.2167738e-04;2.6750000e+02;7.7125812e-03;2.6750000e+02;2.1857165e-02;2.6750000e+02;4.2225920e-02;2.6750000e+02;6.9840416e-02;2.6750000e+02;1.0367370e-01;2.6750000e+02;1.4332364e-01;2.6750000e+02;1.8418165e-01;2.6750000e+02;2.1283340e-01;2.6750000e+02;2.2796412e-01;2.6750000e+02;2.2810757e-01;2.6750000e+02;2.1576166e-01;2.6750000e+02;1.9042991e-01;2.6750000e+02;1.5458439e-01;2.6750000e+02;1.1415185e-01;2.6750000e+02;7.3784202e-02;2.6750000e+02;3.4595944e-02;2.6750000e+02;-5.0494098e-03;2.6750000e+02;-6.2167738e-04;2.6750000e+02;7.7125812e-03;2.6750000e+02;2.1857165e-02;2.6750000e+02;4.2225920e-02;2.6750000e+02;6.9840416e-02;2.6750000e+02;1.0367370e-01;2.6750000e+02;1.4332364e-01;2.6750000e+02;1.8418165e-01;2.6750000e+02;2.1283340e-01;2.6750000e+02;2.2796412e-01;2.6750000e+02;2.2810757e-01;2.6750000e+02;2.1576166e-01;2.6750000e+02;1.9042991e-01;2.6750000e+02;1.5458439e-01;2.6750000e+02;1.1415185e-01;2.6750000e+02;7.3784202e-02;2.6750000e+02;3.4595944e-02;2.6750000e+02;-5.0494098e-03;2.6750000e+02;-6.2167738e-04;2.6750000e+02;7.7125812e-03;2.6750000e+02;2.1857165e-02;2.6750000e+02;4.2225920e-02;2.6750000e+02;6.9840416e-02;2.6750000e+02;1.0367370e-01;2.6750000e+02;1.4332364e-01;2.6750000e+02;1.8418165e-01;2.6750000e+02;2.1283340e-01;2.6750000e+02;2.2796412e-01;2.6750000e+02;2.2810757e-01;2.6750000e+02;2.1576166e-01;2.6750000e+02;1.9042991e-01;2.6750000e+02;1.5458439e-01;2.6750000e+02;1.1415185e-01;2.6750000e+02;7.3784202e-02;2.6750000e+02;3.4595944e-02;2.6750000e+02;-5.0494098e-03;2.6750000e+02;-6.2167738e-04;2.6750000e+02;7.7125812e-03;2.6750000e+02;2.1857165e-02;2.6750000e+02;4.2225920e-02;2.6750000e+02;6.9840416e-02;2.6750000e+02;1.0367370e-01;2.6750000e+02;1.4332364e-01;2.6750000e+02;1.8418165e-01;2.6750000e+02;2.1283340e-01;2.6750000e+02;2.2796412e-01;2.6750000e+02;2.2810757e-01;2.6750000e+02;2.1576166e-01;2.6750000e+02;1.9042991e-01;2.6750000e+02;1.5458439e-01;2.6750000e+02;1.1415185e-01;2.6750000e+02;7.3784202e-02;2.6750000e+02;3.4595944e-02;2.6750000e+02;-5.0494098e-03;2.6750000e+02;-6.2167738e-04;2.6750000e+02;7.7125812e-03;2.6750000e+02;2.1857165e-02;2.6750000e+02;4.2225920e-02;2.6750000e+02;6.9840416e-02;2.6750000e+02;1.0367370e-01;2.6750000e+02;1.4332364e-01;2.6750000e+02;1.8418165e-01;2.6750000e+02;2.1283340e-01;2.6750000e+02;2.2796412e-01;2.6750000e+02;2.2810757e-01;2.6750000e+02;2.1576166e-01;2.6750000e+02;1.9042991e-01;2.6750000e+02;1.5458439e-01;2.6750000e+02;1.1415185e-01;2.6750000e+02;7.3784202e-02;2.6750000e+02;3.4595944e-02;2.6750000e+02;-5.0494098e-03;2.6750000e+02;-6.2167738e-04;2.6750000e+02;7.7125812e-03;2.6750000e+02;2.1857165e-02;2.6750000e+02;4.2225920e-02;2.6750000e+02;6.9840416e-02;2.6750000e+02;1.0367370e-01;2.6750000e+02;1.4332364e-01;2.6750000e+02;1.8418165e-01;2.6750000e+02;2.1283340e-01;2.6750000e+02;2.2796412e-01;2.6750000e+02;2.2810757e-01;2.6750000e+02;2.1576166e-01;2.6750000e+02;1.9042991e-01;2.6750000e+02;1.5458439e-01;2.6750000e+02;1.1415185e-01;2.6750000e+02;7.3784202e-02;2.6750000e+02;3.4595944e-02;2.6750000e+02;-5.0494098e-03;2.6750000e+02;-6.2167738e-04;2.6750000e+02;7.7125812e-03;2.6750000e+02;2.1857165e-02;2.6750000e+02;4.2225920e-02;2.6750000e+02;6.9840416e-02;2.6750000e+02;1.0367370e-01;2.6750000e+02;1.4332364e-01;2.6750000e+02;1.8418165e-01;2.6750000e+02;2.1283340e-01;2.6750000e+02;2.2796412e-01;2.6750000e+02;2.2810757e-01;2.6750000e+02;2.1576166e-01;2.6750000e+02;1.9042991e-01;2.6750000e+02;1.5458439e-01;2.6750000e+02;1.1415185e-01;2.6750000e+02;7.3784202e-02;2.6750000e+02;3.4595944e-02;2.6750000e+02;-5.0494098e-03;2.6750000e+02;-6.2167738e-04;2.6750000e+02;7.7125812e-03;2.6750000e+02;2.1857165e-02;2.6750000e+02;4.2225920e-02;2.6750000e+02;6.9840416e-02;2.6750000e+02;1.0367370e-01;2.6750000e+02;1.4332364e-01;2.6750000e+02;1.8418165e-01;2.6750000e+02;2.1283340e-01;2.6750000e+02;2.2796412e-01;2.6750000e+02;2.2810757e-01;2.6750000e+02;2.1576166e-01;2.6750000e+02;1.9042991e-01;2.6750000e+02;1.5458439e-01;2.6750000e+02;1.1415185e-01;2.6750000e+02;7.3784202e-02;2.6750000e+02;3.4595944e-02;2.6750000e+02;-5.0494098e-03;2.6750000e+02;-6.2167738e-04;2.6750000e+02;7.7125812e-03;2.6750000e+02;2.1857165e-02;2.6750000e+02;4.2225920e-02;2.6750000e+02;6.9840416e-02;2.6750000e+02;1.0367370e-01;2.6750000e+02;1.4332364e-01;2.6750000e+02;1.8418165e-01;2.6750000e+02;2.1283340e-01;2.6750000e+02;2.2796412e-01;2.6750000e+02;2.2810757e-01;2.6750000e+02;2.1576166e-01;2.6750000e+02;1.9042991e-01;2.6750000e+02;1.5458439e-01;2.6750000e+02;1.1415185e-01;2.6750000e+02;7.3784202e-02;2.6750000e+02;3.4595944e-02;2.6750000e+02;-5.0494098e-03;2.6750000e+02;-6.2167738e-04;2.6750000e+02;7.7125812e-03;2.6750000e+02;2.1857165e-02;2.6750000e+02;4.2225920e-02;2.6750000e+02;6.9840416e-02;2.6750000e+02;1.0367370e-01;2.6750000e+02;1.4332364e-01;2.6750000e+02;1.8418165e-01;2.6750000e+02;2.1283340e-01;2.6750000e+02;2.2796412e-01;2.6750000e+02;2.2810757e-01;2.6750000e+02;2.1576166e-01;2.6750000e+02;1.9042991e-01;2.6750000e+02;1.5458439e-01;2.6750000e+02;1.1415185e-01;2.6750000e+02;7.3784202e-02;2.6750000e+02;3.4595944e-02;2.6750000e+02;-5.0494098e-03;2.6750000e+02;-6.2167738e-04;2.6750000e+02;7.7125812e-03;2.6750000e+02;2.1857165e-02;2.6750000e+02;4.2225920e-02;2.6750000e+02;6.9840416e-02;2.6750000e+02;1.0367370e-01;2.6750000e+02;1.4332364e-01;2.6750000e+02;1.8418165e-01;2.6750000e+02;2.1283340e-01;2.6750000e+02;2.2796412e-01;2.6750000e+02;2.2810757e-01;2.6750000e+02;2.1576166e-01;2.6750000e+02;1.9042991e-01;2.6750000e+02;1.5458439e-01;2.6750000e+02;1.1415185e-01;2.6750000e+02;7.3784202e-02;2.6750000e+02;3.4595944e-02;2.6750000e+02;-5.0494098e-03;2.6750000e+02;-6.2167738e-04;2.6750000e+02;7.7125812e-03;2.6750000e+02;2.1857165e-02;2.6750000e+02;4.2225920e-02;2.6750000e+02;6.9840416e-02;2.6750000e+02;1.0367370e-01;2.6750000e+02;1.4332364e-01;2.6750000e+02;1.8418165e-01;2.6750000e+02;2.1283340e-01;2.6750000e+02;2.2796412e-01;2.6750000e+02;2.2810757e-01;2.6750000e+02;2.1576166e-01;2.6750000e+02;1.9042991e-01;2.6750000e+02;1.5458439e-01;2.6750000e+02;1.1415185e-01;2.6750000e+02;7.3784202e-02;2.6750000e+02;3.4595944e-02;2.6750000e+02;-5.0494098e-03;2.6750000e+02;-6.2167738e-04;2.6750000e+02;7.7125812e-03;2.6750000e+02;2.1857165e-02;2.6750000e+02;4.2225920e-02;2.6750000e+02;6.9840416e-02;2.6750000e+02;1.0367370e-01;2.6750000e+02;1.4332364e-01;2.6750000e+02;1.8418165e-01;2.6750000e+02;2.1283340e-01;2.6750000e+02;2.2796412e-01;2.6750000e+02;2.2810757e-01;2.6750000e+02;2.1576166e-01;2.6750000e+02;1.9042991e-01;2.6750000e+02;1.5458439e-01;2.6750000e+02;1.1415185e-01;2.6750000e+02;7.3784202e-02;2.6750000e+02;3.4595944e-02;2.6750000e+02;-5.0494098e-03;2.6750000e+02;-6.2167738e-04;2.6750000e+02;7.7125812e-03;2.6750000e+02;2.1857165e-02;2.6750000e+02;4.2225920e-02;2.6750000e+02;6.9840416e-02;2.6750000e+02;1.0367370e-01;2.6750000e+02;1.4332364e-01;2.6750000e+02;1.8418165e-01;2.6750000e+02;2.1283340e-01;2.6750000e+02;2.2796412e-01;2.6750000e+02;2.2810757e-01;2.6750000e+02;2.1576166e-01;2.6750000e+02;1.9042991e-01;2.6750000e+02;1.5458439e-01;2.6750000e+02;1.1415185e-01;2.6750000e+02;7.3784202e-02;2.6750000e+02;3.4595944e-02;2.6750000e+02;-5.0494098e-03;2.6750000e+02;-6.2167738e-04;2.6750000e+02;7.7125812e-03;2.6750000e+02;2.1857165e-02;2.6750000e+02;4.2225920e-02;2.6750000e+02;6.9840416e-02;2.6750000e+02;1.0367370e-01;2.6750000e+02;1.4332364e-01;2.6750000e+02;1.8418165e-01;2.6750000e+02;2.1283340e-01;2.6750000e+02;2.2796412e-01;2.6750000e+02;2.2810757e-01;2.6750000e+02;2.1576166e-01;2.6750000e+02;1.9042991e-01;2.6750000e+02;1.5458439e-01;2.6750000e+02;1.1415185e-01;2.6750000e+02;7.3784202e-02;2.6750000e+02;3.4595944e-02;2.6750000e+02;-5.0494098e-03;2.6750000e+02;-6.2167738e-04;2.6750000e+02;7.7125812e-03;2.6750000e+02;2.1857165e-02;2.6750000e+02;4.2225920e-02;2.6750000e+02;6.9840416e-02;2.6750000e+02;1.0367370e-01;2.6750000e+02;1.4332364e-01;2.6750000e+02;1.8418165e-01;2.6750000e+02;2.1283340e-01;2.6750000e+02;2.2796412e-01;2.6750000e+02;2.2810757e-01;2.6750000e+02;2.1576166e-01;2.6750000e+02;1.9042991e-01;2.6750000e+02;1.5458439e-01;2.6750000e+02;1.1415185e-01;2.6750000e+02;7.3784202e-02;2.6750000e+02;3.4595944e-02;2.6750000e+02;-5.0494098e-03;2.6750000e+02;-6.2167738e-04;2.6750000e+02;7.7125812e-03;2.6750000e+02;2.1857165e-02;2.6750000e+02;4.2225920e-02;2.6750000e+02;6.9840416e-02;2.6750000e+02;1.0367370e-01;2.6750000e+02;1.4332364e-01;2.6750000e+02;1.8418165e-01;2.6750000e+02;2.1283340e-01;2.6750000e+02;2.2796412e-01;2.6750000e+02;2.2810757e-01;2.6750000e+02;2.1576166e-01;2.6750000e+02;1.9042991e-01;2.6750000e+02;1.5458439e-01;2.6750000e+02;1.1415185e-01;2.6750000e+02;7.3784202e-02;2.6750000e+02;3.4595944e-02;2.6750000e+02;-5.0494098e-03;2.6750000e+02;-6.2167738e-04;2.6750000e+02;7.7125812e-03;2.6750000e+02;2.1857165e-02;2.6750000e+02;4.2225920e-02;2.6750000e+02;6.9840416e-02;2.6750000e+02;1.0367370e-01;2.6750000e+02;1.4332364e-01;2.6750000e+02;1.8418165e-01;2.6750000e+02;2.1283340e-01;2.6750000e+02;2.2796412e-01;2.6750000e+02;2.2810757e-01;2.6750000e+02;2.1576166e-01;2.6750000e+02;1.9042991e-01;2.6750000e+02;1.5458439e-01;2.6750000e+02;1.1415185e-01;2.6750000e+02;7.3784202e-02;2.6750000e+02;3.4595944e-02;2.6750000e+02;-5.0494098e-03;2.6750000e+02;-6.2167738e-04;2.6750000e+02;7.7125812e-03;2.6750000e+02;2.1857165e-02;2.6750000e+02;4.2225920e-02;2.6750000e+02;6.9840416e-02;2.6750000e+02;1.0367370e-01;2.6750000e+02;1.4332364e-01;2.6750000e+02;1.8418165e-01;2.6750000e+02;2.1283340e-01;2.6750000e+02;2.2796412e-01;2.6750000e+02;2.2810757e-01;2.6750000e+02;2.1576166e-01;2.6750000e+02;1.9042991e-01;2.6750000e+02;1.5458439e-01;2.6750000e+02;1.1415185e-01;2.6750000e+02;7.3784202e-02;2.6750000e+02;3.4595944e-02;2.6750000e+02;-5.0494098e-03;2.6750000e+02;-6.2167738e-04;2.6750000e+02;7.7125812e-03;2.6750000e+02;2.1857165e-02;2.6750000e+02;4.2225920e-02;2.6750000e+02;6.9840416e-02;2.6750000e+02;1.0367370e-01;2.6750000e+02;1.4332364e-01;2.6750000e+02;1.8418165e-01;2.6750000e+02;2.1283340e-01;2.6750000e+02;2.2796412e-01;2.6750000e+02;2.2810757e-01;2.6750000e+02;2.1576166e-01;2.6750000e+02;1.9042991e-01;2.6750000e+02;1.5458439e-01;2.6750000e+02;1.1415185e-01;2.6750000e+02;7.3784202e-02;2.6750000e+02;3.4595944e-02;2.6750000e+02;-5.0494098e-03;2.6750000e+02;-6.2167738e-04;2.6750000e+02;7.7125812e-03;2.6750000e+02;2.1857165e-02;2.6750000e+02;4.2225920e-02;2.6750000e+02;6.9840416e-02;2.6750000e+02;1.0367370e-01;2.6750000e+02;1.4332364e-01;2.6750000e+02;1.8418165e-01;2.6750000e+02;2.1283340e-01;2.6750000e+02;2.2796412e-01;2.6750000e+02;2.2810757e-01;2.6750000e+02;2.1576166e-01;2.6750000e+02;1.9042991e-01;2.6750000e+02;1.5458439e-01;2.6750000e+02;1.1415185e-01;2.6750000e+02;7.3784202e-02;2.6750000e+02;3.4595944e-02;2.6750000e+02;-5.0494098e-03;2.6750000e+02;-6.2167738e-04;2.6750000e+02;7.7125812e-03;2.6750000e+02;2.1857165e-02;2.6750000e+02;4.2225920e-02;2.6750000e+02;6.9840416e-02;2.6750000e+02;1.0367370e-01;2.6750000e+02;1.4332364e-01;2.6750000e+02;1.8418165e-01;2.6750000e+02;2.1283340e-01;2.6750000e+02;2.2796412e-01;2.6750000e+02;2.2810757e-01;2.6750000e+02;2.1576166e-01;2.6750000e+02;1.9042991e-01;2.6750000e+02;1.5458439e-01;2.6750000e+02;1.1415185e-01;2.6750000e+02;7.3784202e-02;2.6750000e+02;3.4595944e-02;2.6750000e+02;-5.0494098e-03;2.6750000e+02;-6.2167738e-04;2.6750000e+02;7.7125812e-03;2.6750000e+02;2.1857165e-02;2.6750000e+02;4.2225920e-02;2.6750000e+02;6.9840416e-02;2.6750000e+02;1.0367370e-01;2.6750000e+02;1.4332364e-01;2.6750000e+02;1.8418165e-01;2.6750000e+02;2.1283340e-01;2.6750000e+02;2.2796412e-01;2.6750000e+02;2.2810757e-01;2.6750000e+02;2.1576166e-01;2.6750000e+02;1.9042991e-01;2.6750000e+02;1.5458439e-01;2.6750000e+02;1.1415185e-01;2.6750000e+02;7.3784202e-02;2.6750000e+02;3.4595944e-02;2.6750000e+02;-5.0494098e-03;2.6750000e+02;-6.2167738e-04;2.6750000e+02;7.7125812e-03;2.6750000e+02;2.1857165e-02;2.6750000e+02;4.2225920e-02;2.6750000e+02;6.9840416e-02;2.6750000e+02;1.0367370e-01;2.6750000e+02;1.4332364e-01;2.6750000e+02;1.8418165e-01;2.6750000e+02;2.1283340e-01;2.6750000e+02;2.2796412e-01;2.6750000e+02;2.2810757e-01;2.6750000e+02;2.1576166e-01;2.6750000e+02;1.9042991e-01;2.6750000e+02;1.5458439e-01;2.6750000e+02;1.1415185e-01;2.6750000e+02;7.3784202e-02;2.6750000e+02;3.4595944e-02;2.6750000e+02;-5.0494098e-03;2.6750000e+02;-6.2167738e-04;2.6750000e+02;7.7125812e-03;2.6750000e+02;2.1857165e-02;2.6750000e+02;4.2225920e-02;2.6750000e+02;6.9840416e-02;2.6750000e+02;1.0367370e-01;2.6750000e+02;1.4332364e-01;2.6750000e+02;1.8418165e-01;2.6750000e+02;2.1283340e-01;2.6750000e+02;2.2796412e-01;2.6750000e+02;2.2810757e-01;2.6750000e+02;2.1576166e-01;2.6750000e+02;1.9042991e-01;2.6750000e+02;1.5458439e-01;2.6750000e+02;1.1415185e-01;2.6750000e+02;7.3784202e-02;2.6750000e+02;3.4595944e-02;2.6750000e+02;-5.0494098e-03;2.6750000e+02;-6.2167738e-04;2.6750000e+02;7.7125812e-03;2.6750000e+02;2.1857165e-02;2.6750000e+02;4.2225920e-02;2.6750000e+02;6.9840416e-02;2.6750000e+02;1.0367370e-01;2.6750000e+02;1.4332364e-01;2.6750000e+02;1.8418165e-01;2.6750000e+02;2.1283340e-01;2.6750000e+02;2.2796412e-01;2.6750000e+02;2.2810757e-01;2.6750000e+02;2.1576166e-01;2.6750000e+02;1.9042991e-01;2.6750000e+02;1.5458439e-01;2.6750000e+02;1.1415185e-01;2.6750000e+02;7.3784202e-02;2.6750000e+02;3.4595944e-02;2.6750000e+02;-5.0494098e-03;2.6750000e+02;-6.2167738e-04;2.6750000e+02;7.7125812e-03;2.6750000e+02;2.1857165e-02;2.6750000e+02;4.2225920e-02;2.6750000e+02;6.9840416e-02;2.6750000e+02;1.0367370e-01;2.6750000e+02;1.4332364e-01;2.6750000e+02;1.8418165e-01;2.6750000e+02;2.1283340e-01;2.6750000e+02;2.2796412e-01;2.6750000e+02;2.2810757e-01;2.6750000e+02;2.1576166e-01;2.6750000e+02;1.9042991e-01;2.6750000e+02;1.5458439e-01;2.6750000e+02;1.1415185e-01;2.6750000e+02;7.3784202e-02;2.6750000e+02;3.4595944e-02;2.6750000e+02;-5.0494098e-03;2.6750000e+02;-6.2167738e-04;2.6750000e+02;7.7125812e-03;2.6750000e+02;2.1857165e-02;2.6750000e+02;4.2225920e-02;2.6750000e+02;6.9840416e-02;2.6750000e+02;1.0367370e-01;2.6750000e+02;1.4332364e-01;2.6750000e+02;1.8418165e-01;2.6750000e+02;2.1283340e-01;2.6750000e+02;2.2796412e-01;2.6750000e+02;2.2810757e-01;2.6750000e+02;2.1576166e-01;2.6750000e+02;1.9042991e-01;2.6750000e+02;1.5458439e-01;2.6750000e+02;1.1415185e-01;2.6750000e+02;7.3784202e-02;2.6750000e+02;3.4595944e-02;2.6750000e+02;-5.0494098e-03;2.6750000e+02;-6.2167738e-04;2.6750000e+02;7.7125812e-03;2.6750000e+02;2.1857165e-02;2.6750000e+02;4.2225920e-02;2.6750000e+02;6.9840416e-02;2.6750000e+02;1.0367370e-01;2.6750000e+02;1.4332364e-01;2.6750000e+02;1.8418165e-01;2.6750000e+02;2.1283340e-01;2.6750000e+02;2.2796412e-01;2.6750000e+02;2.2810757e-01;2.6750000e+02;2.1576166e-01;2.6750000e+02;1.9042991e-01;2.6750000e+02;1.5458439e-01;2.6750000e+02;1.1415185e-01;2.6750000e+02;7.3784202e-02;2.6750000e+02;3.4595944e-02;2.6750000e+02;-5.0494098e-03;2.6750000e+02;-6.2167738e-04;2.6750000e+02;7.7125812e-03;2.6750000e+02;2.1857165e-02;2.6750000e+02;4.2225920e-02;2.6750000e+02;6.9840416e-02;2.6750000e+02;1.0367370e-01;2.6750000e+02;1.4332364e-01;2.6750000e+02;1.8418165e-01;2.6750000e+02;2.1283340e-01;2.6750000e+02;2.2796412e-01;2.6750000e+02;2.2810757e-01;2.6750000e+02;2.1576166e-01;2.6750000e+02;1.9042991e-01;2.6750000e+02;1.5458439e-01;2.6750000e+02;1.1415185e-01;2.6750000e+02;7.3784202e-02;2.6750000e+02;3.4595944e-02;2.6750000e+02;-5.0494098e-03;2.6750000e+02;-6.2167738e-04;2.6750000e+02;7.7125812e-03;2.6750000e+02;2.1857165e-02;2.6750000e+02;4.2225920e-02;2.6750000e+02;6.9840416e-02;2.6750000e+02;1.0367370e-01;2.6750000e+02;1.4332364e-01;2.6750000e+02;1.8418165e-01;2.6750000e+02;2.1283340e-01;2.6750000e+02;2.2796412e-01;2.6750000e+02;2.2810757e-01;2.6750000e+02;2.1576166e-01;2.6750000e+02;1.9042991e-01;2.6750000e+02;1.5458439e-01;2.6750000e+02;1.1415185e-01;2.6750000e+02;7.3784202e-02;2.6750000e+02;3.4595944e-02;2.6750000e+02;-5.0494098e-03;2.6750000e+02;-6.2167738e-04;2.6750000e+02;7.7125812e-03;2.6750000e+02;2.1857165e-02;2.6750000e+02;4.2225920e-02;2.6750000e+02;6.9840416e-02;2.6750000e+02;1.0367370e-01;2.6750000e+02;1.4332364e-01;2.6750000e+02;1.8418165e-01;2.6750000e+02;2.1283340e-01;2.6750000e+02;2.2796412e-01;2.6750000e+02;2.2810757e-01;2.6750000e+02;2.1576166e-01;2.6750000e+02;1.9042991e-01;2.6750000e+02;1.5458439e-01;2.6750000e+02;1.1415185e-01;2.6750000e+02;7.3784202e-02;2.6750000e+02;3.4595944e-02;2.6750000e+02;-5.0494098e-03;2.6750000e+02;-6.2167738e-04;2.6750000e+02;7.7125812e-03;2.6750000e+02;2.1857165e-02;2.6750000e+02;4.2225920e-02;2.6750000e+02;6.9840416e-02;2.6750000e+02;1.0367370e-01;2.6750000e+02;1.4332364e-01;2.6750000e+02;1.8418165e-01;2.6750000e+02;2.1283340e-01;2.6750000e+02;2.2796412e-01;2.6750000e+02;2.2810757e-01;2.6750000e+02;2.1576166e-01;2.6750000e+02;1.9042991e-01;2.6750000e+02;1.5458439e-01;2.6750000e+02;1.1415185e-01;2.6750000e+02;7.3784202e-02;2.6750000e+02;3.4595944e-02;2.6750000e+02;-5.0494098e-03;2.6750000e+02;-6.2167738e-04;2.6750000e+02;7.7125812e-03;2.6750000e+02;2.1857165e-02;2.6750000e+02;4.2225920e-02;2.6750000e+02;6.9840416e-02;2.6750000e+02;1.0367370e-01;2.6750000e+02;1.4332364e-01;2.6750000e+02;1.8418165e-01;2.6750000e+02;2.1283340e-01;2.6750000e+02;2.2796412e-01;2.6750000e+02;2.2810757e-01;2.6750000e+02;2.1576166e-01;2.6750000e+02;1.9042991e-01;2.6750000e+02;1.5458439e-01;2.6750000e+02;1.1415185e-01;2.6750000e+02;7.3784202e-02;2.6750000e+02;3.4595944e-02;2.6750000e+02;-5.0494098e-03;2.6750000e+02;-6.2167738e-04;2.6750000e+02;7.7125812e-03;2.6750000e+02;2.1857165e-02;2.6750000e+02;4.2225920e-02;2.6750000e+02;6.9840416e-02;2.6750000e+02;1.0367370e-01;2.6750000e+02;1.4332364e-01;2.6750000e+02;1.8418165e-01;2.6750000e+02;2.1283340e-01;2.6750000e+02;2.2796412e-01;2.6750000e+02;2.2810757e-01;2.6750000e+02;2.1576166e-01;2.6750000e+02;1.9042991e-01;2.6750000e+02;1.5458439e-01;2.6750000e+02;1.1415185e-01;2.6750000e+02;7.3784202e-02;2.6750000e+02;3.4595944e-02;2.6750000e+02;-5.0494098e-03;2.6750000e+02;-6.2167738e-04;2.6750000e+02;7.7125812e-03;2.6750000e+02;2.1857165e-02;2.6750000e+02;4.2225920e-02;2.6750000e+02;6.9840416e-02;2.6750000e+02;1.0367370e-01;2.6750000e+02;1.4332364e-01;2.6750000e+02;1.8418165e-01;2.6750000e+02;2.1283340e-01;2.6750000e+02;2.2796412e-01;2.6750000e+02;2.2810757e-01;2.6750000e+02;2.1576166e-01;2.6750000e+02;1.9042991e-01;2.6750000e+02;1.5458439e-01;2.6750000e+02;1.1415185e-01;2.6750000e+02;7.3784202e-02;2.6750000e+02;3.4595944e-02;2.6750000e+02;-5.0494098e-03;2.6750000e+02;-6.2167738e-04;2.6750000e+02;7.7125812e-03;2.6750000e+02;2.1857165e-02;2.6750000e+02;4.2225920e-02;2.6750000e+02;6.9840416e-02;2.6750000e+02;1.0367370e-01;2.6750000e+02;1.4332364e-01;2.6750000e+02;1.8418165e-01;2.6750000e+02;2.1283340e-01;2.6750000e+02;2.2796412e-01;2.6750000e+02;2.2810757e-01;2.6750000e+02;2.1576166e-01;2.6750000e+02;1.9042991e-01;2.6750000e+02;1.5458439e-01;2.6750000e+02;1.1415185e-01;2.6750000e+02;7.3784202e-02;2.6750000e+02;3.4595944e-02;2.6750000e+02;-5.0494098e-03;2.6750000e+02;-6.2167738e-04;2.6750000e+02;7.7125812e-03;2.6750000e+02;2.1857165e-02;2.6750000e+02;4.2225920e-02;2.6750000e+02;6.9840416e-02;2.6750000e+02;1.0367370e-01;2.6750000e+02;1.4332364e-01;2.6750000e+02;1.8418165e-01;2.6750000e+02;2.1283340e-01;2.6750000e+02;2.2796412e-01;2.6750000e+02;2.2810757e-01;2.6750000e+02;2.1576166e-01;2.6750000e+02;1.9042991e-01;2.6750000e+02;1.5458439e-01;2.6750000e+02;1.1415185e-01;2.6750000e+02;7.3784202e-02;2.6750000e+02;3.4595944e-02;2.6750000e+02;-5.0494098e-03;2.6750000e+02;-6.2167738e-04;2.6750000e+02;7.7125812e-03;2.6750000e+02;2.1857165e-02;2.6750000e+02;4.2225920e-02;2.6750000e+02;6.9840416e-02;2.6750000e+02;1.0367370e-01;2.6750000e+02;1.4332364e-01;2.6750000e+02;1.8418165e-01;2.6750000e+02;2.1283340e-01;2.6750000e+02;2.2796412e-01;2.6750000e+02;2.2810757e-01;2.6750000e+02;2.1576166e-01;2.6750000e+02;1.9042991e-01;2.6750000e+02;1.5458439e-01;2.6750000e+02;1.1415185e-01;2.6750000e+02;7.3784202e-02;2.6750000e+02;3.4595944e-02;2.6750000e+02;-5.0494098e-03;2.6750000e+02;-6.2167738e-04;2.6750000e+02;7.7125812e-03;2.6750000e+02;2.1857165e-02;2.6750000e+02;4.2225920e-02;2.6750000e+02;6.9840416e-02;2.6750000e+02;1.0367370e-01;2.6750000e+02;1.4332364e-01;2.6750000e+02;1.8418165e-01;2.6750000e+02;2.1283340e-01;2.6750000e+02;2.2796412e-01;2.6750000e+02;2.2810757e-01;2.6750000e+02;2.1576166e-01;2.6750000e+02;1.9042991e-01;2.6750000e+02;1.5458439e-01;2.6750000e+02;1.1415185e-01;2.6750000e+02;7.3784202e-02;2.6750000e+02;3.4595944e-02;2.6750000e+02;-5.0494098e-03;2.6750000e+02;-6.2167738e-04;2.6750000e+02;7.7125812e-03;2.6750000e+02;2.1857165e-02;2.6750000e+02;4.2225920e-02;2.6750000e+02;6.9840416e-02;2.6750000e+02;1.0367370e-01;2.6750000e+02;1.4332364e-01;2.6750000e+02;1.8418165e-01;2.6750000e+02;2.1283340e-01;2.6750000e+02;2.2796412e-01;2.6750000e+02;2.2810757e-01;2.6750000e+02;2.1576166e-01;2.6750000e+02;1.9042991e-01;2.6750000e+02;1.5458439e-01;2.6750000e+02;1.1415185e-01;2.6750000e+02;7.3784202e-02;2.6750000e+02;3.4595944e-02;2.6750000e+02;-5.0494098e-03;2.6750000e+02;-6.2167738e-04;2.6750000e+02;7.7125812e-03;2.6750000e+02;2.1857165e-02;2.6750000e+02;4.2225920e-02;2.6750000e+02;6.9840416e-02;2.6750000e+02;1.0367370e-01;2.6750000e+02;1.4332364e-01;2.6750000e+02;1.8418165e-01;2.6750000e+02;2.1283340e-01;2.6750000e+02;2.2796412e-01;2.6750000e+02;2.2810757e-01;2.6750000e+02;2.1576166e-01;2.6750000e+02;1.9042991e-01;2.6750000e+02;1.5458439e-01;2.6750000e+02;1.1415185e-01;2.6750000e+02;7.3784202e-02;2.6750000e+02;3.4595944e-02;2.6750000e+02;-5.0494098e-03;2.6750000e+02;-6.2167738e-04;2.6750000e+02;7.7125812e-03;2.6750000e+02;2.1857165e-02;2.6750000e+02;4.2225920e-02;2.6750000e+02;6.9840416e-02;2.6750000e+02;1.0367370e-01;2.6750000e+02;1.4332364e-01;2.6750000e+02;1.8418165e-01;2.6750000e+02;2.1283340e-01;2.6750000e+02;2.2796412e-01;2.6750000e+02;2.2810757e-01;2.6750000e+02;2.1576166e-01;2.6750000e+02;1.9042991e-01;2.6750000e+02;1.5458439e-01;2.6750000e+02;1.1415185e-01;2.6750000e+02;7.3784202e-02;2.6750000e+02;3.4595944e-02;2.6750000e+02;-5.0494098e-03;2.6750000e+02;-6.2167738e-04;2.6750000e+02;7.7125812e-03;2.6750000e+02;2.1857165e-02;2.6750000e+02;4.2225920e-02;2.6750000e+02;6.9840416e-02;2.6750000e+02;1.0367370e-01;2.6750000e+02;1.4332364e-01;2.6750000e+02;1.8418165e-01;2.6750000e+02;2.1283340e-01;2.6750000e+02;2.2796412e-01;2.6750000e+02;2.2810757e-01;2.6750000e+02;2.1576166e-01;2.6750000e+02;1.9042991e-01;2.6750000e+02;1.5458439e-01;2.6750000e+02;1.1415185e-01;2.6750000e+02;7.3784202e-02;2.6750000e+02;3.4595944e-02;2.6750000e+02;-5.0494098e-03;2.6750000e+02;-6.2167738e-04;2.6750000e+02;7.7125812e-03;2.6750000e+02;2.1857165e-02;2.6750000e+02;4.2225920e-02;2.6750000e+02;6.9840416e-02;2.6750000e+02;1.0367370e-01;2.6750000e+02;1.4332364e-01;2.6750000e+02;1.8418165e-01;2.6750000e+02;2.1283340e-01;2.6750000e+02;2.2796412e-01;2.6750000e+02;2.2810757e-01;2.6750000e+02;2.1576166e-01;2.6750000e+02;1.9042991e-01;2.6750000e+02;1.5458439e-01;2.6750000e+02;1.1415185e-01;2.6750000e+02;7.3784202e-02;2.6750000e+02;3.4595944e-02;2.6750000e+02;-5.0494098e-03;2.6750000e+02;-6.2167738e-04;2.6750000e+02;7.7125812e-03;2.6750000e+02;2.1857165e-02;2.6750000e+02;4.2225920e-02;2.6750000e+02;6.9840416e-02;2.6750000e+02;1.0367370e-01;2.6750000e+02;1.4332364e-01;2.6750000e+02;1.8418165e-01;2.6750000e+02;2.1283340e-01;2.6750000e+02;2.2796412e-01;2.6750000e+02;2.2810757e-01;2.6750000e+02;2.1576166e-01;2.6750000e+02;1.9042991e-01;2.6750000e+02;1.5458439e-01;2.6750000e+02;1.1415185e-01;2.6750000e+02;7.3784202e-02;2.6750000e+02;3.4595944e-02;2.6750000e+02;-5.0494098e-03;2.6750000e+02;-6.2167738e-04;2.6750000e+02;7.7125812e-03;2.6750000e+02;2.1857165e-02;2.6750000e+02;4.2225920e-02;2.6750000e+02;6.9840416e-02;2.6750000e+02;1.0367370e-01;2.6750000e+02;1.4332364e-01;2.6750000e+02;1.8418165e-01;2.6750000e+02;2.1283340e-01;2.6750000e+02;2.2796412e-01;2.6750000e+02;2.2810757e-01;2.6750000e+02;2.1576166e-01;2.6750000e+02;1.9042991e-01;2.6750000e+02;1.5458439e-01;2.6750000e+02;1.1415185e-01;2.6750000e+02;7.3784202e-02;2.6750000e+02;3.4595944e-02;2.6750000e+02;-5.0494098e-03;2.6750000e+02;-6.2167738e-04;2.6750000e+02;7.7125812e-03;2.6750000e+02;2.1857165e-02;2.6750000e+02;4.2225920e-02;2.6750000e+02;6.9840416e-02;2.6750000e+02;1.0367370e-01;2.6750000e+02;1.4332364e-01;2.6750000e+02;1.8418165e-01;2.6750000e+02;2.1283340e-01;2.6750000e+02;2.2796412e-01;2.6750000e+02;2.2810757e-01;2.6750000e+02;2.1576166e-01;2.6750000e+02;1.9042991e-01;2.6750000e+02;1.5458439e-01;2.6750000e+02;1.1415185e-01;2.6750000e+02;7.3784202e-02;2.6750000e+02;3.4595944e-02;2.6750000e+02;-5.0494098e-03;2.6750000e+02;-6.2167738e-04;2.6750000e+02;7.7125812e-03;2.6750000e+02;2.1857165e-02;2.6750000e+02;4.2225920e-02;2.6750000e+02;6.9840416e-02;2.6750000e+02;1.0367370e-01;2.6750000e+02;1.4332364e-01;2.6750000e+02;1.8418165e-01;2.6750000e+02;2.1283340e-01;2.6750000e+02;2.2796412e-01;2.6750000e+02;2.2810757e-01;2.6750000e+02;2.1576166e-01;2.6750000e+02;1.9042991e-01;2.6750000e+02;1.5458439e-01;2.6750000e+02;1.1415185e-01;2.6750000e+02;7.3784202e-02;2.6750000e+02;3.4595944e-02;2.6750000e+02;-5.0494098e-03;2.6750000e+02;-6.2167738e-04;2.6750000e+02;7.7125812e-03;2.6750000e+02;2.1857165e-02;2.6750000e+02;4.2225920e-02;2.6750000e+02;6.9840416e-02;2.6750000e+02;1.0367370e-01;2.6750000e+02;1.4332364e-01;2.6750000e+02;1.8418165e-01;2.6750000e+02;2.1283340e-01;2.6750000e+02;2.2796412e-01;2.6750000e+02;2.2810757e-01;2.6750000e+02;2.1576166e-01;2.6750000e+02;1.9042991e-01;2.6750000e+02;1.5458439e-01;2.6750000e+02;1.1415185e-01;2.6750000e+02;7.3784202e-02;2.6750000e+02;3.4595944e-02;2.6750000e+02;-5.0494098e-03;2.6750000e+02;-6.2167738e-04;2.6750000e+02;7.7125812e-03;2.6750000e+02;2.1857165e-02;2.6750000e+02;4.2225920e-02;2.6750000e+02;6.9840416e-02;2.6750000e+02;1.0367370e-01;2.6750000e+02;1.4332364e-01;2.6750000e+02;1.8418165e-01;2.6750000e+02;2.1283340e-01;2.6750000e+02;2.2796412e-01;2.6750000e+02;2.2810757e-01;2.6750000e+02;2.1576166e-01;2.6750000e+02;1.9042991e-01;2.6750000e+02;1.5458439e-01;2.6750000e+02;1.1415185e-01;2.6750000e+02;7.3784202e-02;2.6750000e+02;3.4595944e-02;2.6750000e+02;-5.0494098e-03;2.6750000e+02;-6.2167738e-04;2.6750000e+02;7.7125812e-03;2.6750000e+02;2.1857165e-02;2.6750000e+02;4.2225920e-02;2.6750000e+02;6.9840416e-02;2.6750000e+02;1.0367370e-01;2.6750000e+02;1.4332364e-01;2.6750000e+02;1.8418165e-01;2.6750000e+02;2.1283340e-01;2.6750000e+02;2.2796412e-01;2.6750000e+02;2.2810757e-01;2.6750000e+02;2.1576166e-01;2.6750000e+02;1.9042991e-01;2.6750000e+02;1.5458439e-01;2.6750000e+02;1.1415185e-01;2.6750000e+02;7.3784202e-02;2.6750000e+02;3.4595944e-02;2.6750000e+02;-5.0494098e-03;2.6750000e+02;-6.2167738e-04;2.6750000e+02;7.7125812e-03;2.6750000e+02;2.1857165e-02;2.6750000e+02;4.2225920e-02;2.6750000e+02;6.9840416e-02;2.6750000e+02;1.0367370e-01;2.6750000e+02;1.4332364e-01;2.6750000e+02;1.8418165e-01;2.6750000e+02;2.1283340e-01;2.6750000e+02;2.2796412e-01;2.6750000e+02;2.2810757e-01;2.6750000e+02;2.1576166e-01;2.6750000e+02;1.9042991e-01;2.6750000e+02;1.5458439e-01;2.6750000e+02;1.1415185e-01;2.6750000e+02;7.3784202e-02;2.6750000e+02;3.4595944e-02;2.6750000e+02;-5.0494098e-03;2.6750000e+02;-6.2167738e-04;2.6750000e+02;7.7125812e-03;2.6750000e+02;2.1857165e-02;2.6750000e+02;4.2225920e-02;2.6750000e+02;6.9840416e-02;2.6750000e+02;1.0367370e-01;2.6750000e+02;1.4332364e-01;2.6750000e+02;1.8418165e-01;2.6750000e+02;2.1283340e-01;2.6750000e+02;2.2796412e-01;2.6750000e+02;2.2810757e-01;2.6750000e+02;2.1576166e-01;2.6750000e+02;1.9042991e-01;2.6750000e+02;1.5458439e-01;2.6750000e+02;1.1415185e-01;2.6750000e+02;7.3784202e-02;2.6750000e+02;3.4595944e-02;2.6750000e+02;-5.0494098e-03;2.6750000e+02;-6.2167738e-04;2.6750000e+02;7.7125812e-03;2.6750000e+02;2.1857165e-02;2.6750000e+02;4.2225920e-02;2.6750000e+02;6.9840416e-02;2.6750000e+02;1.0367370e-01;2.6750000e+02;1.4332364e-01;2.6750000e+02;1.8418165e-01;2.6750000e+02;2.1283340e-01;2.6750000e+02;2.2796412e-01;2.6750000e+02;2.2810757e-01;2.6750000e+02;2.1576166e-01;2.6750000e+02;1.9042991e-01;2.6750000e+02;1.5458439e-01;2.6750000e+02;1.1415185e-01;2.6750000e+02;7.3784202e-02;2.6750000e+02;3.4595944e-02;2.6750000e+02;-5.0494098e-03;2.6750000e+02;-6.2167738e-04;2.6750000e+02;7.7125812e-03;2.6750000e+02;2.1857165e-02;2.6750000e+02;4.2225920e-02;2.6750000e+02;6.9840416e-02;2.6750000e+02;1.0367370e-01;2.6750000e+02;1.4332364e-01;2.6750000e+02;1.8418165e-01;2.6750000e+02;2.1283340e-01;2.6750000e+02;2.2796412e-01;2.6750000e+02;2.2810757e-01;2.6750000e+02;2.1576166e-01;2.6750000e+02;1.9042991e-01;2.6750000e+02;1.5458439e-01;2.6750000e+02;1.1415185e-01;2.6750000e+02;7.3784202e-02;2.6750000e+02;3.4595944e-02;2.6750000e+02;-5.0494098e-03;2.6750000e+02;-6.2167738e-04;2.6750000e+02;7.7125812e-03;2.6750000e+02;2.1857165e-02;2.6750000e+02;4.2225920e-02;2.6750000e+02;6.9840416e-02;2.6750000e+02;1.0367370e-01;2.6750000e+02;1.4332364e-01;2.6750000e+02;1.8418165e-01;2.6750000e+02;2.1283340e-01;2.6750000e+02;2.2796412e-01;2.6750000e+02;2.2810757e-01;2.6750000e+02;2.1576166e-01;2.6750000e+02;1.9042991e-01;2.6750000e+02;1.5458439e-01;2.6750000e+02;1.1415185e-01;2.6750000e+02;7.3784202e-02;2.6750000e+02;3.4595944e-02;2.6750000e+02;-5.0494098e-03;2.6750000e+02;-6.2167738e-04;2.6750000e+02;7.7125812e-03;2.6750000e+02;2.1857165e-02;2.6750000e+02;4.2225920e-02;2.6750000e+02;6.9840416e-02;2.6750000e+02;1.0367370e-01;2.6750000e+02;1.4332364e-01;2.6750000e+02;1.8418165e-01;2.6750000e+02;2.1283340e-01;2.6750000e+02;2.2796412e-01;2.6750000e+02;2.2810757e-01;2.6750000e+02;2.1576166e-01;2.6750000e+02;1.9042991e-01;2.6750000e+02;1.5458439e-01;2.6750000e+02;1.1415185e-01;2.6750000e+02;7.3784202e-02;2.6750000e+02;3.4595944e-02;2.6750000e+02;-5.0494098e-03;2.6750000e+02;-6.2167738e-04;2.6750000e+02;7.7125812e-03;2.6750000e+02;2.1857165e-02;2.6750000e+02;4.2225920e-02;2.6750000e+02;6.9840416e-02;2.6750000e+02;1.0367370e-01;2.6750000e+02;1.4332364e-01;2.6750000e+02;1.8418165e-01;2.6750000e+02;2.1283340e-01;2.6750000e+02;2.2796412e-01;2.6750000e+02;2.2810757e-01;2.6750000e+02;2.1576166e-01;2.6750000e+02;1.9042991e-01;2.6750000e+02;1.5458439e-01;2.6750000e+02;1.1415185e-01;2.6750000e+02;7.3784202e-02;2.6750000e+02;3.4595944e-02;2.6750000e+02;-5.0494098e-03;2.6750000e+02;-6.2167738e-04;2.6750000e+02;7.7125812e-03;2.6750000e+02;2.1857165e-02;2.6750000e+02;4.2225920e-02;2.6750000e+02;6.9840416e-02;2.6750000e+02;1.0367370e-01;2.6750000e+02;1.4332364e-01;2.6750000e+02;1.8418165e-01;2.6750000e+02;2.1283340e-01;2.6750000e+02;2.2796412e-01;2.6750000e+02;2.2810757e-01;2.6750000e+02;2.1576166e-01;2.6750000e+02;1.9042991e-01;2.6750000e+02;1.5458439e-01;2.6750000e+02;1.1415185e-01;2.6750000e+02;7.3784202e-02;2.6750000e+02;3.4595944e-02;2.6750000e+02;-5.0494098e-03;2.6750000e+02;-6.2167738e-04;2.6750000e+02;7.7125812e-03;2.6750000e+02;2.1857165e-02;2.6750000e+02;4.2225920e-02;2.6750000e+02;6.9840416e-02;2.6750000e+02;1.0367370e-01;2.6750000e+02;1.4332364e-01;2.6750000e+02;1.8418165e-01;2.6750000e+02;2.1283340e-01;2.6750000e+02;2.2796412e-01;2.6750000e+02;2.2810757e-01;2.6750000e+02;2.1576166e-01;2.6750000e+02;1.9042991e-01;2.6750000e+02;1.5458439e-01;2.6750000e+02;1.1415185e-01;2.6750000e+02;7.3784202e-02;2.6750000e+02;3.4595944e-02;2.6750000e+02;-5.0494098e-03;2.6750000e+02;-6.2167738e-04;2.6750000e+02;7.7125812e-03;2.6750000e+02;2.1857165e-02;2.6750000e+02;4.2225920e-02;2.6750000e+02;6.9840416e-02;2.6750000e+02;1.0367370e-01;2.6750000e+02;1.4332364e-01;2.6750000e+02;1.8418165e-01;2.6750000e+02;2.1283340e-01;2.6750000e+02;2.2796412e-01;2.6750000e+02;2.2810757e-01;2.6750000e+02;2.1576166e-01;2.6750000e+02;1.9042991e-01;2.6750000e+02;1.5458439e-01;2.6750000e+02;1.1415185e-01;2.6750000e+02;7.3784202e-02;2.6750000e+02;3.4595944e-02;2.6750000e+02;-5.0494098e-03;2.6750000e+02;-6.2167738e-04;2.6750000e+02;7.7125812e-03;2.6750000e+02;2.1857165e-02;2.6750000e+02;4.2225920e-02;2.6750000e+02;6.9840416e-02;2.6750000e+02;1.0367370e-01;2.6750000e+02;1.4332364e-01;2.6750000e+02;1.8418165e-01;2.6750000e+02;2.1283340e-01;2.6750000e+02;2.2796412e-01;2.6750000e+02;2.2810757e-01;2.6750000e+02;2.1576166e-01;2.6750000e+02;1.9042991e-01;2.6750000e+02;1.5458439e-01;2.6750000e+02;1.1415185e-01;2.6750000e+02;7.3784202e-02;2.6750000e+02;3.4595944e-02;2.6750000e+02;-5.0494098e-03;2.6750000e+02;-6.2167738e-04;2.6750000e+02;7.7125812e-03;2.6750000e+02;2.1857165e-02;2.6750000e+02;4.2225920e-02;2.6750000e+02;6.9840416e-02;2.6750000e+02;1.0367370e-01;2.6750000e+02;1.4332364e-01;2.6750000e+02;1.8418165e-01;2.6750000e+02;2.1283340e-01;2.6750000e+02;2.2796412e-01;2.6750000e+02;2.2810757e-01;2.6750000e+02;2.1576166e-01;2.6750000e+02;1.9042991e-01;2.6750000e+02;1.5458439e-01;2.6750000e+02;1.1415185e-01;2.6750000e+02;7.3784202e-02;2.6750000e+02;3.4595944e-02;2.6750000e+02;-5.0494098e-03;2.6750000e+02;-6.2167738e-04;2.6750000e+02;7.7125812e-03;2.6750000e+02;2.1857165e-02;2.6750000e+02;4.2225920e-02;2.6750000e+02;6.9840416e-02;2.6750000e+02;1.0367370e-01;2.6750000e+02;1.4332364e-01;2.6750000e+02;1.8418165e-01;2.6750000e+02;2.1283340e-01;2.6750000e+02;2.2796412e-01;2.6750000e+02;2.2810757e-01;2.6750000e+02;2.1576166e-01;2.6750000e+02;1.9042991e-01;2.6750000e+02;1.5458439e-01;2.6750000e+02;1.1415185e-01;2.6750000e+02;7.3784202e-02;2.6750000e+02;3.4595944e-02;2.6750000e+02;-5.0494098e-03;2.6750000e+02;-6.2167738e-04;2.6750000e+02;7.7125812e-03;2.6750000e+02;2.1857165e-02;2.6750000e+02;4.2225920e-02;2.6750000e+02;6.9840416e-02;2.6750000e+02;1.0367370e-01;2.6750000e+02;1.4332364e-01;2.6750000e+02;1.8418165e-01;2.6750000e+02;2.1283340e-01;2.6750000e+02;2.2796412e-01;2.6750000e+02;2.2810757e-01;2.6750000e+02;2.1576166e-01;2.6750000e+02;1.9042991e-01;2.6750000e+02;1.5458439e-01;2.6750000e+02;1.1415185e-01;2.6750000e+02;7.3784202e-02;2.6750000e+02;3.4595944e-02;2.6750000e+02;-5.0494098e-03;2.6750000e+02;-6.2167738e-04;2.6750000e+02;7.7125812e-03;2.6750000e+02;2.1857165e-02;2.6750000e+02;4.2225920e-02;2.6750000e+02;6.9840416e-02;2.6750000e+02;1.0367370e-01;2.6750000e+02;1.4332364e-01;2.6750000e+02;1.8418165e-01;2.6750000e+02;2.1283340e-01;2.6750000e+02;2.2796412e-01;2.6750000e+02;2.2810757e-01;2.6750000e+02;2.1576166e-01;2.6750000e+02;1.9042991e-01;2.6750000e+02;1.5458439e-01;2.6750000e+02;1.1415185e-01;2.6750000e+02;7.3784202e-02;2.6750000e+02;3.4595944e-02;2.6750000e+02;-5.0494098e-03;2.6750000e+02;-6.2167738e-04;2.6750000e+02;7.7125812e-03;2.6750000e+02;2.1857165e-02;2.6750000e+02;4.2225920e-02;2.6750000e+02;6.9840416e-02;2.6750000e+02;1.0367370e-01;2.6750000e+02;1.4332364e-01;2.6750000e+02;1.8418165e-01;2.6750000e+02;2.1283340e-01;2.6750000e+02;2.2796412e-01;2.6750000e+02;2.2810757e-01;2.6750000e+02;2.1576166e-01;2.6750000e+02;1.9042991e-01;2.6750000e+02;1.5458439e-01;2.6750000e+02;1.1415185e-01;2.6750000e+02;7.3784202e-02;2.6750000e+02;3.4595944e-02;2.6750000e+02;-5.0494098e-03;2.6750000e+02;-6.2167738e-04;2.6750000e+02;7.7125812e-03;2.6750000e+02;2.1857165e-02;2.6750000e+02;4.2225920e-02;2.6750000e+02;6.9840416e-02;2.6750000e+02;1.0367370e-01;2.6750000e+02;1.4332364e-01;2.6750000e+02;1.8418165e-01;2.6750000e+02;2.1283340e-01;2.6750000e+02;2.2796412e-01;2.6750000e+02;2.2810757e-01;2.6750000e+02;2.1576166e-01;2.6750000e+02;1.9042991e-01;2.6750000e+02;1.5458439e-01;2.6750000e+02;1.1415185e-01;2.6750000e+02;7.3784202e-02;2.6750000e+02;3.4595944e-02;2.6750000e+02;-5.0494098e-03;2.6750000e+02;-6.2167738e-04;2.6750000e+02;7.7125812e-03;2.6750000e+02;2.1857165e-02;2.6750000e+02;4.2225920e-02;2.6750000e+02;6.9840416e-02;2.6750000e+02;1.0367370e-01;2.6750000e+02;1.4332364e-01;2.6750000e+02;1.8418165e-01;2.6750000e+02;2.1283340e-01;2.6750000e+02;2.2796412e-01;2.6750000e+02;2.2810757e-01;2.6750000e+02;2.1576166e-01;2.6750000e+02;1.9042991e-01;2.6750000e+02;1.5458439e-01;2.6750000e+02;1.1415185e-01;2.6750000e+02;7.3784202e-02;2.6750000e+02;3.4595944e-02;2.6750000e+02;-5.0494098e-03;2.6750000e+02;-6.2167738e-04;2.6750000e+02;7.7125812e-03;2.6750000e+02;2.1857165e-02;2.6750000e+02;4.2225920e-02;2.6750000e+02;6.9840416e-02;2.6750000e+02;1.0367370e-01;2.6750000e+02;1.4332364e-01;2.6750000e+02;1.8418165e-01;2.6750000e+02;2.1283340e-01;2.6750000e+02;2.2796412e-01;2.6750000e+02;2.2810757e-01;2.6750000e+02;2.1576166e-01;2.6750000e+02;1.9042991e-01;2.6750000e+02;1.5458439e-01;2.6750000e+02;1.1415185e-01;2.6750000e+02;7.3784202e-02;2.6750000e+02;3.4595944e-02;2.6750000e+02;-5.0494098e-03;2.6750000e+02;-6.2167738e-04;2.6750000e+02;7.7125812e-03;2.6750000e+02;2.1857165e-02;2.6750000e+02;4.2225920e-02;2.6750000e+02;6.9840416e-02;2.6750000e+02;1.0367370e-01;2.6750000e+02;1.4332364e-01;2.6750000e+02;1.8418165e-01;2.6750000e+02;2.1283340e-01;2.6750000e+02;2.2796412e-01;2.6750000e+02;2.2810757e-01;2.6750000e+02;2.1576166e-01;2.6750000e+02;1.9042991e-01;2.6750000e+02;1.5458439e-01;2.6750000e+02;1.1415185e-01;2.6750000e+02;7.3784202e-02;2.6750000e+02;3.4595944e-02;2.6750000e+02;-5.0494098e-03;2.6750000e+02;-6.2167738e-04;2.6750000e+02;7.7125812e-03;2.6750000e+02;2.1857165e-02;2.6750000e+02;4.2225920e-02;2.6750000e+02;6.9840416e-02;2.6750000e+02;1.0367370e-01;2.6750000e+02;1.4332364e-01;2.6750000e+02;1.8418165e-01;2.6750000e+02;2.1283340e-01;2.6750000e+02;2.2796412e-01;2.6750000e+02;2.2810757e-01;2.6750000e+02;2.1576166e-01;2.6750000e+02;1.9042991e-01;2.6750000e+02;1.5458439e-01;2.6750000e+02;1.1415185e-01;2.6750000e+02;7.3784202e-02;2.6750000e+02;3.4595944e-02;2.6750000e+02;-5.0494098e-03;2.6750000e+02;-6.2167738e-04;2.6750000e+02;7.7125812e-03;2.6750000e+02;2.1857165e-02;2.6750000e+02;4.2225920e-02;2.6750000e+02;6.9840416e-02;2.6750000e+02;1.0367370e-01;2.6750000e+02;1.4332364e-01;2.6750000e+02;1.8418165e-01;2.6750000e+02;2.1283340e-01;2.6750000e+02;2.2796412e-01;2.6750000e+02;2.2810757e-01;2.6750000e+02;2.1576166e-01;2.6750000e+02;1.9042991e-01;2.6750000e+02;1.5458439e-01;2.6750000e+02;1.1415185e-01;2.6750000e+02;7.3784202e-02;2.6750000e+02;3.4595944e-02;2.6750000e+02;-5.0494098e-03;2.6750000e+02;-6.2167738e-04;2.6750000e+02;7.7125812e-03;2.6750000e+02;2.1857165e-02;2.6750000e+02;4.2225920e-02;2.6750000e+02;6.9840416e-02;2.6750000e+02;1.0367370e-01;2.6750000e+02;1.4332364e-01;2.6750000e+02;1.8418165e-01;2.6750000e+02;2.1283340e-01;2.6750000e+02;2.2796412e-01;2.6750000e+02;2.2810757e-01;2.6750000e+02;2.1576166e-01;2.6750000e+02;1.9042991e-01;2.6750000e+02;1.5458439e-01;2.6750000e+02;1.1415185e-01;2.6750000e+02;7.3784202e-02;2.6750000e+02;3.4595944e-02;2.6750000e+02;-5.0494098e-03;2.6750000e+02;-6.2167738e-04;2.6750000e+02;7.7125812e-03;2.6750000e+02;2.1857165e-02;2.6750000e+02;4.2225920e-02;2.6750000e+02;6.9840416e-02;2.6750000e+02;1.0367370e-01;2.6750000e+02;1.4332364e-01;2.6750000e+02;1.8418165e-01;2.6750000e+02;2.1283340e-01;2.6750000e+02;2.2796412e-01;2.6750000e+02;2.2810757e-01;2.6750000e+02;2.1576166e-01;2.6750000e+02;1.9042991e-01;2.6750000e+02;1.5458439e-01;2.6750000e+02;1.1415185e-01;2.6750000e+02;7.3784202e-02;2.6750000e+02;3.4595944e-02;2.6750000e+02;-5.0494098e-03;2.6750000e+02;-6.2167738e-04;2.6750000e+02;7.7125812e-03;2.6750000e+02;2.1857165e-02;2.6750000e+02;4.2225920e-02;2.6750000e+02;6.9840416e-02;2.6750000e+02;1.0367370e-01;2.6750000e+02;1.4332364e-01;2.6750000e+02;1.8418165e-01;2.6750000e+02;2.1283340e-01;2.6750000e+02;2.2796412e-01;2.6750000e+02;2.2810757e-01;2.6750000e+02;2.1576166e-01;2.6750000e+02;1.9042991e-01;2.6750000e+02;1.5458439e-01;2.6750000e+02;1.1415185e-01;2.6750000e+02;7.3784202e-02;2.6750000e+02;3.4595944e-02;2.6750000e+02;-5.0494098e-03;2.6750000e+02;-6.2167738e-04;2.6750000e+02;7.7125812e-03;2.6750000e+02;2.1857165e-02;2.6750000e+02;4.2225920e-02;2.6750000e+02;6.9840416e-02;2.6750000e+02;1.0367370e-01;2.6750000e+02;1.4332364e-01;2.6750000e+02;1.8418165e-01;2.6750000e+02;2.1283340e-01;2.6750000e+02;2.2796412e-01;2.6750000e+02;2.2810757e-01;2.6750000e+02;2.1576166e-01;2.6750000e+02;1.9042991e-01;2.6750000e+02;1.5458439e-01;2.6750000e+02;1.1415185e-01;2.6750000e+02;7.3784202e-02;2.6750000e+02;3.4595944e-02;2.6750000e+02;-5.0494098e-03;2.6750000e+02;-6.2167738e-04;2.6750000e+02;7.7125812e-03;2.6750000e+02;2.1857165e-02;2.6750000e+02;4.2225920e-02;2.6750000e+02;6.9840416e-02;2.6750000e+02;1.0367370e-01;2.6750000e+02;1.4332364e-01;2.6750000e+02;1.8418165e-01;2.6750000e+02;2.1283340e-01;2.6750000e+02;2.2796412e-01;2.6750000e+02;2.2810757e-01;2.6750000e+02;2.1576166e-01;2.6750000e+02;1.9042991e-01;2.6750000e+02;1.5458439e-01;2.6750000e+02;1.1415185e-01;2.6750000e+02;7.3784202e-02;2.6750000e+02;3.4595944e-02;2.6750000e+02;-5.0494098e-03;2.6750000e+02;-6.2167738e-04;2.6750000e+02;7.7125812e-03;2.6750000e+02;2.1857165e-02;2.6750000e+02;4.2225920e-02;2.6750000e+02;6.9840416e-02;2.6750000e+02;1.0367370e-01;2.6750000e+02;1.4332364e-01;2.6750000e+02;1.8418165e-01;2.6750000e+02;2.1283340e-01;2.6750000e+02;2.2796412e-01;2.6750000e+02;2.2810757e-01;2.6750000e+02;2.1576166e-01;2.6750000e+02;1.9042991e-01;2.6750000e+02;1.5458439e-01;2.6750000e+02;1.1415185e-01;2.6750000e+02;7.3784202e-02;2.6750000e+02;3.4595944e-02;2.6750000e+02;-5.0494098e-03;2.6750000e+02;-6.2167738e-04;2.6750000e+02;7.7125812e-03;2.6750000e+02;2.1857165e-02;2.6750000e+02;4.2225920e-02;2.6750000e+02;6.9840416e-02;2.6750000e+02;1.0367370e-01;2.6750000e+02;1.4332364e-01;2.6750000e+02;1.8418165e-01;2.6750000e+02;2.1283340e-01;2.6750000e+02;2.2796412e-01;2.6750000e+02;2.2810757e-01;2.6750000e+02;2.1576166e-01;2.6750000e+02;1.9042991e-01;2.6750000e+02;1.5458439e-01;2.6750000e+02;1.1415185e-01;2.6750000e+02;7.3784202e-02;2.6750000e+02;3.4595944e-02;2.6750000e+02;-5.0494098e-03;2.6750000e+02;-6.2167738e-04;2.6750000e+02;7.7125812e-03;2.6750000e+02;2.1857165e-02;2.6750000e+02;4.2225920e-02;2.6750000e+02;6.9840416e-02;2.6750000e+02;1.0367370e-01;2.6750000e+02;1.4332364e-01;2.6750000e+02;1.8418165e-01;2.6750000e+02;2.1283340e-01;2.6750000e+02;2.2796412e-01;2.6750000e+02;2.2810757e-01;2.6750000e+02;2.1576166e-01;2.6750000e+02;1.9042991e-01;2.6750000e+02;1.5458439e-01;2.6750000e+02;1.1415185e-01;2.6750000e+02;7.3784202e-02;2.6750000e+02;3.4595944e-02;2.6750000e+02;-5.0494098e-03;2.6750000e+02;-6.2167738e-04;2.6750000e+02;7.7125812e-03;2.6750000e+02;2.1857165e-02;2.6750000e+02;4.2225920e-02;2.6750000e+02;6.9840416e-02;2.6750000e+02;1.0367370e-01;2.6750000e+02;1.4332364e-01;2.6750000e+02;1.8418165e-01;2.6750000e+02;2.1283340e-01;2.6750000e+02;2.2796412e-01;2.6750000e+02;2.2810757e-01;2.6750000e+02;2.1576166e-01;2.6750000e+02;1.9042991e-01;2.6750000e+02;1.5458439e-01;2.6750000e+02;1.1415185e-01;2.6750000e+02;7.3784202e-02;2.6750000e+02;3.4595944e-02;2.6750000e+02;-5.0494098e-03;2.6750000e+02;-6.2167738e-04;2.6750000e+02;7.7125812e-03;2.6750000e+02;2.1857165e-02;2.6750000e+02;4.2225920e-02;2.6750000e+02;6.9840416e-02;2.6750000e+02;1.0367370e-01;2.6750000e+02;1.4332364e-01;2.6750000e+02;1.8418165e-01;2.6750000e+02;2.1283340e-01;2.6750000e+02;2.2796412e-01;2.6750000e+02;2.2810757e-01;2.6750000e+02;2.1576166e-01;2.6750000e+02;1.9042991e-01;2.6750000e+02;1.5458439e-01;2.6750000e+02;1.1415185e-01;2.6750000e+02;7.3784202e-02;2.6750000e+02;3.4595944e-02;2.6750000e+02;-5.0494098e-03;2.6750000e+02;-6.2167738e-04;2.6750000e+02;7.7125812e-03;2.6750000e+02;2.1857165e-02;2.6750000e+02;4.2225920e-02;2.6750000e+02;6.9840416e-02;2.6750000e+02;1.0367370e-01;2.6750000e+02;1.4332364e-01;2.6750000e+02;1.8418165e-01;2.6750000e+02;2.1283340e-01;2.6750000e+02;2.2796412e-01;2.6750000e+02;2.2810757e-01;2.6750000e+02;2.1576166e-01;2.6750000e+02;1.9042991e-01;2.6750000e+02;1.5458439e-01;2.6750000e+02;1.1415185e-01;2.6750000e+02;7.3784202e-02;2.6750000e+02;3.4595944e-02;2.6750000e+02;-5.0494098e-03;2.6750000e+02;-6.2167738e-04;2.6750000e+02;7.7125812e-03;2.6750000e+02;2.1857165e-02;2.6750000e+02;4.2225920e-02;2.6750000e+02;6.9840416e-02;2.6750000e+02;1.0367370e-01;2.6750000e+02;1.4332364e-01;2.6750000e+02;1.8418165e-01;2.6750000e+02;2.1283340e-01;2.6750000e+02;2.2796412e-01;2.6750000e+02;2.2810757e-01;2.6750000e+02;2.1576166e-01;2.6750000e+02;1.9042991e-01;2.6750000e+02;1.5458439e-01;2.6750000e+02;1.1415185e-01;2.6750000e+02;7.3784202e-02;2.6750000e+02;3.4595944e-02;2.6750000e+02;-5.0494098e-03;2.6750000e+02;-6.2167738e-04;2.6750000e+02;7.7125812e-03;2.6750000e+02;2.1857165e-02;2.6750000e+02;4.2225920e-02;2.6750000e+02;6.9840416e-02;2.6750000e+02;1.0367370e-01;2.6750000e+02;1.4332364e-01;2.6750000e+02;1.8418165e-01;2.6750000e+02;2.1283340e-01;2.6750000e+02;2.2796412e-01;2.6750000e+02;2.2810757e-01;2.6750000e+02;2.1576166e-01;2.6750000e+02;1.9042991e-01;2.6750000e+02;1.5458439e-01;2.6750000e+02;1.1415185e-01;2.6750000e+02;7.3784202e-02;2.6750000e+02;3.4595944e-02;2.6750000e+02;-5.0494098e-03;2.6750000e+02;-6.2167738e-04;2.6750000e+02;7.7125812e-03;2.6750000e+02;2.1857165e-02;2.6750000e+02;4.2225920e-02;2.6750000e+02;6.9840416e-02;2.6750000e+02;1.0367370e-01;2.6750000e+02;1.4332364e-01;2.6750000e+02;1.8418165e-01;2.6750000e+02;2.1283340e-01;2.6750000e+02;2.2796412e-01;2.6750000e+02;2.2810757e-01;2.6750000e+02;2.1576166e-01;2.6750000e+02;1.9042991e-01;2.6750000e+02;1.5458439e-01;2.6750000e+02;1.1415185e-01;2.6750000e+02;7.3784202e-02;2.6750000e+02;3.4595944e-02;2.6750000e+02;-5.0494098e-03;2.6750000e+02;-6.2167738e-04;2.6750000e+02;7.7125812e-03;2.6750000e+02;2.1857165e-02;2.6750000e+02;4.2225920e-02;2.6750000e+02;6.9840416e-02;2.6750000e+02;1.0367370e-01;2.6750000e+02;1.4332364e-01;2.6750000e+02;1.8418165e-01;2.6750000e+02;2.1283340e-01;2.6750000e+02;2.2796412e-01;2.6750000e+02;2.2810757e-01;2.6750000e+02;2.1576166e-01;2.6750000e+02;1.9042991e-01;2.6750000e+02;1.5458439e-01;2.6750000e+02;1.1415185e-01;2.6750000e+02;7.3784202e-02;2.6750000e+02;3.4595944e-02;2.6750000e+02;-5.0494098e-03;2.6750000e+02;-6.2167738e-04;2.6750000e+02;7.7125812e-03;2.6750000e+02;2.1857165e-02;2.6750000e+02;4.2225920e-02;2.6750000e+02;6.9840416e-02;2.6750000e+02;1.0367370e-01;2.6750000e+02;1.4332364e-01;2.6750000e+02;1.8418165e-01;2.6750000e+02;2.1283340e-01;2.6750000e+02;2.2796412e-01;2.6750000e+02;2.2810757e-01;2.6750000e+02;2.1576166e-01;2.6750000e+02;1.9042991e-01;2.6750000e+02;1.5458439e-01;2.6750000e+02;1.1415185e-01;2.6750000e+02;7.3784202e-02;2.6750000e+02;3.4595944e-02;2.6750000e+02;-5.0494098e-03;2.6750000e+02;-6.2167738e-04;2.6750000e+02;7.7125812e-03;2.6750000e+02;2.1857165e-02;2.6750000e+02;4.2225920e-02;2.6750000e+02;6.9840416e-02;2.6750000e+02;1.0367370e-01;2.6750000e+02;1.4332364e-01;2.6750000e+02;1.8418165e-01;2.6750000e+02;2.1283340e-01;2.6750000e+02;2.2796412e-01;2.6750000e+02;2.2810757e-01;2.6750000e+02;2.1576166e-01;2.6750000e+02;1.9042991e-01;2.6750000e+02;1.5458439e-01;2.6750000e+02;1.1415185e-01;2.6750000e+02;7.3784202e-02;2.6750000e+02;3.4595944e-02;2.6750000e+02;-5.0494098e-03;2.6750000e+02;-6.2167738e-04;2.6750000e+02;7.7125812e-03;2.6750000e+02;2.1857165e-02;2.6750000e+02;4.2225920e-02;2.6750000e+02;6.9840416e-02;2.6750000e+02;1.0367370e-01;2.6750000e+02;1.4332364e-01;2.6750000e+02;1.8418165e-01;2.6750000e+02;2.1283340e-01;2.6750000e+02;2.2796412e-01;2.6750000e+02;2.2810757e-01;2.6750000e+02;2.1576166e-01;2.6750000e+02;1.9042991e-01;2.6750000e+02;1.5458439e-01;2.6750000e+02;1.1415185e-01;2.6750000e+02;7.3784202e-02;2.6750000e+02;3.4595944e-02;2.6750000e+02;-5.0494098e-03;2.6750000e+02;-6.2167738e-04;2.6750000e+02;7.7125812e-03;2.6750000e+02;2.1857165e-02;2.6750000e+02;4.2225920e-02;2.6750000e+02;6.9840416e-02;2.6750000e+02;1.0367370e-01;2.6750000e+02;1.4332364e-01;2.6750000e+02;1.8418165e-01;2.6750000e+02;2.1283340e-01;2.6750000e+02;2.2796412e-01;2.6750000e+02;2.2810757e-01;2.6750000e+02;2.1576166e-01;2.6750000e+02;1.9042991e-01;2.6750000e+02;1.5458439e-01;2.6750000e+02;1.1415185e-01;2.6750000e+02;7.3784202e-02;2.6750000e+02;3.4595944e-02;2.6750000e+02;-5.0494098e-03;2.6750000e+02;-6.2167738e-04;2.6750000e+02;7.7125812e-03;2.6750000e+02;2.1857165e-02;2.6750000e+02;4.2225920e-02;2.6750000e+02;6.9840416e-02;2.6750000e+02;1.0367370e-01;2.6750000e+02;1.4332364e-01;2.6750000e+02;1.8418165e-01;2.6750000e+02;2.1283340e-01;2.6750000e+02;2.2796412e-01;2.6750000e+02;2.2810757e-01;2.6750000e+02;2.1576166e-01;2.6750000e+02;1.9042991e-01;2.6750000e+02;1.5458439e-01;2.6750000e+02;1.1415185e-01;2.6750000e+02;7.3784202e-02;2.6750000e+02;3.4595944e-02;2.6750000e+02;-5.0494098e-03;2.6750000e+02;-6.2167738e-04;2.6750000e+02;7.7125812e-03;2.6750000e+02;2.1857165e-02;2.6750000e+02;4.2225920e-02;2.6750000e+02;6.9840416e-02;2.6750000e+02;1.0367370e-01;2.6750000e+02;1.4332364e-01;2.6750000e+02;1.8418165e-01;2.6750000e+02;2.1283340e-01;2.6750000e+02;2.2796412e-01;2.6750000e+02;2.2810757e-01;2.6750000e+02;2.1576166e-01;2.6750000e+02;1.9042991e-01;2.6750000e+02;1.5458439e-01;2.6750000e+02;1.1415185e-01;2.6750000e+02;7.3784202e-02;2.6750000e+02;3.4595944e-02;2.6750000e+02;-5.0494098e-03;2.6750000e+02;-6.2167738e-04;2.6750000e+02;7.7125812e-03;2.6750000e+02;2.1857165e-02;2.6750000e+02;4.2225920e-02;2.6750000e+02;6.9840416e-02;2.6750000e+02;1.0367370e-01;2.6750000e+02;1.4332364e-01;2.6750000e+02;1.8418165e-01;2.6750000e+02;2.1283340e-01;2.6750000e+02;2.2796412e-01;2.6750000e+02;2.2810757e-01;2.6750000e+02;2.1576166e-01;2.6750000e+02;1.9042991e-01;2.6750000e+02;1.5458439e-01;2.6750000e+02;1.1415185e-01;2.6750000e+02;7.3784202e-02;2.6750000e+02;3.4595944e-02;2.6750000e+02;-5.0494098e-03;2.6750000e+02;-6.2167738e-04;2.6750000e+02;7.7125812e-03;2.6750000e+02;2.1857165e-02;2.6750000e+02;4.2225920e-02;2.6750000e+02;6.9840416e-02;2.6750000e+02;1.0367370e-01;2.6750000e+02;1.4332364e-01;2.6750000e+02;1.8418165e-01;2.6750000e+02;2.1283340e-01;2.6750000e+02;2.2796412e-01;2.6750000e+02;2.2810757e-01;2.6750000e+02;2.1576166e-01;2.6750000e+02;1.9042991e-01;2.6750000e+02;1.5458439e-01;2.6750000e+02;1.1415185e-01;2.6750000e+02;7.3784202e-02;2.6750000e+02;3.4595944e-02;2.6750000e+02;-5.0494098e-03;2.6750000e+02;-6.2167738e-04;2.6750000e+02;7.7125812e-03;2.6750000e+02;2.1857165e-02;2.6750000e+02;4.2225920e-02;2.6750000e+02;6.9840416e-02;2.6750000e+02;1.0367370e-01;2.6750000e+02;1.4332364e-01;2.6750000e+02;1.8418165e-01;2.6750000e+02;2.1283340e-01;2.6750000e+02;2.2796412e-01;2.6750000e+02;2.2810757e-01;2.6750000e+02;2.1576166e-01;2.6750000e+02;1.9042991e-01;2.6750000e+02;1.5458439e-01;2.6750000e+02;1.1415185e-01;2.6750000e+02;7.3784202e-02;2.6750000e+02;3.4595944e-02;2.6750000e+02;-5.0494098e-03;2.6750000e+02;-6.2167738e-04;2.6750000e+02;7.7125812e-03;2.6750000e+02;2.1857165e-02;2.6750000e+02;4.2225920e-02;2.6750000e+02;6.9840416e-02;2.6750000e+02;1.0367370e-01;2.6750000e+02;1.4332364e-01;2.6750000e+02;1.8418165e-01;2.6750000e+02;2.1283340e-01;2.6750000e+02;2.2796412e-01;2.6750000e+02;2.2810757e-01;2.6750000e+02;2.1576166e-01;2.6750000e+02;1.9042991e-01;2.6750000e+02;1.5458439e-01;2.6750000e+02;1.1415185e-01;2.6750000e+02;7.3784202e-02;2.6750000e+02;3.4595944e-02;2.6750000e+02;-5.0494098e-03;2.6750000e+02;-6.2167738e-04;2.6750000e+02;7.7125812e-03;2.6750000e+02;2.1857165e-02;2.6750000e+02;4.2225920e-02;2.6750000e+02;6.9840416e-02;2.6750000e+02;1.0367370e-01;2.6750000e+02;1.4332364e-01;2.6750000e+02;1.8418165e-01;2.6750000e+02;2.1283340e-01;2.6750000e+02;2.2796412e-01;2.6750000e+02;2.2810757e-01;2.6750000e+02;2.1576166e-01;2.6750000e+02;1.9042991e-01;2.6750000e+02;1.5458439e-01;2.6750000e+02;1.1415185e-01;2.6750000e+02;7.3784202e-02;2.6750000e+02;3.4595944e-02;2.6750000e+02;-5.0494098e-03;2.6750000e+02;-6.2167738e-04;2.6750000e+02;7.7125812e-03;2.6750000e+02;2.1857165e-02;2.6750000e+02;4.2225920e-02;2.6750000e+02;6.9840416e-02;2.6750000e+02;1.0367370e-01;2.6750000e+02;1.4332364e-01;2.6750000e+02;1.8418165e-01;2.6750000e+02;2.1283340e-01;2.6750000e+02;2.2796412e-01;2.6750000e+02;2.2810757e-01;2.6750000e+02;2.1576166e-01;2.6750000e+02;1.9042991e-01;2.6750000e+02;1.5458439e-01;2.6750000e+02;1.1415185e-01;2.6750000e+02;7.3784202e-02;2.6750000e+02;3.4595944e-02;2.6750000e+02;-5.0494098e-03;2.6750000e+02;-6.2167738e-04;2.6750000e+02;7.7125812e-03;2.6750000e+02;2.1857165e-02;2.6750000e+02;4.2225920e-02;2.6750000e+02;6.9840416e-02;2.6750000e+02;1.0367370e-01;2.6750000e+02;1.4332364e-01;2.6750000e+02;1.8418165e-01;2.6750000e+02;2.1283340e-01;2.6750000e+02;2.2796412e-01;2.6750000e+02;2.2810757e-01;2.6750000e+02;2.1576166e-01;2.6750000e+02;1.9042991e-01;2.6750000e+02;1.5458439e-01;2.6750000e+02;1.1415185e-01;2.6750000e+02;7.3784202e-02;2.6750000e+02;3.4595944e-02;2.6750000e+02;-5.0494098e-03;2.6750000e+02;-6.2167738e-04;2.6750000e+02;7.7125812e-03;2.6750000e+02;2.1857165e-02;2.6750000e+02;4.2225920e-02;2.6750000e+02;6.9840416e-02;2.6750000e+02;1.0367370e-01;2.6750000e+02;1.4332364e-01;2.6750000e+02;1.8418165e-01;2.6750000e+02;2.1283340e-01;2.6750000e+02;2.2796412e-01;2.6750000e+02;2.2810757e-01;2.6750000e+02;2.1576166e-01;2.6750000e+02;1.9042991e-01;2.6750000e+02;1.5458439e-01;2.6750000e+02;1.1415185e-01;2.6750000e+02;7.3784202e-02;2.6750000e+02;3.4595944e-02;2.6750000e+02;-5.0494098e-03;2.6750000e+02;-6.2167738e-04;2.6750000e+02;7.7125812e-03;2.6750000e+02;2.1857165e-02;2.6750000e+02;4.2225920e-02;2.6750000e+02;6.9840416e-02;2.6750000e+02;1.0367370e-01;2.6750000e+02;1.4332364e-01;2.6750000e+02;1.8418165e-01;2.6750000e+02;2.1283340e-01;2.6750000e+02;2.2796412e-01;2.6750000e+02;2.2810757e-01;2.6750000e+02;2.1576166e-01;2.6750000e+02;1.9042991e-01;2.6750000e+02;1.5458439e-01;2.6750000e+02;1.1415185e-01;2.6750000e+02;7.3784202e-02;2.6750000e+02;3.4595944e-02;2.6750000e+02;-5.0494098e-03;2.6750000e+02;-6.2167738e-04;2.6750000e+02;7.7125812e-03;2.6750000e+02;2.1857165e-02;2.6750000e+02;4.2225920e-02;2.6750000e+02;6.9840416e-02;2.6750000e+02;1.0367370e-01;2.6750000e+02;1.4332364e-01;2.6750000e+02;1.8418165e-01;2.6750000e+02;2.1283340e-01;2.6750000e+02;2.2796412e-01;2.6750000e+02;2.2810757e-01;2.6750000e+02;2.1576166e-01;2.6750000e+02;1.9042991e-01;2.6750000e+02;1.5458439e-01;2.6750000e+02;1.1415185e-01;2.6750000e+02;7.3784202e-02;2.6750000e+02;3.4595944e-02;2.6750000e+02;-5.0494098e-03;2.6750000e+02;-6.2167738e-04;2.6750000e+02;7.7125812e-03;2.6750000e+02;2.1857165e-02;2.6750000e+02;4.2225920e-02;2.6750000e+02;6.9840416e-02;2.6750000e+02;1.0367370e-01;2.6750000e+02;1.4332364e-01;2.6750000e+02;1.8418165e-01;2.6750000e+02;2.1283340e-01;2.6750000e+02;2.2796412e-01;2.6750000e+02;2.2810757e-01;2.6750000e+02;2.1576166e-01;2.6750000e+02;1.9042991e-01;2.6750000e+02;1.5458439e-01;2.6750000e+02;1.1415185e-01;2.6750000e+02;7.3784202e-02;2.6750000e+02;3.4595944e-02;2.6750000e+02;-5.0494098e-03;2.6750000e+02;-6.2167738e-04;2.6750000e+02;7.7125812e-03;2.6750000e+02;2.1857165e-02;2.6750000e+02;4.2225920e-02;2.6750000e+02;6.9840416e-02;2.6750000e+02;1.0367370e-01;2.6750000e+02;1.4332364e-01;2.6750000e+02;1.8418165e-01;2.6750000e+02;2.1283340e-01;2.6750000e+02;2.2796412e-01;2.6750000e+02;2.2810757e-01;2.6750000e+02;2.1576166e-01;2.6750000e+02;1.9042991e-01;2.6750000e+02;1.5458439e-01;2.6750000e+02;1.1415185e-01;2.6750000e+02;7.3784202e-02;2.6750000e+02;3.4595944e-02;2.6750000e+02;-5.0494098e-03;2.6750000e+02;-6.2167738e-04;2.6750000e+02;7.7125812e-03;2.6750000e+02;2.1857165e-02;2.6750000e+02;4.2225920e-02;2.6750000e+02;6.9840416e-02;2.6750000e+02;1.0367370e-01;2.6750000e+02;1.4332364e-01;2.6750000e+02;1.8418165e-01;2.6750000e+02;2.1283340e-01;2.6750000e+02;2.2796412e-01;2.6750000e+02;2.2810757e-01;2.6750000e+02;2.1576166e-01;2.6750000e+02;1.9042991e-01;2.6750000e+02;1.5458439e-01;2.6750000e+02;1.1415185e-01;2.6750000e+02;7.3784202e-02;2.6750000e+02;3.4595944e-02;2.6750000e+02;-5.0494098e-03;2.6750000e+02;-6.2167738e-04;2.6750000e+02;7.7125812e-03;2.6750000e+02;2.1857165e-02;2.6750000e+02;4.2225920e-02;2.6750000e+02;6.9840416e-02;2.6750000e+02;1.0367370e-01;2.6750000e+02;1.4332364e-01;2.6750000e+02;1.8418165e-01;2.6750000e+02;2.1283340e-01;2.6750000e+02;2.2796412e-01;2.6750000e+02;2.2810757e-01;2.6750000e+02;2.1576166e-01;2.6750000e+02;1.9042991e-01;2.6750000e+02;1.5458439e-01;2.6750000e+02;1.1415185e-01;2.6750000e+02;7.3784202e-02;2.6750000e+02;3.4595944e-02;2.6750000e+02;-5.0494098e-03;2.6750000e+02;-6.2167738e-04;2.6750000e+02;7.7125812e-03;2.6750000e+02;2.1857165e-02;2.6750000e+02;4.2225920e-02;2.6750000e+02;6.9840416e-02;2.6750000e+02;1.0367370e-01;2.6750000e+02;1.4332364e-01;2.6750000e+02;1.8418165e-01;2.6750000e+02;2.1283340e-01;2.6750000e+02;2.2796412e-01;2.6750000e+02;2.2810757e-01;2.6750000e+02;2.1576166e-01;2.6750000e+02;1.9042991e-01;2.6750000e+02;1.5458439e-01;2.6750000e+02;1.1415185e-01;2.6750000e+02;7.3784202e-02;2.6750000e+02;3.4595944e-02;2.6750000e+02;-5.0494098e-03;2.6750000e+02;-6.2167738e-04;2.6750000e+02;7.7125812e-03;2.6750000e+02;2.1857165e-02;2.6750000e+02;4.2225920e-02;2.6750000e+02;6.9840416e-02;2.6750000e+02;1.0367370e-01;2.6750000e+02;1.4332364e-01;2.6750000e+02;1.8418165e-01;2.6750000e+02;2.1283340e-01;2.6750000e+02;2.2796412e-01;2.6750000e+02;2.2810757e-01;2.6750000e+02;2.1576166e-01;2.6750000e+02;1.9042991e-01;2.6750000e+02;1.5458439e-01;2.6750000e+02;1.1415185e-01;2.6750000e+02;7.3784202e-02;2.6750000e+02;3.4595944e-02;2.6750000e+02;-5.0494098e-03;2.6750000e+02;-6.2167738e-04;2.6750000e+02;7.7125812e-03;2.6750000e+02;2.1857165e-02;2.6750000e+02;4.2225920e-02;2.6750000e+02;6.9840416e-02;2.6750000e+02;1.0367370e-01;2.6750000e+02;1.4332364e-01;2.6750000e+02;1.8418165e-01;2.6750000e+02;2.1283340e-01;2.6750000e+02;2.2796412e-01;2.6750000e+02;2.2810757e-01;2.6750000e+02;2.1576166e-01;2.6750000e+02;1.9042991e-01;2.6750000e+02;1.5458439e-01;2.6750000e+02;1.1415185e-01;2.6750000e+02;7.3784202e-02;2.6750000e+02;3.4595944e-02;2.6750000e+02;-5.0494098e-03;2.6750000e+02;-6.2167738e-04;2.6750000e+02;7.7125812e-03;2.6750000e+02;2.1857165e-02;2.6750000e+02;4.2225920e-02;2.6750000e+02;6.9840416e-02;2.6750000e+02;1.0367370e-01;2.6750000e+02;1.4332364e-01;2.6750000e+02;1.8418165e-01;2.6750000e+02;2.1283340e-01;2.6750000e+02;2.2796412e-01;2.6750000e+02;2.2810757e-01;2.6750000e+02;2.1576166e-01;2.6750000e+02;1.9042991e-01;2.6750000e+02;1.5458439e-01;2.6750000e+02;1.1415185e-01;2.6750000e+02;7.3784202e-02;2.6750000e+02;3.4595944e-02;2.6750000e+02;-5.0494098e-03;2.6750000e+02;-6.2167738e-04;2.6750000e+02;7.7125812e-03;2.6750000e+02;2.1857165e-02;2.6750000e+02;4.2225920e-02;2.6750000e+02;6.9840416e-02;2.6750000e+02;1.0367370e-01;2.6750000e+02;1.4332364e-01;2.6750000e+02;1.8418165e-01;2.6750000e+02;2.1283340e-01;2.6750000e+02;2.2796412e-01;2.6750000e+02;2.2810757e-01;2.6750000e+02;2.1576166e-01;2.6750000e+02;1.9042991e-01;2.6750000e+02;1.5458439e-01;2.6750000e+02;1.1415185e-01;2.6750000e+02;7.3784202e-02;2.6750000e+02;3.4595944e-02;2.6750000e+02;-5.0494098e-03;2.6750000e+02;-6.2167738e-04;2.6750000e+02;7.7125812e-03;2.6750000e+02;2.1857165e-02;2.6750000e+02;4.2225920e-02;2.6750000e+02;6.9840416e-02;2.6750000e+02;1.0367370e-01;2.6750000e+02;1.4332364e-01;2.6750000e+02;1.8418165e-01;2.6750000e+02;2.1283340e-01;2.6750000e+02;2.2796412e-01;2.6750000e+02;2.2810757e-01;2.6750000e+02;2.1576166e-01;2.6750000e+02;1.9042991e-01;2.6750000e+02;1.5458439e-01;2.6750000e+02;1.1415185e-01;2.6750000e+02;7.3784202e-02;2.6750000e+02;3.4595944e-02;2.6750000e+02;-5.0494098e-03;2.6750000e+02;-6.2167738e-04;2.6750000e+02;7.7125812e-03;2.6750000e+02;2.1857165e-02;2.6750000e+02;4.2225920e-02;2.6750000e+02;6.9840416e-02;2.6750000e+02;1.0367370e-01;2.6750000e+02;1.4332364e-01;2.6750000e+02;1.8418165e-01;2.6750000e+02;2.1283340e-01;2.6750000e+02;2.2796412e-01;2.6750000e+02;2.2810757e-01;2.6750000e+02;2.1576166e-01;2.6750000e+02;1.9042991e-01;2.6750000e+02;1.5458439e-01;2.6750000e+02;1.1415185e-01;2.6750000e+02;7.3784202e-02;2.6750000e+02;3.4595944e-02;2.6750000e+02;-5.0494098e-03;2.6750000e+02;-6.2167738e-04;2.6750000e+02;7.7125812e-03;2.6750000e+02;2.1857165e-02;2.6750000e+02;4.2225920e-02;2.6750000e+02;6.9840416e-02;2.6750000e+02;1.0367370e-01;2.6750000e+02;1.4332364e-01;2.6750000e+02;1.8418165e-01;2.6750000e+02;2.1283340e-01;2.6750000e+02;2.2796412e-01;2.6750000e+02;2.2810757e-01;2.6750000e+02;2.1576166e-01;2.6750000e+02;1.9042991e-01;2.6750000e+02;1.5458439e-01;2.6750000e+02;1.1415185e-01;2.6750000e+02;7.3784202e-02;2.6750000e+02;3.4595944e-02;2.6750000e+02;-5.0494098e-03;2.6750000e+02;-6.2167738e-04;2.6750000e+02;7.7125812e-03;2.6750000e+02;2.1857165e-02;2.6750000e+02;4.2225920e-02;2.6750000e+02;6.9840416e-02;2.6750000e+02;1.0367370e-01;2.6750000e+02;1.4332364e-01;2.6750000e+02;1.8418165e-01;2.6750000e+02;2.1283340e-01;2.6750000e+02;2.2796412e-01;2.6750000e+02;2.2810757e-01;2.6750000e+02;2.1576166e-01;2.6750000e+02;1.9042991e-01;2.6750000e+02;1.5458439e-01;2.6750000e+02;1.1415185e-01;2.6750000e+02;7.3784202e-02;2.6750000e+02;3.4595944e-02;2.6750000e+02;-5.0494098e-03;2.6750000e+02;-6.2167738e-04;2.6750000e+02;7.7125812e-03;2.6750000e+02;2.1857165e-02;2.6750000e+02;4.2225920e-02;2.6750000e+02;6.9840416e-02;2.6750000e+02;1.0367370e-01;2.6750000e+02;1.4332364e-01;2.6750000e+02;1.8418165e-01;2.6750000e+02;2.1283340e-01;2.6750000e+02;2.2796412e-01;2.6750000e+02;2.2810757e-01;2.6750000e+02;2.1576166e-01;2.6750000e+02;1.9042991e-01;2.6750000e+02;1.5458439e-01;2.6750000e+02;1.1415185e-01;2.6750000e+02;7.3784202e-02;2.6750000e+02;3.4595944e-02;2.6750000e+02;-5.0494098e-03;2.6750000e+02;-6.2167738e-04;2.6750000e+02;7.7125812e-03;2.6750000e+02;2.1857165e-02;2.6750000e+02;4.2225920e-02;2.6750000e+02;6.9840416e-02;2.6750000e+02;1.0367370e-01;2.6750000e+02;1.4332364e-01;2.6750000e+02;1.8418165e-01;2.6750000e+02;2.1283340e-01;2.6750000e+02;2.2796412e-01;2.6750000e+02;2.2810757e-01;2.6750000e+02;2.1576166e-01;2.6750000e+02;1.9042991e-01;2.6750000e+02;1.5458439e-01;2.6750000e+02;1.1415185e-01;2.6750000e+02;7.3784202e-02;2.6750000e+02;3.4595944e-02;2.6750000e+02;-5.0494098e-03;2.6750000e+02;-6.2167738e-04;2.6750000e+02;7.7125812e-03;2.6750000e+02;2.1857165e-02;2.6750000e+02;4.2225920e-02;2.6750000e+02;6.9840416e-02;2.6750000e+02;1.0367370e-01;2.6750000e+02;1.4332364e-01;2.6750000e+02;1.8418165e-01;2.6750000e+02;2.1283340e-01;2.6750000e+02;2.2796412e-01;2.6750000e+02;2.2810757e-01;2.6750000e+02;2.1576166e-01;2.6750000e+02;1.9042991e-01;2.6750000e+02;1.5458439e-01;2.6750000e+02;1.1415185e-01;2.6750000e+02;7.3784202e-02;2.6750000e+02;3.4595944e-02;2.6750000e+02;-5.0494098e-03;2.6750000e+02;-6.2167738e-04;2.6750000e+02;7.7125812e-03;2.6750000e+02;2.1857165e-02;2.6750000e+02;4.2225920e-02;2.6750000e+02;6.9840416e-02;2.6750000e+02;1.0367370e-01;2.6750000e+02;1.4332364e-01;2.6750000e+02;1.8418165e-01;2.6750000e+02;2.1283340e-01;2.6750000e+02;2.2796412e-01;2.6750000e+02;2.2810757e-01;2.6750000e+02;2.1576166e-01;2.6750000e+02;1.9042991e-01;2.6750000e+02;1.5458439e-01;2.6750000e+02;1.1415185e-01;2.6750000e+02;7.3784202e-02;2.6750000e+02;3.4595944e-02;2.6750000e+02;-5.0494098e-03;2.6750000e+02;-6.2167738e-04;2.6750000e+02;7.7125812e-03;2.6750000e+02;2.1857165e-02;2.6750000e+02;4.2225920e-02;2.6750000e+02;6.9840416e-02;2.6750000e+02;1.0367370e-01;2.6750000e+02;1.4332364e-01;2.6750000e+02;1.8418165e-01;2.6750000e+02;2.1283340e-01;2.6750000e+02;2.2796412e-01;2.6750000e+02;2.2810757e-01;2.6750000e+02;2.1576166e-01;2.6750000e+02;1.9042991e-01;2.6750000e+02;1.5458439e-01;2.6750000e+02;1.1415185e-01;2.6750000e+02;7.3784202e-02;2.6750000e+02;3.4595944e-02;2.6750000e+02;-5.0494098e-03;2.6750000e+02;-6.2167738e-04;2.6750000e+02;7.7125812e-03;2.6750000e+02;2.1857165e-02;2.6750000e+02;4.2225920e-02;2.6750000e+02;6.9840416e-02;2.6750000e+02;1.0367370e-01;2.6750000e+02;1.4332364e-01;2.6750000e+02;1.8418165e-01;2.6750000e+02;2.1283340e-01;2.6750000e+02;2.2796412e-01;2.6750000e+02;2.2810757e-01;2.6750000e+02;2.1576166e-01;2.6750000e+02;1.9042991e-01;2.6750000e+02;1.5458439e-01;2.6750000e+02;1.1415185e-01;2.6750000e+02;7.3784202e-02;2.6750000e+02;3.4595944e-02;2.6750000e+02;-5.0494098e-03;2.6750000e+02;-6.2167738e-04;2.6750000e+02;7.7125812e-03;2.6750000e+02;2.1857165e-02;2.6750000e+02;4.2225920e-02;2.6750000e+02;6.9840416e-02;2.6750000e+02;1.0367370e-01;2.6750000e+02;1.4332364e-01;2.6750000e+02;1.8418165e-01;2.6750000e+02;2.1283340e-01;2.6750000e+02;2.2796412e-01;2.6750000e+02;2.2810757e-01;2.6750000e+02;2.1576166e-01;2.6750000e+02;1.9042991e-01;2.6750000e+02;1.5458439e-01;2.6750000e+02;1.1415185e-01;2.6750000e+02;7.3784202e-02;2.6750000e+02;3.4595944e-02;2.6750000e+02;-5.0494098e-03;2.6750000e+02;-6.2167738e-04;2.6750000e+02;7.7125812e-03;2.6750000e+02;2.1857165e-02;2.6750000e+02;4.2225920e-02;2.6750000e+02;6.9840416e-02;2.6750000e+02;1.0367370e-01;2.6750000e+02;1.4332364e-01;2.6750000e+02;1.8418165e-01;2.6750000e+02;2.1283340e-01;2.6750000e+02;2.2796412e-01;2.6750000e+02;2.2810757e-01;2.6750000e+02;2.1576166e-01;2.6750000e+02;1.9042991e-01;2.6750000e+02;1.5458439e-01;2.6750000e+02;1.1415185e-01;2.6750000e+02;7.3784202e-02;2.6750000e+02;3.4595944e-02;2.6750000e+02;-5.0494098e-03;2.6750000e+02;-6.2167738e-04;2.6750000e+02;7.7125812e-03;2.6750000e+02;2.1857165e-02;2.6750000e+02;4.2225920e-02;2.6750000e+02;6.9840416e-02;2.6750000e+02;1.0367370e-01;2.6750000e+02;1.4332364e-01;2.6750000e+02;1.8418165e-01;2.6750000e+02;2.1283340e-01;2.6750000e+02;2.2796412e-01;2.6750000e+02;2.2810757e-01;2.6750000e+02;2.1576166e-01;2.6750000e+02;1.9042991e-01;2.6750000e+02;1.5458439e-01;2.6750000e+02;1.1415185e-01;2.6750000e+02;7.3784202e-02;2.6750000e+02;3.4595944e-02;2.6750000e+02;-5.0494098e-03;2.6750000e+02;-6.2167738e-04;2.6750000e+02;7.7125812e-03;2.6750000e+02;2.1857165e-02;2.6750000e+02;4.2225920e-02;2.6750000e+02;6.9840416e-02;2.6750000e+02;1.0367370e-01;2.6750000e+02;1.4332364e-01;2.6750000e+02;1.8418165e-01;2.6750000e+02;2.1283340e-01;2.6750000e+02;2.2796412e-01;2.6750000e+02;2.2810757e-01;2.6750000e+02;2.1576166e-01;2.6750000e+02;1.9042991e-01;2.6750000e+02;1.5458439e-01;2.6750000e+02;1.1415185e-01;2.6750000e+02;7.3784202e-02;2.6750000e+02;3.4595944e-02;2.6750000e+02;-5.0494098e-03;2.6750000e+02;-6.2167738e-04;2.6750000e+02;7.7125812e-03;2.6750000e+02;2.1857165e-02;2.6750000e+02;4.2225920e-02;2.6750000e+02;6.9840416e-02;2.6750000e+02;1.0367370e-01;2.6750000e+02;1.4332364e-01;2.6750000e+02;1.8418165e-01;2.6750000e+02;2.1283340e-01;2.6750000e+02;2.2796412e-01;2.6750000e+02;2.2810757e-01;2.6750000e+02;2.1576166e-01;2.6750000e+02;1.9042991e-01;2.6750000e+02;1.5458439e-01;2.6750000e+02;1.1415185e-01;2.6750000e+02;7.3784202e-02;2.6750000e+02;3.4595944e-02;2.6750000e+02;-5.0494098e-03;2.6750000e+02;-6.2167738e-04;2.6750000e+02;7.7125812e-03;2.6750000e+02;2.1857165e-02;2.6750000e+02;4.2225920e-02;2.6750000e+02;6.9840416e-02;2.6750000e+02;1.0367370e-01;2.6750000e+02;1.4332364e-01;2.6750000e+02;1.8418165e-01;2.6750000e+02;2.1283340e-01;2.6750000e+02;2.2796412e-01;2.6750000e+02;2.2810757e-01;2.6750000e+02;2.1576166e-01;2.6750000e+02;1.9042991e-01;2.6750000e+02;1.5458439e-01;2.6750000e+02;1.1415185e-01;2.6750000e+02;7.3784202e-02;2.6750000e+02;3.4595944e-02;2.6750000e+02;-5.0494098e-03;2.6750000e+02;-6.2167738e-04;2.6750000e+02;7.7125812e-03;2.6750000e+02;2.1857165e-02;2.6750000e+02;4.2225920e-02;2.6750000e+02;6.9840416e-02;2.6750000e+02;1.0367370e-01;2.6750000e+02;1.4332364e-01;2.6750000e+02;1.8418165e-01;2.6750000e+02;2.1283340e-01;2.6750000e+02;2.2796412e-01;2.6750000e+02;2.2810757e-01;2.6750000e+02;2.1576166e-01;2.6750000e+02;1.9042991e-01;2.6750000e+02;1.5458439e-01;2.6750000e+02;1.1415185e-01;2.6750000e+02;7.3784202e-02;2.6750000e+02;3.4595944e-02;2.6750000e+02;-5.0494098e-03;2.6750000e+02;-6.2167738e-04;2.6750000e+02;7.7125812e-03;2.6750000e+02;2.1857165e-02;2.6750000e+02;4.2225920e-02;2.6750000e+02;6.9840416e-02;2.6750000e+02;1.0367370e-01;2.6750000e+02;1.4332364e-01;2.6750000e+02;1.8418165e-01;2.6750000e+02;2.1283340e-01;2.6750000e+02;2.2796412e-01;2.6750000e+02;2.2810757e-01;2.6750000e+02;2.1576166e-01;2.6750000e+02;1.9042991e-01;2.6750000e+02;1.5458439e-01;2.6750000e+02;1.1415185e-01;2.6750000e+02;7.3784202e-02;2.6750000e+02;3.4595944e-02;2.6750000e+02;-5.0494098e-03;2.6750000e+02;-6.2167738e-04;2.6750000e+02;7.7125812e-03;2.6750000e+02;2.1857165e-02;2.6750000e+02;4.2225920e-02;2.6750000e+02;6.9840416e-02;2.6750000e+02;1.0367370e-01;2.6750000e+02;1.4332364e-01;2.6750000e+02;1.8418165e-01;2.6750000e+02;2.1283340e-01;2.6750000e+02;2.2796412e-01;2.6750000e+02;2.2810757e-01;2.6750000e+02;2.1576166e-01;2.6750000e+02;1.9042991e-01;2.6750000e+02;1.5458439e-01;2.6750000e+02;1.1415185e-01;2.6750000e+02;7.3784202e-02;2.6750000e+02;3.4595944e-02;2.6750000e+02;-5.0494098e-03;2.6750000e+02;-6.2167738e-04;2.6750000e+02;7.7125812e-03;2.6750000e+02;2.1857165e-02;2.6750000e+02;4.2225920e-02;2.6750000e+02;6.9840416e-02;2.6750000e+02;1.0367370e-01;2.6750000e+02;1.4332364e-01;2.6750000e+02;1.8418165e-01;2.6750000e+02;2.1283340e-01;2.6750000e+02;2.2796412e-01;2.6750000e+02;2.2810757e-01;2.6750000e+02;2.1576166e-01;2.6750000e+02;1.9042991e-01;2.6750000e+02;1.5458439e-01;2.6750000e+02;1.1415185e-01;2.6750000e+02;7.3784202e-02;2.6750000e+02;3.4595944e-02;2.6750000e+02;-5.0494098e-03;2.6750000e+02;-6.2167738e-04;2.6750000e+02;7.7125812e-03;2.6750000e+02;2.1857165e-02;2.6750000e+02;4.2225920e-02;2.6750000e+02;6.9840416e-02;2.6750000e+02;1.0367370e-01;2.6750000e+02;1.4332364e-01;2.6750000e+02;1.8418165e-01;2.6750000e+02;2.1283340e-01;2.6750000e+02;2.2796412e-01;2.6750000e+02;2.2810757e-01;2.6750000e+02;2.1576166e-01;2.6750000e+02;1.9042991e-01;2.6750000e+02;1.5458439e-01;2.6750000e+02;1.1415185e-01;2.6750000e+02;7.3784202e-02;2.6750000e+02;3.4595944e-02;2.6750000e+02;-5.0494098e-03;2.6750000e+02;-6.2167738e-04;2.6750000e+02;7.7125812e-03;2.6750000e+02;2.1857165e-02;2.6750000e+02;4.2225920e-02;2.6750000e+02;6.9840416e-02;2.6750000e+02;1.0367370e-01;2.6750000e+02;1.4332364e-01;2.6750000e+02;1.8418165e-01;2.6750000e+02;2.1283340e-01;2.6750000e+02;2.2796412e-01;2.6750000e+02;2.2810757e-01;2.6750000e+02;2.1576166e-01;2.6750000e+02;1.9042991e-01;2.6750000e+02;1.5458439e-01;2.6750000e+02;1.1415185e-01;2.6750000e+02;7.3784202e-02;2.6750000e+02;3.4595944e-02;2.6750000e+02;-5.0494098e-03;2.6750000e+02;-6.2167738e-04;2.6750000e+02;7.7125812e-03;2.6750000e+02;2.1857165e-02;2.6750000e+02;4.2225920e-02;2.6750000e+02;6.9840416e-02;2.6750000e+02;1.0367370e-01;2.6750000e+02;1.4332364e-01;2.6750000e+02;1.8418165e-01;2.6750000e+02;2.1283340e-01;2.6750000e+02;2.2796412e-01;2.6750000e+02;2.2810757e-01;2.6750000e+02;2.1576166e-01;2.6750000e+02;1.9042991e-01;2.6750000e+02;1.5458439e-01;2.6750000e+02;1.1415185e-01;2.6750000e+02;7.3784202e-02;2.6750000e+02;3.4595944e-02;2.6750000e+02;-5.0494098e-03;2.6750000e+02;-6.2167738e-04;2.6750000e+02;7.7125812e-03;2.6750000e+02;2.1857165e-02;2.6750000e+02;4.2225920e-02;2.6750000e+02;6.9840416e-02;2.6750000e+02;1.0367370e-01;2.6750000e+02;1.4332364e-01;2.6750000e+02;1.8418165e-01;2.6750000e+02;2.1283340e-01;2.6750000e+02;2.2796412e-01;2.6750000e+02;2.2810757e-01;2.6750000e+02;2.1576166e-01;2.6750000e+02;1.9042991e-01;2.6750000e+02;1.5458439e-01;2.6750000e+02;1.1415185e-01;2.6750000e+02;7.3784202e-02;2.6750000e+02;3.4595944e-02;2.6750000e+02;-5.0494098e-03;2.6750000e+02;-6.2167738e-04;2.6750000e+02;7.7125812e-03;2.6750000e+02;2.1857165e-02;2.6750000e+02;4.2225920e-02;2.6750000e+02;6.9840416e-02;2.6750000e+02;1.0367370e-01;2.6750000e+02;1.4332364e-01;2.6750000e+02;1.8418165e-01;2.6750000e+02;2.1283340e-01;2.6750000e+02;2.2796412e-01;2.6750000e+02;2.2810757e-01;2.6750000e+02;2.1576166e-01;2.6750000e+02;1.9042991e-01;2.6750000e+02;1.5458439e-01;2.6750000e+02;1.1415185e-01;2.6750000e+02;7.3784202e-02;2.6750000e+02;3.4595944e-02;2.6750000e+02;-5.0494098e-03;2.6750000e+02;-6.2167738e-04;2.6750000e+02;7.7125812e-03;2.6750000e+02;2.1857165e-02;2.6750000e+02;4.2225920e-02;2.6750000e+02;6.9840416e-02;2.6750000e+02;1.0367370e-01;2.6750000e+02;1.4332364e-01;2.6750000e+02;1.8418165e-01;2.6750000e+02;2.1283340e-01;2.6750000e+02;2.2796412e-01;2.6750000e+02;2.2810757e-01;2.6750000e+02;2.1576166e-01;2.6750000e+02;1.9042991e-01;2.6750000e+02;1.5458439e-01;2.6750000e+02;1.1415185e-01;2.6750000e+02;7.3784202e-02;2.6750000e+02;3.4595944e-02;2.6750000e+02;-5.0494098e-03;2.6750000e+02;-6.2167738e-04;2.6750000e+02;7.7125812e-03;2.6750000e+02;2.1857165e-02;2.6750000e+02;4.2225920e-02;2.6750000e+02;6.9840416e-02;2.6750000e+02;1.0367370e-01;2.6750000e+02;1.4332364e-01;2.6750000e+02;1.8418165e-01;2.6750000e+02;2.1283340e-01;2.6750000e+02;2.2796412e-01;2.6750000e+02;2.2810757e-01;2.6750000e+02;2.1576166e-01;2.6750000e+02;1.9042991e-01;2.6750000e+02;1.5458439e-01;2.6750000e+02;1.1415185e-01;2.6750000e+02;7.3784202e-02;2.6750000e+02;3.4595944e-02;2.6750000e+02;-5.0494098e-03;2.6750000e+02;-6.2167738e-04;2.6750000e+02;7.7125812e-03;2.6750000e+02;2.1857165e-02;2.6750000e+02;4.2225920e-02;2.6750000e+02;6.9840416e-02;2.6750000e+02;1.0367370e-01;2.6750000e+02;1.4332364e-01;2.6750000e+02;1.8418165e-01;2.6750000e+02;2.1283340e-01;2.6750000e+02;2.2796412e-01;2.6750000e+02;2.2810757e-01;2.6750000e+02;2.1576166e-01;2.6750000e+02;1.9042991e-01;2.6750000e+02;1.5458439e-01;2.6750000e+02;1.1415185e-01;2.6750000e+02;7.3784202e-02;2.6750000e+02;3.4595944e-02;2.6750000e+02;-5.0494098e-03;2.6750000e+02;-6.2167738e-04;2.6750000e+02;7.7125812e-03;2.6750000e+02;2.1857165e-02;2.6750000e+02;4.2225920e-02;2.6750000e+02;6.9840416e-02;2.6750000e+02;1.0367370e-01;2.6750000e+02;1.4332364e-01;2.6750000e+02;1.8418165e-01;2.6750000e+02;2.1283340e-01;2.6750000e+02;2.2796412e-01;2.6750000e+02;2.2810757e-01;2.6750000e+02;2.1576166e-01;2.6750000e+02;1.9042991e-01;2.6750000e+02;1.5458439e-01;2.6750000e+02;1.1415185e-01;2.6750000e+02;7.3784202e-02;2.6750000e+02;3.4595944e-02;2.6750000e+02;-5.0494098e-03;2.6750000e+02;-6.2167738e-04;2.6750000e+02;7.7125812e-03;2.6750000e+02;2.1857165e-02;2.6750000e+02;4.2225920e-02;2.6750000e+02;6.9840416e-02;2.6750000e+02;1.0367370e-01;2.6750000e+02;1.4332364e-01;2.6750000e+02;1.8418165e-01;2.6750000e+02;2.1283340e-01;2.6750000e+02;2.2796412e-01;2.6750000e+02;2.2810757e-01;2.6750000e+02;2.1576166e-01;2.6750000e+02;1.9042991e-01;2.6750000e+02;1.5458439e-01;2.6750000e+02;1.1415185e-01;2.6750000e+02;7.3784202e-02;2.6750000e+02;3.4595944e-02;2.6750000e+02;-5.0494098e-03;2.6750000e+02;-6.2167738e-04;2.6750000e+02;7.7125812e-03;2.6750000e+02;2.1857165e-02;2.6750000e+02;4.2225920e-02;2.6750000e+02;6.9840416e-02;2.6750000e+02;1.0367370e-01;2.6750000e+02;1.4332364e-01;2.6750000e+02;1.8418165e-01;2.6750000e+02;2.1283340e-01;2.6750000e+02;2.2796412e-01;2.6750000e+02;2.2810757e-01;2.6750000e+02;2.1576166e-01;2.6750000e+02;1.9042991e-01;2.6750000e+02;1.5458439e-01;2.6750000e+02;1.1415185e-01;2.6750000e+02;7.3784202e-02;2.6750000e+02;3.4595944e-02;2.6750000e+02;-5.0494098e-03;2.6750000e+02;-6.2167738e-04;2.6750000e+02;7.7125812e-03;2.6750000e+02;2.1857165e-02;2.6750000e+02;4.2225920e-02;2.6750000e+02;6.9840416e-02;2.6750000e+02;1.0367370e-01;2.6750000e+02;1.4332364e-01;2.6750000e+02;1.8418165e-01;2.6750000e+02;2.1283340e-01;2.6750000e+02;2.2796412e-01;2.6750000e+02;2.2810757e-01;2.6750000e+02;2.1576166e-01;2.6750000e+02;1.9042991e-01;2.6750000e+02;1.5458439e-01;2.6750000e+02;1.1415185e-01;2.6750000e+02;7.3784202e-02;2.6750000e+02;3.4595944e-02;2.6750000e+02;-5.0494098e-03;2.6750000e+02;-6.2167738e-04;2.6750000e+02;7.7125812e-03;2.6750000e+02;2.1857165e-02;2.6750000e+02;4.2225920e-02;2.6750000e+02;6.9840416e-02;2.6750000e+02;1.0367370e-01;2.6750000e+02;1.4332364e-01;2.6750000e+02;1.8418165e-01;2.6750000e+02;2.1283340e-01;2.6750000e+02;2.2796412e-01;2.6750000e+02;2.2810757e-01;2.6750000e+02;2.1576166e-01;2.6750000e+02;1.9042991e-01;2.6750000e+02;1.5458439e-01;2.6750000e+02;1.1415185e-01;2.6750000e+02;7.3784202e-02;2.6750000e+02;3.4595944e-02;2.6750000e+02;-5.0494098e-03;2.6750000e+02;-6.2167738e-04;2.6750000e+02;7.7125812e-03;2.6750000e+02;2.1857165e-02;2.6750000e+02;4.2225920e-02;2.6750000e+02;6.9840416e-02;2.6750000e+02;1.0367370e-01;2.6750000e+02;1.4332364e-01;2.6750000e+02;1.8418165e-01;2.6750000e+02;2.1283340e-01;2.6750000e+02;2.2796412e-01;2.6750000e+02;2.2810757e-01;2.6750000e+02;2.1576166e-01;2.6750000e+02;1.9042991e-01;2.6750000e+02;1.5458439e-01;2.6750000e+02;1.1415185e-01;2.6750000e+02;7.3784202e-02;2.6750000e+02;3.4595944e-02;2.6750000e+02;-5.0494098e-03;2.6750000e+02;-6.2167738e-04;2.6750000e+02;7.7125812e-03;2.6750000e+02;2.1857165e-02;2.6750000e+02;4.2225920e-02;2.6750000e+02;6.9840416e-02;2.6750000e+02;1.0367370e-01;2.6750000e+02;1.4332364e-01;2.6750000e+02;1.8418165e-01;2.6750000e+02;2.1283340e-01;2.6750000e+02;2.2796412e-01;2.6750000e+02;2.2810757e-01;2.6750000e+02;2.1576166e-01;2.6750000e+02;1.9042991e-01;2.6750000e+02;1.5458439e-01;2.6750000e+02;1.1415185e-01;2.6750000e+02;7.3784202e-02;2.6750000e+02;3.4595944e-02;2.6750000e+02;-5.0494098e-03;2.6750000e+02;-6.2167738e-04;2.6750000e+02;7.7125812e-03;2.6750000e+02;2.1857165e-02;2.6750000e+02;4.2225920e-02;2.6750000e+02;6.9840416e-02;2.6750000e+02;1.0367370e-01;2.6750000e+02;1.4332364e-01;2.6750000e+02;1.8418165e-01;2.6750000e+02;2.1283340e-01;2.6750000e+02;2.2796412e-01;2.6750000e+02;2.2810757e-01;2.6750000e+02;2.1576166e-01;2.6750000e+02;1.9042991e-01;2.6750000e+02;1.5458439e-01;2.6750000e+02;1.1415185e-01;2.6750000e+02;7.3784202e-02;2.6750000e+02;3.4595944e-02;2.6750000e+02;-5.0494098e-03;2.6750000e+02;-6.2167738e-04;2.6750000e+02;7.7125812e-03;2.6750000e+02;2.1857165e-02;2.6750000e+02;4.2225920e-02;2.6750000e+02;6.9840416e-02;2.6750000e+02;1.0367370e-01;2.6750000e+02;1.4332364e-01;2.6750000e+02;1.8418165e-01;2.6750000e+02;2.1283340e-01;2.6750000e+02;2.2796412e-01;2.6750000e+02;2.2810757e-01;2.6750000e+02;2.1576166e-01;2.6750000e+02;1.9042991e-01;2.6750000e+02;1.5458439e-01;2.6750000e+02;1.1415185e-01;2.6750000e+02;7.3784202e-02;2.6750000e+02;3.4595944e-02;2.6750000e+02;-5.0494098e-03;2.6750000e+02;-6.2167738e-04;2.6750000e+02;7.7125812e-03;2.6750000e+02;2.1857165e-02;2.6750000e+02;4.2225920e-02;2.6750000e+02;6.9840416e-02;2.6750000e+02;1.0367370e-01;2.6750000e+02;1.4332364e-01;2.6750000e+02;1.8418165e-01;2.6750000e+02;2.1283340e-01;2.6750000e+02;2.2796412e-01;2.6750000e+02;2.2810757e-01;2.6750000e+02;2.1576166e-01;2.6750000e+02;1.9042991e-01;2.6750000e+02;1.5458439e-01;2.6750000e+02;1.1415185e-01;2.6750000e+02;7.3784202e-02;2.6750000e+02;3.4595944e-02;2.6750000e+02;-5.0494098e-03;2.6750000e+02;-6.2167738e-04;2.6750000e+02;7.7125812e-03;2.6750000e+02;2.1857165e-02;2.6750000e+02;4.2225920e-02;2.6750000e+02;6.9840416e-02;2.6750000e+02;1.0367370e-01;2.6750000e+02;1.4332364e-01;2.6750000e+02;1.8418165e-01;2.6750000e+02;2.1283340e-01;2.6750000e+02;2.2796412e-01;2.6750000e+02;2.2810757e-01;2.6750000e+02;2.1576166e-01;2.6750000e+02;1.9042991e-01;2.6750000e+02;1.5458439e-01;2.6750000e+02;1.1415185e-01;2.6750000e+02;7.3784202e-02;2.6750000e+02;3.4595944e-02;2.6750000e+02;-5.0494098e-03;2.6750000e+02;-6.2167738e-04;2.6750000e+02;7.7125812e-03;2.6750000e+02;2.1857165e-02;2.6750000e+02;4.2225920e-02;2.6750000e+02;6.9840416e-02;2.6750000e+02;1.0367370e-01;2.6750000e+02;1.4332364e-01;2.6750000e+02;1.8418165e-01;2.6750000e+02;2.1283340e-01;2.6750000e+02;2.2796412e-01;2.6750000e+02;2.2810757e-01;2.6750000e+02;2.1576166e-01;2.6750000e+02;1.9042991e-01;2.6750000e+02;1.5458439e-01;2.6750000e+02;1.1415185e-01;2.6750000e+02;7.3784202e-02;2.6750000e+02;3.4595944e-02;2.6750000e+02;-5.0494098e-03;2.6750000e+02;-6.2167738e-04;2.6750000e+02;7.7125812e-03;2.6750000e+02;2.1857165e-02;2.6750000e+02;4.2225920e-02;2.6750000e+02;6.9840416e-02;2.6750000e+02;1.0367370e-01;2.6750000e+02;1.4332364e-01;2.6750000e+02;1.8418165e-01;2.6750000e+02;2.1283340e-01;2.6750000e+02;2.2796412e-01;2.6750000e+02;2.2810757e-01;2.6750000e+02;2.1576166e-01;2.6750000e+02;1.9042991e-01;2.6750000e+02;1.5458439e-01;2.6750000e+02;1.1415185e-01;2.6750000e+02;7.3784202e-02;2.6750000e+02;3.4595944e-02;2.6750000e+02;-5.0494098e-03;2.6750000e+02;-6.2167738e-04;2.6750000e+02;7.7125812e-03;2.6750000e+02;2.1857165e-02;2.6750000e+02;4.2225920e-02;2.6750000e+02;6.9840416e-02;2.6750000e+02;1.0367370e-01;2.6750000e+02;1.4332364e-01;2.6750000e+02;1.8418165e-01;2.6750000e+02;2.1283340e-01;2.6750000e+02;2.2796412e-01;2.6750000e+02;2.2810757e-01;2.6750000e+02;2.1576166e-01;2.6750000e+02;1.9042991e-01;2.6750000e+02;1.5458439e-01;2.6750000e+02;1.1415185e-01;2.6750000e+02;7.3784202e-02;2.6750000e+02;3.4595944e-02;2.6750000e+02;-5.0494098e-03;2.6750000e+02;-6.2167738e-04;2.6750000e+02;7.7125812e-03;2.6750000e+02;2.1857165e-02;2.6750000e+02;4.2225920e-02;2.6750000e+02;6.9840416e-02;2.6750000e+02;1.0367370e-01;2.6750000e+02;1.4332364e-01;2.6750000e+02;1.8418165e-01;2.6750000e+02;2.1283340e-01;2.6750000e+02;2.2796412e-01;2.6750000e+02;2.2810757e-01;2.6750000e+02;2.1576166e-01;2.6750000e+02;1.9042991e-01;2.6750000e+02;1.5458439e-01;2.6750000e+02;1.1415185e-01;2.6750000e+02;7.3784202e-02;2.6750000e+02;3.4595944e-02;2.6750000e+02;-5.0494098e-03;2.6750000e+02;-6.2167738e-04;2.6750000e+02;7.7125812e-03;2.6750000e+02;2.1857165e-02;2.6750000e+02;4.2225920e-02;2.6750000e+02;6.9840416e-02;2.6750000e+02;1.0367370e-01;2.6750000e+02;1.4332364e-01;2.6750000e+02;1.8418165e-01;2.6750000e+02;2.1283340e-01;2.6750000e+02;2.2796412e-01;2.6750000e+02;2.2810757e-01;2.6750000e+02;2.1576166e-01;2.6750000e+02;1.9042991e-01;2.6750000e+02;1.5458439e-01;2.6750000e+02;1.1415185e-01;2.6750000e+02;7.3784202e-02;2.6750000e+02;3.4595944e-02;2.6750000e+02;-5.0494098e-03;2.6750000e+02;-6.2167738e-04;2.6750000e+02;7.7125812e-03;2.6750000e+02;2.1857165e-02;2.6750000e+02;4.2225920e-02;2.6750000e+02;6.9840416e-02;2.6750000e+02;1.0367370e-01;2.6750000e+02;1.4332364e-01;2.6750000e+02;1.8418165e-01;2.6750000e+02;2.1283340e-01;2.6750000e+02;2.2796412e-01;2.6750000e+02;2.2810757e-01;2.6750000e+02;2.1576166e-01;2.6750000e+02;1.9042991e-01;2.6750000e+02;1.5458439e-01;2.6750000e+02;1.1415185e-01;2.6750000e+02;7.3784202e-02;2.6750000e+02;3.4595944e-02;2.6750000e+02;-5.0494098e-03;2.6750000e+02;-6.2167738e-04;2.6750000e+02;7.7125812e-03;2.6750000e+02;2.1857165e-02;2.6750000e+02;4.2225920e-02;2.6750000e+02;6.9840416e-02;2.6750000e+02;1.0367370e-01;2.6750000e+02;1.4332364e-01;2.6750000e+02;1.8418165e-01;2.6750000e+02;2.1283340e-01;2.6750000e+02;2.2796412e-01;2.6750000e+02;2.2810757e-01;2.6750000e+02;2.1576166e-01;2.6750000e+02;1.9042991e-01;2.6750000e+02;1.5458439e-01;2.6750000e+02;1.1415185e-01;2.6750000e+02;7.3784202e-02;2.6750000e+02;3.4595944e-02;2.6750000e+02;-5.0494098e-03;2.6750000e+02;-6.2167738e-04;2.6750000e+02;7.7125812e-03;2.6750000e+02;2.1857165e-02;2.6750000e+02;4.2225920e-02;2.6750000e+02;6.9840416e-02;2.6750000e+02;1.0367370e-01;2.6750000e+02;1.4332364e-01;2.6750000e+02;1.8418165e-01;2.6750000e+02;2.1283340e-01;2.6750000e+02;2.2796412e-01;2.6750000e+02;2.2810757e-01;2.6750000e+02;2.1576166e-01;2.6750000e+02;1.9042991e-01;2.6750000e+02;1.5458439e-01;2.6750000e+02;1.1415185e-01;2.6750000e+02;7.3784202e-02;2.6750000e+02;3.4595944e-02;2.6750000e+02;-5.0494098e-03;2.6750000e+02;-6.2167738e-04;2.6750000e+02;7.7125812e-03;2.6750000e+02;2.1857165e-02;2.6750000e+02;4.2225920e-02;2.6750000e+02;6.9840416e-02;2.6750000e+02;1.0367370e-01;2.6750000e+02;1.4332364e-01;2.6750000e+02;1.8418165e-01;2.6750000e+02;2.1283340e-01;2.6750000e+02;2.2796412e-01;2.6750000e+02;2.2810757e-01;2.6750000e+02;2.1576166e-01;2.6750000e+02;1.9042991e-01;2.6750000e+02;1.5458439e-01;2.6750000e+02;1.1415185e-01;2.6750000e+02;7.3784202e-02;2.6750000e+02;3.4595944e-02;2.6750000e+02;-5.0494098e-03;2.6750000e+02;-6.2167738e-04;2.6750000e+02;7.7125812e-03;2.6750000e+02;2.1857165e-02;2.6750000e+02;4.2225920e-02;2.6750000e+02;6.9840416e-02;2.6750000e+02;1.0367370e-01;2.6750000e+02;1.4332364e-01;2.6750000e+02;1.8418165e-01;2.6750000e+02;2.1283340e-01;2.6750000e+02;2.2796412e-01;2.6750000e+02;2.2810757e-01;2.6750000e+02;2.1576166e-01;2.6750000e+02;1.9042991e-01;2.6750000e+02;1.5458439e-01;2.6750000e+02;1.1415185e-01;2.6750000e+02;7.3784202e-02;2.6750000e+02;3.4595944e-02;2.6750000e+02;-5.0494098e-03;2.6750000e+02;-6.2167738e-04;2.6750000e+02;7.7125812e-03;2.6750000e+02;2.1857165e-02;2.6750000e+02;4.2225920e-02;2.6750000e+02;6.9840416e-02;2.6750000e+02;1.0367370e-01;2.6750000e+02;1.4332364e-01;2.6750000e+02;1.8418165e-01;2.6750000e+02;2.1283340e-01;2.6750000e+02;2.2796412e-01;2.6750000e+02;2.2810757e-01;2.6750000e+02;2.1576166e-01;2.6750000e+02;1.9042991e-01;2.6750000e+02;1.5458439e-01;2.6750000e+02;1.1415185e-01;2.6750000e+02;7.3784202e-02;2.6750000e+02;3.4595944e-02;2.6750000e+02;-5.0494098e-03;2.6750000e+02;-6.2167738e-04;2.6750000e+02;7.7125812e-03;2.6750000e+02;2.1857165e-02;2.6750000e+02;4.2225920e-02;2.6750000e+02;6.9840416e-02;2.6750000e+02;1.0367370e-01;2.6750000e+02;1.4332364e-01;2.6750000e+02;1.8418165e-01;2.6750000e+02;2.1283340e-01;2.6750000e+02;2.2796412e-01;2.6750000e+02;2.2810757e-01;2.6750000e+02;2.1576166e-01;2.6750000e+02;1.9042991e-01;2.6750000e+02;1.5458439e-01;2.6750000e+02;1.1415185e-01;2.6750000e+02;7.3784202e-02;2.6750000e+02;3.4595944e-02;2.6750000e+02;-5.0494098e-03;2.6750000e+02;-6.2167738e-04;2.6750000e+02;7.7125812e-03;2.6750000e+02;2.1857165e-02;2.6750000e+02;4.2225920e-02;2.6750000e+02;6.9840416e-02;2.6750000e+02;1.0367370e-01;2.6750000e+02;1.4332364e-01;2.6750000e+02;1.8418165e-01;2.6750000e+02;2.1283340e-01;2.6750000e+02;2.2796412e-01;2.6750000e+02;2.2810757e-01;2.6750000e+02;2.1576166e-01;2.6750000e+02;1.9042991e-01;2.6750000e+02;1.5458439e-01;2.6750000e+02;1.1415185e-01;2.6750000e+02;7.3784202e-02;2.6750000e+02;3.4595944e-02;2.6750000e+02;-5.0494098e-03;2.6750000e+02;-6.2167738e-04;2.6750000e+02;7.7125812e-03;2.6750000e+02;2.1857165e-02;2.6750000e+02;4.2225920e-02;2.6750000e+02;6.9840416e-02;2.6750000e+02;1.0367370e-01;2.6750000e+02;1.4332364e-01;2.6750000e+02;1.8418165e-01;2.6750000e+02;2.1283340e-01;2.6750000e+02;2.2796412e-01;2.6750000e+02;2.2810757e-01;2.6750000e+02;2.1576166e-01;2.6750000e+02;1.9042991e-01;2.6750000e+02;1.5458439e-01;2.6750000e+02;1.1415185e-01;2.6750000e+02;7.3784202e-02;2.6750000e+02;3.4595944e-02;2.6750000e+02;-5.0494098e-03;2.6750000e+02;-6.2167738e-04;2.6750000e+02;7.7125812e-03;2.6750000e+02;2.1857165e-02;2.6750000e+02;4.2225920e-02;2.6750000e+02;6.9840416e-02;2.6750000e+02;1.0367370e-01;2.6750000e+02;1.4332364e-01;2.6750000e+02;1.8418165e-01;2.6750000e+02;2.1283340e-01;2.6750000e+02;2.2796412e-01;2.6750000e+02;2.2810757e-01;2.6750000e+02;2.1576166e-01;2.6750000e+02;1.9042991e-01;2.6750000e+02;1.5458439e-01;2.6750000e+02;1.1415185e-01;2.6750000e+02;7.3784202e-02;2.6750000e+02;3.4595944e-02;2.6750000e+02;-5.0494098e-03;2.6750000e+02;-6.2167738e-04;2.6750000e+02;7.7125812e-03;2.6750000e+02;2.1857165e-02;2.6750000e+02;4.2225920e-02;2.6750000e+02;6.9840416e-02;2.6750000e+02;1.0367370e-01;2.6750000e+02;1.4332364e-01;2.6750000e+02;1.8418165e-01;2.6750000e+02;2.1283340e-01;2.6750000e+02;2.2796412e-01;2.6750000e+02;2.2810757e-01;2.6750000e+02;2.1576166e-01;2.6750000e+02;1.9042991e-01;2.6750000e+02;1.5458439e-01;2.6750000e+02;1.1415185e-01;2.6750000e+02;7.3784202e-02;2.6750000e+02;3.4595944e-02;2.6750000e+02;-5.0494098e-03;2.6750000e+02;-6.2167738e-04;2.6750000e+02;7.7125812e-03;2.6750000e+02;2.1857165e-02;2.6750000e+02;4.2225920e-02;2.6750000e+02;6.9840416e-02;2.6750000e+02;1.0367370e-01;2.6750000e+02;1.4332364e-01;2.6750000e+02;1.8418165e-01;2.6750000e+02;2.1283340e-01;2.6750000e+02;2.2796412e-01;2.6750000e+02;2.2810757e-01;2.6750000e+02;2.1576166e-01;2.6750000e+02;1.9042991e-01;2.6750000e+02;1.5458439e-01;2.6750000e+02;1.1415185e-01;2.6750000e+02;7.3784202e-02;2.6750000e+02;3.4595944e-02;2.6750000e+02;-5.0494098e-03;2.6750000e+02;-6.2167738e-04;2.6750000e+02;7.7125812e-03;2.6750000e+02;2.1857165e-02;2.6750000e+02;4.2225920e-02;2.6750000e+02;6.9840416e-02;2.6750000e+02;1.0367370e-01;2.6750000e+02;1.4332364e-01;2.6750000e+02;1.8418165e-01;2.6750000e+02;2.1283340e-01;2.6750000e+02;2.2796412e-01;2.6750000e+02;2.2810757e-01;2.6750000e+02;2.1576166e-01;2.6750000e+02;1.9042991e-01;2.6750000e+02;1.5458439e-01;2.6750000e+02;1.1415185e-01;2.6750000e+02;7.3784202e-02;2.6750000e+02;3.4595944e-02;2.6750000e+02;-5.0494098e-03;2.6750000e+02;-6.2167738e-04;2.6750000e+02;7.7125812e-03;2.6750000e+02;2.1857165e-02;2.6750000e+02;4.2225920e-02;2.6750000e+02;6.9840416e-02;2.6750000e+02;1.0367370e-01;2.6750000e+02;1.4332364e-01;2.6750000e+02;1.8418165e-01;2.6750000e+02;2.1283340e-01;2.6750000e+02;2.2796412e-01;2.6750000e+02;2.2810757e-01;2.6750000e+02;2.1576166e-01;2.6750000e+02;1.9042991e-01;2.6750000e+02;1.5458439e-01;2.6750000e+02;1.1415185e-01;2.6750000e+02;7.3784202e-02;2.6750000e+02;3.4595944e-02;2.6750000e+02;-5.0494098e-03;2.6750000e+02;-6.2167738e-04;2.6750000e+02;7.7125812e-03;2.6750000e+02;2.1857165e-02;2.6750000e+02;4.2225920e-02;2.6750000e+02;6.9840416e-02;2.6750000e+02;1.0367370e-01;2.6750000e+02;1.4332364e-01;2.6750000e+02;1.8418165e-01;2.6750000e+02;2.1283340e-01;2.6750000e+02;2.2796412e-01;2.6750000e+02;2.2810757e-01;2.6750000e+02;2.1576166e-01;2.6750000e+02;1.9042991e-01;2.6750000e+02;1.5458439e-01;2.6750000e+02;1.1415185e-01;2.6750000e+02;7.3784202e-02;2.6750000e+02;3.4595944e-02;2.6750000e+02;-5.0494098e-03;2.6750000e+02;-6.2167738e-04;2.6750000e+02;7.7125812e-03;2.6750000e+02;2.1857165e-02;2.6750000e+02;4.2225920e-02;2.6750000e+02;6.9840416e-02;2.6750000e+02;1.0367370e-01;2.6750000e+02;1.4332364e-01;2.6750000e+02;1.8418165e-01;2.6750000e+02;2.1283340e-01;2.6750000e+02;2.2796412e-01;2.6750000e+02;2.2810757e-01;2.6750000e+02;2.1576166e-01;2.6750000e+02;1.9042991e-01;2.6750000e+02;1.5458439e-01;2.6750000e+02;1.1415185e-01;2.6750000e+02;7.3784202e-02;2.6750000e+02;3.4595944e-02;2.6750000e+02;-5.0494098e-03;2.6750000e+02;-6.2167738e-04;2.6750000e+02;7.7125812e-03;2.6750000e+02;2.1857165e-02;2.6750000e+02;4.2225920e-02;2.6750000e+02;6.9840416e-02;2.6750000e+02;1.0367370e-01;2.6750000e+02;1.4332364e-01;2.6750000e+02;1.8418165e-01;2.6750000e+02;2.1283340e-01;2.6750000e+02;2.2796412e-01;2.6750000e+02;2.2810757e-01;2.6750000e+02;2.1576166e-01;2.6750000e+02;1.9042991e-01;2.6750000e+02;1.5458439e-01;2.6750000e+02;1.1415185e-01;2.6750000e+02;7.3784202e-02;2.6750000e+02;3.4595944e-02;2.6750000e+02;-5.0494098e-03;2.6750000e+02;-6.2167738e-04;2.6750000e+02;7.7125812e-03;2.6750000e+02;2.1857165e-02;2.6750000e+02;4.2225920e-02;2.6750000e+02;6.9840416e-02;2.6750000e+02;1.0367370e-01;2.6750000e+02;1.4332364e-01;2.6750000e+02;1.8418165e-01;2.6750000e+02;2.1283340e-01;2.6750000e+02;2.2796412e-01;2.6750000e+02;2.2810757e-01;2.6750000e+02;2.1576166e-01;2.6750000e+02;1.9042991e-01;2.6750000e+02;1.5458439e-01;2.6750000e+02;1.1415185e-01;2.6750000e+02;7.3784202e-02;2.6750000e+02;3.4595944e-02;2.6750000e+02;-5.0494098e-03;2.6750000e+02;-6.2167738e-04;2.6750000e+02;7.7125812e-03;2.6750000e+02;2.1857165e-02;2.6750000e+02;4.2225920e-02;2.6750000e+02;6.9840416e-02;2.6750000e+02;1.0367370e-01;2.6750000e+02;1.4332364e-01;2.6750000e+02;1.8418165e-01;2.6750000e+02;2.1283340e-01;2.6750000e+02;2.2796412e-01;2.6750000e+02;2.2810757e-01;2.6750000e+02;2.1576166e-01;2.6750000e+02;1.9042991e-01;2.6750000e+02;1.5458439e-01;2.6750000e+02;1.1415185e-01;2.6750000e+02;7.3784202e-02;2.6750000e+02;3.4595944e-02;2.6750000e+02;-5.0494098e-03;2.6750000e+02;-6.2167738e-04;2.6750000e+02;7.7125812e-03;2.6750000e+02;2.1857165e-02;2.6750000e+02;4.2225920e-02;2.6750000e+02;6.9840416e-02;2.6750000e+02;1.0367370e-01;2.6750000e+02;1.4332364e-01;2.6750000e+02;1.8418165e-01;2.6750000e+02;2.1283340e-01;2.6750000e+02;2.2796412e-01;2.6750000e+02;2.2810757e-01;2.6750000e+02;2.1576166e-01;2.6750000e+02;1.9042991e-01;2.6750000e+02;1.5458439e-01;2.6750000e+02;1.1415185e-01;2.6750000e+02;7.3784202e-02;2.6750000e+02;3.4595944e-02;2.6750000e+02;-5.0494098e-03;2.6750000e+02;-6.2167738e-04;2.6750000e+02;7.7125812e-03;2.6750000e+02;2.1857165e-02;2.6750000e+02;4.2225920e-02;2.6750000e+02;6.9840416e-02;2.6750000e+02;1.0367370e-01;2.6750000e+02;1.4332364e-01;2.6750000e+02;1.8418165e-01;2.6750000e+02;2.1283340e-01;2.6750000e+02;2.2796412e-01;2.6750000e+02;2.2810757e-01;2.6750000e+02;2.1576166e-01;2.6750000e+02;1.9042991e-01;2.6750000e+02;1.5458439e-01;2.6750000e+02;1.1415185e-01;2.6750000e+02;7.3784202e-02;2.6750000e+02;3.4595944e-02;2.6750000e+02;-5.0494098e-03;2.6750000e+02;-6.2167738e-04;2.6750000e+02;7.7125812e-03;2.6750000e+02;2.1857165e-02;2.6750000e+02;4.2225920e-02;2.6750000e+02;6.9840416e-02;2.6750000e+02;1.0367370e-01;2.6750000e+02;1.4332364e-01;2.6750000e+02;1.8418165e-01;2.6750000e+02;2.1283340e-01;2.6750000e+02;2.2796412e-01;2.6750000e+02;2.2810757e-01;2.6750000e+02;2.1576166e-01;2.6750000e+02;1.9042991e-01;2.6750000e+02;1.5458439e-01;2.6750000e+02;1.1415185e-01;2.6750000e+02;7.3784202e-02;2.6750000e+02;3.4595944e-02;2.6750000e+02;-5.0494098e-03;2.6750000e+02;-6.2167738e-04;2.6750000e+02;7.7125812e-03;2.6750000e+02;2.1857165e-02;2.6750000e+02;4.2225920e-02;2.6750000e+02;6.9840416e-02;2.6750000e+02;1.0367370e-01;2.6750000e+02;1.4332364e-01;2.6750000e+02;1.8418165e-01;2.6750000e+02;2.1283340e-01;2.6750000e+02;2.2796412e-01;2.6750000e+02;2.2810757e-01;2.6750000e+02;2.1576166e-01;2.6750000e+02;1.9042991e-01;2.6750000e+02;1.5458439e-01;2.6750000e+02;1.1415185e-01;2.6750000e+02;7.3784202e-02;2.6750000e+02;3.4595944e-02;2.6750000e+02;-5.0494098e-03;2.6750000e+02;-6.2167738e-04;2.6750000e+02;7.7125812e-03;2.6750000e+02;2.1857165e-02;2.6750000e+02;4.2225920e-02;2.6750000e+02;6.9840416e-02;2.6750000e+02;1.0367370e-01;2.6750000e+02;1.4332364e-01;2.6750000e+02;1.8418165e-01;2.6750000e+02;2.1283340e-01;2.6750000e+02;2.2796412e-01;2.6750000e+02;2.2810757e-01;2.6750000e+02;2.1576166e-01;2.6750000e+02;1.9042991e-01;2.6750000e+02;1.5458439e-01;2.6750000e+02;1.1415185e-01;2.6750000e+02;7.3784202e-02;2.6750000e+02;3.4595944e-02;2.6750000e+02;-5.0494098e-03;2.6750000e+02;-6.2167738e-04;2.6750000e+02;7.7125812e-03;2.6750000e+02;2.1857165e-02;2.6750000e+02;4.2225920e-02;2.6750000e+02;6.9840416e-02;2.6750000e+02;1.0367370e-01;2.6750000e+02;1.4332364e-01;2.6750000e+02;1.8418165e-01;2.6750000e+02;2.1283340e-01;2.6750000e+02;2.2796412e-01;2.6750000e+02;2.2810757e-01;2.6750000e+02;2.1576166e-01;2.6750000e+02;1.9042991e-01;2.6750000e+02;1.5458439e-01;2.6750000e+02;1.1415185e-01;2.6750000e+02;7.3784202e-02;2.6750000e+02;3.4595944e-02;2.6750000e+02;-5.0494098e-03;2.6750000e+02;-6.2167738e-04;2.6750000e+02;7.7125812e-03;2.6750000e+02;2.1857165e-02;2.6750000e+02;4.2225920e-02;2.6750000e+02;6.9840416e-02;2.6750000e+02;1.0367370e-01;2.6750000e+02;1.4332364e-01;2.6750000e+02;1.8418165e-01;2.6750000e+02;2.1283340e-01;2.6750000e+02;2.2796412e-01;2.6750000e+02;2.2810757e-01;2.6750000e+02;2.1576166e-01;2.6750000e+02;1.9042991e-01;2.6750000e+02;1.5458439e-01;2.6750000e+02;1.1415185e-01;2.6750000e+02;7.3784202e-02;2.6750000e+02;3.4595944e-02;2.6750000e+02;-5.0494098e-03;2.6750000e+02;-6.2167738e-04;2.6750000e+02;7.7125812e-03;2.6750000e+02;2.1857165e-02;2.6750000e+02;4.2225920e-02;2.6750000e+02;6.9840416e-02;2.6750000e+02;1.0367370e-01;2.6750000e+02;1.4332364e-01;2.6750000e+02;1.8418165e-01;2.6750000e+02;2.1283340e-01;2.6750000e+02;2.2796412e-01;2.6750000e+02;2.2810757e-01;2.6750000e+02;2.1576166e-01;2.6750000e+02;1.9042991e-01;2.6750000e+02;1.5458439e-01;2.6750000e+02;1.1415185e-01;2.6750000e+02;7.3784202e-02;2.6750000e+02;3.4595944e-02;2.6750000e+02;-5.0494098e-03;2.6750000e+02;-6.2167738e-04;2.6750000e+02;7.7125812e-03;2.6750000e+02;2.1857165e-02;2.6750000e+02;4.2225920e-02;2.6750000e+02;6.9840416e-02;2.6750000e+02;1.0367370e-01;2.6750000e+02;1.4332364e-01;2.6750000e+02;1.8418165e-01;2.6750000e+02;2.1283340e-01;2.6750000e+02;2.2796412e-01;2.6750000e+02;2.2810757e-01;2.6750000e+02;2.1576166e-01;2.6750000e+02;1.9042991e-01;2.6750000e+02;1.5458439e-01;2.6750000e+02;1.1415185e-01;2.6750000e+02;7.3784202e-02;2.6750000e+02;3.4595944e-02;2.6750000e+02;-5.0494098e-03;2.6750000e+02;-6.2167738e-04;2.6750000e+02;7.7125812e-03;2.6750000e+02;2.1857165e-02;2.6750000e+02;4.2225920e-02;2.6750000e+02;6.9840416e-02;2.6750000e+02;1.0367370e-01;2.6750000e+02;1.4332364e-01;2.6750000e+02;1.8418165e-01;2.6750000e+02;2.1283340e-01;2.6750000e+02;2.2796412e-01;2.6750000e+02;2.2810757e-01;2.6750000e+02;2.1576166e-01;2.6750000e+02;1.9042991e-01;2.6750000e+02;1.5458439e-01;2.6750000e+02;1.1415185e-01;2.6750000e+02;7.3784202e-02;2.6750000e+02;3.4595944e-02;2.6750000e+02;-5.0494098e-03;2.6750000e+02;-6.2167738e-04;2.6750000e+02;7.7125812e-03;2.6750000e+02;2.1857165e-02;2.6750000e+02;4.2225920e-02;2.6750000e+02;6.9840416e-02;2.6750000e+02;1.0367370e-01;2.6750000e+02;1.4332364e-01;2.6750000e+02;1.8418165e-01;2.6750000e+02;2.1283340e-01;2.6750000e+02;2.2796412e-01;2.6750000e+02;2.2810757e-01;2.6750000e+02;2.1576166e-01;2.6750000e+02;1.9042991e-01;2.6750000e+02;1.5458439e-01;2.6750000e+02;1.1415185e-01;2.6750000e+02;7.3784202e-02;2.6750000e+02;3.4595944e-02;2.6750000e+02;-5.0494098e-03;2.6750000e+02;-6.2167738e-04;2.6750000e+02;7.7125812e-03;2.6750000e+02;2.1857165e-02;2.6750000e+02;4.2225920e-02;2.6750000e+02;6.9840416e-02;2.6750000e+02;1.0367370e-01;2.6750000e+02;1.4332364e-01;2.6750000e+02;1.8418165e-01;2.6750000e+02;2.1283340e-01;2.6750000e+02;2.2796412e-01;2.6750000e+02;2.2810757e-01;2.6750000e+02;2.1576166e-01;2.6750000e+02;1.9042991e-01;2.6750000e+02;1.5458439e-01;2.6750000e+02;1.1415185e-01;2.6750000e+02;7.3784202e-02;2.6750000e+02;3.4595944e-02;2.6750000e+02;-5.0494098e-03;2.6750000e+02;-6.2167738e-04;2.6750000e+02;7.7125812e-03;2.6750000e+02;2.1857165e-02;2.6750000e+02;4.2225920e-02;2.6750000e+02;6.9840416e-02;2.6750000e+02;1.0367370e-01;2.6750000e+02;1.4332364e-01;2.6750000e+02;1.8418165e-01;2.6750000e+02;2.1283340e-01;2.6750000e+02;2.2796412e-01;2.6750000e+02;2.2810757e-01;2.6750000e+02;2.1576166e-01;2.6750000e+02;1.9042991e-01;2.6750000e+02;1.5458439e-01;2.6750000e+02;1.1415185e-01;2.6750000e+02;7.3784202e-02;2.6750000e+02;3.4595944e-02;2.6750000e+02;-5.0494098e-03;2.6750000e+02;-6.2167738e-04;2.6750000e+02;7.7125812e-03;2.6750000e+02;2.1857165e-02;2.6750000e+02;4.2225920e-02;2.6750000e+02;6.9840416e-02;2.6750000e+02;1.0367370e-01;2.6750000e+02;1.4332364e-01;2.6750000e+02;1.8418165e-01;2.6750000e+02;2.1283340e-01;2.6750000e+02;2.2796412e-01;2.6750000e+02;2.2810757e-01;2.6750000e+02;2.1576166e-01;2.6750000e+02;1.9042991e-01;2.6750000e+02;1.5458439e-01;2.6750000e+02;1.1415185e-01;2.6750000e+02;7.3784202e-02;2.6750000e+02;3.4595944e-02;2.6750000e+02;-5.0494098e-03;2.6750000e+02;-6.2167738e-04;2.6750000e+02;7.7125812e-03;2.6750000e+02;2.1857165e-02;2.6750000e+02;4.2225920e-02;2.6750000e+02;6.9840416e-02;2.6750000e+02;1.0367370e-01;2.6750000e+02;1.4332364e-01;2.6750000e+02;1.8418165e-01;2.6750000e+02;2.1283340e-01;2.6750000e+02;2.2796412e-01;2.6750000e+02;2.2810757e-01;2.6750000e+02;2.1576166e-01;2.6750000e+02;1.9042991e-01;2.6750000e+02;1.5458439e-01;2.6750000e+02;1.1415185e-01;2.6750000e+02;7.3784202e-02;2.6750000e+02;3.4595944e-02;2.6750000e+02;-5.0494098e-03;2.6750000e+02;-6.2167738e-04;2.6750000e+02;7.7125812e-03;2.6750000e+02;2.1857165e-02;2.6750000e+02;4.2225920e-02;2.6750000e+02;6.9840416e-02;2.6750000e+02;1.0367370e-01;2.6750000e+02;1.4332364e-01;2.6750000e+02;1.8418165e-01;2.6750000e+02;2.1283340e-01;2.6750000e+02;2.2796412e-01;2.6750000e+02;2.2810757e-01;2.6750000e+02;2.1576166e-01;2.6750000e+02;1.9042991e-01;2.6750000e+02;1.5458439e-01;2.6750000e+02;1.1415185e-01;2.6750000e+02;7.3784202e-02;2.6750000e+02;3.4595944e-02;2.6750000e+02;-5.0494098e-03;2.6750000e+02;-6.2167738e-04;2.6750000e+02;7.7125812e-03;2.6750000e+02;2.1857165e-02;2.6750000e+02;4.2225920e-02;2.6750000e+02;6.9840416e-02;2.6750000e+02;1.0367370e-01;2.6750000e+02;1.4332364e-01;2.6750000e+02;1.8418165e-01;2.6750000e+02;2.1283340e-01;2.6750000e+02;2.2796412e-01;2.6750000e+02;2.2810757e-01;2.6750000e+02;2.1576166e-01;2.6750000e+02;1.9042991e-01;2.6750000e+02;1.5458439e-01;2.6750000e+02;1.1415185e-01;2.6750000e+02;7.3784202e-02;2.6750000e+02;3.4595944e-02;2.6750000e+02;-5.0494098e-03;2.6750000e+02;-6.2167738e-04;2.6750000e+02;7.7125812e-03;2.6750000e+02;2.1857165e-02;2.6750000e+02;4.2225920e-02;2.6750000e+02;6.9840416e-02;2.6750000e+02;1.0367370e-01;2.6750000e+02;1.4332364e-01;2.6750000e+02;1.8418165e-01;2.6750000e+02;2.1283340e-01;2.6750000e+02;2.2796412e-01;2.6750000e+02;2.2810757e-01;2.6750000e+02;2.1576166e-01;2.6750000e+02;1.9042991e-01;2.6750000e+02;1.5458439e-01;2.6750000e+02;1.1415185e-01;2.6750000e+02;7.3784202e-02;2.6750000e+02;3.4595944e-02;2.6750000e+02;-5.0494098e-03;2.6750000e+02;-6.2167738e-04;2.6750000e+02;7.7125812e-03;2.6750000e+02;2.1857165e-02;2.6750000e+02;4.2225920e-02;2.6750000e+02;6.9840416e-02;2.6750000e+02;1.0367370e-01;2.6750000e+02;1.4332364e-01;2.6750000e+02;1.8418165e-01;2.6750000e+02;2.1283340e-01;2.6750000e+02;2.2796412e-01;2.6750000e+02;2.2810757e-01;2.6750000e+02;2.1576166e-01;2.6750000e+02;1.9042991e-01;2.6750000e+02;1.5458439e-01;2.6750000e+02;1.1415185e-01;2.6750000e+02;7.3784202e-02;2.6750000e+02;3.4595944e-02;2.6750000e+02;-5.0494098e-03;2.6750000e+02;-6.2167738e-04;2.6750000e+02;7.7125812e-03;2.6750000e+02;2.1857165e-02;2.6750000e+02;4.2225920e-02;2.6750000e+02;6.9840416e-02;2.6750000e+02;1.0367370e-01;2.6750000e+02;1.4332364e-01;2.6750000e+02;1.8418165e-01;2.6750000e+02;2.1283340e-01;2.6750000e+02;2.2796412e-01;2.6750000e+02;2.2810757e-01;2.6750000e+02;2.1576166e-01;2.6750000e+02;1.9042991e-01;2.6750000e+02;1.5458439e-01;2.6750000e+02;1.1415185e-01;2.6750000e+02;7.3784202e-02;2.6750000e+02;3.4595944e-02
2.7250000e+02;-5.4145092e-03;2.7250000e+02;2.2919150e-03;2.7250000e+02;1.4447076e-02;2.7250000e+02;2.8757337e-02;2.7250000e+02;4.7713794e-02;2.7250000e+02;7.1731940e-02;2.7250000e+02;1.0587236e-01;2.7250000e+02;1.4795646e-01;2.7250000e+02;1.9216095e-01;2.7250000e+02;2.2432831e-01;2.7250000e+02;2.3819759e-01;2.7250000e+02;2.3593193e-01;2.7250000e+02;2.1820506e-01;2.7250000e+02;1.8953934e-01;2.7250000e+02;1.5234840e-01;2.7250000e+02;1.1154838e-01;2.7250000e+02;7.2137482e-02;2.7250000e+02;3.3508413e-02;2.7250000e+02;-5.4145092e-03;2.7250000e+02;2.2919150e-03;2.7250000e+02;1.4447076e-02;2.7250000e+02;2.8757337e-02;2.7250000e+02;4.7713794e-02;2.7250000e+02;7.1731940e-02;2.7250000e+02;1.0587236e-01;2.7250000e+02;1.4795646e-01;2.7250000e+02;1.9216095e-01;2.7250000e+02;2.2432831e-01;2.7250000e+02;2.3819759e-01;2.7250000e+02;2.3593193e-01;2.7250000e+02;2.1820506e-01;2.7250000e+02;1.8953934e-01;2.7250000e+02;1.5234840e-01;2.7250000e+02;1.1154838e-01;2.7250000e+02;7.2137482e-02;2.7250000e+02;3.3508413e-02;2.7250000e+02;-5.4145092e-03;2.7250000e+02;2.2919150e-03;2.7250000e+02;1.4447076e-02;2.7250000e+02;2.8757337e-02;2.7250000e+02;4.7713794e-02;2.7250000e+02;7.1731940e-02;2.7250000e+02;1.0587236e-01;2.7250000e+02;1.4795646e-01;2.7250000e+02;1.9216095e-01;2.7250000e+02;2.2432831e-01;2.7250000e+02;2.3819759e-01;2.7250000e+02;2.3593193e-01;2.7250000e+02;2.1820506e-01;2.7250000e+02;1.8953934e-01;2.7250000e+02;1.5234840e-01;2.7250000e+02;1.1154838e-01;2.7250000e+02;7.2137482e-02;2.7250000e+02;3.3508413e-02;2.7250000e+02;-5.4145092e-03;2.7250000e+02;2.2919150e-03;2.7250000e+02;1.4447076e-02;2.7250000e+02;2.8757337e-02;2.7250000e+02;4.7713794e-02;2.7250000e+02;7.1731940e-02;2.7250000e+02;1.0587236e-01;2.7250000e+02;1.4795646e-01;2.7250000e+02;1.9216095e-01;2.7250000e+02;2.2432831e-01;2.7250000e+02;2.3819759e-01;2.7250000e+02;2.3593193e-01;2.7250000e+02;2.1820506e-01;2.7250000e+02;1.8953934e-01;2.7250000e+02;1.5234840e-01;2.7250000e+02;1.1154838e-01;2.7250000e+02;7.2137482e-02;2.7250000e+02;3.3508413e-02;2.7250000e+02;-5.4145092e-03;2.7250000e+02;2.2919150e-03;2.7250000e+02;1.4447076e-02;2.7250000e+02;2.8757337e-02;2.7250000e+02;4.7713794e-02;2.7250000e+02;7.1731940e-02;2.7250000e+02;1.0587236e-01;2.7250000e+02;1.4795646e-01;2.7250000e+02;1.9216095e-01;2.7250000e+02;2.2432831e-01;2.7250000e+02;2.3819759e-01;2.7250000e+02;2.3593193e-01;2.7250000e+02;2.1820506e-01;2.7250000e+02;1.8953934e-01;2.7250000e+02;1.5234840e-01;2.7250000e+02;1.1154838e-01;2.7250000e+02;7.2137482e-02;2.7250000e+02;3.3508413e-02;2.7250000e+02;-5.4145092e-03;2.7250000e+02;2.2919150e-03;2.7250000e+02;1.4447076e-02;2.7250000e+02;2.8757337e-02;2.7250000e+02;4.7713794e-02;2.7250000e+02;7.1731940e-02;2.7250000e+02;1.0587236e-01;2.7250000e+02;1.4795646e-01;2.7250000e+02;1.9216095e-01;2.7250000e+02;2.2432831e-01;2.7250000e+02;2.3819759e-01;2.7250000e+02;2.3593193e-01;2.7250000e+02;2.1820506e-01;2.7250000e+02;1.8953934e-01;2.7250000e+02;1.5234840e-01;2.7250000e+02;1.1154838e-01;2.7250000e+02;7.2137482e-02;2.7250000e+02;3.3508413e-02;2.7250000e+02;-5.4145092e-03;2.7250000e+02;2.2919150e-03;2.7250000e+02;1.4447076e-02;2.7250000e+02;2.8757337e-02;2.7250000e+02;4.7713794e-02;2.7250000e+02;7.1731940e-02;2.7250000e+02;1.0587236e-01;2.7250000e+02;1.4795646e-01;2.7250000e+02;1.9216095e-01;2.7250000e+02;2.2432831e-01;2.7250000e+02;2.3819759e-01;2.7250000e+02;2.3593193e-01;2.7250000e+02;2.1820506e-01;2.7250000e+02;1.8953934e-01;2.7250000e+02;1.5234840e-01;2.7250000e+02;1.1154838e-01;2.7250000e+02;7.2137482e-02;2.7250000e+02;3.3508413e-02;2.7250000e+02;-5.4145092e-03;2.7250000e+02;2.2919150e-03;2.7250000e+02;1.4447076e-02;2.7250000e+02;2.8757337e-02;2.7250000e+02;4.7713794e-02;2.7250000e+02;7.1731940e-02;2.7250000e+02;1.0587236e-01;2.7250000e+02;1.4795646e-01;2.7250000e+02;1.9216095e-01;2.7250000e+02;2.2432831e-01;2.7250000e+02;2.3819759e-01;2.7250000e+02;2.3593193e-01;2.7250000e+02;2.1820506e-01;2.7250000e+02;1.8953934e-01;2.7250000e+02;1.5234840e-01;2.7250000e+02;1.1154838e-01;2.7250000e+02;7.2137482e-02;2.7250000e+02;3.3508413e-02;2.7250000e+02;-5.4145092e-03;2.7250000e+02;2.2919150e-03;2.7250000e+02;1.4447076e-02;2.7250000e+02;2.8757337e-02;2.7250000e+02;4.7713794e-02;2.7250000e+02;7.1731940e-02;2.7250000e+02;1.0587236e-01;2.7250000e+02;1.4795646e-01;2.7250000e+02;1.9216095e-01;2.7250000e+02;2.2432831e-01;2.7250000e+02;2.3819759e-01;2.7250000e+02;2.3593193e-01;2.7250000e+02;2.1820506e-01;2.7250000e+02;1.8953934e-01;2.7250000e+02;1.5234840e-01;2.7250000e+02;1.1154838e-01;2.7250000e+02;7.2137482e-02;2.7250000e+02;3.3508413e-02;2.7250000e+02;-5.4145092e-03;2.7250000e+02;2.2919150e-03;2.7250000e+02;1.4447076e-02;2.7250000e+02;2.8757337e-02;2.7250000e+02;4.7713794e-02;2.7250000e+02;7.1731940e-02;2.7250000e+02;1.0587236e-01;2.7250000e+02;1.4795646e-01;2.7250000e+02;1.9216095e-01;2.7250000e+02;2.2432831e-01;2.7250000e+02;2.3819759e-01;2.7250000e+02;2.3593193e-01;2.7250000e+02;2.1820506e-01;2.7250000e+02;1.8953934e-01;2.7250000e+02;1.5234840e-01;2.7250000e+02;1.1154838e-01;2.7250000e+02;7.2137482e-02;2.7250000e+02;3.3508413e-02;2.7250000e+02;-5.4145092e-03;2.7250000e+02;2.2919150e-03;2.7250000e+02;1.4447076e-02;2.7250000e+02;2.8757337e-02;2.7250000e+02;4.7713794e-02;2.7250000e+02;7.1731940e-02;2.7250000e+02;1.0587236e-01;2.7250000e+02;1.4795646e-01;2.7250000e+02;1.9216095e-01;2.7250000e+02;2.2432831e-01;2.7250000e+02;2.3819759e-01;2.7250000e+02;2.3593193e-01;2.7250000e+02;2.1820506e-01;2.7250000e+02;1.8953934e-01;2.7250000e+02;1.5234840e-01;2.7250000e+02;1.1154838e-01;2.7250000e+02;7.2137482e-02;2.7250000e+02;3.3508413e-02;2.7250000e+02;-5.4145092e-03;2.7250000e+02;2.2919150e-03;2.7250000e+02;1.4447076e-02;2.7250000e+02;2.8757337e-02;2.7250000e+02;4.7713794e-02;2.7250000e+02;7.1731940e-02;2.7250000e+02;1.0587236e-01;2.7250000e+02;1.4795646e-01;2.7250000e+02;1.9216095e-01;2.7250000e+02;2.2432831e-01;2.7250000e+02;2.3819759e-01;2.7250000e+02;2.3593193e-01;2.7250000e+02;2.1820506e-01;2.7250000e+02;1.8953934e-01;2.7250000e+02;1.5234840e-01;2.7250000e+02;1.1154838e-01;2.7250000e+02;7.2137482e-02;2.7250000e+02;3.3508413e-02;2.7250000e+02;-5.4145092e-03;2.7250000e+02;2.2919150e-03;2.7250000e+02;1.4447076e-02;2.7250000e+02;2.8757337e-02;2.7250000e+02;4.7713794e-02;2.7250000e+02;7.1731940e-02;2.7250000e+02;1.0587236e-01;2.7250000e+02;1.4795646e-01;2.7250000e+02;1.9216095e-01;2.7250000e+02;2.2432831e-01;2.7250000e+02;2.3819759e-01;2.7250000e+02;2.3593193e-01;2.7250000e+02;2.1820506e-01;2.7250000e+02;1.8953934e-01;2.7250000e+02;1.5234840e-01;2.7250000e+02;1.1154838e-01;2.7250000e+02;7.2137482e-02;2.7250000e+02;3.3508413e-02;2.7250000e+02;-5.4145092e-03;2.7250000e+02;2.2919150e-03;2.7250000e+02;1.4447076e-02;2.7250000e+02;2.8757337e-02;2.7250000e+02;4.7713794e-02;2.7250000e+02;7.1731940e-02;2.7250000e+02;1.0587236e-01;2.7250000e+02;1.4795646e-01;2.7250000e+02;1.9216095e-01;2.7250000e+02;2.2432831e-01;2.7250000e+02;2.3819759e-01;2.7250000e+02;2.3593193e-01;2.7250000e+02;2.1820506e-01;2.7250000e+02;1.8953934e-01;2.7250000e+02;1.5234840e-01;2.7250000e+02;1.1154838e-01;2.7250000e+02;7.2137482e-02;2.7250000e+02;3.3508413e-02;2.7250000e+02;-5.4145092e-03;2.7250000e+02;2.2919150e-03;2.7250000e+02;1.4447076e-02;2.7250000e+02;2.8757337e-02;2.7250000e+02;4.7713794e-02;2.7250000e+02;7.1731940e-02;2.7250000e+02;1.0587236e-01;2.7250000e+02;1.4795646e-01;2.7250000e+02;1.9216095e-01;2.7250000e+02;2.2432831e-01;2.7250000e+02;2.3819759e-01;2.7250000e+02;2.3593193e-01;2.7250000e+02;2.1820506e-01;2.7250000e+02;1.8953934e-01;2.7250000e+02;1.5234840e-01;2.7250000e+02;1.1154838e-01;2.7250000e+02;7.2137482e-02;2.7250000e+02;3.3508413e-02;2.7250000e+02;-5.4145092e-03;2.7250000e+02;2.2919150e-03;2.7250000e+02;1.4447076e-02;2.7250000e+02;2.8757337e-02;2.7250000e+02;4.7713794e-02;2.7250000e+02;7.1731940e-02;2.7250000e+02;1.0587236e-01;2.7250000e+02;1.4795646e-01;2.7250000e+02;1.9216095e-01;2.7250000e+02;2.2432831e-01;2.7250000e+02;2.3819759e-01;2.7250000e+02;2.3593193e-01;2.7250000e+02;2.1820506e-01;2.7250000e+02;1.8953934e-01;2.7250000e+02;1.5234840e-01;2.7250000e+02;1.1154838e-01;2.7250000e+02;7.2137482e-02;2.7250000e+02;3.3508413e-02;2.7250000e+02;-5.4145092e-03;2.7250000e+02;2.2919150e-03;2.7250000e+02;1.4447076e-02;2.7250000e+02;2.8757337e-02;2.7250000e+02;4.7713794e-02;2.7250000e+02;7.1731940e-02;2.7250000e+02;1.0587236e-01;2.7250000e+02;1.4795646e-01;2.7250000e+02;1.9216095e-01;2.7250000e+02;2.2432831e-01;2.7250000e+02;2.3819759e-01;2.7250000e+02;2.3593193e-01;2.7250000e+02;2.1820506e-01;2.7250000e+02;1.8953934e-01;2.7250000e+02;1.5234840e-01;2.7250000e+02;1.1154838e-01;2.7250000e+02;7.2137482e-02;2.7250000e+02;3.3508413e-02;2.7250000e+02;-5.4145092e-03;2.7250000e+02;2.2919150e-03;2.7250000e+02;1.4447076e-02;2.7250000e+02;2.8757337e-02;2.7250000e+02;4.7713794e-02;2.7250000e+02;7.1731940e-02;2.7250000e+02;1.0587236e-01;2.7250000e+02;1.4795646e-01;2.7250000e+02;1.9216095e-01;2.7250000e+02;2.2432831e-01;2.7250000e+02;2.3819759e-01;2.7250000e+02;2.3593193e-01;2.7250000e+02;2.1820506e-01;2.7250000e+02;1.8953934e-01;2.7250000e+02;1.5234840e-01;2.7250000e+02;1.1154838e-01;2.7250000e+02;7.2137482e-02;2.7250000e+02;3.3508413e-02;2.7250000e+02;-5.4145092e-03;2.7250000e+02;2.2919150e-03;2.7250000e+02;1.4447076e-02;2.7250000e+02;2.8757337e-02;2.7250000e+02;4.7713794e-02;2.7250000e+02;7.1731940e-02;2.7250000e+02;1.0587236e-01;2.7250000e+02;1.4795646e-01;2.7250000e+02;1.9216095e-01;2.7250000e+02;2.2432831e-01;2.7250000e+02;2.3819759e-01;2.7250000e+02;2.3593193e-01;2.7250000e+02;2.1820506e-01;2.7250000e+02;1.8953934e-01;2.7250000e+02;1.5234840e-01;2.7250000e+02;1.1154838e-01;2.7250000e+02;7.2137482e-02;2.7250000e+02;3.3508413e-02;2.7250000e+02;-5.4145092e-03;2.7250000e+02;2.2919150e-03;2.7250000e+02;1.4447076e-02;2.7250000e+02;2.8757337e-02;2.7250000e+02;4.7713794e-02;2.7250000e+02;7.1731940e-02;2.7250000e+02;1.0587236e-01;2.7250000e+02;1.4795646e-01;2.7250000e+02;1.9216095e-01;2.7250000e+02;2.2432831e-01;2.7250000e+02;2.3819759e-01;2.7250000e+02;2.3593193e-01;2.7250000e+02;2.1820506e-01;2.7250000e+02;1.8953934e-01;2.7250000e+02;1.5234840e-01;2.7250000e+02;1.1154838e-01;2.7250000e+02;7.2137482e-02;2.7250000e+02;3.3508413e-02;2.7250000e+02;-5.4145092e-03;2.7250000e+02;2.2919150e-03;2.7250000e+02;1.4447076e-02;2.7250000e+02;2.8757337e-02;2.7250000e+02;4.7713794e-02;2.7250000e+02;7.1731940e-02;2.7250000e+02;1.0587236e-01;2.7250000e+02;1.4795646e-01;2.7250000e+02;1.9216095e-01;2.7250000e+02;2.2432831e-01;2.7250000e+02;2.3819759e-01;2.7250000e+02;2.3593193e-01;2.7250000e+02;2.1820506e-01;2.7250000e+02;1.8953934e-01;2.7250000e+02;1.5234840e-01;2.7250000e+02;1.1154838e-01;2.7250000e+02;7.2137482e-02;2.7250000e+02;3.3508413e-02;2.7250000e+02;-5.4145092e-03;2.7250000e+02;2.2919150e-03;2.7250000e+02;1.4447076e-02;2.7250000e+02;2.8757337e-02;2.7250000e+02;4.7713794e-02;2.7250000e+02;7.1731940e-02;2.7250000e+02;1.0587236e-01;2.7250000e+02;1.4795646e-01;2.7250000e+02;1.9216095e-01;2.7250000e+02;2.2432831e-01;2.7250000e+02;2.3819759e-01;2.7250000e+02;2.3593193e-01;2.7250000e+02;2.1820506e-01;2.7250000e+02;1.8953934e-01;2.7250000e+02;1.5234840e-01;2.7250000e+02;1.1154838e-01;2.7250000e+02;7.2137482e-02;2.7250000e+02;3.3508413e-02;2.7250000e+02;-5.4145092e-03;2.7250000e+02;2.2919150e-03;2.7250000e+02;1.4447076e-02;2.7250000e+02;2.8757337e-02;2.7250000e+02;4.7713794e-02;2.7250000e+02;7.1731940e-02;2.7250000e+02;1.0587236e-01;2.7250000e+02;1.4795646e-01;2.7250000e+02;1.9216095e-01;2.7250000e+02;2.2432831e-01;2.7250000e+02;2.3819759e-01;2.7250000e+02;2.3593193e-01;2.7250000e+02;2.1820506e-01;2.7250000e+02;1.8953934e-01;2.7250000e+02;1.5234840e-01;2.7250000e+02;1.1154838e-01;2.7250000e+02;7.2137482e-02;2.7250000e+02;3.3508413e-02;2.7250000e+02;-5.4145092e-03;2.7250000e+02;2.2919150e-03;2.7250000e+02;1.4447076e-02;2.7250000e+02;2.8757337e-02;2.7250000e+02;4.7713794e-02;2.7250000e+02;7.1731940e-02;2.7250000e+02;1.0587236e-01;2.7250000e+02;1.4795646e-01;2.7250000e+02;1.9216095e-01;2.7250000e+02;2.2432831e-01;2.7250000e+02;2.3819759e-01;2.7250000e+02;2.3593193e-01;2.7250000e+02;2.1820506e-01;2.7250000e+02;1.8953934e-01;2.7250000e+02;1.5234840e-01;2.7250000e+02;1.1154838e-01;2.7250000e+02;7.2137482e-02;2.7250000e+02;3.3508413e-02;2.7250000e+02;-5.4145092e-03;2.7250000e+02;2.2919150e-03;2.7250000e+02;1.4447076e-02;2.7250000e+02;2.8757337e-02;2.7250000e+02;4.7713794e-02;2.7250000e+02;7.1731940e-02;2.7250000e+02;1.0587236e-01;2.7250000e+02;1.4795646e-01;2.7250000e+02;1.9216095e-01;2.7250000e+02;2.2432831e-01;2.7250000e+02;2.3819759e-01;2.7250000e+02;2.3593193e-01;2.7250000e+02;2.1820506e-01;2.7250000e+02;1.8953934e-01;2.7250000e+02;1.5234840e-01;2.7250000e+02;1.1154838e-01;2.7250000e+02;7.2137482e-02;2.7250000e+02;3.3508413e-02;2.7250000e+02;-5.4145092e-03;2.7250000e+02;2.2919150e-03;2.7250000e+02;1.4447076e-02;2.7250000e+02;2.8757337e-02;2.7250000e+02;4.7713794e-02;2.7250000e+02;7.1731940e-02;2.7250000e+02;1.0587236e-01;2.7250000e+02;1.4795646e-01;2.7250000e+02;1.9216095e-01;2.7250000e+02;2.2432831e-01;2.7250000e+02;2.3819759e-01;2.7250000e+02;2.3593193e-01;2.7250000e+02;2.1820506e-01;2.7250000e+02;1.8953934e-01;2.7250000e+02;1.5234840e-01;2.7250000e+02;1.1154838e-01;2.7250000e+02;7.2137482e-02;2.7250000e+02;3.3508413e-02;2.7250000e+02;-5.4145092e-03;2.7250000e+02;2.2919150e-03;2.7250000e+02;1.4447076e-02;2.7250000e+02;2.8757337e-02;2.7250000e+02;4.7713794e-02;2.7250000e+02;7.1731940e-02;2.7250000e+02;1.0587236e-01;2.7250000e+02;1.4795646e-01;2.7250000e+02;1.9216095e-01;2.7250000e+02;2.2432831e-01;2.7250000e+02;2.3819759e-01;2.7250000e+02;2.3593193e-01;2.7250000e+02;2.1820506e-01;2.7250000e+02;1.8953934e-01;2.7250000e+02;1.5234840e-01;2.7250000e+02;1.1154838e-01;2.7250000e+02;7.2137482e-02;2.7250000e+02;3.3508413e-02;2.7250000e+02;-5.4145092e-03;2.7250000e+02;2.2919150e-03;2.7250000e+02;1.4447076e-02;2.7250000e+02;2.8757337e-02;2.7250000e+02;4.7713794e-02;2.7250000e+02;7.1731940e-02;2.7250000e+02;1.0587236e-01;2.7250000e+02;1.4795646e-01;2.7250000e+02;1.9216095e-01;2.7250000e+02;2.2432831e-01;2.7250000e+02;2.3819759e-01;2.7250000e+02;2.3593193e-01;2.7250000e+02;2.1820506e-01;2.7250000e+02;1.8953934e-01;2.7250000e+02;1.5234840e-01;2.7250000e+02;1.1154838e-01;2.7250000e+02;7.2137482e-02;2.7250000e+02;3.3508413e-02;2.7250000e+02;-5.4145092e-03;2.7250000e+02;2.2919150e-03;2.7250000e+02;1.4447076e-02;2.7250000e+02;2.8757337e-02;2.7250000e+02;4.7713794e-02;2.7250000e+02;7.1731940e-02;2.7250000e+02;1.0587236e-01;2.7250000e+02;1.4795646e-01;2.7250000e+02;1.9216095e-01;2.7250000e+02;2.2432831e-01;2.7250000e+02;2.3819759e-01;2.7250000e+02;2.3593193e-01;2.7250000e+02;2.1820506e-01;2.7250000e+02;1.8953934e-01;2.7250000e+02;1.5234840e-01;2.7250000e+02;1.1154838e-01;2.7250000e+02;7.2137482e-02;2.7250000e+02;3.3508413e-02;2.7250000e+02;-5.4145092e-03;2.7250000e+02;2.2919150e-03;2.7250000e+02;1.4447076e-02;2.7250000e+02;2.8757337e-02;2.7250000e+02;4.7713794e-02;2.7250000e+02;7.1731940e-02;2.7250000e+02;1.0587236e-01;2.7250000e+02;1.4795646e-01;2.7250000e+02;1.9216095e-01;2.7250000e+02;2.2432831e-01;2.7250000e+02;2.3819759e-01;2.7250000e+02;2.3593193e-01;2.7250000e+02;2.1820506e-01;2.7250000e+02;1.8953934e-01;2.7250000e+02;1.5234840e-01;2.7250000e+02;1.1154838e-01;2.7250000e+02;7.2137482e-02;2.7250000e+02;3.3508413e-02;2.7250000e+02;-5.4145092e-03;2.7250000e+02;2.2919150e-03;2.7250000e+02;1.4447076e-02;2.7250000e+02;2.8757337e-02;2.7250000e+02;4.7713794e-02;2.7250000e+02;7.1731940e-02;2.7250000e+02;1.0587236e-01;2.7250000e+02;1.4795646e-01;2.7250000e+02;1.9216095e-01;2.7250000e+02;2.2432831e-01;2.7250000e+02;2.3819759e-01;2.7250000e+02;2.3593193e-01;2.7250000e+02;2.1820506e-01;2.7250000e+02;1.8953934e-01;2.7250000e+02;1.5234840e-01;2.7250000e+02;1.1154838e-01;2.7250000e+02;7.2137482e-02;2.7250000e+02;3.3508413e-02;2.7250000e+02;-5.4145092e-03;2.7250000e+02;2.2919150e-03;2.7250000e+02;1.4447076e-02;2.7250000e+02;2.8757337e-02;2.7250000e+02;4.7713794e-02;2.7250000e+02;7.1731940e-02;2.7250000e+02;1.0587236e-01;2.7250000e+02;1.4795646e-01;2.7250000e+02;1.9216095e-01;2.7250000e+02;2.2432831e-01;2.7250000e+02;2.3819759e-01;2.7250000e+02;2.3593193e-01;2.7250000e+02;2.1820506e-01;2.7250000e+02;1.8953934e-01;2.7250000e+02;1.5234840e-01;2.7250000e+02;1.1154838e-01;2.7250000e+02;7.2137482e-02;2.7250000e+02;3.3508413e-02;2.7250000e+02;-5.4145092e-03;2.7250000e+02;2.2919150e-03;2.7250000e+02;1.4447076e-02;2.7250000e+02;2.8757337e-02;2.7250000e+02;4.7713794e-02;2.7250000e+02;7.1731940e-02;2.7250000e+02;1.0587236e-01;2.7250000e+02;1.4795646e-01;2.7250000e+02;1.9216095e-01;2.7250000e+02;2.2432831e-01;2.7250000e+02;2.3819759e-01;2.7250000e+02;2.3593193e-01;2.7250000e+02;2.1820506e-01;2.7250000e+02;1.8953934e-01;2.7250000e+02;1.5234840e-01;2.7250000e+02;1.1154838e-01;2.7250000e+02;7.2137482e-02;2.7250000e+02;3.3508413e-02;2.7250000e+02;-5.4145092e-03;2.7250000e+02;2.2919150e-03;2.7250000e+02;1.4447076e-02;2.7250000e+02;2.8757337e-02;2.7250000e+02;4.7713794e-02;2.7250000e+02;7.1731940e-02;2.7250000e+02;1.0587236e-01;2.7250000e+02;1.4795646e-01;2.7250000e+02;1.9216095e-01;2.7250000e+02;2.2432831e-01;2.7250000e+02;2.3819759e-01;2.7250000e+02;2.3593193e-01;2.7250000e+02;2.1820506e-01;2.7250000e+02;1.8953934e-01;2.7250000e+02;1.5234840e-01;2.7250000e+02;1.1154838e-01;2.7250000e+02;7.2137482e-02;2.7250000e+02;3.3508413e-02;2.7250000e+02;-5.4145092e-03;2.7250000e+02;2.2919150e-03;2.7250000e+02;1.4447076e-02;2.7250000e+02;2.8757337e-02;2.7250000e+02;4.7713794e-02;2.7250000e+02;7.1731940e-02;2.7250000e+02;1.0587236e-01;2.7250000e+02;1.4795646e-01;2.7250000e+02;1.9216095e-01;2.7250000e+02;2.2432831e-01;2.7250000e+02;2.3819759e-01;2.7250000e+02;2.3593193e-01;2.7250000e+02;2.1820506e-01;2.7250000e+02;1.8953934e-01;2.7250000e+02;1.5234840e-01;2.7250000e+02;1.1154838e-01;2.7250000e+02;7.2137482e-02;2.7250000e+02;3.3508413e-02;2.7250000e+02;-5.4145092e-03;2.7250000e+02;2.2919150e-03;2.7250000e+02;1.4447076e-02;2.7250000e+02;2.8757337e-02;2.7250000e+02;4.7713794e-02;2.7250000e+02;7.1731940e-02;2.7250000e+02;1.0587236e-01;2.7250000e+02;1.4795646e-01;2.7250000e+02;1.9216095e-01;2.7250000e+02;2.2432831e-01;2.7250000e+02;2.3819759e-01;2.7250000e+02;2.3593193e-01;2.7250000e+02;2.1820506e-01;2.7250000e+02;1.8953934e-01;2.7250000e+02;1.5234840e-01;2.7250000e+02;1.1154838e-01;2.7250000e+02;7.2137482e-02;2.7250000e+02;3.3508413e-02;2.7250000e+02;-5.4145092e-03;2.7250000e+02;2.2919150e-03;2.7250000e+02;1.4447076e-02;2.7250000e+02;2.8757337e-02;2.7250000e+02;4.7713794e-02;2.7250000e+02;7.1731940e-02;2.7250000e+02;1.0587236e-01;2.7250000e+02;1.4795646e-01;2.7250000e+02;1.9216095e-01;2.7250000e+02;2.2432831e-01;2.7250000e+02;2.3819759e-01;2.7250000e+02;2.3593193e-01;2.7250000e+02;2.1820506e-01;2.7250000e+02;1.8953934e-01;2.7250000e+02;1.5234840e-01;2.7250000e+02;1.1154838e-01;2.7250000e+02;7.2137482e-02;2.7250000e+02;3.3508413e-02;2.7250000e+02;-5.4145092e-03;2.7250000e+02;2.2919150e-03;2.7250000e+02;1.4447076e-02;2.7250000e+02;2.8757337e-02;2.7250000e+02;4.7713794e-02;2.7250000e+02;7.1731940e-02;2.7250000e+02;1.0587236e-01;2.7250000e+02;1.4795646e-01;2.7250000e+02;1.9216095e-01;2.7250000e+02;2.2432831e-01;2.7250000e+02;2.3819759e-01;2.7250000e+02;2.3593193e-01;2.7250000e+02;2.1820506e-01;2.7250000e+02;1.8953934e-01;2.7250000e+02;1.5234840e-01;2.7250000e+02;1.1154838e-01;2.7250000e+02;7.2137482e-02;2.7250000e+02;3.3508413e-02;2.7250000e+02;-5.4145092e-03;2.7250000e+02;2.2919150e-03;2.7250000e+02;1.4447076e-02;2.7250000e+02;2.8757337e-02;2.7250000e+02;4.7713794e-02;2.7250000e+02;7.1731940e-02;2.7250000e+02;1.0587236e-01;2.7250000e+02;1.4795646e-01;2.7250000e+02;1.9216095e-01;2.7250000e+02;2.2432831e-01;2.7250000e+02;2.3819759e-01;2.7250000e+02;2.3593193e-01;2.7250000e+02;2.1820506e-01;2.7250000e+02;1.8953934e-01;2.7250000e+02;1.5234840e-01;2.7250000e+02;1.1154838e-01;2.7250000e+02;7.2137482e-02;2.7250000e+02;3.3508413e-02;2.7250000e+02;-5.4145092e-03;2.7250000e+02;2.2919150e-03;2.7250000e+02;1.4447076e-02;2.7250000e+02;2.8757337e-02;2.7250000e+02;4.7713794e-02;2.7250000e+02;7.1731940e-02;2.7250000e+02;1.0587236e-01;2.7250000e+02;1.4795646e-01;2.7250000e+02;1.9216095e-01;2.7250000e+02;2.2432831e-01;2.7250000e+02;2.3819759e-01;2.7250000e+02;2.3593193e-01;2.7250000e+02;2.1820506e-01;2.7250000e+02;1.8953934e-01;2.7250000e+02;1.5234840e-01;2.7250000e+02;1.1154838e-01;2.7250000e+02;7.2137482e-02;2.7250000e+02;3.3508413e-02;2.7250000e+02;-5.4145092e-03;2.7250000e+02;2.2919150e-03;2.7250000e+02;1.4447076e-02;2.7250000e+02;2.8757337e-02;2.7250000e+02;4.7713794e-02;2.7250000e+02;7.1731940e-02;2.7250000e+02;1.0587236e-01;2.7250000e+02;1.4795646e-01;2.7250000e+02;1.9216095e-01;2.7250000e+02;2.2432831e-01;2.7250000e+02;2.3819759e-01;2.7250000e+02;2.3593193e-01;2.7250000e+02;2.1820506e-01;2.7250000e+02;1.8953934e-01;2.7250000e+02;1.5234840e-01;2.7250000e+02;1.1154838e-01;2.7250000e+02;7.2137482e-02;2.7250000e+02;3.3508413e-02;2.7250000e+02;-5.4145092e-03;2.7250000e+02;2.2919150e-03;2.7250000e+02;1.4447076e-02;2.7250000e+02;2.8757337e-02;2.7250000e+02;4.7713794e-02;2.7250000e+02;7.1731940e-02;2.7250000e+02;1.0587236e-01;2.7250000e+02;1.4795646e-01;2.7250000e+02;1.9216095e-01;2.7250000e+02;2.2432831e-01;2.7250000e+02;2.3819759e-01;2.7250000e+02;2.3593193e-01;2.7250000e+02;2.1820506e-01;2.7250000e+02;1.8953934e-01;2.7250000e+02;1.5234840e-01;2.7250000e+02;1.1154838e-01;2.7250000e+02;7.2137482e-02;2.7250000e+02;3.3508413e-02;2.7250000e+02;-5.4145092e-03;2.7250000e+02;2.2919150e-03;2.7250000e+02;1.4447076e-02;2.7250000e+02;2.8757337e-02;2.7250000e+02;4.7713794e-02;2.7250000e+02;7.1731940e-02;2.7250000e+02;1.0587236e-01;2.7250000e+02;1.4795646e-01;2.7250000e+02;1.9216095e-01;2.7250000e+02;2.2432831e-01;2.7250000e+02;2.3819759e-01;2.7250000e+02;2.3593193e-01;2.7250000e+02;2.1820506e-01;2.7250000e+02;1.8953934e-01;2.7250000e+02;1.5234840e-01;2.7250000e+02;1.1154838e-01;2.7250000e+02;7.2137482e-02;2.7250000e+02;3.3508413e-02;2.7250000e+02;-5.4145092e-03;2.7250000e+02;2.2919150e-03;2.7250000e+02;1.4447076e-02;2.7250000e+02;2.8757337e-02;2.7250000e+02;4.7713794e-02;2.7250000e+02;7.1731940e-02;2.7250000e+02;1.0587236e-01;2.7250000e+02;1.4795646e-01;2.7250000e+02;1.9216095e-01;2.7250000e+02;2.2432831e-01;2.7250000e+02;2.3819759e-01;2.7250000e+02;2.3593193e-01;2.7250000e+02;2.1820506e-01;2.7250000e+02;1.8953934e-01;2.7250000e+02;1.5234840e-01;2.7250000e+02;1.1154838e-01;2.7250000e+02;7.2137482e-02;2.7250000e+02;3.3508413e-02;2.7250000e+02;-5.4145092e-03;2.7250000e+02;2.2919150e-03;2.7250000e+02;1.4447076e-02;2.7250000e+02;2.8757337e-02;2.7250000e+02;4.7713794e-02;2.7250000e+02;7.1731940e-02;2.7250000e+02;1.0587236e-01;2.7250000e+02;1.4795646e-01;2.7250000e+02;1.9216095e-01;2.7250000e+02;2.2432831e-01;2.7250000e+02;2.3819759e-01;2.7250000e+02;2.3593193e-01;2.7250000e+02;2.1820506e-01;2.7250000e+02;1.8953934e-01;2.7250000e+02;1.5234840e-01;2.7250000e+02;1.1154838e-01;2.7250000e+02;7.2137482e-02;2.7250000e+02;3.3508413e-02;2.7250000e+02;-5.4145092e-03;2.7250000e+02;2.2919150e-03;2.7250000e+02;1.4447076e-02;2.7250000e+02;2.8757337e-02;2.7250000e+02;4.7713794e-02;2.7250000e+02;7.1731940e-02;2.7250000e+02;1.0587236e-01;2.7250000e+02;1.4795646e-01;2.7250000e+02;1.9216095e-01;2.7250000e+02;2.2432831e-01;2.7250000e+02;2.3819759e-01;2.7250000e+02;2.3593193e-01;2.7250000e+02;2.1820506e-01;2.7250000e+02;1.8953934e-01;2.7250000e+02;1.5234840e-01;2.7250000e+02;1.1154838e-01;2.7250000e+02;7.2137482e-02;2.7250000e+02;3.3508413e-02;2.7250000e+02;-5.4145092e-03;2.7250000e+02;2.2919150e-03;2.7250000e+02;1.4447076e-02;2.7250000e+02;2.8757337e-02;2.7250000e+02;4.7713794e-02;2.7250000e+02;7.1731940e-02;2.7250000e+02;1.0587236e-01;2.7250000e+02;1.4795646e-01;2.7250000e+02;1.9216095e-01;2.7250000e+02;2.2432831e-01;2.7250000e+02;2.3819759e-01;2.7250000e+02;2.3593193e-01;2.7250000e+02;2.1820506e-01;2.7250000e+02;1.8953934e-01;2.7250000e+02;1.5234840e-01;2.7250000e+02;1.1154838e-01;2.7250000e+02;7.2137482e-02;2.7250000e+02;3.3508413e-02;2.7250000e+02;-5.4145092e-03;2.7250000e+02;2.2919150e-03;2.7250000e+02;1.4447076e-02;2.7250000e+02;2.8757337e-02;2.7250000e+02;4.7713794e-02;2.7250000e+02;7.1731940e-02;2.7250000e+02;1.0587236e-01;2.7250000e+02;1.4795646e-01;2.7250000e+02;1.9216095e-01;2.7250000e+02;2.2432831e-01;2.7250000e+02;2.3819759e-01;2.7250000e+02;2.3593193e-01;2.7250000e+02;2.1820506e-01;2.7250000e+02;1.8953934e-01;2.7250000e+02;1.5234840e-01;2.7250000e+02;1.1154838e-01;2.7250000e+02;7.2137482e-02;2.7250000e+02;3.3508413e-02;2.7250000e+02;-5.4145092e-03;2.7250000e+02;2.2919150e-03;2.7250000e+02;1.4447076e-02;2.7250000e+02;2.8757337e-02;2.7250000e+02;4.7713794e-02;2.7250000e+02;7.1731940e-02;2.7250000e+02;1.0587236e-01;2.7250000e+02;1.4795646e-01;2.7250000e+02;1.9216095e-01;2.7250000e+02;2.2432831e-01;2.7250000e+02;2.3819759e-01;2.7250000e+02;2.3593193e-01;2.7250000e+02;2.1820506e-01;2.7250000e+02;1.8953934e-01;2.7250000e+02;1.5234840e-01;2.7250000e+02;1.1154838e-01;2.7250000e+02;7.2137482e-02;2.7250000e+02;3.3508413e-02;2.7250000e+02;-5.4145092e-03;2.7250000e+02;2.2919150e-03;2.7250000e+02;1.4447076e-02;2.7250000e+02;2.8757337e-02;2.7250000e+02;4.7713794e-02;2.7250000e+02;7.1731940e-02;2.7250000e+02;1.0587236e-01;2.7250000e+02;1.4795646e-01;2.7250000e+02;1.9216095e-01;2.7250000e+02;2.2432831e-01;2.7250000e+02;2.3819759e-01;2.7250000e+02;2.3593193e-01;2.7250000e+02;2.1820506e-01;2.7250000e+02;1.8953934e-01;2.7250000e+02;1.5234840e-01;2.7250000e+02;1.1154838e-01;2.7250000e+02;7.2137482e-02;2.7250000e+02;3.3508413e-02;2.7250000e+02;-5.4145092e-03;2.7250000e+02;2.2919150e-03;2.7250000e+02;1.4447076e-02;2.7250000e+02;2.8757337e-02;2.7250000e+02;4.7713794e-02;2.7250000e+02;7.1731940e-02;2.7250000e+02;1.0587236e-01;2.7250000e+02;1.4795646e-01;2.7250000e+02;1.9216095e-01;2.7250000e+02;2.2432831e-01;2.7250000e+02;2.3819759e-01;2.7250000e+02;2.3593193e-01;2.7250000e+02;2.1820506e-01;2.7250000e+02;1.8953934e-01;2.7250000e+02;1.5234840e-01;2.7250000e+02;1.1154838e-01;2.7250000e+02;7.2137482e-02;2.7250000e+02;3.3508413e-02;2.7250000e+02;-5.4145092e-03;2.7250000e+02;2.2919150e-03;2.7250000e+02;1.4447076e-02;2.7250000e+02;2.8757337e-02;2.7250000e+02;4.7713794e-02;2.7250000e+02;7.1731940e-02;2.7250000e+02;1.0587236e-01;2.7250000e+02;1.4795646e-01;2.7250000e+02;1.9216095e-01;2.7250000e+02;2.2432831e-01;2.7250000e+02;2.3819759e-01;2.7250000e+02;2.3593193e-01;2.7250000e+02;2.1820506e-01;2.7250000e+02;1.8953934e-01;2.7250000e+02;1.5234840e-01;2.7250000e+02;1.1154838e-01;2.7250000e+02;7.2137482e-02;2.7250000e+02;3.3508413e-02;2.7250000e+02;-5.4145092e-03;2.7250000e+02;2.2919150e-03;2.7250000e+02;1.4447076e-02;2.7250000e+02;2.8757337e-02;2.7250000e+02;4.7713794e-02;2.7250000e+02;7.1731940e-02;2.7250000e+02;1.0587236e-01;2.7250000e+02;1.4795646e-01;2.7250000e+02;1.9216095e-01;2.7250000e+02;2.2432831e-01;2.7250000e+02;2.3819759e-01;2.7250000e+02;2.3593193e-01;2.7250000e+02;2.1820506e-01;2.7250000e+02;1.8953934e-01;2.7250000e+02;1.5234840e-01;2.7250000e+02;1.1154838e-01;2.7250000e+02;7.2137482e-02;2.7250000e+02;3.3508413e-02;2.7250000e+02;-5.4145092e-03;2.7250000e+02;2.2919150e-03;2.7250000e+02;1.4447076e-02;2.7250000e+02;2.8757337e-02;2.7250000e+02;4.7713794e-02;2.7250000e+02;7.1731940e-02;2.7250000e+02;1.0587236e-01;2.7250000e+02;1.4795646e-01;2.7250000e+02;1.9216095e-01;2.7250000e+02;2.2432831e-01;2.7250000e+02;2.3819759e-01;2.7250000e+02;2.3593193e-01;2.7250000e+02;2.1820506e-01;2.7250000e+02;1.8953934e-01;2.7250000e+02;1.5234840e-01;2.7250000e+02;1.1154838e-01;2.7250000e+02;7.2137482e-02;2.7250000e+02;3.3508413e-02;2.7250000e+02;-5.4145092e-03;2.7250000e+02;2.2919150e-03;2.7250000e+02;1.4447076e-02;2.7250000e+02;2.8757337e-02;2.7250000e+02;4.7713794e-02;2.7250000e+02;7.1731940e-02;2.7250000e+02;1.0587236e-01;2.7250000e+02;1.4795646e-01;2.7250000e+02;1.9216095e-01;2.7250000e+02;2.2432831e-01;2.7250000e+02;2.3819759e-01;2.7250000e+02;2.3593193e-01;2.7250000e+02;2.1820506e-01;2.7250000e+02;1.8953934e-01;2.7250000e+02;1.5234840e-01;2.7250000e+02;1.1154838e-01;2.7250000e+02;7.2137482e-02;2.7250000e+02;3.3508413e-02;2.7250000e+02;-5.4145092e-03;2.7250000e+02;2.2919150e-03;2.7250000e+02;1.4447076e-02;2.7250000e+02;2.8757337e-02;2.7250000e+02;4.7713794e-02;2.7250000e+02;7.1731940e-02;2.7250000e+02;1.0587236e-01;2.7250000e+02;1.4795646e-01;2.7250000e+02;1.9216095e-01;2.7250000e+02;2.2432831e-01;2.7250000e+02;2.3819759e-01;2.7250000e+02;2.3593193e-01;2.7250000e+02;2.1820506e-01;2.7250000e+02;1.8953934e-01;2.7250000e+02;1.5234840e-01;2.7250000e+02;1.1154838e-01;2.7250000e+02;7.2137482e-02;2.7250000e+02;3.3508413e-02;2.7250000e+02;-5.4145092e-03;2.7250000e+02;2.2919150e-03;2.7250000e+02;1.4447076e-02;2.7250000e+02;2.8757337e-02;2.7250000e+02;4.7713794e-02;2.7250000e+02;7.1731940e-02;2.7250000e+02;1.0587236e-01;2.7250000e+02;1.4795646e-01;2.7250000e+02;1.9216095e-01;2.7250000e+02;2.2432831e-01;2.7250000e+02;2.3819759e-01;2.7250000e+02;2.3593193e-01;2.7250000e+02;2.1820506e-01;2.7250000e+02;1.8953934e-01;2.7250000e+02;1.5234840e-01;2.7250000e+02;1.1154838e-01;2.7250000e+02;7.2137482e-02;2.7250000e+02;3.3508413e-02;2.7250000e+02;-5.4145092e-03;2.7250000e+02;2.2919150e-03;2.7250000e+02;1.4447076e-02;2.7250000e+02;2.8757337e-02;2.7250000e+02;4.7713794e-02;2.7250000e+02;7.1731940e-02;2.7250000e+02;1.0587236e-01;2.7250000e+02;1.4795646e-01;2.7250000e+02;1.9216095e-01;2.7250000e+02;2.2432831e-01;2.7250000e+02;2.3819759e-01;2.7250000e+02;2.3593193e-01;2.7250000e+02;2.1820506e-01;2.7250000e+02;1.8953934e-01;2.7250000e+02;1.5234840e-01;2.7250000e+02;1.1154838e-01;2.7250000e+02;7.2137482e-02;2.7250000e+02;3.3508413e-02;2.7250000e+02;-5.4145092e-03;2.7250000e+02;2.2919150e-03;2.7250000e+02;1.4447076e-02;2.7250000e+02;2.8757337e-02;2.7250000e+02;4.7713794e-02;2.7250000e+02;7.1731940e-02;2.7250000e+02;1.0587236e-01;2.7250000e+02;1.4795646e-01;2.7250000e+02;1.9216095e-01;2.7250000e+02;2.2432831e-01;2.7250000e+02;2.3819759e-01;2.7250000e+02;2.3593193e-01;2.7250000e+02;2.1820506e-01;2.7250000e+02;1.8953934e-01;2.7250000e+02;1.5234840e-01;2.7250000e+02;1.1154838e-01;2.7250000e+02;7.2137482e-02;2.7250000e+02;3.3508413e-02;2.7250000e+02;-5.4145092e-03;2.7250000e+02;2.2919150e-03;2.7250000e+02;1.4447076e-02;2.7250000e+02;2.8757337e-02;2.7250000e+02;4.7713794e-02;2.7250000e+02;7.1731940e-02;2.7250000e+02;1.0587236e-01;2.7250000e+02;1.4795646e-01;2.7250000e+02;1.9216095e-01;2.7250000e+02;2.2432831e-01;2.7250000e+02;2.3819759e-01;2.7250000e+02;2.3593193e-01;2.7250000e+02;2.1820506e-01;2.7250000e+02;1.8953934e-01;2.7250000e+02;1.5234840e-01;2.7250000e+02;1.1154838e-01;2.7250000e+02;7.2137482e-02;2.7250000e+02;3.3508413e-02;2.7250000e+02;-5.4145092e-03;2.7250000e+02;2.2919150e-03;2.7250000e+02;1.4447076e-02;2.7250000e+02;2.8757337e-02;2.7250000e+02;4.7713794e-02;2.7250000e+02;7.1731940e-02;2.7250000e+02;1.0587236e-01;2.7250000e+02;1.4795646e-01;2.7250000e+02;1.9216095e-01;2.7250000e+02;2.2432831e-01;2.7250000e+02;2.3819759e-01;2.7250000e+02;2.3593193e-01;2.7250000e+02;2.1820506e-01;2.7250000e+02;1.8953934e-01;2.7250000e+02;1.5234840e-01;2.7250000e+02;1.1154838e-01;2.7250000e+02;7.2137482e-02;2.7250000e+02;3.3508413e-02;2.7250000e+02;-5.4145092e-03;2.7250000e+02;2.2919150e-03;2.7250000e+02;1.4447076e-02;2.7250000e+02;2.8757337e-02;2.7250000e+02;4.7713794e-02;2.7250000e+02;7.1731940e-02;2.7250000e+02;1.0587236e-01;2.7250000e+02;1.4795646e-01;2.7250000e+02;1.9216095e-01;2.7250000e+02;2.2432831e-01;2.7250000e+02;2.3819759e-01;2.7250000e+02;2.3593193e-01;2.7250000e+02;2.1820506e-01;2.7250000e+02;1.8953934e-01;2.7250000e+02;1.5234840e-01;2.7250000e+02;1.1154838e-01;2.7250000e+02;7.2137482e-02;2.7250000e+02;3.3508413e-02;2.7250000e+02;-5.4145092e-03;2.7250000e+02;2.2919150e-03;2.7250000e+02;1.4447076e-02;2.7250000e+02;2.8757337e-02;2.7250000e+02;4.7713794e-02;2.7250000e+02;7.1731940e-02;2.7250000e+02;1.0587236e-01;2.7250000e+02;1.4795646e-01;2.7250000e+02;1.9216095e-01;2.7250000e+02;2.2432831e-01;2.7250000e+02;2.3819759e-01;2.7250000e+02;2.3593193e-01;2.7250000e+02;2.1820506e-01;2.7250000e+02;1.8953934e-01;2.7250000e+02;1.5234840e-01;2.7250000e+02;1.1154838e-01;2.7250000e+02;7.2137482e-02;2.7250000e+02;3.3508413e-02;2.7250000e+02;-5.4145092e-03;2.7250000e+02;2.2919150e-03;2.7250000e+02;1.4447076e-02;2.7250000e+02;2.8757337e-02;2.7250000e+02;4.7713794e-02;2.7250000e+02;7.1731940e-02;2.7250000e+02;1.0587236e-01;2.7250000e+02;1.4795646e-01;2.7250000e+02;1.9216095e-01;2.7250000e+02;2.2432831e-01;2.7250000e+02;2.3819759e-01;2.7250000e+02;2.3593193e-01;2.7250000e+02;2.1820506e-01;2.7250000e+02;1.8953934e-01;2.7250000e+02;1.5234840e-01;2.7250000e+02;1.1154838e-01;2.7250000e+02;7.2137482e-02;2.7250000e+02;3.3508413e-02;2.7250000e+02;-5.4145092e-03;2.7250000e+02;2.2919150e-03;2.7250000e+02;1.4447076e-02;2.7250000e+02;2.8757337e-02;2.7250000e+02;4.7713794e-02;2.7250000e+02;7.1731940e-02;2.7250000e+02;1.0587236e-01;2.7250000e+02;1.4795646e-01;2.7250000e+02;1.9216095e-01;2.7250000e+02;2.2432831e-01;2.7250000e+02;2.3819759e-01;2.7250000e+02;2.3593193e-01;2.7250000e+02;2.1820506e-01;2.7250000e+02;1.8953934e-01;2.7250000e+02;1.5234840e-01;2.7250000e+02;1.1154838e-01;2.7250000e+02;7.2137482e-02;2.7250000e+02;3.3508413e-02;2.7250000e+02;-5.4145092e-03;2.7250000e+02;2.2919150e-03;2.7250000e+02;1.4447076e-02;2.7250000e+02;2.8757337e-02;2.7250000e+02;4.7713794e-02;2.7250000e+02;7.1731940e-02;2.7250000e+02;1.0587236e-01;2.7250000e+02;1.4795646e-01;2.7250000e+02;1.9216095e-01;2.7250000e+02;2.2432831e-01;2.7250000e+02;2.3819759e-01;2.7250000e+02;2.3593193e-01;2.7250000e+02;2.1820506e-01;2.7250000e+02;1.8953934e-01;2.7250000e+02;1.5234840e-01;2.7250000e+02;1.1154838e-01;2.7250000e+02;7.2137482e-02;2.7250000e+02;3.3508413e-02;2.7250000e+02;-5.4145092e-03;2.7250000e+02;2.2919150e-03;2.7250000e+02;1.4447076e-02;2.7250000e+02;2.8757337e-02;2.7250000e+02;4.7713794e-02;2.7250000e+02;7.1731940e-02;2.7250000e+02;1.0587236e-01;2.7250000e+02;1.4795646e-01;2.7250000e+02;1.9216095e-01;2.7250000e+02;2.2432831e-01;2.7250000e+02;2.3819759e-01;2.7250000e+02;2.3593193e-01;2.7250000e+02;2.1820506e-01;2.7250000e+02;1.8953934e-01;2.7250000e+02;1.5234840e-01;2.7250000e+02;1.1154838e-01;2.7250000e+02;7.2137482e-02;2.7250000e+02;3.3508413e-02;2.7250000e+02;-5.4145092e-03;2.7250000e+02;2.2919150e-03;2.7250000e+02;1.4447076e-02;2.7250000e+02;2.8757337e-02;2.7250000e+02;4.7713794e-02;2.7250000e+02;7.1731940e-02;2.7250000e+02;1.0587236e-01;2.7250000e+02;1.4795646e-01;2.7250000e+02;1.9216095e-01;2.7250000e+02;2.2432831e-01;2.7250000e+02;2.3819759e-01;2.7250000e+02;2.3593193e-01;2.7250000e+02;2.1820506e-01;2.7250000e+02;1.8953934e-01;2.7250000e+02;1.5234840e-01;2.7250000e+02;1.1154838e-01;2.7250000e+02;7.2137482e-02;2.7250000e+02;3.3508413e-02;2.7250000e+02;-5.4145092e-03;2.7250000e+02;2.2919150e-03;2.7250000e+02;1.4447076e-02;2.7250000e+02;2.8757337e-02;2.7250000e+02;4.7713794e-02;2.7250000e+02;7.1731940e-02;2.7250000e+02;1.0587236e-01;2.7250000e+02;1.4795646e-01;2.7250000e+02;1.9216095e-01;2.7250000e+02;2.2432831e-01;2.7250000e+02;2.3819759e-01;2.7250000e+02;2.3593193e-01;2.7250000e+02;2.1820506e-01;2.7250000e+02;1.8953934e-01;2.7250000e+02;1.5234840e-01;2.7250000e+02;1.1154838e-01;2.7250000e+02;7.2137482e-02;2.7250000e+02;3.3508413e-02;2.7250000e+02;-5.4145092e-03;2.7250000e+02;2.2919150e-03;2.7250000e+02;1.4447076e-02;2.7250000e+02;2.8757337e-02;2.7250000e+02;4.7713794e-02;2.7250000e+02;7.1731940e-02;2.7250000e+02;1.0587236e-01;2.7250000e+02;1.4795646e-01;2.7250000e+02;1.9216095e-01;2.7250000e+02;2.2432831e-01;2.7250000e+02;2.3819759e-01;2.7250000e+02;2.3593193e-01;2.7250000e+02;2.1820506e-01;2.7250000e+02;1.8953934e-01;2.7250000e+02;1.5234840e-01;2.7250000e+02;1.1154838e-01;2.7250000e+02;7.2137482e-02;2.7250000e+02;3.3508413e-02;2.7250000e+02;-5.4145092e-03;2.7250000e+02;2.2919150e-03;2.7250000e+02;1.4447076e-02;2.7250000e+02;2.8757337e-02;2.7250000e+02;4.7713794e-02;2.7250000e+02;7.1731940e-02;2.7250000e+02;1.0587236e-01;2.7250000e+02;1.4795646e-01;2.7250000e+02;1.9216095e-01;2.7250000e+02;2.2432831e-01;2.7250000e+02;2.3819759e-01;2.7250000e+02;2.3593193e-01;2.7250000e+02;2.1820506e-01;2.7250000e+02;1.8953934e-01;2.7250000e+02;1.5234840e-01;2.7250000e+02;1.1154838e-01;2.7250000e+02;7.2137482e-02;2.7250000e+02;3.3508413e-02;2.7250000e+02;-5.4145092e-03;2.7250000e+02;2.2919150e-03;2.7250000e+02;1.4447076e-02;2.7250000e+02;2.8757337e-02;2.7250000e+02;4.7713794e-02;2.7250000e+02;7.1731940e-02;2.7250000e+02;1.0587236e-01;2.7250000e+02;1.4795646e-01;2.7250000e+02;1.9216095e-01;2.7250000e+02;2.2432831e-01;2.7250000e+02;2.3819759e-01;2.7250000e+02;2.3593193e-01;2.7250000e+02;2.1820506e-01;2.7250000e+02;1.8953934e-01;2.7250000e+02;1.5234840e-01;2.7250000e+02;1.1154838e-01;2.7250000e+02;7.2137482e-02;2.7250000e+02;3.3508413e-02;2.7250000e+02;-5.4145092e-03;2.7250000e+02;2.2919150e-03;2.7250000e+02;1.4447076e-02;2.7250000e+02;2.8757337e-02;2.7250000e+02;4.7713794e-02;2.7250000e+02;7.1731940e-02;2.7250000e+02;1.0587236e-01;2.7250000e+02;1.4795646e-01;2.7250000e+02;1.9216095e-01;2.7250000e+02;2.2432831e-01;2.7250000e+02;2.3819759e-01;2.7250000e+02;2.3593193e-01;2.7250000e+02;2.1820506e-01;2.7250000e+02;1.8953934e-01;2.7250000e+02;1.5234840e-01;2.7250000e+02;1.1154838e-01;2.7250000e+02;7.2137482e-02;2.7250000e+02;3.3508413e-02;2.7250000e+02;-5.4145092e-03;2.7250000e+02;2.2919150e-03;2.7250000e+02;1.4447076e-02;2.7250000e+02;2.8757337e-02;2.7250000e+02;4.7713794e-02;2.7250000e+02;7.1731940e-02;2.7250000e+02;1.0587236e-01;2.7250000e+02;1.4795646e-01;2.7250000e+02;1.9216095e-01;2.7250000e+02;2.2432831e-01;2.7250000e+02;2.3819759e-01;2.7250000e+02;2.3593193e-01;2.7250000e+02;2.1820506e-01;2.7250000e+02;1.8953934e-01;2.7250000e+02;1.5234840e-01;2.7250000e+02;1.1154838e-01;2.7250000e+02;7.2137482e-02;2.7250000e+02;3.3508413e-02;2.7250000e+02;-5.4145092e-03;2.7250000e+02;2.2919150e-03;2.7250000e+02;1.4447076e-02;2.7250000e+02;2.8757337e-02;2.7250000e+02;4.7713794e-02;2.7250000e+02;7.1731940e-02;2.7250000e+02;1.0587236e-01;2.7250000e+02;1.4795646e-01;2.7250000e+02;1.9216095e-01;2.7250000e+02;2.2432831e-01;2.7250000e+02;2.3819759e-01;2.7250000e+02;2.3593193e-01;2.7250000e+02;2.1820506e-01;2.7250000e+02;1.8953934e-01;2.7250000e+02;1.5234840e-01;2.7250000e+02;1.1154838e-01;2.7250000e+02;7.2137482e-02;2.7250000e+02;3.3508413e-02;2.7250000e+02;-5.4145092e-03;2.7250000e+02;2.2919150e-03;2.7250000e+02;1.4447076e-02;2.7250000e+02;2.8757337e-02;2.7250000e+02;4.7713794e-02;2.7250000e+02;7.1731940e-02;2.7250000e+02;1.0587236e-01;2.7250000e+02;1.4795646e-01;2.7250000e+02;1.9216095e-01;2.7250000e+02;2.2432831e-01;2.7250000e+02;2.3819759e-01;2.7250000e+02;2.3593193e-01;2.7250000e+02;2.1820506e-01;2.7250000e+02;1.8953934e-01;2.7250000e+02;1.5234840e-01;2.7250000e+02;1.1154838e-01;2.7250000e+02;7.2137482e-02;2.7250000e+02;3.3508413e-02;2.7250000e+02;-5.4145092e-03;2.7250000e+02;2.2919150e-03;2.7250000e+02;1.4447076e-02;2.7250000e+02;2.8757337e-02;2.7250000e+02;4.7713794e-02;2.7250000e+02;7.1731940e-02;2.7250000e+02;1.0587236e-01;2.7250000e+02;1.4795646e-01;2.7250000e+02;1.9216095e-01;2.7250000e+02;2.2432831e-01;2.7250000e+02;2.3819759e-01;2.7250000e+02;2.3593193e-01;2.7250000e+02;2.1820506e-01;2.7250000e+02;1.8953934e-01;2.7250000e+02;1.5234840e-01;2.7250000e+02;1.1154838e-01;2.7250000e+02;7.2137482e-02;2.7250000e+02;3.3508413e-02;2.7250000e+02;-5.4145092e-03;2.7250000e+02;2.2919150e-03;2.7250000e+02;1.4447076e-02;2.7250000e+02;2.8757337e-02;2.7250000e+02;4.7713794e-02;2.7250000e+02;7.1731940e-02;2.7250000e+02;1.0587236e-01;2.7250000e+02;1.4795646e-01;2.7250000e+02;1.9216095e-01;2.7250000e+02;2.2432831e-01;2.7250000e+02;2.3819759e-01;2.7250000e+02;2.3593193e-01;2.7250000e+02;2.1820506e-01;2.7250000e+02;1.8953934e-01;2.7250000e+02;1.5234840e-01;2.7250000e+02;1.1154838e-01;2.7250000e+02;7.2137482e-02;2.7250000e+02;3.3508413e-02;2.7250000e+02;-5.4145092e-03;2.7250000e+02;2.2919150e-03;2.7250000e+02;1.4447076e-02;2.7250000e+02;2.8757337e-02;2.7250000e+02;4.7713794e-02;2.7250000e+02;7.1731940e-02;2.7250000e+02;1.0587236e-01;2.7250000e+02;1.4795646e-01;2.7250000e+02;1.9216095e-01;2.7250000e+02;2.2432831e-01;2.7250000e+02;2.3819759e-01;2.7250000e+02;2.3593193e-01;2.7250000e+02;2.1820506e-01;2.7250000e+02;1.8953934e-01;2.7250000e+02;1.5234840e-01;2.7250000e+02;1.1154838e-01;2.7250000e+02;7.2137482e-02;2.7250000e+02;3.3508413e-02;2.7250000e+02;-5.4145092e-03;2.7250000e+02;2.2919150e-03;2.7250000e+02;1.4447076e-02;2.7250000e+02;2.8757337e-02;2.7250000e+02;4.7713794e-02;2.7250000e+02;7.1731940e-02;2.7250000e+02;1.0587236e-01;2.7250000e+02;1.4795646e-01;2.7250000e+02;1.9216095e-01;2.7250000e+02;2.2432831e-01;2.7250000e+02;2.3819759e-01;2.7250000e+02;2.3593193e-01;2.7250000e+02;2.1820506e-01;2.7250000e+02;1.8953934e-01;2.7250000e+02;1.5234840e-01;2.7250000e+02;1.1154838e-01;2.7250000e+02;7.2137482e-02;2.7250000e+02;3.3508413e-02;2.7250000e+02;-5.4145092e-03;2.7250000e+02;2.2919150e-03;2.7250000e+02;1.4447076e-02;2.7250000e+02;2.8757337e-02;2.7250000e+02;4.7713794e-02;2.7250000e+02;7.1731940e-02;2.7250000e+02;1.0587236e-01;2.7250000e+02;1.4795646e-01;2.7250000e+02;1.9216095e-01;2.7250000e+02;2.2432831e-01;2.7250000e+02;2.3819759e-01;2.7250000e+02;2.3593193e-01;2.7250000e+02;2.1820506e-01;2.7250000e+02;1.8953934e-01;2.7250000e+02;1.5234840e-01;2.7250000e+02;1.1154838e-01;2.7250000e+02;7.2137482e-02;2.7250000e+02;3.3508413e-02;2.7250000e+02;-5.4145092e-03;2.7250000e+02;2.2919150e-03;2.7250000e+02;1.4447076e-02;2.7250000e+02;2.8757337e-02;2.7250000e+02;4.7713794e-02;2.7250000e+02;7.1731940e-02;2.7250000e+02;1.0587236e-01;2.7250000e+02;1.4795646e-01;2.7250000e+02;1.9216095e-01;2.7250000e+02;2.2432831e-01;2.7250000e+02;2.3819759e-01;2.7250000e+02;2.3593193e-01;2.7250000e+02;2.1820506e-01;2.7250000e+02;1.8953934e-01;2.7250000e+02;1.5234840e-01;2.7250000e+02;1.1154838e-01;2.7250000e+02;7.2137482e-02;2.7250000e+02;3.3508413e-02;2.7250000e+02;-5.4145092e-03;2.7250000e+02;2.2919150e-03;2.7250000e+02;1.4447076e-02;2.7250000e+02;2.8757337e-02;2.7250000e+02;4.7713794e-02;2.7250000e+02;7.1731940e-02;2.7250000e+02;1.0587236e-01;2.7250000e+02;1.4795646e-01;2.7250000e+02;1.9216095e-01;2.7250000e+02;2.2432831e-01;2.7250000e+02;2.3819759e-01;2.7250000e+02;2.3593193e-01;2.7250000e+02;2.1820506e-01;2.7250000e+02;1.8953934e-01;2.7250000e+02;1.5234840e-01;2.7250000e+02;1.1154838e-01;2.7250000e+02;7.2137482e-02;2.7250000e+02;3.3508413e-02;2.7250000e+02;-5.4145092e-03;2.7250000e+02;2.2919150e-03;2.7250000e+02;1.4447076e-02;2.7250000e+02;2.8757337e-02;2.7250000e+02;4.7713794e-02;2.7250000e+02;7.1731940e-02;2.7250000e+02;1.0587236e-01;2.7250000e+02;1.4795646e-01;2.7250000e+02;1.9216095e-01;2.7250000e+02;2.2432831e-01;2.7250000e+02;2.3819759e-01;2.7250000e+02;2.3593193e-01;2.7250000e+02;2.1820506e-01;2.7250000e+02;1.8953934e-01;2.7250000e+02;1.5234840e-01;2.7250000e+02;1.1154838e-01;2.7250000e+02;7.2137482e-02;2.7250000e+02;3.3508413e-02;2.7250000e+02;-5.4145092e-03;2.7250000e+02;2.2919150e-03;2.7250000e+02;1.4447076e-02;2.7250000e+02;2.8757337e-02;2.7250000e+02;4.7713794e-02;2.7250000e+02;7.1731940e-02;2.7250000e+02;1.0587236e-01;2.7250000e+02;1.4795646e-01;2.7250000e+02;1.9216095e-01;2.7250000e+02;2.2432831e-01;2.7250000e+02;2.3819759e-01;2.7250000e+02;2.3593193e-01;2.7250000e+02;2.1820506e-01;2.7250000e+02;1.8953934e-01;2.7250000e+02;1.5234840e-01;2.7250000e+02;1.1154838e-01;2.7250000e+02;7.2137482e-02;2.7250000e+02;3.3508413e-02;2.7250000e+02;-5.4145092e-03;2.7250000e+02;2.2919150e-03;2.7250000e+02;1.4447076e-02;2.7250000e+02;2.8757337e-02;2.7250000e+02;4.7713794e-02;2.7250000e+02;7.1731940e-02;2.7250000e+02;1.0587236e-01;2.7250000e+02;1.4795646e-01;2.7250000e+02;1.9216095e-01;2.7250000e+02;2.2432831e-01;2.7250000e+02;2.3819759e-01;2.7250000e+02;2.3593193e-01;2.7250000e+02;2.1820506e-01;2.7250000e+02;1.8953934e-01;2.7250000e+02;1.5234840e-01;2.7250000e+02;1.1154838e-01;2.7250000e+02;7.2137482e-02;2.7250000e+02;3.3508413e-02;2.7250000e+02;-5.4145092e-03;2.7250000e+02;2.2919150e-03;2.7250000e+02;1.4447076e-02;2.7250000e+02;2.8757337e-02;2.7250000e+02;4.7713794e-02;2.7250000e+02;7.1731940e-02;2.7250000e+02;1.0587236e-01;2.7250000e+02;1.4795646e-01;2.7250000e+02;1.9216095e-01;2.7250000e+02;2.2432831e-01;2.7250000e+02;2.3819759e-01;2.7250000e+02;2.3593193e-01;2.7250000e+02;2.1820506e-01;2.7250000e+02;1.8953934e-01;2.7250000e+02;1.5234840e-01;2.7250000e+02;1.1154838e-01;2.7250000e+02;7.2137482e-02;2.7250000e+02;3.3508413e-02;2.7250000e+02;-5.4145092e-03;2.7250000e+02;2.2919150e-03;2.7250000e+02;1.4447076e-02;2.7250000e+02;2.8757337e-02;2.7250000e+02;4.7713794e-02;2.7250000e+02;7.1731940e-02;2.7250000e+02;1.0587236e-01;2.7250000e+02;1.4795646e-01;2.7250000e+02;1.9216095e-01;2.7250000e+02;2.2432831e-01;2.7250000e+02;2.3819759e-01;2.7250000e+02;2.3593193e-01;2.7250000e+02;2.1820506e-01;2.7250000e+02;1.8953934e-01;2.7250000e+02;1.5234840e-01;2.7250000e+02;1.1154838e-01;2.7250000e+02;7.2137482e-02;2.7250000e+02;3.3508413e-02;2.7250000e+02;-5.4145092e-03;2.7250000e+02;2.2919150e-03;2.7250000e+02;1.4447076e-02;2.7250000e+02;2.8757337e-02;2.7250000e+02;4.7713794e-02;2.7250000e+02;7.1731940e-02;2.7250000e+02;1.0587236e-01;2.7250000e+02;1.4795646e-01;2.7250000e+02;1.9216095e-01;2.7250000e+02;2.2432831e-01;2.7250000e+02;2.3819759e-01;2.7250000e+02;2.3593193e-01;2.7250000e+02;2.1820506e-01;2.7250000e+02;1.8953934e-01;2.7250000e+02;1.5234840e-01;2.7250000e+02;1.1154838e-01;2.7250000e+02;7.2137482e-02;2.7250000e+02;3.3508413e-02;2.7250000e+02;-5.4145092e-03;2.7250000e+02;2.2919150e-03;2.7250000e+02;1.4447076e-02;2.7250000e+02;2.8757337e-02;2.7250000e+02;4.7713794e-02;2.7250000e+02;7.1731940e-02;2.7250000e+02;1.0587236e-01;2.7250000e+02;1.4795646e-01;2.7250000e+02;1.9216095e-01;2.7250000e+02;2.2432831e-01;2.7250000e+02;2.3819759e-01;2.7250000e+02;2.3593193e-01;2.7250000e+02;2.1820506e-01;2.7250000e+02;1.8953934e-01;2.7250000e+02;1.5234840e-01;2.7250000e+02;1.1154838e-01;2.7250000e+02;7.2137482e-02;2.7250000e+02;3.3508413e-02;2.7250000e+02;-5.4145092e-03;2.7250000e+02;2.2919150e-03;2.7250000e+02;1.4447076e-02;2.7250000e+02;2.8757337e-02;2.7250000e+02;4.7713794e-02;2.7250000e+02;7.1731940e-02;2.7250000e+02;1.0587236e-01;2.7250000e+02;1.4795646e-01;2.7250000e+02;1.9216095e-01;2.7250000e+02;2.2432831e-01;2.7250000e+02;2.3819759e-01;2.7250000e+02;2.3593193e-01;2.7250000e+02;2.1820506e-01;2.7250000e+02;1.8953934e-01;2.7250000e+02;1.5234840e-01;2.7250000e+02;1.1154838e-01;2.7250000e+02;7.2137482e-02;2.7250000e+02;3.3508413e-02;2.7250000e+02;-5.4145092e-03;2.7250000e+02;2.2919150e-03;2.7250000e+02;1.4447076e-02;2.7250000e+02;2.8757337e-02;2.7250000e+02;4.7713794e-02;2.7250000e+02;7.1731940e-02;2.7250000e+02;1.0587236e-01;2.7250000e+02;1.4795646e-01;2.7250000e+02;1.9216095e-01;2.7250000e+02;2.2432831e-01;2.7250000e+02;2.3819759e-01;2.7250000e+02;2.3593193e-01;2.7250000e+02;2.1820506e-01;2.7250000e+02;1.8953934e-01;2.7250000e+02;1.5234840e-01;2.7250000e+02;1.1154838e-01;2.7250000e+02;7.2137482e-02;2.7250000e+02;3.3508413e-02;2.7250000e+02;-5.4145092e-03;2.7250000e+02;2.2919150e-03;2.7250000e+02;1.4447076e-02;2.7250000e+02;2.8757337e-02;2.7250000e+02;4.7713794e-02;2.7250000e+02;7.1731940e-02;2.7250000e+02;1.0587236e-01;2.7250000e+02;1.4795646e-01;2.7250000e+02;1.9216095e-01;2.7250000e+02;2.2432831e-01;2.7250000e+02;2.3819759e-01;2.7250000e+02;2.3593193e-01;2.7250000e+02;2.1820506e-01;2.7250000e+02;1.8953934e-01;2.7250000e+02;1.5234840e-01;2.7250000e+02;1.1154838e-01;2.7250000e+02;7.2137482e-02;2.7250000e+02;3.3508413e-02;2.7250000e+02;-5.4145092e-03;2.7250000e+02;2.2919150e-03;2.7250000e+02;1.4447076e-02;2.7250000e+02;2.8757337e-02;2.7250000e+02;4.7713794e-02;2.7250000e+02;7.1731940e-02;2.7250000e+02;1.0587236e-01;2.7250000e+02;1.4795646e-01;2.7250000e+02;1.9216095e-01;2.7250000e+02;2.2432831e-01;2.7250000e+02;2.3819759e-01;2.7250000e+02;2.3593193e-01;2.7250000e+02;2.1820506e-01;2.7250000e+02;1.8953934e-01;2.7250000e+02;1.5234840e-01;2.7250000e+02;1.1154838e-01;2.7250000e+02;7.2137482e-02;2.7250000e+02;3.3508413e-02;2.7250000e+02;-5.4145092e-03;2.7250000e+02;2.2919150e-03;2.7250000e+02;1.4447076e-02;2.7250000e+02;2.8757337e-02;2.7250000e+02;4.7713794e-02;2.7250000e+02;7.1731940e-02;2.7250000e+02;1.0587236e-01;2.7250000e+02;1.4795646e-01;2.7250000e+02;1.9216095e-01;2.7250000e+02;2.2432831e-01;2.7250000e+02;2.3819759e-01;2.7250000e+02;2.3593193e-01;2.7250000e+02;2.1820506e-01;2.7250000e+02;1.8953934e-01;2.7250000e+02;1.5234840e-01;2.7250000e+02;1.1154838e-01;2.7250000e+02;7.2137482e-02;2.7250000e+02;3.3508413e-02;2.7250000e+02;-5.4145092e-03;2.7250000e+02;2.2919150e-03;2.7250000e+02;1.4447076e-02;2.7250000e+02;2.8757337e-02;2.7250000e+02;4.7713794e-02;2.7250000e+02;7.1731940e-02;2.7250000e+02;1.0587236e-01;2.7250000e+02;1.4795646e-01;2.7250000e+02;1.9216095e-01;2.7250000e+02;2.2432831e-01;2.7250000e+02;2.3819759e-01;2.7250000e+02;2.3593193e-01;2.7250000e+02;2.1820506e-01;2.7250000e+02;1.8953934e-01;2.7250000e+02;1.5234840e-01;2.7250000e+02;1.1154838e-01;2.7250000e+02;7.2137482e-02;2.7250000e+02;3.3508413e-02;2.7250000e+02;-5.4145092e-03;2.7250000e+02;2.2919150e-03;2.7250000e+02;1.4447076e-02;2.7250000e+02;2.8757337e-02;2.7250000e+02;4.7713794e-02;2.7250000e+02;7.1731940e-02;2.7250000e+02;1.0587236e-01;2.7250000e+02;1.4795646e-01;2.7250000e+02;1.9216095e-01;2.7250000e+02;2.2432831e-01;2.7250000e+02;2.3819759e-01;2.7250000e+02;2.3593193e-01;2.7250000e+02;2.1820506e-01;2.7250000e+02;1.8953934e-01;2.7250000e+02;1.5234840e-01;2.7250000e+02;1.1154838e-01;2.7250000e+02;7.2137482e-02;2.7250000e+02;3.3508413e-02;2.7250000e+02;-5.4145092e-03;2.7250000e+02;2.2919150e-03;2.7250000e+02;1.4447076e-02;2.7250000e+02;2.8757337e-02;2.7250000e+02;4.7713794e-02;2.7250000e+02;7.1731940e-02;2.7250000e+02;1.0587236e-01;2.7250000e+02;1.4795646e-01;2.7250000e+02;1.9216095e-01;2.7250000e+02;2.2432831e-01;2.7250000e+02;2.3819759e-01;2.7250000e+02;2.3593193e-01;2.7250000e+02;2.1820506e-01;2.7250000e+02;1.8953934e-01;2.7250000e+02;1.5234840e-01;2.7250000e+02;1.1154838e-01;2.7250000e+02;7.2137482e-02;2.7250000e+02;3.3508413e-02;2.7250000e+02;-5.4145092e-03;2.7250000e+02;2.2919150e-03;2.7250000e+02;1.4447076e-02;2.7250000e+02;2.8757337e-02;2.7250000e+02;4.7713794e-02;2.7250000e+02;7.1731940e-02;2.7250000e+02;1.0587236e-01;2.7250000e+02;1.4795646e-01;2.7250000e+02;1.9216095e-01;2.7250000e+02;2.2432831e-01;2.7250000e+02;2.3819759e-01;2.7250000e+02;2.3593193e-01;2.7250000e+02;2.1820506e-01;2.7250000e+02;1.8953934e-01;2.7250000e+02;1.5234840e-01;2.7250000e+02;1.1154838e-01;2.7250000e+02;7.2137482e-02;2.7250000e+02;3.3508413e-02;2.7250000e+02;-5.4145092e-03;2.7250000e+02;2.2919150e-03;2.7250000e+02;1.4447076e-02;2.7250000e+02;2.8757337e-02;2.7250000e+02;4.7713794e-02;2.7250000e+02;7.1731940e-02;2.7250000e+02;1.0587236e-01;2.7250000e+02;1.4795646e-01;2.7250000e+02;1.9216095e-01;2.7250000e+02;2.2432831e-01;2.7250000e+02;2.3819759e-01;2.7250000e+02;2.3593193e-01;2.7250000e+02;2.1820506e-01;2.7250000e+02;1.8953934e-01;2.7250000e+02;1.5234840e-01;2.7250000e+02;1.1154838e-01;2.7250000e+02;7.2137482e-02;2.7250000e+02;3.3508413e-02;2.7250000e+02;-5.4145092e-03;2.7250000e+02;2.2919150e-03;2.7250000e+02;1.4447076e-02;2.7250000e+02;2.8757337e-02;2.7250000e+02;4.7713794e-02;2.7250000e+02;7.1731940e-02;2.7250000e+02;1.0587236e-01;2.7250000e+02;1.4795646e-01;2.7250000e+02;1.9216095e-01;2.7250000e+02;2.2432831e-01;2.7250000e+02;2.3819759e-01;2.7250000e+02;2.3593193e-01;2.7250000e+02;2.1820506e-01;2.7250000e+02;1.8953934e-01;2.7250000e+02;1.5234840e-01;2.7250000e+02;1.1154838e-01;2.7250000e+02;7.2137482e-02;2.7250000e+02;3.3508413e-02;2.7250000e+02;-5.4145092e-03;2.7250000e+02;2.2919150e-03;2.7250000e+02;1.4447076e-02;2.7250000e+02;2.8757337e-02;2.7250000e+02;4.7713794e-02;2.7250000e+02;7.1731940e-02;2.7250000e+02;1.0587236e-01;2.7250000e+02;1.4795646e-01;2.7250000e+02;1.9216095e-01;2.7250000e+02;2.2432831e-01;2.7250000e+02;2.3819759e-01;2.7250000e+02;2.3593193e-01;2.7250000e+02;2.1820506e-01;2.7250000e+02;1.8953934e-01;2.7250000e+02;1.5234840e-01;2.7250000e+02;1.1154838e-01;2.7250000e+02;7.2137482e-02;2.7250000e+02;3.3508413e-02;2.7250000e+02;-5.4145092e-03;2.7250000e+02;2.2919150e-03;2.7250000e+02;1.4447076e-02;2.7250000e+02;2.8757337e-02;2.7250000e+02;4.7713794e-02;2.7250000e+02;7.1731940e-02;2.7250000e+02;1.0587236e-01;2.7250000e+02;1.4795646e-01;2.7250000e+02;1.9216095e-01;2.7250000e+02;2.2432831e-01;2.7250000e+02;2.3819759e-01;2.7250000e+02;2.3593193e-01;2.7250000e+02;2.1820506e-01;2.7250000e+02;1.8953934e-01;2.7250000e+02;1.5234840e-01;2.7250000e+02;1.1154838e-01;2.7250000e+02;7.2137482e-02;2.7250000e+02;3.3508413e-02;2.7250000e+02;-5.4145092e-03;2.7250000e+02;2.2919150e-03;2.7250000e+02;1.4447076e-02;2.7250000e+02;2.8757337e-02;2.7250000e+02;4.7713794e-02;2.7250000e+02;7.1731940e-02;2.7250000e+02;1.0587236e-01;2.7250000e+02;1.4795646e-01;2.7250000e+02;1.9216095e-01;2.7250000e+02;2.2432831e-01;2.7250000e+02;2.3819759e-01;2.7250000e+02;2.3593193e-01;2.7250000e+02;2.1820506e-01;2.7250000e+02;1.8953934e-01;2.7250000e+02;1.5234840e-01;2.7250000e+02;1.1154838e-01;2.7250000e+02;7.2137482e-02;2.7250000e+02;3.3508413e-02;2.7250000e+02;-5.4145092e-03;2.7250000e+02;2.2919150e-03;2.7250000e+02;1.4447076e-02;2.7250000e+02;2.8757337e-02;2.7250000e+02;4.7713794e-02;2.7250000e+02;7.1731940e-02;2.7250000e+02;1.0587236e-01;2.7250000e+02;1.4795646e-01;2.7250000e+02;1.9216095e-01;2.7250000e+02;2.2432831e-01;2.7250000e+02;2.3819759e-01;2.7250000e+02;2.3593193e-01;2.7250000e+02;2.1820506e-01;2.7250000e+02;1.8953934e-01;2.7250000e+02;1.5234840e-01;2.7250000e+02;1.1154838e-01;2.7250000e+02;7.2137482e-02;2.7250000e+02;3.3508413e-02;2.7250000e+02;-5.4145092e-03;2.7250000e+02;2.2919150e-03;2.7250000e+02;1.4447076e-02;2.7250000e+02;2.8757337e-02;2.7250000e+02;4.7713794e-02;2.7250000e+02;7.1731940e-02;2.7250000e+02;1.0587236e-01;2.7250000e+02;1.4795646e-01;2.7250000e+02;1.9216095e-01;2.7250000e+02;2.2432831e-01;2.7250000e+02;2.3819759e-01;2.7250000e+02;2.3593193e-01;2.7250000e+02;2.1820506e-01;2.7250000e+02;1.8953934e-01;2.7250000e+02;1.5234840e-01;2.7250000e+02;1.1154838e-01;2.7250000e+02;7.2137482e-02;2.7250000e+02;3.3508413e-02;2.7250000e+02;-5.4145092e-03;2.7250000e+02;2.2919150e-03;2.7250000e+02;1.4447076e-02;2.7250000e+02;2.8757337e-02;2.7250000e+02;4.7713794e-02;2.7250000e+02;7.1731940e-02;2.7250000e+02;1.0587236e-01;2.7250000e+02;1.4795646e-01;2.7250000e+02;1.9216095e-01;2.7250000e+02;2.2432831e-01;2.7250000e+02;2.3819759e-01;2.7250000e+02;2.3593193e-01;2.7250000e+02;2.1820506e-01;2.7250000e+02;1.8953934e-01;2.7250000e+02;1.5234840e-01;2.7250000e+02;1.1154838e-01;2.7250000e+02;7.2137482e-02;2.7250000e+02;3.3508413e-02;2.7250000e+02;-5.4145092e-03;2.7250000e+02;2.2919150e-03;2.7250000e+02;1.4447076e-02;2.7250000e+02;2.8757337e-02;2.7250000e+02;4.7713794e-02;2.7250000e+02;7.1731940e-02;2.7250000e+02;1.0587236e-01;2.7250000e+02;1.4795646e-01;2.7250000e+02;1.9216095e-01;2.7250000e+02;2.2432831e-01;2.7250000e+02;2.3819759e-01;2.7250000e+02;2.3593193e-01;2.7250000e+02;2.1820506e-01;2.7250000e+02;1.8953934e-01;2.7250000e+02;1.5234840e-01;2.7250000e+02;1.1154838e-01;2.7250000e+02;7.2137482e-02;2.7250000e+02;3.3508413e-02;2.7250000e+02;-5.4145092e-03;2.7250000e+02;2.2919150e-03;2.7250000e+02;1.4447076e-02;2.7250000e+02;2.8757337e-02;2.7250000e+02;4.7713794e-02;2.7250000e+02;7.1731940e-02;2.7250000e+02;1.0587236e-01;2.7250000e+02;1.4795646e-01;2.7250000e+02;1.9216095e-01;2.7250000e+02;2.2432831e-01;2.7250000e+02;2.3819759e-01;2.7250000e+02;2.3593193e-01;2.7250000e+02;2.1820506e-01;2.7250000e+02;1.8953934e-01;2.7250000e+02;1.5234840e-01;2.7250000e+02;1.1154838e-01;2.7250000e+02;7.2137482e-02;2.7250000e+02;3.3508413e-02;2.7250000e+02;-5.4145092e-03;2.7250000e+02;2.2919150e-03;2.7250000e+02;1.4447076e-02;2.7250000e+02;2.8757337e-02;2.7250000e+02;4.7713794e-02;2.7250000e+02;7.1731940e-02;2.7250000e+02;1.0587236e-01;2.7250000e+02;1.4795646e-01;2.7250000e+02;1.9216095e-01;2.7250000e+02;2.2432831e-01;2.7250000e+02;2.3819759e-01;2.7250000e+02;2.3593193e-01;2.7250000e+02;2.1820506e-01;2.7250000e+02;1.8953934e-01;2.7250000e+02;1.5234840e-01;2.7250000e+02;1.1154838e-01;2.7250000e+02;7.2137482e-02;2.7250000e+02;3.3508413e-02;2.7250000e+02;-5.4145092e-03;2.7250000e+02;2.2919150e-03;2.7250000e+02;1.4447076e-02;2.7250000e+02;2.8757337e-02;2.7250000e+02;4.7713794e-02;2.7250000e+02;7.1731940e-02;2.7250000e+02;1.0587236e-01;2.7250000e+02;1.4795646e-01;2.7250000e+02;1.9216095e-01;2.7250000e+02;2.2432831e-01;2.7250000e+02;2.3819759e-01;2.7250000e+02;2.3593193e-01;2.7250000e+02;2.1820506e-01;2.7250000e+02;1.8953934e-01;2.7250000e+02;1.5234840e-01;2.7250000e+02;1.1154838e-01;2.7250000e+02;7.2137482e-02;2.7250000e+02;3.3508413e-02;2.7250000e+02;-5.4145092e-03;2.7250000e+02;2.2919150e-03;2.7250000e+02;1.4447076e-02;2.7250000e+02;2.8757337e-02;2.7250000e+02;4.7713794e-02;2.7250000e+02;7.1731940e-02;2.7250000e+02;1.0587236e-01;2.7250000e+02;1.4795646e-01;2.7250000e+02;1.9216095e-01;2.7250000e+02;2.2432831e-01;2.7250000e+02;2.3819759e-01;2.7250000e+02;2.3593193e-01;2.7250000e+02;2.1820506e-01;2.7250000e+02;1.8953934e-01;2.7250000e+02;1.5234840e-01;2.7250000e+02;1.1154838e-01;2.7250000e+02;7.2137482e-02;2.7250000e+02;3.3508413e-02;2.7250000e+02;-5.4145092e-03;2.7250000e+02;2.2919150e-03;2.7250000e+02;1.4447076e-02;2.7250000e+02;2.8757337e-02;2.7250000e+02;4.7713794e-02;2.7250000e+02;7.1731940e-02;2.7250000e+02;1.0587236e-01;2.7250000e+02;1.4795646e-01;2.7250000e+02;1.9216095e-01;2.7250000e+02;2.2432831e-01;2.7250000e+02;2.3819759e-01;2.7250000e+02;2.3593193e-01;2.7250000e+02;2.1820506e-01;2.7250000e+02;1.8953934e-01;2.7250000e+02;1.5234840e-01;2.7250000e+02;1.1154838e-01;2.7250000e+02;7.2137482e-02;2.7250000e+02;3.3508413e-02;2.7250000e+02;-5.4145092e-03;2.7250000e+02;2.2919150e-03;2.7250000e+02;1.4447076e-02;2.7250000e+02;2.8757337e-02;2.7250000e+02;4.7713794e-02;2.7250000e+02;7.1731940e-02;2.7250000e+02;1.0587236e-01;2.7250000e+02;1.4795646e-01;2.7250000e+02;1.9216095e-01;2.7250000e+02;2.2432831e-01;2.7250000e+02;2.3819759e-01;2.7250000e+02;2.3593193e-01;2.7250000e+02;2.1820506e-01;2.7250000e+02;1.8953934e-01;2.7250000e+02;1.5234840e-01;2.7250000e+02;1.1154838e-01;2.7250000e+02;7.2137482e-02;2.7250000e+02;3.3508413e-02;2.7250000e+02;-5.4145092e-03;2.7250000e+02;2.2919150e-03;2.7250000e+02;1.4447076e-02;2.7250000e+02;2.8757337e-02;2.7250000e+02;4.7713794e-02;2.7250000e+02;7.1731940e-02;2.7250000e+02;1.0587236e-01;2.7250000e+02;1.4795646e-01;2.7250000e+02;1.9216095e-01;2.7250000e+02;2.2432831e-01;2.7250000e+02;2.3819759e-01;2.7250000e+02;2.3593193e-01;2.7250000e+02;2.1820506e-01;2.7250000e+02;1.8953934e-01;2.7250000e+02;1.5234840e-01;2.7250000e+02;1.1154838e-01;2.7250000e+02;7.2137482e-02;2.7250000e+02;3.3508413e-02;2.7250000e+02;-5.4145092e-03;2.7250000e+02;2.2919150e-03;2.7250000e+02;1.4447076e-02;2.7250000e+02;2.8757337e-02;2.7250000e+02;4.7713794e-02;2.7250000e+02;7.1731940e-02;2.7250000e+02;1.0587236e-01;2.7250000e+02;1.4795646e-01;2.7250000e+02;1.9216095e-01;2.7250000e+02;2.2432831e-01;2.7250000e+02;2.3819759e-01;2.7250000e+02;2.3593193e-01;2.7250000e+02;2.1820506e-01;2.7250000e+02;1.8953934e-01;2.7250000e+02;1.5234840e-01;2.7250000e+02;1.1154838e-01;2.7250000e+02;7.2137482e-02;2.7250000e+02;3.3508413e-02;2.7250000e+02;-5.4145092e-03;2.7250000e+02;2.2919150e-03;2.7250000e+02;1.4447076e-02;2.7250000e+02;2.8757337e-02;2.7250000e+02;4.7713794e-02;2.7250000e+02;7.1731940e-02;2.7250000e+02;1.0587236e-01;2.7250000e+02;1.4795646e-01;2.7250000e+02;1.9216095e-01;2.7250000e+02;2.2432831e-01;2.7250000e+02;2.3819759e-01;2.7250000e+02;2.3593193e-01;2.7250000e+02;2.1820506e-01;2.7250000e+02;1.8953934e-01;2.7250000e+02;1.5234840e-01;2.7250000e+02;1.1154838e-01;2.7250000e+02;7.2137482e-02;2.7250000e+02;3.3508413e-02;2.7250000e+02;-5.4145092e-03;2.7250000e+02;2.2919150e-03;2.7250000e+02;1.4447076e-02;2.7250000e+02;2.8757337e-02;2.7250000e+02;4.7713794e-02;2.7250000e+02;7.1731940e-02;2.7250000e+02;1.0587236e-01;2.7250000e+02;1.4795646e-01;2.7250000e+02;1.9216095e-01;2.7250000e+02;2.2432831e-01;2.7250000e+02;2.3819759e-01;2.7250000e+02;2.3593193e-01;2.7250000e+02;2.1820506e-01;2.7250000e+02;1.8953934e-01;2.7250000e+02;1.5234840e-01;2.7250000e+02;1.1154838e-01;2.7250000e+02;7.2137482e-02;2.7250000e+02;3.3508413e-02;2.7250000e+02;-5.4145092e-03;2.7250000e+02;2.2919150e-03;2.7250000e+02;1.4447076e-02;2.7250000e+02;2.8757337e-02;2.7250000e+02;4.7713794e-02;2.7250000e+02;7.1731940e-02;2.7250000e+02;1.0587236e-01;2.7250000e+02;1.4795646e-01;2.7250000e+02;1.9216095e-01;2.7250000e+02;2.2432831e-01;2.7250000e+02;2.3819759e-01;2.7250000e+02;2.3593193e-01;2.7250000e+02;2.1820506e-01;2.7250000e+02;1.8953934e-01;2.7250000e+02;1.5234840e-01;2.7250000e+02;1.1154838e-01;2.7250000e+02;7.2137482e-02;2.7250000e+02;3.3508413e-02;2.7250000e+02;-5.4145092e-03;2.7250000e+02;2.2919150e-03;2.7250000e+02;1.4447076e-02;2.7250000e+02;2.8757337e-02;2.7250000e+02;4.7713794e-02;2.7250000e+02;7.1731940e-02;2.7250000e+02;1.0587236e-01;2.7250000e+02;1.4795646e-01;2.7250000e+02;1.9216095e-01;2.7250000e+02;2.2432831e-01;2.7250000e+02;2.3819759e-01;2.7250000e+02;2.3593193e-01;2.7250000e+02;2.1820506e-01;2.7250000e+02;1.8953934e-01;2.7250000e+02;1.5234840e-01;2.7250000e+02;1.1154838e-01;2.7250000e+02;7.2137482e-02;2.7250000e+02;3.3508413e-02;2.7250000e+02;-5.4145092e-03;2.7250000e+02;2.2919150e-03;2.7250000e+02;1.4447076e-02;2.7250000e+02;2.8757337e-02;2.7250000e+02;4.7713794e-02;2.7250000e+02;7.1731940e-02;2.7250000e+02;1.0587236e-01;2.7250000e+02;1.4795646e-01;2.7250000e+02;1.9216095e-01;2.7250000e+02;2.2432831e-01;2.7250000e+02;2.3819759e-01;2.7250000e+02;2.3593193e-01;2.7250000e+02;2.1820506e-01;2.7250000e+02;1.8953934e-01;2.7250000e+02;1.5234840e-01;2.7250000e+02;1.1154838e-01;2.7250000e+02;7.2137482e-02;2.7250000e+02;3.3508413e-02;2.7250000e+02;-5.4145092e-03;2.7250000e+02;2.2919150e-03;2.7250000e+02;1.4447076e-02;2.7250000e+02;2.8757337e-02;2.7250000e+02;4.7713794e-02;2.7250000e+02;7.1731940e-02;2.7250000e+02;1.0587236e-01;2.7250000e+02;1.4795646e-01;2.7250000e+02;1.9216095e-01;2.7250000e+02;2.2432831e-01;2.7250000e+02;2.3819759e-01;2.7250000e+02;2.3593193e-01;2.7250000e+02;2.1820506e-01;2.7250000e+02;1.8953934e-01;2.7250000e+02;1.5234840e-01;2.7250000e+02;1.1154838e-01;2.7250000e+02;7.2137482e-02;2.7250000e+02;3.3508413e-02;2.7250000e+02;-5.4145092e-03;2.7250000e+02;2.2919150e-03;2.7250000e+02;1.4447076e-02;2.7250000e+02;2.8757337e-02;2.7250000e+02;4.7713794e-02;2.7250000e+02;7.1731940e-02;2.7250000e+02;1.0587236e-01;2.7250000e+02;1.4795646e-01;2.7250000e+02;1.9216095e-01;2.7250000e+02;2.2432831e-01;2.7250000e+02;2.3819759e-01;2.7250000e+02;2.3593193e-01;2.7250000e+02;2.1820506e-01;2.7250000e+02;1.8953934e-01;2.7250000e+02;1.5234840e-01;2.7250000e+02;1.1154838e-01;2.7250000e+02;7.2137482e-02;2.7250000e+02;3.3508413e-02;2.7250000e+02;-5.4145092e-03;2.7250000e+02;2.2919150e-03;2.7250000e+02;1.4447076e-02;2.7250000e+02;2.8757337e-02;2.7250000e+02;4.7713794e-02;2.7250000e+02;7.1731940e-02;2.7250000e+02;1.0587236e-01;2.7250000e+02;1.4795646e-01;2.7250000e+02;1.9216095e-01;2.7250000e+02;2.2432831e-01;2.7250000e+02;2.3819759e-01;2.7250000e+02;2.3593193e-01;2.7250000e+02;2.1820506e-01;2.7250000e+02;1.8953934e-01;2.7250000e+02;1.5234840e-01;2.7250000e+02;1.1154838e-01;2.7250000e+02;7.2137482e-02;2.7250000e+02;3.3508413e-02;2.7250000e+02;-5.4145092e-03;2.7250000e+02;2.2919150e-03;2.7250000e+02;1.4447076e-02;2.7250000e+02;2.8757337e-02;2.7250000e+02;4.7713794e-02;2.7250000e+02;7.1731940e-02;2.7250000e+02;1.0587236e-01;2.7250000e+02;1.4795646e-01;2.7250000e+02;1.9216095e-01;2.7250000e+02;2.2432831e-01;2.7250000e+02;2.3819759e-01;2.7250000e+02;2.3593193e-01;2.7250000e+02;2.1820506e-01;2.7250000e+02;1.8953934e-01;2.7250000e+02;1.5234840e-01;2.7250000e+02;1.1154838e-01;2.7250000e+02;7.2137482e-02;2.7250000e+02;3.3508413e-02;2.7250000e+02;-5.4145092e-03;2.7250000e+02;2.2919150e-03;2.7250000e+02;1.4447076e-02;2.7250000e+02;2.8757337e-02;2.7250000e+02;4.7713794e-02;2.7250000e+02;7.1731940e-02;2.7250000e+02;1.0587236e-01;2.7250000e+02;1.4795646e-01;2.7250000e+02;1.9216095e-01;2.7250000e+02;2.2432831e-01;2.7250000e+02;2.3819759e-01;2.7250000e+02;2.3593193e-01;2.7250000e+02;2.1820506e-01;2.7250000e+02;1.8953934e-01;2.7250000e+02;1.5234840e-01;2.7250000e+02;1.1154838e-01;2.7250000e+02;7.2137482e-02;2.7250000e+02;3.3508413e-02;2.7250000e+02;-5.4145092e-03;2.7250000e+02;2.2919150e-03;2.7250000e+02;1.4447076e-02;2.7250000e+02;2.8757337e-02;2.7250000e+02;4.7713794e-02;2.7250000e+02;7.1731940e-02;2.7250000e+02;1.0587236e-01;2.7250000e+02;1.4795646e-01;2.7250000e+02;1.9216095e-01;2.7250000e+02;2.2432831e-01;2.7250000e+02;2.3819759e-01;2.7250000e+02;2.3593193e-01;2.7250000e+02;2.1820506e-01;2.7250000e+02;1.8953934e-01;2.7250000e+02;1.5234840e-01;2.7250000e+02;1.1154838e-01;2.7250000e+02;7.2137482e-02;2.7250000e+02;3.3508413e-02;2.7250000e+02;-5.4145092e-03;2.7250000e+02;2.2919150e-03;2.7250000e+02;1.4447076e-02;2.7250000e+02;2.8757337e-02;2.7250000e+02;4.7713794e-02;2.7250000e+02;7.1731940e-02;2.7250000e+02;1.0587236e-01;2.7250000e+02;1.4795646e-01;2.7250000e+02;1.9216095e-01;2.7250000e+02;2.2432831e-01;2.7250000e+02;2.3819759e-01;2.7250000e+02;2.3593193e-01;2.7250000e+02;2.1820506e-01;2.7250000e+02;1.8953934e-01;2.7250000e+02;1.5234840e-01;2.7250000e+02;1.1154838e-01;2.7250000e+02;7.2137482e-02;2.7250000e+02;3.3508413e-02;2.7250000e+02;-5.4145092e-03;2.7250000e+02;2.2919150e-03;2.7250000e+02;1.4447076e-02;2.7250000e+02;2.8757337e-02;2.7250000e+02;4.7713794e-02;2.7250000e+02;7.1731940e-02;2.7250000e+02;1.0587236e-01;2.7250000e+02;1.4795646e-01;2.7250000e+02;1.9216095e-01;2.7250000e+02;2.2432831e-01;2.7250000e+02;2.3819759e-01;2.7250000e+02;2.3593193e-01;2.7250000e+02;2.1820506e-01;2.7250000e+02;1.8953934e-01;2.7250000e+02;1.5234840e-01;2.7250000e+02;1.1154838e-01;2.7250000e+02;7.2137482e-02;2.7250000e+02;3.3508413e-02;2.7250000e+02;-5.4145092e-03;2.7250000e+02;2.2919150e-03;2.7250000e+02;1.4447076e-02;2.7250000e+02;2.8757337e-02;2.7250000e+02;4.7713794e-02;2.7250000e+02;7.1731940e-02;2.7250000e+02;1.0587236e-01;2.7250000e+02;1.4795646e-01;2.7250000e+02;1.9216095e-01;2.7250000e+02;2.2432831e-01;2.7250000e+02;2.3819759e-01;2.7250000e+02;2.3593193e-01;2.7250000e+02;2.1820506e-01;2.7250000e+02;1.8953934e-01;2.7250000e+02;1.5234840e-01;2.7250000e+02;1.1154838e-01;2.7250000e+02;7.2137482e-02;2.7250000e+02;3.3508413e-02;2.7250000e+02;-5.4145092e-03;2.7250000e+02;2.2919150e-03;2.7250000e+02;1.4447076e-02;2.7250000e+02;2.8757337e-02;2.7250000e+02;4.7713794e-02;2.7250000e+02;7.1731940e-02;2.7250000e+02;1.0587236e-01;2.7250000e+02;1.4795646e-01;2.7250000e+02;1.9216095e-01;2.7250000e+02;2.2432831e-01;2.7250000e+02;2.3819759e-01;2.7250000e+02;2.3593193e-01;2.7250000e+02;2.1820506e-01;2.7250000e+02;1.8953934e-01;2.7250000e+02;1.5234840e-01;2.7250000e+02;1.1154838e-01;2.7250000e+02;7.2137482e-02;2.7250000e+02;3.3508413e-02;2.7250000e+02;-5.4145092e-03;2.7250000e+02;2.2919150e-03;2.7250000e+02;1.4447076e-02;2.7250000e+02;2.8757337e-02;2.7250000e+02;4.7713794e-02;2.7250000e+02;7.1731940e-02;2.7250000e+02;1.0587236e-01;2.7250000e+02;1.4795646e-01;2.7250000e+02;1.9216095e-01;2.7250000e+02;2.2432831e-01;2.7250000e+02;2.3819759e-01;2.7250000e+02;2.3593193e-01;2.7250000e+02;2.1820506e-01;2.7250000e+02;1.8953934e-01;2.7250000e+02;1.5234840e-01;2.7250000e+02;1.1154838e-01;2.7250000e+02;7.2137482e-02;2.7250000e+02;3.3508413e-02;2.7250000e+02;-5.4145092e-03;2.7250000e+02;2.2919150e-03;2.7250000e+02;1.4447076e-02;2.7250000e+02;2.8757337e-02;2.7250000e+02;4.7713794e-02;2.7250000e+02;7.1731940e-02;2.7250000e+02;1.0587236e-01;2.7250000e+02;1.4795646e-01;2.7250000e+02;1.9216095e-01;2.7250000e+02;2.2432831e-01;2.7250000e+02;2.3819759e-01;2.7250000e+02;2.3593193e-01;2.7250000e+02;2.1820506e-01;2.7250000e+02;1.8953934e-01;2.7250000e+02;1.5234840e-01;2.7250000e+02;1.1154838e-01;2.7250000e+02;7.2137482e-02;2.7250000e+02;3.3508413e-02;2.7250000e+02;-5.4145092e-03;2.7250000e+02;2.2919150e-03;2.7250000e+02;1.4447076e-02;2.7250000e+02;2.8757337e-02;2.7250000e+02;4.7713794e-02;2.7250000e+02;7.1731940e-02;2.7250000e+02;1.0587236e-01;2.7250000e+02;1.4795646e-01;2.7250000e+02;1.9216095e-01;2.7250000e+02;2.2432831e-01;2.7250000e+02;2.3819759e-01;2.7250000e+02;2.3593193e-01;2.7250000e+02;2.1820506e-01;2.7250000e+02;1.8953934e-01;2.7250000e+02;1.5234840e-01;2.7250000e+02;1.1154838e-01;2.7250000e+02;7.2137482e-02;2.7250000e+02;3.3508413e-02;2.7250000e+02;-5.4145092e-03;2.7250000e+02;2.2919150e-03;2.7250000e+02;1.4447076e-02;2.7250000e+02;2.8757337e-02;2.7250000e+02;4.7713794e-02;2.7250000e+02;7.1731940e-02;2.7250000e+02;1.0587236e-01;2.7250000e+02;1.4795646e-01;2.7250000e+02;1.9216095e-01;2.7250000e+02;2.2432831e-01;2.7250000e+02;2.3819759e-01;2.7250000e+02;2.3593193e-01;2.7250000e+02;2.1820506e-01;2.7250000e+02;1.8953934e-01;2.7250000e+02;1.5234840e-01;2.7250000e+02;1.1154838e-01;2.7250000e+02;7.2137482e-02;2.7250000e+02;3.3508413e-02;2.7250000e+02;-5.4145092e-03;2.7250000e+02;2.2919150e-03;2.7250000e+02;1.4447076e-02;2.7250000e+02;2.8757337e-02;2.7250000e+02;4.7713794e-02;2.7250000e+02;7.1731940e-02;2.7250000e+02;1.0587236e-01;2.7250000e+02;1.4795646e-01;2.7250000e+02;1.9216095e-01;2.7250000e+02;2.2432831e-01;2.7250000e+02;2.3819759e-01;2.7250000e+02;2.3593193e-01;2.7250000e+02;2.1820506e-01;2.7250000e+02;1.8953934e-01;2.7250000e+02;1.5234840e-01;2.7250000e+02;1.1154838e-01;2.7250000e+02;7.2137482e-02;2.7250000e+02;3.3508413e-02;2.7250000e+02;-5.4145092e-03;2.7250000e+02;2.2919150e-03;2.7250000e+02;1.4447076e-02;2.7250000e+02;2.8757337e-02;2.7250000e+02;4.7713794e-02;2.7250000e+02;7.1731940e-02;2.7250000e+02;1.0587236e-01;2.7250000e+02;1.4795646e-01;2.7250000e+02;1.9216095e-01;2.7250000e+02;2.2432831e-01;2.7250000e+02;2.3819759e-01;2.7250000e+02;2.3593193e-01;2.7250000e+02;2.1820506e-01;2.7250000e+02;1.8953934e-01;2.7250000e+02;1.5234840e-01;2.7250000e+02;1.1154838e-01;2.7250000e+02;7.2137482e-02;2.7250000e+02;3.3508413e-02;2.7250000e+02;-5.4145092e-03;2.7250000e+02;2.2919150e-03;2.7250000e+02;1.4447076e-02;2.7250000e+02;2.8757337e-02;2.7250000e+02;4.7713794e-02;2.7250000e+02;7.1731940e-02;2.7250000e+02;1.0587236e-01;2.7250000e+02;1.4795646e-01;2.7250000e+02;1.9216095e-01;2.7250000e+02;2.2432831e-01;2.7250000e+02;2.3819759e-01;2.7250000e+02;2.3593193e-01;2.7250000e+02;2.1820506e-01;2.7250000e+02;1.8953934e-01;2.7250000e+02;1.5234840e-01;2.7250000e+02;1.1154838e-01;2.7250000e+02;7.2137482e-02;2.7250000e+02;3.3508413e-02;2.7250000e+02;-5.4145092e-03;2.7250000e+02;2.2919150e-03;2.7250000e+02;1.4447076e-02;2.7250000e+02;2.8757337e-02;2.7250000e+02;4.7713794e-02;2.7250000e+02;7.1731940e-02;2.7250000e+02;1.0587236e-01;2.7250000e+02;1.4795646e-01;2.7250000e+02;1.9216095e-01;2.7250000e+02;2.2432831e-01;2.7250000e+02;2.3819759e-01;2.7250000e+02;2.3593193e-01;2.7250000e+02;2.1820506e-01;2.7250000e+02;1.8953934e-01;2.7250000e+02;1.5234840e-01;2.7250000e+02;1.1154838e-01;2.7250000e+02;7.2137482e-02;2.7250000e+02;3.3508413e-02;2.7250000e+02;-5.4145092e-03;2.7250000e+02;2.2919150e-03;2.7250000e+02;1.4447076e-02;2.7250000e+02;2.8757337e-02;2.7250000e+02;4.7713794e-02;2.7250000e+02;7.1731940e-02;2.7250000e+02;1.0587236e-01;2.7250000e+02;1.4795646e-01;2.7250000e+02;1.9216095e-01;2.7250000e+02;2.2432831e-01;2.7250000e+02;2.3819759e-01;2.7250000e+02;2.3593193e-01;2.7250000e+02;2.1820506e-01;2.7250000e+02;1.8953934e-01;2.7250000e+02;1.5234840e-01;2.7250000e+02;1.1154838e-01;2.7250000e+02;7.2137482e-02;2.7250000e+02;3.3508413e-02;2.7250000e+02;-5.4145092e-03;2.7250000e+02;2.2919150e-03;2.7250000e+02;1.4447076e-02;2.7250000e+02;2.8757337e-02;2.7250000e+02;4.7713794e-02;2.7250000e+02;7.1731940e-02;2.7250000e+02;1.0587236e-01;2.7250000e+02;1.4795646e-01;2.7250000e+02;1.9216095e-01;2.7250000e+02;2.2432831e-01;2.7250000e+02;2.3819759e-01;2.7250000e+02;2.3593193e-01;2.7250000e+02;2.1820506e-01;2.7250000e+02;1.8953934e-01;2.7250000e+02;1.5234840e-01;2.7250000e+02;1.1154838e-01;2.7250000e+02;7.2137482e-02;2.7250000e+02;3.3508413e-02;2.7250000e+02;-5.4145092e-03;2.7250000e+02;2.2919150e-03;2.7250000e+02;1.4447076e-02;2.7250000e+02;2.8757337e-02;2.7250000e+02;4.7713794e-02;2.7250000e+02;7.1731940e-02;2.7250000e+02;1.0587236e-01;2.7250000e+02;1.4795646e-01;2.7250000e+02;1.9216095e-01;2.7250000e+02;2.2432831e-01;2.7250000e+02;2.3819759e-01;2.7250000e+02;2.3593193e-01;2.7250000e+02;2.1820506e-01;2.7250000e+02;1.8953934e-01;2.7250000e+02;1.5234840e-01;2.7250000e+02;1.1154838e-01;2.7250000e+02;7.2137482e-02;2.7250000e+02;3.3508413e-02;2.7250000e+02;-5.4145092e-03;2.7250000e+02;2.2919150e-03;2.7250000e+02;1.4447076e-02;2.7250000e+02;2.8757337e-02;2.7250000e+02;4.7713794e-02;2.7250000e+02;7.1731940e-02;2.7250000e+02;1.0587236e-01;2.7250000e+02;1.4795646e-01;2.7250000e+02;1.9216095e-01;2.7250000e+02;2.2432831e-01;2.7250000e+02;2.3819759e-01;2.7250000e+02;2.3593193e-01;2.7250000e+02;2.1820506e-01;2.7250000e+02;1.8953934e-01;2.7250000e+02;1.5234840e-01;2.7250000e+02;1.1154838e-01;2.7250000e+02;7.2137482e-02;2.7250000e+02;3.3508413e-02;2.7250000e+02;-5.4145092e-03;2.7250000e+02;2.2919150e-03;2.7250000e+02;1.4447076e-02;2.7250000e+02;2.8757337e-02;2.7250000e+02;4.7713794e-02;2.7250000e+02;7.1731940e-02;2.7250000e+02;1.0587236e-01;2.7250000e+02;1.4795646e-01;2.7250000e+02;1.9216095e-01;2.7250000e+02;2.2432831e-01;2.7250000e+02;2.3819759e-01;2.7250000e+02;2.3593193e-01;2.7250000e+02;2.1820506e-01;2.7250000e+02;1.8953934e-01;2.7250000e+02;1.5234840e-01;2.7250000e+02;1.1154838e-01;2.7250000e+02;7.2137482e-02;2.7250000e+02;3.3508413e-02;2.7250000e+02;-5.4145092e-03;2.7250000e+02;2.2919150e-03;2.7250000e+02;1.4447076e-02;2.7250000e+02;2.8757337e-02;2.7250000e+02;4.7713794e-02;2.7250000e+02;7.1731940e-02;2.7250000e+02;1.0587236e-01;2.7250000e+02;1.4795646e-01;2.7250000e+02;1.9216095e-01;2.7250000e+02;2.2432831e-01;2.7250000e+02;2.3819759e-01;2.7250000e+02;2.3593193e-01;2.7250000e+02;2.1820506e-01;2.7250000e+02;1.8953934e-01;2.7250000e+02;1.5234840e-01;2.7250000e+02;1.1154838e-01;2.7250000e+02;7.2137482e-02;2.7250000e+02;3.3508413e-02;2.7250000e+02;-5.4145092e-03;2.7250000e+02;2.2919150e-03;2.7250000e+02;1.4447076e-02;2.7250000e+02;2.8757337e-02;2.7250000e+02;4.7713794e-02;2.7250000e+02;7.1731940e-02;2.7250000e+02;1.0587236e-01;2.7250000e+02;1.4795646e-01;2.7250000e+02;1.9216095e-01;2.7250000e+02;2.2432831e-01;2.7250000e+02;2.3819759e-01;2.7250000e+02;2.3593193e-01;2.7250000e+02;2.1820506e-01;2.7250000e+02;1.8953934e-01;2.7250000e+02;1.5234840e-01;2.7250000e+02;1.1154838e-01;2.7250000e+02;7.2137482e-02;2.7250000e+02;3.3508413e-02;2.7250000e+02;-5.4145092e-03;2.7250000e+02;2.2919150e-03;2.7250000e+02;1.4447076e-02;2.7250000e+02;2.8757337e-02;2.7250000e+02;4.7713794e-02;2.7250000e+02;7.1731940e-02;2.7250000e+02;1.0587236e-01;2.7250000e+02;1.4795646e-01;2.7250000e+02;1.9216095e-01;2.7250000e+02;2.2432831e-01;2.7250000e+02;2.3819759e-01;2.7250000e+02;2.3593193e-01;2.7250000e+02;2.1820506e-01;2.7250000e+02;1.8953934e-01;2.7250000e+02;1.5234840e-01;2.7250000e+02;1.1154838e-01;2.7250000e+02;7.2137482e-02;2.7250000e+02;3.3508413e-02;2.7250000e+02;-5.4145092e-03;2.7250000e+02;2.2919150e-03;2.7250000e+02;1.4447076e-02;2.7250000e+02;2.8757337e-02;2.7250000e+02;4.7713794e-02;2.7250000e+02;7.1731940e-02;2.7250000e+02;1.0587236e-01;2.7250000e+02;1.4795646e-01;2.7250000e+02;1.9216095e-01;2.7250000e+02;2.2432831e-01;2.7250000e+02;2.3819759e-01;2.7250000e+02;2.3593193e-01;2.7250000e+02;2.1820506e-01;2.7250000e+02;1.8953934e-01;2.7250000e+02;1.5234840e-01;2.7250000e+02;1.1154838e-01;2.7250000e+02;7.2137482e-02;2.7250000e+02;3.3508413e-02;2.7250000e+02;-5.4145092e-03;2.7250000e+02;2.2919150e-03;2.7250000e+02;1.4447076e-02;2.7250000e+02;2.8757337e-02;2.7250000e+02;4.7713794e-02;2.7250000e+02;7.1731940e-02;2.7250000e+02;1.0587236e-01;2.7250000e+02;1.4795646e-01;2.7250000e+02;1.9216095e-01;2.7250000e+02;2.2432831e-01;2.7250000e+02;2.3819759e-01;2.7250000e+02;2.3593193e-01;2.7250000e+02;2.1820506e-01;2.7250000e+02;1.8953934e-01;2.7250000e+02;1.5234840e-01;2.7250000e+02;1.1154838e-01;2.7250000e+02;7.2137482e-02;2.7250000e+02;3.3508413e-02;2.7250000e+02;-5.4145092e-03;2.7250000e+02;2.2919150e-03;2.7250000e+02;1.4447076e-02;2.7250000e+02;2.8757337e-02;2.7250000e+02;4.7713794e-02;2.7250000e+02;7.1731940e-02;2.7250000e+02;1.0587236e-01;2.7250000e+02;1.4795646e-01;2.7250000e+02;1.9216095e-01;2.7250000e+02;2.2432831e-01;2.7250000e+02;2.3819759e-01;2.7250000e+02;2.3593193e-01;2.7250000e+02;2.1820506e-01;2.7250000e+02;1.8953934e-01;2.7250000e+02;1.5234840e-01;2.7250000e+02;1.1154838e-01;2.7250000e+02;7.2137482e-02;2.7250000e+02;3.3508413e-02;2.7250000e+02;-5.4145092e-03;2.7250000e+02;2.2919150e-03;2.7250000e+02;1.4447076e-02;2.7250000e+02;2.8757337e-02;2.7250000e+02;4.7713794e-02;2.7250000e+02;7.1731940e-02;2.7250000e+02;1.0587236e-01;2.7250000e+02;1.4795646e-01;2.7250000e+02;1.9216095e-01;2.7250000e+02;2.2432831e-01;2.7250000e+02;2.3819759e-01;2.7250000e+02;2.3593193e-01;2.7250000e+02;2.1820506e-01;2.7250000e+02;1.8953934e-01;2.7250000e+02;1.5234840e-01;2.7250000e+02;1.1154838e-01;2.7250000e+02;7.2137482e-02;2.7250000e+02;3.3508413e-02;2.7250000e+02;-5.4145092e-03;2.7250000e+02;2.2919150e-03;2.7250000e+02;1.4447076e-02;2.7250000e+02;2.8757337e-02;2.7250000e+02;4.7713794e-02;2.7250000e+02;7.1731940e-02;2.7250000e+02;1.0587236e-01;2.7250000e+02;1.4795646e-01;2.7250000e+02;1.9216095e-01;2.7250000e+02;2.2432831e-01;2.7250000e+02;2.3819759e-01;2.7250000e+02;2.3593193e-01;2.7250000e+02;2.1820506e-01;2.7250000e+02;1.8953934e-01;2.7250000e+02;1.5234840e-01;2.7250000e+02;1.1154838e-01;2.7250000e+02;7.2137482e-02;2.7250000e+02;3.3508413e-02;2.7250000e+02;-5.4145092e-03;2.7250000e+02;2.2919150e-03;2.7250000e+02;1.4447076e-02;2.7250000e+02;2.8757337e-02;2.7250000e+02;4.7713794e-02;2.7250000e+02;7.1731940e-02;2.7250000e+02;1.0587236e-01;2.7250000e+02;1.4795646e-01;2.7250000e+02;1.9216095e-01;2.7250000e+02;2.2432831e-01;2.7250000e+02;2.3819759e-01;2.7250000e+02;2.3593193e-01;2.7250000e+02;2.1820506e-01;2.7250000e+02;1.8953934e-01;2.7250000e+02;1.5234840e-01;2.7250000e+02;1.1154838e-01;2.7250000e+02;7.2137482e-02;2.7250000e+02;3.3508413e-02;2.7250000e+02;-5.4145092e-03;2.7250000e+02;2.2919150e-03;2.7250000e+02;1.4447076e-02;2.7250000e+02;2.8757337e-02;2.7250000e+02;4.7713794e-02;2.7250000e+02;7.1731940e-02;2.7250000e+02;1.0587236e-01;2.7250000e+02;1.4795646e-01;2.7250000e+02;1.9216095e-01;2.7250000e+02;2.2432831e-01;2.7250000e+02;2.3819759e-01;2.7250000e+02;2.3593193e-01;2.7250000e+02;2.1820506e-01;2.7250000e+02;1.8953934e-01;2.7250000e+02;1.5234840e-01;2.7250000e+02;1.1154838e-01;2.7250000e+02;7.2137482e-02;2.7250000e+02;3.3508413e-02;2.7250000e+02;-5.4145092e-03;2.7250000e+02;2.2919150e-03;2.7250000e+02;1.4447076e-02;2.7250000e+02;2.8757337e-02;2.7250000e+02;4.7713794e-02;2.7250000e+02;7.1731940e-02;2.7250000e+02;1.0587236e-01;2.7250000e+02;1.4795646e-01;2.7250000e+02;1.9216095e-01;2.7250000e+02;2.2432831e-01;2.7250000e+02;2.3819759e-01;2.7250000e+02;2.3593193e-01;2.7250000e+02;2.1820506e-01;2.7250000e+02;1.8953934e-01;2.7250000e+02;1.5234840e-01;2.7250000e+02;1.1154838e-01;2.7250000e+02;7.2137482e-02;2.7250000e+02;3.3508413e-02;2.7250000e+02;-5.4145092e-03;2.7250000e+02;2.2919150e-03;2.7250000e+02;1.4447076e-02;2.7250000e+02;2.8757337e-02;2.7250000e+02;4.7713794e-02;2.7250000e+02;7.1731940e-02;2.7250000e+02;1.0587236e-01;2.7250000e+02;1.4795646e-01;2.7250000e+02;1.9216095e-01;2.7250000e+02;2.2432831e-01;2.7250000e+02;2.3819759e-01;2.7250000e+02;2.3593193e-01;2.7250000e+02;2.1820506e-01;2.7250000e+02;1.8953934e-01;2.7250000e+02;1.5234840e-01;2.7250000e+02;1.1154838e-01;2.7250000e+02;7.2137482e-02;2.7250000e+02;3.3508413e-02;2.7250000e+02;-5.4145092e-03;2.7250000e+02;2.2919150e-03;2.7250000e+02;1.4447076e-02;2.7250000e+02;2.8757337e-02;2.7250000e+02;4.7713794e-02;2.7250000e+02;7.1731940e-02;2.7250000e+02;1.0587236e-01;2.7250000e+02;1.4795646e-01;2.7250000e+02;1.9216095e-01;2.7250000e+02;2.2432831e-01;2.7250000e+02;2.3819759e-01;2.7250000e+02;2.3593193e-01;2.7250000e+02;2.1820506e-01;2.7250000e+02;1.8953934e-01;2.7250000e+02;1.5234840e-01;2.7250000e+02;1.1154838e-01;2.7250000e+02;7.2137482e-02;2.7250000e+02;3.3508413e-02;2.7250000e+02;-5.4145092e-03;2.7250000e+02;2.2919150e-03;2.7250000e+02;1.4447076e-02;2.7250000e+02;2.8757337e-02;2.7250000e+02;4.7713794e-02;2.7250000e+02;7.1731940e-02;2.7250000e+02;1.0587236e-01;2.7250000e+02;1.4795646e-01;2.7250000e+02;1.9216095e-01;2.7250000e+02;2.2432831e-01;2.7250000e+02;2.3819759e-01;2.7250000e+02;2.3593193e-01;2.7250000e+02;2.1820506e-01;2.7250000e+02;1.8953934e-01;2.7250000e+02;1.5234840e-01;2.7250000e+02;1.1154838e-01;2.7250000e+02;7.2137482e-02;2.7250000e+02;3.3508413e-02;2.7250000e+02;-5.4145092e-03;2.7250000e+02;2.2919150e-03;2.7250000e+02;1.4447076e-02;2.7250000e+02;2.8757337e-02;2.7250000e+02;4.7713794e-02;2.7250000e+02;7.1731940e-02;2.7250000e+02;1.0587236e-01;2.7250000e+02;1.4795646e-01;2.7250000e+02;1.9216095e-01;2.7250000e+02;2.2432831e-01;2.7250000e+02;2.3819759e-01;2.7250000e+02;2.3593193e-01;2.7250000e+02;2.1820506e-01;2.7250000e+02;1.8953934e-01;2.7250000e+02;1.5234840e-01;2.7250000e+02;1.1154838e-01;2.7250000e+02;7.2137482e-02;2.7250000e+02;3.3508413e-02;2.7250000e+02;-5.4145092e-03;2.7250000e+02;2.2919150e-03;2.7250000e+02;1.4447076e-02;2.7250000e+02;2.8757337e-02;2.7250000e+02;4.7713794e-02;2.7250000e+02;7.1731940e-02;2.7250000e+02;1.0587236e-01;2.7250000e+02;1.4795646e-01;2.7250000e+02;1.9216095e-01;2.7250000e+02;2.2432831e-01;2.7250000e+02;2.3819759e-01;2.7250000e+02;2.3593193e-01;2.7250000e+02;2.1820506e-01;2.7250000e+02;1.8953934e-01;2.7250000e+02;1.5234840e-01;2.7250000e+02;1.1154838e-01;2.7250000e+02;7.2137482e-02;2.7250000e+02;3.3508413e-02;2.7250000e+02;-5.4145092e-03;2.7250000e+02;2.2919150e-03;2.7250000e+02;1.4447076e-02;2.7250000e+02;2.8757337e-02;2.7250000e+02;4.7713794e-02;2.7250000e+02;7.1731940e-02;2.7250000e+02;1.0587236e-01;2.7250000e+02;1.4795646e-01;2.7250000e+02;1.9216095e-01;2.7250000e+02;2.2432831e-01;2.7250000e+02;2.3819759e-01;2.7250000e+02;2.3593193e-01;2.7250000e+02;2.1820506e-01;2.7250000e+02;1.8953934e-01;2.7250000e+02;1.5234840e-01;2.7250000e+02;1.1154838e-01;2.7250000e+02;7.2137482e-02;2.7250000e+02;3.3508413e-02;2.7250000e+02;-5.4145092e-03;2.7250000e+02;2.2919150e-03;2.7250000e+02;1.4447076e-02;2.7250000e+02;2.8757337e-02;2.7250000e+02;4.7713794e-02;2.7250000e+02;7.1731940e-02;2.7250000e+02;1.0587236e-01;2.7250000e+02;1.4795646e-01;2.7250000e+02;1.9216095e-01;2.7250000e+02;2.2432831e-01;2.7250000e+02;2.3819759e-01;2.7250000e+02;2.3593193e-01;2.7250000e+02;2.1820506e-01;2.7250000e+02;1.8953934e-01;2.7250000e+02;1.5234840e-01;2.7250000e+02;1.1154838e-01;2.7250000e+02;7.2137482e-02;2.7250000e+02;3.3508413e-02;2.7250000e+02;-5.4145092e-03;2.7250000e+02;2.2919150e-03;2.7250000e+02;1.4447076e-02;2.7250000e+02;2.8757337e-02;2.7250000e+02;4.7713794e-02;2.7250000e+02;7.1731940e-02;2.7250000e+02;1.0587236e-01;2.7250000e+02;1.4795646e-01;2.7250000e+02;1.9216095e-01;2.7250000e+02;2.2432831e-01;2.7250000e+02;2.3819759e-01;2.7250000e+02;2.3593193e-01;2.7250000e+02;2.1820506e-01;2.7250000e+02;1.8953934e-01;2.7250000e+02;1.5234840e-01;2.7250000e+02;1.1154838e-01;2.7250000e+02;7.2137482e-02;2.7250000e+02;3.3508413e-02;2.7250000e+02;-5.4145092e-03;2.7250000e+02;2.2919150e-03;2.7250000e+02;1.4447076e-02;2.7250000e+02;2.8757337e-02;2.7250000e+02;4.7713794e-02;2.7250000e+02;7.1731940e-02;2.7250000e+02;1.0587236e-01;2.7250000e+02;1.4795646e-01;2.7250000e+02;1.9216095e-01;2.7250000e+02;2.2432831e-01;2.7250000e+02;2.3819759e-01;2.7250000e+02;2.3593193e-01;2.7250000e+02;2.1820506e-01;2.7250000e+02;1.8953934e-01;2.7250000e+02;1.5234840e-01;2.7250000e+02;1.1154838e-01;2.7250000e+02;7.2137482e-02;2.7250000e+02;3.3508413e-02;2.7250000e+02;-5.4145092e-03;2.7250000e+02;2.2919150e-03;2.7250000e+02;1.4447076e-02;2.7250000e+02;2.8757337e-02;2.7250000e+02;4.7713794e-02;2.7250000e+02;7.1731940e-02;2.7250000e+02;1.0587236e-01;2.7250000e+02;1.4795646e-01;2.7250000e+02;1.9216095e-01;2.7250000e+02;2.2432831e-01;2.7250000e+02;2.3819759e-01;2.7250000e+02;2.3593193e-01;2.7250000e+02;2.1820506e-01;2.7250000e+02;1.8953934e-01;2.7250000e+02;1.5234840e-01;2.7250000e+02;1.1154838e-01;2.7250000e+02;7.2137482e-02;2.7250000e+02;3.3508413e-02;2.7250000e+02;-5.4145092e-03;2.7250000e+02;2.2919150e-03;2.7250000e+02;1.4447076e-02;2.7250000e+02;2.8757337e-02;2.7250000e+02;4.7713794e-02;2.7250000e+02;7.1731940e-02;2.7250000e+02;1.0587236e-01;2.7250000e+02;1.4795646e-01;2.7250000e+02;1.9216095e-01;2.7250000e+02;2.2432831e-01;2.7250000e+02;2.3819759e-01;2.7250000e+02;2.3593193e-01;2.7250000e+02;2.1820506e-01;2.7250000e+02;1.8953934e-01;2.7250000e+02;1.5234840e-01;2.7250000e+02;1.1154838e-01;2.7250000e+02;7.2137482e-02;2.7250000e+02;3.3508413e-02;2.7250000e+02;-5.4145092e-03;2.7250000e+02;2.2919150e-03;2.7250000e+02;1.4447076e-02;2.7250000e+02;2.8757337e-02;2.7250000e+02;4.7713794e-02;2.7250000e+02;7.1731940e-02;2.7250000e+02;1.0587236e-01;2.7250000e+02;1.4795646e-01;2.7250000e+02;1.9216095e-01;2.7250000e+02;2.2432831e-01;2.7250000e+02;2.3819759e-01;2.7250000e+02;2.3593193e-01;2.7250000e+02;2.1820506e-01;2.7250000e+02;1.8953934e-01;2.7250000e+02;1.5234840e-01;2.7250000e+02;1.1154838e-01;2.7250000e+02;7.2137482e-02;2.7250000e+02;3.3508413e-02;2.7250000e+02;-5.4145092e-03;2.7250000e+02;2.2919150e-03;2.7250000e+02;1.4447076e-02;2.7250000e+02;2.8757337e-02;2.7250000e+02;4.7713794e-02;2.7250000e+02;7.1731940e-02;2.7250000e+02;1.0587236e-01;2.7250000e+02;1.4795646e-01;2.7250000e+02;1.9216095e-01;2.7250000e+02;2.2432831e-01;2.7250000e+02;2.3819759e-01;2.7250000e+02;2.3593193e-01;2.7250000e+02;2.1820506e-01;2.7250000e+02;1.8953934e-01;2.7250000e+02;1.5234840e-01;2.7250000e+02;1.1154838e-01;2.7250000e+02;7.2137482e-02;2.7250000e+02;3.3508413e-02;2.7250000e+02;-5.4145092e-03;2.7250000e+02;2.2919150e-03;2.7250000e+02;1.4447076e-02;2.7250000e+02;2.8757337e-02;2.7250000e+02;4.7713794e-02;2.7250000e+02;7.1731940e-02;2.7250000e+02;1.0587236e-01;2.7250000e+02;1.4795646e-01;2.7250000e+02;1.9216095e-01;2.7250000e+02;2.2432831e-01;2.7250000e+02;2.3819759e-01;2.7250000e+02;2.3593193e-01;2.7250000e+02;2.1820506e-01;2.7250000e+02;1.8953934e-01;2.7250000e+02;1.5234840e-01;2.7250000e+02;1.1154838e-01;2.7250000e+02;7.2137482e-02;2.7250000e+02;3.3508413e-02;2.7250000e+02;-5.4145092e-03;2.7250000e+02;2.2919150e-03;2.7250000e+02;1.4447076e-02;2.7250000e+02;2.8757337e-02;2.7250000e+02;4.7713794e-02;2.7250000e+02;7.1731940e-02;2.7250000e+02;1.0587236e-01;2.7250000e+02;1.4795646e-01;2.7250000e+02;1.9216095e-01;2.7250000e+02;2.2432831e-01;2.7250000e+02;2.3819759e-01;2.7250000e+02;2.3593193e-01;2.7250000e+02;2.1820506e-01;2.7250000e+02;1.8953934e-01;2.7250000e+02;1.5234840e-01;2.7250000e+02;1.1154838e-01;2.7250000e+02;7.2137482e-02;2.7250000e+02;3.3508413e-02;2.7250000e+02;-5.4145092e-03;2.7250000e+02;2.2919150e-03;2.7250000e+02;1.4447076e-02;2.7250000e+02;2.8757337e-02;2.7250000e+02;4.7713794e-02;2.7250000e+02;7.1731940e-02;2.7250000e+02;1.0587236e-01;2.7250000e+02;1.4795646e-01;2.7250000e+02;1.9216095e-01;2.7250000e+02;2.2432831e-01;2.7250000e+02;2.3819759e-01;2.7250000e+02;2.3593193e-01;2.7250000e+02;2.1820506e-01;2.7250000e+02;1.8953934e-01;2.7250000e+02;1.5234840e-01;2.7250000e+02;1.1154838e-01;2.7250000e+02;7.2137482e-02;2.7250000e+02;3.3508413e-02;2.7250000e+02;-5.4145092e-03;2.7250000e+02;2.2919150e-03;2.7250000e+02;1.4447076e-02;2.7250000e+02;2.8757337e-02;2.7250000e+02;4.7713794e-02;2.7250000e+02;7.1731940e-02;2.7250000e+02;1.0587236e-01;2.7250000e+02;1.4795646e-01;2.7250000e+02;1.9216095e-01;2.7250000e+02;2.2432831e-01;2.7250000e+02;2.3819759e-01;2.7250000e+02;2.3593193e-01;2.7250000e+02;2.1820506e-01;2.7250000e+02;1.8953934e-01;2.7250000e+02;1.5234840e-01;2.7250000e+02;1.1154838e-01;2.7250000e+02;7.2137482e-02;2.7250000e+02;3.3508413e-02;2.7250000e+02;-5.4145092e-03;2.7250000e+02;2.2919150e-03;2.7250000e+02;1.4447076e-02;2.7250000e+02;2.8757337e-02;2.7250000e+02;4.7713794e-02;2.7250000e+02;7.1731940e-02;2.7250000e+02;1.0587236e-01;2.7250000e+02;1.4795646e-01;2.7250000e+02;1.9216095e-01;2.7250000e+02;2.2432831e-01;2.7250000e+02;2.3819759e-01;2.7250000e+02;2.3593193e-01;2.7250000e+02;2.1820506e-01;2.7250000e+02;1.8953934e-01;2.7250000e+02;1.5234840e-01;2.7250000e+02;1.1154838e-01;2.7250000e+02;7.2137482e-02;2.7250000e+02;3.3508413e-02;2.7250000e+02;-5.4145092e-03;2.7250000e+02;2.2919150e-03;2.7250000e+02;1.4447076e-02;2.7250000e+02;2.8757337e-02;2.7250000e+02;4.7713794e-02;2.7250000e+02;7.1731940e-02;2.7250000e+02;1.0587236e-01;2.7250000e+02;1.4795646e-01;2.7250000e+02;1.9216095e-01;2.7250000e+02;2.2432831e-01;2.7250000e+02;2.3819759e-01;2.7250000e+02;2.3593193e-01;2.7250000e+02;2.1820506e-01;2.7250000e+02;1.8953934e-01;2.7250000e+02;1.5234840e-01;2.7250000e+02;1.1154838e-01;2.7250000e+02;7.2137482e-02;2.7250000e+02;3.3508413e-02;2.7250000e+02;-5.4145092e-03;2.7250000e+02;2.2919150e-03;2.7250000e+02;1.4447076e-02;2.7250000e+02;2.8757337e-02;2.7250000e+02;4.7713794e-02;2.7250000e+02;7.1731940e-02;2.7250000e+02;1.0587236e-01;2.7250000e+02;1.4795646e-01;2.7250000e+02;1.9216095e-01;2.7250000e+02;2.2432831e-01;2.7250000e+02;2.3819759e-01;2.7250000e+02;2.3593193e-01;2.7250000e+02;2.1820506e-01;2.7250000e+02;1.8953934e-01;2.7250000e+02;1.5234840e-01;2.7250000e+02;1.1154838e-01;2.7250000e+02;7.2137482e-02;2.7250000e+02;3.3508413e-02;2.7250000e+02;-5.4145092e-03;2.7250000e+02;2.2919150e-03;2.7250000e+02;1.4447076e-02;2.7250000e+02;2.8757337e-02;2.7250000e+02;4.7713794e-02;2.7250000e+02;7.1731940e-02;2.7250000e+02;1.0587236e-01;2.7250000e+02;1.4795646e-01;2.7250000e+02;1.9216095e-01;2.7250000e+02;2.2432831e-01;2.7250000e+02;2.3819759e-01;2.7250000e+02;2.3593193e-01;2.7250000e+02;2.1820506e-01;2.7250000e+02;1.8953934e-01;2.7250000e+02;1.5234840e-01;2.7250000e+02;1.1154838e-01;2.7250000e+02;7.2137482e-02;2.7250000e+02;3.3508413e-02;2.7250000e+02;-5.4145092e-03;2.7250000e+02;2.2919150e-03;2.7250000e+02;1.4447076e-02;2.7250000e+02;2.8757337e-02;2.7250000e+02;4.7713794e-02;2.7250000e+02;7.1731940e-02;2.7250000e+02;1.0587236e-01;2.7250000e+02;1.4795646e-01;2.7250000e+02;1.9216095e-01;2.7250000e+02;2.2432831e-01;2.7250000e+02;2.3819759e-01;2.7250000e+02;2.3593193e-01;2.7250000e+02;2.1820506e-01;2.7250000e+02;1.8953934e-01;2.7250000e+02;1.5234840e-01;2.7250000e+02;1.1154838e-01;2.7250000e+02;7.2137482e-02;2.7250000e+02;3.3508413e-02;2.7250000e+02;-5.4145092e-03;2.7250000e+02;2.2919150e-03;2.7250000e+02;1.4447076e-02;2.7250000e+02;2.8757337e-02;2.7250000e+02;4.7713794e-02;2.7250000e+02;7.1731940e-02;2.7250000e+02;1.0587236e-01;2.7250000e+02;1.4795646e-01;2.7250000e+02;1.9216095e-01;2.7250000e+02;2.2432831e-01;2.7250000e+02;2.3819759e-01;2.7250000e+02;2.3593193e-01;2.7250000e+02;2.1820506e-01;2.7250000e+02;1.8953934e-01;2.7250000e+02;1.5234840e-01;2.7250000e+02;1.1154838e-01;2.7250000e+02;7.2137482e-02;2.7250000e+02;3.3508413e-02;2.7250000e+02;-5.4145092e-03;2.7250000e+02;2.2919150e-03;2.7250000e+02;1.4447076e-02;2.7250000e+02;2.8757337e-02;2.7250000e+02;4.7713794e-02;2.7250000e+02;7.1731940e-02;2.7250000e+02;1.0587236e-01;2.7250000e+02;1.4795646e-01;2.7250000e+02;1.9216095e-01;2.7250000e+02;2.2432831e-01;2.7250000e+02;2.3819759e-01;2.7250000e+02;2.3593193e-01;2.7250000e+02;2.1820506e-01;2.7250000e+02;1.8953934e-01;2.7250000e+02;1.5234840e-01;2.7250000e+02;1.1154838e-01;2.7250000e+02;7.2137482e-02;2.7250000e+02;3.3508413e-02;2.7250000e+02;-5.4145092e-03;2.7250000e+02;2.2919150e-03;2.7250000e+02;1.4447076e-02;2.7250000e+02;2.8757337e-02;2.7250000e+02;4.7713794e-02;2.7250000e+02;7.1731940e-02;2.7250000e+02;1.0587236e-01;2.7250000e+02;1.4795646e-01;2.7250000e+02;1.9216095e-01;2.7250000e+02;2.2432831e-01;2.7250000e+02;2.3819759e-01;2.7250000e+02;2.3593193e-01;2.7250000e+02;2.1820506e-01;2.7250000e+02;1.8953934e-01;2.7250000e+02;1.5234840e-01;2.7250000e+02;1.1154838e-01;2.7250000e+02;7.2137482e-02;2.7250000e+02;3.3508413e-02;2.7250000e+02;-5.4145092e-03;2.7250000e+02;2.2919150e-03;2.7250000e+02;1.4447076e-02;2.7250000e+02;2.8757337e-02;2.7250000e+02;4.7713794e-02;2.7250000e+02;7.1731940e-02;2.7250000e+02;1.0587236e-01;2.7250000e+02;1.4795646e-01;2.7250000e+02;1.9216095e-01;2.7250000e+02;2.2432831e-01;2.7250000e+02;2.3819759e-01;2.7250000e+02;2.3593193e-01;2.7250000e+02;2.1820506e-01;2.7250000e+02;1.8953934e-01;2.7250000e+02;1.5234840e-01;2.7250000e+02;1.1154838e-01;2.7250000e+02;7.2137482e-02;2.7250000e+02;3.3508413e-02;2.7250000e+02;-5.4145092e-03;2.7250000e+02;2.2919150e-03;2.7250000e+02;1.4447076e-02;2.7250000e+02;2.8757337e-02;2.7250000e+02;4.7713794e-02;2.7250000e+02;7.1731940e-02;2.7250000e+02;1.0587236e-01;2.7250000e+02;1.4795646e-01;2.7250000e+02;1.9216095e-01;2.7250000e+02;2.2432831e-01;2.7250000e+02;2.3819759e-01;2.7250000e+02;2.3593193e-01;2.7250000e+02;2.1820506e-01;2.7250000e+02;1.8953934e-01;2.7250000e+02;1.5234840e-01;2.7250000e+02;1.1154838e-01;2.7250000e+02;7.2137482e-02;2.7250000e+02;3.3508413e-02;2.7250000e+02;-5.4145092e-03;2.7250000e+02;2.2919150e-03;2.7250000e+02;1.4447076e-02;2.7250000e+02;2.8757337e-02;2.7250000e+02;4.7713794e-02;2.7250000e+02;7.1731940e-02;2.7250000e+02;1.0587236e-01;2.7250000e+02;1.4795646e-01;2.7250000e+02;1.9216095e-01;2.7250000e+02;2.2432831e-01;2.7250000e+02;2.3819759e-01;2.7250000e+02;2.3593193e-01;2.7250000e+02;2.1820506e-01;2.7250000e+02;1.8953934e-01;2.7250000e+02;1.5234840e-01;2.7250000e+02;1.1154838e-01;2.7250000e+02;7.2137482e-02;2.7250000e+02;3.3508413e-02;2.7250000e+02;-5.4145092e-03;2.7250000e+02;2.2919150e-03;2.7250000e+02;1.4447076e-02;2.7250000e+02;2.8757337e-02;2.7250000e+02;4.7713794e-02;2.7250000e+02;7.1731940e-02;2.7250000e+02;1.0587236e-01;2.7250000e+02;1.4795646e-01;2.7250000e+02;1.9216095e-01;2.7250000e+02;2.2432831e-01;2.7250000e+02;2.3819759e-01;2.7250000e+02;2.3593193e-01;2.7250000e+02;2.1820506e-01;2.7250000e+02;1.8953934e-01;2.7250000e+02;1.5234840e-01;2.7250000e+02;1.1154838e-01;2.7250000e+02;7.2137482e-02;2.7250000e+02;3.3508413e-02;2.7250000e+02;-5.4145092e-03;2.7250000e+02;2.2919150e-03;2.7250000e+02;1.4447076e-02;2.7250000e+02;2.8757337e-02;2.7250000e+02;4.7713794e-02;2.7250000e+02;7.1731940e-02;2.7250000e+02;1.0587236e-01;2.7250000e+02;1.4795646e-01;2.7250000e+02;1.9216095e-01;2.7250000e+02;2.2432831e-01;2.7250000e+02;2.3819759e-01;2.7250000e+02;2.3593193e-01;2.7250000e+02;2.1820506e-01;2.7250000e+02;1.8953934e-01;2.7250000e+02;1.5234840e-01;2.7250000e+02;1.1154838e-01;2.7250000e+02;7.2137482e-02;2.7250000e+02;3.3508413e-02;2.7250000e+02;-5.4145092e-03;2.7250000e+02;2.2919150e-03;2.7250000e+02;1.4447076e-02;2.7250000e+02;2.8757337e-02;2.7250000e+02;4.7713794e-02;2.7250000e+02;7.1731940e-02;2.7250000e+02;1.0587236e-01;2.7250000e+02;1.4795646e-01;2.7250000e+02;1.9216095e-01;2.7250000e+02;2.2432831e-01;2.7250000e+02;2.3819759e-01;2.7250000e+02;2.3593193e-01;2.7250000e+02;2.1820506e-01;2.7250000e+02;1.8953934e-01;2.7250000e+02;1.5234840e-01;2.7250000e+02;1.1154838e-01;2.7250000e+02;7.2137482e-02;2.7250000e+02;3.3508413e-02;2.7250000e+02;-5.4145092e-03;2.7250000e+02;2.2919150e-03;2.7250000e+02;1.4447076e-02;2.7250000e+02;2.8757337e-02;2.7250000e+02;4.7713794e-02;2.7250000e+02;7.1731940e-02;2.7250000e+02;1.0587236e-01;2.7250000e+02;1.4795646e-01;2.7250000e+02;1.9216095e-01;2.7250000e+02;2.2432831e-01;2.7250000e+02;2.3819759e-01;2.7250000e+02;2.3593193e-01;2.7250000e+02;2.1820506e-01;2.7250000e+02;1.8953934e-01;2.7250000e+02;1.5234840e-01;2.7250000e+02;1.1154838e-01;2.7250000e+02;7.2137482e-02;2.7250000e+02;3.3508413e-02;2.7250000e+02;-5.4145092e-03;2.7250000e+02;2.2919150e-03;2.7250000e+02;1.4447076e-02;2.7250000e+02;2.8757337e-02;2.7250000e+02;4.7713794e-02;2.7250000e+02;7.1731940e-02;2.7250000e+02;1.0587236e-01;2.7250000e+02;1.4795646e-01;2.7250000e+02;1.9216095e-01;2.7250000e+02;2.2432831e-01;2.7250000e+02;2.3819759e-01;2.7250000e+02;2.3593193e-01;2.7250000e+02;2.1820506e-01;2.7250000e+02;1.8953934e-01;2.7250000e+02;1.5234840e-01;2.7250000e+02;1.1154838e-01;2.7250000e+02;7.2137482e-02;2.7250000e+02;3.3508413e-02;2.7250000e+02;-5.4145092e-03;2.7250000e+02;2.2919150e-03;2.7250000e+02;1.4447076e-02;2.7250000e+02;2.8757337e-02;2.7250000e+02;4.7713794e-02;2.7250000e+02;7.1731940e-02;2.7250000e+02;1.0587236e-01;2.7250000e+02;1.4795646e-01;2.7250000e+02;1.9216095e-01;2.7250000e+02;2.2432831e-01;2.7250000e+02;2.3819759e-01;2.7250000e+02;2.3593193e-01;2.7250000e+02;2.1820506e-01;2.7250000e+02;1.8953934e-01;2.7250000e+02;1.5234840e-01;2.7250000e+02;1.1154838e-01;2.7250000e+02;7.2137482e-02;2.7250000e+02;3.3508413e-02;2.7250000e+02;-5.4145092e-03;2.7250000e+02;2.2919150e-03;2.7250000e+02;1.4447076e-02;2.7250000e+02;2.8757337e-02;2.7250000e+02;4.7713794e-02;2.7250000e+02;7.1731940e-02;2.7250000e+02;1.0587236e-01;2.7250000e+02;1.4795646e-01;2.7250000e+02;1.9216095e-01;2.7250000e+02;2.2432831e-01;2.7250000e+02;2.3819759e-01;2.7250000e+02;2.3593193e-01;2.7250000e+02;2.1820506e-01;2.7250000e+02;1.8953934e-01;2.7250000e+02;1.5234840e-01;2.7250000e+02;1.1154838e-01;2.7250000e+02;7.2137482e-02;2.7250000e+02;3.3508413e-02;2.7250000e+02;-5.4145092e-03;2.7250000e+02;2.2919150e-03;2.7250000e+02;1.4447076e-02;2.7250000e+02;2.8757337e-02;2.7250000e+02;4.7713794e-02;2.7250000e+02;7.1731940e-02;2.7250000e+02;1.0587236e-01;2.7250000e+02;1.4795646e-01;2.7250000e+02;1.9216095e-01;2.7250000e+02;2.2432831e-01;2.7250000e+02;2.3819759e-01;2.7250000e+02;2.3593193e-01;2.7250000e+02;2.1820506e-01;2.7250000e+02;1.8953934e-01;2.7250000e+02;1.5234840e-01;2.7250000e+02;1.1154838e-01;2.7250000e+02;7.2137482e-02;2.7250000e+02;3.3508413e-02;2.7250000e+02;-5.4145092e-03;2.7250000e+02;2.2919150e-03;2.7250000e+02;1.4447076e-02;2.7250000e+02;2.8757337e-02;2.7250000e+02;4.7713794e-02;2.7250000e+02;7.1731940e-02;2.7250000e+02;1.0587236e-01;2.7250000e+02;1.4795646e-01;2.7250000e+02;1.9216095e-01;2.7250000e+02;2.2432831e-01;2.7250000e+02;2.3819759e-01;2.7250000e+02;2.3593193e-01;2.7250000e+02;2.1820506e-01;2.7250000e+02;1.8953934e-01;2.7250000e+02;1.5234840e-01;2.7250000e+02;1.1154838e-01;2.7250000e+02;7.2137482e-02;2.7250000e+02;3.3508413e-02;2.7250000e+02;-5.4145092e-03;2.7250000e+02;2.2919150e-03;2.7250000e+02;1.4447076e-02;2.7250000e+02;2.8757337e-02;2.7250000e+02;4.7713794e-02;2.7250000e+02;7.1731940e-02;2.7250000e+02;1.0587236e-01;2.7250000e+02;1.4795646e-01;2.7250000e+02;1.9216095e-01;2.7250000e+02;2.2432831e-01;2.7250000e+02;2.3819759e-01;2.7250000e+02;2.3593193e-01;2.7250000e+02;2.1820506e-01;2.7250000e+02;1.8953934e-01;2.7250000e+02;1.5234840e-01;2.7250000e+02;1.1154838e-01;2.7250000e+02;7.2137482e-02;2.7250000e+02;3.3508413e-02;2.7250000e+02;-5.4145092e-03;2.7250000e+02;2.2919150e-03;2.7250000e+02;1.4447076e-02;2.7250000e+02;2.8757337e-02;2.7250000e+02;4.7713794e-02;2.7250000e+02;7.1731940e-02;2.7250000e+02;1.0587236e-01;2.7250000e+02;1.4795646e-01;2.7250000e+02;1.9216095e-01;2.7250000e+02;2.2432831e-01;2.7250000e+02;2.3819759e-01;2.7250000e+02;2.3593193e-01;2.7250000e+02;2.1820506e-01;2.7250000e+02;1.8953934e-01;2.7250000e+02;1.5234840e-01;2.7250000e+02;1.1154838e-01;2.7250000e+02;7.2137482e-02;2.7250000e+02;3.3508413e-02;2.7250000e+02;-5.4145092e-03;2.7250000e+02;2.2919150e-03;2.7250000e+02;1.4447076e-02;2.7250000e+02;2.8757337e-02;2.7250000e+02;4.7713794e-02;2.7250000e+02;7.1731940e-02;2.7250000e+02;1.0587236e-01;2.7250000e+02;1.4795646e-01;2.7250000e+02;1.9216095e-01;2.7250000e+02;2.2432831e-01;2.7250000e+02;2.3819759e-01;2.7250000e+02;2.3593193e-01;2.7250000e+02;2.1820506e-01;2.7250000e+02;1.8953934e-01;2.7250000e+02;1.5234840e-01;2.7250000e+02;1.1154838e-01;2.7250000e+02;7.2137482e-02;2.7250000e+02;3.3508413e-02;2.7250000e+02;-5.4145092e-03;2.7250000e+02;2.2919150e-03;2.7250000e+02;1.4447076e-02;2.7250000e+02;2.8757337e-02;2.7250000e+02;4.7713794e-02;2.7250000e+02;7.1731940e-02;2.7250000e+02;1.0587236e-01;2.7250000e+02;1.4795646e-01;2.7250000e+02;1.9216095e-01;2.7250000e+02;2.2432831e-01;2.7250000e+02;2.3819759e-01;2.7250000e+02;2.3593193e-01;2.7250000e+02;2.1820506e-01;2.7250000e+02;1.8953934e-01;2.7250000e+02;1.5234840e-01;2.7250000e+02;1.1154838e-01;2.7250000e+02;7.2137482e-02;2.7250000e+02;3.3508413e-02;2.7250000e+02;-5.4145092e-03;2.7250000e+02;2.2919150e-03;2.7250000e+02;1.4447076e-02;2.7250000e+02;2.8757337e-02;2.7250000e+02;4.7713794e-02;2.7250000e+02;7.1731940e-02;2.7250000e+02;1.0587236e-01;2.7250000e+02;1.4795646e-01;2.7250000e+02;1.9216095e-01;2.7250000e+02;2.2432831e-01;2.7250000e+02;2.3819759e-01;2.7250000e+02;2.3593193e-01;2.7250000e+02;2.1820506e-01;2.7250000e+02;1.8953934e-01;2.7250000e+02;1.5234840e-01;2.7250000e+02;1.1154838e-01;2.7250000e+02;7.2137482e-02;2.7250000e+02;3.3508413e-02;2.7250000e+02;-5.4145092e-03;2.7250000e+02;2.2919150e-03;2.7250000e+02;1.4447076e-02;2.7250000e+02;2.8757337e-02;2.7250000e+02;4.7713794e-02;2.7250000e+02;7.1731940e-02;2.7250000e+02;1.0587236e-01;2.7250000e+02;1.4795646e-01;2.7250000e+02;1.9216095e-01;2.7250000e+02;2.2432831e-01;2.7250000e+02;2.3819759e-01;2.7250000e+02;2.3593193e-01;2.7250000e+02;2.1820506e-01;2.7250000e+02;1.8953934e-01;2.7250000e+02;1.5234840e-01;2.7250000e+02;1.1154838e-01;2.7250000e+02;7.2137482e-02;2.7250000e+02;3.3508413e-02;2.7250000e+02;-5.4145092e-03;2.7250000e+02;2.2919150e-03;2.7250000e+02;1.4447076e-02;2.7250000e+02;2.8757337e-02;2.7250000e+02;4.7713794e-02;2.7250000e+02;7.1731940e-02;2.7250000e+02;1.0587236e-01;2.7250000e+02;1.4795646e-01;2.7250000e+02;1.9216095e-01;2.7250000e+02;2.2432831e-01;2.7250000e+02;2.3819759e-01;2.7250000e+02;2.3593193e-01;2.7250000e+02;2.1820506e-01;2.7250000e+02;1.8953934e-01;2.7250000e+02;1.5234840e-01;2.7250000e+02;1.1154838e-01;2.7250000e+02;7.2137482e-02;2.7250000e+02;3.3508413e-02;2.7250000e+02;-5.4145092e-03;2.7250000e+02;2.2919150e-03;2.7250000e+02;1.4447076e-02;2.7250000e+02;2.8757337e-02;2.7250000e+02;4.7713794e-02;2.7250000e+02;7.1731940e-02;2.7250000e+02;1.0587236e-01;2.7250000e+02;1.4795646e-01;2.7250000e+02;1.9216095e-01;2.7250000e+02;2.2432831e-01;2.7250000e+02;2.3819759e-01;2.7250000e+02;2.3593193e-01;2.7250000e+02;2.1820506e-01;2.7250000e+02;1.8953934e-01;2.7250000e+02;1.5234840e-01;2.7250000e+02;1.1154838e-01;2.7250000e+02;7.2137482e-02;2.7250000e+02;3.3508413e-02;2.7250000e+02;-5.4145092e-03;2.7250000e+02;2.2919150e-03;2.7250000e+02;1.4447076e-02;2.7250000e+02;2.8757337e-02;2.7250000e+02;4.7713794e-02;2.7250000e+02;7.1731940e-02;2.7250000e+02;1.0587236e-01;2.7250000e+02;1.4795646e-01;2.7250000e+02;1.9216095e-01;2.7250000e+02;2.2432831e-01;2.7250000e+02;2.3819759e-01;2.7250000e+02;2.3593193e-01;2.7250000e+02;2.1820506e-01;2.7250000e+02;1.8953934e-01;2.7250000e+02;1.5234840e-01;2.7250000e+02;1.1154838e-01;2.7250000e+02;7.2137482e-02;2.7250000e+02;3.3508413e-02;2.7250000e+02;-5.4145092e-03;2.7250000e+02;2.2919150e-03;2.7250000e+02;1.4447076e-02;2.7250000e+02;2.8757337e-02;2.7250000e+02;4.7713794e-02;2.7250000e+02;7.1731940e-02;2.7250000e+02;1.0587236e-01;2.7250000e+02;1.4795646e-01;2.7250000e+02;1.9216095e-01;2.7250000e+02;2.2432831e-01;2.7250000e+02;2.3819759e-01;2.7250000e+02;2.3593193e-01;2.7250000e+02;2.1820506e-01;2.7250000e+02;1.8953934e-01;2.7250000e+02;1.5234840e-01;2.7250000e+02;1.1154838e-01;2.7250000e+02;7.2137482e-02;2.7250000e+02;3.3508413e-02;2.7250000e+02;-5.4145092e-03;2.7250000e+02;2.2919150e-03;2.7250000e+02;1.4447076e-02;2.7250000e+02;2.8757337e-02;2.7250000e+02;4.7713794e-02;2.7250000e+02;7.1731940e-02;2.7250000e+02;1.0587236e-01;2.7250000e+02;1.4795646e-01;2.7250000e+02;1.9216095e-01;2.7250000e+02;2.2432831e-01;2.7250000e+02;2.3819759e-01;2.7250000e+02;2.3593193e-01;2.7250000e+02;2.1820506e-01;2.7250000e+02;1.8953934e-01;2.7250000e+02;1.5234840e-01;2.7250000e+02;1.1154838e-01;2.7250000e+02;7.2137482e-02;2.7250000e+02;3.3508413e-02;2.7250000e+02;-5.4145092e-03;2.7250000e+02;2.2919150e-03;2.7250000e+02;1.4447076e-02;2.7250000e+02;2.8757337e-02;2.7250000e+02;4.7713794e-02;2.7250000e+02;7.1731940e-02;2.7250000e+02;1.0587236e-01;2.7250000e+02;1.4795646e-01;2.7250000e+02;1.9216095e-01;2.7250000e+02;2.2432831e-01;2.7250000e+02;2.3819759e-01;2.7250000e+02;2.3593193e-01;2.7250000e+02;2.1820506e-01;2.7250000e+02;1.8953934e-01;2.7250000e+02;1.5234840e-01;2.7250000e+02;1.1154838e-01;2.7250000e+02;7.2137482e-02;2.7250000e+02;3.3508413e-02;2.7250000e+02;-5.4145092e-03;2.7250000e+02;2.2919150e-03;2.7250000e+02;1.4447076e-02;2.7250000e+02;2.8757337e-02;2.7250000e+02;4.7713794e-02;2.7250000e+02;7.1731940e-02;2.7250000e+02;1.0587236e-01;2.7250000e+02;1.4795646e-01;2.7250000e+02;1.9216095e-01;2.7250000e+02;2.2432831e-01;2.7250000e+02;2.3819759e-01;2.7250000e+02;2.3593193e-01;2.7250000e+02;2.1820506e-01;2.7250000e+02;1.8953934e-01;2.7250000e+02;1.5234840e-01;2.7250000e+02;1.1154838e-01;2.7250000e+02;7.2137482e-02;2.7250000e+02;3.3508413e-02;2.7250000e+02;-5.4145092e-03;2.7250000e+02;2.2919150e-03;2.7250000e+02;1.4447076e-02;2.7250000e+02;2.8757337e-02;2.7250000e+02;4.7713794e-02;2.7250000e+02;7.1731940e-02;2.7250000e+02;1.0587236e-01;2.7250000e+02;1.4795646e-01;2.7250000e+02;1.9216095e-01;2.7250000e+02;2.2432831e-01;2.7250000e+02;2.3819759e-01;2.7250000e+02;2.3593193e-01;2.7250000e+02;2.1820506e-01;2.7250000e+02;1.8953934e-01;2.7250000e+02;1.5234840e-01;2.7250000e+02;1.1154838e-01;2.7250000e+02;7.2137482e-02;2.7250000e+02;3.3508413e-02;2.7250000e+02;-5.4145092e-03;2.7250000e+02;2.2919150e-03;2.7250000e+02;1.4447076e-02;2.7250000e+02;2.8757337e-02;2.7250000e+02;4.7713794e-02;2.7250000e+02;7.1731940e-02;2.7250000e+02;1.0587236e-01;2.7250000e+02;1.4795646e-01;2.7250000e+02;1.9216095e-01;2.7250000e+02;2.2432831e-01;2.7250000e+02;2.3819759e-01;2.7250000e+02;2.3593193e-01;2.7250000e+02;2.1820506e-01;2.7250000e+02;1.8953934e-01;2.7250000e+02;1.5234840e-01;2.7250000e+02;1.1154838e-01;2.7250000e+02;7.2137482e-02;2.7250000e+02;3.3508413e-02;2.7250000e+02;-5.4145092e-03;2.7250000e+02;2.2919150e-03;2.7250000e+02;1.4447076e-02;2.7250000e+02;2.8757337e-02;2.7250000e+02;4.7713794e-02;2.7250000e+02;7.1731940e-02;2.7250000e+02;1.0587236e-01;2.7250000e+02;1.4795646e-01;2.7250000e+02;1.9216095e-01;2.7250000e+02;2.2432831e-01;2.7250000e+02;2.3819759e-01;2.7250000e+02;2.3593193e-01;2.7250000e+02;2.1820506e-01;2.7250000e+02;1.8953934e-01;2.7250000e+02;1.5234840e-01;2.7250000e+02;1.1154838e-01;2.7250000e+02;7.2137482e-02;2.7250000e+02;3.3508413e-02;2.7250000e+02;-5.4145092e-03;2.7250000e+02;2.2919150e-03;2.7250000e+02;1.4447076e-02;2.7250000e+02;2.8757337e-02;2.7250000e+02;4.7713794e-02;2.7250000e+02;7.1731940e-02;2.7250000e+02;1.0587236e-01;2.7250000e+02;1.4795646e-01;2.7250000e+02;1.9216095e-01;2.7250000e+02;2.2432831e-01;2.7250000e+02;2.3819759e-01;2.7250000e+02;2.3593193e-01;2.7250000e+02;2.1820506e-01;2.7250000e+02;1.8953934e-01;2.7250000e+02;1.5234840e-01;2.7250000e+02;1.1154838e-01;2.7250000e+02;7.2137482e-02;2.7250000e+02;3.3508413e-02;2.7250000e+02;-5.4145092e-03;2.7250000e+02;2.2919150e-03;2.7250000e+02;1.4447076e-02;2.7250000e+02;2.8757337e-02;2.7250000e+02;4.7713794e-02;2.7250000e+02;7.1731940e-02;2.7250000e+02;1.0587236e-01;2.7250000e+02;1.4795646e-01;2.7250000e+02;1.9216095e-01;2.7250000e+02;2.2432831e-01;2.7250000e+02;2.3819759e-01;2.7250000e+02;2.3593193e-01;2.7250000e+02;2.1820506e-01;2.7250000e+02;1.8953934e-01;2.7250000e+02;1.5234840e-01;2.7250000e+02;1.1154838e-01;2.7250000e+02;7.2137482e-02;2.7250000e+02;3.3508413e-02;2.7250000e+02;-5.4145092e-03;2.7250000e+02;2.2919150e-03;2.7250000e+02;1.4447076e-02;2.7250000e+02;2.8757337e-02;2.7250000e+02;4.7713794e-02;2.7250000e+02;7.1731940e-02;2.7250000e+02;1.0587236e-01;2.7250000e+02;1.4795646e-01;2.7250000e+02;1.9216095e-01;2.7250000e+02;2.2432831e-01;2.7250000e+02;2.3819759e-01;2.7250000e+02;2.3593193e-01;2.7250000e+02;2.1820506e-01;2.7250000e+02;1.8953934e-01;2.7250000e+02;1.5234840e-01;2.7250000e+02;1.1154838e-01;2.7250000e+02;7.2137482e-02;2.7250000e+02;3.3508413e-02;2.7250000e+02;-5.4145092e-03;2.7250000e+02;2.2919150e-03;2.7250000e+02;1.4447076e-02;2.7250000e+02;2.8757337e-02;2.7250000e+02;4.7713794e-02;2.7250000e+02;7.1731940e-02;2.7250000e+02;1.0587236e-01;2.7250000e+02;1.4795646e-01;2.7250000e+02;1.9216095e-01;2.7250000e+02;2.2432831e-01;2.7250000e+02;2.3819759e-01;2.7250000e+02;2.3593193e-01;2.7250000e+02;2.1820506e-01;2.7250000e+02;1.8953934e-01;2.7250000e+02;1.5234840e-01;2.7250000e+02;1.1154838e-01;2.7250000e+02;7.2137482e-02;2.7250000e+02;3.3508413e-02;2.7250000e+02;-5.4145092e-03;2.7250000e+02;2.2919150e-03;2.7250000e+02;1.4447076e-02;2.7250000e+02;2.8757337e-02;2.7250000e+02;4.7713794e-02;2.7250000e+02;7.1731940e-02;2.7250000e+02;1.0587236e-01;2.7250000e+02;1.4795646e-01;2.7250000e+02;1.9216095e-01;2.7250000e+02;2.2432831e-01;2.7250000e+02;2.3819759e-01;2.7250000e+02;2.3593193e-01;2.7250000e+02;2.1820506e-01;2.7250000e+02;1.8953934e-01;2.7250000e+02;1.5234840e-01;2.7250000e+02;1.1154838e-01;2.7250000e+02;7.2137482e-02;2.7250000e+02;3.3508413e-02;2.7250000e+02;-5.4145092e-03;2.7250000e+02;2.2919150e-03;2.7250000e+02;1.4447076e-02;2.7250000e+02;2.8757337e-02;2.7250000e+02;4.7713794e-02;2.7250000e+02;7.1731940e-02;2.7250000e+02;1.0587236e-01;2.7250000e+02;1.4795646e-01;2.7250000e+02;1.9216095e-01;2.7250000e+02;2.2432831e-01;2.7250000e+02;2.3819759e-01;2.7250000e+02;2.3593193e-01;2.7250000e+02;2.1820506e-01;2.7250000e+02;1.8953934e-01;2.7250000e+02;1.5234840e-01;2.7250000e+02;1.1154838e-01;2.7250000e+02;7.2137482e-02;2.7250000e+02;3.3508413e-02;2.7250000e+02;-5.4145092e-03;2.7250000e+02;2.2919150e-03;2.7250000e+02;1.4447076e-02;2.7250000e+02;2.8757337e-02;2.7250000e+02;4.7713794e-02;2.7250000e+02;7.1731940e-02;2.7250000e+02;1.0587236e-01;2.7250000e+02;1.4795646e-01;2.7250000e+02;1.9216095e-01;2.7250000e+02;2.2432831e-01;2.7250000e+02;2.3819759e-01;2.7250000e+02;2.3593193e-01;2.7250000e+02;2.1820506e-01;2.7250000e+02;1.8953934e-01;2.7250000e+02;1.5234840e-01;2.7250000e+02;1.1154838e-01;2.7250000e+02;7.2137482e-02;2.7250000e+02;3.3508413e-02;2.7250000e+02;-5.4145092e-03;2.7250000e+02;2.2919150e-03;2.7250000e+02;1.4447076e-02;2.7250000e+02;2.8757337e-02;2.7250000e+02;4.7713794e-02;2.7250000e+02;7.1731940e-02;2.7250000e+02;1.0587236e-01;2.7250000e+02;1.4795646e-01;2.7250000e+02;1.9216095e-01;2.7250000e+02;2.2432831e-01;2.7250000e+02;2.3819759e-01;2.7250000e+02;2.3593193e-01;2.7250000e+02;2.1820506e-01;2.7250000e+02;1.8953934e-01;2.7250000e+02;1.5234840e-01;2.7250000e+02;1.1154838e-01;2.7250000e+02;7.2137482e-02;2.7250000e+02;3.3508413e-02;2.7250000e+02;-5.4145092e-03;2.7250000e+02;2.2919150e-03;2.7250000e+02;1.4447076e-02;2.7250000e+02;2.8757337e-02;2.7250000e+02;4.7713794e-02;2.7250000e+02;7.1731940e-02;2.7250000e+02;1.0587236e-01;2.7250000e+02;1.4795646e-01;2.7250000e+02;1.9216095e-01;2.7250000e+02;2.2432831e-01;2.7250000e+02;2.3819759e-01;2.7250000e+02;2.3593193e-01;2.7250000e+02;2.1820506e-01;2.7250000e+02;1.8953934e-01;2.7250000e+02;1.5234840e-01;2.7250000e+02;1.1154838e-01;2.7250000e+02;7.2137482e-02;2.7250000e+02;3.3508413e-02;2.7250000e+02;-5.4145092e-03;2.7250000e+02;2.2919150e-03;2.7250000e+02;1.4447076e-02;2.7250000e+02;2.8757337e-02;2.7250000e+02;4.7713794e-02;2.7250000e+02;7.1731940e-02;2.7250000e+02;1.0587236e-01;2.7250000e+02;1.4795646e-01;2.7250000e+02;1.9216095e-01;2.7250000e+02;2.2432831e-01;2.7250000e+02;2.3819759e-01;2.7250000e+02;2.3593193e-01;2.7250000e+02;2.1820506e-01;2.7250000e+02;1.8953934e-01;2.7250000e+02;1.5234840e-01;2.7250000e+02;1.1154838e-01;2.7250000e+02;7.2137482e-02;2.7250000e+02;3.3508413e-02;2.7250000e+02;-5.4145092e-03;2.7250000e+02;2.2919150e-03;2.7250000e+02;1.4447076e-02;2.7250000e+02;2.8757337e-02;2.7250000e+02;4.7713794e-02;2.7250000e+02;7.1731940e-02;2.7250000e+02;1.0587236e-01;2.7250000e+02;1.4795646e-01;2.7250000e+02;1.9216095e-01;2.7250000e+02;2.2432831e-01;2.7250000e+02;2.3819759e-01;2.7250000e+02;2.3593193e-01;2.7250000e+02;2.1820506e-01;2.7250000e+02;1.8953934e-01;2.7250000e+02;1.5234840e-01;2.7250000e+02;1.1154838e-01;2.7250000e+02;7.2137482e-02;2.7250000e+02;3.3508413e-02;2.7250000e+02;-5.4145092e-03;2.7250000e+02;2.2919150e-03;2.7250000e+02;1.4447076e-02;2.7250000e+02;2.8757337e-02;2.7250000e+02;4.7713794e-02;2.7250000e+02;7.1731940e-02;2.7250000e+02;1.0587236e-01;2.7250000e+02;1.4795646e-01;2.7250000e+02;1.9216095e-01;2.7250000e+02;2.2432831e-01;2.7250000e+02;2.3819759e-01;2.7250000e+02;2.3593193e-01;2.7250000e+02;2.1820506e-01;2.7250000e+02;1.8953934e-01;2.7250000e+02;1.5234840e-01;2.7250000e+02;1.1154838e-01;2.7250000e+02;7.2137482e-02;2.7250000e+02;3.3508413e-02;2.7250000e+02;-5.4145092e-03;2.7250000e+02;2.2919150e-03;2.7250000e+02;1.4447076e-02;2.7250000e+02;2.8757337e-02;2.7250000e+02;4.7713794e-02;2.7250000e+02;7.1731940e-02;2.7250000e+02;1.0587236e-01;2.7250000e+02;1.4795646e-01;2.7250000e+02;1.9216095e-01;2.7250000e+02;2.2432831e-01;2.7250000e+02;2.3819759e-01;2.7250000e+02;2.3593193e-01;2.7250000e+02;2.1820506e-01;2.7250000e+02;1.8953934e-01;2.7250000e+02;1.5234840e-01;2.7250000e+02;1.1154838e-01;2.7250000e+02;7.2137482e-02;2.7250000e+02;3.3508413e-02;2.7250000e+02;-5.4145092e-03;2.7250000e+02;2.2919150e-03;2.7250000e+02;1.4447076e-02;2.7250000e+02;2.8757337e-02;2.7250000e+02;4.7713794e-02;2.7250000e+02;7.1731940e-02;2.7250000e+02;1.0587236e-01;2.7250000e+02;1.4795646e-01;2.7250000e+02;1.9216095e-01;2.7250000e+02;2.2432831e-01;2.7250000e+02;2.3819759e-01;2.7250000e+02;2.3593193e-01;2.7250000e+02;2.1820506e-01;2.7250000e+02;1.8953934e-01;2.7250000e+02;1.5234840e-01;2.7250000e+02;1.1154838e-01;2.7250000e+02;7.2137482e-02;2.7250000e+02;3.3508413e-02;2.7250000e+02;-5.4145092e-03;2.7250000e+02;2.2919150e-03;2.7250000e+02;1.4447076e-02;2.7250000e+02;2.8757337e-02;2.7250000e+02;4.7713794e-02;2.7250000e+02;7.1731940e-02;2.7250000e+02;1.0587236e-01;2.7250000e+02;1.4795646e-01;2.7250000e+02;1.9216095e-01;2.7250000e+02;2.2432831e-01;2.7250000e+02;2.3819759e-01;2.7250000e+02;2.3593193e-01;2.7250000e+02;2.1820506e-01;2.7250000e+02;1.8953934e-01;2.7250000e+02;1.5234840e-01;2.7250000e+02;1.1154838e-01;2.7250000e+02;7.2137482e-02;2.7250000e+02;3.3508413e-02;2.7250000e+02;-5.4145092e-03;2.7250000e+02;2.2919150e-03;2.7250000e+02;1.4447076e-02;2.7250000e+02;2.8757337e-02;2.7250000e+02;4.7713794e-02;2.7250000e+02;7.1731940e-02;2.7250000e+02;1.0587236e-01;2.7250000e+02;1.4795646e-01;2.7250000e+02;1.9216095e-01;2.7250000e+02;2.2432831e-01;2.7250000e+02;2.3819759e-01;2.7250000e+02;2.3593193e-01;2.7250000e+02;2.1820506e-01;2.7250000e+02;1.8953934e-01;2.7250000e+02;1.5234840e-01;2.7250000e+02;1.1154838e-01;2.7250000e+02;7.2137482e-02;2.7250000e+02;3.3508413e-02;2.7250000e+02;-5.4145092e-03;2.7250000e+02;2.2919150e-03;2.7250000e+02;1.4447076e-02;2.7250000e+02;2.8757337e-02;2.7250000e+02;4.7713794e-02;2.7250000e+02;7.1731940e-02;2.7250000e+02;1.0587236e-01;2.7250000e+02;1.4795646e-01;2.7250000e+02;1.9216095e-01;2.7250000e+02;2.2432831e-01;2.7250000e+02;2.3819759e-01;2.7250000e+02;2.3593193e-01;2.7250000e+02;2.1820506e-01;2.7250000e+02;1.8953934e-01;2.7250000e+02;1.5234840e-01;2.7250000e+02;1.1154838e-01;2.7250000e+02;7.2137482e-02;2.7250000e+02;3.3508413e-02;2.7250000e+02;-5.4145092e-03;2.7250000e+02;2.2919150e-03;2.7250000e+02;1.4447076e-02;2.7250000e+02;2.8757337e-02;2.7250000e+02;4.7713794e-02;2.7250000e+02;7.1731940e-02;2.7250000e+02;1.0587236e-01;2.7250000e+02;1.4795646e-01;2.7250000e+02;1.9216095e-01;2.7250000e+02;2.2432831e-01;2.7250000e+02;2.3819759e-01;2.7250000e+02;2.3593193e-01;2.7250000e+02;2.1820506e-01;2.7250000e+02;1.8953934e-01;2.7250000e+02;1.5234840e-01;2.7250000e+02;1.1154838e-01;2.7250000e+02;7.2137482e-02;2.7250000e+02;3.3508413e-02;2.7250000e+02;-5.4145092e-03;2.7250000e+02;2.2919150e-03;2.7250000e+02;1.4447076e-02;2.7250000e+02;2.8757337e-02;2.7250000e+02;4.7713794e-02;2.7250000e+02;7.1731940e-02;2.7250000e+02;1.0587236e-01;2.7250000e+02;1.4795646e-01;2.7250000e+02;1.9216095e-01;2.7250000e+02;2.2432831e-01;2.7250000e+02;2.3819759e-01;2.7250000e+02;2.3593193e-01;2.7250000e+02;2.1820506e-01;2.7250000e+02;1.8953934e-01;2.7250000e+02;1.5234840e-01;2.7250000e+02;1.1154838e-01;2.7250000e+02;7.2137482e-02;2.7250000e+02;3.3508413e-02;2.7250000e+02;-5.4145092e-03;2.7250000e+02;2.2919150e-03;2.7250000e+02;1.4447076e-02;2.7250000e+02;2.8757337e-02;2.7250000e+02;4.7713794e-02;2.7250000e+02;7.1731940e-02;2.7250000e+02;1.0587236e-01;2.7250000e+02;1.4795646e-01;2.7250000e+02;1.9216095e-01;2.7250000e+02;2.2432831e-01;2.7250000e+02;2.3819759e-01;2.7250000e+02;2.3593193e-01;2.7250000e+02;2.1820506e-01;2.7250000e+02;1.8953934e-01;2.7250000e+02;1.5234840e-01;2.7250000e+02;1.1154838e-01;2.7250000e+02;7.2137482e-02;2.7250000e+02;3.3508413e-02;2.7250000e+02;-5.4145092e-03;2.7250000e+02;2.2919150e-03;2.7250000e+02;1.4447076e-02;2.7250000e+02;2.8757337e-02;2.7250000e+02;4.7713794e-02;2.7250000e+02;7.1731940e-02;2.7250000e+02;1.0587236e-01;2.7250000e+02;1.4795646e-01;2.7250000e+02;1.9216095e-01;2.7250000e+02;2.2432831e-01;2.7250000e+02;2.3819759e-01;2.7250000e+02;2.3593193e-01;2.7250000e+02;2.1820506e-01;2.7250000e+02;1.8953934e-01;2.7250000e+02;1.5234840e-01;2.7250000e+02;1.1154838e-01;2.7250000e+02;7.2137482e-02;2.7250000e+02;3.3508413e-02;2.7250000e+02;-5.4145092e-03;2.7250000e+02;2.2919150e-03;2.7250000e+02;1.4447076e-02;2.7250000e+02;2.8757337e-02;2.7250000e+02;4.7713794e-02;2.7250000e+02;7.1731940e-02;2.7250000e+02;1.0587236e-01;2.7250000e+02;1.4795646e-01;2.7250000e+02;1.9216095e-01;2.7250000e+02;2.2432831e-01;2.7250000e+02;2.3819759e-01;2.7250000e+02;2.3593193e-01;2.7250000e+02;2.1820506e-01;2.7250000e+02;1.8953934e-01;2.7250000e+02;1.5234840e-01;2.7250000e+02;1.1154838e-01;2.7250000e+02;7.2137482e-02;2.7250000e+02;3.3508413e-02;2.7250000e+02;-5.4145092e-03;2.7250000e+02;2.2919150e-03;2.7250000e+02;1.4447076e-02;2.7250000e+02;2.8757337e-02;2.7250000e+02;4.7713794e-02;2.7250000e+02;7.1731940e-02;2.7250000e+02;1.0587236e-01;2.7250000e+02;1.4795646e-01;2.7250000e+02;1.9216095e-01;2.7250000e+02;2.2432831e-01;2.7250000e+02;2.3819759e-01;2.7250000e+02;2.3593193e-01;2.7250000e+02;2.1820506e-01;2.7250000e+02;1.8953934e-01;2.7250000e+02;1.5234840e-01;2.7250000e+02;1.1154838e-01;2.7250000e+02;7.2137482e-02;2.7250000e+02;3.3508413e-02;2.7250000e+02;-5.4145092e-03;2.7250000e+02;2.2919150e-03;2.7250000e+02;1.4447076e-02;2.7250000e+02;2.8757337e-02;2.7250000e+02;4.7713794e-02;2.7250000e+02;7.1731940e-02;2.7250000e+02;1.0587236e-01;2.7250000e+02;1.4795646e-01;2.7250000e+02;1.9216095e-01;2.7250000e+02;2.2432831e-01;2.7250000e+02;2.3819759e-01;2.7250000e+02;2.3593193e-01;2.7250000e+02;2.1820506e-01;2.7250000e+02;1.8953934e-01;2.7250000e+02;1.5234840e-01;2.7250000e+02;1.1154838e-01;2.7250000e+02;7.2137482e-02;2.7250000e+02;3.3508413e-02;2.7250000e+02;-5.4145092e-03;2.7250000e+02;2.2919150e-03;2.7250000e+02;1.4447076e-02;2.7250000e+02;2.8757337e-02;2.7250000e+02;4.7713794e-02;2.7250000e+02;7.1731940e-02;2.7250000e+02;1.0587236e-01;2.7250000e+02;1.4795646e-01;2.7250000e+02;1.9216095e-01;2.7250000e+02;2.2432831e-01;2.7250000e+02;2.3819759e-01;2.7250000e+02;2.3593193e-01;2.7250000e+02;2.1820506e-01;2.7250000e+02;1.8953934e-01;2.7250000e+02;1.5234840e-01;2.7250000e+02;1.1154838e-01;2.7250000e+02;7.2137482e-02;2.7250000e+02;3.3508413e-02;2.7250000e+02;-5.4145092e-03;2.7250000e+02;2.2919150e-03;2.7250000e+02;1.4447076e-02;2.7250000e+02;2.8757337e-02;2.7250000e+02;4.7713794e-02;2.7250000e+02;7.1731940e-02;2.7250000e+02;1.0587236e-01;2.7250000e+02;1.4795646e-01;2.7250000e+02;1.9216095e-01;2.7250000e+02;2.2432831e-01;2.7250000e+02;2.3819759e-01;2.7250000e+02;2.3593193e-01;2.7250000e+02;2.1820506e-01;2.7250000e+02;1.8953934e-01;2.7250000e+02;1.5234840e-01;2.7250000e+02;1.1154838e-01;2.7250000e+02;7.2137482e-02;2.7250000e+02;3.3508413e-02;2.7250000e+02;-5.4145092e-03;2.7250000e+02;2.2919150e-03;2.7250000e+02;1.4447076e-02;2.7250000e+02;2.8757337e-02;2.7250000e+02;4.7713794e-02;2.7250000e+02;7.1731940e-02;2.7250000e+02;1.0587236e-01;2.7250000e+02;1.4795646e-01;2.7250000e+02;1.9216095e-01;2.7250000e+02;2.2432831e-01;2.7250000e+02;2.3819759e-01;2.7250000e+02;2.3593193e-01;2.7250000e+02;2.1820506e-01;2.7250000e+02;1.8953934e-01;2.7250000e+02;1.5234840e-01;2.7250000e+02;1.1154838e-01;2.7250000e+02;7.2137482e-02;2.7250000e+02;3.3508413e-02;2.7250000e+02;-5.4145092e-03;2.7250000e+02;2.2919150e-03;2.7250000e+02;1.4447076e-02;2.7250000e+02;2.8757337e-02;2.7250000e+02;4.7713794e-02;2.7250000e+02;7.1731940e-02;2.7250000e+02;1.0587236e-01;2.7250000e+02;1.4795646e-01;2.7250000e+02;1.9216095e-01;2.7250000e+02;2.2432831e-01;2.7250000e+02;2.3819759e-01;2.7250000e+02;2.3593193e-01;2.7250000e+02;2.1820506e-01;2.7250000e+02;1.8953934e-01;2.7250000e+02;1.5234840e-01;2.7250000e+02;1.1154838e-01;2.7250000e+02;7.2137482e-02;2.7250000e+02;3.3508413e-02;2.7250000e+02;-5.4145092e-03;2.7250000e+02;2.2919150e-03;2.7250000e+02;1.4447076e-02;2.7250000e+02;2.8757337e-02;2.7250000e+02;4.7713794e-02;2.7250000e+02;7.1731940e-02;2.7250000e+02;1.0587236e-01;2.7250000e+02;1.4795646e-01;2.7250000e+02;1.9216095e-01;2.7250000e+02;2.2432831e-01;2.7250000e+02;2.3819759e-01;2.7250000e+02;2.3593193e-01;2.7250000e+02;2.1820506e-01;2.7250000e+02;1.8953934e-01;2.7250000e+02;1.5234840e-01;2.7250000e+02;1.1154838e-01;2.7250000e+02;7.2137482e-02;2.7250000e+02;3.3508413e-02;2.7250000e+02;-5.4145092e-03;2.7250000e+02;2.2919150e-03;2.7250000e+02;1.4447076e-02;2.7250000e+02;2.8757337e-02;2.7250000e+02;4.7713794e-02;2.7250000e+02;7.1731940e-02;2.7250000e+02;1.0587236e-01;2.7250000e+02;1.4795646e-01;2.7250000e+02;1.9216095e-01;2.7250000e+02;2.2432831e-01;2.7250000e+02;2.3819759e-01;2.7250000e+02;2.3593193e-01;2.7250000e+02;2.1820506e-01;2.7250000e+02;1.8953934e-01;2.7250000e+02;1.5234840e-01;2.7250000e+02;1.1154838e-01;2.7250000e+02;7.2137482e-02;2.7250000e+02;3.3508413e-02;2.7250000e+02;-5.4145092e-03;2.7250000e+02;2.2919150e-03;2.7250000e+02;1.4447076e-02;2.7250000e+02;2.8757337e-02;2.7250000e+02;4.7713794e-02;2.7250000e+02;7.1731940e-02;2.7250000e+02;1.0587236e-01;2.7250000e+02;1.4795646e-01;2.7250000e+02;1.9216095e-01;2.7250000e+02;2.2432831e-01;2.7250000e+02;2.3819759e-01;2.7250000e+02;2.3593193e-01;2.7250000e+02;2.1820506e-01;2.7250000e+02;1.8953934e-01;2.7250000e+02;1.5234840e-01;2.7250000e+02;1.1154838e-01;2.7250000e+02;7.2137482e-02;2.7250000e+02;3.3508413e-02;2.7250000e+02;-5.4145092e-03;2.7250000e+02;2.2919150e-03;2.7250000e+02;1.4447076e-02;2.7250000e+02;2.8757337e-02;2.7250000e+02;4.7713794e-02;2.7250000e+02;7.1731940e-02;2.7250000e+02;1.0587236e-01;2.7250000e+02;1.4795646e-01;2.7250000e+02;1.9216095e-01;2.7250000e+02;2.2432831e-01;2.7250000e+02;2.3819759e-01;2.7250000e+02;2.3593193e-01;2.7250000e+02;2.1820506e-01;2.7250000e+02;1.8953934e-01;2.7250000e+02;1.5234840e-01;2.7250000e+02;1.1154838e-01;2.7250000e+02;7.2137482e-02;2.7250000e+02;3.3508413e-02;2.7250000e+02;-5.4145092e-03;2.7250000e+02;2.2919150e-03;2.7250000e+02;1.4447076e-02;2.7250000e+02;2.8757337e-02;2.7250000e+02;4.7713794e-02;2.7250000e+02;7.1731940e-02;2.7250000e+02;1.0587236e-01;2.7250000e+02;1.4795646e-01;2.7250000e+02;1.9216095e-01;2.7250000e+02;2.2432831e-01;2.7250000e+02;2.3819759e-01;2.7250000e+02;2.3593193e-01;2.7250000e+02;2.1820506e-01;2.7250000e+02;1.8953934e-01;2.7250000e+02;1.5234840e-01;2.7250000e+02;1.1154838e-01;2.7250000e+02;7.2137482e-02;2.7250000e+02;3.3508413e-02;2.7250000e+02;-5.4145092e-03;2.7250000e+02;2.2919150e-03;2.7250000e+02;1.4447076e-02;2.7250000e+02;2.8757337e-02;2.7250000e+02;4.7713794e-02;2.7250000e+02;7.1731940e-02;2.7250000e+02;1.0587236e-01;2.7250000e+02;1.4795646e-01;2.7250000e+02;1.9216095e-01;2.7250000e+02;2.2432831e-01;2.7250000e+02;2.3819759e-01;2.7250000e+02;2.3593193e-01;2.7250000e+02;2.1820506e-01;2.7250000e+02;1.8953934e-01;2.7250000e+02;1.5234840e-01;2.7250000e+02;1.1154838e-01;2.7250000e+02;7.2137482e-02;2.7250000e+02;3.3508413e-02;2.7250000e+02;-5.4145092e-03;2.7250000e+02;2.2919150e-03;2.7250000e+02;1.4447076e-02;2.7250000e+02;2.8757337e-02;2.7250000e+02;4.7713794e-02;2.7250000e+02;7.1731940e-02;2.7250000e+02;1.0587236e-01;2.7250000e+02;1.4795646e-01;2.7250000e+02;1.9216095e-01;2.7250000e+02;2.2432831e-01;2.7250000e+02;2.3819759e-01;2.7250000e+02;2.3593193e-01;2.7250000e+02;2.1820506e-01;2.7250000e+02;1.8953934e-01;2.7250000e+02;1.5234840e-01;2.7250000e+02;1.1154838e-01;2.7250000e+02;7.2137482e-02;2.7250000e+02;3.3508413e-02;2.7250000e+02;-5.4145092e-03;2.7250000e+02;2.2919150e-03;2.7250000e+02;1.4447076e-02;2.7250000e+02;2.8757337e-02;2.7250000e+02;4.7713794e-02;2.7250000e+02;7.1731940e-02;2.7250000e+02;1.0587236e-01;2.7250000e+02;1.4795646e-01;2.7250000e+02;1.9216095e-01;2.7250000e+02;2.2432831e-01;2.7250000e+02;2.3819759e-01;2.7250000e+02;2.3593193e-01;2.7250000e+02;2.1820506e-01;2.7250000e+02;1.8953934e-01;2.7250000e+02;1.5234840e-01;2.7250000e+02;1.1154838e-01;2.7250000e+02;7.2137482e-02;2.7250000e+02;3.3508413e-02;2.7250000e+02;-5.4145092e-03;2.7250000e+02;2.2919150e-03;2.7250000e+02;1.4447076e-02;2.7250000e+02;2.8757337e-02;2.7250000e+02;4.7713794e-02;2.7250000e+02;7.1731940e-02;2.7250000e+02;1.0587236e-01;2.7250000e+02;1.4795646e-01;2.7250000e+02;1.9216095e-01;2.7250000e+02;2.2432831e-01;2.7250000e+02;2.3819759e-01;2.7250000e+02;2.3593193e-01;2.7250000e+02;2.1820506e-01;2.7250000e+02;1.8953934e-01;2.7250000e+02;1.5234840e-01;2.7250000e+02;1.1154838e-01;2.7250000e+02;7.2137482e-02;2.7250000e+02;3.3508413e-02;2.7250000e+02;-5.4145092e-03;2.7250000e+02;2.2919150e-03;2.7250000e+02;1.4447076e-02;2.7250000e+02;2.8757337e-02;2.7250000e+02;4.7713794e-02;2.7250000e+02;7.1731940e-02;2.7250000e+02;1.0587236e-01;2.7250000e+02;1.4795646e-01;2.7250000e+02;1.9216095e-01;2.7250000e+02;2.2432831e-01;2.7250000e+02;2.3819759e-01;2.7250000e+02;2.3593193e-01;2.7250000e+02;2.1820506e-01;2.7250000e+02;1.8953934e-01;2.7250000e+02;1.5234840e-01;2.7250000e+02;1.1154838e-01;2.7250000e+02;7.2137482e-02;2.7250000e+02;3.3508413e-02;2.7250000e+02;-5.4145092e-03;2.7250000e+02;2.2919150e-03;2.7250000e+02;1.4447076e-02;2.7250000e+02;2.8757337e-02;2.7250000e+02;4.7713794e-02;2.7250000e+02;7.1731940e-02;2.7250000e+02;1.0587236e-01;2.7250000e+02;1.4795646e-01;2.7250000e+02;1.9216095e-01;2.7250000e+02;2.2432831e-01;2.7250000e+02;2.3819759e-01;2.7250000e+02;2.3593193e-01;2.7250000e+02;2.1820506e-01;2.7250000e+02;1.8953934e-01;2.7250000e+02;1.5234840e-01;2.7250000e+02;1.1154838e-01;2.7250000e+02;7.2137482e-02;2.7250000e+02;3.3508413e-02;2.7250000e+02;-5.4145092e-03;2.7250000e+02;2.2919150e-03;2.7250000e+02;1.4447076e-02;2.7250000e+02;2.8757337e-02;2.7250000e+02;4.7713794e-02;2.7250000e+02;7.1731940e-02;2.7250000e+02;1.0587236e-01;2.7250000e+02;1.4795646e-01;2.7250000e+02;1.9216095e-01;2.7250000e+02;2.2432831e-01;2.7250000e+02;2.3819759e-01;2.7250000e+02;2.3593193e-01;2.7250000e+02;2.1820506e-01;2.7250000e+02;1.8953934e-01;2.7250000e+02;1.5234840e-01;2.7250000e+02;1.1154838e-01;2.7250000e+02;7.2137482e-02;2.7250000e+02;3.3508413e-02;2.7250000e+02;-5.4145092e-03;2.7250000e+02;2.2919150e-03;2.7250000e+02;1.4447076e-02;2.7250000e+02;2.8757337e-02;2.7250000e+02;4.7713794e-02;2.7250000e+02;7.1731940e-02;2.7250000e+02;1.0587236e-01;2.7250000e+02;1.4795646e-01;2.7250000e+02;1.9216095e-01;2.7250000e+02;2.2432831e-01;2.7250000e+02;2.3819759e-01;2.7250000e+02;2.3593193e-01;2.7250000e+02;2.1820506e-01;2.7250000e+02;1.8953934e-01;2.7250000e+02;1.5234840e-01;2.7250000e+02;1.1154838e-01;2.7250000e+02;7.2137482e-02;2.7250000e+02;3.3508413e-02;2.7250000e+02;-5.4145092e-03;2.7250000e+02;2.2919150e-03;2.7250000e+02;1.4447076e-02;2.7250000e+02;2.8757337e-02;2.7250000e+02;4.7713794e-02;2.7250000e+02;7.1731940e-02;2.7250000e+02;1.0587236e-01;2.7250000e+02;1.4795646e-01;2.7250000e+02;1.9216095e-01;2.7250000e+02;2.2432831e-01;2.7250000e+02;2.3819759e-01;2.7250000e+02;2.3593193e-01;2.7250000e+02;2.1820506e-01;2.7250000e+02;1.8953934e-01;2.7250000e+02;1.5234840e-01;2.7250000e+02;1.1154838e-01;2.7250000e+02;7.2137482e-02;2.7250000e+02;3.3508413e-02;2.7250000e+02;-5.4145092e-03;2.7250000e+02;2.2919150e-03;2.7250000e+02;1.4447076e-02;2.7250000e+02;2.8757337e-02;2.7250000e+02;4.7713794e-02;2.7250000e+02;7.1731940e-02;2.7250000e+02;1.0587236e-01;2.7250000e+02;1.4795646e-01;2.7250000e+02;1.9216095e-01;2.7250000e+02;2.2432831e-01;2.7250000e+02;2.3819759e-01;2.7250000e+02;2.3593193e-01;2.7250000e+02;2.1820506e-01;2.7250000e+02;1.8953934e-01;2.7250000e+02;1.5234840e-01;2.7250000e+02;1.1154838e-01;2.7250000e+02;7.2137482e-02;2.7250000e+02;3.3508413e-02;2.7250000e+02;-5.4145092e-03;2.7250000e+02;2.2919150e-03;2.7250000e+02;1.4447076e-02;2.7250000e+02;2.8757337e-02;2.7250000e+02;4.7713794e-02;2.7250000e+02;7.1731940e-02;2.7250000e+02;1.0587236e-01;2.7250000e+02;1.4795646e-01;2.7250000e+02;1.9216095e-01;2.7250000e+02;2.2432831e-01;2.7250000e+02;2.3819759e-01;2.7250000e+02;2.3593193e-01;2.7250000e+02;2.1820506e-01;2.7250000e+02;1.8953934e-01;2.7250000e+02;1.5234840e-01;2.7250000e+02;1.1154838e-01;2.7250000e+02;7.2137482e-02;2.7250000e+02;3.3508413e-02
2.7750000e+02;-3.0305618e-03;2.7750000e+02;5.0423993e-03;2.7750000e+02;1.9620664e-02;2.7750000e+02;3.8035110e-02;2.7750000e+02;5.7513736e-02;2.7750000e+02;8.0841877e-02;2.7750000e+02;1.1164287e-01;2.7750000e+02;1.5376642e-01;2.7750000e+02;1.9894825e-01;2.7750000e+02;2.3453611e-01;2.7750000e+02;2.5003880e-01;2.7750000e+02;2.4676414e-01;2.7750000e+02;2.2440150e-01;2.7750000e+02;1.9221240e-01;2.7750000e+02;1.5334243e-01;2.7750000e+02;1.1156150e-01;2.7750000e+02;7.2634563e-02;2.7750000e+02;3.4743268e-02;2.7750000e+02;-3.0305618e-03;2.7750000e+02;5.0423993e-03;2.7750000e+02;1.9620664e-02;2.7750000e+02;3.8035110e-02;2.7750000e+02;5.7513736e-02;2.7750000e+02;8.0841877e-02;2.7750000e+02;1.1164287e-01;2.7750000e+02;1.5376642e-01;2.7750000e+02;1.9894825e-01;2.7750000e+02;2.3453611e-01;2.7750000e+02;2.5003880e-01;2.7750000e+02;2.4676414e-01;2.7750000e+02;2.2440150e-01;2.7750000e+02;1.9221240e-01;2.7750000e+02;1.5334243e-01;2.7750000e+02;1.1156150e-01;2.7750000e+02;7.2634563e-02;2.7750000e+02;3.4743268e-02;2.7750000e+02;-3.0305618e-03;2.7750000e+02;5.0423993e-03;2.7750000e+02;1.9620664e-02;2.7750000e+02;3.8035110e-02;2.7750000e+02;5.7513736e-02;2.7750000e+02;8.0841877e-02;2.7750000e+02;1.1164287e-01;2.7750000e+02;1.5376642e-01;2.7750000e+02;1.9894825e-01;2.7750000e+02;2.3453611e-01;2.7750000e+02;2.5003880e-01;2.7750000e+02;2.4676414e-01;2.7750000e+02;2.2440150e-01;2.7750000e+02;1.9221240e-01;2.7750000e+02;1.5334243e-01;2.7750000e+02;1.1156150e-01;2.7750000e+02;7.2634563e-02;2.7750000e+02;3.4743268e-02;2.7750000e+02;-3.0305618e-03;2.7750000e+02;5.0423993e-03;2.7750000e+02;1.9620664e-02;2.7750000e+02;3.8035110e-02;2.7750000e+02;5.7513736e-02;2.7750000e+02;8.0841877e-02;2.7750000e+02;1.1164287e-01;2.7750000e+02;1.5376642e-01;2.7750000e+02;1.9894825e-01;2.7750000e+02;2.3453611e-01;2.7750000e+02;2.5003880e-01;2.7750000e+02;2.4676414e-01;2.7750000e+02;2.2440150e-01;2.7750000e+02;1.9221240e-01;2.7750000e+02;1.5334243e-01;2.7750000e+02;1.1156150e-01;2.7750000e+02;7.2634563e-02;2.7750000e+02;3.4743268e-02;2.7750000e+02;-3.0305618e-03;2.7750000e+02;5.0423993e-03;2.7750000e+02;1.9620664e-02;2.7750000e+02;3.8035110e-02;2.7750000e+02;5.7513736e-02;2.7750000e+02;8.0841877e-02;2.7750000e+02;1.1164287e-01;2.7750000e+02;1.5376642e-01;2.7750000e+02;1.9894825e-01;2.7750000e+02;2.3453611e-01;2.7750000e+02;2.5003880e-01;2.7750000e+02;2.4676414e-01;2.7750000e+02;2.2440150e-01;2.7750000e+02;1.9221240e-01;2.7750000e+02;1.5334243e-01;2.7750000e+02;1.1156150e-01;2.7750000e+02;7.2634563e-02;2.7750000e+02;3.4743268e-02;2.7750000e+02;-3.0305618e-03;2.7750000e+02;5.0423993e-03;2.7750000e+02;1.9620664e-02;2.7750000e+02;3.8035110e-02;2.7750000e+02;5.7513736e-02;2.7750000e+02;8.0841877e-02;2.7750000e+02;1.1164287e-01;2.7750000e+02;1.5376642e-01;2.7750000e+02;1.9894825e-01;2.7750000e+02;2.3453611e-01;2.7750000e+02;2.5003880e-01;2.7750000e+02;2.4676414e-01;2.7750000e+02;2.2440150e-01;2.7750000e+02;1.9221240e-01;2.7750000e+02;1.5334243e-01;2.7750000e+02;1.1156150e-01;2.7750000e+02;7.2634563e-02;2.7750000e+02;3.4743268e-02;2.7750000e+02;-3.0305618e-03;2.7750000e+02;5.0423993e-03;2.7750000e+02;1.9620664e-02;2.7750000e+02;3.8035110e-02;2.7750000e+02;5.7513736e-02;2.7750000e+02;8.0841877e-02;2.7750000e+02;1.1164287e-01;2.7750000e+02;1.5376642e-01;2.7750000e+02;1.9894825e-01;2.7750000e+02;2.3453611e-01;2.7750000e+02;2.5003880e-01;2.7750000e+02;2.4676414e-01;2.7750000e+02;2.2440150e-01;2.7750000e+02;1.9221240e-01;2.7750000e+02;1.5334243e-01;2.7750000e+02;1.1156150e-01;2.7750000e+02;7.2634563e-02;2.7750000e+02;3.4743268e-02;2.7750000e+02;-3.0305618e-03;2.7750000e+02;5.0423993e-03;2.7750000e+02;1.9620664e-02;2.7750000e+02;3.8035110e-02;2.7750000e+02;5.7513736e-02;2.7750000e+02;8.0841877e-02;2.7750000e+02;1.1164287e-01;2.7750000e+02;1.5376642e-01;2.7750000e+02;1.9894825e-01;2.7750000e+02;2.3453611e-01;2.7750000e+02;2.5003880e-01;2.7750000e+02;2.4676414e-01;2.7750000e+02;2.2440150e-01;2.7750000e+02;1.9221240e-01;2.7750000e+02;1.5334243e-01;2.7750000e+02;1.1156150e-01;2.7750000e+02;7.2634563e-02;2.7750000e+02;3.4743268e-02;2.7750000e+02;-3.0305618e-03;2.7750000e+02;5.0423993e-03;2.7750000e+02;1.9620664e-02;2.7750000e+02;3.8035110e-02;2.7750000e+02;5.7513736e-02;2.7750000e+02;8.0841877e-02;2.7750000e+02;1.1164287e-01;2.7750000e+02;1.5376642e-01;2.7750000e+02;1.9894825e-01;2.7750000e+02;2.3453611e-01;2.7750000e+02;2.5003880e-01;2.7750000e+02;2.4676414e-01;2.7750000e+02;2.2440150e-01;2.7750000e+02;1.9221240e-01;2.7750000e+02;1.5334243e-01;2.7750000e+02;1.1156150e-01;2.7750000e+02;7.2634563e-02;2.7750000e+02;3.4743268e-02;2.7750000e+02;-3.0305618e-03;2.7750000e+02;5.0423993e-03;2.7750000e+02;1.9620664e-02;2.7750000e+02;3.8035110e-02;2.7750000e+02;5.7513736e-02;2.7750000e+02;8.0841877e-02;2.7750000e+02;1.1164287e-01;2.7750000e+02;1.5376642e-01;2.7750000e+02;1.9894825e-01;2.7750000e+02;2.3453611e-01;2.7750000e+02;2.5003880e-01;2.7750000e+02;2.4676414e-01;2.7750000e+02;2.2440150e-01;2.7750000e+02;1.9221240e-01;2.7750000e+02;1.5334243e-01;2.7750000e+02;1.1156150e-01;2.7750000e+02;7.2634563e-02;2.7750000e+02;3.4743268e-02;2.7750000e+02;-3.0305618e-03;2.7750000e+02;5.0423993e-03;2.7750000e+02;1.9620664e-02;2.7750000e+02;3.8035110e-02;2.7750000e+02;5.7513736e-02;2.7750000e+02;8.0841877e-02;2.7750000e+02;1.1164287e-01;2.7750000e+02;1.5376642e-01;2.7750000e+02;1.9894825e-01;2.7750000e+02;2.3453611e-01;2.7750000e+02;2.5003880e-01;2.7750000e+02;2.4676414e-01;2.7750000e+02;2.2440150e-01;2.7750000e+02;1.9221240e-01;2.7750000e+02;1.5334243e-01;2.7750000e+02;1.1156150e-01;2.7750000e+02;7.2634563e-02;2.7750000e+02;3.4743268e-02;2.7750000e+02;-3.0305618e-03;2.7750000e+02;5.0423993e-03;2.7750000e+02;1.9620664e-02;2.7750000e+02;3.8035110e-02;2.7750000e+02;5.7513736e-02;2.7750000e+02;8.0841877e-02;2.7750000e+02;1.1164287e-01;2.7750000e+02;1.5376642e-01;2.7750000e+02;1.9894825e-01;2.7750000e+02;2.3453611e-01;2.7750000e+02;2.5003880e-01;2.7750000e+02;2.4676414e-01;2.7750000e+02;2.2440150e-01;2.7750000e+02;1.9221240e-01;2.7750000e+02;1.5334243e-01;2.7750000e+02;1.1156150e-01;2.7750000e+02;7.2634563e-02;2.7750000e+02;3.4743268e-02;2.7750000e+02;-3.0305618e-03;2.7750000e+02;5.0423993e-03;2.7750000e+02;1.9620664e-02;2.7750000e+02;3.8035110e-02;2.7750000e+02;5.7513736e-02;2.7750000e+02;8.0841877e-02;2.7750000e+02;1.1164287e-01;2.7750000e+02;1.5376642e-01;2.7750000e+02;1.9894825e-01;2.7750000e+02;2.3453611e-01;2.7750000e+02;2.5003880e-01;2.7750000e+02;2.4676414e-01;2.7750000e+02;2.2440150e-01;2.7750000e+02;1.9221240e-01;2.7750000e+02;1.5334243e-01;2.7750000e+02;1.1156150e-01;2.7750000e+02;7.2634563e-02;2.7750000e+02;3.4743268e-02;2.7750000e+02;-3.0305618e-03;2.7750000e+02;5.0423993e-03;2.7750000e+02;1.9620664e-02;2.7750000e+02;3.8035110e-02;2.7750000e+02;5.7513736e-02;2.7750000e+02;8.0841877e-02;2.7750000e+02;1.1164287e-01;2.7750000e+02;1.5376642e-01;2.7750000e+02;1.9894825e-01;2.7750000e+02;2.3453611e-01;2.7750000e+02;2.5003880e-01;2.7750000e+02;2.4676414e-01;2.7750000e+02;2.2440150e-01;2.7750000e+02;1.9221240e-01;2.7750000e+02;1.5334243e-01;2.7750000e+02;1.1156150e-01;2.7750000e+02;7.2634563e-02;2.7750000e+02;3.4743268e-02;2.7750000e+02;-3.0305618e-03;2.7750000e+02;5.0423993e-03;2.7750000e+02;1.9620664e-02;2.7750000e+02;3.8035110e-02;2.7750000e+02;5.7513736e-02;2.7750000e+02;8.0841877e-02;2.7750000e+02;1.1164287e-01;2.7750000e+02;1.5376642e-01;2.7750000e+02;1.9894825e-01;2.7750000e+02;2.3453611e-01;2.7750000e+02;2.5003880e-01;2.7750000e+02;2.4676414e-01;2.7750000e+02;2.2440150e-01;2.7750000e+02;1.9221240e-01;2.7750000e+02;1.5334243e-01;2.7750000e+02;1.1156150e-01;2.7750000e+02;7.2634563e-02;2.7750000e+02;3.4743268e-02;2.7750000e+02;-3.0305618e-03;2.7750000e+02;5.0423993e-03;2.7750000e+02;1.9620664e-02;2.7750000e+02;3.8035110e-02;2.7750000e+02;5.7513736e-02;2.7750000e+02;8.0841877e-02;2.7750000e+02;1.1164287e-01;2.7750000e+02;1.5376642e-01;2.7750000e+02;1.9894825e-01;2.7750000e+02;2.3453611e-01;2.7750000e+02;2.5003880e-01;2.7750000e+02;2.4676414e-01;2.7750000e+02;2.2440150e-01;2.7750000e+02;1.9221240e-01;2.7750000e+02;1.5334243e-01;2.7750000e+02;1.1156150e-01;2.7750000e+02;7.2634563e-02;2.7750000e+02;3.4743268e-02;2.7750000e+02;-3.0305618e-03;2.7750000e+02;5.0423993e-03;2.7750000e+02;1.9620664e-02;2.7750000e+02;3.8035110e-02;2.7750000e+02;5.7513736e-02;2.7750000e+02;8.0841877e-02;2.7750000e+02;1.1164287e-01;2.7750000e+02;1.5376642e-01;2.7750000e+02;1.9894825e-01;2.7750000e+02;2.3453611e-01;2.7750000e+02;2.5003880e-01;2.7750000e+02;2.4676414e-01;2.7750000e+02;2.2440150e-01;2.7750000e+02;1.9221240e-01;2.7750000e+02;1.5334243e-01;2.7750000e+02;1.1156150e-01;2.7750000e+02;7.2634563e-02;2.7750000e+02;3.4743268e-02;2.7750000e+02;-3.0305618e-03;2.7750000e+02;5.0423993e-03;2.7750000e+02;1.9620664e-02;2.7750000e+02;3.8035110e-02;2.7750000e+02;5.7513736e-02;2.7750000e+02;8.0841877e-02;2.7750000e+02;1.1164287e-01;2.7750000e+02;1.5376642e-01;2.7750000e+02;1.9894825e-01;2.7750000e+02;2.3453611e-01;2.7750000e+02;2.5003880e-01;2.7750000e+02;2.4676414e-01;2.7750000e+02;2.2440150e-01;2.7750000e+02;1.9221240e-01;2.7750000e+02;1.5334243e-01;2.7750000e+02;1.1156150e-01;2.7750000e+02;7.2634563e-02;2.7750000e+02;3.4743268e-02;2.7750000e+02;-3.0305618e-03;2.7750000e+02;5.0423993e-03;2.7750000e+02;1.9620664e-02;2.7750000e+02;3.8035110e-02;2.7750000e+02;5.7513736e-02;2.7750000e+02;8.0841877e-02;2.7750000e+02;1.1164287e-01;2.7750000e+02;1.5376642e-01;2.7750000e+02;1.9894825e-01;2.7750000e+02;2.3453611e-01;2.7750000e+02;2.5003880e-01;2.7750000e+02;2.4676414e-01;2.7750000e+02;2.2440150e-01;2.7750000e+02;1.9221240e-01;2.7750000e+02;1.5334243e-01;2.7750000e+02;1.1156150e-01;2.7750000e+02;7.2634563e-02;2.7750000e+02;3.4743268e-02;2.7750000e+02;-3.0305618e-03;2.7750000e+02;5.0423993e-03;2.7750000e+02;1.9620664e-02;2.7750000e+02;3.8035110e-02;2.7750000e+02;5.7513736e-02;2.7750000e+02;8.0841877e-02;2.7750000e+02;1.1164287e-01;2.7750000e+02;1.5376642e-01;2.7750000e+02;1.9894825e-01;2.7750000e+02;2.3453611e-01;2.7750000e+02;2.5003880e-01;2.7750000e+02;2.4676414e-01;2.7750000e+02;2.2440150e-01;2.7750000e+02;1.9221240e-01;2.7750000e+02;1.5334243e-01;2.7750000e+02;1.1156150e-01;2.7750000e+02;7.2634563e-02;2.7750000e+02;3.4743268e-02;2.7750000e+02;-3.0305618e-03;2.7750000e+02;5.0423993e-03;2.7750000e+02;1.9620664e-02;2.7750000e+02;3.8035110e-02;2.7750000e+02;5.7513736e-02;2.7750000e+02;8.0841877e-02;2.7750000e+02;1.1164287e-01;2.7750000e+02;1.5376642e-01;2.7750000e+02;1.9894825e-01;2.7750000e+02;2.3453611e-01;2.7750000e+02;2.5003880e-01;2.7750000e+02;2.4676414e-01;2.7750000e+02;2.2440150e-01;2.7750000e+02;1.9221240e-01;2.7750000e+02;1.5334243e-01;2.7750000e+02;1.1156150e-01;2.7750000e+02;7.2634563e-02;2.7750000e+02;3.4743268e-02;2.7750000e+02;-3.0305618e-03;2.7750000e+02;5.0423993e-03;2.7750000e+02;1.9620664e-02;2.7750000e+02;3.8035110e-02;2.7750000e+02;5.7513736e-02;2.7750000e+02;8.0841877e-02;2.7750000e+02;1.1164287e-01;2.7750000e+02;1.5376642e-01;2.7750000e+02;1.9894825e-01;2.7750000e+02;2.3453611e-01;2.7750000e+02;2.5003880e-01;2.7750000e+02;2.4676414e-01;2.7750000e+02;2.2440150e-01;2.7750000e+02;1.9221240e-01;2.7750000e+02;1.5334243e-01;2.7750000e+02;1.1156150e-01;2.7750000e+02;7.2634563e-02;2.7750000e+02;3.4743268e-02;2.7750000e+02;-3.0305618e-03;2.7750000e+02;5.0423993e-03;2.7750000e+02;1.9620664e-02;2.7750000e+02;3.8035110e-02;2.7750000e+02;5.7513736e-02;2.7750000e+02;8.0841877e-02;2.7750000e+02;1.1164287e-01;2.7750000e+02;1.5376642e-01;2.7750000e+02;1.9894825e-01;2.7750000e+02;2.3453611e-01;2.7750000e+02;2.5003880e-01;2.7750000e+02;2.4676414e-01;2.7750000e+02;2.2440150e-01;2.7750000e+02;1.9221240e-01;2.7750000e+02;1.5334243e-01;2.7750000e+02;1.1156150e-01;2.7750000e+02;7.2634563e-02;2.7750000e+02;3.4743268e-02;2.7750000e+02;-3.0305618e-03;2.7750000e+02;5.0423993e-03;2.7750000e+02;1.9620664e-02;2.7750000e+02;3.8035110e-02;2.7750000e+02;5.7513736e-02;2.7750000e+02;8.0841877e-02;2.7750000e+02;1.1164287e-01;2.7750000e+02;1.5376642e-01;2.7750000e+02;1.9894825e-01;2.7750000e+02;2.3453611e-01;2.7750000e+02;2.5003880e-01;2.7750000e+02;2.4676414e-01;2.7750000e+02;2.2440150e-01;2.7750000e+02;1.9221240e-01;2.7750000e+02;1.5334243e-01;2.7750000e+02;1.1156150e-01;2.7750000e+02;7.2634563e-02;2.7750000e+02;3.4743268e-02;2.7750000e+02;-3.0305618e-03;2.7750000e+02;5.0423993e-03;2.7750000e+02;1.9620664e-02;2.7750000e+02;3.8035110e-02;2.7750000e+02;5.7513736e-02;2.7750000e+02;8.0841877e-02;2.7750000e+02;1.1164287e-01;2.7750000e+02;1.5376642e-01;2.7750000e+02;1.9894825e-01;2.7750000e+02;2.3453611e-01;2.7750000e+02;2.5003880e-01;2.7750000e+02;2.4676414e-01;2.7750000e+02;2.2440150e-01;2.7750000e+02;1.9221240e-01;2.7750000e+02;1.5334243e-01;2.7750000e+02;1.1156150e-01;2.7750000e+02;7.2634563e-02;2.7750000e+02;3.4743268e-02;2.7750000e+02;-3.0305618e-03;2.7750000e+02;5.0423993e-03;2.7750000e+02;1.9620664e-02;2.7750000e+02;3.8035110e-02;2.7750000e+02;5.7513736e-02;2.7750000e+02;8.0841877e-02;2.7750000e+02;1.1164287e-01;2.7750000e+02;1.5376642e-01;2.7750000e+02;1.9894825e-01;2.7750000e+02;2.3453611e-01;2.7750000e+02;2.5003880e-01;2.7750000e+02;2.4676414e-01;2.7750000e+02;2.2440150e-01;2.7750000e+02;1.9221240e-01;2.7750000e+02;1.5334243e-01;2.7750000e+02;1.1156150e-01;2.7750000e+02;7.2634563e-02;2.7750000e+02;3.4743268e-02;2.7750000e+02;-3.0305618e-03;2.7750000e+02;5.0423993e-03;2.7750000e+02;1.9620664e-02;2.7750000e+02;3.8035110e-02;2.7750000e+02;5.7513736e-02;2.7750000e+02;8.0841877e-02;2.7750000e+02;1.1164287e-01;2.7750000e+02;1.5376642e-01;2.7750000e+02;1.9894825e-01;2.7750000e+02;2.3453611e-01;2.7750000e+02;2.5003880e-01;2.7750000e+02;2.4676414e-01;2.7750000e+02;2.2440150e-01;2.7750000e+02;1.9221240e-01;2.7750000e+02;1.5334243e-01;2.7750000e+02;1.1156150e-01;2.7750000e+02;7.2634563e-02;2.7750000e+02;3.4743268e-02;2.7750000e+02;-3.0305618e-03;2.7750000e+02;5.0423993e-03;2.7750000e+02;1.9620664e-02;2.7750000e+02;3.8035110e-02;2.7750000e+02;5.7513736e-02;2.7750000e+02;8.0841877e-02;2.7750000e+02;1.1164287e-01;2.7750000e+02;1.5376642e-01;2.7750000e+02;1.9894825e-01;2.7750000e+02;2.3453611e-01;2.7750000e+02;2.5003880e-01;2.7750000e+02;2.4676414e-01;2.7750000e+02;2.2440150e-01;2.7750000e+02;1.9221240e-01;2.7750000e+02;1.5334243e-01;2.7750000e+02;1.1156150e-01;2.7750000e+02;7.2634563e-02;2.7750000e+02;3.4743268e-02;2.7750000e+02;-3.0305618e-03;2.7750000e+02;5.0423993e-03;2.7750000e+02;1.9620664e-02;2.7750000e+02;3.8035110e-02;2.7750000e+02;5.7513736e-02;2.7750000e+02;8.0841877e-02;2.7750000e+02;1.1164287e-01;2.7750000e+02;1.5376642e-01;2.7750000e+02;1.9894825e-01;2.7750000e+02;2.3453611e-01;2.7750000e+02;2.5003880e-01;2.7750000e+02;2.4676414e-01;2.7750000e+02;2.2440150e-01;2.7750000e+02;1.9221240e-01;2.7750000e+02;1.5334243e-01;2.7750000e+02;1.1156150e-01;2.7750000e+02;7.2634563e-02;2.7750000e+02;3.4743268e-02;2.7750000e+02;-3.0305618e-03;2.7750000e+02;5.0423993e-03;2.7750000e+02;1.9620664e-02;2.7750000e+02;3.8035110e-02;2.7750000e+02;5.7513736e-02;2.7750000e+02;8.0841877e-02;2.7750000e+02;1.1164287e-01;2.7750000e+02;1.5376642e-01;2.7750000e+02;1.9894825e-01;2.7750000e+02;2.3453611e-01;2.7750000e+02;2.5003880e-01;2.7750000e+02;2.4676414e-01;2.7750000e+02;2.2440150e-01;2.7750000e+02;1.9221240e-01;2.7750000e+02;1.5334243e-01;2.7750000e+02;1.1156150e-01;2.7750000e+02;7.2634563e-02;2.7750000e+02;3.4743268e-02;2.7750000e+02;-3.0305618e-03;2.7750000e+02;5.0423993e-03;2.7750000e+02;1.9620664e-02;2.7750000e+02;3.8035110e-02;2.7750000e+02;5.7513736e-02;2.7750000e+02;8.0841877e-02;2.7750000e+02;1.1164287e-01;2.7750000e+02;1.5376642e-01;2.7750000e+02;1.9894825e-01;2.7750000e+02;2.3453611e-01;2.7750000e+02;2.5003880e-01;2.7750000e+02;2.4676414e-01;2.7750000e+02;2.2440150e-01;2.7750000e+02;1.9221240e-01;2.7750000e+02;1.5334243e-01;2.7750000e+02;1.1156150e-01;2.7750000e+02;7.2634563e-02;2.7750000e+02;3.4743268e-02;2.7750000e+02;-3.0305618e-03;2.7750000e+02;5.0423993e-03;2.7750000e+02;1.9620664e-02;2.7750000e+02;3.8035110e-02;2.7750000e+02;5.7513736e-02;2.7750000e+02;8.0841877e-02;2.7750000e+02;1.1164287e-01;2.7750000e+02;1.5376642e-01;2.7750000e+02;1.9894825e-01;2.7750000e+02;2.3453611e-01;2.7750000e+02;2.5003880e-01;2.7750000e+02;2.4676414e-01;2.7750000e+02;2.2440150e-01;2.7750000e+02;1.9221240e-01;2.7750000e+02;1.5334243e-01;2.7750000e+02;1.1156150e-01;2.7750000e+02;7.2634563e-02;2.7750000e+02;3.4743268e-02;2.7750000e+02;-3.0305618e-03;2.7750000e+02;5.0423993e-03;2.7750000e+02;1.9620664e-02;2.7750000e+02;3.8035110e-02;2.7750000e+02;5.7513736e-02;2.7750000e+02;8.0841877e-02;2.7750000e+02;1.1164287e-01;2.7750000e+02;1.5376642e-01;2.7750000e+02;1.9894825e-01;2.7750000e+02;2.3453611e-01;2.7750000e+02;2.5003880e-01;2.7750000e+02;2.4676414e-01;2.7750000e+02;2.2440150e-01;2.7750000e+02;1.9221240e-01;2.7750000e+02;1.5334243e-01;2.7750000e+02;1.1156150e-01;2.7750000e+02;7.2634563e-02;2.7750000e+02;3.4743268e-02;2.7750000e+02;-3.0305618e-03;2.7750000e+02;5.0423993e-03;2.7750000e+02;1.9620664e-02;2.7750000e+02;3.8035110e-02;2.7750000e+02;5.7513736e-02;2.7750000e+02;8.0841877e-02;2.7750000e+02;1.1164287e-01;2.7750000e+02;1.5376642e-01;2.7750000e+02;1.9894825e-01;2.7750000e+02;2.3453611e-01;2.7750000e+02;2.5003880e-01;2.7750000e+02;2.4676414e-01;2.7750000e+02;2.2440150e-01;2.7750000e+02;1.9221240e-01;2.7750000e+02;1.5334243e-01;2.7750000e+02;1.1156150e-01;2.7750000e+02;7.2634563e-02;2.7750000e+02;3.4743268e-02;2.7750000e+02;-3.0305618e-03;2.7750000e+02;5.0423993e-03;2.7750000e+02;1.9620664e-02;2.7750000e+02;3.8035110e-02;2.7750000e+02;5.7513736e-02;2.7750000e+02;8.0841877e-02;2.7750000e+02;1.1164287e-01;2.7750000e+02;1.5376642e-01;2.7750000e+02;1.9894825e-01;2.7750000e+02;2.3453611e-01;2.7750000e+02;2.5003880e-01;2.7750000e+02;2.4676414e-01;2.7750000e+02;2.2440150e-01;2.7750000e+02;1.9221240e-01;2.7750000e+02;1.5334243e-01;2.7750000e+02;1.1156150e-01;2.7750000e+02;7.2634563e-02;2.7750000e+02;3.4743268e-02;2.7750000e+02;-3.0305618e-03;2.7750000e+02;5.0423993e-03;2.7750000e+02;1.9620664e-02;2.7750000e+02;3.8035110e-02;2.7750000e+02;5.7513736e-02;2.7750000e+02;8.0841877e-02;2.7750000e+02;1.1164287e-01;2.7750000e+02;1.5376642e-01;2.7750000e+02;1.9894825e-01;2.7750000e+02;2.3453611e-01;2.7750000e+02;2.5003880e-01;2.7750000e+02;2.4676414e-01;2.7750000e+02;2.2440150e-01;2.7750000e+02;1.9221240e-01;2.7750000e+02;1.5334243e-01;2.7750000e+02;1.1156150e-01;2.7750000e+02;7.2634563e-02;2.7750000e+02;3.4743268e-02;2.7750000e+02;-3.0305618e-03;2.7750000e+02;5.0423993e-03;2.7750000e+02;1.9620664e-02;2.7750000e+02;3.8035110e-02;2.7750000e+02;5.7513736e-02;2.7750000e+02;8.0841877e-02;2.7750000e+02;1.1164287e-01;2.7750000e+02;1.5376642e-01;2.7750000e+02;1.9894825e-01;2.7750000e+02;2.3453611e-01;2.7750000e+02;2.5003880e-01;2.7750000e+02;2.4676414e-01;2.7750000e+02;2.2440150e-01;2.7750000e+02;1.9221240e-01;2.7750000e+02;1.5334243e-01;2.7750000e+02;1.1156150e-01;2.7750000e+02;7.2634563e-02;2.7750000e+02;3.4743268e-02;2.7750000e+02;-3.0305618e-03;2.7750000e+02;5.0423993e-03;2.7750000e+02;1.9620664e-02;2.7750000e+02;3.8035110e-02;2.7750000e+02;5.7513736e-02;2.7750000e+02;8.0841877e-02;2.7750000e+02;1.1164287e-01;2.7750000e+02;1.5376642e-01;2.7750000e+02;1.9894825e-01;2.7750000e+02;2.3453611e-01;2.7750000e+02;2.5003880e-01;2.7750000e+02;2.4676414e-01;2.7750000e+02;2.2440150e-01;2.7750000e+02;1.9221240e-01;2.7750000e+02;1.5334243e-01;2.7750000e+02;1.1156150e-01;2.7750000e+02;7.2634563e-02;2.7750000e+02;3.4743268e-02;2.7750000e+02;-3.0305618e-03;2.7750000e+02;5.0423993e-03;2.7750000e+02;1.9620664e-02;2.7750000e+02;3.8035110e-02;2.7750000e+02;5.7513736e-02;2.7750000e+02;8.0841877e-02;2.7750000e+02;1.1164287e-01;2.7750000e+02;1.5376642e-01;2.7750000e+02;1.9894825e-01;2.7750000e+02;2.3453611e-01;2.7750000e+02;2.5003880e-01;2.7750000e+02;2.4676414e-01;2.7750000e+02;2.2440150e-01;2.7750000e+02;1.9221240e-01;2.7750000e+02;1.5334243e-01;2.7750000e+02;1.1156150e-01;2.7750000e+02;7.2634563e-02;2.7750000e+02;3.4743268e-02;2.7750000e+02;-3.0305618e-03;2.7750000e+02;5.0423993e-03;2.7750000e+02;1.9620664e-02;2.7750000e+02;3.8035110e-02;2.7750000e+02;5.7513736e-02;2.7750000e+02;8.0841877e-02;2.7750000e+02;1.1164287e-01;2.7750000e+02;1.5376642e-01;2.7750000e+02;1.9894825e-01;2.7750000e+02;2.3453611e-01;2.7750000e+02;2.5003880e-01;2.7750000e+02;2.4676414e-01;2.7750000e+02;2.2440150e-01;2.7750000e+02;1.9221240e-01;2.7750000e+02;1.5334243e-01;2.7750000e+02;1.1156150e-01;2.7750000e+02;7.2634563e-02;2.7750000e+02;3.4743268e-02;2.7750000e+02;-3.0305618e-03;2.7750000e+02;5.0423993e-03;2.7750000e+02;1.9620664e-02;2.7750000e+02;3.8035110e-02;2.7750000e+02;5.7513736e-02;2.7750000e+02;8.0841877e-02;2.7750000e+02;1.1164287e-01;2.7750000e+02;1.5376642e-01;2.7750000e+02;1.9894825e-01;2.7750000e+02;2.3453611e-01;2.7750000e+02;2.5003880e-01;2.7750000e+02;2.4676414e-01;2.7750000e+02;2.2440150e-01;2.7750000e+02;1.9221240e-01;2.7750000e+02;1.5334243e-01;2.7750000e+02;1.1156150e-01;2.7750000e+02;7.2634563e-02;2.7750000e+02;3.4743268e-02;2.7750000e+02;-3.0305618e-03;2.7750000e+02;5.0423993e-03;2.7750000e+02;1.9620664e-02;2.7750000e+02;3.8035110e-02;2.7750000e+02;5.7513736e-02;2.7750000e+02;8.0841877e-02;2.7750000e+02;1.1164287e-01;2.7750000e+02;1.5376642e-01;2.7750000e+02;1.9894825e-01;2.7750000e+02;2.3453611e-01;2.7750000e+02;2.5003880e-01;2.7750000e+02;2.4676414e-01;2.7750000e+02;2.2440150e-01;2.7750000e+02;1.9221240e-01;2.7750000e+02;1.5334243e-01;2.7750000e+02;1.1156150e-01;2.7750000e+02;7.2634563e-02;2.7750000e+02;3.4743268e-02;2.7750000e+02;-3.0305618e-03;2.7750000e+02;5.0423993e-03;2.7750000e+02;1.9620664e-02;2.7750000e+02;3.8035110e-02;2.7750000e+02;5.7513736e-02;2.7750000e+02;8.0841877e-02;2.7750000e+02;1.1164287e-01;2.7750000e+02;1.5376642e-01;2.7750000e+02;1.9894825e-01;2.7750000e+02;2.3453611e-01;2.7750000e+02;2.5003880e-01;2.7750000e+02;2.4676414e-01;2.7750000e+02;2.2440150e-01;2.7750000e+02;1.9221240e-01;2.7750000e+02;1.5334243e-01;2.7750000e+02;1.1156150e-01;2.7750000e+02;7.2634563e-02;2.7750000e+02;3.4743268e-02;2.7750000e+02;-3.0305618e-03;2.7750000e+02;5.0423993e-03;2.7750000e+02;1.9620664e-02;2.7750000e+02;3.8035110e-02;2.7750000e+02;5.7513736e-02;2.7750000e+02;8.0841877e-02;2.7750000e+02;1.1164287e-01;2.7750000e+02;1.5376642e-01;2.7750000e+02;1.9894825e-01;2.7750000e+02;2.3453611e-01;2.7750000e+02;2.5003880e-01;2.7750000e+02;2.4676414e-01;2.7750000e+02;2.2440150e-01;2.7750000e+02;1.9221240e-01;2.7750000e+02;1.5334243e-01;2.7750000e+02;1.1156150e-01;2.7750000e+02;7.2634563e-02;2.7750000e+02;3.4743268e-02;2.7750000e+02;-3.0305618e-03;2.7750000e+02;5.0423993e-03;2.7750000e+02;1.9620664e-02;2.7750000e+02;3.8035110e-02;2.7750000e+02;5.7513736e-02;2.7750000e+02;8.0841877e-02;2.7750000e+02;1.1164287e-01;2.7750000e+02;1.5376642e-01;2.7750000e+02;1.9894825e-01;2.7750000e+02;2.3453611e-01;2.7750000e+02;2.5003880e-01;2.7750000e+02;2.4676414e-01;2.7750000e+02;2.2440150e-01;2.7750000e+02;1.9221240e-01;2.7750000e+02;1.5334243e-01;2.7750000e+02;1.1156150e-01;2.7750000e+02;7.2634563e-02;2.7750000e+02;3.4743268e-02;2.7750000e+02;-3.0305618e-03;2.7750000e+02;5.0423993e-03;2.7750000e+02;1.9620664e-02;2.7750000e+02;3.8035110e-02;2.7750000e+02;5.7513736e-02;2.7750000e+02;8.0841877e-02;2.7750000e+02;1.1164287e-01;2.7750000e+02;1.5376642e-01;2.7750000e+02;1.9894825e-01;2.7750000e+02;2.3453611e-01;2.7750000e+02;2.5003880e-01;2.7750000e+02;2.4676414e-01;2.7750000e+02;2.2440150e-01;2.7750000e+02;1.9221240e-01;2.7750000e+02;1.5334243e-01;2.7750000e+02;1.1156150e-01;2.7750000e+02;7.2634563e-02;2.7750000e+02;3.4743268e-02;2.7750000e+02;-3.0305618e-03;2.7750000e+02;5.0423993e-03;2.7750000e+02;1.9620664e-02;2.7750000e+02;3.8035110e-02;2.7750000e+02;5.7513736e-02;2.7750000e+02;8.0841877e-02;2.7750000e+02;1.1164287e-01;2.7750000e+02;1.5376642e-01;2.7750000e+02;1.9894825e-01;2.7750000e+02;2.3453611e-01;2.7750000e+02;2.5003880e-01;2.7750000e+02;2.4676414e-01;2.7750000e+02;2.2440150e-01;2.7750000e+02;1.9221240e-01;2.7750000e+02;1.5334243e-01;2.7750000e+02;1.1156150e-01;2.7750000e+02;7.2634563e-02;2.7750000e+02;3.4743268e-02;2.7750000e+02;-3.0305618e-03;2.7750000e+02;5.0423993e-03;2.7750000e+02;1.9620664e-02;2.7750000e+02;3.8035110e-02;2.7750000e+02;5.7513736e-02;2.7750000e+02;8.0841877e-02;2.7750000e+02;1.1164287e-01;2.7750000e+02;1.5376642e-01;2.7750000e+02;1.9894825e-01;2.7750000e+02;2.3453611e-01;2.7750000e+02;2.5003880e-01;2.7750000e+02;2.4676414e-01;2.7750000e+02;2.2440150e-01;2.7750000e+02;1.9221240e-01;2.7750000e+02;1.5334243e-01;2.7750000e+02;1.1156150e-01;2.7750000e+02;7.2634563e-02;2.7750000e+02;3.4743268e-02;2.7750000e+02;-3.0305618e-03;2.7750000e+02;5.0423993e-03;2.7750000e+02;1.9620664e-02;2.7750000e+02;3.8035110e-02;2.7750000e+02;5.7513736e-02;2.7750000e+02;8.0841877e-02;2.7750000e+02;1.1164287e-01;2.7750000e+02;1.5376642e-01;2.7750000e+02;1.9894825e-01;2.7750000e+02;2.3453611e-01;2.7750000e+02;2.5003880e-01;2.7750000e+02;2.4676414e-01;2.7750000e+02;2.2440150e-01;2.7750000e+02;1.9221240e-01;2.7750000e+02;1.5334243e-01;2.7750000e+02;1.1156150e-01;2.7750000e+02;7.2634563e-02;2.7750000e+02;3.4743268e-02;2.7750000e+02;-3.0305618e-03;2.7750000e+02;5.0423993e-03;2.7750000e+02;1.9620664e-02;2.7750000e+02;3.8035110e-02;2.7750000e+02;5.7513736e-02;2.7750000e+02;8.0841877e-02;2.7750000e+02;1.1164287e-01;2.7750000e+02;1.5376642e-01;2.7750000e+02;1.9894825e-01;2.7750000e+02;2.3453611e-01;2.7750000e+02;2.5003880e-01;2.7750000e+02;2.4676414e-01;2.7750000e+02;2.2440150e-01;2.7750000e+02;1.9221240e-01;2.7750000e+02;1.5334243e-01;2.7750000e+02;1.1156150e-01;2.7750000e+02;7.2634563e-02;2.7750000e+02;3.4743268e-02;2.7750000e+02;-3.0305618e-03;2.7750000e+02;5.0423993e-03;2.7750000e+02;1.9620664e-02;2.7750000e+02;3.8035110e-02;2.7750000e+02;5.7513736e-02;2.7750000e+02;8.0841877e-02;2.7750000e+02;1.1164287e-01;2.7750000e+02;1.5376642e-01;2.7750000e+02;1.9894825e-01;2.7750000e+02;2.3453611e-01;2.7750000e+02;2.5003880e-01;2.7750000e+02;2.4676414e-01;2.7750000e+02;2.2440150e-01;2.7750000e+02;1.9221240e-01;2.7750000e+02;1.5334243e-01;2.7750000e+02;1.1156150e-01;2.7750000e+02;7.2634563e-02;2.7750000e+02;3.4743268e-02;2.7750000e+02;-3.0305618e-03;2.7750000e+02;5.0423993e-03;2.7750000e+02;1.9620664e-02;2.7750000e+02;3.8035110e-02;2.7750000e+02;5.7513736e-02;2.7750000e+02;8.0841877e-02;2.7750000e+02;1.1164287e-01;2.7750000e+02;1.5376642e-01;2.7750000e+02;1.9894825e-01;2.7750000e+02;2.3453611e-01;2.7750000e+02;2.5003880e-01;2.7750000e+02;2.4676414e-01;2.7750000e+02;2.2440150e-01;2.7750000e+02;1.9221240e-01;2.7750000e+02;1.5334243e-01;2.7750000e+02;1.1156150e-01;2.7750000e+02;7.2634563e-02;2.7750000e+02;3.4743268e-02;2.7750000e+02;-3.0305618e-03;2.7750000e+02;5.0423993e-03;2.7750000e+02;1.9620664e-02;2.7750000e+02;3.8035110e-02;2.7750000e+02;5.7513736e-02;2.7750000e+02;8.0841877e-02;2.7750000e+02;1.1164287e-01;2.7750000e+02;1.5376642e-01;2.7750000e+02;1.9894825e-01;2.7750000e+02;2.3453611e-01;2.7750000e+02;2.5003880e-01;2.7750000e+02;2.4676414e-01;2.7750000e+02;2.2440150e-01;2.7750000e+02;1.9221240e-01;2.7750000e+02;1.5334243e-01;2.7750000e+02;1.1156150e-01;2.7750000e+02;7.2634563e-02;2.7750000e+02;3.4743268e-02;2.7750000e+02;-3.0305618e-03;2.7750000e+02;5.0423993e-03;2.7750000e+02;1.9620664e-02;2.7750000e+02;3.8035110e-02;2.7750000e+02;5.7513736e-02;2.7750000e+02;8.0841877e-02;2.7750000e+02;1.1164287e-01;2.7750000e+02;1.5376642e-01;2.7750000e+02;1.9894825e-01;2.7750000e+02;2.3453611e-01;2.7750000e+02;2.5003880e-01;2.7750000e+02;2.4676414e-01;2.7750000e+02;2.2440150e-01;2.7750000e+02;1.9221240e-01;2.7750000e+02;1.5334243e-01;2.7750000e+02;1.1156150e-01;2.7750000e+02;7.2634563e-02;2.7750000e+02;3.4743268e-02;2.7750000e+02;-3.0305618e-03;2.7750000e+02;5.0423993e-03;2.7750000e+02;1.9620664e-02;2.7750000e+02;3.8035110e-02;2.7750000e+02;5.7513736e-02;2.7750000e+02;8.0841877e-02;2.7750000e+02;1.1164287e-01;2.7750000e+02;1.5376642e-01;2.7750000e+02;1.9894825e-01;2.7750000e+02;2.3453611e-01;2.7750000e+02;2.5003880e-01;2.7750000e+02;2.4676414e-01;2.7750000e+02;2.2440150e-01;2.7750000e+02;1.9221240e-01;2.7750000e+02;1.5334243e-01;2.7750000e+02;1.1156150e-01;2.7750000e+02;7.2634563e-02;2.7750000e+02;3.4743268e-02;2.7750000e+02;-3.0305618e-03;2.7750000e+02;5.0423993e-03;2.7750000e+02;1.9620664e-02;2.7750000e+02;3.8035110e-02;2.7750000e+02;5.7513736e-02;2.7750000e+02;8.0841877e-02;2.7750000e+02;1.1164287e-01;2.7750000e+02;1.5376642e-01;2.7750000e+02;1.9894825e-01;2.7750000e+02;2.3453611e-01;2.7750000e+02;2.5003880e-01;2.7750000e+02;2.4676414e-01;2.7750000e+02;2.2440150e-01;2.7750000e+02;1.9221240e-01;2.7750000e+02;1.5334243e-01;2.7750000e+02;1.1156150e-01;2.7750000e+02;7.2634563e-02;2.7750000e+02;3.4743268e-02;2.7750000e+02;-3.0305618e-03;2.7750000e+02;5.0423993e-03;2.7750000e+02;1.9620664e-02;2.7750000e+02;3.8035110e-02;2.7750000e+02;5.7513736e-02;2.7750000e+02;8.0841877e-02;2.7750000e+02;1.1164287e-01;2.7750000e+02;1.5376642e-01;2.7750000e+02;1.9894825e-01;2.7750000e+02;2.3453611e-01;2.7750000e+02;2.5003880e-01;2.7750000e+02;2.4676414e-01;2.7750000e+02;2.2440150e-01;2.7750000e+02;1.9221240e-01;2.7750000e+02;1.5334243e-01;2.7750000e+02;1.1156150e-01;2.7750000e+02;7.2634563e-02;2.7750000e+02;3.4743268e-02;2.7750000e+02;-3.0305618e-03;2.7750000e+02;5.0423993e-03;2.7750000e+02;1.9620664e-02;2.7750000e+02;3.8035110e-02;2.7750000e+02;5.7513736e-02;2.7750000e+02;8.0841877e-02;2.7750000e+02;1.1164287e-01;2.7750000e+02;1.5376642e-01;2.7750000e+02;1.9894825e-01;2.7750000e+02;2.3453611e-01;2.7750000e+02;2.5003880e-01;2.7750000e+02;2.4676414e-01;2.7750000e+02;2.2440150e-01;2.7750000e+02;1.9221240e-01;2.7750000e+02;1.5334243e-01;2.7750000e+02;1.1156150e-01;2.7750000e+02;7.2634563e-02;2.7750000e+02;3.4743268e-02;2.7750000e+02;-3.0305618e-03;2.7750000e+02;5.0423993e-03;2.7750000e+02;1.9620664e-02;2.7750000e+02;3.8035110e-02;2.7750000e+02;5.7513736e-02;2.7750000e+02;8.0841877e-02;2.7750000e+02;1.1164287e-01;2.7750000e+02;1.5376642e-01;2.7750000e+02;1.9894825e-01;2.7750000e+02;2.3453611e-01;2.7750000e+02;2.5003880e-01;2.7750000e+02;2.4676414e-01;2.7750000e+02;2.2440150e-01;2.7750000e+02;1.9221240e-01;2.7750000e+02;1.5334243e-01;2.7750000e+02;1.1156150e-01;2.7750000e+02;7.2634563e-02;2.7750000e+02;3.4743268e-02;2.7750000e+02;-3.0305618e-03;2.7750000e+02;5.0423993e-03;2.7750000e+02;1.9620664e-02;2.7750000e+02;3.8035110e-02;2.7750000e+02;5.7513736e-02;2.7750000e+02;8.0841877e-02;2.7750000e+02;1.1164287e-01;2.7750000e+02;1.5376642e-01;2.7750000e+02;1.9894825e-01;2.7750000e+02;2.3453611e-01;2.7750000e+02;2.5003880e-01;2.7750000e+02;2.4676414e-01;2.7750000e+02;2.2440150e-01;2.7750000e+02;1.9221240e-01;2.7750000e+02;1.5334243e-01;2.7750000e+02;1.1156150e-01;2.7750000e+02;7.2634563e-02;2.7750000e+02;3.4743268e-02;2.7750000e+02;-3.0305618e-03;2.7750000e+02;5.0423993e-03;2.7750000e+02;1.9620664e-02;2.7750000e+02;3.8035110e-02;2.7750000e+02;5.7513736e-02;2.7750000e+02;8.0841877e-02;2.7750000e+02;1.1164287e-01;2.7750000e+02;1.5376642e-01;2.7750000e+02;1.9894825e-01;2.7750000e+02;2.3453611e-01;2.7750000e+02;2.5003880e-01;2.7750000e+02;2.4676414e-01;2.7750000e+02;2.2440150e-01;2.7750000e+02;1.9221240e-01;2.7750000e+02;1.5334243e-01;2.7750000e+02;1.1156150e-01;2.7750000e+02;7.2634563e-02;2.7750000e+02;3.4743268e-02;2.7750000e+02;-3.0305618e-03;2.7750000e+02;5.0423993e-03;2.7750000e+02;1.9620664e-02;2.7750000e+02;3.8035110e-02;2.7750000e+02;5.7513736e-02;2.7750000e+02;8.0841877e-02;2.7750000e+02;1.1164287e-01;2.7750000e+02;1.5376642e-01;2.7750000e+02;1.9894825e-01;2.7750000e+02;2.3453611e-01;2.7750000e+02;2.5003880e-01;2.7750000e+02;2.4676414e-01;2.7750000e+02;2.2440150e-01;2.7750000e+02;1.9221240e-01;2.7750000e+02;1.5334243e-01;2.7750000e+02;1.1156150e-01;2.7750000e+02;7.2634563e-02;2.7750000e+02;3.4743268e-02;2.7750000e+02;-3.0305618e-03;2.7750000e+02;5.0423993e-03;2.7750000e+02;1.9620664e-02;2.7750000e+02;3.8035110e-02;2.7750000e+02;5.7513736e-02;2.7750000e+02;8.0841877e-02;2.7750000e+02;1.1164287e-01;2.7750000e+02;1.5376642e-01;2.7750000e+02;1.9894825e-01;2.7750000e+02;2.3453611e-01;2.7750000e+02;2.5003880e-01;2.7750000e+02;2.4676414e-01;2.7750000e+02;2.2440150e-01;2.7750000e+02;1.9221240e-01;2.7750000e+02;1.5334243e-01;2.7750000e+02;1.1156150e-01;2.7750000e+02;7.2634563e-02;2.7750000e+02;3.4743268e-02;2.7750000e+02;-3.0305618e-03;2.7750000e+02;5.0423993e-03;2.7750000e+02;1.9620664e-02;2.7750000e+02;3.8035110e-02;2.7750000e+02;5.7513736e-02;2.7750000e+02;8.0841877e-02;2.7750000e+02;1.1164287e-01;2.7750000e+02;1.5376642e-01;2.7750000e+02;1.9894825e-01;2.7750000e+02;2.3453611e-01;2.7750000e+02;2.5003880e-01;2.7750000e+02;2.4676414e-01;2.7750000e+02;2.2440150e-01;2.7750000e+02;1.9221240e-01;2.7750000e+02;1.5334243e-01;2.7750000e+02;1.1156150e-01;2.7750000e+02;7.2634563e-02;2.7750000e+02;3.4743268e-02;2.7750000e+02;-3.0305618e-03;2.7750000e+02;5.0423993e-03;2.7750000e+02;1.9620664e-02;2.7750000e+02;3.8035110e-02;2.7750000e+02;5.7513736e-02;2.7750000e+02;8.0841877e-02;2.7750000e+02;1.1164287e-01;2.7750000e+02;1.5376642e-01;2.7750000e+02;1.9894825e-01;2.7750000e+02;2.3453611e-01;2.7750000e+02;2.5003880e-01;2.7750000e+02;2.4676414e-01;2.7750000e+02;2.2440150e-01;2.7750000e+02;1.9221240e-01;2.7750000e+02;1.5334243e-01;2.7750000e+02;1.1156150e-01;2.7750000e+02;7.2634563e-02;2.7750000e+02;3.4743268e-02;2.7750000e+02;-3.0305618e-03;2.7750000e+02;5.0423993e-03;2.7750000e+02;1.9620664e-02;2.7750000e+02;3.8035110e-02;2.7750000e+02;5.7513736e-02;2.7750000e+02;8.0841877e-02;2.7750000e+02;1.1164287e-01;2.7750000e+02;1.5376642e-01;2.7750000e+02;1.9894825e-01;2.7750000e+02;2.3453611e-01;2.7750000e+02;2.5003880e-01;2.7750000e+02;2.4676414e-01;2.7750000e+02;2.2440150e-01;2.7750000e+02;1.9221240e-01;2.7750000e+02;1.5334243e-01;2.7750000e+02;1.1156150e-01;2.7750000e+02;7.2634563e-02;2.7750000e+02;3.4743268e-02;2.7750000e+02;-3.0305618e-03;2.7750000e+02;5.0423993e-03;2.7750000e+02;1.9620664e-02;2.7750000e+02;3.8035110e-02;2.7750000e+02;5.7513736e-02;2.7750000e+02;8.0841877e-02;2.7750000e+02;1.1164287e-01;2.7750000e+02;1.5376642e-01;2.7750000e+02;1.9894825e-01;2.7750000e+02;2.3453611e-01;2.7750000e+02;2.5003880e-01;2.7750000e+02;2.4676414e-01;2.7750000e+02;2.2440150e-01;2.7750000e+02;1.9221240e-01;2.7750000e+02;1.5334243e-01;2.7750000e+02;1.1156150e-01;2.7750000e+02;7.2634563e-02;2.7750000e+02;3.4743268e-02;2.7750000e+02;-3.0305618e-03;2.7750000e+02;5.0423993e-03;2.7750000e+02;1.9620664e-02;2.7750000e+02;3.8035110e-02;2.7750000e+02;5.7513736e-02;2.7750000e+02;8.0841877e-02;2.7750000e+02;1.1164287e-01;2.7750000e+02;1.5376642e-01;2.7750000e+02;1.9894825e-01;2.7750000e+02;2.3453611e-01;2.7750000e+02;2.5003880e-01;2.7750000e+02;2.4676414e-01;2.7750000e+02;2.2440150e-01;2.7750000e+02;1.9221240e-01;2.7750000e+02;1.5334243e-01;2.7750000e+02;1.1156150e-01;2.7750000e+02;7.2634563e-02;2.7750000e+02;3.4743268e-02;2.7750000e+02;-3.0305618e-03;2.7750000e+02;5.0423993e-03;2.7750000e+02;1.9620664e-02;2.7750000e+02;3.8035110e-02;2.7750000e+02;5.7513736e-02;2.7750000e+02;8.0841877e-02;2.7750000e+02;1.1164287e-01;2.7750000e+02;1.5376642e-01;2.7750000e+02;1.9894825e-01;2.7750000e+02;2.3453611e-01;2.7750000e+02;2.5003880e-01;2.7750000e+02;2.4676414e-01;2.7750000e+02;2.2440150e-01;2.7750000e+02;1.9221240e-01;2.7750000e+02;1.5334243e-01;2.7750000e+02;1.1156150e-01;2.7750000e+02;7.2634563e-02;2.7750000e+02;3.4743268e-02;2.7750000e+02;-3.0305618e-03;2.7750000e+02;5.0423993e-03;2.7750000e+02;1.9620664e-02;2.7750000e+02;3.8035110e-02;2.7750000e+02;5.7513736e-02;2.7750000e+02;8.0841877e-02;2.7750000e+02;1.1164287e-01;2.7750000e+02;1.5376642e-01;2.7750000e+02;1.9894825e-01;2.7750000e+02;2.3453611e-01;2.7750000e+02;2.5003880e-01;2.7750000e+02;2.4676414e-01;2.7750000e+02;2.2440150e-01;2.7750000e+02;1.9221240e-01;2.7750000e+02;1.5334243e-01;2.7750000e+02;1.1156150e-01;2.7750000e+02;7.2634563e-02;2.7750000e+02;3.4743268e-02;2.7750000e+02;-3.0305618e-03;2.7750000e+02;5.0423993e-03;2.7750000e+02;1.9620664e-02;2.7750000e+02;3.8035110e-02;2.7750000e+02;5.7513736e-02;2.7750000e+02;8.0841877e-02;2.7750000e+02;1.1164287e-01;2.7750000e+02;1.5376642e-01;2.7750000e+02;1.9894825e-01;2.7750000e+02;2.3453611e-01;2.7750000e+02;2.5003880e-01;2.7750000e+02;2.4676414e-01;2.7750000e+02;2.2440150e-01;2.7750000e+02;1.9221240e-01;2.7750000e+02;1.5334243e-01;2.7750000e+02;1.1156150e-01;2.7750000e+02;7.2634563e-02;2.7750000e+02;3.4743268e-02;2.7750000e+02;-3.0305618e-03;2.7750000e+02;5.0423993e-03;2.7750000e+02;1.9620664e-02;2.7750000e+02;3.8035110e-02;2.7750000e+02;5.7513736e-02;2.7750000e+02;8.0841877e-02;2.7750000e+02;1.1164287e-01;2.7750000e+02;1.5376642e-01;2.7750000e+02;1.9894825e-01;2.7750000e+02;2.3453611e-01;2.7750000e+02;2.5003880e-01;2.7750000e+02;2.4676414e-01;2.7750000e+02;2.2440150e-01;2.7750000e+02;1.9221240e-01;2.7750000e+02;1.5334243e-01;2.7750000e+02;1.1156150e-01;2.7750000e+02;7.2634563e-02;2.7750000e+02;3.4743268e-02;2.7750000e+02;-3.0305618e-03;2.7750000e+02;5.0423993e-03;2.7750000e+02;1.9620664e-02;2.7750000e+02;3.8035110e-02;2.7750000e+02;5.7513736e-02;2.7750000e+02;8.0841877e-02;2.7750000e+02;1.1164287e-01;2.7750000e+02;1.5376642e-01;2.7750000e+02;1.9894825e-01;2.7750000e+02;2.3453611e-01;2.7750000e+02;2.5003880e-01;2.7750000e+02;2.4676414e-01;2.7750000e+02;2.2440150e-01;2.7750000e+02;1.9221240e-01;2.7750000e+02;1.5334243e-01;2.7750000e+02;1.1156150e-01;2.7750000e+02;7.2634563e-02;2.7750000e+02;3.4743268e-02;2.7750000e+02;-3.0305618e-03;2.7750000e+02;5.0423993e-03;2.7750000e+02;1.9620664e-02;2.7750000e+02;3.8035110e-02;2.7750000e+02;5.7513736e-02;2.7750000e+02;8.0841877e-02;2.7750000e+02;1.1164287e-01;2.7750000e+02;1.5376642e-01;2.7750000e+02;1.9894825e-01;2.7750000e+02;2.3453611e-01;2.7750000e+02;2.5003880e-01;2.7750000e+02;2.4676414e-01;2.7750000e+02;2.2440150e-01;2.7750000e+02;1.9221240e-01;2.7750000e+02;1.5334243e-01;2.7750000e+02;1.1156150e-01;2.7750000e+02;7.2634563e-02;2.7750000e+02;3.4743268e-02;2.7750000e+02;-3.0305618e-03;2.7750000e+02;5.0423993e-03;2.7750000e+02;1.9620664e-02;2.7750000e+02;3.8035110e-02;2.7750000e+02;5.7513736e-02;2.7750000e+02;8.0841877e-02;2.7750000e+02;1.1164287e-01;2.7750000e+02;1.5376642e-01;2.7750000e+02;1.9894825e-01;2.7750000e+02;2.3453611e-01;2.7750000e+02;2.5003880e-01;2.7750000e+02;2.4676414e-01;2.7750000e+02;2.2440150e-01;2.7750000e+02;1.9221240e-01;2.7750000e+02;1.5334243e-01;2.7750000e+02;1.1156150e-01;2.7750000e+02;7.2634563e-02;2.7750000e+02;3.4743268e-02;2.7750000e+02;-3.0305618e-03;2.7750000e+02;5.0423993e-03;2.7750000e+02;1.9620664e-02;2.7750000e+02;3.8035110e-02;2.7750000e+02;5.7513736e-02;2.7750000e+02;8.0841877e-02;2.7750000e+02;1.1164287e-01;2.7750000e+02;1.5376642e-01;2.7750000e+02;1.9894825e-01;2.7750000e+02;2.3453611e-01;2.7750000e+02;2.5003880e-01;2.7750000e+02;2.4676414e-01;2.7750000e+02;2.2440150e-01;2.7750000e+02;1.9221240e-01;2.7750000e+02;1.5334243e-01;2.7750000e+02;1.1156150e-01;2.7750000e+02;7.2634563e-02;2.7750000e+02;3.4743268e-02;2.7750000e+02;-3.0305618e-03;2.7750000e+02;5.0423993e-03;2.7750000e+02;1.9620664e-02;2.7750000e+02;3.8035110e-02;2.7750000e+02;5.7513736e-02;2.7750000e+02;8.0841877e-02;2.7750000e+02;1.1164287e-01;2.7750000e+02;1.5376642e-01;2.7750000e+02;1.9894825e-01;2.7750000e+02;2.3453611e-01;2.7750000e+02;2.5003880e-01;2.7750000e+02;2.4676414e-01;2.7750000e+02;2.2440150e-01;2.7750000e+02;1.9221240e-01;2.7750000e+02;1.5334243e-01;2.7750000e+02;1.1156150e-01;2.7750000e+02;7.2634563e-02;2.7750000e+02;3.4743268e-02;2.7750000e+02;-3.0305618e-03;2.7750000e+02;5.0423993e-03;2.7750000e+02;1.9620664e-02;2.7750000e+02;3.8035110e-02;2.7750000e+02;5.7513736e-02;2.7750000e+02;8.0841877e-02;2.7750000e+02;1.1164287e-01;2.7750000e+02;1.5376642e-01;2.7750000e+02;1.9894825e-01;2.7750000e+02;2.3453611e-01;2.7750000e+02;2.5003880e-01;2.7750000e+02;2.4676414e-01;2.7750000e+02;2.2440150e-01;2.7750000e+02;1.9221240e-01;2.7750000e+02;1.5334243e-01;2.7750000e+02;1.1156150e-01;2.7750000e+02;7.2634563e-02;2.7750000e+02;3.4743268e-02;2.7750000e+02;-3.0305618e-03;2.7750000e+02;5.0423993e-03;2.7750000e+02;1.9620664e-02;2.7750000e+02;3.8035110e-02;2.7750000e+02;5.7513736e-02;2.7750000e+02;8.0841877e-02;2.7750000e+02;1.1164287e-01;2.7750000e+02;1.5376642e-01;2.7750000e+02;1.9894825e-01;2.7750000e+02;2.3453611e-01;2.7750000e+02;2.5003880e-01;2.7750000e+02;2.4676414e-01;2.7750000e+02;2.2440150e-01;2.7750000e+02;1.9221240e-01;2.7750000e+02;1.5334243e-01;2.7750000e+02;1.1156150e-01;2.7750000e+02;7.2634563e-02;2.7750000e+02;3.4743268e-02;2.7750000e+02;-3.0305618e-03;2.7750000e+02;5.0423993e-03;2.7750000e+02;1.9620664e-02;2.7750000e+02;3.8035110e-02;2.7750000e+02;5.7513736e-02;2.7750000e+02;8.0841877e-02;2.7750000e+02;1.1164287e-01;2.7750000e+02;1.5376642e-01;2.7750000e+02;1.9894825e-01;2.7750000e+02;2.3453611e-01;2.7750000e+02;2.5003880e-01;2.7750000e+02;2.4676414e-01;2.7750000e+02;2.2440150e-01;2.7750000e+02;1.9221240e-01;2.7750000e+02;1.5334243e-01;2.7750000e+02;1.1156150e-01;2.7750000e+02;7.2634563e-02;2.7750000e+02;3.4743268e-02;2.7750000e+02;-3.0305618e-03;2.7750000e+02;5.0423993e-03;2.7750000e+02;1.9620664e-02;2.7750000e+02;3.8035110e-02;2.7750000e+02;5.7513736e-02;2.7750000e+02;8.0841877e-02;2.7750000e+02;1.1164287e-01;2.7750000e+02;1.5376642e-01;2.7750000e+02;1.9894825e-01;2.7750000e+02;2.3453611e-01;2.7750000e+02;2.5003880e-01;2.7750000e+02;2.4676414e-01;2.7750000e+02;2.2440150e-01;2.7750000e+02;1.9221240e-01;2.7750000e+02;1.5334243e-01;2.7750000e+02;1.1156150e-01;2.7750000e+02;7.2634563e-02;2.7750000e+02;3.4743268e-02;2.7750000e+02;-3.0305618e-03;2.7750000e+02;5.0423993e-03;2.7750000e+02;1.9620664e-02;2.7750000e+02;3.8035110e-02;2.7750000e+02;5.7513736e-02;2.7750000e+02;8.0841877e-02;2.7750000e+02;1.1164287e-01;2.7750000e+02;1.5376642e-01;2.7750000e+02;1.9894825e-01;2.7750000e+02;2.3453611e-01;2.7750000e+02;2.5003880e-01;2.7750000e+02;2.4676414e-01;2.7750000e+02;2.2440150e-01;2.7750000e+02;1.9221240e-01;2.7750000e+02;1.5334243e-01;2.7750000e+02;1.1156150e-01;2.7750000e+02;7.2634563e-02;2.7750000e+02;3.4743268e-02;2.7750000e+02;-3.0305618e-03;2.7750000e+02;5.0423993e-03;2.7750000e+02;1.9620664e-02;2.7750000e+02;3.8035110e-02;2.7750000e+02;5.7513736e-02;2.7750000e+02;8.0841877e-02;2.7750000e+02;1.1164287e-01;2.7750000e+02;1.5376642e-01;2.7750000e+02;1.9894825e-01;2.7750000e+02;2.3453611e-01;2.7750000e+02;2.5003880e-01;2.7750000e+02;2.4676414e-01;2.7750000e+02;2.2440150e-01;2.7750000e+02;1.9221240e-01;2.7750000e+02;1.5334243e-01;2.7750000e+02;1.1156150e-01;2.7750000e+02;7.2634563e-02;2.7750000e+02;3.4743268e-02;2.7750000e+02;-3.0305618e-03;2.7750000e+02;5.0423993e-03;2.7750000e+02;1.9620664e-02;2.7750000e+02;3.8035110e-02;2.7750000e+02;5.7513736e-02;2.7750000e+02;8.0841877e-02;2.7750000e+02;1.1164287e-01;2.7750000e+02;1.5376642e-01;2.7750000e+02;1.9894825e-01;2.7750000e+02;2.3453611e-01;2.7750000e+02;2.5003880e-01;2.7750000e+02;2.4676414e-01;2.7750000e+02;2.2440150e-01;2.7750000e+02;1.9221240e-01;2.7750000e+02;1.5334243e-01;2.7750000e+02;1.1156150e-01;2.7750000e+02;7.2634563e-02;2.7750000e+02;3.4743268e-02;2.7750000e+02;-3.0305618e-03;2.7750000e+02;5.0423993e-03;2.7750000e+02;1.9620664e-02;2.7750000e+02;3.8035110e-02;2.7750000e+02;5.7513736e-02;2.7750000e+02;8.0841877e-02;2.7750000e+02;1.1164287e-01;2.7750000e+02;1.5376642e-01;2.7750000e+02;1.9894825e-01;2.7750000e+02;2.3453611e-01;2.7750000e+02;2.5003880e-01;2.7750000e+02;2.4676414e-01;2.7750000e+02;2.2440150e-01;2.7750000e+02;1.9221240e-01;2.7750000e+02;1.5334243e-01;2.7750000e+02;1.1156150e-01;2.7750000e+02;7.2634563e-02;2.7750000e+02;3.4743268e-02;2.7750000e+02;-3.0305618e-03;2.7750000e+02;5.0423993e-03;2.7750000e+02;1.9620664e-02;2.7750000e+02;3.8035110e-02;2.7750000e+02;5.7513736e-02;2.7750000e+02;8.0841877e-02;2.7750000e+02;1.1164287e-01;2.7750000e+02;1.5376642e-01;2.7750000e+02;1.9894825e-01;2.7750000e+02;2.3453611e-01;2.7750000e+02;2.5003880e-01;2.7750000e+02;2.4676414e-01;2.7750000e+02;2.2440150e-01;2.7750000e+02;1.9221240e-01;2.7750000e+02;1.5334243e-01;2.7750000e+02;1.1156150e-01;2.7750000e+02;7.2634563e-02;2.7750000e+02;3.4743268e-02;2.7750000e+02;-3.0305618e-03;2.7750000e+02;5.0423993e-03;2.7750000e+02;1.9620664e-02;2.7750000e+02;3.8035110e-02;2.7750000e+02;5.7513736e-02;2.7750000e+02;8.0841877e-02;2.7750000e+02;1.1164287e-01;2.7750000e+02;1.5376642e-01;2.7750000e+02;1.9894825e-01;2.7750000e+02;2.3453611e-01;2.7750000e+02;2.5003880e-01;2.7750000e+02;2.4676414e-01;2.7750000e+02;2.2440150e-01;2.7750000e+02;1.9221240e-01;2.7750000e+02;1.5334243e-01;2.7750000e+02;1.1156150e-01;2.7750000e+02;7.2634563e-02;2.7750000e+02;3.4743268e-02;2.7750000e+02;-3.0305618e-03;2.7750000e+02;5.0423993e-03;2.7750000e+02;1.9620664e-02;2.7750000e+02;3.8035110e-02;2.7750000e+02;5.7513736e-02;2.7750000e+02;8.0841877e-02;2.7750000e+02;1.1164287e-01;2.7750000e+02;1.5376642e-01;2.7750000e+02;1.9894825e-01;2.7750000e+02;2.3453611e-01;2.7750000e+02;2.5003880e-01;2.7750000e+02;2.4676414e-01;2.7750000e+02;2.2440150e-01;2.7750000e+02;1.9221240e-01;2.7750000e+02;1.5334243e-01;2.7750000e+02;1.1156150e-01;2.7750000e+02;7.2634563e-02;2.7750000e+02;3.4743268e-02;2.7750000e+02;-3.0305618e-03;2.7750000e+02;5.0423993e-03;2.7750000e+02;1.9620664e-02;2.7750000e+02;3.8035110e-02;2.7750000e+02;5.7513736e-02;2.7750000e+02;8.0841877e-02;2.7750000e+02;1.1164287e-01;2.7750000e+02;1.5376642e-01;2.7750000e+02;1.9894825e-01;2.7750000e+02;2.3453611e-01;2.7750000e+02;2.5003880e-01;2.7750000e+02;2.4676414e-01;2.7750000e+02;2.2440150e-01;2.7750000e+02;1.9221240e-01;2.7750000e+02;1.5334243e-01;2.7750000e+02;1.1156150e-01;2.7750000e+02;7.2634563e-02;2.7750000e+02;3.4743268e-02;2.7750000e+02;-3.0305618e-03;2.7750000e+02;5.0423993e-03;2.7750000e+02;1.9620664e-02;2.7750000e+02;3.8035110e-02;2.7750000e+02;5.7513736e-02;2.7750000e+02;8.0841877e-02;2.7750000e+02;1.1164287e-01;2.7750000e+02;1.5376642e-01;2.7750000e+02;1.9894825e-01;2.7750000e+02;2.3453611e-01;2.7750000e+02;2.5003880e-01;2.7750000e+02;2.4676414e-01;2.7750000e+02;2.2440150e-01;2.7750000e+02;1.9221240e-01;2.7750000e+02;1.5334243e-01;2.7750000e+02;1.1156150e-01;2.7750000e+02;7.2634563e-02;2.7750000e+02;3.4743268e-02;2.7750000e+02;-3.0305618e-03;2.7750000e+02;5.0423993e-03;2.7750000e+02;1.9620664e-02;2.7750000e+02;3.8035110e-02;2.7750000e+02;5.7513736e-02;2.7750000e+02;8.0841877e-02;2.7750000e+02;1.1164287e-01;2.7750000e+02;1.5376642e-01;2.7750000e+02;1.9894825e-01;2.7750000e+02;2.3453611e-01;2.7750000e+02;2.5003880e-01;2.7750000e+02;2.4676414e-01;2.7750000e+02;2.2440150e-01;2.7750000e+02;1.9221240e-01;2.7750000e+02;1.5334243e-01;2.7750000e+02;1.1156150e-01;2.7750000e+02;7.2634563e-02;2.7750000e+02;3.4743268e-02;2.7750000e+02;-3.0305618e-03;2.7750000e+02;5.0423993e-03;2.7750000e+02;1.9620664e-02;2.7750000e+02;3.8035110e-02;2.7750000e+02;5.7513736e-02;2.7750000e+02;8.0841877e-02;2.7750000e+02;1.1164287e-01;2.7750000e+02;1.5376642e-01;2.7750000e+02;1.9894825e-01;2.7750000e+02;2.3453611e-01;2.7750000e+02;2.5003880e-01;2.7750000e+02;2.4676414e-01;2.7750000e+02;2.2440150e-01;2.7750000e+02;1.9221240e-01;2.7750000e+02;1.5334243e-01;2.7750000e+02;1.1156150e-01;2.7750000e+02;7.2634563e-02;2.7750000e+02;3.4743268e-02;2.7750000e+02;-3.0305618e-03;2.7750000e+02;5.0423993e-03;2.7750000e+02;1.9620664e-02;2.7750000e+02;3.8035110e-02;2.7750000e+02;5.7513736e-02;2.7750000e+02;8.0841877e-02;2.7750000e+02;1.1164287e-01;2.7750000e+02;1.5376642e-01;2.7750000e+02;1.9894825e-01;2.7750000e+02;2.3453611e-01;2.7750000e+02;2.5003880e-01;2.7750000e+02;2.4676414e-01;2.7750000e+02;2.2440150e-01;2.7750000e+02;1.9221240e-01;2.7750000e+02;1.5334243e-01;2.7750000e+02;1.1156150e-01;2.7750000e+02;7.2634563e-02;2.7750000e+02;3.4743268e-02;2.7750000e+02;-3.0305618e-03;2.7750000e+02;5.0423993e-03;2.7750000e+02;1.9620664e-02;2.7750000e+02;3.8035110e-02;2.7750000e+02;5.7513736e-02;2.7750000e+02;8.0841877e-02;2.7750000e+02;1.1164287e-01;2.7750000e+02;1.5376642e-01;2.7750000e+02;1.9894825e-01;2.7750000e+02;2.3453611e-01;2.7750000e+02;2.5003880e-01;2.7750000e+02;2.4676414e-01;2.7750000e+02;2.2440150e-01;2.7750000e+02;1.9221240e-01;2.7750000e+02;1.5334243e-01;2.7750000e+02;1.1156150e-01;2.7750000e+02;7.2634563e-02;2.7750000e+02;3.4743268e-02;2.7750000e+02;-3.0305618e-03;2.7750000e+02;5.0423993e-03;2.7750000e+02;1.9620664e-02;2.7750000e+02;3.8035110e-02;2.7750000e+02;5.7513736e-02;2.7750000e+02;8.0841877e-02;2.7750000e+02;1.1164287e-01;2.7750000e+02;1.5376642e-01;2.7750000e+02;1.9894825e-01;2.7750000e+02;2.3453611e-01;2.7750000e+02;2.5003880e-01;2.7750000e+02;2.4676414e-01;2.7750000e+02;2.2440150e-01;2.7750000e+02;1.9221240e-01;2.7750000e+02;1.5334243e-01;2.7750000e+02;1.1156150e-01;2.7750000e+02;7.2634563e-02;2.7750000e+02;3.4743268e-02;2.7750000e+02;-3.0305618e-03;2.7750000e+02;5.0423993e-03;2.7750000e+02;1.9620664e-02;2.7750000e+02;3.8035110e-02;2.7750000e+02;5.7513736e-02;2.7750000e+02;8.0841877e-02;2.7750000e+02;1.1164287e-01;2.7750000e+02;1.5376642e-01;2.7750000e+02;1.9894825e-01;2.7750000e+02;2.3453611e-01;2.7750000e+02;2.5003880e-01;2.7750000e+02;2.4676414e-01;2.7750000e+02;2.2440150e-01;2.7750000e+02;1.9221240e-01;2.7750000e+02;1.5334243e-01;2.7750000e+02;1.1156150e-01;2.7750000e+02;7.2634563e-02;2.7750000e+02;3.4743268e-02;2.7750000e+02;-3.0305618e-03;2.7750000e+02;5.0423993e-03;2.7750000e+02;1.9620664e-02;2.7750000e+02;3.8035110e-02;2.7750000e+02;5.7513736e-02;2.7750000e+02;8.0841877e-02;2.7750000e+02;1.1164287e-01;2.7750000e+02;1.5376642e-01;2.7750000e+02;1.9894825e-01;2.7750000e+02;2.3453611e-01;2.7750000e+02;2.5003880e-01;2.7750000e+02;2.4676414e-01;2.7750000e+02;2.2440150e-01;2.7750000e+02;1.9221240e-01;2.7750000e+02;1.5334243e-01;2.7750000e+02;1.1156150e-01;2.7750000e+02;7.2634563e-02;2.7750000e+02;3.4743268e-02;2.7750000e+02;-3.0305618e-03;2.7750000e+02;5.0423993e-03;2.7750000e+02;1.9620664e-02;2.7750000e+02;3.8035110e-02;2.7750000e+02;5.7513736e-02;2.7750000e+02;8.0841877e-02;2.7750000e+02;1.1164287e-01;2.7750000e+02;1.5376642e-01;2.7750000e+02;1.9894825e-01;2.7750000e+02;2.3453611e-01;2.7750000e+02;2.5003880e-01;2.7750000e+02;2.4676414e-01;2.7750000e+02;2.2440150e-01;2.7750000e+02;1.9221240e-01;2.7750000e+02;1.5334243e-01;2.7750000e+02;1.1156150e-01;2.7750000e+02;7.2634563e-02;2.7750000e+02;3.4743268e-02;2.7750000e+02;-3.0305618e-03;2.7750000e+02;5.0423993e-03;2.7750000e+02;1.9620664e-02;2.7750000e+02;3.8035110e-02;2.7750000e+02;5.7513736e-02;2.7750000e+02;8.0841877e-02;2.7750000e+02;1.1164287e-01;2.7750000e+02;1.5376642e-01;2.7750000e+02;1.9894825e-01;2.7750000e+02;2.3453611e-01;2.7750000e+02;2.5003880e-01;2.7750000e+02;2.4676414e-01;2.7750000e+02;2.2440150e-01;2.7750000e+02;1.9221240e-01;2.7750000e+02;1.5334243e-01;2.7750000e+02;1.1156150e-01;2.7750000e+02;7.2634563e-02;2.7750000e+02;3.4743268e-02;2.7750000e+02;-3.0305618e-03;2.7750000e+02;5.0423993e-03;2.7750000e+02;1.9620664e-02;2.7750000e+02;3.8035110e-02;2.7750000e+02;5.7513736e-02;2.7750000e+02;8.0841877e-02;2.7750000e+02;1.1164287e-01;2.7750000e+02;1.5376642e-01;2.7750000e+02;1.9894825e-01;2.7750000e+02;2.3453611e-01;2.7750000e+02;2.5003880e-01;2.7750000e+02;2.4676414e-01;2.7750000e+02;2.2440150e-01;2.7750000e+02;1.9221240e-01;2.7750000e+02;1.5334243e-01;2.7750000e+02;1.1156150e-01;2.7750000e+02;7.2634563e-02;2.7750000e+02;3.4743268e-02;2.7750000e+02;-3.0305618e-03;2.7750000e+02;5.0423993e-03;2.7750000e+02;1.9620664e-02;2.7750000e+02;3.8035110e-02;2.7750000e+02;5.7513736e-02;2.7750000e+02;8.0841877e-02;2.7750000e+02;1.1164287e-01;2.7750000e+02;1.5376642e-01;2.7750000e+02;1.9894825e-01;2.7750000e+02;2.3453611e-01;2.7750000e+02;2.5003880e-01;2.7750000e+02;2.4676414e-01;2.7750000e+02;2.2440150e-01;2.7750000e+02;1.9221240e-01;2.7750000e+02;1.5334243e-01;2.7750000e+02;1.1156150e-01;2.7750000e+02;7.2634563e-02;2.7750000e+02;3.4743268e-02;2.7750000e+02;-3.0305618e-03;2.7750000e+02;5.0423993e-03;2.7750000e+02;1.9620664e-02;2.7750000e+02;3.8035110e-02;2.7750000e+02;5.7513736e-02;2.7750000e+02;8.0841877e-02;2.7750000e+02;1.1164287e-01;2.7750000e+02;1.5376642e-01;2.7750000e+02;1.9894825e-01;2.7750000e+02;2.3453611e-01;2.7750000e+02;2.5003880e-01;2.7750000e+02;2.4676414e-01;2.7750000e+02;2.2440150e-01;2.7750000e+02;1.9221240e-01;2.7750000e+02;1.5334243e-01;2.7750000e+02;1.1156150e-01;2.7750000e+02;7.2634563e-02;2.7750000e+02;3.4743268e-02;2.7750000e+02;-3.0305618e-03;2.7750000e+02;5.0423993e-03;2.7750000e+02;1.9620664e-02;2.7750000e+02;3.8035110e-02;2.7750000e+02;5.7513736e-02;2.7750000e+02;8.0841877e-02;2.7750000e+02;1.1164287e-01;2.7750000e+02;1.5376642e-01;2.7750000e+02;1.9894825e-01;2.7750000e+02;2.3453611e-01;2.7750000e+02;2.5003880e-01;2.7750000e+02;2.4676414e-01;2.7750000e+02;2.2440150e-01;2.7750000e+02;1.9221240e-01;2.7750000e+02;1.5334243e-01;2.7750000e+02;1.1156150e-01;2.7750000e+02;7.2634563e-02;2.7750000e+02;3.4743268e-02;2.7750000e+02;-3.0305618e-03;2.7750000e+02;5.0423993e-03;2.7750000e+02;1.9620664e-02;2.7750000e+02;3.8035110e-02;2.7750000e+02;5.7513736e-02;2.7750000e+02;8.0841877e-02;2.7750000e+02;1.1164287e-01;2.7750000e+02;1.5376642e-01;2.7750000e+02;1.9894825e-01;2.7750000e+02;2.3453611e-01;2.7750000e+02;2.5003880e-01;2.7750000e+02;2.4676414e-01;2.7750000e+02;2.2440150e-01;2.7750000e+02;1.9221240e-01;2.7750000e+02;1.5334243e-01;2.7750000e+02;1.1156150e-01;2.7750000e+02;7.2634563e-02;2.7750000e+02;3.4743268e-02;2.7750000e+02;-3.0305618e-03;2.7750000e+02;5.0423993e-03;2.7750000e+02;1.9620664e-02;2.7750000e+02;3.8035110e-02;2.7750000e+02;5.7513736e-02;2.7750000e+02;8.0841877e-02;2.7750000e+02;1.1164287e-01;2.7750000e+02;1.5376642e-01;2.7750000e+02;1.9894825e-01;2.7750000e+02;2.3453611e-01;2.7750000e+02;2.5003880e-01;2.7750000e+02;2.4676414e-01;2.7750000e+02;2.2440150e-01;2.7750000e+02;1.9221240e-01;2.7750000e+02;1.5334243e-01;2.7750000e+02;1.1156150e-01;2.7750000e+02;7.2634563e-02;2.7750000e+02;3.4743268e-02;2.7750000e+02;-3.0305618e-03;2.7750000e+02;5.0423993e-03;2.7750000e+02;1.9620664e-02;2.7750000e+02;3.8035110e-02;2.7750000e+02;5.7513736e-02;2.7750000e+02;8.0841877e-02;2.7750000e+02;1.1164287e-01;2.7750000e+02;1.5376642e-01;2.7750000e+02;1.9894825e-01;2.7750000e+02;2.3453611e-01;2.7750000e+02;2.5003880e-01;2.7750000e+02;2.4676414e-01;2.7750000e+02;2.2440150e-01;2.7750000e+02;1.9221240e-01;2.7750000e+02;1.5334243e-01;2.7750000e+02;1.1156150e-01;2.7750000e+02;7.2634563e-02;2.7750000e+02;3.4743268e-02;2.7750000e+02;-3.0305618e-03;2.7750000e+02;5.0423993e-03;2.7750000e+02;1.9620664e-02;2.7750000e+02;3.8035110e-02;2.7750000e+02;5.7513736e-02;2.7750000e+02;8.0841877e-02;2.7750000e+02;1.1164287e-01;2.7750000e+02;1.5376642e-01;2.7750000e+02;1.9894825e-01;2.7750000e+02;2.3453611e-01;2.7750000e+02;2.5003880e-01;2.7750000e+02;2.4676414e-01;2.7750000e+02;2.2440150e-01;2.7750000e+02;1.9221240e-01;2.7750000e+02;1.5334243e-01;2.7750000e+02;1.1156150e-01;2.7750000e+02;7.2634563e-02;2.7750000e+02;3.4743268e-02;2.7750000e+02;-3.0305618e-03;2.7750000e+02;5.0423993e-03;2.7750000e+02;1.9620664e-02;2.7750000e+02;3.8035110e-02;2.7750000e+02;5.7513736e-02;2.7750000e+02;8.0841877e-02;2.7750000e+02;1.1164287e-01;2.7750000e+02;1.5376642e-01;2.7750000e+02;1.9894825e-01;2.7750000e+02;2.3453611e-01;2.7750000e+02;2.5003880e-01;2.7750000e+02;2.4676414e-01;2.7750000e+02;2.2440150e-01;2.7750000e+02;1.9221240e-01;2.7750000e+02;1.5334243e-01;2.7750000e+02;1.1156150e-01;2.7750000e+02;7.2634563e-02;2.7750000e+02;3.4743268e-02;2.7750000e+02;-3.0305618e-03;2.7750000e+02;5.0423993e-03;2.7750000e+02;1.9620664e-02;2.7750000e+02;3.8035110e-02;2.7750000e+02;5.7513736e-02;2.7750000e+02;8.0841877e-02;2.7750000e+02;1.1164287e-01;2.7750000e+02;1.5376642e-01;2.7750000e+02;1.9894825e-01;2.7750000e+02;2.3453611e-01;2.7750000e+02;2.5003880e-01;2.7750000e+02;2.4676414e-01;2.7750000e+02;2.2440150e-01;2.7750000e+02;1.9221240e-01;2.7750000e+02;1.5334243e-01;2.7750000e+02;1.1156150e-01;2.7750000e+02;7.2634563e-02;2.7750000e+02;3.4743268e-02;2.7750000e+02;-3.0305618e-03;2.7750000e+02;5.0423993e-03;2.7750000e+02;1.9620664e-02;2.7750000e+02;3.8035110e-02;2.7750000e+02;5.7513736e-02;2.7750000e+02;8.0841877e-02;2.7750000e+02;1.1164287e-01;2.7750000e+02;1.5376642e-01;2.7750000e+02;1.9894825e-01;2.7750000e+02;2.3453611e-01;2.7750000e+02;2.5003880e-01;2.7750000e+02;2.4676414e-01;2.7750000e+02;2.2440150e-01;2.7750000e+02;1.9221240e-01;2.7750000e+02;1.5334243e-01;2.7750000e+02;1.1156150e-01;2.7750000e+02;7.2634563e-02;2.7750000e+02;3.4743268e-02;2.7750000e+02;-3.0305618e-03;2.7750000e+02;5.0423993e-03;2.7750000e+02;1.9620664e-02;2.7750000e+02;3.8035110e-02;2.7750000e+02;5.7513736e-02;2.7750000e+02;8.0841877e-02;2.7750000e+02;1.1164287e-01;2.7750000e+02;1.5376642e-01;2.7750000e+02;1.9894825e-01;2.7750000e+02;2.3453611e-01;2.7750000e+02;2.5003880e-01;2.7750000e+02;2.4676414e-01;2.7750000e+02;2.2440150e-01;2.7750000e+02;1.9221240e-01;2.7750000e+02;1.5334243e-01;2.7750000e+02;1.1156150e-01;2.7750000e+02;7.2634563e-02;2.7750000e+02;3.4743268e-02;2.7750000e+02;-3.0305618e-03;2.7750000e+02;5.0423993e-03;2.7750000e+02;1.9620664e-02;2.7750000e+02;3.8035110e-02;2.7750000e+02;5.7513736e-02;2.7750000e+02;8.0841877e-02;2.7750000e+02;1.1164287e-01;2.7750000e+02;1.5376642e-01;2.7750000e+02;1.9894825e-01;2.7750000e+02;2.3453611e-01;2.7750000e+02;2.5003880e-01;2.7750000e+02;2.4676414e-01;2.7750000e+02;2.2440150e-01;2.7750000e+02;1.9221240e-01;2.7750000e+02;1.5334243e-01;2.7750000e+02;1.1156150e-01;2.7750000e+02;7.2634563e-02;2.7750000e+02;3.4743268e-02;2.7750000e+02;-3.0305618e-03;2.7750000e+02;5.0423993e-03;2.7750000e+02;1.9620664e-02;2.7750000e+02;3.8035110e-02;2.7750000e+02;5.7513736e-02;2.7750000e+02;8.0841877e-02;2.7750000e+02;1.1164287e-01;2.7750000e+02;1.5376642e-01;2.7750000e+02;1.9894825e-01;2.7750000e+02;2.3453611e-01;2.7750000e+02;2.5003880e-01;2.7750000e+02;2.4676414e-01;2.7750000e+02;2.2440150e-01;2.7750000e+02;1.9221240e-01;2.7750000e+02;1.5334243e-01;2.7750000e+02;1.1156150e-01;2.7750000e+02;7.2634563e-02;2.7750000e+02;3.4743268e-02;2.7750000e+02;-3.0305618e-03;2.7750000e+02;5.0423993e-03;2.7750000e+02;1.9620664e-02;2.7750000e+02;3.8035110e-02;2.7750000e+02;5.7513736e-02;2.7750000e+02;8.0841877e-02;2.7750000e+02;1.1164287e-01;2.7750000e+02;1.5376642e-01;2.7750000e+02;1.9894825e-01;2.7750000e+02;2.3453611e-01;2.7750000e+02;2.5003880e-01;2.7750000e+02;2.4676414e-01;2.7750000e+02;2.2440150e-01;2.7750000e+02;1.9221240e-01;2.7750000e+02;1.5334243e-01;2.7750000e+02;1.1156150e-01;2.7750000e+02;7.2634563e-02;2.7750000e+02;3.4743268e-02;2.7750000e+02;-3.0305618e-03;2.7750000e+02;5.0423993e-03;2.7750000e+02;1.9620664e-02;2.7750000e+02;3.8035110e-02;2.7750000e+02;5.7513736e-02;2.7750000e+02;8.0841877e-02;2.7750000e+02;1.1164287e-01;2.7750000e+02;1.5376642e-01;2.7750000e+02;1.9894825e-01;2.7750000e+02;2.3453611e-01;2.7750000e+02;2.5003880e-01;2.7750000e+02;2.4676414e-01;2.7750000e+02;2.2440150e-01;2.7750000e+02;1.9221240e-01;2.7750000e+02;1.5334243e-01;2.7750000e+02;1.1156150e-01;2.7750000e+02;7.2634563e-02;2.7750000e+02;3.4743268e-02;2.7750000e+02;-3.0305618e-03;2.7750000e+02;5.0423993e-03;2.7750000e+02;1.9620664e-02;2.7750000e+02;3.8035110e-02;2.7750000e+02;5.7513736e-02;2.7750000e+02;8.0841877e-02;2.7750000e+02;1.1164287e-01;2.7750000e+02;1.5376642e-01;2.7750000e+02;1.9894825e-01;2.7750000e+02;2.3453611e-01;2.7750000e+02;2.5003880e-01;2.7750000e+02;2.4676414e-01;2.7750000e+02;2.2440150e-01;2.7750000e+02;1.9221240e-01;2.7750000e+02;1.5334243e-01;2.7750000e+02;1.1156150e-01;2.7750000e+02;7.2634563e-02;2.7750000e+02;3.4743268e-02;2.7750000e+02;-3.0305618e-03;2.7750000e+02;5.0423993e-03;2.7750000e+02;1.9620664e-02;2.7750000e+02;3.8035110e-02;2.7750000e+02;5.7513736e-02;2.7750000e+02;8.0841877e-02;2.7750000e+02;1.1164287e-01;2.7750000e+02;1.5376642e-01;2.7750000e+02;1.9894825e-01;2.7750000e+02;2.3453611e-01;2.7750000e+02;2.5003880e-01;2.7750000e+02;2.4676414e-01;2.7750000e+02;2.2440150e-01;2.7750000e+02;1.9221240e-01;2.7750000e+02;1.5334243e-01;2.7750000e+02;1.1156150e-01;2.7750000e+02;7.2634563e-02;2.7750000e+02;3.4743268e-02;2.7750000e+02;-3.0305618e-03;2.7750000e+02;5.0423993e-03;2.7750000e+02;1.9620664e-02;2.7750000e+02;3.8035110e-02;2.7750000e+02;5.7513736e-02;2.7750000e+02;8.0841877e-02;2.7750000e+02;1.1164287e-01;2.7750000e+02;1.5376642e-01;2.7750000e+02;1.9894825e-01;2.7750000e+02;2.3453611e-01;2.7750000e+02;2.5003880e-01;2.7750000e+02;2.4676414e-01;2.7750000e+02;2.2440150e-01;2.7750000e+02;1.9221240e-01;2.7750000e+02;1.5334243e-01;2.7750000e+02;1.1156150e-01;2.7750000e+02;7.2634563e-02;2.7750000e+02;3.4743268e-02;2.7750000e+02;-3.0305618e-03;2.7750000e+02;5.0423993e-03;2.7750000e+02;1.9620664e-02;2.7750000e+02;3.8035110e-02;2.7750000e+02;5.7513736e-02;2.7750000e+02;8.0841877e-02;2.7750000e+02;1.1164287e-01;2.7750000e+02;1.5376642e-01;2.7750000e+02;1.9894825e-01;2.7750000e+02;2.3453611e-01;2.7750000e+02;2.5003880e-01;2.7750000e+02;2.4676414e-01;2.7750000e+02;2.2440150e-01;2.7750000e+02;1.9221240e-01;2.7750000e+02;1.5334243e-01;2.7750000e+02;1.1156150e-01;2.7750000e+02;7.2634563e-02;2.7750000e+02;3.4743268e-02;2.7750000e+02;-3.0305618e-03;2.7750000e+02;5.0423993e-03;2.7750000e+02;1.9620664e-02;2.7750000e+02;3.8035110e-02;2.7750000e+02;5.7513736e-02;2.7750000e+02;8.0841877e-02;2.7750000e+02;1.1164287e-01;2.7750000e+02;1.5376642e-01;2.7750000e+02;1.9894825e-01;2.7750000e+02;2.3453611e-01;2.7750000e+02;2.5003880e-01;2.7750000e+02;2.4676414e-01;2.7750000e+02;2.2440150e-01;2.7750000e+02;1.9221240e-01;2.7750000e+02;1.5334243e-01;2.7750000e+02;1.1156150e-01;2.7750000e+02;7.2634563e-02;2.7750000e+02;3.4743268e-02;2.7750000e+02;-3.0305618e-03;2.7750000e+02;5.0423993e-03;2.7750000e+02;1.9620664e-02;2.7750000e+02;3.8035110e-02;2.7750000e+02;5.7513736e-02;2.7750000e+02;8.0841877e-02;2.7750000e+02;1.1164287e-01;2.7750000e+02;1.5376642e-01;2.7750000e+02;1.9894825e-01;2.7750000e+02;2.3453611e-01;2.7750000e+02;2.5003880e-01;2.7750000e+02;2.4676414e-01;2.7750000e+02;2.2440150e-01;2.7750000e+02;1.9221240e-01;2.7750000e+02;1.5334243e-01;2.7750000e+02;1.1156150e-01;2.7750000e+02;7.2634563e-02;2.7750000e+02;3.4743268e-02;2.7750000e+02;-3.0305618e-03;2.7750000e+02;5.0423993e-03;2.7750000e+02;1.9620664e-02;2.7750000e+02;3.8035110e-02;2.7750000e+02;5.7513736e-02;2.7750000e+02;8.0841877e-02;2.7750000e+02;1.1164287e-01;2.7750000e+02;1.5376642e-01;2.7750000e+02;1.9894825e-01;2.7750000e+02;2.3453611e-01;2.7750000e+02;2.5003880e-01;2.7750000e+02;2.4676414e-01;2.7750000e+02;2.2440150e-01;2.7750000e+02;1.9221240e-01;2.7750000e+02;1.5334243e-01;2.7750000e+02;1.1156150e-01;2.7750000e+02;7.2634563e-02;2.7750000e+02;3.4743268e-02;2.7750000e+02;-3.0305618e-03;2.7750000e+02;5.0423993e-03;2.7750000e+02;1.9620664e-02;2.7750000e+02;3.8035110e-02;2.7750000e+02;5.7513736e-02;2.7750000e+02;8.0841877e-02;2.7750000e+02;1.1164287e-01;2.7750000e+02;1.5376642e-01;2.7750000e+02;1.9894825e-01;2.7750000e+02;2.3453611e-01;2.7750000e+02;2.5003880e-01;2.7750000e+02;2.4676414e-01;2.7750000e+02;2.2440150e-01;2.7750000e+02;1.9221240e-01;2.7750000e+02;1.5334243e-01;2.7750000e+02;1.1156150e-01;2.7750000e+02;7.2634563e-02;2.7750000e+02;3.4743268e-02;2.7750000e+02;-3.0305618e-03;2.7750000e+02;5.0423993e-03;2.7750000e+02;1.9620664e-02;2.7750000e+02;3.8035110e-02;2.7750000e+02;5.7513736e-02;2.7750000e+02;8.0841877e-02;2.7750000e+02;1.1164287e-01;2.7750000e+02;1.5376642e-01;2.7750000e+02;1.9894825e-01;2.7750000e+02;2.3453611e-01;2.7750000e+02;2.5003880e-01;2.7750000e+02;2.4676414e-01;2.7750000e+02;2.2440150e-01;2.7750000e+02;1.9221240e-01;2.7750000e+02;1.5334243e-01;2.7750000e+02;1.1156150e-01;2.7750000e+02;7.2634563e-02;2.7750000e+02;3.4743268e-02;2.7750000e+02;-3.0305618e-03;2.7750000e+02;5.0423993e-03;2.7750000e+02;1.9620664e-02;2.7750000e+02;3.8035110e-02;2.7750000e+02;5.7513736e-02;2.7750000e+02;8.0841877e-02;2.7750000e+02;1.1164287e-01;2.7750000e+02;1.5376642e-01;2.7750000e+02;1.9894825e-01;2.7750000e+02;2.3453611e-01;2.7750000e+02;2.5003880e-01;2.7750000e+02;2.4676414e-01;2.7750000e+02;2.2440150e-01;2.7750000e+02;1.9221240e-01;2.7750000e+02;1.5334243e-01;2.7750000e+02;1.1156150e-01;2.7750000e+02;7.2634563e-02;2.7750000e+02;3.4743268e-02;2.7750000e+02;-3.0305618e-03;2.7750000e+02;5.0423993e-03;2.7750000e+02;1.9620664e-02;2.7750000e+02;3.8035110e-02;2.7750000e+02;5.7513736e-02;2.7750000e+02;8.0841877e-02;2.7750000e+02;1.1164287e-01;2.7750000e+02;1.5376642e-01;2.7750000e+02;1.9894825e-01;2.7750000e+02;2.3453611e-01;2.7750000e+02;2.5003880e-01;2.7750000e+02;2.4676414e-01;2.7750000e+02;2.2440150e-01;2.7750000e+02;1.9221240e-01;2.7750000e+02;1.5334243e-01;2.7750000e+02;1.1156150e-01;2.7750000e+02;7.2634563e-02;2.7750000e+02;3.4743268e-02;2.7750000e+02;-3.0305618e-03;2.7750000e+02;5.0423993e-03;2.7750000e+02;1.9620664e-02;2.7750000e+02;3.8035110e-02;2.7750000e+02;5.7513736e-02;2.7750000e+02;8.0841877e-02;2.7750000e+02;1.1164287e-01;2.7750000e+02;1.5376642e-01;2.7750000e+02;1.9894825e-01;2.7750000e+02;2.3453611e-01;2.7750000e+02;2.5003880e-01;2.7750000e+02;2.4676414e-01;2.7750000e+02;2.2440150e-01;2.7750000e+02;1.9221240e-01;2.7750000e+02;1.5334243e-01;2.7750000e+02;1.1156150e-01;2.7750000e+02;7.2634563e-02;2.7750000e+02;3.4743268e-02;2.7750000e+02;-3.0305618e-03;2.7750000e+02;5.0423993e-03;2.7750000e+02;1.9620664e-02;2.7750000e+02;3.8035110e-02;2.7750000e+02;5.7513736e-02;2.7750000e+02;8.0841877e-02;2.7750000e+02;1.1164287e-01;2.7750000e+02;1.5376642e-01;2.7750000e+02;1.9894825e-01;2.7750000e+02;2.3453611e-01;2.7750000e+02;2.5003880e-01;2.7750000e+02;2.4676414e-01;2.7750000e+02;2.2440150e-01;2.7750000e+02;1.9221240e-01;2.7750000e+02;1.5334243e-01;2.7750000e+02;1.1156150e-01;2.7750000e+02;7.2634563e-02;2.7750000e+02;3.4743268e-02;2.7750000e+02;-3.0305618e-03;2.7750000e+02;5.0423993e-03;2.7750000e+02;1.9620664e-02;2.7750000e+02;3.8035110e-02;2.7750000e+02;5.7513736e-02;2.7750000e+02;8.0841877e-02;2.7750000e+02;1.1164287e-01;2.7750000e+02;1.5376642e-01;2.7750000e+02;1.9894825e-01;2.7750000e+02;2.3453611e-01;2.7750000e+02;2.5003880e-01;2.7750000e+02;2.4676414e-01;2.7750000e+02;2.2440150e-01;2.7750000e+02;1.9221240e-01;2.7750000e+02;1.5334243e-01;2.7750000e+02;1.1156150e-01;2.7750000e+02;7.2634563e-02;2.7750000e+02;3.4743268e-02;2.7750000e+02;-3.0305618e-03;2.7750000e+02;5.0423993e-03;2.7750000e+02;1.9620664e-02;2.7750000e+02;3.8035110e-02;2.7750000e+02;5.7513736e-02;2.7750000e+02;8.0841877e-02;2.7750000e+02;1.1164287e-01;2.7750000e+02;1.5376642e-01;2.7750000e+02;1.9894825e-01;2.7750000e+02;2.3453611e-01;2.7750000e+02;2.5003880e-01;2.7750000e+02;2.4676414e-01;2.7750000e+02;2.2440150e-01;2.7750000e+02;1.9221240e-01;2.7750000e+02;1.5334243e-01;2.7750000e+02;1.1156150e-01;2.7750000e+02;7.2634563e-02;2.7750000e+02;3.4743268e-02;2.7750000e+02;-3.0305618e-03;2.7750000e+02;5.0423993e-03;2.7750000e+02;1.9620664e-02;2.7750000e+02;3.8035110e-02;2.7750000e+02;5.7513736e-02;2.7750000e+02;8.0841877e-02;2.7750000e+02;1.1164287e-01;2.7750000e+02;1.5376642e-01;2.7750000e+02;1.9894825e-01;2.7750000e+02;2.3453611e-01;2.7750000e+02;2.5003880e-01;2.7750000e+02;2.4676414e-01;2.7750000e+02;2.2440150e-01;2.7750000e+02;1.9221240e-01;2.7750000e+02;1.5334243e-01;2.7750000e+02;1.1156150e-01;2.7750000e+02;7.2634563e-02;2.7750000e+02;3.4743268e-02;2.7750000e+02;-3.0305618e-03;2.7750000e+02;5.0423993e-03;2.7750000e+02;1.9620664e-02;2.7750000e+02;3.8035110e-02;2.7750000e+02;5.7513736e-02;2.7750000e+02;8.0841877e-02;2.7750000e+02;1.1164287e-01;2.7750000e+02;1.5376642e-01;2.7750000e+02;1.9894825e-01;2.7750000e+02;2.3453611e-01;2.7750000e+02;2.5003880e-01;2.7750000e+02;2.4676414e-01;2.7750000e+02;2.2440150e-01;2.7750000e+02;1.9221240e-01;2.7750000e+02;1.5334243e-01;2.7750000e+02;1.1156150e-01;2.7750000e+02;7.2634563e-02;2.7750000e+02;3.4743268e-02;2.7750000e+02;-3.0305618e-03;2.7750000e+02;5.0423993e-03;2.7750000e+02;1.9620664e-02;2.7750000e+02;3.8035110e-02;2.7750000e+02;5.7513736e-02;2.7750000e+02;8.0841877e-02;2.7750000e+02;1.1164287e-01;2.7750000e+02;1.5376642e-01;2.7750000e+02;1.9894825e-01;2.7750000e+02;2.3453611e-01;2.7750000e+02;2.5003880e-01;2.7750000e+02;2.4676414e-01;2.7750000e+02;2.2440150e-01;2.7750000e+02;1.9221240e-01;2.7750000e+02;1.5334243e-01;2.7750000e+02;1.1156150e-01;2.7750000e+02;7.2634563e-02;2.7750000e+02;3.4743268e-02;2.7750000e+02;-3.0305618e-03;2.7750000e+02;5.0423993e-03;2.7750000e+02;1.9620664e-02;2.7750000e+02;3.8035110e-02;2.7750000e+02;5.7513736e-02;2.7750000e+02;8.0841877e-02;2.7750000e+02;1.1164287e-01;2.7750000e+02;1.5376642e-01;2.7750000e+02;1.9894825e-01;2.7750000e+02;2.3453611e-01;2.7750000e+02;2.5003880e-01;2.7750000e+02;2.4676414e-01;2.7750000e+02;2.2440150e-01;2.7750000e+02;1.9221240e-01;2.7750000e+02;1.5334243e-01;2.7750000e+02;1.1156150e-01;2.7750000e+02;7.2634563e-02;2.7750000e+02;3.4743268e-02;2.7750000e+02;-3.0305618e-03;2.7750000e+02;5.0423993e-03;2.7750000e+02;1.9620664e-02;2.7750000e+02;3.8035110e-02;2.7750000e+02;5.7513736e-02;2.7750000e+02;8.0841877e-02;2.7750000e+02;1.1164287e-01;2.7750000e+02;1.5376642e-01;2.7750000e+02;1.9894825e-01;2.7750000e+02;2.3453611e-01;2.7750000e+02;2.5003880e-01;2.7750000e+02;2.4676414e-01;2.7750000e+02;2.2440150e-01;2.7750000e+02;1.9221240e-01;2.7750000e+02;1.5334243e-01;2.7750000e+02;1.1156150e-01;2.7750000e+02;7.2634563e-02;2.7750000e+02;3.4743268e-02;2.7750000e+02;-3.0305618e-03;2.7750000e+02;5.0423993e-03;2.7750000e+02;1.9620664e-02;2.7750000e+02;3.8035110e-02;2.7750000e+02;5.7513736e-02;2.7750000e+02;8.0841877e-02;2.7750000e+02;1.1164287e-01;2.7750000e+02;1.5376642e-01;2.7750000e+02;1.9894825e-01;2.7750000e+02;2.3453611e-01;2.7750000e+02;2.5003880e-01;2.7750000e+02;2.4676414e-01;2.7750000e+02;2.2440150e-01;2.7750000e+02;1.9221240e-01;2.7750000e+02;1.5334243e-01;2.7750000e+02;1.1156150e-01;2.7750000e+02;7.2634563e-02;2.7750000e+02;3.4743268e-02;2.7750000e+02;-3.0305618e-03;2.7750000e+02;5.0423993e-03;2.7750000e+02;1.9620664e-02;2.7750000e+02;3.8035110e-02;2.7750000e+02;5.7513736e-02;2.7750000e+02;8.0841877e-02;2.7750000e+02;1.1164287e-01;2.7750000e+02;1.5376642e-01;2.7750000e+02;1.9894825e-01;2.7750000e+02;2.3453611e-01;2.7750000e+02;2.5003880e-01;2.7750000e+02;2.4676414e-01;2.7750000e+02;2.2440150e-01;2.7750000e+02;1.9221240e-01;2.7750000e+02;1.5334243e-01;2.7750000e+02;1.1156150e-01;2.7750000e+02;7.2634563e-02;2.7750000e+02;3.4743268e-02;2.7750000e+02;-3.0305618e-03;2.7750000e+02;5.0423993e-03;2.7750000e+02;1.9620664e-02;2.7750000e+02;3.8035110e-02;2.7750000e+02;5.7513736e-02;2.7750000e+02;8.0841877e-02;2.7750000e+02;1.1164287e-01;2.7750000e+02;1.5376642e-01;2.7750000e+02;1.9894825e-01;2.7750000e+02;2.3453611e-01;2.7750000e+02;2.5003880e-01;2.7750000e+02;2.4676414e-01;2.7750000e+02;2.2440150e-01;2.7750000e+02;1.9221240e-01;2.7750000e+02;1.5334243e-01;2.7750000e+02;1.1156150e-01;2.7750000e+02;7.2634563e-02;2.7750000e+02;3.4743268e-02;2.7750000e+02;-3.0305618e-03;2.7750000e+02;5.0423993e-03;2.7750000e+02;1.9620664e-02;2.7750000e+02;3.8035110e-02;2.7750000e+02;5.7513736e-02;2.7750000e+02;8.0841877e-02;2.7750000e+02;1.1164287e-01;2.7750000e+02;1.5376642e-01;2.7750000e+02;1.9894825e-01;2.7750000e+02;2.3453611e-01;2.7750000e+02;2.5003880e-01;2.7750000e+02;2.4676414e-01;2.7750000e+02;2.2440150e-01;2.7750000e+02;1.9221240e-01;2.7750000e+02;1.5334243e-01;2.7750000e+02;1.1156150e-01;2.7750000e+02;7.2634563e-02;2.7750000e+02;3.4743268e-02;2.7750000e+02;-3.0305618e-03;2.7750000e+02;5.0423993e-03;2.7750000e+02;1.9620664e-02;2.7750000e+02;3.8035110e-02;2.7750000e+02;5.7513736e-02;2.7750000e+02;8.0841877e-02;2.7750000e+02;1.1164287e-01;2.7750000e+02;1.5376642e-01;2.7750000e+02;1.9894825e-01;2.7750000e+02;2.3453611e-01;2.7750000e+02;2.5003880e-01;2.7750000e+02;2.4676414e-01;2.7750000e+02;2.2440150e-01;2.7750000e+02;1.9221240e-01;2.7750000e+02;1.5334243e-01;2.7750000e+02;1.1156150e-01;2.7750000e+02;7.2634563e-02;2.7750000e+02;3.4743268e-02;2.7750000e+02;-3.0305618e-03;2.7750000e+02;5.0423993e-03;2.7750000e+02;1.9620664e-02;2.7750000e+02;3.8035110e-02;2.7750000e+02;5.7513736e-02;2.7750000e+02;8.0841877e-02;2.7750000e+02;1.1164287e-01;2.7750000e+02;1.5376642e-01;2.7750000e+02;1.9894825e-01;2.7750000e+02;2.3453611e-01;2.7750000e+02;2.5003880e-01;2.7750000e+02;2.4676414e-01;2.7750000e+02;2.2440150e-01;2.7750000e+02;1.9221240e-01;2.7750000e+02;1.5334243e-01;2.7750000e+02;1.1156150e-01;2.7750000e+02;7.2634563e-02;2.7750000e+02;3.4743268e-02;2.7750000e+02;-3.0305618e-03;2.7750000e+02;5.0423993e-03;2.7750000e+02;1.9620664e-02;2.7750000e+02;3.8035110e-02;2.7750000e+02;5.7513736e-02;2.7750000e+02;8.0841877e-02;2.7750000e+02;1.1164287e-01;2.7750000e+02;1.5376642e-01;2.7750000e+02;1.9894825e-01;2.7750000e+02;2.3453611e-01;2.7750000e+02;2.5003880e-01;2.7750000e+02;2.4676414e-01;2.7750000e+02;2.2440150e-01;2.7750000e+02;1.9221240e-01;2.7750000e+02;1.5334243e-01;2.7750000e+02;1.1156150e-01;2.7750000e+02;7.2634563e-02;2.7750000e+02;3.4743268e-02;2.7750000e+02;-3.0305618e-03;2.7750000e+02;5.0423993e-03;2.7750000e+02;1.9620664e-02;2.7750000e+02;3.8035110e-02;2.7750000e+02;5.7513736e-02;2.7750000e+02;8.0841877e-02;2.7750000e+02;1.1164287e-01;2.7750000e+02;1.5376642e-01;2.7750000e+02;1.9894825e-01;2.7750000e+02;2.3453611e-01;2.7750000e+02;2.5003880e-01;2.7750000e+02;2.4676414e-01;2.7750000e+02;2.2440150e-01;2.7750000e+02;1.9221240e-01;2.7750000e+02;1.5334243e-01;2.7750000e+02;1.1156150e-01;2.7750000e+02;7.2634563e-02;2.7750000e+02;3.4743268e-02;2.7750000e+02;-3.0305618e-03;2.7750000e+02;5.0423993e-03;2.7750000e+02;1.9620664e-02;2.7750000e+02;3.8035110e-02;2.7750000e+02;5.7513736e-02;2.7750000e+02;8.0841877e-02;2.7750000e+02;1.1164287e-01;2.7750000e+02;1.5376642e-01;2.7750000e+02;1.9894825e-01;2.7750000e+02;2.3453611e-01;2.7750000e+02;2.5003880e-01;2.7750000e+02;2.4676414e-01;2.7750000e+02;2.2440150e-01;2.7750000e+02;1.9221240e-01;2.7750000e+02;1.5334243e-01;2.7750000e+02;1.1156150e-01;2.7750000e+02;7.2634563e-02;2.7750000e+02;3.4743268e-02;2.7750000e+02;-3.0305618e-03;2.7750000e+02;5.0423993e-03;2.7750000e+02;1.9620664e-02;2.7750000e+02;3.8035110e-02;2.7750000e+02;5.7513736e-02;2.7750000e+02;8.0841877e-02;2.7750000e+02;1.1164287e-01;2.7750000e+02;1.5376642e-01;2.7750000e+02;1.9894825e-01;2.7750000e+02;2.3453611e-01;2.7750000e+02;2.5003880e-01;2.7750000e+02;2.4676414e-01;2.7750000e+02;2.2440150e-01;2.7750000e+02;1.9221240e-01;2.7750000e+02;1.5334243e-01;2.7750000e+02;1.1156150e-01;2.7750000e+02;7.2634563e-02;2.7750000e+02;3.4743268e-02;2.7750000e+02;-3.0305618e-03;2.7750000e+02;5.0423993e-03;2.7750000e+02;1.9620664e-02;2.7750000e+02;3.8035110e-02;2.7750000e+02;5.7513736e-02;2.7750000e+02;8.0841877e-02;2.7750000e+02;1.1164287e-01;2.7750000e+02;1.5376642e-01;2.7750000e+02;1.9894825e-01;2.7750000e+02;2.3453611e-01;2.7750000e+02;2.5003880e-01;2.7750000e+02;2.4676414e-01;2.7750000e+02;2.2440150e-01;2.7750000e+02;1.9221240e-01;2.7750000e+02;1.5334243e-01;2.7750000e+02;1.1156150e-01;2.7750000e+02;7.2634563e-02;2.7750000e+02;3.4743268e-02;2.7750000e+02;-3.0305618e-03;2.7750000e+02;5.0423993e-03;2.7750000e+02;1.9620664e-02;2.7750000e+02;3.8035110e-02;2.7750000e+02;5.7513736e-02;2.7750000e+02;8.0841877e-02;2.7750000e+02;1.1164287e-01;2.7750000e+02;1.5376642e-01;2.7750000e+02;1.9894825e-01;2.7750000e+02;2.3453611e-01;2.7750000e+02;2.5003880e-01;2.7750000e+02;2.4676414e-01;2.7750000e+02;2.2440150e-01;2.7750000e+02;1.9221240e-01;2.7750000e+02;1.5334243e-01;2.7750000e+02;1.1156150e-01;2.7750000e+02;7.2634563e-02;2.7750000e+02;3.4743268e-02;2.7750000e+02;-3.0305618e-03;2.7750000e+02;5.0423993e-03;2.7750000e+02;1.9620664e-02;2.7750000e+02;3.8035110e-02;2.7750000e+02;5.7513736e-02;2.7750000e+02;8.0841877e-02;2.7750000e+02;1.1164287e-01;2.7750000e+02;1.5376642e-01;2.7750000e+02;1.9894825e-01;2.7750000e+02;2.3453611e-01;2.7750000e+02;2.5003880e-01;2.7750000e+02;2.4676414e-01;2.7750000e+02;2.2440150e-01;2.7750000e+02;1.9221240e-01;2.7750000e+02;1.5334243e-01;2.7750000e+02;1.1156150e-01;2.7750000e+02;7.2634563e-02;2.7750000e+02;3.4743268e-02;2.7750000e+02;-3.0305618e-03;2.7750000e+02;5.0423993e-03;2.7750000e+02;1.9620664e-02;2.7750000e+02;3.8035110e-02;2.7750000e+02;5.7513736e-02;2.7750000e+02;8.0841877e-02;2.7750000e+02;1.1164287e-01;2.7750000e+02;1.5376642e-01;2.7750000e+02;1.9894825e-01;2.7750000e+02;2.3453611e-01;2.7750000e+02;2.5003880e-01;2.7750000e+02;2.4676414e-01;2.7750000e+02;2.2440150e-01;2.7750000e+02;1.9221240e-01;2.7750000e+02;1.5334243e-01;2.7750000e+02;1.1156150e-01;2.7750000e+02;7.2634563e-02;2.7750000e+02;3.4743268e-02;2.7750000e+02;-3.0305618e-03;2.7750000e+02;5.0423993e-03;2.7750000e+02;1.9620664e-02;2.7750000e+02;3.8035110e-02;2.7750000e+02;5.7513736e-02;2.7750000e+02;8.0841877e-02;2.7750000e+02;1.1164287e-01;2.7750000e+02;1.5376642e-01;2.7750000e+02;1.9894825e-01;2.7750000e+02;2.3453611e-01;2.7750000e+02;2.5003880e-01;2.7750000e+02;2.4676414e-01;2.7750000e+02;2.2440150e-01;2.7750000e+02;1.9221240e-01;2.7750000e+02;1.5334243e-01;2.7750000e+02;1.1156150e-01;2.7750000e+02;7.2634563e-02;2.7750000e+02;3.4743268e-02;2.7750000e+02;-3.0305618e-03;2.7750000e+02;5.0423993e-03;2.7750000e+02;1.9620664e-02;2.7750000e+02;3.8035110e-02;2.7750000e+02;5.7513736e-02;2.7750000e+02;8.0841877e-02;2.7750000e+02;1.1164287e-01;2.7750000e+02;1.5376642e-01;2.7750000e+02;1.9894825e-01;2.7750000e+02;2.3453611e-01;2.7750000e+02;2.5003880e-01;2.7750000e+02;2.4676414e-01;2.7750000e+02;2.2440150e-01;2.7750000e+02;1.9221240e-01;2.7750000e+02;1.5334243e-01;2.7750000e+02;1.1156150e-01;2.7750000e+02;7.2634563e-02;2.7750000e+02;3.4743268e-02;2.7750000e+02;-3.0305618e-03;2.7750000e+02;5.0423993e-03;2.7750000e+02;1.9620664e-02;2.7750000e+02;3.8035110e-02;2.7750000e+02;5.7513736e-02;2.7750000e+02;8.0841877e-02;2.7750000e+02;1.1164287e-01;2.7750000e+02;1.5376642e-01;2.7750000e+02;1.9894825e-01;2.7750000e+02;2.3453611e-01;2.7750000e+02;2.5003880e-01;2.7750000e+02;2.4676414e-01;2.7750000e+02;2.2440150e-01;2.7750000e+02;1.9221240e-01;2.7750000e+02;1.5334243e-01;2.7750000e+02;1.1156150e-01;2.7750000e+02;7.2634563e-02;2.7750000e+02;3.4743268e-02;2.7750000e+02;-3.0305618e-03;2.7750000e+02;5.0423993e-03;2.7750000e+02;1.9620664e-02;2.7750000e+02;3.8035110e-02;2.7750000e+02;5.7513736e-02;2.7750000e+02;8.0841877e-02;2.7750000e+02;1.1164287e-01;2.7750000e+02;1.5376642e-01;2.7750000e+02;1.9894825e-01;2.7750000e+02;2.3453611e-01;2.7750000e+02;2.5003880e-01;2.7750000e+02;2.4676414e-01;2.7750000e+02;2.2440150e-01;2.7750000e+02;1.9221240e-01;2.7750000e+02;1.5334243e-01;2.7750000e+02;1.1156150e-01;2.7750000e+02;7.2634563e-02;2.7750000e+02;3.4743268e-02;2.7750000e+02;-3.0305618e-03;2.7750000e+02;5.0423993e-03;2.7750000e+02;1.9620664e-02;2.7750000e+02;3.8035110e-02;2.7750000e+02;5.7513736e-02;2.7750000e+02;8.0841877e-02;2.7750000e+02;1.1164287e-01;2.7750000e+02;1.5376642e-01;2.7750000e+02;1.9894825e-01;2.7750000e+02;2.3453611e-01;2.7750000e+02;2.5003880e-01;2.7750000e+02;2.4676414e-01;2.7750000e+02;2.2440150e-01;2.7750000e+02;1.9221240e-01;2.7750000e+02;1.5334243e-01;2.7750000e+02;1.1156150e-01;2.7750000e+02;7.2634563e-02;2.7750000e+02;3.4743268e-02;2.7750000e+02;-3.0305618e-03;2.7750000e+02;5.0423993e-03;2.7750000e+02;1.9620664e-02;2.7750000e+02;3.8035110e-02;2.7750000e+02;5.7513736e-02;2.7750000e+02;8.0841877e-02;2.7750000e+02;1.1164287e-01;2.7750000e+02;1.5376642e-01;2.7750000e+02;1.9894825e-01;2.7750000e+02;2.3453611e-01;2.7750000e+02;2.5003880e-01;2.7750000e+02;2.4676414e-01;2.7750000e+02;2.2440150e-01;2.7750000e+02;1.9221240e-01;2.7750000e+02;1.5334243e-01;2.7750000e+02;1.1156150e-01;2.7750000e+02;7.2634563e-02;2.7750000e+02;3.4743268e-02;2.7750000e+02;-3.0305618e-03;2.7750000e+02;5.0423993e-03;2.7750000e+02;1.9620664e-02;2.7750000e+02;3.8035110e-02;2.7750000e+02;5.7513736e-02;2.7750000e+02;8.0841877e-02;2.7750000e+02;1.1164287e-01;2.7750000e+02;1.5376642e-01;2.7750000e+02;1.9894825e-01;2.7750000e+02;2.3453611e-01;2.7750000e+02;2.5003880e-01;2.7750000e+02;2.4676414e-01;2.7750000e+02;2.2440150e-01;2.7750000e+02;1.9221240e-01;2.7750000e+02;1.5334243e-01;2.7750000e+02;1.1156150e-01;2.7750000e+02;7.2634563e-02;2.7750000e+02;3.4743268e-02;2.7750000e+02;-3.0305618e-03;2.7750000e+02;5.0423993e-03;2.7750000e+02;1.9620664e-02;2.7750000e+02;3.8035110e-02;2.7750000e+02;5.7513736e-02;2.7750000e+02;8.0841877e-02;2.7750000e+02;1.1164287e-01;2.7750000e+02;1.5376642e-01;2.7750000e+02;1.9894825e-01;2.7750000e+02;2.3453611e-01;2.7750000e+02;2.5003880e-01;2.7750000e+02;2.4676414e-01;2.7750000e+02;2.2440150e-01;2.7750000e+02;1.9221240e-01;2.7750000e+02;1.5334243e-01;2.7750000e+02;1.1156150e-01;2.7750000e+02;7.2634563e-02;2.7750000e+02;3.4743268e-02;2.7750000e+02;-3.0305618e-03;2.7750000e+02;5.0423993e-03;2.7750000e+02;1.9620664e-02;2.7750000e+02;3.8035110e-02;2.7750000e+02;5.7513736e-02;2.7750000e+02;8.0841877e-02;2.7750000e+02;1.1164287e-01;2.7750000e+02;1.5376642e-01;2.7750000e+02;1.9894825e-01;2.7750000e+02;2.3453611e-01;2.7750000e+02;2.5003880e-01;2.7750000e+02;2.4676414e-01;2.7750000e+02;2.2440150e-01;2.7750000e+02;1.9221240e-01;2.7750000e+02;1.5334243e-01;2.7750000e+02;1.1156150e-01;2.7750000e+02;7.2634563e-02;2.7750000e+02;3.4743268e-02;2.7750000e+02;-3.0305618e-03;2.7750000e+02;5.0423993e-03;2.7750000e+02;1.9620664e-02;2.7750000e+02;3.8035110e-02;2.7750000e+02;5.7513736e-02;2.7750000e+02;8.0841877e-02;2.7750000e+02;1.1164287e-01;2.7750000e+02;1.5376642e-01;2.7750000e+02;1.9894825e-01;2.7750000e+02;2.3453611e-01;2.7750000e+02;2.5003880e-01;2.7750000e+02;2.4676414e-01;2.7750000e+02;2.2440150e-01;2.7750000e+02;1.9221240e-01;2.7750000e+02;1.5334243e-01;2.7750000e+02;1.1156150e-01;2.7750000e+02;7.2634563e-02;2.7750000e+02;3.4743268e-02;2.7750000e+02;-3.0305618e-03;2.7750000e+02;5.0423993e-03;2.7750000e+02;1.9620664e-02;2.7750000e+02;3.8035110e-02;2.7750000e+02;5.7513736e-02;2.7750000e+02;8.0841877e-02;2.7750000e+02;1.1164287e-01;2.7750000e+02;1.5376642e-01;2.7750000e+02;1.9894825e-01;2.7750000e+02;2.3453611e-01;2.7750000e+02;2.5003880e-01;2.7750000e+02;2.4676414e-01;2.7750000e+02;2.2440150e-01;2.7750000e+02;1.9221240e-01;2.7750000e+02;1.5334243e-01;2.7750000e+02;1.1156150e-01;2.7750000e+02;7.2634563e-02;2.7750000e+02;3.4743268e-02;2.7750000e+02;-3.0305618e-03;2.7750000e+02;5.0423993e-03;2.7750000e+02;1.9620664e-02;2.7750000e+02;3.8035110e-02;2.7750000e+02;5.7513736e-02;2.7750000e+02;8.0841877e-02;2.7750000e+02;1.1164287e-01;2.7750000e+02;1.5376642e-01;2.7750000e+02;1.9894825e-01;2.7750000e+02;2.3453611e-01;2.7750000e+02;2.5003880e-01;2.7750000e+02;2.4676414e-01;2.7750000e+02;2.2440150e-01;2.7750000e+02;1.9221240e-01;2.7750000e+02;1.5334243e-01;2.7750000e+02;1.1156150e-01;2.7750000e+02;7.2634563e-02;2.7750000e+02;3.4743268e-02;2.7750000e+02;-3.0305618e-03;2.7750000e+02;5.0423993e-03;2.7750000e+02;1.9620664e-02;2.7750000e+02;3.8035110e-02;2.7750000e+02;5.7513736e-02;2.7750000e+02;8.0841877e-02;2.7750000e+02;1.1164287e-01;2.7750000e+02;1.5376642e-01;2.7750000e+02;1.9894825e-01;2.7750000e+02;2.3453611e-01;2.7750000e+02;2.5003880e-01;2.7750000e+02;2.4676414e-01;2.7750000e+02;2.2440150e-01;2.7750000e+02;1.9221240e-01;2.7750000e+02;1.5334243e-01;2.7750000e+02;1.1156150e-01;2.7750000e+02;7.2634563e-02;2.7750000e+02;3.4743268e-02;2.7750000e+02;-3.0305618e-03;2.7750000e+02;5.0423993e-03;2.7750000e+02;1.9620664e-02;2.7750000e+02;3.8035110e-02;2.7750000e+02;5.7513736e-02;2.7750000e+02;8.0841877e-02;2.7750000e+02;1.1164287e-01;2.7750000e+02;1.5376642e-01;2.7750000e+02;1.9894825e-01;2.7750000e+02;2.3453611e-01;2.7750000e+02;2.5003880e-01;2.7750000e+02;2.4676414e-01;2.7750000e+02;2.2440150e-01;2.7750000e+02;1.9221240e-01;2.7750000e+02;1.5334243e-01;2.7750000e+02;1.1156150e-01;2.7750000e+02;7.2634563e-02;2.7750000e+02;3.4743268e-02;2.7750000e+02;-3.0305618e-03;2.7750000e+02;5.0423993e-03;2.7750000e+02;1.9620664e-02;2.7750000e+02;3.8035110e-02;2.7750000e+02;5.7513736e-02;2.7750000e+02;8.0841877e-02;2.7750000e+02;1.1164287e-01;2.7750000e+02;1.5376642e-01;2.7750000e+02;1.9894825e-01;2.7750000e+02;2.3453611e-01;2.7750000e+02;2.5003880e-01;2.7750000e+02;2.4676414e-01;2.7750000e+02;2.2440150e-01;2.7750000e+02;1.9221240e-01;2.7750000e+02;1.5334243e-01;2.7750000e+02;1.1156150e-01;2.7750000e+02;7.2634563e-02;2.7750000e+02;3.4743268e-02;2.7750000e+02;-3.0305618e-03;2.7750000e+02;5.0423993e-03;2.7750000e+02;1.9620664e-02;2.7750000e+02;3.8035110e-02;2.7750000e+02;5.7513736e-02;2.7750000e+02;8.0841877e-02;2.7750000e+02;1.1164287e-01;2.7750000e+02;1.5376642e-01;2.7750000e+02;1.9894825e-01;2.7750000e+02;2.3453611e-01;2.7750000e+02;2.5003880e-01;2.7750000e+02;2.4676414e-01;2.7750000e+02;2.2440150e-01;2.7750000e+02;1.9221240e-01;2.7750000e+02;1.5334243e-01;2.7750000e+02;1.1156150e-01;2.7750000e+02;7.2634563e-02;2.7750000e+02;3.4743268e-02;2.7750000e+02;-3.0305618e-03;2.7750000e+02;5.0423993e-03;2.7750000e+02;1.9620664e-02;2.7750000e+02;3.8035110e-02;2.7750000e+02;5.7513736e-02;2.7750000e+02;8.0841877e-02;2.7750000e+02;1.1164287e-01;2.7750000e+02;1.5376642e-01;2.7750000e+02;1.9894825e-01;2.7750000e+02;2.3453611e-01;2.7750000e+02;2.5003880e-01;2.7750000e+02;2.4676414e-01;2.7750000e+02;2.2440150e-01;2.7750000e+02;1.9221240e-01;2.7750000e+02;1.5334243e-01;2.7750000e+02;1.1156150e-01;2.7750000e+02;7.2634563e-02;2.7750000e+02;3.4743268e-02;2.7750000e+02;-3.0305618e-03;2.7750000e+02;5.0423993e-03;2.7750000e+02;1.9620664e-02;2.7750000e+02;3.8035110e-02;2.7750000e+02;5.7513736e-02;2.7750000e+02;8.0841877e-02;2.7750000e+02;1.1164287e-01;2.7750000e+02;1.5376642e-01;2.7750000e+02;1.9894825e-01;2.7750000e+02;2.3453611e-01;2.7750000e+02;2.5003880e-01;2.7750000e+02;2.4676414e-01;2.7750000e+02;2.2440150e-01;2.7750000e+02;1.9221240e-01;2.7750000e+02;1.5334243e-01;2.7750000e+02;1.1156150e-01;2.7750000e+02;7.2634563e-02;2.7750000e+02;3.4743268e-02;2.7750000e+02;-3.0305618e-03;2.7750000e+02;5.0423993e-03;2.7750000e+02;1.9620664e-02;2.7750000e+02;3.8035110e-02;2.7750000e+02;5.7513736e-02;2.7750000e+02;8.0841877e-02;2.7750000e+02;1.1164287e-01;2.7750000e+02;1.5376642e-01;2.7750000e+02;1.9894825e-01;2.7750000e+02;2.3453611e-01;2.7750000e+02;2.5003880e-01;2.7750000e+02;2.4676414e-01;2.7750000e+02;2.2440150e-01;2.7750000e+02;1.9221240e-01;2.7750000e+02;1.5334243e-01;2.7750000e+02;1.1156150e-01;2.7750000e+02;7.2634563e-02;2.7750000e+02;3.4743268e-02;2.7750000e+02;-3.0305618e-03;2.7750000e+02;5.0423993e-03;2.7750000e+02;1.9620664e-02;2.7750000e+02;3.8035110e-02;2.7750000e+02;5.7513736e-02;2.7750000e+02;8.0841877e-02;2.7750000e+02;1.1164287e-01;2.7750000e+02;1.5376642e-01;2.7750000e+02;1.9894825e-01;2.7750000e+02;2.3453611e-01;2.7750000e+02;2.5003880e-01;2.7750000e+02;2.4676414e-01;2.7750000e+02;2.2440150e-01;2.7750000e+02;1.9221240e-01;2.7750000e+02;1.5334243e-01;2.7750000e+02;1.1156150e-01;2.7750000e+02;7.2634563e-02;2.7750000e+02;3.4743268e-02;2.7750000e+02;-3.0305618e-03;2.7750000e+02;5.0423993e-03;2.7750000e+02;1.9620664e-02;2.7750000e+02;3.8035110e-02;2.7750000e+02;5.7513736e-02;2.7750000e+02;8.0841877e-02;2.7750000e+02;1.1164287e-01;2.7750000e+02;1.5376642e-01;2.7750000e+02;1.9894825e-01;2.7750000e+02;2.3453611e-01;2.7750000e+02;2.5003880e-01;2.7750000e+02;2.4676414e-01;2.7750000e+02;2.2440150e-01;2.7750000e+02;1.9221240e-01;2.7750000e+02;1.5334243e-01;2.7750000e+02;1.1156150e-01;2.7750000e+02;7.2634563e-02;2.7750000e+02;3.4743268e-02;2.7750000e+02;-3.0305618e-03;2.7750000e+02;5.0423993e-03;2.7750000e+02;1.9620664e-02;2.7750000e+02;3.8035110e-02;2.7750000e+02;5.7513736e-02;2.7750000e+02;8.0841877e-02;2.7750000e+02;1.1164287e-01;2.7750000e+02;1.5376642e-01;2.7750000e+02;1.9894825e-01;2.7750000e+02;2.3453611e-01;2.7750000e+02;2.5003880e-01;2.7750000e+02;2.4676414e-01;2.7750000e+02;2.2440150e-01;2.7750000e+02;1.9221240e-01;2.7750000e+02;1.5334243e-01;2.7750000e+02;1.1156150e-01;2.7750000e+02;7.2634563e-02;2.7750000e+02;3.4743268e-02;2.7750000e+02;-3.0305618e-03;2.7750000e+02;5.0423993e-03;2.7750000e+02;1.9620664e-02;2.7750000e+02;3.8035110e-02;2.7750000e+02;5.7513736e-02;2.7750000e+02;8.0841877e-02;2.7750000e+02;1.1164287e-01;2.7750000e+02;1.5376642e-01;2.7750000e+02;1.9894825e-01;2.7750000e+02;2.3453611e-01;2.7750000e+02;2.5003880e-01;2.7750000e+02;2.4676414e-01;2.7750000e+02;2.2440150e-01;2.7750000e+02;1.9221240e-01;2.7750000e+02;1.5334243e-01;2.7750000e+02;1.1156150e-01;2.7750000e+02;7.2634563e-02;2.7750000e+02;3.4743268e-02;2.7750000e+02;-3.0305618e-03;2.7750000e+02;5.0423993e-03;2.7750000e+02;1.9620664e-02;2.7750000e+02;3.8035110e-02;2.7750000e+02;5.7513736e-02;2.7750000e+02;8.0841877e-02;2.7750000e+02;1.1164287e-01;2.7750000e+02;1.5376642e-01;2.7750000e+02;1.9894825e-01;2.7750000e+02;2.3453611e-01;2.7750000e+02;2.5003880e-01;2.7750000e+02;2.4676414e-01;2.7750000e+02;2.2440150e-01;2.7750000e+02;1.9221240e-01;2.7750000e+02;1.5334243e-01;2.7750000e+02;1.1156150e-01;2.7750000e+02;7.2634563e-02;2.7750000e+02;3.4743268e-02;2.7750000e+02;-3.0305618e-03;2.7750000e+02;5.0423993e-03;2.7750000e+02;1.9620664e-02;2.7750000e+02;3.8035110e-02;2.7750000e+02;5.7513736e-02;2.7750000e+02;8.0841877e-02;2.7750000e+02;1.1164287e-01;2.7750000e+02;1.5376642e-01;2.7750000e+02;1.9894825e-01;2.7750000e+02;2.3453611e-01;2.7750000e+02;2.5003880e-01;2.7750000e+02;2.4676414e-01;2.7750000e+02;2.2440150e-01;2.7750000e+02;1.9221240e-01;2.7750000e+02;1.5334243e-01;2.7750000e+02;1.1156150e-01;2.7750000e+02;7.2634563e-02;2.7750000e+02;3.4743268e-02;2.7750000e+02;-3.0305618e-03;2.7750000e+02;5.0423993e-03;2.7750000e+02;1.9620664e-02;2.7750000e+02;3.8035110e-02;2.7750000e+02;5.7513736e-02;2.7750000e+02;8.0841877e-02;2.7750000e+02;1.1164287e-01;2.7750000e+02;1.5376642e-01;2.7750000e+02;1.9894825e-01;2.7750000e+02;2.3453611e-01;2.7750000e+02;2.5003880e-01;2.7750000e+02;2.4676414e-01;2.7750000e+02;2.2440150e-01;2.7750000e+02;1.9221240e-01;2.7750000e+02;1.5334243e-01;2.7750000e+02;1.1156150e-01;2.7750000e+02;7.2634563e-02;2.7750000e+02;3.4743268e-02;2.7750000e+02;-3.0305618e-03;2.7750000e+02;5.0423993e-03;2.7750000e+02;1.9620664e-02;2.7750000e+02;3.8035110e-02;2.7750000e+02;5.7513736e-02;2.7750000e+02;8.0841877e-02;2.7750000e+02;1.1164287e-01;2.7750000e+02;1.5376642e-01;2.7750000e+02;1.9894825e-01;2.7750000e+02;2.3453611e-01;2.7750000e+02;2.5003880e-01;2.7750000e+02;2.4676414e-01;2.7750000e+02;2.2440150e-01;2.7750000e+02;1.9221240e-01;2.7750000e+02;1.5334243e-01;2.7750000e+02;1.1156150e-01;2.7750000e+02;7.2634563e-02;2.7750000e+02;3.4743268e-02;2.7750000e+02;-3.0305618e-03;2.7750000e+02;5.0423993e-03;2.7750000e+02;1.9620664e-02;2.7750000e+02;3.8035110e-02;2.7750000e+02;5.7513736e-02;2.7750000e+02;8.0841877e-02;2.7750000e+02;1.1164287e-01;2.7750000e+02;1.5376642e-01;2.7750000e+02;1.9894825e-01;2.7750000e+02;2.3453611e-01;2.7750000e+02;2.5003880e-01;2.7750000e+02;2.4676414e-01;2.7750000e+02;2.2440150e-01;2.7750000e+02;1.9221240e-01;2.7750000e+02;1.5334243e-01;2.7750000e+02;1.1156150e-01;2.7750000e+02;7.2634563e-02;2.7750000e+02;3.4743268e-02;2.7750000e+02;-3.0305618e-03;2.7750000e+02;5.0423993e-03;2.7750000e+02;1.9620664e-02;2.7750000e+02;3.8035110e-02;2.7750000e+02;5.7513736e-02;2.7750000e+02;8.0841877e-02;2.7750000e+02;1.1164287e-01;2.7750000e+02;1.5376642e-01;2.7750000e+02;1.9894825e-01;2.7750000e+02;2.3453611e-01;2.7750000e+02;2.5003880e-01;2.7750000e+02;2.4676414e-01;2.7750000e+02;2.2440150e-01;2.7750000e+02;1.9221240e-01;2.7750000e+02;1.5334243e-01;2.7750000e+02;1.1156150e-01;2.7750000e+02;7.2634563e-02;2.7750000e+02;3.4743268e-02;2.7750000e+02;-3.0305618e-03;2.7750000e+02;5.0423993e-03;2.7750000e+02;1.9620664e-02;2.7750000e+02;3.8035110e-02;2.7750000e+02;5.7513736e-02;2.7750000e+02;8.0841877e-02;2.7750000e+02;1.1164287e-01;2.7750000e+02;1.5376642e-01;2.7750000e+02;1.9894825e-01;2.7750000e+02;2.3453611e-01;2.7750000e+02;2.5003880e-01;2.7750000e+02;2.4676414e-01;2.7750000e+02;2.2440150e-01;2.7750000e+02;1.9221240e-01;2.7750000e+02;1.5334243e-01;2.7750000e+02;1.1156150e-01;2.7750000e+02;7.2634563e-02;2.7750000e+02;3.4743268e-02;2.7750000e+02;-3.0305618e-03;2.7750000e+02;5.0423993e-03;2.7750000e+02;1.9620664e-02;2.7750000e+02;3.8035110e-02;2.7750000e+02;5.7513736e-02;2.7750000e+02;8.0841877e-02;2.7750000e+02;1.1164287e-01;2.7750000e+02;1.5376642e-01;2.7750000e+02;1.9894825e-01;2.7750000e+02;2.3453611e-01;2.7750000e+02;2.5003880e-01;2.7750000e+02;2.4676414e-01;2.7750000e+02;2.2440150e-01;2.7750000e+02;1.9221240e-01;2.7750000e+02;1.5334243e-01;2.7750000e+02;1.1156150e-01;2.7750000e+02;7.2634563e-02;2.7750000e+02;3.4743268e-02;2.7750000e+02;-3.0305618e-03;2.7750000e+02;5.0423993e-03;2.7750000e+02;1.9620664e-02;2.7750000e+02;3.8035110e-02;2.7750000e+02;5.7513736e-02;2.7750000e+02;8.0841877e-02;2.7750000e+02;1.1164287e-01;2.7750000e+02;1.5376642e-01;2.7750000e+02;1.9894825e-01;2.7750000e+02;2.3453611e-01;2.7750000e+02;2.5003880e-01;2.7750000e+02;2.4676414e-01;2.7750000e+02;2.2440150e-01;2.7750000e+02;1.9221240e-01;2.7750000e+02;1.5334243e-01;2.7750000e+02;1.1156150e-01;2.7750000e+02;7.2634563e-02;2.7750000e+02;3.4743268e-02;2.7750000e+02;-3.0305618e-03;2.7750000e+02;5.0423993e-03;2.7750000e+02;1.9620664e-02;2.7750000e+02;3.8035110e-02;2.7750000e+02;5.7513736e-02;2.7750000e+02;8.0841877e-02;2.7750000e+02;1.1164287e-01;2.7750000e+02;1.5376642e-01;2.7750000e+02;1.9894825e-01;2.7750000e+02;2.3453611e-01;2.7750000e+02;2.5003880e-01;2.7750000e+02;2.4676414e-01;2.7750000e+02;2.2440150e-01;2.7750000e+02;1.9221240e-01;2.7750000e+02;1.5334243e-01;2.7750000e+02;1.1156150e-01;2.7750000e+02;7.2634563e-02;2.7750000e+02;3.4743268e-02;2.7750000e+02;-3.0305618e-03;2.7750000e+02;5.0423993e-03;2.7750000e+02;1.9620664e-02;2.7750000e+02;3.8035110e-02;2.7750000e+02;5.7513736e-02;2.7750000e+02;8.0841877e-02;2.7750000e+02;1.1164287e-01;2.7750000e+02;1.5376642e-01;2.7750000e+02;1.9894825e-01;2.7750000e+02;2.3453611e-01;2.7750000e+02;2.5003880e-01;2.7750000e+02;2.4676414e-01;2.7750000e+02;2.2440150e-01;2.7750000e+02;1.9221240e-01;2.7750000e+02;1.5334243e-01;2.7750000e+02;1.1156150e-01;2.7750000e+02;7.2634563e-02;2.7750000e+02;3.4743268e-02;2.7750000e+02;-3.0305618e-03;2.7750000e+02;5.0423993e-03;2.7750000e+02;1.9620664e-02;2.7750000e+02;3.8035110e-02;2.7750000e+02;5.7513736e-02;2.7750000e+02;8.0841877e-02;2.7750000e+02;1.1164287e-01;2.7750000e+02;1.5376642e-01;2.7750000e+02;1.9894825e-01;2.7750000e+02;2.3453611e-01;2.7750000e+02;2.5003880e-01;2.7750000e+02;2.4676414e-01;2.7750000e+02;2.2440150e-01;2.7750000e+02;1.9221240e-01;2.7750000e+02;1.5334243e-01;2.7750000e+02;1.1156150e-01;2.7750000e+02;7.2634563e-02;2.7750000e+02;3.4743268e-02;2.7750000e+02;-3.0305618e-03;2.7750000e+02;5.0423993e-03;2.7750000e+02;1.9620664e-02;2.7750000e+02;3.8035110e-02;2.7750000e+02;5.7513736e-02;2.7750000e+02;8.0841877e-02;2.7750000e+02;1.1164287e-01;2.7750000e+02;1.5376642e-01;2.7750000e+02;1.9894825e-01;2.7750000e+02;2.3453611e-01;2.7750000e+02;2.5003880e-01;2.7750000e+02;2.4676414e-01;2.7750000e+02;2.2440150e-01;2.7750000e+02;1.9221240e-01;2.7750000e+02;1.5334243e-01;2.7750000e+02;1.1156150e-01;2.7750000e+02;7.2634563e-02;2.7750000e+02;3.4743268e-02;2.7750000e+02;-3.0305618e-03;2.7750000e+02;5.0423993e-03;2.7750000e+02;1.9620664e-02;2.7750000e+02;3.8035110e-02;2.7750000e+02;5.7513736e-02;2.7750000e+02;8.0841877e-02;2.7750000e+02;1.1164287e-01;2.7750000e+02;1.5376642e-01;2.7750000e+02;1.9894825e-01;2.7750000e+02;2.3453611e-01;2.7750000e+02;2.5003880e-01;2.7750000e+02;2.4676414e-01;2.7750000e+02;2.2440150e-01;2.7750000e+02;1.9221240e-01;2.7750000e+02;1.5334243e-01;2.7750000e+02;1.1156150e-01;2.7750000e+02;7.2634563e-02;2.7750000e+02;3.4743268e-02;2.7750000e+02;-3.0305618e-03;2.7750000e+02;5.0423993e-03;2.7750000e+02;1.9620664e-02;2.7750000e+02;3.8035110e-02;2.7750000e+02;5.7513736e-02;2.7750000e+02;8.0841877e-02;2.7750000e+02;1.1164287e-01;2.7750000e+02;1.5376642e-01;2.7750000e+02;1.9894825e-01;2.7750000e+02;2.3453611e-01;2.7750000e+02;2.5003880e-01;2.7750000e+02;2.4676414e-01;2.7750000e+02;2.2440150e-01;2.7750000e+02;1.9221240e-01;2.7750000e+02;1.5334243e-01;2.7750000e+02;1.1156150e-01;2.7750000e+02;7.2634563e-02;2.7750000e+02;3.4743268e-02;2.7750000e+02;-3.0305618e-03;2.7750000e+02;5.0423993e-03;2.7750000e+02;1.9620664e-02;2.7750000e+02;3.8035110e-02;2.7750000e+02;5.7513736e-02;2.7750000e+02;8.0841877e-02;2.7750000e+02;1.1164287e-01;2.7750000e+02;1.5376642e-01;2.7750000e+02;1.9894825e-01;2.7750000e+02;2.3453611e-01;2.7750000e+02;2.5003880e-01;2.7750000e+02;2.4676414e-01;2.7750000e+02;2.2440150e-01;2.7750000e+02;1.9221240e-01;2.7750000e+02;1.5334243e-01;2.7750000e+02;1.1156150e-01;2.7750000e+02;7.2634563e-02;2.7750000e+02;3.4743268e-02;2.7750000e+02;-3.0305618e-03;2.7750000e+02;5.0423993e-03;2.7750000e+02;1.9620664e-02;2.7750000e+02;3.8035110e-02;2.7750000e+02;5.7513736e-02;2.7750000e+02;8.0841877e-02;2.7750000e+02;1.1164287e-01;2.7750000e+02;1.5376642e-01;2.7750000e+02;1.9894825e-01;2.7750000e+02;2.3453611e-01;2.7750000e+02;2.5003880e-01;2.7750000e+02;2.4676414e-01;2.7750000e+02;2.2440150e-01;2.7750000e+02;1.9221240e-01;2.7750000e+02;1.5334243e-01;2.7750000e+02;1.1156150e-01;2.7750000e+02;7.2634563e-02;2.7750000e+02;3.4743268e-02;2.7750000e+02;-3.0305618e-03;2.7750000e+02;5.0423993e-03;2.7750000e+02;1.9620664e-02;2.7750000e+02;3.8035110e-02;2.7750000e+02;5.7513736e-02;2.7750000e+02;8.0841877e-02;2.7750000e+02;1.1164287e-01;2.7750000e+02;1.5376642e-01;2.7750000e+02;1.9894825e-01;2.7750000e+02;2.3453611e-01;2.7750000e+02;2.5003880e-01;2.7750000e+02;2.4676414e-01;2.7750000e+02;2.2440150e-01;2.7750000e+02;1.9221240e-01;2.7750000e+02;1.5334243e-01;2.7750000e+02;1.1156150e-01;2.7750000e+02;7.2634563e-02;2.7750000e+02;3.4743268e-02;2.7750000e+02;-3.0305618e-03;2.7750000e+02;5.0423993e-03;2.7750000e+02;1.9620664e-02;2.7750000e+02;3.8035110e-02;2.7750000e+02;5.7513736e-02;2.7750000e+02;8.0841877e-02;2.7750000e+02;1.1164287e-01;2.7750000e+02;1.5376642e-01;2.7750000e+02;1.9894825e-01;2.7750000e+02;2.3453611e-01;2.7750000e+02;2.5003880e-01;2.7750000e+02;2.4676414e-01;2.7750000e+02;2.2440150e-01;2.7750000e+02;1.9221240e-01;2.7750000e+02;1.5334243e-01;2.7750000e+02;1.1156150e-01;2.7750000e+02;7.2634563e-02;2.7750000e+02;3.4743268e-02;2.7750000e+02;-3.0305618e-03;2.7750000e+02;5.0423993e-03;2.7750000e+02;1.9620664e-02;2.7750000e+02;3.8035110e-02;2.7750000e+02;5.7513736e-02;2.7750000e+02;8.0841877e-02;2.7750000e+02;1.1164287e-01;2.7750000e+02;1.5376642e-01;2.7750000e+02;1.9894825e-01;2.7750000e+02;2.3453611e-01;2.7750000e+02;2.5003880e-01;2.7750000e+02;2.4676414e-01;2.7750000e+02;2.2440150e-01;2.7750000e+02;1.9221240e-01;2.7750000e+02;1.5334243e-01;2.7750000e+02;1.1156150e-01;2.7750000e+02;7.2634563e-02;2.7750000e+02;3.4743268e-02;2.7750000e+02;-3.0305618e-03;2.7750000e+02;5.0423993e-03;2.7750000e+02;1.9620664e-02;2.7750000e+02;3.8035110e-02;2.7750000e+02;5.7513736e-02;2.7750000e+02;8.0841877e-02;2.7750000e+02;1.1164287e-01;2.7750000e+02;1.5376642e-01;2.7750000e+02;1.9894825e-01;2.7750000e+02;2.3453611e-01;2.7750000e+02;2.5003880e-01;2.7750000e+02;2.4676414e-01;2.7750000e+02;2.2440150e-01;2.7750000e+02;1.9221240e-01;2.7750000e+02;1.5334243e-01;2.7750000e+02;1.1156150e-01;2.7750000e+02;7.2634563e-02;2.7750000e+02;3.4743268e-02;2.7750000e+02;-3.0305618e-03;2.7750000e+02;5.0423993e-03;2.7750000e+02;1.9620664e-02;2.7750000e+02;3.8035110e-02;2.7750000e+02;5.7513736e-02;2.7750000e+02;8.0841877e-02;2.7750000e+02;1.1164287e-01;2.7750000e+02;1.5376642e-01;2.7750000e+02;1.9894825e-01;2.7750000e+02;2.3453611e-01;2.7750000e+02;2.5003880e-01;2.7750000e+02;2.4676414e-01;2.7750000e+02;2.2440150e-01;2.7750000e+02;1.9221240e-01;2.7750000e+02;1.5334243e-01;2.7750000e+02;1.1156150e-01;2.7750000e+02;7.2634563e-02;2.7750000e+02;3.4743268e-02;2.7750000e+02;-3.0305618e-03;2.7750000e+02;5.0423993e-03;2.7750000e+02;1.9620664e-02;2.7750000e+02;3.8035110e-02;2.7750000e+02;5.7513736e-02;2.7750000e+02;8.0841877e-02;2.7750000e+02;1.1164287e-01;2.7750000e+02;1.5376642e-01;2.7750000e+02;1.9894825e-01;2.7750000e+02;2.3453611e-01;2.7750000e+02;2.5003880e-01;2.7750000e+02;2.4676414e-01;2.7750000e+02;2.2440150e-01;2.7750000e+02;1.9221240e-01;2.7750000e+02;1.5334243e-01;2.7750000e+02;1.1156150e-01;2.7750000e+02;7.2634563e-02;2.7750000e+02;3.4743268e-02;2.7750000e+02;-3.0305618e-03;2.7750000e+02;5.0423993e-03;2.7750000e+02;1.9620664e-02;2.7750000e+02;3.8035110e-02;2.7750000e+02;5.7513736e-02;2.7750000e+02;8.0841877e-02;2.7750000e+02;1.1164287e-01;2.7750000e+02;1.5376642e-01;2.7750000e+02;1.9894825e-01;2.7750000e+02;2.3453611e-01;2.7750000e+02;2.5003880e-01;2.7750000e+02;2.4676414e-01;2.7750000e+02;2.2440150e-01;2.7750000e+02;1.9221240e-01;2.7750000e+02;1.5334243e-01;2.7750000e+02;1.1156150e-01;2.7750000e+02;7.2634563e-02;2.7750000e+02;3.4743268e-02;2.7750000e+02;-3.0305618e-03;2.7750000e+02;5.0423993e-03;2.7750000e+02;1.9620664e-02;2.7750000e+02;3.8035110e-02;2.7750000e+02;5.7513736e-02;2.7750000e+02;8.0841877e-02;2.7750000e+02;1.1164287e-01;2.7750000e+02;1.5376642e-01;2.7750000e+02;1.9894825e-01;2.7750000e+02;2.3453611e-01;2.7750000e+02;2.5003880e-01;2.7750000e+02;2.4676414e-01;2.7750000e+02;2.2440150e-01;2.7750000e+02;1.9221240e-01;2.7750000e+02;1.5334243e-01;2.7750000e+02;1.1156150e-01;2.7750000e+02;7.2634563e-02;2.7750000e+02;3.4743268e-02;2.7750000e+02;-3.0305618e-03;2.7750000e+02;5.0423993e-03;2.7750000e+02;1.9620664e-02;2.7750000e+02;3.8035110e-02;2.7750000e+02;5.7513736e-02;2.7750000e+02;8.0841877e-02;2.7750000e+02;1.1164287e-01;2.7750000e+02;1.5376642e-01;2.7750000e+02;1.9894825e-01;2.7750000e+02;2.3453611e-01;2.7750000e+02;2.5003880e-01;2.7750000e+02;2.4676414e-01;2.7750000e+02;2.2440150e-01;2.7750000e+02;1.9221240e-01;2.7750000e+02;1.5334243e-01;2.7750000e+02;1.1156150e-01;2.7750000e+02;7.2634563e-02;2.7750000e+02;3.4743268e-02;2.7750000e+02;-3.0305618e-03;2.7750000e+02;5.0423993e-03;2.7750000e+02;1.9620664e-02;2.7750000e+02;3.8035110e-02;2.7750000e+02;5.7513736e-02;2.7750000e+02;8.0841877e-02;2.7750000e+02;1.1164287e-01;2.7750000e+02;1.5376642e-01;2.7750000e+02;1.9894825e-01;2.7750000e+02;2.3453611e-01;2.7750000e+02;2.5003880e-01;2.7750000e+02;2.4676414e-01;2.7750000e+02;2.2440150e-01;2.7750000e+02;1.9221240e-01;2.7750000e+02;1.5334243e-01;2.7750000e+02;1.1156150e-01;2.7750000e+02;7.2634563e-02;2.7750000e+02;3.4743268e-02;2.7750000e+02;-3.0305618e-03;2.7750000e+02;5.0423993e-03;2.7750000e+02;1.9620664e-02;2.7750000e+02;3.8035110e-02;2.7750000e+02;5.7513736e-02;2.7750000e+02;8.0841877e-02;2.7750000e+02;1.1164287e-01;2.7750000e+02;1.5376642e-01;2.7750000e+02;1.9894825e-01;2.7750000e+02;2.3453611e-01;2.7750000e+02;2.5003880e-01;2.7750000e+02;2.4676414e-01;2.7750000e+02;2.2440150e-01;2.7750000e+02;1.9221240e-01;2.7750000e+02;1.5334243e-01;2.7750000e+02;1.1156150e-01;2.7750000e+02;7.2634563e-02;2.7750000e+02;3.4743268e-02;2.7750000e+02;-3.0305618e-03;2.7750000e+02;5.0423993e-03;2.7750000e+02;1.9620664e-02;2.7750000e+02;3.8035110e-02;2.7750000e+02;5.7513736e-02;2.7750000e+02;8.0841877e-02;2.7750000e+02;1.1164287e-01;2.7750000e+02;1.5376642e-01;2.7750000e+02;1.9894825e-01;2.7750000e+02;2.3453611e-01;2.7750000e+02;2.5003880e-01;2.7750000e+02;2.4676414e-01;2.7750000e+02;2.2440150e-01;2.7750000e+02;1.9221240e-01;2.7750000e+02;1.5334243e-01;2.7750000e+02;1.1156150e-01;2.7750000e+02;7.2634563e-02;2.7750000e+02;3.4743268e-02;2.7750000e+02;-3.0305618e-03;2.7750000e+02;5.0423993e-03;2.7750000e+02;1.9620664e-02;2.7750000e+02;3.8035110e-02;2.7750000e+02;5.7513736e-02;2.7750000e+02;8.0841877e-02;2.7750000e+02;1.1164287e-01;2.7750000e+02;1.5376642e-01;2.7750000e+02;1.9894825e-01;2.7750000e+02;2.3453611e-01;2.7750000e+02;2.5003880e-01;2.7750000e+02;2.4676414e-01;2.7750000e+02;2.2440150e-01;2.7750000e+02;1.9221240e-01;2.7750000e+02;1.5334243e-01;2.7750000e+02;1.1156150e-01;2.7750000e+02;7.2634563e-02;2.7750000e+02;3.4743268e-02;2.7750000e+02;-3.0305618e-03;2.7750000e+02;5.0423993e-03;2.7750000e+02;1.9620664e-02;2.7750000e+02;3.8035110e-02;2.7750000e+02;5.7513736e-02;2.7750000e+02;8.0841877e-02;2.7750000e+02;1.1164287e-01;2.7750000e+02;1.5376642e-01;2.7750000e+02;1.9894825e-01;2.7750000e+02;2.3453611e-01;2.7750000e+02;2.5003880e-01;2.7750000e+02;2.4676414e-01;2.7750000e+02;2.2440150e-01;2.7750000e+02;1.9221240e-01;2.7750000e+02;1.5334243e-01;2.7750000e+02;1.1156150e-01;2.7750000e+02;7.2634563e-02;2.7750000e+02;3.4743268e-02;2.7750000e+02;-3.0305618e-03;2.7750000e+02;5.0423993e-03;2.7750000e+02;1.9620664e-02;2.7750000e+02;3.8035110e-02;2.7750000e+02;5.7513736e-02;2.7750000e+02;8.0841877e-02;2.7750000e+02;1.1164287e-01;2.7750000e+02;1.5376642e-01;2.7750000e+02;1.9894825e-01;2.7750000e+02;2.3453611e-01;2.7750000e+02;2.5003880e-01;2.7750000e+02;2.4676414e-01;2.7750000e+02;2.2440150e-01;2.7750000e+02;1.9221240e-01;2.7750000e+02;1.5334243e-01;2.7750000e+02;1.1156150e-01;2.7750000e+02;7.2634563e-02;2.7750000e+02;3.4743268e-02;2.7750000e+02;-3.0305618e-03;2.7750000e+02;5.0423993e-03;2.7750000e+02;1.9620664e-02;2.7750000e+02;3.8035110e-02;2.7750000e+02;5.7513736e-02;2.7750000e+02;8.0841877e-02;2.7750000e+02;1.1164287e-01;2.7750000e+02;1.5376642e-01;2.7750000e+02;1.9894825e-01;2.7750000e+02;2.3453611e-01;2.7750000e+02;2.5003880e-01;2.7750000e+02;2.4676414e-01;2.7750000e+02;2.2440150e-01;2.7750000e+02;1.9221240e-01;2.7750000e+02;1.5334243e-01;2.7750000e+02;1.1156150e-01;2.7750000e+02;7.2634563e-02;2.7750000e+02;3.4743268e-02;2.7750000e+02;-3.0305618e-03;2.7750000e+02;5.0423993e-03;2.7750000e+02;1.9620664e-02;2.7750000e+02;3.8035110e-02;2.7750000e+02;5.7513736e-02;2.7750000e+02;8.0841877e-02;2.7750000e+02;1.1164287e-01;2.7750000e+02;1.5376642e-01;2.7750000e+02;1.9894825e-01;2.7750000e+02;2.3453611e-01;2.7750000e+02;2.5003880e-01;2.7750000e+02;2.4676414e-01;2.7750000e+02;2.2440150e-01;2.7750000e+02;1.9221240e-01;2.7750000e+02;1.5334243e-01;2.7750000e+02;1.1156150e-01;2.7750000e+02;7.2634563e-02;2.7750000e+02;3.4743268e-02;2.7750000e+02;-3.0305618e-03;2.7750000e+02;5.0423993e-03;2.7750000e+02;1.9620664e-02;2.7750000e+02;3.8035110e-02;2.7750000e+02;5.7513736e-02;2.7750000e+02;8.0841877e-02;2.7750000e+02;1.1164287e-01;2.7750000e+02;1.5376642e-01;2.7750000e+02;1.9894825e-01;2.7750000e+02;2.3453611e-01;2.7750000e+02;2.5003880e-01;2.7750000e+02;2.4676414e-01;2.7750000e+02;2.2440150e-01;2.7750000e+02;1.9221240e-01;2.7750000e+02;1.5334243e-01;2.7750000e+02;1.1156150e-01;2.7750000e+02;7.2634563e-02;2.7750000e+02;3.4743268e-02;2.7750000e+02;-3.0305618e-03;2.7750000e+02;5.0423993e-03;2.7750000e+02;1.9620664e-02;2.7750000e+02;3.8035110e-02;2.7750000e+02;5.7513736e-02;2.7750000e+02;8.0841877e-02;2.7750000e+02;1.1164287e-01;2.7750000e+02;1.5376642e-01;2.7750000e+02;1.9894825e-01;2.7750000e+02;2.3453611e-01;2.7750000e+02;2.5003880e-01;2.7750000e+02;2.4676414e-01;2.7750000e+02;2.2440150e-01;2.7750000e+02;1.9221240e-01;2.7750000e+02;1.5334243e-01;2.7750000e+02;1.1156150e-01;2.7750000e+02;7.2634563e-02;2.7750000e+02;3.4743268e-02;2.7750000e+02;-3.0305618e-03;2.7750000e+02;5.0423993e-03;2.7750000e+02;1.9620664e-02;2.7750000e+02;3.8035110e-02;2.7750000e+02;5.7513736e-02;2.7750000e+02;8.0841877e-02;2.7750000e+02;1.1164287e-01;2.7750000e+02;1.5376642e-01;2.7750000e+02;1.9894825e-01;2.7750000e+02;2.3453611e-01;2.7750000e+02;2.5003880e-01;2.7750000e+02;2.4676414e-01;2.7750000e+02;2.2440150e-01;2.7750000e+02;1.9221240e-01;2.7750000e+02;1.5334243e-01;2.7750000e+02;1.1156150e-01;2.7750000e+02;7.2634563e-02;2.7750000e+02;3.4743268e-02;2.7750000e+02;-3.0305618e-03;2.7750000e+02;5.0423993e-03;2.7750000e+02;1.9620664e-02;2.7750000e+02;3.8035110e-02;2.7750000e+02;5.7513736e-02;2.7750000e+02;8.0841877e-02;2.7750000e+02;1.1164287e-01;2.7750000e+02;1.5376642e-01;2.7750000e+02;1.9894825e-01;2.7750000e+02;2.3453611e-01;2.7750000e+02;2.5003880e-01;2.7750000e+02;2.4676414e-01;2.7750000e+02;2.2440150e-01;2.7750000e+02;1.9221240e-01;2.7750000e+02;1.5334243e-01;2.7750000e+02;1.1156150e-01;2.7750000e+02;7.2634563e-02;2.7750000e+02;3.4743268e-02;2.7750000e+02;-3.0305618e-03;2.7750000e+02;5.0423993e-03;2.7750000e+02;1.9620664e-02;2.7750000e+02;3.8035110e-02;2.7750000e+02;5.7513736e-02;2.7750000e+02;8.0841877e-02;2.7750000e+02;1.1164287e-01;2.7750000e+02;1.5376642e-01;2.7750000e+02;1.9894825e-01;2.7750000e+02;2.3453611e-01;2.7750000e+02;2.5003880e-01;2.7750000e+02;2.4676414e-01;2.7750000e+02;2.2440150e-01;2.7750000e+02;1.9221240e-01;2.7750000e+02;1.5334243e-01;2.7750000e+02;1.1156150e-01;2.7750000e+02;7.2634563e-02;2.7750000e+02;3.4743268e-02;2.7750000e+02;-3.0305618e-03;2.7750000e+02;5.0423993e-03;2.7750000e+02;1.9620664e-02;2.7750000e+02;3.8035110e-02;2.7750000e+02;5.7513736e-02;2.7750000e+02;8.0841877e-02;2.7750000e+02;1.1164287e-01;2.7750000e+02;1.5376642e-01;2.7750000e+02;1.9894825e-01;2.7750000e+02;2.3453611e-01;2.7750000e+02;2.5003880e-01;2.7750000e+02;2.4676414e-01;2.7750000e+02;2.2440150e-01;2.7750000e+02;1.9221240e-01;2.7750000e+02;1.5334243e-01;2.7750000e+02;1.1156150e-01;2.7750000e+02;7.2634563e-02;2.7750000e+02;3.4743268e-02;2.7750000e+02;-3.0305618e-03;2.7750000e+02;5.0423993e-03;2.7750000e+02;1.9620664e-02;2.7750000e+02;3.8035110e-02;2.7750000e+02;5.7513736e-02;2.7750000e+02;8.0841877e-02;2.7750000e+02;1.1164287e-01;2.7750000e+02;1.5376642e-01;2.7750000e+02;1.9894825e-01;2.7750000e+02;2.3453611e-01;2.7750000e+02;2.5003880e-01;2.7750000e+02;2.4676414e-01;2.7750000e+02;2.2440150e-01;2.7750000e+02;1.9221240e-01;2.7750000e+02;1.5334243e-01;2.7750000e+02;1.1156150e-01;2.7750000e+02;7.2634563e-02;2.7750000e+02;3.4743268e-02;2.7750000e+02;-3.0305618e-03;2.7750000e+02;5.0423993e-03;2.7750000e+02;1.9620664e-02;2.7750000e+02;3.8035110e-02;2.7750000e+02;5.7513736e-02;2.7750000e+02;8.0841877e-02;2.7750000e+02;1.1164287e-01;2.7750000e+02;1.5376642e-01;2.7750000e+02;1.9894825e-01;2.7750000e+02;2.3453611e-01;2.7750000e+02;2.5003880e-01;2.7750000e+02;2.4676414e-01;2.7750000e+02;2.2440150e-01;2.7750000e+02;1.9221240e-01;2.7750000e+02;1.5334243e-01;2.7750000e+02;1.1156150e-01;2.7750000e+02;7.2634563e-02;2.7750000e+02;3.4743268e-02;2.7750000e+02;-3.0305618e-03;2.7750000e+02;5.0423993e-03;2.7750000e+02;1.9620664e-02;2.7750000e+02;3.8035110e-02;2.7750000e+02;5.7513736e-02;2.7750000e+02;8.0841877e-02;2.7750000e+02;1.1164287e-01;2.7750000e+02;1.5376642e-01;2.7750000e+02;1.9894825e-01;2.7750000e+02;2.3453611e-01;2.7750000e+02;2.5003880e-01;2.7750000e+02;2.4676414e-01;2.7750000e+02;2.2440150e-01;2.7750000e+02;1.9221240e-01;2.7750000e+02;1.5334243e-01;2.7750000e+02;1.1156150e-01;2.7750000e+02;7.2634563e-02;2.7750000e+02;3.4743268e-02;2.7750000e+02;-3.0305618e-03;2.7750000e+02;5.0423993e-03;2.7750000e+02;1.9620664e-02;2.7750000e+02;3.8035110e-02;2.7750000e+02;5.7513736e-02;2.7750000e+02;8.0841877e-02;2.7750000e+02;1.1164287e-01;2.7750000e+02;1.5376642e-01;2.7750000e+02;1.9894825e-01;2.7750000e+02;2.3453611e-01;2.7750000e+02;2.5003880e-01;2.7750000e+02;2.4676414e-01;2.7750000e+02;2.2440150e-01;2.7750000e+02;1.9221240e-01;2.7750000e+02;1.5334243e-01;2.7750000e+02;1.1156150e-01;2.7750000e+02;7.2634563e-02;2.7750000e+02;3.4743268e-02;2.7750000e+02;-3.0305618e-03;2.7750000e+02;5.0423993e-03;2.7750000e+02;1.9620664e-02;2.7750000e+02;3.8035110e-02;2.7750000e+02;5.7513736e-02;2.7750000e+02;8.0841877e-02;2.7750000e+02;1.1164287e-01;2.7750000e+02;1.5376642e-01;2.7750000e+02;1.9894825e-01;2.7750000e+02;2.3453611e-01;2.7750000e+02;2.5003880e-01;2.7750000e+02;2.4676414e-01;2.7750000e+02;2.2440150e-01;2.7750000e+02;1.9221240e-01;2.7750000e+02;1.5334243e-01;2.7750000e+02;1.1156150e-01;2.7750000e+02;7.2634563e-02;2.7750000e+02;3.4743268e-02;2.7750000e+02;-3.0305618e-03;2.7750000e+02;5.0423993e-03;2.7750000e+02;1.9620664e-02;2.7750000e+02;3.8035110e-02;2.7750000e+02;5.7513736e-02;2.7750000e+02;8.0841877e-02;2.7750000e+02;1.1164287e-01;2.7750000e+02;1.5376642e-01;2.7750000e+02;1.9894825e-01;2.7750000e+02;2.3453611e-01;2.7750000e+02;2.5003880e-01;2.7750000e+02;2.4676414e-01;2.7750000e+02;2.2440150e-01;2.7750000e+02;1.9221240e-01;2.7750000e+02;1.5334243e-01;2.7750000e+02;1.1156150e-01;2.7750000e+02;7.2634563e-02;2.7750000e+02;3.4743268e-02;2.7750000e+02;-3.0305618e-03;2.7750000e+02;5.0423993e-03;2.7750000e+02;1.9620664e-02;2.7750000e+02;3.8035110e-02;2.7750000e+02;5.7513736e-02;2.7750000e+02;8.0841877e-02;2.7750000e+02;1.1164287e-01;2.7750000e+02;1.5376642e-01;2.7750000e+02;1.9894825e-01;2.7750000e+02;2.3453611e-01;2.7750000e+02;2.5003880e-01;2.7750000e+02;2.4676414e-01;2.7750000e+02;2.2440150e-01;2.7750000e+02;1.9221240e-01;2.7750000e+02;1.5334243e-01;2.7750000e+02;1.1156150e-01;2.7750000e+02;7.2634563e-02;2.7750000e+02;3.4743268e-02;2.7750000e+02;-3.0305618e-03;2.7750000e+02;5.0423993e-03;2.7750000e+02;1.9620664e-02;2.7750000e+02;3.8035110e-02;2.7750000e+02;5.7513736e-02;2.7750000e+02;8.0841877e-02;2.7750000e+02;1.1164287e-01;2.7750000e+02;1.5376642e-01;2.7750000e+02;1.9894825e-01;2.7750000e+02;2.3453611e-01;2.7750000e+02;2.5003880e-01;2.7750000e+02;2.4676414e-01;2.7750000e+02;2.2440150e-01;2.7750000e+02;1.9221240e-01;2.7750000e+02;1.5334243e-01;2.7750000e+02;1.1156150e-01;2.7750000e+02;7.2634563e-02;2.7750000e+02;3.4743268e-02;2.7750000e+02;-3.0305618e-03;2.7750000e+02;5.0423993e-03;2.7750000e+02;1.9620664e-02;2.7750000e+02;3.8035110e-02;2.7750000e+02;5.7513736e-02;2.7750000e+02;8.0841877e-02;2.7750000e+02;1.1164287e-01;2.7750000e+02;1.5376642e-01;2.7750000e+02;1.9894825e-01;2.7750000e+02;2.3453611e-01;2.7750000e+02;2.5003880e-01;2.7750000e+02;2.4676414e-01;2.7750000e+02;2.2440150e-01;2.7750000e+02;1.9221240e-01;2.7750000e+02;1.5334243e-01;2.7750000e+02;1.1156150e-01;2.7750000e+02;7.2634563e-02;2.7750000e+02;3.4743268e-02;2.7750000e+02;-3.0305618e-03;2.7750000e+02;5.0423993e-03;2.7750000e+02;1.9620664e-02;2.7750000e+02;3.8035110e-02;2.7750000e+02;5.7513736e-02;2.7750000e+02;8.0841877e-02;2.7750000e+02;1.1164287e-01;2.7750000e+02;1.5376642e-01;2.7750000e+02;1.9894825e-01;2.7750000e+02;2.3453611e-01;2.7750000e+02;2.5003880e-01;2.7750000e+02;2.4676414e-01;2.7750000e+02;2.2440150e-01;2.7750000e+02;1.9221240e-01;2.7750000e+02;1.5334243e-01;2.7750000e+02;1.1156150e-01;2.7750000e+02;7.2634563e-02;2.7750000e+02;3.4743268e-02;2.7750000e+02;-3.0305618e-03;2.7750000e+02;5.0423993e-03;2.7750000e+02;1.9620664e-02;2.7750000e+02;3.8035110e-02;2.7750000e+02;5.7513736e-02;2.7750000e+02;8.0841877e-02;2.7750000e+02;1.1164287e-01;2.7750000e+02;1.5376642e-01;2.7750000e+02;1.9894825e-01;2.7750000e+02;2.3453611e-01;2.7750000e+02;2.5003880e-01;2.7750000e+02;2.4676414e-01;2.7750000e+02;2.2440150e-01;2.7750000e+02;1.9221240e-01;2.7750000e+02;1.5334243e-01;2.7750000e+02;1.1156150e-01;2.7750000e+02;7.2634563e-02;2.7750000e+02;3.4743268e-02;2.7750000e+02;-3.0305618e-03;2.7750000e+02;5.0423993e-03;2.7750000e+02;1.9620664e-02;2.7750000e+02;3.8035110e-02;2.7750000e+02;5.7513736e-02;2.7750000e+02;8.0841877e-02;2.7750000e+02;1.1164287e-01;2.7750000e+02;1.5376642e-01;2.7750000e+02;1.9894825e-01;2.7750000e+02;2.3453611e-01;2.7750000e+02;2.5003880e-01;2.7750000e+02;2.4676414e-01;2.7750000e+02;2.2440150e-01;2.7750000e+02;1.9221240e-01;2.7750000e+02;1.5334243e-01;2.7750000e+02;1.1156150e-01;2.7750000e+02;7.2634563e-02;2.7750000e+02;3.4743268e-02;2.7750000e+02;-3.0305618e-03;2.7750000e+02;5.0423993e-03;2.7750000e+02;1.9620664e-02;2.7750000e+02;3.8035110e-02;2.7750000e+02;5.7513736e-02;2.7750000e+02;8.0841877e-02;2.7750000e+02;1.1164287e-01;2.7750000e+02;1.5376642e-01;2.7750000e+02;1.9894825e-01;2.7750000e+02;2.3453611e-01;2.7750000e+02;2.5003880e-01;2.7750000e+02;2.4676414e-01;2.7750000e+02;2.2440150e-01;2.7750000e+02;1.9221240e-01;2.7750000e+02;1.5334243e-01;2.7750000e+02;1.1156150e-01;2.7750000e+02;7.2634563e-02;2.7750000e+02;3.4743268e-02;2.7750000e+02;-3.0305618e-03;2.7750000e+02;5.0423993e-03;2.7750000e+02;1.9620664e-02;2.7750000e+02;3.8035110e-02;2.7750000e+02;5.7513736e-02;2.7750000e+02;8.0841877e-02;2.7750000e+02;1.1164287e-01;2.7750000e+02;1.5376642e-01;2.7750000e+02;1.9894825e-01;2.7750000e+02;2.3453611e-01;2.7750000e+02;2.5003880e-01;2.7750000e+02;2.4676414e-01;2.7750000e+02;2.2440150e-01;2.7750000e+02;1.9221240e-01;2.7750000e+02;1.5334243e-01;2.7750000e+02;1.1156150e-01;2.7750000e+02;7.2634563e-02;2.7750000e+02;3.4743268e-02;2.7750000e+02;-3.0305618e-03;2.7750000e+02;5.0423993e-03;2.7750000e+02;1.9620664e-02;2.7750000e+02;3.8035110e-02;2.7750000e+02;5.7513736e-02;2.7750000e+02;8.0841877e-02;2.7750000e+02;1.1164287e-01;2.7750000e+02;1.5376642e-01;2.7750000e+02;1.9894825e-01;2.7750000e+02;2.3453611e-01;2.7750000e+02;2.5003880e-01;2.7750000e+02;2.4676414e-01;2.7750000e+02;2.2440150e-01;2.7750000e+02;1.9221240e-01;2.7750000e+02;1.5334243e-01;2.7750000e+02;1.1156150e-01;2.7750000e+02;7.2634563e-02;2.7750000e+02;3.4743268e-02;2.7750000e+02;-3.0305618e-03;2.7750000e+02;5.0423993e-03;2.7750000e+02;1.9620664e-02;2.7750000e+02;3.8035110e-02;2.7750000e+02;5.7513736e-02;2.7750000e+02;8.0841877e-02;2.7750000e+02;1.1164287e-01;2.7750000e+02;1.5376642e-01;2.7750000e+02;1.9894825e-01;2.7750000e+02;2.3453611e-01;2.7750000e+02;2.5003880e-01;2.7750000e+02;2.4676414e-01;2.7750000e+02;2.2440150e-01;2.7750000e+02;1.9221240e-01;2.7750000e+02;1.5334243e-01;2.7750000e+02;1.1156150e-01;2.7750000e+02;7.2634563e-02;2.7750000e+02;3.4743268e-02;2.7750000e+02;-3.0305618e-03;2.7750000e+02;5.0423993e-03;2.7750000e+02;1.9620664e-02;2.7750000e+02;3.8035110e-02;2.7750000e+02;5.7513736e-02;2.7750000e+02;8.0841877e-02;2.7750000e+02;1.1164287e-01;2.7750000e+02;1.5376642e-01;2.7750000e+02;1.9894825e-01;2.7750000e+02;2.3453611e-01;2.7750000e+02;2.5003880e-01;2.7750000e+02;2.4676414e-01;2.7750000e+02;2.2440150e-01;2.7750000e+02;1.9221240e-01;2.7750000e+02;1.5334243e-01;2.7750000e+02;1.1156150e-01;2.7750000e+02;7.2634563e-02;2.7750000e+02;3.4743268e-02;2.7750000e+02;-3.0305618e-03;2.7750000e+02;5.0423993e-03;2.7750000e+02;1.9620664e-02;2.7750000e+02;3.8035110e-02;2.7750000e+02;5.7513736e-02;2.7750000e+02;8.0841877e-02;2.7750000e+02;1.1164287e-01;2.7750000e+02;1.5376642e-01;2.7750000e+02;1.9894825e-01;2.7750000e+02;2.3453611e-01;2.7750000e+02;2.5003880e-01;2.7750000e+02;2.4676414e-01;2.7750000e+02;2.2440150e-01;2.7750000e+02;1.9221240e-01;2.7750000e+02;1.5334243e-01;2.7750000e+02;1.1156150e-01;2.7750000e+02;7.2634563e-02;2.7750000e+02;3.4743268e-02;2.7750000e+02;-3.0305618e-03;2.7750000e+02;5.0423993e-03;2.7750000e+02;1.9620664e-02;2.7750000e+02;3.8035110e-02;2.7750000e+02;5.7513736e-02;2.7750000e+02;8.0841877e-02;2.7750000e+02;1.1164287e-01;2.7750000e+02;1.5376642e-01;2.7750000e+02;1.9894825e-01;2.7750000e+02;2.3453611e-01;2.7750000e+02;2.5003880e-01;2.7750000e+02;2.4676414e-01;2.7750000e+02;2.2440150e-01;2.7750000e+02;1.9221240e-01;2.7750000e+02;1.5334243e-01;2.7750000e+02;1.1156150e-01;2.7750000e+02;7.2634563e-02;2.7750000e+02;3.4743268e-02;2.7750000e+02;-3.0305618e-03;2.7750000e+02;5.0423993e-03;2.7750000e+02;1.9620664e-02;2.7750000e+02;3.8035110e-02;2.7750000e+02;5.7513736e-02;2.7750000e+02;8.0841877e-02;2.7750000e+02;1.1164287e-01;2.7750000e+02;1.5376642e-01;2.7750000e+02;1.9894825e-01;2.7750000e+02;2.3453611e-01;2.7750000e+02;2.5003880e-01;2.7750000e+02;2.4676414e-01;2.7750000e+02;2.2440150e-01;2.7750000e+02;1.9221240e-01;2.7750000e+02;1.5334243e-01;2.7750000e+02;1.1156150e-01;2.7750000e+02;7.2634563e-02;2.7750000e+02;3.4743268e-02;2.7750000e+02;-3.0305618e-03;2.7750000e+02;5.0423993e-03;2.7750000e+02;1.9620664e-02;2.7750000e+02;3.8035110e-02;2.7750000e+02;5.7513736e-02;2.7750000e+02;8.0841877e-02;2.7750000e+02;1.1164287e-01;2.7750000e+02;1.5376642e-01;2.7750000e+02;1.9894825e-01;2.7750000e+02;2.3453611e-01;2.7750000e+02;2.5003880e-01;2.7750000e+02;2.4676414e-01;2.7750000e+02;2.2440150e-01;2.7750000e+02;1.9221240e-01;2.7750000e+02;1.5334243e-01;2.7750000e+02;1.1156150e-01;2.7750000e+02;7.2634563e-02;2.7750000e+02;3.4743268e-02;2.7750000e+02;-3.0305618e-03;2.7750000e+02;5.0423993e-03;2.7750000e+02;1.9620664e-02;2.7750000e+02;3.8035110e-02;2.7750000e+02;5.7513736e-02;2.7750000e+02;8.0841877e-02;2.7750000e+02;1.1164287e-01;2.7750000e+02;1.5376642e-01;2.7750000e+02;1.9894825e-01;2.7750000e+02;2.3453611e-01;2.7750000e+02;2.5003880e-01;2.7750000e+02;2.4676414e-01;2.7750000e+02;2.2440150e-01;2.7750000e+02;1.9221240e-01;2.7750000e+02;1.5334243e-01;2.7750000e+02;1.1156150e-01;2.7750000e+02;7.2634563e-02;2.7750000e+02;3.4743268e-02;2.7750000e+02;-3.0305618e-03;2.7750000e+02;5.0423993e-03;2.7750000e+02;1.9620664e-02;2.7750000e+02;3.8035110e-02;2.7750000e+02;5.7513736e-02;2.7750000e+02;8.0841877e-02;2.7750000e+02;1.1164287e-01;2.7750000e+02;1.5376642e-01;2.7750000e+02;1.9894825e-01;2.7750000e+02;2.3453611e-01;2.7750000e+02;2.5003880e-01;2.7750000e+02;2.4676414e-01;2.7750000e+02;2.2440150e-01;2.7750000e+02;1.9221240e-01;2.7750000e+02;1.5334243e-01;2.7750000e+02;1.1156150e-01;2.7750000e+02;7.2634563e-02;2.7750000e+02;3.4743268e-02;2.7750000e+02;-3.0305618e-03;2.7750000e+02;5.0423993e-03;2.7750000e+02;1.9620664e-02;2.7750000e+02;3.8035110e-02;2.7750000e+02;5.7513736e-02;2.7750000e+02;8.0841877e-02;2.7750000e+02;1.1164287e-01;2.7750000e+02;1.5376642e-01;2.7750000e+02;1.9894825e-01;2.7750000e+02;2.3453611e-01;2.7750000e+02;2.5003880e-01;2.7750000e+02;2.4676414e-01;2.7750000e+02;2.2440150e-01;2.7750000e+02;1.9221240e-01;2.7750000e+02;1.5334243e-01;2.7750000e+02;1.1156150e-01;2.7750000e+02;7.2634563e-02;2.7750000e+02;3.4743268e-02;2.7750000e+02;-3.0305618e-03;2.7750000e+02;5.0423993e-03;2.7750000e+02;1.9620664e-02;2.7750000e+02;3.8035110e-02;2.7750000e+02;5.7513736e-02;2.7750000e+02;8.0841877e-02;2.7750000e+02;1.1164287e-01;2.7750000e+02;1.5376642e-01;2.7750000e+02;1.9894825e-01;2.7750000e+02;2.3453611e-01;2.7750000e+02;2.5003880e-01;2.7750000e+02;2.4676414e-01;2.7750000e+02;2.2440150e-01;2.7750000e+02;1.9221240e-01;2.7750000e+02;1.5334243e-01;2.7750000e+02;1.1156150e-01;2.7750000e+02;7.2634563e-02;2.7750000e+02;3.4743268e-02;2.7750000e+02;-3.0305618e-03;2.7750000e+02;5.0423993e-03;2.7750000e+02;1.9620664e-02;2.7750000e+02;3.8035110e-02;2.7750000e+02;5.7513736e-02;2.7750000e+02;8.0841877e-02;2.7750000e+02;1.1164287e-01;2.7750000e+02;1.5376642e-01;2.7750000e+02;1.9894825e-01;2.7750000e+02;2.3453611e-01;2.7750000e+02;2.5003880e-01;2.7750000e+02;2.4676414e-01;2.7750000e+02;2.2440150e-01;2.7750000e+02;1.9221240e-01;2.7750000e+02;1.5334243e-01;2.7750000e+02;1.1156150e-01;2.7750000e+02;7.2634563e-02;2.7750000e+02;3.4743268e-02;2.7750000e+02;-3.0305618e-03;2.7750000e+02;5.0423993e-03;2.7750000e+02;1.9620664e-02;2.7750000e+02;3.8035110e-02;2.7750000e+02;5.7513736e-02;2.7750000e+02;8.0841877e-02;2.7750000e+02;1.1164287e-01;2.7750000e+02;1.5376642e-01;2.7750000e+02;1.9894825e-01;2.7750000e+02;2.3453611e-01;2.7750000e+02;2.5003880e-01;2.7750000e+02;2.4676414e-01;2.7750000e+02;2.2440150e-01;2.7750000e+02;1.9221240e-01;2.7750000e+02;1.5334243e-01;2.7750000e+02;1.1156150e-01;2.7750000e+02;7.2634563e-02;2.7750000e+02;3.4743268e-02;2.7750000e+02;-3.0305618e-03;2.7750000e+02;5.0423993e-03;2.7750000e+02;1.9620664e-02;2.7750000e+02;3.8035110e-02;2.7750000e+02;5.7513736e-02;2.7750000e+02;8.0841877e-02;2.7750000e+02;1.1164287e-01;2.7750000e+02;1.5376642e-01;2.7750000e+02;1.9894825e-01;2.7750000e+02;2.3453611e-01;2.7750000e+02;2.5003880e-01;2.7750000e+02;2.4676414e-01;2.7750000e+02;2.2440150e-01;2.7750000e+02;1.9221240e-01;2.7750000e+02;1.5334243e-01;2.7750000e+02;1.1156150e-01;2.7750000e+02;7.2634563e-02;2.7750000e+02;3.4743268e-02;2.7750000e+02;-3.0305618e-03;2.7750000e+02;5.0423993e-03;2.7750000e+02;1.9620664e-02;2.7750000e+02;3.8035110e-02;2.7750000e+02;5.7513736e-02;2.7750000e+02;8.0841877e-02;2.7750000e+02;1.1164287e-01;2.7750000e+02;1.5376642e-01;2.7750000e+02;1.9894825e-01;2.7750000e+02;2.3453611e-01;2.7750000e+02;2.5003880e-01;2.7750000e+02;2.4676414e-01;2.7750000e+02;2.2440150e-01;2.7750000e+02;1.9221240e-01;2.7750000e+02;1.5334243e-01;2.7750000e+02;1.1156150e-01;2.7750000e+02;7.2634563e-02;2.7750000e+02;3.4743268e-02;2.7750000e+02;-3.0305618e-03;2.7750000e+02;5.0423993e-03;2.7750000e+02;1.9620664e-02;2.7750000e+02;3.8035110e-02;2.7750000e+02;5.7513736e-02;2.7750000e+02;8.0841877e-02;2.7750000e+02;1.1164287e-01;2.7750000e+02;1.5376642e-01;2.7750000e+02;1.9894825e-01;2.7750000e+02;2.3453611e-01;2.7750000e+02;2.5003880e-01;2.7750000e+02;2.4676414e-01;2.7750000e+02;2.2440150e-01;2.7750000e+02;1.9221240e-01;2.7750000e+02;1.5334243e-01;2.7750000e+02;1.1156150e-01;2.7750000e+02;7.2634563e-02;2.7750000e+02;3.4743268e-02;2.7750000e+02;-3.0305618e-03;2.7750000e+02;5.0423993e-03;2.7750000e+02;1.9620664e-02;2.7750000e+02;3.8035110e-02;2.7750000e+02;5.7513736e-02;2.7750000e+02;8.0841877e-02;2.7750000e+02;1.1164287e-01;2.7750000e+02;1.5376642e-01;2.7750000e+02;1.9894825e-01;2.7750000e+02;2.3453611e-01;2.7750000e+02;2.5003880e-01;2.7750000e+02;2.4676414e-01;2.7750000e+02;2.2440150e-01;2.7750000e+02;1.9221240e-01;2.7750000e+02;1.5334243e-01;2.7750000e+02;1.1156150e-01;2.7750000e+02;7.2634563e-02;2.7750000e+02;3.4743268e-02;2.7750000e+02;-3.0305618e-03;2.7750000e+02;5.0423993e-03;2.7750000e+02;1.9620664e-02;2.7750000e+02;3.8035110e-02;2.7750000e+02;5.7513736e-02;2.7750000e+02;8.0841877e-02;2.7750000e+02;1.1164287e-01;2.7750000e+02;1.5376642e-01;2.7750000e+02;1.9894825e-01;2.7750000e+02;2.3453611e-01;2.7750000e+02;2.5003880e-01;2.7750000e+02;2.4676414e-01;2.7750000e+02;2.2440150e-01;2.7750000e+02;1.9221240e-01;2.7750000e+02;1.5334243e-01;2.7750000e+02;1.1156150e-01;2.7750000e+02;7.2634563e-02;2.7750000e+02;3.4743268e-02;2.7750000e+02;-3.0305618e-03;2.7750000e+02;5.0423993e-03;2.7750000e+02;1.9620664e-02;2.7750000e+02;3.8035110e-02;2.7750000e+02;5.7513736e-02;2.7750000e+02;8.0841877e-02;2.7750000e+02;1.1164287e-01;2.7750000e+02;1.5376642e-01;2.7750000e+02;1.9894825e-01;2.7750000e+02;2.3453611e-01;2.7750000e+02;2.5003880e-01;2.7750000e+02;2.4676414e-01;2.7750000e+02;2.2440150e-01;2.7750000e+02;1.9221240e-01;2.7750000e+02;1.5334243e-01;2.7750000e+02;1.1156150e-01;2.7750000e+02;7.2634563e-02;2.7750000e+02;3.4743268e-02;2.7750000e+02;-3.0305618e-03;2.7750000e+02;5.0423993e-03;2.7750000e+02;1.9620664e-02;2.7750000e+02;3.8035110e-02;2.7750000e+02;5.7513736e-02;2.7750000e+02;8.0841877e-02;2.7750000e+02;1.1164287e-01;2.7750000e+02;1.5376642e-01;2.7750000e+02;1.9894825e-01;2.7750000e+02;2.3453611e-01;2.7750000e+02;2.5003880e-01;2.7750000e+02;2.4676414e-01;2.7750000e+02;2.2440150e-01;2.7750000e+02;1.9221240e-01;2.7750000e+02;1.5334243e-01;2.7750000e+02;1.1156150e-01;2.7750000e+02;7.2634563e-02;2.7750000e+02;3.4743268e-02;2.7750000e+02;-3.0305618e-03;2.7750000e+02;5.0423993e-03;2.7750000e+02;1.9620664e-02;2.7750000e+02;3.8035110e-02;2.7750000e+02;5.7513736e-02;2.7750000e+02;8.0841877e-02;2.7750000e+02;1.1164287e-01;2.7750000e+02;1.5376642e-01;2.7750000e+02;1.9894825e-01;2.7750000e+02;2.3453611e-01;2.7750000e+02;2.5003880e-01;2.7750000e+02;2.4676414e-01;2.7750000e+02;2.2440150e-01;2.7750000e+02;1.9221240e-01;2.7750000e+02;1.5334243e-01;2.7750000e+02;1.1156150e-01;2.7750000e+02;7.2634563e-02;2.7750000e+02;3.4743268e-02;2.7750000e+02;-3.0305618e-03;2.7750000e+02;5.0423993e-03;2.7750000e+02;1.9620664e-02;2.7750000e+02;3.8035110e-02;2.7750000e+02;5.7513736e-02;2.7750000e+02;8.0841877e-02;2.7750000e+02;1.1164287e-01;2.7750000e+02;1.5376642e-01;2.7750000e+02;1.9894825e-01;2.7750000e+02;2.3453611e-01;2.7750000e+02;2.5003880e-01;2.7750000e+02;2.4676414e-01;2.7750000e+02;2.2440150e-01;2.7750000e+02;1.9221240e-01;2.7750000e+02;1.5334243e-01;2.7750000e+02;1.1156150e-01;2.7750000e+02;7.2634563e-02;2.7750000e+02;3.4743268e-02;2.7750000e+02;-3.0305618e-03;2.7750000e+02;5.0423993e-03;2.7750000e+02;1.9620664e-02;2.7750000e+02;3.8035110e-02;2.7750000e+02;5.7513736e-02;2.7750000e+02;8.0841877e-02;2.7750000e+02;1.1164287e-01;2.7750000e+02;1.5376642e-01;2.7750000e+02;1.9894825e-01;2.7750000e+02;2.3453611e-01;2.7750000e+02;2.5003880e-01;2.7750000e+02;2.4676414e-01;2.7750000e+02;2.2440150e-01;2.7750000e+02;1.9221240e-01;2.7750000e+02;1.5334243e-01;2.7750000e+02;1.1156150e-01;2.7750000e+02;7.2634563e-02;2.7750000e+02;3.4743268e-02;2.7750000e+02;-3.0305618e-03;2.7750000e+02;5.0423993e-03;2.7750000e+02;1.9620664e-02;2.7750000e+02;3.8035110e-02;2.7750000e+02;5.7513736e-02;2.7750000e+02;8.0841877e-02;2.7750000e+02;1.1164287e-01;2.7750000e+02;1.5376642e-01;2.7750000e+02;1.9894825e-01;2.7750000e+02;2.3453611e-01;2.7750000e+02;2.5003880e-01;2.7750000e+02;2.4676414e-01;2.7750000e+02;2.2440150e-01;2.7750000e+02;1.9221240e-01;2.7750000e+02;1.5334243e-01;2.7750000e+02;1.1156150e-01;2.7750000e+02;7.2634563e-02;2.7750000e+02;3.4743268e-02;2.7750000e+02;-3.0305618e-03;2.7750000e+02;5.0423993e-03;2.7750000e+02;1.9620664e-02;2.7750000e+02;3.8035110e-02;2.7750000e+02;5.7513736e-02;2.7750000e+02;8.0841877e-02;2.7750000e+02;1.1164287e-01;2.7750000e+02;1.5376642e-01;2.7750000e+02;1.9894825e-01;2.7750000e+02;2.3453611e-01;2.7750000e+02;2.5003880e-01;2.7750000e+02;2.4676414e-01;2.7750000e+02;2.2440150e-01;2.7750000e+02;1.9221240e-01;2.7750000e+02;1.5334243e-01;2.7750000e+02;1.1156150e-01;2.7750000e+02;7.2634563e-02;2.7750000e+02;3.4743268e-02;2.7750000e+02;-3.0305618e-03;2.7750000e+02;5.0423993e-03;2.7750000e+02;1.9620664e-02;2.7750000e+02;3.8035110e-02;2.7750000e+02;5.7513736e-02;2.7750000e+02;8.0841877e-02;2.7750000e+02;1.1164287e-01;2.7750000e+02;1.5376642e-01;2.7750000e+02;1.9894825e-01;2.7750000e+02;2.3453611e-01;2.7750000e+02;2.5003880e-01;2.7750000e+02;2.4676414e-01;2.7750000e+02;2.2440150e-01;2.7750000e+02;1.9221240e-01;2.7750000e+02;1.5334243e-01;2.7750000e+02;1.1156150e-01;2.7750000e+02;7.2634563e-02;2.7750000e+02;3.4743268e-02
2.8250000e+02;-4.2423932e-04;2.8250000e+02;9.3199220e-03;2.8250000e+02;2.4570860e-02;2.8250000e+02;4.4591684e-02;2.8250000e+02;6.8239838e-02;2.8250000e+02;9.2684492e-02;2.8250000e+02;1.2360279e-01;2.8250000e+02;1.6112600e-01;2.8250000e+02;2.0488822e-01;2.8250000e+02;2.4466406e-01;2.8250000e+02;2.6224777e-01;2.8250000e+02;2.5891364e-01;2.8250000e+02;2.3286536e-01;2.8250000e+02;1.9819802e-01;2.8250000e+02;1.5799905e-01;2.8250000e+02;1.1471775e-01;2.8250000e+02;7.5406805e-02;2.8250000e+02;3.7877709e-02;2.8250000e+02;-4.2423932e-04;2.8250000e+02;9.3199220e-03;2.8250000e+02;2.4570860e-02;2.8250000e+02;4.4591684e-02;2.8250000e+02;6.8239838e-02;2.8250000e+02;9.2684492e-02;2.8250000e+02;1.2360279e-01;2.8250000e+02;1.6112600e-01;2.8250000e+02;2.0488822e-01;2.8250000e+02;2.4466406e-01;2.8250000e+02;2.6224777e-01;2.8250000e+02;2.5891364e-01;2.8250000e+02;2.3286536e-01;2.8250000e+02;1.9819802e-01;2.8250000e+02;1.5799905e-01;2.8250000e+02;1.1471775e-01;2.8250000e+02;7.5406805e-02;2.8250000e+02;3.7877709e-02;2.8250000e+02;-4.2423932e-04;2.8250000e+02;9.3199220e-03;2.8250000e+02;2.4570860e-02;2.8250000e+02;4.4591684e-02;2.8250000e+02;6.8239838e-02;2.8250000e+02;9.2684492e-02;2.8250000e+02;1.2360279e-01;2.8250000e+02;1.6112600e-01;2.8250000e+02;2.0488822e-01;2.8250000e+02;2.4466406e-01;2.8250000e+02;2.6224777e-01;2.8250000e+02;2.5891364e-01;2.8250000e+02;2.3286536e-01;2.8250000e+02;1.9819802e-01;2.8250000e+02;1.5799905e-01;2.8250000e+02;1.1471775e-01;2.8250000e+02;7.5406805e-02;2.8250000e+02;3.7877709e-02;2.8250000e+02;-4.2423932e-04;2.8250000e+02;9.3199220e-03;2.8250000e+02;2.4570860e-02;2.8250000e+02;4.4591684e-02;2.8250000e+02;6.8239838e-02;2.8250000e+02;9.2684492e-02;2.8250000e+02;1.2360279e-01;2.8250000e+02;1.6112600e-01;2.8250000e+02;2.0488822e-01;2.8250000e+02;2.4466406e-01;2.8250000e+02;2.6224777e-01;2.8250000e+02;2.5891364e-01;2.8250000e+02;2.3286536e-01;2.8250000e+02;1.9819802e-01;2.8250000e+02;1.5799905e-01;2.8250000e+02;1.1471775e-01;2.8250000e+02;7.5406805e-02;2.8250000e+02;3.7877709e-02;2.8250000e+02;-4.2423932e-04;2.8250000e+02;9.3199220e-03;2.8250000e+02;2.4570860e-02;2.8250000e+02;4.4591684e-02;2.8250000e+02;6.8239838e-02;2.8250000e+02;9.2684492e-02;2.8250000e+02;1.2360279e-01;2.8250000e+02;1.6112600e-01;2.8250000e+02;2.0488822e-01;2.8250000e+02;2.4466406e-01;2.8250000e+02;2.6224777e-01;2.8250000e+02;2.5891364e-01;2.8250000e+02;2.3286536e-01;2.8250000e+02;1.9819802e-01;2.8250000e+02;1.5799905e-01;2.8250000e+02;1.1471775e-01;2.8250000e+02;7.5406805e-02;2.8250000e+02;3.7877709e-02;2.8250000e+02;-4.2423932e-04;2.8250000e+02;9.3199220e-03;2.8250000e+02;2.4570860e-02;2.8250000e+02;4.4591684e-02;2.8250000e+02;6.8239838e-02;2.8250000e+02;9.2684492e-02;2.8250000e+02;1.2360279e-01;2.8250000e+02;1.6112600e-01;2.8250000e+02;2.0488822e-01;2.8250000e+02;2.4466406e-01;2.8250000e+02;2.6224777e-01;2.8250000e+02;2.5891364e-01;2.8250000e+02;2.3286536e-01;2.8250000e+02;1.9819802e-01;2.8250000e+02;1.5799905e-01;2.8250000e+02;1.1471775e-01;2.8250000e+02;7.5406805e-02;2.8250000e+02;3.7877709e-02;2.8250000e+02;-4.2423932e-04;2.8250000e+02;9.3199220e-03;2.8250000e+02;2.4570860e-02;2.8250000e+02;4.4591684e-02;2.8250000e+02;6.8239838e-02;2.8250000e+02;9.2684492e-02;2.8250000e+02;1.2360279e-01;2.8250000e+02;1.6112600e-01;2.8250000e+02;2.0488822e-01;2.8250000e+02;2.4466406e-01;2.8250000e+02;2.6224777e-01;2.8250000e+02;2.5891364e-01;2.8250000e+02;2.3286536e-01;2.8250000e+02;1.9819802e-01;2.8250000e+02;1.5799905e-01;2.8250000e+02;1.1471775e-01;2.8250000e+02;7.5406805e-02;2.8250000e+02;3.7877709e-02;2.8250000e+02;-4.2423932e-04;2.8250000e+02;9.3199220e-03;2.8250000e+02;2.4570860e-02;2.8250000e+02;4.4591684e-02;2.8250000e+02;6.8239838e-02;2.8250000e+02;9.2684492e-02;2.8250000e+02;1.2360279e-01;2.8250000e+02;1.6112600e-01;2.8250000e+02;2.0488822e-01;2.8250000e+02;2.4466406e-01;2.8250000e+02;2.6224777e-01;2.8250000e+02;2.5891364e-01;2.8250000e+02;2.3286536e-01;2.8250000e+02;1.9819802e-01;2.8250000e+02;1.5799905e-01;2.8250000e+02;1.1471775e-01;2.8250000e+02;7.5406805e-02;2.8250000e+02;3.7877709e-02;2.8250000e+02;-4.2423932e-04;2.8250000e+02;9.3199220e-03;2.8250000e+02;2.4570860e-02;2.8250000e+02;4.4591684e-02;2.8250000e+02;6.8239838e-02;2.8250000e+02;9.2684492e-02;2.8250000e+02;1.2360279e-01;2.8250000e+02;1.6112600e-01;2.8250000e+02;2.0488822e-01;2.8250000e+02;2.4466406e-01;2.8250000e+02;2.6224777e-01;2.8250000e+02;2.5891364e-01;2.8250000e+02;2.3286536e-01;2.8250000e+02;1.9819802e-01;2.8250000e+02;1.5799905e-01;2.8250000e+02;1.1471775e-01;2.8250000e+02;7.5406805e-02;2.8250000e+02;3.7877709e-02;2.8250000e+02;-4.2423932e-04;2.8250000e+02;9.3199220e-03;2.8250000e+02;2.4570860e-02;2.8250000e+02;4.4591684e-02;2.8250000e+02;6.8239838e-02;2.8250000e+02;9.2684492e-02;2.8250000e+02;1.2360279e-01;2.8250000e+02;1.6112600e-01;2.8250000e+02;2.0488822e-01;2.8250000e+02;2.4466406e-01;2.8250000e+02;2.6224777e-01;2.8250000e+02;2.5891364e-01;2.8250000e+02;2.3286536e-01;2.8250000e+02;1.9819802e-01;2.8250000e+02;1.5799905e-01;2.8250000e+02;1.1471775e-01;2.8250000e+02;7.5406805e-02;2.8250000e+02;3.7877709e-02;2.8250000e+02;-4.2423932e-04;2.8250000e+02;9.3199220e-03;2.8250000e+02;2.4570860e-02;2.8250000e+02;4.4591684e-02;2.8250000e+02;6.8239838e-02;2.8250000e+02;9.2684492e-02;2.8250000e+02;1.2360279e-01;2.8250000e+02;1.6112600e-01;2.8250000e+02;2.0488822e-01;2.8250000e+02;2.4466406e-01;2.8250000e+02;2.6224777e-01;2.8250000e+02;2.5891364e-01;2.8250000e+02;2.3286536e-01;2.8250000e+02;1.9819802e-01;2.8250000e+02;1.5799905e-01;2.8250000e+02;1.1471775e-01;2.8250000e+02;7.5406805e-02;2.8250000e+02;3.7877709e-02;2.8250000e+02;-4.2423932e-04;2.8250000e+02;9.3199220e-03;2.8250000e+02;2.4570860e-02;2.8250000e+02;4.4591684e-02;2.8250000e+02;6.8239838e-02;2.8250000e+02;9.2684492e-02;2.8250000e+02;1.2360279e-01;2.8250000e+02;1.6112600e-01;2.8250000e+02;2.0488822e-01;2.8250000e+02;2.4466406e-01;2.8250000e+02;2.6224777e-01;2.8250000e+02;2.5891364e-01;2.8250000e+02;2.3286536e-01;2.8250000e+02;1.9819802e-01;2.8250000e+02;1.5799905e-01;2.8250000e+02;1.1471775e-01;2.8250000e+02;7.5406805e-02;2.8250000e+02;3.7877709e-02;2.8250000e+02;-4.2423932e-04;2.8250000e+02;9.3199220e-03;2.8250000e+02;2.4570860e-02;2.8250000e+02;4.4591684e-02;2.8250000e+02;6.8239838e-02;2.8250000e+02;9.2684492e-02;2.8250000e+02;1.2360279e-01;2.8250000e+02;1.6112600e-01;2.8250000e+02;2.0488822e-01;2.8250000e+02;2.4466406e-01;2.8250000e+02;2.6224777e-01;2.8250000e+02;2.5891364e-01;2.8250000e+02;2.3286536e-01;2.8250000e+02;1.9819802e-01;2.8250000e+02;1.5799905e-01;2.8250000e+02;1.1471775e-01;2.8250000e+02;7.5406805e-02;2.8250000e+02;3.7877709e-02;2.8250000e+02;-4.2423932e-04;2.8250000e+02;9.3199220e-03;2.8250000e+02;2.4570860e-02;2.8250000e+02;4.4591684e-02;2.8250000e+02;6.8239838e-02;2.8250000e+02;9.2684492e-02;2.8250000e+02;1.2360279e-01;2.8250000e+02;1.6112600e-01;2.8250000e+02;2.0488822e-01;2.8250000e+02;2.4466406e-01;2.8250000e+02;2.6224777e-01;2.8250000e+02;2.5891364e-01;2.8250000e+02;2.3286536e-01;2.8250000e+02;1.9819802e-01;2.8250000e+02;1.5799905e-01;2.8250000e+02;1.1471775e-01;2.8250000e+02;7.5406805e-02;2.8250000e+02;3.7877709e-02;2.8250000e+02;-4.2423932e-04;2.8250000e+02;9.3199220e-03;2.8250000e+02;2.4570860e-02;2.8250000e+02;4.4591684e-02;2.8250000e+02;6.8239838e-02;2.8250000e+02;9.2684492e-02;2.8250000e+02;1.2360279e-01;2.8250000e+02;1.6112600e-01;2.8250000e+02;2.0488822e-01;2.8250000e+02;2.4466406e-01;2.8250000e+02;2.6224777e-01;2.8250000e+02;2.5891364e-01;2.8250000e+02;2.3286536e-01;2.8250000e+02;1.9819802e-01;2.8250000e+02;1.5799905e-01;2.8250000e+02;1.1471775e-01;2.8250000e+02;7.5406805e-02;2.8250000e+02;3.7877709e-02;2.8250000e+02;-4.2423932e-04;2.8250000e+02;9.3199220e-03;2.8250000e+02;2.4570860e-02;2.8250000e+02;4.4591684e-02;2.8250000e+02;6.8239838e-02;2.8250000e+02;9.2684492e-02;2.8250000e+02;1.2360279e-01;2.8250000e+02;1.6112600e-01;2.8250000e+02;2.0488822e-01;2.8250000e+02;2.4466406e-01;2.8250000e+02;2.6224777e-01;2.8250000e+02;2.5891364e-01;2.8250000e+02;2.3286536e-01;2.8250000e+02;1.9819802e-01;2.8250000e+02;1.5799905e-01;2.8250000e+02;1.1471775e-01;2.8250000e+02;7.5406805e-02;2.8250000e+02;3.7877709e-02;2.8250000e+02;-4.2423932e-04;2.8250000e+02;9.3199220e-03;2.8250000e+02;2.4570860e-02;2.8250000e+02;4.4591684e-02;2.8250000e+02;6.8239838e-02;2.8250000e+02;9.2684492e-02;2.8250000e+02;1.2360279e-01;2.8250000e+02;1.6112600e-01;2.8250000e+02;2.0488822e-01;2.8250000e+02;2.4466406e-01;2.8250000e+02;2.6224777e-01;2.8250000e+02;2.5891364e-01;2.8250000e+02;2.3286536e-01;2.8250000e+02;1.9819802e-01;2.8250000e+02;1.5799905e-01;2.8250000e+02;1.1471775e-01;2.8250000e+02;7.5406805e-02;2.8250000e+02;3.7877709e-02;2.8250000e+02;-4.2423932e-04;2.8250000e+02;9.3199220e-03;2.8250000e+02;2.4570860e-02;2.8250000e+02;4.4591684e-02;2.8250000e+02;6.8239838e-02;2.8250000e+02;9.2684492e-02;2.8250000e+02;1.2360279e-01;2.8250000e+02;1.6112600e-01;2.8250000e+02;2.0488822e-01;2.8250000e+02;2.4466406e-01;2.8250000e+02;2.6224777e-01;2.8250000e+02;2.5891364e-01;2.8250000e+02;2.3286536e-01;2.8250000e+02;1.9819802e-01;2.8250000e+02;1.5799905e-01;2.8250000e+02;1.1471775e-01;2.8250000e+02;7.5406805e-02;2.8250000e+02;3.7877709e-02;2.8250000e+02;-4.2423932e-04;2.8250000e+02;9.3199220e-03;2.8250000e+02;2.4570860e-02;2.8250000e+02;4.4591684e-02;2.8250000e+02;6.8239838e-02;2.8250000e+02;9.2684492e-02;2.8250000e+02;1.2360279e-01;2.8250000e+02;1.6112600e-01;2.8250000e+02;2.0488822e-01;2.8250000e+02;2.4466406e-01;2.8250000e+02;2.6224777e-01;2.8250000e+02;2.5891364e-01;2.8250000e+02;2.3286536e-01;2.8250000e+02;1.9819802e-01;2.8250000e+02;1.5799905e-01;2.8250000e+02;1.1471775e-01;2.8250000e+02;7.5406805e-02;2.8250000e+02;3.7877709e-02;2.8250000e+02;-4.2423932e-04;2.8250000e+02;9.3199220e-03;2.8250000e+02;2.4570860e-02;2.8250000e+02;4.4591684e-02;2.8250000e+02;6.8239838e-02;2.8250000e+02;9.2684492e-02;2.8250000e+02;1.2360279e-01;2.8250000e+02;1.6112600e-01;2.8250000e+02;2.0488822e-01;2.8250000e+02;2.4466406e-01;2.8250000e+02;2.6224777e-01;2.8250000e+02;2.5891364e-01;2.8250000e+02;2.3286536e-01;2.8250000e+02;1.9819802e-01;2.8250000e+02;1.5799905e-01;2.8250000e+02;1.1471775e-01;2.8250000e+02;7.5406805e-02;2.8250000e+02;3.7877709e-02;2.8250000e+02;-4.2423932e-04;2.8250000e+02;9.3199220e-03;2.8250000e+02;2.4570860e-02;2.8250000e+02;4.4591684e-02;2.8250000e+02;6.8239838e-02;2.8250000e+02;9.2684492e-02;2.8250000e+02;1.2360279e-01;2.8250000e+02;1.6112600e-01;2.8250000e+02;2.0488822e-01;2.8250000e+02;2.4466406e-01;2.8250000e+02;2.6224777e-01;2.8250000e+02;2.5891364e-01;2.8250000e+02;2.3286536e-01;2.8250000e+02;1.9819802e-01;2.8250000e+02;1.5799905e-01;2.8250000e+02;1.1471775e-01;2.8250000e+02;7.5406805e-02;2.8250000e+02;3.7877709e-02;2.8250000e+02;-4.2423932e-04;2.8250000e+02;9.3199220e-03;2.8250000e+02;2.4570860e-02;2.8250000e+02;4.4591684e-02;2.8250000e+02;6.8239838e-02;2.8250000e+02;9.2684492e-02;2.8250000e+02;1.2360279e-01;2.8250000e+02;1.6112600e-01;2.8250000e+02;2.0488822e-01;2.8250000e+02;2.4466406e-01;2.8250000e+02;2.6224777e-01;2.8250000e+02;2.5891364e-01;2.8250000e+02;2.3286536e-01;2.8250000e+02;1.9819802e-01;2.8250000e+02;1.5799905e-01;2.8250000e+02;1.1471775e-01;2.8250000e+02;7.5406805e-02;2.8250000e+02;3.7877709e-02;2.8250000e+02;-4.2423932e-04;2.8250000e+02;9.3199220e-03;2.8250000e+02;2.4570860e-02;2.8250000e+02;4.4591684e-02;2.8250000e+02;6.8239838e-02;2.8250000e+02;9.2684492e-02;2.8250000e+02;1.2360279e-01;2.8250000e+02;1.6112600e-01;2.8250000e+02;2.0488822e-01;2.8250000e+02;2.4466406e-01;2.8250000e+02;2.6224777e-01;2.8250000e+02;2.5891364e-01;2.8250000e+02;2.3286536e-01;2.8250000e+02;1.9819802e-01;2.8250000e+02;1.5799905e-01;2.8250000e+02;1.1471775e-01;2.8250000e+02;7.5406805e-02;2.8250000e+02;3.7877709e-02;2.8250000e+02;-4.2423932e-04;2.8250000e+02;9.3199220e-03;2.8250000e+02;2.4570860e-02;2.8250000e+02;4.4591684e-02;2.8250000e+02;6.8239838e-02;2.8250000e+02;9.2684492e-02;2.8250000e+02;1.2360279e-01;2.8250000e+02;1.6112600e-01;2.8250000e+02;2.0488822e-01;2.8250000e+02;2.4466406e-01;2.8250000e+02;2.6224777e-01;2.8250000e+02;2.5891364e-01;2.8250000e+02;2.3286536e-01;2.8250000e+02;1.9819802e-01;2.8250000e+02;1.5799905e-01;2.8250000e+02;1.1471775e-01;2.8250000e+02;7.5406805e-02;2.8250000e+02;3.7877709e-02;2.8250000e+02;-4.2423932e-04;2.8250000e+02;9.3199220e-03;2.8250000e+02;2.4570860e-02;2.8250000e+02;4.4591684e-02;2.8250000e+02;6.8239838e-02;2.8250000e+02;9.2684492e-02;2.8250000e+02;1.2360279e-01;2.8250000e+02;1.6112600e-01;2.8250000e+02;2.0488822e-01;2.8250000e+02;2.4466406e-01;2.8250000e+02;2.6224777e-01;2.8250000e+02;2.5891364e-01;2.8250000e+02;2.3286536e-01;2.8250000e+02;1.9819802e-01;2.8250000e+02;1.5799905e-01;2.8250000e+02;1.1471775e-01;2.8250000e+02;7.5406805e-02;2.8250000e+02;3.7877709e-02;2.8250000e+02;-4.2423932e-04;2.8250000e+02;9.3199220e-03;2.8250000e+02;2.4570860e-02;2.8250000e+02;4.4591684e-02;2.8250000e+02;6.8239838e-02;2.8250000e+02;9.2684492e-02;2.8250000e+02;1.2360279e-01;2.8250000e+02;1.6112600e-01;2.8250000e+02;2.0488822e-01;2.8250000e+02;2.4466406e-01;2.8250000e+02;2.6224777e-01;2.8250000e+02;2.5891364e-01;2.8250000e+02;2.3286536e-01;2.8250000e+02;1.9819802e-01;2.8250000e+02;1.5799905e-01;2.8250000e+02;1.1471775e-01;2.8250000e+02;7.5406805e-02;2.8250000e+02;3.7877709e-02;2.8250000e+02;-4.2423932e-04;2.8250000e+02;9.3199220e-03;2.8250000e+02;2.4570860e-02;2.8250000e+02;4.4591684e-02;2.8250000e+02;6.8239838e-02;2.8250000e+02;9.2684492e-02;2.8250000e+02;1.2360279e-01;2.8250000e+02;1.6112600e-01;2.8250000e+02;2.0488822e-01;2.8250000e+02;2.4466406e-01;2.8250000e+02;2.6224777e-01;2.8250000e+02;2.5891364e-01;2.8250000e+02;2.3286536e-01;2.8250000e+02;1.9819802e-01;2.8250000e+02;1.5799905e-01;2.8250000e+02;1.1471775e-01;2.8250000e+02;7.5406805e-02;2.8250000e+02;3.7877709e-02;2.8250000e+02;-4.2423932e-04;2.8250000e+02;9.3199220e-03;2.8250000e+02;2.4570860e-02;2.8250000e+02;4.4591684e-02;2.8250000e+02;6.8239838e-02;2.8250000e+02;9.2684492e-02;2.8250000e+02;1.2360279e-01;2.8250000e+02;1.6112600e-01;2.8250000e+02;2.0488822e-01;2.8250000e+02;2.4466406e-01;2.8250000e+02;2.6224777e-01;2.8250000e+02;2.5891364e-01;2.8250000e+02;2.3286536e-01;2.8250000e+02;1.9819802e-01;2.8250000e+02;1.5799905e-01;2.8250000e+02;1.1471775e-01;2.8250000e+02;7.5406805e-02;2.8250000e+02;3.7877709e-02;2.8250000e+02;-4.2423932e-04;2.8250000e+02;9.3199220e-03;2.8250000e+02;2.4570860e-02;2.8250000e+02;4.4591684e-02;2.8250000e+02;6.8239838e-02;2.8250000e+02;9.2684492e-02;2.8250000e+02;1.2360279e-01;2.8250000e+02;1.6112600e-01;2.8250000e+02;2.0488822e-01;2.8250000e+02;2.4466406e-01;2.8250000e+02;2.6224777e-01;2.8250000e+02;2.5891364e-01;2.8250000e+02;2.3286536e-01;2.8250000e+02;1.9819802e-01;2.8250000e+02;1.5799905e-01;2.8250000e+02;1.1471775e-01;2.8250000e+02;7.5406805e-02;2.8250000e+02;3.7877709e-02;2.8250000e+02;-4.2423932e-04;2.8250000e+02;9.3199220e-03;2.8250000e+02;2.4570860e-02;2.8250000e+02;4.4591684e-02;2.8250000e+02;6.8239838e-02;2.8250000e+02;9.2684492e-02;2.8250000e+02;1.2360279e-01;2.8250000e+02;1.6112600e-01;2.8250000e+02;2.0488822e-01;2.8250000e+02;2.4466406e-01;2.8250000e+02;2.6224777e-01;2.8250000e+02;2.5891364e-01;2.8250000e+02;2.3286536e-01;2.8250000e+02;1.9819802e-01;2.8250000e+02;1.5799905e-01;2.8250000e+02;1.1471775e-01;2.8250000e+02;7.5406805e-02;2.8250000e+02;3.7877709e-02;2.8250000e+02;-4.2423932e-04;2.8250000e+02;9.3199220e-03;2.8250000e+02;2.4570860e-02;2.8250000e+02;4.4591684e-02;2.8250000e+02;6.8239838e-02;2.8250000e+02;9.2684492e-02;2.8250000e+02;1.2360279e-01;2.8250000e+02;1.6112600e-01;2.8250000e+02;2.0488822e-01;2.8250000e+02;2.4466406e-01;2.8250000e+02;2.6224777e-01;2.8250000e+02;2.5891364e-01;2.8250000e+02;2.3286536e-01;2.8250000e+02;1.9819802e-01;2.8250000e+02;1.5799905e-01;2.8250000e+02;1.1471775e-01;2.8250000e+02;7.5406805e-02;2.8250000e+02;3.7877709e-02;2.8250000e+02;-4.2423932e-04;2.8250000e+02;9.3199220e-03;2.8250000e+02;2.4570860e-02;2.8250000e+02;4.4591684e-02;2.8250000e+02;6.8239838e-02;2.8250000e+02;9.2684492e-02;2.8250000e+02;1.2360279e-01;2.8250000e+02;1.6112600e-01;2.8250000e+02;2.0488822e-01;2.8250000e+02;2.4466406e-01;2.8250000e+02;2.6224777e-01;2.8250000e+02;2.5891364e-01;2.8250000e+02;2.3286536e-01;2.8250000e+02;1.9819802e-01;2.8250000e+02;1.5799905e-01;2.8250000e+02;1.1471775e-01;2.8250000e+02;7.5406805e-02;2.8250000e+02;3.7877709e-02;2.8250000e+02;-4.2423932e-04;2.8250000e+02;9.3199220e-03;2.8250000e+02;2.4570860e-02;2.8250000e+02;4.4591684e-02;2.8250000e+02;6.8239838e-02;2.8250000e+02;9.2684492e-02;2.8250000e+02;1.2360279e-01;2.8250000e+02;1.6112600e-01;2.8250000e+02;2.0488822e-01;2.8250000e+02;2.4466406e-01;2.8250000e+02;2.6224777e-01;2.8250000e+02;2.5891364e-01;2.8250000e+02;2.3286536e-01;2.8250000e+02;1.9819802e-01;2.8250000e+02;1.5799905e-01;2.8250000e+02;1.1471775e-01;2.8250000e+02;7.5406805e-02;2.8250000e+02;3.7877709e-02;2.8250000e+02;-4.2423932e-04;2.8250000e+02;9.3199220e-03;2.8250000e+02;2.4570860e-02;2.8250000e+02;4.4591684e-02;2.8250000e+02;6.8239838e-02;2.8250000e+02;9.2684492e-02;2.8250000e+02;1.2360279e-01;2.8250000e+02;1.6112600e-01;2.8250000e+02;2.0488822e-01;2.8250000e+02;2.4466406e-01;2.8250000e+02;2.6224777e-01;2.8250000e+02;2.5891364e-01;2.8250000e+02;2.3286536e-01;2.8250000e+02;1.9819802e-01;2.8250000e+02;1.5799905e-01;2.8250000e+02;1.1471775e-01;2.8250000e+02;7.5406805e-02;2.8250000e+02;3.7877709e-02;2.8250000e+02;-4.2423932e-04;2.8250000e+02;9.3199220e-03;2.8250000e+02;2.4570860e-02;2.8250000e+02;4.4591684e-02;2.8250000e+02;6.8239838e-02;2.8250000e+02;9.2684492e-02;2.8250000e+02;1.2360279e-01;2.8250000e+02;1.6112600e-01;2.8250000e+02;2.0488822e-01;2.8250000e+02;2.4466406e-01;2.8250000e+02;2.6224777e-01;2.8250000e+02;2.5891364e-01;2.8250000e+02;2.3286536e-01;2.8250000e+02;1.9819802e-01;2.8250000e+02;1.5799905e-01;2.8250000e+02;1.1471775e-01;2.8250000e+02;7.5406805e-02;2.8250000e+02;3.7877709e-02;2.8250000e+02;-4.2423932e-04;2.8250000e+02;9.3199220e-03;2.8250000e+02;2.4570860e-02;2.8250000e+02;4.4591684e-02;2.8250000e+02;6.8239838e-02;2.8250000e+02;9.2684492e-02;2.8250000e+02;1.2360279e-01;2.8250000e+02;1.6112600e-01;2.8250000e+02;2.0488822e-01;2.8250000e+02;2.4466406e-01;2.8250000e+02;2.6224777e-01;2.8250000e+02;2.5891364e-01;2.8250000e+02;2.3286536e-01;2.8250000e+02;1.9819802e-01;2.8250000e+02;1.5799905e-01;2.8250000e+02;1.1471775e-01;2.8250000e+02;7.5406805e-02;2.8250000e+02;3.7877709e-02;2.8250000e+02;-4.2423932e-04;2.8250000e+02;9.3199220e-03;2.8250000e+02;2.4570860e-02;2.8250000e+02;4.4591684e-02;2.8250000e+02;6.8239838e-02;2.8250000e+02;9.2684492e-02;2.8250000e+02;1.2360279e-01;2.8250000e+02;1.6112600e-01;2.8250000e+02;2.0488822e-01;2.8250000e+02;2.4466406e-01;2.8250000e+02;2.6224777e-01;2.8250000e+02;2.5891364e-01;2.8250000e+02;2.3286536e-01;2.8250000e+02;1.9819802e-01;2.8250000e+02;1.5799905e-01;2.8250000e+02;1.1471775e-01;2.8250000e+02;7.5406805e-02;2.8250000e+02;3.7877709e-02;2.8250000e+02;-4.2423932e-04;2.8250000e+02;9.3199220e-03;2.8250000e+02;2.4570860e-02;2.8250000e+02;4.4591684e-02;2.8250000e+02;6.8239838e-02;2.8250000e+02;9.2684492e-02;2.8250000e+02;1.2360279e-01;2.8250000e+02;1.6112600e-01;2.8250000e+02;2.0488822e-01;2.8250000e+02;2.4466406e-01;2.8250000e+02;2.6224777e-01;2.8250000e+02;2.5891364e-01;2.8250000e+02;2.3286536e-01;2.8250000e+02;1.9819802e-01;2.8250000e+02;1.5799905e-01;2.8250000e+02;1.1471775e-01;2.8250000e+02;7.5406805e-02;2.8250000e+02;3.7877709e-02;2.8250000e+02;-4.2423932e-04;2.8250000e+02;9.3199220e-03;2.8250000e+02;2.4570860e-02;2.8250000e+02;4.4591684e-02;2.8250000e+02;6.8239838e-02;2.8250000e+02;9.2684492e-02;2.8250000e+02;1.2360279e-01;2.8250000e+02;1.6112600e-01;2.8250000e+02;2.0488822e-01;2.8250000e+02;2.4466406e-01;2.8250000e+02;2.6224777e-01;2.8250000e+02;2.5891364e-01;2.8250000e+02;2.3286536e-01;2.8250000e+02;1.9819802e-01;2.8250000e+02;1.5799905e-01;2.8250000e+02;1.1471775e-01;2.8250000e+02;7.5406805e-02;2.8250000e+02;3.7877709e-02;2.8250000e+02;-4.2423932e-04;2.8250000e+02;9.3199220e-03;2.8250000e+02;2.4570860e-02;2.8250000e+02;4.4591684e-02;2.8250000e+02;6.8239838e-02;2.8250000e+02;9.2684492e-02;2.8250000e+02;1.2360279e-01;2.8250000e+02;1.6112600e-01;2.8250000e+02;2.0488822e-01;2.8250000e+02;2.4466406e-01;2.8250000e+02;2.6224777e-01;2.8250000e+02;2.5891364e-01;2.8250000e+02;2.3286536e-01;2.8250000e+02;1.9819802e-01;2.8250000e+02;1.5799905e-01;2.8250000e+02;1.1471775e-01;2.8250000e+02;7.5406805e-02;2.8250000e+02;3.7877709e-02;2.8250000e+02;-4.2423932e-04;2.8250000e+02;9.3199220e-03;2.8250000e+02;2.4570860e-02;2.8250000e+02;4.4591684e-02;2.8250000e+02;6.8239838e-02;2.8250000e+02;9.2684492e-02;2.8250000e+02;1.2360279e-01;2.8250000e+02;1.6112600e-01;2.8250000e+02;2.0488822e-01;2.8250000e+02;2.4466406e-01;2.8250000e+02;2.6224777e-01;2.8250000e+02;2.5891364e-01;2.8250000e+02;2.3286536e-01;2.8250000e+02;1.9819802e-01;2.8250000e+02;1.5799905e-01;2.8250000e+02;1.1471775e-01;2.8250000e+02;7.5406805e-02;2.8250000e+02;3.7877709e-02;2.8250000e+02;-4.2423932e-04;2.8250000e+02;9.3199220e-03;2.8250000e+02;2.4570860e-02;2.8250000e+02;4.4591684e-02;2.8250000e+02;6.8239838e-02;2.8250000e+02;9.2684492e-02;2.8250000e+02;1.2360279e-01;2.8250000e+02;1.6112600e-01;2.8250000e+02;2.0488822e-01;2.8250000e+02;2.4466406e-01;2.8250000e+02;2.6224777e-01;2.8250000e+02;2.5891364e-01;2.8250000e+02;2.3286536e-01;2.8250000e+02;1.9819802e-01;2.8250000e+02;1.5799905e-01;2.8250000e+02;1.1471775e-01;2.8250000e+02;7.5406805e-02;2.8250000e+02;3.7877709e-02;2.8250000e+02;-4.2423932e-04;2.8250000e+02;9.3199220e-03;2.8250000e+02;2.4570860e-02;2.8250000e+02;4.4591684e-02;2.8250000e+02;6.8239838e-02;2.8250000e+02;9.2684492e-02;2.8250000e+02;1.2360279e-01;2.8250000e+02;1.6112600e-01;2.8250000e+02;2.0488822e-01;2.8250000e+02;2.4466406e-01;2.8250000e+02;2.6224777e-01;2.8250000e+02;2.5891364e-01;2.8250000e+02;2.3286536e-01;2.8250000e+02;1.9819802e-01;2.8250000e+02;1.5799905e-01;2.8250000e+02;1.1471775e-01;2.8250000e+02;7.5406805e-02;2.8250000e+02;3.7877709e-02;2.8250000e+02;-4.2423932e-04;2.8250000e+02;9.3199220e-03;2.8250000e+02;2.4570860e-02;2.8250000e+02;4.4591684e-02;2.8250000e+02;6.8239838e-02;2.8250000e+02;9.2684492e-02;2.8250000e+02;1.2360279e-01;2.8250000e+02;1.6112600e-01;2.8250000e+02;2.0488822e-01;2.8250000e+02;2.4466406e-01;2.8250000e+02;2.6224777e-01;2.8250000e+02;2.5891364e-01;2.8250000e+02;2.3286536e-01;2.8250000e+02;1.9819802e-01;2.8250000e+02;1.5799905e-01;2.8250000e+02;1.1471775e-01;2.8250000e+02;7.5406805e-02;2.8250000e+02;3.7877709e-02;2.8250000e+02;-4.2423932e-04;2.8250000e+02;9.3199220e-03;2.8250000e+02;2.4570860e-02;2.8250000e+02;4.4591684e-02;2.8250000e+02;6.8239838e-02;2.8250000e+02;9.2684492e-02;2.8250000e+02;1.2360279e-01;2.8250000e+02;1.6112600e-01;2.8250000e+02;2.0488822e-01;2.8250000e+02;2.4466406e-01;2.8250000e+02;2.6224777e-01;2.8250000e+02;2.5891364e-01;2.8250000e+02;2.3286536e-01;2.8250000e+02;1.9819802e-01;2.8250000e+02;1.5799905e-01;2.8250000e+02;1.1471775e-01;2.8250000e+02;7.5406805e-02;2.8250000e+02;3.7877709e-02;2.8250000e+02;-4.2423932e-04;2.8250000e+02;9.3199220e-03;2.8250000e+02;2.4570860e-02;2.8250000e+02;4.4591684e-02;2.8250000e+02;6.8239838e-02;2.8250000e+02;9.2684492e-02;2.8250000e+02;1.2360279e-01;2.8250000e+02;1.6112600e-01;2.8250000e+02;2.0488822e-01;2.8250000e+02;2.4466406e-01;2.8250000e+02;2.6224777e-01;2.8250000e+02;2.5891364e-01;2.8250000e+02;2.3286536e-01;2.8250000e+02;1.9819802e-01;2.8250000e+02;1.5799905e-01;2.8250000e+02;1.1471775e-01;2.8250000e+02;7.5406805e-02;2.8250000e+02;3.7877709e-02;2.8250000e+02;-4.2423932e-04;2.8250000e+02;9.3199220e-03;2.8250000e+02;2.4570860e-02;2.8250000e+02;4.4591684e-02;2.8250000e+02;6.8239838e-02;2.8250000e+02;9.2684492e-02;2.8250000e+02;1.2360279e-01;2.8250000e+02;1.6112600e-01;2.8250000e+02;2.0488822e-01;2.8250000e+02;2.4466406e-01;2.8250000e+02;2.6224777e-01;2.8250000e+02;2.5891364e-01;2.8250000e+02;2.3286536e-01;2.8250000e+02;1.9819802e-01;2.8250000e+02;1.5799905e-01;2.8250000e+02;1.1471775e-01;2.8250000e+02;7.5406805e-02;2.8250000e+02;3.7877709e-02;2.8250000e+02;-4.2423932e-04;2.8250000e+02;9.3199220e-03;2.8250000e+02;2.4570860e-02;2.8250000e+02;4.4591684e-02;2.8250000e+02;6.8239838e-02;2.8250000e+02;9.2684492e-02;2.8250000e+02;1.2360279e-01;2.8250000e+02;1.6112600e-01;2.8250000e+02;2.0488822e-01;2.8250000e+02;2.4466406e-01;2.8250000e+02;2.6224777e-01;2.8250000e+02;2.5891364e-01;2.8250000e+02;2.3286536e-01;2.8250000e+02;1.9819802e-01;2.8250000e+02;1.5799905e-01;2.8250000e+02;1.1471775e-01;2.8250000e+02;7.5406805e-02;2.8250000e+02;3.7877709e-02;2.8250000e+02;-4.2423932e-04;2.8250000e+02;9.3199220e-03;2.8250000e+02;2.4570860e-02;2.8250000e+02;4.4591684e-02;2.8250000e+02;6.8239838e-02;2.8250000e+02;9.2684492e-02;2.8250000e+02;1.2360279e-01;2.8250000e+02;1.6112600e-01;2.8250000e+02;2.0488822e-01;2.8250000e+02;2.4466406e-01;2.8250000e+02;2.6224777e-01;2.8250000e+02;2.5891364e-01;2.8250000e+02;2.3286536e-01;2.8250000e+02;1.9819802e-01;2.8250000e+02;1.5799905e-01;2.8250000e+02;1.1471775e-01;2.8250000e+02;7.5406805e-02;2.8250000e+02;3.7877709e-02;2.8250000e+02;-4.2423932e-04;2.8250000e+02;9.3199220e-03;2.8250000e+02;2.4570860e-02;2.8250000e+02;4.4591684e-02;2.8250000e+02;6.8239838e-02;2.8250000e+02;9.2684492e-02;2.8250000e+02;1.2360279e-01;2.8250000e+02;1.6112600e-01;2.8250000e+02;2.0488822e-01;2.8250000e+02;2.4466406e-01;2.8250000e+02;2.6224777e-01;2.8250000e+02;2.5891364e-01;2.8250000e+02;2.3286536e-01;2.8250000e+02;1.9819802e-01;2.8250000e+02;1.5799905e-01;2.8250000e+02;1.1471775e-01;2.8250000e+02;7.5406805e-02;2.8250000e+02;3.7877709e-02;2.8250000e+02;-4.2423932e-04;2.8250000e+02;9.3199220e-03;2.8250000e+02;2.4570860e-02;2.8250000e+02;4.4591684e-02;2.8250000e+02;6.8239838e-02;2.8250000e+02;9.2684492e-02;2.8250000e+02;1.2360279e-01;2.8250000e+02;1.6112600e-01;2.8250000e+02;2.0488822e-01;2.8250000e+02;2.4466406e-01;2.8250000e+02;2.6224777e-01;2.8250000e+02;2.5891364e-01;2.8250000e+02;2.3286536e-01;2.8250000e+02;1.9819802e-01;2.8250000e+02;1.5799905e-01;2.8250000e+02;1.1471775e-01;2.8250000e+02;7.5406805e-02;2.8250000e+02;3.7877709e-02;2.8250000e+02;-4.2423932e-04;2.8250000e+02;9.3199220e-03;2.8250000e+02;2.4570860e-02;2.8250000e+02;4.4591684e-02;2.8250000e+02;6.8239838e-02;2.8250000e+02;9.2684492e-02;2.8250000e+02;1.2360279e-01;2.8250000e+02;1.6112600e-01;2.8250000e+02;2.0488822e-01;2.8250000e+02;2.4466406e-01;2.8250000e+02;2.6224777e-01;2.8250000e+02;2.5891364e-01;2.8250000e+02;2.3286536e-01;2.8250000e+02;1.9819802e-01;2.8250000e+02;1.5799905e-01;2.8250000e+02;1.1471775e-01;2.8250000e+02;7.5406805e-02;2.8250000e+02;3.7877709e-02;2.8250000e+02;-4.2423932e-04;2.8250000e+02;9.3199220e-03;2.8250000e+02;2.4570860e-02;2.8250000e+02;4.4591684e-02;2.8250000e+02;6.8239838e-02;2.8250000e+02;9.2684492e-02;2.8250000e+02;1.2360279e-01;2.8250000e+02;1.6112600e-01;2.8250000e+02;2.0488822e-01;2.8250000e+02;2.4466406e-01;2.8250000e+02;2.6224777e-01;2.8250000e+02;2.5891364e-01;2.8250000e+02;2.3286536e-01;2.8250000e+02;1.9819802e-01;2.8250000e+02;1.5799905e-01;2.8250000e+02;1.1471775e-01;2.8250000e+02;7.5406805e-02;2.8250000e+02;3.7877709e-02;2.8250000e+02;-4.2423932e-04;2.8250000e+02;9.3199220e-03;2.8250000e+02;2.4570860e-02;2.8250000e+02;4.4591684e-02;2.8250000e+02;6.8239838e-02;2.8250000e+02;9.2684492e-02;2.8250000e+02;1.2360279e-01;2.8250000e+02;1.6112600e-01;2.8250000e+02;2.0488822e-01;2.8250000e+02;2.4466406e-01;2.8250000e+02;2.6224777e-01;2.8250000e+02;2.5891364e-01;2.8250000e+02;2.3286536e-01;2.8250000e+02;1.9819802e-01;2.8250000e+02;1.5799905e-01;2.8250000e+02;1.1471775e-01;2.8250000e+02;7.5406805e-02;2.8250000e+02;3.7877709e-02;2.8250000e+02;-4.2423932e-04;2.8250000e+02;9.3199220e-03;2.8250000e+02;2.4570860e-02;2.8250000e+02;4.4591684e-02;2.8250000e+02;6.8239838e-02;2.8250000e+02;9.2684492e-02;2.8250000e+02;1.2360279e-01;2.8250000e+02;1.6112600e-01;2.8250000e+02;2.0488822e-01;2.8250000e+02;2.4466406e-01;2.8250000e+02;2.6224777e-01;2.8250000e+02;2.5891364e-01;2.8250000e+02;2.3286536e-01;2.8250000e+02;1.9819802e-01;2.8250000e+02;1.5799905e-01;2.8250000e+02;1.1471775e-01;2.8250000e+02;7.5406805e-02;2.8250000e+02;3.7877709e-02;2.8250000e+02;-4.2423932e-04;2.8250000e+02;9.3199220e-03;2.8250000e+02;2.4570860e-02;2.8250000e+02;4.4591684e-02;2.8250000e+02;6.8239838e-02;2.8250000e+02;9.2684492e-02;2.8250000e+02;1.2360279e-01;2.8250000e+02;1.6112600e-01;2.8250000e+02;2.0488822e-01;2.8250000e+02;2.4466406e-01;2.8250000e+02;2.6224777e-01;2.8250000e+02;2.5891364e-01;2.8250000e+02;2.3286536e-01;2.8250000e+02;1.9819802e-01;2.8250000e+02;1.5799905e-01;2.8250000e+02;1.1471775e-01;2.8250000e+02;7.5406805e-02;2.8250000e+02;3.7877709e-02;2.8250000e+02;-4.2423932e-04;2.8250000e+02;9.3199220e-03;2.8250000e+02;2.4570860e-02;2.8250000e+02;4.4591684e-02;2.8250000e+02;6.8239838e-02;2.8250000e+02;9.2684492e-02;2.8250000e+02;1.2360279e-01;2.8250000e+02;1.6112600e-01;2.8250000e+02;2.0488822e-01;2.8250000e+02;2.4466406e-01;2.8250000e+02;2.6224777e-01;2.8250000e+02;2.5891364e-01;2.8250000e+02;2.3286536e-01;2.8250000e+02;1.9819802e-01;2.8250000e+02;1.5799905e-01;2.8250000e+02;1.1471775e-01;2.8250000e+02;7.5406805e-02;2.8250000e+02;3.7877709e-02;2.8250000e+02;-4.2423932e-04;2.8250000e+02;9.3199220e-03;2.8250000e+02;2.4570860e-02;2.8250000e+02;4.4591684e-02;2.8250000e+02;6.8239838e-02;2.8250000e+02;9.2684492e-02;2.8250000e+02;1.2360279e-01;2.8250000e+02;1.6112600e-01;2.8250000e+02;2.0488822e-01;2.8250000e+02;2.4466406e-01;2.8250000e+02;2.6224777e-01;2.8250000e+02;2.5891364e-01;2.8250000e+02;2.3286536e-01;2.8250000e+02;1.9819802e-01;2.8250000e+02;1.5799905e-01;2.8250000e+02;1.1471775e-01;2.8250000e+02;7.5406805e-02;2.8250000e+02;3.7877709e-02;2.8250000e+02;-4.2423932e-04;2.8250000e+02;9.3199220e-03;2.8250000e+02;2.4570860e-02;2.8250000e+02;4.4591684e-02;2.8250000e+02;6.8239838e-02;2.8250000e+02;9.2684492e-02;2.8250000e+02;1.2360279e-01;2.8250000e+02;1.6112600e-01;2.8250000e+02;2.0488822e-01;2.8250000e+02;2.4466406e-01;2.8250000e+02;2.6224777e-01;2.8250000e+02;2.5891364e-01;2.8250000e+02;2.3286536e-01;2.8250000e+02;1.9819802e-01;2.8250000e+02;1.5799905e-01;2.8250000e+02;1.1471775e-01;2.8250000e+02;7.5406805e-02;2.8250000e+02;3.7877709e-02;2.8250000e+02;-4.2423932e-04;2.8250000e+02;9.3199220e-03;2.8250000e+02;2.4570860e-02;2.8250000e+02;4.4591684e-02;2.8250000e+02;6.8239838e-02;2.8250000e+02;9.2684492e-02;2.8250000e+02;1.2360279e-01;2.8250000e+02;1.6112600e-01;2.8250000e+02;2.0488822e-01;2.8250000e+02;2.4466406e-01;2.8250000e+02;2.6224777e-01;2.8250000e+02;2.5891364e-01;2.8250000e+02;2.3286536e-01;2.8250000e+02;1.9819802e-01;2.8250000e+02;1.5799905e-01;2.8250000e+02;1.1471775e-01;2.8250000e+02;7.5406805e-02;2.8250000e+02;3.7877709e-02;2.8250000e+02;-4.2423932e-04;2.8250000e+02;9.3199220e-03;2.8250000e+02;2.4570860e-02;2.8250000e+02;4.4591684e-02;2.8250000e+02;6.8239838e-02;2.8250000e+02;9.2684492e-02;2.8250000e+02;1.2360279e-01;2.8250000e+02;1.6112600e-01;2.8250000e+02;2.0488822e-01;2.8250000e+02;2.4466406e-01;2.8250000e+02;2.6224777e-01;2.8250000e+02;2.5891364e-01;2.8250000e+02;2.3286536e-01;2.8250000e+02;1.9819802e-01;2.8250000e+02;1.5799905e-01;2.8250000e+02;1.1471775e-01;2.8250000e+02;7.5406805e-02;2.8250000e+02;3.7877709e-02;2.8250000e+02;-4.2423932e-04;2.8250000e+02;9.3199220e-03;2.8250000e+02;2.4570860e-02;2.8250000e+02;4.4591684e-02;2.8250000e+02;6.8239838e-02;2.8250000e+02;9.2684492e-02;2.8250000e+02;1.2360279e-01;2.8250000e+02;1.6112600e-01;2.8250000e+02;2.0488822e-01;2.8250000e+02;2.4466406e-01;2.8250000e+02;2.6224777e-01;2.8250000e+02;2.5891364e-01;2.8250000e+02;2.3286536e-01;2.8250000e+02;1.9819802e-01;2.8250000e+02;1.5799905e-01;2.8250000e+02;1.1471775e-01;2.8250000e+02;7.5406805e-02;2.8250000e+02;3.7877709e-02;2.8250000e+02;-4.2423932e-04;2.8250000e+02;9.3199220e-03;2.8250000e+02;2.4570860e-02;2.8250000e+02;4.4591684e-02;2.8250000e+02;6.8239838e-02;2.8250000e+02;9.2684492e-02;2.8250000e+02;1.2360279e-01;2.8250000e+02;1.6112600e-01;2.8250000e+02;2.0488822e-01;2.8250000e+02;2.4466406e-01;2.8250000e+02;2.6224777e-01;2.8250000e+02;2.5891364e-01;2.8250000e+02;2.3286536e-01;2.8250000e+02;1.9819802e-01;2.8250000e+02;1.5799905e-01;2.8250000e+02;1.1471775e-01;2.8250000e+02;7.5406805e-02;2.8250000e+02;3.7877709e-02;2.8250000e+02;-4.2423932e-04;2.8250000e+02;9.3199220e-03;2.8250000e+02;2.4570860e-02;2.8250000e+02;4.4591684e-02;2.8250000e+02;6.8239838e-02;2.8250000e+02;9.2684492e-02;2.8250000e+02;1.2360279e-01;2.8250000e+02;1.6112600e-01;2.8250000e+02;2.0488822e-01;2.8250000e+02;2.4466406e-01;2.8250000e+02;2.6224777e-01;2.8250000e+02;2.5891364e-01;2.8250000e+02;2.3286536e-01;2.8250000e+02;1.9819802e-01;2.8250000e+02;1.5799905e-01;2.8250000e+02;1.1471775e-01;2.8250000e+02;7.5406805e-02;2.8250000e+02;3.7877709e-02;2.8250000e+02;-4.2423932e-04;2.8250000e+02;9.3199220e-03;2.8250000e+02;2.4570860e-02;2.8250000e+02;4.4591684e-02;2.8250000e+02;6.8239838e-02;2.8250000e+02;9.2684492e-02;2.8250000e+02;1.2360279e-01;2.8250000e+02;1.6112600e-01;2.8250000e+02;2.0488822e-01;2.8250000e+02;2.4466406e-01;2.8250000e+02;2.6224777e-01;2.8250000e+02;2.5891364e-01;2.8250000e+02;2.3286536e-01;2.8250000e+02;1.9819802e-01;2.8250000e+02;1.5799905e-01;2.8250000e+02;1.1471775e-01;2.8250000e+02;7.5406805e-02;2.8250000e+02;3.7877709e-02;2.8250000e+02;-4.2423932e-04;2.8250000e+02;9.3199220e-03;2.8250000e+02;2.4570860e-02;2.8250000e+02;4.4591684e-02;2.8250000e+02;6.8239838e-02;2.8250000e+02;9.2684492e-02;2.8250000e+02;1.2360279e-01;2.8250000e+02;1.6112600e-01;2.8250000e+02;2.0488822e-01;2.8250000e+02;2.4466406e-01;2.8250000e+02;2.6224777e-01;2.8250000e+02;2.5891364e-01;2.8250000e+02;2.3286536e-01;2.8250000e+02;1.9819802e-01;2.8250000e+02;1.5799905e-01;2.8250000e+02;1.1471775e-01;2.8250000e+02;7.5406805e-02;2.8250000e+02;3.7877709e-02;2.8250000e+02;-4.2423932e-04;2.8250000e+02;9.3199220e-03;2.8250000e+02;2.4570860e-02;2.8250000e+02;4.4591684e-02;2.8250000e+02;6.8239838e-02;2.8250000e+02;9.2684492e-02;2.8250000e+02;1.2360279e-01;2.8250000e+02;1.6112600e-01;2.8250000e+02;2.0488822e-01;2.8250000e+02;2.4466406e-01;2.8250000e+02;2.6224777e-01;2.8250000e+02;2.5891364e-01;2.8250000e+02;2.3286536e-01;2.8250000e+02;1.9819802e-01;2.8250000e+02;1.5799905e-01;2.8250000e+02;1.1471775e-01;2.8250000e+02;7.5406805e-02;2.8250000e+02;3.7877709e-02;2.8250000e+02;-4.2423932e-04;2.8250000e+02;9.3199220e-03;2.8250000e+02;2.4570860e-02;2.8250000e+02;4.4591684e-02;2.8250000e+02;6.8239838e-02;2.8250000e+02;9.2684492e-02;2.8250000e+02;1.2360279e-01;2.8250000e+02;1.6112600e-01;2.8250000e+02;2.0488822e-01;2.8250000e+02;2.4466406e-01;2.8250000e+02;2.6224777e-01;2.8250000e+02;2.5891364e-01;2.8250000e+02;2.3286536e-01;2.8250000e+02;1.9819802e-01;2.8250000e+02;1.5799905e-01;2.8250000e+02;1.1471775e-01;2.8250000e+02;7.5406805e-02;2.8250000e+02;3.7877709e-02;2.8250000e+02;-4.2423932e-04;2.8250000e+02;9.3199220e-03;2.8250000e+02;2.4570860e-02;2.8250000e+02;4.4591684e-02;2.8250000e+02;6.8239838e-02;2.8250000e+02;9.2684492e-02;2.8250000e+02;1.2360279e-01;2.8250000e+02;1.6112600e-01;2.8250000e+02;2.0488822e-01;2.8250000e+02;2.4466406e-01;2.8250000e+02;2.6224777e-01;2.8250000e+02;2.5891364e-01;2.8250000e+02;2.3286536e-01;2.8250000e+02;1.9819802e-01;2.8250000e+02;1.5799905e-01;2.8250000e+02;1.1471775e-01;2.8250000e+02;7.5406805e-02;2.8250000e+02;3.7877709e-02;2.8250000e+02;-4.2423932e-04;2.8250000e+02;9.3199220e-03;2.8250000e+02;2.4570860e-02;2.8250000e+02;4.4591684e-02;2.8250000e+02;6.8239838e-02;2.8250000e+02;9.2684492e-02;2.8250000e+02;1.2360279e-01;2.8250000e+02;1.6112600e-01;2.8250000e+02;2.0488822e-01;2.8250000e+02;2.4466406e-01;2.8250000e+02;2.6224777e-01;2.8250000e+02;2.5891364e-01;2.8250000e+02;2.3286536e-01;2.8250000e+02;1.9819802e-01;2.8250000e+02;1.5799905e-01;2.8250000e+02;1.1471775e-01;2.8250000e+02;7.5406805e-02;2.8250000e+02;3.7877709e-02;2.8250000e+02;-4.2423932e-04;2.8250000e+02;9.3199220e-03;2.8250000e+02;2.4570860e-02;2.8250000e+02;4.4591684e-02;2.8250000e+02;6.8239838e-02;2.8250000e+02;9.2684492e-02;2.8250000e+02;1.2360279e-01;2.8250000e+02;1.6112600e-01;2.8250000e+02;2.0488822e-01;2.8250000e+02;2.4466406e-01;2.8250000e+02;2.6224777e-01;2.8250000e+02;2.5891364e-01;2.8250000e+02;2.3286536e-01;2.8250000e+02;1.9819802e-01;2.8250000e+02;1.5799905e-01;2.8250000e+02;1.1471775e-01;2.8250000e+02;7.5406805e-02;2.8250000e+02;3.7877709e-02;2.8250000e+02;-4.2423932e-04;2.8250000e+02;9.3199220e-03;2.8250000e+02;2.4570860e-02;2.8250000e+02;4.4591684e-02;2.8250000e+02;6.8239838e-02;2.8250000e+02;9.2684492e-02;2.8250000e+02;1.2360279e-01;2.8250000e+02;1.6112600e-01;2.8250000e+02;2.0488822e-01;2.8250000e+02;2.4466406e-01;2.8250000e+02;2.6224777e-01;2.8250000e+02;2.5891364e-01;2.8250000e+02;2.3286536e-01;2.8250000e+02;1.9819802e-01;2.8250000e+02;1.5799905e-01;2.8250000e+02;1.1471775e-01;2.8250000e+02;7.5406805e-02;2.8250000e+02;3.7877709e-02;2.8250000e+02;-4.2423932e-04;2.8250000e+02;9.3199220e-03;2.8250000e+02;2.4570860e-02;2.8250000e+02;4.4591684e-02;2.8250000e+02;6.8239838e-02;2.8250000e+02;9.2684492e-02;2.8250000e+02;1.2360279e-01;2.8250000e+02;1.6112600e-01;2.8250000e+02;2.0488822e-01;2.8250000e+02;2.4466406e-01;2.8250000e+02;2.6224777e-01;2.8250000e+02;2.5891364e-01;2.8250000e+02;2.3286536e-01;2.8250000e+02;1.9819802e-01;2.8250000e+02;1.5799905e-01;2.8250000e+02;1.1471775e-01;2.8250000e+02;7.5406805e-02;2.8250000e+02;3.7877709e-02;2.8250000e+02;-4.2423932e-04;2.8250000e+02;9.3199220e-03;2.8250000e+02;2.4570860e-02;2.8250000e+02;4.4591684e-02;2.8250000e+02;6.8239838e-02;2.8250000e+02;9.2684492e-02;2.8250000e+02;1.2360279e-01;2.8250000e+02;1.6112600e-01;2.8250000e+02;2.0488822e-01;2.8250000e+02;2.4466406e-01;2.8250000e+02;2.6224777e-01;2.8250000e+02;2.5891364e-01;2.8250000e+02;2.3286536e-01;2.8250000e+02;1.9819802e-01;2.8250000e+02;1.5799905e-01;2.8250000e+02;1.1471775e-01;2.8250000e+02;7.5406805e-02;2.8250000e+02;3.7877709e-02;2.8250000e+02;-4.2423932e-04;2.8250000e+02;9.3199220e-03;2.8250000e+02;2.4570860e-02;2.8250000e+02;4.4591684e-02;2.8250000e+02;6.8239838e-02;2.8250000e+02;9.2684492e-02;2.8250000e+02;1.2360279e-01;2.8250000e+02;1.6112600e-01;2.8250000e+02;2.0488822e-01;2.8250000e+02;2.4466406e-01;2.8250000e+02;2.6224777e-01;2.8250000e+02;2.5891364e-01;2.8250000e+02;2.3286536e-01;2.8250000e+02;1.9819802e-01;2.8250000e+02;1.5799905e-01;2.8250000e+02;1.1471775e-01;2.8250000e+02;7.5406805e-02;2.8250000e+02;3.7877709e-02;2.8250000e+02;-4.2423932e-04;2.8250000e+02;9.3199220e-03;2.8250000e+02;2.4570860e-02;2.8250000e+02;4.4591684e-02;2.8250000e+02;6.8239838e-02;2.8250000e+02;9.2684492e-02;2.8250000e+02;1.2360279e-01;2.8250000e+02;1.6112600e-01;2.8250000e+02;2.0488822e-01;2.8250000e+02;2.4466406e-01;2.8250000e+02;2.6224777e-01;2.8250000e+02;2.5891364e-01;2.8250000e+02;2.3286536e-01;2.8250000e+02;1.9819802e-01;2.8250000e+02;1.5799905e-01;2.8250000e+02;1.1471775e-01;2.8250000e+02;7.5406805e-02;2.8250000e+02;3.7877709e-02;2.8250000e+02;-4.2423932e-04;2.8250000e+02;9.3199220e-03;2.8250000e+02;2.4570860e-02;2.8250000e+02;4.4591684e-02;2.8250000e+02;6.8239838e-02;2.8250000e+02;9.2684492e-02;2.8250000e+02;1.2360279e-01;2.8250000e+02;1.6112600e-01;2.8250000e+02;2.0488822e-01;2.8250000e+02;2.4466406e-01;2.8250000e+02;2.6224777e-01;2.8250000e+02;2.5891364e-01;2.8250000e+02;2.3286536e-01;2.8250000e+02;1.9819802e-01;2.8250000e+02;1.5799905e-01;2.8250000e+02;1.1471775e-01;2.8250000e+02;7.5406805e-02;2.8250000e+02;3.7877709e-02;2.8250000e+02;-4.2423932e-04;2.8250000e+02;9.3199220e-03;2.8250000e+02;2.4570860e-02;2.8250000e+02;4.4591684e-02;2.8250000e+02;6.8239838e-02;2.8250000e+02;9.2684492e-02;2.8250000e+02;1.2360279e-01;2.8250000e+02;1.6112600e-01;2.8250000e+02;2.0488822e-01;2.8250000e+02;2.4466406e-01;2.8250000e+02;2.6224777e-01;2.8250000e+02;2.5891364e-01;2.8250000e+02;2.3286536e-01;2.8250000e+02;1.9819802e-01;2.8250000e+02;1.5799905e-01;2.8250000e+02;1.1471775e-01;2.8250000e+02;7.5406805e-02;2.8250000e+02;3.7877709e-02;2.8250000e+02;-4.2423932e-04;2.8250000e+02;9.3199220e-03;2.8250000e+02;2.4570860e-02;2.8250000e+02;4.4591684e-02;2.8250000e+02;6.8239838e-02;2.8250000e+02;9.2684492e-02;2.8250000e+02;1.2360279e-01;2.8250000e+02;1.6112600e-01;2.8250000e+02;2.0488822e-01;2.8250000e+02;2.4466406e-01;2.8250000e+02;2.6224777e-01;2.8250000e+02;2.5891364e-01;2.8250000e+02;2.3286536e-01;2.8250000e+02;1.9819802e-01;2.8250000e+02;1.5799905e-01;2.8250000e+02;1.1471775e-01;2.8250000e+02;7.5406805e-02;2.8250000e+02;3.7877709e-02;2.8250000e+02;-4.2423932e-04;2.8250000e+02;9.3199220e-03;2.8250000e+02;2.4570860e-02;2.8250000e+02;4.4591684e-02;2.8250000e+02;6.8239838e-02;2.8250000e+02;9.2684492e-02;2.8250000e+02;1.2360279e-01;2.8250000e+02;1.6112600e-01;2.8250000e+02;2.0488822e-01;2.8250000e+02;2.4466406e-01;2.8250000e+02;2.6224777e-01;2.8250000e+02;2.5891364e-01;2.8250000e+02;2.3286536e-01;2.8250000e+02;1.9819802e-01;2.8250000e+02;1.5799905e-01;2.8250000e+02;1.1471775e-01;2.8250000e+02;7.5406805e-02;2.8250000e+02;3.7877709e-02;2.8250000e+02;-4.2423932e-04;2.8250000e+02;9.3199220e-03;2.8250000e+02;2.4570860e-02;2.8250000e+02;4.4591684e-02;2.8250000e+02;6.8239838e-02;2.8250000e+02;9.2684492e-02;2.8250000e+02;1.2360279e-01;2.8250000e+02;1.6112600e-01;2.8250000e+02;2.0488822e-01;2.8250000e+02;2.4466406e-01;2.8250000e+02;2.6224777e-01;2.8250000e+02;2.5891364e-01;2.8250000e+02;2.3286536e-01;2.8250000e+02;1.9819802e-01;2.8250000e+02;1.5799905e-01;2.8250000e+02;1.1471775e-01;2.8250000e+02;7.5406805e-02;2.8250000e+02;3.7877709e-02;2.8250000e+02;-4.2423932e-04;2.8250000e+02;9.3199220e-03;2.8250000e+02;2.4570860e-02;2.8250000e+02;4.4591684e-02;2.8250000e+02;6.8239838e-02;2.8250000e+02;9.2684492e-02;2.8250000e+02;1.2360279e-01;2.8250000e+02;1.6112600e-01;2.8250000e+02;2.0488822e-01;2.8250000e+02;2.4466406e-01;2.8250000e+02;2.6224777e-01;2.8250000e+02;2.5891364e-01;2.8250000e+02;2.3286536e-01;2.8250000e+02;1.9819802e-01;2.8250000e+02;1.5799905e-01;2.8250000e+02;1.1471775e-01;2.8250000e+02;7.5406805e-02;2.8250000e+02;3.7877709e-02;2.8250000e+02;-4.2423932e-04;2.8250000e+02;9.3199220e-03;2.8250000e+02;2.4570860e-02;2.8250000e+02;4.4591684e-02;2.8250000e+02;6.8239838e-02;2.8250000e+02;9.2684492e-02;2.8250000e+02;1.2360279e-01;2.8250000e+02;1.6112600e-01;2.8250000e+02;2.0488822e-01;2.8250000e+02;2.4466406e-01;2.8250000e+02;2.6224777e-01;2.8250000e+02;2.5891364e-01;2.8250000e+02;2.3286536e-01;2.8250000e+02;1.9819802e-01;2.8250000e+02;1.5799905e-01;2.8250000e+02;1.1471775e-01;2.8250000e+02;7.5406805e-02;2.8250000e+02;3.7877709e-02;2.8250000e+02;-4.2423932e-04;2.8250000e+02;9.3199220e-03;2.8250000e+02;2.4570860e-02;2.8250000e+02;4.4591684e-02;2.8250000e+02;6.8239838e-02;2.8250000e+02;9.2684492e-02;2.8250000e+02;1.2360279e-01;2.8250000e+02;1.6112600e-01;2.8250000e+02;2.0488822e-01;2.8250000e+02;2.4466406e-01;2.8250000e+02;2.6224777e-01;2.8250000e+02;2.5891364e-01;2.8250000e+02;2.3286536e-01;2.8250000e+02;1.9819802e-01;2.8250000e+02;1.5799905e-01;2.8250000e+02;1.1471775e-01;2.8250000e+02;7.5406805e-02;2.8250000e+02;3.7877709e-02;2.8250000e+02;-4.2423932e-04;2.8250000e+02;9.3199220e-03;2.8250000e+02;2.4570860e-02;2.8250000e+02;4.4591684e-02;2.8250000e+02;6.8239838e-02;2.8250000e+02;9.2684492e-02;2.8250000e+02;1.2360279e-01;2.8250000e+02;1.6112600e-01;2.8250000e+02;2.0488822e-01;2.8250000e+02;2.4466406e-01;2.8250000e+02;2.6224777e-01;2.8250000e+02;2.5891364e-01;2.8250000e+02;2.3286536e-01;2.8250000e+02;1.9819802e-01;2.8250000e+02;1.5799905e-01;2.8250000e+02;1.1471775e-01;2.8250000e+02;7.5406805e-02;2.8250000e+02;3.7877709e-02;2.8250000e+02;-4.2423932e-04;2.8250000e+02;9.3199220e-03;2.8250000e+02;2.4570860e-02;2.8250000e+02;4.4591684e-02;2.8250000e+02;6.8239838e-02;2.8250000e+02;9.2684492e-02;2.8250000e+02;1.2360279e-01;2.8250000e+02;1.6112600e-01;2.8250000e+02;2.0488822e-01;2.8250000e+02;2.4466406e-01;2.8250000e+02;2.6224777e-01;2.8250000e+02;2.5891364e-01;2.8250000e+02;2.3286536e-01;2.8250000e+02;1.9819802e-01;2.8250000e+02;1.5799905e-01;2.8250000e+02;1.1471775e-01;2.8250000e+02;7.5406805e-02;2.8250000e+02;3.7877709e-02;2.8250000e+02;-4.2423932e-04;2.8250000e+02;9.3199220e-03;2.8250000e+02;2.4570860e-02;2.8250000e+02;4.4591684e-02;2.8250000e+02;6.8239838e-02;2.8250000e+02;9.2684492e-02;2.8250000e+02;1.2360279e-01;2.8250000e+02;1.6112600e-01;2.8250000e+02;2.0488822e-01;2.8250000e+02;2.4466406e-01;2.8250000e+02;2.6224777e-01;2.8250000e+02;2.5891364e-01;2.8250000e+02;2.3286536e-01;2.8250000e+02;1.9819802e-01;2.8250000e+02;1.5799905e-01;2.8250000e+02;1.1471775e-01;2.8250000e+02;7.5406805e-02;2.8250000e+02;3.7877709e-02;2.8250000e+02;-4.2423932e-04;2.8250000e+02;9.3199220e-03;2.8250000e+02;2.4570860e-02;2.8250000e+02;4.4591684e-02;2.8250000e+02;6.8239838e-02;2.8250000e+02;9.2684492e-02;2.8250000e+02;1.2360279e-01;2.8250000e+02;1.6112600e-01;2.8250000e+02;2.0488822e-01;2.8250000e+02;2.4466406e-01;2.8250000e+02;2.6224777e-01;2.8250000e+02;2.5891364e-01;2.8250000e+02;2.3286536e-01;2.8250000e+02;1.9819802e-01;2.8250000e+02;1.5799905e-01;2.8250000e+02;1.1471775e-01;2.8250000e+02;7.5406805e-02;2.8250000e+02;3.7877709e-02;2.8250000e+02;-4.2423932e-04;2.8250000e+02;9.3199220e-03;2.8250000e+02;2.4570860e-02;2.8250000e+02;4.4591684e-02;2.8250000e+02;6.8239838e-02;2.8250000e+02;9.2684492e-02;2.8250000e+02;1.2360279e-01;2.8250000e+02;1.6112600e-01;2.8250000e+02;2.0488822e-01;2.8250000e+02;2.4466406e-01;2.8250000e+02;2.6224777e-01;2.8250000e+02;2.5891364e-01;2.8250000e+02;2.3286536e-01;2.8250000e+02;1.9819802e-01;2.8250000e+02;1.5799905e-01;2.8250000e+02;1.1471775e-01;2.8250000e+02;7.5406805e-02;2.8250000e+02;3.7877709e-02;2.8250000e+02;-4.2423932e-04;2.8250000e+02;9.3199220e-03;2.8250000e+02;2.4570860e-02;2.8250000e+02;4.4591684e-02;2.8250000e+02;6.8239838e-02;2.8250000e+02;9.2684492e-02;2.8250000e+02;1.2360279e-01;2.8250000e+02;1.6112600e-01;2.8250000e+02;2.0488822e-01;2.8250000e+02;2.4466406e-01;2.8250000e+02;2.6224777e-01;2.8250000e+02;2.5891364e-01;2.8250000e+02;2.3286536e-01;2.8250000e+02;1.9819802e-01;2.8250000e+02;1.5799905e-01;2.8250000e+02;1.1471775e-01;2.8250000e+02;7.5406805e-02;2.8250000e+02;3.7877709e-02;2.8250000e+02;-4.2423932e-04;2.8250000e+02;9.3199220e-03;2.8250000e+02;2.4570860e-02;2.8250000e+02;4.4591684e-02;2.8250000e+02;6.8239838e-02;2.8250000e+02;9.2684492e-02;2.8250000e+02;1.2360279e-01;2.8250000e+02;1.6112600e-01;2.8250000e+02;2.0488822e-01;2.8250000e+02;2.4466406e-01;2.8250000e+02;2.6224777e-01;2.8250000e+02;2.5891364e-01;2.8250000e+02;2.3286536e-01;2.8250000e+02;1.9819802e-01;2.8250000e+02;1.5799905e-01;2.8250000e+02;1.1471775e-01;2.8250000e+02;7.5406805e-02;2.8250000e+02;3.7877709e-02;2.8250000e+02;-4.2423932e-04;2.8250000e+02;9.3199220e-03;2.8250000e+02;2.4570860e-02;2.8250000e+02;4.4591684e-02;2.8250000e+02;6.8239838e-02;2.8250000e+02;9.2684492e-02;2.8250000e+02;1.2360279e-01;2.8250000e+02;1.6112600e-01;2.8250000e+02;2.0488822e-01;2.8250000e+02;2.4466406e-01;2.8250000e+02;2.6224777e-01;2.8250000e+02;2.5891364e-01;2.8250000e+02;2.3286536e-01;2.8250000e+02;1.9819802e-01;2.8250000e+02;1.5799905e-01;2.8250000e+02;1.1471775e-01;2.8250000e+02;7.5406805e-02;2.8250000e+02;3.7877709e-02;2.8250000e+02;-4.2423932e-04;2.8250000e+02;9.3199220e-03;2.8250000e+02;2.4570860e-02;2.8250000e+02;4.4591684e-02;2.8250000e+02;6.8239838e-02;2.8250000e+02;9.2684492e-02;2.8250000e+02;1.2360279e-01;2.8250000e+02;1.6112600e-01;2.8250000e+02;2.0488822e-01;2.8250000e+02;2.4466406e-01;2.8250000e+02;2.6224777e-01;2.8250000e+02;2.5891364e-01;2.8250000e+02;2.3286536e-01;2.8250000e+02;1.9819802e-01;2.8250000e+02;1.5799905e-01;2.8250000e+02;1.1471775e-01;2.8250000e+02;7.5406805e-02;2.8250000e+02;3.7877709e-02;2.8250000e+02;-4.2423932e-04;2.8250000e+02;9.3199220e-03;2.8250000e+02;2.4570860e-02;2.8250000e+02;4.4591684e-02;2.8250000e+02;6.8239838e-02;2.8250000e+02;9.2684492e-02;2.8250000e+02;1.2360279e-01;2.8250000e+02;1.6112600e-01;2.8250000e+02;2.0488822e-01;2.8250000e+02;2.4466406e-01;2.8250000e+02;2.6224777e-01;2.8250000e+02;2.5891364e-01;2.8250000e+02;2.3286536e-01;2.8250000e+02;1.9819802e-01;2.8250000e+02;1.5799905e-01;2.8250000e+02;1.1471775e-01;2.8250000e+02;7.5406805e-02;2.8250000e+02;3.7877709e-02;2.8250000e+02;-4.2423932e-04;2.8250000e+02;9.3199220e-03;2.8250000e+02;2.4570860e-02;2.8250000e+02;4.4591684e-02;2.8250000e+02;6.8239838e-02;2.8250000e+02;9.2684492e-02;2.8250000e+02;1.2360279e-01;2.8250000e+02;1.6112600e-01;2.8250000e+02;2.0488822e-01;2.8250000e+02;2.4466406e-01;2.8250000e+02;2.6224777e-01;2.8250000e+02;2.5891364e-01;2.8250000e+02;2.3286536e-01;2.8250000e+02;1.9819802e-01;2.8250000e+02;1.5799905e-01;2.8250000e+02;1.1471775e-01;2.8250000e+02;7.5406805e-02;2.8250000e+02;3.7877709e-02;2.8250000e+02;-4.2423932e-04;2.8250000e+02;9.3199220e-03;2.8250000e+02;2.4570860e-02;2.8250000e+02;4.4591684e-02;2.8250000e+02;6.8239838e-02;2.8250000e+02;9.2684492e-02;2.8250000e+02;1.2360279e-01;2.8250000e+02;1.6112600e-01;2.8250000e+02;2.0488822e-01;2.8250000e+02;2.4466406e-01;2.8250000e+02;2.6224777e-01;2.8250000e+02;2.5891364e-01;2.8250000e+02;2.3286536e-01;2.8250000e+02;1.9819802e-01;2.8250000e+02;1.5799905e-01;2.8250000e+02;1.1471775e-01;2.8250000e+02;7.5406805e-02;2.8250000e+02;3.7877709e-02;2.8250000e+02;-4.2423932e-04;2.8250000e+02;9.3199220e-03;2.8250000e+02;2.4570860e-02;2.8250000e+02;4.4591684e-02;2.8250000e+02;6.8239838e-02;2.8250000e+02;9.2684492e-02;2.8250000e+02;1.2360279e-01;2.8250000e+02;1.6112600e-01;2.8250000e+02;2.0488822e-01;2.8250000e+02;2.4466406e-01;2.8250000e+02;2.6224777e-01;2.8250000e+02;2.5891364e-01;2.8250000e+02;2.3286536e-01;2.8250000e+02;1.9819802e-01;2.8250000e+02;1.5799905e-01;2.8250000e+02;1.1471775e-01;2.8250000e+02;7.5406805e-02;2.8250000e+02;3.7877709e-02;2.8250000e+02;-4.2423932e-04;2.8250000e+02;9.3199220e-03;2.8250000e+02;2.4570860e-02;2.8250000e+02;4.4591684e-02;2.8250000e+02;6.8239838e-02;2.8250000e+02;9.2684492e-02;2.8250000e+02;1.2360279e-01;2.8250000e+02;1.6112600e-01;2.8250000e+02;2.0488822e-01;2.8250000e+02;2.4466406e-01;2.8250000e+02;2.6224777e-01;2.8250000e+02;2.5891364e-01;2.8250000e+02;2.3286536e-01;2.8250000e+02;1.9819802e-01;2.8250000e+02;1.5799905e-01;2.8250000e+02;1.1471775e-01;2.8250000e+02;7.5406805e-02;2.8250000e+02;3.7877709e-02;2.8250000e+02;-4.2423932e-04;2.8250000e+02;9.3199220e-03;2.8250000e+02;2.4570860e-02;2.8250000e+02;4.4591684e-02;2.8250000e+02;6.8239838e-02;2.8250000e+02;9.2684492e-02;2.8250000e+02;1.2360279e-01;2.8250000e+02;1.6112600e-01;2.8250000e+02;2.0488822e-01;2.8250000e+02;2.4466406e-01;2.8250000e+02;2.6224777e-01;2.8250000e+02;2.5891364e-01;2.8250000e+02;2.3286536e-01;2.8250000e+02;1.9819802e-01;2.8250000e+02;1.5799905e-01;2.8250000e+02;1.1471775e-01;2.8250000e+02;7.5406805e-02;2.8250000e+02;3.7877709e-02;2.8250000e+02;-4.2423932e-04;2.8250000e+02;9.3199220e-03;2.8250000e+02;2.4570860e-02;2.8250000e+02;4.4591684e-02;2.8250000e+02;6.8239838e-02;2.8250000e+02;9.2684492e-02;2.8250000e+02;1.2360279e-01;2.8250000e+02;1.6112600e-01;2.8250000e+02;2.0488822e-01;2.8250000e+02;2.4466406e-01;2.8250000e+02;2.6224777e-01;2.8250000e+02;2.5891364e-01;2.8250000e+02;2.3286536e-01;2.8250000e+02;1.9819802e-01;2.8250000e+02;1.5799905e-01;2.8250000e+02;1.1471775e-01;2.8250000e+02;7.5406805e-02;2.8250000e+02;3.7877709e-02;2.8250000e+02;-4.2423932e-04;2.8250000e+02;9.3199220e-03;2.8250000e+02;2.4570860e-02;2.8250000e+02;4.4591684e-02;2.8250000e+02;6.8239838e-02;2.8250000e+02;9.2684492e-02;2.8250000e+02;1.2360279e-01;2.8250000e+02;1.6112600e-01;2.8250000e+02;2.0488822e-01;2.8250000e+02;2.4466406e-01;2.8250000e+02;2.6224777e-01;2.8250000e+02;2.5891364e-01;2.8250000e+02;2.3286536e-01;2.8250000e+02;1.9819802e-01;2.8250000e+02;1.5799905e-01;2.8250000e+02;1.1471775e-01;2.8250000e+02;7.5406805e-02;2.8250000e+02;3.7877709e-02;2.8250000e+02;-4.2423932e-04;2.8250000e+02;9.3199220e-03;2.8250000e+02;2.4570860e-02;2.8250000e+02;4.4591684e-02;2.8250000e+02;6.8239838e-02;2.8250000e+02;9.2684492e-02;2.8250000e+02;1.2360279e-01;2.8250000e+02;1.6112600e-01;2.8250000e+02;2.0488822e-01;2.8250000e+02;2.4466406e-01;2.8250000e+02;2.6224777e-01;2.8250000e+02;2.5891364e-01;2.8250000e+02;2.3286536e-01;2.8250000e+02;1.9819802e-01;2.8250000e+02;1.5799905e-01;2.8250000e+02;1.1471775e-01;2.8250000e+02;7.5406805e-02;2.8250000e+02;3.7877709e-02;2.8250000e+02;-4.2423932e-04;2.8250000e+02;9.3199220e-03;2.8250000e+02;2.4570860e-02;2.8250000e+02;4.4591684e-02;2.8250000e+02;6.8239838e-02;2.8250000e+02;9.2684492e-02;2.8250000e+02;1.2360279e-01;2.8250000e+02;1.6112600e-01;2.8250000e+02;2.0488822e-01;2.8250000e+02;2.4466406e-01;2.8250000e+02;2.6224777e-01;2.8250000e+02;2.5891364e-01;2.8250000e+02;2.3286536e-01;2.8250000e+02;1.9819802e-01;2.8250000e+02;1.5799905e-01;2.8250000e+02;1.1471775e-01;2.8250000e+02;7.5406805e-02;2.8250000e+02;3.7877709e-02;2.8250000e+02;-4.2423932e-04;2.8250000e+02;9.3199220e-03;2.8250000e+02;2.4570860e-02;2.8250000e+02;4.4591684e-02;2.8250000e+02;6.8239838e-02;2.8250000e+02;9.2684492e-02;2.8250000e+02;1.2360279e-01;2.8250000e+02;1.6112600e-01;2.8250000e+02;2.0488822e-01;2.8250000e+02;2.4466406e-01;2.8250000e+02;2.6224777e-01;2.8250000e+02;2.5891364e-01;2.8250000e+02;2.3286536e-01;2.8250000e+02;1.9819802e-01;2.8250000e+02;1.5799905e-01;2.8250000e+02;1.1471775e-01;2.8250000e+02;7.5406805e-02;2.8250000e+02;3.7877709e-02;2.8250000e+02;-4.2423932e-04;2.8250000e+02;9.3199220e-03;2.8250000e+02;2.4570860e-02;2.8250000e+02;4.4591684e-02;2.8250000e+02;6.8239838e-02;2.8250000e+02;9.2684492e-02;2.8250000e+02;1.2360279e-01;2.8250000e+02;1.6112600e-01;2.8250000e+02;2.0488822e-01;2.8250000e+02;2.4466406e-01;2.8250000e+02;2.6224777e-01;2.8250000e+02;2.5891364e-01;2.8250000e+02;2.3286536e-01;2.8250000e+02;1.9819802e-01;2.8250000e+02;1.5799905e-01;2.8250000e+02;1.1471775e-01;2.8250000e+02;7.5406805e-02;2.8250000e+02;3.7877709e-02;2.8250000e+02;-4.2423932e-04;2.8250000e+02;9.3199220e-03;2.8250000e+02;2.4570860e-02;2.8250000e+02;4.4591684e-02;2.8250000e+02;6.8239838e-02;2.8250000e+02;9.2684492e-02;2.8250000e+02;1.2360279e-01;2.8250000e+02;1.6112600e-01;2.8250000e+02;2.0488822e-01;2.8250000e+02;2.4466406e-01;2.8250000e+02;2.6224777e-01;2.8250000e+02;2.5891364e-01;2.8250000e+02;2.3286536e-01;2.8250000e+02;1.9819802e-01;2.8250000e+02;1.5799905e-01;2.8250000e+02;1.1471775e-01;2.8250000e+02;7.5406805e-02;2.8250000e+02;3.7877709e-02;2.8250000e+02;-4.2423932e-04;2.8250000e+02;9.3199220e-03;2.8250000e+02;2.4570860e-02;2.8250000e+02;4.4591684e-02;2.8250000e+02;6.8239838e-02;2.8250000e+02;9.2684492e-02;2.8250000e+02;1.2360279e-01;2.8250000e+02;1.6112600e-01;2.8250000e+02;2.0488822e-01;2.8250000e+02;2.4466406e-01;2.8250000e+02;2.6224777e-01;2.8250000e+02;2.5891364e-01;2.8250000e+02;2.3286536e-01;2.8250000e+02;1.9819802e-01;2.8250000e+02;1.5799905e-01;2.8250000e+02;1.1471775e-01;2.8250000e+02;7.5406805e-02;2.8250000e+02;3.7877709e-02;2.8250000e+02;-4.2423932e-04;2.8250000e+02;9.3199220e-03;2.8250000e+02;2.4570860e-02;2.8250000e+02;4.4591684e-02;2.8250000e+02;6.8239838e-02;2.8250000e+02;9.2684492e-02;2.8250000e+02;1.2360279e-01;2.8250000e+02;1.6112600e-01;2.8250000e+02;2.0488822e-01;2.8250000e+02;2.4466406e-01;2.8250000e+02;2.6224777e-01;2.8250000e+02;2.5891364e-01;2.8250000e+02;2.3286536e-01;2.8250000e+02;1.9819802e-01;2.8250000e+02;1.5799905e-01;2.8250000e+02;1.1471775e-01;2.8250000e+02;7.5406805e-02;2.8250000e+02;3.7877709e-02;2.8250000e+02;-4.2423932e-04;2.8250000e+02;9.3199220e-03;2.8250000e+02;2.4570860e-02;2.8250000e+02;4.4591684e-02;2.8250000e+02;6.8239838e-02;2.8250000e+02;9.2684492e-02;2.8250000e+02;1.2360279e-01;2.8250000e+02;1.6112600e-01;2.8250000e+02;2.0488822e-01;2.8250000e+02;2.4466406e-01;2.8250000e+02;2.6224777e-01;2.8250000e+02;2.5891364e-01;2.8250000e+02;2.3286536e-01;2.8250000e+02;1.9819802e-01;2.8250000e+02;1.5799905e-01;2.8250000e+02;1.1471775e-01;2.8250000e+02;7.5406805e-02;2.8250000e+02;3.7877709e-02;2.8250000e+02;-4.2423932e-04;2.8250000e+02;9.3199220e-03;2.8250000e+02;2.4570860e-02;2.8250000e+02;4.4591684e-02;2.8250000e+02;6.8239838e-02;2.8250000e+02;9.2684492e-02;2.8250000e+02;1.2360279e-01;2.8250000e+02;1.6112600e-01;2.8250000e+02;2.0488822e-01;2.8250000e+02;2.4466406e-01;2.8250000e+02;2.6224777e-01;2.8250000e+02;2.5891364e-01;2.8250000e+02;2.3286536e-01;2.8250000e+02;1.9819802e-01;2.8250000e+02;1.5799905e-01;2.8250000e+02;1.1471775e-01;2.8250000e+02;7.5406805e-02;2.8250000e+02;3.7877709e-02;2.8250000e+02;-4.2423932e-04;2.8250000e+02;9.3199220e-03;2.8250000e+02;2.4570860e-02;2.8250000e+02;4.4591684e-02;2.8250000e+02;6.8239838e-02;2.8250000e+02;9.2684492e-02;2.8250000e+02;1.2360279e-01;2.8250000e+02;1.6112600e-01;2.8250000e+02;2.0488822e-01;2.8250000e+02;2.4466406e-01;2.8250000e+02;2.6224777e-01;2.8250000e+02;2.5891364e-01;2.8250000e+02;2.3286536e-01;2.8250000e+02;1.9819802e-01;2.8250000e+02;1.5799905e-01;2.8250000e+02;1.1471775e-01;2.8250000e+02;7.5406805e-02;2.8250000e+02;3.7877709e-02;2.8250000e+02;-4.2423932e-04;2.8250000e+02;9.3199220e-03;2.8250000e+02;2.4570860e-02;2.8250000e+02;4.4591684e-02;2.8250000e+02;6.8239838e-02;2.8250000e+02;9.2684492e-02;2.8250000e+02;1.2360279e-01;2.8250000e+02;1.6112600e-01;2.8250000e+02;2.0488822e-01;2.8250000e+02;2.4466406e-01;2.8250000e+02;2.6224777e-01;2.8250000e+02;2.5891364e-01;2.8250000e+02;2.3286536e-01;2.8250000e+02;1.9819802e-01;2.8250000e+02;1.5799905e-01;2.8250000e+02;1.1471775e-01;2.8250000e+02;7.5406805e-02;2.8250000e+02;3.7877709e-02;2.8250000e+02;-4.2423932e-04;2.8250000e+02;9.3199220e-03;2.8250000e+02;2.4570860e-02;2.8250000e+02;4.4591684e-02;2.8250000e+02;6.8239838e-02;2.8250000e+02;9.2684492e-02;2.8250000e+02;1.2360279e-01;2.8250000e+02;1.6112600e-01;2.8250000e+02;2.0488822e-01;2.8250000e+02;2.4466406e-01;2.8250000e+02;2.6224777e-01;2.8250000e+02;2.5891364e-01;2.8250000e+02;2.3286536e-01;2.8250000e+02;1.9819802e-01;2.8250000e+02;1.5799905e-01;2.8250000e+02;1.1471775e-01;2.8250000e+02;7.5406805e-02;2.8250000e+02;3.7877709e-02;2.8250000e+02;-4.2423932e-04;2.8250000e+02;9.3199220e-03;2.8250000e+02;2.4570860e-02;2.8250000e+02;4.4591684e-02;2.8250000e+02;6.8239838e-02;2.8250000e+02;9.2684492e-02;2.8250000e+02;1.2360279e-01;2.8250000e+02;1.6112600e-01;2.8250000e+02;2.0488822e-01;2.8250000e+02;2.4466406e-01;2.8250000e+02;2.6224777e-01;2.8250000e+02;2.5891364e-01;2.8250000e+02;2.3286536e-01;2.8250000e+02;1.9819802e-01;2.8250000e+02;1.5799905e-01;2.8250000e+02;1.1471775e-01;2.8250000e+02;7.5406805e-02;2.8250000e+02;3.7877709e-02;2.8250000e+02;-4.2423932e-04;2.8250000e+02;9.3199220e-03;2.8250000e+02;2.4570860e-02;2.8250000e+02;4.4591684e-02;2.8250000e+02;6.8239838e-02;2.8250000e+02;9.2684492e-02;2.8250000e+02;1.2360279e-01;2.8250000e+02;1.6112600e-01;2.8250000e+02;2.0488822e-01;2.8250000e+02;2.4466406e-01;2.8250000e+02;2.6224777e-01;2.8250000e+02;2.5891364e-01;2.8250000e+02;2.3286536e-01;2.8250000e+02;1.9819802e-01;2.8250000e+02;1.5799905e-01;2.8250000e+02;1.1471775e-01;2.8250000e+02;7.5406805e-02;2.8250000e+02;3.7877709e-02;2.8250000e+02;-4.2423932e-04;2.8250000e+02;9.3199220e-03;2.8250000e+02;2.4570860e-02;2.8250000e+02;4.4591684e-02;2.8250000e+02;6.8239838e-02;2.8250000e+02;9.2684492e-02;2.8250000e+02;1.2360279e-01;2.8250000e+02;1.6112600e-01;2.8250000e+02;2.0488822e-01;2.8250000e+02;2.4466406e-01;2.8250000e+02;2.6224777e-01;2.8250000e+02;2.5891364e-01;2.8250000e+02;2.3286536e-01;2.8250000e+02;1.9819802e-01;2.8250000e+02;1.5799905e-01;2.8250000e+02;1.1471775e-01;2.8250000e+02;7.5406805e-02;2.8250000e+02;3.7877709e-02;2.8250000e+02;-4.2423932e-04;2.8250000e+02;9.3199220e-03;2.8250000e+02;2.4570860e-02;2.8250000e+02;4.4591684e-02;2.8250000e+02;6.8239838e-02;2.8250000e+02;9.2684492e-02;2.8250000e+02;1.2360279e-01;2.8250000e+02;1.6112600e-01;2.8250000e+02;2.0488822e-01;2.8250000e+02;2.4466406e-01;2.8250000e+02;2.6224777e-01;2.8250000e+02;2.5891364e-01;2.8250000e+02;2.3286536e-01;2.8250000e+02;1.9819802e-01;2.8250000e+02;1.5799905e-01;2.8250000e+02;1.1471775e-01;2.8250000e+02;7.5406805e-02;2.8250000e+02;3.7877709e-02;2.8250000e+02;-4.2423932e-04;2.8250000e+02;9.3199220e-03;2.8250000e+02;2.4570860e-02;2.8250000e+02;4.4591684e-02;2.8250000e+02;6.8239838e-02;2.8250000e+02;9.2684492e-02;2.8250000e+02;1.2360279e-01;2.8250000e+02;1.6112600e-01;2.8250000e+02;2.0488822e-01;2.8250000e+02;2.4466406e-01;2.8250000e+02;2.6224777e-01;2.8250000e+02;2.5891364e-01;2.8250000e+02;2.3286536e-01;2.8250000e+02;1.9819802e-01;2.8250000e+02;1.5799905e-01;2.8250000e+02;1.1471775e-01;2.8250000e+02;7.5406805e-02;2.8250000e+02;3.7877709e-02;2.8250000e+02;-4.2423932e-04;2.8250000e+02;9.3199220e-03;2.8250000e+02;2.4570860e-02;2.8250000e+02;4.4591684e-02;2.8250000e+02;6.8239838e-02;2.8250000e+02;9.2684492e-02;2.8250000e+02;1.2360279e-01;2.8250000e+02;1.6112600e-01;2.8250000e+02;2.0488822e-01;2.8250000e+02;2.4466406e-01;2.8250000e+02;2.6224777e-01;2.8250000e+02;2.5891364e-01;2.8250000e+02;2.3286536e-01;2.8250000e+02;1.9819802e-01;2.8250000e+02;1.5799905e-01;2.8250000e+02;1.1471775e-01;2.8250000e+02;7.5406805e-02;2.8250000e+02;3.7877709e-02;2.8250000e+02;-4.2423932e-04;2.8250000e+02;9.3199220e-03;2.8250000e+02;2.4570860e-02;2.8250000e+02;4.4591684e-02;2.8250000e+02;6.8239838e-02;2.8250000e+02;9.2684492e-02;2.8250000e+02;1.2360279e-01;2.8250000e+02;1.6112600e-01;2.8250000e+02;2.0488822e-01;2.8250000e+02;2.4466406e-01;2.8250000e+02;2.6224777e-01;2.8250000e+02;2.5891364e-01;2.8250000e+02;2.3286536e-01;2.8250000e+02;1.9819802e-01;2.8250000e+02;1.5799905e-01;2.8250000e+02;1.1471775e-01;2.8250000e+02;7.5406805e-02;2.8250000e+02;3.7877709e-02;2.8250000e+02;-4.2423932e-04;2.8250000e+02;9.3199220e-03;2.8250000e+02;2.4570860e-02;2.8250000e+02;4.4591684e-02;2.8250000e+02;6.8239838e-02;2.8250000e+02;9.2684492e-02;2.8250000e+02;1.2360279e-01;2.8250000e+02;1.6112600e-01;2.8250000e+02;2.0488822e-01;2.8250000e+02;2.4466406e-01;2.8250000e+02;2.6224777e-01;2.8250000e+02;2.5891364e-01;2.8250000e+02;2.3286536e-01;2.8250000e+02;1.9819802e-01;2.8250000e+02;1.5799905e-01;2.8250000e+02;1.1471775e-01;2.8250000e+02;7.5406805e-02;2.8250000e+02;3.7877709e-02;2.8250000e+02;-4.2423932e-04;2.8250000e+02;9.3199220e-03;2.8250000e+02;2.4570860e-02;2.8250000e+02;4.4591684e-02;2.8250000e+02;6.8239838e-02;2.8250000e+02;9.2684492e-02;2.8250000e+02;1.2360279e-01;2.8250000e+02;1.6112600e-01;2.8250000e+02;2.0488822e-01;2.8250000e+02;2.4466406e-01;2.8250000e+02;2.6224777e-01;2.8250000e+02;2.5891364e-01;2.8250000e+02;2.3286536e-01;2.8250000e+02;1.9819802e-01;2.8250000e+02;1.5799905e-01;2.8250000e+02;1.1471775e-01;2.8250000e+02;7.5406805e-02;2.8250000e+02;3.7877709e-02;2.8250000e+02;-4.2423932e-04;2.8250000e+02;9.3199220e-03;2.8250000e+02;2.4570860e-02;2.8250000e+02;4.4591684e-02;2.8250000e+02;6.8239838e-02;2.8250000e+02;9.2684492e-02;2.8250000e+02;1.2360279e-01;2.8250000e+02;1.6112600e-01;2.8250000e+02;2.0488822e-01;2.8250000e+02;2.4466406e-01;2.8250000e+02;2.6224777e-01;2.8250000e+02;2.5891364e-01;2.8250000e+02;2.3286536e-01;2.8250000e+02;1.9819802e-01;2.8250000e+02;1.5799905e-01;2.8250000e+02;1.1471775e-01;2.8250000e+02;7.5406805e-02;2.8250000e+02;3.7877709e-02;2.8250000e+02;-4.2423932e-04;2.8250000e+02;9.3199220e-03;2.8250000e+02;2.4570860e-02;2.8250000e+02;4.4591684e-02;2.8250000e+02;6.8239838e-02;2.8250000e+02;9.2684492e-02;2.8250000e+02;1.2360279e-01;2.8250000e+02;1.6112600e-01;2.8250000e+02;2.0488822e-01;2.8250000e+02;2.4466406e-01;2.8250000e+02;2.6224777e-01;2.8250000e+02;2.5891364e-01;2.8250000e+02;2.3286536e-01;2.8250000e+02;1.9819802e-01;2.8250000e+02;1.5799905e-01;2.8250000e+02;1.1471775e-01;2.8250000e+02;7.5406805e-02;2.8250000e+02;3.7877709e-02;2.8250000e+02;-4.2423932e-04;2.8250000e+02;9.3199220e-03;2.8250000e+02;2.4570860e-02;2.8250000e+02;4.4591684e-02;2.8250000e+02;6.8239838e-02;2.8250000e+02;9.2684492e-02;2.8250000e+02;1.2360279e-01;2.8250000e+02;1.6112600e-01;2.8250000e+02;2.0488822e-01;2.8250000e+02;2.4466406e-01;2.8250000e+02;2.6224777e-01;2.8250000e+02;2.5891364e-01;2.8250000e+02;2.3286536e-01;2.8250000e+02;1.9819802e-01;2.8250000e+02;1.5799905e-01;2.8250000e+02;1.1471775e-01;2.8250000e+02;7.5406805e-02;2.8250000e+02;3.7877709e-02;2.8250000e+02;-4.2423932e-04;2.8250000e+02;9.3199220e-03;2.8250000e+02;2.4570860e-02;2.8250000e+02;4.4591684e-02;2.8250000e+02;6.8239838e-02;2.8250000e+02;9.2684492e-02;2.8250000e+02;1.2360279e-01;2.8250000e+02;1.6112600e-01;2.8250000e+02;2.0488822e-01;2.8250000e+02;2.4466406e-01;2.8250000e+02;2.6224777e-01;2.8250000e+02;2.5891364e-01;2.8250000e+02;2.3286536e-01;2.8250000e+02;1.9819802e-01;2.8250000e+02;1.5799905e-01;2.8250000e+02;1.1471775e-01;2.8250000e+02;7.5406805e-02;2.8250000e+02;3.7877709e-02;2.8250000e+02;-4.2423932e-04;2.8250000e+02;9.3199220e-03;2.8250000e+02;2.4570860e-02;2.8250000e+02;4.4591684e-02;2.8250000e+02;6.8239838e-02;2.8250000e+02;9.2684492e-02;2.8250000e+02;1.2360279e-01;2.8250000e+02;1.6112600e-01;2.8250000e+02;2.0488822e-01;2.8250000e+02;2.4466406e-01;2.8250000e+02;2.6224777e-01;2.8250000e+02;2.5891364e-01;2.8250000e+02;2.3286536e-01;2.8250000e+02;1.9819802e-01;2.8250000e+02;1.5799905e-01;2.8250000e+02;1.1471775e-01;2.8250000e+02;7.5406805e-02;2.8250000e+02;3.7877709e-02;2.8250000e+02;-4.2423932e-04;2.8250000e+02;9.3199220e-03;2.8250000e+02;2.4570860e-02;2.8250000e+02;4.4591684e-02;2.8250000e+02;6.8239838e-02;2.8250000e+02;9.2684492e-02;2.8250000e+02;1.2360279e-01;2.8250000e+02;1.6112600e-01;2.8250000e+02;2.0488822e-01;2.8250000e+02;2.4466406e-01;2.8250000e+02;2.6224777e-01;2.8250000e+02;2.5891364e-01;2.8250000e+02;2.3286536e-01;2.8250000e+02;1.9819802e-01;2.8250000e+02;1.5799905e-01;2.8250000e+02;1.1471775e-01;2.8250000e+02;7.5406805e-02;2.8250000e+02;3.7877709e-02;2.8250000e+02;-4.2423932e-04;2.8250000e+02;9.3199220e-03;2.8250000e+02;2.4570860e-02;2.8250000e+02;4.4591684e-02;2.8250000e+02;6.8239838e-02;2.8250000e+02;9.2684492e-02;2.8250000e+02;1.2360279e-01;2.8250000e+02;1.6112600e-01;2.8250000e+02;2.0488822e-01;2.8250000e+02;2.4466406e-01;2.8250000e+02;2.6224777e-01;2.8250000e+02;2.5891364e-01;2.8250000e+02;2.3286536e-01;2.8250000e+02;1.9819802e-01;2.8250000e+02;1.5799905e-01;2.8250000e+02;1.1471775e-01;2.8250000e+02;7.5406805e-02;2.8250000e+02;3.7877709e-02;2.8250000e+02;-4.2423932e-04;2.8250000e+02;9.3199220e-03;2.8250000e+02;2.4570860e-02;2.8250000e+02;4.4591684e-02;2.8250000e+02;6.8239838e-02;2.8250000e+02;9.2684492e-02;2.8250000e+02;1.2360279e-01;2.8250000e+02;1.6112600e-01;2.8250000e+02;2.0488822e-01;2.8250000e+02;2.4466406e-01;2.8250000e+02;2.6224777e-01;2.8250000e+02;2.5891364e-01;2.8250000e+02;2.3286536e-01;2.8250000e+02;1.9819802e-01;2.8250000e+02;1.5799905e-01;2.8250000e+02;1.1471775e-01;2.8250000e+02;7.5406805e-02;2.8250000e+02;3.7877709e-02;2.8250000e+02;-4.2423932e-04;2.8250000e+02;9.3199220e-03;2.8250000e+02;2.4570860e-02;2.8250000e+02;4.4591684e-02;2.8250000e+02;6.8239838e-02;2.8250000e+02;9.2684492e-02;2.8250000e+02;1.2360279e-01;2.8250000e+02;1.6112600e-01;2.8250000e+02;2.0488822e-01;2.8250000e+02;2.4466406e-01;2.8250000e+02;2.6224777e-01;2.8250000e+02;2.5891364e-01;2.8250000e+02;2.3286536e-01;2.8250000e+02;1.9819802e-01;2.8250000e+02;1.5799905e-01;2.8250000e+02;1.1471775e-01;2.8250000e+02;7.5406805e-02;2.8250000e+02;3.7877709e-02;2.8250000e+02;-4.2423932e-04;2.8250000e+02;9.3199220e-03;2.8250000e+02;2.4570860e-02;2.8250000e+02;4.4591684e-02;2.8250000e+02;6.8239838e-02;2.8250000e+02;9.2684492e-02;2.8250000e+02;1.2360279e-01;2.8250000e+02;1.6112600e-01;2.8250000e+02;2.0488822e-01;2.8250000e+02;2.4466406e-01;2.8250000e+02;2.6224777e-01;2.8250000e+02;2.5891364e-01;2.8250000e+02;2.3286536e-01;2.8250000e+02;1.9819802e-01;2.8250000e+02;1.5799905e-01;2.8250000e+02;1.1471775e-01;2.8250000e+02;7.5406805e-02;2.8250000e+02;3.7877709e-02;2.8250000e+02;-4.2423932e-04;2.8250000e+02;9.3199220e-03;2.8250000e+02;2.4570860e-02;2.8250000e+02;4.4591684e-02;2.8250000e+02;6.8239838e-02;2.8250000e+02;9.2684492e-02;2.8250000e+02;1.2360279e-01;2.8250000e+02;1.6112600e-01;2.8250000e+02;2.0488822e-01;2.8250000e+02;2.4466406e-01;2.8250000e+02;2.6224777e-01;2.8250000e+02;2.5891364e-01;2.8250000e+02;2.3286536e-01;2.8250000e+02;1.9819802e-01;2.8250000e+02;1.5799905e-01;2.8250000e+02;1.1471775e-01;2.8250000e+02;7.5406805e-02;2.8250000e+02;3.7877709e-02;2.8250000e+02;-4.2423932e-04;2.8250000e+02;9.3199220e-03;2.8250000e+02;2.4570860e-02;2.8250000e+02;4.4591684e-02;2.8250000e+02;6.8239838e-02;2.8250000e+02;9.2684492e-02;2.8250000e+02;1.2360279e-01;2.8250000e+02;1.6112600e-01;2.8250000e+02;2.0488822e-01;2.8250000e+02;2.4466406e-01;2.8250000e+02;2.6224777e-01;2.8250000e+02;2.5891364e-01;2.8250000e+02;2.3286536e-01;2.8250000e+02;1.9819802e-01;2.8250000e+02;1.5799905e-01;2.8250000e+02;1.1471775e-01;2.8250000e+02;7.5406805e-02;2.8250000e+02;3.7877709e-02;2.8250000e+02;-4.2423932e-04;2.8250000e+02;9.3199220e-03;2.8250000e+02;2.4570860e-02;2.8250000e+02;4.4591684e-02;2.8250000e+02;6.8239838e-02;2.8250000e+02;9.2684492e-02;2.8250000e+02;1.2360279e-01;2.8250000e+02;1.6112600e-01;2.8250000e+02;2.0488822e-01;2.8250000e+02;2.4466406e-01;2.8250000e+02;2.6224777e-01;2.8250000e+02;2.5891364e-01;2.8250000e+02;2.3286536e-01;2.8250000e+02;1.9819802e-01;2.8250000e+02;1.5799905e-01;2.8250000e+02;1.1471775e-01;2.8250000e+02;7.5406805e-02;2.8250000e+02;3.7877709e-02;2.8250000e+02;-4.2423932e-04;2.8250000e+02;9.3199220e-03;2.8250000e+02;2.4570860e-02;2.8250000e+02;4.4591684e-02;2.8250000e+02;6.8239838e-02;2.8250000e+02;9.2684492e-02;2.8250000e+02;1.2360279e-01;2.8250000e+02;1.6112600e-01;2.8250000e+02;2.0488822e-01;2.8250000e+02;2.4466406e-01;2.8250000e+02;2.6224777e-01;2.8250000e+02;2.5891364e-01;2.8250000e+02;2.3286536e-01;2.8250000e+02;1.9819802e-01;2.8250000e+02;1.5799905e-01;2.8250000e+02;1.1471775e-01;2.8250000e+02;7.5406805e-02;2.8250000e+02;3.7877709e-02;2.8250000e+02;-4.2423932e-04;2.8250000e+02;9.3199220e-03;2.8250000e+02;2.4570860e-02;2.8250000e+02;4.4591684e-02;2.8250000e+02;6.8239838e-02;2.8250000e+02;9.2684492e-02;2.8250000e+02;1.2360279e-01;2.8250000e+02;1.6112600e-01;2.8250000e+02;2.0488822e-01;2.8250000e+02;2.4466406e-01;2.8250000e+02;2.6224777e-01;2.8250000e+02;2.5891364e-01;2.8250000e+02;2.3286536e-01;2.8250000e+02;1.9819802e-01;2.8250000e+02;1.5799905e-01;2.8250000e+02;1.1471775e-01;2.8250000e+02;7.5406805e-02;2.8250000e+02;3.7877709e-02;2.8250000e+02;-4.2423932e-04;2.8250000e+02;9.3199220e-03;2.8250000e+02;2.4570860e-02;2.8250000e+02;4.4591684e-02;2.8250000e+02;6.8239838e-02;2.8250000e+02;9.2684492e-02;2.8250000e+02;1.2360279e-01;2.8250000e+02;1.6112600e-01;2.8250000e+02;2.0488822e-01;2.8250000e+02;2.4466406e-01;2.8250000e+02;2.6224777e-01;2.8250000e+02;2.5891364e-01;2.8250000e+02;2.3286536e-01;2.8250000e+02;1.9819802e-01;2.8250000e+02;1.5799905e-01;2.8250000e+02;1.1471775e-01;2.8250000e+02;7.5406805e-02;2.8250000e+02;3.7877709e-02;2.8250000e+02;-4.2423932e-04;2.8250000e+02;9.3199220e-03;2.8250000e+02;2.4570860e-02;2.8250000e+02;4.4591684e-02;2.8250000e+02;6.8239838e-02;2.8250000e+02;9.2684492e-02;2.8250000e+02;1.2360279e-01;2.8250000e+02;1.6112600e-01;2.8250000e+02;2.0488822e-01;2.8250000e+02;2.4466406e-01;2.8250000e+02;2.6224777e-01;2.8250000e+02;2.5891364e-01;2.8250000e+02;2.3286536e-01;2.8250000e+02;1.9819802e-01;2.8250000e+02;1.5799905e-01;2.8250000e+02;1.1471775e-01;2.8250000e+02;7.5406805e-02;2.8250000e+02;3.7877709e-02;2.8250000e+02;-4.2423932e-04;2.8250000e+02;9.3199220e-03;2.8250000e+02;2.4570860e-02;2.8250000e+02;4.4591684e-02;2.8250000e+02;6.8239838e-02;2.8250000e+02;9.2684492e-02;2.8250000e+02;1.2360279e-01;2.8250000e+02;1.6112600e-01;2.8250000e+02;2.0488822e-01;2.8250000e+02;2.4466406e-01;2.8250000e+02;2.6224777e-01;2.8250000e+02;2.5891364e-01;2.8250000e+02;2.3286536e-01;2.8250000e+02;1.9819802e-01;2.8250000e+02;1.5799905e-01;2.8250000e+02;1.1471775e-01;2.8250000e+02;7.5406805e-02;2.8250000e+02;3.7877709e-02;2.8250000e+02;-4.2423932e-04;2.8250000e+02;9.3199220e-03;2.8250000e+02;2.4570860e-02;2.8250000e+02;4.4591684e-02;2.8250000e+02;6.8239838e-02;2.8250000e+02;9.2684492e-02;2.8250000e+02;1.2360279e-01;2.8250000e+02;1.6112600e-01;2.8250000e+02;2.0488822e-01;2.8250000e+02;2.4466406e-01;2.8250000e+02;2.6224777e-01;2.8250000e+02;2.5891364e-01;2.8250000e+02;2.3286536e-01;2.8250000e+02;1.9819802e-01;2.8250000e+02;1.5799905e-01;2.8250000e+02;1.1471775e-01;2.8250000e+02;7.5406805e-02;2.8250000e+02;3.7877709e-02;2.8250000e+02;-4.2423932e-04;2.8250000e+02;9.3199220e-03;2.8250000e+02;2.4570860e-02;2.8250000e+02;4.4591684e-02;2.8250000e+02;6.8239838e-02;2.8250000e+02;9.2684492e-02;2.8250000e+02;1.2360279e-01;2.8250000e+02;1.6112600e-01;2.8250000e+02;2.0488822e-01;2.8250000e+02;2.4466406e-01;2.8250000e+02;2.6224777e-01;2.8250000e+02;2.5891364e-01;2.8250000e+02;2.3286536e-01;2.8250000e+02;1.9819802e-01;2.8250000e+02;1.5799905e-01;2.8250000e+02;1.1471775e-01;2.8250000e+02;7.5406805e-02;2.8250000e+02;3.7877709e-02;2.8250000e+02;-4.2423932e-04;2.8250000e+02;9.3199220e-03;2.8250000e+02;2.4570860e-02;2.8250000e+02;4.4591684e-02;2.8250000e+02;6.8239838e-02;2.8250000e+02;9.2684492e-02;2.8250000e+02;1.2360279e-01;2.8250000e+02;1.6112600e-01;2.8250000e+02;2.0488822e-01;2.8250000e+02;2.4466406e-01;2.8250000e+02;2.6224777e-01;2.8250000e+02;2.5891364e-01;2.8250000e+02;2.3286536e-01;2.8250000e+02;1.9819802e-01;2.8250000e+02;1.5799905e-01;2.8250000e+02;1.1471775e-01;2.8250000e+02;7.5406805e-02;2.8250000e+02;3.7877709e-02;2.8250000e+02;-4.2423932e-04;2.8250000e+02;9.3199220e-03;2.8250000e+02;2.4570860e-02;2.8250000e+02;4.4591684e-02;2.8250000e+02;6.8239838e-02;2.8250000e+02;9.2684492e-02;2.8250000e+02;1.2360279e-01;2.8250000e+02;1.6112600e-01;2.8250000e+02;2.0488822e-01;2.8250000e+02;2.4466406e-01;2.8250000e+02;2.6224777e-01;2.8250000e+02;2.5891364e-01;2.8250000e+02;2.3286536e-01;2.8250000e+02;1.9819802e-01;2.8250000e+02;1.5799905e-01;2.8250000e+02;1.1471775e-01;2.8250000e+02;7.5406805e-02;2.8250000e+02;3.7877709e-02;2.8250000e+02;-4.2423932e-04;2.8250000e+02;9.3199220e-03;2.8250000e+02;2.4570860e-02;2.8250000e+02;4.4591684e-02;2.8250000e+02;6.8239838e-02;2.8250000e+02;9.2684492e-02;2.8250000e+02;1.2360279e-01;2.8250000e+02;1.6112600e-01;2.8250000e+02;2.0488822e-01;2.8250000e+02;2.4466406e-01;2.8250000e+02;2.6224777e-01;2.8250000e+02;2.5891364e-01;2.8250000e+02;2.3286536e-01;2.8250000e+02;1.9819802e-01;2.8250000e+02;1.5799905e-01;2.8250000e+02;1.1471775e-01;2.8250000e+02;7.5406805e-02;2.8250000e+02;3.7877709e-02;2.8250000e+02;-4.2423932e-04;2.8250000e+02;9.3199220e-03;2.8250000e+02;2.4570860e-02;2.8250000e+02;4.4591684e-02;2.8250000e+02;6.8239838e-02;2.8250000e+02;9.2684492e-02;2.8250000e+02;1.2360279e-01;2.8250000e+02;1.6112600e-01;2.8250000e+02;2.0488822e-01;2.8250000e+02;2.4466406e-01;2.8250000e+02;2.6224777e-01;2.8250000e+02;2.5891364e-01;2.8250000e+02;2.3286536e-01;2.8250000e+02;1.9819802e-01;2.8250000e+02;1.5799905e-01;2.8250000e+02;1.1471775e-01;2.8250000e+02;7.5406805e-02;2.8250000e+02;3.7877709e-02;2.8250000e+02;-4.2423932e-04;2.8250000e+02;9.3199220e-03;2.8250000e+02;2.4570860e-02;2.8250000e+02;4.4591684e-02;2.8250000e+02;6.8239838e-02;2.8250000e+02;9.2684492e-02;2.8250000e+02;1.2360279e-01;2.8250000e+02;1.6112600e-01;2.8250000e+02;2.0488822e-01;2.8250000e+02;2.4466406e-01;2.8250000e+02;2.6224777e-01;2.8250000e+02;2.5891364e-01;2.8250000e+02;2.3286536e-01;2.8250000e+02;1.9819802e-01;2.8250000e+02;1.5799905e-01;2.8250000e+02;1.1471775e-01;2.8250000e+02;7.5406805e-02;2.8250000e+02;3.7877709e-02;2.8250000e+02;-4.2423932e-04;2.8250000e+02;9.3199220e-03;2.8250000e+02;2.4570860e-02;2.8250000e+02;4.4591684e-02;2.8250000e+02;6.8239838e-02;2.8250000e+02;9.2684492e-02;2.8250000e+02;1.2360279e-01;2.8250000e+02;1.6112600e-01;2.8250000e+02;2.0488822e-01;2.8250000e+02;2.4466406e-01;2.8250000e+02;2.6224777e-01;2.8250000e+02;2.5891364e-01;2.8250000e+02;2.3286536e-01;2.8250000e+02;1.9819802e-01;2.8250000e+02;1.5799905e-01;2.8250000e+02;1.1471775e-01;2.8250000e+02;7.5406805e-02;2.8250000e+02;3.7877709e-02;2.8250000e+02;-4.2423932e-04;2.8250000e+02;9.3199220e-03;2.8250000e+02;2.4570860e-02;2.8250000e+02;4.4591684e-02;2.8250000e+02;6.8239838e-02;2.8250000e+02;9.2684492e-02;2.8250000e+02;1.2360279e-01;2.8250000e+02;1.6112600e-01;2.8250000e+02;2.0488822e-01;2.8250000e+02;2.4466406e-01;2.8250000e+02;2.6224777e-01;2.8250000e+02;2.5891364e-01;2.8250000e+02;2.3286536e-01;2.8250000e+02;1.9819802e-01;2.8250000e+02;1.5799905e-01;2.8250000e+02;1.1471775e-01;2.8250000e+02;7.5406805e-02;2.8250000e+02;3.7877709e-02;2.8250000e+02;-4.2423932e-04;2.8250000e+02;9.3199220e-03;2.8250000e+02;2.4570860e-02;2.8250000e+02;4.4591684e-02;2.8250000e+02;6.8239838e-02;2.8250000e+02;9.2684492e-02;2.8250000e+02;1.2360279e-01;2.8250000e+02;1.6112600e-01;2.8250000e+02;2.0488822e-01;2.8250000e+02;2.4466406e-01;2.8250000e+02;2.6224777e-01;2.8250000e+02;2.5891364e-01;2.8250000e+02;2.3286536e-01;2.8250000e+02;1.9819802e-01;2.8250000e+02;1.5799905e-01;2.8250000e+02;1.1471775e-01;2.8250000e+02;7.5406805e-02;2.8250000e+02;3.7877709e-02;2.8250000e+02;-4.2423932e-04;2.8250000e+02;9.3199220e-03;2.8250000e+02;2.4570860e-02;2.8250000e+02;4.4591684e-02;2.8250000e+02;6.8239838e-02;2.8250000e+02;9.2684492e-02;2.8250000e+02;1.2360279e-01;2.8250000e+02;1.6112600e-01;2.8250000e+02;2.0488822e-01;2.8250000e+02;2.4466406e-01;2.8250000e+02;2.6224777e-01;2.8250000e+02;2.5891364e-01;2.8250000e+02;2.3286536e-01;2.8250000e+02;1.9819802e-01;2.8250000e+02;1.5799905e-01;2.8250000e+02;1.1471775e-01;2.8250000e+02;7.5406805e-02;2.8250000e+02;3.7877709e-02;2.8250000e+02;-4.2423932e-04;2.8250000e+02;9.3199220e-03;2.8250000e+02;2.4570860e-02;2.8250000e+02;4.4591684e-02;2.8250000e+02;6.8239838e-02;2.8250000e+02;9.2684492e-02;2.8250000e+02;1.2360279e-01;2.8250000e+02;1.6112600e-01;2.8250000e+02;2.0488822e-01;2.8250000e+02;2.4466406e-01;2.8250000e+02;2.6224777e-01;2.8250000e+02;2.5891364e-01;2.8250000e+02;2.3286536e-01;2.8250000e+02;1.9819802e-01;2.8250000e+02;1.5799905e-01;2.8250000e+02;1.1471775e-01;2.8250000e+02;7.5406805e-02;2.8250000e+02;3.7877709e-02;2.8250000e+02;-4.2423932e-04;2.8250000e+02;9.3199220e-03;2.8250000e+02;2.4570860e-02;2.8250000e+02;4.4591684e-02;2.8250000e+02;6.8239838e-02;2.8250000e+02;9.2684492e-02;2.8250000e+02;1.2360279e-01;2.8250000e+02;1.6112600e-01;2.8250000e+02;2.0488822e-01;2.8250000e+02;2.4466406e-01;2.8250000e+02;2.6224777e-01;2.8250000e+02;2.5891364e-01;2.8250000e+02;2.3286536e-01;2.8250000e+02;1.9819802e-01;2.8250000e+02;1.5799905e-01;2.8250000e+02;1.1471775e-01;2.8250000e+02;7.5406805e-02;2.8250000e+02;3.7877709e-02;2.8250000e+02;-4.2423932e-04;2.8250000e+02;9.3199220e-03;2.8250000e+02;2.4570860e-02;2.8250000e+02;4.4591684e-02;2.8250000e+02;6.8239838e-02;2.8250000e+02;9.2684492e-02;2.8250000e+02;1.2360279e-01;2.8250000e+02;1.6112600e-01;2.8250000e+02;2.0488822e-01;2.8250000e+02;2.4466406e-01;2.8250000e+02;2.6224777e-01;2.8250000e+02;2.5891364e-01;2.8250000e+02;2.3286536e-01;2.8250000e+02;1.9819802e-01;2.8250000e+02;1.5799905e-01;2.8250000e+02;1.1471775e-01;2.8250000e+02;7.5406805e-02;2.8250000e+02;3.7877709e-02;2.8250000e+02;-4.2423932e-04;2.8250000e+02;9.3199220e-03;2.8250000e+02;2.4570860e-02;2.8250000e+02;4.4591684e-02;2.8250000e+02;6.8239838e-02;2.8250000e+02;9.2684492e-02;2.8250000e+02;1.2360279e-01;2.8250000e+02;1.6112600e-01;2.8250000e+02;2.0488822e-01;2.8250000e+02;2.4466406e-01;2.8250000e+02;2.6224777e-01;2.8250000e+02;2.5891364e-01;2.8250000e+02;2.3286536e-01;2.8250000e+02;1.9819802e-01;2.8250000e+02;1.5799905e-01;2.8250000e+02;1.1471775e-01;2.8250000e+02;7.5406805e-02;2.8250000e+02;3.7877709e-02;2.8250000e+02;-4.2423932e-04;2.8250000e+02;9.3199220e-03;2.8250000e+02;2.4570860e-02;2.8250000e+02;4.4591684e-02;2.8250000e+02;6.8239838e-02;2.8250000e+02;9.2684492e-02;2.8250000e+02;1.2360279e-01;2.8250000e+02;1.6112600e-01;2.8250000e+02;2.0488822e-01;2.8250000e+02;2.4466406e-01;2.8250000e+02;2.6224777e-01;2.8250000e+02;2.5891364e-01;2.8250000e+02;2.3286536e-01;2.8250000e+02;1.9819802e-01;2.8250000e+02;1.5799905e-01;2.8250000e+02;1.1471775e-01;2.8250000e+02;7.5406805e-02;2.8250000e+02;3.7877709e-02;2.8250000e+02;-4.2423932e-04;2.8250000e+02;9.3199220e-03;2.8250000e+02;2.4570860e-02;2.8250000e+02;4.4591684e-02;2.8250000e+02;6.8239838e-02;2.8250000e+02;9.2684492e-02;2.8250000e+02;1.2360279e-01;2.8250000e+02;1.6112600e-01;2.8250000e+02;2.0488822e-01;2.8250000e+02;2.4466406e-01;2.8250000e+02;2.6224777e-01;2.8250000e+02;2.5891364e-01;2.8250000e+02;2.3286536e-01;2.8250000e+02;1.9819802e-01;2.8250000e+02;1.5799905e-01;2.8250000e+02;1.1471775e-01;2.8250000e+02;7.5406805e-02;2.8250000e+02;3.7877709e-02;2.8250000e+02;-4.2423932e-04;2.8250000e+02;9.3199220e-03;2.8250000e+02;2.4570860e-02;2.8250000e+02;4.4591684e-02;2.8250000e+02;6.8239838e-02;2.8250000e+02;9.2684492e-02;2.8250000e+02;1.2360279e-01;2.8250000e+02;1.6112600e-01;2.8250000e+02;2.0488822e-01;2.8250000e+02;2.4466406e-01;2.8250000e+02;2.6224777e-01;2.8250000e+02;2.5891364e-01;2.8250000e+02;2.3286536e-01;2.8250000e+02;1.9819802e-01;2.8250000e+02;1.5799905e-01;2.8250000e+02;1.1471775e-01;2.8250000e+02;7.5406805e-02;2.8250000e+02;3.7877709e-02;2.8250000e+02;-4.2423932e-04;2.8250000e+02;9.3199220e-03;2.8250000e+02;2.4570860e-02;2.8250000e+02;4.4591684e-02;2.8250000e+02;6.8239838e-02;2.8250000e+02;9.2684492e-02;2.8250000e+02;1.2360279e-01;2.8250000e+02;1.6112600e-01;2.8250000e+02;2.0488822e-01;2.8250000e+02;2.4466406e-01;2.8250000e+02;2.6224777e-01;2.8250000e+02;2.5891364e-01;2.8250000e+02;2.3286536e-01;2.8250000e+02;1.9819802e-01;2.8250000e+02;1.5799905e-01;2.8250000e+02;1.1471775e-01;2.8250000e+02;7.5406805e-02;2.8250000e+02;3.7877709e-02;2.8250000e+02;-4.2423932e-04;2.8250000e+02;9.3199220e-03;2.8250000e+02;2.4570860e-02;2.8250000e+02;4.4591684e-02;2.8250000e+02;6.8239838e-02;2.8250000e+02;9.2684492e-02;2.8250000e+02;1.2360279e-01;2.8250000e+02;1.6112600e-01;2.8250000e+02;2.0488822e-01;2.8250000e+02;2.4466406e-01;2.8250000e+02;2.6224777e-01;2.8250000e+02;2.5891364e-01;2.8250000e+02;2.3286536e-01;2.8250000e+02;1.9819802e-01;2.8250000e+02;1.5799905e-01;2.8250000e+02;1.1471775e-01;2.8250000e+02;7.5406805e-02;2.8250000e+02;3.7877709e-02;2.8250000e+02;-4.2423932e-04;2.8250000e+02;9.3199220e-03;2.8250000e+02;2.4570860e-02;2.8250000e+02;4.4591684e-02;2.8250000e+02;6.8239838e-02;2.8250000e+02;9.2684492e-02;2.8250000e+02;1.2360279e-01;2.8250000e+02;1.6112600e-01;2.8250000e+02;2.0488822e-01;2.8250000e+02;2.4466406e-01;2.8250000e+02;2.6224777e-01;2.8250000e+02;2.5891364e-01;2.8250000e+02;2.3286536e-01;2.8250000e+02;1.9819802e-01;2.8250000e+02;1.5799905e-01;2.8250000e+02;1.1471775e-01;2.8250000e+02;7.5406805e-02;2.8250000e+02;3.7877709e-02;2.8250000e+02;-4.2423932e-04;2.8250000e+02;9.3199220e-03;2.8250000e+02;2.4570860e-02;2.8250000e+02;4.4591684e-02;2.8250000e+02;6.8239838e-02;2.8250000e+02;9.2684492e-02;2.8250000e+02;1.2360279e-01;2.8250000e+02;1.6112600e-01;2.8250000e+02;2.0488822e-01;2.8250000e+02;2.4466406e-01;2.8250000e+02;2.6224777e-01;2.8250000e+02;2.5891364e-01;2.8250000e+02;2.3286536e-01;2.8250000e+02;1.9819802e-01;2.8250000e+02;1.5799905e-01;2.8250000e+02;1.1471775e-01;2.8250000e+02;7.5406805e-02;2.8250000e+02;3.7877709e-02;2.8250000e+02;-4.2423932e-04;2.8250000e+02;9.3199220e-03;2.8250000e+02;2.4570860e-02;2.8250000e+02;4.4591684e-02;2.8250000e+02;6.8239838e-02;2.8250000e+02;9.2684492e-02;2.8250000e+02;1.2360279e-01;2.8250000e+02;1.6112600e-01;2.8250000e+02;2.0488822e-01;2.8250000e+02;2.4466406e-01;2.8250000e+02;2.6224777e-01;2.8250000e+02;2.5891364e-01;2.8250000e+02;2.3286536e-01;2.8250000e+02;1.9819802e-01;2.8250000e+02;1.5799905e-01;2.8250000e+02;1.1471775e-01;2.8250000e+02;7.5406805e-02;2.8250000e+02;3.7877709e-02;2.8250000e+02;-4.2423932e-04;2.8250000e+02;9.3199220e-03;2.8250000e+02;2.4570860e-02;2.8250000e+02;4.4591684e-02;2.8250000e+02;6.8239838e-02;2.8250000e+02;9.2684492e-02;2.8250000e+02;1.2360279e-01;2.8250000e+02;1.6112600e-01;2.8250000e+02;2.0488822e-01;2.8250000e+02;2.4466406e-01;2.8250000e+02;2.6224777e-01;2.8250000e+02;2.5891364e-01;2.8250000e+02;2.3286536e-01;2.8250000e+02;1.9819802e-01;2.8250000e+02;1.5799905e-01;2.8250000e+02;1.1471775e-01;2.8250000e+02;7.5406805e-02;2.8250000e+02;3.7877709e-02;2.8250000e+02;-4.2423932e-04;2.8250000e+02;9.3199220e-03;2.8250000e+02;2.4570860e-02;2.8250000e+02;4.4591684e-02;2.8250000e+02;6.8239838e-02;2.8250000e+02;9.2684492e-02;2.8250000e+02;1.2360279e-01;2.8250000e+02;1.6112600e-01;2.8250000e+02;2.0488822e-01;2.8250000e+02;2.4466406e-01;2.8250000e+02;2.6224777e-01;2.8250000e+02;2.5891364e-01;2.8250000e+02;2.3286536e-01;2.8250000e+02;1.9819802e-01;2.8250000e+02;1.5799905e-01;2.8250000e+02;1.1471775e-01;2.8250000e+02;7.5406805e-02;2.8250000e+02;3.7877709e-02;2.8250000e+02;-4.2423932e-04;2.8250000e+02;9.3199220e-03;2.8250000e+02;2.4570860e-02;2.8250000e+02;4.4591684e-02;2.8250000e+02;6.8239838e-02;2.8250000e+02;9.2684492e-02;2.8250000e+02;1.2360279e-01;2.8250000e+02;1.6112600e-01;2.8250000e+02;2.0488822e-01;2.8250000e+02;2.4466406e-01;2.8250000e+02;2.6224777e-01;2.8250000e+02;2.5891364e-01;2.8250000e+02;2.3286536e-01;2.8250000e+02;1.9819802e-01;2.8250000e+02;1.5799905e-01;2.8250000e+02;1.1471775e-01;2.8250000e+02;7.5406805e-02;2.8250000e+02;3.7877709e-02;2.8250000e+02;-4.2423932e-04;2.8250000e+02;9.3199220e-03;2.8250000e+02;2.4570860e-02;2.8250000e+02;4.4591684e-02;2.8250000e+02;6.8239838e-02;2.8250000e+02;9.2684492e-02;2.8250000e+02;1.2360279e-01;2.8250000e+02;1.6112600e-01;2.8250000e+02;2.0488822e-01;2.8250000e+02;2.4466406e-01;2.8250000e+02;2.6224777e-01;2.8250000e+02;2.5891364e-01;2.8250000e+02;2.3286536e-01;2.8250000e+02;1.9819802e-01;2.8250000e+02;1.5799905e-01;2.8250000e+02;1.1471775e-01;2.8250000e+02;7.5406805e-02;2.8250000e+02;3.7877709e-02;2.8250000e+02;-4.2423932e-04;2.8250000e+02;9.3199220e-03;2.8250000e+02;2.4570860e-02;2.8250000e+02;4.4591684e-02;2.8250000e+02;6.8239838e-02;2.8250000e+02;9.2684492e-02;2.8250000e+02;1.2360279e-01;2.8250000e+02;1.6112600e-01;2.8250000e+02;2.0488822e-01;2.8250000e+02;2.4466406e-01;2.8250000e+02;2.6224777e-01;2.8250000e+02;2.5891364e-01;2.8250000e+02;2.3286536e-01;2.8250000e+02;1.9819802e-01;2.8250000e+02;1.5799905e-01;2.8250000e+02;1.1471775e-01;2.8250000e+02;7.5406805e-02;2.8250000e+02;3.7877709e-02;2.8250000e+02;-4.2423932e-04;2.8250000e+02;9.3199220e-03;2.8250000e+02;2.4570860e-02;2.8250000e+02;4.4591684e-02;2.8250000e+02;6.8239838e-02;2.8250000e+02;9.2684492e-02;2.8250000e+02;1.2360279e-01;2.8250000e+02;1.6112600e-01;2.8250000e+02;2.0488822e-01;2.8250000e+02;2.4466406e-01;2.8250000e+02;2.6224777e-01;2.8250000e+02;2.5891364e-01;2.8250000e+02;2.3286536e-01;2.8250000e+02;1.9819802e-01;2.8250000e+02;1.5799905e-01;2.8250000e+02;1.1471775e-01;2.8250000e+02;7.5406805e-02;2.8250000e+02;3.7877709e-02;2.8250000e+02;-4.2423932e-04;2.8250000e+02;9.3199220e-03;2.8250000e+02;2.4570860e-02;2.8250000e+02;4.4591684e-02;2.8250000e+02;6.8239838e-02;2.8250000e+02;9.2684492e-02;2.8250000e+02;1.2360279e-01;2.8250000e+02;1.6112600e-01;2.8250000e+02;2.0488822e-01;2.8250000e+02;2.4466406e-01;2.8250000e+02;2.6224777e-01;2.8250000e+02;2.5891364e-01;2.8250000e+02;2.3286536e-01;2.8250000e+02;1.9819802e-01;2.8250000e+02;1.5799905e-01;2.8250000e+02;1.1471775e-01;2.8250000e+02;7.5406805e-02;2.8250000e+02;3.7877709e-02;2.8250000e+02;-4.2423932e-04;2.8250000e+02;9.3199220e-03;2.8250000e+02;2.4570860e-02;2.8250000e+02;4.4591684e-02;2.8250000e+02;6.8239838e-02;2.8250000e+02;9.2684492e-02;2.8250000e+02;1.2360279e-01;2.8250000e+02;1.6112600e-01;2.8250000e+02;2.0488822e-01;2.8250000e+02;2.4466406e-01;2.8250000e+02;2.6224777e-01;2.8250000e+02;2.5891364e-01;2.8250000e+02;2.3286536e-01;2.8250000e+02;1.9819802e-01;2.8250000e+02;1.5799905e-01;2.8250000e+02;1.1471775e-01;2.8250000e+02;7.5406805e-02;2.8250000e+02;3.7877709e-02;2.8250000e+02;-4.2423932e-04;2.8250000e+02;9.3199220e-03;2.8250000e+02;2.4570860e-02;2.8250000e+02;4.4591684e-02;2.8250000e+02;6.8239838e-02;2.8250000e+02;9.2684492e-02;2.8250000e+02;1.2360279e-01;2.8250000e+02;1.6112600e-01;2.8250000e+02;2.0488822e-01;2.8250000e+02;2.4466406e-01;2.8250000e+02;2.6224777e-01;2.8250000e+02;2.5891364e-01;2.8250000e+02;2.3286536e-01;2.8250000e+02;1.9819802e-01;2.8250000e+02;1.5799905e-01;2.8250000e+02;1.1471775e-01;2.8250000e+02;7.5406805e-02;2.8250000e+02;3.7877709e-02;2.8250000e+02;-4.2423932e-04;2.8250000e+02;9.3199220e-03;2.8250000e+02;2.4570860e-02;2.8250000e+02;4.4591684e-02;2.8250000e+02;6.8239838e-02;2.8250000e+02;9.2684492e-02;2.8250000e+02;1.2360279e-01;2.8250000e+02;1.6112600e-01;2.8250000e+02;2.0488822e-01;2.8250000e+02;2.4466406e-01;2.8250000e+02;2.6224777e-01;2.8250000e+02;2.5891364e-01;2.8250000e+02;2.3286536e-01;2.8250000e+02;1.9819802e-01;2.8250000e+02;1.5799905e-01;2.8250000e+02;1.1471775e-01;2.8250000e+02;7.5406805e-02;2.8250000e+02;3.7877709e-02;2.8250000e+02;-4.2423932e-04;2.8250000e+02;9.3199220e-03;2.8250000e+02;2.4570860e-02;2.8250000e+02;4.4591684e-02;2.8250000e+02;6.8239838e-02;2.8250000e+02;9.2684492e-02;2.8250000e+02;1.2360279e-01;2.8250000e+02;1.6112600e-01;2.8250000e+02;2.0488822e-01;2.8250000e+02;2.4466406e-01;2.8250000e+02;2.6224777e-01;2.8250000e+02;2.5891364e-01;2.8250000e+02;2.3286536e-01;2.8250000e+02;1.9819802e-01;2.8250000e+02;1.5799905e-01;2.8250000e+02;1.1471775e-01;2.8250000e+02;7.5406805e-02;2.8250000e+02;3.7877709e-02;2.8250000e+02;-4.2423932e-04;2.8250000e+02;9.3199220e-03;2.8250000e+02;2.4570860e-02;2.8250000e+02;4.4591684e-02;2.8250000e+02;6.8239838e-02;2.8250000e+02;9.2684492e-02;2.8250000e+02;1.2360279e-01;2.8250000e+02;1.6112600e-01;2.8250000e+02;2.0488822e-01;2.8250000e+02;2.4466406e-01;2.8250000e+02;2.6224777e-01;2.8250000e+02;2.5891364e-01;2.8250000e+02;2.3286536e-01;2.8250000e+02;1.9819802e-01;2.8250000e+02;1.5799905e-01;2.8250000e+02;1.1471775e-01;2.8250000e+02;7.5406805e-02;2.8250000e+02;3.7877709e-02;2.8250000e+02;-4.2423932e-04;2.8250000e+02;9.3199220e-03;2.8250000e+02;2.4570860e-02;2.8250000e+02;4.4591684e-02;2.8250000e+02;6.8239838e-02;2.8250000e+02;9.2684492e-02;2.8250000e+02;1.2360279e-01;2.8250000e+02;1.6112600e-01;2.8250000e+02;2.0488822e-01;2.8250000e+02;2.4466406e-01;2.8250000e+02;2.6224777e-01;2.8250000e+02;2.5891364e-01;2.8250000e+02;2.3286536e-01;2.8250000e+02;1.9819802e-01;2.8250000e+02;1.5799905e-01;2.8250000e+02;1.1471775e-01;2.8250000e+02;7.5406805e-02;2.8250000e+02;3.7877709e-02;2.8250000e+02;-4.2423932e-04;2.8250000e+02;9.3199220e-03;2.8250000e+02;2.4570860e-02;2.8250000e+02;4.4591684e-02;2.8250000e+02;6.8239838e-02;2.8250000e+02;9.2684492e-02;2.8250000e+02;1.2360279e-01;2.8250000e+02;1.6112600e-01;2.8250000e+02;2.0488822e-01;2.8250000e+02;2.4466406e-01;2.8250000e+02;2.6224777e-01;2.8250000e+02;2.5891364e-01;2.8250000e+02;2.3286536e-01;2.8250000e+02;1.9819802e-01;2.8250000e+02;1.5799905e-01;2.8250000e+02;1.1471775e-01;2.8250000e+02;7.5406805e-02;2.8250000e+02;3.7877709e-02;2.8250000e+02;-4.2423932e-04;2.8250000e+02;9.3199220e-03;2.8250000e+02;2.4570860e-02;2.8250000e+02;4.4591684e-02;2.8250000e+02;6.8239838e-02;2.8250000e+02;9.2684492e-02;2.8250000e+02;1.2360279e-01;2.8250000e+02;1.6112600e-01;2.8250000e+02;2.0488822e-01;2.8250000e+02;2.4466406e-01;2.8250000e+02;2.6224777e-01;2.8250000e+02;2.5891364e-01;2.8250000e+02;2.3286536e-01;2.8250000e+02;1.9819802e-01;2.8250000e+02;1.5799905e-01;2.8250000e+02;1.1471775e-01;2.8250000e+02;7.5406805e-02;2.8250000e+02;3.7877709e-02;2.8250000e+02;-4.2423932e-04;2.8250000e+02;9.3199220e-03;2.8250000e+02;2.4570860e-02;2.8250000e+02;4.4591684e-02;2.8250000e+02;6.8239838e-02;2.8250000e+02;9.2684492e-02;2.8250000e+02;1.2360279e-01;2.8250000e+02;1.6112600e-01;2.8250000e+02;2.0488822e-01;2.8250000e+02;2.4466406e-01;2.8250000e+02;2.6224777e-01;2.8250000e+02;2.5891364e-01;2.8250000e+02;2.3286536e-01;2.8250000e+02;1.9819802e-01;2.8250000e+02;1.5799905e-01;2.8250000e+02;1.1471775e-01;2.8250000e+02;7.5406805e-02;2.8250000e+02;3.7877709e-02;2.8250000e+02;-4.2423932e-04;2.8250000e+02;9.3199220e-03;2.8250000e+02;2.4570860e-02;2.8250000e+02;4.4591684e-02;2.8250000e+02;6.8239838e-02;2.8250000e+02;9.2684492e-02;2.8250000e+02;1.2360279e-01;2.8250000e+02;1.6112600e-01;2.8250000e+02;2.0488822e-01;2.8250000e+02;2.4466406e-01;2.8250000e+02;2.6224777e-01;2.8250000e+02;2.5891364e-01;2.8250000e+02;2.3286536e-01;2.8250000e+02;1.9819802e-01;2.8250000e+02;1.5799905e-01;2.8250000e+02;1.1471775e-01;2.8250000e+02;7.5406805e-02;2.8250000e+02;3.7877709e-02;2.8250000e+02;-4.2423932e-04;2.8250000e+02;9.3199220e-03;2.8250000e+02;2.4570860e-02;2.8250000e+02;4.4591684e-02;2.8250000e+02;6.8239838e-02;2.8250000e+02;9.2684492e-02;2.8250000e+02;1.2360279e-01;2.8250000e+02;1.6112600e-01;2.8250000e+02;2.0488822e-01;2.8250000e+02;2.4466406e-01;2.8250000e+02;2.6224777e-01;2.8250000e+02;2.5891364e-01;2.8250000e+02;2.3286536e-01;2.8250000e+02;1.9819802e-01;2.8250000e+02;1.5799905e-01;2.8250000e+02;1.1471775e-01;2.8250000e+02;7.5406805e-02;2.8250000e+02;3.7877709e-02;2.8250000e+02;-4.2423932e-04;2.8250000e+02;9.3199220e-03;2.8250000e+02;2.4570860e-02;2.8250000e+02;4.4591684e-02;2.8250000e+02;6.8239838e-02;2.8250000e+02;9.2684492e-02;2.8250000e+02;1.2360279e-01;2.8250000e+02;1.6112600e-01;2.8250000e+02;2.0488822e-01;2.8250000e+02;2.4466406e-01;2.8250000e+02;2.6224777e-01;2.8250000e+02;2.5891364e-01;2.8250000e+02;2.3286536e-01;2.8250000e+02;1.9819802e-01;2.8250000e+02;1.5799905e-01;2.8250000e+02;1.1471775e-01;2.8250000e+02;7.5406805e-02;2.8250000e+02;3.7877709e-02;2.8250000e+02;-4.2423932e-04;2.8250000e+02;9.3199220e-03;2.8250000e+02;2.4570860e-02;2.8250000e+02;4.4591684e-02;2.8250000e+02;6.8239838e-02;2.8250000e+02;9.2684492e-02;2.8250000e+02;1.2360279e-01;2.8250000e+02;1.6112600e-01;2.8250000e+02;2.0488822e-01;2.8250000e+02;2.4466406e-01;2.8250000e+02;2.6224777e-01;2.8250000e+02;2.5891364e-01;2.8250000e+02;2.3286536e-01;2.8250000e+02;1.9819802e-01;2.8250000e+02;1.5799905e-01;2.8250000e+02;1.1471775e-01;2.8250000e+02;7.5406805e-02;2.8250000e+02;3.7877709e-02;2.8250000e+02;-4.2423932e-04;2.8250000e+02;9.3199220e-03;2.8250000e+02;2.4570860e-02;2.8250000e+02;4.4591684e-02;2.8250000e+02;6.8239838e-02;2.8250000e+02;9.2684492e-02;2.8250000e+02;1.2360279e-01;2.8250000e+02;1.6112600e-01;2.8250000e+02;2.0488822e-01;2.8250000e+02;2.4466406e-01;2.8250000e+02;2.6224777e-01;2.8250000e+02;2.5891364e-01;2.8250000e+02;2.3286536e-01;2.8250000e+02;1.9819802e-01;2.8250000e+02;1.5799905e-01;2.8250000e+02;1.1471775e-01;2.8250000e+02;7.5406805e-02;2.8250000e+02;3.7877709e-02;2.8250000e+02;-4.2423932e-04;2.8250000e+02;9.3199220e-03;2.8250000e+02;2.4570860e-02;2.8250000e+02;4.4591684e-02;2.8250000e+02;6.8239838e-02;2.8250000e+02;9.2684492e-02;2.8250000e+02;1.2360279e-01;2.8250000e+02;1.6112600e-01;2.8250000e+02;2.0488822e-01;2.8250000e+02;2.4466406e-01;2.8250000e+02;2.6224777e-01;2.8250000e+02;2.5891364e-01;2.8250000e+02;2.3286536e-01;2.8250000e+02;1.9819802e-01;2.8250000e+02;1.5799905e-01;2.8250000e+02;1.1471775e-01;2.8250000e+02;7.5406805e-02;2.8250000e+02;3.7877709e-02;2.8250000e+02;-4.2423932e-04;2.8250000e+02;9.3199220e-03;2.8250000e+02;2.4570860e-02;2.8250000e+02;4.4591684e-02;2.8250000e+02;6.8239838e-02;2.8250000e+02;9.2684492e-02;2.8250000e+02;1.2360279e-01;2.8250000e+02;1.6112600e-01;2.8250000e+02;2.0488822e-01;2.8250000e+02;2.4466406e-01;2.8250000e+02;2.6224777e-01;2.8250000e+02;2.5891364e-01;2.8250000e+02;2.3286536e-01;2.8250000e+02;1.9819802e-01;2.8250000e+02;1.5799905e-01;2.8250000e+02;1.1471775e-01;2.8250000e+02;7.5406805e-02;2.8250000e+02;3.7877709e-02;2.8250000e+02;-4.2423932e-04;2.8250000e+02;9.3199220e-03;2.8250000e+02;2.4570860e-02;2.8250000e+02;4.4591684e-02;2.8250000e+02;6.8239838e-02;2.8250000e+02;9.2684492e-02;2.8250000e+02;1.2360279e-01;2.8250000e+02;1.6112600e-01;2.8250000e+02;2.0488822e-01;2.8250000e+02;2.4466406e-01;2.8250000e+02;2.6224777e-01;2.8250000e+02;2.5891364e-01;2.8250000e+02;2.3286536e-01;2.8250000e+02;1.9819802e-01;2.8250000e+02;1.5799905e-01;2.8250000e+02;1.1471775e-01;2.8250000e+02;7.5406805e-02;2.8250000e+02;3.7877709e-02;2.8250000e+02;-4.2423932e-04;2.8250000e+02;9.3199220e-03;2.8250000e+02;2.4570860e-02;2.8250000e+02;4.4591684e-02;2.8250000e+02;6.8239838e-02;2.8250000e+02;9.2684492e-02;2.8250000e+02;1.2360279e-01;2.8250000e+02;1.6112600e-01;2.8250000e+02;2.0488822e-01;2.8250000e+02;2.4466406e-01;2.8250000e+02;2.6224777e-01;2.8250000e+02;2.5891364e-01;2.8250000e+02;2.3286536e-01;2.8250000e+02;1.9819802e-01;2.8250000e+02;1.5799905e-01;2.8250000e+02;1.1471775e-01;2.8250000e+02;7.5406805e-02;2.8250000e+02;3.7877709e-02;2.8250000e+02;-4.2423932e-04;2.8250000e+02;9.3199220e-03;2.8250000e+02;2.4570860e-02;2.8250000e+02;4.4591684e-02;2.8250000e+02;6.8239838e-02;2.8250000e+02;9.2684492e-02;2.8250000e+02;1.2360279e-01;2.8250000e+02;1.6112600e-01;2.8250000e+02;2.0488822e-01;2.8250000e+02;2.4466406e-01;2.8250000e+02;2.6224777e-01;2.8250000e+02;2.5891364e-01;2.8250000e+02;2.3286536e-01;2.8250000e+02;1.9819802e-01;2.8250000e+02;1.5799905e-01;2.8250000e+02;1.1471775e-01;2.8250000e+02;7.5406805e-02;2.8250000e+02;3.7877709e-02;2.8250000e+02;-4.2423932e-04;2.8250000e+02;9.3199220e-03;2.8250000e+02;2.4570860e-02;2.8250000e+02;4.4591684e-02;2.8250000e+02;6.8239838e-02;2.8250000e+02;9.2684492e-02;2.8250000e+02;1.2360279e-01;2.8250000e+02;1.6112600e-01;2.8250000e+02;2.0488822e-01;2.8250000e+02;2.4466406e-01;2.8250000e+02;2.6224777e-01;2.8250000e+02;2.5891364e-01;2.8250000e+02;2.3286536e-01;2.8250000e+02;1.9819802e-01;2.8250000e+02;1.5799905e-01;2.8250000e+02;1.1471775e-01;2.8250000e+02;7.5406805e-02;2.8250000e+02;3.7877709e-02;2.8250000e+02;-4.2423932e-04;2.8250000e+02;9.3199220e-03;2.8250000e+02;2.4570860e-02;2.8250000e+02;4.4591684e-02;2.8250000e+02;6.8239838e-02;2.8250000e+02;9.2684492e-02;2.8250000e+02;1.2360279e-01;2.8250000e+02;1.6112600e-01;2.8250000e+02;2.0488822e-01;2.8250000e+02;2.4466406e-01;2.8250000e+02;2.6224777e-01;2.8250000e+02;2.5891364e-01;2.8250000e+02;2.3286536e-01;2.8250000e+02;1.9819802e-01;2.8250000e+02;1.5799905e-01;2.8250000e+02;1.1471775e-01;2.8250000e+02;7.5406805e-02;2.8250000e+02;3.7877709e-02;2.8250000e+02;-4.2423932e-04;2.8250000e+02;9.3199220e-03;2.8250000e+02;2.4570860e-02;2.8250000e+02;4.4591684e-02;2.8250000e+02;6.8239838e-02;2.8250000e+02;9.2684492e-02;2.8250000e+02;1.2360279e-01;2.8250000e+02;1.6112600e-01;2.8250000e+02;2.0488822e-01;2.8250000e+02;2.4466406e-01;2.8250000e+02;2.6224777e-01;2.8250000e+02;2.5891364e-01;2.8250000e+02;2.3286536e-01;2.8250000e+02;1.9819802e-01;2.8250000e+02;1.5799905e-01;2.8250000e+02;1.1471775e-01;2.8250000e+02;7.5406805e-02;2.8250000e+02;3.7877709e-02;2.8250000e+02;-4.2423932e-04;2.8250000e+02;9.3199220e-03;2.8250000e+02;2.4570860e-02;2.8250000e+02;4.4591684e-02;2.8250000e+02;6.8239838e-02;2.8250000e+02;9.2684492e-02;2.8250000e+02;1.2360279e-01;2.8250000e+02;1.6112600e-01;2.8250000e+02;2.0488822e-01;2.8250000e+02;2.4466406e-01;2.8250000e+02;2.6224777e-01;2.8250000e+02;2.5891364e-01;2.8250000e+02;2.3286536e-01;2.8250000e+02;1.9819802e-01;2.8250000e+02;1.5799905e-01;2.8250000e+02;1.1471775e-01;2.8250000e+02;7.5406805e-02;2.8250000e+02;3.7877709e-02;2.8250000e+02;-4.2423932e-04;2.8250000e+02;9.3199220e-03;2.8250000e+02;2.4570860e-02;2.8250000e+02;4.4591684e-02;2.8250000e+02;6.8239838e-02;2.8250000e+02;9.2684492e-02;2.8250000e+02;1.2360279e-01;2.8250000e+02;1.6112600e-01;2.8250000e+02;2.0488822e-01;2.8250000e+02;2.4466406e-01;2.8250000e+02;2.6224777e-01;2.8250000e+02;2.5891364e-01;2.8250000e+02;2.3286536e-01;2.8250000e+02;1.9819802e-01;2.8250000e+02;1.5799905e-01;2.8250000e+02;1.1471775e-01;2.8250000e+02;7.5406805e-02;2.8250000e+02;3.7877709e-02;2.8250000e+02;-4.2423932e-04;2.8250000e+02;9.3199220e-03;2.8250000e+02;2.4570860e-02;2.8250000e+02;4.4591684e-02;2.8250000e+02;6.8239838e-02;2.8250000e+02;9.2684492e-02;2.8250000e+02;1.2360279e-01;2.8250000e+02;1.6112600e-01;2.8250000e+02;2.0488822e-01;2.8250000e+02;2.4466406e-01;2.8250000e+02;2.6224777e-01;2.8250000e+02;2.5891364e-01;2.8250000e+02;2.3286536e-01;2.8250000e+02;1.9819802e-01;2.8250000e+02;1.5799905e-01;2.8250000e+02;1.1471775e-01;2.8250000e+02;7.5406805e-02;2.8250000e+02;3.7877709e-02;2.8250000e+02;-4.2423932e-04;2.8250000e+02;9.3199220e-03;2.8250000e+02;2.4570860e-02;2.8250000e+02;4.4591684e-02;2.8250000e+02;6.8239838e-02;2.8250000e+02;9.2684492e-02;2.8250000e+02;1.2360279e-01;2.8250000e+02;1.6112600e-01;2.8250000e+02;2.0488822e-01;2.8250000e+02;2.4466406e-01;2.8250000e+02;2.6224777e-01;2.8250000e+02;2.5891364e-01;2.8250000e+02;2.3286536e-01;2.8250000e+02;1.9819802e-01;2.8250000e+02;1.5799905e-01;2.8250000e+02;1.1471775e-01;2.8250000e+02;7.5406805e-02;2.8250000e+02;3.7877709e-02;2.8250000e+02;-4.2423932e-04;2.8250000e+02;9.3199220e-03;2.8250000e+02;2.4570860e-02;2.8250000e+02;4.4591684e-02;2.8250000e+02;6.8239838e-02;2.8250000e+02;9.2684492e-02;2.8250000e+02;1.2360279e-01;2.8250000e+02;1.6112600e-01;2.8250000e+02;2.0488822e-01;2.8250000e+02;2.4466406e-01;2.8250000e+02;2.6224777e-01;2.8250000e+02;2.5891364e-01;2.8250000e+02;2.3286536e-01;2.8250000e+02;1.9819802e-01;2.8250000e+02;1.5799905e-01;2.8250000e+02;1.1471775e-01;2.8250000e+02;7.5406805e-02;2.8250000e+02;3.7877709e-02;2.8250000e+02;-4.2423932e-04;2.8250000e+02;9.3199220e-03;2.8250000e+02;2.4570860e-02;2.8250000e+02;4.4591684e-02;2.8250000e+02;6.8239838e-02;2.8250000e+02;9.2684492e-02;2.8250000e+02;1.2360279e-01;2.8250000e+02;1.6112600e-01;2.8250000e+02;2.0488822e-01;2.8250000e+02;2.4466406e-01;2.8250000e+02;2.6224777e-01;2.8250000e+02;2.5891364e-01;2.8250000e+02;2.3286536e-01;2.8250000e+02;1.9819802e-01;2.8250000e+02;1.5799905e-01;2.8250000e+02;1.1471775e-01;2.8250000e+02;7.5406805e-02;2.8250000e+02;3.7877709e-02;2.8250000e+02;-4.2423932e-04;2.8250000e+02;9.3199220e-03;2.8250000e+02;2.4570860e-02;2.8250000e+02;4.4591684e-02;2.8250000e+02;6.8239838e-02;2.8250000e+02;9.2684492e-02;2.8250000e+02;1.2360279e-01;2.8250000e+02;1.6112600e-01;2.8250000e+02;2.0488822e-01;2.8250000e+02;2.4466406e-01;2.8250000e+02;2.6224777e-01;2.8250000e+02;2.5891364e-01;2.8250000e+02;2.3286536e-01;2.8250000e+02;1.9819802e-01;2.8250000e+02;1.5799905e-01;2.8250000e+02;1.1471775e-01;2.8250000e+02;7.5406805e-02;2.8250000e+02;3.7877709e-02;2.8250000e+02;-4.2423932e-04;2.8250000e+02;9.3199220e-03;2.8250000e+02;2.4570860e-02;2.8250000e+02;4.4591684e-02;2.8250000e+02;6.8239838e-02;2.8250000e+02;9.2684492e-02;2.8250000e+02;1.2360279e-01;2.8250000e+02;1.6112600e-01;2.8250000e+02;2.0488822e-01;2.8250000e+02;2.4466406e-01;2.8250000e+02;2.6224777e-01;2.8250000e+02;2.5891364e-01;2.8250000e+02;2.3286536e-01;2.8250000e+02;1.9819802e-01;2.8250000e+02;1.5799905e-01;2.8250000e+02;1.1471775e-01;2.8250000e+02;7.5406805e-02;2.8250000e+02;3.7877709e-02;2.8250000e+02;-4.2423932e-04;2.8250000e+02;9.3199220e-03;2.8250000e+02;2.4570860e-02;2.8250000e+02;4.4591684e-02;2.8250000e+02;6.8239838e-02;2.8250000e+02;9.2684492e-02;2.8250000e+02;1.2360279e-01;2.8250000e+02;1.6112600e-01;2.8250000e+02;2.0488822e-01;2.8250000e+02;2.4466406e-01;2.8250000e+02;2.6224777e-01;2.8250000e+02;2.5891364e-01;2.8250000e+02;2.3286536e-01;2.8250000e+02;1.9819802e-01;2.8250000e+02;1.5799905e-01;2.8250000e+02;1.1471775e-01;2.8250000e+02;7.5406805e-02;2.8250000e+02;3.7877709e-02;2.8250000e+02;-4.2423932e-04;2.8250000e+02;9.3199220e-03;2.8250000e+02;2.4570860e-02;2.8250000e+02;4.4591684e-02;2.8250000e+02;6.8239838e-02;2.8250000e+02;9.2684492e-02;2.8250000e+02;1.2360279e-01;2.8250000e+02;1.6112600e-01;2.8250000e+02;2.0488822e-01;2.8250000e+02;2.4466406e-01;2.8250000e+02;2.6224777e-01;2.8250000e+02;2.5891364e-01;2.8250000e+02;2.3286536e-01;2.8250000e+02;1.9819802e-01;2.8250000e+02;1.5799905e-01;2.8250000e+02;1.1471775e-01;2.8250000e+02;7.5406805e-02;2.8250000e+02;3.7877709e-02;2.8250000e+02;-4.2423932e-04;2.8250000e+02;9.3199220e-03;2.8250000e+02;2.4570860e-02;2.8250000e+02;4.4591684e-02;2.8250000e+02;6.8239838e-02;2.8250000e+02;9.2684492e-02;2.8250000e+02;1.2360279e-01;2.8250000e+02;1.6112600e-01;2.8250000e+02;2.0488822e-01;2.8250000e+02;2.4466406e-01;2.8250000e+02;2.6224777e-01;2.8250000e+02;2.5891364e-01;2.8250000e+02;2.3286536e-01;2.8250000e+02;1.9819802e-01;2.8250000e+02;1.5799905e-01;2.8250000e+02;1.1471775e-01;2.8250000e+02;7.5406805e-02;2.8250000e+02;3.7877709e-02;2.8250000e+02;-4.2423932e-04;2.8250000e+02;9.3199220e-03;2.8250000e+02;2.4570860e-02;2.8250000e+02;4.4591684e-02;2.8250000e+02;6.8239838e-02;2.8250000e+02;9.2684492e-02;2.8250000e+02;1.2360279e-01;2.8250000e+02;1.6112600e-01;2.8250000e+02;2.0488822e-01;2.8250000e+02;2.4466406e-01;2.8250000e+02;2.6224777e-01;2.8250000e+02;2.5891364e-01;2.8250000e+02;2.3286536e-01;2.8250000e+02;1.9819802e-01;2.8250000e+02;1.5799905e-01;2.8250000e+02;1.1471775e-01;2.8250000e+02;7.5406805e-02;2.8250000e+02;3.7877709e-02;2.8250000e+02;-4.2423932e-04;2.8250000e+02;9.3199220e-03;2.8250000e+02;2.4570860e-02;2.8250000e+02;4.4591684e-02;2.8250000e+02;6.8239838e-02;2.8250000e+02;9.2684492e-02;2.8250000e+02;1.2360279e-01;2.8250000e+02;1.6112600e-01;2.8250000e+02;2.0488822e-01;2.8250000e+02;2.4466406e-01;2.8250000e+02;2.6224777e-01;2.8250000e+02;2.5891364e-01;2.8250000e+02;2.3286536e-01;2.8250000e+02;1.9819802e-01;2.8250000e+02;1.5799905e-01;2.8250000e+02;1.1471775e-01;2.8250000e+02;7.5406805e-02;2.8250000e+02;3.7877709e-02;2.8250000e+02;-4.2423932e-04;2.8250000e+02;9.3199220e-03;2.8250000e+02;2.4570860e-02;2.8250000e+02;4.4591684e-02;2.8250000e+02;6.8239838e-02;2.8250000e+02;9.2684492e-02;2.8250000e+02;1.2360279e-01;2.8250000e+02;1.6112600e-01;2.8250000e+02;2.0488822e-01;2.8250000e+02;2.4466406e-01;2.8250000e+02;2.6224777e-01;2.8250000e+02;2.5891364e-01;2.8250000e+02;2.3286536e-01;2.8250000e+02;1.9819802e-01;2.8250000e+02;1.5799905e-01;2.8250000e+02;1.1471775e-01;2.8250000e+02;7.5406805e-02;2.8250000e+02;3.7877709e-02;2.8250000e+02;-4.2423932e-04;2.8250000e+02;9.3199220e-03;2.8250000e+02;2.4570860e-02;2.8250000e+02;4.4591684e-02;2.8250000e+02;6.8239838e-02;2.8250000e+02;9.2684492e-02;2.8250000e+02;1.2360279e-01;2.8250000e+02;1.6112600e-01;2.8250000e+02;2.0488822e-01;2.8250000e+02;2.4466406e-01;2.8250000e+02;2.6224777e-01;2.8250000e+02;2.5891364e-01;2.8250000e+02;2.3286536e-01;2.8250000e+02;1.9819802e-01;2.8250000e+02;1.5799905e-01;2.8250000e+02;1.1471775e-01;2.8250000e+02;7.5406805e-02;2.8250000e+02;3.7877709e-02;2.8250000e+02;-4.2423932e-04;2.8250000e+02;9.3199220e-03;2.8250000e+02;2.4570860e-02;2.8250000e+02;4.4591684e-02;2.8250000e+02;6.8239838e-02;2.8250000e+02;9.2684492e-02;2.8250000e+02;1.2360279e-01;2.8250000e+02;1.6112600e-01;2.8250000e+02;2.0488822e-01;2.8250000e+02;2.4466406e-01;2.8250000e+02;2.6224777e-01;2.8250000e+02;2.5891364e-01;2.8250000e+02;2.3286536e-01;2.8250000e+02;1.9819802e-01;2.8250000e+02;1.5799905e-01;2.8250000e+02;1.1471775e-01;2.8250000e+02;7.5406805e-02;2.8250000e+02;3.7877709e-02;2.8250000e+02;-4.2423932e-04;2.8250000e+02;9.3199220e-03;2.8250000e+02;2.4570860e-02;2.8250000e+02;4.4591684e-02;2.8250000e+02;6.8239838e-02;2.8250000e+02;9.2684492e-02;2.8250000e+02;1.2360279e-01;2.8250000e+02;1.6112600e-01;2.8250000e+02;2.0488822e-01;2.8250000e+02;2.4466406e-01;2.8250000e+02;2.6224777e-01;2.8250000e+02;2.5891364e-01;2.8250000e+02;2.3286536e-01;2.8250000e+02;1.9819802e-01;2.8250000e+02;1.5799905e-01;2.8250000e+02;1.1471775e-01;2.8250000e+02;7.5406805e-02;2.8250000e+02;3.7877709e-02;2.8250000e+02;-4.2423932e-04;2.8250000e+02;9.3199220e-03;2.8250000e+02;2.4570860e-02;2.8250000e+02;4.4591684e-02;2.8250000e+02;6.8239838e-02;2.8250000e+02;9.2684492e-02;2.8250000e+02;1.2360279e-01;2.8250000e+02;1.6112600e-01;2.8250000e+02;2.0488822e-01;2.8250000e+02;2.4466406e-01;2.8250000e+02;2.6224777e-01;2.8250000e+02;2.5891364e-01;2.8250000e+02;2.3286536e-01;2.8250000e+02;1.9819802e-01;2.8250000e+02;1.5799905e-01;2.8250000e+02;1.1471775e-01;2.8250000e+02;7.5406805e-02;2.8250000e+02;3.7877709e-02;2.8250000e+02;-4.2423932e-04;2.8250000e+02;9.3199220e-03;2.8250000e+02;2.4570860e-02;2.8250000e+02;4.4591684e-02;2.8250000e+02;6.8239838e-02;2.8250000e+02;9.2684492e-02;2.8250000e+02;1.2360279e-01;2.8250000e+02;1.6112600e-01;2.8250000e+02;2.0488822e-01;2.8250000e+02;2.4466406e-01;2.8250000e+02;2.6224777e-01;2.8250000e+02;2.5891364e-01;2.8250000e+02;2.3286536e-01;2.8250000e+02;1.9819802e-01;2.8250000e+02;1.5799905e-01;2.8250000e+02;1.1471775e-01;2.8250000e+02;7.5406805e-02;2.8250000e+02;3.7877709e-02;2.8250000e+02;-4.2423932e-04;2.8250000e+02;9.3199220e-03;2.8250000e+02;2.4570860e-02;2.8250000e+02;4.4591684e-02;2.8250000e+02;6.8239838e-02;2.8250000e+02;9.2684492e-02;2.8250000e+02;1.2360279e-01;2.8250000e+02;1.6112600e-01;2.8250000e+02;2.0488822e-01;2.8250000e+02;2.4466406e-01;2.8250000e+02;2.6224777e-01;2.8250000e+02;2.5891364e-01;2.8250000e+02;2.3286536e-01;2.8250000e+02;1.9819802e-01;2.8250000e+02;1.5799905e-01;2.8250000e+02;1.1471775e-01;2.8250000e+02;7.5406805e-02;2.8250000e+02;3.7877709e-02;2.8250000e+02;-4.2423932e-04;2.8250000e+02;9.3199220e-03;2.8250000e+02;2.4570860e-02;2.8250000e+02;4.4591684e-02;2.8250000e+02;6.8239838e-02;2.8250000e+02;9.2684492e-02;2.8250000e+02;1.2360279e-01;2.8250000e+02;1.6112600e-01;2.8250000e+02;2.0488822e-01;2.8250000e+02;2.4466406e-01;2.8250000e+02;2.6224777e-01;2.8250000e+02;2.5891364e-01;2.8250000e+02;2.3286536e-01;2.8250000e+02;1.9819802e-01;2.8250000e+02;1.5799905e-01;2.8250000e+02;1.1471775e-01;2.8250000e+02;7.5406805e-02;2.8250000e+02;3.7877709e-02;2.8250000e+02;-4.2423932e-04;2.8250000e+02;9.3199220e-03;2.8250000e+02;2.4570860e-02;2.8250000e+02;4.4591684e-02;2.8250000e+02;6.8239838e-02;2.8250000e+02;9.2684492e-02;2.8250000e+02;1.2360279e-01;2.8250000e+02;1.6112600e-01;2.8250000e+02;2.0488822e-01;2.8250000e+02;2.4466406e-01;2.8250000e+02;2.6224777e-01;2.8250000e+02;2.5891364e-01;2.8250000e+02;2.3286536e-01;2.8250000e+02;1.9819802e-01;2.8250000e+02;1.5799905e-01;2.8250000e+02;1.1471775e-01;2.8250000e+02;7.5406805e-02;2.8250000e+02;3.7877709e-02;2.8250000e+02;-4.2423932e-04;2.8250000e+02;9.3199220e-03;2.8250000e+02;2.4570860e-02;2.8250000e+02;4.4591684e-02;2.8250000e+02;6.8239838e-02;2.8250000e+02;9.2684492e-02;2.8250000e+02;1.2360279e-01;2.8250000e+02;1.6112600e-01;2.8250000e+02;2.0488822e-01;2.8250000e+02;2.4466406e-01;2.8250000e+02;2.6224777e-01;2.8250000e+02;2.5891364e-01;2.8250000e+02;2.3286536e-01;2.8250000e+02;1.9819802e-01;2.8250000e+02;1.5799905e-01;2.8250000e+02;1.1471775e-01;2.8250000e+02;7.5406805e-02;2.8250000e+02;3.7877709e-02;2.8250000e+02;-4.2423932e-04;2.8250000e+02;9.3199220e-03;2.8250000e+02;2.4570860e-02;2.8250000e+02;4.4591684e-02;2.8250000e+02;6.8239838e-02;2.8250000e+02;9.2684492e-02;2.8250000e+02;1.2360279e-01;2.8250000e+02;1.6112600e-01;2.8250000e+02;2.0488822e-01;2.8250000e+02;2.4466406e-01;2.8250000e+02;2.6224777e-01;2.8250000e+02;2.5891364e-01;2.8250000e+02;2.3286536e-01;2.8250000e+02;1.9819802e-01;2.8250000e+02;1.5799905e-01;2.8250000e+02;1.1471775e-01;2.8250000e+02;7.5406805e-02;2.8250000e+02;3.7877709e-02;2.8250000e+02;-4.2423932e-04;2.8250000e+02;9.3199220e-03;2.8250000e+02;2.4570860e-02;2.8250000e+02;4.4591684e-02;2.8250000e+02;6.8239838e-02;2.8250000e+02;9.2684492e-02;2.8250000e+02;1.2360279e-01;2.8250000e+02;1.6112600e-01;2.8250000e+02;2.0488822e-01;2.8250000e+02;2.4466406e-01;2.8250000e+02;2.6224777e-01;2.8250000e+02;2.5891364e-01;2.8250000e+02;2.3286536e-01;2.8250000e+02;1.9819802e-01;2.8250000e+02;1.5799905e-01;2.8250000e+02;1.1471775e-01;2.8250000e+02;7.5406805e-02;2.8250000e+02;3.7877709e-02;2.8250000e+02;-4.2423932e-04;2.8250000e+02;9.3199220e-03;2.8250000e+02;2.4570860e-02;2.8250000e+02;4.4591684e-02;2.8250000e+02;6.8239838e-02;2.8250000e+02;9.2684492e-02;2.8250000e+02;1.2360279e-01;2.8250000e+02;1.6112600e-01;2.8250000e+02;2.0488822e-01;2.8250000e+02;2.4466406e-01;2.8250000e+02;2.6224777e-01;2.8250000e+02;2.5891364e-01;2.8250000e+02;2.3286536e-01;2.8250000e+02;1.9819802e-01;2.8250000e+02;1.5799905e-01;2.8250000e+02;1.1471775e-01;2.8250000e+02;7.5406805e-02;2.8250000e+02;3.7877709e-02;2.8250000e+02;-4.2423932e-04;2.8250000e+02;9.3199220e-03;2.8250000e+02;2.4570860e-02;2.8250000e+02;4.4591684e-02;2.8250000e+02;6.8239838e-02;2.8250000e+02;9.2684492e-02;2.8250000e+02;1.2360279e-01;2.8250000e+02;1.6112600e-01;2.8250000e+02;2.0488822e-01;2.8250000e+02;2.4466406e-01;2.8250000e+02;2.6224777e-01;2.8250000e+02;2.5891364e-01;2.8250000e+02;2.3286536e-01;2.8250000e+02;1.9819802e-01;2.8250000e+02;1.5799905e-01;2.8250000e+02;1.1471775e-01;2.8250000e+02;7.5406805e-02;2.8250000e+02;3.7877709e-02;2.8250000e+02;-4.2423932e-04;2.8250000e+02;9.3199220e-03;2.8250000e+02;2.4570860e-02;2.8250000e+02;4.4591684e-02;2.8250000e+02;6.8239838e-02;2.8250000e+02;9.2684492e-02;2.8250000e+02;1.2360279e-01;2.8250000e+02;1.6112600e-01;2.8250000e+02;2.0488822e-01;2.8250000e+02;2.4466406e-01;2.8250000e+02;2.6224777e-01;2.8250000e+02;2.5891364e-01;2.8250000e+02;2.3286536e-01;2.8250000e+02;1.9819802e-01;2.8250000e+02;1.5799905e-01;2.8250000e+02;1.1471775e-01;2.8250000e+02;7.5406805e-02;2.8250000e+02;3.7877709e-02;2.8250000e+02;-4.2423932e-04;2.8250000e+02;9.3199220e-03;2.8250000e+02;2.4570860e-02;2.8250000e+02;4.4591684e-02;2.8250000e+02;6.8239838e-02;2.8250000e+02;9.2684492e-02;2.8250000e+02;1.2360279e-01;2.8250000e+02;1.6112600e-01;2.8250000e+02;2.0488822e-01;2.8250000e+02;2.4466406e-01;2.8250000e+02;2.6224777e-01;2.8250000e+02;2.5891364e-01;2.8250000e+02;2.3286536e-01;2.8250000e+02;1.9819802e-01;2.8250000e+02;1.5799905e-01;2.8250000e+02;1.1471775e-01;2.8250000e+02;7.5406805e-02;2.8250000e+02;3.7877709e-02;2.8250000e+02;-4.2423932e-04;2.8250000e+02;9.3199220e-03;2.8250000e+02;2.4570860e-02;2.8250000e+02;4.4591684e-02;2.8250000e+02;6.8239838e-02;2.8250000e+02;9.2684492e-02;2.8250000e+02;1.2360279e-01;2.8250000e+02;1.6112600e-01;2.8250000e+02;2.0488822e-01;2.8250000e+02;2.4466406e-01;2.8250000e+02;2.6224777e-01;2.8250000e+02;2.5891364e-01;2.8250000e+02;2.3286536e-01;2.8250000e+02;1.9819802e-01;2.8250000e+02;1.5799905e-01;2.8250000e+02;1.1471775e-01;2.8250000e+02;7.5406805e-02;2.8250000e+02;3.7877709e-02;2.8250000e+02;-4.2423932e-04;2.8250000e+02;9.3199220e-03;2.8250000e+02;2.4570860e-02;2.8250000e+02;4.4591684e-02;2.8250000e+02;6.8239838e-02;2.8250000e+02;9.2684492e-02;2.8250000e+02;1.2360279e-01;2.8250000e+02;1.6112600e-01;2.8250000e+02;2.0488822e-01;2.8250000e+02;2.4466406e-01;2.8250000e+02;2.6224777e-01;2.8250000e+02;2.5891364e-01;2.8250000e+02;2.3286536e-01;2.8250000e+02;1.9819802e-01;2.8250000e+02;1.5799905e-01;2.8250000e+02;1.1471775e-01;2.8250000e+02;7.5406805e-02;2.8250000e+02;3.7877709e-02;2.8250000e+02;-4.2423932e-04;2.8250000e+02;9.3199220e-03;2.8250000e+02;2.4570860e-02;2.8250000e+02;4.4591684e-02;2.8250000e+02;6.8239838e-02;2.8250000e+02;9.2684492e-02;2.8250000e+02;1.2360279e-01;2.8250000e+02;1.6112600e-01;2.8250000e+02;2.0488822e-01;2.8250000e+02;2.4466406e-01;2.8250000e+02;2.6224777e-01;2.8250000e+02;2.5891364e-01;2.8250000e+02;2.3286536e-01;2.8250000e+02;1.9819802e-01;2.8250000e+02;1.5799905e-01;2.8250000e+02;1.1471775e-01;2.8250000e+02;7.5406805e-02;2.8250000e+02;3.7877709e-02;2.8250000e+02;-4.2423932e-04;2.8250000e+02;9.3199220e-03;2.8250000e+02;2.4570860e-02;2.8250000e+02;4.4591684e-02;2.8250000e+02;6.8239838e-02;2.8250000e+02;9.2684492e-02;2.8250000e+02;1.2360279e-01;2.8250000e+02;1.6112600e-01;2.8250000e+02;2.0488822e-01;2.8250000e+02;2.4466406e-01;2.8250000e+02;2.6224777e-01;2.8250000e+02;2.5891364e-01;2.8250000e+02;2.3286536e-01;2.8250000e+02;1.9819802e-01;2.8250000e+02;1.5799905e-01;2.8250000e+02;1.1471775e-01;2.8250000e+02;7.5406805e-02;2.8250000e+02;3.7877709e-02;2.8250000e+02;-4.2423932e-04;2.8250000e+02;9.3199220e-03;2.8250000e+02;2.4570860e-02;2.8250000e+02;4.4591684e-02;2.8250000e+02;6.8239838e-02;2.8250000e+02;9.2684492e-02;2.8250000e+02;1.2360279e-01;2.8250000e+02;1.6112600e-01;2.8250000e+02;2.0488822e-01;2.8250000e+02;2.4466406e-01;2.8250000e+02;2.6224777e-01;2.8250000e+02;2.5891364e-01;2.8250000e+02;2.3286536e-01;2.8250000e+02;1.9819802e-01;2.8250000e+02;1.5799905e-01;2.8250000e+02;1.1471775e-01;2.8250000e+02;7.5406805e-02;2.8250000e+02;3.7877709e-02;2.8250000e+02;-4.2423932e-04;2.8250000e+02;9.3199220e-03;2.8250000e+02;2.4570860e-02;2.8250000e+02;4.4591684e-02;2.8250000e+02;6.8239838e-02;2.8250000e+02;9.2684492e-02;2.8250000e+02;1.2360279e-01;2.8250000e+02;1.6112600e-01;2.8250000e+02;2.0488822e-01;2.8250000e+02;2.4466406e-01;2.8250000e+02;2.6224777e-01;2.8250000e+02;2.5891364e-01;2.8250000e+02;2.3286536e-01;2.8250000e+02;1.9819802e-01;2.8250000e+02;1.5799905e-01;2.8250000e+02;1.1471775e-01;2.8250000e+02;7.5406805e-02;2.8250000e+02;3.7877709e-02;2.8250000e+02;-4.2423932e-04;2.8250000e+02;9.3199220e-03;2.8250000e+02;2.4570860e-02;2.8250000e+02;4.4591684e-02;2.8250000e+02;6.8239838e-02;2.8250000e+02;9.2684492e-02;2.8250000e+02;1.2360279e-01;2.8250000e+02;1.6112600e-01;2.8250000e+02;2.0488822e-01;2.8250000e+02;2.4466406e-01;2.8250000e+02;2.6224777e-01;2.8250000e+02;2.5891364e-01;2.8250000e+02;2.3286536e-01;2.8250000e+02;1.9819802e-01;2.8250000e+02;1.5799905e-01;2.8250000e+02;1.1471775e-01;2.8250000e+02;7.5406805e-02;2.8250000e+02;3.7877709e-02;2.8250000e+02;-4.2423932e-04;2.8250000e+02;9.3199220e-03;2.8250000e+02;2.4570860e-02;2.8250000e+02;4.4591684e-02;2.8250000e+02;6.8239838e-02;2.8250000e+02;9.2684492e-02;2.8250000e+02;1.2360279e-01;2.8250000e+02;1.6112600e-01;2.8250000e+02;2.0488822e-01;2.8250000e+02;2.4466406e-01;2.8250000e+02;2.6224777e-01;2.8250000e+02;2.5891364e-01;2.8250000e+02;2.3286536e-01;2.8250000e+02;1.9819802e-01;2.8250000e+02;1.5799905e-01;2.8250000e+02;1.1471775e-01;2.8250000e+02;7.5406805e-02;2.8250000e+02;3.7877709e-02;2.8250000e+02;-4.2423932e-04;2.8250000e+02;9.3199220e-03;2.8250000e+02;2.4570860e-02;2.8250000e+02;4.4591684e-02;2.8250000e+02;6.8239838e-02;2.8250000e+02;9.2684492e-02;2.8250000e+02;1.2360279e-01;2.8250000e+02;1.6112600e-01;2.8250000e+02;2.0488822e-01;2.8250000e+02;2.4466406e-01;2.8250000e+02;2.6224777e-01;2.8250000e+02;2.5891364e-01;2.8250000e+02;2.3286536e-01;2.8250000e+02;1.9819802e-01;2.8250000e+02;1.5799905e-01;2.8250000e+02;1.1471775e-01;2.8250000e+02;7.5406805e-02;2.8250000e+02;3.7877709e-02;2.8250000e+02;-4.2423932e-04;2.8250000e+02;9.3199220e-03;2.8250000e+02;2.4570860e-02;2.8250000e+02;4.4591684e-02;2.8250000e+02;6.8239838e-02;2.8250000e+02;9.2684492e-02;2.8250000e+02;1.2360279e-01;2.8250000e+02;1.6112600e-01;2.8250000e+02;2.0488822e-01;2.8250000e+02;2.4466406e-01;2.8250000e+02;2.6224777e-01;2.8250000e+02;2.5891364e-01;2.8250000e+02;2.3286536e-01;2.8250000e+02;1.9819802e-01;2.8250000e+02;1.5799905e-01;2.8250000e+02;1.1471775e-01;2.8250000e+02;7.5406805e-02;2.8250000e+02;3.7877709e-02;2.8250000e+02;-4.2423932e-04;2.8250000e+02;9.3199220e-03;2.8250000e+02;2.4570860e-02;2.8250000e+02;4.4591684e-02;2.8250000e+02;6.8239838e-02;2.8250000e+02;9.2684492e-02;2.8250000e+02;1.2360279e-01;2.8250000e+02;1.6112600e-01;2.8250000e+02;2.0488822e-01;2.8250000e+02;2.4466406e-01;2.8250000e+02;2.6224777e-01;2.8250000e+02;2.5891364e-01;2.8250000e+02;2.3286536e-01;2.8250000e+02;1.9819802e-01;2.8250000e+02;1.5799905e-01;2.8250000e+02;1.1471775e-01;2.8250000e+02;7.5406805e-02;2.8250000e+02;3.7877709e-02;2.8250000e+02;-4.2423932e-04;2.8250000e+02;9.3199220e-03;2.8250000e+02;2.4570860e-02;2.8250000e+02;4.4591684e-02;2.8250000e+02;6.8239838e-02;2.8250000e+02;9.2684492e-02;2.8250000e+02;1.2360279e-01;2.8250000e+02;1.6112600e-01;2.8250000e+02;2.0488822e-01;2.8250000e+02;2.4466406e-01;2.8250000e+02;2.6224777e-01;2.8250000e+02;2.5891364e-01;2.8250000e+02;2.3286536e-01;2.8250000e+02;1.9819802e-01;2.8250000e+02;1.5799905e-01;2.8250000e+02;1.1471775e-01;2.8250000e+02;7.5406805e-02;2.8250000e+02;3.7877709e-02;2.8250000e+02;-4.2423932e-04;2.8250000e+02;9.3199220e-03;2.8250000e+02;2.4570860e-02;2.8250000e+02;4.4591684e-02;2.8250000e+02;6.8239838e-02;2.8250000e+02;9.2684492e-02;2.8250000e+02;1.2360279e-01;2.8250000e+02;1.6112600e-01;2.8250000e+02;2.0488822e-01;2.8250000e+02;2.4466406e-01;2.8250000e+02;2.6224777e-01;2.8250000e+02;2.5891364e-01;2.8250000e+02;2.3286536e-01;2.8250000e+02;1.9819802e-01;2.8250000e+02;1.5799905e-01;2.8250000e+02;1.1471775e-01;2.8250000e+02;7.5406805e-02;2.8250000e+02;3.7877709e-02;2.8250000e+02;-4.2423932e-04;2.8250000e+02;9.3199220e-03;2.8250000e+02;2.4570860e-02;2.8250000e+02;4.4591684e-02;2.8250000e+02;6.8239838e-02;2.8250000e+02;9.2684492e-02;2.8250000e+02;1.2360279e-01;2.8250000e+02;1.6112600e-01;2.8250000e+02;2.0488822e-01;2.8250000e+02;2.4466406e-01;2.8250000e+02;2.6224777e-01;2.8250000e+02;2.5891364e-01;2.8250000e+02;2.3286536e-01;2.8250000e+02;1.9819802e-01;2.8250000e+02;1.5799905e-01;2.8250000e+02;1.1471775e-01;2.8250000e+02;7.5406805e-02;2.8250000e+02;3.7877709e-02;2.8250000e+02;-4.2423932e-04;2.8250000e+02;9.3199220e-03;2.8250000e+02;2.4570860e-02;2.8250000e+02;4.4591684e-02;2.8250000e+02;6.8239838e-02;2.8250000e+02;9.2684492e-02;2.8250000e+02;1.2360279e-01;2.8250000e+02;1.6112600e-01;2.8250000e+02;2.0488822e-01;2.8250000e+02;2.4466406e-01;2.8250000e+02;2.6224777e-01;2.8250000e+02;2.5891364e-01;2.8250000e+02;2.3286536e-01;2.8250000e+02;1.9819802e-01;2.8250000e+02;1.5799905e-01;2.8250000e+02;1.1471775e-01;2.8250000e+02;7.5406805e-02;2.8250000e+02;3.7877709e-02;2.8250000e+02;-4.2423932e-04;2.8250000e+02;9.3199220e-03;2.8250000e+02;2.4570860e-02;2.8250000e+02;4.4591684e-02;2.8250000e+02;6.8239838e-02;2.8250000e+02;9.2684492e-02;2.8250000e+02;1.2360279e-01;2.8250000e+02;1.6112600e-01;2.8250000e+02;2.0488822e-01;2.8250000e+02;2.4466406e-01;2.8250000e+02;2.6224777e-01;2.8250000e+02;2.5891364e-01;2.8250000e+02;2.3286536e-01;2.8250000e+02;1.9819802e-01;2.8250000e+02;1.5799905e-01;2.8250000e+02;1.1471775e-01;2.8250000e+02;7.5406805e-02;2.8250000e+02;3.7877709e-02;2.8250000e+02;-4.2423932e-04;2.8250000e+02;9.3199220e-03;2.8250000e+02;2.4570860e-02;2.8250000e+02;4.4591684e-02;2.8250000e+02;6.8239838e-02;2.8250000e+02;9.2684492e-02;2.8250000e+02;1.2360279e-01;2.8250000e+02;1.6112600e-01;2.8250000e+02;2.0488822e-01;2.8250000e+02;2.4466406e-01;2.8250000e+02;2.6224777e-01;2.8250000e+02;2.5891364e-01;2.8250000e+02;2.3286536e-01;2.8250000e+02;1.9819802e-01;2.8250000e+02;1.5799905e-01;2.8250000e+02;1.1471775e-01;2.8250000e+02;7.5406805e-02;2.8250000e+02;3.7877709e-02;2.8250000e+02;-4.2423932e-04;2.8250000e+02;9.3199220e-03;2.8250000e+02;2.4570860e-02;2.8250000e+02;4.4591684e-02;2.8250000e+02;6.8239838e-02;2.8250000e+02;9.2684492e-02;2.8250000e+02;1.2360279e-01;2.8250000e+02;1.6112600e-01;2.8250000e+02;2.0488822e-01;2.8250000e+02;2.4466406e-01;2.8250000e+02;2.6224777e-01;2.8250000e+02;2.5891364e-01;2.8250000e+02;2.3286536e-01;2.8250000e+02;1.9819802e-01;2.8250000e+02;1.5799905e-01;2.8250000e+02;1.1471775e-01;2.8250000e+02;7.5406805e-02;2.8250000e+02;3.7877709e-02;2.8250000e+02;-4.2423932e-04;2.8250000e+02;9.3199220e-03;2.8250000e+02;2.4570860e-02;2.8250000e+02;4.4591684e-02;2.8250000e+02;6.8239838e-02;2.8250000e+02;9.2684492e-02;2.8250000e+02;1.2360279e-01;2.8250000e+02;1.6112600e-01;2.8250000e+02;2.0488822e-01;2.8250000e+02;2.4466406e-01;2.8250000e+02;2.6224777e-01;2.8250000e+02;2.5891364e-01;2.8250000e+02;2.3286536e-01;2.8250000e+02;1.9819802e-01;2.8250000e+02;1.5799905e-01;2.8250000e+02;1.1471775e-01;2.8250000e+02;7.5406805e-02;2.8250000e+02;3.7877709e-02;2.8250000e+02;-4.2423932e-04;2.8250000e+02;9.3199220e-03;2.8250000e+02;2.4570860e-02;2.8250000e+02;4.4591684e-02;2.8250000e+02;6.8239838e-02;2.8250000e+02;9.2684492e-02;2.8250000e+02;1.2360279e-01;2.8250000e+02;1.6112600e-01;2.8250000e+02;2.0488822e-01;2.8250000e+02;2.4466406e-01;2.8250000e+02;2.6224777e-01;2.8250000e+02;2.5891364e-01;2.8250000e+02;2.3286536e-01;2.8250000e+02;1.9819802e-01;2.8250000e+02;1.5799905e-01;2.8250000e+02;1.1471775e-01;2.8250000e+02;7.5406805e-02;2.8250000e+02;3.7877709e-02;2.8250000e+02;-4.2423932e-04;2.8250000e+02;9.3199220e-03;2.8250000e+02;2.4570860e-02;2.8250000e+02;4.4591684e-02;2.8250000e+02;6.8239838e-02;2.8250000e+02;9.2684492e-02;2.8250000e+02;1.2360279e-01;2.8250000e+02;1.6112600e-01;2.8250000e+02;2.0488822e-01;2.8250000e+02;2.4466406e-01;2.8250000e+02;2.6224777e-01;2.8250000e+02;2.5891364e-01;2.8250000e+02;2.3286536e-01;2.8250000e+02;1.9819802e-01;2.8250000e+02;1.5799905e-01;2.8250000e+02;1.1471775e-01;2.8250000e+02;7.5406805e-02;2.8250000e+02;3.7877709e-02;2.8250000e+02;-4.2423932e-04;2.8250000e+02;9.3199220e-03;2.8250000e+02;2.4570860e-02;2.8250000e+02;4.4591684e-02;2.8250000e+02;6.8239838e-02;2.8250000e+02;9.2684492e-02;2.8250000e+02;1.2360279e-01;2.8250000e+02;1.6112600e-01;2.8250000e+02;2.0488822e-01;2.8250000e+02;2.4466406e-01;2.8250000e+02;2.6224777e-01;2.8250000e+02;2.5891364e-01;2.8250000e+02;2.3286536e-01;2.8250000e+02;1.9819802e-01;2.8250000e+02;1.5799905e-01;2.8250000e+02;1.1471775e-01;2.8250000e+02;7.5406805e-02;2.8250000e+02;3.7877709e-02;2.8250000e+02;-4.2423932e-04;2.8250000e+02;9.3199220e-03;2.8250000e+02;2.4570860e-02;2.8250000e+02;4.4591684e-02;2.8250000e+02;6.8239838e-02;2.8250000e+02;9.2684492e-02;2.8250000e+02;1.2360279e-01;2.8250000e+02;1.6112600e-01;2.8250000e+02;2.0488822e-01;2.8250000e+02;2.4466406e-01;2.8250000e+02;2.6224777e-01;2.8250000e+02;2.5891364e-01;2.8250000e+02;2.3286536e-01;2.8250000e+02;1.9819802e-01;2.8250000e+02;1.5799905e-01;2.8250000e+02;1.1471775e-01;2.8250000e+02;7.5406805e-02;2.8250000e+02;3.7877709e-02;2.8250000e+02;-4.2423932e-04;2.8250000e+02;9.3199220e-03;2.8250000e+02;2.4570860e-02;2.8250000e+02;4.4591684e-02;2.8250000e+02;6.8239838e-02;2.8250000e+02;9.2684492e-02;2.8250000e+02;1.2360279e-01;2.8250000e+02;1.6112600e-01;2.8250000e+02;2.0488822e-01;2.8250000e+02;2.4466406e-01;2.8250000e+02;2.6224777e-01;2.8250000e+02;2.5891364e-01;2.8250000e+02;2.3286536e-01;2.8250000e+02;1.9819802e-01;2.8250000e+02;1.5799905e-01;2.8250000e+02;1.1471775e-01;2.8250000e+02;7.5406805e-02;2.8250000e+02;3.7877709e-02;2.8250000e+02;-4.2423932e-04;2.8250000e+02;9.3199220e-03;2.8250000e+02;2.4570860e-02;2.8250000e+02;4.4591684e-02;2.8250000e+02;6.8239838e-02;2.8250000e+02;9.2684492e-02;2.8250000e+02;1.2360279e-01;2.8250000e+02;1.6112600e-01;2.8250000e+02;2.0488822e-01;2.8250000e+02;2.4466406e-01;2.8250000e+02;2.6224777e-01;2.8250000e+02;2.5891364e-01;2.8250000e+02;2.3286536e-01;2.8250000e+02;1.9819802e-01;2.8250000e+02;1.5799905e-01;2.8250000e+02;1.1471775e-01;2.8250000e+02;7.5406805e-02;2.8250000e+02;3.7877709e-02;2.8250000e+02;-4.2423932e-04;2.8250000e+02;9.3199220e-03;2.8250000e+02;2.4570860e-02;2.8250000e+02;4.4591684e-02;2.8250000e+02;6.8239838e-02;2.8250000e+02;9.2684492e-02;2.8250000e+02;1.2360279e-01;2.8250000e+02;1.6112600e-01;2.8250000e+02;2.0488822e-01;2.8250000e+02;2.4466406e-01;2.8250000e+02;2.6224777e-01;2.8250000e+02;2.5891364e-01;2.8250000e+02;2.3286536e-01;2.8250000e+02;1.9819802e-01;2.8250000e+02;1.5799905e-01;2.8250000e+02;1.1471775e-01;2.8250000e+02;7.5406805e-02;2.8250000e+02;3.7877709e-02;2.8250000e+02;-4.2423932e-04;2.8250000e+02;9.3199220e-03;2.8250000e+02;2.4570860e-02;2.8250000e+02;4.4591684e-02;2.8250000e+02;6.8239838e-02;2.8250000e+02;9.2684492e-02;2.8250000e+02;1.2360279e-01;2.8250000e+02;1.6112600e-01;2.8250000e+02;2.0488822e-01;2.8250000e+02;2.4466406e-01;2.8250000e+02;2.6224777e-01;2.8250000e+02;2.5891364e-01;2.8250000e+02;2.3286536e-01;2.8250000e+02;1.9819802e-01;2.8250000e+02;1.5799905e-01;2.8250000e+02;1.1471775e-01;2.8250000e+02;7.5406805e-02;2.8250000e+02;3.7877709e-02;2.8250000e+02;-4.2423932e-04;2.8250000e+02;9.3199220e-03;2.8250000e+02;2.4570860e-02;2.8250000e+02;4.4591684e-02;2.8250000e+02;6.8239838e-02;2.8250000e+02;9.2684492e-02;2.8250000e+02;1.2360279e-01;2.8250000e+02;1.6112600e-01;2.8250000e+02;2.0488822e-01;2.8250000e+02;2.4466406e-01;2.8250000e+02;2.6224777e-01;2.8250000e+02;2.5891364e-01;2.8250000e+02;2.3286536e-01;2.8250000e+02;1.9819802e-01;2.8250000e+02;1.5799905e-01;2.8250000e+02;1.1471775e-01;2.8250000e+02;7.5406805e-02;2.8250000e+02;3.7877709e-02;2.8250000e+02;-4.2423932e-04;2.8250000e+02;9.3199220e-03;2.8250000e+02;2.4570860e-02;2.8250000e+02;4.4591684e-02;2.8250000e+02;6.8239838e-02;2.8250000e+02;9.2684492e-02;2.8250000e+02;1.2360279e-01;2.8250000e+02;1.6112600e-01;2.8250000e+02;2.0488822e-01;2.8250000e+02;2.4466406e-01;2.8250000e+02;2.6224777e-01;2.8250000e+02;2.5891364e-01;2.8250000e+02;2.3286536e-01;2.8250000e+02;1.9819802e-01;2.8250000e+02;1.5799905e-01;2.8250000e+02;1.1471775e-01;2.8250000e+02;7.5406805e-02;2.8250000e+02;3.7877709e-02;2.8250000e+02;-4.2423932e-04;2.8250000e+02;9.3199220e-03;2.8250000e+02;2.4570860e-02;2.8250000e+02;4.4591684e-02;2.8250000e+02;6.8239838e-02;2.8250000e+02;9.2684492e-02;2.8250000e+02;1.2360279e-01;2.8250000e+02;1.6112600e-01;2.8250000e+02;2.0488822e-01;2.8250000e+02;2.4466406e-01;2.8250000e+02;2.6224777e-01;2.8250000e+02;2.5891364e-01;2.8250000e+02;2.3286536e-01;2.8250000e+02;1.9819802e-01;2.8250000e+02;1.5799905e-01;2.8250000e+02;1.1471775e-01;2.8250000e+02;7.5406805e-02;2.8250000e+02;3.7877709e-02;2.8250000e+02;-4.2423932e-04;2.8250000e+02;9.3199220e-03;2.8250000e+02;2.4570860e-02;2.8250000e+02;4.4591684e-02;2.8250000e+02;6.8239838e-02;2.8250000e+02;9.2684492e-02;2.8250000e+02;1.2360279e-01;2.8250000e+02;1.6112600e-01;2.8250000e+02;2.0488822e-01;2.8250000e+02;2.4466406e-01;2.8250000e+02;2.6224777e-01;2.8250000e+02;2.5891364e-01;2.8250000e+02;2.3286536e-01;2.8250000e+02;1.9819802e-01;2.8250000e+02;1.5799905e-01;2.8250000e+02;1.1471775e-01;2.8250000e+02;7.5406805e-02;2.8250000e+02;3.7877709e-02
2.8750000e+02;1.2773566e-03;2.8750000e+02;1.2828532e-02;2.8750000e+02;3.0352397e-02;2.8750000e+02;5.1146403e-02;2.8750000e+02;7.6138347e-02;2.8750000e+02;1.0514914e-01;2.8750000e+02;1.3548163e-01;2.8750000e+02;1.7117137e-01;2.8750000e+02;2.1053733e-01;2.8750000e+02;2.5308198e-01;2.8750000e+02;2.7370313e-01;2.8750000e+02;2.7096260e-01;2.8750000e+02;2.4285096e-01;2.8750000e+02;2.0693442e-01;2.8750000e+02;1.6555145e-01;2.8750000e+02;1.2024519e-01;2.8750000e+02;7.9540953e-02;2.8750000e+02;4.1780747e-02;2.8750000e+02;1.2773566e-03;2.8750000e+02;1.2828532e-02;2.8750000e+02;3.0352397e-02;2.8750000e+02;5.1146403e-02;2.8750000e+02;7.6138347e-02;2.8750000e+02;1.0514914e-01;2.8750000e+02;1.3548163e-01;2.8750000e+02;1.7117137e-01;2.8750000e+02;2.1053733e-01;2.8750000e+02;2.5308198e-01;2.8750000e+02;2.7370313e-01;2.8750000e+02;2.7096260e-01;2.8750000e+02;2.4285096e-01;2.8750000e+02;2.0693442e-01;2.8750000e+02;1.6555145e-01;2.8750000e+02;1.2024519e-01;2.8750000e+02;7.9540953e-02;2.8750000e+02;4.1780747e-02;2.8750000e+02;1.2773566e-03;2.8750000e+02;1.2828532e-02;2.8750000e+02;3.0352397e-02;2.8750000e+02;5.1146403e-02;2.8750000e+02;7.6138347e-02;2.8750000e+02;1.0514914e-01;2.8750000e+02;1.3548163e-01;2.8750000e+02;1.7117137e-01;2.8750000e+02;2.1053733e-01;2.8750000e+02;2.5308198e-01;2.8750000e+02;2.7370313e-01;2.8750000e+02;2.7096260e-01;2.8750000e+02;2.4285096e-01;2.8750000e+02;2.0693442e-01;2.8750000e+02;1.6555145e-01;2.8750000e+02;1.2024519e-01;2.8750000e+02;7.9540953e-02;2.8750000e+02;4.1780747e-02;2.8750000e+02;1.2773566e-03;2.8750000e+02;1.2828532e-02;2.8750000e+02;3.0352397e-02;2.8750000e+02;5.1146403e-02;2.8750000e+02;7.6138347e-02;2.8750000e+02;1.0514914e-01;2.8750000e+02;1.3548163e-01;2.8750000e+02;1.7117137e-01;2.8750000e+02;2.1053733e-01;2.8750000e+02;2.5308198e-01;2.8750000e+02;2.7370313e-01;2.8750000e+02;2.7096260e-01;2.8750000e+02;2.4285096e-01;2.8750000e+02;2.0693442e-01;2.8750000e+02;1.6555145e-01;2.8750000e+02;1.2024519e-01;2.8750000e+02;7.9540953e-02;2.8750000e+02;4.1780747e-02;2.8750000e+02;1.2773566e-03;2.8750000e+02;1.2828532e-02;2.8750000e+02;3.0352397e-02;2.8750000e+02;5.1146403e-02;2.8750000e+02;7.6138347e-02;2.8750000e+02;1.0514914e-01;2.8750000e+02;1.3548163e-01;2.8750000e+02;1.7117137e-01;2.8750000e+02;2.1053733e-01;2.8750000e+02;2.5308198e-01;2.8750000e+02;2.7370313e-01;2.8750000e+02;2.7096260e-01;2.8750000e+02;2.4285096e-01;2.8750000e+02;2.0693442e-01;2.8750000e+02;1.6555145e-01;2.8750000e+02;1.2024519e-01;2.8750000e+02;7.9540953e-02;2.8750000e+02;4.1780747e-02;2.8750000e+02;1.2773566e-03;2.8750000e+02;1.2828532e-02;2.8750000e+02;3.0352397e-02;2.8750000e+02;5.1146403e-02;2.8750000e+02;7.6138347e-02;2.8750000e+02;1.0514914e-01;2.8750000e+02;1.3548163e-01;2.8750000e+02;1.7117137e-01;2.8750000e+02;2.1053733e-01;2.8750000e+02;2.5308198e-01;2.8750000e+02;2.7370313e-01;2.8750000e+02;2.7096260e-01;2.8750000e+02;2.4285096e-01;2.8750000e+02;2.0693442e-01;2.8750000e+02;1.6555145e-01;2.8750000e+02;1.2024519e-01;2.8750000e+02;7.9540953e-02;2.8750000e+02;4.1780747e-02;2.8750000e+02;1.2773566e-03;2.8750000e+02;1.2828532e-02;2.8750000e+02;3.0352397e-02;2.8750000e+02;5.1146403e-02;2.8750000e+02;7.6138347e-02;2.8750000e+02;1.0514914e-01;2.8750000e+02;1.3548163e-01;2.8750000e+02;1.7117137e-01;2.8750000e+02;2.1053733e-01;2.8750000e+02;2.5308198e-01;2.8750000e+02;2.7370313e-01;2.8750000e+02;2.7096260e-01;2.8750000e+02;2.4285096e-01;2.8750000e+02;2.0693442e-01;2.8750000e+02;1.6555145e-01;2.8750000e+02;1.2024519e-01;2.8750000e+02;7.9540953e-02;2.8750000e+02;4.1780747e-02;2.8750000e+02;1.2773566e-03;2.8750000e+02;1.2828532e-02;2.8750000e+02;3.0352397e-02;2.8750000e+02;5.1146403e-02;2.8750000e+02;7.6138347e-02;2.8750000e+02;1.0514914e-01;2.8750000e+02;1.3548163e-01;2.8750000e+02;1.7117137e-01;2.8750000e+02;2.1053733e-01;2.8750000e+02;2.5308198e-01;2.8750000e+02;2.7370313e-01;2.8750000e+02;2.7096260e-01;2.8750000e+02;2.4285096e-01;2.8750000e+02;2.0693442e-01;2.8750000e+02;1.6555145e-01;2.8750000e+02;1.2024519e-01;2.8750000e+02;7.9540953e-02;2.8750000e+02;4.1780747e-02;2.8750000e+02;1.2773566e-03;2.8750000e+02;1.2828532e-02;2.8750000e+02;3.0352397e-02;2.8750000e+02;5.1146403e-02;2.8750000e+02;7.6138347e-02;2.8750000e+02;1.0514914e-01;2.8750000e+02;1.3548163e-01;2.8750000e+02;1.7117137e-01;2.8750000e+02;2.1053733e-01;2.8750000e+02;2.5308198e-01;2.8750000e+02;2.7370313e-01;2.8750000e+02;2.7096260e-01;2.8750000e+02;2.4285096e-01;2.8750000e+02;2.0693442e-01;2.8750000e+02;1.6555145e-01;2.8750000e+02;1.2024519e-01;2.8750000e+02;7.9540953e-02;2.8750000e+02;4.1780747e-02;2.8750000e+02;1.2773566e-03;2.8750000e+02;1.2828532e-02;2.8750000e+02;3.0352397e-02;2.8750000e+02;5.1146403e-02;2.8750000e+02;7.6138347e-02;2.8750000e+02;1.0514914e-01;2.8750000e+02;1.3548163e-01;2.8750000e+02;1.7117137e-01;2.8750000e+02;2.1053733e-01;2.8750000e+02;2.5308198e-01;2.8750000e+02;2.7370313e-01;2.8750000e+02;2.7096260e-01;2.8750000e+02;2.4285096e-01;2.8750000e+02;2.0693442e-01;2.8750000e+02;1.6555145e-01;2.8750000e+02;1.2024519e-01;2.8750000e+02;7.9540953e-02;2.8750000e+02;4.1780747e-02;2.8750000e+02;1.2773566e-03;2.8750000e+02;1.2828532e-02;2.8750000e+02;3.0352397e-02;2.8750000e+02;5.1146403e-02;2.8750000e+02;7.6138347e-02;2.8750000e+02;1.0514914e-01;2.8750000e+02;1.3548163e-01;2.8750000e+02;1.7117137e-01;2.8750000e+02;2.1053733e-01;2.8750000e+02;2.5308198e-01;2.8750000e+02;2.7370313e-01;2.8750000e+02;2.7096260e-01;2.8750000e+02;2.4285096e-01;2.8750000e+02;2.0693442e-01;2.8750000e+02;1.6555145e-01;2.8750000e+02;1.2024519e-01;2.8750000e+02;7.9540953e-02;2.8750000e+02;4.1780747e-02;2.8750000e+02;1.2773566e-03;2.8750000e+02;1.2828532e-02;2.8750000e+02;3.0352397e-02;2.8750000e+02;5.1146403e-02;2.8750000e+02;7.6138347e-02;2.8750000e+02;1.0514914e-01;2.8750000e+02;1.3548163e-01;2.8750000e+02;1.7117137e-01;2.8750000e+02;2.1053733e-01;2.8750000e+02;2.5308198e-01;2.8750000e+02;2.7370313e-01;2.8750000e+02;2.7096260e-01;2.8750000e+02;2.4285096e-01;2.8750000e+02;2.0693442e-01;2.8750000e+02;1.6555145e-01;2.8750000e+02;1.2024519e-01;2.8750000e+02;7.9540953e-02;2.8750000e+02;4.1780747e-02;2.8750000e+02;1.2773566e-03;2.8750000e+02;1.2828532e-02;2.8750000e+02;3.0352397e-02;2.8750000e+02;5.1146403e-02;2.8750000e+02;7.6138347e-02;2.8750000e+02;1.0514914e-01;2.8750000e+02;1.3548163e-01;2.8750000e+02;1.7117137e-01;2.8750000e+02;2.1053733e-01;2.8750000e+02;2.5308198e-01;2.8750000e+02;2.7370313e-01;2.8750000e+02;2.7096260e-01;2.8750000e+02;2.4285096e-01;2.8750000e+02;2.0693442e-01;2.8750000e+02;1.6555145e-01;2.8750000e+02;1.2024519e-01;2.8750000e+02;7.9540953e-02;2.8750000e+02;4.1780747e-02;2.8750000e+02;1.2773566e-03;2.8750000e+02;1.2828532e-02;2.8750000e+02;3.0352397e-02;2.8750000e+02;5.1146403e-02;2.8750000e+02;7.6138347e-02;2.8750000e+02;1.0514914e-01;2.8750000e+02;1.3548163e-01;2.8750000e+02;1.7117137e-01;2.8750000e+02;2.1053733e-01;2.8750000e+02;2.5308198e-01;2.8750000e+02;2.7370313e-01;2.8750000e+02;2.7096260e-01;2.8750000e+02;2.4285096e-01;2.8750000e+02;2.0693442e-01;2.8750000e+02;1.6555145e-01;2.8750000e+02;1.2024519e-01;2.8750000e+02;7.9540953e-02;2.8750000e+02;4.1780747e-02;2.8750000e+02;1.2773566e-03;2.8750000e+02;1.2828532e-02;2.8750000e+02;3.0352397e-02;2.8750000e+02;5.1146403e-02;2.8750000e+02;7.6138347e-02;2.8750000e+02;1.0514914e-01;2.8750000e+02;1.3548163e-01;2.8750000e+02;1.7117137e-01;2.8750000e+02;2.1053733e-01;2.8750000e+02;2.5308198e-01;2.8750000e+02;2.7370313e-01;2.8750000e+02;2.7096260e-01;2.8750000e+02;2.4285096e-01;2.8750000e+02;2.0693442e-01;2.8750000e+02;1.6555145e-01;2.8750000e+02;1.2024519e-01;2.8750000e+02;7.9540953e-02;2.8750000e+02;4.1780747e-02;2.8750000e+02;1.2773566e-03;2.8750000e+02;1.2828532e-02;2.8750000e+02;3.0352397e-02;2.8750000e+02;5.1146403e-02;2.8750000e+02;7.6138347e-02;2.8750000e+02;1.0514914e-01;2.8750000e+02;1.3548163e-01;2.8750000e+02;1.7117137e-01;2.8750000e+02;2.1053733e-01;2.8750000e+02;2.5308198e-01;2.8750000e+02;2.7370313e-01;2.8750000e+02;2.7096260e-01;2.8750000e+02;2.4285096e-01;2.8750000e+02;2.0693442e-01;2.8750000e+02;1.6555145e-01;2.8750000e+02;1.2024519e-01;2.8750000e+02;7.9540953e-02;2.8750000e+02;4.1780747e-02;2.8750000e+02;1.2773566e-03;2.8750000e+02;1.2828532e-02;2.8750000e+02;3.0352397e-02;2.8750000e+02;5.1146403e-02;2.8750000e+02;7.6138347e-02;2.8750000e+02;1.0514914e-01;2.8750000e+02;1.3548163e-01;2.8750000e+02;1.7117137e-01;2.8750000e+02;2.1053733e-01;2.8750000e+02;2.5308198e-01;2.8750000e+02;2.7370313e-01;2.8750000e+02;2.7096260e-01;2.8750000e+02;2.4285096e-01;2.8750000e+02;2.0693442e-01;2.8750000e+02;1.6555145e-01;2.8750000e+02;1.2024519e-01;2.8750000e+02;7.9540953e-02;2.8750000e+02;4.1780747e-02;2.8750000e+02;1.2773566e-03;2.8750000e+02;1.2828532e-02;2.8750000e+02;3.0352397e-02;2.8750000e+02;5.1146403e-02;2.8750000e+02;7.6138347e-02;2.8750000e+02;1.0514914e-01;2.8750000e+02;1.3548163e-01;2.8750000e+02;1.7117137e-01;2.8750000e+02;2.1053733e-01;2.8750000e+02;2.5308198e-01;2.8750000e+02;2.7370313e-01;2.8750000e+02;2.7096260e-01;2.8750000e+02;2.4285096e-01;2.8750000e+02;2.0693442e-01;2.8750000e+02;1.6555145e-01;2.8750000e+02;1.2024519e-01;2.8750000e+02;7.9540953e-02;2.8750000e+02;4.1780747e-02;2.8750000e+02;1.2773566e-03;2.8750000e+02;1.2828532e-02;2.8750000e+02;3.0352397e-02;2.8750000e+02;5.1146403e-02;2.8750000e+02;7.6138347e-02;2.8750000e+02;1.0514914e-01;2.8750000e+02;1.3548163e-01;2.8750000e+02;1.7117137e-01;2.8750000e+02;2.1053733e-01;2.8750000e+02;2.5308198e-01;2.8750000e+02;2.7370313e-01;2.8750000e+02;2.7096260e-01;2.8750000e+02;2.4285096e-01;2.8750000e+02;2.0693442e-01;2.8750000e+02;1.6555145e-01;2.8750000e+02;1.2024519e-01;2.8750000e+02;7.9540953e-02;2.8750000e+02;4.1780747e-02;2.8750000e+02;1.2773566e-03;2.8750000e+02;1.2828532e-02;2.8750000e+02;3.0352397e-02;2.8750000e+02;5.1146403e-02;2.8750000e+02;7.6138347e-02;2.8750000e+02;1.0514914e-01;2.8750000e+02;1.3548163e-01;2.8750000e+02;1.7117137e-01;2.8750000e+02;2.1053733e-01;2.8750000e+02;2.5308198e-01;2.8750000e+02;2.7370313e-01;2.8750000e+02;2.7096260e-01;2.8750000e+02;2.4285096e-01;2.8750000e+02;2.0693442e-01;2.8750000e+02;1.6555145e-01;2.8750000e+02;1.2024519e-01;2.8750000e+02;7.9540953e-02;2.8750000e+02;4.1780747e-02;2.8750000e+02;1.2773566e-03;2.8750000e+02;1.2828532e-02;2.8750000e+02;3.0352397e-02;2.8750000e+02;5.1146403e-02;2.8750000e+02;7.6138347e-02;2.8750000e+02;1.0514914e-01;2.8750000e+02;1.3548163e-01;2.8750000e+02;1.7117137e-01;2.8750000e+02;2.1053733e-01;2.8750000e+02;2.5308198e-01;2.8750000e+02;2.7370313e-01;2.8750000e+02;2.7096260e-01;2.8750000e+02;2.4285096e-01;2.8750000e+02;2.0693442e-01;2.8750000e+02;1.6555145e-01;2.8750000e+02;1.2024519e-01;2.8750000e+02;7.9540953e-02;2.8750000e+02;4.1780747e-02;2.8750000e+02;1.2773566e-03;2.8750000e+02;1.2828532e-02;2.8750000e+02;3.0352397e-02;2.8750000e+02;5.1146403e-02;2.8750000e+02;7.6138347e-02;2.8750000e+02;1.0514914e-01;2.8750000e+02;1.3548163e-01;2.8750000e+02;1.7117137e-01;2.8750000e+02;2.1053733e-01;2.8750000e+02;2.5308198e-01;2.8750000e+02;2.7370313e-01;2.8750000e+02;2.7096260e-01;2.8750000e+02;2.4285096e-01;2.8750000e+02;2.0693442e-01;2.8750000e+02;1.6555145e-01;2.8750000e+02;1.2024519e-01;2.8750000e+02;7.9540953e-02;2.8750000e+02;4.1780747e-02;2.8750000e+02;1.2773566e-03;2.8750000e+02;1.2828532e-02;2.8750000e+02;3.0352397e-02;2.8750000e+02;5.1146403e-02;2.8750000e+02;7.6138347e-02;2.8750000e+02;1.0514914e-01;2.8750000e+02;1.3548163e-01;2.8750000e+02;1.7117137e-01;2.8750000e+02;2.1053733e-01;2.8750000e+02;2.5308198e-01;2.8750000e+02;2.7370313e-01;2.8750000e+02;2.7096260e-01;2.8750000e+02;2.4285096e-01;2.8750000e+02;2.0693442e-01;2.8750000e+02;1.6555145e-01;2.8750000e+02;1.2024519e-01;2.8750000e+02;7.9540953e-02;2.8750000e+02;4.1780747e-02;2.8750000e+02;1.2773566e-03;2.8750000e+02;1.2828532e-02;2.8750000e+02;3.0352397e-02;2.8750000e+02;5.1146403e-02;2.8750000e+02;7.6138347e-02;2.8750000e+02;1.0514914e-01;2.8750000e+02;1.3548163e-01;2.8750000e+02;1.7117137e-01;2.8750000e+02;2.1053733e-01;2.8750000e+02;2.5308198e-01;2.8750000e+02;2.7370313e-01;2.8750000e+02;2.7096260e-01;2.8750000e+02;2.4285096e-01;2.8750000e+02;2.0693442e-01;2.8750000e+02;1.6555145e-01;2.8750000e+02;1.2024519e-01;2.8750000e+02;7.9540953e-02;2.8750000e+02;4.1780747e-02;2.8750000e+02;1.2773566e-03;2.8750000e+02;1.2828532e-02;2.8750000e+02;3.0352397e-02;2.8750000e+02;5.1146403e-02;2.8750000e+02;7.6138347e-02;2.8750000e+02;1.0514914e-01;2.8750000e+02;1.3548163e-01;2.8750000e+02;1.7117137e-01;2.8750000e+02;2.1053733e-01;2.8750000e+02;2.5308198e-01;2.8750000e+02;2.7370313e-01;2.8750000e+02;2.7096260e-01;2.8750000e+02;2.4285096e-01;2.8750000e+02;2.0693442e-01;2.8750000e+02;1.6555145e-01;2.8750000e+02;1.2024519e-01;2.8750000e+02;7.9540953e-02;2.8750000e+02;4.1780747e-02;2.8750000e+02;1.2773566e-03;2.8750000e+02;1.2828532e-02;2.8750000e+02;3.0352397e-02;2.8750000e+02;5.1146403e-02;2.8750000e+02;7.6138347e-02;2.8750000e+02;1.0514914e-01;2.8750000e+02;1.3548163e-01;2.8750000e+02;1.7117137e-01;2.8750000e+02;2.1053733e-01;2.8750000e+02;2.5308198e-01;2.8750000e+02;2.7370313e-01;2.8750000e+02;2.7096260e-01;2.8750000e+02;2.4285096e-01;2.8750000e+02;2.0693442e-01;2.8750000e+02;1.6555145e-01;2.8750000e+02;1.2024519e-01;2.8750000e+02;7.9540953e-02;2.8750000e+02;4.1780747e-02;2.8750000e+02;1.2773566e-03;2.8750000e+02;1.2828532e-02;2.8750000e+02;3.0352397e-02;2.8750000e+02;5.1146403e-02;2.8750000e+02;7.6138347e-02;2.8750000e+02;1.0514914e-01;2.8750000e+02;1.3548163e-01;2.8750000e+02;1.7117137e-01;2.8750000e+02;2.1053733e-01;2.8750000e+02;2.5308198e-01;2.8750000e+02;2.7370313e-01;2.8750000e+02;2.7096260e-01;2.8750000e+02;2.4285096e-01;2.8750000e+02;2.0693442e-01;2.8750000e+02;1.6555145e-01;2.8750000e+02;1.2024519e-01;2.8750000e+02;7.9540953e-02;2.8750000e+02;4.1780747e-02;2.8750000e+02;1.2773566e-03;2.8750000e+02;1.2828532e-02;2.8750000e+02;3.0352397e-02;2.8750000e+02;5.1146403e-02;2.8750000e+02;7.6138347e-02;2.8750000e+02;1.0514914e-01;2.8750000e+02;1.3548163e-01;2.8750000e+02;1.7117137e-01;2.8750000e+02;2.1053733e-01;2.8750000e+02;2.5308198e-01;2.8750000e+02;2.7370313e-01;2.8750000e+02;2.7096260e-01;2.8750000e+02;2.4285096e-01;2.8750000e+02;2.0693442e-01;2.8750000e+02;1.6555145e-01;2.8750000e+02;1.2024519e-01;2.8750000e+02;7.9540953e-02;2.8750000e+02;4.1780747e-02;2.8750000e+02;1.2773566e-03;2.8750000e+02;1.2828532e-02;2.8750000e+02;3.0352397e-02;2.8750000e+02;5.1146403e-02;2.8750000e+02;7.6138347e-02;2.8750000e+02;1.0514914e-01;2.8750000e+02;1.3548163e-01;2.8750000e+02;1.7117137e-01;2.8750000e+02;2.1053733e-01;2.8750000e+02;2.5308198e-01;2.8750000e+02;2.7370313e-01;2.8750000e+02;2.7096260e-01;2.8750000e+02;2.4285096e-01;2.8750000e+02;2.0693442e-01;2.8750000e+02;1.6555145e-01;2.8750000e+02;1.2024519e-01;2.8750000e+02;7.9540953e-02;2.8750000e+02;4.1780747e-02;2.8750000e+02;1.2773566e-03;2.8750000e+02;1.2828532e-02;2.8750000e+02;3.0352397e-02;2.8750000e+02;5.1146403e-02;2.8750000e+02;7.6138347e-02;2.8750000e+02;1.0514914e-01;2.8750000e+02;1.3548163e-01;2.8750000e+02;1.7117137e-01;2.8750000e+02;2.1053733e-01;2.8750000e+02;2.5308198e-01;2.8750000e+02;2.7370313e-01;2.8750000e+02;2.7096260e-01;2.8750000e+02;2.4285096e-01;2.8750000e+02;2.0693442e-01;2.8750000e+02;1.6555145e-01;2.8750000e+02;1.2024519e-01;2.8750000e+02;7.9540953e-02;2.8750000e+02;4.1780747e-02;2.8750000e+02;1.2773566e-03;2.8750000e+02;1.2828532e-02;2.8750000e+02;3.0352397e-02;2.8750000e+02;5.1146403e-02;2.8750000e+02;7.6138347e-02;2.8750000e+02;1.0514914e-01;2.8750000e+02;1.3548163e-01;2.8750000e+02;1.7117137e-01;2.8750000e+02;2.1053733e-01;2.8750000e+02;2.5308198e-01;2.8750000e+02;2.7370313e-01;2.8750000e+02;2.7096260e-01;2.8750000e+02;2.4285096e-01;2.8750000e+02;2.0693442e-01;2.8750000e+02;1.6555145e-01;2.8750000e+02;1.2024519e-01;2.8750000e+02;7.9540953e-02;2.8750000e+02;4.1780747e-02;2.8750000e+02;1.2773566e-03;2.8750000e+02;1.2828532e-02;2.8750000e+02;3.0352397e-02;2.8750000e+02;5.1146403e-02;2.8750000e+02;7.6138347e-02;2.8750000e+02;1.0514914e-01;2.8750000e+02;1.3548163e-01;2.8750000e+02;1.7117137e-01;2.8750000e+02;2.1053733e-01;2.8750000e+02;2.5308198e-01;2.8750000e+02;2.7370313e-01;2.8750000e+02;2.7096260e-01;2.8750000e+02;2.4285096e-01;2.8750000e+02;2.0693442e-01;2.8750000e+02;1.6555145e-01;2.8750000e+02;1.2024519e-01;2.8750000e+02;7.9540953e-02;2.8750000e+02;4.1780747e-02;2.8750000e+02;1.2773566e-03;2.8750000e+02;1.2828532e-02;2.8750000e+02;3.0352397e-02;2.8750000e+02;5.1146403e-02;2.8750000e+02;7.6138347e-02;2.8750000e+02;1.0514914e-01;2.8750000e+02;1.3548163e-01;2.8750000e+02;1.7117137e-01;2.8750000e+02;2.1053733e-01;2.8750000e+02;2.5308198e-01;2.8750000e+02;2.7370313e-01;2.8750000e+02;2.7096260e-01;2.8750000e+02;2.4285096e-01;2.8750000e+02;2.0693442e-01;2.8750000e+02;1.6555145e-01;2.8750000e+02;1.2024519e-01;2.8750000e+02;7.9540953e-02;2.8750000e+02;4.1780747e-02;2.8750000e+02;1.2773566e-03;2.8750000e+02;1.2828532e-02;2.8750000e+02;3.0352397e-02;2.8750000e+02;5.1146403e-02;2.8750000e+02;7.6138347e-02;2.8750000e+02;1.0514914e-01;2.8750000e+02;1.3548163e-01;2.8750000e+02;1.7117137e-01;2.8750000e+02;2.1053733e-01;2.8750000e+02;2.5308198e-01;2.8750000e+02;2.7370313e-01;2.8750000e+02;2.7096260e-01;2.8750000e+02;2.4285096e-01;2.8750000e+02;2.0693442e-01;2.8750000e+02;1.6555145e-01;2.8750000e+02;1.2024519e-01;2.8750000e+02;7.9540953e-02;2.8750000e+02;4.1780747e-02;2.8750000e+02;1.2773566e-03;2.8750000e+02;1.2828532e-02;2.8750000e+02;3.0352397e-02;2.8750000e+02;5.1146403e-02;2.8750000e+02;7.6138347e-02;2.8750000e+02;1.0514914e-01;2.8750000e+02;1.3548163e-01;2.8750000e+02;1.7117137e-01;2.8750000e+02;2.1053733e-01;2.8750000e+02;2.5308198e-01;2.8750000e+02;2.7370313e-01;2.8750000e+02;2.7096260e-01;2.8750000e+02;2.4285096e-01;2.8750000e+02;2.0693442e-01;2.8750000e+02;1.6555145e-01;2.8750000e+02;1.2024519e-01;2.8750000e+02;7.9540953e-02;2.8750000e+02;4.1780747e-02;2.8750000e+02;1.2773566e-03;2.8750000e+02;1.2828532e-02;2.8750000e+02;3.0352397e-02;2.8750000e+02;5.1146403e-02;2.8750000e+02;7.6138347e-02;2.8750000e+02;1.0514914e-01;2.8750000e+02;1.3548163e-01;2.8750000e+02;1.7117137e-01;2.8750000e+02;2.1053733e-01;2.8750000e+02;2.5308198e-01;2.8750000e+02;2.7370313e-01;2.8750000e+02;2.7096260e-01;2.8750000e+02;2.4285096e-01;2.8750000e+02;2.0693442e-01;2.8750000e+02;1.6555145e-01;2.8750000e+02;1.2024519e-01;2.8750000e+02;7.9540953e-02;2.8750000e+02;4.1780747e-02;2.8750000e+02;1.2773566e-03;2.8750000e+02;1.2828532e-02;2.8750000e+02;3.0352397e-02;2.8750000e+02;5.1146403e-02;2.8750000e+02;7.6138347e-02;2.8750000e+02;1.0514914e-01;2.8750000e+02;1.3548163e-01;2.8750000e+02;1.7117137e-01;2.8750000e+02;2.1053733e-01;2.8750000e+02;2.5308198e-01;2.8750000e+02;2.7370313e-01;2.8750000e+02;2.7096260e-01;2.8750000e+02;2.4285096e-01;2.8750000e+02;2.0693442e-01;2.8750000e+02;1.6555145e-01;2.8750000e+02;1.2024519e-01;2.8750000e+02;7.9540953e-02;2.8750000e+02;4.1780747e-02;2.8750000e+02;1.2773566e-03;2.8750000e+02;1.2828532e-02;2.8750000e+02;3.0352397e-02;2.8750000e+02;5.1146403e-02;2.8750000e+02;7.6138347e-02;2.8750000e+02;1.0514914e-01;2.8750000e+02;1.3548163e-01;2.8750000e+02;1.7117137e-01;2.8750000e+02;2.1053733e-01;2.8750000e+02;2.5308198e-01;2.8750000e+02;2.7370313e-01;2.8750000e+02;2.7096260e-01;2.8750000e+02;2.4285096e-01;2.8750000e+02;2.0693442e-01;2.8750000e+02;1.6555145e-01;2.8750000e+02;1.2024519e-01;2.8750000e+02;7.9540953e-02;2.8750000e+02;4.1780747e-02;2.8750000e+02;1.2773566e-03;2.8750000e+02;1.2828532e-02;2.8750000e+02;3.0352397e-02;2.8750000e+02;5.1146403e-02;2.8750000e+02;7.6138347e-02;2.8750000e+02;1.0514914e-01;2.8750000e+02;1.3548163e-01;2.8750000e+02;1.7117137e-01;2.8750000e+02;2.1053733e-01;2.8750000e+02;2.5308198e-01;2.8750000e+02;2.7370313e-01;2.8750000e+02;2.7096260e-01;2.8750000e+02;2.4285096e-01;2.8750000e+02;2.0693442e-01;2.8750000e+02;1.6555145e-01;2.8750000e+02;1.2024519e-01;2.8750000e+02;7.9540953e-02;2.8750000e+02;4.1780747e-02;2.8750000e+02;1.2773566e-03;2.8750000e+02;1.2828532e-02;2.8750000e+02;3.0352397e-02;2.8750000e+02;5.1146403e-02;2.8750000e+02;7.6138347e-02;2.8750000e+02;1.0514914e-01;2.8750000e+02;1.3548163e-01;2.8750000e+02;1.7117137e-01;2.8750000e+02;2.1053733e-01;2.8750000e+02;2.5308198e-01;2.8750000e+02;2.7370313e-01;2.8750000e+02;2.7096260e-01;2.8750000e+02;2.4285096e-01;2.8750000e+02;2.0693442e-01;2.8750000e+02;1.6555145e-01;2.8750000e+02;1.2024519e-01;2.8750000e+02;7.9540953e-02;2.8750000e+02;4.1780747e-02;2.8750000e+02;1.2773566e-03;2.8750000e+02;1.2828532e-02;2.8750000e+02;3.0352397e-02;2.8750000e+02;5.1146403e-02;2.8750000e+02;7.6138347e-02;2.8750000e+02;1.0514914e-01;2.8750000e+02;1.3548163e-01;2.8750000e+02;1.7117137e-01;2.8750000e+02;2.1053733e-01;2.8750000e+02;2.5308198e-01;2.8750000e+02;2.7370313e-01;2.8750000e+02;2.7096260e-01;2.8750000e+02;2.4285096e-01;2.8750000e+02;2.0693442e-01;2.8750000e+02;1.6555145e-01;2.8750000e+02;1.2024519e-01;2.8750000e+02;7.9540953e-02;2.8750000e+02;4.1780747e-02;2.8750000e+02;1.2773566e-03;2.8750000e+02;1.2828532e-02;2.8750000e+02;3.0352397e-02;2.8750000e+02;5.1146403e-02;2.8750000e+02;7.6138347e-02;2.8750000e+02;1.0514914e-01;2.8750000e+02;1.3548163e-01;2.8750000e+02;1.7117137e-01;2.8750000e+02;2.1053733e-01;2.8750000e+02;2.5308198e-01;2.8750000e+02;2.7370313e-01;2.8750000e+02;2.7096260e-01;2.8750000e+02;2.4285096e-01;2.8750000e+02;2.0693442e-01;2.8750000e+02;1.6555145e-01;2.8750000e+02;1.2024519e-01;2.8750000e+02;7.9540953e-02;2.8750000e+02;4.1780747e-02;2.8750000e+02;1.2773566e-03;2.8750000e+02;1.2828532e-02;2.8750000e+02;3.0352397e-02;2.8750000e+02;5.1146403e-02;2.8750000e+02;7.6138347e-02;2.8750000e+02;1.0514914e-01;2.8750000e+02;1.3548163e-01;2.8750000e+02;1.7117137e-01;2.8750000e+02;2.1053733e-01;2.8750000e+02;2.5308198e-01;2.8750000e+02;2.7370313e-01;2.8750000e+02;2.7096260e-01;2.8750000e+02;2.4285096e-01;2.8750000e+02;2.0693442e-01;2.8750000e+02;1.6555145e-01;2.8750000e+02;1.2024519e-01;2.8750000e+02;7.9540953e-02;2.8750000e+02;4.1780747e-02;2.8750000e+02;1.2773566e-03;2.8750000e+02;1.2828532e-02;2.8750000e+02;3.0352397e-02;2.8750000e+02;5.1146403e-02;2.8750000e+02;7.6138347e-02;2.8750000e+02;1.0514914e-01;2.8750000e+02;1.3548163e-01;2.8750000e+02;1.7117137e-01;2.8750000e+02;2.1053733e-01;2.8750000e+02;2.5308198e-01;2.8750000e+02;2.7370313e-01;2.8750000e+02;2.7096260e-01;2.8750000e+02;2.4285096e-01;2.8750000e+02;2.0693442e-01;2.8750000e+02;1.6555145e-01;2.8750000e+02;1.2024519e-01;2.8750000e+02;7.9540953e-02;2.8750000e+02;4.1780747e-02;2.8750000e+02;1.2773566e-03;2.8750000e+02;1.2828532e-02;2.8750000e+02;3.0352397e-02;2.8750000e+02;5.1146403e-02;2.8750000e+02;7.6138347e-02;2.8750000e+02;1.0514914e-01;2.8750000e+02;1.3548163e-01;2.8750000e+02;1.7117137e-01;2.8750000e+02;2.1053733e-01;2.8750000e+02;2.5308198e-01;2.8750000e+02;2.7370313e-01;2.8750000e+02;2.7096260e-01;2.8750000e+02;2.4285096e-01;2.8750000e+02;2.0693442e-01;2.8750000e+02;1.6555145e-01;2.8750000e+02;1.2024519e-01;2.8750000e+02;7.9540953e-02;2.8750000e+02;4.1780747e-02;2.8750000e+02;1.2773566e-03;2.8750000e+02;1.2828532e-02;2.8750000e+02;3.0352397e-02;2.8750000e+02;5.1146403e-02;2.8750000e+02;7.6138347e-02;2.8750000e+02;1.0514914e-01;2.8750000e+02;1.3548163e-01;2.8750000e+02;1.7117137e-01;2.8750000e+02;2.1053733e-01;2.8750000e+02;2.5308198e-01;2.8750000e+02;2.7370313e-01;2.8750000e+02;2.7096260e-01;2.8750000e+02;2.4285096e-01;2.8750000e+02;2.0693442e-01;2.8750000e+02;1.6555145e-01;2.8750000e+02;1.2024519e-01;2.8750000e+02;7.9540953e-02;2.8750000e+02;4.1780747e-02;2.8750000e+02;1.2773566e-03;2.8750000e+02;1.2828532e-02;2.8750000e+02;3.0352397e-02;2.8750000e+02;5.1146403e-02;2.8750000e+02;7.6138347e-02;2.8750000e+02;1.0514914e-01;2.8750000e+02;1.3548163e-01;2.8750000e+02;1.7117137e-01;2.8750000e+02;2.1053733e-01;2.8750000e+02;2.5308198e-01;2.8750000e+02;2.7370313e-01;2.8750000e+02;2.7096260e-01;2.8750000e+02;2.4285096e-01;2.8750000e+02;2.0693442e-01;2.8750000e+02;1.6555145e-01;2.8750000e+02;1.2024519e-01;2.8750000e+02;7.9540953e-02;2.8750000e+02;4.1780747e-02;2.8750000e+02;1.2773566e-03;2.8750000e+02;1.2828532e-02;2.8750000e+02;3.0352397e-02;2.8750000e+02;5.1146403e-02;2.8750000e+02;7.6138347e-02;2.8750000e+02;1.0514914e-01;2.8750000e+02;1.3548163e-01;2.8750000e+02;1.7117137e-01;2.8750000e+02;2.1053733e-01;2.8750000e+02;2.5308198e-01;2.8750000e+02;2.7370313e-01;2.8750000e+02;2.7096260e-01;2.8750000e+02;2.4285096e-01;2.8750000e+02;2.0693442e-01;2.8750000e+02;1.6555145e-01;2.8750000e+02;1.2024519e-01;2.8750000e+02;7.9540953e-02;2.8750000e+02;4.1780747e-02;2.8750000e+02;1.2773566e-03;2.8750000e+02;1.2828532e-02;2.8750000e+02;3.0352397e-02;2.8750000e+02;5.1146403e-02;2.8750000e+02;7.6138347e-02;2.8750000e+02;1.0514914e-01;2.8750000e+02;1.3548163e-01;2.8750000e+02;1.7117137e-01;2.8750000e+02;2.1053733e-01;2.8750000e+02;2.5308198e-01;2.8750000e+02;2.7370313e-01;2.8750000e+02;2.7096260e-01;2.8750000e+02;2.4285096e-01;2.8750000e+02;2.0693442e-01;2.8750000e+02;1.6555145e-01;2.8750000e+02;1.2024519e-01;2.8750000e+02;7.9540953e-02;2.8750000e+02;4.1780747e-02;2.8750000e+02;1.2773566e-03;2.8750000e+02;1.2828532e-02;2.8750000e+02;3.0352397e-02;2.8750000e+02;5.1146403e-02;2.8750000e+02;7.6138347e-02;2.8750000e+02;1.0514914e-01;2.8750000e+02;1.3548163e-01;2.8750000e+02;1.7117137e-01;2.8750000e+02;2.1053733e-01;2.8750000e+02;2.5308198e-01;2.8750000e+02;2.7370313e-01;2.8750000e+02;2.7096260e-01;2.8750000e+02;2.4285096e-01;2.8750000e+02;2.0693442e-01;2.8750000e+02;1.6555145e-01;2.8750000e+02;1.2024519e-01;2.8750000e+02;7.9540953e-02;2.8750000e+02;4.1780747e-02;2.8750000e+02;1.2773566e-03;2.8750000e+02;1.2828532e-02;2.8750000e+02;3.0352397e-02;2.8750000e+02;5.1146403e-02;2.8750000e+02;7.6138347e-02;2.8750000e+02;1.0514914e-01;2.8750000e+02;1.3548163e-01;2.8750000e+02;1.7117137e-01;2.8750000e+02;2.1053733e-01;2.8750000e+02;2.5308198e-01;2.8750000e+02;2.7370313e-01;2.8750000e+02;2.7096260e-01;2.8750000e+02;2.4285096e-01;2.8750000e+02;2.0693442e-01;2.8750000e+02;1.6555145e-01;2.8750000e+02;1.2024519e-01;2.8750000e+02;7.9540953e-02;2.8750000e+02;4.1780747e-02;2.8750000e+02;1.2773566e-03;2.8750000e+02;1.2828532e-02;2.8750000e+02;3.0352397e-02;2.8750000e+02;5.1146403e-02;2.8750000e+02;7.6138347e-02;2.8750000e+02;1.0514914e-01;2.8750000e+02;1.3548163e-01;2.8750000e+02;1.7117137e-01;2.8750000e+02;2.1053733e-01;2.8750000e+02;2.5308198e-01;2.8750000e+02;2.7370313e-01;2.8750000e+02;2.7096260e-01;2.8750000e+02;2.4285096e-01;2.8750000e+02;2.0693442e-01;2.8750000e+02;1.6555145e-01;2.8750000e+02;1.2024519e-01;2.8750000e+02;7.9540953e-02;2.8750000e+02;4.1780747e-02;2.8750000e+02;1.2773566e-03;2.8750000e+02;1.2828532e-02;2.8750000e+02;3.0352397e-02;2.8750000e+02;5.1146403e-02;2.8750000e+02;7.6138347e-02;2.8750000e+02;1.0514914e-01;2.8750000e+02;1.3548163e-01;2.8750000e+02;1.7117137e-01;2.8750000e+02;2.1053733e-01;2.8750000e+02;2.5308198e-01;2.8750000e+02;2.7370313e-01;2.8750000e+02;2.7096260e-01;2.8750000e+02;2.4285096e-01;2.8750000e+02;2.0693442e-01;2.8750000e+02;1.6555145e-01;2.8750000e+02;1.2024519e-01;2.8750000e+02;7.9540953e-02;2.8750000e+02;4.1780747e-02;2.8750000e+02;1.2773566e-03;2.8750000e+02;1.2828532e-02;2.8750000e+02;3.0352397e-02;2.8750000e+02;5.1146403e-02;2.8750000e+02;7.6138347e-02;2.8750000e+02;1.0514914e-01;2.8750000e+02;1.3548163e-01;2.8750000e+02;1.7117137e-01;2.8750000e+02;2.1053733e-01;2.8750000e+02;2.5308198e-01;2.8750000e+02;2.7370313e-01;2.8750000e+02;2.7096260e-01;2.8750000e+02;2.4285096e-01;2.8750000e+02;2.0693442e-01;2.8750000e+02;1.6555145e-01;2.8750000e+02;1.2024519e-01;2.8750000e+02;7.9540953e-02;2.8750000e+02;4.1780747e-02;2.8750000e+02;1.2773566e-03;2.8750000e+02;1.2828532e-02;2.8750000e+02;3.0352397e-02;2.8750000e+02;5.1146403e-02;2.8750000e+02;7.6138347e-02;2.8750000e+02;1.0514914e-01;2.8750000e+02;1.3548163e-01;2.8750000e+02;1.7117137e-01;2.8750000e+02;2.1053733e-01;2.8750000e+02;2.5308198e-01;2.8750000e+02;2.7370313e-01;2.8750000e+02;2.7096260e-01;2.8750000e+02;2.4285096e-01;2.8750000e+02;2.0693442e-01;2.8750000e+02;1.6555145e-01;2.8750000e+02;1.2024519e-01;2.8750000e+02;7.9540953e-02;2.8750000e+02;4.1780747e-02;2.8750000e+02;1.2773566e-03;2.8750000e+02;1.2828532e-02;2.8750000e+02;3.0352397e-02;2.8750000e+02;5.1146403e-02;2.8750000e+02;7.6138347e-02;2.8750000e+02;1.0514914e-01;2.8750000e+02;1.3548163e-01;2.8750000e+02;1.7117137e-01;2.8750000e+02;2.1053733e-01;2.8750000e+02;2.5308198e-01;2.8750000e+02;2.7370313e-01;2.8750000e+02;2.7096260e-01;2.8750000e+02;2.4285096e-01;2.8750000e+02;2.0693442e-01;2.8750000e+02;1.6555145e-01;2.8750000e+02;1.2024519e-01;2.8750000e+02;7.9540953e-02;2.8750000e+02;4.1780747e-02;2.8750000e+02;1.2773566e-03;2.8750000e+02;1.2828532e-02;2.8750000e+02;3.0352397e-02;2.8750000e+02;5.1146403e-02;2.8750000e+02;7.6138347e-02;2.8750000e+02;1.0514914e-01;2.8750000e+02;1.3548163e-01;2.8750000e+02;1.7117137e-01;2.8750000e+02;2.1053733e-01;2.8750000e+02;2.5308198e-01;2.8750000e+02;2.7370313e-01;2.8750000e+02;2.7096260e-01;2.8750000e+02;2.4285096e-01;2.8750000e+02;2.0693442e-01;2.8750000e+02;1.6555145e-01;2.8750000e+02;1.2024519e-01;2.8750000e+02;7.9540953e-02;2.8750000e+02;4.1780747e-02;2.8750000e+02;1.2773566e-03;2.8750000e+02;1.2828532e-02;2.8750000e+02;3.0352397e-02;2.8750000e+02;5.1146403e-02;2.8750000e+02;7.6138347e-02;2.8750000e+02;1.0514914e-01;2.8750000e+02;1.3548163e-01;2.8750000e+02;1.7117137e-01;2.8750000e+02;2.1053733e-01;2.8750000e+02;2.5308198e-01;2.8750000e+02;2.7370313e-01;2.8750000e+02;2.7096260e-01;2.8750000e+02;2.4285096e-01;2.8750000e+02;2.0693442e-01;2.8750000e+02;1.6555145e-01;2.8750000e+02;1.2024519e-01;2.8750000e+02;7.9540953e-02;2.8750000e+02;4.1780747e-02;2.8750000e+02;1.2773566e-03;2.8750000e+02;1.2828532e-02;2.8750000e+02;3.0352397e-02;2.8750000e+02;5.1146403e-02;2.8750000e+02;7.6138347e-02;2.8750000e+02;1.0514914e-01;2.8750000e+02;1.3548163e-01;2.8750000e+02;1.7117137e-01;2.8750000e+02;2.1053733e-01;2.8750000e+02;2.5308198e-01;2.8750000e+02;2.7370313e-01;2.8750000e+02;2.7096260e-01;2.8750000e+02;2.4285096e-01;2.8750000e+02;2.0693442e-01;2.8750000e+02;1.6555145e-01;2.8750000e+02;1.2024519e-01;2.8750000e+02;7.9540953e-02;2.8750000e+02;4.1780747e-02;2.8750000e+02;1.2773566e-03;2.8750000e+02;1.2828532e-02;2.8750000e+02;3.0352397e-02;2.8750000e+02;5.1146403e-02;2.8750000e+02;7.6138347e-02;2.8750000e+02;1.0514914e-01;2.8750000e+02;1.3548163e-01;2.8750000e+02;1.7117137e-01;2.8750000e+02;2.1053733e-01;2.8750000e+02;2.5308198e-01;2.8750000e+02;2.7370313e-01;2.8750000e+02;2.7096260e-01;2.8750000e+02;2.4285096e-01;2.8750000e+02;2.0693442e-01;2.8750000e+02;1.6555145e-01;2.8750000e+02;1.2024519e-01;2.8750000e+02;7.9540953e-02;2.8750000e+02;4.1780747e-02;2.8750000e+02;1.2773566e-03;2.8750000e+02;1.2828532e-02;2.8750000e+02;3.0352397e-02;2.8750000e+02;5.1146403e-02;2.8750000e+02;7.6138347e-02;2.8750000e+02;1.0514914e-01;2.8750000e+02;1.3548163e-01;2.8750000e+02;1.7117137e-01;2.8750000e+02;2.1053733e-01;2.8750000e+02;2.5308198e-01;2.8750000e+02;2.7370313e-01;2.8750000e+02;2.7096260e-01;2.8750000e+02;2.4285096e-01;2.8750000e+02;2.0693442e-01;2.8750000e+02;1.6555145e-01;2.8750000e+02;1.2024519e-01;2.8750000e+02;7.9540953e-02;2.8750000e+02;4.1780747e-02;2.8750000e+02;1.2773566e-03;2.8750000e+02;1.2828532e-02;2.8750000e+02;3.0352397e-02;2.8750000e+02;5.1146403e-02;2.8750000e+02;7.6138347e-02;2.8750000e+02;1.0514914e-01;2.8750000e+02;1.3548163e-01;2.8750000e+02;1.7117137e-01;2.8750000e+02;2.1053733e-01;2.8750000e+02;2.5308198e-01;2.8750000e+02;2.7370313e-01;2.8750000e+02;2.7096260e-01;2.8750000e+02;2.4285096e-01;2.8750000e+02;2.0693442e-01;2.8750000e+02;1.6555145e-01;2.8750000e+02;1.2024519e-01;2.8750000e+02;7.9540953e-02;2.8750000e+02;4.1780747e-02;2.8750000e+02;1.2773566e-03;2.8750000e+02;1.2828532e-02;2.8750000e+02;3.0352397e-02;2.8750000e+02;5.1146403e-02;2.8750000e+02;7.6138347e-02;2.8750000e+02;1.0514914e-01;2.8750000e+02;1.3548163e-01;2.8750000e+02;1.7117137e-01;2.8750000e+02;2.1053733e-01;2.8750000e+02;2.5308198e-01;2.8750000e+02;2.7370313e-01;2.8750000e+02;2.7096260e-01;2.8750000e+02;2.4285096e-01;2.8750000e+02;2.0693442e-01;2.8750000e+02;1.6555145e-01;2.8750000e+02;1.2024519e-01;2.8750000e+02;7.9540953e-02;2.8750000e+02;4.1780747e-02;2.8750000e+02;1.2773566e-03;2.8750000e+02;1.2828532e-02;2.8750000e+02;3.0352397e-02;2.8750000e+02;5.1146403e-02;2.8750000e+02;7.6138347e-02;2.8750000e+02;1.0514914e-01;2.8750000e+02;1.3548163e-01;2.8750000e+02;1.7117137e-01;2.8750000e+02;2.1053733e-01;2.8750000e+02;2.5308198e-01;2.8750000e+02;2.7370313e-01;2.8750000e+02;2.7096260e-01;2.8750000e+02;2.4285096e-01;2.8750000e+02;2.0693442e-01;2.8750000e+02;1.6555145e-01;2.8750000e+02;1.2024519e-01;2.8750000e+02;7.9540953e-02;2.8750000e+02;4.1780747e-02;2.8750000e+02;1.2773566e-03;2.8750000e+02;1.2828532e-02;2.8750000e+02;3.0352397e-02;2.8750000e+02;5.1146403e-02;2.8750000e+02;7.6138347e-02;2.8750000e+02;1.0514914e-01;2.8750000e+02;1.3548163e-01;2.8750000e+02;1.7117137e-01;2.8750000e+02;2.1053733e-01;2.8750000e+02;2.5308198e-01;2.8750000e+02;2.7370313e-01;2.8750000e+02;2.7096260e-01;2.8750000e+02;2.4285096e-01;2.8750000e+02;2.0693442e-01;2.8750000e+02;1.6555145e-01;2.8750000e+02;1.2024519e-01;2.8750000e+02;7.9540953e-02;2.8750000e+02;4.1780747e-02;2.8750000e+02;1.2773566e-03;2.8750000e+02;1.2828532e-02;2.8750000e+02;3.0352397e-02;2.8750000e+02;5.1146403e-02;2.8750000e+02;7.6138347e-02;2.8750000e+02;1.0514914e-01;2.8750000e+02;1.3548163e-01;2.8750000e+02;1.7117137e-01;2.8750000e+02;2.1053733e-01;2.8750000e+02;2.5308198e-01;2.8750000e+02;2.7370313e-01;2.8750000e+02;2.7096260e-01;2.8750000e+02;2.4285096e-01;2.8750000e+02;2.0693442e-01;2.8750000e+02;1.6555145e-01;2.8750000e+02;1.2024519e-01;2.8750000e+02;7.9540953e-02;2.8750000e+02;4.1780747e-02;2.8750000e+02;1.2773566e-03;2.8750000e+02;1.2828532e-02;2.8750000e+02;3.0352397e-02;2.8750000e+02;5.1146403e-02;2.8750000e+02;7.6138347e-02;2.8750000e+02;1.0514914e-01;2.8750000e+02;1.3548163e-01;2.8750000e+02;1.7117137e-01;2.8750000e+02;2.1053733e-01;2.8750000e+02;2.5308198e-01;2.8750000e+02;2.7370313e-01;2.8750000e+02;2.7096260e-01;2.8750000e+02;2.4285096e-01;2.8750000e+02;2.0693442e-01;2.8750000e+02;1.6555145e-01;2.8750000e+02;1.2024519e-01;2.8750000e+02;7.9540953e-02;2.8750000e+02;4.1780747e-02;2.8750000e+02;1.2773566e-03;2.8750000e+02;1.2828532e-02;2.8750000e+02;3.0352397e-02;2.8750000e+02;5.1146403e-02;2.8750000e+02;7.6138347e-02;2.8750000e+02;1.0514914e-01;2.8750000e+02;1.3548163e-01;2.8750000e+02;1.7117137e-01;2.8750000e+02;2.1053733e-01;2.8750000e+02;2.5308198e-01;2.8750000e+02;2.7370313e-01;2.8750000e+02;2.7096260e-01;2.8750000e+02;2.4285096e-01;2.8750000e+02;2.0693442e-01;2.8750000e+02;1.6555145e-01;2.8750000e+02;1.2024519e-01;2.8750000e+02;7.9540953e-02;2.8750000e+02;4.1780747e-02;2.8750000e+02;1.2773566e-03;2.8750000e+02;1.2828532e-02;2.8750000e+02;3.0352397e-02;2.8750000e+02;5.1146403e-02;2.8750000e+02;7.6138347e-02;2.8750000e+02;1.0514914e-01;2.8750000e+02;1.3548163e-01;2.8750000e+02;1.7117137e-01;2.8750000e+02;2.1053733e-01;2.8750000e+02;2.5308198e-01;2.8750000e+02;2.7370313e-01;2.8750000e+02;2.7096260e-01;2.8750000e+02;2.4285096e-01;2.8750000e+02;2.0693442e-01;2.8750000e+02;1.6555145e-01;2.8750000e+02;1.2024519e-01;2.8750000e+02;7.9540953e-02;2.8750000e+02;4.1780747e-02;2.8750000e+02;1.2773566e-03;2.8750000e+02;1.2828532e-02;2.8750000e+02;3.0352397e-02;2.8750000e+02;5.1146403e-02;2.8750000e+02;7.6138347e-02;2.8750000e+02;1.0514914e-01;2.8750000e+02;1.3548163e-01;2.8750000e+02;1.7117137e-01;2.8750000e+02;2.1053733e-01;2.8750000e+02;2.5308198e-01;2.8750000e+02;2.7370313e-01;2.8750000e+02;2.7096260e-01;2.8750000e+02;2.4285096e-01;2.8750000e+02;2.0693442e-01;2.8750000e+02;1.6555145e-01;2.8750000e+02;1.2024519e-01;2.8750000e+02;7.9540953e-02;2.8750000e+02;4.1780747e-02;2.8750000e+02;1.2773566e-03;2.8750000e+02;1.2828532e-02;2.8750000e+02;3.0352397e-02;2.8750000e+02;5.1146403e-02;2.8750000e+02;7.6138347e-02;2.8750000e+02;1.0514914e-01;2.8750000e+02;1.3548163e-01;2.8750000e+02;1.7117137e-01;2.8750000e+02;2.1053733e-01;2.8750000e+02;2.5308198e-01;2.8750000e+02;2.7370313e-01;2.8750000e+02;2.7096260e-01;2.8750000e+02;2.4285096e-01;2.8750000e+02;2.0693442e-01;2.8750000e+02;1.6555145e-01;2.8750000e+02;1.2024519e-01;2.8750000e+02;7.9540953e-02;2.8750000e+02;4.1780747e-02;2.8750000e+02;1.2773566e-03;2.8750000e+02;1.2828532e-02;2.8750000e+02;3.0352397e-02;2.8750000e+02;5.1146403e-02;2.8750000e+02;7.6138347e-02;2.8750000e+02;1.0514914e-01;2.8750000e+02;1.3548163e-01;2.8750000e+02;1.7117137e-01;2.8750000e+02;2.1053733e-01;2.8750000e+02;2.5308198e-01;2.8750000e+02;2.7370313e-01;2.8750000e+02;2.7096260e-01;2.8750000e+02;2.4285096e-01;2.8750000e+02;2.0693442e-01;2.8750000e+02;1.6555145e-01;2.8750000e+02;1.2024519e-01;2.8750000e+02;7.9540953e-02;2.8750000e+02;4.1780747e-02;2.8750000e+02;1.2773566e-03;2.8750000e+02;1.2828532e-02;2.8750000e+02;3.0352397e-02;2.8750000e+02;5.1146403e-02;2.8750000e+02;7.6138347e-02;2.8750000e+02;1.0514914e-01;2.8750000e+02;1.3548163e-01;2.8750000e+02;1.7117137e-01;2.8750000e+02;2.1053733e-01;2.8750000e+02;2.5308198e-01;2.8750000e+02;2.7370313e-01;2.8750000e+02;2.7096260e-01;2.8750000e+02;2.4285096e-01;2.8750000e+02;2.0693442e-01;2.8750000e+02;1.6555145e-01;2.8750000e+02;1.2024519e-01;2.8750000e+02;7.9540953e-02;2.8750000e+02;4.1780747e-02;2.8750000e+02;1.2773566e-03;2.8750000e+02;1.2828532e-02;2.8750000e+02;3.0352397e-02;2.8750000e+02;5.1146403e-02;2.8750000e+02;7.6138347e-02;2.8750000e+02;1.0514914e-01;2.8750000e+02;1.3548163e-01;2.8750000e+02;1.7117137e-01;2.8750000e+02;2.1053733e-01;2.8750000e+02;2.5308198e-01;2.8750000e+02;2.7370313e-01;2.8750000e+02;2.7096260e-01;2.8750000e+02;2.4285096e-01;2.8750000e+02;2.0693442e-01;2.8750000e+02;1.6555145e-01;2.8750000e+02;1.2024519e-01;2.8750000e+02;7.9540953e-02;2.8750000e+02;4.1780747e-02;2.8750000e+02;1.2773566e-03;2.8750000e+02;1.2828532e-02;2.8750000e+02;3.0352397e-02;2.8750000e+02;5.1146403e-02;2.8750000e+02;7.6138347e-02;2.8750000e+02;1.0514914e-01;2.8750000e+02;1.3548163e-01;2.8750000e+02;1.7117137e-01;2.8750000e+02;2.1053733e-01;2.8750000e+02;2.5308198e-01;2.8750000e+02;2.7370313e-01;2.8750000e+02;2.7096260e-01;2.8750000e+02;2.4285096e-01;2.8750000e+02;2.0693442e-01;2.8750000e+02;1.6555145e-01;2.8750000e+02;1.2024519e-01;2.8750000e+02;7.9540953e-02;2.8750000e+02;4.1780747e-02;2.8750000e+02;1.2773566e-03;2.8750000e+02;1.2828532e-02;2.8750000e+02;3.0352397e-02;2.8750000e+02;5.1146403e-02;2.8750000e+02;7.6138347e-02;2.8750000e+02;1.0514914e-01;2.8750000e+02;1.3548163e-01;2.8750000e+02;1.7117137e-01;2.8750000e+02;2.1053733e-01;2.8750000e+02;2.5308198e-01;2.8750000e+02;2.7370313e-01;2.8750000e+02;2.7096260e-01;2.8750000e+02;2.4285096e-01;2.8750000e+02;2.0693442e-01;2.8750000e+02;1.6555145e-01;2.8750000e+02;1.2024519e-01;2.8750000e+02;7.9540953e-02;2.8750000e+02;4.1780747e-02;2.8750000e+02;1.2773566e-03;2.8750000e+02;1.2828532e-02;2.8750000e+02;3.0352397e-02;2.8750000e+02;5.1146403e-02;2.8750000e+02;7.6138347e-02;2.8750000e+02;1.0514914e-01;2.8750000e+02;1.3548163e-01;2.8750000e+02;1.7117137e-01;2.8750000e+02;2.1053733e-01;2.8750000e+02;2.5308198e-01;2.8750000e+02;2.7370313e-01;2.8750000e+02;2.7096260e-01;2.8750000e+02;2.4285096e-01;2.8750000e+02;2.0693442e-01;2.8750000e+02;1.6555145e-01;2.8750000e+02;1.2024519e-01;2.8750000e+02;7.9540953e-02;2.8750000e+02;4.1780747e-02;2.8750000e+02;1.2773566e-03;2.8750000e+02;1.2828532e-02;2.8750000e+02;3.0352397e-02;2.8750000e+02;5.1146403e-02;2.8750000e+02;7.6138347e-02;2.8750000e+02;1.0514914e-01;2.8750000e+02;1.3548163e-01;2.8750000e+02;1.7117137e-01;2.8750000e+02;2.1053733e-01;2.8750000e+02;2.5308198e-01;2.8750000e+02;2.7370313e-01;2.8750000e+02;2.7096260e-01;2.8750000e+02;2.4285096e-01;2.8750000e+02;2.0693442e-01;2.8750000e+02;1.6555145e-01;2.8750000e+02;1.2024519e-01;2.8750000e+02;7.9540953e-02;2.8750000e+02;4.1780747e-02;2.8750000e+02;1.2773566e-03;2.8750000e+02;1.2828532e-02;2.8750000e+02;3.0352397e-02;2.8750000e+02;5.1146403e-02;2.8750000e+02;7.6138347e-02;2.8750000e+02;1.0514914e-01;2.8750000e+02;1.3548163e-01;2.8750000e+02;1.7117137e-01;2.8750000e+02;2.1053733e-01;2.8750000e+02;2.5308198e-01;2.8750000e+02;2.7370313e-01;2.8750000e+02;2.7096260e-01;2.8750000e+02;2.4285096e-01;2.8750000e+02;2.0693442e-01;2.8750000e+02;1.6555145e-01;2.8750000e+02;1.2024519e-01;2.8750000e+02;7.9540953e-02;2.8750000e+02;4.1780747e-02;2.8750000e+02;1.2773566e-03;2.8750000e+02;1.2828532e-02;2.8750000e+02;3.0352397e-02;2.8750000e+02;5.1146403e-02;2.8750000e+02;7.6138347e-02;2.8750000e+02;1.0514914e-01;2.8750000e+02;1.3548163e-01;2.8750000e+02;1.7117137e-01;2.8750000e+02;2.1053733e-01;2.8750000e+02;2.5308198e-01;2.8750000e+02;2.7370313e-01;2.8750000e+02;2.7096260e-01;2.8750000e+02;2.4285096e-01;2.8750000e+02;2.0693442e-01;2.8750000e+02;1.6555145e-01;2.8750000e+02;1.2024519e-01;2.8750000e+02;7.9540953e-02;2.8750000e+02;4.1780747e-02;2.8750000e+02;1.2773566e-03;2.8750000e+02;1.2828532e-02;2.8750000e+02;3.0352397e-02;2.8750000e+02;5.1146403e-02;2.8750000e+02;7.6138347e-02;2.8750000e+02;1.0514914e-01;2.8750000e+02;1.3548163e-01;2.8750000e+02;1.7117137e-01;2.8750000e+02;2.1053733e-01;2.8750000e+02;2.5308198e-01;2.8750000e+02;2.7370313e-01;2.8750000e+02;2.7096260e-01;2.8750000e+02;2.4285096e-01;2.8750000e+02;2.0693442e-01;2.8750000e+02;1.6555145e-01;2.8750000e+02;1.2024519e-01;2.8750000e+02;7.9540953e-02;2.8750000e+02;4.1780747e-02;2.8750000e+02;1.2773566e-03;2.8750000e+02;1.2828532e-02;2.8750000e+02;3.0352397e-02;2.8750000e+02;5.1146403e-02;2.8750000e+02;7.6138347e-02;2.8750000e+02;1.0514914e-01;2.8750000e+02;1.3548163e-01;2.8750000e+02;1.7117137e-01;2.8750000e+02;2.1053733e-01;2.8750000e+02;2.5308198e-01;2.8750000e+02;2.7370313e-01;2.8750000e+02;2.7096260e-01;2.8750000e+02;2.4285096e-01;2.8750000e+02;2.0693442e-01;2.8750000e+02;1.6555145e-01;2.8750000e+02;1.2024519e-01;2.8750000e+02;7.9540953e-02;2.8750000e+02;4.1780747e-02;2.8750000e+02;1.2773566e-03;2.8750000e+02;1.2828532e-02;2.8750000e+02;3.0352397e-02;2.8750000e+02;5.1146403e-02;2.8750000e+02;7.6138347e-02;2.8750000e+02;1.0514914e-01;2.8750000e+02;1.3548163e-01;2.8750000e+02;1.7117137e-01;2.8750000e+02;2.1053733e-01;2.8750000e+02;2.5308198e-01;2.8750000e+02;2.7370313e-01;2.8750000e+02;2.7096260e-01;2.8750000e+02;2.4285096e-01;2.8750000e+02;2.0693442e-01;2.8750000e+02;1.6555145e-01;2.8750000e+02;1.2024519e-01;2.8750000e+02;7.9540953e-02;2.8750000e+02;4.1780747e-02;2.8750000e+02;1.2773566e-03;2.8750000e+02;1.2828532e-02;2.8750000e+02;3.0352397e-02;2.8750000e+02;5.1146403e-02;2.8750000e+02;7.6138347e-02;2.8750000e+02;1.0514914e-01;2.8750000e+02;1.3548163e-01;2.8750000e+02;1.7117137e-01;2.8750000e+02;2.1053733e-01;2.8750000e+02;2.5308198e-01;2.8750000e+02;2.7370313e-01;2.8750000e+02;2.7096260e-01;2.8750000e+02;2.4285096e-01;2.8750000e+02;2.0693442e-01;2.8750000e+02;1.6555145e-01;2.8750000e+02;1.2024519e-01;2.8750000e+02;7.9540953e-02;2.8750000e+02;4.1780747e-02;2.8750000e+02;1.2773566e-03;2.8750000e+02;1.2828532e-02;2.8750000e+02;3.0352397e-02;2.8750000e+02;5.1146403e-02;2.8750000e+02;7.6138347e-02;2.8750000e+02;1.0514914e-01;2.8750000e+02;1.3548163e-01;2.8750000e+02;1.7117137e-01;2.8750000e+02;2.1053733e-01;2.8750000e+02;2.5308198e-01;2.8750000e+02;2.7370313e-01;2.8750000e+02;2.7096260e-01;2.8750000e+02;2.4285096e-01;2.8750000e+02;2.0693442e-01;2.8750000e+02;1.6555145e-01;2.8750000e+02;1.2024519e-01;2.8750000e+02;7.9540953e-02;2.8750000e+02;4.1780747e-02;2.8750000e+02;1.2773566e-03;2.8750000e+02;1.2828532e-02;2.8750000e+02;3.0352397e-02;2.8750000e+02;5.1146403e-02;2.8750000e+02;7.6138347e-02;2.8750000e+02;1.0514914e-01;2.8750000e+02;1.3548163e-01;2.8750000e+02;1.7117137e-01;2.8750000e+02;2.1053733e-01;2.8750000e+02;2.5308198e-01;2.8750000e+02;2.7370313e-01;2.8750000e+02;2.7096260e-01;2.8750000e+02;2.4285096e-01;2.8750000e+02;2.0693442e-01;2.8750000e+02;1.6555145e-01;2.8750000e+02;1.2024519e-01;2.8750000e+02;7.9540953e-02;2.8750000e+02;4.1780747e-02;2.8750000e+02;1.2773566e-03;2.8750000e+02;1.2828532e-02;2.8750000e+02;3.0352397e-02;2.8750000e+02;5.1146403e-02;2.8750000e+02;7.6138347e-02;2.8750000e+02;1.0514914e-01;2.8750000e+02;1.3548163e-01;2.8750000e+02;1.7117137e-01;2.8750000e+02;2.1053733e-01;2.8750000e+02;2.5308198e-01;2.8750000e+02;2.7370313e-01;2.8750000e+02;2.7096260e-01;2.8750000e+02;2.4285096e-01;2.8750000e+02;2.0693442e-01;2.8750000e+02;1.6555145e-01;2.8750000e+02;1.2024519e-01;2.8750000e+02;7.9540953e-02;2.8750000e+02;4.1780747e-02;2.8750000e+02;1.2773566e-03;2.8750000e+02;1.2828532e-02;2.8750000e+02;3.0352397e-02;2.8750000e+02;5.1146403e-02;2.8750000e+02;7.6138347e-02;2.8750000e+02;1.0514914e-01;2.8750000e+02;1.3548163e-01;2.8750000e+02;1.7117137e-01;2.8750000e+02;2.1053733e-01;2.8750000e+02;2.5308198e-01;2.8750000e+02;2.7370313e-01;2.8750000e+02;2.7096260e-01;2.8750000e+02;2.4285096e-01;2.8750000e+02;2.0693442e-01;2.8750000e+02;1.6555145e-01;2.8750000e+02;1.2024519e-01;2.8750000e+02;7.9540953e-02;2.8750000e+02;4.1780747e-02;2.8750000e+02;1.2773566e-03;2.8750000e+02;1.2828532e-02;2.8750000e+02;3.0352397e-02;2.8750000e+02;5.1146403e-02;2.8750000e+02;7.6138347e-02;2.8750000e+02;1.0514914e-01;2.8750000e+02;1.3548163e-01;2.8750000e+02;1.7117137e-01;2.8750000e+02;2.1053733e-01;2.8750000e+02;2.5308198e-01;2.8750000e+02;2.7370313e-01;2.8750000e+02;2.7096260e-01;2.8750000e+02;2.4285096e-01;2.8750000e+02;2.0693442e-01;2.8750000e+02;1.6555145e-01;2.8750000e+02;1.2024519e-01;2.8750000e+02;7.9540953e-02;2.8750000e+02;4.1780747e-02;2.8750000e+02;1.2773566e-03;2.8750000e+02;1.2828532e-02;2.8750000e+02;3.0352397e-02;2.8750000e+02;5.1146403e-02;2.8750000e+02;7.6138347e-02;2.8750000e+02;1.0514914e-01;2.8750000e+02;1.3548163e-01;2.8750000e+02;1.7117137e-01;2.8750000e+02;2.1053733e-01;2.8750000e+02;2.5308198e-01;2.8750000e+02;2.7370313e-01;2.8750000e+02;2.7096260e-01;2.8750000e+02;2.4285096e-01;2.8750000e+02;2.0693442e-01;2.8750000e+02;1.6555145e-01;2.8750000e+02;1.2024519e-01;2.8750000e+02;7.9540953e-02;2.8750000e+02;4.1780747e-02;2.8750000e+02;1.2773566e-03;2.8750000e+02;1.2828532e-02;2.8750000e+02;3.0352397e-02;2.8750000e+02;5.1146403e-02;2.8750000e+02;7.6138347e-02;2.8750000e+02;1.0514914e-01;2.8750000e+02;1.3548163e-01;2.8750000e+02;1.7117137e-01;2.8750000e+02;2.1053733e-01;2.8750000e+02;2.5308198e-01;2.8750000e+02;2.7370313e-01;2.8750000e+02;2.7096260e-01;2.8750000e+02;2.4285096e-01;2.8750000e+02;2.0693442e-01;2.8750000e+02;1.6555145e-01;2.8750000e+02;1.2024519e-01;2.8750000e+02;7.9540953e-02;2.8750000e+02;4.1780747e-02;2.8750000e+02;1.2773566e-03;2.8750000e+02;1.2828532e-02;2.8750000e+02;3.0352397e-02;2.8750000e+02;5.1146403e-02;2.8750000e+02;7.6138347e-02;2.8750000e+02;1.0514914e-01;2.8750000e+02;1.3548163e-01;2.8750000e+02;1.7117137e-01;2.8750000e+02;2.1053733e-01;2.8750000e+02;2.5308198e-01;2.8750000e+02;2.7370313e-01;2.8750000e+02;2.7096260e-01;2.8750000e+02;2.4285096e-01;2.8750000e+02;2.0693442e-01;2.8750000e+02;1.6555145e-01;2.8750000e+02;1.2024519e-01;2.8750000e+02;7.9540953e-02;2.8750000e+02;4.1780747e-02;2.8750000e+02;1.2773566e-03;2.8750000e+02;1.2828532e-02;2.8750000e+02;3.0352397e-02;2.8750000e+02;5.1146403e-02;2.8750000e+02;7.6138347e-02;2.8750000e+02;1.0514914e-01;2.8750000e+02;1.3548163e-01;2.8750000e+02;1.7117137e-01;2.8750000e+02;2.1053733e-01;2.8750000e+02;2.5308198e-01;2.8750000e+02;2.7370313e-01;2.8750000e+02;2.7096260e-01;2.8750000e+02;2.4285096e-01;2.8750000e+02;2.0693442e-01;2.8750000e+02;1.6555145e-01;2.8750000e+02;1.2024519e-01;2.8750000e+02;7.9540953e-02;2.8750000e+02;4.1780747e-02;2.8750000e+02;1.2773566e-03;2.8750000e+02;1.2828532e-02;2.8750000e+02;3.0352397e-02;2.8750000e+02;5.1146403e-02;2.8750000e+02;7.6138347e-02;2.8750000e+02;1.0514914e-01;2.8750000e+02;1.3548163e-01;2.8750000e+02;1.7117137e-01;2.8750000e+02;2.1053733e-01;2.8750000e+02;2.5308198e-01;2.8750000e+02;2.7370313e-01;2.8750000e+02;2.7096260e-01;2.8750000e+02;2.4285096e-01;2.8750000e+02;2.0693442e-01;2.8750000e+02;1.6555145e-01;2.8750000e+02;1.2024519e-01;2.8750000e+02;7.9540953e-02;2.8750000e+02;4.1780747e-02;2.8750000e+02;1.2773566e-03;2.8750000e+02;1.2828532e-02;2.8750000e+02;3.0352397e-02;2.8750000e+02;5.1146403e-02;2.8750000e+02;7.6138347e-02;2.8750000e+02;1.0514914e-01;2.8750000e+02;1.3548163e-01;2.8750000e+02;1.7117137e-01;2.8750000e+02;2.1053733e-01;2.8750000e+02;2.5308198e-01;2.8750000e+02;2.7370313e-01;2.8750000e+02;2.7096260e-01;2.8750000e+02;2.4285096e-01;2.8750000e+02;2.0693442e-01;2.8750000e+02;1.6555145e-01;2.8750000e+02;1.2024519e-01;2.8750000e+02;7.9540953e-02;2.8750000e+02;4.1780747e-02;2.8750000e+02;1.2773566e-03;2.8750000e+02;1.2828532e-02;2.8750000e+02;3.0352397e-02;2.8750000e+02;5.1146403e-02;2.8750000e+02;7.6138347e-02;2.8750000e+02;1.0514914e-01;2.8750000e+02;1.3548163e-01;2.8750000e+02;1.7117137e-01;2.8750000e+02;2.1053733e-01;2.8750000e+02;2.5308198e-01;2.8750000e+02;2.7370313e-01;2.8750000e+02;2.7096260e-01;2.8750000e+02;2.4285096e-01;2.8750000e+02;2.0693442e-01;2.8750000e+02;1.6555145e-01;2.8750000e+02;1.2024519e-01;2.8750000e+02;7.9540953e-02;2.8750000e+02;4.1780747e-02;2.8750000e+02;1.2773566e-03;2.8750000e+02;1.2828532e-02;2.8750000e+02;3.0352397e-02;2.8750000e+02;5.1146403e-02;2.8750000e+02;7.6138347e-02;2.8750000e+02;1.0514914e-01;2.8750000e+02;1.3548163e-01;2.8750000e+02;1.7117137e-01;2.8750000e+02;2.1053733e-01;2.8750000e+02;2.5308198e-01;2.8750000e+02;2.7370313e-01;2.8750000e+02;2.7096260e-01;2.8750000e+02;2.4285096e-01;2.8750000e+02;2.0693442e-01;2.8750000e+02;1.6555145e-01;2.8750000e+02;1.2024519e-01;2.8750000e+02;7.9540953e-02;2.8750000e+02;4.1780747e-02;2.8750000e+02;1.2773566e-03;2.8750000e+02;1.2828532e-02;2.8750000e+02;3.0352397e-02;2.8750000e+02;5.1146403e-02;2.8750000e+02;7.6138347e-02;2.8750000e+02;1.0514914e-01;2.8750000e+02;1.3548163e-01;2.8750000e+02;1.7117137e-01;2.8750000e+02;2.1053733e-01;2.8750000e+02;2.5308198e-01;2.8750000e+02;2.7370313e-01;2.8750000e+02;2.7096260e-01;2.8750000e+02;2.4285096e-01;2.8750000e+02;2.0693442e-01;2.8750000e+02;1.6555145e-01;2.8750000e+02;1.2024519e-01;2.8750000e+02;7.9540953e-02;2.8750000e+02;4.1780747e-02;2.8750000e+02;1.2773566e-03;2.8750000e+02;1.2828532e-02;2.8750000e+02;3.0352397e-02;2.8750000e+02;5.1146403e-02;2.8750000e+02;7.6138347e-02;2.8750000e+02;1.0514914e-01;2.8750000e+02;1.3548163e-01;2.8750000e+02;1.7117137e-01;2.8750000e+02;2.1053733e-01;2.8750000e+02;2.5308198e-01;2.8750000e+02;2.7370313e-01;2.8750000e+02;2.7096260e-01;2.8750000e+02;2.4285096e-01;2.8750000e+02;2.0693442e-01;2.8750000e+02;1.6555145e-01;2.8750000e+02;1.2024519e-01;2.8750000e+02;7.9540953e-02;2.8750000e+02;4.1780747e-02;2.8750000e+02;1.2773566e-03;2.8750000e+02;1.2828532e-02;2.8750000e+02;3.0352397e-02;2.8750000e+02;5.1146403e-02;2.8750000e+02;7.6138347e-02;2.8750000e+02;1.0514914e-01;2.8750000e+02;1.3548163e-01;2.8750000e+02;1.7117137e-01;2.8750000e+02;2.1053733e-01;2.8750000e+02;2.5308198e-01;2.8750000e+02;2.7370313e-01;2.8750000e+02;2.7096260e-01;2.8750000e+02;2.4285096e-01;2.8750000e+02;2.0693442e-01;2.8750000e+02;1.6555145e-01;2.8750000e+02;1.2024519e-01;2.8750000e+02;7.9540953e-02;2.8750000e+02;4.1780747e-02;2.8750000e+02;1.2773566e-03;2.8750000e+02;1.2828532e-02;2.8750000e+02;3.0352397e-02;2.8750000e+02;5.1146403e-02;2.8750000e+02;7.6138347e-02;2.8750000e+02;1.0514914e-01;2.8750000e+02;1.3548163e-01;2.8750000e+02;1.7117137e-01;2.8750000e+02;2.1053733e-01;2.8750000e+02;2.5308198e-01;2.8750000e+02;2.7370313e-01;2.8750000e+02;2.7096260e-01;2.8750000e+02;2.4285096e-01;2.8750000e+02;2.0693442e-01;2.8750000e+02;1.6555145e-01;2.8750000e+02;1.2024519e-01;2.8750000e+02;7.9540953e-02;2.8750000e+02;4.1780747e-02;2.8750000e+02;1.2773566e-03;2.8750000e+02;1.2828532e-02;2.8750000e+02;3.0352397e-02;2.8750000e+02;5.1146403e-02;2.8750000e+02;7.6138347e-02;2.8750000e+02;1.0514914e-01;2.8750000e+02;1.3548163e-01;2.8750000e+02;1.7117137e-01;2.8750000e+02;2.1053733e-01;2.8750000e+02;2.5308198e-01;2.8750000e+02;2.7370313e-01;2.8750000e+02;2.7096260e-01;2.8750000e+02;2.4285096e-01;2.8750000e+02;2.0693442e-01;2.8750000e+02;1.6555145e-01;2.8750000e+02;1.2024519e-01;2.8750000e+02;7.9540953e-02;2.8750000e+02;4.1780747e-02;2.8750000e+02;1.2773566e-03;2.8750000e+02;1.2828532e-02;2.8750000e+02;3.0352397e-02;2.8750000e+02;5.1146403e-02;2.8750000e+02;7.6138347e-02;2.8750000e+02;1.0514914e-01;2.8750000e+02;1.3548163e-01;2.8750000e+02;1.7117137e-01;2.8750000e+02;2.1053733e-01;2.8750000e+02;2.5308198e-01;2.8750000e+02;2.7370313e-01;2.8750000e+02;2.7096260e-01;2.8750000e+02;2.4285096e-01;2.8750000e+02;2.0693442e-01;2.8750000e+02;1.6555145e-01;2.8750000e+02;1.2024519e-01;2.8750000e+02;7.9540953e-02;2.8750000e+02;4.1780747e-02;2.8750000e+02;1.2773566e-03;2.8750000e+02;1.2828532e-02;2.8750000e+02;3.0352397e-02;2.8750000e+02;5.1146403e-02;2.8750000e+02;7.6138347e-02;2.8750000e+02;1.0514914e-01;2.8750000e+02;1.3548163e-01;2.8750000e+02;1.7117137e-01;2.8750000e+02;2.1053733e-01;2.8750000e+02;2.5308198e-01;2.8750000e+02;2.7370313e-01;2.8750000e+02;2.7096260e-01;2.8750000e+02;2.4285096e-01;2.8750000e+02;2.0693442e-01;2.8750000e+02;1.6555145e-01;2.8750000e+02;1.2024519e-01;2.8750000e+02;7.9540953e-02;2.8750000e+02;4.1780747e-02;2.8750000e+02;1.2773566e-03;2.8750000e+02;1.2828532e-02;2.8750000e+02;3.0352397e-02;2.8750000e+02;5.1146403e-02;2.8750000e+02;7.6138347e-02;2.8750000e+02;1.0514914e-01;2.8750000e+02;1.3548163e-01;2.8750000e+02;1.7117137e-01;2.8750000e+02;2.1053733e-01;2.8750000e+02;2.5308198e-01;2.8750000e+02;2.7370313e-01;2.8750000e+02;2.7096260e-01;2.8750000e+02;2.4285096e-01;2.8750000e+02;2.0693442e-01;2.8750000e+02;1.6555145e-01;2.8750000e+02;1.2024519e-01;2.8750000e+02;7.9540953e-02;2.8750000e+02;4.1780747e-02;2.8750000e+02;1.2773566e-03;2.8750000e+02;1.2828532e-02;2.8750000e+02;3.0352397e-02;2.8750000e+02;5.1146403e-02;2.8750000e+02;7.6138347e-02;2.8750000e+02;1.0514914e-01;2.8750000e+02;1.3548163e-01;2.8750000e+02;1.7117137e-01;2.8750000e+02;2.1053733e-01;2.8750000e+02;2.5308198e-01;2.8750000e+02;2.7370313e-01;2.8750000e+02;2.7096260e-01;2.8750000e+02;2.4285096e-01;2.8750000e+02;2.0693442e-01;2.8750000e+02;1.6555145e-01;2.8750000e+02;1.2024519e-01;2.8750000e+02;7.9540953e-02;2.8750000e+02;4.1780747e-02;2.8750000e+02;1.2773566e-03;2.8750000e+02;1.2828532e-02;2.8750000e+02;3.0352397e-02;2.8750000e+02;5.1146403e-02;2.8750000e+02;7.6138347e-02;2.8750000e+02;1.0514914e-01;2.8750000e+02;1.3548163e-01;2.8750000e+02;1.7117137e-01;2.8750000e+02;2.1053733e-01;2.8750000e+02;2.5308198e-01;2.8750000e+02;2.7370313e-01;2.8750000e+02;2.7096260e-01;2.8750000e+02;2.4285096e-01;2.8750000e+02;2.0693442e-01;2.8750000e+02;1.6555145e-01;2.8750000e+02;1.2024519e-01;2.8750000e+02;7.9540953e-02;2.8750000e+02;4.1780747e-02;2.8750000e+02;1.2773566e-03;2.8750000e+02;1.2828532e-02;2.8750000e+02;3.0352397e-02;2.8750000e+02;5.1146403e-02;2.8750000e+02;7.6138347e-02;2.8750000e+02;1.0514914e-01;2.8750000e+02;1.3548163e-01;2.8750000e+02;1.7117137e-01;2.8750000e+02;2.1053733e-01;2.8750000e+02;2.5308198e-01;2.8750000e+02;2.7370313e-01;2.8750000e+02;2.7096260e-01;2.8750000e+02;2.4285096e-01;2.8750000e+02;2.0693442e-01;2.8750000e+02;1.6555145e-01;2.8750000e+02;1.2024519e-01;2.8750000e+02;7.9540953e-02;2.8750000e+02;4.1780747e-02;2.8750000e+02;1.2773566e-03;2.8750000e+02;1.2828532e-02;2.8750000e+02;3.0352397e-02;2.8750000e+02;5.1146403e-02;2.8750000e+02;7.6138347e-02;2.8750000e+02;1.0514914e-01;2.8750000e+02;1.3548163e-01;2.8750000e+02;1.7117137e-01;2.8750000e+02;2.1053733e-01;2.8750000e+02;2.5308198e-01;2.8750000e+02;2.7370313e-01;2.8750000e+02;2.7096260e-01;2.8750000e+02;2.4285096e-01;2.8750000e+02;2.0693442e-01;2.8750000e+02;1.6555145e-01;2.8750000e+02;1.2024519e-01;2.8750000e+02;7.9540953e-02;2.8750000e+02;4.1780747e-02;2.8750000e+02;1.2773566e-03;2.8750000e+02;1.2828532e-02;2.8750000e+02;3.0352397e-02;2.8750000e+02;5.1146403e-02;2.8750000e+02;7.6138347e-02;2.8750000e+02;1.0514914e-01;2.8750000e+02;1.3548163e-01;2.8750000e+02;1.7117137e-01;2.8750000e+02;2.1053733e-01;2.8750000e+02;2.5308198e-01;2.8750000e+02;2.7370313e-01;2.8750000e+02;2.7096260e-01;2.8750000e+02;2.4285096e-01;2.8750000e+02;2.0693442e-01;2.8750000e+02;1.6555145e-01;2.8750000e+02;1.2024519e-01;2.8750000e+02;7.9540953e-02;2.8750000e+02;4.1780747e-02;2.8750000e+02;1.2773566e-03;2.8750000e+02;1.2828532e-02;2.8750000e+02;3.0352397e-02;2.8750000e+02;5.1146403e-02;2.8750000e+02;7.6138347e-02;2.8750000e+02;1.0514914e-01;2.8750000e+02;1.3548163e-01;2.8750000e+02;1.7117137e-01;2.8750000e+02;2.1053733e-01;2.8750000e+02;2.5308198e-01;2.8750000e+02;2.7370313e-01;2.8750000e+02;2.7096260e-01;2.8750000e+02;2.4285096e-01;2.8750000e+02;2.0693442e-01;2.8750000e+02;1.6555145e-01;2.8750000e+02;1.2024519e-01;2.8750000e+02;7.9540953e-02;2.8750000e+02;4.1780747e-02;2.8750000e+02;1.2773566e-03;2.8750000e+02;1.2828532e-02;2.8750000e+02;3.0352397e-02;2.8750000e+02;5.1146403e-02;2.8750000e+02;7.6138347e-02;2.8750000e+02;1.0514914e-01;2.8750000e+02;1.3548163e-01;2.8750000e+02;1.7117137e-01;2.8750000e+02;2.1053733e-01;2.8750000e+02;2.5308198e-01;2.8750000e+02;2.7370313e-01;2.8750000e+02;2.7096260e-01;2.8750000e+02;2.4285096e-01;2.8750000e+02;2.0693442e-01;2.8750000e+02;1.6555145e-01;2.8750000e+02;1.2024519e-01;2.8750000e+02;7.9540953e-02;2.8750000e+02;4.1780747e-02;2.8750000e+02;1.2773566e-03;2.8750000e+02;1.2828532e-02;2.8750000e+02;3.0352397e-02;2.8750000e+02;5.1146403e-02;2.8750000e+02;7.6138347e-02;2.8750000e+02;1.0514914e-01;2.8750000e+02;1.3548163e-01;2.8750000e+02;1.7117137e-01;2.8750000e+02;2.1053733e-01;2.8750000e+02;2.5308198e-01;2.8750000e+02;2.7370313e-01;2.8750000e+02;2.7096260e-01;2.8750000e+02;2.4285096e-01;2.8750000e+02;2.0693442e-01;2.8750000e+02;1.6555145e-01;2.8750000e+02;1.2024519e-01;2.8750000e+02;7.9540953e-02;2.8750000e+02;4.1780747e-02;2.8750000e+02;1.2773566e-03;2.8750000e+02;1.2828532e-02;2.8750000e+02;3.0352397e-02;2.8750000e+02;5.1146403e-02;2.8750000e+02;7.6138347e-02;2.8750000e+02;1.0514914e-01;2.8750000e+02;1.3548163e-01;2.8750000e+02;1.7117137e-01;2.8750000e+02;2.1053733e-01;2.8750000e+02;2.5308198e-01;2.8750000e+02;2.7370313e-01;2.8750000e+02;2.7096260e-01;2.8750000e+02;2.4285096e-01;2.8750000e+02;2.0693442e-01;2.8750000e+02;1.6555145e-01;2.8750000e+02;1.2024519e-01;2.8750000e+02;7.9540953e-02;2.8750000e+02;4.1780747e-02;2.8750000e+02;1.2773566e-03;2.8750000e+02;1.2828532e-02;2.8750000e+02;3.0352397e-02;2.8750000e+02;5.1146403e-02;2.8750000e+02;7.6138347e-02;2.8750000e+02;1.0514914e-01;2.8750000e+02;1.3548163e-01;2.8750000e+02;1.7117137e-01;2.8750000e+02;2.1053733e-01;2.8750000e+02;2.5308198e-01;2.8750000e+02;2.7370313e-01;2.8750000e+02;2.7096260e-01;2.8750000e+02;2.4285096e-01;2.8750000e+02;2.0693442e-01;2.8750000e+02;1.6555145e-01;2.8750000e+02;1.2024519e-01;2.8750000e+02;7.9540953e-02;2.8750000e+02;4.1780747e-02;2.8750000e+02;1.2773566e-03;2.8750000e+02;1.2828532e-02;2.8750000e+02;3.0352397e-02;2.8750000e+02;5.1146403e-02;2.8750000e+02;7.6138347e-02;2.8750000e+02;1.0514914e-01;2.8750000e+02;1.3548163e-01;2.8750000e+02;1.7117137e-01;2.8750000e+02;2.1053733e-01;2.8750000e+02;2.5308198e-01;2.8750000e+02;2.7370313e-01;2.8750000e+02;2.7096260e-01;2.8750000e+02;2.4285096e-01;2.8750000e+02;2.0693442e-01;2.8750000e+02;1.6555145e-01;2.8750000e+02;1.2024519e-01;2.8750000e+02;7.9540953e-02;2.8750000e+02;4.1780747e-02;2.8750000e+02;1.2773566e-03;2.8750000e+02;1.2828532e-02;2.8750000e+02;3.0352397e-02;2.8750000e+02;5.1146403e-02;2.8750000e+02;7.6138347e-02;2.8750000e+02;1.0514914e-01;2.8750000e+02;1.3548163e-01;2.8750000e+02;1.7117137e-01;2.8750000e+02;2.1053733e-01;2.8750000e+02;2.5308198e-01;2.8750000e+02;2.7370313e-01;2.8750000e+02;2.7096260e-01;2.8750000e+02;2.4285096e-01;2.8750000e+02;2.0693442e-01;2.8750000e+02;1.6555145e-01;2.8750000e+02;1.2024519e-01;2.8750000e+02;7.9540953e-02;2.8750000e+02;4.1780747e-02;2.8750000e+02;1.2773566e-03;2.8750000e+02;1.2828532e-02;2.8750000e+02;3.0352397e-02;2.8750000e+02;5.1146403e-02;2.8750000e+02;7.6138347e-02;2.8750000e+02;1.0514914e-01;2.8750000e+02;1.3548163e-01;2.8750000e+02;1.7117137e-01;2.8750000e+02;2.1053733e-01;2.8750000e+02;2.5308198e-01;2.8750000e+02;2.7370313e-01;2.8750000e+02;2.7096260e-01;2.8750000e+02;2.4285096e-01;2.8750000e+02;2.0693442e-01;2.8750000e+02;1.6555145e-01;2.8750000e+02;1.2024519e-01;2.8750000e+02;7.9540953e-02;2.8750000e+02;4.1780747e-02;2.8750000e+02;1.2773566e-03;2.8750000e+02;1.2828532e-02;2.8750000e+02;3.0352397e-02;2.8750000e+02;5.1146403e-02;2.8750000e+02;7.6138347e-02;2.8750000e+02;1.0514914e-01;2.8750000e+02;1.3548163e-01;2.8750000e+02;1.7117137e-01;2.8750000e+02;2.1053733e-01;2.8750000e+02;2.5308198e-01;2.8750000e+02;2.7370313e-01;2.8750000e+02;2.7096260e-01;2.8750000e+02;2.4285096e-01;2.8750000e+02;2.0693442e-01;2.8750000e+02;1.6555145e-01;2.8750000e+02;1.2024519e-01;2.8750000e+02;7.9540953e-02;2.8750000e+02;4.1780747e-02;2.8750000e+02;1.2773566e-03;2.8750000e+02;1.2828532e-02;2.8750000e+02;3.0352397e-02;2.8750000e+02;5.1146403e-02;2.8750000e+02;7.6138347e-02;2.8750000e+02;1.0514914e-01;2.8750000e+02;1.3548163e-01;2.8750000e+02;1.7117137e-01;2.8750000e+02;2.1053733e-01;2.8750000e+02;2.5308198e-01;2.8750000e+02;2.7370313e-01;2.8750000e+02;2.7096260e-01;2.8750000e+02;2.4285096e-01;2.8750000e+02;2.0693442e-01;2.8750000e+02;1.6555145e-01;2.8750000e+02;1.2024519e-01;2.8750000e+02;7.9540953e-02;2.8750000e+02;4.1780747e-02;2.8750000e+02;1.2773566e-03;2.8750000e+02;1.2828532e-02;2.8750000e+02;3.0352397e-02;2.8750000e+02;5.1146403e-02;2.8750000e+02;7.6138347e-02;2.8750000e+02;1.0514914e-01;2.8750000e+02;1.3548163e-01;2.8750000e+02;1.7117137e-01;2.8750000e+02;2.1053733e-01;2.8750000e+02;2.5308198e-01;2.8750000e+02;2.7370313e-01;2.8750000e+02;2.7096260e-01;2.8750000e+02;2.4285096e-01;2.8750000e+02;2.0693442e-01;2.8750000e+02;1.6555145e-01;2.8750000e+02;1.2024519e-01;2.8750000e+02;7.9540953e-02;2.8750000e+02;4.1780747e-02;2.8750000e+02;1.2773566e-03;2.8750000e+02;1.2828532e-02;2.8750000e+02;3.0352397e-02;2.8750000e+02;5.1146403e-02;2.8750000e+02;7.6138347e-02;2.8750000e+02;1.0514914e-01;2.8750000e+02;1.3548163e-01;2.8750000e+02;1.7117137e-01;2.8750000e+02;2.1053733e-01;2.8750000e+02;2.5308198e-01;2.8750000e+02;2.7370313e-01;2.8750000e+02;2.7096260e-01;2.8750000e+02;2.4285096e-01;2.8750000e+02;2.0693442e-01;2.8750000e+02;1.6555145e-01;2.8750000e+02;1.2024519e-01;2.8750000e+02;7.9540953e-02;2.8750000e+02;4.1780747e-02;2.8750000e+02;1.2773566e-03;2.8750000e+02;1.2828532e-02;2.8750000e+02;3.0352397e-02;2.8750000e+02;5.1146403e-02;2.8750000e+02;7.6138347e-02;2.8750000e+02;1.0514914e-01;2.8750000e+02;1.3548163e-01;2.8750000e+02;1.7117137e-01;2.8750000e+02;2.1053733e-01;2.8750000e+02;2.5308198e-01;2.8750000e+02;2.7370313e-01;2.8750000e+02;2.7096260e-01;2.8750000e+02;2.4285096e-01;2.8750000e+02;2.0693442e-01;2.8750000e+02;1.6555145e-01;2.8750000e+02;1.2024519e-01;2.8750000e+02;7.9540953e-02;2.8750000e+02;4.1780747e-02;2.8750000e+02;1.2773566e-03;2.8750000e+02;1.2828532e-02;2.8750000e+02;3.0352397e-02;2.8750000e+02;5.1146403e-02;2.8750000e+02;7.6138347e-02;2.8750000e+02;1.0514914e-01;2.8750000e+02;1.3548163e-01;2.8750000e+02;1.7117137e-01;2.8750000e+02;2.1053733e-01;2.8750000e+02;2.5308198e-01;2.8750000e+02;2.7370313e-01;2.8750000e+02;2.7096260e-01;2.8750000e+02;2.4285096e-01;2.8750000e+02;2.0693442e-01;2.8750000e+02;1.6555145e-01;2.8750000e+02;1.2024519e-01;2.8750000e+02;7.9540953e-02;2.8750000e+02;4.1780747e-02;2.8750000e+02;1.2773566e-03;2.8750000e+02;1.2828532e-02;2.8750000e+02;3.0352397e-02;2.8750000e+02;5.1146403e-02;2.8750000e+02;7.6138347e-02;2.8750000e+02;1.0514914e-01;2.8750000e+02;1.3548163e-01;2.8750000e+02;1.7117137e-01;2.8750000e+02;2.1053733e-01;2.8750000e+02;2.5308198e-01;2.8750000e+02;2.7370313e-01;2.8750000e+02;2.7096260e-01;2.8750000e+02;2.4285096e-01;2.8750000e+02;2.0693442e-01;2.8750000e+02;1.6555145e-01;2.8750000e+02;1.2024519e-01;2.8750000e+02;7.9540953e-02;2.8750000e+02;4.1780747e-02;2.8750000e+02;1.2773566e-03;2.8750000e+02;1.2828532e-02;2.8750000e+02;3.0352397e-02;2.8750000e+02;5.1146403e-02;2.8750000e+02;7.6138347e-02;2.8750000e+02;1.0514914e-01;2.8750000e+02;1.3548163e-01;2.8750000e+02;1.7117137e-01;2.8750000e+02;2.1053733e-01;2.8750000e+02;2.5308198e-01;2.8750000e+02;2.7370313e-01;2.8750000e+02;2.7096260e-01;2.8750000e+02;2.4285096e-01;2.8750000e+02;2.0693442e-01;2.8750000e+02;1.6555145e-01;2.8750000e+02;1.2024519e-01;2.8750000e+02;7.9540953e-02;2.8750000e+02;4.1780747e-02;2.8750000e+02;1.2773566e-03;2.8750000e+02;1.2828532e-02;2.8750000e+02;3.0352397e-02;2.8750000e+02;5.1146403e-02;2.8750000e+02;7.6138347e-02;2.8750000e+02;1.0514914e-01;2.8750000e+02;1.3548163e-01;2.8750000e+02;1.7117137e-01;2.8750000e+02;2.1053733e-01;2.8750000e+02;2.5308198e-01;2.8750000e+02;2.7370313e-01;2.8750000e+02;2.7096260e-01;2.8750000e+02;2.4285096e-01;2.8750000e+02;2.0693442e-01;2.8750000e+02;1.6555145e-01;2.8750000e+02;1.2024519e-01;2.8750000e+02;7.9540953e-02;2.8750000e+02;4.1780747e-02;2.8750000e+02;1.2773566e-03;2.8750000e+02;1.2828532e-02;2.8750000e+02;3.0352397e-02;2.8750000e+02;5.1146403e-02;2.8750000e+02;7.6138347e-02;2.8750000e+02;1.0514914e-01;2.8750000e+02;1.3548163e-01;2.8750000e+02;1.7117137e-01;2.8750000e+02;2.1053733e-01;2.8750000e+02;2.5308198e-01;2.8750000e+02;2.7370313e-01;2.8750000e+02;2.7096260e-01;2.8750000e+02;2.4285096e-01;2.8750000e+02;2.0693442e-01;2.8750000e+02;1.6555145e-01;2.8750000e+02;1.2024519e-01;2.8750000e+02;7.9540953e-02;2.8750000e+02;4.1780747e-02;2.8750000e+02;1.2773566e-03;2.8750000e+02;1.2828532e-02;2.8750000e+02;3.0352397e-02;2.8750000e+02;5.1146403e-02;2.8750000e+02;7.6138347e-02;2.8750000e+02;1.0514914e-01;2.8750000e+02;1.3548163e-01;2.8750000e+02;1.7117137e-01;2.8750000e+02;2.1053733e-01;2.8750000e+02;2.5308198e-01;2.8750000e+02;2.7370313e-01;2.8750000e+02;2.7096260e-01;2.8750000e+02;2.4285096e-01;2.8750000e+02;2.0693442e-01;2.8750000e+02;1.6555145e-01;2.8750000e+02;1.2024519e-01;2.8750000e+02;7.9540953e-02;2.8750000e+02;4.1780747e-02;2.8750000e+02;1.2773566e-03;2.8750000e+02;1.2828532e-02;2.8750000e+02;3.0352397e-02;2.8750000e+02;5.1146403e-02;2.8750000e+02;7.6138347e-02;2.8750000e+02;1.0514914e-01;2.8750000e+02;1.3548163e-01;2.8750000e+02;1.7117137e-01;2.8750000e+02;2.1053733e-01;2.8750000e+02;2.5308198e-01;2.8750000e+02;2.7370313e-01;2.8750000e+02;2.7096260e-01;2.8750000e+02;2.4285096e-01;2.8750000e+02;2.0693442e-01;2.8750000e+02;1.6555145e-01;2.8750000e+02;1.2024519e-01;2.8750000e+02;7.9540953e-02;2.8750000e+02;4.1780747e-02;2.8750000e+02;1.2773566e-03;2.8750000e+02;1.2828532e-02;2.8750000e+02;3.0352397e-02;2.8750000e+02;5.1146403e-02;2.8750000e+02;7.6138347e-02;2.8750000e+02;1.0514914e-01;2.8750000e+02;1.3548163e-01;2.8750000e+02;1.7117137e-01;2.8750000e+02;2.1053733e-01;2.8750000e+02;2.5308198e-01;2.8750000e+02;2.7370313e-01;2.8750000e+02;2.7096260e-01;2.8750000e+02;2.4285096e-01;2.8750000e+02;2.0693442e-01;2.8750000e+02;1.6555145e-01;2.8750000e+02;1.2024519e-01;2.8750000e+02;7.9540953e-02;2.8750000e+02;4.1780747e-02;2.8750000e+02;1.2773566e-03;2.8750000e+02;1.2828532e-02;2.8750000e+02;3.0352397e-02;2.8750000e+02;5.1146403e-02;2.8750000e+02;7.6138347e-02;2.8750000e+02;1.0514914e-01;2.8750000e+02;1.3548163e-01;2.8750000e+02;1.7117137e-01;2.8750000e+02;2.1053733e-01;2.8750000e+02;2.5308198e-01;2.8750000e+02;2.7370313e-01;2.8750000e+02;2.7096260e-01;2.8750000e+02;2.4285096e-01;2.8750000e+02;2.0693442e-01;2.8750000e+02;1.6555145e-01;2.8750000e+02;1.2024519e-01;2.8750000e+02;7.9540953e-02;2.8750000e+02;4.1780747e-02;2.8750000e+02;1.2773566e-03;2.8750000e+02;1.2828532e-02;2.8750000e+02;3.0352397e-02;2.8750000e+02;5.1146403e-02;2.8750000e+02;7.6138347e-02;2.8750000e+02;1.0514914e-01;2.8750000e+02;1.3548163e-01;2.8750000e+02;1.7117137e-01;2.8750000e+02;2.1053733e-01;2.8750000e+02;2.5308198e-01;2.8750000e+02;2.7370313e-01;2.8750000e+02;2.7096260e-01;2.8750000e+02;2.4285096e-01;2.8750000e+02;2.0693442e-01;2.8750000e+02;1.6555145e-01;2.8750000e+02;1.2024519e-01;2.8750000e+02;7.9540953e-02;2.8750000e+02;4.1780747e-02;2.8750000e+02;1.2773566e-03;2.8750000e+02;1.2828532e-02;2.8750000e+02;3.0352397e-02;2.8750000e+02;5.1146403e-02;2.8750000e+02;7.6138347e-02;2.8750000e+02;1.0514914e-01;2.8750000e+02;1.3548163e-01;2.8750000e+02;1.7117137e-01;2.8750000e+02;2.1053733e-01;2.8750000e+02;2.5308198e-01;2.8750000e+02;2.7370313e-01;2.8750000e+02;2.7096260e-01;2.8750000e+02;2.4285096e-01;2.8750000e+02;2.0693442e-01;2.8750000e+02;1.6555145e-01;2.8750000e+02;1.2024519e-01;2.8750000e+02;7.9540953e-02;2.8750000e+02;4.1780747e-02;2.8750000e+02;1.2773566e-03;2.8750000e+02;1.2828532e-02;2.8750000e+02;3.0352397e-02;2.8750000e+02;5.1146403e-02;2.8750000e+02;7.6138347e-02;2.8750000e+02;1.0514914e-01;2.8750000e+02;1.3548163e-01;2.8750000e+02;1.7117137e-01;2.8750000e+02;2.1053733e-01;2.8750000e+02;2.5308198e-01;2.8750000e+02;2.7370313e-01;2.8750000e+02;2.7096260e-01;2.8750000e+02;2.4285096e-01;2.8750000e+02;2.0693442e-01;2.8750000e+02;1.6555145e-01;2.8750000e+02;1.2024519e-01;2.8750000e+02;7.9540953e-02;2.8750000e+02;4.1780747e-02;2.8750000e+02;1.2773566e-03;2.8750000e+02;1.2828532e-02;2.8750000e+02;3.0352397e-02;2.8750000e+02;5.1146403e-02;2.8750000e+02;7.6138347e-02;2.8750000e+02;1.0514914e-01;2.8750000e+02;1.3548163e-01;2.8750000e+02;1.7117137e-01;2.8750000e+02;2.1053733e-01;2.8750000e+02;2.5308198e-01;2.8750000e+02;2.7370313e-01;2.8750000e+02;2.7096260e-01;2.8750000e+02;2.4285096e-01;2.8750000e+02;2.0693442e-01;2.8750000e+02;1.6555145e-01;2.8750000e+02;1.2024519e-01;2.8750000e+02;7.9540953e-02;2.8750000e+02;4.1780747e-02;2.8750000e+02;1.2773566e-03;2.8750000e+02;1.2828532e-02;2.8750000e+02;3.0352397e-02;2.8750000e+02;5.1146403e-02;2.8750000e+02;7.6138347e-02;2.8750000e+02;1.0514914e-01;2.8750000e+02;1.3548163e-01;2.8750000e+02;1.7117137e-01;2.8750000e+02;2.1053733e-01;2.8750000e+02;2.5308198e-01;2.8750000e+02;2.7370313e-01;2.8750000e+02;2.7096260e-01;2.8750000e+02;2.4285096e-01;2.8750000e+02;2.0693442e-01;2.8750000e+02;1.6555145e-01;2.8750000e+02;1.2024519e-01;2.8750000e+02;7.9540953e-02;2.8750000e+02;4.1780747e-02;2.8750000e+02;1.2773566e-03;2.8750000e+02;1.2828532e-02;2.8750000e+02;3.0352397e-02;2.8750000e+02;5.1146403e-02;2.8750000e+02;7.6138347e-02;2.8750000e+02;1.0514914e-01;2.8750000e+02;1.3548163e-01;2.8750000e+02;1.7117137e-01;2.8750000e+02;2.1053733e-01;2.8750000e+02;2.5308198e-01;2.8750000e+02;2.7370313e-01;2.8750000e+02;2.7096260e-01;2.8750000e+02;2.4285096e-01;2.8750000e+02;2.0693442e-01;2.8750000e+02;1.6555145e-01;2.8750000e+02;1.2024519e-01;2.8750000e+02;7.9540953e-02;2.8750000e+02;4.1780747e-02;2.8750000e+02;1.2773566e-03;2.8750000e+02;1.2828532e-02;2.8750000e+02;3.0352397e-02;2.8750000e+02;5.1146403e-02;2.8750000e+02;7.6138347e-02;2.8750000e+02;1.0514914e-01;2.8750000e+02;1.3548163e-01;2.8750000e+02;1.7117137e-01;2.8750000e+02;2.1053733e-01;2.8750000e+02;2.5308198e-01;2.8750000e+02;2.7370313e-01;2.8750000e+02;2.7096260e-01;2.8750000e+02;2.4285096e-01;2.8750000e+02;2.0693442e-01;2.8750000e+02;1.6555145e-01;2.8750000e+02;1.2024519e-01;2.8750000e+02;7.9540953e-02;2.8750000e+02;4.1780747e-02;2.8750000e+02;1.2773566e-03;2.8750000e+02;1.2828532e-02;2.8750000e+02;3.0352397e-02;2.8750000e+02;5.1146403e-02;2.8750000e+02;7.6138347e-02;2.8750000e+02;1.0514914e-01;2.8750000e+02;1.3548163e-01;2.8750000e+02;1.7117137e-01;2.8750000e+02;2.1053733e-01;2.8750000e+02;2.5308198e-01;2.8750000e+02;2.7370313e-01;2.8750000e+02;2.7096260e-01;2.8750000e+02;2.4285096e-01;2.8750000e+02;2.0693442e-01;2.8750000e+02;1.6555145e-01;2.8750000e+02;1.2024519e-01;2.8750000e+02;7.9540953e-02;2.8750000e+02;4.1780747e-02;2.8750000e+02;1.2773566e-03;2.8750000e+02;1.2828532e-02;2.8750000e+02;3.0352397e-02;2.8750000e+02;5.1146403e-02;2.8750000e+02;7.6138347e-02;2.8750000e+02;1.0514914e-01;2.8750000e+02;1.3548163e-01;2.8750000e+02;1.7117137e-01;2.8750000e+02;2.1053733e-01;2.8750000e+02;2.5308198e-01;2.8750000e+02;2.7370313e-01;2.8750000e+02;2.7096260e-01;2.8750000e+02;2.4285096e-01;2.8750000e+02;2.0693442e-01;2.8750000e+02;1.6555145e-01;2.8750000e+02;1.2024519e-01;2.8750000e+02;7.9540953e-02;2.8750000e+02;4.1780747e-02;2.8750000e+02;1.2773566e-03;2.8750000e+02;1.2828532e-02;2.8750000e+02;3.0352397e-02;2.8750000e+02;5.1146403e-02;2.8750000e+02;7.6138347e-02;2.8750000e+02;1.0514914e-01;2.8750000e+02;1.3548163e-01;2.8750000e+02;1.7117137e-01;2.8750000e+02;2.1053733e-01;2.8750000e+02;2.5308198e-01;2.8750000e+02;2.7370313e-01;2.8750000e+02;2.7096260e-01;2.8750000e+02;2.4285096e-01;2.8750000e+02;2.0693442e-01;2.8750000e+02;1.6555145e-01;2.8750000e+02;1.2024519e-01;2.8750000e+02;7.9540953e-02;2.8750000e+02;4.1780747e-02;2.8750000e+02;1.2773566e-03;2.8750000e+02;1.2828532e-02;2.8750000e+02;3.0352397e-02;2.8750000e+02;5.1146403e-02;2.8750000e+02;7.6138347e-02;2.8750000e+02;1.0514914e-01;2.8750000e+02;1.3548163e-01;2.8750000e+02;1.7117137e-01;2.8750000e+02;2.1053733e-01;2.8750000e+02;2.5308198e-01;2.8750000e+02;2.7370313e-01;2.8750000e+02;2.7096260e-01;2.8750000e+02;2.4285096e-01;2.8750000e+02;2.0693442e-01;2.8750000e+02;1.6555145e-01;2.8750000e+02;1.2024519e-01;2.8750000e+02;7.9540953e-02;2.8750000e+02;4.1780747e-02;2.8750000e+02;1.2773566e-03;2.8750000e+02;1.2828532e-02;2.8750000e+02;3.0352397e-02;2.8750000e+02;5.1146403e-02;2.8750000e+02;7.6138347e-02;2.8750000e+02;1.0514914e-01;2.8750000e+02;1.3548163e-01;2.8750000e+02;1.7117137e-01;2.8750000e+02;2.1053733e-01;2.8750000e+02;2.5308198e-01;2.8750000e+02;2.7370313e-01;2.8750000e+02;2.7096260e-01;2.8750000e+02;2.4285096e-01;2.8750000e+02;2.0693442e-01;2.8750000e+02;1.6555145e-01;2.8750000e+02;1.2024519e-01;2.8750000e+02;7.9540953e-02;2.8750000e+02;4.1780747e-02;2.8750000e+02;1.2773566e-03;2.8750000e+02;1.2828532e-02;2.8750000e+02;3.0352397e-02;2.8750000e+02;5.1146403e-02;2.8750000e+02;7.6138347e-02;2.8750000e+02;1.0514914e-01;2.8750000e+02;1.3548163e-01;2.8750000e+02;1.7117137e-01;2.8750000e+02;2.1053733e-01;2.8750000e+02;2.5308198e-01;2.8750000e+02;2.7370313e-01;2.8750000e+02;2.7096260e-01;2.8750000e+02;2.4285096e-01;2.8750000e+02;2.0693442e-01;2.8750000e+02;1.6555145e-01;2.8750000e+02;1.2024519e-01;2.8750000e+02;7.9540953e-02;2.8750000e+02;4.1780747e-02;2.8750000e+02;1.2773566e-03;2.8750000e+02;1.2828532e-02;2.8750000e+02;3.0352397e-02;2.8750000e+02;5.1146403e-02;2.8750000e+02;7.6138347e-02;2.8750000e+02;1.0514914e-01;2.8750000e+02;1.3548163e-01;2.8750000e+02;1.7117137e-01;2.8750000e+02;2.1053733e-01;2.8750000e+02;2.5308198e-01;2.8750000e+02;2.7370313e-01;2.8750000e+02;2.7096260e-01;2.8750000e+02;2.4285096e-01;2.8750000e+02;2.0693442e-01;2.8750000e+02;1.6555145e-01;2.8750000e+02;1.2024519e-01;2.8750000e+02;7.9540953e-02;2.8750000e+02;4.1780747e-02;2.8750000e+02;1.2773566e-03;2.8750000e+02;1.2828532e-02;2.8750000e+02;3.0352397e-02;2.8750000e+02;5.1146403e-02;2.8750000e+02;7.6138347e-02;2.8750000e+02;1.0514914e-01;2.8750000e+02;1.3548163e-01;2.8750000e+02;1.7117137e-01;2.8750000e+02;2.1053733e-01;2.8750000e+02;2.5308198e-01;2.8750000e+02;2.7370313e-01;2.8750000e+02;2.7096260e-01;2.8750000e+02;2.4285096e-01;2.8750000e+02;2.0693442e-01;2.8750000e+02;1.6555145e-01;2.8750000e+02;1.2024519e-01;2.8750000e+02;7.9540953e-02;2.8750000e+02;4.1780747e-02;2.8750000e+02;1.2773566e-03;2.8750000e+02;1.2828532e-02;2.8750000e+02;3.0352397e-02;2.8750000e+02;5.1146403e-02;2.8750000e+02;7.6138347e-02;2.8750000e+02;1.0514914e-01;2.8750000e+02;1.3548163e-01;2.8750000e+02;1.7117137e-01;2.8750000e+02;2.1053733e-01;2.8750000e+02;2.5308198e-01;2.8750000e+02;2.7370313e-01;2.8750000e+02;2.7096260e-01;2.8750000e+02;2.4285096e-01;2.8750000e+02;2.0693442e-01;2.8750000e+02;1.6555145e-01;2.8750000e+02;1.2024519e-01;2.8750000e+02;7.9540953e-02;2.8750000e+02;4.1780747e-02;2.8750000e+02;1.2773566e-03;2.8750000e+02;1.2828532e-02;2.8750000e+02;3.0352397e-02;2.8750000e+02;5.1146403e-02;2.8750000e+02;7.6138347e-02;2.8750000e+02;1.0514914e-01;2.8750000e+02;1.3548163e-01;2.8750000e+02;1.7117137e-01;2.8750000e+02;2.1053733e-01;2.8750000e+02;2.5308198e-01;2.8750000e+02;2.7370313e-01;2.8750000e+02;2.7096260e-01;2.8750000e+02;2.4285096e-01;2.8750000e+02;2.0693442e-01;2.8750000e+02;1.6555145e-01;2.8750000e+02;1.2024519e-01;2.8750000e+02;7.9540953e-02;2.8750000e+02;4.1780747e-02;2.8750000e+02;1.2773566e-03;2.8750000e+02;1.2828532e-02;2.8750000e+02;3.0352397e-02;2.8750000e+02;5.1146403e-02;2.8750000e+02;7.6138347e-02;2.8750000e+02;1.0514914e-01;2.8750000e+02;1.3548163e-01;2.8750000e+02;1.7117137e-01;2.8750000e+02;2.1053733e-01;2.8750000e+02;2.5308198e-01;2.8750000e+02;2.7370313e-01;2.8750000e+02;2.7096260e-01;2.8750000e+02;2.4285096e-01;2.8750000e+02;2.0693442e-01;2.8750000e+02;1.6555145e-01;2.8750000e+02;1.2024519e-01;2.8750000e+02;7.9540953e-02;2.8750000e+02;4.1780747e-02;2.8750000e+02;1.2773566e-03;2.8750000e+02;1.2828532e-02;2.8750000e+02;3.0352397e-02;2.8750000e+02;5.1146403e-02;2.8750000e+02;7.6138347e-02;2.8750000e+02;1.0514914e-01;2.8750000e+02;1.3548163e-01;2.8750000e+02;1.7117137e-01;2.8750000e+02;2.1053733e-01;2.8750000e+02;2.5308198e-01;2.8750000e+02;2.7370313e-01;2.8750000e+02;2.7096260e-01;2.8750000e+02;2.4285096e-01;2.8750000e+02;2.0693442e-01;2.8750000e+02;1.6555145e-01;2.8750000e+02;1.2024519e-01;2.8750000e+02;7.9540953e-02;2.8750000e+02;4.1780747e-02;2.8750000e+02;1.2773566e-03;2.8750000e+02;1.2828532e-02;2.8750000e+02;3.0352397e-02;2.8750000e+02;5.1146403e-02;2.8750000e+02;7.6138347e-02;2.8750000e+02;1.0514914e-01;2.8750000e+02;1.3548163e-01;2.8750000e+02;1.7117137e-01;2.8750000e+02;2.1053733e-01;2.8750000e+02;2.5308198e-01;2.8750000e+02;2.7370313e-01;2.8750000e+02;2.7096260e-01;2.8750000e+02;2.4285096e-01;2.8750000e+02;2.0693442e-01;2.8750000e+02;1.6555145e-01;2.8750000e+02;1.2024519e-01;2.8750000e+02;7.9540953e-02;2.8750000e+02;4.1780747e-02;2.8750000e+02;1.2773566e-03;2.8750000e+02;1.2828532e-02;2.8750000e+02;3.0352397e-02;2.8750000e+02;5.1146403e-02;2.8750000e+02;7.6138347e-02;2.8750000e+02;1.0514914e-01;2.8750000e+02;1.3548163e-01;2.8750000e+02;1.7117137e-01;2.8750000e+02;2.1053733e-01;2.8750000e+02;2.5308198e-01;2.8750000e+02;2.7370313e-01;2.8750000e+02;2.7096260e-01;2.8750000e+02;2.4285096e-01;2.8750000e+02;2.0693442e-01;2.8750000e+02;1.6555145e-01;2.8750000e+02;1.2024519e-01;2.8750000e+02;7.9540953e-02;2.8750000e+02;4.1780747e-02;2.8750000e+02;1.2773566e-03;2.8750000e+02;1.2828532e-02;2.8750000e+02;3.0352397e-02;2.8750000e+02;5.1146403e-02;2.8750000e+02;7.6138347e-02;2.8750000e+02;1.0514914e-01;2.8750000e+02;1.3548163e-01;2.8750000e+02;1.7117137e-01;2.8750000e+02;2.1053733e-01;2.8750000e+02;2.5308198e-01;2.8750000e+02;2.7370313e-01;2.8750000e+02;2.7096260e-01;2.8750000e+02;2.4285096e-01;2.8750000e+02;2.0693442e-01;2.8750000e+02;1.6555145e-01;2.8750000e+02;1.2024519e-01;2.8750000e+02;7.9540953e-02;2.8750000e+02;4.1780747e-02;2.8750000e+02;1.2773566e-03;2.8750000e+02;1.2828532e-02;2.8750000e+02;3.0352397e-02;2.8750000e+02;5.1146403e-02;2.8750000e+02;7.6138347e-02;2.8750000e+02;1.0514914e-01;2.8750000e+02;1.3548163e-01;2.8750000e+02;1.7117137e-01;2.8750000e+02;2.1053733e-01;2.8750000e+02;2.5308198e-01;2.8750000e+02;2.7370313e-01;2.8750000e+02;2.7096260e-01;2.8750000e+02;2.4285096e-01;2.8750000e+02;2.0693442e-01;2.8750000e+02;1.6555145e-01;2.8750000e+02;1.2024519e-01;2.8750000e+02;7.9540953e-02;2.8750000e+02;4.1780747e-02;2.8750000e+02;1.2773566e-03;2.8750000e+02;1.2828532e-02;2.8750000e+02;3.0352397e-02;2.8750000e+02;5.1146403e-02;2.8750000e+02;7.6138347e-02;2.8750000e+02;1.0514914e-01;2.8750000e+02;1.3548163e-01;2.8750000e+02;1.7117137e-01;2.8750000e+02;2.1053733e-01;2.8750000e+02;2.5308198e-01;2.8750000e+02;2.7370313e-01;2.8750000e+02;2.7096260e-01;2.8750000e+02;2.4285096e-01;2.8750000e+02;2.0693442e-01;2.8750000e+02;1.6555145e-01;2.8750000e+02;1.2024519e-01;2.8750000e+02;7.9540953e-02;2.8750000e+02;4.1780747e-02;2.8750000e+02;1.2773566e-03;2.8750000e+02;1.2828532e-02;2.8750000e+02;3.0352397e-02;2.8750000e+02;5.1146403e-02;2.8750000e+02;7.6138347e-02;2.8750000e+02;1.0514914e-01;2.8750000e+02;1.3548163e-01;2.8750000e+02;1.7117137e-01;2.8750000e+02;2.1053733e-01;2.8750000e+02;2.5308198e-01;2.8750000e+02;2.7370313e-01;2.8750000e+02;2.7096260e-01;2.8750000e+02;2.4285096e-01;2.8750000e+02;2.0693442e-01;2.8750000e+02;1.6555145e-01;2.8750000e+02;1.2024519e-01;2.8750000e+02;7.9540953e-02;2.8750000e+02;4.1780747e-02;2.8750000e+02;1.2773566e-03;2.8750000e+02;1.2828532e-02;2.8750000e+02;3.0352397e-02;2.8750000e+02;5.1146403e-02;2.8750000e+02;7.6138347e-02;2.8750000e+02;1.0514914e-01;2.8750000e+02;1.3548163e-01;2.8750000e+02;1.7117137e-01;2.8750000e+02;2.1053733e-01;2.8750000e+02;2.5308198e-01;2.8750000e+02;2.7370313e-01;2.8750000e+02;2.7096260e-01;2.8750000e+02;2.4285096e-01;2.8750000e+02;2.0693442e-01;2.8750000e+02;1.6555145e-01;2.8750000e+02;1.2024519e-01;2.8750000e+02;7.9540953e-02;2.8750000e+02;4.1780747e-02;2.8750000e+02;1.2773566e-03;2.8750000e+02;1.2828532e-02;2.8750000e+02;3.0352397e-02;2.8750000e+02;5.1146403e-02;2.8750000e+02;7.6138347e-02;2.8750000e+02;1.0514914e-01;2.8750000e+02;1.3548163e-01;2.8750000e+02;1.7117137e-01;2.8750000e+02;2.1053733e-01;2.8750000e+02;2.5308198e-01;2.8750000e+02;2.7370313e-01;2.8750000e+02;2.7096260e-01;2.8750000e+02;2.4285096e-01;2.8750000e+02;2.0693442e-01;2.8750000e+02;1.6555145e-01;2.8750000e+02;1.2024519e-01;2.8750000e+02;7.9540953e-02;2.8750000e+02;4.1780747e-02;2.8750000e+02;1.2773566e-03;2.8750000e+02;1.2828532e-02;2.8750000e+02;3.0352397e-02;2.8750000e+02;5.1146403e-02;2.8750000e+02;7.6138347e-02;2.8750000e+02;1.0514914e-01;2.8750000e+02;1.3548163e-01;2.8750000e+02;1.7117137e-01;2.8750000e+02;2.1053733e-01;2.8750000e+02;2.5308198e-01;2.8750000e+02;2.7370313e-01;2.8750000e+02;2.7096260e-01;2.8750000e+02;2.4285096e-01;2.8750000e+02;2.0693442e-01;2.8750000e+02;1.6555145e-01;2.8750000e+02;1.2024519e-01;2.8750000e+02;7.9540953e-02;2.8750000e+02;4.1780747e-02;2.8750000e+02;1.2773566e-03;2.8750000e+02;1.2828532e-02;2.8750000e+02;3.0352397e-02;2.8750000e+02;5.1146403e-02;2.8750000e+02;7.6138347e-02;2.8750000e+02;1.0514914e-01;2.8750000e+02;1.3548163e-01;2.8750000e+02;1.7117137e-01;2.8750000e+02;2.1053733e-01;2.8750000e+02;2.5308198e-01;2.8750000e+02;2.7370313e-01;2.8750000e+02;2.7096260e-01;2.8750000e+02;2.4285096e-01;2.8750000e+02;2.0693442e-01;2.8750000e+02;1.6555145e-01;2.8750000e+02;1.2024519e-01;2.8750000e+02;7.9540953e-02;2.8750000e+02;4.1780747e-02;2.8750000e+02;1.2773566e-03;2.8750000e+02;1.2828532e-02;2.8750000e+02;3.0352397e-02;2.8750000e+02;5.1146403e-02;2.8750000e+02;7.6138347e-02;2.8750000e+02;1.0514914e-01;2.8750000e+02;1.3548163e-01;2.8750000e+02;1.7117137e-01;2.8750000e+02;2.1053733e-01;2.8750000e+02;2.5308198e-01;2.8750000e+02;2.7370313e-01;2.8750000e+02;2.7096260e-01;2.8750000e+02;2.4285096e-01;2.8750000e+02;2.0693442e-01;2.8750000e+02;1.6555145e-01;2.8750000e+02;1.2024519e-01;2.8750000e+02;7.9540953e-02;2.8750000e+02;4.1780747e-02;2.8750000e+02;1.2773566e-03;2.8750000e+02;1.2828532e-02;2.8750000e+02;3.0352397e-02;2.8750000e+02;5.1146403e-02;2.8750000e+02;7.6138347e-02;2.8750000e+02;1.0514914e-01;2.8750000e+02;1.3548163e-01;2.8750000e+02;1.7117137e-01;2.8750000e+02;2.1053733e-01;2.8750000e+02;2.5308198e-01;2.8750000e+02;2.7370313e-01;2.8750000e+02;2.7096260e-01;2.8750000e+02;2.4285096e-01;2.8750000e+02;2.0693442e-01;2.8750000e+02;1.6555145e-01;2.8750000e+02;1.2024519e-01;2.8750000e+02;7.9540953e-02;2.8750000e+02;4.1780747e-02;2.8750000e+02;1.2773566e-03;2.8750000e+02;1.2828532e-02;2.8750000e+02;3.0352397e-02;2.8750000e+02;5.1146403e-02;2.8750000e+02;7.6138347e-02;2.8750000e+02;1.0514914e-01;2.8750000e+02;1.3548163e-01;2.8750000e+02;1.7117137e-01;2.8750000e+02;2.1053733e-01;2.8750000e+02;2.5308198e-01;2.8750000e+02;2.7370313e-01;2.8750000e+02;2.7096260e-01;2.8750000e+02;2.4285096e-01;2.8750000e+02;2.0693442e-01;2.8750000e+02;1.6555145e-01;2.8750000e+02;1.2024519e-01;2.8750000e+02;7.9540953e-02;2.8750000e+02;4.1780747e-02;2.8750000e+02;1.2773566e-03;2.8750000e+02;1.2828532e-02;2.8750000e+02;3.0352397e-02;2.8750000e+02;5.1146403e-02;2.8750000e+02;7.6138347e-02;2.8750000e+02;1.0514914e-01;2.8750000e+02;1.3548163e-01;2.8750000e+02;1.7117137e-01;2.8750000e+02;2.1053733e-01;2.8750000e+02;2.5308198e-01;2.8750000e+02;2.7370313e-01;2.8750000e+02;2.7096260e-01;2.8750000e+02;2.4285096e-01;2.8750000e+02;2.0693442e-01;2.8750000e+02;1.6555145e-01;2.8750000e+02;1.2024519e-01;2.8750000e+02;7.9540953e-02;2.8750000e+02;4.1780747e-02;2.8750000e+02;1.2773566e-03;2.8750000e+02;1.2828532e-02;2.8750000e+02;3.0352397e-02;2.8750000e+02;5.1146403e-02;2.8750000e+02;7.6138347e-02;2.8750000e+02;1.0514914e-01;2.8750000e+02;1.3548163e-01;2.8750000e+02;1.7117137e-01;2.8750000e+02;2.1053733e-01;2.8750000e+02;2.5308198e-01;2.8750000e+02;2.7370313e-01;2.8750000e+02;2.7096260e-01;2.8750000e+02;2.4285096e-01;2.8750000e+02;2.0693442e-01;2.8750000e+02;1.6555145e-01;2.8750000e+02;1.2024519e-01;2.8750000e+02;7.9540953e-02;2.8750000e+02;4.1780747e-02;2.8750000e+02;1.2773566e-03;2.8750000e+02;1.2828532e-02;2.8750000e+02;3.0352397e-02;2.8750000e+02;5.1146403e-02;2.8750000e+02;7.6138347e-02;2.8750000e+02;1.0514914e-01;2.8750000e+02;1.3548163e-01;2.8750000e+02;1.7117137e-01;2.8750000e+02;2.1053733e-01;2.8750000e+02;2.5308198e-01;2.8750000e+02;2.7370313e-01;2.8750000e+02;2.7096260e-01;2.8750000e+02;2.4285096e-01;2.8750000e+02;2.0693442e-01;2.8750000e+02;1.6555145e-01;2.8750000e+02;1.2024519e-01;2.8750000e+02;7.9540953e-02;2.8750000e+02;4.1780747e-02;2.8750000e+02;1.2773566e-03;2.8750000e+02;1.2828532e-02;2.8750000e+02;3.0352397e-02;2.8750000e+02;5.1146403e-02;2.8750000e+02;7.6138347e-02;2.8750000e+02;1.0514914e-01;2.8750000e+02;1.3548163e-01;2.8750000e+02;1.7117137e-01;2.8750000e+02;2.1053733e-01;2.8750000e+02;2.5308198e-01;2.8750000e+02;2.7370313e-01;2.8750000e+02;2.7096260e-01;2.8750000e+02;2.4285096e-01;2.8750000e+02;2.0693442e-01;2.8750000e+02;1.6555145e-01;2.8750000e+02;1.2024519e-01;2.8750000e+02;7.9540953e-02;2.8750000e+02;4.1780747e-02;2.8750000e+02;1.2773566e-03;2.8750000e+02;1.2828532e-02;2.8750000e+02;3.0352397e-02;2.8750000e+02;5.1146403e-02;2.8750000e+02;7.6138347e-02;2.8750000e+02;1.0514914e-01;2.8750000e+02;1.3548163e-01;2.8750000e+02;1.7117137e-01;2.8750000e+02;2.1053733e-01;2.8750000e+02;2.5308198e-01;2.8750000e+02;2.7370313e-01;2.8750000e+02;2.7096260e-01;2.8750000e+02;2.4285096e-01;2.8750000e+02;2.0693442e-01;2.8750000e+02;1.6555145e-01;2.8750000e+02;1.2024519e-01;2.8750000e+02;7.9540953e-02;2.8750000e+02;4.1780747e-02;2.8750000e+02;1.2773566e-03;2.8750000e+02;1.2828532e-02;2.8750000e+02;3.0352397e-02;2.8750000e+02;5.1146403e-02;2.8750000e+02;7.6138347e-02;2.8750000e+02;1.0514914e-01;2.8750000e+02;1.3548163e-01;2.8750000e+02;1.7117137e-01;2.8750000e+02;2.1053733e-01;2.8750000e+02;2.5308198e-01;2.8750000e+02;2.7370313e-01;2.8750000e+02;2.7096260e-01;2.8750000e+02;2.4285096e-01;2.8750000e+02;2.0693442e-01;2.8750000e+02;1.6555145e-01;2.8750000e+02;1.2024519e-01;2.8750000e+02;7.9540953e-02;2.8750000e+02;4.1780747e-02;2.8750000e+02;1.2773566e-03;2.8750000e+02;1.2828532e-02;2.8750000e+02;3.0352397e-02;2.8750000e+02;5.1146403e-02;2.8750000e+02;7.6138347e-02;2.8750000e+02;1.0514914e-01;2.8750000e+02;1.3548163e-01;2.8750000e+02;1.7117137e-01;2.8750000e+02;2.1053733e-01;2.8750000e+02;2.5308198e-01;2.8750000e+02;2.7370313e-01;2.8750000e+02;2.7096260e-01;2.8750000e+02;2.4285096e-01;2.8750000e+02;2.0693442e-01;2.8750000e+02;1.6555145e-01;2.8750000e+02;1.2024519e-01;2.8750000e+02;7.9540953e-02;2.8750000e+02;4.1780747e-02;2.8750000e+02;1.2773566e-03;2.8750000e+02;1.2828532e-02;2.8750000e+02;3.0352397e-02;2.8750000e+02;5.1146403e-02;2.8750000e+02;7.6138347e-02;2.8750000e+02;1.0514914e-01;2.8750000e+02;1.3548163e-01;2.8750000e+02;1.7117137e-01;2.8750000e+02;2.1053733e-01;2.8750000e+02;2.5308198e-01;2.8750000e+02;2.7370313e-01;2.8750000e+02;2.7096260e-01;2.8750000e+02;2.4285096e-01;2.8750000e+02;2.0693442e-01;2.8750000e+02;1.6555145e-01;2.8750000e+02;1.2024519e-01;2.8750000e+02;7.9540953e-02;2.8750000e+02;4.1780747e-02;2.8750000e+02;1.2773566e-03;2.8750000e+02;1.2828532e-02;2.8750000e+02;3.0352397e-02;2.8750000e+02;5.1146403e-02;2.8750000e+02;7.6138347e-02;2.8750000e+02;1.0514914e-01;2.8750000e+02;1.3548163e-01;2.8750000e+02;1.7117137e-01;2.8750000e+02;2.1053733e-01;2.8750000e+02;2.5308198e-01;2.8750000e+02;2.7370313e-01;2.8750000e+02;2.7096260e-01;2.8750000e+02;2.4285096e-01;2.8750000e+02;2.0693442e-01;2.8750000e+02;1.6555145e-01;2.8750000e+02;1.2024519e-01;2.8750000e+02;7.9540953e-02;2.8750000e+02;4.1780747e-02;2.8750000e+02;1.2773566e-03;2.8750000e+02;1.2828532e-02;2.8750000e+02;3.0352397e-02;2.8750000e+02;5.1146403e-02;2.8750000e+02;7.6138347e-02;2.8750000e+02;1.0514914e-01;2.8750000e+02;1.3548163e-01;2.8750000e+02;1.7117137e-01;2.8750000e+02;2.1053733e-01;2.8750000e+02;2.5308198e-01;2.8750000e+02;2.7370313e-01;2.8750000e+02;2.7096260e-01;2.8750000e+02;2.4285096e-01;2.8750000e+02;2.0693442e-01;2.8750000e+02;1.6555145e-01;2.8750000e+02;1.2024519e-01;2.8750000e+02;7.9540953e-02;2.8750000e+02;4.1780747e-02;2.8750000e+02;1.2773566e-03;2.8750000e+02;1.2828532e-02;2.8750000e+02;3.0352397e-02;2.8750000e+02;5.1146403e-02;2.8750000e+02;7.6138347e-02;2.8750000e+02;1.0514914e-01;2.8750000e+02;1.3548163e-01;2.8750000e+02;1.7117137e-01;2.8750000e+02;2.1053733e-01;2.8750000e+02;2.5308198e-01;2.8750000e+02;2.7370313e-01;2.8750000e+02;2.7096260e-01;2.8750000e+02;2.4285096e-01;2.8750000e+02;2.0693442e-01;2.8750000e+02;1.6555145e-01;2.8750000e+02;1.2024519e-01;2.8750000e+02;7.9540953e-02;2.8750000e+02;4.1780747e-02;2.8750000e+02;1.2773566e-03;2.8750000e+02;1.2828532e-02;2.8750000e+02;3.0352397e-02;2.8750000e+02;5.1146403e-02;2.8750000e+02;7.6138347e-02;2.8750000e+02;1.0514914e-01;2.8750000e+02;1.3548163e-01;2.8750000e+02;1.7117137e-01;2.8750000e+02;2.1053733e-01;2.8750000e+02;2.5308198e-01;2.8750000e+02;2.7370313e-01;2.8750000e+02;2.7096260e-01;2.8750000e+02;2.4285096e-01;2.8750000e+02;2.0693442e-01;2.8750000e+02;1.6555145e-01;2.8750000e+02;1.2024519e-01;2.8750000e+02;7.9540953e-02;2.8750000e+02;4.1780747e-02;2.8750000e+02;1.2773566e-03;2.8750000e+02;1.2828532e-02;2.8750000e+02;3.0352397e-02;2.8750000e+02;5.1146403e-02;2.8750000e+02;7.6138347e-02;2.8750000e+02;1.0514914e-01;2.8750000e+02;1.3548163e-01;2.8750000e+02;1.7117137e-01;2.8750000e+02;2.1053733e-01;2.8750000e+02;2.5308198e-01;2.8750000e+02;2.7370313e-01;2.8750000e+02;2.7096260e-01;2.8750000e+02;2.4285096e-01;2.8750000e+02;2.0693442e-01;2.8750000e+02;1.6555145e-01;2.8750000e+02;1.2024519e-01;2.8750000e+02;7.9540953e-02;2.8750000e+02;4.1780747e-02;2.8750000e+02;1.2773566e-03;2.8750000e+02;1.2828532e-02;2.8750000e+02;3.0352397e-02;2.8750000e+02;5.1146403e-02;2.8750000e+02;7.6138347e-02;2.8750000e+02;1.0514914e-01;2.8750000e+02;1.3548163e-01;2.8750000e+02;1.7117137e-01;2.8750000e+02;2.1053733e-01;2.8750000e+02;2.5308198e-01;2.8750000e+02;2.7370313e-01;2.8750000e+02;2.7096260e-01;2.8750000e+02;2.4285096e-01;2.8750000e+02;2.0693442e-01;2.8750000e+02;1.6555145e-01;2.8750000e+02;1.2024519e-01;2.8750000e+02;7.9540953e-02;2.8750000e+02;4.1780747e-02;2.8750000e+02;1.2773566e-03;2.8750000e+02;1.2828532e-02;2.8750000e+02;3.0352397e-02;2.8750000e+02;5.1146403e-02;2.8750000e+02;7.6138347e-02;2.8750000e+02;1.0514914e-01;2.8750000e+02;1.3548163e-01;2.8750000e+02;1.7117137e-01;2.8750000e+02;2.1053733e-01;2.8750000e+02;2.5308198e-01;2.8750000e+02;2.7370313e-01;2.8750000e+02;2.7096260e-01;2.8750000e+02;2.4285096e-01;2.8750000e+02;2.0693442e-01;2.8750000e+02;1.6555145e-01;2.8750000e+02;1.2024519e-01;2.8750000e+02;7.9540953e-02;2.8750000e+02;4.1780747e-02;2.8750000e+02;1.2773566e-03;2.8750000e+02;1.2828532e-02;2.8750000e+02;3.0352397e-02;2.8750000e+02;5.1146403e-02;2.8750000e+02;7.6138347e-02;2.8750000e+02;1.0514914e-01;2.8750000e+02;1.3548163e-01;2.8750000e+02;1.7117137e-01;2.8750000e+02;2.1053733e-01;2.8750000e+02;2.5308198e-01;2.8750000e+02;2.7370313e-01;2.8750000e+02;2.7096260e-01;2.8750000e+02;2.4285096e-01;2.8750000e+02;2.0693442e-01;2.8750000e+02;1.6555145e-01;2.8750000e+02;1.2024519e-01;2.8750000e+02;7.9540953e-02;2.8750000e+02;4.1780747e-02;2.8750000e+02;1.2773566e-03;2.8750000e+02;1.2828532e-02;2.8750000e+02;3.0352397e-02;2.8750000e+02;5.1146403e-02;2.8750000e+02;7.6138347e-02;2.8750000e+02;1.0514914e-01;2.8750000e+02;1.3548163e-01;2.8750000e+02;1.7117137e-01;2.8750000e+02;2.1053733e-01;2.8750000e+02;2.5308198e-01;2.8750000e+02;2.7370313e-01;2.8750000e+02;2.7096260e-01;2.8750000e+02;2.4285096e-01;2.8750000e+02;2.0693442e-01;2.8750000e+02;1.6555145e-01;2.8750000e+02;1.2024519e-01;2.8750000e+02;7.9540953e-02;2.8750000e+02;4.1780747e-02;2.8750000e+02;1.2773566e-03;2.8750000e+02;1.2828532e-02;2.8750000e+02;3.0352397e-02;2.8750000e+02;5.1146403e-02;2.8750000e+02;7.6138347e-02;2.8750000e+02;1.0514914e-01;2.8750000e+02;1.3548163e-01;2.8750000e+02;1.7117137e-01;2.8750000e+02;2.1053733e-01;2.8750000e+02;2.5308198e-01;2.8750000e+02;2.7370313e-01;2.8750000e+02;2.7096260e-01;2.8750000e+02;2.4285096e-01;2.8750000e+02;2.0693442e-01;2.8750000e+02;1.6555145e-01;2.8750000e+02;1.2024519e-01;2.8750000e+02;7.9540953e-02;2.8750000e+02;4.1780747e-02;2.8750000e+02;1.2773566e-03;2.8750000e+02;1.2828532e-02;2.8750000e+02;3.0352397e-02;2.8750000e+02;5.1146403e-02;2.8750000e+02;7.6138347e-02;2.8750000e+02;1.0514914e-01;2.8750000e+02;1.3548163e-01;2.8750000e+02;1.7117137e-01;2.8750000e+02;2.1053733e-01;2.8750000e+02;2.5308198e-01;2.8750000e+02;2.7370313e-01;2.8750000e+02;2.7096260e-01;2.8750000e+02;2.4285096e-01;2.8750000e+02;2.0693442e-01;2.8750000e+02;1.6555145e-01;2.8750000e+02;1.2024519e-01;2.8750000e+02;7.9540953e-02;2.8750000e+02;4.1780747e-02;2.8750000e+02;1.2773566e-03;2.8750000e+02;1.2828532e-02;2.8750000e+02;3.0352397e-02;2.8750000e+02;5.1146403e-02;2.8750000e+02;7.6138347e-02;2.8750000e+02;1.0514914e-01;2.8750000e+02;1.3548163e-01;2.8750000e+02;1.7117137e-01;2.8750000e+02;2.1053733e-01;2.8750000e+02;2.5308198e-01;2.8750000e+02;2.7370313e-01;2.8750000e+02;2.7096260e-01;2.8750000e+02;2.4285096e-01;2.8750000e+02;2.0693442e-01;2.8750000e+02;1.6555145e-01;2.8750000e+02;1.2024519e-01;2.8750000e+02;7.9540953e-02;2.8750000e+02;4.1780747e-02;2.8750000e+02;1.2773566e-03;2.8750000e+02;1.2828532e-02;2.8750000e+02;3.0352397e-02;2.8750000e+02;5.1146403e-02;2.8750000e+02;7.6138347e-02;2.8750000e+02;1.0514914e-01;2.8750000e+02;1.3548163e-01;2.8750000e+02;1.7117137e-01;2.8750000e+02;2.1053733e-01;2.8750000e+02;2.5308198e-01;2.8750000e+02;2.7370313e-01;2.8750000e+02;2.7096260e-01;2.8750000e+02;2.4285096e-01;2.8750000e+02;2.0693442e-01;2.8750000e+02;1.6555145e-01;2.8750000e+02;1.2024519e-01;2.8750000e+02;7.9540953e-02;2.8750000e+02;4.1780747e-02;2.8750000e+02;1.2773566e-03;2.8750000e+02;1.2828532e-02;2.8750000e+02;3.0352397e-02;2.8750000e+02;5.1146403e-02;2.8750000e+02;7.6138347e-02;2.8750000e+02;1.0514914e-01;2.8750000e+02;1.3548163e-01;2.8750000e+02;1.7117137e-01;2.8750000e+02;2.1053733e-01;2.8750000e+02;2.5308198e-01;2.8750000e+02;2.7370313e-01;2.8750000e+02;2.7096260e-01;2.8750000e+02;2.4285096e-01;2.8750000e+02;2.0693442e-01;2.8750000e+02;1.6555145e-01;2.8750000e+02;1.2024519e-01;2.8750000e+02;7.9540953e-02;2.8750000e+02;4.1780747e-02;2.8750000e+02;1.2773566e-03;2.8750000e+02;1.2828532e-02;2.8750000e+02;3.0352397e-02;2.8750000e+02;5.1146403e-02;2.8750000e+02;7.6138347e-02;2.8750000e+02;1.0514914e-01;2.8750000e+02;1.3548163e-01;2.8750000e+02;1.7117137e-01;2.8750000e+02;2.1053733e-01;2.8750000e+02;2.5308198e-01;2.8750000e+02;2.7370313e-01;2.8750000e+02;2.7096260e-01;2.8750000e+02;2.4285096e-01;2.8750000e+02;2.0693442e-01;2.8750000e+02;1.6555145e-01;2.8750000e+02;1.2024519e-01;2.8750000e+02;7.9540953e-02;2.8750000e+02;4.1780747e-02;2.8750000e+02;1.2773566e-03;2.8750000e+02;1.2828532e-02;2.8750000e+02;3.0352397e-02;2.8750000e+02;5.1146403e-02;2.8750000e+02;7.6138347e-02;2.8750000e+02;1.0514914e-01;2.8750000e+02;1.3548163e-01;2.8750000e+02;1.7117137e-01;2.8750000e+02;2.1053733e-01;2.8750000e+02;2.5308198e-01;2.8750000e+02;2.7370313e-01;2.8750000e+02;2.7096260e-01;2.8750000e+02;2.4285096e-01;2.8750000e+02;2.0693442e-01;2.8750000e+02;1.6555145e-01;2.8750000e+02;1.2024519e-01;2.8750000e+02;7.9540953e-02;2.8750000e+02;4.1780747e-02;2.8750000e+02;1.2773566e-03;2.8750000e+02;1.2828532e-02;2.8750000e+02;3.0352397e-02;2.8750000e+02;5.1146403e-02;2.8750000e+02;7.6138347e-02;2.8750000e+02;1.0514914e-01;2.8750000e+02;1.3548163e-01;2.8750000e+02;1.7117137e-01;2.8750000e+02;2.1053733e-01;2.8750000e+02;2.5308198e-01;2.8750000e+02;2.7370313e-01;2.8750000e+02;2.7096260e-01;2.8750000e+02;2.4285096e-01;2.8750000e+02;2.0693442e-01;2.8750000e+02;1.6555145e-01;2.8750000e+02;1.2024519e-01;2.8750000e+02;7.9540953e-02;2.8750000e+02;4.1780747e-02;2.8750000e+02;1.2773566e-03;2.8750000e+02;1.2828532e-02;2.8750000e+02;3.0352397e-02;2.8750000e+02;5.1146403e-02;2.8750000e+02;7.6138347e-02;2.8750000e+02;1.0514914e-01;2.8750000e+02;1.3548163e-01;2.8750000e+02;1.7117137e-01;2.8750000e+02;2.1053733e-01;2.8750000e+02;2.5308198e-01;2.8750000e+02;2.7370313e-01;2.8750000e+02;2.7096260e-01;2.8750000e+02;2.4285096e-01;2.8750000e+02;2.0693442e-01;2.8750000e+02;1.6555145e-01;2.8750000e+02;1.2024519e-01;2.8750000e+02;7.9540953e-02;2.8750000e+02;4.1780747e-02;2.8750000e+02;1.2773566e-03;2.8750000e+02;1.2828532e-02;2.8750000e+02;3.0352397e-02;2.8750000e+02;5.1146403e-02;2.8750000e+02;7.6138347e-02;2.8750000e+02;1.0514914e-01;2.8750000e+02;1.3548163e-01;2.8750000e+02;1.7117137e-01;2.8750000e+02;2.1053733e-01;2.8750000e+02;2.5308198e-01;2.8750000e+02;2.7370313e-01;2.8750000e+02;2.7096260e-01;2.8750000e+02;2.4285096e-01;2.8750000e+02;2.0693442e-01;2.8750000e+02;1.6555145e-01;2.8750000e+02;1.2024519e-01;2.8750000e+02;7.9540953e-02;2.8750000e+02;4.1780747e-02;2.8750000e+02;1.2773566e-03;2.8750000e+02;1.2828532e-02;2.8750000e+02;3.0352397e-02;2.8750000e+02;5.1146403e-02;2.8750000e+02;7.6138347e-02;2.8750000e+02;1.0514914e-01;2.8750000e+02;1.3548163e-01;2.8750000e+02;1.7117137e-01;2.8750000e+02;2.1053733e-01;2.8750000e+02;2.5308198e-01;2.8750000e+02;2.7370313e-01;2.8750000e+02;2.7096260e-01;2.8750000e+02;2.4285096e-01;2.8750000e+02;2.0693442e-01;2.8750000e+02;1.6555145e-01;2.8750000e+02;1.2024519e-01;2.8750000e+02;7.9540953e-02;2.8750000e+02;4.1780747e-02;2.8750000e+02;1.2773566e-03;2.8750000e+02;1.2828532e-02;2.8750000e+02;3.0352397e-02;2.8750000e+02;5.1146403e-02;2.8750000e+02;7.6138347e-02;2.8750000e+02;1.0514914e-01;2.8750000e+02;1.3548163e-01;2.8750000e+02;1.7117137e-01;2.8750000e+02;2.1053733e-01;2.8750000e+02;2.5308198e-01;2.8750000e+02;2.7370313e-01;2.8750000e+02;2.7096260e-01;2.8750000e+02;2.4285096e-01;2.8750000e+02;2.0693442e-01;2.8750000e+02;1.6555145e-01;2.8750000e+02;1.2024519e-01;2.8750000e+02;7.9540953e-02;2.8750000e+02;4.1780747e-02;2.8750000e+02;1.2773566e-03;2.8750000e+02;1.2828532e-02;2.8750000e+02;3.0352397e-02;2.8750000e+02;5.1146403e-02;2.8750000e+02;7.6138347e-02;2.8750000e+02;1.0514914e-01;2.8750000e+02;1.3548163e-01;2.8750000e+02;1.7117137e-01;2.8750000e+02;2.1053733e-01;2.8750000e+02;2.5308198e-01;2.8750000e+02;2.7370313e-01;2.8750000e+02;2.7096260e-01;2.8750000e+02;2.4285096e-01;2.8750000e+02;2.0693442e-01;2.8750000e+02;1.6555145e-01;2.8750000e+02;1.2024519e-01;2.8750000e+02;7.9540953e-02;2.8750000e+02;4.1780747e-02;2.8750000e+02;1.2773566e-03;2.8750000e+02;1.2828532e-02;2.8750000e+02;3.0352397e-02;2.8750000e+02;5.1146403e-02;2.8750000e+02;7.6138347e-02;2.8750000e+02;1.0514914e-01;2.8750000e+02;1.3548163e-01;2.8750000e+02;1.7117137e-01;2.8750000e+02;2.1053733e-01;2.8750000e+02;2.5308198e-01;2.8750000e+02;2.7370313e-01;2.8750000e+02;2.7096260e-01;2.8750000e+02;2.4285096e-01;2.8750000e+02;2.0693442e-01;2.8750000e+02;1.6555145e-01;2.8750000e+02;1.2024519e-01;2.8750000e+02;7.9540953e-02;2.8750000e+02;4.1780747e-02;2.8750000e+02;1.2773566e-03;2.8750000e+02;1.2828532e-02;2.8750000e+02;3.0352397e-02;2.8750000e+02;5.1146403e-02;2.8750000e+02;7.6138347e-02;2.8750000e+02;1.0514914e-01;2.8750000e+02;1.3548163e-01;2.8750000e+02;1.7117137e-01;2.8750000e+02;2.1053733e-01;2.8750000e+02;2.5308198e-01;2.8750000e+02;2.7370313e-01;2.8750000e+02;2.7096260e-01;2.8750000e+02;2.4285096e-01;2.8750000e+02;2.0693442e-01;2.8750000e+02;1.6555145e-01;2.8750000e+02;1.2024519e-01;2.8750000e+02;7.9540953e-02;2.8750000e+02;4.1780747e-02;2.8750000e+02;1.2773566e-03;2.8750000e+02;1.2828532e-02;2.8750000e+02;3.0352397e-02;2.8750000e+02;5.1146403e-02;2.8750000e+02;7.6138347e-02;2.8750000e+02;1.0514914e-01;2.8750000e+02;1.3548163e-01;2.8750000e+02;1.7117137e-01;2.8750000e+02;2.1053733e-01;2.8750000e+02;2.5308198e-01;2.8750000e+02;2.7370313e-01;2.8750000e+02;2.7096260e-01;2.8750000e+02;2.4285096e-01;2.8750000e+02;2.0693442e-01;2.8750000e+02;1.6555145e-01;2.8750000e+02;1.2024519e-01;2.8750000e+02;7.9540953e-02;2.8750000e+02;4.1780747e-02;2.8750000e+02;1.2773566e-03;2.8750000e+02;1.2828532e-02;2.8750000e+02;3.0352397e-02;2.8750000e+02;5.1146403e-02;2.8750000e+02;7.6138347e-02;2.8750000e+02;1.0514914e-01;2.8750000e+02;1.3548163e-01;2.8750000e+02;1.7117137e-01;2.8750000e+02;2.1053733e-01;2.8750000e+02;2.5308198e-01;2.8750000e+02;2.7370313e-01;2.8750000e+02;2.7096260e-01;2.8750000e+02;2.4285096e-01;2.8750000e+02;2.0693442e-01;2.8750000e+02;1.6555145e-01;2.8750000e+02;1.2024519e-01;2.8750000e+02;7.9540953e-02;2.8750000e+02;4.1780747e-02;2.8750000e+02;1.2773566e-03;2.8750000e+02;1.2828532e-02;2.8750000e+02;3.0352397e-02;2.8750000e+02;5.1146403e-02;2.8750000e+02;7.6138347e-02;2.8750000e+02;1.0514914e-01;2.8750000e+02;1.3548163e-01;2.8750000e+02;1.7117137e-01;2.8750000e+02;2.1053733e-01;2.8750000e+02;2.5308198e-01;2.8750000e+02;2.7370313e-01;2.8750000e+02;2.7096260e-01;2.8750000e+02;2.4285096e-01;2.8750000e+02;2.0693442e-01;2.8750000e+02;1.6555145e-01;2.8750000e+02;1.2024519e-01;2.8750000e+02;7.9540953e-02;2.8750000e+02;4.1780747e-02;2.8750000e+02;1.2773566e-03;2.8750000e+02;1.2828532e-02;2.8750000e+02;3.0352397e-02;2.8750000e+02;5.1146403e-02;2.8750000e+02;7.6138347e-02;2.8750000e+02;1.0514914e-01;2.8750000e+02;1.3548163e-01;2.8750000e+02;1.7117137e-01;2.8750000e+02;2.1053733e-01;2.8750000e+02;2.5308198e-01;2.8750000e+02;2.7370313e-01;2.8750000e+02;2.7096260e-01;2.8750000e+02;2.4285096e-01;2.8750000e+02;2.0693442e-01;2.8750000e+02;1.6555145e-01;2.8750000e+02;1.2024519e-01;2.8750000e+02;7.9540953e-02;2.8750000e+02;4.1780747e-02;2.8750000e+02;1.2773566e-03;2.8750000e+02;1.2828532e-02;2.8750000e+02;3.0352397e-02;2.8750000e+02;5.1146403e-02;2.8750000e+02;7.6138347e-02;2.8750000e+02;1.0514914e-01;2.8750000e+02;1.3548163e-01;2.8750000e+02;1.7117137e-01;2.8750000e+02;2.1053733e-01;2.8750000e+02;2.5308198e-01;2.8750000e+02;2.7370313e-01;2.8750000e+02;2.7096260e-01;2.8750000e+02;2.4285096e-01;2.8750000e+02;2.0693442e-01;2.8750000e+02;1.6555145e-01;2.8750000e+02;1.2024519e-01;2.8750000e+02;7.9540953e-02;2.8750000e+02;4.1780747e-02;2.8750000e+02;1.2773566e-03;2.8750000e+02;1.2828532e-02;2.8750000e+02;3.0352397e-02;2.8750000e+02;5.1146403e-02;2.8750000e+02;7.6138347e-02;2.8750000e+02;1.0514914e-01;2.8750000e+02;1.3548163e-01;2.8750000e+02;1.7117137e-01;2.8750000e+02;2.1053733e-01;2.8750000e+02;2.5308198e-01;2.8750000e+02;2.7370313e-01;2.8750000e+02;2.7096260e-01;2.8750000e+02;2.4285096e-01;2.8750000e+02;2.0693442e-01;2.8750000e+02;1.6555145e-01;2.8750000e+02;1.2024519e-01;2.8750000e+02;7.9540953e-02;2.8750000e+02;4.1780747e-02;2.8750000e+02;1.2773566e-03;2.8750000e+02;1.2828532e-02;2.8750000e+02;3.0352397e-02;2.8750000e+02;5.1146403e-02;2.8750000e+02;7.6138347e-02;2.8750000e+02;1.0514914e-01;2.8750000e+02;1.3548163e-01;2.8750000e+02;1.7117137e-01;2.8750000e+02;2.1053733e-01;2.8750000e+02;2.5308198e-01;2.8750000e+02;2.7370313e-01;2.8750000e+02;2.7096260e-01;2.8750000e+02;2.4285096e-01;2.8750000e+02;2.0693442e-01;2.8750000e+02;1.6555145e-01;2.8750000e+02;1.2024519e-01;2.8750000e+02;7.9540953e-02;2.8750000e+02;4.1780747e-02;2.8750000e+02;1.2773566e-03;2.8750000e+02;1.2828532e-02;2.8750000e+02;3.0352397e-02;2.8750000e+02;5.1146403e-02;2.8750000e+02;7.6138347e-02;2.8750000e+02;1.0514914e-01;2.8750000e+02;1.3548163e-01;2.8750000e+02;1.7117137e-01;2.8750000e+02;2.1053733e-01;2.8750000e+02;2.5308198e-01;2.8750000e+02;2.7370313e-01;2.8750000e+02;2.7096260e-01;2.8750000e+02;2.4285096e-01;2.8750000e+02;2.0693442e-01;2.8750000e+02;1.6555145e-01;2.8750000e+02;1.2024519e-01;2.8750000e+02;7.9540953e-02;2.8750000e+02;4.1780747e-02;2.8750000e+02;1.2773566e-03;2.8750000e+02;1.2828532e-02;2.8750000e+02;3.0352397e-02;2.8750000e+02;5.1146403e-02;2.8750000e+02;7.6138347e-02;2.8750000e+02;1.0514914e-01;2.8750000e+02;1.3548163e-01;2.8750000e+02;1.7117137e-01;2.8750000e+02;2.1053733e-01;2.8750000e+02;2.5308198e-01;2.8750000e+02;2.7370313e-01;2.8750000e+02;2.7096260e-01;2.8750000e+02;2.4285096e-01;2.8750000e+02;2.0693442e-01;2.8750000e+02;1.6555145e-01;2.8750000e+02;1.2024519e-01;2.8750000e+02;7.9540953e-02;2.8750000e+02;4.1780747e-02;2.8750000e+02;1.2773566e-03;2.8750000e+02;1.2828532e-02;2.8750000e+02;3.0352397e-02;2.8750000e+02;5.1146403e-02;2.8750000e+02;7.6138347e-02;2.8750000e+02;1.0514914e-01;2.8750000e+02;1.3548163e-01;2.8750000e+02;1.7117137e-01;2.8750000e+02;2.1053733e-01;2.8750000e+02;2.5308198e-01;2.8750000e+02;2.7370313e-01;2.8750000e+02;2.7096260e-01;2.8750000e+02;2.4285096e-01;2.8750000e+02;2.0693442e-01;2.8750000e+02;1.6555145e-01;2.8750000e+02;1.2024519e-01;2.8750000e+02;7.9540953e-02;2.8750000e+02;4.1780747e-02;2.8750000e+02;1.2773566e-03;2.8750000e+02;1.2828532e-02;2.8750000e+02;3.0352397e-02;2.8750000e+02;5.1146403e-02;2.8750000e+02;7.6138347e-02;2.8750000e+02;1.0514914e-01;2.8750000e+02;1.3548163e-01;2.8750000e+02;1.7117137e-01;2.8750000e+02;2.1053733e-01;2.8750000e+02;2.5308198e-01;2.8750000e+02;2.7370313e-01;2.8750000e+02;2.7096260e-01;2.8750000e+02;2.4285096e-01;2.8750000e+02;2.0693442e-01;2.8750000e+02;1.6555145e-01;2.8750000e+02;1.2024519e-01;2.8750000e+02;7.9540953e-02;2.8750000e+02;4.1780747e-02;2.8750000e+02;1.2773566e-03;2.8750000e+02;1.2828532e-02;2.8750000e+02;3.0352397e-02;2.8750000e+02;5.1146403e-02;2.8750000e+02;7.6138347e-02;2.8750000e+02;1.0514914e-01;2.8750000e+02;1.3548163e-01;2.8750000e+02;1.7117137e-01;2.8750000e+02;2.1053733e-01;2.8750000e+02;2.5308198e-01;2.8750000e+02;2.7370313e-01;2.8750000e+02;2.7096260e-01;2.8750000e+02;2.4285096e-01;2.8750000e+02;2.0693442e-01;2.8750000e+02;1.6555145e-01;2.8750000e+02;1.2024519e-01;2.8750000e+02;7.9540953e-02;2.8750000e+02;4.1780747e-02;2.8750000e+02;1.2773566e-03;2.8750000e+02;1.2828532e-02;2.8750000e+02;3.0352397e-02;2.8750000e+02;5.1146403e-02;2.8750000e+02;7.6138347e-02;2.8750000e+02;1.0514914e-01;2.8750000e+02;1.3548163e-01;2.8750000e+02;1.7117137e-01;2.8750000e+02;2.1053733e-01;2.8750000e+02;2.5308198e-01;2.8750000e+02;2.7370313e-01;2.8750000e+02;2.7096260e-01;2.8750000e+02;2.4285096e-01;2.8750000e+02;2.0693442e-01;2.8750000e+02;1.6555145e-01;2.8750000e+02;1.2024519e-01;2.8750000e+02;7.9540953e-02;2.8750000e+02;4.1780747e-02;2.8750000e+02;1.2773566e-03;2.8750000e+02;1.2828532e-02;2.8750000e+02;3.0352397e-02;2.8750000e+02;5.1146403e-02;2.8750000e+02;7.6138347e-02;2.8750000e+02;1.0514914e-01;2.8750000e+02;1.3548163e-01;2.8750000e+02;1.7117137e-01;2.8750000e+02;2.1053733e-01;2.8750000e+02;2.5308198e-01;2.8750000e+02;2.7370313e-01;2.8750000e+02;2.7096260e-01;2.8750000e+02;2.4285096e-01;2.8750000e+02;2.0693442e-01;2.8750000e+02;1.6555145e-01;2.8750000e+02;1.2024519e-01;2.8750000e+02;7.9540953e-02;2.8750000e+02;4.1780747e-02;2.8750000e+02;1.2773566e-03;2.8750000e+02;1.2828532e-02;2.8750000e+02;3.0352397e-02;2.8750000e+02;5.1146403e-02;2.8750000e+02;7.6138347e-02;2.8750000e+02;1.0514914e-01;2.8750000e+02;1.3548163e-01;2.8750000e+02;1.7117137e-01;2.8750000e+02;2.1053733e-01;2.8750000e+02;2.5308198e-01;2.8750000e+02;2.7370313e-01;2.8750000e+02;2.7096260e-01;2.8750000e+02;2.4285096e-01;2.8750000e+02;2.0693442e-01;2.8750000e+02;1.6555145e-01;2.8750000e+02;1.2024519e-01;2.8750000e+02;7.9540953e-02;2.8750000e+02;4.1780747e-02;2.8750000e+02;1.2773566e-03;2.8750000e+02;1.2828532e-02;2.8750000e+02;3.0352397e-02;2.8750000e+02;5.1146403e-02;2.8750000e+02;7.6138347e-02;2.8750000e+02;1.0514914e-01;2.8750000e+02;1.3548163e-01;2.8750000e+02;1.7117137e-01;2.8750000e+02;2.1053733e-01;2.8750000e+02;2.5308198e-01;2.8750000e+02;2.7370313e-01;2.8750000e+02;2.7096260e-01;2.8750000e+02;2.4285096e-01;2.8750000e+02;2.0693442e-01;2.8750000e+02;1.6555145e-01;2.8750000e+02;1.2024519e-01;2.8750000e+02;7.9540953e-02;2.8750000e+02;4.1780747e-02;2.8750000e+02;1.2773566e-03;2.8750000e+02;1.2828532e-02;2.8750000e+02;3.0352397e-02;2.8750000e+02;5.1146403e-02;2.8750000e+02;7.6138347e-02;2.8750000e+02;1.0514914e-01;2.8750000e+02;1.3548163e-01;2.8750000e+02;1.7117137e-01;2.8750000e+02;2.1053733e-01;2.8750000e+02;2.5308198e-01;2.8750000e+02;2.7370313e-01;2.8750000e+02;2.7096260e-01;2.8750000e+02;2.4285096e-01;2.8750000e+02;2.0693442e-01;2.8750000e+02;1.6555145e-01;2.8750000e+02;1.2024519e-01;2.8750000e+02;7.9540953e-02;2.8750000e+02;4.1780747e-02;2.8750000e+02;1.2773566e-03;2.8750000e+02;1.2828532e-02;2.8750000e+02;3.0352397e-02;2.8750000e+02;5.1146403e-02;2.8750000e+02;7.6138347e-02;2.8750000e+02;1.0514914e-01;2.8750000e+02;1.3548163e-01;2.8750000e+02;1.7117137e-01;2.8750000e+02;2.1053733e-01;2.8750000e+02;2.5308198e-01;2.8750000e+02;2.7370313e-01;2.8750000e+02;2.7096260e-01;2.8750000e+02;2.4285096e-01;2.8750000e+02;2.0693442e-01;2.8750000e+02;1.6555145e-01;2.8750000e+02;1.2024519e-01;2.8750000e+02;7.9540953e-02;2.8750000e+02;4.1780747e-02;2.8750000e+02;1.2773566e-03;2.8750000e+02;1.2828532e-02;2.8750000e+02;3.0352397e-02;2.8750000e+02;5.1146403e-02;2.8750000e+02;7.6138347e-02;2.8750000e+02;1.0514914e-01;2.8750000e+02;1.3548163e-01;2.8750000e+02;1.7117137e-01;2.8750000e+02;2.1053733e-01;2.8750000e+02;2.5308198e-01;2.8750000e+02;2.7370313e-01;2.8750000e+02;2.7096260e-01;2.8750000e+02;2.4285096e-01;2.8750000e+02;2.0693442e-01;2.8750000e+02;1.6555145e-01;2.8750000e+02;1.2024519e-01;2.8750000e+02;7.9540953e-02;2.8750000e+02;4.1780747e-02;2.8750000e+02;1.2773566e-03;2.8750000e+02;1.2828532e-02;2.8750000e+02;3.0352397e-02;2.8750000e+02;5.1146403e-02;2.8750000e+02;7.6138347e-02;2.8750000e+02;1.0514914e-01;2.8750000e+02;1.3548163e-01;2.8750000e+02;1.7117137e-01;2.8750000e+02;2.1053733e-01;2.8750000e+02;2.5308198e-01;2.8750000e+02;2.7370313e-01;2.8750000e+02;2.7096260e-01;2.8750000e+02;2.4285096e-01;2.8750000e+02;2.0693442e-01;2.8750000e+02;1.6555145e-01;2.8750000e+02;1.2024519e-01;2.8750000e+02;7.9540953e-02;2.8750000e+02;4.1780747e-02;2.8750000e+02;1.2773566e-03;2.8750000e+02;1.2828532e-02;2.8750000e+02;3.0352397e-02;2.8750000e+02;5.1146403e-02;2.8750000e+02;7.6138347e-02;2.8750000e+02;1.0514914e-01;2.8750000e+02;1.3548163e-01;2.8750000e+02;1.7117137e-01;2.8750000e+02;2.1053733e-01;2.8750000e+02;2.5308198e-01;2.8750000e+02;2.7370313e-01;2.8750000e+02;2.7096260e-01;2.8750000e+02;2.4285096e-01;2.8750000e+02;2.0693442e-01;2.8750000e+02;1.6555145e-01;2.8750000e+02;1.2024519e-01;2.8750000e+02;7.9540953e-02;2.8750000e+02;4.1780747e-02;2.8750000e+02;1.2773566e-03;2.8750000e+02;1.2828532e-02;2.8750000e+02;3.0352397e-02;2.8750000e+02;5.1146403e-02;2.8750000e+02;7.6138347e-02;2.8750000e+02;1.0514914e-01;2.8750000e+02;1.3548163e-01;2.8750000e+02;1.7117137e-01;2.8750000e+02;2.1053733e-01;2.8750000e+02;2.5308198e-01;2.8750000e+02;2.7370313e-01;2.8750000e+02;2.7096260e-01;2.8750000e+02;2.4285096e-01;2.8750000e+02;2.0693442e-01;2.8750000e+02;1.6555145e-01;2.8750000e+02;1.2024519e-01;2.8750000e+02;7.9540953e-02;2.8750000e+02;4.1780747e-02;2.8750000e+02;1.2773566e-03;2.8750000e+02;1.2828532e-02;2.8750000e+02;3.0352397e-02;2.8750000e+02;5.1146403e-02;2.8750000e+02;7.6138347e-02;2.8750000e+02;1.0514914e-01;2.8750000e+02;1.3548163e-01;2.8750000e+02;1.7117137e-01;2.8750000e+02;2.1053733e-01;2.8750000e+02;2.5308198e-01;2.8750000e+02;2.7370313e-01;2.8750000e+02;2.7096260e-01;2.8750000e+02;2.4285096e-01;2.8750000e+02;2.0693442e-01;2.8750000e+02;1.6555145e-01;2.8750000e+02;1.2024519e-01;2.8750000e+02;7.9540953e-02;2.8750000e+02;4.1780747e-02;2.8750000e+02;1.2773566e-03;2.8750000e+02;1.2828532e-02;2.8750000e+02;3.0352397e-02;2.8750000e+02;5.1146403e-02;2.8750000e+02;7.6138347e-02;2.8750000e+02;1.0514914e-01;2.8750000e+02;1.3548163e-01;2.8750000e+02;1.7117137e-01;2.8750000e+02;2.1053733e-01;2.8750000e+02;2.5308198e-01;2.8750000e+02;2.7370313e-01;2.8750000e+02;2.7096260e-01;2.8750000e+02;2.4285096e-01;2.8750000e+02;2.0693442e-01;2.8750000e+02;1.6555145e-01;2.8750000e+02;1.2024519e-01;2.8750000e+02;7.9540953e-02;2.8750000e+02;4.1780747e-02;2.8750000e+02;1.2773566e-03;2.8750000e+02;1.2828532e-02;2.8750000e+02;3.0352397e-02;2.8750000e+02;5.1146403e-02;2.8750000e+02;7.6138347e-02;2.8750000e+02;1.0514914e-01;2.8750000e+02;1.3548163e-01;2.8750000e+02;1.7117137e-01;2.8750000e+02;2.1053733e-01;2.8750000e+02;2.5308198e-01;2.8750000e+02;2.7370313e-01;2.8750000e+02;2.7096260e-01;2.8750000e+02;2.4285096e-01;2.8750000e+02;2.0693442e-01;2.8750000e+02;1.6555145e-01;2.8750000e+02;1.2024519e-01;2.8750000e+02;7.9540953e-02;2.8750000e+02;4.1780747e-02;2.8750000e+02;1.2773566e-03;2.8750000e+02;1.2828532e-02;2.8750000e+02;3.0352397e-02;2.8750000e+02;5.1146403e-02;2.8750000e+02;7.6138347e-02;2.8750000e+02;1.0514914e-01;2.8750000e+02;1.3548163e-01;2.8750000e+02;1.7117137e-01;2.8750000e+02;2.1053733e-01;2.8750000e+02;2.5308198e-01;2.8750000e+02;2.7370313e-01;2.8750000e+02;2.7096260e-01;2.8750000e+02;2.4285096e-01;2.8750000e+02;2.0693442e-01;2.8750000e+02;1.6555145e-01;2.8750000e+02;1.2024519e-01;2.8750000e+02;7.9540953e-02;2.8750000e+02;4.1780747e-02;2.8750000e+02;1.2773566e-03;2.8750000e+02;1.2828532e-02;2.8750000e+02;3.0352397e-02;2.8750000e+02;5.1146403e-02;2.8750000e+02;7.6138347e-02;2.8750000e+02;1.0514914e-01;2.8750000e+02;1.3548163e-01;2.8750000e+02;1.7117137e-01;2.8750000e+02;2.1053733e-01;2.8750000e+02;2.5308198e-01;2.8750000e+02;2.7370313e-01;2.8750000e+02;2.7096260e-01;2.8750000e+02;2.4285096e-01;2.8750000e+02;2.0693442e-01;2.8750000e+02;1.6555145e-01;2.8750000e+02;1.2024519e-01;2.8750000e+02;7.9540953e-02;2.8750000e+02;4.1780747e-02;2.8750000e+02;1.2773566e-03;2.8750000e+02;1.2828532e-02;2.8750000e+02;3.0352397e-02;2.8750000e+02;5.1146403e-02;2.8750000e+02;7.6138347e-02;2.8750000e+02;1.0514914e-01;2.8750000e+02;1.3548163e-01;2.8750000e+02;1.7117137e-01;2.8750000e+02;2.1053733e-01;2.8750000e+02;2.5308198e-01;2.8750000e+02;2.7370313e-01;2.8750000e+02;2.7096260e-01;2.8750000e+02;2.4285096e-01;2.8750000e+02;2.0693442e-01;2.8750000e+02;1.6555145e-01;2.8750000e+02;1.2024519e-01;2.8750000e+02;7.9540953e-02;2.8750000e+02;4.1780747e-02;2.8750000e+02;1.2773566e-03;2.8750000e+02;1.2828532e-02;2.8750000e+02;3.0352397e-02;2.8750000e+02;5.1146403e-02;2.8750000e+02;7.6138347e-02;2.8750000e+02;1.0514914e-01;2.8750000e+02;1.3548163e-01;2.8750000e+02;1.7117137e-01;2.8750000e+02;2.1053733e-01;2.8750000e+02;2.5308198e-01;2.8750000e+02;2.7370313e-01;2.8750000e+02;2.7096260e-01;2.8750000e+02;2.4285096e-01;2.8750000e+02;2.0693442e-01;2.8750000e+02;1.6555145e-01;2.8750000e+02;1.2024519e-01;2.8750000e+02;7.9540953e-02;2.8750000e+02;4.1780747e-02;2.8750000e+02;1.2773566e-03;2.8750000e+02;1.2828532e-02;2.8750000e+02;3.0352397e-02;2.8750000e+02;5.1146403e-02;2.8750000e+02;7.6138347e-02;2.8750000e+02;1.0514914e-01;2.8750000e+02;1.3548163e-01;2.8750000e+02;1.7117137e-01;2.8750000e+02;2.1053733e-01;2.8750000e+02;2.5308198e-01;2.8750000e+02;2.7370313e-01;2.8750000e+02;2.7096260e-01;2.8750000e+02;2.4285096e-01;2.8750000e+02;2.0693442e-01;2.8750000e+02;1.6555145e-01;2.8750000e+02;1.2024519e-01;2.8750000e+02;7.9540953e-02;2.8750000e+02;4.1780747e-02;2.8750000e+02;1.2773566e-03;2.8750000e+02;1.2828532e-02;2.8750000e+02;3.0352397e-02;2.8750000e+02;5.1146403e-02;2.8750000e+02;7.6138347e-02;2.8750000e+02;1.0514914e-01;2.8750000e+02;1.3548163e-01;2.8750000e+02;1.7117137e-01;2.8750000e+02;2.1053733e-01;2.8750000e+02;2.5308198e-01;2.8750000e+02;2.7370313e-01;2.8750000e+02;2.7096260e-01;2.8750000e+02;2.4285096e-01;2.8750000e+02;2.0693442e-01;2.8750000e+02;1.6555145e-01;2.8750000e+02;1.2024519e-01;2.8750000e+02;7.9540953e-02;2.8750000e+02;4.1780747e-02;2.8750000e+02;1.2773566e-03;2.8750000e+02;1.2828532e-02;2.8750000e+02;3.0352397e-02;2.8750000e+02;5.1146403e-02;2.8750000e+02;7.6138347e-02;2.8750000e+02;1.0514914e-01;2.8750000e+02;1.3548163e-01;2.8750000e+02;1.7117137e-01;2.8750000e+02;2.1053733e-01;2.8750000e+02;2.5308198e-01;2.8750000e+02;2.7370313e-01;2.8750000e+02;2.7096260e-01;2.8750000e+02;2.4285096e-01;2.8750000e+02;2.0693442e-01;2.8750000e+02;1.6555145e-01;2.8750000e+02;1.2024519e-01;2.8750000e+02;7.9540953e-02;2.8750000e+02;4.1780747e-02;2.8750000e+02;1.2773566e-03;2.8750000e+02;1.2828532e-02;2.8750000e+02;3.0352397e-02;2.8750000e+02;5.1146403e-02;2.8750000e+02;7.6138347e-02;2.8750000e+02;1.0514914e-01;2.8750000e+02;1.3548163e-01;2.8750000e+02;1.7117137e-01;2.8750000e+02;2.1053733e-01;2.8750000e+02;2.5308198e-01;2.8750000e+02;2.7370313e-01;2.8750000e+02;2.7096260e-01;2.8750000e+02;2.4285096e-01;2.8750000e+02;2.0693442e-01;2.8750000e+02;1.6555145e-01;2.8750000e+02;1.2024519e-01;2.8750000e+02;7.9540953e-02;2.8750000e+02;4.1780747e-02;2.8750000e+02;1.2773566e-03;2.8750000e+02;1.2828532e-02;2.8750000e+02;3.0352397e-02;2.8750000e+02;5.1146403e-02;2.8750000e+02;7.6138347e-02;2.8750000e+02;1.0514914e-01;2.8750000e+02;1.3548163e-01;2.8750000e+02;1.7117137e-01;2.8750000e+02;2.1053733e-01;2.8750000e+02;2.5308198e-01;2.8750000e+02;2.7370313e-01;2.8750000e+02;2.7096260e-01;2.8750000e+02;2.4285096e-01;2.8750000e+02;2.0693442e-01;2.8750000e+02;1.6555145e-01;2.8750000e+02;1.2024519e-01;2.8750000e+02;7.9540953e-02;2.8750000e+02;4.1780747e-02;2.8750000e+02;1.2773566e-03;2.8750000e+02;1.2828532e-02;2.8750000e+02;3.0352397e-02;2.8750000e+02;5.1146403e-02;2.8750000e+02;7.6138347e-02;2.8750000e+02;1.0514914e-01;2.8750000e+02;1.3548163e-01;2.8750000e+02;1.7117137e-01;2.8750000e+02;2.1053733e-01;2.8750000e+02;2.5308198e-01;2.8750000e+02;2.7370313e-01;2.8750000e+02;2.7096260e-01;2.8750000e+02;2.4285096e-01;2.8750000e+02;2.0693442e-01;2.8750000e+02;1.6555145e-01;2.8750000e+02;1.2024519e-01;2.8750000e+02;7.9540953e-02;2.8750000e+02;4.1780747e-02;2.8750000e+02;1.2773566e-03;2.8750000e+02;1.2828532e-02;2.8750000e+02;3.0352397e-02;2.8750000e+02;5.1146403e-02;2.8750000e+02;7.6138347e-02;2.8750000e+02;1.0514914e-01;2.8750000e+02;1.3548163e-01;2.8750000e+02;1.7117137e-01;2.8750000e+02;2.1053733e-01;2.8750000e+02;2.5308198e-01;2.8750000e+02;2.7370313e-01;2.8750000e+02;2.7096260e-01;2.8750000e+02;2.4285096e-01;2.8750000e+02;2.0693442e-01;2.8750000e+02;1.6555145e-01;2.8750000e+02;1.2024519e-01;2.8750000e+02;7.9540953e-02;2.8750000e+02;4.1780747e-02;2.8750000e+02;1.2773566e-03;2.8750000e+02;1.2828532e-02;2.8750000e+02;3.0352397e-02;2.8750000e+02;5.1146403e-02;2.8750000e+02;7.6138347e-02;2.8750000e+02;1.0514914e-01;2.8750000e+02;1.3548163e-01;2.8750000e+02;1.7117137e-01;2.8750000e+02;2.1053733e-01;2.8750000e+02;2.5308198e-01;2.8750000e+02;2.7370313e-01;2.8750000e+02;2.7096260e-01;2.8750000e+02;2.4285096e-01;2.8750000e+02;2.0693442e-01;2.8750000e+02;1.6555145e-01;2.8750000e+02;1.2024519e-01;2.8750000e+02;7.9540953e-02;2.8750000e+02;4.1780747e-02;2.8750000e+02;1.2773566e-03;2.8750000e+02;1.2828532e-02;2.8750000e+02;3.0352397e-02;2.8750000e+02;5.1146403e-02;2.8750000e+02;7.6138347e-02;2.8750000e+02;1.0514914e-01;2.8750000e+02;1.3548163e-01;2.8750000e+02;1.7117137e-01;2.8750000e+02;2.1053733e-01;2.8750000e+02;2.5308198e-01;2.8750000e+02;2.7370313e-01;2.8750000e+02;2.7096260e-01;2.8750000e+02;2.4285096e-01;2.8750000e+02;2.0693442e-01;2.8750000e+02;1.6555145e-01;2.8750000e+02;1.2024519e-01;2.8750000e+02;7.9540953e-02;2.8750000e+02;4.1780747e-02;2.8750000e+02;1.2773566e-03;2.8750000e+02;1.2828532e-02;2.8750000e+02;3.0352397e-02;2.8750000e+02;5.1146403e-02;2.8750000e+02;7.6138347e-02;2.8750000e+02;1.0514914e-01;2.8750000e+02;1.3548163e-01;2.8750000e+02;1.7117137e-01;2.8750000e+02;2.1053733e-01;2.8750000e+02;2.5308198e-01;2.8750000e+02;2.7370313e-01;2.8750000e+02;2.7096260e-01;2.8750000e+02;2.4285096e-01;2.8750000e+02;2.0693442e-01;2.8750000e+02;1.6555145e-01;2.8750000e+02;1.2024519e-01;2.8750000e+02;7.9540953e-02;2.8750000e+02;4.1780747e-02;2.8750000e+02;1.2773566e-03;2.8750000e+02;1.2828532e-02;2.8750000e+02;3.0352397e-02;2.8750000e+02;5.1146403e-02;2.8750000e+02;7.6138347e-02;2.8750000e+02;1.0514914e-01;2.8750000e+02;1.3548163e-01;2.8750000e+02;1.7117137e-01;2.8750000e+02;2.1053733e-01;2.8750000e+02;2.5308198e-01;2.8750000e+02;2.7370313e-01;2.8750000e+02;2.7096260e-01;2.8750000e+02;2.4285096e-01;2.8750000e+02;2.0693442e-01;2.8750000e+02;1.6555145e-01;2.8750000e+02;1.2024519e-01;2.8750000e+02;7.9540953e-02;2.8750000e+02;4.1780747e-02;2.8750000e+02;1.2773566e-03;2.8750000e+02;1.2828532e-02;2.8750000e+02;3.0352397e-02;2.8750000e+02;5.1146403e-02;2.8750000e+02;7.6138347e-02;2.8750000e+02;1.0514914e-01;2.8750000e+02;1.3548163e-01;2.8750000e+02;1.7117137e-01;2.8750000e+02;2.1053733e-01;2.8750000e+02;2.5308198e-01;2.8750000e+02;2.7370313e-01;2.8750000e+02;2.7096260e-01;2.8750000e+02;2.4285096e-01;2.8750000e+02;2.0693442e-01;2.8750000e+02;1.6555145e-01;2.8750000e+02;1.2024519e-01;2.8750000e+02;7.9540953e-02;2.8750000e+02;4.1780747e-02;2.8750000e+02;1.2773566e-03;2.8750000e+02;1.2828532e-02;2.8750000e+02;3.0352397e-02;2.8750000e+02;5.1146403e-02;2.8750000e+02;7.6138347e-02;2.8750000e+02;1.0514914e-01;2.8750000e+02;1.3548163e-01;2.8750000e+02;1.7117137e-01;2.8750000e+02;2.1053733e-01;2.8750000e+02;2.5308198e-01;2.8750000e+02;2.7370313e-01;2.8750000e+02;2.7096260e-01;2.8750000e+02;2.4285096e-01;2.8750000e+02;2.0693442e-01;2.8750000e+02;1.6555145e-01;2.8750000e+02;1.2024519e-01;2.8750000e+02;7.9540953e-02;2.8750000e+02;4.1780747e-02;2.8750000e+02;1.2773566e-03;2.8750000e+02;1.2828532e-02;2.8750000e+02;3.0352397e-02;2.8750000e+02;5.1146403e-02;2.8750000e+02;7.6138347e-02;2.8750000e+02;1.0514914e-01;2.8750000e+02;1.3548163e-01;2.8750000e+02;1.7117137e-01;2.8750000e+02;2.1053733e-01;2.8750000e+02;2.5308198e-01;2.8750000e+02;2.7370313e-01;2.8750000e+02;2.7096260e-01;2.8750000e+02;2.4285096e-01;2.8750000e+02;2.0693442e-01;2.8750000e+02;1.6555145e-01;2.8750000e+02;1.2024519e-01;2.8750000e+02;7.9540953e-02;2.8750000e+02;4.1780747e-02;2.8750000e+02;1.2773566e-03;2.8750000e+02;1.2828532e-02;2.8750000e+02;3.0352397e-02;2.8750000e+02;5.1146403e-02;2.8750000e+02;7.6138347e-02;2.8750000e+02;1.0514914e-01;2.8750000e+02;1.3548163e-01;2.8750000e+02;1.7117137e-01;2.8750000e+02;2.1053733e-01;2.8750000e+02;2.5308198e-01;2.8750000e+02;2.7370313e-01;2.8750000e+02;2.7096260e-01;2.8750000e+02;2.4285096e-01;2.8750000e+02;2.0693442e-01;2.8750000e+02;1.6555145e-01;2.8750000e+02;1.2024519e-01;2.8750000e+02;7.9540953e-02;2.8750000e+02;4.1780747e-02;2.8750000e+02;1.2773566e-03;2.8750000e+02;1.2828532e-02;2.8750000e+02;3.0352397e-02;2.8750000e+02;5.1146403e-02;2.8750000e+02;7.6138347e-02;2.8750000e+02;1.0514914e-01;2.8750000e+02;1.3548163e-01;2.8750000e+02;1.7117137e-01;2.8750000e+02;2.1053733e-01;2.8750000e+02;2.5308198e-01;2.8750000e+02;2.7370313e-01;2.8750000e+02;2.7096260e-01;2.8750000e+02;2.4285096e-01;2.8750000e+02;2.0693442e-01;2.8750000e+02;1.6555145e-01;2.8750000e+02;1.2024519e-01;2.8750000e+02;7.9540953e-02;2.8750000e+02;4.1780747e-02;2.8750000e+02;1.2773566e-03;2.8750000e+02;1.2828532e-02;2.8750000e+02;3.0352397e-02;2.8750000e+02;5.1146403e-02;2.8750000e+02;7.6138347e-02;2.8750000e+02;1.0514914e-01;2.8750000e+02;1.3548163e-01;2.8750000e+02;1.7117137e-01;2.8750000e+02;2.1053733e-01;2.8750000e+02;2.5308198e-01;2.8750000e+02;2.7370313e-01;2.8750000e+02;2.7096260e-01;2.8750000e+02;2.4285096e-01;2.8750000e+02;2.0693442e-01;2.8750000e+02;1.6555145e-01;2.8750000e+02;1.2024519e-01;2.8750000e+02;7.9540953e-02;2.8750000e+02;4.1780747e-02;2.8750000e+02;1.2773566e-03;2.8750000e+02;1.2828532e-02;2.8750000e+02;3.0352397e-02;2.8750000e+02;5.1146403e-02;2.8750000e+02;7.6138347e-02;2.8750000e+02;1.0514914e-01;2.8750000e+02;1.3548163e-01;2.8750000e+02;1.7117137e-01;2.8750000e+02;2.1053733e-01;2.8750000e+02;2.5308198e-01;2.8750000e+02;2.7370313e-01;2.8750000e+02;2.7096260e-01;2.8750000e+02;2.4285096e-01;2.8750000e+02;2.0693442e-01;2.8750000e+02;1.6555145e-01;2.8750000e+02;1.2024519e-01;2.8750000e+02;7.9540953e-02;2.8750000e+02;4.1780747e-02;2.8750000e+02;1.2773566e-03;2.8750000e+02;1.2828532e-02;2.8750000e+02;3.0352397e-02;2.8750000e+02;5.1146403e-02;2.8750000e+02;7.6138347e-02;2.8750000e+02;1.0514914e-01;2.8750000e+02;1.3548163e-01;2.8750000e+02;1.7117137e-01;2.8750000e+02;2.1053733e-01;2.8750000e+02;2.5308198e-01;2.8750000e+02;2.7370313e-01;2.8750000e+02;2.7096260e-01;2.8750000e+02;2.4285096e-01;2.8750000e+02;2.0693442e-01;2.8750000e+02;1.6555145e-01;2.8750000e+02;1.2024519e-01;2.8750000e+02;7.9540953e-02;2.8750000e+02;4.1780747e-02;2.8750000e+02;1.2773566e-03;2.8750000e+02;1.2828532e-02;2.8750000e+02;3.0352397e-02;2.8750000e+02;5.1146403e-02;2.8750000e+02;7.6138347e-02;2.8750000e+02;1.0514914e-01;2.8750000e+02;1.3548163e-01;2.8750000e+02;1.7117137e-01;2.8750000e+02;2.1053733e-01;2.8750000e+02;2.5308198e-01;2.8750000e+02;2.7370313e-01;2.8750000e+02;2.7096260e-01;2.8750000e+02;2.4285096e-01;2.8750000e+02;2.0693442e-01;2.8750000e+02;1.6555145e-01;2.8750000e+02;1.2024519e-01;2.8750000e+02;7.9540953e-02;2.8750000e+02;4.1780747e-02;2.8750000e+02;1.2773566e-03;2.8750000e+02;1.2828532e-02;2.8750000e+02;3.0352397e-02;2.8750000e+02;5.1146403e-02;2.8750000e+02;7.6138347e-02;2.8750000e+02;1.0514914e-01;2.8750000e+02;1.3548163e-01;2.8750000e+02;1.7117137e-01;2.8750000e+02;2.1053733e-01;2.8750000e+02;2.5308198e-01;2.8750000e+02;2.7370313e-01;2.8750000e+02;2.7096260e-01;2.8750000e+02;2.4285096e-01;2.8750000e+02;2.0693442e-01;2.8750000e+02;1.6555145e-01;2.8750000e+02;1.2024519e-01;2.8750000e+02;7.9540953e-02;2.8750000e+02;4.1780747e-02;2.8750000e+02;1.2773566e-03;2.8750000e+02;1.2828532e-02;2.8750000e+02;3.0352397e-02;2.8750000e+02;5.1146403e-02;2.8750000e+02;7.6138347e-02;2.8750000e+02;1.0514914e-01;2.8750000e+02;1.3548163e-01;2.8750000e+02;1.7117137e-01;2.8750000e+02;2.1053733e-01;2.8750000e+02;2.5308198e-01;2.8750000e+02;2.7370313e-01;2.8750000e+02;2.7096260e-01;2.8750000e+02;2.4285096e-01;2.8750000e+02;2.0693442e-01;2.8750000e+02;1.6555145e-01;2.8750000e+02;1.2024519e-01;2.8750000e+02;7.9540953e-02;2.8750000e+02;4.1780747e-02;2.8750000e+02;1.2773566e-03;2.8750000e+02;1.2828532e-02;2.8750000e+02;3.0352397e-02;2.8750000e+02;5.1146403e-02;2.8750000e+02;7.6138347e-02;2.8750000e+02;1.0514914e-01;2.8750000e+02;1.3548163e-01;2.8750000e+02;1.7117137e-01;2.8750000e+02;2.1053733e-01;2.8750000e+02;2.5308198e-01;2.8750000e+02;2.7370313e-01;2.8750000e+02;2.7096260e-01;2.8750000e+02;2.4285096e-01;2.8750000e+02;2.0693442e-01;2.8750000e+02;1.6555145e-01;2.8750000e+02;1.2024519e-01;2.8750000e+02;7.9540953e-02;2.8750000e+02;4.1780747e-02;2.8750000e+02;1.2773566e-03;2.8750000e+02;1.2828532e-02;2.8750000e+02;3.0352397e-02;2.8750000e+02;5.1146403e-02;2.8750000e+02;7.6138347e-02;2.8750000e+02;1.0514914e-01;2.8750000e+02;1.3548163e-01;2.8750000e+02;1.7117137e-01;2.8750000e+02;2.1053733e-01;2.8750000e+02;2.5308198e-01;2.8750000e+02;2.7370313e-01;2.8750000e+02;2.7096260e-01;2.8750000e+02;2.4285096e-01;2.8750000e+02;2.0693442e-01;2.8750000e+02;1.6555145e-01;2.8750000e+02;1.2024519e-01;2.8750000e+02;7.9540953e-02;2.8750000e+02;4.1780747e-02;2.8750000e+02;1.2773566e-03;2.8750000e+02;1.2828532e-02;2.8750000e+02;3.0352397e-02;2.8750000e+02;5.1146403e-02;2.8750000e+02;7.6138347e-02;2.8750000e+02;1.0514914e-01;2.8750000e+02;1.3548163e-01;2.8750000e+02;1.7117137e-01;2.8750000e+02;2.1053733e-01;2.8750000e+02;2.5308198e-01;2.8750000e+02;2.7370313e-01;2.8750000e+02;2.7096260e-01;2.8750000e+02;2.4285096e-01;2.8750000e+02;2.0693442e-01;2.8750000e+02;1.6555145e-01;2.8750000e+02;1.2024519e-01;2.8750000e+02;7.9540953e-02;2.8750000e+02;4.1780747e-02;2.8750000e+02;1.2773566e-03;2.8750000e+02;1.2828532e-02;2.8750000e+02;3.0352397e-02;2.8750000e+02;5.1146403e-02;2.8750000e+02;7.6138347e-02;2.8750000e+02;1.0514914e-01;2.8750000e+02;1.3548163e-01;2.8750000e+02;1.7117137e-01;2.8750000e+02;2.1053733e-01;2.8750000e+02;2.5308198e-01;2.8750000e+02;2.7370313e-01;2.8750000e+02;2.7096260e-01;2.8750000e+02;2.4285096e-01;2.8750000e+02;2.0693442e-01;2.8750000e+02;1.6555145e-01;2.8750000e+02;1.2024519e-01;2.8750000e+02;7.9540953e-02;2.8750000e+02;4.1780747e-02;2.8750000e+02;1.2773566e-03;2.8750000e+02;1.2828532e-02;2.8750000e+02;3.0352397e-02;2.8750000e+02;5.1146403e-02;2.8750000e+02;7.6138347e-02;2.8750000e+02;1.0514914e-01;2.8750000e+02;1.3548163e-01;2.8750000e+02;1.7117137e-01;2.8750000e+02;2.1053733e-01;2.8750000e+02;2.5308198e-01;2.8750000e+02;2.7370313e-01;2.8750000e+02;2.7096260e-01;2.8750000e+02;2.4285096e-01;2.8750000e+02;2.0693442e-01;2.8750000e+02;1.6555145e-01;2.8750000e+02;1.2024519e-01;2.8750000e+02;7.9540953e-02;2.8750000e+02;4.1780747e-02
2.9250000e+02;2.9781191e-03;2.9250000e+02;1.5125913e-02;2.9250000e+02;3.4341812e-02;2.9250000e+02;5.7420488e-02;2.9250000e+02;8.3538279e-02;2.9250000e+02;1.1312523e-01;2.9250000e+02;1.4486830e-01;2.9250000e+02;1.7973278e-01;2.9250000e+02;2.1837676e-01;2.9250000e+02;2.5792077e-01;2.9250000e+02;2.8223151e-01;2.9250000e+02;2.8080511e-01;2.9250000e+02;2.5356045e-01;2.9250000e+02;2.1671550e-01;2.9250000e+02;1.7411107e-01;2.9250000e+02;1.2663285e-01;2.9250000e+02;8.3971873e-02;2.9250000e+02;4.5440145e-02;2.9250000e+02;2.9781191e-03;2.9250000e+02;1.5125913e-02;2.9250000e+02;3.4341812e-02;2.9250000e+02;5.7420488e-02;2.9250000e+02;8.3538279e-02;2.9250000e+02;1.1312523e-01;2.9250000e+02;1.4486830e-01;2.9250000e+02;1.7973278e-01;2.9250000e+02;2.1837676e-01;2.9250000e+02;2.5792077e-01;2.9250000e+02;2.8223151e-01;2.9250000e+02;2.8080511e-01;2.9250000e+02;2.5356045e-01;2.9250000e+02;2.1671550e-01;2.9250000e+02;1.7411107e-01;2.9250000e+02;1.2663285e-01;2.9250000e+02;8.3971873e-02;2.9250000e+02;4.5440145e-02;2.9250000e+02;2.9781191e-03;2.9250000e+02;1.5125913e-02;2.9250000e+02;3.4341812e-02;2.9250000e+02;5.7420488e-02;2.9250000e+02;8.3538279e-02;2.9250000e+02;1.1312523e-01;2.9250000e+02;1.4486830e-01;2.9250000e+02;1.7973278e-01;2.9250000e+02;2.1837676e-01;2.9250000e+02;2.5792077e-01;2.9250000e+02;2.8223151e-01;2.9250000e+02;2.8080511e-01;2.9250000e+02;2.5356045e-01;2.9250000e+02;2.1671550e-01;2.9250000e+02;1.7411107e-01;2.9250000e+02;1.2663285e-01;2.9250000e+02;8.3971873e-02;2.9250000e+02;4.5440145e-02;2.9250000e+02;2.9781191e-03;2.9250000e+02;1.5125913e-02;2.9250000e+02;3.4341812e-02;2.9250000e+02;5.7420488e-02;2.9250000e+02;8.3538279e-02;2.9250000e+02;1.1312523e-01;2.9250000e+02;1.4486830e-01;2.9250000e+02;1.7973278e-01;2.9250000e+02;2.1837676e-01;2.9250000e+02;2.5792077e-01;2.9250000e+02;2.8223151e-01;2.9250000e+02;2.8080511e-01;2.9250000e+02;2.5356045e-01;2.9250000e+02;2.1671550e-01;2.9250000e+02;1.7411107e-01;2.9250000e+02;1.2663285e-01;2.9250000e+02;8.3971873e-02;2.9250000e+02;4.5440145e-02;2.9250000e+02;2.9781191e-03;2.9250000e+02;1.5125913e-02;2.9250000e+02;3.4341812e-02;2.9250000e+02;5.7420488e-02;2.9250000e+02;8.3538279e-02;2.9250000e+02;1.1312523e-01;2.9250000e+02;1.4486830e-01;2.9250000e+02;1.7973278e-01;2.9250000e+02;2.1837676e-01;2.9250000e+02;2.5792077e-01;2.9250000e+02;2.8223151e-01;2.9250000e+02;2.8080511e-01;2.9250000e+02;2.5356045e-01;2.9250000e+02;2.1671550e-01;2.9250000e+02;1.7411107e-01;2.9250000e+02;1.2663285e-01;2.9250000e+02;8.3971873e-02;2.9250000e+02;4.5440145e-02;2.9250000e+02;2.9781191e-03;2.9250000e+02;1.5125913e-02;2.9250000e+02;3.4341812e-02;2.9250000e+02;5.7420488e-02;2.9250000e+02;8.3538279e-02;2.9250000e+02;1.1312523e-01;2.9250000e+02;1.4486830e-01;2.9250000e+02;1.7973278e-01;2.9250000e+02;2.1837676e-01;2.9250000e+02;2.5792077e-01;2.9250000e+02;2.8223151e-01;2.9250000e+02;2.8080511e-01;2.9250000e+02;2.5356045e-01;2.9250000e+02;2.1671550e-01;2.9250000e+02;1.7411107e-01;2.9250000e+02;1.2663285e-01;2.9250000e+02;8.3971873e-02;2.9250000e+02;4.5440145e-02;2.9250000e+02;2.9781191e-03;2.9250000e+02;1.5125913e-02;2.9250000e+02;3.4341812e-02;2.9250000e+02;5.7420488e-02;2.9250000e+02;8.3538279e-02;2.9250000e+02;1.1312523e-01;2.9250000e+02;1.4486830e-01;2.9250000e+02;1.7973278e-01;2.9250000e+02;2.1837676e-01;2.9250000e+02;2.5792077e-01;2.9250000e+02;2.8223151e-01;2.9250000e+02;2.8080511e-01;2.9250000e+02;2.5356045e-01;2.9250000e+02;2.1671550e-01;2.9250000e+02;1.7411107e-01;2.9250000e+02;1.2663285e-01;2.9250000e+02;8.3971873e-02;2.9250000e+02;4.5440145e-02;2.9250000e+02;2.9781191e-03;2.9250000e+02;1.5125913e-02;2.9250000e+02;3.4341812e-02;2.9250000e+02;5.7420488e-02;2.9250000e+02;8.3538279e-02;2.9250000e+02;1.1312523e-01;2.9250000e+02;1.4486830e-01;2.9250000e+02;1.7973278e-01;2.9250000e+02;2.1837676e-01;2.9250000e+02;2.5792077e-01;2.9250000e+02;2.8223151e-01;2.9250000e+02;2.8080511e-01;2.9250000e+02;2.5356045e-01;2.9250000e+02;2.1671550e-01;2.9250000e+02;1.7411107e-01;2.9250000e+02;1.2663285e-01;2.9250000e+02;8.3971873e-02;2.9250000e+02;4.5440145e-02;2.9250000e+02;2.9781191e-03;2.9250000e+02;1.5125913e-02;2.9250000e+02;3.4341812e-02;2.9250000e+02;5.7420488e-02;2.9250000e+02;8.3538279e-02;2.9250000e+02;1.1312523e-01;2.9250000e+02;1.4486830e-01;2.9250000e+02;1.7973278e-01;2.9250000e+02;2.1837676e-01;2.9250000e+02;2.5792077e-01;2.9250000e+02;2.8223151e-01;2.9250000e+02;2.8080511e-01;2.9250000e+02;2.5356045e-01;2.9250000e+02;2.1671550e-01;2.9250000e+02;1.7411107e-01;2.9250000e+02;1.2663285e-01;2.9250000e+02;8.3971873e-02;2.9250000e+02;4.5440145e-02;2.9250000e+02;2.9781191e-03;2.9250000e+02;1.5125913e-02;2.9250000e+02;3.4341812e-02;2.9250000e+02;5.7420488e-02;2.9250000e+02;8.3538279e-02;2.9250000e+02;1.1312523e-01;2.9250000e+02;1.4486830e-01;2.9250000e+02;1.7973278e-01;2.9250000e+02;2.1837676e-01;2.9250000e+02;2.5792077e-01;2.9250000e+02;2.8223151e-01;2.9250000e+02;2.8080511e-01;2.9250000e+02;2.5356045e-01;2.9250000e+02;2.1671550e-01;2.9250000e+02;1.7411107e-01;2.9250000e+02;1.2663285e-01;2.9250000e+02;8.3971873e-02;2.9250000e+02;4.5440145e-02;2.9250000e+02;2.9781191e-03;2.9250000e+02;1.5125913e-02;2.9250000e+02;3.4341812e-02;2.9250000e+02;5.7420488e-02;2.9250000e+02;8.3538279e-02;2.9250000e+02;1.1312523e-01;2.9250000e+02;1.4486830e-01;2.9250000e+02;1.7973278e-01;2.9250000e+02;2.1837676e-01;2.9250000e+02;2.5792077e-01;2.9250000e+02;2.8223151e-01;2.9250000e+02;2.8080511e-01;2.9250000e+02;2.5356045e-01;2.9250000e+02;2.1671550e-01;2.9250000e+02;1.7411107e-01;2.9250000e+02;1.2663285e-01;2.9250000e+02;8.3971873e-02;2.9250000e+02;4.5440145e-02;2.9250000e+02;2.9781191e-03;2.9250000e+02;1.5125913e-02;2.9250000e+02;3.4341812e-02;2.9250000e+02;5.7420488e-02;2.9250000e+02;8.3538279e-02;2.9250000e+02;1.1312523e-01;2.9250000e+02;1.4486830e-01;2.9250000e+02;1.7973278e-01;2.9250000e+02;2.1837676e-01;2.9250000e+02;2.5792077e-01;2.9250000e+02;2.8223151e-01;2.9250000e+02;2.8080511e-01;2.9250000e+02;2.5356045e-01;2.9250000e+02;2.1671550e-01;2.9250000e+02;1.7411107e-01;2.9250000e+02;1.2663285e-01;2.9250000e+02;8.3971873e-02;2.9250000e+02;4.5440145e-02;2.9250000e+02;2.9781191e-03;2.9250000e+02;1.5125913e-02;2.9250000e+02;3.4341812e-02;2.9250000e+02;5.7420488e-02;2.9250000e+02;8.3538279e-02;2.9250000e+02;1.1312523e-01;2.9250000e+02;1.4486830e-01;2.9250000e+02;1.7973278e-01;2.9250000e+02;2.1837676e-01;2.9250000e+02;2.5792077e-01;2.9250000e+02;2.8223151e-01;2.9250000e+02;2.8080511e-01;2.9250000e+02;2.5356045e-01;2.9250000e+02;2.1671550e-01;2.9250000e+02;1.7411107e-01;2.9250000e+02;1.2663285e-01;2.9250000e+02;8.3971873e-02;2.9250000e+02;4.5440145e-02;2.9250000e+02;2.9781191e-03;2.9250000e+02;1.5125913e-02;2.9250000e+02;3.4341812e-02;2.9250000e+02;5.7420488e-02;2.9250000e+02;8.3538279e-02;2.9250000e+02;1.1312523e-01;2.9250000e+02;1.4486830e-01;2.9250000e+02;1.7973278e-01;2.9250000e+02;2.1837676e-01;2.9250000e+02;2.5792077e-01;2.9250000e+02;2.8223151e-01;2.9250000e+02;2.8080511e-01;2.9250000e+02;2.5356045e-01;2.9250000e+02;2.1671550e-01;2.9250000e+02;1.7411107e-01;2.9250000e+02;1.2663285e-01;2.9250000e+02;8.3971873e-02;2.9250000e+02;4.5440145e-02;2.9250000e+02;2.9781191e-03;2.9250000e+02;1.5125913e-02;2.9250000e+02;3.4341812e-02;2.9250000e+02;5.7420488e-02;2.9250000e+02;8.3538279e-02;2.9250000e+02;1.1312523e-01;2.9250000e+02;1.4486830e-01;2.9250000e+02;1.7973278e-01;2.9250000e+02;2.1837676e-01;2.9250000e+02;2.5792077e-01;2.9250000e+02;2.8223151e-01;2.9250000e+02;2.8080511e-01;2.9250000e+02;2.5356045e-01;2.9250000e+02;2.1671550e-01;2.9250000e+02;1.7411107e-01;2.9250000e+02;1.2663285e-01;2.9250000e+02;8.3971873e-02;2.9250000e+02;4.5440145e-02;2.9250000e+02;2.9781191e-03;2.9250000e+02;1.5125913e-02;2.9250000e+02;3.4341812e-02;2.9250000e+02;5.7420488e-02;2.9250000e+02;8.3538279e-02;2.9250000e+02;1.1312523e-01;2.9250000e+02;1.4486830e-01;2.9250000e+02;1.7973278e-01;2.9250000e+02;2.1837676e-01;2.9250000e+02;2.5792077e-01;2.9250000e+02;2.8223151e-01;2.9250000e+02;2.8080511e-01;2.9250000e+02;2.5356045e-01;2.9250000e+02;2.1671550e-01;2.9250000e+02;1.7411107e-01;2.9250000e+02;1.2663285e-01;2.9250000e+02;8.3971873e-02;2.9250000e+02;4.5440145e-02;2.9250000e+02;2.9781191e-03;2.9250000e+02;1.5125913e-02;2.9250000e+02;3.4341812e-02;2.9250000e+02;5.7420488e-02;2.9250000e+02;8.3538279e-02;2.9250000e+02;1.1312523e-01;2.9250000e+02;1.4486830e-01;2.9250000e+02;1.7973278e-01;2.9250000e+02;2.1837676e-01;2.9250000e+02;2.5792077e-01;2.9250000e+02;2.8223151e-01;2.9250000e+02;2.8080511e-01;2.9250000e+02;2.5356045e-01;2.9250000e+02;2.1671550e-01;2.9250000e+02;1.7411107e-01;2.9250000e+02;1.2663285e-01;2.9250000e+02;8.3971873e-02;2.9250000e+02;4.5440145e-02;2.9250000e+02;2.9781191e-03;2.9250000e+02;1.5125913e-02;2.9250000e+02;3.4341812e-02;2.9250000e+02;5.7420488e-02;2.9250000e+02;8.3538279e-02;2.9250000e+02;1.1312523e-01;2.9250000e+02;1.4486830e-01;2.9250000e+02;1.7973278e-01;2.9250000e+02;2.1837676e-01;2.9250000e+02;2.5792077e-01;2.9250000e+02;2.8223151e-01;2.9250000e+02;2.8080511e-01;2.9250000e+02;2.5356045e-01;2.9250000e+02;2.1671550e-01;2.9250000e+02;1.7411107e-01;2.9250000e+02;1.2663285e-01;2.9250000e+02;8.3971873e-02;2.9250000e+02;4.5440145e-02;2.9250000e+02;2.9781191e-03;2.9250000e+02;1.5125913e-02;2.9250000e+02;3.4341812e-02;2.9250000e+02;5.7420488e-02;2.9250000e+02;8.3538279e-02;2.9250000e+02;1.1312523e-01;2.9250000e+02;1.4486830e-01;2.9250000e+02;1.7973278e-01;2.9250000e+02;2.1837676e-01;2.9250000e+02;2.5792077e-01;2.9250000e+02;2.8223151e-01;2.9250000e+02;2.8080511e-01;2.9250000e+02;2.5356045e-01;2.9250000e+02;2.1671550e-01;2.9250000e+02;1.7411107e-01;2.9250000e+02;1.2663285e-01;2.9250000e+02;8.3971873e-02;2.9250000e+02;4.5440145e-02;2.9250000e+02;2.9781191e-03;2.9250000e+02;1.5125913e-02;2.9250000e+02;3.4341812e-02;2.9250000e+02;5.7420488e-02;2.9250000e+02;8.3538279e-02;2.9250000e+02;1.1312523e-01;2.9250000e+02;1.4486830e-01;2.9250000e+02;1.7973278e-01;2.9250000e+02;2.1837676e-01;2.9250000e+02;2.5792077e-01;2.9250000e+02;2.8223151e-01;2.9250000e+02;2.8080511e-01;2.9250000e+02;2.5356045e-01;2.9250000e+02;2.1671550e-01;2.9250000e+02;1.7411107e-01;2.9250000e+02;1.2663285e-01;2.9250000e+02;8.3971873e-02;2.9250000e+02;4.5440145e-02;2.9250000e+02;2.9781191e-03;2.9250000e+02;1.5125913e-02;2.9250000e+02;3.4341812e-02;2.9250000e+02;5.7420488e-02;2.9250000e+02;8.3538279e-02;2.9250000e+02;1.1312523e-01;2.9250000e+02;1.4486830e-01;2.9250000e+02;1.7973278e-01;2.9250000e+02;2.1837676e-01;2.9250000e+02;2.5792077e-01;2.9250000e+02;2.8223151e-01;2.9250000e+02;2.8080511e-01;2.9250000e+02;2.5356045e-01;2.9250000e+02;2.1671550e-01;2.9250000e+02;1.7411107e-01;2.9250000e+02;1.2663285e-01;2.9250000e+02;8.3971873e-02;2.9250000e+02;4.5440145e-02;2.9250000e+02;2.9781191e-03;2.9250000e+02;1.5125913e-02;2.9250000e+02;3.4341812e-02;2.9250000e+02;5.7420488e-02;2.9250000e+02;8.3538279e-02;2.9250000e+02;1.1312523e-01;2.9250000e+02;1.4486830e-01;2.9250000e+02;1.7973278e-01;2.9250000e+02;2.1837676e-01;2.9250000e+02;2.5792077e-01;2.9250000e+02;2.8223151e-01;2.9250000e+02;2.8080511e-01;2.9250000e+02;2.5356045e-01;2.9250000e+02;2.1671550e-01;2.9250000e+02;1.7411107e-01;2.9250000e+02;1.2663285e-01;2.9250000e+02;8.3971873e-02;2.9250000e+02;4.5440145e-02;2.9250000e+02;2.9781191e-03;2.9250000e+02;1.5125913e-02;2.9250000e+02;3.4341812e-02;2.9250000e+02;5.7420488e-02;2.9250000e+02;8.3538279e-02;2.9250000e+02;1.1312523e-01;2.9250000e+02;1.4486830e-01;2.9250000e+02;1.7973278e-01;2.9250000e+02;2.1837676e-01;2.9250000e+02;2.5792077e-01;2.9250000e+02;2.8223151e-01;2.9250000e+02;2.8080511e-01;2.9250000e+02;2.5356045e-01;2.9250000e+02;2.1671550e-01;2.9250000e+02;1.7411107e-01;2.9250000e+02;1.2663285e-01;2.9250000e+02;8.3971873e-02;2.9250000e+02;4.5440145e-02;2.9250000e+02;2.9781191e-03;2.9250000e+02;1.5125913e-02;2.9250000e+02;3.4341812e-02;2.9250000e+02;5.7420488e-02;2.9250000e+02;8.3538279e-02;2.9250000e+02;1.1312523e-01;2.9250000e+02;1.4486830e-01;2.9250000e+02;1.7973278e-01;2.9250000e+02;2.1837676e-01;2.9250000e+02;2.5792077e-01;2.9250000e+02;2.8223151e-01;2.9250000e+02;2.8080511e-01;2.9250000e+02;2.5356045e-01;2.9250000e+02;2.1671550e-01;2.9250000e+02;1.7411107e-01;2.9250000e+02;1.2663285e-01;2.9250000e+02;8.3971873e-02;2.9250000e+02;4.5440145e-02;2.9250000e+02;2.9781191e-03;2.9250000e+02;1.5125913e-02;2.9250000e+02;3.4341812e-02;2.9250000e+02;5.7420488e-02;2.9250000e+02;8.3538279e-02;2.9250000e+02;1.1312523e-01;2.9250000e+02;1.4486830e-01;2.9250000e+02;1.7973278e-01;2.9250000e+02;2.1837676e-01;2.9250000e+02;2.5792077e-01;2.9250000e+02;2.8223151e-01;2.9250000e+02;2.8080511e-01;2.9250000e+02;2.5356045e-01;2.9250000e+02;2.1671550e-01;2.9250000e+02;1.7411107e-01;2.9250000e+02;1.2663285e-01;2.9250000e+02;8.3971873e-02;2.9250000e+02;4.5440145e-02;2.9250000e+02;2.9781191e-03;2.9250000e+02;1.5125913e-02;2.9250000e+02;3.4341812e-02;2.9250000e+02;5.7420488e-02;2.9250000e+02;8.3538279e-02;2.9250000e+02;1.1312523e-01;2.9250000e+02;1.4486830e-01;2.9250000e+02;1.7973278e-01;2.9250000e+02;2.1837676e-01;2.9250000e+02;2.5792077e-01;2.9250000e+02;2.8223151e-01;2.9250000e+02;2.8080511e-01;2.9250000e+02;2.5356045e-01;2.9250000e+02;2.1671550e-01;2.9250000e+02;1.7411107e-01;2.9250000e+02;1.2663285e-01;2.9250000e+02;8.3971873e-02;2.9250000e+02;4.5440145e-02;2.9250000e+02;2.9781191e-03;2.9250000e+02;1.5125913e-02;2.9250000e+02;3.4341812e-02;2.9250000e+02;5.7420488e-02;2.9250000e+02;8.3538279e-02;2.9250000e+02;1.1312523e-01;2.9250000e+02;1.4486830e-01;2.9250000e+02;1.7973278e-01;2.9250000e+02;2.1837676e-01;2.9250000e+02;2.5792077e-01;2.9250000e+02;2.8223151e-01;2.9250000e+02;2.8080511e-01;2.9250000e+02;2.5356045e-01;2.9250000e+02;2.1671550e-01;2.9250000e+02;1.7411107e-01;2.9250000e+02;1.2663285e-01;2.9250000e+02;8.3971873e-02;2.9250000e+02;4.5440145e-02;2.9250000e+02;2.9781191e-03;2.9250000e+02;1.5125913e-02;2.9250000e+02;3.4341812e-02;2.9250000e+02;5.7420488e-02;2.9250000e+02;8.3538279e-02;2.9250000e+02;1.1312523e-01;2.9250000e+02;1.4486830e-01;2.9250000e+02;1.7973278e-01;2.9250000e+02;2.1837676e-01;2.9250000e+02;2.5792077e-01;2.9250000e+02;2.8223151e-01;2.9250000e+02;2.8080511e-01;2.9250000e+02;2.5356045e-01;2.9250000e+02;2.1671550e-01;2.9250000e+02;1.7411107e-01;2.9250000e+02;1.2663285e-01;2.9250000e+02;8.3971873e-02;2.9250000e+02;4.5440145e-02;2.9250000e+02;2.9781191e-03;2.9250000e+02;1.5125913e-02;2.9250000e+02;3.4341812e-02;2.9250000e+02;5.7420488e-02;2.9250000e+02;8.3538279e-02;2.9250000e+02;1.1312523e-01;2.9250000e+02;1.4486830e-01;2.9250000e+02;1.7973278e-01;2.9250000e+02;2.1837676e-01;2.9250000e+02;2.5792077e-01;2.9250000e+02;2.8223151e-01;2.9250000e+02;2.8080511e-01;2.9250000e+02;2.5356045e-01;2.9250000e+02;2.1671550e-01;2.9250000e+02;1.7411107e-01;2.9250000e+02;1.2663285e-01;2.9250000e+02;8.3971873e-02;2.9250000e+02;4.5440145e-02;2.9250000e+02;2.9781191e-03;2.9250000e+02;1.5125913e-02;2.9250000e+02;3.4341812e-02;2.9250000e+02;5.7420488e-02;2.9250000e+02;8.3538279e-02;2.9250000e+02;1.1312523e-01;2.9250000e+02;1.4486830e-01;2.9250000e+02;1.7973278e-01;2.9250000e+02;2.1837676e-01;2.9250000e+02;2.5792077e-01;2.9250000e+02;2.8223151e-01;2.9250000e+02;2.8080511e-01;2.9250000e+02;2.5356045e-01;2.9250000e+02;2.1671550e-01;2.9250000e+02;1.7411107e-01;2.9250000e+02;1.2663285e-01;2.9250000e+02;8.3971873e-02;2.9250000e+02;4.5440145e-02;2.9250000e+02;2.9781191e-03;2.9250000e+02;1.5125913e-02;2.9250000e+02;3.4341812e-02;2.9250000e+02;5.7420488e-02;2.9250000e+02;8.3538279e-02;2.9250000e+02;1.1312523e-01;2.9250000e+02;1.4486830e-01;2.9250000e+02;1.7973278e-01;2.9250000e+02;2.1837676e-01;2.9250000e+02;2.5792077e-01;2.9250000e+02;2.8223151e-01;2.9250000e+02;2.8080511e-01;2.9250000e+02;2.5356045e-01;2.9250000e+02;2.1671550e-01;2.9250000e+02;1.7411107e-01;2.9250000e+02;1.2663285e-01;2.9250000e+02;8.3971873e-02;2.9250000e+02;4.5440145e-02;2.9250000e+02;2.9781191e-03;2.9250000e+02;1.5125913e-02;2.9250000e+02;3.4341812e-02;2.9250000e+02;5.7420488e-02;2.9250000e+02;8.3538279e-02;2.9250000e+02;1.1312523e-01;2.9250000e+02;1.4486830e-01;2.9250000e+02;1.7973278e-01;2.9250000e+02;2.1837676e-01;2.9250000e+02;2.5792077e-01;2.9250000e+02;2.8223151e-01;2.9250000e+02;2.8080511e-01;2.9250000e+02;2.5356045e-01;2.9250000e+02;2.1671550e-01;2.9250000e+02;1.7411107e-01;2.9250000e+02;1.2663285e-01;2.9250000e+02;8.3971873e-02;2.9250000e+02;4.5440145e-02;2.9250000e+02;2.9781191e-03;2.9250000e+02;1.5125913e-02;2.9250000e+02;3.4341812e-02;2.9250000e+02;5.7420488e-02;2.9250000e+02;8.3538279e-02;2.9250000e+02;1.1312523e-01;2.9250000e+02;1.4486830e-01;2.9250000e+02;1.7973278e-01;2.9250000e+02;2.1837676e-01;2.9250000e+02;2.5792077e-01;2.9250000e+02;2.8223151e-01;2.9250000e+02;2.8080511e-01;2.9250000e+02;2.5356045e-01;2.9250000e+02;2.1671550e-01;2.9250000e+02;1.7411107e-01;2.9250000e+02;1.2663285e-01;2.9250000e+02;8.3971873e-02;2.9250000e+02;4.5440145e-02;2.9250000e+02;2.9781191e-03;2.9250000e+02;1.5125913e-02;2.9250000e+02;3.4341812e-02;2.9250000e+02;5.7420488e-02;2.9250000e+02;8.3538279e-02;2.9250000e+02;1.1312523e-01;2.9250000e+02;1.4486830e-01;2.9250000e+02;1.7973278e-01;2.9250000e+02;2.1837676e-01;2.9250000e+02;2.5792077e-01;2.9250000e+02;2.8223151e-01;2.9250000e+02;2.8080511e-01;2.9250000e+02;2.5356045e-01;2.9250000e+02;2.1671550e-01;2.9250000e+02;1.7411107e-01;2.9250000e+02;1.2663285e-01;2.9250000e+02;8.3971873e-02;2.9250000e+02;4.5440145e-02;2.9250000e+02;2.9781191e-03;2.9250000e+02;1.5125913e-02;2.9250000e+02;3.4341812e-02;2.9250000e+02;5.7420488e-02;2.9250000e+02;8.3538279e-02;2.9250000e+02;1.1312523e-01;2.9250000e+02;1.4486830e-01;2.9250000e+02;1.7973278e-01;2.9250000e+02;2.1837676e-01;2.9250000e+02;2.5792077e-01;2.9250000e+02;2.8223151e-01;2.9250000e+02;2.8080511e-01;2.9250000e+02;2.5356045e-01;2.9250000e+02;2.1671550e-01;2.9250000e+02;1.7411107e-01;2.9250000e+02;1.2663285e-01;2.9250000e+02;8.3971873e-02;2.9250000e+02;4.5440145e-02;2.9250000e+02;2.9781191e-03;2.9250000e+02;1.5125913e-02;2.9250000e+02;3.4341812e-02;2.9250000e+02;5.7420488e-02;2.9250000e+02;8.3538279e-02;2.9250000e+02;1.1312523e-01;2.9250000e+02;1.4486830e-01;2.9250000e+02;1.7973278e-01;2.9250000e+02;2.1837676e-01;2.9250000e+02;2.5792077e-01;2.9250000e+02;2.8223151e-01;2.9250000e+02;2.8080511e-01;2.9250000e+02;2.5356045e-01;2.9250000e+02;2.1671550e-01;2.9250000e+02;1.7411107e-01;2.9250000e+02;1.2663285e-01;2.9250000e+02;8.3971873e-02;2.9250000e+02;4.5440145e-02;2.9250000e+02;2.9781191e-03;2.9250000e+02;1.5125913e-02;2.9250000e+02;3.4341812e-02;2.9250000e+02;5.7420488e-02;2.9250000e+02;8.3538279e-02;2.9250000e+02;1.1312523e-01;2.9250000e+02;1.4486830e-01;2.9250000e+02;1.7973278e-01;2.9250000e+02;2.1837676e-01;2.9250000e+02;2.5792077e-01;2.9250000e+02;2.8223151e-01;2.9250000e+02;2.8080511e-01;2.9250000e+02;2.5356045e-01;2.9250000e+02;2.1671550e-01;2.9250000e+02;1.7411107e-01;2.9250000e+02;1.2663285e-01;2.9250000e+02;8.3971873e-02;2.9250000e+02;4.5440145e-02;2.9250000e+02;2.9781191e-03;2.9250000e+02;1.5125913e-02;2.9250000e+02;3.4341812e-02;2.9250000e+02;5.7420488e-02;2.9250000e+02;8.3538279e-02;2.9250000e+02;1.1312523e-01;2.9250000e+02;1.4486830e-01;2.9250000e+02;1.7973278e-01;2.9250000e+02;2.1837676e-01;2.9250000e+02;2.5792077e-01;2.9250000e+02;2.8223151e-01;2.9250000e+02;2.8080511e-01;2.9250000e+02;2.5356045e-01;2.9250000e+02;2.1671550e-01;2.9250000e+02;1.7411107e-01;2.9250000e+02;1.2663285e-01;2.9250000e+02;8.3971873e-02;2.9250000e+02;4.5440145e-02;2.9250000e+02;2.9781191e-03;2.9250000e+02;1.5125913e-02;2.9250000e+02;3.4341812e-02;2.9250000e+02;5.7420488e-02;2.9250000e+02;8.3538279e-02;2.9250000e+02;1.1312523e-01;2.9250000e+02;1.4486830e-01;2.9250000e+02;1.7973278e-01;2.9250000e+02;2.1837676e-01;2.9250000e+02;2.5792077e-01;2.9250000e+02;2.8223151e-01;2.9250000e+02;2.8080511e-01;2.9250000e+02;2.5356045e-01;2.9250000e+02;2.1671550e-01;2.9250000e+02;1.7411107e-01;2.9250000e+02;1.2663285e-01;2.9250000e+02;8.3971873e-02;2.9250000e+02;4.5440145e-02;2.9250000e+02;2.9781191e-03;2.9250000e+02;1.5125913e-02;2.9250000e+02;3.4341812e-02;2.9250000e+02;5.7420488e-02;2.9250000e+02;8.3538279e-02;2.9250000e+02;1.1312523e-01;2.9250000e+02;1.4486830e-01;2.9250000e+02;1.7973278e-01;2.9250000e+02;2.1837676e-01;2.9250000e+02;2.5792077e-01;2.9250000e+02;2.8223151e-01;2.9250000e+02;2.8080511e-01;2.9250000e+02;2.5356045e-01;2.9250000e+02;2.1671550e-01;2.9250000e+02;1.7411107e-01;2.9250000e+02;1.2663285e-01;2.9250000e+02;8.3971873e-02;2.9250000e+02;4.5440145e-02;2.9250000e+02;2.9781191e-03;2.9250000e+02;1.5125913e-02;2.9250000e+02;3.4341812e-02;2.9250000e+02;5.7420488e-02;2.9250000e+02;8.3538279e-02;2.9250000e+02;1.1312523e-01;2.9250000e+02;1.4486830e-01;2.9250000e+02;1.7973278e-01;2.9250000e+02;2.1837676e-01;2.9250000e+02;2.5792077e-01;2.9250000e+02;2.8223151e-01;2.9250000e+02;2.8080511e-01;2.9250000e+02;2.5356045e-01;2.9250000e+02;2.1671550e-01;2.9250000e+02;1.7411107e-01;2.9250000e+02;1.2663285e-01;2.9250000e+02;8.3971873e-02;2.9250000e+02;4.5440145e-02;2.9250000e+02;2.9781191e-03;2.9250000e+02;1.5125913e-02;2.9250000e+02;3.4341812e-02;2.9250000e+02;5.7420488e-02;2.9250000e+02;8.3538279e-02;2.9250000e+02;1.1312523e-01;2.9250000e+02;1.4486830e-01;2.9250000e+02;1.7973278e-01;2.9250000e+02;2.1837676e-01;2.9250000e+02;2.5792077e-01;2.9250000e+02;2.8223151e-01;2.9250000e+02;2.8080511e-01;2.9250000e+02;2.5356045e-01;2.9250000e+02;2.1671550e-01;2.9250000e+02;1.7411107e-01;2.9250000e+02;1.2663285e-01;2.9250000e+02;8.3971873e-02;2.9250000e+02;4.5440145e-02;2.9250000e+02;2.9781191e-03;2.9250000e+02;1.5125913e-02;2.9250000e+02;3.4341812e-02;2.9250000e+02;5.7420488e-02;2.9250000e+02;8.3538279e-02;2.9250000e+02;1.1312523e-01;2.9250000e+02;1.4486830e-01;2.9250000e+02;1.7973278e-01;2.9250000e+02;2.1837676e-01;2.9250000e+02;2.5792077e-01;2.9250000e+02;2.8223151e-01;2.9250000e+02;2.8080511e-01;2.9250000e+02;2.5356045e-01;2.9250000e+02;2.1671550e-01;2.9250000e+02;1.7411107e-01;2.9250000e+02;1.2663285e-01;2.9250000e+02;8.3971873e-02;2.9250000e+02;4.5440145e-02;2.9250000e+02;2.9781191e-03;2.9250000e+02;1.5125913e-02;2.9250000e+02;3.4341812e-02;2.9250000e+02;5.7420488e-02;2.9250000e+02;8.3538279e-02;2.9250000e+02;1.1312523e-01;2.9250000e+02;1.4486830e-01;2.9250000e+02;1.7973278e-01;2.9250000e+02;2.1837676e-01;2.9250000e+02;2.5792077e-01;2.9250000e+02;2.8223151e-01;2.9250000e+02;2.8080511e-01;2.9250000e+02;2.5356045e-01;2.9250000e+02;2.1671550e-01;2.9250000e+02;1.7411107e-01;2.9250000e+02;1.2663285e-01;2.9250000e+02;8.3971873e-02;2.9250000e+02;4.5440145e-02;2.9250000e+02;2.9781191e-03;2.9250000e+02;1.5125913e-02;2.9250000e+02;3.4341812e-02;2.9250000e+02;5.7420488e-02;2.9250000e+02;8.3538279e-02;2.9250000e+02;1.1312523e-01;2.9250000e+02;1.4486830e-01;2.9250000e+02;1.7973278e-01;2.9250000e+02;2.1837676e-01;2.9250000e+02;2.5792077e-01;2.9250000e+02;2.8223151e-01;2.9250000e+02;2.8080511e-01;2.9250000e+02;2.5356045e-01;2.9250000e+02;2.1671550e-01;2.9250000e+02;1.7411107e-01;2.9250000e+02;1.2663285e-01;2.9250000e+02;8.3971873e-02;2.9250000e+02;4.5440145e-02;2.9250000e+02;2.9781191e-03;2.9250000e+02;1.5125913e-02;2.9250000e+02;3.4341812e-02;2.9250000e+02;5.7420488e-02;2.9250000e+02;8.3538279e-02;2.9250000e+02;1.1312523e-01;2.9250000e+02;1.4486830e-01;2.9250000e+02;1.7973278e-01;2.9250000e+02;2.1837676e-01;2.9250000e+02;2.5792077e-01;2.9250000e+02;2.8223151e-01;2.9250000e+02;2.8080511e-01;2.9250000e+02;2.5356045e-01;2.9250000e+02;2.1671550e-01;2.9250000e+02;1.7411107e-01;2.9250000e+02;1.2663285e-01;2.9250000e+02;8.3971873e-02;2.9250000e+02;4.5440145e-02;2.9250000e+02;2.9781191e-03;2.9250000e+02;1.5125913e-02;2.9250000e+02;3.4341812e-02;2.9250000e+02;5.7420488e-02;2.9250000e+02;8.3538279e-02;2.9250000e+02;1.1312523e-01;2.9250000e+02;1.4486830e-01;2.9250000e+02;1.7973278e-01;2.9250000e+02;2.1837676e-01;2.9250000e+02;2.5792077e-01;2.9250000e+02;2.8223151e-01;2.9250000e+02;2.8080511e-01;2.9250000e+02;2.5356045e-01;2.9250000e+02;2.1671550e-01;2.9250000e+02;1.7411107e-01;2.9250000e+02;1.2663285e-01;2.9250000e+02;8.3971873e-02;2.9250000e+02;4.5440145e-02;2.9250000e+02;2.9781191e-03;2.9250000e+02;1.5125913e-02;2.9250000e+02;3.4341812e-02;2.9250000e+02;5.7420488e-02;2.9250000e+02;8.3538279e-02;2.9250000e+02;1.1312523e-01;2.9250000e+02;1.4486830e-01;2.9250000e+02;1.7973278e-01;2.9250000e+02;2.1837676e-01;2.9250000e+02;2.5792077e-01;2.9250000e+02;2.8223151e-01;2.9250000e+02;2.8080511e-01;2.9250000e+02;2.5356045e-01;2.9250000e+02;2.1671550e-01;2.9250000e+02;1.7411107e-01;2.9250000e+02;1.2663285e-01;2.9250000e+02;8.3971873e-02;2.9250000e+02;4.5440145e-02;2.9250000e+02;2.9781191e-03;2.9250000e+02;1.5125913e-02;2.9250000e+02;3.4341812e-02;2.9250000e+02;5.7420488e-02;2.9250000e+02;8.3538279e-02;2.9250000e+02;1.1312523e-01;2.9250000e+02;1.4486830e-01;2.9250000e+02;1.7973278e-01;2.9250000e+02;2.1837676e-01;2.9250000e+02;2.5792077e-01;2.9250000e+02;2.8223151e-01;2.9250000e+02;2.8080511e-01;2.9250000e+02;2.5356045e-01;2.9250000e+02;2.1671550e-01;2.9250000e+02;1.7411107e-01;2.9250000e+02;1.2663285e-01;2.9250000e+02;8.3971873e-02;2.9250000e+02;4.5440145e-02;2.9250000e+02;2.9781191e-03;2.9250000e+02;1.5125913e-02;2.9250000e+02;3.4341812e-02;2.9250000e+02;5.7420488e-02;2.9250000e+02;8.3538279e-02;2.9250000e+02;1.1312523e-01;2.9250000e+02;1.4486830e-01;2.9250000e+02;1.7973278e-01;2.9250000e+02;2.1837676e-01;2.9250000e+02;2.5792077e-01;2.9250000e+02;2.8223151e-01;2.9250000e+02;2.8080511e-01;2.9250000e+02;2.5356045e-01;2.9250000e+02;2.1671550e-01;2.9250000e+02;1.7411107e-01;2.9250000e+02;1.2663285e-01;2.9250000e+02;8.3971873e-02;2.9250000e+02;4.5440145e-02;2.9250000e+02;2.9781191e-03;2.9250000e+02;1.5125913e-02;2.9250000e+02;3.4341812e-02;2.9250000e+02;5.7420488e-02;2.9250000e+02;8.3538279e-02;2.9250000e+02;1.1312523e-01;2.9250000e+02;1.4486830e-01;2.9250000e+02;1.7973278e-01;2.9250000e+02;2.1837676e-01;2.9250000e+02;2.5792077e-01;2.9250000e+02;2.8223151e-01;2.9250000e+02;2.8080511e-01;2.9250000e+02;2.5356045e-01;2.9250000e+02;2.1671550e-01;2.9250000e+02;1.7411107e-01;2.9250000e+02;1.2663285e-01;2.9250000e+02;8.3971873e-02;2.9250000e+02;4.5440145e-02;2.9250000e+02;2.9781191e-03;2.9250000e+02;1.5125913e-02;2.9250000e+02;3.4341812e-02;2.9250000e+02;5.7420488e-02;2.9250000e+02;8.3538279e-02;2.9250000e+02;1.1312523e-01;2.9250000e+02;1.4486830e-01;2.9250000e+02;1.7973278e-01;2.9250000e+02;2.1837676e-01;2.9250000e+02;2.5792077e-01;2.9250000e+02;2.8223151e-01;2.9250000e+02;2.8080511e-01;2.9250000e+02;2.5356045e-01;2.9250000e+02;2.1671550e-01;2.9250000e+02;1.7411107e-01;2.9250000e+02;1.2663285e-01;2.9250000e+02;8.3971873e-02;2.9250000e+02;4.5440145e-02;2.9250000e+02;2.9781191e-03;2.9250000e+02;1.5125913e-02;2.9250000e+02;3.4341812e-02;2.9250000e+02;5.7420488e-02;2.9250000e+02;8.3538279e-02;2.9250000e+02;1.1312523e-01;2.9250000e+02;1.4486830e-01;2.9250000e+02;1.7973278e-01;2.9250000e+02;2.1837676e-01;2.9250000e+02;2.5792077e-01;2.9250000e+02;2.8223151e-01;2.9250000e+02;2.8080511e-01;2.9250000e+02;2.5356045e-01;2.9250000e+02;2.1671550e-01;2.9250000e+02;1.7411107e-01;2.9250000e+02;1.2663285e-01;2.9250000e+02;8.3971873e-02;2.9250000e+02;4.5440145e-02;2.9250000e+02;2.9781191e-03;2.9250000e+02;1.5125913e-02;2.9250000e+02;3.4341812e-02;2.9250000e+02;5.7420488e-02;2.9250000e+02;8.3538279e-02;2.9250000e+02;1.1312523e-01;2.9250000e+02;1.4486830e-01;2.9250000e+02;1.7973278e-01;2.9250000e+02;2.1837676e-01;2.9250000e+02;2.5792077e-01;2.9250000e+02;2.8223151e-01;2.9250000e+02;2.8080511e-01;2.9250000e+02;2.5356045e-01;2.9250000e+02;2.1671550e-01;2.9250000e+02;1.7411107e-01;2.9250000e+02;1.2663285e-01;2.9250000e+02;8.3971873e-02;2.9250000e+02;4.5440145e-02;2.9250000e+02;2.9781191e-03;2.9250000e+02;1.5125913e-02;2.9250000e+02;3.4341812e-02;2.9250000e+02;5.7420488e-02;2.9250000e+02;8.3538279e-02;2.9250000e+02;1.1312523e-01;2.9250000e+02;1.4486830e-01;2.9250000e+02;1.7973278e-01;2.9250000e+02;2.1837676e-01;2.9250000e+02;2.5792077e-01;2.9250000e+02;2.8223151e-01;2.9250000e+02;2.8080511e-01;2.9250000e+02;2.5356045e-01;2.9250000e+02;2.1671550e-01;2.9250000e+02;1.7411107e-01;2.9250000e+02;1.2663285e-01;2.9250000e+02;8.3971873e-02;2.9250000e+02;4.5440145e-02;2.9250000e+02;2.9781191e-03;2.9250000e+02;1.5125913e-02;2.9250000e+02;3.4341812e-02;2.9250000e+02;5.7420488e-02;2.9250000e+02;8.3538279e-02;2.9250000e+02;1.1312523e-01;2.9250000e+02;1.4486830e-01;2.9250000e+02;1.7973278e-01;2.9250000e+02;2.1837676e-01;2.9250000e+02;2.5792077e-01;2.9250000e+02;2.8223151e-01;2.9250000e+02;2.8080511e-01;2.9250000e+02;2.5356045e-01;2.9250000e+02;2.1671550e-01;2.9250000e+02;1.7411107e-01;2.9250000e+02;1.2663285e-01;2.9250000e+02;8.3971873e-02;2.9250000e+02;4.5440145e-02;2.9250000e+02;2.9781191e-03;2.9250000e+02;1.5125913e-02;2.9250000e+02;3.4341812e-02;2.9250000e+02;5.7420488e-02;2.9250000e+02;8.3538279e-02;2.9250000e+02;1.1312523e-01;2.9250000e+02;1.4486830e-01;2.9250000e+02;1.7973278e-01;2.9250000e+02;2.1837676e-01;2.9250000e+02;2.5792077e-01;2.9250000e+02;2.8223151e-01;2.9250000e+02;2.8080511e-01;2.9250000e+02;2.5356045e-01;2.9250000e+02;2.1671550e-01;2.9250000e+02;1.7411107e-01;2.9250000e+02;1.2663285e-01;2.9250000e+02;8.3971873e-02;2.9250000e+02;4.5440145e-02;2.9250000e+02;2.9781191e-03;2.9250000e+02;1.5125913e-02;2.9250000e+02;3.4341812e-02;2.9250000e+02;5.7420488e-02;2.9250000e+02;8.3538279e-02;2.9250000e+02;1.1312523e-01;2.9250000e+02;1.4486830e-01;2.9250000e+02;1.7973278e-01;2.9250000e+02;2.1837676e-01;2.9250000e+02;2.5792077e-01;2.9250000e+02;2.8223151e-01;2.9250000e+02;2.8080511e-01;2.9250000e+02;2.5356045e-01;2.9250000e+02;2.1671550e-01;2.9250000e+02;1.7411107e-01;2.9250000e+02;1.2663285e-01;2.9250000e+02;8.3971873e-02;2.9250000e+02;4.5440145e-02;2.9250000e+02;2.9781191e-03;2.9250000e+02;1.5125913e-02;2.9250000e+02;3.4341812e-02;2.9250000e+02;5.7420488e-02;2.9250000e+02;8.3538279e-02;2.9250000e+02;1.1312523e-01;2.9250000e+02;1.4486830e-01;2.9250000e+02;1.7973278e-01;2.9250000e+02;2.1837676e-01;2.9250000e+02;2.5792077e-01;2.9250000e+02;2.8223151e-01;2.9250000e+02;2.8080511e-01;2.9250000e+02;2.5356045e-01;2.9250000e+02;2.1671550e-01;2.9250000e+02;1.7411107e-01;2.9250000e+02;1.2663285e-01;2.9250000e+02;8.3971873e-02;2.9250000e+02;4.5440145e-02;2.9250000e+02;2.9781191e-03;2.9250000e+02;1.5125913e-02;2.9250000e+02;3.4341812e-02;2.9250000e+02;5.7420488e-02;2.9250000e+02;8.3538279e-02;2.9250000e+02;1.1312523e-01;2.9250000e+02;1.4486830e-01;2.9250000e+02;1.7973278e-01;2.9250000e+02;2.1837676e-01;2.9250000e+02;2.5792077e-01;2.9250000e+02;2.8223151e-01;2.9250000e+02;2.8080511e-01;2.9250000e+02;2.5356045e-01;2.9250000e+02;2.1671550e-01;2.9250000e+02;1.7411107e-01;2.9250000e+02;1.2663285e-01;2.9250000e+02;8.3971873e-02;2.9250000e+02;4.5440145e-02;2.9250000e+02;2.9781191e-03;2.9250000e+02;1.5125913e-02;2.9250000e+02;3.4341812e-02;2.9250000e+02;5.7420488e-02;2.9250000e+02;8.3538279e-02;2.9250000e+02;1.1312523e-01;2.9250000e+02;1.4486830e-01;2.9250000e+02;1.7973278e-01;2.9250000e+02;2.1837676e-01;2.9250000e+02;2.5792077e-01;2.9250000e+02;2.8223151e-01;2.9250000e+02;2.8080511e-01;2.9250000e+02;2.5356045e-01;2.9250000e+02;2.1671550e-01;2.9250000e+02;1.7411107e-01;2.9250000e+02;1.2663285e-01;2.9250000e+02;8.3971873e-02;2.9250000e+02;4.5440145e-02;2.9250000e+02;2.9781191e-03;2.9250000e+02;1.5125913e-02;2.9250000e+02;3.4341812e-02;2.9250000e+02;5.7420488e-02;2.9250000e+02;8.3538279e-02;2.9250000e+02;1.1312523e-01;2.9250000e+02;1.4486830e-01;2.9250000e+02;1.7973278e-01;2.9250000e+02;2.1837676e-01;2.9250000e+02;2.5792077e-01;2.9250000e+02;2.8223151e-01;2.9250000e+02;2.8080511e-01;2.9250000e+02;2.5356045e-01;2.9250000e+02;2.1671550e-01;2.9250000e+02;1.7411107e-01;2.9250000e+02;1.2663285e-01;2.9250000e+02;8.3971873e-02;2.9250000e+02;4.5440145e-02;2.9250000e+02;2.9781191e-03;2.9250000e+02;1.5125913e-02;2.9250000e+02;3.4341812e-02;2.9250000e+02;5.7420488e-02;2.9250000e+02;8.3538279e-02;2.9250000e+02;1.1312523e-01;2.9250000e+02;1.4486830e-01;2.9250000e+02;1.7973278e-01;2.9250000e+02;2.1837676e-01;2.9250000e+02;2.5792077e-01;2.9250000e+02;2.8223151e-01;2.9250000e+02;2.8080511e-01;2.9250000e+02;2.5356045e-01;2.9250000e+02;2.1671550e-01;2.9250000e+02;1.7411107e-01;2.9250000e+02;1.2663285e-01;2.9250000e+02;8.3971873e-02;2.9250000e+02;4.5440145e-02;2.9250000e+02;2.9781191e-03;2.9250000e+02;1.5125913e-02;2.9250000e+02;3.4341812e-02;2.9250000e+02;5.7420488e-02;2.9250000e+02;8.3538279e-02;2.9250000e+02;1.1312523e-01;2.9250000e+02;1.4486830e-01;2.9250000e+02;1.7973278e-01;2.9250000e+02;2.1837676e-01;2.9250000e+02;2.5792077e-01;2.9250000e+02;2.8223151e-01;2.9250000e+02;2.8080511e-01;2.9250000e+02;2.5356045e-01;2.9250000e+02;2.1671550e-01;2.9250000e+02;1.7411107e-01;2.9250000e+02;1.2663285e-01;2.9250000e+02;8.3971873e-02;2.9250000e+02;4.5440145e-02;2.9250000e+02;2.9781191e-03;2.9250000e+02;1.5125913e-02;2.9250000e+02;3.4341812e-02;2.9250000e+02;5.7420488e-02;2.9250000e+02;8.3538279e-02;2.9250000e+02;1.1312523e-01;2.9250000e+02;1.4486830e-01;2.9250000e+02;1.7973278e-01;2.9250000e+02;2.1837676e-01;2.9250000e+02;2.5792077e-01;2.9250000e+02;2.8223151e-01;2.9250000e+02;2.8080511e-01;2.9250000e+02;2.5356045e-01;2.9250000e+02;2.1671550e-01;2.9250000e+02;1.7411107e-01;2.9250000e+02;1.2663285e-01;2.9250000e+02;8.3971873e-02;2.9250000e+02;4.5440145e-02;2.9250000e+02;2.9781191e-03;2.9250000e+02;1.5125913e-02;2.9250000e+02;3.4341812e-02;2.9250000e+02;5.7420488e-02;2.9250000e+02;8.3538279e-02;2.9250000e+02;1.1312523e-01;2.9250000e+02;1.4486830e-01;2.9250000e+02;1.7973278e-01;2.9250000e+02;2.1837676e-01;2.9250000e+02;2.5792077e-01;2.9250000e+02;2.8223151e-01;2.9250000e+02;2.8080511e-01;2.9250000e+02;2.5356045e-01;2.9250000e+02;2.1671550e-01;2.9250000e+02;1.7411107e-01;2.9250000e+02;1.2663285e-01;2.9250000e+02;8.3971873e-02;2.9250000e+02;4.5440145e-02;2.9250000e+02;2.9781191e-03;2.9250000e+02;1.5125913e-02;2.9250000e+02;3.4341812e-02;2.9250000e+02;5.7420488e-02;2.9250000e+02;8.3538279e-02;2.9250000e+02;1.1312523e-01;2.9250000e+02;1.4486830e-01;2.9250000e+02;1.7973278e-01;2.9250000e+02;2.1837676e-01;2.9250000e+02;2.5792077e-01;2.9250000e+02;2.8223151e-01;2.9250000e+02;2.8080511e-01;2.9250000e+02;2.5356045e-01;2.9250000e+02;2.1671550e-01;2.9250000e+02;1.7411107e-01;2.9250000e+02;1.2663285e-01;2.9250000e+02;8.3971873e-02;2.9250000e+02;4.5440145e-02;2.9250000e+02;2.9781191e-03;2.9250000e+02;1.5125913e-02;2.9250000e+02;3.4341812e-02;2.9250000e+02;5.7420488e-02;2.9250000e+02;8.3538279e-02;2.9250000e+02;1.1312523e-01;2.9250000e+02;1.4486830e-01;2.9250000e+02;1.7973278e-01;2.9250000e+02;2.1837676e-01;2.9250000e+02;2.5792077e-01;2.9250000e+02;2.8223151e-01;2.9250000e+02;2.8080511e-01;2.9250000e+02;2.5356045e-01;2.9250000e+02;2.1671550e-01;2.9250000e+02;1.7411107e-01;2.9250000e+02;1.2663285e-01;2.9250000e+02;8.3971873e-02;2.9250000e+02;4.5440145e-02;2.9250000e+02;2.9781191e-03;2.9250000e+02;1.5125913e-02;2.9250000e+02;3.4341812e-02;2.9250000e+02;5.7420488e-02;2.9250000e+02;8.3538279e-02;2.9250000e+02;1.1312523e-01;2.9250000e+02;1.4486830e-01;2.9250000e+02;1.7973278e-01;2.9250000e+02;2.1837676e-01;2.9250000e+02;2.5792077e-01;2.9250000e+02;2.8223151e-01;2.9250000e+02;2.8080511e-01;2.9250000e+02;2.5356045e-01;2.9250000e+02;2.1671550e-01;2.9250000e+02;1.7411107e-01;2.9250000e+02;1.2663285e-01;2.9250000e+02;8.3971873e-02;2.9250000e+02;4.5440145e-02;2.9250000e+02;2.9781191e-03;2.9250000e+02;1.5125913e-02;2.9250000e+02;3.4341812e-02;2.9250000e+02;5.7420488e-02;2.9250000e+02;8.3538279e-02;2.9250000e+02;1.1312523e-01;2.9250000e+02;1.4486830e-01;2.9250000e+02;1.7973278e-01;2.9250000e+02;2.1837676e-01;2.9250000e+02;2.5792077e-01;2.9250000e+02;2.8223151e-01;2.9250000e+02;2.8080511e-01;2.9250000e+02;2.5356045e-01;2.9250000e+02;2.1671550e-01;2.9250000e+02;1.7411107e-01;2.9250000e+02;1.2663285e-01;2.9250000e+02;8.3971873e-02;2.9250000e+02;4.5440145e-02;2.9250000e+02;2.9781191e-03;2.9250000e+02;1.5125913e-02;2.9250000e+02;3.4341812e-02;2.9250000e+02;5.7420488e-02;2.9250000e+02;8.3538279e-02;2.9250000e+02;1.1312523e-01;2.9250000e+02;1.4486830e-01;2.9250000e+02;1.7973278e-01;2.9250000e+02;2.1837676e-01;2.9250000e+02;2.5792077e-01;2.9250000e+02;2.8223151e-01;2.9250000e+02;2.8080511e-01;2.9250000e+02;2.5356045e-01;2.9250000e+02;2.1671550e-01;2.9250000e+02;1.7411107e-01;2.9250000e+02;1.2663285e-01;2.9250000e+02;8.3971873e-02;2.9250000e+02;4.5440145e-02;2.9250000e+02;2.9781191e-03;2.9250000e+02;1.5125913e-02;2.9250000e+02;3.4341812e-02;2.9250000e+02;5.7420488e-02;2.9250000e+02;8.3538279e-02;2.9250000e+02;1.1312523e-01;2.9250000e+02;1.4486830e-01;2.9250000e+02;1.7973278e-01;2.9250000e+02;2.1837676e-01;2.9250000e+02;2.5792077e-01;2.9250000e+02;2.8223151e-01;2.9250000e+02;2.8080511e-01;2.9250000e+02;2.5356045e-01;2.9250000e+02;2.1671550e-01;2.9250000e+02;1.7411107e-01;2.9250000e+02;1.2663285e-01;2.9250000e+02;8.3971873e-02;2.9250000e+02;4.5440145e-02;2.9250000e+02;2.9781191e-03;2.9250000e+02;1.5125913e-02;2.9250000e+02;3.4341812e-02;2.9250000e+02;5.7420488e-02;2.9250000e+02;8.3538279e-02;2.9250000e+02;1.1312523e-01;2.9250000e+02;1.4486830e-01;2.9250000e+02;1.7973278e-01;2.9250000e+02;2.1837676e-01;2.9250000e+02;2.5792077e-01;2.9250000e+02;2.8223151e-01;2.9250000e+02;2.8080511e-01;2.9250000e+02;2.5356045e-01;2.9250000e+02;2.1671550e-01;2.9250000e+02;1.7411107e-01;2.9250000e+02;1.2663285e-01;2.9250000e+02;8.3971873e-02;2.9250000e+02;4.5440145e-02;2.9250000e+02;2.9781191e-03;2.9250000e+02;1.5125913e-02;2.9250000e+02;3.4341812e-02;2.9250000e+02;5.7420488e-02;2.9250000e+02;8.3538279e-02;2.9250000e+02;1.1312523e-01;2.9250000e+02;1.4486830e-01;2.9250000e+02;1.7973278e-01;2.9250000e+02;2.1837676e-01;2.9250000e+02;2.5792077e-01;2.9250000e+02;2.8223151e-01;2.9250000e+02;2.8080511e-01;2.9250000e+02;2.5356045e-01;2.9250000e+02;2.1671550e-01;2.9250000e+02;1.7411107e-01;2.9250000e+02;1.2663285e-01;2.9250000e+02;8.3971873e-02;2.9250000e+02;4.5440145e-02;2.9250000e+02;2.9781191e-03;2.9250000e+02;1.5125913e-02;2.9250000e+02;3.4341812e-02;2.9250000e+02;5.7420488e-02;2.9250000e+02;8.3538279e-02;2.9250000e+02;1.1312523e-01;2.9250000e+02;1.4486830e-01;2.9250000e+02;1.7973278e-01;2.9250000e+02;2.1837676e-01;2.9250000e+02;2.5792077e-01;2.9250000e+02;2.8223151e-01;2.9250000e+02;2.8080511e-01;2.9250000e+02;2.5356045e-01;2.9250000e+02;2.1671550e-01;2.9250000e+02;1.7411107e-01;2.9250000e+02;1.2663285e-01;2.9250000e+02;8.3971873e-02;2.9250000e+02;4.5440145e-02;2.9250000e+02;2.9781191e-03;2.9250000e+02;1.5125913e-02;2.9250000e+02;3.4341812e-02;2.9250000e+02;5.7420488e-02;2.9250000e+02;8.3538279e-02;2.9250000e+02;1.1312523e-01;2.9250000e+02;1.4486830e-01;2.9250000e+02;1.7973278e-01;2.9250000e+02;2.1837676e-01;2.9250000e+02;2.5792077e-01;2.9250000e+02;2.8223151e-01;2.9250000e+02;2.8080511e-01;2.9250000e+02;2.5356045e-01;2.9250000e+02;2.1671550e-01;2.9250000e+02;1.7411107e-01;2.9250000e+02;1.2663285e-01;2.9250000e+02;8.3971873e-02;2.9250000e+02;4.5440145e-02;2.9250000e+02;2.9781191e-03;2.9250000e+02;1.5125913e-02;2.9250000e+02;3.4341812e-02;2.9250000e+02;5.7420488e-02;2.9250000e+02;8.3538279e-02;2.9250000e+02;1.1312523e-01;2.9250000e+02;1.4486830e-01;2.9250000e+02;1.7973278e-01;2.9250000e+02;2.1837676e-01;2.9250000e+02;2.5792077e-01;2.9250000e+02;2.8223151e-01;2.9250000e+02;2.8080511e-01;2.9250000e+02;2.5356045e-01;2.9250000e+02;2.1671550e-01;2.9250000e+02;1.7411107e-01;2.9250000e+02;1.2663285e-01;2.9250000e+02;8.3971873e-02;2.9250000e+02;4.5440145e-02;2.9250000e+02;2.9781191e-03;2.9250000e+02;1.5125913e-02;2.9250000e+02;3.4341812e-02;2.9250000e+02;5.7420488e-02;2.9250000e+02;8.3538279e-02;2.9250000e+02;1.1312523e-01;2.9250000e+02;1.4486830e-01;2.9250000e+02;1.7973278e-01;2.9250000e+02;2.1837676e-01;2.9250000e+02;2.5792077e-01;2.9250000e+02;2.8223151e-01;2.9250000e+02;2.8080511e-01;2.9250000e+02;2.5356045e-01;2.9250000e+02;2.1671550e-01;2.9250000e+02;1.7411107e-01;2.9250000e+02;1.2663285e-01;2.9250000e+02;8.3971873e-02;2.9250000e+02;4.5440145e-02;2.9250000e+02;2.9781191e-03;2.9250000e+02;1.5125913e-02;2.9250000e+02;3.4341812e-02;2.9250000e+02;5.7420488e-02;2.9250000e+02;8.3538279e-02;2.9250000e+02;1.1312523e-01;2.9250000e+02;1.4486830e-01;2.9250000e+02;1.7973278e-01;2.9250000e+02;2.1837676e-01;2.9250000e+02;2.5792077e-01;2.9250000e+02;2.8223151e-01;2.9250000e+02;2.8080511e-01;2.9250000e+02;2.5356045e-01;2.9250000e+02;2.1671550e-01;2.9250000e+02;1.7411107e-01;2.9250000e+02;1.2663285e-01;2.9250000e+02;8.3971873e-02;2.9250000e+02;4.5440145e-02;2.9250000e+02;2.9781191e-03;2.9250000e+02;1.5125913e-02;2.9250000e+02;3.4341812e-02;2.9250000e+02;5.7420488e-02;2.9250000e+02;8.3538279e-02;2.9250000e+02;1.1312523e-01;2.9250000e+02;1.4486830e-01;2.9250000e+02;1.7973278e-01;2.9250000e+02;2.1837676e-01;2.9250000e+02;2.5792077e-01;2.9250000e+02;2.8223151e-01;2.9250000e+02;2.8080511e-01;2.9250000e+02;2.5356045e-01;2.9250000e+02;2.1671550e-01;2.9250000e+02;1.7411107e-01;2.9250000e+02;1.2663285e-01;2.9250000e+02;8.3971873e-02;2.9250000e+02;4.5440145e-02;2.9250000e+02;2.9781191e-03;2.9250000e+02;1.5125913e-02;2.9250000e+02;3.4341812e-02;2.9250000e+02;5.7420488e-02;2.9250000e+02;8.3538279e-02;2.9250000e+02;1.1312523e-01;2.9250000e+02;1.4486830e-01;2.9250000e+02;1.7973278e-01;2.9250000e+02;2.1837676e-01;2.9250000e+02;2.5792077e-01;2.9250000e+02;2.8223151e-01;2.9250000e+02;2.8080511e-01;2.9250000e+02;2.5356045e-01;2.9250000e+02;2.1671550e-01;2.9250000e+02;1.7411107e-01;2.9250000e+02;1.2663285e-01;2.9250000e+02;8.3971873e-02;2.9250000e+02;4.5440145e-02;2.9250000e+02;2.9781191e-03;2.9250000e+02;1.5125913e-02;2.9250000e+02;3.4341812e-02;2.9250000e+02;5.7420488e-02;2.9250000e+02;8.3538279e-02;2.9250000e+02;1.1312523e-01;2.9250000e+02;1.4486830e-01;2.9250000e+02;1.7973278e-01;2.9250000e+02;2.1837676e-01;2.9250000e+02;2.5792077e-01;2.9250000e+02;2.8223151e-01;2.9250000e+02;2.8080511e-01;2.9250000e+02;2.5356045e-01;2.9250000e+02;2.1671550e-01;2.9250000e+02;1.7411107e-01;2.9250000e+02;1.2663285e-01;2.9250000e+02;8.3971873e-02;2.9250000e+02;4.5440145e-02;2.9250000e+02;2.9781191e-03;2.9250000e+02;1.5125913e-02;2.9250000e+02;3.4341812e-02;2.9250000e+02;5.7420488e-02;2.9250000e+02;8.3538279e-02;2.9250000e+02;1.1312523e-01;2.9250000e+02;1.4486830e-01;2.9250000e+02;1.7973278e-01;2.9250000e+02;2.1837676e-01;2.9250000e+02;2.5792077e-01;2.9250000e+02;2.8223151e-01;2.9250000e+02;2.8080511e-01;2.9250000e+02;2.5356045e-01;2.9250000e+02;2.1671550e-01;2.9250000e+02;1.7411107e-01;2.9250000e+02;1.2663285e-01;2.9250000e+02;8.3971873e-02;2.9250000e+02;4.5440145e-02;2.9250000e+02;2.9781191e-03;2.9250000e+02;1.5125913e-02;2.9250000e+02;3.4341812e-02;2.9250000e+02;5.7420488e-02;2.9250000e+02;8.3538279e-02;2.9250000e+02;1.1312523e-01;2.9250000e+02;1.4486830e-01;2.9250000e+02;1.7973278e-01;2.9250000e+02;2.1837676e-01;2.9250000e+02;2.5792077e-01;2.9250000e+02;2.8223151e-01;2.9250000e+02;2.8080511e-01;2.9250000e+02;2.5356045e-01;2.9250000e+02;2.1671550e-01;2.9250000e+02;1.7411107e-01;2.9250000e+02;1.2663285e-01;2.9250000e+02;8.3971873e-02;2.9250000e+02;4.5440145e-02;2.9250000e+02;2.9781191e-03;2.9250000e+02;1.5125913e-02;2.9250000e+02;3.4341812e-02;2.9250000e+02;5.7420488e-02;2.9250000e+02;8.3538279e-02;2.9250000e+02;1.1312523e-01;2.9250000e+02;1.4486830e-01;2.9250000e+02;1.7973278e-01;2.9250000e+02;2.1837676e-01;2.9250000e+02;2.5792077e-01;2.9250000e+02;2.8223151e-01;2.9250000e+02;2.8080511e-01;2.9250000e+02;2.5356045e-01;2.9250000e+02;2.1671550e-01;2.9250000e+02;1.7411107e-01;2.9250000e+02;1.2663285e-01;2.9250000e+02;8.3971873e-02;2.9250000e+02;4.5440145e-02;2.9250000e+02;2.9781191e-03;2.9250000e+02;1.5125913e-02;2.9250000e+02;3.4341812e-02;2.9250000e+02;5.7420488e-02;2.9250000e+02;8.3538279e-02;2.9250000e+02;1.1312523e-01;2.9250000e+02;1.4486830e-01;2.9250000e+02;1.7973278e-01;2.9250000e+02;2.1837676e-01;2.9250000e+02;2.5792077e-01;2.9250000e+02;2.8223151e-01;2.9250000e+02;2.8080511e-01;2.9250000e+02;2.5356045e-01;2.9250000e+02;2.1671550e-01;2.9250000e+02;1.7411107e-01;2.9250000e+02;1.2663285e-01;2.9250000e+02;8.3971873e-02;2.9250000e+02;4.5440145e-02;2.9250000e+02;2.9781191e-03;2.9250000e+02;1.5125913e-02;2.9250000e+02;3.4341812e-02;2.9250000e+02;5.7420488e-02;2.9250000e+02;8.3538279e-02;2.9250000e+02;1.1312523e-01;2.9250000e+02;1.4486830e-01;2.9250000e+02;1.7973278e-01;2.9250000e+02;2.1837676e-01;2.9250000e+02;2.5792077e-01;2.9250000e+02;2.8223151e-01;2.9250000e+02;2.8080511e-01;2.9250000e+02;2.5356045e-01;2.9250000e+02;2.1671550e-01;2.9250000e+02;1.7411107e-01;2.9250000e+02;1.2663285e-01;2.9250000e+02;8.3971873e-02;2.9250000e+02;4.5440145e-02;2.9250000e+02;2.9781191e-03;2.9250000e+02;1.5125913e-02;2.9250000e+02;3.4341812e-02;2.9250000e+02;5.7420488e-02;2.9250000e+02;8.3538279e-02;2.9250000e+02;1.1312523e-01;2.9250000e+02;1.4486830e-01;2.9250000e+02;1.7973278e-01;2.9250000e+02;2.1837676e-01;2.9250000e+02;2.5792077e-01;2.9250000e+02;2.8223151e-01;2.9250000e+02;2.8080511e-01;2.9250000e+02;2.5356045e-01;2.9250000e+02;2.1671550e-01;2.9250000e+02;1.7411107e-01;2.9250000e+02;1.2663285e-01;2.9250000e+02;8.3971873e-02;2.9250000e+02;4.5440145e-02;2.9250000e+02;2.9781191e-03;2.9250000e+02;1.5125913e-02;2.9250000e+02;3.4341812e-02;2.9250000e+02;5.7420488e-02;2.9250000e+02;8.3538279e-02;2.9250000e+02;1.1312523e-01;2.9250000e+02;1.4486830e-01;2.9250000e+02;1.7973278e-01;2.9250000e+02;2.1837676e-01;2.9250000e+02;2.5792077e-01;2.9250000e+02;2.8223151e-01;2.9250000e+02;2.8080511e-01;2.9250000e+02;2.5356045e-01;2.9250000e+02;2.1671550e-01;2.9250000e+02;1.7411107e-01;2.9250000e+02;1.2663285e-01;2.9250000e+02;8.3971873e-02;2.9250000e+02;4.5440145e-02;2.9250000e+02;2.9781191e-03;2.9250000e+02;1.5125913e-02;2.9250000e+02;3.4341812e-02;2.9250000e+02;5.7420488e-02;2.9250000e+02;8.3538279e-02;2.9250000e+02;1.1312523e-01;2.9250000e+02;1.4486830e-01;2.9250000e+02;1.7973278e-01;2.9250000e+02;2.1837676e-01;2.9250000e+02;2.5792077e-01;2.9250000e+02;2.8223151e-01;2.9250000e+02;2.8080511e-01;2.9250000e+02;2.5356045e-01;2.9250000e+02;2.1671550e-01;2.9250000e+02;1.7411107e-01;2.9250000e+02;1.2663285e-01;2.9250000e+02;8.3971873e-02;2.9250000e+02;4.5440145e-02;2.9250000e+02;2.9781191e-03;2.9250000e+02;1.5125913e-02;2.9250000e+02;3.4341812e-02;2.9250000e+02;5.7420488e-02;2.9250000e+02;8.3538279e-02;2.9250000e+02;1.1312523e-01;2.9250000e+02;1.4486830e-01;2.9250000e+02;1.7973278e-01;2.9250000e+02;2.1837676e-01;2.9250000e+02;2.5792077e-01;2.9250000e+02;2.8223151e-01;2.9250000e+02;2.8080511e-01;2.9250000e+02;2.5356045e-01;2.9250000e+02;2.1671550e-01;2.9250000e+02;1.7411107e-01;2.9250000e+02;1.2663285e-01;2.9250000e+02;8.3971873e-02;2.9250000e+02;4.5440145e-02;2.9250000e+02;2.9781191e-03;2.9250000e+02;1.5125913e-02;2.9250000e+02;3.4341812e-02;2.9250000e+02;5.7420488e-02;2.9250000e+02;8.3538279e-02;2.9250000e+02;1.1312523e-01;2.9250000e+02;1.4486830e-01;2.9250000e+02;1.7973278e-01;2.9250000e+02;2.1837676e-01;2.9250000e+02;2.5792077e-01;2.9250000e+02;2.8223151e-01;2.9250000e+02;2.8080511e-01;2.9250000e+02;2.5356045e-01;2.9250000e+02;2.1671550e-01;2.9250000e+02;1.7411107e-01;2.9250000e+02;1.2663285e-01;2.9250000e+02;8.3971873e-02;2.9250000e+02;4.5440145e-02;2.9250000e+02;2.9781191e-03;2.9250000e+02;1.5125913e-02;2.9250000e+02;3.4341812e-02;2.9250000e+02;5.7420488e-02;2.9250000e+02;8.3538279e-02;2.9250000e+02;1.1312523e-01;2.9250000e+02;1.4486830e-01;2.9250000e+02;1.7973278e-01;2.9250000e+02;2.1837676e-01;2.9250000e+02;2.5792077e-01;2.9250000e+02;2.8223151e-01;2.9250000e+02;2.8080511e-01;2.9250000e+02;2.5356045e-01;2.9250000e+02;2.1671550e-01;2.9250000e+02;1.7411107e-01;2.9250000e+02;1.2663285e-01;2.9250000e+02;8.3971873e-02;2.9250000e+02;4.5440145e-02;2.9250000e+02;2.9781191e-03;2.9250000e+02;1.5125913e-02;2.9250000e+02;3.4341812e-02;2.9250000e+02;5.7420488e-02;2.9250000e+02;8.3538279e-02;2.9250000e+02;1.1312523e-01;2.9250000e+02;1.4486830e-01;2.9250000e+02;1.7973278e-01;2.9250000e+02;2.1837676e-01;2.9250000e+02;2.5792077e-01;2.9250000e+02;2.8223151e-01;2.9250000e+02;2.8080511e-01;2.9250000e+02;2.5356045e-01;2.9250000e+02;2.1671550e-01;2.9250000e+02;1.7411107e-01;2.9250000e+02;1.2663285e-01;2.9250000e+02;8.3971873e-02;2.9250000e+02;4.5440145e-02;2.9250000e+02;2.9781191e-03;2.9250000e+02;1.5125913e-02;2.9250000e+02;3.4341812e-02;2.9250000e+02;5.7420488e-02;2.9250000e+02;8.3538279e-02;2.9250000e+02;1.1312523e-01;2.9250000e+02;1.4486830e-01;2.9250000e+02;1.7973278e-01;2.9250000e+02;2.1837676e-01;2.9250000e+02;2.5792077e-01;2.9250000e+02;2.8223151e-01;2.9250000e+02;2.8080511e-01;2.9250000e+02;2.5356045e-01;2.9250000e+02;2.1671550e-01;2.9250000e+02;1.7411107e-01;2.9250000e+02;1.2663285e-01;2.9250000e+02;8.3971873e-02;2.9250000e+02;4.5440145e-02;2.9250000e+02;2.9781191e-03;2.9250000e+02;1.5125913e-02;2.9250000e+02;3.4341812e-02;2.9250000e+02;5.7420488e-02;2.9250000e+02;8.3538279e-02;2.9250000e+02;1.1312523e-01;2.9250000e+02;1.4486830e-01;2.9250000e+02;1.7973278e-01;2.9250000e+02;2.1837676e-01;2.9250000e+02;2.5792077e-01;2.9250000e+02;2.8223151e-01;2.9250000e+02;2.8080511e-01;2.9250000e+02;2.5356045e-01;2.9250000e+02;2.1671550e-01;2.9250000e+02;1.7411107e-01;2.9250000e+02;1.2663285e-01;2.9250000e+02;8.3971873e-02;2.9250000e+02;4.5440145e-02;2.9250000e+02;2.9781191e-03;2.9250000e+02;1.5125913e-02;2.9250000e+02;3.4341812e-02;2.9250000e+02;5.7420488e-02;2.9250000e+02;8.3538279e-02;2.9250000e+02;1.1312523e-01;2.9250000e+02;1.4486830e-01;2.9250000e+02;1.7973278e-01;2.9250000e+02;2.1837676e-01;2.9250000e+02;2.5792077e-01;2.9250000e+02;2.8223151e-01;2.9250000e+02;2.8080511e-01;2.9250000e+02;2.5356045e-01;2.9250000e+02;2.1671550e-01;2.9250000e+02;1.7411107e-01;2.9250000e+02;1.2663285e-01;2.9250000e+02;8.3971873e-02;2.9250000e+02;4.5440145e-02;2.9250000e+02;2.9781191e-03;2.9250000e+02;1.5125913e-02;2.9250000e+02;3.4341812e-02;2.9250000e+02;5.7420488e-02;2.9250000e+02;8.3538279e-02;2.9250000e+02;1.1312523e-01;2.9250000e+02;1.4486830e-01;2.9250000e+02;1.7973278e-01;2.9250000e+02;2.1837676e-01;2.9250000e+02;2.5792077e-01;2.9250000e+02;2.8223151e-01;2.9250000e+02;2.8080511e-01;2.9250000e+02;2.5356045e-01;2.9250000e+02;2.1671550e-01;2.9250000e+02;1.7411107e-01;2.9250000e+02;1.2663285e-01;2.9250000e+02;8.3971873e-02;2.9250000e+02;4.5440145e-02;2.9250000e+02;2.9781191e-03;2.9250000e+02;1.5125913e-02;2.9250000e+02;3.4341812e-02;2.9250000e+02;5.7420488e-02;2.9250000e+02;8.3538279e-02;2.9250000e+02;1.1312523e-01;2.9250000e+02;1.4486830e-01;2.9250000e+02;1.7973278e-01;2.9250000e+02;2.1837676e-01;2.9250000e+02;2.5792077e-01;2.9250000e+02;2.8223151e-01;2.9250000e+02;2.8080511e-01;2.9250000e+02;2.5356045e-01;2.9250000e+02;2.1671550e-01;2.9250000e+02;1.7411107e-01;2.9250000e+02;1.2663285e-01;2.9250000e+02;8.3971873e-02;2.9250000e+02;4.5440145e-02;2.9250000e+02;2.9781191e-03;2.9250000e+02;1.5125913e-02;2.9250000e+02;3.4341812e-02;2.9250000e+02;5.7420488e-02;2.9250000e+02;8.3538279e-02;2.9250000e+02;1.1312523e-01;2.9250000e+02;1.4486830e-01;2.9250000e+02;1.7973278e-01;2.9250000e+02;2.1837676e-01;2.9250000e+02;2.5792077e-01;2.9250000e+02;2.8223151e-01;2.9250000e+02;2.8080511e-01;2.9250000e+02;2.5356045e-01;2.9250000e+02;2.1671550e-01;2.9250000e+02;1.7411107e-01;2.9250000e+02;1.2663285e-01;2.9250000e+02;8.3971873e-02;2.9250000e+02;4.5440145e-02;2.9250000e+02;2.9781191e-03;2.9250000e+02;1.5125913e-02;2.9250000e+02;3.4341812e-02;2.9250000e+02;5.7420488e-02;2.9250000e+02;8.3538279e-02;2.9250000e+02;1.1312523e-01;2.9250000e+02;1.4486830e-01;2.9250000e+02;1.7973278e-01;2.9250000e+02;2.1837676e-01;2.9250000e+02;2.5792077e-01;2.9250000e+02;2.8223151e-01;2.9250000e+02;2.8080511e-01;2.9250000e+02;2.5356045e-01;2.9250000e+02;2.1671550e-01;2.9250000e+02;1.7411107e-01;2.9250000e+02;1.2663285e-01;2.9250000e+02;8.3971873e-02;2.9250000e+02;4.5440145e-02;2.9250000e+02;2.9781191e-03;2.9250000e+02;1.5125913e-02;2.9250000e+02;3.4341812e-02;2.9250000e+02;5.7420488e-02;2.9250000e+02;8.3538279e-02;2.9250000e+02;1.1312523e-01;2.9250000e+02;1.4486830e-01;2.9250000e+02;1.7973278e-01;2.9250000e+02;2.1837676e-01;2.9250000e+02;2.5792077e-01;2.9250000e+02;2.8223151e-01;2.9250000e+02;2.8080511e-01;2.9250000e+02;2.5356045e-01;2.9250000e+02;2.1671550e-01;2.9250000e+02;1.7411107e-01;2.9250000e+02;1.2663285e-01;2.9250000e+02;8.3971873e-02;2.9250000e+02;4.5440145e-02;2.9250000e+02;2.9781191e-03;2.9250000e+02;1.5125913e-02;2.9250000e+02;3.4341812e-02;2.9250000e+02;5.7420488e-02;2.9250000e+02;8.3538279e-02;2.9250000e+02;1.1312523e-01;2.9250000e+02;1.4486830e-01;2.9250000e+02;1.7973278e-01;2.9250000e+02;2.1837676e-01;2.9250000e+02;2.5792077e-01;2.9250000e+02;2.8223151e-01;2.9250000e+02;2.8080511e-01;2.9250000e+02;2.5356045e-01;2.9250000e+02;2.1671550e-01;2.9250000e+02;1.7411107e-01;2.9250000e+02;1.2663285e-01;2.9250000e+02;8.3971873e-02;2.9250000e+02;4.5440145e-02;2.9250000e+02;2.9781191e-03;2.9250000e+02;1.5125913e-02;2.9250000e+02;3.4341812e-02;2.9250000e+02;5.7420488e-02;2.9250000e+02;8.3538279e-02;2.9250000e+02;1.1312523e-01;2.9250000e+02;1.4486830e-01;2.9250000e+02;1.7973278e-01;2.9250000e+02;2.1837676e-01;2.9250000e+02;2.5792077e-01;2.9250000e+02;2.8223151e-01;2.9250000e+02;2.8080511e-01;2.9250000e+02;2.5356045e-01;2.9250000e+02;2.1671550e-01;2.9250000e+02;1.7411107e-01;2.9250000e+02;1.2663285e-01;2.9250000e+02;8.3971873e-02;2.9250000e+02;4.5440145e-02;2.9250000e+02;2.9781191e-03;2.9250000e+02;1.5125913e-02;2.9250000e+02;3.4341812e-02;2.9250000e+02;5.7420488e-02;2.9250000e+02;8.3538279e-02;2.9250000e+02;1.1312523e-01;2.9250000e+02;1.4486830e-01;2.9250000e+02;1.7973278e-01;2.9250000e+02;2.1837676e-01;2.9250000e+02;2.5792077e-01;2.9250000e+02;2.8223151e-01;2.9250000e+02;2.8080511e-01;2.9250000e+02;2.5356045e-01;2.9250000e+02;2.1671550e-01;2.9250000e+02;1.7411107e-01;2.9250000e+02;1.2663285e-01;2.9250000e+02;8.3971873e-02;2.9250000e+02;4.5440145e-02;2.9250000e+02;2.9781191e-03;2.9250000e+02;1.5125913e-02;2.9250000e+02;3.4341812e-02;2.9250000e+02;5.7420488e-02;2.9250000e+02;8.3538279e-02;2.9250000e+02;1.1312523e-01;2.9250000e+02;1.4486830e-01;2.9250000e+02;1.7973278e-01;2.9250000e+02;2.1837676e-01;2.9250000e+02;2.5792077e-01;2.9250000e+02;2.8223151e-01;2.9250000e+02;2.8080511e-01;2.9250000e+02;2.5356045e-01;2.9250000e+02;2.1671550e-01;2.9250000e+02;1.7411107e-01;2.9250000e+02;1.2663285e-01;2.9250000e+02;8.3971873e-02;2.9250000e+02;4.5440145e-02;2.9250000e+02;2.9781191e-03;2.9250000e+02;1.5125913e-02;2.9250000e+02;3.4341812e-02;2.9250000e+02;5.7420488e-02;2.9250000e+02;8.3538279e-02;2.9250000e+02;1.1312523e-01;2.9250000e+02;1.4486830e-01;2.9250000e+02;1.7973278e-01;2.9250000e+02;2.1837676e-01;2.9250000e+02;2.5792077e-01;2.9250000e+02;2.8223151e-01;2.9250000e+02;2.8080511e-01;2.9250000e+02;2.5356045e-01;2.9250000e+02;2.1671550e-01;2.9250000e+02;1.7411107e-01;2.9250000e+02;1.2663285e-01;2.9250000e+02;8.3971873e-02;2.9250000e+02;4.5440145e-02;2.9250000e+02;2.9781191e-03;2.9250000e+02;1.5125913e-02;2.9250000e+02;3.4341812e-02;2.9250000e+02;5.7420488e-02;2.9250000e+02;8.3538279e-02;2.9250000e+02;1.1312523e-01;2.9250000e+02;1.4486830e-01;2.9250000e+02;1.7973278e-01;2.9250000e+02;2.1837676e-01;2.9250000e+02;2.5792077e-01;2.9250000e+02;2.8223151e-01;2.9250000e+02;2.8080511e-01;2.9250000e+02;2.5356045e-01;2.9250000e+02;2.1671550e-01;2.9250000e+02;1.7411107e-01;2.9250000e+02;1.2663285e-01;2.9250000e+02;8.3971873e-02;2.9250000e+02;4.5440145e-02;2.9250000e+02;2.9781191e-03;2.9250000e+02;1.5125913e-02;2.9250000e+02;3.4341812e-02;2.9250000e+02;5.7420488e-02;2.9250000e+02;8.3538279e-02;2.9250000e+02;1.1312523e-01;2.9250000e+02;1.4486830e-01;2.9250000e+02;1.7973278e-01;2.9250000e+02;2.1837676e-01;2.9250000e+02;2.5792077e-01;2.9250000e+02;2.8223151e-01;2.9250000e+02;2.8080511e-01;2.9250000e+02;2.5356045e-01;2.9250000e+02;2.1671550e-01;2.9250000e+02;1.7411107e-01;2.9250000e+02;1.2663285e-01;2.9250000e+02;8.3971873e-02;2.9250000e+02;4.5440145e-02;2.9250000e+02;2.9781191e-03;2.9250000e+02;1.5125913e-02;2.9250000e+02;3.4341812e-02;2.9250000e+02;5.7420488e-02;2.9250000e+02;8.3538279e-02;2.9250000e+02;1.1312523e-01;2.9250000e+02;1.4486830e-01;2.9250000e+02;1.7973278e-01;2.9250000e+02;2.1837676e-01;2.9250000e+02;2.5792077e-01;2.9250000e+02;2.8223151e-01;2.9250000e+02;2.8080511e-01;2.9250000e+02;2.5356045e-01;2.9250000e+02;2.1671550e-01;2.9250000e+02;1.7411107e-01;2.9250000e+02;1.2663285e-01;2.9250000e+02;8.3971873e-02;2.9250000e+02;4.5440145e-02;2.9250000e+02;2.9781191e-03;2.9250000e+02;1.5125913e-02;2.9250000e+02;3.4341812e-02;2.9250000e+02;5.7420488e-02;2.9250000e+02;8.3538279e-02;2.9250000e+02;1.1312523e-01;2.9250000e+02;1.4486830e-01;2.9250000e+02;1.7973278e-01;2.9250000e+02;2.1837676e-01;2.9250000e+02;2.5792077e-01;2.9250000e+02;2.8223151e-01;2.9250000e+02;2.8080511e-01;2.9250000e+02;2.5356045e-01;2.9250000e+02;2.1671550e-01;2.9250000e+02;1.7411107e-01;2.9250000e+02;1.2663285e-01;2.9250000e+02;8.3971873e-02;2.9250000e+02;4.5440145e-02;2.9250000e+02;2.9781191e-03;2.9250000e+02;1.5125913e-02;2.9250000e+02;3.4341812e-02;2.9250000e+02;5.7420488e-02;2.9250000e+02;8.3538279e-02;2.9250000e+02;1.1312523e-01;2.9250000e+02;1.4486830e-01;2.9250000e+02;1.7973278e-01;2.9250000e+02;2.1837676e-01;2.9250000e+02;2.5792077e-01;2.9250000e+02;2.8223151e-01;2.9250000e+02;2.8080511e-01;2.9250000e+02;2.5356045e-01;2.9250000e+02;2.1671550e-01;2.9250000e+02;1.7411107e-01;2.9250000e+02;1.2663285e-01;2.9250000e+02;8.3971873e-02;2.9250000e+02;4.5440145e-02;2.9250000e+02;2.9781191e-03;2.9250000e+02;1.5125913e-02;2.9250000e+02;3.4341812e-02;2.9250000e+02;5.7420488e-02;2.9250000e+02;8.3538279e-02;2.9250000e+02;1.1312523e-01;2.9250000e+02;1.4486830e-01;2.9250000e+02;1.7973278e-01;2.9250000e+02;2.1837676e-01;2.9250000e+02;2.5792077e-01;2.9250000e+02;2.8223151e-01;2.9250000e+02;2.8080511e-01;2.9250000e+02;2.5356045e-01;2.9250000e+02;2.1671550e-01;2.9250000e+02;1.7411107e-01;2.9250000e+02;1.2663285e-01;2.9250000e+02;8.3971873e-02;2.9250000e+02;4.5440145e-02;2.9250000e+02;2.9781191e-03;2.9250000e+02;1.5125913e-02;2.9250000e+02;3.4341812e-02;2.9250000e+02;5.7420488e-02;2.9250000e+02;8.3538279e-02;2.9250000e+02;1.1312523e-01;2.9250000e+02;1.4486830e-01;2.9250000e+02;1.7973278e-01;2.9250000e+02;2.1837676e-01;2.9250000e+02;2.5792077e-01;2.9250000e+02;2.8223151e-01;2.9250000e+02;2.8080511e-01;2.9250000e+02;2.5356045e-01;2.9250000e+02;2.1671550e-01;2.9250000e+02;1.7411107e-01;2.9250000e+02;1.2663285e-01;2.9250000e+02;8.3971873e-02;2.9250000e+02;4.5440145e-02;2.9250000e+02;2.9781191e-03;2.9250000e+02;1.5125913e-02;2.9250000e+02;3.4341812e-02;2.9250000e+02;5.7420488e-02;2.9250000e+02;8.3538279e-02;2.9250000e+02;1.1312523e-01;2.9250000e+02;1.4486830e-01;2.9250000e+02;1.7973278e-01;2.9250000e+02;2.1837676e-01;2.9250000e+02;2.5792077e-01;2.9250000e+02;2.8223151e-01;2.9250000e+02;2.8080511e-01;2.9250000e+02;2.5356045e-01;2.9250000e+02;2.1671550e-01;2.9250000e+02;1.7411107e-01;2.9250000e+02;1.2663285e-01;2.9250000e+02;8.3971873e-02;2.9250000e+02;4.5440145e-02;2.9250000e+02;2.9781191e-03;2.9250000e+02;1.5125913e-02;2.9250000e+02;3.4341812e-02;2.9250000e+02;5.7420488e-02;2.9250000e+02;8.3538279e-02;2.9250000e+02;1.1312523e-01;2.9250000e+02;1.4486830e-01;2.9250000e+02;1.7973278e-01;2.9250000e+02;2.1837676e-01;2.9250000e+02;2.5792077e-01;2.9250000e+02;2.8223151e-01;2.9250000e+02;2.8080511e-01;2.9250000e+02;2.5356045e-01;2.9250000e+02;2.1671550e-01;2.9250000e+02;1.7411107e-01;2.9250000e+02;1.2663285e-01;2.9250000e+02;8.3971873e-02;2.9250000e+02;4.5440145e-02;2.9250000e+02;2.9781191e-03;2.9250000e+02;1.5125913e-02;2.9250000e+02;3.4341812e-02;2.9250000e+02;5.7420488e-02;2.9250000e+02;8.3538279e-02;2.9250000e+02;1.1312523e-01;2.9250000e+02;1.4486830e-01;2.9250000e+02;1.7973278e-01;2.9250000e+02;2.1837676e-01;2.9250000e+02;2.5792077e-01;2.9250000e+02;2.8223151e-01;2.9250000e+02;2.8080511e-01;2.9250000e+02;2.5356045e-01;2.9250000e+02;2.1671550e-01;2.9250000e+02;1.7411107e-01;2.9250000e+02;1.2663285e-01;2.9250000e+02;8.3971873e-02;2.9250000e+02;4.5440145e-02;2.9250000e+02;2.9781191e-03;2.9250000e+02;1.5125913e-02;2.9250000e+02;3.4341812e-02;2.9250000e+02;5.7420488e-02;2.9250000e+02;8.3538279e-02;2.9250000e+02;1.1312523e-01;2.9250000e+02;1.4486830e-01;2.9250000e+02;1.7973278e-01;2.9250000e+02;2.1837676e-01;2.9250000e+02;2.5792077e-01;2.9250000e+02;2.8223151e-01;2.9250000e+02;2.8080511e-01;2.9250000e+02;2.5356045e-01;2.9250000e+02;2.1671550e-01;2.9250000e+02;1.7411107e-01;2.9250000e+02;1.2663285e-01;2.9250000e+02;8.3971873e-02;2.9250000e+02;4.5440145e-02;2.9250000e+02;2.9781191e-03;2.9250000e+02;1.5125913e-02;2.9250000e+02;3.4341812e-02;2.9250000e+02;5.7420488e-02;2.9250000e+02;8.3538279e-02;2.9250000e+02;1.1312523e-01;2.9250000e+02;1.4486830e-01;2.9250000e+02;1.7973278e-01;2.9250000e+02;2.1837676e-01;2.9250000e+02;2.5792077e-01;2.9250000e+02;2.8223151e-01;2.9250000e+02;2.8080511e-01;2.9250000e+02;2.5356045e-01;2.9250000e+02;2.1671550e-01;2.9250000e+02;1.7411107e-01;2.9250000e+02;1.2663285e-01;2.9250000e+02;8.3971873e-02;2.9250000e+02;4.5440145e-02;2.9250000e+02;2.9781191e-03;2.9250000e+02;1.5125913e-02;2.9250000e+02;3.4341812e-02;2.9250000e+02;5.7420488e-02;2.9250000e+02;8.3538279e-02;2.9250000e+02;1.1312523e-01;2.9250000e+02;1.4486830e-01;2.9250000e+02;1.7973278e-01;2.9250000e+02;2.1837676e-01;2.9250000e+02;2.5792077e-01;2.9250000e+02;2.8223151e-01;2.9250000e+02;2.8080511e-01;2.9250000e+02;2.5356045e-01;2.9250000e+02;2.1671550e-01;2.9250000e+02;1.7411107e-01;2.9250000e+02;1.2663285e-01;2.9250000e+02;8.3971873e-02;2.9250000e+02;4.5440145e-02;2.9250000e+02;2.9781191e-03;2.9250000e+02;1.5125913e-02;2.9250000e+02;3.4341812e-02;2.9250000e+02;5.7420488e-02;2.9250000e+02;8.3538279e-02;2.9250000e+02;1.1312523e-01;2.9250000e+02;1.4486830e-01;2.9250000e+02;1.7973278e-01;2.9250000e+02;2.1837676e-01;2.9250000e+02;2.5792077e-01;2.9250000e+02;2.8223151e-01;2.9250000e+02;2.8080511e-01;2.9250000e+02;2.5356045e-01;2.9250000e+02;2.1671550e-01;2.9250000e+02;1.7411107e-01;2.9250000e+02;1.2663285e-01;2.9250000e+02;8.3971873e-02;2.9250000e+02;4.5440145e-02;2.9250000e+02;2.9781191e-03;2.9250000e+02;1.5125913e-02;2.9250000e+02;3.4341812e-02;2.9250000e+02;5.7420488e-02;2.9250000e+02;8.3538279e-02;2.9250000e+02;1.1312523e-01;2.9250000e+02;1.4486830e-01;2.9250000e+02;1.7973278e-01;2.9250000e+02;2.1837676e-01;2.9250000e+02;2.5792077e-01;2.9250000e+02;2.8223151e-01;2.9250000e+02;2.8080511e-01;2.9250000e+02;2.5356045e-01;2.9250000e+02;2.1671550e-01;2.9250000e+02;1.7411107e-01;2.9250000e+02;1.2663285e-01;2.9250000e+02;8.3971873e-02;2.9250000e+02;4.5440145e-02;2.9250000e+02;2.9781191e-03;2.9250000e+02;1.5125913e-02;2.9250000e+02;3.4341812e-02;2.9250000e+02;5.7420488e-02;2.9250000e+02;8.3538279e-02;2.9250000e+02;1.1312523e-01;2.9250000e+02;1.4486830e-01;2.9250000e+02;1.7973278e-01;2.9250000e+02;2.1837676e-01;2.9250000e+02;2.5792077e-01;2.9250000e+02;2.8223151e-01;2.9250000e+02;2.8080511e-01;2.9250000e+02;2.5356045e-01;2.9250000e+02;2.1671550e-01;2.9250000e+02;1.7411107e-01;2.9250000e+02;1.2663285e-01;2.9250000e+02;8.3971873e-02;2.9250000e+02;4.5440145e-02;2.9250000e+02;2.9781191e-03;2.9250000e+02;1.5125913e-02;2.9250000e+02;3.4341812e-02;2.9250000e+02;5.7420488e-02;2.9250000e+02;8.3538279e-02;2.9250000e+02;1.1312523e-01;2.9250000e+02;1.4486830e-01;2.9250000e+02;1.7973278e-01;2.9250000e+02;2.1837676e-01;2.9250000e+02;2.5792077e-01;2.9250000e+02;2.8223151e-01;2.9250000e+02;2.8080511e-01;2.9250000e+02;2.5356045e-01;2.9250000e+02;2.1671550e-01;2.9250000e+02;1.7411107e-01;2.9250000e+02;1.2663285e-01;2.9250000e+02;8.3971873e-02;2.9250000e+02;4.5440145e-02;2.9250000e+02;2.9781191e-03;2.9250000e+02;1.5125913e-02;2.9250000e+02;3.4341812e-02;2.9250000e+02;5.7420488e-02;2.9250000e+02;8.3538279e-02;2.9250000e+02;1.1312523e-01;2.9250000e+02;1.4486830e-01;2.9250000e+02;1.7973278e-01;2.9250000e+02;2.1837676e-01;2.9250000e+02;2.5792077e-01;2.9250000e+02;2.8223151e-01;2.9250000e+02;2.8080511e-01;2.9250000e+02;2.5356045e-01;2.9250000e+02;2.1671550e-01;2.9250000e+02;1.7411107e-01;2.9250000e+02;1.2663285e-01;2.9250000e+02;8.3971873e-02;2.9250000e+02;4.5440145e-02;2.9250000e+02;2.9781191e-03;2.9250000e+02;1.5125913e-02;2.9250000e+02;3.4341812e-02;2.9250000e+02;5.7420488e-02;2.9250000e+02;8.3538279e-02;2.9250000e+02;1.1312523e-01;2.9250000e+02;1.4486830e-01;2.9250000e+02;1.7973278e-01;2.9250000e+02;2.1837676e-01;2.9250000e+02;2.5792077e-01;2.9250000e+02;2.8223151e-01;2.9250000e+02;2.8080511e-01;2.9250000e+02;2.5356045e-01;2.9250000e+02;2.1671550e-01;2.9250000e+02;1.7411107e-01;2.9250000e+02;1.2663285e-01;2.9250000e+02;8.3971873e-02;2.9250000e+02;4.5440145e-02;2.9250000e+02;2.9781191e-03;2.9250000e+02;1.5125913e-02;2.9250000e+02;3.4341812e-02;2.9250000e+02;5.7420488e-02;2.9250000e+02;8.3538279e-02;2.9250000e+02;1.1312523e-01;2.9250000e+02;1.4486830e-01;2.9250000e+02;1.7973278e-01;2.9250000e+02;2.1837676e-01;2.9250000e+02;2.5792077e-01;2.9250000e+02;2.8223151e-01;2.9250000e+02;2.8080511e-01;2.9250000e+02;2.5356045e-01;2.9250000e+02;2.1671550e-01;2.9250000e+02;1.7411107e-01;2.9250000e+02;1.2663285e-01;2.9250000e+02;8.3971873e-02;2.9250000e+02;4.5440145e-02;2.9250000e+02;2.9781191e-03;2.9250000e+02;1.5125913e-02;2.9250000e+02;3.4341812e-02;2.9250000e+02;5.7420488e-02;2.9250000e+02;8.3538279e-02;2.9250000e+02;1.1312523e-01;2.9250000e+02;1.4486830e-01;2.9250000e+02;1.7973278e-01;2.9250000e+02;2.1837676e-01;2.9250000e+02;2.5792077e-01;2.9250000e+02;2.8223151e-01;2.9250000e+02;2.8080511e-01;2.9250000e+02;2.5356045e-01;2.9250000e+02;2.1671550e-01;2.9250000e+02;1.7411107e-01;2.9250000e+02;1.2663285e-01;2.9250000e+02;8.3971873e-02;2.9250000e+02;4.5440145e-02;2.9250000e+02;2.9781191e-03;2.9250000e+02;1.5125913e-02;2.9250000e+02;3.4341812e-02;2.9250000e+02;5.7420488e-02;2.9250000e+02;8.3538279e-02;2.9250000e+02;1.1312523e-01;2.9250000e+02;1.4486830e-01;2.9250000e+02;1.7973278e-01;2.9250000e+02;2.1837676e-01;2.9250000e+02;2.5792077e-01;2.9250000e+02;2.8223151e-01;2.9250000e+02;2.8080511e-01;2.9250000e+02;2.5356045e-01;2.9250000e+02;2.1671550e-01;2.9250000e+02;1.7411107e-01;2.9250000e+02;1.2663285e-01;2.9250000e+02;8.3971873e-02;2.9250000e+02;4.5440145e-02;2.9250000e+02;2.9781191e-03;2.9250000e+02;1.5125913e-02;2.9250000e+02;3.4341812e-02;2.9250000e+02;5.7420488e-02;2.9250000e+02;8.3538279e-02;2.9250000e+02;1.1312523e-01;2.9250000e+02;1.4486830e-01;2.9250000e+02;1.7973278e-01;2.9250000e+02;2.1837676e-01;2.9250000e+02;2.5792077e-01;2.9250000e+02;2.8223151e-01;2.9250000e+02;2.8080511e-01;2.9250000e+02;2.5356045e-01;2.9250000e+02;2.1671550e-01;2.9250000e+02;1.7411107e-01;2.9250000e+02;1.2663285e-01;2.9250000e+02;8.3971873e-02;2.9250000e+02;4.5440145e-02;2.9250000e+02;2.9781191e-03;2.9250000e+02;1.5125913e-02;2.9250000e+02;3.4341812e-02;2.9250000e+02;5.7420488e-02;2.9250000e+02;8.3538279e-02;2.9250000e+02;1.1312523e-01;2.9250000e+02;1.4486830e-01;2.9250000e+02;1.7973278e-01;2.9250000e+02;2.1837676e-01;2.9250000e+02;2.5792077e-01;2.9250000e+02;2.8223151e-01;2.9250000e+02;2.8080511e-01;2.9250000e+02;2.5356045e-01;2.9250000e+02;2.1671550e-01;2.9250000e+02;1.7411107e-01;2.9250000e+02;1.2663285e-01;2.9250000e+02;8.3971873e-02;2.9250000e+02;4.5440145e-02;2.9250000e+02;2.9781191e-03;2.9250000e+02;1.5125913e-02;2.9250000e+02;3.4341812e-02;2.9250000e+02;5.7420488e-02;2.9250000e+02;8.3538279e-02;2.9250000e+02;1.1312523e-01;2.9250000e+02;1.4486830e-01;2.9250000e+02;1.7973278e-01;2.9250000e+02;2.1837676e-01;2.9250000e+02;2.5792077e-01;2.9250000e+02;2.8223151e-01;2.9250000e+02;2.8080511e-01;2.9250000e+02;2.5356045e-01;2.9250000e+02;2.1671550e-01;2.9250000e+02;1.7411107e-01;2.9250000e+02;1.2663285e-01;2.9250000e+02;8.3971873e-02;2.9250000e+02;4.5440145e-02;2.9250000e+02;2.9781191e-03;2.9250000e+02;1.5125913e-02;2.9250000e+02;3.4341812e-02;2.9250000e+02;5.7420488e-02;2.9250000e+02;8.3538279e-02;2.9250000e+02;1.1312523e-01;2.9250000e+02;1.4486830e-01;2.9250000e+02;1.7973278e-01;2.9250000e+02;2.1837676e-01;2.9250000e+02;2.5792077e-01;2.9250000e+02;2.8223151e-01;2.9250000e+02;2.8080511e-01;2.9250000e+02;2.5356045e-01;2.9250000e+02;2.1671550e-01;2.9250000e+02;1.7411107e-01;2.9250000e+02;1.2663285e-01;2.9250000e+02;8.3971873e-02;2.9250000e+02;4.5440145e-02;2.9250000e+02;2.9781191e-03;2.9250000e+02;1.5125913e-02;2.9250000e+02;3.4341812e-02;2.9250000e+02;5.7420488e-02;2.9250000e+02;8.3538279e-02;2.9250000e+02;1.1312523e-01;2.9250000e+02;1.4486830e-01;2.9250000e+02;1.7973278e-01;2.9250000e+02;2.1837676e-01;2.9250000e+02;2.5792077e-01;2.9250000e+02;2.8223151e-01;2.9250000e+02;2.8080511e-01;2.9250000e+02;2.5356045e-01;2.9250000e+02;2.1671550e-01;2.9250000e+02;1.7411107e-01;2.9250000e+02;1.2663285e-01;2.9250000e+02;8.3971873e-02;2.9250000e+02;4.5440145e-02;2.9250000e+02;2.9781191e-03;2.9250000e+02;1.5125913e-02;2.9250000e+02;3.4341812e-02;2.9250000e+02;5.7420488e-02;2.9250000e+02;8.3538279e-02;2.9250000e+02;1.1312523e-01;2.9250000e+02;1.4486830e-01;2.9250000e+02;1.7973278e-01;2.9250000e+02;2.1837676e-01;2.9250000e+02;2.5792077e-01;2.9250000e+02;2.8223151e-01;2.9250000e+02;2.8080511e-01;2.9250000e+02;2.5356045e-01;2.9250000e+02;2.1671550e-01;2.9250000e+02;1.7411107e-01;2.9250000e+02;1.2663285e-01;2.9250000e+02;8.3971873e-02;2.9250000e+02;4.5440145e-02;2.9250000e+02;2.9781191e-03;2.9250000e+02;1.5125913e-02;2.9250000e+02;3.4341812e-02;2.9250000e+02;5.7420488e-02;2.9250000e+02;8.3538279e-02;2.9250000e+02;1.1312523e-01;2.9250000e+02;1.4486830e-01;2.9250000e+02;1.7973278e-01;2.9250000e+02;2.1837676e-01;2.9250000e+02;2.5792077e-01;2.9250000e+02;2.8223151e-01;2.9250000e+02;2.8080511e-01;2.9250000e+02;2.5356045e-01;2.9250000e+02;2.1671550e-01;2.9250000e+02;1.7411107e-01;2.9250000e+02;1.2663285e-01;2.9250000e+02;8.3971873e-02;2.9250000e+02;4.5440145e-02;2.9250000e+02;2.9781191e-03;2.9250000e+02;1.5125913e-02;2.9250000e+02;3.4341812e-02;2.9250000e+02;5.7420488e-02;2.9250000e+02;8.3538279e-02;2.9250000e+02;1.1312523e-01;2.9250000e+02;1.4486830e-01;2.9250000e+02;1.7973278e-01;2.9250000e+02;2.1837676e-01;2.9250000e+02;2.5792077e-01;2.9250000e+02;2.8223151e-01;2.9250000e+02;2.8080511e-01;2.9250000e+02;2.5356045e-01;2.9250000e+02;2.1671550e-01;2.9250000e+02;1.7411107e-01;2.9250000e+02;1.2663285e-01;2.9250000e+02;8.3971873e-02;2.9250000e+02;4.5440145e-02;2.9250000e+02;2.9781191e-03;2.9250000e+02;1.5125913e-02;2.9250000e+02;3.4341812e-02;2.9250000e+02;5.7420488e-02;2.9250000e+02;8.3538279e-02;2.9250000e+02;1.1312523e-01;2.9250000e+02;1.4486830e-01;2.9250000e+02;1.7973278e-01;2.9250000e+02;2.1837676e-01;2.9250000e+02;2.5792077e-01;2.9250000e+02;2.8223151e-01;2.9250000e+02;2.8080511e-01;2.9250000e+02;2.5356045e-01;2.9250000e+02;2.1671550e-01;2.9250000e+02;1.7411107e-01;2.9250000e+02;1.2663285e-01;2.9250000e+02;8.3971873e-02;2.9250000e+02;4.5440145e-02;2.9250000e+02;2.9781191e-03;2.9250000e+02;1.5125913e-02;2.9250000e+02;3.4341812e-02;2.9250000e+02;5.7420488e-02;2.9250000e+02;8.3538279e-02;2.9250000e+02;1.1312523e-01;2.9250000e+02;1.4486830e-01;2.9250000e+02;1.7973278e-01;2.9250000e+02;2.1837676e-01;2.9250000e+02;2.5792077e-01;2.9250000e+02;2.8223151e-01;2.9250000e+02;2.8080511e-01;2.9250000e+02;2.5356045e-01;2.9250000e+02;2.1671550e-01;2.9250000e+02;1.7411107e-01;2.9250000e+02;1.2663285e-01;2.9250000e+02;8.3971873e-02;2.9250000e+02;4.5440145e-02;2.9250000e+02;2.9781191e-03;2.9250000e+02;1.5125913e-02;2.9250000e+02;3.4341812e-02;2.9250000e+02;5.7420488e-02;2.9250000e+02;8.3538279e-02;2.9250000e+02;1.1312523e-01;2.9250000e+02;1.4486830e-01;2.9250000e+02;1.7973278e-01;2.9250000e+02;2.1837676e-01;2.9250000e+02;2.5792077e-01;2.9250000e+02;2.8223151e-01;2.9250000e+02;2.8080511e-01;2.9250000e+02;2.5356045e-01;2.9250000e+02;2.1671550e-01;2.9250000e+02;1.7411107e-01;2.9250000e+02;1.2663285e-01;2.9250000e+02;8.3971873e-02;2.9250000e+02;4.5440145e-02;2.9250000e+02;2.9781191e-03;2.9250000e+02;1.5125913e-02;2.9250000e+02;3.4341812e-02;2.9250000e+02;5.7420488e-02;2.9250000e+02;8.3538279e-02;2.9250000e+02;1.1312523e-01;2.9250000e+02;1.4486830e-01;2.9250000e+02;1.7973278e-01;2.9250000e+02;2.1837676e-01;2.9250000e+02;2.5792077e-01;2.9250000e+02;2.8223151e-01;2.9250000e+02;2.8080511e-01;2.9250000e+02;2.5356045e-01;2.9250000e+02;2.1671550e-01;2.9250000e+02;1.7411107e-01;2.9250000e+02;1.2663285e-01;2.9250000e+02;8.3971873e-02;2.9250000e+02;4.5440145e-02;2.9250000e+02;2.9781191e-03;2.9250000e+02;1.5125913e-02;2.9250000e+02;3.4341812e-02;2.9250000e+02;5.7420488e-02;2.9250000e+02;8.3538279e-02;2.9250000e+02;1.1312523e-01;2.9250000e+02;1.4486830e-01;2.9250000e+02;1.7973278e-01;2.9250000e+02;2.1837676e-01;2.9250000e+02;2.5792077e-01;2.9250000e+02;2.8223151e-01;2.9250000e+02;2.8080511e-01;2.9250000e+02;2.5356045e-01;2.9250000e+02;2.1671550e-01;2.9250000e+02;1.7411107e-01;2.9250000e+02;1.2663285e-01;2.9250000e+02;8.3971873e-02;2.9250000e+02;4.5440145e-02;2.9250000e+02;2.9781191e-03;2.9250000e+02;1.5125913e-02;2.9250000e+02;3.4341812e-02;2.9250000e+02;5.7420488e-02;2.9250000e+02;8.3538279e-02;2.9250000e+02;1.1312523e-01;2.9250000e+02;1.4486830e-01;2.9250000e+02;1.7973278e-01;2.9250000e+02;2.1837676e-01;2.9250000e+02;2.5792077e-01;2.9250000e+02;2.8223151e-01;2.9250000e+02;2.8080511e-01;2.9250000e+02;2.5356045e-01;2.9250000e+02;2.1671550e-01;2.9250000e+02;1.7411107e-01;2.9250000e+02;1.2663285e-01;2.9250000e+02;8.3971873e-02;2.9250000e+02;4.5440145e-02;2.9250000e+02;2.9781191e-03;2.9250000e+02;1.5125913e-02;2.9250000e+02;3.4341812e-02;2.9250000e+02;5.7420488e-02;2.9250000e+02;8.3538279e-02;2.9250000e+02;1.1312523e-01;2.9250000e+02;1.4486830e-01;2.9250000e+02;1.7973278e-01;2.9250000e+02;2.1837676e-01;2.9250000e+02;2.5792077e-01;2.9250000e+02;2.8223151e-01;2.9250000e+02;2.8080511e-01;2.9250000e+02;2.5356045e-01;2.9250000e+02;2.1671550e-01;2.9250000e+02;1.7411107e-01;2.9250000e+02;1.2663285e-01;2.9250000e+02;8.3971873e-02;2.9250000e+02;4.5440145e-02;2.9250000e+02;2.9781191e-03;2.9250000e+02;1.5125913e-02;2.9250000e+02;3.4341812e-02;2.9250000e+02;5.7420488e-02;2.9250000e+02;8.3538279e-02;2.9250000e+02;1.1312523e-01;2.9250000e+02;1.4486830e-01;2.9250000e+02;1.7973278e-01;2.9250000e+02;2.1837676e-01;2.9250000e+02;2.5792077e-01;2.9250000e+02;2.8223151e-01;2.9250000e+02;2.8080511e-01;2.9250000e+02;2.5356045e-01;2.9250000e+02;2.1671550e-01;2.9250000e+02;1.7411107e-01;2.9250000e+02;1.2663285e-01;2.9250000e+02;8.3971873e-02;2.9250000e+02;4.5440145e-02;2.9250000e+02;2.9781191e-03;2.9250000e+02;1.5125913e-02;2.9250000e+02;3.4341812e-02;2.9250000e+02;5.7420488e-02;2.9250000e+02;8.3538279e-02;2.9250000e+02;1.1312523e-01;2.9250000e+02;1.4486830e-01;2.9250000e+02;1.7973278e-01;2.9250000e+02;2.1837676e-01;2.9250000e+02;2.5792077e-01;2.9250000e+02;2.8223151e-01;2.9250000e+02;2.8080511e-01;2.9250000e+02;2.5356045e-01;2.9250000e+02;2.1671550e-01;2.9250000e+02;1.7411107e-01;2.9250000e+02;1.2663285e-01;2.9250000e+02;8.3971873e-02;2.9250000e+02;4.5440145e-02;2.9250000e+02;2.9781191e-03;2.9250000e+02;1.5125913e-02;2.9250000e+02;3.4341812e-02;2.9250000e+02;5.7420488e-02;2.9250000e+02;8.3538279e-02;2.9250000e+02;1.1312523e-01;2.9250000e+02;1.4486830e-01;2.9250000e+02;1.7973278e-01;2.9250000e+02;2.1837676e-01;2.9250000e+02;2.5792077e-01;2.9250000e+02;2.8223151e-01;2.9250000e+02;2.8080511e-01;2.9250000e+02;2.5356045e-01;2.9250000e+02;2.1671550e-01;2.9250000e+02;1.7411107e-01;2.9250000e+02;1.2663285e-01;2.9250000e+02;8.3971873e-02;2.9250000e+02;4.5440145e-02;2.9250000e+02;2.9781191e-03;2.9250000e+02;1.5125913e-02;2.9250000e+02;3.4341812e-02;2.9250000e+02;5.7420488e-02;2.9250000e+02;8.3538279e-02;2.9250000e+02;1.1312523e-01;2.9250000e+02;1.4486830e-01;2.9250000e+02;1.7973278e-01;2.9250000e+02;2.1837676e-01;2.9250000e+02;2.5792077e-01;2.9250000e+02;2.8223151e-01;2.9250000e+02;2.8080511e-01;2.9250000e+02;2.5356045e-01;2.9250000e+02;2.1671550e-01;2.9250000e+02;1.7411107e-01;2.9250000e+02;1.2663285e-01;2.9250000e+02;8.3971873e-02;2.9250000e+02;4.5440145e-02;2.9250000e+02;2.9781191e-03;2.9250000e+02;1.5125913e-02;2.9250000e+02;3.4341812e-02;2.9250000e+02;5.7420488e-02;2.9250000e+02;8.3538279e-02;2.9250000e+02;1.1312523e-01;2.9250000e+02;1.4486830e-01;2.9250000e+02;1.7973278e-01;2.9250000e+02;2.1837676e-01;2.9250000e+02;2.5792077e-01;2.9250000e+02;2.8223151e-01;2.9250000e+02;2.8080511e-01;2.9250000e+02;2.5356045e-01;2.9250000e+02;2.1671550e-01;2.9250000e+02;1.7411107e-01;2.9250000e+02;1.2663285e-01;2.9250000e+02;8.3971873e-02;2.9250000e+02;4.5440145e-02;2.9250000e+02;2.9781191e-03;2.9250000e+02;1.5125913e-02;2.9250000e+02;3.4341812e-02;2.9250000e+02;5.7420488e-02;2.9250000e+02;8.3538279e-02;2.9250000e+02;1.1312523e-01;2.9250000e+02;1.4486830e-01;2.9250000e+02;1.7973278e-01;2.9250000e+02;2.1837676e-01;2.9250000e+02;2.5792077e-01;2.9250000e+02;2.8223151e-01;2.9250000e+02;2.8080511e-01;2.9250000e+02;2.5356045e-01;2.9250000e+02;2.1671550e-01;2.9250000e+02;1.7411107e-01;2.9250000e+02;1.2663285e-01;2.9250000e+02;8.3971873e-02;2.9250000e+02;4.5440145e-02;2.9250000e+02;2.9781191e-03;2.9250000e+02;1.5125913e-02;2.9250000e+02;3.4341812e-02;2.9250000e+02;5.7420488e-02;2.9250000e+02;8.3538279e-02;2.9250000e+02;1.1312523e-01;2.9250000e+02;1.4486830e-01;2.9250000e+02;1.7973278e-01;2.9250000e+02;2.1837676e-01;2.9250000e+02;2.5792077e-01;2.9250000e+02;2.8223151e-01;2.9250000e+02;2.8080511e-01;2.9250000e+02;2.5356045e-01;2.9250000e+02;2.1671550e-01;2.9250000e+02;1.7411107e-01;2.9250000e+02;1.2663285e-01;2.9250000e+02;8.3971873e-02;2.9250000e+02;4.5440145e-02;2.9250000e+02;2.9781191e-03;2.9250000e+02;1.5125913e-02;2.9250000e+02;3.4341812e-02;2.9250000e+02;5.7420488e-02;2.9250000e+02;8.3538279e-02;2.9250000e+02;1.1312523e-01;2.9250000e+02;1.4486830e-01;2.9250000e+02;1.7973278e-01;2.9250000e+02;2.1837676e-01;2.9250000e+02;2.5792077e-01;2.9250000e+02;2.8223151e-01;2.9250000e+02;2.8080511e-01;2.9250000e+02;2.5356045e-01;2.9250000e+02;2.1671550e-01;2.9250000e+02;1.7411107e-01;2.9250000e+02;1.2663285e-01;2.9250000e+02;8.3971873e-02;2.9250000e+02;4.5440145e-02;2.9250000e+02;2.9781191e-03;2.9250000e+02;1.5125913e-02;2.9250000e+02;3.4341812e-02;2.9250000e+02;5.7420488e-02;2.9250000e+02;8.3538279e-02;2.9250000e+02;1.1312523e-01;2.9250000e+02;1.4486830e-01;2.9250000e+02;1.7973278e-01;2.9250000e+02;2.1837676e-01;2.9250000e+02;2.5792077e-01;2.9250000e+02;2.8223151e-01;2.9250000e+02;2.8080511e-01;2.9250000e+02;2.5356045e-01;2.9250000e+02;2.1671550e-01;2.9250000e+02;1.7411107e-01;2.9250000e+02;1.2663285e-01;2.9250000e+02;8.3971873e-02;2.9250000e+02;4.5440145e-02;2.9250000e+02;2.9781191e-03;2.9250000e+02;1.5125913e-02;2.9250000e+02;3.4341812e-02;2.9250000e+02;5.7420488e-02;2.9250000e+02;8.3538279e-02;2.9250000e+02;1.1312523e-01;2.9250000e+02;1.4486830e-01;2.9250000e+02;1.7973278e-01;2.9250000e+02;2.1837676e-01;2.9250000e+02;2.5792077e-01;2.9250000e+02;2.8223151e-01;2.9250000e+02;2.8080511e-01;2.9250000e+02;2.5356045e-01;2.9250000e+02;2.1671550e-01;2.9250000e+02;1.7411107e-01;2.9250000e+02;1.2663285e-01;2.9250000e+02;8.3971873e-02;2.9250000e+02;4.5440145e-02;2.9250000e+02;2.9781191e-03;2.9250000e+02;1.5125913e-02;2.9250000e+02;3.4341812e-02;2.9250000e+02;5.7420488e-02;2.9250000e+02;8.3538279e-02;2.9250000e+02;1.1312523e-01;2.9250000e+02;1.4486830e-01;2.9250000e+02;1.7973278e-01;2.9250000e+02;2.1837676e-01;2.9250000e+02;2.5792077e-01;2.9250000e+02;2.8223151e-01;2.9250000e+02;2.8080511e-01;2.9250000e+02;2.5356045e-01;2.9250000e+02;2.1671550e-01;2.9250000e+02;1.7411107e-01;2.9250000e+02;1.2663285e-01;2.9250000e+02;8.3971873e-02;2.9250000e+02;4.5440145e-02;2.9250000e+02;2.9781191e-03;2.9250000e+02;1.5125913e-02;2.9250000e+02;3.4341812e-02;2.9250000e+02;5.7420488e-02;2.9250000e+02;8.3538279e-02;2.9250000e+02;1.1312523e-01;2.9250000e+02;1.4486830e-01;2.9250000e+02;1.7973278e-01;2.9250000e+02;2.1837676e-01;2.9250000e+02;2.5792077e-01;2.9250000e+02;2.8223151e-01;2.9250000e+02;2.8080511e-01;2.9250000e+02;2.5356045e-01;2.9250000e+02;2.1671550e-01;2.9250000e+02;1.7411107e-01;2.9250000e+02;1.2663285e-01;2.9250000e+02;8.3971873e-02;2.9250000e+02;4.5440145e-02;2.9250000e+02;2.9781191e-03;2.9250000e+02;1.5125913e-02;2.9250000e+02;3.4341812e-02;2.9250000e+02;5.7420488e-02;2.9250000e+02;8.3538279e-02;2.9250000e+02;1.1312523e-01;2.9250000e+02;1.4486830e-01;2.9250000e+02;1.7973278e-01;2.9250000e+02;2.1837676e-01;2.9250000e+02;2.5792077e-01;2.9250000e+02;2.8223151e-01;2.9250000e+02;2.8080511e-01;2.9250000e+02;2.5356045e-01;2.9250000e+02;2.1671550e-01;2.9250000e+02;1.7411107e-01;2.9250000e+02;1.2663285e-01;2.9250000e+02;8.3971873e-02;2.9250000e+02;4.5440145e-02;2.9250000e+02;2.9781191e-03;2.9250000e+02;1.5125913e-02;2.9250000e+02;3.4341812e-02;2.9250000e+02;5.7420488e-02;2.9250000e+02;8.3538279e-02;2.9250000e+02;1.1312523e-01;2.9250000e+02;1.4486830e-01;2.9250000e+02;1.7973278e-01;2.9250000e+02;2.1837676e-01;2.9250000e+02;2.5792077e-01;2.9250000e+02;2.8223151e-01;2.9250000e+02;2.8080511e-01;2.9250000e+02;2.5356045e-01;2.9250000e+02;2.1671550e-01;2.9250000e+02;1.7411107e-01;2.9250000e+02;1.2663285e-01;2.9250000e+02;8.3971873e-02;2.9250000e+02;4.5440145e-02;2.9250000e+02;2.9781191e-03;2.9250000e+02;1.5125913e-02;2.9250000e+02;3.4341812e-02;2.9250000e+02;5.7420488e-02;2.9250000e+02;8.3538279e-02;2.9250000e+02;1.1312523e-01;2.9250000e+02;1.4486830e-01;2.9250000e+02;1.7973278e-01;2.9250000e+02;2.1837676e-01;2.9250000e+02;2.5792077e-01;2.9250000e+02;2.8223151e-01;2.9250000e+02;2.8080511e-01;2.9250000e+02;2.5356045e-01;2.9250000e+02;2.1671550e-01;2.9250000e+02;1.7411107e-01;2.9250000e+02;1.2663285e-01;2.9250000e+02;8.3971873e-02;2.9250000e+02;4.5440145e-02;2.9250000e+02;2.9781191e-03;2.9250000e+02;1.5125913e-02;2.9250000e+02;3.4341812e-02;2.9250000e+02;5.7420488e-02;2.9250000e+02;8.3538279e-02;2.9250000e+02;1.1312523e-01;2.9250000e+02;1.4486830e-01;2.9250000e+02;1.7973278e-01;2.9250000e+02;2.1837676e-01;2.9250000e+02;2.5792077e-01;2.9250000e+02;2.8223151e-01;2.9250000e+02;2.8080511e-01;2.9250000e+02;2.5356045e-01;2.9250000e+02;2.1671550e-01;2.9250000e+02;1.7411107e-01;2.9250000e+02;1.2663285e-01;2.9250000e+02;8.3971873e-02;2.9250000e+02;4.5440145e-02;2.9250000e+02;2.9781191e-03;2.9250000e+02;1.5125913e-02;2.9250000e+02;3.4341812e-02;2.9250000e+02;5.7420488e-02;2.9250000e+02;8.3538279e-02;2.9250000e+02;1.1312523e-01;2.9250000e+02;1.4486830e-01;2.9250000e+02;1.7973278e-01;2.9250000e+02;2.1837676e-01;2.9250000e+02;2.5792077e-01;2.9250000e+02;2.8223151e-01;2.9250000e+02;2.8080511e-01;2.9250000e+02;2.5356045e-01;2.9250000e+02;2.1671550e-01;2.9250000e+02;1.7411107e-01;2.9250000e+02;1.2663285e-01;2.9250000e+02;8.3971873e-02;2.9250000e+02;4.5440145e-02;2.9250000e+02;2.9781191e-03;2.9250000e+02;1.5125913e-02;2.9250000e+02;3.4341812e-02;2.9250000e+02;5.7420488e-02;2.9250000e+02;8.3538279e-02;2.9250000e+02;1.1312523e-01;2.9250000e+02;1.4486830e-01;2.9250000e+02;1.7973278e-01;2.9250000e+02;2.1837676e-01;2.9250000e+02;2.5792077e-01;2.9250000e+02;2.8223151e-01;2.9250000e+02;2.8080511e-01;2.9250000e+02;2.5356045e-01;2.9250000e+02;2.1671550e-01;2.9250000e+02;1.7411107e-01;2.9250000e+02;1.2663285e-01;2.9250000e+02;8.3971873e-02;2.9250000e+02;4.5440145e-02;2.9250000e+02;2.9781191e-03;2.9250000e+02;1.5125913e-02;2.9250000e+02;3.4341812e-02;2.9250000e+02;5.7420488e-02;2.9250000e+02;8.3538279e-02;2.9250000e+02;1.1312523e-01;2.9250000e+02;1.4486830e-01;2.9250000e+02;1.7973278e-01;2.9250000e+02;2.1837676e-01;2.9250000e+02;2.5792077e-01;2.9250000e+02;2.8223151e-01;2.9250000e+02;2.8080511e-01;2.9250000e+02;2.5356045e-01;2.9250000e+02;2.1671550e-01;2.9250000e+02;1.7411107e-01;2.9250000e+02;1.2663285e-01;2.9250000e+02;8.3971873e-02;2.9250000e+02;4.5440145e-02;2.9250000e+02;2.9781191e-03;2.9250000e+02;1.5125913e-02;2.9250000e+02;3.4341812e-02;2.9250000e+02;5.7420488e-02;2.9250000e+02;8.3538279e-02;2.9250000e+02;1.1312523e-01;2.9250000e+02;1.4486830e-01;2.9250000e+02;1.7973278e-01;2.9250000e+02;2.1837676e-01;2.9250000e+02;2.5792077e-01;2.9250000e+02;2.8223151e-01;2.9250000e+02;2.8080511e-01;2.9250000e+02;2.5356045e-01;2.9250000e+02;2.1671550e-01;2.9250000e+02;1.7411107e-01;2.9250000e+02;1.2663285e-01;2.9250000e+02;8.3971873e-02;2.9250000e+02;4.5440145e-02;2.9250000e+02;2.9781191e-03;2.9250000e+02;1.5125913e-02;2.9250000e+02;3.4341812e-02;2.9250000e+02;5.7420488e-02;2.9250000e+02;8.3538279e-02;2.9250000e+02;1.1312523e-01;2.9250000e+02;1.4486830e-01;2.9250000e+02;1.7973278e-01;2.9250000e+02;2.1837676e-01;2.9250000e+02;2.5792077e-01;2.9250000e+02;2.8223151e-01;2.9250000e+02;2.8080511e-01;2.9250000e+02;2.5356045e-01;2.9250000e+02;2.1671550e-01;2.9250000e+02;1.7411107e-01;2.9250000e+02;1.2663285e-01;2.9250000e+02;8.3971873e-02;2.9250000e+02;4.5440145e-02;2.9250000e+02;2.9781191e-03;2.9250000e+02;1.5125913e-02;2.9250000e+02;3.4341812e-02;2.9250000e+02;5.7420488e-02;2.9250000e+02;8.3538279e-02;2.9250000e+02;1.1312523e-01;2.9250000e+02;1.4486830e-01;2.9250000e+02;1.7973278e-01;2.9250000e+02;2.1837676e-01;2.9250000e+02;2.5792077e-01;2.9250000e+02;2.8223151e-01;2.9250000e+02;2.8080511e-01;2.9250000e+02;2.5356045e-01;2.9250000e+02;2.1671550e-01;2.9250000e+02;1.7411107e-01;2.9250000e+02;1.2663285e-01;2.9250000e+02;8.3971873e-02;2.9250000e+02;4.5440145e-02;2.9250000e+02;2.9781191e-03;2.9250000e+02;1.5125913e-02;2.9250000e+02;3.4341812e-02;2.9250000e+02;5.7420488e-02;2.9250000e+02;8.3538279e-02;2.9250000e+02;1.1312523e-01;2.9250000e+02;1.4486830e-01;2.9250000e+02;1.7973278e-01;2.9250000e+02;2.1837676e-01;2.9250000e+02;2.5792077e-01;2.9250000e+02;2.8223151e-01;2.9250000e+02;2.8080511e-01;2.9250000e+02;2.5356045e-01;2.9250000e+02;2.1671550e-01;2.9250000e+02;1.7411107e-01;2.9250000e+02;1.2663285e-01;2.9250000e+02;8.3971873e-02;2.9250000e+02;4.5440145e-02;2.9250000e+02;2.9781191e-03;2.9250000e+02;1.5125913e-02;2.9250000e+02;3.4341812e-02;2.9250000e+02;5.7420488e-02;2.9250000e+02;8.3538279e-02;2.9250000e+02;1.1312523e-01;2.9250000e+02;1.4486830e-01;2.9250000e+02;1.7973278e-01;2.9250000e+02;2.1837676e-01;2.9250000e+02;2.5792077e-01;2.9250000e+02;2.8223151e-01;2.9250000e+02;2.8080511e-01;2.9250000e+02;2.5356045e-01;2.9250000e+02;2.1671550e-01;2.9250000e+02;1.7411107e-01;2.9250000e+02;1.2663285e-01;2.9250000e+02;8.3971873e-02;2.9250000e+02;4.5440145e-02;2.9250000e+02;2.9781191e-03;2.9250000e+02;1.5125913e-02;2.9250000e+02;3.4341812e-02;2.9250000e+02;5.7420488e-02;2.9250000e+02;8.3538279e-02;2.9250000e+02;1.1312523e-01;2.9250000e+02;1.4486830e-01;2.9250000e+02;1.7973278e-01;2.9250000e+02;2.1837676e-01;2.9250000e+02;2.5792077e-01;2.9250000e+02;2.8223151e-01;2.9250000e+02;2.8080511e-01;2.9250000e+02;2.5356045e-01;2.9250000e+02;2.1671550e-01;2.9250000e+02;1.7411107e-01;2.9250000e+02;1.2663285e-01;2.9250000e+02;8.3971873e-02;2.9250000e+02;4.5440145e-02;2.9250000e+02;2.9781191e-03;2.9250000e+02;1.5125913e-02;2.9250000e+02;3.4341812e-02;2.9250000e+02;5.7420488e-02;2.9250000e+02;8.3538279e-02;2.9250000e+02;1.1312523e-01;2.9250000e+02;1.4486830e-01;2.9250000e+02;1.7973278e-01;2.9250000e+02;2.1837676e-01;2.9250000e+02;2.5792077e-01;2.9250000e+02;2.8223151e-01;2.9250000e+02;2.8080511e-01;2.9250000e+02;2.5356045e-01;2.9250000e+02;2.1671550e-01;2.9250000e+02;1.7411107e-01;2.9250000e+02;1.2663285e-01;2.9250000e+02;8.3971873e-02;2.9250000e+02;4.5440145e-02;2.9250000e+02;2.9781191e-03;2.9250000e+02;1.5125913e-02;2.9250000e+02;3.4341812e-02;2.9250000e+02;5.7420488e-02;2.9250000e+02;8.3538279e-02;2.9250000e+02;1.1312523e-01;2.9250000e+02;1.4486830e-01;2.9250000e+02;1.7973278e-01;2.9250000e+02;2.1837676e-01;2.9250000e+02;2.5792077e-01;2.9250000e+02;2.8223151e-01;2.9250000e+02;2.8080511e-01;2.9250000e+02;2.5356045e-01;2.9250000e+02;2.1671550e-01;2.9250000e+02;1.7411107e-01;2.9250000e+02;1.2663285e-01;2.9250000e+02;8.3971873e-02;2.9250000e+02;4.5440145e-02;2.9250000e+02;2.9781191e-03;2.9250000e+02;1.5125913e-02;2.9250000e+02;3.4341812e-02;2.9250000e+02;5.7420488e-02;2.9250000e+02;8.3538279e-02;2.9250000e+02;1.1312523e-01;2.9250000e+02;1.4486830e-01;2.9250000e+02;1.7973278e-01;2.9250000e+02;2.1837676e-01;2.9250000e+02;2.5792077e-01;2.9250000e+02;2.8223151e-01;2.9250000e+02;2.8080511e-01;2.9250000e+02;2.5356045e-01;2.9250000e+02;2.1671550e-01;2.9250000e+02;1.7411107e-01;2.9250000e+02;1.2663285e-01;2.9250000e+02;8.3971873e-02;2.9250000e+02;4.5440145e-02;2.9250000e+02;2.9781191e-03;2.9250000e+02;1.5125913e-02;2.9250000e+02;3.4341812e-02;2.9250000e+02;5.7420488e-02;2.9250000e+02;8.3538279e-02;2.9250000e+02;1.1312523e-01;2.9250000e+02;1.4486830e-01;2.9250000e+02;1.7973278e-01;2.9250000e+02;2.1837676e-01;2.9250000e+02;2.5792077e-01;2.9250000e+02;2.8223151e-01;2.9250000e+02;2.8080511e-01;2.9250000e+02;2.5356045e-01;2.9250000e+02;2.1671550e-01;2.9250000e+02;1.7411107e-01;2.9250000e+02;1.2663285e-01;2.9250000e+02;8.3971873e-02;2.9250000e+02;4.5440145e-02;2.9250000e+02;2.9781191e-03;2.9250000e+02;1.5125913e-02;2.9250000e+02;3.4341812e-02;2.9250000e+02;5.7420488e-02;2.9250000e+02;8.3538279e-02;2.9250000e+02;1.1312523e-01;2.9250000e+02;1.4486830e-01;2.9250000e+02;1.7973278e-01;2.9250000e+02;2.1837676e-01;2.9250000e+02;2.5792077e-01;2.9250000e+02;2.8223151e-01;2.9250000e+02;2.8080511e-01;2.9250000e+02;2.5356045e-01;2.9250000e+02;2.1671550e-01;2.9250000e+02;1.7411107e-01;2.9250000e+02;1.2663285e-01;2.9250000e+02;8.3971873e-02;2.9250000e+02;4.5440145e-02;2.9250000e+02;2.9781191e-03;2.9250000e+02;1.5125913e-02;2.9250000e+02;3.4341812e-02;2.9250000e+02;5.7420488e-02;2.9250000e+02;8.3538279e-02;2.9250000e+02;1.1312523e-01;2.9250000e+02;1.4486830e-01;2.9250000e+02;1.7973278e-01;2.9250000e+02;2.1837676e-01;2.9250000e+02;2.5792077e-01;2.9250000e+02;2.8223151e-01;2.9250000e+02;2.8080511e-01;2.9250000e+02;2.5356045e-01;2.9250000e+02;2.1671550e-01;2.9250000e+02;1.7411107e-01;2.9250000e+02;1.2663285e-01;2.9250000e+02;8.3971873e-02;2.9250000e+02;4.5440145e-02;2.9250000e+02;2.9781191e-03;2.9250000e+02;1.5125913e-02;2.9250000e+02;3.4341812e-02;2.9250000e+02;5.7420488e-02;2.9250000e+02;8.3538279e-02;2.9250000e+02;1.1312523e-01;2.9250000e+02;1.4486830e-01;2.9250000e+02;1.7973278e-01;2.9250000e+02;2.1837676e-01;2.9250000e+02;2.5792077e-01;2.9250000e+02;2.8223151e-01;2.9250000e+02;2.8080511e-01;2.9250000e+02;2.5356045e-01;2.9250000e+02;2.1671550e-01;2.9250000e+02;1.7411107e-01;2.9250000e+02;1.2663285e-01;2.9250000e+02;8.3971873e-02;2.9250000e+02;4.5440145e-02;2.9250000e+02;2.9781191e-03;2.9250000e+02;1.5125913e-02;2.9250000e+02;3.4341812e-02;2.9250000e+02;5.7420488e-02;2.9250000e+02;8.3538279e-02;2.9250000e+02;1.1312523e-01;2.9250000e+02;1.4486830e-01;2.9250000e+02;1.7973278e-01;2.9250000e+02;2.1837676e-01;2.9250000e+02;2.5792077e-01;2.9250000e+02;2.8223151e-01;2.9250000e+02;2.8080511e-01;2.9250000e+02;2.5356045e-01;2.9250000e+02;2.1671550e-01;2.9250000e+02;1.7411107e-01;2.9250000e+02;1.2663285e-01;2.9250000e+02;8.3971873e-02;2.9250000e+02;4.5440145e-02;2.9250000e+02;2.9781191e-03;2.9250000e+02;1.5125913e-02;2.9250000e+02;3.4341812e-02;2.9250000e+02;5.7420488e-02;2.9250000e+02;8.3538279e-02;2.9250000e+02;1.1312523e-01;2.9250000e+02;1.4486830e-01;2.9250000e+02;1.7973278e-01;2.9250000e+02;2.1837676e-01;2.9250000e+02;2.5792077e-01;2.9250000e+02;2.8223151e-01;2.9250000e+02;2.8080511e-01;2.9250000e+02;2.5356045e-01;2.9250000e+02;2.1671550e-01;2.9250000e+02;1.7411107e-01;2.9250000e+02;1.2663285e-01;2.9250000e+02;8.3971873e-02;2.9250000e+02;4.5440145e-02;2.9250000e+02;2.9781191e-03;2.9250000e+02;1.5125913e-02;2.9250000e+02;3.4341812e-02;2.9250000e+02;5.7420488e-02;2.9250000e+02;8.3538279e-02;2.9250000e+02;1.1312523e-01;2.9250000e+02;1.4486830e-01;2.9250000e+02;1.7973278e-01;2.9250000e+02;2.1837676e-01;2.9250000e+02;2.5792077e-01;2.9250000e+02;2.8223151e-01;2.9250000e+02;2.8080511e-01;2.9250000e+02;2.5356045e-01;2.9250000e+02;2.1671550e-01;2.9250000e+02;1.7411107e-01;2.9250000e+02;1.2663285e-01;2.9250000e+02;8.3971873e-02;2.9250000e+02;4.5440145e-02;2.9250000e+02;2.9781191e-03;2.9250000e+02;1.5125913e-02;2.9250000e+02;3.4341812e-02;2.9250000e+02;5.7420488e-02;2.9250000e+02;8.3538279e-02;2.9250000e+02;1.1312523e-01;2.9250000e+02;1.4486830e-01;2.9250000e+02;1.7973278e-01;2.9250000e+02;2.1837676e-01;2.9250000e+02;2.5792077e-01;2.9250000e+02;2.8223151e-01;2.9250000e+02;2.8080511e-01;2.9250000e+02;2.5356045e-01;2.9250000e+02;2.1671550e-01;2.9250000e+02;1.7411107e-01;2.9250000e+02;1.2663285e-01;2.9250000e+02;8.3971873e-02;2.9250000e+02;4.5440145e-02;2.9250000e+02;2.9781191e-03;2.9250000e+02;1.5125913e-02;2.9250000e+02;3.4341812e-02;2.9250000e+02;5.7420488e-02;2.9250000e+02;8.3538279e-02;2.9250000e+02;1.1312523e-01;2.9250000e+02;1.4486830e-01;2.9250000e+02;1.7973278e-01;2.9250000e+02;2.1837676e-01;2.9250000e+02;2.5792077e-01;2.9250000e+02;2.8223151e-01;2.9250000e+02;2.8080511e-01;2.9250000e+02;2.5356045e-01;2.9250000e+02;2.1671550e-01;2.9250000e+02;1.7411107e-01;2.9250000e+02;1.2663285e-01;2.9250000e+02;8.3971873e-02;2.9250000e+02;4.5440145e-02;2.9250000e+02;2.9781191e-03;2.9250000e+02;1.5125913e-02;2.9250000e+02;3.4341812e-02;2.9250000e+02;5.7420488e-02;2.9250000e+02;8.3538279e-02;2.9250000e+02;1.1312523e-01;2.9250000e+02;1.4486830e-01;2.9250000e+02;1.7973278e-01;2.9250000e+02;2.1837676e-01;2.9250000e+02;2.5792077e-01;2.9250000e+02;2.8223151e-01;2.9250000e+02;2.8080511e-01;2.9250000e+02;2.5356045e-01;2.9250000e+02;2.1671550e-01;2.9250000e+02;1.7411107e-01;2.9250000e+02;1.2663285e-01;2.9250000e+02;8.3971873e-02;2.9250000e+02;4.5440145e-02;2.9250000e+02;2.9781191e-03;2.9250000e+02;1.5125913e-02;2.9250000e+02;3.4341812e-02;2.9250000e+02;5.7420488e-02;2.9250000e+02;8.3538279e-02;2.9250000e+02;1.1312523e-01;2.9250000e+02;1.4486830e-01;2.9250000e+02;1.7973278e-01;2.9250000e+02;2.1837676e-01;2.9250000e+02;2.5792077e-01;2.9250000e+02;2.8223151e-01;2.9250000e+02;2.8080511e-01;2.9250000e+02;2.5356045e-01;2.9250000e+02;2.1671550e-01;2.9250000e+02;1.7411107e-01;2.9250000e+02;1.2663285e-01;2.9250000e+02;8.3971873e-02;2.9250000e+02;4.5440145e-02;2.9250000e+02;2.9781191e-03;2.9250000e+02;1.5125913e-02;2.9250000e+02;3.4341812e-02;2.9250000e+02;5.7420488e-02;2.9250000e+02;8.3538279e-02;2.9250000e+02;1.1312523e-01;2.9250000e+02;1.4486830e-01;2.9250000e+02;1.7973278e-01;2.9250000e+02;2.1837676e-01;2.9250000e+02;2.5792077e-01;2.9250000e+02;2.8223151e-01;2.9250000e+02;2.8080511e-01;2.9250000e+02;2.5356045e-01;2.9250000e+02;2.1671550e-01;2.9250000e+02;1.7411107e-01;2.9250000e+02;1.2663285e-01;2.9250000e+02;8.3971873e-02;2.9250000e+02;4.5440145e-02;2.9250000e+02;2.9781191e-03;2.9250000e+02;1.5125913e-02;2.9250000e+02;3.4341812e-02;2.9250000e+02;5.7420488e-02;2.9250000e+02;8.3538279e-02;2.9250000e+02;1.1312523e-01;2.9250000e+02;1.4486830e-01;2.9250000e+02;1.7973278e-01;2.9250000e+02;2.1837676e-01;2.9250000e+02;2.5792077e-01;2.9250000e+02;2.8223151e-01;2.9250000e+02;2.8080511e-01;2.9250000e+02;2.5356045e-01;2.9250000e+02;2.1671550e-01;2.9250000e+02;1.7411107e-01;2.9250000e+02;1.2663285e-01;2.9250000e+02;8.3971873e-02;2.9250000e+02;4.5440145e-02;2.9250000e+02;2.9781191e-03;2.9250000e+02;1.5125913e-02;2.9250000e+02;3.4341812e-02;2.9250000e+02;5.7420488e-02;2.9250000e+02;8.3538279e-02;2.9250000e+02;1.1312523e-01;2.9250000e+02;1.4486830e-01;2.9250000e+02;1.7973278e-01;2.9250000e+02;2.1837676e-01;2.9250000e+02;2.5792077e-01;2.9250000e+02;2.8223151e-01;2.9250000e+02;2.8080511e-01;2.9250000e+02;2.5356045e-01;2.9250000e+02;2.1671550e-01;2.9250000e+02;1.7411107e-01;2.9250000e+02;1.2663285e-01;2.9250000e+02;8.3971873e-02;2.9250000e+02;4.5440145e-02;2.9250000e+02;2.9781191e-03;2.9250000e+02;1.5125913e-02;2.9250000e+02;3.4341812e-02;2.9250000e+02;5.7420488e-02;2.9250000e+02;8.3538279e-02;2.9250000e+02;1.1312523e-01;2.9250000e+02;1.4486830e-01;2.9250000e+02;1.7973278e-01;2.9250000e+02;2.1837676e-01;2.9250000e+02;2.5792077e-01;2.9250000e+02;2.8223151e-01;2.9250000e+02;2.8080511e-01;2.9250000e+02;2.5356045e-01;2.9250000e+02;2.1671550e-01;2.9250000e+02;1.7411107e-01;2.9250000e+02;1.2663285e-01;2.9250000e+02;8.3971873e-02;2.9250000e+02;4.5440145e-02;2.9250000e+02;2.9781191e-03;2.9250000e+02;1.5125913e-02;2.9250000e+02;3.4341812e-02;2.9250000e+02;5.7420488e-02;2.9250000e+02;8.3538279e-02;2.9250000e+02;1.1312523e-01;2.9250000e+02;1.4486830e-01;2.9250000e+02;1.7973278e-01;2.9250000e+02;2.1837676e-01;2.9250000e+02;2.5792077e-01;2.9250000e+02;2.8223151e-01;2.9250000e+02;2.8080511e-01;2.9250000e+02;2.5356045e-01;2.9250000e+02;2.1671550e-01;2.9250000e+02;1.7411107e-01;2.9250000e+02;1.2663285e-01;2.9250000e+02;8.3971873e-02;2.9250000e+02;4.5440145e-02;2.9250000e+02;2.9781191e-03;2.9250000e+02;1.5125913e-02;2.9250000e+02;3.4341812e-02;2.9250000e+02;5.7420488e-02;2.9250000e+02;8.3538279e-02;2.9250000e+02;1.1312523e-01;2.9250000e+02;1.4486830e-01;2.9250000e+02;1.7973278e-01;2.9250000e+02;2.1837676e-01;2.9250000e+02;2.5792077e-01;2.9250000e+02;2.8223151e-01;2.9250000e+02;2.8080511e-01;2.9250000e+02;2.5356045e-01;2.9250000e+02;2.1671550e-01;2.9250000e+02;1.7411107e-01;2.9250000e+02;1.2663285e-01;2.9250000e+02;8.3971873e-02;2.9250000e+02;4.5440145e-02;2.9250000e+02;2.9781191e-03;2.9250000e+02;1.5125913e-02;2.9250000e+02;3.4341812e-02;2.9250000e+02;5.7420488e-02;2.9250000e+02;8.3538279e-02;2.9250000e+02;1.1312523e-01;2.9250000e+02;1.4486830e-01;2.9250000e+02;1.7973278e-01;2.9250000e+02;2.1837676e-01;2.9250000e+02;2.5792077e-01;2.9250000e+02;2.8223151e-01;2.9250000e+02;2.8080511e-01;2.9250000e+02;2.5356045e-01;2.9250000e+02;2.1671550e-01;2.9250000e+02;1.7411107e-01;2.9250000e+02;1.2663285e-01;2.9250000e+02;8.3971873e-02;2.9250000e+02;4.5440145e-02;2.9250000e+02;2.9781191e-03;2.9250000e+02;1.5125913e-02;2.9250000e+02;3.4341812e-02;2.9250000e+02;5.7420488e-02;2.9250000e+02;8.3538279e-02;2.9250000e+02;1.1312523e-01;2.9250000e+02;1.4486830e-01;2.9250000e+02;1.7973278e-01;2.9250000e+02;2.1837676e-01;2.9250000e+02;2.5792077e-01;2.9250000e+02;2.8223151e-01;2.9250000e+02;2.8080511e-01;2.9250000e+02;2.5356045e-01;2.9250000e+02;2.1671550e-01;2.9250000e+02;1.7411107e-01;2.9250000e+02;1.2663285e-01;2.9250000e+02;8.3971873e-02;2.9250000e+02;4.5440145e-02;2.9250000e+02;2.9781191e-03;2.9250000e+02;1.5125913e-02;2.9250000e+02;3.4341812e-02;2.9250000e+02;5.7420488e-02;2.9250000e+02;8.3538279e-02;2.9250000e+02;1.1312523e-01;2.9250000e+02;1.4486830e-01;2.9250000e+02;1.7973278e-01;2.9250000e+02;2.1837676e-01;2.9250000e+02;2.5792077e-01;2.9250000e+02;2.8223151e-01;2.9250000e+02;2.8080511e-01;2.9250000e+02;2.5356045e-01;2.9250000e+02;2.1671550e-01;2.9250000e+02;1.7411107e-01;2.9250000e+02;1.2663285e-01;2.9250000e+02;8.3971873e-02;2.9250000e+02;4.5440145e-02;2.9250000e+02;2.9781191e-03;2.9250000e+02;1.5125913e-02;2.9250000e+02;3.4341812e-02;2.9250000e+02;5.7420488e-02;2.9250000e+02;8.3538279e-02;2.9250000e+02;1.1312523e-01;2.9250000e+02;1.4486830e-01;2.9250000e+02;1.7973278e-01;2.9250000e+02;2.1837676e-01;2.9250000e+02;2.5792077e-01;2.9250000e+02;2.8223151e-01;2.9250000e+02;2.8080511e-01;2.9250000e+02;2.5356045e-01;2.9250000e+02;2.1671550e-01;2.9250000e+02;1.7411107e-01;2.9250000e+02;1.2663285e-01;2.9250000e+02;8.3971873e-02;2.9250000e+02;4.5440145e-02;2.9250000e+02;2.9781191e-03;2.9250000e+02;1.5125913e-02;2.9250000e+02;3.4341812e-02;2.9250000e+02;5.7420488e-02;2.9250000e+02;8.3538279e-02;2.9250000e+02;1.1312523e-01;2.9250000e+02;1.4486830e-01;2.9250000e+02;1.7973278e-01;2.9250000e+02;2.1837676e-01;2.9250000e+02;2.5792077e-01;2.9250000e+02;2.8223151e-01;2.9250000e+02;2.8080511e-01;2.9250000e+02;2.5356045e-01;2.9250000e+02;2.1671550e-01;2.9250000e+02;1.7411107e-01;2.9250000e+02;1.2663285e-01;2.9250000e+02;8.3971873e-02;2.9250000e+02;4.5440145e-02;2.9250000e+02;2.9781191e-03;2.9250000e+02;1.5125913e-02;2.9250000e+02;3.4341812e-02;2.9250000e+02;5.7420488e-02;2.9250000e+02;8.3538279e-02;2.9250000e+02;1.1312523e-01;2.9250000e+02;1.4486830e-01;2.9250000e+02;1.7973278e-01;2.9250000e+02;2.1837676e-01;2.9250000e+02;2.5792077e-01;2.9250000e+02;2.8223151e-01;2.9250000e+02;2.8080511e-01;2.9250000e+02;2.5356045e-01;2.9250000e+02;2.1671550e-01;2.9250000e+02;1.7411107e-01;2.9250000e+02;1.2663285e-01;2.9250000e+02;8.3971873e-02;2.9250000e+02;4.5440145e-02;2.9250000e+02;2.9781191e-03;2.9250000e+02;1.5125913e-02;2.9250000e+02;3.4341812e-02;2.9250000e+02;5.7420488e-02;2.9250000e+02;8.3538279e-02;2.9250000e+02;1.1312523e-01;2.9250000e+02;1.4486830e-01;2.9250000e+02;1.7973278e-01;2.9250000e+02;2.1837676e-01;2.9250000e+02;2.5792077e-01;2.9250000e+02;2.8223151e-01;2.9250000e+02;2.8080511e-01;2.9250000e+02;2.5356045e-01;2.9250000e+02;2.1671550e-01;2.9250000e+02;1.7411107e-01;2.9250000e+02;1.2663285e-01;2.9250000e+02;8.3971873e-02;2.9250000e+02;4.5440145e-02;2.9250000e+02;2.9781191e-03;2.9250000e+02;1.5125913e-02;2.9250000e+02;3.4341812e-02;2.9250000e+02;5.7420488e-02;2.9250000e+02;8.3538279e-02;2.9250000e+02;1.1312523e-01;2.9250000e+02;1.4486830e-01;2.9250000e+02;1.7973278e-01;2.9250000e+02;2.1837676e-01;2.9250000e+02;2.5792077e-01;2.9250000e+02;2.8223151e-01;2.9250000e+02;2.8080511e-01;2.9250000e+02;2.5356045e-01;2.9250000e+02;2.1671550e-01;2.9250000e+02;1.7411107e-01;2.9250000e+02;1.2663285e-01;2.9250000e+02;8.3971873e-02;2.9250000e+02;4.5440145e-02;2.9250000e+02;2.9781191e-03;2.9250000e+02;1.5125913e-02;2.9250000e+02;3.4341812e-02;2.9250000e+02;5.7420488e-02;2.9250000e+02;8.3538279e-02;2.9250000e+02;1.1312523e-01;2.9250000e+02;1.4486830e-01;2.9250000e+02;1.7973278e-01;2.9250000e+02;2.1837676e-01;2.9250000e+02;2.5792077e-01;2.9250000e+02;2.8223151e-01;2.9250000e+02;2.8080511e-01;2.9250000e+02;2.5356045e-01;2.9250000e+02;2.1671550e-01;2.9250000e+02;1.7411107e-01;2.9250000e+02;1.2663285e-01;2.9250000e+02;8.3971873e-02;2.9250000e+02;4.5440145e-02;2.9250000e+02;2.9781191e-03;2.9250000e+02;1.5125913e-02;2.9250000e+02;3.4341812e-02;2.9250000e+02;5.7420488e-02;2.9250000e+02;8.3538279e-02;2.9250000e+02;1.1312523e-01;2.9250000e+02;1.4486830e-01;2.9250000e+02;1.7973278e-01;2.9250000e+02;2.1837676e-01;2.9250000e+02;2.5792077e-01;2.9250000e+02;2.8223151e-01;2.9250000e+02;2.8080511e-01;2.9250000e+02;2.5356045e-01;2.9250000e+02;2.1671550e-01;2.9250000e+02;1.7411107e-01;2.9250000e+02;1.2663285e-01;2.9250000e+02;8.3971873e-02;2.9250000e+02;4.5440145e-02;2.9250000e+02;2.9781191e-03;2.9250000e+02;1.5125913e-02;2.9250000e+02;3.4341812e-02;2.9250000e+02;5.7420488e-02;2.9250000e+02;8.3538279e-02;2.9250000e+02;1.1312523e-01;2.9250000e+02;1.4486830e-01;2.9250000e+02;1.7973278e-01;2.9250000e+02;2.1837676e-01;2.9250000e+02;2.5792077e-01;2.9250000e+02;2.8223151e-01;2.9250000e+02;2.8080511e-01;2.9250000e+02;2.5356045e-01;2.9250000e+02;2.1671550e-01;2.9250000e+02;1.7411107e-01;2.9250000e+02;1.2663285e-01;2.9250000e+02;8.3971873e-02;2.9250000e+02;4.5440145e-02;2.9250000e+02;2.9781191e-03;2.9250000e+02;1.5125913e-02;2.9250000e+02;3.4341812e-02;2.9250000e+02;5.7420488e-02;2.9250000e+02;8.3538279e-02;2.9250000e+02;1.1312523e-01;2.9250000e+02;1.4486830e-01;2.9250000e+02;1.7973278e-01;2.9250000e+02;2.1837676e-01;2.9250000e+02;2.5792077e-01;2.9250000e+02;2.8223151e-01;2.9250000e+02;2.8080511e-01;2.9250000e+02;2.5356045e-01;2.9250000e+02;2.1671550e-01;2.9250000e+02;1.7411107e-01;2.9250000e+02;1.2663285e-01;2.9250000e+02;8.3971873e-02;2.9250000e+02;4.5440145e-02;2.9250000e+02;2.9781191e-03;2.9250000e+02;1.5125913e-02;2.9250000e+02;3.4341812e-02;2.9250000e+02;5.7420488e-02;2.9250000e+02;8.3538279e-02;2.9250000e+02;1.1312523e-01;2.9250000e+02;1.4486830e-01;2.9250000e+02;1.7973278e-01;2.9250000e+02;2.1837676e-01;2.9250000e+02;2.5792077e-01;2.9250000e+02;2.8223151e-01;2.9250000e+02;2.8080511e-01;2.9250000e+02;2.5356045e-01;2.9250000e+02;2.1671550e-01;2.9250000e+02;1.7411107e-01;2.9250000e+02;1.2663285e-01;2.9250000e+02;8.3971873e-02;2.9250000e+02;4.5440145e-02;2.9250000e+02;2.9781191e-03;2.9250000e+02;1.5125913e-02;2.9250000e+02;3.4341812e-02;2.9250000e+02;5.7420488e-02;2.9250000e+02;8.3538279e-02;2.9250000e+02;1.1312523e-01;2.9250000e+02;1.4486830e-01;2.9250000e+02;1.7973278e-01;2.9250000e+02;2.1837676e-01;2.9250000e+02;2.5792077e-01;2.9250000e+02;2.8223151e-01;2.9250000e+02;2.8080511e-01;2.9250000e+02;2.5356045e-01;2.9250000e+02;2.1671550e-01;2.9250000e+02;1.7411107e-01;2.9250000e+02;1.2663285e-01;2.9250000e+02;8.3971873e-02;2.9250000e+02;4.5440145e-02;2.9250000e+02;2.9781191e-03;2.9250000e+02;1.5125913e-02;2.9250000e+02;3.4341812e-02;2.9250000e+02;5.7420488e-02;2.9250000e+02;8.3538279e-02;2.9250000e+02;1.1312523e-01;2.9250000e+02;1.4486830e-01;2.9250000e+02;1.7973278e-01;2.9250000e+02;2.1837676e-01;2.9250000e+02;2.5792077e-01;2.9250000e+02;2.8223151e-01;2.9250000e+02;2.8080511e-01;2.9250000e+02;2.5356045e-01;2.9250000e+02;2.1671550e-01;2.9250000e+02;1.7411107e-01;2.9250000e+02;1.2663285e-01;2.9250000e+02;8.3971873e-02;2.9250000e+02;4.5440145e-02;2.9250000e+02;2.9781191e-03;2.9250000e+02;1.5125913e-02;2.9250000e+02;3.4341812e-02;2.9250000e+02;5.7420488e-02;2.9250000e+02;8.3538279e-02;2.9250000e+02;1.1312523e-01;2.9250000e+02;1.4486830e-01;2.9250000e+02;1.7973278e-01;2.9250000e+02;2.1837676e-01;2.9250000e+02;2.5792077e-01;2.9250000e+02;2.8223151e-01;2.9250000e+02;2.8080511e-01;2.9250000e+02;2.5356045e-01;2.9250000e+02;2.1671550e-01;2.9250000e+02;1.7411107e-01;2.9250000e+02;1.2663285e-01;2.9250000e+02;8.3971873e-02;2.9250000e+02;4.5440145e-02;2.9250000e+02;2.9781191e-03;2.9250000e+02;1.5125913e-02;2.9250000e+02;3.4341812e-02;2.9250000e+02;5.7420488e-02;2.9250000e+02;8.3538279e-02;2.9250000e+02;1.1312523e-01;2.9250000e+02;1.4486830e-01;2.9250000e+02;1.7973278e-01;2.9250000e+02;2.1837676e-01;2.9250000e+02;2.5792077e-01;2.9250000e+02;2.8223151e-01;2.9250000e+02;2.8080511e-01;2.9250000e+02;2.5356045e-01;2.9250000e+02;2.1671550e-01;2.9250000e+02;1.7411107e-01;2.9250000e+02;1.2663285e-01;2.9250000e+02;8.3971873e-02;2.9250000e+02;4.5440145e-02;2.9250000e+02;2.9781191e-03;2.9250000e+02;1.5125913e-02;2.9250000e+02;3.4341812e-02;2.9250000e+02;5.7420488e-02;2.9250000e+02;8.3538279e-02;2.9250000e+02;1.1312523e-01;2.9250000e+02;1.4486830e-01;2.9250000e+02;1.7973278e-01;2.9250000e+02;2.1837676e-01;2.9250000e+02;2.5792077e-01;2.9250000e+02;2.8223151e-01;2.9250000e+02;2.8080511e-01;2.9250000e+02;2.5356045e-01;2.9250000e+02;2.1671550e-01;2.9250000e+02;1.7411107e-01;2.9250000e+02;1.2663285e-01;2.9250000e+02;8.3971873e-02;2.9250000e+02;4.5440145e-02;2.9250000e+02;2.9781191e-03;2.9250000e+02;1.5125913e-02;2.9250000e+02;3.4341812e-02;2.9250000e+02;5.7420488e-02;2.9250000e+02;8.3538279e-02;2.9250000e+02;1.1312523e-01;2.9250000e+02;1.4486830e-01;2.9250000e+02;1.7973278e-01;2.9250000e+02;2.1837676e-01;2.9250000e+02;2.5792077e-01;2.9250000e+02;2.8223151e-01;2.9250000e+02;2.8080511e-01;2.9250000e+02;2.5356045e-01;2.9250000e+02;2.1671550e-01;2.9250000e+02;1.7411107e-01;2.9250000e+02;1.2663285e-01;2.9250000e+02;8.3971873e-02;2.9250000e+02;4.5440145e-02;2.9250000e+02;2.9781191e-03;2.9250000e+02;1.5125913e-02;2.9250000e+02;3.4341812e-02;2.9250000e+02;5.7420488e-02;2.9250000e+02;8.3538279e-02;2.9250000e+02;1.1312523e-01;2.9250000e+02;1.4486830e-01;2.9250000e+02;1.7973278e-01;2.9250000e+02;2.1837676e-01;2.9250000e+02;2.5792077e-01;2.9250000e+02;2.8223151e-01;2.9250000e+02;2.8080511e-01;2.9250000e+02;2.5356045e-01;2.9250000e+02;2.1671550e-01;2.9250000e+02;1.7411107e-01;2.9250000e+02;1.2663285e-01;2.9250000e+02;8.3971873e-02;2.9250000e+02;4.5440145e-02;2.9250000e+02;2.9781191e-03;2.9250000e+02;1.5125913e-02;2.9250000e+02;3.4341812e-02;2.9250000e+02;5.7420488e-02;2.9250000e+02;8.3538279e-02;2.9250000e+02;1.1312523e-01;2.9250000e+02;1.4486830e-01;2.9250000e+02;1.7973278e-01;2.9250000e+02;2.1837676e-01;2.9250000e+02;2.5792077e-01;2.9250000e+02;2.8223151e-01;2.9250000e+02;2.8080511e-01;2.9250000e+02;2.5356045e-01;2.9250000e+02;2.1671550e-01;2.9250000e+02;1.7411107e-01;2.9250000e+02;1.2663285e-01;2.9250000e+02;8.3971873e-02;2.9250000e+02;4.5440145e-02;2.9250000e+02;2.9781191e-03;2.9250000e+02;1.5125913e-02;2.9250000e+02;3.4341812e-02;2.9250000e+02;5.7420488e-02;2.9250000e+02;8.3538279e-02;2.9250000e+02;1.1312523e-01;2.9250000e+02;1.4486830e-01;2.9250000e+02;1.7973278e-01;2.9250000e+02;2.1837676e-01;2.9250000e+02;2.5792077e-01;2.9250000e+02;2.8223151e-01;2.9250000e+02;2.8080511e-01;2.9250000e+02;2.5356045e-01;2.9250000e+02;2.1671550e-01;2.9250000e+02;1.7411107e-01;2.9250000e+02;1.2663285e-01;2.9250000e+02;8.3971873e-02;2.9250000e+02;4.5440145e-02;2.9250000e+02;2.9781191e-03;2.9250000e+02;1.5125913e-02;2.9250000e+02;3.4341812e-02;2.9250000e+02;5.7420488e-02;2.9250000e+02;8.3538279e-02;2.9250000e+02;1.1312523e-01;2.9250000e+02;1.4486830e-01;2.9250000e+02;1.7973278e-01;2.9250000e+02;2.1837676e-01;2.9250000e+02;2.5792077e-01;2.9250000e+02;2.8223151e-01;2.9250000e+02;2.8080511e-01;2.9250000e+02;2.5356045e-01;2.9250000e+02;2.1671550e-01;2.9250000e+02;1.7411107e-01;2.9250000e+02;1.2663285e-01;2.9250000e+02;8.3971873e-02;2.9250000e+02;4.5440145e-02;2.9250000e+02;2.9781191e-03;2.9250000e+02;1.5125913e-02;2.9250000e+02;3.4341812e-02;2.9250000e+02;5.7420488e-02;2.9250000e+02;8.3538279e-02;2.9250000e+02;1.1312523e-01;2.9250000e+02;1.4486830e-01;2.9250000e+02;1.7973278e-01;2.9250000e+02;2.1837676e-01;2.9250000e+02;2.5792077e-01;2.9250000e+02;2.8223151e-01;2.9250000e+02;2.8080511e-01;2.9250000e+02;2.5356045e-01;2.9250000e+02;2.1671550e-01;2.9250000e+02;1.7411107e-01;2.9250000e+02;1.2663285e-01;2.9250000e+02;8.3971873e-02;2.9250000e+02;4.5440145e-02;2.9250000e+02;2.9781191e-03;2.9250000e+02;1.5125913e-02;2.9250000e+02;3.4341812e-02;2.9250000e+02;5.7420488e-02;2.9250000e+02;8.3538279e-02;2.9250000e+02;1.1312523e-01;2.9250000e+02;1.4486830e-01;2.9250000e+02;1.7973278e-01;2.9250000e+02;2.1837676e-01;2.9250000e+02;2.5792077e-01;2.9250000e+02;2.8223151e-01;2.9250000e+02;2.8080511e-01;2.9250000e+02;2.5356045e-01;2.9250000e+02;2.1671550e-01;2.9250000e+02;1.7411107e-01;2.9250000e+02;1.2663285e-01;2.9250000e+02;8.3971873e-02;2.9250000e+02;4.5440145e-02;2.9250000e+02;2.9781191e-03;2.9250000e+02;1.5125913e-02;2.9250000e+02;3.4341812e-02;2.9250000e+02;5.7420488e-02;2.9250000e+02;8.3538279e-02;2.9250000e+02;1.1312523e-01;2.9250000e+02;1.4486830e-01;2.9250000e+02;1.7973278e-01;2.9250000e+02;2.1837676e-01;2.9250000e+02;2.5792077e-01;2.9250000e+02;2.8223151e-01;2.9250000e+02;2.8080511e-01;2.9250000e+02;2.5356045e-01;2.9250000e+02;2.1671550e-01;2.9250000e+02;1.7411107e-01;2.9250000e+02;1.2663285e-01;2.9250000e+02;8.3971873e-02;2.9250000e+02;4.5440145e-02;2.9250000e+02;2.9781191e-03;2.9250000e+02;1.5125913e-02;2.9250000e+02;3.4341812e-02;2.9250000e+02;5.7420488e-02;2.9250000e+02;8.3538279e-02;2.9250000e+02;1.1312523e-01;2.9250000e+02;1.4486830e-01;2.9250000e+02;1.7973278e-01;2.9250000e+02;2.1837676e-01;2.9250000e+02;2.5792077e-01;2.9250000e+02;2.8223151e-01;2.9250000e+02;2.8080511e-01;2.9250000e+02;2.5356045e-01;2.9250000e+02;2.1671550e-01;2.9250000e+02;1.7411107e-01;2.9250000e+02;1.2663285e-01;2.9250000e+02;8.3971873e-02;2.9250000e+02;4.5440145e-02;2.9250000e+02;2.9781191e-03;2.9250000e+02;1.5125913e-02;2.9250000e+02;3.4341812e-02;2.9250000e+02;5.7420488e-02;2.9250000e+02;8.3538279e-02;2.9250000e+02;1.1312523e-01;2.9250000e+02;1.4486830e-01;2.9250000e+02;1.7973278e-01;2.9250000e+02;2.1837676e-01;2.9250000e+02;2.5792077e-01;2.9250000e+02;2.8223151e-01;2.9250000e+02;2.8080511e-01;2.9250000e+02;2.5356045e-01;2.9250000e+02;2.1671550e-01;2.9250000e+02;1.7411107e-01;2.9250000e+02;1.2663285e-01;2.9250000e+02;8.3971873e-02;2.9250000e+02;4.5440145e-02;2.9250000e+02;2.9781191e-03;2.9250000e+02;1.5125913e-02;2.9250000e+02;3.4341812e-02;2.9250000e+02;5.7420488e-02;2.9250000e+02;8.3538279e-02;2.9250000e+02;1.1312523e-01;2.9250000e+02;1.4486830e-01;2.9250000e+02;1.7973278e-01;2.9250000e+02;2.1837676e-01;2.9250000e+02;2.5792077e-01;2.9250000e+02;2.8223151e-01;2.9250000e+02;2.8080511e-01;2.9250000e+02;2.5356045e-01;2.9250000e+02;2.1671550e-01;2.9250000e+02;1.7411107e-01;2.9250000e+02;1.2663285e-01;2.9250000e+02;8.3971873e-02;2.9250000e+02;4.5440145e-02;2.9250000e+02;2.9781191e-03;2.9250000e+02;1.5125913e-02;2.9250000e+02;3.4341812e-02;2.9250000e+02;5.7420488e-02;2.9250000e+02;8.3538279e-02;2.9250000e+02;1.1312523e-01;2.9250000e+02;1.4486830e-01;2.9250000e+02;1.7973278e-01;2.9250000e+02;2.1837676e-01;2.9250000e+02;2.5792077e-01;2.9250000e+02;2.8223151e-01;2.9250000e+02;2.8080511e-01;2.9250000e+02;2.5356045e-01;2.9250000e+02;2.1671550e-01;2.9250000e+02;1.7411107e-01;2.9250000e+02;1.2663285e-01;2.9250000e+02;8.3971873e-02;2.9250000e+02;4.5440145e-02;2.9250000e+02;2.9781191e-03;2.9250000e+02;1.5125913e-02;2.9250000e+02;3.4341812e-02;2.9250000e+02;5.7420488e-02;2.9250000e+02;8.3538279e-02;2.9250000e+02;1.1312523e-01;2.9250000e+02;1.4486830e-01;2.9250000e+02;1.7973278e-01;2.9250000e+02;2.1837676e-01;2.9250000e+02;2.5792077e-01;2.9250000e+02;2.8223151e-01;2.9250000e+02;2.8080511e-01;2.9250000e+02;2.5356045e-01;2.9250000e+02;2.1671550e-01;2.9250000e+02;1.7411107e-01;2.9250000e+02;1.2663285e-01;2.9250000e+02;8.3971873e-02;2.9250000e+02;4.5440145e-02;2.9250000e+02;2.9781191e-03;2.9250000e+02;1.5125913e-02;2.9250000e+02;3.4341812e-02;2.9250000e+02;5.7420488e-02;2.9250000e+02;8.3538279e-02;2.9250000e+02;1.1312523e-01;2.9250000e+02;1.4486830e-01;2.9250000e+02;1.7973278e-01;2.9250000e+02;2.1837676e-01;2.9250000e+02;2.5792077e-01;2.9250000e+02;2.8223151e-01;2.9250000e+02;2.8080511e-01;2.9250000e+02;2.5356045e-01;2.9250000e+02;2.1671550e-01;2.9250000e+02;1.7411107e-01;2.9250000e+02;1.2663285e-01;2.9250000e+02;8.3971873e-02;2.9250000e+02;4.5440145e-02;2.9250000e+02;2.9781191e-03;2.9250000e+02;1.5125913e-02;2.9250000e+02;3.4341812e-02;2.9250000e+02;5.7420488e-02;2.9250000e+02;8.3538279e-02;2.9250000e+02;1.1312523e-01;2.9250000e+02;1.4486830e-01;2.9250000e+02;1.7973278e-01;2.9250000e+02;2.1837676e-01;2.9250000e+02;2.5792077e-01;2.9250000e+02;2.8223151e-01;2.9250000e+02;2.8080511e-01;2.9250000e+02;2.5356045e-01;2.9250000e+02;2.1671550e-01;2.9250000e+02;1.7411107e-01;2.9250000e+02;1.2663285e-01;2.9250000e+02;8.3971873e-02;2.9250000e+02;4.5440145e-02;2.9250000e+02;2.9781191e-03;2.9250000e+02;1.5125913e-02;2.9250000e+02;3.4341812e-02;2.9250000e+02;5.7420488e-02;2.9250000e+02;8.3538279e-02;2.9250000e+02;1.1312523e-01;2.9250000e+02;1.4486830e-01;2.9250000e+02;1.7973278e-01;2.9250000e+02;2.1837676e-01;2.9250000e+02;2.5792077e-01;2.9250000e+02;2.8223151e-01;2.9250000e+02;2.8080511e-01;2.9250000e+02;2.5356045e-01;2.9250000e+02;2.1671550e-01;2.9250000e+02;1.7411107e-01;2.9250000e+02;1.2663285e-01;2.9250000e+02;8.3971873e-02;2.9250000e+02;4.5440145e-02;2.9250000e+02;2.9781191e-03;2.9250000e+02;1.5125913e-02;2.9250000e+02;3.4341812e-02;2.9250000e+02;5.7420488e-02;2.9250000e+02;8.3538279e-02;2.9250000e+02;1.1312523e-01;2.9250000e+02;1.4486830e-01;2.9250000e+02;1.7973278e-01;2.9250000e+02;2.1837676e-01;2.9250000e+02;2.5792077e-01;2.9250000e+02;2.8223151e-01;2.9250000e+02;2.8080511e-01;2.9250000e+02;2.5356045e-01;2.9250000e+02;2.1671550e-01;2.9250000e+02;1.7411107e-01;2.9250000e+02;1.2663285e-01;2.9250000e+02;8.3971873e-02;2.9250000e+02;4.5440145e-02;2.9250000e+02;2.9781191e-03;2.9250000e+02;1.5125913e-02;2.9250000e+02;3.4341812e-02;2.9250000e+02;5.7420488e-02;2.9250000e+02;8.3538279e-02;2.9250000e+02;1.1312523e-01;2.9250000e+02;1.4486830e-01;2.9250000e+02;1.7973278e-01;2.9250000e+02;2.1837676e-01;2.9250000e+02;2.5792077e-01;2.9250000e+02;2.8223151e-01;2.9250000e+02;2.8080511e-01;2.9250000e+02;2.5356045e-01;2.9250000e+02;2.1671550e-01;2.9250000e+02;1.7411107e-01;2.9250000e+02;1.2663285e-01;2.9250000e+02;8.3971873e-02;2.9250000e+02;4.5440145e-02;2.9250000e+02;2.9781191e-03;2.9250000e+02;1.5125913e-02;2.9250000e+02;3.4341812e-02;2.9250000e+02;5.7420488e-02;2.9250000e+02;8.3538279e-02;2.9250000e+02;1.1312523e-01;2.9250000e+02;1.4486830e-01;2.9250000e+02;1.7973278e-01;2.9250000e+02;2.1837676e-01;2.9250000e+02;2.5792077e-01;2.9250000e+02;2.8223151e-01;2.9250000e+02;2.8080511e-01;2.9250000e+02;2.5356045e-01;2.9250000e+02;2.1671550e-01;2.9250000e+02;1.7411107e-01;2.9250000e+02;1.2663285e-01;2.9250000e+02;8.3971873e-02;2.9250000e+02;4.5440145e-02;2.9250000e+02;2.9781191e-03;2.9250000e+02;1.5125913e-02;2.9250000e+02;3.4341812e-02;2.9250000e+02;5.7420488e-02;2.9250000e+02;8.3538279e-02;2.9250000e+02;1.1312523e-01;2.9250000e+02;1.4486830e-01;2.9250000e+02;1.7973278e-01;2.9250000e+02;2.1837676e-01;2.9250000e+02;2.5792077e-01;2.9250000e+02;2.8223151e-01;2.9250000e+02;2.8080511e-01;2.9250000e+02;2.5356045e-01;2.9250000e+02;2.1671550e-01;2.9250000e+02;1.7411107e-01;2.9250000e+02;1.2663285e-01;2.9250000e+02;8.3971873e-02;2.9250000e+02;4.5440145e-02;2.9250000e+02;2.9781191e-03;2.9250000e+02;1.5125913e-02;2.9250000e+02;3.4341812e-02;2.9250000e+02;5.7420488e-02;2.9250000e+02;8.3538279e-02;2.9250000e+02;1.1312523e-01;2.9250000e+02;1.4486830e-01;2.9250000e+02;1.7973278e-01;2.9250000e+02;2.1837676e-01;2.9250000e+02;2.5792077e-01;2.9250000e+02;2.8223151e-01;2.9250000e+02;2.8080511e-01;2.9250000e+02;2.5356045e-01;2.9250000e+02;2.1671550e-01;2.9250000e+02;1.7411107e-01;2.9250000e+02;1.2663285e-01;2.9250000e+02;8.3971873e-02;2.9250000e+02;4.5440145e-02;2.9250000e+02;2.9781191e-03;2.9250000e+02;1.5125913e-02;2.9250000e+02;3.4341812e-02;2.9250000e+02;5.7420488e-02;2.9250000e+02;8.3538279e-02;2.9250000e+02;1.1312523e-01;2.9250000e+02;1.4486830e-01;2.9250000e+02;1.7973278e-01;2.9250000e+02;2.1837676e-01;2.9250000e+02;2.5792077e-01;2.9250000e+02;2.8223151e-01;2.9250000e+02;2.8080511e-01;2.9250000e+02;2.5356045e-01;2.9250000e+02;2.1671550e-01;2.9250000e+02;1.7411107e-01;2.9250000e+02;1.2663285e-01;2.9250000e+02;8.3971873e-02;2.9250000e+02;4.5440145e-02;2.9250000e+02;2.9781191e-03;2.9250000e+02;1.5125913e-02;2.9250000e+02;3.4341812e-02;2.9250000e+02;5.7420488e-02;2.9250000e+02;8.3538279e-02;2.9250000e+02;1.1312523e-01;2.9250000e+02;1.4486830e-01;2.9250000e+02;1.7973278e-01;2.9250000e+02;2.1837676e-01;2.9250000e+02;2.5792077e-01;2.9250000e+02;2.8223151e-01;2.9250000e+02;2.8080511e-01;2.9250000e+02;2.5356045e-01;2.9250000e+02;2.1671550e-01;2.9250000e+02;1.7411107e-01;2.9250000e+02;1.2663285e-01;2.9250000e+02;8.3971873e-02;2.9250000e+02;4.5440145e-02;2.9250000e+02;2.9781191e-03;2.9250000e+02;1.5125913e-02;2.9250000e+02;3.4341812e-02;2.9250000e+02;5.7420488e-02;2.9250000e+02;8.3538279e-02;2.9250000e+02;1.1312523e-01;2.9250000e+02;1.4486830e-01;2.9250000e+02;1.7973278e-01;2.9250000e+02;2.1837676e-01;2.9250000e+02;2.5792077e-01;2.9250000e+02;2.8223151e-01;2.9250000e+02;2.8080511e-01;2.9250000e+02;2.5356045e-01;2.9250000e+02;2.1671550e-01;2.9250000e+02;1.7411107e-01;2.9250000e+02;1.2663285e-01;2.9250000e+02;8.3971873e-02;2.9250000e+02;4.5440145e-02;2.9250000e+02;2.9781191e-03;2.9250000e+02;1.5125913e-02;2.9250000e+02;3.4341812e-02;2.9250000e+02;5.7420488e-02;2.9250000e+02;8.3538279e-02;2.9250000e+02;1.1312523e-01;2.9250000e+02;1.4486830e-01;2.9250000e+02;1.7973278e-01;2.9250000e+02;2.1837676e-01;2.9250000e+02;2.5792077e-01;2.9250000e+02;2.8223151e-01;2.9250000e+02;2.8080511e-01;2.9250000e+02;2.5356045e-01;2.9250000e+02;2.1671550e-01;2.9250000e+02;1.7411107e-01;2.9250000e+02;1.2663285e-01;2.9250000e+02;8.3971873e-02;2.9250000e+02;4.5440145e-02;2.9250000e+02;2.9781191e-03;2.9250000e+02;1.5125913e-02;2.9250000e+02;3.4341812e-02;2.9250000e+02;5.7420488e-02;2.9250000e+02;8.3538279e-02;2.9250000e+02;1.1312523e-01;2.9250000e+02;1.4486830e-01;2.9250000e+02;1.7973278e-01;2.9250000e+02;2.1837676e-01;2.9250000e+02;2.5792077e-01;2.9250000e+02;2.8223151e-01;2.9250000e+02;2.8080511e-01;2.9250000e+02;2.5356045e-01;2.9250000e+02;2.1671550e-01;2.9250000e+02;1.7411107e-01;2.9250000e+02;1.2663285e-01;2.9250000e+02;8.3971873e-02;2.9250000e+02;4.5440145e-02;2.9250000e+02;2.9781191e-03;2.9250000e+02;1.5125913e-02;2.9250000e+02;3.4341812e-02;2.9250000e+02;5.7420488e-02;2.9250000e+02;8.3538279e-02;2.9250000e+02;1.1312523e-01;2.9250000e+02;1.4486830e-01;2.9250000e+02;1.7973278e-01;2.9250000e+02;2.1837676e-01;2.9250000e+02;2.5792077e-01;2.9250000e+02;2.8223151e-01;2.9250000e+02;2.8080511e-01;2.9250000e+02;2.5356045e-01;2.9250000e+02;2.1671550e-01;2.9250000e+02;1.7411107e-01;2.9250000e+02;1.2663285e-01;2.9250000e+02;8.3971873e-02;2.9250000e+02;4.5440145e-02;2.9250000e+02;2.9781191e-03;2.9250000e+02;1.5125913e-02;2.9250000e+02;3.4341812e-02;2.9250000e+02;5.7420488e-02;2.9250000e+02;8.3538279e-02;2.9250000e+02;1.1312523e-01;2.9250000e+02;1.4486830e-01;2.9250000e+02;1.7973278e-01;2.9250000e+02;2.1837676e-01;2.9250000e+02;2.5792077e-01;2.9250000e+02;2.8223151e-01;2.9250000e+02;2.8080511e-01;2.9250000e+02;2.5356045e-01;2.9250000e+02;2.1671550e-01;2.9250000e+02;1.7411107e-01;2.9250000e+02;1.2663285e-01;2.9250000e+02;8.3971873e-02;2.9250000e+02;4.5440145e-02;2.9250000e+02;2.9781191e-03;2.9250000e+02;1.5125913e-02;2.9250000e+02;3.4341812e-02;2.9250000e+02;5.7420488e-02;2.9250000e+02;8.3538279e-02;2.9250000e+02;1.1312523e-01;2.9250000e+02;1.4486830e-01;2.9250000e+02;1.7973278e-01;2.9250000e+02;2.1837676e-01;2.9250000e+02;2.5792077e-01;2.9250000e+02;2.8223151e-01;2.9250000e+02;2.8080511e-01;2.9250000e+02;2.5356045e-01;2.9250000e+02;2.1671550e-01;2.9250000e+02;1.7411107e-01;2.9250000e+02;1.2663285e-01;2.9250000e+02;8.3971873e-02;2.9250000e+02;4.5440145e-02;2.9250000e+02;2.9781191e-03;2.9250000e+02;1.5125913e-02;2.9250000e+02;3.4341812e-02;2.9250000e+02;5.7420488e-02;2.9250000e+02;8.3538279e-02;2.9250000e+02;1.1312523e-01;2.9250000e+02;1.4486830e-01;2.9250000e+02;1.7973278e-01;2.9250000e+02;2.1837676e-01;2.9250000e+02;2.5792077e-01;2.9250000e+02;2.8223151e-01;2.9250000e+02;2.8080511e-01;2.9250000e+02;2.5356045e-01;2.9250000e+02;2.1671550e-01;2.9250000e+02;1.7411107e-01;2.9250000e+02;1.2663285e-01;2.9250000e+02;8.3971873e-02;2.9250000e+02;4.5440145e-02;2.9250000e+02;2.9781191e-03;2.9250000e+02;1.5125913e-02;2.9250000e+02;3.4341812e-02;2.9250000e+02;5.7420488e-02;2.9250000e+02;8.3538279e-02;2.9250000e+02;1.1312523e-01;2.9250000e+02;1.4486830e-01;2.9250000e+02;1.7973278e-01;2.9250000e+02;2.1837676e-01;2.9250000e+02;2.5792077e-01;2.9250000e+02;2.8223151e-01;2.9250000e+02;2.8080511e-01;2.9250000e+02;2.5356045e-01;2.9250000e+02;2.1671550e-01;2.9250000e+02;1.7411107e-01;2.9250000e+02;1.2663285e-01;2.9250000e+02;8.3971873e-02;2.9250000e+02;4.5440145e-02;2.9250000e+02;2.9781191e-03;2.9250000e+02;1.5125913e-02;2.9250000e+02;3.4341812e-02;2.9250000e+02;5.7420488e-02;2.9250000e+02;8.3538279e-02;2.9250000e+02;1.1312523e-01;2.9250000e+02;1.4486830e-01;2.9250000e+02;1.7973278e-01;2.9250000e+02;2.1837676e-01;2.9250000e+02;2.5792077e-01;2.9250000e+02;2.8223151e-01;2.9250000e+02;2.8080511e-01;2.9250000e+02;2.5356045e-01;2.9250000e+02;2.1671550e-01;2.9250000e+02;1.7411107e-01;2.9250000e+02;1.2663285e-01;2.9250000e+02;8.3971873e-02;2.9250000e+02;4.5440145e-02;2.9250000e+02;2.9781191e-03;2.9250000e+02;1.5125913e-02;2.9250000e+02;3.4341812e-02;2.9250000e+02;5.7420488e-02;2.9250000e+02;8.3538279e-02;2.9250000e+02;1.1312523e-01;2.9250000e+02;1.4486830e-01;2.9250000e+02;1.7973278e-01;2.9250000e+02;2.1837676e-01;2.9250000e+02;2.5792077e-01;2.9250000e+02;2.8223151e-01;2.9250000e+02;2.8080511e-01;2.9250000e+02;2.5356045e-01;2.9250000e+02;2.1671550e-01;2.9250000e+02;1.7411107e-01;2.9250000e+02;1.2663285e-01;2.9250000e+02;8.3971873e-02;2.9250000e+02;4.5440145e-02;2.9250000e+02;2.9781191e-03;2.9250000e+02;1.5125913e-02;2.9250000e+02;3.4341812e-02;2.9250000e+02;5.7420488e-02;2.9250000e+02;8.3538279e-02;2.9250000e+02;1.1312523e-01;2.9250000e+02;1.4486830e-01;2.9250000e+02;1.7973278e-01;2.9250000e+02;2.1837676e-01;2.9250000e+02;2.5792077e-01;2.9250000e+02;2.8223151e-01;2.9250000e+02;2.8080511e-01;2.9250000e+02;2.5356045e-01;2.9250000e+02;2.1671550e-01;2.9250000e+02;1.7411107e-01;2.9250000e+02;1.2663285e-01;2.9250000e+02;8.3971873e-02;2.9250000e+02;4.5440145e-02;2.9250000e+02;2.9781191e-03;2.9250000e+02;1.5125913e-02;2.9250000e+02;3.4341812e-02;2.9250000e+02;5.7420488e-02;2.9250000e+02;8.3538279e-02;2.9250000e+02;1.1312523e-01;2.9250000e+02;1.4486830e-01;2.9250000e+02;1.7973278e-01;2.9250000e+02;2.1837676e-01;2.9250000e+02;2.5792077e-01;2.9250000e+02;2.8223151e-01;2.9250000e+02;2.8080511e-01;2.9250000e+02;2.5356045e-01;2.9250000e+02;2.1671550e-01;2.9250000e+02;1.7411107e-01;2.9250000e+02;1.2663285e-01;2.9250000e+02;8.3971873e-02;2.9250000e+02;4.5440145e-02;2.9250000e+02;2.9781191e-03;2.9250000e+02;1.5125913e-02;2.9250000e+02;3.4341812e-02;2.9250000e+02;5.7420488e-02;2.9250000e+02;8.3538279e-02;2.9250000e+02;1.1312523e-01;2.9250000e+02;1.4486830e-01;2.9250000e+02;1.7973278e-01;2.9250000e+02;2.1837676e-01;2.9250000e+02;2.5792077e-01;2.9250000e+02;2.8223151e-01;2.9250000e+02;2.8080511e-01;2.9250000e+02;2.5356045e-01;2.9250000e+02;2.1671550e-01;2.9250000e+02;1.7411107e-01;2.9250000e+02;1.2663285e-01;2.9250000e+02;8.3971873e-02;2.9250000e+02;4.5440145e-02;2.9250000e+02;2.9781191e-03;2.9250000e+02;1.5125913e-02;2.9250000e+02;3.4341812e-02;2.9250000e+02;5.7420488e-02;2.9250000e+02;8.3538279e-02;2.9250000e+02;1.1312523e-01;2.9250000e+02;1.4486830e-01;2.9250000e+02;1.7973278e-01;2.9250000e+02;2.1837676e-01;2.9250000e+02;2.5792077e-01;2.9250000e+02;2.8223151e-01;2.9250000e+02;2.8080511e-01;2.9250000e+02;2.5356045e-01;2.9250000e+02;2.1671550e-01;2.9250000e+02;1.7411107e-01;2.9250000e+02;1.2663285e-01;2.9250000e+02;8.3971873e-02;2.9250000e+02;4.5440145e-02;2.9250000e+02;2.9781191e-03;2.9250000e+02;1.5125913e-02;2.9250000e+02;3.4341812e-02;2.9250000e+02;5.7420488e-02;2.9250000e+02;8.3538279e-02;2.9250000e+02;1.1312523e-01;2.9250000e+02;1.4486830e-01;2.9250000e+02;1.7973278e-01;2.9250000e+02;2.1837676e-01;2.9250000e+02;2.5792077e-01;2.9250000e+02;2.8223151e-01;2.9250000e+02;2.8080511e-01;2.9250000e+02;2.5356045e-01;2.9250000e+02;2.1671550e-01;2.9250000e+02;1.7411107e-01;2.9250000e+02;1.2663285e-01;2.9250000e+02;8.3971873e-02;2.9250000e+02;4.5440145e-02;2.9250000e+02;2.9781191e-03;2.9250000e+02;1.5125913e-02;2.9250000e+02;3.4341812e-02;2.9250000e+02;5.7420488e-02;2.9250000e+02;8.3538279e-02;2.9250000e+02;1.1312523e-01;2.9250000e+02;1.4486830e-01;2.9250000e+02;1.7973278e-01;2.9250000e+02;2.1837676e-01;2.9250000e+02;2.5792077e-01;2.9250000e+02;2.8223151e-01;2.9250000e+02;2.8080511e-01;2.9250000e+02;2.5356045e-01;2.9250000e+02;2.1671550e-01;2.9250000e+02;1.7411107e-01;2.9250000e+02;1.2663285e-01;2.9250000e+02;8.3971873e-02;2.9250000e+02;4.5440145e-02;2.9250000e+02;2.9781191e-03;2.9250000e+02;1.5125913e-02;2.9250000e+02;3.4341812e-02;2.9250000e+02;5.7420488e-02;2.9250000e+02;8.3538279e-02;2.9250000e+02;1.1312523e-01;2.9250000e+02;1.4486830e-01;2.9250000e+02;1.7973278e-01;2.9250000e+02;2.1837676e-01;2.9250000e+02;2.5792077e-01;2.9250000e+02;2.8223151e-01;2.9250000e+02;2.8080511e-01;2.9250000e+02;2.5356045e-01;2.9250000e+02;2.1671550e-01;2.9250000e+02;1.7411107e-01;2.9250000e+02;1.2663285e-01;2.9250000e+02;8.3971873e-02;2.9250000e+02;4.5440145e-02;2.9250000e+02;2.9781191e-03;2.9250000e+02;1.5125913e-02;2.9250000e+02;3.4341812e-02;2.9250000e+02;5.7420488e-02;2.9250000e+02;8.3538279e-02;2.9250000e+02;1.1312523e-01;2.9250000e+02;1.4486830e-01;2.9250000e+02;1.7973278e-01;2.9250000e+02;2.1837676e-01;2.9250000e+02;2.5792077e-01;2.9250000e+02;2.8223151e-01;2.9250000e+02;2.8080511e-01;2.9250000e+02;2.5356045e-01;2.9250000e+02;2.1671550e-01;2.9250000e+02;1.7411107e-01;2.9250000e+02;1.2663285e-01;2.9250000e+02;8.3971873e-02;2.9250000e+02;4.5440145e-02;2.9250000e+02;2.9781191e-03;2.9250000e+02;1.5125913e-02;2.9250000e+02;3.4341812e-02;2.9250000e+02;5.7420488e-02;2.9250000e+02;8.3538279e-02;2.9250000e+02;1.1312523e-01;2.9250000e+02;1.4486830e-01;2.9250000e+02;1.7973278e-01;2.9250000e+02;2.1837676e-01;2.9250000e+02;2.5792077e-01;2.9250000e+02;2.8223151e-01;2.9250000e+02;2.8080511e-01;2.9250000e+02;2.5356045e-01;2.9250000e+02;2.1671550e-01;2.9250000e+02;1.7411107e-01;2.9250000e+02;1.2663285e-01;2.9250000e+02;8.3971873e-02;2.9250000e+02;4.5440145e-02;2.9250000e+02;2.9781191e-03;2.9250000e+02;1.5125913e-02;2.9250000e+02;3.4341812e-02;2.9250000e+02;5.7420488e-02;2.9250000e+02;8.3538279e-02;2.9250000e+02;1.1312523e-01;2.9250000e+02;1.4486830e-01;2.9250000e+02;1.7973278e-01;2.9250000e+02;2.1837676e-01;2.9250000e+02;2.5792077e-01;2.9250000e+02;2.8223151e-01;2.9250000e+02;2.8080511e-01;2.9250000e+02;2.5356045e-01;2.9250000e+02;2.1671550e-01;2.9250000e+02;1.7411107e-01;2.9250000e+02;1.2663285e-01;2.9250000e+02;8.3971873e-02;2.9250000e+02;4.5440145e-02;2.9250000e+02;2.9781191e-03;2.9250000e+02;1.5125913e-02;2.9250000e+02;3.4341812e-02;2.9250000e+02;5.7420488e-02;2.9250000e+02;8.3538279e-02;2.9250000e+02;1.1312523e-01;2.9250000e+02;1.4486830e-01;2.9250000e+02;1.7973278e-01;2.9250000e+02;2.1837676e-01;2.9250000e+02;2.5792077e-01;2.9250000e+02;2.8223151e-01;2.9250000e+02;2.8080511e-01;2.9250000e+02;2.5356045e-01;2.9250000e+02;2.1671550e-01;2.9250000e+02;1.7411107e-01;2.9250000e+02;1.2663285e-01;2.9250000e+02;8.3971873e-02;2.9250000e+02;4.5440145e-02;2.9250000e+02;2.9781191e-03;2.9250000e+02;1.5125913e-02;2.9250000e+02;3.4341812e-02;2.9250000e+02;5.7420488e-02;2.9250000e+02;8.3538279e-02;2.9250000e+02;1.1312523e-01;2.9250000e+02;1.4486830e-01;2.9250000e+02;1.7973278e-01;2.9250000e+02;2.1837676e-01;2.9250000e+02;2.5792077e-01;2.9250000e+02;2.8223151e-01;2.9250000e+02;2.8080511e-01;2.9250000e+02;2.5356045e-01;2.9250000e+02;2.1671550e-01;2.9250000e+02;1.7411107e-01;2.9250000e+02;1.2663285e-01;2.9250000e+02;8.3971873e-02;2.9250000e+02;4.5440145e-02
2.9750000e+02;4.2259935e-03;2.9750000e+02;1.6935732e-02;2.9750000e+02;3.6389790e-02;2.9750000e+02;6.0742203e-02;2.9750000e+02;8.8380799e-02;2.9750000e+02;1.1849000e-01;2.9750000e+02;1.5157636e-01;2.9750000e+02;1.8487719e-01;2.9750000e+02;2.2407736e-01;2.9750000e+02;2.6105067e-01;2.9750000e+02;2.8648669e-01;2.9750000e+02;2.8633198e-01;2.9750000e+02;2.6249230e-01;2.9750000e+02;2.2605954e-01;2.9750000e+02;1.8224853e-01;2.9750000e+02;1.3257746e-01;2.9750000e+02;8.7632649e-02;2.9750000e+02;4.7856893e-02;2.9750000e+02;4.2259935e-03;2.9750000e+02;1.6935732e-02;2.9750000e+02;3.6389790e-02;2.9750000e+02;6.0742203e-02;2.9750000e+02;8.8380799e-02;2.9750000e+02;1.1849000e-01;2.9750000e+02;1.5157636e-01;2.9750000e+02;1.8487719e-01;2.9750000e+02;2.2407736e-01;2.9750000e+02;2.6105067e-01;2.9750000e+02;2.8648669e-01;2.9750000e+02;2.8633198e-01;2.9750000e+02;2.6249230e-01;2.9750000e+02;2.2605954e-01;2.9750000e+02;1.8224853e-01;2.9750000e+02;1.3257746e-01;2.9750000e+02;8.7632649e-02;2.9750000e+02;4.7856893e-02;2.9750000e+02;4.2259935e-03;2.9750000e+02;1.6935732e-02;2.9750000e+02;3.6389790e-02;2.9750000e+02;6.0742203e-02;2.9750000e+02;8.8380799e-02;2.9750000e+02;1.1849000e-01;2.9750000e+02;1.5157636e-01;2.9750000e+02;1.8487719e-01;2.9750000e+02;2.2407736e-01;2.9750000e+02;2.6105067e-01;2.9750000e+02;2.8648669e-01;2.9750000e+02;2.8633198e-01;2.9750000e+02;2.6249230e-01;2.9750000e+02;2.2605954e-01;2.9750000e+02;1.8224853e-01;2.9750000e+02;1.3257746e-01;2.9750000e+02;8.7632649e-02;2.9750000e+02;4.7856893e-02;2.9750000e+02;4.2259935e-03;2.9750000e+02;1.6935732e-02;2.9750000e+02;3.6389790e-02;2.9750000e+02;6.0742203e-02;2.9750000e+02;8.8380799e-02;2.9750000e+02;1.1849000e-01;2.9750000e+02;1.5157636e-01;2.9750000e+02;1.8487719e-01;2.9750000e+02;2.2407736e-01;2.9750000e+02;2.6105067e-01;2.9750000e+02;2.8648669e-01;2.9750000e+02;2.8633198e-01;2.9750000e+02;2.6249230e-01;2.9750000e+02;2.2605954e-01;2.9750000e+02;1.8224853e-01;2.9750000e+02;1.3257746e-01;2.9750000e+02;8.7632649e-02;2.9750000e+02;4.7856893e-02;2.9750000e+02;4.2259935e-03;2.9750000e+02;1.6935732e-02;2.9750000e+02;3.6389790e-02;2.9750000e+02;6.0742203e-02;2.9750000e+02;8.8380799e-02;2.9750000e+02;1.1849000e-01;2.9750000e+02;1.5157636e-01;2.9750000e+02;1.8487719e-01;2.9750000e+02;2.2407736e-01;2.9750000e+02;2.6105067e-01;2.9750000e+02;2.8648669e-01;2.9750000e+02;2.8633198e-01;2.9750000e+02;2.6249230e-01;2.9750000e+02;2.2605954e-01;2.9750000e+02;1.8224853e-01;2.9750000e+02;1.3257746e-01;2.9750000e+02;8.7632649e-02;2.9750000e+02;4.7856893e-02;2.9750000e+02;4.2259935e-03;2.9750000e+02;1.6935732e-02;2.9750000e+02;3.6389790e-02;2.9750000e+02;6.0742203e-02;2.9750000e+02;8.8380799e-02;2.9750000e+02;1.1849000e-01;2.9750000e+02;1.5157636e-01;2.9750000e+02;1.8487719e-01;2.9750000e+02;2.2407736e-01;2.9750000e+02;2.6105067e-01;2.9750000e+02;2.8648669e-01;2.9750000e+02;2.8633198e-01;2.9750000e+02;2.6249230e-01;2.9750000e+02;2.2605954e-01;2.9750000e+02;1.8224853e-01;2.9750000e+02;1.3257746e-01;2.9750000e+02;8.7632649e-02;2.9750000e+02;4.7856893e-02;2.9750000e+02;4.2259935e-03;2.9750000e+02;1.6935732e-02;2.9750000e+02;3.6389790e-02;2.9750000e+02;6.0742203e-02;2.9750000e+02;8.8380799e-02;2.9750000e+02;1.1849000e-01;2.9750000e+02;1.5157636e-01;2.9750000e+02;1.8487719e-01;2.9750000e+02;2.2407736e-01;2.9750000e+02;2.6105067e-01;2.9750000e+02;2.8648669e-01;2.9750000e+02;2.8633198e-01;2.9750000e+02;2.6249230e-01;2.9750000e+02;2.2605954e-01;2.9750000e+02;1.8224853e-01;2.9750000e+02;1.3257746e-01;2.9750000e+02;8.7632649e-02;2.9750000e+02;4.7856893e-02;2.9750000e+02;4.2259935e-03;2.9750000e+02;1.6935732e-02;2.9750000e+02;3.6389790e-02;2.9750000e+02;6.0742203e-02;2.9750000e+02;8.8380799e-02;2.9750000e+02;1.1849000e-01;2.9750000e+02;1.5157636e-01;2.9750000e+02;1.8487719e-01;2.9750000e+02;2.2407736e-01;2.9750000e+02;2.6105067e-01;2.9750000e+02;2.8648669e-01;2.9750000e+02;2.8633198e-01;2.9750000e+02;2.6249230e-01;2.9750000e+02;2.2605954e-01;2.9750000e+02;1.8224853e-01;2.9750000e+02;1.3257746e-01;2.9750000e+02;8.7632649e-02;2.9750000e+02;4.7856893e-02;2.9750000e+02;4.2259935e-03;2.9750000e+02;1.6935732e-02;2.9750000e+02;3.6389790e-02;2.9750000e+02;6.0742203e-02;2.9750000e+02;8.8380799e-02;2.9750000e+02;1.1849000e-01;2.9750000e+02;1.5157636e-01;2.9750000e+02;1.8487719e-01;2.9750000e+02;2.2407736e-01;2.9750000e+02;2.6105067e-01;2.9750000e+02;2.8648669e-01;2.9750000e+02;2.8633198e-01;2.9750000e+02;2.6249230e-01;2.9750000e+02;2.2605954e-01;2.9750000e+02;1.8224853e-01;2.9750000e+02;1.3257746e-01;2.9750000e+02;8.7632649e-02;2.9750000e+02;4.7856893e-02;2.9750000e+02;4.2259935e-03;2.9750000e+02;1.6935732e-02;2.9750000e+02;3.6389790e-02;2.9750000e+02;6.0742203e-02;2.9750000e+02;8.8380799e-02;2.9750000e+02;1.1849000e-01;2.9750000e+02;1.5157636e-01;2.9750000e+02;1.8487719e-01;2.9750000e+02;2.2407736e-01;2.9750000e+02;2.6105067e-01;2.9750000e+02;2.8648669e-01;2.9750000e+02;2.8633198e-01;2.9750000e+02;2.6249230e-01;2.9750000e+02;2.2605954e-01;2.9750000e+02;1.8224853e-01;2.9750000e+02;1.3257746e-01;2.9750000e+02;8.7632649e-02;2.9750000e+02;4.7856893e-02;2.9750000e+02;4.2259935e-03;2.9750000e+02;1.6935732e-02;2.9750000e+02;3.6389790e-02;2.9750000e+02;6.0742203e-02;2.9750000e+02;8.8380799e-02;2.9750000e+02;1.1849000e-01;2.9750000e+02;1.5157636e-01;2.9750000e+02;1.8487719e-01;2.9750000e+02;2.2407736e-01;2.9750000e+02;2.6105067e-01;2.9750000e+02;2.8648669e-01;2.9750000e+02;2.8633198e-01;2.9750000e+02;2.6249230e-01;2.9750000e+02;2.2605954e-01;2.9750000e+02;1.8224853e-01;2.9750000e+02;1.3257746e-01;2.9750000e+02;8.7632649e-02;2.9750000e+02;4.7856893e-02;2.9750000e+02;4.2259935e-03;2.9750000e+02;1.6935732e-02;2.9750000e+02;3.6389790e-02;2.9750000e+02;6.0742203e-02;2.9750000e+02;8.8380799e-02;2.9750000e+02;1.1849000e-01;2.9750000e+02;1.5157636e-01;2.9750000e+02;1.8487719e-01;2.9750000e+02;2.2407736e-01;2.9750000e+02;2.6105067e-01;2.9750000e+02;2.8648669e-01;2.9750000e+02;2.8633198e-01;2.9750000e+02;2.6249230e-01;2.9750000e+02;2.2605954e-01;2.9750000e+02;1.8224853e-01;2.9750000e+02;1.3257746e-01;2.9750000e+02;8.7632649e-02;2.9750000e+02;4.7856893e-02;2.9750000e+02;4.2259935e-03;2.9750000e+02;1.6935732e-02;2.9750000e+02;3.6389790e-02;2.9750000e+02;6.0742203e-02;2.9750000e+02;8.8380799e-02;2.9750000e+02;1.1849000e-01;2.9750000e+02;1.5157636e-01;2.9750000e+02;1.8487719e-01;2.9750000e+02;2.2407736e-01;2.9750000e+02;2.6105067e-01;2.9750000e+02;2.8648669e-01;2.9750000e+02;2.8633198e-01;2.9750000e+02;2.6249230e-01;2.9750000e+02;2.2605954e-01;2.9750000e+02;1.8224853e-01;2.9750000e+02;1.3257746e-01;2.9750000e+02;8.7632649e-02;2.9750000e+02;4.7856893e-02;2.9750000e+02;4.2259935e-03;2.9750000e+02;1.6935732e-02;2.9750000e+02;3.6389790e-02;2.9750000e+02;6.0742203e-02;2.9750000e+02;8.8380799e-02;2.9750000e+02;1.1849000e-01;2.9750000e+02;1.5157636e-01;2.9750000e+02;1.8487719e-01;2.9750000e+02;2.2407736e-01;2.9750000e+02;2.6105067e-01;2.9750000e+02;2.8648669e-01;2.9750000e+02;2.8633198e-01;2.9750000e+02;2.6249230e-01;2.9750000e+02;2.2605954e-01;2.9750000e+02;1.8224853e-01;2.9750000e+02;1.3257746e-01;2.9750000e+02;8.7632649e-02;2.9750000e+02;4.7856893e-02;2.9750000e+02;4.2259935e-03;2.9750000e+02;1.6935732e-02;2.9750000e+02;3.6389790e-02;2.9750000e+02;6.0742203e-02;2.9750000e+02;8.8380799e-02;2.9750000e+02;1.1849000e-01;2.9750000e+02;1.5157636e-01;2.9750000e+02;1.8487719e-01;2.9750000e+02;2.2407736e-01;2.9750000e+02;2.6105067e-01;2.9750000e+02;2.8648669e-01;2.9750000e+02;2.8633198e-01;2.9750000e+02;2.6249230e-01;2.9750000e+02;2.2605954e-01;2.9750000e+02;1.8224853e-01;2.9750000e+02;1.3257746e-01;2.9750000e+02;8.7632649e-02;2.9750000e+02;4.7856893e-02;2.9750000e+02;4.2259935e-03;2.9750000e+02;1.6935732e-02;2.9750000e+02;3.6389790e-02;2.9750000e+02;6.0742203e-02;2.9750000e+02;8.8380799e-02;2.9750000e+02;1.1849000e-01;2.9750000e+02;1.5157636e-01;2.9750000e+02;1.8487719e-01;2.9750000e+02;2.2407736e-01;2.9750000e+02;2.6105067e-01;2.9750000e+02;2.8648669e-01;2.9750000e+02;2.8633198e-01;2.9750000e+02;2.6249230e-01;2.9750000e+02;2.2605954e-01;2.9750000e+02;1.8224853e-01;2.9750000e+02;1.3257746e-01;2.9750000e+02;8.7632649e-02;2.9750000e+02;4.7856893e-02;2.9750000e+02;4.2259935e-03;2.9750000e+02;1.6935732e-02;2.9750000e+02;3.6389790e-02;2.9750000e+02;6.0742203e-02;2.9750000e+02;8.8380799e-02;2.9750000e+02;1.1849000e-01;2.9750000e+02;1.5157636e-01;2.9750000e+02;1.8487719e-01;2.9750000e+02;2.2407736e-01;2.9750000e+02;2.6105067e-01;2.9750000e+02;2.8648669e-01;2.9750000e+02;2.8633198e-01;2.9750000e+02;2.6249230e-01;2.9750000e+02;2.2605954e-01;2.9750000e+02;1.8224853e-01;2.9750000e+02;1.3257746e-01;2.9750000e+02;8.7632649e-02;2.9750000e+02;4.7856893e-02;2.9750000e+02;4.2259935e-03;2.9750000e+02;1.6935732e-02;2.9750000e+02;3.6389790e-02;2.9750000e+02;6.0742203e-02;2.9750000e+02;8.8380799e-02;2.9750000e+02;1.1849000e-01;2.9750000e+02;1.5157636e-01;2.9750000e+02;1.8487719e-01;2.9750000e+02;2.2407736e-01;2.9750000e+02;2.6105067e-01;2.9750000e+02;2.8648669e-01;2.9750000e+02;2.8633198e-01;2.9750000e+02;2.6249230e-01;2.9750000e+02;2.2605954e-01;2.9750000e+02;1.8224853e-01;2.9750000e+02;1.3257746e-01;2.9750000e+02;8.7632649e-02;2.9750000e+02;4.7856893e-02;2.9750000e+02;4.2259935e-03;2.9750000e+02;1.6935732e-02;2.9750000e+02;3.6389790e-02;2.9750000e+02;6.0742203e-02;2.9750000e+02;8.8380799e-02;2.9750000e+02;1.1849000e-01;2.9750000e+02;1.5157636e-01;2.9750000e+02;1.8487719e-01;2.9750000e+02;2.2407736e-01;2.9750000e+02;2.6105067e-01;2.9750000e+02;2.8648669e-01;2.9750000e+02;2.8633198e-01;2.9750000e+02;2.6249230e-01;2.9750000e+02;2.2605954e-01;2.9750000e+02;1.8224853e-01;2.9750000e+02;1.3257746e-01;2.9750000e+02;8.7632649e-02;2.9750000e+02;4.7856893e-02;2.9750000e+02;4.2259935e-03;2.9750000e+02;1.6935732e-02;2.9750000e+02;3.6389790e-02;2.9750000e+02;6.0742203e-02;2.9750000e+02;8.8380799e-02;2.9750000e+02;1.1849000e-01;2.9750000e+02;1.5157636e-01;2.9750000e+02;1.8487719e-01;2.9750000e+02;2.2407736e-01;2.9750000e+02;2.6105067e-01;2.9750000e+02;2.8648669e-01;2.9750000e+02;2.8633198e-01;2.9750000e+02;2.6249230e-01;2.9750000e+02;2.2605954e-01;2.9750000e+02;1.8224853e-01;2.9750000e+02;1.3257746e-01;2.9750000e+02;8.7632649e-02;2.9750000e+02;4.7856893e-02;2.9750000e+02;4.2259935e-03;2.9750000e+02;1.6935732e-02;2.9750000e+02;3.6389790e-02;2.9750000e+02;6.0742203e-02;2.9750000e+02;8.8380799e-02;2.9750000e+02;1.1849000e-01;2.9750000e+02;1.5157636e-01;2.9750000e+02;1.8487719e-01;2.9750000e+02;2.2407736e-01;2.9750000e+02;2.6105067e-01;2.9750000e+02;2.8648669e-01;2.9750000e+02;2.8633198e-01;2.9750000e+02;2.6249230e-01;2.9750000e+02;2.2605954e-01;2.9750000e+02;1.8224853e-01;2.9750000e+02;1.3257746e-01;2.9750000e+02;8.7632649e-02;2.9750000e+02;4.7856893e-02;2.9750000e+02;4.2259935e-03;2.9750000e+02;1.6935732e-02;2.9750000e+02;3.6389790e-02;2.9750000e+02;6.0742203e-02;2.9750000e+02;8.8380799e-02;2.9750000e+02;1.1849000e-01;2.9750000e+02;1.5157636e-01;2.9750000e+02;1.8487719e-01;2.9750000e+02;2.2407736e-01;2.9750000e+02;2.6105067e-01;2.9750000e+02;2.8648669e-01;2.9750000e+02;2.8633198e-01;2.9750000e+02;2.6249230e-01;2.9750000e+02;2.2605954e-01;2.9750000e+02;1.8224853e-01;2.9750000e+02;1.3257746e-01;2.9750000e+02;8.7632649e-02;2.9750000e+02;4.7856893e-02;2.9750000e+02;4.2259935e-03;2.9750000e+02;1.6935732e-02;2.9750000e+02;3.6389790e-02;2.9750000e+02;6.0742203e-02;2.9750000e+02;8.8380799e-02;2.9750000e+02;1.1849000e-01;2.9750000e+02;1.5157636e-01;2.9750000e+02;1.8487719e-01;2.9750000e+02;2.2407736e-01;2.9750000e+02;2.6105067e-01;2.9750000e+02;2.8648669e-01;2.9750000e+02;2.8633198e-01;2.9750000e+02;2.6249230e-01;2.9750000e+02;2.2605954e-01;2.9750000e+02;1.8224853e-01;2.9750000e+02;1.3257746e-01;2.9750000e+02;8.7632649e-02;2.9750000e+02;4.7856893e-02;2.9750000e+02;4.2259935e-03;2.9750000e+02;1.6935732e-02;2.9750000e+02;3.6389790e-02;2.9750000e+02;6.0742203e-02;2.9750000e+02;8.8380799e-02;2.9750000e+02;1.1849000e-01;2.9750000e+02;1.5157636e-01;2.9750000e+02;1.8487719e-01;2.9750000e+02;2.2407736e-01;2.9750000e+02;2.6105067e-01;2.9750000e+02;2.8648669e-01;2.9750000e+02;2.8633198e-01;2.9750000e+02;2.6249230e-01;2.9750000e+02;2.2605954e-01;2.9750000e+02;1.8224853e-01;2.9750000e+02;1.3257746e-01;2.9750000e+02;8.7632649e-02;2.9750000e+02;4.7856893e-02;2.9750000e+02;4.2259935e-03;2.9750000e+02;1.6935732e-02;2.9750000e+02;3.6389790e-02;2.9750000e+02;6.0742203e-02;2.9750000e+02;8.8380799e-02;2.9750000e+02;1.1849000e-01;2.9750000e+02;1.5157636e-01;2.9750000e+02;1.8487719e-01;2.9750000e+02;2.2407736e-01;2.9750000e+02;2.6105067e-01;2.9750000e+02;2.8648669e-01;2.9750000e+02;2.8633198e-01;2.9750000e+02;2.6249230e-01;2.9750000e+02;2.2605954e-01;2.9750000e+02;1.8224853e-01;2.9750000e+02;1.3257746e-01;2.9750000e+02;8.7632649e-02;2.9750000e+02;4.7856893e-02;2.9750000e+02;4.2259935e-03;2.9750000e+02;1.6935732e-02;2.9750000e+02;3.6389790e-02;2.9750000e+02;6.0742203e-02;2.9750000e+02;8.8380799e-02;2.9750000e+02;1.1849000e-01;2.9750000e+02;1.5157636e-01;2.9750000e+02;1.8487719e-01;2.9750000e+02;2.2407736e-01;2.9750000e+02;2.6105067e-01;2.9750000e+02;2.8648669e-01;2.9750000e+02;2.8633198e-01;2.9750000e+02;2.6249230e-01;2.9750000e+02;2.2605954e-01;2.9750000e+02;1.8224853e-01;2.9750000e+02;1.3257746e-01;2.9750000e+02;8.7632649e-02;2.9750000e+02;4.7856893e-02;2.9750000e+02;4.2259935e-03;2.9750000e+02;1.6935732e-02;2.9750000e+02;3.6389790e-02;2.9750000e+02;6.0742203e-02;2.9750000e+02;8.8380799e-02;2.9750000e+02;1.1849000e-01;2.9750000e+02;1.5157636e-01;2.9750000e+02;1.8487719e-01;2.9750000e+02;2.2407736e-01;2.9750000e+02;2.6105067e-01;2.9750000e+02;2.8648669e-01;2.9750000e+02;2.8633198e-01;2.9750000e+02;2.6249230e-01;2.9750000e+02;2.2605954e-01;2.9750000e+02;1.8224853e-01;2.9750000e+02;1.3257746e-01;2.9750000e+02;8.7632649e-02;2.9750000e+02;4.7856893e-02;2.9750000e+02;4.2259935e-03;2.9750000e+02;1.6935732e-02;2.9750000e+02;3.6389790e-02;2.9750000e+02;6.0742203e-02;2.9750000e+02;8.8380799e-02;2.9750000e+02;1.1849000e-01;2.9750000e+02;1.5157636e-01;2.9750000e+02;1.8487719e-01;2.9750000e+02;2.2407736e-01;2.9750000e+02;2.6105067e-01;2.9750000e+02;2.8648669e-01;2.9750000e+02;2.8633198e-01;2.9750000e+02;2.6249230e-01;2.9750000e+02;2.2605954e-01;2.9750000e+02;1.8224853e-01;2.9750000e+02;1.3257746e-01;2.9750000e+02;8.7632649e-02;2.9750000e+02;4.7856893e-02;2.9750000e+02;4.2259935e-03;2.9750000e+02;1.6935732e-02;2.9750000e+02;3.6389790e-02;2.9750000e+02;6.0742203e-02;2.9750000e+02;8.8380799e-02;2.9750000e+02;1.1849000e-01;2.9750000e+02;1.5157636e-01;2.9750000e+02;1.8487719e-01;2.9750000e+02;2.2407736e-01;2.9750000e+02;2.6105067e-01;2.9750000e+02;2.8648669e-01;2.9750000e+02;2.8633198e-01;2.9750000e+02;2.6249230e-01;2.9750000e+02;2.2605954e-01;2.9750000e+02;1.8224853e-01;2.9750000e+02;1.3257746e-01;2.9750000e+02;8.7632649e-02;2.9750000e+02;4.7856893e-02;2.9750000e+02;4.2259935e-03;2.9750000e+02;1.6935732e-02;2.9750000e+02;3.6389790e-02;2.9750000e+02;6.0742203e-02;2.9750000e+02;8.8380799e-02;2.9750000e+02;1.1849000e-01;2.9750000e+02;1.5157636e-01;2.9750000e+02;1.8487719e-01;2.9750000e+02;2.2407736e-01;2.9750000e+02;2.6105067e-01;2.9750000e+02;2.8648669e-01;2.9750000e+02;2.8633198e-01;2.9750000e+02;2.6249230e-01;2.9750000e+02;2.2605954e-01;2.9750000e+02;1.8224853e-01;2.9750000e+02;1.3257746e-01;2.9750000e+02;8.7632649e-02;2.9750000e+02;4.7856893e-02;2.9750000e+02;4.2259935e-03;2.9750000e+02;1.6935732e-02;2.9750000e+02;3.6389790e-02;2.9750000e+02;6.0742203e-02;2.9750000e+02;8.8380799e-02;2.9750000e+02;1.1849000e-01;2.9750000e+02;1.5157636e-01;2.9750000e+02;1.8487719e-01;2.9750000e+02;2.2407736e-01;2.9750000e+02;2.6105067e-01;2.9750000e+02;2.8648669e-01;2.9750000e+02;2.8633198e-01;2.9750000e+02;2.6249230e-01;2.9750000e+02;2.2605954e-01;2.9750000e+02;1.8224853e-01;2.9750000e+02;1.3257746e-01;2.9750000e+02;8.7632649e-02;2.9750000e+02;4.7856893e-02;2.9750000e+02;4.2259935e-03;2.9750000e+02;1.6935732e-02;2.9750000e+02;3.6389790e-02;2.9750000e+02;6.0742203e-02;2.9750000e+02;8.8380799e-02;2.9750000e+02;1.1849000e-01;2.9750000e+02;1.5157636e-01;2.9750000e+02;1.8487719e-01;2.9750000e+02;2.2407736e-01;2.9750000e+02;2.6105067e-01;2.9750000e+02;2.8648669e-01;2.9750000e+02;2.8633198e-01;2.9750000e+02;2.6249230e-01;2.9750000e+02;2.2605954e-01;2.9750000e+02;1.8224853e-01;2.9750000e+02;1.3257746e-01;2.9750000e+02;8.7632649e-02;2.9750000e+02;4.7856893e-02;2.9750000e+02;4.2259935e-03;2.9750000e+02;1.6935732e-02;2.9750000e+02;3.6389790e-02;2.9750000e+02;6.0742203e-02;2.9750000e+02;8.8380799e-02;2.9750000e+02;1.1849000e-01;2.9750000e+02;1.5157636e-01;2.9750000e+02;1.8487719e-01;2.9750000e+02;2.2407736e-01;2.9750000e+02;2.6105067e-01;2.9750000e+02;2.8648669e-01;2.9750000e+02;2.8633198e-01;2.9750000e+02;2.6249230e-01;2.9750000e+02;2.2605954e-01;2.9750000e+02;1.8224853e-01;2.9750000e+02;1.3257746e-01;2.9750000e+02;8.7632649e-02;2.9750000e+02;4.7856893e-02;2.9750000e+02;4.2259935e-03;2.9750000e+02;1.6935732e-02;2.9750000e+02;3.6389790e-02;2.9750000e+02;6.0742203e-02;2.9750000e+02;8.8380799e-02;2.9750000e+02;1.1849000e-01;2.9750000e+02;1.5157636e-01;2.9750000e+02;1.8487719e-01;2.9750000e+02;2.2407736e-01;2.9750000e+02;2.6105067e-01;2.9750000e+02;2.8648669e-01;2.9750000e+02;2.8633198e-01;2.9750000e+02;2.6249230e-01;2.9750000e+02;2.2605954e-01;2.9750000e+02;1.8224853e-01;2.9750000e+02;1.3257746e-01;2.9750000e+02;8.7632649e-02;2.9750000e+02;4.7856893e-02;2.9750000e+02;4.2259935e-03;2.9750000e+02;1.6935732e-02;2.9750000e+02;3.6389790e-02;2.9750000e+02;6.0742203e-02;2.9750000e+02;8.8380799e-02;2.9750000e+02;1.1849000e-01;2.9750000e+02;1.5157636e-01;2.9750000e+02;1.8487719e-01;2.9750000e+02;2.2407736e-01;2.9750000e+02;2.6105067e-01;2.9750000e+02;2.8648669e-01;2.9750000e+02;2.8633198e-01;2.9750000e+02;2.6249230e-01;2.9750000e+02;2.2605954e-01;2.9750000e+02;1.8224853e-01;2.9750000e+02;1.3257746e-01;2.9750000e+02;8.7632649e-02;2.9750000e+02;4.7856893e-02;2.9750000e+02;4.2259935e-03;2.9750000e+02;1.6935732e-02;2.9750000e+02;3.6389790e-02;2.9750000e+02;6.0742203e-02;2.9750000e+02;8.8380799e-02;2.9750000e+02;1.1849000e-01;2.9750000e+02;1.5157636e-01;2.9750000e+02;1.8487719e-01;2.9750000e+02;2.2407736e-01;2.9750000e+02;2.6105067e-01;2.9750000e+02;2.8648669e-01;2.9750000e+02;2.8633198e-01;2.9750000e+02;2.6249230e-01;2.9750000e+02;2.2605954e-01;2.9750000e+02;1.8224853e-01;2.9750000e+02;1.3257746e-01;2.9750000e+02;8.7632649e-02;2.9750000e+02;4.7856893e-02;2.9750000e+02;4.2259935e-03;2.9750000e+02;1.6935732e-02;2.9750000e+02;3.6389790e-02;2.9750000e+02;6.0742203e-02;2.9750000e+02;8.8380799e-02;2.9750000e+02;1.1849000e-01;2.9750000e+02;1.5157636e-01;2.9750000e+02;1.8487719e-01;2.9750000e+02;2.2407736e-01;2.9750000e+02;2.6105067e-01;2.9750000e+02;2.8648669e-01;2.9750000e+02;2.8633198e-01;2.9750000e+02;2.6249230e-01;2.9750000e+02;2.2605954e-01;2.9750000e+02;1.8224853e-01;2.9750000e+02;1.3257746e-01;2.9750000e+02;8.7632649e-02;2.9750000e+02;4.7856893e-02;2.9750000e+02;4.2259935e-03;2.9750000e+02;1.6935732e-02;2.9750000e+02;3.6389790e-02;2.9750000e+02;6.0742203e-02;2.9750000e+02;8.8380799e-02;2.9750000e+02;1.1849000e-01;2.9750000e+02;1.5157636e-01;2.9750000e+02;1.8487719e-01;2.9750000e+02;2.2407736e-01;2.9750000e+02;2.6105067e-01;2.9750000e+02;2.8648669e-01;2.9750000e+02;2.8633198e-01;2.9750000e+02;2.6249230e-01;2.9750000e+02;2.2605954e-01;2.9750000e+02;1.8224853e-01;2.9750000e+02;1.3257746e-01;2.9750000e+02;8.7632649e-02;2.9750000e+02;4.7856893e-02;2.9750000e+02;4.2259935e-03;2.9750000e+02;1.6935732e-02;2.9750000e+02;3.6389790e-02;2.9750000e+02;6.0742203e-02;2.9750000e+02;8.8380799e-02;2.9750000e+02;1.1849000e-01;2.9750000e+02;1.5157636e-01;2.9750000e+02;1.8487719e-01;2.9750000e+02;2.2407736e-01;2.9750000e+02;2.6105067e-01;2.9750000e+02;2.8648669e-01;2.9750000e+02;2.8633198e-01;2.9750000e+02;2.6249230e-01;2.9750000e+02;2.2605954e-01;2.9750000e+02;1.8224853e-01;2.9750000e+02;1.3257746e-01;2.9750000e+02;8.7632649e-02;2.9750000e+02;4.7856893e-02;2.9750000e+02;4.2259935e-03;2.9750000e+02;1.6935732e-02;2.9750000e+02;3.6389790e-02;2.9750000e+02;6.0742203e-02;2.9750000e+02;8.8380799e-02;2.9750000e+02;1.1849000e-01;2.9750000e+02;1.5157636e-01;2.9750000e+02;1.8487719e-01;2.9750000e+02;2.2407736e-01;2.9750000e+02;2.6105067e-01;2.9750000e+02;2.8648669e-01;2.9750000e+02;2.8633198e-01;2.9750000e+02;2.6249230e-01;2.9750000e+02;2.2605954e-01;2.9750000e+02;1.8224853e-01;2.9750000e+02;1.3257746e-01;2.9750000e+02;8.7632649e-02;2.9750000e+02;4.7856893e-02;2.9750000e+02;4.2259935e-03;2.9750000e+02;1.6935732e-02;2.9750000e+02;3.6389790e-02;2.9750000e+02;6.0742203e-02;2.9750000e+02;8.8380799e-02;2.9750000e+02;1.1849000e-01;2.9750000e+02;1.5157636e-01;2.9750000e+02;1.8487719e-01;2.9750000e+02;2.2407736e-01;2.9750000e+02;2.6105067e-01;2.9750000e+02;2.8648669e-01;2.9750000e+02;2.8633198e-01;2.9750000e+02;2.6249230e-01;2.9750000e+02;2.2605954e-01;2.9750000e+02;1.8224853e-01;2.9750000e+02;1.3257746e-01;2.9750000e+02;8.7632649e-02;2.9750000e+02;4.7856893e-02;2.9750000e+02;4.2259935e-03;2.9750000e+02;1.6935732e-02;2.9750000e+02;3.6389790e-02;2.9750000e+02;6.0742203e-02;2.9750000e+02;8.8380799e-02;2.9750000e+02;1.1849000e-01;2.9750000e+02;1.5157636e-01;2.9750000e+02;1.8487719e-01;2.9750000e+02;2.2407736e-01;2.9750000e+02;2.6105067e-01;2.9750000e+02;2.8648669e-01;2.9750000e+02;2.8633198e-01;2.9750000e+02;2.6249230e-01;2.9750000e+02;2.2605954e-01;2.9750000e+02;1.8224853e-01;2.9750000e+02;1.3257746e-01;2.9750000e+02;8.7632649e-02;2.9750000e+02;4.7856893e-02;2.9750000e+02;4.2259935e-03;2.9750000e+02;1.6935732e-02;2.9750000e+02;3.6389790e-02;2.9750000e+02;6.0742203e-02;2.9750000e+02;8.8380799e-02;2.9750000e+02;1.1849000e-01;2.9750000e+02;1.5157636e-01;2.9750000e+02;1.8487719e-01;2.9750000e+02;2.2407736e-01;2.9750000e+02;2.6105067e-01;2.9750000e+02;2.8648669e-01;2.9750000e+02;2.8633198e-01;2.9750000e+02;2.6249230e-01;2.9750000e+02;2.2605954e-01;2.9750000e+02;1.8224853e-01;2.9750000e+02;1.3257746e-01;2.9750000e+02;8.7632649e-02;2.9750000e+02;4.7856893e-02;2.9750000e+02;4.2259935e-03;2.9750000e+02;1.6935732e-02;2.9750000e+02;3.6389790e-02;2.9750000e+02;6.0742203e-02;2.9750000e+02;8.8380799e-02;2.9750000e+02;1.1849000e-01;2.9750000e+02;1.5157636e-01;2.9750000e+02;1.8487719e-01;2.9750000e+02;2.2407736e-01;2.9750000e+02;2.6105067e-01;2.9750000e+02;2.8648669e-01;2.9750000e+02;2.8633198e-01;2.9750000e+02;2.6249230e-01;2.9750000e+02;2.2605954e-01;2.9750000e+02;1.8224853e-01;2.9750000e+02;1.3257746e-01;2.9750000e+02;8.7632649e-02;2.9750000e+02;4.7856893e-02;2.9750000e+02;4.2259935e-03;2.9750000e+02;1.6935732e-02;2.9750000e+02;3.6389790e-02;2.9750000e+02;6.0742203e-02;2.9750000e+02;8.8380799e-02;2.9750000e+02;1.1849000e-01;2.9750000e+02;1.5157636e-01;2.9750000e+02;1.8487719e-01;2.9750000e+02;2.2407736e-01;2.9750000e+02;2.6105067e-01;2.9750000e+02;2.8648669e-01;2.9750000e+02;2.8633198e-01;2.9750000e+02;2.6249230e-01;2.9750000e+02;2.2605954e-01;2.9750000e+02;1.8224853e-01;2.9750000e+02;1.3257746e-01;2.9750000e+02;8.7632649e-02;2.9750000e+02;4.7856893e-02;2.9750000e+02;4.2259935e-03;2.9750000e+02;1.6935732e-02;2.9750000e+02;3.6389790e-02;2.9750000e+02;6.0742203e-02;2.9750000e+02;8.8380799e-02;2.9750000e+02;1.1849000e-01;2.9750000e+02;1.5157636e-01;2.9750000e+02;1.8487719e-01;2.9750000e+02;2.2407736e-01;2.9750000e+02;2.6105067e-01;2.9750000e+02;2.8648669e-01;2.9750000e+02;2.8633198e-01;2.9750000e+02;2.6249230e-01;2.9750000e+02;2.2605954e-01;2.9750000e+02;1.8224853e-01;2.9750000e+02;1.3257746e-01;2.9750000e+02;8.7632649e-02;2.9750000e+02;4.7856893e-02;2.9750000e+02;4.2259935e-03;2.9750000e+02;1.6935732e-02;2.9750000e+02;3.6389790e-02;2.9750000e+02;6.0742203e-02;2.9750000e+02;8.8380799e-02;2.9750000e+02;1.1849000e-01;2.9750000e+02;1.5157636e-01;2.9750000e+02;1.8487719e-01;2.9750000e+02;2.2407736e-01;2.9750000e+02;2.6105067e-01;2.9750000e+02;2.8648669e-01;2.9750000e+02;2.8633198e-01;2.9750000e+02;2.6249230e-01;2.9750000e+02;2.2605954e-01;2.9750000e+02;1.8224853e-01;2.9750000e+02;1.3257746e-01;2.9750000e+02;8.7632649e-02;2.9750000e+02;4.7856893e-02;2.9750000e+02;4.2259935e-03;2.9750000e+02;1.6935732e-02;2.9750000e+02;3.6389790e-02;2.9750000e+02;6.0742203e-02;2.9750000e+02;8.8380799e-02;2.9750000e+02;1.1849000e-01;2.9750000e+02;1.5157636e-01;2.9750000e+02;1.8487719e-01;2.9750000e+02;2.2407736e-01;2.9750000e+02;2.6105067e-01;2.9750000e+02;2.8648669e-01;2.9750000e+02;2.8633198e-01;2.9750000e+02;2.6249230e-01;2.9750000e+02;2.2605954e-01;2.9750000e+02;1.8224853e-01;2.9750000e+02;1.3257746e-01;2.9750000e+02;8.7632649e-02;2.9750000e+02;4.7856893e-02;2.9750000e+02;4.2259935e-03;2.9750000e+02;1.6935732e-02;2.9750000e+02;3.6389790e-02;2.9750000e+02;6.0742203e-02;2.9750000e+02;8.8380799e-02;2.9750000e+02;1.1849000e-01;2.9750000e+02;1.5157636e-01;2.9750000e+02;1.8487719e-01;2.9750000e+02;2.2407736e-01;2.9750000e+02;2.6105067e-01;2.9750000e+02;2.8648669e-01;2.9750000e+02;2.8633198e-01;2.9750000e+02;2.6249230e-01;2.9750000e+02;2.2605954e-01;2.9750000e+02;1.8224853e-01;2.9750000e+02;1.3257746e-01;2.9750000e+02;8.7632649e-02;2.9750000e+02;4.7856893e-02;2.9750000e+02;4.2259935e-03;2.9750000e+02;1.6935732e-02;2.9750000e+02;3.6389790e-02;2.9750000e+02;6.0742203e-02;2.9750000e+02;8.8380799e-02;2.9750000e+02;1.1849000e-01;2.9750000e+02;1.5157636e-01;2.9750000e+02;1.8487719e-01;2.9750000e+02;2.2407736e-01;2.9750000e+02;2.6105067e-01;2.9750000e+02;2.8648669e-01;2.9750000e+02;2.8633198e-01;2.9750000e+02;2.6249230e-01;2.9750000e+02;2.2605954e-01;2.9750000e+02;1.8224853e-01;2.9750000e+02;1.3257746e-01;2.9750000e+02;8.7632649e-02;2.9750000e+02;4.7856893e-02;2.9750000e+02;4.2259935e-03;2.9750000e+02;1.6935732e-02;2.9750000e+02;3.6389790e-02;2.9750000e+02;6.0742203e-02;2.9750000e+02;8.8380799e-02;2.9750000e+02;1.1849000e-01;2.9750000e+02;1.5157636e-01;2.9750000e+02;1.8487719e-01;2.9750000e+02;2.2407736e-01;2.9750000e+02;2.6105067e-01;2.9750000e+02;2.8648669e-01;2.9750000e+02;2.8633198e-01;2.9750000e+02;2.6249230e-01;2.9750000e+02;2.2605954e-01;2.9750000e+02;1.8224853e-01;2.9750000e+02;1.3257746e-01;2.9750000e+02;8.7632649e-02;2.9750000e+02;4.7856893e-02;2.9750000e+02;4.2259935e-03;2.9750000e+02;1.6935732e-02;2.9750000e+02;3.6389790e-02;2.9750000e+02;6.0742203e-02;2.9750000e+02;8.8380799e-02;2.9750000e+02;1.1849000e-01;2.9750000e+02;1.5157636e-01;2.9750000e+02;1.8487719e-01;2.9750000e+02;2.2407736e-01;2.9750000e+02;2.6105067e-01;2.9750000e+02;2.8648669e-01;2.9750000e+02;2.8633198e-01;2.9750000e+02;2.6249230e-01;2.9750000e+02;2.2605954e-01;2.9750000e+02;1.8224853e-01;2.9750000e+02;1.3257746e-01;2.9750000e+02;8.7632649e-02;2.9750000e+02;4.7856893e-02;2.9750000e+02;4.2259935e-03;2.9750000e+02;1.6935732e-02;2.9750000e+02;3.6389790e-02;2.9750000e+02;6.0742203e-02;2.9750000e+02;8.8380799e-02;2.9750000e+02;1.1849000e-01;2.9750000e+02;1.5157636e-01;2.9750000e+02;1.8487719e-01;2.9750000e+02;2.2407736e-01;2.9750000e+02;2.6105067e-01;2.9750000e+02;2.8648669e-01;2.9750000e+02;2.8633198e-01;2.9750000e+02;2.6249230e-01;2.9750000e+02;2.2605954e-01;2.9750000e+02;1.8224853e-01;2.9750000e+02;1.3257746e-01;2.9750000e+02;8.7632649e-02;2.9750000e+02;4.7856893e-02;2.9750000e+02;4.2259935e-03;2.9750000e+02;1.6935732e-02;2.9750000e+02;3.6389790e-02;2.9750000e+02;6.0742203e-02;2.9750000e+02;8.8380799e-02;2.9750000e+02;1.1849000e-01;2.9750000e+02;1.5157636e-01;2.9750000e+02;1.8487719e-01;2.9750000e+02;2.2407736e-01;2.9750000e+02;2.6105067e-01;2.9750000e+02;2.8648669e-01;2.9750000e+02;2.8633198e-01;2.9750000e+02;2.6249230e-01;2.9750000e+02;2.2605954e-01;2.9750000e+02;1.8224853e-01;2.9750000e+02;1.3257746e-01;2.9750000e+02;8.7632649e-02;2.9750000e+02;4.7856893e-02;2.9750000e+02;4.2259935e-03;2.9750000e+02;1.6935732e-02;2.9750000e+02;3.6389790e-02;2.9750000e+02;6.0742203e-02;2.9750000e+02;8.8380799e-02;2.9750000e+02;1.1849000e-01;2.9750000e+02;1.5157636e-01;2.9750000e+02;1.8487719e-01;2.9750000e+02;2.2407736e-01;2.9750000e+02;2.6105067e-01;2.9750000e+02;2.8648669e-01;2.9750000e+02;2.8633198e-01;2.9750000e+02;2.6249230e-01;2.9750000e+02;2.2605954e-01;2.9750000e+02;1.8224853e-01;2.9750000e+02;1.3257746e-01;2.9750000e+02;8.7632649e-02;2.9750000e+02;4.7856893e-02;2.9750000e+02;4.2259935e-03;2.9750000e+02;1.6935732e-02;2.9750000e+02;3.6389790e-02;2.9750000e+02;6.0742203e-02;2.9750000e+02;8.8380799e-02;2.9750000e+02;1.1849000e-01;2.9750000e+02;1.5157636e-01;2.9750000e+02;1.8487719e-01;2.9750000e+02;2.2407736e-01;2.9750000e+02;2.6105067e-01;2.9750000e+02;2.8648669e-01;2.9750000e+02;2.8633198e-01;2.9750000e+02;2.6249230e-01;2.9750000e+02;2.2605954e-01;2.9750000e+02;1.8224853e-01;2.9750000e+02;1.3257746e-01;2.9750000e+02;8.7632649e-02;2.9750000e+02;4.7856893e-02;2.9750000e+02;4.2259935e-03;2.9750000e+02;1.6935732e-02;2.9750000e+02;3.6389790e-02;2.9750000e+02;6.0742203e-02;2.9750000e+02;8.8380799e-02;2.9750000e+02;1.1849000e-01;2.9750000e+02;1.5157636e-01;2.9750000e+02;1.8487719e-01;2.9750000e+02;2.2407736e-01;2.9750000e+02;2.6105067e-01;2.9750000e+02;2.8648669e-01;2.9750000e+02;2.8633198e-01;2.9750000e+02;2.6249230e-01;2.9750000e+02;2.2605954e-01;2.9750000e+02;1.8224853e-01;2.9750000e+02;1.3257746e-01;2.9750000e+02;8.7632649e-02;2.9750000e+02;4.7856893e-02;2.9750000e+02;4.2259935e-03;2.9750000e+02;1.6935732e-02;2.9750000e+02;3.6389790e-02;2.9750000e+02;6.0742203e-02;2.9750000e+02;8.8380799e-02;2.9750000e+02;1.1849000e-01;2.9750000e+02;1.5157636e-01;2.9750000e+02;1.8487719e-01;2.9750000e+02;2.2407736e-01;2.9750000e+02;2.6105067e-01;2.9750000e+02;2.8648669e-01;2.9750000e+02;2.8633198e-01;2.9750000e+02;2.6249230e-01;2.9750000e+02;2.2605954e-01;2.9750000e+02;1.8224853e-01;2.9750000e+02;1.3257746e-01;2.9750000e+02;8.7632649e-02;2.9750000e+02;4.7856893e-02;2.9750000e+02;4.2259935e-03;2.9750000e+02;1.6935732e-02;2.9750000e+02;3.6389790e-02;2.9750000e+02;6.0742203e-02;2.9750000e+02;8.8380799e-02;2.9750000e+02;1.1849000e-01;2.9750000e+02;1.5157636e-01;2.9750000e+02;1.8487719e-01;2.9750000e+02;2.2407736e-01;2.9750000e+02;2.6105067e-01;2.9750000e+02;2.8648669e-01;2.9750000e+02;2.8633198e-01;2.9750000e+02;2.6249230e-01;2.9750000e+02;2.2605954e-01;2.9750000e+02;1.8224853e-01;2.9750000e+02;1.3257746e-01;2.9750000e+02;8.7632649e-02;2.9750000e+02;4.7856893e-02;2.9750000e+02;4.2259935e-03;2.9750000e+02;1.6935732e-02;2.9750000e+02;3.6389790e-02;2.9750000e+02;6.0742203e-02;2.9750000e+02;8.8380799e-02;2.9750000e+02;1.1849000e-01;2.9750000e+02;1.5157636e-01;2.9750000e+02;1.8487719e-01;2.9750000e+02;2.2407736e-01;2.9750000e+02;2.6105067e-01;2.9750000e+02;2.8648669e-01;2.9750000e+02;2.8633198e-01;2.9750000e+02;2.6249230e-01;2.9750000e+02;2.2605954e-01;2.9750000e+02;1.8224853e-01;2.9750000e+02;1.3257746e-01;2.9750000e+02;8.7632649e-02;2.9750000e+02;4.7856893e-02;2.9750000e+02;4.2259935e-03;2.9750000e+02;1.6935732e-02;2.9750000e+02;3.6389790e-02;2.9750000e+02;6.0742203e-02;2.9750000e+02;8.8380799e-02;2.9750000e+02;1.1849000e-01;2.9750000e+02;1.5157636e-01;2.9750000e+02;1.8487719e-01;2.9750000e+02;2.2407736e-01;2.9750000e+02;2.6105067e-01;2.9750000e+02;2.8648669e-01;2.9750000e+02;2.8633198e-01;2.9750000e+02;2.6249230e-01;2.9750000e+02;2.2605954e-01;2.9750000e+02;1.8224853e-01;2.9750000e+02;1.3257746e-01;2.9750000e+02;8.7632649e-02;2.9750000e+02;4.7856893e-02;2.9750000e+02;4.2259935e-03;2.9750000e+02;1.6935732e-02;2.9750000e+02;3.6389790e-02;2.9750000e+02;6.0742203e-02;2.9750000e+02;8.8380799e-02;2.9750000e+02;1.1849000e-01;2.9750000e+02;1.5157636e-01;2.9750000e+02;1.8487719e-01;2.9750000e+02;2.2407736e-01;2.9750000e+02;2.6105067e-01;2.9750000e+02;2.8648669e-01;2.9750000e+02;2.8633198e-01;2.9750000e+02;2.6249230e-01;2.9750000e+02;2.2605954e-01;2.9750000e+02;1.8224853e-01;2.9750000e+02;1.3257746e-01;2.9750000e+02;8.7632649e-02;2.9750000e+02;4.7856893e-02;2.9750000e+02;4.2259935e-03;2.9750000e+02;1.6935732e-02;2.9750000e+02;3.6389790e-02;2.9750000e+02;6.0742203e-02;2.9750000e+02;8.8380799e-02;2.9750000e+02;1.1849000e-01;2.9750000e+02;1.5157636e-01;2.9750000e+02;1.8487719e-01;2.9750000e+02;2.2407736e-01;2.9750000e+02;2.6105067e-01;2.9750000e+02;2.8648669e-01;2.9750000e+02;2.8633198e-01;2.9750000e+02;2.6249230e-01;2.9750000e+02;2.2605954e-01;2.9750000e+02;1.8224853e-01;2.9750000e+02;1.3257746e-01;2.9750000e+02;8.7632649e-02;2.9750000e+02;4.7856893e-02;2.9750000e+02;4.2259935e-03;2.9750000e+02;1.6935732e-02;2.9750000e+02;3.6389790e-02;2.9750000e+02;6.0742203e-02;2.9750000e+02;8.8380799e-02;2.9750000e+02;1.1849000e-01;2.9750000e+02;1.5157636e-01;2.9750000e+02;1.8487719e-01;2.9750000e+02;2.2407736e-01;2.9750000e+02;2.6105067e-01;2.9750000e+02;2.8648669e-01;2.9750000e+02;2.8633198e-01;2.9750000e+02;2.6249230e-01;2.9750000e+02;2.2605954e-01;2.9750000e+02;1.8224853e-01;2.9750000e+02;1.3257746e-01;2.9750000e+02;8.7632649e-02;2.9750000e+02;4.7856893e-02;2.9750000e+02;4.2259935e-03;2.9750000e+02;1.6935732e-02;2.9750000e+02;3.6389790e-02;2.9750000e+02;6.0742203e-02;2.9750000e+02;8.8380799e-02;2.9750000e+02;1.1849000e-01;2.9750000e+02;1.5157636e-01;2.9750000e+02;1.8487719e-01;2.9750000e+02;2.2407736e-01;2.9750000e+02;2.6105067e-01;2.9750000e+02;2.8648669e-01;2.9750000e+02;2.8633198e-01;2.9750000e+02;2.6249230e-01;2.9750000e+02;2.2605954e-01;2.9750000e+02;1.8224853e-01;2.9750000e+02;1.3257746e-01;2.9750000e+02;8.7632649e-02;2.9750000e+02;4.7856893e-02;2.9750000e+02;4.2259935e-03;2.9750000e+02;1.6935732e-02;2.9750000e+02;3.6389790e-02;2.9750000e+02;6.0742203e-02;2.9750000e+02;8.8380799e-02;2.9750000e+02;1.1849000e-01;2.9750000e+02;1.5157636e-01;2.9750000e+02;1.8487719e-01;2.9750000e+02;2.2407736e-01;2.9750000e+02;2.6105067e-01;2.9750000e+02;2.8648669e-01;2.9750000e+02;2.8633198e-01;2.9750000e+02;2.6249230e-01;2.9750000e+02;2.2605954e-01;2.9750000e+02;1.8224853e-01;2.9750000e+02;1.3257746e-01;2.9750000e+02;8.7632649e-02;2.9750000e+02;4.7856893e-02;2.9750000e+02;4.2259935e-03;2.9750000e+02;1.6935732e-02;2.9750000e+02;3.6389790e-02;2.9750000e+02;6.0742203e-02;2.9750000e+02;8.8380799e-02;2.9750000e+02;1.1849000e-01;2.9750000e+02;1.5157636e-01;2.9750000e+02;1.8487719e-01;2.9750000e+02;2.2407736e-01;2.9750000e+02;2.6105067e-01;2.9750000e+02;2.8648669e-01;2.9750000e+02;2.8633198e-01;2.9750000e+02;2.6249230e-01;2.9750000e+02;2.2605954e-01;2.9750000e+02;1.8224853e-01;2.9750000e+02;1.3257746e-01;2.9750000e+02;8.7632649e-02;2.9750000e+02;4.7856893e-02;2.9750000e+02;4.2259935e-03;2.9750000e+02;1.6935732e-02;2.9750000e+02;3.6389790e-02;2.9750000e+02;6.0742203e-02;2.9750000e+02;8.8380799e-02;2.9750000e+02;1.1849000e-01;2.9750000e+02;1.5157636e-01;2.9750000e+02;1.8487719e-01;2.9750000e+02;2.2407736e-01;2.9750000e+02;2.6105067e-01;2.9750000e+02;2.8648669e-01;2.9750000e+02;2.8633198e-01;2.9750000e+02;2.6249230e-01;2.9750000e+02;2.2605954e-01;2.9750000e+02;1.8224853e-01;2.9750000e+02;1.3257746e-01;2.9750000e+02;8.7632649e-02;2.9750000e+02;4.7856893e-02;2.9750000e+02;4.2259935e-03;2.9750000e+02;1.6935732e-02;2.9750000e+02;3.6389790e-02;2.9750000e+02;6.0742203e-02;2.9750000e+02;8.8380799e-02;2.9750000e+02;1.1849000e-01;2.9750000e+02;1.5157636e-01;2.9750000e+02;1.8487719e-01;2.9750000e+02;2.2407736e-01;2.9750000e+02;2.6105067e-01;2.9750000e+02;2.8648669e-01;2.9750000e+02;2.8633198e-01;2.9750000e+02;2.6249230e-01;2.9750000e+02;2.2605954e-01;2.9750000e+02;1.8224853e-01;2.9750000e+02;1.3257746e-01;2.9750000e+02;8.7632649e-02;2.9750000e+02;4.7856893e-02;2.9750000e+02;4.2259935e-03;2.9750000e+02;1.6935732e-02;2.9750000e+02;3.6389790e-02;2.9750000e+02;6.0742203e-02;2.9750000e+02;8.8380799e-02;2.9750000e+02;1.1849000e-01;2.9750000e+02;1.5157636e-01;2.9750000e+02;1.8487719e-01;2.9750000e+02;2.2407736e-01;2.9750000e+02;2.6105067e-01;2.9750000e+02;2.8648669e-01;2.9750000e+02;2.8633198e-01;2.9750000e+02;2.6249230e-01;2.9750000e+02;2.2605954e-01;2.9750000e+02;1.8224853e-01;2.9750000e+02;1.3257746e-01;2.9750000e+02;8.7632649e-02;2.9750000e+02;4.7856893e-02;2.9750000e+02;4.2259935e-03;2.9750000e+02;1.6935732e-02;2.9750000e+02;3.6389790e-02;2.9750000e+02;6.0742203e-02;2.9750000e+02;8.8380799e-02;2.9750000e+02;1.1849000e-01;2.9750000e+02;1.5157636e-01;2.9750000e+02;1.8487719e-01;2.9750000e+02;2.2407736e-01;2.9750000e+02;2.6105067e-01;2.9750000e+02;2.8648669e-01;2.9750000e+02;2.8633198e-01;2.9750000e+02;2.6249230e-01;2.9750000e+02;2.2605954e-01;2.9750000e+02;1.8224853e-01;2.9750000e+02;1.3257746e-01;2.9750000e+02;8.7632649e-02;2.9750000e+02;4.7856893e-02;2.9750000e+02;4.2259935e-03;2.9750000e+02;1.6935732e-02;2.9750000e+02;3.6389790e-02;2.9750000e+02;6.0742203e-02;2.9750000e+02;8.8380799e-02;2.9750000e+02;1.1849000e-01;2.9750000e+02;1.5157636e-01;2.9750000e+02;1.8487719e-01;2.9750000e+02;2.2407736e-01;2.9750000e+02;2.6105067e-01;2.9750000e+02;2.8648669e-01;2.9750000e+02;2.8633198e-01;2.9750000e+02;2.6249230e-01;2.9750000e+02;2.2605954e-01;2.9750000e+02;1.8224853e-01;2.9750000e+02;1.3257746e-01;2.9750000e+02;8.7632649e-02;2.9750000e+02;4.7856893e-02;2.9750000e+02;4.2259935e-03;2.9750000e+02;1.6935732e-02;2.9750000e+02;3.6389790e-02;2.9750000e+02;6.0742203e-02;2.9750000e+02;8.8380799e-02;2.9750000e+02;1.1849000e-01;2.9750000e+02;1.5157636e-01;2.9750000e+02;1.8487719e-01;2.9750000e+02;2.2407736e-01;2.9750000e+02;2.6105067e-01;2.9750000e+02;2.8648669e-01;2.9750000e+02;2.8633198e-01;2.9750000e+02;2.6249230e-01;2.9750000e+02;2.2605954e-01;2.9750000e+02;1.8224853e-01;2.9750000e+02;1.3257746e-01;2.9750000e+02;8.7632649e-02;2.9750000e+02;4.7856893e-02;2.9750000e+02;4.2259935e-03;2.9750000e+02;1.6935732e-02;2.9750000e+02;3.6389790e-02;2.9750000e+02;6.0742203e-02;2.9750000e+02;8.8380799e-02;2.9750000e+02;1.1849000e-01;2.9750000e+02;1.5157636e-01;2.9750000e+02;1.8487719e-01;2.9750000e+02;2.2407736e-01;2.9750000e+02;2.6105067e-01;2.9750000e+02;2.8648669e-01;2.9750000e+02;2.8633198e-01;2.9750000e+02;2.6249230e-01;2.9750000e+02;2.2605954e-01;2.9750000e+02;1.8224853e-01;2.9750000e+02;1.3257746e-01;2.9750000e+02;8.7632649e-02;2.9750000e+02;4.7856893e-02;2.9750000e+02;4.2259935e-03;2.9750000e+02;1.6935732e-02;2.9750000e+02;3.6389790e-02;2.9750000e+02;6.0742203e-02;2.9750000e+02;8.8380799e-02;2.9750000e+02;1.1849000e-01;2.9750000e+02;1.5157636e-01;2.9750000e+02;1.8487719e-01;2.9750000e+02;2.2407736e-01;2.9750000e+02;2.6105067e-01;2.9750000e+02;2.8648669e-01;2.9750000e+02;2.8633198e-01;2.9750000e+02;2.6249230e-01;2.9750000e+02;2.2605954e-01;2.9750000e+02;1.8224853e-01;2.9750000e+02;1.3257746e-01;2.9750000e+02;8.7632649e-02;2.9750000e+02;4.7856893e-02;2.9750000e+02;4.2259935e-03;2.9750000e+02;1.6935732e-02;2.9750000e+02;3.6389790e-02;2.9750000e+02;6.0742203e-02;2.9750000e+02;8.8380799e-02;2.9750000e+02;1.1849000e-01;2.9750000e+02;1.5157636e-01;2.9750000e+02;1.8487719e-01;2.9750000e+02;2.2407736e-01;2.9750000e+02;2.6105067e-01;2.9750000e+02;2.8648669e-01;2.9750000e+02;2.8633198e-01;2.9750000e+02;2.6249230e-01;2.9750000e+02;2.2605954e-01;2.9750000e+02;1.8224853e-01;2.9750000e+02;1.3257746e-01;2.9750000e+02;8.7632649e-02;2.9750000e+02;4.7856893e-02;2.9750000e+02;4.2259935e-03;2.9750000e+02;1.6935732e-02;2.9750000e+02;3.6389790e-02;2.9750000e+02;6.0742203e-02;2.9750000e+02;8.8380799e-02;2.9750000e+02;1.1849000e-01;2.9750000e+02;1.5157636e-01;2.9750000e+02;1.8487719e-01;2.9750000e+02;2.2407736e-01;2.9750000e+02;2.6105067e-01;2.9750000e+02;2.8648669e-01;2.9750000e+02;2.8633198e-01;2.9750000e+02;2.6249230e-01;2.9750000e+02;2.2605954e-01;2.9750000e+02;1.8224853e-01;2.9750000e+02;1.3257746e-01;2.9750000e+02;8.7632649e-02;2.9750000e+02;4.7856893e-02;2.9750000e+02;4.2259935e-03;2.9750000e+02;1.6935732e-02;2.9750000e+02;3.6389790e-02;2.9750000e+02;6.0742203e-02;2.9750000e+02;8.8380799e-02;2.9750000e+02;1.1849000e-01;2.9750000e+02;1.5157636e-01;2.9750000e+02;1.8487719e-01;2.9750000e+02;2.2407736e-01;2.9750000e+02;2.6105067e-01;2.9750000e+02;2.8648669e-01;2.9750000e+02;2.8633198e-01;2.9750000e+02;2.6249230e-01;2.9750000e+02;2.2605954e-01;2.9750000e+02;1.8224853e-01;2.9750000e+02;1.3257746e-01;2.9750000e+02;8.7632649e-02;2.9750000e+02;4.7856893e-02;2.9750000e+02;4.2259935e-03;2.9750000e+02;1.6935732e-02;2.9750000e+02;3.6389790e-02;2.9750000e+02;6.0742203e-02;2.9750000e+02;8.8380799e-02;2.9750000e+02;1.1849000e-01;2.9750000e+02;1.5157636e-01;2.9750000e+02;1.8487719e-01;2.9750000e+02;2.2407736e-01;2.9750000e+02;2.6105067e-01;2.9750000e+02;2.8648669e-01;2.9750000e+02;2.8633198e-01;2.9750000e+02;2.6249230e-01;2.9750000e+02;2.2605954e-01;2.9750000e+02;1.8224853e-01;2.9750000e+02;1.3257746e-01;2.9750000e+02;8.7632649e-02;2.9750000e+02;4.7856893e-02;2.9750000e+02;4.2259935e-03;2.9750000e+02;1.6935732e-02;2.9750000e+02;3.6389790e-02;2.9750000e+02;6.0742203e-02;2.9750000e+02;8.8380799e-02;2.9750000e+02;1.1849000e-01;2.9750000e+02;1.5157636e-01;2.9750000e+02;1.8487719e-01;2.9750000e+02;2.2407736e-01;2.9750000e+02;2.6105067e-01;2.9750000e+02;2.8648669e-01;2.9750000e+02;2.8633198e-01;2.9750000e+02;2.6249230e-01;2.9750000e+02;2.2605954e-01;2.9750000e+02;1.8224853e-01;2.9750000e+02;1.3257746e-01;2.9750000e+02;8.7632649e-02;2.9750000e+02;4.7856893e-02;2.9750000e+02;4.2259935e-03;2.9750000e+02;1.6935732e-02;2.9750000e+02;3.6389790e-02;2.9750000e+02;6.0742203e-02;2.9750000e+02;8.8380799e-02;2.9750000e+02;1.1849000e-01;2.9750000e+02;1.5157636e-01;2.9750000e+02;1.8487719e-01;2.9750000e+02;2.2407736e-01;2.9750000e+02;2.6105067e-01;2.9750000e+02;2.8648669e-01;2.9750000e+02;2.8633198e-01;2.9750000e+02;2.6249230e-01;2.9750000e+02;2.2605954e-01;2.9750000e+02;1.8224853e-01;2.9750000e+02;1.3257746e-01;2.9750000e+02;8.7632649e-02;2.9750000e+02;4.7856893e-02;2.9750000e+02;4.2259935e-03;2.9750000e+02;1.6935732e-02;2.9750000e+02;3.6389790e-02;2.9750000e+02;6.0742203e-02;2.9750000e+02;8.8380799e-02;2.9750000e+02;1.1849000e-01;2.9750000e+02;1.5157636e-01;2.9750000e+02;1.8487719e-01;2.9750000e+02;2.2407736e-01;2.9750000e+02;2.6105067e-01;2.9750000e+02;2.8648669e-01;2.9750000e+02;2.8633198e-01;2.9750000e+02;2.6249230e-01;2.9750000e+02;2.2605954e-01;2.9750000e+02;1.8224853e-01;2.9750000e+02;1.3257746e-01;2.9750000e+02;8.7632649e-02;2.9750000e+02;4.7856893e-02;2.9750000e+02;4.2259935e-03;2.9750000e+02;1.6935732e-02;2.9750000e+02;3.6389790e-02;2.9750000e+02;6.0742203e-02;2.9750000e+02;8.8380799e-02;2.9750000e+02;1.1849000e-01;2.9750000e+02;1.5157636e-01;2.9750000e+02;1.8487719e-01;2.9750000e+02;2.2407736e-01;2.9750000e+02;2.6105067e-01;2.9750000e+02;2.8648669e-01;2.9750000e+02;2.8633198e-01;2.9750000e+02;2.6249230e-01;2.9750000e+02;2.2605954e-01;2.9750000e+02;1.8224853e-01;2.9750000e+02;1.3257746e-01;2.9750000e+02;8.7632649e-02;2.9750000e+02;4.7856893e-02;2.9750000e+02;4.2259935e-03;2.9750000e+02;1.6935732e-02;2.9750000e+02;3.6389790e-02;2.9750000e+02;6.0742203e-02;2.9750000e+02;8.8380799e-02;2.9750000e+02;1.1849000e-01;2.9750000e+02;1.5157636e-01;2.9750000e+02;1.8487719e-01;2.9750000e+02;2.2407736e-01;2.9750000e+02;2.6105067e-01;2.9750000e+02;2.8648669e-01;2.9750000e+02;2.8633198e-01;2.9750000e+02;2.6249230e-01;2.9750000e+02;2.2605954e-01;2.9750000e+02;1.8224853e-01;2.9750000e+02;1.3257746e-01;2.9750000e+02;8.7632649e-02;2.9750000e+02;4.7856893e-02;2.9750000e+02;4.2259935e-03;2.9750000e+02;1.6935732e-02;2.9750000e+02;3.6389790e-02;2.9750000e+02;6.0742203e-02;2.9750000e+02;8.8380799e-02;2.9750000e+02;1.1849000e-01;2.9750000e+02;1.5157636e-01;2.9750000e+02;1.8487719e-01;2.9750000e+02;2.2407736e-01;2.9750000e+02;2.6105067e-01;2.9750000e+02;2.8648669e-01;2.9750000e+02;2.8633198e-01;2.9750000e+02;2.6249230e-01;2.9750000e+02;2.2605954e-01;2.9750000e+02;1.8224853e-01;2.9750000e+02;1.3257746e-01;2.9750000e+02;8.7632649e-02;2.9750000e+02;4.7856893e-02;2.9750000e+02;4.2259935e-03;2.9750000e+02;1.6935732e-02;2.9750000e+02;3.6389790e-02;2.9750000e+02;6.0742203e-02;2.9750000e+02;8.8380799e-02;2.9750000e+02;1.1849000e-01;2.9750000e+02;1.5157636e-01;2.9750000e+02;1.8487719e-01;2.9750000e+02;2.2407736e-01;2.9750000e+02;2.6105067e-01;2.9750000e+02;2.8648669e-01;2.9750000e+02;2.8633198e-01;2.9750000e+02;2.6249230e-01;2.9750000e+02;2.2605954e-01;2.9750000e+02;1.8224853e-01;2.9750000e+02;1.3257746e-01;2.9750000e+02;8.7632649e-02;2.9750000e+02;4.7856893e-02;2.9750000e+02;4.2259935e-03;2.9750000e+02;1.6935732e-02;2.9750000e+02;3.6389790e-02;2.9750000e+02;6.0742203e-02;2.9750000e+02;8.8380799e-02;2.9750000e+02;1.1849000e-01;2.9750000e+02;1.5157636e-01;2.9750000e+02;1.8487719e-01;2.9750000e+02;2.2407736e-01;2.9750000e+02;2.6105067e-01;2.9750000e+02;2.8648669e-01;2.9750000e+02;2.8633198e-01;2.9750000e+02;2.6249230e-01;2.9750000e+02;2.2605954e-01;2.9750000e+02;1.8224853e-01;2.9750000e+02;1.3257746e-01;2.9750000e+02;8.7632649e-02;2.9750000e+02;4.7856893e-02;2.9750000e+02;4.2259935e-03;2.9750000e+02;1.6935732e-02;2.9750000e+02;3.6389790e-02;2.9750000e+02;6.0742203e-02;2.9750000e+02;8.8380799e-02;2.9750000e+02;1.1849000e-01;2.9750000e+02;1.5157636e-01;2.9750000e+02;1.8487719e-01;2.9750000e+02;2.2407736e-01;2.9750000e+02;2.6105067e-01;2.9750000e+02;2.8648669e-01;2.9750000e+02;2.8633198e-01;2.9750000e+02;2.6249230e-01;2.9750000e+02;2.2605954e-01;2.9750000e+02;1.8224853e-01;2.9750000e+02;1.3257746e-01;2.9750000e+02;8.7632649e-02;2.9750000e+02;4.7856893e-02;2.9750000e+02;4.2259935e-03;2.9750000e+02;1.6935732e-02;2.9750000e+02;3.6389790e-02;2.9750000e+02;6.0742203e-02;2.9750000e+02;8.8380799e-02;2.9750000e+02;1.1849000e-01;2.9750000e+02;1.5157636e-01;2.9750000e+02;1.8487719e-01;2.9750000e+02;2.2407736e-01;2.9750000e+02;2.6105067e-01;2.9750000e+02;2.8648669e-01;2.9750000e+02;2.8633198e-01;2.9750000e+02;2.6249230e-01;2.9750000e+02;2.2605954e-01;2.9750000e+02;1.8224853e-01;2.9750000e+02;1.3257746e-01;2.9750000e+02;8.7632649e-02;2.9750000e+02;4.7856893e-02;2.9750000e+02;4.2259935e-03;2.9750000e+02;1.6935732e-02;2.9750000e+02;3.6389790e-02;2.9750000e+02;6.0742203e-02;2.9750000e+02;8.8380799e-02;2.9750000e+02;1.1849000e-01;2.9750000e+02;1.5157636e-01;2.9750000e+02;1.8487719e-01;2.9750000e+02;2.2407736e-01;2.9750000e+02;2.6105067e-01;2.9750000e+02;2.8648669e-01;2.9750000e+02;2.8633198e-01;2.9750000e+02;2.6249230e-01;2.9750000e+02;2.2605954e-01;2.9750000e+02;1.8224853e-01;2.9750000e+02;1.3257746e-01;2.9750000e+02;8.7632649e-02;2.9750000e+02;4.7856893e-02;2.9750000e+02;4.2259935e-03;2.9750000e+02;1.6935732e-02;2.9750000e+02;3.6389790e-02;2.9750000e+02;6.0742203e-02;2.9750000e+02;8.8380799e-02;2.9750000e+02;1.1849000e-01;2.9750000e+02;1.5157636e-01;2.9750000e+02;1.8487719e-01;2.9750000e+02;2.2407736e-01;2.9750000e+02;2.6105067e-01;2.9750000e+02;2.8648669e-01;2.9750000e+02;2.8633198e-01;2.9750000e+02;2.6249230e-01;2.9750000e+02;2.2605954e-01;2.9750000e+02;1.8224853e-01;2.9750000e+02;1.3257746e-01;2.9750000e+02;8.7632649e-02;2.9750000e+02;4.7856893e-02;2.9750000e+02;4.2259935e-03;2.9750000e+02;1.6935732e-02;2.9750000e+02;3.6389790e-02;2.9750000e+02;6.0742203e-02;2.9750000e+02;8.8380799e-02;2.9750000e+02;1.1849000e-01;2.9750000e+02;1.5157636e-01;2.9750000e+02;1.8487719e-01;2.9750000e+02;2.2407736e-01;2.9750000e+02;2.6105067e-01;2.9750000e+02;2.8648669e-01;2.9750000e+02;2.8633198e-01;2.9750000e+02;2.6249230e-01;2.9750000e+02;2.2605954e-01;2.9750000e+02;1.8224853e-01;2.9750000e+02;1.3257746e-01;2.9750000e+02;8.7632649e-02;2.9750000e+02;4.7856893e-02;2.9750000e+02;4.2259935e-03;2.9750000e+02;1.6935732e-02;2.9750000e+02;3.6389790e-02;2.9750000e+02;6.0742203e-02;2.9750000e+02;8.8380799e-02;2.9750000e+02;1.1849000e-01;2.9750000e+02;1.5157636e-01;2.9750000e+02;1.8487719e-01;2.9750000e+02;2.2407736e-01;2.9750000e+02;2.6105067e-01;2.9750000e+02;2.8648669e-01;2.9750000e+02;2.8633198e-01;2.9750000e+02;2.6249230e-01;2.9750000e+02;2.2605954e-01;2.9750000e+02;1.8224853e-01;2.9750000e+02;1.3257746e-01;2.9750000e+02;8.7632649e-02;2.9750000e+02;4.7856893e-02;2.9750000e+02;4.2259935e-03;2.9750000e+02;1.6935732e-02;2.9750000e+02;3.6389790e-02;2.9750000e+02;6.0742203e-02;2.9750000e+02;8.8380799e-02;2.9750000e+02;1.1849000e-01;2.9750000e+02;1.5157636e-01;2.9750000e+02;1.8487719e-01;2.9750000e+02;2.2407736e-01;2.9750000e+02;2.6105067e-01;2.9750000e+02;2.8648669e-01;2.9750000e+02;2.8633198e-01;2.9750000e+02;2.6249230e-01;2.9750000e+02;2.2605954e-01;2.9750000e+02;1.8224853e-01;2.9750000e+02;1.3257746e-01;2.9750000e+02;8.7632649e-02;2.9750000e+02;4.7856893e-02;2.9750000e+02;4.2259935e-03;2.9750000e+02;1.6935732e-02;2.9750000e+02;3.6389790e-02;2.9750000e+02;6.0742203e-02;2.9750000e+02;8.8380799e-02;2.9750000e+02;1.1849000e-01;2.9750000e+02;1.5157636e-01;2.9750000e+02;1.8487719e-01;2.9750000e+02;2.2407736e-01;2.9750000e+02;2.6105067e-01;2.9750000e+02;2.8648669e-01;2.9750000e+02;2.8633198e-01;2.9750000e+02;2.6249230e-01;2.9750000e+02;2.2605954e-01;2.9750000e+02;1.8224853e-01;2.9750000e+02;1.3257746e-01;2.9750000e+02;8.7632649e-02;2.9750000e+02;4.7856893e-02;2.9750000e+02;4.2259935e-03;2.9750000e+02;1.6935732e-02;2.9750000e+02;3.6389790e-02;2.9750000e+02;6.0742203e-02;2.9750000e+02;8.8380799e-02;2.9750000e+02;1.1849000e-01;2.9750000e+02;1.5157636e-01;2.9750000e+02;1.8487719e-01;2.9750000e+02;2.2407736e-01;2.9750000e+02;2.6105067e-01;2.9750000e+02;2.8648669e-01;2.9750000e+02;2.8633198e-01;2.9750000e+02;2.6249230e-01;2.9750000e+02;2.2605954e-01;2.9750000e+02;1.8224853e-01;2.9750000e+02;1.3257746e-01;2.9750000e+02;8.7632649e-02;2.9750000e+02;4.7856893e-02;2.9750000e+02;4.2259935e-03;2.9750000e+02;1.6935732e-02;2.9750000e+02;3.6389790e-02;2.9750000e+02;6.0742203e-02;2.9750000e+02;8.8380799e-02;2.9750000e+02;1.1849000e-01;2.9750000e+02;1.5157636e-01;2.9750000e+02;1.8487719e-01;2.9750000e+02;2.2407736e-01;2.9750000e+02;2.6105067e-01;2.9750000e+02;2.8648669e-01;2.9750000e+02;2.8633198e-01;2.9750000e+02;2.6249230e-01;2.9750000e+02;2.2605954e-01;2.9750000e+02;1.8224853e-01;2.9750000e+02;1.3257746e-01;2.9750000e+02;8.7632649e-02;2.9750000e+02;4.7856893e-02;2.9750000e+02;4.2259935e-03;2.9750000e+02;1.6935732e-02;2.9750000e+02;3.6389790e-02;2.9750000e+02;6.0742203e-02;2.9750000e+02;8.8380799e-02;2.9750000e+02;1.1849000e-01;2.9750000e+02;1.5157636e-01;2.9750000e+02;1.8487719e-01;2.9750000e+02;2.2407736e-01;2.9750000e+02;2.6105067e-01;2.9750000e+02;2.8648669e-01;2.9750000e+02;2.8633198e-01;2.9750000e+02;2.6249230e-01;2.9750000e+02;2.2605954e-01;2.9750000e+02;1.8224853e-01;2.9750000e+02;1.3257746e-01;2.9750000e+02;8.7632649e-02;2.9750000e+02;4.7856893e-02;2.9750000e+02;4.2259935e-03;2.9750000e+02;1.6935732e-02;2.9750000e+02;3.6389790e-02;2.9750000e+02;6.0742203e-02;2.9750000e+02;8.8380799e-02;2.9750000e+02;1.1849000e-01;2.9750000e+02;1.5157636e-01;2.9750000e+02;1.8487719e-01;2.9750000e+02;2.2407736e-01;2.9750000e+02;2.6105067e-01;2.9750000e+02;2.8648669e-01;2.9750000e+02;2.8633198e-01;2.9750000e+02;2.6249230e-01;2.9750000e+02;2.2605954e-01;2.9750000e+02;1.8224853e-01;2.9750000e+02;1.3257746e-01;2.9750000e+02;8.7632649e-02;2.9750000e+02;4.7856893e-02;2.9750000e+02;4.2259935e-03;2.9750000e+02;1.6935732e-02;2.9750000e+02;3.6389790e-02;2.9750000e+02;6.0742203e-02;2.9750000e+02;8.8380799e-02;2.9750000e+02;1.1849000e-01;2.9750000e+02;1.5157636e-01;2.9750000e+02;1.8487719e-01;2.9750000e+02;2.2407736e-01;2.9750000e+02;2.6105067e-01;2.9750000e+02;2.8648669e-01;2.9750000e+02;2.8633198e-01;2.9750000e+02;2.6249230e-01;2.9750000e+02;2.2605954e-01;2.9750000e+02;1.8224853e-01;2.9750000e+02;1.3257746e-01;2.9750000e+02;8.7632649e-02;2.9750000e+02;4.7856893e-02;2.9750000e+02;4.2259935e-03;2.9750000e+02;1.6935732e-02;2.9750000e+02;3.6389790e-02;2.9750000e+02;6.0742203e-02;2.9750000e+02;8.8380799e-02;2.9750000e+02;1.1849000e-01;2.9750000e+02;1.5157636e-01;2.9750000e+02;1.8487719e-01;2.9750000e+02;2.2407736e-01;2.9750000e+02;2.6105067e-01;2.9750000e+02;2.8648669e-01;2.9750000e+02;2.8633198e-01;2.9750000e+02;2.6249230e-01;2.9750000e+02;2.2605954e-01;2.9750000e+02;1.8224853e-01;2.9750000e+02;1.3257746e-01;2.9750000e+02;8.7632649e-02;2.9750000e+02;4.7856893e-02;2.9750000e+02;4.2259935e-03;2.9750000e+02;1.6935732e-02;2.9750000e+02;3.6389790e-02;2.9750000e+02;6.0742203e-02;2.9750000e+02;8.8380799e-02;2.9750000e+02;1.1849000e-01;2.9750000e+02;1.5157636e-01;2.9750000e+02;1.8487719e-01;2.9750000e+02;2.2407736e-01;2.9750000e+02;2.6105067e-01;2.9750000e+02;2.8648669e-01;2.9750000e+02;2.8633198e-01;2.9750000e+02;2.6249230e-01;2.9750000e+02;2.2605954e-01;2.9750000e+02;1.8224853e-01;2.9750000e+02;1.3257746e-01;2.9750000e+02;8.7632649e-02;2.9750000e+02;4.7856893e-02;2.9750000e+02;4.2259935e-03;2.9750000e+02;1.6935732e-02;2.9750000e+02;3.6389790e-02;2.9750000e+02;6.0742203e-02;2.9750000e+02;8.8380799e-02;2.9750000e+02;1.1849000e-01;2.9750000e+02;1.5157636e-01;2.9750000e+02;1.8487719e-01;2.9750000e+02;2.2407736e-01;2.9750000e+02;2.6105067e-01;2.9750000e+02;2.8648669e-01;2.9750000e+02;2.8633198e-01;2.9750000e+02;2.6249230e-01;2.9750000e+02;2.2605954e-01;2.9750000e+02;1.8224853e-01;2.9750000e+02;1.3257746e-01;2.9750000e+02;8.7632649e-02;2.9750000e+02;4.7856893e-02;2.9750000e+02;4.2259935e-03;2.9750000e+02;1.6935732e-02;2.9750000e+02;3.6389790e-02;2.9750000e+02;6.0742203e-02;2.9750000e+02;8.8380799e-02;2.9750000e+02;1.1849000e-01;2.9750000e+02;1.5157636e-01;2.9750000e+02;1.8487719e-01;2.9750000e+02;2.2407736e-01;2.9750000e+02;2.6105067e-01;2.9750000e+02;2.8648669e-01;2.9750000e+02;2.8633198e-01;2.9750000e+02;2.6249230e-01;2.9750000e+02;2.2605954e-01;2.9750000e+02;1.8224853e-01;2.9750000e+02;1.3257746e-01;2.9750000e+02;8.7632649e-02;2.9750000e+02;4.7856893e-02;2.9750000e+02;4.2259935e-03;2.9750000e+02;1.6935732e-02;2.9750000e+02;3.6389790e-02;2.9750000e+02;6.0742203e-02;2.9750000e+02;8.8380799e-02;2.9750000e+02;1.1849000e-01;2.9750000e+02;1.5157636e-01;2.9750000e+02;1.8487719e-01;2.9750000e+02;2.2407736e-01;2.9750000e+02;2.6105067e-01;2.9750000e+02;2.8648669e-01;2.9750000e+02;2.8633198e-01;2.9750000e+02;2.6249230e-01;2.9750000e+02;2.2605954e-01;2.9750000e+02;1.8224853e-01;2.9750000e+02;1.3257746e-01;2.9750000e+02;8.7632649e-02;2.9750000e+02;4.7856893e-02;2.9750000e+02;4.2259935e-03;2.9750000e+02;1.6935732e-02;2.9750000e+02;3.6389790e-02;2.9750000e+02;6.0742203e-02;2.9750000e+02;8.8380799e-02;2.9750000e+02;1.1849000e-01;2.9750000e+02;1.5157636e-01;2.9750000e+02;1.8487719e-01;2.9750000e+02;2.2407736e-01;2.9750000e+02;2.6105067e-01;2.9750000e+02;2.8648669e-01;2.9750000e+02;2.8633198e-01;2.9750000e+02;2.6249230e-01;2.9750000e+02;2.2605954e-01;2.9750000e+02;1.8224853e-01;2.9750000e+02;1.3257746e-01;2.9750000e+02;8.7632649e-02;2.9750000e+02;4.7856893e-02;2.9750000e+02;4.2259935e-03;2.9750000e+02;1.6935732e-02;2.9750000e+02;3.6389790e-02;2.9750000e+02;6.0742203e-02;2.9750000e+02;8.8380799e-02;2.9750000e+02;1.1849000e-01;2.9750000e+02;1.5157636e-01;2.9750000e+02;1.8487719e-01;2.9750000e+02;2.2407736e-01;2.9750000e+02;2.6105067e-01;2.9750000e+02;2.8648669e-01;2.9750000e+02;2.8633198e-01;2.9750000e+02;2.6249230e-01;2.9750000e+02;2.2605954e-01;2.9750000e+02;1.8224853e-01;2.9750000e+02;1.3257746e-01;2.9750000e+02;8.7632649e-02;2.9750000e+02;4.7856893e-02;2.9750000e+02;4.2259935e-03;2.9750000e+02;1.6935732e-02;2.9750000e+02;3.6389790e-02;2.9750000e+02;6.0742203e-02;2.9750000e+02;8.8380799e-02;2.9750000e+02;1.1849000e-01;2.9750000e+02;1.5157636e-01;2.9750000e+02;1.8487719e-01;2.9750000e+02;2.2407736e-01;2.9750000e+02;2.6105067e-01;2.9750000e+02;2.8648669e-01;2.9750000e+02;2.8633198e-01;2.9750000e+02;2.6249230e-01;2.9750000e+02;2.2605954e-01;2.9750000e+02;1.8224853e-01;2.9750000e+02;1.3257746e-01;2.9750000e+02;8.7632649e-02;2.9750000e+02;4.7856893e-02;2.9750000e+02;4.2259935e-03;2.9750000e+02;1.6935732e-02;2.9750000e+02;3.6389790e-02;2.9750000e+02;6.0742203e-02;2.9750000e+02;8.8380799e-02;2.9750000e+02;1.1849000e-01;2.9750000e+02;1.5157636e-01;2.9750000e+02;1.8487719e-01;2.9750000e+02;2.2407736e-01;2.9750000e+02;2.6105067e-01;2.9750000e+02;2.8648669e-01;2.9750000e+02;2.8633198e-01;2.9750000e+02;2.6249230e-01;2.9750000e+02;2.2605954e-01;2.9750000e+02;1.8224853e-01;2.9750000e+02;1.3257746e-01;2.9750000e+02;8.7632649e-02;2.9750000e+02;4.7856893e-02;2.9750000e+02;4.2259935e-03;2.9750000e+02;1.6935732e-02;2.9750000e+02;3.6389790e-02;2.9750000e+02;6.0742203e-02;2.9750000e+02;8.8380799e-02;2.9750000e+02;1.1849000e-01;2.9750000e+02;1.5157636e-01;2.9750000e+02;1.8487719e-01;2.9750000e+02;2.2407736e-01;2.9750000e+02;2.6105067e-01;2.9750000e+02;2.8648669e-01;2.9750000e+02;2.8633198e-01;2.9750000e+02;2.6249230e-01;2.9750000e+02;2.2605954e-01;2.9750000e+02;1.8224853e-01;2.9750000e+02;1.3257746e-01;2.9750000e+02;8.7632649e-02;2.9750000e+02;4.7856893e-02;2.9750000e+02;4.2259935e-03;2.9750000e+02;1.6935732e-02;2.9750000e+02;3.6389790e-02;2.9750000e+02;6.0742203e-02;2.9750000e+02;8.8380799e-02;2.9750000e+02;1.1849000e-01;2.9750000e+02;1.5157636e-01;2.9750000e+02;1.8487719e-01;2.9750000e+02;2.2407736e-01;2.9750000e+02;2.6105067e-01;2.9750000e+02;2.8648669e-01;2.9750000e+02;2.8633198e-01;2.9750000e+02;2.6249230e-01;2.9750000e+02;2.2605954e-01;2.9750000e+02;1.8224853e-01;2.9750000e+02;1.3257746e-01;2.9750000e+02;8.7632649e-02;2.9750000e+02;4.7856893e-02;2.9750000e+02;4.2259935e-03;2.9750000e+02;1.6935732e-02;2.9750000e+02;3.6389790e-02;2.9750000e+02;6.0742203e-02;2.9750000e+02;8.8380799e-02;2.9750000e+02;1.1849000e-01;2.9750000e+02;1.5157636e-01;2.9750000e+02;1.8487719e-01;2.9750000e+02;2.2407736e-01;2.9750000e+02;2.6105067e-01;2.9750000e+02;2.8648669e-01;2.9750000e+02;2.8633198e-01;2.9750000e+02;2.6249230e-01;2.9750000e+02;2.2605954e-01;2.9750000e+02;1.8224853e-01;2.9750000e+02;1.3257746e-01;2.9750000e+02;8.7632649e-02;2.9750000e+02;4.7856893e-02;2.9750000e+02;4.2259935e-03;2.9750000e+02;1.6935732e-02;2.9750000e+02;3.6389790e-02;2.9750000e+02;6.0742203e-02;2.9750000e+02;8.8380799e-02;2.9750000e+02;1.1849000e-01;2.9750000e+02;1.5157636e-01;2.9750000e+02;1.8487719e-01;2.9750000e+02;2.2407736e-01;2.9750000e+02;2.6105067e-01;2.9750000e+02;2.8648669e-01;2.9750000e+02;2.8633198e-01;2.9750000e+02;2.6249230e-01;2.9750000e+02;2.2605954e-01;2.9750000e+02;1.8224853e-01;2.9750000e+02;1.3257746e-01;2.9750000e+02;8.7632649e-02;2.9750000e+02;4.7856893e-02;2.9750000e+02;4.2259935e-03;2.9750000e+02;1.6935732e-02;2.9750000e+02;3.6389790e-02;2.9750000e+02;6.0742203e-02;2.9750000e+02;8.8380799e-02;2.9750000e+02;1.1849000e-01;2.9750000e+02;1.5157636e-01;2.9750000e+02;1.8487719e-01;2.9750000e+02;2.2407736e-01;2.9750000e+02;2.6105067e-01;2.9750000e+02;2.8648669e-01;2.9750000e+02;2.8633198e-01;2.9750000e+02;2.6249230e-01;2.9750000e+02;2.2605954e-01;2.9750000e+02;1.8224853e-01;2.9750000e+02;1.3257746e-01;2.9750000e+02;8.7632649e-02;2.9750000e+02;4.7856893e-02;2.9750000e+02;4.2259935e-03;2.9750000e+02;1.6935732e-02;2.9750000e+02;3.6389790e-02;2.9750000e+02;6.0742203e-02;2.9750000e+02;8.8380799e-02;2.9750000e+02;1.1849000e-01;2.9750000e+02;1.5157636e-01;2.9750000e+02;1.8487719e-01;2.9750000e+02;2.2407736e-01;2.9750000e+02;2.6105067e-01;2.9750000e+02;2.8648669e-01;2.9750000e+02;2.8633198e-01;2.9750000e+02;2.6249230e-01;2.9750000e+02;2.2605954e-01;2.9750000e+02;1.8224853e-01;2.9750000e+02;1.3257746e-01;2.9750000e+02;8.7632649e-02;2.9750000e+02;4.7856893e-02;2.9750000e+02;4.2259935e-03;2.9750000e+02;1.6935732e-02;2.9750000e+02;3.6389790e-02;2.9750000e+02;6.0742203e-02;2.9750000e+02;8.8380799e-02;2.9750000e+02;1.1849000e-01;2.9750000e+02;1.5157636e-01;2.9750000e+02;1.8487719e-01;2.9750000e+02;2.2407736e-01;2.9750000e+02;2.6105067e-01;2.9750000e+02;2.8648669e-01;2.9750000e+02;2.8633198e-01;2.9750000e+02;2.6249230e-01;2.9750000e+02;2.2605954e-01;2.9750000e+02;1.8224853e-01;2.9750000e+02;1.3257746e-01;2.9750000e+02;8.7632649e-02;2.9750000e+02;4.7856893e-02;2.9750000e+02;4.2259935e-03;2.9750000e+02;1.6935732e-02;2.9750000e+02;3.6389790e-02;2.9750000e+02;6.0742203e-02;2.9750000e+02;8.8380799e-02;2.9750000e+02;1.1849000e-01;2.9750000e+02;1.5157636e-01;2.9750000e+02;1.8487719e-01;2.9750000e+02;2.2407736e-01;2.9750000e+02;2.6105067e-01;2.9750000e+02;2.8648669e-01;2.9750000e+02;2.8633198e-01;2.9750000e+02;2.6249230e-01;2.9750000e+02;2.2605954e-01;2.9750000e+02;1.8224853e-01;2.9750000e+02;1.3257746e-01;2.9750000e+02;8.7632649e-02;2.9750000e+02;4.7856893e-02;2.9750000e+02;4.2259935e-03;2.9750000e+02;1.6935732e-02;2.9750000e+02;3.6389790e-02;2.9750000e+02;6.0742203e-02;2.9750000e+02;8.8380799e-02;2.9750000e+02;1.1849000e-01;2.9750000e+02;1.5157636e-01;2.9750000e+02;1.8487719e-01;2.9750000e+02;2.2407736e-01;2.9750000e+02;2.6105067e-01;2.9750000e+02;2.8648669e-01;2.9750000e+02;2.8633198e-01;2.9750000e+02;2.6249230e-01;2.9750000e+02;2.2605954e-01;2.9750000e+02;1.8224853e-01;2.9750000e+02;1.3257746e-01;2.9750000e+02;8.7632649e-02;2.9750000e+02;4.7856893e-02;2.9750000e+02;4.2259935e-03;2.9750000e+02;1.6935732e-02;2.9750000e+02;3.6389790e-02;2.9750000e+02;6.0742203e-02;2.9750000e+02;8.8380799e-02;2.9750000e+02;1.1849000e-01;2.9750000e+02;1.5157636e-01;2.9750000e+02;1.8487719e-01;2.9750000e+02;2.2407736e-01;2.9750000e+02;2.6105067e-01;2.9750000e+02;2.8648669e-01;2.9750000e+02;2.8633198e-01;2.9750000e+02;2.6249230e-01;2.9750000e+02;2.2605954e-01;2.9750000e+02;1.8224853e-01;2.9750000e+02;1.3257746e-01;2.9750000e+02;8.7632649e-02;2.9750000e+02;4.7856893e-02;2.9750000e+02;4.2259935e-03;2.9750000e+02;1.6935732e-02;2.9750000e+02;3.6389790e-02;2.9750000e+02;6.0742203e-02;2.9750000e+02;8.8380799e-02;2.9750000e+02;1.1849000e-01;2.9750000e+02;1.5157636e-01;2.9750000e+02;1.8487719e-01;2.9750000e+02;2.2407736e-01;2.9750000e+02;2.6105067e-01;2.9750000e+02;2.8648669e-01;2.9750000e+02;2.8633198e-01;2.9750000e+02;2.6249230e-01;2.9750000e+02;2.2605954e-01;2.9750000e+02;1.8224853e-01;2.9750000e+02;1.3257746e-01;2.9750000e+02;8.7632649e-02;2.9750000e+02;4.7856893e-02;2.9750000e+02;4.2259935e-03;2.9750000e+02;1.6935732e-02;2.9750000e+02;3.6389790e-02;2.9750000e+02;6.0742203e-02;2.9750000e+02;8.8380799e-02;2.9750000e+02;1.1849000e-01;2.9750000e+02;1.5157636e-01;2.9750000e+02;1.8487719e-01;2.9750000e+02;2.2407736e-01;2.9750000e+02;2.6105067e-01;2.9750000e+02;2.8648669e-01;2.9750000e+02;2.8633198e-01;2.9750000e+02;2.6249230e-01;2.9750000e+02;2.2605954e-01;2.9750000e+02;1.8224853e-01;2.9750000e+02;1.3257746e-01;2.9750000e+02;8.7632649e-02;2.9750000e+02;4.7856893e-02;2.9750000e+02;4.2259935e-03;2.9750000e+02;1.6935732e-02;2.9750000e+02;3.6389790e-02;2.9750000e+02;6.0742203e-02;2.9750000e+02;8.8380799e-02;2.9750000e+02;1.1849000e-01;2.9750000e+02;1.5157636e-01;2.9750000e+02;1.8487719e-01;2.9750000e+02;2.2407736e-01;2.9750000e+02;2.6105067e-01;2.9750000e+02;2.8648669e-01;2.9750000e+02;2.8633198e-01;2.9750000e+02;2.6249230e-01;2.9750000e+02;2.2605954e-01;2.9750000e+02;1.8224853e-01;2.9750000e+02;1.3257746e-01;2.9750000e+02;8.7632649e-02;2.9750000e+02;4.7856893e-02;2.9750000e+02;4.2259935e-03;2.9750000e+02;1.6935732e-02;2.9750000e+02;3.6389790e-02;2.9750000e+02;6.0742203e-02;2.9750000e+02;8.8380799e-02;2.9750000e+02;1.1849000e-01;2.9750000e+02;1.5157636e-01;2.9750000e+02;1.8487719e-01;2.9750000e+02;2.2407736e-01;2.9750000e+02;2.6105067e-01;2.9750000e+02;2.8648669e-01;2.9750000e+02;2.8633198e-01;2.9750000e+02;2.6249230e-01;2.9750000e+02;2.2605954e-01;2.9750000e+02;1.8224853e-01;2.9750000e+02;1.3257746e-01;2.9750000e+02;8.7632649e-02;2.9750000e+02;4.7856893e-02;2.9750000e+02;4.2259935e-03;2.9750000e+02;1.6935732e-02;2.9750000e+02;3.6389790e-02;2.9750000e+02;6.0742203e-02;2.9750000e+02;8.8380799e-02;2.9750000e+02;1.1849000e-01;2.9750000e+02;1.5157636e-01;2.9750000e+02;1.8487719e-01;2.9750000e+02;2.2407736e-01;2.9750000e+02;2.6105067e-01;2.9750000e+02;2.8648669e-01;2.9750000e+02;2.8633198e-01;2.9750000e+02;2.6249230e-01;2.9750000e+02;2.2605954e-01;2.9750000e+02;1.8224853e-01;2.9750000e+02;1.3257746e-01;2.9750000e+02;8.7632649e-02;2.9750000e+02;4.7856893e-02;2.9750000e+02;4.2259935e-03;2.9750000e+02;1.6935732e-02;2.9750000e+02;3.6389790e-02;2.9750000e+02;6.0742203e-02;2.9750000e+02;8.8380799e-02;2.9750000e+02;1.1849000e-01;2.9750000e+02;1.5157636e-01;2.9750000e+02;1.8487719e-01;2.9750000e+02;2.2407736e-01;2.9750000e+02;2.6105067e-01;2.9750000e+02;2.8648669e-01;2.9750000e+02;2.8633198e-01;2.9750000e+02;2.6249230e-01;2.9750000e+02;2.2605954e-01;2.9750000e+02;1.8224853e-01;2.9750000e+02;1.3257746e-01;2.9750000e+02;8.7632649e-02;2.9750000e+02;4.7856893e-02;2.9750000e+02;4.2259935e-03;2.9750000e+02;1.6935732e-02;2.9750000e+02;3.6389790e-02;2.9750000e+02;6.0742203e-02;2.9750000e+02;8.8380799e-02;2.9750000e+02;1.1849000e-01;2.9750000e+02;1.5157636e-01;2.9750000e+02;1.8487719e-01;2.9750000e+02;2.2407736e-01;2.9750000e+02;2.6105067e-01;2.9750000e+02;2.8648669e-01;2.9750000e+02;2.8633198e-01;2.9750000e+02;2.6249230e-01;2.9750000e+02;2.2605954e-01;2.9750000e+02;1.8224853e-01;2.9750000e+02;1.3257746e-01;2.9750000e+02;8.7632649e-02;2.9750000e+02;4.7856893e-02;2.9750000e+02;4.2259935e-03;2.9750000e+02;1.6935732e-02;2.9750000e+02;3.6389790e-02;2.9750000e+02;6.0742203e-02;2.9750000e+02;8.8380799e-02;2.9750000e+02;1.1849000e-01;2.9750000e+02;1.5157636e-01;2.9750000e+02;1.8487719e-01;2.9750000e+02;2.2407736e-01;2.9750000e+02;2.6105067e-01;2.9750000e+02;2.8648669e-01;2.9750000e+02;2.8633198e-01;2.9750000e+02;2.6249230e-01;2.9750000e+02;2.2605954e-01;2.9750000e+02;1.8224853e-01;2.9750000e+02;1.3257746e-01;2.9750000e+02;8.7632649e-02;2.9750000e+02;4.7856893e-02;2.9750000e+02;4.2259935e-03;2.9750000e+02;1.6935732e-02;2.9750000e+02;3.6389790e-02;2.9750000e+02;6.0742203e-02;2.9750000e+02;8.8380799e-02;2.9750000e+02;1.1849000e-01;2.9750000e+02;1.5157636e-01;2.9750000e+02;1.8487719e-01;2.9750000e+02;2.2407736e-01;2.9750000e+02;2.6105067e-01;2.9750000e+02;2.8648669e-01;2.9750000e+02;2.8633198e-01;2.9750000e+02;2.6249230e-01;2.9750000e+02;2.2605954e-01;2.9750000e+02;1.8224853e-01;2.9750000e+02;1.3257746e-01;2.9750000e+02;8.7632649e-02;2.9750000e+02;4.7856893e-02;2.9750000e+02;4.2259935e-03;2.9750000e+02;1.6935732e-02;2.9750000e+02;3.6389790e-02;2.9750000e+02;6.0742203e-02;2.9750000e+02;8.8380799e-02;2.9750000e+02;1.1849000e-01;2.9750000e+02;1.5157636e-01;2.9750000e+02;1.8487719e-01;2.9750000e+02;2.2407736e-01;2.9750000e+02;2.6105067e-01;2.9750000e+02;2.8648669e-01;2.9750000e+02;2.8633198e-01;2.9750000e+02;2.6249230e-01;2.9750000e+02;2.2605954e-01;2.9750000e+02;1.8224853e-01;2.9750000e+02;1.3257746e-01;2.9750000e+02;8.7632649e-02;2.9750000e+02;4.7856893e-02;2.9750000e+02;4.2259935e-03;2.9750000e+02;1.6935732e-02;2.9750000e+02;3.6389790e-02;2.9750000e+02;6.0742203e-02;2.9750000e+02;8.8380799e-02;2.9750000e+02;1.1849000e-01;2.9750000e+02;1.5157636e-01;2.9750000e+02;1.8487719e-01;2.9750000e+02;2.2407736e-01;2.9750000e+02;2.6105067e-01;2.9750000e+02;2.8648669e-01;2.9750000e+02;2.8633198e-01;2.9750000e+02;2.6249230e-01;2.9750000e+02;2.2605954e-01;2.9750000e+02;1.8224853e-01;2.9750000e+02;1.3257746e-01;2.9750000e+02;8.7632649e-02;2.9750000e+02;4.7856893e-02;2.9750000e+02;4.2259935e-03;2.9750000e+02;1.6935732e-02;2.9750000e+02;3.6389790e-02;2.9750000e+02;6.0742203e-02;2.9750000e+02;8.8380799e-02;2.9750000e+02;1.1849000e-01;2.9750000e+02;1.5157636e-01;2.9750000e+02;1.8487719e-01;2.9750000e+02;2.2407736e-01;2.9750000e+02;2.6105067e-01;2.9750000e+02;2.8648669e-01;2.9750000e+02;2.8633198e-01;2.9750000e+02;2.6249230e-01;2.9750000e+02;2.2605954e-01;2.9750000e+02;1.8224853e-01;2.9750000e+02;1.3257746e-01;2.9750000e+02;8.7632649e-02;2.9750000e+02;4.7856893e-02;2.9750000e+02;4.2259935e-03;2.9750000e+02;1.6935732e-02;2.9750000e+02;3.6389790e-02;2.9750000e+02;6.0742203e-02;2.9750000e+02;8.8380799e-02;2.9750000e+02;1.1849000e-01;2.9750000e+02;1.5157636e-01;2.9750000e+02;1.8487719e-01;2.9750000e+02;2.2407736e-01;2.9750000e+02;2.6105067e-01;2.9750000e+02;2.8648669e-01;2.9750000e+02;2.8633198e-01;2.9750000e+02;2.6249230e-01;2.9750000e+02;2.2605954e-01;2.9750000e+02;1.8224853e-01;2.9750000e+02;1.3257746e-01;2.9750000e+02;8.7632649e-02;2.9750000e+02;4.7856893e-02;2.9750000e+02;4.2259935e-03;2.9750000e+02;1.6935732e-02;2.9750000e+02;3.6389790e-02;2.9750000e+02;6.0742203e-02;2.9750000e+02;8.8380799e-02;2.9750000e+02;1.1849000e-01;2.9750000e+02;1.5157636e-01;2.9750000e+02;1.8487719e-01;2.9750000e+02;2.2407736e-01;2.9750000e+02;2.6105067e-01;2.9750000e+02;2.8648669e-01;2.9750000e+02;2.8633198e-01;2.9750000e+02;2.6249230e-01;2.9750000e+02;2.2605954e-01;2.9750000e+02;1.8224853e-01;2.9750000e+02;1.3257746e-01;2.9750000e+02;8.7632649e-02;2.9750000e+02;4.7856893e-02;2.9750000e+02;4.2259935e-03;2.9750000e+02;1.6935732e-02;2.9750000e+02;3.6389790e-02;2.9750000e+02;6.0742203e-02;2.9750000e+02;8.8380799e-02;2.9750000e+02;1.1849000e-01;2.9750000e+02;1.5157636e-01;2.9750000e+02;1.8487719e-01;2.9750000e+02;2.2407736e-01;2.9750000e+02;2.6105067e-01;2.9750000e+02;2.8648669e-01;2.9750000e+02;2.8633198e-01;2.9750000e+02;2.6249230e-01;2.9750000e+02;2.2605954e-01;2.9750000e+02;1.8224853e-01;2.9750000e+02;1.3257746e-01;2.9750000e+02;8.7632649e-02;2.9750000e+02;4.7856893e-02;2.9750000e+02;4.2259935e-03;2.9750000e+02;1.6935732e-02;2.9750000e+02;3.6389790e-02;2.9750000e+02;6.0742203e-02;2.9750000e+02;8.8380799e-02;2.9750000e+02;1.1849000e-01;2.9750000e+02;1.5157636e-01;2.9750000e+02;1.8487719e-01;2.9750000e+02;2.2407736e-01;2.9750000e+02;2.6105067e-01;2.9750000e+02;2.8648669e-01;2.9750000e+02;2.8633198e-01;2.9750000e+02;2.6249230e-01;2.9750000e+02;2.2605954e-01;2.9750000e+02;1.8224853e-01;2.9750000e+02;1.3257746e-01;2.9750000e+02;8.7632649e-02;2.9750000e+02;4.7856893e-02;2.9750000e+02;4.2259935e-03;2.9750000e+02;1.6935732e-02;2.9750000e+02;3.6389790e-02;2.9750000e+02;6.0742203e-02;2.9750000e+02;8.8380799e-02;2.9750000e+02;1.1849000e-01;2.9750000e+02;1.5157636e-01;2.9750000e+02;1.8487719e-01;2.9750000e+02;2.2407736e-01;2.9750000e+02;2.6105067e-01;2.9750000e+02;2.8648669e-01;2.9750000e+02;2.8633198e-01;2.9750000e+02;2.6249230e-01;2.9750000e+02;2.2605954e-01;2.9750000e+02;1.8224853e-01;2.9750000e+02;1.3257746e-01;2.9750000e+02;8.7632649e-02;2.9750000e+02;4.7856893e-02;2.9750000e+02;4.2259935e-03;2.9750000e+02;1.6935732e-02;2.9750000e+02;3.6389790e-02;2.9750000e+02;6.0742203e-02;2.9750000e+02;8.8380799e-02;2.9750000e+02;1.1849000e-01;2.9750000e+02;1.5157636e-01;2.9750000e+02;1.8487719e-01;2.9750000e+02;2.2407736e-01;2.9750000e+02;2.6105067e-01;2.9750000e+02;2.8648669e-01;2.9750000e+02;2.8633198e-01;2.9750000e+02;2.6249230e-01;2.9750000e+02;2.2605954e-01;2.9750000e+02;1.8224853e-01;2.9750000e+02;1.3257746e-01;2.9750000e+02;8.7632649e-02;2.9750000e+02;4.7856893e-02;2.9750000e+02;4.2259935e-03;2.9750000e+02;1.6935732e-02;2.9750000e+02;3.6389790e-02;2.9750000e+02;6.0742203e-02;2.9750000e+02;8.8380799e-02;2.9750000e+02;1.1849000e-01;2.9750000e+02;1.5157636e-01;2.9750000e+02;1.8487719e-01;2.9750000e+02;2.2407736e-01;2.9750000e+02;2.6105067e-01;2.9750000e+02;2.8648669e-01;2.9750000e+02;2.8633198e-01;2.9750000e+02;2.6249230e-01;2.9750000e+02;2.2605954e-01;2.9750000e+02;1.8224853e-01;2.9750000e+02;1.3257746e-01;2.9750000e+02;8.7632649e-02;2.9750000e+02;4.7856893e-02;2.9750000e+02;4.2259935e-03;2.9750000e+02;1.6935732e-02;2.9750000e+02;3.6389790e-02;2.9750000e+02;6.0742203e-02;2.9750000e+02;8.8380799e-02;2.9750000e+02;1.1849000e-01;2.9750000e+02;1.5157636e-01;2.9750000e+02;1.8487719e-01;2.9750000e+02;2.2407736e-01;2.9750000e+02;2.6105067e-01;2.9750000e+02;2.8648669e-01;2.9750000e+02;2.8633198e-01;2.9750000e+02;2.6249230e-01;2.9750000e+02;2.2605954e-01;2.9750000e+02;1.8224853e-01;2.9750000e+02;1.3257746e-01;2.9750000e+02;8.7632649e-02;2.9750000e+02;4.7856893e-02;2.9750000e+02;4.2259935e-03;2.9750000e+02;1.6935732e-02;2.9750000e+02;3.6389790e-02;2.9750000e+02;6.0742203e-02;2.9750000e+02;8.8380799e-02;2.9750000e+02;1.1849000e-01;2.9750000e+02;1.5157636e-01;2.9750000e+02;1.8487719e-01;2.9750000e+02;2.2407736e-01;2.9750000e+02;2.6105067e-01;2.9750000e+02;2.8648669e-01;2.9750000e+02;2.8633198e-01;2.9750000e+02;2.6249230e-01;2.9750000e+02;2.2605954e-01;2.9750000e+02;1.8224853e-01;2.9750000e+02;1.3257746e-01;2.9750000e+02;8.7632649e-02;2.9750000e+02;4.7856893e-02;2.9750000e+02;4.2259935e-03;2.9750000e+02;1.6935732e-02;2.9750000e+02;3.6389790e-02;2.9750000e+02;6.0742203e-02;2.9750000e+02;8.8380799e-02;2.9750000e+02;1.1849000e-01;2.9750000e+02;1.5157636e-01;2.9750000e+02;1.8487719e-01;2.9750000e+02;2.2407736e-01;2.9750000e+02;2.6105067e-01;2.9750000e+02;2.8648669e-01;2.9750000e+02;2.8633198e-01;2.9750000e+02;2.6249230e-01;2.9750000e+02;2.2605954e-01;2.9750000e+02;1.8224853e-01;2.9750000e+02;1.3257746e-01;2.9750000e+02;8.7632649e-02;2.9750000e+02;4.7856893e-02;2.9750000e+02;4.2259935e-03;2.9750000e+02;1.6935732e-02;2.9750000e+02;3.6389790e-02;2.9750000e+02;6.0742203e-02;2.9750000e+02;8.8380799e-02;2.9750000e+02;1.1849000e-01;2.9750000e+02;1.5157636e-01;2.9750000e+02;1.8487719e-01;2.9750000e+02;2.2407736e-01;2.9750000e+02;2.6105067e-01;2.9750000e+02;2.8648669e-01;2.9750000e+02;2.8633198e-01;2.9750000e+02;2.6249230e-01;2.9750000e+02;2.2605954e-01;2.9750000e+02;1.8224853e-01;2.9750000e+02;1.3257746e-01;2.9750000e+02;8.7632649e-02;2.9750000e+02;4.7856893e-02;2.9750000e+02;4.2259935e-03;2.9750000e+02;1.6935732e-02;2.9750000e+02;3.6389790e-02;2.9750000e+02;6.0742203e-02;2.9750000e+02;8.8380799e-02;2.9750000e+02;1.1849000e-01;2.9750000e+02;1.5157636e-01;2.9750000e+02;1.8487719e-01;2.9750000e+02;2.2407736e-01;2.9750000e+02;2.6105067e-01;2.9750000e+02;2.8648669e-01;2.9750000e+02;2.8633198e-01;2.9750000e+02;2.6249230e-01;2.9750000e+02;2.2605954e-01;2.9750000e+02;1.8224853e-01;2.9750000e+02;1.3257746e-01;2.9750000e+02;8.7632649e-02;2.9750000e+02;4.7856893e-02;2.9750000e+02;4.2259935e-03;2.9750000e+02;1.6935732e-02;2.9750000e+02;3.6389790e-02;2.9750000e+02;6.0742203e-02;2.9750000e+02;8.8380799e-02;2.9750000e+02;1.1849000e-01;2.9750000e+02;1.5157636e-01;2.9750000e+02;1.8487719e-01;2.9750000e+02;2.2407736e-01;2.9750000e+02;2.6105067e-01;2.9750000e+02;2.8648669e-01;2.9750000e+02;2.8633198e-01;2.9750000e+02;2.6249230e-01;2.9750000e+02;2.2605954e-01;2.9750000e+02;1.8224853e-01;2.9750000e+02;1.3257746e-01;2.9750000e+02;8.7632649e-02;2.9750000e+02;4.7856893e-02;2.9750000e+02;4.2259935e-03;2.9750000e+02;1.6935732e-02;2.9750000e+02;3.6389790e-02;2.9750000e+02;6.0742203e-02;2.9750000e+02;8.8380799e-02;2.9750000e+02;1.1849000e-01;2.9750000e+02;1.5157636e-01;2.9750000e+02;1.8487719e-01;2.9750000e+02;2.2407736e-01;2.9750000e+02;2.6105067e-01;2.9750000e+02;2.8648669e-01;2.9750000e+02;2.8633198e-01;2.9750000e+02;2.6249230e-01;2.9750000e+02;2.2605954e-01;2.9750000e+02;1.8224853e-01;2.9750000e+02;1.3257746e-01;2.9750000e+02;8.7632649e-02;2.9750000e+02;4.7856893e-02;2.9750000e+02;4.2259935e-03;2.9750000e+02;1.6935732e-02;2.9750000e+02;3.6389790e-02;2.9750000e+02;6.0742203e-02;2.9750000e+02;8.8380799e-02;2.9750000e+02;1.1849000e-01;2.9750000e+02;1.5157636e-01;2.9750000e+02;1.8487719e-01;2.9750000e+02;2.2407736e-01;2.9750000e+02;2.6105067e-01;2.9750000e+02;2.8648669e-01;2.9750000e+02;2.8633198e-01;2.9750000e+02;2.6249230e-01;2.9750000e+02;2.2605954e-01;2.9750000e+02;1.8224853e-01;2.9750000e+02;1.3257746e-01;2.9750000e+02;8.7632649e-02;2.9750000e+02;4.7856893e-02;2.9750000e+02;4.2259935e-03;2.9750000e+02;1.6935732e-02;2.9750000e+02;3.6389790e-02;2.9750000e+02;6.0742203e-02;2.9750000e+02;8.8380799e-02;2.9750000e+02;1.1849000e-01;2.9750000e+02;1.5157636e-01;2.9750000e+02;1.8487719e-01;2.9750000e+02;2.2407736e-01;2.9750000e+02;2.6105067e-01;2.9750000e+02;2.8648669e-01;2.9750000e+02;2.8633198e-01;2.9750000e+02;2.6249230e-01;2.9750000e+02;2.2605954e-01;2.9750000e+02;1.8224853e-01;2.9750000e+02;1.3257746e-01;2.9750000e+02;8.7632649e-02;2.9750000e+02;4.7856893e-02;2.9750000e+02;4.2259935e-03;2.9750000e+02;1.6935732e-02;2.9750000e+02;3.6389790e-02;2.9750000e+02;6.0742203e-02;2.9750000e+02;8.8380799e-02;2.9750000e+02;1.1849000e-01;2.9750000e+02;1.5157636e-01;2.9750000e+02;1.8487719e-01;2.9750000e+02;2.2407736e-01;2.9750000e+02;2.6105067e-01;2.9750000e+02;2.8648669e-01;2.9750000e+02;2.8633198e-01;2.9750000e+02;2.6249230e-01;2.9750000e+02;2.2605954e-01;2.9750000e+02;1.8224853e-01;2.9750000e+02;1.3257746e-01;2.9750000e+02;8.7632649e-02;2.9750000e+02;4.7856893e-02;2.9750000e+02;4.2259935e-03;2.9750000e+02;1.6935732e-02;2.9750000e+02;3.6389790e-02;2.9750000e+02;6.0742203e-02;2.9750000e+02;8.8380799e-02;2.9750000e+02;1.1849000e-01;2.9750000e+02;1.5157636e-01;2.9750000e+02;1.8487719e-01;2.9750000e+02;2.2407736e-01;2.9750000e+02;2.6105067e-01;2.9750000e+02;2.8648669e-01;2.9750000e+02;2.8633198e-01;2.9750000e+02;2.6249230e-01;2.9750000e+02;2.2605954e-01;2.9750000e+02;1.8224853e-01;2.9750000e+02;1.3257746e-01;2.9750000e+02;8.7632649e-02;2.9750000e+02;4.7856893e-02;2.9750000e+02;4.2259935e-03;2.9750000e+02;1.6935732e-02;2.9750000e+02;3.6389790e-02;2.9750000e+02;6.0742203e-02;2.9750000e+02;8.8380799e-02;2.9750000e+02;1.1849000e-01;2.9750000e+02;1.5157636e-01;2.9750000e+02;1.8487719e-01;2.9750000e+02;2.2407736e-01;2.9750000e+02;2.6105067e-01;2.9750000e+02;2.8648669e-01;2.9750000e+02;2.8633198e-01;2.9750000e+02;2.6249230e-01;2.9750000e+02;2.2605954e-01;2.9750000e+02;1.8224853e-01;2.9750000e+02;1.3257746e-01;2.9750000e+02;8.7632649e-02;2.9750000e+02;4.7856893e-02;2.9750000e+02;4.2259935e-03;2.9750000e+02;1.6935732e-02;2.9750000e+02;3.6389790e-02;2.9750000e+02;6.0742203e-02;2.9750000e+02;8.8380799e-02;2.9750000e+02;1.1849000e-01;2.9750000e+02;1.5157636e-01;2.9750000e+02;1.8487719e-01;2.9750000e+02;2.2407736e-01;2.9750000e+02;2.6105067e-01;2.9750000e+02;2.8648669e-01;2.9750000e+02;2.8633198e-01;2.9750000e+02;2.6249230e-01;2.9750000e+02;2.2605954e-01;2.9750000e+02;1.8224853e-01;2.9750000e+02;1.3257746e-01;2.9750000e+02;8.7632649e-02;2.9750000e+02;4.7856893e-02;2.9750000e+02;4.2259935e-03;2.9750000e+02;1.6935732e-02;2.9750000e+02;3.6389790e-02;2.9750000e+02;6.0742203e-02;2.9750000e+02;8.8380799e-02;2.9750000e+02;1.1849000e-01;2.9750000e+02;1.5157636e-01;2.9750000e+02;1.8487719e-01;2.9750000e+02;2.2407736e-01;2.9750000e+02;2.6105067e-01;2.9750000e+02;2.8648669e-01;2.9750000e+02;2.8633198e-01;2.9750000e+02;2.6249230e-01;2.9750000e+02;2.2605954e-01;2.9750000e+02;1.8224853e-01;2.9750000e+02;1.3257746e-01;2.9750000e+02;8.7632649e-02;2.9750000e+02;4.7856893e-02;2.9750000e+02;4.2259935e-03;2.9750000e+02;1.6935732e-02;2.9750000e+02;3.6389790e-02;2.9750000e+02;6.0742203e-02;2.9750000e+02;8.8380799e-02;2.9750000e+02;1.1849000e-01;2.9750000e+02;1.5157636e-01;2.9750000e+02;1.8487719e-01;2.9750000e+02;2.2407736e-01;2.9750000e+02;2.6105067e-01;2.9750000e+02;2.8648669e-01;2.9750000e+02;2.8633198e-01;2.9750000e+02;2.6249230e-01;2.9750000e+02;2.2605954e-01;2.9750000e+02;1.8224853e-01;2.9750000e+02;1.3257746e-01;2.9750000e+02;8.7632649e-02;2.9750000e+02;4.7856893e-02;2.9750000e+02;4.2259935e-03;2.9750000e+02;1.6935732e-02;2.9750000e+02;3.6389790e-02;2.9750000e+02;6.0742203e-02;2.9750000e+02;8.8380799e-02;2.9750000e+02;1.1849000e-01;2.9750000e+02;1.5157636e-01;2.9750000e+02;1.8487719e-01;2.9750000e+02;2.2407736e-01;2.9750000e+02;2.6105067e-01;2.9750000e+02;2.8648669e-01;2.9750000e+02;2.8633198e-01;2.9750000e+02;2.6249230e-01;2.9750000e+02;2.2605954e-01;2.9750000e+02;1.8224853e-01;2.9750000e+02;1.3257746e-01;2.9750000e+02;8.7632649e-02;2.9750000e+02;4.7856893e-02;2.9750000e+02;4.2259935e-03;2.9750000e+02;1.6935732e-02;2.9750000e+02;3.6389790e-02;2.9750000e+02;6.0742203e-02;2.9750000e+02;8.8380799e-02;2.9750000e+02;1.1849000e-01;2.9750000e+02;1.5157636e-01;2.9750000e+02;1.8487719e-01;2.9750000e+02;2.2407736e-01;2.9750000e+02;2.6105067e-01;2.9750000e+02;2.8648669e-01;2.9750000e+02;2.8633198e-01;2.9750000e+02;2.6249230e-01;2.9750000e+02;2.2605954e-01;2.9750000e+02;1.8224853e-01;2.9750000e+02;1.3257746e-01;2.9750000e+02;8.7632649e-02;2.9750000e+02;4.7856893e-02;2.9750000e+02;4.2259935e-03;2.9750000e+02;1.6935732e-02;2.9750000e+02;3.6389790e-02;2.9750000e+02;6.0742203e-02;2.9750000e+02;8.8380799e-02;2.9750000e+02;1.1849000e-01;2.9750000e+02;1.5157636e-01;2.9750000e+02;1.8487719e-01;2.9750000e+02;2.2407736e-01;2.9750000e+02;2.6105067e-01;2.9750000e+02;2.8648669e-01;2.9750000e+02;2.8633198e-01;2.9750000e+02;2.6249230e-01;2.9750000e+02;2.2605954e-01;2.9750000e+02;1.8224853e-01;2.9750000e+02;1.3257746e-01;2.9750000e+02;8.7632649e-02;2.9750000e+02;4.7856893e-02;2.9750000e+02;4.2259935e-03;2.9750000e+02;1.6935732e-02;2.9750000e+02;3.6389790e-02;2.9750000e+02;6.0742203e-02;2.9750000e+02;8.8380799e-02;2.9750000e+02;1.1849000e-01;2.9750000e+02;1.5157636e-01;2.9750000e+02;1.8487719e-01;2.9750000e+02;2.2407736e-01;2.9750000e+02;2.6105067e-01;2.9750000e+02;2.8648669e-01;2.9750000e+02;2.8633198e-01;2.9750000e+02;2.6249230e-01;2.9750000e+02;2.2605954e-01;2.9750000e+02;1.8224853e-01;2.9750000e+02;1.3257746e-01;2.9750000e+02;8.7632649e-02;2.9750000e+02;4.7856893e-02;2.9750000e+02;4.2259935e-03;2.9750000e+02;1.6935732e-02;2.9750000e+02;3.6389790e-02;2.9750000e+02;6.0742203e-02;2.9750000e+02;8.8380799e-02;2.9750000e+02;1.1849000e-01;2.9750000e+02;1.5157636e-01;2.9750000e+02;1.8487719e-01;2.9750000e+02;2.2407736e-01;2.9750000e+02;2.6105067e-01;2.9750000e+02;2.8648669e-01;2.9750000e+02;2.8633198e-01;2.9750000e+02;2.6249230e-01;2.9750000e+02;2.2605954e-01;2.9750000e+02;1.8224853e-01;2.9750000e+02;1.3257746e-01;2.9750000e+02;8.7632649e-02;2.9750000e+02;4.7856893e-02;2.9750000e+02;4.2259935e-03;2.9750000e+02;1.6935732e-02;2.9750000e+02;3.6389790e-02;2.9750000e+02;6.0742203e-02;2.9750000e+02;8.8380799e-02;2.9750000e+02;1.1849000e-01;2.9750000e+02;1.5157636e-01;2.9750000e+02;1.8487719e-01;2.9750000e+02;2.2407736e-01;2.9750000e+02;2.6105067e-01;2.9750000e+02;2.8648669e-01;2.9750000e+02;2.8633198e-01;2.9750000e+02;2.6249230e-01;2.9750000e+02;2.2605954e-01;2.9750000e+02;1.8224853e-01;2.9750000e+02;1.3257746e-01;2.9750000e+02;8.7632649e-02;2.9750000e+02;4.7856893e-02;2.9750000e+02;4.2259935e-03;2.9750000e+02;1.6935732e-02;2.9750000e+02;3.6389790e-02;2.9750000e+02;6.0742203e-02;2.9750000e+02;8.8380799e-02;2.9750000e+02;1.1849000e-01;2.9750000e+02;1.5157636e-01;2.9750000e+02;1.8487719e-01;2.9750000e+02;2.2407736e-01;2.9750000e+02;2.6105067e-01;2.9750000e+02;2.8648669e-01;2.9750000e+02;2.8633198e-01;2.9750000e+02;2.6249230e-01;2.9750000e+02;2.2605954e-01;2.9750000e+02;1.8224853e-01;2.9750000e+02;1.3257746e-01;2.9750000e+02;8.7632649e-02;2.9750000e+02;4.7856893e-02;2.9750000e+02;4.2259935e-03;2.9750000e+02;1.6935732e-02;2.9750000e+02;3.6389790e-02;2.9750000e+02;6.0742203e-02;2.9750000e+02;8.8380799e-02;2.9750000e+02;1.1849000e-01;2.9750000e+02;1.5157636e-01;2.9750000e+02;1.8487719e-01;2.9750000e+02;2.2407736e-01;2.9750000e+02;2.6105067e-01;2.9750000e+02;2.8648669e-01;2.9750000e+02;2.8633198e-01;2.9750000e+02;2.6249230e-01;2.9750000e+02;2.2605954e-01;2.9750000e+02;1.8224853e-01;2.9750000e+02;1.3257746e-01;2.9750000e+02;8.7632649e-02;2.9750000e+02;4.7856893e-02;2.9750000e+02;4.2259935e-03;2.9750000e+02;1.6935732e-02;2.9750000e+02;3.6389790e-02;2.9750000e+02;6.0742203e-02;2.9750000e+02;8.8380799e-02;2.9750000e+02;1.1849000e-01;2.9750000e+02;1.5157636e-01;2.9750000e+02;1.8487719e-01;2.9750000e+02;2.2407736e-01;2.9750000e+02;2.6105067e-01;2.9750000e+02;2.8648669e-01;2.9750000e+02;2.8633198e-01;2.9750000e+02;2.6249230e-01;2.9750000e+02;2.2605954e-01;2.9750000e+02;1.8224853e-01;2.9750000e+02;1.3257746e-01;2.9750000e+02;8.7632649e-02;2.9750000e+02;4.7856893e-02;2.9750000e+02;4.2259935e-03;2.9750000e+02;1.6935732e-02;2.9750000e+02;3.6389790e-02;2.9750000e+02;6.0742203e-02;2.9750000e+02;8.8380799e-02;2.9750000e+02;1.1849000e-01;2.9750000e+02;1.5157636e-01;2.9750000e+02;1.8487719e-01;2.9750000e+02;2.2407736e-01;2.9750000e+02;2.6105067e-01;2.9750000e+02;2.8648669e-01;2.9750000e+02;2.8633198e-01;2.9750000e+02;2.6249230e-01;2.9750000e+02;2.2605954e-01;2.9750000e+02;1.8224853e-01;2.9750000e+02;1.3257746e-01;2.9750000e+02;8.7632649e-02;2.9750000e+02;4.7856893e-02;2.9750000e+02;4.2259935e-03;2.9750000e+02;1.6935732e-02;2.9750000e+02;3.6389790e-02;2.9750000e+02;6.0742203e-02;2.9750000e+02;8.8380799e-02;2.9750000e+02;1.1849000e-01;2.9750000e+02;1.5157636e-01;2.9750000e+02;1.8487719e-01;2.9750000e+02;2.2407736e-01;2.9750000e+02;2.6105067e-01;2.9750000e+02;2.8648669e-01;2.9750000e+02;2.8633198e-01;2.9750000e+02;2.6249230e-01;2.9750000e+02;2.2605954e-01;2.9750000e+02;1.8224853e-01;2.9750000e+02;1.3257746e-01;2.9750000e+02;8.7632649e-02;2.9750000e+02;4.7856893e-02;2.9750000e+02;4.2259935e-03;2.9750000e+02;1.6935732e-02;2.9750000e+02;3.6389790e-02;2.9750000e+02;6.0742203e-02;2.9750000e+02;8.8380799e-02;2.9750000e+02;1.1849000e-01;2.9750000e+02;1.5157636e-01;2.9750000e+02;1.8487719e-01;2.9750000e+02;2.2407736e-01;2.9750000e+02;2.6105067e-01;2.9750000e+02;2.8648669e-01;2.9750000e+02;2.8633198e-01;2.9750000e+02;2.6249230e-01;2.9750000e+02;2.2605954e-01;2.9750000e+02;1.8224853e-01;2.9750000e+02;1.3257746e-01;2.9750000e+02;8.7632649e-02;2.9750000e+02;4.7856893e-02;2.9750000e+02;4.2259935e-03;2.9750000e+02;1.6935732e-02;2.9750000e+02;3.6389790e-02;2.9750000e+02;6.0742203e-02;2.9750000e+02;8.8380799e-02;2.9750000e+02;1.1849000e-01;2.9750000e+02;1.5157636e-01;2.9750000e+02;1.8487719e-01;2.9750000e+02;2.2407736e-01;2.9750000e+02;2.6105067e-01;2.9750000e+02;2.8648669e-01;2.9750000e+02;2.8633198e-01;2.9750000e+02;2.6249230e-01;2.9750000e+02;2.2605954e-01;2.9750000e+02;1.8224853e-01;2.9750000e+02;1.3257746e-01;2.9750000e+02;8.7632649e-02;2.9750000e+02;4.7856893e-02;2.9750000e+02;4.2259935e-03;2.9750000e+02;1.6935732e-02;2.9750000e+02;3.6389790e-02;2.9750000e+02;6.0742203e-02;2.9750000e+02;8.8380799e-02;2.9750000e+02;1.1849000e-01;2.9750000e+02;1.5157636e-01;2.9750000e+02;1.8487719e-01;2.9750000e+02;2.2407736e-01;2.9750000e+02;2.6105067e-01;2.9750000e+02;2.8648669e-01;2.9750000e+02;2.8633198e-01;2.9750000e+02;2.6249230e-01;2.9750000e+02;2.2605954e-01;2.9750000e+02;1.8224853e-01;2.9750000e+02;1.3257746e-01;2.9750000e+02;8.7632649e-02;2.9750000e+02;4.7856893e-02;2.9750000e+02;4.2259935e-03;2.9750000e+02;1.6935732e-02;2.9750000e+02;3.6389790e-02;2.9750000e+02;6.0742203e-02;2.9750000e+02;8.8380799e-02;2.9750000e+02;1.1849000e-01;2.9750000e+02;1.5157636e-01;2.9750000e+02;1.8487719e-01;2.9750000e+02;2.2407736e-01;2.9750000e+02;2.6105067e-01;2.9750000e+02;2.8648669e-01;2.9750000e+02;2.8633198e-01;2.9750000e+02;2.6249230e-01;2.9750000e+02;2.2605954e-01;2.9750000e+02;1.8224853e-01;2.9750000e+02;1.3257746e-01;2.9750000e+02;8.7632649e-02;2.9750000e+02;4.7856893e-02;2.9750000e+02;4.2259935e-03;2.9750000e+02;1.6935732e-02;2.9750000e+02;3.6389790e-02;2.9750000e+02;6.0742203e-02;2.9750000e+02;8.8380799e-02;2.9750000e+02;1.1849000e-01;2.9750000e+02;1.5157636e-01;2.9750000e+02;1.8487719e-01;2.9750000e+02;2.2407736e-01;2.9750000e+02;2.6105067e-01;2.9750000e+02;2.8648669e-01;2.9750000e+02;2.8633198e-01;2.9750000e+02;2.6249230e-01;2.9750000e+02;2.2605954e-01;2.9750000e+02;1.8224853e-01;2.9750000e+02;1.3257746e-01;2.9750000e+02;8.7632649e-02;2.9750000e+02;4.7856893e-02;2.9750000e+02;4.2259935e-03;2.9750000e+02;1.6935732e-02;2.9750000e+02;3.6389790e-02;2.9750000e+02;6.0742203e-02;2.9750000e+02;8.8380799e-02;2.9750000e+02;1.1849000e-01;2.9750000e+02;1.5157636e-01;2.9750000e+02;1.8487719e-01;2.9750000e+02;2.2407736e-01;2.9750000e+02;2.6105067e-01;2.9750000e+02;2.8648669e-01;2.9750000e+02;2.8633198e-01;2.9750000e+02;2.6249230e-01;2.9750000e+02;2.2605954e-01;2.9750000e+02;1.8224853e-01;2.9750000e+02;1.3257746e-01;2.9750000e+02;8.7632649e-02;2.9750000e+02;4.7856893e-02;2.9750000e+02;4.2259935e-03;2.9750000e+02;1.6935732e-02;2.9750000e+02;3.6389790e-02;2.9750000e+02;6.0742203e-02;2.9750000e+02;8.8380799e-02;2.9750000e+02;1.1849000e-01;2.9750000e+02;1.5157636e-01;2.9750000e+02;1.8487719e-01;2.9750000e+02;2.2407736e-01;2.9750000e+02;2.6105067e-01;2.9750000e+02;2.8648669e-01;2.9750000e+02;2.8633198e-01;2.9750000e+02;2.6249230e-01;2.9750000e+02;2.2605954e-01;2.9750000e+02;1.8224853e-01;2.9750000e+02;1.3257746e-01;2.9750000e+02;8.7632649e-02;2.9750000e+02;4.7856893e-02;2.9750000e+02;4.2259935e-03;2.9750000e+02;1.6935732e-02;2.9750000e+02;3.6389790e-02;2.9750000e+02;6.0742203e-02;2.9750000e+02;8.8380799e-02;2.9750000e+02;1.1849000e-01;2.9750000e+02;1.5157636e-01;2.9750000e+02;1.8487719e-01;2.9750000e+02;2.2407736e-01;2.9750000e+02;2.6105067e-01;2.9750000e+02;2.8648669e-01;2.9750000e+02;2.8633198e-01;2.9750000e+02;2.6249230e-01;2.9750000e+02;2.2605954e-01;2.9750000e+02;1.8224853e-01;2.9750000e+02;1.3257746e-01;2.9750000e+02;8.7632649e-02;2.9750000e+02;4.7856893e-02;2.9750000e+02;4.2259935e-03;2.9750000e+02;1.6935732e-02;2.9750000e+02;3.6389790e-02;2.9750000e+02;6.0742203e-02;2.9750000e+02;8.8380799e-02;2.9750000e+02;1.1849000e-01;2.9750000e+02;1.5157636e-01;2.9750000e+02;1.8487719e-01;2.9750000e+02;2.2407736e-01;2.9750000e+02;2.6105067e-01;2.9750000e+02;2.8648669e-01;2.9750000e+02;2.8633198e-01;2.9750000e+02;2.6249230e-01;2.9750000e+02;2.2605954e-01;2.9750000e+02;1.8224853e-01;2.9750000e+02;1.3257746e-01;2.9750000e+02;8.7632649e-02;2.9750000e+02;4.7856893e-02;2.9750000e+02;4.2259935e-03;2.9750000e+02;1.6935732e-02;2.9750000e+02;3.6389790e-02;2.9750000e+02;6.0742203e-02;2.9750000e+02;8.8380799e-02;2.9750000e+02;1.1849000e-01;2.9750000e+02;1.5157636e-01;2.9750000e+02;1.8487719e-01;2.9750000e+02;2.2407736e-01;2.9750000e+02;2.6105067e-01;2.9750000e+02;2.8648669e-01;2.9750000e+02;2.8633198e-01;2.9750000e+02;2.6249230e-01;2.9750000e+02;2.2605954e-01;2.9750000e+02;1.8224853e-01;2.9750000e+02;1.3257746e-01;2.9750000e+02;8.7632649e-02;2.9750000e+02;4.7856893e-02;2.9750000e+02;4.2259935e-03;2.9750000e+02;1.6935732e-02;2.9750000e+02;3.6389790e-02;2.9750000e+02;6.0742203e-02;2.9750000e+02;8.8380799e-02;2.9750000e+02;1.1849000e-01;2.9750000e+02;1.5157636e-01;2.9750000e+02;1.8487719e-01;2.9750000e+02;2.2407736e-01;2.9750000e+02;2.6105067e-01;2.9750000e+02;2.8648669e-01;2.9750000e+02;2.8633198e-01;2.9750000e+02;2.6249230e-01;2.9750000e+02;2.2605954e-01;2.9750000e+02;1.8224853e-01;2.9750000e+02;1.3257746e-01;2.9750000e+02;8.7632649e-02;2.9750000e+02;4.7856893e-02;2.9750000e+02;4.2259935e-03;2.9750000e+02;1.6935732e-02;2.9750000e+02;3.6389790e-02;2.9750000e+02;6.0742203e-02;2.9750000e+02;8.8380799e-02;2.9750000e+02;1.1849000e-01;2.9750000e+02;1.5157636e-01;2.9750000e+02;1.8487719e-01;2.9750000e+02;2.2407736e-01;2.9750000e+02;2.6105067e-01;2.9750000e+02;2.8648669e-01;2.9750000e+02;2.8633198e-01;2.9750000e+02;2.6249230e-01;2.9750000e+02;2.2605954e-01;2.9750000e+02;1.8224853e-01;2.9750000e+02;1.3257746e-01;2.9750000e+02;8.7632649e-02;2.9750000e+02;4.7856893e-02;2.9750000e+02;4.2259935e-03;2.9750000e+02;1.6935732e-02;2.9750000e+02;3.6389790e-02;2.9750000e+02;6.0742203e-02;2.9750000e+02;8.8380799e-02;2.9750000e+02;1.1849000e-01;2.9750000e+02;1.5157636e-01;2.9750000e+02;1.8487719e-01;2.9750000e+02;2.2407736e-01;2.9750000e+02;2.6105067e-01;2.9750000e+02;2.8648669e-01;2.9750000e+02;2.8633198e-01;2.9750000e+02;2.6249230e-01;2.9750000e+02;2.2605954e-01;2.9750000e+02;1.8224853e-01;2.9750000e+02;1.3257746e-01;2.9750000e+02;8.7632649e-02;2.9750000e+02;4.7856893e-02;2.9750000e+02;4.2259935e-03;2.9750000e+02;1.6935732e-02;2.9750000e+02;3.6389790e-02;2.9750000e+02;6.0742203e-02;2.9750000e+02;8.8380799e-02;2.9750000e+02;1.1849000e-01;2.9750000e+02;1.5157636e-01;2.9750000e+02;1.8487719e-01;2.9750000e+02;2.2407736e-01;2.9750000e+02;2.6105067e-01;2.9750000e+02;2.8648669e-01;2.9750000e+02;2.8633198e-01;2.9750000e+02;2.6249230e-01;2.9750000e+02;2.2605954e-01;2.9750000e+02;1.8224853e-01;2.9750000e+02;1.3257746e-01;2.9750000e+02;8.7632649e-02;2.9750000e+02;4.7856893e-02;2.9750000e+02;4.2259935e-03;2.9750000e+02;1.6935732e-02;2.9750000e+02;3.6389790e-02;2.9750000e+02;6.0742203e-02;2.9750000e+02;8.8380799e-02;2.9750000e+02;1.1849000e-01;2.9750000e+02;1.5157636e-01;2.9750000e+02;1.8487719e-01;2.9750000e+02;2.2407736e-01;2.9750000e+02;2.6105067e-01;2.9750000e+02;2.8648669e-01;2.9750000e+02;2.8633198e-01;2.9750000e+02;2.6249230e-01;2.9750000e+02;2.2605954e-01;2.9750000e+02;1.8224853e-01;2.9750000e+02;1.3257746e-01;2.9750000e+02;8.7632649e-02;2.9750000e+02;4.7856893e-02;2.9750000e+02;4.2259935e-03;2.9750000e+02;1.6935732e-02;2.9750000e+02;3.6389790e-02;2.9750000e+02;6.0742203e-02;2.9750000e+02;8.8380799e-02;2.9750000e+02;1.1849000e-01;2.9750000e+02;1.5157636e-01;2.9750000e+02;1.8487719e-01;2.9750000e+02;2.2407736e-01;2.9750000e+02;2.6105067e-01;2.9750000e+02;2.8648669e-01;2.9750000e+02;2.8633198e-01;2.9750000e+02;2.6249230e-01;2.9750000e+02;2.2605954e-01;2.9750000e+02;1.8224853e-01;2.9750000e+02;1.3257746e-01;2.9750000e+02;8.7632649e-02;2.9750000e+02;4.7856893e-02;2.9750000e+02;4.2259935e-03;2.9750000e+02;1.6935732e-02;2.9750000e+02;3.6389790e-02;2.9750000e+02;6.0742203e-02;2.9750000e+02;8.8380799e-02;2.9750000e+02;1.1849000e-01;2.9750000e+02;1.5157636e-01;2.9750000e+02;1.8487719e-01;2.9750000e+02;2.2407736e-01;2.9750000e+02;2.6105067e-01;2.9750000e+02;2.8648669e-01;2.9750000e+02;2.8633198e-01;2.9750000e+02;2.6249230e-01;2.9750000e+02;2.2605954e-01;2.9750000e+02;1.8224853e-01;2.9750000e+02;1.3257746e-01;2.9750000e+02;8.7632649e-02;2.9750000e+02;4.7856893e-02;2.9750000e+02;4.2259935e-03;2.9750000e+02;1.6935732e-02;2.9750000e+02;3.6389790e-02;2.9750000e+02;6.0742203e-02;2.9750000e+02;8.8380799e-02;2.9750000e+02;1.1849000e-01;2.9750000e+02;1.5157636e-01;2.9750000e+02;1.8487719e-01;2.9750000e+02;2.2407736e-01;2.9750000e+02;2.6105067e-01;2.9750000e+02;2.8648669e-01;2.9750000e+02;2.8633198e-01;2.9750000e+02;2.6249230e-01;2.9750000e+02;2.2605954e-01;2.9750000e+02;1.8224853e-01;2.9750000e+02;1.3257746e-01;2.9750000e+02;8.7632649e-02;2.9750000e+02;4.7856893e-02;2.9750000e+02;4.2259935e-03;2.9750000e+02;1.6935732e-02;2.9750000e+02;3.6389790e-02;2.9750000e+02;6.0742203e-02;2.9750000e+02;8.8380799e-02;2.9750000e+02;1.1849000e-01;2.9750000e+02;1.5157636e-01;2.9750000e+02;1.8487719e-01;2.9750000e+02;2.2407736e-01;2.9750000e+02;2.6105067e-01;2.9750000e+02;2.8648669e-01;2.9750000e+02;2.8633198e-01;2.9750000e+02;2.6249230e-01;2.9750000e+02;2.2605954e-01;2.9750000e+02;1.8224853e-01;2.9750000e+02;1.3257746e-01;2.9750000e+02;8.7632649e-02;2.9750000e+02;4.7856893e-02;2.9750000e+02;4.2259935e-03;2.9750000e+02;1.6935732e-02;2.9750000e+02;3.6389790e-02;2.9750000e+02;6.0742203e-02;2.9750000e+02;8.8380799e-02;2.9750000e+02;1.1849000e-01;2.9750000e+02;1.5157636e-01;2.9750000e+02;1.8487719e-01;2.9750000e+02;2.2407736e-01;2.9750000e+02;2.6105067e-01;2.9750000e+02;2.8648669e-01;2.9750000e+02;2.8633198e-01;2.9750000e+02;2.6249230e-01;2.9750000e+02;2.2605954e-01;2.9750000e+02;1.8224853e-01;2.9750000e+02;1.3257746e-01;2.9750000e+02;8.7632649e-02;2.9750000e+02;4.7856893e-02;2.9750000e+02;4.2259935e-03;2.9750000e+02;1.6935732e-02;2.9750000e+02;3.6389790e-02;2.9750000e+02;6.0742203e-02;2.9750000e+02;8.8380799e-02;2.9750000e+02;1.1849000e-01;2.9750000e+02;1.5157636e-01;2.9750000e+02;1.8487719e-01;2.9750000e+02;2.2407736e-01;2.9750000e+02;2.6105067e-01;2.9750000e+02;2.8648669e-01;2.9750000e+02;2.8633198e-01;2.9750000e+02;2.6249230e-01;2.9750000e+02;2.2605954e-01;2.9750000e+02;1.8224853e-01;2.9750000e+02;1.3257746e-01;2.9750000e+02;8.7632649e-02;2.9750000e+02;4.7856893e-02;2.9750000e+02;4.2259935e-03;2.9750000e+02;1.6935732e-02;2.9750000e+02;3.6389790e-02;2.9750000e+02;6.0742203e-02;2.9750000e+02;8.8380799e-02;2.9750000e+02;1.1849000e-01;2.9750000e+02;1.5157636e-01;2.9750000e+02;1.8487719e-01;2.9750000e+02;2.2407736e-01;2.9750000e+02;2.6105067e-01;2.9750000e+02;2.8648669e-01;2.9750000e+02;2.8633198e-01;2.9750000e+02;2.6249230e-01;2.9750000e+02;2.2605954e-01;2.9750000e+02;1.8224853e-01;2.9750000e+02;1.3257746e-01;2.9750000e+02;8.7632649e-02;2.9750000e+02;4.7856893e-02;2.9750000e+02;4.2259935e-03;2.9750000e+02;1.6935732e-02;2.9750000e+02;3.6389790e-02;2.9750000e+02;6.0742203e-02;2.9750000e+02;8.8380799e-02;2.9750000e+02;1.1849000e-01;2.9750000e+02;1.5157636e-01;2.9750000e+02;1.8487719e-01;2.9750000e+02;2.2407736e-01;2.9750000e+02;2.6105067e-01;2.9750000e+02;2.8648669e-01;2.9750000e+02;2.8633198e-01;2.9750000e+02;2.6249230e-01;2.9750000e+02;2.2605954e-01;2.9750000e+02;1.8224853e-01;2.9750000e+02;1.3257746e-01;2.9750000e+02;8.7632649e-02;2.9750000e+02;4.7856893e-02;2.9750000e+02;4.2259935e-03;2.9750000e+02;1.6935732e-02;2.9750000e+02;3.6389790e-02;2.9750000e+02;6.0742203e-02;2.9750000e+02;8.8380799e-02;2.9750000e+02;1.1849000e-01;2.9750000e+02;1.5157636e-01;2.9750000e+02;1.8487719e-01;2.9750000e+02;2.2407736e-01;2.9750000e+02;2.6105067e-01;2.9750000e+02;2.8648669e-01;2.9750000e+02;2.8633198e-01;2.9750000e+02;2.6249230e-01;2.9750000e+02;2.2605954e-01;2.9750000e+02;1.8224853e-01;2.9750000e+02;1.3257746e-01;2.9750000e+02;8.7632649e-02;2.9750000e+02;4.7856893e-02;2.9750000e+02;4.2259935e-03;2.9750000e+02;1.6935732e-02;2.9750000e+02;3.6389790e-02;2.9750000e+02;6.0742203e-02;2.9750000e+02;8.8380799e-02;2.9750000e+02;1.1849000e-01;2.9750000e+02;1.5157636e-01;2.9750000e+02;1.8487719e-01;2.9750000e+02;2.2407736e-01;2.9750000e+02;2.6105067e-01;2.9750000e+02;2.8648669e-01;2.9750000e+02;2.8633198e-01;2.9750000e+02;2.6249230e-01;2.9750000e+02;2.2605954e-01;2.9750000e+02;1.8224853e-01;2.9750000e+02;1.3257746e-01;2.9750000e+02;8.7632649e-02;2.9750000e+02;4.7856893e-02;2.9750000e+02;4.2259935e-03;2.9750000e+02;1.6935732e-02;2.9750000e+02;3.6389790e-02;2.9750000e+02;6.0742203e-02;2.9750000e+02;8.8380799e-02;2.9750000e+02;1.1849000e-01;2.9750000e+02;1.5157636e-01;2.9750000e+02;1.8487719e-01;2.9750000e+02;2.2407736e-01;2.9750000e+02;2.6105067e-01;2.9750000e+02;2.8648669e-01;2.9750000e+02;2.8633198e-01;2.9750000e+02;2.6249230e-01;2.9750000e+02;2.2605954e-01;2.9750000e+02;1.8224853e-01;2.9750000e+02;1.3257746e-01;2.9750000e+02;8.7632649e-02;2.9750000e+02;4.7856893e-02;2.9750000e+02;4.2259935e-03;2.9750000e+02;1.6935732e-02;2.9750000e+02;3.6389790e-02;2.9750000e+02;6.0742203e-02;2.9750000e+02;8.8380799e-02;2.9750000e+02;1.1849000e-01;2.9750000e+02;1.5157636e-01;2.9750000e+02;1.8487719e-01;2.9750000e+02;2.2407736e-01;2.9750000e+02;2.6105067e-01;2.9750000e+02;2.8648669e-01;2.9750000e+02;2.8633198e-01;2.9750000e+02;2.6249230e-01;2.9750000e+02;2.2605954e-01;2.9750000e+02;1.8224853e-01;2.9750000e+02;1.3257746e-01;2.9750000e+02;8.7632649e-02;2.9750000e+02;4.7856893e-02;2.9750000e+02;4.2259935e-03;2.9750000e+02;1.6935732e-02;2.9750000e+02;3.6389790e-02;2.9750000e+02;6.0742203e-02;2.9750000e+02;8.8380799e-02;2.9750000e+02;1.1849000e-01;2.9750000e+02;1.5157636e-01;2.9750000e+02;1.8487719e-01;2.9750000e+02;2.2407736e-01;2.9750000e+02;2.6105067e-01;2.9750000e+02;2.8648669e-01;2.9750000e+02;2.8633198e-01;2.9750000e+02;2.6249230e-01;2.9750000e+02;2.2605954e-01;2.9750000e+02;1.8224853e-01;2.9750000e+02;1.3257746e-01;2.9750000e+02;8.7632649e-02;2.9750000e+02;4.7856893e-02;2.9750000e+02;4.2259935e-03;2.9750000e+02;1.6935732e-02;2.9750000e+02;3.6389790e-02;2.9750000e+02;6.0742203e-02;2.9750000e+02;8.8380799e-02;2.9750000e+02;1.1849000e-01;2.9750000e+02;1.5157636e-01;2.9750000e+02;1.8487719e-01;2.9750000e+02;2.2407736e-01;2.9750000e+02;2.6105067e-01;2.9750000e+02;2.8648669e-01;2.9750000e+02;2.8633198e-01;2.9750000e+02;2.6249230e-01;2.9750000e+02;2.2605954e-01;2.9750000e+02;1.8224853e-01;2.9750000e+02;1.3257746e-01;2.9750000e+02;8.7632649e-02;2.9750000e+02;4.7856893e-02;2.9750000e+02;4.2259935e-03;2.9750000e+02;1.6935732e-02;2.9750000e+02;3.6389790e-02;2.9750000e+02;6.0742203e-02;2.9750000e+02;8.8380799e-02;2.9750000e+02;1.1849000e-01;2.9750000e+02;1.5157636e-01;2.9750000e+02;1.8487719e-01;2.9750000e+02;2.2407736e-01;2.9750000e+02;2.6105067e-01;2.9750000e+02;2.8648669e-01;2.9750000e+02;2.8633198e-01;2.9750000e+02;2.6249230e-01;2.9750000e+02;2.2605954e-01;2.9750000e+02;1.8224853e-01;2.9750000e+02;1.3257746e-01;2.9750000e+02;8.7632649e-02;2.9750000e+02;4.7856893e-02;2.9750000e+02;4.2259935e-03;2.9750000e+02;1.6935732e-02;2.9750000e+02;3.6389790e-02;2.9750000e+02;6.0742203e-02;2.9750000e+02;8.8380799e-02;2.9750000e+02;1.1849000e-01;2.9750000e+02;1.5157636e-01;2.9750000e+02;1.8487719e-01;2.9750000e+02;2.2407736e-01;2.9750000e+02;2.6105067e-01;2.9750000e+02;2.8648669e-01;2.9750000e+02;2.8633198e-01;2.9750000e+02;2.6249230e-01;2.9750000e+02;2.2605954e-01;2.9750000e+02;1.8224853e-01;2.9750000e+02;1.3257746e-01;2.9750000e+02;8.7632649e-02;2.9750000e+02;4.7856893e-02;2.9750000e+02;4.2259935e-03;2.9750000e+02;1.6935732e-02;2.9750000e+02;3.6389790e-02;2.9750000e+02;6.0742203e-02;2.9750000e+02;8.8380799e-02;2.9750000e+02;1.1849000e-01;2.9750000e+02;1.5157636e-01;2.9750000e+02;1.8487719e-01;2.9750000e+02;2.2407736e-01;2.9750000e+02;2.6105067e-01;2.9750000e+02;2.8648669e-01;2.9750000e+02;2.8633198e-01;2.9750000e+02;2.6249230e-01;2.9750000e+02;2.2605954e-01;2.9750000e+02;1.8224853e-01;2.9750000e+02;1.3257746e-01;2.9750000e+02;8.7632649e-02;2.9750000e+02;4.7856893e-02;2.9750000e+02;4.2259935e-03;2.9750000e+02;1.6935732e-02;2.9750000e+02;3.6389790e-02;2.9750000e+02;6.0742203e-02;2.9750000e+02;8.8380799e-02;2.9750000e+02;1.1849000e-01;2.9750000e+02;1.5157636e-01;2.9750000e+02;1.8487719e-01;2.9750000e+02;2.2407736e-01;2.9750000e+02;2.6105067e-01;2.9750000e+02;2.8648669e-01;2.9750000e+02;2.8633198e-01;2.9750000e+02;2.6249230e-01;2.9750000e+02;2.2605954e-01;2.9750000e+02;1.8224853e-01;2.9750000e+02;1.3257746e-01;2.9750000e+02;8.7632649e-02;2.9750000e+02;4.7856893e-02;2.9750000e+02;4.2259935e-03;2.9750000e+02;1.6935732e-02;2.9750000e+02;3.6389790e-02;2.9750000e+02;6.0742203e-02;2.9750000e+02;8.8380799e-02;2.9750000e+02;1.1849000e-01;2.9750000e+02;1.5157636e-01;2.9750000e+02;1.8487719e-01;2.9750000e+02;2.2407736e-01;2.9750000e+02;2.6105067e-01;2.9750000e+02;2.8648669e-01;2.9750000e+02;2.8633198e-01;2.9750000e+02;2.6249230e-01;2.9750000e+02;2.2605954e-01;2.9750000e+02;1.8224853e-01;2.9750000e+02;1.3257746e-01;2.9750000e+02;8.7632649e-02;2.9750000e+02;4.7856893e-02;2.9750000e+02;4.2259935e-03;2.9750000e+02;1.6935732e-02;2.9750000e+02;3.6389790e-02;2.9750000e+02;6.0742203e-02;2.9750000e+02;8.8380799e-02;2.9750000e+02;1.1849000e-01;2.9750000e+02;1.5157636e-01;2.9750000e+02;1.8487719e-01;2.9750000e+02;2.2407736e-01;2.9750000e+02;2.6105067e-01;2.9750000e+02;2.8648669e-01;2.9750000e+02;2.8633198e-01;2.9750000e+02;2.6249230e-01;2.9750000e+02;2.2605954e-01;2.9750000e+02;1.8224853e-01;2.9750000e+02;1.3257746e-01;2.9750000e+02;8.7632649e-02;2.9750000e+02;4.7856893e-02;2.9750000e+02;4.2259935e-03;2.9750000e+02;1.6935732e-02;2.9750000e+02;3.6389790e-02;2.9750000e+02;6.0742203e-02;2.9750000e+02;8.8380799e-02;2.9750000e+02;1.1849000e-01;2.9750000e+02;1.5157636e-01;2.9750000e+02;1.8487719e-01;2.9750000e+02;2.2407736e-01;2.9750000e+02;2.6105067e-01;2.9750000e+02;2.8648669e-01;2.9750000e+02;2.8633198e-01;2.9750000e+02;2.6249230e-01;2.9750000e+02;2.2605954e-01;2.9750000e+02;1.8224853e-01;2.9750000e+02;1.3257746e-01;2.9750000e+02;8.7632649e-02;2.9750000e+02;4.7856893e-02;2.9750000e+02;4.2259935e-03;2.9750000e+02;1.6935732e-02;2.9750000e+02;3.6389790e-02;2.9750000e+02;6.0742203e-02;2.9750000e+02;8.8380799e-02;2.9750000e+02;1.1849000e-01;2.9750000e+02;1.5157636e-01;2.9750000e+02;1.8487719e-01;2.9750000e+02;2.2407736e-01;2.9750000e+02;2.6105067e-01;2.9750000e+02;2.8648669e-01;2.9750000e+02;2.8633198e-01;2.9750000e+02;2.6249230e-01;2.9750000e+02;2.2605954e-01;2.9750000e+02;1.8224853e-01;2.9750000e+02;1.3257746e-01;2.9750000e+02;8.7632649e-02;2.9750000e+02;4.7856893e-02;2.9750000e+02;4.2259935e-03;2.9750000e+02;1.6935732e-02;2.9750000e+02;3.6389790e-02;2.9750000e+02;6.0742203e-02;2.9750000e+02;8.8380799e-02;2.9750000e+02;1.1849000e-01;2.9750000e+02;1.5157636e-01;2.9750000e+02;1.8487719e-01;2.9750000e+02;2.2407736e-01;2.9750000e+02;2.6105067e-01;2.9750000e+02;2.8648669e-01;2.9750000e+02;2.8633198e-01;2.9750000e+02;2.6249230e-01;2.9750000e+02;2.2605954e-01;2.9750000e+02;1.8224853e-01;2.9750000e+02;1.3257746e-01;2.9750000e+02;8.7632649e-02;2.9750000e+02;4.7856893e-02;2.9750000e+02;4.2259935e-03;2.9750000e+02;1.6935732e-02;2.9750000e+02;3.6389790e-02;2.9750000e+02;6.0742203e-02;2.9750000e+02;8.8380799e-02;2.9750000e+02;1.1849000e-01;2.9750000e+02;1.5157636e-01;2.9750000e+02;1.8487719e-01;2.9750000e+02;2.2407736e-01;2.9750000e+02;2.6105067e-01;2.9750000e+02;2.8648669e-01;2.9750000e+02;2.8633198e-01;2.9750000e+02;2.6249230e-01;2.9750000e+02;2.2605954e-01;2.9750000e+02;1.8224853e-01;2.9750000e+02;1.3257746e-01;2.9750000e+02;8.7632649e-02;2.9750000e+02;4.7856893e-02;2.9750000e+02;4.2259935e-03;2.9750000e+02;1.6935732e-02;2.9750000e+02;3.6389790e-02;2.9750000e+02;6.0742203e-02;2.9750000e+02;8.8380799e-02;2.9750000e+02;1.1849000e-01;2.9750000e+02;1.5157636e-01;2.9750000e+02;1.8487719e-01;2.9750000e+02;2.2407736e-01;2.9750000e+02;2.6105067e-01;2.9750000e+02;2.8648669e-01;2.9750000e+02;2.8633198e-01;2.9750000e+02;2.6249230e-01;2.9750000e+02;2.2605954e-01;2.9750000e+02;1.8224853e-01;2.9750000e+02;1.3257746e-01;2.9750000e+02;8.7632649e-02;2.9750000e+02;4.7856893e-02;2.9750000e+02;4.2259935e-03;2.9750000e+02;1.6935732e-02;2.9750000e+02;3.6389790e-02;2.9750000e+02;6.0742203e-02;2.9750000e+02;8.8380799e-02;2.9750000e+02;1.1849000e-01;2.9750000e+02;1.5157636e-01;2.9750000e+02;1.8487719e-01;2.9750000e+02;2.2407736e-01;2.9750000e+02;2.6105067e-01;2.9750000e+02;2.8648669e-01;2.9750000e+02;2.8633198e-01;2.9750000e+02;2.6249230e-01;2.9750000e+02;2.2605954e-01;2.9750000e+02;1.8224853e-01;2.9750000e+02;1.3257746e-01;2.9750000e+02;8.7632649e-02;2.9750000e+02;4.7856893e-02;2.9750000e+02;4.2259935e-03;2.9750000e+02;1.6935732e-02;2.9750000e+02;3.6389790e-02;2.9750000e+02;6.0742203e-02;2.9750000e+02;8.8380799e-02;2.9750000e+02;1.1849000e-01;2.9750000e+02;1.5157636e-01;2.9750000e+02;1.8487719e-01;2.9750000e+02;2.2407736e-01;2.9750000e+02;2.6105067e-01;2.9750000e+02;2.8648669e-01;2.9750000e+02;2.8633198e-01;2.9750000e+02;2.6249230e-01;2.9750000e+02;2.2605954e-01;2.9750000e+02;1.8224853e-01;2.9750000e+02;1.3257746e-01;2.9750000e+02;8.7632649e-02;2.9750000e+02;4.7856893e-02;2.9750000e+02;4.2259935e-03;2.9750000e+02;1.6935732e-02;2.9750000e+02;3.6389790e-02;2.9750000e+02;6.0742203e-02;2.9750000e+02;8.8380799e-02;2.9750000e+02;1.1849000e-01;2.9750000e+02;1.5157636e-01;2.9750000e+02;1.8487719e-01;2.9750000e+02;2.2407736e-01;2.9750000e+02;2.6105067e-01;2.9750000e+02;2.8648669e-01;2.9750000e+02;2.8633198e-01;2.9750000e+02;2.6249230e-01;2.9750000e+02;2.2605954e-01;2.9750000e+02;1.8224853e-01;2.9750000e+02;1.3257746e-01;2.9750000e+02;8.7632649e-02;2.9750000e+02;4.7856893e-02;2.9750000e+02;4.2259935e-03;2.9750000e+02;1.6935732e-02;2.9750000e+02;3.6389790e-02;2.9750000e+02;6.0742203e-02;2.9750000e+02;8.8380799e-02;2.9750000e+02;1.1849000e-01;2.9750000e+02;1.5157636e-01;2.9750000e+02;1.8487719e-01;2.9750000e+02;2.2407736e-01;2.9750000e+02;2.6105067e-01;2.9750000e+02;2.8648669e-01;2.9750000e+02;2.8633198e-01;2.9750000e+02;2.6249230e-01;2.9750000e+02;2.2605954e-01;2.9750000e+02;1.8224853e-01;2.9750000e+02;1.3257746e-01;2.9750000e+02;8.7632649e-02;2.9750000e+02;4.7856893e-02;2.9750000e+02;4.2259935e-03;2.9750000e+02;1.6935732e-02;2.9750000e+02;3.6389790e-02;2.9750000e+02;6.0742203e-02;2.9750000e+02;8.8380799e-02;2.9750000e+02;1.1849000e-01;2.9750000e+02;1.5157636e-01;2.9750000e+02;1.8487719e-01;2.9750000e+02;2.2407736e-01;2.9750000e+02;2.6105067e-01;2.9750000e+02;2.8648669e-01;2.9750000e+02;2.8633198e-01;2.9750000e+02;2.6249230e-01;2.9750000e+02;2.2605954e-01;2.9750000e+02;1.8224853e-01;2.9750000e+02;1.3257746e-01;2.9750000e+02;8.7632649e-02;2.9750000e+02;4.7856893e-02;2.9750000e+02;4.2259935e-03;2.9750000e+02;1.6935732e-02;2.9750000e+02;3.6389790e-02;2.9750000e+02;6.0742203e-02;2.9750000e+02;8.8380799e-02;2.9750000e+02;1.1849000e-01;2.9750000e+02;1.5157636e-01;2.9750000e+02;1.8487719e-01;2.9750000e+02;2.2407736e-01;2.9750000e+02;2.6105067e-01;2.9750000e+02;2.8648669e-01;2.9750000e+02;2.8633198e-01;2.9750000e+02;2.6249230e-01;2.9750000e+02;2.2605954e-01;2.9750000e+02;1.8224853e-01;2.9750000e+02;1.3257746e-01;2.9750000e+02;8.7632649e-02;2.9750000e+02;4.7856893e-02;2.9750000e+02;4.2259935e-03;2.9750000e+02;1.6935732e-02;2.9750000e+02;3.6389790e-02;2.9750000e+02;6.0742203e-02;2.9750000e+02;8.8380799e-02;2.9750000e+02;1.1849000e-01;2.9750000e+02;1.5157636e-01;2.9750000e+02;1.8487719e-01;2.9750000e+02;2.2407736e-01;2.9750000e+02;2.6105067e-01;2.9750000e+02;2.8648669e-01;2.9750000e+02;2.8633198e-01;2.9750000e+02;2.6249230e-01;2.9750000e+02;2.2605954e-01;2.9750000e+02;1.8224853e-01;2.9750000e+02;1.3257746e-01;2.9750000e+02;8.7632649e-02;2.9750000e+02;4.7856893e-02;2.9750000e+02;4.2259935e-03;2.9750000e+02;1.6935732e-02;2.9750000e+02;3.6389790e-02;2.9750000e+02;6.0742203e-02;2.9750000e+02;8.8380799e-02;2.9750000e+02;1.1849000e-01;2.9750000e+02;1.5157636e-01;2.9750000e+02;1.8487719e-01;2.9750000e+02;2.2407736e-01;2.9750000e+02;2.6105067e-01;2.9750000e+02;2.8648669e-01;2.9750000e+02;2.8633198e-01;2.9750000e+02;2.6249230e-01;2.9750000e+02;2.2605954e-01;2.9750000e+02;1.8224853e-01;2.9750000e+02;1.3257746e-01;2.9750000e+02;8.7632649e-02;2.9750000e+02;4.7856893e-02;2.9750000e+02;4.2259935e-03;2.9750000e+02;1.6935732e-02;2.9750000e+02;3.6389790e-02;2.9750000e+02;6.0742203e-02;2.9750000e+02;8.8380799e-02;2.9750000e+02;1.1849000e-01;2.9750000e+02;1.5157636e-01;2.9750000e+02;1.8487719e-01;2.9750000e+02;2.2407736e-01;2.9750000e+02;2.6105067e-01;2.9750000e+02;2.8648669e-01;2.9750000e+02;2.8633198e-01;2.9750000e+02;2.6249230e-01;2.9750000e+02;2.2605954e-01;2.9750000e+02;1.8224853e-01;2.9750000e+02;1.3257746e-01;2.9750000e+02;8.7632649e-02;2.9750000e+02;4.7856893e-02;2.9750000e+02;4.2259935e-03;2.9750000e+02;1.6935732e-02;2.9750000e+02;3.6389790e-02;2.9750000e+02;6.0742203e-02;2.9750000e+02;8.8380799e-02;2.9750000e+02;1.1849000e-01;2.9750000e+02;1.5157636e-01;2.9750000e+02;1.8487719e-01;2.9750000e+02;2.2407736e-01;2.9750000e+02;2.6105067e-01;2.9750000e+02;2.8648669e-01;2.9750000e+02;2.8633198e-01;2.9750000e+02;2.6249230e-01;2.9750000e+02;2.2605954e-01;2.9750000e+02;1.8224853e-01;2.9750000e+02;1.3257746e-01;2.9750000e+02;8.7632649e-02;2.9750000e+02;4.7856893e-02;2.9750000e+02;4.2259935e-03;2.9750000e+02;1.6935732e-02;2.9750000e+02;3.6389790e-02;2.9750000e+02;6.0742203e-02;2.9750000e+02;8.8380799e-02;2.9750000e+02;1.1849000e-01;2.9750000e+02;1.5157636e-01;2.9750000e+02;1.8487719e-01;2.9750000e+02;2.2407736e-01;2.9750000e+02;2.6105067e-01;2.9750000e+02;2.8648669e-01;2.9750000e+02;2.8633198e-01;2.9750000e+02;2.6249230e-01;2.9750000e+02;2.2605954e-01;2.9750000e+02;1.8224853e-01;2.9750000e+02;1.3257746e-01;2.9750000e+02;8.7632649e-02;2.9750000e+02;4.7856893e-02;2.9750000e+02;4.2259935e-03;2.9750000e+02;1.6935732e-02;2.9750000e+02;3.6389790e-02;2.9750000e+02;6.0742203e-02;2.9750000e+02;8.8380799e-02;2.9750000e+02;1.1849000e-01;2.9750000e+02;1.5157636e-01;2.9750000e+02;1.8487719e-01;2.9750000e+02;2.2407736e-01;2.9750000e+02;2.6105067e-01;2.9750000e+02;2.8648669e-01;2.9750000e+02;2.8633198e-01;2.9750000e+02;2.6249230e-01;2.9750000e+02;2.2605954e-01;2.9750000e+02;1.8224853e-01;2.9750000e+02;1.3257746e-01;2.9750000e+02;8.7632649e-02;2.9750000e+02;4.7856893e-02;2.9750000e+02;4.2259935e-03;2.9750000e+02;1.6935732e-02;2.9750000e+02;3.6389790e-02;2.9750000e+02;6.0742203e-02;2.9750000e+02;8.8380799e-02;2.9750000e+02;1.1849000e-01;2.9750000e+02;1.5157636e-01;2.9750000e+02;1.8487719e-01;2.9750000e+02;2.2407736e-01;2.9750000e+02;2.6105067e-01;2.9750000e+02;2.8648669e-01;2.9750000e+02;2.8633198e-01;2.9750000e+02;2.6249230e-01;2.9750000e+02;2.2605954e-01;2.9750000e+02;1.8224853e-01;2.9750000e+02;1.3257746e-01;2.9750000e+02;8.7632649e-02;2.9750000e+02;4.7856893e-02;2.9750000e+02;4.2259935e-03;2.9750000e+02;1.6935732e-02;2.9750000e+02;3.6389790e-02;2.9750000e+02;6.0742203e-02;2.9750000e+02;8.8380799e-02;2.9750000e+02;1.1849000e-01;2.9750000e+02;1.5157636e-01;2.9750000e+02;1.8487719e-01;2.9750000e+02;2.2407736e-01;2.9750000e+02;2.6105067e-01;2.9750000e+02;2.8648669e-01;2.9750000e+02;2.8633198e-01;2.9750000e+02;2.6249230e-01;2.9750000e+02;2.2605954e-01;2.9750000e+02;1.8224853e-01;2.9750000e+02;1.3257746e-01;2.9750000e+02;8.7632649e-02;2.9750000e+02;4.7856893e-02;2.9750000e+02;4.2259935e-03;2.9750000e+02;1.6935732e-02;2.9750000e+02;3.6389790e-02;2.9750000e+02;6.0742203e-02;2.9750000e+02;8.8380799e-02;2.9750000e+02;1.1849000e-01;2.9750000e+02;1.5157636e-01;2.9750000e+02;1.8487719e-01;2.9750000e+02;2.2407736e-01;2.9750000e+02;2.6105067e-01;2.9750000e+02;2.8648669e-01;2.9750000e+02;2.8633198e-01;2.9750000e+02;2.6249230e-01;2.9750000e+02;2.2605954e-01;2.9750000e+02;1.8224853e-01;2.9750000e+02;1.3257746e-01;2.9750000e+02;8.7632649e-02;2.9750000e+02;4.7856893e-02;2.9750000e+02;4.2259935e-03;2.9750000e+02;1.6935732e-02;2.9750000e+02;3.6389790e-02;2.9750000e+02;6.0742203e-02;2.9750000e+02;8.8380799e-02;2.9750000e+02;1.1849000e-01;2.9750000e+02;1.5157636e-01;2.9750000e+02;1.8487719e-01;2.9750000e+02;2.2407736e-01;2.9750000e+02;2.6105067e-01;2.9750000e+02;2.8648669e-01;2.9750000e+02;2.8633198e-01;2.9750000e+02;2.6249230e-01;2.9750000e+02;2.2605954e-01;2.9750000e+02;1.8224853e-01;2.9750000e+02;1.3257746e-01;2.9750000e+02;8.7632649e-02;2.9750000e+02;4.7856893e-02;2.9750000e+02;4.2259935e-03;2.9750000e+02;1.6935732e-02;2.9750000e+02;3.6389790e-02;2.9750000e+02;6.0742203e-02;2.9750000e+02;8.8380799e-02;2.9750000e+02;1.1849000e-01;2.9750000e+02;1.5157636e-01;2.9750000e+02;1.8487719e-01;2.9750000e+02;2.2407736e-01;2.9750000e+02;2.6105067e-01;2.9750000e+02;2.8648669e-01;2.9750000e+02;2.8633198e-01;2.9750000e+02;2.6249230e-01;2.9750000e+02;2.2605954e-01;2.9750000e+02;1.8224853e-01;2.9750000e+02;1.3257746e-01;2.9750000e+02;8.7632649e-02;2.9750000e+02;4.7856893e-02;2.9750000e+02;4.2259935e-03;2.9750000e+02;1.6935732e-02;2.9750000e+02;3.6389790e-02;2.9750000e+02;6.0742203e-02;2.9750000e+02;8.8380799e-02;2.9750000e+02;1.1849000e-01;2.9750000e+02;1.5157636e-01;2.9750000e+02;1.8487719e-01;2.9750000e+02;2.2407736e-01;2.9750000e+02;2.6105067e-01;2.9750000e+02;2.8648669e-01;2.9750000e+02;2.8633198e-01;2.9750000e+02;2.6249230e-01;2.9750000e+02;2.2605954e-01;2.9750000e+02;1.8224853e-01;2.9750000e+02;1.3257746e-01;2.9750000e+02;8.7632649e-02;2.9750000e+02;4.7856893e-02;2.9750000e+02;4.2259935e-03;2.9750000e+02;1.6935732e-02;2.9750000e+02;3.6389790e-02;2.9750000e+02;6.0742203e-02;2.9750000e+02;8.8380799e-02;2.9750000e+02;1.1849000e-01;2.9750000e+02;1.5157636e-01;2.9750000e+02;1.8487719e-01;2.9750000e+02;2.2407736e-01;2.9750000e+02;2.6105067e-01;2.9750000e+02;2.8648669e-01;2.9750000e+02;2.8633198e-01;2.9750000e+02;2.6249230e-01;2.9750000e+02;2.2605954e-01;2.9750000e+02;1.8224853e-01;2.9750000e+02;1.3257746e-01;2.9750000e+02;8.7632649e-02;2.9750000e+02;4.7856893e-02;2.9750000e+02;4.2259935e-03;2.9750000e+02;1.6935732e-02;2.9750000e+02;3.6389790e-02;2.9750000e+02;6.0742203e-02;2.9750000e+02;8.8380799e-02;2.9750000e+02;1.1849000e-01;2.9750000e+02;1.5157636e-01;2.9750000e+02;1.8487719e-01;2.9750000e+02;2.2407736e-01;2.9750000e+02;2.6105067e-01;2.9750000e+02;2.8648669e-01;2.9750000e+02;2.8633198e-01;2.9750000e+02;2.6249230e-01;2.9750000e+02;2.2605954e-01;2.9750000e+02;1.8224853e-01;2.9750000e+02;1.3257746e-01;2.9750000e+02;8.7632649e-02;2.9750000e+02;4.7856893e-02;2.9750000e+02;4.2259935e-03;2.9750000e+02;1.6935732e-02;2.9750000e+02;3.6389790e-02;2.9750000e+02;6.0742203e-02;2.9750000e+02;8.8380799e-02;2.9750000e+02;1.1849000e-01;2.9750000e+02;1.5157636e-01;2.9750000e+02;1.8487719e-01;2.9750000e+02;2.2407736e-01;2.9750000e+02;2.6105067e-01;2.9750000e+02;2.8648669e-01;2.9750000e+02;2.8633198e-01;2.9750000e+02;2.6249230e-01;2.9750000e+02;2.2605954e-01;2.9750000e+02;1.8224853e-01;2.9750000e+02;1.3257746e-01;2.9750000e+02;8.7632649e-02;2.9750000e+02;4.7856893e-02;2.9750000e+02;4.2259935e-03;2.9750000e+02;1.6935732e-02;2.9750000e+02;3.6389790e-02;2.9750000e+02;6.0742203e-02;2.9750000e+02;8.8380799e-02;2.9750000e+02;1.1849000e-01;2.9750000e+02;1.5157636e-01;2.9750000e+02;1.8487719e-01;2.9750000e+02;2.2407736e-01;2.9750000e+02;2.6105067e-01;2.9750000e+02;2.8648669e-01;2.9750000e+02;2.8633198e-01;2.9750000e+02;2.6249230e-01;2.9750000e+02;2.2605954e-01;2.9750000e+02;1.8224853e-01;2.9750000e+02;1.3257746e-01;2.9750000e+02;8.7632649e-02;2.9750000e+02;4.7856893e-02;2.9750000e+02;4.2259935e-03;2.9750000e+02;1.6935732e-02;2.9750000e+02;3.6389790e-02;2.9750000e+02;6.0742203e-02;2.9750000e+02;8.8380799e-02;2.9750000e+02;1.1849000e-01;2.9750000e+02;1.5157636e-01;2.9750000e+02;1.8487719e-01;2.9750000e+02;2.2407736e-01;2.9750000e+02;2.6105067e-01;2.9750000e+02;2.8648669e-01;2.9750000e+02;2.8633198e-01;2.9750000e+02;2.6249230e-01;2.9750000e+02;2.2605954e-01;2.9750000e+02;1.8224853e-01;2.9750000e+02;1.3257746e-01;2.9750000e+02;8.7632649e-02;2.9750000e+02;4.7856893e-02;2.9750000e+02;4.2259935e-03;2.9750000e+02;1.6935732e-02;2.9750000e+02;3.6389790e-02;2.9750000e+02;6.0742203e-02;2.9750000e+02;8.8380799e-02;2.9750000e+02;1.1849000e-01;2.9750000e+02;1.5157636e-01;2.9750000e+02;1.8487719e-01;2.9750000e+02;2.2407736e-01;2.9750000e+02;2.6105067e-01;2.9750000e+02;2.8648669e-01;2.9750000e+02;2.8633198e-01;2.9750000e+02;2.6249230e-01;2.9750000e+02;2.2605954e-01;2.9750000e+02;1.8224853e-01;2.9750000e+02;1.3257746e-01;2.9750000e+02;8.7632649e-02;2.9750000e+02;4.7856893e-02;2.9750000e+02;4.2259935e-03;2.9750000e+02;1.6935732e-02;2.9750000e+02;3.6389790e-02;2.9750000e+02;6.0742203e-02;2.9750000e+02;8.8380799e-02;2.9750000e+02;1.1849000e-01;2.9750000e+02;1.5157636e-01;2.9750000e+02;1.8487719e-01;2.9750000e+02;2.2407736e-01;2.9750000e+02;2.6105067e-01;2.9750000e+02;2.8648669e-01;2.9750000e+02;2.8633198e-01;2.9750000e+02;2.6249230e-01;2.9750000e+02;2.2605954e-01;2.9750000e+02;1.8224853e-01;2.9750000e+02;1.3257746e-01;2.9750000e+02;8.7632649e-02;2.9750000e+02;4.7856893e-02;2.9750000e+02;4.2259935e-03;2.9750000e+02;1.6935732e-02;2.9750000e+02;3.6389790e-02;2.9750000e+02;6.0742203e-02;2.9750000e+02;8.8380799e-02;2.9750000e+02;1.1849000e-01;2.9750000e+02;1.5157636e-01;2.9750000e+02;1.8487719e-01;2.9750000e+02;2.2407736e-01;2.9750000e+02;2.6105067e-01;2.9750000e+02;2.8648669e-01;2.9750000e+02;2.8633198e-01;2.9750000e+02;2.6249230e-01;2.9750000e+02;2.2605954e-01;2.9750000e+02;1.8224853e-01;2.9750000e+02;1.3257746e-01;2.9750000e+02;8.7632649e-02;2.9750000e+02;4.7856893e-02;2.9750000e+02;4.2259935e-03;2.9750000e+02;1.6935732e-02;2.9750000e+02;3.6389790e-02;2.9750000e+02;6.0742203e-02;2.9750000e+02;8.8380799e-02;2.9750000e+02;1.1849000e-01;2.9750000e+02;1.5157636e-01;2.9750000e+02;1.8487719e-01;2.9750000e+02;2.2407736e-01;2.9750000e+02;2.6105067e-01;2.9750000e+02;2.8648669e-01;2.9750000e+02;2.8633198e-01;2.9750000e+02;2.6249230e-01;2.9750000e+02;2.2605954e-01;2.9750000e+02;1.8224853e-01;2.9750000e+02;1.3257746e-01;2.9750000e+02;8.7632649e-02;2.9750000e+02;4.7856893e-02;2.9750000e+02;4.2259935e-03;2.9750000e+02;1.6935732e-02;2.9750000e+02;3.6389790e-02;2.9750000e+02;6.0742203e-02;2.9750000e+02;8.8380799e-02;2.9750000e+02;1.1849000e-01;2.9750000e+02;1.5157636e-01;2.9750000e+02;1.8487719e-01;2.9750000e+02;2.2407736e-01;2.9750000e+02;2.6105067e-01;2.9750000e+02;2.8648669e-01;2.9750000e+02;2.8633198e-01;2.9750000e+02;2.6249230e-01;2.9750000e+02;2.2605954e-01;2.9750000e+02;1.8224853e-01;2.9750000e+02;1.3257746e-01;2.9750000e+02;8.7632649e-02;2.9750000e+02;4.7856893e-02;2.9750000e+02;4.2259935e-03;2.9750000e+02;1.6935732e-02;2.9750000e+02;3.6389790e-02;2.9750000e+02;6.0742203e-02;2.9750000e+02;8.8380799e-02;2.9750000e+02;1.1849000e-01;2.9750000e+02;1.5157636e-01;2.9750000e+02;1.8487719e-01;2.9750000e+02;2.2407736e-01;2.9750000e+02;2.6105067e-01;2.9750000e+02;2.8648669e-01;2.9750000e+02;2.8633198e-01;2.9750000e+02;2.6249230e-01;2.9750000e+02;2.2605954e-01;2.9750000e+02;1.8224853e-01;2.9750000e+02;1.3257746e-01;2.9750000e+02;8.7632649e-02;2.9750000e+02;4.7856893e-02;2.9750000e+02;4.2259935e-03;2.9750000e+02;1.6935732e-02;2.9750000e+02;3.6389790e-02;2.9750000e+02;6.0742203e-02;2.9750000e+02;8.8380799e-02;2.9750000e+02;1.1849000e-01;2.9750000e+02;1.5157636e-01;2.9750000e+02;1.8487719e-01;2.9750000e+02;2.2407736e-01;2.9750000e+02;2.6105067e-01;2.9750000e+02;2.8648669e-01;2.9750000e+02;2.8633198e-01;2.9750000e+02;2.6249230e-01;2.9750000e+02;2.2605954e-01;2.9750000e+02;1.8224853e-01;2.9750000e+02;1.3257746e-01;2.9750000e+02;8.7632649e-02;2.9750000e+02;4.7856893e-02;2.9750000e+02;4.2259935e-03;2.9750000e+02;1.6935732e-02;2.9750000e+02;3.6389790e-02;2.9750000e+02;6.0742203e-02;2.9750000e+02;8.8380799e-02;2.9750000e+02;1.1849000e-01;2.9750000e+02;1.5157636e-01;2.9750000e+02;1.8487719e-01;2.9750000e+02;2.2407736e-01;2.9750000e+02;2.6105067e-01;2.9750000e+02;2.8648669e-01;2.9750000e+02;2.8633198e-01;2.9750000e+02;2.6249230e-01;2.9750000e+02;2.2605954e-01;2.9750000e+02;1.8224853e-01;2.9750000e+02;1.3257746e-01;2.9750000e+02;8.7632649e-02;2.9750000e+02;4.7856893e-02;2.9750000e+02;4.2259935e-03;2.9750000e+02;1.6935732e-02;2.9750000e+02;3.6389790e-02;2.9750000e+02;6.0742203e-02;2.9750000e+02;8.8380799e-02;2.9750000e+02;1.1849000e-01;2.9750000e+02;1.5157636e-01;2.9750000e+02;1.8487719e-01;2.9750000e+02;2.2407736e-01;2.9750000e+02;2.6105067e-01;2.9750000e+02;2.8648669e-01;2.9750000e+02;2.8633198e-01;2.9750000e+02;2.6249230e-01;2.9750000e+02;2.2605954e-01;2.9750000e+02;1.8224853e-01;2.9750000e+02;1.3257746e-01;2.9750000e+02;8.7632649e-02;2.9750000e+02;4.7856893e-02;2.9750000e+02;4.2259935e-03;2.9750000e+02;1.6935732e-02;2.9750000e+02;3.6389790e-02;2.9750000e+02;6.0742203e-02;2.9750000e+02;8.8380799e-02;2.9750000e+02;1.1849000e-01;2.9750000e+02;1.5157636e-01;2.9750000e+02;1.8487719e-01;2.9750000e+02;2.2407736e-01;2.9750000e+02;2.6105067e-01;2.9750000e+02;2.8648669e-01;2.9750000e+02;2.8633198e-01;2.9750000e+02;2.6249230e-01;2.9750000e+02;2.2605954e-01;2.9750000e+02;1.8224853e-01;2.9750000e+02;1.3257746e-01;2.9750000e+02;8.7632649e-02;2.9750000e+02;4.7856893e-02;2.9750000e+02;4.2259935e-03;2.9750000e+02;1.6935732e-02;2.9750000e+02;3.6389790e-02;2.9750000e+02;6.0742203e-02;2.9750000e+02;8.8380799e-02;2.9750000e+02;1.1849000e-01;2.9750000e+02;1.5157636e-01;2.9750000e+02;1.8487719e-01;2.9750000e+02;2.2407736e-01;2.9750000e+02;2.6105067e-01;2.9750000e+02;2.8648669e-01;2.9750000e+02;2.8633198e-01;2.9750000e+02;2.6249230e-01;2.9750000e+02;2.2605954e-01;2.9750000e+02;1.8224853e-01;2.9750000e+02;1.3257746e-01;2.9750000e+02;8.7632649e-02;2.9750000e+02;4.7856893e-02;2.9750000e+02;4.2259935e-03;2.9750000e+02;1.6935732e-02;2.9750000e+02;3.6389790e-02;2.9750000e+02;6.0742203e-02;2.9750000e+02;8.8380799e-02;2.9750000e+02;1.1849000e-01;2.9750000e+02;1.5157636e-01;2.9750000e+02;1.8487719e-01;2.9750000e+02;2.2407736e-01;2.9750000e+02;2.6105067e-01;2.9750000e+02;2.8648669e-01;2.9750000e+02;2.8633198e-01;2.9750000e+02;2.6249230e-01;2.9750000e+02;2.2605954e-01;2.9750000e+02;1.8224853e-01;2.9750000e+02;1.3257746e-01;2.9750000e+02;8.7632649e-02;2.9750000e+02;4.7856893e-02;2.9750000e+02;4.2259935e-03;2.9750000e+02;1.6935732e-02;2.9750000e+02;3.6389790e-02;2.9750000e+02;6.0742203e-02;2.9750000e+02;8.8380799e-02;2.9750000e+02;1.1849000e-01;2.9750000e+02;1.5157636e-01;2.9750000e+02;1.8487719e-01;2.9750000e+02;2.2407736e-01;2.9750000e+02;2.6105067e-01;2.9750000e+02;2.8648669e-01;2.9750000e+02;2.8633198e-01;2.9750000e+02;2.6249230e-01;2.9750000e+02;2.2605954e-01;2.9750000e+02;1.8224853e-01;2.9750000e+02;1.3257746e-01;2.9750000e+02;8.7632649e-02;2.9750000e+02;4.7856893e-02;2.9750000e+02;4.2259935e-03;2.9750000e+02;1.6935732e-02;2.9750000e+02;3.6389790e-02;2.9750000e+02;6.0742203e-02;2.9750000e+02;8.8380799e-02;2.9750000e+02;1.1849000e-01;2.9750000e+02;1.5157636e-01;2.9750000e+02;1.8487719e-01;2.9750000e+02;2.2407736e-01;2.9750000e+02;2.6105067e-01;2.9750000e+02;2.8648669e-01;2.9750000e+02;2.8633198e-01;2.9750000e+02;2.6249230e-01;2.9750000e+02;2.2605954e-01;2.9750000e+02;1.8224853e-01;2.9750000e+02;1.3257746e-01;2.9750000e+02;8.7632649e-02;2.9750000e+02;4.7856893e-02;2.9750000e+02;4.2259935e-03;2.9750000e+02;1.6935732e-02;2.9750000e+02;3.6389790e-02;2.9750000e+02;6.0742203e-02;2.9750000e+02;8.8380799e-02;2.9750000e+02;1.1849000e-01;2.9750000e+02;1.5157636e-01;2.9750000e+02;1.8487719e-01;2.9750000e+02;2.2407736e-01;2.9750000e+02;2.6105067e-01;2.9750000e+02;2.8648669e-01;2.9750000e+02;2.8633198e-01;2.9750000e+02;2.6249230e-01;2.9750000e+02;2.2605954e-01;2.9750000e+02;1.8224853e-01;2.9750000e+02;1.3257746e-01;2.9750000e+02;8.7632649e-02;2.9750000e+02;4.7856893e-02;2.9750000e+02;4.2259935e-03;2.9750000e+02;1.6935732e-02;2.9750000e+02;3.6389790e-02;2.9750000e+02;6.0742203e-02;2.9750000e+02;8.8380799e-02;2.9750000e+02;1.1849000e-01;2.9750000e+02;1.5157636e-01;2.9750000e+02;1.8487719e-01;2.9750000e+02;2.2407736e-01;2.9750000e+02;2.6105067e-01;2.9750000e+02;2.8648669e-01;2.9750000e+02;2.8633198e-01;2.9750000e+02;2.6249230e-01;2.9750000e+02;2.2605954e-01;2.9750000e+02;1.8224853e-01;2.9750000e+02;1.3257746e-01;2.9750000e+02;8.7632649e-02;2.9750000e+02;4.7856893e-02;2.9750000e+02;4.2259935e-03;2.9750000e+02;1.6935732e-02;2.9750000e+02;3.6389790e-02;2.9750000e+02;6.0742203e-02;2.9750000e+02;8.8380799e-02;2.9750000e+02;1.1849000e-01;2.9750000e+02;1.5157636e-01;2.9750000e+02;1.8487719e-01;2.9750000e+02;2.2407736e-01;2.9750000e+02;2.6105067e-01;2.9750000e+02;2.8648669e-01;2.9750000e+02;2.8633198e-01;2.9750000e+02;2.6249230e-01;2.9750000e+02;2.2605954e-01;2.9750000e+02;1.8224853e-01;2.9750000e+02;1.3257746e-01;2.9750000e+02;8.7632649e-02;2.9750000e+02;4.7856893e-02;2.9750000e+02;4.2259935e-03;2.9750000e+02;1.6935732e-02;2.9750000e+02;3.6389790e-02;2.9750000e+02;6.0742203e-02;2.9750000e+02;8.8380799e-02;2.9750000e+02;1.1849000e-01;2.9750000e+02;1.5157636e-01;2.9750000e+02;1.8487719e-01;2.9750000e+02;2.2407736e-01;2.9750000e+02;2.6105067e-01;2.9750000e+02;2.8648669e-01;2.9750000e+02;2.8633198e-01;2.9750000e+02;2.6249230e-01;2.9750000e+02;2.2605954e-01;2.9750000e+02;1.8224853e-01;2.9750000e+02;1.3257746e-01;2.9750000e+02;8.7632649e-02;2.9750000e+02;4.7856893e-02;2.9750000e+02;4.2259935e-03;2.9750000e+02;1.6935732e-02;2.9750000e+02;3.6389790e-02;2.9750000e+02;6.0742203e-02;2.9750000e+02;8.8380799e-02;2.9750000e+02;1.1849000e-01;2.9750000e+02;1.5157636e-01;2.9750000e+02;1.8487719e-01;2.9750000e+02;2.2407736e-01;2.9750000e+02;2.6105067e-01;2.9750000e+02;2.8648669e-01;2.9750000e+02;2.8633198e-01;2.9750000e+02;2.6249230e-01;2.9750000e+02;2.2605954e-01;2.9750000e+02;1.8224853e-01;2.9750000e+02;1.3257746e-01;2.9750000e+02;8.7632649e-02;2.9750000e+02;4.7856893e-02;2.9750000e+02;4.2259935e-03;2.9750000e+02;1.6935732e-02;2.9750000e+02;3.6389790e-02;2.9750000e+02;6.0742203e-02;2.9750000e+02;8.8380799e-02;2.9750000e+02;1.1849000e-01;2.9750000e+02;1.5157636e-01;2.9750000e+02;1.8487719e-01;2.9750000e+02;2.2407736e-01;2.9750000e+02;2.6105067e-01;2.9750000e+02;2.8648669e-01;2.9750000e+02;2.8633198e-01;2.9750000e+02;2.6249230e-01;2.9750000e+02;2.2605954e-01;2.9750000e+02;1.8224853e-01;2.9750000e+02;1.3257746e-01;2.9750000e+02;8.7632649e-02;2.9750000e+02;4.7856893e-02;2.9750000e+02;4.2259935e-03;2.9750000e+02;1.6935732e-02;2.9750000e+02;3.6389790e-02;2.9750000e+02;6.0742203e-02;2.9750000e+02;8.8380799e-02;2.9750000e+02;1.1849000e-01;2.9750000e+02;1.5157636e-01;2.9750000e+02;1.8487719e-01;2.9750000e+02;2.2407736e-01;2.9750000e+02;2.6105067e-01;2.9750000e+02;2.8648669e-01;2.9750000e+02;2.8633198e-01;2.9750000e+02;2.6249230e-01;2.9750000e+02;2.2605954e-01;2.9750000e+02;1.8224853e-01;2.9750000e+02;1.3257746e-01;2.9750000e+02;8.7632649e-02;2.9750000e+02;4.7856893e-02;2.9750000e+02;4.2259935e-03;2.9750000e+02;1.6935732e-02;2.9750000e+02;3.6389790e-02;2.9750000e+02;6.0742203e-02;2.9750000e+02;8.8380799e-02;2.9750000e+02;1.1849000e-01;2.9750000e+02;1.5157636e-01;2.9750000e+02;1.8487719e-01;2.9750000e+02;2.2407736e-01;2.9750000e+02;2.6105067e-01;2.9750000e+02;2.8648669e-01;2.9750000e+02;2.8633198e-01;2.9750000e+02;2.6249230e-01;2.9750000e+02;2.2605954e-01;2.9750000e+02;1.8224853e-01;2.9750000e+02;1.3257746e-01;2.9750000e+02;8.7632649e-02;2.9750000e+02;4.7856893e-02;2.9750000e+02;4.2259935e-03;2.9750000e+02;1.6935732e-02;2.9750000e+02;3.6389790e-02;2.9750000e+02;6.0742203e-02;2.9750000e+02;8.8380799e-02;2.9750000e+02;1.1849000e-01;2.9750000e+02;1.5157636e-01;2.9750000e+02;1.8487719e-01;2.9750000e+02;2.2407736e-01;2.9750000e+02;2.6105067e-01;2.9750000e+02;2.8648669e-01;2.9750000e+02;2.8633198e-01;2.9750000e+02;2.6249230e-01;2.9750000e+02;2.2605954e-01;2.9750000e+02;1.8224853e-01;2.9750000e+02;1.3257746e-01;2.9750000e+02;8.7632649e-02;2.9750000e+02;4.7856893e-02;2.9750000e+02;4.2259935e-03;2.9750000e+02;1.6935732e-02;2.9750000e+02;3.6389790e-02;2.9750000e+02;6.0742203e-02;2.9750000e+02;8.8380799e-02;2.9750000e+02;1.1849000e-01;2.9750000e+02;1.5157636e-01;2.9750000e+02;1.8487719e-01;2.9750000e+02;2.2407736e-01;2.9750000e+02;2.6105067e-01;2.9750000e+02;2.8648669e-01;2.9750000e+02;2.8633198e-01;2.9750000e+02;2.6249230e-01;2.9750000e+02;2.2605954e-01;2.9750000e+02;1.8224853e-01;2.9750000e+02;1.3257746e-01;2.9750000e+02;8.7632649e-02;2.9750000e+02;4.7856893e-02;2.9750000e+02;4.2259935e-03;2.9750000e+02;1.6935732e-02;2.9750000e+02;3.6389790e-02;2.9750000e+02;6.0742203e-02;2.9750000e+02;8.8380799e-02;2.9750000e+02;1.1849000e-01;2.9750000e+02;1.5157636e-01;2.9750000e+02;1.8487719e-01;2.9750000e+02;2.2407736e-01;2.9750000e+02;2.6105067e-01;2.9750000e+02;2.8648669e-01;2.9750000e+02;2.8633198e-01;2.9750000e+02;2.6249230e-01;2.9750000e+02;2.2605954e-01;2.9750000e+02;1.8224853e-01;2.9750000e+02;1.3257746e-01;2.9750000e+02;8.7632649e-02;2.9750000e+02;4.7856893e-02
3.0250000e+02;4.4617048e-03;3.0250000e+02;1.8464126e-02;3.0250000e+02;3.7250720e-02;3.0250000e+02;6.1614323e-02;3.0250000e+02;9.0498902e-02;3.0250000e+02;1.2102749e-01;3.0250000e+02;1.5411951e-01;3.0250000e+02;1.8793829e-01;3.0250000e+02;2.2674042e-01;3.0250000e+02;2.6205322e-01;3.0250000e+02;2.8440914e-01;3.0250000e+02;2.8613436e-01;3.0250000e+02;2.6800379e-01;3.0250000e+02;2.3317429e-01;3.0250000e+02;1.8880139e-01;3.0250000e+02;1.3735677e-01;3.0250000e+02;8.9843959e-02;3.0250000e+02;4.8391327e-02;3.0250000e+02;4.4617048e-03;3.0250000e+02;1.8464126e-02;3.0250000e+02;3.7250720e-02;3.0250000e+02;6.1614323e-02;3.0250000e+02;9.0498902e-02;3.0250000e+02;1.2102749e-01;3.0250000e+02;1.5411951e-01;3.0250000e+02;1.8793829e-01;3.0250000e+02;2.2674042e-01;3.0250000e+02;2.6205322e-01;3.0250000e+02;2.8440914e-01;3.0250000e+02;2.8613436e-01;3.0250000e+02;2.6800379e-01;3.0250000e+02;2.3317429e-01;3.0250000e+02;1.8880139e-01;3.0250000e+02;1.3735677e-01;3.0250000e+02;8.9843959e-02;3.0250000e+02;4.8391327e-02;3.0250000e+02;4.4617048e-03;3.0250000e+02;1.8464126e-02;3.0250000e+02;3.7250720e-02;3.0250000e+02;6.1614323e-02;3.0250000e+02;9.0498902e-02;3.0250000e+02;1.2102749e-01;3.0250000e+02;1.5411951e-01;3.0250000e+02;1.8793829e-01;3.0250000e+02;2.2674042e-01;3.0250000e+02;2.6205322e-01;3.0250000e+02;2.8440914e-01;3.0250000e+02;2.8613436e-01;3.0250000e+02;2.6800379e-01;3.0250000e+02;2.3317429e-01;3.0250000e+02;1.8880139e-01;3.0250000e+02;1.3735677e-01;3.0250000e+02;8.9843959e-02;3.0250000e+02;4.8391327e-02;3.0250000e+02;4.4617048e-03;3.0250000e+02;1.8464126e-02;3.0250000e+02;3.7250720e-02;3.0250000e+02;6.1614323e-02;3.0250000e+02;9.0498902e-02;3.0250000e+02;1.2102749e-01;3.0250000e+02;1.5411951e-01;3.0250000e+02;1.8793829e-01;3.0250000e+02;2.2674042e-01;3.0250000e+02;2.6205322e-01;3.0250000e+02;2.8440914e-01;3.0250000e+02;2.8613436e-01;3.0250000e+02;2.6800379e-01;3.0250000e+02;2.3317429e-01;3.0250000e+02;1.8880139e-01;3.0250000e+02;1.3735677e-01;3.0250000e+02;8.9843959e-02;3.0250000e+02;4.8391327e-02;3.0250000e+02;4.4617048e-03;3.0250000e+02;1.8464126e-02;3.0250000e+02;3.7250720e-02;3.0250000e+02;6.1614323e-02;3.0250000e+02;9.0498902e-02;3.0250000e+02;1.2102749e-01;3.0250000e+02;1.5411951e-01;3.0250000e+02;1.8793829e-01;3.0250000e+02;2.2674042e-01;3.0250000e+02;2.6205322e-01;3.0250000e+02;2.8440914e-01;3.0250000e+02;2.8613436e-01;3.0250000e+02;2.6800379e-01;3.0250000e+02;2.3317429e-01;3.0250000e+02;1.8880139e-01;3.0250000e+02;1.3735677e-01;3.0250000e+02;8.9843959e-02;3.0250000e+02;4.8391327e-02;3.0250000e+02;4.4617048e-03;3.0250000e+02;1.8464126e-02;3.0250000e+02;3.7250720e-02;3.0250000e+02;6.1614323e-02;3.0250000e+02;9.0498902e-02;3.0250000e+02;1.2102749e-01;3.0250000e+02;1.5411951e-01;3.0250000e+02;1.8793829e-01;3.0250000e+02;2.2674042e-01;3.0250000e+02;2.6205322e-01;3.0250000e+02;2.8440914e-01;3.0250000e+02;2.8613436e-01;3.0250000e+02;2.6800379e-01;3.0250000e+02;2.3317429e-01;3.0250000e+02;1.8880139e-01;3.0250000e+02;1.3735677e-01;3.0250000e+02;8.9843959e-02;3.0250000e+02;4.8391327e-02;3.0250000e+02;4.4617048e-03;3.0250000e+02;1.8464126e-02;3.0250000e+02;3.7250720e-02;3.0250000e+02;6.1614323e-02;3.0250000e+02;9.0498902e-02;3.0250000e+02;1.2102749e-01;3.0250000e+02;1.5411951e-01;3.0250000e+02;1.8793829e-01;3.0250000e+02;2.2674042e-01;3.0250000e+02;2.6205322e-01;3.0250000e+02;2.8440914e-01;3.0250000e+02;2.8613436e-01;3.0250000e+02;2.6800379e-01;3.0250000e+02;2.3317429e-01;3.0250000e+02;1.8880139e-01;3.0250000e+02;1.3735677e-01;3.0250000e+02;8.9843959e-02;3.0250000e+02;4.8391327e-02;3.0250000e+02;4.4617048e-03;3.0250000e+02;1.8464126e-02;3.0250000e+02;3.7250720e-02;3.0250000e+02;6.1614323e-02;3.0250000e+02;9.0498902e-02;3.0250000e+02;1.2102749e-01;3.0250000e+02;1.5411951e-01;3.0250000e+02;1.8793829e-01;3.0250000e+02;2.2674042e-01;3.0250000e+02;2.6205322e-01;3.0250000e+02;2.8440914e-01;3.0250000e+02;2.8613436e-01;3.0250000e+02;2.6800379e-01;3.0250000e+02;2.3317429e-01;3.0250000e+02;1.8880139e-01;3.0250000e+02;1.3735677e-01;3.0250000e+02;8.9843959e-02;3.0250000e+02;4.8391327e-02;3.0250000e+02;4.4617048e-03;3.0250000e+02;1.8464126e-02;3.0250000e+02;3.7250720e-02;3.0250000e+02;6.1614323e-02;3.0250000e+02;9.0498902e-02;3.0250000e+02;1.2102749e-01;3.0250000e+02;1.5411951e-01;3.0250000e+02;1.8793829e-01;3.0250000e+02;2.2674042e-01;3.0250000e+02;2.6205322e-01;3.0250000e+02;2.8440914e-01;3.0250000e+02;2.8613436e-01;3.0250000e+02;2.6800379e-01;3.0250000e+02;2.3317429e-01;3.0250000e+02;1.8880139e-01;3.0250000e+02;1.3735677e-01;3.0250000e+02;8.9843959e-02;3.0250000e+02;4.8391327e-02;3.0250000e+02;4.4617048e-03;3.0250000e+02;1.8464126e-02;3.0250000e+02;3.7250720e-02;3.0250000e+02;6.1614323e-02;3.0250000e+02;9.0498902e-02;3.0250000e+02;1.2102749e-01;3.0250000e+02;1.5411951e-01;3.0250000e+02;1.8793829e-01;3.0250000e+02;2.2674042e-01;3.0250000e+02;2.6205322e-01;3.0250000e+02;2.8440914e-01;3.0250000e+02;2.8613436e-01;3.0250000e+02;2.6800379e-01;3.0250000e+02;2.3317429e-01;3.0250000e+02;1.8880139e-01;3.0250000e+02;1.3735677e-01;3.0250000e+02;8.9843959e-02;3.0250000e+02;4.8391327e-02;3.0250000e+02;4.4617048e-03;3.0250000e+02;1.8464126e-02;3.0250000e+02;3.7250720e-02;3.0250000e+02;6.1614323e-02;3.0250000e+02;9.0498902e-02;3.0250000e+02;1.2102749e-01;3.0250000e+02;1.5411951e-01;3.0250000e+02;1.8793829e-01;3.0250000e+02;2.2674042e-01;3.0250000e+02;2.6205322e-01;3.0250000e+02;2.8440914e-01;3.0250000e+02;2.8613436e-01;3.0250000e+02;2.6800379e-01;3.0250000e+02;2.3317429e-01;3.0250000e+02;1.8880139e-01;3.0250000e+02;1.3735677e-01;3.0250000e+02;8.9843959e-02;3.0250000e+02;4.8391327e-02;3.0250000e+02;4.4617048e-03;3.0250000e+02;1.8464126e-02;3.0250000e+02;3.7250720e-02;3.0250000e+02;6.1614323e-02;3.0250000e+02;9.0498902e-02;3.0250000e+02;1.2102749e-01;3.0250000e+02;1.5411951e-01;3.0250000e+02;1.8793829e-01;3.0250000e+02;2.2674042e-01;3.0250000e+02;2.6205322e-01;3.0250000e+02;2.8440914e-01;3.0250000e+02;2.8613436e-01;3.0250000e+02;2.6800379e-01;3.0250000e+02;2.3317429e-01;3.0250000e+02;1.8880139e-01;3.0250000e+02;1.3735677e-01;3.0250000e+02;8.9843959e-02;3.0250000e+02;4.8391327e-02;3.0250000e+02;4.4617048e-03;3.0250000e+02;1.8464126e-02;3.0250000e+02;3.7250720e-02;3.0250000e+02;6.1614323e-02;3.0250000e+02;9.0498902e-02;3.0250000e+02;1.2102749e-01;3.0250000e+02;1.5411951e-01;3.0250000e+02;1.8793829e-01;3.0250000e+02;2.2674042e-01;3.0250000e+02;2.6205322e-01;3.0250000e+02;2.8440914e-01;3.0250000e+02;2.8613436e-01;3.0250000e+02;2.6800379e-01;3.0250000e+02;2.3317429e-01;3.0250000e+02;1.8880139e-01;3.0250000e+02;1.3735677e-01;3.0250000e+02;8.9843959e-02;3.0250000e+02;4.8391327e-02;3.0250000e+02;4.4617048e-03;3.0250000e+02;1.8464126e-02;3.0250000e+02;3.7250720e-02;3.0250000e+02;6.1614323e-02;3.0250000e+02;9.0498902e-02;3.0250000e+02;1.2102749e-01;3.0250000e+02;1.5411951e-01;3.0250000e+02;1.8793829e-01;3.0250000e+02;2.2674042e-01;3.0250000e+02;2.6205322e-01;3.0250000e+02;2.8440914e-01;3.0250000e+02;2.8613436e-01;3.0250000e+02;2.6800379e-01;3.0250000e+02;2.3317429e-01;3.0250000e+02;1.8880139e-01;3.0250000e+02;1.3735677e-01;3.0250000e+02;8.9843959e-02;3.0250000e+02;4.8391327e-02;3.0250000e+02;4.4617048e-03;3.0250000e+02;1.8464126e-02;3.0250000e+02;3.7250720e-02;3.0250000e+02;6.1614323e-02;3.0250000e+02;9.0498902e-02;3.0250000e+02;1.2102749e-01;3.0250000e+02;1.5411951e-01;3.0250000e+02;1.8793829e-01;3.0250000e+02;2.2674042e-01;3.0250000e+02;2.6205322e-01;3.0250000e+02;2.8440914e-01;3.0250000e+02;2.8613436e-01;3.0250000e+02;2.6800379e-01;3.0250000e+02;2.3317429e-01;3.0250000e+02;1.8880139e-01;3.0250000e+02;1.3735677e-01;3.0250000e+02;8.9843959e-02;3.0250000e+02;4.8391327e-02;3.0250000e+02;4.4617048e-03;3.0250000e+02;1.8464126e-02;3.0250000e+02;3.7250720e-02;3.0250000e+02;6.1614323e-02;3.0250000e+02;9.0498902e-02;3.0250000e+02;1.2102749e-01;3.0250000e+02;1.5411951e-01;3.0250000e+02;1.8793829e-01;3.0250000e+02;2.2674042e-01;3.0250000e+02;2.6205322e-01;3.0250000e+02;2.8440914e-01;3.0250000e+02;2.8613436e-01;3.0250000e+02;2.6800379e-01;3.0250000e+02;2.3317429e-01;3.0250000e+02;1.8880139e-01;3.0250000e+02;1.3735677e-01;3.0250000e+02;8.9843959e-02;3.0250000e+02;4.8391327e-02;3.0250000e+02;4.4617048e-03;3.0250000e+02;1.8464126e-02;3.0250000e+02;3.7250720e-02;3.0250000e+02;6.1614323e-02;3.0250000e+02;9.0498902e-02;3.0250000e+02;1.2102749e-01;3.0250000e+02;1.5411951e-01;3.0250000e+02;1.8793829e-01;3.0250000e+02;2.2674042e-01;3.0250000e+02;2.6205322e-01;3.0250000e+02;2.8440914e-01;3.0250000e+02;2.8613436e-01;3.0250000e+02;2.6800379e-01;3.0250000e+02;2.3317429e-01;3.0250000e+02;1.8880139e-01;3.0250000e+02;1.3735677e-01;3.0250000e+02;8.9843959e-02;3.0250000e+02;4.8391327e-02;3.0250000e+02;4.4617048e-03;3.0250000e+02;1.8464126e-02;3.0250000e+02;3.7250720e-02;3.0250000e+02;6.1614323e-02;3.0250000e+02;9.0498902e-02;3.0250000e+02;1.2102749e-01;3.0250000e+02;1.5411951e-01;3.0250000e+02;1.8793829e-01;3.0250000e+02;2.2674042e-01;3.0250000e+02;2.6205322e-01;3.0250000e+02;2.8440914e-01;3.0250000e+02;2.8613436e-01;3.0250000e+02;2.6800379e-01;3.0250000e+02;2.3317429e-01;3.0250000e+02;1.8880139e-01;3.0250000e+02;1.3735677e-01;3.0250000e+02;8.9843959e-02;3.0250000e+02;4.8391327e-02;3.0250000e+02;4.4617048e-03;3.0250000e+02;1.8464126e-02;3.0250000e+02;3.7250720e-02;3.0250000e+02;6.1614323e-02;3.0250000e+02;9.0498902e-02;3.0250000e+02;1.2102749e-01;3.0250000e+02;1.5411951e-01;3.0250000e+02;1.8793829e-01;3.0250000e+02;2.2674042e-01;3.0250000e+02;2.6205322e-01;3.0250000e+02;2.8440914e-01;3.0250000e+02;2.8613436e-01;3.0250000e+02;2.6800379e-01;3.0250000e+02;2.3317429e-01;3.0250000e+02;1.8880139e-01;3.0250000e+02;1.3735677e-01;3.0250000e+02;8.9843959e-02;3.0250000e+02;4.8391327e-02;3.0250000e+02;4.4617048e-03;3.0250000e+02;1.8464126e-02;3.0250000e+02;3.7250720e-02;3.0250000e+02;6.1614323e-02;3.0250000e+02;9.0498902e-02;3.0250000e+02;1.2102749e-01;3.0250000e+02;1.5411951e-01;3.0250000e+02;1.8793829e-01;3.0250000e+02;2.2674042e-01;3.0250000e+02;2.6205322e-01;3.0250000e+02;2.8440914e-01;3.0250000e+02;2.8613436e-01;3.0250000e+02;2.6800379e-01;3.0250000e+02;2.3317429e-01;3.0250000e+02;1.8880139e-01;3.0250000e+02;1.3735677e-01;3.0250000e+02;8.9843959e-02;3.0250000e+02;4.8391327e-02;3.0250000e+02;4.4617048e-03;3.0250000e+02;1.8464126e-02;3.0250000e+02;3.7250720e-02;3.0250000e+02;6.1614323e-02;3.0250000e+02;9.0498902e-02;3.0250000e+02;1.2102749e-01;3.0250000e+02;1.5411951e-01;3.0250000e+02;1.8793829e-01;3.0250000e+02;2.2674042e-01;3.0250000e+02;2.6205322e-01;3.0250000e+02;2.8440914e-01;3.0250000e+02;2.8613436e-01;3.0250000e+02;2.6800379e-01;3.0250000e+02;2.3317429e-01;3.0250000e+02;1.8880139e-01;3.0250000e+02;1.3735677e-01;3.0250000e+02;8.9843959e-02;3.0250000e+02;4.8391327e-02;3.0250000e+02;4.4617048e-03;3.0250000e+02;1.8464126e-02;3.0250000e+02;3.7250720e-02;3.0250000e+02;6.1614323e-02;3.0250000e+02;9.0498902e-02;3.0250000e+02;1.2102749e-01;3.0250000e+02;1.5411951e-01;3.0250000e+02;1.8793829e-01;3.0250000e+02;2.2674042e-01;3.0250000e+02;2.6205322e-01;3.0250000e+02;2.8440914e-01;3.0250000e+02;2.8613436e-01;3.0250000e+02;2.6800379e-01;3.0250000e+02;2.3317429e-01;3.0250000e+02;1.8880139e-01;3.0250000e+02;1.3735677e-01;3.0250000e+02;8.9843959e-02;3.0250000e+02;4.8391327e-02;3.0250000e+02;4.4617048e-03;3.0250000e+02;1.8464126e-02;3.0250000e+02;3.7250720e-02;3.0250000e+02;6.1614323e-02;3.0250000e+02;9.0498902e-02;3.0250000e+02;1.2102749e-01;3.0250000e+02;1.5411951e-01;3.0250000e+02;1.8793829e-01;3.0250000e+02;2.2674042e-01;3.0250000e+02;2.6205322e-01;3.0250000e+02;2.8440914e-01;3.0250000e+02;2.8613436e-01;3.0250000e+02;2.6800379e-01;3.0250000e+02;2.3317429e-01;3.0250000e+02;1.8880139e-01;3.0250000e+02;1.3735677e-01;3.0250000e+02;8.9843959e-02;3.0250000e+02;4.8391327e-02;3.0250000e+02;4.4617048e-03;3.0250000e+02;1.8464126e-02;3.0250000e+02;3.7250720e-02;3.0250000e+02;6.1614323e-02;3.0250000e+02;9.0498902e-02;3.0250000e+02;1.2102749e-01;3.0250000e+02;1.5411951e-01;3.0250000e+02;1.8793829e-01;3.0250000e+02;2.2674042e-01;3.0250000e+02;2.6205322e-01;3.0250000e+02;2.8440914e-01;3.0250000e+02;2.8613436e-01;3.0250000e+02;2.6800379e-01;3.0250000e+02;2.3317429e-01;3.0250000e+02;1.8880139e-01;3.0250000e+02;1.3735677e-01;3.0250000e+02;8.9843959e-02;3.0250000e+02;4.8391327e-02;3.0250000e+02;4.4617048e-03;3.0250000e+02;1.8464126e-02;3.0250000e+02;3.7250720e-02;3.0250000e+02;6.1614323e-02;3.0250000e+02;9.0498902e-02;3.0250000e+02;1.2102749e-01;3.0250000e+02;1.5411951e-01;3.0250000e+02;1.8793829e-01;3.0250000e+02;2.2674042e-01;3.0250000e+02;2.6205322e-01;3.0250000e+02;2.8440914e-01;3.0250000e+02;2.8613436e-01;3.0250000e+02;2.6800379e-01;3.0250000e+02;2.3317429e-01;3.0250000e+02;1.8880139e-01;3.0250000e+02;1.3735677e-01;3.0250000e+02;8.9843959e-02;3.0250000e+02;4.8391327e-02;3.0250000e+02;4.4617048e-03;3.0250000e+02;1.8464126e-02;3.0250000e+02;3.7250720e-02;3.0250000e+02;6.1614323e-02;3.0250000e+02;9.0498902e-02;3.0250000e+02;1.2102749e-01;3.0250000e+02;1.5411951e-01;3.0250000e+02;1.8793829e-01;3.0250000e+02;2.2674042e-01;3.0250000e+02;2.6205322e-01;3.0250000e+02;2.8440914e-01;3.0250000e+02;2.8613436e-01;3.0250000e+02;2.6800379e-01;3.0250000e+02;2.3317429e-01;3.0250000e+02;1.8880139e-01;3.0250000e+02;1.3735677e-01;3.0250000e+02;8.9843959e-02;3.0250000e+02;4.8391327e-02;3.0250000e+02;4.4617048e-03;3.0250000e+02;1.8464126e-02;3.0250000e+02;3.7250720e-02;3.0250000e+02;6.1614323e-02;3.0250000e+02;9.0498902e-02;3.0250000e+02;1.2102749e-01;3.0250000e+02;1.5411951e-01;3.0250000e+02;1.8793829e-01;3.0250000e+02;2.2674042e-01;3.0250000e+02;2.6205322e-01;3.0250000e+02;2.8440914e-01;3.0250000e+02;2.8613436e-01;3.0250000e+02;2.6800379e-01;3.0250000e+02;2.3317429e-01;3.0250000e+02;1.8880139e-01;3.0250000e+02;1.3735677e-01;3.0250000e+02;8.9843959e-02;3.0250000e+02;4.8391327e-02;3.0250000e+02;4.4617048e-03;3.0250000e+02;1.8464126e-02;3.0250000e+02;3.7250720e-02;3.0250000e+02;6.1614323e-02;3.0250000e+02;9.0498902e-02;3.0250000e+02;1.2102749e-01;3.0250000e+02;1.5411951e-01;3.0250000e+02;1.8793829e-01;3.0250000e+02;2.2674042e-01;3.0250000e+02;2.6205322e-01;3.0250000e+02;2.8440914e-01;3.0250000e+02;2.8613436e-01;3.0250000e+02;2.6800379e-01;3.0250000e+02;2.3317429e-01;3.0250000e+02;1.8880139e-01;3.0250000e+02;1.3735677e-01;3.0250000e+02;8.9843959e-02;3.0250000e+02;4.8391327e-02;3.0250000e+02;4.4617048e-03;3.0250000e+02;1.8464126e-02;3.0250000e+02;3.7250720e-02;3.0250000e+02;6.1614323e-02;3.0250000e+02;9.0498902e-02;3.0250000e+02;1.2102749e-01;3.0250000e+02;1.5411951e-01;3.0250000e+02;1.8793829e-01;3.0250000e+02;2.2674042e-01;3.0250000e+02;2.6205322e-01;3.0250000e+02;2.8440914e-01;3.0250000e+02;2.8613436e-01;3.0250000e+02;2.6800379e-01;3.0250000e+02;2.3317429e-01;3.0250000e+02;1.8880139e-01;3.0250000e+02;1.3735677e-01;3.0250000e+02;8.9843959e-02;3.0250000e+02;4.8391327e-02;3.0250000e+02;4.4617048e-03;3.0250000e+02;1.8464126e-02;3.0250000e+02;3.7250720e-02;3.0250000e+02;6.1614323e-02;3.0250000e+02;9.0498902e-02;3.0250000e+02;1.2102749e-01;3.0250000e+02;1.5411951e-01;3.0250000e+02;1.8793829e-01;3.0250000e+02;2.2674042e-01;3.0250000e+02;2.6205322e-01;3.0250000e+02;2.8440914e-01;3.0250000e+02;2.8613436e-01;3.0250000e+02;2.6800379e-01;3.0250000e+02;2.3317429e-01;3.0250000e+02;1.8880139e-01;3.0250000e+02;1.3735677e-01;3.0250000e+02;8.9843959e-02;3.0250000e+02;4.8391327e-02;3.0250000e+02;4.4617048e-03;3.0250000e+02;1.8464126e-02;3.0250000e+02;3.7250720e-02;3.0250000e+02;6.1614323e-02;3.0250000e+02;9.0498902e-02;3.0250000e+02;1.2102749e-01;3.0250000e+02;1.5411951e-01;3.0250000e+02;1.8793829e-01;3.0250000e+02;2.2674042e-01;3.0250000e+02;2.6205322e-01;3.0250000e+02;2.8440914e-01;3.0250000e+02;2.8613436e-01;3.0250000e+02;2.6800379e-01;3.0250000e+02;2.3317429e-01;3.0250000e+02;1.8880139e-01;3.0250000e+02;1.3735677e-01;3.0250000e+02;8.9843959e-02;3.0250000e+02;4.8391327e-02;3.0250000e+02;4.4617048e-03;3.0250000e+02;1.8464126e-02;3.0250000e+02;3.7250720e-02;3.0250000e+02;6.1614323e-02;3.0250000e+02;9.0498902e-02;3.0250000e+02;1.2102749e-01;3.0250000e+02;1.5411951e-01;3.0250000e+02;1.8793829e-01;3.0250000e+02;2.2674042e-01;3.0250000e+02;2.6205322e-01;3.0250000e+02;2.8440914e-01;3.0250000e+02;2.8613436e-01;3.0250000e+02;2.6800379e-01;3.0250000e+02;2.3317429e-01;3.0250000e+02;1.8880139e-01;3.0250000e+02;1.3735677e-01;3.0250000e+02;8.9843959e-02;3.0250000e+02;4.8391327e-02;3.0250000e+02;4.4617048e-03;3.0250000e+02;1.8464126e-02;3.0250000e+02;3.7250720e-02;3.0250000e+02;6.1614323e-02;3.0250000e+02;9.0498902e-02;3.0250000e+02;1.2102749e-01;3.0250000e+02;1.5411951e-01;3.0250000e+02;1.8793829e-01;3.0250000e+02;2.2674042e-01;3.0250000e+02;2.6205322e-01;3.0250000e+02;2.8440914e-01;3.0250000e+02;2.8613436e-01;3.0250000e+02;2.6800379e-01;3.0250000e+02;2.3317429e-01;3.0250000e+02;1.8880139e-01;3.0250000e+02;1.3735677e-01;3.0250000e+02;8.9843959e-02;3.0250000e+02;4.8391327e-02;3.0250000e+02;4.4617048e-03;3.0250000e+02;1.8464126e-02;3.0250000e+02;3.7250720e-02;3.0250000e+02;6.1614323e-02;3.0250000e+02;9.0498902e-02;3.0250000e+02;1.2102749e-01;3.0250000e+02;1.5411951e-01;3.0250000e+02;1.8793829e-01;3.0250000e+02;2.2674042e-01;3.0250000e+02;2.6205322e-01;3.0250000e+02;2.8440914e-01;3.0250000e+02;2.8613436e-01;3.0250000e+02;2.6800379e-01;3.0250000e+02;2.3317429e-01;3.0250000e+02;1.8880139e-01;3.0250000e+02;1.3735677e-01;3.0250000e+02;8.9843959e-02;3.0250000e+02;4.8391327e-02;3.0250000e+02;4.4617048e-03;3.0250000e+02;1.8464126e-02;3.0250000e+02;3.7250720e-02;3.0250000e+02;6.1614323e-02;3.0250000e+02;9.0498902e-02;3.0250000e+02;1.2102749e-01;3.0250000e+02;1.5411951e-01;3.0250000e+02;1.8793829e-01;3.0250000e+02;2.2674042e-01;3.0250000e+02;2.6205322e-01;3.0250000e+02;2.8440914e-01;3.0250000e+02;2.8613436e-01;3.0250000e+02;2.6800379e-01;3.0250000e+02;2.3317429e-01;3.0250000e+02;1.8880139e-01;3.0250000e+02;1.3735677e-01;3.0250000e+02;8.9843959e-02;3.0250000e+02;4.8391327e-02;3.0250000e+02;4.4617048e-03;3.0250000e+02;1.8464126e-02;3.0250000e+02;3.7250720e-02;3.0250000e+02;6.1614323e-02;3.0250000e+02;9.0498902e-02;3.0250000e+02;1.2102749e-01;3.0250000e+02;1.5411951e-01;3.0250000e+02;1.8793829e-01;3.0250000e+02;2.2674042e-01;3.0250000e+02;2.6205322e-01;3.0250000e+02;2.8440914e-01;3.0250000e+02;2.8613436e-01;3.0250000e+02;2.6800379e-01;3.0250000e+02;2.3317429e-01;3.0250000e+02;1.8880139e-01;3.0250000e+02;1.3735677e-01;3.0250000e+02;8.9843959e-02;3.0250000e+02;4.8391327e-02;3.0250000e+02;4.4617048e-03;3.0250000e+02;1.8464126e-02;3.0250000e+02;3.7250720e-02;3.0250000e+02;6.1614323e-02;3.0250000e+02;9.0498902e-02;3.0250000e+02;1.2102749e-01;3.0250000e+02;1.5411951e-01;3.0250000e+02;1.8793829e-01;3.0250000e+02;2.2674042e-01;3.0250000e+02;2.6205322e-01;3.0250000e+02;2.8440914e-01;3.0250000e+02;2.8613436e-01;3.0250000e+02;2.6800379e-01;3.0250000e+02;2.3317429e-01;3.0250000e+02;1.8880139e-01;3.0250000e+02;1.3735677e-01;3.0250000e+02;8.9843959e-02;3.0250000e+02;4.8391327e-02;3.0250000e+02;4.4617048e-03;3.0250000e+02;1.8464126e-02;3.0250000e+02;3.7250720e-02;3.0250000e+02;6.1614323e-02;3.0250000e+02;9.0498902e-02;3.0250000e+02;1.2102749e-01;3.0250000e+02;1.5411951e-01;3.0250000e+02;1.8793829e-01;3.0250000e+02;2.2674042e-01;3.0250000e+02;2.6205322e-01;3.0250000e+02;2.8440914e-01;3.0250000e+02;2.8613436e-01;3.0250000e+02;2.6800379e-01;3.0250000e+02;2.3317429e-01;3.0250000e+02;1.8880139e-01;3.0250000e+02;1.3735677e-01;3.0250000e+02;8.9843959e-02;3.0250000e+02;4.8391327e-02;3.0250000e+02;4.4617048e-03;3.0250000e+02;1.8464126e-02;3.0250000e+02;3.7250720e-02;3.0250000e+02;6.1614323e-02;3.0250000e+02;9.0498902e-02;3.0250000e+02;1.2102749e-01;3.0250000e+02;1.5411951e-01;3.0250000e+02;1.8793829e-01;3.0250000e+02;2.2674042e-01;3.0250000e+02;2.6205322e-01;3.0250000e+02;2.8440914e-01;3.0250000e+02;2.8613436e-01;3.0250000e+02;2.6800379e-01;3.0250000e+02;2.3317429e-01;3.0250000e+02;1.8880139e-01;3.0250000e+02;1.3735677e-01;3.0250000e+02;8.9843959e-02;3.0250000e+02;4.8391327e-02;3.0250000e+02;4.4617048e-03;3.0250000e+02;1.8464126e-02;3.0250000e+02;3.7250720e-02;3.0250000e+02;6.1614323e-02;3.0250000e+02;9.0498902e-02;3.0250000e+02;1.2102749e-01;3.0250000e+02;1.5411951e-01;3.0250000e+02;1.8793829e-01;3.0250000e+02;2.2674042e-01;3.0250000e+02;2.6205322e-01;3.0250000e+02;2.8440914e-01;3.0250000e+02;2.8613436e-01;3.0250000e+02;2.6800379e-01;3.0250000e+02;2.3317429e-01;3.0250000e+02;1.8880139e-01;3.0250000e+02;1.3735677e-01;3.0250000e+02;8.9843959e-02;3.0250000e+02;4.8391327e-02;3.0250000e+02;4.4617048e-03;3.0250000e+02;1.8464126e-02;3.0250000e+02;3.7250720e-02;3.0250000e+02;6.1614323e-02;3.0250000e+02;9.0498902e-02;3.0250000e+02;1.2102749e-01;3.0250000e+02;1.5411951e-01;3.0250000e+02;1.8793829e-01;3.0250000e+02;2.2674042e-01;3.0250000e+02;2.6205322e-01;3.0250000e+02;2.8440914e-01;3.0250000e+02;2.8613436e-01;3.0250000e+02;2.6800379e-01;3.0250000e+02;2.3317429e-01;3.0250000e+02;1.8880139e-01;3.0250000e+02;1.3735677e-01;3.0250000e+02;8.9843959e-02;3.0250000e+02;4.8391327e-02;3.0250000e+02;4.4617048e-03;3.0250000e+02;1.8464126e-02;3.0250000e+02;3.7250720e-02;3.0250000e+02;6.1614323e-02;3.0250000e+02;9.0498902e-02;3.0250000e+02;1.2102749e-01;3.0250000e+02;1.5411951e-01;3.0250000e+02;1.8793829e-01;3.0250000e+02;2.2674042e-01;3.0250000e+02;2.6205322e-01;3.0250000e+02;2.8440914e-01;3.0250000e+02;2.8613436e-01;3.0250000e+02;2.6800379e-01;3.0250000e+02;2.3317429e-01;3.0250000e+02;1.8880139e-01;3.0250000e+02;1.3735677e-01;3.0250000e+02;8.9843959e-02;3.0250000e+02;4.8391327e-02;3.0250000e+02;4.4617048e-03;3.0250000e+02;1.8464126e-02;3.0250000e+02;3.7250720e-02;3.0250000e+02;6.1614323e-02;3.0250000e+02;9.0498902e-02;3.0250000e+02;1.2102749e-01;3.0250000e+02;1.5411951e-01;3.0250000e+02;1.8793829e-01;3.0250000e+02;2.2674042e-01;3.0250000e+02;2.6205322e-01;3.0250000e+02;2.8440914e-01;3.0250000e+02;2.8613436e-01;3.0250000e+02;2.6800379e-01;3.0250000e+02;2.3317429e-01;3.0250000e+02;1.8880139e-01;3.0250000e+02;1.3735677e-01;3.0250000e+02;8.9843959e-02;3.0250000e+02;4.8391327e-02;3.0250000e+02;4.4617048e-03;3.0250000e+02;1.8464126e-02;3.0250000e+02;3.7250720e-02;3.0250000e+02;6.1614323e-02;3.0250000e+02;9.0498902e-02;3.0250000e+02;1.2102749e-01;3.0250000e+02;1.5411951e-01;3.0250000e+02;1.8793829e-01;3.0250000e+02;2.2674042e-01;3.0250000e+02;2.6205322e-01;3.0250000e+02;2.8440914e-01;3.0250000e+02;2.8613436e-01;3.0250000e+02;2.6800379e-01;3.0250000e+02;2.3317429e-01;3.0250000e+02;1.8880139e-01;3.0250000e+02;1.3735677e-01;3.0250000e+02;8.9843959e-02;3.0250000e+02;4.8391327e-02;3.0250000e+02;4.4617048e-03;3.0250000e+02;1.8464126e-02;3.0250000e+02;3.7250720e-02;3.0250000e+02;6.1614323e-02;3.0250000e+02;9.0498902e-02;3.0250000e+02;1.2102749e-01;3.0250000e+02;1.5411951e-01;3.0250000e+02;1.8793829e-01;3.0250000e+02;2.2674042e-01;3.0250000e+02;2.6205322e-01;3.0250000e+02;2.8440914e-01;3.0250000e+02;2.8613436e-01;3.0250000e+02;2.6800379e-01;3.0250000e+02;2.3317429e-01;3.0250000e+02;1.8880139e-01;3.0250000e+02;1.3735677e-01;3.0250000e+02;8.9843959e-02;3.0250000e+02;4.8391327e-02;3.0250000e+02;4.4617048e-03;3.0250000e+02;1.8464126e-02;3.0250000e+02;3.7250720e-02;3.0250000e+02;6.1614323e-02;3.0250000e+02;9.0498902e-02;3.0250000e+02;1.2102749e-01;3.0250000e+02;1.5411951e-01;3.0250000e+02;1.8793829e-01;3.0250000e+02;2.2674042e-01;3.0250000e+02;2.6205322e-01;3.0250000e+02;2.8440914e-01;3.0250000e+02;2.8613436e-01;3.0250000e+02;2.6800379e-01;3.0250000e+02;2.3317429e-01;3.0250000e+02;1.8880139e-01;3.0250000e+02;1.3735677e-01;3.0250000e+02;8.9843959e-02;3.0250000e+02;4.8391327e-02;3.0250000e+02;4.4617048e-03;3.0250000e+02;1.8464126e-02;3.0250000e+02;3.7250720e-02;3.0250000e+02;6.1614323e-02;3.0250000e+02;9.0498902e-02;3.0250000e+02;1.2102749e-01;3.0250000e+02;1.5411951e-01;3.0250000e+02;1.8793829e-01;3.0250000e+02;2.2674042e-01;3.0250000e+02;2.6205322e-01;3.0250000e+02;2.8440914e-01;3.0250000e+02;2.8613436e-01;3.0250000e+02;2.6800379e-01;3.0250000e+02;2.3317429e-01;3.0250000e+02;1.8880139e-01;3.0250000e+02;1.3735677e-01;3.0250000e+02;8.9843959e-02;3.0250000e+02;4.8391327e-02;3.0250000e+02;4.4617048e-03;3.0250000e+02;1.8464126e-02;3.0250000e+02;3.7250720e-02;3.0250000e+02;6.1614323e-02;3.0250000e+02;9.0498902e-02;3.0250000e+02;1.2102749e-01;3.0250000e+02;1.5411951e-01;3.0250000e+02;1.8793829e-01;3.0250000e+02;2.2674042e-01;3.0250000e+02;2.6205322e-01;3.0250000e+02;2.8440914e-01;3.0250000e+02;2.8613436e-01;3.0250000e+02;2.6800379e-01;3.0250000e+02;2.3317429e-01;3.0250000e+02;1.8880139e-01;3.0250000e+02;1.3735677e-01;3.0250000e+02;8.9843959e-02;3.0250000e+02;4.8391327e-02;3.0250000e+02;4.4617048e-03;3.0250000e+02;1.8464126e-02;3.0250000e+02;3.7250720e-02;3.0250000e+02;6.1614323e-02;3.0250000e+02;9.0498902e-02;3.0250000e+02;1.2102749e-01;3.0250000e+02;1.5411951e-01;3.0250000e+02;1.8793829e-01;3.0250000e+02;2.2674042e-01;3.0250000e+02;2.6205322e-01;3.0250000e+02;2.8440914e-01;3.0250000e+02;2.8613436e-01;3.0250000e+02;2.6800379e-01;3.0250000e+02;2.3317429e-01;3.0250000e+02;1.8880139e-01;3.0250000e+02;1.3735677e-01;3.0250000e+02;8.9843959e-02;3.0250000e+02;4.8391327e-02;3.0250000e+02;4.4617048e-03;3.0250000e+02;1.8464126e-02;3.0250000e+02;3.7250720e-02;3.0250000e+02;6.1614323e-02;3.0250000e+02;9.0498902e-02;3.0250000e+02;1.2102749e-01;3.0250000e+02;1.5411951e-01;3.0250000e+02;1.8793829e-01;3.0250000e+02;2.2674042e-01;3.0250000e+02;2.6205322e-01;3.0250000e+02;2.8440914e-01;3.0250000e+02;2.8613436e-01;3.0250000e+02;2.6800379e-01;3.0250000e+02;2.3317429e-01;3.0250000e+02;1.8880139e-01;3.0250000e+02;1.3735677e-01;3.0250000e+02;8.9843959e-02;3.0250000e+02;4.8391327e-02;3.0250000e+02;4.4617048e-03;3.0250000e+02;1.8464126e-02;3.0250000e+02;3.7250720e-02;3.0250000e+02;6.1614323e-02;3.0250000e+02;9.0498902e-02;3.0250000e+02;1.2102749e-01;3.0250000e+02;1.5411951e-01;3.0250000e+02;1.8793829e-01;3.0250000e+02;2.2674042e-01;3.0250000e+02;2.6205322e-01;3.0250000e+02;2.8440914e-01;3.0250000e+02;2.8613436e-01;3.0250000e+02;2.6800379e-01;3.0250000e+02;2.3317429e-01;3.0250000e+02;1.8880139e-01;3.0250000e+02;1.3735677e-01;3.0250000e+02;8.9843959e-02;3.0250000e+02;4.8391327e-02;3.0250000e+02;4.4617048e-03;3.0250000e+02;1.8464126e-02;3.0250000e+02;3.7250720e-02;3.0250000e+02;6.1614323e-02;3.0250000e+02;9.0498902e-02;3.0250000e+02;1.2102749e-01;3.0250000e+02;1.5411951e-01;3.0250000e+02;1.8793829e-01;3.0250000e+02;2.2674042e-01;3.0250000e+02;2.6205322e-01;3.0250000e+02;2.8440914e-01;3.0250000e+02;2.8613436e-01;3.0250000e+02;2.6800379e-01;3.0250000e+02;2.3317429e-01;3.0250000e+02;1.8880139e-01;3.0250000e+02;1.3735677e-01;3.0250000e+02;8.9843959e-02;3.0250000e+02;4.8391327e-02;3.0250000e+02;4.4617048e-03;3.0250000e+02;1.8464126e-02;3.0250000e+02;3.7250720e-02;3.0250000e+02;6.1614323e-02;3.0250000e+02;9.0498902e-02;3.0250000e+02;1.2102749e-01;3.0250000e+02;1.5411951e-01;3.0250000e+02;1.8793829e-01;3.0250000e+02;2.2674042e-01;3.0250000e+02;2.6205322e-01;3.0250000e+02;2.8440914e-01;3.0250000e+02;2.8613436e-01;3.0250000e+02;2.6800379e-01;3.0250000e+02;2.3317429e-01;3.0250000e+02;1.8880139e-01;3.0250000e+02;1.3735677e-01;3.0250000e+02;8.9843959e-02;3.0250000e+02;4.8391327e-02;3.0250000e+02;4.4617048e-03;3.0250000e+02;1.8464126e-02;3.0250000e+02;3.7250720e-02;3.0250000e+02;6.1614323e-02;3.0250000e+02;9.0498902e-02;3.0250000e+02;1.2102749e-01;3.0250000e+02;1.5411951e-01;3.0250000e+02;1.8793829e-01;3.0250000e+02;2.2674042e-01;3.0250000e+02;2.6205322e-01;3.0250000e+02;2.8440914e-01;3.0250000e+02;2.8613436e-01;3.0250000e+02;2.6800379e-01;3.0250000e+02;2.3317429e-01;3.0250000e+02;1.8880139e-01;3.0250000e+02;1.3735677e-01;3.0250000e+02;8.9843959e-02;3.0250000e+02;4.8391327e-02;3.0250000e+02;4.4617048e-03;3.0250000e+02;1.8464126e-02;3.0250000e+02;3.7250720e-02;3.0250000e+02;6.1614323e-02;3.0250000e+02;9.0498902e-02;3.0250000e+02;1.2102749e-01;3.0250000e+02;1.5411951e-01;3.0250000e+02;1.8793829e-01;3.0250000e+02;2.2674042e-01;3.0250000e+02;2.6205322e-01;3.0250000e+02;2.8440914e-01;3.0250000e+02;2.8613436e-01;3.0250000e+02;2.6800379e-01;3.0250000e+02;2.3317429e-01;3.0250000e+02;1.8880139e-01;3.0250000e+02;1.3735677e-01;3.0250000e+02;8.9843959e-02;3.0250000e+02;4.8391327e-02;3.0250000e+02;4.4617048e-03;3.0250000e+02;1.8464126e-02;3.0250000e+02;3.7250720e-02;3.0250000e+02;6.1614323e-02;3.0250000e+02;9.0498902e-02;3.0250000e+02;1.2102749e-01;3.0250000e+02;1.5411951e-01;3.0250000e+02;1.8793829e-01;3.0250000e+02;2.2674042e-01;3.0250000e+02;2.6205322e-01;3.0250000e+02;2.8440914e-01;3.0250000e+02;2.8613436e-01;3.0250000e+02;2.6800379e-01;3.0250000e+02;2.3317429e-01;3.0250000e+02;1.8880139e-01;3.0250000e+02;1.3735677e-01;3.0250000e+02;8.9843959e-02;3.0250000e+02;4.8391327e-02;3.0250000e+02;4.4617048e-03;3.0250000e+02;1.8464126e-02;3.0250000e+02;3.7250720e-02;3.0250000e+02;6.1614323e-02;3.0250000e+02;9.0498902e-02;3.0250000e+02;1.2102749e-01;3.0250000e+02;1.5411951e-01;3.0250000e+02;1.8793829e-01;3.0250000e+02;2.2674042e-01;3.0250000e+02;2.6205322e-01;3.0250000e+02;2.8440914e-01;3.0250000e+02;2.8613436e-01;3.0250000e+02;2.6800379e-01;3.0250000e+02;2.3317429e-01;3.0250000e+02;1.8880139e-01;3.0250000e+02;1.3735677e-01;3.0250000e+02;8.9843959e-02;3.0250000e+02;4.8391327e-02;3.0250000e+02;4.4617048e-03;3.0250000e+02;1.8464126e-02;3.0250000e+02;3.7250720e-02;3.0250000e+02;6.1614323e-02;3.0250000e+02;9.0498902e-02;3.0250000e+02;1.2102749e-01;3.0250000e+02;1.5411951e-01;3.0250000e+02;1.8793829e-01;3.0250000e+02;2.2674042e-01;3.0250000e+02;2.6205322e-01;3.0250000e+02;2.8440914e-01;3.0250000e+02;2.8613436e-01;3.0250000e+02;2.6800379e-01;3.0250000e+02;2.3317429e-01;3.0250000e+02;1.8880139e-01;3.0250000e+02;1.3735677e-01;3.0250000e+02;8.9843959e-02;3.0250000e+02;4.8391327e-02;3.0250000e+02;4.4617048e-03;3.0250000e+02;1.8464126e-02;3.0250000e+02;3.7250720e-02;3.0250000e+02;6.1614323e-02;3.0250000e+02;9.0498902e-02;3.0250000e+02;1.2102749e-01;3.0250000e+02;1.5411951e-01;3.0250000e+02;1.8793829e-01;3.0250000e+02;2.2674042e-01;3.0250000e+02;2.6205322e-01;3.0250000e+02;2.8440914e-01;3.0250000e+02;2.8613436e-01;3.0250000e+02;2.6800379e-01;3.0250000e+02;2.3317429e-01;3.0250000e+02;1.8880139e-01;3.0250000e+02;1.3735677e-01;3.0250000e+02;8.9843959e-02;3.0250000e+02;4.8391327e-02;3.0250000e+02;4.4617048e-03;3.0250000e+02;1.8464126e-02;3.0250000e+02;3.7250720e-02;3.0250000e+02;6.1614323e-02;3.0250000e+02;9.0498902e-02;3.0250000e+02;1.2102749e-01;3.0250000e+02;1.5411951e-01;3.0250000e+02;1.8793829e-01;3.0250000e+02;2.2674042e-01;3.0250000e+02;2.6205322e-01;3.0250000e+02;2.8440914e-01;3.0250000e+02;2.8613436e-01;3.0250000e+02;2.6800379e-01;3.0250000e+02;2.3317429e-01;3.0250000e+02;1.8880139e-01;3.0250000e+02;1.3735677e-01;3.0250000e+02;8.9843959e-02;3.0250000e+02;4.8391327e-02;3.0250000e+02;4.4617048e-03;3.0250000e+02;1.8464126e-02;3.0250000e+02;3.7250720e-02;3.0250000e+02;6.1614323e-02;3.0250000e+02;9.0498902e-02;3.0250000e+02;1.2102749e-01;3.0250000e+02;1.5411951e-01;3.0250000e+02;1.8793829e-01;3.0250000e+02;2.2674042e-01;3.0250000e+02;2.6205322e-01;3.0250000e+02;2.8440914e-01;3.0250000e+02;2.8613436e-01;3.0250000e+02;2.6800379e-01;3.0250000e+02;2.3317429e-01;3.0250000e+02;1.8880139e-01;3.0250000e+02;1.3735677e-01;3.0250000e+02;8.9843959e-02;3.0250000e+02;4.8391327e-02;3.0250000e+02;4.4617048e-03;3.0250000e+02;1.8464126e-02;3.0250000e+02;3.7250720e-02;3.0250000e+02;6.1614323e-02;3.0250000e+02;9.0498902e-02;3.0250000e+02;1.2102749e-01;3.0250000e+02;1.5411951e-01;3.0250000e+02;1.8793829e-01;3.0250000e+02;2.2674042e-01;3.0250000e+02;2.6205322e-01;3.0250000e+02;2.8440914e-01;3.0250000e+02;2.8613436e-01;3.0250000e+02;2.6800379e-01;3.0250000e+02;2.3317429e-01;3.0250000e+02;1.8880139e-01;3.0250000e+02;1.3735677e-01;3.0250000e+02;8.9843959e-02;3.0250000e+02;4.8391327e-02;3.0250000e+02;4.4617048e-03;3.0250000e+02;1.8464126e-02;3.0250000e+02;3.7250720e-02;3.0250000e+02;6.1614323e-02;3.0250000e+02;9.0498902e-02;3.0250000e+02;1.2102749e-01;3.0250000e+02;1.5411951e-01;3.0250000e+02;1.8793829e-01;3.0250000e+02;2.2674042e-01;3.0250000e+02;2.6205322e-01;3.0250000e+02;2.8440914e-01;3.0250000e+02;2.8613436e-01;3.0250000e+02;2.6800379e-01;3.0250000e+02;2.3317429e-01;3.0250000e+02;1.8880139e-01;3.0250000e+02;1.3735677e-01;3.0250000e+02;8.9843959e-02;3.0250000e+02;4.8391327e-02;3.0250000e+02;4.4617048e-03;3.0250000e+02;1.8464126e-02;3.0250000e+02;3.7250720e-02;3.0250000e+02;6.1614323e-02;3.0250000e+02;9.0498902e-02;3.0250000e+02;1.2102749e-01;3.0250000e+02;1.5411951e-01;3.0250000e+02;1.8793829e-01;3.0250000e+02;2.2674042e-01;3.0250000e+02;2.6205322e-01;3.0250000e+02;2.8440914e-01;3.0250000e+02;2.8613436e-01;3.0250000e+02;2.6800379e-01;3.0250000e+02;2.3317429e-01;3.0250000e+02;1.8880139e-01;3.0250000e+02;1.3735677e-01;3.0250000e+02;8.9843959e-02;3.0250000e+02;4.8391327e-02;3.0250000e+02;4.4617048e-03;3.0250000e+02;1.8464126e-02;3.0250000e+02;3.7250720e-02;3.0250000e+02;6.1614323e-02;3.0250000e+02;9.0498902e-02;3.0250000e+02;1.2102749e-01;3.0250000e+02;1.5411951e-01;3.0250000e+02;1.8793829e-01;3.0250000e+02;2.2674042e-01;3.0250000e+02;2.6205322e-01;3.0250000e+02;2.8440914e-01;3.0250000e+02;2.8613436e-01;3.0250000e+02;2.6800379e-01;3.0250000e+02;2.3317429e-01;3.0250000e+02;1.8880139e-01;3.0250000e+02;1.3735677e-01;3.0250000e+02;8.9843959e-02;3.0250000e+02;4.8391327e-02;3.0250000e+02;4.4617048e-03;3.0250000e+02;1.8464126e-02;3.0250000e+02;3.7250720e-02;3.0250000e+02;6.1614323e-02;3.0250000e+02;9.0498902e-02;3.0250000e+02;1.2102749e-01;3.0250000e+02;1.5411951e-01;3.0250000e+02;1.8793829e-01;3.0250000e+02;2.2674042e-01;3.0250000e+02;2.6205322e-01;3.0250000e+02;2.8440914e-01;3.0250000e+02;2.8613436e-01;3.0250000e+02;2.6800379e-01;3.0250000e+02;2.3317429e-01;3.0250000e+02;1.8880139e-01;3.0250000e+02;1.3735677e-01;3.0250000e+02;8.9843959e-02;3.0250000e+02;4.8391327e-02;3.0250000e+02;4.4617048e-03;3.0250000e+02;1.8464126e-02;3.0250000e+02;3.7250720e-02;3.0250000e+02;6.1614323e-02;3.0250000e+02;9.0498902e-02;3.0250000e+02;1.2102749e-01;3.0250000e+02;1.5411951e-01;3.0250000e+02;1.8793829e-01;3.0250000e+02;2.2674042e-01;3.0250000e+02;2.6205322e-01;3.0250000e+02;2.8440914e-01;3.0250000e+02;2.8613436e-01;3.0250000e+02;2.6800379e-01;3.0250000e+02;2.3317429e-01;3.0250000e+02;1.8880139e-01;3.0250000e+02;1.3735677e-01;3.0250000e+02;8.9843959e-02;3.0250000e+02;4.8391327e-02;3.0250000e+02;4.4617048e-03;3.0250000e+02;1.8464126e-02;3.0250000e+02;3.7250720e-02;3.0250000e+02;6.1614323e-02;3.0250000e+02;9.0498902e-02;3.0250000e+02;1.2102749e-01;3.0250000e+02;1.5411951e-01;3.0250000e+02;1.8793829e-01;3.0250000e+02;2.2674042e-01;3.0250000e+02;2.6205322e-01;3.0250000e+02;2.8440914e-01;3.0250000e+02;2.8613436e-01;3.0250000e+02;2.6800379e-01;3.0250000e+02;2.3317429e-01;3.0250000e+02;1.8880139e-01;3.0250000e+02;1.3735677e-01;3.0250000e+02;8.9843959e-02;3.0250000e+02;4.8391327e-02;3.0250000e+02;4.4617048e-03;3.0250000e+02;1.8464126e-02;3.0250000e+02;3.7250720e-02;3.0250000e+02;6.1614323e-02;3.0250000e+02;9.0498902e-02;3.0250000e+02;1.2102749e-01;3.0250000e+02;1.5411951e-01;3.0250000e+02;1.8793829e-01;3.0250000e+02;2.2674042e-01;3.0250000e+02;2.6205322e-01;3.0250000e+02;2.8440914e-01;3.0250000e+02;2.8613436e-01;3.0250000e+02;2.6800379e-01;3.0250000e+02;2.3317429e-01;3.0250000e+02;1.8880139e-01;3.0250000e+02;1.3735677e-01;3.0250000e+02;8.9843959e-02;3.0250000e+02;4.8391327e-02;3.0250000e+02;4.4617048e-03;3.0250000e+02;1.8464126e-02;3.0250000e+02;3.7250720e-02;3.0250000e+02;6.1614323e-02;3.0250000e+02;9.0498902e-02;3.0250000e+02;1.2102749e-01;3.0250000e+02;1.5411951e-01;3.0250000e+02;1.8793829e-01;3.0250000e+02;2.2674042e-01;3.0250000e+02;2.6205322e-01;3.0250000e+02;2.8440914e-01;3.0250000e+02;2.8613436e-01;3.0250000e+02;2.6800379e-01;3.0250000e+02;2.3317429e-01;3.0250000e+02;1.8880139e-01;3.0250000e+02;1.3735677e-01;3.0250000e+02;8.9843959e-02;3.0250000e+02;4.8391327e-02;3.0250000e+02;4.4617048e-03;3.0250000e+02;1.8464126e-02;3.0250000e+02;3.7250720e-02;3.0250000e+02;6.1614323e-02;3.0250000e+02;9.0498902e-02;3.0250000e+02;1.2102749e-01;3.0250000e+02;1.5411951e-01;3.0250000e+02;1.8793829e-01;3.0250000e+02;2.2674042e-01;3.0250000e+02;2.6205322e-01;3.0250000e+02;2.8440914e-01;3.0250000e+02;2.8613436e-01;3.0250000e+02;2.6800379e-01;3.0250000e+02;2.3317429e-01;3.0250000e+02;1.8880139e-01;3.0250000e+02;1.3735677e-01;3.0250000e+02;8.9843959e-02;3.0250000e+02;4.8391327e-02;3.0250000e+02;4.4617048e-03;3.0250000e+02;1.8464126e-02;3.0250000e+02;3.7250720e-02;3.0250000e+02;6.1614323e-02;3.0250000e+02;9.0498902e-02;3.0250000e+02;1.2102749e-01;3.0250000e+02;1.5411951e-01;3.0250000e+02;1.8793829e-01;3.0250000e+02;2.2674042e-01;3.0250000e+02;2.6205322e-01;3.0250000e+02;2.8440914e-01;3.0250000e+02;2.8613436e-01;3.0250000e+02;2.6800379e-01;3.0250000e+02;2.3317429e-01;3.0250000e+02;1.8880139e-01;3.0250000e+02;1.3735677e-01;3.0250000e+02;8.9843959e-02;3.0250000e+02;4.8391327e-02;3.0250000e+02;4.4617048e-03;3.0250000e+02;1.8464126e-02;3.0250000e+02;3.7250720e-02;3.0250000e+02;6.1614323e-02;3.0250000e+02;9.0498902e-02;3.0250000e+02;1.2102749e-01;3.0250000e+02;1.5411951e-01;3.0250000e+02;1.8793829e-01;3.0250000e+02;2.2674042e-01;3.0250000e+02;2.6205322e-01;3.0250000e+02;2.8440914e-01;3.0250000e+02;2.8613436e-01;3.0250000e+02;2.6800379e-01;3.0250000e+02;2.3317429e-01;3.0250000e+02;1.8880139e-01;3.0250000e+02;1.3735677e-01;3.0250000e+02;8.9843959e-02;3.0250000e+02;4.8391327e-02;3.0250000e+02;4.4617048e-03;3.0250000e+02;1.8464126e-02;3.0250000e+02;3.7250720e-02;3.0250000e+02;6.1614323e-02;3.0250000e+02;9.0498902e-02;3.0250000e+02;1.2102749e-01;3.0250000e+02;1.5411951e-01;3.0250000e+02;1.8793829e-01;3.0250000e+02;2.2674042e-01;3.0250000e+02;2.6205322e-01;3.0250000e+02;2.8440914e-01;3.0250000e+02;2.8613436e-01;3.0250000e+02;2.6800379e-01;3.0250000e+02;2.3317429e-01;3.0250000e+02;1.8880139e-01;3.0250000e+02;1.3735677e-01;3.0250000e+02;8.9843959e-02;3.0250000e+02;4.8391327e-02;3.0250000e+02;4.4617048e-03;3.0250000e+02;1.8464126e-02;3.0250000e+02;3.7250720e-02;3.0250000e+02;6.1614323e-02;3.0250000e+02;9.0498902e-02;3.0250000e+02;1.2102749e-01;3.0250000e+02;1.5411951e-01;3.0250000e+02;1.8793829e-01;3.0250000e+02;2.2674042e-01;3.0250000e+02;2.6205322e-01;3.0250000e+02;2.8440914e-01;3.0250000e+02;2.8613436e-01;3.0250000e+02;2.6800379e-01;3.0250000e+02;2.3317429e-01;3.0250000e+02;1.8880139e-01;3.0250000e+02;1.3735677e-01;3.0250000e+02;8.9843959e-02;3.0250000e+02;4.8391327e-02;3.0250000e+02;4.4617048e-03;3.0250000e+02;1.8464126e-02;3.0250000e+02;3.7250720e-02;3.0250000e+02;6.1614323e-02;3.0250000e+02;9.0498902e-02;3.0250000e+02;1.2102749e-01;3.0250000e+02;1.5411951e-01;3.0250000e+02;1.8793829e-01;3.0250000e+02;2.2674042e-01;3.0250000e+02;2.6205322e-01;3.0250000e+02;2.8440914e-01;3.0250000e+02;2.8613436e-01;3.0250000e+02;2.6800379e-01;3.0250000e+02;2.3317429e-01;3.0250000e+02;1.8880139e-01;3.0250000e+02;1.3735677e-01;3.0250000e+02;8.9843959e-02;3.0250000e+02;4.8391327e-02;3.0250000e+02;4.4617048e-03;3.0250000e+02;1.8464126e-02;3.0250000e+02;3.7250720e-02;3.0250000e+02;6.1614323e-02;3.0250000e+02;9.0498902e-02;3.0250000e+02;1.2102749e-01;3.0250000e+02;1.5411951e-01;3.0250000e+02;1.8793829e-01;3.0250000e+02;2.2674042e-01;3.0250000e+02;2.6205322e-01;3.0250000e+02;2.8440914e-01;3.0250000e+02;2.8613436e-01;3.0250000e+02;2.6800379e-01;3.0250000e+02;2.3317429e-01;3.0250000e+02;1.8880139e-01;3.0250000e+02;1.3735677e-01;3.0250000e+02;8.9843959e-02;3.0250000e+02;4.8391327e-02;3.0250000e+02;4.4617048e-03;3.0250000e+02;1.8464126e-02;3.0250000e+02;3.7250720e-02;3.0250000e+02;6.1614323e-02;3.0250000e+02;9.0498902e-02;3.0250000e+02;1.2102749e-01;3.0250000e+02;1.5411951e-01;3.0250000e+02;1.8793829e-01;3.0250000e+02;2.2674042e-01;3.0250000e+02;2.6205322e-01;3.0250000e+02;2.8440914e-01;3.0250000e+02;2.8613436e-01;3.0250000e+02;2.6800379e-01;3.0250000e+02;2.3317429e-01;3.0250000e+02;1.8880139e-01;3.0250000e+02;1.3735677e-01;3.0250000e+02;8.9843959e-02;3.0250000e+02;4.8391327e-02;3.0250000e+02;4.4617048e-03;3.0250000e+02;1.8464126e-02;3.0250000e+02;3.7250720e-02;3.0250000e+02;6.1614323e-02;3.0250000e+02;9.0498902e-02;3.0250000e+02;1.2102749e-01;3.0250000e+02;1.5411951e-01;3.0250000e+02;1.8793829e-01;3.0250000e+02;2.2674042e-01;3.0250000e+02;2.6205322e-01;3.0250000e+02;2.8440914e-01;3.0250000e+02;2.8613436e-01;3.0250000e+02;2.6800379e-01;3.0250000e+02;2.3317429e-01;3.0250000e+02;1.8880139e-01;3.0250000e+02;1.3735677e-01;3.0250000e+02;8.9843959e-02;3.0250000e+02;4.8391327e-02;3.0250000e+02;4.4617048e-03;3.0250000e+02;1.8464126e-02;3.0250000e+02;3.7250720e-02;3.0250000e+02;6.1614323e-02;3.0250000e+02;9.0498902e-02;3.0250000e+02;1.2102749e-01;3.0250000e+02;1.5411951e-01;3.0250000e+02;1.8793829e-01;3.0250000e+02;2.2674042e-01;3.0250000e+02;2.6205322e-01;3.0250000e+02;2.8440914e-01;3.0250000e+02;2.8613436e-01;3.0250000e+02;2.6800379e-01;3.0250000e+02;2.3317429e-01;3.0250000e+02;1.8880139e-01;3.0250000e+02;1.3735677e-01;3.0250000e+02;8.9843959e-02;3.0250000e+02;4.8391327e-02;3.0250000e+02;4.4617048e-03;3.0250000e+02;1.8464126e-02;3.0250000e+02;3.7250720e-02;3.0250000e+02;6.1614323e-02;3.0250000e+02;9.0498902e-02;3.0250000e+02;1.2102749e-01;3.0250000e+02;1.5411951e-01;3.0250000e+02;1.8793829e-01;3.0250000e+02;2.2674042e-01;3.0250000e+02;2.6205322e-01;3.0250000e+02;2.8440914e-01;3.0250000e+02;2.8613436e-01;3.0250000e+02;2.6800379e-01;3.0250000e+02;2.3317429e-01;3.0250000e+02;1.8880139e-01;3.0250000e+02;1.3735677e-01;3.0250000e+02;8.9843959e-02;3.0250000e+02;4.8391327e-02;3.0250000e+02;4.4617048e-03;3.0250000e+02;1.8464126e-02;3.0250000e+02;3.7250720e-02;3.0250000e+02;6.1614323e-02;3.0250000e+02;9.0498902e-02;3.0250000e+02;1.2102749e-01;3.0250000e+02;1.5411951e-01;3.0250000e+02;1.8793829e-01;3.0250000e+02;2.2674042e-01;3.0250000e+02;2.6205322e-01;3.0250000e+02;2.8440914e-01;3.0250000e+02;2.8613436e-01;3.0250000e+02;2.6800379e-01;3.0250000e+02;2.3317429e-01;3.0250000e+02;1.8880139e-01;3.0250000e+02;1.3735677e-01;3.0250000e+02;8.9843959e-02;3.0250000e+02;4.8391327e-02;3.0250000e+02;4.4617048e-03;3.0250000e+02;1.8464126e-02;3.0250000e+02;3.7250720e-02;3.0250000e+02;6.1614323e-02;3.0250000e+02;9.0498902e-02;3.0250000e+02;1.2102749e-01;3.0250000e+02;1.5411951e-01;3.0250000e+02;1.8793829e-01;3.0250000e+02;2.2674042e-01;3.0250000e+02;2.6205322e-01;3.0250000e+02;2.8440914e-01;3.0250000e+02;2.8613436e-01;3.0250000e+02;2.6800379e-01;3.0250000e+02;2.3317429e-01;3.0250000e+02;1.8880139e-01;3.0250000e+02;1.3735677e-01;3.0250000e+02;8.9843959e-02;3.0250000e+02;4.8391327e-02;3.0250000e+02;4.4617048e-03;3.0250000e+02;1.8464126e-02;3.0250000e+02;3.7250720e-02;3.0250000e+02;6.1614323e-02;3.0250000e+02;9.0498902e-02;3.0250000e+02;1.2102749e-01;3.0250000e+02;1.5411951e-01;3.0250000e+02;1.8793829e-01;3.0250000e+02;2.2674042e-01;3.0250000e+02;2.6205322e-01;3.0250000e+02;2.8440914e-01;3.0250000e+02;2.8613436e-01;3.0250000e+02;2.6800379e-01;3.0250000e+02;2.3317429e-01;3.0250000e+02;1.8880139e-01;3.0250000e+02;1.3735677e-01;3.0250000e+02;8.9843959e-02;3.0250000e+02;4.8391327e-02;3.0250000e+02;4.4617048e-03;3.0250000e+02;1.8464126e-02;3.0250000e+02;3.7250720e-02;3.0250000e+02;6.1614323e-02;3.0250000e+02;9.0498902e-02;3.0250000e+02;1.2102749e-01;3.0250000e+02;1.5411951e-01;3.0250000e+02;1.8793829e-01;3.0250000e+02;2.2674042e-01;3.0250000e+02;2.6205322e-01;3.0250000e+02;2.8440914e-01;3.0250000e+02;2.8613436e-01;3.0250000e+02;2.6800379e-01;3.0250000e+02;2.3317429e-01;3.0250000e+02;1.8880139e-01;3.0250000e+02;1.3735677e-01;3.0250000e+02;8.9843959e-02;3.0250000e+02;4.8391327e-02;3.0250000e+02;4.4617048e-03;3.0250000e+02;1.8464126e-02;3.0250000e+02;3.7250720e-02;3.0250000e+02;6.1614323e-02;3.0250000e+02;9.0498902e-02;3.0250000e+02;1.2102749e-01;3.0250000e+02;1.5411951e-01;3.0250000e+02;1.8793829e-01;3.0250000e+02;2.2674042e-01;3.0250000e+02;2.6205322e-01;3.0250000e+02;2.8440914e-01;3.0250000e+02;2.8613436e-01;3.0250000e+02;2.6800379e-01;3.0250000e+02;2.3317429e-01;3.0250000e+02;1.8880139e-01;3.0250000e+02;1.3735677e-01;3.0250000e+02;8.9843959e-02;3.0250000e+02;4.8391327e-02;3.0250000e+02;4.4617048e-03;3.0250000e+02;1.8464126e-02;3.0250000e+02;3.7250720e-02;3.0250000e+02;6.1614323e-02;3.0250000e+02;9.0498902e-02;3.0250000e+02;1.2102749e-01;3.0250000e+02;1.5411951e-01;3.0250000e+02;1.8793829e-01;3.0250000e+02;2.2674042e-01;3.0250000e+02;2.6205322e-01;3.0250000e+02;2.8440914e-01;3.0250000e+02;2.8613436e-01;3.0250000e+02;2.6800379e-01;3.0250000e+02;2.3317429e-01;3.0250000e+02;1.8880139e-01;3.0250000e+02;1.3735677e-01;3.0250000e+02;8.9843959e-02;3.0250000e+02;4.8391327e-02;3.0250000e+02;4.4617048e-03;3.0250000e+02;1.8464126e-02;3.0250000e+02;3.7250720e-02;3.0250000e+02;6.1614323e-02;3.0250000e+02;9.0498902e-02;3.0250000e+02;1.2102749e-01;3.0250000e+02;1.5411951e-01;3.0250000e+02;1.8793829e-01;3.0250000e+02;2.2674042e-01;3.0250000e+02;2.6205322e-01;3.0250000e+02;2.8440914e-01;3.0250000e+02;2.8613436e-01;3.0250000e+02;2.6800379e-01;3.0250000e+02;2.3317429e-01;3.0250000e+02;1.8880139e-01;3.0250000e+02;1.3735677e-01;3.0250000e+02;8.9843959e-02;3.0250000e+02;4.8391327e-02;3.0250000e+02;4.4617048e-03;3.0250000e+02;1.8464126e-02;3.0250000e+02;3.7250720e-02;3.0250000e+02;6.1614323e-02;3.0250000e+02;9.0498902e-02;3.0250000e+02;1.2102749e-01;3.0250000e+02;1.5411951e-01;3.0250000e+02;1.8793829e-01;3.0250000e+02;2.2674042e-01;3.0250000e+02;2.6205322e-01;3.0250000e+02;2.8440914e-01;3.0250000e+02;2.8613436e-01;3.0250000e+02;2.6800379e-01;3.0250000e+02;2.3317429e-01;3.0250000e+02;1.8880139e-01;3.0250000e+02;1.3735677e-01;3.0250000e+02;8.9843959e-02;3.0250000e+02;4.8391327e-02;3.0250000e+02;4.4617048e-03;3.0250000e+02;1.8464126e-02;3.0250000e+02;3.7250720e-02;3.0250000e+02;6.1614323e-02;3.0250000e+02;9.0498902e-02;3.0250000e+02;1.2102749e-01;3.0250000e+02;1.5411951e-01;3.0250000e+02;1.8793829e-01;3.0250000e+02;2.2674042e-01;3.0250000e+02;2.6205322e-01;3.0250000e+02;2.8440914e-01;3.0250000e+02;2.8613436e-01;3.0250000e+02;2.6800379e-01;3.0250000e+02;2.3317429e-01;3.0250000e+02;1.8880139e-01;3.0250000e+02;1.3735677e-01;3.0250000e+02;8.9843959e-02;3.0250000e+02;4.8391327e-02;3.0250000e+02;4.4617048e-03;3.0250000e+02;1.8464126e-02;3.0250000e+02;3.7250720e-02;3.0250000e+02;6.1614323e-02;3.0250000e+02;9.0498902e-02;3.0250000e+02;1.2102749e-01;3.0250000e+02;1.5411951e-01;3.0250000e+02;1.8793829e-01;3.0250000e+02;2.2674042e-01;3.0250000e+02;2.6205322e-01;3.0250000e+02;2.8440914e-01;3.0250000e+02;2.8613436e-01;3.0250000e+02;2.6800379e-01;3.0250000e+02;2.3317429e-01;3.0250000e+02;1.8880139e-01;3.0250000e+02;1.3735677e-01;3.0250000e+02;8.9843959e-02;3.0250000e+02;4.8391327e-02;3.0250000e+02;4.4617048e-03;3.0250000e+02;1.8464126e-02;3.0250000e+02;3.7250720e-02;3.0250000e+02;6.1614323e-02;3.0250000e+02;9.0498902e-02;3.0250000e+02;1.2102749e-01;3.0250000e+02;1.5411951e-01;3.0250000e+02;1.8793829e-01;3.0250000e+02;2.2674042e-01;3.0250000e+02;2.6205322e-01;3.0250000e+02;2.8440914e-01;3.0250000e+02;2.8613436e-01;3.0250000e+02;2.6800379e-01;3.0250000e+02;2.3317429e-01;3.0250000e+02;1.8880139e-01;3.0250000e+02;1.3735677e-01;3.0250000e+02;8.9843959e-02;3.0250000e+02;4.8391327e-02;3.0250000e+02;4.4617048e-03;3.0250000e+02;1.8464126e-02;3.0250000e+02;3.7250720e-02;3.0250000e+02;6.1614323e-02;3.0250000e+02;9.0498902e-02;3.0250000e+02;1.2102749e-01;3.0250000e+02;1.5411951e-01;3.0250000e+02;1.8793829e-01;3.0250000e+02;2.2674042e-01;3.0250000e+02;2.6205322e-01;3.0250000e+02;2.8440914e-01;3.0250000e+02;2.8613436e-01;3.0250000e+02;2.6800379e-01;3.0250000e+02;2.3317429e-01;3.0250000e+02;1.8880139e-01;3.0250000e+02;1.3735677e-01;3.0250000e+02;8.9843959e-02;3.0250000e+02;4.8391327e-02;3.0250000e+02;4.4617048e-03;3.0250000e+02;1.8464126e-02;3.0250000e+02;3.7250720e-02;3.0250000e+02;6.1614323e-02;3.0250000e+02;9.0498902e-02;3.0250000e+02;1.2102749e-01;3.0250000e+02;1.5411951e-01;3.0250000e+02;1.8793829e-01;3.0250000e+02;2.2674042e-01;3.0250000e+02;2.6205322e-01;3.0250000e+02;2.8440914e-01;3.0250000e+02;2.8613436e-01;3.0250000e+02;2.6800379e-01;3.0250000e+02;2.3317429e-01;3.0250000e+02;1.8880139e-01;3.0250000e+02;1.3735677e-01;3.0250000e+02;8.9843959e-02;3.0250000e+02;4.8391327e-02;3.0250000e+02;4.4617048e-03;3.0250000e+02;1.8464126e-02;3.0250000e+02;3.7250720e-02;3.0250000e+02;6.1614323e-02;3.0250000e+02;9.0498902e-02;3.0250000e+02;1.2102749e-01;3.0250000e+02;1.5411951e-01;3.0250000e+02;1.8793829e-01;3.0250000e+02;2.2674042e-01;3.0250000e+02;2.6205322e-01;3.0250000e+02;2.8440914e-01;3.0250000e+02;2.8613436e-01;3.0250000e+02;2.6800379e-01;3.0250000e+02;2.3317429e-01;3.0250000e+02;1.8880139e-01;3.0250000e+02;1.3735677e-01;3.0250000e+02;8.9843959e-02;3.0250000e+02;4.8391327e-02;3.0250000e+02;4.4617048e-03;3.0250000e+02;1.8464126e-02;3.0250000e+02;3.7250720e-02;3.0250000e+02;6.1614323e-02;3.0250000e+02;9.0498902e-02;3.0250000e+02;1.2102749e-01;3.0250000e+02;1.5411951e-01;3.0250000e+02;1.8793829e-01;3.0250000e+02;2.2674042e-01;3.0250000e+02;2.6205322e-01;3.0250000e+02;2.8440914e-01;3.0250000e+02;2.8613436e-01;3.0250000e+02;2.6800379e-01;3.0250000e+02;2.3317429e-01;3.0250000e+02;1.8880139e-01;3.0250000e+02;1.3735677e-01;3.0250000e+02;8.9843959e-02;3.0250000e+02;4.8391327e-02;3.0250000e+02;4.4617048e-03;3.0250000e+02;1.8464126e-02;3.0250000e+02;3.7250720e-02;3.0250000e+02;6.1614323e-02;3.0250000e+02;9.0498902e-02;3.0250000e+02;1.2102749e-01;3.0250000e+02;1.5411951e-01;3.0250000e+02;1.8793829e-01;3.0250000e+02;2.2674042e-01;3.0250000e+02;2.6205322e-01;3.0250000e+02;2.8440914e-01;3.0250000e+02;2.8613436e-01;3.0250000e+02;2.6800379e-01;3.0250000e+02;2.3317429e-01;3.0250000e+02;1.8880139e-01;3.0250000e+02;1.3735677e-01;3.0250000e+02;8.9843959e-02;3.0250000e+02;4.8391327e-02;3.0250000e+02;4.4617048e-03;3.0250000e+02;1.8464126e-02;3.0250000e+02;3.7250720e-02;3.0250000e+02;6.1614323e-02;3.0250000e+02;9.0498902e-02;3.0250000e+02;1.2102749e-01;3.0250000e+02;1.5411951e-01;3.0250000e+02;1.8793829e-01;3.0250000e+02;2.2674042e-01;3.0250000e+02;2.6205322e-01;3.0250000e+02;2.8440914e-01;3.0250000e+02;2.8613436e-01;3.0250000e+02;2.6800379e-01;3.0250000e+02;2.3317429e-01;3.0250000e+02;1.8880139e-01;3.0250000e+02;1.3735677e-01;3.0250000e+02;8.9843959e-02;3.0250000e+02;4.8391327e-02;3.0250000e+02;4.4617048e-03;3.0250000e+02;1.8464126e-02;3.0250000e+02;3.7250720e-02;3.0250000e+02;6.1614323e-02;3.0250000e+02;9.0498902e-02;3.0250000e+02;1.2102749e-01;3.0250000e+02;1.5411951e-01;3.0250000e+02;1.8793829e-01;3.0250000e+02;2.2674042e-01;3.0250000e+02;2.6205322e-01;3.0250000e+02;2.8440914e-01;3.0250000e+02;2.8613436e-01;3.0250000e+02;2.6800379e-01;3.0250000e+02;2.3317429e-01;3.0250000e+02;1.8880139e-01;3.0250000e+02;1.3735677e-01;3.0250000e+02;8.9843959e-02;3.0250000e+02;4.8391327e-02;3.0250000e+02;4.4617048e-03;3.0250000e+02;1.8464126e-02;3.0250000e+02;3.7250720e-02;3.0250000e+02;6.1614323e-02;3.0250000e+02;9.0498902e-02;3.0250000e+02;1.2102749e-01;3.0250000e+02;1.5411951e-01;3.0250000e+02;1.8793829e-01;3.0250000e+02;2.2674042e-01;3.0250000e+02;2.6205322e-01;3.0250000e+02;2.8440914e-01;3.0250000e+02;2.8613436e-01;3.0250000e+02;2.6800379e-01;3.0250000e+02;2.3317429e-01;3.0250000e+02;1.8880139e-01;3.0250000e+02;1.3735677e-01;3.0250000e+02;8.9843959e-02;3.0250000e+02;4.8391327e-02;3.0250000e+02;4.4617048e-03;3.0250000e+02;1.8464126e-02;3.0250000e+02;3.7250720e-02;3.0250000e+02;6.1614323e-02;3.0250000e+02;9.0498902e-02;3.0250000e+02;1.2102749e-01;3.0250000e+02;1.5411951e-01;3.0250000e+02;1.8793829e-01;3.0250000e+02;2.2674042e-01;3.0250000e+02;2.6205322e-01;3.0250000e+02;2.8440914e-01;3.0250000e+02;2.8613436e-01;3.0250000e+02;2.6800379e-01;3.0250000e+02;2.3317429e-01;3.0250000e+02;1.8880139e-01;3.0250000e+02;1.3735677e-01;3.0250000e+02;8.9843959e-02;3.0250000e+02;4.8391327e-02;3.0250000e+02;4.4617048e-03;3.0250000e+02;1.8464126e-02;3.0250000e+02;3.7250720e-02;3.0250000e+02;6.1614323e-02;3.0250000e+02;9.0498902e-02;3.0250000e+02;1.2102749e-01;3.0250000e+02;1.5411951e-01;3.0250000e+02;1.8793829e-01;3.0250000e+02;2.2674042e-01;3.0250000e+02;2.6205322e-01;3.0250000e+02;2.8440914e-01;3.0250000e+02;2.8613436e-01;3.0250000e+02;2.6800379e-01;3.0250000e+02;2.3317429e-01;3.0250000e+02;1.8880139e-01;3.0250000e+02;1.3735677e-01;3.0250000e+02;8.9843959e-02;3.0250000e+02;4.8391327e-02;3.0250000e+02;4.4617048e-03;3.0250000e+02;1.8464126e-02;3.0250000e+02;3.7250720e-02;3.0250000e+02;6.1614323e-02;3.0250000e+02;9.0498902e-02;3.0250000e+02;1.2102749e-01;3.0250000e+02;1.5411951e-01;3.0250000e+02;1.8793829e-01;3.0250000e+02;2.2674042e-01;3.0250000e+02;2.6205322e-01;3.0250000e+02;2.8440914e-01;3.0250000e+02;2.8613436e-01;3.0250000e+02;2.6800379e-01;3.0250000e+02;2.3317429e-01;3.0250000e+02;1.8880139e-01;3.0250000e+02;1.3735677e-01;3.0250000e+02;8.9843959e-02;3.0250000e+02;4.8391327e-02;3.0250000e+02;4.4617048e-03;3.0250000e+02;1.8464126e-02;3.0250000e+02;3.7250720e-02;3.0250000e+02;6.1614323e-02;3.0250000e+02;9.0498902e-02;3.0250000e+02;1.2102749e-01;3.0250000e+02;1.5411951e-01;3.0250000e+02;1.8793829e-01;3.0250000e+02;2.2674042e-01;3.0250000e+02;2.6205322e-01;3.0250000e+02;2.8440914e-01;3.0250000e+02;2.8613436e-01;3.0250000e+02;2.6800379e-01;3.0250000e+02;2.3317429e-01;3.0250000e+02;1.8880139e-01;3.0250000e+02;1.3735677e-01;3.0250000e+02;8.9843959e-02;3.0250000e+02;4.8391327e-02;3.0250000e+02;4.4617048e-03;3.0250000e+02;1.8464126e-02;3.0250000e+02;3.7250720e-02;3.0250000e+02;6.1614323e-02;3.0250000e+02;9.0498902e-02;3.0250000e+02;1.2102749e-01;3.0250000e+02;1.5411951e-01;3.0250000e+02;1.8793829e-01;3.0250000e+02;2.2674042e-01;3.0250000e+02;2.6205322e-01;3.0250000e+02;2.8440914e-01;3.0250000e+02;2.8613436e-01;3.0250000e+02;2.6800379e-01;3.0250000e+02;2.3317429e-01;3.0250000e+02;1.8880139e-01;3.0250000e+02;1.3735677e-01;3.0250000e+02;8.9843959e-02;3.0250000e+02;4.8391327e-02;3.0250000e+02;4.4617048e-03;3.0250000e+02;1.8464126e-02;3.0250000e+02;3.7250720e-02;3.0250000e+02;6.1614323e-02;3.0250000e+02;9.0498902e-02;3.0250000e+02;1.2102749e-01;3.0250000e+02;1.5411951e-01;3.0250000e+02;1.8793829e-01;3.0250000e+02;2.2674042e-01;3.0250000e+02;2.6205322e-01;3.0250000e+02;2.8440914e-01;3.0250000e+02;2.8613436e-01;3.0250000e+02;2.6800379e-01;3.0250000e+02;2.3317429e-01;3.0250000e+02;1.8880139e-01;3.0250000e+02;1.3735677e-01;3.0250000e+02;8.9843959e-02;3.0250000e+02;4.8391327e-02;3.0250000e+02;4.4617048e-03;3.0250000e+02;1.8464126e-02;3.0250000e+02;3.7250720e-02;3.0250000e+02;6.1614323e-02;3.0250000e+02;9.0498902e-02;3.0250000e+02;1.2102749e-01;3.0250000e+02;1.5411951e-01;3.0250000e+02;1.8793829e-01;3.0250000e+02;2.2674042e-01;3.0250000e+02;2.6205322e-01;3.0250000e+02;2.8440914e-01;3.0250000e+02;2.8613436e-01;3.0250000e+02;2.6800379e-01;3.0250000e+02;2.3317429e-01;3.0250000e+02;1.8880139e-01;3.0250000e+02;1.3735677e-01;3.0250000e+02;8.9843959e-02;3.0250000e+02;4.8391327e-02;3.0250000e+02;4.4617048e-03;3.0250000e+02;1.8464126e-02;3.0250000e+02;3.7250720e-02;3.0250000e+02;6.1614323e-02;3.0250000e+02;9.0498902e-02;3.0250000e+02;1.2102749e-01;3.0250000e+02;1.5411951e-01;3.0250000e+02;1.8793829e-01;3.0250000e+02;2.2674042e-01;3.0250000e+02;2.6205322e-01;3.0250000e+02;2.8440914e-01;3.0250000e+02;2.8613436e-01;3.0250000e+02;2.6800379e-01;3.0250000e+02;2.3317429e-01;3.0250000e+02;1.8880139e-01;3.0250000e+02;1.3735677e-01;3.0250000e+02;8.9843959e-02;3.0250000e+02;4.8391327e-02;3.0250000e+02;4.4617048e-03;3.0250000e+02;1.8464126e-02;3.0250000e+02;3.7250720e-02;3.0250000e+02;6.1614323e-02;3.0250000e+02;9.0498902e-02;3.0250000e+02;1.2102749e-01;3.0250000e+02;1.5411951e-01;3.0250000e+02;1.8793829e-01;3.0250000e+02;2.2674042e-01;3.0250000e+02;2.6205322e-01;3.0250000e+02;2.8440914e-01;3.0250000e+02;2.8613436e-01;3.0250000e+02;2.6800379e-01;3.0250000e+02;2.3317429e-01;3.0250000e+02;1.8880139e-01;3.0250000e+02;1.3735677e-01;3.0250000e+02;8.9843959e-02;3.0250000e+02;4.8391327e-02;3.0250000e+02;4.4617048e-03;3.0250000e+02;1.8464126e-02;3.0250000e+02;3.7250720e-02;3.0250000e+02;6.1614323e-02;3.0250000e+02;9.0498902e-02;3.0250000e+02;1.2102749e-01;3.0250000e+02;1.5411951e-01;3.0250000e+02;1.8793829e-01;3.0250000e+02;2.2674042e-01;3.0250000e+02;2.6205322e-01;3.0250000e+02;2.8440914e-01;3.0250000e+02;2.8613436e-01;3.0250000e+02;2.6800379e-01;3.0250000e+02;2.3317429e-01;3.0250000e+02;1.8880139e-01;3.0250000e+02;1.3735677e-01;3.0250000e+02;8.9843959e-02;3.0250000e+02;4.8391327e-02;3.0250000e+02;4.4617048e-03;3.0250000e+02;1.8464126e-02;3.0250000e+02;3.7250720e-02;3.0250000e+02;6.1614323e-02;3.0250000e+02;9.0498902e-02;3.0250000e+02;1.2102749e-01;3.0250000e+02;1.5411951e-01;3.0250000e+02;1.8793829e-01;3.0250000e+02;2.2674042e-01;3.0250000e+02;2.6205322e-01;3.0250000e+02;2.8440914e-01;3.0250000e+02;2.8613436e-01;3.0250000e+02;2.6800379e-01;3.0250000e+02;2.3317429e-01;3.0250000e+02;1.8880139e-01;3.0250000e+02;1.3735677e-01;3.0250000e+02;8.9843959e-02;3.0250000e+02;4.8391327e-02;3.0250000e+02;4.4617048e-03;3.0250000e+02;1.8464126e-02;3.0250000e+02;3.7250720e-02;3.0250000e+02;6.1614323e-02;3.0250000e+02;9.0498902e-02;3.0250000e+02;1.2102749e-01;3.0250000e+02;1.5411951e-01;3.0250000e+02;1.8793829e-01;3.0250000e+02;2.2674042e-01;3.0250000e+02;2.6205322e-01;3.0250000e+02;2.8440914e-01;3.0250000e+02;2.8613436e-01;3.0250000e+02;2.6800379e-01;3.0250000e+02;2.3317429e-01;3.0250000e+02;1.8880139e-01;3.0250000e+02;1.3735677e-01;3.0250000e+02;8.9843959e-02;3.0250000e+02;4.8391327e-02;3.0250000e+02;4.4617048e-03;3.0250000e+02;1.8464126e-02;3.0250000e+02;3.7250720e-02;3.0250000e+02;6.1614323e-02;3.0250000e+02;9.0498902e-02;3.0250000e+02;1.2102749e-01;3.0250000e+02;1.5411951e-01;3.0250000e+02;1.8793829e-01;3.0250000e+02;2.2674042e-01;3.0250000e+02;2.6205322e-01;3.0250000e+02;2.8440914e-01;3.0250000e+02;2.8613436e-01;3.0250000e+02;2.6800379e-01;3.0250000e+02;2.3317429e-01;3.0250000e+02;1.8880139e-01;3.0250000e+02;1.3735677e-01;3.0250000e+02;8.9843959e-02;3.0250000e+02;4.8391327e-02;3.0250000e+02;4.4617048e-03;3.0250000e+02;1.8464126e-02;3.0250000e+02;3.7250720e-02;3.0250000e+02;6.1614323e-02;3.0250000e+02;9.0498902e-02;3.0250000e+02;1.2102749e-01;3.0250000e+02;1.5411951e-01;3.0250000e+02;1.8793829e-01;3.0250000e+02;2.2674042e-01;3.0250000e+02;2.6205322e-01;3.0250000e+02;2.8440914e-01;3.0250000e+02;2.8613436e-01;3.0250000e+02;2.6800379e-01;3.0250000e+02;2.3317429e-01;3.0250000e+02;1.8880139e-01;3.0250000e+02;1.3735677e-01;3.0250000e+02;8.9843959e-02;3.0250000e+02;4.8391327e-02;3.0250000e+02;4.4617048e-03;3.0250000e+02;1.8464126e-02;3.0250000e+02;3.7250720e-02;3.0250000e+02;6.1614323e-02;3.0250000e+02;9.0498902e-02;3.0250000e+02;1.2102749e-01;3.0250000e+02;1.5411951e-01;3.0250000e+02;1.8793829e-01;3.0250000e+02;2.2674042e-01;3.0250000e+02;2.6205322e-01;3.0250000e+02;2.8440914e-01;3.0250000e+02;2.8613436e-01;3.0250000e+02;2.6800379e-01;3.0250000e+02;2.3317429e-01;3.0250000e+02;1.8880139e-01;3.0250000e+02;1.3735677e-01;3.0250000e+02;8.9843959e-02;3.0250000e+02;4.8391327e-02;3.0250000e+02;4.4617048e-03;3.0250000e+02;1.8464126e-02;3.0250000e+02;3.7250720e-02;3.0250000e+02;6.1614323e-02;3.0250000e+02;9.0498902e-02;3.0250000e+02;1.2102749e-01;3.0250000e+02;1.5411951e-01;3.0250000e+02;1.8793829e-01;3.0250000e+02;2.2674042e-01;3.0250000e+02;2.6205322e-01;3.0250000e+02;2.8440914e-01;3.0250000e+02;2.8613436e-01;3.0250000e+02;2.6800379e-01;3.0250000e+02;2.3317429e-01;3.0250000e+02;1.8880139e-01;3.0250000e+02;1.3735677e-01;3.0250000e+02;8.9843959e-02;3.0250000e+02;4.8391327e-02;3.0250000e+02;4.4617048e-03;3.0250000e+02;1.8464126e-02;3.0250000e+02;3.7250720e-02;3.0250000e+02;6.1614323e-02;3.0250000e+02;9.0498902e-02;3.0250000e+02;1.2102749e-01;3.0250000e+02;1.5411951e-01;3.0250000e+02;1.8793829e-01;3.0250000e+02;2.2674042e-01;3.0250000e+02;2.6205322e-01;3.0250000e+02;2.8440914e-01;3.0250000e+02;2.8613436e-01;3.0250000e+02;2.6800379e-01;3.0250000e+02;2.3317429e-01;3.0250000e+02;1.8880139e-01;3.0250000e+02;1.3735677e-01;3.0250000e+02;8.9843959e-02;3.0250000e+02;4.8391327e-02;3.0250000e+02;4.4617048e-03;3.0250000e+02;1.8464126e-02;3.0250000e+02;3.7250720e-02;3.0250000e+02;6.1614323e-02;3.0250000e+02;9.0498902e-02;3.0250000e+02;1.2102749e-01;3.0250000e+02;1.5411951e-01;3.0250000e+02;1.8793829e-01;3.0250000e+02;2.2674042e-01;3.0250000e+02;2.6205322e-01;3.0250000e+02;2.8440914e-01;3.0250000e+02;2.8613436e-01;3.0250000e+02;2.6800379e-01;3.0250000e+02;2.3317429e-01;3.0250000e+02;1.8880139e-01;3.0250000e+02;1.3735677e-01;3.0250000e+02;8.9843959e-02;3.0250000e+02;4.8391327e-02;3.0250000e+02;4.4617048e-03;3.0250000e+02;1.8464126e-02;3.0250000e+02;3.7250720e-02;3.0250000e+02;6.1614323e-02;3.0250000e+02;9.0498902e-02;3.0250000e+02;1.2102749e-01;3.0250000e+02;1.5411951e-01;3.0250000e+02;1.8793829e-01;3.0250000e+02;2.2674042e-01;3.0250000e+02;2.6205322e-01;3.0250000e+02;2.8440914e-01;3.0250000e+02;2.8613436e-01;3.0250000e+02;2.6800379e-01;3.0250000e+02;2.3317429e-01;3.0250000e+02;1.8880139e-01;3.0250000e+02;1.3735677e-01;3.0250000e+02;8.9843959e-02;3.0250000e+02;4.8391327e-02;3.0250000e+02;4.4617048e-03;3.0250000e+02;1.8464126e-02;3.0250000e+02;3.7250720e-02;3.0250000e+02;6.1614323e-02;3.0250000e+02;9.0498902e-02;3.0250000e+02;1.2102749e-01;3.0250000e+02;1.5411951e-01;3.0250000e+02;1.8793829e-01;3.0250000e+02;2.2674042e-01;3.0250000e+02;2.6205322e-01;3.0250000e+02;2.8440914e-01;3.0250000e+02;2.8613436e-01;3.0250000e+02;2.6800379e-01;3.0250000e+02;2.3317429e-01;3.0250000e+02;1.8880139e-01;3.0250000e+02;1.3735677e-01;3.0250000e+02;8.9843959e-02;3.0250000e+02;4.8391327e-02;3.0250000e+02;4.4617048e-03;3.0250000e+02;1.8464126e-02;3.0250000e+02;3.7250720e-02;3.0250000e+02;6.1614323e-02;3.0250000e+02;9.0498902e-02;3.0250000e+02;1.2102749e-01;3.0250000e+02;1.5411951e-01;3.0250000e+02;1.8793829e-01;3.0250000e+02;2.2674042e-01;3.0250000e+02;2.6205322e-01;3.0250000e+02;2.8440914e-01;3.0250000e+02;2.8613436e-01;3.0250000e+02;2.6800379e-01;3.0250000e+02;2.3317429e-01;3.0250000e+02;1.8880139e-01;3.0250000e+02;1.3735677e-01;3.0250000e+02;8.9843959e-02;3.0250000e+02;4.8391327e-02;3.0250000e+02;4.4617048e-03;3.0250000e+02;1.8464126e-02;3.0250000e+02;3.7250720e-02;3.0250000e+02;6.1614323e-02;3.0250000e+02;9.0498902e-02;3.0250000e+02;1.2102749e-01;3.0250000e+02;1.5411951e-01;3.0250000e+02;1.8793829e-01;3.0250000e+02;2.2674042e-01;3.0250000e+02;2.6205322e-01;3.0250000e+02;2.8440914e-01;3.0250000e+02;2.8613436e-01;3.0250000e+02;2.6800379e-01;3.0250000e+02;2.3317429e-01;3.0250000e+02;1.8880139e-01;3.0250000e+02;1.3735677e-01;3.0250000e+02;8.9843959e-02;3.0250000e+02;4.8391327e-02;3.0250000e+02;4.4617048e-03;3.0250000e+02;1.8464126e-02;3.0250000e+02;3.7250720e-02;3.0250000e+02;6.1614323e-02;3.0250000e+02;9.0498902e-02;3.0250000e+02;1.2102749e-01;3.0250000e+02;1.5411951e-01;3.0250000e+02;1.8793829e-01;3.0250000e+02;2.2674042e-01;3.0250000e+02;2.6205322e-01;3.0250000e+02;2.8440914e-01;3.0250000e+02;2.8613436e-01;3.0250000e+02;2.6800379e-01;3.0250000e+02;2.3317429e-01;3.0250000e+02;1.8880139e-01;3.0250000e+02;1.3735677e-01;3.0250000e+02;8.9843959e-02;3.0250000e+02;4.8391327e-02;3.0250000e+02;4.4617048e-03;3.0250000e+02;1.8464126e-02;3.0250000e+02;3.7250720e-02;3.0250000e+02;6.1614323e-02;3.0250000e+02;9.0498902e-02;3.0250000e+02;1.2102749e-01;3.0250000e+02;1.5411951e-01;3.0250000e+02;1.8793829e-01;3.0250000e+02;2.2674042e-01;3.0250000e+02;2.6205322e-01;3.0250000e+02;2.8440914e-01;3.0250000e+02;2.8613436e-01;3.0250000e+02;2.6800379e-01;3.0250000e+02;2.3317429e-01;3.0250000e+02;1.8880139e-01;3.0250000e+02;1.3735677e-01;3.0250000e+02;8.9843959e-02;3.0250000e+02;4.8391327e-02;3.0250000e+02;4.4617048e-03;3.0250000e+02;1.8464126e-02;3.0250000e+02;3.7250720e-02;3.0250000e+02;6.1614323e-02;3.0250000e+02;9.0498902e-02;3.0250000e+02;1.2102749e-01;3.0250000e+02;1.5411951e-01;3.0250000e+02;1.8793829e-01;3.0250000e+02;2.2674042e-01;3.0250000e+02;2.6205322e-01;3.0250000e+02;2.8440914e-01;3.0250000e+02;2.8613436e-01;3.0250000e+02;2.6800379e-01;3.0250000e+02;2.3317429e-01;3.0250000e+02;1.8880139e-01;3.0250000e+02;1.3735677e-01;3.0250000e+02;8.9843959e-02;3.0250000e+02;4.8391327e-02;3.0250000e+02;4.4617048e-03;3.0250000e+02;1.8464126e-02;3.0250000e+02;3.7250720e-02;3.0250000e+02;6.1614323e-02;3.0250000e+02;9.0498902e-02;3.0250000e+02;1.2102749e-01;3.0250000e+02;1.5411951e-01;3.0250000e+02;1.8793829e-01;3.0250000e+02;2.2674042e-01;3.0250000e+02;2.6205322e-01;3.0250000e+02;2.8440914e-01;3.0250000e+02;2.8613436e-01;3.0250000e+02;2.6800379e-01;3.0250000e+02;2.3317429e-01;3.0250000e+02;1.8880139e-01;3.0250000e+02;1.3735677e-01;3.0250000e+02;8.9843959e-02;3.0250000e+02;4.8391327e-02;3.0250000e+02;4.4617048e-03;3.0250000e+02;1.8464126e-02;3.0250000e+02;3.7250720e-02;3.0250000e+02;6.1614323e-02;3.0250000e+02;9.0498902e-02;3.0250000e+02;1.2102749e-01;3.0250000e+02;1.5411951e-01;3.0250000e+02;1.8793829e-01;3.0250000e+02;2.2674042e-01;3.0250000e+02;2.6205322e-01;3.0250000e+02;2.8440914e-01;3.0250000e+02;2.8613436e-01;3.0250000e+02;2.6800379e-01;3.0250000e+02;2.3317429e-01;3.0250000e+02;1.8880139e-01;3.0250000e+02;1.3735677e-01;3.0250000e+02;8.9843959e-02;3.0250000e+02;4.8391327e-02;3.0250000e+02;4.4617048e-03;3.0250000e+02;1.8464126e-02;3.0250000e+02;3.7250720e-02;3.0250000e+02;6.1614323e-02;3.0250000e+02;9.0498902e-02;3.0250000e+02;1.2102749e-01;3.0250000e+02;1.5411951e-01;3.0250000e+02;1.8793829e-01;3.0250000e+02;2.2674042e-01;3.0250000e+02;2.6205322e-01;3.0250000e+02;2.8440914e-01;3.0250000e+02;2.8613436e-01;3.0250000e+02;2.6800379e-01;3.0250000e+02;2.3317429e-01;3.0250000e+02;1.8880139e-01;3.0250000e+02;1.3735677e-01;3.0250000e+02;8.9843959e-02;3.0250000e+02;4.8391327e-02;3.0250000e+02;4.4617048e-03;3.0250000e+02;1.8464126e-02;3.0250000e+02;3.7250720e-02;3.0250000e+02;6.1614323e-02;3.0250000e+02;9.0498902e-02;3.0250000e+02;1.2102749e-01;3.0250000e+02;1.5411951e-01;3.0250000e+02;1.8793829e-01;3.0250000e+02;2.2674042e-01;3.0250000e+02;2.6205322e-01;3.0250000e+02;2.8440914e-01;3.0250000e+02;2.8613436e-01;3.0250000e+02;2.6800379e-01;3.0250000e+02;2.3317429e-01;3.0250000e+02;1.8880139e-01;3.0250000e+02;1.3735677e-01;3.0250000e+02;8.9843959e-02;3.0250000e+02;4.8391327e-02;3.0250000e+02;4.4617048e-03;3.0250000e+02;1.8464126e-02;3.0250000e+02;3.7250720e-02;3.0250000e+02;6.1614323e-02;3.0250000e+02;9.0498902e-02;3.0250000e+02;1.2102749e-01;3.0250000e+02;1.5411951e-01;3.0250000e+02;1.8793829e-01;3.0250000e+02;2.2674042e-01;3.0250000e+02;2.6205322e-01;3.0250000e+02;2.8440914e-01;3.0250000e+02;2.8613436e-01;3.0250000e+02;2.6800379e-01;3.0250000e+02;2.3317429e-01;3.0250000e+02;1.8880139e-01;3.0250000e+02;1.3735677e-01;3.0250000e+02;8.9843959e-02;3.0250000e+02;4.8391327e-02;3.0250000e+02;4.4617048e-03;3.0250000e+02;1.8464126e-02;3.0250000e+02;3.7250720e-02;3.0250000e+02;6.1614323e-02;3.0250000e+02;9.0498902e-02;3.0250000e+02;1.2102749e-01;3.0250000e+02;1.5411951e-01;3.0250000e+02;1.8793829e-01;3.0250000e+02;2.2674042e-01;3.0250000e+02;2.6205322e-01;3.0250000e+02;2.8440914e-01;3.0250000e+02;2.8613436e-01;3.0250000e+02;2.6800379e-01;3.0250000e+02;2.3317429e-01;3.0250000e+02;1.8880139e-01;3.0250000e+02;1.3735677e-01;3.0250000e+02;8.9843959e-02;3.0250000e+02;4.8391327e-02;3.0250000e+02;4.4617048e-03;3.0250000e+02;1.8464126e-02;3.0250000e+02;3.7250720e-02;3.0250000e+02;6.1614323e-02;3.0250000e+02;9.0498902e-02;3.0250000e+02;1.2102749e-01;3.0250000e+02;1.5411951e-01;3.0250000e+02;1.8793829e-01;3.0250000e+02;2.2674042e-01;3.0250000e+02;2.6205322e-01;3.0250000e+02;2.8440914e-01;3.0250000e+02;2.8613436e-01;3.0250000e+02;2.6800379e-01;3.0250000e+02;2.3317429e-01;3.0250000e+02;1.8880139e-01;3.0250000e+02;1.3735677e-01;3.0250000e+02;8.9843959e-02;3.0250000e+02;4.8391327e-02;3.0250000e+02;4.4617048e-03;3.0250000e+02;1.8464126e-02;3.0250000e+02;3.7250720e-02;3.0250000e+02;6.1614323e-02;3.0250000e+02;9.0498902e-02;3.0250000e+02;1.2102749e-01;3.0250000e+02;1.5411951e-01;3.0250000e+02;1.8793829e-01;3.0250000e+02;2.2674042e-01;3.0250000e+02;2.6205322e-01;3.0250000e+02;2.8440914e-01;3.0250000e+02;2.8613436e-01;3.0250000e+02;2.6800379e-01;3.0250000e+02;2.3317429e-01;3.0250000e+02;1.8880139e-01;3.0250000e+02;1.3735677e-01;3.0250000e+02;8.9843959e-02;3.0250000e+02;4.8391327e-02;3.0250000e+02;4.4617048e-03;3.0250000e+02;1.8464126e-02;3.0250000e+02;3.7250720e-02;3.0250000e+02;6.1614323e-02;3.0250000e+02;9.0498902e-02;3.0250000e+02;1.2102749e-01;3.0250000e+02;1.5411951e-01;3.0250000e+02;1.8793829e-01;3.0250000e+02;2.2674042e-01;3.0250000e+02;2.6205322e-01;3.0250000e+02;2.8440914e-01;3.0250000e+02;2.8613436e-01;3.0250000e+02;2.6800379e-01;3.0250000e+02;2.3317429e-01;3.0250000e+02;1.8880139e-01;3.0250000e+02;1.3735677e-01;3.0250000e+02;8.9843959e-02;3.0250000e+02;4.8391327e-02;3.0250000e+02;4.4617048e-03;3.0250000e+02;1.8464126e-02;3.0250000e+02;3.7250720e-02;3.0250000e+02;6.1614323e-02;3.0250000e+02;9.0498902e-02;3.0250000e+02;1.2102749e-01;3.0250000e+02;1.5411951e-01;3.0250000e+02;1.8793829e-01;3.0250000e+02;2.2674042e-01;3.0250000e+02;2.6205322e-01;3.0250000e+02;2.8440914e-01;3.0250000e+02;2.8613436e-01;3.0250000e+02;2.6800379e-01;3.0250000e+02;2.3317429e-01;3.0250000e+02;1.8880139e-01;3.0250000e+02;1.3735677e-01;3.0250000e+02;8.9843959e-02;3.0250000e+02;4.8391327e-02;3.0250000e+02;4.4617048e-03;3.0250000e+02;1.8464126e-02;3.0250000e+02;3.7250720e-02;3.0250000e+02;6.1614323e-02;3.0250000e+02;9.0498902e-02;3.0250000e+02;1.2102749e-01;3.0250000e+02;1.5411951e-01;3.0250000e+02;1.8793829e-01;3.0250000e+02;2.2674042e-01;3.0250000e+02;2.6205322e-01;3.0250000e+02;2.8440914e-01;3.0250000e+02;2.8613436e-01;3.0250000e+02;2.6800379e-01;3.0250000e+02;2.3317429e-01;3.0250000e+02;1.8880139e-01;3.0250000e+02;1.3735677e-01;3.0250000e+02;8.9843959e-02;3.0250000e+02;4.8391327e-02;3.0250000e+02;4.4617048e-03;3.0250000e+02;1.8464126e-02;3.0250000e+02;3.7250720e-02;3.0250000e+02;6.1614323e-02;3.0250000e+02;9.0498902e-02;3.0250000e+02;1.2102749e-01;3.0250000e+02;1.5411951e-01;3.0250000e+02;1.8793829e-01;3.0250000e+02;2.2674042e-01;3.0250000e+02;2.6205322e-01;3.0250000e+02;2.8440914e-01;3.0250000e+02;2.8613436e-01;3.0250000e+02;2.6800379e-01;3.0250000e+02;2.3317429e-01;3.0250000e+02;1.8880139e-01;3.0250000e+02;1.3735677e-01;3.0250000e+02;8.9843959e-02;3.0250000e+02;4.8391327e-02;3.0250000e+02;4.4617048e-03;3.0250000e+02;1.8464126e-02;3.0250000e+02;3.7250720e-02;3.0250000e+02;6.1614323e-02;3.0250000e+02;9.0498902e-02;3.0250000e+02;1.2102749e-01;3.0250000e+02;1.5411951e-01;3.0250000e+02;1.8793829e-01;3.0250000e+02;2.2674042e-01;3.0250000e+02;2.6205322e-01;3.0250000e+02;2.8440914e-01;3.0250000e+02;2.8613436e-01;3.0250000e+02;2.6800379e-01;3.0250000e+02;2.3317429e-01;3.0250000e+02;1.8880139e-01;3.0250000e+02;1.3735677e-01;3.0250000e+02;8.9843959e-02;3.0250000e+02;4.8391327e-02;3.0250000e+02;4.4617048e-03;3.0250000e+02;1.8464126e-02;3.0250000e+02;3.7250720e-02;3.0250000e+02;6.1614323e-02;3.0250000e+02;9.0498902e-02;3.0250000e+02;1.2102749e-01;3.0250000e+02;1.5411951e-01;3.0250000e+02;1.8793829e-01;3.0250000e+02;2.2674042e-01;3.0250000e+02;2.6205322e-01;3.0250000e+02;2.8440914e-01;3.0250000e+02;2.8613436e-01;3.0250000e+02;2.6800379e-01;3.0250000e+02;2.3317429e-01;3.0250000e+02;1.8880139e-01;3.0250000e+02;1.3735677e-01;3.0250000e+02;8.9843959e-02;3.0250000e+02;4.8391327e-02;3.0250000e+02;4.4617048e-03;3.0250000e+02;1.8464126e-02;3.0250000e+02;3.7250720e-02;3.0250000e+02;6.1614323e-02;3.0250000e+02;9.0498902e-02;3.0250000e+02;1.2102749e-01;3.0250000e+02;1.5411951e-01;3.0250000e+02;1.8793829e-01;3.0250000e+02;2.2674042e-01;3.0250000e+02;2.6205322e-01;3.0250000e+02;2.8440914e-01;3.0250000e+02;2.8613436e-01;3.0250000e+02;2.6800379e-01;3.0250000e+02;2.3317429e-01;3.0250000e+02;1.8880139e-01;3.0250000e+02;1.3735677e-01;3.0250000e+02;8.9843959e-02;3.0250000e+02;4.8391327e-02;3.0250000e+02;4.4617048e-03;3.0250000e+02;1.8464126e-02;3.0250000e+02;3.7250720e-02;3.0250000e+02;6.1614323e-02;3.0250000e+02;9.0498902e-02;3.0250000e+02;1.2102749e-01;3.0250000e+02;1.5411951e-01;3.0250000e+02;1.8793829e-01;3.0250000e+02;2.2674042e-01;3.0250000e+02;2.6205322e-01;3.0250000e+02;2.8440914e-01;3.0250000e+02;2.8613436e-01;3.0250000e+02;2.6800379e-01;3.0250000e+02;2.3317429e-01;3.0250000e+02;1.8880139e-01;3.0250000e+02;1.3735677e-01;3.0250000e+02;8.9843959e-02;3.0250000e+02;4.8391327e-02;3.0250000e+02;4.4617048e-03;3.0250000e+02;1.8464126e-02;3.0250000e+02;3.7250720e-02;3.0250000e+02;6.1614323e-02;3.0250000e+02;9.0498902e-02;3.0250000e+02;1.2102749e-01;3.0250000e+02;1.5411951e-01;3.0250000e+02;1.8793829e-01;3.0250000e+02;2.2674042e-01;3.0250000e+02;2.6205322e-01;3.0250000e+02;2.8440914e-01;3.0250000e+02;2.8613436e-01;3.0250000e+02;2.6800379e-01;3.0250000e+02;2.3317429e-01;3.0250000e+02;1.8880139e-01;3.0250000e+02;1.3735677e-01;3.0250000e+02;8.9843959e-02;3.0250000e+02;4.8391327e-02;3.0250000e+02;4.4617048e-03;3.0250000e+02;1.8464126e-02;3.0250000e+02;3.7250720e-02;3.0250000e+02;6.1614323e-02;3.0250000e+02;9.0498902e-02;3.0250000e+02;1.2102749e-01;3.0250000e+02;1.5411951e-01;3.0250000e+02;1.8793829e-01;3.0250000e+02;2.2674042e-01;3.0250000e+02;2.6205322e-01;3.0250000e+02;2.8440914e-01;3.0250000e+02;2.8613436e-01;3.0250000e+02;2.6800379e-01;3.0250000e+02;2.3317429e-01;3.0250000e+02;1.8880139e-01;3.0250000e+02;1.3735677e-01;3.0250000e+02;8.9843959e-02;3.0250000e+02;4.8391327e-02;3.0250000e+02;4.4617048e-03;3.0250000e+02;1.8464126e-02;3.0250000e+02;3.7250720e-02;3.0250000e+02;6.1614323e-02;3.0250000e+02;9.0498902e-02;3.0250000e+02;1.2102749e-01;3.0250000e+02;1.5411951e-01;3.0250000e+02;1.8793829e-01;3.0250000e+02;2.2674042e-01;3.0250000e+02;2.6205322e-01;3.0250000e+02;2.8440914e-01;3.0250000e+02;2.8613436e-01;3.0250000e+02;2.6800379e-01;3.0250000e+02;2.3317429e-01;3.0250000e+02;1.8880139e-01;3.0250000e+02;1.3735677e-01;3.0250000e+02;8.9843959e-02;3.0250000e+02;4.8391327e-02;3.0250000e+02;4.4617048e-03;3.0250000e+02;1.8464126e-02;3.0250000e+02;3.7250720e-02;3.0250000e+02;6.1614323e-02;3.0250000e+02;9.0498902e-02;3.0250000e+02;1.2102749e-01;3.0250000e+02;1.5411951e-01;3.0250000e+02;1.8793829e-01;3.0250000e+02;2.2674042e-01;3.0250000e+02;2.6205322e-01;3.0250000e+02;2.8440914e-01;3.0250000e+02;2.8613436e-01;3.0250000e+02;2.6800379e-01;3.0250000e+02;2.3317429e-01;3.0250000e+02;1.8880139e-01;3.0250000e+02;1.3735677e-01;3.0250000e+02;8.9843959e-02;3.0250000e+02;4.8391327e-02;3.0250000e+02;4.4617048e-03;3.0250000e+02;1.8464126e-02;3.0250000e+02;3.7250720e-02;3.0250000e+02;6.1614323e-02;3.0250000e+02;9.0498902e-02;3.0250000e+02;1.2102749e-01;3.0250000e+02;1.5411951e-01;3.0250000e+02;1.8793829e-01;3.0250000e+02;2.2674042e-01;3.0250000e+02;2.6205322e-01;3.0250000e+02;2.8440914e-01;3.0250000e+02;2.8613436e-01;3.0250000e+02;2.6800379e-01;3.0250000e+02;2.3317429e-01;3.0250000e+02;1.8880139e-01;3.0250000e+02;1.3735677e-01;3.0250000e+02;8.9843959e-02;3.0250000e+02;4.8391327e-02;3.0250000e+02;4.4617048e-03;3.0250000e+02;1.8464126e-02;3.0250000e+02;3.7250720e-02;3.0250000e+02;6.1614323e-02;3.0250000e+02;9.0498902e-02;3.0250000e+02;1.2102749e-01;3.0250000e+02;1.5411951e-01;3.0250000e+02;1.8793829e-01;3.0250000e+02;2.2674042e-01;3.0250000e+02;2.6205322e-01;3.0250000e+02;2.8440914e-01;3.0250000e+02;2.8613436e-01;3.0250000e+02;2.6800379e-01;3.0250000e+02;2.3317429e-01;3.0250000e+02;1.8880139e-01;3.0250000e+02;1.3735677e-01;3.0250000e+02;8.9843959e-02;3.0250000e+02;4.8391327e-02;3.0250000e+02;4.4617048e-03;3.0250000e+02;1.8464126e-02;3.0250000e+02;3.7250720e-02;3.0250000e+02;6.1614323e-02;3.0250000e+02;9.0498902e-02;3.0250000e+02;1.2102749e-01;3.0250000e+02;1.5411951e-01;3.0250000e+02;1.8793829e-01;3.0250000e+02;2.2674042e-01;3.0250000e+02;2.6205322e-01;3.0250000e+02;2.8440914e-01;3.0250000e+02;2.8613436e-01;3.0250000e+02;2.6800379e-01;3.0250000e+02;2.3317429e-01;3.0250000e+02;1.8880139e-01;3.0250000e+02;1.3735677e-01;3.0250000e+02;8.9843959e-02;3.0250000e+02;4.8391327e-02;3.0250000e+02;4.4617048e-03;3.0250000e+02;1.8464126e-02;3.0250000e+02;3.7250720e-02;3.0250000e+02;6.1614323e-02;3.0250000e+02;9.0498902e-02;3.0250000e+02;1.2102749e-01;3.0250000e+02;1.5411951e-01;3.0250000e+02;1.8793829e-01;3.0250000e+02;2.2674042e-01;3.0250000e+02;2.6205322e-01;3.0250000e+02;2.8440914e-01;3.0250000e+02;2.8613436e-01;3.0250000e+02;2.6800379e-01;3.0250000e+02;2.3317429e-01;3.0250000e+02;1.8880139e-01;3.0250000e+02;1.3735677e-01;3.0250000e+02;8.9843959e-02;3.0250000e+02;4.8391327e-02;3.0250000e+02;4.4617048e-03;3.0250000e+02;1.8464126e-02;3.0250000e+02;3.7250720e-02;3.0250000e+02;6.1614323e-02;3.0250000e+02;9.0498902e-02;3.0250000e+02;1.2102749e-01;3.0250000e+02;1.5411951e-01;3.0250000e+02;1.8793829e-01;3.0250000e+02;2.2674042e-01;3.0250000e+02;2.6205322e-01;3.0250000e+02;2.8440914e-01;3.0250000e+02;2.8613436e-01;3.0250000e+02;2.6800379e-01;3.0250000e+02;2.3317429e-01;3.0250000e+02;1.8880139e-01;3.0250000e+02;1.3735677e-01;3.0250000e+02;8.9843959e-02;3.0250000e+02;4.8391327e-02;3.0250000e+02;4.4617048e-03;3.0250000e+02;1.8464126e-02;3.0250000e+02;3.7250720e-02;3.0250000e+02;6.1614323e-02;3.0250000e+02;9.0498902e-02;3.0250000e+02;1.2102749e-01;3.0250000e+02;1.5411951e-01;3.0250000e+02;1.8793829e-01;3.0250000e+02;2.2674042e-01;3.0250000e+02;2.6205322e-01;3.0250000e+02;2.8440914e-01;3.0250000e+02;2.8613436e-01;3.0250000e+02;2.6800379e-01;3.0250000e+02;2.3317429e-01;3.0250000e+02;1.8880139e-01;3.0250000e+02;1.3735677e-01;3.0250000e+02;8.9843959e-02;3.0250000e+02;4.8391327e-02;3.0250000e+02;4.4617048e-03;3.0250000e+02;1.8464126e-02;3.0250000e+02;3.7250720e-02;3.0250000e+02;6.1614323e-02;3.0250000e+02;9.0498902e-02;3.0250000e+02;1.2102749e-01;3.0250000e+02;1.5411951e-01;3.0250000e+02;1.8793829e-01;3.0250000e+02;2.2674042e-01;3.0250000e+02;2.6205322e-01;3.0250000e+02;2.8440914e-01;3.0250000e+02;2.8613436e-01;3.0250000e+02;2.6800379e-01;3.0250000e+02;2.3317429e-01;3.0250000e+02;1.8880139e-01;3.0250000e+02;1.3735677e-01;3.0250000e+02;8.9843959e-02;3.0250000e+02;4.8391327e-02;3.0250000e+02;4.4617048e-03;3.0250000e+02;1.8464126e-02;3.0250000e+02;3.7250720e-02;3.0250000e+02;6.1614323e-02;3.0250000e+02;9.0498902e-02;3.0250000e+02;1.2102749e-01;3.0250000e+02;1.5411951e-01;3.0250000e+02;1.8793829e-01;3.0250000e+02;2.2674042e-01;3.0250000e+02;2.6205322e-01;3.0250000e+02;2.8440914e-01;3.0250000e+02;2.8613436e-01;3.0250000e+02;2.6800379e-01;3.0250000e+02;2.3317429e-01;3.0250000e+02;1.8880139e-01;3.0250000e+02;1.3735677e-01;3.0250000e+02;8.9843959e-02;3.0250000e+02;4.8391327e-02;3.0250000e+02;4.4617048e-03;3.0250000e+02;1.8464126e-02;3.0250000e+02;3.7250720e-02;3.0250000e+02;6.1614323e-02;3.0250000e+02;9.0498902e-02;3.0250000e+02;1.2102749e-01;3.0250000e+02;1.5411951e-01;3.0250000e+02;1.8793829e-01;3.0250000e+02;2.2674042e-01;3.0250000e+02;2.6205322e-01;3.0250000e+02;2.8440914e-01;3.0250000e+02;2.8613436e-01;3.0250000e+02;2.6800379e-01;3.0250000e+02;2.3317429e-01;3.0250000e+02;1.8880139e-01;3.0250000e+02;1.3735677e-01;3.0250000e+02;8.9843959e-02;3.0250000e+02;4.8391327e-02;3.0250000e+02;4.4617048e-03;3.0250000e+02;1.8464126e-02;3.0250000e+02;3.7250720e-02;3.0250000e+02;6.1614323e-02;3.0250000e+02;9.0498902e-02;3.0250000e+02;1.2102749e-01;3.0250000e+02;1.5411951e-01;3.0250000e+02;1.8793829e-01;3.0250000e+02;2.2674042e-01;3.0250000e+02;2.6205322e-01;3.0250000e+02;2.8440914e-01;3.0250000e+02;2.8613436e-01;3.0250000e+02;2.6800379e-01;3.0250000e+02;2.3317429e-01;3.0250000e+02;1.8880139e-01;3.0250000e+02;1.3735677e-01;3.0250000e+02;8.9843959e-02;3.0250000e+02;4.8391327e-02;3.0250000e+02;4.4617048e-03;3.0250000e+02;1.8464126e-02;3.0250000e+02;3.7250720e-02;3.0250000e+02;6.1614323e-02;3.0250000e+02;9.0498902e-02;3.0250000e+02;1.2102749e-01;3.0250000e+02;1.5411951e-01;3.0250000e+02;1.8793829e-01;3.0250000e+02;2.2674042e-01;3.0250000e+02;2.6205322e-01;3.0250000e+02;2.8440914e-01;3.0250000e+02;2.8613436e-01;3.0250000e+02;2.6800379e-01;3.0250000e+02;2.3317429e-01;3.0250000e+02;1.8880139e-01;3.0250000e+02;1.3735677e-01;3.0250000e+02;8.9843959e-02;3.0250000e+02;4.8391327e-02;3.0250000e+02;4.4617048e-03;3.0250000e+02;1.8464126e-02;3.0250000e+02;3.7250720e-02;3.0250000e+02;6.1614323e-02;3.0250000e+02;9.0498902e-02;3.0250000e+02;1.2102749e-01;3.0250000e+02;1.5411951e-01;3.0250000e+02;1.8793829e-01;3.0250000e+02;2.2674042e-01;3.0250000e+02;2.6205322e-01;3.0250000e+02;2.8440914e-01;3.0250000e+02;2.8613436e-01;3.0250000e+02;2.6800379e-01;3.0250000e+02;2.3317429e-01;3.0250000e+02;1.8880139e-01;3.0250000e+02;1.3735677e-01;3.0250000e+02;8.9843959e-02;3.0250000e+02;4.8391327e-02;3.0250000e+02;4.4617048e-03;3.0250000e+02;1.8464126e-02;3.0250000e+02;3.7250720e-02;3.0250000e+02;6.1614323e-02;3.0250000e+02;9.0498902e-02;3.0250000e+02;1.2102749e-01;3.0250000e+02;1.5411951e-01;3.0250000e+02;1.8793829e-01;3.0250000e+02;2.2674042e-01;3.0250000e+02;2.6205322e-01;3.0250000e+02;2.8440914e-01;3.0250000e+02;2.8613436e-01;3.0250000e+02;2.6800379e-01;3.0250000e+02;2.3317429e-01;3.0250000e+02;1.8880139e-01;3.0250000e+02;1.3735677e-01;3.0250000e+02;8.9843959e-02;3.0250000e+02;4.8391327e-02;3.0250000e+02;4.4617048e-03;3.0250000e+02;1.8464126e-02;3.0250000e+02;3.7250720e-02;3.0250000e+02;6.1614323e-02;3.0250000e+02;9.0498902e-02;3.0250000e+02;1.2102749e-01;3.0250000e+02;1.5411951e-01;3.0250000e+02;1.8793829e-01;3.0250000e+02;2.2674042e-01;3.0250000e+02;2.6205322e-01;3.0250000e+02;2.8440914e-01;3.0250000e+02;2.8613436e-01;3.0250000e+02;2.6800379e-01;3.0250000e+02;2.3317429e-01;3.0250000e+02;1.8880139e-01;3.0250000e+02;1.3735677e-01;3.0250000e+02;8.9843959e-02;3.0250000e+02;4.8391327e-02;3.0250000e+02;4.4617048e-03;3.0250000e+02;1.8464126e-02;3.0250000e+02;3.7250720e-02;3.0250000e+02;6.1614323e-02;3.0250000e+02;9.0498902e-02;3.0250000e+02;1.2102749e-01;3.0250000e+02;1.5411951e-01;3.0250000e+02;1.8793829e-01;3.0250000e+02;2.2674042e-01;3.0250000e+02;2.6205322e-01;3.0250000e+02;2.8440914e-01;3.0250000e+02;2.8613436e-01;3.0250000e+02;2.6800379e-01;3.0250000e+02;2.3317429e-01;3.0250000e+02;1.8880139e-01;3.0250000e+02;1.3735677e-01;3.0250000e+02;8.9843959e-02;3.0250000e+02;4.8391327e-02;3.0250000e+02;4.4617048e-03;3.0250000e+02;1.8464126e-02;3.0250000e+02;3.7250720e-02;3.0250000e+02;6.1614323e-02;3.0250000e+02;9.0498902e-02;3.0250000e+02;1.2102749e-01;3.0250000e+02;1.5411951e-01;3.0250000e+02;1.8793829e-01;3.0250000e+02;2.2674042e-01;3.0250000e+02;2.6205322e-01;3.0250000e+02;2.8440914e-01;3.0250000e+02;2.8613436e-01;3.0250000e+02;2.6800379e-01;3.0250000e+02;2.3317429e-01;3.0250000e+02;1.8880139e-01;3.0250000e+02;1.3735677e-01;3.0250000e+02;8.9843959e-02;3.0250000e+02;4.8391327e-02;3.0250000e+02;4.4617048e-03;3.0250000e+02;1.8464126e-02;3.0250000e+02;3.7250720e-02;3.0250000e+02;6.1614323e-02;3.0250000e+02;9.0498902e-02;3.0250000e+02;1.2102749e-01;3.0250000e+02;1.5411951e-01;3.0250000e+02;1.8793829e-01;3.0250000e+02;2.2674042e-01;3.0250000e+02;2.6205322e-01;3.0250000e+02;2.8440914e-01;3.0250000e+02;2.8613436e-01;3.0250000e+02;2.6800379e-01;3.0250000e+02;2.3317429e-01;3.0250000e+02;1.8880139e-01;3.0250000e+02;1.3735677e-01;3.0250000e+02;8.9843959e-02;3.0250000e+02;4.8391327e-02;3.0250000e+02;4.4617048e-03;3.0250000e+02;1.8464126e-02;3.0250000e+02;3.7250720e-02;3.0250000e+02;6.1614323e-02;3.0250000e+02;9.0498902e-02;3.0250000e+02;1.2102749e-01;3.0250000e+02;1.5411951e-01;3.0250000e+02;1.8793829e-01;3.0250000e+02;2.2674042e-01;3.0250000e+02;2.6205322e-01;3.0250000e+02;2.8440914e-01;3.0250000e+02;2.8613436e-01;3.0250000e+02;2.6800379e-01;3.0250000e+02;2.3317429e-01;3.0250000e+02;1.8880139e-01;3.0250000e+02;1.3735677e-01;3.0250000e+02;8.9843959e-02;3.0250000e+02;4.8391327e-02;3.0250000e+02;4.4617048e-03;3.0250000e+02;1.8464126e-02;3.0250000e+02;3.7250720e-02;3.0250000e+02;6.1614323e-02;3.0250000e+02;9.0498902e-02;3.0250000e+02;1.2102749e-01;3.0250000e+02;1.5411951e-01;3.0250000e+02;1.8793829e-01;3.0250000e+02;2.2674042e-01;3.0250000e+02;2.6205322e-01;3.0250000e+02;2.8440914e-01;3.0250000e+02;2.8613436e-01;3.0250000e+02;2.6800379e-01;3.0250000e+02;2.3317429e-01;3.0250000e+02;1.8880139e-01;3.0250000e+02;1.3735677e-01;3.0250000e+02;8.9843959e-02;3.0250000e+02;4.8391327e-02;3.0250000e+02;4.4617048e-03;3.0250000e+02;1.8464126e-02;3.0250000e+02;3.7250720e-02;3.0250000e+02;6.1614323e-02;3.0250000e+02;9.0498902e-02;3.0250000e+02;1.2102749e-01;3.0250000e+02;1.5411951e-01;3.0250000e+02;1.8793829e-01;3.0250000e+02;2.2674042e-01;3.0250000e+02;2.6205322e-01;3.0250000e+02;2.8440914e-01;3.0250000e+02;2.8613436e-01;3.0250000e+02;2.6800379e-01;3.0250000e+02;2.3317429e-01;3.0250000e+02;1.8880139e-01;3.0250000e+02;1.3735677e-01;3.0250000e+02;8.9843959e-02;3.0250000e+02;4.8391327e-02;3.0250000e+02;4.4617048e-03;3.0250000e+02;1.8464126e-02;3.0250000e+02;3.7250720e-02;3.0250000e+02;6.1614323e-02;3.0250000e+02;9.0498902e-02;3.0250000e+02;1.2102749e-01;3.0250000e+02;1.5411951e-01;3.0250000e+02;1.8793829e-01;3.0250000e+02;2.2674042e-01;3.0250000e+02;2.6205322e-01;3.0250000e+02;2.8440914e-01;3.0250000e+02;2.8613436e-01;3.0250000e+02;2.6800379e-01;3.0250000e+02;2.3317429e-01;3.0250000e+02;1.8880139e-01;3.0250000e+02;1.3735677e-01;3.0250000e+02;8.9843959e-02;3.0250000e+02;4.8391327e-02;3.0250000e+02;4.4617048e-03;3.0250000e+02;1.8464126e-02;3.0250000e+02;3.7250720e-02;3.0250000e+02;6.1614323e-02;3.0250000e+02;9.0498902e-02;3.0250000e+02;1.2102749e-01;3.0250000e+02;1.5411951e-01;3.0250000e+02;1.8793829e-01;3.0250000e+02;2.2674042e-01;3.0250000e+02;2.6205322e-01;3.0250000e+02;2.8440914e-01;3.0250000e+02;2.8613436e-01;3.0250000e+02;2.6800379e-01;3.0250000e+02;2.3317429e-01;3.0250000e+02;1.8880139e-01;3.0250000e+02;1.3735677e-01;3.0250000e+02;8.9843959e-02;3.0250000e+02;4.8391327e-02;3.0250000e+02;4.4617048e-03;3.0250000e+02;1.8464126e-02;3.0250000e+02;3.7250720e-02;3.0250000e+02;6.1614323e-02;3.0250000e+02;9.0498902e-02;3.0250000e+02;1.2102749e-01;3.0250000e+02;1.5411951e-01;3.0250000e+02;1.8793829e-01;3.0250000e+02;2.2674042e-01;3.0250000e+02;2.6205322e-01;3.0250000e+02;2.8440914e-01;3.0250000e+02;2.8613436e-01;3.0250000e+02;2.6800379e-01;3.0250000e+02;2.3317429e-01;3.0250000e+02;1.8880139e-01;3.0250000e+02;1.3735677e-01;3.0250000e+02;8.9843959e-02;3.0250000e+02;4.8391327e-02;3.0250000e+02;4.4617048e-03;3.0250000e+02;1.8464126e-02;3.0250000e+02;3.7250720e-02;3.0250000e+02;6.1614323e-02;3.0250000e+02;9.0498902e-02;3.0250000e+02;1.2102749e-01;3.0250000e+02;1.5411951e-01;3.0250000e+02;1.8793829e-01;3.0250000e+02;2.2674042e-01;3.0250000e+02;2.6205322e-01;3.0250000e+02;2.8440914e-01;3.0250000e+02;2.8613436e-01;3.0250000e+02;2.6800379e-01;3.0250000e+02;2.3317429e-01;3.0250000e+02;1.8880139e-01;3.0250000e+02;1.3735677e-01;3.0250000e+02;8.9843959e-02;3.0250000e+02;4.8391327e-02;3.0250000e+02;4.4617048e-03;3.0250000e+02;1.8464126e-02;3.0250000e+02;3.7250720e-02;3.0250000e+02;6.1614323e-02;3.0250000e+02;9.0498902e-02;3.0250000e+02;1.2102749e-01;3.0250000e+02;1.5411951e-01;3.0250000e+02;1.8793829e-01;3.0250000e+02;2.2674042e-01;3.0250000e+02;2.6205322e-01;3.0250000e+02;2.8440914e-01;3.0250000e+02;2.8613436e-01;3.0250000e+02;2.6800379e-01;3.0250000e+02;2.3317429e-01;3.0250000e+02;1.8880139e-01;3.0250000e+02;1.3735677e-01;3.0250000e+02;8.9843959e-02;3.0250000e+02;4.8391327e-02;3.0250000e+02;4.4617048e-03;3.0250000e+02;1.8464126e-02;3.0250000e+02;3.7250720e-02;3.0250000e+02;6.1614323e-02;3.0250000e+02;9.0498902e-02;3.0250000e+02;1.2102749e-01;3.0250000e+02;1.5411951e-01;3.0250000e+02;1.8793829e-01;3.0250000e+02;2.2674042e-01;3.0250000e+02;2.6205322e-01;3.0250000e+02;2.8440914e-01;3.0250000e+02;2.8613436e-01;3.0250000e+02;2.6800379e-01;3.0250000e+02;2.3317429e-01;3.0250000e+02;1.8880139e-01;3.0250000e+02;1.3735677e-01;3.0250000e+02;8.9843959e-02;3.0250000e+02;4.8391327e-02;3.0250000e+02;4.4617048e-03;3.0250000e+02;1.8464126e-02;3.0250000e+02;3.7250720e-02;3.0250000e+02;6.1614323e-02;3.0250000e+02;9.0498902e-02;3.0250000e+02;1.2102749e-01;3.0250000e+02;1.5411951e-01;3.0250000e+02;1.8793829e-01;3.0250000e+02;2.2674042e-01;3.0250000e+02;2.6205322e-01;3.0250000e+02;2.8440914e-01;3.0250000e+02;2.8613436e-01;3.0250000e+02;2.6800379e-01;3.0250000e+02;2.3317429e-01;3.0250000e+02;1.8880139e-01;3.0250000e+02;1.3735677e-01;3.0250000e+02;8.9843959e-02;3.0250000e+02;4.8391327e-02;3.0250000e+02;4.4617048e-03;3.0250000e+02;1.8464126e-02;3.0250000e+02;3.7250720e-02;3.0250000e+02;6.1614323e-02;3.0250000e+02;9.0498902e-02;3.0250000e+02;1.2102749e-01;3.0250000e+02;1.5411951e-01;3.0250000e+02;1.8793829e-01;3.0250000e+02;2.2674042e-01;3.0250000e+02;2.6205322e-01;3.0250000e+02;2.8440914e-01;3.0250000e+02;2.8613436e-01;3.0250000e+02;2.6800379e-01;3.0250000e+02;2.3317429e-01;3.0250000e+02;1.8880139e-01;3.0250000e+02;1.3735677e-01;3.0250000e+02;8.9843959e-02;3.0250000e+02;4.8391327e-02;3.0250000e+02;4.4617048e-03;3.0250000e+02;1.8464126e-02;3.0250000e+02;3.7250720e-02;3.0250000e+02;6.1614323e-02;3.0250000e+02;9.0498902e-02;3.0250000e+02;1.2102749e-01;3.0250000e+02;1.5411951e-01;3.0250000e+02;1.8793829e-01;3.0250000e+02;2.2674042e-01;3.0250000e+02;2.6205322e-01;3.0250000e+02;2.8440914e-01;3.0250000e+02;2.8613436e-01;3.0250000e+02;2.6800379e-01;3.0250000e+02;2.3317429e-01;3.0250000e+02;1.8880139e-01;3.0250000e+02;1.3735677e-01;3.0250000e+02;8.9843959e-02;3.0250000e+02;4.8391327e-02;3.0250000e+02;4.4617048e-03;3.0250000e+02;1.8464126e-02;3.0250000e+02;3.7250720e-02;3.0250000e+02;6.1614323e-02;3.0250000e+02;9.0498902e-02;3.0250000e+02;1.2102749e-01;3.0250000e+02;1.5411951e-01;3.0250000e+02;1.8793829e-01;3.0250000e+02;2.2674042e-01;3.0250000e+02;2.6205322e-01;3.0250000e+02;2.8440914e-01;3.0250000e+02;2.8613436e-01;3.0250000e+02;2.6800379e-01;3.0250000e+02;2.3317429e-01;3.0250000e+02;1.8880139e-01;3.0250000e+02;1.3735677e-01;3.0250000e+02;8.9843959e-02;3.0250000e+02;4.8391327e-02;3.0250000e+02;4.4617048e-03;3.0250000e+02;1.8464126e-02;3.0250000e+02;3.7250720e-02;3.0250000e+02;6.1614323e-02;3.0250000e+02;9.0498902e-02;3.0250000e+02;1.2102749e-01;3.0250000e+02;1.5411951e-01;3.0250000e+02;1.8793829e-01;3.0250000e+02;2.2674042e-01;3.0250000e+02;2.6205322e-01;3.0250000e+02;2.8440914e-01;3.0250000e+02;2.8613436e-01;3.0250000e+02;2.6800379e-01;3.0250000e+02;2.3317429e-01;3.0250000e+02;1.8880139e-01;3.0250000e+02;1.3735677e-01;3.0250000e+02;8.9843959e-02;3.0250000e+02;4.8391327e-02;3.0250000e+02;4.4617048e-03;3.0250000e+02;1.8464126e-02;3.0250000e+02;3.7250720e-02;3.0250000e+02;6.1614323e-02;3.0250000e+02;9.0498902e-02;3.0250000e+02;1.2102749e-01;3.0250000e+02;1.5411951e-01;3.0250000e+02;1.8793829e-01;3.0250000e+02;2.2674042e-01;3.0250000e+02;2.6205322e-01;3.0250000e+02;2.8440914e-01;3.0250000e+02;2.8613436e-01;3.0250000e+02;2.6800379e-01;3.0250000e+02;2.3317429e-01;3.0250000e+02;1.8880139e-01;3.0250000e+02;1.3735677e-01;3.0250000e+02;8.9843959e-02;3.0250000e+02;4.8391327e-02;3.0250000e+02;4.4617048e-03;3.0250000e+02;1.8464126e-02;3.0250000e+02;3.7250720e-02;3.0250000e+02;6.1614323e-02;3.0250000e+02;9.0498902e-02;3.0250000e+02;1.2102749e-01;3.0250000e+02;1.5411951e-01;3.0250000e+02;1.8793829e-01;3.0250000e+02;2.2674042e-01;3.0250000e+02;2.6205322e-01;3.0250000e+02;2.8440914e-01;3.0250000e+02;2.8613436e-01;3.0250000e+02;2.6800379e-01;3.0250000e+02;2.3317429e-01;3.0250000e+02;1.8880139e-01;3.0250000e+02;1.3735677e-01;3.0250000e+02;8.9843959e-02;3.0250000e+02;4.8391327e-02;3.0250000e+02;4.4617048e-03;3.0250000e+02;1.8464126e-02;3.0250000e+02;3.7250720e-02;3.0250000e+02;6.1614323e-02;3.0250000e+02;9.0498902e-02;3.0250000e+02;1.2102749e-01;3.0250000e+02;1.5411951e-01;3.0250000e+02;1.8793829e-01;3.0250000e+02;2.2674042e-01;3.0250000e+02;2.6205322e-01;3.0250000e+02;2.8440914e-01;3.0250000e+02;2.8613436e-01;3.0250000e+02;2.6800379e-01;3.0250000e+02;2.3317429e-01;3.0250000e+02;1.8880139e-01;3.0250000e+02;1.3735677e-01;3.0250000e+02;8.9843959e-02;3.0250000e+02;4.8391327e-02;3.0250000e+02;4.4617048e-03;3.0250000e+02;1.8464126e-02;3.0250000e+02;3.7250720e-02;3.0250000e+02;6.1614323e-02;3.0250000e+02;9.0498902e-02;3.0250000e+02;1.2102749e-01;3.0250000e+02;1.5411951e-01;3.0250000e+02;1.8793829e-01;3.0250000e+02;2.2674042e-01;3.0250000e+02;2.6205322e-01;3.0250000e+02;2.8440914e-01;3.0250000e+02;2.8613436e-01;3.0250000e+02;2.6800379e-01;3.0250000e+02;2.3317429e-01;3.0250000e+02;1.8880139e-01;3.0250000e+02;1.3735677e-01;3.0250000e+02;8.9843959e-02;3.0250000e+02;4.8391327e-02;3.0250000e+02;4.4617048e-03;3.0250000e+02;1.8464126e-02;3.0250000e+02;3.7250720e-02;3.0250000e+02;6.1614323e-02;3.0250000e+02;9.0498902e-02;3.0250000e+02;1.2102749e-01;3.0250000e+02;1.5411951e-01;3.0250000e+02;1.8793829e-01;3.0250000e+02;2.2674042e-01;3.0250000e+02;2.6205322e-01;3.0250000e+02;2.8440914e-01;3.0250000e+02;2.8613436e-01;3.0250000e+02;2.6800379e-01;3.0250000e+02;2.3317429e-01;3.0250000e+02;1.8880139e-01;3.0250000e+02;1.3735677e-01;3.0250000e+02;8.9843959e-02;3.0250000e+02;4.8391327e-02;3.0250000e+02;4.4617048e-03;3.0250000e+02;1.8464126e-02;3.0250000e+02;3.7250720e-02;3.0250000e+02;6.1614323e-02;3.0250000e+02;9.0498902e-02;3.0250000e+02;1.2102749e-01;3.0250000e+02;1.5411951e-01;3.0250000e+02;1.8793829e-01;3.0250000e+02;2.2674042e-01;3.0250000e+02;2.6205322e-01;3.0250000e+02;2.8440914e-01;3.0250000e+02;2.8613436e-01;3.0250000e+02;2.6800379e-01;3.0250000e+02;2.3317429e-01;3.0250000e+02;1.8880139e-01;3.0250000e+02;1.3735677e-01;3.0250000e+02;8.9843959e-02;3.0250000e+02;4.8391327e-02;3.0250000e+02;4.4617048e-03;3.0250000e+02;1.8464126e-02;3.0250000e+02;3.7250720e-02;3.0250000e+02;6.1614323e-02;3.0250000e+02;9.0498902e-02;3.0250000e+02;1.2102749e-01;3.0250000e+02;1.5411951e-01;3.0250000e+02;1.8793829e-01;3.0250000e+02;2.2674042e-01;3.0250000e+02;2.6205322e-01;3.0250000e+02;2.8440914e-01;3.0250000e+02;2.8613436e-01;3.0250000e+02;2.6800379e-01;3.0250000e+02;2.3317429e-01;3.0250000e+02;1.8880139e-01;3.0250000e+02;1.3735677e-01;3.0250000e+02;8.9843959e-02;3.0250000e+02;4.8391327e-02;3.0250000e+02;4.4617048e-03;3.0250000e+02;1.8464126e-02;3.0250000e+02;3.7250720e-02;3.0250000e+02;6.1614323e-02;3.0250000e+02;9.0498902e-02;3.0250000e+02;1.2102749e-01;3.0250000e+02;1.5411951e-01;3.0250000e+02;1.8793829e-01;3.0250000e+02;2.2674042e-01;3.0250000e+02;2.6205322e-01;3.0250000e+02;2.8440914e-01;3.0250000e+02;2.8613436e-01;3.0250000e+02;2.6800379e-01;3.0250000e+02;2.3317429e-01;3.0250000e+02;1.8880139e-01;3.0250000e+02;1.3735677e-01;3.0250000e+02;8.9843959e-02;3.0250000e+02;4.8391327e-02;3.0250000e+02;4.4617048e-03;3.0250000e+02;1.8464126e-02;3.0250000e+02;3.7250720e-02;3.0250000e+02;6.1614323e-02;3.0250000e+02;9.0498902e-02;3.0250000e+02;1.2102749e-01;3.0250000e+02;1.5411951e-01;3.0250000e+02;1.8793829e-01;3.0250000e+02;2.2674042e-01;3.0250000e+02;2.6205322e-01;3.0250000e+02;2.8440914e-01;3.0250000e+02;2.8613436e-01;3.0250000e+02;2.6800379e-01;3.0250000e+02;2.3317429e-01;3.0250000e+02;1.8880139e-01;3.0250000e+02;1.3735677e-01;3.0250000e+02;8.9843959e-02;3.0250000e+02;4.8391327e-02;3.0250000e+02;4.4617048e-03;3.0250000e+02;1.8464126e-02;3.0250000e+02;3.7250720e-02;3.0250000e+02;6.1614323e-02;3.0250000e+02;9.0498902e-02;3.0250000e+02;1.2102749e-01;3.0250000e+02;1.5411951e-01;3.0250000e+02;1.8793829e-01;3.0250000e+02;2.2674042e-01;3.0250000e+02;2.6205322e-01;3.0250000e+02;2.8440914e-01;3.0250000e+02;2.8613436e-01;3.0250000e+02;2.6800379e-01;3.0250000e+02;2.3317429e-01;3.0250000e+02;1.8880139e-01;3.0250000e+02;1.3735677e-01;3.0250000e+02;8.9843959e-02;3.0250000e+02;4.8391327e-02;3.0250000e+02;4.4617048e-03;3.0250000e+02;1.8464126e-02;3.0250000e+02;3.7250720e-02;3.0250000e+02;6.1614323e-02;3.0250000e+02;9.0498902e-02;3.0250000e+02;1.2102749e-01;3.0250000e+02;1.5411951e-01;3.0250000e+02;1.8793829e-01;3.0250000e+02;2.2674042e-01;3.0250000e+02;2.6205322e-01;3.0250000e+02;2.8440914e-01;3.0250000e+02;2.8613436e-01;3.0250000e+02;2.6800379e-01;3.0250000e+02;2.3317429e-01;3.0250000e+02;1.8880139e-01;3.0250000e+02;1.3735677e-01;3.0250000e+02;8.9843959e-02;3.0250000e+02;4.8391327e-02;3.0250000e+02;4.4617048e-03;3.0250000e+02;1.8464126e-02;3.0250000e+02;3.7250720e-02;3.0250000e+02;6.1614323e-02;3.0250000e+02;9.0498902e-02;3.0250000e+02;1.2102749e-01;3.0250000e+02;1.5411951e-01;3.0250000e+02;1.8793829e-01;3.0250000e+02;2.2674042e-01;3.0250000e+02;2.6205322e-01;3.0250000e+02;2.8440914e-01;3.0250000e+02;2.8613436e-01;3.0250000e+02;2.6800379e-01;3.0250000e+02;2.3317429e-01;3.0250000e+02;1.8880139e-01;3.0250000e+02;1.3735677e-01;3.0250000e+02;8.9843959e-02;3.0250000e+02;4.8391327e-02;3.0250000e+02;4.4617048e-03;3.0250000e+02;1.8464126e-02;3.0250000e+02;3.7250720e-02;3.0250000e+02;6.1614323e-02;3.0250000e+02;9.0498902e-02;3.0250000e+02;1.2102749e-01;3.0250000e+02;1.5411951e-01;3.0250000e+02;1.8793829e-01;3.0250000e+02;2.2674042e-01;3.0250000e+02;2.6205322e-01;3.0250000e+02;2.8440914e-01;3.0250000e+02;2.8613436e-01;3.0250000e+02;2.6800379e-01;3.0250000e+02;2.3317429e-01;3.0250000e+02;1.8880139e-01;3.0250000e+02;1.3735677e-01;3.0250000e+02;8.9843959e-02;3.0250000e+02;4.8391327e-02;3.0250000e+02;4.4617048e-03;3.0250000e+02;1.8464126e-02;3.0250000e+02;3.7250720e-02;3.0250000e+02;6.1614323e-02;3.0250000e+02;9.0498902e-02;3.0250000e+02;1.2102749e-01;3.0250000e+02;1.5411951e-01;3.0250000e+02;1.8793829e-01;3.0250000e+02;2.2674042e-01;3.0250000e+02;2.6205322e-01;3.0250000e+02;2.8440914e-01;3.0250000e+02;2.8613436e-01;3.0250000e+02;2.6800379e-01;3.0250000e+02;2.3317429e-01;3.0250000e+02;1.8880139e-01;3.0250000e+02;1.3735677e-01;3.0250000e+02;8.9843959e-02;3.0250000e+02;4.8391327e-02;3.0250000e+02;4.4617048e-03;3.0250000e+02;1.8464126e-02;3.0250000e+02;3.7250720e-02;3.0250000e+02;6.1614323e-02;3.0250000e+02;9.0498902e-02;3.0250000e+02;1.2102749e-01;3.0250000e+02;1.5411951e-01;3.0250000e+02;1.8793829e-01;3.0250000e+02;2.2674042e-01;3.0250000e+02;2.6205322e-01;3.0250000e+02;2.8440914e-01;3.0250000e+02;2.8613436e-01;3.0250000e+02;2.6800379e-01;3.0250000e+02;2.3317429e-01;3.0250000e+02;1.8880139e-01;3.0250000e+02;1.3735677e-01;3.0250000e+02;8.9843959e-02;3.0250000e+02;4.8391327e-02;3.0250000e+02;4.4617048e-03;3.0250000e+02;1.8464126e-02;3.0250000e+02;3.7250720e-02;3.0250000e+02;6.1614323e-02;3.0250000e+02;9.0498902e-02;3.0250000e+02;1.2102749e-01;3.0250000e+02;1.5411951e-01;3.0250000e+02;1.8793829e-01;3.0250000e+02;2.2674042e-01;3.0250000e+02;2.6205322e-01;3.0250000e+02;2.8440914e-01;3.0250000e+02;2.8613436e-01;3.0250000e+02;2.6800379e-01;3.0250000e+02;2.3317429e-01;3.0250000e+02;1.8880139e-01;3.0250000e+02;1.3735677e-01;3.0250000e+02;8.9843959e-02;3.0250000e+02;4.8391327e-02;3.0250000e+02;4.4617048e-03;3.0250000e+02;1.8464126e-02;3.0250000e+02;3.7250720e-02;3.0250000e+02;6.1614323e-02;3.0250000e+02;9.0498902e-02;3.0250000e+02;1.2102749e-01;3.0250000e+02;1.5411951e-01;3.0250000e+02;1.8793829e-01;3.0250000e+02;2.2674042e-01;3.0250000e+02;2.6205322e-01;3.0250000e+02;2.8440914e-01;3.0250000e+02;2.8613436e-01;3.0250000e+02;2.6800379e-01;3.0250000e+02;2.3317429e-01;3.0250000e+02;1.8880139e-01;3.0250000e+02;1.3735677e-01;3.0250000e+02;8.9843959e-02;3.0250000e+02;4.8391327e-02;3.0250000e+02;4.4617048e-03;3.0250000e+02;1.8464126e-02;3.0250000e+02;3.7250720e-02;3.0250000e+02;6.1614323e-02;3.0250000e+02;9.0498902e-02;3.0250000e+02;1.2102749e-01;3.0250000e+02;1.5411951e-01;3.0250000e+02;1.8793829e-01;3.0250000e+02;2.2674042e-01;3.0250000e+02;2.6205322e-01;3.0250000e+02;2.8440914e-01;3.0250000e+02;2.8613436e-01;3.0250000e+02;2.6800379e-01;3.0250000e+02;2.3317429e-01;3.0250000e+02;1.8880139e-01;3.0250000e+02;1.3735677e-01;3.0250000e+02;8.9843959e-02;3.0250000e+02;4.8391327e-02;3.0250000e+02;4.4617048e-03;3.0250000e+02;1.8464126e-02;3.0250000e+02;3.7250720e-02;3.0250000e+02;6.1614323e-02;3.0250000e+02;9.0498902e-02;3.0250000e+02;1.2102749e-01;3.0250000e+02;1.5411951e-01;3.0250000e+02;1.8793829e-01;3.0250000e+02;2.2674042e-01;3.0250000e+02;2.6205322e-01;3.0250000e+02;2.8440914e-01;3.0250000e+02;2.8613436e-01;3.0250000e+02;2.6800379e-01;3.0250000e+02;2.3317429e-01;3.0250000e+02;1.8880139e-01;3.0250000e+02;1.3735677e-01;3.0250000e+02;8.9843959e-02;3.0250000e+02;4.8391327e-02;3.0250000e+02;4.4617048e-03;3.0250000e+02;1.8464126e-02;3.0250000e+02;3.7250720e-02;3.0250000e+02;6.1614323e-02;3.0250000e+02;9.0498902e-02;3.0250000e+02;1.2102749e-01;3.0250000e+02;1.5411951e-01;3.0250000e+02;1.8793829e-01;3.0250000e+02;2.2674042e-01;3.0250000e+02;2.6205322e-01;3.0250000e+02;2.8440914e-01;3.0250000e+02;2.8613436e-01;3.0250000e+02;2.6800379e-01;3.0250000e+02;2.3317429e-01;3.0250000e+02;1.8880139e-01;3.0250000e+02;1.3735677e-01;3.0250000e+02;8.9843959e-02;3.0250000e+02;4.8391327e-02;3.0250000e+02;4.4617048e-03;3.0250000e+02;1.8464126e-02;3.0250000e+02;3.7250720e-02;3.0250000e+02;6.1614323e-02;3.0250000e+02;9.0498902e-02;3.0250000e+02;1.2102749e-01;3.0250000e+02;1.5411951e-01;3.0250000e+02;1.8793829e-01;3.0250000e+02;2.2674042e-01;3.0250000e+02;2.6205322e-01;3.0250000e+02;2.8440914e-01;3.0250000e+02;2.8613436e-01;3.0250000e+02;2.6800379e-01;3.0250000e+02;2.3317429e-01;3.0250000e+02;1.8880139e-01;3.0250000e+02;1.3735677e-01;3.0250000e+02;8.9843959e-02;3.0250000e+02;4.8391327e-02;3.0250000e+02;4.4617048e-03;3.0250000e+02;1.8464126e-02;3.0250000e+02;3.7250720e-02;3.0250000e+02;6.1614323e-02;3.0250000e+02;9.0498902e-02;3.0250000e+02;1.2102749e-01;3.0250000e+02;1.5411951e-01;3.0250000e+02;1.8793829e-01;3.0250000e+02;2.2674042e-01;3.0250000e+02;2.6205322e-01;3.0250000e+02;2.8440914e-01;3.0250000e+02;2.8613436e-01;3.0250000e+02;2.6800379e-01;3.0250000e+02;2.3317429e-01;3.0250000e+02;1.8880139e-01;3.0250000e+02;1.3735677e-01;3.0250000e+02;8.9843959e-02;3.0250000e+02;4.8391327e-02;3.0250000e+02;4.4617048e-03;3.0250000e+02;1.8464126e-02;3.0250000e+02;3.7250720e-02;3.0250000e+02;6.1614323e-02;3.0250000e+02;9.0498902e-02;3.0250000e+02;1.2102749e-01;3.0250000e+02;1.5411951e-01;3.0250000e+02;1.8793829e-01;3.0250000e+02;2.2674042e-01;3.0250000e+02;2.6205322e-01;3.0250000e+02;2.8440914e-01;3.0250000e+02;2.8613436e-01;3.0250000e+02;2.6800379e-01;3.0250000e+02;2.3317429e-01;3.0250000e+02;1.8880139e-01;3.0250000e+02;1.3735677e-01;3.0250000e+02;8.9843959e-02;3.0250000e+02;4.8391327e-02;3.0250000e+02;4.4617048e-03;3.0250000e+02;1.8464126e-02;3.0250000e+02;3.7250720e-02;3.0250000e+02;6.1614323e-02;3.0250000e+02;9.0498902e-02;3.0250000e+02;1.2102749e-01;3.0250000e+02;1.5411951e-01;3.0250000e+02;1.8793829e-01;3.0250000e+02;2.2674042e-01;3.0250000e+02;2.6205322e-01;3.0250000e+02;2.8440914e-01;3.0250000e+02;2.8613436e-01;3.0250000e+02;2.6800379e-01;3.0250000e+02;2.3317429e-01;3.0250000e+02;1.8880139e-01;3.0250000e+02;1.3735677e-01;3.0250000e+02;8.9843959e-02;3.0250000e+02;4.8391327e-02;3.0250000e+02;4.4617048e-03;3.0250000e+02;1.8464126e-02;3.0250000e+02;3.7250720e-02;3.0250000e+02;6.1614323e-02;3.0250000e+02;9.0498902e-02;3.0250000e+02;1.2102749e-01;3.0250000e+02;1.5411951e-01;3.0250000e+02;1.8793829e-01;3.0250000e+02;2.2674042e-01;3.0250000e+02;2.6205322e-01;3.0250000e+02;2.8440914e-01;3.0250000e+02;2.8613436e-01;3.0250000e+02;2.6800379e-01;3.0250000e+02;2.3317429e-01;3.0250000e+02;1.8880139e-01;3.0250000e+02;1.3735677e-01;3.0250000e+02;8.9843959e-02;3.0250000e+02;4.8391327e-02;3.0250000e+02;4.4617048e-03;3.0250000e+02;1.8464126e-02;3.0250000e+02;3.7250720e-02;3.0250000e+02;6.1614323e-02;3.0250000e+02;9.0498902e-02;3.0250000e+02;1.2102749e-01;3.0250000e+02;1.5411951e-01;3.0250000e+02;1.8793829e-01;3.0250000e+02;2.2674042e-01;3.0250000e+02;2.6205322e-01;3.0250000e+02;2.8440914e-01;3.0250000e+02;2.8613436e-01;3.0250000e+02;2.6800379e-01;3.0250000e+02;2.3317429e-01;3.0250000e+02;1.8880139e-01;3.0250000e+02;1.3735677e-01;3.0250000e+02;8.9843959e-02;3.0250000e+02;4.8391327e-02;3.0250000e+02;4.4617048e-03;3.0250000e+02;1.8464126e-02;3.0250000e+02;3.7250720e-02;3.0250000e+02;6.1614323e-02;3.0250000e+02;9.0498902e-02;3.0250000e+02;1.2102749e-01;3.0250000e+02;1.5411951e-01;3.0250000e+02;1.8793829e-01;3.0250000e+02;2.2674042e-01;3.0250000e+02;2.6205322e-01;3.0250000e+02;2.8440914e-01;3.0250000e+02;2.8613436e-01;3.0250000e+02;2.6800379e-01;3.0250000e+02;2.3317429e-01;3.0250000e+02;1.8880139e-01;3.0250000e+02;1.3735677e-01;3.0250000e+02;8.9843959e-02;3.0250000e+02;4.8391327e-02;3.0250000e+02;4.4617048e-03;3.0250000e+02;1.8464126e-02;3.0250000e+02;3.7250720e-02;3.0250000e+02;6.1614323e-02;3.0250000e+02;9.0498902e-02;3.0250000e+02;1.2102749e-01;3.0250000e+02;1.5411951e-01;3.0250000e+02;1.8793829e-01;3.0250000e+02;2.2674042e-01;3.0250000e+02;2.6205322e-01;3.0250000e+02;2.8440914e-01;3.0250000e+02;2.8613436e-01;3.0250000e+02;2.6800379e-01;3.0250000e+02;2.3317429e-01;3.0250000e+02;1.8880139e-01;3.0250000e+02;1.3735677e-01;3.0250000e+02;8.9843959e-02;3.0250000e+02;4.8391327e-02;3.0250000e+02;4.4617048e-03;3.0250000e+02;1.8464126e-02;3.0250000e+02;3.7250720e-02;3.0250000e+02;6.1614323e-02;3.0250000e+02;9.0498902e-02;3.0250000e+02;1.2102749e-01;3.0250000e+02;1.5411951e-01;3.0250000e+02;1.8793829e-01;3.0250000e+02;2.2674042e-01;3.0250000e+02;2.6205322e-01;3.0250000e+02;2.8440914e-01;3.0250000e+02;2.8613436e-01;3.0250000e+02;2.6800379e-01;3.0250000e+02;2.3317429e-01;3.0250000e+02;1.8880139e-01;3.0250000e+02;1.3735677e-01;3.0250000e+02;8.9843959e-02;3.0250000e+02;4.8391327e-02;3.0250000e+02;4.4617048e-03;3.0250000e+02;1.8464126e-02;3.0250000e+02;3.7250720e-02;3.0250000e+02;6.1614323e-02;3.0250000e+02;9.0498902e-02;3.0250000e+02;1.2102749e-01;3.0250000e+02;1.5411951e-01;3.0250000e+02;1.8793829e-01;3.0250000e+02;2.2674042e-01;3.0250000e+02;2.6205322e-01;3.0250000e+02;2.8440914e-01;3.0250000e+02;2.8613436e-01;3.0250000e+02;2.6800379e-01;3.0250000e+02;2.3317429e-01;3.0250000e+02;1.8880139e-01;3.0250000e+02;1.3735677e-01;3.0250000e+02;8.9843959e-02;3.0250000e+02;4.8391327e-02;3.0250000e+02;4.4617048e-03;3.0250000e+02;1.8464126e-02;3.0250000e+02;3.7250720e-02;3.0250000e+02;6.1614323e-02;3.0250000e+02;9.0498902e-02;3.0250000e+02;1.2102749e-01;3.0250000e+02;1.5411951e-01;3.0250000e+02;1.8793829e-01;3.0250000e+02;2.2674042e-01;3.0250000e+02;2.6205322e-01;3.0250000e+02;2.8440914e-01;3.0250000e+02;2.8613436e-01;3.0250000e+02;2.6800379e-01;3.0250000e+02;2.3317429e-01;3.0250000e+02;1.8880139e-01;3.0250000e+02;1.3735677e-01;3.0250000e+02;8.9843959e-02;3.0250000e+02;4.8391327e-02;3.0250000e+02;4.4617048e-03;3.0250000e+02;1.8464126e-02;3.0250000e+02;3.7250720e-02;3.0250000e+02;6.1614323e-02;3.0250000e+02;9.0498902e-02;3.0250000e+02;1.2102749e-01;3.0250000e+02;1.5411951e-01;3.0250000e+02;1.8793829e-01;3.0250000e+02;2.2674042e-01;3.0250000e+02;2.6205322e-01;3.0250000e+02;2.8440914e-01;3.0250000e+02;2.8613436e-01;3.0250000e+02;2.6800379e-01;3.0250000e+02;2.3317429e-01;3.0250000e+02;1.8880139e-01;3.0250000e+02;1.3735677e-01;3.0250000e+02;8.9843959e-02;3.0250000e+02;4.8391327e-02;3.0250000e+02;4.4617048e-03;3.0250000e+02;1.8464126e-02;3.0250000e+02;3.7250720e-02;3.0250000e+02;6.1614323e-02;3.0250000e+02;9.0498902e-02;3.0250000e+02;1.2102749e-01;3.0250000e+02;1.5411951e-01;3.0250000e+02;1.8793829e-01;3.0250000e+02;2.2674042e-01;3.0250000e+02;2.6205322e-01;3.0250000e+02;2.8440914e-01;3.0250000e+02;2.8613436e-01;3.0250000e+02;2.6800379e-01;3.0250000e+02;2.3317429e-01;3.0250000e+02;1.8880139e-01;3.0250000e+02;1.3735677e-01;3.0250000e+02;8.9843959e-02;3.0250000e+02;4.8391327e-02;3.0250000e+02;4.4617048e-03;3.0250000e+02;1.8464126e-02;3.0250000e+02;3.7250720e-02;3.0250000e+02;6.1614323e-02;3.0250000e+02;9.0498902e-02;3.0250000e+02;1.2102749e-01;3.0250000e+02;1.5411951e-01;3.0250000e+02;1.8793829e-01;3.0250000e+02;2.2674042e-01;3.0250000e+02;2.6205322e-01;3.0250000e+02;2.8440914e-01;3.0250000e+02;2.8613436e-01;3.0250000e+02;2.6800379e-01;3.0250000e+02;2.3317429e-01;3.0250000e+02;1.8880139e-01;3.0250000e+02;1.3735677e-01;3.0250000e+02;8.9843959e-02;3.0250000e+02;4.8391327e-02;3.0250000e+02;4.4617048e-03;3.0250000e+02;1.8464126e-02;3.0250000e+02;3.7250720e-02;3.0250000e+02;6.1614323e-02;3.0250000e+02;9.0498902e-02;3.0250000e+02;1.2102749e-01;3.0250000e+02;1.5411951e-01;3.0250000e+02;1.8793829e-01;3.0250000e+02;2.2674042e-01;3.0250000e+02;2.6205322e-01;3.0250000e+02;2.8440914e-01;3.0250000e+02;2.8613436e-01;3.0250000e+02;2.6800379e-01;3.0250000e+02;2.3317429e-01;3.0250000e+02;1.8880139e-01;3.0250000e+02;1.3735677e-01;3.0250000e+02;8.9843959e-02;3.0250000e+02;4.8391327e-02;3.0250000e+02;4.4617048e-03;3.0250000e+02;1.8464126e-02;3.0250000e+02;3.7250720e-02;3.0250000e+02;6.1614323e-02;3.0250000e+02;9.0498902e-02;3.0250000e+02;1.2102749e-01;3.0250000e+02;1.5411951e-01;3.0250000e+02;1.8793829e-01;3.0250000e+02;2.2674042e-01;3.0250000e+02;2.6205322e-01;3.0250000e+02;2.8440914e-01;3.0250000e+02;2.8613436e-01;3.0250000e+02;2.6800379e-01;3.0250000e+02;2.3317429e-01;3.0250000e+02;1.8880139e-01;3.0250000e+02;1.3735677e-01;3.0250000e+02;8.9843959e-02;3.0250000e+02;4.8391327e-02;3.0250000e+02;4.4617048e-03;3.0250000e+02;1.8464126e-02;3.0250000e+02;3.7250720e-02;3.0250000e+02;6.1614323e-02;3.0250000e+02;9.0498902e-02;3.0250000e+02;1.2102749e-01;3.0250000e+02;1.5411951e-01;3.0250000e+02;1.8793829e-01;3.0250000e+02;2.2674042e-01;3.0250000e+02;2.6205322e-01;3.0250000e+02;2.8440914e-01;3.0250000e+02;2.8613436e-01;3.0250000e+02;2.6800379e-01;3.0250000e+02;2.3317429e-01;3.0250000e+02;1.8880139e-01;3.0250000e+02;1.3735677e-01;3.0250000e+02;8.9843959e-02;3.0250000e+02;4.8391327e-02;3.0250000e+02;4.4617048e-03;3.0250000e+02;1.8464126e-02;3.0250000e+02;3.7250720e-02;3.0250000e+02;6.1614323e-02;3.0250000e+02;9.0498902e-02;3.0250000e+02;1.2102749e-01;3.0250000e+02;1.5411951e-01;3.0250000e+02;1.8793829e-01;3.0250000e+02;2.2674042e-01;3.0250000e+02;2.6205322e-01;3.0250000e+02;2.8440914e-01;3.0250000e+02;2.8613436e-01;3.0250000e+02;2.6800379e-01;3.0250000e+02;2.3317429e-01;3.0250000e+02;1.8880139e-01;3.0250000e+02;1.3735677e-01;3.0250000e+02;8.9843959e-02;3.0250000e+02;4.8391327e-02;3.0250000e+02;4.4617048e-03;3.0250000e+02;1.8464126e-02;3.0250000e+02;3.7250720e-02;3.0250000e+02;6.1614323e-02;3.0250000e+02;9.0498902e-02;3.0250000e+02;1.2102749e-01;3.0250000e+02;1.5411951e-01;3.0250000e+02;1.8793829e-01;3.0250000e+02;2.2674042e-01;3.0250000e+02;2.6205322e-01;3.0250000e+02;2.8440914e-01;3.0250000e+02;2.8613436e-01;3.0250000e+02;2.6800379e-01;3.0250000e+02;2.3317429e-01;3.0250000e+02;1.8880139e-01;3.0250000e+02;1.3735677e-01;3.0250000e+02;8.9843959e-02;3.0250000e+02;4.8391327e-02;3.0250000e+02;4.4617048e-03;3.0250000e+02;1.8464126e-02;3.0250000e+02;3.7250720e-02;3.0250000e+02;6.1614323e-02;3.0250000e+02;9.0498902e-02;3.0250000e+02;1.2102749e-01;3.0250000e+02;1.5411951e-01;3.0250000e+02;1.8793829e-01;3.0250000e+02;2.2674042e-01;3.0250000e+02;2.6205322e-01;3.0250000e+02;2.8440914e-01;3.0250000e+02;2.8613436e-01;3.0250000e+02;2.6800379e-01;3.0250000e+02;2.3317429e-01;3.0250000e+02;1.8880139e-01;3.0250000e+02;1.3735677e-01;3.0250000e+02;8.9843959e-02;3.0250000e+02;4.8391327e-02;3.0250000e+02;4.4617048e-03;3.0250000e+02;1.8464126e-02;3.0250000e+02;3.7250720e-02;3.0250000e+02;6.1614323e-02;3.0250000e+02;9.0498902e-02;3.0250000e+02;1.2102749e-01;3.0250000e+02;1.5411951e-01;3.0250000e+02;1.8793829e-01;3.0250000e+02;2.2674042e-01;3.0250000e+02;2.6205322e-01;3.0250000e+02;2.8440914e-01;3.0250000e+02;2.8613436e-01;3.0250000e+02;2.6800379e-01;3.0250000e+02;2.3317429e-01;3.0250000e+02;1.8880139e-01;3.0250000e+02;1.3735677e-01;3.0250000e+02;8.9843959e-02;3.0250000e+02;4.8391327e-02;3.0250000e+02;4.4617048e-03;3.0250000e+02;1.8464126e-02;3.0250000e+02;3.7250720e-02;3.0250000e+02;6.1614323e-02;3.0250000e+02;9.0498902e-02;3.0250000e+02;1.2102749e-01;3.0250000e+02;1.5411951e-01;3.0250000e+02;1.8793829e-01;3.0250000e+02;2.2674042e-01;3.0250000e+02;2.6205322e-01;3.0250000e+02;2.8440914e-01;3.0250000e+02;2.8613436e-01;3.0250000e+02;2.6800379e-01;3.0250000e+02;2.3317429e-01;3.0250000e+02;1.8880139e-01;3.0250000e+02;1.3735677e-01;3.0250000e+02;8.9843959e-02;3.0250000e+02;4.8391327e-02;3.0250000e+02;4.4617048e-03;3.0250000e+02;1.8464126e-02;3.0250000e+02;3.7250720e-02;3.0250000e+02;6.1614323e-02;3.0250000e+02;9.0498902e-02;3.0250000e+02;1.2102749e-01;3.0250000e+02;1.5411951e-01;3.0250000e+02;1.8793829e-01;3.0250000e+02;2.2674042e-01;3.0250000e+02;2.6205322e-01;3.0250000e+02;2.8440914e-01;3.0250000e+02;2.8613436e-01;3.0250000e+02;2.6800379e-01;3.0250000e+02;2.3317429e-01;3.0250000e+02;1.8880139e-01;3.0250000e+02;1.3735677e-01;3.0250000e+02;8.9843959e-02;3.0250000e+02;4.8391327e-02;3.0250000e+02;4.4617048e-03;3.0250000e+02;1.8464126e-02;3.0250000e+02;3.7250720e-02;3.0250000e+02;6.1614323e-02;3.0250000e+02;9.0498902e-02;3.0250000e+02;1.2102749e-01;3.0250000e+02;1.5411951e-01;3.0250000e+02;1.8793829e-01;3.0250000e+02;2.2674042e-01;3.0250000e+02;2.6205322e-01;3.0250000e+02;2.8440914e-01;3.0250000e+02;2.8613436e-01;3.0250000e+02;2.6800379e-01;3.0250000e+02;2.3317429e-01;3.0250000e+02;1.8880139e-01;3.0250000e+02;1.3735677e-01;3.0250000e+02;8.9843959e-02;3.0250000e+02;4.8391327e-02;3.0250000e+02;4.4617048e-03;3.0250000e+02;1.8464126e-02;3.0250000e+02;3.7250720e-02;3.0250000e+02;6.1614323e-02;3.0250000e+02;9.0498902e-02;3.0250000e+02;1.2102749e-01;3.0250000e+02;1.5411951e-01;3.0250000e+02;1.8793829e-01;3.0250000e+02;2.2674042e-01;3.0250000e+02;2.6205322e-01;3.0250000e+02;2.8440914e-01;3.0250000e+02;2.8613436e-01;3.0250000e+02;2.6800379e-01;3.0250000e+02;2.3317429e-01;3.0250000e+02;1.8880139e-01;3.0250000e+02;1.3735677e-01;3.0250000e+02;8.9843959e-02;3.0250000e+02;4.8391327e-02;3.0250000e+02;4.4617048e-03;3.0250000e+02;1.8464126e-02;3.0250000e+02;3.7250720e-02;3.0250000e+02;6.1614323e-02;3.0250000e+02;9.0498902e-02;3.0250000e+02;1.2102749e-01;3.0250000e+02;1.5411951e-01;3.0250000e+02;1.8793829e-01;3.0250000e+02;2.2674042e-01;3.0250000e+02;2.6205322e-01;3.0250000e+02;2.8440914e-01;3.0250000e+02;2.8613436e-01;3.0250000e+02;2.6800379e-01;3.0250000e+02;2.3317429e-01;3.0250000e+02;1.8880139e-01;3.0250000e+02;1.3735677e-01;3.0250000e+02;8.9843959e-02;3.0250000e+02;4.8391327e-02;3.0250000e+02;4.4617048e-03;3.0250000e+02;1.8464126e-02;3.0250000e+02;3.7250720e-02;3.0250000e+02;6.1614323e-02;3.0250000e+02;9.0498902e-02;3.0250000e+02;1.2102749e-01;3.0250000e+02;1.5411951e-01;3.0250000e+02;1.8793829e-01;3.0250000e+02;2.2674042e-01;3.0250000e+02;2.6205322e-01;3.0250000e+02;2.8440914e-01;3.0250000e+02;2.8613436e-01;3.0250000e+02;2.6800379e-01;3.0250000e+02;2.3317429e-01;3.0250000e+02;1.8880139e-01;3.0250000e+02;1.3735677e-01;3.0250000e+02;8.9843959e-02;3.0250000e+02;4.8391327e-02;3.0250000e+02;4.4617048e-03;3.0250000e+02;1.8464126e-02;3.0250000e+02;3.7250720e-02;3.0250000e+02;6.1614323e-02;3.0250000e+02;9.0498902e-02;3.0250000e+02;1.2102749e-01;3.0250000e+02;1.5411951e-01;3.0250000e+02;1.8793829e-01;3.0250000e+02;2.2674042e-01;3.0250000e+02;2.6205322e-01;3.0250000e+02;2.8440914e-01;3.0250000e+02;2.8613436e-01;3.0250000e+02;2.6800379e-01;3.0250000e+02;2.3317429e-01;3.0250000e+02;1.8880139e-01;3.0250000e+02;1.3735677e-01;3.0250000e+02;8.9843959e-02;3.0250000e+02;4.8391327e-02;3.0250000e+02;4.4617048e-03;3.0250000e+02;1.8464126e-02;3.0250000e+02;3.7250720e-02;3.0250000e+02;6.1614323e-02;3.0250000e+02;9.0498902e-02;3.0250000e+02;1.2102749e-01;3.0250000e+02;1.5411951e-01;3.0250000e+02;1.8793829e-01;3.0250000e+02;2.2674042e-01;3.0250000e+02;2.6205322e-01;3.0250000e+02;2.8440914e-01;3.0250000e+02;2.8613436e-01;3.0250000e+02;2.6800379e-01;3.0250000e+02;2.3317429e-01;3.0250000e+02;1.8880139e-01;3.0250000e+02;1.3735677e-01;3.0250000e+02;8.9843959e-02;3.0250000e+02;4.8391327e-02;3.0250000e+02;4.4617048e-03;3.0250000e+02;1.8464126e-02;3.0250000e+02;3.7250720e-02;3.0250000e+02;6.1614323e-02;3.0250000e+02;9.0498902e-02;3.0250000e+02;1.2102749e-01;3.0250000e+02;1.5411951e-01;3.0250000e+02;1.8793829e-01;3.0250000e+02;2.2674042e-01;3.0250000e+02;2.6205322e-01;3.0250000e+02;2.8440914e-01;3.0250000e+02;2.8613436e-01;3.0250000e+02;2.6800379e-01;3.0250000e+02;2.3317429e-01;3.0250000e+02;1.8880139e-01;3.0250000e+02;1.3735677e-01;3.0250000e+02;8.9843959e-02;3.0250000e+02;4.8391327e-02;3.0250000e+02;4.4617048e-03;3.0250000e+02;1.8464126e-02;3.0250000e+02;3.7250720e-02;3.0250000e+02;6.1614323e-02;3.0250000e+02;9.0498902e-02;3.0250000e+02;1.2102749e-01;3.0250000e+02;1.5411951e-01;3.0250000e+02;1.8793829e-01;3.0250000e+02;2.2674042e-01;3.0250000e+02;2.6205322e-01;3.0250000e+02;2.8440914e-01;3.0250000e+02;2.8613436e-01;3.0250000e+02;2.6800379e-01;3.0250000e+02;2.3317429e-01;3.0250000e+02;1.8880139e-01;3.0250000e+02;1.3735677e-01;3.0250000e+02;8.9843959e-02;3.0250000e+02;4.8391327e-02;3.0250000e+02;4.4617048e-03;3.0250000e+02;1.8464126e-02;3.0250000e+02;3.7250720e-02;3.0250000e+02;6.1614323e-02;3.0250000e+02;9.0498902e-02;3.0250000e+02;1.2102749e-01;3.0250000e+02;1.5411951e-01;3.0250000e+02;1.8793829e-01;3.0250000e+02;2.2674042e-01;3.0250000e+02;2.6205322e-01;3.0250000e+02;2.8440914e-01;3.0250000e+02;2.8613436e-01;3.0250000e+02;2.6800379e-01;3.0250000e+02;2.3317429e-01;3.0250000e+02;1.8880139e-01;3.0250000e+02;1.3735677e-01;3.0250000e+02;8.9843959e-02;3.0250000e+02;4.8391327e-02;3.0250000e+02;4.4617048e-03;3.0250000e+02;1.8464126e-02;3.0250000e+02;3.7250720e-02;3.0250000e+02;6.1614323e-02;3.0250000e+02;9.0498902e-02;3.0250000e+02;1.2102749e-01;3.0250000e+02;1.5411951e-01;3.0250000e+02;1.8793829e-01;3.0250000e+02;2.2674042e-01;3.0250000e+02;2.6205322e-01;3.0250000e+02;2.8440914e-01;3.0250000e+02;2.8613436e-01;3.0250000e+02;2.6800379e-01;3.0250000e+02;2.3317429e-01;3.0250000e+02;1.8880139e-01;3.0250000e+02;1.3735677e-01;3.0250000e+02;8.9843959e-02;3.0250000e+02;4.8391327e-02;3.0250000e+02;4.4617048e-03;3.0250000e+02;1.8464126e-02;3.0250000e+02;3.7250720e-02;3.0250000e+02;6.1614323e-02;3.0250000e+02;9.0498902e-02;3.0250000e+02;1.2102749e-01;3.0250000e+02;1.5411951e-01;3.0250000e+02;1.8793829e-01;3.0250000e+02;2.2674042e-01;3.0250000e+02;2.6205322e-01;3.0250000e+02;2.8440914e-01;3.0250000e+02;2.8613436e-01;3.0250000e+02;2.6800379e-01;3.0250000e+02;2.3317429e-01;3.0250000e+02;1.8880139e-01;3.0250000e+02;1.3735677e-01;3.0250000e+02;8.9843959e-02;3.0250000e+02;4.8391327e-02;3.0250000e+02;4.4617048e-03;3.0250000e+02;1.8464126e-02;3.0250000e+02;3.7250720e-02;3.0250000e+02;6.1614323e-02;3.0250000e+02;9.0498902e-02;3.0250000e+02;1.2102749e-01;3.0250000e+02;1.5411951e-01;3.0250000e+02;1.8793829e-01;3.0250000e+02;2.2674042e-01;3.0250000e+02;2.6205322e-01;3.0250000e+02;2.8440914e-01;3.0250000e+02;2.8613436e-01;3.0250000e+02;2.6800379e-01;3.0250000e+02;2.3317429e-01;3.0250000e+02;1.8880139e-01;3.0250000e+02;1.3735677e-01;3.0250000e+02;8.9843959e-02;3.0250000e+02;4.8391327e-02;3.0250000e+02;4.4617048e-03;3.0250000e+02;1.8464126e-02;3.0250000e+02;3.7250720e-02;3.0250000e+02;6.1614323e-02;3.0250000e+02;9.0498902e-02;3.0250000e+02;1.2102749e-01;3.0250000e+02;1.5411951e-01;3.0250000e+02;1.8793829e-01;3.0250000e+02;2.2674042e-01;3.0250000e+02;2.6205322e-01;3.0250000e+02;2.8440914e-01;3.0250000e+02;2.8613436e-01;3.0250000e+02;2.6800379e-01;3.0250000e+02;2.3317429e-01;3.0250000e+02;1.8880139e-01;3.0250000e+02;1.3735677e-01;3.0250000e+02;8.9843959e-02;3.0250000e+02;4.8391327e-02;3.0250000e+02;4.4617048e-03;3.0250000e+02;1.8464126e-02;3.0250000e+02;3.7250720e-02;3.0250000e+02;6.1614323e-02;3.0250000e+02;9.0498902e-02;3.0250000e+02;1.2102749e-01;3.0250000e+02;1.5411951e-01;3.0250000e+02;1.8793829e-01;3.0250000e+02;2.2674042e-01;3.0250000e+02;2.6205322e-01;3.0250000e+02;2.8440914e-01;3.0250000e+02;2.8613436e-01;3.0250000e+02;2.6800379e-01;3.0250000e+02;2.3317429e-01;3.0250000e+02;1.8880139e-01;3.0250000e+02;1.3735677e-01;3.0250000e+02;8.9843959e-02;3.0250000e+02;4.8391327e-02;3.0250000e+02;4.4617048e-03;3.0250000e+02;1.8464126e-02;3.0250000e+02;3.7250720e-02;3.0250000e+02;6.1614323e-02;3.0250000e+02;9.0498902e-02;3.0250000e+02;1.2102749e-01;3.0250000e+02;1.5411951e-01;3.0250000e+02;1.8793829e-01;3.0250000e+02;2.2674042e-01;3.0250000e+02;2.6205322e-01;3.0250000e+02;2.8440914e-01;3.0250000e+02;2.8613436e-01;3.0250000e+02;2.6800379e-01;3.0250000e+02;2.3317429e-01;3.0250000e+02;1.8880139e-01;3.0250000e+02;1.3735677e-01;3.0250000e+02;8.9843959e-02;3.0250000e+02;4.8391327e-02;3.0250000e+02;4.4617048e-03;3.0250000e+02;1.8464126e-02;3.0250000e+02;3.7250720e-02;3.0250000e+02;6.1614323e-02;3.0250000e+02;9.0498902e-02;3.0250000e+02;1.2102749e-01;3.0250000e+02;1.5411951e-01;3.0250000e+02;1.8793829e-01;3.0250000e+02;2.2674042e-01;3.0250000e+02;2.6205322e-01;3.0250000e+02;2.8440914e-01;3.0250000e+02;2.8613436e-01;3.0250000e+02;2.6800379e-01;3.0250000e+02;2.3317429e-01;3.0250000e+02;1.8880139e-01;3.0250000e+02;1.3735677e-01;3.0250000e+02;8.9843959e-02;3.0250000e+02;4.8391327e-02;3.0250000e+02;4.4617048e-03;3.0250000e+02;1.8464126e-02;3.0250000e+02;3.7250720e-02;3.0250000e+02;6.1614323e-02;3.0250000e+02;9.0498902e-02;3.0250000e+02;1.2102749e-01;3.0250000e+02;1.5411951e-01;3.0250000e+02;1.8793829e-01;3.0250000e+02;2.2674042e-01;3.0250000e+02;2.6205322e-01;3.0250000e+02;2.8440914e-01;3.0250000e+02;2.8613436e-01;3.0250000e+02;2.6800379e-01;3.0250000e+02;2.3317429e-01;3.0250000e+02;1.8880139e-01;3.0250000e+02;1.3735677e-01;3.0250000e+02;8.9843959e-02;3.0250000e+02;4.8391327e-02;3.0250000e+02;4.4617048e-03;3.0250000e+02;1.8464126e-02;3.0250000e+02;3.7250720e-02;3.0250000e+02;6.1614323e-02;3.0250000e+02;9.0498902e-02;3.0250000e+02;1.2102749e-01;3.0250000e+02;1.5411951e-01;3.0250000e+02;1.8793829e-01;3.0250000e+02;2.2674042e-01;3.0250000e+02;2.6205322e-01;3.0250000e+02;2.8440914e-01;3.0250000e+02;2.8613436e-01;3.0250000e+02;2.6800379e-01;3.0250000e+02;2.3317429e-01;3.0250000e+02;1.8880139e-01;3.0250000e+02;1.3735677e-01;3.0250000e+02;8.9843959e-02;3.0250000e+02;4.8391327e-02;3.0250000e+02;4.4617048e-03;3.0250000e+02;1.8464126e-02;3.0250000e+02;3.7250720e-02;3.0250000e+02;6.1614323e-02;3.0250000e+02;9.0498902e-02;3.0250000e+02;1.2102749e-01;3.0250000e+02;1.5411951e-01;3.0250000e+02;1.8793829e-01;3.0250000e+02;2.2674042e-01;3.0250000e+02;2.6205322e-01;3.0250000e+02;2.8440914e-01;3.0250000e+02;2.8613436e-01;3.0250000e+02;2.6800379e-01;3.0250000e+02;2.3317429e-01;3.0250000e+02;1.8880139e-01;3.0250000e+02;1.3735677e-01;3.0250000e+02;8.9843959e-02;3.0250000e+02;4.8391327e-02;3.0250000e+02;4.4617048e-03;3.0250000e+02;1.8464126e-02;3.0250000e+02;3.7250720e-02;3.0250000e+02;6.1614323e-02;3.0250000e+02;9.0498902e-02;3.0250000e+02;1.2102749e-01;3.0250000e+02;1.5411951e-01;3.0250000e+02;1.8793829e-01;3.0250000e+02;2.2674042e-01;3.0250000e+02;2.6205322e-01;3.0250000e+02;2.8440914e-01;3.0250000e+02;2.8613436e-01;3.0250000e+02;2.6800379e-01;3.0250000e+02;2.3317429e-01;3.0250000e+02;1.8880139e-01;3.0250000e+02;1.3735677e-01;3.0250000e+02;8.9843959e-02;3.0250000e+02;4.8391327e-02;3.0250000e+02;4.4617048e-03;3.0250000e+02;1.8464126e-02;3.0250000e+02;3.7250720e-02;3.0250000e+02;6.1614323e-02;3.0250000e+02;9.0498902e-02;3.0250000e+02;1.2102749e-01;3.0250000e+02;1.5411951e-01;3.0250000e+02;1.8793829e-01;3.0250000e+02;2.2674042e-01;3.0250000e+02;2.6205322e-01;3.0250000e+02;2.8440914e-01;3.0250000e+02;2.8613436e-01;3.0250000e+02;2.6800379e-01;3.0250000e+02;2.3317429e-01;3.0250000e+02;1.8880139e-01;3.0250000e+02;1.3735677e-01;3.0250000e+02;8.9843959e-02;3.0250000e+02;4.8391327e-02;3.0250000e+02;4.4617048e-03;3.0250000e+02;1.8464126e-02;3.0250000e+02;3.7250720e-02;3.0250000e+02;6.1614323e-02;3.0250000e+02;9.0498902e-02;3.0250000e+02;1.2102749e-01;3.0250000e+02;1.5411951e-01;3.0250000e+02;1.8793829e-01;3.0250000e+02;2.2674042e-01;3.0250000e+02;2.6205322e-01;3.0250000e+02;2.8440914e-01;3.0250000e+02;2.8613436e-01;3.0250000e+02;2.6800379e-01;3.0250000e+02;2.3317429e-01;3.0250000e+02;1.8880139e-01;3.0250000e+02;1.3735677e-01;3.0250000e+02;8.9843959e-02;3.0250000e+02;4.8391327e-02;3.0250000e+02;4.4617048e-03;3.0250000e+02;1.8464126e-02;3.0250000e+02;3.7250720e-02;3.0250000e+02;6.1614323e-02;3.0250000e+02;9.0498902e-02;3.0250000e+02;1.2102749e-01;3.0250000e+02;1.5411951e-01;3.0250000e+02;1.8793829e-01;3.0250000e+02;2.2674042e-01;3.0250000e+02;2.6205322e-01;3.0250000e+02;2.8440914e-01;3.0250000e+02;2.8613436e-01;3.0250000e+02;2.6800379e-01;3.0250000e+02;2.3317429e-01;3.0250000e+02;1.8880139e-01;3.0250000e+02;1.3735677e-01;3.0250000e+02;8.9843959e-02;3.0250000e+02;4.8391327e-02;3.0250000e+02;4.4617048e-03;3.0250000e+02;1.8464126e-02;3.0250000e+02;3.7250720e-02;3.0250000e+02;6.1614323e-02;3.0250000e+02;9.0498902e-02;3.0250000e+02;1.2102749e-01;3.0250000e+02;1.5411951e-01;3.0250000e+02;1.8793829e-01;3.0250000e+02;2.2674042e-01;3.0250000e+02;2.6205322e-01;3.0250000e+02;2.8440914e-01;3.0250000e+02;2.8613436e-01;3.0250000e+02;2.6800379e-01;3.0250000e+02;2.3317429e-01;3.0250000e+02;1.8880139e-01;3.0250000e+02;1.3735677e-01;3.0250000e+02;8.9843959e-02;3.0250000e+02;4.8391327e-02;3.0250000e+02;4.4617048e-03;3.0250000e+02;1.8464126e-02;3.0250000e+02;3.7250720e-02;3.0250000e+02;6.1614323e-02;3.0250000e+02;9.0498902e-02;3.0250000e+02;1.2102749e-01;3.0250000e+02;1.5411951e-01;3.0250000e+02;1.8793829e-01;3.0250000e+02;2.2674042e-01;3.0250000e+02;2.6205322e-01;3.0250000e+02;2.8440914e-01;3.0250000e+02;2.8613436e-01;3.0250000e+02;2.6800379e-01;3.0250000e+02;2.3317429e-01;3.0250000e+02;1.8880139e-01;3.0250000e+02;1.3735677e-01;3.0250000e+02;8.9843959e-02;3.0250000e+02;4.8391327e-02;3.0250000e+02;4.4617048e-03;3.0250000e+02;1.8464126e-02;3.0250000e+02;3.7250720e-02;3.0250000e+02;6.1614323e-02;3.0250000e+02;9.0498902e-02;3.0250000e+02;1.2102749e-01;3.0250000e+02;1.5411951e-01;3.0250000e+02;1.8793829e-01;3.0250000e+02;2.2674042e-01;3.0250000e+02;2.6205322e-01;3.0250000e+02;2.8440914e-01;3.0250000e+02;2.8613436e-01;3.0250000e+02;2.6800379e-01;3.0250000e+02;2.3317429e-01;3.0250000e+02;1.8880139e-01;3.0250000e+02;1.3735677e-01;3.0250000e+02;8.9843959e-02;3.0250000e+02;4.8391327e-02;3.0250000e+02;4.4617048e-03;3.0250000e+02;1.8464126e-02;3.0250000e+02;3.7250720e-02;3.0250000e+02;6.1614323e-02;3.0250000e+02;9.0498902e-02;3.0250000e+02;1.2102749e-01;3.0250000e+02;1.5411951e-01;3.0250000e+02;1.8793829e-01;3.0250000e+02;2.2674042e-01;3.0250000e+02;2.6205322e-01;3.0250000e+02;2.8440914e-01;3.0250000e+02;2.8613436e-01;3.0250000e+02;2.6800379e-01;3.0250000e+02;2.3317429e-01;3.0250000e+02;1.8880139e-01;3.0250000e+02;1.3735677e-01;3.0250000e+02;8.9843959e-02;3.0250000e+02;4.8391327e-02;3.0250000e+02;4.4617048e-03;3.0250000e+02;1.8464126e-02;3.0250000e+02;3.7250720e-02;3.0250000e+02;6.1614323e-02;3.0250000e+02;9.0498902e-02;3.0250000e+02;1.2102749e-01;3.0250000e+02;1.5411951e-01;3.0250000e+02;1.8793829e-01;3.0250000e+02;2.2674042e-01;3.0250000e+02;2.6205322e-01;3.0250000e+02;2.8440914e-01;3.0250000e+02;2.8613436e-01;3.0250000e+02;2.6800379e-01;3.0250000e+02;2.3317429e-01;3.0250000e+02;1.8880139e-01;3.0250000e+02;1.3735677e-01;3.0250000e+02;8.9843959e-02;3.0250000e+02;4.8391327e-02;3.0250000e+02;4.4617048e-03;3.0250000e+02;1.8464126e-02;3.0250000e+02;3.7250720e-02;3.0250000e+02;6.1614323e-02;3.0250000e+02;9.0498902e-02;3.0250000e+02;1.2102749e-01;3.0250000e+02;1.5411951e-01;3.0250000e+02;1.8793829e-01;3.0250000e+02;2.2674042e-01;3.0250000e+02;2.6205322e-01;3.0250000e+02;2.8440914e-01;3.0250000e+02;2.8613436e-01;3.0250000e+02;2.6800379e-01;3.0250000e+02;2.3317429e-01;3.0250000e+02;1.8880139e-01;3.0250000e+02;1.3735677e-01;3.0250000e+02;8.9843959e-02;3.0250000e+02;4.8391327e-02;3.0250000e+02;4.4617048e-03;3.0250000e+02;1.8464126e-02;3.0250000e+02;3.7250720e-02;3.0250000e+02;6.1614323e-02;3.0250000e+02;9.0498902e-02;3.0250000e+02;1.2102749e-01;3.0250000e+02;1.5411951e-01;3.0250000e+02;1.8793829e-01;3.0250000e+02;2.2674042e-01;3.0250000e+02;2.6205322e-01;3.0250000e+02;2.8440914e-01;3.0250000e+02;2.8613436e-01;3.0250000e+02;2.6800379e-01;3.0250000e+02;2.3317429e-01;3.0250000e+02;1.8880139e-01;3.0250000e+02;1.3735677e-01;3.0250000e+02;8.9843959e-02;3.0250000e+02;4.8391327e-02;3.0250000e+02;4.4617048e-03;3.0250000e+02;1.8464126e-02;3.0250000e+02;3.7250720e-02;3.0250000e+02;6.1614323e-02;3.0250000e+02;9.0498902e-02;3.0250000e+02;1.2102749e-01;3.0250000e+02;1.5411951e-01;3.0250000e+02;1.8793829e-01;3.0250000e+02;2.2674042e-01;3.0250000e+02;2.6205322e-01;3.0250000e+02;2.8440914e-01;3.0250000e+02;2.8613436e-01;3.0250000e+02;2.6800379e-01;3.0250000e+02;2.3317429e-01;3.0250000e+02;1.8880139e-01;3.0250000e+02;1.3735677e-01;3.0250000e+02;8.9843959e-02;3.0250000e+02;4.8391327e-02;3.0250000e+02;4.4617048e-03;3.0250000e+02;1.8464126e-02;3.0250000e+02;3.7250720e-02;3.0250000e+02;6.1614323e-02;3.0250000e+02;9.0498902e-02;3.0250000e+02;1.2102749e-01;3.0250000e+02;1.5411951e-01;3.0250000e+02;1.8793829e-01;3.0250000e+02;2.2674042e-01;3.0250000e+02;2.6205322e-01;3.0250000e+02;2.8440914e-01;3.0250000e+02;2.8613436e-01;3.0250000e+02;2.6800379e-01;3.0250000e+02;2.3317429e-01;3.0250000e+02;1.8880139e-01;3.0250000e+02;1.3735677e-01;3.0250000e+02;8.9843959e-02;3.0250000e+02;4.8391327e-02;3.0250000e+02;4.4617048e-03;3.0250000e+02;1.8464126e-02;3.0250000e+02;3.7250720e-02;3.0250000e+02;6.1614323e-02;3.0250000e+02;9.0498902e-02;3.0250000e+02;1.2102749e-01;3.0250000e+02;1.5411951e-01;3.0250000e+02;1.8793829e-01;3.0250000e+02;2.2674042e-01;3.0250000e+02;2.6205322e-01;3.0250000e+02;2.8440914e-01;3.0250000e+02;2.8613436e-01;3.0250000e+02;2.6800379e-01;3.0250000e+02;2.3317429e-01;3.0250000e+02;1.8880139e-01;3.0250000e+02;1.3735677e-01;3.0250000e+02;8.9843959e-02;3.0250000e+02;4.8391327e-02
3.0750000e+02;3.7412937e-03;3.0750000e+02;1.8334825e-02;3.0750000e+02;3.6930159e-02;3.0750000e+02;6.1277397e-02;3.0750000e+02;8.9511193e-02;3.0750000e+02;1.2002052e-01;3.0750000e+02;1.5223294e-01;3.0750000e+02;1.8930270e-01;3.0750000e+02;2.2670816e-01;3.0750000e+02;2.5688854e-01;3.0750000e+02;2.7640620e-01;3.0750000e+02;2.8188735e-01;3.0750000e+02;2.6975003e-01;3.0750000e+02;2.3730175e-01;3.0750000e+02;1.9289251e-01;3.0750000e+02;1.4017588e-01;3.0750000e+02;9.0415619e-02;3.0750000e+02;4.7270209e-02;3.0750000e+02;3.7412937e-03;3.0750000e+02;1.8334825e-02;3.0750000e+02;3.6930159e-02;3.0750000e+02;6.1277397e-02;3.0750000e+02;8.9511193e-02;3.0750000e+02;1.2002052e-01;3.0750000e+02;1.5223294e-01;3.0750000e+02;1.8930270e-01;3.0750000e+02;2.2670816e-01;3.0750000e+02;2.5688854e-01;3.0750000e+02;2.7640620e-01;3.0750000e+02;2.8188735e-01;3.0750000e+02;2.6975003e-01;3.0750000e+02;2.3730175e-01;3.0750000e+02;1.9289251e-01;3.0750000e+02;1.4017588e-01;3.0750000e+02;9.0415619e-02;3.0750000e+02;4.7270209e-02;3.0750000e+02;3.7412937e-03;3.0750000e+02;1.8334825e-02;3.0750000e+02;3.6930159e-02;3.0750000e+02;6.1277397e-02;3.0750000e+02;8.9511193e-02;3.0750000e+02;1.2002052e-01;3.0750000e+02;1.5223294e-01;3.0750000e+02;1.8930270e-01;3.0750000e+02;2.2670816e-01;3.0750000e+02;2.5688854e-01;3.0750000e+02;2.7640620e-01;3.0750000e+02;2.8188735e-01;3.0750000e+02;2.6975003e-01;3.0750000e+02;2.3730175e-01;3.0750000e+02;1.9289251e-01;3.0750000e+02;1.4017588e-01;3.0750000e+02;9.0415619e-02;3.0750000e+02;4.7270209e-02;3.0750000e+02;3.7412937e-03;3.0750000e+02;1.8334825e-02;3.0750000e+02;3.6930159e-02;3.0750000e+02;6.1277397e-02;3.0750000e+02;8.9511193e-02;3.0750000e+02;1.2002052e-01;3.0750000e+02;1.5223294e-01;3.0750000e+02;1.8930270e-01;3.0750000e+02;2.2670816e-01;3.0750000e+02;2.5688854e-01;3.0750000e+02;2.7640620e-01;3.0750000e+02;2.8188735e-01;3.0750000e+02;2.6975003e-01;3.0750000e+02;2.3730175e-01;3.0750000e+02;1.9289251e-01;3.0750000e+02;1.4017588e-01;3.0750000e+02;9.0415619e-02;3.0750000e+02;4.7270209e-02;3.0750000e+02;3.7412937e-03;3.0750000e+02;1.8334825e-02;3.0750000e+02;3.6930159e-02;3.0750000e+02;6.1277397e-02;3.0750000e+02;8.9511193e-02;3.0750000e+02;1.2002052e-01;3.0750000e+02;1.5223294e-01;3.0750000e+02;1.8930270e-01;3.0750000e+02;2.2670816e-01;3.0750000e+02;2.5688854e-01;3.0750000e+02;2.7640620e-01;3.0750000e+02;2.8188735e-01;3.0750000e+02;2.6975003e-01;3.0750000e+02;2.3730175e-01;3.0750000e+02;1.9289251e-01;3.0750000e+02;1.4017588e-01;3.0750000e+02;9.0415619e-02;3.0750000e+02;4.7270209e-02;3.0750000e+02;3.7412937e-03;3.0750000e+02;1.8334825e-02;3.0750000e+02;3.6930159e-02;3.0750000e+02;6.1277397e-02;3.0750000e+02;8.9511193e-02;3.0750000e+02;1.2002052e-01;3.0750000e+02;1.5223294e-01;3.0750000e+02;1.8930270e-01;3.0750000e+02;2.2670816e-01;3.0750000e+02;2.5688854e-01;3.0750000e+02;2.7640620e-01;3.0750000e+02;2.8188735e-01;3.0750000e+02;2.6975003e-01;3.0750000e+02;2.3730175e-01;3.0750000e+02;1.9289251e-01;3.0750000e+02;1.4017588e-01;3.0750000e+02;9.0415619e-02;3.0750000e+02;4.7270209e-02;3.0750000e+02;3.7412937e-03;3.0750000e+02;1.8334825e-02;3.0750000e+02;3.6930159e-02;3.0750000e+02;6.1277397e-02;3.0750000e+02;8.9511193e-02;3.0750000e+02;1.2002052e-01;3.0750000e+02;1.5223294e-01;3.0750000e+02;1.8930270e-01;3.0750000e+02;2.2670816e-01;3.0750000e+02;2.5688854e-01;3.0750000e+02;2.7640620e-01;3.0750000e+02;2.8188735e-01;3.0750000e+02;2.6975003e-01;3.0750000e+02;2.3730175e-01;3.0750000e+02;1.9289251e-01;3.0750000e+02;1.4017588e-01;3.0750000e+02;9.0415619e-02;3.0750000e+02;4.7270209e-02;3.0750000e+02;3.7412937e-03;3.0750000e+02;1.8334825e-02;3.0750000e+02;3.6930159e-02;3.0750000e+02;6.1277397e-02;3.0750000e+02;8.9511193e-02;3.0750000e+02;1.2002052e-01;3.0750000e+02;1.5223294e-01;3.0750000e+02;1.8930270e-01;3.0750000e+02;2.2670816e-01;3.0750000e+02;2.5688854e-01;3.0750000e+02;2.7640620e-01;3.0750000e+02;2.8188735e-01;3.0750000e+02;2.6975003e-01;3.0750000e+02;2.3730175e-01;3.0750000e+02;1.9289251e-01;3.0750000e+02;1.4017588e-01;3.0750000e+02;9.0415619e-02;3.0750000e+02;4.7270209e-02;3.0750000e+02;3.7412937e-03;3.0750000e+02;1.8334825e-02;3.0750000e+02;3.6930159e-02;3.0750000e+02;6.1277397e-02;3.0750000e+02;8.9511193e-02;3.0750000e+02;1.2002052e-01;3.0750000e+02;1.5223294e-01;3.0750000e+02;1.8930270e-01;3.0750000e+02;2.2670816e-01;3.0750000e+02;2.5688854e-01;3.0750000e+02;2.7640620e-01;3.0750000e+02;2.8188735e-01;3.0750000e+02;2.6975003e-01;3.0750000e+02;2.3730175e-01;3.0750000e+02;1.9289251e-01;3.0750000e+02;1.4017588e-01;3.0750000e+02;9.0415619e-02;3.0750000e+02;4.7270209e-02;3.0750000e+02;3.7412937e-03;3.0750000e+02;1.8334825e-02;3.0750000e+02;3.6930159e-02;3.0750000e+02;6.1277397e-02;3.0750000e+02;8.9511193e-02;3.0750000e+02;1.2002052e-01;3.0750000e+02;1.5223294e-01;3.0750000e+02;1.8930270e-01;3.0750000e+02;2.2670816e-01;3.0750000e+02;2.5688854e-01;3.0750000e+02;2.7640620e-01;3.0750000e+02;2.8188735e-01;3.0750000e+02;2.6975003e-01;3.0750000e+02;2.3730175e-01;3.0750000e+02;1.9289251e-01;3.0750000e+02;1.4017588e-01;3.0750000e+02;9.0415619e-02;3.0750000e+02;4.7270209e-02;3.0750000e+02;3.7412937e-03;3.0750000e+02;1.8334825e-02;3.0750000e+02;3.6930159e-02;3.0750000e+02;6.1277397e-02;3.0750000e+02;8.9511193e-02;3.0750000e+02;1.2002052e-01;3.0750000e+02;1.5223294e-01;3.0750000e+02;1.8930270e-01;3.0750000e+02;2.2670816e-01;3.0750000e+02;2.5688854e-01;3.0750000e+02;2.7640620e-01;3.0750000e+02;2.8188735e-01;3.0750000e+02;2.6975003e-01;3.0750000e+02;2.3730175e-01;3.0750000e+02;1.9289251e-01;3.0750000e+02;1.4017588e-01;3.0750000e+02;9.0415619e-02;3.0750000e+02;4.7270209e-02;3.0750000e+02;3.7412937e-03;3.0750000e+02;1.8334825e-02;3.0750000e+02;3.6930159e-02;3.0750000e+02;6.1277397e-02;3.0750000e+02;8.9511193e-02;3.0750000e+02;1.2002052e-01;3.0750000e+02;1.5223294e-01;3.0750000e+02;1.8930270e-01;3.0750000e+02;2.2670816e-01;3.0750000e+02;2.5688854e-01;3.0750000e+02;2.7640620e-01;3.0750000e+02;2.8188735e-01;3.0750000e+02;2.6975003e-01;3.0750000e+02;2.3730175e-01;3.0750000e+02;1.9289251e-01;3.0750000e+02;1.4017588e-01;3.0750000e+02;9.0415619e-02;3.0750000e+02;4.7270209e-02;3.0750000e+02;3.7412937e-03;3.0750000e+02;1.8334825e-02;3.0750000e+02;3.6930159e-02;3.0750000e+02;6.1277397e-02;3.0750000e+02;8.9511193e-02;3.0750000e+02;1.2002052e-01;3.0750000e+02;1.5223294e-01;3.0750000e+02;1.8930270e-01;3.0750000e+02;2.2670816e-01;3.0750000e+02;2.5688854e-01;3.0750000e+02;2.7640620e-01;3.0750000e+02;2.8188735e-01;3.0750000e+02;2.6975003e-01;3.0750000e+02;2.3730175e-01;3.0750000e+02;1.9289251e-01;3.0750000e+02;1.4017588e-01;3.0750000e+02;9.0415619e-02;3.0750000e+02;4.7270209e-02;3.0750000e+02;3.7412937e-03;3.0750000e+02;1.8334825e-02;3.0750000e+02;3.6930159e-02;3.0750000e+02;6.1277397e-02;3.0750000e+02;8.9511193e-02;3.0750000e+02;1.2002052e-01;3.0750000e+02;1.5223294e-01;3.0750000e+02;1.8930270e-01;3.0750000e+02;2.2670816e-01;3.0750000e+02;2.5688854e-01;3.0750000e+02;2.7640620e-01;3.0750000e+02;2.8188735e-01;3.0750000e+02;2.6975003e-01;3.0750000e+02;2.3730175e-01;3.0750000e+02;1.9289251e-01;3.0750000e+02;1.4017588e-01;3.0750000e+02;9.0415619e-02;3.0750000e+02;4.7270209e-02;3.0750000e+02;3.7412937e-03;3.0750000e+02;1.8334825e-02;3.0750000e+02;3.6930159e-02;3.0750000e+02;6.1277397e-02;3.0750000e+02;8.9511193e-02;3.0750000e+02;1.2002052e-01;3.0750000e+02;1.5223294e-01;3.0750000e+02;1.8930270e-01;3.0750000e+02;2.2670816e-01;3.0750000e+02;2.5688854e-01;3.0750000e+02;2.7640620e-01;3.0750000e+02;2.8188735e-01;3.0750000e+02;2.6975003e-01;3.0750000e+02;2.3730175e-01;3.0750000e+02;1.9289251e-01;3.0750000e+02;1.4017588e-01;3.0750000e+02;9.0415619e-02;3.0750000e+02;4.7270209e-02;3.0750000e+02;3.7412937e-03;3.0750000e+02;1.8334825e-02;3.0750000e+02;3.6930159e-02;3.0750000e+02;6.1277397e-02;3.0750000e+02;8.9511193e-02;3.0750000e+02;1.2002052e-01;3.0750000e+02;1.5223294e-01;3.0750000e+02;1.8930270e-01;3.0750000e+02;2.2670816e-01;3.0750000e+02;2.5688854e-01;3.0750000e+02;2.7640620e-01;3.0750000e+02;2.8188735e-01;3.0750000e+02;2.6975003e-01;3.0750000e+02;2.3730175e-01;3.0750000e+02;1.9289251e-01;3.0750000e+02;1.4017588e-01;3.0750000e+02;9.0415619e-02;3.0750000e+02;4.7270209e-02;3.0750000e+02;3.7412937e-03;3.0750000e+02;1.8334825e-02;3.0750000e+02;3.6930159e-02;3.0750000e+02;6.1277397e-02;3.0750000e+02;8.9511193e-02;3.0750000e+02;1.2002052e-01;3.0750000e+02;1.5223294e-01;3.0750000e+02;1.8930270e-01;3.0750000e+02;2.2670816e-01;3.0750000e+02;2.5688854e-01;3.0750000e+02;2.7640620e-01;3.0750000e+02;2.8188735e-01;3.0750000e+02;2.6975003e-01;3.0750000e+02;2.3730175e-01;3.0750000e+02;1.9289251e-01;3.0750000e+02;1.4017588e-01;3.0750000e+02;9.0415619e-02;3.0750000e+02;4.7270209e-02;3.0750000e+02;3.7412937e-03;3.0750000e+02;1.8334825e-02;3.0750000e+02;3.6930159e-02;3.0750000e+02;6.1277397e-02;3.0750000e+02;8.9511193e-02;3.0750000e+02;1.2002052e-01;3.0750000e+02;1.5223294e-01;3.0750000e+02;1.8930270e-01;3.0750000e+02;2.2670816e-01;3.0750000e+02;2.5688854e-01;3.0750000e+02;2.7640620e-01;3.0750000e+02;2.8188735e-01;3.0750000e+02;2.6975003e-01;3.0750000e+02;2.3730175e-01;3.0750000e+02;1.9289251e-01;3.0750000e+02;1.4017588e-01;3.0750000e+02;9.0415619e-02;3.0750000e+02;4.7270209e-02;3.0750000e+02;3.7412937e-03;3.0750000e+02;1.8334825e-02;3.0750000e+02;3.6930159e-02;3.0750000e+02;6.1277397e-02;3.0750000e+02;8.9511193e-02;3.0750000e+02;1.2002052e-01;3.0750000e+02;1.5223294e-01;3.0750000e+02;1.8930270e-01;3.0750000e+02;2.2670816e-01;3.0750000e+02;2.5688854e-01;3.0750000e+02;2.7640620e-01;3.0750000e+02;2.8188735e-01;3.0750000e+02;2.6975003e-01;3.0750000e+02;2.3730175e-01;3.0750000e+02;1.9289251e-01;3.0750000e+02;1.4017588e-01;3.0750000e+02;9.0415619e-02;3.0750000e+02;4.7270209e-02;3.0750000e+02;3.7412937e-03;3.0750000e+02;1.8334825e-02;3.0750000e+02;3.6930159e-02;3.0750000e+02;6.1277397e-02;3.0750000e+02;8.9511193e-02;3.0750000e+02;1.2002052e-01;3.0750000e+02;1.5223294e-01;3.0750000e+02;1.8930270e-01;3.0750000e+02;2.2670816e-01;3.0750000e+02;2.5688854e-01;3.0750000e+02;2.7640620e-01;3.0750000e+02;2.8188735e-01;3.0750000e+02;2.6975003e-01;3.0750000e+02;2.3730175e-01;3.0750000e+02;1.9289251e-01;3.0750000e+02;1.4017588e-01;3.0750000e+02;9.0415619e-02;3.0750000e+02;4.7270209e-02;3.0750000e+02;3.7412937e-03;3.0750000e+02;1.8334825e-02;3.0750000e+02;3.6930159e-02;3.0750000e+02;6.1277397e-02;3.0750000e+02;8.9511193e-02;3.0750000e+02;1.2002052e-01;3.0750000e+02;1.5223294e-01;3.0750000e+02;1.8930270e-01;3.0750000e+02;2.2670816e-01;3.0750000e+02;2.5688854e-01;3.0750000e+02;2.7640620e-01;3.0750000e+02;2.8188735e-01;3.0750000e+02;2.6975003e-01;3.0750000e+02;2.3730175e-01;3.0750000e+02;1.9289251e-01;3.0750000e+02;1.4017588e-01;3.0750000e+02;9.0415619e-02;3.0750000e+02;4.7270209e-02;3.0750000e+02;3.7412937e-03;3.0750000e+02;1.8334825e-02;3.0750000e+02;3.6930159e-02;3.0750000e+02;6.1277397e-02;3.0750000e+02;8.9511193e-02;3.0750000e+02;1.2002052e-01;3.0750000e+02;1.5223294e-01;3.0750000e+02;1.8930270e-01;3.0750000e+02;2.2670816e-01;3.0750000e+02;2.5688854e-01;3.0750000e+02;2.7640620e-01;3.0750000e+02;2.8188735e-01;3.0750000e+02;2.6975003e-01;3.0750000e+02;2.3730175e-01;3.0750000e+02;1.9289251e-01;3.0750000e+02;1.4017588e-01;3.0750000e+02;9.0415619e-02;3.0750000e+02;4.7270209e-02;3.0750000e+02;3.7412937e-03;3.0750000e+02;1.8334825e-02;3.0750000e+02;3.6930159e-02;3.0750000e+02;6.1277397e-02;3.0750000e+02;8.9511193e-02;3.0750000e+02;1.2002052e-01;3.0750000e+02;1.5223294e-01;3.0750000e+02;1.8930270e-01;3.0750000e+02;2.2670816e-01;3.0750000e+02;2.5688854e-01;3.0750000e+02;2.7640620e-01;3.0750000e+02;2.8188735e-01;3.0750000e+02;2.6975003e-01;3.0750000e+02;2.3730175e-01;3.0750000e+02;1.9289251e-01;3.0750000e+02;1.4017588e-01;3.0750000e+02;9.0415619e-02;3.0750000e+02;4.7270209e-02;3.0750000e+02;3.7412937e-03;3.0750000e+02;1.8334825e-02;3.0750000e+02;3.6930159e-02;3.0750000e+02;6.1277397e-02;3.0750000e+02;8.9511193e-02;3.0750000e+02;1.2002052e-01;3.0750000e+02;1.5223294e-01;3.0750000e+02;1.8930270e-01;3.0750000e+02;2.2670816e-01;3.0750000e+02;2.5688854e-01;3.0750000e+02;2.7640620e-01;3.0750000e+02;2.8188735e-01;3.0750000e+02;2.6975003e-01;3.0750000e+02;2.3730175e-01;3.0750000e+02;1.9289251e-01;3.0750000e+02;1.4017588e-01;3.0750000e+02;9.0415619e-02;3.0750000e+02;4.7270209e-02;3.0750000e+02;3.7412937e-03;3.0750000e+02;1.8334825e-02;3.0750000e+02;3.6930159e-02;3.0750000e+02;6.1277397e-02;3.0750000e+02;8.9511193e-02;3.0750000e+02;1.2002052e-01;3.0750000e+02;1.5223294e-01;3.0750000e+02;1.8930270e-01;3.0750000e+02;2.2670816e-01;3.0750000e+02;2.5688854e-01;3.0750000e+02;2.7640620e-01;3.0750000e+02;2.8188735e-01;3.0750000e+02;2.6975003e-01;3.0750000e+02;2.3730175e-01;3.0750000e+02;1.9289251e-01;3.0750000e+02;1.4017588e-01;3.0750000e+02;9.0415619e-02;3.0750000e+02;4.7270209e-02;3.0750000e+02;3.7412937e-03;3.0750000e+02;1.8334825e-02;3.0750000e+02;3.6930159e-02;3.0750000e+02;6.1277397e-02;3.0750000e+02;8.9511193e-02;3.0750000e+02;1.2002052e-01;3.0750000e+02;1.5223294e-01;3.0750000e+02;1.8930270e-01;3.0750000e+02;2.2670816e-01;3.0750000e+02;2.5688854e-01;3.0750000e+02;2.7640620e-01;3.0750000e+02;2.8188735e-01;3.0750000e+02;2.6975003e-01;3.0750000e+02;2.3730175e-01;3.0750000e+02;1.9289251e-01;3.0750000e+02;1.4017588e-01;3.0750000e+02;9.0415619e-02;3.0750000e+02;4.7270209e-02;3.0750000e+02;3.7412937e-03;3.0750000e+02;1.8334825e-02;3.0750000e+02;3.6930159e-02;3.0750000e+02;6.1277397e-02;3.0750000e+02;8.9511193e-02;3.0750000e+02;1.2002052e-01;3.0750000e+02;1.5223294e-01;3.0750000e+02;1.8930270e-01;3.0750000e+02;2.2670816e-01;3.0750000e+02;2.5688854e-01;3.0750000e+02;2.7640620e-01;3.0750000e+02;2.8188735e-01;3.0750000e+02;2.6975003e-01;3.0750000e+02;2.3730175e-01;3.0750000e+02;1.9289251e-01;3.0750000e+02;1.4017588e-01;3.0750000e+02;9.0415619e-02;3.0750000e+02;4.7270209e-02;3.0750000e+02;3.7412937e-03;3.0750000e+02;1.8334825e-02;3.0750000e+02;3.6930159e-02;3.0750000e+02;6.1277397e-02;3.0750000e+02;8.9511193e-02;3.0750000e+02;1.2002052e-01;3.0750000e+02;1.5223294e-01;3.0750000e+02;1.8930270e-01;3.0750000e+02;2.2670816e-01;3.0750000e+02;2.5688854e-01;3.0750000e+02;2.7640620e-01;3.0750000e+02;2.8188735e-01;3.0750000e+02;2.6975003e-01;3.0750000e+02;2.3730175e-01;3.0750000e+02;1.9289251e-01;3.0750000e+02;1.4017588e-01;3.0750000e+02;9.0415619e-02;3.0750000e+02;4.7270209e-02;3.0750000e+02;3.7412937e-03;3.0750000e+02;1.8334825e-02;3.0750000e+02;3.6930159e-02;3.0750000e+02;6.1277397e-02;3.0750000e+02;8.9511193e-02;3.0750000e+02;1.2002052e-01;3.0750000e+02;1.5223294e-01;3.0750000e+02;1.8930270e-01;3.0750000e+02;2.2670816e-01;3.0750000e+02;2.5688854e-01;3.0750000e+02;2.7640620e-01;3.0750000e+02;2.8188735e-01;3.0750000e+02;2.6975003e-01;3.0750000e+02;2.3730175e-01;3.0750000e+02;1.9289251e-01;3.0750000e+02;1.4017588e-01;3.0750000e+02;9.0415619e-02;3.0750000e+02;4.7270209e-02;3.0750000e+02;3.7412937e-03;3.0750000e+02;1.8334825e-02;3.0750000e+02;3.6930159e-02;3.0750000e+02;6.1277397e-02;3.0750000e+02;8.9511193e-02;3.0750000e+02;1.2002052e-01;3.0750000e+02;1.5223294e-01;3.0750000e+02;1.8930270e-01;3.0750000e+02;2.2670816e-01;3.0750000e+02;2.5688854e-01;3.0750000e+02;2.7640620e-01;3.0750000e+02;2.8188735e-01;3.0750000e+02;2.6975003e-01;3.0750000e+02;2.3730175e-01;3.0750000e+02;1.9289251e-01;3.0750000e+02;1.4017588e-01;3.0750000e+02;9.0415619e-02;3.0750000e+02;4.7270209e-02;3.0750000e+02;3.7412937e-03;3.0750000e+02;1.8334825e-02;3.0750000e+02;3.6930159e-02;3.0750000e+02;6.1277397e-02;3.0750000e+02;8.9511193e-02;3.0750000e+02;1.2002052e-01;3.0750000e+02;1.5223294e-01;3.0750000e+02;1.8930270e-01;3.0750000e+02;2.2670816e-01;3.0750000e+02;2.5688854e-01;3.0750000e+02;2.7640620e-01;3.0750000e+02;2.8188735e-01;3.0750000e+02;2.6975003e-01;3.0750000e+02;2.3730175e-01;3.0750000e+02;1.9289251e-01;3.0750000e+02;1.4017588e-01;3.0750000e+02;9.0415619e-02;3.0750000e+02;4.7270209e-02;3.0750000e+02;3.7412937e-03;3.0750000e+02;1.8334825e-02;3.0750000e+02;3.6930159e-02;3.0750000e+02;6.1277397e-02;3.0750000e+02;8.9511193e-02;3.0750000e+02;1.2002052e-01;3.0750000e+02;1.5223294e-01;3.0750000e+02;1.8930270e-01;3.0750000e+02;2.2670816e-01;3.0750000e+02;2.5688854e-01;3.0750000e+02;2.7640620e-01;3.0750000e+02;2.8188735e-01;3.0750000e+02;2.6975003e-01;3.0750000e+02;2.3730175e-01;3.0750000e+02;1.9289251e-01;3.0750000e+02;1.4017588e-01;3.0750000e+02;9.0415619e-02;3.0750000e+02;4.7270209e-02;3.0750000e+02;3.7412937e-03;3.0750000e+02;1.8334825e-02;3.0750000e+02;3.6930159e-02;3.0750000e+02;6.1277397e-02;3.0750000e+02;8.9511193e-02;3.0750000e+02;1.2002052e-01;3.0750000e+02;1.5223294e-01;3.0750000e+02;1.8930270e-01;3.0750000e+02;2.2670816e-01;3.0750000e+02;2.5688854e-01;3.0750000e+02;2.7640620e-01;3.0750000e+02;2.8188735e-01;3.0750000e+02;2.6975003e-01;3.0750000e+02;2.3730175e-01;3.0750000e+02;1.9289251e-01;3.0750000e+02;1.4017588e-01;3.0750000e+02;9.0415619e-02;3.0750000e+02;4.7270209e-02;3.0750000e+02;3.7412937e-03;3.0750000e+02;1.8334825e-02;3.0750000e+02;3.6930159e-02;3.0750000e+02;6.1277397e-02;3.0750000e+02;8.9511193e-02;3.0750000e+02;1.2002052e-01;3.0750000e+02;1.5223294e-01;3.0750000e+02;1.8930270e-01;3.0750000e+02;2.2670816e-01;3.0750000e+02;2.5688854e-01;3.0750000e+02;2.7640620e-01;3.0750000e+02;2.8188735e-01;3.0750000e+02;2.6975003e-01;3.0750000e+02;2.3730175e-01;3.0750000e+02;1.9289251e-01;3.0750000e+02;1.4017588e-01;3.0750000e+02;9.0415619e-02;3.0750000e+02;4.7270209e-02;3.0750000e+02;3.7412937e-03;3.0750000e+02;1.8334825e-02;3.0750000e+02;3.6930159e-02;3.0750000e+02;6.1277397e-02;3.0750000e+02;8.9511193e-02;3.0750000e+02;1.2002052e-01;3.0750000e+02;1.5223294e-01;3.0750000e+02;1.8930270e-01;3.0750000e+02;2.2670816e-01;3.0750000e+02;2.5688854e-01;3.0750000e+02;2.7640620e-01;3.0750000e+02;2.8188735e-01;3.0750000e+02;2.6975003e-01;3.0750000e+02;2.3730175e-01;3.0750000e+02;1.9289251e-01;3.0750000e+02;1.4017588e-01;3.0750000e+02;9.0415619e-02;3.0750000e+02;4.7270209e-02;3.0750000e+02;3.7412937e-03;3.0750000e+02;1.8334825e-02;3.0750000e+02;3.6930159e-02;3.0750000e+02;6.1277397e-02;3.0750000e+02;8.9511193e-02;3.0750000e+02;1.2002052e-01;3.0750000e+02;1.5223294e-01;3.0750000e+02;1.8930270e-01;3.0750000e+02;2.2670816e-01;3.0750000e+02;2.5688854e-01;3.0750000e+02;2.7640620e-01;3.0750000e+02;2.8188735e-01;3.0750000e+02;2.6975003e-01;3.0750000e+02;2.3730175e-01;3.0750000e+02;1.9289251e-01;3.0750000e+02;1.4017588e-01;3.0750000e+02;9.0415619e-02;3.0750000e+02;4.7270209e-02;3.0750000e+02;3.7412937e-03;3.0750000e+02;1.8334825e-02;3.0750000e+02;3.6930159e-02;3.0750000e+02;6.1277397e-02;3.0750000e+02;8.9511193e-02;3.0750000e+02;1.2002052e-01;3.0750000e+02;1.5223294e-01;3.0750000e+02;1.8930270e-01;3.0750000e+02;2.2670816e-01;3.0750000e+02;2.5688854e-01;3.0750000e+02;2.7640620e-01;3.0750000e+02;2.8188735e-01;3.0750000e+02;2.6975003e-01;3.0750000e+02;2.3730175e-01;3.0750000e+02;1.9289251e-01;3.0750000e+02;1.4017588e-01;3.0750000e+02;9.0415619e-02;3.0750000e+02;4.7270209e-02;3.0750000e+02;3.7412937e-03;3.0750000e+02;1.8334825e-02;3.0750000e+02;3.6930159e-02;3.0750000e+02;6.1277397e-02;3.0750000e+02;8.9511193e-02;3.0750000e+02;1.2002052e-01;3.0750000e+02;1.5223294e-01;3.0750000e+02;1.8930270e-01;3.0750000e+02;2.2670816e-01;3.0750000e+02;2.5688854e-01;3.0750000e+02;2.7640620e-01;3.0750000e+02;2.8188735e-01;3.0750000e+02;2.6975003e-01;3.0750000e+02;2.3730175e-01;3.0750000e+02;1.9289251e-01;3.0750000e+02;1.4017588e-01;3.0750000e+02;9.0415619e-02;3.0750000e+02;4.7270209e-02;3.0750000e+02;3.7412937e-03;3.0750000e+02;1.8334825e-02;3.0750000e+02;3.6930159e-02;3.0750000e+02;6.1277397e-02;3.0750000e+02;8.9511193e-02;3.0750000e+02;1.2002052e-01;3.0750000e+02;1.5223294e-01;3.0750000e+02;1.8930270e-01;3.0750000e+02;2.2670816e-01;3.0750000e+02;2.5688854e-01;3.0750000e+02;2.7640620e-01;3.0750000e+02;2.8188735e-01;3.0750000e+02;2.6975003e-01;3.0750000e+02;2.3730175e-01;3.0750000e+02;1.9289251e-01;3.0750000e+02;1.4017588e-01;3.0750000e+02;9.0415619e-02;3.0750000e+02;4.7270209e-02;3.0750000e+02;3.7412937e-03;3.0750000e+02;1.8334825e-02;3.0750000e+02;3.6930159e-02;3.0750000e+02;6.1277397e-02;3.0750000e+02;8.9511193e-02;3.0750000e+02;1.2002052e-01;3.0750000e+02;1.5223294e-01;3.0750000e+02;1.8930270e-01;3.0750000e+02;2.2670816e-01;3.0750000e+02;2.5688854e-01;3.0750000e+02;2.7640620e-01;3.0750000e+02;2.8188735e-01;3.0750000e+02;2.6975003e-01;3.0750000e+02;2.3730175e-01;3.0750000e+02;1.9289251e-01;3.0750000e+02;1.4017588e-01;3.0750000e+02;9.0415619e-02;3.0750000e+02;4.7270209e-02;3.0750000e+02;3.7412937e-03;3.0750000e+02;1.8334825e-02;3.0750000e+02;3.6930159e-02;3.0750000e+02;6.1277397e-02;3.0750000e+02;8.9511193e-02;3.0750000e+02;1.2002052e-01;3.0750000e+02;1.5223294e-01;3.0750000e+02;1.8930270e-01;3.0750000e+02;2.2670816e-01;3.0750000e+02;2.5688854e-01;3.0750000e+02;2.7640620e-01;3.0750000e+02;2.8188735e-01;3.0750000e+02;2.6975003e-01;3.0750000e+02;2.3730175e-01;3.0750000e+02;1.9289251e-01;3.0750000e+02;1.4017588e-01;3.0750000e+02;9.0415619e-02;3.0750000e+02;4.7270209e-02;3.0750000e+02;3.7412937e-03;3.0750000e+02;1.8334825e-02;3.0750000e+02;3.6930159e-02;3.0750000e+02;6.1277397e-02;3.0750000e+02;8.9511193e-02;3.0750000e+02;1.2002052e-01;3.0750000e+02;1.5223294e-01;3.0750000e+02;1.8930270e-01;3.0750000e+02;2.2670816e-01;3.0750000e+02;2.5688854e-01;3.0750000e+02;2.7640620e-01;3.0750000e+02;2.8188735e-01;3.0750000e+02;2.6975003e-01;3.0750000e+02;2.3730175e-01;3.0750000e+02;1.9289251e-01;3.0750000e+02;1.4017588e-01;3.0750000e+02;9.0415619e-02;3.0750000e+02;4.7270209e-02;3.0750000e+02;3.7412937e-03;3.0750000e+02;1.8334825e-02;3.0750000e+02;3.6930159e-02;3.0750000e+02;6.1277397e-02;3.0750000e+02;8.9511193e-02;3.0750000e+02;1.2002052e-01;3.0750000e+02;1.5223294e-01;3.0750000e+02;1.8930270e-01;3.0750000e+02;2.2670816e-01;3.0750000e+02;2.5688854e-01;3.0750000e+02;2.7640620e-01;3.0750000e+02;2.8188735e-01;3.0750000e+02;2.6975003e-01;3.0750000e+02;2.3730175e-01;3.0750000e+02;1.9289251e-01;3.0750000e+02;1.4017588e-01;3.0750000e+02;9.0415619e-02;3.0750000e+02;4.7270209e-02;3.0750000e+02;3.7412937e-03;3.0750000e+02;1.8334825e-02;3.0750000e+02;3.6930159e-02;3.0750000e+02;6.1277397e-02;3.0750000e+02;8.9511193e-02;3.0750000e+02;1.2002052e-01;3.0750000e+02;1.5223294e-01;3.0750000e+02;1.8930270e-01;3.0750000e+02;2.2670816e-01;3.0750000e+02;2.5688854e-01;3.0750000e+02;2.7640620e-01;3.0750000e+02;2.8188735e-01;3.0750000e+02;2.6975003e-01;3.0750000e+02;2.3730175e-01;3.0750000e+02;1.9289251e-01;3.0750000e+02;1.4017588e-01;3.0750000e+02;9.0415619e-02;3.0750000e+02;4.7270209e-02;3.0750000e+02;3.7412937e-03;3.0750000e+02;1.8334825e-02;3.0750000e+02;3.6930159e-02;3.0750000e+02;6.1277397e-02;3.0750000e+02;8.9511193e-02;3.0750000e+02;1.2002052e-01;3.0750000e+02;1.5223294e-01;3.0750000e+02;1.8930270e-01;3.0750000e+02;2.2670816e-01;3.0750000e+02;2.5688854e-01;3.0750000e+02;2.7640620e-01;3.0750000e+02;2.8188735e-01;3.0750000e+02;2.6975003e-01;3.0750000e+02;2.3730175e-01;3.0750000e+02;1.9289251e-01;3.0750000e+02;1.4017588e-01;3.0750000e+02;9.0415619e-02;3.0750000e+02;4.7270209e-02;3.0750000e+02;3.7412937e-03;3.0750000e+02;1.8334825e-02;3.0750000e+02;3.6930159e-02;3.0750000e+02;6.1277397e-02;3.0750000e+02;8.9511193e-02;3.0750000e+02;1.2002052e-01;3.0750000e+02;1.5223294e-01;3.0750000e+02;1.8930270e-01;3.0750000e+02;2.2670816e-01;3.0750000e+02;2.5688854e-01;3.0750000e+02;2.7640620e-01;3.0750000e+02;2.8188735e-01;3.0750000e+02;2.6975003e-01;3.0750000e+02;2.3730175e-01;3.0750000e+02;1.9289251e-01;3.0750000e+02;1.4017588e-01;3.0750000e+02;9.0415619e-02;3.0750000e+02;4.7270209e-02;3.0750000e+02;3.7412937e-03;3.0750000e+02;1.8334825e-02;3.0750000e+02;3.6930159e-02;3.0750000e+02;6.1277397e-02;3.0750000e+02;8.9511193e-02;3.0750000e+02;1.2002052e-01;3.0750000e+02;1.5223294e-01;3.0750000e+02;1.8930270e-01;3.0750000e+02;2.2670816e-01;3.0750000e+02;2.5688854e-01;3.0750000e+02;2.7640620e-01;3.0750000e+02;2.8188735e-01;3.0750000e+02;2.6975003e-01;3.0750000e+02;2.3730175e-01;3.0750000e+02;1.9289251e-01;3.0750000e+02;1.4017588e-01;3.0750000e+02;9.0415619e-02;3.0750000e+02;4.7270209e-02;3.0750000e+02;3.7412937e-03;3.0750000e+02;1.8334825e-02;3.0750000e+02;3.6930159e-02;3.0750000e+02;6.1277397e-02;3.0750000e+02;8.9511193e-02;3.0750000e+02;1.2002052e-01;3.0750000e+02;1.5223294e-01;3.0750000e+02;1.8930270e-01;3.0750000e+02;2.2670816e-01;3.0750000e+02;2.5688854e-01;3.0750000e+02;2.7640620e-01;3.0750000e+02;2.8188735e-01;3.0750000e+02;2.6975003e-01;3.0750000e+02;2.3730175e-01;3.0750000e+02;1.9289251e-01;3.0750000e+02;1.4017588e-01;3.0750000e+02;9.0415619e-02;3.0750000e+02;4.7270209e-02;3.0750000e+02;3.7412937e-03;3.0750000e+02;1.8334825e-02;3.0750000e+02;3.6930159e-02;3.0750000e+02;6.1277397e-02;3.0750000e+02;8.9511193e-02;3.0750000e+02;1.2002052e-01;3.0750000e+02;1.5223294e-01;3.0750000e+02;1.8930270e-01;3.0750000e+02;2.2670816e-01;3.0750000e+02;2.5688854e-01;3.0750000e+02;2.7640620e-01;3.0750000e+02;2.8188735e-01;3.0750000e+02;2.6975003e-01;3.0750000e+02;2.3730175e-01;3.0750000e+02;1.9289251e-01;3.0750000e+02;1.4017588e-01;3.0750000e+02;9.0415619e-02;3.0750000e+02;4.7270209e-02;3.0750000e+02;3.7412937e-03;3.0750000e+02;1.8334825e-02;3.0750000e+02;3.6930159e-02;3.0750000e+02;6.1277397e-02;3.0750000e+02;8.9511193e-02;3.0750000e+02;1.2002052e-01;3.0750000e+02;1.5223294e-01;3.0750000e+02;1.8930270e-01;3.0750000e+02;2.2670816e-01;3.0750000e+02;2.5688854e-01;3.0750000e+02;2.7640620e-01;3.0750000e+02;2.8188735e-01;3.0750000e+02;2.6975003e-01;3.0750000e+02;2.3730175e-01;3.0750000e+02;1.9289251e-01;3.0750000e+02;1.4017588e-01;3.0750000e+02;9.0415619e-02;3.0750000e+02;4.7270209e-02;3.0750000e+02;3.7412937e-03;3.0750000e+02;1.8334825e-02;3.0750000e+02;3.6930159e-02;3.0750000e+02;6.1277397e-02;3.0750000e+02;8.9511193e-02;3.0750000e+02;1.2002052e-01;3.0750000e+02;1.5223294e-01;3.0750000e+02;1.8930270e-01;3.0750000e+02;2.2670816e-01;3.0750000e+02;2.5688854e-01;3.0750000e+02;2.7640620e-01;3.0750000e+02;2.8188735e-01;3.0750000e+02;2.6975003e-01;3.0750000e+02;2.3730175e-01;3.0750000e+02;1.9289251e-01;3.0750000e+02;1.4017588e-01;3.0750000e+02;9.0415619e-02;3.0750000e+02;4.7270209e-02;3.0750000e+02;3.7412937e-03;3.0750000e+02;1.8334825e-02;3.0750000e+02;3.6930159e-02;3.0750000e+02;6.1277397e-02;3.0750000e+02;8.9511193e-02;3.0750000e+02;1.2002052e-01;3.0750000e+02;1.5223294e-01;3.0750000e+02;1.8930270e-01;3.0750000e+02;2.2670816e-01;3.0750000e+02;2.5688854e-01;3.0750000e+02;2.7640620e-01;3.0750000e+02;2.8188735e-01;3.0750000e+02;2.6975003e-01;3.0750000e+02;2.3730175e-01;3.0750000e+02;1.9289251e-01;3.0750000e+02;1.4017588e-01;3.0750000e+02;9.0415619e-02;3.0750000e+02;4.7270209e-02;3.0750000e+02;3.7412937e-03;3.0750000e+02;1.8334825e-02;3.0750000e+02;3.6930159e-02;3.0750000e+02;6.1277397e-02;3.0750000e+02;8.9511193e-02;3.0750000e+02;1.2002052e-01;3.0750000e+02;1.5223294e-01;3.0750000e+02;1.8930270e-01;3.0750000e+02;2.2670816e-01;3.0750000e+02;2.5688854e-01;3.0750000e+02;2.7640620e-01;3.0750000e+02;2.8188735e-01;3.0750000e+02;2.6975003e-01;3.0750000e+02;2.3730175e-01;3.0750000e+02;1.9289251e-01;3.0750000e+02;1.4017588e-01;3.0750000e+02;9.0415619e-02;3.0750000e+02;4.7270209e-02;3.0750000e+02;3.7412937e-03;3.0750000e+02;1.8334825e-02;3.0750000e+02;3.6930159e-02;3.0750000e+02;6.1277397e-02;3.0750000e+02;8.9511193e-02;3.0750000e+02;1.2002052e-01;3.0750000e+02;1.5223294e-01;3.0750000e+02;1.8930270e-01;3.0750000e+02;2.2670816e-01;3.0750000e+02;2.5688854e-01;3.0750000e+02;2.7640620e-01;3.0750000e+02;2.8188735e-01;3.0750000e+02;2.6975003e-01;3.0750000e+02;2.3730175e-01;3.0750000e+02;1.9289251e-01;3.0750000e+02;1.4017588e-01;3.0750000e+02;9.0415619e-02;3.0750000e+02;4.7270209e-02;3.0750000e+02;3.7412937e-03;3.0750000e+02;1.8334825e-02;3.0750000e+02;3.6930159e-02;3.0750000e+02;6.1277397e-02;3.0750000e+02;8.9511193e-02;3.0750000e+02;1.2002052e-01;3.0750000e+02;1.5223294e-01;3.0750000e+02;1.8930270e-01;3.0750000e+02;2.2670816e-01;3.0750000e+02;2.5688854e-01;3.0750000e+02;2.7640620e-01;3.0750000e+02;2.8188735e-01;3.0750000e+02;2.6975003e-01;3.0750000e+02;2.3730175e-01;3.0750000e+02;1.9289251e-01;3.0750000e+02;1.4017588e-01;3.0750000e+02;9.0415619e-02;3.0750000e+02;4.7270209e-02;3.0750000e+02;3.7412937e-03;3.0750000e+02;1.8334825e-02;3.0750000e+02;3.6930159e-02;3.0750000e+02;6.1277397e-02;3.0750000e+02;8.9511193e-02;3.0750000e+02;1.2002052e-01;3.0750000e+02;1.5223294e-01;3.0750000e+02;1.8930270e-01;3.0750000e+02;2.2670816e-01;3.0750000e+02;2.5688854e-01;3.0750000e+02;2.7640620e-01;3.0750000e+02;2.8188735e-01;3.0750000e+02;2.6975003e-01;3.0750000e+02;2.3730175e-01;3.0750000e+02;1.9289251e-01;3.0750000e+02;1.4017588e-01;3.0750000e+02;9.0415619e-02;3.0750000e+02;4.7270209e-02;3.0750000e+02;3.7412937e-03;3.0750000e+02;1.8334825e-02;3.0750000e+02;3.6930159e-02;3.0750000e+02;6.1277397e-02;3.0750000e+02;8.9511193e-02;3.0750000e+02;1.2002052e-01;3.0750000e+02;1.5223294e-01;3.0750000e+02;1.8930270e-01;3.0750000e+02;2.2670816e-01;3.0750000e+02;2.5688854e-01;3.0750000e+02;2.7640620e-01;3.0750000e+02;2.8188735e-01;3.0750000e+02;2.6975003e-01;3.0750000e+02;2.3730175e-01;3.0750000e+02;1.9289251e-01;3.0750000e+02;1.4017588e-01;3.0750000e+02;9.0415619e-02;3.0750000e+02;4.7270209e-02;3.0750000e+02;3.7412937e-03;3.0750000e+02;1.8334825e-02;3.0750000e+02;3.6930159e-02;3.0750000e+02;6.1277397e-02;3.0750000e+02;8.9511193e-02;3.0750000e+02;1.2002052e-01;3.0750000e+02;1.5223294e-01;3.0750000e+02;1.8930270e-01;3.0750000e+02;2.2670816e-01;3.0750000e+02;2.5688854e-01;3.0750000e+02;2.7640620e-01;3.0750000e+02;2.8188735e-01;3.0750000e+02;2.6975003e-01;3.0750000e+02;2.3730175e-01;3.0750000e+02;1.9289251e-01;3.0750000e+02;1.4017588e-01;3.0750000e+02;9.0415619e-02;3.0750000e+02;4.7270209e-02;3.0750000e+02;3.7412937e-03;3.0750000e+02;1.8334825e-02;3.0750000e+02;3.6930159e-02;3.0750000e+02;6.1277397e-02;3.0750000e+02;8.9511193e-02;3.0750000e+02;1.2002052e-01;3.0750000e+02;1.5223294e-01;3.0750000e+02;1.8930270e-01;3.0750000e+02;2.2670816e-01;3.0750000e+02;2.5688854e-01;3.0750000e+02;2.7640620e-01;3.0750000e+02;2.8188735e-01;3.0750000e+02;2.6975003e-01;3.0750000e+02;2.3730175e-01;3.0750000e+02;1.9289251e-01;3.0750000e+02;1.4017588e-01;3.0750000e+02;9.0415619e-02;3.0750000e+02;4.7270209e-02;3.0750000e+02;3.7412937e-03;3.0750000e+02;1.8334825e-02;3.0750000e+02;3.6930159e-02;3.0750000e+02;6.1277397e-02;3.0750000e+02;8.9511193e-02;3.0750000e+02;1.2002052e-01;3.0750000e+02;1.5223294e-01;3.0750000e+02;1.8930270e-01;3.0750000e+02;2.2670816e-01;3.0750000e+02;2.5688854e-01;3.0750000e+02;2.7640620e-01;3.0750000e+02;2.8188735e-01;3.0750000e+02;2.6975003e-01;3.0750000e+02;2.3730175e-01;3.0750000e+02;1.9289251e-01;3.0750000e+02;1.4017588e-01;3.0750000e+02;9.0415619e-02;3.0750000e+02;4.7270209e-02;3.0750000e+02;3.7412937e-03;3.0750000e+02;1.8334825e-02;3.0750000e+02;3.6930159e-02;3.0750000e+02;6.1277397e-02;3.0750000e+02;8.9511193e-02;3.0750000e+02;1.2002052e-01;3.0750000e+02;1.5223294e-01;3.0750000e+02;1.8930270e-01;3.0750000e+02;2.2670816e-01;3.0750000e+02;2.5688854e-01;3.0750000e+02;2.7640620e-01;3.0750000e+02;2.8188735e-01;3.0750000e+02;2.6975003e-01;3.0750000e+02;2.3730175e-01;3.0750000e+02;1.9289251e-01;3.0750000e+02;1.4017588e-01;3.0750000e+02;9.0415619e-02;3.0750000e+02;4.7270209e-02;3.0750000e+02;3.7412937e-03;3.0750000e+02;1.8334825e-02;3.0750000e+02;3.6930159e-02;3.0750000e+02;6.1277397e-02;3.0750000e+02;8.9511193e-02;3.0750000e+02;1.2002052e-01;3.0750000e+02;1.5223294e-01;3.0750000e+02;1.8930270e-01;3.0750000e+02;2.2670816e-01;3.0750000e+02;2.5688854e-01;3.0750000e+02;2.7640620e-01;3.0750000e+02;2.8188735e-01;3.0750000e+02;2.6975003e-01;3.0750000e+02;2.3730175e-01;3.0750000e+02;1.9289251e-01;3.0750000e+02;1.4017588e-01;3.0750000e+02;9.0415619e-02;3.0750000e+02;4.7270209e-02;3.0750000e+02;3.7412937e-03;3.0750000e+02;1.8334825e-02;3.0750000e+02;3.6930159e-02;3.0750000e+02;6.1277397e-02;3.0750000e+02;8.9511193e-02;3.0750000e+02;1.2002052e-01;3.0750000e+02;1.5223294e-01;3.0750000e+02;1.8930270e-01;3.0750000e+02;2.2670816e-01;3.0750000e+02;2.5688854e-01;3.0750000e+02;2.7640620e-01;3.0750000e+02;2.8188735e-01;3.0750000e+02;2.6975003e-01;3.0750000e+02;2.3730175e-01;3.0750000e+02;1.9289251e-01;3.0750000e+02;1.4017588e-01;3.0750000e+02;9.0415619e-02;3.0750000e+02;4.7270209e-02;3.0750000e+02;3.7412937e-03;3.0750000e+02;1.8334825e-02;3.0750000e+02;3.6930159e-02;3.0750000e+02;6.1277397e-02;3.0750000e+02;8.9511193e-02;3.0750000e+02;1.2002052e-01;3.0750000e+02;1.5223294e-01;3.0750000e+02;1.8930270e-01;3.0750000e+02;2.2670816e-01;3.0750000e+02;2.5688854e-01;3.0750000e+02;2.7640620e-01;3.0750000e+02;2.8188735e-01;3.0750000e+02;2.6975003e-01;3.0750000e+02;2.3730175e-01;3.0750000e+02;1.9289251e-01;3.0750000e+02;1.4017588e-01;3.0750000e+02;9.0415619e-02;3.0750000e+02;4.7270209e-02;3.0750000e+02;3.7412937e-03;3.0750000e+02;1.8334825e-02;3.0750000e+02;3.6930159e-02;3.0750000e+02;6.1277397e-02;3.0750000e+02;8.9511193e-02;3.0750000e+02;1.2002052e-01;3.0750000e+02;1.5223294e-01;3.0750000e+02;1.8930270e-01;3.0750000e+02;2.2670816e-01;3.0750000e+02;2.5688854e-01;3.0750000e+02;2.7640620e-01;3.0750000e+02;2.8188735e-01;3.0750000e+02;2.6975003e-01;3.0750000e+02;2.3730175e-01;3.0750000e+02;1.9289251e-01;3.0750000e+02;1.4017588e-01;3.0750000e+02;9.0415619e-02;3.0750000e+02;4.7270209e-02;3.0750000e+02;3.7412937e-03;3.0750000e+02;1.8334825e-02;3.0750000e+02;3.6930159e-02;3.0750000e+02;6.1277397e-02;3.0750000e+02;8.9511193e-02;3.0750000e+02;1.2002052e-01;3.0750000e+02;1.5223294e-01;3.0750000e+02;1.8930270e-01;3.0750000e+02;2.2670816e-01;3.0750000e+02;2.5688854e-01;3.0750000e+02;2.7640620e-01;3.0750000e+02;2.8188735e-01;3.0750000e+02;2.6975003e-01;3.0750000e+02;2.3730175e-01;3.0750000e+02;1.9289251e-01;3.0750000e+02;1.4017588e-01;3.0750000e+02;9.0415619e-02;3.0750000e+02;4.7270209e-02;3.0750000e+02;3.7412937e-03;3.0750000e+02;1.8334825e-02;3.0750000e+02;3.6930159e-02;3.0750000e+02;6.1277397e-02;3.0750000e+02;8.9511193e-02;3.0750000e+02;1.2002052e-01;3.0750000e+02;1.5223294e-01;3.0750000e+02;1.8930270e-01;3.0750000e+02;2.2670816e-01;3.0750000e+02;2.5688854e-01;3.0750000e+02;2.7640620e-01;3.0750000e+02;2.8188735e-01;3.0750000e+02;2.6975003e-01;3.0750000e+02;2.3730175e-01;3.0750000e+02;1.9289251e-01;3.0750000e+02;1.4017588e-01;3.0750000e+02;9.0415619e-02;3.0750000e+02;4.7270209e-02;3.0750000e+02;3.7412937e-03;3.0750000e+02;1.8334825e-02;3.0750000e+02;3.6930159e-02;3.0750000e+02;6.1277397e-02;3.0750000e+02;8.9511193e-02;3.0750000e+02;1.2002052e-01;3.0750000e+02;1.5223294e-01;3.0750000e+02;1.8930270e-01;3.0750000e+02;2.2670816e-01;3.0750000e+02;2.5688854e-01;3.0750000e+02;2.7640620e-01;3.0750000e+02;2.8188735e-01;3.0750000e+02;2.6975003e-01;3.0750000e+02;2.3730175e-01;3.0750000e+02;1.9289251e-01;3.0750000e+02;1.4017588e-01;3.0750000e+02;9.0415619e-02;3.0750000e+02;4.7270209e-02;3.0750000e+02;3.7412937e-03;3.0750000e+02;1.8334825e-02;3.0750000e+02;3.6930159e-02;3.0750000e+02;6.1277397e-02;3.0750000e+02;8.9511193e-02;3.0750000e+02;1.2002052e-01;3.0750000e+02;1.5223294e-01;3.0750000e+02;1.8930270e-01;3.0750000e+02;2.2670816e-01;3.0750000e+02;2.5688854e-01;3.0750000e+02;2.7640620e-01;3.0750000e+02;2.8188735e-01;3.0750000e+02;2.6975003e-01;3.0750000e+02;2.3730175e-01;3.0750000e+02;1.9289251e-01;3.0750000e+02;1.4017588e-01;3.0750000e+02;9.0415619e-02;3.0750000e+02;4.7270209e-02;3.0750000e+02;3.7412937e-03;3.0750000e+02;1.8334825e-02;3.0750000e+02;3.6930159e-02;3.0750000e+02;6.1277397e-02;3.0750000e+02;8.9511193e-02;3.0750000e+02;1.2002052e-01;3.0750000e+02;1.5223294e-01;3.0750000e+02;1.8930270e-01;3.0750000e+02;2.2670816e-01;3.0750000e+02;2.5688854e-01;3.0750000e+02;2.7640620e-01;3.0750000e+02;2.8188735e-01;3.0750000e+02;2.6975003e-01;3.0750000e+02;2.3730175e-01;3.0750000e+02;1.9289251e-01;3.0750000e+02;1.4017588e-01;3.0750000e+02;9.0415619e-02;3.0750000e+02;4.7270209e-02;3.0750000e+02;3.7412937e-03;3.0750000e+02;1.8334825e-02;3.0750000e+02;3.6930159e-02;3.0750000e+02;6.1277397e-02;3.0750000e+02;8.9511193e-02;3.0750000e+02;1.2002052e-01;3.0750000e+02;1.5223294e-01;3.0750000e+02;1.8930270e-01;3.0750000e+02;2.2670816e-01;3.0750000e+02;2.5688854e-01;3.0750000e+02;2.7640620e-01;3.0750000e+02;2.8188735e-01;3.0750000e+02;2.6975003e-01;3.0750000e+02;2.3730175e-01;3.0750000e+02;1.9289251e-01;3.0750000e+02;1.4017588e-01;3.0750000e+02;9.0415619e-02;3.0750000e+02;4.7270209e-02;3.0750000e+02;3.7412937e-03;3.0750000e+02;1.8334825e-02;3.0750000e+02;3.6930159e-02;3.0750000e+02;6.1277397e-02;3.0750000e+02;8.9511193e-02;3.0750000e+02;1.2002052e-01;3.0750000e+02;1.5223294e-01;3.0750000e+02;1.8930270e-01;3.0750000e+02;2.2670816e-01;3.0750000e+02;2.5688854e-01;3.0750000e+02;2.7640620e-01;3.0750000e+02;2.8188735e-01;3.0750000e+02;2.6975003e-01;3.0750000e+02;2.3730175e-01;3.0750000e+02;1.9289251e-01;3.0750000e+02;1.4017588e-01;3.0750000e+02;9.0415619e-02;3.0750000e+02;4.7270209e-02;3.0750000e+02;3.7412937e-03;3.0750000e+02;1.8334825e-02;3.0750000e+02;3.6930159e-02;3.0750000e+02;6.1277397e-02;3.0750000e+02;8.9511193e-02;3.0750000e+02;1.2002052e-01;3.0750000e+02;1.5223294e-01;3.0750000e+02;1.8930270e-01;3.0750000e+02;2.2670816e-01;3.0750000e+02;2.5688854e-01;3.0750000e+02;2.7640620e-01;3.0750000e+02;2.8188735e-01;3.0750000e+02;2.6975003e-01;3.0750000e+02;2.3730175e-01;3.0750000e+02;1.9289251e-01;3.0750000e+02;1.4017588e-01;3.0750000e+02;9.0415619e-02;3.0750000e+02;4.7270209e-02;3.0750000e+02;3.7412937e-03;3.0750000e+02;1.8334825e-02;3.0750000e+02;3.6930159e-02;3.0750000e+02;6.1277397e-02;3.0750000e+02;8.9511193e-02;3.0750000e+02;1.2002052e-01;3.0750000e+02;1.5223294e-01;3.0750000e+02;1.8930270e-01;3.0750000e+02;2.2670816e-01;3.0750000e+02;2.5688854e-01;3.0750000e+02;2.7640620e-01;3.0750000e+02;2.8188735e-01;3.0750000e+02;2.6975003e-01;3.0750000e+02;2.3730175e-01;3.0750000e+02;1.9289251e-01;3.0750000e+02;1.4017588e-01;3.0750000e+02;9.0415619e-02;3.0750000e+02;4.7270209e-02;3.0750000e+02;3.7412937e-03;3.0750000e+02;1.8334825e-02;3.0750000e+02;3.6930159e-02;3.0750000e+02;6.1277397e-02;3.0750000e+02;8.9511193e-02;3.0750000e+02;1.2002052e-01;3.0750000e+02;1.5223294e-01;3.0750000e+02;1.8930270e-01;3.0750000e+02;2.2670816e-01;3.0750000e+02;2.5688854e-01;3.0750000e+02;2.7640620e-01;3.0750000e+02;2.8188735e-01;3.0750000e+02;2.6975003e-01;3.0750000e+02;2.3730175e-01;3.0750000e+02;1.9289251e-01;3.0750000e+02;1.4017588e-01;3.0750000e+02;9.0415619e-02;3.0750000e+02;4.7270209e-02;3.0750000e+02;3.7412937e-03;3.0750000e+02;1.8334825e-02;3.0750000e+02;3.6930159e-02;3.0750000e+02;6.1277397e-02;3.0750000e+02;8.9511193e-02;3.0750000e+02;1.2002052e-01;3.0750000e+02;1.5223294e-01;3.0750000e+02;1.8930270e-01;3.0750000e+02;2.2670816e-01;3.0750000e+02;2.5688854e-01;3.0750000e+02;2.7640620e-01;3.0750000e+02;2.8188735e-01;3.0750000e+02;2.6975003e-01;3.0750000e+02;2.3730175e-01;3.0750000e+02;1.9289251e-01;3.0750000e+02;1.4017588e-01;3.0750000e+02;9.0415619e-02;3.0750000e+02;4.7270209e-02;3.0750000e+02;3.7412937e-03;3.0750000e+02;1.8334825e-02;3.0750000e+02;3.6930159e-02;3.0750000e+02;6.1277397e-02;3.0750000e+02;8.9511193e-02;3.0750000e+02;1.2002052e-01;3.0750000e+02;1.5223294e-01;3.0750000e+02;1.8930270e-01;3.0750000e+02;2.2670816e-01;3.0750000e+02;2.5688854e-01;3.0750000e+02;2.7640620e-01;3.0750000e+02;2.8188735e-01;3.0750000e+02;2.6975003e-01;3.0750000e+02;2.3730175e-01;3.0750000e+02;1.9289251e-01;3.0750000e+02;1.4017588e-01;3.0750000e+02;9.0415619e-02;3.0750000e+02;4.7270209e-02;3.0750000e+02;3.7412937e-03;3.0750000e+02;1.8334825e-02;3.0750000e+02;3.6930159e-02;3.0750000e+02;6.1277397e-02;3.0750000e+02;8.9511193e-02;3.0750000e+02;1.2002052e-01;3.0750000e+02;1.5223294e-01;3.0750000e+02;1.8930270e-01;3.0750000e+02;2.2670816e-01;3.0750000e+02;2.5688854e-01;3.0750000e+02;2.7640620e-01;3.0750000e+02;2.8188735e-01;3.0750000e+02;2.6975003e-01;3.0750000e+02;2.3730175e-01;3.0750000e+02;1.9289251e-01;3.0750000e+02;1.4017588e-01;3.0750000e+02;9.0415619e-02;3.0750000e+02;4.7270209e-02;3.0750000e+02;3.7412937e-03;3.0750000e+02;1.8334825e-02;3.0750000e+02;3.6930159e-02;3.0750000e+02;6.1277397e-02;3.0750000e+02;8.9511193e-02;3.0750000e+02;1.2002052e-01;3.0750000e+02;1.5223294e-01;3.0750000e+02;1.8930270e-01;3.0750000e+02;2.2670816e-01;3.0750000e+02;2.5688854e-01;3.0750000e+02;2.7640620e-01;3.0750000e+02;2.8188735e-01;3.0750000e+02;2.6975003e-01;3.0750000e+02;2.3730175e-01;3.0750000e+02;1.9289251e-01;3.0750000e+02;1.4017588e-01;3.0750000e+02;9.0415619e-02;3.0750000e+02;4.7270209e-02;3.0750000e+02;3.7412937e-03;3.0750000e+02;1.8334825e-02;3.0750000e+02;3.6930159e-02;3.0750000e+02;6.1277397e-02;3.0750000e+02;8.9511193e-02;3.0750000e+02;1.2002052e-01;3.0750000e+02;1.5223294e-01;3.0750000e+02;1.8930270e-01;3.0750000e+02;2.2670816e-01;3.0750000e+02;2.5688854e-01;3.0750000e+02;2.7640620e-01;3.0750000e+02;2.8188735e-01;3.0750000e+02;2.6975003e-01;3.0750000e+02;2.3730175e-01;3.0750000e+02;1.9289251e-01;3.0750000e+02;1.4017588e-01;3.0750000e+02;9.0415619e-02;3.0750000e+02;4.7270209e-02;3.0750000e+02;3.7412937e-03;3.0750000e+02;1.8334825e-02;3.0750000e+02;3.6930159e-02;3.0750000e+02;6.1277397e-02;3.0750000e+02;8.9511193e-02;3.0750000e+02;1.2002052e-01;3.0750000e+02;1.5223294e-01;3.0750000e+02;1.8930270e-01;3.0750000e+02;2.2670816e-01;3.0750000e+02;2.5688854e-01;3.0750000e+02;2.7640620e-01;3.0750000e+02;2.8188735e-01;3.0750000e+02;2.6975003e-01;3.0750000e+02;2.3730175e-01;3.0750000e+02;1.9289251e-01;3.0750000e+02;1.4017588e-01;3.0750000e+02;9.0415619e-02;3.0750000e+02;4.7270209e-02;3.0750000e+02;3.7412937e-03;3.0750000e+02;1.8334825e-02;3.0750000e+02;3.6930159e-02;3.0750000e+02;6.1277397e-02;3.0750000e+02;8.9511193e-02;3.0750000e+02;1.2002052e-01;3.0750000e+02;1.5223294e-01;3.0750000e+02;1.8930270e-01;3.0750000e+02;2.2670816e-01;3.0750000e+02;2.5688854e-01;3.0750000e+02;2.7640620e-01;3.0750000e+02;2.8188735e-01;3.0750000e+02;2.6975003e-01;3.0750000e+02;2.3730175e-01;3.0750000e+02;1.9289251e-01;3.0750000e+02;1.4017588e-01;3.0750000e+02;9.0415619e-02;3.0750000e+02;4.7270209e-02;3.0750000e+02;3.7412937e-03;3.0750000e+02;1.8334825e-02;3.0750000e+02;3.6930159e-02;3.0750000e+02;6.1277397e-02;3.0750000e+02;8.9511193e-02;3.0750000e+02;1.2002052e-01;3.0750000e+02;1.5223294e-01;3.0750000e+02;1.8930270e-01;3.0750000e+02;2.2670816e-01;3.0750000e+02;2.5688854e-01;3.0750000e+02;2.7640620e-01;3.0750000e+02;2.8188735e-01;3.0750000e+02;2.6975003e-01;3.0750000e+02;2.3730175e-01;3.0750000e+02;1.9289251e-01;3.0750000e+02;1.4017588e-01;3.0750000e+02;9.0415619e-02;3.0750000e+02;4.7270209e-02;3.0750000e+02;3.7412937e-03;3.0750000e+02;1.8334825e-02;3.0750000e+02;3.6930159e-02;3.0750000e+02;6.1277397e-02;3.0750000e+02;8.9511193e-02;3.0750000e+02;1.2002052e-01;3.0750000e+02;1.5223294e-01;3.0750000e+02;1.8930270e-01;3.0750000e+02;2.2670816e-01;3.0750000e+02;2.5688854e-01;3.0750000e+02;2.7640620e-01;3.0750000e+02;2.8188735e-01;3.0750000e+02;2.6975003e-01;3.0750000e+02;2.3730175e-01;3.0750000e+02;1.9289251e-01;3.0750000e+02;1.4017588e-01;3.0750000e+02;9.0415619e-02;3.0750000e+02;4.7270209e-02;3.0750000e+02;3.7412937e-03;3.0750000e+02;1.8334825e-02;3.0750000e+02;3.6930159e-02;3.0750000e+02;6.1277397e-02;3.0750000e+02;8.9511193e-02;3.0750000e+02;1.2002052e-01;3.0750000e+02;1.5223294e-01;3.0750000e+02;1.8930270e-01;3.0750000e+02;2.2670816e-01;3.0750000e+02;2.5688854e-01;3.0750000e+02;2.7640620e-01;3.0750000e+02;2.8188735e-01;3.0750000e+02;2.6975003e-01;3.0750000e+02;2.3730175e-01;3.0750000e+02;1.9289251e-01;3.0750000e+02;1.4017588e-01;3.0750000e+02;9.0415619e-02;3.0750000e+02;4.7270209e-02;3.0750000e+02;3.7412937e-03;3.0750000e+02;1.8334825e-02;3.0750000e+02;3.6930159e-02;3.0750000e+02;6.1277397e-02;3.0750000e+02;8.9511193e-02;3.0750000e+02;1.2002052e-01;3.0750000e+02;1.5223294e-01;3.0750000e+02;1.8930270e-01;3.0750000e+02;2.2670816e-01;3.0750000e+02;2.5688854e-01;3.0750000e+02;2.7640620e-01;3.0750000e+02;2.8188735e-01;3.0750000e+02;2.6975003e-01;3.0750000e+02;2.3730175e-01;3.0750000e+02;1.9289251e-01;3.0750000e+02;1.4017588e-01;3.0750000e+02;9.0415619e-02;3.0750000e+02;4.7270209e-02;3.0750000e+02;3.7412937e-03;3.0750000e+02;1.8334825e-02;3.0750000e+02;3.6930159e-02;3.0750000e+02;6.1277397e-02;3.0750000e+02;8.9511193e-02;3.0750000e+02;1.2002052e-01;3.0750000e+02;1.5223294e-01;3.0750000e+02;1.8930270e-01;3.0750000e+02;2.2670816e-01;3.0750000e+02;2.5688854e-01;3.0750000e+02;2.7640620e-01;3.0750000e+02;2.8188735e-01;3.0750000e+02;2.6975003e-01;3.0750000e+02;2.3730175e-01;3.0750000e+02;1.9289251e-01;3.0750000e+02;1.4017588e-01;3.0750000e+02;9.0415619e-02;3.0750000e+02;4.7270209e-02;3.0750000e+02;3.7412937e-03;3.0750000e+02;1.8334825e-02;3.0750000e+02;3.6930159e-02;3.0750000e+02;6.1277397e-02;3.0750000e+02;8.9511193e-02;3.0750000e+02;1.2002052e-01;3.0750000e+02;1.5223294e-01;3.0750000e+02;1.8930270e-01;3.0750000e+02;2.2670816e-01;3.0750000e+02;2.5688854e-01;3.0750000e+02;2.7640620e-01;3.0750000e+02;2.8188735e-01;3.0750000e+02;2.6975003e-01;3.0750000e+02;2.3730175e-01;3.0750000e+02;1.9289251e-01;3.0750000e+02;1.4017588e-01;3.0750000e+02;9.0415619e-02;3.0750000e+02;4.7270209e-02;3.0750000e+02;3.7412937e-03;3.0750000e+02;1.8334825e-02;3.0750000e+02;3.6930159e-02;3.0750000e+02;6.1277397e-02;3.0750000e+02;8.9511193e-02;3.0750000e+02;1.2002052e-01;3.0750000e+02;1.5223294e-01;3.0750000e+02;1.8930270e-01;3.0750000e+02;2.2670816e-01;3.0750000e+02;2.5688854e-01;3.0750000e+02;2.7640620e-01;3.0750000e+02;2.8188735e-01;3.0750000e+02;2.6975003e-01;3.0750000e+02;2.3730175e-01;3.0750000e+02;1.9289251e-01;3.0750000e+02;1.4017588e-01;3.0750000e+02;9.0415619e-02;3.0750000e+02;4.7270209e-02;3.0750000e+02;3.7412937e-03;3.0750000e+02;1.8334825e-02;3.0750000e+02;3.6930159e-02;3.0750000e+02;6.1277397e-02;3.0750000e+02;8.9511193e-02;3.0750000e+02;1.2002052e-01;3.0750000e+02;1.5223294e-01;3.0750000e+02;1.8930270e-01;3.0750000e+02;2.2670816e-01;3.0750000e+02;2.5688854e-01;3.0750000e+02;2.7640620e-01;3.0750000e+02;2.8188735e-01;3.0750000e+02;2.6975003e-01;3.0750000e+02;2.3730175e-01;3.0750000e+02;1.9289251e-01;3.0750000e+02;1.4017588e-01;3.0750000e+02;9.0415619e-02;3.0750000e+02;4.7270209e-02;3.0750000e+02;3.7412937e-03;3.0750000e+02;1.8334825e-02;3.0750000e+02;3.6930159e-02;3.0750000e+02;6.1277397e-02;3.0750000e+02;8.9511193e-02;3.0750000e+02;1.2002052e-01;3.0750000e+02;1.5223294e-01;3.0750000e+02;1.8930270e-01;3.0750000e+02;2.2670816e-01;3.0750000e+02;2.5688854e-01;3.0750000e+02;2.7640620e-01;3.0750000e+02;2.8188735e-01;3.0750000e+02;2.6975003e-01;3.0750000e+02;2.3730175e-01;3.0750000e+02;1.9289251e-01;3.0750000e+02;1.4017588e-01;3.0750000e+02;9.0415619e-02;3.0750000e+02;4.7270209e-02;3.0750000e+02;3.7412937e-03;3.0750000e+02;1.8334825e-02;3.0750000e+02;3.6930159e-02;3.0750000e+02;6.1277397e-02;3.0750000e+02;8.9511193e-02;3.0750000e+02;1.2002052e-01;3.0750000e+02;1.5223294e-01;3.0750000e+02;1.8930270e-01;3.0750000e+02;2.2670816e-01;3.0750000e+02;2.5688854e-01;3.0750000e+02;2.7640620e-01;3.0750000e+02;2.8188735e-01;3.0750000e+02;2.6975003e-01;3.0750000e+02;2.3730175e-01;3.0750000e+02;1.9289251e-01;3.0750000e+02;1.4017588e-01;3.0750000e+02;9.0415619e-02;3.0750000e+02;4.7270209e-02;3.0750000e+02;3.7412937e-03;3.0750000e+02;1.8334825e-02;3.0750000e+02;3.6930159e-02;3.0750000e+02;6.1277397e-02;3.0750000e+02;8.9511193e-02;3.0750000e+02;1.2002052e-01;3.0750000e+02;1.5223294e-01;3.0750000e+02;1.8930270e-01;3.0750000e+02;2.2670816e-01;3.0750000e+02;2.5688854e-01;3.0750000e+02;2.7640620e-01;3.0750000e+02;2.8188735e-01;3.0750000e+02;2.6975003e-01;3.0750000e+02;2.3730175e-01;3.0750000e+02;1.9289251e-01;3.0750000e+02;1.4017588e-01;3.0750000e+02;9.0415619e-02;3.0750000e+02;4.7270209e-02;3.0750000e+02;3.7412937e-03;3.0750000e+02;1.8334825e-02;3.0750000e+02;3.6930159e-02;3.0750000e+02;6.1277397e-02;3.0750000e+02;8.9511193e-02;3.0750000e+02;1.2002052e-01;3.0750000e+02;1.5223294e-01;3.0750000e+02;1.8930270e-01;3.0750000e+02;2.2670816e-01;3.0750000e+02;2.5688854e-01;3.0750000e+02;2.7640620e-01;3.0750000e+02;2.8188735e-01;3.0750000e+02;2.6975003e-01;3.0750000e+02;2.3730175e-01;3.0750000e+02;1.9289251e-01;3.0750000e+02;1.4017588e-01;3.0750000e+02;9.0415619e-02;3.0750000e+02;4.7270209e-02;3.0750000e+02;3.7412937e-03;3.0750000e+02;1.8334825e-02;3.0750000e+02;3.6930159e-02;3.0750000e+02;6.1277397e-02;3.0750000e+02;8.9511193e-02;3.0750000e+02;1.2002052e-01;3.0750000e+02;1.5223294e-01;3.0750000e+02;1.8930270e-01;3.0750000e+02;2.2670816e-01;3.0750000e+02;2.5688854e-01;3.0750000e+02;2.7640620e-01;3.0750000e+02;2.8188735e-01;3.0750000e+02;2.6975003e-01;3.0750000e+02;2.3730175e-01;3.0750000e+02;1.9289251e-01;3.0750000e+02;1.4017588e-01;3.0750000e+02;9.0415619e-02;3.0750000e+02;4.7270209e-02;3.0750000e+02;3.7412937e-03;3.0750000e+02;1.8334825e-02;3.0750000e+02;3.6930159e-02;3.0750000e+02;6.1277397e-02;3.0750000e+02;8.9511193e-02;3.0750000e+02;1.2002052e-01;3.0750000e+02;1.5223294e-01;3.0750000e+02;1.8930270e-01;3.0750000e+02;2.2670816e-01;3.0750000e+02;2.5688854e-01;3.0750000e+02;2.7640620e-01;3.0750000e+02;2.8188735e-01;3.0750000e+02;2.6975003e-01;3.0750000e+02;2.3730175e-01;3.0750000e+02;1.9289251e-01;3.0750000e+02;1.4017588e-01;3.0750000e+02;9.0415619e-02;3.0750000e+02;4.7270209e-02;3.0750000e+02;3.7412937e-03;3.0750000e+02;1.8334825e-02;3.0750000e+02;3.6930159e-02;3.0750000e+02;6.1277397e-02;3.0750000e+02;8.9511193e-02;3.0750000e+02;1.2002052e-01;3.0750000e+02;1.5223294e-01;3.0750000e+02;1.8930270e-01;3.0750000e+02;2.2670816e-01;3.0750000e+02;2.5688854e-01;3.0750000e+02;2.7640620e-01;3.0750000e+02;2.8188735e-01;3.0750000e+02;2.6975003e-01;3.0750000e+02;2.3730175e-01;3.0750000e+02;1.9289251e-01;3.0750000e+02;1.4017588e-01;3.0750000e+02;9.0415619e-02;3.0750000e+02;4.7270209e-02;3.0750000e+02;3.7412937e-03;3.0750000e+02;1.8334825e-02;3.0750000e+02;3.6930159e-02;3.0750000e+02;6.1277397e-02;3.0750000e+02;8.9511193e-02;3.0750000e+02;1.2002052e-01;3.0750000e+02;1.5223294e-01;3.0750000e+02;1.8930270e-01;3.0750000e+02;2.2670816e-01;3.0750000e+02;2.5688854e-01;3.0750000e+02;2.7640620e-01;3.0750000e+02;2.8188735e-01;3.0750000e+02;2.6975003e-01;3.0750000e+02;2.3730175e-01;3.0750000e+02;1.9289251e-01;3.0750000e+02;1.4017588e-01;3.0750000e+02;9.0415619e-02;3.0750000e+02;4.7270209e-02;3.0750000e+02;3.7412937e-03;3.0750000e+02;1.8334825e-02;3.0750000e+02;3.6930159e-02;3.0750000e+02;6.1277397e-02;3.0750000e+02;8.9511193e-02;3.0750000e+02;1.2002052e-01;3.0750000e+02;1.5223294e-01;3.0750000e+02;1.8930270e-01;3.0750000e+02;2.2670816e-01;3.0750000e+02;2.5688854e-01;3.0750000e+02;2.7640620e-01;3.0750000e+02;2.8188735e-01;3.0750000e+02;2.6975003e-01;3.0750000e+02;2.3730175e-01;3.0750000e+02;1.9289251e-01;3.0750000e+02;1.4017588e-01;3.0750000e+02;9.0415619e-02;3.0750000e+02;4.7270209e-02;3.0750000e+02;3.7412937e-03;3.0750000e+02;1.8334825e-02;3.0750000e+02;3.6930159e-02;3.0750000e+02;6.1277397e-02;3.0750000e+02;8.9511193e-02;3.0750000e+02;1.2002052e-01;3.0750000e+02;1.5223294e-01;3.0750000e+02;1.8930270e-01;3.0750000e+02;2.2670816e-01;3.0750000e+02;2.5688854e-01;3.0750000e+02;2.7640620e-01;3.0750000e+02;2.8188735e-01;3.0750000e+02;2.6975003e-01;3.0750000e+02;2.3730175e-01;3.0750000e+02;1.9289251e-01;3.0750000e+02;1.4017588e-01;3.0750000e+02;9.0415619e-02;3.0750000e+02;4.7270209e-02;3.0750000e+02;3.7412937e-03;3.0750000e+02;1.8334825e-02;3.0750000e+02;3.6930159e-02;3.0750000e+02;6.1277397e-02;3.0750000e+02;8.9511193e-02;3.0750000e+02;1.2002052e-01;3.0750000e+02;1.5223294e-01;3.0750000e+02;1.8930270e-01;3.0750000e+02;2.2670816e-01;3.0750000e+02;2.5688854e-01;3.0750000e+02;2.7640620e-01;3.0750000e+02;2.8188735e-01;3.0750000e+02;2.6975003e-01;3.0750000e+02;2.3730175e-01;3.0750000e+02;1.9289251e-01;3.0750000e+02;1.4017588e-01;3.0750000e+02;9.0415619e-02;3.0750000e+02;4.7270209e-02;3.0750000e+02;3.7412937e-03;3.0750000e+02;1.8334825e-02;3.0750000e+02;3.6930159e-02;3.0750000e+02;6.1277397e-02;3.0750000e+02;8.9511193e-02;3.0750000e+02;1.2002052e-01;3.0750000e+02;1.5223294e-01;3.0750000e+02;1.8930270e-01;3.0750000e+02;2.2670816e-01;3.0750000e+02;2.5688854e-01;3.0750000e+02;2.7640620e-01;3.0750000e+02;2.8188735e-01;3.0750000e+02;2.6975003e-01;3.0750000e+02;2.3730175e-01;3.0750000e+02;1.9289251e-01;3.0750000e+02;1.4017588e-01;3.0750000e+02;9.0415619e-02;3.0750000e+02;4.7270209e-02;3.0750000e+02;3.7412937e-03;3.0750000e+02;1.8334825e-02;3.0750000e+02;3.6930159e-02;3.0750000e+02;6.1277397e-02;3.0750000e+02;8.9511193e-02;3.0750000e+02;1.2002052e-01;3.0750000e+02;1.5223294e-01;3.0750000e+02;1.8930270e-01;3.0750000e+02;2.2670816e-01;3.0750000e+02;2.5688854e-01;3.0750000e+02;2.7640620e-01;3.0750000e+02;2.8188735e-01;3.0750000e+02;2.6975003e-01;3.0750000e+02;2.3730175e-01;3.0750000e+02;1.9289251e-01;3.0750000e+02;1.4017588e-01;3.0750000e+02;9.0415619e-02;3.0750000e+02;4.7270209e-02;3.0750000e+02;3.7412937e-03;3.0750000e+02;1.8334825e-02;3.0750000e+02;3.6930159e-02;3.0750000e+02;6.1277397e-02;3.0750000e+02;8.9511193e-02;3.0750000e+02;1.2002052e-01;3.0750000e+02;1.5223294e-01;3.0750000e+02;1.8930270e-01;3.0750000e+02;2.2670816e-01;3.0750000e+02;2.5688854e-01;3.0750000e+02;2.7640620e-01;3.0750000e+02;2.8188735e-01;3.0750000e+02;2.6975003e-01;3.0750000e+02;2.3730175e-01;3.0750000e+02;1.9289251e-01;3.0750000e+02;1.4017588e-01;3.0750000e+02;9.0415619e-02;3.0750000e+02;4.7270209e-02;3.0750000e+02;3.7412937e-03;3.0750000e+02;1.8334825e-02;3.0750000e+02;3.6930159e-02;3.0750000e+02;6.1277397e-02;3.0750000e+02;8.9511193e-02;3.0750000e+02;1.2002052e-01;3.0750000e+02;1.5223294e-01;3.0750000e+02;1.8930270e-01;3.0750000e+02;2.2670816e-01;3.0750000e+02;2.5688854e-01;3.0750000e+02;2.7640620e-01;3.0750000e+02;2.8188735e-01;3.0750000e+02;2.6975003e-01;3.0750000e+02;2.3730175e-01;3.0750000e+02;1.9289251e-01;3.0750000e+02;1.4017588e-01;3.0750000e+02;9.0415619e-02;3.0750000e+02;4.7270209e-02;3.0750000e+02;3.7412937e-03;3.0750000e+02;1.8334825e-02;3.0750000e+02;3.6930159e-02;3.0750000e+02;6.1277397e-02;3.0750000e+02;8.9511193e-02;3.0750000e+02;1.2002052e-01;3.0750000e+02;1.5223294e-01;3.0750000e+02;1.8930270e-01;3.0750000e+02;2.2670816e-01;3.0750000e+02;2.5688854e-01;3.0750000e+02;2.7640620e-01;3.0750000e+02;2.8188735e-01;3.0750000e+02;2.6975003e-01;3.0750000e+02;2.3730175e-01;3.0750000e+02;1.9289251e-01;3.0750000e+02;1.4017588e-01;3.0750000e+02;9.0415619e-02;3.0750000e+02;4.7270209e-02;3.0750000e+02;3.7412937e-03;3.0750000e+02;1.8334825e-02;3.0750000e+02;3.6930159e-02;3.0750000e+02;6.1277397e-02;3.0750000e+02;8.9511193e-02;3.0750000e+02;1.2002052e-01;3.0750000e+02;1.5223294e-01;3.0750000e+02;1.8930270e-01;3.0750000e+02;2.2670816e-01;3.0750000e+02;2.5688854e-01;3.0750000e+02;2.7640620e-01;3.0750000e+02;2.8188735e-01;3.0750000e+02;2.6975003e-01;3.0750000e+02;2.3730175e-01;3.0750000e+02;1.9289251e-01;3.0750000e+02;1.4017588e-01;3.0750000e+02;9.0415619e-02;3.0750000e+02;4.7270209e-02;3.0750000e+02;3.7412937e-03;3.0750000e+02;1.8334825e-02;3.0750000e+02;3.6930159e-02;3.0750000e+02;6.1277397e-02;3.0750000e+02;8.9511193e-02;3.0750000e+02;1.2002052e-01;3.0750000e+02;1.5223294e-01;3.0750000e+02;1.8930270e-01;3.0750000e+02;2.2670816e-01;3.0750000e+02;2.5688854e-01;3.0750000e+02;2.7640620e-01;3.0750000e+02;2.8188735e-01;3.0750000e+02;2.6975003e-01;3.0750000e+02;2.3730175e-01;3.0750000e+02;1.9289251e-01;3.0750000e+02;1.4017588e-01;3.0750000e+02;9.0415619e-02;3.0750000e+02;4.7270209e-02;3.0750000e+02;3.7412937e-03;3.0750000e+02;1.8334825e-02;3.0750000e+02;3.6930159e-02;3.0750000e+02;6.1277397e-02;3.0750000e+02;8.9511193e-02;3.0750000e+02;1.2002052e-01;3.0750000e+02;1.5223294e-01;3.0750000e+02;1.8930270e-01;3.0750000e+02;2.2670816e-01;3.0750000e+02;2.5688854e-01;3.0750000e+02;2.7640620e-01;3.0750000e+02;2.8188735e-01;3.0750000e+02;2.6975003e-01;3.0750000e+02;2.3730175e-01;3.0750000e+02;1.9289251e-01;3.0750000e+02;1.4017588e-01;3.0750000e+02;9.0415619e-02;3.0750000e+02;4.7270209e-02;3.0750000e+02;3.7412937e-03;3.0750000e+02;1.8334825e-02;3.0750000e+02;3.6930159e-02;3.0750000e+02;6.1277397e-02;3.0750000e+02;8.9511193e-02;3.0750000e+02;1.2002052e-01;3.0750000e+02;1.5223294e-01;3.0750000e+02;1.8930270e-01;3.0750000e+02;2.2670816e-01;3.0750000e+02;2.5688854e-01;3.0750000e+02;2.7640620e-01;3.0750000e+02;2.8188735e-01;3.0750000e+02;2.6975003e-01;3.0750000e+02;2.3730175e-01;3.0750000e+02;1.9289251e-01;3.0750000e+02;1.4017588e-01;3.0750000e+02;9.0415619e-02;3.0750000e+02;4.7270209e-02;3.0750000e+02;3.7412937e-03;3.0750000e+02;1.8334825e-02;3.0750000e+02;3.6930159e-02;3.0750000e+02;6.1277397e-02;3.0750000e+02;8.9511193e-02;3.0750000e+02;1.2002052e-01;3.0750000e+02;1.5223294e-01;3.0750000e+02;1.8930270e-01;3.0750000e+02;2.2670816e-01;3.0750000e+02;2.5688854e-01;3.0750000e+02;2.7640620e-01;3.0750000e+02;2.8188735e-01;3.0750000e+02;2.6975003e-01;3.0750000e+02;2.3730175e-01;3.0750000e+02;1.9289251e-01;3.0750000e+02;1.4017588e-01;3.0750000e+02;9.0415619e-02;3.0750000e+02;4.7270209e-02;3.0750000e+02;3.7412937e-03;3.0750000e+02;1.8334825e-02;3.0750000e+02;3.6930159e-02;3.0750000e+02;6.1277397e-02;3.0750000e+02;8.9511193e-02;3.0750000e+02;1.2002052e-01;3.0750000e+02;1.5223294e-01;3.0750000e+02;1.8930270e-01;3.0750000e+02;2.2670816e-01;3.0750000e+02;2.5688854e-01;3.0750000e+02;2.7640620e-01;3.0750000e+02;2.8188735e-01;3.0750000e+02;2.6975003e-01;3.0750000e+02;2.3730175e-01;3.0750000e+02;1.9289251e-01;3.0750000e+02;1.4017588e-01;3.0750000e+02;9.0415619e-02;3.0750000e+02;4.7270209e-02;3.0750000e+02;3.7412937e-03;3.0750000e+02;1.8334825e-02;3.0750000e+02;3.6930159e-02;3.0750000e+02;6.1277397e-02;3.0750000e+02;8.9511193e-02;3.0750000e+02;1.2002052e-01;3.0750000e+02;1.5223294e-01;3.0750000e+02;1.8930270e-01;3.0750000e+02;2.2670816e-01;3.0750000e+02;2.5688854e-01;3.0750000e+02;2.7640620e-01;3.0750000e+02;2.8188735e-01;3.0750000e+02;2.6975003e-01;3.0750000e+02;2.3730175e-01;3.0750000e+02;1.9289251e-01;3.0750000e+02;1.4017588e-01;3.0750000e+02;9.0415619e-02;3.0750000e+02;4.7270209e-02;3.0750000e+02;3.7412937e-03;3.0750000e+02;1.8334825e-02;3.0750000e+02;3.6930159e-02;3.0750000e+02;6.1277397e-02;3.0750000e+02;8.9511193e-02;3.0750000e+02;1.2002052e-01;3.0750000e+02;1.5223294e-01;3.0750000e+02;1.8930270e-01;3.0750000e+02;2.2670816e-01;3.0750000e+02;2.5688854e-01;3.0750000e+02;2.7640620e-01;3.0750000e+02;2.8188735e-01;3.0750000e+02;2.6975003e-01;3.0750000e+02;2.3730175e-01;3.0750000e+02;1.9289251e-01;3.0750000e+02;1.4017588e-01;3.0750000e+02;9.0415619e-02;3.0750000e+02;4.7270209e-02;3.0750000e+02;3.7412937e-03;3.0750000e+02;1.8334825e-02;3.0750000e+02;3.6930159e-02;3.0750000e+02;6.1277397e-02;3.0750000e+02;8.9511193e-02;3.0750000e+02;1.2002052e-01;3.0750000e+02;1.5223294e-01;3.0750000e+02;1.8930270e-01;3.0750000e+02;2.2670816e-01;3.0750000e+02;2.5688854e-01;3.0750000e+02;2.7640620e-01;3.0750000e+02;2.8188735e-01;3.0750000e+02;2.6975003e-01;3.0750000e+02;2.3730175e-01;3.0750000e+02;1.9289251e-01;3.0750000e+02;1.4017588e-01;3.0750000e+02;9.0415619e-02;3.0750000e+02;4.7270209e-02;3.0750000e+02;3.7412937e-03;3.0750000e+02;1.8334825e-02;3.0750000e+02;3.6930159e-02;3.0750000e+02;6.1277397e-02;3.0750000e+02;8.9511193e-02;3.0750000e+02;1.2002052e-01;3.0750000e+02;1.5223294e-01;3.0750000e+02;1.8930270e-01;3.0750000e+02;2.2670816e-01;3.0750000e+02;2.5688854e-01;3.0750000e+02;2.7640620e-01;3.0750000e+02;2.8188735e-01;3.0750000e+02;2.6975003e-01;3.0750000e+02;2.3730175e-01;3.0750000e+02;1.9289251e-01;3.0750000e+02;1.4017588e-01;3.0750000e+02;9.0415619e-02;3.0750000e+02;4.7270209e-02;3.0750000e+02;3.7412937e-03;3.0750000e+02;1.8334825e-02;3.0750000e+02;3.6930159e-02;3.0750000e+02;6.1277397e-02;3.0750000e+02;8.9511193e-02;3.0750000e+02;1.2002052e-01;3.0750000e+02;1.5223294e-01;3.0750000e+02;1.8930270e-01;3.0750000e+02;2.2670816e-01;3.0750000e+02;2.5688854e-01;3.0750000e+02;2.7640620e-01;3.0750000e+02;2.8188735e-01;3.0750000e+02;2.6975003e-01;3.0750000e+02;2.3730175e-01;3.0750000e+02;1.9289251e-01;3.0750000e+02;1.4017588e-01;3.0750000e+02;9.0415619e-02;3.0750000e+02;4.7270209e-02;3.0750000e+02;3.7412937e-03;3.0750000e+02;1.8334825e-02;3.0750000e+02;3.6930159e-02;3.0750000e+02;6.1277397e-02;3.0750000e+02;8.9511193e-02;3.0750000e+02;1.2002052e-01;3.0750000e+02;1.5223294e-01;3.0750000e+02;1.8930270e-01;3.0750000e+02;2.2670816e-01;3.0750000e+02;2.5688854e-01;3.0750000e+02;2.7640620e-01;3.0750000e+02;2.8188735e-01;3.0750000e+02;2.6975003e-01;3.0750000e+02;2.3730175e-01;3.0750000e+02;1.9289251e-01;3.0750000e+02;1.4017588e-01;3.0750000e+02;9.0415619e-02;3.0750000e+02;4.7270209e-02;3.0750000e+02;3.7412937e-03;3.0750000e+02;1.8334825e-02;3.0750000e+02;3.6930159e-02;3.0750000e+02;6.1277397e-02;3.0750000e+02;8.9511193e-02;3.0750000e+02;1.2002052e-01;3.0750000e+02;1.5223294e-01;3.0750000e+02;1.8930270e-01;3.0750000e+02;2.2670816e-01;3.0750000e+02;2.5688854e-01;3.0750000e+02;2.7640620e-01;3.0750000e+02;2.8188735e-01;3.0750000e+02;2.6975003e-01;3.0750000e+02;2.3730175e-01;3.0750000e+02;1.9289251e-01;3.0750000e+02;1.4017588e-01;3.0750000e+02;9.0415619e-02;3.0750000e+02;4.7270209e-02;3.0750000e+02;3.7412937e-03;3.0750000e+02;1.8334825e-02;3.0750000e+02;3.6930159e-02;3.0750000e+02;6.1277397e-02;3.0750000e+02;8.9511193e-02;3.0750000e+02;1.2002052e-01;3.0750000e+02;1.5223294e-01;3.0750000e+02;1.8930270e-01;3.0750000e+02;2.2670816e-01;3.0750000e+02;2.5688854e-01;3.0750000e+02;2.7640620e-01;3.0750000e+02;2.8188735e-01;3.0750000e+02;2.6975003e-01;3.0750000e+02;2.3730175e-01;3.0750000e+02;1.9289251e-01;3.0750000e+02;1.4017588e-01;3.0750000e+02;9.0415619e-02;3.0750000e+02;4.7270209e-02;3.0750000e+02;3.7412937e-03;3.0750000e+02;1.8334825e-02;3.0750000e+02;3.6930159e-02;3.0750000e+02;6.1277397e-02;3.0750000e+02;8.9511193e-02;3.0750000e+02;1.2002052e-01;3.0750000e+02;1.5223294e-01;3.0750000e+02;1.8930270e-01;3.0750000e+02;2.2670816e-01;3.0750000e+02;2.5688854e-01;3.0750000e+02;2.7640620e-01;3.0750000e+02;2.8188735e-01;3.0750000e+02;2.6975003e-01;3.0750000e+02;2.3730175e-01;3.0750000e+02;1.9289251e-01;3.0750000e+02;1.4017588e-01;3.0750000e+02;9.0415619e-02;3.0750000e+02;4.7270209e-02;3.0750000e+02;3.7412937e-03;3.0750000e+02;1.8334825e-02;3.0750000e+02;3.6930159e-02;3.0750000e+02;6.1277397e-02;3.0750000e+02;8.9511193e-02;3.0750000e+02;1.2002052e-01;3.0750000e+02;1.5223294e-01;3.0750000e+02;1.8930270e-01;3.0750000e+02;2.2670816e-01;3.0750000e+02;2.5688854e-01;3.0750000e+02;2.7640620e-01;3.0750000e+02;2.8188735e-01;3.0750000e+02;2.6975003e-01;3.0750000e+02;2.3730175e-01;3.0750000e+02;1.9289251e-01;3.0750000e+02;1.4017588e-01;3.0750000e+02;9.0415619e-02;3.0750000e+02;4.7270209e-02;3.0750000e+02;3.7412937e-03;3.0750000e+02;1.8334825e-02;3.0750000e+02;3.6930159e-02;3.0750000e+02;6.1277397e-02;3.0750000e+02;8.9511193e-02;3.0750000e+02;1.2002052e-01;3.0750000e+02;1.5223294e-01;3.0750000e+02;1.8930270e-01;3.0750000e+02;2.2670816e-01;3.0750000e+02;2.5688854e-01;3.0750000e+02;2.7640620e-01;3.0750000e+02;2.8188735e-01;3.0750000e+02;2.6975003e-01;3.0750000e+02;2.3730175e-01;3.0750000e+02;1.9289251e-01;3.0750000e+02;1.4017588e-01;3.0750000e+02;9.0415619e-02;3.0750000e+02;4.7270209e-02;3.0750000e+02;3.7412937e-03;3.0750000e+02;1.8334825e-02;3.0750000e+02;3.6930159e-02;3.0750000e+02;6.1277397e-02;3.0750000e+02;8.9511193e-02;3.0750000e+02;1.2002052e-01;3.0750000e+02;1.5223294e-01;3.0750000e+02;1.8930270e-01;3.0750000e+02;2.2670816e-01;3.0750000e+02;2.5688854e-01;3.0750000e+02;2.7640620e-01;3.0750000e+02;2.8188735e-01;3.0750000e+02;2.6975003e-01;3.0750000e+02;2.3730175e-01;3.0750000e+02;1.9289251e-01;3.0750000e+02;1.4017588e-01;3.0750000e+02;9.0415619e-02;3.0750000e+02;4.7270209e-02;3.0750000e+02;3.7412937e-03;3.0750000e+02;1.8334825e-02;3.0750000e+02;3.6930159e-02;3.0750000e+02;6.1277397e-02;3.0750000e+02;8.9511193e-02;3.0750000e+02;1.2002052e-01;3.0750000e+02;1.5223294e-01;3.0750000e+02;1.8930270e-01;3.0750000e+02;2.2670816e-01;3.0750000e+02;2.5688854e-01;3.0750000e+02;2.7640620e-01;3.0750000e+02;2.8188735e-01;3.0750000e+02;2.6975003e-01;3.0750000e+02;2.3730175e-01;3.0750000e+02;1.9289251e-01;3.0750000e+02;1.4017588e-01;3.0750000e+02;9.0415619e-02;3.0750000e+02;4.7270209e-02;3.0750000e+02;3.7412937e-03;3.0750000e+02;1.8334825e-02;3.0750000e+02;3.6930159e-02;3.0750000e+02;6.1277397e-02;3.0750000e+02;8.9511193e-02;3.0750000e+02;1.2002052e-01;3.0750000e+02;1.5223294e-01;3.0750000e+02;1.8930270e-01;3.0750000e+02;2.2670816e-01;3.0750000e+02;2.5688854e-01;3.0750000e+02;2.7640620e-01;3.0750000e+02;2.8188735e-01;3.0750000e+02;2.6975003e-01;3.0750000e+02;2.3730175e-01;3.0750000e+02;1.9289251e-01;3.0750000e+02;1.4017588e-01;3.0750000e+02;9.0415619e-02;3.0750000e+02;4.7270209e-02;3.0750000e+02;3.7412937e-03;3.0750000e+02;1.8334825e-02;3.0750000e+02;3.6930159e-02;3.0750000e+02;6.1277397e-02;3.0750000e+02;8.9511193e-02;3.0750000e+02;1.2002052e-01;3.0750000e+02;1.5223294e-01;3.0750000e+02;1.8930270e-01;3.0750000e+02;2.2670816e-01;3.0750000e+02;2.5688854e-01;3.0750000e+02;2.7640620e-01;3.0750000e+02;2.8188735e-01;3.0750000e+02;2.6975003e-01;3.0750000e+02;2.3730175e-01;3.0750000e+02;1.9289251e-01;3.0750000e+02;1.4017588e-01;3.0750000e+02;9.0415619e-02;3.0750000e+02;4.7270209e-02;3.0750000e+02;3.7412937e-03;3.0750000e+02;1.8334825e-02;3.0750000e+02;3.6930159e-02;3.0750000e+02;6.1277397e-02;3.0750000e+02;8.9511193e-02;3.0750000e+02;1.2002052e-01;3.0750000e+02;1.5223294e-01;3.0750000e+02;1.8930270e-01;3.0750000e+02;2.2670816e-01;3.0750000e+02;2.5688854e-01;3.0750000e+02;2.7640620e-01;3.0750000e+02;2.8188735e-01;3.0750000e+02;2.6975003e-01;3.0750000e+02;2.3730175e-01;3.0750000e+02;1.9289251e-01;3.0750000e+02;1.4017588e-01;3.0750000e+02;9.0415619e-02;3.0750000e+02;4.7270209e-02;3.0750000e+02;3.7412937e-03;3.0750000e+02;1.8334825e-02;3.0750000e+02;3.6930159e-02;3.0750000e+02;6.1277397e-02;3.0750000e+02;8.9511193e-02;3.0750000e+02;1.2002052e-01;3.0750000e+02;1.5223294e-01;3.0750000e+02;1.8930270e-01;3.0750000e+02;2.2670816e-01;3.0750000e+02;2.5688854e-01;3.0750000e+02;2.7640620e-01;3.0750000e+02;2.8188735e-01;3.0750000e+02;2.6975003e-01;3.0750000e+02;2.3730175e-01;3.0750000e+02;1.9289251e-01;3.0750000e+02;1.4017588e-01;3.0750000e+02;9.0415619e-02;3.0750000e+02;4.7270209e-02;3.0750000e+02;3.7412937e-03;3.0750000e+02;1.8334825e-02;3.0750000e+02;3.6930159e-02;3.0750000e+02;6.1277397e-02;3.0750000e+02;8.9511193e-02;3.0750000e+02;1.2002052e-01;3.0750000e+02;1.5223294e-01;3.0750000e+02;1.8930270e-01;3.0750000e+02;2.2670816e-01;3.0750000e+02;2.5688854e-01;3.0750000e+02;2.7640620e-01;3.0750000e+02;2.8188735e-01;3.0750000e+02;2.6975003e-01;3.0750000e+02;2.3730175e-01;3.0750000e+02;1.9289251e-01;3.0750000e+02;1.4017588e-01;3.0750000e+02;9.0415619e-02;3.0750000e+02;4.7270209e-02;3.0750000e+02;3.7412937e-03;3.0750000e+02;1.8334825e-02;3.0750000e+02;3.6930159e-02;3.0750000e+02;6.1277397e-02;3.0750000e+02;8.9511193e-02;3.0750000e+02;1.2002052e-01;3.0750000e+02;1.5223294e-01;3.0750000e+02;1.8930270e-01;3.0750000e+02;2.2670816e-01;3.0750000e+02;2.5688854e-01;3.0750000e+02;2.7640620e-01;3.0750000e+02;2.8188735e-01;3.0750000e+02;2.6975003e-01;3.0750000e+02;2.3730175e-01;3.0750000e+02;1.9289251e-01;3.0750000e+02;1.4017588e-01;3.0750000e+02;9.0415619e-02;3.0750000e+02;4.7270209e-02;3.0750000e+02;3.7412937e-03;3.0750000e+02;1.8334825e-02;3.0750000e+02;3.6930159e-02;3.0750000e+02;6.1277397e-02;3.0750000e+02;8.9511193e-02;3.0750000e+02;1.2002052e-01;3.0750000e+02;1.5223294e-01;3.0750000e+02;1.8930270e-01;3.0750000e+02;2.2670816e-01;3.0750000e+02;2.5688854e-01;3.0750000e+02;2.7640620e-01;3.0750000e+02;2.8188735e-01;3.0750000e+02;2.6975003e-01;3.0750000e+02;2.3730175e-01;3.0750000e+02;1.9289251e-01;3.0750000e+02;1.4017588e-01;3.0750000e+02;9.0415619e-02;3.0750000e+02;4.7270209e-02;3.0750000e+02;3.7412937e-03;3.0750000e+02;1.8334825e-02;3.0750000e+02;3.6930159e-02;3.0750000e+02;6.1277397e-02;3.0750000e+02;8.9511193e-02;3.0750000e+02;1.2002052e-01;3.0750000e+02;1.5223294e-01;3.0750000e+02;1.8930270e-01;3.0750000e+02;2.2670816e-01;3.0750000e+02;2.5688854e-01;3.0750000e+02;2.7640620e-01;3.0750000e+02;2.8188735e-01;3.0750000e+02;2.6975003e-01;3.0750000e+02;2.3730175e-01;3.0750000e+02;1.9289251e-01;3.0750000e+02;1.4017588e-01;3.0750000e+02;9.0415619e-02;3.0750000e+02;4.7270209e-02;3.0750000e+02;3.7412937e-03;3.0750000e+02;1.8334825e-02;3.0750000e+02;3.6930159e-02;3.0750000e+02;6.1277397e-02;3.0750000e+02;8.9511193e-02;3.0750000e+02;1.2002052e-01;3.0750000e+02;1.5223294e-01;3.0750000e+02;1.8930270e-01;3.0750000e+02;2.2670816e-01;3.0750000e+02;2.5688854e-01;3.0750000e+02;2.7640620e-01;3.0750000e+02;2.8188735e-01;3.0750000e+02;2.6975003e-01;3.0750000e+02;2.3730175e-01;3.0750000e+02;1.9289251e-01;3.0750000e+02;1.4017588e-01;3.0750000e+02;9.0415619e-02;3.0750000e+02;4.7270209e-02;3.0750000e+02;3.7412937e-03;3.0750000e+02;1.8334825e-02;3.0750000e+02;3.6930159e-02;3.0750000e+02;6.1277397e-02;3.0750000e+02;8.9511193e-02;3.0750000e+02;1.2002052e-01;3.0750000e+02;1.5223294e-01;3.0750000e+02;1.8930270e-01;3.0750000e+02;2.2670816e-01;3.0750000e+02;2.5688854e-01;3.0750000e+02;2.7640620e-01;3.0750000e+02;2.8188735e-01;3.0750000e+02;2.6975003e-01;3.0750000e+02;2.3730175e-01;3.0750000e+02;1.9289251e-01;3.0750000e+02;1.4017588e-01;3.0750000e+02;9.0415619e-02;3.0750000e+02;4.7270209e-02;3.0750000e+02;3.7412937e-03;3.0750000e+02;1.8334825e-02;3.0750000e+02;3.6930159e-02;3.0750000e+02;6.1277397e-02;3.0750000e+02;8.9511193e-02;3.0750000e+02;1.2002052e-01;3.0750000e+02;1.5223294e-01;3.0750000e+02;1.8930270e-01;3.0750000e+02;2.2670816e-01;3.0750000e+02;2.5688854e-01;3.0750000e+02;2.7640620e-01;3.0750000e+02;2.8188735e-01;3.0750000e+02;2.6975003e-01;3.0750000e+02;2.3730175e-01;3.0750000e+02;1.9289251e-01;3.0750000e+02;1.4017588e-01;3.0750000e+02;9.0415619e-02;3.0750000e+02;4.7270209e-02;3.0750000e+02;3.7412937e-03;3.0750000e+02;1.8334825e-02;3.0750000e+02;3.6930159e-02;3.0750000e+02;6.1277397e-02;3.0750000e+02;8.9511193e-02;3.0750000e+02;1.2002052e-01;3.0750000e+02;1.5223294e-01;3.0750000e+02;1.8930270e-01;3.0750000e+02;2.2670816e-01;3.0750000e+02;2.5688854e-01;3.0750000e+02;2.7640620e-01;3.0750000e+02;2.8188735e-01;3.0750000e+02;2.6975003e-01;3.0750000e+02;2.3730175e-01;3.0750000e+02;1.9289251e-01;3.0750000e+02;1.4017588e-01;3.0750000e+02;9.0415619e-02;3.0750000e+02;4.7270209e-02;3.0750000e+02;3.7412937e-03;3.0750000e+02;1.8334825e-02;3.0750000e+02;3.6930159e-02;3.0750000e+02;6.1277397e-02;3.0750000e+02;8.9511193e-02;3.0750000e+02;1.2002052e-01;3.0750000e+02;1.5223294e-01;3.0750000e+02;1.8930270e-01;3.0750000e+02;2.2670816e-01;3.0750000e+02;2.5688854e-01;3.0750000e+02;2.7640620e-01;3.0750000e+02;2.8188735e-01;3.0750000e+02;2.6975003e-01;3.0750000e+02;2.3730175e-01;3.0750000e+02;1.9289251e-01;3.0750000e+02;1.4017588e-01;3.0750000e+02;9.0415619e-02;3.0750000e+02;4.7270209e-02;3.0750000e+02;3.7412937e-03;3.0750000e+02;1.8334825e-02;3.0750000e+02;3.6930159e-02;3.0750000e+02;6.1277397e-02;3.0750000e+02;8.9511193e-02;3.0750000e+02;1.2002052e-01;3.0750000e+02;1.5223294e-01;3.0750000e+02;1.8930270e-01;3.0750000e+02;2.2670816e-01;3.0750000e+02;2.5688854e-01;3.0750000e+02;2.7640620e-01;3.0750000e+02;2.8188735e-01;3.0750000e+02;2.6975003e-01;3.0750000e+02;2.3730175e-01;3.0750000e+02;1.9289251e-01;3.0750000e+02;1.4017588e-01;3.0750000e+02;9.0415619e-02;3.0750000e+02;4.7270209e-02;3.0750000e+02;3.7412937e-03;3.0750000e+02;1.8334825e-02;3.0750000e+02;3.6930159e-02;3.0750000e+02;6.1277397e-02;3.0750000e+02;8.9511193e-02;3.0750000e+02;1.2002052e-01;3.0750000e+02;1.5223294e-01;3.0750000e+02;1.8930270e-01;3.0750000e+02;2.2670816e-01;3.0750000e+02;2.5688854e-01;3.0750000e+02;2.7640620e-01;3.0750000e+02;2.8188735e-01;3.0750000e+02;2.6975003e-01;3.0750000e+02;2.3730175e-01;3.0750000e+02;1.9289251e-01;3.0750000e+02;1.4017588e-01;3.0750000e+02;9.0415619e-02;3.0750000e+02;4.7270209e-02;3.0750000e+02;3.7412937e-03;3.0750000e+02;1.8334825e-02;3.0750000e+02;3.6930159e-02;3.0750000e+02;6.1277397e-02;3.0750000e+02;8.9511193e-02;3.0750000e+02;1.2002052e-01;3.0750000e+02;1.5223294e-01;3.0750000e+02;1.8930270e-01;3.0750000e+02;2.2670816e-01;3.0750000e+02;2.5688854e-01;3.0750000e+02;2.7640620e-01;3.0750000e+02;2.8188735e-01;3.0750000e+02;2.6975003e-01;3.0750000e+02;2.3730175e-01;3.0750000e+02;1.9289251e-01;3.0750000e+02;1.4017588e-01;3.0750000e+02;9.0415619e-02;3.0750000e+02;4.7270209e-02;3.0750000e+02;3.7412937e-03;3.0750000e+02;1.8334825e-02;3.0750000e+02;3.6930159e-02;3.0750000e+02;6.1277397e-02;3.0750000e+02;8.9511193e-02;3.0750000e+02;1.2002052e-01;3.0750000e+02;1.5223294e-01;3.0750000e+02;1.8930270e-01;3.0750000e+02;2.2670816e-01;3.0750000e+02;2.5688854e-01;3.0750000e+02;2.7640620e-01;3.0750000e+02;2.8188735e-01;3.0750000e+02;2.6975003e-01;3.0750000e+02;2.3730175e-01;3.0750000e+02;1.9289251e-01;3.0750000e+02;1.4017588e-01;3.0750000e+02;9.0415619e-02;3.0750000e+02;4.7270209e-02;3.0750000e+02;3.7412937e-03;3.0750000e+02;1.8334825e-02;3.0750000e+02;3.6930159e-02;3.0750000e+02;6.1277397e-02;3.0750000e+02;8.9511193e-02;3.0750000e+02;1.2002052e-01;3.0750000e+02;1.5223294e-01;3.0750000e+02;1.8930270e-01;3.0750000e+02;2.2670816e-01;3.0750000e+02;2.5688854e-01;3.0750000e+02;2.7640620e-01;3.0750000e+02;2.8188735e-01;3.0750000e+02;2.6975003e-01;3.0750000e+02;2.3730175e-01;3.0750000e+02;1.9289251e-01;3.0750000e+02;1.4017588e-01;3.0750000e+02;9.0415619e-02;3.0750000e+02;4.7270209e-02;3.0750000e+02;3.7412937e-03;3.0750000e+02;1.8334825e-02;3.0750000e+02;3.6930159e-02;3.0750000e+02;6.1277397e-02;3.0750000e+02;8.9511193e-02;3.0750000e+02;1.2002052e-01;3.0750000e+02;1.5223294e-01;3.0750000e+02;1.8930270e-01;3.0750000e+02;2.2670816e-01;3.0750000e+02;2.5688854e-01;3.0750000e+02;2.7640620e-01;3.0750000e+02;2.8188735e-01;3.0750000e+02;2.6975003e-01;3.0750000e+02;2.3730175e-01;3.0750000e+02;1.9289251e-01;3.0750000e+02;1.4017588e-01;3.0750000e+02;9.0415619e-02;3.0750000e+02;4.7270209e-02;3.0750000e+02;3.7412937e-03;3.0750000e+02;1.8334825e-02;3.0750000e+02;3.6930159e-02;3.0750000e+02;6.1277397e-02;3.0750000e+02;8.9511193e-02;3.0750000e+02;1.2002052e-01;3.0750000e+02;1.5223294e-01;3.0750000e+02;1.8930270e-01;3.0750000e+02;2.2670816e-01;3.0750000e+02;2.5688854e-01;3.0750000e+02;2.7640620e-01;3.0750000e+02;2.8188735e-01;3.0750000e+02;2.6975003e-01;3.0750000e+02;2.3730175e-01;3.0750000e+02;1.9289251e-01;3.0750000e+02;1.4017588e-01;3.0750000e+02;9.0415619e-02;3.0750000e+02;4.7270209e-02;3.0750000e+02;3.7412937e-03;3.0750000e+02;1.8334825e-02;3.0750000e+02;3.6930159e-02;3.0750000e+02;6.1277397e-02;3.0750000e+02;8.9511193e-02;3.0750000e+02;1.2002052e-01;3.0750000e+02;1.5223294e-01;3.0750000e+02;1.8930270e-01;3.0750000e+02;2.2670816e-01;3.0750000e+02;2.5688854e-01;3.0750000e+02;2.7640620e-01;3.0750000e+02;2.8188735e-01;3.0750000e+02;2.6975003e-01;3.0750000e+02;2.3730175e-01;3.0750000e+02;1.9289251e-01;3.0750000e+02;1.4017588e-01;3.0750000e+02;9.0415619e-02;3.0750000e+02;4.7270209e-02;3.0750000e+02;3.7412937e-03;3.0750000e+02;1.8334825e-02;3.0750000e+02;3.6930159e-02;3.0750000e+02;6.1277397e-02;3.0750000e+02;8.9511193e-02;3.0750000e+02;1.2002052e-01;3.0750000e+02;1.5223294e-01;3.0750000e+02;1.8930270e-01;3.0750000e+02;2.2670816e-01;3.0750000e+02;2.5688854e-01;3.0750000e+02;2.7640620e-01;3.0750000e+02;2.8188735e-01;3.0750000e+02;2.6975003e-01;3.0750000e+02;2.3730175e-01;3.0750000e+02;1.9289251e-01;3.0750000e+02;1.4017588e-01;3.0750000e+02;9.0415619e-02;3.0750000e+02;4.7270209e-02;3.0750000e+02;3.7412937e-03;3.0750000e+02;1.8334825e-02;3.0750000e+02;3.6930159e-02;3.0750000e+02;6.1277397e-02;3.0750000e+02;8.9511193e-02;3.0750000e+02;1.2002052e-01;3.0750000e+02;1.5223294e-01;3.0750000e+02;1.8930270e-01;3.0750000e+02;2.2670816e-01;3.0750000e+02;2.5688854e-01;3.0750000e+02;2.7640620e-01;3.0750000e+02;2.8188735e-01;3.0750000e+02;2.6975003e-01;3.0750000e+02;2.3730175e-01;3.0750000e+02;1.9289251e-01;3.0750000e+02;1.4017588e-01;3.0750000e+02;9.0415619e-02;3.0750000e+02;4.7270209e-02;3.0750000e+02;3.7412937e-03;3.0750000e+02;1.8334825e-02;3.0750000e+02;3.6930159e-02;3.0750000e+02;6.1277397e-02;3.0750000e+02;8.9511193e-02;3.0750000e+02;1.2002052e-01;3.0750000e+02;1.5223294e-01;3.0750000e+02;1.8930270e-01;3.0750000e+02;2.2670816e-01;3.0750000e+02;2.5688854e-01;3.0750000e+02;2.7640620e-01;3.0750000e+02;2.8188735e-01;3.0750000e+02;2.6975003e-01;3.0750000e+02;2.3730175e-01;3.0750000e+02;1.9289251e-01;3.0750000e+02;1.4017588e-01;3.0750000e+02;9.0415619e-02;3.0750000e+02;4.7270209e-02;3.0750000e+02;3.7412937e-03;3.0750000e+02;1.8334825e-02;3.0750000e+02;3.6930159e-02;3.0750000e+02;6.1277397e-02;3.0750000e+02;8.9511193e-02;3.0750000e+02;1.2002052e-01;3.0750000e+02;1.5223294e-01;3.0750000e+02;1.8930270e-01;3.0750000e+02;2.2670816e-01;3.0750000e+02;2.5688854e-01;3.0750000e+02;2.7640620e-01;3.0750000e+02;2.8188735e-01;3.0750000e+02;2.6975003e-01;3.0750000e+02;2.3730175e-01;3.0750000e+02;1.9289251e-01;3.0750000e+02;1.4017588e-01;3.0750000e+02;9.0415619e-02;3.0750000e+02;4.7270209e-02;3.0750000e+02;3.7412937e-03;3.0750000e+02;1.8334825e-02;3.0750000e+02;3.6930159e-02;3.0750000e+02;6.1277397e-02;3.0750000e+02;8.9511193e-02;3.0750000e+02;1.2002052e-01;3.0750000e+02;1.5223294e-01;3.0750000e+02;1.8930270e-01;3.0750000e+02;2.2670816e-01;3.0750000e+02;2.5688854e-01;3.0750000e+02;2.7640620e-01;3.0750000e+02;2.8188735e-01;3.0750000e+02;2.6975003e-01;3.0750000e+02;2.3730175e-01;3.0750000e+02;1.9289251e-01;3.0750000e+02;1.4017588e-01;3.0750000e+02;9.0415619e-02;3.0750000e+02;4.7270209e-02;3.0750000e+02;3.7412937e-03;3.0750000e+02;1.8334825e-02;3.0750000e+02;3.6930159e-02;3.0750000e+02;6.1277397e-02;3.0750000e+02;8.9511193e-02;3.0750000e+02;1.2002052e-01;3.0750000e+02;1.5223294e-01;3.0750000e+02;1.8930270e-01;3.0750000e+02;2.2670816e-01;3.0750000e+02;2.5688854e-01;3.0750000e+02;2.7640620e-01;3.0750000e+02;2.8188735e-01;3.0750000e+02;2.6975003e-01;3.0750000e+02;2.3730175e-01;3.0750000e+02;1.9289251e-01;3.0750000e+02;1.4017588e-01;3.0750000e+02;9.0415619e-02;3.0750000e+02;4.7270209e-02;3.0750000e+02;3.7412937e-03;3.0750000e+02;1.8334825e-02;3.0750000e+02;3.6930159e-02;3.0750000e+02;6.1277397e-02;3.0750000e+02;8.9511193e-02;3.0750000e+02;1.2002052e-01;3.0750000e+02;1.5223294e-01;3.0750000e+02;1.8930270e-01;3.0750000e+02;2.2670816e-01;3.0750000e+02;2.5688854e-01;3.0750000e+02;2.7640620e-01;3.0750000e+02;2.8188735e-01;3.0750000e+02;2.6975003e-01;3.0750000e+02;2.3730175e-01;3.0750000e+02;1.9289251e-01;3.0750000e+02;1.4017588e-01;3.0750000e+02;9.0415619e-02;3.0750000e+02;4.7270209e-02;3.0750000e+02;3.7412937e-03;3.0750000e+02;1.8334825e-02;3.0750000e+02;3.6930159e-02;3.0750000e+02;6.1277397e-02;3.0750000e+02;8.9511193e-02;3.0750000e+02;1.2002052e-01;3.0750000e+02;1.5223294e-01;3.0750000e+02;1.8930270e-01;3.0750000e+02;2.2670816e-01;3.0750000e+02;2.5688854e-01;3.0750000e+02;2.7640620e-01;3.0750000e+02;2.8188735e-01;3.0750000e+02;2.6975003e-01;3.0750000e+02;2.3730175e-01;3.0750000e+02;1.9289251e-01;3.0750000e+02;1.4017588e-01;3.0750000e+02;9.0415619e-02;3.0750000e+02;4.7270209e-02;3.0750000e+02;3.7412937e-03;3.0750000e+02;1.8334825e-02;3.0750000e+02;3.6930159e-02;3.0750000e+02;6.1277397e-02;3.0750000e+02;8.9511193e-02;3.0750000e+02;1.2002052e-01;3.0750000e+02;1.5223294e-01;3.0750000e+02;1.8930270e-01;3.0750000e+02;2.2670816e-01;3.0750000e+02;2.5688854e-01;3.0750000e+02;2.7640620e-01;3.0750000e+02;2.8188735e-01;3.0750000e+02;2.6975003e-01;3.0750000e+02;2.3730175e-01;3.0750000e+02;1.9289251e-01;3.0750000e+02;1.4017588e-01;3.0750000e+02;9.0415619e-02;3.0750000e+02;4.7270209e-02;3.0750000e+02;3.7412937e-03;3.0750000e+02;1.8334825e-02;3.0750000e+02;3.6930159e-02;3.0750000e+02;6.1277397e-02;3.0750000e+02;8.9511193e-02;3.0750000e+02;1.2002052e-01;3.0750000e+02;1.5223294e-01;3.0750000e+02;1.8930270e-01;3.0750000e+02;2.2670816e-01;3.0750000e+02;2.5688854e-01;3.0750000e+02;2.7640620e-01;3.0750000e+02;2.8188735e-01;3.0750000e+02;2.6975003e-01;3.0750000e+02;2.3730175e-01;3.0750000e+02;1.9289251e-01;3.0750000e+02;1.4017588e-01;3.0750000e+02;9.0415619e-02;3.0750000e+02;4.7270209e-02;3.0750000e+02;3.7412937e-03;3.0750000e+02;1.8334825e-02;3.0750000e+02;3.6930159e-02;3.0750000e+02;6.1277397e-02;3.0750000e+02;8.9511193e-02;3.0750000e+02;1.2002052e-01;3.0750000e+02;1.5223294e-01;3.0750000e+02;1.8930270e-01;3.0750000e+02;2.2670816e-01;3.0750000e+02;2.5688854e-01;3.0750000e+02;2.7640620e-01;3.0750000e+02;2.8188735e-01;3.0750000e+02;2.6975003e-01;3.0750000e+02;2.3730175e-01;3.0750000e+02;1.9289251e-01;3.0750000e+02;1.4017588e-01;3.0750000e+02;9.0415619e-02;3.0750000e+02;4.7270209e-02;3.0750000e+02;3.7412937e-03;3.0750000e+02;1.8334825e-02;3.0750000e+02;3.6930159e-02;3.0750000e+02;6.1277397e-02;3.0750000e+02;8.9511193e-02;3.0750000e+02;1.2002052e-01;3.0750000e+02;1.5223294e-01;3.0750000e+02;1.8930270e-01;3.0750000e+02;2.2670816e-01;3.0750000e+02;2.5688854e-01;3.0750000e+02;2.7640620e-01;3.0750000e+02;2.8188735e-01;3.0750000e+02;2.6975003e-01;3.0750000e+02;2.3730175e-01;3.0750000e+02;1.9289251e-01;3.0750000e+02;1.4017588e-01;3.0750000e+02;9.0415619e-02;3.0750000e+02;4.7270209e-02;3.0750000e+02;3.7412937e-03;3.0750000e+02;1.8334825e-02;3.0750000e+02;3.6930159e-02;3.0750000e+02;6.1277397e-02;3.0750000e+02;8.9511193e-02;3.0750000e+02;1.2002052e-01;3.0750000e+02;1.5223294e-01;3.0750000e+02;1.8930270e-01;3.0750000e+02;2.2670816e-01;3.0750000e+02;2.5688854e-01;3.0750000e+02;2.7640620e-01;3.0750000e+02;2.8188735e-01;3.0750000e+02;2.6975003e-01;3.0750000e+02;2.3730175e-01;3.0750000e+02;1.9289251e-01;3.0750000e+02;1.4017588e-01;3.0750000e+02;9.0415619e-02;3.0750000e+02;4.7270209e-02;3.0750000e+02;3.7412937e-03;3.0750000e+02;1.8334825e-02;3.0750000e+02;3.6930159e-02;3.0750000e+02;6.1277397e-02;3.0750000e+02;8.9511193e-02;3.0750000e+02;1.2002052e-01;3.0750000e+02;1.5223294e-01;3.0750000e+02;1.8930270e-01;3.0750000e+02;2.2670816e-01;3.0750000e+02;2.5688854e-01;3.0750000e+02;2.7640620e-01;3.0750000e+02;2.8188735e-01;3.0750000e+02;2.6975003e-01;3.0750000e+02;2.3730175e-01;3.0750000e+02;1.9289251e-01;3.0750000e+02;1.4017588e-01;3.0750000e+02;9.0415619e-02;3.0750000e+02;4.7270209e-02;3.0750000e+02;3.7412937e-03;3.0750000e+02;1.8334825e-02;3.0750000e+02;3.6930159e-02;3.0750000e+02;6.1277397e-02;3.0750000e+02;8.9511193e-02;3.0750000e+02;1.2002052e-01;3.0750000e+02;1.5223294e-01;3.0750000e+02;1.8930270e-01;3.0750000e+02;2.2670816e-01;3.0750000e+02;2.5688854e-01;3.0750000e+02;2.7640620e-01;3.0750000e+02;2.8188735e-01;3.0750000e+02;2.6975003e-01;3.0750000e+02;2.3730175e-01;3.0750000e+02;1.9289251e-01;3.0750000e+02;1.4017588e-01;3.0750000e+02;9.0415619e-02;3.0750000e+02;4.7270209e-02;3.0750000e+02;3.7412937e-03;3.0750000e+02;1.8334825e-02;3.0750000e+02;3.6930159e-02;3.0750000e+02;6.1277397e-02;3.0750000e+02;8.9511193e-02;3.0750000e+02;1.2002052e-01;3.0750000e+02;1.5223294e-01;3.0750000e+02;1.8930270e-01;3.0750000e+02;2.2670816e-01;3.0750000e+02;2.5688854e-01;3.0750000e+02;2.7640620e-01;3.0750000e+02;2.8188735e-01;3.0750000e+02;2.6975003e-01;3.0750000e+02;2.3730175e-01;3.0750000e+02;1.9289251e-01;3.0750000e+02;1.4017588e-01;3.0750000e+02;9.0415619e-02;3.0750000e+02;4.7270209e-02;3.0750000e+02;3.7412937e-03;3.0750000e+02;1.8334825e-02;3.0750000e+02;3.6930159e-02;3.0750000e+02;6.1277397e-02;3.0750000e+02;8.9511193e-02;3.0750000e+02;1.2002052e-01;3.0750000e+02;1.5223294e-01;3.0750000e+02;1.8930270e-01;3.0750000e+02;2.2670816e-01;3.0750000e+02;2.5688854e-01;3.0750000e+02;2.7640620e-01;3.0750000e+02;2.8188735e-01;3.0750000e+02;2.6975003e-01;3.0750000e+02;2.3730175e-01;3.0750000e+02;1.9289251e-01;3.0750000e+02;1.4017588e-01;3.0750000e+02;9.0415619e-02;3.0750000e+02;4.7270209e-02;3.0750000e+02;3.7412937e-03;3.0750000e+02;1.8334825e-02;3.0750000e+02;3.6930159e-02;3.0750000e+02;6.1277397e-02;3.0750000e+02;8.9511193e-02;3.0750000e+02;1.2002052e-01;3.0750000e+02;1.5223294e-01;3.0750000e+02;1.8930270e-01;3.0750000e+02;2.2670816e-01;3.0750000e+02;2.5688854e-01;3.0750000e+02;2.7640620e-01;3.0750000e+02;2.8188735e-01;3.0750000e+02;2.6975003e-01;3.0750000e+02;2.3730175e-01;3.0750000e+02;1.9289251e-01;3.0750000e+02;1.4017588e-01;3.0750000e+02;9.0415619e-02;3.0750000e+02;4.7270209e-02;3.0750000e+02;3.7412937e-03;3.0750000e+02;1.8334825e-02;3.0750000e+02;3.6930159e-02;3.0750000e+02;6.1277397e-02;3.0750000e+02;8.9511193e-02;3.0750000e+02;1.2002052e-01;3.0750000e+02;1.5223294e-01;3.0750000e+02;1.8930270e-01;3.0750000e+02;2.2670816e-01;3.0750000e+02;2.5688854e-01;3.0750000e+02;2.7640620e-01;3.0750000e+02;2.8188735e-01;3.0750000e+02;2.6975003e-01;3.0750000e+02;2.3730175e-01;3.0750000e+02;1.9289251e-01;3.0750000e+02;1.4017588e-01;3.0750000e+02;9.0415619e-02;3.0750000e+02;4.7270209e-02;3.0750000e+02;3.7412937e-03;3.0750000e+02;1.8334825e-02;3.0750000e+02;3.6930159e-02;3.0750000e+02;6.1277397e-02;3.0750000e+02;8.9511193e-02;3.0750000e+02;1.2002052e-01;3.0750000e+02;1.5223294e-01;3.0750000e+02;1.8930270e-01;3.0750000e+02;2.2670816e-01;3.0750000e+02;2.5688854e-01;3.0750000e+02;2.7640620e-01;3.0750000e+02;2.8188735e-01;3.0750000e+02;2.6975003e-01;3.0750000e+02;2.3730175e-01;3.0750000e+02;1.9289251e-01;3.0750000e+02;1.4017588e-01;3.0750000e+02;9.0415619e-02;3.0750000e+02;4.7270209e-02;3.0750000e+02;3.7412937e-03;3.0750000e+02;1.8334825e-02;3.0750000e+02;3.6930159e-02;3.0750000e+02;6.1277397e-02;3.0750000e+02;8.9511193e-02;3.0750000e+02;1.2002052e-01;3.0750000e+02;1.5223294e-01;3.0750000e+02;1.8930270e-01;3.0750000e+02;2.2670816e-01;3.0750000e+02;2.5688854e-01;3.0750000e+02;2.7640620e-01;3.0750000e+02;2.8188735e-01;3.0750000e+02;2.6975003e-01;3.0750000e+02;2.3730175e-01;3.0750000e+02;1.9289251e-01;3.0750000e+02;1.4017588e-01;3.0750000e+02;9.0415619e-02;3.0750000e+02;4.7270209e-02;3.0750000e+02;3.7412937e-03;3.0750000e+02;1.8334825e-02;3.0750000e+02;3.6930159e-02;3.0750000e+02;6.1277397e-02;3.0750000e+02;8.9511193e-02;3.0750000e+02;1.2002052e-01;3.0750000e+02;1.5223294e-01;3.0750000e+02;1.8930270e-01;3.0750000e+02;2.2670816e-01;3.0750000e+02;2.5688854e-01;3.0750000e+02;2.7640620e-01;3.0750000e+02;2.8188735e-01;3.0750000e+02;2.6975003e-01;3.0750000e+02;2.3730175e-01;3.0750000e+02;1.9289251e-01;3.0750000e+02;1.4017588e-01;3.0750000e+02;9.0415619e-02;3.0750000e+02;4.7270209e-02;3.0750000e+02;3.7412937e-03;3.0750000e+02;1.8334825e-02;3.0750000e+02;3.6930159e-02;3.0750000e+02;6.1277397e-02;3.0750000e+02;8.9511193e-02;3.0750000e+02;1.2002052e-01;3.0750000e+02;1.5223294e-01;3.0750000e+02;1.8930270e-01;3.0750000e+02;2.2670816e-01;3.0750000e+02;2.5688854e-01;3.0750000e+02;2.7640620e-01;3.0750000e+02;2.8188735e-01;3.0750000e+02;2.6975003e-01;3.0750000e+02;2.3730175e-01;3.0750000e+02;1.9289251e-01;3.0750000e+02;1.4017588e-01;3.0750000e+02;9.0415619e-02;3.0750000e+02;4.7270209e-02;3.0750000e+02;3.7412937e-03;3.0750000e+02;1.8334825e-02;3.0750000e+02;3.6930159e-02;3.0750000e+02;6.1277397e-02;3.0750000e+02;8.9511193e-02;3.0750000e+02;1.2002052e-01;3.0750000e+02;1.5223294e-01;3.0750000e+02;1.8930270e-01;3.0750000e+02;2.2670816e-01;3.0750000e+02;2.5688854e-01;3.0750000e+02;2.7640620e-01;3.0750000e+02;2.8188735e-01;3.0750000e+02;2.6975003e-01;3.0750000e+02;2.3730175e-01;3.0750000e+02;1.9289251e-01;3.0750000e+02;1.4017588e-01;3.0750000e+02;9.0415619e-02;3.0750000e+02;4.7270209e-02;3.0750000e+02;3.7412937e-03;3.0750000e+02;1.8334825e-02;3.0750000e+02;3.6930159e-02;3.0750000e+02;6.1277397e-02;3.0750000e+02;8.9511193e-02;3.0750000e+02;1.2002052e-01;3.0750000e+02;1.5223294e-01;3.0750000e+02;1.8930270e-01;3.0750000e+02;2.2670816e-01;3.0750000e+02;2.5688854e-01;3.0750000e+02;2.7640620e-01;3.0750000e+02;2.8188735e-01;3.0750000e+02;2.6975003e-01;3.0750000e+02;2.3730175e-01;3.0750000e+02;1.9289251e-01;3.0750000e+02;1.4017588e-01;3.0750000e+02;9.0415619e-02;3.0750000e+02;4.7270209e-02;3.0750000e+02;3.7412937e-03;3.0750000e+02;1.8334825e-02;3.0750000e+02;3.6930159e-02;3.0750000e+02;6.1277397e-02;3.0750000e+02;8.9511193e-02;3.0750000e+02;1.2002052e-01;3.0750000e+02;1.5223294e-01;3.0750000e+02;1.8930270e-01;3.0750000e+02;2.2670816e-01;3.0750000e+02;2.5688854e-01;3.0750000e+02;2.7640620e-01;3.0750000e+02;2.8188735e-01;3.0750000e+02;2.6975003e-01;3.0750000e+02;2.3730175e-01;3.0750000e+02;1.9289251e-01;3.0750000e+02;1.4017588e-01;3.0750000e+02;9.0415619e-02;3.0750000e+02;4.7270209e-02;3.0750000e+02;3.7412937e-03;3.0750000e+02;1.8334825e-02;3.0750000e+02;3.6930159e-02;3.0750000e+02;6.1277397e-02;3.0750000e+02;8.9511193e-02;3.0750000e+02;1.2002052e-01;3.0750000e+02;1.5223294e-01;3.0750000e+02;1.8930270e-01;3.0750000e+02;2.2670816e-01;3.0750000e+02;2.5688854e-01;3.0750000e+02;2.7640620e-01;3.0750000e+02;2.8188735e-01;3.0750000e+02;2.6975003e-01;3.0750000e+02;2.3730175e-01;3.0750000e+02;1.9289251e-01;3.0750000e+02;1.4017588e-01;3.0750000e+02;9.0415619e-02;3.0750000e+02;4.7270209e-02;3.0750000e+02;3.7412937e-03;3.0750000e+02;1.8334825e-02;3.0750000e+02;3.6930159e-02;3.0750000e+02;6.1277397e-02;3.0750000e+02;8.9511193e-02;3.0750000e+02;1.2002052e-01;3.0750000e+02;1.5223294e-01;3.0750000e+02;1.8930270e-01;3.0750000e+02;2.2670816e-01;3.0750000e+02;2.5688854e-01;3.0750000e+02;2.7640620e-01;3.0750000e+02;2.8188735e-01;3.0750000e+02;2.6975003e-01;3.0750000e+02;2.3730175e-01;3.0750000e+02;1.9289251e-01;3.0750000e+02;1.4017588e-01;3.0750000e+02;9.0415619e-02;3.0750000e+02;4.7270209e-02;3.0750000e+02;3.7412937e-03;3.0750000e+02;1.8334825e-02;3.0750000e+02;3.6930159e-02;3.0750000e+02;6.1277397e-02;3.0750000e+02;8.9511193e-02;3.0750000e+02;1.2002052e-01;3.0750000e+02;1.5223294e-01;3.0750000e+02;1.8930270e-01;3.0750000e+02;2.2670816e-01;3.0750000e+02;2.5688854e-01;3.0750000e+02;2.7640620e-01;3.0750000e+02;2.8188735e-01;3.0750000e+02;2.6975003e-01;3.0750000e+02;2.3730175e-01;3.0750000e+02;1.9289251e-01;3.0750000e+02;1.4017588e-01;3.0750000e+02;9.0415619e-02;3.0750000e+02;4.7270209e-02;3.0750000e+02;3.7412937e-03;3.0750000e+02;1.8334825e-02;3.0750000e+02;3.6930159e-02;3.0750000e+02;6.1277397e-02;3.0750000e+02;8.9511193e-02;3.0750000e+02;1.2002052e-01;3.0750000e+02;1.5223294e-01;3.0750000e+02;1.8930270e-01;3.0750000e+02;2.2670816e-01;3.0750000e+02;2.5688854e-01;3.0750000e+02;2.7640620e-01;3.0750000e+02;2.8188735e-01;3.0750000e+02;2.6975003e-01;3.0750000e+02;2.3730175e-01;3.0750000e+02;1.9289251e-01;3.0750000e+02;1.4017588e-01;3.0750000e+02;9.0415619e-02;3.0750000e+02;4.7270209e-02;3.0750000e+02;3.7412937e-03;3.0750000e+02;1.8334825e-02;3.0750000e+02;3.6930159e-02;3.0750000e+02;6.1277397e-02;3.0750000e+02;8.9511193e-02;3.0750000e+02;1.2002052e-01;3.0750000e+02;1.5223294e-01;3.0750000e+02;1.8930270e-01;3.0750000e+02;2.2670816e-01;3.0750000e+02;2.5688854e-01;3.0750000e+02;2.7640620e-01;3.0750000e+02;2.8188735e-01;3.0750000e+02;2.6975003e-01;3.0750000e+02;2.3730175e-01;3.0750000e+02;1.9289251e-01;3.0750000e+02;1.4017588e-01;3.0750000e+02;9.0415619e-02;3.0750000e+02;4.7270209e-02;3.0750000e+02;3.7412937e-03;3.0750000e+02;1.8334825e-02;3.0750000e+02;3.6930159e-02;3.0750000e+02;6.1277397e-02;3.0750000e+02;8.9511193e-02;3.0750000e+02;1.2002052e-01;3.0750000e+02;1.5223294e-01;3.0750000e+02;1.8930270e-01;3.0750000e+02;2.2670816e-01;3.0750000e+02;2.5688854e-01;3.0750000e+02;2.7640620e-01;3.0750000e+02;2.8188735e-01;3.0750000e+02;2.6975003e-01;3.0750000e+02;2.3730175e-01;3.0750000e+02;1.9289251e-01;3.0750000e+02;1.4017588e-01;3.0750000e+02;9.0415619e-02;3.0750000e+02;4.7270209e-02;3.0750000e+02;3.7412937e-03;3.0750000e+02;1.8334825e-02;3.0750000e+02;3.6930159e-02;3.0750000e+02;6.1277397e-02;3.0750000e+02;8.9511193e-02;3.0750000e+02;1.2002052e-01;3.0750000e+02;1.5223294e-01;3.0750000e+02;1.8930270e-01;3.0750000e+02;2.2670816e-01;3.0750000e+02;2.5688854e-01;3.0750000e+02;2.7640620e-01;3.0750000e+02;2.8188735e-01;3.0750000e+02;2.6975003e-01;3.0750000e+02;2.3730175e-01;3.0750000e+02;1.9289251e-01;3.0750000e+02;1.4017588e-01;3.0750000e+02;9.0415619e-02;3.0750000e+02;4.7270209e-02;3.0750000e+02;3.7412937e-03;3.0750000e+02;1.8334825e-02;3.0750000e+02;3.6930159e-02;3.0750000e+02;6.1277397e-02;3.0750000e+02;8.9511193e-02;3.0750000e+02;1.2002052e-01;3.0750000e+02;1.5223294e-01;3.0750000e+02;1.8930270e-01;3.0750000e+02;2.2670816e-01;3.0750000e+02;2.5688854e-01;3.0750000e+02;2.7640620e-01;3.0750000e+02;2.8188735e-01;3.0750000e+02;2.6975003e-01;3.0750000e+02;2.3730175e-01;3.0750000e+02;1.9289251e-01;3.0750000e+02;1.4017588e-01;3.0750000e+02;9.0415619e-02;3.0750000e+02;4.7270209e-02;3.0750000e+02;3.7412937e-03;3.0750000e+02;1.8334825e-02;3.0750000e+02;3.6930159e-02;3.0750000e+02;6.1277397e-02;3.0750000e+02;8.9511193e-02;3.0750000e+02;1.2002052e-01;3.0750000e+02;1.5223294e-01;3.0750000e+02;1.8930270e-01;3.0750000e+02;2.2670816e-01;3.0750000e+02;2.5688854e-01;3.0750000e+02;2.7640620e-01;3.0750000e+02;2.8188735e-01;3.0750000e+02;2.6975003e-01;3.0750000e+02;2.3730175e-01;3.0750000e+02;1.9289251e-01;3.0750000e+02;1.4017588e-01;3.0750000e+02;9.0415619e-02;3.0750000e+02;4.7270209e-02;3.0750000e+02;3.7412937e-03;3.0750000e+02;1.8334825e-02;3.0750000e+02;3.6930159e-02;3.0750000e+02;6.1277397e-02;3.0750000e+02;8.9511193e-02;3.0750000e+02;1.2002052e-01;3.0750000e+02;1.5223294e-01;3.0750000e+02;1.8930270e-01;3.0750000e+02;2.2670816e-01;3.0750000e+02;2.5688854e-01;3.0750000e+02;2.7640620e-01;3.0750000e+02;2.8188735e-01;3.0750000e+02;2.6975003e-01;3.0750000e+02;2.3730175e-01;3.0750000e+02;1.9289251e-01;3.0750000e+02;1.4017588e-01;3.0750000e+02;9.0415619e-02;3.0750000e+02;4.7270209e-02;3.0750000e+02;3.7412937e-03;3.0750000e+02;1.8334825e-02;3.0750000e+02;3.6930159e-02;3.0750000e+02;6.1277397e-02;3.0750000e+02;8.9511193e-02;3.0750000e+02;1.2002052e-01;3.0750000e+02;1.5223294e-01;3.0750000e+02;1.8930270e-01;3.0750000e+02;2.2670816e-01;3.0750000e+02;2.5688854e-01;3.0750000e+02;2.7640620e-01;3.0750000e+02;2.8188735e-01;3.0750000e+02;2.6975003e-01;3.0750000e+02;2.3730175e-01;3.0750000e+02;1.9289251e-01;3.0750000e+02;1.4017588e-01;3.0750000e+02;9.0415619e-02;3.0750000e+02;4.7270209e-02;3.0750000e+02;3.7412937e-03;3.0750000e+02;1.8334825e-02;3.0750000e+02;3.6930159e-02;3.0750000e+02;6.1277397e-02;3.0750000e+02;8.9511193e-02;3.0750000e+02;1.2002052e-01;3.0750000e+02;1.5223294e-01;3.0750000e+02;1.8930270e-01;3.0750000e+02;2.2670816e-01;3.0750000e+02;2.5688854e-01;3.0750000e+02;2.7640620e-01;3.0750000e+02;2.8188735e-01;3.0750000e+02;2.6975003e-01;3.0750000e+02;2.3730175e-01;3.0750000e+02;1.9289251e-01;3.0750000e+02;1.4017588e-01;3.0750000e+02;9.0415619e-02;3.0750000e+02;4.7270209e-02;3.0750000e+02;3.7412937e-03;3.0750000e+02;1.8334825e-02;3.0750000e+02;3.6930159e-02;3.0750000e+02;6.1277397e-02;3.0750000e+02;8.9511193e-02;3.0750000e+02;1.2002052e-01;3.0750000e+02;1.5223294e-01;3.0750000e+02;1.8930270e-01;3.0750000e+02;2.2670816e-01;3.0750000e+02;2.5688854e-01;3.0750000e+02;2.7640620e-01;3.0750000e+02;2.8188735e-01;3.0750000e+02;2.6975003e-01;3.0750000e+02;2.3730175e-01;3.0750000e+02;1.9289251e-01;3.0750000e+02;1.4017588e-01;3.0750000e+02;9.0415619e-02;3.0750000e+02;4.7270209e-02;3.0750000e+02;3.7412937e-03;3.0750000e+02;1.8334825e-02;3.0750000e+02;3.6930159e-02;3.0750000e+02;6.1277397e-02;3.0750000e+02;8.9511193e-02;3.0750000e+02;1.2002052e-01;3.0750000e+02;1.5223294e-01;3.0750000e+02;1.8930270e-01;3.0750000e+02;2.2670816e-01;3.0750000e+02;2.5688854e-01;3.0750000e+02;2.7640620e-01;3.0750000e+02;2.8188735e-01;3.0750000e+02;2.6975003e-01;3.0750000e+02;2.3730175e-01;3.0750000e+02;1.9289251e-01;3.0750000e+02;1.4017588e-01;3.0750000e+02;9.0415619e-02;3.0750000e+02;4.7270209e-02;3.0750000e+02;3.7412937e-03;3.0750000e+02;1.8334825e-02;3.0750000e+02;3.6930159e-02;3.0750000e+02;6.1277397e-02;3.0750000e+02;8.9511193e-02;3.0750000e+02;1.2002052e-01;3.0750000e+02;1.5223294e-01;3.0750000e+02;1.8930270e-01;3.0750000e+02;2.2670816e-01;3.0750000e+02;2.5688854e-01;3.0750000e+02;2.7640620e-01;3.0750000e+02;2.8188735e-01;3.0750000e+02;2.6975003e-01;3.0750000e+02;2.3730175e-01;3.0750000e+02;1.9289251e-01;3.0750000e+02;1.4017588e-01;3.0750000e+02;9.0415619e-02;3.0750000e+02;4.7270209e-02;3.0750000e+02;3.7412937e-03;3.0750000e+02;1.8334825e-02;3.0750000e+02;3.6930159e-02;3.0750000e+02;6.1277397e-02;3.0750000e+02;8.9511193e-02;3.0750000e+02;1.2002052e-01;3.0750000e+02;1.5223294e-01;3.0750000e+02;1.8930270e-01;3.0750000e+02;2.2670816e-01;3.0750000e+02;2.5688854e-01;3.0750000e+02;2.7640620e-01;3.0750000e+02;2.8188735e-01;3.0750000e+02;2.6975003e-01;3.0750000e+02;2.3730175e-01;3.0750000e+02;1.9289251e-01;3.0750000e+02;1.4017588e-01;3.0750000e+02;9.0415619e-02;3.0750000e+02;4.7270209e-02;3.0750000e+02;3.7412937e-03;3.0750000e+02;1.8334825e-02;3.0750000e+02;3.6930159e-02;3.0750000e+02;6.1277397e-02;3.0750000e+02;8.9511193e-02;3.0750000e+02;1.2002052e-01;3.0750000e+02;1.5223294e-01;3.0750000e+02;1.8930270e-01;3.0750000e+02;2.2670816e-01;3.0750000e+02;2.5688854e-01;3.0750000e+02;2.7640620e-01;3.0750000e+02;2.8188735e-01;3.0750000e+02;2.6975003e-01;3.0750000e+02;2.3730175e-01;3.0750000e+02;1.9289251e-01;3.0750000e+02;1.4017588e-01;3.0750000e+02;9.0415619e-02;3.0750000e+02;4.7270209e-02;3.0750000e+02;3.7412937e-03;3.0750000e+02;1.8334825e-02;3.0750000e+02;3.6930159e-02;3.0750000e+02;6.1277397e-02;3.0750000e+02;8.9511193e-02;3.0750000e+02;1.2002052e-01;3.0750000e+02;1.5223294e-01;3.0750000e+02;1.8930270e-01;3.0750000e+02;2.2670816e-01;3.0750000e+02;2.5688854e-01;3.0750000e+02;2.7640620e-01;3.0750000e+02;2.8188735e-01;3.0750000e+02;2.6975003e-01;3.0750000e+02;2.3730175e-01;3.0750000e+02;1.9289251e-01;3.0750000e+02;1.4017588e-01;3.0750000e+02;9.0415619e-02;3.0750000e+02;4.7270209e-02;3.0750000e+02;3.7412937e-03;3.0750000e+02;1.8334825e-02;3.0750000e+02;3.6930159e-02;3.0750000e+02;6.1277397e-02;3.0750000e+02;8.9511193e-02;3.0750000e+02;1.2002052e-01;3.0750000e+02;1.5223294e-01;3.0750000e+02;1.8930270e-01;3.0750000e+02;2.2670816e-01;3.0750000e+02;2.5688854e-01;3.0750000e+02;2.7640620e-01;3.0750000e+02;2.8188735e-01;3.0750000e+02;2.6975003e-01;3.0750000e+02;2.3730175e-01;3.0750000e+02;1.9289251e-01;3.0750000e+02;1.4017588e-01;3.0750000e+02;9.0415619e-02;3.0750000e+02;4.7270209e-02;3.0750000e+02;3.7412937e-03;3.0750000e+02;1.8334825e-02;3.0750000e+02;3.6930159e-02;3.0750000e+02;6.1277397e-02;3.0750000e+02;8.9511193e-02;3.0750000e+02;1.2002052e-01;3.0750000e+02;1.5223294e-01;3.0750000e+02;1.8930270e-01;3.0750000e+02;2.2670816e-01;3.0750000e+02;2.5688854e-01;3.0750000e+02;2.7640620e-01;3.0750000e+02;2.8188735e-01;3.0750000e+02;2.6975003e-01;3.0750000e+02;2.3730175e-01;3.0750000e+02;1.9289251e-01;3.0750000e+02;1.4017588e-01;3.0750000e+02;9.0415619e-02;3.0750000e+02;4.7270209e-02;3.0750000e+02;3.7412937e-03;3.0750000e+02;1.8334825e-02;3.0750000e+02;3.6930159e-02;3.0750000e+02;6.1277397e-02;3.0750000e+02;8.9511193e-02;3.0750000e+02;1.2002052e-01;3.0750000e+02;1.5223294e-01;3.0750000e+02;1.8930270e-01;3.0750000e+02;2.2670816e-01;3.0750000e+02;2.5688854e-01;3.0750000e+02;2.7640620e-01;3.0750000e+02;2.8188735e-01;3.0750000e+02;2.6975003e-01;3.0750000e+02;2.3730175e-01;3.0750000e+02;1.9289251e-01;3.0750000e+02;1.4017588e-01;3.0750000e+02;9.0415619e-02;3.0750000e+02;4.7270209e-02;3.0750000e+02;3.7412937e-03;3.0750000e+02;1.8334825e-02;3.0750000e+02;3.6930159e-02;3.0750000e+02;6.1277397e-02;3.0750000e+02;8.9511193e-02;3.0750000e+02;1.2002052e-01;3.0750000e+02;1.5223294e-01;3.0750000e+02;1.8930270e-01;3.0750000e+02;2.2670816e-01;3.0750000e+02;2.5688854e-01;3.0750000e+02;2.7640620e-01;3.0750000e+02;2.8188735e-01;3.0750000e+02;2.6975003e-01;3.0750000e+02;2.3730175e-01;3.0750000e+02;1.9289251e-01;3.0750000e+02;1.4017588e-01;3.0750000e+02;9.0415619e-02;3.0750000e+02;4.7270209e-02;3.0750000e+02;3.7412937e-03;3.0750000e+02;1.8334825e-02;3.0750000e+02;3.6930159e-02;3.0750000e+02;6.1277397e-02;3.0750000e+02;8.9511193e-02;3.0750000e+02;1.2002052e-01;3.0750000e+02;1.5223294e-01;3.0750000e+02;1.8930270e-01;3.0750000e+02;2.2670816e-01;3.0750000e+02;2.5688854e-01;3.0750000e+02;2.7640620e-01;3.0750000e+02;2.8188735e-01;3.0750000e+02;2.6975003e-01;3.0750000e+02;2.3730175e-01;3.0750000e+02;1.9289251e-01;3.0750000e+02;1.4017588e-01;3.0750000e+02;9.0415619e-02;3.0750000e+02;4.7270209e-02;3.0750000e+02;3.7412937e-03;3.0750000e+02;1.8334825e-02;3.0750000e+02;3.6930159e-02;3.0750000e+02;6.1277397e-02;3.0750000e+02;8.9511193e-02;3.0750000e+02;1.2002052e-01;3.0750000e+02;1.5223294e-01;3.0750000e+02;1.8930270e-01;3.0750000e+02;2.2670816e-01;3.0750000e+02;2.5688854e-01;3.0750000e+02;2.7640620e-01;3.0750000e+02;2.8188735e-01;3.0750000e+02;2.6975003e-01;3.0750000e+02;2.3730175e-01;3.0750000e+02;1.9289251e-01;3.0750000e+02;1.4017588e-01;3.0750000e+02;9.0415619e-02;3.0750000e+02;4.7270209e-02;3.0750000e+02;3.7412937e-03;3.0750000e+02;1.8334825e-02;3.0750000e+02;3.6930159e-02;3.0750000e+02;6.1277397e-02;3.0750000e+02;8.9511193e-02;3.0750000e+02;1.2002052e-01;3.0750000e+02;1.5223294e-01;3.0750000e+02;1.8930270e-01;3.0750000e+02;2.2670816e-01;3.0750000e+02;2.5688854e-01;3.0750000e+02;2.7640620e-01;3.0750000e+02;2.8188735e-01;3.0750000e+02;2.6975003e-01;3.0750000e+02;2.3730175e-01;3.0750000e+02;1.9289251e-01;3.0750000e+02;1.4017588e-01;3.0750000e+02;9.0415619e-02;3.0750000e+02;4.7270209e-02;3.0750000e+02;3.7412937e-03;3.0750000e+02;1.8334825e-02;3.0750000e+02;3.6930159e-02;3.0750000e+02;6.1277397e-02;3.0750000e+02;8.9511193e-02;3.0750000e+02;1.2002052e-01;3.0750000e+02;1.5223294e-01;3.0750000e+02;1.8930270e-01;3.0750000e+02;2.2670816e-01;3.0750000e+02;2.5688854e-01;3.0750000e+02;2.7640620e-01;3.0750000e+02;2.8188735e-01;3.0750000e+02;2.6975003e-01;3.0750000e+02;2.3730175e-01;3.0750000e+02;1.9289251e-01;3.0750000e+02;1.4017588e-01;3.0750000e+02;9.0415619e-02;3.0750000e+02;4.7270209e-02;3.0750000e+02;3.7412937e-03;3.0750000e+02;1.8334825e-02;3.0750000e+02;3.6930159e-02;3.0750000e+02;6.1277397e-02;3.0750000e+02;8.9511193e-02;3.0750000e+02;1.2002052e-01;3.0750000e+02;1.5223294e-01;3.0750000e+02;1.8930270e-01;3.0750000e+02;2.2670816e-01;3.0750000e+02;2.5688854e-01;3.0750000e+02;2.7640620e-01;3.0750000e+02;2.8188735e-01;3.0750000e+02;2.6975003e-01;3.0750000e+02;2.3730175e-01;3.0750000e+02;1.9289251e-01;3.0750000e+02;1.4017588e-01;3.0750000e+02;9.0415619e-02;3.0750000e+02;4.7270209e-02;3.0750000e+02;3.7412937e-03;3.0750000e+02;1.8334825e-02;3.0750000e+02;3.6930159e-02;3.0750000e+02;6.1277397e-02;3.0750000e+02;8.9511193e-02;3.0750000e+02;1.2002052e-01;3.0750000e+02;1.5223294e-01;3.0750000e+02;1.8930270e-01;3.0750000e+02;2.2670816e-01;3.0750000e+02;2.5688854e-01;3.0750000e+02;2.7640620e-01;3.0750000e+02;2.8188735e-01;3.0750000e+02;2.6975003e-01;3.0750000e+02;2.3730175e-01;3.0750000e+02;1.9289251e-01;3.0750000e+02;1.4017588e-01;3.0750000e+02;9.0415619e-02;3.0750000e+02;4.7270209e-02;3.0750000e+02;3.7412937e-03;3.0750000e+02;1.8334825e-02;3.0750000e+02;3.6930159e-02;3.0750000e+02;6.1277397e-02;3.0750000e+02;8.9511193e-02;3.0750000e+02;1.2002052e-01;3.0750000e+02;1.5223294e-01;3.0750000e+02;1.8930270e-01;3.0750000e+02;2.2670816e-01;3.0750000e+02;2.5688854e-01;3.0750000e+02;2.7640620e-01;3.0750000e+02;2.8188735e-01;3.0750000e+02;2.6975003e-01;3.0750000e+02;2.3730175e-01;3.0750000e+02;1.9289251e-01;3.0750000e+02;1.4017588e-01;3.0750000e+02;9.0415619e-02;3.0750000e+02;4.7270209e-02;3.0750000e+02;3.7412937e-03;3.0750000e+02;1.8334825e-02;3.0750000e+02;3.6930159e-02;3.0750000e+02;6.1277397e-02;3.0750000e+02;8.9511193e-02;3.0750000e+02;1.2002052e-01;3.0750000e+02;1.5223294e-01;3.0750000e+02;1.8930270e-01;3.0750000e+02;2.2670816e-01;3.0750000e+02;2.5688854e-01;3.0750000e+02;2.7640620e-01;3.0750000e+02;2.8188735e-01;3.0750000e+02;2.6975003e-01;3.0750000e+02;2.3730175e-01;3.0750000e+02;1.9289251e-01;3.0750000e+02;1.4017588e-01;3.0750000e+02;9.0415619e-02;3.0750000e+02;4.7270209e-02;3.0750000e+02;3.7412937e-03;3.0750000e+02;1.8334825e-02;3.0750000e+02;3.6930159e-02;3.0750000e+02;6.1277397e-02;3.0750000e+02;8.9511193e-02;3.0750000e+02;1.2002052e-01;3.0750000e+02;1.5223294e-01;3.0750000e+02;1.8930270e-01;3.0750000e+02;2.2670816e-01;3.0750000e+02;2.5688854e-01;3.0750000e+02;2.7640620e-01;3.0750000e+02;2.8188735e-01;3.0750000e+02;2.6975003e-01;3.0750000e+02;2.3730175e-01;3.0750000e+02;1.9289251e-01;3.0750000e+02;1.4017588e-01;3.0750000e+02;9.0415619e-02;3.0750000e+02;4.7270209e-02;3.0750000e+02;3.7412937e-03;3.0750000e+02;1.8334825e-02;3.0750000e+02;3.6930159e-02;3.0750000e+02;6.1277397e-02;3.0750000e+02;8.9511193e-02;3.0750000e+02;1.2002052e-01;3.0750000e+02;1.5223294e-01;3.0750000e+02;1.8930270e-01;3.0750000e+02;2.2670816e-01;3.0750000e+02;2.5688854e-01;3.0750000e+02;2.7640620e-01;3.0750000e+02;2.8188735e-01;3.0750000e+02;2.6975003e-01;3.0750000e+02;2.3730175e-01;3.0750000e+02;1.9289251e-01;3.0750000e+02;1.4017588e-01;3.0750000e+02;9.0415619e-02;3.0750000e+02;4.7270209e-02;3.0750000e+02;3.7412937e-03;3.0750000e+02;1.8334825e-02;3.0750000e+02;3.6930159e-02;3.0750000e+02;6.1277397e-02;3.0750000e+02;8.9511193e-02;3.0750000e+02;1.2002052e-01;3.0750000e+02;1.5223294e-01;3.0750000e+02;1.8930270e-01;3.0750000e+02;2.2670816e-01;3.0750000e+02;2.5688854e-01;3.0750000e+02;2.7640620e-01;3.0750000e+02;2.8188735e-01;3.0750000e+02;2.6975003e-01;3.0750000e+02;2.3730175e-01;3.0750000e+02;1.9289251e-01;3.0750000e+02;1.4017588e-01;3.0750000e+02;9.0415619e-02;3.0750000e+02;4.7270209e-02;3.0750000e+02;3.7412937e-03;3.0750000e+02;1.8334825e-02;3.0750000e+02;3.6930159e-02;3.0750000e+02;6.1277397e-02;3.0750000e+02;8.9511193e-02;3.0750000e+02;1.2002052e-01;3.0750000e+02;1.5223294e-01;3.0750000e+02;1.8930270e-01;3.0750000e+02;2.2670816e-01;3.0750000e+02;2.5688854e-01;3.0750000e+02;2.7640620e-01;3.0750000e+02;2.8188735e-01;3.0750000e+02;2.6975003e-01;3.0750000e+02;2.3730175e-01;3.0750000e+02;1.9289251e-01;3.0750000e+02;1.4017588e-01;3.0750000e+02;9.0415619e-02;3.0750000e+02;4.7270209e-02;3.0750000e+02;3.7412937e-03;3.0750000e+02;1.8334825e-02;3.0750000e+02;3.6930159e-02;3.0750000e+02;6.1277397e-02;3.0750000e+02;8.9511193e-02;3.0750000e+02;1.2002052e-01;3.0750000e+02;1.5223294e-01;3.0750000e+02;1.8930270e-01;3.0750000e+02;2.2670816e-01;3.0750000e+02;2.5688854e-01;3.0750000e+02;2.7640620e-01;3.0750000e+02;2.8188735e-01;3.0750000e+02;2.6975003e-01;3.0750000e+02;2.3730175e-01;3.0750000e+02;1.9289251e-01;3.0750000e+02;1.4017588e-01;3.0750000e+02;9.0415619e-02;3.0750000e+02;4.7270209e-02;3.0750000e+02;3.7412937e-03;3.0750000e+02;1.8334825e-02;3.0750000e+02;3.6930159e-02;3.0750000e+02;6.1277397e-02;3.0750000e+02;8.9511193e-02;3.0750000e+02;1.2002052e-01;3.0750000e+02;1.5223294e-01;3.0750000e+02;1.8930270e-01;3.0750000e+02;2.2670816e-01;3.0750000e+02;2.5688854e-01;3.0750000e+02;2.7640620e-01;3.0750000e+02;2.8188735e-01;3.0750000e+02;2.6975003e-01;3.0750000e+02;2.3730175e-01;3.0750000e+02;1.9289251e-01;3.0750000e+02;1.4017588e-01;3.0750000e+02;9.0415619e-02;3.0750000e+02;4.7270209e-02;3.0750000e+02;3.7412937e-03;3.0750000e+02;1.8334825e-02;3.0750000e+02;3.6930159e-02;3.0750000e+02;6.1277397e-02;3.0750000e+02;8.9511193e-02;3.0750000e+02;1.2002052e-01;3.0750000e+02;1.5223294e-01;3.0750000e+02;1.8930270e-01;3.0750000e+02;2.2670816e-01;3.0750000e+02;2.5688854e-01;3.0750000e+02;2.7640620e-01;3.0750000e+02;2.8188735e-01;3.0750000e+02;2.6975003e-01;3.0750000e+02;2.3730175e-01;3.0750000e+02;1.9289251e-01;3.0750000e+02;1.4017588e-01;3.0750000e+02;9.0415619e-02;3.0750000e+02;4.7270209e-02;3.0750000e+02;3.7412937e-03;3.0750000e+02;1.8334825e-02;3.0750000e+02;3.6930159e-02;3.0750000e+02;6.1277397e-02;3.0750000e+02;8.9511193e-02;3.0750000e+02;1.2002052e-01;3.0750000e+02;1.5223294e-01;3.0750000e+02;1.8930270e-01;3.0750000e+02;2.2670816e-01;3.0750000e+02;2.5688854e-01;3.0750000e+02;2.7640620e-01;3.0750000e+02;2.8188735e-01;3.0750000e+02;2.6975003e-01;3.0750000e+02;2.3730175e-01;3.0750000e+02;1.9289251e-01;3.0750000e+02;1.4017588e-01;3.0750000e+02;9.0415619e-02;3.0750000e+02;4.7270209e-02;3.0750000e+02;3.7412937e-03;3.0750000e+02;1.8334825e-02;3.0750000e+02;3.6930159e-02;3.0750000e+02;6.1277397e-02;3.0750000e+02;8.9511193e-02;3.0750000e+02;1.2002052e-01;3.0750000e+02;1.5223294e-01;3.0750000e+02;1.8930270e-01;3.0750000e+02;2.2670816e-01;3.0750000e+02;2.5688854e-01;3.0750000e+02;2.7640620e-01;3.0750000e+02;2.8188735e-01;3.0750000e+02;2.6975003e-01;3.0750000e+02;2.3730175e-01;3.0750000e+02;1.9289251e-01;3.0750000e+02;1.4017588e-01;3.0750000e+02;9.0415619e-02;3.0750000e+02;4.7270209e-02;3.0750000e+02;3.7412937e-03;3.0750000e+02;1.8334825e-02;3.0750000e+02;3.6930159e-02;3.0750000e+02;6.1277397e-02;3.0750000e+02;8.9511193e-02;3.0750000e+02;1.2002052e-01;3.0750000e+02;1.5223294e-01;3.0750000e+02;1.8930270e-01;3.0750000e+02;2.2670816e-01;3.0750000e+02;2.5688854e-01;3.0750000e+02;2.7640620e-01;3.0750000e+02;2.8188735e-01;3.0750000e+02;2.6975003e-01;3.0750000e+02;2.3730175e-01;3.0750000e+02;1.9289251e-01;3.0750000e+02;1.4017588e-01;3.0750000e+02;9.0415619e-02;3.0750000e+02;4.7270209e-02;3.0750000e+02;3.7412937e-03;3.0750000e+02;1.8334825e-02;3.0750000e+02;3.6930159e-02;3.0750000e+02;6.1277397e-02;3.0750000e+02;8.9511193e-02;3.0750000e+02;1.2002052e-01;3.0750000e+02;1.5223294e-01;3.0750000e+02;1.8930270e-01;3.0750000e+02;2.2670816e-01;3.0750000e+02;2.5688854e-01;3.0750000e+02;2.7640620e-01;3.0750000e+02;2.8188735e-01;3.0750000e+02;2.6975003e-01;3.0750000e+02;2.3730175e-01;3.0750000e+02;1.9289251e-01;3.0750000e+02;1.4017588e-01;3.0750000e+02;9.0415619e-02;3.0750000e+02;4.7270209e-02;3.0750000e+02;3.7412937e-03;3.0750000e+02;1.8334825e-02;3.0750000e+02;3.6930159e-02;3.0750000e+02;6.1277397e-02;3.0750000e+02;8.9511193e-02;3.0750000e+02;1.2002052e-01;3.0750000e+02;1.5223294e-01;3.0750000e+02;1.8930270e-01;3.0750000e+02;2.2670816e-01;3.0750000e+02;2.5688854e-01;3.0750000e+02;2.7640620e-01;3.0750000e+02;2.8188735e-01;3.0750000e+02;2.6975003e-01;3.0750000e+02;2.3730175e-01;3.0750000e+02;1.9289251e-01;3.0750000e+02;1.4017588e-01;3.0750000e+02;9.0415619e-02;3.0750000e+02;4.7270209e-02;3.0750000e+02;3.7412937e-03;3.0750000e+02;1.8334825e-02;3.0750000e+02;3.6930159e-02;3.0750000e+02;6.1277397e-02;3.0750000e+02;8.9511193e-02;3.0750000e+02;1.2002052e-01;3.0750000e+02;1.5223294e-01;3.0750000e+02;1.8930270e-01;3.0750000e+02;2.2670816e-01;3.0750000e+02;2.5688854e-01;3.0750000e+02;2.7640620e-01;3.0750000e+02;2.8188735e-01;3.0750000e+02;2.6975003e-01;3.0750000e+02;2.3730175e-01;3.0750000e+02;1.9289251e-01;3.0750000e+02;1.4017588e-01;3.0750000e+02;9.0415619e-02;3.0750000e+02;4.7270209e-02;3.0750000e+02;3.7412937e-03;3.0750000e+02;1.8334825e-02;3.0750000e+02;3.6930159e-02;3.0750000e+02;6.1277397e-02;3.0750000e+02;8.9511193e-02;3.0750000e+02;1.2002052e-01;3.0750000e+02;1.5223294e-01;3.0750000e+02;1.8930270e-01;3.0750000e+02;2.2670816e-01;3.0750000e+02;2.5688854e-01;3.0750000e+02;2.7640620e-01;3.0750000e+02;2.8188735e-01;3.0750000e+02;2.6975003e-01;3.0750000e+02;2.3730175e-01;3.0750000e+02;1.9289251e-01;3.0750000e+02;1.4017588e-01;3.0750000e+02;9.0415619e-02;3.0750000e+02;4.7270209e-02;3.0750000e+02;3.7412937e-03;3.0750000e+02;1.8334825e-02;3.0750000e+02;3.6930159e-02;3.0750000e+02;6.1277397e-02;3.0750000e+02;8.9511193e-02;3.0750000e+02;1.2002052e-01;3.0750000e+02;1.5223294e-01;3.0750000e+02;1.8930270e-01;3.0750000e+02;2.2670816e-01;3.0750000e+02;2.5688854e-01;3.0750000e+02;2.7640620e-01;3.0750000e+02;2.8188735e-01;3.0750000e+02;2.6975003e-01;3.0750000e+02;2.3730175e-01;3.0750000e+02;1.9289251e-01;3.0750000e+02;1.4017588e-01;3.0750000e+02;9.0415619e-02;3.0750000e+02;4.7270209e-02;3.0750000e+02;3.7412937e-03;3.0750000e+02;1.8334825e-02;3.0750000e+02;3.6930159e-02;3.0750000e+02;6.1277397e-02;3.0750000e+02;8.9511193e-02;3.0750000e+02;1.2002052e-01;3.0750000e+02;1.5223294e-01;3.0750000e+02;1.8930270e-01;3.0750000e+02;2.2670816e-01;3.0750000e+02;2.5688854e-01;3.0750000e+02;2.7640620e-01;3.0750000e+02;2.8188735e-01;3.0750000e+02;2.6975003e-01;3.0750000e+02;2.3730175e-01;3.0750000e+02;1.9289251e-01;3.0750000e+02;1.4017588e-01;3.0750000e+02;9.0415619e-02;3.0750000e+02;4.7270209e-02;3.0750000e+02;3.7412937e-03;3.0750000e+02;1.8334825e-02;3.0750000e+02;3.6930159e-02;3.0750000e+02;6.1277397e-02;3.0750000e+02;8.9511193e-02;3.0750000e+02;1.2002052e-01;3.0750000e+02;1.5223294e-01;3.0750000e+02;1.8930270e-01;3.0750000e+02;2.2670816e-01;3.0750000e+02;2.5688854e-01;3.0750000e+02;2.7640620e-01;3.0750000e+02;2.8188735e-01;3.0750000e+02;2.6975003e-01;3.0750000e+02;2.3730175e-01;3.0750000e+02;1.9289251e-01;3.0750000e+02;1.4017588e-01;3.0750000e+02;9.0415619e-02;3.0750000e+02;4.7270209e-02;3.0750000e+02;3.7412937e-03;3.0750000e+02;1.8334825e-02;3.0750000e+02;3.6930159e-02;3.0750000e+02;6.1277397e-02;3.0750000e+02;8.9511193e-02;3.0750000e+02;1.2002052e-01;3.0750000e+02;1.5223294e-01;3.0750000e+02;1.8930270e-01;3.0750000e+02;2.2670816e-01;3.0750000e+02;2.5688854e-01;3.0750000e+02;2.7640620e-01;3.0750000e+02;2.8188735e-01;3.0750000e+02;2.6975003e-01;3.0750000e+02;2.3730175e-01;3.0750000e+02;1.9289251e-01;3.0750000e+02;1.4017588e-01;3.0750000e+02;9.0415619e-02;3.0750000e+02;4.7270209e-02;3.0750000e+02;3.7412937e-03;3.0750000e+02;1.8334825e-02;3.0750000e+02;3.6930159e-02;3.0750000e+02;6.1277397e-02;3.0750000e+02;8.9511193e-02;3.0750000e+02;1.2002052e-01;3.0750000e+02;1.5223294e-01;3.0750000e+02;1.8930270e-01;3.0750000e+02;2.2670816e-01;3.0750000e+02;2.5688854e-01;3.0750000e+02;2.7640620e-01;3.0750000e+02;2.8188735e-01;3.0750000e+02;2.6975003e-01;3.0750000e+02;2.3730175e-01;3.0750000e+02;1.9289251e-01;3.0750000e+02;1.4017588e-01;3.0750000e+02;9.0415619e-02;3.0750000e+02;4.7270209e-02;3.0750000e+02;3.7412937e-03;3.0750000e+02;1.8334825e-02;3.0750000e+02;3.6930159e-02;3.0750000e+02;6.1277397e-02;3.0750000e+02;8.9511193e-02;3.0750000e+02;1.2002052e-01;3.0750000e+02;1.5223294e-01;3.0750000e+02;1.8930270e-01;3.0750000e+02;2.2670816e-01;3.0750000e+02;2.5688854e-01;3.0750000e+02;2.7640620e-01;3.0750000e+02;2.8188735e-01;3.0750000e+02;2.6975003e-01;3.0750000e+02;2.3730175e-01;3.0750000e+02;1.9289251e-01;3.0750000e+02;1.4017588e-01;3.0750000e+02;9.0415619e-02;3.0750000e+02;4.7270209e-02;3.0750000e+02;3.7412937e-03;3.0750000e+02;1.8334825e-02;3.0750000e+02;3.6930159e-02;3.0750000e+02;6.1277397e-02;3.0750000e+02;8.9511193e-02;3.0750000e+02;1.2002052e-01;3.0750000e+02;1.5223294e-01;3.0750000e+02;1.8930270e-01;3.0750000e+02;2.2670816e-01;3.0750000e+02;2.5688854e-01;3.0750000e+02;2.7640620e-01;3.0750000e+02;2.8188735e-01;3.0750000e+02;2.6975003e-01;3.0750000e+02;2.3730175e-01;3.0750000e+02;1.9289251e-01;3.0750000e+02;1.4017588e-01;3.0750000e+02;9.0415619e-02;3.0750000e+02;4.7270209e-02;3.0750000e+02;3.7412937e-03;3.0750000e+02;1.8334825e-02;3.0750000e+02;3.6930159e-02;3.0750000e+02;6.1277397e-02;3.0750000e+02;8.9511193e-02;3.0750000e+02;1.2002052e-01;3.0750000e+02;1.5223294e-01;3.0750000e+02;1.8930270e-01;3.0750000e+02;2.2670816e-01;3.0750000e+02;2.5688854e-01;3.0750000e+02;2.7640620e-01;3.0750000e+02;2.8188735e-01;3.0750000e+02;2.6975003e-01;3.0750000e+02;2.3730175e-01;3.0750000e+02;1.9289251e-01;3.0750000e+02;1.4017588e-01;3.0750000e+02;9.0415619e-02;3.0750000e+02;4.7270209e-02;3.0750000e+02;3.7412937e-03;3.0750000e+02;1.8334825e-02;3.0750000e+02;3.6930159e-02;3.0750000e+02;6.1277397e-02;3.0750000e+02;8.9511193e-02;3.0750000e+02;1.2002052e-01;3.0750000e+02;1.5223294e-01;3.0750000e+02;1.8930270e-01;3.0750000e+02;2.2670816e-01;3.0750000e+02;2.5688854e-01;3.0750000e+02;2.7640620e-01;3.0750000e+02;2.8188735e-01;3.0750000e+02;2.6975003e-01;3.0750000e+02;2.3730175e-01;3.0750000e+02;1.9289251e-01;3.0750000e+02;1.4017588e-01;3.0750000e+02;9.0415619e-02;3.0750000e+02;4.7270209e-02;3.0750000e+02;3.7412937e-03;3.0750000e+02;1.8334825e-02;3.0750000e+02;3.6930159e-02;3.0750000e+02;6.1277397e-02;3.0750000e+02;8.9511193e-02;3.0750000e+02;1.2002052e-01;3.0750000e+02;1.5223294e-01;3.0750000e+02;1.8930270e-01;3.0750000e+02;2.2670816e-01;3.0750000e+02;2.5688854e-01;3.0750000e+02;2.7640620e-01;3.0750000e+02;2.8188735e-01;3.0750000e+02;2.6975003e-01;3.0750000e+02;2.3730175e-01;3.0750000e+02;1.9289251e-01;3.0750000e+02;1.4017588e-01;3.0750000e+02;9.0415619e-02;3.0750000e+02;4.7270209e-02;3.0750000e+02;3.7412937e-03;3.0750000e+02;1.8334825e-02;3.0750000e+02;3.6930159e-02;3.0750000e+02;6.1277397e-02;3.0750000e+02;8.9511193e-02;3.0750000e+02;1.2002052e-01;3.0750000e+02;1.5223294e-01;3.0750000e+02;1.8930270e-01;3.0750000e+02;2.2670816e-01;3.0750000e+02;2.5688854e-01;3.0750000e+02;2.7640620e-01;3.0750000e+02;2.8188735e-01;3.0750000e+02;2.6975003e-01;3.0750000e+02;2.3730175e-01;3.0750000e+02;1.9289251e-01;3.0750000e+02;1.4017588e-01;3.0750000e+02;9.0415619e-02;3.0750000e+02;4.7270209e-02;3.0750000e+02;3.7412937e-03;3.0750000e+02;1.8334825e-02;3.0750000e+02;3.6930159e-02;3.0750000e+02;6.1277397e-02;3.0750000e+02;8.9511193e-02;3.0750000e+02;1.2002052e-01;3.0750000e+02;1.5223294e-01;3.0750000e+02;1.8930270e-01;3.0750000e+02;2.2670816e-01;3.0750000e+02;2.5688854e-01;3.0750000e+02;2.7640620e-01;3.0750000e+02;2.8188735e-01;3.0750000e+02;2.6975003e-01;3.0750000e+02;2.3730175e-01;3.0750000e+02;1.9289251e-01;3.0750000e+02;1.4017588e-01;3.0750000e+02;9.0415619e-02;3.0750000e+02;4.7270209e-02;3.0750000e+02;3.7412937e-03;3.0750000e+02;1.8334825e-02;3.0750000e+02;3.6930159e-02;3.0750000e+02;6.1277397e-02;3.0750000e+02;8.9511193e-02;3.0750000e+02;1.2002052e-01;3.0750000e+02;1.5223294e-01;3.0750000e+02;1.8930270e-01;3.0750000e+02;2.2670816e-01;3.0750000e+02;2.5688854e-01;3.0750000e+02;2.7640620e-01;3.0750000e+02;2.8188735e-01;3.0750000e+02;2.6975003e-01;3.0750000e+02;2.3730175e-01;3.0750000e+02;1.9289251e-01;3.0750000e+02;1.4017588e-01;3.0750000e+02;9.0415619e-02;3.0750000e+02;4.7270209e-02;3.0750000e+02;3.7412937e-03;3.0750000e+02;1.8334825e-02;3.0750000e+02;3.6930159e-02;3.0750000e+02;6.1277397e-02;3.0750000e+02;8.9511193e-02;3.0750000e+02;1.2002052e-01;3.0750000e+02;1.5223294e-01;3.0750000e+02;1.8930270e-01;3.0750000e+02;2.2670816e-01;3.0750000e+02;2.5688854e-01;3.0750000e+02;2.7640620e-01;3.0750000e+02;2.8188735e-01;3.0750000e+02;2.6975003e-01;3.0750000e+02;2.3730175e-01;3.0750000e+02;1.9289251e-01;3.0750000e+02;1.4017588e-01;3.0750000e+02;9.0415619e-02;3.0750000e+02;4.7270209e-02;3.0750000e+02;3.7412937e-03;3.0750000e+02;1.8334825e-02;3.0750000e+02;3.6930159e-02;3.0750000e+02;6.1277397e-02;3.0750000e+02;8.9511193e-02;3.0750000e+02;1.2002052e-01;3.0750000e+02;1.5223294e-01;3.0750000e+02;1.8930270e-01;3.0750000e+02;2.2670816e-01;3.0750000e+02;2.5688854e-01;3.0750000e+02;2.7640620e-01;3.0750000e+02;2.8188735e-01;3.0750000e+02;2.6975003e-01;3.0750000e+02;2.3730175e-01;3.0750000e+02;1.9289251e-01;3.0750000e+02;1.4017588e-01;3.0750000e+02;9.0415619e-02;3.0750000e+02;4.7270209e-02;3.0750000e+02;3.7412937e-03;3.0750000e+02;1.8334825e-02;3.0750000e+02;3.6930159e-02;3.0750000e+02;6.1277397e-02;3.0750000e+02;8.9511193e-02;3.0750000e+02;1.2002052e-01;3.0750000e+02;1.5223294e-01;3.0750000e+02;1.8930270e-01;3.0750000e+02;2.2670816e-01;3.0750000e+02;2.5688854e-01;3.0750000e+02;2.7640620e-01;3.0750000e+02;2.8188735e-01;3.0750000e+02;2.6975003e-01;3.0750000e+02;2.3730175e-01;3.0750000e+02;1.9289251e-01;3.0750000e+02;1.4017588e-01;3.0750000e+02;9.0415619e-02;3.0750000e+02;4.7270209e-02;3.0750000e+02;3.7412937e-03;3.0750000e+02;1.8334825e-02;3.0750000e+02;3.6930159e-02;3.0750000e+02;6.1277397e-02;3.0750000e+02;8.9511193e-02;3.0750000e+02;1.2002052e-01;3.0750000e+02;1.5223294e-01;3.0750000e+02;1.8930270e-01;3.0750000e+02;2.2670816e-01;3.0750000e+02;2.5688854e-01;3.0750000e+02;2.7640620e-01;3.0750000e+02;2.8188735e-01;3.0750000e+02;2.6975003e-01;3.0750000e+02;2.3730175e-01;3.0750000e+02;1.9289251e-01;3.0750000e+02;1.4017588e-01;3.0750000e+02;9.0415619e-02;3.0750000e+02;4.7270209e-02;3.0750000e+02;3.7412937e-03;3.0750000e+02;1.8334825e-02;3.0750000e+02;3.6930159e-02;3.0750000e+02;6.1277397e-02;3.0750000e+02;8.9511193e-02;3.0750000e+02;1.2002052e-01;3.0750000e+02;1.5223294e-01;3.0750000e+02;1.8930270e-01;3.0750000e+02;2.2670816e-01;3.0750000e+02;2.5688854e-01;3.0750000e+02;2.7640620e-01;3.0750000e+02;2.8188735e-01;3.0750000e+02;2.6975003e-01;3.0750000e+02;2.3730175e-01;3.0750000e+02;1.9289251e-01;3.0750000e+02;1.4017588e-01;3.0750000e+02;9.0415619e-02;3.0750000e+02;4.7270209e-02;3.0750000e+02;3.7412937e-03;3.0750000e+02;1.8334825e-02;3.0750000e+02;3.6930159e-02;3.0750000e+02;6.1277397e-02;3.0750000e+02;8.9511193e-02;3.0750000e+02;1.2002052e-01;3.0750000e+02;1.5223294e-01;3.0750000e+02;1.8930270e-01;3.0750000e+02;2.2670816e-01;3.0750000e+02;2.5688854e-01;3.0750000e+02;2.7640620e-01;3.0750000e+02;2.8188735e-01;3.0750000e+02;2.6975003e-01;3.0750000e+02;2.3730175e-01;3.0750000e+02;1.9289251e-01;3.0750000e+02;1.4017588e-01;3.0750000e+02;9.0415619e-02;3.0750000e+02;4.7270209e-02;3.0750000e+02;3.7412937e-03;3.0750000e+02;1.8334825e-02;3.0750000e+02;3.6930159e-02;3.0750000e+02;6.1277397e-02;3.0750000e+02;8.9511193e-02;3.0750000e+02;1.2002052e-01;3.0750000e+02;1.5223294e-01;3.0750000e+02;1.8930270e-01;3.0750000e+02;2.2670816e-01;3.0750000e+02;2.5688854e-01;3.0750000e+02;2.7640620e-01;3.0750000e+02;2.8188735e-01;3.0750000e+02;2.6975003e-01;3.0750000e+02;2.3730175e-01;3.0750000e+02;1.9289251e-01;3.0750000e+02;1.4017588e-01;3.0750000e+02;9.0415619e-02;3.0750000e+02;4.7270209e-02;3.0750000e+02;3.7412937e-03;3.0750000e+02;1.8334825e-02;3.0750000e+02;3.6930159e-02;3.0750000e+02;6.1277397e-02;3.0750000e+02;8.9511193e-02;3.0750000e+02;1.2002052e-01;3.0750000e+02;1.5223294e-01;3.0750000e+02;1.8930270e-01;3.0750000e+02;2.2670816e-01;3.0750000e+02;2.5688854e-01;3.0750000e+02;2.7640620e-01;3.0750000e+02;2.8188735e-01;3.0750000e+02;2.6975003e-01;3.0750000e+02;2.3730175e-01;3.0750000e+02;1.9289251e-01;3.0750000e+02;1.4017588e-01;3.0750000e+02;9.0415619e-02;3.0750000e+02;4.7270209e-02;3.0750000e+02;3.7412937e-03;3.0750000e+02;1.8334825e-02;3.0750000e+02;3.6930159e-02;3.0750000e+02;6.1277397e-02;3.0750000e+02;8.9511193e-02;3.0750000e+02;1.2002052e-01;3.0750000e+02;1.5223294e-01;3.0750000e+02;1.8930270e-01;3.0750000e+02;2.2670816e-01;3.0750000e+02;2.5688854e-01;3.0750000e+02;2.7640620e-01;3.0750000e+02;2.8188735e-01;3.0750000e+02;2.6975003e-01;3.0750000e+02;2.3730175e-01;3.0750000e+02;1.9289251e-01;3.0750000e+02;1.4017588e-01;3.0750000e+02;9.0415619e-02;3.0750000e+02;4.7270209e-02;3.0750000e+02;3.7412937e-03;3.0750000e+02;1.8334825e-02;3.0750000e+02;3.6930159e-02;3.0750000e+02;6.1277397e-02;3.0750000e+02;8.9511193e-02;3.0750000e+02;1.2002052e-01;3.0750000e+02;1.5223294e-01;3.0750000e+02;1.8930270e-01;3.0750000e+02;2.2670816e-01;3.0750000e+02;2.5688854e-01;3.0750000e+02;2.7640620e-01;3.0750000e+02;2.8188735e-01;3.0750000e+02;2.6975003e-01;3.0750000e+02;2.3730175e-01;3.0750000e+02;1.9289251e-01;3.0750000e+02;1.4017588e-01;3.0750000e+02;9.0415619e-02;3.0750000e+02;4.7270209e-02;3.0750000e+02;3.7412937e-03;3.0750000e+02;1.8334825e-02;3.0750000e+02;3.6930159e-02;3.0750000e+02;6.1277397e-02;3.0750000e+02;8.9511193e-02;3.0750000e+02;1.2002052e-01;3.0750000e+02;1.5223294e-01;3.0750000e+02;1.8930270e-01;3.0750000e+02;2.2670816e-01;3.0750000e+02;2.5688854e-01;3.0750000e+02;2.7640620e-01;3.0750000e+02;2.8188735e-01;3.0750000e+02;2.6975003e-01;3.0750000e+02;2.3730175e-01;3.0750000e+02;1.9289251e-01;3.0750000e+02;1.4017588e-01;3.0750000e+02;9.0415619e-02;3.0750000e+02;4.7270209e-02;3.0750000e+02;3.7412937e-03;3.0750000e+02;1.8334825e-02;3.0750000e+02;3.6930159e-02;3.0750000e+02;6.1277397e-02;3.0750000e+02;8.9511193e-02;3.0750000e+02;1.2002052e-01;3.0750000e+02;1.5223294e-01;3.0750000e+02;1.8930270e-01;3.0750000e+02;2.2670816e-01;3.0750000e+02;2.5688854e-01;3.0750000e+02;2.7640620e-01;3.0750000e+02;2.8188735e-01;3.0750000e+02;2.6975003e-01;3.0750000e+02;2.3730175e-01;3.0750000e+02;1.9289251e-01;3.0750000e+02;1.4017588e-01;3.0750000e+02;9.0415619e-02;3.0750000e+02;4.7270209e-02;3.0750000e+02;3.7412937e-03;3.0750000e+02;1.8334825e-02;3.0750000e+02;3.6930159e-02;3.0750000e+02;6.1277397e-02;3.0750000e+02;8.9511193e-02;3.0750000e+02;1.2002052e-01;3.0750000e+02;1.5223294e-01;3.0750000e+02;1.8930270e-01;3.0750000e+02;2.2670816e-01;3.0750000e+02;2.5688854e-01;3.0750000e+02;2.7640620e-01;3.0750000e+02;2.8188735e-01;3.0750000e+02;2.6975003e-01;3.0750000e+02;2.3730175e-01;3.0750000e+02;1.9289251e-01;3.0750000e+02;1.4017588e-01;3.0750000e+02;9.0415619e-02;3.0750000e+02;4.7270209e-02;3.0750000e+02;3.7412937e-03;3.0750000e+02;1.8334825e-02;3.0750000e+02;3.6930159e-02;3.0750000e+02;6.1277397e-02;3.0750000e+02;8.9511193e-02;3.0750000e+02;1.2002052e-01;3.0750000e+02;1.5223294e-01;3.0750000e+02;1.8930270e-01;3.0750000e+02;2.2670816e-01;3.0750000e+02;2.5688854e-01;3.0750000e+02;2.7640620e-01;3.0750000e+02;2.8188735e-01;3.0750000e+02;2.6975003e-01;3.0750000e+02;2.3730175e-01;3.0750000e+02;1.9289251e-01;3.0750000e+02;1.4017588e-01;3.0750000e+02;9.0415619e-02;3.0750000e+02;4.7270209e-02;3.0750000e+02;3.7412937e-03;3.0750000e+02;1.8334825e-02;3.0750000e+02;3.6930159e-02;3.0750000e+02;6.1277397e-02;3.0750000e+02;8.9511193e-02;3.0750000e+02;1.2002052e-01;3.0750000e+02;1.5223294e-01;3.0750000e+02;1.8930270e-01;3.0750000e+02;2.2670816e-01;3.0750000e+02;2.5688854e-01;3.0750000e+02;2.7640620e-01;3.0750000e+02;2.8188735e-01;3.0750000e+02;2.6975003e-01;3.0750000e+02;2.3730175e-01;3.0750000e+02;1.9289251e-01;3.0750000e+02;1.4017588e-01;3.0750000e+02;9.0415619e-02;3.0750000e+02;4.7270209e-02;3.0750000e+02;3.7412937e-03;3.0750000e+02;1.8334825e-02;3.0750000e+02;3.6930159e-02;3.0750000e+02;6.1277397e-02;3.0750000e+02;8.9511193e-02;3.0750000e+02;1.2002052e-01;3.0750000e+02;1.5223294e-01;3.0750000e+02;1.8930270e-01;3.0750000e+02;2.2670816e-01;3.0750000e+02;2.5688854e-01;3.0750000e+02;2.7640620e-01;3.0750000e+02;2.8188735e-01;3.0750000e+02;2.6975003e-01;3.0750000e+02;2.3730175e-01;3.0750000e+02;1.9289251e-01;3.0750000e+02;1.4017588e-01;3.0750000e+02;9.0415619e-02;3.0750000e+02;4.7270209e-02;3.0750000e+02;3.7412937e-03;3.0750000e+02;1.8334825e-02;3.0750000e+02;3.6930159e-02;3.0750000e+02;6.1277397e-02;3.0750000e+02;8.9511193e-02;3.0750000e+02;1.2002052e-01;3.0750000e+02;1.5223294e-01;3.0750000e+02;1.8930270e-01;3.0750000e+02;2.2670816e-01;3.0750000e+02;2.5688854e-01;3.0750000e+02;2.7640620e-01;3.0750000e+02;2.8188735e-01;3.0750000e+02;2.6975003e-01;3.0750000e+02;2.3730175e-01;3.0750000e+02;1.9289251e-01;3.0750000e+02;1.4017588e-01;3.0750000e+02;9.0415619e-02;3.0750000e+02;4.7270209e-02;3.0750000e+02;3.7412937e-03;3.0750000e+02;1.8334825e-02;3.0750000e+02;3.6930159e-02;3.0750000e+02;6.1277397e-02;3.0750000e+02;8.9511193e-02;3.0750000e+02;1.2002052e-01;3.0750000e+02;1.5223294e-01;3.0750000e+02;1.8930270e-01;3.0750000e+02;2.2670816e-01;3.0750000e+02;2.5688854e-01;3.0750000e+02;2.7640620e-01;3.0750000e+02;2.8188735e-01;3.0750000e+02;2.6975003e-01;3.0750000e+02;2.3730175e-01;3.0750000e+02;1.9289251e-01;3.0750000e+02;1.4017588e-01;3.0750000e+02;9.0415619e-02;3.0750000e+02;4.7270209e-02;3.0750000e+02;3.7412937e-03;3.0750000e+02;1.8334825e-02;3.0750000e+02;3.6930159e-02;3.0750000e+02;6.1277397e-02;3.0750000e+02;8.9511193e-02;3.0750000e+02;1.2002052e-01;3.0750000e+02;1.5223294e-01;3.0750000e+02;1.8930270e-01;3.0750000e+02;2.2670816e-01;3.0750000e+02;2.5688854e-01;3.0750000e+02;2.7640620e-01;3.0750000e+02;2.8188735e-01;3.0750000e+02;2.6975003e-01;3.0750000e+02;2.3730175e-01;3.0750000e+02;1.9289251e-01;3.0750000e+02;1.4017588e-01;3.0750000e+02;9.0415619e-02;3.0750000e+02;4.7270209e-02;3.0750000e+02;3.7412937e-03;3.0750000e+02;1.8334825e-02;3.0750000e+02;3.6930159e-02;3.0750000e+02;6.1277397e-02;3.0750000e+02;8.9511193e-02;3.0750000e+02;1.2002052e-01;3.0750000e+02;1.5223294e-01;3.0750000e+02;1.8930270e-01;3.0750000e+02;2.2670816e-01;3.0750000e+02;2.5688854e-01;3.0750000e+02;2.7640620e-01;3.0750000e+02;2.8188735e-01;3.0750000e+02;2.6975003e-01;3.0750000e+02;2.3730175e-01;3.0750000e+02;1.9289251e-01;3.0750000e+02;1.4017588e-01;3.0750000e+02;9.0415619e-02;3.0750000e+02;4.7270209e-02;3.0750000e+02;3.7412937e-03;3.0750000e+02;1.8334825e-02;3.0750000e+02;3.6930159e-02;3.0750000e+02;6.1277397e-02;3.0750000e+02;8.9511193e-02;3.0750000e+02;1.2002052e-01;3.0750000e+02;1.5223294e-01;3.0750000e+02;1.8930270e-01;3.0750000e+02;2.2670816e-01;3.0750000e+02;2.5688854e-01;3.0750000e+02;2.7640620e-01;3.0750000e+02;2.8188735e-01;3.0750000e+02;2.6975003e-01;3.0750000e+02;2.3730175e-01;3.0750000e+02;1.9289251e-01;3.0750000e+02;1.4017588e-01;3.0750000e+02;9.0415619e-02;3.0750000e+02;4.7270209e-02;3.0750000e+02;3.7412937e-03;3.0750000e+02;1.8334825e-02;3.0750000e+02;3.6930159e-02;3.0750000e+02;6.1277397e-02;3.0750000e+02;8.9511193e-02;3.0750000e+02;1.2002052e-01;3.0750000e+02;1.5223294e-01;3.0750000e+02;1.8930270e-01;3.0750000e+02;2.2670816e-01;3.0750000e+02;2.5688854e-01;3.0750000e+02;2.7640620e-01;3.0750000e+02;2.8188735e-01;3.0750000e+02;2.6975003e-01;3.0750000e+02;2.3730175e-01;3.0750000e+02;1.9289251e-01;3.0750000e+02;1.4017588e-01;3.0750000e+02;9.0415619e-02;3.0750000e+02;4.7270209e-02;3.0750000e+02;3.7412937e-03;3.0750000e+02;1.8334825e-02;3.0750000e+02;3.6930159e-02;3.0750000e+02;6.1277397e-02;3.0750000e+02;8.9511193e-02;3.0750000e+02;1.2002052e-01;3.0750000e+02;1.5223294e-01;3.0750000e+02;1.8930270e-01;3.0750000e+02;2.2670816e-01;3.0750000e+02;2.5688854e-01;3.0750000e+02;2.7640620e-01;3.0750000e+02;2.8188735e-01;3.0750000e+02;2.6975003e-01;3.0750000e+02;2.3730175e-01;3.0750000e+02;1.9289251e-01;3.0750000e+02;1.4017588e-01;3.0750000e+02;9.0415619e-02;3.0750000e+02;4.7270209e-02
3.1250000e+02;2.2709963e-03;3.1250000e+02;1.5723929e-02;3.1250000e+02;3.4759723e-02;3.1250000e+02;5.7990324e-02;3.1250000e+02;8.5741162e-02;3.1250000e+02;1.1528271e-01;3.1250000e+02;1.4789794e-01;3.1250000e+02;1.8702590e-01;3.1250000e+02;2.1964842e-01;3.1250000e+02;2.4650495e-01;3.1250000e+02;2.6417851e-01;3.1250000e+02;2.7407345e-01;3.1250000e+02;2.6802796e-01;3.1250000e+02;2.3831268e-01;3.1250000e+02;1.9399108e-01;3.1250000e+02;1.4036407e-01;3.1250000e+02;8.9374766e-02;3.1250000e+02;4.4944588e-02;3.1250000e+02;2.2709963e-03;3.1250000e+02;1.5723929e-02;3.1250000e+02;3.4759723e-02;3.1250000e+02;5.7990324e-02;3.1250000e+02;8.5741162e-02;3.1250000e+02;1.1528271e-01;3.1250000e+02;1.4789794e-01;3.1250000e+02;1.8702590e-01;3.1250000e+02;2.1964842e-01;3.1250000e+02;2.4650495e-01;3.1250000e+02;2.6417851e-01;3.1250000e+02;2.7407345e-01;3.1250000e+02;2.6802796e-01;3.1250000e+02;2.3831268e-01;3.1250000e+02;1.9399108e-01;3.1250000e+02;1.4036407e-01;3.1250000e+02;8.9374766e-02;3.1250000e+02;4.4944588e-02;3.1250000e+02;2.2709963e-03;3.1250000e+02;1.5723929e-02;3.1250000e+02;3.4759723e-02;3.1250000e+02;5.7990324e-02;3.1250000e+02;8.5741162e-02;3.1250000e+02;1.1528271e-01;3.1250000e+02;1.4789794e-01;3.1250000e+02;1.8702590e-01;3.1250000e+02;2.1964842e-01;3.1250000e+02;2.4650495e-01;3.1250000e+02;2.6417851e-01;3.1250000e+02;2.7407345e-01;3.1250000e+02;2.6802796e-01;3.1250000e+02;2.3831268e-01;3.1250000e+02;1.9399108e-01;3.1250000e+02;1.4036407e-01;3.1250000e+02;8.9374766e-02;3.1250000e+02;4.4944588e-02;3.1250000e+02;2.2709963e-03;3.1250000e+02;1.5723929e-02;3.1250000e+02;3.4759723e-02;3.1250000e+02;5.7990324e-02;3.1250000e+02;8.5741162e-02;3.1250000e+02;1.1528271e-01;3.1250000e+02;1.4789794e-01;3.1250000e+02;1.8702590e-01;3.1250000e+02;2.1964842e-01;3.1250000e+02;2.4650495e-01;3.1250000e+02;2.6417851e-01;3.1250000e+02;2.7407345e-01;3.1250000e+02;2.6802796e-01;3.1250000e+02;2.3831268e-01;3.1250000e+02;1.9399108e-01;3.1250000e+02;1.4036407e-01;3.1250000e+02;8.9374766e-02;3.1250000e+02;4.4944588e-02;3.1250000e+02;2.2709963e-03;3.1250000e+02;1.5723929e-02;3.1250000e+02;3.4759723e-02;3.1250000e+02;5.7990324e-02;3.1250000e+02;8.5741162e-02;3.1250000e+02;1.1528271e-01;3.1250000e+02;1.4789794e-01;3.1250000e+02;1.8702590e-01;3.1250000e+02;2.1964842e-01;3.1250000e+02;2.4650495e-01;3.1250000e+02;2.6417851e-01;3.1250000e+02;2.7407345e-01;3.1250000e+02;2.6802796e-01;3.1250000e+02;2.3831268e-01;3.1250000e+02;1.9399108e-01;3.1250000e+02;1.4036407e-01;3.1250000e+02;8.9374766e-02;3.1250000e+02;4.4944588e-02;3.1250000e+02;2.2709963e-03;3.1250000e+02;1.5723929e-02;3.1250000e+02;3.4759723e-02;3.1250000e+02;5.7990324e-02;3.1250000e+02;8.5741162e-02;3.1250000e+02;1.1528271e-01;3.1250000e+02;1.4789794e-01;3.1250000e+02;1.8702590e-01;3.1250000e+02;2.1964842e-01;3.1250000e+02;2.4650495e-01;3.1250000e+02;2.6417851e-01;3.1250000e+02;2.7407345e-01;3.1250000e+02;2.6802796e-01;3.1250000e+02;2.3831268e-01;3.1250000e+02;1.9399108e-01;3.1250000e+02;1.4036407e-01;3.1250000e+02;8.9374766e-02;3.1250000e+02;4.4944588e-02;3.1250000e+02;2.2709963e-03;3.1250000e+02;1.5723929e-02;3.1250000e+02;3.4759723e-02;3.1250000e+02;5.7990324e-02;3.1250000e+02;8.5741162e-02;3.1250000e+02;1.1528271e-01;3.1250000e+02;1.4789794e-01;3.1250000e+02;1.8702590e-01;3.1250000e+02;2.1964842e-01;3.1250000e+02;2.4650495e-01;3.1250000e+02;2.6417851e-01;3.1250000e+02;2.7407345e-01;3.1250000e+02;2.6802796e-01;3.1250000e+02;2.3831268e-01;3.1250000e+02;1.9399108e-01;3.1250000e+02;1.4036407e-01;3.1250000e+02;8.9374766e-02;3.1250000e+02;4.4944588e-02;3.1250000e+02;2.2709963e-03;3.1250000e+02;1.5723929e-02;3.1250000e+02;3.4759723e-02;3.1250000e+02;5.7990324e-02;3.1250000e+02;8.5741162e-02;3.1250000e+02;1.1528271e-01;3.1250000e+02;1.4789794e-01;3.1250000e+02;1.8702590e-01;3.1250000e+02;2.1964842e-01;3.1250000e+02;2.4650495e-01;3.1250000e+02;2.6417851e-01;3.1250000e+02;2.7407345e-01;3.1250000e+02;2.6802796e-01;3.1250000e+02;2.3831268e-01;3.1250000e+02;1.9399108e-01;3.1250000e+02;1.4036407e-01;3.1250000e+02;8.9374766e-02;3.1250000e+02;4.4944588e-02;3.1250000e+02;2.2709963e-03;3.1250000e+02;1.5723929e-02;3.1250000e+02;3.4759723e-02;3.1250000e+02;5.7990324e-02;3.1250000e+02;8.5741162e-02;3.1250000e+02;1.1528271e-01;3.1250000e+02;1.4789794e-01;3.1250000e+02;1.8702590e-01;3.1250000e+02;2.1964842e-01;3.1250000e+02;2.4650495e-01;3.1250000e+02;2.6417851e-01;3.1250000e+02;2.7407345e-01;3.1250000e+02;2.6802796e-01;3.1250000e+02;2.3831268e-01;3.1250000e+02;1.9399108e-01;3.1250000e+02;1.4036407e-01;3.1250000e+02;8.9374766e-02;3.1250000e+02;4.4944588e-02;3.1250000e+02;2.2709963e-03;3.1250000e+02;1.5723929e-02;3.1250000e+02;3.4759723e-02;3.1250000e+02;5.7990324e-02;3.1250000e+02;8.5741162e-02;3.1250000e+02;1.1528271e-01;3.1250000e+02;1.4789794e-01;3.1250000e+02;1.8702590e-01;3.1250000e+02;2.1964842e-01;3.1250000e+02;2.4650495e-01;3.1250000e+02;2.6417851e-01;3.1250000e+02;2.7407345e-01;3.1250000e+02;2.6802796e-01;3.1250000e+02;2.3831268e-01;3.1250000e+02;1.9399108e-01;3.1250000e+02;1.4036407e-01;3.1250000e+02;8.9374766e-02;3.1250000e+02;4.4944588e-02;3.1250000e+02;2.2709963e-03;3.1250000e+02;1.5723929e-02;3.1250000e+02;3.4759723e-02;3.1250000e+02;5.7990324e-02;3.1250000e+02;8.5741162e-02;3.1250000e+02;1.1528271e-01;3.1250000e+02;1.4789794e-01;3.1250000e+02;1.8702590e-01;3.1250000e+02;2.1964842e-01;3.1250000e+02;2.4650495e-01;3.1250000e+02;2.6417851e-01;3.1250000e+02;2.7407345e-01;3.1250000e+02;2.6802796e-01;3.1250000e+02;2.3831268e-01;3.1250000e+02;1.9399108e-01;3.1250000e+02;1.4036407e-01;3.1250000e+02;8.9374766e-02;3.1250000e+02;4.4944588e-02;3.1250000e+02;2.2709963e-03;3.1250000e+02;1.5723929e-02;3.1250000e+02;3.4759723e-02;3.1250000e+02;5.7990324e-02;3.1250000e+02;8.5741162e-02;3.1250000e+02;1.1528271e-01;3.1250000e+02;1.4789794e-01;3.1250000e+02;1.8702590e-01;3.1250000e+02;2.1964842e-01;3.1250000e+02;2.4650495e-01;3.1250000e+02;2.6417851e-01;3.1250000e+02;2.7407345e-01;3.1250000e+02;2.6802796e-01;3.1250000e+02;2.3831268e-01;3.1250000e+02;1.9399108e-01;3.1250000e+02;1.4036407e-01;3.1250000e+02;8.9374766e-02;3.1250000e+02;4.4944588e-02;3.1250000e+02;2.2709963e-03;3.1250000e+02;1.5723929e-02;3.1250000e+02;3.4759723e-02;3.1250000e+02;5.7990324e-02;3.1250000e+02;8.5741162e-02;3.1250000e+02;1.1528271e-01;3.1250000e+02;1.4789794e-01;3.1250000e+02;1.8702590e-01;3.1250000e+02;2.1964842e-01;3.1250000e+02;2.4650495e-01;3.1250000e+02;2.6417851e-01;3.1250000e+02;2.7407345e-01;3.1250000e+02;2.6802796e-01;3.1250000e+02;2.3831268e-01;3.1250000e+02;1.9399108e-01;3.1250000e+02;1.4036407e-01;3.1250000e+02;8.9374766e-02;3.1250000e+02;4.4944588e-02;3.1250000e+02;2.2709963e-03;3.1250000e+02;1.5723929e-02;3.1250000e+02;3.4759723e-02;3.1250000e+02;5.7990324e-02;3.1250000e+02;8.5741162e-02;3.1250000e+02;1.1528271e-01;3.1250000e+02;1.4789794e-01;3.1250000e+02;1.8702590e-01;3.1250000e+02;2.1964842e-01;3.1250000e+02;2.4650495e-01;3.1250000e+02;2.6417851e-01;3.1250000e+02;2.7407345e-01;3.1250000e+02;2.6802796e-01;3.1250000e+02;2.3831268e-01;3.1250000e+02;1.9399108e-01;3.1250000e+02;1.4036407e-01;3.1250000e+02;8.9374766e-02;3.1250000e+02;4.4944588e-02;3.1250000e+02;2.2709963e-03;3.1250000e+02;1.5723929e-02;3.1250000e+02;3.4759723e-02;3.1250000e+02;5.7990324e-02;3.1250000e+02;8.5741162e-02;3.1250000e+02;1.1528271e-01;3.1250000e+02;1.4789794e-01;3.1250000e+02;1.8702590e-01;3.1250000e+02;2.1964842e-01;3.1250000e+02;2.4650495e-01;3.1250000e+02;2.6417851e-01;3.1250000e+02;2.7407345e-01;3.1250000e+02;2.6802796e-01;3.1250000e+02;2.3831268e-01;3.1250000e+02;1.9399108e-01;3.1250000e+02;1.4036407e-01;3.1250000e+02;8.9374766e-02;3.1250000e+02;4.4944588e-02;3.1250000e+02;2.2709963e-03;3.1250000e+02;1.5723929e-02;3.1250000e+02;3.4759723e-02;3.1250000e+02;5.7990324e-02;3.1250000e+02;8.5741162e-02;3.1250000e+02;1.1528271e-01;3.1250000e+02;1.4789794e-01;3.1250000e+02;1.8702590e-01;3.1250000e+02;2.1964842e-01;3.1250000e+02;2.4650495e-01;3.1250000e+02;2.6417851e-01;3.1250000e+02;2.7407345e-01;3.1250000e+02;2.6802796e-01;3.1250000e+02;2.3831268e-01;3.1250000e+02;1.9399108e-01;3.1250000e+02;1.4036407e-01;3.1250000e+02;8.9374766e-02;3.1250000e+02;4.4944588e-02;3.1250000e+02;2.2709963e-03;3.1250000e+02;1.5723929e-02;3.1250000e+02;3.4759723e-02;3.1250000e+02;5.7990324e-02;3.1250000e+02;8.5741162e-02;3.1250000e+02;1.1528271e-01;3.1250000e+02;1.4789794e-01;3.1250000e+02;1.8702590e-01;3.1250000e+02;2.1964842e-01;3.1250000e+02;2.4650495e-01;3.1250000e+02;2.6417851e-01;3.1250000e+02;2.7407345e-01;3.1250000e+02;2.6802796e-01;3.1250000e+02;2.3831268e-01;3.1250000e+02;1.9399108e-01;3.1250000e+02;1.4036407e-01;3.1250000e+02;8.9374766e-02;3.1250000e+02;4.4944588e-02;3.1250000e+02;2.2709963e-03;3.1250000e+02;1.5723929e-02;3.1250000e+02;3.4759723e-02;3.1250000e+02;5.7990324e-02;3.1250000e+02;8.5741162e-02;3.1250000e+02;1.1528271e-01;3.1250000e+02;1.4789794e-01;3.1250000e+02;1.8702590e-01;3.1250000e+02;2.1964842e-01;3.1250000e+02;2.4650495e-01;3.1250000e+02;2.6417851e-01;3.1250000e+02;2.7407345e-01;3.1250000e+02;2.6802796e-01;3.1250000e+02;2.3831268e-01;3.1250000e+02;1.9399108e-01;3.1250000e+02;1.4036407e-01;3.1250000e+02;8.9374766e-02;3.1250000e+02;4.4944588e-02;3.1250000e+02;2.2709963e-03;3.1250000e+02;1.5723929e-02;3.1250000e+02;3.4759723e-02;3.1250000e+02;5.7990324e-02;3.1250000e+02;8.5741162e-02;3.1250000e+02;1.1528271e-01;3.1250000e+02;1.4789794e-01;3.1250000e+02;1.8702590e-01;3.1250000e+02;2.1964842e-01;3.1250000e+02;2.4650495e-01;3.1250000e+02;2.6417851e-01;3.1250000e+02;2.7407345e-01;3.1250000e+02;2.6802796e-01;3.1250000e+02;2.3831268e-01;3.1250000e+02;1.9399108e-01;3.1250000e+02;1.4036407e-01;3.1250000e+02;8.9374766e-02;3.1250000e+02;4.4944588e-02;3.1250000e+02;2.2709963e-03;3.1250000e+02;1.5723929e-02;3.1250000e+02;3.4759723e-02;3.1250000e+02;5.7990324e-02;3.1250000e+02;8.5741162e-02;3.1250000e+02;1.1528271e-01;3.1250000e+02;1.4789794e-01;3.1250000e+02;1.8702590e-01;3.1250000e+02;2.1964842e-01;3.1250000e+02;2.4650495e-01;3.1250000e+02;2.6417851e-01;3.1250000e+02;2.7407345e-01;3.1250000e+02;2.6802796e-01;3.1250000e+02;2.3831268e-01;3.1250000e+02;1.9399108e-01;3.1250000e+02;1.4036407e-01;3.1250000e+02;8.9374766e-02;3.1250000e+02;4.4944588e-02;3.1250000e+02;2.2709963e-03;3.1250000e+02;1.5723929e-02;3.1250000e+02;3.4759723e-02;3.1250000e+02;5.7990324e-02;3.1250000e+02;8.5741162e-02;3.1250000e+02;1.1528271e-01;3.1250000e+02;1.4789794e-01;3.1250000e+02;1.8702590e-01;3.1250000e+02;2.1964842e-01;3.1250000e+02;2.4650495e-01;3.1250000e+02;2.6417851e-01;3.1250000e+02;2.7407345e-01;3.1250000e+02;2.6802796e-01;3.1250000e+02;2.3831268e-01;3.1250000e+02;1.9399108e-01;3.1250000e+02;1.4036407e-01;3.1250000e+02;8.9374766e-02;3.1250000e+02;4.4944588e-02;3.1250000e+02;2.2709963e-03;3.1250000e+02;1.5723929e-02;3.1250000e+02;3.4759723e-02;3.1250000e+02;5.7990324e-02;3.1250000e+02;8.5741162e-02;3.1250000e+02;1.1528271e-01;3.1250000e+02;1.4789794e-01;3.1250000e+02;1.8702590e-01;3.1250000e+02;2.1964842e-01;3.1250000e+02;2.4650495e-01;3.1250000e+02;2.6417851e-01;3.1250000e+02;2.7407345e-01;3.1250000e+02;2.6802796e-01;3.1250000e+02;2.3831268e-01;3.1250000e+02;1.9399108e-01;3.1250000e+02;1.4036407e-01;3.1250000e+02;8.9374766e-02;3.1250000e+02;4.4944588e-02;3.1250000e+02;2.2709963e-03;3.1250000e+02;1.5723929e-02;3.1250000e+02;3.4759723e-02;3.1250000e+02;5.7990324e-02;3.1250000e+02;8.5741162e-02;3.1250000e+02;1.1528271e-01;3.1250000e+02;1.4789794e-01;3.1250000e+02;1.8702590e-01;3.1250000e+02;2.1964842e-01;3.1250000e+02;2.4650495e-01;3.1250000e+02;2.6417851e-01;3.1250000e+02;2.7407345e-01;3.1250000e+02;2.6802796e-01;3.1250000e+02;2.3831268e-01;3.1250000e+02;1.9399108e-01;3.1250000e+02;1.4036407e-01;3.1250000e+02;8.9374766e-02;3.1250000e+02;4.4944588e-02;3.1250000e+02;2.2709963e-03;3.1250000e+02;1.5723929e-02;3.1250000e+02;3.4759723e-02;3.1250000e+02;5.7990324e-02;3.1250000e+02;8.5741162e-02;3.1250000e+02;1.1528271e-01;3.1250000e+02;1.4789794e-01;3.1250000e+02;1.8702590e-01;3.1250000e+02;2.1964842e-01;3.1250000e+02;2.4650495e-01;3.1250000e+02;2.6417851e-01;3.1250000e+02;2.7407345e-01;3.1250000e+02;2.6802796e-01;3.1250000e+02;2.3831268e-01;3.1250000e+02;1.9399108e-01;3.1250000e+02;1.4036407e-01;3.1250000e+02;8.9374766e-02;3.1250000e+02;4.4944588e-02;3.1250000e+02;2.2709963e-03;3.1250000e+02;1.5723929e-02;3.1250000e+02;3.4759723e-02;3.1250000e+02;5.7990324e-02;3.1250000e+02;8.5741162e-02;3.1250000e+02;1.1528271e-01;3.1250000e+02;1.4789794e-01;3.1250000e+02;1.8702590e-01;3.1250000e+02;2.1964842e-01;3.1250000e+02;2.4650495e-01;3.1250000e+02;2.6417851e-01;3.1250000e+02;2.7407345e-01;3.1250000e+02;2.6802796e-01;3.1250000e+02;2.3831268e-01;3.1250000e+02;1.9399108e-01;3.1250000e+02;1.4036407e-01;3.1250000e+02;8.9374766e-02;3.1250000e+02;4.4944588e-02;3.1250000e+02;2.2709963e-03;3.1250000e+02;1.5723929e-02;3.1250000e+02;3.4759723e-02;3.1250000e+02;5.7990324e-02;3.1250000e+02;8.5741162e-02;3.1250000e+02;1.1528271e-01;3.1250000e+02;1.4789794e-01;3.1250000e+02;1.8702590e-01;3.1250000e+02;2.1964842e-01;3.1250000e+02;2.4650495e-01;3.1250000e+02;2.6417851e-01;3.1250000e+02;2.7407345e-01;3.1250000e+02;2.6802796e-01;3.1250000e+02;2.3831268e-01;3.1250000e+02;1.9399108e-01;3.1250000e+02;1.4036407e-01;3.1250000e+02;8.9374766e-02;3.1250000e+02;4.4944588e-02;3.1250000e+02;2.2709963e-03;3.1250000e+02;1.5723929e-02;3.1250000e+02;3.4759723e-02;3.1250000e+02;5.7990324e-02;3.1250000e+02;8.5741162e-02;3.1250000e+02;1.1528271e-01;3.1250000e+02;1.4789794e-01;3.1250000e+02;1.8702590e-01;3.1250000e+02;2.1964842e-01;3.1250000e+02;2.4650495e-01;3.1250000e+02;2.6417851e-01;3.1250000e+02;2.7407345e-01;3.1250000e+02;2.6802796e-01;3.1250000e+02;2.3831268e-01;3.1250000e+02;1.9399108e-01;3.1250000e+02;1.4036407e-01;3.1250000e+02;8.9374766e-02;3.1250000e+02;4.4944588e-02;3.1250000e+02;2.2709963e-03;3.1250000e+02;1.5723929e-02;3.1250000e+02;3.4759723e-02;3.1250000e+02;5.7990324e-02;3.1250000e+02;8.5741162e-02;3.1250000e+02;1.1528271e-01;3.1250000e+02;1.4789794e-01;3.1250000e+02;1.8702590e-01;3.1250000e+02;2.1964842e-01;3.1250000e+02;2.4650495e-01;3.1250000e+02;2.6417851e-01;3.1250000e+02;2.7407345e-01;3.1250000e+02;2.6802796e-01;3.1250000e+02;2.3831268e-01;3.1250000e+02;1.9399108e-01;3.1250000e+02;1.4036407e-01;3.1250000e+02;8.9374766e-02;3.1250000e+02;4.4944588e-02;3.1250000e+02;2.2709963e-03;3.1250000e+02;1.5723929e-02;3.1250000e+02;3.4759723e-02;3.1250000e+02;5.7990324e-02;3.1250000e+02;8.5741162e-02;3.1250000e+02;1.1528271e-01;3.1250000e+02;1.4789794e-01;3.1250000e+02;1.8702590e-01;3.1250000e+02;2.1964842e-01;3.1250000e+02;2.4650495e-01;3.1250000e+02;2.6417851e-01;3.1250000e+02;2.7407345e-01;3.1250000e+02;2.6802796e-01;3.1250000e+02;2.3831268e-01;3.1250000e+02;1.9399108e-01;3.1250000e+02;1.4036407e-01;3.1250000e+02;8.9374766e-02;3.1250000e+02;4.4944588e-02;3.1250000e+02;2.2709963e-03;3.1250000e+02;1.5723929e-02;3.1250000e+02;3.4759723e-02;3.1250000e+02;5.7990324e-02;3.1250000e+02;8.5741162e-02;3.1250000e+02;1.1528271e-01;3.1250000e+02;1.4789794e-01;3.1250000e+02;1.8702590e-01;3.1250000e+02;2.1964842e-01;3.1250000e+02;2.4650495e-01;3.1250000e+02;2.6417851e-01;3.1250000e+02;2.7407345e-01;3.1250000e+02;2.6802796e-01;3.1250000e+02;2.3831268e-01;3.1250000e+02;1.9399108e-01;3.1250000e+02;1.4036407e-01;3.1250000e+02;8.9374766e-02;3.1250000e+02;4.4944588e-02;3.1250000e+02;2.2709963e-03;3.1250000e+02;1.5723929e-02;3.1250000e+02;3.4759723e-02;3.1250000e+02;5.7990324e-02;3.1250000e+02;8.5741162e-02;3.1250000e+02;1.1528271e-01;3.1250000e+02;1.4789794e-01;3.1250000e+02;1.8702590e-01;3.1250000e+02;2.1964842e-01;3.1250000e+02;2.4650495e-01;3.1250000e+02;2.6417851e-01;3.1250000e+02;2.7407345e-01;3.1250000e+02;2.6802796e-01;3.1250000e+02;2.3831268e-01;3.1250000e+02;1.9399108e-01;3.1250000e+02;1.4036407e-01;3.1250000e+02;8.9374766e-02;3.1250000e+02;4.4944588e-02;3.1250000e+02;2.2709963e-03;3.1250000e+02;1.5723929e-02;3.1250000e+02;3.4759723e-02;3.1250000e+02;5.7990324e-02;3.1250000e+02;8.5741162e-02;3.1250000e+02;1.1528271e-01;3.1250000e+02;1.4789794e-01;3.1250000e+02;1.8702590e-01;3.1250000e+02;2.1964842e-01;3.1250000e+02;2.4650495e-01;3.1250000e+02;2.6417851e-01;3.1250000e+02;2.7407345e-01;3.1250000e+02;2.6802796e-01;3.1250000e+02;2.3831268e-01;3.1250000e+02;1.9399108e-01;3.1250000e+02;1.4036407e-01;3.1250000e+02;8.9374766e-02;3.1250000e+02;4.4944588e-02;3.1250000e+02;2.2709963e-03;3.1250000e+02;1.5723929e-02;3.1250000e+02;3.4759723e-02;3.1250000e+02;5.7990324e-02;3.1250000e+02;8.5741162e-02;3.1250000e+02;1.1528271e-01;3.1250000e+02;1.4789794e-01;3.1250000e+02;1.8702590e-01;3.1250000e+02;2.1964842e-01;3.1250000e+02;2.4650495e-01;3.1250000e+02;2.6417851e-01;3.1250000e+02;2.7407345e-01;3.1250000e+02;2.6802796e-01;3.1250000e+02;2.3831268e-01;3.1250000e+02;1.9399108e-01;3.1250000e+02;1.4036407e-01;3.1250000e+02;8.9374766e-02;3.1250000e+02;4.4944588e-02;3.1250000e+02;2.2709963e-03;3.1250000e+02;1.5723929e-02;3.1250000e+02;3.4759723e-02;3.1250000e+02;5.7990324e-02;3.1250000e+02;8.5741162e-02;3.1250000e+02;1.1528271e-01;3.1250000e+02;1.4789794e-01;3.1250000e+02;1.8702590e-01;3.1250000e+02;2.1964842e-01;3.1250000e+02;2.4650495e-01;3.1250000e+02;2.6417851e-01;3.1250000e+02;2.7407345e-01;3.1250000e+02;2.6802796e-01;3.1250000e+02;2.3831268e-01;3.1250000e+02;1.9399108e-01;3.1250000e+02;1.4036407e-01;3.1250000e+02;8.9374766e-02;3.1250000e+02;4.4944588e-02;3.1250000e+02;2.2709963e-03;3.1250000e+02;1.5723929e-02;3.1250000e+02;3.4759723e-02;3.1250000e+02;5.7990324e-02;3.1250000e+02;8.5741162e-02;3.1250000e+02;1.1528271e-01;3.1250000e+02;1.4789794e-01;3.1250000e+02;1.8702590e-01;3.1250000e+02;2.1964842e-01;3.1250000e+02;2.4650495e-01;3.1250000e+02;2.6417851e-01;3.1250000e+02;2.7407345e-01;3.1250000e+02;2.6802796e-01;3.1250000e+02;2.3831268e-01;3.1250000e+02;1.9399108e-01;3.1250000e+02;1.4036407e-01;3.1250000e+02;8.9374766e-02;3.1250000e+02;4.4944588e-02;3.1250000e+02;2.2709963e-03;3.1250000e+02;1.5723929e-02;3.1250000e+02;3.4759723e-02;3.1250000e+02;5.7990324e-02;3.1250000e+02;8.5741162e-02;3.1250000e+02;1.1528271e-01;3.1250000e+02;1.4789794e-01;3.1250000e+02;1.8702590e-01;3.1250000e+02;2.1964842e-01;3.1250000e+02;2.4650495e-01;3.1250000e+02;2.6417851e-01;3.1250000e+02;2.7407345e-01;3.1250000e+02;2.6802796e-01;3.1250000e+02;2.3831268e-01;3.1250000e+02;1.9399108e-01;3.1250000e+02;1.4036407e-01;3.1250000e+02;8.9374766e-02;3.1250000e+02;4.4944588e-02;3.1250000e+02;2.2709963e-03;3.1250000e+02;1.5723929e-02;3.1250000e+02;3.4759723e-02;3.1250000e+02;5.7990324e-02;3.1250000e+02;8.5741162e-02;3.1250000e+02;1.1528271e-01;3.1250000e+02;1.4789794e-01;3.1250000e+02;1.8702590e-01;3.1250000e+02;2.1964842e-01;3.1250000e+02;2.4650495e-01;3.1250000e+02;2.6417851e-01;3.1250000e+02;2.7407345e-01;3.1250000e+02;2.6802796e-01;3.1250000e+02;2.3831268e-01;3.1250000e+02;1.9399108e-01;3.1250000e+02;1.4036407e-01;3.1250000e+02;8.9374766e-02;3.1250000e+02;4.4944588e-02;3.1250000e+02;2.2709963e-03;3.1250000e+02;1.5723929e-02;3.1250000e+02;3.4759723e-02;3.1250000e+02;5.7990324e-02;3.1250000e+02;8.5741162e-02;3.1250000e+02;1.1528271e-01;3.1250000e+02;1.4789794e-01;3.1250000e+02;1.8702590e-01;3.1250000e+02;2.1964842e-01;3.1250000e+02;2.4650495e-01;3.1250000e+02;2.6417851e-01;3.1250000e+02;2.7407345e-01;3.1250000e+02;2.6802796e-01;3.1250000e+02;2.3831268e-01;3.1250000e+02;1.9399108e-01;3.1250000e+02;1.4036407e-01;3.1250000e+02;8.9374766e-02;3.1250000e+02;4.4944588e-02;3.1250000e+02;2.2709963e-03;3.1250000e+02;1.5723929e-02;3.1250000e+02;3.4759723e-02;3.1250000e+02;5.7990324e-02;3.1250000e+02;8.5741162e-02;3.1250000e+02;1.1528271e-01;3.1250000e+02;1.4789794e-01;3.1250000e+02;1.8702590e-01;3.1250000e+02;2.1964842e-01;3.1250000e+02;2.4650495e-01;3.1250000e+02;2.6417851e-01;3.1250000e+02;2.7407345e-01;3.1250000e+02;2.6802796e-01;3.1250000e+02;2.3831268e-01;3.1250000e+02;1.9399108e-01;3.1250000e+02;1.4036407e-01;3.1250000e+02;8.9374766e-02;3.1250000e+02;4.4944588e-02;3.1250000e+02;2.2709963e-03;3.1250000e+02;1.5723929e-02;3.1250000e+02;3.4759723e-02;3.1250000e+02;5.7990324e-02;3.1250000e+02;8.5741162e-02;3.1250000e+02;1.1528271e-01;3.1250000e+02;1.4789794e-01;3.1250000e+02;1.8702590e-01;3.1250000e+02;2.1964842e-01;3.1250000e+02;2.4650495e-01;3.1250000e+02;2.6417851e-01;3.1250000e+02;2.7407345e-01;3.1250000e+02;2.6802796e-01;3.1250000e+02;2.3831268e-01;3.1250000e+02;1.9399108e-01;3.1250000e+02;1.4036407e-01;3.1250000e+02;8.9374766e-02;3.1250000e+02;4.4944588e-02;3.1250000e+02;2.2709963e-03;3.1250000e+02;1.5723929e-02;3.1250000e+02;3.4759723e-02;3.1250000e+02;5.7990324e-02;3.1250000e+02;8.5741162e-02;3.1250000e+02;1.1528271e-01;3.1250000e+02;1.4789794e-01;3.1250000e+02;1.8702590e-01;3.1250000e+02;2.1964842e-01;3.1250000e+02;2.4650495e-01;3.1250000e+02;2.6417851e-01;3.1250000e+02;2.7407345e-01;3.1250000e+02;2.6802796e-01;3.1250000e+02;2.3831268e-01;3.1250000e+02;1.9399108e-01;3.1250000e+02;1.4036407e-01;3.1250000e+02;8.9374766e-02;3.1250000e+02;4.4944588e-02;3.1250000e+02;2.2709963e-03;3.1250000e+02;1.5723929e-02;3.1250000e+02;3.4759723e-02;3.1250000e+02;5.7990324e-02;3.1250000e+02;8.5741162e-02;3.1250000e+02;1.1528271e-01;3.1250000e+02;1.4789794e-01;3.1250000e+02;1.8702590e-01;3.1250000e+02;2.1964842e-01;3.1250000e+02;2.4650495e-01;3.1250000e+02;2.6417851e-01;3.1250000e+02;2.7407345e-01;3.1250000e+02;2.6802796e-01;3.1250000e+02;2.3831268e-01;3.1250000e+02;1.9399108e-01;3.1250000e+02;1.4036407e-01;3.1250000e+02;8.9374766e-02;3.1250000e+02;4.4944588e-02;3.1250000e+02;2.2709963e-03;3.1250000e+02;1.5723929e-02;3.1250000e+02;3.4759723e-02;3.1250000e+02;5.7990324e-02;3.1250000e+02;8.5741162e-02;3.1250000e+02;1.1528271e-01;3.1250000e+02;1.4789794e-01;3.1250000e+02;1.8702590e-01;3.1250000e+02;2.1964842e-01;3.1250000e+02;2.4650495e-01;3.1250000e+02;2.6417851e-01;3.1250000e+02;2.7407345e-01;3.1250000e+02;2.6802796e-01;3.1250000e+02;2.3831268e-01;3.1250000e+02;1.9399108e-01;3.1250000e+02;1.4036407e-01;3.1250000e+02;8.9374766e-02;3.1250000e+02;4.4944588e-02;3.1250000e+02;2.2709963e-03;3.1250000e+02;1.5723929e-02;3.1250000e+02;3.4759723e-02;3.1250000e+02;5.7990324e-02;3.1250000e+02;8.5741162e-02;3.1250000e+02;1.1528271e-01;3.1250000e+02;1.4789794e-01;3.1250000e+02;1.8702590e-01;3.1250000e+02;2.1964842e-01;3.1250000e+02;2.4650495e-01;3.1250000e+02;2.6417851e-01;3.1250000e+02;2.7407345e-01;3.1250000e+02;2.6802796e-01;3.1250000e+02;2.3831268e-01;3.1250000e+02;1.9399108e-01;3.1250000e+02;1.4036407e-01;3.1250000e+02;8.9374766e-02;3.1250000e+02;4.4944588e-02;3.1250000e+02;2.2709963e-03;3.1250000e+02;1.5723929e-02;3.1250000e+02;3.4759723e-02;3.1250000e+02;5.7990324e-02;3.1250000e+02;8.5741162e-02;3.1250000e+02;1.1528271e-01;3.1250000e+02;1.4789794e-01;3.1250000e+02;1.8702590e-01;3.1250000e+02;2.1964842e-01;3.1250000e+02;2.4650495e-01;3.1250000e+02;2.6417851e-01;3.1250000e+02;2.7407345e-01;3.1250000e+02;2.6802796e-01;3.1250000e+02;2.3831268e-01;3.1250000e+02;1.9399108e-01;3.1250000e+02;1.4036407e-01;3.1250000e+02;8.9374766e-02;3.1250000e+02;4.4944588e-02;3.1250000e+02;2.2709963e-03;3.1250000e+02;1.5723929e-02;3.1250000e+02;3.4759723e-02;3.1250000e+02;5.7990324e-02;3.1250000e+02;8.5741162e-02;3.1250000e+02;1.1528271e-01;3.1250000e+02;1.4789794e-01;3.1250000e+02;1.8702590e-01;3.1250000e+02;2.1964842e-01;3.1250000e+02;2.4650495e-01;3.1250000e+02;2.6417851e-01;3.1250000e+02;2.7407345e-01;3.1250000e+02;2.6802796e-01;3.1250000e+02;2.3831268e-01;3.1250000e+02;1.9399108e-01;3.1250000e+02;1.4036407e-01;3.1250000e+02;8.9374766e-02;3.1250000e+02;4.4944588e-02;3.1250000e+02;2.2709963e-03;3.1250000e+02;1.5723929e-02;3.1250000e+02;3.4759723e-02;3.1250000e+02;5.7990324e-02;3.1250000e+02;8.5741162e-02;3.1250000e+02;1.1528271e-01;3.1250000e+02;1.4789794e-01;3.1250000e+02;1.8702590e-01;3.1250000e+02;2.1964842e-01;3.1250000e+02;2.4650495e-01;3.1250000e+02;2.6417851e-01;3.1250000e+02;2.7407345e-01;3.1250000e+02;2.6802796e-01;3.1250000e+02;2.3831268e-01;3.1250000e+02;1.9399108e-01;3.1250000e+02;1.4036407e-01;3.1250000e+02;8.9374766e-02;3.1250000e+02;4.4944588e-02;3.1250000e+02;2.2709963e-03;3.1250000e+02;1.5723929e-02;3.1250000e+02;3.4759723e-02;3.1250000e+02;5.7990324e-02;3.1250000e+02;8.5741162e-02;3.1250000e+02;1.1528271e-01;3.1250000e+02;1.4789794e-01;3.1250000e+02;1.8702590e-01;3.1250000e+02;2.1964842e-01;3.1250000e+02;2.4650495e-01;3.1250000e+02;2.6417851e-01;3.1250000e+02;2.7407345e-01;3.1250000e+02;2.6802796e-01;3.1250000e+02;2.3831268e-01;3.1250000e+02;1.9399108e-01;3.1250000e+02;1.4036407e-01;3.1250000e+02;8.9374766e-02;3.1250000e+02;4.4944588e-02;3.1250000e+02;2.2709963e-03;3.1250000e+02;1.5723929e-02;3.1250000e+02;3.4759723e-02;3.1250000e+02;5.7990324e-02;3.1250000e+02;8.5741162e-02;3.1250000e+02;1.1528271e-01;3.1250000e+02;1.4789794e-01;3.1250000e+02;1.8702590e-01;3.1250000e+02;2.1964842e-01;3.1250000e+02;2.4650495e-01;3.1250000e+02;2.6417851e-01;3.1250000e+02;2.7407345e-01;3.1250000e+02;2.6802796e-01;3.1250000e+02;2.3831268e-01;3.1250000e+02;1.9399108e-01;3.1250000e+02;1.4036407e-01;3.1250000e+02;8.9374766e-02;3.1250000e+02;4.4944588e-02;3.1250000e+02;2.2709963e-03;3.1250000e+02;1.5723929e-02;3.1250000e+02;3.4759723e-02;3.1250000e+02;5.7990324e-02;3.1250000e+02;8.5741162e-02;3.1250000e+02;1.1528271e-01;3.1250000e+02;1.4789794e-01;3.1250000e+02;1.8702590e-01;3.1250000e+02;2.1964842e-01;3.1250000e+02;2.4650495e-01;3.1250000e+02;2.6417851e-01;3.1250000e+02;2.7407345e-01;3.1250000e+02;2.6802796e-01;3.1250000e+02;2.3831268e-01;3.1250000e+02;1.9399108e-01;3.1250000e+02;1.4036407e-01;3.1250000e+02;8.9374766e-02;3.1250000e+02;4.4944588e-02;3.1250000e+02;2.2709963e-03;3.1250000e+02;1.5723929e-02;3.1250000e+02;3.4759723e-02;3.1250000e+02;5.7990324e-02;3.1250000e+02;8.5741162e-02;3.1250000e+02;1.1528271e-01;3.1250000e+02;1.4789794e-01;3.1250000e+02;1.8702590e-01;3.1250000e+02;2.1964842e-01;3.1250000e+02;2.4650495e-01;3.1250000e+02;2.6417851e-01;3.1250000e+02;2.7407345e-01;3.1250000e+02;2.6802796e-01;3.1250000e+02;2.3831268e-01;3.1250000e+02;1.9399108e-01;3.1250000e+02;1.4036407e-01;3.1250000e+02;8.9374766e-02;3.1250000e+02;4.4944588e-02;3.1250000e+02;2.2709963e-03;3.1250000e+02;1.5723929e-02;3.1250000e+02;3.4759723e-02;3.1250000e+02;5.7990324e-02;3.1250000e+02;8.5741162e-02;3.1250000e+02;1.1528271e-01;3.1250000e+02;1.4789794e-01;3.1250000e+02;1.8702590e-01;3.1250000e+02;2.1964842e-01;3.1250000e+02;2.4650495e-01;3.1250000e+02;2.6417851e-01;3.1250000e+02;2.7407345e-01;3.1250000e+02;2.6802796e-01;3.1250000e+02;2.3831268e-01;3.1250000e+02;1.9399108e-01;3.1250000e+02;1.4036407e-01;3.1250000e+02;8.9374766e-02;3.1250000e+02;4.4944588e-02;3.1250000e+02;2.2709963e-03;3.1250000e+02;1.5723929e-02;3.1250000e+02;3.4759723e-02;3.1250000e+02;5.7990324e-02;3.1250000e+02;8.5741162e-02;3.1250000e+02;1.1528271e-01;3.1250000e+02;1.4789794e-01;3.1250000e+02;1.8702590e-01;3.1250000e+02;2.1964842e-01;3.1250000e+02;2.4650495e-01;3.1250000e+02;2.6417851e-01;3.1250000e+02;2.7407345e-01;3.1250000e+02;2.6802796e-01;3.1250000e+02;2.3831268e-01;3.1250000e+02;1.9399108e-01;3.1250000e+02;1.4036407e-01;3.1250000e+02;8.9374766e-02;3.1250000e+02;4.4944588e-02;3.1250000e+02;2.2709963e-03;3.1250000e+02;1.5723929e-02;3.1250000e+02;3.4759723e-02;3.1250000e+02;5.7990324e-02;3.1250000e+02;8.5741162e-02;3.1250000e+02;1.1528271e-01;3.1250000e+02;1.4789794e-01;3.1250000e+02;1.8702590e-01;3.1250000e+02;2.1964842e-01;3.1250000e+02;2.4650495e-01;3.1250000e+02;2.6417851e-01;3.1250000e+02;2.7407345e-01;3.1250000e+02;2.6802796e-01;3.1250000e+02;2.3831268e-01;3.1250000e+02;1.9399108e-01;3.1250000e+02;1.4036407e-01;3.1250000e+02;8.9374766e-02;3.1250000e+02;4.4944588e-02;3.1250000e+02;2.2709963e-03;3.1250000e+02;1.5723929e-02;3.1250000e+02;3.4759723e-02;3.1250000e+02;5.7990324e-02;3.1250000e+02;8.5741162e-02;3.1250000e+02;1.1528271e-01;3.1250000e+02;1.4789794e-01;3.1250000e+02;1.8702590e-01;3.1250000e+02;2.1964842e-01;3.1250000e+02;2.4650495e-01;3.1250000e+02;2.6417851e-01;3.1250000e+02;2.7407345e-01;3.1250000e+02;2.6802796e-01;3.1250000e+02;2.3831268e-01;3.1250000e+02;1.9399108e-01;3.1250000e+02;1.4036407e-01;3.1250000e+02;8.9374766e-02;3.1250000e+02;4.4944588e-02;3.1250000e+02;2.2709963e-03;3.1250000e+02;1.5723929e-02;3.1250000e+02;3.4759723e-02;3.1250000e+02;5.7990324e-02;3.1250000e+02;8.5741162e-02;3.1250000e+02;1.1528271e-01;3.1250000e+02;1.4789794e-01;3.1250000e+02;1.8702590e-01;3.1250000e+02;2.1964842e-01;3.1250000e+02;2.4650495e-01;3.1250000e+02;2.6417851e-01;3.1250000e+02;2.7407345e-01;3.1250000e+02;2.6802796e-01;3.1250000e+02;2.3831268e-01;3.1250000e+02;1.9399108e-01;3.1250000e+02;1.4036407e-01;3.1250000e+02;8.9374766e-02;3.1250000e+02;4.4944588e-02;3.1250000e+02;2.2709963e-03;3.1250000e+02;1.5723929e-02;3.1250000e+02;3.4759723e-02;3.1250000e+02;5.7990324e-02;3.1250000e+02;8.5741162e-02;3.1250000e+02;1.1528271e-01;3.1250000e+02;1.4789794e-01;3.1250000e+02;1.8702590e-01;3.1250000e+02;2.1964842e-01;3.1250000e+02;2.4650495e-01;3.1250000e+02;2.6417851e-01;3.1250000e+02;2.7407345e-01;3.1250000e+02;2.6802796e-01;3.1250000e+02;2.3831268e-01;3.1250000e+02;1.9399108e-01;3.1250000e+02;1.4036407e-01;3.1250000e+02;8.9374766e-02;3.1250000e+02;4.4944588e-02;3.1250000e+02;2.2709963e-03;3.1250000e+02;1.5723929e-02;3.1250000e+02;3.4759723e-02;3.1250000e+02;5.7990324e-02;3.1250000e+02;8.5741162e-02;3.1250000e+02;1.1528271e-01;3.1250000e+02;1.4789794e-01;3.1250000e+02;1.8702590e-01;3.1250000e+02;2.1964842e-01;3.1250000e+02;2.4650495e-01;3.1250000e+02;2.6417851e-01;3.1250000e+02;2.7407345e-01;3.1250000e+02;2.6802796e-01;3.1250000e+02;2.3831268e-01;3.1250000e+02;1.9399108e-01;3.1250000e+02;1.4036407e-01;3.1250000e+02;8.9374766e-02;3.1250000e+02;4.4944588e-02;3.1250000e+02;2.2709963e-03;3.1250000e+02;1.5723929e-02;3.1250000e+02;3.4759723e-02;3.1250000e+02;5.7990324e-02;3.1250000e+02;8.5741162e-02;3.1250000e+02;1.1528271e-01;3.1250000e+02;1.4789794e-01;3.1250000e+02;1.8702590e-01;3.1250000e+02;2.1964842e-01;3.1250000e+02;2.4650495e-01;3.1250000e+02;2.6417851e-01;3.1250000e+02;2.7407345e-01;3.1250000e+02;2.6802796e-01;3.1250000e+02;2.3831268e-01;3.1250000e+02;1.9399108e-01;3.1250000e+02;1.4036407e-01;3.1250000e+02;8.9374766e-02;3.1250000e+02;4.4944588e-02;3.1250000e+02;2.2709963e-03;3.1250000e+02;1.5723929e-02;3.1250000e+02;3.4759723e-02;3.1250000e+02;5.7990324e-02;3.1250000e+02;8.5741162e-02;3.1250000e+02;1.1528271e-01;3.1250000e+02;1.4789794e-01;3.1250000e+02;1.8702590e-01;3.1250000e+02;2.1964842e-01;3.1250000e+02;2.4650495e-01;3.1250000e+02;2.6417851e-01;3.1250000e+02;2.7407345e-01;3.1250000e+02;2.6802796e-01;3.1250000e+02;2.3831268e-01;3.1250000e+02;1.9399108e-01;3.1250000e+02;1.4036407e-01;3.1250000e+02;8.9374766e-02;3.1250000e+02;4.4944588e-02;3.1250000e+02;2.2709963e-03;3.1250000e+02;1.5723929e-02;3.1250000e+02;3.4759723e-02;3.1250000e+02;5.7990324e-02;3.1250000e+02;8.5741162e-02;3.1250000e+02;1.1528271e-01;3.1250000e+02;1.4789794e-01;3.1250000e+02;1.8702590e-01;3.1250000e+02;2.1964842e-01;3.1250000e+02;2.4650495e-01;3.1250000e+02;2.6417851e-01;3.1250000e+02;2.7407345e-01;3.1250000e+02;2.6802796e-01;3.1250000e+02;2.3831268e-01;3.1250000e+02;1.9399108e-01;3.1250000e+02;1.4036407e-01;3.1250000e+02;8.9374766e-02;3.1250000e+02;4.4944588e-02;3.1250000e+02;2.2709963e-03;3.1250000e+02;1.5723929e-02;3.1250000e+02;3.4759723e-02;3.1250000e+02;5.7990324e-02;3.1250000e+02;8.5741162e-02;3.1250000e+02;1.1528271e-01;3.1250000e+02;1.4789794e-01;3.1250000e+02;1.8702590e-01;3.1250000e+02;2.1964842e-01;3.1250000e+02;2.4650495e-01;3.1250000e+02;2.6417851e-01;3.1250000e+02;2.7407345e-01;3.1250000e+02;2.6802796e-01;3.1250000e+02;2.3831268e-01;3.1250000e+02;1.9399108e-01;3.1250000e+02;1.4036407e-01;3.1250000e+02;8.9374766e-02;3.1250000e+02;4.4944588e-02;3.1250000e+02;2.2709963e-03;3.1250000e+02;1.5723929e-02;3.1250000e+02;3.4759723e-02;3.1250000e+02;5.7990324e-02;3.1250000e+02;8.5741162e-02;3.1250000e+02;1.1528271e-01;3.1250000e+02;1.4789794e-01;3.1250000e+02;1.8702590e-01;3.1250000e+02;2.1964842e-01;3.1250000e+02;2.4650495e-01;3.1250000e+02;2.6417851e-01;3.1250000e+02;2.7407345e-01;3.1250000e+02;2.6802796e-01;3.1250000e+02;2.3831268e-01;3.1250000e+02;1.9399108e-01;3.1250000e+02;1.4036407e-01;3.1250000e+02;8.9374766e-02;3.1250000e+02;4.4944588e-02;3.1250000e+02;2.2709963e-03;3.1250000e+02;1.5723929e-02;3.1250000e+02;3.4759723e-02;3.1250000e+02;5.7990324e-02;3.1250000e+02;8.5741162e-02;3.1250000e+02;1.1528271e-01;3.1250000e+02;1.4789794e-01;3.1250000e+02;1.8702590e-01;3.1250000e+02;2.1964842e-01;3.1250000e+02;2.4650495e-01;3.1250000e+02;2.6417851e-01;3.1250000e+02;2.7407345e-01;3.1250000e+02;2.6802796e-01;3.1250000e+02;2.3831268e-01;3.1250000e+02;1.9399108e-01;3.1250000e+02;1.4036407e-01;3.1250000e+02;8.9374766e-02;3.1250000e+02;4.4944588e-02;3.1250000e+02;2.2709963e-03;3.1250000e+02;1.5723929e-02;3.1250000e+02;3.4759723e-02;3.1250000e+02;5.7990324e-02;3.1250000e+02;8.5741162e-02;3.1250000e+02;1.1528271e-01;3.1250000e+02;1.4789794e-01;3.1250000e+02;1.8702590e-01;3.1250000e+02;2.1964842e-01;3.1250000e+02;2.4650495e-01;3.1250000e+02;2.6417851e-01;3.1250000e+02;2.7407345e-01;3.1250000e+02;2.6802796e-01;3.1250000e+02;2.3831268e-01;3.1250000e+02;1.9399108e-01;3.1250000e+02;1.4036407e-01;3.1250000e+02;8.9374766e-02;3.1250000e+02;4.4944588e-02;3.1250000e+02;2.2709963e-03;3.1250000e+02;1.5723929e-02;3.1250000e+02;3.4759723e-02;3.1250000e+02;5.7990324e-02;3.1250000e+02;8.5741162e-02;3.1250000e+02;1.1528271e-01;3.1250000e+02;1.4789794e-01;3.1250000e+02;1.8702590e-01;3.1250000e+02;2.1964842e-01;3.1250000e+02;2.4650495e-01;3.1250000e+02;2.6417851e-01;3.1250000e+02;2.7407345e-01;3.1250000e+02;2.6802796e-01;3.1250000e+02;2.3831268e-01;3.1250000e+02;1.9399108e-01;3.1250000e+02;1.4036407e-01;3.1250000e+02;8.9374766e-02;3.1250000e+02;4.4944588e-02;3.1250000e+02;2.2709963e-03;3.1250000e+02;1.5723929e-02;3.1250000e+02;3.4759723e-02;3.1250000e+02;5.7990324e-02;3.1250000e+02;8.5741162e-02;3.1250000e+02;1.1528271e-01;3.1250000e+02;1.4789794e-01;3.1250000e+02;1.8702590e-01;3.1250000e+02;2.1964842e-01;3.1250000e+02;2.4650495e-01;3.1250000e+02;2.6417851e-01;3.1250000e+02;2.7407345e-01;3.1250000e+02;2.6802796e-01;3.1250000e+02;2.3831268e-01;3.1250000e+02;1.9399108e-01;3.1250000e+02;1.4036407e-01;3.1250000e+02;8.9374766e-02;3.1250000e+02;4.4944588e-02;3.1250000e+02;2.2709963e-03;3.1250000e+02;1.5723929e-02;3.1250000e+02;3.4759723e-02;3.1250000e+02;5.7990324e-02;3.1250000e+02;8.5741162e-02;3.1250000e+02;1.1528271e-01;3.1250000e+02;1.4789794e-01;3.1250000e+02;1.8702590e-01;3.1250000e+02;2.1964842e-01;3.1250000e+02;2.4650495e-01;3.1250000e+02;2.6417851e-01;3.1250000e+02;2.7407345e-01;3.1250000e+02;2.6802796e-01;3.1250000e+02;2.3831268e-01;3.1250000e+02;1.9399108e-01;3.1250000e+02;1.4036407e-01;3.1250000e+02;8.9374766e-02;3.1250000e+02;4.4944588e-02;3.1250000e+02;2.2709963e-03;3.1250000e+02;1.5723929e-02;3.1250000e+02;3.4759723e-02;3.1250000e+02;5.7990324e-02;3.1250000e+02;8.5741162e-02;3.1250000e+02;1.1528271e-01;3.1250000e+02;1.4789794e-01;3.1250000e+02;1.8702590e-01;3.1250000e+02;2.1964842e-01;3.1250000e+02;2.4650495e-01;3.1250000e+02;2.6417851e-01;3.1250000e+02;2.7407345e-01;3.1250000e+02;2.6802796e-01;3.1250000e+02;2.3831268e-01;3.1250000e+02;1.9399108e-01;3.1250000e+02;1.4036407e-01;3.1250000e+02;8.9374766e-02;3.1250000e+02;4.4944588e-02;3.1250000e+02;2.2709963e-03;3.1250000e+02;1.5723929e-02;3.1250000e+02;3.4759723e-02;3.1250000e+02;5.7990324e-02;3.1250000e+02;8.5741162e-02;3.1250000e+02;1.1528271e-01;3.1250000e+02;1.4789794e-01;3.1250000e+02;1.8702590e-01;3.1250000e+02;2.1964842e-01;3.1250000e+02;2.4650495e-01;3.1250000e+02;2.6417851e-01;3.1250000e+02;2.7407345e-01;3.1250000e+02;2.6802796e-01;3.1250000e+02;2.3831268e-01;3.1250000e+02;1.9399108e-01;3.1250000e+02;1.4036407e-01;3.1250000e+02;8.9374766e-02;3.1250000e+02;4.4944588e-02;3.1250000e+02;2.2709963e-03;3.1250000e+02;1.5723929e-02;3.1250000e+02;3.4759723e-02;3.1250000e+02;5.7990324e-02;3.1250000e+02;8.5741162e-02;3.1250000e+02;1.1528271e-01;3.1250000e+02;1.4789794e-01;3.1250000e+02;1.8702590e-01;3.1250000e+02;2.1964842e-01;3.1250000e+02;2.4650495e-01;3.1250000e+02;2.6417851e-01;3.1250000e+02;2.7407345e-01;3.1250000e+02;2.6802796e-01;3.1250000e+02;2.3831268e-01;3.1250000e+02;1.9399108e-01;3.1250000e+02;1.4036407e-01;3.1250000e+02;8.9374766e-02;3.1250000e+02;4.4944588e-02;3.1250000e+02;2.2709963e-03;3.1250000e+02;1.5723929e-02;3.1250000e+02;3.4759723e-02;3.1250000e+02;5.7990324e-02;3.1250000e+02;8.5741162e-02;3.1250000e+02;1.1528271e-01;3.1250000e+02;1.4789794e-01;3.1250000e+02;1.8702590e-01;3.1250000e+02;2.1964842e-01;3.1250000e+02;2.4650495e-01;3.1250000e+02;2.6417851e-01;3.1250000e+02;2.7407345e-01;3.1250000e+02;2.6802796e-01;3.1250000e+02;2.3831268e-01;3.1250000e+02;1.9399108e-01;3.1250000e+02;1.4036407e-01;3.1250000e+02;8.9374766e-02;3.1250000e+02;4.4944588e-02;3.1250000e+02;2.2709963e-03;3.1250000e+02;1.5723929e-02;3.1250000e+02;3.4759723e-02;3.1250000e+02;5.7990324e-02;3.1250000e+02;8.5741162e-02;3.1250000e+02;1.1528271e-01;3.1250000e+02;1.4789794e-01;3.1250000e+02;1.8702590e-01;3.1250000e+02;2.1964842e-01;3.1250000e+02;2.4650495e-01;3.1250000e+02;2.6417851e-01;3.1250000e+02;2.7407345e-01;3.1250000e+02;2.6802796e-01;3.1250000e+02;2.3831268e-01;3.1250000e+02;1.9399108e-01;3.1250000e+02;1.4036407e-01;3.1250000e+02;8.9374766e-02;3.1250000e+02;4.4944588e-02;3.1250000e+02;2.2709963e-03;3.1250000e+02;1.5723929e-02;3.1250000e+02;3.4759723e-02;3.1250000e+02;5.7990324e-02;3.1250000e+02;8.5741162e-02;3.1250000e+02;1.1528271e-01;3.1250000e+02;1.4789794e-01;3.1250000e+02;1.8702590e-01;3.1250000e+02;2.1964842e-01;3.1250000e+02;2.4650495e-01;3.1250000e+02;2.6417851e-01;3.1250000e+02;2.7407345e-01;3.1250000e+02;2.6802796e-01;3.1250000e+02;2.3831268e-01;3.1250000e+02;1.9399108e-01;3.1250000e+02;1.4036407e-01;3.1250000e+02;8.9374766e-02;3.1250000e+02;4.4944588e-02;3.1250000e+02;2.2709963e-03;3.1250000e+02;1.5723929e-02;3.1250000e+02;3.4759723e-02;3.1250000e+02;5.7990324e-02;3.1250000e+02;8.5741162e-02;3.1250000e+02;1.1528271e-01;3.1250000e+02;1.4789794e-01;3.1250000e+02;1.8702590e-01;3.1250000e+02;2.1964842e-01;3.1250000e+02;2.4650495e-01;3.1250000e+02;2.6417851e-01;3.1250000e+02;2.7407345e-01;3.1250000e+02;2.6802796e-01;3.1250000e+02;2.3831268e-01;3.1250000e+02;1.9399108e-01;3.1250000e+02;1.4036407e-01;3.1250000e+02;8.9374766e-02;3.1250000e+02;4.4944588e-02;3.1250000e+02;2.2709963e-03;3.1250000e+02;1.5723929e-02;3.1250000e+02;3.4759723e-02;3.1250000e+02;5.7990324e-02;3.1250000e+02;8.5741162e-02;3.1250000e+02;1.1528271e-01;3.1250000e+02;1.4789794e-01;3.1250000e+02;1.8702590e-01;3.1250000e+02;2.1964842e-01;3.1250000e+02;2.4650495e-01;3.1250000e+02;2.6417851e-01;3.1250000e+02;2.7407345e-01;3.1250000e+02;2.6802796e-01;3.1250000e+02;2.3831268e-01;3.1250000e+02;1.9399108e-01;3.1250000e+02;1.4036407e-01;3.1250000e+02;8.9374766e-02;3.1250000e+02;4.4944588e-02;3.1250000e+02;2.2709963e-03;3.1250000e+02;1.5723929e-02;3.1250000e+02;3.4759723e-02;3.1250000e+02;5.7990324e-02;3.1250000e+02;8.5741162e-02;3.1250000e+02;1.1528271e-01;3.1250000e+02;1.4789794e-01;3.1250000e+02;1.8702590e-01;3.1250000e+02;2.1964842e-01;3.1250000e+02;2.4650495e-01;3.1250000e+02;2.6417851e-01;3.1250000e+02;2.7407345e-01;3.1250000e+02;2.6802796e-01;3.1250000e+02;2.3831268e-01;3.1250000e+02;1.9399108e-01;3.1250000e+02;1.4036407e-01;3.1250000e+02;8.9374766e-02;3.1250000e+02;4.4944588e-02;3.1250000e+02;2.2709963e-03;3.1250000e+02;1.5723929e-02;3.1250000e+02;3.4759723e-02;3.1250000e+02;5.7990324e-02;3.1250000e+02;8.5741162e-02;3.1250000e+02;1.1528271e-01;3.1250000e+02;1.4789794e-01;3.1250000e+02;1.8702590e-01;3.1250000e+02;2.1964842e-01;3.1250000e+02;2.4650495e-01;3.1250000e+02;2.6417851e-01;3.1250000e+02;2.7407345e-01;3.1250000e+02;2.6802796e-01;3.1250000e+02;2.3831268e-01;3.1250000e+02;1.9399108e-01;3.1250000e+02;1.4036407e-01;3.1250000e+02;8.9374766e-02;3.1250000e+02;4.4944588e-02;3.1250000e+02;2.2709963e-03;3.1250000e+02;1.5723929e-02;3.1250000e+02;3.4759723e-02;3.1250000e+02;5.7990324e-02;3.1250000e+02;8.5741162e-02;3.1250000e+02;1.1528271e-01;3.1250000e+02;1.4789794e-01;3.1250000e+02;1.8702590e-01;3.1250000e+02;2.1964842e-01;3.1250000e+02;2.4650495e-01;3.1250000e+02;2.6417851e-01;3.1250000e+02;2.7407345e-01;3.1250000e+02;2.6802796e-01;3.1250000e+02;2.3831268e-01;3.1250000e+02;1.9399108e-01;3.1250000e+02;1.4036407e-01;3.1250000e+02;8.9374766e-02;3.1250000e+02;4.4944588e-02;3.1250000e+02;2.2709963e-03;3.1250000e+02;1.5723929e-02;3.1250000e+02;3.4759723e-02;3.1250000e+02;5.7990324e-02;3.1250000e+02;8.5741162e-02;3.1250000e+02;1.1528271e-01;3.1250000e+02;1.4789794e-01;3.1250000e+02;1.8702590e-01;3.1250000e+02;2.1964842e-01;3.1250000e+02;2.4650495e-01;3.1250000e+02;2.6417851e-01;3.1250000e+02;2.7407345e-01;3.1250000e+02;2.6802796e-01;3.1250000e+02;2.3831268e-01;3.1250000e+02;1.9399108e-01;3.1250000e+02;1.4036407e-01;3.1250000e+02;8.9374766e-02;3.1250000e+02;4.4944588e-02;3.1250000e+02;2.2709963e-03;3.1250000e+02;1.5723929e-02;3.1250000e+02;3.4759723e-02;3.1250000e+02;5.7990324e-02;3.1250000e+02;8.5741162e-02;3.1250000e+02;1.1528271e-01;3.1250000e+02;1.4789794e-01;3.1250000e+02;1.8702590e-01;3.1250000e+02;2.1964842e-01;3.1250000e+02;2.4650495e-01;3.1250000e+02;2.6417851e-01;3.1250000e+02;2.7407345e-01;3.1250000e+02;2.6802796e-01;3.1250000e+02;2.3831268e-01;3.1250000e+02;1.9399108e-01;3.1250000e+02;1.4036407e-01;3.1250000e+02;8.9374766e-02;3.1250000e+02;4.4944588e-02;3.1250000e+02;2.2709963e-03;3.1250000e+02;1.5723929e-02;3.1250000e+02;3.4759723e-02;3.1250000e+02;5.7990324e-02;3.1250000e+02;8.5741162e-02;3.1250000e+02;1.1528271e-01;3.1250000e+02;1.4789794e-01;3.1250000e+02;1.8702590e-01;3.1250000e+02;2.1964842e-01;3.1250000e+02;2.4650495e-01;3.1250000e+02;2.6417851e-01;3.1250000e+02;2.7407345e-01;3.1250000e+02;2.6802796e-01;3.1250000e+02;2.3831268e-01;3.1250000e+02;1.9399108e-01;3.1250000e+02;1.4036407e-01;3.1250000e+02;8.9374766e-02;3.1250000e+02;4.4944588e-02;3.1250000e+02;2.2709963e-03;3.1250000e+02;1.5723929e-02;3.1250000e+02;3.4759723e-02;3.1250000e+02;5.7990324e-02;3.1250000e+02;8.5741162e-02;3.1250000e+02;1.1528271e-01;3.1250000e+02;1.4789794e-01;3.1250000e+02;1.8702590e-01;3.1250000e+02;2.1964842e-01;3.1250000e+02;2.4650495e-01;3.1250000e+02;2.6417851e-01;3.1250000e+02;2.7407345e-01;3.1250000e+02;2.6802796e-01;3.1250000e+02;2.3831268e-01;3.1250000e+02;1.9399108e-01;3.1250000e+02;1.4036407e-01;3.1250000e+02;8.9374766e-02;3.1250000e+02;4.4944588e-02;3.1250000e+02;2.2709963e-03;3.1250000e+02;1.5723929e-02;3.1250000e+02;3.4759723e-02;3.1250000e+02;5.7990324e-02;3.1250000e+02;8.5741162e-02;3.1250000e+02;1.1528271e-01;3.1250000e+02;1.4789794e-01;3.1250000e+02;1.8702590e-01;3.1250000e+02;2.1964842e-01;3.1250000e+02;2.4650495e-01;3.1250000e+02;2.6417851e-01;3.1250000e+02;2.7407345e-01;3.1250000e+02;2.6802796e-01;3.1250000e+02;2.3831268e-01;3.1250000e+02;1.9399108e-01;3.1250000e+02;1.4036407e-01;3.1250000e+02;8.9374766e-02;3.1250000e+02;4.4944588e-02;3.1250000e+02;2.2709963e-03;3.1250000e+02;1.5723929e-02;3.1250000e+02;3.4759723e-02;3.1250000e+02;5.7990324e-02;3.1250000e+02;8.5741162e-02;3.1250000e+02;1.1528271e-01;3.1250000e+02;1.4789794e-01;3.1250000e+02;1.8702590e-01;3.1250000e+02;2.1964842e-01;3.1250000e+02;2.4650495e-01;3.1250000e+02;2.6417851e-01;3.1250000e+02;2.7407345e-01;3.1250000e+02;2.6802796e-01;3.1250000e+02;2.3831268e-01;3.1250000e+02;1.9399108e-01;3.1250000e+02;1.4036407e-01;3.1250000e+02;8.9374766e-02;3.1250000e+02;4.4944588e-02;3.1250000e+02;2.2709963e-03;3.1250000e+02;1.5723929e-02;3.1250000e+02;3.4759723e-02;3.1250000e+02;5.7990324e-02;3.1250000e+02;8.5741162e-02;3.1250000e+02;1.1528271e-01;3.1250000e+02;1.4789794e-01;3.1250000e+02;1.8702590e-01;3.1250000e+02;2.1964842e-01;3.1250000e+02;2.4650495e-01;3.1250000e+02;2.6417851e-01;3.1250000e+02;2.7407345e-01;3.1250000e+02;2.6802796e-01;3.1250000e+02;2.3831268e-01;3.1250000e+02;1.9399108e-01;3.1250000e+02;1.4036407e-01;3.1250000e+02;8.9374766e-02;3.1250000e+02;4.4944588e-02;3.1250000e+02;2.2709963e-03;3.1250000e+02;1.5723929e-02;3.1250000e+02;3.4759723e-02;3.1250000e+02;5.7990324e-02;3.1250000e+02;8.5741162e-02;3.1250000e+02;1.1528271e-01;3.1250000e+02;1.4789794e-01;3.1250000e+02;1.8702590e-01;3.1250000e+02;2.1964842e-01;3.1250000e+02;2.4650495e-01;3.1250000e+02;2.6417851e-01;3.1250000e+02;2.7407345e-01;3.1250000e+02;2.6802796e-01;3.1250000e+02;2.3831268e-01;3.1250000e+02;1.9399108e-01;3.1250000e+02;1.4036407e-01;3.1250000e+02;8.9374766e-02;3.1250000e+02;4.4944588e-02;3.1250000e+02;2.2709963e-03;3.1250000e+02;1.5723929e-02;3.1250000e+02;3.4759723e-02;3.1250000e+02;5.7990324e-02;3.1250000e+02;8.5741162e-02;3.1250000e+02;1.1528271e-01;3.1250000e+02;1.4789794e-01;3.1250000e+02;1.8702590e-01;3.1250000e+02;2.1964842e-01;3.1250000e+02;2.4650495e-01;3.1250000e+02;2.6417851e-01;3.1250000e+02;2.7407345e-01;3.1250000e+02;2.6802796e-01;3.1250000e+02;2.3831268e-01;3.1250000e+02;1.9399108e-01;3.1250000e+02;1.4036407e-01;3.1250000e+02;8.9374766e-02;3.1250000e+02;4.4944588e-02;3.1250000e+02;2.2709963e-03;3.1250000e+02;1.5723929e-02;3.1250000e+02;3.4759723e-02;3.1250000e+02;5.7990324e-02;3.1250000e+02;8.5741162e-02;3.1250000e+02;1.1528271e-01;3.1250000e+02;1.4789794e-01;3.1250000e+02;1.8702590e-01;3.1250000e+02;2.1964842e-01;3.1250000e+02;2.4650495e-01;3.1250000e+02;2.6417851e-01;3.1250000e+02;2.7407345e-01;3.1250000e+02;2.6802796e-01;3.1250000e+02;2.3831268e-01;3.1250000e+02;1.9399108e-01;3.1250000e+02;1.4036407e-01;3.1250000e+02;8.9374766e-02;3.1250000e+02;4.4944588e-02;3.1250000e+02;2.2709963e-03;3.1250000e+02;1.5723929e-02;3.1250000e+02;3.4759723e-02;3.1250000e+02;5.7990324e-02;3.1250000e+02;8.5741162e-02;3.1250000e+02;1.1528271e-01;3.1250000e+02;1.4789794e-01;3.1250000e+02;1.8702590e-01;3.1250000e+02;2.1964842e-01;3.1250000e+02;2.4650495e-01;3.1250000e+02;2.6417851e-01;3.1250000e+02;2.7407345e-01;3.1250000e+02;2.6802796e-01;3.1250000e+02;2.3831268e-01;3.1250000e+02;1.9399108e-01;3.1250000e+02;1.4036407e-01;3.1250000e+02;8.9374766e-02;3.1250000e+02;4.4944588e-02;3.1250000e+02;2.2709963e-03;3.1250000e+02;1.5723929e-02;3.1250000e+02;3.4759723e-02;3.1250000e+02;5.7990324e-02;3.1250000e+02;8.5741162e-02;3.1250000e+02;1.1528271e-01;3.1250000e+02;1.4789794e-01;3.1250000e+02;1.8702590e-01;3.1250000e+02;2.1964842e-01;3.1250000e+02;2.4650495e-01;3.1250000e+02;2.6417851e-01;3.1250000e+02;2.7407345e-01;3.1250000e+02;2.6802796e-01;3.1250000e+02;2.3831268e-01;3.1250000e+02;1.9399108e-01;3.1250000e+02;1.4036407e-01;3.1250000e+02;8.9374766e-02;3.1250000e+02;4.4944588e-02;3.1250000e+02;2.2709963e-03;3.1250000e+02;1.5723929e-02;3.1250000e+02;3.4759723e-02;3.1250000e+02;5.7990324e-02;3.1250000e+02;8.5741162e-02;3.1250000e+02;1.1528271e-01;3.1250000e+02;1.4789794e-01;3.1250000e+02;1.8702590e-01;3.1250000e+02;2.1964842e-01;3.1250000e+02;2.4650495e-01;3.1250000e+02;2.6417851e-01;3.1250000e+02;2.7407345e-01;3.1250000e+02;2.6802796e-01;3.1250000e+02;2.3831268e-01;3.1250000e+02;1.9399108e-01;3.1250000e+02;1.4036407e-01;3.1250000e+02;8.9374766e-02;3.1250000e+02;4.4944588e-02;3.1250000e+02;2.2709963e-03;3.1250000e+02;1.5723929e-02;3.1250000e+02;3.4759723e-02;3.1250000e+02;5.7990324e-02;3.1250000e+02;8.5741162e-02;3.1250000e+02;1.1528271e-01;3.1250000e+02;1.4789794e-01;3.1250000e+02;1.8702590e-01;3.1250000e+02;2.1964842e-01;3.1250000e+02;2.4650495e-01;3.1250000e+02;2.6417851e-01;3.1250000e+02;2.7407345e-01;3.1250000e+02;2.6802796e-01;3.1250000e+02;2.3831268e-01;3.1250000e+02;1.9399108e-01;3.1250000e+02;1.4036407e-01;3.1250000e+02;8.9374766e-02;3.1250000e+02;4.4944588e-02;3.1250000e+02;2.2709963e-03;3.1250000e+02;1.5723929e-02;3.1250000e+02;3.4759723e-02;3.1250000e+02;5.7990324e-02;3.1250000e+02;8.5741162e-02;3.1250000e+02;1.1528271e-01;3.1250000e+02;1.4789794e-01;3.1250000e+02;1.8702590e-01;3.1250000e+02;2.1964842e-01;3.1250000e+02;2.4650495e-01;3.1250000e+02;2.6417851e-01;3.1250000e+02;2.7407345e-01;3.1250000e+02;2.6802796e-01;3.1250000e+02;2.3831268e-01;3.1250000e+02;1.9399108e-01;3.1250000e+02;1.4036407e-01;3.1250000e+02;8.9374766e-02;3.1250000e+02;4.4944588e-02;3.1250000e+02;2.2709963e-03;3.1250000e+02;1.5723929e-02;3.1250000e+02;3.4759723e-02;3.1250000e+02;5.7990324e-02;3.1250000e+02;8.5741162e-02;3.1250000e+02;1.1528271e-01;3.1250000e+02;1.4789794e-01;3.1250000e+02;1.8702590e-01;3.1250000e+02;2.1964842e-01;3.1250000e+02;2.4650495e-01;3.1250000e+02;2.6417851e-01;3.1250000e+02;2.7407345e-01;3.1250000e+02;2.6802796e-01;3.1250000e+02;2.3831268e-01;3.1250000e+02;1.9399108e-01;3.1250000e+02;1.4036407e-01;3.1250000e+02;8.9374766e-02;3.1250000e+02;4.4944588e-02;3.1250000e+02;2.2709963e-03;3.1250000e+02;1.5723929e-02;3.1250000e+02;3.4759723e-02;3.1250000e+02;5.7990324e-02;3.1250000e+02;8.5741162e-02;3.1250000e+02;1.1528271e-01;3.1250000e+02;1.4789794e-01;3.1250000e+02;1.8702590e-01;3.1250000e+02;2.1964842e-01;3.1250000e+02;2.4650495e-01;3.1250000e+02;2.6417851e-01;3.1250000e+02;2.7407345e-01;3.1250000e+02;2.6802796e-01;3.1250000e+02;2.3831268e-01;3.1250000e+02;1.9399108e-01;3.1250000e+02;1.4036407e-01;3.1250000e+02;8.9374766e-02;3.1250000e+02;4.4944588e-02;3.1250000e+02;2.2709963e-03;3.1250000e+02;1.5723929e-02;3.1250000e+02;3.4759723e-02;3.1250000e+02;5.7990324e-02;3.1250000e+02;8.5741162e-02;3.1250000e+02;1.1528271e-01;3.1250000e+02;1.4789794e-01;3.1250000e+02;1.8702590e-01;3.1250000e+02;2.1964842e-01;3.1250000e+02;2.4650495e-01;3.1250000e+02;2.6417851e-01;3.1250000e+02;2.7407345e-01;3.1250000e+02;2.6802796e-01;3.1250000e+02;2.3831268e-01;3.1250000e+02;1.9399108e-01;3.1250000e+02;1.4036407e-01;3.1250000e+02;8.9374766e-02;3.1250000e+02;4.4944588e-02;3.1250000e+02;2.2709963e-03;3.1250000e+02;1.5723929e-02;3.1250000e+02;3.4759723e-02;3.1250000e+02;5.7990324e-02;3.1250000e+02;8.5741162e-02;3.1250000e+02;1.1528271e-01;3.1250000e+02;1.4789794e-01;3.1250000e+02;1.8702590e-01;3.1250000e+02;2.1964842e-01;3.1250000e+02;2.4650495e-01;3.1250000e+02;2.6417851e-01;3.1250000e+02;2.7407345e-01;3.1250000e+02;2.6802796e-01;3.1250000e+02;2.3831268e-01;3.1250000e+02;1.9399108e-01;3.1250000e+02;1.4036407e-01;3.1250000e+02;8.9374766e-02;3.1250000e+02;4.4944588e-02;3.1250000e+02;2.2709963e-03;3.1250000e+02;1.5723929e-02;3.1250000e+02;3.4759723e-02;3.1250000e+02;5.7990324e-02;3.1250000e+02;8.5741162e-02;3.1250000e+02;1.1528271e-01;3.1250000e+02;1.4789794e-01;3.1250000e+02;1.8702590e-01;3.1250000e+02;2.1964842e-01;3.1250000e+02;2.4650495e-01;3.1250000e+02;2.6417851e-01;3.1250000e+02;2.7407345e-01;3.1250000e+02;2.6802796e-01;3.1250000e+02;2.3831268e-01;3.1250000e+02;1.9399108e-01;3.1250000e+02;1.4036407e-01;3.1250000e+02;8.9374766e-02;3.1250000e+02;4.4944588e-02;3.1250000e+02;2.2709963e-03;3.1250000e+02;1.5723929e-02;3.1250000e+02;3.4759723e-02;3.1250000e+02;5.7990324e-02;3.1250000e+02;8.5741162e-02;3.1250000e+02;1.1528271e-01;3.1250000e+02;1.4789794e-01;3.1250000e+02;1.8702590e-01;3.1250000e+02;2.1964842e-01;3.1250000e+02;2.4650495e-01;3.1250000e+02;2.6417851e-01;3.1250000e+02;2.7407345e-01;3.1250000e+02;2.6802796e-01;3.1250000e+02;2.3831268e-01;3.1250000e+02;1.9399108e-01;3.1250000e+02;1.4036407e-01;3.1250000e+02;8.9374766e-02;3.1250000e+02;4.4944588e-02;3.1250000e+02;2.2709963e-03;3.1250000e+02;1.5723929e-02;3.1250000e+02;3.4759723e-02;3.1250000e+02;5.7990324e-02;3.1250000e+02;8.5741162e-02;3.1250000e+02;1.1528271e-01;3.1250000e+02;1.4789794e-01;3.1250000e+02;1.8702590e-01;3.1250000e+02;2.1964842e-01;3.1250000e+02;2.4650495e-01;3.1250000e+02;2.6417851e-01;3.1250000e+02;2.7407345e-01;3.1250000e+02;2.6802796e-01;3.1250000e+02;2.3831268e-01;3.1250000e+02;1.9399108e-01;3.1250000e+02;1.4036407e-01;3.1250000e+02;8.9374766e-02;3.1250000e+02;4.4944588e-02;3.1250000e+02;2.2709963e-03;3.1250000e+02;1.5723929e-02;3.1250000e+02;3.4759723e-02;3.1250000e+02;5.7990324e-02;3.1250000e+02;8.5741162e-02;3.1250000e+02;1.1528271e-01;3.1250000e+02;1.4789794e-01;3.1250000e+02;1.8702590e-01;3.1250000e+02;2.1964842e-01;3.1250000e+02;2.4650495e-01;3.1250000e+02;2.6417851e-01;3.1250000e+02;2.7407345e-01;3.1250000e+02;2.6802796e-01;3.1250000e+02;2.3831268e-01;3.1250000e+02;1.9399108e-01;3.1250000e+02;1.4036407e-01;3.1250000e+02;8.9374766e-02;3.1250000e+02;4.4944588e-02;3.1250000e+02;2.2709963e-03;3.1250000e+02;1.5723929e-02;3.1250000e+02;3.4759723e-02;3.1250000e+02;5.7990324e-02;3.1250000e+02;8.5741162e-02;3.1250000e+02;1.1528271e-01;3.1250000e+02;1.4789794e-01;3.1250000e+02;1.8702590e-01;3.1250000e+02;2.1964842e-01;3.1250000e+02;2.4650495e-01;3.1250000e+02;2.6417851e-01;3.1250000e+02;2.7407345e-01;3.1250000e+02;2.6802796e-01;3.1250000e+02;2.3831268e-01;3.1250000e+02;1.9399108e-01;3.1250000e+02;1.4036407e-01;3.1250000e+02;8.9374766e-02;3.1250000e+02;4.4944588e-02;3.1250000e+02;2.2709963e-03;3.1250000e+02;1.5723929e-02;3.1250000e+02;3.4759723e-02;3.1250000e+02;5.7990324e-02;3.1250000e+02;8.5741162e-02;3.1250000e+02;1.1528271e-01;3.1250000e+02;1.4789794e-01;3.1250000e+02;1.8702590e-01;3.1250000e+02;2.1964842e-01;3.1250000e+02;2.4650495e-01;3.1250000e+02;2.6417851e-01;3.1250000e+02;2.7407345e-01;3.1250000e+02;2.6802796e-01;3.1250000e+02;2.3831268e-01;3.1250000e+02;1.9399108e-01;3.1250000e+02;1.4036407e-01;3.1250000e+02;8.9374766e-02;3.1250000e+02;4.4944588e-02;3.1250000e+02;2.2709963e-03;3.1250000e+02;1.5723929e-02;3.1250000e+02;3.4759723e-02;3.1250000e+02;5.7990324e-02;3.1250000e+02;8.5741162e-02;3.1250000e+02;1.1528271e-01;3.1250000e+02;1.4789794e-01;3.1250000e+02;1.8702590e-01;3.1250000e+02;2.1964842e-01;3.1250000e+02;2.4650495e-01;3.1250000e+02;2.6417851e-01;3.1250000e+02;2.7407345e-01;3.1250000e+02;2.6802796e-01;3.1250000e+02;2.3831268e-01;3.1250000e+02;1.9399108e-01;3.1250000e+02;1.4036407e-01;3.1250000e+02;8.9374766e-02;3.1250000e+02;4.4944588e-02;3.1250000e+02;2.2709963e-03;3.1250000e+02;1.5723929e-02;3.1250000e+02;3.4759723e-02;3.1250000e+02;5.7990324e-02;3.1250000e+02;8.5741162e-02;3.1250000e+02;1.1528271e-01;3.1250000e+02;1.4789794e-01;3.1250000e+02;1.8702590e-01;3.1250000e+02;2.1964842e-01;3.1250000e+02;2.4650495e-01;3.1250000e+02;2.6417851e-01;3.1250000e+02;2.7407345e-01;3.1250000e+02;2.6802796e-01;3.1250000e+02;2.3831268e-01;3.1250000e+02;1.9399108e-01;3.1250000e+02;1.4036407e-01;3.1250000e+02;8.9374766e-02;3.1250000e+02;4.4944588e-02;3.1250000e+02;2.2709963e-03;3.1250000e+02;1.5723929e-02;3.1250000e+02;3.4759723e-02;3.1250000e+02;5.7990324e-02;3.1250000e+02;8.5741162e-02;3.1250000e+02;1.1528271e-01;3.1250000e+02;1.4789794e-01;3.1250000e+02;1.8702590e-01;3.1250000e+02;2.1964842e-01;3.1250000e+02;2.4650495e-01;3.1250000e+02;2.6417851e-01;3.1250000e+02;2.7407345e-01;3.1250000e+02;2.6802796e-01;3.1250000e+02;2.3831268e-01;3.1250000e+02;1.9399108e-01;3.1250000e+02;1.4036407e-01;3.1250000e+02;8.9374766e-02;3.1250000e+02;4.4944588e-02;3.1250000e+02;2.2709963e-03;3.1250000e+02;1.5723929e-02;3.1250000e+02;3.4759723e-02;3.1250000e+02;5.7990324e-02;3.1250000e+02;8.5741162e-02;3.1250000e+02;1.1528271e-01;3.1250000e+02;1.4789794e-01;3.1250000e+02;1.8702590e-01;3.1250000e+02;2.1964842e-01;3.1250000e+02;2.4650495e-01;3.1250000e+02;2.6417851e-01;3.1250000e+02;2.7407345e-01;3.1250000e+02;2.6802796e-01;3.1250000e+02;2.3831268e-01;3.1250000e+02;1.9399108e-01;3.1250000e+02;1.4036407e-01;3.1250000e+02;8.9374766e-02;3.1250000e+02;4.4944588e-02;3.1250000e+02;2.2709963e-03;3.1250000e+02;1.5723929e-02;3.1250000e+02;3.4759723e-02;3.1250000e+02;5.7990324e-02;3.1250000e+02;8.5741162e-02;3.1250000e+02;1.1528271e-01;3.1250000e+02;1.4789794e-01;3.1250000e+02;1.8702590e-01;3.1250000e+02;2.1964842e-01;3.1250000e+02;2.4650495e-01;3.1250000e+02;2.6417851e-01;3.1250000e+02;2.7407345e-01;3.1250000e+02;2.6802796e-01;3.1250000e+02;2.3831268e-01;3.1250000e+02;1.9399108e-01;3.1250000e+02;1.4036407e-01;3.1250000e+02;8.9374766e-02;3.1250000e+02;4.4944588e-02;3.1250000e+02;2.2709963e-03;3.1250000e+02;1.5723929e-02;3.1250000e+02;3.4759723e-02;3.1250000e+02;5.7990324e-02;3.1250000e+02;8.5741162e-02;3.1250000e+02;1.1528271e-01;3.1250000e+02;1.4789794e-01;3.1250000e+02;1.8702590e-01;3.1250000e+02;2.1964842e-01;3.1250000e+02;2.4650495e-01;3.1250000e+02;2.6417851e-01;3.1250000e+02;2.7407345e-01;3.1250000e+02;2.6802796e-01;3.1250000e+02;2.3831268e-01;3.1250000e+02;1.9399108e-01;3.1250000e+02;1.4036407e-01;3.1250000e+02;8.9374766e-02;3.1250000e+02;4.4944588e-02;3.1250000e+02;2.2709963e-03;3.1250000e+02;1.5723929e-02;3.1250000e+02;3.4759723e-02;3.1250000e+02;5.7990324e-02;3.1250000e+02;8.5741162e-02;3.1250000e+02;1.1528271e-01;3.1250000e+02;1.4789794e-01;3.1250000e+02;1.8702590e-01;3.1250000e+02;2.1964842e-01;3.1250000e+02;2.4650495e-01;3.1250000e+02;2.6417851e-01;3.1250000e+02;2.7407345e-01;3.1250000e+02;2.6802796e-01;3.1250000e+02;2.3831268e-01;3.1250000e+02;1.9399108e-01;3.1250000e+02;1.4036407e-01;3.1250000e+02;8.9374766e-02;3.1250000e+02;4.4944588e-02;3.1250000e+02;2.2709963e-03;3.1250000e+02;1.5723929e-02;3.1250000e+02;3.4759723e-02;3.1250000e+02;5.7990324e-02;3.1250000e+02;8.5741162e-02;3.1250000e+02;1.1528271e-01;3.1250000e+02;1.4789794e-01;3.1250000e+02;1.8702590e-01;3.1250000e+02;2.1964842e-01;3.1250000e+02;2.4650495e-01;3.1250000e+02;2.6417851e-01;3.1250000e+02;2.7407345e-01;3.1250000e+02;2.6802796e-01;3.1250000e+02;2.3831268e-01;3.1250000e+02;1.9399108e-01;3.1250000e+02;1.4036407e-01;3.1250000e+02;8.9374766e-02;3.1250000e+02;4.4944588e-02;3.1250000e+02;2.2709963e-03;3.1250000e+02;1.5723929e-02;3.1250000e+02;3.4759723e-02;3.1250000e+02;5.7990324e-02;3.1250000e+02;8.5741162e-02;3.1250000e+02;1.1528271e-01;3.1250000e+02;1.4789794e-01;3.1250000e+02;1.8702590e-01;3.1250000e+02;2.1964842e-01;3.1250000e+02;2.4650495e-01;3.1250000e+02;2.6417851e-01;3.1250000e+02;2.7407345e-01;3.1250000e+02;2.6802796e-01;3.1250000e+02;2.3831268e-01;3.1250000e+02;1.9399108e-01;3.1250000e+02;1.4036407e-01;3.1250000e+02;8.9374766e-02;3.1250000e+02;4.4944588e-02;3.1250000e+02;2.2709963e-03;3.1250000e+02;1.5723929e-02;3.1250000e+02;3.4759723e-02;3.1250000e+02;5.7990324e-02;3.1250000e+02;8.5741162e-02;3.1250000e+02;1.1528271e-01;3.1250000e+02;1.4789794e-01;3.1250000e+02;1.8702590e-01;3.1250000e+02;2.1964842e-01;3.1250000e+02;2.4650495e-01;3.1250000e+02;2.6417851e-01;3.1250000e+02;2.7407345e-01;3.1250000e+02;2.6802796e-01;3.1250000e+02;2.3831268e-01;3.1250000e+02;1.9399108e-01;3.1250000e+02;1.4036407e-01;3.1250000e+02;8.9374766e-02;3.1250000e+02;4.4944588e-02;3.1250000e+02;2.2709963e-03;3.1250000e+02;1.5723929e-02;3.1250000e+02;3.4759723e-02;3.1250000e+02;5.7990324e-02;3.1250000e+02;8.5741162e-02;3.1250000e+02;1.1528271e-01;3.1250000e+02;1.4789794e-01;3.1250000e+02;1.8702590e-01;3.1250000e+02;2.1964842e-01;3.1250000e+02;2.4650495e-01;3.1250000e+02;2.6417851e-01;3.1250000e+02;2.7407345e-01;3.1250000e+02;2.6802796e-01;3.1250000e+02;2.3831268e-01;3.1250000e+02;1.9399108e-01;3.1250000e+02;1.4036407e-01;3.1250000e+02;8.9374766e-02;3.1250000e+02;4.4944588e-02;3.1250000e+02;2.2709963e-03;3.1250000e+02;1.5723929e-02;3.1250000e+02;3.4759723e-02;3.1250000e+02;5.7990324e-02;3.1250000e+02;8.5741162e-02;3.1250000e+02;1.1528271e-01;3.1250000e+02;1.4789794e-01;3.1250000e+02;1.8702590e-01;3.1250000e+02;2.1964842e-01;3.1250000e+02;2.4650495e-01;3.1250000e+02;2.6417851e-01;3.1250000e+02;2.7407345e-01;3.1250000e+02;2.6802796e-01;3.1250000e+02;2.3831268e-01;3.1250000e+02;1.9399108e-01;3.1250000e+02;1.4036407e-01;3.1250000e+02;8.9374766e-02;3.1250000e+02;4.4944588e-02;3.1250000e+02;2.2709963e-03;3.1250000e+02;1.5723929e-02;3.1250000e+02;3.4759723e-02;3.1250000e+02;5.7990324e-02;3.1250000e+02;8.5741162e-02;3.1250000e+02;1.1528271e-01;3.1250000e+02;1.4789794e-01;3.1250000e+02;1.8702590e-01;3.1250000e+02;2.1964842e-01;3.1250000e+02;2.4650495e-01;3.1250000e+02;2.6417851e-01;3.1250000e+02;2.7407345e-01;3.1250000e+02;2.6802796e-01;3.1250000e+02;2.3831268e-01;3.1250000e+02;1.9399108e-01;3.1250000e+02;1.4036407e-01;3.1250000e+02;8.9374766e-02;3.1250000e+02;4.4944588e-02;3.1250000e+02;2.2709963e-03;3.1250000e+02;1.5723929e-02;3.1250000e+02;3.4759723e-02;3.1250000e+02;5.7990324e-02;3.1250000e+02;8.5741162e-02;3.1250000e+02;1.1528271e-01;3.1250000e+02;1.4789794e-01;3.1250000e+02;1.8702590e-01;3.1250000e+02;2.1964842e-01;3.1250000e+02;2.4650495e-01;3.1250000e+02;2.6417851e-01;3.1250000e+02;2.7407345e-01;3.1250000e+02;2.6802796e-01;3.1250000e+02;2.3831268e-01;3.1250000e+02;1.9399108e-01;3.1250000e+02;1.4036407e-01;3.1250000e+02;8.9374766e-02;3.1250000e+02;4.4944588e-02;3.1250000e+02;2.2709963e-03;3.1250000e+02;1.5723929e-02;3.1250000e+02;3.4759723e-02;3.1250000e+02;5.7990324e-02;3.1250000e+02;8.5741162e-02;3.1250000e+02;1.1528271e-01;3.1250000e+02;1.4789794e-01;3.1250000e+02;1.8702590e-01;3.1250000e+02;2.1964842e-01;3.1250000e+02;2.4650495e-01;3.1250000e+02;2.6417851e-01;3.1250000e+02;2.7407345e-01;3.1250000e+02;2.6802796e-01;3.1250000e+02;2.3831268e-01;3.1250000e+02;1.9399108e-01;3.1250000e+02;1.4036407e-01;3.1250000e+02;8.9374766e-02;3.1250000e+02;4.4944588e-02;3.1250000e+02;2.2709963e-03;3.1250000e+02;1.5723929e-02;3.1250000e+02;3.4759723e-02;3.1250000e+02;5.7990324e-02;3.1250000e+02;8.5741162e-02;3.1250000e+02;1.1528271e-01;3.1250000e+02;1.4789794e-01;3.1250000e+02;1.8702590e-01;3.1250000e+02;2.1964842e-01;3.1250000e+02;2.4650495e-01;3.1250000e+02;2.6417851e-01;3.1250000e+02;2.7407345e-01;3.1250000e+02;2.6802796e-01;3.1250000e+02;2.3831268e-01;3.1250000e+02;1.9399108e-01;3.1250000e+02;1.4036407e-01;3.1250000e+02;8.9374766e-02;3.1250000e+02;4.4944588e-02;3.1250000e+02;2.2709963e-03;3.1250000e+02;1.5723929e-02;3.1250000e+02;3.4759723e-02;3.1250000e+02;5.7990324e-02;3.1250000e+02;8.5741162e-02;3.1250000e+02;1.1528271e-01;3.1250000e+02;1.4789794e-01;3.1250000e+02;1.8702590e-01;3.1250000e+02;2.1964842e-01;3.1250000e+02;2.4650495e-01;3.1250000e+02;2.6417851e-01;3.1250000e+02;2.7407345e-01;3.1250000e+02;2.6802796e-01;3.1250000e+02;2.3831268e-01;3.1250000e+02;1.9399108e-01;3.1250000e+02;1.4036407e-01;3.1250000e+02;8.9374766e-02;3.1250000e+02;4.4944588e-02;3.1250000e+02;2.2709963e-03;3.1250000e+02;1.5723929e-02;3.1250000e+02;3.4759723e-02;3.1250000e+02;5.7990324e-02;3.1250000e+02;8.5741162e-02;3.1250000e+02;1.1528271e-01;3.1250000e+02;1.4789794e-01;3.1250000e+02;1.8702590e-01;3.1250000e+02;2.1964842e-01;3.1250000e+02;2.4650495e-01;3.1250000e+02;2.6417851e-01;3.1250000e+02;2.7407345e-01;3.1250000e+02;2.6802796e-01;3.1250000e+02;2.3831268e-01;3.1250000e+02;1.9399108e-01;3.1250000e+02;1.4036407e-01;3.1250000e+02;8.9374766e-02;3.1250000e+02;4.4944588e-02;3.1250000e+02;2.2709963e-03;3.1250000e+02;1.5723929e-02;3.1250000e+02;3.4759723e-02;3.1250000e+02;5.7990324e-02;3.1250000e+02;8.5741162e-02;3.1250000e+02;1.1528271e-01;3.1250000e+02;1.4789794e-01;3.1250000e+02;1.8702590e-01;3.1250000e+02;2.1964842e-01;3.1250000e+02;2.4650495e-01;3.1250000e+02;2.6417851e-01;3.1250000e+02;2.7407345e-01;3.1250000e+02;2.6802796e-01;3.1250000e+02;2.3831268e-01;3.1250000e+02;1.9399108e-01;3.1250000e+02;1.4036407e-01;3.1250000e+02;8.9374766e-02;3.1250000e+02;4.4944588e-02;3.1250000e+02;2.2709963e-03;3.1250000e+02;1.5723929e-02;3.1250000e+02;3.4759723e-02;3.1250000e+02;5.7990324e-02;3.1250000e+02;8.5741162e-02;3.1250000e+02;1.1528271e-01;3.1250000e+02;1.4789794e-01;3.1250000e+02;1.8702590e-01;3.1250000e+02;2.1964842e-01;3.1250000e+02;2.4650495e-01;3.1250000e+02;2.6417851e-01;3.1250000e+02;2.7407345e-01;3.1250000e+02;2.6802796e-01;3.1250000e+02;2.3831268e-01;3.1250000e+02;1.9399108e-01;3.1250000e+02;1.4036407e-01;3.1250000e+02;8.9374766e-02;3.1250000e+02;4.4944588e-02;3.1250000e+02;2.2709963e-03;3.1250000e+02;1.5723929e-02;3.1250000e+02;3.4759723e-02;3.1250000e+02;5.7990324e-02;3.1250000e+02;8.5741162e-02;3.1250000e+02;1.1528271e-01;3.1250000e+02;1.4789794e-01;3.1250000e+02;1.8702590e-01;3.1250000e+02;2.1964842e-01;3.1250000e+02;2.4650495e-01;3.1250000e+02;2.6417851e-01;3.1250000e+02;2.7407345e-01;3.1250000e+02;2.6802796e-01;3.1250000e+02;2.3831268e-01;3.1250000e+02;1.9399108e-01;3.1250000e+02;1.4036407e-01;3.1250000e+02;8.9374766e-02;3.1250000e+02;4.4944588e-02;3.1250000e+02;2.2709963e-03;3.1250000e+02;1.5723929e-02;3.1250000e+02;3.4759723e-02;3.1250000e+02;5.7990324e-02;3.1250000e+02;8.5741162e-02;3.1250000e+02;1.1528271e-01;3.1250000e+02;1.4789794e-01;3.1250000e+02;1.8702590e-01;3.1250000e+02;2.1964842e-01;3.1250000e+02;2.4650495e-01;3.1250000e+02;2.6417851e-01;3.1250000e+02;2.7407345e-01;3.1250000e+02;2.6802796e-01;3.1250000e+02;2.3831268e-01;3.1250000e+02;1.9399108e-01;3.1250000e+02;1.4036407e-01;3.1250000e+02;8.9374766e-02;3.1250000e+02;4.4944588e-02;3.1250000e+02;2.2709963e-03;3.1250000e+02;1.5723929e-02;3.1250000e+02;3.4759723e-02;3.1250000e+02;5.7990324e-02;3.1250000e+02;8.5741162e-02;3.1250000e+02;1.1528271e-01;3.1250000e+02;1.4789794e-01;3.1250000e+02;1.8702590e-01;3.1250000e+02;2.1964842e-01;3.1250000e+02;2.4650495e-01;3.1250000e+02;2.6417851e-01;3.1250000e+02;2.7407345e-01;3.1250000e+02;2.6802796e-01;3.1250000e+02;2.3831268e-01;3.1250000e+02;1.9399108e-01;3.1250000e+02;1.4036407e-01;3.1250000e+02;8.9374766e-02;3.1250000e+02;4.4944588e-02;3.1250000e+02;2.2709963e-03;3.1250000e+02;1.5723929e-02;3.1250000e+02;3.4759723e-02;3.1250000e+02;5.7990324e-02;3.1250000e+02;8.5741162e-02;3.1250000e+02;1.1528271e-01;3.1250000e+02;1.4789794e-01;3.1250000e+02;1.8702590e-01;3.1250000e+02;2.1964842e-01;3.1250000e+02;2.4650495e-01;3.1250000e+02;2.6417851e-01;3.1250000e+02;2.7407345e-01;3.1250000e+02;2.6802796e-01;3.1250000e+02;2.3831268e-01;3.1250000e+02;1.9399108e-01;3.1250000e+02;1.4036407e-01;3.1250000e+02;8.9374766e-02;3.1250000e+02;4.4944588e-02;3.1250000e+02;2.2709963e-03;3.1250000e+02;1.5723929e-02;3.1250000e+02;3.4759723e-02;3.1250000e+02;5.7990324e-02;3.1250000e+02;8.5741162e-02;3.1250000e+02;1.1528271e-01;3.1250000e+02;1.4789794e-01;3.1250000e+02;1.8702590e-01;3.1250000e+02;2.1964842e-01;3.1250000e+02;2.4650495e-01;3.1250000e+02;2.6417851e-01;3.1250000e+02;2.7407345e-01;3.1250000e+02;2.6802796e-01;3.1250000e+02;2.3831268e-01;3.1250000e+02;1.9399108e-01;3.1250000e+02;1.4036407e-01;3.1250000e+02;8.9374766e-02;3.1250000e+02;4.4944588e-02;3.1250000e+02;2.2709963e-03;3.1250000e+02;1.5723929e-02;3.1250000e+02;3.4759723e-02;3.1250000e+02;5.7990324e-02;3.1250000e+02;8.5741162e-02;3.1250000e+02;1.1528271e-01;3.1250000e+02;1.4789794e-01;3.1250000e+02;1.8702590e-01;3.1250000e+02;2.1964842e-01;3.1250000e+02;2.4650495e-01;3.1250000e+02;2.6417851e-01;3.1250000e+02;2.7407345e-01;3.1250000e+02;2.6802796e-01;3.1250000e+02;2.3831268e-01;3.1250000e+02;1.9399108e-01;3.1250000e+02;1.4036407e-01;3.1250000e+02;8.9374766e-02;3.1250000e+02;4.4944588e-02;3.1250000e+02;2.2709963e-03;3.1250000e+02;1.5723929e-02;3.1250000e+02;3.4759723e-02;3.1250000e+02;5.7990324e-02;3.1250000e+02;8.5741162e-02;3.1250000e+02;1.1528271e-01;3.1250000e+02;1.4789794e-01;3.1250000e+02;1.8702590e-01;3.1250000e+02;2.1964842e-01;3.1250000e+02;2.4650495e-01;3.1250000e+02;2.6417851e-01;3.1250000e+02;2.7407345e-01;3.1250000e+02;2.6802796e-01;3.1250000e+02;2.3831268e-01;3.1250000e+02;1.9399108e-01;3.1250000e+02;1.4036407e-01;3.1250000e+02;8.9374766e-02;3.1250000e+02;4.4944588e-02;3.1250000e+02;2.2709963e-03;3.1250000e+02;1.5723929e-02;3.1250000e+02;3.4759723e-02;3.1250000e+02;5.7990324e-02;3.1250000e+02;8.5741162e-02;3.1250000e+02;1.1528271e-01;3.1250000e+02;1.4789794e-01;3.1250000e+02;1.8702590e-01;3.1250000e+02;2.1964842e-01;3.1250000e+02;2.4650495e-01;3.1250000e+02;2.6417851e-01;3.1250000e+02;2.7407345e-01;3.1250000e+02;2.6802796e-01;3.1250000e+02;2.3831268e-01;3.1250000e+02;1.9399108e-01;3.1250000e+02;1.4036407e-01;3.1250000e+02;8.9374766e-02;3.1250000e+02;4.4944588e-02;3.1250000e+02;2.2709963e-03;3.1250000e+02;1.5723929e-02;3.1250000e+02;3.4759723e-02;3.1250000e+02;5.7990324e-02;3.1250000e+02;8.5741162e-02;3.1250000e+02;1.1528271e-01;3.1250000e+02;1.4789794e-01;3.1250000e+02;1.8702590e-01;3.1250000e+02;2.1964842e-01;3.1250000e+02;2.4650495e-01;3.1250000e+02;2.6417851e-01;3.1250000e+02;2.7407345e-01;3.1250000e+02;2.6802796e-01;3.1250000e+02;2.3831268e-01;3.1250000e+02;1.9399108e-01;3.1250000e+02;1.4036407e-01;3.1250000e+02;8.9374766e-02;3.1250000e+02;4.4944588e-02;3.1250000e+02;2.2709963e-03;3.1250000e+02;1.5723929e-02;3.1250000e+02;3.4759723e-02;3.1250000e+02;5.7990324e-02;3.1250000e+02;8.5741162e-02;3.1250000e+02;1.1528271e-01;3.1250000e+02;1.4789794e-01;3.1250000e+02;1.8702590e-01;3.1250000e+02;2.1964842e-01;3.1250000e+02;2.4650495e-01;3.1250000e+02;2.6417851e-01;3.1250000e+02;2.7407345e-01;3.1250000e+02;2.6802796e-01;3.1250000e+02;2.3831268e-01;3.1250000e+02;1.9399108e-01;3.1250000e+02;1.4036407e-01;3.1250000e+02;8.9374766e-02;3.1250000e+02;4.4944588e-02;3.1250000e+02;2.2709963e-03;3.1250000e+02;1.5723929e-02;3.1250000e+02;3.4759723e-02;3.1250000e+02;5.7990324e-02;3.1250000e+02;8.5741162e-02;3.1250000e+02;1.1528271e-01;3.1250000e+02;1.4789794e-01;3.1250000e+02;1.8702590e-01;3.1250000e+02;2.1964842e-01;3.1250000e+02;2.4650495e-01;3.1250000e+02;2.6417851e-01;3.1250000e+02;2.7407345e-01;3.1250000e+02;2.6802796e-01;3.1250000e+02;2.3831268e-01;3.1250000e+02;1.9399108e-01;3.1250000e+02;1.4036407e-01;3.1250000e+02;8.9374766e-02;3.1250000e+02;4.4944588e-02;3.1250000e+02;2.2709963e-03;3.1250000e+02;1.5723929e-02;3.1250000e+02;3.4759723e-02;3.1250000e+02;5.7990324e-02;3.1250000e+02;8.5741162e-02;3.1250000e+02;1.1528271e-01;3.1250000e+02;1.4789794e-01;3.1250000e+02;1.8702590e-01;3.1250000e+02;2.1964842e-01;3.1250000e+02;2.4650495e-01;3.1250000e+02;2.6417851e-01;3.1250000e+02;2.7407345e-01;3.1250000e+02;2.6802796e-01;3.1250000e+02;2.3831268e-01;3.1250000e+02;1.9399108e-01;3.1250000e+02;1.4036407e-01;3.1250000e+02;8.9374766e-02;3.1250000e+02;4.4944588e-02;3.1250000e+02;2.2709963e-03;3.1250000e+02;1.5723929e-02;3.1250000e+02;3.4759723e-02;3.1250000e+02;5.7990324e-02;3.1250000e+02;8.5741162e-02;3.1250000e+02;1.1528271e-01;3.1250000e+02;1.4789794e-01;3.1250000e+02;1.8702590e-01;3.1250000e+02;2.1964842e-01;3.1250000e+02;2.4650495e-01;3.1250000e+02;2.6417851e-01;3.1250000e+02;2.7407345e-01;3.1250000e+02;2.6802796e-01;3.1250000e+02;2.3831268e-01;3.1250000e+02;1.9399108e-01;3.1250000e+02;1.4036407e-01;3.1250000e+02;8.9374766e-02;3.1250000e+02;4.4944588e-02;3.1250000e+02;2.2709963e-03;3.1250000e+02;1.5723929e-02;3.1250000e+02;3.4759723e-02;3.1250000e+02;5.7990324e-02;3.1250000e+02;8.5741162e-02;3.1250000e+02;1.1528271e-01;3.1250000e+02;1.4789794e-01;3.1250000e+02;1.8702590e-01;3.1250000e+02;2.1964842e-01;3.1250000e+02;2.4650495e-01;3.1250000e+02;2.6417851e-01;3.1250000e+02;2.7407345e-01;3.1250000e+02;2.6802796e-01;3.1250000e+02;2.3831268e-01;3.1250000e+02;1.9399108e-01;3.1250000e+02;1.4036407e-01;3.1250000e+02;8.9374766e-02;3.1250000e+02;4.4944588e-02;3.1250000e+02;2.2709963e-03;3.1250000e+02;1.5723929e-02;3.1250000e+02;3.4759723e-02;3.1250000e+02;5.7990324e-02;3.1250000e+02;8.5741162e-02;3.1250000e+02;1.1528271e-01;3.1250000e+02;1.4789794e-01;3.1250000e+02;1.8702590e-01;3.1250000e+02;2.1964842e-01;3.1250000e+02;2.4650495e-01;3.1250000e+02;2.6417851e-01;3.1250000e+02;2.7407345e-01;3.1250000e+02;2.6802796e-01;3.1250000e+02;2.3831268e-01;3.1250000e+02;1.9399108e-01;3.1250000e+02;1.4036407e-01;3.1250000e+02;8.9374766e-02;3.1250000e+02;4.4944588e-02;3.1250000e+02;2.2709963e-03;3.1250000e+02;1.5723929e-02;3.1250000e+02;3.4759723e-02;3.1250000e+02;5.7990324e-02;3.1250000e+02;8.5741162e-02;3.1250000e+02;1.1528271e-01;3.1250000e+02;1.4789794e-01;3.1250000e+02;1.8702590e-01;3.1250000e+02;2.1964842e-01;3.1250000e+02;2.4650495e-01;3.1250000e+02;2.6417851e-01;3.1250000e+02;2.7407345e-01;3.1250000e+02;2.6802796e-01;3.1250000e+02;2.3831268e-01;3.1250000e+02;1.9399108e-01;3.1250000e+02;1.4036407e-01;3.1250000e+02;8.9374766e-02;3.1250000e+02;4.4944588e-02;3.1250000e+02;2.2709963e-03;3.1250000e+02;1.5723929e-02;3.1250000e+02;3.4759723e-02;3.1250000e+02;5.7990324e-02;3.1250000e+02;8.5741162e-02;3.1250000e+02;1.1528271e-01;3.1250000e+02;1.4789794e-01;3.1250000e+02;1.8702590e-01;3.1250000e+02;2.1964842e-01;3.1250000e+02;2.4650495e-01;3.1250000e+02;2.6417851e-01;3.1250000e+02;2.7407345e-01;3.1250000e+02;2.6802796e-01;3.1250000e+02;2.3831268e-01;3.1250000e+02;1.9399108e-01;3.1250000e+02;1.4036407e-01;3.1250000e+02;8.9374766e-02;3.1250000e+02;4.4944588e-02;3.1250000e+02;2.2709963e-03;3.1250000e+02;1.5723929e-02;3.1250000e+02;3.4759723e-02;3.1250000e+02;5.7990324e-02;3.1250000e+02;8.5741162e-02;3.1250000e+02;1.1528271e-01;3.1250000e+02;1.4789794e-01;3.1250000e+02;1.8702590e-01;3.1250000e+02;2.1964842e-01;3.1250000e+02;2.4650495e-01;3.1250000e+02;2.6417851e-01;3.1250000e+02;2.7407345e-01;3.1250000e+02;2.6802796e-01;3.1250000e+02;2.3831268e-01;3.1250000e+02;1.9399108e-01;3.1250000e+02;1.4036407e-01;3.1250000e+02;8.9374766e-02;3.1250000e+02;4.4944588e-02;3.1250000e+02;2.2709963e-03;3.1250000e+02;1.5723929e-02;3.1250000e+02;3.4759723e-02;3.1250000e+02;5.7990324e-02;3.1250000e+02;8.5741162e-02;3.1250000e+02;1.1528271e-01;3.1250000e+02;1.4789794e-01;3.1250000e+02;1.8702590e-01;3.1250000e+02;2.1964842e-01;3.1250000e+02;2.4650495e-01;3.1250000e+02;2.6417851e-01;3.1250000e+02;2.7407345e-01;3.1250000e+02;2.6802796e-01;3.1250000e+02;2.3831268e-01;3.1250000e+02;1.9399108e-01;3.1250000e+02;1.4036407e-01;3.1250000e+02;8.9374766e-02;3.1250000e+02;4.4944588e-02;3.1250000e+02;2.2709963e-03;3.1250000e+02;1.5723929e-02;3.1250000e+02;3.4759723e-02;3.1250000e+02;5.7990324e-02;3.1250000e+02;8.5741162e-02;3.1250000e+02;1.1528271e-01;3.1250000e+02;1.4789794e-01;3.1250000e+02;1.8702590e-01;3.1250000e+02;2.1964842e-01;3.1250000e+02;2.4650495e-01;3.1250000e+02;2.6417851e-01;3.1250000e+02;2.7407345e-01;3.1250000e+02;2.6802796e-01;3.1250000e+02;2.3831268e-01;3.1250000e+02;1.9399108e-01;3.1250000e+02;1.4036407e-01;3.1250000e+02;8.9374766e-02;3.1250000e+02;4.4944588e-02;3.1250000e+02;2.2709963e-03;3.1250000e+02;1.5723929e-02;3.1250000e+02;3.4759723e-02;3.1250000e+02;5.7990324e-02;3.1250000e+02;8.5741162e-02;3.1250000e+02;1.1528271e-01;3.1250000e+02;1.4789794e-01;3.1250000e+02;1.8702590e-01;3.1250000e+02;2.1964842e-01;3.1250000e+02;2.4650495e-01;3.1250000e+02;2.6417851e-01;3.1250000e+02;2.7407345e-01;3.1250000e+02;2.6802796e-01;3.1250000e+02;2.3831268e-01;3.1250000e+02;1.9399108e-01;3.1250000e+02;1.4036407e-01;3.1250000e+02;8.9374766e-02;3.1250000e+02;4.4944588e-02;3.1250000e+02;2.2709963e-03;3.1250000e+02;1.5723929e-02;3.1250000e+02;3.4759723e-02;3.1250000e+02;5.7990324e-02;3.1250000e+02;8.5741162e-02;3.1250000e+02;1.1528271e-01;3.1250000e+02;1.4789794e-01;3.1250000e+02;1.8702590e-01;3.1250000e+02;2.1964842e-01;3.1250000e+02;2.4650495e-01;3.1250000e+02;2.6417851e-01;3.1250000e+02;2.7407345e-01;3.1250000e+02;2.6802796e-01;3.1250000e+02;2.3831268e-01;3.1250000e+02;1.9399108e-01;3.1250000e+02;1.4036407e-01;3.1250000e+02;8.9374766e-02;3.1250000e+02;4.4944588e-02;3.1250000e+02;2.2709963e-03;3.1250000e+02;1.5723929e-02;3.1250000e+02;3.4759723e-02;3.1250000e+02;5.7990324e-02;3.1250000e+02;8.5741162e-02;3.1250000e+02;1.1528271e-01;3.1250000e+02;1.4789794e-01;3.1250000e+02;1.8702590e-01;3.1250000e+02;2.1964842e-01;3.1250000e+02;2.4650495e-01;3.1250000e+02;2.6417851e-01;3.1250000e+02;2.7407345e-01;3.1250000e+02;2.6802796e-01;3.1250000e+02;2.3831268e-01;3.1250000e+02;1.9399108e-01;3.1250000e+02;1.4036407e-01;3.1250000e+02;8.9374766e-02;3.1250000e+02;4.4944588e-02;3.1250000e+02;2.2709963e-03;3.1250000e+02;1.5723929e-02;3.1250000e+02;3.4759723e-02;3.1250000e+02;5.7990324e-02;3.1250000e+02;8.5741162e-02;3.1250000e+02;1.1528271e-01;3.1250000e+02;1.4789794e-01;3.1250000e+02;1.8702590e-01;3.1250000e+02;2.1964842e-01;3.1250000e+02;2.4650495e-01;3.1250000e+02;2.6417851e-01;3.1250000e+02;2.7407345e-01;3.1250000e+02;2.6802796e-01;3.1250000e+02;2.3831268e-01;3.1250000e+02;1.9399108e-01;3.1250000e+02;1.4036407e-01;3.1250000e+02;8.9374766e-02;3.1250000e+02;4.4944588e-02;3.1250000e+02;2.2709963e-03;3.1250000e+02;1.5723929e-02;3.1250000e+02;3.4759723e-02;3.1250000e+02;5.7990324e-02;3.1250000e+02;8.5741162e-02;3.1250000e+02;1.1528271e-01;3.1250000e+02;1.4789794e-01;3.1250000e+02;1.8702590e-01;3.1250000e+02;2.1964842e-01;3.1250000e+02;2.4650495e-01;3.1250000e+02;2.6417851e-01;3.1250000e+02;2.7407345e-01;3.1250000e+02;2.6802796e-01;3.1250000e+02;2.3831268e-01;3.1250000e+02;1.9399108e-01;3.1250000e+02;1.4036407e-01;3.1250000e+02;8.9374766e-02;3.1250000e+02;4.4944588e-02;3.1250000e+02;2.2709963e-03;3.1250000e+02;1.5723929e-02;3.1250000e+02;3.4759723e-02;3.1250000e+02;5.7990324e-02;3.1250000e+02;8.5741162e-02;3.1250000e+02;1.1528271e-01;3.1250000e+02;1.4789794e-01;3.1250000e+02;1.8702590e-01;3.1250000e+02;2.1964842e-01;3.1250000e+02;2.4650495e-01;3.1250000e+02;2.6417851e-01;3.1250000e+02;2.7407345e-01;3.1250000e+02;2.6802796e-01;3.1250000e+02;2.3831268e-01;3.1250000e+02;1.9399108e-01;3.1250000e+02;1.4036407e-01;3.1250000e+02;8.9374766e-02;3.1250000e+02;4.4944588e-02;3.1250000e+02;2.2709963e-03;3.1250000e+02;1.5723929e-02;3.1250000e+02;3.4759723e-02;3.1250000e+02;5.7990324e-02;3.1250000e+02;8.5741162e-02;3.1250000e+02;1.1528271e-01;3.1250000e+02;1.4789794e-01;3.1250000e+02;1.8702590e-01;3.1250000e+02;2.1964842e-01;3.1250000e+02;2.4650495e-01;3.1250000e+02;2.6417851e-01;3.1250000e+02;2.7407345e-01;3.1250000e+02;2.6802796e-01;3.1250000e+02;2.3831268e-01;3.1250000e+02;1.9399108e-01;3.1250000e+02;1.4036407e-01;3.1250000e+02;8.9374766e-02;3.1250000e+02;4.4944588e-02;3.1250000e+02;2.2709963e-03;3.1250000e+02;1.5723929e-02;3.1250000e+02;3.4759723e-02;3.1250000e+02;5.7990324e-02;3.1250000e+02;8.5741162e-02;3.1250000e+02;1.1528271e-01;3.1250000e+02;1.4789794e-01;3.1250000e+02;1.8702590e-01;3.1250000e+02;2.1964842e-01;3.1250000e+02;2.4650495e-01;3.1250000e+02;2.6417851e-01;3.1250000e+02;2.7407345e-01;3.1250000e+02;2.6802796e-01;3.1250000e+02;2.3831268e-01;3.1250000e+02;1.9399108e-01;3.1250000e+02;1.4036407e-01;3.1250000e+02;8.9374766e-02;3.1250000e+02;4.4944588e-02;3.1250000e+02;2.2709963e-03;3.1250000e+02;1.5723929e-02;3.1250000e+02;3.4759723e-02;3.1250000e+02;5.7990324e-02;3.1250000e+02;8.5741162e-02;3.1250000e+02;1.1528271e-01;3.1250000e+02;1.4789794e-01;3.1250000e+02;1.8702590e-01;3.1250000e+02;2.1964842e-01;3.1250000e+02;2.4650495e-01;3.1250000e+02;2.6417851e-01;3.1250000e+02;2.7407345e-01;3.1250000e+02;2.6802796e-01;3.1250000e+02;2.3831268e-01;3.1250000e+02;1.9399108e-01;3.1250000e+02;1.4036407e-01;3.1250000e+02;8.9374766e-02;3.1250000e+02;4.4944588e-02;3.1250000e+02;2.2709963e-03;3.1250000e+02;1.5723929e-02;3.1250000e+02;3.4759723e-02;3.1250000e+02;5.7990324e-02;3.1250000e+02;8.5741162e-02;3.1250000e+02;1.1528271e-01;3.1250000e+02;1.4789794e-01;3.1250000e+02;1.8702590e-01;3.1250000e+02;2.1964842e-01;3.1250000e+02;2.4650495e-01;3.1250000e+02;2.6417851e-01;3.1250000e+02;2.7407345e-01;3.1250000e+02;2.6802796e-01;3.1250000e+02;2.3831268e-01;3.1250000e+02;1.9399108e-01;3.1250000e+02;1.4036407e-01;3.1250000e+02;8.9374766e-02;3.1250000e+02;4.4944588e-02;3.1250000e+02;2.2709963e-03;3.1250000e+02;1.5723929e-02;3.1250000e+02;3.4759723e-02;3.1250000e+02;5.7990324e-02;3.1250000e+02;8.5741162e-02;3.1250000e+02;1.1528271e-01;3.1250000e+02;1.4789794e-01;3.1250000e+02;1.8702590e-01;3.1250000e+02;2.1964842e-01;3.1250000e+02;2.4650495e-01;3.1250000e+02;2.6417851e-01;3.1250000e+02;2.7407345e-01;3.1250000e+02;2.6802796e-01;3.1250000e+02;2.3831268e-01;3.1250000e+02;1.9399108e-01;3.1250000e+02;1.4036407e-01;3.1250000e+02;8.9374766e-02;3.1250000e+02;4.4944588e-02;3.1250000e+02;2.2709963e-03;3.1250000e+02;1.5723929e-02;3.1250000e+02;3.4759723e-02;3.1250000e+02;5.7990324e-02;3.1250000e+02;8.5741162e-02;3.1250000e+02;1.1528271e-01;3.1250000e+02;1.4789794e-01;3.1250000e+02;1.8702590e-01;3.1250000e+02;2.1964842e-01;3.1250000e+02;2.4650495e-01;3.1250000e+02;2.6417851e-01;3.1250000e+02;2.7407345e-01;3.1250000e+02;2.6802796e-01;3.1250000e+02;2.3831268e-01;3.1250000e+02;1.9399108e-01;3.1250000e+02;1.4036407e-01;3.1250000e+02;8.9374766e-02;3.1250000e+02;4.4944588e-02;3.1250000e+02;2.2709963e-03;3.1250000e+02;1.5723929e-02;3.1250000e+02;3.4759723e-02;3.1250000e+02;5.7990324e-02;3.1250000e+02;8.5741162e-02;3.1250000e+02;1.1528271e-01;3.1250000e+02;1.4789794e-01;3.1250000e+02;1.8702590e-01;3.1250000e+02;2.1964842e-01;3.1250000e+02;2.4650495e-01;3.1250000e+02;2.6417851e-01;3.1250000e+02;2.7407345e-01;3.1250000e+02;2.6802796e-01;3.1250000e+02;2.3831268e-01;3.1250000e+02;1.9399108e-01;3.1250000e+02;1.4036407e-01;3.1250000e+02;8.9374766e-02;3.1250000e+02;4.4944588e-02;3.1250000e+02;2.2709963e-03;3.1250000e+02;1.5723929e-02;3.1250000e+02;3.4759723e-02;3.1250000e+02;5.7990324e-02;3.1250000e+02;8.5741162e-02;3.1250000e+02;1.1528271e-01;3.1250000e+02;1.4789794e-01;3.1250000e+02;1.8702590e-01;3.1250000e+02;2.1964842e-01;3.1250000e+02;2.4650495e-01;3.1250000e+02;2.6417851e-01;3.1250000e+02;2.7407345e-01;3.1250000e+02;2.6802796e-01;3.1250000e+02;2.3831268e-01;3.1250000e+02;1.9399108e-01;3.1250000e+02;1.4036407e-01;3.1250000e+02;8.9374766e-02;3.1250000e+02;4.4944588e-02;3.1250000e+02;2.2709963e-03;3.1250000e+02;1.5723929e-02;3.1250000e+02;3.4759723e-02;3.1250000e+02;5.7990324e-02;3.1250000e+02;8.5741162e-02;3.1250000e+02;1.1528271e-01;3.1250000e+02;1.4789794e-01;3.1250000e+02;1.8702590e-01;3.1250000e+02;2.1964842e-01;3.1250000e+02;2.4650495e-01;3.1250000e+02;2.6417851e-01;3.1250000e+02;2.7407345e-01;3.1250000e+02;2.6802796e-01;3.1250000e+02;2.3831268e-01;3.1250000e+02;1.9399108e-01;3.1250000e+02;1.4036407e-01;3.1250000e+02;8.9374766e-02;3.1250000e+02;4.4944588e-02;3.1250000e+02;2.2709963e-03;3.1250000e+02;1.5723929e-02;3.1250000e+02;3.4759723e-02;3.1250000e+02;5.7990324e-02;3.1250000e+02;8.5741162e-02;3.1250000e+02;1.1528271e-01;3.1250000e+02;1.4789794e-01;3.1250000e+02;1.8702590e-01;3.1250000e+02;2.1964842e-01;3.1250000e+02;2.4650495e-01;3.1250000e+02;2.6417851e-01;3.1250000e+02;2.7407345e-01;3.1250000e+02;2.6802796e-01;3.1250000e+02;2.3831268e-01;3.1250000e+02;1.9399108e-01;3.1250000e+02;1.4036407e-01;3.1250000e+02;8.9374766e-02;3.1250000e+02;4.4944588e-02;3.1250000e+02;2.2709963e-03;3.1250000e+02;1.5723929e-02;3.1250000e+02;3.4759723e-02;3.1250000e+02;5.7990324e-02;3.1250000e+02;8.5741162e-02;3.1250000e+02;1.1528271e-01;3.1250000e+02;1.4789794e-01;3.1250000e+02;1.8702590e-01;3.1250000e+02;2.1964842e-01;3.1250000e+02;2.4650495e-01;3.1250000e+02;2.6417851e-01;3.1250000e+02;2.7407345e-01;3.1250000e+02;2.6802796e-01;3.1250000e+02;2.3831268e-01;3.1250000e+02;1.9399108e-01;3.1250000e+02;1.4036407e-01;3.1250000e+02;8.9374766e-02;3.1250000e+02;4.4944588e-02;3.1250000e+02;2.2709963e-03;3.1250000e+02;1.5723929e-02;3.1250000e+02;3.4759723e-02;3.1250000e+02;5.7990324e-02;3.1250000e+02;8.5741162e-02;3.1250000e+02;1.1528271e-01;3.1250000e+02;1.4789794e-01;3.1250000e+02;1.8702590e-01;3.1250000e+02;2.1964842e-01;3.1250000e+02;2.4650495e-01;3.1250000e+02;2.6417851e-01;3.1250000e+02;2.7407345e-01;3.1250000e+02;2.6802796e-01;3.1250000e+02;2.3831268e-01;3.1250000e+02;1.9399108e-01;3.1250000e+02;1.4036407e-01;3.1250000e+02;8.9374766e-02;3.1250000e+02;4.4944588e-02;3.1250000e+02;2.2709963e-03;3.1250000e+02;1.5723929e-02;3.1250000e+02;3.4759723e-02;3.1250000e+02;5.7990324e-02;3.1250000e+02;8.5741162e-02;3.1250000e+02;1.1528271e-01;3.1250000e+02;1.4789794e-01;3.1250000e+02;1.8702590e-01;3.1250000e+02;2.1964842e-01;3.1250000e+02;2.4650495e-01;3.1250000e+02;2.6417851e-01;3.1250000e+02;2.7407345e-01;3.1250000e+02;2.6802796e-01;3.1250000e+02;2.3831268e-01;3.1250000e+02;1.9399108e-01;3.1250000e+02;1.4036407e-01;3.1250000e+02;8.9374766e-02;3.1250000e+02;4.4944588e-02;3.1250000e+02;2.2709963e-03;3.1250000e+02;1.5723929e-02;3.1250000e+02;3.4759723e-02;3.1250000e+02;5.7990324e-02;3.1250000e+02;8.5741162e-02;3.1250000e+02;1.1528271e-01;3.1250000e+02;1.4789794e-01;3.1250000e+02;1.8702590e-01;3.1250000e+02;2.1964842e-01;3.1250000e+02;2.4650495e-01;3.1250000e+02;2.6417851e-01;3.1250000e+02;2.7407345e-01;3.1250000e+02;2.6802796e-01;3.1250000e+02;2.3831268e-01;3.1250000e+02;1.9399108e-01;3.1250000e+02;1.4036407e-01;3.1250000e+02;8.9374766e-02;3.1250000e+02;4.4944588e-02;3.1250000e+02;2.2709963e-03;3.1250000e+02;1.5723929e-02;3.1250000e+02;3.4759723e-02;3.1250000e+02;5.7990324e-02;3.1250000e+02;8.5741162e-02;3.1250000e+02;1.1528271e-01;3.1250000e+02;1.4789794e-01;3.1250000e+02;1.8702590e-01;3.1250000e+02;2.1964842e-01;3.1250000e+02;2.4650495e-01;3.1250000e+02;2.6417851e-01;3.1250000e+02;2.7407345e-01;3.1250000e+02;2.6802796e-01;3.1250000e+02;2.3831268e-01;3.1250000e+02;1.9399108e-01;3.1250000e+02;1.4036407e-01;3.1250000e+02;8.9374766e-02;3.1250000e+02;4.4944588e-02;3.1250000e+02;2.2709963e-03;3.1250000e+02;1.5723929e-02;3.1250000e+02;3.4759723e-02;3.1250000e+02;5.7990324e-02;3.1250000e+02;8.5741162e-02;3.1250000e+02;1.1528271e-01;3.1250000e+02;1.4789794e-01;3.1250000e+02;1.8702590e-01;3.1250000e+02;2.1964842e-01;3.1250000e+02;2.4650495e-01;3.1250000e+02;2.6417851e-01;3.1250000e+02;2.7407345e-01;3.1250000e+02;2.6802796e-01;3.1250000e+02;2.3831268e-01;3.1250000e+02;1.9399108e-01;3.1250000e+02;1.4036407e-01;3.1250000e+02;8.9374766e-02;3.1250000e+02;4.4944588e-02;3.1250000e+02;2.2709963e-03;3.1250000e+02;1.5723929e-02;3.1250000e+02;3.4759723e-02;3.1250000e+02;5.7990324e-02;3.1250000e+02;8.5741162e-02;3.1250000e+02;1.1528271e-01;3.1250000e+02;1.4789794e-01;3.1250000e+02;1.8702590e-01;3.1250000e+02;2.1964842e-01;3.1250000e+02;2.4650495e-01;3.1250000e+02;2.6417851e-01;3.1250000e+02;2.7407345e-01;3.1250000e+02;2.6802796e-01;3.1250000e+02;2.3831268e-01;3.1250000e+02;1.9399108e-01;3.1250000e+02;1.4036407e-01;3.1250000e+02;8.9374766e-02;3.1250000e+02;4.4944588e-02;3.1250000e+02;2.2709963e-03;3.1250000e+02;1.5723929e-02;3.1250000e+02;3.4759723e-02;3.1250000e+02;5.7990324e-02;3.1250000e+02;8.5741162e-02;3.1250000e+02;1.1528271e-01;3.1250000e+02;1.4789794e-01;3.1250000e+02;1.8702590e-01;3.1250000e+02;2.1964842e-01;3.1250000e+02;2.4650495e-01;3.1250000e+02;2.6417851e-01;3.1250000e+02;2.7407345e-01;3.1250000e+02;2.6802796e-01;3.1250000e+02;2.3831268e-01;3.1250000e+02;1.9399108e-01;3.1250000e+02;1.4036407e-01;3.1250000e+02;8.9374766e-02;3.1250000e+02;4.4944588e-02;3.1250000e+02;2.2709963e-03;3.1250000e+02;1.5723929e-02;3.1250000e+02;3.4759723e-02;3.1250000e+02;5.7990324e-02;3.1250000e+02;8.5741162e-02;3.1250000e+02;1.1528271e-01;3.1250000e+02;1.4789794e-01;3.1250000e+02;1.8702590e-01;3.1250000e+02;2.1964842e-01;3.1250000e+02;2.4650495e-01;3.1250000e+02;2.6417851e-01;3.1250000e+02;2.7407345e-01;3.1250000e+02;2.6802796e-01;3.1250000e+02;2.3831268e-01;3.1250000e+02;1.9399108e-01;3.1250000e+02;1.4036407e-01;3.1250000e+02;8.9374766e-02;3.1250000e+02;4.4944588e-02;3.1250000e+02;2.2709963e-03;3.1250000e+02;1.5723929e-02;3.1250000e+02;3.4759723e-02;3.1250000e+02;5.7990324e-02;3.1250000e+02;8.5741162e-02;3.1250000e+02;1.1528271e-01;3.1250000e+02;1.4789794e-01;3.1250000e+02;1.8702590e-01;3.1250000e+02;2.1964842e-01;3.1250000e+02;2.4650495e-01;3.1250000e+02;2.6417851e-01;3.1250000e+02;2.7407345e-01;3.1250000e+02;2.6802796e-01;3.1250000e+02;2.3831268e-01;3.1250000e+02;1.9399108e-01;3.1250000e+02;1.4036407e-01;3.1250000e+02;8.9374766e-02;3.1250000e+02;4.4944588e-02;3.1250000e+02;2.2709963e-03;3.1250000e+02;1.5723929e-02;3.1250000e+02;3.4759723e-02;3.1250000e+02;5.7990324e-02;3.1250000e+02;8.5741162e-02;3.1250000e+02;1.1528271e-01;3.1250000e+02;1.4789794e-01;3.1250000e+02;1.8702590e-01;3.1250000e+02;2.1964842e-01;3.1250000e+02;2.4650495e-01;3.1250000e+02;2.6417851e-01;3.1250000e+02;2.7407345e-01;3.1250000e+02;2.6802796e-01;3.1250000e+02;2.3831268e-01;3.1250000e+02;1.9399108e-01;3.1250000e+02;1.4036407e-01;3.1250000e+02;8.9374766e-02;3.1250000e+02;4.4944588e-02;3.1250000e+02;2.2709963e-03;3.1250000e+02;1.5723929e-02;3.1250000e+02;3.4759723e-02;3.1250000e+02;5.7990324e-02;3.1250000e+02;8.5741162e-02;3.1250000e+02;1.1528271e-01;3.1250000e+02;1.4789794e-01;3.1250000e+02;1.8702590e-01;3.1250000e+02;2.1964842e-01;3.1250000e+02;2.4650495e-01;3.1250000e+02;2.6417851e-01;3.1250000e+02;2.7407345e-01;3.1250000e+02;2.6802796e-01;3.1250000e+02;2.3831268e-01;3.1250000e+02;1.9399108e-01;3.1250000e+02;1.4036407e-01;3.1250000e+02;8.9374766e-02;3.1250000e+02;4.4944588e-02;3.1250000e+02;2.2709963e-03;3.1250000e+02;1.5723929e-02;3.1250000e+02;3.4759723e-02;3.1250000e+02;5.7990324e-02;3.1250000e+02;8.5741162e-02;3.1250000e+02;1.1528271e-01;3.1250000e+02;1.4789794e-01;3.1250000e+02;1.8702590e-01;3.1250000e+02;2.1964842e-01;3.1250000e+02;2.4650495e-01;3.1250000e+02;2.6417851e-01;3.1250000e+02;2.7407345e-01;3.1250000e+02;2.6802796e-01;3.1250000e+02;2.3831268e-01;3.1250000e+02;1.9399108e-01;3.1250000e+02;1.4036407e-01;3.1250000e+02;8.9374766e-02;3.1250000e+02;4.4944588e-02;3.1250000e+02;2.2709963e-03;3.1250000e+02;1.5723929e-02;3.1250000e+02;3.4759723e-02;3.1250000e+02;5.7990324e-02;3.1250000e+02;8.5741162e-02;3.1250000e+02;1.1528271e-01;3.1250000e+02;1.4789794e-01;3.1250000e+02;1.8702590e-01;3.1250000e+02;2.1964842e-01;3.1250000e+02;2.4650495e-01;3.1250000e+02;2.6417851e-01;3.1250000e+02;2.7407345e-01;3.1250000e+02;2.6802796e-01;3.1250000e+02;2.3831268e-01;3.1250000e+02;1.9399108e-01;3.1250000e+02;1.4036407e-01;3.1250000e+02;8.9374766e-02;3.1250000e+02;4.4944588e-02;3.1250000e+02;2.2709963e-03;3.1250000e+02;1.5723929e-02;3.1250000e+02;3.4759723e-02;3.1250000e+02;5.7990324e-02;3.1250000e+02;8.5741162e-02;3.1250000e+02;1.1528271e-01;3.1250000e+02;1.4789794e-01;3.1250000e+02;1.8702590e-01;3.1250000e+02;2.1964842e-01;3.1250000e+02;2.4650495e-01;3.1250000e+02;2.6417851e-01;3.1250000e+02;2.7407345e-01;3.1250000e+02;2.6802796e-01;3.1250000e+02;2.3831268e-01;3.1250000e+02;1.9399108e-01;3.1250000e+02;1.4036407e-01;3.1250000e+02;8.9374766e-02;3.1250000e+02;4.4944588e-02;3.1250000e+02;2.2709963e-03;3.1250000e+02;1.5723929e-02;3.1250000e+02;3.4759723e-02;3.1250000e+02;5.7990324e-02;3.1250000e+02;8.5741162e-02;3.1250000e+02;1.1528271e-01;3.1250000e+02;1.4789794e-01;3.1250000e+02;1.8702590e-01;3.1250000e+02;2.1964842e-01;3.1250000e+02;2.4650495e-01;3.1250000e+02;2.6417851e-01;3.1250000e+02;2.7407345e-01;3.1250000e+02;2.6802796e-01;3.1250000e+02;2.3831268e-01;3.1250000e+02;1.9399108e-01;3.1250000e+02;1.4036407e-01;3.1250000e+02;8.9374766e-02;3.1250000e+02;4.4944588e-02;3.1250000e+02;2.2709963e-03;3.1250000e+02;1.5723929e-02;3.1250000e+02;3.4759723e-02;3.1250000e+02;5.7990324e-02;3.1250000e+02;8.5741162e-02;3.1250000e+02;1.1528271e-01;3.1250000e+02;1.4789794e-01;3.1250000e+02;1.8702590e-01;3.1250000e+02;2.1964842e-01;3.1250000e+02;2.4650495e-01;3.1250000e+02;2.6417851e-01;3.1250000e+02;2.7407345e-01;3.1250000e+02;2.6802796e-01;3.1250000e+02;2.3831268e-01;3.1250000e+02;1.9399108e-01;3.1250000e+02;1.4036407e-01;3.1250000e+02;8.9374766e-02;3.1250000e+02;4.4944588e-02;3.1250000e+02;2.2709963e-03;3.1250000e+02;1.5723929e-02;3.1250000e+02;3.4759723e-02;3.1250000e+02;5.7990324e-02;3.1250000e+02;8.5741162e-02;3.1250000e+02;1.1528271e-01;3.1250000e+02;1.4789794e-01;3.1250000e+02;1.8702590e-01;3.1250000e+02;2.1964842e-01;3.1250000e+02;2.4650495e-01;3.1250000e+02;2.6417851e-01;3.1250000e+02;2.7407345e-01;3.1250000e+02;2.6802796e-01;3.1250000e+02;2.3831268e-01;3.1250000e+02;1.9399108e-01;3.1250000e+02;1.4036407e-01;3.1250000e+02;8.9374766e-02;3.1250000e+02;4.4944588e-02;3.1250000e+02;2.2709963e-03;3.1250000e+02;1.5723929e-02;3.1250000e+02;3.4759723e-02;3.1250000e+02;5.7990324e-02;3.1250000e+02;8.5741162e-02;3.1250000e+02;1.1528271e-01;3.1250000e+02;1.4789794e-01;3.1250000e+02;1.8702590e-01;3.1250000e+02;2.1964842e-01;3.1250000e+02;2.4650495e-01;3.1250000e+02;2.6417851e-01;3.1250000e+02;2.7407345e-01;3.1250000e+02;2.6802796e-01;3.1250000e+02;2.3831268e-01;3.1250000e+02;1.9399108e-01;3.1250000e+02;1.4036407e-01;3.1250000e+02;8.9374766e-02;3.1250000e+02;4.4944588e-02;3.1250000e+02;2.2709963e-03;3.1250000e+02;1.5723929e-02;3.1250000e+02;3.4759723e-02;3.1250000e+02;5.7990324e-02;3.1250000e+02;8.5741162e-02;3.1250000e+02;1.1528271e-01;3.1250000e+02;1.4789794e-01;3.1250000e+02;1.8702590e-01;3.1250000e+02;2.1964842e-01;3.1250000e+02;2.4650495e-01;3.1250000e+02;2.6417851e-01;3.1250000e+02;2.7407345e-01;3.1250000e+02;2.6802796e-01;3.1250000e+02;2.3831268e-01;3.1250000e+02;1.9399108e-01;3.1250000e+02;1.4036407e-01;3.1250000e+02;8.9374766e-02;3.1250000e+02;4.4944588e-02;3.1250000e+02;2.2709963e-03;3.1250000e+02;1.5723929e-02;3.1250000e+02;3.4759723e-02;3.1250000e+02;5.7990324e-02;3.1250000e+02;8.5741162e-02;3.1250000e+02;1.1528271e-01;3.1250000e+02;1.4789794e-01;3.1250000e+02;1.8702590e-01;3.1250000e+02;2.1964842e-01;3.1250000e+02;2.4650495e-01;3.1250000e+02;2.6417851e-01;3.1250000e+02;2.7407345e-01;3.1250000e+02;2.6802796e-01;3.1250000e+02;2.3831268e-01;3.1250000e+02;1.9399108e-01;3.1250000e+02;1.4036407e-01;3.1250000e+02;8.9374766e-02;3.1250000e+02;4.4944588e-02;3.1250000e+02;2.2709963e-03;3.1250000e+02;1.5723929e-02;3.1250000e+02;3.4759723e-02;3.1250000e+02;5.7990324e-02;3.1250000e+02;8.5741162e-02;3.1250000e+02;1.1528271e-01;3.1250000e+02;1.4789794e-01;3.1250000e+02;1.8702590e-01;3.1250000e+02;2.1964842e-01;3.1250000e+02;2.4650495e-01;3.1250000e+02;2.6417851e-01;3.1250000e+02;2.7407345e-01;3.1250000e+02;2.6802796e-01;3.1250000e+02;2.3831268e-01;3.1250000e+02;1.9399108e-01;3.1250000e+02;1.4036407e-01;3.1250000e+02;8.9374766e-02;3.1250000e+02;4.4944588e-02;3.1250000e+02;2.2709963e-03;3.1250000e+02;1.5723929e-02;3.1250000e+02;3.4759723e-02;3.1250000e+02;5.7990324e-02;3.1250000e+02;8.5741162e-02;3.1250000e+02;1.1528271e-01;3.1250000e+02;1.4789794e-01;3.1250000e+02;1.8702590e-01;3.1250000e+02;2.1964842e-01;3.1250000e+02;2.4650495e-01;3.1250000e+02;2.6417851e-01;3.1250000e+02;2.7407345e-01;3.1250000e+02;2.6802796e-01;3.1250000e+02;2.3831268e-01;3.1250000e+02;1.9399108e-01;3.1250000e+02;1.4036407e-01;3.1250000e+02;8.9374766e-02;3.1250000e+02;4.4944588e-02;3.1250000e+02;2.2709963e-03;3.1250000e+02;1.5723929e-02;3.1250000e+02;3.4759723e-02;3.1250000e+02;5.7990324e-02;3.1250000e+02;8.5741162e-02;3.1250000e+02;1.1528271e-01;3.1250000e+02;1.4789794e-01;3.1250000e+02;1.8702590e-01;3.1250000e+02;2.1964842e-01;3.1250000e+02;2.4650495e-01;3.1250000e+02;2.6417851e-01;3.1250000e+02;2.7407345e-01;3.1250000e+02;2.6802796e-01;3.1250000e+02;2.3831268e-01;3.1250000e+02;1.9399108e-01;3.1250000e+02;1.4036407e-01;3.1250000e+02;8.9374766e-02;3.1250000e+02;4.4944588e-02;3.1250000e+02;2.2709963e-03;3.1250000e+02;1.5723929e-02;3.1250000e+02;3.4759723e-02;3.1250000e+02;5.7990324e-02;3.1250000e+02;8.5741162e-02;3.1250000e+02;1.1528271e-01;3.1250000e+02;1.4789794e-01;3.1250000e+02;1.8702590e-01;3.1250000e+02;2.1964842e-01;3.1250000e+02;2.4650495e-01;3.1250000e+02;2.6417851e-01;3.1250000e+02;2.7407345e-01;3.1250000e+02;2.6802796e-01;3.1250000e+02;2.3831268e-01;3.1250000e+02;1.9399108e-01;3.1250000e+02;1.4036407e-01;3.1250000e+02;8.9374766e-02;3.1250000e+02;4.4944588e-02;3.1250000e+02;2.2709963e-03;3.1250000e+02;1.5723929e-02;3.1250000e+02;3.4759723e-02;3.1250000e+02;5.7990324e-02;3.1250000e+02;8.5741162e-02;3.1250000e+02;1.1528271e-01;3.1250000e+02;1.4789794e-01;3.1250000e+02;1.8702590e-01;3.1250000e+02;2.1964842e-01;3.1250000e+02;2.4650495e-01;3.1250000e+02;2.6417851e-01;3.1250000e+02;2.7407345e-01;3.1250000e+02;2.6802796e-01;3.1250000e+02;2.3831268e-01;3.1250000e+02;1.9399108e-01;3.1250000e+02;1.4036407e-01;3.1250000e+02;8.9374766e-02;3.1250000e+02;4.4944588e-02;3.1250000e+02;2.2709963e-03;3.1250000e+02;1.5723929e-02;3.1250000e+02;3.4759723e-02;3.1250000e+02;5.7990324e-02;3.1250000e+02;8.5741162e-02;3.1250000e+02;1.1528271e-01;3.1250000e+02;1.4789794e-01;3.1250000e+02;1.8702590e-01;3.1250000e+02;2.1964842e-01;3.1250000e+02;2.4650495e-01;3.1250000e+02;2.6417851e-01;3.1250000e+02;2.7407345e-01;3.1250000e+02;2.6802796e-01;3.1250000e+02;2.3831268e-01;3.1250000e+02;1.9399108e-01;3.1250000e+02;1.4036407e-01;3.1250000e+02;8.9374766e-02;3.1250000e+02;4.4944588e-02;3.1250000e+02;2.2709963e-03;3.1250000e+02;1.5723929e-02;3.1250000e+02;3.4759723e-02;3.1250000e+02;5.7990324e-02;3.1250000e+02;8.5741162e-02;3.1250000e+02;1.1528271e-01;3.1250000e+02;1.4789794e-01;3.1250000e+02;1.8702590e-01;3.1250000e+02;2.1964842e-01;3.1250000e+02;2.4650495e-01;3.1250000e+02;2.6417851e-01;3.1250000e+02;2.7407345e-01;3.1250000e+02;2.6802796e-01;3.1250000e+02;2.3831268e-01;3.1250000e+02;1.9399108e-01;3.1250000e+02;1.4036407e-01;3.1250000e+02;8.9374766e-02;3.1250000e+02;4.4944588e-02;3.1250000e+02;2.2709963e-03;3.1250000e+02;1.5723929e-02;3.1250000e+02;3.4759723e-02;3.1250000e+02;5.7990324e-02;3.1250000e+02;8.5741162e-02;3.1250000e+02;1.1528271e-01;3.1250000e+02;1.4789794e-01;3.1250000e+02;1.8702590e-01;3.1250000e+02;2.1964842e-01;3.1250000e+02;2.4650495e-01;3.1250000e+02;2.6417851e-01;3.1250000e+02;2.7407345e-01;3.1250000e+02;2.6802796e-01;3.1250000e+02;2.3831268e-01;3.1250000e+02;1.9399108e-01;3.1250000e+02;1.4036407e-01;3.1250000e+02;8.9374766e-02;3.1250000e+02;4.4944588e-02;3.1250000e+02;2.2709963e-03;3.1250000e+02;1.5723929e-02;3.1250000e+02;3.4759723e-02;3.1250000e+02;5.7990324e-02;3.1250000e+02;8.5741162e-02;3.1250000e+02;1.1528271e-01;3.1250000e+02;1.4789794e-01;3.1250000e+02;1.8702590e-01;3.1250000e+02;2.1964842e-01;3.1250000e+02;2.4650495e-01;3.1250000e+02;2.6417851e-01;3.1250000e+02;2.7407345e-01;3.1250000e+02;2.6802796e-01;3.1250000e+02;2.3831268e-01;3.1250000e+02;1.9399108e-01;3.1250000e+02;1.4036407e-01;3.1250000e+02;8.9374766e-02;3.1250000e+02;4.4944588e-02;3.1250000e+02;2.2709963e-03;3.1250000e+02;1.5723929e-02;3.1250000e+02;3.4759723e-02;3.1250000e+02;5.7990324e-02;3.1250000e+02;8.5741162e-02;3.1250000e+02;1.1528271e-01;3.1250000e+02;1.4789794e-01;3.1250000e+02;1.8702590e-01;3.1250000e+02;2.1964842e-01;3.1250000e+02;2.4650495e-01;3.1250000e+02;2.6417851e-01;3.1250000e+02;2.7407345e-01;3.1250000e+02;2.6802796e-01;3.1250000e+02;2.3831268e-01;3.1250000e+02;1.9399108e-01;3.1250000e+02;1.4036407e-01;3.1250000e+02;8.9374766e-02;3.1250000e+02;4.4944588e-02;3.1250000e+02;2.2709963e-03;3.1250000e+02;1.5723929e-02;3.1250000e+02;3.4759723e-02;3.1250000e+02;5.7990324e-02;3.1250000e+02;8.5741162e-02;3.1250000e+02;1.1528271e-01;3.1250000e+02;1.4789794e-01;3.1250000e+02;1.8702590e-01;3.1250000e+02;2.1964842e-01;3.1250000e+02;2.4650495e-01;3.1250000e+02;2.6417851e-01;3.1250000e+02;2.7407345e-01;3.1250000e+02;2.6802796e-01;3.1250000e+02;2.3831268e-01;3.1250000e+02;1.9399108e-01;3.1250000e+02;1.4036407e-01;3.1250000e+02;8.9374766e-02;3.1250000e+02;4.4944588e-02;3.1250000e+02;2.2709963e-03;3.1250000e+02;1.5723929e-02;3.1250000e+02;3.4759723e-02;3.1250000e+02;5.7990324e-02;3.1250000e+02;8.5741162e-02;3.1250000e+02;1.1528271e-01;3.1250000e+02;1.4789794e-01;3.1250000e+02;1.8702590e-01;3.1250000e+02;2.1964842e-01;3.1250000e+02;2.4650495e-01;3.1250000e+02;2.6417851e-01;3.1250000e+02;2.7407345e-01;3.1250000e+02;2.6802796e-01;3.1250000e+02;2.3831268e-01;3.1250000e+02;1.9399108e-01;3.1250000e+02;1.4036407e-01;3.1250000e+02;8.9374766e-02;3.1250000e+02;4.4944588e-02;3.1250000e+02;2.2709963e-03;3.1250000e+02;1.5723929e-02;3.1250000e+02;3.4759723e-02;3.1250000e+02;5.7990324e-02;3.1250000e+02;8.5741162e-02;3.1250000e+02;1.1528271e-01;3.1250000e+02;1.4789794e-01;3.1250000e+02;1.8702590e-01;3.1250000e+02;2.1964842e-01;3.1250000e+02;2.4650495e-01;3.1250000e+02;2.6417851e-01;3.1250000e+02;2.7407345e-01;3.1250000e+02;2.6802796e-01;3.1250000e+02;2.3831268e-01;3.1250000e+02;1.9399108e-01;3.1250000e+02;1.4036407e-01;3.1250000e+02;8.9374766e-02;3.1250000e+02;4.4944588e-02;3.1250000e+02;2.2709963e-03;3.1250000e+02;1.5723929e-02;3.1250000e+02;3.4759723e-02;3.1250000e+02;5.7990324e-02;3.1250000e+02;8.5741162e-02;3.1250000e+02;1.1528271e-01;3.1250000e+02;1.4789794e-01;3.1250000e+02;1.8702590e-01;3.1250000e+02;2.1964842e-01;3.1250000e+02;2.4650495e-01;3.1250000e+02;2.6417851e-01;3.1250000e+02;2.7407345e-01;3.1250000e+02;2.6802796e-01;3.1250000e+02;2.3831268e-01;3.1250000e+02;1.9399108e-01;3.1250000e+02;1.4036407e-01;3.1250000e+02;8.9374766e-02;3.1250000e+02;4.4944588e-02;3.1250000e+02;2.2709963e-03;3.1250000e+02;1.5723929e-02;3.1250000e+02;3.4759723e-02;3.1250000e+02;5.7990324e-02;3.1250000e+02;8.5741162e-02;3.1250000e+02;1.1528271e-01;3.1250000e+02;1.4789794e-01;3.1250000e+02;1.8702590e-01;3.1250000e+02;2.1964842e-01;3.1250000e+02;2.4650495e-01;3.1250000e+02;2.6417851e-01;3.1250000e+02;2.7407345e-01;3.1250000e+02;2.6802796e-01;3.1250000e+02;2.3831268e-01;3.1250000e+02;1.9399108e-01;3.1250000e+02;1.4036407e-01;3.1250000e+02;8.9374766e-02;3.1250000e+02;4.4944588e-02;3.1250000e+02;2.2709963e-03;3.1250000e+02;1.5723929e-02;3.1250000e+02;3.4759723e-02;3.1250000e+02;5.7990324e-02;3.1250000e+02;8.5741162e-02;3.1250000e+02;1.1528271e-01;3.1250000e+02;1.4789794e-01;3.1250000e+02;1.8702590e-01;3.1250000e+02;2.1964842e-01;3.1250000e+02;2.4650495e-01;3.1250000e+02;2.6417851e-01;3.1250000e+02;2.7407345e-01;3.1250000e+02;2.6802796e-01;3.1250000e+02;2.3831268e-01;3.1250000e+02;1.9399108e-01;3.1250000e+02;1.4036407e-01;3.1250000e+02;8.9374766e-02;3.1250000e+02;4.4944588e-02;3.1250000e+02;2.2709963e-03;3.1250000e+02;1.5723929e-02;3.1250000e+02;3.4759723e-02;3.1250000e+02;5.7990324e-02;3.1250000e+02;8.5741162e-02;3.1250000e+02;1.1528271e-01;3.1250000e+02;1.4789794e-01;3.1250000e+02;1.8702590e-01;3.1250000e+02;2.1964842e-01;3.1250000e+02;2.4650495e-01;3.1250000e+02;2.6417851e-01;3.1250000e+02;2.7407345e-01;3.1250000e+02;2.6802796e-01;3.1250000e+02;2.3831268e-01;3.1250000e+02;1.9399108e-01;3.1250000e+02;1.4036407e-01;3.1250000e+02;8.9374766e-02;3.1250000e+02;4.4944588e-02;3.1250000e+02;2.2709963e-03;3.1250000e+02;1.5723929e-02;3.1250000e+02;3.4759723e-02;3.1250000e+02;5.7990324e-02;3.1250000e+02;8.5741162e-02;3.1250000e+02;1.1528271e-01;3.1250000e+02;1.4789794e-01;3.1250000e+02;1.8702590e-01;3.1250000e+02;2.1964842e-01;3.1250000e+02;2.4650495e-01;3.1250000e+02;2.6417851e-01;3.1250000e+02;2.7407345e-01;3.1250000e+02;2.6802796e-01;3.1250000e+02;2.3831268e-01;3.1250000e+02;1.9399108e-01;3.1250000e+02;1.4036407e-01;3.1250000e+02;8.9374766e-02;3.1250000e+02;4.4944588e-02;3.1250000e+02;2.2709963e-03;3.1250000e+02;1.5723929e-02;3.1250000e+02;3.4759723e-02;3.1250000e+02;5.7990324e-02;3.1250000e+02;8.5741162e-02;3.1250000e+02;1.1528271e-01;3.1250000e+02;1.4789794e-01;3.1250000e+02;1.8702590e-01;3.1250000e+02;2.1964842e-01;3.1250000e+02;2.4650495e-01;3.1250000e+02;2.6417851e-01;3.1250000e+02;2.7407345e-01;3.1250000e+02;2.6802796e-01;3.1250000e+02;2.3831268e-01;3.1250000e+02;1.9399108e-01;3.1250000e+02;1.4036407e-01;3.1250000e+02;8.9374766e-02;3.1250000e+02;4.4944588e-02;3.1250000e+02;2.2709963e-03;3.1250000e+02;1.5723929e-02;3.1250000e+02;3.4759723e-02;3.1250000e+02;5.7990324e-02;3.1250000e+02;8.5741162e-02;3.1250000e+02;1.1528271e-01;3.1250000e+02;1.4789794e-01;3.1250000e+02;1.8702590e-01;3.1250000e+02;2.1964842e-01;3.1250000e+02;2.4650495e-01;3.1250000e+02;2.6417851e-01;3.1250000e+02;2.7407345e-01;3.1250000e+02;2.6802796e-01;3.1250000e+02;2.3831268e-01;3.1250000e+02;1.9399108e-01;3.1250000e+02;1.4036407e-01;3.1250000e+02;8.9374766e-02;3.1250000e+02;4.4944588e-02;3.1250000e+02;2.2709963e-03;3.1250000e+02;1.5723929e-02;3.1250000e+02;3.4759723e-02;3.1250000e+02;5.7990324e-02;3.1250000e+02;8.5741162e-02;3.1250000e+02;1.1528271e-01;3.1250000e+02;1.4789794e-01;3.1250000e+02;1.8702590e-01;3.1250000e+02;2.1964842e-01;3.1250000e+02;2.4650495e-01;3.1250000e+02;2.6417851e-01;3.1250000e+02;2.7407345e-01;3.1250000e+02;2.6802796e-01;3.1250000e+02;2.3831268e-01;3.1250000e+02;1.9399108e-01;3.1250000e+02;1.4036407e-01;3.1250000e+02;8.9374766e-02;3.1250000e+02;4.4944588e-02;3.1250000e+02;2.2709963e-03;3.1250000e+02;1.5723929e-02;3.1250000e+02;3.4759723e-02;3.1250000e+02;5.7990324e-02;3.1250000e+02;8.5741162e-02;3.1250000e+02;1.1528271e-01;3.1250000e+02;1.4789794e-01;3.1250000e+02;1.8702590e-01;3.1250000e+02;2.1964842e-01;3.1250000e+02;2.4650495e-01;3.1250000e+02;2.6417851e-01;3.1250000e+02;2.7407345e-01;3.1250000e+02;2.6802796e-01;3.1250000e+02;2.3831268e-01;3.1250000e+02;1.9399108e-01;3.1250000e+02;1.4036407e-01;3.1250000e+02;8.9374766e-02;3.1250000e+02;4.4944588e-02;3.1250000e+02;2.2709963e-03;3.1250000e+02;1.5723929e-02;3.1250000e+02;3.4759723e-02;3.1250000e+02;5.7990324e-02;3.1250000e+02;8.5741162e-02;3.1250000e+02;1.1528271e-01;3.1250000e+02;1.4789794e-01;3.1250000e+02;1.8702590e-01;3.1250000e+02;2.1964842e-01;3.1250000e+02;2.4650495e-01;3.1250000e+02;2.6417851e-01;3.1250000e+02;2.7407345e-01;3.1250000e+02;2.6802796e-01;3.1250000e+02;2.3831268e-01;3.1250000e+02;1.9399108e-01;3.1250000e+02;1.4036407e-01;3.1250000e+02;8.9374766e-02;3.1250000e+02;4.4944588e-02;3.1250000e+02;2.2709963e-03;3.1250000e+02;1.5723929e-02;3.1250000e+02;3.4759723e-02;3.1250000e+02;5.7990324e-02;3.1250000e+02;8.5741162e-02;3.1250000e+02;1.1528271e-01;3.1250000e+02;1.4789794e-01;3.1250000e+02;1.8702590e-01;3.1250000e+02;2.1964842e-01;3.1250000e+02;2.4650495e-01;3.1250000e+02;2.6417851e-01;3.1250000e+02;2.7407345e-01;3.1250000e+02;2.6802796e-01;3.1250000e+02;2.3831268e-01;3.1250000e+02;1.9399108e-01;3.1250000e+02;1.4036407e-01;3.1250000e+02;8.9374766e-02;3.1250000e+02;4.4944588e-02;3.1250000e+02;2.2709963e-03;3.1250000e+02;1.5723929e-02;3.1250000e+02;3.4759723e-02;3.1250000e+02;5.7990324e-02;3.1250000e+02;8.5741162e-02;3.1250000e+02;1.1528271e-01;3.1250000e+02;1.4789794e-01;3.1250000e+02;1.8702590e-01;3.1250000e+02;2.1964842e-01;3.1250000e+02;2.4650495e-01;3.1250000e+02;2.6417851e-01;3.1250000e+02;2.7407345e-01;3.1250000e+02;2.6802796e-01;3.1250000e+02;2.3831268e-01;3.1250000e+02;1.9399108e-01;3.1250000e+02;1.4036407e-01;3.1250000e+02;8.9374766e-02;3.1250000e+02;4.4944588e-02;3.1250000e+02;2.2709963e-03;3.1250000e+02;1.5723929e-02;3.1250000e+02;3.4759723e-02;3.1250000e+02;5.7990324e-02;3.1250000e+02;8.5741162e-02;3.1250000e+02;1.1528271e-01;3.1250000e+02;1.4789794e-01;3.1250000e+02;1.8702590e-01;3.1250000e+02;2.1964842e-01;3.1250000e+02;2.4650495e-01;3.1250000e+02;2.6417851e-01;3.1250000e+02;2.7407345e-01;3.1250000e+02;2.6802796e-01;3.1250000e+02;2.3831268e-01;3.1250000e+02;1.9399108e-01;3.1250000e+02;1.4036407e-01;3.1250000e+02;8.9374766e-02;3.1250000e+02;4.4944588e-02;3.1250000e+02;2.2709963e-03;3.1250000e+02;1.5723929e-02;3.1250000e+02;3.4759723e-02;3.1250000e+02;5.7990324e-02;3.1250000e+02;8.5741162e-02;3.1250000e+02;1.1528271e-01;3.1250000e+02;1.4789794e-01;3.1250000e+02;1.8702590e-01;3.1250000e+02;2.1964842e-01;3.1250000e+02;2.4650495e-01;3.1250000e+02;2.6417851e-01;3.1250000e+02;2.7407345e-01;3.1250000e+02;2.6802796e-01;3.1250000e+02;2.3831268e-01;3.1250000e+02;1.9399108e-01;3.1250000e+02;1.4036407e-01;3.1250000e+02;8.9374766e-02;3.1250000e+02;4.4944588e-02;3.1250000e+02;2.2709963e-03;3.1250000e+02;1.5723929e-02;3.1250000e+02;3.4759723e-02;3.1250000e+02;5.7990324e-02;3.1250000e+02;8.5741162e-02;3.1250000e+02;1.1528271e-01;3.1250000e+02;1.4789794e-01;3.1250000e+02;1.8702590e-01;3.1250000e+02;2.1964842e-01;3.1250000e+02;2.4650495e-01;3.1250000e+02;2.6417851e-01;3.1250000e+02;2.7407345e-01;3.1250000e+02;2.6802796e-01;3.1250000e+02;2.3831268e-01;3.1250000e+02;1.9399108e-01;3.1250000e+02;1.4036407e-01;3.1250000e+02;8.9374766e-02;3.1250000e+02;4.4944588e-02;3.1250000e+02;2.2709963e-03;3.1250000e+02;1.5723929e-02;3.1250000e+02;3.4759723e-02;3.1250000e+02;5.7990324e-02;3.1250000e+02;8.5741162e-02;3.1250000e+02;1.1528271e-01;3.1250000e+02;1.4789794e-01;3.1250000e+02;1.8702590e-01;3.1250000e+02;2.1964842e-01;3.1250000e+02;2.4650495e-01;3.1250000e+02;2.6417851e-01;3.1250000e+02;2.7407345e-01;3.1250000e+02;2.6802796e-01;3.1250000e+02;2.3831268e-01;3.1250000e+02;1.9399108e-01;3.1250000e+02;1.4036407e-01;3.1250000e+02;8.9374766e-02;3.1250000e+02;4.4944588e-02;3.1250000e+02;2.2709963e-03;3.1250000e+02;1.5723929e-02;3.1250000e+02;3.4759723e-02;3.1250000e+02;5.7990324e-02;3.1250000e+02;8.5741162e-02;3.1250000e+02;1.1528271e-01;3.1250000e+02;1.4789794e-01;3.1250000e+02;1.8702590e-01;3.1250000e+02;2.1964842e-01;3.1250000e+02;2.4650495e-01;3.1250000e+02;2.6417851e-01;3.1250000e+02;2.7407345e-01;3.1250000e+02;2.6802796e-01;3.1250000e+02;2.3831268e-01;3.1250000e+02;1.9399108e-01;3.1250000e+02;1.4036407e-01;3.1250000e+02;8.9374766e-02;3.1250000e+02;4.4944588e-02;3.1250000e+02;2.2709963e-03;3.1250000e+02;1.5723929e-02;3.1250000e+02;3.4759723e-02;3.1250000e+02;5.7990324e-02;3.1250000e+02;8.5741162e-02;3.1250000e+02;1.1528271e-01;3.1250000e+02;1.4789794e-01;3.1250000e+02;1.8702590e-01;3.1250000e+02;2.1964842e-01;3.1250000e+02;2.4650495e-01;3.1250000e+02;2.6417851e-01;3.1250000e+02;2.7407345e-01;3.1250000e+02;2.6802796e-01;3.1250000e+02;2.3831268e-01;3.1250000e+02;1.9399108e-01;3.1250000e+02;1.4036407e-01;3.1250000e+02;8.9374766e-02;3.1250000e+02;4.4944588e-02;3.1250000e+02;2.2709963e-03;3.1250000e+02;1.5723929e-02;3.1250000e+02;3.4759723e-02;3.1250000e+02;5.7990324e-02;3.1250000e+02;8.5741162e-02;3.1250000e+02;1.1528271e-01;3.1250000e+02;1.4789794e-01;3.1250000e+02;1.8702590e-01;3.1250000e+02;2.1964842e-01;3.1250000e+02;2.4650495e-01;3.1250000e+02;2.6417851e-01;3.1250000e+02;2.7407345e-01;3.1250000e+02;2.6802796e-01;3.1250000e+02;2.3831268e-01;3.1250000e+02;1.9399108e-01;3.1250000e+02;1.4036407e-01;3.1250000e+02;8.9374766e-02;3.1250000e+02;4.4944588e-02;3.1250000e+02;2.2709963e-03;3.1250000e+02;1.5723929e-02;3.1250000e+02;3.4759723e-02;3.1250000e+02;5.7990324e-02;3.1250000e+02;8.5741162e-02;3.1250000e+02;1.1528271e-01;3.1250000e+02;1.4789794e-01;3.1250000e+02;1.8702590e-01;3.1250000e+02;2.1964842e-01;3.1250000e+02;2.4650495e-01;3.1250000e+02;2.6417851e-01;3.1250000e+02;2.7407345e-01;3.1250000e+02;2.6802796e-01;3.1250000e+02;2.3831268e-01;3.1250000e+02;1.9399108e-01;3.1250000e+02;1.4036407e-01;3.1250000e+02;8.9374766e-02;3.1250000e+02;4.4944588e-02;3.1250000e+02;2.2709963e-03;3.1250000e+02;1.5723929e-02;3.1250000e+02;3.4759723e-02;3.1250000e+02;5.7990324e-02;3.1250000e+02;8.5741162e-02;3.1250000e+02;1.1528271e-01;3.1250000e+02;1.4789794e-01;3.1250000e+02;1.8702590e-01;3.1250000e+02;2.1964842e-01;3.1250000e+02;2.4650495e-01;3.1250000e+02;2.6417851e-01;3.1250000e+02;2.7407345e-01;3.1250000e+02;2.6802796e-01;3.1250000e+02;2.3831268e-01;3.1250000e+02;1.9399108e-01;3.1250000e+02;1.4036407e-01;3.1250000e+02;8.9374766e-02;3.1250000e+02;4.4944588e-02;3.1250000e+02;2.2709963e-03;3.1250000e+02;1.5723929e-02;3.1250000e+02;3.4759723e-02;3.1250000e+02;5.7990324e-02;3.1250000e+02;8.5741162e-02;3.1250000e+02;1.1528271e-01;3.1250000e+02;1.4789794e-01;3.1250000e+02;1.8702590e-01;3.1250000e+02;2.1964842e-01;3.1250000e+02;2.4650495e-01;3.1250000e+02;2.6417851e-01;3.1250000e+02;2.7407345e-01;3.1250000e+02;2.6802796e-01;3.1250000e+02;2.3831268e-01;3.1250000e+02;1.9399108e-01;3.1250000e+02;1.4036407e-01;3.1250000e+02;8.9374766e-02;3.1250000e+02;4.4944588e-02;3.1250000e+02;2.2709963e-03;3.1250000e+02;1.5723929e-02;3.1250000e+02;3.4759723e-02;3.1250000e+02;5.7990324e-02;3.1250000e+02;8.5741162e-02;3.1250000e+02;1.1528271e-01;3.1250000e+02;1.4789794e-01;3.1250000e+02;1.8702590e-01;3.1250000e+02;2.1964842e-01;3.1250000e+02;2.4650495e-01;3.1250000e+02;2.6417851e-01;3.1250000e+02;2.7407345e-01;3.1250000e+02;2.6802796e-01;3.1250000e+02;2.3831268e-01;3.1250000e+02;1.9399108e-01;3.1250000e+02;1.4036407e-01;3.1250000e+02;8.9374766e-02;3.1250000e+02;4.4944588e-02;3.1250000e+02;2.2709963e-03;3.1250000e+02;1.5723929e-02;3.1250000e+02;3.4759723e-02;3.1250000e+02;5.7990324e-02;3.1250000e+02;8.5741162e-02;3.1250000e+02;1.1528271e-01;3.1250000e+02;1.4789794e-01;3.1250000e+02;1.8702590e-01;3.1250000e+02;2.1964842e-01;3.1250000e+02;2.4650495e-01;3.1250000e+02;2.6417851e-01;3.1250000e+02;2.7407345e-01;3.1250000e+02;2.6802796e-01;3.1250000e+02;2.3831268e-01;3.1250000e+02;1.9399108e-01;3.1250000e+02;1.4036407e-01;3.1250000e+02;8.9374766e-02;3.1250000e+02;4.4944588e-02;3.1250000e+02;2.2709963e-03;3.1250000e+02;1.5723929e-02;3.1250000e+02;3.4759723e-02;3.1250000e+02;5.7990324e-02;3.1250000e+02;8.5741162e-02;3.1250000e+02;1.1528271e-01;3.1250000e+02;1.4789794e-01;3.1250000e+02;1.8702590e-01;3.1250000e+02;2.1964842e-01;3.1250000e+02;2.4650495e-01;3.1250000e+02;2.6417851e-01;3.1250000e+02;2.7407345e-01;3.1250000e+02;2.6802796e-01;3.1250000e+02;2.3831268e-01;3.1250000e+02;1.9399108e-01;3.1250000e+02;1.4036407e-01;3.1250000e+02;8.9374766e-02;3.1250000e+02;4.4944588e-02;3.1250000e+02;2.2709963e-03;3.1250000e+02;1.5723929e-02;3.1250000e+02;3.4759723e-02;3.1250000e+02;5.7990324e-02;3.1250000e+02;8.5741162e-02;3.1250000e+02;1.1528271e-01;3.1250000e+02;1.4789794e-01;3.1250000e+02;1.8702590e-01;3.1250000e+02;2.1964842e-01;3.1250000e+02;2.4650495e-01;3.1250000e+02;2.6417851e-01;3.1250000e+02;2.7407345e-01;3.1250000e+02;2.6802796e-01;3.1250000e+02;2.3831268e-01;3.1250000e+02;1.9399108e-01;3.1250000e+02;1.4036407e-01;3.1250000e+02;8.9374766e-02;3.1250000e+02;4.4944588e-02;3.1250000e+02;2.2709963e-03;3.1250000e+02;1.5723929e-02;3.1250000e+02;3.4759723e-02;3.1250000e+02;5.7990324e-02;3.1250000e+02;8.5741162e-02;3.1250000e+02;1.1528271e-01;3.1250000e+02;1.4789794e-01;3.1250000e+02;1.8702590e-01;3.1250000e+02;2.1964842e-01;3.1250000e+02;2.4650495e-01;3.1250000e+02;2.6417851e-01;3.1250000e+02;2.7407345e-01;3.1250000e+02;2.6802796e-01;3.1250000e+02;2.3831268e-01;3.1250000e+02;1.9399108e-01;3.1250000e+02;1.4036407e-01;3.1250000e+02;8.9374766e-02;3.1250000e+02;4.4944588e-02;3.1250000e+02;2.2709963e-03;3.1250000e+02;1.5723929e-02;3.1250000e+02;3.4759723e-02;3.1250000e+02;5.7990324e-02;3.1250000e+02;8.5741162e-02;3.1250000e+02;1.1528271e-01;3.1250000e+02;1.4789794e-01;3.1250000e+02;1.8702590e-01;3.1250000e+02;2.1964842e-01;3.1250000e+02;2.4650495e-01;3.1250000e+02;2.6417851e-01;3.1250000e+02;2.7407345e-01;3.1250000e+02;2.6802796e-01;3.1250000e+02;2.3831268e-01;3.1250000e+02;1.9399108e-01;3.1250000e+02;1.4036407e-01;3.1250000e+02;8.9374766e-02;3.1250000e+02;4.4944588e-02;3.1250000e+02;2.2709963e-03;3.1250000e+02;1.5723929e-02;3.1250000e+02;3.4759723e-02;3.1250000e+02;5.7990324e-02;3.1250000e+02;8.5741162e-02;3.1250000e+02;1.1528271e-01;3.1250000e+02;1.4789794e-01;3.1250000e+02;1.8702590e-01;3.1250000e+02;2.1964842e-01;3.1250000e+02;2.4650495e-01;3.1250000e+02;2.6417851e-01;3.1250000e+02;2.7407345e-01;3.1250000e+02;2.6802796e-01;3.1250000e+02;2.3831268e-01;3.1250000e+02;1.9399108e-01;3.1250000e+02;1.4036407e-01;3.1250000e+02;8.9374766e-02;3.1250000e+02;4.4944588e-02;3.1250000e+02;2.2709963e-03;3.1250000e+02;1.5723929e-02;3.1250000e+02;3.4759723e-02;3.1250000e+02;5.7990324e-02;3.1250000e+02;8.5741162e-02;3.1250000e+02;1.1528271e-01;3.1250000e+02;1.4789794e-01;3.1250000e+02;1.8702590e-01;3.1250000e+02;2.1964842e-01;3.1250000e+02;2.4650495e-01;3.1250000e+02;2.6417851e-01;3.1250000e+02;2.7407345e-01;3.1250000e+02;2.6802796e-01;3.1250000e+02;2.3831268e-01;3.1250000e+02;1.9399108e-01;3.1250000e+02;1.4036407e-01;3.1250000e+02;8.9374766e-02;3.1250000e+02;4.4944588e-02;3.1250000e+02;2.2709963e-03;3.1250000e+02;1.5723929e-02;3.1250000e+02;3.4759723e-02;3.1250000e+02;5.7990324e-02;3.1250000e+02;8.5741162e-02;3.1250000e+02;1.1528271e-01;3.1250000e+02;1.4789794e-01;3.1250000e+02;1.8702590e-01;3.1250000e+02;2.1964842e-01;3.1250000e+02;2.4650495e-01;3.1250000e+02;2.6417851e-01;3.1250000e+02;2.7407345e-01;3.1250000e+02;2.6802796e-01;3.1250000e+02;2.3831268e-01;3.1250000e+02;1.9399108e-01;3.1250000e+02;1.4036407e-01;3.1250000e+02;8.9374766e-02;3.1250000e+02;4.4944588e-02;3.1250000e+02;2.2709963e-03;3.1250000e+02;1.5723929e-02;3.1250000e+02;3.4759723e-02;3.1250000e+02;5.7990324e-02;3.1250000e+02;8.5741162e-02;3.1250000e+02;1.1528271e-01;3.1250000e+02;1.4789794e-01;3.1250000e+02;1.8702590e-01;3.1250000e+02;2.1964842e-01;3.1250000e+02;2.4650495e-01;3.1250000e+02;2.6417851e-01;3.1250000e+02;2.7407345e-01;3.1250000e+02;2.6802796e-01;3.1250000e+02;2.3831268e-01;3.1250000e+02;1.9399108e-01;3.1250000e+02;1.4036407e-01;3.1250000e+02;8.9374766e-02;3.1250000e+02;4.4944588e-02;3.1250000e+02;2.2709963e-03;3.1250000e+02;1.5723929e-02;3.1250000e+02;3.4759723e-02;3.1250000e+02;5.7990324e-02;3.1250000e+02;8.5741162e-02;3.1250000e+02;1.1528271e-01;3.1250000e+02;1.4789794e-01;3.1250000e+02;1.8702590e-01;3.1250000e+02;2.1964842e-01;3.1250000e+02;2.4650495e-01;3.1250000e+02;2.6417851e-01;3.1250000e+02;2.7407345e-01;3.1250000e+02;2.6802796e-01;3.1250000e+02;2.3831268e-01;3.1250000e+02;1.9399108e-01;3.1250000e+02;1.4036407e-01;3.1250000e+02;8.9374766e-02;3.1250000e+02;4.4944588e-02;3.1250000e+02;2.2709963e-03;3.1250000e+02;1.5723929e-02;3.1250000e+02;3.4759723e-02;3.1250000e+02;5.7990324e-02;3.1250000e+02;8.5741162e-02;3.1250000e+02;1.1528271e-01;3.1250000e+02;1.4789794e-01;3.1250000e+02;1.8702590e-01;3.1250000e+02;2.1964842e-01;3.1250000e+02;2.4650495e-01;3.1250000e+02;2.6417851e-01;3.1250000e+02;2.7407345e-01;3.1250000e+02;2.6802796e-01;3.1250000e+02;2.3831268e-01;3.1250000e+02;1.9399108e-01;3.1250000e+02;1.4036407e-01;3.1250000e+02;8.9374766e-02;3.1250000e+02;4.4944588e-02;3.1250000e+02;2.2709963e-03;3.1250000e+02;1.5723929e-02;3.1250000e+02;3.4759723e-02;3.1250000e+02;5.7990324e-02;3.1250000e+02;8.5741162e-02;3.1250000e+02;1.1528271e-01;3.1250000e+02;1.4789794e-01;3.1250000e+02;1.8702590e-01;3.1250000e+02;2.1964842e-01;3.1250000e+02;2.4650495e-01;3.1250000e+02;2.6417851e-01;3.1250000e+02;2.7407345e-01;3.1250000e+02;2.6802796e-01;3.1250000e+02;2.3831268e-01;3.1250000e+02;1.9399108e-01;3.1250000e+02;1.4036407e-01;3.1250000e+02;8.9374766e-02;3.1250000e+02;4.4944588e-02;3.1250000e+02;2.2709963e-03;3.1250000e+02;1.5723929e-02;3.1250000e+02;3.4759723e-02;3.1250000e+02;5.7990324e-02;3.1250000e+02;8.5741162e-02;3.1250000e+02;1.1528271e-01;3.1250000e+02;1.4789794e-01;3.1250000e+02;1.8702590e-01;3.1250000e+02;2.1964842e-01;3.1250000e+02;2.4650495e-01;3.1250000e+02;2.6417851e-01;3.1250000e+02;2.7407345e-01;3.1250000e+02;2.6802796e-01;3.1250000e+02;2.3831268e-01;3.1250000e+02;1.9399108e-01;3.1250000e+02;1.4036407e-01;3.1250000e+02;8.9374766e-02;3.1250000e+02;4.4944588e-02;3.1250000e+02;2.2709963e-03;3.1250000e+02;1.5723929e-02;3.1250000e+02;3.4759723e-02;3.1250000e+02;5.7990324e-02;3.1250000e+02;8.5741162e-02;3.1250000e+02;1.1528271e-01;3.1250000e+02;1.4789794e-01;3.1250000e+02;1.8702590e-01;3.1250000e+02;2.1964842e-01;3.1250000e+02;2.4650495e-01;3.1250000e+02;2.6417851e-01;3.1250000e+02;2.7407345e-01;3.1250000e+02;2.6802796e-01;3.1250000e+02;2.3831268e-01;3.1250000e+02;1.9399108e-01;3.1250000e+02;1.4036407e-01;3.1250000e+02;8.9374766e-02;3.1250000e+02;4.4944588e-02;3.1250000e+02;2.2709963e-03;3.1250000e+02;1.5723929e-02;3.1250000e+02;3.4759723e-02;3.1250000e+02;5.7990324e-02;3.1250000e+02;8.5741162e-02;3.1250000e+02;1.1528271e-01;3.1250000e+02;1.4789794e-01;3.1250000e+02;1.8702590e-01;3.1250000e+02;2.1964842e-01;3.1250000e+02;2.4650495e-01;3.1250000e+02;2.6417851e-01;3.1250000e+02;2.7407345e-01;3.1250000e+02;2.6802796e-01;3.1250000e+02;2.3831268e-01;3.1250000e+02;1.9399108e-01;3.1250000e+02;1.4036407e-01;3.1250000e+02;8.9374766e-02;3.1250000e+02;4.4944588e-02;3.1250000e+02;2.2709963e-03;3.1250000e+02;1.5723929e-02;3.1250000e+02;3.4759723e-02;3.1250000e+02;5.7990324e-02;3.1250000e+02;8.5741162e-02;3.1250000e+02;1.1528271e-01;3.1250000e+02;1.4789794e-01;3.1250000e+02;1.8702590e-01;3.1250000e+02;2.1964842e-01;3.1250000e+02;2.4650495e-01;3.1250000e+02;2.6417851e-01;3.1250000e+02;2.7407345e-01;3.1250000e+02;2.6802796e-01;3.1250000e+02;2.3831268e-01;3.1250000e+02;1.9399108e-01;3.1250000e+02;1.4036407e-01;3.1250000e+02;8.9374766e-02;3.1250000e+02;4.4944588e-02;3.1250000e+02;2.2709963e-03;3.1250000e+02;1.5723929e-02;3.1250000e+02;3.4759723e-02;3.1250000e+02;5.7990324e-02;3.1250000e+02;8.5741162e-02;3.1250000e+02;1.1528271e-01;3.1250000e+02;1.4789794e-01;3.1250000e+02;1.8702590e-01;3.1250000e+02;2.1964842e-01;3.1250000e+02;2.4650495e-01;3.1250000e+02;2.6417851e-01;3.1250000e+02;2.7407345e-01;3.1250000e+02;2.6802796e-01;3.1250000e+02;2.3831268e-01;3.1250000e+02;1.9399108e-01;3.1250000e+02;1.4036407e-01;3.1250000e+02;8.9374766e-02;3.1250000e+02;4.4944588e-02;3.1250000e+02;2.2709963e-03;3.1250000e+02;1.5723929e-02;3.1250000e+02;3.4759723e-02;3.1250000e+02;5.7990324e-02;3.1250000e+02;8.5741162e-02;3.1250000e+02;1.1528271e-01;3.1250000e+02;1.4789794e-01;3.1250000e+02;1.8702590e-01;3.1250000e+02;2.1964842e-01;3.1250000e+02;2.4650495e-01;3.1250000e+02;2.6417851e-01;3.1250000e+02;2.7407345e-01;3.1250000e+02;2.6802796e-01;3.1250000e+02;2.3831268e-01;3.1250000e+02;1.9399108e-01;3.1250000e+02;1.4036407e-01;3.1250000e+02;8.9374766e-02;3.1250000e+02;4.4944588e-02;3.1250000e+02;2.2709963e-03;3.1250000e+02;1.5723929e-02;3.1250000e+02;3.4759723e-02;3.1250000e+02;5.7990324e-02;3.1250000e+02;8.5741162e-02;3.1250000e+02;1.1528271e-01;3.1250000e+02;1.4789794e-01;3.1250000e+02;1.8702590e-01;3.1250000e+02;2.1964842e-01;3.1250000e+02;2.4650495e-01;3.1250000e+02;2.6417851e-01;3.1250000e+02;2.7407345e-01;3.1250000e+02;2.6802796e-01;3.1250000e+02;2.3831268e-01;3.1250000e+02;1.9399108e-01;3.1250000e+02;1.4036407e-01;3.1250000e+02;8.9374766e-02;3.1250000e+02;4.4944588e-02;3.1250000e+02;2.2709963e-03;3.1250000e+02;1.5723929e-02;3.1250000e+02;3.4759723e-02;3.1250000e+02;5.7990324e-02;3.1250000e+02;8.5741162e-02;3.1250000e+02;1.1528271e-01;3.1250000e+02;1.4789794e-01;3.1250000e+02;1.8702590e-01;3.1250000e+02;2.1964842e-01;3.1250000e+02;2.4650495e-01;3.1250000e+02;2.6417851e-01;3.1250000e+02;2.7407345e-01;3.1250000e+02;2.6802796e-01;3.1250000e+02;2.3831268e-01;3.1250000e+02;1.9399108e-01;3.1250000e+02;1.4036407e-01;3.1250000e+02;8.9374766e-02;3.1250000e+02;4.4944588e-02;3.1250000e+02;2.2709963e-03;3.1250000e+02;1.5723929e-02;3.1250000e+02;3.4759723e-02;3.1250000e+02;5.7990324e-02;3.1250000e+02;8.5741162e-02;3.1250000e+02;1.1528271e-01;3.1250000e+02;1.4789794e-01;3.1250000e+02;1.8702590e-01;3.1250000e+02;2.1964842e-01;3.1250000e+02;2.4650495e-01;3.1250000e+02;2.6417851e-01;3.1250000e+02;2.7407345e-01;3.1250000e+02;2.6802796e-01;3.1250000e+02;2.3831268e-01;3.1250000e+02;1.9399108e-01;3.1250000e+02;1.4036407e-01;3.1250000e+02;8.9374766e-02;3.1250000e+02;4.4944588e-02;3.1250000e+02;2.2709963e-03;3.1250000e+02;1.5723929e-02;3.1250000e+02;3.4759723e-02;3.1250000e+02;5.7990324e-02;3.1250000e+02;8.5741162e-02;3.1250000e+02;1.1528271e-01;3.1250000e+02;1.4789794e-01;3.1250000e+02;1.8702590e-01;3.1250000e+02;2.1964842e-01;3.1250000e+02;2.4650495e-01;3.1250000e+02;2.6417851e-01;3.1250000e+02;2.7407345e-01;3.1250000e+02;2.6802796e-01;3.1250000e+02;2.3831268e-01;3.1250000e+02;1.9399108e-01;3.1250000e+02;1.4036407e-01;3.1250000e+02;8.9374766e-02;3.1250000e+02;4.4944588e-02;3.1250000e+02;2.2709963e-03;3.1250000e+02;1.5723929e-02;3.1250000e+02;3.4759723e-02;3.1250000e+02;5.7990324e-02;3.1250000e+02;8.5741162e-02;3.1250000e+02;1.1528271e-01;3.1250000e+02;1.4789794e-01;3.1250000e+02;1.8702590e-01;3.1250000e+02;2.1964842e-01;3.1250000e+02;2.4650495e-01;3.1250000e+02;2.6417851e-01;3.1250000e+02;2.7407345e-01;3.1250000e+02;2.6802796e-01;3.1250000e+02;2.3831268e-01;3.1250000e+02;1.9399108e-01;3.1250000e+02;1.4036407e-01;3.1250000e+02;8.9374766e-02;3.1250000e+02;4.4944588e-02;3.1250000e+02;2.2709963e-03;3.1250000e+02;1.5723929e-02;3.1250000e+02;3.4759723e-02;3.1250000e+02;5.7990324e-02;3.1250000e+02;8.5741162e-02;3.1250000e+02;1.1528271e-01;3.1250000e+02;1.4789794e-01;3.1250000e+02;1.8702590e-01;3.1250000e+02;2.1964842e-01;3.1250000e+02;2.4650495e-01;3.1250000e+02;2.6417851e-01;3.1250000e+02;2.7407345e-01;3.1250000e+02;2.6802796e-01;3.1250000e+02;2.3831268e-01;3.1250000e+02;1.9399108e-01;3.1250000e+02;1.4036407e-01;3.1250000e+02;8.9374766e-02;3.1250000e+02;4.4944588e-02;3.1250000e+02;2.2709963e-03;3.1250000e+02;1.5723929e-02;3.1250000e+02;3.4759723e-02;3.1250000e+02;5.7990324e-02;3.1250000e+02;8.5741162e-02;3.1250000e+02;1.1528271e-01;3.1250000e+02;1.4789794e-01;3.1250000e+02;1.8702590e-01;3.1250000e+02;2.1964842e-01;3.1250000e+02;2.4650495e-01;3.1250000e+02;2.6417851e-01;3.1250000e+02;2.7407345e-01;3.1250000e+02;2.6802796e-01;3.1250000e+02;2.3831268e-01;3.1250000e+02;1.9399108e-01;3.1250000e+02;1.4036407e-01;3.1250000e+02;8.9374766e-02;3.1250000e+02;4.4944588e-02;3.1250000e+02;2.2709963e-03;3.1250000e+02;1.5723929e-02;3.1250000e+02;3.4759723e-02;3.1250000e+02;5.7990324e-02;3.1250000e+02;8.5741162e-02;3.1250000e+02;1.1528271e-01;3.1250000e+02;1.4789794e-01;3.1250000e+02;1.8702590e-01;3.1250000e+02;2.1964842e-01;3.1250000e+02;2.4650495e-01;3.1250000e+02;2.6417851e-01;3.1250000e+02;2.7407345e-01;3.1250000e+02;2.6802796e-01;3.1250000e+02;2.3831268e-01;3.1250000e+02;1.9399108e-01;3.1250000e+02;1.4036407e-01;3.1250000e+02;8.9374766e-02;3.1250000e+02;4.4944588e-02;3.1250000e+02;2.2709963e-03;3.1250000e+02;1.5723929e-02;3.1250000e+02;3.4759723e-02;3.1250000e+02;5.7990324e-02;3.1250000e+02;8.5741162e-02;3.1250000e+02;1.1528271e-01;3.1250000e+02;1.4789794e-01;3.1250000e+02;1.8702590e-01;3.1250000e+02;2.1964842e-01;3.1250000e+02;2.4650495e-01;3.1250000e+02;2.6417851e-01;3.1250000e+02;2.7407345e-01;3.1250000e+02;2.6802796e-01;3.1250000e+02;2.3831268e-01;3.1250000e+02;1.9399108e-01;3.1250000e+02;1.4036407e-01;3.1250000e+02;8.9374766e-02;3.1250000e+02;4.4944588e-02;3.1250000e+02;2.2709963e-03;3.1250000e+02;1.5723929e-02;3.1250000e+02;3.4759723e-02;3.1250000e+02;5.7990324e-02;3.1250000e+02;8.5741162e-02;3.1250000e+02;1.1528271e-01;3.1250000e+02;1.4789794e-01;3.1250000e+02;1.8702590e-01;3.1250000e+02;2.1964842e-01;3.1250000e+02;2.4650495e-01;3.1250000e+02;2.6417851e-01;3.1250000e+02;2.7407345e-01;3.1250000e+02;2.6802796e-01;3.1250000e+02;2.3831268e-01;3.1250000e+02;1.9399108e-01;3.1250000e+02;1.4036407e-01;3.1250000e+02;8.9374766e-02;3.1250000e+02;4.4944588e-02;3.1250000e+02;2.2709963e-03;3.1250000e+02;1.5723929e-02;3.1250000e+02;3.4759723e-02;3.1250000e+02;5.7990324e-02;3.1250000e+02;8.5741162e-02;3.1250000e+02;1.1528271e-01;3.1250000e+02;1.4789794e-01;3.1250000e+02;1.8702590e-01;3.1250000e+02;2.1964842e-01;3.1250000e+02;2.4650495e-01;3.1250000e+02;2.6417851e-01;3.1250000e+02;2.7407345e-01;3.1250000e+02;2.6802796e-01;3.1250000e+02;2.3831268e-01;3.1250000e+02;1.9399108e-01;3.1250000e+02;1.4036407e-01;3.1250000e+02;8.9374766e-02;3.1250000e+02;4.4944588e-02;3.1250000e+02;2.2709963e-03;3.1250000e+02;1.5723929e-02;3.1250000e+02;3.4759723e-02;3.1250000e+02;5.7990324e-02;3.1250000e+02;8.5741162e-02;3.1250000e+02;1.1528271e-01;3.1250000e+02;1.4789794e-01;3.1250000e+02;1.8702590e-01;3.1250000e+02;2.1964842e-01;3.1250000e+02;2.4650495e-01;3.1250000e+02;2.6417851e-01;3.1250000e+02;2.7407345e-01;3.1250000e+02;2.6802796e-01;3.1250000e+02;2.3831268e-01;3.1250000e+02;1.9399108e-01;3.1250000e+02;1.4036407e-01;3.1250000e+02;8.9374766e-02;3.1250000e+02;4.4944588e-02;3.1250000e+02;2.2709963e-03;3.1250000e+02;1.5723929e-02;3.1250000e+02;3.4759723e-02;3.1250000e+02;5.7990324e-02;3.1250000e+02;8.5741162e-02;3.1250000e+02;1.1528271e-01;3.1250000e+02;1.4789794e-01;3.1250000e+02;1.8702590e-01;3.1250000e+02;2.1964842e-01;3.1250000e+02;2.4650495e-01;3.1250000e+02;2.6417851e-01;3.1250000e+02;2.7407345e-01;3.1250000e+02;2.6802796e-01;3.1250000e+02;2.3831268e-01;3.1250000e+02;1.9399108e-01;3.1250000e+02;1.4036407e-01;3.1250000e+02;8.9374766e-02;3.1250000e+02;4.4944588e-02;3.1250000e+02;2.2709963e-03;3.1250000e+02;1.5723929e-02;3.1250000e+02;3.4759723e-02;3.1250000e+02;5.7990324e-02;3.1250000e+02;8.5741162e-02;3.1250000e+02;1.1528271e-01;3.1250000e+02;1.4789794e-01;3.1250000e+02;1.8702590e-01;3.1250000e+02;2.1964842e-01;3.1250000e+02;2.4650495e-01;3.1250000e+02;2.6417851e-01;3.1250000e+02;2.7407345e-01;3.1250000e+02;2.6802796e-01;3.1250000e+02;2.3831268e-01;3.1250000e+02;1.9399108e-01;3.1250000e+02;1.4036407e-01;3.1250000e+02;8.9374766e-02;3.1250000e+02;4.4944588e-02;3.1250000e+02;2.2709963e-03;3.1250000e+02;1.5723929e-02;3.1250000e+02;3.4759723e-02;3.1250000e+02;5.7990324e-02;3.1250000e+02;8.5741162e-02;3.1250000e+02;1.1528271e-01;3.1250000e+02;1.4789794e-01;3.1250000e+02;1.8702590e-01;3.1250000e+02;2.1964842e-01;3.1250000e+02;2.4650495e-01;3.1250000e+02;2.6417851e-01;3.1250000e+02;2.7407345e-01;3.1250000e+02;2.6802796e-01;3.1250000e+02;2.3831268e-01;3.1250000e+02;1.9399108e-01;3.1250000e+02;1.4036407e-01;3.1250000e+02;8.9374766e-02;3.1250000e+02;4.4944588e-02;3.1250000e+02;2.2709963e-03;3.1250000e+02;1.5723929e-02;3.1250000e+02;3.4759723e-02;3.1250000e+02;5.7990324e-02;3.1250000e+02;8.5741162e-02;3.1250000e+02;1.1528271e-01;3.1250000e+02;1.4789794e-01;3.1250000e+02;1.8702590e-01;3.1250000e+02;2.1964842e-01;3.1250000e+02;2.4650495e-01;3.1250000e+02;2.6417851e-01;3.1250000e+02;2.7407345e-01;3.1250000e+02;2.6802796e-01;3.1250000e+02;2.3831268e-01;3.1250000e+02;1.9399108e-01;3.1250000e+02;1.4036407e-01;3.1250000e+02;8.9374766e-02;3.1250000e+02;4.4944588e-02;3.1250000e+02;2.2709963e-03;3.1250000e+02;1.5723929e-02;3.1250000e+02;3.4759723e-02;3.1250000e+02;5.7990324e-02;3.1250000e+02;8.5741162e-02;3.1250000e+02;1.1528271e-01;3.1250000e+02;1.4789794e-01;3.1250000e+02;1.8702590e-01;3.1250000e+02;2.1964842e-01;3.1250000e+02;2.4650495e-01;3.1250000e+02;2.6417851e-01;3.1250000e+02;2.7407345e-01;3.1250000e+02;2.6802796e-01;3.1250000e+02;2.3831268e-01;3.1250000e+02;1.9399108e-01;3.1250000e+02;1.4036407e-01;3.1250000e+02;8.9374766e-02;3.1250000e+02;4.4944588e-02
3.1750000e+02;1.2771413e-04;3.1750000e+02;1.2388228e-02;3.1750000e+02;3.0650983e-02;3.1750000e+02;5.2904457e-02;3.1750000e+02;7.9919279e-02;3.1750000e+02;1.0849637e-01;3.1750000e+02;1.4227760e-01;3.1750000e+02;1.7912300e-01;3.1750000e+02;2.0801727e-01;3.1750000e+02;2.3118606e-01;3.1750000e+02;2.4928719e-01;3.1750000e+02;2.6336583e-01;3.1750000e+02;2.6266217e-01;3.1750000e+02;2.3588112e-01;3.1750000e+02;1.9208215e-01;3.1750000e+02;1.3862595e-01;3.1750000e+02;8.7346084e-02;3.1750000e+02;4.1854862e-02;3.1750000e+02;1.2771413e-04;3.1750000e+02;1.2388228e-02;3.1750000e+02;3.0650983e-02;3.1750000e+02;5.2904457e-02;3.1750000e+02;7.9919279e-02;3.1750000e+02;1.0849637e-01;3.1750000e+02;1.4227760e-01;3.1750000e+02;1.7912300e-01;3.1750000e+02;2.0801727e-01;3.1750000e+02;2.3118606e-01;3.1750000e+02;2.4928719e-01;3.1750000e+02;2.6336583e-01;3.1750000e+02;2.6266217e-01;3.1750000e+02;2.3588112e-01;3.1750000e+02;1.9208215e-01;3.1750000e+02;1.3862595e-01;3.1750000e+02;8.7346084e-02;3.1750000e+02;4.1854862e-02;3.1750000e+02;1.2771413e-04;3.1750000e+02;1.2388228e-02;3.1750000e+02;3.0650983e-02;3.1750000e+02;5.2904457e-02;3.1750000e+02;7.9919279e-02;3.1750000e+02;1.0849637e-01;3.1750000e+02;1.4227760e-01;3.1750000e+02;1.7912300e-01;3.1750000e+02;2.0801727e-01;3.1750000e+02;2.3118606e-01;3.1750000e+02;2.4928719e-01;3.1750000e+02;2.6336583e-01;3.1750000e+02;2.6266217e-01;3.1750000e+02;2.3588112e-01;3.1750000e+02;1.9208215e-01;3.1750000e+02;1.3862595e-01;3.1750000e+02;8.7346084e-02;3.1750000e+02;4.1854862e-02;3.1750000e+02;1.2771413e-04;3.1750000e+02;1.2388228e-02;3.1750000e+02;3.0650983e-02;3.1750000e+02;5.2904457e-02;3.1750000e+02;7.9919279e-02;3.1750000e+02;1.0849637e-01;3.1750000e+02;1.4227760e-01;3.1750000e+02;1.7912300e-01;3.1750000e+02;2.0801727e-01;3.1750000e+02;2.3118606e-01;3.1750000e+02;2.4928719e-01;3.1750000e+02;2.6336583e-01;3.1750000e+02;2.6266217e-01;3.1750000e+02;2.3588112e-01;3.1750000e+02;1.9208215e-01;3.1750000e+02;1.3862595e-01;3.1750000e+02;8.7346084e-02;3.1750000e+02;4.1854862e-02;3.1750000e+02;1.2771413e-04;3.1750000e+02;1.2388228e-02;3.1750000e+02;3.0650983e-02;3.1750000e+02;5.2904457e-02;3.1750000e+02;7.9919279e-02;3.1750000e+02;1.0849637e-01;3.1750000e+02;1.4227760e-01;3.1750000e+02;1.7912300e-01;3.1750000e+02;2.0801727e-01;3.1750000e+02;2.3118606e-01;3.1750000e+02;2.4928719e-01;3.1750000e+02;2.6336583e-01;3.1750000e+02;2.6266217e-01;3.1750000e+02;2.3588112e-01;3.1750000e+02;1.9208215e-01;3.1750000e+02;1.3862595e-01;3.1750000e+02;8.7346084e-02;3.1750000e+02;4.1854862e-02;3.1750000e+02;1.2771413e-04;3.1750000e+02;1.2388228e-02;3.1750000e+02;3.0650983e-02;3.1750000e+02;5.2904457e-02;3.1750000e+02;7.9919279e-02;3.1750000e+02;1.0849637e-01;3.1750000e+02;1.4227760e-01;3.1750000e+02;1.7912300e-01;3.1750000e+02;2.0801727e-01;3.1750000e+02;2.3118606e-01;3.1750000e+02;2.4928719e-01;3.1750000e+02;2.6336583e-01;3.1750000e+02;2.6266217e-01;3.1750000e+02;2.3588112e-01;3.1750000e+02;1.9208215e-01;3.1750000e+02;1.3862595e-01;3.1750000e+02;8.7346084e-02;3.1750000e+02;4.1854862e-02;3.1750000e+02;1.2771413e-04;3.1750000e+02;1.2388228e-02;3.1750000e+02;3.0650983e-02;3.1750000e+02;5.2904457e-02;3.1750000e+02;7.9919279e-02;3.1750000e+02;1.0849637e-01;3.1750000e+02;1.4227760e-01;3.1750000e+02;1.7912300e-01;3.1750000e+02;2.0801727e-01;3.1750000e+02;2.3118606e-01;3.1750000e+02;2.4928719e-01;3.1750000e+02;2.6336583e-01;3.1750000e+02;2.6266217e-01;3.1750000e+02;2.3588112e-01;3.1750000e+02;1.9208215e-01;3.1750000e+02;1.3862595e-01;3.1750000e+02;8.7346084e-02;3.1750000e+02;4.1854862e-02;3.1750000e+02;1.2771413e-04;3.1750000e+02;1.2388228e-02;3.1750000e+02;3.0650983e-02;3.1750000e+02;5.2904457e-02;3.1750000e+02;7.9919279e-02;3.1750000e+02;1.0849637e-01;3.1750000e+02;1.4227760e-01;3.1750000e+02;1.7912300e-01;3.1750000e+02;2.0801727e-01;3.1750000e+02;2.3118606e-01;3.1750000e+02;2.4928719e-01;3.1750000e+02;2.6336583e-01;3.1750000e+02;2.6266217e-01;3.1750000e+02;2.3588112e-01;3.1750000e+02;1.9208215e-01;3.1750000e+02;1.3862595e-01;3.1750000e+02;8.7346084e-02;3.1750000e+02;4.1854862e-02;3.1750000e+02;1.2771413e-04;3.1750000e+02;1.2388228e-02;3.1750000e+02;3.0650983e-02;3.1750000e+02;5.2904457e-02;3.1750000e+02;7.9919279e-02;3.1750000e+02;1.0849637e-01;3.1750000e+02;1.4227760e-01;3.1750000e+02;1.7912300e-01;3.1750000e+02;2.0801727e-01;3.1750000e+02;2.3118606e-01;3.1750000e+02;2.4928719e-01;3.1750000e+02;2.6336583e-01;3.1750000e+02;2.6266217e-01;3.1750000e+02;2.3588112e-01;3.1750000e+02;1.9208215e-01;3.1750000e+02;1.3862595e-01;3.1750000e+02;8.7346084e-02;3.1750000e+02;4.1854862e-02;3.1750000e+02;1.2771413e-04;3.1750000e+02;1.2388228e-02;3.1750000e+02;3.0650983e-02;3.1750000e+02;5.2904457e-02;3.1750000e+02;7.9919279e-02;3.1750000e+02;1.0849637e-01;3.1750000e+02;1.4227760e-01;3.1750000e+02;1.7912300e-01;3.1750000e+02;2.0801727e-01;3.1750000e+02;2.3118606e-01;3.1750000e+02;2.4928719e-01;3.1750000e+02;2.6336583e-01;3.1750000e+02;2.6266217e-01;3.1750000e+02;2.3588112e-01;3.1750000e+02;1.9208215e-01;3.1750000e+02;1.3862595e-01;3.1750000e+02;8.7346084e-02;3.1750000e+02;4.1854862e-02;3.1750000e+02;1.2771413e-04;3.1750000e+02;1.2388228e-02;3.1750000e+02;3.0650983e-02;3.1750000e+02;5.2904457e-02;3.1750000e+02;7.9919279e-02;3.1750000e+02;1.0849637e-01;3.1750000e+02;1.4227760e-01;3.1750000e+02;1.7912300e-01;3.1750000e+02;2.0801727e-01;3.1750000e+02;2.3118606e-01;3.1750000e+02;2.4928719e-01;3.1750000e+02;2.6336583e-01;3.1750000e+02;2.6266217e-01;3.1750000e+02;2.3588112e-01;3.1750000e+02;1.9208215e-01;3.1750000e+02;1.3862595e-01;3.1750000e+02;8.7346084e-02;3.1750000e+02;4.1854862e-02;3.1750000e+02;1.2771413e-04;3.1750000e+02;1.2388228e-02;3.1750000e+02;3.0650983e-02;3.1750000e+02;5.2904457e-02;3.1750000e+02;7.9919279e-02;3.1750000e+02;1.0849637e-01;3.1750000e+02;1.4227760e-01;3.1750000e+02;1.7912300e-01;3.1750000e+02;2.0801727e-01;3.1750000e+02;2.3118606e-01;3.1750000e+02;2.4928719e-01;3.1750000e+02;2.6336583e-01;3.1750000e+02;2.6266217e-01;3.1750000e+02;2.3588112e-01;3.1750000e+02;1.9208215e-01;3.1750000e+02;1.3862595e-01;3.1750000e+02;8.7346084e-02;3.1750000e+02;4.1854862e-02;3.1750000e+02;1.2771413e-04;3.1750000e+02;1.2388228e-02;3.1750000e+02;3.0650983e-02;3.1750000e+02;5.2904457e-02;3.1750000e+02;7.9919279e-02;3.1750000e+02;1.0849637e-01;3.1750000e+02;1.4227760e-01;3.1750000e+02;1.7912300e-01;3.1750000e+02;2.0801727e-01;3.1750000e+02;2.3118606e-01;3.1750000e+02;2.4928719e-01;3.1750000e+02;2.6336583e-01;3.1750000e+02;2.6266217e-01;3.1750000e+02;2.3588112e-01;3.1750000e+02;1.9208215e-01;3.1750000e+02;1.3862595e-01;3.1750000e+02;8.7346084e-02;3.1750000e+02;4.1854862e-02;3.1750000e+02;1.2771413e-04;3.1750000e+02;1.2388228e-02;3.1750000e+02;3.0650983e-02;3.1750000e+02;5.2904457e-02;3.1750000e+02;7.9919279e-02;3.1750000e+02;1.0849637e-01;3.1750000e+02;1.4227760e-01;3.1750000e+02;1.7912300e-01;3.1750000e+02;2.0801727e-01;3.1750000e+02;2.3118606e-01;3.1750000e+02;2.4928719e-01;3.1750000e+02;2.6336583e-01;3.1750000e+02;2.6266217e-01;3.1750000e+02;2.3588112e-01;3.1750000e+02;1.9208215e-01;3.1750000e+02;1.3862595e-01;3.1750000e+02;8.7346084e-02;3.1750000e+02;4.1854862e-02;3.1750000e+02;1.2771413e-04;3.1750000e+02;1.2388228e-02;3.1750000e+02;3.0650983e-02;3.1750000e+02;5.2904457e-02;3.1750000e+02;7.9919279e-02;3.1750000e+02;1.0849637e-01;3.1750000e+02;1.4227760e-01;3.1750000e+02;1.7912300e-01;3.1750000e+02;2.0801727e-01;3.1750000e+02;2.3118606e-01;3.1750000e+02;2.4928719e-01;3.1750000e+02;2.6336583e-01;3.1750000e+02;2.6266217e-01;3.1750000e+02;2.3588112e-01;3.1750000e+02;1.9208215e-01;3.1750000e+02;1.3862595e-01;3.1750000e+02;8.7346084e-02;3.1750000e+02;4.1854862e-02;3.1750000e+02;1.2771413e-04;3.1750000e+02;1.2388228e-02;3.1750000e+02;3.0650983e-02;3.1750000e+02;5.2904457e-02;3.1750000e+02;7.9919279e-02;3.1750000e+02;1.0849637e-01;3.1750000e+02;1.4227760e-01;3.1750000e+02;1.7912300e-01;3.1750000e+02;2.0801727e-01;3.1750000e+02;2.3118606e-01;3.1750000e+02;2.4928719e-01;3.1750000e+02;2.6336583e-01;3.1750000e+02;2.6266217e-01;3.1750000e+02;2.3588112e-01;3.1750000e+02;1.9208215e-01;3.1750000e+02;1.3862595e-01;3.1750000e+02;8.7346084e-02;3.1750000e+02;4.1854862e-02;3.1750000e+02;1.2771413e-04;3.1750000e+02;1.2388228e-02;3.1750000e+02;3.0650983e-02;3.1750000e+02;5.2904457e-02;3.1750000e+02;7.9919279e-02;3.1750000e+02;1.0849637e-01;3.1750000e+02;1.4227760e-01;3.1750000e+02;1.7912300e-01;3.1750000e+02;2.0801727e-01;3.1750000e+02;2.3118606e-01;3.1750000e+02;2.4928719e-01;3.1750000e+02;2.6336583e-01;3.1750000e+02;2.6266217e-01;3.1750000e+02;2.3588112e-01;3.1750000e+02;1.9208215e-01;3.1750000e+02;1.3862595e-01;3.1750000e+02;8.7346084e-02;3.1750000e+02;4.1854862e-02;3.1750000e+02;1.2771413e-04;3.1750000e+02;1.2388228e-02;3.1750000e+02;3.0650983e-02;3.1750000e+02;5.2904457e-02;3.1750000e+02;7.9919279e-02;3.1750000e+02;1.0849637e-01;3.1750000e+02;1.4227760e-01;3.1750000e+02;1.7912300e-01;3.1750000e+02;2.0801727e-01;3.1750000e+02;2.3118606e-01;3.1750000e+02;2.4928719e-01;3.1750000e+02;2.6336583e-01;3.1750000e+02;2.6266217e-01;3.1750000e+02;2.3588112e-01;3.1750000e+02;1.9208215e-01;3.1750000e+02;1.3862595e-01;3.1750000e+02;8.7346084e-02;3.1750000e+02;4.1854862e-02;3.1750000e+02;1.2771413e-04;3.1750000e+02;1.2388228e-02;3.1750000e+02;3.0650983e-02;3.1750000e+02;5.2904457e-02;3.1750000e+02;7.9919279e-02;3.1750000e+02;1.0849637e-01;3.1750000e+02;1.4227760e-01;3.1750000e+02;1.7912300e-01;3.1750000e+02;2.0801727e-01;3.1750000e+02;2.3118606e-01;3.1750000e+02;2.4928719e-01;3.1750000e+02;2.6336583e-01;3.1750000e+02;2.6266217e-01;3.1750000e+02;2.3588112e-01;3.1750000e+02;1.9208215e-01;3.1750000e+02;1.3862595e-01;3.1750000e+02;8.7346084e-02;3.1750000e+02;4.1854862e-02;3.1750000e+02;1.2771413e-04;3.1750000e+02;1.2388228e-02;3.1750000e+02;3.0650983e-02;3.1750000e+02;5.2904457e-02;3.1750000e+02;7.9919279e-02;3.1750000e+02;1.0849637e-01;3.1750000e+02;1.4227760e-01;3.1750000e+02;1.7912300e-01;3.1750000e+02;2.0801727e-01;3.1750000e+02;2.3118606e-01;3.1750000e+02;2.4928719e-01;3.1750000e+02;2.6336583e-01;3.1750000e+02;2.6266217e-01;3.1750000e+02;2.3588112e-01;3.1750000e+02;1.9208215e-01;3.1750000e+02;1.3862595e-01;3.1750000e+02;8.7346084e-02;3.1750000e+02;4.1854862e-02;3.1750000e+02;1.2771413e-04;3.1750000e+02;1.2388228e-02;3.1750000e+02;3.0650983e-02;3.1750000e+02;5.2904457e-02;3.1750000e+02;7.9919279e-02;3.1750000e+02;1.0849637e-01;3.1750000e+02;1.4227760e-01;3.1750000e+02;1.7912300e-01;3.1750000e+02;2.0801727e-01;3.1750000e+02;2.3118606e-01;3.1750000e+02;2.4928719e-01;3.1750000e+02;2.6336583e-01;3.1750000e+02;2.6266217e-01;3.1750000e+02;2.3588112e-01;3.1750000e+02;1.9208215e-01;3.1750000e+02;1.3862595e-01;3.1750000e+02;8.7346084e-02;3.1750000e+02;4.1854862e-02;3.1750000e+02;1.2771413e-04;3.1750000e+02;1.2388228e-02;3.1750000e+02;3.0650983e-02;3.1750000e+02;5.2904457e-02;3.1750000e+02;7.9919279e-02;3.1750000e+02;1.0849637e-01;3.1750000e+02;1.4227760e-01;3.1750000e+02;1.7912300e-01;3.1750000e+02;2.0801727e-01;3.1750000e+02;2.3118606e-01;3.1750000e+02;2.4928719e-01;3.1750000e+02;2.6336583e-01;3.1750000e+02;2.6266217e-01;3.1750000e+02;2.3588112e-01;3.1750000e+02;1.9208215e-01;3.1750000e+02;1.3862595e-01;3.1750000e+02;8.7346084e-02;3.1750000e+02;4.1854862e-02;3.1750000e+02;1.2771413e-04;3.1750000e+02;1.2388228e-02;3.1750000e+02;3.0650983e-02;3.1750000e+02;5.2904457e-02;3.1750000e+02;7.9919279e-02;3.1750000e+02;1.0849637e-01;3.1750000e+02;1.4227760e-01;3.1750000e+02;1.7912300e-01;3.1750000e+02;2.0801727e-01;3.1750000e+02;2.3118606e-01;3.1750000e+02;2.4928719e-01;3.1750000e+02;2.6336583e-01;3.1750000e+02;2.6266217e-01;3.1750000e+02;2.3588112e-01;3.1750000e+02;1.9208215e-01;3.1750000e+02;1.3862595e-01;3.1750000e+02;8.7346084e-02;3.1750000e+02;4.1854862e-02;3.1750000e+02;1.2771413e-04;3.1750000e+02;1.2388228e-02;3.1750000e+02;3.0650983e-02;3.1750000e+02;5.2904457e-02;3.1750000e+02;7.9919279e-02;3.1750000e+02;1.0849637e-01;3.1750000e+02;1.4227760e-01;3.1750000e+02;1.7912300e-01;3.1750000e+02;2.0801727e-01;3.1750000e+02;2.3118606e-01;3.1750000e+02;2.4928719e-01;3.1750000e+02;2.6336583e-01;3.1750000e+02;2.6266217e-01;3.1750000e+02;2.3588112e-01;3.1750000e+02;1.9208215e-01;3.1750000e+02;1.3862595e-01;3.1750000e+02;8.7346084e-02;3.1750000e+02;4.1854862e-02;3.1750000e+02;1.2771413e-04;3.1750000e+02;1.2388228e-02;3.1750000e+02;3.0650983e-02;3.1750000e+02;5.2904457e-02;3.1750000e+02;7.9919279e-02;3.1750000e+02;1.0849637e-01;3.1750000e+02;1.4227760e-01;3.1750000e+02;1.7912300e-01;3.1750000e+02;2.0801727e-01;3.1750000e+02;2.3118606e-01;3.1750000e+02;2.4928719e-01;3.1750000e+02;2.6336583e-01;3.1750000e+02;2.6266217e-01;3.1750000e+02;2.3588112e-01;3.1750000e+02;1.9208215e-01;3.1750000e+02;1.3862595e-01;3.1750000e+02;8.7346084e-02;3.1750000e+02;4.1854862e-02;3.1750000e+02;1.2771413e-04;3.1750000e+02;1.2388228e-02;3.1750000e+02;3.0650983e-02;3.1750000e+02;5.2904457e-02;3.1750000e+02;7.9919279e-02;3.1750000e+02;1.0849637e-01;3.1750000e+02;1.4227760e-01;3.1750000e+02;1.7912300e-01;3.1750000e+02;2.0801727e-01;3.1750000e+02;2.3118606e-01;3.1750000e+02;2.4928719e-01;3.1750000e+02;2.6336583e-01;3.1750000e+02;2.6266217e-01;3.1750000e+02;2.3588112e-01;3.1750000e+02;1.9208215e-01;3.1750000e+02;1.3862595e-01;3.1750000e+02;8.7346084e-02;3.1750000e+02;4.1854862e-02;3.1750000e+02;1.2771413e-04;3.1750000e+02;1.2388228e-02;3.1750000e+02;3.0650983e-02;3.1750000e+02;5.2904457e-02;3.1750000e+02;7.9919279e-02;3.1750000e+02;1.0849637e-01;3.1750000e+02;1.4227760e-01;3.1750000e+02;1.7912300e-01;3.1750000e+02;2.0801727e-01;3.1750000e+02;2.3118606e-01;3.1750000e+02;2.4928719e-01;3.1750000e+02;2.6336583e-01;3.1750000e+02;2.6266217e-01;3.1750000e+02;2.3588112e-01;3.1750000e+02;1.9208215e-01;3.1750000e+02;1.3862595e-01;3.1750000e+02;8.7346084e-02;3.1750000e+02;4.1854862e-02;3.1750000e+02;1.2771413e-04;3.1750000e+02;1.2388228e-02;3.1750000e+02;3.0650983e-02;3.1750000e+02;5.2904457e-02;3.1750000e+02;7.9919279e-02;3.1750000e+02;1.0849637e-01;3.1750000e+02;1.4227760e-01;3.1750000e+02;1.7912300e-01;3.1750000e+02;2.0801727e-01;3.1750000e+02;2.3118606e-01;3.1750000e+02;2.4928719e-01;3.1750000e+02;2.6336583e-01;3.1750000e+02;2.6266217e-01;3.1750000e+02;2.3588112e-01;3.1750000e+02;1.9208215e-01;3.1750000e+02;1.3862595e-01;3.1750000e+02;8.7346084e-02;3.1750000e+02;4.1854862e-02;3.1750000e+02;1.2771413e-04;3.1750000e+02;1.2388228e-02;3.1750000e+02;3.0650983e-02;3.1750000e+02;5.2904457e-02;3.1750000e+02;7.9919279e-02;3.1750000e+02;1.0849637e-01;3.1750000e+02;1.4227760e-01;3.1750000e+02;1.7912300e-01;3.1750000e+02;2.0801727e-01;3.1750000e+02;2.3118606e-01;3.1750000e+02;2.4928719e-01;3.1750000e+02;2.6336583e-01;3.1750000e+02;2.6266217e-01;3.1750000e+02;2.3588112e-01;3.1750000e+02;1.9208215e-01;3.1750000e+02;1.3862595e-01;3.1750000e+02;8.7346084e-02;3.1750000e+02;4.1854862e-02;3.1750000e+02;1.2771413e-04;3.1750000e+02;1.2388228e-02;3.1750000e+02;3.0650983e-02;3.1750000e+02;5.2904457e-02;3.1750000e+02;7.9919279e-02;3.1750000e+02;1.0849637e-01;3.1750000e+02;1.4227760e-01;3.1750000e+02;1.7912300e-01;3.1750000e+02;2.0801727e-01;3.1750000e+02;2.3118606e-01;3.1750000e+02;2.4928719e-01;3.1750000e+02;2.6336583e-01;3.1750000e+02;2.6266217e-01;3.1750000e+02;2.3588112e-01;3.1750000e+02;1.9208215e-01;3.1750000e+02;1.3862595e-01;3.1750000e+02;8.7346084e-02;3.1750000e+02;4.1854862e-02;3.1750000e+02;1.2771413e-04;3.1750000e+02;1.2388228e-02;3.1750000e+02;3.0650983e-02;3.1750000e+02;5.2904457e-02;3.1750000e+02;7.9919279e-02;3.1750000e+02;1.0849637e-01;3.1750000e+02;1.4227760e-01;3.1750000e+02;1.7912300e-01;3.1750000e+02;2.0801727e-01;3.1750000e+02;2.3118606e-01;3.1750000e+02;2.4928719e-01;3.1750000e+02;2.6336583e-01;3.1750000e+02;2.6266217e-01;3.1750000e+02;2.3588112e-01;3.1750000e+02;1.9208215e-01;3.1750000e+02;1.3862595e-01;3.1750000e+02;8.7346084e-02;3.1750000e+02;4.1854862e-02;3.1750000e+02;1.2771413e-04;3.1750000e+02;1.2388228e-02;3.1750000e+02;3.0650983e-02;3.1750000e+02;5.2904457e-02;3.1750000e+02;7.9919279e-02;3.1750000e+02;1.0849637e-01;3.1750000e+02;1.4227760e-01;3.1750000e+02;1.7912300e-01;3.1750000e+02;2.0801727e-01;3.1750000e+02;2.3118606e-01;3.1750000e+02;2.4928719e-01;3.1750000e+02;2.6336583e-01;3.1750000e+02;2.6266217e-01;3.1750000e+02;2.3588112e-01;3.1750000e+02;1.9208215e-01;3.1750000e+02;1.3862595e-01;3.1750000e+02;8.7346084e-02;3.1750000e+02;4.1854862e-02;3.1750000e+02;1.2771413e-04;3.1750000e+02;1.2388228e-02;3.1750000e+02;3.0650983e-02;3.1750000e+02;5.2904457e-02;3.1750000e+02;7.9919279e-02;3.1750000e+02;1.0849637e-01;3.1750000e+02;1.4227760e-01;3.1750000e+02;1.7912300e-01;3.1750000e+02;2.0801727e-01;3.1750000e+02;2.3118606e-01;3.1750000e+02;2.4928719e-01;3.1750000e+02;2.6336583e-01;3.1750000e+02;2.6266217e-01;3.1750000e+02;2.3588112e-01;3.1750000e+02;1.9208215e-01;3.1750000e+02;1.3862595e-01;3.1750000e+02;8.7346084e-02;3.1750000e+02;4.1854862e-02;3.1750000e+02;1.2771413e-04;3.1750000e+02;1.2388228e-02;3.1750000e+02;3.0650983e-02;3.1750000e+02;5.2904457e-02;3.1750000e+02;7.9919279e-02;3.1750000e+02;1.0849637e-01;3.1750000e+02;1.4227760e-01;3.1750000e+02;1.7912300e-01;3.1750000e+02;2.0801727e-01;3.1750000e+02;2.3118606e-01;3.1750000e+02;2.4928719e-01;3.1750000e+02;2.6336583e-01;3.1750000e+02;2.6266217e-01;3.1750000e+02;2.3588112e-01;3.1750000e+02;1.9208215e-01;3.1750000e+02;1.3862595e-01;3.1750000e+02;8.7346084e-02;3.1750000e+02;4.1854862e-02;3.1750000e+02;1.2771413e-04;3.1750000e+02;1.2388228e-02;3.1750000e+02;3.0650983e-02;3.1750000e+02;5.2904457e-02;3.1750000e+02;7.9919279e-02;3.1750000e+02;1.0849637e-01;3.1750000e+02;1.4227760e-01;3.1750000e+02;1.7912300e-01;3.1750000e+02;2.0801727e-01;3.1750000e+02;2.3118606e-01;3.1750000e+02;2.4928719e-01;3.1750000e+02;2.6336583e-01;3.1750000e+02;2.6266217e-01;3.1750000e+02;2.3588112e-01;3.1750000e+02;1.9208215e-01;3.1750000e+02;1.3862595e-01;3.1750000e+02;8.7346084e-02;3.1750000e+02;4.1854862e-02;3.1750000e+02;1.2771413e-04;3.1750000e+02;1.2388228e-02;3.1750000e+02;3.0650983e-02;3.1750000e+02;5.2904457e-02;3.1750000e+02;7.9919279e-02;3.1750000e+02;1.0849637e-01;3.1750000e+02;1.4227760e-01;3.1750000e+02;1.7912300e-01;3.1750000e+02;2.0801727e-01;3.1750000e+02;2.3118606e-01;3.1750000e+02;2.4928719e-01;3.1750000e+02;2.6336583e-01;3.1750000e+02;2.6266217e-01;3.1750000e+02;2.3588112e-01;3.1750000e+02;1.9208215e-01;3.1750000e+02;1.3862595e-01;3.1750000e+02;8.7346084e-02;3.1750000e+02;4.1854862e-02;3.1750000e+02;1.2771413e-04;3.1750000e+02;1.2388228e-02;3.1750000e+02;3.0650983e-02;3.1750000e+02;5.2904457e-02;3.1750000e+02;7.9919279e-02;3.1750000e+02;1.0849637e-01;3.1750000e+02;1.4227760e-01;3.1750000e+02;1.7912300e-01;3.1750000e+02;2.0801727e-01;3.1750000e+02;2.3118606e-01;3.1750000e+02;2.4928719e-01;3.1750000e+02;2.6336583e-01;3.1750000e+02;2.6266217e-01;3.1750000e+02;2.3588112e-01;3.1750000e+02;1.9208215e-01;3.1750000e+02;1.3862595e-01;3.1750000e+02;8.7346084e-02;3.1750000e+02;4.1854862e-02;3.1750000e+02;1.2771413e-04;3.1750000e+02;1.2388228e-02;3.1750000e+02;3.0650983e-02;3.1750000e+02;5.2904457e-02;3.1750000e+02;7.9919279e-02;3.1750000e+02;1.0849637e-01;3.1750000e+02;1.4227760e-01;3.1750000e+02;1.7912300e-01;3.1750000e+02;2.0801727e-01;3.1750000e+02;2.3118606e-01;3.1750000e+02;2.4928719e-01;3.1750000e+02;2.6336583e-01;3.1750000e+02;2.6266217e-01;3.1750000e+02;2.3588112e-01;3.1750000e+02;1.9208215e-01;3.1750000e+02;1.3862595e-01;3.1750000e+02;8.7346084e-02;3.1750000e+02;4.1854862e-02;3.1750000e+02;1.2771413e-04;3.1750000e+02;1.2388228e-02;3.1750000e+02;3.0650983e-02;3.1750000e+02;5.2904457e-02;3.1750000e+02;7.9919279e-02;3.1750000e+02;1.0849637e-01;3.1750000e+02;1.4227760e-01;3.1750000e+02;1.7912300e-01;3.1750000e+02;2.0801727e-01;3.1750000e+02;2.3118606e-01;3.1750000e+02;2.4928719e-01;3.1750000e+02;2.6336583e-01;3.1750000e+02;2.6266217e-01;3.1750000e+02;2.3588112e-01;3.1750000e+02;1.9208215e-01;3.1750000e+02;1.3862595e-01;3.1750000e+02;8.7346084e-02;3.1750000e+02;4.1854862e-02;3.1750000e+02;1.2771413e-04;3.1750000e+02;1.2388228e-02;3.1750000e+02;3.0650983e-02;3.1750000e+02;5.2904457e-02;3.1750000e+02;7.9919279e-02;3.1750000e+02;1.0849637e-01;3.1750000e+02;1.4227760e-01;3.1750000e+02;1.7912300e-01;3.1750000e+02;2.0801727e-01;3.1750000e+02;2.3118606e-01;3.1750000e+02;2.4928719e-01;3.1750000e+02;2.6336583e-01;3.1750000e+02;2.6266217e-01;3.1750000e+02;2.3588112e-01;3.1750000e+02;1.9208215e-01;3.1750000e+02;1.3862595e-01;3.1750000e+02;8.7346084e-02;3.1750000e+02;4.1854862e-02;3.1750000e+02;1.2771413e-04;3.1750000e+02;1.2388228e-02;3.1750000e+02;3.0650983e-02;3.1750000e+02;5.2904457e-02;3.1750000e+02;7.9919279e-02;3.1750000e+02;1.0849637e-01;3.1750000e+02;1.4227760e-01;3.1750000e+02;1.7912300e-01;3.1750000e+02;2.0801727e-01;3.1750000e+02;2.3118606e-01;3.1750000e+02;2.4928719e-01;3.1750000e+02;2.6336583e-01;3.1750000e+02;2.6266217e-01;3.1750000e+02;2.3588112e-01;3.1750000e+02;1.9208215e-01;3.1750000e+02;1.3862595e-01;3.1750000e+02;8.7346084e-02;3.1750000e+02;4.1854862e-02;3.1750000e+02;1.2771413e-04;3.1750000e+02;1.2388228e-02;3.1750000e+02;3.0650983e-02;3.1750000e+02;5.2904457e-02;3.1750000e+02;7.9919279e-02;3.1750000e+02;1.0849637e-01;3.1750000e+02;1.4227760e-01;3.1750000e+02;1.7912300e-01;3.1750000e+02;2.0801727e-01;3.1750000e+02;2.3118606e-01;3.1750000e+02;2.4928719e-01;3.1750000e+02;2.6336583e-01;3.1750000e+02;2.6266217e-01;3.1750000e+02;2.3588112e-01;3.1750000e+02;1.9208215e-01;3.1750000e+02;1.3862595e-01;3.1750000e+02;8.7346084e-02;3.1750000e+02;4.1854862e-02;3.1750000e+02;1.2771413e-04;3.1750000e+02;1.2388228e-02;3.1750000e+02;3.0650983e-02;3.1750000e+02;5.2904457e-02;3.1750000e+02;7.9919279e-02;3.1750000e+02;1.0849637e-01;3.1750000e+02;1.4227760e-01;3.1750000e+02;1.7912300e-01;3.1750000e+02;2.0801727e-01;3.1750000e+02;2.3118606e-01;3.1750000e+02;2.4928719e-01;3.1750000e+02;2.6336583e-01;3.1750000e+02;2.6266217e-01;3.1750000e+02;2.3588112e-01;3.1750000e+02;1.9208215e-01;3.1750000e+02;1.3862595e-01;3.1750000e+02;8.7346084e-02;3.1750000e+02;4.1854862e-02;3.1750000e+02;1.2771413e-04;3.1750000e+02;1.2388228e-02;3.1750000e+02;3.0650983e-02;3.1750000e+02;5.2904457e-02;3.1750000e+02;7.9919279e-02;3.1750000e+02;1.0849637e-01;3.1750000e+02;1.4227760e-01;3.1750000e+02;1.7912300e-01;3.1750000e+02;2.0801727e-01;3.1750000e+02;2.3118606e-01;3.1750000e+02;2.4928719e-01;3.1750000e+02;2.6336583e-01;3.1750000e+02;2.6266217e-01;3.1750000e+02;2.3588112e-01;3.1750000e+02;1.9208215e-01;3.1750000e+02;1.3862595e-01;3.1750000e+02;8.7346084e-02;3.1750000e+02;4.1854862e-02;3.1750000e+02;1.2771413e-04;3.1750000e+02;1.2388228e-02;3.1750000e+02;3.0650983e-02;3.1750000e+02;5.2904457e-02;3.1750000e+02;7.9919279e-02;3.1750000e+02;1.0849637e-01;3.1750000e+02;1.4227760e-01;3.1750000e+02;1.7912300e-01;3.1750000e+02;2.0801727e-01;3.1750000e+02;2.3118606e-01;3.1750000e+02;2.4928719e-01;3.1750000e+02;2.6336583e-01;3.1750000e+02;2.6266217e-01;3.1750000e+02;2.3588112e-01;3.1750000e+02;1.9208215e-01;3.1750000e+02;1.3862595e-01;3.1750000e+02;8.7346084e-02;3.1750000e+02;4.1854862e-02;3.1750000e+02;1.2771413e-04;3.1750000e+02;1.2388228e-02;3.1750000e+02;3.0650983e-02;3.1750000e+02;5.2904457e-02;3.1750000e+02;7.9919279e-02;3.1750000e+02;1.0849637e-01;3.1750000e+02;1.4227760e-01;3.1750000e+02;1.7912300e-01;3.1750000e+02;2.0801727e-01;3.1750000e+02;2.3118606e-01;3.1750000e+02;2.4928719e-01;3.1750000e+02;2.6336583e-01;3.1750000e+02;2.6266217e-01;3.1750000e+02;2.3588112e-01;3.1750000e+02;1.9208215e-01;3.1750000e+02;1.3862595e-01;3.1750000e+02;8.7346084e-02;3.1750000e+02;4.1854862e-02;3.1750000e+02;1.2771413e-04;3.1750000e+02;1.2388228e-02;3.1750000e+02;3.0650983e-02;3.1750000e+02;5.2904457e-02;3.1750000e+02;7.9919279e-02;3.1750000e+02;1.0849637e-01;3.1750000e+02;1.4227760e-01;3.1750000e+02;1.7912300e-01;3.1750000e+02;2.0801727e-01;3.1750000e+02;2.3118606e-01;3.1750000e+02;2.4928719e-01;3.1750000e+02;2.6336583e-01;3.1750000e+02;2.6266217e-01;3.1750000e+02;2.3588112e-01;3.1750000e+02;1.9208215e-01;3.1750000e+02;1.3862595e-01;3.1750000e+02;8.7346084e-02;3.1750000e+02;4.1854862e-02;3.1750000e+02;1.2771413e-04;3.1750000e+02;1.2388228e-02;3.1750000e+02;3.0650983e-02;3.1750000e+02;5.2904457e-02;3.1750000e+02;7.9919279e-02;3.1750000e+02;1.0849637e-01;3.1750000e+02;1.4227760e-01;3.1750000e+02;1.7912300e-01;3.1750000e+02;2.0801727e-01;3.1750000e+02;2.3118606e-01;3.1750000e+02;2.4928719e-01;3.1750000e+02;2.6336583e-01;3.1750000e+02;2.6266217e-01;3.1750000e+02;2.3588112e-01;3.1750000e+02;1.9208215e-01;3.1750000e+02;1.3862595e-01;3.1750000e+02;8.7346084e-02;3.1750000e+02;4.1854862e-02;3.1750000e+02;1.2771413e-04;3.1750000e+02;1.2388228e-02;3.1750000e+02;3.0650983e-02;3.1750000e+02;5.2904457e-02;3.1750000e+02;7.9919279e-02;3.1750000e+02;1.0849637e-01;3.1750000e+02;1.4227760e-01;3.1750000e+02;1.7912300e-01;3.1750000e+02;2.0801727e-01;3.1750000e+02;2.3118606e-01;3.1750000e+02;2.4928719e-01;3.1750000e+02;2.6336583e-01;3.1750000e+02;2.6266217e-01;3.1750000e+02;2.3588112e-01;3.1750000e+02;1.9208215e-01;3.1750000e+02;1.3862595e-01;3.1750000e+02;8.7346084e-02;3.1750000e+02;4.1854862e-02;3.1750000e+02;1.2771413e-04;3.1750000e+02;1.2388228e-02;3.1750000e+02;3.0650983e-02;3.1750000e+02;5.2904457e-02;3.1750000e+02;7.9919279e-02;3.1750000e+02;1.0849637e-01;3.1750000e+02;1.4227760e-01;3.1750000e+02;1.7912300e-01;3.1750000e+02;2.0801727e-01;3.1750000e+02;2.3118606e-01;3.1750000e+02;2.4928719e-01;3.1750000e+02;2.6336583e-01;3.1750000e+02;2.6266217e-01;3.1750000e+02;2.3588112e-01;3.1750000e+02;1.9208215e-01;3.1750000e+02;1.3862595e-01;3.1750000e+02;8.7346084e-02;3.1750000e+02;4.1854862e-02;3.1750000e+02;1.2771413e-04;3.1750000e+02;1.2388228e-02;3.1750000e+02;3.0650983e-02;3.1750000e+02;5.2904457e-02;3.1750000e+02;7.9919279e-02;3.1750000e+02;1.0849637e-01;3.1750000e+02;1.4227760e-01;3.1750000e+02;1.7912300e-01;3.1750000e+02;2.0801727e-01;3.1750000e+02;2.3118606e-01;3.1750000e+02;2.4928719e-01;3.1750000e+02;2.6336583e-01;3.1750000e+02;2.6266217e-01;3.1750000e+02;2.3588112e-01;3.1750000e+02;1.9208215e-01;3.1750000e+02;1.3862595e-01;3.1750000e+02;8.7346084e-02;3.1750000e+02;4.1854862e-02;3.1750000e+02;1.2771413e-04;3.1750000e+02;1.2388228e-02;3.1750000e+02;3.0650983e-02;3.1750000e+02;5.2904457e-02;3.1750000e+02;7.9919279e-02;3.1750000e+02;1.0849637e-01;3.1750000e+02;1.4227760e-01;3.1750000e+02;1.7912300e-01;3.1750000e+02;2.0801727e-01;3.1750000e+02;2.3118606e-01;3.1750000e+02;2.4928719e-01;3.1750000e+02;2.6336583e-01;3.1750000e+02;2.6266217e-01;3.1750000e+02;2.3588112e-01;3.1750000e+02;1.9208215e-01;3.1750000e+02;1.3862595e-01;3.1750000e+02;8.7346084e-02;3.1750000e+02;4.1854862e-02;3.1750000e+02;1.2771413e-04;3.1750000e+02;1.2388228e-02;3.1750000e+02;3.0650983e-02;3.1750000e+02;5.2904457e-02;3.1750000e+02;7.9919279e-02;3.1750000e+02;1.0849637e-01;3.1750000e+02;1.4227760e-01;3.1750000e+02;1.7912300e-01;3.1750000e+02;2.0801727e-01;3.1750000e+02;2.3118606e-01;3.1750000e+02;2.4928719e-01;3.1750000e+02;2.6336583e-01;3.1750000e+02;2.6266217e-01;3.1750000e+02;2.3588112e-01;3.1750000e+02;1.9208215e-01;3.1750000e+02;1.3862595e-01;3.1750000e+02;8.7346084e-02;3.1750000e+02;4.1854862e-02;3.1750000e+02;1.2771413e-04;3.1750000e+02;1.2388228e-02;3.1750000e+02;3.0650983e-02;3.1750000e+02;5.2904457e-02;3.1750000e+02;7.9919279e-02;3.1750000e+02;1.0849637e-01;3.1750000e+02;1.4227760e-01;3.1750000e+02;1.7912300e-01;3.1750000e+02;2.0801727e-01;3.1750000e+02;2.3118606e-01;3.1750000e+02;2.4928719e-01;3.1750000e+02;2.6336583e-01;3.1750000e+02;2.6266217e-01;3.1750000e+02;2.3588112e-01;3.1750000e+02;1.9208215e-01;3.1750000e+02;1.3862595e-01;3.1750000e+02;8.7346084e-02;3.1750000e+02;4.1854862e-02;3.1750000e+02;1.2771413e-04;3.1750000e+02;1.2388228e-02;3.1750000e+02;3.0650983e-02;3.1750000e+02;5.2904457e-02;3.1750000e+02;7.9919279e-02;3.1750000e+02;1.0849637e-01;3.1750000e+02;1.4227760e-01;3.1750000e+02;1.7912300e-01;3.1750000e+02;2.0801727e-01;3.1750000e+02;2.3118606e-01;3.1750000e+02;2.4928719e-01;3.1750000e+02;2.6336583e-01;3.1750000e+02;2.6266217e-01;3.1750000e+02;2.3588112e-01;3.1750000e+02;1.9208215e-01;3.1750000e+02;1.3862595e-01;3.1750000e+02;8.7346084e-02;3.1750000e+02;4.1854862e-02;3.1750000e+02;1.2771413e-04;3.1750000e+02;1.2388228e-02;3.1750000e+02;3.0650983e-02;3.1750000e+02;5.2904457e-02;3.1750000e+02;7.9919279e-02;3.1750000e+02;1.0849637e-01;3.1750000e+02;1.4227760e-01;3.1750000e+02;1.7912300e-01;3.1750000e+02;2.0801727e-01;3.1750000e+02;2.3118606e-01;3.1750000e+02;2.4928719e-01;3.1750000e+02;2.6336583e-01;3.1750000e+02;2.6266217e-01;3.1750000e+02;2.3588112e-01;3.1750000e+02;1.9208215e-01;3.1750000e+02;1.3862595e-01;3.1750000e+02;8.7346084e-02;3.1750000e+02;4.1854862e-02;3.1750000e+02;1.2771413e-04;3.1750000e+02;1.2388228e-02;3.1750000e+02;3.0650983e-02;3.1750000e+02;5.2904457e-02;3.1750000e+02;7.9919279e-02;3.1750000e+02;1.0849637e-01;3.1750000e+02;1.4227760e-01;3.1750000e+02;1.7912300e-01;3.1750000e+02;2.0801727e-01;3.1750000e+02;2.3118606e-01;3.1750000e+02;2.4928719e-01;3.1750000e+02;2.6336583e-01;3.1750000e+02;2.6266217e-01;3.1750000e+02;2.3588112e-01;3.1750000e+02;1.9208215e-01;3.1750000e+02;1.3862595e-01;3.1750000e+02;8.7346084e-02;3.1750000e+02;4.1854862e-02;3.1750000e+02;1.2771413e-04;3.1750000e+02;1.2388228e-02;3.1750000e+02;3.0650983e-02;3.1750000e+02;5.2904457e-02;3.1750000e+02;7.9919279e-02;3.1750000e+02;1.0849637e-01;3.1750000e+02;1.4227760e-01;3.1750000e+02;1.7912300e-01;3.1750000e+02;2.0801727e-01;3.1750000e+02;2.3118606e-01;3.1750000e+02;2.4928719e-01;3.1750000e+02;2.6336583e-01;3.1750000e+02;2.6266217e-01;3.1750000e+02;2.3588112e-01;3.1750000e+02;1.9208215e-01;3.1750000e+02;1.3862595e-01;3.1750000e+02;8.7346084e-02;3.1750000e+02;4.1854862e-02;3.1750000e+02;1.2771413e-04;3.1750000e+02;1.2388228e-02;3.1750000e+02;3.0650983e-02;3.1750000e+02;5.2904457e-02;3.1750000e+02;7.9919279e-02;3.1750000e+02;1.0849637e-01;3.1750000e+02;1.4227760e-01;3.1750000e+02;1.7912300e-01;3.1750000e+02;2.0801727e-01;3.1750000e+02;2.3118606e-01;3.1750000e+02;2.4928719e-01;3.1750000e+02;2.6336583e-01;3.1750000e+02;2.6266217e-01;3.1750000e+02;2.3588112e-01;3.1750000e+02;1.9208215e-01;3.1750000e+02;1.3862595e-01;3.1750000e+02;8.7346084e-02;3.1750000e+02;4.1854862e-02;3.1750000e+02;1.2771413e-04;3.1750000e+02;1.2388228e-02;3.1750000e+02;3.0650983e-02;3.1750000e+02;5.2904457e-02;3.1750000e+02;7.9919279e-02;3.1750000e+02;1.0849637e-01;3.1750000e+02;1.4227760e-01;3.1750000e+02;1.7912300e-01;3.1750000e+02;2.0801727e-01;3.1750000e+02;2.3118606e-01;3.1750000e+02;2.4928719e-01;3.1750000e+02;2.6336583e-01;3.1750000e+02;2.6266217e-01;3.1750000e+02;2.3588112e-01;3.1750000e+02;1.9208215e-01;3.1750000e+02;1.3862595e-01;3.1750000e+02;8.7346084e-02;3.1750000e+02;4.1854862e-02;3.1750000e+02;1.2771413e-04;3.1750000e+02;1.2388228e-02;3.1750000e+02;3.0650983e-02;3.1750000e+02;5.2904457e-02;3.1750000e+02;7.9919279e-02;3.1750000e+02;1.0849637e-01;3.1750000e+02;1.4227760e-01;3.1750000e+02;1.7912300e-01;3.1750000e+02;2.0801727e-01;3.1750000e+02;2.3118606e-01;3.1750000e+02;2.4928719e-01;3.1750000e+02;2.6336583e-01;3.1750000e+02;2.6266217e-01;3.1750000e+02;2.3588112e-01;3.1750000e+02;1.9208215e-01;3.1750000e+02;1.3862595e-01;3.1750000e+02;8.7346084e-02;3.1750000e+02;4.1854862e-02;3.1750000e+02;1.2771413e-04;3.1750000e+02;1.2388228e-02;3.1750000e+02;3.0650983e-02;3.1750000e+02;5.2904457e-02;3.1750000e+02;7.9919279e-02;3.1750000e+02;1.0849637e-01;3.1750000e+02;1.4227760e-01;3.1750000e+02;1.7912300e-01;3.1750000e+02;2.0801727e-01;3.1750000e+02;2.3118606e-01;3.1750000e+02;2.4928719e-01;3.1750000e+02;2.6336583e-01;3.1750000e+02;2.6266217e-01;3.1750000e+02;2.3588112e-01;3.1750000e+02;1.9208215e-01;3.1750000e+02;1.3862595e-01;3.1750000e+02;8.7346084e-02;3.1750000e+02;4.1854862e-02;3.1750000e+02;1.2771413e-04;3.1750000e+02;1.2388228e-02;3.1750000e+02;3.0650983e-02;3.1750000e+02;5.2904457e-02;3.1750000e+02;7.9919279e-02;3.1750000e+02;1.0849637e-01;3.1750000e+02;1.4227760e-01;3.1750000e+02;1.7912300e-01;3.1750000e+02;2.0801727e-01;3.1750000e+02;2.3118606e-01;3.1750000e+02;2.4928719e-01;3.1750000e+02;2.6336583e-01;3.1750000e+02;2.6266217e-01;3.1750000e+02;2.3588112e-01;3.1750000e+02;1.9208215e-01;3.1750000e+02;1.3862595e-01;3.1750000e+02;8.7346084e-02;3.1750000e+02;4.1854862e-02;3.1750000e+02;1.2771413e-04;3.1750000e+02;1.2388228e-02;3.1750000e+02;3.0650983e-02;3.1750000e+02;5.2904457e-02;3.1750000e+02;7.9919279e-02;3.1750000e+02;1.0849637e-01;3.1750000e+02;1.4227760e-01;3.1750000e+02;1.7912300e-01;3.1750000e+02;2.0801727e-01;3.1750000e+02;2.3118606e-01;3.1750000e+02;2.4928719e-01;3.1750000e+02;2.6336583e-01;3.1750000e+02;2.6266217e-01;3.1750000e+02;2.3588112e-01;3.1750000e+02;1.9208215e-01;3.1750000e+02;1.3862595e-01;3.1750000e+02;8.7346084e-02;3.1750000e+02;4.1854862e-02;3.1750000e+02;1.2771413e-04;3.1750000e+02;1.2388228e-02;3.1750000e+02;3.0650983e-02;3.1750000e+02;5.2904457e-02;3.1750000e+02;7.9919279e-02;3.1750000e+02;1.0849637e-01;3.1750000e+02;1.4227760e-01;3.1750000e+02;1.7912300e-01;3.1750000e+02;2.0801727e-01;3.1750000e+02;2.3118606e-01;3.1750000e+02;2.4928719e-01;3.1750000e+02;2.6336583e-01;3.1750000e+02;2.6266217e-01;3.1750000e+02;2.3588112e-01;3.1750000e+02;1.9208215e-01;3.1750000e+02;1.3862595e-01;3.1750000e+02;8.7346084e-02;3.1750000e+02;4.1854862e-02;3.1750000e+02;1.2771413e-04;3.1750000e+02;1.2388228e-02;3.1750000e+02;3.0650983e-02;3.1750000e+02;5.2904457e-02;3.1750000e+02;7.9919279e-02;3.1750000e+02;1.0849637e-01;3.1750000e+02;1.4227760e-01;3.1750000e+02;1.7912300e-01;3.1750000e+02;2.0801727e-01;3.1750000e+02;2.3118606e-01;3.1750000e+02;2.4928719e-01;3.1750000e+02;2.6336583e-01;3.1750000e+02;2.6266217e-01;3.1750000e+02;2.3588112e-01;3.1750000e+02;1.9208215e-01;3.1750000e+02;1.3862595e-01;3.1750000e+02;8.7346084e-02;3.1750000e+02;4.1854862e-02;3.1750000e+02;1.2771413e-04;3.1750000e+02;1.2388228e-02;3.1750000e+02;3.0650983e-02;3.1750000e+02;5.2904457e-02;3.1750000e+02;7.9919279e-02;3.1750000e+02;1.0849637e-01;3.1750000e+02;1.4227760e-01;3.1750000e+02;1.7912300e-01;3.1750000e+02;2.0801727e-01;3.1750000e+02;2.3118606e-01;3.1750000e+02;2.4928719e-01;3.1750000e+02;2.6336583e-01;3.1750000e+02;2.6266217e-01;3.1750000e+02;2.3588112e-01;3.1750000e+02;1.9208215e-01;3.1750000e+02;1.3862595e-01;3.1750000e+02;8.7346084e-02;3.1750000e+02;4.1854862e-02;3.1750000e+02;1.2771413e-04;3.1750000e+02;1.2388228e-02;3.1750000e+02;3.0650983e-02;3.1750000e+02;5.2904457e-02;3.1750000e+02;7.9919279e-02;3.1750000e+02;1.0849637e-01;3.1750000e+02;1.4227760e-01;3.1750000e+02;1.7912300e-01;3.1750000e+02;2.0801727e-01;3.1750000e+02;2.3118606e-01;3.1750000e+02;2.4928719e-01;3.1750000e+02;2.6336583e-01;3.1750000e+02;2.6266217e-01;3.1750000e+02;2.3588112e-01;3.1750000e+02;1.9208215e-01;3.1750000e+02;1.3862595e-01;3.1750000e+02;8.7346084e-02;3.1750000e+02;4.1854862e-02;3.1750000e+02;1.2771413e-04;3.1750000e+02;1.2388228e-02;3.1750000e+02;3.0650983e-02;3.1750000e+02;5.2904457e-02;3.1750000e+02;7.9919279e-02;3.1750000e+02;1.0849637e-01;3.1750000e+02;1.4227760e-01;3.1750000e+02;1.7912300e-01;3.1750000e+02;2.0801727e-01;3.1750000e+02;2.3118606e-01;3.1750000e+02;2.4928719e-01;3.1750000e+02;2.6336583e-01;3.1750000e+02;2.6266217e-01;3.1750000e+02;2.3588112e-01;3.1750000e+02;1.9208215e-01;3.1750000e+02;1.3862595e-01;3.1750000e+02;8.7346084e-02;3.1750000e+02;4.1854862e-02;3.1750000e+02;1.2771413e-04;3.1750000e+02;1.2388228e-02;3.1750000e+02;3.0650983e-02;3.1750000e+02;5.2904457e-02;3.1750000e+02;7.9919279e-02;3.1750000e+02;1.0849637e-01;3.1750000e+02;1.4227760e-01;3.1750000e+02;1.7912300e-01;3.1750000e+02;2.0801727e-01;3.1750000e+02;2.3118606e-01;3.1750000e+02;2.4928719e-01;3.1750000e+02;2.6336583e-01;3.1750000e+02;2.6266217e-01;3.1750000e+02;2.3588112e-01;3.1750000e+02;1.9208215e-01;3.1750000e+02;1.3862595e-01;3.1750000e+02;8.7346084e-02;3.1750000e+02;4.1854862e-02;3.1750000e+02;1.2771413e-04;3.1750000e+02;1.2388228e-02;3.1750000e+02;3.0650983e-02;3.1750000e+02;5.2904457e-02;3.1750000e+02;7.9919279e-02;3.1750000e+02;1.0849637e-01;3.1750000e+02;1.4227760e-01;3.1750000e+02;1.7912300e-01;3.1750000e+02;2.0801727e-01;3.1750000e+02;2.3118606e-01;3.1750000e+02;2.4928719e-01;3.1750000e+02;2.6336583e-01;3.1750000e+02;2.6266217e-01;3.1750000e+02;2.3588112e-01;3.1750000e+02;1.9208215e-01;3.1750000e+02;1.3862595e-01;3.1750000e+02;8.7346084e-02;3.1750000e+02;4.1854862e-02;3.1750000e+02;1.2771413e-04;3.1750000e+02;1.2388228e-02;3.1750000e+02;3.0650983e-02;3.1750000e+02;5.2904457e-02;3.1750000e+02;7.9919279e-02;3.1750000e+02;1.0849637e-01;3.1750000e+02;1.4227760e-01;3.1750000e+02;1.7912300e-01;3.1750000e+02;2.0801727e-01;3.1750000e+02;2.3118606e-01;3.1750000e+02;2.4928719e-01;3.1750000e+02;2.6336583e-01;3.1750000e+02;2.6266217e-01;3.1750000e+02;2.3588112e-01;3.1750000e+02;1.9208215e-01;3.1750000e+02;1.3862595e-01;3.1750000e+02;8.7346084e-02;3.1750000e+02;4.1854862e-02;3.1750000e+02;1.2771413e-04;3.1750000e+02;1.2388228e-02;3.1750000e+02;3.0650983e-02;3.1750000e+02;5.2904457e-02;3.1750000e+02;7.9919279e-02;3.1750000e+02;1.0849637e-01;3.1750000e+02;1.4227760e-01;3.1750000e+02;1.7912300e-01;3.1750000e+02;2.0801727e-01;3.1750000e+02;2.3118606e-01;3.1750000e+02;2.4928719e-01;3.1750000e+02;2.6336583e-01;3.1750000e+02;2.6266217e-01;3.1750000e+02;2.3588112e-01;3.1750000e+02;1.9208215e-01;3.1750000e+02;1.3862595e-01;3.1750000e+02;8.7346084e-02;3.1750000e+02;4.1854862e-02;3.1750000e+02;1.2771413e-04;3.1750000e+02;1.2388228e-02;3.1750000e+02;3.0650983e-02;3.1750000e+02;5.2904457e-02;3.1750000e+02;7.9919279e-02;3.1750000e+02;1.0849637e-01;3.1750000e+02;1.4227760e-01;3.1750000e+02;1.7912300e-01;3.1750000e+02;2.0801727e-01;3.1750000e+02;2.3118606e-01;3.1750000e+02;2.4928719e-01;3.1750000e+02;2.6336583e-01;3.1750000e+02;2.6266217e-01;3.1750000e+02;2.3588112e-01;3.1750000e+02;1.9208215e-01;3.1750000e+02;1.3862595e-01;3.1750000e+02;8.7346084e-02;3.1750000e+02;4.1854862e-02;3.1750000e+02;1.2771413e-04;3.1750000e+02;1.2388228e-02;3.1750000e+02;3.0650983e-02;3.1750000e+02;5.2904457e-02;3.1750000e+02;7.9919279e-02;3.1750000e+02;1.0849637e-01;3.1750000e+02;1.4227760e-01;3.1750000e+02;1.7912300e-01;3.1750000e+02;2.0801727e-01;3.1750000e+02;2.3118606e-01;3.1750000e+02;2.4928719e-01;3.1750000e+02;2.6336583e-01;3.1750000e+02;2.6266217e-01;3.1750000e+02;2.3588112e-01;3.1750000e+02;1.9208215e-01;3.1750000e+02;1.3862595e-01;3.1750000e+02;8.7346084e-02;3.1750000e+02;4.1854862e-02;3.1750000e+02;1.2771413e-04;3.1750000e+02;1.2388228e-02;3.1750000e+02;3.0650983e-02;3.1750000e+02;5.2904457e-02;3.1750000e+02;7.9919279e-02;3.1750000e+02;1.0849637e-01;3.1750000e+02;1.4227760e-01;3.1750000e+02;1.7912300e-01;3.1750000e+02;2.0801727e-01;3.1750000e+02;2.3118606e-01;3.1750000e+02;2.4928719e-01;3.1750000e+02;2.6336583e-01;3.1750000e+02;2.6266217e-01;3.1750000e+02;2.3588112e-01;3.1750000e+02;1.9208215e-01;3.1750000e+02;1.3862595e-01;3.1750000e+02;8.7346084e-02;3.1750000e+02;4.1854862e-02;3.1750000e+02;1.2771413e-04;3.1750000e+02;1.2388228e-02;3.1750000e+02;3.0650983e-02;3.1750000e+02;5.2904457e-02;3.1750000e+02;7.9919279e-02;3.1750000e+02;1.0849637e-01;3.1750000e+02;1.4227760e-01;3.1750000e+02;1.7912300e-01;3.1750000e+02;2.0801727e-01;3.1750000e+02;2.3118606e-01;3.1750000e+02;2.4928719e-01;3.1750000e+02;2.6336583e-01;3.1750000e+02;2.6266217e-01;3.1750000e+02;2.3588112e-01;3.1750000e+02;1.9208215e-01;3.1750000e+02;1.3862595e-01;3.1750000e+02;8.7346084e-02;3.1750000e+02;4.1854862e-02;3.1750000e+02;1.2771413e-04;3.1750000e+02;1.2388228e-02;3.1750000e+02;3.0650983e-02;3.1750000e+02;5.2904457e-02;3.1750000e+02;7.9919279e-02;3.1750000e+02;1.0849637e-01;3.1750000e+02;1.4227760e-01;3.1750000e+02;1.7912300e-01;3.1750000e+02;2.0801727e-01;3.1750000e+02;2.3118606e-01;3.1750000e+02;2.4928719e-01;3.1750000e+02;2.6336583e-01;3.1750000e+02;2.6266217e-01;3.1750000e+02;2.3588112e-01;3.1750000e+02;1.9208215e-01;3.1750000e+02;1.3862595e-01;3.1750000e+02;8.7346084e-02;3.1750000e+02;4.1854862e-02;3.1750000e+02;1.2771413e-04;3.1750000e+02;1.2388228e-02;3.1750000e+02;3.0650983e-02;3.1750000e+02;5.2904457e-02;3.1750000e+02;7.9919279e-02;3.1750000e+02;1.0849637e-01;3.1750000e+02;1.4227760e-01;3.1750000e+02;1.7912300e-01;3.1750000e+02;2.0801727e-01;3.1750000e+02;2.3118606e-01;3.1750000e+02;2.4928719e-01;3.1750000e+02;2.6336583e-01;3.1750000e+02;2.6266217e-01;3.1750000e+02;2.3588112e-01;3.1750000e+02;1.9208215e-01;3.1750000e+02;1.3862595e-01;3.1750000e+02;8.7346084e-02;3.1750000e+02;4.1854862e-02;3.1750000e+02;1.2771413e-04;3.1750000e+02;1.2388228e-02;3.1750000e+02;3.0650983e-02;3.1750000e+02;5.2904457e-02;3.1750000e+02;7.9919279e-02;3.1750000e+02;1.0849637e-01;3.1750000e+02;1.4227760e-01;3.1750000e+02;1.7912300e-01;3.1750000e+02;2.0801727e-01;3.1750000e+02;2.3118606e-01;3.1750000e+02;2.4928719e-01;3.1750000e+02;2.6336583e-01;3.1750000e+02;2.6266217e-01;3.1750000e+02;2.3588112e-01;3.1750000e+02;1.9208215e-01;3.1750000e+02;1.3862595e-01;3.1750000e+02;8.7346084e-02;3.1750000e+02;4.1854862e-02;3.1750000e+02;1.2771413e-04;3.1750000e+02;1.2388228e-02;3.1750000e+02;3.0650983e-02;3.1750000e+02;5.2904457e-02;3.1750000e+02;7.9919279e-02;3.1750000e+02;1.0849637e-01;3.1750000e+02;1.4227760e-01;3.1750000e+02;1.7912300e-01;3.1750000e+02;2.0801727e-01;3.1750000e+02;2.3118606e-01;3.1750000e+02;2.4928719e-01;3.1750000e+02;2.6336583e-01;3.1750000e+02;2.6266217e-01;3.1750000e+02;2.3588112e-01;3.1750000e+02;1.9208215e-01;3.1750000e+02;1.3862595e-01;3.1750000e+02;8.7346084e-02;3.1750000e+02;4.1854862e-02;3.1750000e+02;1.2771413e-04;3.1750000e+02;1.2388228e-02;3.1750000e+02;3.0650983e-02;3.1750000e+02;5.2904457e-02;3.1750000e+02;7.9919279e-02;3.1750000e+02;1.0849637e-01;3.1750000e+02;1.4227760e-01;3.1750000e+02;1.7912300e-01;3.1750000e+02;2.0801727e-01;3.1750000e+02;2.3118606e-01;3.1750000e+02;2.4928719e-01;3.1750000e+02;2.6336583e-01;3.1750000e+02;2.6266217e-01;3.1750000e+02;2.3588112e-01;3.1750000e+02;1.9208215e-01;3.1750000e+02;1.3862595e-01;3.1750000e+02;8.7346084e-02;3.1750000e+02;4.1854862e-02;3.1750000e+02;1.2771413e-04;3.1750000e+02;1.2388228e-02;3.1750000e+02;3.0650983e-02;3.1750000e+02;5.2904457e-02;3.1750000e+02;7.9919279e-02;3.1750000e+02;1.0849637e-01;3.1750000e+02;1.4227760e-01;3.1750000e+02;1.7912300e-01;3.1750000e+02;2.0801727e-01;3.1750000e+02;2.3118606e-01;3.1750000e+02;2.4928719e-01;3.1750000e+02;2.6336583e-01;3.1750000e+02;2.6266217e-01;3.1750000e+02;2.3588112e-01;3.1750000e+02;1.9208215e-01;3.1750000e+02;1.3862595e-01;3.1750000e+02;8.7346084e-02;3.1750000e+02;4.1854862e-02;3.1750000e+02;1.2771413e-04;3.1750000e+02;1.2388228e-02;3.1750000e+02;3.0650983e-02;3.1750000e+02;5.2904457e-02;3.1750000e+02;7.9919279e-02;3.1750000e+02;1.0849637e-01;3.1750000e+02;1.4227760e-01;3.1750000e+02;1.7912300e-01;3.1750000e+02;2.0801727e-01;3.1750000e+02;2.3118606e-01;3.1750000e+02;2.4928719e-01;3.1750000e+02;2.6336583e-01;3.1750000e+02;2.6266217e-01;3.1750000e+02;2.3588112e-01;3.1750000e+02;1.9208215e-01;3.1750000e+02;1.3862595e-01;3.1750000e+02;8.7346084e-02;3.1750000e+02;4.1854862e-02;3.1750000e+02;1.2771413e-04;3.1750000e+02;1.2388228e-02;3.1750000e+02;3.0650983e-02;3.1750000e+02;5.2904457e-02;3.1750000e+02;7.9919279e-02;3.1750000e+02;1.0849637e-01;3.1750000e+02;1.4227760e-01;3.1750000e+02;1.7912300e-01;3.1750000e+02;2.0801727e-01;3.1750000e+02;2.3118606e-01;3.1750000e+02;2.4928719e-01;3.1750000e+02;2.6336583e-01;3.1750000e+02;2.6266217e-01;3.1750000e+02;2.3588112e-01;3.1750000e+02;1.9208215e-01;3.1750000e+02;1.3862595e-01;3.1750000e+02;8.7346084e-02;3.1750000e+02;4.1854862e-02;3.1750000e+02;1.2771413e-04;3.1750000e+02;1.2388228e-02;3.1750000e+02;3.0650983e-02;3.1750000e+02;5.2904457e-02;3.1750000e+02;7.9919279e-02;3.1750000e+02;1.0849637e-01;3.1750000e+02;1.4227760e-01;3.1750000e+02;1.7912300e-01;3.1750000e+02;2.0801727e-01;3.1750000e+02;2.3118606e-01;3.1750000e+02;2.4928719e-01;3.1750000e+02;2.6336583e-01;3.1750000e+02;2.6266217e-01;3.1750000e+02;2.3588112e-01;3.1750000e+02;1.9208215e-01;3.1750000e+02;1.3862595e-01;3.1750000e+02;8.7346084e-02;3.1750000e+02;4.1854862e-02;3.1750000e+02;1.2771413e-04;3.1750000e+02;1.2388228e-02;3.1750000e+02;3.0650983e-02;3.1750000e+02;5.2904457e-02;3.1750000e+02;7.9919279e-02;3.1750000e+02;1.0849637e-01;3.1750000e+02;1.4227760e-01;3.1750000e+02;1.7912300e-01;3.1750000e+02;2.0801727e-01;3.1750000e+02;2.3118606e-01;3.1750000e+02;2.4928719e-01;3.1750000e+02;2.6336583e-01;3.1750000e+02;2.6266217e-01;3.1750000e+02;2.3588112e-01;3.1750000e+02;1.9208215e-01;3.1750000e+02;1.3862595e-01;3.1750000e+02;8.7346084e-02;3.1750000e+02;4.1854862e-02;3.1750000e+02;1.2771413e-04;3.1750000e+02;1.2388228e-02;3.1750000e+02;3.0650983e-02;3.1750000e+02;5.2904457e-02;3.1750000e+02;7.9919279e-02;3.1750000e+02;1.0849637e-01;3.1750000e+02;1.4227760e-01;3.1750000e+02;1.7912300e-01;3.1750000e+02;2.0801727e-01;3.1750000e+02;2.3118606e-01;3.1750000e+02;2.4928719e-01;3.1750000e+02;2.6336583e-01;3.1750000e+02;2.6266217e-01;3.1750000e+02;2.3588112e-01;3.1750000e+02;1.9208215e-01;3.1750000e+02;1.3862595e-01;3.1750000e+02;8.7346084e-02;3.1750000e+02;4.1854862e-02;3.1750000e+02;1.2771413e-04;3.1750000e+02;1.2388228e-02;3.1750000e+02;3.0650983e-02;3.1750000e+02;5.2904457e-02;3.1750000e+02;7.9919279e-02;3.1750000e+02;1.0849637e-01;3.1750000e+02;1.4227760e-01;3.1750000e+02;1.7912300e-01;3.1750000e+02;2.0801727e-01;3.1750000e+02;2.3118606e-01;3.1750000e+02;2.4928719e-01;3.1750000e+02;2.6336583e-01;3.1750000e+02;2.6266217e-01;3.1750000e+02;2.3588112e-01;3.1750000e+02;1.9208215e-01;3.1750000e+02;1.3862595e-01;3.1750000e+02;8.7346084e-02;3.1750000e+02;4.1854862e-02;3.1750000e+02;1.2771413e-04;3.1750000e+02;1.2388228e-02;3.1750000e+02;3.0650983e-02;3.1750000e+02;5.2904457e-02;3.1750000e+02;7.9919279e-02;3.1750000e+02;1.0849637e-01;3.1750000e+02;1.4227760e-01;3.1750000e+02;1.7912300e-01;3.1750000e+02;2.0801727e-01;3.1750000e+02;2.3118606e-01;3.1750000e+02;2.4928719e-01;3.1750000e+02;2.6336583e-01;3.1750000e+02;2.6266217e-01;3.1750000e+02;2.3588112e-01;3.1750000e+02;1.9208215e-01;3.1750000e+02;1.3862595e-01;3.1750000e+02;8.7346084e-02;3.1750000e+02;4.1854862e-02;3.1750000e+02;1.2771413e-04;3.1750000e+02;1.2388228e-02;3.1750000e+02;3.0650983e-02;3.1750000e+02;5.2904457e-02;3.1750000e+02;7.9919279e-02;3.1750000e+02;1.0849637e-01;3.1750000e+02;1.4227760e-01;3.1750000e+02;1.7912300e-01;3.1750000e+02;2.0801727e-01;3.1750000e+02;2.3118606e-01;3.1750000e+02;2.4928719e-01;3.1750000e+02;2.6336583e-01;3.1750000e+02;2.6266217e-01;3.1750000e+02;2.3588112e-01;3.1750000e+02;1.9208215e-01;3.1750000e+02;1.3862595e-01;3.1750000e+02;8.7346084e-02;3.1750000e+02;4.1854862e-02;3.1750000e+02;1.2771413e-04;3.1750000e+02;1.2388228e-02;3.1750000e+02;3.0650983e-02;3.1750000e+02;5.2904457e-02;3.1750000e+02;7.9919279e-02;3.1750000e+02;1.0849637e-01;3.1750000e+02;1.4227760e-01;3.1750000e+02;1.7912300e-01;3.1750000e+02;2.0801727e-01;3.1750000e+02;2.3118606e-01;3.1750000e+02;2.4928719e-01;3.1750000e+02;2.6336583e-01;3.1750000e+02;2.6266217e-01;3.1750000e+02;2.3588112e-01;3.1750000e+02;1.9208215e-01;3.1750000e+02;1.3862595e-01;3.1750000e+02;8.7346084e-02;3.1750000e+02;4.1854862e-02;3.1750000e+02;1.2771413e-04;3.1750000e+02;1.2388228e-02;3.1750000e+02;3.0650983e-02;3.1750000e+02;5.2904457e-02;3.1750000e+02;7.9919279e-02;3.1750000e+02;1.0849637e-01;3.1750000e+02;1.4227760e-01;3.1750000e+02;1.7912300e-01;3.1750000e+02;2.0801727e-01;3.1750000e+02;2.3118606e-01;3.1750000e+02;2.4928719e-01;3.1750000e+02;2.6336583e-01;3.1750000e+02;2.6266217e-01;3.1750000e+02;2.3588112e-01;3.1750000e+02;1.9208215e-01;3.1750000e+02;1.3862595e-01;3.1750000e+02;8.7346084e-02;3.1750000e+02;4.1854862e-02;3.1750000e+02;1.2771413e-04;3.1750000e+02;1.2388228e-02;3.1750000e+02;3.0650983e-02;3.1750000e+02;5.2904457e-02;3.1750000e+02;7.9919279e-02;3.1750000e+02;1.0849637e-01;3.1750000e+02;1.4227760e-01;3.1750000e+02;1.7912300e-01;3.1750000e+02;2.0801727e-01;3.1750000e+02;2.3118606e-01;3.1750000e+02;2.4928719e-01;3.1750000e+02;2.6336583e-01;3.1750000e+02;2.6266217e-01;3.1750000e+02;2.3588112e-01;3.1750000e+02;1.9208215e-01;3.1750000e+02;1.3862595e-01;3.1750000e+02;8.7346084e-02;3.1750000e+02;4.1854862e-02;3.1750000e+02;1.2771413e-04;3.1750000e+02;1.2388228e-02;3.1750000e+02;3.0650983e-02;3.1750000e+02;5.2904457e-02;3.1750000e+02;7.9919279e-02;3.1750000e+02;1.0849637e-01;3.1750000e+02;1.4227760e-01;3.1750000e+02;1.7912300e-01;3.1750000e+02;2.0801727e-01;3.1750000e+02;2.3118606e-01;3.1750000e+02;2.4928719e-01;3.1750000e+02;2.6336583e-01;3.1750000e+02;2.6266217e-01;3.1750000e+02;2.3588112e-01;3.1750000e+02;1.9208215e-01;3.1750000e+02;1.3862595e-01;3.1750000e+02;8.7346084e-02;3.1750000e+02;4.1854862e-02;3.1750000e+02;1.2771413e-04;3.1750000e+02;1.2388228e-02;3.1750000e+02;3.0650983e-02;3.1750000e+02;5.2904457e-02;3.1750000e+02;7.9919279e-02;3.1750000e+02;1.0849637e-01;3.1750000e+02;1.4227760e-01;3.1750000e+02;1.7912300e-01;3.1750000e+02;2.0801727e-01;3.1750000e+02;2.3118606e-01;3.1750000e+02;2.4928719e-01;3.1750000e+02;2.6336583e-01;3.1750000e+02;2.6266217e-01;3.1750000e+02;2.3588112e-01;3.1750000e+02;1.9208215e-01;3.1750000e+02;1.3862595e-01;3.1750000e+02;8.7346084e-02;3.1750000e+02;4.1854862e-02;3.1750000e+02;1.2771413e-04;3.1750000e+02;1.2388228e-02;3.1750000e+02;3.0650983e-02;3.1750000e+02;5.2904457e-02;3.1750000e+02;7.9919279e-02;3.1750000e+02;1.0849637e-01;3.1750000e+02;1.4227760e-01;3.1750000e+02;1.7912300e-01;3.1750000e+02;2.0801727e-01;3.1750000e+02;2.3118606e-01;3.1750000e+02;2.4928719e-01;3.1750000e+02;2.6336583e-01;3.1750000e+02;2.6266217e-01;3.1750000e+02;2.3588112e-01;3.1750000e+02;1.9208215e-01;3.1750000e+02;1.3862595e-01;3.1750000e+02;8.7346084e-02;3.1750000e+02;4.1854862e-02;3.1750000e+02;1.2771413e-04;3.1750000e+02;1.2388228e-02;3.1750000e+02;3.0650983e-02;3.1750000e+02;5.2904457e-02;3.1750000e+02;7.9919279e-02;3.1750000e+02;1.0849637e-01;3.1750000e+02;1.4227760e-01;3.1750000e+02;1.7912300e-01;3.1750000e+02;2.0801727e-01;3.1750000e+02;2.3118606e-01;3.1750000e+02;2.4928719e-01;3.1750000e+02;2.6336583e-01;3.1750000e+02;2.6266217e-01;3.1750000e+02;2.3588112e-01;3.1750000e+02;1.9208215e-01;3.1750000e+02;1.3862595e-01;3.1750000e+02;8.7346084e-02;3.1750000e+02;4.1854862e-02;3.1750000e+02;1.2771413e-04;3.1750000e+02;1.2388228e-02;3.1750000e+02;3.0650983e-02;3.1750000e+02;5.2904457e-02;3.1750000e+02;7.9919279e-02;3.1750000e+02;1.0849637e-01;3.1750000e+02;1.4227760e-01;3.1750000e+02;1.7912300e-01;3.1750000e+02;2.0801727e-01;3.1750000e+02;2.3118606e-01;3.1750000e+02;2.4928719e-01;3.1750000e+02;2.6336583e-01;3.1750000e+02;2.6266217e-01;3.1750000e+02;2.3588112e-01;3.1750000e+02;1.9208215e-01;3.1750000e+02;1.3862595e-01;3.1750000e+02;8.7346084e-02;3.1750000e+02;4.1854862e-02;3.1750000e+02;1.2771413e-04;3.1750000e+02;1.2388228e-02;3.1750000e+02;3.0650983e-02;3.1750000e+02;5.2904457e-02;3.1750000e+02;7.9919279e-02;3.1750000e+02;1.0849637e-01;3.1750000e+02;1.4227760e-01;3.1750000e+02;1.7912300e-01;3.1750000e+02;2.0801727e-01;3.1750000e+02;2.3118606e-01;3.1750000e+02;2.4928719e-01;3.1750000e+02;2.6336583e-01;3.1750000e+02;2.6266217e-01;3.1750000e+02;2.3588112e-01;3.1750000e+02;1.9208215e-01;3.1750000e+02;1.3862595e-01;3.1750000e+02;8.7346084e-02;3.1750000e+02;4.1854862e-02;3.1750000e+02;1.2771413e-04;3.1750000e+02;1.2388228e-02;3.1750000e+02;3.0650983e-02;3.1750000e+02;5.2904457e-02;3.1750000e+02;7.9919279e-02;3.1750000e+02;1.0849637e-01;3.1750000e+02;1.4227760e-01;3.1750000e+02;1.7912300e-01;3.1750000e+02;2.0801727e-01;3.1750000e+02;2.3118606e-01;3.1750000e+02;2.4928719e-01;3.1750000e+02;2.6336583e-01;3.1750000e+02;2.6266217e-01;3.1750000e+02;2.3588112e-01;3.1750000e+02;1.9208215e-01;3.1750000e+02;1.3862595e-01;3.1750000e+02;8.7346084e-02;3.1750000e+02;4.1854862e-02;3.1750000e+02;1.2771413e-04;3.1750000e+02;1.2388228e-02;3.1750000e+02;3.0650983e-02;3.1750000e+02;5.2904457e-02;3.1750000e+02;7.9919279e-02;3.1750000e+02;1.0849637e-01;3.1750000e+02;1.4227760e-01;3.1750000e+02;1.7912300e-01;3.1750000e+02;2.0801727e-01;3.1750000e+02;2.3118606e-01;3.1750000e+02;2.4928719e-01;3.1750000e+02;2.6336583e-01;3.1750000e+02;2.6266217e-01;3.1750000e+02;2.3588112e-01;3.1750000e+02;1.9208215e-01;3.1750000e+02;1.3862595e-01;3.1750000e+02;8.7346084e-02;3.1750000e+02;4.1854862e-02;3.1750000e+02;1.2771413e-04;3.1750000e+02;1.2388228e-02;3.1750000e+02;3.0650983e-02;3.1750000e+02;5.2904457e-02;3.1750000e+02;7.9919279e-02;3.1750000e+02;1.0849637e-01;3.1750000e+02;1.4227760e-01;3.1750000e+02;1.7912300e-01;3.1750000e+02;2.0801727e-01;3.1750000e+02;2.3118606e-01;3.1750000e+02;2.4928719e-01;3.1750000e+02;2.6336583e-01;3.1750000e+02;2.6266217e-01;3.1750000e+02;2.3588112e-01;3.1750000e+02;1.9208215e-01;3.1750000e+02;1.3862595e-01;3.1750000e+02;8.7346084e-02;3.1750000e+02;4.1854862e-02;3.1750000e+02;1.2771413e-04;3.1750000e+02;1.2388228e-02;3.1750000e+02;3.0650983e-02;3.1750000e+02;5.2904457e-02;3.1750000e+02;7.9919279e-02;3.1750000e+02;1.0849637e-01;3.1750000e+02;1.4227760e-01;3.1750000e+02;1.7912300e-01;3.1750000e+02;2.0801727e-01;3.1750000e+02;2.3118606e-01;3.1750000e+02;2.4928719e-01;3.1750000e+02;2.6336583e-01;3.1750000e+02;2.6266217e-01;3.1750000e+02;2.3588112e-01;3.1750000e+02;1.9208215e-01;3.1750000e+02;1.3862595e-01;3.1750000e+02;8.7346084e-02;3.1750000e+02;4.1854862e-02;3.1750000e+02;1.2771413e-04;3.1750000e+02;1.2388228e-02;3.1750000e+02;3.0650983e-02;3.1750000e+02;5.2904457e-02;3.1750000e+02;7.9919279e-02;3.1750000e+02;1.0849637e-01;3.1750000e+02;1.4227760e-01;3.1750000e+02;1.7912300e-01;3.1750000e+02;2.0801727e-01;3.1750000e+02;2.3118606e-01;3.1750000e+02;2.4928719e-01;3.1750000e+02;2.6336583e-01;3.1750000e+02;2.6266217e-01;3.1750000e+02;2.3588112e-01;3.1750000e+02;1.9208215e-01;3.1750000e+02;1.3862595e-01;3.1750000e+02;8.7346084e-02;3.1750000e+02;4.1854862e-02;3.1750000e+02;1.2771413e-04;3.1750000e+02;1.2388228e-02;3.1750000e+02;3.0650983e-02;3.1750000e+02;5.2904457e-02;3.1750000e+02;7.9919279e-02;3.1750000e+02;1.0849637e-01;3.1750000e+02;1.4227760e-01;3.1750000e+02;1.7912300e-01;3.1750000e+02;2.0801727e-01;3.1750000e+02;2.3118606e-01;3.1750000e+02;2.4928719e-01;3.1750000e+02;2.6336583e-01;3.1750000e+02;2.6266217e-01;3.1750000e+02;2.3588112e-01;3.1750000e+02;1.9208215e-01;3.1750000e+02;1.3862595e-01;3.1750000e+02;8.7346084e-02;3.1750000e+02;4.1854862e-02;3.1750000e+02;1.2771413e-04;3.1750000e+02;1.2388228e-02;3.1750000e+02;3.0650983e-02;3.1750000e+02;5.2904457e-02;3.1750000e+02;7.9919279e-02;3.1750000e+02;1.0849637e-01;3.1750000e+02;1.4227760e-01;3.1750000e+02;1.7912300e-01;3.1750000e+02;2.0801727e-01;3.1750000e+02;2.3118606e-01;3.1750000e+02;2.4928719e-01;3.1750000e+02;2.6336583e-01;3.1750000e+02;2.6266217e-01;3.1750000e+02;2.3588112e-01;3.1750000e+02;1.9208215e-01;3.1750000e+02;1.3862595e-01;3.1750000e+02;8.7346084e-02;3.1750000e+02;4.1854862e-02;3.1750000e+02;1.2771413e-04;3.1750000e+02;1.2388228e-02;3.1750000e+02;3.0650983e-02;3.1750000e+02;5.2904457e-02;3.1750000e+02;7.9919279e-02;3.1750000e+02;1.0849637e-01;3.1750000e+02;1.4227760e-01;3.1750000e+02;1.7912300e-01;3.1750000e+02;2.0801727e-01;3.1750000e+02;2.3118606e-01;3.1750000e+02;2.4928719e-01;3.1750000e+02;2.6336583e-01;3.1750000e+02;2.6266217e-01;3.1750000e+02;2.3588112e-01;3.1750000e+02;1.9208215e-01;3.1750000e+02;1.3862595e-01;3.1750000e+02;8.7346084e-02;3.1750000e+02;4.1854862e-02;3.1750000e+02;1.2771413e-04;3.1750000e+02;1.2388228e-02;3.1750000e+02;3.0650983e-02;3.1750000e+02;5.2904457e-02;3.1750000e+02;7.9919279e-02;3.1750000e+02;1.0849637e-01;3.1750000e+02;1.4227760e-01;3.1750000e+02;1.7912300e-01;3.1750000e+02;2.0801727e-01;3.1750000e+02;2.3118606e-01;3.1750000e+02;2.4928719e-01;3.1750000e+02;2.6336583e-01;3.1750000e+02;2.6266217e-01;3.1750000e+02;2.3588112e-01;3.1750000e+02;1.9208215e-01;3.1750000e+02;1.3862595e-01;3.1750000e+02;8.7346084e-02;3.1750000e+02;4.1854862e-02;3.1750000e+02;1.2771413e-04;3.1750000e+02;1.2388228e-02;3.1750000e+02;3.0650983e-02;3.1750000e+02;5.2904457e-02;3.1750000e+02;7.9919279e-02;3.1750000e+02;1.0849637e-01;3.1750000e+02;1.4227760e-01;3.1750000e+02;1.7912300e-01;3.1750000e+02;2.0801727e-01;3.1750000e+02;2.3118606e-01;3.1750000e+02;2.4928719e-01;3.1750000e+02;2.6336583e-01;3.1750000e+02;2.6266217e-01;3.1750000e+02;2.3588112e-01;3.1750000e+02;1.9208215e-01;3.1750000e+02;1.3862595e-01;3.1750000e+02;8.7346084e-02;3.1750000e+02;4.1854862e-02;3.1750000e+02;1.2771413e-04;3.1750000e+02;1.2388228e-02;3.1750000e+02;3.0650983e-02;3.1750000e+02;5.2904457e-02;3.1750000e+02;7.9919279e-02;3.1750000e+02;1.0849637e-01;3.1750000e+02;1.4227760e-01;3.1750000e+02;1.7912300e-01;3.1750000e+02;2.0801727e-01;3.1750000e+02;2.3118606e-01;3.1750000e+02;2.4928719e-01;3.1750000e+02;2.6336583e-01;3.1750000e+02;2.6266217e-01;3.1750000e+02;2.3588112e-01;3.1750000e+02;1.9208215e-01;3.1750000e+02;1.3862595e-01;3.1750000e+02;8.7346084e-02;3.1750000e+02;4.1854862e-02;3.1750000e+02;1.2771413e-04;3.1750000e+02;1.2388228e-02;3.1750000e+02;3.0650983e-02;3.1750000e+02;5.2904457e-02;3.1750000e+02;7.9919279e-02;3.1750000e+02;1.0849637e-01;3.1750000e+02;1.4227760e-01;3.1750000e+02;1.7912300e-01;3.1750000e+02;2.0801727e-01;3.1750000e+02;2.3118606e-01;3.1750000e+02;2.4928719e-01;3.1750000e+02;2.6336583e-01;3.1750000e+02;2.6266217e-01;3.1750000e+02;2.3588112e-01;3.1750000e+02;1.9208215e-01;3.1750000e+02;1.3862595e-01;3.1750000e+02;8.7346084e-02;3.1750000e+02;4.1854862e-02;3.1750000e+02;1.2771413e-04;3.1750000e+02;1.2388228e-02;3.1750000e+02;3.0650983e-02;3.1750000e+02;5.2904457e-02;3.1750000e+02;7.9919279e-02;3.1750000e+02;1.0849637e-01;3.1750000e+02;1.4227760e-01;3.1750000e+02;1.7912300e-01;3.1750000e+02;2.0801727e-01;3.1750000e+02;2.3118606e-01;3.1750000e+02;2.4928719e-01;3.1750000e+02;2.6336583e-01;3.1750000e+02;2.6266217e-01;3.1750000e+02;2.3588112e-01;3.1750000e+02;1.9208215e-01;3.1750000e+02;1.3862595e-01;3.1750000e+02;8.7346084e-02;3.1750000e+02;4.1854862e-02;3.1750000e+02;1.2771413e-04;3.1750000e+02;1.2388228e-02;3.1750000e+02;3.0650983e-02;3.1750000e+02;5.2904457e-02;3.1750000e+02;7.9919279e-02;3.1750000e+02;1.0849637e-01;3.1750000e+02;1.4227760e-01;3.1750000e+02;1.7912300e-01;3.1750000e+02;2.0801727e-01;3.1750000e+02;2.3118606e-01;3.1750000e+02;2.4928719e-01;3.1750000e+02;2.6336583e-01;3.1750000e+02;2.6266217e-01;3.1750000e+02;2.3588112e-01;3.1750000e+02;1.9208215e-01;3.1750000e+02;1.3862595e-01;3.1750000e+02;8.7346084e-02;3.1750000e+02;4.1854862e-02;3.1750000e+02;1.2771413e-04;3.1750000e+02;1.2388228e-02;3.1750000e+02;3.0650983e-02;3.1750000e+02;5.2904457e-02;3.1750000e+02;7.9919279e-02;3.1750000e+02;1.0849637e-01;3.1750000e+02;1.4227760e-01;3.1750000e+02;1.7912300e-01;3.1750000e+02;2.0801727e-01;3.1750000e+02;2.3118606e-01;3.1750000e+02;2.4928719e-01;3.1750000e+02;2.6336583e-01;3.1750000e+02;2.6266217e-01;3.1750000e+02;2.3588112e-01;3.1750000e+02;1.9208215e-01;3.1750000e+02;1.3862595e-01;3.1750000e+02;8.7346084e-02;3.1750000e+02;4.1854862e-02;3.1750000e+02;1.2771413e-04;3.1750000e+02;1.2388228e-02;3.1750000e+02;3.0650983e-02;3.1750000e+02;5.2904457e-02;3.1750000e+02;7.9919279e-02;3.1750000e+02;1.0849637e-01;3.1750000e+02;1.4227760e-01;3.1750000e+02;1.7912300e-01;3.1750000e+02;2.0801727e-01;3.1750000e+02;2.3118606e-01;3.1750000e+02;2.4928719e-01;3.1750000e+02;2.6336583e-01;3.1750000e+02;2.6266217e-01;3.1750000e+02;2.3588112e-01;3.1750000e+02;1.9208215e-01;3.1750000e+02;1.3862595e-01;3.1750000e+02;8.7346084e-02;3.1750000e+02;4.1854862e-02;3.1750000e+02;1.2771413e-04;3.1750000e+02;1.2388228e-02;3.1750000e+02;3.0650983e-02;3.1750000e+02;5.2904457e-02;3.1750000e+02;7.9919279e-02;3.1750000e+02;1.0849637e-01;3.1750000e+02;1.4227760e-01;3.1750000e+02;1.7912300e-01;3.1750000e+02;2.0801727e-01;3.1750000e+02;2.3118606e-01;3.1750000e+02;2.4928719e-01;3.1750000e+02;2.6336583e-01;3.1750000e+02;2.6266217e-01;3.1750000e+02;2.3588112e-01;3.1750000e+02;1.9208215e-01;3.1750000e+02;1.3862595e-01;3.1750000e+02;8.7346084e-02;3.1750000e+02;4.1854862e-02;3.1750000e+02;1.2771413e-04;3.1750000e+02;1.2388228e-02;3.1750000e+02;3.0650983e-02;3.1750000e+02;5.2904457e-02;3.1750000e+02;7.9919279e-02;3.1750000e+02;1.0849637e-01;3.1750000e+02;1.4227760e-01;3.1750000e+02;1.7912300e-01;3.1750000e+02;2.0801727e-01;3.1750000e+02;2.3118606e-01;3.1750000e+02;2.4928719e-01;3.1750000e+02;2.6336583e-01;3.1750000e+02;2.6266217e-01;3.1750000e+02;2.3588112e-01;3.1750000e+02;1.9208215e-01;3.1750000e+02;1.3862595e-01;3.1750000e+02;8.7346084e-02;3.1750000e+02;4.1854862e-02;3.1750000e+02;1.2771413e-04;3.1750000e+02;1.2388228e-02;3.1750000e+02;3.0650983e-02;3.1750000e+02;5.2904457e-02;3.1750000e+02;7.9919279e-02;3.1750000e+02;1.0849637e-01;3.1750000e+02;1.4227760e-01;3.1750000e+02;1.7912300e-01;3.1750000e+02;2.0801727e-01;3.1750000e+02;2.3118606e-01;3.1750000e+02;2.4928719e-01;3.1750000e+02;2.6336583e-01;3.1750000e+02;2.6266217e-01;3.1750000e+02;2.3588112e-01;3.1750000e+02;1.9208215e-01;3.1750000e+02;1.3862595e-01;3.1750000e+02;8.7346084e-02;3.1750000e+02;4.1854862e-02;3.1750000e+02;1.2771413e-04;3.1750000e+02;1.2388228e-02;3.1750000e+02;3.0650983e-02;3.1750000e+02;5.2904457e-02;3.1750000e+02;7.9919279e-02;3.1750000e+02;1.0849637e-01;3.1750000e+02;1.4227760e-01;3.1750000e+02;1.7912300e-01;3.1750000e+02;2.0801727e-01;3.1750000e+02;2.3118606e-01;3.1750000e+02;2.4928719e-01;3.1750000e+02;2.6336583e-01;3.1750000e+02;2.6266217e-01;3.1750000e+02;2.3588112e-01;3.1750000e+02;1.9208215e-01;3.1750000e+02;1.3862595e-01;3.1750000e+02;8.7346084e-02;3.1750000e+02;4.1854862e-02;3.1750000e+02;1.2771413e-04;3.1750000e+02;1.2388228e-02;3.1750000e+02;3.0650983e-02;3.1750000e+02;5.2904457e-02;3.1750000e+02;7.9919279e-02;3.1750000e+02;1.0849637e-01;3.1750000e+02;1.4227760e-01;3.1750000e+02;1.7912300e-01;3.1750000e+02;2.0801727e-01;3.1750000e+02;2.3118606e-01;3.1750000e+02;2.4928719e-01;3.1750000e+02;2.6336583e-01;3.1750000e+02;2.6266217e-01;3.1750000e+02;2.3588112e-01;3.1750000e+02;1.9208215e-01;3.1750000e+02;1.3862595e-01;3.1750000e+02;8.7346084e-02;3.1750000e+02;4.1854862e-02;3.1750000e+02;1.2771413e-04;3.1750000e+02;1.2388228e-02;3.1750000e+02;3.0650983e-02;3.1750000e+02;5.2904457e-02;3.1750000e+02;7.9919279e-02;3.1750000e+02;1.0849637e-01;3.1750000e+02;1.4227760e-01;3.1750000e+02;1.7912300e-01;3.1750000e+02;2.0801727e-01;3.1750000e+02;2.3118606e-01;3.1750000e+02;2.4928719e-01;3.1750000e+02;2.6336583e-01;3.1750000e+02;2.6266217e-01;3.1750000e+02;2.3588112e-01;3.1750000e+02;1.9208215e-01;3.1750000e+02;1.3862595e-01;3.1750000e+02;8.7346084e-02;3.1750000e+02;4.1854862e-02;3.1750000e+02;1.2771413e-04;3.1750000e+02;1.2388228e-02;3.1750000e+02;3.0650983e-02;3.1750000e+02;5.2904457e-02;3.1750000e+02;7.9919279e-02;3.1750000e+02;1.0849637e-01;3.1750000e+02;1.4227760e-01;3.1750000e+02;1.7912300e-01;3.1750000e+02;2.0801727e-01;3.1750000e+02;2.3118606e-01;3.1750000e+02;2.4928719e-01;3.1750000e+02;2.6336583e-01;3.1750000e+02;2.6266217e-01;3.1750000e+02;2.3588112e-01;3.1750000e+02;1.9208215e-01;3.1750000e+02;1.3862595e-01;3.1750000e+02;8.7346084e-02;3.1750000e+02;4.1854862e-02;3.1750000e+02;1.2771413e-04;3.1750000e+02;1.2388228e-02;3.1750000e+02;3.0650983e-02;3.1750000e+02;5.2904457e-02;3.1750000e+02;7.9919279e-02;3.1750000e+02;1.0849637e-01;3.1750000e+02;1.4227760e-01;3.1750000e+02;1.7912300e-01;3.1750000e+02;2.0801727e-01;3.1750000e+02;2.3118606e-01;3.1750000e+02;2.4928719e-01;3.1750000e+02;2.6336583e-01;3.1750000e+02;2.6266217e-01;3.1750000e+02;2.3588112e-01;3.1750000e+02;1.9208215e-01;3.1750000e+02;1.3862595e-01;3.1750000e+02;8.7346084e-02;3.1750000e+02;4.1854862e-02;3.1750000e+02;1.2771413e-04;3.1750000e+02;1.2388228e-02;3.1750000e+02;3.0650983e-02;3.1750000e+02;5.2904457e-02;3.1750000e+02;7.9919279e-02;3.1750000e+02;1.0849637e-01;3.1750000e+02;1.4227760e-01;3.1750000e+02;1.7912300e-01;3.1750000e+02;2.0801727e-01;3.1750000e+02;2.3118606e-01;3.1750000e+02;2.4928719e-01;3.1750000e+02;2.6336583e-01;3.1750000e+02;2.6266217e-01;3.1750000e+02;2.3588112e-01;3.1750000e+02;1.9208215e-01;3.1750000e+02;1.3862595e-01;3.1750000e+02;8.7346084e-02;3.1750000e+02;4.1854862e-02;3.1750000e+02;1.2771413e-04;3.1750000e+02;1.2388228e-02;3.1750000e+02;3.0650983e-02;3.1750000e+02;5.2904457e-02;3.1750000e+02;7.9919279e-02;3.1750000e+02;1.0849637e-01;3.1750000e+02;1.4227760e-01;3.1750000e+02;1.7912300e-01;3.1750000e+02;2.0801727e-01;3.1750000e+02;2.3118606e-01;3.1750000e+02;2.4928719e-01;3.1750000e+02;2.6336583e-01;3.1750000e+02;2.6266217e-01;3.1750000e+02;2.3588112e-01;3.1750000e+02;1.9208215e-01;3.1750000e+02;1.3862595e-01;3.1750000e+02;8.7346084e-02;3.1750000e+02;4.1854862e-02;3.1750000e+02;1.2771413e-04;3.1750000e+02;1.2388228e-02;3.1750000e+02;3.0650983e-02;3.1750000e+02;5.2904457e-02;3.1750000e+02;7.9919279e-02;3.1750000e+02;1.0849637e-01;3.1750000e+02;1.4227760e-01;3.1750000e+02;1.7912300e-01;3.1750000e+02;2.0801727e-01;3.1750000e+02;2.3118606e-01;3.1750000e+02;2.4928719e-01;3.1750000e+02;2.6336583e-01;3.1750000e+02;2.6266217e-01;3.1750000e+02;2.3588112e-01;3.1750000e+02;1.9208215e-01;3.1750000e+02;1.3862595e-01;3.1750000e+02;8.7346084e-02;3.1750000e+02;4.1854862e-02;3.1750000e+02;1.2771413e-04;3.1750000e+02;1.2388228e-02;3.1750000e+02;3.0650983e-02;3.1750000e+02;5.2904457e-02;3.1750000e+02;7.9919279e-02;3.1750000e+02;1.0849637e-01;3.1750000e+02;1.4227760e-01;3.1750000e+02;1.7912300e-01;3.1750000e+02;2.0801727e-01;3.1750000e+02;2.3118606e-01;3.1750000e+02;2.4928719e-01;3.1750000e+02;2.6336583e-01;3.1750000e+02;2.6266217e-01;3.1750000e+02;2.3588112e-01;3.1750000e+02;1.9208215e-01;3.1750000e+02;1.3862595e-01;3.1750000e+02;8.7346084e-02;3.1750000e+02;4.1854862e-02;3.1750000e+02;1.2771413e-04;3.1750000e+02;1.2388228e-02;3.1750000e+02;3.0650983e-02;3.1750000e+02;5.2904457e-02;3.1750000e+02;7.9919279e-02;3.1750000e+02;1.0849637e-01;3.1750000e+02;1.4227760e-01;3.1750000e+02;1.7912300e-01;3.1750000e+02;2.0801727e-01;3.1750000e+02;2.3118606e-01;3.1750000e+02;2.4928719e-01;3.1750000e+02;2.6336583e-01;3.1750000e+02;2.6266217e-01;3.1750000e+02;2.3588112e-01;3.1750000e+02;1.9208215e-01;3.1750000e+02;1.3862595e-01;3.1750000e+02;8.7346084e-02;3.1750000e+02;4.1854862e-02;3.1750000e+02;1.2771413e-04;3.1750000e+02;1.2388228e-02;3.1750000e+02;3.0650983e-02;3.1750000e+02;5.2904457e-02;3.1750000e+02;7.9919279e-02;3.1750000e+02;1.0849637e-01;3.1750000e+02;1.4227760e-01;3.1750000e+02;1.7912300e-01;3.1750000e+02;2.0801727e-01;3.1750000e+02;2.3118606e-01;3.1750000e+02;2.4928719e-01;3.1750000e+02;2.6336583e-01;3.1750000e+02;2.6266217e-01;3.1750000e+02;2.3588112e-01;3.1750000e+02;1.9208215e-01;3.1750000e+02;1.3862595e-01;3.1750000e+02;8.7346084e-02;3.1750000e+02;4.1854862e-02;3.1750000e+02;1.2771413e-04;3.1750000e+02;1.2388228e-02;3.1750000e+02;3.0650983e-02;3.1750000e+02;5.2904457e-02;3.1750000e+02;7.9919279e-02;3.1750000e+02;1.0849637e-01;3.1750000e+02;1.4227760e-01;3.1750000e+02;1.7912300e-01;3.1750000e+02;2.0801727e-01;3.1750000e+02;2.3118606e-01;3.1750000e+02;2.4928719e-01;3.1750000e+02;2.6336583e-01;3.1750000e+02;2.6266217e-01;3.1750000e+02;2.3588112e-01;3.1750000e+02;1.9208215e-01;3.1750000e+02;1.3862595e-01;3.1750000e+02;8.7346084e-02;3.1750000e+02;4.1854862e-02;3.1750000e+02;1.2771413e-04;3.1750000e+02;1.2388228e-02;3.1750000e+02;3.0650983e-02;3.1750000e+02;5.2904457e-02;3.1750000e+02;7.9919279e-02;3.1750000e+02;1.0849637e-01;3.1750000e+02;1.4227760e-01;3.1750000e+02;1.7912300e-01;3.1750000e+02;2.0801727e-01;3.1750000e+02;2.3118606e-01;3.1750000e+02;2.4928719e-01;3.1750000e+02;2.6336583e-01;3.1750000e+02;2.6266217e-01;3.1750000e+02;2.3588112e-01;3.1750000e+02;1.9208215e-01;3.1750000e+02;1.3862595e-01;3.1750000e+02;8.7346084e-02;3.1750000e+02;4.1854862e-02;3.1750000e+02;1.2771413e-04;3.1750000e+02;1.2388228e-02;3.1750000e+02;3.0650983e-02;3.1750000e+02;5.2904457e-02;3.1750000e+02;7.9919279e-02;3.1750000e+02;1.0849637e-01;3.1750000e+02;1.4227760e-01;3.1750000e+02;1.7912300e-01;3.1750000e+02;2.0801727e-01;3.1750000e+02;2.3118606e-01;3.1750000e+02;2.4928719e-01;3.1750000e+02;2.6336583e-01;3.1750000e+02;2.6266217e-01;3.1750000e+02;2.3588112e-01;3.1750000e+02;1.9208215e-01;3.1750000e+02;1.3862595e-01;3.1750000e+02;8.7346084e-02;3.1750000e+02;4.1854862e-02;3.1750000e+02;1.2771413e-04;3.1750000e+02;1.2388228e-02;3.1750000e+02;3.0650983e-02;3.1750000e+02;5.2904457e-02;3.1750000e+02;7.9919279e-02;3.1750000e+02;1.0849637e-01;3.1750000e+02;1.4227760e-01;3.1750000e+02;1.7912300e-01;3.1750000e+02;2.0801727e-01;3.1750000e+02;2.3118606e-01;3.1750000e+02;2.4928719e-01;3.1750000e+02;2.6336583e-01;3.1750000e+02;2.6266217e-01;3.1750000e+02;2.3588112e-01;3.1750000e+02;1.9208215e-01;3.1750000e+02;1.3862595e-01;3.1750000e+02;8.7346084e-02;3.1750000e+02;4.1854862e-02;3.1750000e+02;1.2771413e-04;3.1750000e+02;1.2388228e-02;3.1750000e+02;3.0650983e-02;3.1750000e+02;5.2904457e-02;3.1750000e+02;7.9919279e-02;3.1750000e+02;1.0849637e-01;3.1750000e+02;1.4227760e-01;3.1750000e+02;1.7912300e-01;3.1750000e+02;2.0801727e-01;3.1750000e+02;2.3118606e-01;3.1750000e+02;2.4928719e-01;3.1750000e+02;2.6336583e-01;3.1750000e+02;2.6266217e-01;3.1750000e+02;2.3588112e-01;3.1750000e+02;1.9208215e-01;3.1750000e+02;1.3862595e-01;3.1750000e+02;8.7346084e-02;3.1750000e+02;4.1854862e-02;3.1750000e+02;1.2771413e-04;3.1750000e+02;1.2388228e-02;3.1750000e+02;3.0650983e-02;3.1750000e+02;5.2904457e-02;3.1750000e+02;7.9919279e-02;3.1750000e+02;1.0849637e-01;3.1750000e+02;1.4227760e-01;3.1750000e+02;1.7912300e-01;3.1750000e+02;2.0801727e-01;3.1750000e+02;2.3118606e-01;3.1750000e+02;2.4928719e-01;3.1750000e+02;2.6336583e-01;3.1750000e+02;2.6266217e-01;3.1750000e+02;2.3588112e-01;3.1750000e+02;1.9208215e-01;3.1750000e+02;1.3862595e-01;3.1750000e+02;8.7346084e-02;3.1750000e+02;4.1854862e-02;3.1750000e+02;1.2771413e-04;3.1750000e+02;1.2388228e-02;3.1750000e+02;3.0650983e-02;3.1750000e+02;5.2904457e-02;3.1750000e+02;7.9919279e-02;3.1750000e+02;1.0849637e-01;3.1750000e+02;1.4227760e-01;3.1750000e+02;1.7912300e-01;3.1750000e+02;2.0801727e-01;3.1750000e+02;2.3118606e-01;3.1750000e+02;2.4928719e-01;3.1750000e+02;2.6336583e-01;3.1750000e+02;2.6266217e-01;3.1750000e+02;2.3588112e-01;3.1750000e+02;1.9208215e-01;3.1750000e+02;1.3862595e-01;3.1750000e+02;8.7346084e-02;3.1750000e+02;4.1854862e-02;3.1750000e+02;1.2771413e-04;3.1750000e+02;1.2388228e-02;3.1750000e+02;3.0650983e-02;3.1750000e+02;5.2904457e-02;3.1750000e+02;7.9919279e-02;3.1750000e+02;1.0849637e-01;3.1750000e+02;1.4227760e-01;3.1750000e+02;1.7912300e-01;3.1750000e+02;2.0801727e-01;3.1750000e+02;2.3118606e-01;3.1750000e+02;2.4928719e-01;3.1750000e+02;2.6336583e-01;3.1750000e+02;2.6266217e-01;3.1750000e+02;2.3588112e-01;3.1750000e+02;1.9208215e-01;3.1750000e+02;1.3862595e-01;3.1750000e+02;8.7346084e-02;3.1750000e+02;4.1854862e-02;3.1750000e+02;1.2771413e-04;3.1750000e+02;1.2388228e-02;3.1750000e+02;3.0650983e-02;3.1750000e+02;5.2904457e-02;3.1750000e+02;7.9919279e-02;3.1750000e+02;1.0849637e-01;3.1750000e+02;1.4227760e-01;3.1750000e+02;1.7912300e-01;3.1750000e+02;2.0801727e-01;3.1750000e+02;2.3118606e-01;3.1750000e+02;2.4928719e-01;3.1750000e+02;2.6336583e-01;3.1750000e+02;2.6266217e-01;3.1750000e+02;2.3588112e-01;3.1750000e+02;1.9208215e-01;3.1750000e+02;1.3862595e-01;3.1750000e+02;8.7346084e-02;3.1750000e+02;4.1854862e-02;3.1750000e+02;1.2771413e-04;3.1750000e+02;1.2388228e-02;3.1750000e+02;3.0650983e-02;3.1750000e+02;5.2904457e-02;3.1750000e+02;7.9919279e-02;3.1750000e+02;1.0849637e-01;3.1750000e+02;1.4227760e-01;3.1750000e+02;1.7912300e-01;3.1750000e+02;2.0801727e-01;3.1750000e+02;2.3118606e-01;3.1750000e+02;2.4928719e-01;3.1750000e+02;2.6336583e-01;3.1750000e+02;2.6266217e-01;3.1750000e+02;2.3588112e-01;3.1750000e+02;1.9208215e-01;3.1750000e+02;1.3862595e-01;3.1750000e+02;8.7346084e-02;3.1750000e+02;4.1854862e-02;3.1750000e+02;1.2771413e-04;3.1750000e+02;1.2388228e-02;3.1750000e+02;3.0650983e-02;3.1750000e+02;5.2904457e-02;3.1750000e+02;7.9919279e-02;3.1750000e+02;1.0849637e-01;3.1750000e+02;1.4227760e-01;3.1750000e+02;1.7912300e-01;3.1750000e+02;2.0801727e-01;3.1750000e+02;2.3118606e-01;3.1750000e+02;2.4928719e-01;3.1750000e+02;2.6336583e-01;3.1750000e+02;2.6266217e-01;3.1750000e+02;2.3588112e-01;3.1750000e+02;1.9208215e-01;3.1750000e+02;1.3862595e-01;3.1750000e+02;8.7346084e-02;3.1750000e+02;4.1854862e-02;3.1750000e+02;1.2771413e-04;3.1750000e+02;1.2388228e-02;3.1750000e+02;3.0650983e-02;3.1750000e+02;5.2904457e-02;3.1750000e+02;7.9919279e-02;3.1750000e+02;1.0849637e-01;3.1750000e+02;1.4227760e-01;3.1750000e+02;1.7912300e-01;3.1750000e+02;2.0801727e-01;3.1750000e+02;2.3118606e-01;3.1750000e+02;2.4928719e-01;3.1750000e+02;2.6336583e-01;3.1750000e+02;2.6266217e-01;3.1750000e+02;2.3588112e-01;3.1750000e+02;1.9208215e-01;3.1750000e+02;1.3862595e-01;3.1750000e+02;8.7346084e-02;3.1750000e+02;4.1854862e-02;3.1750000e+02;1.2771413e-04;3.1750000e+02;1.2388228e-02;3.1750000e+02;3.0650983e-02;3.1750000e+02;5.2904457e-02;3.1750000e+02;7.9919279e-02;3.1750000e+02;1.0849637e-01;3.1750000e+02;1.4227760e-01;3.1750000e+02;1.7912300e-01;3.1750000e+02;2.0801727e-01;3.1750000e+02;2.3118606e-01;3.1750000e+02;2.4928719e-01;3.1750000e+02;2.6336583e-01;3.1750000e+02;2.6266217e-01;3.1750000e+02;2.3588112e-01;3.1750000e+02;1.9208215e-01;3.1750000e+02;1.3862595e-01;3.1750000e+02;8.7346084e-02;3.1750000e+02;4.1854862e-02;3.1750000e+02;1.2771413e-04;3.1750000e+02;1.2388228e-02;3.1750000e+02;3.0650983e-02;3.1750000e+02;5.2904457e-02;3.1750000e+02;7.9919279e-02;3.1750000e+02;1.0849637e-01;3.1750000e+02;1.4227760e-01;3.1750000e+02;1.7912300e-01;3.1750000e+02;2.0801727e-01;3.1750000e+02;2.3118606e-01;3.1750000e+02;2.4928719e-01;3.1750000e+02;2.6336583e-01;3.1750000e+02;2.6266217e-01;3.1750000e+02;2.3588112e-01;3.1750000e+02;1.9208215e-01;3.1750000e+02;1.3862595e-01;3.1750000e+02;8.7346084e-02;3.1750000e+02;4.1854862e-02;3.1750000e+02;1.2771413e-04;3.1750000e+02;1.2388228e-02;3.1750000e+02;3.0650983e-02;3.1750000e+02;5.2904457e-02;3.1750000e+02;7.9919279e-02;3.1750000e+02;1.0849637e-01;3.1750000e+02;1.4227760e-01;3.1750000e+02;1.7912300e-01;3.1750000e+02;2.0801727e-01;3.1750000e+02;2.3118606e-01;3.1750000e+02;2.4928719e-01;3.1750000e+02;2.6336583e-01;3.1750000e+02;2.6266217e-01;3.1750000e+02;2.3588112e-01;3.1750000e+02;1.9208215e-01;3.1750000e+02;1.3862595e-01;3.1750000e+02;8.7346084e-02;3.1750000e+02;4.1854862e-02;3.1750000e+02;1.2771413e-04;3.1750000e+02;1.2388228e-02;3.1750000e+02;3.0650983e-02;3.1750000e+02;5.2904457e-02;3.1750000e+02;7.9919279e-02;3.1750000e+02;1.0849637e-01;3.1750000e+02;1.4227760e-01;3.1750000e+02;1.7912300e-01;3.1750000e+02;2.0801727e-01;3.1750000e+02;2.3118606e-01;3.1750000e+02;2.4928719e-01;3.1750000e+02;2.6336583e-01;3.1750000e+02;2.6266217e-01;3.1750000e+02;2.3588112e-01;3.1750000e+02;1.9208215e-01;3.1750000e+02;1.3862595e-01;3.1750000e+02;8.7346084e-02;3.1750000e+02;4.1854862e-02;3.1750000e+02;1.2771413e-04;3.1750000e+02;1.2388228e-02;3.1750000e+02;3.0650983e-02;3.1750000e+02;5.2904457e-02;3.1750000e+02;7.9919279e-02;3.1750000e+02;1.0849637e-01;3.1750000e+02;1.4227760e-01;3.1750000e+02;1.7912300e-01;3.1750000e+02;2.0801727e-01;3.1750000e+02;2.3118606e-01;3.1750000e+02;2.4928719e-01;3.1750000e+02;2.6336583e-01;3.1750000e+02;2.6266217e-01;3.1750000e+02;2.3588112e-01;3.1750000e+02;1.9208215e-01;3.1750000e+02;1.3862595e-01;3.1750000e+02;8.7346084e-02;3.1750000e+02;4.1854862e-02;3.1750000e+02;1.2771413e-04;3.1750000e+02;1.2388228e-02;3.1750000e+02;3.0650983e-02;3.1750000e+02;5.2904457e-02;3.1750000e+02;7.9919279e-02;3.1750000e+02;1.0849637e-01;3.1750000e+02;1.4227760e-01;3.1750000e+02;1.7912300e-01;3.1750000e+02;2.0801727e-01;3.1750000e+02;2.3118606e-01;3.1750000e+02;2.4928719e-01;3.1750000e+02;2.6336583e-01;3.1750000e+02;2.6266217e-01;3.1750000e+02;2.3588112e-01;3.1750000e+02;1.9208215e-01;3.1750000e+02;1.3862595e-01;3.1750000e+02;8.7346084e-02;3.1750000e+02;4.1854862e-02;3.1750000e+02;1.2771413e-04;3.1750000e+02;1.2388228e-02;3.1750000e+02;3.0650983e-02;3.1750000e+02;5.2904457e-02;3.1750000e+02;7.9919279e-02;3.1750000e+02;1.0849637e-01;3.1750000e+02;1.4227760e-01;3.1750000e+02;1.7912300e-01;3.1750000e+02;2.0801727e-01;3.1750000e+02;2.3118606e-01;3.1750000e+02;2.4928719e-01;3.1750000e+02;2.6336583e-01;3.1750000e+02;2.6266217e-01;3.1750000e+02;2.3588112e-01;3.1750000e+02;1.9208215e-01;3.1750000e+02;1.3862595e-01;3.1750000e+02;8.7346084e-02;3.1750000e+02;4.1854862e-02;3.1750000e+02;1.2771413e-04;3.1750000e+02;1.2388228e-02;3.1750000e+02;3.0650983e-02;3.1750000e+02;5.2904457e-02;3.1750000e+02;7.9919279e-02;3.1750000e+02;1.0849637e-01;3.1750000e+02;1.4227760e-01;3.1750000e+02;1.7912300e-01;3.1750000e+02;2.0801727e-01;3.1750000e+02;2.3118606e-01;3.1750000e+02;2.4928719e-01;3.1750000e+02;2.6336583e-01;3.1750000e+02;2.6266217e-01;3.1750000e+02;2.3588112e-01;3.1750000e+02;1.9208215e-01;3.1750000e+02;1.3862595e-01;3.1750000e+02;8.7346084e-02;3.1750000e+02;4.1854862e-02;3.1750000e+02;1.2771413e-04;3.1750000e+02;1.2388228e-02;3.1750000e+02;3.0650983e-02;3.1750000e+02;5.2904457e-02;3.1750000e+02;7.9919279e-02;3.1750000e+02;1.0849637e-01;3.1750000e+02;1.4227760e-01;3.1750000e+02;1.7912300e-01;3.1750000e+02;2.0801727e-01;3.1750000e+02;2.3118606e-01;3.1750000e+02;2.4928719e-01;3.1750000e+02;2.6336583e-01;3.1750000e+02;2.6266217e-01;3.1750000e+02;2.3588112e-01;3.1750000e+02;1.9208215e-01;3.1750000e+02;1.3862595e-01;3.1750000e+02;8.7346084e-02;3.1750000e+02;4.1854862e-02;3.1750000e+02;1.2771413e-04;3.1750000e+02;1.2388228e-02;3.1750000e+02;3.0650983e-02;3.1750000e+02;5.2904457e-02;3.1750000e+02;7.9919279e-02;3.1750000e+02;1.0849637e-01;3.1750000e+02;1.4227760e-01;3.1750000e+02;1.7912300e-01;3.1750000e+02;2.0801727e-01;3.1750000e+02;2.3118606e-01;3.1750000e+02;2.4928719e-01;3.1750000e+02;2.6336583e-01;3.1750000e+02;2.6266217e-01;3.1750000e+02;2.3588112e-01;3.1750000e+02;1.9208215e-01;3.1750000e+02;1.3862595e-01;3.1750000e+02;8.7346084e-02;3.1750000e+02;4.1854862e-02;3.1750000e+02;1.2771413e-04;3.1750000e+02;1.2388228e-02;3.1750000e+02;3.0650983e-02;3.1750000e+02;5.2904457e-02;3.1750000e+02;7.9919279e-02;3.1750000e+02;1.0849637e-01;3.1750000e+02;1.4227760e-01;3.1750000e+02;1.7912300e-01;3.1750000e+02;2.0801727e-01;3.1750000e+02;2.3118606e-01;3.1750000e+02;2.4928719e-01;3.1750000e+02;2.6336583e-01;3.1750000e+02;2.6266217e-01;3.1750000e+02;2.3588112e-01;3.1750000e+02;1.9208215e-01;3.1750000e+02;1.3862595e-01;3.1750000e+02;8.7346084e-02;3.1750000e+02;4.1854862e-02;3.1750000e+02;1.2771413e-04;3.1750000e+02;1.2388228e-02;3.1750000e+02;3.0650983e-02;3.1750000e+02;5.2904457e-02;3.1750000e+02;7.9919279e-02;3.1750000e+02;1.0849637e-01;3.1750000e+02;1.4227760e-01;3.1750000e+02;1.7912300e-01;3.1750000e+02;2.0801727e-01;3.1750000e+02;2.3118606e-01;3.1750000e+02;2.4928719e-01;3.1750000e+02;2.6336583e-01;3.1750000e+02;2.6266217e-01;3.1750000e+02;2.3588112e-01;3.1750000e+02;1.9208215e-01;3.1750000e+02;1.3862595e-01;3.1750000e+02;8.7346084e-02;3.1750000e+02;4.1854862e-02;3.1750000e+02;1.2771413e-04;3.1750000e+02;1.2388228e-02;3.1750000e+02;3.0650983e-02;3.1750000e+02;5.2904457e-02;3.1750000e+02;7.9919279e-02;3.1750000e+02;1.0849637e-01;3.1750000e+02;1.4227760e-01;3.1750000e+02;1.7912300e-01;3.1750000e+02;2.0801727e-01;3.1750000e+02;2.3118606e-01;3.1750000e+02;2.4928719e-01;3.1750000e+02;2.6336583e-01;3.1750000e+02;2.6266217e-01;3.1750000e+02;2.3588112e-01;3.1750000e+02;1.9208215e-01;3.1750000e+02;1.3862595e-01;3.1750000e+02;8.7346084e-02;3.1750000e+02;4.1854862e-02;3.1750000e+02;1.2771413e-04;3.1750000e+02;1.2388228e-02;3.1750000e+02;3.0650983e-02;3.1750000e+02;5.2904457e-02;3.1750000e+02;7.9919279e-02;3.1750000e+02;1.0849637e-01;3.1750000e+02;1.4227760e-01;3.1750000e+02;1.7912300e-01;3.1750000e+02;2.0801727e-01;3.1750000e+02;2.3118606e-01;3.1750000e+02;2.4928719e-01;3.1750000e+02;2.6336583e-01;3.1750000e+02;2.6266217e-01;3.1750000e+02;2.3588112e-01;3.1750000e+02;1.9208215e-01;3.1750000e+02;1.3862595e-01;3.1750000e+02;8.7346084e-02;3.1750000e+02;4.1854862e-02;3.1750000e+02;1.2771413e-04;3.1750000e+02;1.2388228e-02;3.1750000e+02;3.0650983e-02;3.1750000e+02;5.2904457e-02;3.1750000e+02;7.9919279e-02;3.1750000e+02;1.0849637e-01;3.1750000e+02;1.4227760e-01;3.1750000e+02;1.7912300e-01;3.1750000e+02;2.0801727e-01;3.1750000e+02;2.3118606e-01;3.1750000e+02;2.4928719e-01;3.1750000e+02;2.6336583e-01;3.1750000e+02;2.6266217e-01;3.1750000e+02;2.3588112e-01;3.1750000e+02;1.9208215e-01;3.1750000e+02;1.3862595e-01;3.1750000e+02;8.7346084e-02;3.1750000e+02;4.1854862e-02;3.1750000e+02;1.2771413e-04;3.1750000e+02;1.2388228e-02;3.1750000e+02;3.0650983e-02;3.1750000e+02;5.2904457e-02;3.1750000e+02;7.9919279e-02;3.1750000e+02;1.0849637e-01;3.1750000e+02;1.4227760e-01;3.1750000e+02;1.7912300e-01;3.1750000e+02;2.0801727e-01;3.1750000e+02;2.3118606e-01;3.1750000e+02;2.4928719e-01;3.1750000e+02;2.6336583e-01;3.1750000e+02;2.6266217e-01;3.1750000e+02;2.3588112e-01;3.1750000e+02;1.9208215e-01;3.1750000e+02;1.3862595e-01;3.1750000e+02;8.7346084e-02;3.1750000e+02;4.1854862e-02;3.1750000e+02;1.2771413e-04;3.1750000e+02;1.2388228e-02;3.1750000e+02;3.0650983e-02;3.1750000e+02;5.2904457e-02;3.1750000e+02;7.9919279e-02;3.1750000e+02;1.0849637e-01;3.1750000e+02;1.4227760e-01;3.1750000e+02;1.7912300e-01;3.1750000e+02;2.0801727e-01;3.1750000e+02;2.3118606e-01;3.1750000e+02;2.4928719e-01;3.1750000e+02;2.6336583e-01;3.1750000e+02;2.6266217e-01;3.1750000e+02;2.3588112e-01;3.1750000e+02;1.9208215e-01;3.1750000e+02;1.3862595e-01;3.1750000e+02;8.7346084e-02;3.1750000e+02;4.1854862e-02;3.1750000e+02;1.2771413e-04;3.1750000e+02;1.2388228e-02;3.1750000e+02;3.0650983e-02;3.1750000e+02;5.2904457e-02;3.1750000e+02;7.9919279e-02;3.1750000e+02;1.0849637e-01;3.1750000e+02;1.4227760e-01;3.1750000e+02;1.7912300e-01;3.1750000e+02;2.0801727e-01;3.1750000e+02;2.3118606e-01;3.1750000e+02;2.4928719e-01;3.1750000e+02;2.6336583e-01;3.1750000e+02;2.6266217e-01;3.1750000e+02;2.3588112e-01;3.1750000e+02;1.9208215e-01;3.1750000e+02;1.3862595e-01;3.1750000e+02;8.7346084e-02;3.1750000e+02;4.1854862e-02;3.1750000e+02;1.2771413e-04;3.1750000e+02;1.2388228e-02;3.1750000e+02;3.0650983e-02;3.1750000e+02;5.2904457e-02;3.1750000e+02;7.9919279e-02;3.1750000e+02;1.0849637e-01;3.1750000e+02;1.4227760e-01;3.1750000e+02;1.7912300e-01;3.1750000e+02;2.0801727e-01;3.1750000e+02;2.3118606e-01;3.1750000e+02;2.4928719e-01;3.1750000e+02;2.6336583e-01;3.1750000e+02;2.6266217e-01;3.1750000e+02;2.3588112e-01;3.1750000e+02;1.9208215e-01;3.1750000e+02;1.3862595e-01;3.1750000e+02;8.7346084e-02;3.1750000e+02;4.1854862e-02;3.1750000e+02;1.2771413e-04;3.1750000e+02;1.2388228e-02;3.1750000e+02;3.0650983e-02;3.1750000e+02;5.2904457e-02;3.1750000e+02;7.9919279e-02;3.1750000e+02;1.0849637e-01;3.1750000e+02;1.4227760e-01;3.1750000e+02;1.7912300e-01;3.1750000e+02;2.0801727e-01;3.1750000e+02;2.3118606e-01;3.1750000e+02;2.4928719e-01;3.1750000e+02;2.6336583e-01;3.1750000e+02;2.6266217e-01;3.1750000e+02;2.3588112e-01;3.1750000e+02;1.9208215e-01;3.1750000e+02;1.3862595e-01;3.1750000e+02;8.7346084e-02;3.1750000e+02;4.1854862e-02;3.1750000e+02;1.2771413e-04;3.1750000e+02;1.2388228e-02;3.1750000e+02;3.0650983e-02;3.1750000e+02;5.2904457e-02;3.1750000e+02;7.9919279e-02;3.1750000e+02;1.0849637e-01;3.1750000e+02;1.4227760e-01;3.1750000e+02;1.7912300e-01;3.1750000e+02;2.0801727e-01;3.1750000e+02;2.3118606e-01;3.1750000e+02;2.4928719e-01;3.1750000e+02;2.6336583e-01;3.1750000e+02;2.6266217e-01;3.1750000e+02;2.3588112e-01;3.1750000e+02;1.9208215e-01;3.1750000e+02;1.3862595e-01;3.1750000e+02;8.7346084e-02;3.1750000e+02;4.1854862e-02;3.1750000e+02;1.2771413e-04;3.1750000e+02;1.2388228e-02;3.1750000e+02;3.0650983e-02;3.1750000e+02;5.2904457e-02;3.1750000e+02;7.9919279e-02;3.1750000e+02;1.0849637e-01;3.1750000e+02;1.4227760e-01;3.1750000e+02;1.7912300e-01;3.1750000e+02;2.0801727e-01;3.1750000e+02;2.3118606e-01;3.1750000e+02;2.4928719e-01;3.1750000e+02;2.6336583e-01;3.1750000e+02;2.6266217e-01;3.1750000e+02;2.3588112e-01;3.1750000e+02;1.9208215e-01;3.1750000e+02;1.3862595e-01;3.1750000e+02;8.7346084e-02;3.1750000e+02;4.1854862e-02;3.1750000e+02;1.2771413e-04;3.1750000e+02;1.2388228e-02;3.1750000e+02;3.0650983e-02;3.1750000e+02;5.2904457e-02;3.1750000e+02;7.9919279e-02;3.1750000e+02;1.0849637e-01;3.1750000e+02;1.4227760e-01;3.1750000e+02;1.7912300e-01;3.1750000e+02;2.0801727e-01;3.1750000e+02;2.3118606e-01;3.1750000e+02;2.4928719e-01;3.1750000e+02;2.6336583e-01;3.1750000e+02;2.6266217e-01;3.1750000e+02;2.3588112e-01;3.1750000e+02;1.9208215e-01;3.1750000e+02;1.3862595e-01;3.1750000e+02;8.7346084e-02;3.1750000e+02;4.1854862e-02;3.1750000e+02;1.2771413e-04;3.1750000e+02;1.2388228e-02;3.1750000e+02;3.0650983e-02;3.1750000e+02;5.2904457e-02;3.1750000e+02;7.9919279e-02;3.1750000e+02;1.0849637e-01;3.1750000e+02;1.4227760e-01;3.1750000e+02;1.7912300e-01;3.1750000e+02;2.0801727e-01;3.1750000e+02;2.3118606e-01;3.1750000e+02;2.4928719e-01;3.1750000e+02;2.6336583e-01;3.1750000e+02;2.6266217e-01;3.1750000e+02;2.3588112e-01;3.1750000e+02;1.9208215e-01;3.1750000e+02;1.3862595e-01;3.1750000e+02;8.7346084e-02;3.1750000e+02;4.1854862e-02;3.1750000e+02;1.2771413e-04;3.1750000e+02;1.2388228e-02;3.1750000e+02;3.0650983e-02;3.1750000e+02;5.2904457e-02;3.1750000e+02;7.9919279e-02;3.1750000e+02;1.0849637e-01;3.1750000e+02;1.4227760e-01;3.1750000e+02;1.7912300e-01;3.1750000e+02;2.0801727e-01;3.1750000e+02;2.3118606e-01;3.1750000e+02;2.4928719e-01;3.1750000e+02;2.6336583e-01;3.1750000e+02;2.6266217e-01;3.1750000e+02;2.3588112e-01;3.1750000e+02;1.9208215e-01;3.1750000e+02;1.3862595e-01;3.1750000e+02;8.7346084e-02;3.1750000e+02;4.1854862e-02;3.1750000e+02;1.2771413e-04;3.1750000e+02;1.2388228e-02;3.1750000e+02;3.0650983e-02;3.1750000e+02;5.2904457e-02;3.1750000e+02;7.9919279e-02;3.1750000e+02;1.0849637e-01;3.1750000e+02;1.4227760e-01;3.1750000e+02;1.7912300e-01;3.1750000e+02;2.0801727e-01;3.1750000e+02;2.3118606e-01;3.1750000e+02;2.4928719e-01;3.1750000e+02;2.6336583e-01;3.1750000e+02;2.6266217e-01;3.1750000e+02;2.3588112e-01;3.1750000e+02;1.9208215e-01;3.1750000e+02;1.3862595e-01;3.1750000e+02;8.7346084e-02;3.1750000e+02;4.1854862e-02;3.1750000e+02;1.2771413e-04;3.1750000e+02;1.2388228e-02;3.1750000e+02;3.0650983e-02;3.1750000e+02;5.2904457e-02;3.1750000e+02;7.9919279e-02;3.1750000e+02;1.0849637e-01;3.1750000e+02;1.4227760e-01;3.1750000e+02;1.7912300e-01;3.1750000e+02;2.0801727e-01;3.1750000e+02;2.3118606e-01;3.1750000e+02;2.4928719e-01;3.1750000e+02;2.6336583e-01;3.1750000e+02;2.6266217e-01;3.1750000e+02;2.3588112e-01;3.1750000e+02;1.9208215e-01;3.1750000e+02;1.3862595e-01;3.1750000e+02;8.7346084e-02;3.1750000e+02;4.1854862e-02;3.1750000e+02;1.2771413e-04;3.1750000e+02;1.2388228e-02;3.1750000e+02;3.0650983e-02;3.1750000e+02;5.2904457e-02;3.1750000e+02;7.9919279e-02;3.1750000e+02;1.0849637e-01;3.1750000e+02;1.4227760e-01;3.1750000e+02;1.7912300e-01;3.1750000e+02;2.0801727e-01;3.1750000e+02;2.3118606e-01;3.1750000e+02;2.4928719e-01;3.1750000e+02;2.6336583e-01;3.1750000e+02;2.6266217e-01;3.1750000e+02;2.3588112e-01;3.1750000e+02;1.9208215e-01;3.1750000e+02;1.3862595e-01;3.1750000e+02;8.7346084e-02;3.1750000e+02;4.1854862e-02;3.1750000e+02;1.2771413e-04;3.1750000e+02;1.2388228e-02;3.1750000e+02;3.0650983e-02;3.1750000e+02;5.2904457e-02;3.1750000e+02;7.9919279e-02;3.1750000e+02;1.0849637e-01;3.1750000e+02;1.4227760e-01;3.1750000e+02;1.7912300e-01;3.1750000e+02;2.0801727e-01;3.1750000e+02;2.3118606e-01;3.1750000e+02;2.4928719e-01;3.1750000e+02;2.6336583e-01;3.1750000e+02;2.6266217e-01;3.1750000e+02;2.3588112e-01;3.1750000e+02;1.9208215e-01;3.1750000e+02;1.3862595e-01;3.1750000e+02;8.7346084e-02;3.1750000e+02;4.1854862e-02;3.1750000e+02;1.2771413e-04;3.1750000e+02;1.2388228e-02;3.1750000e+02;3.0650983e-02;3.1750000e+02;5.2904457e-02;3.1750000e+02;7.9919279e-02;3.1750000e+02;1.0849637e-01;3.1750000e+02;1.4227760e-01;3.1750000e+02;1.7912300e-01;3.1750000e+02;2.0801727e-01;3.1750000e+02;2.3118606e-01;3.1750000e+02;2.4928719e-01;3.1750000e+02;2.6336583e-01;3.1750000e+02;2.6266217e-01;3.1750000e+02;2.3588112e-01;3.1750000e+02;1.9208215e-01;3.1750000e+02;1.3862595e-01;3.1750000e+02;8.7346084e-02;3.1750000e+02;4.1854862e-02;3.1750000e+02;1.2771413e-04;3.1750000e+02;1.2388228e-02;3.1750000e+02;3.0650983e-02;3.1750000e+02;5.2904457e-02;3.1750000e+02;7.9919279e-02;3.1750000e+02;1.0849637e-01;3.1750000e+02;1.4227760e-01;3.1750000e+02;1.7912300e-01;3.1750000e+02;2.0801727e-01;3.1750000e+02;2.3118606e-01;3.1750000e+02;2.4928719e-01;3.1750000e+02;2.6336583e-01;3.1750000e+02;2.6266217e-01;3.1750000e+02;2.3588112e-01;3.1750000e+02;1.9208215e-01;3.1750000e+02;1.3862595e-01;3.1750000e+02;8.7346084e-02;3.1750000e+02;4.1854862e-02;3.1750000e+02;1.2771413e-04;3.1750000e+02;1.2388228e-02;3.1750000e+02;3.0650983e-02;3.1750000e+02;5.2904457e-02;3.1750000e+02;7.9919279e-02;3.1750000e+02;1.0849637e-01;3.1750000e+02;1.4227760e-01;3.1750000e+02;1.7912300e-01;3.1750000e+02;2.0801727e-01;3.1750000e+02;2.3118606e-01;3.1750000e+02;2.4928719e-01;3.1750000e+02;2.6336583e-01;3.1750000e+02;2.6266217e-01;3.1750000e+02;2.3588112e-01;3.1750000e+02;1.9208215e-01;3.1750000e+02;1.3862595e-01;3.1750000e+02;8.7346084e-02;3.1750000e+02;4.1854862e-02;3.1750000e+02;1.2771413e-04;3.1750000e+02;1.2388228e-02;3.1750000e+02;3.0650983e-02;3.1750000e+02;5.2904457e-02;3.1750000e+02;7.9919279e-02;3.1750000e+02;1.0849637e-01;3.1750000e+02;1.4227760e-01;3.1750000e+02;1.7912300e-01;3.1750000e+02;2.0801727e-01;3.1750000e+02;2.3118606e-01;3.1750000e+02;2.4928719e-01;3.1750000e+02;2.6336583e-01;3.1750000e+02;2.6266217e-01;3.1750000e+02;2.3588112e-01;3.1750000e+02;1.9208215e-01;3.1750000e+02;1.3862595e-01;3.1750000e+02;8.7346084e-02;3.1750000e+02;4.1854862e-02;3.1750000e+02;1.2771413e-04;3.1750000e+02;1.2388228e-02;3.1750000e+02;3.0650983e-02;3.1750000e+02;5.2904457e-02;3.1750000e+02;7.9919279e-02;3.1750000e+02;1.0849637e-01;3.1750000e+02;1.4227760e-01;3.1750000e+02;1.7912300e-01;3.1750000e+02;2.0801727e-01;3.1750000e+02;2.3118606e-01;3.1750000e+02;2.4928719e-01;3.1750000e+02;2.6336583e-01;3.1750000e+02;2.6266217e-01;3.1750000e+02;2.3588112e-01;3.1750000e+02;1.9208215e-01;3.1750000e+02;1.3862595e-01;3.1750000e+02;8.7346084e-02;3.1750000e+02;4.1854862e-02;3.1750000e+02;1.2771413e-04;3.1750000e+02;1.2388228e-02;3.1750000e+02;3.0650983e-02;3.1750000e+02;5.2904457e-02;3.1750000e+02;7.9919279e-02;3.1750000e+02;1.0849637e-01;3.1750000e+02;1.4227760e-01;3.1750000e+02;1.7912300e-01;3.1750000e+02;2.0801727e-01;3.1750000e+02;2.3118606e-01;3.1750000e+02;2.4928719e-01;3.1750000e+02;2.6336583e-01;3.1750000e+02;2.6266217e-01;3.1750000e+02;2.3588112e-01;3.1750000e+02;1.9208215e-01;3.1750000e+02;1.3862595e-01;3.1750000e+02;8.7346084e-02;3.1750000e+02;4.1854862e-02;3.1750000e+02;1.2771413e-04;3.1750000e+02;1.2388228e-02;3.1750000e+02;3.0650983e-02;3.1750000e+02;5.2904457e-02;3.1750000e+02;7.9919279e-02;3.1750000e+02;1.0849637e-01;3.1750000e+02;1.4227760e-01;3.1750000e+02;1.7912300e-01;3.1750000e+02;2.0801727e-01;3.1750000e+02;2.3118606e-01;3.1750000e+02;2.4928719e-01;3.1750000e+02;2.6336583e-01;3.1750000e+02;2.6266217e-01;3.1750000e+02;2.3588112e-01;3.1750000e+02;1.9208215e-01;3.1750000e+02;1.3862595e-01;3.1750000e+02;8.7346084e-02;3.1750000e+02;4.1854862e-02;3.1750000e+02;1.2771413e-04;3.1750000e+02;1.2388228e-02;3.1750000e+02;3.0650983e-02;3.1750000e+02;5.2904457e-02;3.1750000e+02;7.9919279e-02;3.1750000e+02;1.0849637e-01;3.1750000e+02;1.4227760e-01;3.1750000e+02;1.7912300e-01;3.1750000e+02;2.0801727e-01;3.1750000e+02;2.3118606e-01;3.1750000e+02;2.4928719e-01;3.1750000e+02;2.6336583e-01;3.1750000e+02;2.6266217e-01;3.1750000e+02;2.3588112e-01;3.1750000e+02;1.9208215e-01;3.1750000e+02;1.3862595e-01;3.1750000e+02;8.7346084e-02;3.1750000e+02;4.1854862e-02;3.1750000e+02;1.2771413e-04;3.1750000e+02;1.2388228e-02;3.1750000e+02;3.0650983e-02;3.1750000e+02;5.2904457e-02;3.1750000e+02;7.9919279e-02;3.1750000e+02;1.0849637e-01;3.1750000e+02;1.4227760e-01;3.1750000e+02;1.7912300e-01;3.1750000e+02;2.0801727e-01;3.1750000e+02;2.3118606e-01;3.1750000e+02;2.4928719e-01;3.1750000e+02;2.6336583e-01;3.1750000e+02;2.6266217e-01;3.1750000e+02;2.3588112e-01;3.1750000e+02;1.9208215e-01;3.1750000e+02;1.3862595e-01;3.1750000e+02;8.7346084e-02;3.1750000e+02;4.1854862e-02;3.1750000e+02;1.2771413e-04;3.1750000e+02;1.2388228e-02;3.1750000e+02;3.0650983e-02;3.1750000e+02;5.2904457e-02;3.1750000e+02;7.9919279e-02;3.1750000e+02;1.0849637e-01;3.1750000e+02;1.4227760e-01;3.1750000e+02;1.7912300e-01;3.1750000e+02;2.0801727e-01;3.1750000e+02;2.3118606e-01;3.1750000e+02;2.4928719e-01;3.1750000e+02;2.6336583e-01;3.1750000e+02;2.6266217e-01;3.1750000e+02;2.3588112e-01;3.1750000e+02;1.9208215e-01;3.1750000e+02;1.3862595e-01;3.1750000e+02;8.7346084e-02;3.1750000e+02;4.1854862e-02;3.1750000e+02;1.2771413e-04;3.1750000e+02;1.2388228e-02;3.1750000e+02;3.0650983e-02;3.1750000e+02;5.2904457e-02;3.1750000e+02;7.9919279e-02;3.1750000e+02;1.0849637e-01;3.1750000e+02;1.4227760e-01;3.1750000e+02;1.7912300e-01;3.1750000e+02;2.0801727e-01;3.1750000e+02;2.3118606e-01;3.1750000e+02;2.4928719e-01;3.1750000e+02;2.6336583e-01;3.1750000e+02;2.6266217e-01;3.1750000e+02;2.3588112e-01;3.1750000e+02;1.9208215e-01;3.1750000e+02;1.3862595e-01;3.1750000e+02;8.7346084e-02;3.1750000e+02;4.1854862e-02;3.1750000e+02;1.2771413e-04;3.1750000e+02;1.2388228e-02;3.1750000e+02;3.0650983e-02;3.1750000e+02;5.2904457e-02;3.1750000e+02;7.9919279e-02;3.1750000e+02;1.0849637e-01;3.1750000e+02;1.4227760e-01;3.1750000e+02;1.7912300e-01;3.1750000e+02;2.0801727e-01;3.1750000e+02;2.3118606e-01;3.1750000e+02;2.4928719e-01;3.1750000e+02;2.6336583e-01;3.1750000e+02;2.6266217e-01;3.1750000e+02;2.3588112e-01;3.1750000e+02;1.9208215e-01;3.1750000e+02;1.3862595e-01;3.1750000e+02;8.7346084e-02;3.1750000e+02;4.1854862e-02;3.1750000e+02;1.2771413e-04;3.1750000e+02;1.2388228e-02;3.1750000e+02;3.0650983e-02;3.1750000e+02;5.2904457e-02;3.1750000e+02;7.9919279e-02;3.1750000e+02;1.0849637e-01;3.1750000e+02;1.4227760e-01;3.1750000e+02;1.7912300e-01;3.1750000e+02;2.0801727e-01;3.1750000e+02;2.3118606e-01;3.1750000e+02;2.4928719e-01;3.1750000e+02;2.6336583e-01;3.1750000e+02;2.6266217e-01;3.1750000e+02;2.3588112e-01;3.1750000e+02;1.9208215e-01;3.1750000e+02;1.3862595e-01;3.1750000e+02;8.7346084e-02;3.1750000e+02;4.1854862e-02;3.1750000e+02;1.2771413e-04;3.1750000e+02;1.2388228e-02;3.1750000e+02;3.0650983e-02;3.1750000e+02;5.2904457e-02;3.1750000e+02;7.9919279e-02;3.1750000e+02;1.0849637e-01;3.1750000e+02;1.4227760e-01;3.1750000e+02;1.7912300e-01;3.1750000e+02;2.0801727e-01;3.1750000e+02;2.3118606e-01;3.1750000e+02;2.4928719e-01;3.1750000e+02;2.6336583e-01;3.1750000e+02;2.6266217e-01;3.1750000e+02;2.3588112e-01;3.1750000e+02;1.9208215e-01;3.1750000e+02;1.3862595e-01;3.1750000e+02;8.7346084e-02;3.1750000e+02;4.1854862e-02;3.1750000e+02;1.2771413e-04;3.1750000e+02;1.2388228e-02;3.1750000e+02;3.0650983e-02;3.1750000e+02;5.2904457e-02;3.1750000e+02;7.9919279e-02;3.1750000e+02;1.0849637e-01;3.1750000e+02;1.4227760e-01;3.1750000e+02;1.7912300e-01;3.1750000e+02;2.0801727e-01;3.1750000e+02;2.3118606e-01;3.1750000e+02;2.4928719e-01;3.1750000e+02;2.6336583e-01;3.1750000e+02;2.6266217e-01;3.1750000e+02;2.3588112e-01;3.1750000e+02;1.9208215e-01;3.1750000e+02;1.3862595e-01;3.1750000e+02;8.7346084e-02;3.1750000e+02;4.1854862e-02;3.1750000e+02;1.2771413e-04;3.1750000e+02;1.2388228e-02;3.1750000e+02;3.0650983e-02;3.1750000e+02;5.2904457e-02;3.1750000e+02;7.9919279e-02;3.1750000e+02;1.0849637e-01;3.1750000e+02;1.4227760e-01;3.1750000e+02;1.7912300e-01;3.1750000e+02;2.0801727e-01;3.1750000e+02;2.3118606e-01;3.1750000e+02;2.4928719e-01;3.1750000e+02;2.6336583e-01;3.1750000e+02;2.6266217e-01;3.1750000e+02;2.3588112e-01;3.1750000e+02;1.9208215e-01;3.1750000e+02;1.3862595e-01;3.1750000e+02;8.7346084e-02;3.1750000e+02;4.1854862e-02;3.1750000e+02;1.2771413e-04;3.1750000e+02;1.2388228e-02;3.1750000e+02;3.0650983e-02;3.1750000e+02;5.2904457e-02;3.1750000e+02;7.9919279e-02;3.1750000e+02;1.0849637e-01;3.1750000e+02;1.4227760e-01;3.1750000e+02;1.7912300e-01;3.1750000e+02;2.0801727e-01;3.1750000e+02;2.3118606e-01;3.1750000e+02;2.4928719e-01;3.1750000e+02;2.6336583e-01;3.1750000e+02;2.6266217e-01;3.1750000e+02;2.3588112e-01;3.1750000e+02;1.9208215e-01;3.1750000e+02;1.3862595e-01;3.1750000e+02;8.7346084e-02;3.1750000e+02;4.1854862e-02;3.1750000e+02;1.2771413e-04;3.1750000e+02;1.2388228e-02;3.1750000e+02;3.0650983e-02;3.1750000e+02;5.2904457e-02;3.1750000e+02;7.9919279e-02;3.1750000e+02;1.0849637e-01;3.1750000e+02;1.4227760e-01;3.1750000e+02;1.7912300e-01;3.1750000e+02;2.0801727e-01;3.1750000e+02;2.3118606e-01;3.1750000e+02;2.4928719e-01;3.1750000e+02;2.6336583e-01;3.1750000e+02;2.6266217e-01;3.1750000e+02;2.3588112e-01;3.1750000e+02;1.9208215e-01;3.1750000e+02;1.3862595e-01;3.1750000e+02;8.7346084e-02;3.1750000e+02;4.1854862e-02;3.1750000e+02;1.2771413e-04;3.1750000e+02;1.2388228e-02;3.1750000e+02;3.0650983e-02;3.1750000e+02;5.2904457e-02;3.1750000e+02;7.9919279e-02;3.1750000e+02;1.0849637e-01;3.1750000e+02;1.4227760e-01;3.1750000e+02;1.7912300e-01;3.1750000e+02;2.0801727e-01;3.1750000e+02;2.3118606e-01;3.1750000e+02;2.4928719e-01;3.1750000e+02;2.6336583e-01;3.1750000e+02;2.6266217e-01;3.1750000e+02;2.3588112e-01;3.1750000e+02;1.9208215e-01;3.1750000e+02;1.3862595e-01;3.1750000e+02;8.7346084e-02;3.1750000e+02;4.1854862e-02;3.1750000e+02;1.2771413e-04;3.1750000e+02;1.2388228e-02;3.1750000e+02;3.0650983e-02;3.1750000e+02;5.2904457e-02;3.1750000e+02;7.9919279e-02;3.1750000e+02;1.0849637e-01;3.1750000e+02;1.4227760e-01;3.1750000e+02;1.7912300e-01;3.1750000e+02;2.0801727e-01;3.1750000e+02;2.3118606e-01;3.1750000e+02;2.4928719e-01;3.1750000e+02;2.6336583e-01;3.1750000e+02;2.6266217e-01;3.1750000e+02;2.3588112e-01;3.1750000e+02;1.9208215e-01;3.1750000e+02;1.3862595e-01;3.1750000e+02;8.7346084e-02;3.1750000e+02;4.1854862e-02;3.1750000e+02;1.2771413e-04;3.1750000e+02;1.2388228e-02;3.1750000e+02;3.0650983e-02;3.1750000e+02;5.2904457e-02;3.1750000e+02;7.9919279e-02;3.1750000e+02;1.0849637e-01;3.1750000e+02;1.4227760e-01;3.1750000e+02;1.7912300e-01;3.1750000e+02;2.0801727e-01;3.1750000e+02;2.3118606e-01;3.1750000e+02;2.4928719e-01;3.1750000e+02;2.6336583e-01;3.1750000e+02;2.6266217e-01;3.1750000e+02;2.3588112e-01;3.1750000e+02;1.9208215e-01;3.1750000e+02;1.3862595e-01;3.1750000e+02;8.7346084e-02;3.1750000e+02;4.1854862e-02;3.1750000e+02;1.2771413e-04;3.1750000e+02;1.2388228e-02;3.1750000e+02;3.0650983e-02;3.1750000e+02;5.2904457e-02;3.1750000e+02;7.9919279e-02;3.1750000e+02;1.0849637e-01;3.1750000e+02;1.4227760e-01;3.1750000e+02;1.7912300e-01;3.1750000e+02;2.0801727e-01;3.1750000e+02;2.3118606e-01;3.1750000e+02;2.4928719e-01;3.1750000e+02;2.6336583e-01;3.1750000e+02;2.6266217e-01;3.1750000e+02;2.3588112e-01;3.1750000e+02;1.9208215e-01;3.1750000e+02;1.3862595e-01;3.1750000e+02;8.7346084e-02;3.1750000e+02;4.1854862e-02;3.1750000e+02;1.2771413e-04;3.1750000e+02;1.2388228e-02;3.1750000e+02;3.0650983e-02;3.1750000e+02;5.2904457e-02;3.1750000e+02;7.9919279e-02;3.1750000e+02;1.0849637e-01;3.1750000e+02;1.4227760e-01;3.1750000e+02;1.7912300e-01;3.1750000e+02;2.0801727e-01;3.1750000e+02;2.3118606e-01;3.1750000e+02;2.4928719e-01;3.1750000e+02;2.6336583e-01;3.1750000e+02;2.6266217e-01;3.1750000e+02;2.3588112e-01;3.1750000e+02;1.9208215e-01;3.1750000e+02;1.3862595e-01;3.1750000e+02;8.7346084e-02;3.1750000e+02;4.1854862e-02;3.1750000e+02;1.2771413e-04;3.1750000e+02;1.2388228e-02;3.1750000e+02;3.0650983e-02;3.1750000e+02;5.2904457e-02;3.1750000e+02;7.9919279e-02;3.1750000e+02;1.0849637e-01;3.1750000e+02;1.4227760e-01;3.1750000e+02;1.7912300e-01;3.1750000e+02;2.0801727e-01;3.1750000e+02;2.3118606e-01;3.1750000e+02;2.4928719e-01;3.1750000e+02;2.6336583e-01;3.1750000e+02;2.6266217e-01;3.1750000e+02;2.3588112e-01;3.1750000e+02;1.9208215e-01;3.1750000e+02;1.3862595e-01;3.1750000e+02;8.7346084e-02;3.1750000e+02;4.1854862e-02;3.1750000e+02;1.2771413e-04;3.1750000e+02;1.2388228e-02;3.1750000e+02;3.0650983e-02;3.1750000e+02;5.2904457e-02;3.1750000e+02;7.9919279e-02;3.1750000e+02;1.0849637e-01;3.1750000e+02;1.4227760e-01;3.1750000e+02;1.7912300e-01;3.1750000e+02;2.0801727e-01;3.1750000e+02;2.3118606e-01;3.1750000e+02;2.4928719e-01;3.1750000e+02;2.6336583e-01;3.1750000e+02;2.6266217e-01;3.1750000e+02;2.3588112e-01;3.1750000e+02;1.9208215e-01;3.1750000e+02;1.3862595e-01;3.1750000e+02;8.7346084e-02;3.1750000e+02;4.1854862e-02;3.1750000e+02;1.2771413e-04;3.1750000e+02;1.2388228e-02;3.1750000e+02;3.0650983e-02;3.1750000e+02;5.2904457e-02;3.1750000e+02;7.9919279e-02;3.1750000e+02;1.0849637e-01;3.1750000e+02;1.4227760e-01;3.1750000e+02;1.7912300e-01;3.1750000e+02;2.0801727e-01;3.1750000e+02;2.3118606e-01;3.1750000e+02;2.4928719e-01;3.1750000e+02;2.6336583e-01;3.1750000e+02;2.6266217e-01;3.1750000e+02;2.3588112e-01;3.1750000e+02;1.9208215e-01;3.1750000e+02;1.3862595e-01;3.1750000e+02;8.7346084e-02;3.1750000e+02;4.1854862e-02;3.1750000e+02;1.2771413e-04;3.1750000e+02;1.2388228e-02;3.1750000e+02;3.0650983e-02;3.1750000e+02;5.2904457e-02;3.1750000e+02;7.9919279e-02;3.1750000e+02;1.0849637e-01;3.1750000e+02;1.4227760e-01;3.1750000e+02;1.7912300e-01;3.1750000e+02;2.0801727e-01;3.1750000e+02;2.3118606e-01;3.1750000e+02;2.4928719e-01;3.1750000e+02;2.6336583e-01;3.1750000e+02;2.6266217e-01;3.1750000e+02;2.3588112e-01;3.1750000e+02;1.9208215e-01;3.1750000e+02;1.3862595e-01;3.1750000e+02;8.7346084e-02;3.1750000e+02;4.1854862e-02;3.1750000e+02;1.2771413e-04;3.1750000e+02;1.2388228e-02;3.1750000e+02;3.0650983e-02;3.1750000e+02;5.2904457e-02;3.1750000e+02;7.9919279e-02;3.1750000e+02;1.0849637e-01;3.1750000e+02;1.4227760e-01;3.1750000e+02;1.7912300e-01;3.1750000e+02;2.0801727e-01;3.1750000e+02;2.3118606e-01;3.1750000e+02;2.4928719e-01;3.1750000e+02;2.6336583e-01;3.1750000e+02;2.6266217e-01;3.1750000e+02;2.3588112e-01;3.1750000e+02;1.9208215e-01;3.1750000e+02;1.3862595e-01;3.1750000e+02;8.7346084e-02;3.1750000e+02;4.1854862e-02;3.1750000e+02;1.2771413e-04;3.1750000e+02;1.2388228e-02;3.1750000e+02;3.0650983e-02;3.1750000e+02;5.2904457e-02;3.1750000e+02;7.9919279e-02;3.1750000e+02;1.0849637e-01;3.1750000e+02;1.4227760e-01;3.1750000e+02;1.7912300e-01;3.1750000e+02;2.0801727e-01;3.1750000e+02;2.3118606e-01;3.1750000e+02;2.4928719e-01;3.1750000e+02;2.6336583e-01;3.1750000e+02;2.6266217e-01;3.1750000e+02;2.3588112e-01;3.1750000e+02;1.9208215e-01;3.1750000e+02;1.3862595e-01;3.1750000e+02;8.7346084e-02;3.1750000e+02;4.1854862e-02;3.1750000e+02;1.2771413e-04;3.1750000e+02;1.2388228e-02;3.1750000e+02;3.0650983e-02;3.1750000e+02;5.2904457e-02;3.1750000e+02;7.9919279e-02;3.1750000e+02;1.0849637e-01;3.1750000e+02;1.4227760e-01;3.1750000e+02;1.7912300e-01;3.1750000e+02;2.0801727e-01;3.1750000e+02;2.3118606e-01;3.1750000e+02;2.4928719e-01;3.1750000e+02;2.6336583e-01;3.1750000e+02;2.6266217e-01;3.1750000e+02;2.3588112e-01;3.1750000e+02;1.9208215e-01;3.1750000e+02;1.3862595e-01;3.1750000e+02;8.7346084e-02;3.1750000e+02;4.1854862e-02;3.1750000e+02;1.2771413e-04;3.1750000e+02;1.2388228e-02;3.1750000e+02;3.0650983e-02;3.1750000e+02;5.2904457e-02;3.1750000e+02;7.9919279e-02;3.1750000e+02;1.0849637e-01;3.1750000e+02;1.4227760e-01;3.1750000e+02;1.7912300e-01;3.1750000e+02;2.0801727e-01;3.1750000e+02;2.3118606e-01;3.1750000e+02;2.4928719e-01;3.1750000e+02;2.6336583e-01;3.1750000e+02;2.6266217e-01;3.1750000e+02;2.3588112e-01;3.1750000e+02;1.9208215e-01;3.1750000e+02;1.3862595e-01;3.1750000e+02;8.7346084e-02;3.1750000e+02;4.1854862e-02;3.1750000e+02;1.2771413e-04;3.1750000e+02;1.2388228e-02;3.1750000e+02;3.0650983e-02;3.1750000e+02;5.2904457e-02;3.1750000e+02;7.9919279e-02;3.1750000e+02;1.0849637e-01;3.1750000e+02;1.4227760e-01;3.1750000e+02;1.7912300e-01;3.1750000e+02;2.0801727e-01;3.1750000e+02;2.3118606e-01;3.1750000e+02;2.4928719e-01;3.1750000e+02;2.6336583e-01;3.1750000e+02;2.6266217e-01;3.1750000e+02;2.3588112e-01;3.1750000e+02;1.9208215e-01;3.1750000e+02;1.3862595e-01;3.1750000e+02;8.7346084e-02;3.1750000e+02;4.1854862e-02;3.1750000e+02;1.2771413e-04;3.1750000e+02;1.2388228e-02;3.1750000e+02;3.0650983e-02;3.1750000e+02;5.2904457e-02;3.1750000e+02;7.9919279e-02;3.1750000e+02;1.0849637e-01;3.1750000e+02;1.4227760e-01;3.1750000e+02;1.7912300e-01;3.1750000e+02;2.0801727e-01;3.1750000e+02;2.3118606e-01;3.1750000e+02;2.4928719e-01;3.1750000e+02;2.6336583e-01;3.1750000e+02;2.6266217e-01;3.1750000e+02;2.3588112e-01;3.1750000e+02;1.9208215e-01;3.1750000e+02;1.3862595e-01;3.1750000e+02;8.7346084e-02;3.1750000e+02;4.1854862e-02;3.1750000e+02;1.2771413e-04;3.1750000e+02;1.2388228e-02;3.1750000e+02;3.0650983e-02;3.1750000e+02;5.2904457e-02;3.1750000e+02;7.9919279e-02;3.1750000e+02;1.0849637e-01;3.1750000e+02;1.4227760e-01;3.1750000e+02;1.7912300e-01;3.1750000e+02;2.0801727e-01;3.1750000e+02;2.3118606e-01;3.1750000e+02;2.4928719e-01;3.1750000e+02;2.6336583e-01;3.1750000e+02;2.6266217e-01;3.1750000e+02;2.3588112e-01;3.1750000e+02;1.9208215e-01;3.1750000e+02;1.3862595e-01;3.1750000e+02;8.7346084e-02;3.1750000e+02;4.1854862e-02;3.1750000e+02;1.2771413e-04;3.1750000e+02;1.2388228e-02;3.1750000e+02;3.0650983e-02;3.1750000e+02;5.2904457e-02;3.1750000e+02;7.9919279e-02;3.1750000e+02;1.0849637e-01;3.1750000e+02;1.4227760e-01;3.1750000e+02;1.7912300e-01;3.1750000e+02;2.0801727e-01;3.1750000e+02;2.3118606e-01;3.1750000e+02;2.4928719e-01;3.1750000e+02;2.6336583e-01;3.1750000e+02;2.6266217e-01;3.1750000e+02;2.3588112e-01;3.1750000e+02;1.9208215e-01;3.1750000e+02;1.3862595e-01;3.1750000e+02;8.7346084e-02;3.1750000e+02;4.1854862e-02;3.1750000e+02;1.2771413e-04;3.1750000e+02;1.2388228e-02;3.1750000e+02;3.0650983e-02;3.1750000e+02;5.2904457e-02;3.1750000e+02;7.9919279e-02;3.1750000e+02;1.0849637e-01;3.1750000e+02;1.4227760e-01;3.1750000e+02;1.7912300e-01;3.1750000e+02;2.0801727e-01;3.1750000e+02;2.3118606e-01;3.1750000e+02;2.4928719e-01;3.1750000e+02;2.6336583e-01;3.1750000e+02;2.6266217e-01;3.1750000e+02;2.3588112e-01;3.1750000e+02;1.9208215e-01;3.1750000e+02;1.3862595e-01;3.1750000e+02;8.7346084e-02;3.1750000e+02;4.1854862e-02;3.1750000e+02;1.2771413e-04;3.1750000e+02;1.2388228e-02;3.1750000e+02;3.0650983e-02;3.1750000e+02;5.2904457e-02;3.1750000e+02;7.9919279e-02;3.1750000e+02;1.0849637e-01;3.1750000e+02;1.4227760e-01;3.1750000e+02;1.7912300e-01;3.1750000e+02;2.0801727e-01;3.1750000e+02;2.3118606e-01;3.1750000e+02;2.4928719e-01;3.1750000e+02;2.6336583e-01;3.1750000e+02;2.6266217e-01;3.1750000e+02;2.3588112e-01;3.1750000e+02;1.9208215e-01;3.1750000e+02;1.3862595e-01;3.1750000e+02;8.7346084e-02;3.1750000e+02;4.1854862e-02;3.1750000e+02;1.2771413e-04;3.1750000e+02;1.2388228e-02;3.1750000e+02;3.0650983e-02;3.1750000e+02;5.2904457e-02;3.1750000e+02;7.9919279e-02;3.1750000e+02;1.0849637e-01;3.1750000e+02;1.4227760e-01;3.1750000e+02;1.7912300e-01;3.1750000e+02;2.0801727e-01;3.1750000e+02;2.3118606e-01;3.1750000e+02;2.4928719e-01;3.1750000e+02;2.6336583e-01;3.1750000e+02;2.6266217e-01;3.1750000e+02;2.3588112e-01;3.1750000e+02;1.9208215e-01;3.1750000e+02;1.3862595e-01;3.1750000e+02;8.7346084e-02;3.1750000e+02;4.1854862e-02;3.1750000e+02;1.2771413e-04;3.1750000e+02;1.2388228e-02;3.1750000e+02;3.0650983e-02;3.1750000e+02;5.2904457e-02;3.1750000e+02;7.9919279e-02;3.1750000e+02;1.0849637e-01;3.1750000e+02;1.4227760e-01;3.1750000e+02;1.7912300e-01;3.1750000e+02;2.0801727e-01;3.1750000e+02;2.3118606e-01;3.1750000e+02;2.4928719e-01;3.1750000e+02;2.6336583e-01;3.1750000e+02;2.6266217e-01;3.1750000e+02;2.3588112e-01;3.1750000e+02;1.9208215e-01;3.1750000e+02;1.3862595e-01;3.1750000e+02;8.7346084e-02;3.1750000e+02;4.1854862e-02;3.1750000e+02;1.2771413e-04;3.1750000e+02;1.2388228e-02;3.1750000e+02;3.0650983e-02;3.1750000e+02;5.2904457e-02;3.1750000e+02;7.9919279e-02;3.1750000e+02;1.0849637e-01;3.1750000e+02;1.4227760e-01;3.1750000e+02;1.7912300e-01;3.1750000e+02;2.0801727e-01;3.1750000e+02;2.3118606e-01;3.1750000e+02;2.4928719e-01;3.1750000e+02;2.6336583e-01;3.1750000e+02;2.6266217e-01;3.1750000e+02;2.3588112e-01;3.1750000e+02;1.9208215e-01;3.1750000e+02;1.3862595e-01;3.1750000e+02;8.7346084e-02;3.1750000e+02;4.1854862e-02;3.1750000e+02;1.2771413e-04;3.1750000e+02;1.2388228e-02;3.1750000e+02;3.0650983e-02;3.1750000e+02;5.2904457e-02;3.1750000e+02;7.9919279e-02;3.1750000e+02;1.0849637e-01;3.1750000e+02;1.4227760e-01;3.1750000e+02;1.7912300e-01;3.1750000e+02;2.0801727e-01;3.1750000e+02;2.3118606e-01;3.1750000e+02;2.4928719e-01;3.1750000e+02;2.6336583e-01;3.1750000e+02;2.6266217e-01;3.1750000e+02;2.3588112e-01;3.1750000e+02;1.9208215e-01;3.1750000e+02;1.3862595e-01;3.1750000e+02;8.7346084e-02;3.1750000e+02;4.1854862e-02;3.1750000e+02;1.2771413e-04;3.1750000e+02;1.2388228e-02;3.1750000e+02;3.0650983e-02;3.1750000e+02;5.2904457e-02;3.1750000e+02;7.9919279e-02;3.1750000e+02;1.0849637e-01;3.1750000e+02;1.4227760e-01;3.1750000e+02;1.7912300e-01;3.1750000e+02;2.0801727e-01;3.1750000e+02;2.3118606e-01;3.1750000e+02;2.4928719e-01;3.1750000e+02;2.6336583e-01;3.1750000e+02;2.6266217e-01;3.1750000e+02;2.3588112e-01;3.1750000e+02;1.9208215e-01;3.1750000e+02;1.3862595e-01;3.1750000e+02;8.7346084e-02;3.1750000e+02;4.1854862e-02;3.1750000e+02;1.2771413e-04;3.1750000e+02;1.2388228e-02;3.1750000e+02;3.0650983e-02;3.1750000e+02;5.2904457e-02;3.1750000e+02;7.9919279e-02;3.1750000e+02;1.0849637e-01;3.1750000e+02;1.4227760e-01;3.1750000e+02;1.7912300e-01;3.1750000e+02;2.0801727e-01;3.1750000e+02;2.3118606e-01;3.1750000e+02;2.4928719e-01;3.1750000e+02;2.6336583e-01;3.1750000e+02;2.6266217e-01;3.1750000e+02;2.3588112e-01;3.1750000e+02;1.9208215e-01;3.1750000e+02;1.3862595e-01;3.1750000e+02;8.7346084e-02;3.1750000e+02;4.1854862e-02;3.1750000e+02;1.2771413e-04;3.1750000e+02;1.2388228e-02;3.1750000e+02;3.0650983e-02;3.1750000e+02;5.2904457e-02;3.1750000e+02;7.9919279e-02;3.1750000e+02;1.0849637e-01;3.1750000e+02;1.4227760e-01;3.1750000e+02;1.7912300e-01;3.1750000e+02;2.0801727e-01;3.1750000e+02;2.3118606e-01;3.1750000e+02;2.4928719e-01;3.1750000e+02;2.6336583e-01;3.1750000e+02;2.6266217e-01;3.1750000e+02;2.3588112e-01;3.1750000e+02;1.9208215e-01;3.1750000e+02;1.3862595e-01;3.1750000e+02;8.7346084e-02;3.1750000e+02;4.1854862e-02;3.1750000e+02;1.2771413e-04;3.1750000e+02;1.2388228e-02;3.1750000e+02;3.0650983e-02;3.1750000e+02;5.2904457e-02;3.1750000e+02;7.9919279e-02;3.1750000e+02;1.0849637e-01;3.1750000e+02;1.4227760e-01;3.1750000e+02;1.7912300e-01;3.1750000e+02;2.0801727e-01;3.1750000e+02;2.3118606e-01;3.1750000e+02;2.4928719e-01;3.1750000e+02;2.6336583e-01;3.1750000e+02;2.6266217e-01;3.1750000e+02;2.3588112e-01;3.1750000e+02;1.9208215e-01;3.1750000e+02;1.3862595e-01;3.1750000e+02;8.7346084e-02;3.1750000e+02;4.1854862e-02;3.1750000e+02;1.2771413e-04;3.1750000e+02;1.2388228e-02;3.1750000e+02;3.0650983e-02;3.1750000e+02;5.2904457e-02;3.1750000e+02;7.9919279e-02;3.1750000e+02;1.0849637e-01;3.1750000e+02;1.4227760e-01;3.1750000e+02;1.7912300e-01;3.1750000e+02;2.0801727e-01;3.1750000e+02;2.3118606e-01;3.1750000e+02;2.4928719e-01;3.1750000e+02;2.6336583e-01;3.1750000e+02;2.6266217e-01;3.1750000e+02;2.3588112e-01;3.1750000e+02;1.9208215e-01;3.1750000e+02;1.3862595e-01;3.1750000e+02;8.7346084e-02;3.1750000e+02;4.1854862e-02;3.1750000e+02;1.2771413e-04;3.1750000e+02;1.2388228e-02;3.1750000e+02;3.0650983e-02;3.1750000e+02;5.2904457e-02;3.1750000e+02;7.9919279e-02;3.1750000e+02;1.0849637e-01;3.1750000e+02;1.4227760e-01;3.1750000e+02;1.7912300e-01;3.1750000e+02;2.0801727e-01;3.1750000e+02;2.3118606e-01;3.1750000e+02;2.4928719e-01;3.1750000e+02;2.6336583e-01;3.1750000e+02;2.6266217e-01;3.1750000e+02;2.3588112e-01;3.1750000e+02;1.9208215e-01;3.1750000e+02;1.3862595e-01;3.1750000e+02;8.7346084e-02;3.1750000e+02;4.1854862e-02;3.1750000e+02;1.2771413e-04;3.1750000e+02;1.2388228e-02;3.1750000e+02;3.0650983e-02;3.1750000e+02;5.2904457e-02;3.1750000e+02;7.9919279e-02;3.1750000e+02;1.0849637e-01;3.1750000e+02;1.4227760e-01;3.1750000e+02;1.7912300e-01;3.1750000e+02;2.0801727e-01;3.1750000e+02;2.3118606e-01;3.1750000e+02;2.4928719e-01;3.1750000e+02;2.6336583e-01;3.1750000e+02;2.6266217e-01;3.1750000e+02;2.3588112e-01;3.1750000e+02;1.9208215e-01;3.1750000e+02;1.3862595e-01;3.1750000e+02;8.7346084e-02;3.1750000e+02;4.1854862e-02;3.1750000e+02;1.2771413e-04;3.1750000e+02;1.2388228e-02;3.1750000e+02;3.0650983e-02;3.1750000e+02;5.2904457e-02;3.1750000e+02;7.9919279e-02;3.1750000e+02;1.0849637e-01;3.1750000e+02;1.4227760e-01;3.1750000e+02;1.7912300e-01;3.1750000e+02;2.0801727e-01;3.1750000e+02;2.3118606e-01;3.1750000e+02;2.4928719e-01;3.1750000e+02;2.6336583e-01;3.1750000e+02;2.6266217e-01;3.1750000e+02;2.3588112e-01;3.1750000e+02;1.9208215e-01;3.1750000e+02;1.3862595e-01;3.1750000e+02;8.7346084e-02;3.1750000e+02;4.1854862e-02;3.1750000e+02;1.2771413e-04;3.1750000e+02;1.2388228e-02;3.1750000e+02;3.0650983e-02;3.1750000e+02;5.2904457e-02;3.1750000e+02;7.9919279e-02;3.1750000e+02;1.0849637e-01;3.1750000e+02;1.4227760e-01;3.1750000e+02;1.7912300e-01;3.1750000e+02;2.0801727e-01;3.1750000e+02;2.3118606e-01;3.1750000e+02;2.4928719e-01;3.1750000e+02;2.6336583e-01;3.1750000e+02;2.6266217e-01;3.1750000e+02;2.3588112e-01;3.1750000e+02;1.9208215e-01;3.1750000e+02;1.3862595e-01;3.1750000e+02;8.7346084e-02;3.1750000e+02;4.1854862e-02;3.1750000e+02;1.2771413e-04;3.1750000e+02;1.2388228e-02;3.1750000e+02;3.0650983e-02;3.1750000e+02;5.2904457e-02;3.1750000e+02;7.9919279e-02;3.1750000e+02;1.0849637e-01;3.1750000e+02;1.4227760e-01;3.1750000e+02;1.7912300e-01;3.1750000e+02;2.0801727e-01;3.1750000e+02;2.3118606e-01;3.1750000e+02;2.4928719e-01;3.1750000e+02;2.6336583e-01;3.1750000e+02;2.6266217e-01;3.1750000e+02;2.3588112e-01;3.1750000e+02;1.9208215e-01;3.1750000e+02;1.3862595e-01;3.1750000e+02;8.7346084e-02;3.1750000e+02;4.1854862e-02;3.1750000e+02;1.2771413e-04;3.1750000e+02;1.2388228e-02;3.1750000e+02;3.0650983e-02;3.1750000e+02;5.2904457e-02;3.1750000e+02;7.9919279e-02;3.1750000e+02;1.0849637e-01;3.1750000e+02;1.4227760e-01;3.1750000e+02;1.7912300e-01;3.1750000e+02;2.0801727e-01;3.1750000e+02;2.3118606e-01;3.1750000e+02;2.4928719e-01;3.1750000e+02;2.6336583e-01;3.1750000e+02;2.6266217e-01;3.1750000e+02;2.3588112e-01;3.1750000e+02;1.9208215e-01;3.1750000e+02;1.3862595e-01;3.1750000e+02;8.7346084e-02;3.1750000e+02;4.1854862e-02;3.1750000e+02;1.2771413e-04;3.1750000e+02;1.2388228e-02;3.1750000e+02;3.0650983e-02;3.1750000e+02;5.2904457e-02;3.1750000e+02;7.9919279e-02;3.1750000e+02;1.0849637e-01;3.1750000e+02;1.4227760e-01;3.1750000e+02;1.7912300e-01;3.1750000e+02;2.0801727e-01;3.1750000e+02;2.3118606e-01;3.1750000e+02;2.4928719e-01;3.1750000e+02;2.6336583e-01;3.1750000e+02;2.6266217e-01;3.1750000e+02;2.3588112e-01;3.1750000e+02;1.9208215e-01;3.1750000e+02;1.3862595e-01;3.1750000e+02;8.7346084e-02;3.1750000e+02;4.1854862e-02;3.1750000e+02;1.2771413e-04;3.1750000e+02;1.2388228e-02;3.1750000e+02;3.0650983e-02;3.1750000e+02;5.2904457e-02;3.1750000e+02;7.9919279e-02;3.1750000e+02;1.0849637e-01;3.1750000e+02;1.4227760e-01;3.1750000e+02;1.7912300e-01;3.1750000e+02;2.0801727e-01;3.1750000e+02;2.3118606e-01;3.1750000e+02;2.4928719e-01;3.1750000e+02;2.6336583e-01;3.1750000e+02;2.6266217e-01;3.1750000e+02;2.3588112e-01;3.1750000e+02;1.9208215e-01;3.1750000e+02;1.3862595e-01;3.1750000e+02;8.7346084e-02;3.1750000e+02;4.1854862e-02;3.1750000e+02;1.2771413e-04;3.1750000e+02;1.2388228e-02;3.1750000e+02;3.0650983e-02;3.1750000e+02;5.2904457e-02;3.1750000e+02;7.9919279e-02;3.1750000e+02;1.0849637e-01;3.1750000e+02;1.4227760e-01;3.1750000e+02;1.7912300e-01;3.1750000e+02;2.0801727e-01;3.1750000e+02;2.3118606e-01;3.1750000e+02;2.4928719e-01;3.1750000e+02;2.6336583e-01;3.1750000e+02;2.6266217e-01;3.1750000e+02;2.3588112e-01;3.1750000e+02;1.9208215e-01;3.1750000e+02;1.3862595e-01;3.1750000e+02;8.7346084e-02;3.1750000e+02;4.1854862e-02;3.1750000e+02;1.2771413e-04;3.1750000e+02;1.2388228e-02;3.1750000e+02;3.0650983e-02;3.1750000e+02;5.2904457e-02;3.1750000e+02;7.9919279e-02;3.1750000e+02;1.0849637e-01;3.1750000e+02;1.4227760e-01;3.1750000e+02;1.7912300e-01;3.1750000e+02;2.0801727e-01;3.1750000e+02;2.3118606e-01;3.1750000e+02;2.4928719e-01;3.1750000e+02;2.6336583e-01;3.1750000e+02;2.6266217e-01;3.1750000e+02;2.3588112e-01;3.1750000e+02;1.9208215e-01;3.1750000e+02;1.3862595e-01;3.1750000e+02;8.7346084e-02;3.1750000e+02;4.1854862e-02;3.1750000e+02;1.2771413e-04;3.1750000e+02;1.2388228e-02;3.1750000e+02;3.0650983e-02;3.1750000e+02;5.2904457e-02;3.1750000e+02;7.9919279e-02;3.1750000e+02;1.0849637e-01;3.1750000e+02;1.4227760e-01;3.1750000e+02;1.7912300e-01;3.1750000e+02;2.0801727e-01;3.1750000e+02;2.3118606e-01;3.1750000e+02;2.4928719e-01;3.1750000e+02;2.6336583e-01;3.1750000e+02;2.6266217e-01;3.1750000e+02;2.3588112e-01;3.1750000e+02;1.9208215e-01;3.1750000e+02;1.3862595e-01;3.1750000e+02;8.7346084e-02;3.1750000e+02;4.1854862e-02;3.1750000e+02;1.2771413e-04;3.1750000e+02;1.2388228e-02;3.1750000e+02;3.0650983e-02;3.1750000e+02;5.2904457e-02;3.1750000e+02;7.9919279e-02;3.1750000e+02;1.0849637e-01;3.1750000e+02;1.4227760e-01;3.1750000e+02;1.7912300e-01;3.1750000e+02;2.0801727e-01;3.1750000e+02;2.3118606e-01;3.1750000e+02;2.4928719e-01;3.1750000e+02;2.6336583e-01;3.1750000e+02;2.6266217e-01;3.1750000e+02;2.3588112e-01;3.1750000e+02;1.9208215e-01;3.1750000e+02;1.3862595e-01;3.1750000e+02;8.7346084e-02;3.1750000e+02;4.1854862e-02;3.1750000e+02;1.2771413e-04;3.1750000e+02;1.2388228e-02;3.1750000e+02;3.0650983e-02;3.1750000e+02;5.2904457e-02;3.1750000e+02;7.9919279e-02;3.1750000e+02;1.0849637e-01;3.1750000e+02;1.4227760e-01;3.1750000e+02;1.7912300e-01;3.1750000e+02;2.0801727e-01;3.1750000e+02;2.3118606e-01;3.1750000e+02;2.4928719e-01;3.1750000e+02;2.6336583e-01;3.1750000e+02;2.6266217e-01;3.1750000e+02;2.3588112e-01;3.1750000e+02;1.9208215e-01;3.1750000e+02;1.3862595e-01;3.1750000e+02;8.7346084e-02;3.1750000e+02;4.1854862e-02;3.1750000e+02;1.2771413e-04;3.1750000e+02;1.2388228e-02;3.1750000e+02;3.0650983e-02;3.1750000e+02;5.2904457e-02;3.1750000e+02;7.9919279e-02;3.1750000e+02;1.0849637e-01;3.1750000e+02;1.4227760e-01;3.1750000e+02;1.7912300e-01;3.1750000e+02;2.0801727e-01;3.1750000e+02;2.3118606e-01;3.1750000e+02;2.4928719e-01;3.1750000e+02;2.6336583e-01;3.1750000e+02;2.6266217e-01;3.1750000e+02;2.3588112e-01;3.1750000e+02;1.9208215e-01;3.1750000e+02;1.3862595e-01;3.1750000e+02;8.7346084e-02;3.1750000e+02;4.1854862e-02;3.1750000e+02;1.2771413e-04;3.1750000e+02;1.2388228e-02;3.1750000e+02;3.0650983e-02;3.1750000e+02;5.2904457e-02;3.1750000e+02;7.9919279e-02;3.1750000e+02;1.0849637e-01;3.1750000e+02;1.4227760e-01;3.1750000e+02;1.7912300e-01;3.1750000e+02;2.0801727e-01;3.1750000e+02;2.3118606e-01;3.1750000e+02;2.4928719e-01;3.1750000e+02;2.6336583e-01;3.1750000e+02;2.6266217e-01;3.1750000e+02;2.3588112e-01;3.1750000e+02;1.9208215e-01;3.1750000e+02;1.3862595e-01;3.1750000e+02;8.7346084e-02;3.1750000e+02;4.1854862e-02;3.1750000e+02;1.2771413e-04;3.1750000e+02;1.2388228e-02;3.1750000e+02;3.0650983e-02;3.1750000e+02;5.2904457e-02;3.1750000e+02;7.9919279e-02;3.1750000e+02;1.0849637e-01;3.1750000e+02;1.4227760e-01;3.1750000e+02;1.7912300e-01;3.1750000e+02;2.0801727e-01;3.1750000e+02;2.3118606e-01;3.1750000e+02;2.4928719e-01;3.1750000e+02;2.6336583e-01;3.1750000e+02;2.6266217e-01;3.1750000e+02;2.3588112e-01;3.1750000e+02;1.9208215e-01;3.1750000e+02;1.3862595e-01;3.1750000e+02;8.7346084e-02;3.1750000e+02;4.1854862e-02;3.1750000e+02;1.2771413e-04;3.1750000e+02;1.2388228e-02;3.1750000e+02;3.0650983e-02;3.1750000e+02;5.2904457e-02;3.1750000e+02;7.9919279e-02;3.1750000e+02;1.0849637e-01;3.1750000e+02;1.4227760e-01;3.1750000e+02;1.7912300e-01;3.1750000e+02;2.0801727e-01;3.1750000e+02;2.3118606e-01;3.1750000e+02;2.4928719e-01;3.1750000e+02;2.6336583e-01;3.1750000e+02;2.6266217e-01;3.1750000e+02;2.3588112e-01;3.1750000e+02;1.9208215e-01;3.1750000e+02;1.3862595e-01;3.1750000e+02;8.7346084e-02;3.1750000e+02;4.1854862e-02;3.1750000e+02;1.2771413e-04;3.1750000e+02;1.2388228e-02;3.1750000e+02;3.0650983e-02;3.1750000e+02;5.2904457e-02;3.1750000e+02;7.9919279e-02;3.1750000e+02;1.0849637e-01;3.1750000e+02;1.4227760e-01;3.1750000e+02;1.7912300e-01;3.1750000e+02;2.0801727e-01;3.1750000e+02;2.3118606e-01;3.1750000e+02;2.4928719e-01;3.1750000e+02;2.6336583e-01;3.1750000e+02;2.6266217e-01;3.1750000e+02;2.3588112e-01;3.1750000e+02;1.9208215e-01;3.1750000e+02;1.3862595e-01;3.1750000e+02;8.7346084e-02;3.1750000e+02;4.1854862e-02;3.1750000e+02;1.2771413e-04;3.1750000e+02;1.2388228e-02;3.1750000e+02;3.0650983e-02;3.1750000e+02;5.2904457e-02;3.1750000e+02;7.9919279e-02;3.1750000e+02;1.0849637e-01;3.1750000e+02;1.4227760e-01;3.1750000e+02;1.7912300e-01;3.1750000e+02;2.0801727e-01;3.1750000e+02;2.3118606e-01;3.1750000e+02;2.4928719e-01;3.1750000e+02;2.6336583e-01;3.1750000e+02;2.6266217e-01;3.1750000e+02;2.3588112e-01;3.1750000e+02;1.9208215e-01;3.1750000e+02;1.3862595e-01;3.1750000e+02;8.7346084e-02;3.1750000e+02;4.1854862e-02;3.1750000e+02;1.2771413e-04;3.1750000e+02;1.2388228e-02;3.1750000e+02;3.0650983e-02;3.1750000e+02;5.2904457e-02;3.1750000e+02;7.9919279e-02;3.1750000e+02;1.0849637e-01;3.1750000e+02;1.4227760e-01;3.1750000e+02;1.7912300e-01;3.1750000e+02;2.0801727e-01;3.1750000e+02;2.3118606e-01;3.1750000e+02;2.4928719e-01;3.1750000e+02;2.6336583e-01;3.1750000e+02;2.6266217e-01;3.1750000e+02;2.3588112e-01;3.1750000e+02;1.9208215e-01;3.1750000e+02;1.3862595e-01;3.1750000e+02;8.7346084e-02;3.1750000e+02;4.1854862e-02;3.1750000e+02;1.2771413e-04;3.1750000e+02;1.2388228e-02;3.1750000e+02;3.0650983e-02;3.1750000e+02;5.2904457e-02;3.1750000e+02;7.9919279e-02;3.1750000e+02;1.0849637e-01;3.1750000e+02;1.4227760e-01;3.1750000e+02;1.7912300e-01;3.1750000e+02;2.0801727e-01;3.1750000e+02;2.3118606e-01;3.1750000e+02;2.4928719e-01;3.1750000e+02;2.6336583e-01;3.1750000e+02;2.6266217e-01;3.1750000e+02;2.3588112e-01;3.1750000e+02;1.9208215e-01;3.1750000e+02;1.3862595e-01;3.1750000e+02;8.7346084e-02;3.1750000e+02;4.1854862e-02;3.1750000e+02;1.2771413e-04;3.1750000e+02;1.2388228e-02;3.1750000e+02;3.0650983e-02;3.1750000e+02;5.2904457e-02;3.1750000e+02;7.9919279e-02;3.1750000e+02;1.0849637e-01;3.1750000e+02;1.4227760e-01;3.1750000e+02;1.7912300e-01;3.1750000e+02;2.0801727e-01;3.1750000e+02;2.3118606e-01;3.1750000e+02;2.4928719e-01;3.1750000e+02;2.6336583e-01;3.1750000e+02;2.6266217e-01;3.1750000e+02;2.3588112e-01;3.1750000e+02;1.9208215e-01;3.1750000e+02;1.3862595e-01;3.1750000e+02;8.7346084e-02;3.1750000e+02;4.1854862e-02;3.1750000e+02;1.2771413e-04;3.1750000e+02;1.2388228e-02;3.1750000e+02;3.0650983e-02;3.1750000e+02;5.2904457e-02;3.1750000e+02;7.9919279e-02;3.1750000e+02;1.0849637e-01;3.1750000e+02;1.4227760e-01;3.1750000e+02;1.7912300e-01;3.1750000e+02;2.0801727e-01;3.1750000e+02;2.3118606e-01;3.1750000e+02;2.4928719e-01;3.1750000e+02;2.6336583e-01;3.1750000e+02;2.6266217e-01;3.1750000e+02;2.3588112e-01;3.1750000e+02;1.9208215e-01;3.1750000e+02;1.3862595e-01;3.1750000e+02;8.7346084e-02;3.1750000e+02;4.1854862e-02;3.1750000e+02;1.2771413e-04;3.1750000e+02;1.2388228e-02;3.1750000e+02;3.0650983e-02;3.1750000e+02;5.2904457e-02;3.1750000e+02;7.9919279e-02;3.1750000e+02;1.0849637e-01;3.1750000e+02;1.4227760e-01;3.1750000e+02;1.7912300e-01;3.1750000e+02;2.0801727e-01;3.1750000e+02;2.3118606e-01;3.1750000e+02;2.4928719e-01;3.1750000e+02;2.6336583e-01;3.1750000e+02;2.6266217e-01;3.1750000e+02;2.3588112e-01;3.1750000e+02;1.9208215e-01;3.1750000e+02;1.3862595e-01;3.1750000e+02;8.7346084e-02;3.1750000e+02;4.1854862e-02;3.1750000e+02;1.2771413e-04;3.1750000e+02;1.2388228e-02;3.1750000e+02;3.0650983e-02;3.1750000e+02;5.2904457e-02;3.1750000e+02;7.9919279e-02;3.1750000e+02;1.0849637e-01;3.1750000e+02;1.4227760e-01;3.1750000e+02;1.7912300e-01;3.1750000e+02;2.0801727e-01;3.1750000e+02;2.3118606e-01;3.1750000e+02;2.4928719e-01;3.1750000e+02;2.6336583e-01;3.1750000e+02;2.6266217e-01;3.1750000e+02;2.3588112e-01;3.1750000e+02;1.9208215e-01;3.1750000e+02;1.3862595e-01;3.1750000e+02;8.7346084e-02;3.1750000e+02;4.1854862e-02;3.1750000e+02;1.2771413e-04;3.1750000e+02;1.2388228e-02;3.1750000e+02;3.0650983e-02;3.1750000e+02;5.2904457e-02;3.1750000e+02;7.9919279e-02;3.1750000e+02;1.0849637e-01;3.1750000e+02;1.4227760e-01;3.1750000e+02;1.7912300e-01;3.1750000e+02;2.0801727e-01;3.1750000e+02;2.3118606e-01;3.1750000e+02;2.4928719e-01;3.1750000e+02;2.6336583e-01;3.1750000e+02;2.6266217e-01;3.1750000e+02;2.3588112e-01;3.1750000e+02;1.9208215e-01;3.1750000e+02;1.3862595e-01;3.1750000e+02;8.7346084e-02;3.1750000e+02;4.1854862e-02;3.1750000e+02;1.2771413e-04;3.1750000e+02;1.2388228e-02;3.1750000e+02;3.0650983e-02;3.1750000e+02;5.2904457e-02;3.1750000e+02;7.9919279e-02;3.1750000e+02;1.0849637e-01;3.1750000e+02;1.4227760e-01;3.1750000e+02;1.7912300e-01;3.1750000e+02;2.0801727e-01;3.1750000e+02;2.3118606e-01;3.1750000e+02;2.4928719e-01;3.1750000e+02;2.6336583e-01;3.1750000e+02;2.6266217e-01;3.1750000e+02;2.3588112e-01;3.1750000e+02;1.9208215e-01;3.1750000e+02;1.3862595e-01;3.1750000e+02;8.7346084e-02;3.1750000e+02;4.1854862e-02;3.1750000e+02;1.2771413e-04;3.1750000e+02;1.2388228e-02;3.1750000e+02;3.0650983e-02;3.1750000e+02;5.2904457e-02;3.1750000e+02;7.9919279e-02;3.1750000e+02;1.0849637e-01;3.1750000e+02;1.4227760e-01;3.1750000e+02;1.7912300e-01;3.1750000e+02;2.0801727e-01;3.1750000e+02;2.3118606e-01;3.1750000e+02;2.4928719e-01;3.1750000e+02;2.6336583e-01;3.1750000e+02;2.6266217e-01;3.1750000e+02;2.3588112e-01;3.1750000e+02;1.9208215e-01;3.1750000e+02;1.3862595e-01;3.1750000e+02;8.7346084e-02;3.1750000e+02;4.1854862e-02;3.1750000e+02;1.2771413e-04;3.1750000e+02;1.2388228e-02;3.1750000e+02;3.0650983e-02;3.1750000e+02;5.2904457e-02;3.1750000e+02;7.9919279e-02;3.1750000e+02;1.0849637e-01;3.1750000e+02;1.4227760e-01;3.1750000e+02;1.7912300e-01;3.1750000e+02;2.0801727e-01;3.1750000e+02;2.3118606e-01;3.1750000e+02;2.4928719e-01;3.1750000e+02;2.6336583e-01;3.1750000e+02;2.6266217e-01;3.1750000e+02;2.3588112e-01;3.1750000e+02;1.9208215e-01;3.1750000e+02;1.3862595e-01;3.1750000e+02;8.7346084e-02;3.1750000e+02;4.1854862e-02;3.1750000e+02;1.2771413e-04;3.1750000e+02;1.2388228e-02;3.1750000e+02;3.0650983e-02;3.1750000e+02;5.2904457e-02;3.1750000e+02;7.9919279e-02;3.1750000e+02;1.0849637e-01;3.1750000e+02;1.4227760e-01;3.1750000e+02;1.7912300e-01;3.1750000e+02;2.0801727e-01;3.1750000e+02;2.3118606e-01;3.1750000e+02;2.4928719e-01;3.1750000e+02;2.6336583e-01;3.1750000e+02;2.6266217e-01;3.1750000e+02;2.3588112e-01;3.1750000e+02;1.9208215e-01;3.1750000e+02;1.3862595e-01;3.1750000e+02;8.7346084e-02;3.1750000e+02;4.1854862e-02;3.1750000e+02;1.2771413e-04;3.1750000e+02;1.2388228e-02;3.1750000e+02;3.0650983e-02;3.1750000e+02;5.2904457e-02;3.1750000e+02;7.9919279e-02;3.1750000e+02;1.0849637e-01;3.1750000e+02;1.4227760e-01;3.1750000e+02;1.7912300e-01;3.1750000e+02;2.0801727e-01;3.1750000e+02;2.3118606e-01;3.1750000e+02;2.4928719e-01;3.1750000e+02;2.6336583e-01;3.1750000e+02;2.6266217e-01;3.1750000e+02;2.3588112e-01;3.1750000e+02;1.9208215e-01;3.1750000e+02;1.3862595e-01;3.1750000e+02;8.7346084e-02;3.1750000e+02;4.1854862e-02;3.1750000e+02;1.2771413e-04;3.1750000e+02;1.2388228e-02;3.1750000e+02;3.0650983e-02;3.1750000e+02;5.2904457e-02;3.1750000e+02;7.9919279e-02;3.1750000e+02;1.0849637e-01;3.1750000e+02;1.4227760e-01;3.1750000e+02;1.7912300e-01;3.1750000e+02;2.0801727e-01;3.1750000e+02;2.3118606e-01;3.1750000e+02;2.4928719e-01;3.1750000e+02;2.6336583e-01;3.1750000e+02;2.6266217e-01;3.1750000e+02;2.3588112e-01;3.1750000e+02;1.9208215e-01;3.1750000e+02;1.3862595e-01;3.1750000e+02;8.7346084e-02;3.1750000e+02;4.1854862e-02;3.1750000e+02;1.2771413e-04;3.1750000e+02;1.2388228e-02;3.1750000e+02;3.0650983e-02;3.1750000e+02;5.2904457e-02;3.1750000e+02;7.9919279e-02;3.1750000e+02;1.0849637e-01;3.1750000e+02;1.4227760e-01;3.1750000e+02;1.7912300e-01;3.1750000e+02;2.0801727e-01;3.1750000e+02;2.3118606e-01;3.1750000e+02;2.4928719e-01;3.1750000e+02;2.6336583e-01;3.1750000e+02;2.6266217e-01;3.1750000e+02;2.3588112e-01;3.1750000e+02;1.9208215e-01;3.1750000e+02;1.3862595e-01;3.1750000e+02;8.7346084e-02;3.1750000e+02;4.1854862e-02;3.1750000e+02;1.2771413e-04;3.1750000e+02;1.2388228e-02;3.1750000e+02;3.0650983e-02;3.1750000e+02;5.2904457e-02;3.1750000e+02;7.9919279e-02;3.1750000e+02;1.0849637e-01;3.1750000e+02;1.4227760e-01;3.1750000e+02;1.7912300e-01;3.1750000e+02;2.0801727e-01;3.1750000e+02;2.3118606e-01;3.1750000e+02;2.4928719e-01;3.1750000e+02;2.6336583e-01;3.1750000e+02;2.6266217e-01;3.1750000e+02;2.3588112e-01;3.1750000e+02;1.9208215e-01;3.1750000e+02;1.3862595e-01;3.1750000e+02;8.7346084e-02;3.1750000e+02;4.1854862e-02;3.1750000e+02;1.2771413e-04;3.1750000e+02;1.2388228e-02;3.1750000e+02;3.0650983e-02;3.1750000e+02;5.2904457e-02;3.1750000e+02;7.9919279e-02;3.1750000e+02;1.0849637e-01;3.1750000e+02;1.4227760e-01;3.1750000e+02;1.7912300e-01;3.1750000e+02;2.0801727e-01;3.1750000e+02;2.3118606e-01;3.1750000e+02;2.4928719e-01;3.1750000e+02;2.6336583e-01;3.1750000e+02;2.6266217e-01;3.1750000e+02;2.3588112e-01;3.1750000e+02;1.9208215e-01;3.1750000e+02;1.3862595e-01;3.1750000e+02;8.7346084e-02;3.1750000e+02;4.1854862e-02
3.2250000e+02;-2.6501287e-03;3.2250000e+02;8.5161701e-03;3.2250000e+02;2.5408054e-02;3.2250000e+02;4.7235299e-02;3.2250000e+02;7.2601981e-02;3.2250000e+02;1.0163302e-01;3.2250000e+02;1.3321121e-01;3.2250000e+02;1.6726768e-01;3.2250000e+02;1.9303927e-01;3.2250000e+02;2.1328649e-01;3.2250000e+02;2.3352586e-01;3.2250000e+02;2.5055993e-01;3.2250000e+02;2.5448775e-01;3.2250000e+02;2.3112550e-01;3.2250000e+02;1.8893842e-01;3.2250000e+02;1.3631140e-01;3.2250000e+02;8.4995225e-02;3.2250000e+02;3.8670342e-02;3.2250000e+02;-2.6501287e-03;3.2250000e+02;8.5161701e-03;3.2250000e+02;2.5408054e-02;3.2250000e+02;4.7235299e-02;3.2250000e+02;7.2601981e-02;3.2250000e+02;1.0163302e-01;3.2250000e+02;1.3321121e-01;3.2250000e+02;1.6726768e-01;3.2250000e+02;1.9303927e-01;3.2250000e+02;2.1328649e-01;3.2250000e+02;2.3352586e-01;3.2250000e+02;2.5055993e-01;3.2250000e+02;2.5448775e-01;3.2250000e+02;2.3112550e-01;3.2250000e+02;1.8893842e-01;3.2250000e+02;1.3631140e-01;3.2250000e+02;8.4995225e-02;3.2250000e+02;3.8670342e-02;3.2250000e+02;-2.6501287e-03;3.2250000e+02;8.5161701e-03;3.2250000e+02;2.5408054e-02;3.2250000e+02;4.7235299e-02;3.2250000e+02;7.2601981e-02;3.2250000e+02;1.0163302e-01;3.2250000e+02;1.3321121e-01;3.2250000e+02;1.6726768e-01;3.2250000e+02;1.9303927e-01;3.2250000e+02;2.1328649e-01;3.2250000e+02;2.3352586e-01;3.2250000e+02;2.5055993e-01;3.2250000e+02;2.5448775e-01;3.2250000e+02;2.3112550e-01;3.2250000e+02;1.8893842e-01;3.2250000e+02;1.3631140e-01;3.2250000e+02;8.4995225e-02;3.2250000e+02;3.8670342e-02;3.2250000e+02;-2.6501287e-03;3.2250000e+02;8.5161701e-03;3.2250000e+02;2.5408054e-02;3.2250000e+02;4.7235299e-02;3.2250000e+02;7.2601981e-02;3.2250000e+02;1.0163302e-01;3.2250000e+02;1.3321121e-01;3.2250000e+02;1.6726768e-01;3.2250000e+02;1.9303927e-01;3.2250000e+02;2.1328649e-01;3.2250000e+02;2.3352586e-01;3.2250000e+02;2.5055993e-01;3.2250000e+02;2.5448775e-01;3.2250000e+02;2.3112550e-01;3.2250000e+02;1.8893842e-01;3.2250000e+02;1.3631140e-01;3.2250000e+02;8.4995225e-02;3.2250000e+02;3.8670342e-02;3.2250000e+02;-2.6501287e-03;3.2250000e+02;8.5161701e-03;3.2250000e+02;2.5408054e-02;3.2250000e+02;4.7235299e-02;3.2250000e+02;7.2601981e-02;3.2250000e+02;1.0163302e-01;3.2250000e+02;1.3321121e-01;3.2250000e+02;1.6726768e-01;3.2250000e+02;1.9303927e-01;3.2250000e+02;2.1328649e-01;3.2250000e+02;2.3352586e-01;3.2250000e+02;2.5055993e-01;3.2250000e+02;2.5448775e-01;3.2250000e+02;2.3112550e-01;3.2250000e+02;1.8893842e-01;3.2250000e+02;1.3631140e-01;3.2250000e+02;8.4995225e-02;3.2250000e+02;3.8670342e-02;3.2250000e+02;-2.6501287e-03;3.2250000e+02;8.5161701e-03;3.2250000e+02;2.5408054e-02;3.2250000e+02;4.7235299e-02;3.2250000e+02;7.2601981e-02;3.2250000e+02;1.0163302e-01;3.2250000e+02;1.3321121e-01;3.2250000e+02;1.6726768e-01;3.2250000e+02;1.9303927e-01;3.2250000e+02;2.1328649e-01;3.2250000e+02;2.3352586e-01;3.2250000e+02;2.5055993e-01;3.2250000e+02;2.5448775e-01;3.2250000e+02;2.3112550e-01;3.2250000e+02;1.8893842e-01;3.2250000e+02;1.3631140e-01;3.2250000e+02;8.4995225e-02;3.2250000e+02;3.8670342e-02;3.2250000e+02;-2.6501287e-03;3.2250000e+02;8.5161701e-03;3.2250000e+02;2.5408054e-02;3.2250000e+02;4.7235299e-02;3.2250000e+02;7.2601981e-02;3.2250000e+02;1.0163302e-01;3.2250000e+02;1.3321121e-01;3.2250000e+02;1.6726768e-01;3.2250000e+02;1.9303927e-01;3.2250000e+02;2.1328649e-01;3.2250000e+02;2.3352586e-01;3.2250000e+02;2.5055993e-01;3.2250000e+02;2.5448775e-01;3.2250000e+02;2.3112550e-01;3.2250000e+02;1.8893842e-01;3.2250000e+02;1.3631140e-01;3.2250000e+02;8.4995225e-02;3.2250000e+02;3.8670342e-02;3.2250000e+02;-2.6501287e-03;3.2250000e+02;8.5161701e-03;3.2250000e+02;2.5408054e-02;3.2250000e+02;4.7235299e-02;3.2250000e+02;7.2601981e-02;3.2250000e+02;1.0163302e-01;3.2250000e+02;1.3321121e-01;3.2250000e+02;1.6726768e-01;3.2250000e+02;1.9303927e-01;3.2250000e+02;2.1328649e-01;3.2250000e+02;2.3352586e-01;3.2250000e+02;2.5055993e-01;3.2250000e+02;2.5448775e-01;3.2250000e+02;2.3112550e-01;3.2250000e+02;1.8893842e-01;3.2250000e+02;1.3631140e-01;3.2250000e+02;8.4995225e-02;3.2250000e+02;3.8670342e-02;3.2250000e+02;-2.6501287e-03;3.2250000e+02;8.5161701e-03;3.2250000e+02;2.5408054e-02;3.2250000e+02;4.7235299e-02;3.2250000e+02;7.2601981e-02;3.2250000e+02;1.0163302e-01;3.2250000e+02;1.3321121e-01;3.2250000e+02;1.6726768e-01;3.2250000e+02;1.9303927e-01;3.2250000e+02;2.1328649e-01;3.2250000e+02;2.3352586e-01;3.2250000e+02;2.5055993e-01;3.2250000e+02;2.5448775e-01;3.2250000e+02;2.3112550e-01;3.2250000e+02;1.8893842e-01;3.2250000e+02;1.3631140e-01;3.2250000e+02;8.4995225e-02;3.2250000e+02;3.8670342e-02;3.2250000e+02;-2.6501287e-03;3.2250000e+02;8.5161701e-03;3.2250000e+02;2.5408054e-02;3.2250000e+02;4.7235299e-02;3.2250000e+02;7.2601981e-02;3.2250000e+02;1.0163302e-01;3.2250000e+02;1.3321121e-01;3.2250000e+02;1.6726768e-01;3.2250000e+02;1.9303927e-01;3.2250000e+02;2.1328649e-01;3.2250000e+02;2.3352586e-01;3.2250000e+02;2.5055993e-01;3.2250000e+02;2.5448775e-01;3.2250000e+02;2.3112550e-01;3.2250000e+02;1.8893842e-01;3.2250000e+02;1.3631140e-01;3.2250000e+02;8.4995225e-02;3.2250000e+02;3.8670342e-02;3.2250000e+02;-2.6501287e-03;3.2250000e+02;8.5161701e-03;3.2250000e+02;2.5408054e-02;3.2250000e+02;4.7235299e-02;3.2250000e+02;7.2601981e-02;3.2250000e+02;1.0163302e-01;3.2250000e+02;1.3321121e-01;3.2250000e+02;1.6726768e-01;3.2250000e+02;1.9303927e-01;3.2250000e+02;2.1328649e-01;3.2250000e+02;2.3352586e-01;3.2250000e+02;2.5055993e-01;3.2250000e+02;2.5448775e-01;3.2250000e+02;2.3112550e-01;3.2250000e+02;1.8893842e-01;3.2250000e+02;1.3631140e-01;3.2250000e+02;8.4995225e-02;3.2250000e+02;3.8670342e-02;3.2250000e+02;-2.6501287e-03;3.2250000e+02;8.5161701e-03;3.2250000e+02;2.5408054e-02;3.2250000e+02;4.7235299e-02;3.2250000e+02;7.2601981e-02;3.2250000e+02;1.0163302e-01;3.2250000e+02;1.3321121e-01;3.2250000e+02;1.6726768e-01;3.2250000e+02;1.9303927e-01;3.2250000e+02;2.1328649e-01;3.2250000e+02;2.3352586e-01;3.2250000e+02;2.5055993e-01;3.2250000e+02;2.5448775e-01;3.2250000e+02;2.3112550e-01;3.2250000e+02;1.8893842e-01;3.2250000e+02;1.3631140e-01;3.2250000e+02;8.4995225e-02;3.2250000e+02;3.8670342e-02;3.2250000e+02;-2.6501287e-03;3.2250000e+02;8.5161701e-03;3.2250000e+02;2.5408054e-02;3.2250000e+02;4.7235299e-02;3.2250000e+02;7.2601981e-02;3.2250000e+02;1.0163302e-01;3.2250000e+02;1.3321121e-01;3.2250000e+02;1.6726768e-01;3.2250000e+02;1.9303927e-01;3.2250000e+02;2.1328649e-01;3.2250000e+02;2.3352586e-01;3.2250000e+02;2.5055993e-01;3.2250000e+02;2.5448775e-01;3.2250000e+02;2.3112550e-01;3.2250000e+02;1.8893842e-01;3.2250000e+02;1.3631140e-01;3.2250000e+02;8.4995225e-02;3.2250000e+02;3.8670342e-02;3.2250000e+02;-2.6501287e-03;3.2250000e+02;8.5161701e-03;3.2250000e+02;2.5408054e-02;3.2250000e+02;4.7235299e-02;3.2250000e+02;7.2601981e-02;3.2250000e+02;1.0163302e-01;3.2250000e+02;1.3321121e-01;3.2250000e+02;1.6726768e-01;3.2250000e+02;1.9303927e-01;3.2250000e+02;2.1328649e-01;3.2250000e+02;2.3352586e-01;3.2250000e+02;2.5055993e-01;3.2250000e+02;2.5448775e-01;3.2250000e+02;2.3112550e-01;3.2250000e+02;1.8893842e-01;3.2250000e+02;1.3631140e-01;3.2250000e+02;8.4995225e-02;3.2250000e+02;3.8670342e-02;3.2250000e+02;-2.6501287e-03;3.2250000e+02;8.5161701e-03;3.2250000e+02;2.5408054e-02;3.2250000e+02;4.7235299e-02;3.2250000e+02;7.2601981e-02;3.2250000e+02;1.0163302e-01;3.2250000e+02;1.3321121e-01;3.2250000e+02;1.6726768e-01;3.2250000e+02;1.9303927e-01;3.2250000e+02;2.1328649e-01;3.2250000e+02;2.3352586e-01;3.2250000e+02;2.5055993e-01;3.2250000e+02;2.5448775e-01;3.2250000e+02;2.3112550e-01;3.2250000e+02;1.8893842e-01;3.2250000e+02;1.3631140e-01;3.2250000e+02;8.4995225e-02;3.2250000e+02;3.8670342e-02;3.2250000e+02;-2.6501287e-03;3.2250000e+02;8.5161701e-03;3.2250000e+02;2.5408054e-02;3.2250000e+02;4.7235299e-02;3.2250000e+02;7.2601981e-02;3.2250000e+02;1.0163302e-01;3.2250000e+02;1.3321121e-01;3.2250000e+02;1.6726768e-01;3.2250000e+02;1.9303927e-01;3.2250000e+02;2.1328649e-01;3.2250000e+02;2.3352586e-01;3.2250000e+02;2.5055993e-01;3.2250000e+02;2.5448775e-01;3.2250000e+02;2.3112550e-01;3.2250000e+02;1.8893842e-01;3.2250000e+02;1.3631140e-01;3.2250000e+02;8.4995225e-02;3.2250000e+02;3.8670342e-02;3.2250000e+02;-2.6501287e-03;3.2250000e+02;8.5161701e-03;3.2250000e+02;2.5408054e-02;3.2250000e+02;4.7235299e-02;3.2250000e+02;7.2601981e-02;3.2250000e+02;1.0163302e-01;3.2250000e+02;1.3321121e-01;3.2250000e+02;1.6726768e-01;3.2250000e+02;1.9303927e-01;3.2250000e+02;2.1328649e-01;3.2250000e+02;2.3352586e-01;3.2250000e+02;2.5055993e-01;3.2250000e+02;2.5448775e-01;3.2250000e+02;2.3112550e-01;3.2250000e+02;1.8893842e-01;3.2250000e+02;1.3631140e-01;3.2250000e+02;8.4995225e-02;3.2250000e+02;3.8670342e-02;3.2250000e+02;-2.6501287e-03;3.2250000e+02;8.5161701e-03;3.2250000e+02;2.5408054e-02;3.2250000e+02;4.7235299e-02;3.2250000e+02;7.2601981e-02;3.2250000e+02;1.0163302e-01;3.2250000e+02;1.3321121e-01;3.2250000e+02;1.6726768e-01;3.2250000e+02;1.9303927e-01;3.2250000e+02;2.1328649e-01;3.2250000e+02;2.3352586e-01;3.2250000e+02;2.5055993e-01;3.2250000e+02;2.5448775e-01;3.2250000e+02;2.3112550e-01;3.2250000e+02;1.8893842e-01;3.2250000e+02;1.3631140e-01;3.2250000e+02;8.4995225e-02;3.2250000e+02;3.8670342e-02;3.2250000e+02;-2.6501287e-03;3.2250000e+02;8.5161701e-03;3.2250000e+02;2.5408054e-02;3.2250000e+02;4.7235299e-02;3.2250000e+02;7.2601981e-02;3.2250000e+02;1.0163302e-01;3.2250000e+02;1.3321121e-01;3.2250000e+02;1.6726768e-01;3.2250000e+02;1.9303927e-01;3.2250000e+02;2.1328649e-01;3.2250000e+02;2.3352586e-01;3.2250000e+02;2.5055993e-01;3.2250000e+02;2.5448775e-01;3.2250000e+02;2.3112550e-01;3.2250000e+02;1.8893842e-01;3.2250000e+02;1.3631140e-01;3.2250000e+02;8.4995225e-02;3.2250000e+02;3.8670342e-02;3.2250000e+02;-2.6501287e-03;3.2250000e+02;8.5161701e-03;3.2250000e+02;2.5408054e-02;3.2250000e+02;4.7235299e-02;3.2250000e+02;7.2601981e-02;3.2250000e+02;1.0163302e-01;3.2250000e+02;1.3321121e-01;3.2250000e+02;1.6726768e-01;3.2250000e+02;1.9303927e-01;3.2250000e+02;2.1328649e-01;3.2250000e+02;2.3352586e-01;3.2250000e+02;2.5055993e-01;3.2250000e+02;2.5448775e-01;3.2250000e+02;2.3112550e-01;3.2250000e+02;1.8893842e-01;3.2250000e+02;1.3631140e-01;3.2250000e+02;8.4995225e-02;3.2250000e+02;3.8670342e-02;3.2250000e+02;-2.6501287e-03;3.2250000e+02;8.5161701e-03;3.2250000e+02;2.5408054e-02;3.2250000e+02;4.7235299e-02;3.2250000e+02;7.2601981e-02;3.2250000e+02;1.0163302e-01;3.2250000e+02;1.3321121e-01;3.2250000e+02;1.6726768e-01;3.2250000e+02;1.9303927e-01;3.2250000e+02;2.1328649e-01;3.2250000e+02;2.3352586e-01;3.2250000e+02;2.5055993e-01;3.2250000e+02;2.5448775e-01;3.2250000e+02;2.3112550e-01;3.2250000e+02;1.8893842e-01;3.2250000e+02;1.3631140e-01;3.2250000e+02;8.4995225e-02;3.2250000e+02;3.8670342e-02;3.2250000e+02;-2.6501287e-03;3.2250000e+02;8.5161701e-03;3.2250000e+02;2.5408054e-02;3.2250000e+02;4.7235299e-02;3.2250000e+02;7.2601981e-02;3.2250000e+02;1.0163302e-01;3.2250000e+02;1.3321121e-01;3.2250000e+02;1.6726768e-01;3.2250000e+02;1.9303927e-01;3.2250000e+02;2.1328649e-01;3.2250000e+02;2.3352586e-01;3.2250000e+02;2.5055993e-01;3.2250000e+02;2.5448775e-01;3.2250000e+02;2.3112550e-01;3.2250000e+02;1.8893842e-01;3.2250000e+02;1.3631140e-01;3.2250000e+02;8.4995225e-02;3.2250000e+02;3.8670342e-02;3.2250000e+02;-2.6501287e-03;3.2250000e+02;8.5161701e-03;3.2250000e+02;2.5408054e-02;3.2250000e+02;4.7235299e-02;3.2250000e+02;7.2601981e-02;3.2250000e+02;1.0163302e-01;3.2250000e+02;1.3321121e-01;3.2250000e+02;1.6726768e-01;3.2250000e+02;1.9303927e-01;3.2250000e+02;2.1328649e-01;3.2250000e+02;2.3352586e-01;3.2250000e+02;2.5055993e-01;3.2250000e+02;2.5448775e-01;3.2250000e+02;2.3112550e-01;3.2250000e+02;1.8893842e-01;3.2250000e+02;1.3631140e-01;3.2250000e+02;8.4995225e-02;3.2250000e+02;3.8670342e-02;3.2250000e+02;-2.6501287e-03;3.2250000e+02;8.5161701e-03;3.2250000e+02;2.5408054e-02;3.2250000e+02;4.7235299e-02;3.2250000e+02;7.2601981e-02;3.2250000e+02;1.0163302e-01;3.2250000e+02;1.3321121e-01;3.2250000e+02;1.6726768e-01;3.2250000e+02;1.9303927e-01;3.2250000e+02;2.1328649e-01;3.2250000e+02;2.3352586e-01;3.2250000e+02;2.5055993e-01;3.2250000e+02;2.5448775e-01;3.2250000e+02;2.3112550e-01;3.2250000e+02;1.8893842e-01;3.2250000e+02;1.3631140e-01;3.2250000e+02;8.4995225e-02;3.2250000e+02;3.8670342e-02;3.2250000e+02;-2.6501287e-03;3.2250000e+02;8.5161701e-03;3.2250000e+02;2.5408054e-02;3.2250000e+02;4.7235299e-02;3.2250000e+02;7.2601981e-02;3.2250000e+02;1.0163302e-01;3.2250000e+02;1.3321121e-01;3.2250000e+02;1.6726768e-01;3.2250000e+02;1.9303927e-01;3.2250000e+02;2.1328649e-01;3.2250000e+02;2.3352586e-01;3.2250000e+02;2.5055993e-01;3.2250000e+02;2.5448775e-01;3.2250000e+02;2.3112550e-01;3.2250000e+02;1.8893842e-01;3.2250000e+02;1.3631140e-01;3.2250000e+02;8.4995225e-02;3.2250000e+02;3.8670342e-02;3.2250000e+02;-2.6501287e-03;3.2250000e+02;8.5161701e-03;3.2250000e+02;2.5408054e-02;3.2250000e+02;4.7235299e-02;3.2250000e+02;7.2601981e-02;3.2250000e+02;1.0163302e-01;3.2250000e+02;1.3321121e-01;3.2250000e+02;1.6726768e-01;3.2250000e+02;1.9303927e-01;3.2250000e+02;2.1328649e-01;3.2250000e+02;2.3352586e-01;3.2250000e+02;2.5055993e-01;3.2250000e+02;2.5448775e-01;3.2250000e+02;2.3112550e-01;3.2250000e+02;1.8893842e-01;3.2250000e+02;1.3631140e-01;3.2250000e+02;8.4995225e-02;3.2250000e+02;3.8670342e-02;3.2250000e+02;-2.6501287e-03;3.2250000e+02;8.5161701e-03;3.2250000e+02;2.5408054e-02;3.2250000e+02;4.7235299e-02;3.2250000e+02;7.2601981e-02;3.2250000e+02;1.0163302e-01;3.2250000e+02;1.3321121e-01;3.2250000e+02;1.6726768e-01;3.2250000e+02;1.9303927e-01;3.2250000e+02;2.1328649e-01;3.2250000e+02;2.3352586e-01;3.2250000e+02;2.5055993e-01;3.2250000e+02;2.5448775e-01;3.2250000e+02;2.3112550e-01;3.2250000e+02;1.8893842e-01;3.2250000e+02;1.3631140e-01;3.2250000e+02;8.4995225e-02;3.2250000e+02;3.8670342e-02;3.2250000e+02;-2.6501287e-03;3.2250000e+02;8.5161701e-03;3.2250000e+02;2.5408054e-02;3.2250000e+02;4.7235299e-02;3.2250000e+02;7.2601981e-02;3.2250000e+02;1.0163302e-01;3.2250000e+02;1.3321121e-01;3.2250000e+02;1.6726768e-01;3.2250000e+02;1.9303927e-01;3.2250000e+02;2.1328649e-01;3.2250000e+02;2.3352586e-01;3.2250000e+02;2.5055993e-01;3.2250000e+02;2.5448775e-01;3.2250000e+02;2.3112550e-01;3.2250000e+02;1.8893842e-01;3.2250000e+02;1.3631140e-01;3.2250000e+02;8.4995225e-02;3.2250000e+02;3.8670342e-02;3.2250000e+02;-2.6501287e-03;3.2250000e+02;8.5161701e-03;3.2250000e+02;2.5408054e-02;3.2250000e+02;4.7235299e-02;3.2250000e+02;7.2601981e-02;3.2250000e+02;1.0163302e-01;3.2250000e+02;1.3321121e-01;3.2250000e+02;1.6726768e-01;3.2250000e+02;1.9303927e-01;3.2250000e+02;2.1328649e-01;3.2250000e+02;2.3352586e-01;3.2250000e+02;2.5055993e-01;3.2250000e+02;2.5448775e-01;3.2250000e+02;2.3112550e-01;3.2250000e+02;1.8893842e-01;3.2250000e+02;1.3631140e-01;3.2250000e+02;8.4995225e-02;3.2250000e+02;3.8670342e-02;3.2250000e+02;-2.6501287e-03;3.2250000e+02;8.5161701e-03;3.2250000e+02;2.5408054e-02;3.2250000e+02;4.7235299e-02;3.2250000e+02;7.2601981e-02;3.2250000e+02;1.0163302e-01;3.2250000e+02;1.3321121e-01;3.2250000e+02;1.6726768e-01;3.2250000e+02;1.9303927e-01;3.2250000e+02;2.1328649e-01;3.2250000e+02;2.3352586e-01;3.2250000e+02;2.5055993e-01;3.2250000e+02;2.5448775e-01;3.2250000e+02;2.3112550e-01;3.2250000e+02;1.8893842e-01;3.2250000e+02;1.3631140e-01;3.2250000e+02;8.4995225e-02;3.2250000e+02;3.8670342e-02;3.2250000e+02;-2.6501287e-03;3.2250000e+02;8.5161701e-03;3.2250000e+02;2.5408054e-02;3.2250000e+02;4.7235299e-02;3.2250000e+02;7.2601981e-02;3.2250000e+02;1.0163302e-01;3.2250000e+02;1.3321121e-01;3.2250000e+02;1.6726768e-01;3.2250000e+02;1.9303927e-01;3.2250000e+02;2.1328649e-01;3.2250000e+02;2.3352586e-01;3.2250000e+02;2.5055993e-01;3.2250000e+02;2.5448775e-01;3.2250000e+02;2.3112550e-01;3.2250000e+02;1.8893842e-01;3.2250000e+02;1.3631140e-01;3.2250000e+02;8.4995225e-02;3.2250000e+02;3.8670342e-02;3.2250000e+02;-2.6501287e-03;3.2250000e+02;8.5161701e-03;3.2250000e+02;2.5408054e-02;3.2250000e+02;4.7235299e-02;3.2250000e+02;7.2601981e-02;3.2250000e+02;1.0163302e-01;3.2250000e+02;1.3321121e-01;3.2250000e+02;1.6726768e-01;3.2250000e+02;1.9303927e-01;3.2250000e+02;2.1328649e-01;3.2250000e+02;2.3352586e-01;3.2250000e+02;2.5055993e-01;3.2250000e+02;2.5448775e-01;3.2250000e+02;2.3112550e-01;3.2250000e+02;1.8893842e-01;3.2250000e+02;1.3631140e-01;3.2250000e+02;8.4995225e-02;3.2250000e+02;3.8670342e-02;3.2250000e+02;-2.6501287e-03;3.2250000e+02;8.5161701e-03;3.2250000e+02;2.5408054e-02;3.2250000e+02;4.7235299e-02;3.2250000e+02;7.2601981e-02;3.2250000e+02;1.0163302e-01;3.2250000e+02;1.3321121e-01;3.2250000e+02;1.6726768e-01;3.2250000e+02;1.9303927e-01;3.2250000e+02;2.1328649e-01;3.2250000e+02;2.3352586e-01;3.2250000e+02;2.5055993e-01;3.2250000e+02;2.5448775e-01;3.2250000e+02;2.3112550e-01;3.2250000e+02;1.8893842e-01;3.2250000e+02;1.3631140e-01;3.2250000e+02;8.4995225e-02;3.2250000e+02;3.8670342e-02;3.2250000e+02;-2.6501287e-03;3.2250000e+02;8.5161701e-03;3.2250000e+02;2.5408054e-02;3.2250000e+02;4.7235299e-02;3.2250000e+02;7.2601981e-02;3.2250000e+02;1.0163302e-01;3.2250000e+02;1.3321121e-01;3.2250000e+02;1.6726768e-01;3.2250000e+02;1.9303927e-01;3.2250000e+02;2.1328649e-01;3.2250000e+02;2.3352586e-01;3.2250000e+02;2.5055993e-01;3.2250000e+02;2.5448775e-01;3.2250000e+02;2.3112550e-01;3.2250000e+02;1.8893842e-01;3.2250000e+02;1.3631140e-01;3.2250000e+02;8.4995225e-02;3.2250000e+02;3.8670342e-02;3.2250000e+02;-2.6501287e-03;3.2250000e+02;8.5161701e-03;3.2250000e+02;2.5408054e-02;3.2250000e+02;4.7235299e-02;3.2250000e+02;7.2601981e-02;3.2250000e+02;1.0163302e-01;3.2250000e+02;1.3321121e-01;3.2250000e+02;1.6726768e-01;3.2250000e+02;1.9303927e-01;3.2250000e+02;2.1328649e-01;3.2250000e+02;2.3352586e-01;3.2250000e+02;2.5055993e-01;3.2250000e+02;2.5448775e-01;3.2250000e+02;2.3112550e-01;3.2250000e+02;1.8893842e-01;3.2250000e+02;1.3631140e-01;3.2250000e+02;8.4995225e-02;3.2250000e+02;3.8670342e-02;3.2250000e+02;-2.6501287e-03;3.2250000e+02;8.5161701e-03;3.2250000e+02;2.5408054e-02;3.2250000e+02;4.7235299e-02;3.2250000e+02;7.2601981e-02;3.2250000e+02;1.0163302e-01;3.2250000e+02;1.3321121e-01;3.2250000e+02;1.6726768e-01;3.2250000e+02;1.9303927e-01;3.2250000e+02;2.1328649e-01;3.2250000e+02;2.3352586e-01;3.2250000e+02;2.5055993e-01;3.2250000e+02;2.5448775e-01;3.2250000e+02;2.3112550e-01;3.2250000e+02;1.8893842e-01;3.2250000e+02;1.3631140e-01;3.2250000e+02;8.4995225e-02;3.2250000e+02;3.8670342e-02;3.2250000e+02;-2.6501287e-03;3.2250000e+02;8.5161701e-03;3.2250000e+02;2.5408054e-02;3.2250000e+02;4.7235299e-02;3.2250000e+02;7.2601981e-02;3.2250000e+02;1.0163302e-01;3.2250000e+02;1.3321121e-01;3.2250000e+02;1.6726768e-01;3.2250000e+02;1.9303927e-01;3.2250000e+02;2.1328649e-01;3.2250000e+02;2.3352586e-01;3.2250000e+02;2.5055993e-01;3.2250000e+02;2.5448775e-01;3.2250000e+02;2.3112550e-01;3.2250000e+02;1.8893842e-01;3.2250000e+02;1.3631140e-01;3.2250000e+02;8.4995225e-02;3.2250000e+02;3.8670342e-02;3.2250000e+02;-2.6501287e-03;3.2250000e+02;8.5161701e-03;3.2250000e+02;2.5408054e-02;3.2250000e+02;4.7235299e-02;3.2250000e+02;7.2601981e-02;3.2250000e+02;1.0163302e-01;3.2250000e+02;1.3321121e-01;3.2250000e+02;1.6726768e-01;3.2250000e+02;1.9303927e-01;3.2250000e+02;2.1328649e-01;3.2250000e+02;2.3352586e-01;3.2250000e+02;2.5055993e-01;3.2250000e+02;2.5448775e-01;3.2250000e+02;2.3112550e-01;3.2250000e+02;1.8893842e-01;3.2250000e+02;1.3631140e-01;3.2250000e+02;8.4995225e-02;3.2250000e+02;3.8670342e-02;3.2250000e+02;-2.6501287e-03;3.2250000e+02;8.5161701e-03;3.2250000e+02;2.5408054e-02;3.2250000e+02;4.7235299e-02;3.2250000e+02;7.2601981e-02;3.2250000e+02;1.0163302e-01;3.2250000e+02;1.3321121e-01;3.2250000e+02;1.6726768e-01;3.2250000e+02;1.9303927e-01;3.2250000e+02;2.1328649e-01;3.2250000e+02;2.3352586e-01;3.2250000e+02;2.5055993e-01;3.2250000e+02;2.5448775e-01;3.2250000e+02;2.3112550e-01;3.2250000e+02;1.8893842e-01;3.2250000e+02;1.3631140e-01;3.2250000e+02;8.4995225e-02;3.2250000e+02;3.8670342e-02;3.2250000e+02;-2.6501287e-03;3.2250000e+02;8.5161701e-03;3.2250000e+02;2.5408054e-02;3.2250000e+02;4.7235299e-02;3.2250000e+02;7.2601981e-02;3.2250000e+02;1.0163302e-01;3.2250000e+02;1.3321121e-01;3.2250000e+02;1.6726768e-01;3.2250000e+02;1.9303927e-01;3.2250000e+02;2.1328649e-01;3.2250000e+02;2.3352586e-01;3.2250000e+02;2.5055993e-01;3.2250000e+02;2.5448775e-01;3.2250000e+02;2.3112550e-01;3.2250000e+02;1.8893842e-01;3.2250000e+02;1.3631140e-01;3.2250000e+02;8.4995225e-02;3.2250000e+02;3.8670342e-02;3.2250000e+02;-2.6501287e-03;3.2250000e+02;8.5161701e-03;3.2250000e+02;2.5408054e-02;3.2250000e+02;4.7235299e-02;3.2250000e+02;7.2601981e-02;3.2250000e+02;1.0163302e-01;3.2250000e+02;1.3321121e-01;3.2250000e+02;1.6726768e-01;3.2250000e+02;1.9303927e-01;3.2250000e+02;2.1328649e-01;3.2250000e+02;2.3352586e-01;3.2250000e+02;2.5055993e-01;3.2250000e+02;2.5448775e-01;3.2250000e+02;2.3112550e-01;3.2250000e+02;1.8893842e-01;3.2250000e+02;1.3631140e-01;3.2250000e+02;8.4995225e-02;3.2250000e+02;3.8670342e-02;3.2250000e+02;-2.6501287e-03;3.2250000e+02;8.5161701e-03;3.2250000e+02;2.5408054e-02;3.2250000e+02;4.7235299e-02;3.2250000e+02;7.2601981e-02;3.2250000e+02;1.0163302e-01;3.2250000e+02;1.3321121e-01;3.2250000e+02;1.6726768e-01;3.2250000e+02;1.9303927e-01;3.2250000e+02;2.1328649e-01;3.2250000e+02;2.3352586e-01;3.2250000e+02;2.5055993e-01;3.2250000e+02;2.5448775e-01;3.2250000e+02;2.3112550e-01;3.2250000e+02;1.8893842e-01;3.2250000e+02;1.3631140e-01;3.2250000e+02;8.4995225e-02;3.2250000e+02;3.8670342e-02;3.2250000e+02;-2.6501287e-03;3.2250000e+02;8.5161701e-03;3.2250000e+02;2.5408054e-02;3.2250000e+02;4.7235299e-02;3.2250000e+02;7.2601981e-02;3.2250000e+02;1.0163302e-01;3.2250000e+02;1.3321121e-01;3.2250000e+02;1.6726768e-01;3.2250000e+02;1.9303927e-01;3.2250000e+02;2.1328649e-01;3.2250000e+02;2.3352586e-01;3.2250000e+02;2.5055993e-01;3.2250000e+02;2.5448775e-01;3.2250000e+02;2.3112550e-01;3.2250000e+02;1.8893842e-01;3.2250000e+02;1.3631140e-01;3.2250000e+02;8.4995225e-02;3.2250000e+02;3.8670342e-02;3.2250000e+02;-2.6501287e-03;3.2250000e+02;8.5161701e-03;3.2250000e+02;2.5408054e-02;3.2250000e+02;4.7235299e-02;3.2250000e+02;7.2601981e-02;3.2250000e+02;1.0163302e-01;3.2250000e+02;1.3321121e-01;3.2250000e+02;1.6726768e-01;3.2250000e+02;1.9303927e-01;3.2250000e+02;2.1328649e-01;3.2250000e+02;2.3352586e-01;3.2250000e+02;2.5055993e-01;3.2250000e+02;2.5448775e-01;3.2250000e+02;2.3112550e-01;3.2250000e+02;1.8893842e-01;3.2250000e+02;1.3631140e-01;3.2250000e+02;8.4995225e-02;3.2250000e+02;3.8670342e-02;3.2250000e+02;-2.6501287e-03;3.2250000e+02;8.5161701e-03;3.2250000e+02;2.5408054e-02;3.2250000e+02;4.7235299e-02;3.2250000e+02;7.2601981e-02;3.2250000e+02;1.0163302e-01;3.2250000e+02;1.3321121e-01;3.2250000e+02;1.6726768e-01;3.2250000e+02;1.9303927e-01;3.2250000e+02;2.1328649e-01;3.2250000e+02;2.3352586e-01;3.2250000e+02;2.5055993e-01;3.2250000e+02;2.5448775e-01;3.2250000e+02;2.3112550e-01;3.2250000e+02;1.8893842e-01;3.2250000e+02;1.3631140e-01;3.2250000e+02;8.4995225e-02;3.2250000e+02;3.8670342e-02;3.2250000e+02;-2.6501287e-03;3.2250000e+02;8.5161701e-03;3.2250000e+02;2.5408054e-02;3.2250000e+02;4.7235299e-02;3.2250000e+02;7.2601981e-02;3.2250000e+02;1.0163302e-01;3.2250000e+02;1.3321121e-01;3.2250000e+02;1.6726768e-01;3.2250000e+02;1.9303927e-01;3.2250000e+02;2.1328649e-01;3.2250000e+02;2.3352586e-01;3.2250000e+02;2.5055993e-01;3.2250000e+02;2.5448775e-01;3.2250000e+02;2.3112550e-01;3.2250000e+02;1.8893842e-01;3.2250000e+02;1.3631140e-01;3.2250000e+02;8.4995225e-02;3.2250000e+02;3.8670342e-02;3.2250000e+02;-2.6501287e-03;3.2250000e+02;8.5161701e-03;3.2250000e+02;2.5408054e-02;3.2250000e+02;4.7235299e-02;3.2250000e+02;7.2601981e-02;3.2250000e+02;1.0163302e-01;3.2250000e+02;1.3321121e-01;3.2250000e+02;1.6726768e-01;3.2250000e+02;1.9303927e-01;3.2250000e+02;2.1328649e-01;3.2250000e+02;2.3352586e-01;3.2250000e+02;2.5055993e-01;3.2250000e+02;2.5448775e-01;3.2250000e+02;2.3112550e-01;3.2250000e+02;1.8893842e-01;3.2250000e+02;1.3631140e-01;3.2250000e+02;8.4995225e-02;3.2250000e+02;3.8670342e-02;3.2250000e+02;-2.6501287e-03;3.2250000e+02;8.5161701e-03;3.2250000e+02;2.5408054e-02;3.2250000e+02;4.7235299e-02;3.2250000e+02;7.2601981e-02;3.2250000e+02;1.0163302e-01;3.2250000e+02;1.3321121e-01;3.2250000e+02;1.6726768e-01;3.2250000e+02;1.9303927e-01;3.2250000e+02;2.1328649e-01;3.2250000e+02;2.3352586e-01;3.2250000e+02;2.5055993e-01;3.2250000e+02;2.5448775e-01;3.2250000e+02;2.3112550e-01;3.2250000e+02;1.8893842e-01;3.2250000e+02;1.3631140e-01;3.2250000e+02;8.4995225e-02;3.2250000e+02;3.8670342e-02;3.2250000e+02;-2.6501287e-03;3.2250000e+02;8.5161701e-03;3.2250000e+02;2.5408054e-02;3.2250000e+02;4.7235299e-02;3.2250000e+02;7.2601981e-02;3.2250000e+02;1.0163302e-01;3.2250000e+02;1.3321121e-01;3.2250000e+02;1.6726768e-01;3.2250000e+02;1.9303927e-01;3.2250000e+02;2.1328649e-01;3.2250000e+02;2.3352586e-01;3.2250000e+02;2.5055993e-01;3.2250000e+02;2.5448775e-01;3.2250000e+02;2.3112550e-01;3.2250000e+02;1.8893842e-01;3.2250000e+02;1.3631140e-01;3.2250000e+02;8.4995225e-02;3.2250000e+02;3.8670342e-02;3.2250000e+02;-2.6501287e-03;3.2250000e+02;8.5161701e-03;3.2250000e+02;2.5408054e-02;3.2250000e+02;4.7235299e-02;3.2250000e+02;7.2601981e-02;3.2250000e+02;1.0163302e-01;3.2250000e+02;1.3321121e-01;3.2250000e+02;1.6726768e-01;3.2250000e+02;1.9303927e-01;3.2250000e+02;2.1328649e-01;3.2250000e+02;2.3352586e-01;3.2250000e+02;2.5055993e-01;3.2250000e+02;2.5448775e-01;3.2250000e+02;2.3112550e-01;3.2250000e+02;1.8893842e-01;3.2250000e+02;1.3631140e-01;3.2250000e+02;8.4995225e-02;3.2250000e+02;3.8670342e-02;3.2250000e+02;-2.6501287e-03;3.2250000e+02;8.5161701e-03;3.2250000e+02;2.5408054e-02;3.2250000e+02;4.7235299e-02;3.2250000e+02;7.2601981e-02;3.2250000e+02;1.0163302e-01;3.2250000e+02;1.3321121e-01;3.2250000e+02;1.6726768e-01;3.2250000e+02;1.9303927e-01;3.2250000e+02;2.1328649e-01;3.2250000e+02;2.3352586e-01;3.2250000e+02;2.5055993e-01;3.2250000e+02;2.5448775e-01;3.2250000e+02;2.3112550e-01;3.2250000e+02;1.8893842e-01;3.2250000e+02;1.3631140e-01;3.2250000e+02;8.4995225e-02;3.2250000e+02;3.8670342e-02;3.2250000e+02;-2.6501287e-03;3.2250000e+02;8.5161701e-03;3.2250000e+02;2.5408054e-02;3.2250000e+02;4.7235299e-02;3.2250000e+02;7.2601981e-02;3.2250000e+02;1.0163302e-01;3.2250000e+02;1.3321121e-01;3.2250000e+02;1.6726768e-01;3.2250000e+02;1.9303927e-01;3.2250000e+02;2.1328649e-01;3.2250000e+02;2.3352586e-01;3.2250000e+02;2.5055993e-01;3.2250000e+02;2.5448775e-01;3.2250000e+02;2.3112550e-01;3.2250000e+02;1.8893842e-01;3.2250000e+02;1.3631140e-01;3.2250000e+02;8.4995225e-02;3.2250000e+02;3.8670342e-02;3.2250000e+02;-2.6501287e-03;3.2250000e+02;8.5161701e-03;3.2250000e+02;2.5408054e-02;3.2250000e+02;4.7235299e-02;3.2250000e+02;7.2601981e-02;3.2250000e+02;1.0163302e-01;3.2250000e+02;1.3321121e-01;3.2250000e+02;1.6726768e-01;3.2250000e+02;1.9303927e-01;3.2250000e+02;2.1328649e-01;3.2250000e+02;2.3352586e-01;3.2250000e+02;2.5055993e-01;3.2250000e+02;2.5448775e-01;3.2250000e+02;2.3112550e-01;3.2250000e+02;1.8893842e-01;3.2250000e+02;1.3631140e-01;3.2250000e+02;8.4995225e-02;3.2250000e+02;3.8670342e-02;3.2250000e+02;-2.6501287e-03;3.2250000e+02;8.5161701e-03;3.2250000e+02;2.5408054e-02;3.2250000e+02;4.7235299e-02;3.2250000e+02;7.2601981e-02;3.2250000e+02;1.0163302e-01;3.2250000e+02;1.3321121e-01;3.2250000e+02;1.6726768e-01;3.2250000e+02;1.9303927e-01;3.2250000e+02;2.1328649e-01;3.2250000e+02;2.3352586e-01;3.2250000e+02;2.5055993e-01;3.2250000e+02;2.5448775e-01;3.2250000e+02;2.3112550e-01;3.2250000e+02;1.8893842e-01;3.2250000e+02;1.3631140e-01;3.2250000e+02;8.4995225e-02;3.2250000e+02;3.8670342e-02;3.2250000e+02;-2.6501287e-03;3.2250000e+02;8.5161701e-03;3.2250000e+02;2.5408054e-02;3.2250000e+02;4.7235299e-02;3.2250000e+02;7.2601981e-02;3.2250000e+02;1.0163302e-01;3.2250000e+02;1.3321121e-01;3.2250000e+02;1.6726768e-01;3.2250000e+02;1.9303927e-01;3.2250000e+02;2.1328649e-01;3.2250000e+02;2.3352586e-01;3.2250000e+02;2.5055993e-01;3.2250000e+02;2.5448775e-01;3.2250000e+02;2.3112550e-01;3.2250000e+02;1.8893842e-01;3.2250000e+02;1.3631140e-01;3.2250000e+02;8.4995225e-02;3.2250000e+02;3.8670342e-02;3.2250000e+02;-2.6501287e-03;3.2250000e+02;8.5161701e-03;3.2250000e+02;2.5408054e-02;3.2250000e+02;4.7235299e-02;3.2250000e+02;7.2601981e-02;3.2250000e+02;1.0163302e-01;3.2250000e+02;1.3321121e-01;3.2250000e+02;1.6726768e-01;3.2250000e+02;1.9303927e-01;3.2250000e+02;2.1328649e-01;3.2250000e+02;2.3352586e-01;3.2250000e+02;2.5055993e-01;3.2250000e+02;2.5448775e-01;3.2250000e+02;2.3112550e-01;3.2250000e+02;1.8893842e-01;3.2250000e+02;1.3631140e-01;3.2250000e+02;8.4995225e-02;3.2250000e+02;3.8670342e-02;3.2250000e+02;-2.6501287e-03;3.2250000e+02;8.5161701e-03;3.2250000e+02;2.5408054e-02;3.2250000e+02;4.7235299e-02;3.2250000e+02;7.2601981e-02;3.2250000e+02;1.0163302e-01;3.2250000e+02;1.3321121e-01;3.2250000e+02;1.6726768e-01;3.2250000e+02;1.9303927e-01;3.2250000e+02;2.1328649e-01;3.2250000e+02;2.3352586e-01;3.2250000e+02;2.5055993e-01;3.2250000e+02;2.5448775e-01;3.2250000e+02;2.3112550e-01;3.2250000e+02;1.8893842e-01;3.2250000e+02;1.3631140e-01;3.2250000e+02;8.4995225e-02;3.2250000e+02;3.8670342e-02;3.2250000e+02;-2.6501287e-03;3.2250000e+02;8.5161701e-03;3.2250000e+02;2.5408054e-02;3.2250000e+02;4.7235299e-02;3.2250000e+02;7.2601981e-02;3.2250000e+02;1.0163302e-01;3.2250000e+02;1.3321121e-01;3.2250000e+02;1.6726768e-01;3.2250000e+02;1.9303927e-01;3.2250000e+02;2.1328649e-01;3.2250000e+02;2.3352586e-01;3.2250000e+02;2.5055993e-01;3.2250000e+02;2.5448775e-01;3.2250000e+02;2.3112550e-01;3.2250000e+02;1.8893842e-01;3.2250000e+02;1.3631140e-01;3.2250000e+02;8.4995225e-02;3.2250000e+02;3.8670342e-02;3.2250000e+02;-2.6501287e-03;3.2250000e+02;8.5161701e-03;3.2250000e+02;2.5408054e-02;3.2250000e+02;4.7235299e-02;3.2250000e+02;7.2601981e-02;3.2250000e+02;1.0163302e-01;3.2250000e+02;1.3321121e-01;3.2250000e+02;1.6726768e-01;3.2250000e+02;1.9303927e-01;3.2250000e+02;2.1328649e-01;3.2250000e+02;2.3352586e-01;3.2250000e+02;2.5055993e-01;3.2250000e+02;2.5448775e-01;3.2250000e+02;2.3112550e-01;3.2250000e+02;1.8893842e-01;3.2250000e+02;1.3631140e-01;3.2250000e+02;8.4995225e-02;3.2250000e+02;3.8670342e-02;3.2250000e+02;-2.6501287e-03;3.2250000e+02;8.5161701e-03;3.2250000e+02;2.5408054e-02;3.2250000e+02;4.7235299e-02;3.2250000e+02;7.2601981e-02;3.2250000e+02;1.0163302e-01;3.2250000e+02;1.3321121e-01;3.2250000e+02;1.6726768e-01;3.2250000e+02;1.9303927e-01;3.2250000e+02;2.1328649e-01;3.2250000e+02;2.3352586e-01;3.2250000e+02;2.5055993e-01;3.2250000e+02;2.5448775e-01;3.2250000e+02;2.3112550e-01;3.2250000e+02;1.8893842e-01;3.2250000e+02;1.3631140e-01;3.2250000e+02;8.4995225e-02;3.2250000e+02;3.8670342e-02;3.2250000e+02;-2.6501287e-03;3.2250000e+02;8.5161701e-03;3.2250000e+02;2.5408054e-02;3.2250000e+02;4.7235299e-02;3.2250000e+02;7.2601981e-02;3.2250000e+02;1.0163302e-01;3.2250000e+02;1.3321121e-01;3.2250000e+02;1.6726768e-01;3.2250000e+02;1.9303927e-01;3.2250000e+02;2.1328649e-01;3.2250000e+02;2.3352586e-01;3.2250000e+02;2.5055993e-01;3.2250000e+02;2.5448775e-01;3.2250000e+02;2.3112550e-01;3.2250000e+02;1.8893842e-01;3.2250000e+02;1.3631140e-01;3.2250000e+02;8.4995225e-02;3.2250000e+02;3.8670342e-02;3.2250000e+02;-2.6501287e-03;3.2250000e+02;8.5161701e-03;3.2250000e+02;2.5408054e-02;3.2250000e+02;4.7235299e-02;3.2250000e+02;7.2601981e-02;3.2250000e+02;1.0163302e-01;3.2250000e+02;1.3321121e-01;3.2250000e+02;1.6726768e-01;3.2250000e+02;1.9303927e-01;3.2250000e+02;2.1328649e-01;3.2250000e+02;2.3352586e-01;3.2250000e+02;2.5055993e-01;3.2250000e+02;2.5448775e-01;3.2250000e+02;2.3112550e-01;3.2250000e+02;1.8893842e-01;3.2250000e+02;1.3631140e-01;3.2250000e+02;8.4995225e-02;3.2250000e+02;3.8670342e-02;3.2250000e+02;-2.6501287e-03;3.2250000e+02;8.5161701e-03;3.2250000e+02;2.5408054e-02;3.2250000e+02;4.7235299e-02;3.2250000e+02;7.2601981e-02;3.2250000e+02;1.0163302e-01;3.2250000e+02;1.3321121e-01;3.2250000e+02;1.6726768e-01;3.2250000e+02;1.9303927e-01;3.2250000e+02;2.1328649e-01;3.2250000e+02;2.3352586e-01;3.2250000e+02;2.5055993e-01;3.2250000e+02;2.5448775e-01;3.2250000e+02;2.3112550e-01;3.2250000e+02;1.8893842e-01;3.2250000e+02;1.3631140e-01;3.2250000e+02;8.4995225e-02;3.2250000e+02;3.8670342e-02;3.2250000e+02;-2.6501287e-03;3.2250000e+02;8.5161701e-03;3.2250000e+02;2.5408054e-02;3.2250000e+02;4.7235299e-02;3.2250000e+02;7.2601981e-02;3.2250000e+02;1.0163302e-01;3.2250000e+02;1.3321121e-01;3.2250000e+02;1.6726768e-01;3.2250000e+02;1.9303927e-01;3.2250000e+02;2.1328649e-01;3.2250000e+02;2.3352586e-01;3.2250000e+02;2.5055993e-01;3.2250000e+02;2.5448775e-01;3.2250000e+02;2.3112550e-01;3.2250000e+02;1.8893842e-01;3.2250000e+02;1.3631140e-01;3.2250000e+02;8.4995225e-02;3.2250000e+02;3.8670342e-02;3.2250000e+02;-2.6501287e-03;3.2250000e+02;8.5161701e-03;3.2250000e+02;2.5408054e-02;3.2250000e+02;4.7235299e-02;3.2250000e+02;7.2601981e-02;3.2250000e+02;1.0163302e-01;3.2250000e+02;1.3321121e-01;3.2250000e+02;1.6726768e-01;3.2250000e+02;1.9303927e-01;3.2250000e+02;2.1328649e-01;3.2250000e+02;2.3352586e-01;3.2250000e+02;2.5055993e-01;3.2250000e+02;2.5448775e-01;3.2250000e+02;2.3112550e-01;3.2250000e+02;1.8893842e-01;3.2250000e+02;1.3631140e-01;3.2250000e+02;8.4995225e-02;3.2250000e+02;3.8670342e-02;3.2250000e+02;-2.6501287e-03;3.2250000e+02;8.5161701e-03;3.2250000e+02;2.5408054e-02;3.2250000e+02;4.7235299e-02;3.2250000e+02;7.2601981e-02;3.2250000e+02;1.0163302e-01;3.2250000e+02;1.3321121e-01;3.2250000e+02;1.6726768e-01;3.2250000e+02;1.9303927e-01;3.2250000e+02;2.1328649e-01;3.2250000e+02;2.3352586e-01;3.2250000e+02;2.5055993e-01;3.2250000e+02;2.5448775e-01;3.2250000e+02;2.3112550e-01;3.2250000e+02;1.8893842e-01;3.2250000e+02;1.3631140e-01;3.2250000e+02;8.4995225e-02;3.2250000e+02;3.8670342e-02;3.2250000e+02;-2.6501287e-03;3.2250000e+02;8.5161701e-03;3.2250000e+02;2.5408054e-02;3.2250000e+02;4.7235299e-02;3.2250000e+02;7.2601981e-02;3.2250000e+02;1.0163302e-01;3.2250000e+02;1.3321121e-01;3.2250000e+02;1.6726768e-01;3.2250000e+02;1.9303927e-01;3.2250000e+02;2.1328649e-01;3.2250000e+02;2.3352586e-01;3.2250000e+02;2.5055993e-01;3.2250000e+02;2.5448775e-01;3.2250000e+02;2.3112550e-01;3.2250000e+02;1.8893842e-01;3.2250000e+02;1.3631140e-01;3.2250000e+02;8.4995225e-02;3.2250000e+02;3.8670342e-02;3.2250000e+02;-2.6501287e-03;3.2250000e+02;8.5161701e-03;3.2250000e+02;2.5408054e-02;3.2250000e+02;4.7235299e-02;3.2250000e+02;7.2601981e-02;3.2250000e+02;1.0163302e-01;3.2250000e+02;1.3321121e-01;3.2250000e+02;1.6726768e-01;3.2250000e+02;1.9303927e-01;3.2250000e+02;2.1328649e-01;3.2250000e+02;2.3352586e-01;3.2250000e+02;2.5055993e-01;3.2250000e+02;2.5448775e-01;3.2250000e+02;2.3112550e-01;3.2250000e+02;1.8893842e-01;3.2250000e+02;1.3631140e-01;3.2250000e+02;8.4995225e-02;3.2250000e+02;3.8670342e-02;3.2250000e+02;-2.6501287e-03;3.2250000e+02;8.5161701e-03;3.2250000e+02;2.5408054e-02;3.2250000e+02;4.7235299e-02;3.2250000e+02;7.2601981e-02;3.2250000e+02;1.0163302e-01;3.2250000e+02;1.3321121e-01;3.2250000e+02;1.6726768e-01;3.2250000e+02;1.9303927e-01;3.2250000e+02;2.1328649e-01;3.2250000e+02;2.3352586e-01;3.2250000e+02;2.5055993e-01;3.2250000e+02;2.5448775e-01;3.2250000e+02;2.3112550e-01;3.2250000e+02;1.8893842e-01;3.2250000e+02;1.3631140e-01;3.2250000e+02;8.4995225e-02;3.2250000e+02;3.8670342e-02;3.2250000e+02;-2.6501287e-03;3.2250000e+02;8.5161701e-03;3.2250000e+02;2.5408054e-02;3.2250000e+02;4.7235299e-02;3.2250000e+02;7.2601981e-02;3.2250000e+02;1.0163302e-01;3.2250000e+02;1.3321121e-01;3.2250000e+02;1.6726768e-01;3.2250000e+02;1.9303927e-01;3.2250000e+02;2.1328649e-01;3.2250000e+02;2.3352586e-01;3.2250000e+02;2.5055993e-01;3.2250000e+02;2.5448775e-01;3.2250000e+02;2.3112550e-01;3.2250000e+02;1.8893842e-01;3.2250000e+02;1.3631140e-01;3.2250000e+02;8.4995225e-02;3.2250000e+02;3.8670342e-02;3.2250000e+02;-2.6501287e-03;3.2250000e+02;8.5161701e-03;3.2250000e+02;2.5408054e-02;3.2250000e+02;4.7235299e-02;3.2250000e+02;7.2601981e-02;3.2250000e+02;1.0163302e-01;3.2250000e+02;1.3321121e-01;3.2250000e+02;1.6726768e-01;3.2250000e+02;1.9303927e-01;3.2250000e+02;2.1328649e-01;3.2250000e+02;2.3352586e-01;3.2250000e+02;2.5055993e-01;3.2250000e+02;2.5448775e-01;3.2250000e+02;2.3112550e-01;3.2250000e+02;1.8893842e-01;3.2250000e+02;1.3631140e-01;3.2250000e+02;8.4995225e-02;3.2250000e+02;3.8670342e-02;3.2250000e+02;-2.6501287e-03;3.2250000e+02;8.5161701e-03;3.2250000e+02;2.5408054e-02;3.2250000e+02;4.7235299e-02;3.2250000e+02;7.2601981e-02;3.2250000e+02;1.0163302e-01;3.2250000e+02;1.3321121e-01;3.2250000e+02;1.6726768e-01;3.2250000e+02;1.9303927e-01;3.2250000e+02;2.1328649e-01;3.2250000e+02;2.3352586e-01;3.2250000e+02;2.5055993e-01;3.2250000e+02;2.5448775e-01;3.2250000e+02;2.3112550e-01;3.2250000e+02;1.8893842e-01;3.2250000e+02;1.3631140e-01;3.2250000e+02;8.4995225e-02;3.2250000e+02;3.8670342e-02;3.2250000e+02;-2.6501287e-03;3.2250000e+02;8.5161701e-03;3.2250000e+02;2.5408054e-02;3.2250000e+02;4.7235299e-02;3.2250000e+02;7.2601981e-02;3.2250000e+02;1.0163302e-01;3.2250000e+02;1.3321121e-01;3.2250000e+02;1.6726768e-01;3.2250000e+02;1.9303927e-01;3.2250000e+02;2.1328649e-01;3.2250000e+02;2.3352586e-01;3.2250000e+02;2.5055993e-01;3.2250000e+02;2.5448775e-01;3.2250000e+02;2.3112550e-01;3.2250000e+02;1.8893842e-01;3.2250000e+02;1.3631140e-01;3.2250000e+02;8.4995225e-02;3.2250000e+02;3.8670342e-02;3.2250000e+02;-2.6501287e-03;3.2250000e+02;8.5161701e-03;3.2250000e+02;2.5408054e-02;3.2250000e+02;4.7235299e-02;3.2250000e+02;7.2601981e-02;3.2250000e+02;1.0163302e-01;3.2250000e+02;1.3321121e-01;3.2250000e+02;1.6726768e-01;3.2250000e+02;1.9303927e-01;3.2250000e+02;2.1328649e-01;3.2250000e+02;2.3352586e-01;3.2250000e+02;2.5055993e-01;3.2250000e+02;2.5448775e-01;3.2250000e+02;2.3112550e-01;3.2250000e+02;1.8893842e-01;3.2250000e+02;1.3631140e-01;3.2250000e+02;8.4995225e-02;3.2250000e+02;3.8670342e-02;3.2250000e+02;-2.6501287e-03;3.2250000e+02;8.5161701e-03;3.2250000e+02;2.5408054e-02;3.2250000e+02;4.7235299e-02;3.2250000e+02;7.2601981e-02;3.2250000e+02;1.0163302e-01;3.2250000e+02;1.3321121e-01;3.2250000e+02;1.6726768e-01;3.2250000e+02;1.9303927e-01;3.2250000e+02;2.1328649e-01;3.2250000e+02;2.3352586e-01;3.2250000e+02;2.5055993e-01;3.2250000e+02;2.5448775e-01;3.2250000e+02;2.3112550e-01;3.2250000e+02;1.8893842e-01;3.2250000e+02;1.3631140e-01;3.2250000e+02;8.4995225e-02;3.2250000e+02;3.8670342e-02;3.2250000e+02;-2.6501287e-03;3.2250000e+02;8.5161701e-03;3.2250000e+02;2.5408054e-02;3.2250000e+02;4.7235299e-02;3.2250000e+02;7.2601981e-02;3.2250000e+02;1.0163302e-01;3.2250000e+02;1.3321121e-01;3.2250000e+02;1.6726768e-01;3.2250000e+02;1.9303927e-01;3.2250000e+02;2.1328649e-01;3.2250000e+02;2.3352586e-01;3.2250000e+02;2.5055993e-01;3.2250000e+02;2.5448775e-01;3.2250000e+02;2.3112550e-01;3.2250000e+02;1.8893842e-01;3.2250000e+02;1.3631140e-01;3.2250000e+02;8.4995225e-02;3.2250000e+02;3.8670342e-02;3.2250000e+02;-2.6501287e-03;3.2250000e+02;8.5161701e-03;3.2250000e+02;2.5408054e-02;3.2250000e+02;4.7235299e-02;3.2250000e+02;7.2601981e-02;3.2250000e+02;1.0163302e-01;3.2250000e+02;1.3321121e-01;3.2250000e+02;1.6726768e-01;3.2250000e+02;1.9303927e-01;3.2250000e+02;2.1328649e-01;3.2250000e+02;2.3352586e-01;3.2250000e+02;2.5055993e-01;3.2250000e+02;2.5448775e-01;3.2250000e+02;2.3112550e-01;3.2250000e+02;1.8893842e-01;3.2250000e+02;1.3631140e-01;3.2250000e+02;8.4995225e-02;3.2250000e+02;3.8670342e-02;3.2250000e+02;-2.6501287e-03;3.2250000e+02;8.5161701e-03;3.2250000e+02;2.5408054e-02;3.2250000e+02;4.7235299e-02;3.2250000e+02;7.2601981e-02;3.2250000e+02;1.0163302e-01;3.2250000e+02;1.3321121e-01;3.2250000e+02;1.6726768e-01;3.2250000e+02;1.9303927e-01;3.2250000e+02;2.1328649e-01;3.2250000e+02;2.3352586e-01;3.2250000e+02;2.5055993e-01;3.2250000e+02;2.5448775e-01;3.2250000e+02;2.3112550e-01;3.2250000e+02;1.8893842e-01;3.2250000e+02;1.3631140e-01;3.2250000e+02;8.4995225e-02;3.2250000e+02;3.8670342e-02;3.2250000e+02;-2.6501287e-03;3.2250000e+02;8.5161701e-03;3.2250000e+02;2.5408054e-02;3.2250000e+02;4.7235299e-02;3.2250000e+02;7.2601981e-02;3.2250000e+02;1.0163302e-01;3.2250000e+02;1.3321121e-01;3.2250000e+02;1.6726768e-01;3.2250000e+02;1.9303927e-01;3.2250000e+02;2.1328649e-01;3.2250000e+02;2.3352586e-01;3.2250000e+02;2.5055993e-01;3.2250000e+02;2.5448775e-01;3.2250000e+02;2.3112550e-01;3.2250000e+02;1.8893842e-01;3.2250000e+02;1.3631140e-01;3.2250000e+02;8.4995225e-02;3.2250000e+02;3.8670342e-02;3.2250000e+02;-2.6501287e-03;3.2250000e+02;8.5161701e-03;3.2250000e+02;2.5408054e-02;3.2250000e+02;4.7235299e-02;3.2250000e+02;7.2601981e-02;3.2250000e+02;1.0163302e-01;3.2250000e+02;1.3321121e-01;3.2250000e+02;1.6726768e-01;3.2250000e+02;1.9303927e-01;3.2250000e+02;2.1328649e-01;3.2250000e+02;2.3352586e-01;3.2250000e+02;2.5055993e-01;3.2250000e+02;2.5448775e-01;3.2250000e+02;2.3112550e-01;3.2250000e+02;1.8893842e-01;3.2250000e+02;1.3631140e-01;3.2250000e+02;8.4995225e-02;3.2250000e+02;3.8670342e-02;3.2250000e+02;-2.6501287e-03;3.2250000e+02;8.5161701e-03;3.2250000e+02;2.5408054e-02;3.2250000e+02;4.7235299e-02;3.2250000e+02;7.2601981e-02;3.2250000e+02;1.0163302e-01;3.2250000e+02;1.3321121e-01;3.2250000e+02;1.6726768e-01;3.2250000e+02;1.9303927e-01;3.2250000e+02;2.1328649e-01;3.2250000e+02;2.3352586e-01;3.2250000e+02;2.5055993e-01;3.2250000e+02;2.5448775e-01;3.2250000e+02;2.3112550e-01;3.2250000e+02;1.8893842e-01;3.2250000e+02;1.3631140e-01;3.2250000e+02;8.4995225e-02;3.2250000e+02;3.8670342e-02;3.2250000e+02;-2.6501287e-03;3.2250000e+02;8.5161701e-03;3.2250000e+02;2.5408054e-02;3.2250000e+02;4.7235299e-02;3.2250000e+02;7.2601981e-02;3.2250000e+02;1.0163302e-01;3.2250000e+02;1.3321121e-01;3.2250000e+02;1.6726768e-01;3.2250000e+02;1.9303927e-01;3.2250000e+02;2.1328649e-01;3.2250000e+02;2.3352586e-01;3.2250000e+02;2.5055993e-01;3.2250000e+02;2.5448775e-01;3.2250000e+02;2.3112550e-01;3.2250000e+02;1.8893842e-01;3.2250000e+02;1.3631140e-01;3.2250000e+02;8.4995225e-02;3.2250000e+02;3.8670342e-02;3.2250000e+02;-2.6501287e-03;3.2250000e+02;8.5161701e-03;3.2250000e+02;2.5408054e-02;3.2250000e+02;4.7235299e-02;3.2250000e+02;7.2601981e-02;3.2250000e+02;1.0163302e-01;3.2250000e+02;1.3321121e-01;3.2250000e+02;1.6726768e-01;3.2250000e+02;1.9303927e-01;3.2250000e+02;2.1328649e-01;3.2250000e+02;2.3352586e-01;3.2250000e+02;2.5055993e-01;3.2250000e+02;2.5448775e-01;3.2250000e+02;2.3112550e-01;3.2250000e+02;1.8893842e-01;3.2250000e+02;1.3631140e-01;3.2250000e+02;8.4995225e-02;3.2250000e+02;3.8670342e-02;3.2250000e+02;-2.6501287e-03;3.2250000e+02;8.5161701e-03;3.2250000e+02;2.5408054e-02;3.2250000e+02;4.7235299e-02;3.2250000e+02;7.2601981e-02;3.2250000e+02;1.0163302e-01;3.2250000e+02;1.3321121e-01;3.2250000e+02;1.6726768e-01;3.2250000e+02;1.9303927e-01;3.2250000e+02;2.1328649e-01;3.2250000e+02;2.3352586e-01;3.2250000e+02;2.5055993e-01;3.2250000e+02;2.5448775e-01;3.2250000e+02;2.3112550e-01;3.2250000e+02;1.8893842e-01;3.2250000e+02;1.3631140e-01;3.2250000e+02;8.4995225e-02;3.2250000e+02;3.8670342e-02;3.2250000e+02;-2.6501287e-03;3.2250000e+02;8.5161701e-03;3.2250000e+02;2.5408054e-02;3.2250000e+02;4.7235299e-02;3.2250000e+02;7.2601981e-02;3.2250000e+02;1.0163302e-01;3.2250000e+02;1.3321121e-01;3.2250000e+02;1.6726768e-01;3.2250000e+02;1.9303927e-01;3.2250000e+02;2.1328649e-01;3.2250000e+02;2.3352586e-01;3.2250000e+02;2.5055993e-01;3.2250000e+02;2.5448775e-01;3.2250000e+02;2.3112550e-01;3.2250000e+02;1.8893842e-01;3.2250000e+02;1.3631140e-01;3.2250000e+02;8.4995225e-02;3.2250000e+02;3.8670342e-02;3.2250000e+02;-2.6501287e-03;3.2250000e+02;8.5161701e-03;3.2250000e+02;2.5408054e-02;3.2250000e+02;4.7235299e-02;3.2250000e+02;7.2601981e-02;3.2250000e+02;1.0163302e-01;3.2250000e+02;1.3321121e-01;3.2250000e+02;1.6726768e-01;3.2250000e+02;1.9303927e-01;3.2250000e+02;2.1328649e-01;3.2250000e+02;2.3352586e-01;3.2250000e+02;2.5055993e-01;3.2250000e+02;2.5448775e-01;3.2250000e+02;2.3112550e-01;3.2250000e+02;1.8893842e-01;3.2250000e+02;1.3631140e-01;3.2250000e+02;8.4995225e-02;3.2250000e+02;3.8670342e-02;3.2250000e+02;-2.6501287e-03;3.2250000e+02;8.5161701e-03;3.2250000e+02;2.5408054e-02;3.2250000e+02;4.7235299e-02;3.2250000e+02;7.2601981e-02;3.2250000e+02;1.0163302e-01;3.2250000e+02;1.3321121e-01;3.2250000e+02;1.6726768e-01;3.2250000e+02;1.9303927e-01;3.2250000e+02;2.1328649e-01;3.2250000e+02;2.3352586e-01;3.2250000e+02;2.5055993e-01;3.2250000e+02;2.5448775e-01;3.2250000e+02;2.3112550e-01;3.2250000e+02;1.8893842e-01;3.2250000e+02;1.3631140e-01;3.2250000e+02;8.4995225e-02;3.2250000e+02;3.8670342e-02;3.2250000e+02;-2.6501287e-03;3.2250000e+02;8.5161701e-03;3.2250000e+02;2.5408054e-02;3.2250000e+02;4.7235299e-02;3.2250000e+02;7.2601981e-02;3.2250000e+02;1.0163302e-01;3.2250000e+02;1.3321121e-01;3.2250000e+02;1.6726768e-01;3.2250000e+02;1.9303927e-01;3.2250000e+02;2.1328649e-01;3.2250000e+02;2.3352586e-01;3.2250000e+02;2.5055993e-01;3.2250000e+02;2.5448775e-01;3.2250000e+02;2.3112550e-01;3.2250000e+02;1.8893842e-01;3.2250000e+02;1.3631140e-01;3.2250000e+02;8.4995225e-02;3.2250000e+02;3.8670342e-02;3.2250000e+02;-2.6501287e-03;3.2250000e+02;8.5161701e-03;3.2250000e+02;2.5408054e-02;3.2250000e+02;4.7235299e-02;3.2250000e+02;7.2601981e-02;3.2250000e+02;1.0163302e-01;3.2250000e+02;1.3321121e-01;3.2250000e+02;1.6726768e-01;3.2250000e+02;1.9303927e-01;3.2250000e+02;2.1328649e-01;3.2250000e+02;2.3352586e-01;3.2250000e+02;2.5055993e-01;3.2250000e+02;2.5448775e-01;3.2250000e+02;2.3112550e-01;3.2250000e+02;1.8893842e-01;3.2250000e+02;1.3631140e-01;3.2250000e+02;8.4995225e-02;3.2250000e+02;3.8670342e-02;3.2250000e+02;-2.6501287e-03;3.2250000e+02;8.5161701e-03;3.2250000e+02;2.5408054e-02;3.2250000e+02;4.7235299e-02;3.2250000e+02;7.2601981e-02;3.2250000e+02;1.0163302e-01;3.2250000e+02;1.3321121e-01;3.2250000e+02;1.6726768e-01;3.2250000e+02;1.9303927e-01;3.2250000e+02;2.1328649e-01;3.2250000e+02;2.3352586e-01;3.2250000e+02;2.5055993e-01;3.2250000e+02;2.5448775e-01;3.2250000e+02;2.3112550e-01;3.2250000e+02;1.8893842e-01;3.2250000e+02;1.3631140e-01;3.2250000e+02;8.4995225e-02;3.2250000e+02;3.8670342e-02;3.2250000e+02;-2.6501287e-03;3.2250000e+02;8.5161701e-03;3.2250000e+02;2.5408054e-02;3.2250000e+02;4.7235299e-02;3.2250000e+02;7.2601981e-02;3.2250000e+02;1.0163302e-01;3.2250000e+02;1.3321121e-01;3.2250000e+02;1.6726768e-01;3.2250000e+02;1.9303927e-01;3.2250000e+02;2.1328649e-01;3.2250000e+02;2.3352586e-01;3.2250000e+02;2.5055993e-01;3.2250000e+02;2.5448775e-01;3.2250000e+02;2.3112550e-01;3.2250000e+02;1.8893842e-01;3.2250000e+02;1.3631140e-01;3.2250000e+02;8.4995225e-02;3.2250000e+02;3.8670342e-02;3.2250000e+02;-2.6501287e-03;3.2250000e+02;8.5161701e-03;3.2250000e+02;2.5408054e-02;3.2250000e+02;4.7235299e-02;3.2250000e+02;7.2601981e-02;3.2250000e+02;1.0163302e-01;3.2250000e+02;1.3321121e-01;3.2250000e+02;1.6726768e-01;3.2250000e+02;1.9303927e-01;3.2250000e+02;2.1328649e-01;3.2250000e+02;2.3352586e-01;3.2250000e+02;2.5055993e-01;3.2250000e+02;2.5448775e-01;3.2250000e+02;2.3112550e-01;3.2250000e+02;1.8893842e-01;3.2250000e+02;1.3631140e-01;3.2250000e+02;8.4995225e-02;3.2250000e+02;3.8670342e-02;3.2250000e+02;-2.6501287e-03;3.2250000e+02;8.5161701e-03;3.2250000e+02;2.5408054e-02;3.2250000e+02;4.7235299e-02;3.2250000e+02;7.2601981e-02;3.2250000e+02;1.0163302e-01;3.2250000e+02;1.3321121e-01;3.2250000e+02;1.6726768e-01;3.2250000e+02;1.9303927e-01;3.2250000e+02;2.1328649e-01;3.2250000e+02;2.3352586e-01;3.2250000e+02;2.5055993e-01;3.2250000e+02;2.5448775e-01;3.2250000e+02;2.3112550e-01;3.2250000e+02;1.8893842e-01;3.2250000e+02;1.3631140e-01;3.2250000e+02;8.4995225e-02;3.2250000e+02;3.8670342e-02;3.2250000e+02;-2.6501287e-03;3.2250000e+02;8.5161701e-03;3.2250000e+02;2.5408054e-02;3.2250000e+02;4.7235299e-02;3.2250000e+02;7.2601981e-02;3.2250000e+02;1.0163302e-01;3.2250000e+02;1.3321121e-01;3.2250000e+02;1.6726768e-01;3.2250000e+02;1.9303927e-01;3.2250000e+02;2.1328649e-01;3.2250000e+02;2.3352586e-01;3.2250000e+02;2.5055993e-01;3.2250000e+02;2.5448775e-01;3.2250000e+02;2.3112550e-01;3.2250000e+02;1.8893842e-01;3.2250000e+02;1.3631140e-01;3.2250000e+02;8.4995225e-02;3.2250000e+02;3.8670342e-02;3.2250000e+02;-2.6501287e-03;3.2250000e+02;8.5161701e-03;3.2250000e+02;2.5408054e-02;3.2250000e+02;4.7235299e-02;3.2250000e+02;7.2601981e-02;3.2250000e+02;1.0163302e-01;3.2250000e+02;1.3321121e-01;3.2250000e+02;1.6726768e-01;3.2250000e+02;1.9303927e-01;3.2250000e+02;2.1328649e-01;3.2250000e+02;2.3352586e-01;3.2250000e+02;2.5055993e-01;3.2250000e+02;2.5448775e-01;3.2250000e+02;2.3112550e-01;3.2250000e+02;1.8893842e-01;3.2250000e+02;1.3631140e-01;3.2250000e+02;8.4995225e-02;3.2250000e+02;3.8670342e-02;3.2250000e+02;-2.6501287e-03;3.2250000e+02;8.5161701e-03;3.2250000e+02;2.5408054e-02;3.2250000e+02;4.7235299e-02;3.2250000e+02;7.2601981e-02;3.2250000e+02;1.0163302e-01;3.2250000e+02;1.3321121e-01;3.2250000e+02;1.6726768e-01;3.2250000e+02;1.9303927e-01;3.2250000e+02;2.1328649e-01;3.2250000e+02;2.3352586e-01;3.2250000e+02;2.5055993e-01;3.2250000e+02;2.5448775e-01;3.2250000e+02;2.3112550e-01;3.2250000e+02;1.8893842e-01;3.2250000e+02;1.3631140e-01;3.2250000e+02;8.4995225e-02;3.2250000e+02;3.8670342e-02;3.2250000e+02;-2.6501287e-03;3.2250000e+02;8.5161701e-03;3.2250000e+02;2.5408054e-02;3.2250000e+02;4.7235299e-02;3.2250000e+02;7.2601981e-02;3.2250000e+02;1.0163302e-01;3.2250000e+02;1.3321121e-01;3.2250000e+02;1.6726768e-01;3.2250000e+02;1.9303927e-01;3.2250000e+02;2.1328649e-01;3.2250000e+02;2.3352586e-01;3.2250000e+02;2.5055993e-01;3.2250000e+02;2.5448775e-01;3.2250000e+02;2.3112550e-01;3.2250000e+02;1.8893842e-01;3.2250000e+02;1.3631140e-01;3.2250000e+02;8.4995225e-02;3.2250000e+02;3.8670342e-02;3.2250000e+02;-2.6501287e-03;3.2250000e+02;8.5161701e-03;3.2250000e+02;2.5408054e-02;3.2250000e+02;4.7235299e-02;3.2250000e+02;7.2601981e-02;3.2250000e+02;1.0163302e-01;3.2250000e+02;1.3321121e-01;3.2250000e+02;1.6726768e-01;3.2250000e+02;1.9303927e-01;3.2250000e+02;2.1328649e-01;3.2250000e+02;2.3352586e-01;3.2250000e+02;2.5055993e-01;3.2250000e+02;2.5448775e-01;3.2250000e+02;2.3112550e-01;3.2250000e+02;1.8893842e-01;3.2250000e+02;1.3631140e-01;3.2250000e+02;8.4995225e-02;3.2250000e+02;3.8670342e-02;3.2250000e+02;-2.6501287e-03;3.2250000e+02;8.5161701e-03;3.2250000e+02;2.5408054e-02;3.2250000e+02;4.7235299e-02;3.2250000e+02;7.2601981e-02;3.2250000e+02;1.0163302e-01;3.2250000e+02;1.3321121e-01;3.2250000e+02;1.6726768e-01;3.2250000e+02;1.9303927e-01;3.2250000e+02;2.1328649e-01;3.2250000e+02;2.3352586e-01;3.2250000e+02;2.5055993e-01;3.2250000e+02;2.5448775e-01;3.2250000e+02;2.3112550e-01;3.2250000e+02;1.8893842e-01;3.2250000e+02;1.3631140e-01;3.2250000e+02;8.4995225e-02;3.2250000e+02;3.8670342e-02;3.2250000e+02;-2.6501287e-03;3.2250000e+02;8.5161701e-03;3.2250000e+02;2.5408054e-02;3.2250000e+02;4.7235299e-02;3.2250000e+02;7.2601981e-02;3.2250000e+02;1.0163302e-01;3.2250000e+02;1.3321121e-01;3.2250000e+02;1.6726768e-01;3.2250000e+02;1.9303927e-01;3.2250000e+02;2.1328649e-01;3.2250000e+02;2.3352586e-01;3.2250000e+02;2.5055993e-01;3.2250000e+02;2.5448775e-01;3.2250000e+02;2.3112550e-01;3.2250000e+02;1.8893842e-01;3.2250000e+02;1.3631140e-01;3.2250000e+02;8.4995225e-02;3.2250000e+02;3.8670342e-02;3.2250000e+02;-2.6501287e-03;3.2250000e+02;8.5161701e-03;3.2250000e+02;2.5408054e-02;3.2250000e+02;4.7235299e-02;3.2250000e+02;7.2601981e-02;3.2250000e+02;1.0163302e-01;3.2250000e+02;1.3321121e-01;3.2250000e+02;1.6726768e-01;3.2250000e+02;1.9303927e-01;3.2250000e+02;2.1328649e-01;3.2250000e+02;2.3352586e-01;3.2250000e+02;2.5055993e-01;3.2250000e+02;2.5448775e-01;3.2250000e+02;2.3112550e-01;3.2250000e+02;1.8893842e-01;3.2250000e+02;1.3631140e-01;3.2250000e+02;8.4995225e-02;3.2250000e+02;3.8670342e-02;3.2250000e+02;-2.6501287e-03;3.2250000e+02;8.5161701e-03;3.2250000e+02;2.5408054e-02;3.2250000e+02;4.7235299e-02;3.2250000e+02;7.2601981e-02;3.2250000e+02;1.0163302e-01;3.2250000e+02;1.3321121e-01;3.2250000e+02;1.6726768e-01;3.2250000e+02;1.9303927e-01;3.2250000e+02;2.1328649e-01;3.2250000e+02;2.3352586e-01;3.2250000e+02;2.5055993e-01;3.2250000e+02;2.5448775e-01;3.2250000e+02;2.3112550e-01;3.2250000e+02;1.8893842e-01;3.2250000e+02;1.3631140e-01;3.2250000e+02;8.4995225e-02;3.2250000e+02;3.8670342e-02;3.2250000e+02;-2.6501287e-03;3.2250000e+02;8.5161701e-03;3.2250000e+02;2.5408054e-02;3.2250000e+02;4.7235299e-02;3.2250000e+02;7.2601981e-02;3.2250000e+02;1.0163302e-01;3.2250000e+02;1.3321121e-01;3.2250000e+02;1.6726768e-01;3.2250000e+02;1.9303927e-01;3.2250000e+02;2.1328649e-01;3.2250000e+02;2.3352586e-01;3.2250000e+02;2.5055993e-01;3.2250000e+02;2.5448775e-01;3.2250000e+02;2.3112550e-01;3.2250000e+02;1.8893842e-01;3.2250000e+02;1.3631140e-01;3.2250000e+02;8.4995225e-02;3.2250000e+02;3.8670342e-02;3.2250000e+02;-2.6501287e-03;3.2250000e+02;8.5161701e-03;3.2250000e+02;2.5408054e-02;3.2250000e+02;4.7235299e-02;3.2250000e+02;7.2601981e-02;3.2250000e+02;1.0163302e-01;3.2250000e+02;1.3321121e-01;3.2250000e+02;1.6726768e-01;3.2250000e+02;1.9303927e-01;3.2250000e+02;2.1328649e-01;3.2250000e+02;2.3352586e-01;3.2250000e+02;2.5055993e-01;3.2250000e+02;2.5448775e-01;3.2250000e+02;2.3112550e-01;3.2250000e+02;1.8893842e-01;3.2250000e+02;1.3631140e-01;3.2250000e+02;8.4995225e-02;3.2250000e+02;3.8670342e-02;3.2250000e+02;-2.6501287e-03;3.2250000e+02;8.5161701e-03;3.2250000e+02;2.5408054e-02;3.2250000e+02;4.7235299e-02;3.2250000e+02;7.2601981e-02;3.2250000e+02;1.0163302e-01;3.2250000e+02;1.3321121e-01;3.2250000e+02;1.6726768e-01;3.2250000e+02;1.9303927e-01;3.2250000e+02;2.1328649e-01;3.2250000e+02;2.3352586e-01;3.2250000e+02;2.5055993e-01;3.2250000e+02;2.5448775e-01;3.2250000e+02;2.3112550e-01;3.2250000e+02;1.8893842e-01;3.2250000e+02;1.3631140e-01;3.2250000e+02;8.4995225e-02;3.2250000e+02;3.8670342e-02;3.2250000e+02;-2.6501287e-03;3.2250000e+02;8.5161701e-03;3.2250000e+02;2.5408054e-02;3.2250000e+02;4.7235299e-02;3.2250000e+02;7.2601981e-02;3.2250000e+02;1.0163302e-01;3.2250000e+02;1.3321121e-01;3.2250000e+02;1.6726768e-01;3.2250000e+02;1.9303927e-01;3.2250000e+02;2.1328649e-01;3.2250000e+02;2.3352586e-01;3.2250000e+02;2.5055993e-01;3.2250000e+02;2.5448775e-01;3.2250000e+02;2.3112550e-01;3.2250000e+02;1.8893842e-01;3.2250000e+02;1.3631140e-01;3.2250000e+02;8.4995225e-02;3.2250000e+02;3.8670342e-02;3.2250000e+02;-2.6501287e-03;3.2250000e+02;8.5161701e-03;3.2250000e+02;2.5408054e-02;3.2250000e+02;4.7235299e-02;3.2250000e+02;7.2601981e-02;3.2250000e+02;1.0163302e-01;3.2250000e+02;1.3321121e-01;3.2250000e+02;1.6726768e-01;3.2250000e+02;1.9303927e-01;3.2250000e+02;2.1328649e-01;3.2250000e+02;2.3352586e-01;3.2250000e+02;2.5055993e-01;3.2250000e+02;2.5448775e-01;3.2250000e+02;2.3112550e-01;3.2250000e+02;1.8893842e-01;3.2250000e+02;1.3631140e-01;3.2250000e+02;8.4995225e-02;3.2250000e+02;3.8670342e-02;3.2250000e+02;-2.6501287e-03;3.2250000e+02;8.5161701e-03;3.2250000e+02;2.5408054e-02;3.2250000e+02;4.7235299e-02;3.2250000e+02;7.2601981e-02;3.2250000e+02;1.0163302e-01;3.2250000e+02;1.3321121e-01;3.2250000e+02;1.6726768e-01;3.2250000e+02;1.9303927e-01;3.2250000e+02;2.1328649e-01;3.2250000e+02;2.3352586e-01;3.2250000e+02;2.5055993e-01;3.2250000e+02;2.5448775e-01;3.2250000e+02;2.3112550e-01;3.2250000e+02;1.8893842e-01;3.2250000e+02;1.3631140e-01;3.2250000e+02;8.4995225e-02;3.2250000e+02;3.8670342e-02;3.2250000e+02;-2.6501287e-03;3.2250000e+02;8.5161701e-03;3.2250000e+02;2.5408054e-02;3.2250000e+02;4.7235299e-02;3.2250000e+02;7.2601981e-02;3.2250000e+02;1.0163302e-01;3.2250000e+02;1.3321121e-01;3.2250000e+02;1.6726768e-01;3.2250000e+02;1.9303927e-01;3.2250000e+02;2.1328649e-01;3.2250000e+02;2.3352586e-01;3.2250000e+02;2.5055993e-01;3.2250000e+02;2.5448775e-01;3.2250000e+02;2.3112550e-01;3.2250000e+02;1.8893842e-01;3.2250000e+02;1.3631140e-01;3.2250000e+02;8.4995225e-02;3.2250000e+02;3.8670342e-02;3.2250000e+02;-2.6501287e-03;3.2250000e+02;8.5161701e-03;3.2250000e+02;2.5408054e-02;3.2250000e+02;4.7235299e-02;3.2250000e+02;7.2601981e-02;3.2250000e+02;1.0163302e-01;3.2250000e+02;1.3321121e-01;3.2250000e+02;1.6726768e-01;3.2250000e+02;1.9303927e-01;3.2250000e+02;2.1328649e-01;3.2250000e+02;2.3352586e-01;3.2250000e+02;2.5055993e-01;3.2250000e+02;2.5448775e-01;3.2250000e+02;2.3112550e-01;3.2250000e+02;1.8893842e-01;3.2250000e+02;1.3631140e-01;3.2250000e+02;8.4995225e-02;3.2250000e+02;3.8670342e-02;3.2250000e+02;-2.6501287e-03;3.2250000e+02;8.5161701e-03;3.2250000e+02;2.5408054e-02;3.2250000e+02;4.7235299e-02;3.2250000e+02;7.2601981e-02;3.2250000e+02;1.0163302e-01;3.2250000e+02;1.3321121e-01;3.2250000e+02;1.6726768e-01;3.2250000e+02;1.9303927e-01;3.2250000e+02;2.1328649e-01;3.2250000e+02;2.3352586e-01;3.2250000e+02;2.5055993e-01;3.2250000e+02;2.5448775e-01;3.2250000e+02;2.3112550e-01;3.2250000e+02;1.8893842e-01;3.2250000e+02;1.3631140e-01;3.2250000e+02;8.4995225e-02;3.2250000e+02;3.8670342e-02;3.2250000e+02;-2.6501287e-03;3.2250000e+02;8.5161701e-03;3.2250000e+02;2.5408054e-02;3.2250000e+02;4.7235299e-02;3.2250000e+02;7.2601981e-02;3.2250000e+02;1.0163302e-01;3.2250000e+02;1.3321121e-01;3.2250000e+02;1.6726768e-01;3.2250000e+02;1.9303927e-01;3.2250000e+02;2.1328649e-01;3.2250000e+02;2.3352586e-01;3.2250000e+02;2.5055993e-01;3.2250000e+02;2.5448775e-01;3.2250000e+02;2.3112550e-01;3.2250000e+02;1.8893842e-01;3.2250000e+02;1.3631140e-01;3.2250000e+02;8.4995225e-02;3.2250000e+02;3.8670342e-02;3.2250000e+02;-2.6501287e-03;3.2250000e+02;8.5161701e-03;3.2250000e+02;2.5408054e-02;3.2250000e+02;4.7235299e-02;3.2250000e+02;7.2601981e-02;3.2250000e+02;1.0163302e-01;3.2250000e+02;1.3321121e-01;3.2250000e+02;1.6726768e-01;3.2250000e+02;1.9303927e-01;3.2250000e+02;2.1328649e-01;3.2250000e+02;2.3352586e-01;3.2250000e+02;2.5055993e-01;3.2250000e+02;2.5448775e-01;3.2250000e+02;2.3112550e-01;3.2250000e+02;1.8893842e-01;3.2250000e+02;1.3631140e-01;3.2250000e+02;8.4995225e-02;3.2250000e+02;3.8670342e-02;3.2250000e+02;-2.6501287e-03;3.2250000e+02;8.5161701e-03;3.2250000e+02;2.5408054e-02;3.2250000e+02;4.7235299e-02;3.2250000e+02;7.2601981e-02;3.2250000e+02;1.0163302e-01;3.2250000e+02;1.3321121e-01;3.2250000e+02;1.6726768e-01;3.2250000e+02;1.9303927e-01;3.2250000e+02;2.1328649e-01;3.2250000e+02;2.3352586e-01;3.2250000e+02;2.5055993e-01;3.2250000e+02;2.5448775e-01;3.2250000e+02;2.3112550e-01;3.2250000e+02;1.8893842e-01;3.2250000e+02;1.3631140e-01;3.2250000e+02;8.4995225e-02;3.2250000e+02;3.8670342e-02;3.2250000e+02;-2.6501287e-03;3.2250000e+02;8.5161701e-03;3.2250000e+02;2.5408054e-02;3.2250000e+02;4.7235299e-02;3.2250000e+02;7.2601981e-02;3.2250000e+02;1.0163302e-01;3.2250000e+02;1.3321121e-01;3.2250000e+02;1.6726768e-01;3.2250000e+02;1.9303927e-01;3.2250000e+02;2.1328649e-01;3.2250000e+02;2.3352586e-01;3.2250000e+02;2.5055993e-01;3.2250000e+02;2.5448775e-01;3.2250000e+02;2.3112550e-01;3.2250000e+02;1.8893842e-01;3.2250000e+02;1.3631140e-01;3.2250000e+02;8.4995225e-02;3.2250000e+02;3.8670342e-02;3.2250000e+02;-2.6501287e-03;3.2250000e+02;8.5161701e-03;3.2250000e+02;2.5408054e-02;3.2250000e+02;4.7235299e-02;3.2250000e+02;7.2601981e-02;3.2250000e+02;1.0163302e-01;3.2250000e+02;1.3321121e-01;3.2250000e+02;1.6726768e-01;3.2250000e+02;1.9303927e-01;3.2250000e+02;2.1328649e-01;3.2250000e+02;2.3352586e-01;3.2250000e+02;2.5055993e-01;3.2250000e+02;2.5448775e-01;3.2250000e+02;2.3112550e-01;3.2250000e+02;1.8893842e-01;3.2250000e+02;1.3631140e-01;3.2250000e+02;8.4995225e-02;3.2250000e+02;3.8670342e-02;3.2250000e+02;-2.6501287e-03;3.2250000e+02;8.5161701e-03;3.2250000e+02;2.5408054e-02;3.2250000e+02;4.7235299e-02;3.2250000e+02;7.2601981e-02;3.2250000e+02;1.0163302e-01;3.2250000e+02;1.3321121e-01;3.2250000e+02;1.6726768e-01;3.2250000e+02;1.9303927e-01;3.2250000e+02;2.1328649e-01;3.2250000e+02;2.3352586e-01;3.2250000e+02;2.5055993e-01;3.2250000e+02;2.5448775e-01;3.2250000e+02;2.3112550e-01;3.2250000e+02;1.8893842e-01;3.2250000e+02;1.3631140e-01;3.2250000e+02;8.4995225e-02;3.2250000e+02;3.8670342e-02;3.2250000e+02;-2.6501287e-03;3.2250000e+02;8.5161701e-03;3.2250000e+02;2.5408054e-02;3.2250000e+02;4.7235299e-02;3.2250000e+02;7.2601981e-02;3.2250000e+02;1.0163302e-01;3.2250000e+02;1.3321121e-01;3.2250000e+02;1.6726768e-01;3.2250000e+02;1.9303927e-01;3.2250000e+02;2.1328649e-01;3.2250000e+02;2.3352586e-01;3.2250000e+02;2.5055993e-01;3.2250000e+02;2.5448775e-01;3.2250000e+02;2.3112550e-01;3.2250000e+02;1.8893842e-01;3.2250000e+02;1.3631140e-01;3.2250000e+02;8.4995225e-02;3.2250000e+02;3.8670342e-02;3.2250000e+02;-2.6501287e-03;3.2250000e+02;8.5161701e-03;3.2250000e+02;2.5408054e-02;3.2250000e+02;4.7235299e-02;3.2250000e+02;7.2601981e-02;3.2250000e+02;1.0163302e-01;3.2250000e+02;1.3321121e-01;3.2250000e+02;1.6726768e-01;3.2250000e+02;1.9303927e-01;3.2250000e+02;2.1328649e-01;3.2250000e+02;2.3352586e-01;3.2250000e+02;2.5055993e-01;3.2250000e+02;2.5448775e-01;3.2250000e+02;2.3112550e-01;3.2250000e+02;1.8893842e-01;3.2250000e+02;1.3631140e-01;3.2250000e+02;8.4995225e-02;3.2250000e+02;3.8670342e-02;3.2250000e+02;-2.6501287e-03;3.2250000e+02;8.5161701e-03;3.2250000e+02;2.5408054e-02;3.2250000e+02;4.7235299e-02;3.2250000e+02;7.2601981e-02;3.2250000e+02;1.0163302e-01;3.2250000e+02;1.3321121e-01;3.2250000e+02;1.6726768e-01;3.2250000e+02;1.9303927e-01;3.2250000e+02;2.1328649e-01;3.2250000e+02;2.3352586e-01;3.2250000e+02;2.5055993e-01;3.2250000e+02;2.5448775e-01;3.2250000e+02;2.3112550e-01;3.2250000e+02;1.8893842e-01;3.2250000e+02;1.3631140e-01;3.2250000e+02;8.4995225e-02;3.2250000e+02;3.8670342e-02;3.2250000e+02;-2.6501287e-03;3.2250000e+02;8.5161701e-03;3.2250000e+02;2.5408054e-02;3.2250000e+02;4.7235299e-02;3.2250000e+02;7.2601981e-02;3.2250000e+02;1.0163302e-01;3.2250000e+02;1.3321121e-01;3.2250000e+02;1.6726768e-01;3.2250000e+02;1.9303927e-01;3.2250000e+02;2.1328649e-01;3.2250000e+02;2.3352586e-01;3.2250000e+02;2.5055993e-01;3.2250000e+02;2.5448775e-01;3.2250000e+02;2.3112550e-01;3.2250000e+02;1.8893842e-01;3.2250000e+02;1.3631140e-01;3.2250000e+02;8.4995225e-02;3.2250000e+02;3.8670342e-02;3.2250000e+02;-2.6501287e-03;3.2250000e+02;8.5161701e-03;3.2250000e+02;2.5408054e-02;3.2250000e+02;4.7235299e-02;3.2250000e+02;7.2601981e-02;3.2250000e+02;1.0163302e-01;3.2250000e+02;1.3321121e-01;3.2250000e+02;1.6726768e-01;3.2250000e+02;1.9303927e-01;3.2250000e+02;2.1328649e-01;3.2250000e+02;2.3352586e-01;3.2250000e+02;2.5055993e-01;3.2250000e+02;2.5448775e-01;3.2250000e+02;2.3112550e-01;3.2250000e+02;1.8893842e-01;3.2250000e+02;1.3631140e-01;3.2250000e+02;8.4995225e-02;3.2250000e+02;3.8670342e-02;3.2250000e+02;-2.6501287e-03;3.2250000e+02;8.5161701e-03;3.2250000e+02;2.5408054e-02;3.2250000e+02;4.7235299e-02;3.2250000e+02;7.2601981e-02;3.2250000e+02;1.0163302e-01;3.2250000e+02;1.3321121e-01;3.2250000e+02;1.6726768e-01;3.2250000e+02;1.9303927e-01;3.2250000e+02;2.1328649e-01;3.2250000e+02;2.3352586e-01;3.2250000e+02;2.5055993e-01;3.2250000e+02;2.5448775e-01;3.2250000e+02;2.3112550e-01;3.2250000e+02;1.8893842e-01;3.2250000e+02;1.3631140e-01;3.2250000e+02;8.4995225e-02;3.2250000e+02;3.8670342e-02;3.2250000e+02;-2.6501287e-03;3.2250000e+02;8.5161701e-03;3.2250000e+02;2.5408054e-02;3.2250000e+02;4.7235299e-02;3.2250000e+02;7.2601981e-02;3.2250000e+02;1.0163302e-01;3.2250000e+02;1.3321121e-01;3.2250000e+02;1.6726768e-01;3.2250000e+02;1.9303927e-01;3.2250000e+02;2.1328649e-01;3.2250000e+02;2.3352586e-01;3.2250000e+02;2.5055993e-01;3.2250000e+02;2.5448775e-01;3.2250000e+02;2.3112550e-01;3.2250000e+02;1.8893842e-01;3.2250000e+02;1.3631140e-01;3.2250000e+02;8.4995225e-02;3.2250000e+02;3.8670342e-02;3.2250000e+02;-2.6501287e-03;3.2250000e+02;8.5161701e-03;3.2250000e+02;2.5408054e-02;3.2250000e+02;4.7235299e-02;3.2250000e+02;7.2601981e-02;3.2250000e+02;1.0163302e-01;3.2250000e+02;1.3321121e-01;3.2250000e+02;1.6726768e-01;3.2250000e+02;1.9303927e-01;3.2250000e+02;2.1328649e-01;3.2250000e+02;2.3352586e-01;3.2250000e+02;2.5055993e-01;3.2250000e+02;2.5448775e-01;3.2250000e+02;2.3112550e-01;3.2250000e+02;1.8893842e-01;3.2250000e+02;1.3631140e-01;3.2250000e+02;8.4995225e-02;3.2250000e+02;3.8670342e-02;3.2250000e+02;-2.6501287e-03;3.2250000e+02;8.5161701e-03;3.2250000e+02;2.5408054e-02;3.2250000e+02;4.7235299e-02;3.2250000e+02;7.2601981e-02;3.2250000e+02;1.0163302e-01;3.2250000e+02;1.3321121e-01;3.2250000e+02;1.6726768e-01;3.2250000e+02;1.9303927e-01;3.2250000e+02;2.1328649e-01;3.2250000e+02;2.3352586e-01;3.2250000e+02;2.5055993e-01;3.2250000e+02;2.5448775e-01;3.2250000e+02;2.3112550e-01;3.2250000e+02;1.8893842e-01;3.2250000e+02;1.3631140e-01;3.2250000e+02;8.4995225e-02;3.2250000e+02;3.8670342e-02;3.2250000e+02;-2.6501287e-03;3.2250000e+02;8.5161701e-03;3.2250000e+02;2.5408054e-02;3.2250000e+02;4.7235299e-02;3.2250000e+02;7.2601981e-02;3.2250000e+02;1.0163302e-01;3.2250000e+02;1.3321121e-01;3.2250000e+02;1.6726768e-01;3.2250000e+02;1.9303927e-01;3.2250000e+02;2.1328649e-01;3.2250000e+02;2.3352586e-01;3.2250000e+02;2.5055993e-01;3.2250000e+02;2.5448775e-01;3.2250000e+02;2.3112550e-01;3.2250000e+02;1.8893842e-01;3.2250000e+02;1.3631140e-01;3.2250000e+02;8.4995225e-02;3.2250000e+02;3.8670342e-02;3.2250000e+02;-2.6501287e-03;3.2250000e+02;8.5161701e-03;3.2250000e+02;2.5408054e-02;3.2250000e+02;4.7235299e-02;3.2250000e+02;7.2601981e-02;3.2250000e+02;1.0163302e-01;3.2250000e+02;1.3321121e-01;3.2250000e+02;1.6726768e-01;3.2250000e+02;1.9303927e-01;3.2250000e+02;2.1328649e-01;3.2250000e+02;2.3352586e-01;3.2250000e+02;2.5055993e-01;3.2250000e+02;2.5448775e-01;3.2250000e+02;2.3112550e-01;3.2250000e+02;1.8893842e-01;3.2250000e+02;1.3631140e-01;3.2250000e+02;8.4995225e-02;3.2250000e+02;3.8670342e-02;3.2250000e+02;-2.6501287e-03;3.2250000e+02;8.5161701e-03;3.2250000e+02;2.5408054e-02;3.2250000e+02;4.7235299e-02;3.2250000e+02;7.2601981e-02;3.2250000e+02;1.0163302e-01;3.2250000e+02;1.3321121e-01;3.2250000e+02;1.6726768e-01;3.2250000e+02;1.9303927e-01;3.2250000e+02;2.1328649e-01;3.2250000e+02;2.3352586e-01;3.2250000e+02;2.5055993e-01;3.2250000e+02;2.5448775e-01;3.2250000e+02;2.3112550e-01;3.2250000e+02;1.8893842e-01;3.2250000e+02;1.3631140e-01;3.2250000e+02;8.4995225e-02;3.2250000e+02;3.8670342e-02;3.2250000e+02;-2.6501287e-03;3.2250000e+02;8.5161701e-03;3.2250000e+02;2.5408054e-02;3.2250000e+02;4.7235299e-02;3.2250000e+02;7.2601981e-02;3.2250000e+02;1.0163302e-01;3.2250000e+02;1.3321121e-01;3.2250000e+02;1.6726768e-01;3.2250000e+02;1.9303927e-01;3.2250000e+02;2.1328649e-01;3.2250000e+02;2.3352586e-01;3.2250000e+02;2.5055993e-01;3.2250000e+02;2.5448775e-01;3.2250000e+02;2.3112550e-01;3.2250000e+02;1.8893842e-01;3.2250000e+02;1.3631140e-01;3.2250000e+02;8.4995225e-02;3.2250000e+02;3.8670342e-02;3.2250000e+02;-2.6501287e-03;3.2250000e+02;8.5161701e-03;3.2250000e+02;2.5408054e-02;3.2250000e+02;4.7235299e-02;3.2250000e+02;7.2601981e-02;3.2250000e+02;1.0163302e-01;3.2250000e+02;1.3321121e-01;3.2250000e+02;1.6726768e-01;3.2250000e+02;1.9303927e-01;3.2250000e+02;2.1328649e-01;3.2250000e+02;2.3352586e-01;3.2250000e+02;2.5055993e-01;3.2250000e+02;2.5448775e-01;3.2250000e+02;2.3112550e-01;3.2250000e+02;1.8893842e-01;3.2250000e+02;1.3631140e-01;3.2250000e+02;8.4995225e-02;3.2250000e+02;3.8670342e-02;3.2250000e+02;-2.6501287e-03;3.2250000e+02;8.5161701e-03;3.2250000e+02;2.5408054e-02;3.2250000e+02;4.7235299e-02;3.2250000e+02;7.2601981e-02;3.2250000e+02;1.0163302e-01;3.2250000e+02;1.3321121e-01;3.2250000e+02;1.6726768e-01;3.2250000e+02;1.9303927e-01;3.2250000e+02;2.1328649e-01;3.2250000e+02;2.3352586e-01;3.2250000e+02;2.5055993e-01;3.2250000e+02;2.5448775e-01;3.2250000e+02;2.3112550e-01;3.2250000e+02;1.8893842e-01;3.2250000e+02;1.3631140e-01;3.2250000e+02;8.4995225e-02;3.2250000e+02;3.8670342e-02;3.2250000e+02;-2.6501287e-03;3.2250000e+02;8.5161701e-03;3.2250000e+02;2.5408054e-02;3.2250000e+02;4.7235299e-02;3.2250000e+02;7.2601981e-02;3.2250000e+02;1.0163302e-01;3.2250000e+02;1.3321121e-01;3.2250000e+02;1.6726768e-01;3.2250000e+02;1.9303927e-01;3.2250000e+02;2.1328649e-01;3.2250000e+02;2.3352586e-01;3.2250000e+02;2.5055993e-01;3.2250000e+02;2.5448775e-01;3.2250000e+02;2.3112550e-01;3.2250000e+02;1.8893842e-01;3.2250000e+02;1.3631140e-01;3.2250000e+02;8.4995225e-02;3.2250000e+02;3.8670342e-02;3.2250000e+02;-2.6501287e-03;3.2250000e+02;8.5161701e-03;3.2250000e+02;2.5408054e-02;3.2250000e+02;4.7235299e-02;3.2250000e+02;7.2601981e-02;3.2250000e+02;1.0163302e-01;3.2250000e+02;1.3321121e-01;3.2250000e+02;1.6726768e-01;3.2250000e+02;1.9303927e-01;3.2250000e+02;2.1328649e-01;3.2250000e+02;2.3352586e-01;3.2250000e+02;2.5055993e-01;3.2250000e+02;2.5448775e-01;3.2250000e+02;2.3112550e-01;3.2250000e+02;1.8893842e-01;3.2250000e+02;1.3631140e-01;3.2250000e+02;8.4995225e-02;3.2250000e+02;3.8670342e-02;3.2250000e+02;-2.6501287e-03;3.2250000e+02;8.5161701e-03;3.2250000e+02;2.5408054e-02;3.2250000e+02;4.7235299e-02;3.2250000e+02;7.2601981e-02;3.2250000e+02;1.0163302e-01;3.2250000e+02;1.3321121e-01;3.2250000e+02;1.6726768e-01;3.2250000e+02;1.9303927e-01;3.2250000e+02;2.1328649e-01;3.2250000e+02;2.3352586e-01;3.2250000e+02;2.5055993e-01;3.2250000e+02;2.5448775e-01;3.2250000e+02;2.3112550e-01;3.2250000e+02;1.8893842e-01;3.2250000e+02;1.3631140e-01;3.2250000e+02;8.4995225e-02;3.2250000e+02;3.8670342e-02;3.2250000e+02;-2.6501287e-03;3.2250000e+02;8.5161701e-03;3.2250000e+02;2.5408054e-02;3.2250000e+02;4.7235299e-02;3.2250000e+02;7.2601981e-02;3.2250000e+02;1.0163302e-01;3.2250000e+02;1.3321121e-01;3.2250000e+02;1.6726768e-01;3.2250000e+02;1.9303927e-01;3.2250000e+02;2.1328649e-01;3.2250000e+02;2.3352586e-01;3.2250000e+02;2.5055993e-01;3.2250000e+02;2.5448775e-01;3.2250000e+02;2.3112550e-01;3.2250000e+02;1.8893842e-01;3.2250000e+02;1.3631140e-01;3.2250000e+02;8.4995225e-02;3.2250000e+02;3.8670342e-02;3.2250000e+02;-2.6501287e-03;3.2250000e+02;8.5161701e-03;3.2250000e+02;2.5408054e-02;3.2250000e+02;4.7235299e-02;3.2250000e+02;7.2601981e-02;3.2250000e+02;1.0163302e-01;3.2250000e+02;1.3321121e-01;3.2250000e+02;1.6726768e-01;3.2250000e+02;1.9303927e-01;3.2250000e+02;2.1328649e-01;3.2250000e+02;2.3352586e-01;3.2250000e+02;2.5055993e-01;3.2250000e+02;2.5448775e-01;3.2250000e+02;2.3112550e-01;3.2250000e+02;1.8893842e-01;3.2250000e+02;1.3631140e-01;3.2250000e+02;8.4995225e-02;3.2250000e+02;3.8670342e-02;3.2250000e+02;-2.6501287e-03;3.2250000e+02;8.5161701e-03;3.2250000e+02;2.5408054e-02;3.2250000e+02;4.7235299e-02;3.2250000e+02;7.2601981e-02;3.2250000e+02;1.0163302e-01;3.2250000e+02;1.3321121e-01;3.2250000e+02;1.6726768e-01;3.2250000e+02;1.9303927e-01;3.2250000e+02;2.1328649e-01;3.2250000e+02;2.3352586e-01;3.2250000e+02;2.5055993e-01;3.2250000e+02;2.5448775e-01;3.2250000e+02;2.3112550e-01;3.2250000e+02;1.8893842e-01;3.2250000e+02;1.3631140e-01;3.2250000e+02;8.4995225e-02;3.2250000e+02;3.8670342e-02;3.2250000e+02;-2.6501287e-03;3.2250000e+02;8.5161701e-03;3.2250000e+02;2.5408054e-02;3.2250000e+02;4.7235299e-02;3.2250000e+02;7.2601981e-02;3.2250000e+02;1.0163302e-01;3.2250000e+02;1.3321121e-01;3.2250000e+02;1.6726768e-01;3.2250000e+02;1.9303927e-01;3.2250000e+02;2.1328649e-01;3.2250000e+02;2.3352586e-01;3.2250000e+02;2.5055993e-01;3.2250000e+02;2.5448775e-01;3.2250000e+02;2.3112550e-01;3.2250000e+02;1.8893842e-01;3.2250000e+02;1.3631140e-01;3.2250000e+02;8.4995225e-02;3.2250000e+02;3.8670342e-02;3.2250000e+02;-2.6501287e-03;3.2250000e+02;8.5161701e-03;3.2250000e+02;2.5408054e-02;3.2250000e+02;4.7235299e-02;3.2250000e+02;7.2601981e-02;3.2250000e+02;1.0163302e-01;3.2250000e+02;1.3321121e-01;3.2250000e+02;1.6726768e-01;3.2250000e+02;1.9303927e-01;3.2250000e+02;2.1328649e-01;3.2250000e+02;2.3352586e-01;3.2250000e+02;2.5055993e-01;3.2250000e+02;2.5448775e-01;3.2250000e+02;2.3112550e-01;3.2250000e+02;1.8893842e-01;3.2250000e+02;1.3631140e-01;3.2250000e+02;8.4995225e-02;3.2250000e+02;3.8670342e-02;3.2250000e+02;-2.6501287e-03;3.2250000e+02;8.5161701e-03;3.2250000e+02;2.5408054e-02;3.2250000e+02;4.7235299e-02;3.2250000e+02;7.2601981e-02;3.2250000e+02;1.0163302e-01;3.2250000e+02;1.3321121e-01;3.2250000e+02;1.6726768e-01;3.2250000e+02;1.9303927e-01;3.2250000e+02;2.1328649e-01;3.2250000e+02;2.3352586e-01;3.2250000e+02;2.5055993e-01;3.2250000e+02;2.5448775e-01;3.2250000e+02;2.3112550e-01;3.2250000e+02;1.8893842e-01;3.2250000e+02;1.3631140e-01;3.2250000e+02;8.4995225e-02;3.2250000e+02;3.8670342e-02;3.2250000e+02;-2.6501287e-03;3.2250000e+02;8.5161701e-03;3.2250000e+02;2.5408054e-02;3.2250000e+02;4.7235299e-02;3.2250000e+02;7.2601981e-02;3.2250000e+02;1.0163302e-01;3.2250000e+02;1.3321121e-01;3.2250000e+02;1.6726768e-01;3.2250000e+02;1.9303927e-01;3.2250000e+02;2.1328649e-01;3.2250000e+02;2.3352586e-01;3.2250000e+02;2.5055993e-01;3.2250000e+02;2.5448775e-01;3.2250000e+02;2.3112550e-01;3.2250000e+02;1.8893842e-01;3.2250000e+02;1.3631140e-01;3.2250000e+02;8.4995225e-02;3.2250000e+02;3.8670342e-02;3.2250000e+02;-2.6501287e-03;3.2250000e+02;8.5161701e-03;3.2250000e+02;2.5408054e-02;3.2250000e+02;4.7235299e-02;3.2250000e+02;7.2601981e-02;3.2250000e+02;1.0163302e-01;3.2250000e+02;1.3321121e-01;3.2250000e+02;1.6726768e-01;3.2250000e+02;1.9303927e-01;3.2250000e+02;2.1328649e-01;3.2250000e+02;2.3352586e-01;3.2250000e+02;2.5055993e-01;3.2250000e+02;2.5448775e-01;3.2250000e+02;2.3112550e-01;3.2250000e+02;1.8893842e-01;3.2250000e+02;1.3631140e-01;3.2250000e+02;8.4995225e-02;3.2250000e+02;3.8670342e-02;3.2250000e+02;-2.6501287e-03;3.2250000e+02;8.5161701e-03;3.2250000e+02;2.5408054e-02;3.2250000e+02;4.7235299e-02;3.2250000e+02;7.2601981e-02;3.2250000e+02;1.0163302e-01;3.2250000e+02;1.3321121e-01;3.2250000e+02;1.6726768e-01;3.2250000e+02;1.9303927e-01;3.2250000e+02;2.1328649e-01;3.2250000e+02;2.3352586e-01;3.2250000e+02;2.5055993e-01;3.2250000e+02;2.5448775e-01;3.2250000e+02;2.3112550e-01;3.2250000e+02;1.8893842e-01;3.2250000e+02;1.3631140e-01;3.2250000e+02;8.4995225e-02;3.2250000e+02;3.8670342e-02;3.2250000e+02;-2.6501287e-03;3.2250000e+02;8.5161701e-03;3.2250000e+02;2.5408054e-02;3.2250000e+02;4.7235299e-02;3.2250000e+02;7.2601981e-02;3.2250000e+02;1.0163302e-01;3.2250000e+02;1.3321121e-01;3.2250000e+02;1.6726768e-01;3.2250000e+02;1.9303927e-01;3.2250000e+02;2.1328649e-01;3.2250000e+02;2.3352586e-01;3.2250000e+02;2.5055993e-01;3.2250000e+02;2.5448775e-01;3.2250000e+02;2.3112550e-01;3.2250000e+02;1.8893842e-01;3.2250000e+02;1.3631140e-01;3.2250000e+02;8.4995225e-02;3.2250000e+02;3.8670342e-02;3.2250000e+02;-2.6501287e-03;3.2250000e+02;8.5161701e-03;3.2250000e+02;2.5408054e-02;3.2250000e+02;4.7235299e-02;3.2250000e+02;7.2601981e-02;3.2250000e+02;1.0163302e-01;3.2250000e+02;1.3321121e-01;3.2250000e+02;1.6726768e-01;3.2250000e+02;1.9303927e-01;3.2250000e+02;2.1328649e-01;3.2250000e+02;2.3352586e-01;3.2250000e+02;2.5055993e-01;3.2250000e+02;2.5448775e-01;3.2250000e+02;2.3112550e-01;3.2250000e+02;1.8893842e-01;3.2250000e+02;1.3631140e-01;3.2250000e+02;8.4995225e-02;3.2250000e+02;3.8670342e-02;3.2250000e+02;-2.6501287e-03;3.2250000e+02;8.5161701e-03;3.2250000e+02;2.5408054e-02;3.2250000e+02;4.7235299e-02;3.2250000e+02;7.2601981e-02;3.2250000e+02;1.0163302e-01;3.2250000e+02;1.3321121e-01;3.2250000e+02;1.6726768e-01;3.2250000e+02;1.9303927e-01;3.2250000e+02;2.1328649e-01;3.2250000e+02;2.3352586e-01;3.2250000e+02;2.5055993e-01;3.2250000e+02;2.5448775e-01;3.2250000e+02;2.3112550e-01;3.2250000e+02;1.8893842e-01;3.2250000e+02;1.3631140e-01;3.2250000e+02;8.4995225e-02;3.2250000e+02;3.8670342e-02;3.2250000e+02;-2.6501287e-03;3.2250000e+02;8.5161701e-03;3.2250000e+02;2.5408054e-02;3.2250000e+02;4.7235299e-02;3.2250000e+02;7.2601981e-02;3.2250000e+02;1.0163302e-01;3.2250000e+02;1.3321121e-01;3.2250000e+02;1.6726768e-01;3.2250000e+02;1.9303927e-01;3.2250000e+02;2.1328649e-01;3.2250000e+02;2.3352586e-01;3.2250000e+02;2.5055993e-01;3.2250000e+02;2.5448775e-01;3.2250000e+02;2.3112550e-01;3.2250000e+02;1.8893842e-01;3.2250000e+02;1.3631140e-01;3.2250000e+02;8.4995225e-02;3.2250000e+02;3.8670342e-02;3.2250000e+02;-2.6501287e-03;3.2250000e+02;8.5161701e-03;3.2250000e+02;2.5408054e-02;3.2250000e+02;4.7235299e-02;3.2250000e+02;7.2601981e-02;3.2250000e+02;1.0163302e-01;3.2250000e+02;1.3321121e-01;3.2250000e+02;1.6726768e-01;3.2250000e+02;1.9303927e-01;3.2250000e+02;2.1328649e-01;3.2250000e+02;2.3352586e-01;3.2250000e+02;2.5055993e-01;3.2250000e+02;2.5448775e-01;3.2250000e+02;2.3112550e-01;3.2250000e+02;1.8893842e-01;3.2250000e+02;1.3631140e-01;3.2250000e+02;8.4995225e-02;3.2250000e+02;3.8670342e-02;3.2250000e+02;-2.6501287e-03;3.2250000e+02;8.5161701e-03;3.2250000e+02;2.5408054e-02;3.2250000e+02;4.7235299e-02;3.2250000e+02;7.2601981e-02;3.2250000e+02;1.0163302e-01;3.2250000e+02;1.3321121e-01;3.2250000e+02;1.6726768e-01;3.2250000e+02;1.9303927e-01;3.2250000e+02;2.1328649e-01;3.2250000e+02;2.3352586e-01;3.2250000e+02;2.5055993e-01;3.2250000e+02;2.5448775e-01;3.2250000e+02;2.3112550e-01;3.2250000e+02;1.8893842e-01;3.2250000e+02;1.3631140e-01;3.2250000e+02;8.4995225e-02;3.2250000e+02;3.8670342e-02;3.2250000e+02;-2.6501287e-03;3.2250000e+02;8.5161701e-03;3.2250000e+02;2.5408054e-02;3.2250000e+02;4.7235299e-02;3.2250000e+02;7.2601981e-02;3.2250000e+02;1.0163302e-01;3.2250000e+02;1.3321121e-01;3.2250000e+02;1.6726768e-01;3.2250000e+02;1.9303927e-01;3.2250000e+02;2.1328649e-01;3.2250000e+02;2.3352586e-01;3.2250000e+02;2.5055993e-01;3.2250000e+02;2.5448775e-01;3.2250000e+02;2.3112550e-01;3.2250000e+02;1.8893842e-01;3.2250000e+02;1.3631140e-01;3.2250000e+02;8.4995225e-02;3.2250000e+02;3.8670342e-02;3.2250000e+02;-2.6501287e-03;3.2250000e+02;8.5161701e-03;3.2250000e+02;2.5408054e-02;3.2250000e+02;4.7235299e-02;3.2250000e+02;7.2601981e-02;3.2250000e+02;1.0163302e-01;3.2250000e+02;1.3321121e-01;3.2250000e+02;1.6726768e-01;3.2250000e+02;1.9303927e-01;3.2250000e+02;2.1328649e-01;3.2250000e+02;2.3352586e-01;3.2250000e+02;2.5055993e-01;3.2250000e+02;2.5448775e-01;3.2250000e+02;2.3112550e-01;3.2250000e+02;1.8893842e-01;3.2250000e+02;1.3631140e-01;3.2250000e+02;8.4995225e-02;3.2250000e+02;3.8670342e-02;3.2250000e+02;-2.6501287e-03;3.2250000e+02;8.5161701e-03;3.2250000e+02;2.5408054e-02;3.2250000e+02;4.7235299e-02;3.2250000e+02;7.2601981e-02;3.2250000e+02;1.0163302e-01;3.2250000e+02;1.3321121e-01;3.2250000e+02;1.6726768e-01;3.2250000e+02;1.9303927e-01;3.2250000e+02;2.1328649e-01;3.2250000e+02;2.3352586e-01;3.2250000e+02;2.5055993e-01;3.2250000e+02;2.5448775e-01;3.2250000e+02;2.3112550e-01;3.2250000e+02;1.8893842e-01;3.2250000e+02;1.3631140e-01;3.2250000e+02;8.4995225e-02;3.2250000e+02;3.8670342e-02;3.2250000e+02;-2.6501287e-03;3.2250000e+02;8.5161701e-03;3.2250000e+02;2.5408054e-02;3.2250000e+02;4.7235299e-02;3.2250000e+02;7.2601981e-02;3.2250000e+02;1.0163302e-01;3.2250000e+02;1.3321121e-01;3.2250000e+02;1.6726768e-01;3.2250000e+02;1.9303927e-01;3.2250000e+02;2.1328649e-01;3.2250000e+02;2.3352586e-01;3.2250000e+02;2.5055993e-01;3.2250000e+02;2.5448775e-01;3.2250000e+02;2.3112550e-01;3.2250000e+02;1.8893842e-01;3.2250000e+02;1.3631140e-01;3.2250000e+02;8.4995225e-02;3.2250000e+02;3.8670342e-02;3.2250000e+02;-2.6501287e-03;3.2250000e+02;8.5161701e-03;3.2250000e+02;2.5408054e-02;3.2250000e+02;4.7235299e-02;3.2250000e+02;7.2601981e-02;3.2250000e+02;1.0163302e-01;3.2250000e+02;1.3321121e-01;3.2250000e+02;1.6726768e-01;3.2250000e+02;1.9303927e-01;3.2250000e+02;2.1328649e-01;3.2250000e+02;2.3352586e-01;3.2250000e+02;2.5055993e-01;3.2250000e+02;2.5448775e-01;3.2250000e+02;2.3112550e-01;3.2250000e+02;1.8893842e-01;3.2250000e+02;1.3631140e-01;3.2250000e+02;8.4995225e-02;3.2250000e+02;3.8670342e-02;3.2250000e+02;-2.6501287e-03;3.2250000e+02;8.5161701e-03;3.2250000e+02;2.5408054e-02;3.2250000e+02;4.7235299e-02;3.2250000e+02;7.2601981e-02;3.2250000e+02;1.0163302e-01;3.2250000e+02;1.3321121e-01;3.2250000e+02;1.6726768e-01;3.2250000e+02;1.9303927e-01;3.2250000e+02;2.1328649e-01;3.2250000e+02;2.3352586e-01;3.2250000e+02;2.5055993e-01;3.2250000e+02;2.5448775e-01;3.2250000e+02;2.3112550e-01;3.2250000e+02;1.8893842e-01;3.2250000e+02;1.3631140e-01;3.2250000e+02;8.4995225e-02;3.2250000e+02;3.8670342e-02;3.2250000e+02;-2.6501287e-03;3.2250000e+02;8.5161701e-03;3.2250000e+02;2.5408054e-02;3.2250000e+02;4.7235299e-02;3.2250000e+02;7.2601981e-02;3.2250000e+02;1.0163302e-01;3.2250000e+02;1.3321121e-01;3.2250000e+02;1.6726768e-01;3.2250000e+02;1.9303927e-01;3.2250000e+02;2.1328649e-01;3.2250000e+02;2.3352586e-01;3.2250000e+02;2.5055993e-01;3.2250000e+02;2.5448775e-01;3.2250000e+02;2.3112550e-01;3.2250000e+02;1.8893842e-01;3.2250000e+02;1.3631140e-01;3.2250000e+02;8.4995225e-02;3.2250000e+02;3.8670342e-02;3.2250000e+02;-2.6501287e-03;3.2250000e+02;8.5161701e-03;3.2250000e+02;2.5408054e-02;3.2250000e+02;4.7235299e-02;3.2250000e+02;7.2601981e-02;3.2250000e+02;1.0163302e-01;3.2250000e+02;1.3321121e-01;3.2250000e+02;1.6726768e-01;3.2250000e+02;1.9303927e-01;3.2250000e+02;2.1328649e-01;3.2250000e+02;2.3352586e-01;3.2250000e+02;2.5055993e-01;3.2250000e+02;2.5448775e-01;3.2250000e+02;2.3112550e-01;3.2250000e+02;1.8893842e-01;3.2250000e+02;1.3631140e-01;3.2250000e+02;8.4995225e-02;3.2250000e+02;3.8670342e-02;3.2250000e+02;-2.6501287e-03;3.2250000e+02;8.5161701e-03;3.2250000e+02;2.5408054e-02;3.2250000e+02;4.7235299e-02;3.2250000e+02;7.2601981e-02;3.2250000e+02;1.0163302e-01;3.2250000e+02;1.3321121e-01;3.2250000e+02;1.6726768e-01;3.2250000e+02;1.9303927e-01;3.2250000e+02;2.1328649e-01;3.2250000e+02;2.3352586e-01;3.2250000e+02;2.5055993e-01;3.2250000e+02;2.5448775e-01;3.2250000e+02;2.3112550e-01;3.2250000e+02;1.8893842e-01;3.2250000e+02;1.3631140e-01;3.2250000e+02;8.4995225e-02;3.2250000e+02;3.8670342e-02;3.2250000e+02;-2.6501287e-03;3.2250000e+02;8.5161701e-03;3.2250000e+02;2.5408054e-02;3.2250000e+02;4.7235299e-02;3.2250000e+02;7.2601981e-02;3.2250000e+02;1.0163302e-01;3.2250000e+02;1.3321121e-01;3.2250000e+02;1.6726768e-01;3.2250000e+02;1.9303927e-01;3.2250000e+02;2.1328649e-01;3.2250000e+02;2.3352586e-01;3.2250000e+02;2.5055993e-01;3.2250000e+02;2.5448775e-01;3.2250000e+02;2.3112550e-01;3.2250000e+02;1.8893842e-01;3.2250000e+02;1.3631140e-01;3.2250000e+02;8.4995225e-02;3.2250000e+02;3.8670342e-02;3.2250000e+02;-2.6501287e-03;3.2250000e+02;8.5161701e-03;3.2250000e+02;2.5408054e-02;3.2250000e+02;4.7235299e-02;3.2250000e+02;7.2601981e-02;3.2250000e+02;1.0163302e-01;3.2250000e+02;1.3321121e-01;3.2250000e+02;1.6726768e-01;3.2250000e+02;1.9303927e-01;3.2250000e+02;2.1328649e-01;3.2250000e+02;2.3352586e-01;3.2250000e+02;2.5055993e-01;3.2250000e+02;2.5448775e-01;3.2250000e+02;2.3112550e-01;3.2250000e+02;1.8893842e-01;3.2250000e+02;1.3631140e-01;3.2250000e+02;8.4995225e-02;3.2250000e+02;3.8670342e-02;3.2250000e+02;-2.6501287e-03;3.2250000e+02;8.5161701e-03;3.2250000e+02;2.5408054e-02;3.2250000e+02;4.7235299e-02;3.2250000e+02;7.2601981e-02;3.2250000e+02;1.0163302e-01;3.2250000e+02;1.3321121e-01;3.2250000e+02;1.6726768e-01;3.2250000e+02;1.9303927e-01;3.2250000e+02;2.1328649e-01;3.2250000e+02;2.3352586e-01;3.2250000e+02;2.5055993e-01;3.2250000e+02;2.5448775e-01;3.2250000e+02;2.3112550e-01;3.2250000e+02;1.8893842e-01;3.2250000e+02;1.3631140e-01;3.2250000e+02;8.4995225e-02;3.2250000e+02;3.8670342e-02;3.2250000e+02;-2.6501287e-03;3.2250000e+02;8.5161701e-03;3.2250000e+02;2.5408054e-02;3.2250000e+02;4.7235299e-02;3.2250000e+02;7.2601981e-02;3.2250000e+02;1.0163302e-01;3.2250000e+02;1.3321121e-01;3.2250000e+02;1.6726768e-01;3.2250000e+02;1.9303927e-01;3.2250000e+02;2.1328649e-01;3.2250000e+02;2.3352586e-01;3.2250000e+02;2.5055993e-01;3.2250000e+02;2.5448775e-01;3.2250000e+02;2.3112550e-01;3.2250000e+02;1.8893842e-01;3.2250000e+02;1.3631140e-01;3.2250000e+02;8.4995225e-02;3.2250000e+02;3.8670342e-02;3.2250000e+02;-2.6501287e-03;3.2250000e+02;8.5161701e-03;3.2250000e+02;2.5408054e-02;3.2250000e+02;4.7235299e-02;3.2250000e+02;7.2601981e-02;3.2250000e+02;1.0163302e-01;3.2250000e+02;1.3321121e-01;3.2250000e+02;1.6726768e-01;3.2250000e+02;1.9303927e-01;3.2250000e+02;2.1328649e-01;3.2250000e+02;2.3352586e-01;3.2250000e+02;2.5055993e-01;3.2250000e+02;2.5448775e-01;3.2250000e+02;2.3112550e-01;3.2250000e+02;1.8893842e-01;3.2250000e+02;1.3631140e-01;3.2250000e+02;8.4995225e-02;3.2250000e+02;3.8670342e-02;3.2250000e+02;-2.6501287e-03;3.2250000e+02;8.5161701e-03;3.2250000e+02;2.5408054e-02;3.2250000e+02;4.7235299e-02;3.2250000e+02;7.2601981e-02;3.2250000e+02;1.0163302e-01;3.2250000e+02;1.3321121e-01;3.2250000e+02;1.6726768e-01;3.2250000e+02;1.9303927e-01;3.2250000e+02;2.1328649e-01;3.2250000e+02;2.3352586e-01;3.2250000e+02;2.5055993e-01;3.2250000e+02;2.5448775e-01;3.2250000e+02;2.3112550e-01;3.2250000e+02;1.8893842e-01;3.2250000e+02;1.3631140e-01;3.2250000e+02;8.4995225e-02;3.2250000e+02;3.8670342e-02;3.2250000e+02;-2.6501287e-03;3.2250000e+02;8.5161701e-03;3.2250000e+02;2.5408054e-02;3.2250000e+02;4.7235299e-02;3.2250000e+02;7.2601981e-02;3.2250000e+02;1.0163302e-01;3.2250000e+02;1.3321121e-01;3.2250000e+02;1.6726768e-01;3.2250000e+02;1.9303927e-01;3.2250000e+02;2.1328649e-01;3.2250000e+02;2.3352586e-01;3.2250000e+02;2.5055993e-01;3.2250000e+02;2.5448775e-01;3.2250000e+02;2.3112550e-01;3.2250000e+02;1.8893842e-01;3.2250000e+02;1.3631140e-01;3.2250000e+02;8.4995225e-02;3.2250000e+02;3.8670342e-02;3.2250000e+02;-2.6501287e-03;3.2250000e+02;8.5161701e-03;3.2250000e+02;2.5408054e-02;3.2250000e+02;4.7235299e-02;3.2250000e+02;7.2601981e-02;3.2250000e+02;1.0163302e-01;3.2250000e+02;1.3321121e-01;3.2250000e+02;1.6726768e-01;3.2250000e+02;1.9303927e-01;3.2250000e+02;2.1328649e-01;3.2250000e+02;2.3352586e-01;3.2250000e+02;2.5055993e-01;3.2250000e+02;2.5448775e-01;3.2250000e+02;2.3112550e-01;3.2250000e+02;1.8893842e-01;3.2250000e+02;1.3631140e-01;3.2250000e+02;8.4995225e-02;3.2250000e+02;3.8670342e-02;3.2250000e+02;-2.6501287e-03;3.2250000e+02;8.5161701e-03;3.2250000e+02;2.5408054e-02;3.2250000e+02;4.7235299e-02;3.2250000e+02;7.2601981e-02;3.2250000e+02;1.0163302e-01;3.2250000e+02;1.3321121e-01;3.2250000e+02;1.6726768e-01;3.2250000e+02;1.9303927e-01;3.2250000e+02;2.1328649e-01;3.2250000e+02;2.3352586e-01;3.2250000e+02;2.5055993e-01;3.2250000e+02;2.5448775e-01;3.2250000e+02;2.3112550e-01;3.2250000e+02;1.8893842e-01;3.2250000e+02;1.3631140e-01;3.2250000e+02;8.4995225e-02;3.2250000e+02;3.8670342e-02;3.2250000e+02;-2.6501287e-03;3.2250000e+02;8.5161701e-03;3.2250000e+02;2.5408054e-02;3.2250000e+02;4.7235299e-02;3.2250000e+02;7.2601981e-02;3.2250000e+02;1.0163302e-01;3.2250000e+02;1.3321121e-01;3.2250000e+02;1.6726768e-01;3.2250000e+02;1.9303927e-01;3.2250000e+02;2.1328649e-01;3.2250000e+02;2.3352586e-01;3.2250000e+02;2.5055993e-01;3.2250000e+02;2.5448775e-01;3.2250000e+02;2.3112550e-01;3.2250000e+02;1.8893842e-01;3.2250000e+02;1.3631140e-01;3.2250000e+02;8.4995225e-02;3.2250000e+02;3.8670342e-02;3.2250000e+02;-2.6501287e-03;3.2250000e+02;8.5161701e-03;3.2250000e+02;2.5408054e-02;3.2250000e+02;4.7235299e-02;3.2250000e+02;7.2601981e-02;3.2250000e+02;1.0163302e-01;3.2250000e+02;1.3321121e-01;3.2250000e+02;1.6726768e-01;3.2250000e+02;1.9303927e-01;3.2250000e+02;2.1328649e-01;3.2250000e+02;2.3352586e-01;3.2250000e+02;2.5055993e-01;3.2250000e+02;2.5448775e-01;3.2250000e+02;2.3112550e-01;3.2250000e+02;1.8893842e-01;3.2250000e+02;1.3631140e-01;3.2250000e+02;8.4995225e-02;3.2250000e+02;3.8670342e-02;3.2250000e+02;-2.6501287e-03;3.2250000e+02;8.5161701e-03;3.2250000e+02;2.5408054e-02;3.2250000e+02;4.7235299e-02;3.2250000e+02;7.2601981e-02;3.2250000e+02;1.0163302e-01;3.2250000e+02;1.3321121e-01;3.2250000e+02;1.6726768e-01;3.2250000e+02;1.9303927e-01;3.2250000e+02;2.1328649e-01;3.2250000e+02;2.3352586e-01;3.2250000e+02;2.5055993e-01;3.2250000e+02;2.5448775e-01;3.2250000e+02;2.3112550e-01;3.2250000e+02;1.8893842e-01;3.2250000e+02;1.3631140e-01;3.2250000e+02;8.4995225e-02;3.2250000e+02;3.8670342e-02;3.2250000e+02;-2.6501287e-03;3.2250000e+02;8.5161701e-03;3.2250000e+02;2.5408054e-02;3.2250000e+02;4.7235299e-02;3.2250000e+02;7.2601981e-02;3.2250000e+02;1.0163302e-01;3.2250000e+02;1.3321121e-01;3.2250000e+02;1.6726768e-01;3.2250000e+02;1.9303927e-01;3.2250000e+02;2.1328649e-01;3.2250000e+02;2.3352586e-01;3.2250000e+02;2.5055993e-01;3.2250000e+02;2.5448775e-01;3.2250000e+02;2.3112550e-01;3.2250000e+02;1.8893842e-01;3.2250000e+02;1.3631140e-01;3.2250000e+02;8.4995225e-02;3.2250000e+02;3.8670342e-02;3.2250000e+02;-2.6501287e-03;3.2250000e+02;8.5161701e-03;3.2250000e+02;2.5408054e-02;3.2250000e+02;4.7235299e-02;3.2250000e+02;7.2601981e-02;3.2250000e+02;1.0163302e-01;3.2250000e+02;1.3321121e-01;3.2250000e+02;1.6726768e-01;3.2250000e+02;1.9303927e-01;3.2250000e+02;2.1328649e-01;3.2250000e+02;2.3352586e-01;3.2250000e+02;2.5055993e-01;3.2250000e+02;2.5448775e-01;3.2250000e+02;2.3112550e-01;3.2250000e+02;1.8893842e-01;3.2250000e+02;1.3631140e-01;3.2250000e+02;8.4995225e-02;3.2250000e+02;3.8670342e-02;3.2250000e+02;-2.6501287e-03;3.2250000e+02;8.5161701e-03;3.2250000e+02;2.5408054e-02;3.2250000e+02;4.7235299e-02;3.2250000e+02;7.2601981e-02;3.2250000e+02;1.0163302e-01;3.2250000e+02;1.3321121e-01;3.2250000e+02;1.6726768e-01;3.2250000e+02;1.9303927e-01;3.2250000e+02;2.1328649e-01;3.2250000e+02;2.3352586e-01;3.2250000e+02;2.5055993e-01;3.2250000e+02;2.5448775e-01;3.2250000e+02;2.3112550e-01;3.2250000e+02;1.8893842e-01;3.2250000e+02;1.3631140e-01;3.2250000e+02;8.4995225e-02;3.2250000e+02;3.8670342e-02;3.2250000e+02;-2.6501287e-03;3.2250000e+02;8.5161701e-03;3.2250000e+02;2.5408054e-02;3.2250000e+02;4.7235299e-02;3.2250000e+02;7.2601981e-02;3.2250000e+02;1.0163302e-01;3.2250000e+02;1.3321121e-01;3.2250000e+02;1.6726768e-01;3.2250000e+02;1.9303927e-01;3.2250000e+02;2.1328649e-01;3.2250000e+02;2.3352586e-01;3.2250000e+02;2.5055993e-01;3.2250000e+02;2.5448775e-01;3.2250000e+02;2.3112550e-01;3.2250000e+02;1.8893842e-01;3.2250000e+02;1.3631140e-01;3.2250000e+02;8.4995225e-02;3.2250000e+02;3.8670342e-02;3.2250000e+02;-2.6501287e-03;3.2250000e+02;8.5161701e-03;3.2250000e+02;2.5408054e-02;3.2250000e+02;4.7235299e-02;3.2250000e+02;7.2601981e-02;3.2250000e+02;1.0163302e-01;3.2250000e+02;1.3321121e-01;3.2250000e+02;1.6726768e-01;3.2250000e+02;1.9303927e-01;3.2250000e+02;2.1328649e-01;3.2250000e+02;2.3352586e-01;3.2250000e+02;2.5055993e-01;3.2250000e+02;2.5448775e-01;3.2250000e+02;2.3112550e-01;3.2250000e+02;1.8893842e-01;3.2250000e+02;1.3631140e-01;3.2250000e+02;8.4995225e-02;3.2250000e+02;3.8670342e-02;3.2250000e+02;-2.6501287e-03;3.2250000e+02;8.5161701e-03;3.2250000e+02;2.5408054e-02;3.2250000e+02;4.7235299e-02;3.2250000e+02;7.2601981e-02;3.2250000e+02;1.0163302e-01;3.2250000e+02;1.3321121e-01;3.2250000e+02;1.6726768e-01;3.2250000e+02;1.9303927e-01;3.2250000e+02;2.1328649e-01;3.2250000e+02;2.3352586e-01;3.2250000e+02;2.5055993e-01;3.2250000e+02;2.5448775e-01;3.2250000e+02;2.3112550e-01;3.2250000e+02;1.8893842e-01;3.2250000e+02;1.3631140e-01;3.2250000e+02;8.4995225e-02;3.2250000e+02;3.8670342e-02;3.2250000e+02;-2.6501287e-03;3.2250000e+02;8.5161701e-03;3.2250000e+02;2.5408054e-02;3.2250000e+02;4.7235299e-02;3.2250000e+02;7.2601981e-02;3.2250000e+02;1.0163302e-01;3.2250000e+02;1.3321121e-01;3.2250000e+02;1.6726768e-01;3.2250000e+02;1.9303927e-01;3.2250000e+02;2.1328649e-01;3.2250000e+02;2.3352586e-01;3.2250000e+02;2.5055993e-01;3.2250000e+02;2.5448775e-01;3.2250000e+02;2.3112550e-01;3.2250000e+02;1.8893842e-01;3.2250000e+02;1.3631140e-01;3.2250000e+02;8.4995225e-02;3.2250000e+02;3.8670342e-02;3.2250000e+02;-2.6501287e-03;3.2250000e+02;8.5161701e-03;3.2250000e+02;2.5408054e-02;3.2250000e+02;4.7235299e-02;3.2250000e+02;7.2601981e-02;3.2250000e+02;1.0163302e-01;3.2250000e+02;1.3321121e-01;3.2250000e+02;1.6726768e-01;3.2250000e+02;1.9303927e-01;3.2250000e+02;2.1328649e-01;3.2250000e+02;2.3352586e-01;3.2250000e+02;2.5055993e-01;3.2250000e+02;2.5448775e-01;3.2250000e+02;2.3112550e-01;3.2250000e+02;1.8893842e-01;3.2250000e+02;1.3631140e-01;3.2250000e+02;8.4995225e-02;3.2250000e+02;3.8670342e-02;3.2250000e+02;-2.6501287e-03;3.2250000e+02;8.5161701e-03;3.2250000e+02;2.5408054e-02;3.2250000e+02;4.7235299e-02;3.2250000e+02;7.2601981e-02;3.2250000e+02;1.0163302e-01;3.2250000e+02;1.3321121e-01;3.2250000e+02;1.6726768e-01;3.2250000e+02;1.9303927e-01;3.2250000e+02;2.1328649e-01;3.2250000e+02;2.3352586e-01;3.2250000e+02;2.5055993e-01;3.2250000e+02;2.5448775e-01;3.2250000e+02;2.3112550e-01;3.2250000e+02;1.8893842e-01;3.2250000e+02;1.3631140e-01;3.2250000e+02;8.4995225e-02;3.2250000e+02;3.8670342e-02;3.2250000e+02;-2.6501287e-03;3.2250000e+02;8.5161701e-03;3.2250000e+02;2.5408054e-02;3.2250000e+02;4.7235299e-02;3.2250000e+02;7.2601981e-02;3.2250000e+02;1.0163302e-01;3.2250000e+02;1.3321121e-01;3.2250000e+02;1.6726768e-01;3.2250000e+02;1.9303927e-01;3.2250000e+02;2.1328649e-01;3.2250000e+02;2.3352586e-01;3.2250000e+02;2.5055993e-01;3.2250000e+02;2.5448775e-01;3.2250000e+02;2.3112550e-01;3.2250000e+02;1.8893842e-01;3.2250000e+02;1.3631140e-01;3.2250000e+02;8.4995225e-02;3.2250000e+02;3.8670342e-02;3.2250000e+02;-2.6501287e-03;3.2250000e+02;8.5161701e-03;3.2250000e+02;2.5408054e-02;3.2250000e+02;4.7235299e-02;3.2250000e+02;7.2601981e-02;3.2250000e+02;1.0163302e-01;3.2250000e+02;1.3321121e-01;3.2250000e+02;1.6726768e-01;3.2250000e+02;1.9303927e-01;3.2250000e+02;2.1328649e-01;3.2250000e+02;2.3352586e-01;3.2250000e+02;2.5055993e-01;3.2250000e+02;2.5448775e-01;3.2250000e+02;2.3112550e-01;3.2250000e+02;1.8893842e-01;3.2250000e+02;1.3631140e-01;3.2250000e+02;8.4995225e-02;3.2250000e+02;3.8670342e-02;3.2250000e+02;-2.6501287e-03;3.2250000e+02;8.5161701e-03;3.2250000e+02;2.5408054e-02;3.2250000e+02;4.7235299e-02;3.2250000e+02;7.2601981e-02;3.2250000e+02;1.0163302e-01;3.2250000e+02;1.3321121e-01;3.2250000e+02;1.6726768e-01;3.2250000e+02;1.9303927e-01;3.2250000e+02;2.1328649e-01;3.2250000e+02;2.3352586e-01;3.2250000e+02;2.5055993e-01;3.2250000e+02;2.5448775e-01;3.2250000e+02;2.3112550e-01;3.2250000e+02;1.8893842e-01;3.2250000e+02;1.3631140e-01;3.2250000e+02;8.4995225e-02;3.2250000e+02;3.8670342e-02;3.2250000e+02;-2.6501287e-03;3.2250000e+02;8.5161701e-03;3.2250000e+02;2.5408054e-02;3.2250000e+02;4.7235299e-02;3.2250000e+02;7.2601981e-02;3.2250000e+02;1.0163302e-01;3.2250000e+02;1.3321121e-01;3.2250000e+02;1.6726768e-01;3.2250000e+02;1.9303927e-01;3.2250000e+02;2.1328649e-01;3.2250000e+02;2.3352586e-01;3.2250000e+02;2.5055993e-01;3.2250000e+02;2.5448775e-01;3.2250000e+02;2.3112550e-01;3.2250000e+02;1.8893842e-01;3.2250000e+02;1.3631140e-01;3.2250000e+02;8.4995225e-02;3.2250000e+02;3.8670342e-02;3.2250000e+02;-2.6501287e-03;3.2250000e+02;8.5161701e-03;3.2250000e+02;2.5408054e-02;3.2250000e+02;4.7235299e-02;3.2250000e+02;7.2601981e-02;3.2250000e+02;1.0163302e-01;3.2250000e+02;1.3321121e-01;3.2250000e+02;1.6726768e-01;3.2250000e+02;1.9303927e-01;3.2250000e+02;2.1328649e-01;3.2250000e+02;2.3352586e-01;3.2250000e+02;2.5055993e-01;3.2250000e+02;2.5448775e-01;3.2250000e+02;2.3112550e-01;3.2250000e+02;1.8893842e-01;3.2250000e+02;1.3631140e-01;3.2250000e+02;8.4995225e-02;3.2250000e+02;3.8670342e-02;3.2250000e+02;-2.6501287e-03;3.2250000e+02;8.5161701e-03;3.2250000e+02;2.5408054e-02;3.2250000e+02;4.7235299e-02;3.2250000e+02;7.2601981e-02;3.2250000e+02;1.0163302e-01;3.2250000e+02;1.3321121e-01;3.2250000e+02;1.6726768e-01;3.2250000e+02;1.9303927e-01;3.2250000e+02;2.1328649e-01;3.2250000e+02;2.3352586e-01;3.2250000e+02;2.5055993e-01;3.2250000e+02;2.5448775e-01;3.2250000e+02;2.3112550e-01;3.2250000e+02;1.8893842e-01;3.2250000e+02;1.3631140e-01;3.2250000e+02;8.4995225e-02;3.2250000e+02;3.8670342e-02;3.2250000e+02;-2.6501287e-03;3.2250000e+02;8.5161701e-03;3.2250000e+02;2.5408054e-02;3.2250000e+02;4.7235299e-02;3.2250000e+02;7.2601981e-02;3.2250000e+02;1.0163302e-01;3.2250000e+02;1.3321121e-01;3.2250000e+02;1.6726768e-01;3.2250000e+02;1.9303927e-01;3.2250000e+02;2.1328649e-01;3.2250000e+02;2.3352586e-01;3.2250000e+02;2.5055993e-01;3.2250000e+02;2.5448775e-01;3.2250000e+02;2.3112550e-01;3.2250000e+02;1.8893842e-01;3.2250000e+02;1.3631140e-01;3.2250000e+02;8.4995225e-02;3.2250000e+02;3.8670342e-02;3.2250000e+02;-2.6501287e-03;3.2250000e+02;8.5161701e-03;3.2250000e+02;2.5408054e-02;3.2250000e+02;4.7235299e-02;3.2250000e+02;7.2601981e-02;3.2250000e+02;1.0163302e-01;3.2250000e+02;1.3321121e-01;3.2250000e+02;1.6726768e-01;3.2250000e+02;1.9303927e-01;3.2250000e+02;2.1328649e-01;3.2250000e+02;2.3352586e-01;3.2250000e+02;2.5055993e-01;3.2250000e+02;2.5448775e-01;3.2250000e+02;2.3112550e-01;3.2250000e+02;1.8893842e-01;3.2250000e+02;1.3631140e-01;3.2250000e+02;8.4995225e-02;3.2250000e+02;3.8670342e-02;3.2250000e+02;-2.6501287e-03;3.2250000e+02;8.5161701e-03;3.2250000e+02;2.5408054e-02;3.2250000e+02;4.7235299e-02;3.2250000e+02;7.2601981e-02;3.2250000e+02;1.0163302e-01;3.2250000e+02;1.3321121e-01;3.2250000e+02;1.6726768e-01;3.2250000e+02;1.9303927e-01;3.2250000e+02;2.1328649e-01;3.2250000e+02;2.3352586e-01;3.2250000e+02;2.5055993e-01;3.2250000e+02;2.5448775e-01;3.2250000e+02;2.3112550e-01;3.2250000e+02;1.8893842e-01;3.2250000e+02;1.3631140e-01;3.2250000e+02;8.4995225e-02;3.2250000e+02;3.8670342e-02;3.2250000e+02;-2.6501287e-03;3.2250000e+02;8.5161701e-03;3.2250000e+02;2.5408054e-02;3.2250000e+02;4.7235299e-02;3.2250000e+02;7.2601981e-02;3.2250000e+02;1.0163302e-01;3.2250000e+02;1.3321121e-01;3.2250000e+02;1.6726768e-01;3.2250000e+02;1.9303927e-01;3.2250000e+02;2.1328649e-01;3.2250000e+02;2.3352586e-01;3.2250000e+02;2.5055993e-01;3.2250000e+02;2.5448775e-01;3.2250000e+02;2.3112550e-01;3.2250000e+02;1.8893842e-01;3.2250000e+02;1.3631140e-01;3.2250000e+02;8.4995225e-02;3.2250000e+02;3.8670342e-02;3.2250000e+02;-2.6501287e-03;3.2250000e+02;8.5161701e-03;3.2250000e+02;2.5408054e-02;3.2250000e+02;4.7235299e-02;3.2250000e+02;7.2601981e-02;3.2250000e+02;1.0163302e-01;3.2250000e+02;1.3321121e-01;3.2250000e+02;1.6726768e-01;3.2250000e+02;1.9303927e-01;3.2250000e+02;2.1328649e-01;3.2250000e+02;2.3352586e-01;3.2250000e+02;2.5055993e-01;3.2250000e+02;2.5448775e-01;3.2250000e+02;2.3112550e-01;3.2250000e+02;1.8893842e-01;3.2250000e+02;1.3631140e-01;3.2250000e+02;8.4995225e-02;3.2250000e+02;3.8670342e-02;3.2250000e+02;-2.6501287e-03;3.2250000e+02;8.5161701e-03;3.2250000e+02;2.5408054e-02;3.2250000e+02;4.7235299e-02;3.2250000e+02;7.2601981e-02;3.2250000e+02;1.0163302e-01;3.2250000e+02;1.3321121e-01;3.2250000e+02;1.6726768e-01;3.2250000e+02;1.9303927e-01;3.2250000e+02;2.1328649e-01;3.2250000e+02;2.3352586e-01;3.2250000e+02;2.5055993e-01;3.2250000e+02;2.5448775e-01;3.2250000e+02;2.3112550e-01;3.2250000e+02;1.8893842e-01;3.2250000e+02;1.3631140e-01;3.2250000e+02;8.4995225e-02;3.2250000e+02;3.8670342e-02;3.2250000e+02;-2.6501287e-03;3.2250000e+02;8.5161701e-03;3.2250000e+02;2.5408054e-02;3.2250000e+02;4.7235299e-02;3.2250000e+02;7.2601981e-02;3.2250000e+02;1.0163302e-01;3.2250000e+02;1.3321121e-01;3.2250000e+02;1.6726768e-01;3.2250000e+02;1.9303927e-01;3.2250000e+02;2.1328649e-01;3.2250000e+02;2.3352586e-01;3.2250000e+02;2.5055993e-01;3.2250000e+02;2.5448775e-01;3.2250000e+02;2.3112550e-01;3.2250000e+02;1.8893842e-01;3.2250000e+02;1.3631140e-01;3.2250000e+02;8.4995225e-02;3.2250000e+02;3.8670342e-02;3.2250000e+02;-2.6501287e-03;3.2250000e+02;8.5161701e-03;3.2250000e+02;2.5408054e-02;3.2250000e+02;4.7235299e-02;3.2250000e+02;7.2601981e-02;3.2250000e+02;1.0163302e-01;3.2250000e+02;1.3321121e-01;3.2250000e+02;1.6726768e-01;3.2250000e+02;1.9303927e-01;3.2250000e+02;2.1328649e-01;3.2250000e+02;2.3352586e-01;3.2250000e+02;2.5055993e-01;3.2250000e+02;2.5448775e-01;3.2250000e+02;2.3112550e-01;3.2250000e+02;1.8893842e-01;3.2250000e+02;1.3631140e-01;3.2250000e+02;8.4995225e-02;3.2250000e+02;3.8670342e-02;3.2250000e+02;-2.6501287e-03;3.2250000e+02;8.5161701e-03;3.2250000e+02;2.5408054e-02;3.2250000e+02;4.7235299e-02;3.2250000e+02;7.2601981e-02;3.2250000e+02;1.0163302e-01;3.2250000e+02;1.3321121e-01;3.2250000e+02;1.6726768e-01;3.2250000e+02;1.9303927e-01;3.2250000e+02;2.1328649e-01;3.2250000e+02;2.3352586e-01;3.2250000e+02;2.5055993e-01;3.2250000e+02;2.5448775e-01;3.2250000e+02;2.3112550e-01;3.2250000e+02;1.8893842e-01;3.2250000e+02;1.3631140e-01;3.2250000e+02;8.4995225e-02;3.2250000e+02;3.8670342e-02;3.2250000e+02;-2.6501287e-03;3.2250000e+02;8.5161701e-03;3.2250000e+02;2.5408054e-02;3.2250000e+02;4.7235299e-02;3.2250000e+02;7.2601981e-02;3.2250000e+02;1.0163302e-01;3.2250000e+02;1.3321121e-01;3.2250000e+02;1.6726768e-01;3.2250000e+02;1.9303927e-01;3.2250000e+02;2.1328649e-01;3.2250000e+02;2.3352586e-01;3.2250000e+02;2.5055993e-01;3.2250000e+02;2.5448775e-01;3.2250000e+02;2.3112550e-01;3.2250000e+02;1.8893842e-01;3.2250000e+02;1.3631140e-01;3.2250000e+02;8.4995225e-02;3.2250000e+02;3.8670342e-02;3.2250000e+02;-2.6501287e-03;3.2250000e+02;8.5161701e-03;3.2250000e+02;2.5408054e-02;3.2250000e+02;4.7235299e-02;3.2250000e+02;7.2601981e-02;3.2250000e+02;1.0163302e-01;3.2250000e+02;1.3321121e-01;3.2250000e+02;1.6726768e-01;3.2250000e+02;1.9303927e-01;3.2250000e+02;2.1328649e-01;3.2250000e+02;2.3352586e-01;3.2250000e+02;2.5055993e-01;3.2250000e+02;2.5448775e-01;3.2250000e+02;2.3112550e-01;3.2250000e+02;1.8893842e-01;3.2250000e+02;1.3631140e-01;3.2250000e+02;8.4995225e-02;3.2250000e+02;3.8670342e-02;3.2250000e+02;-2.6501287e-03;3.2250000e+02;8.5161701e-03;3.2250000e+02;2.5408054e-02;3.2250000e+02;4.7235299e-02;3.2250000e+02;7.2601981e-02;3.2250000e+02;1.0163302e-01;3.2250000e+02;1.3321121e-01;3.2250000e+02;1.6726768e-01;3.2250000e+02;1.9303927e-01;3.2250000e+02;2.1328649e-01;3.2250000e+02;2.3352586e-01;3.2250000e+02;2.5055993e-01;3.2250000e+02;2.5448775e-01;3.2250000e+02;2.3112550e-01;3.2250000e+02;1.8893842e-01;3.2250000e+02;1.3631140e-01;3.2250000e+02;8.4995225e-02;3.2250000e+02;3.8670342e-02;3.2250000e+02;-2.6501287e-03;3.2250000e+02;8.5161701e-03;3.2250000e+02;2.5408054e-02;3.2250000e+02;4.7235299e-02;3.2250000e+02;7.2601981e-02;3.2250000e+02;1.0163302e-01;3.2250000e+02;1.3321121e-01;3.2250000e+02;1.6726768e-01;3.2250000e+02;1.9303927e-01;3.2250000e+02;2.1328649e-01;3.2250000e+02;2.3352586e-01;3.2250000e+02;2.5055993e-01;3.2250000e+02;2.5448775e-01;3.2250000e+02;2.3112550e-01;3.2250000e+02;1.8893842e-01;3.2250000e+02;1.3631140e-01;3.2250000e+02;8.4995225e-02;3.2250000e+02;3.8670342e-02;3.2250000e+02;-2.6501287e-03;3.2250000e+02;8.5161701e-03;3.2250000e+02;2.5408054e-02;3.2250000e+02;4.7235299e-02;3.2250000e+02;7.2601981e-02;3.2250000e+02;1.0163302e-01;3.2250000e+02;1.3321121e-01;3.2250000e+02;1.6726768e-01;3.2250000e+02;1.9303927e-01;3.2250000e+02;2.1328649e-01;3.2250000e+02;2.3352586e-01;3.2250000e+02;2.5055993e-01;3.2250000e+02;2.5448775e-01;3.2250000e+02;2.3112550e-01;3.2250000e+02;1.8893842e-01;3.2250000e+02;1.3631140e-01;3.2250000e+02;8.4995225e-02;3.2250000e+02;3.8670342e-02;3.2250000e+02;-2.6501287e-03;3.2250000e+02;8.5161701e-03;3.2250000e+02;2.5408054e-02;3.2250000e+02;4.7235299e-02;3.2250000e+02;7.2601981e-02;3.2250000e+02;1.0163302e-01;3.2250000e+02;1.3321121e-01;3.2250000e+02;1.6726768e-01;3.2250000e+02;1.9303927e-01;3.2250000e+02;2.1328649e-01;3.2250000e+02;2.3352586e-01;3.2250000e+02;2.5055993e-01;3.2250000e+02;2.5448775e-01;3.2250000e+02;2.3112550e-01;3.2250000e+02;1.8893842e-01;3.2250000e+02;1.3631140e-01;3.2250000e+02;8.4995225e-02;3.2250000e+02;3.8670342e-02;3.2250000e+02;-2.6501287e-03;3.2250000e+02;8.5161701e-03;3.2250000e+02;2.5408054e-02;3.2250000e+02;4.7235299e-02;3.2250000e+02;7.2601981e-02;3.2250000e+02;1.0163302e-01;3.2250000e+02;1.3321121e-01;3.2250000e+02;1.6726768e-01;3.2250000e+02;1.9303927e-01;3.2250000e+02;2.1328649e-01;3.2250000e+02;2.3352586e-01;3.2250000e+02;2.5055993e-01;3.2250000e+02;2.5448775e-01;3.2250000e+02;2.3112550e-01;3.2250000e+02;1.8893842e-01;3.2250000e+02;1.3631140e-01;3.2250000e+02;8.4995225e-02;3.2250000e+02;3.8670342e-02;3.2250000e+02;-2.6501287e-03;3.2250000e+02;8.5161701e-03;3.2250000e+02;2.5408054e-02;3.2250000e+02;4.7235299e-02;3.2250000e+02;7.2601981e-02;3.2250000e+02;1.0163302e-01;3.2250000e+02;1.3321121e-01;3.2250000e+02;1.6726768e-01;3.2250000e+02;1.9303927e-01;3.2250000e+02;2.1328649e-01;3.2250000e+02;2.3352586e-01;3.2250000e+02;2.5055993e-01;3.2250000e+02;2.5448775e-01;3.2250000e+02;2.3112550e-01;3.2250000e+02;1.8893842e-01;3.2250000e+02;1.3631140e-01;3.2250000e+02;8.4995225e-02;3.2250000e+02;3.8670342e-02;3.2250000e+02;-2.6501287e-03;3.2250000e+02;8.5161701e-03;3.2250000e+02;2.5408054e-02;3.2250000e+02;4.7235299e-02;3.2250000e+02;7.2601981e-02;3.2250000e+02;1.0163302e-01;3.2250000e+02;1.3321121e-01;3.2250000e+02;1.6726768e-01;3.2250000e+02;1.9303927e-01;3.2250000e+02;2.1328649e-01;3.2250000e+02;2.3352586e-01;3.2250000e+02;2.5055993e-01;3.2250000e+02;2.5448775e-01;3.2250000e+02;2.3112550e-01;3.2250000e+02;1.8893842e-01;3.2250000e+02;1.3631140e-01;3.2250000e+02;8.4995225e-02;3.2250000e+02;3.8670342e-02;3.2250000e+02;-2.6501287e-03;3.2250000e+02;8.5161701e-03;3.2250000e+02;2.5408054e-02;3.2250000e+02;4.7235299e-02;3.2250000e+02;7.2601981e-02;3.2250000e+02;1.0163302e-01;3.2250000e+02;1.3321121e-01;3.2250000e+02;1.6726768e-01;3.2250000e+02;1.9303927e-01;3.2250000e+02;2.1328649e-01;3.2250000e+02;2.3352586e-01;3.2250000e+02;2.5055993e-01;3.2250000e+02;2.5448775e-01;3.2250000e+02;2.3112550e-01;3.2250000e+02;1.8893842e-01;3.2250000e+02;1.3631140e-01;3.2250000e+02;8.4995225e-02;3.2250000e+02;3.8670342e-02;3.2250000e+02;-2.6501287e-03;3.2250000e+02;8.5161701e-03;3.2250000e+02;2.5408054e-02;3.2250000e+02;4.7235299e-02;3.2250000e+02;7.2601981e-02;3.2250000e+02;1.0163302e-01;3.2250000e+02;1.3321121e-01;3.2250000e+02;1.6726768e-01;3.2250000e+02;1.9303927e-01;3.2250000e+02;2.1328649e-01;3.2250000e+02;2.3352586e-01;3.2250000e+02;2.5055993e-01;3.2250000e+02;2.5448775e-01;3.2250000e+02;2.3112550e-01;3.2250000e+02;1.8893842e-01;3.2250000e+02;1.3631140e-01;3.2250000e+02;8.4995225e-02;3.2250000e+02;3.8670342e-02;3.2250000e+02;-2.6501287e-03;3.2250000e+02;8.5161701e-03;3.2250000e+02;2.5408054e-02;3.2250000e+02;4.7235299e-02;3.2250000e+02;7.2601981e-02;3.2250000e+02;1.0163302e-01;3.2250000e+02;1.3321121e-01;3.2250000e+02;1.6726768e-01;3.2250000e+02;1.9303927e-01;3.2250000e+02;2.1328649e-01;3.2250000e+02;2.3352586e-01;3.2250000e+02;2.5055993e-01;3.2250000e+02;2.5448775e-01;3.2250000e+02;2.3112550e-01;3.2250000e+02;1.8893842e-01;3.2250000e+02;1.3631140e-01;3.2250000e+02;8.4995225e-02;3.2250000e+02;3.8670342e-02;3.2250000e+02;-2.6501287e-03;3.2250000e+02;8.5161701e-03;3.2250000e+02;2.5408054e-02;3.2250000e+02;4.7235299e-02;3.2250000e+02;7.2601981e-02;3.2250000e+02;1.0163302e-01;3.2250000e+02;1.3321121e-01;3.2250000e+02;1.6726768e-01;3.2250000e+02;1.9303927e-01;3.2250000e+02;2.1328649e-01;3.2250000e+02;2.3352586e-01;3.2250000e+02;2.5055993e-01;3.2250000e+02;2.5448775e-01;3.2250000e+02;2.3112550e-01;3.2250000e+02;1.8893842e-01;3.2250000e+02;1.3631140e-01;3.2250000e+02;8.4995225e-02;3.2250000e+02;3.8670342e-02;3.2250000e+02;-2.6501287e-03;3.2250000e+02;8.5161701e-03;3.2250000e+02;2.5408054e-02;3.2250000e+02;4.7235299e-02;3.2250000e+02;7.2601981e-02;3.2250000e+02;1.0163302e-01;3.2250000e+02;1.3321121e-01;3.2250000e+02;1.6726768e-01;3.2250000e+02;1.9303927e-01;3.2250000e+02;2.1328649e-01;3.2250000e+02;2.3352586e-01;3.2250000e+02;2.5055993e-01;3.2250000e+02;2.5448775e-01;3.2250000e+02;2.3112550e-01;3.2250000e+02;1.8893842e-01;3.2250000e+02;1.3631140e-01;3.2250000e+02;8.4995225e-02;3.2250000e+02;3.8670342e-02;3.2250000e+02;-2.6501287e-03;3.2250000e+02;8.5161701e-03;3.2250000e+02;2.5408054e-02;3.2250000e+02;4.7235299e-02;3.2250000e+02;7.2601981e-02;3.2250000e+02;1.0163302e-01;3.2250000e+02;1.3321121e-01;3.2250000e+02;1.6726768e-01;3.2250000e+02;1.9303927e-01;3.2250000e+02;2.1328649e-01;3.2250000e+02;2.3352586e-01;3.2250000e+02;2.5055993e-01;3.2250000e+02;2.5448775e-01;3.2250000e+02;2.3112550e-01;3.2250000e+02;1.8893842e-01;3.2250000e+02;1.3631140e-01;3.2250000e+02;8.4995225e-02;3.2250000e+02;3.8670342e-02;3.2250000e+02;-2.6501287e-03;3.2250000e+02;8.5161701e-03;3.2250000e+02;2.5408054e-02;3.2250000e+02;4.7235299e-02;3.2250000e+02;7.2601981e-02;3.2250000e+02;1.0163302e-01;3.2250000e+02;1.3321121e-01;3.2250000e+02;1.6726768e-01;3.2250000e+02;1.9303927e-01;3.2250000e+02;2.1328649e-01;3.2250000e+02;2.3352586e-01;3.2250000e+02;2.5055993e-01;3.2250000e+02;2.5448775e-01;3.2250000e+02;2.3112550e-01;3.2250000e+02;1.8893842e-01;3.2250000e+02;1.3631140e-01;3.2250000e+02;8.4995225e-02;3.2250000e+02;3.8670342e-02;3.2250000e+02;-2.6501287e-03;3.2250000e+02;8.5161701e-03;3.2250000e+02;2.5408054e-02;3.2250000e+02;4.7235299e-02;3.2250000e+02;7.2601981e-02;3.2250000e+02;1.0163302e-01;3.2250000e+02;1.3321121e-01;3.2250000e+02;1.6726768e-01;3.2250000e+02;1.9303927e-01;3.2250000e+02;2.1328649e-01;3.2250000e+02;2.3352586e-01;3.2250000e+02;2.5055993e-01;3.2250000e+02;2.5448775e-01;3.2250000e+02;2.3112550e-01;3.2250000e+02;1.8893842e-01;3.2250000e+02;1.3631140e-01;3.2250000e+02;8.4995225e-02;3.2250000e+02;3.8670342e-02;3.2250000e+02;-2.6501287e-03;3.2250000e+02;8.5161701e-03;3.2250000e+02;2.5408054e-02;3.2250000e+02;4.7235299e-02;3.2250000e+02;7.2601981e-02;3.2250000e+02;1.0163302e-01;3.2250000e+02;1.3321121e-01;3.2250000e+02;1.6726768e-01;3.2250000e+02;1.9303927e-01;3.2250000e+02;2.1328649e-01;3.2250000e+02;2.3352586e-01;3.2250000e+02;2.5055993e-01;3.2250000e+02;2.5448775e-01;3.2250000e+02;2.3112550e-01;3.2250000e+02;1.8893842e-01;3.2250000e+02;1.3631140e-01;3.2250000e+02;8.4995225e-02;3.2250000e+02;3.8670342e-02;3.2250000e+02;-2.6501287e-03;3.2250000e+02;8.5161701e-03;3.2250000e+02;2.5408054e-02;3.2250000e+02;4.7235299e-02;3.2250000e+02;7.2601981e-02;3.2250000e+02;1.0163302e-01;3.2250000e+02;1.3321121e-01;3.2250000e+02;1.6726768e-01;3.2250000e+02;1.9303927e-01;3.2250000e+02;2.1328649e-01;3.2250000e+02;2.3352586e-01;3.2250000e+02;2.5055993e-01;3.2250000e+02;2.5448775e-01;3.2250000e+02;2.3112550e-01;3.2250000e+02;1.8893842e-01;3.2250000e+02;1.3631140e-01;3.2250000e+02;8.4995225e-02;3.2250000e+02;3.8670342e-02;3.2250000e+02;-2.6501287e-03;3.2250000e+02;8.5161701e-03;3.2250000e+02;2.5408054e-02;3.2250000e+02;4.7235299e-02;3.2250000e+02;7.2601981e-02;3.2250000e+02;1.0163302e-01;3.2250000e+02;1.3321121e-01;3.2250000e+02;1.6726768e-01;3.2250000e+02;1.9303927e-01;3.2250000e+02;2.1328649e-01;3.2250000e+02;2.3352586e-01;3.2250000e+02;2.5055993e-01;3.2250000e+02;2.5448775e-01;3.2250000e+02;2.3112550e-01;3.2250000e+02;1.8893842e-01;3.2250000e+02;1.3631140e-01;3.2250000e+02;8.4995225e-02;3.2250000e+02;3.8670342e-02;3.2250000e+02;-2.6501287e-03;3.2250000e+02;8.5161701e-03;3.2250000e+02;2.5408054e-02;3.2250000e+02;4.7235299e-02;3.2250000e+02;7.2601981e-02;3.2250000e+02;1.0163302e-01;3.2250000e+02;1.3321121e-01;3.2250000e+02;1.6726768e-01;3.2250000e+02;1.9303927e-01;3.2250000e+02;2.1328649e-01;3.2250000e+02;2.3352586e-01;3.2250000e+02;2.5055993e-01;3.2250000e+02;2.5448775e-01;3.2250000e+02;2.3112550e-01;3.2250000e+02;1.8893842e-01;3.2250000e+02;1.3631140e-01;3.2250000e+02;8.4995225e-02;3.2250000e+02;3.8670342e-02;3.2250000e+02;-2.6501287e-03;3.2250000e+02;8.5161701e-03;3.2250000e+02;2.5408054e-02;3.2250000e+02;4.7235299e-02;3.2250000e+02;7.2601981e-02;3.2250000e+02;1.0163302e-01;3.2250000e+02;1.3321121e-01;3.2250000e+02;1.6726768e-01;3.2250000e+02;1.9303927e-01;3.2250000e+02;2.1328649e-01;3.2250000e+02;2.3352586e-01;3.2250000e+02;2.5055993e-01;3.2250000e+02;2.5448775e-01;3.2250000e+02;2.3112550e-01;3.2250000e+02;1.8893842e-01;3.2250000e+02;1.3631140e-01;3.2250000e+02;8.4995225e-02;3.2250000e+02;3.8670342e-02;3.2250000e+02;-2.6501287e-03;3.2250000e+02;8.5161701e-03;3.2250000e+02;2.5408054e-02;3.2250000e+02;4.7235299e-02;3.2250000e+02;7.2601981e-02;3.2250000e+02;1.0163302e-01;3.2250000e+02;1.3321121e-01;3.2250000e+02;1.6726768e-01;3.2250000e+02;1.9303927e-01;3.2250000e+02;2.1328649e-01;3.2250000e+02;2.3352586e-01;3.2250000e+02;2.5055993e-01;3.2250000e+02;2.5448775e-01;3.2250000e+02;2.3112550e-01;3.2250000e+02;1.8893842e-01;3.2250000e+02;1.3631140e-01;3.2250000e+02;8.4995225e-02;3.2250000e+02;3.8670342e-02;3.2250000e+02;-2.6501287e-03;3.2250000e+02;8.5161701e-03;3.2250000e+02;2.5408054e-02;3.2250000e+02;4.7235299e-02;3.2250000e+02;7.2601981e-02;3.2250000e+02;1.0163302e-01;3.2250000e+02;1.3321121e-01;3.2250000e+02;1.6726768e-01;3.2250000e+02;1.9303927e-01;3.2250000e+02;2.1328649e-01;3.2250000e+02;2.3352586e-01;3.2250000e+02;2.5055993e-01;3.2250000e+02;2.5448775e-01;3.2250000e+02;2.3112550e-01;3.2250000e+02;1.8893842e-01;3.2250000e+02;1.3631140e-01;3.2250000e+02;8.4995225e-02;3.2250000e+02;3.8670342e-02;3.2250000e+02;-2.6501287e-03;3.2250000e+02;8.5161701e-03;3.2250000e+02;2.5408054e-02;3.2250000e+02;4.7235299e-02;3.2250000e+02;7.2601981e-02;3.2250000e+02;1.0163302e-01;3.2250000e+02;1.3321121e-01;3.2250000e+02;1.6726768e-01;3.2250000e+02;1.9303927e-01;3.2250000e+02;2.1328649e-01;3.2250000e+02;2.3352586e-01;3.2250000e+02;2.5055993e-01;3.2250000e+02;2.5448775e-01;3.2250000e+02;2.3112550e-01;3.2250000e+02;1.8893842e-01;3.2250000e+02;1.3631140e-01;3.2250000e+02;8.4995225e-02;3.2250000e+02;3.8670342e-02;3.2250000e+02;-2.6501287e-03;3.2250000e+02;8.5161701e-03;3.2250000e+02;2.5408054e-02;3.2250000e+02;4.7235299e-02;3.2250000e+02;7.2601981e-02;3.2250000e+02;1.0163302e-01;3.2250000e+02;1.3321121e-01;3.2250000e+02;1.6726768e-01;3.2250000e+02;1.9303927e-01;3.2250000e+02;2.1328649e-01;3.2250000e+02;2.3352586e-01;3.2250000e+02;2.5055993e-01;3.2250000e+02;2.5448775e-01;3.2250000e+02;2.3112550e-01;3.2250000e+02;1.8893842e-01;3.2250000e+02;1.3631140e-01;3.2250000e+02;8.4995225e-02;3.2250000e+02;3.8670342e-02;3.2250000e+02;-2.6501287e-03;3.2250000e+02;8.5161701e-03;3.2250000e+02;2.5408054e-02;3.2250000e+02;4.7235299e-02;3.2250000e+02;7.2601981e-02;3.2250000e+02;1.0163302e-01;3.2250000e+02;1.3321121e-01;3.2250000e+02;1.6726768e-01;3.2250000e+02;1.9303927e-01;3.2250000e+02;2.1328649e-01;3.2250000e+02;2.3352586e-01;3.2250000e+02;2.5055993e-01;3.2250000e+02;2.5448775e-01;3.2250000e+02;2.3112550e-01;3.2250000e+02;1.8893842e-01;3.2250000e+02;1.3631140e-01;3.2250000e+02;8.4995225e-02;3.2250000e+02;3.8670342e-02;3.2250000e+02;-2.6501287e-03;3.2250000e+02;8.5161701e-03;3.2250000e+02;2.5408054e-02;3.2250000e+02;4.7235299e-02;3.2250000e+02;7.2601981e-02;3.2250000e+02;1.0163302e-01;3.2250000e+02;1.3321121e-01;3.2250000e+02;1.6726768e-01;3.2250000e+02;1.9303927e-01;3.2250000e+02;2.1328649e-01;3.2250000e+02;2.3352586e-01;3.2250000e+02;2.5055993e-01;3.2250000e+02;2.5448775e-01;3.2250000e+02;2.3112550e-01;3.2250000e+02;1.8893842e-01;3.2250000e+02;1.3631140e-01;3.2250000e+02;8.4995225e-02;3.2250000e+02;3.8670342e-02;3.2250000e+02;-2.6501287e-03;3.2250000e+02;8.5161701e-03;3.2250000e+02;2.5408054e-02;3.2250000e+02;4.7235299e-02;3.2250000e+02;7.2601981e-02;3.2250000e+02;1.0163302e-01;3.2250000e+02;1.3321121e-01;3.2250000e+02;1.6726768e-01;3.2250000e+02;1.9303927e-01;3.2250000e+02;2.1328649e-01;3.2250000e+02;2.3352586e-01;3.2250000e+02;2.5055993e-01;3.2250000e+02;2.5448775e-01;3.2250000e+02;2.3112550e-01;3.2250000e+02;1.8893842e-01;3.2250000e+02;1.3631140e-01;3.2250000e+02;8.4995225e-02;3.2250000e+02;3.8670342e-02;3.2250000e+02;-2.6501287e-03;3.2250000e+02;8.5161701e-03;3.2250000e+02;2.5408054e-02;3.2250000e+02;4.7235299e-02;3.2250000e+02;7.2601981e-02;3.2250000e+02;1.0163302e-01;3.2250000e+02;1.3321121e-01;3.2250000e+02;1.6726768e-01;3.2250000e+02;1.9303927e-01;3.2250000e+02;2.1328649e-01;3.2250000e+02;2.3352586e-01;3.2250000e+02;2.5055993e-01;3.2250000e+02;2.5448775e-01;3.2250000e+02;2.3112550e-01;3.2250000e+02;1.8893842e-01;3.2250000e+02;1.3631140e-01;3.2250000e+02;8.4995225e-02;3.2250000e+02;3.8670342e-02;3.2250000e+02;-2.6501287e-03;3.2250000e+02;8.5161701e-03;3.2250000e+02;2.5408054e-02;3.2250000e+02;4.7235299e-02;3.2250000e+02;7.2601981e-02;3.2250000e+02;1.0163302e-01;3.2250000e+02;1.3321121e-01;3.2250000e+02;1.6726768e-01;3.2250000e+02;1.9303927e-01;3.2250000e+02;2.1328649e-01;3.2250000e+02;2.3352586e-01;3.2250000e+02;2.5055993e-01;3.2250000e+02;2.5448775e-01;3.2250000e+02;2.3112550e-01;3.2250000e+02;1.8893842e-01;3.2250000e+02;1.3631140e-01;3.2250000e+02;8.4995225e-02;3.2250000e+02;3.8670342e-02;3.2250000e+02;-2.6501287e-03;3.2250000e+02;8.5161701e-03;3.2250000e+02;2.5408054e-02;3.2250000e+02;4.7235299e-02;3.2250000e+02;7.2601981e-02;3.2250000e+02;1.0163302e-01;3.2250000e+02;1.3321121e-01;3.2250000e+02;1.6726768e-01;3.2250000e+02;1.9303927e-01;3.2250000e+02;2.1328649e-01;3.2250000e+02;2.3352586e-01;3.2250000e+02;2.5055993e-01;3.2250000e+02;2.5448775e-01;3.2250000e+02;2.3112550e-01;3.2250000e+02;1.8893842e-01;3.2250000e+02;1.3631140e-01;3.2250000e+02;8.4995225e-02;3.2250000e+02;3.8670342e-02;3.2250000e+02;-2.6501287e-03;3.2250000e+02;8.5161701e-03;3.2250000e+02;2.5408054e-02;3.2250000e+02;4.7235299e-02;3.2250000e+02;7.2601981e-02;3.2250000e+02;1.0163302e-01;3.2250000e+02;1.3321121e-01;3.2250000e+02;1.6726768e-01;3.2250000e+02;1.9303927e-01;3.2250000e+02;2.1328649e-01;3.2250000e+02;2.3352586e-01;3.2250000e+02;2.5055993e-01;3.2250000e+02;2.5448775e-01;3.2250000e+02;2.3112550e-01;3.2250000e+02;1.8893842e-01;3.2250000e+02;1.3631140e-01;3.2250000e+02;8.4995225e-02;3.2250000e+02;3.8670342e-02;3.2250000e+02;-2.6501287e-03;3.2250000e+02;8.5161701e-03;3.2250000e+02;2.5408054e-02;3.2250000e+02;4.7235299e-02;3.2250000e+02;7.2601981e-02;3.2250000e+02;1.0163302e-01;3.2250000e+02;1.3321121e-01;3.2250000e+02;1.6726768e-01;3.2250000e+02;1.9303927e-01;3.2250000e+02;2.1328649e-01;3.2250000e+02;2.3352586e-01;3.2250000e+02;2.5055993e-01;3.2250000e+02;2.5448775e-01;3.2250000e+02;2.3112550e-01;3.2250000e+02;1.8893842e-01;3.2250000e+02;1.3631140e-01;3.2250000e+02;8.4995225e-02;3.2250000e+02;3.8670342e-02;3.2250000e+02;-2.6501287e-03;3.2250000e+02;8.5161701e-03;3.2250000e+02;2.5408054e-02;3.2250000e+02;4.7235299e-02;3.2250000e+02;7.2601981e-02;3.2250000e+02;1.0163302e-01;3.2250000e+02;1.3321121e-01;3.2250000e+02;1.6726768e-01;3.2250000e+02;1.9303927e-01;3.2250000e+02;2.1328649e-01;3.2250000e+02;2.3352586e-01;3.2250000e+02;2.5055993e-01;3.2250000e+02;2.5448775e-01;3.2250000e+02;2.3112550e-01;3.2250000e+02;1.8893842e-01;3.2250000e+02;1.3631140e-01;3.2250000e+02;8.4995225e-02;3.2250000e+02;3.8670342e-02;3.2250000e+02;-2.6501287e-03;3.2250000e+02;8.5161701e-03;3.2250000e+02;2.5408054e-02;3.2250000e+02;4.7235299e-02;3.2250000e+02;7.2601981e-02;3.2250000e+02;1.0163302e-01;3.2250000e+02;1.3321121e-01;3.2250000e+02;1.6726768e-01;3.2250000e+02;1.9303927e-01;3.2250000e+02;2.1328649e-01;3.2250000e+02;2.3352586e-01;3.2250000e+02;2.5055993e-01;3.2250000e+02;2.5448775e-01;3.2250000e+02;2.3112550e-01;3.2250000e+02;1.8893842e-01;3.2250000e+02;1.3631140e-01;3.2250000e+02;8.4995225e-02;3.2250000e+02;3.8670342e-02;3.2250000e+02;-2.6501287e-03;3.2250000e+02;8.5161701e-03;3.2250000e+02;2.5408054e-02;3.2250000e+02;4.7235299e-02;3.2250000e+02;7.2601981e-02;3.2250000e+02;1.0163302e-01;3.2250000e+02;1.3321121e-01;3.2250000e+02;1.6726768e-01;3.2250000e+02;1.9303927e-01;3.2250000e+02;2.1328649e-01;3.2250000e+02;2.3352586e-01;3.2250000e+02;2.5055993e-01;3.2250000e+02;2.5448775e-01;3.2250000e+02;2.3112550e-01;3.2250000e+02;1.8893842e-01;3.2250000e+02;1.3631140e-01;3.2250000e+02;8.4995225e-02;3.2250000e+02;3.8670342e-02;3.2250000e+02;-2.6501287e-03;3.2250000e+02;8.5161701e-03;3.2250000e+02;2.5408054e-02;3.2250000e+02;4.7235299e-02;3.2250000e+02;7.2601981e-02;3.2250000e+02;1.0163302e-01;3.2250000e+02;1.3321121e-01;3.2250000e+02;1.6726768e-01;3.2250000e+02;1.9303927e-01;3.2250000e+02;2.1328649e-01;3.2250000e+02;2.3352586e-01;3.2250000e+02;2.5055993e-01;3.2250000e+02;2.5448775e-01;3.2250000e+02;2.3112550e-01;3.2250000e+02;1.8893842e-01;3.2250000e+02;1.3631140e-01;3.2250000e+02;8.4995225e-02;3.2250000e+02;3.8670342e-02;3.2250000e+02;-2.6501287e-03;3.2250000e+02;8.5161701e-03;3.2250000e+02;2.5408054e-02;3.2250000e+02;4.7235299e-02;3.2250000e+02;7.2601981e-02;3.2250000e+02;1.0163302e-01;3.2250000e+02;1.3321121e-01;3.2250000e+02;1.6726768e-01;3.2250000e+02;1.9303927e-01;3.2250000e+02;2.1328649e-01;3.2250000e+02;2.3352586e-01;3.2250000e+02;2.5055993e-01;3.2250000e+02;2.5448775e-01;3.2250000e+02;2.3112550e-01;3.2250000e+02;1.8893842e-01;3.2250000e+02;1.3631140e-01;3.2250000e+02;8.4995225e-02;3.2250000e+02;3.8670342e-02;3.2250000e+02;-2.6501287e-03;3.2250000e+02;8.5161701e-03;3.2250000e+02;2.5408054e-02;3.2250000e+02;4.7235299e-02;3.2250000e+02;7.2601981e-02;3.2250000e+02;1.0163302e-01;3.2250000e+02;1.3321121e-01;3.2250000e+02;1.6726768e-01;3.2250000e+02;1.9303927e-01;3.2250000e+02;2.1328649e-01;3.2250000e+02;2.3352586e-01;3.2250000e+02;2.5055993e-01;3.2250000e+02;2.5448775e-01;3.2250000e+02;2.3112550e-01;3.2250000e+02;1.8893842e-01;3.2250000e+02;1.3631140e-01;3.2250000e+02;8.4995225e-02;3.2250000e+02;3.8670342e-02;3.2250000e+02;-2.6501287e-03;3.2250000e+02;8.5161701e-03;3.2250000e+02;2.5408054e-02;3.2250000e+02;4.7235299e-02;3.2250000e+02;7.2601981e-02;3.2250000e+02;1.0163302e-01;3.2250000e+02;1.3321121e-01;3.2250000e+02;1.6726768e-01;3.2250000e+02;1.9303927e-01;3.2250000e+02;2.1328649e-01;3.2250000e+02;2.3352586e-01;3.2250000e+02;2.5055993e-01;3.2250000e+02;2.5448775e-01;3.2250000e+02;2.3112550e-01;3.2250000e+02;1.8893842e-01;3.2250000e+02;1.3631140e-01;3.2250000e+02;8.4995225e-02;3.2250000e+02;3.8670342e-02;3.2250000e+02;-2.6501287e-03;3.2250000e+02;8.5161701e-03;3.2250000e+02;2.5408054e-02;3.2250000e+02;4.7235299e-02;3.2250000e+02;7.2601981e-02;3.2250000e+02;1.0163302e-01;3.2250000e+02;1.3321121e-01;3.2250000e+02;1.6726768e-01;3.2250000e+02;1.9303927e-01;3.2250000e+02;2.1328649e-01;3.2250000e+02;2.3352586e-01;3.2250000e+02;2.5055993e-01;3.2250000e+02;2.5448775e-01;3.2250000e+02;2.3112550e-01;3.2250000e+02;1.8893842e-01;3.2250000e+02;1.3631140e-01;3.2250000e+02;8.4995225e-02;3.2250000e+02;3.8670342e-02;3.2250000e+02;-2.6501287e-03;3.2250000e+02;8.5161701e-03;3.2250000e+02;2.5408054e-02;3.2250000e+02;4.7235299e-02;3.2250000e+02;7.2601981e-02;3.2250000e+02;1.0163302e-01;3.2250000e+02;1.3321121e-01;3.2250000e+02;1.6726768e-01;3.2250000e+02;1.9303927e-01;3.2250000e+02;2.1328649e-01;3.2250000e+02;2.3352586e-01;3.2250000e+02;2.5055993e-01;3.2250000e+02;2.5448775e-01;3.2250000e+02;2.3112550e-01;3.2250000e+02;1.8893842e-01;3.2250000e+02;1.3631140e-01;3.2250000e+02;8.4995225e-02;3.2250000e+02;3.8670342e-02;3.2250000e+02;-2.6501287e-03;3.2250000e+02;8.5161701e-03;3.2250000e+02;2.5408054e-02;3.2250000e+02;4.7235299e-02;3.2250000e+02;7.2601981e-02;3.2250000e+02;1.0163302e-01;3.2250000e+02;1.3321121e-01;3.2250000e+02;1.6726768e-01;3.2250000e+02;1.9303927e-01;3.2250000e+02;2.1328649e-01;3.2250000e+02;2.3352586e-01;3.2250000e+02;2.5055993e-01;3.2250000e+02;2.5448775e-01;3.2250000e+02;2.3112550e-01;3.2250000e+02;1.8893842e-01;3.2250000e+02;1.3631140e-01;3.2250000e+02;8.4995225e-02;3.2250000e+02;3.8670342e-02;3.2250000e+02;-2.6501287e-03;3.2250000e+02;8.5161701e-03;3.2250000e+02;2.5408054e-02;3.2250000e+02;4.7235299e-02;3.2250000e+02;7.2601981e-02;3.2250000e+02;1.0163302e-01;3.2250000e+02;1.3321121e-01;3.2250000e+02;1.6726768e-01;3.2250000e+02;1.9303927e-01;3.2250000e+02;2.1328649e-01;3.2250000e+02;2.3352586e-01;3.2250000e+02;2.5055993e-01;3.2250000e+02;2.5448775e-01;3.2250000e+02;2.3112550e-01;3.2250000e+02;1.8893842e-01;3.2250000e+02;1.3631140e-01;3.2250000e+02;8.4995225e-02;3.2250000e+02;3.8670342e-02;3.2250000e+02;-2.6501287e-03;3.2250000e+02;8.5161701e-03;3.2250000e+02;2.5408054e-02;3.2250000e+02;4.7235299e-02;3.2250000e+02;7.2601981e-02;3.2250000e+02;1.0163302e-01;3.2250000e+02;1.3321121e-01;3.2250000e+02;1.6726768e-01;3.2250000e+02;1.9303927e-01;3.2250000e+02;2.1328649e-01;3.2250000e+02;2.3352586e-01;3.2250000e+02;2.5055993e-01;3.2250000e+02;2.5448775e-01;3.2250000e+02;2.3112550e-01;3.2250000e+02;1.8893842e-01;3.2250000e+02;1.3631140e-01;3.2250000e+02;8.4995225e-02;3.2250000e+02;3.8670342e-02;3.2250000e+02;-2.6501287e-03;3.2250000e+02;8.5161701e-03;3.2250000e+02;2.5408054e-02;3.2250000e+02;4.7235299e-02;3.2250000e+02;7.2601981e-02;3.2250000e+02;1.0163302e-01;3.2250000e+02;1.3321121e-01;3.2250000e+02;1.6726768e-01;3.2250000e+02;1.9303927e-01;3.2250000e+02;2.1328649e-01;3.2250000e+02;2.3352586e-01;3.2250000e+02;2.5055993e-01;3.2250000e+02;2.5448775e-01;3.2250000e+02;2.3112550e-01;3.2250000e+02;1.8893842e-01;3.2250000e+02;1.3631140e-01;3.2250000e+02;8.4995225e-02;3.2250000e+02;3.8670342e-02;3.2250000e+02;-2.6501287e-03;3.2250000e+02;8.5161701e-03;3.2250000e+02;2.5408054e-02;3.2250000e+02;4.7235299e-02;3.2250000e+02;7.2601981e-02;3.2250000e+02;1.0163302e-01;3.2250000e+02;1.3321121e-01;3.2250000e+02;1.6726768e-01;3.2250000e+02;1.9303927e-01;3.2250000e+02;2.1328649e-01;3.2250000e+02;2.3352586e-01;3.2250000e+02;2.5055993e-01;3.2250000e+02;2.5448775e-01;3.2250000e+02;2.3112550e-01;3.2250000e+02;1.8893842e-01;3.2250000e+02;1.3631140e-01;3.2250000e+02;8.4995225e-02;3.2250000e+02;3.8670342e-02;3.2250000e+02;-2.6501287e-03;3.2250000e+02;8.5161701e-03;3.2250000e+02;2.5408054e-02;3.2250000e+02;4.7235299e-02;3.2250000e+02;7.2601981e-02;3.2250000e+02;1.0163302e-01;3.2250000e+02;1.3321121e-01;3.2250000e+02;1.6726768e-01;3.2250000e+02;1.9303927e-01;3.2250000e+02;2.1328649e-01;3.2250000e+02;2.3352586e-01;3.2250000e+02;2.5055993e-01;3.2250000e+02;2.5448775e-01;3.2250000e+02;2.3112550e-01;3.2250000e+02;1.8893842e-01;3.2250000e+02;1.3631140e-01;3.2250000e+02;8.4995225e-02;3.2250000e+02;3.8670342e-02;3.2250000e+02;-2.6501287e-03;3.2250000e+02;8.5161701e-03;3.2250000e+02;2.5408054e-02;3.2250000e+02;4.7235299e-02;3.2250000e+02;7.2601981e-02;3.2250000e+02;1.0163302e-01;3.2250000e+02;1.3321121e-01;3.2250000e+02;1.6726768e-01;3.2250000e+02;1.9303927e-01;3.2250000e+02;2.1328649e-01;3.2250000e+02;2.3352586e-01;3.2250000e+02;2.5055993e-01;3.2250000e+02;2.5448775e-01;3.2250000e+02;2.3112550e-01;3.2250000e+02;1.8893842e-01;3.2250000e+02;1.3631140e-01;3.2250000e+02;8.4995225e-02;3.2250000e+02;3.8670342e-02;3.2250000e+02;-2.6501287e-03;3.2250000e+02;8.5161701e-03;3.2250000e+02;2.5408054e-02;3.2250000e+02;4.7235299e-02;3.2250000e+02;7.2601981e-02;3.2250000e+02;1.0163302e-01;3.2250000e+02;1.3321121e-01;3.2250000e+02;1.6726768e-01;3.2250000e+02;1.9303927e-01;3.2250000e+02;2.1328649e-01;3.2250000e+02;2.3352586e-01;3.2250000e+02;2.5055993e-01;3.2250000e+02;2.5448775e-01;3.2250000e+02;2.3112550e-01;3.2250000e+02;1.8893842e-01;3.2250000e+02;1.3631140e-01;3.2250000e+02;8.4995225e-02;3.2250000e+02;3.8670342e-02;3.2250000e+02;-2.6501287e-03;3.2250000e+02;8.5161701e-03;3.2250000e+02;2.5408054e-02;3.2250000e+02;4.7235299e-02;3.2250000e+02;7.2601981e-02;3.2250000e+02;1.0163302e-01;3.2250000e+02;1.3321121e-01;3.2250000e+02;1.6726768e-01;3.2250000e+02;1.9303927e-01;3.2250000e+02;2.1328649e-01;3.2250000e+02;2.3352586e-01;3.2250000e+02;2.5055993e-01;3.2250000e+02;2.5448775e-01;3.2250000e+02;2.3112550e-01;3.2250000e+02;1.8893842e-01;3.2250000e+02;1.3631140e-01;3.2250000e+02;8.4995225e-02;3.2250000e+02;3.8670342e-02;3.2250000e+02;-2.6501287e-03;3.2250000e+02;8.5161701e-03;3.2250000e+02;2.5408054e-02;3.2250000e+02;4.7235299e-02;3.2250000e+02;7.2601981e-02;3.2250000e+02;1.0163302e-01;3.2250000e+02;1.3321121e-01;3.2250000e+02;1.6726768e-01;3.2250000e+02;1.9303927e-01;3.2250000e+02;2.1328649e-01;3.2250000e+02;2.3352586e-01;3.2250000e+02;2.5055993e-01;3.2250000e+02;2.5448775e-01;3.2250000e+02;2.3112550e-01;3.2250000e+02;1.8893842e-01;3.2250000e+02;1.3631140e-01;3.2250000e+02;8.4995225e-02;3.2250000e+02;3.8670342e-02;3.2250000e+02;-2.6501287e-03;3.2250000e+02;8.5161701e-03;3.2250000e+02;2.5408054e-02;3.2250000e+02;4.7235299e-02;3.2250000e+02;7.2601981e-02;3.2250000e+02;1.0163302e-01;3.2250000e+02;1.3321121e-01;3.2250000e+02;1.6726768e-01;3.2250000e+02;1.9303927e-01;3.2250000e+02;2.1328649e-01;3.2250000e+02;2.3352586e-01;3.2250000e+02;2.5055993e-01;3.2250000e+02;2.5448775e-01;3.2250000e+02;2.3112550e-01;3.2250000e+02;1.8893842e-01;3.2250000e+02;1.3631140e-01;3.2250000e+02;8.4995225e-02;3.2250000e+02;3.8670342e-02;3.2250000e+02;-2.6501287e-03;3.2250000e+02;8.5161701e-03;3.2250000e+02;2.5408054e-02;3.2250000e+02;4.7235299e-02;3.2250000e+02;7.2601981e-02;3.2250000e+02;1.0163302e-01;3.2250000e+02;1.3321121e-01;3.2250000e+02;1.6726768e-01;3.2250000e+02;1.9303927e-01;3.2250000e+02;2.1328649e-01;3.2250000e+02;2.3352586e-01;3.2250000e+02;2.5055993e-01;3.2250000e+02;2.5448775e-01;3.2250000e+02;2.3112550e-01;3.2250000e+02;1.8893842e-01;3.2250000e+02;1.3631140e-01;3.2250000e+02;8.4995225e-02;3.2250000e+02;3.8670342e-02;3.2250000e+02;-2.6501287e-03;3.2250000e+02;8.5161701e-03;3.2250000e+02;2.5408054e-02;3.2250000e+02;4.7235299e-02;3.2250000e+02;7.2601981e-02;3.2250000e+02;1.0163302e-01;3.2250000e+02;1.3321121e-01;3.2250000e+02;1.6726768e-01;3.2250000e+02;1.9303927e-01;3.2250000e+02;2.1328649e-01;3.2250000e+02;2.3352586e-01;3.2250000e+02;2.5055993e-01;3.2250000e+02;2.5448775e-01;3.2250000e+02;2.3112550e-01;3.2250000e+02;1.8893842e-01;3.2250000e+02;1.3631140e-01;3.2250000e+02;8.4995225e-02;3.2250000e+02;3.8670342e-02;3.2250000e+02;-2.6501287e-03;3.2250000e+02;8.5161701e-03;3.2250000e+02;2.5408054e-02;3.2250000e+02;4.7235299e-02;3.2250000e+02;7.2601981e-02;3.2250000e+02;1.0163302e-01;3.2250000e+02;1.3321121e-01;3.2250000e+02;1.6726768e-01;3.2250000e+02;1.9303927e-01;3.2250000e+02;2.1328649e-01;3.2250000e+02;2.3352586e-01;3.2250000e+02;2.5055993e-01;3.2250000e+02;2.5448775e-01;3.2250000e+02;2.3112550e-01;3.2250000e+02;1.8893842e-01;3.2250000e+02;1.3631140e-01;3.2250000e+02;8.4995225e-02;3.2250000e+02;3.8670342e-02
3.2750000e+02;-5.3787967e-03;3.2750000e+02;4.7445563e-03;3.2750000e+02;2.0307094e-02;3.2750000e+02;4.0535614e-02;3.2750000e+02;6.4928062e-02;3.2750000e+02;9.3419328e-02;3.2750000e+02;1.2347470e-01;3.2750000e+02;1.5312636e-01;3.2750000e+02;1.7634541e-01;3.2750000e+02;1.9545126e-01;3.2750000e+02;2.1774825e-01;3.2750000e+02;2.3789437e-01;3.2750000e+02;2.4612373e-01;3.2750000e+02;2.2608858e-01;3.2750000e+02;1.8580940e-01;3.2750000e+02;1.3420953e-01;3.2750000e+02;8.2969695e-02;3.2750000e+02;3.6132526e-02;3.2750000e+02;-5.3787967e-03;3.2750000e+02;4.7445563e-03;3.2750000e+02;2.0307094e-02;3.2750000e+02;4.0535614e-02;3.2750000e+02;6.4928062e-02;3.2750000e+02;9.3419328e-02;3.2750000e+02;1.2347470e-01;3.2750000e+02;1.5312636e-01;3.2750000e+02;1.7634541e-01;3.2750000e+02;1.9545126e-01;3.2750000e+02;2.1774825e-01;3.2750000e+02;2.3789437e-01;3.2750000e+02;2.4612373e-01;3.2750000e+02;2.2608858e-01;3.2750000e+02;1.8580940e-01;3.2750000e+02;1.3420953e-01;3.2750000e+02;8.2969695e-02;3.2750000e+02;3.6132526e-02;3.2750000e+02;-5.3787967e-03;3.2750000e+02;4.7445563e-03;3.2750000e+02;2.0307094e-02;3.2750000e+02;4.0535614e-02;3.2750000e+02;6.4928062e-02;3.2750000e+02;9.3419328e-02;3.2750000e+02;1.2347470e-01;3.2750000e+02;1.5312636e-01;3.2750000e+02;1.7634541e-01;3.2750000e+02;1.9545126e-01;3.2750000e+02;2.1774825e-01;3.2750000e+02;2.3789437e-01;3.2750000e+02;2.4612373e-01;3.2750000e+02;2.2608858e-01;3.2750000e+02;1.8580940e-01;3.2750000e+02;1.3420953e-01;3.2750000e+02;8.2969695e-02;3.2750000e+02;3.6132526e-02;3.2750000e+02;-5.3787967e-03;3.2750000e+02;4.7445563e-03;3.2750000e+02;2.0307094e-02;3.2750000e+02;4.0535614e-02;3.2750000e+02;6.4928062e-02;3.2750000e+02;9.3419328e-02;3.2750000e+02;1.2347470e-01;3.2750000e+02;1.5312636e-01;3.2750000e+02;1.7634541e-01;3.2750000e+02;1.9545126e-01;3.2750000e+02;2.1774825e-01;3.2750000e+02;2.3789437e-01;3.2750000e+02;2.4612373e-01;3.2750000e+02;2.2608858e-01;3.2750000e+02;1.8580940e-01;3.2750000e+02;1.3420953e-01;3.2750000e+02;8.2969695e-02;3.2750000e+02;3.6132526e-02;3.2750000e+02;-5.3787967e-03;3.2750000e+02;4.7445563e-03;3.2750000e+02;2.0307094e-02;3.2750000e+02;4.0535614e-02;3.2750000e+02;6.4928062e-02;3.2750000e+02;9.3419328e-02;3.2750000e+02;1.2347470e-01;3.2750000e+02;1.5312636e-01;3.2750000e+02;1.7634541e-01;3.2750000e+02;1.9545126e-01;3.2750000e+02;2.1774825e-01;3.2750000e+02;2.3789437e-01;3.2750000e+02;2.4612373e-01;3.2750000e+02;2.2608858e-01;3.2750000e+02;1.8580940e-01;3.2750000e+02;1.3420953e-01;3.2750000e+02;8.2969695e-02;3.2750000e+02;3.6132526e-02;3.2750000e+02;-5.3787967e-03;3.2750000e+02;4.7445563e-03;3.2750000e+02;2.0307094e-02;3.2750000e+02;4.0535614e-02;3.2750000e+02;6.4928062e-02;3.2750000e+02;9.3419328e-02;3.2750000e+02;1.2347470e-01;3.2750000e+02;1.5312636e-01;3.2750000e+02;1.7634541e-01;3.2750000e+02;1.9545126e-01;3.2750000e+02;2.1774825e-01;3.2750000e+02;2.3789437e-01;3.2750000e+02;2.4612373e-01;3.2750000e+02;2.2608858e-01;3.2750000e+02;1.8580940e-01;3.2750000e+02;1.3420953e-01;3.2750000e+02;8.2969695e-02;3.2750000e+02;3.6132526e-02;3.2750000e+02;-5.3787967e-03;3.2750000e+02;4.7445563e-03;3.2750000e+02;2.0307094e-02;3.2750000e+02;4.0535614e-02;3.2750000e+02;6.4928062e-02;3.2750000e+02;9.3419328e-02;3.2750000e+02;1.2347470e-01;3.2750000e+02;1.5312636e-01;3.2750000e+02;1.7634541e-01;3.2750000e+02;1.9545126e-01;3.2750000e+02;2.1774825e-01;3.2750000e+02;2.3789437e-01;3.2750000e+02;2.4612373e-01;3.2750000e+02;2.2608858e-01;3.2750000e+02;1.8580940e-01;3.2750000e+02;1.3420953e-01;3.2750000e+02;8.2969695e-02;3.2750000e+02;3.6132526e-02;3.2750000e+02;-5.3787967e-03;3.2750000e+02;4.7445563e-03;3.2750000e+02;2.0307094e-02;3.2750000e+02;4.0535614e-02;3.2750000e+02;6.4928062e-02;3.2750000e+02;9.3419328e-02;3.2750000e+02;1.2347470e-01;3.2750000e+02;1.5312636e-01;3.2750000e+02;1.7634541e-01;3.2750000e+02;1.9545126e-01;3.2750000e+02;2.1774825e-01;3.2750000e+02;2.3789437e-01;3.2750000e+02;2.4612373e-01;3.2750000e+02;2.2608858e-01;3.2750000e+02;1.8580940e-01;3.2750000e+02;1.3420953e-01;3.2750000e+02;8.2969695e-02;3.2750000e+02;3.6132526e-02;3.2750000e+02;-5.3787967e-03;3.2750000e+02;4.7445563e-03;3.2750000e+02;2.0307094e-02;3.2750000e+02;4.0535614e-02;3.2750000e+02;6.4928062e-02;3.2750000e+02;9.3419328e-02;3.2750000e+02;1.2347470e-01;3.2750000e+02;1.5312636e-01;3.2750000e+02;1.7634541e-01;3.2750000e+02;1.9545126e-01;3.2750000e+02;2.1774825e-01;3.2750000e+02;2.3789437e-01;3.2750000e+02;2.4612373e-01;3.2750000e+02;2.2608858e-01;3.2750000e+02;1.8580940e-01;3.2750000e+02;1.3420953e-01;3.2750000e+02;8.2969695e-02;3.2750000e+02;3.6132526e-02;3.2750000e+02;-5.3787967e-03;3.2750000e+02;4.7445563e-03;3.2750000e+02;2.0307094e-02;3.2750000e+02;4.0535614e-02;3.2750000e+02;6.4928062e-02;3.2750000e+02;9.3419328e-02;3.2750000e+02;1.2347470e-01;3.2750000e+02;1.5312636e-01;3.2750000e+02;1.7634541e-01;3.2750000e+02;1.9545126e-01;3.2750000e+02;2.1774825e-01;3.2750000e+02;2.3789437e-01;3.2750000e+02;2.4612373e-01;3.2750000e+02;2.2608858e-01;3.2750000e+02;1.8580940e-01;3.2750000e+02;1.3420953e-01;3.2750000e+02;8.2969695e-02;3.2750000e+02;3.6132526e-02;3.2750000e+02;-5.3787967e-03;3.2750000e+02;4.7445563e-03;3.2750000e+02;2.0307094e-02;3.2750000e+02;4.0535614e-02;3.2750000e+02;6.4928062e-02;3.2750000e+02;9.3419328e-02;3.2750000e+02;1.2347470e-01;3.2750000e+02;1.5312636e-01;3.2750000e+02;1.7634541e-01;3.2750000e+02;1.9545126e-01;3.2750000e+02;2.1774825e-01;3.2750000e+02;2.3789437e-01;3.2750000e+02;2.4612373e-01;3.2750000e+02;2.2608858e-01;3.2750000e+02;1.8580940e-01;3.2750000e+02;1.3420953e-01;3.2750000e+02;8.2969695e-02;3.2750000e+02;3.6132526e-02;3.2750000e+02;-5.3787967e-03;3.2750000e+02;4.7445563e-03;3.2750000e+02;2.0307094e-02;3.2750000e+02;4.0535614e-02;3.2750000e+02;6.4928062e-02;3.2750000e+02;9.3419328e-02;3.2750000e+02;1.2347470e-01;3.2750000e+02;1.5312636e-01;3.2750000e+02;1.7634541e-01;3.2750000e+02;1.9545126e-01;3.2750000e+02;2.1774825e-01;3.2750000e+02;2.3789437e-01;3.2750000e+02;2.4612373e-01;3.2750000e+02;2.2608858e-01;3.2750000e+02;1.8580940e-01;3.2750000e+02;1.3420953e-01;3.2750000e+02;8.2969695e-02;3.2750000e+02;3.6132526e-02;3.2750000e+02;-5.3787967e-03;3.2750000e+02;4.7445563e-03;3.2750000e+02;2.0307094e-02;3.2750000e+02;4.0535614e-02;3.2750000e+02;6.4928062e-02;3.2750000e+02;9.3419328e-02;3.2750000e+02;1.2347470e-01;3.2750000e+02;1.5312636e-01;3.2750000e+02;1.7634541e-01;3.2750000e+02;1.9545126e-01;3.2750000e+02;2.1774825e-01;3.2750000e+02;2.3789437e-01;3.2750000e+02;2.4612373e-01;3.2750000e+02;2.2608858e-01;3.2750000e+02;1.8580940e-01;3.2750000e+02;1.3420953e-01;3.2750000e+02;8.2969695e-02;3.2750000e+02;3.6132526e-02;3.2750000e+02;-5.3787967e-03;3.2750000e+02;4.7445563e-03;3.2750000e+02;2.0307094e-02;3.2750000e+02;4.0535614e-02;3.2750000e+02;6.4928062e-02;3.2750000e+02;9.3419328e-02;3.2750000e+02;1.2347470e-01;3.2750000e+02;1.5312636e-01;3.2750000e+02;1.7634541e-01;3.2750000e+02;1.9545126e-01;3.2750000e+02;2.1774825e-01;3.2750000e+02;2.3789437e-01;3.2750000e+02;2.4612373e-01;3.2750000e+02;2.2608858e-01;3.2750000e+02;1.8580940e-01;3.2750000e+02;1.3420953e-01;3.2750000e+02;8.2969695e-02;3.2750000e+02;3.6132526e-02;3.2750000e+02;-5.3787967e-03;3.2750000e+02;4.7445563e-03;3.2750000e+02;2.0307094e-02;3.2750000e+02;4.0535614e-02;3.2750000e+02;6.4928062e-02;3.2750000e+02;9.3419328e-02;3.2750000e+02;1.2347470e-01;3.2750000e+02;1.5312636e-01;3.2750000e+02;1.7634541e-01;3.2750000e+02;1.9545126e-01;3.2750000e+02;2.1774825e-01;3.2750000e+02;2.3789437e-01;3.2750000e+02;2.4612373e-01;3.2750000e+02;2.2608858e-01;3.2750000e+02;1.8580940e-01;3.2750000e+02;1.3420953e-01;3.2750000e+02;8.2969695e-02;3.2750000e+02;3.6132526e-02;3.2750000e+02;-5.3787967e-03;3.2750000e+02;4.7445563e-03;3.2750000e+02;2.0307094e-02;3.2750000e+02;4.0535614e-02;3.2750000e+02;6.4928062e-02;3.2750000e+02;9.3419328e-02;3.2750000e+02;1.2347470e-01;3.2750000e+02;1.5312636e-01;3.2750000e+02;1.7634541e-01;3.2750000e+02;1.9545126e-01;3.2750000e+02;2.1774825e-01;3.2750000e+02;2.3789437e-01;3.2750000e+02;2.4612373e-01;3.2750000e+02;2.2608858e-01;3.2750000e+02;1.8580940e-01;3.2750000e+02;1.3420953e-01;3.2750000e+02;8.2969695e-02;3.2750000e+02;3.6132526e-02;3.2750000e+02;-5.3787967e-03;3.2750000e+02;4.7445563e-03;3.2750000e+02;2.0307094e-02;3.2750000e+02;4.0535614e-02;3.2750000e+02;6.4928062e-02;3.2750000e+02;9.3419328e-02;3.2750000e+02;1.2347470e-01;3.2750000e+02;1.5312636e-01;3.2750000e+02;1.7634541e-01;3.2750000e+02;1.9545126e-01;3.2750000e+02;2.1774825e-01;3.2750000e+02;2.3789437e-01;3.2750000e+02;2.4612373e-01;3.2750000e+02;2.2608858e-01;3.2750000e+02;1.8580940e-01;3.2750000e+02;1.3420953e-01;3.2750000e+02;8.2969695e-02;3.2750000e+02;3.6132526e-02;3.2750000e+02;-5.3787967e-03;3.2750000e+02;4.7445563e-03;3.2750000e+02;2.0307094e-02;3.2750000e+02;4.0535614e-02;3.2750000e+02;6.4928062e-02;3.2750000e+02;9.3419328e-02;3.2750000e+02;1.2347470e-01;3.2750000e+02;1.5312636e-01;3.2750000e+02;1.7634541e-01;3.2750000e+02;1.9545126e-01;3.2750000e+02;2.1774825e-01;3.2750000e+02;2.3789437e-01;3.2750000e+02;2.4612373e-01;3.2750000e+02;2.2608858e-01;3.2750000e+02;1.8580940e-01;3.2750000e+02;1.3420953e-01;3.2750000e+02;8.2969695e-02;3.2750000e+02;3.6132526e-02;3.2750000e+02;-5.3787967e-03;3.2750000e+02;4.7445563e-03;3.2750000e+02;2.0307094e-02;3.2750000e+02;4.0535614e-02;3.2750000e+02;6.4928062e-02;3.2750000e+02;9.3419328e-02;3.2750000e+02;1.2347470e-01;3.2750000e+02;1.5312636e-01;3.2750000e+02;1.7634541e-01;3.2750000e+02;1.9545126e-01;3.2750000e+02;2.1774825e-01;3.2750000e+02;2.3789437e-01;3.2750000e+02;2.4612373e-01;3.2750000e+02;2.2608858e-01;3.2750000e+02;1.8580940e-01;3.2750000e+02;1.3420953e-01;3.2750000e+02;8.2969695e-02;3.2750000e+02;3.6132526e-02;3.2750000e+02;-5.3787967e-03;3.2750000e+02;4.7445563e-03;3.2750000e+02;2.0307094e-02;3.2750000e+02;4.0535614e-02;3.2750000e+02;6.4928062e-02;3.2750000e+02;9.3419328e-02;3.2750000e+02;1.2347470e-01;3.2750000e+02;1.5312636e-01;3.2750000e+02;1.7634541e-01;3.2750000e+02;1.9545126e-01;3.2750000e+02;2.1774825e-01;3.2750000e+02;2.3789437e-01;3.2750000e+02;2.4612373e-01;3.2750000e+02;2.2608858e-01;3.2750000e+02;1.8580940e-01;3.2750000e+02;1.3420953e-01;3.2750000e+02;8.2969695e-02;3.2750000e+02;3.6132526e-02;3.2750000e+02;-5.3787967e-03;3.2750000e+02;4.7445563e-03;3.2750000e+02;2.0307094e-02;3.2750000e+02;4.0535614e-02;3.2750000e+02;6.4928062e-02;3.2750000e+02;9.3419328e-02;3.2750000e+02;1.2347470e-01;3.2750000e+02;1.5312636e-01;3.2750000e+02;1.7634541e-01;3.2750000e+02;1.9545126e-01;3.2750000e+02;2.1774825e-01;3.2750000e+02;2.3789437e-01;3.2750000e+02;2.4612373e-01;3.2750000e+02;2.2608858e-01;3.2750000e+02;1.8580940e-01;3.2750000e+02;1.3420953e-01;3.2750000e+02;8.2969695e-02;3.2750000e+02;3.6132526e-02;3.2750000e+02;-5.3787967e-03;3.2750000e+02;4.7445563e-03;3.2750000e+02;2.0307094e-02;3.2750000e+02;4.0535614e-02;3.2750000e+02;6.4928062e-02;3.2750000e+02;9.3419328e-02;3.2750000e+02;1.2347470e-01;3.2750000e+02;1.5312636e-01;3.2750000e+02;1.7634541e-01;3.2750000e+02;1.9545126e-01;3.2750000e+02;2.1774825e-01;3.2750000e+02;2.3789437e-01;3.2750000e+02;2.4612373e-01;3.2750000e+02;2.2608858e-01;3.2750000e+02;1.8580940e-01;3.2750000e+02;1.3420953e-01;3.2750000e+02;8.2969695e-02;3.2750000e+02;3.6132526e-02;3.2750000e+02;-5.3787967e-03;3.2750000e+02;4.7445563e-03;3.2750000e+02;2.0307094e-02;3.2750000e+02;4.0535614e-02;3.2750000e+02;6.4928062e-02;3.2750000e+02;9.3419328e-02;3.2750000e+02;1.2347470e-01;3.2750000e+02;1.5312636e-01;3.2750000e+02;1.7634541e-01;3.2750000e+02;1.9545126e-01;3.2750000e+02;2.1774825e-01;3.2750000e+02;2.3789437e-01;3.2750000e+02;2.4612373e-01;3.2750000e+02;2.2608858e-01;3.2750000e+02;1.8580940e-01;3.2750000e+02;1.3420953e-01;3.2750000e+02;8.2969695e-02;3.2750000e+02;3.6132526e-02;3.2750000e+02;-5.3787967e-03;3.2750000e+02;4.7445563e-03;3.2750000e+02;2.0307094e-02;3.2750000e+02;4.0535614e-02;3.2750000e+02;6.4928062e-02;3.2750000e+02;9.3419328e-02;3.2750000e+02;1.2347470e-01;3.2750000e+02;1.5312636e-01;3.2750000e+02;1.7634541e-01;3.2750000e+02;1.9545126e-01;3.2750000e+02;2.1774825e-01;3.2750000e+02;2.3789437e-01;3.2750000e+02;2.4612373e-01;3.2750000e+02;2.2608858e-01;3.2750000e+02;1.8580940e-01;3.2750000e+02;1.3420953e-01;3.2750000e+02;8.2969695e-02;3.2750000e+02;3.6132526e-02;3.2750000e+02;-5.3787967e-03;3.2750000e+02;4.7445563e-03;3.2750000e+02;2.0307094e-02;3.2750000e+02;4.0535614e-02;3.2750000e+02;6.4928062e-02;3.2750000e+02;9.3419328e-02;3.2750000e+02;1.2347470e-01;3.2750000e+02;1.5312636e-01;3.2750000e+02;1.7634541e-01;3.2750000e+02;1.9545126e-01;3.2750000e+02;2.1774825e-01;3.2750000e+02;2.3789437e-01;3.2750000e+02;2.4612373e-01;3.2750000e+02;2.2608858e-01;3.2750000e+02;1.8580940e-01;3.2750000e+02;1.3420953e-01;3.2750000e+02;8.2969695e-02;3.2750000e+02;3.6132526e-02;3.2750000e+02;-5.3787967e-03;3.2750000e+02;4.7445563e-03;3.2750000e+02;2.0307094e-02;3.2750000e+02;4.0535614e-02;3.2750000e+02;6.4928062e-02;3.2750000e+02;9.3419328e-02;3.2750000e+02;1.2347470e-01;3.2750000e+02;1.5312636e-01;3.2750000e+02;1.7634541e-01;3.2750000e+02;1.9545126e-01;3.2750000e+02;2.1774825e-01;3.2750000e+02;2.3789437e-01;3.2750000e+02;2.4612373e-01;3.2750000e+02;2.2608858e-01;3.2750000e+02;1.8580940e-01;3.2750000e+02;1.3420953e-01;3.2750000e+02;8.2969695e-02;3.2750000e+02;3.6132526e-02;3.2750000e+02;-5.3787967e-03;3.2750000e+02;4.7445563e-03;3.2750000e+02;2.0307094e-02;3.2750000e+02;4.0535614e-02;3.2750000e+02;6.4928062e-02;3.2750000e+02;9.3419328e-02;3.2750000e+02;1.2347470e-01;3.2750000e+02;1.5312636e-01;3.2750000e+02;1.7634541e-01;3.2750000e+02;1.9545126e-01;3.2750000e+02;2.1774825e-01;3.2750000e+02;2.3789437e-01;3.2750000e+02;2.4612373e-01;3.2750000e+02;2.2608858e-01;3.2750000e+02;1.8580940e-01;3.2750000e+02;1.3420953e-01;3.2750000e+02;8.2969695e-02;3.2750000e+02;3.6132526e-02;3.2750000e+02;-5.3787967e-03;3.2750000e+02;4.7445563e-03;3.2750000e+02;2.0307094e-02;3.2750000e+02;4.0535614e-02;3.2750000e+02;6.4928062e-02;3.2750000e+02;9.3419328e-02;3.2750000e+02;1.2347470e-01;3.2750000e+02;1.5312636e-01;3.2750000e+02;1.7634541e-01;3.2750000e+02;1.9545126e-01;3.2750000e+02;2.1774825e-01;3.2750000e+02;2.3789437e-01;3.2750000e+02;2.4612373e-01;3.2750000e+02;2.2608858e-01;3.2750000e+02;1.8580940e-01;3.2750000e+02;1.3420953e-01;3.2750000e+02;8.2969695e-02;3.2750000e+02;3.6132526e-02;3.2750000e+02;-5.3787967e-03;3.2750000e+02;4.7445563e-03;3.2750000e+02;2.0307094e-02;3.2750000e+02;4.0535614e-02;3.2750000e+02;6.4928062e-02;3.2750000e+02;9.3419328e-02;3.2750000e+02;1.2347470e-01;3.2750000e+02;1.5312636e-01;3.2750000e+02;1.7634541e-01;3.2750000e+02;1.9545126e-01;3.2750000e+02;2.1774825e-01;3.2750000e+02;2.3789437e-01;3.2750000e+02;2.4612373e-01;3.2750000e+02;2.2608858e-01;3.2750000e+02;1.8580940e-01;3.2750000e+02;1.3420953e-01;3.2750000e+02;8.2969695e-02;3.2750000e+02;3.6132526e-02;3.2750000e+02;-5.3787967e-03;3.2750000e+02;4.7445563e-03;3.2750000e+02;2.0307094e-02;3.2750000e+02;4.0535614e-02;3.2750000e+02;6.4928062e-02;3.2750000e+02;9.3419328e-02;3.2750000e+02;1.2347470e-01;3.2750000e+02;1.5312636e-01;3.2750000e+02;1.7634541e-01;3.2750000e+02;1.9545126e-01;3.2750000e+02;2.1774825e-01;3.2750000e+02;2.3789437e-01;3.2750000e+02;2.4612373e-01;3.2750000e+02;2.2608858e-01;3.2750000e+02;1.8580940e-01;3.2750000e+02;1.3420953e-01;3.2750000e+02;8.2969695e-02;3.2750000e+02;3.6132526e-02;3.2750000e+02;-5.3787967e-03;3.2750000e+02;4.7445563e-03;3.2750000e+02;2.0307094e-02;3.2750000e+02;4.0535614e-02;3.2750000e+02;6.4928062e-02;3.2750000e+02;9.3419328e-02;3.2750000e+02;1.2347470e-01;3.2750000e+02;1.5312636e-01;3.2750000e+02;1.7634541e-01;3.2750000e+02;1.9545126e-01;3.2750000e+02;2.1774825e-01;3.2750000e+02;2.3789437e-01;3.2750000e+02;2.4612373e-01;3.2750000e+02;2.2608858e-01;3.2750000e+02;1.8580940e-01;3.2750000e+02;1.3420953e-01;3.2750000e+02;8.2969695e-02;3.2750000e+02;3.6132526e-02;3.2750000e+02;-5.3787967e-03;3.2750000e+02;4.7445563e-03;3.2750000e+02;2.0307094e-02;3.2750000e+02;4.0535614e-02;3.2750000e+02;6.4928062e-02;3.2750000e+02;9.3419328e-02;3.2750000e+02;1.2347470e-01;3.2750000e+02;1.5312636e-01;3.2750000e+02;1.7634541e-01;3.2750000e+02;1.9545126e-01;3.2750000e+02;2.1774825e-01;3.2750000e+02;2.3789437e-01;3.2750000e+02;2.4612373e-01;3.2750000e+02;2.2608858e-01;3.2750000e+02;1.8580940e-01;3.2750000e+02;1.3420953e-01;3.2750000e+02;8.2969695e-02;3.2750000e+02;3.6132526e-02;3.2750000e+02;-5.3787967e-03;3.2750000e+02;4.7445563e-03;3.2750000e+02;2.0307094e-02;3.2750000e+02;4.0535614e-02;3.2750000e+02;6.4928062e-02;3.2750000e+02;9.3419328e-02;3.2750000e+02;1.2347470e-01;3.2750000e+02;1.5312636e-01;3.2750000e+02;1.7634541e-01;3.2750000e+02;1.9545126e-01;3.2750000e+02;2.1774825e-01;3.2750000e+02;2.3789437e-01;3.2750000e+02;2.4612373e-01;3.2750000e+02;2.2608858e-01;3.2750000e+02;1.8580940e-01;3.2750000e+02;1.3420953e-01;3.2750000e+02;8.2969695e-02;3.2750000e+02;3.6132526e-02;3.2750000e+02;-5.3787967e-03;3.2750000e+02;4.7445563e-03;3.2750000e+02;2.0307094e-02;3.2750000e+02;4.0535614e-02;3.2750000e+02;6.4928062e-02;3.2750000e+02;9.3419328e-02;3.2750000e+02;1.2347470e-01;3.2750000e+02;1.5312636e-01;3.2750000e+02;1.7634541e-01;3.2750000e+02;1.9545126e-01;3.2750000e+02;2.1774825e-01;3.2750000e+02;2.3789437e-01;3.2750000e+02;2.4612373e-01;3.2750000e+02;2.2608858e-01;3.2750000e+02;1.8580940e-01;3.2750000e+02;1.3420953e-01;3.2750000e+02;8.2969695e-02;3.2750000e+02;3.6132526e-02;3.2750000e+02;-5.3787967e-03;3.2750000e+02;4.7445563e-03;3.2750000e+02;2.0307094e-02;3.2750000e+02;4.0535614e-02;3.2750000e+02;6.4928062e-02;3.2750000e+02;9.3419328e-02;3.2750000e+02;1.2347470e-01;3.2750000e+02;1.5312636e-01;3.2750000e+02;1.7634541e-01;3.2750000e+02;1.9545126e-01;3.2750000e+02;2.1774825e-01;3.2750000e+02;2.3789437e-01;3.2750000e+02;2.4612373e-01;3.2750000e+02;2.2608858e-01;3.2750000e+02;1.8580940e-01;3.2750000e+02;1.3420953e-01;3.2750000e+02;8.2969695e-02;3.2750000e+02;3.6132526e-02;3.2750000e+02;-5.3787967e-03;3.2750000e+02;4.7445563e-03;3.2750000e+02;2.0307094e-02;3.2750000e+02;4.0535614e-02;3.2750000e+02;6.4928062e-02;3.2750000e+02;9.3419328e-02;3.2750000e+02;1.2347470e-01;3.2750000e+02;1.5312636e-01;3.2750000e+02;1.7634541e-01;3.2750000e+02;1.9545126e-01;3.2750000e+02;2.1774825e-01;3.2750000e+02;2.3789437e-01;3.2750000e+02;2.4612373e-01;3.2750000e+02;2.2608858e-01;3.2750000e+02;1.8580940e-01;3.2750000e+02;1.3420953e-01;3.2750000e+02;8.2969695e-02;3.2750000e+02;3.6132526e-02;3.2750000e+02;-5.3787967e-03;3.2750000e+02;4.7445563e-03;3.2750000e+02;2.0307094e-02;3.2750000e+02;4.0535614e-02;3.2750000e+02;6.4928062e-02;3.2750000e+02;9.3419328e-02;3.2750000e+02;1.2347470e-01;3.2750000e+02;1.5312636e-01;3.2750000e+02;1.7634541e-01;3.2750000e+02;1.9545126e-01;3.2750000e+02;2.1774825e-01;3.2750000e+02;2.3789437e-01;3.2750000e+02;2.4612373e-01;3.2750000e+02;2.2608858e-01;3.2750000e+02;1.8580940e-01;3.2750000e+02;1.3420953e-01;3.2750000e+02;8.2969695e-02;3.2750000e+02;3.6132526e-02;3.2750000e+02;-5.3787967e-03;3.2750000e+02;4.7445563e-03;3.2750000e+02;2.0307094e-02;3.2750000e+02;4.0535614e-02;3.2750000e+02;6.4928062e-02;3.2750000e+02;9.3419328e-02;3.2750000e+02;1.2347470e-01;3.2750000e+02;1.5312636e-01;3.2750000e+02;1.7634541e-01;3.2750000e+02;1.9545126e-01;3.2750000e+02;2.1774825e-01;3.2750000e+02;2.3789437e-01;3.2750000e+02;2.4612373e-01;3.2750000e+02;2.2608858e-01;3.2750000e+02;1.8580940e-01;3.2750000e+02;1.3420953e-01;3.2750000e+02;8.2969695e-02;3.2750000e+02;3.6132526e-02;3.2750000e+02;-5.3787967e-03;3.2750000e+02;4.7445563e-03;3.2750000e+02;2.0307094e-02;3.2750000e+02;4.0535614e-02;3.2750000e+02;6.4928062e-02;3.2750000e+02;9.3419328e-02;3.2750000e+02;1.2347470e-01;3.2750000e+02;1.5312636e-01;3.2750000e+02;1.7634541e-01;3.2750000e+02;1.9545126e-01;3.2750000e+02;2.1774825e-01;3.2750000e+02;2.3789437e-01;3.2750000e+02;2.4612373e-01;3.2750000e+02;2.2608858e-01;3.2750000e+02;1.8580940e-01;3.2750000e+02;1.3420953e-01;3.2750000e+02;8.2969695e-02;3.2750000e+02;3.6132526e-02;3.2750000e+02;-5.3787967e-03;3.2750000e+02;4.7445563e-03;3.2750000e+02;2.0307094e-02;3.2750000e+02;4.0535614e-02;3.2750000e+02;6.4928062e-02;3.2750000e+02;9.3419328e-02;3.2750000e+02;1.2347470e-01;3.2750000e+02;1.5312636e-01;3.2750000e+02;1.7634541e-01;3.2750000e+02;1.9545126e-01;3.2750000e+02;2.1774825e-01;3.2750000e+02;2.3789437e-01;3.2750000e+02;2.4612373e-01;3.2750000e+02;2.2608858e-01;3.2750000e+02;1.8580940e-01;3.2750000e+02;1.3420953e-01;3.2750000e+02;8.2969695e-02;3.2750000e+02;3.6132526e-02;3.2750000e+02;-5.3787967e-03;3.2750000e+02;4.7445563e-03;3.2750000e+02;2.0307094e-02;3.2750000e+02;4.0535614e-02;3.2750000e+02;6.4928062e-02;3.2750000e+02;9.3419328e-02;3.2750000e+02;1.2347470e-01;3.2750000e+02;1.5312636e-01;3.2750000e+02;1.7634541e-01;3.2750000e+02;1.9545126e-01;3.2750000e+02;2.1774825e-01;3.2750000e+02;2.3789437e-01;3.2750000e+02;2.4612373e-01;3.2750000e+02;2.2608858e-01;3.2750000e+02;1.8580940e-01;3.2750000e+02;1.3420953e-01;3.2750000e+02;8.2969695e-02;3.2750000e+02;3.6132526e-02;3.2750000e+02;-5.3787967e-03;3.2750000e+02;4.7445563e-03;3.2750000e+02;2.0307094e-02;3.2750000e+02;4.0535614e-02;3.2750000e+02;6.4928062e-02;3.2750000e+02;9.3419328e-02;3.2750000e+02;1.2347470e-01;3.2750000e+02;1.5312636e-01;3.2750000e+02;1.7634541e-01;3.2750000e+02;1.9545126e-01;3.2750000e+02;2.1774825e-01;3.2750000e+02;2.3789437e-01;3.2750000e+02;2.4612373e-01;3.2750000e+02;2.2608858e-01;3.2750000e+02;1.8580940e-01;3.2750000e+02;1.3420953e-01;3.2750000e+02;8.2969695e-02;3.2750000e+02;3.6132526e-02;3.2750000e+02;-5.3787967e-03;3.2750000e+02;4.7445563e-03;3.2750000e+02;2.0307094e-02;3.2750000e+02;4.0535614e-02;3.2750000e+02;6.4928062e-02;3.2750000e+02;9.3419328e-02;3.2750000e+02;1.2347470e-01;3.2750000e+02;1.5312636e-01;3.2750000e+02;1.7634541e-01;3.2750000e+02;1.9545126e-01;3.2750000e+02;2.1774825e-01;3.2750000e+02;2.3789437e-01;3.2750000e+02;2.4612373e-01;3.2750000e+02;2.2608858e-01;3.2750000e+02;1.8580940e-01;3.2750000e+02;1.3420953e-01;3.2750000e+02;8.2969695e-02;3.2750000e+02;3.6132526e-02;3.2750000e+02;-5.3787967e-03;3.2750000e+02;4.7445563e-03;3.2750000e+02;2.0307094e-02;3.2750000e+02;4.0535614e-02;3.2750000e+02;6.4928062e-02;3.2750000e+02;9.3419328e-02;3.2750000e+02;1.2347470e-01;3.2750000e+02;1.5312636e-01;3.2750000e+02;1.7634541e-01;3.2750000e+02;1.9545126e-01;3.2750000e+02;2.1774825e-01;3.2750000e+02;2.3789437e-01;3.2750000e+02;2.4612373e-01;3.2750000e+02;2.2608858e-01;3.2750000e+02;1.8580940e-01;3.2750000e+02;1.3420953e-01;3.2750000e+02;8.2969695e-02;3.2750000e+02;3.6132526e-02;3.2750000e+02;-5.3787967e-03;3.2750000e+02;4.7445563e-03;3.2750000e+02;2.0307094e-02;3.2750000e+02;4.0535614e-02;3.2750000e+02;6.4928062e-02;3.2750000e+02;9.3419328e-02;3.2750000e+02;1.2347470e-01;3.2750000e+02;1.5312636e-01;3.2750000e+02;1.7634541e-01;3.2750000e+02;1.9545126e-01;3.2750000e+02;2.1774825e-01;3.2750000e+02;2.3789437e-01;3.2750000e+02;2.4612373e-01;3.2750000e+02;2.2608858e-01;3.2750000e+02;1.8580940e-01;3.2750000e+02;1.3420953e-01;3.2750000e+02;8.2969695e-02;3.2750000e+02;3.6132526e-02;3.2750000e+02;-5.3787967e-03;3.2750000e+02;4.7445563e-03;3.2750000e+02;2.0307094e-02;3.2750000e+02;4.0535614e-02;3.2750000e+02;6.4928062e-02;3.2750000e+02;9.3419328e-02;3.2750000e+02;1.2347470e-01;3.2750000e+02;1.5312636e-01;3.2750000e+02;1.7634541e-01;3.2750000e+02;1.9545126e-01;3.2750000e+02;2.1774825e-01;3.2750000e+02;2.3789437e-01;3.2750000e+02;2.4612373e-01;3.2750000e+02;2.2608858e-01;3.2750000e+02;1.8580940e-01;3.2750000e+02;1.3420953e-01;3.2750000e+02;8.2969695e-02;3.2750000e+02;3.6132526e-02;3.2750000e+02;-5.3787967e-03;3.2750000e+02;4.7445563e-03;3.2750000e+02;2.0307094e-02;3.2750000e+02;4.0535614e-02;3.2750000e+02;6.4928062e-02;3.2750000e+02;9.3419328e-02;3.2750000e+02;1.2347470e-01;3.2750000e+02;1.5312636e-01;3.2750000e+02;1.7634541e-01;3.2750000e+02;1.9545126e-01;3.2750000e+02;2.1774825e-01;3.2750000e+02;2.3789437e-01;3.2750000e+02;2.4612373e-01;3.2750000e+02;2.2608858e-01;3.2750000e+02;1.8580940e-01;3.2750000e+02;1.3420953e-01;3.2750000e+02;8.2969695e-02;3.2750000e+02;3.6132526e-02;3.2750000e+02;-5.3787967e-03;3.2750000e+02;4.7445563e-03;3.2750000e+02;2.0307094e-02;3.2750000e+02;4.0535614e-02;3.2750000e+02;6.4928062e-02;3.2750000e+02;9.3419328e-02;3.2750000e+02;1.2347470e-01;3.2750000e+02;1.5312636e-01;3.2750000e+02;1.7634541e-01;3.2750000e+02;1.9545126e-01;3.2750000e+02;2.1774825e-01;3.2750000e+02;2.3789437e-01;3.2750000e+02;2.4612373e-01;3.2750000e+02;2.2608858e-01;3.2750000e+02;1.8580940e-01;3.2750000e+02;1.3420953e-01;3.2750000e+02;8.2969695e-02;3.2750000e+02;3.6132526e-02;3.2750000e+02;-5.3787967e-03;3.2750000e+02;4.7445563e-03;3.2750000e+02;2.0307094e-02;3.2750000e+02;4.0535614e-02;3.2750000e+02;6.4928062e-02;3.2750000e+02;9.3419328e-02;3.2750000e+02;1.2347470e-01;3.2750000e+02;1.5312636e-01;3.2750000e+02;1.7634541e-01;3.2750000e+02;1.9545126e-01;3.2750000e+02;2.1774825e-01;3.2750000e+02;2.3789437e-01;3.2750000e+02;2.4612373e-01;3.2750000e+02;2.2608858e-01;3.2750000e+02;1.8580940e-01;3.2750000e+02;1.3420953e-01;3.2750000e+02;8.2969695e-02;3.2750000e+02;3.6132526e-02;3.2750000e+02;-5.3787967e-03;3.2750000e+02;4.7445563e-03;3.2750000e+02;2.0307094e-02;3.2750000e+02;4.0535614e-02;3.2750000e+02;6.4928062e-02;3.2750000e+02;9.3419328e-02;3.2750000e+02;1.2347470e-01;3.2750000e+02;1.5312636e-01;3.2750000e+02;1.7634541e-01;3.2750000e+02;1.9545126e-01;3.2750000e+02;2.1774825e-01;3.2750000e+02;2.3789437e-01;3.2750000e+02;2.4612373e-01;3.2750000e+02;2.2608858e-01;3.2750000e+02;1.8580940e-01;3.2750000e+02;1.3420953e-01;3.2750000e+02;8.2969695e-02;3.2750000e+02;3.6132526e-02;3.2750000e+02;-5.3787967e-03;3.2750000e+02;4.7445563e-03;3.2750000e+02;2.0307094e-02;3.2750000e+02;4.0535614e-02;3.2750000e+02;6.4928062e-02;3.2750000e+02;9.3419328e-02;3.2750000e+02;1.2347470e-01;3.2750000e+02;1.5312636e-01;3.2750000e+02;1.7634541e-01;3.2750000e+02;1.9545126e-01;3.2750000e+02;2.1774825e-01;3.2750000e+02;2.3789437e-01;3.2750000e+02;2.4612373e-01;3.2750000e+02;2.2608858e-01;3.2750000e+02;1.8580940e-01;3.2750000e+02;1.3420953e-01;3.2750000e+02;8.2969695e-02;3.2750000e+02;3.6132526e-02;3.2750000e+02;-5.3787967e-03;3.2750000e+02;4.7445563e-03;3.2750000e+02;2.0307094e-02;3.2750000e+02;4.0535614e-02;3.2750000e+02;6.4928062e-02;3.2750000e+02;9.3419328e-02;3.2750000e+02;1.2347470e-01;3.2750000e+02;1.5312636e-01;3.2750000e+02;1.7634541e-01;3.2750000e+02;1.9545126e-01;3.2750000e+02;2.1774825e-01;3.2750000e+02;2.3789437e-01;3.2750000e+02;2.4612373e-01;3.2750000e+02;2.2608858e-01;3.2750000e+02;1.8580940e-01;3.2750000e+02;1.3420953e-01;3.2750000e+02;8.2969695e-02;3.2750000e+02;3.6132526e-02;3.2750000e+02;-5.3787967e-03;3.2750000e+02;4.7445563e-03;3.2750000e+02;2.0307094e-02;3.2750000e+02;4.0535614e-02;3.2750000e+02;6.4928062e-02;3.2750000e+02;9.3419328e-02;3.2750000e+02;1.2347470e-01;3.2750000e+02;1.5312636e-01;3.2750000e+02;1.7634541e-01;3.2750000e+02;1.9545126e-01;3.2750000e+02;2.1774825e-01;3.2750000e+02;2.3789437e-01;3.2750000e+02;2.4612373e-01;3.2750000e+02;2.2608858e-01;3.2750000e+02;1.8580940e-01;3.2750000e+02;1.3420953e-01;3.2750000e+02;8.2969695e-02;3.2750000e+02;3.6132526e-02;3.2750000e+02;-5.3787967e-03;3.2750000e+02;4.7445563e-03;3.2750000e+02;2.0307094e-02;3.2750000e+02;4.0535614e-02;3.2750000e+02;6.4928062e-02;3.2750000e+02;9.3419328e-02;3.2750000e+02;1.2347470e-01;3.2750000e+02;1.5312636e-01;3.2750000e+02;1.7634541e-01;3.2750000e+02;1.9545126e-01;3.2750000e+02;2.1774825e-01;3.2750000e+02;2.3789437e-01;3.2750000e+02;2.4612373e-01;3.2750000e+02;2.2608858e-01;3.2750000e+02;1.8580940e-01;3.2750000e+02;1.3420953e-01;3.2750000e+02;8.2969695e-02;3.2750000e+02;3.6132526e-02;3.2750000e+02;-5.3787967e-03;3.2750000e+02;4.7445563e-03;3.2750000e+02;2.0307094e-02;3.2750000e+02;4.0535614e-02;3.2750000e+02;6.4928062e-02;3.2750000e+02;9.3419328e-02;3.2750000e+02;1.2347470e-01;3.2750000e+02;1.5312636e-01;3.2750000e+02;1.7634541e-01;3.2750000e+02;1.9545126e-01;3.2750000e+02;2.1774825e-01;3.2750000e+02;2.3789437e-01;3.2750000e+02;2.4612373e-01;3.2750000e+02;2.2608858e-01;3.2750000e+02;1.8580940e-01;3.2750000e+02;1.3420953e-01;3.2750000e+02;8.2969695e-02;3.2750000e+02;3.6132526e-02;3.2750000e+02;-5.3787967e-03;3.2750000e+02;4.7445563e-03;3.2750000e+02;2.0307094e-02;3.2750000e+02;4.0535614e-02;3.2750000e+02;6.4928062e-02;3.2750000e+02;9.3419328e-02;3.2750000e+02;1.2347470e-01;3.2750000e+02;1.5312636e-01;3.2750000e+02;1.7634541e-01;3.2750000e+02;1.9545126e-01;3.2750000e+02;2.1774825e-01;3.2750000e+02;2.3789437e-01;3.2750000e+02;2.4612373e-01;3.2750000e+02;2.2608858e-01;3.2750000e+02;1.8580940e-01;3.2750000e+02;1.3420953e-01;3.2750000e+02;8.2969695e-02;3.2750000e+02;3.6132526e-02;3.2750000e+02;-5.3787967e-03;3.2750000e+02;4.7445563e-03;3.2750000e+02;2.0307094e-02;3.2750000e+02;4.0535614e-02;3.2750000e+02;6.4928062e-02;3.2750000e+02;9.3419328e-02;3.2750000e+02;1.2347470e-01;3.2750000e+02;1.5312636e-01;3.2750000e+02;1.7634541e-01;3.2750000e+02;1.9545126e-01;3.2750000e+02;2.1774825e-01;3.2750000e+02;2.3789437e-01;3.2750000e+02;2.4612373e-01;3.2750000e+02;2.2608858e-01;3.2750000e+02;1.8580940e-01;3.2750000e+02;1.3420953e-01;3.2750000e+02;8.2969695e-02;3.2750000e+02;3.6132526e-02;3.2750000e+02;-5.3787967e-03;3.2750000e+02;4.7445563e-03;3.2750000e+02;2.0307094e-02;3.2750000e+02;4.0535614e-02;3.2750000e+02;6.4928062e-02;3.2750000e+02;9.3419328e-02;3.2750000e+02;1.2347470e-01;3.2750000e+02;1.5312636e-01;3.2750000e+02;1.7634541e-01;3.2750000e+02;1.9545126e-01;3.2750000e+02;2.1774825e-01;3.2750000e+02;2.3789437e-01;3.2750000e+02;2.4612373e-01;3.2750000e+02;2.2608858e-01;3.2750000e+02;1.8580940e-01;3.2750000e+02;1.3420953e-01;3.2750000e+02;8.2969695e-02;3.2750000e+02;3.6132526e-02;3.2750000e+02;-5.3787967e-03;3.2750000e+02;4.7445563e-03;3.2750000e+02;2.0307094e-02;3.2750000e+02;4.0535614e-02;3.2750000e+02;6.4928062e-02;3.2750000e+02;9.3419328e-02;3.2750000e+02;1.2347470e-01;3.2750000e+02;1.5312636e-01;3.2750000e+02;1.7634541e-01;3.2750000e+02;1.9545126e-01;3.2750000e+02;2.1774825e-01;3.2750000e+02;2.3789437e-01;3.2750000e+02;2.4612373e-01;3.2750000e+02;2.2608858e-01;3.2750000e+02;1.8580940e-01;3.2750000e+02;1.3420953e-01;3.2750000e+02;8.2969695e-02;3.2750000e+02;3.6132526e-02;3.2750000e+02;-5.3787967e-03;3.2750000e+02;4.7445563e-03;3.2750000e+02;2.0307094e-02;3.2750000e+02;4.0535614e-02;3.2750000e+02;6.4928062e-02;3.2750000e+02;9.3419328e-02;3.2750000e+02;1.2347470e-01;3.2750000e+02;1.5312636e-01;3.2750000e+02;1.7634541e-01;3.2750000e+02;1.9545126e-01;3.2750000e+02;2.1774825e-01;3.2750000e+02;2.3789437e-01;3.2750000e+02;2.4612373e-01;3.2750000e+02;2.2608858e-01;3.2750000e+02;1.8580940e-01;3.2750000e+02;1.3420953e-01;3.2750000e+02;8.2969695e-02;3.2750000e+02;3.6132526e-02;3.2750000e+02;-5.3787967e-03;3.2750000e+02;4.7445563e-03;3.2750000e+02;2.0307094e-02;3.2750000e+02;4.0535614e-02;3.2750000e+02;6.4928062e-02;3.2750000e+02;9.3419328e-02;3.2750000e+02;1.2347470e-01;3.2750000e+02;1.5312636e-01;3.2750000e+02;1.7634541e-01;3.2750000e+02;1.9545126e-01;3.2750000e+02;2.1774825e-01;3.2750000e+02;2.3789437e-01;3.2750000e+02;2.4612373e-01;3.2750000e+02;2.2608858e-01;3.2750000e+02;1.8580940e-01;3.2750000e+02;1.3420953e-01;3.2750000e+02;8.2969695e-02;3.2750000e+02;3.6132526e-02;3.2750000e+02;-5.3787967e-03;3.2750000e+02;4.7445563e-03;3.2750000e+02;2.0307094e-02;3.2750000e+02;4.0535614e-02;3.2750000e+02;6.4928062e-02;3.2750000e+02;9.3419328e-02;3.2750000e+02;1.2347470e-01;3.2750000e+02;1.5312636e-01;3.2750000e+02;1.7634541e-01;3.2750000e+02;1.9545126e-01;3.2750000e+02;2.1774825e-01;3.2750000e+02;2.3789437e-01;3.2750000e+02;2.4612373e-01;3.2750000e+02;2.2608858e-01;3.2750000e+02;1.8580940e-01;3.2750000e+02;1.3420953e-01;3.2750000e+02;8.2969695e-02;3.2750000e+02;3.6132526e-02;3.2750000e+02;-5.3787967e-03;3.2750000e+02;4.7445563e-03;3.2750000e+02;2.0307094e-02;3.2750000e+02;4.0535614e-02;3.2750000e+02;6.4928062e-02;3.2750000e+02;9.3419328e-02;3.2750000e+02;1.2347470e-01;3.2750000e+02;1.5312636e-01;3.2750000e+02;1.7634541e-01;3.2750000e+02;1.9545126e-01;3.2750000e+02;2.1774825e-01;3.2750000e+02;2.3789437e-01;3.2750000e+02;2.4612373e-01;3.2750000e+02;2.2608858e-01;3.2750000e+02;1.8580940e-01;3.2750000e+02;1.3420953e-01;3.2750000e+02;8.2969695e-02;3.2750000e+02;3.6132526e-02;3.2750000e+02;-5.3787967e-03;3.2750000e+02;4.7445563e-03;3.2750000e+02;2.0307094e-02;3.2750000e+02;4.0535614e-02;3.2750000e+02;6.4928062e-02;3.2750000e+02;9.3419328e-02;3.2750000e+02;1.2347470e-01;3.2750000e+02;1.5312636e-01;3.2750000e+02;1.7634541e-01;3.2750000e+02;1.9545126e-01;3.2750000e+02;2.1774825e-01;3.2750000e+02;2.3789437e-01;3.2750000e+02;2.4612373e-01;3.2750000e+02;2.2608858e-01;3.2750000e+02;1.8580940e-01;3.2750000e+02;1.3420953e-01;3.2750000e+02;8.2969695e-02;3.2750000e+02;3.6132526e-02;3.2750000e+02;-5.3787967e-03;3.2750000e+02;4.7445563e-03;3.2750000e+02;2.0307094e-02;3.2750000e+02;4.0535614e-02;3.2750000e+02;6.4928062e-02;3.2750000e+02;9.3419328e-02;3.2750000e+02;1.2347470e-01;3.2750000e+02;1.5312636e-01;3.2750000e+02;1.7634541e-01;3.2750000e+02;1.9545126e-01;3.2750000e+02;2.1774825e-01;3.2750000e+02;2.3789437e-01;3.2750000e+02;2.4612373e-01;3.2750000e+02;2.2608858e-01;3.2750000e+02;1.8580940e-01;3.2750000e+02;1.3420953e-01;3.2750000e+02;8.2969695e-02;3.2750000e+02;3.6132526e-02;3.2750000e+02;-5.3787967e-03;3.2750000e+02;4.7445563e-03;3.2750000e+02;2.0307094e-02;3.2750000e+02;4.0535614e-02;3.2750000e+02;6.4928062e-02;3.2750000e+02;9.3419328e-02;3.2750000e+02;1.2347470e-01;3.2750000e+02;1.5312636e-01;3.2750000e+02;1.7634541e-01;3.2750000e+02;1.9545126e-01;3.2750000e+02;2.1774825e-01;3.2750000e+02;2.3789437e-01;3.2750000e+02;2.4612373e-01;3.2750000e+02;2.2608858e-01;3.2750000e+02;1.8580940e-01;3.2750000e+02;1.3420953e-01;3.2750000e+02;8.2969695e-02;3.2750000e+02;3.6132526e-02;3.2750000e+02;-5.3787967e-03;3.2750000e+02;4.7445563e-03;3.2750000e+02;2.0307094e-02;3.2750000e+02;4.0535614e-02;3.2750000e+02;6.4928062e-02;3.2750000e+02;9.3419328e-02;3.2750000e+02;1.2347470e-01;3.2750000e+02;1.5312636e-01;3.2750000e+02;1.7634541e-01;3.2750000e+02;1.9545126e-01;3.2750000e+02;2.1774825e-01;3.2750000e+02;2.3789437e-01;3.2750000e+02;2.4612373e-01;3.2750000e+02;2.2608858e-01;3.2750000e+02;1.8580940e-01;3.2750000e+02;1.3420953e-01;3.2750000e+02;8.2969695e-02;3.2750000e+02;3.6132526e-02;3.2750000e+02;-5.3787967e-03;3.2750000e+02;4.7445563e-03;3.2750000e+02;2.0307094e-02;3.2750000e+02;4.0535614e-02;3.2750000e+02;6.4928062e-02;3.2750000e+02;9.3419328e-02;3.2750000e+02;1.2347470e-01;3.2750000e+02;1.5312636e-01;3.2750000e+02;1.7634541e-01;3.2750000e+02;1.9545126e-01;3.2750000e+02;2.1774825e-01;3.2750000e+02;2.3789437e-01;3.2750000e+02;2.4612373e-01;3.2750000e+02;2.2608858e-01;3.2750000e+02;1.8580940e-01;3.2750000e+02;1.3420953e-01;3.2750000e+02;8.2969695e-02;3.2750000e+02;3.6132526e-02;3.2750000e+02;-5.3787967e-03;3.2750000e+02;4.7445563e-03;3.2750000e+02;2.0307094e-02;3.2750000e+02;4.0535614e-02;3.2750000e+02;6.4928062e-02;3.2750000e+02;9.3419328e-02;3.2750000e+02;1.2347470e-01;3.2750000e+02;1.5312636e-01;3.2750000e+02;1.7634541e-01;3.2750000e+02;1.9545126e-01;3.2750000e+02;2.1774825e-01;3.2750000e+02;2.3789437e-01;3.2750000e+02;2.4612373e-01;3.2750000e+02;2.2608858e-01;3.2750000e+02;1.8580940e-01;3.2750000e+02;1.3420953e-01;3.2750000e+02;8.2969695e-02;3.2750000e+02;3.6132526e-02;3.2750000e+02;-5.3787967e-03;3.2750000e+02;4.7445563e-03;3.2750000e+02;2.0307094e-02;3.2750000e+02;4.0535614e-02;3.2750000e+02;6.4928062e-02;3.2750000e+02;9.3419328e-02;3.2750000e+02;1.2347470e-01;3.2750000e+02;1.5312636e-01;3.2750000e+02;1.7634541e-01;3.2750000e+02;1.9545126e-01;3.2750000e+02;2.1774825e-01;3.2750000e+02;2.3789437e-01;3.2750000e+02;2.4612373e-01;3.2750000e+02;2.2608858e-01;3.2750000e+02;1.8580940e-01;3.2750000e+02;1.3420953e-01;3.2750000e+02;8.2969695e-02;3.2750000e+02;3.6132526e-02;3.2750000e+02;-5.3787967e-03;3.2750000e+02;4.7445563e-03;3.2750000e+02;2.0307094e-02;3.2750000e+02;4.0535614e-02;3.2750000e+02;6.4928062e-02;3.2750000e+02;9.3419328e-02;3.2750000e+02;1.2347470e-01;3.2750000e+02;1.5312636e-01;3.2750000e+02;1.7634541e-01;3.2750000e+02;1.9545126e-01;3.2750000e+02;2.1774825e-01;3.2750000e+02;2.3789437e-01;3.2750000e+02;2.4612373e-01;3.2750000e+02;2.2608858e-01;3.2750000e+02;1.8580940e-01;3.2750000e+02;1.3420953e-01;3.2750000e+02;8.2969695e-02;3.2750000e+02;3.6132526e-02;3.2750000e+02;-5.3787967e-03;3.2750000e+02;4.7445563e-03;3.2750000e+02;2.0307094e-02;3.2750000e+02;4.0535614e-02;3.2750000e+02;6.4928062e-02;3.2750000e+02;9.3419328e-02;3.2750000e+02;1.2347470e-01;3.2750000e+02;1.5312636e-01;3.2750000e+02;1.7634541e-01;3.2750000e+02;1.9545126e-01;3.2750000e+02;2.1774825e-01;3.2750000e+02;2.3789437e-01;3.2750000e+02;2.4612373e-01;3.2750000e+02;2.2608858e-01;3.2750000e+02;1.8580940e-01;3.2750000e+02;1.3420953e-01;3.2750000e+02;8.2969695e-02;3.2750000e+02;3.6132526e-02;3.2750000e+02;-5.3787967e-03;3.2750000e+02;4.7445563e-03;3.2750000e+02;2.0307094e-02;3.2750000e+02;4.0535614e-02;3.2750000e+02;6.4928062e-02;3.2750000e+02;9.3419328e-02;3.2750000e+02;1.2347470e-01;3.2750000e+02;1.5312636e-01;3.2750000e+02;1.7634541e-01;3.2750000e+02;1.9545126e-01;3.2750000e+02;2.1774825e-01;3.2750000e+02;2.3789437e-01;3.2750000e+02;2.4612373e-01;3.2750000e+02;2.2608858e-01;3.2750000e+02;1.8580940e-01;3.2750000e+02;1.3420953e-01;3.2750000e+02;8.2969695e-02;3.2750000e+02;3.6132526e-02;3.2750000e+02;-5.3787967e-03;3.2750000e+02;4.7445563e-03;3.2750000e+02;2.0307094e-02;3.2750000e+02;4.0535614e-02;3.2750000e+02;6.4928062e-02;3.2750000e+02;9.3419328e-02;3.2750000e+02;1.2347470e-01;3.2750000e+02;1.5312636e-01;3.2750000e+02;1.7634541e-01;3.2750000e+02;1.9545126e-01;3.2750000e+02;2.1774825e-01;3.2750000e+02;2.3789437e-01;3.2750000e+02;2.4612373e-01;3.2750000e+02;2.2608858e-01;3.2750000e+02;1.8580940e-01;3.2750000e+02;1.3420953e-01;3.2750000e+02;8.2969695e-02;3.2750000e+02;3.6132526e-02;3.2750000e+02;-5.3787967e-03;3.2750000e+02;4.7445563e-03;3.2750000e+02;2.0307094e-02;3.2750000e+02;4.0535614e-02;3.2750000e+02;6.4928062e-02;3.2750000e+02;9.3419328e-02;3.2750000e+02;1.2347470e-01;3.2750000e+02;1.5312636e-01;3.2750000e+02;1.7634541e-01;3.2750000e+02;1.9545126e-01;3.2750000e+02;2.1774825e-01;3.2750000e+02;2.3789437e-01;3.2750000e+02;2.4612373e-01;3.2750000e+02;2.2608858e-01;3.2750000e+02;1.8580940e-01;3.2750000e+02;1.3420953e-01;3.2750000e+02;8.2969695e-02;3.2750000e+02;3.6132526e-02;3.2750000e+02;-5.3787967e-03;3.2750000e+02;4.7445563e-03;3.2750000e+02;2.0307094e-02;3.2750000e+02;4.0535614e-02;3.2750000e+02;6.4928062e-02;3.2750000e+02;9.3419328e-02;3.2750000e+02;1.2347470e-01;3.2750000e+02;1.5312636e-01;3.2750000e+02;1.7634541e-01;3.2750000e+02;1.9545126e-01;3.2750000e+02;2.1774825e-01;3.2750000e+02;2.3789437e-01;3.2750000e+02;2.4612373e-01;3.2750000e+02;2.2608858e-01;3.2750000e+02;1.8580940e-01;3.2750000e+02;1.3420953e-01;3.2750000e+02;8.2969695e-02;3.2750000e+02;3.6132526e-02;3.2750000e+02;-5.3787967e-03;3.2750000e+02;4.7445563e-03;3.2750000e+02;2.0307094e-02;3.2750000e+02;4.0535614e-02;3.2750000e+02;6.4928062e-02;3.2750000e+02;9.3419328e-02;3.2750000e+02;1.2347470e-01;3.2750000e+02;1.5312636e-01;3.2750000e+02;1.7634541e-01;3.2750000e+02;1.9545126e-01;3.2750000e+02;2.1774825e-01;3.2750000e+02;2.3789437e-01;3.2750000e+02;2.4612373e-01;3.2750000e+02;2.2608858e-01;3.2750000e+02;1.8580940e-01;3.2750000e+02;1.3420953e-01;3.2750000e+02;8.2969695e-02;3.2750000e+02;3.6132526e-02;3.2750000e+02;-5.3787967e-03;3.2750000e+02;4.7445563e-03;3.2750000e+02;2.0307094e-02;3.2750000e+02;4.0535614e-02;3.2750000e+02;6.4928062e-02;3.2750000e+02;9.3419328e-02;3.2750000e+02;1.2347470e-01;3.2750000e+02;1.5312636e-01;3.2750000e+02;1.7634541e-01;3.2750000e+02;1.9545126e-01;3.2750000e+02;2.1774825e-01;3.2750000e+02;2.3789437e-01;3.2750000e+02;2.4612373e-01;3.2750000e+02;2.2608858e-01;3.2750000e+02;1.8580940e-01;3.2750000e+02;1.3420953e-01;3.2750000e+02;8.2969695e-02;3.2750000e+02;3.6132526e-02;3.2750000e+02;-5.3787967e-03;3.2750000e+02;4.7445563e-03;3.2750000e+02;2.0307094e-02;3.2750000e+02;4.0535614e-02;3.2750000e+02;6.4928062e-02;3.2750000e+02;9.3419328e-02;3.2750000e+02;1.2347470e-01;3.2750000e+02;1.5312636e-01;3.2750000e+02;1.7634541e-01;3.2750000e+02;1.9545126e-01;3.2750000e+02;2.1774825e-01;3.2750000e+02;2.3789437e-01;3.2750000e+02;2.4612373e-01;3.2750000e+02;2.2608858e-01;3.2750000e+02;1.8580940e-01;3.2750000e+02;1.3420953e-01;3.2750000e+02;8.2969695e-02;3.2750000e+02;3.6132526e-02;3.2750000e+02;-5.3787967e-03;3.2750000e+02;4.7445563e-03;3.2750000e+02;2.0307094e-02;3.2750000e+02;4.0535614e-02;3.2750000e+02;6.4928062e-02;3.2750000e+02;9.3419328e-02;3.2750000e+02;1.2347470e-01;3.2750000e+02;1.5312636e-01;3.2750000e+02;1.7634541e-01;3.2750000e+02;1.9545126e-01;3.2750000e+02;2.1774825e-01;3.2750000e+02;2.3789437e-01;3.2750000e+02;2.4612373e-01;3.2750000e+02;2.2608858e-01;3.2750000e+02;1.8580940e-01;3.2750000e+02;1.3420953e-01;3.2750000e+02;8.2969695e-02;3.2750000e+02;3.6132526e-02;3.2750000e+02;-5.3787967e-03;3.2750000e+02;4.7445563e-03;3.2750000e+02;2.0307094e-02;3.2750000e+02;4.0535614e-02;3.2750000e+02;6.4928062e-02;3.2750000e+02;9.3419328e-02;3.2750000e+02;1.2347470e-01;3.2750000e+02;1.5312636e-01;3.2750000e+02;1.7634541e-01;3.2750000e+02;1.9545126e-01;3.2750000e+02;2.1774825e-01;3.2750000e+02;2.3789437e-01;3.2750000e+02;2.4612373e-01;3.2750000e+02;2.2608858e-01;3.2750000e+02;1.8580940e-01;3.2750000e+02;1.3420953e-01;3.2750000e+02;8.2969695e-02;3.2750000e+02;3.6132526e-02;3.2750000e+02;-5.3787967e-03;3.2750000e+02;4.7445563e-03;3.2750000e+02;2.0307094e-02;3.2750000e+02;4.0535614e-02;3.2750000e+02;6.4928062e-02;3.2750000e+02;9.3419328e-02;3.2750000e+02;1.2347470e-01;3.2750000e+02;1.5312636e-01;3.2750000e+02;1.7634541e-01;3.2750000e+02;1.9545126e-01;3.2750000e+02;2.1774825e-01;3.2750000e+02;2.3789437e-01;3.2750000e+02;2.4612373e-01;3.2750000e+02;2.2608858e-01;3.2750000e+02;1.8580940e-01;3.2750000e+02;1.3420953e-01;3.2750000e+02;8.2969695e-02;3.2750000e+02;3.6132526e-02;3.2750000e+02;-5.3787967e-03;3.2750000e+02;4.7445563e-03;3.2750000e+02;2.0307094e-02;3.2750000e+02;4.0535614e-02;3.2750000e+02;6.4928062e-02;3.2750000e+02;9.3419328e-02;3.2750000e+02;1.2347470e-01;3.2750000e+02;1.5312636e-01;3.2750000e+02;1.7634541e-01;3.2750000e+02;1.9545126e-01;3.2750000e+02;2.1774825e-01;3.2750000e+02;2.3789437e-01;3.2750000e+02;2.4612373e-01;3.2750000e+02;2.2608858e-01;3.2750000e+02;1.8580940e-01;3.2750000e+02;1.3420953e-01;3.2750000e+02;8.2969695e-02;3.2750000e+02;3.6132526e-02;3.2750000e+02;-5.3787967e-03;3.2750000e+02;4.7445563e-03;3.2750000e+02;2.0307094e-02;3.2750000e+02;4.0535614e-02;3.2750000e+02;6.4928062e-02;3.2750000e+02;9.3419328e-02;3.2750000e+02;1.2347470e-01;3.2750000e+02;1.5312636e-01;3.2750000e+02;1.7634541e-01;3.2750000e+02;1.9545126e-01;3.2750000e+02;2.1774825e-01;3.2750000e+02;2.3789437e-01;3.2750000e+02;2.4612373e-01;3.2750000e+02;2.2608858e-01;3.2750000e+02;1.8580940e-01;3.2750000e+02;1.3420953e-01;3.2750000e+02;8.2969695e-02;3.2750000e+02;3.6132526e-02;3.2750000e+02;-5.3787967e-03;3.2750000e+02;4.7445563e-03;3.2750000e+02;2.0307094e-02;3.2750000e+02;4.0535614e-02;3.2750000e+02;6.4928062e-02;3.2750000e+02;9.3419328e-02;3.2750000e+02;1.2347470e-01;3.2750000e+02;1.5312636e-01;3.2750000e+02;1.7634541e-01;3.2750000e+02;1.9545126e-01;3.2750000e+02;2.1774825e-01;3.2750000e+02;2.3789437e-01;3.2750000e+02;2.4612373e-01;3.2750000e+02;2.2608858e-01;3.2750000e+02;1.8580940e-01;3.2750000e+02;1.3420953e-01;3.2750000e+02;8.2969695e-02;3.2750000e+02;3.6132526e-02;3.2750000e+02;-5.3787967e-03;3.2750000e+02;4.7445563e-03;3.2750000e+02;2.0307094e-02;3.2750000e+02;4.0535614e-02;3.2750000e+02;6.4928062e-02;3.2750000e+02;9.3419328e-02;3.2750000e+02;1.2347470e-01;3.2750000e+02;1.5312636e-01;3.2750000e+02;1.7634541e-01;3.2750000e+02;1.9545126e-01;3.2750000e+02;2.1774825e-01;3.2750000e+02;2.3789437e-01;3.2750000e+02;2.4612373e-01;3.2750000e+02;2.2608858e-01;3.2750000e+02;1.8580940e-01;3.2750000e+02;1.3420953e-01;3.2750000e+02;8.2969695e-02;3.2750000e+02;3.6132526e-02;3.2750000e+02;-5.3787967e-03;3.2750000e+02;4.7445563e-03;3.2750000e+02;2.0307094e-02;3.2750000e+02;4.0535614e-02;3.2750000e+02;6.4928062e-02;3.2750000e+02;9.3419328e-02;3.2750000e+02;1.2347470e-01;3.2750000e+02;1.5312636e-01;3.2750000e+02;1.7634541e-01;3.2750000e+02;1.9545126e-01;3.2750000e+02;2.1774825e-01;3.2750000e+02;2.3789437e-01;3.2750000e+02;2.4612373e-01;3.2750000e+02;2.2608858e-01;3.2750000e+02;1.8580940e-01;3.2750000e+02;1.3420953e-01;3.2750000e+02;8.2969695e-02;3.2750000e+02;3.6132526e-02;3.2750000e+02;-5.3787967e-03;3.2750000e+02;4.7445563e-03;3.2750000e+02;2.0307094e-02;3.2750000e+02;4.0535614e-02;3.2750000e+02;6.4928062e-02;3.2750000e+02;9.3419328e-02;3.2750000e+02;1.2347470e-01;3.2750000e+02;1.5312636e-01;3.2750000e+02;1.7634541e-01;3.2750000e+02;1.9545126e-01;3.2750000e+02;2.1774825e-01;3.2750000e+02;2.3789437e-01;3.2750000e+02;2.4612373e-01;3.2750000e+02;2.2608858e-01;3.2750000e+02;1.8580940e-01;3.2750000e+02;1.3420953e-01;3.2750000e+02;8.2969695e-02;3.2750000e+02;3.6132526e-02;3.2750000e+02;-5.3787967e-03;3.2750000e+02;4.7445563e-03;3.2750000e+02;2.0307094e-02;3.2750000e+02;4.0535614e-02;3.2750000e+02;6.4928062e-02;3.2750000e+02;9.3419328e-02;3.2750000e+02;1.2347470e-01;3.2750000e+02;1.5312636e-01;3.2750000e+02;1.7634541e-01;3.2750000e+02;1.9545126e-01;3.2750000e+02;2.1774825e-01;3.2750000e+02;2.3789437e-01;3.2750000e+02;2.4612373e-01;3.2750000e+02;2.2608858e-01;3.2750000e+02;1.8580940e-01;3.2750000e+02;1.3420953e-01;3.2750000e+02;8.2969695e-02;3.2750000e+02;3.6132526e-02;3.2750000e+02;-5.3787967e-03;3.2750000e+02;4.7445563e-03;3.2750000e+02;2.0307094e-02;3.2750000e+02;4.0535614e-02;3.2750000e+02;6.4928062e-02;3.2750000e+02;9.3419328e-02;3.2750000e+02;1.2347470e-01;3.2750000e+02;1.5312636e-01;3.2750000e+02;1.7634541e-01;3.2750000e+02;1.9545126e-01;3.2750000e+02;2.1774825e-01;3.2750000e+02;2.3789437e-01;3.2750000e+02;2.4612373e-01;3.2750000e+02;2.2608858e-01;3.2750000e+02;1.8580940e-01;3.2750000e+02;1.3420953e-01;3.2750000e+02;8.2969695e-02;3.2750000e+02;3.6132526e-02;3.2750000e+02;-5.3787967e-03;3.2750000e+02;4.7445563e-03;3.2750000e+02;2.0307094e-02;3.2750000e+02;4.0535614e-02;3.2750000e+02;6.4928062e-02;3.2750000e+02;9.3419328e-02;3.2750000e+02;1.2347470e-01;3.2750000e+02;1.5312636e-01;3.2750000e+02;1.7634541e-01;3.2750000e+02;1.9545126e-01;3.2750000e+02;2.1774825e-01;3.2750000e+02;2.3789437e-01;3.2750000e+02;2.4612373e-01;3.2750000e+02;2.2608858e-01;3.2750000e+02;1.8580940e-01;3.2750000e+02;1.3420953e-01;3.2750000e+02;8.2969695e-02;3.2750000e+02;3.6132526e-02;3.2750000e+02;-5.3787967e-03;3.2750000e+02;4.7445563e-03;3.2750000e+02;2.0307094e-02;3.2750000e+02;4.0535614e-02;3.2750000e+02;6.4928062e-02;3.2750000e+02;9.3419328e-02;3.2750000e+02;1.2347470e-01;3.2750000e+02;1.5312636e-01;3.2750000e+02;1.7634541e-01;3.2750000e+02;1.9545126e-01;3.2750000e+02;2.1774825e-01;3.2750000e+02;2.3789437e-01;3.2750000e+02;2.4612373e-01;3.2750000e+02;2.2608858e-01;3.2750000e+02;1.8580940e-01;3.2750000e+02;1.3420953e-01;3.2750000e+02;8.2969695e-02;3.2750000e+02;3.6132526e-02;3.2750000e+02;-5.3787967e-03;3.2750000e+02;4.7445563e-03;3.2750000e+02;2.0307094e-02;3.2750000e+02;4.0535614e-02;3.2750000e+02;6.4928062e-02;3.2750000e+02;9.3419328e-02;3.2750000e+02;1.2347470e-01;3.2750000e+02;1.5312636e-01;3.2750000e+02;1.7634541e-01;3.2750000e+02;1.9545126e-01;3.2750000e+02;2.1774825e-01;3.2750000e+02;2.3789437e-01;3.2750000e+02;2.4612373e-01;3.2750000e+02;2.2608858e-01;3.2750000e+02;1.8580940e-01;3.2750000e+02;1.3420953e-01;3.2750000e+02;8.2969695e-02;3.2750000e+02;3.6132526e-02;3.2750000e+02;-5.3787967e-03;3.2750000e+02;4.7445563e-03;3.2750000e+02;2.0307094e-02;3.2750000e+02;4.0535614e-02;3.2750000e+02;6.4928062e-02;3.2750000e+02;9.3419328e-02;3.2750000e+02;1.2347470e-01;3.2750000e+02;1.5312636e-01;3.2750000e+02;1.7634541e-01;3.2750000e+02;1.9545126e-01;3.2750000e+02;2.1774825e-01;3.2750000e+02;2.3789437e-01;3.2750000e+02;2.4612373e-01;3.2750000e+02;2.2608858e-01;3.2750000e+02;1.8580940e-01;3.2750000e+02;1.3420953e-01;3.2750000e+02;8.2969695e-02;3.2750000e+02;3.6132526e-02;3.2750000e+02;-5.3787967e-03;3.2750000e+02;4.7445563e-03;3.2750000e+02;2.0307094e-02;3.2750000e+02;4.0535614e-02;3.2750000e+02;6.4928062e-02;3.2750000e+02;9.3419328e-02;3.2750000e+02;1.2347470e-01;3.2750000e+02;1.5312636e-01;3.2750000e+02;1.7634541e-01;3.2750000e+02;1.9545126e-01;3.2750000e+02;2.1774825e-01;3.2750000e+02;2.3789437e-01;3.2750000e+02;2.4612373e-01;3.2750000e+02;2.2608858e-01;3.2750000e+02;1.8580940e-01;3.2750000e+02;1.3420953e-01;3.2750000e+02;8.2969695e-02;3.2750000e+02;3.6132526e-02;3.2750000e+02;-5.3787967e-03;3.2750000e+02;4.7445563e-03;3.2750000e+02;2.0307094e-02;3.2750000e+02;4.0535614e-02;3.2750000e+02;6.4928062e-02;3.2750000e+02;9.3419328e-02;3.2750000e+02;1.2347470e-01;3.2750000e+02;1.5312636e-01;3.2750000e+02;1.7634541e-01;3.2750000e+02;1.9545126e-01;3.2750000e+02;2.1774825e-01;3.2750000e+02;2.3789437e-01;3.2750000e+02;2.4612373e-01;3.2750000e+02;2.2608858e-01;3.2750000e+02;1.8580940e-01;3.2750000e+02;1.3420953e-01;3.2750000e+02;8.2969695e-02;3.2750000e+02;3.6132526e-02;3.2750000e+02;-5.3787967e-03;3.2750000e+02;4.7445563e-03;3.2750000e+02;2.0307094e-02;3.2750000e+02;4.0535614e-02;3.2750000e+02;6.4928062e-02;3.2750000e+02;9.3419328e-02;3.2750000e+02;1.2347470e-01;3.2750000e+02;1.5312636e-01;3.2750000e+02;1.7634541e-01;3.2750000e+02;1.9545126e-01;3.2750000e+02;2.1774825e-01;3.2750000e+02;2.3789437e-01;3.2750000e+02;2.4612373e-01;3.2750000e+02;2.2608858e-01;3.2750000e+02;1.8580940e-01;3.2750000e+02;1.3420953e-01;3.2750000e+02;8.2969695e-02;3.2750000e+02;3.6132526e-02;3.2750000e+02;-5.3787967e-03;3.2750000e+02;4.7445563e-03;3.2750000e+02;2.0307094e-02;3.2750000e+02;4.0535614e-02;3.2750000e+02;6.4928062e-02;3.2750000e+02;9.3419328e-02;3.2750000e+02;1.2347470e-01;3.2750000e+02;1.5312636e-01;3.2750000e+02;1.7634541e-01;3.2750000e+02;1.9545126e-01;3.2750000e+02;2.1774825e-01;3.2750000e+02;2.3789437e-01;3.2750000e+02;2.4612373e-01;3.2750000e+02;2.2608858e-01;3.2750000e+02;1.8580940e-01;3.2750000e+02;1.3420953e-01;3.2750000e+02;8.2969695e-02;3.2750000e+02;3.6132526e-02;3.2750000e+02;-5.3787967e-03;3.2750000e+02;4.7445563e-03;3.2750000e+02;2.0307094e-02;3.2750000e+02;4.0535614e-02;3.2750000e+02;6.4928062e-02;3.2750000e+02;9.3419328e-02;3.2750000e+02;1.2347470e-01;3.2750000e+02;1.5312636e-01;3.2750000e+02;1.7634541e-01;3.2750000e+02;1.9545126e-01;3.2750000e+02;2.1774825e-01;3.2750000e+02;2.3789437e-01;3.2750000e+02;2.4612373e-01;3.2750000e+02;2.2608858e-01;3.2750000e+02;1.8580940e-01;3.2750000e+02;1.3420953e-01;3.2750000e+02;8.2969695e-02;3.2750000e+02;3.6132526e-02;3.2750000e+02;-5.3787967e-03;3.2750000e+02;4.7445563e-03;3.2750000e+02;2.0307094e-02;3.2750000e+02;4.0535614e-02;3.2750000e+02;6.4928062e-02;3.2750000e+02;9.3419328e-02;3.2750000e+02;1.2347470e-01;3.2750000e+02;1.5312636e-01;3.2750000e+02;1.7634541e-01;3.2750000e+02;1.9545126e-01;3.2750000e+02;2.1774825e-01;3.2750000e+02;2.3789437e-01;3.2750000e+02;2.4612373e-01;3.2750000e+02;2.2608858e-01;3.2750000e+02;1.8580940e-01;3.2750000e+02;1.3420953e-01;3.2750000e+02;8.2969695e-02;3.2750000e+02;3.6132526e-02;3.2750000e+02;-5.3787967e-03;3.2750000e+02;4.7445563e-03;3.2750000e+02;2.0307094e-02;3.2750000e+02;4.0535614e-02;3.2750000e+02;6.4928062e-02;3.2750000e+02;9.3419328e-02;3.2750000e+02;1.2347470e-01;3.2750000e+02;1.5312636e-01;3.2750000e+02;1.7634541e-01;3.2750000e+02;1.9545126e-01;3.2750000e+02;2.1774825e-01;3.2750000e+02;2.3789437e-01;3.2750000e+02;2.4612373e-01;3.2750000e+02;2.2608858e-01;3.2750000e+02;1.8580940e-01;3.2750000e+02;1.3420953e-01;3.2750000e+02;8.2969695e-02;3.2750000e+02;3.6132526e-02;3.2750000e+02;-5.3787967e-03;3.2750000e+02;4.7445563e-03;3.2750000e+02;2.0307094e-02;3.2750000e+02;4.0535614e-02;3.2750000e+02;6.4928062e-02;3.2750000e+02;9.3419328e-02;3.2750000e+02;1.2347470e-01;3.2750000e+02;1.5312636e-01;3.2750000e+02;1.7634541e-01;3.2750000e+02;1.9545126e-01;3.2750000e+02;2.1774825e-01;3.2750000e+02;2.3789437e-01;3.2750000e+02;2.4612373e-01;3.2750000e+02;2.2608858e-01;3.2750000e+02;1.8580940e-01;3.2750000e+02;1.3420953e-01;3.2750000e+02;8.2969695e-02;3.2750000e+02;3.6132526e-02;3.2750000e+02;-5.3787967e-03;3.2750000e+02;4.7445563e-03;3.2750000e+02;2.0307094e-02;3.2750000e+02;4.0535614e-02;3.2750000e+02;6.4928062e-02;3.2750000e+02;9.3419328e-02;3.2750000e+02;1.2347470e-01;3.2750000e+02;1.5312636e-01;3.2750000e+02;1.7634541e-01;3.2750000e+02;1.9545126e-01;3.2750000e+02;2.1774825e-01;3.2750000e+02;2.3789437e-01;3.2750000e+02;2.4612373e-01;3.2750000e+02;2.2608858e-01;3.2750000e+02;1.8580940e-01;3.2750000e+02;1.3420953e-01;3.2750000e+02;8.2969695e-02;3.2750000e+02;3.6132526e-02;3.2750000e+02;-5.3787967e-03;3.2750000e+02;4.7445563e-03;3.2750000e+02;2.0307094e-02;3.2750000e+02;4.0535614e-02;3.2750000e+02;6.4928062e-02;3.2750000e+02;9.3419328e-02;3.2750000e+02;1.2347470e-01;3.2750000e+02;1.5312636e-01;3.2750000e+02;1.7634541e-01;3.2750000e+02;1.9545126e-01;3.2750000e+02;2.1774825e-01;3.2750000e+02;2.3789437e-01;3.2750000e+02;2.4612373e-01;3.2750000e+02;2.2608858e-01;3.2750000e+02;1.8580940e-01;3.2750000e+02;1.3420953e-01;3.2750000e+02;8.2969695e-02;3.2750000e+02;3.6132526e-02;3.2750000e+02;-5.3787967e-03;3.2750000e+02;4.7445563e-03;3.2750000e+02;2.0307094e-02;3.2750000e+02;4.0535614e-02;3.2750000e+02;6.4928062e-02;3.2750000e+02;9.3419328e-02;3.2750000e+02;1.2347470e-01;3.2750000e+02;1.5312636e-01;3.2750000e+02;1.7634541e-01;3.2750000e+02;1.9545126e-01;3.2750000e+02;2.1774825e-01;3.2750000e+02;2.3789437e-01;3.2750000e+02;2.4612373e-01;3.2750000e+02;2.2608858e-01;3.2750000e+02;1.8580940e-01;3.2750000e+02;1.3420953e-01;3.2750000e+02;8.2969695e-02;3.2750000e+02;3.6132526e-02;3.2750000e+02;-5.3787967e-03;3.2750000e+02;4.7445563e-03;3.2750000e+02;2.0307094e-02;3.2750000e+02;4.0535614e-02;3.2750000e+02;6.4928062e-02;3.2750000e+02;9.3419328e-02;3.2750000e+02;1.2347470e-01;3.2750000e+02;1.5312636e-01;3.2750000e+02;1.7634541e-01;3.2750000e+02;1.9545126e-01;3.2750000e+02;2.1774825e-01;3.2750000e+02;2.3789437e-01;3.2750000e+02;2.4612373e-01;3.2750000e+02;2.2608858e-01;3.2750000e+02;1.8580940e-01;3.2750000e+02;1.3420953e-01;3.2750000e+02;8.2969695e-02;3.2750000e+02;3.6132526e-02;3.2750000e+02;-5.3787967e-03;3.2750000e+02;4.7445563e-03;3.2750000e+02;2.0307094e-02;3.2750000e+02;4.0535614e-02;3.2750000e+02;6.4928062e-02;3.2750000e+02;9.3419328e-02;3.2750000e+02;1.2347470e-01;3.2750000e+02;1.5312636e-01;3.2750000e+02;1.7634541e-01;3.2750000e+02;1.9545126e-01;3.2750000e+02;2.1774825e-01;3.2750000e+02;2.3789437e-01;3.2750000e+02;2.4612373e-01;3.2750000e+02;2.2608858e-01;3.2750000e+02;1.8580940e-01;3.2750000e+02;1.3420953e-01;3.2750000e+02;8.2969695e-02;3.2750000e+02;3.6132526e-02;3.2750000e+02;-5.3787967e-03;3.2750000e+02;4.7445563e-03;3.2750000e+02;2.0307094e-02;3.2750000e+02;4.0535614e-02;3.2750000e+02;6.4928062e-02;3.2750000e+02;9.3419328e-02;3.2750000e+02;1.2347470e-01;3.2750000e+02;1.5312636e-01;3.2750000e+02;1.7634541e-01;3.2750000e+02;1.9545126e-01;3.2750000e+02;2.1774825e-01;3.2750000e+02;2.3789437e-01;3.2750000e+02;2.4612373e-01;3.2750000e+02;2.2608858e-01;3.2750000e+02;1.8580940e-01;3.2750000e+02;1.3420953e-01;3.2750000e+02;8.2969695e-02;3.2750000e+02;3.6132526e-02;3.2750000e+02;-5.3787967e-03;3.2750000e+02;4.7445563e-03;3.2750000e+02;2.0307094e-02;3.2750000e+02;4.0535614e-02;3.2750000e+02;6.4928062e-02;3.2750000e+02;9.3419328e-02;3.2750000e+02;1.2347470e-01;3.2750000e+02;1.5312636e-01;3.2750000e+02;1.7634541e-01;3.2750000e+02;1.9545126e-01;3.2750000e+02;2.1774825e-01;3.2750000e+02;2.3789437e-01;3.2750000e+02;2.4612373e-01;3.2750000e+02;2.2608858e-01;3.2750000e+02;1.8580940e-01;3.2750000e+02;1.3420953e-01;3.2750000e+02;8.2969695e-02;3.2750000e+02;3.6132526e-02;3.2750000e+02;-5.3787967e-03;3.2750000e+02;4.7445563e-03;3.2750000e+02;2.0307094e-02;3.2750000e+02;4.0535614e-02;3.2750000e+02;6.4928062e-02;3.2750000e+02;9.3419328e-02;3.2750000e+02;1.2347470e-01;3.2750000e+02;1.5312636e-01;3.2750000e+02;1.7634541e-01;3.2750000e+02;1.9545126e-01;3.2750000e+02;2.1774825e-01;3.2750000e+02;2.3789437e-01;3.2750000e+02;2.4612373e-01;3.2750000e+02;2.2608858e-01;3.2750000e+02;1.8580940e-01;3.2750000e+02;1.3420953e-01;3.2750000e+02;8.2969695e-02;3.2750000e+02;3.6132526e-02;3.2750000e+02;-5.3787967e-03;3.2750000e+02;4.7445563e-03;3.2750000e+02;2.0307094e-02;3.2750000e+02;4.0535614e-02;3.2750000e+02;6.4928062e-02;3.2750000e+02;9.3419328e-02;3.2750000e+02;1.2347470e-01;3.2750000e+02;1.5312636e-01;3.2750000e+02;1.7634541e-01;3.2750000e+02;1.9545126e-01;3.2750000e+02;2.1774825e-01;3.2750000e+02;2.3789437e-01;3.2750000e+02;2.4612373e-01;3.2750000e+02;2.2608858e-01;3.2750000e+02;1.8580940e-01;3.2750000e+02;1.3420953e-01;3.2750000e+02;8.2969695e-02;3.2750000e+02;3.6132526e-02;3.2750000e+02;-5.3787967e-03;3.2750000e+02;4.7445563e-03;3.2750000e+02;2.0307094e-02;3.2750000e+02;4.0535614e-02;3.2750000e+02;6.4928062e-02;3.2750000e+02;9.3419328e-02;3.2750000e+02;1.2347470e-01;3.2750000e+02;1.5312636e-01;3.2750000e+02;1.7634541e-01;3.2750000e+02;1.9545126e-01;3.2750000e+02;2.1774825e-01;3.2750000e+02;2.3789437e-01;3.2750000e+02;2.4612373e-01;3.2750000e+02;2.2608858e-01;3.2750000e+02;1.8580940e-01;3.2750000e+02;1.3420953e-01;3.2750000e+02;8.2969695e-02;3.2750000e+02;3.6132526e-02;3.2750000e+02;-5.3787967e-03;3.2750000e+02;4.7445563e-03;3.2750000e+02;2.0307094e-02;3.2750000e+02;4.0535614e-02;3.2750000e+02;6.4928062e-02;3.2750000e+02;9.3419328e-02;3.2750000e+02;1.2347470e-01;3.2750000e+02;1.5312636e-01;3.2750000e+02;1.7634541e-01;3.2750000e+02;1.9545126e-01;3.2750000e+02;2.1774825e-01;3.2750000e+02;2.3789437e-01;3.2750000e+02;2.4612373e-01;3.2750000e+02;2.2608858e-01;3.2750000e+02;1.8580940e-01;3.2750000e+02;1.3420953e-01;3.2750000e+02;8.2969695e-02;3.2750000e+02;3.6132526e-02;3.2750000e+02;-5.3787967e-03;3.2750000e+02;4.7445563e-03;3.2750000e+02;2.0307094e-02;3.2750000e+02;4.0535614e-02;3.2750000e+02;6.4928062e-02;3.2750000e+02;9.3419328e-02;3.2750000e+02;1.2347470e-01;3.2750000e+02;1.5312636e-01;3.2750000e+02;1.7634541e-01;3.2750000e+02;1.9545126e-01;3.2750000e+02;2.1774825e-01;3.2750000e+02;2.3789437e-01;3.2750000e+02;2.4612373e-01;3.2750000e+02;2.2608858e-01;3.2750000e+02;1.8580940e-01;3.2750000e+02;1.3420953e-01;3.2750000e+02;8.2969695e-02;3.2750000e+02;3.6132526e-02;3.2750000e+02;-5.3787967e-03;3.2750000e+02;4.7445563e-03;3.2750000e+02;2.0307094e-02;3.2750000e+02;4.0535614e-02;3.2750000e+02;6.4928062e-02;3.2750000e+02;9.3419328e-02;3.2750000e+02;1.2347470e-01;3.2750000e+02;1.5312636e-01;3.2750000e+02;1.7634541e-01;3.2750000e+02;1.9545126e-01;3.2750000e+02;2.1774825e-01;3.2750000e+02;2.3789437e-01;3.2750000e+02;2.4612373e-01;3.2750000e+02;2.2608858e-01;3.2750000e+02;1.8580940e-01;3.2750000e+02;1.3420953e-01;3.2750000e+02;8.2969695e-02;3.2750000e+02;3.6132526e-02;3.2750000e+02;-5.3787967e-03;3.2750000e+02;4.7445563e-03;3.2750000e+02;2.0307094e-02;3.2750000e+02;4.0535614e-02;3.2750000e+02;6.4928062e-02;3.2750000e+02;9.3419328e-02;3.2750000e+02;1.2347470e-01;3.2750000e+02;1.5312636e-01;3.2750000e+02;1.7634541e-01;3.2750000e+02;1.9545126e-01;3.2750000e+02;2.1774825e-01;3.2750000e+02;2.3789437e-01;3.2750000e+02;2.4612373e-01;3.2750000e+02;2.2608858e-01;3.2750000e+02;1.8580940e-01;3.2750000e+02;1.3420953e-01;3.2750000e+02;8.2969695e-02;3.2750000e+02;3.6132526e-02;3.2750000e+02;-5.3787967e-03;3.2750000e+02;4.7445563e-03;3.2750000e+02;2.0307094e-02;3.2750000e+02;4.0535614e-02;3.2750000e+02;6.4928062e-02;3.2750000e+02;9.3419328e-02;3.2750000e+02;1.2347470e-01;3.2750000e+02;1.5312636e-01;3.2750000e+02;1.7634541e-01;3.2750000e+02;1.9545126e-01;3.2750000e+02;2.1774825e-01;3.2750000e+02;2.3789437e-01;3.2750000e+02;2.4612373e-01;3.2750000e+02;2.2608858e-01;3.2750000e+02;1.8580940e-01;3.2750000e+02;1.3420953e-01;3.2750000e+02;8.2969695e-02;3.2750000e+02;3.6132526e-02;3.2750000e+02;-5.3787967e-03;3.2750000e+02;4.7445563e-03;3.2750000e+02;2.0307094e-02;3.2750000e+02;4.0535614e-02;3.2750000e+02;6.4928062e-02;3.2750000e+02;9.3419328e-02;3.2750000e+02;1.2347470e-01;3.2750000e+02;1.5312636e-01;3.2750000e+02;1.7634541e-01;3.2750000e+02;1.9545126e-01;3.2750000e+02;2.1774825e-01;3.2750000e+02;2.3789437e-01;3.2750000e+02;2.4612373e-01;3.2750000e+02;2.2608858e-01;3.2750000e+02;1.8580940e-01;3.2750000e+02;1.3420953e-01;3.2750000e+02;8.2969695e-02;3.2750000e+02;3.6132526e-02;3.2750000e+02;-5.3787967e-03;3.2750000e+02;4.7445563e-03;3.2750000e+02;2.0307094e-02;3.2750000e+02;4.0535614e-02;3.2750000e+02;6.4928062e-02;3.2750000e+02;9.3419328e-02;3.2750000e+02;1.2347470e-01;3.2750000e+02;1.5312636e-01;3.2750000e+02;1.7634541e-01;3.2750000e+02;1.9545126e-01;3.2750000e+02;2.1774825e-01;3.2750000e+02;2.3789437e-01;3.2750000e+02;2.4612373e-01;3.2750000e+02;2.2608858e-01;3.2750000e+02;1.8580940e-01;3.2750000e+02;1.3420953e-01;3.2750000e+02;8.2969695e-02;3.2750000e+02;3.6132526e-02;3.2750000e+02;-5.3787967e-03;3.2750000e+02;4.7445563e-03;3.2750000e+02;2.0307094e-02;3.2750000e+02;4.0535614e-02;3.2750000e+02;6.4928062e-02;3.2750000e+02;9.3419328e-02;3.2750000e+02;1.2347470e-01;3.2750000e+02;1.5312636e-01;3.2750000e+02;1.7634541e-01;3.2750000e+02;1.9545126e-01;3.2750000e+02;2.1774825e-01;3.2750000e+02;2.3789437e-01;3.2750000e+02;2.4612373e-01;3.2750000e+02;2.2608858e-01;3.2750000e+02;1.8580940e-01;3.2750000e+02;1.3420953e-01;3.2750000e+02;8.2969695e-02;3.2750000e+02;3.6132526e-02;3.2750000e+02;-5.3787967e-03;3.2750000e+02;4.7445563e-03;3.2750000e+02;2.0307094e-02;3.2750000e+02;4.0535614e-02;3.2750000e+02;6.4928062e-02;3.2750000e+02;9.3419328e-02;3.2750000e+02;1.2347470e-01;3.2750000e+02;1.5312636e-01;3.2750000e+02;1.7634541e-01;3.2750000e+02;1.9545126e-01;3.2750000e+02;2.1774825e-01;3.2750000e+02;2.3789437e-01;3.2750000e+02;2.4612373e-01;3.2750000e+02;2.2608858e-01;3.2750000e+02;1.8580940e-01;3.2750000e+02;1.3420953e-01;3.2750000e+02;8.2969695e-02;3.2750000e+02;3.6132526e-02;3.2750000e+02;-5.3787967e-03;3.2750000e+02;4.7445563e-03;3.2750000e+02;2.0307094e-02;3.2750000e+02;4.0535614e-02;3.2750000e+02;6.4928062e-02;3.2750000e+02;9.3419328e-02;3.2750000e+02;1.2347470e-01;3.2750000e+02;1.5312636e-01;3.2750000e+02;1.7634541e-01;3.2750000e+02;1.9545126e-01;3.2750000e+02;2.1774825e-01;3.2750000e+02;2.3789437e-01;3.2750000e+02;2.4612373e-01;3.2750000e+02;2.2608858e-01;3.2750000e+02;1.8580940e-01;3.2750000e+02;1.3420953e-01;3.2750000e+02;8.2969695e-02;3.2750000e+02;3.6132526e-02;3.2750000e+02;-5.3787967e-03;3.2750000e+02;4.7445563e-03;3.2750000e+02;2.0307094e-02;3.2750000e+02;4.0535614e-02;3.2750000e+02;6.4928062e-02;3.2750000e+02;9.3419328e-02;3.2750000e+02;1.2347470e-01;3.2750000e+02;1.5312636e-01;3.2750000e+02;1.7634541e-01;3.2750000e+02;1.9545126e-01;3.2750000e+02;2.1774825e-01;3.2750000e+02;2.3789437e-01;3.2750000e+02;2.4612373e-01;3.2750000e+02;2.2608858e-01;3.2750000e+02;1.8580940e-01;3.2750000e+02;1.3420953e-01;3.2750000e+02;8.2969695e-02;3.2750000e+02;3.6132526e-02;3.2750000e+02;-5.3787967e-03;3.2750000e+02;4.7445563e-03;3.2750000e+02;2.0307094e-02;3.2750000e+02;4.0535614e-02;3.2750000e+02;6.4928062e-02;3.2750000e+02;9.3419328e-02;3.2750000e+02;1.2347470e-01;3.2750000e+02;1.5312636e-01;3.2750000e+02;1.7634541e-01;3.2750000e+02;1.9545126e-01;3.2750000e+02;2.1774825e-01;3.2750000e+02;2.3789437e-01;3.2750000e+02;2.4612373e-01;3.2750000e+02;2.2608858e-01;3.2750000e+02;1.8580940e-01;3.2750000e+02;1.3420953e-01;3.2750000e+02;8.2969695e-02;3.2750000e+02;3.6132526e-02;3.2750000e+02;-5.3787967e-03;3.2750000e+02;4.7445563e-03;3.2750000e+02;2.0307094e-02;3.2750000e+02;4.0535614e-02;3.2750000e+02;6.4928062e-02;3.2750000e+02;9.3419328e-02;3.2750000e+02;1.2347470e-01;3.2750000e+02;1.5312636e-01;3.2750000e+02;1.7634541e-01;3.2750000e+02;1.9545126e-01;3.2750000e+02;2.1774825e-01;3.2750000e+02;2.3789437e-01;3.2750000e+02;2.4612373e-01;3.2750000e+02;2.2608858e-01;3.2750000e+02;1.8580940e-01;3.2750000e+02;1.3420953e-01;3.2750000e+02;8.2969695e-02;3.2750000e+02;3.6132526e-02;3.2750000e+02;-5.3787967e-03;3.2750000e+02;4.7445563e-03;3.2750000e+02;2.0307094e-02;3.2750000e+02;4.0535614e-02;3.2750000e+02;6.4928062e-02;3.2750000e+02;9.3419328e-02;3.2750000e+02;1.2347470e-01;3.2750000e+02;1.5312636e-01;3.2750000e+02;1.7634541e-01;3.2750000e+02;1.9545126e-01;3.2750000e+02;2.1774825e-01;3.2750000e+02;2.3789437e-01;3.2750000e+02;2.4612373e-01;3.2750000e+02;2.2608858e-01;3.2750000e+02;1.8580940e-01;3.2750000e+02;1.3420953e-01;3.2750000e+02;8.2969695e-02;3.2750000e+02;3.6132526e-02;3.2750000e+02;-5.3787967e-03;3.2750000e+02;4.7445563e-03;3.2750000e+02;2.0307094e-02;3.2750000e+02;4.0535614e-02;3.2750000e+02;6.4928062e-02;3.2750000e+02;9.3419328e-02;3.2750000e+02;1.2347470e-01;3.2750000e+02;1.5312636e-01;3.2750000e+02;1.7634541e-01;3.2750000e+02;1.9545126e-01;3.2750000e+02;2.1774825e-01;3.2750000e+02;2.3789437e-01;3.2750000e+02;2.4612373e-01;3.2750000e+02;2.2608858e-01;3.2750000e+02;1.8580940e-01;3.2750000e+02;1.3420953e-01;3.2750000e+02;8.2969695e-02;3.2750000e+02;3.6132526e-02;3.2750000e+02;-5.3787967e-03;3.2750000e+02;4.7445563e-03;3.2750000e+02;2.0307094e-02;3.2750000e+02;4.0535614e-02;3.2750000e+02;6.4928062e-02;3.2750000e+02;9.3419328e-02;3.2750000e+02;1.2347470e-01;3.2750000e+02;1.5312636e-01;3.2750000e+02;1.7634541e-01;3.2750000e+02;1.9545126e-01;3.2750000e+02;2.1774825e-01;3.2750000e+02;2.3789437e-01;3.2750000e+02;2.4612373e-01;3.2750000e+02;2.2608858e-01;3.2750000e+02;1.8580940e-01;3.2750000e+02;1.3420953e-01;3.2750000e+02;8.2969695e-02;3.2750000e+02;3.6132526e-02;3.2750000e+02;-5.3787967e-03;3.2750000e+02;4.7445563e-03;3.2750000e+02;2.0307094e-02;3.2750000e+02;4.0535614e-02;3.2750000e+02;6.4928062e-02;3.2750000e+02;9.3419328e-02;3.2750000e+02;1.2347470e-01;3.2750000e+02;1.5312636e-01;3.2750000e+02;1.7634541e-01;3.2750000e+02;1.9545126e-01;3.2750000e+02;2.1774825e-01;3.2750000e+02;2.3789437e-01;3.2750000e+02;2.4612373e-01;3.2750000e+02;2.2608858e-01;3.2750000e+02;1.8580940e-01;3.2750000e+02;1.3420953e-01;3.2750000e+02;8.2969695e-02;3.2750000e+02;3.6132526e-02;3.2750000e+02;-5.3787967e-03;3.2750000e+02;4.7445563e-03;3.2750000e+02;2.0307094e-02;3.2750000e+02;4.0535614e-02;3.2750000e+02;6.4928062e-02;3.2750000e+02;9.3419328e-02;3.2750000e+02;1.2347470e-01;3.2750000e+02;1.5312636e-01;3.2750000e+02;1.7634541e-01;3.2750000e+02;1.9545126e-01;3.2750000e+02;2.1774825e-01;3.2750000e+02;2.3789437e-01;3.2750000e+02;2.4612373e-01;3.2750000e+02;2.2608858e-01;3.2750000e+02;1.8580940e-01;3.2750000e+02;1.3420953e-01;3.2750000e+02;8.2969695e-02;3.2750000e+02;3.6132526e-02;3.2750000e+02;-5.3787967e-03;3.2750000e+02;4.7445563e-03;3.2750000e+02;2.0307094e-02;3.2750000e+02;4.0535614e-02;3.2750000e+02;6.4928062e-02;3.2750000e+02;9.3419328e-02;3.2750000e+02;1.2347470e-01;3.2750000e+02;1.5312636e-01;3.2750000e+02;1.7634541e-01;3.2750000e+02;1.9545126e-01;3.2750000e+02;2.1774825e-01;3.2750000e+02;2.3789437e-01;3.2750000e+02;2.4612373e-01;3.2750000e+02;2.2608858e-01;3.2750000e+02;1.8580940e-01;3.2750000e+02;1.3420953e-01;3.2750000e+02;8.2969695e-02;3.2750000e+02;3.6132526e-02;3.2750000e+02;-5.3787967e-03;3.2750000e+02;4.7445563e-03;3.2750000e+02;2.0307094e-02;3.2750000e+02;4.0535614e-02;3.2750000e+02;6.4928062e-02;3.2750000e+02;9.3419328e-02;3.2750000e+02;1.2347470e-01;3.2750000e+02;1.5312636e-01;3.2750000e+02;1.7634541e-01;3.2750000e+02;1.9545126e-01;3.2750000e+02;2.1774825e-01;3.2750000e+02;2.3789437e-01;3.2750000e+02;2.4612373e-01;3.2750000e+02;2.2608858e-01;3.2750000e+02;1.8580940e-01;3.2750000e+02;1.3420953e-01;3.2750000e+02;8.2969695e-02;3.2750000e+02;3.6132526e-02;3.2750000e+02;-5.3787967e-03;3.2750000e+02;4.7445563e-03;3.2750000e+02;2.0307094e-02;3.2750000e+02;4.0535614e-02;3.2750000e+02;6.4928062e-02;3.2750000e+02;9.3419328e-02;3.2750000e+02;1.2347470e-01;3.2750000e+02;1.5312636e-01;3.2750000e+02;1.7634541e-01;3.2750000e+02;1.9545126e-01;3.2750000e+02;2.1774825e-01;3.2750000e+02;2.3789437e-01;3.2750000e+02;2.4612373e-01;3.2750000e+02;2.2608858e-01;3.2750000e+02;1.8580940e-01;3.2750000e+02;1.3420953e-01;3.2750000e+02;8.2969695e-02;3.2750000e+02;3.6132526e-02;3.2750000e+02;-5.3787967e-03;3.2750000e+02;4.7445563e-03;3.2750000e+02;2.0307094e-02;3.2750000e+02;4.0535614e-02;3.2750000e+02;6.4928062e-02;3.2750000e+02;9.3419328e-02;3.2750000e+02;1.2347470e-01;3.2750000e+02;1.5312636e-01;3.2750000e+02;1.7634541e-01;3.2750000e+02;1.9545126e-01;3.2750000e+02;2.1774825e-01;3.2750000e+02;2.3789437e-01;3.2750000e+02;2.4612373e-01;3.2750000e+02;2.2608858e-01;3.2750000e+02;1.8580940e-01;3.2750000e+02;1.3420953e-01;3.2750000e+02;8.2969695e-02;3.2750000e+02;3.6132526e-02;3.2750000e+02;-5.3787967e-03;3.2750000e+02;4.7445563e-03;3.2750000e+02;2.0307094e-02;3.2750000e+02;4.0535614e-02;3.2750000e+02;6.4928062e-02;3.2750000e+02;9.3419328e-02;3.2750000e+02;1.2347470e-01;3.2750000e+02;1.5312636e-01;3.2750000e+02;1.7634541e-01;3.2750000e+02;1.9545126e-01;3.2750000e+02;2.1774825e-01;3.2750000e+02;2.3789437e-01;3.2750000e+02;2.4612373e-01;3.2750000e+02;2.2608858e-01;3.2750000e+02;1.8580940e-01;3.2750000e+02;1.3420953e-01;3.2750000e+02;8.2969695e-02;3.2750000e+02;3.6132526e-02;3.2750000e+02;-5.3787967e-03;3.2750000e+02;4.7445563e-03;3.2750000e+02;2.0307094e-02;3.2750000e+02;4.0535614e-02;3.2750000e+02;6.4928062e-02;3.2750000e+02;9.3419328e-02;3.2750000e+02;1.2347470e-01;3.2750000e+02;1.5312636e-01;3.2750000e+02;1.7634541e-01;3.2750000e+02;1.9545126e-01;3.2750000e+02;2.1774825e-01;3.2750000e+02;2.3789437e-01;3.2750000e+02;2.4612373e-01;3.2750000e+02;2.2608858e-01;3.2750000e+02;1.8580940e-01;3.2750000e+02;1.3420953e-01;3.2750000e+02;8.2969695e-02;3.2750000e+02;3.6132526e-02;3.2750000e+02;-5.3787967e-03;3.2750000e+02;4.7445563e-03;3.2750000e+02;2.0307094e-02;3.2750000e+02;4.0535614e-02;3.2750000e+02;6.4928062e-02;3.2750000e+02;9.3419328e-02;3.2750000e+02;1.2347470e-01;3.2750000e+02;1.5312636e-01;3.2750000e+02;1.7634541e-01;3.2750000e+02;1.9545126e-01;3.2750000e+02;2.1774825e-01;3.2750000e+02;2.3789437e-01;3.2750000e+02;2.4612373e-01;3.2750000e+02;2.2608858e-01;3.2750000e+02;1.8580940e-01;3.2750000e+02;1.3420953e-01;3.2750000e+02;8.2969695e-02;3.2750000e+02;3.6132526e-02;3.2750000e+02;-5.3787967e-03;3.2750000e+02;4.7445563e-03;3.2750000e+02;2.0307094e-02;3.2750000e+02;4.0535614e-02;3.2750000e+02;6.4928062e-02;3.2750000e+02;9.3419328e-02;3.2750000e+02;1.2347470e-01;3.2750000e+02;1.5312636e-01;3.2750000e+02;1.7634541e-01;3.2750000e+02;1.9545126e-01;3.2750000e+02;2.1774825e-01;3.2750000e+02;2.3789437e-01;3.2750000e+02;2.4612373e-01;3.2750000e+02;2.2608858e-01;3.2750000e+02;1.8580940e-01;3.2750000e+02;1.3420953e-01;3.2750000e+02;8.2969695e-02;3.2750000e+02;3.6132526e-02;3.2750000e+02;-5.3787967e-03;3.2750000e+02;4.7445563e-03;3.2750000e+02;2.0307094e-02;3.2750000e+02;4.0535614e-02;3.2750000e+02;6.4928062e-02;3.2750000e+02;9.3419328e-02;3.2750000e+02;1.2347470e-01;3.2750000e+02;1.5312636e-01;3.2750000e+02;1.7634541e-01;3.2750000e+02;1.9545126e-01;3.2750000e+02;2.1774825e-01;3.2750000e+02;2.3789437e-01;3.2750000e+02;2.4612373e-01;3.2750000e+02;2.2608858e-01;3.2750000e+02;1.8580940e-01;3.2750000e+02;1.3420953e-01;3.2750000e+02;8.2969695e-02;3.2750000e+02;3.6132526e-02;3.2750000e+02;-5.3787967e-03;3.2750000e+02;4.7445563e-03;3.2750000e+02;2.0307094e-02;3.2750000e+02;4.0535614e-02;3.2750000e+02;6.4928062e-02;3.2750000e+02;9.3419328e-02;3.2750000e+02;1.2347470e-01;3.2750000e+02;1.5312636e-01;3.2750000e+02;1.7634541e-01;3.2750000e+02;1.9545126e-01;3.2750000e+02;2.1774825e-01;3.2750000e+02;2.3789437e-01;3.2750000e+02;2.4612373e-01;3.2750000e+02;2.2608858e-01;3.2750000e+02;1.8580940e-01;3.2750000e+02;1.3420953e-01;3.2750000e+02;8.2969695e-02;3.2750000e+02;3.6132526e-02;3.2750000e+02;-5.3787967e-03;3.2750000e+02;4.7445563e-03;3.2750000e+02;2.0307094e-02;3.2750000e+02;4.0535614e-02;3.2750000e+02;6.4928062e-02;3.2750000e+02;9.3419328e-02;3.2750000e+02;1.2347470e-01;3.2750000e+02;1.5312636e-01;3.2750000e+02;1.7634541e-01;3.2750000e+02;1.9545126e-01;3.2750000e+02;2.1774825e-01;3.2750000e+02;2.3789437e-01;3.2750000e+02;2.4612373e-01;3.2750000e+02;2.2608858e-01;3.2750000e+02;1.8580940e-01;3.2750000e+02;1.3420953e-01;3.2750000e+02;8.2969695e-02;3.2750000e+02;3.6132526e-02;3.2750000e+02;-5.3787967e-03;3.2750000e+02;4.7445563e-03;3.2750000e+02;2.0307094e-02;3.2750000e+02;4.0535614e-02;3.2750000e+02;6.4928062e-02;3.2750000e+02;9.3419328e-02;3.2750000e+02;1.2347470e-01;3.2750000e+02;1.5312636e-01;3.2750000e+02;1.7634541e-01;3.2750000e+02;1.9545126e-01;3.2750000e+02;2.1774825e-01;3.2750000e+02;2.3789437e-01;3.2750000e+02;2.4612373e-01;3.2750000e+02;2.2608858e-01;3.2750000e+02;1.8580940e-01;3.2750000e+02;1.3420953e-01;3.2750000e+02;8.2969695e-02;3.2750000e+02;3.6132526e-02;3.2750000e+02;-5.3787967e-03;3.2750000e+02;4.7445563e-03;3.2750000e+02;2.0307094e-02;3.2750000e+02;4.0535614e-02;3.2750000e+02;6.4928062e-02;3.2750000e+02;9.3419328e-02;3.2750000e+02;1.2347470e-01;3.2750000e+02;1.5312636e-01;3.2750000e+02;1.7634541e-01;3.2750000e+02;1.9545126e-01;3.2750000e+02;2.1774825e-01;3.2750000e+02;2.3789437e-01;3.2750000e+02;2.4612373e-01;3.2750000e+02;2.2608858e-01;3.2750000e+02;1.8580940e-01;3.2750000e+02;1.3420953e-01;3.2750000e+02;8.2969695e-02;3.2750000e+02;3.6132526e-02;3.2750000e+02;-5.3787967e-03;3.2750000e+02;4.7445563e-03;3.2750000e+02;2.0307094e-02;3.2750000e+02;4.0535614e-02;3.2750000e+02;6.4928062e-02;3.2750000e+02;9.3419328e-02;3.2750000e+02;1.2347470e-01;3.2750000e+02;1.5312636e-01;3.2750000e+02;1.7634541e-01;3.2750000e+02;1.9545126e-01;3.2750000e+02;2.1774825e-01;3.2750000e+02;2.3789437e-01;3.2750000e+02;2.4612373e-01;3.2750000e+02;2.2608858e-01;3.2750000e+02;1.8580940e-01;3.2750000e+02;1.3420953e-01;3.2750000e+02;8.2969695e-02;3.2750000e+02;3.6132526e-02;3.2750000e+02;-5.3787967e-03;3.2750000e+02;4.7445563e-03;3.2750000e+02;2.0307094e-02;3.2750000e+02;4.0535614e-02;3.2750000e+02;6.4928062e-02;3.2750000e+02;9.3419328e-02;3.2750000e+02;1.2347470e-01;3.2750000e+02;1.5312636e-01;3.2750000e+02;1.7634541e-01;3.2750000e+02;1.9545126e-01;3.2750000e+02;2.1774825e-01;3.2750000e+02;2.3789437e-01;3.2750000e+02;2.4612373e-01;3.2750000e+02;2.2608858e-01;3.2750000e+02;1.8580940e-01;3.2750000e+02;1.3420953e-01;3.2750000e+02;8.2969695e-02;3.2750000e+02;3.6132526e-02;3.2750000e+02;-5.3787967e-03;3.2750000e+02;4.7445563e-03;3.2750000e+02;2.0307094e-02;3.2750000e+02;4.0535614e-02;3.2750000e+02;6.4928062e-02;3.2750000e+02;9.3419328e-02;3.2750000e+02;1.2347470e-01;3.2750000e+02;1.5312636e-01;3.2750000e+02;1.7634541e-01;3.2750000e+02;1.9545126e-01;3.2750000e+02;2.1774825e-01;3.2750000e+02;2.3789437e-01;3.2750000e+02;2.4612373e-01;3.2750000e+02;2.2608858e-01;3.2750000e+02;1.8580940e-01;3.2750000e+02;1.3420953e-01;3.2750000e+02;8.2969695e-02;3.2750000e+02;3.6132526e-02;3.2750000e+02;-5.3787967e-03;3.2750000e+02;4.7445563e-03;3.2750000e+02;2.0307094e-02;3.2750000e+02;4.0535614e-02;3.2750000e+02;6.4928062e-02;3.2750000e+02;9.3419328e-02;3.2750000e+02;1.2347470e-01;3.2750000e+02;1.5312636e-01;3.2750000e+02;1.7634541e-01;3.2750000e+02;1.9545126e-01;3.2750000e+02;2.1774825e-01;3.2750000e+02;2.3789437e-01;3.2750000e+02;2.4612373e-01;3.2750000e+02;2.2608858e-01;3.2750000e+02;1.8580940e-01;3.2750000e+02;1.3420953e-01;3.2750000e+02;8.2969695e-02;3.2750000e+02;3.6132526e-02;3.2750000e+02;-5.3787967e-03;3.2750000e+02;4.7445563e-03;3.2750000e+02;2.0307094e-02;3.2750000e+02;4.0535614e-02;3.2750000e+02;6.4928062e-02;3.2750000e+02;9.3419328e-02;3.2750000e+02;1.2347470e-01;3.2750000e+02;1.5312636e-01;3.2750000e+02;1.7634541e-01;3.2750000e+02;1.9545126e-01;3.2750000e+02;2.1774825e-01;3.2750000e+02;2.3789437e-01;3.2750000e+02;2.4612373e-01;3.2750000e+02;2.2608858e-01;3.2750000e+02;1.8580940e-01;3.2750000e+02;1.3420953e-01;3.2750000e+02;8.2969695e-02;3.2750000e+02;3.6132526e-02;3.2750000e+02;-5.3787967e-03;3.2750000e+02;4.7445563e-03;3.2750000e+02;2.0307094e-02;3.2750000e+02;4.0535614e-02;3.2750000e+02;6.4928062e-02;3.2750000e+02;9.3419328e-02;3.2750000e+02;1.2347470e-01;3.2750000e+02;1.5312636e-01;3.2750000e+02;1.7634541e-01;3.2750000e+02;1.9545126e-01;3.2750000e+02;2.1774825e-01;3.2750000e+02;2.3789437e-01;3.2750000e+02;2.4612373e-01;3.2750000e+02;2.2608858e-01;3.2750000e+02;1.8580940e-01;3.2750000e+02;1.3420953e-01;3.2750000e+02;8.2969695e-02;3.2750000e+02;3.6132526e-02;3.2750000e+02;-5.3787967e-03;3.2750000e+02;4.7445563e-03;3.2750000e+02;2.0307094e-02;3.2750000e+02;4.0535614e-02;3.2750000e+02;6.4928062e-02;3.2750000e+02;9.3419328e-02;3.2750000e+02;1.2347470e-01;3.2750000e+02;1.5312636e-01;3.2750000e+02;1.7634541e-01;3.2750000e+02;1.9545126e-01;3.2750000e+02;2.1774825e-01;3.2750000e+02;2.3789437e-01;3.2750000e+02;2.4612373e-01;3.2750000e+02;2.2608858e-01;3.2750000e+02;1.8580940e-01;3.2750000e+02;1.3420953e-01;3.2750000e+02;8.2969695e-02;3.2750000e+02;3.6132526e-02;3.2750000e+02;-5.3787967e-03;3.2750000e+02;4.7445563e-03;3.2750000e+02;2.0307094e-02;3.2750000e+02;4.0535614e-02;3.2750000e+02;6.4928062e-02;3.2750000e+02;9.3419328e-02;3.2750000e+02;1.2347470e-01;3.2750000e+02;1.5312636e-01;3.2750000e+02;1.7634541e-01;3.2750000e+02;1.9545126e-01;3.2750000e+02;2.1774825e-01;3.2750000e+02;2.3789437e-01;3.2750000e+02;2.4612373e-01;3.2750000e+02;2.2608858e-01;3.2750000e+02;1.8580940e-01;3.2750000e+02;1.3420953e-01;3.2750000e+02;8.2969695e-02;3.2750000e+02;3.6132526e-02;3.2750000e+02;-5.3787967e-03;3.2750000e+02;4.7445563e-03;3.2750000e+02;2.0307094e-02;3.2750000e+02;4.0535614e-02;3.2750000e+02;6.4928062e-02;3.2750000e+02;9.3419328e-02;3.2750000e+02;1.2347470e-01;3.2750000e+02;1.5312636e-01;3.2750000e+02;1.7634541e-01;3.2750000e+02;1.9545126e-01;3.2750000e+02;2.1774825e-01;3.2750000e+02;2.3789437e-01;3.2750000e+02;2.4612373e-01;3.2750000e+02;2.2608858e-01;3.2750000e+02;1.8580940e-01;3.2750000e+02;1.3420953e-01;3.2750000e+02;8.2969695e-02;3.2750000e+02;3.6132526e-02;3.2750000e+02;-5.3787967e-03;3.2750000e+02;4.7445563e-03;3.2750000e+02;2.0307094e-02;3.2750000e+02;4.0535614e-02;3.2750000e+02;6.4928062e-02;3.2750000e+02;9.3419328e-02;3.2750000e+02;1.2347470e-01;3.2750000e+02;1.5312636e-01;3.2750000e+02;1.7634541e-01;3.2750000e+02;1.9545126e-01;3.2750000e+02;2.1774825e-01;3.2750000e+02;2.3789437e-01;3.2750000e+02;2.4612373e-01;3.2750000e+02;2.2608858e-01;3.2750000e+02;1.8580940e-01;3.2750000e+02;1.3420953e-01;3.2750000e+02;8.2969695e-02;3.2750000e+02;3.6132526e-02;3.2750000e+02;-5.3787967e-03;3.2750000e+02;4.7445563e-03;3.2750000e+02;2.0307094e-02;3.2750000e+02;4.0535614e-02;3.2750000e+02;6.4928062e-02;3.2750000e+02;9.3419328e-02;3.2750000e+02;1.2347470e-01;3.2750000e+02;1.5312636e-01;3.2750000e+02;1.7634541e-01;3.2750000e+02;1.9545126e-01;3.2750000e+02;2.1774825e-01;3.2750000e+02;2.3789437e-01;3.2750000e+02;2.4612373e-01;3.2750000e+02;2.2608858e-01;3.2750000e+02;1.8580940e-01;3.2750000e+02;1.3420953e-01;3.2750000e+02;8.2969695e-02;3.2750000e+02;3.6132526e-02;3.2750000e+02;-5.3787967e-03;3.2750000e+02;4.7445563e-03;3.2750000e+02;2.0307094e-02;3.2750000e+02;4.0535614e-02;3.2750000e+02;6.4928062e-02;3.2750000e+02;9.3419328e-02;3.2750000e+02;1.2347470e-01;3.2750000e+02;1.5312636e-01;3.2750000e+02;1.7634541e-01;3.2750000e+02;1.9545126e-01;3.2750000e+02;2.1774825e-01;3.2750000e+02;2.3789437e-01;3.2750000e+02;2.4612373e-01;3.2750000e+02;2.2608858e-01;3.2750000e+02;1.8580940e-01;3.2750000e+02;1.3420953e-01;3.2750000e+02;8.2969695e-02;3.2750000e+02;3.6132526e-02;3.2750000e+02;-5.3787967e-03;3.2750000e+02;4.7445563e-03;3.2750000e+02;2.0307094e-02;3.2750000e+02;4.0535614e-02;3.2750000e+02;6.4928062e-02;3.2750000e+02;9.3419328e-02;3.2750000e+02;1.2347470e-01;3.2750000e+02;1.5312636e-01;3.2750000e+02;1.7634541e-01;3.2750000e+02;1.9545126e-01;3.2750000e+02;2.1774825e-01;3.2750000e+02;2.3789437e-01;3.2750000e+02;2.4612373e-01;3.2750000e+02;2.2608858e-01;3.2750000e+02;1.8580940e-01;3.2750000e+02;1.3420953e-01;3.2750000e+02;8.2969695e-02;3.2750000e+02;3.6132526e-02;3.2750000e+02;-5.3787967e-03;3.2750000e+02;4.7445563e-03;3.2750000e+02;2.0307094e-02;3.2750000e+02;4.0535614e-02;3.2750000e+02;6.4928062e-02;3.2750000e+02;9.3419328e-02;3.2750000e+02;1.2347470e-01;3.2750000e+02;1.5312636e-01;3.2750000e+02;1.7634541e-01;3.2750000e+02;1.9545126e-01;3.2750000e+02;2.1774825e-01;3.2750000e+02;2.3789437e-01;3.2750000e+02;2.4612373e-01;3.2750000e+02;2.2608858e-01;3.2750000e+02;1.8580940e-01;3.2750000e+02;1.3420953e-01;3.2750000e+02;8.2969695e-02;3.2750000e+02;3.6132526e-02;3.2750000e+02;-5.3787967e-03;3.2750000e+02;4.7445563e-03;3.2750000e+02;2.0307094e-02;3.2750000e+02;4.0535614e-02;3.2750000e+02;6.4928062e-02;3.2750000e+02;9.3419328e-02;3.2750000e+02;1.2347470e-01;3.2750000e+02;1.5312636e-01;3.2750000e+02;1.7634541e-01;3.2750000e+02;1.9545126e-01;3.2750000e+02;2.1774825e-01;3.2750000e+02;2.3789437e-01;3.2750000e+02;2.4612373e-01;3.2750000e+02;2.2608858e-01;3.2750000e+02;1.8580940e-01;3.2750000e+02;1.3420953e-01;3.2750000e+02;8.2969695e-02;3.2750000e+02;3.6132526e-02;3.2750000e+02;-5.3787967e-03;3.2750000e+02;4.7445563e-03;3.2750000e+02;2.0307094e-02;3.2750000e+02;4.0535614e-02;3.2750000e+02;6.4928062e-02;3.2750000e+02;9.3419328e-02;3.2750000e+02;1.2347470e-01;3.2750000e+02;1.5312636e-01;3.2750000e+02;1.7634541e-01;3.2750000e+02;1.9545126e-01;3.2750000e+02;2.1774825e-01;3.2750000e+02;2.3789437e-01;3.2750000e+02;2.4612373e-01;3.2750000e+02;2.2608858e-01;3.2750000e+02;1.8580940e-01;3.2750000e+02;1.3420953e-01;3.2750000e+02;8.2969695e-02;3.2750000e+02;3.6132526e-02;3.2750000e+02;-5.3787967e-03;3.2750000e+02;4.7445563e-03;3.2750000e+02;2.0307094e-02;3.2750000e+02;4.0535614e-02;3.2750000e+02;6.4928062e-02;3.2750000e+02;9.3419328e-02;3.2750000e+02;1.2347470e-01;3.2750000e+02;1.5312636e-01;3.2750000e+02;1.7634541e-01;3.2750000e+02;1.9545126e-01;3.2750000e+02;2.1774825e-01;3.2750000e+02;2.3789437e-01;3.2750000e+02;2.4612373e-01;3.2750000e+02;2.2608858e-01;3.2750000e+02;1.8580940e-01;3.2750000e+02;1.3420953e-01;3.2750000e+02;8.2969695e-02;3.2750000e+02;3.6132526e-02;3.2750000e+02;-5.3787967e-03;3.2750000e+02;4.7445563e-03;3.2750000e+02;2.0307094e-02;3.2750000e+02;4.0535614e-02;3.2750000e+02;6.4928062e-02;3.2750000e+02;9.3419328e-02;3.2750000e+02;1.2347470e-01;3.2750000e+02;1.5312636e-01;3.2750000e+02;1.7634541e-01;3.2750000e+02;1.9545126e-01;3.2750000e+02;2.1774825e-01;3.2750000e+02;2.3789437e-01;3.2750000e+02;2.4612373e-01;3.2750000e+02;2.2608858e-01;3.2750000e+02;1.8580940e-01;3.2750000e+02;1.3420953e-01;3.2750000e+02;8.2969695e-02;3.2750000e+02;3.6132526e-02;3.2750000e+02;-5.3787967e-03;3.2750000e+02;4.7445563e-03;3.2750000e+02;2.0307094e-02;3.2750000e+02;4.0535614e-02;3.2750000e+02;6.4928062e-02;3.2750000e+02;9.3419328e-02;3.2750000e+02;1.2347470e-01;3.2750000e+02;1.5312636e-01;3.2750000e+02;1.7634541e-01;3.2750000e+02;1.9545126e-01;3.2750000e+02;2.1774825e-01;3.2750000e+02;2.3789437e-01;3.2750000e+02;2.4612373e-01;3.2750000e+02;2.2608858e-01;3.2750000e+02;1.8580940e-01;3.2750000e+02;1.3420953e-01;3.2750000e+02;8.2969695e-02;3.2750000e+02;3.6132526e-02;3.2750000e+02;-5.3787967e-03;3.2750000e+02;4.7445563e-03;3.2750000e+02;2.0307094e-02;3.2750000e+02;4.0535614e-02;3.2750000e+02;6.4928062e-02;3.2750000e+02;9.3419328e-02;3.2750000e+02;1.2347470e-01;3.2750000e+02;1.5312636e-01;3.2750000e+02;1.7634541e-01;3.2750000e+02;1.9545126e-01;3.2750000e+02;2.1774825e-01;3.2750000e+02;2.3789437e-01;3.2750000e+02;2.4612373e-01;3.2750000e+02;2.2608858e-01;3.2750000e+02;1.8580940e-01;3.2750000e+02;1.3420953e-01;3.2750000e+02;8.2969695e-02;3.2750000e+02;3.6132526e-02;3.2750000e+02;-5.3787967e-03;3.2750000e+02;4.7445563e-03;3.2750000e+02;2.0307094e-02;3.2750000e+02;4.0535614e-02;3.2750000e+02;6.4928062e-02;3.2750000e+02;9.3419328e-02;3.2750000e+02;1.2347470e-01;3.2750000e+02;1.5312636e-01;3.2750000e+02;1.7634541e-01;3.2750000e+02;1.9545126e-01;3.2750000e+02;2.1774825e-01;3.2750000e+02;2.3789437e-01;3.2750000e+02;2.4612373e-01;3.2750000e+02;2.2608858e-01;3.2750000e+02;1.8580940e-01;3.2750000e+02;1.3420953e-01;3.2750000e+02;8.2969695e-02;3.2750000e+02;3.6132526e-02;3.2750000e+02;-5.3787967e-03;3.2750000e+02;4.7445563e-03;3.2750000e+02;2.0307094e-02;3.2750000e+02;4.0535614e-02;3.2750000e+02;6.4928062e-02;3.2750000e+02;9.3419328e-02;3.2750000e+02;1.2347470e-01;3.2750000e+02;1.5312636e-01;3.2750000e+02;1.7634541e-01;3.2750000e+02;1.9545126e-01;3.2750000e+02;2.1774825e-01;3.2750000e+02;2.3789437e-01;3.2750000e+02;2.4612373e-01;3.2750000e+02;2.2608858e-01;3.2750000e+02;1.8580940e-01;3.2750000e+02;1.3420953e-01;3.2750000e+02;8.2969695e-02;3.2750000e+02;3.6132526e-02;3.2750000e+02;-5.3787967e-03;3.2750000e+02;4.7445563e-03;3.2750000e+02;2.0307094e-02;3.2750000e+02;4.0535614e-02;3.2750000e+02;6.4928062e-02;3.2750000e+02;9.3419328e-02;3.2750000e+02;1.2347470e-01;3.2750000e+02;1.5312636e-01;3.2750000e+02;1.7634541e-01;3.2750000e+02;1.9545126e-01;3.2750000e+02;2.1774825e-01;3.2750000e+02;2.3789437e-01;3.2750000e+02;2.4612373e-01;3.2750000e+02;2.2608858e-01;3.2750000e+02;1.8580940e-01;3.2750000e+02;1.3420953e-01;3.2750000e+02;8.2969695e-02;3.2750000e+02;3.6132526e-02;3.2750000e+02;-5.3787967e-03;3.2750000e+02;4.7445563e-03;3.2750000e+02;2.0307094e-02;3.2750000e+02;4.0535614e-02;3.2750000e+02;6.4928062e-02;3.2750000e+02;9.3419328e-02;3.2750000e+02;1.2347470e-01;3.2750000e+02;1.5312636e-01;3.2750000e+02;1.7634541e-01;3.2750000e+02;1.9545126e-01;3.2750000e+02;2.1774825e-01;3.2750000e+02;2.3789437e-01;3.2750000e+02;2.4612373e-01;3.2750000e+02;2.2608858e-01;3.2750000e+02;1.8580940e-01;3.2750000e+02;1.3420953e-01;3.2750000e+02;8.2969695e-02;3.2750000e+02;3.6132526e-02;3.2750000e+02;-5.3787967e-03;3.2750000e+02;4.7445563e-03;3.2750000e+02;2.0307094e-02;3.2750000e+02;4.0535614e-02;3.2750000e+02;6.4928062e-02;3.2750000e+02;9.3419328e-02;3.2750000e+02;1.2347470e-01;3.2750000e+02;1.5312636e-01;3.2750000e+02;1.7634541e-01;3.2750000e+02;1.9545126e-01;3.2750000e+02;2.1774825e-01;3.2750000e+02;2.3789437e-01;3.2750000e+02;2.4612373e-01;3.2750000e+02;2.2608858e-01;3.2750000e+02;1.8580940e-01;3.2750000e+02;1.3420953e-01;3.2750000e+02;8.2969695e-02;3.2750000e+02;3.6132526e-02;3.2750000e+02;-5.3787967e-03;3.2750000e+02;4.7445563e-03;3.2750000e+02;2.0307094e-02;3.2750000e+02;4.0535614e-02;3.2750000e+02;6.4928062e-02;3.2750000e+02;9.3419328e-02;3.2750000e+02;1.2347470e-01;3.2750000e+02;1.5312636e-01;3.2750000e+02;1.7634541e-01;3.2750000e+02;1.9545126e-01;3.2750000e+02;2.1774825e-01;3.2750000e+02;2.3789437e-01;3.2750000e+02;2.4612373e-01;3.2750000e+02;2.2608858e-01;3.2750000e+02;1.8580940e-01;3.2750000e+02;1.3420953e-01;3.2750000e+02;8.2969695e-02;3.2750000e+02;3.6132526e-02;3.2750000e+02;-5.3787967e-03;3.2750000e+02;4.7445563e-03;3.2750000e+02;2.0307094e-02;3.2750000e+02;4.0535614e-02;3.2750000e+02;6.4928062e-02;3.2750000e+02;9.3419328e-02;3.2750000e+02;1.2347470e-01;3.2750000e+02;1.5312636e-01;3.2750000e+02;1.7634541e-01;3.2750000e+02;1.9545126e-01;3.2750000e+02;2.1774825e-01;3.2750000e+02;2.3789437e-01;3.2750000e+02;2.4612373e-01;3.2750000e+02;2.2608858e-01;3.2750000e+02;1.8580940e-01;3.2750000e+02;1.3420953e-01;3.2750000e+02;8.2969695e-02;3.2750000e+02;3.6132526e-02;3.2750000e+02;-5.3787967e-03;3.2750000e+02;4.7445563e-03;3.2750000e+02;2.0307094e-02;3.2750000e+02;4.0535614e-02;3.2750000e+02;6.4928062e-02;3.2750000e+02;9.3419328e-02;3.2750000e+02;1.2347470e-01;3.2750000e+02;1.5312636e-01;3.2750000e+02;1.7634541e-01;3.2750000e+02;1.9545126e-01;3.2750000e+02;2.1774825e-01;3.2750000e+02;2.3789437e-01;3.2750000e+02;2.4612373e-01;3.2750000e+02;2.2608858e-01;3.2750000e+02;1.8580940e-01;3.2750000e+02;1.3420953e-01;3.2750000e+02;8.2969695e-02;3.2750000e+02;3.6132526e-02;3.2750000e+02;-5.3787967e-03;3.2750000e+02;4.7445563e-03;3.2750000e+02;2.0307094e-02;3.2750000e+02;4.0535614e-02;3.2750000e+02;6.4928062e-02;3.2750000e+02;9.3419328e-02;3.2750000e+02;1.2347470e-01;3.2750000e+02;1.5312636e-01;3.2750000e+02;1.7634541e-01;3.2750000e+02;1.9545126e-01;3.2750000e+02;2.1774825e-01;3.2750000e+02;2.3789437e-01;3.2750000e+02;2.4612373e-01;3.2750000e+02;2.2608858e-01;3.2750000e+02;1.8580940e-01;3.2750000e+02;1.3420953e-01;3.2750000e+02;8.2969695e-02;3.2750000e+02;3.6132526e-02;3.2750000e+02;-5.3787967e-03;3.2750000e+02;4.7445563e-03;3.2750000e+02;2.0307094e-02;3.2750000e+02;4.0535614e-02;3.2750000e+02;6.4928062e-02;3.2750000e+02;9.3419328e-02;3.2750000e+02;1.2347470e-01;3.2750000e+02;1.5312636e-01;3.2750000e+02;1.7634541e-01;3.2750000e+02;1.9545126e-01;3.2750000e+02;2.1774825e-01;3.2750000e+02;2.3789437e-01;3.2750000e+02;2.4612373e-01;3.2750000e+02;2.2608858e-01;3.2750000e+02;1.8580940e-01;3.2750000e+02;1.3420953e-01;3.2750000e+02;8.2969695e-02;3.2750000e+02;3.6132526e-02;3.2750000e+02;-5.3787967e-03;3.2750000e+02;4.7445563e-03;3.2750000e+02;2.0307094e-02;3.2750000e+02;4.0535614e-02;3.2750000e+02;6.4928062e-02;3.2750000e+02;9.3419328e-02;3.2750000e+02;1.2347470e-01;3.2750000e+02;1.5312636e-01;3.2750000e+02;1.7634541e-01;3.2750000e+02;1.9545126e-01;3.2750000e+02;2.1774825e-01;3.2750000e+02;2.3789437e-01;3.2750000e+02;2.4612373e-01;3.2750000e+02;2.2608858e-01;3.2750000e+02;1.8580940e-01;3.2750000e+02;1.3420953e-01;3.2750000e+02;8.2969695e-02;3.2750000e+02;3.6132526e-02;3.2750000e+02;-5.3787967e-03;3.2750000e+02;4.7445563e-03;3.2750000e+02;2.0307094e-02;3.2750000e+02;4.0535614e-02;3.2750000e+02;6.4928062e-02;3.2750000e+02;9.3419328e-02;3.2750000e+02;1.2347470e-01;3.2750000e+02;1.5312636e-01;3.2750000e+02;1.7634541e-01;3.2750000e+02;1.9545126e-01;3.2750000e+02;2.1774825e-01;3.2750000e+02;2.3789437e-01;3.2750000e+02;2.4612373e-01;3.2750000e+02;2.2608858e-01;3.2750000e+02;1.8580940e-01;3.2750000e+02;1.3420953e-01;3.2750000e+02;8.2969695e-02;3.2750000e+02;3.6132526e-02;3.2750000e+02;-5.3787967e-03;3.2750000e+02;4.7445563e-03;3.2750000e+02;2.0307094e-02;3.2750000e+02;4.0535614e-02;3.2750000e+02;6.4928062e-02;3.2750000e+02;9.3419328e-02;3.2750000e+02;1.2347470e-01;3.2750000e+02;1.5312636e-01;3.2750000e+02;1.7634541e-01;3.2750000e+02;1.9545126e-01;3.2750000e+02;2.1774825e-01;3.2750000e+02;2.3789437e-01;3.2750000e+02;2.4612373e-01;3.2750000e+02;2.2608858e-01;3.2750000e+02;1.8580940e-01;3.2750000e+02;1.3420953e-01;3.2750000e+02;8.2969695e-02;3.2750000e+02;3.6132526e-02;3.2750000e+02;-5.3787967e-03;3.2750000e+02;4.7445563e-03;3.2750000e+02;2.0307094e-02;3.2750000e+02;4.0535614e-02;3.2750000e+02;6.4928062e-02;3.2750000e+02;9.3419328e-02;3.2750000e+02;1.2347470e-01;3.2750000e+02;1.5312636e-01;3.2750000e+02;1.7634541e-01;3.2750000e+02;1.9545126e-01;3.2750000e+02;2.1774825e-01;3.2750000e+02;2.3789437e-01;3.2750000e+02;2.4612373e-01;3.2750000e+02;2.2608858e-01;3.2750000e+02;1.8580940e-01;3.2750000e+02;1.3420953e-01;3.2750000e+02;8.2969695e-02;3.2750000e+02;3.6132526e-02;3.2750000e+02;-5.3787967e-03;3.2750000e+02;4.7445563e-03;3.2750000e+02;2.0307094e-02;3.2750000e+02;4.0535614e-02;3.2750000e+02;6.4928062e-02;3.2750000e+02;9.3419328e-02;3.2750000e+02;1.2347470e-01;3.2750000e+02;1.5312636e-01;3.2750000e+02;1.7634541e-01;3.2750000e+02;1.9545126e-01;3.2750000e+02;2.1774825e-01;3.2750000e+02;2.3789437e-01;3.2750000e+02;2.4612373e-01;3.2750000e+02;2.2608858e-01;3.2750000e+02;1.8580940e-01;3.2750000e+02;1.3420953e-01;3.2750000e+02;8.2969695e-02;3.2750000e+02;3.6132526e-02;3.2750000e+02;-5.3787967e-03;3.2750000e+02;4.7445563e-03;3.2750000e+02;2.0307094e-02;3.2750000e+02;4.0535614e-02;3.2750000e+02;6.4928062e-02;3.2750000e+02;9.3419328e-02;3.2750000e+02;1.2347470e-01;3.2750000e+02;1.5312636e-01;3.2750000e+02;1.7634541e-01;3.2750000e+02;1.9545126e-01;3.2750000e+02;2.1774825e-01;3.2750000e+02;2.3789437e-01;3.2750000e+02;2.4612373e-01;3.2750000e+02;2.2608858e-01;3.2750000e+02;1.8580940e-01;3.2750000e+02;1.3420953e-01;3.2750000e+02;8.2969695e-02;3.2750000e+02;3.6132526e-02;3.2750000e+02;-5.3787967e-03;3.2750000e+02;4.7445563e-03;3.2750000e+02;2.0307094e-02;3.2750000e+02;4.0535614e-02;3.2750000e+02;6.4928062e-02;3.2750000e+02;9.3419328e-02;3.2750000e+02;1.2347470e-01;3.2750000e+02;1.5312636e-01;3.2750000e+02;1.7634541e-01;3.2750000e+02;1.9545126e-01;3.2750000e+02;2.1774825e-01;3.2750000e+02;2.3789437e-01;3.2750000e+02;2.4612373e-01;3.2750000e+02;2.2608858e-01;3.2750000e+02;1.8580940e-01;3.2750000e+02;1.3420953e-01;3.2750000e+02;8.2969695e-02;3.2750000e+02;3.6132526e-02;3.2750000e+02;-5.3787967e-03;3.2750000e+02;4.7445563e-03;3.2750000e+02;2.0307094e-02;3.2750000e+02;4.0535614e-02;3.2750000e+02;6.4928062e-02;3.2750000e+02;9.3419328e-02;3.2750000e+02;1.2347470e-01;3.2750000e+02;1.5312636e-01;3.2750000e+02;1.7634541e-01;3.2750000e+02;1.9545126e-01;3.2750000e+02;2.1774825e-01;3.2750000e+02;2.3789437e-01;3.2750000e+02;2.4612373e-01;3.2750000e+02;2.2608858e-01;3.2750000e+02;1.8580940e-01;3.2750000e+02;1.3420953e-01;3.2750000e+02;8.2969695e-02;3.2750000e+02;3.6132526e-02;3.2750000e+02;-5.3787967e-03;3.2750000e+02;4.7445563e-03;3.2750000e+02;2.0307094e-02;3.2750000e+02;4.0535614e-02;3.2750000e+02;6.4928062e-02;3.2750000e+02;9.3419328e-02;3.2750000e+02;1.2347470e-01;3.2750000e+02;1.5312636e-01;3.2750000e+02;1.7634541e-01;3.2750000e+02;1.9545126e-01;3.2750000e+02;2.1774825e-01;3.2750000e+02;2.3789437e-01;3.2750000e+02;2.4612373e-01;3.2750000e+02;2.2608858e-01;3.2750000e+02;1.8580940e-01;3.2750000e+02;1.3420953e-01;3.2750000e+02;8.2969695e-02;3.2750000e+02;3.6132526e-02;3.2750000e+02;-5.3787967e-03;3.2750000e+02;4.7445563e-03;3.2750000e+02;2.0307094e-02;3.2750000e+02;4.0535614e-02;3.2750000e+02;6.4928062e-02;3.2750000e+02;9.3419328e-02;3.2750000e+02;1.2347470e-01;3.2750000e+02;1.5312636e-01;3.2750000e+02;1.7634541e-01;3.2750000e+02;1.9545126e-01;3.2750000e+02;2.1774825e-01;3.2750000e+02;2.3789437e-01;3.2750000e+02;2.4612373e-01;3.2750000e+02;2.2608858e-01;3.2750000e+02;1.8580940e-01;3.2750000e+02;1.3420953e-01;3.2750000e+02;8.2969695e-02;3.2750000e+02;3.6132526e-02;3.2750000e+02;-5.3787967e-03;3.2750000e+02;4.7445563e-03;3.2750000e+02;2.0307094e-02;3.2750000e+02;4.0535614e-02;3.2750000e+02;6.4928062e-02;3.2750000e+02;9.3419328e-02;3.2750000e+02;1.2347470e-01;3.2750000e+02;1.5312636e-01;3.2750000e+02;1.7634541e-01;3.2750000e+02;1.9545126e-01;3.2750000e+02;2.1774825e-01;3.2750000e+02;2.3789437e-01;3.2750000e+02;2.4612373e-01;3.2750000e+02;2.2608858e-01;3.2750000e+02;1.8580940e-01;3.2750000e+02;1.3420953e-01;3.2750000e+02;8.2969695e-02;3.2750000e+02;3.6132526e-02;3.2750000e+02;-5.3787967e-03;3.2750000e+02;4.7445563e-03;3.2750000e+02;2.0307094e-02;3.2750000e+02;4.0535614e-02;3.2750000e+02;6.4928062e-02;3.2750000e+02;9.3419328e-02;3.2750000e+02;1.2347470e-01;3.2750000e+02;1.5312636e-01;3.2750000e+02;1.7634541e-01;3.2750000e+02;1.9545126e-01;3.2750000e+02;2.1774825e-01;3.2750000e+02;2.3789437e-01;3.2750000e+02;2.4612373e-01;3.2750000e+02;2.2608858e-01;3.2750000e+02;1.8580940e-01;3.2750000e+02;1.3420953e-01;3.2750000e+02;8.2969695e-02;3.2750000e+02;3.6132526e-02;3.2750000e+02;-5.3787967e-03;3.2750000e+02;4.7445563e-03;3.2750000e+02;2.0307094e-02;3.2750000e+02;4.0535614e-02;3.2750000e+02;6.4928062e-02;3.2750000e+02;9.3419328e-02;3.2750000e+02;1.2347470e-01;3.2750000e+02;1.5312636e-01;3.2750000e+02;1.7634541e-01;3.2750000e+02;1.9545126e-01;3.2750000e+02;2.1774825e-01;3.2750000e+02;2.3789437e-01;3.2750000e+02;2.4612373e-01;3.2750000e+02;2.2608858e-01;3.2750000e+02;1.8580940e-01;3.2750000e+02;1.3420953e-01;3.2750000e+02;8.2969695e-02;3.2750000e+02;3.6132526e-02;3.2750000e+02;-5.3787967e-03;3.2750000e+02;4.7445563e-03;3.2750000e+02;2.0307094e-02;3.2750000e+02;4.0535614e-02;3.2750000e+02;6.4928062e-02;3.2750000e+02;9.3419328e-02;3.2750000e+02;1.2347470e-01;3.2750000e+02;1.5312636e-01;3.2750000e+02;1.7634541e-01;3.2750000e+02;1.9545126e-01;3.2750000e+02;2.1774825e-01;3.2750000e+02;2.3789437e-01;3.2750000e+02;2.4612373e-01;3.2750000e+02;2.2608858e-01;3.2750000e+02;1.8580940e-01;3.2750000e+02;1.3420953e-01;3.2750000e+02;8.2969695e-02;3.2750000e+02;3.6132526e-02;3.2750000e+02;-5.3787967e-03;3.2750000e+02;4.7445563e-03;3.2750000e+02;2.0307094e-02;3.2750000e+02;4.0535614e-02;3.2750000e+02;6.4928062e-02;3.2750000e+02;9.3419328e-02;3.2750000e+02;1.2347470e-01;3.2750000e+02;1.5312636e-01;3.2750000e+02;1.7634541e-01;3.2750000e+02;1.9545126e-01;3.2750000e+02;2.1774825e-01;3.2750000e+02;2.3789437e-01;3.2750000e+02;2.4612373e-01;3.2750000e+02;2.2608858e-01;3.2750000e+02;1.8580940e-01;3.2750000e+02;1.3420953e-01;3.2750000e+02;8.2969695e-02;3.2750000e+02;3.6132526e-02;3.2750000e+02;-5.3787967e-03;3.2750000e+02;4.7445563e-03;3.2750000e+02;2.0307094e-02;3.2750000e+02;4.0535614e-02;3.2750000e+02;6.4928062e-02;3.2750000e+02;9.3419328e-02;3.2750000e+02;1.2347470e-01;3.2750000e+02;1.5312636e-01;3.2750000e+02;1.7634541e-01;3.2750000e+02;1.9545126e-01;3.2750000e+02;2.1774825e-01;3.2750000e+02;2.3789437e-01;3.2750000e+02;2.4612373e-01;3.2750000e+02;2.2608858e-01;3.2750000e+02;1.8580940e-01;3.2750000e+02;1.3420953e-01;3.2750000e+02;8.2969695e-02;3.2750000e+02;3.6132526e-02;3.2750000e+02;-5.3787967e-03;3.2750000e+02;4.7445563e-03;3.2750000e+02;2.0307094e-02;3.2750000e+02;4.0535614e-02;3.2750000e+02;6.4928062e-02;3.2750000e+02;9.3419328e-02;3.2750000e+02;1.2347470e-01;3.2750000e+02;1.5312636e-01;3.2750000e+02;1.7634541e-01;3.2750000e+02;1.9545126e-01;3.2750000e+02;2.1774825e-01;3.2750000e+02;2.3789437e-01;3.2750000e+02;2.4612373e-01;3.2750000e+02;2.2608858e-01;3.2750000e+02;1.8580940e-01;3.2750000e+02;1.3420953e-01;3.2750000e+02;8.2969695e-02;3.2750000e+02;3.6132526e-02;3.2750000e+02;-5.3787967e-03;3.2750000e+02;4.7445563e-03;3.2750000e+02;2.0307094e-02;3.2750000e+02;4.0535614e-02;3.2750000e+02;6.4928062e-02;3.2750000e+02;9.3419328e-02;3.2750000e+02;1.2347470e-01;3.2750000e+02;1.5312636e-01;3.2750000e+02;1.7634541e-01;3.2750000e+02;1.9545126e-01;3.2750000e+02;2.1774825e-01;3.2750000e+02;2.3789437e-01;3.2750000e+02;2.4612373e-01;3.2750000e+02;2.2608858e-01;3.2750000e+02;1.8580940e-01;3.2750000e+02;1.3420953e-01;3.2750000e+02;8.2969695e-02;3.2750000e+02;3.6132526e-02;3.2750000e+02;-5.3787967e-03;3.2750000e+02;4.7445563e-03;3.2750000e+02;2.0307094e-02;3.2750000e+02;4.0535614e-02;3.2750000e+02;6.4928062e-02;3.2750000e+02;9.3419328e-02;3.2750000e+02;1.2347470e-01;3.2750000e+02;1.5312636e-01;3.2750000e+02;1.7634541e-01;3.2750000e+02;1.9545126e-01;3.2750000e+02;2.1774825e-01;3.2750000e+02;2.3789437e-01;3.2750000e+02;2.4612373e-01;3.2750000e+02;2.2608858e-01;3.2750000e+02;1.8580940e-01;3.2750000e+02;1.3420953e-01;3.2750000e+02;8.2969695e-02;3.2750000e+02;3.6132526e-02;3.2750000e+02;-5.3787967e-03;3.2750000e+02;4.7445563e-03;3.2750000e+02;2.0307094e-02;3.2750000e+02;4.0535614e-02;3.2750000e+02;6.4928062e-02;3.2750000e+02;9.3419328e-02;3.2750000e+02;1.2347470e-01;3.2750000e+02;1.5312636e-01;3.2750000e+02;1.7634541e-01;3.2750000e+02;1.9545126e-01;3.2750000e+02;2.1774825e-01;3.2750000e+02;2.3789437e-01;3.2750000e+02;2.4612373e-01;3.2750000e+02;2.2608858e-01;3.2750000e+02;1.8580940e-01;3.2750000e+02;1.3420953e-01;3.2750000e+02;8.2969695e-02;3.2750000e+02;3.6132526e-02;3.2750000e+02;-5.3787967e-03;3.2750000e+02;4.7445563e-03;3.2750000e+02;2.0307094e-02;3.2750000e+02;4.0535614e-02;3.2750000e+02;6.4928062e-02;3.2750000e+02;9.3419328e-02;3.2750000e+02;1.2347470e-01;3.2750000e+02;1.5312636e-01;3.2750000e+02;1.7634541e-01;3.2750000e+02;1.9545126e-01;3.2750000e+02;2.1774825e-01;3.2750000e+02;2.3789437e-01;3.2750000e+02;2.4612373e-01;3.2750000e+02;2.2608858e-01;3.2750000e+02;1.8580940e-01;3.2750000e+02;1.3420953e-01;3.2750000e+02;8.2969695e-02;3.2750000e+02;3.6132526e-02;3.2750000e+02;-5.3787967e-03;3.2750000e+02;4.7445563e-03;3.2750000e+02;2.0307094e-02;3.2750000e+02;4.0535614e-02;3.2750000e+02;6.4928062e-02;3.2750000e+02;9.3419328e-02;3.2750000e+02;1.2347470e-01;3.2750000e+02;1.5312636e-01;3.2750000e+02;1.7634541e-01;3.2750000e+02;1.9545126e-01;3.2750000e+02;2.1774825e-01;3.2750000e+02;2.3789437e-01;3.2750000e+02;2.4612373e-01;3.2750000e+02;2.2608858e-01;3.2750000e+02;1.8580940e-01;3.2750000e+02;1.3420953e-01;3.2750000e+02;8.2969695e-02;3.2750000e+02;3.6132526e-02;3.2750000e+02;-5.3787967e-03;3.2750000e+02;4.7445563e-03;3.2750000e+02;2.0307094e-02;3.2750000e+02;4.0535614e-02;3.2750000e+02;6.4928062e-02;3.2750000e+02;9.3419328e-02;3.2750000e+02;1.2347470e-01;3.2750000e+02;1.5312636e-01;3.2750000e+02;1.7634541e-01;3.2750000e+02;1.9545126e-01;3.2750000e+02;2.1774825e-01;3.2750000e+02;2.3789437e-01;3.2750000e+02;2.4612373e-01;3.2750000e+02;2.2608858e-01;3.2750000e+02;1.8580940e-01;3.2750000e+02;1.3420953e-01;3.2750000e+02;8.2969695e-02;3.2750000e+02;3.6132526e-02;3.2750000e+02;-5.3787967e-03;3.2750000e+02;4.7445563e-03;3.2750000e+02;2.0307094e-02;3.2750000e+02;4.0535614e-02;3.2750000e+02;6.4928062e-02;3.2750000e+02;9.3419328e-02;3.2750000e+02;1.2347470e-01;3.2750000e+02;1.5312636e-01;3.2750000e+02;1.7634541e-01;3.2750000e+02;1.9545126e-01;3.2750000e+02;2.1774825e-01;3.2750000e+02;2.3789437e-01;3.2750000e+02;2.4612373e-01;3.2750000e+02;2.2608858e-01;3.2750000e+02;1.8580940e-01;3.2750000e+02;1.3420953e-01;3.2750000e+02;8.2969695e-02;3.2750000e+02;3.6132526e-02;3.2750000e+02;-5.3787967e-03;3.2750000e+02;4.7445563e-03;3.2750000e+02;2.0307094e-02;3.2750000e+02;4.0535614e-02;3.2750000e+02;6.4928062e-02;3.2750000e+02;9.3419328e-02;3.2750000e+02;1.2347470e-01;3.2750000e+02;1.5312636e-01;3.2750000e+02;1.7634541e-01;3.2750000e+02;1.9545126e-01;3.2750000e+02;2.1774825e-01;3.2750000e+02;2.3789437e-01;3.2750000e+02;2.4612373e-01;3.2750000e+02;2.2608858e-01;3.2750000e+02;1.8580940e-01;3.2750000e+02;1.3420953e-01;3.2750000e+02;8.2969695e-02;3.2750000e+02;3.6132526e-02;3.2750000e+02;-5.3787967e-03;3.2750000e+02;4.7445563e-03;3.2750000e+02;2.0307094e-02;3.2750000e+02;4.0535614e-02;3.2750000e+02;6.4928062e-02;3.2750000e+02;9.3419328e-02;3.2750000e+02;1.2347470e-01;3.2750000e+02;1.5312636e-01;3.2750000e+02;1.7634541e-01;3.2750000e+02;1.9545126e-01;3.2750000e+02;2.1774825e-01;3.2750000e+02;2.3789437e-01;3.2750000e+02;2.4612373e-01;3.2750000e+02;2.2608858e-01;3.2750000e+02;1.8580940e-01;3.2750000e+02;1.3420953e-01;3.2750000e+02;8.2969695e-02;3.2750000e+02;3.6132526e-02;3.2750000e+02;-5.3787967e-03;3.2750000e+02;4.7445563e-03;3.2750000e+02;2.0307094e-02;3.2750000e+02;4.0535614e-02;3.2750000e+02;6.4928062e-02;3.2750000e+02;9.3419328e-02;3.2750000e+02;1.2347470e-01;3.2750000e+02;1.5312636e-01;3.2750000e+02;1.7634541e-01;3.2750000e+02;1.9545126e-01;3.2750000e+02;2.1774825e-01;3.2750000e+02;2.3789437e-01;3.2750000e+02;2.4612373e-01;3.2750000e+02;2.2608858e-01;3.2750000e+02;1.8580940e-01;3.2750000e+02;1.3420953e-01;3.2750000e+02;8.2969695e-02;3.2750000e+02;3.6132526e-02;3.2750000e+02;-5.3787967e-03;3.2750000e+02;4.7445563e-03;3.2750000e+02;2.0307094e-02;3.2750000e+02;4.0535614e-02;3.2750000e+02;6.4928062e-02;3.2750000e+02;9.3419328e-02;3.2750000e+02;1.2347470e-01;3.2750000e+02;1.5312636e-01;3.2750000e+02;1.7634541e-01;3.2750000e+02;1.9545126e-01;3.2750000e+02;2.1774825e-01;3.2750000e+02;2.3789437e-01;3.2750000e+02;2.4612373e-01;3.2750000e+02;2.2608858e-01;3.2750000e+02;1.8580940e-01;3.2750000e+02;1.3420953e-01;3.2750000e+02;8.2969695e-02;3.2750000e+02;3.6132526e-02;3.2750000e+02;-5.3787967e-03;3.2750000e+02;4.7445563e-03;3.2750000e+02;2.0307094e-02;3.2750000e+02;4.0535614e-02;3.2750000e+02;6.4928062e-02;3.2750000e+02;9.3419328e-02;3.2750000e+02;1.2347470e-01;3.2750000e+02;1.5312636e-01;3.2750000e+02;1.7634541e-01;3.2750000e+02;1.9545126e-01;3.2750000e+02;2.1774825e-01;3.2750000e+02;2.3789437e-01;3.2750000e+02;2.4612373e-01;3.2750000e+02;2.2608858e-01;3.2750000e+02;1.8580940e-01;3.2750000e+02;1.3420953e-01;3.2750000e+02;8.2969695e-02;3.2750000e+02;3.6132526e-02;3.2750000e+02;-5.3787967e-03;3.2750000e+02;4.7445563e-03;3.2750000e+02;2.0307094e-02;3.2750000e+02;4.0535614e-02;3.2750000e+02;6.4928062e-02;3.2750000e+02;9.3419328e-02;3.2750000e+02;1.2347470e-01;3.2750000e+02;1.5312636e-01;3.2750000e+02;1.7634541e-01;3.2750000e+02;1.9545126e-01;3.2750000e+02;2.1774825e-01;3.2750000e+02;2.3789437e-01;3.2750000e+02;2.4612373e-01;3.2750000e+02;2.2608858e-01;3.2750000e+02;1.8580940e-01;3.2750000e+02;1.3420953e-01;3.2750000e+02;8.2969695e-02;3.2750000e+02;3.6132526e-02;3.2750000e+02;-5.3787967e-03;3.2750000e+02;4.7445563e-03;3.2750000e+02;2.0307094e-02;3.2750000e+02;4.0535614e-02;3.2750000e+02;6.4928062e-02;3.2750000e+02;9.3419328e-02;3.2750000e+02;1.2347470e-01;3.2750000e+02;1.5312636e-01;3.2750000e+02;1.7634541e-01;3.2750000e+02;1.9545126e-01;3.2750000e+02;2.1774825e-01;3.2750000e+02;2.3789437e-01;3.2750000e+02;2.4612373e-01;3.2750000e+02;2.2608858e-01;3.2750000e+02;1.8580940e-01;3.2750000e+02;1.3420953e-01;3.2750000e+02;8.2969695e-02;3.2750000e+02;3.6132526e-02;3.2750000e+02;-5.3787967e-03;3.2750000e+02;4.7445563e-03;3.2750000e+02;2.0307094e-02;3.2750000e+02;4.0535614e-02;3.2750000e+02;6.4928062e-02;3.2750000e+02;9.3419328e-02;3.2750000e+02;1.2347470e-01;3.2750000e+02;1.5312636e-01;3.2750000e+02;1.7634541e-01;3.2750000e+02;1.9545126e-01;3.2750000e+02;2.1774825e-01;3.2750000e+02;2.3789437e-01;3.2750000e+02;2.4612373e-01;3.2750000e+02;2.2608858e-01;3.2750000e+02;1.8580940e-01;3.2750000e+02;1.3420953e-01;3.2750000e+02;8.2969695e-02;3.2750000e+02;3.6132526e-02;3.2750000e+02;-5.3787967e-03;3.2750000e+02;4.7445563e-03;3.2750000e+02;2.0307094e-02;3.2750000e+02;4.0535614e-02;3.2750000e+02;6.4928062e-02;3.2750000e+02;9.3419328e-02;3.2750000e+02;1.2347470e-01;3.2750000e+02;1.5312636e-01;3.2750000e+02;1.7634541e-01;3.2750000e+02;1.9545126e-01;3.2750000e+02;2.1774825e-01;3.2750000e+02;2.3789437e-01;3.2750000e+02;2.4612373e-01;3.2750000e+02;2.2608858e-01;3.2750000e+02;1.8580940e-01;3.2750000e+02;1.3420953e-01;3.2750000e+02;8.2969695e-02;3.2750000e+02;3.6132526e-02;3.2750000e+02;-5.3787967e-03;3.2750000e+02;4.7445563e-03;3.2750000e+02;2.0307094e-02;3.2750000e+02;4.0535614e-02;3.2750000e+02;6.4928062e-02;3.2750000e+02;9.3419328e-02;3.2750000e+02;1.2347470e-01;3.2750000e+02;1.5312636e-01;3.2750000e+02;1.7634541e-01;3.2750000e+02;1.9545126e-01;3.2750000e+02;2.1774825e-01;3.2750000e+02;2.3789437e-01;3.2750000e+02;2.4612373e-01;3.2750000e+02;2.2608858e-01;3.2750000e+02;1.8580940e-01;3.2750000e+02;1.3420953e-01;3.2750000e+02;8.2969695e-02;3.2750000e+02;3.6132526e-02;3.2750000e+02;-5.3787967e-03;3.2750000e+02;4.7445563e-03;3.2750000e+02;2.0307094e-02;3.2750000e+02;4.0535614e-02;3.2750000e+02;6.4928062e-02;3.2750000e+02;9.3419328e-02;3.2750000e+02;1.2347470e-01;3.2750000e+02;1.5312636e-01;3.2750000e+02;1.7634541e-01;3.2750000e+02;1.9545126e-01;3.2750000e+02;2.1774825e-01;3.2750000e+02;2.3789437e-01;3.2750000e+02;2.4612373e-01;3.2750000e+02;2.2608858e-01;3.2750000e+02;1.8580940e-01;3.2750000e+02;1.3420953e-01;3.2750000e+02;8.2969695e-02;3.2750000e+02;3.6132526e-02;3.2750000e+02;-5.3787967e-03;3.2750000e+02;4.7445563e-03;3.2750000e+02;2.0307094e-02;3.2750000e+02;4.0535614e-02;3.2750000e+02;6.4928062e-02;3.2750000e+02;9.3419328e-02;3.2750000e+02;1.2347470e-01;3.2750000e+02;1.5312636e-01;3.2750000e+02;1.7634541e-01;3.2750000e+02;1.9545126e-01;3.2750000e+02;2.1774825e-01;3.2750000e+02;2.3789437e-01;3.2750000e+02;2.4612373e-01;3.2750000e+02;2.2608858e-01;3.2750000e+02;1.8580940e-01;3.2750000e+02;1.3420953e-01;3.2750000e+02;8.2969695e-02;3.2750000e+02;3.6132526e-02;3.2750000e+02;-5.3787967e-03;3.2750000e+02;4.7445563e-03;3.2750000e+02;2.0307094e-02;3.2750000e+02;4.0535614e-02;3.2750000e+02;6.4928062e-02;3.2750000e+02;9.3419328e-02;3.2750000e+02;1.2347470e-01;3.2750000e+02;1.5312636e-01;3.2750000e+02;1.7634541e-01;3.2750000e+02;1.9545126e-01;3.2750000e+02;2.1774825e-01;3.2750000e+02;2.3789437e-01;3.2750000e+02;2.4612373e-01;3.2750000e+02;2.2608858e-01;3.2750000e+02;1.8580940e-01;3.2750000e+02;1.3420953e-01;3.2750000e+02;8.2969695e-02;3.2750000e+02;3.6132526e-02;3.2750000e+02;-5.3787967e-03;3.2750000e+02;4.7445563e-03;3.2750000e+02;2.0307094e-02;3.2750000e+02;4.0535614e-02;3.2750000e+02;6.4928062e-02;3.2750000e+02;9.3419328e-02;3.2750000e+02;1.2347470e-01;3.2750000e+02;1.5312636e-01;3.2750000e+02;1.7634541e-01;3.2750000e+02;1.9545126e-01;3.2750000e+02;2.1774825e-01;3.2750000e+02;2.3789437e-01;3.2750000e+02;2.4612373e-01;3.2750000e+02;2.2608858e-01;3.2750000e+02;1.8580940e-01;3.2750000e+02;1.3420953e-01;3.2750000e+02;8.2969695e-02;3.2750000e+02;3.6132526e-02;3.2750000e+02;-5.3787967e-03;3.2750000e+02;4.7445563e-03;3.2750000e+02;2.0307094e-02;3.2750000e+02;4.0535614e-02;3.2750000e+02;6.4928062e-02;3.2750000e+02;9.3419328e-02;3.2750000e+02;1.2347470e-01;3.2750000e+02;1.5312636e-01;3.2750000e+02;1.7634541e-01;3.2750000e+02;1.9545126e-01;3.2750000e+02;2.1774825e-01;3.2750000e+02;2.3789437e-01;3.2750000e+02;2.4612373e-01;3.2750000e+02;2.2608858e-01;3.2750000e+02;1.8580940e-01;3.2750000e+02;1.3420953e-01;3.2750000e+02;8.2969695e-02;3.2750000e+02;3.6132526e-02;3.2750000e+02;-5.3787967e-03;3.2750000e+02;4.7445563e-03;3.2750000e+02;2.0307094e-02;3.2750000e+02;4.0535614e-02;3.2750000e+02;6.4928062e-02;3.2750000e+02;9.3419328e-02;3.2750000e+02;1.2347470e-01;3.2750000e+02;1.5312636e-01;3.2750000e+02;1.7634541e-01;3.2750000e+02;1.9545126e-01;3.2750000e+02;2.1774825e-01;3.2750000e+02;2.3789437e-01;3.2750000e+02;2.4612373e-01;3.2750000e+02;2.2608858e-01;3.2750000e+02;1.8580940e-01;3.2750000e+02;1.3420953e-01;3.2750000e+02;8.2969695e-02;3.2750000e+02;3.6132526e-02;3.2750000e+02;-5.3787967e-03;3.2750000e+02;4.7445563e-03;3.2750000e+02;2.0307094e-02;3.2750000e+02;4.0535614e-02;3.2750000e+02;6.4928062e-02;3.2750000e+02;9.3419328e-02;3.2750000e+02;1.2347470e-01;3.2750000e+02;1.5312636e-01;3.2750000e+02;1.7634541e-01;3.2750000e+02;1.9545126e-01;3.2750000e+02;2.1774825e-01;3.2750000e+02;2.3789437e-01;3.2750000e+02;2.4612373e-01;3.2750000e+02;2.2608858e-01;3.2750000e+02;1.8580940e-01;3.2750000e+02;1.3420953e-01;3.2750000e+02;8.2969695e-02;3.2750000e+02;3.6132526e-02;3.2750000e+02;-5.3787967e-03;3.2750000e+02;4.7445563e-03;3.2750000e+02;2.0307094e-02;3.2750000e+02;4.0535614e-02;3.2750000e+02;6.4928062e-02;3.2750000e+02;9.3419328e-02;3.2750000e+02;1.2347470e-01;3.2750000e+02;1.5312636e-01;3.2750000e+02;1.7634541e-01;3.2750000e+02;1.9545126e-01;3.2750000e+02;2.1774825e-01;3.2750000e+02;2.3789437e-01;3.2750000e+02;2.4612373e-01;3.2750000e+02;2.2608858e-01;3.2750000e+02;1.8580940e-01;3.2750000e+02;1.3420953e-01;3.2750000e+02;8.2969695e-02;3.2750000e+02;3.6132526e-02;3.2750000e+02;-5.3787967e-03;3.2750000e+02;4.7445563e-03;3.2750000e+02;2.0307094e-02;3.2750000e+02;4.0535614e-02;3.2750000e+02;6.4928062e-02;3.2750000e+02;9.3419328e-02;3.2750000e+02;1.2347470e-01;3.2750000e+02;1.5312636e-01;3.2750000e+02;1.7634541e-01;3.2750000e+02;1.9545126e-01;3.2750000e+02;2.1774825e-01;3.2750000e+02;2.3789437e-01;3.2750000e+02;2.4612373e-01;3.2750000e+02;2.2608858e-01;3.2750000e+02;1.8580940e-01;3.2750000e+02;1.3420953e-01;3.2750000e+02;8.2969695e-02;3.2750000e+02;3.6132526e-02;3.2750000e+02;-5.3787967e-03;3.2750000e+02;4.7445563e-03;3.2750000e+02;2.0307094e-02;3.2750000e+02;4.0535614e-02;3.2750000e+02;6.4928062e-02;3.2750000e+02;9.3419328e-02;3.2750000e+02;1.2347470e-01;3.2750000e+02;1.5312636e-01;3.2750000e+02;1.7634541e-01;3.2750000e+02;1.9545126e-01;3.2750000e+02;2.1774825e-01;3.2750000e+02;2.3789437e-01;3.2750000e+02;2.4612373e-01;3.2750000e+02;2.2608858e-01;3.2750000e+02;1.8580940e-01;3.2750000e+02;1.3420953e-01;3.2750000e+02;8.2969695e-02;3.2750000e+02;3.6132526e-02;3.2750000e+02;-5.3787967e-03;3.2750000e+02;4.7445563e-03;3.2750000e+02;2.0307094e-02;3.2750000e+02;4.0535614e-02;3.2750000e+02;6.4928062e-02;3.2750000e+02;9.3419328e-02;3.2750000e+02;1.2347470e-01;3.2750000e+02;1.5312636e-01;3.2750000e+02;1.7634541e-01;3.2750000e+02;1.9545126e-01;3.2750000e+02;2.1774825e-01;3.2750000e+02;2.3789437e-01;3.2750000e+02;2.4612373e-01;3.2750000e+02;2.2608858e-01;3.2750000e+02;1.8580940e-01;3.2750000e+02;1.3420953e-01;3.2750000e+02;8.2969695e-02;3.2750000e+02;3.6132526e-02;3.2750000e+02;-5.3787967e-03;3.2750000e+02;4.7445563e-03;3.2750000e+02;2.0307094e-02;3.2750000e+02;4.0535614e-02;3.2750000e+02;6.4928062e-02;3.2750000e+02;9.3419328e-02;3.2750000e+02;1.2347470e-01;3.2750000e+02;1.5312636e-01;3.2750000e+02;1.7634541e-01;3.2750000e+02;1.9545126e-01;3.2750000e+02;2.1774825e-01;3.2750000e+02;2.3789437e-01;3.2750000e+02;2.4612373e-01;3.2750000e+02;2.2608858e-01;3.2750000e+02;1.8580940e-01;3.2750000e+02;1.3420953e-01;3.2750000e+02;8.2969695e-02;3.2750000e+02;3.6132526e-02;3.2750000e+02;-5.3787967e-03;3.2750000e+02;4.7445563e-03;3.2750000e+02;2.0307094e-02;3.2750000e+02;4.0535614e-02;3.2750000e+02;6.4928062e-02;3.2750000e+02;9.3419328e-02;3.2750000e+02;1.2347470e-01;3.2750000e+02;1.5312636e-01;3.2750000e+02;1.7634541e-01;3.2750000e+02;1.9545126e-01;3.2750000e+02;2.1774825e-01;3.2750000e+02;2.3789437e-01;3.2750000e+02;2.4612373e-01;3.2750000e+02;2.2608858e-01;3.2750000e+02;1.8580940e-01;3.2750000e+02;1.3420953e-01;3.2750000e+02;8.2969695e-02;3.2750000e+02;3.6132526e-02;3.2750000e+02;-5.3787967e-03;3.2750000e+02;4.7445563e-03;3.2750000e+02;2.0307094e-02;3.2750000e+02;4.0535614e-02;3.2750000e+02;6.4928062e-02;3.2750000e+02;9.3419328e-02;3.2750000e+02;1.2347470e-01;3.2750000e+02;1.5312636e-01;3.2750000e+02;1.7634541e-01;3.2750000e+02;1.9545126e-01;3.2750000e+02;2.1774825e-01;3.2750000e+02;2.3789437e-01;3.2750000e+02;2.4612373e-01;3.2750000e+02;2.2608858e-01;3.2750000e+02;1.8580940e-01;3.2750000e+02;1.3420953e-01;3.2750000e+02;8.2969695e-02;3.2750000e+02;3.6132526e-02;3.2750000e+02;-5.3787967e-03;3.2750000e+02;4.7445563e-03;3.2750000e+02;2.0307094e-02;3.2750000e+02;4.0535614e-02;3.2750000e+02;6.4928062e-02;3.2750000e+02;9.3419328e-02;3.2750000e+02;1.2347470e-01;3.2750000e+02;1.5312636e-01;3.2750000e+02;1.7634541e-01;3.2750000e+02;1.9545126e-01;3.2750000e+02;2.1774825e-01;3.2750000e+02;2.3789437e-01;3.2750000e+02;2.4612373e-01;3.2750000e+02;2.2608858e-01;3.2750000e+02;1.8580940e-01;3.2750000e+02;1.3420953e-01;3.2750000e+02;8.2969695e-02;3.2750000e+02;3.6132526e-02;3.2750000e+02;-5.3787967e-03;3.2750000e+02;4.7445563e-03;3.2750000e+02;2.0307094e-02;3.2750000e+02;4.0535614e-02;3.2750000e+02;6.4928062e-02;3.2750000e+02;9.3419328e-02;3.2750000e+02;1.2347470e-01;3.2750000e+02;1.5312636e-01;3.2750000e+02;1.7634541e-01;3.2750000e+02;1.9545126e-01;3.2750000e+02;2.1774825e-01;3.2750000e+02;2.3789437e-01;3.2750000e+02;2.4612373e-01;3.2750000e+02;2.2608858e-01;3.2750000e+02;1.8580940e-01;3.2750000e+02;1.3420953e-01;3.2750000e+02;8.2969695e-02;3.2750000e+02;3.6132526e-02;3.2750000e+02;-5.3787967e-03;3.2750000e+02;4.7445563e-03;3.2750000e+02;2.0307094e-02;3.2750000e+02;4.0535614e-02;3.2750000e+02;6.4928062e-02;3.2750000e+02;9.3419328e-02;3.2750000e+02;1.2347470e-01;3.2750000e+02;1.5312636e-01;3.2750000e+02;1.7634541e-01;3.2750000e+02;1.9545126e-01;3.2750000e+02;2.1774825e-01;3.2750000e+02;2.3789437e-01;3.2750000e+02;2.4612373e-01;3.2750000e+02;2.2608858e-01;3.2750000e+02;1.8580940e-01;3.2750000e+02;1.3420953e-01;3.2750000e+02;8.2969695e-02;3.2750000e+02;3.6132526e-02;3.2750000e+02;-5.3787967e-03;3.2750000e+02;4.7445563e-03;3.2750000e+02;2.0307094e-02;3.2750000e+02;4.0535614e-02;3.2750000e+02;6.4928062e-02;3.2750000e+02;9.3419328e-02;3.2750000e+02;1.2347470e-01;3.2750000e+02;1.5312636e-01;3.2750000e+02;1.7634541e-01;3.2750000e+02;1.9545126e-01;3.2750000e+02;2.1774825e-01;3.2750000e+02;2.3789437e-01;3.2750000e+02;2.4612373e-01;3.2750000e+02;2.2608858e-01;3.2750000e+02;1.8580940e-01;3.2750000e+02;1.3420953e-01;3.2750000e+02;8.2969695e-02;3.2750000e+02;3.6132526e-02;3.2750000e+02;-5.3787967e-03;3.2750000e+02;4.7445563e-03;3.2750000e+02;2.0307094e-02;3.2750000e+02;4.0535614e-02;3.2750000e+02;6.4928062e-02;3.2750000e+02;9.3419328e-02;3.2750000e+02;1.2347470e-01;3.2750000e+02;1.5312636e-01;3.2750000e+02;1.7634541e-01;3.2750000e+02;1.9545126e-01;3.2750000e+02;2.1774825e-01;3.2750000e+02;2.3789437e-01;3.2750000e+02;2.4612373e-01;3.2750000e+02;2.2608858e-01;3.2750000e+02;1.8580940e-01;3.2750000e+02;1.3420953e-01;3.2750000e+02;8.2969695e-02;3.2750000e+02;3.6132526e-02;3.2750000e+02;-5.3787967e-03;3.2750000e+02;4.7445563e-03;3.2750000e+02;2.0307094e-02;3.2750000e+02;4.0535614e-02;3.2750000e+02;6.4928062e-02;3.2750000e+02;9.3419328e-02;3.2750000e+02;1.2347470e-01;3.2750000e+02;1.5312636e-01;3.2750000e+02;1.7634541e-01;3.2750000e+02;1.9545126e-01;3.2750000e+02;2.1774825e-01;3.2750000e+02;2.3789437e-01;3.2750000e+02;2.4612373e-01;3.2750000e+02;2.2608858e-01;3.2750000e+02;1.8580940e-01;3.2750000e+02;1.3420953e-01;3.2750000e+02;8.2969695e-02;3.2750000e+02;3.6132526e-02;3.2750000e+02;-5.3787967e-03;3.2750000e+02;4.7445563e-03;3.2750000e+02;2.0307094e-02;3.2750000e+02;4.0535614e-02;3.2750000e+02;6.4928062e-02;3.2750000e+02;9.3419328e-02;3.2750000e+02;1.2347470e-01;3.2750000e+02;1.5312636e-01;3.2750000e+02;1.7634541e-01;3.2750000e+02;1.9545126e-01;3.2750000e+02;2.1774825e-01;3.2750000e+02;2.3789437e-01;3.2750000e+02;2.4612373e-01;3.2750000e+02;2.2608858e-01;3.2750000e+02;1.8580940e-01;3.2750000e+02;1.3420953e-01;3.2750000e+02;8.2969695e-02;3.2750000e+02;3.6132526e-02;3.2750000e+02;-5.3787967e-03;3.2750000e+02;4.7445563e-03;3.2750000e+02;2.0307094e-02;3.2750000e+02;4.0535614e-02;3.2750000e+02;6.4928062e-02;3.2750000e+02;9.3419328e-02;3.2750000e+02;1.2347470e-01;3.2750000e+02;1.5312636e-01;3.2750000e+02;1.7634541e-01;3.2750000e+02;1.9545126e-01;3.2750000e+02;2.1774825e-01;3.2750000e+02;2.3789437e-01;3.2750000e+02;2.4612373e-01;3.2750000e+02;2.2608858e-01;3.2750000e+02;1.8580940e-01;3.2750000e+02;1.3420953e-01;3.2750000e+02;8.2969695e-02;3.2750000e+02;3.6132526e-02;3.2750000e+02;-5.3787967e-03;3.2750000e+02;4.7445563e-03;3.2750000e+02;2.0307094e-02;3.2750000e+02;4.0535614e-02;3.2750000e+02;6.4928062e-02;3.2750000e+02;9.3419328e-02;3.2750000e+02;1.2347470e-01;3.2750000e+02;1.5312636e-01;3.2750000e+02;1.7634541e-01;3.2750000e+02;1.9545126e-01;3.2750000e+02;2.1774825e-01;3.2750000e+02;2.3789437e-01;3.2750000e+02;2.4612373e-01;3.2750000e+02;2.2608858e-01;3.2750000e+02;1.8580940e-01;3.2750000e+02;1.3420953e-01;3.2750000e+02;8.2969695e-02;3.2750000e+02;3.6132526e-02;3.2750000e+02;-5.3787967e-03;3.2750000e+02;4.7445563e-03;3.2750000e+02;2.0307094e-02;3.2750000e+02;4.0535614e-02;3.2750000e+02;6.4928062e-02;3.2750000e+02;9.3419328e-02;3.2750000e+02;1.2347470e-01;3.2750000e+02;1.5312636e-01;3.2750000e+02;1.7634541e-01;3.2750000e+02;1.9545126e-01;3.2750000e+02;2.1774825e-01;3.2750000e+02;2.3789437e-01;3.2750000e+02;2.4612373e-01;3.2750000e+02;2.2608858e-01;3.2750000e+02;1.8580940e-01;3.2750000e+02;1.3420953e-01;3.2750000e+02;8.2969695e-02;3.2750000e+02;3.6132526e-02;3.2750000e+02;-5.3787967e-03;3.2750000e+02;4.7445563e-03;3.2750000e+02;2.0307094e-02;3.2750000e+02;4.0535614e-02;3.2750000e+02;6.4928062e-02;3.2750000e+02;9.3419328e-02;3.2750000e+02;1.2347470e-01;3.2750000e+02;1.5312636e-01;3.2750000e+02;1.7634541e-01;3.2750000e+02;1.9545126e-01;3.2750000e+02;2.1774825e-01;3.2750000e+02;2.3789437e-01;3.2750000e+02;2.4612373e-01;3.2750000e+02;2.2608858e-01;3.2750000e+02;1.8580940e-01;3.2750000e+02;1.3420953e-01;3.2750000e+02;8.2969695e-02;3.2750000e+02;3.6132526e-02;3.2750000e+02;-5.3787967e-03;3.2750000e+02;4.7445563e-03;3.2750000e+02;2.0307094e-02;3.2750000e+02;4.0535614e-02;3.2750000e+02;6.4928062e-02;3.2750000e+02;9.3419328e-02;3.2750000e+02;1.2347470e-01;3.2750000e+02;1.5312636e-01;3.2750000e+02;1.7634541e-01;3.2750000e+02;1.9545126e-01;3.2750000e+02;2.1774825e-01;3.2750000e+02;2.3789437e-01;3.2750000e+02;2.4612373e-01;3.2750000e+02;2.2608858e-01;3.2750000e+02;1.8580940e-01;3.2750000e+02;1.3420953e-01;3.2750000e+02;8.2969695e-02;3.2750000e+02;3.6132526e-02;3.2750000e+02;-5.3787967e-03;3.2750000e+02;4.7445563e-03;3.2750000e+02;2.0307094e-02;3.2750000e+02;4.0535614e-02;3.2750000e+02;6.4928062e-02;3.2750000e+02;9.3419328e-02;3.2750000e+02;1.2347470e-01;3.2750000e+02;1.5312636e-01;3.2750000e+02;1.7634541e-01;3.2750000e+02;1.9545126e-01;3.2750000e+02;2.1774825e-01;3.2750000e+02;2.3789437e-01;3.2750000e+02;2.4612373e-01;3.2750000e+02;2.2608858e-01;3.2750000e+02;1.8580940e-01;3.2750000e+02;1.3420953e-01;3.2750000e+02;8.2969695e-02;3.2750000e+02;3.6132526e-02;3.2750000e+02;-5.3787967e-03;3.2750000e+02;4.7445563e-03;3.2750000e+02;2.0307094e-02;3.2750000e+02;4.0535614e-02;3.2750000e+02;6.4928062e-02;3.2750000e+02;9.3419328e-02;3.2750000e+02;1.2347470e-01;3.2750000e+02;1.5312636e-01;3.2750000e+02;1.7634541e-01;3.2750000e+02;1.9545126e-01;3.2750000e+02;2.1774825e-01;3.2750000e+02;2.3789437e-01;3.2750000e+02;2.4612373e-01;3.2750000e+02;2.2608858e-01;3.2750000e+02;1.8580940e-01;3.2750000e+02;1.3420953e-01;3.2750000e+02;8.2969695e-02;3.2750000e+02;3.6132526e-02;3.2750000e+02;-5.3787967e-03;3.2750000e+02;4.7445563e-03;3.2750000e+02;2.0307094e-02;3.2750000e+02;4.0535614e-02;3.2750000e+02;6.4928062e-02;3.2750000e+02;9.3419328e-02;3.2750000e+02;1.2347470e-01;3.2750000e+02;1.5312636e-01;3.2750000e+02;1.7634541e-01;3.2750000e+02;1.9545126e-01;3.2750000e+02;2.1774825e-01;3.2750000e+02;2.3789437e-01;3.2750000e+02;2.4612373e-01;3.2750000e+02;2.2608858e-01;3.2750000e+02;1.8580940e-01;3.2750000e+02;1.3420953e-01;3.2750000e+02;8.2969695e-02;3.2750000e+02;3.6132526e-02;3.2750000e+02;-5.3787967e-03;3.2750000e+02;4.7445563e-03;3.2750000e+02;2.0307094e-02;3.2750000e+02;4.0535614e-02;3.2750000e+02;6.4928062e-02;3.2750000e+02;9.3419328e-02;3.2750000e+02;1.2347470e-01;3.2750000e+02;1.5312636e-01;3.2750000e+02;1.7634541e-01;3.2750000e+02;1.9545126e-01;3.2750000e+02;2.1774825e-01;3.2750000e+02;2.3789437e-01;3.2750000e+02;2.4612373e-01;3.2750000e+02;2.2608858e-01;3.2750000e+02;1.8580940e-01;3.2750000e+02;1.3420953e-01;3.2750000e+02;8.2969695e-02;3.2750000e+02;3.6132526e-02;3.2750000e+02;-5.3787967e-03;3.2750000e+02;4.7445563e-03;3.2750000e+02;2.0307094e-02;3.2750000e+02;4.0535614e-02;3.2750000e+02;6.4928062e-02;3.2750000e+02;9.3419328e-02;3.2750000e+02;1.2347470e-01;3.2750000e+02;1.5312636e-01;3.2750000e+02;1.7634541e-01;3.2750000e+02;1.9545126e-01;3.2750000e+02;2.1774825e-01;3.2750000e+02;2.3789437e-01;3.2750000e+02;2.4612373e-01;3.2750000e+02;2.2608858e-01;3.2750000e+02;1.8580940e-01;3.2750000e+02;1.3420953e-01;3.2750000e+02;8.2969695e-02;3.2750000e+02;3.6132526e-02;3.2750000e+02;-5.3787967e-03;3.2750000e+02;4.7445563e-03;3.2750000e+02;2.0307094e-02;3.2750000e+02;4.0535614e-02;3.2750000e+02;6.4928062e-02;3.2750000e+02;9.3419328e-02;3.2750000e+02;1.2347470e-01;3.2750000e+02;1.5312636e-01;3.2750000e+02;1.7634541e-01;3.2750000e+02;1.9545126e-01;3.2750000e+02;2.1774825e-01;3.2750000e+02;2.3789437e-01;3.2750000e+02;2.4612373e-01;3.2750000e+02;2.2608858e-01;3.2750000e+02;1.8580940e-01;3.2750000e+02;1.3420953e-01;3.2750000e+02;8.2969695e-02;3.2750000e+02;3.6132526e-02;3.2750000e+02;-5.3787967e-03;3.2750000e+02;4.7445563e-03;3.2750000e+02;2.0307094e-02;3.2750000e+02;4.0535614e-02;3.2750000e+02;6.4928062e-02;3.2750000e+02;9.3419328e-02;3.2750000e+02;1.2347470e-01;3.2750000e+02;1.5312636e-01;3.2750000e+02;1.7634541e-01;3.2750000e+02;1.9545126e-01;3.2750000e+02;2.1774825e-01;3.2750000e+02;2.3789437e-01;3.2750000e+02;2.4612373e-01;3.2750000e+02;2.2608858e-01;3.2750000e+02;1.8580940e-01;3.2750000e+02;1.3420953e-01;3.2750000e+02;8.2969695e-02;3.2750000e+02;3.6132526e-02;3.2750000e+02;-5.3787967e-03;3.2750000e+02;4.7445563e-03;3.2750000e+02;2.0307094e-02;3.2750000e+02;4.0535614e-02;3.2750000e+02;6.4928062e-02;3.2750000e+02;9.3419328e-02;3.2750000e+02;1.2347470e-01;3.2750000e+02;1.5312636e-01;3.2750000e+02;1.7634541e-01;3.2750000e+02;1.9545126e-01;3.2750000e+02;2.1774825e-01;3.2750000e+02;2.3789437e-01;3.2750000e+02;2.4612373e-01;3.2750000e+02;2.2608858e-01;3.2750000e+02;1.8580940e-01;3.2750000e+02;1.3420953e-01;3.2750000e+02;8.2969695e-02;3.2750000e+02;3.6132526e-02;3.2750000e+02;-5.3787967e-03;3.2750000e+02;4.7445563e-03;3.2750000e+02;2.0307094e-02;3.2750000e+02;4.0535614e-02;3.2750000e+02;6.4928062e-02;3.2750000e+02;9.3419328e-02;3.2750000e+02;1.2347470e-01;3.2750000e+02;1.5312636e-01;3.2750000e+02;1.7634541e-01;3.2750000e+02;1.9545126e-01;3.2750000e+02;2.1774825e-01;3.2750000e+02;2.3789437e-01;3.2750000e+02;2.4612373e-01;3.2750000e+02;2.2608858e-01;3.2750000e+02;1.8580940e-01;3.2750000e+02;1.3420953e-01;3.2750000e+02;8.2969695e-02;3.2750000e+02;3.6132526e-02;3.2750000e+02;-5.3787967e-03;3.2750000e+02;4.7445563e-03;3.2750000e+02;2.0307094e-02;3.2750000e+02;4.0535614e-02;3.2750000e+02;6.4928062e-02;3.2750000e+02;9.3419328e-02;3.2750000e+02;1.2347470e-01;3.2750000e+02;1.5312636e-01;3.2750000e+02;1.7634541e-01;3.2750000e+02;1.9545126e-01;3.2750000e+02;2.1774825e-01;3.2750000e+02;2.3789437e-01;3.2750000e+02;2.4612373e-01;3.2750000e+02;2.2608858e-01;3.2750000e+02;1.8580940e-01;3.2750000e+02;1.3420953e-01;3.2750000e+02;8.2969695e-02;3.2750000e+02;3.6132526e-02;3.2750000e+02;-5.3787967e-03;3.2750000e+02;4.7445563e-03;3.2750000e+02;2.0307094e-02;3.2750000e+02;4.0535614e-02;3.2750000e+02;6.4928062e-02;3.2750000e+02;9.3419328e-02;3.2750000e+02;1.2347470e-01;3.2750000e+02;1.5312636e-01;3.2750000e+02;1.7634541e-01;3.2750000e+02;1.9545126e-01;3.2750000e+02;2.1774825e-01;3.2750000e+02;2.3789437e-01;3.2750000e+02;2.4612373e-01;3.2750000e+02;2.2608858e-01;3.2750000e+02;1.8580940e-01;3.2750000e+02;1.3420953e-01;3.2750000e+02;8.2969695e-02;3.2750000e+02;3.6132526e-02;3.2750000e+02;-5.3787967e-03;3.2750000e+02;4.7445563e-03;3.2750000e+02;2.0307094e-02;3.2750000e+02;4.0535614e-02;3.2750000e+02;6.4928062e-02;3.2750000e+02;9.3419328e-02;3.2750000e+02;1.2347470e-01;3.2750000e+02;1.5312636e-01;3.2750000e+02;1.7634541e-01;3.2750000e+02;1.9545126e-01;3.2750000e+02;2.1774825e-01;3.2750000e+02;2.3789437e-01;3.2750000e+02;2.4612373e-01;3.2750000e+02;2.2608858e-01;3.2750000e+02;1.8580940e-01;3.2750000e+02;1.3420953e-01;3.2750000e+02;8.2969695e-02;3.2750000e+02;3.6132526e-02;3.2750000e+02;-5.3787967e-03;3.2750000e+02;4.7445563e-03;3.2750000e+02;2.0307094e-02;3.2750000e+02;4.0535614e-02;3.2750000e+02;6.4928062e-02;3.2750000e+02;9.3419328e-02;3.2750000e+02;1.2347470e-01;3.2750000e+02;1.5312636e-01;3.2750000e+02;1.7634541e-01;3.2750000e+02;1.9545126e-01;3.2750000e+02;2.1774825e-01;3.2750000e+02;2.3789437e-01;3.2750000e+02;2.4612373e-01;3.2750000e+02;2.2608858e-01;3.2750000e+02;1.8580940e-01;3.2750000e+02;1.3420953e-01;3.2750000e+02;8.2969695e-02;3.2750000e+02;3.6132526e-02;3.2750000e+02;-5.3787967e-03;3.2750000e+02;4.7445563e-03;3.2750000e+02;2.0307094e-02;3.2750000e+02;4.0535614e-02;3.2750000e+02;6.4928062e-02;3.2750000e+02;9.3419328e-02;3.2750000e+02;1.2347470e-01;3.2750000e+02;1.5312636e-01;3.2750000e+02;1.7634541e-01;3.2750000e+02;1.9545126e-01;3.2750000e+02;2.1774825e-01;3.2750000e+02;2.3789437e-01;3.2750000e+02;2.4612373e-01;3.2750000e+02;2.2608858e-01;3.2750000e+02;1.8580940e-01;3.2750000e+02;1.3420953e-01;3.2750000e+02;8.2969695e-02;3.2750000e+02;3.6132526e-02;3.2750000e+02;-5.3787967e-03;3.2750000e+02;4.7445563e-03;3.2750000e+02;2.0307094e-02;3.2750000e+02;4.0535614e-02;3.2750000e+02;6.4928062e-02;3.2750000e+02;9.3419328e-02;3.2750000e+02;1.2347470e-01;3.2750000e+02;1.5312636e-01;3.2750000e+02;1.7634541e-01;3.2750000e+02;1.9545126e-01;3.2750000e+02;2.1774825e-01;3.2750000e+02;2.3789437e-01;3.2750000e+02;2.4612373e-01;3.2750000e+02;2.2608858e-01;3.2750000e+02;1.8580940e-01;3.2750000e+02;1.3420953e-01;3.2750000e+02;8.2969695e-02;3.2750000e+02;3.6132526e-02;3.2750000e+02;-5.3787967e-03;3.2750000e+02;4.7445563e-03;3.2750000e+02;2.0307094e-02;3.2750000e+02;4.0535614e-02;3.2750000e+02;6.4928062e-02;3.2750000e+02;9.3419328e-02;3.2750000e+02;1.2347470e-01;3.2750000e+02;1.5312636e-01;3.2750000e+02;1.7634541e-01;3.2750000e+02;1.9545126e-01;3.2750000e+02;2.1774825e-01;3.2750000e+02;2.3789437e-01;3.2750000e+02;2.4612373e-01;3.2750000e+02;2.2608858e-01;3.2750000e+02;1.8580940e-01;3.2750000e+02;1.3420953e-01;3.2750000e+02;8.2969695e-02;3.2750000e+02;3.6132526e-02;3.2750000e+02;-5.3787967e-03;3.2750000e+02;4.7445563e-03;3.2750000e+02;2.0307094e-02;3.2750000e+02;4.0535614e-02;3.2750000e+02;6.4928062e-02;3.2750000e+02;9.3419328e-02;3.2750000e+02;1.2347470e-01;3.2750000e+02;1.5312636e-01;3.2750000e+02;1.7634541e-01;3.2750000e+02;1.9545126e-01;3.2750000e+02;2.1774825e-01;3.2750000e+02;2.3789437e-01;3.2750000e+02;2.4612373e-01;3.2750000e+02;2.2608858e-01;3.2750000e+02;1.8580940e-01;3.2750000e+02;1.3420953e-01;3.2750000e+02;8.2969695e-02;3.2750000e+02;3.6132526e-02;3.2750000e+02;-5.3787967e-03;3.2750000e+02;4.7445563e-03;3.2750000e+02;2.0307094e-02;3.2750000e+02;4.0535614e-02;3.2750000e+02;6.4928062e-02;3.2750000e+02;9.3419328e-02;3.2750000e+02;1.2347470e-01;3.2750000e+02;1.5312636e-01;3.2750000e+02;1.7634541e-01;3.2750000e+02;1.9545126e-01;3.2750000e+02;2.1774825e-01;3.2750000e+02;2.3789437e-01;3.2750000e+02;2.4612373e-01;3.2750000e+02;2.2608858e-01;3.2750000e+02;1.8580940e-01;3.2750000e+02;1.3420953e-01;3.2750000e+02;8.2969695e-02;3.2750000e+02;3.6132526e-02;3.2750000e+02;-5.3787967e-03;3.2750000e+02;4.7445563e-03;3.2750000e+02;2.0307094e-02;3.2750000e+02;4.0535614e-02;3.2750000e+02;6.4928062e-02;3.2750000e+02;9.3419328e-02;3.2750000e+02;1.2347470e-01;3.2750000e+02;1.5312636e-01;3.2750000e+02;1.7634541e-01;3.2750000e+02;1.9545126e-01;3.2750000e+02;2.1774825e-01;3.2750000e+02;2.3789437e-01;3.2750000e+02;2.4612373e-01;3.2750000e+02;2.2608858e-01;3.2750000e+02;1.8580940e-01;3.2750000e+02;1.3420953e-01;3.2750000e+02;8.2969695e-02;3.2750000e+02;3.6132526e-02
3.3250000e+02;-7.0990236e-03;3.3250000e+02;1.2616068e-03;3.3250000e+02;1.5310822e-02;3.3250000e+02;3.3979438e-02;3.3250000e+02;5.7961859e-02;3.3250000e+02;8.4940366e-02;3.3250000e+02;1.1358834e-01;3.3250000e+02;1.3890752e-01;3.3250000e+02;1.5993889e-01;3.3250000e+02;1.7930967e-01;3.3250000e+02;2.0386209e-01;3.3250000e+02;2.2758831e-01;3.3250000e+02;2.3862495e-01;3.3250000e+02;2.2153926e-01;3.3250000e+02;1.8327041e-01;3.3250000e+02;1.3275301e-01;3.3250000e+02;8.1584260e-02;3.3250000e+02;3.4691215e-02;3.3250000e+02;-7.0990236e-03;3.3250000e+02;1.2616068e-03;3.3250000e+02;1.5310822e-02;3.3250000e+02;3.3979438e-02;3.3250000e+02;5.7961859e-02;3.3250000e+02;8.4940366e-02;3.3250000e+02;1.1358834e-01;3.3250000e+02;1.3890752e-01;3.3250000e+02;1.5993889e-01;3.3250000e+02;1.7930967e-01;3.3250000e+02;2.0386209e-01;3.3250000e+02;2.2758831e-01;3.3250000e+02;2.3862495e-01;3.3250000e+02;2.2153926e-01;3.3250000e+02;1.8327041e-01;3.3250000e+02;1.3275301e-01;3.3250000e+02;8.1584260e-02;3.3250000e+02;3.4691215e-02;3.3250000e+02;-7.0990236e-03;3.3250000e+02;1.2616068e-03;3.3250000e+02;1.5310822e-02;3.3250000e+02;3.3979438e-02;3.3250000e+02;5.7961859e-02;3.3250000e+02;8.4940366e-02;3.3250000e+02;1.1358834e-01;3.3250000e+02;1.3890752e-01;3.3250000e+02;1.5993889e-01;3.3250000e+02;1.7930967e-01;3.3250000e+02;2.0386209e-01;3.3250000e+02;2.2758831e-01;3.3250000e+02;2.3862495e-01;3.3250000e+02;2.2153926e-01;3.3250000e+02;1.8327041e-01;3.3250000e+02;1.3275301e-01;3.3250000e+02;8.1584260e-02;3.3250000e+02;3.4691215e-02;3.3250000e+02;-7.0990236e-03;3.3250000e+02;1.2616068e-03;3.3250000e+02;1.5310822e-02;3.3250000e+02;3.3979438e-02;3.3250000e+02;5.7961859e-02;3.3250000e+02;8.4940366e-02;3.3250000e+02;1.1358834e-01;3.3250000e+02;1.3890752e-01;3.3250000e+02;1.5993889e-01;3.3250000e+02;1.7930967e-01;3.3250000e+02;2.0386209e-01;3.3250000e+02;2.2758831e-01;3.3250000e+02;2.3862495e-01;3.3250000e+02;2.2153926e-01;3.3250000e+02;1.8327041e-01;3.3250000e+02;1.3275301e-01;3.3250000e+02;8.1584260e-02;3.3250000e+02;3.4691215e-02;3.3250000e+02;-7.0990236e-03;3.3250000e+02;1.2616068e-03;3.3250000e+02;1.5310822e-02;3.3250000e+02;3.3979438e-02;3.3250000e+02;5.7961859e-02;3.3250000e+02;8.4940366e-02;3.3250000e+02;1.1358834e-01;3.3250000e+02;1.3890752e-01;3.3250000e+02;1.5993889e-01;3.3250000e+02;1.7930967e-01;3.3250000e+02;2.0386209e-01;3.3250000e+02;2.2758831e-01;3.3250000e+02;2.3862495e-01;3.3250000e+02;2.2153926e-01;3.3250000e+02;1.8327041e-01;3.3250000e+02;1.3275301e-01;3.3250000e+02;8.1584260e-02;3.3250000e+02;3.4691215e-02;3.3250000e+02;-7.0990236e-03;3.3250000e+02;1.2616068e-03;3.3250000e+02;1.5310822e-02;3.3250000e+02;3.3979438e-02;3.3250000e+02;5.7961859e-02;3.3250000e+02;8.4940366e-02;3.3250000e+02;1.1358834e-01;3.3250000e+02;1.3890752e-01;3.3250000e+02;1.5993889e-01;3.3250000e+02;1.7930967e-01;3.3250000e+02;2.0386209e-01;3.3250000e+02;2.2758831e-01;3.3250000e+02;2.3862495e-01;3.3250000e+02;2.2153926e-01;3.3250000e+02;1.8327041e-01;3.3250000e+02;1.3275301e-01;3.3250000e+02;8.1584260e-02;3.3250000e+02;3.4691215e-02;3.3250000e+02;-7.0990236e-03;3.3250000e+02;1.2616068e-03;3.3250000e+02;1.5310822e-02;3.3250000e+02;3.3979438e-02;3.3250000e+02;5.7961859e-02;3.3250000e+02;8.4940366e-02;3.3250000e+02;1.1358834e-01;3.3250000e+02;1.3890752e-01;3.3250000e+02;1.5993889e-01;3.3250000e+02;1.7930967e-01;3.3250000e+02;2.0386209e-01;3.3250000e+02;2.2758831e-01;3.3250000e+02;2.3862495e-01;3.3250000e+02;2.2153926e-01;3.3250000e+02;1.8327041e-01;3.3250000e+02;1.3275301e-01;3.3250000e+02;8.1584260e-02;3.3250000e+02;3.4691215e-02;3.3250000e+02;-7.0990236e-03;3.3250000e+02;1.2616068e-03;3.3250000e+02;1.5310822e-02;3.3250000e+02;3.3979438e-02;3.3250000e+02;5.7961859e-02;3.3250000e+02;8.4940366e-02;3.3250000e+02;1.1358834e-01;3.3250000e+02;1.3890752e-01;3.3250000e+02;1.5993889e-01;3.3250000e+02;1.7930967e-01;3.3250000e+02;2.0386209e-01;3.3250000e+02;2.2758831e-01;3.3250000e+02;2.3862495e-01;3.3250000e+02;2.2153926e-01;3.3250000e+02;1.8327041e-01;3.3250000e+02;1.3275301e-01;3.3250000e+02;8.1584260e-02;3.3250000e+02;3.4691215e-02;3.3250000e+02;-7.0990236e-03;3.3250000e+02;1.2616068e-03;3.3250000e+02;1.5310822e-02;3.3250000e+02;3.3979438e-02;3.3250000e+02;5.7961859e-02;3.3250000e+02;8.4940366e-02;3.3250000e+02;1.1358834e-01;3.3250000e+02;1.3890752e-01;3.3250000e+02;1.5993889e-01;3.3250000e+02;1.7930967e-01;3.3250000e+02;2.0386209e-01;3.3250000e+02;2.2758831e-01;3.3250000e+02;2.3862495e-01;3.3250000e+02;2.2153926e-01;3.3250000e+02;1.8327041e-01;3.3250000e+02;1.3275301e-01;3.3250000e+02;8.1584260e-02;3.3250000e+02;3.4691215e-02;3.3250000e+02;-7.0990236e-03;3.3250000e+02;1.2616068e-03;3.3250000e+02;1.5310822e-02;3.3250000e+02;3.3979438e-02;3.3250000e+02;5.7961859e-02;3.3250000e+02;8.4940366e-02;3.3250000e+02;1.1358834e-01;3.3250000e+02;1.3890752e-01;3.3250000e+02;1.5993889e-01;3.3250000e+02;1.7930967e-01;3.3250000e+02;2.0386209e-01;3.3250000e+02;2.2758831e-01;3.3250000e+02;2.3862495e-01;3.3250000e+02;2.2153926e-01;3.3250000e+02;1.8327041e-01;3.3250000e+02;1.3275301e-01;3.3250000e+02;8.1584260e-02;3.3250000e+02;3.4691215e-02;3.3250000e+02;-7.0990236e-03;3.3250000e+02;1.2616068e-03;3.3250000e+02;1.5310822e-02;3.3250000e+02;3.3979438e-02;3.3250000e+02;5.7961859e-02;3.3250000e+02;8.4940366e-02;3.3250000e+02;1.1358834e-01;3.3250000e+02;1.3890752e-01;3.3250000e+02;1.5993889e-01;3.3250000e+02;1.7930967e-01;3.3250000e+02;2.0386209e-01;3.3250000e+02;2.2758831e-01;3.3250000e+02;2.3862495e-01;3.3250000e+02;2.2153926e-01;3.3250000e+02;1.8327041e-01;3.3250000e+02;1.3275301e-01;3.3250000e+02;8.1584260e-02;3.3250000e+02;3.4691215e-02;3.3250000e+02;-7.0990236e-03;3.3250000e+02;1.2616068e-03;3.3250000e+02;1.5310822e-02;3.3250000e+02;3.3979438e-02;3.3250000e+02;5.7961859e-02;3.3250000e+02;8.4940366e-02;3.3250000e+02;1.1358834e-01;3.3250000e+02;1.3890752e-01;3.3250000e+02;1.5993889e-01;3.3250000e+02;1.7930967e-01;3.3250000e+02;2.0386209e-01;3.3250000e+02;2.2758831e-01;3.3250000e+02;2.3862495e-01;3.3250000e+02;2.2153926e-01;3.3250000e+02;1.8327041e-01;3.3250000e+02;1.3275301e-01;3.3250000e+02;8.1584260e-02;3.3250000e+02;3.4691215e-02;3.3250000e+02;-7.0990236e-03;3.3250000e+02;1.2616068e-03;3.3250000e+02;1.5310822e-02;3.3250000e+02;3.3979438e-02;3.3250000e+02;5.7961859e-02;3.3250000e+02;8.4940366e-02;3.3250000e+02;1.1358834e-01;3.3250000e+02;1.3890752e-01;3.3250000e+02;1.5993889e-01;3.3250000e+02;1.7930967e-01;3.3250000e+02;2.0386209e-01;3.3250000e+02;2.2758831e-01;3.3250000e+02;2.3862495e-01;3.3250000e+02;2.2153926e-01;3.3250000e+02;1.8327041e-01;3.3250000e+02;1.3275301e-01;3.3250000e+02;8.1584260e-02;3.3250000e+02;3.4691215e-02;3.3250000e+02;-7.0990236e-03;3.3250000e+02;1.2616068e-03;3.3250000e+02;1.5310822e-02;3.3250000e+02;3.3979438e-02;3.3250000e+02;5.7961859e-02;3.3250000e+02;8.4940366e-02;3.3250000e+02;1.1358834e-01;3.3250000e+02;1.3890752e-01;3.3250000e+02;1.5993889e-01;3.3250000e+02;1.7930967e-01;3.3250000e+02;2.0386209e-01;3.3250000e+02;2.2758831e-01;3.3250000e+02;2.3862495e-01;3.3250000e+02;2.2153926e-01;3.3250000e+02;1.8327041e-01;3.3250000e+02;1.3275301e-01;3.3250000e+02;8.1584260e-02;3.3250000e+02;3.4691215e-02;3.3250000e+02;-7.0990236e-03;3.3250000e+02;1.2616068e-03;3.3250000e+02;1.5310822e-02;3.3250000e+02;3.3979438e-02;3.3250000e+02;5.7961859e-02;3.3250000e+02;8.4940366e-02;3.3250000e+02;1.1358834e-01;3.3250000e+02;1.3890752e-01;3.3250000e+02;1.5993889e-01;3.3250000e+02;1.7930967e-01;3.3250000e+02;2.0386209e-01;3.3250000e+02;2.2758831e-01;3.3250000e+02;2.3862495e-01;3.3250000e+02;2.2153926e-01;3.3250000e+02;1.8327041e-01;3.3250000e+02;1.3275301e-01;3.3250000e+02;8.1584260e-02;3.3250000e+02;3.4691215e-02;3.3250000e+02;-7.0990236e-03;3.3250000e+02;1.2616068e-03;3.3250000e+02;1.5310822e-02;3.3250000e+02;3.3979438e-02;3.3250000e+02;5.7961859e-02;3.3250000e+02;8.4940366e-02;3.3250000e+02;1.1358834e-01;3.3250000e+02;1.3890752e-01;3.3250000e+02;1.5993889e-01;3.3250000e+02;1.7930967e-01;3.3250000e+02;2.0386209e-01;3.3250000e+02;2.2758831e-01;3.3250000e+02;2.3862495e-01;3.3250000e+02;2.2153926e-01;3.3250000e+02;1.8327041e-01;3.3250000e+02;1.3275301e-01;3.3250000e+02;8.1584260e-02;3.3250000e+02;3.4691215e-02;3.3250000e+02;-7.0990236e-03;3.3250000e+02;1.2616068e-03;3.3250000e+02;1.5310822e-02;3.3250000e+02;3.3979438e-02;3.3250000e+02;5.7961859e-02;3.3250000e+02;8.4940366e-02;3.3250000e+02;1.1358834e-01;3.3250000e+02;1.3890752e-01;3.3250000e+02;1.5993889e-01;3.3250000e+02;1.7930967e-01;3.3250000e+02;2.0386209e-01;3.3250000e+02;2.2758831e-01;3.3250000e+02;2.3862495e-01;3.3250000e+02;2.2153926e-01;3.3250000e+02;1.8327041e-01;3.3250000e+02;1.3275301e-01;3.3250000e+02;8.1584260e-02;3.3250000e+02;3.4691215e-02;3.3250000e+02;-7.0990236e-03;3.3250000e+02;1.2616068e-03;3.3250000e+02;1.5310822e-02;3.3250000e+02;3.3979438e-02;3.3250000e+02;5.7961859e-02;3.3250000e+02;8.4940366e-02;3.3250000e+02;1.1358834e-01;3.3250000e+02;1.3890752e-01;3.3250000e+02;1.5993889e-01;3.3250000e+02;1.7930967e-01;3.3250000e+02;2.0386209e-01;3.3250000e+02;2.2758831e-01;3.3250000e+02;2.3862495e-01;3.3250000e+02;2.2153926e-01;3.3250000e+02;1.8327041e-01;3.3250000e+02;1.3275301e-01;3.3250000e+02;8.1584260e-02;3.3250000e+02;3.4691215e-02;3.3250000e+02;-7.0990236e-03;3.3250000e+02;1.2616068e-03;3.3250000e+02;1.5310822e-02;3.3250000e+02;3.3979438e-02;3.3250000e+02;5.7961859e-02;3.3250000e+02;8.4940366e-02;3.3250000e+02;1.1358834e-01;3.3250000e+02;1.3890752e-01;3.3250000e+02;1.5993889e-01;3.3250000e+02;1.7930967e-01;3.3250000e+02;2.0386209e-01;3.3250000e+02;2.2758831e-01;3.3250000e+02;2.3862495e-01;3.3250000e+02;2.2153926e-01;3.3250000e+02;1.8327041e-01;3.3250000e+02;1.3275301e-01;3.3250000e+02;8.1584260e-02;3.3250000e+02;3.4691215e-02;3.3250000e+02;-7.0990236e-03;3.3250000e+02;1.2616068e-03;3.3250000e+02;1.5310822e-02;3.3250000e+02;3.3979438e-02;3.3250000e+02;5.7961859e-02;3.3250000e+02;8.4940366e-02;3.3250000e+02;1.1358834e-01;3.3250000e+02;1.3890752e-01;3.3250000e+02;1.5993889e-01;3.3250000e+02;1.7930967e-01;3.3250000e+02;2.0386209e-01;3.3250000e+02;2.2758831e-01;3.3250000e+02;2.3862495e-01;3.3250000e+02;2.2153926e-01;3.3250000e+02;1.8327041e-01;3.3250000e+02;1.3275301e-01;3.3250000e+02;8.1584260e-02;3.3250000e+02;3.4691215e-02;3.3250000e+02;-7.0990236e-03;3.3250000e+02;1.2616068e-03;3.3250000e+02;1.5310822e-02;3.3250000e+02;3.3979438e-02;3.3250000e+02;5.7961859e-02;3.3250000e+02;8.4940366e-02;3.3250000e+02;1.1358834e-01;3.3250000e+02;1.3890752e-01;3.3250000e+02;1.5993889e-01;3.3250000e+02;1.7930967e-01;3.3250000e+02;2.0386209e-01;3.3250000e+02;2.2758831e-01;3.3250000e+02;2.3862495e-01;3.3250000e+02;2.2153926e-01;3.3250000e+02;1.8327041e-01;3.3250000e+02;1.3275301e-01;3.3250000e+02;8.1584260e-02;3.3250000e+02;3.4691215e-02;3.3250000e+02;-7.0990236e-03;3.3250000e+02;1.2616068e-03;3.3250000e+02;1.5310822e-02;3.3250000e+02;3.3979438e-02;3.3250000e+02;5.7961859e-02;3.3250000e+02;8.4940366e-02;3.3250000e+02;1.1358834e-01;3.3250000e+02;1.3890752e-01;3.3250000e+02;1.5993889e-01;3.3250000e+02;1.7930967e-01;3.3250000e+02;2.0386209e-01;3.3250000e+02;2.2758831e-01;3.3250000e+02;2.3862495e-01;3.3250000e+02;2.2153926e-01;3.3250000e+02;1.8327041e-01;3.3250000e+02;1.3275301e-01;3.3250000e+02;8.1584260e-02;3.3250000e+02;3.4691215e-02;3.3250000e+02;-7.0990236e-03;3.3250000e+02;1.2616068e-03;3.3250000e+02;1.5310822e-02;3.3250000e+02;3.3979438e-02;3.3250000e+02;5.7961859e-02;3.3250000e+02;8.4940366e-02;3.3250000e+02;1.1358834e-01;3.3250000e+02;1.3890752e-01;3.3250000e+02;1.5993889e-01;3.3250000e+02;1.7930967e-01;3.3250000e+02;2.0386209e-01;3.3250000e+02;2.2758831e-01;3.3250000e+02;2.3862495e-01;3.3250000e+02;2.2153926e-01;3.3250000e+02;1.8327041e-01;3.3250000e+02;1.3275301e-01;3.3250000e+02;8.1584260e-02;3.3250000e+02;3.4691215e-02;3.3250000e+02;-7.0990236e-03;3.3250000e+02;1.2616068e-03;3.3250000e+02;1.5310822e-02;3.3250000e+02;3.3979438e-02;3.3250000e+02;5.7961859e-02;3.3250000e+02;8.4940366e-02;3.3250000e+02;1.1358834e-01;3.3250000e+02;1.3890752e-01;3.3250000e+02;1.5993889e-01;3.3250000e+02;1.7930967e-01;3.3250000e+02;2.0386209e-01;3.3250000e+02;2.2758831e-01;3.3250000e+02;2.3862495e-01;3.3250000e+02;2.2153926e-01;3.3250000e+02;1.8327041e-01;3.3250000e+02;1.3275301e-01;3.3250000e+02;8.1584260e-02;3.3250000e+02;3.4691215e-02;3.3250000e+02;-7.0990236e-03;3.3250000e+02;1.2616068e-03;3.3250000e+02;1.5310822e-02;3.3250000e+02;3.3979438e-02;3.3250000e+02;5.7961859e-02;3.3250000e+02;8.4940366e-02;3.3250000e+02;1.1358834e-01;3.3250000e+02;1.3890752e-01;3.3250000e+02;1.5993889e-01;3.3250000e+02;1.7930967e-01;3.3250000e+02;2.0386209e-01;3.3250000e+02;2.2758831e-01;3.3250000e+02;2.3862495e-01;3.3250000e+02;2.2153926e-01;3.3250000e+02;1.8327041e-01;3.3250000e+02;1.3275301e-01;3.3250000e+02;8.1584260e-02;3.3250000e+02;3.4691215e-02;3.3250000e+02;-7.0990236e-03;3.3250000e+02;1.2616068e-03;3.3250000e+02;1.5310822e-02;3.3250000e+02;3.3979438e-02;3.3250000e+02;5.7961859e-02;3.3250000e+02;8.4940366e-02;3.3250000e+02;1.1358834e-01;3.3250000e+02;1.3890752e-01;3.3250000e+02;1.5993889e-01;3.3250000e+02;1.7930967e-01;3.3250000e+02;2.0386209e-01;3.3250000e+02;2.2758831e-01;3.3250000e+02;2.3862495e-01;3.3250000e+02;2.2153926e-01;3.3250000e+02;1.8327041e-01;3.3250000e+02;1.3275301e-01;3.3250000e+02;8.1584260e-02;3.3250000e+02;3.4691215e-02;3.3250000e+02;-7.0990236e-03;3.3250000e+02;1.2616068e-03;3.3250000e+02;1.5310822e-02;3.3250000e+02;3.3979438e-02;3.3250000e+02;5.7961859e-02;3.3250000e+02;8.4940366e-02;3.3250000e+02;1.1358834e-01;3.3250000e+02;1.3890752e-01;3.3250000e+02;1.5993889e-01;3.3250000e+02;1.7930967e-01;3.3250000e+02;2.0386209e-01;3.3250000e+02;2.2758831e-01;3.3250000e+02;2.3862495e-01;3.3250000e+02;2.2153926e-01;3.3250000e+02;1.8327041e-01;3.3250000e+02;1.3275301e-01;3.3250000e+02;8.1584260e-02;3.3250000e+02;3.4691215e-02;3.3250000e+02;-7.0990236e-03;3.3250000e+02;1.2616068e-03;3.3250000e+02;1.5310822e-02;3.3250000e+02;3.3979438e-02;3.3250000e+02;5.7961859e-02;3.3250000e+02;8.4940366e-02;3.3250000e+02;1.1358834e-01;3.3250000e+02;1.3890752e-01;3.3250000e+02;1.5993889e-01;3.3250000e+02;1.7930967e-01;3.3250000e+02;2.0386209e-01;3.3250000e+02;2.2758831e-01;3.3250000e+02;2.3862495e-01;3.3250000e+02;2.2153926e-01;3.3250000e+02;1.8327041e-01;3.3250000e+02;1.3275301e-01;3.3250000e+02;8.1584260e-02;3.3250000e+02;3.4691215e-02;3.3250000e+02;-7.0990236e-03;3.3250000e+02;1.2616068e-03;3.3250000e+02;1.5310822e-02;3.3250000e+02;3.3979438e-02;3.3250000e+02;5.7961859e-02;3.3250000e+02;8.4940366e-02;3.3250000e+02;1.1358834e-01;3.3250000e+02;1.3890752e-01;3.3250000e+02;1.5993889e-01;3.3250000e+02;1.7930967e-01;3.3250000e+02;2.0386209e-01;3.3250000e+02;2.2758831e-01;3.3250000e+02;2.3862495e-01;3.3250000e+02;2.2153926e-01;3.3250000e+02;1.8327041e-01;3.3250000e+02;1.3275301e-01;3.3250000e+02;8.1584260e-02;3.3250000e+02;3.4691215e-02;3.3250000e+02;-7.0990236e-03;3.3250000e+02;1.2616068e-03;3.3250000e+02;1.5310822e-02;3.3250000e+02;3.3979438e-02;3.3250000e+02;5.7961859e-02;3.3250000e+02;8.4940366e-02;3.3250000e+02;1.1358834e-01;3.3250000e+02;1.3890752e-01;3.3250000e+02;1.5993889e-01;3.3250000e+02;1.7930967e-01;3.3250000e+02;2.0386209e-01;3.3250000e+02;2.2758831e-01;3.3250000e+02;2.3862495e-01;3.3250000e+02;2.2153926e-01;3.3250000e+02;1.8327041e-01;3.3250000e+02;1.3275301e-01;3.3250000e+02;8.1584260e-02;3.3250000e+02;3.4691215e-02;3.3250000e+02;-7.0990236e-03;3.3250000e+02;1.2616068e-03;3.3250000e+02;1.5310822e-02;3.3250000e+02;3.3979438e-02;3.3250000e+02;5.7961859e-02;3.3250000e+02;8.4940366e-02;3.3250000e+02;1.1358834e-01;3.3250000e+02;1.3890752e-01;3.3250000e+02;1.5993889e-01;3.3250000e+02;1.7930967e-01;3.3250000e+02;2.0386209e-01;3.3250000e+02;2.2758831e-01;3.3250000e+02;2.3862495e-01;3.3250000e+02;2.2153926e-01;3.3250000e+02;1.8327041e-01;3.3250000e+02;1.3275301e-01;3.3250000e+02;8.1584260e-02;3.3250000e+02;3.4691215e-02;3.3250000e+02;-7.0990236e-03;3.3250000e+02;1.2616068e-03;3.3250000e+02;1.5310822e-02;3.3250000e+02;3.3979438e-02;3.3250000e+02;5.7961859e-02;3.3250000e+02;8.4940366e-02;3.3250000e+02;1.1358834e-01;3.3250000e+02;1.3890752e-01;3.3250000e+02;1.5993889e-01;3.3250000e+02;1.7930967e-01;3.3250000e+02;2.0386209e-01;3.3250000e+02;2.2758831e-01;3.3250000e+02;2.3862495e-01;3.3250000e+02;2.2153926e-01;3.3250000e+02;1.8327041e-01;3.3250000e+02;1.3275301e-01;3.3250000e+02;8.1584260e-02;3.3250000e+02;3.4691215e-02;3.3250000e+02;-7.0990236e-03;3.3250000e+02;1.2616068e-03;3.3250000e+02;1.5310822e-02;3.3250000e+02;3.3979438e-02;3.3250000e+02;5.7961859e-02;3.3250000e+02;8.4940366e-02;3.3250000e+02;1.1358834e-01;3.3250000e+02;1.3890752e-01;3.3250000e+02;1.5993889e-01;3.3250000e+02;1.7930967e-01;3.3250000e+02;2.0386209e-01;3.3250000e+02;2.2758831e-01;3.3250000e+02;2.3862495e-01;3.3250000e+02;2.2153926e-01;3.3250000e+02;1.8327041e-01;3.3250000e+02;1.3275301e-01;3.3250000e+02;8.1584260e-02;3.3250000e+02;3.4691215e-02;3.3250000e+02;-7.0990236e-03;3.3250000e+02;1.2616068e-03;3.3250000e+02;1.5310822e-02;3.3250000e+02;3.3979438e-02;3.3250000e+02;5.7961859e-02;3.3250000e+02;8.4940366e-02;3.3250000e+02;1.1358834e-01;3.3250000e+02;1.3890752e-01;3.3250000e+02;1.5993889e-01;3.3250000e+02;1.7930967e-01;3.3250000e+02;2.0386209e-01;3.3250000e+02;2.2758831e-01;3.3250000e+02;2.3862495e-01;3.3250000e+02;2.2153926e-01;3.3250000e+02;1.8327041e-01;3.3250000e+02;1.3275301e-01;3.3250000e+02;8.1584260e-02;3.3250000e+02;3.4691215e-02;3.3250000e+02;-7.0990236e-03;3.3250000e+02;1.2616068e-03;3.3250000e+02;1.5310822e-02;3.3250000e+02;3.3979438e-02;3.3250000e+02;5.7961859e-02;3.3250000e+02;8.4940366e-02;3.3250000e+02;1.1358834e-01;3.3250000e+02;1.3890752e-01;3.3250000e+02;1.5993889e-01;3.3250000e+02;1.7930967e-01;3.3250000e+02;2.0386209e-01;3.3250000e+02;2.2758831e-01;3.3250000e+02;2.3862495e-01;3.3250000e+02;2.2153926e-01;3.3250000e+02;1.8327041e-01;3.3250000e+02;1.3275301e-01;3.3250000e+02;8.1584260e-02;3.3250000e+02;3.4691215e-02;3.3250000e+02;-7.0990236e-03;3.3250000e+02;1.2616068e-03;3.3250000e+02;1.5310822e-02;3.3250000e+02;3.3979438e-02;3.3250000e+02;5.7961859e-02;3.3250000e+02;8.4940366e-02;3.3250000e+02;1.1358834e-01;3.3250000e+02;1.3890752e-01;3.3250000e+02;1.5993889e-01;3.3250000e+02;1.7930967e-01;3.3250000e+02;2.0386209e-01;3.3250000e+02;2.2758831e-01;3.3250000e+02;2.3862495e-01;3.3250000e+02;2.2153926e-01;3.3250000e+02;1.8327041e-01;3.3250000e+02;1.3275301e-01;3.3250000e+02;8.1584260e-02;3.3250000e+02;3.4691215e-02;3.3250000e+02;-7.0990236e-03;3.3250000e+02;1.2616068e-03;3.3250000e+02;1.5310822e-02;3.3250000e+02;3.3979438e-02;3.3250000e+02;5.7961859e-02;3.3250000e+02;8.4940366e-02;3.3250000e+02;1.1358834e-01;3.3250000e+02;1.3890752e-01;3.3250000e+02;1.5993889e-01;3.3250000e+02;1.7930967e-01;3.3250000e+02;2.0386209e-01;3.3250000e+02;2.2758831e-01;3.3250000e+02;2.3862495e-01;3.3250000e+02;2.2153926e-01;3.3250000e+02;1.8327041e-01;3.3250000e+02;1.3275301e-01;3.3250000e+02;8.1584260e-02;3.3250000e+02;3.4691215e-02;3.3250000e+02;-7.0990236e-03;3.3250000e+02;1.2616068e-03;3.3250000e+02;1.5310822e-02;3.3250000e+02;3.3979438e-02;3.3250000e+02;5.7961859e-02;3.3250000e+02;8.4940366e-02;3.3250000e+02;1.1358834e-01;3.3250000e+02;1.3890752e-01;3.3250000e+02;1.5993889e-01;3.3250000e+02;1.7930967e-01;3.3250000e+02;2.0386209e-01;3.3250000e+02;2.2758831e-01;3.3250000e+02;2.3862495e-01;3.3250000e+02;2.2153926e-01;3.3250000e+02;1.8327041e-01;3.3250000e+02;1.3275301e-01;3.3250000e+02;8.1584260e-02;3.3250000e+02;3.4691215e-02;3.3250000e+02;-7.0990236e-03;3.3250000e+02;1.2616068e-03;3.3250000e+02;1.5310822e-02;3.3250000e+02;3.3979438e-02;3.3250000e+02;5.7961859e-02;3.3250000e+02;8.4940366e-02;3.3250000e+02;1.1358834e-01;3.3250000e+02;1.3890752e-01;3.3250000e+02;1.5993889e-01;3.3250000e+02;1.7930967e-01;3.3250000e+02;2.0386209e-01;3.3250000e+02;2.2758831e-01;3.3250000e+02;2.3862495e-01;3.3250000e+02;2.2153926e-01;3.3250000e+02;1.8327041e-01;3.3250000e+02;1.3275301e-01;3.3250000e+02;8.1584260e-02;3.3250000e+02;3.4691215e-02;3.3250000e+02;-7.0990236e-03;3.3250000e+02;1.2616068e-03;3.3250000e+02;1.5310822e-02;3.3250000e+02;3.3979438e-02;3.3250000e+02;5.7961859e-02;3.3250000e+02;8.4940366e-02;3.3250000e+02;1.1358834e-01;3.3250000e+02;1.3890752e-01;3.3250000e+02;1.5993889e-01;3.3250000e+02;1.7930967e-01;3.3250000e+02;2.0386209e-01;3.3250000e+02;2.2758831e-01;3.3250000e+02;2.3862495e-01;3.3250000e+02;2.2153926e-01;3.3250000e+02;1.8327041e-01;3.3250000e+02;1.3275301e-01;3.3250000e+02;8.1584260e-02;3.3250000e+02;3.4691215e-02;3.3250000e+02;-7.0990236e-03;3.3250000e+02;1.2616068e-03;3.3250000e+02;1.5310822e-02;3.3250000e+02;3.3979438e-02;3.3250000e+02;5.7961859e-02;3.3250000e+02;8.4940366e-02;3.3250000e+02;1.1358834e-01;3.3250000e+02;1.3890752e-01;3.3250000e+02;1.5993889e-01;3.3250000e+02;1.7930967e-01;3.3250000e+02;2.0386209e-01;3.3250000e+02;2.2758831e-01;3.3250000e+02;2.3862495e-01;3.3250000e+02;2.2153926e-01;3.3250000e+02;1.8327041e-01;3.3250000e+02;1.3275301e-01;3.3250000e+02;8.1584260e-02;3.3250000e+02;3.4691215e-02;3.3250000e+02;-7.0990236e-03;3.3250000e+02;1.2616068e-03;3.3250000e+02;1.5310822e-02;3.3250000e+02;3.3979438e-02;3.3250000e+02;5.7961859e-02;3.3250000e+02;8.4940366e-02;3.3250000e+02;1.1358834e-01;3.3250000e+02;1.3890752e-01;3.3250000e+02;1.5993889e-01;3.3250000e+02;1.7930967e-01;3.3250000e+02;2.0386209e-01;3.3250000e+02;2.2758831e-01;3.3250000e+02;2.3862495e-01;3.3250000e+02;2.2153926e-01;3.3250000e+02;1.8327041e-01;3.3250000e+02;1.3275301e-01;3.3250000e+02;8.1584260e-02;3.3250000e+02;3.4691215e-02;3.3250000e+02;-7.0990236e-03;3.3250000e+02;1.2616068e-03;3.3250000e+02;1.5310822e-02;3.3250000e+02;3.3979438e-02;3.3250000e+02;5.7961859e-02;3.3250000e+02;8.4940366e-02;3.3250000e+02;1.1358834e-01;3.3250000e+02;1.3890752e-01;3.3250000e+02;1.5993889e-01;3.3250000e+02;1.7930967e-01;3.3250000e+02;2.0386209e-01;3.3250000e+02;2.2758831e-01;3.3250000e+02;2.3862495e-01;3.3250000e+02;2.2153926e-01;3.3250000e+02;1.8327041e-01;3.3250000e+02;1.3275301e-01;3.3250000e+02;8.1584260e-02;3.3250000e+02;3.4691215e-02;3.3250000e+02;-7.0990236e-03;3.3250000e+02;1.2616068e-03;3.3250000e+02;1.5310822e-02;3.3250000e+02;3.3979438e-02;3.3250000e+02;5.7961859e-02;3.3250000e+02;8.4940366e-02;3.3250000e+02;1.1358834e-01;3.3250000e+02;1.3890752e-01;3.3250000e+02;1.5993889e-01;3.3250000e+02;1.7930967e-01;3.3250000e+02;2.0386209e-01;3.3250000e+02;2.2758831e-01;3.3250000e+02;2.3862495e-01;3.3250000e+02;2.2153926e-01;3.3250000e+02;1.8327041e-01;3.3250000e+02;1.3275301e-01;3.3250000e+02;8.1584260e-02;3.3250000e+02;3.4691215e-02;3.3250000e+02;-7.0990236e-03;3.3250000e+02;1.2616068e-03;3.3250000e+02;1.5310822e-02;3.3250000e+02;3.3979438e-02;3.3250000e+02;5.7961859e-02;3.3250000e+02;8.4940366e-02;3.3250000e+02;1.1358834e-01;3.3250000e+02;1.3890752e-01;3.3250000e+02;1.5993889e-01;3.3250000e+02;1.7930967e-01;3.3250000e+02;2.0386209e-01;3.3250000e+02;2.2758831e-01;3.3250000e+02;2.3862495e-01;3.3250000e+02;2.2153926e-01;3.3250000e+02;1.8327041e-01;3.3250000e+02;1.3275301e-01;3.3250000e+02;8.1584260e-02;3.3250000e+02;3.4691215e-02;3.3250000e+02;-7.0990236e-03;3.3250000e+02;1.2616068e-03;3.3250000e+02;1.5310822e-02;3.3250000e+02;3.3979438e-02;3.3250000e+02;5.7961859e-02;3.3250000e+02;8.4940366e-02;3.3250000e+02;1.1358834e-01;3.3250000e+02;1.3890752e-01;3.3250000e+02;1.5993889e-01;3.3250000e+02;1.7930967e-01;3.3250000e+02;2.0386209e-01;3.3250000e+02;2.2758831e-01;3.3250000e+02;2.3862495e-01;3.3250000e+02;2.2153926e-01;3.3250000e+02;1.8327041e-01;3.3250000e+02;1.3275301e-01;3.3250000e+02;8.1584260e-02;3.3250000e+02;3.4691215e-02;3.3250000e+02;-7.0990236e-03;3.3250000e+02;1.2616068e-03;3.3250000e+02;1.5310822e-02;3.3250000e+02;3.3979438e-02;3.3250000e+02;5.7961859e-02;3.3250000e+02;8.4940366e-02;3.3250000e+02;1.1358834e-01;3.3250000e+02;1.3890752e-01;3.3250000e+02;1.5993889e-01;3.3250000e+02;1.7930967e-01;3.3250000e+02;2.0386209e-01;3.3250000e+02;2.2758831e-01;3.3250000e+02;2.3862495e-01;3.3250000e+02;2.2153926e-01;3.3250000e+02;1.8327041e-01;3.3250000e+02;1.3275301e-01;3.3250000e+02;8.1584260e-02;3.3250000e+02;3.4691215e-02;3.3250000e+02;-7.0990236e-03;3.3250000e+02;1.2616068e-03;3.3250000e+02;1.5310822e-02;3.3250000e+02;3.3979438e-02;3.3250000e+02;5.7961859e-02;3.3250000e+02;8.4940366e-02;3.3250000e+02;1.1358834e-01;3.3250000e+02;1.3890752e-01;3.3250000e+02;1.5993889e-01;3.3250000e+02;1.7930967e-01;3.3250000e+02;2.0386209e-01;3.3250000e+02;2.2758831e-01;3.3250000e+02;2.3862495e-01;3.3250000e+02;2.2153926e-01;3.3250000e+02;1.8327041e-01;3.3250000e+02;1.3275301e-01;3.3250000e+02;8.1584260e-02;3.3250000e+02;3.4691215e-02;3.3250000e+02;-7.0990236e-03;3.3250000e+02;1.2616068e-03;3.3250000e+02;1.5310822e-02;3.3250000e+02;3.3979438e-02;3.3250000e+02;5.7961859e-02;3.3250000e+02;8.4940366e-02;3.3250000e+02;1.1358834e-01;3.3250000e+02;1.3890752e-01;3.3250000e+02;1.5993889e-01;3.3250000e+02;1.7930967e-01;3.3250000e+02;2.0386209e-01;3.3250000e+02;2.2758831e-01;3.3250000e+02;2.3862495e-01;3.3250000e+02;2.2153926e-01;3.3250000e+02;1.8327041e-01;3.3250000e+02;1.3275301e-01;3.3250000e+02;8.1584260e-02;3.3250000e+02;3.4691215e-02;3.3250000e+02;-7.0990236e-03;3.3250000e+02;1.2616068e-03;3.3250000e+02;1.5310822e-02;3.3250000e+02;3.3979438e-02;3.3250000e+02;5.7961859e-02;3.3250000e+02;8.4940366e-02;3.3250000e+02;1.1358834e-01;3.3250000e+02;1.3890752e-01;3.3250000e+02;1.5993889e-01;3.3250000e+02;1.7930967e-01;3.3250000e+02;2.0386209e-01;3.3250000e+02;2.2758831e-01;3.3250000e+02;2.3862495e-01;3.3250000e+02;2.2153926e-01;3.3250000e+02;1.8327041e-01;3.3250000e+02;1.3275301e-01;3.3250000e+02;8.1584260e-02;3.3250000e+02;3.4691215e-02;3.3250000e+02;-7.0990236e-03;3.3250000e+02;1.2616068e-03;3.3250000e+02;1.5310822e-02;3.3250000e+02;3.3979438e-02;3.3250000e+02;5.7961859e-02;3.3250000e+02;8.4940366e-02;3.3250000e+02;1.1358834e-01;3.3250000e+02;1.3890752e-01;3.3250000e+02;1.5993889e-01;3.3250000e+02;1.7930967e-01;3.3250000e+02;2.0386209e-01;3.3250000e+02;2.2758831e-01;3.3250000e+02;2.3862495e-01;3.3250000e+02;2.2153926e-01;3.3250000e+02;1.8327041e-01;3.3250000e+02;1.3275301e-01;3.3250000e+02;8.1584260e-02;3.3250000e+02;3.4691215e-02;3.3250000e+02;-7.0990236e-03;3.3250000e+02;1.2616068e-03;3.3250000e+02;1.5310822e-02;3.3250000e+02;3.3979438e-02;3.3250000e+02;5.7961859e-02;3.3250000e+02;8.4940366e-02;3.3250000e+02;1.1358834e-01;3.3250000e+02;1.3890752e-01;3.3250000e+02;1.5993889e-01;3.3250000e+02;1.7930967e-01;3.3250000e+02;2.0386209e-01;3.3250000e+02;2.2758831e-01;3.3250000e+02;2.3862495e-01;3.3250000e+02;2.2153926e-01;3.3250000e+02;1.8327041e-01;3.3250000e+02;1.3275301e-01;3.3250000e+02;8.1584260e-02;3.3250000e+02;3.4691215e-02;3.3250000e+02;-7.0990236e-03;3.3250000e+02;1.2616068e-03;3.3250000e+02;1.5310822e-02;3.3250000e+02;3.3979438e-02;3.3250000e+02;5.7961859e-02;3.3250000e+02;8.4940366e-02;3.3250000e+02;1.1358834e-01;3.3250000e+02;1.3890752e-01;3.3250000e+02;1.5993889e-01;3.3250000e+02;1.7930967e-01;3.3250000e+02;2.0386209e-01;3.3250000e+02;2.2758831e-01;3.3250000e+02;2.3862495e-01;3.3250000e+02;2.2153926e-01;3.3250000e+02;1.8327041e-01;3.3250000e+02;1.3275301e-01;3.3250000e+02;8.1584260e-02;3.3250000e+02;3.4691215e-02;3.3250000e+02;-7.0990236e-03;3.3250000e+02;1.2616068e-03;3.3250000e+02;1.5310822e-02;3.3250000e+02;3.3979438e-02;3.3250000e+02;5.7961859e-02;3.3250000e+02;8.4940366e-02;3.3250000e+02;1.1358834e-01;3.3250000e+02;1.3890752e-01;3.3250000e+02;1.5993889e-01;3.3250000e+02;1.7930967e-01;3.3250000e+02;2.0386209e-01;3.3250000e+02;2.2758831e-01;3.3250000e+02;2.3862495e-01;3.3250000e+02;2.2153926e-01;3.3250000e+02;1.8327041e-01;3.3250000e+02;1.3275301e-01;3.3250000e+02;8.1584260e-02;3.3250000e+02;3.4691215e-02;3.3250000e+02;-7.0990236e-03;3.3250000e+02;1.2616068e-03;3.3250000e+02;1.5310822e-02;3.3250000e+02;3.3979438e-02;3.3250000e+02;5.7961859e-02;3.3250000e+02;8.4940366e-02;3.3250000e+02;1.1358834e-01;3.3250000e+02;1.3890752e-01;3.3250000e+02;1.5993889e-01;3.3250000e+02;1.7930967e-01;3.3250000e+02;2.0386209e-01;3.3250000e+02;2.2758831e-01;3.3250000e+02;2.3862495e-01;3.3250000e+02;2.2153926e-01;3.3250000e+02;1.8327041e-01;3.3250000e+02;1.3275301e-01;3.3250000e+02;8.1584260e-02;3.3250000e+02;3.4691215e-02;3.3250000e+02;-7.0990236e-03;3.3250000e+02;1.2616068e-03;3.3250000e+02;1.5310822e-02;3.3250000e+02;3.3979438e-02;3.3250000e+02;5.7961859e-02;3.3250000e+02;8.4940366e-02;3.3250000e+02;1.1358834e-01;3.3250000e+02;1.3890752e-01;3.3250000e+02;1.5993889e-01;3.3250000e+02;1.7930967e-01;3.3250000e+02;2.0386209e-01;3.3250000e+02;2.2758831e-01;3.3250000e+02;2.3862495e-01;3.3250000e+02;2.2153926e-01;3.3250000e+02;1.8327041e-01;3.3250000e+02;1.3275301e-01;3.3250000e+02;8.1584260e-02;3.3250000e+02;3.4691215e-02;3.3250000e+02;-7.0990236e-03;3.3250000e+02;1.2616068e-03;3.3250000e+02;1.5310822e-02;3.3250000e+02;3.3979438e-02;3.3250000e+02;5.7961859e-02;3.3250000e+02;8.4940366e-02;3.3250000e+02;1.1358834e-01;3.3250000e+02;1.3890752e-01;3.3250000e+02;1.5993889e-01;3.3250000e+02;1.7930967e-01;3.3250000e+02;2.0386209e-01;3.3250000e+02;2.2758831e-01;3.3250000e+02;2.3862495e-01;3.3250000e+02;2.2153926e-01;3.3250000e+02;1.8327041e-01;3.3250000e+02;1.3275301e-01;3.3250000e+02;8.1584260e-02;3.3250000e+02;3.4691215e-02;3.3250000e+02;-7.0990236e-03;3.3250000e+02;1.2616068e-03;3.3250000e+02;1.5310822e-02;3.3250000e+02;3.3979438e-02;3.3250000e+02;5.7961859e-02;3.3250000e+02;8.4940366e-02;3.3250000e+02;1.1358834e-01;3.3250000e+02;1.3890752e-01;3.3250000e+02;1.5993889e-01;3.3250000e+02;1.7930967e-01;3.3250000e+02;2.0386209e-01;3.3250000e+02;2.2758831e-01;3.3250000e+02;2.3862495e-01;3.3250000e+02;2.2153926e-01;3.3250000e+02;1.8327041e-01;3.3250000e+02;1.3275301e-01;3.3250000e+02;8.1584260e-02;3.3250000e+02;3.4691215e-02;3.3250000e+02;-7.0990236e-03;3.3250000e+02;1.2616068e-03;3.3250000e+02;1.5310822e-02;3.3250000e+02;3.3979438e-02;3.3250000e+02;5.7961859e-02;3.3250000e+02;8.4940366e-02;3.3250000e+02;1.1358834e-01;3.3250000e+02;1.3890752e-01;3.3250000e+02;1.5993889e-01;3.3250000e+02;1.7930967e-01;3.3250000e+02;2.0386209e-01;3.3250000e+02;2.2758831e-01;3.3250000e+02;2.3862495e-01;3.3250000e+02;2.2153926e-01;3.3250000e+02;1.8327041e-01;3.3250000e+02;1.3275301e-01;3.3250000e+02;8.1584260e-02;3.3250000e+02;3.4691215e-02;3.3250000e+02;-7.0990236e-03;3.3250000e+02;1.2616068e-03;3.3250000e+02;1.5310822e-02;3.3250000e+02;3.3979438e-02;3.3250000e+02;5.7961859e-02;3.3250000e+02;8.4940366e-02;3.3250000e+02;1.1358834e-01;3.3250000e+02;1.3890752e-01;3.3250000e+02;1.5993889e-01;3.3250000e+02;1.7930967e-01;3.3250000e+02;2.0386209e-01;3.3250000e+02;2.2758831e-01;3.3250000e+02;2.3862495e-01;3.3250000e+02;2.2153926e-01;3.3250000e+02;1.8327041e-01;3.3250000e+02;1.3275301e-01;3.3250000e+02;8.1584260e-02;3.3250000e+02;3.4691215e-02;3.3250000e+02;-7.0990236e-03;3.3250000e+02;1.2616068e-03;3.3250000e+02;1.5310822e-02;3.3250000e+02;3.3979438e-02;3.3250000e+02;5.7961859e-02;3.3250000e+02;8.4940366e-02;3.3250000e+02;1.1358834e-01;3.3250000e+02;1.3890752e-01;3.3250000e+02;1.5993889e-01;3.3250000e+02;1.7930967e-01;3.3250000e+02;2.0386209e-01;3.3250000e+02;2.2758831e-01;3.3250000e+02;2.3862495e-01;3.3250000e+02;2.2153926e-01;3.3250000e+02;1.8327041e-01;3.3250000e+02;1.3275301e-01;3.3250000e+02;8.1584260e-02;3.3250000e+02;3.4691215e-02;3.3250000e+02;-7.0990236e-03;3.3250000e+02;1.2616068e-03;3.3250000e+02;1.5310822e-02;3.3250000e+02;3.3979438e-02;3.3250000e+02;5.7961859e-02;3.3250000e+02;8.4940366e-02;3.3250000e+02;1.1358834e-01;3.3250000e+02;1.3890752e-01;3.3250000e+02;1.5993889e-01;3.3250000e+02;1.7930967e-01;3.3250000e+02;2.0386209e-01;3.3250000e+02;2.2758831e-01;3.3250000e+02;2.3862495e-01;3.3250000e+02;2.2153926e-01;3.3250000e+02;1.8327041e-01;3.3250000e+02;1.3275301e-01;3.3250000e+02;8.1584260e-02;3.3250000e+02;3.4691215e-02;3.3250000e+02;-7.0990236e-03;3.3250000e+02;1.2616068e-03;3.3250000e+02;1.5310822e-02;3.3250000e+02;3.3979438e-02;3.3250000e+02;5.7961859e-02;3.3250000e+02;8.4940366e-02;3.3250000e+02;1.1358834e-01;3.3250000e+02;1.3890752e-01;3.3250000e+02;1.5993889e-01;3.3250000e+02;1.7930967e-01;3.3250000e+02;2.0386209e-01;3.3250000e+02;2.2758831e-01;3.3250000e+02;2.3862495e-01;3.3250000e+02;2.2153926e-01;3.3250000e+02;1.8327041e-01;3.3250000e+02;1.3275301e-01;3.3250000e+02;8.1584260e-02;3.3250000e+02;3.4691215e-02;3.3250000e+02;-7.0990236e-03;3.3250000e+02;1.2616068e-03;3.3250000e+02;1.5310822e-02;3.3250000e+02;3.3979438e-02;3.3250000e+02;5.7961859e-02;3.3250000e+02;8.4940366e-02;3.3250000e+02;1.1358834e-01;3.3250000e+02;1.3890752e-01;3.3250000e+02;1.5993889e-01;3.3250000e+02;1.7930967e-01;3.3250000e+02;2.0386209e-01;3.3250000e+02;2.2758831e-01;3.3250000e+02;2.3862495e-01;3.3250000e+02;2.2153926e-01;3.3250000e+02;1.8327041e-01;3.3250000e+02;1.3275301e-01;3.3250000e+02;8.1584260e-02;3.3250000e+02;3.4691215e-02;3.3250000e+02;-7.0990236e-03;3.3250000e+02;1.2616068e-03;3.3250000e+02;1.5310822e-02;3.3250000e+02;3.3979438e-02;3.3250000e+02;5.7961859e-02;3.3250000e+02;8.4940366e-02;3.3250000e+02;1.1358834e-01;3.3250000e+02;1.3890752e-01;3.3250000e+02;1.5993889e-01;3.3250000e+02;1.7930967e-01;3.3250000e+02;2.0386209e-01;3.3250000e+02;2.2758831e-01;3.3250000e+02;2.3862495e-01;3.3250000e+02;2.2153926e-01;3.3250000e+02;1.8327041e-01;3.3250000e+02;1.3275301e-01;3.3250000e+02;8.1584260e-02;3.3250000e+02;3.4691215e-02;3.3250000e+02;-7.0990236e-03;3.3250000e+02;1.2616068e-03;3.3250000e+02;1.5310822e-02;3.3250000e+02;3.3979438e-02;3.3250000e+02;5.7961859e-02;3.3250000e+02;8.4940366e-02;3.3250000e+02;1.1358834e-01;3.3250000e+02;1.3890752e-01;3.3250000e+02;1.5993889e-01;3.3250000e+02;1.7930967e-01;3.3250000e+02;2.0386209e-01;3.3250000e+02;2.2758831e-01;3.3250000e+02;2.3862495e-01;3.3250000e+02;2.2153926e-01;3.3250000e+02;1.8327041e-01;3.3250000e+02;1.3275301e-01;3.3250000e+02;8.1584260e-02;3.3250000e+02;3.4691215e-02;3.3250000e+02;-7.0990236e-03;3.3250000e+02;1.2616068e-03;3.3250000e+02;1.5310822e-02;3.3250000e+02;3.3979438e-02;3.3250000e+02;5.7961859e-02;3.3250000e+02;8.4940366e-02;3.3250000e+02;1.1358834e-01;3.3250000e+02;1.3890752e-01;3.3250000e+02;1.5993889e-01;3.3250000e+02;1.7930967e-01;3.3250000e+02;2.0386209e-01;3.3250000e+02;2.2758831e-01;3.3250000e+02;2.3862495e-01;3.3250000e+02;2.2153926e-01;3.3250000e+02;1.8327041e-01;3.3250000e+02;1.3275301e-01;3.3250000e+02;8.1584260e-02;3.3250000e+02;3.4691215e-02;3.3250000e+02;-7.0990236e-03;3.3250000e+02;1.2616068e-03;3.3250000e+02;1.5310822e-02;3.3250000e+02;3.3979438e-02;3.3250000e+02;5.7961859e-02;3.3250000e+02;8.4940366e-02;3.3250000e+02;1.1358834e-01;3.3250000e+02;1.3890752e-01;3.3250000e+02;1.5993889e-01;3.3250000e+02;1.7930967e-01;3.3250000e+02;2.0386209e-01;3.3250000e+02;2.2758831e-01;3.3250000e+02;2.3862495e-01;3.3250000e+02;2.2153926e-01;3.3250000e+02;1.8327041e-01;3.3250000e+02;1.3275301e-01;3.3250000e+02;8.1584260e-02;3.3250000e+02;3.4691215e-02;3.3250000e+02;-7.0990236e-03;3.3250000e+02;1.2616068e-03;3.3250000e+02;1.5310822e-02;3.3250000e+02;3.3979438e-02;3.3250000e+02;5.7961859e-02;3.3250000e+02;8.4940366e-02;3.3250000e+02;1.1358834e-01;3.3250000e+02;1.3890752e-01;3.3250000e+02;1.5993889e-01;3.3250000e+02;1.7930967e-01;3.3250000e+02;2.0386209e-01;3.3250000e+02;2.2758831e-01;3.3250000e+02;2.3862495e-01;3.3250000e+02;2.2153926e-01;3.3250000e+02;1.8327041e-01;3.3250000e+02;1.3275301e-01;3.3250000e+02;8.1584260e-02;3.3250000e+02;3.4691215e-02;3.3250000e+02;-7.0990236e-03;3.3250000e+02;1.2616068e-03;3.3250000e+02;1.5310822e-02;3.3250000e+02;3.3979438e-02;3.3250000e+02;5.7961859e-02;3.3250000e+02;8.4940366e-02;3.3250000e+02;1.1358834e-01;3.3250000e+02;1.3890752e-01;3.3250000e+02;1.5993889e-01;3.3250000e+02;1.7930967e-01;3.3250000e+02;2.0386209e-01;3.3250000e+02;2.2758831e-01;3.3250000e+02;2.3862495e-01;3.3250000e+02;2.2153926e-01;3.3250000e+02;1.8327041e-01;3.3250000e+02;1.3275301e-01;3.3250000e+02;8.1584260e-02;3.3250000e+02;3.4691215e-02;3.3250000e+02;-7.0990236e-03;3.3250000e+02;1.2616068e-03;3.3250000e+02;1.5310822e-02;3.3250000e+02;3.3979438e-02;3.3250000e+02;5.7961859e-02;3.3250000e+02;8.4940366e-02;3.3250000e+02;1.1358834e-01;3.3250000e+02;1.3890752e-01;3.3250000e+02;1.5993889e-01;3.3250000e+02;1.7930967e-01;3.3250000e+02;2.0386209e-01;3.3250000e+02;2.2758831e-01;3.3250000e+02;2.3862495e-01;3.3250000e+02;2.2153926e-01;3.3250000e+02;1.8327041e-01;3.3250000e+02;1.3275301e-01;3.3250000e+02;8.1584260e-02;3.3250000e+02;3.4691215e-02;3.3250000e+02;-7.0990236e-03;3.3250000e+02;1.2616068e-03;3.3250000e+02;1.5310822e-02;3.3250000e+02;3.3979438e-02;3.3250000e+02;5.7961859e-02;3.3250000e+02;8.4940366e-02;3.3250000e+02;1.1358834e-01;3.3250000e+02;1.3890752e-01;3.3250000e+02;1.5993889e-01;3.3250000e+02;1.7930967e-01;3.3250000e+02;2.0386209e-01;3.3250000e+02;2.2758831e-01;3.3250000e+02;2.3862495e-01;3.3250000e+02;2.2153926e-01;3.3250000e+02;1.8327041e-01;3.3250000e+02;1.3275301e-01;3.3250000e+02;8.1584260e-02;3.3250000e+02;3.4691215e-02;3.3250000e+02;-7.0990236e-03;3.3250000e+02;1.2616068e-03;3.3250000e+02;1.5310822e-02;3.3250000e+02;3.3979438e-02;3.3250000e+02;5.7961859e-02;3.3250000e+02;8.4940366e-02;3.3250000e+02;1.1358834e-01;3.3250000e+02;1.3890752e-01;3.3250000e+02;1.5993889e-01;3.3250000e+02;1.7930967e-01;3.3250000e+02;2.0386209e-01;3.3250000e+02;2.2758831e-01;3.3250000e+02;2.3862495e-01;3.3250000e+02;2.2153926e-01;3.3250000e+02;1.8327041e-01;3.3250000e+02;1.3275301e-01;3.3250000e+02;8.1584260e-02;3.3250000e+02;3.4691215e-02;3.3250000e+02;-7.0990236e-03;3.3250000e+02;1.2616068e-03;3.3250000e+02;1.5310822e-02;3.3250000e+02;3.3979438e-02;3.3250000e+02;5.7961859e-02;3.3250000e+02;8.4940366e-02;3.3250000e+02;1.1358834e-01;3.3250000e+02;1.3890752e-01;3.3250000e+02;1.5993889e-01;3.3250000e+02;1.7930967e-01;3.3250000e+02;2.0386209e-01;3.3250000e+02;2.2758831e-01;3.3250000e+02;2.3862495e-01;3.3250000e+02;2.2153926e-01;3.3250000e+02;1.8327041e-01;3.3250000e+02;1.3275301e-01;3.3250000e+02;8.1584260e-02;3.3250000e+02;3.4691215e-02;3.3250000e+02;-7.0990236e-03;3.3250000e+02;1.2616068e-03;3.3250000e+02;1.5310822e-02;3.3250000e+02;3.3979438e-02;3.3250000e+02;5.7961859e-02;3.3250000e+02;8.4940366e-02;3.3250000e+02;1.1358834e-01;3.3250000e+02;1.3890752e-01;3.3250000e+02;1.5993889e-01;3.3250000e+02;1.7930967e-01;3.3250000e+02;2.0386209e-01;3.3250000e+02;2.2758831e-01;3.3250000e+02;2.3862495e-01;3.3250000e+02;2.2153926e-01;3.3250000e+02;1.8327041e-01;3.3250000e+02;1.3275301e-01;3.3250000e+02;8.1584260e-02;3.3250000e+02;3.4691215e-02;3.3250000e+02;-7.0990236e-03;3.3250000e+02;1.2616068e-03;3.3250000e+02;1.5310822e-02;3.3250000e+02;3.3979438e-02;3.3250000e+02;5.7961859e-02;3.3250000e+02;8.4940366e-02;3.3250000e+02;1.1358834e-01;3.3250000e+02;1.3890752e-01;3.3250000e+02;1.5993889e-01;3.3250000e+02;1.7930967e-01;3.3250000e+02;2.0386209e-01;3.3250000e+02;2.2758831e-01;3.3250000e+02;2.3862495e-01;3.3250000e+02;2.2153926e-01;3.3250000e+02;1.8327041e-01;3.3250000e+02;1.3275301e-01;3.3250000e+02;8.1584260e-02;3.3250000e+02;3.4691215e-02;3.3250000e+02;-7.0990236e-03;3.3250000e+02;1.2616068e-03;3.3250000e+02;1.5310822e-02;3.3250000e+02;3.3979438e-02;3.3250000e+02;5.7961859e-02;3.3250000e+02;8.4940366e-02;3.3250000e+02;1.1358834e-01;3.3250000e+02;1.3890752e-01;3.3250000e+02;1.5993889e-01;3.3250000e+02;1.7930967e-01;3.3250000e+02;2.0386209e-01;3.3250000e+02;2.2758831e-01;3.3250000e+02;2.3862495e-01;3.3250000e+02;2.2153926e-01;3.3250000e+02;1.8327041e-01;3.3250000e+02;1.3275301e-01;3.3250000e+02;8.1584260e-02;3.3250000e+02;3.4691215e-02;3.3250000e+02;-7.0990236e-03;3.3250000e+02;1.2616068e-03;3.3250000e+02;1.5310822e-02;3.3250000e+02;3.3979438e-02;3.3250000e+02;5.7961859e-02;3.3250000e+02;8.4940366e-02;3.3250000e+02;1.1358834e-01;3.3250000e+02;1.3890752e-01;3.3250000e+02;1.5993889e-01;3.3250000e+02;1.7930967e-01;3.3250000e+02;2.0386209e-01;3.3250000e+02;2.2758831e-01;3.3250000e+02;2.3862495e-01;3.3250000e+02;2.2153926e-01;3.3250000e+02;1.8327041e-01;3.3250000e+02;1.3275301e-01;3.3250000e+02;8.1584260e-02;3.3250000e+02;3.4691215e-02;3.3250000e+02;-7.0990236e-03;3.3250000e+02;1.2616068e-03;3.3250000e+02;1.5310822e-02;3.3250000e+02;3.3979438e-02;3.3250000e+02;5.7961859e-02;3.3250000e+02;8.4940366e-02;3.3250000e+02;1.1358834e-01;3.3250000e+02;1.3890752e-01;3.3250000e+02;1.5993889e-01;3.3250000e+02;1.7930967e-01;3.3250000e+02;2.0386209e-01;3.3250000e+02;2.2758831e-01;3.3250000e+02;2.3862495e-01;3.3250000e+02;2.2153926e-01;3.3250000e+02;1.8327041e-01;3.3250000e+02;1.3275301e-01;3.3250000e+02;8.1584260e-02;3.3250000e+02;3.4691215e-02;3.3250000e+02;-7.0990236e-03;3.3250000e+02;1.2616068e-03;3.3250000e+02;1.5310822e-02;3.3250000e+02;3.3979438e-02;3.3250000e+02;5.7961859e-02;3.3250000e+02;8.4940366e-02;3.3250000e+02;1.1358834e-01;3.3250000e+02;1.3890752e-01;3.3250000e+02;1.5993889e-01;3.3250000e+02;1.7930967e-01;3.3250000e+02;2.0386209e-01;3.3250000e+02;2.2758831e-01;3.3250000e+02;2.3862495e-01;3.3250000e+02;2.2153926e-01;3.3250000e+02;1.8327041e-01;3.3250000e+02;1.3275301e-01;3.3250000e+02;8.1584260e-02;3.3250000e+02;3.4691215e-02;3.3250000e+02;-7.0990236e-03;3.3250000e+02;1.2616068e-03;3.3250000e+02;1.5310822e-02;3.3250000e+02;3.3979438e-02;3.3250000e+02;5.7961859e-02;3.3250000e+02;8.4940366e-02;3.3250000e+02;1.1358834e-01;3.3250000e+02;1.3890752e-01;3.3250000e+02;1.5993889e-01;3.3250000e+02;1.7930967e-01;3.3250000e+02;2.0386209e-01;3.3250000e+02;2.2758831e-01;3.3250000e+02;2.3862495e-01;3.3250000e+02;2.2153926e-01;3.3250000e+02;1.8327041e-01;3.3250000e+02;1.3275301e-01;3.3250000e+02;8.1584260e-02;3.3250000e+02;3.4691215e-02;3.3250000e+02;-7.0990236e-03;3.3250000e+02;1.2616068e-03;3.3250000e+02;1.5310822e-02;3.3250000e+02;3.3979438e-02;3.3250000e+02;5.7961859e-02;3.3250000e+02;8.4940366e-02;3.3250000e+02;1.1358834e-01;3.3250000e+02;1.3890752e-01;3.3250000e+02;1.5993889e-01;3.3250000e+02;1.7930967e-01;3.3250000e+02;2.0386209e-01;3.3250000e+02;2.2758831e-01;3.3250000e+02;2.3862495e-01;3.3250000e+02;2.2153926e-01;3.3250000e+02;1.8327041e-01;3.3250000e+02;1.3275301e-01;3.3250000e+02;8.1584260e-02;3.3250000e+02;3.4691215e-02;3.3250000e+02;-7.0990236e-03;3.3250000e+02;1.2616068e-03;3.3250000e+02;1.5310822e-02;3.3250000e+02;3.3979438e-02;3.3250000e+02;5.7961859e-02;3.3250000e+02;8.4940366e-02;3.3250000e+02;1.1358834e-01;3.3250000e+02;1.3890752e-01;3.3250000e+02;1.5993889e-01;3.3250000e+02;1.7930967e-01;3.3250000e+02;2.0386209e-01;3.3250000e+02;2.2758831e-01;3.3250000e+02;2.3862495e-01;3.3250000e+02;2.2153926e-01;3.3250000e+02;1.8327041e-01;3.3250000e+02;1.3275301e-01;3.3250000e+02;8.1584260e-02;3.3250000e+02;3.4691215e-02;3.3250000e+02;-7.0990236e-03;3.3250000e+02;1.2616068e-03;3.3250000e+02;1.5310822e-02;3.3250000e+02;3.3979438e-02;3.3250000e+02;5.7961859e-02;3.3250000e+02;8.4940366e-02;3.3250000e+02;1.1358834e-01;3.3250000e+02;1.3890752e-01;3.3250000e+02;1.5993889e-01;3.3250000e+02;1.7930967e-01;3.3250000e+02;2.0386209e-01;3.3250000e+02;2.2758831e-01;3.3250000e+02;2.3862495e-01;3.3250000e+02;2.2153926e-01;3.3250000e+02;1.8327041e-01;3.3250000e+02;1.3275301e-01;3.3250000e+02;8.1584260e-02;3.3250000e+02;3.4691215e-02;3.3250000e+02;-7.0990236e-03;3.3250000e+02;1.2616068e-03;3.3250000e+02;1.5310822e-02;3.3250000e+02;3.3979438e-02;3.3250000e+02;5.7961859e-02;3.3250000e+02;8.4940366e-02;3.3250000e+02;1.1358834e-01;3.3250000e+02;1.3890752e-01;3.3250000e+02;1.5993889e-01;3.3250000e+02;1.7930967e-01;3.3250000e+02;2.0386209e-01;3.3250000e+02;2.2758831e-01;3.3250000e+02;2.3862495e-01;3.3250000e+02;2.2153926e-01;3.3250000e+02;1.8327041e-01;3.3250000e+02;1.3275301e-01;3.3250000e+02;8.1584260e-02;3.3250000e+02;3.4691215e-02;3.3250000e+02;-7.0990236e-03;3.3250000e+02;1.2616068e-03;3.3250000e+02;1.5310822e-02;3.3250000e+02;3.3979438e-02;3.3250000e+02;5.7961859e-02;3.3250000e+02;8.4940366e-02;3.3250000e+02;1.1358834e-01;3.3250000e+02;1.3890752e-01;3.3250000e+02;1.5993889e-01;3.3250000e+02;1.7930967e-01;3.3250000e+02;2.0386209e-01;3.3250000e+02;2.2758831e-01;3.3250000e+02;2.3862495e-01;3.3250000e+02;2.2153926e-01;3.3250000e+02;1.8327041e-01;3.3250000e+02;1.3275301e-01;3.3250000e+02;8.1584260e-02;3.3250000e+02;3.4691215e-02;3.3250000e+02;-7.0990236e-03;3.3250000e+02;1.2616068e-03;3.3250000e+02;1.5310822e-02;3.3250000e+02;3.3979438e-02;3.3250000e+02;5.7961859e-02;3.3250000e+02;8.4940366e-02;3.3250000e+02;1.1358834e-01;3.3250000e+02;1.3890752e-01;3.3250000e+02;1.5993889e-01;3.3250000e+02;1.7930967e-01;3.3250000e+02;2.0386209e-01;3.3250000e+02;2.2758831e-01;3.3250000e+02;2.3862495e-01;3.3250000e+02;2.2153926e-01;3.3250000e+02;1.8327041e-01;3.3250000e+02;1.3275301e-01;3.3250000e+02;8.1584260e-02;3.3250000e+02;3.4691215e-02;3.3250000e+02;-7.0990236e-03;3.3250000e+02;1.2616068e-03;3.3250000e+02;1.5310822e-02;3.3250000e+02;3.3979438e-02;3.3250000e+02;5.7961859e-02;3.3250000e+02;8.4940366e-02;3.3250000e+02;1.1358834e-01;3.3250000e+02;1.3890752e-01;3.3250000e+02;1.5993889e-01;3.3250000e+02;1.7930967e-01;3.3250000e+02;2.0386209e-01;3.3250000e+02;2.2758831e-01;3.3250000e+02;2.3862495e-01;3.3250000e+02;2.2153926e-01;3.3250000e+02;1.8327041e-01;3.3250000e+02;1.3275301e-01;3.3250000e+02;8.1584260e-02;3.3250000e+02;3.4691215e-02;3.3250000e+02;-7.0990236e-03;3.3250000e+02;1.2616068e-03;3.3250000e+02;1.5310822e-02;3.3250000e+02;3.3979438e-02;3.3250000e+02;5.7961859e-02;3.3250000e+02;8.4940366e-02;3.3250000e+02;1.1358834e-01;3.3250000e+02;1.3890752e-01;3.3250000e+02;1.5993889e-01;3.3250000e+02;1.7930967e-01;3.3250000e+02;2.0386209e-01;3.3250000e+02;2.2758831e-01;3.3250000e+02;2.3862495e-01;3.3250000e+02;2.2153926e-01;3.3250000e+02;1.8327041e-01;3.3250000e+02;1.3275301e-01;3.3250000e+02;8.1584260e-02;3.3250000e+02;3.4691215e-02;3.3250000e+02;-7.0990236e-03;3.3250000e+02;1.2616068e-03;3.3250000e+02;1.5310822e-02;3.3250000e+02;3.3979438e-02;3.3250000e+02;5.7961859e-02;3.3250000e+02;8.4940366e-02;3.3250000e+02;1.1358834e-01;3.3250000e+02;1.3890752e-01;3.3250000e+02;1.5993889e-01;3.3250000e+02;1.7930967e-01;3.3250000e+02;2.0386209e-01;3.3250000e+02;2.2758831e-01;3.3250000e+02;2.3862495e-01;3.3250000e+02;2.2153926e-01;3.3250000e+02;1.8327041e-01;3.3250000e+02;1.3275301e-01;3.3250000e+02;8.1584260e-02;3.3250000e+02;3.4691215e-02;3.3250000e+02;-7.0990236e-03;3.3250000e+02;1.2616068e-03;3.3250000e+02;1.5310822e-02;3.3250000e+02;3.3979438e-02;3.3250000e+02;5.7961859e-02;3.3250000e+02;8.4940366e-02;3.3250000e+02;1.1358834e-01;3.3250000e+02;1.3890752e-01;3.3250000e+02;1.5993889e-01;3.3250000e+02;1.7930967e-01;3.3250000e+02;2.0386209e-01;3.3250000e+02;2.2758831e-01;3.3250000e+02;2.3862495e-01;3.3250000e+02;2.2153926e-01;3.3250000e+02;1.8327041e-01;3.3250000e+02;1.3275301e-01;3.3250000e+02;8.1584260e-02;3.3250000e+02;3.4691215e-02;3.3250000e+02;-7.0990236e-03;3.3250000e+02;1.2616068e-03;3.3250000e+02;1.5310822e-02;3.3250000e+02;3.3979438e-02;3.3250000e+02;5.7961859e-02;3.3250000e+02;8.4940366e-02;3.3250000e+02;1.1358834e-01;3.3250000e+02;1.3890752e-01;3.3250000e+02;1.5993889e-01;3.3250000e+02;1.7930967e-01;3.3250000e+02;2.0386209e-01;3.3250000e+02;2.2758831e-01;3.3250000e+02;2.3862495e-01;3.3250000e+02;2.2153926e-01;3.3250000e+02;1.8327041e-01;3.3250000e+02;1.3275301e-01;3.3250000e+02;8.1584260e-02;3.3250000e+02;3.4691215e-02;3.3250000e+02;-7.0990236e-03;3.3250000e+02;1.2616068e-03;3.3250000e+02;1.5310822e-02;3.3250000e+02;3.3979438e-02;3.3250000e+02;5.7961859e-02;3.3250000e+02;8.4940366e-02;3.3250000e+02;1.1358834e-01;3.3250000e+02;1.3890752e-01;3.3250000e+02;1.5993889e-01;3.3250000e+02;1.7930967e-01;3.3250000e+02;2.0386209e-01;3.3250000e+02;2.2758831e-01;3.3250000e+02;2.3862495e-01;3.3250000e+02;2.2153926e-01;3.3250000e+02;1.8327041e-01;3.3250000e+02;1.3275301e-01;3.3250000e+02;8.1584260e-02;3.3250000e+02;3.4691215e-02;3.3250000e+02;-7.0990236e-03;3.3250000e+02;1.2616068e-03;3.3250000e+02;1.5310822e-02;3.3250000e+02;3.3979438e-02;3.3250000e+02;5.7961859e-02;3.3250000e+02;8.4940366e-02;3.3250000e+02;1.1358834e-01;3.3250000e+02;1.3890752e-01;3.3250000e+02;1.5993889e-01;3.3250000e+02;1.7930967e-01;3.3250000e+02;2.0386209e-01;3.3250000e+02;2.2758831e-01;3.3250000e+02;2.3862495e-01;3.3250000e+02;2.2153926e-01;3.3250000e+02;1.8327041e-01;3.3250000e+02;1.3275301e-01;3.3250000e+02;8.1584260e-02;3.3250000e+02;3.4691215e-02;3.3250000e+02;-7.0990236e-03;3.3250000e+02;1.2616068e-03;3.3250000e+02;1.5310822e-02;3.3250000e+02;3.3979438e-02;3.3250000e+02;5.7961859e-02;3.3250000e+02;8.4940366e-02;3.3250000e+02;1.1358834e-01;3.3250000e+02;1.3890752e-01;3.3250000e+02;1.5993889e-01;3.3250000e+02;1.7930967e-01;3.3250000e+02;2.0386209e-01;3.3250000e+02;2.2758831e-01;3.3250000e+02;2.3862495e-01;3.3250000e+02;2.2153926e-01;3.3250000e+02;1.8327041e-01;3.3250000e+02;1.3275301e-01;3.3250000e+02;8.1584260e-02;3.3250000e+02;3.4691215e-02;3.3250000e+02;-7.0990236e-03;3.3250000e+02;1.2616068e-03;3.3250000e+02;1.5310822e-02;3.3250000e+02;3.3979438e-02;3.3250000e+02;5.7961859e-02;3.3250000e+02;8.4940366e-02;3.3250000e+02;1.1358834e-01;3.3250000e+02;1.3890752e-01;3.3250000e+02;1.5993889e-01;3.3250000e+02;1.7930967e-01;3.3250000e+02;2.0386209e-01;3.3250000e+02;2.2758831e-01;3.3250000e+02;2.3862495e-01;3.3250000e+02;2.2153926e-01;3.3250000e+02;1.8327041e-01;3.3250000e+02;1.3275301e-01;3.3250000e+02;8.1584260e-02;3.3250000e+02;3.4691215e-02;3.3250000e+02;-7.0990236e-03;3.3250000e+02;1.2616068e-03;3.3250000e+02;1.5310822e-02;3.3250000e+02;3.3979438e-02;3.3250000e+02;5.7961859e-02;3.3250000e+02;8.4940366e-02;3.3250000e+02;1.1358834e-01;3.3250000e+02;1.3890752e-01;3.3250000e+02;1.5993889e-01;3.3250000e+02;1.7930967e-01;3.3250000e+02;2.0386209e-01;3.3250000e+02;2.2758831e-01;3.3250000e+02;2.3862495e-01;3.3250000e+02;2.2153926e-01;3.3250000e+02;1.8327041e-01;3.3250000e+02;1.3275301e-01;3.3250000e+02;8.1584260e-02;3.3250000e+02;3.4691215e-02;3.3250000e+02;-7.0990236e-03;3.3250000e+02;1.2616068e-03;3.3250000e+02;1.5310822e-02;3.3250000e+02;3.3979438e-02;3.3250000e+02;5.7961859e-02;3.3250000e+02;8.4940366e-02;3.3250000e+02;1.1358834e-01;3.3250000e+02;1.3890752e-01;3.3250000e+02;1.5993889e-01;3.3250000e+02;1.7930967e-01;3.3250000e+02;2.0386209e-01;3.3250000e+02;2.2758831e-01;3.3250000e+02;2.3862495e-01;3.3250000e+02;2.2153926e-01;3.3250000e+02;1.8327041e-01;3.3250000e+02;1.3275301e-01;3.3250000e+02;8.1584260e-02;3.3250000e+02;3.4691215e-02;3.3250000e+02;-7.0990236e-03;3.3250000e+02;1.2616068e-03;3.3250000e+02;1.5310822e-02;3.3250000e+02;3.3979438e-02;3.3250000e+02;5.7961859e-02;3.3250000e+02;8.4940366e-02;3.3250000e+02;1.1358834e-01;3.3250000e+02;1.3890752e-01;3.3250000e+02;1.5993889e-01;3.3250000e+02;1.7930967e-01;3.3250000e+02;2.0386209e-01;3.3250000e+02;2.2758831e-01;3.3250000e+02;2.3862495e-01;3.3250000e+02;2.2153926e-01;3.3250000e+02;1.8327041e-01;3.3250000e+02;1.3275301e-01;3.3250000e+02;8.1584260e-02;3.3250000e+02;3.4691215e-02;3.3250000e+02;-7.0990236e-03;3.3250000e+02;1.2616068e-03;3.3250000e+02;1.5310822e-02;3.3250000e+02;3.3979438e-02;3.3250000e+02;5.7961859e-02;3.3250000e+02;8.4940366e-02;3.3250000e+02;1.1358834e-01;3.3250000e+02;1.3890752e-01;3.3250000e+02;1.5993889e-01;3.3250000e+02;1.7930967e-01;3.3250000e+02;2.0386209e-01;3.3250000e+02;2.2758831e-01;3.3250000e+02;2.3862495e-01;3.3250000e+02;2.2153926e-01;3.3250000e+02;1.8327041e-01;3.3250000e+02;1.3275301e-01;3.3250000e+02;8.1584260e-02;3.3250000e+02;3.4691215e-02;3.3250000e+02;-7.0990236e-03;3.3250000e+02;1.2616068e-03;3.3250000e+02;1.5310822e-02;3.3250000e+02;3.3979438e-02;3.3250000e+02;5.7961859e-02;3.3250000e+02;8.4940366e-02;3.3250000e+02;1.1358834e-01;3.3250000e+02;1.3890752e-01;3.3250000e+02;1.5993889e-01;3.3250000e+02;1.7930967e-01;3.3250000e+02;2.0386209e-01;3.3250000e+02;2.2758831e-01;3.3250000e+02;2.3862495e-01;3.3250000e+02;2.2153926e-01;3.3250000e+02;1.8327041e-01;3.3250000e+02;1.3275301e-01;3.3250000e+02;8.1584260e-02;3.3250000e+02;3.4691215e-02;3.3250000e+02;-7.0990236e-03;3.3250000e+02;1.2616068e-03;3.3250000e+02;1.5310822e-02;3.3250000e+02;3.3979438e-02;3.3250000e+02;5.7961859e-02;3.3250000e+02;8.4940366e-02;3.3250000e+02;1.1358834e-01;3.3250000e+02;1.3890752e-01;3.3250000e+02;1.5993889e-01;3.3250000e+02;1.7930967e-01;3.3250000e+02;2.0386209e-01;3.3250000e+02;2.2758831e-01;3.3250000e+02;2.3862495e-01;3.3250000e+02;2.2153926e-01;3.3250000e+02;1.8327041e-01;3.3250000e+02;1.3275301e-01;3.3250000e+02;8.1584260e-02;3.3250000e+02;3.4691215e-02;3.3250000e+02;-7.0990236e-03;3.3250000e+02;1.2616068e-03;3.3250000e+02;1.5310822e-02;3.3250000e+02;3.3979438e-02;3.3250000e+02;5.7961859e-02;3.3250000e+02;8.4940366e-02;3.3250000e+02;1.1358834e-01;3.3250000e+02;1.3890752e-01;3.3250000e+02;1.5993889e-01;3.3250000e+02;1.7930967e-01;3.3250000e+02;2.0386209e-01;3.3250000e+02;2.2758831e-01;3.3250000e+02;2.3862495e-01;3.3250000e+02;2.2153926e-01;3.3250000e+02;1.8327041e-01;3.3250000e+02;1.3275301e-01;3.3250000e+02;8.1584260e-02;3.3250000e+02;3.4691215e-02;3.3250000e+02;-7.0990236e-03;3.3250000e+02;1.2616068e-03;3.3250000e+02;1.5310822e-02;3.3250000e+02;3.3979438e-02;3.3250000e+02;5.7961859e-02;3.3250000e+02;8.4940366e-02;3.3250000e+02;1.1358834e-01;3.3250000e+02;1.3890752e-01;3.3250000e+02;1.5993889e-01;3.3250000e+02;1.7930967e-01;3.3250000e+02;2.0386209e-01;3.3250000e+02;2.2758831e-01;3.3250000e+02;2.3862495e-01;3.3250000e+02;2.2153926e-01;3.3250000e+02;1.8327041e-01;3.3250000e+02;1.3275301e-01;3.3250000e+02;8.1584260e-02;3.3250000e+02;3.4691215e-02;3.3250000e+02;-7.0990236e-03;3.3250000e+02;1.2616068e-03;3.3250000e+02;1.5310822e-02;3.3250000e+02;3.3979438e-02;3.3250000e+02;5.7961859e-02;3.3250000e+02;8.4940366e-02;3.3250000e+02;1.1358834e-01;3.3250000e+02;1.3890752e-01;3.3250000e+02;1.5993889e-01;3.3250000e+02;1.7930967e-01;3.3250000e+02;2.0386209e-01;3.3250000e+02;2.2758831e-01;3.3250000e+02;2.3862495e-01;3.3250000e+02;2.2153926e-01;3.3250000e+02;1.8327041e-01;3.3250000e+02;1.3275301e-01;3.3250000e+02;8.1584260e-02;3.3250000e+02;3.4691215e-02;3.3250000e+02;-7.0990236e-03;3.3250000e+02;1.2616068e-03;3.3250000e+02;1.5310822e-02;3.3250000e+02;3.3979438e-02;3.3250000e+02;5.7961859e-02;3.3250000e+02;8.4940366e-02;3.3250000e+02;1.1358834e-01;3.3250000e+02;1.3890752e-01;3.3250000e+02;1.5993889e-01;3.3250000e+02;1.7930967e-01;3.3250000e+02;2.0386209e-01;3.3250000e+02;2.2758831e-01;3.3250000e+02;2.3862495e-01;3.3250000e+02;2.2153926e-01;3.3250000e+02;1.8327041e-01;3.3250000e+02;1.3275301e-01;3.3250000e+02;8.1584260e-02;3.3250000e+02;3.4691215e-02;3.3250000e+02;-7.0990236e-03;3.3250000e+02;1.2616068e-03;3.3250000e+02;1.5310822e-02;3.3250000e+02;3.3979438e-02;3.3250000e+02;5.7961859e-02;3.3250000e+02;8.4940366e-02;3.3250000e+02;1.1358834e-01;3.3250000e+02;1.3890752e-01;3.3250000e+02;1.5993889e-01;3.3250000e+02;1.7930967e-01;3.3250000e+02;2.0386209e-01;3.3250000e+02;2.2758831e-01;3.3250000e+02;2.3862495e-01;3.3250000e+02;2.2153926e-01;3.3250000e+02;1.8327041e-01;3.3250000e+02;1.3275301e-01;3.3250000e+02;8.1584260e-02;3.3250000e+02;3.4691215e-02;3.3250000e+02;-7.0990236e-03;3.3250000e+02;1.2616068e-03;3.3250000e+02;1.5310822e-02;3.3250000e+02;3.3979438e-02;3.3250000e+02;5.7961859e-02;3.3250000e+02;8.4940366e-02;3.3250000e+02;1.1358834e-01;3.3250000e+02;1.3890752e-01;3.3250000e+02;1.5993889e-01;3.3250000e+02;1.7930967e-01;3.3250000e+02;2.0386209e-01;3.3250000e+02;2.2758831e-01;3.3250000e+02;2.3862495e-01;3.3250000e+02;2.2153926e-01;3.3250000e+02;1.8327041e-01;3.3250000e+02;1.3275301e-01;3.3250000e+02;8.1584260e-02;3.3250000e+02;3.4691215e-02;3.3250000e+02;-7.0990236e-03;3.3250000e+02;1.2616068e-03;3.3250000e+02;1.5310822e-02;3.3250000e+02;3.3979438e-02;3.3250000e+02;5.7961859e-02;3.3250000e+02;8.4940366e-02;3.3250000e+02;1.1358834e-01;3.3250000e+02;1.3890752e-01;3.3250000e+02;1.5993889e-01;3.3250000e+02;1.7930967e-01;3.3250000e+02;2.0386209e-01;3.3250000e+02;2.2758831e-01;3.3250000e+02;2.3862495e-01;3.3250000e+02;2.2153926e-01;3.3250000e+02;1.8327041e-01;3.3250000e+02;1.3275301e-01;3.3250000e+02;8.1584260e-02;3.3250000e+02;3.4691215e-02;3.3250000e+02;-7.0990236e-03;3.3250000e+02;1.2616068e-03;3.3250000e+02;1.5310822e-02;3.3250000e+02;3.3979438e-02;3.3250000e+02;5.7961859e-02;3.3250000e+02;8.4940366e-02;3.3250000e+02;1.1358834e-01;3.3250000e+02;1.3890752e-01;3.3250000e+02;1.5993889e-01;3.3250000e+02;1.7930967e-01;3.3250000e+02;2.0386209e-01;3.3250000e+02;2.2758831e-01;3.3250000e+02;2.3862495e-01;3.3250000e+02;2.2153926e-01;3.3250000e+02;1.8327041e-01;3.3250000e+02;1.3275301e-01;3.3250000e+02;8.1584260e-02;3.3250000e+02;3.4691215e-02;3.3250000e+02;-7.0990236e-03;3.3250000e+02;1.2616068e-03;3.3250000e+02;1.5310822e-02;3.3250000e+02;3.3979438e-02;3.3250000e+02;5.7961859e-02;3.3250000e+02;8.4940366e-02;3.3250000e+02;1.1358834e-01;3.3250000e+02;1.3890752e-01;3.3250000e+02;1.5993889e-01;3.3250000e+02;1.7930967e-01;3.3250000e+02;2.0386209e-01;3.3250000e+02;2.2758831e-01;3.3250000e+02;2.3862495e-01;3.3250000e+02;2.2153926e-01;3.3250000e+02;1.8327041e-01;3.3250000e+02;1.3275301e-01;3.3250000e+02;8.1584260e-02;3.3250000e+02;3.4691215e-02;3.3250000e+02;-7.0990236e-03;3.3250000e+02;1.2616068e-03;3.3250000e+02;1.5310822e-02;3.3250000e+02;3.3979438e-02;3.3250000e+02;5.7961859e-02;3.3250000e+02;8.4940366e-02;3.3250000e+02;1.1358834e-01;3.3250000e+02;1.3890752e-01;3.3250000e+02;1.5993889e-01;3.3250000e+02;1.7930967e-01;3.3250000e+02;2.0386209e-01;3.3250000e+02;2.2758831e-01;3.3250000e+02;2.3862495e-01;3.3250000e+02;2.2153926e-01;3.3250000e+02;1.8327041e-01;3.3250000e+02;1.3275301e-01;3.3250000e+02;8.1584260e-02;3.3250000e+02;3.4691215e-02;3.3250000e+02;-7.0990236e-03;3.3250000e+02;1.2616068e-03;3.3250000e+02;1.5310822e-02;3.3250000e+02;3.3979438e-02;3.3250000e+02;5.7961859e-02;3.3250000e+02;8.4940366e-02;3.3250000e+02;1.1358834e-01;3.3250000e+02;1.3890752e-01;3.3250000e+02;1.5993889e-01;3.3250000e+02;1.7930967e-01;3.3250000e+02;2.0386209e-01;3.3250000e+02;2.2758831e-01;3.3250000e+02;2.3862495e-01;3.3250000e+02;2.2153926e-01;3.3250000e+02;1.8327041e-01;3.3250000e+02;1.3275301e-01;3.3250000e+02;8.1584260e-02;3.3250000e+02;3.4691215e-02;3.3250000e+02;-7.0990236e-03;3.3250000e+02;1.2616068e-03;3.3250000e+02;1.5310822e-02;3.3250000e+02;3.3979438e-02;3.3250000e+02;5.7961859e-02;3.3250000e+02;8.4940366e-02;3.3250000e+02;1.1358834e-01;3.3250000e+02;1.3890752e-01;3.3250000e+02;1.5993889e-01;3.3250000e+02;1.7930967e-01;3.3250000e+02;2.0386209e-01;3.3250000e+02;2.2758831e-01;3.3250000e+02;2.3862495e-01;3.3250000e+02;2.2153926e-01;3.3250000e+02;1.8327041e-01;3.3250000e+02;1.3275301e-01;3.3250000e+02;8.1584260e-02;3.3250000e+02;3.4691215e-02;3.3250000e+02;-7.0990236e-03;3.3250000e+02;1.2616068e-03;3.3250000e+02;1.5310822e-02;3.3250000e+02;3.3979438e-02;3.3250000e+02;5.7961859e-02;3.3250000e+02;8.4940366e-02;3.3250000e+02;1.1358834e-01;3.3250000e+02;1.3890752e-01;3.3250000e+02;1.5993889e-01;3.3250000e+02;1.7930967e-01;3.3250000e+02;2.0386209e-01;3.3250000e+02;2.2758831e-01;3.3250000e+02;2.3862495e-01;3.3250000e+02;2.2153926e-01;3.3250000e+02;1.8327041e-01;3.3250000e+02;1.3275301e-01;3.3250000e+02;8.1584260e-02;3.3250000e+02;3.4691215e-02;3.3250000e+02;-7.0990236e-03;3.3250000e+02;1.2616068e-03;3.3250000e+02;1.5310822e-02;3.3250000e+02;3.3979438e-02;3.3250000e+02;5.7961859e-02;3.3250000e+02;8.4940366e-02;3.3250000e+02;1.1358834e-01;3.3250000e+02;1.3890752e-01;3.3250000e+02;1.5993889e-01;3.3250000e+02;1.7930967e-01;3.3250000e+02;2.0386209e-01;3.3250000e+02;2.2758831e-01;3.3250000e+02;2.3862495e-01;3.3250000e+02;2.2153926e-01;3.3250000e+02;1.8327041e-01;3.3250000e+02;1.3275301e-01;3.3250000e+02;8.1584260e-02;3.3250000e+02;3.4691215e-02;3.3250000e+02;-7.0990236e-03;3.3250000e+02;1.2616068e-03;3.3250000e+02;1.5310822e-02;3.3250000e+02;3.3979438e-02;3.3250000e+02;5.7961859e-02;3.3250000e+02;8.4940366e-02;3.3250000e+02;1.1358834e-01;3.3250000e+02;1.3890752e-01;3.3250000e+02;1.5993889e-01;3.3250000e+02;1.7930967e-01;3.3250000e+02;2.0386209e-01;3.3250000e+02;2.2758831e-01;3.3250000e+02;2.3862495e-01;3.3250000e+02;2.2153926e-01;3.3250000e+02;1.8327041e-01;3.3250000e+02;1.3275301e-01;3.3250000e+02;8.1584260e-02;3.3250000e+02;3.4691215e-02;3.3250000e+02;-7.0990236e-03;3.3250000e+02;1.2616068e-03;3.3250000e+02;1.5310822e-02;3.3250000e+02;3.3979438e-02;3.3250000e+02;5.7961859e-02;3.3250000e+02;8.4940366e-02;3.3250000e+02;1.1358834e-01;3.3250000e+02;1.3890752e-01;3.3250000e+02;1.5993889e-01;3.3250000e+02;1.7930967e-01;3.3250000e+02;2.0386209e-01;3.3250000e+02;2.2758831e-01;3.3250000e+02;2.3862495e-01;3.3250000e+02;2.2153926e-01;3.3250000e+02;1.8327041e-01;3.3250000e+02;1.3275301e-01;3.3250000e+02;8.1584260e-02;3.3250000e+02;3.4691215e-02;3.3250000e+02;-7.0990236e-03;3.3250000e+02;1.2616068e-03;3.3250000e+02;1.5310822e-02;3.3250000e+02;3.3979438e-02;3.3250000e+02;5.7961859e-02;3.3250000e+02;8.4940366e-02;3.3250000e+02;1.1358834e-01;3.3250000e+02;1.3890752e-01;3.3250000e+02;1.5993889e-01;3.3250000e+02;1.7930967e-01;3.3250000e+02;2.0386209e-01;3.3250000e+02;2.2758831e-01;3.3250000e+02;2.3862495e-01;3.3250000e+02;2.2153926e-01;3.3250000e+02;1.8327041e-01;3.3250000e+02;1.3275301e-01;3.3250000e+02;8.1584260e-02;3.3250000e+02;3.4691215e-02;3.3250000e+02;-7.0990236e-03;3.3250000e+02;1.2616068e-03;3.3250000e+02;1.5310822e-02;3.3250000e+02;3.3979438e-02;3.3250000e+02;5.7961859e-02;3.3250000e+02;8.4940366e-02;3.3250000e+02;1.1358834e-01;3.3250000e+02;1.3890752e-01;3.3250000e+02;1.5993889e-01;3.3250000e+02;1.7930967e-01;3.3250000e+02;2.0386209e-01;3.3250000e+02;2.2758831e-01;3.3250000e+02;2.3862495e-01;3.3250000e+02;2.2153926e-01;3.3250000e+02;1.8327041e-01;3.3250000e+02;1.3275301e-01;3.3250000e+02;8.1584260e-02;3.3250000e+02;3.4691215e-02;3.3250000e+02;-7.0990236e-03;3.3250000e+02;1.2616068e-03;3.3250000e+02;1.5310822e-02;3.3250000e+02;3.3979438e-02;3.3250000e+02;5.7961859e-02;3.3250000e+02;8.4940366e-02;3.3250000e+02;1.1358834e-01;3.3250000e+02;1.3890752e-01;3.3250000e+02;1.5993889e-01;3.3250000e+02;1.7930967e-01;3.3250000e+02;2.0386209e-01;3.3250000e+02;2.2758831e-01;3.3250000e+02;2.3862495e-01;3.3250000e+02;2.2153926e-01;3.3250000e+02;1.8327041e-01;3.3250000e+02;1.3275301e-01;3.3250000e+02;8.1584260e-02;3.3250000e+02;3.4691215e-02;3.3250000e+02;-7.0990236e-03;3.3250000e+02;1.2616068e-03;3.3250000e+02;1.5310822e-02;3.3250000e+02;3.3979438e-02;3.3250000e+02;5.7961859e-02;3.3250000e+02;8.4940366e-02;3.3250000e+02;1.1358834e-01;3.3250000e+02;1.3890752e-01;3.3250000e+02;1.5993889e-01;3.3250000e+02;1.7930967e-01;3.3250000e+02;2.0386209e-01;3.3250000e+02;2.2758831e-01;3.3250000e+02;2.3862495e-01;3.3250000e+02;2.2153926e-01;3.3250000e+02;1.8327041e-01;3.3250000e+02;1.3275301e-01;3.3250000e+02;8.1584260e-02;3.3250000e+02;3.4691215e-02;3.3250000e+02;-7.0990236e-03;3.3250000e+02;1.2616068e-03;3.3250000e+02;1.5310822e-02;3.3250000e+02;3.3979438e-02;3.3250000e+02;5.7961859e-02;3.3250000e+02;8.4940366e-02;3.3250000e+02;1.1358834e-01;3.3250000e+02;1.3890752e-01;3.3250000e+02;1.5993889e-01;3.3250000e+02;1.7930967e-01;3.3250000e+02;2.0386209e-01;3.3250000e+02;2.2758831e-01;3.3250000e+02;2.3862495e-01;3.3250000e+02;2.2153926e-01;3.3250000e+02;1.8327041e-01;3.3250000e+02;1.3275301e-01;3.3250000e+02;8.1584260e-02;3.3250000e+02;3.4691215e-02;3.3250000e+02;-7.0990236e-03;3.3250000e+02;1.2616068e-03;3.3250000e+02;1.5310822e-02;3.3250000e+02;3.3979438e-02;3.3250000e+02;5.7961859e-02;3.3250000e+02;8.4940366e-02;3.3250000e+02;1.1358834e-01;3.3250000e+02;1.3890752e-01;3.3250000e+02;1.5993889e-01;3.3250000e+02;1.7930967e-01;3.3250000e+02;2.0386209e-01;3.3250000e+02;2.2758831e-01;3.3250000e+02;2.3862495e-01;3.3250000e+02;2.2153926e-01;3.3250000e+02;1.8327041e-01;3.3250000e+02;1.3275301e-01;3.3250000e+02;8.1584260e-02;3.3250000e+02;3.4691215e-02;3.3250000e+02;-7.0990236e-03;3.3250000e+02;1.2616068e-03;3.3250000e+02;1.5310822e-02;3.3250000e+02;3.3979438e-02;3.3250000e+02;5.7961859e-02;3.3250000e+02;8.4940366e-02;3.3250000e+02;1.1358834e-01;3.3250000e+02;1.3890752e-01;3.3250000e+02;1.5993889e-01;3.3250000e+02;1.7930967e-01;3.3250000e+02;2.0386209e-01;3.3250000e+02;2.2758831e-01;3.3250000e+02;2.3862495e-01;3.3250000e+02;2.2153926e-01;3.3250000e+02;1.8327041e-01;3.3250000e+02;1.3275301e-01;3.3250000e+02;8.1584260e-02;3.3250000e+02;3.4691215e-02;3.3250000e+02;-7.0990236e-03;3.3250000e+02;1.2616068e-03;3.3250000e+02;1.5310822e-02;3.3250000e+02;3.3979438e-02;3.3250000e+02;5.7961859e-02;3.3250000e+02;8.4940366e-02;3.3250000e+02;1.1358834e-01;3.3250000e+02;1.3890752e-01;3.3250000e+02;1.5993889e-01;3.3250000e+02;1.7930967e-01;3.3250000e+02;2.0386209e-01;3.3250000e+02;2.2758831e-01;3.3250000e+02;2.3862495e-01;3.3250000e+02;2.2153926e-01;3.3250000e+02;1.8327041e-01;3.3250000e+02;1.3275301e-01;3.3250000e+02;8.1584260e-02;3.3250000e+02;3.4691215e-02;3.3250000e+02;-7.0990236e-03;3.3250000e+02;1.2616068e-03;3.3250000e+02;1.5310822e-02;3.3250000e+02;3.3979438e-02;3.3250000e+02;5.7961859e-02;3.3250000e+02;8.4940366e-02;3.3250000e+02;1.1358834e-01;3.3250000e+02;1.3890752e-01;3.3250000e+02;1.5993889e-01;3.3250000e+02;1.7930967e-01;3.3250000e+02;2.0386209e-01;3.3250000e+02;2.2758831e-01;3.3250000e+02;2.3862495e-01;3.3250000e+02;2.2153926e-01;3.3250000e+02;1.8327041e-01;3.3250000e+02;1.3275301e-01;3.3250000e+02;8.1584260e-02;3.3250000e+02;3.4691215e-02;3.3250000e+02;-7.0990236e-03;3.3250000e+02;1.2616068e-03;3.3250000e+02;1.5310822e-02;3.3250000e+02;3.3979438e-02;3.3250000e+02;5.7961859e-02;3.3250000e+02;8.4940366e-02;3.3250000e+02;1.1358834e-01;3.3250000e+02;1.3890752e-01;3.3250000e+02;1.5993889e-01;3.3250000e+02;1.7930967e-01;3.3250000e+02;2.0386209e-01;3.3250000e+02;2.2758831e-01;3.3250000e+02;2.3862495e-01;3.3250000e+02;2.2153926e-01;3.3250000e+02;1.8327041e-01;3.3250000e+02;1.3275301e-01;3.3250000e+02;8.1584260e-02;3.3250000e+02;3.4691215e-02;3.3250000e+02;-7.0990236e-03;3.3250000e+02;1.2616068e-03;3.3250000e+02;1.5310822e-02;3.3250000e+02;3.3979438e-02;3.3250000e+02;5.7961859e-02;3.3250000e+02;8.4940366e-02;3.3250000e+02;1.1358834e-01;3.3250000e+02;1.3890752e-01;3.3250000e+02;1.5993889e-01;3.3250000e+02;1.7930967e-01;3.3250000e+02;2.0386209e-01;3.3250000e+02;2.2758831e-01;3.3250000e+02;2.3862495e-01;3.3250000e+02;2.2153926e-01;3.3250000e+02;1.8327041e-01;3.3250000e+02;1.3275301e-01;3.3250000e+02;8.1584260e-02;3.3250000e+02;3.4691215e-02;3.3250000e+02;-7.0990236e-03;3.3250000e+02;1.2616068e-03;3.3250000e+02;1.5310822e-02;3.3250000e+02;3.3979438e-02;3.3250000e+02;5.7961859e-02;3.3250000e+02;8.4940366e-02;3.3250000e+02;1.1358834e-01;3.3250000e+02;1.3890752e-01;3.3250000e+02;1.5993889e-01;3.3250000e+02;1.7930967e-01;3.3250000e+02;2.0386209e-01;3.3250000e+02;2.2758831e-01;3.3250000e+02;2.3862495e-01;3.3250000e+02;2.2153926e-01;3.3250000e+02;1.8327041e-01;3.3250000e+02;1.3275301e-01;3.3250000e+02;8.1584260e-02;3.3250000e+02;3.4691215e-02;3.3250000e+02;-7.0990236e-03;3.3250000e+02;1.2616068e-03;3.3250000e+02;1.5310822e-02;3.3250000e+02;3.3979438e-02;3.3250000e+02;5.7961859e-02;3.3250000e+02;8.4940366e-02;3.3250000e+02;1.1358834e-01;3.3250000e+02;1.3890752e-01;3.3250000e+02;1.5993889e-01;3.3250000e+02;1.7930967e-01;3.3250000e+02;2.0386209e-01;3.3250000e+02;2.2758831e-01;3.3250000e+02;2.3862495e-01;3.3250000e+02;2.2153926e-01;3.3250000e+02;1.8327041e-01;3.3250000e+02;1.3275301e-01;3.3250000e+02;8.1584260e-02;3.3250000e+02;3.4691215e-02;3.3250000e+02;-7.0990236e-03;3.3250000e+02;1.2616068e-03;3.3250000e+02;1.5310822e-02;3.3250000e+02;3.3979438e-02;3.3250000e+02;5.7961859e-02;3.3250000e+02;8.4940366e-02;3.3250000e+02;1.1358834e-01;3.3250000e+02;1.3890752e-01;3.3250000e+02;1.5993889e-01;3.3250000e+02;1.7930967e-01;3.3250000e+02;2.0386209e-01;3.3250000e+02;2.2758831e-01;3.3250000e+02;2.3862495e-01;3.3250000e+02;2.2153926e-01;3.3250000e+02;1.8327041e-01;3.3250000e+02;1.3275301e-01;3.3250000e+02;8.1584260e-02;3.3250000e+02;3.4691215e-02;3.3250000e+02;-7.0990236e-03;3.3250000e+02;1.2616068e-03;3.3250000e+02;1.5310822e-02;3.3250000e+02;3.3979438e-02;3.3250000e+02;5.7961859e-02;3.3250000e+02;8.4940366e-02;3.3250000e+02;1.1358834e-01;3.3250000e+02;1.3890752e-01;3.3250000e+02;1.5993889e-01;3.3250000e+02;1.7930967e-01;3.3250000e+02;2.0386209e-01;3.3250000e+02;2.2758831e-01;3.3250000e+02;2.3862495e-01;3.3250000e+02;2.2153926e-01;3.3250000e+02;1.8327041e-01;3.3250000e+02;1.3275301e-01;3.3250000e+02;8.1584260e-02;3.3250000e+02;3.4691215e-02;3.3250000e+02;-7.0990236e-03;3.3250000e+02;1.2616068e-03;3.3250000e+02;1.5310822e-02;3.3250000e+02;3.3979438e-02;3.3250000e+02;5.7961859e-02;3.3250000e+02;8.4940366e-02;3.3250000e+02;1.1358834e-01;3.3250000e+02;1.3890752e-01;3.3250000e+02;1.5993889e-01;3.3250000e+02;1.7930967e-01;3.3250000e+02;2.0386209e-01;3.3250000e+02;2.2758831e-01;3.3250000e+02;2.3862495e-01;3.3250000e+02;2.2153926e-01;3.3250000e+02;1.8327041e-01;3.3250000e+02;1.3275301e-01;3.3250000e+02;8.1584260e-02;3.3250000e+02;3.4691215e-02;3.3250000e+02;-7.0990236e-03;3.3250000e+02;1.2616068e-03;3.3250000e+02;1.5310822e-02;3.3250000e+02;3.3979438e-02;3.3250000e+02;5.7961859e-02;3.3250000e+02;8.4940366e-02;3.3250000e+02;1.1358834e-01;3.3250000e+02;1.3890752e-01;3.3250000e+02;1.5993889e-01;3.3250000e+02;1.7930967e-01;3.3250000e+02;2.0386209e-01;3.3250000e+02;2.2758831e-01;3.3250000e+02;2.3862495e-01;3.3250000e+02;2.2153926e-01;3.3250000e+02;1.8327041e-01;3.3250000e+02;1.3275301e-01;3.3250000e+02;8.1584260e-02;3.3250000e+02;3.4691215e-02;3.3250000e+02;-7.0990236e-03;3.3250000e+02;1.2616068e-03;3.3250000e+02;1.5310822e-02;3.3250000e+02;3.3979438e-02;3.3250000e+02;5.7961859e-02;3.3250000e+02;8.4940366e-02;3.3250000e+02;1.1358834e-01;3.3250000e+02;1.3890752e-01;3.3250000e+02;1.5993889e-01;3.3250000e+02;1.7930967e-01;3.3250000e+02;2.0386209e-01;3.3250000e+02;2.2758831e-01;3.3250000e+02;2.3862495e-01;3.3250000e+02;2.2153926e-01;3.3250000e+02;1.8327041e-01;3.3250000e+02;1.3275301e-01;3.3250000e+02;8.1584260e-02;3.3250000e+02;3.4691215e-02;3.3250000e+02;-7.0990236e-03;3.3250000e+02;1.2616068e-03;3.3250000e+02;1.5310822e-02;3.3250000e+02;3.3979438e-02;3.3250000e+02;5.7961859e-02;3.3250000e+02;8.4940366e-02;3.3250000e+02;1.1358834e-01;3.3250000e+02;1.3890752e-01;3.3250000e+02;1.5993889e-01;3.3250000e+02;1.7930967e-01;3.3250000e+02;2.0386209e-01;3.3250000e+02;2.2758831e-01;3.3250000e+02;2.3862495e-01;3.3250000e+02;2.2153926e-01;3.3250000e+02;1.8327041e-01;3.3250000e+02;1.3275301e-01;3.3250000e+02;8.1584260e-02;3.3250000e+02;3.4691215e-02;3.3250000e+02;-7.0990236e-03;3.3250000e+02;1.2616068e-03;3.3250000e+02;1.5310822e-02;3.3250000e+02;3.3979438e-02;3.3250000e+02;5.7961859e-02;3.3250000e+02;8.4940366e-02;3.3250000e+02;1.1358834e-01;3.3250000e+02;1.3890752e-01;3.3250000e+02;1.5993889e-01;3.3250000e+02;1.7930967e-01;3.3250000e+02;2.0386209e-01;3.3250000e+02;2.2758831e-01;3.3250000e+02;2.3862495e-01;3.3250000e+02;2.2153926e-01;3.3250000e+02;1.8327041e-01;3.3250000e+02;1.3275301e-01;3.3250000e+02;8.1584260e-02;3.3250000e+02;3.4691215e-02;3.3250000e+02;-7.0990236e-03;3.3250000e+02;1.2616068e-03;3.3250000e+02;1.5310822e-02;3.3250000e+02;3.3979438e-02;3.3250000e+02;5.7961859e-02;3.3250000e+02;8.4940366e-02;3.3250000e+02;1.1358834e-01;3.3250000e+02;1.3890752e-01;3.3250000e+02;1.5993889e-01;3.3250000e+02;1.7930967e-01;3.3250000e+02;2.0386209e-01;3.3250000e+02;2.2758831e-01;3.3250000e+02;2.3862495e-01;3.3250000e+02;2.2153926e-01;3.3250000e+02;1.8327041e-01;3.3250000e+02;1.3275301e-01;3.3250000e+02;8.1584260e-02;3.3250000e+02;3.4691215e-02;3.3250000e+02;-7.0990236e-03;3.3250000e+02;1.2616068e-03;3.3250000e+02;1.5310822e-02;3.3250000e+02;3.3979438e-02;3.3250000e+02;5.7961859e-02;3.3250000e+02;8.4940366e-02;3.3250000e+02;1.1358834e-01;3.3250000e+02;1.3890752e-01;3.3250000e+02;1.5993889e-01;3.3250000e+02;1.7930967e-01;3.3250000e+02;2.0386209e-01;3.3250000e+02;2.2758831e-01;3.3250000e+02;2.3862495e-01;3.3250000e+02;2.2153926e-01;3.3250000e+02;1.8327041e-01;3.3250000e+02;1.3275301e-01;3.3250000e+02;8.1584260e-02;3.3250000e+02;3.4691215e-02;3.3250000e+02;-7.0990236e-03;3.3250000e+02;1.2616068e-03;3.3250000e+02;1.5310822e-02;3.3250000e+02;3.3979438e-02;3.3250000e+02;5.7961859e-02;3.3250000e+02;8.4940366e-02;3.3250000e+02;1.1358834e-01;3.3250000e+02;1.3890752e-01;3.3250000e+02;1.5993889e-01;3.3250000e+02;1.7930967e-01;3.3250000e+02;2.0386209e-01;3.3250000e+02;2.2758831e-01;3.3250000e+02;2.3862495e-01;3.3250000e+02;2.2153926e-01;3.3250000e+02;1.8327041e-01;3.3250000e+02;1.3275301e-01;3.3250000e+02;8.1584260e-02;3.3250000e+02;3.4691215e-02;3.3250000e+02;-7.0990236e-03;3.3250000e+02;1.2616068e-03;3.3250000e+02;1.5310822e-02;3.3250000e+02;3.3979438e-02;3.3250000e+02;5.7961859e-02;3.3250000e+02;8.4940366e-02;3.3250000e+02;1.1358834e-01;3.3250000e+02;1.3890752e-01;3.3250000e+02;1.5993889e-01;3.3250000e+02;1.7930967e-01;3.3250000e+02;2.0386209e-01;3.3250000e+02;2.2758831e-01;3.3250000e+02;2.3862495e-01;3.3250000e+02;2.2153926e-01;3.3250000e+02;1.8327041e-01;3.3250000e+02;1.3275301e-01;3.3250000e+02;8.1584260e-02;3.3250000e+02;3.4691215e-02;3.3250000e+02;-7.0990236e-03;3.3250000e+02;1.2616068e-03;3.3250000e+02;1.5310822e-02;3.3250000e+02;3.3979438e-02;3.3250000e+02;5.7961859e-02;3.3250000e+02;8.4940366e-02;3.3250000e+02;1.1358834e-01;3.3250000e+02;1.3890752e-01;3.3250000e+02;1.5993889e-01;3.3250000e+02;1.7930967e-01;3.3250000e+02;2.0386209e-01;3.3250000e+02;2.2758831e-01;3.3250000e+02;2.3862495e-01;3.3250000e+02;2.2153926e-01;3.3250000e+02;1.8327041e-01;3.3250000e+02;1.3275301e-01;3.3250000e+02;8.1584260e-02;3.3250000e+02;3.4691215e-02;3.3250000e+02;-7.0990236e-03;3.3250000e+02;1.2616068e-03;3.3250000e+02;1.5310822e-02;3.3250000e+02;3.3979438e-02;3.3250000e+02;5.7961859e-02;3.3250000e+02;8.4940366e-02;3.3250000e+02;1.1358834e-01;3.3250000e+02;1.3890752e-01;3.3250000e+02;1.5993889e-01;3.3250000e+02;1.7930967e-01;3.3250000e+02;2.0386209e-01;3.3250000e+02;2.2758831e-01;3.3250000e+02;2.3862495e-01;3.3250000e+02;2.2153926e-01;3.3250000e+02;1.8327041e-01;3.3250000e+02;1.3275301e-01;3.3250000e+02;8.1584260e-02;3.3250000e+02;3.4691215e-02;3.3250000e+02;-7.0990236e-03;3.3250000e+02;1.2616068e-03;3.3250000e+02;1.5310822e-02;3.3250000e+02;3.3979438e-02;3.3250000e+02;5.7961859e-02;3.3250000e+02;8.4940366e-02;3.3250000e+02;1.1358834e-01;3.3250000e+02;1.3890752e-01;3.3250000e+02;1.5993889e-01;3.3250000e+02;1.7930967e-01;3.3250000e+02;2.0386209e-01;3.3250000e+02;2.2758831e-01;3.3250000e+02;2.3862495e-01;3.3250000e+02;2.2153926e-01;3.3250000e+02;1.8327041e-01;3.3250000e+02;1.3275301e-01;3.3250000e+02;8.1584260e-02;3.3250000e+02;3.4691215e-02;3.3250000e+02;-7.0990236e-03;3.3250000e+02;1.2616068e-03;3.3250000e+02;1.5310822e-02;3.3250000e+02;3.3979438e-02;3.3250000e+02;5.7961859e-02;3.3250000e+02;8.4940366e-02;3.3250000e+02;1.1358834e-01;3.3250000e+02;1.3890752e-01;3.3250000e+02;1.5993889e-01;3.3250000e+02;1.7930967e-01;3.3250000e+02;2.0386209e-01;3.3250000e+02;2.2758831e-01;3.3250000e+02;2.3862495e-01;3.3250000e+02;2.2153926e-01;3.3250000e+02;1.8327041e-01;3.3250000e+02;1.3275301e-01;3.3250000e+02;8.1584260e-02;3.3250000e+02;3.4691215e-02;3.3250000e+02;-7.0990236e-03;3.3250000e+02;1.2616068e-03;3.3250000e+02;1.5310822e-02;3.3250000e+02;3.3979438e-02;3.3250000e+02;5.7961859e-02;3.3250000e+02;8.4940366e-02;3.3250000e+02;1.1358834e-01;3.3250000e+02;1.3890752e-01;3.3250000e+02;1.5993889e-01;3.3250000e+02;1.7930967e-01;3.3250000e+02;2.0386209e-01;3.3250000e+02;2.2758831e-01;3.3250000e+02;2.3862495e-01;3.3250000e+02;2.2153926e-01;3.3250000e+02;1.8327041e-01;3.3250000e+02;1.3275301e-01;3.3250000e+02;8.1584260e-02;3.3250000e+02;3.4691215e-02;3.3250000e+02;-7.0990236e-03;3.3250000e+02;1.2616068e-03;3.3250000e+02;1.5310822e-02;3.3250000e+02;3.3979438e-02;3.3250000e+02;5.7961859e-02;3.3250000e+02;8.4940366e-02;3.3250000e+02;1.1358834e-01;3.3250000e+02;1.3890752e-01;3.3250000e+02;1.5993889e-01;3.3250000e+02;1.7930967e-01;3.3250000e+02;2.0386209e-01;3.3250000e+02;2.2758831e-01;3.3250000e+02;2.3862495e-01;3.3250000e+02;2.2153926e-01;3.3250000e+02;1.8327041e-01;3.3250000e+02;1.3275301e-01;3.3250000e+02;8.1584260e-02;3.3250000e+02;3.4691215e-02;3.3250000e+02;-7.0990236e-03;3.3250000e+02;1.2616068e-03;3.3250000e+02;1.5310822e-02;3.3250000e+02;3.3979438e-02;3.3250000e+02;5.7961859e-02;3.3250000e+02;8.4940366e-02;3.3250000e+02;1.1358834e-01;3.3250000e+02;1.3890752e-01;3.3250000e+02;1.5993889e-01;3.3250000e+02;1.7930967e-01;3.3250000e+02;2.0386209e-01;3.3250000e+02;2.2758831e-01;3.3250000e+02;2.3862495e-01;3.3250000e+02;2.2153926e-01;3.3250000e+02;1.8327041e-01;3.3250000e+02;1.3275301e-01;3.3250000e+02;8.1584260e-02;3.3250000e+02;3.4691215e-02;3.3250000e+02;-7.0990236e-03;3.3250000e+02;1.2616068e-03;3.3250000e+02;1.5310822e-02;3.3250000e+02;3.3979438e-02;3.3250000e+02;5.7961859e-02;3.3250000e+02;8.4940366e-02;3.3250000e+02;1.1358834e-01;3.3250000e+02;1.3890752e-01;3.3250000e+02;1.5993889e-01;3.3250000e+02;1.7930967e-01;3.3250000e+02;2.0386209e-01;3.3250000e+02;2.2758831e-01;3.3250000e+02;2.3862495e-01;3.3250000e+02;2.2153926e-01;3.3250000e+02;1.8327041e-01;3.3250000e+02;1.3275301e-01;3.3250000e+02;8.1584260e-02;3.3250000e+02;3.4691215e-02;3.3250000e+02;-7.0990236e-03;3.3250000e+02;1.2616068e-03;3.3250000e+02;1.5310822e-02;3.3250000e+02;3.3979438e-02;3.3250000e+02;5.7961859e-02;3.3250000e+02;8.4940366e-02;3.3250000e+02;1.1358834e-01;3.3250000e+02;1.3890752e-01;3.3250000e+02;1.5993889e-01;3.3250000e+02;1.7930967e-01;3.3250000e+02;2.0386209e-01;3.3250000e+02;2.2758831e-01;3.3250000e+02;2.3862495e-01;3.3250000e+02;2.2153926e-01;3.3250000e+02;1.8327041e-01;3.3250000e+02;1.3275301e-01;3.3250000e+02;8.1584260e-02;3.3250000e+02;3.4691215e-02;3.3250000e+02;-7.0990236e-03;3.3250000e+02;1.2616068e-03;3.3250000e+02;1.5310822e-02;3.3250000e+02;3.3979438e-02;3.3250000e+02;5.7961859e-02;3.3250000e+02;8.4940366e-02;3.3250000e+02;1.1358834e-01;3.3250000e+02;1.3890752e-01;3.3250000e+02;1.5993889e-01;3.3250000e+02;1.7930967e-01;3.3250000e+02;2.0386209e-01;3.3250000e+02;2.2758831e-01;3.3250000e+02;2.3862495e-01;3.3250000e+02;2.2153926e-01;3.3250000e+02;1.8327041e-01;3.3250000e+02;1.3275301e-01;3.3250000e+02;8.1584260e-02;3.3250000e+02;3.4691215e-02;3.3250000e+02;-7.0990236e-03;3.3250000e+02;1.2616068e-03;3.3250000e+02;1.5310822e-02;3.3250000e+02;3.3979438e-02;3.3250000e+02;5.7961859e-02;3.3250000e+02;8.4940366e-02;3.3250000e+02;1.1358834e-01;3.3250000e+02;1.3890752e-01;3.3250000e+02;1.5993889e-01;3.3250000e+02;1.7930967e-01;3.3250000e+02;2.0386209e-01;3.3250000e+02;2.2758831e-01;3.3250000e+02;2.3862495e-01;3.3250000e+02;2.2153926e-01;3.3250000e+02;1.8327041e-01;3.3250000e+02;1.3275301e-01;3.3250000e+02;8.1584260e-02;3.3250000e+02;3.4691215e-02;3.3250000e+02;-7.0990236e-03;3.3250000e+02;1.2616068e-03;3.3250000e+02;1.5310822e-02;3.3250000e+02;3.3979438e-02;3.3250000e+02;5.7961859e-02;3.3250000e+02;8.4940366e-02;3.3250000e+02;1.1358834e-01;3.3250000e+02;1.3890752e-01;3.3250000e+02;1.5993889e-01;3.3250000e+02;1.7930967e-01;3.3250000e+02;2.0386209e-01;3.3250000e+02;2.2758831e-01;3.3250000e+02;2.3862495e-01;3.3250000e+02;2.2153926e-01;3.3250000e+02;1.8327041e-01;3.3250000e+02;1.3275301e-01;3.3250000e+02;8.1584260e-02;3.3250000e+02;3.4691215e-02;3.3250000e+02;-7.0990236e-03;3.3250000e+02;1.2616068e-03;3.3250000e+02;1.5310822e-02;3.3250000e+02;3.3979438e-02;3.3250000e+02;5.7961859e-02;3.3250000e+02;8.4940366e-02;3.3250000e+02;1.1358834e-01;3.3250000e+02;1.3890752e-01;3.3250000e+02;1.5993889e-01;3.3250000e+02;1.7930967e-01;3.3250000e+02;2.0386209e-01;3.3250000e+02;2.2758831e-01;3.3250000e+02;2.3862495e-01;3.3250000e+02;2.2153926e-01;3.3250000e+02;1.8327041e-01;3.3250000e+02;1.3275301e-01;3.3250000e+02;8.1584260e-02;3.3250000e+02;3.4691215e-02;3.3250000e+02;-7.0990236e-03;3.3250000e+02;1.2616068e-03;3.3250000e+02;1.5310822e-02;3.3250000e+02;3.3979438e-02;3.3250000e+02;5.7961859e-02;3.3250000e+02;8.4940366e-02;3.3250000e+02;1.1358834e-01;3.3250000e+02;1.3890752e-01;3.3250000e+02;1.5993889e-01;3.3250000e+02;1.7930967e-01;3.3250000e+02;2.0386209e-01;3.3250000e+02;2.2758831e-01;3.3250000e+02;2.3862495e-01;3.3250000e+02;2.2153926e-01;3.3250000e+02;1.8327041e-01;3.3250000e+02;1.3275301e-01;3.3250000e+02;8.1584260e-02;3.3250000e+02;3.4691215e-02;3.3250000e+02;-7.0990236e-03;3.3250000e+02;1.2616068e-03;3.3250000e+02;1.5310822e-02;3.3250000e+02;3.3979438e-02;3.3250000e+02;5.7961859e-02;3.3250000e+02;8.4940366e-02;3.3250000e+02;1.1358834e-01;3.3250000e+02;1.3890752e-01;3.3250000e+02;1.5993889e-01;3.3250000e+02;1.7930967e-01;3.3250000e+02;2.0386209e-01;3.3250000e+02;2.2758831e-01;3.3250000e+02;2.3862495e-01;3.3250000e+02;2.2153926e-01;3.3250000e+02;1.8327041e-01;3.3250000e+02;1.3275301e-01;3.3250000e+02;8.1584260e-02;3.3250000e+02;3.4691215e-02;3.3250000e+02;-7.0990236e-03;3.3250000e+02;1.2616068e-03;3.3250000e+02;1.5310822e-02;3.3250000e+02;3.3979438e-02;3.3250000e+02;5.7961859e-02;3.3250000e+02;8.4940366e-02;3.3250000e+02;1.1358834e-01;3.3250000e+02;1.3890752e-01;3.3250000e+02;1.5993889e-01;3.3250000e+02;1.7930967e-01;3.3250000e+02;2.0386209e-01;3.3250000e+02;2.2758831e-01;3.3250000e+02;2.3862495e-01;3.3250000e+02;2.2153926e-01;3.3250000e+02;1.8327041e-01;3.3250000e+02;1.3275301e-01;3.3250000e+02;8.1584260e-02;3.3250000e+02;3.4691215e-02;3.3250000e+02;-7.0990236e-03;3.3250000e+02;1.2616068e-03;3.3250000e+02;1.5310822e-02;3.3250000e+02;3.3979438e-02;3.3250000e+02;5.7961859e-02;3.3250000e+02;8.4940366e-02;3.3250000e+02;1.1358834e-01;3.3250000e+02;1.3890752e-01;3.3250000e+02;1.5993889e-01;3.3250000e+02;1.7930967e-01;3.3250000e+02;2.0386209e-01;3.3250000e+02;2.2758831e-01;3.3250000e+02;2.3862495e-01;3.3250000e+02;2.2153926e-01;3.3250000e+02;1.8327041e-01;3.3250000e+02;1.3275301e-01;3.3250000e+02;8.1584260e-02;3.3250000e+02;3.4691215e-02;3.3250000e+02;-7.0990236e-03;3.3250000e+02;1.2616068e-03;3.3250000e+02;1.5310822e-02;3.3250000e+02;3.3979438e-02;3.3250000e+02;5.7961859e-02;3.3250000e+02;8.4940366e-02;3.3250000e+02;1.1358834e-01;3.3250000e+02;1.3890752e-01;3.3250000e+02;1.5993889e-01;3.3250000e+02;1.7930967e-01;3.3250000e+02;2.0386209e-01;3.3250000e+02;2.2758831e-01;3.3250000e+02;2.3862495e-01;3.3250000e+02;2.2153926e-01;3.3250000e+02;1.8327041e-01;3.3250000e+02;1.3275301e-01;3.3250000e+02;8.1584260e-02;3.3250000e+02;3.4691215e-02;3.3250000e+02;-7.0990236e-03;3.3250000e+02;1.2616068e-03;3.3250000e+02;1.5310822e-02;3.3250000e+02;3.3979438e-02;3.3250000e+02;5.7961859e-02;3.3250000e+02;8.4940366e-02;3.3250000e+02;1.1358834e-01;3.3250000e+02;1.3890752e-01;3.3250000e+02;1.5993889e-01;3.3250000e+02;1.7930967e-01;3.3250000e+02;2.0386209e-01;3.3250000e+02;2.2758831e-01;3.3250000e+02;2.3862495e-01;3.3250000e+02;2.2153926e-01;3.3250000e+02;1.8327041e-01;3.3250000e+02;1.3275301e-01;3.3250000e+02;8.1584260e-02;3.3250000e+02;3.4691215e-02;3.3250000e+02;-7.0990236e-03;3.3250000e+02;1.2616068e-03;3.3250000e+02;1.5310822e-02;3.3250000e+02;3.3979438e-02;3.3250000e+02;5.7961859e-02;3.3250000e+02;8.4940366e-02;3.3250000e+02;1.1358834e-01;3.3250000e+02;1.3890752e-01;3.3250000e+02;1.5993889e-01;3.3250000e+02;1.7930967e-01;3.3250000e+02;2.0386209e-01;3.3250000e+02;2.2758831e-01;3.3250000e+02;2.3862495e-01;3.3250000e+02;2.2153926e-01;3.3250000e+02;1.8327041e-01;3.3250000e+02;1.3275301e-01;3.3250000e+02;8.1584260e-02;3.3250000e+02;3.4691215e-02;3.3250000e+02;-7.0990236e-03;3.3250000e+02;1.2616068e-03;3.3250000e+02;1.5310822e-02;3.3250000e+02;3.3979438e-02;3.3250000e+02;5.7961859e-02;3.3250000e+02;8.4940366e-02;3.3250000e+02;1.1358834e-01;3.3250000e+02;1.3890752e-01;3.3250000e+02;1.5993889e-01;3.3250000e+02;1.7930967e-01;3.3250000e+02;2.0386209e-01;3.3250000e+02;2.2758831e-01;3.3250000e+02;2.3862495e-01;3.3250000e+02;2.2153926e-01;3.3250000e+02;1.8327041e-01;3.3250000e+02;1.3275301e-01;3.3250000e+02;8.1584260e-02;3.3250000e+02;3.4691215e-02;3.3250000e+02;-7.0990236e-03;3.3250000e+02;1.2616068e-03;3.3250000e+02;1.5310822e-02;3.3250000e+02;3.3979438e-02;3.3250000e+02;5.7961859e-02;3.3250000e+02;8.4940366e-02;3.3250000e+02;1.1358834e-01;3.3250000e+02;1.3890752e-01;3.3250000e+02;1.5993889e-01;3.3250000e+02;1.7930967e-01;3.3250000e+02;2.0386209e-01;3.3250000e+02;2.2758831e-01;3.3250000e+02;2.3862495e-01;3.3250000e+02;2.2153926e-01;3.3250000e+02;1.8327041e-01;3.3250000e+02;1.3275301e-01;3.3250000e+02;8.1584260e-02;3.3250000e+02;3.4691215e-02;3.3250000e+02;-7.0990236e-03;3.3250000e+02;1.2616068e-03;3.3250000e+02;1.5310822e-02;3.3250000e+02;3.3979438e-02;3.3250000e+02;5.7961859e-02;3.3250000e+02;8.4940366e-02;3.3250000e+02;1.1358834e-01;3.3250000e+02;1.3890752e-01;3.3250000e+02;1.5993889e-01;3.3250000e+02;1.7930967e-01;3.3250000e+02;2.0386209e-01;3.3250000e+02;2.2758831e-01;3.3250000e+02;2.3862495e-01;3.3250000e+02;2.2153926e-01;3.3250000e+02;1.8327041e-01;3.3250000e+02;1.3275301e-01;3.3250000e+02;8.1584260e-02;3.3250000e+02;3.4691215e-02;3.3250000e+02;-7.0990236e-03;3.3250000e+02;1.2616068e-03;3.3250000e+02;1.5310822e-02;3.3250000e+02;3.3979438e-02;3.3250000e+02;5.7961859e-02;3.3250000e+02;8.4940366e-02;3.3250000e+02;1.1358834e-01;3.3250000e+02;1.3890752e-01;3.3250000e+02;1.5993889e-01;3.3250000e+02;1.7930967e-01;3.3250000e+02;2.0386209e-01;3.3250000e+02;2.2758831e-01;3.3250000e+02;2.3862495e-01;3.3250000e+02;2.2153926e-01;3.3250000e+02;1.8327041e-01;3.3250000e+02;1.3275301e-01;3.3250000e+02;8.1584260e-02;3.3250000e+02;3.4691215e-02;3.3250000e+02;-7.0990236e-03;3.3250000e+02;1.2616068e-03;3.3250000e+02;1.5310822e-02;3.3250000e+02;3.3979438e-02;3.3250000e+02;5.7961859e-02;3.3250000e+02;8.4940366e-02;3.3250000e+02;1.1358834e-01;3.3250000e+02;1.3890752e-01;3.3250000e+02;1.5993889e-01;3.3250000e+02;1.7930967e-01;3.3250000e+02;2.0386209e-01;3.3250000e+02;2.2758831e-01;3.3250000e+02;2.3862495e-01;3.3250000e+02;2.2153926e-01;3.3250000e+02;1.8327041e-01;3.3250000e+02;1.3275301e-01;3.3250000e+02;8.1584260e-02;3.3250000e+02;3.4691215e-02;3.3250000e+02;-7.0990236e-03;3.3250000e+02;1.2616068e-03;3.3250000e+02;1.5310822e-02;3.3250000e+02;3.3979438e-02;3.3250000e+02;5.7961859e-02;3.3250000e+02;8.4940366e-02;3.3250000e+02;1.1358834e-01;3.3250000e+02;1.3890752e-01;3.3250000e+02;1.5993889e-01;3.3250000e+02;1.7930967e-01;3.3250000e+02;2.0386209e-01;3.3250000e+02;2.2758831e-01;3.3250000e+02;2.3862495e-01;3.3250000e+02;2.2153926e-01;3.3250000e+02;1.8327041e-01;3.3250000e+02;1.3275301e-01;3.3250000e+02;8.1584260e-02;3.3250000e+02;3.4691215e-02;3.3250000e+02;-7.0990236e-03;3.3250000e+02;1.2616068e-03;3.3250000e+02;1.5310822e-02;3.3250000e+02;3.3979438e-02;3.3250000e+02;5.7961859e-02;3.3250000e+02;8.4940366e-02;3.3250000e+02;1.1358834e-01;3.3250000e+02;1.3890752e-01;3.3250000e+02;1.5993889e-01;3.3250000e+02;1.7930967e-01;3.3250000e+02;2.0386209e-01;3.3250000e+02;2.2758831e-01;3.3250000e+02;2.3862495e-01;3.3250000e+02;2.2153926e-01;3.3250000e+02;1.8327041e-01;3.3250000e+02;1.3275301e-01;3.3250000e+02;8.1584260e-02;3.3250000e+02;3.4691215e-02;3.3250000e+02;-7.0990236e-03;3.3250000e+02;1.2616068e-03;3.3250000e+02;1.5310822e-02;3.3250000e+02;3.3979438e-02;3.3250000e+02;5.7961859e-02;3.3250000e+02;8.4940366e-02;3.3250000e+02;1.1358834e-01;3.3250000e+02;1.3890752e-01;3.3250000e+02;1.5993889e-01;3.3250000e+02;1.7930967e-01;3.3250000e+02;2.0386209e-01;3.3250000e+02;2.2758831e-01;3.3250000e+02;2.3862495e-01;3.3250000e+02;2.2153926e-01;3.3250000e+02;1.8327041e-01;3.3250000e+02;1.3275301e-01;3.3250000e+02;8.1584260e-02;3.3250000e+02;3.4691215e-02;3.3250000e+02;-7.0990236e-03;3.3250000e+02;1.2616068e-03;3.3250000e+02;1.5310822e-02;3.3250000e+02;3.3979438e-02;3.3250000e+02;5.7961859e-02;3.3250000e+02;8.4940366e-02;3.3250000e+02;1.1358834e-01;3.3250000e+02;1.3890752e-01;3.3250000e+02;1.5993889e-01;3.3250000e+02;1.7930967e-01;3.3250000e+02;2.0386209e-01;3.3250000e+02;2.2758831e-01;3.3250000e+02;2.3862495e-01;3.3250000e+02;2.2153926e-01;3.3250000e+02;1.8327041e-01;3.3250000e+02;1.3275301e-01;3.3250000e+02;8.1584260e-02;3.3250000e+02;3.4691215e-02;3.3250000e+02;-7.0990236e-03;3.3250000e+02;1.2616068e-03;3.3250000e+02;1.5310822e-02;3.3250000e+02;3.3979438e-02;3.3250000e+02;5.7961859e-02;3.3250000e+02;8.4940366e-02;3.3250000e+02;1.1358834e-01;3.3250000e+02;1.3890752e-01;3.3250000e+02;1.5993889e-01;3.3250000e+02;1.7930967e-01;3.3250000e+02;2.0386209e-01;3.3250000e+02;2.2758831e-01;3.3250000e+02;2.3862495e-01;3.3250000e+02;2.2153926e-01;3.3250000e+02;1.8327041e-01;3.3250000e+02;1.3275301e-01;3.3250000e+02;8.1584260e-02;3.3250000e+02;3.4691215e-02;3.3250000e+02;-7.0990236e-03;3.3250000e+02;1.2616068e-03;3.3250000e+02;1.5310822e-02;3.3250000e+02;3.3979438e-02;3.3250000e+02;5.7961859e-02;3.3250000e+02;8.4940366e-02;3.3250000e+02;1.1358834e-01;3.3250000e+02;1.3890752e-01;3.3250000e+02;1.5993889e-01;3.3250000e+02;1.7930967e-01;3.3250000e+02;2.0386209e-01;3.3250000e+02;2.2758831e-01;3.3250000e+02;2.3862495e-01;3.3250000e+02;2.2153926e-01;3.3250000e+02;1.8327041e-01;3.3250000e+02;1.3275301e-01;3.3250000e+02;8.1584260e-02;3.3250000e+02;3.4691215e-02;3.3250000e+02;-7.0990236e-03;3.3250000e+02;1.2616068e-03;3.3250000e+02;1.5310822e-02;3.3250000e+02;3.3979438e-02;3.3250000e+02;5.7961859e-02;3.3250000e+02;8.4940366e-02;3.3250000e+02;1.1358834e-01;3.3250000e+02;1.3890752e-01;3.3250000e+02;1.5993889e-01;3.3250000e+02;1.7930967e-01;3.3250000e+02;2.0386209e-01;3.3250000e+02;2.2758831e-01;3.3250000e+02;2.3862495e-01;3.3250000e+02;2.2153926e-01;3.3250000e+02;1.8327041e-01;3.3250000e+02;1.3275301e-01;3.3250000e+02;8.1584260e-02;3.3250000e+02;3.4691215e-02;3.3250000e+02;-7.0990236e-03;3.3250000e+02;1.2616068e-03;3.3250000e+02;1.5310822e-02;3.3250000e+02;3.3979438e-02;3.3250000e+02;5.7961859e-02;3.3250000e+02;8.4940366e-02;3.3250000e+02;1.1358834e-01;3.3250000e+02;1.3890752e-01;3.3250000e+02;1.5993889e-01;3.3250000e+02;1.7930967e-01;3.3250000e+02;2.0386209e-01;3.3250000e+02;2.2758831e-01;3.3250000e+02;2.3862495e-01;3.3250000e+02;2.2153926e-01;3.3250000e+02;1.8327041e-01;3.3250000e+02;1.3275301e-01;3.3250000e+02;8.1584260e-02;3.3250000e+02;3.4691215e-02;3.3250000e+02;-7.0990236e-03;3.3250000e+02;1.2616068e-03;3.3250000e+02;1.5310822e-02;3.3250000e+02;3.3979438e-02;3.3250000e+02;5.7961859e-02;3.3250000e+02;8.4940366e-02;3.3250000e+02;1.1358834e-01;3.3250000e+02;1.3890752e-01;3.3250000e+02;1.5993889e-01;3.3250000e+02;1.7930967e-01;3.3250000e+02;2.0386209e-01;3.3250000e+02;2.2758831e-01;3.3250000e+02;2.3862495e-01;3.3250000e+02;2.2153926e-01;3.3250000e+02;1.8327041e-01;3.3250000e+02;1.3275301e-01;3.3250000e+02;8.1584260e-02;3.3250000e+02;3.4691215e-02;3.3250000e+02;-7.0990236e-03;3.3250000e+02;1.2616068e-03;3.3250000e+02;1.5310822e-02;3.3250000e+02;3.3979438e-02;3.3250000e+02;5.7961859e-02;3.3250000e+02;8.4940366e-02;3.3250000e+02;1.1358834e-01;3.3250000e+02;1.3890752e-01;3.3250000e+02;1.5993889e-01;3.3250000e+02;1.7930967e-01;3.3250000e+02;2.0386209e-01;3.3250000e+02;2.2758831e-01;3.3250000e+02;2.3862495e-01;3.3250000e+02;2.2153926e-01;3.3250000e+02;1.8327041e-01;3.3250000e+02;1.3275301e-01;3.3250000e+02;8.1584260e-02;3.3250000e+02;3.4691215e-02;3.3250000e+02;-7.0990236e-03;3.3250000e+02;1.2616068e-03;3.3250000e+02;1.5310822e-02;3.3250000e+02;3.3979438e-02;3.3250000e+02;5.7961859e-02;3.3250000e+02;8.4940366e-02;3.3250000e+02;1.1358834e-01;3.3250000e+02;1.3890752e-01;3.3250000e+02;1.5993889e-01;3.3250000e+02;1.7930967e-01;3.3250000e+02;2.0386209e-01;3.3250000e+02;2.2758831e-01;3.3250000e+02;2.3862495e-01;3.3250000e+02;2.2153926e-01;3.3250000e+02;1.8327041e-01;3.3250000e+02;1.3275301e-01;3.3250000e+02;8.1584260e-02;3.3250000e+02;3.4691215e-02;3.3250000e+02;-7.0990236e-03;3.3250000e+02;1.2616068e-03;3.3250000e+02;1.5310822e-02;3.3250000e+02;3.3979438e-02;3.3250000e+02;5.7961859e-02;3.3250000e+02;8.4940366e-02;3.3250000e+02;1.1358834e-01;3.3250000e+02;1.3890752e-01;3.3250000e+02;1.5993889e-01;3.3250000e+02;1.7930967e-01;3.3250000e+02;2.0386209e-01;3.3250000e+02;2.2758831e-01;3.3250000e+02;2.3862495e-01;3.3250000e+02;2.2153926e-01;3.3250000e+02;1.8327041e-01;3.3250000e+02;1.3275301e-01;3.3250000e+02;8.1584260e-02;3.3250000e+02;3.4691215e-02;3.3250000e+02;-7.0990236e-03;3.3250000e+02;1.2616068e-03;3.3250000e+02;1.5310822e-02;3.3250000e+02;3.3979438e-02;3.3250000e+02;5.7961859e-02;3.3250000e+02;8.4940366e-02;3.3250000e+02;1.1358834e-01;3.3250000e+02;1.3890752e-01;3.3250000e+02;1.5993889e-01;3.3250000e+02;1.7930967e-01;3.3250000e+02;2.0386209e-01;3.3250000e+02;2.2758831e-01;3.3250000e+02;2.3862495e-01;3.3250000e+02;2.2153926e-01;3.3250000e+02;1.8327041e-01;3.3250000e+02;1.3275301e-01;3.3250000e+02;8.1584260e-02;3.3250000e+02;3.4691215e-02;3.3250000e+02;-7.0990236e-03;3.3250000e+02;1.2616068e-03;3.3250000e+02;1.5310822e-02;3.3250000e+02;3.3979438e-02;3.3250000e+02;5.7961859e-02;3.3250000e+02;8.4940366e-02;3.3250000e+02;1.1358834e-01;3.3250000e+02;1.3890752e-01;3.3250000e+02;1.5993889e-01;3.3250000e+02;1.7930967e-01;3.3250000e+02;2.0386209e-01;3.3250000e+02;2.2758831e-01;3.3250000e+02;2.3862495e-01;3.3250000e+02;2.2153926e-01;3.3250000e+02;1.8327041e-01;3.3250000e+02;1.3275301e-01;3.3250000e+02;8.1584260e-02;3.3250000e+02;3.4691215e-02;3.3250000e+02;-7.0990236e-03;3.3250000e+02;1.2616068e-03;3.3250000e+02;1.5310822e-02;3.3250000e+02;3.3979438e-02;3.3250000e+02;5.7961859e-02;3.3250000e+02;8.4940366e-02;3.3250000e+02;1.1358834e-01;3.3250000e+02;1.3890752e-01;3.3250000e+02;1.5993889e-01;3.3250000e+02;1.7930967e-01;3.3250000e+02;2.0386209e-01;3.3250000e+02;2.2758831e-01;3.3250000e+02;2.3862495e-01;3.3250000e+02;2.2153926e-01;3.3250000e+02;1.8327041e-01;3.3250000e+02;1.3275301e-01;3.3250000e+02;8.1584260e-02;3.3250000e+02;3.4691215e-02;3.3250000e+02;-7.0990236e-03;3.3250000e+02;1.2616068e-03;3.3250000e+02;1.5310822e-02;3.3250000e+02;3.3979438e-02;3.3250000e+02;5.7961859e-02;3.3250000e+02;8.4940366e-02;3.3250000e+02;1.1358834e-01;3.3250000e+02;1.3890752e-01;3.3250000e+02;1.5993889e-01;3.3250000e+02;1.7930967e-01;3.3250000e+02;2.0386209e-01;3.3250000e+02;2.2758831e-01;3.3250000e+02;2.3862495e-01;3.3250000e+02;2.2153926e-01;3.3250000e+02;1.8327041e-01;3.3250000e+02;1.3275301e-01;3.3250000e+02;8.1584260e-02;3.3250000e+02;3.4691215e-02;3.3250000e+02;-7.0990236e-03;3.3250000e+02;1.2616068e-03;3.3250000e+02;1.5310822e-02;3.3250000e+02;3.3979438e-02;3.3250000e+02;5.7961859e-02;3.3250000e+02;8.4940366e-02;3.3250000e+02;1.1358834e-01;3.3250000e+02;1.3890752e-01;3.3250000e+02;1.5993889e-01;3.3250000e+02;1.7930967e-01;3.3250000e+02;2.0386209e-01;3.3250000e+02;2.2758831e-01;3.3250000e+02;2.3862495e-01;3.3250000e+02;2.2153926e-01;3.3250000e+02;1.8327041e-01;3.3250000e+02;1.3275301e-01;3.3250000e+02;8.1584260e-02;3.3250000e+02;3.4691215e-02;3.3250000e+02;-7.0990236e-03;3.3250000e+02;1.2616068e-03;3.3250000e+02;1.5310822e-02;3.3250000e+02;3.3979438e-02;3.3250000e+02;5.7961859e-02;3.3250000e+02;8.4940366e-02;3.3250000e+02;1.1358834e-01;3.3250000e+02;1.3890752e-01;3.3250000e+02;1.5993889e-01;3.3250000e+02;1.7930967e-01;3.3250000e+02;2.0386209e-01;3.3250000e+02;2.2758831e-01;3.3250000e+02;2.3862495e-01;3.3250000e+02;2.2153926e-01;3.3250000e+02;1.8327041e-01;3.3250000e+02;1.3275301e-01;3.3250000e+02;8.1584260e-02;3.3250000e+02;3.4691215e-02;3.3250000e+02;-7.0990236e-03;3.3250000e+02;1.2616068e-03;3.3250000e+02;1.5310822e-02;3.3250000e+02;3.3979438e-02;3.3250000e+02;5.7961859e-02;3.3250000e+02;8.4940366e-02;3.3250000e+02;1.1358834e-01;3.3250000e+02;1.3890752e-01;3.3250000e+02;1.5993889e-01;3.3250000e+02;1.7930967e-01;3.3250000e+02;2.0386209e-01;3.3250000e+02;2.2758831e-01;3.3250000e+02;2.3862495e-01;3.3250000e+02;2.2153926e-01;3.3250000e+02;1.8327041e-01;3.3250000e+02;1.3275301e-01;3.3250000e+02;8.1584260e-02;3.3250000e+02;3.4691215e-02;3.3250000e+02;-7.0990236e-03;3.3250000e+02;1.2616068e-03;3.3250000e+02;1.5310822e-02;3.3250000e+02;3.3979438e-02;3.3250000e+02;5.7961859e-02;3.3250000e+02;8.4940366e-02;3.3250000e+02;1.1358834e-01;3.3250000e+02;1.3890752e-01;3.3250000e+02;1.5993889e-01;3.3250000e+02;1.7930967e-01;3.3250000e+02;2.0386209e-01;3.3250000e+02;2.2758831e-01;3.3250000e+02;2.3862495e-01;3.3250000e+02;2.2153926e-01;3.3250000e+02;1.8327041e-01;3.3250000e+02;1.3275301e-01;3.3250000e+02;8.1584260e-02;3.3250000e+02;3.4691215e-02;3.3250000e+02;-7.0990236e-03;3.3250000e+02;1.2616068e-03;3.3250000e+02;1.5310822e-02;3.3250000e+02;3.3979438e-02;3.3250000e+02;5.7961859e-02;3.3250000e+02;8.4940366e-02;3.3250000e+02;1.1358834e-01;3.3250000e+02;1.3890752e-01;3.3250000e+02;1.5993889e-01;3.3250000e+02;1.7930967e-01;3.3250000e+02;2.0386209e-01;3.3250000e+02;2.2758831e-01;3.3250000e+02;2.3862495e-01;3.3250000e+02;2.2153926e-01;3.3250000e+02;1.8327041e-01;3.3250000e+02;1.3275301e-01;3.3250000e+02;8.1584260e-02;3.3250000e+02;3.4691215e-02;3.3250000e+02;-7.0990236e-03;3.3250000e+02;1.2616068e-03;3.3250000e+02;1.5310822e-02;3.3250000e+02;3.3979438e-02;3.3250000e+02;5.7961859e-02;3.3250000e+02;8.4940366e-02;3.3250000e+02;1.1358834e-01;3.3250000e+02;1.3890752e-01;3.3250000e+02;1.5993889e-01;3.3250000e+02;1.7930967e-01;3.3250000e+02;2.0386209e-01;3.3250000e+02;2.2758831e-01;3.3250000e+02;2.3862495e-01;3.3250000e+02;2.2153926e-01;3.3250000e+02;1.8327041e-01;3.3250000e+02;1.3275301e-01;3.3250000e+02;8.1584260e-02;3.3250000e+02;3.4691215e-02;3.3250000e+02;-7.0990236e-03;3.3250000e+02;1.2616068e-03;3.3250000e+02;1.5310822e-02;3.3250000e+02;3.3979438e-02;3.3250000e+02;5.7961859e-02;3.3250000e+02;8.4940366e-02;3.3250000e+02;1.1358834e-01;3.3250000e+02;1.3890752e-01;3.3250000e+02;1.5993889e-01;3.3250000e+02;1.7930967e-01;3.3250000e+02;2.0386209e-01;3.3250000e+02;2.2758831e-01;3.3250000e+02;2.3862495e-01;3.3250000e+02;2.2153926e-01;3.3250000e+02;1.8327041e-01;3.3250000e+02;1.3275301e-01;3.3250000e+02;8.1584260e-02;3.3250000e+02;3.4691215e-02;3.3250000e+02;-7.0990236e-03;3.3250000e+02;1.2616068e-03;3.3250000e+02;1.5310822e-02;3.3250000e+02;3.3979438e-02;3.3250000e+02;5.7961859e-02;3.3250000e+02;8.4940366e-02;3.3250000e+02;1.1358834e-01;3.3250000e+02;1.3890752e-01;3.3250000e+02;1.5993889e-01;3.3250000e+02;1.7930967e-01;3.3250000e+02;2.0386209e-01;3.3250000e+02;2.2758831e-01;3.3250000e+02;2.3862495e-01;3.3250000e+02;2.2153926e-01;3.3250000e+02;1.8327041e-01;3.3250000e+02;1.3275301e-01;3.3250000e+02;8.1584260e-02;3.3250000e+02;3.4691215e-02;3.3250000e+02;-7.0990236e-03;3.3250000e+02;1.2616068e-03;3.3250000e+02;1.5310822e-02;3.3250000e+02;3.3979438e-02;3.3250000e+02;5.7961859e-02;3.3250000e+02;8.4940366e-02;3.3250000e+02;1.1358834e-01;3.3250000e+02;1.3890752e-01;3.3250000e+02;1.5993889e-01;3.3250000e+02;1.7930967e-01;3.3250000e+02;2.0386209e-01;3.3250000e+02;2.2758831e-01;3.3250000e+02;2.3862495e-01;3.3250000e+02;2.2153926e-01;3.3250000e+02;1.8327041e-01;3.3250000e+02;1.3275301e-01;3.3250000e+02;8.1584260e-02;3.3250000e+02;3.4691215e-02;3.3250000e+02;-7.0990236e-03;3.3250000e+02;1.2616068e-03;3.3250000e+02;1.5310822e-02;3.3250000e+02;3.3979438e-02;3.3250000e+02;5.7961859e-02;3.3250000e+02;8.4940366e-02;3.3250000e+02;1.1358834e-01;3.3250000e+02;1.3890752e-01;3.3250000e+02;1.5993889e-01;3.3250000e+02;1.7930967e-01;3.3250000e+02;2.0386209e-01;3.3250000e+02;2.2758831e-01;3.3250000e+02;2.3862495e-01;3.3250000e+02;2.2153926e-01;3.3250000e+02;1.8327041e-01;3.3250000e+02;1.3275301e-01;3.3250000e+02;8.1584260e-02;3.3250000e+02;3.4691215e-02;3.3250000e+02;-7.0990236e-03;3.3250000e+02;1.2616068e-03;3.3250000e+02;1.5310822e-02;3.3250000e+02;3.3979438e-02;3.3250000e+02;5.7961859e-02;3.3250000e+02;8.4940366e-02;3.3250000e+02;1.1358834e-01;3.3250000e+02;1.3890752e-01;3.3250000e+02;1.5993889e-01;3.3250000e+02;1.7930967e-01;3.3250000e+02;2.0386209e-01;3.3250000e+02;2.2758831e-01;3.3250000e+02;2.3862495e-01;3.3250000e+02;2.2153926e-01;3.3250000e+02;1.8327041e-01;3.3250000e+02;1.3275301e-01;3.3250000e+02;8.1584260e-02;3.3250000e+02;3.4691215e-02;3.3250000e+02;-7.0990236e-03;3.3250000e+02;1.2616068e-03;3.3250000e+02;1.5310822e-02;3.3250000e+02;3.3979438e-02;3.3250000e+02;5.7961859e-02;3.3250000e+02;8.4940366e-02;3.3250000e+02;1.1358834e-01;3.3250000e+02;1.3890752e-01;3.3250000e+02;1.5993889e-01;3.3250000e+02;1.7930967e-01;3.3250000e+02;2.0386209e-01;3.3250000e+02;2.2758831e-01;3.3250000e+02;2.3862495e-01;3.3250000e+02;2.2153926e-01;3.3250000e+02;1.8327041e-01;3.3250000e+02;1.3275301e-01;3.3250000e+02;8.1584260e-02;3.3250000e+02;3.4691215e-02;3.3250000e+02;-7.0990236e-03;3.3250000e+02;1.2616068e-03;3.3250000e+02;1.5310822e-02;3.3250000e+02;3.3979438e-02;3.3250000e+02;5.7961859e-02;3.3250000e+02;8.4940366e-02;3.3250000e+02;1.1358834e-01;3.3250000e+02;1.3890752e-01;3.3250000e+02;1.5993889e-01;3.3250000e+02;1.7930967e-01;3.3250000e+02;2.0386209e-01;3.3250000e+02;2.2758831e-01;3.3250000e+02;2.3862495e-01;3.3250000e+02;2.2153926e-01;3.3250000e+02;1.8327041e-01;3.3250000e+02;1.3275301e-01;3.3250000e+02;8.1584260e-02;3.3250000e+02;3.4691215e-02;3.3250000e+02;-7.0990236e-03;3.3250000e+02;1.2616068e-03;3.3250000e+02;1.5310822e-02;3.3250000e+02;3.3979438e-02;3.3250000e+02;5.7961859e-02;3.3250000e+02;8.4940366e-02;3.3250000e+02;1.1358834e-01;3.3250000e+02;1.3890752e-01;3.3250000e+02;1.5993889e-01;3.3250000e+02;1.7930967e-01;3.3250000e+02;2.0386209e-01;3.3250000e+02;2.2758831e-01;3.3250000e+02;2.3862495e-01;3.3250000e+02;2.2153926e-01;3.3250000e+02;1.8327041e-01;3.3250000e+02;1.3275301e-01;3.3250000e+02;8.1584260e-02;3.3250000e+02;3.4691215e-02;3.3250000e+02;-7.0990236e-03;3.3250000e+02;1.2616068e-03;3.3250000e+02;1.5310822e-02;3.3250000e+02;3.3979438e-02;3.3250000e+02;5.7961859e-02;3.3250000e+02;8.4940366e-02;3.3250000e+02;1.1358834e-01;3.3250000e+02;1.3890752e-01;3.3250000e+02;1.5993889e-01;3.3250000e+02;1.7930967e-01;3.3250000e+02;2.0386209e-01;3.3250000e+02;2.2758831e-01;3.3250000e+02;2.3862495e-01;3.3250000e+02;2.2153926e-01;3.3250000e+02;1.8327041e-01;3.3250000e+02;1.3275301e-01;3.3250000e+02;8.1584260e-02;3.3250000e+02;3.4691215e-02;3.3250000e+02;-7.0990236e-03;3.3250000e+02;1.2616068e-03;3.3250000e+02;1.5310822e-02;3.3250000e+02;3.3979438e-02;3.3250000e+02;5.7961859e-02;3.3250000e+02;8.4940366e-02;3.3250000e+02;1.1358834e-01;3.3250000e+02;1.3890752e-01;3.3250000e+02;1.5993889e-01;3.3250000e+02;1.7930967e-01;3.3250000e+02;2.0386209e-01;3.3250000e+02;2.2758831e-01;3.3250000e+02;2.3862495e-01;3.3250000e+02;2.2153926e-01;3.3250000e+02;1.8327041e-01;3.3250000e+02;1.3275301e-01;3.3250000e+02;8.1584260e-02;3.3250000e+02;3.4691215e-02;3.3250000e+02;-7.0990236e-03;3.3250000e+02;1.2616068e-03;3.3250000e+02;1.5310822e-02;3.3250000e+02;3.3979438e-02;3.3250000e+02;5.7961859e-02;3.3250000e+02;8.4940366e-02;3.3250000e+02;1.1358834e-01;3.3250000e+02;1.3890752e-01;3.3250000e+02;1.5993889e-01;3.3250000e+02;1.7930967e-01;3.3250000e+02;2.0386209e-01;3.3250000e+02;2.2758831e-01;3.3250000e+02;2.3862495e-01;3.3250000e+02;2.2153926e-01;3.3250000e+02;1.8327041e-01;3.3250000e+02;1.3275301e-01;3.3250000e+02;8.1584260e-02;3.3250000e+02;3.4691215e-02;3.3250000e+02;-7.0990236e-03;3.3250000e+02;1.2616068e-03;3.3250000e+02;1.5310822e-02;3.3250000e+02;3.3979438e-02;3.3250000e+02;5.7961859e-02;3.3250000e+02;8.4940366e-02;3.3250000e+02;1.1358834e-01;3.3250000e+02;1.3890752e-01;3.3250000e+02;1.5993889e-01;3.3250000e+02;1.7930967e-01;3.3250000e+02;2.0386209e-01;3.3250000e+02;2.2758831e-01;3.3250000e+02;2.3862495e-01;3.3250000e+02;2.2153926e-01;3.3250000e+02;1.8327041e-01;3.3250000e+02;1.3275301e-01;3.3250000e+02;8.1584260e-02;3.3250000e+02;3.4691215e-02;3.3250000e+02;-7.0990236e-03;3.3250000e+02;1.2616068e-03;3.3250000e+02;1.5310822e-02;3.3250000e+02;3.3979438e-02;3.3250000e+02;5.7961859e-02;3.3250000e+02;8.4940366e-02;3.3250000e+02;1.1358834e-01;3.3250000e+02;1.3890752e-01;3.3250000e+02;1.5993889e-01;3.3250000e+02;1.7930967e-01;3.3250000e+02;2.0386209e-01;3.3250000e+02;2.2758831e-01;3.3250000e+02;2.3862495e-01;3.3250000e+02;2.2153926e-01;3.3250000e+02;1.8327041e-01;3.3250000e+02;1.3275301e-01;3.3250000e+02;8.1584260e-02;3.3250000e+02;3.4691215e-02;3.3250000e+02;-7.0990236e-03;3.3250000e+02;1.2616068e-03;3.3250000e+02;1.5310822e-02;3.3250000e+02;3.3979438e-02;3.3250000e+02;5.7961859e-02;3.3250000e+02;8.4940366e-02;3.3250000e+02;1.1358834e-01;3.3250000e+02;1.3890752e-01;3.3250000e+02;1.5993889e-01;3.3250000e+02;1.7930967e-01;3.3250000e+02;2.0386209e-01;3.3250000e+02;2.2758831e-01;3.3250000e+02;2.3862495e-01;3.3250000e+02;2.2153926e-01;3.3250000e+02;1.8327041e-01;3.3250000e+02;1.3275301e-01;3.3250000e+02;8.1584260e-02;3.3250000e+02;3.4691215e-02;3.3250000e+02;-7.0990236e-03;3.3250000e+02;1.2616068e-03;3.3250000e+02;1.5310822e-02;3.3250000e+02;3.3979438e-02;3.3250000e+02;5.7961859e-02;3.3250000e+02;8.4940366e-02;3.3250000e+02;1.1358834e-01;3.3250000e+02;1.3890752e-01;3.3250000e+02;1.5993889e-01;3.3250000e+02;1.7930967e-01;3.3250000e+02;2.0386209e-01;3.3250000e+02;2.2758831e-01;3.3250000e+02;2.3862495e-01;3.3250000e+02;2.2153926e-01;3.3250000e+02;1.8327041e-01;3.3250000e+02;1.3275301e-01;3.3250000e+02;8.1584260e-02;3.3250000e+02;3.4691215e-02;3.3250000e+02;-7.0990236e-03;3.3250000e+02;1.2616068e-03;3.3250000e+02;1.5310822e-02;3.3250000e+02;3.3979438e-02;3.3250000e+02;5.7961859e-02;3.3250000e+02;8.4940366e-02;3.3250000e+02;1.1358834e-01;3.3250000e+02;1.3890752e-01;3.3250000e+02;1.5993889e-01;3.3250000e+02;1.7930967e-01;3.3250000e+02;2.0386209e-01;3.3250000e+02;2.2758831e-01;3.3250000e+02;2.3862495e-01;3.3250000e+02;2.2153926e-01;3.3250000e+02;1.8327041e-01;3.3250000e+02;1.3275301e-01;3.3250000e+02;8.1584260e-02;3.3250000e+02;3.4691215e-02;3.3250000e+02;-7.0990236e-03;3.3250000e+02;1.2616068e-03;3.3250000e+02;1.5310822e-02;3.3250000e+02;3.3979438e-02;3.3250000e+02;5.7961859e-02;3.3250000e+02;8.4940366e-02;3.3250000e+02;1.1358834e-01;3.3250000e+02;1.3890752e-01;3.3250000e+02;1.5993889e-01;3.3250000e+02;1.7930967e-01;3.3250000e+02;2.0386209e-01;3.3250000e+02;2.2758831e-01;3.3250000e+02;2.3862495e-01;3.3250000e+02;2.2153926e-01;3.3250000e+02;1.8327041e-01;3.3250000e+02;1.3275301e-01;3.3250000e+02;8.1584260e-02;3.3250000e+02;3.4691215e-02;3.3250000e+02;-7.0990236e-03;3.3250000e+02;1.2616068e-03;3.3250000e+02;1.5310822e-02;3.3250000e+02;3.3979438e-02;3.3250000e+02;5.7961859e-02;3.3250000e+02;8.4940366e-02;3.3250000e+02;1.1358834e-01;3.3250000e+02;1.3890752e-01;3.3250000e+02;1.5993889e-01;3.3250000e+02;1.7930967e-01;3.3250000e+02;2.0386209e-01;3.3250000e+02;2.2758831e-01;3.3250000e+02;2.3862495e-01;3.3250000e+02;2.2153926e-01;3.3250000e+02;1.8327041e-01;3.3250000e+02;1.3275301e-01;3.3250000e+02;8.1584260e-02;3.3250000e+02;3.4691215e-02;3.3250000e+02;-7.0990236e-03;3.3250000e+02;1.2616068e-03;3.3250000e+02;1.5310822e-02;3.3250000e+02;3.3979438e-02;3.3250000e+02;5.7961859e-02;3.3250000e+02;8.4940366e-02;3.3250000e+02;1.1358834e-01;3.3250000e+02;1.3890752e-01;3.3250000e+02;1.5993889e-01;3.3250000e+02;1.7930967e-01;3.3250000e+02;2.0386209e-01;3.3250000e+02;2.2758831e-01;3.3250000e+02;2.3862495e-01;3.3250000e+02;2.2153926e-01;3.3250000e+02;1.8327041e-01;3.3250000e+02;1.3275301e-01;3.3250000e+02;8.1584260e-02;3.3250000e+02;3.4691215e-02;3.3250000e+02;-7.0990236e-03;3.3250000e+02;1.2616068e-03;3.3250000e+02;1.5310822e-02;3.3250000e+02;3.3979438e-02;3.3250000e+02;5.7961859e-02;3.3250000e+02;8.4940366e-02;3.3250000e+02;1.1358834e-01;3.3250000e+02;1.3890752e-01;3.3250000e+02;1.5993889e-01;3.3250000e+02;1.7930967e-01;3.3250000e+02;2.0386209e-01;3.3250000e+02;2.2758831e-01;3.3250000e+02;2.3862495e-01;3.3250000e+02;2.2153926e-01;3.3250000e+02;1.8327041e-01;3.3250000e+02;1.3275301e-01;3.3250000e+02;8.1584260e-02;3.3250000e+02;3.4691215e-02;3.3250000e+02;-7.0990236e-03;3.3250000e+02;1.2616068e-03;3.3250000e+02;1.5310822e-02;3.3250000e+02;3.3979438e-02;3.3250000e+02;5.7961859e-02;3.3250000e+02;8.4940366e-02;3.3250000e+02;1.1358834e-01;3.3250000e+02;1.3890752e-01;3.3250000e+02;1.5993889e-01;3.3250000e+02;1.7930967e-01;3.3250000e+02;2.0386209e-01;3.3250000e+02;2.2758831e-01;3.3250000e+02;2.3862495e-01;3.3250000e+02;2.2153926e-01;3.3250000e+02;1.8327041e-01;3.3250000e+02;1.3275301e-01;3.3250000e+02;8.1584260e-02;3.3250000e+02;3.4691215e-02;3.3250000e+02;-7.0990236e-03;3.3250000e+02;1.2616068e-03;3.3250000e+02;1.5310822e-02;3.3250000e+02;3.3979438e-02;3.3250000e+02;5.7961859e-02;3.3250000e+02;8.4940366e-02;3.3250000e+02;1.1358834e-01;3.3250000e+02;1.3890752e-01;3.3250000e+02;1.5993889e-01;3.3250000e+02;1.7930967e-01;3.3250000e+02;2.0386209e-01;3.3250000e+02;2.2758831e-01;3.3250000e+02;2.3862495e-01;3.3250000e+02;2.2153926e-01;3.3250000e+02;1.8327041e-01;3.3250000e+02;1.3275301e-01;3.3250000e+02;8.1584260e-02;3.3250000e+02;3.4691215e-02;3.3250000e+02;-7.0990236e-03;3.3250000e+02;1.2616068e-03;3.3250000e+02;1.5310822e-02;3.3250000e+02;3.3979438e-02;3.3250000e+02;5.7961859e-02;3.3250000e+02;8.4940366e-02;3.3250000e+02;1.1358834e-01;3.3250000e+02;1.3890752e-01;3.3250000e+02;1.5993889e-01;3.3250000e+02;1.7930967e-01;3.3250000e+02;2.0386209e-01;3.3250000e+02;2.2758831e-01;3.3250000e+02;2.3862495e-01;3.3250000e+02;2.2153926e-01;3.3250000e+02;1.8327041e-01;3.3250000e+02;1.3275301e-01;3.3250000e+02;8.1584260e-02;3.3250000e+02;3.4691215e-02;3.3250000e+02;-7.0990236e-03;3.3250000e+02;1.2616068e-03;3.3250000e+02;1.5310822e-02;3.3250000e+02;3.3979438e-02;3.3250000e+02;5.7961859e-02;3.3250000e+02;8.4940366e-02;3.3250000e+02;1.1358834e-01;3.3250000e+02;1.3890752e-01;3.3250000e+02;1.5993889e-01;3.3250000e+02;1.7930967e-01;3.3250000e+02;2.0386209e-01;3.3250000e+02;2.2758831e-01;3.3250000e+02;2.3862495e-01;3.3250000e+02;2.2153926e-01;3.3250000e+02;1.8327041e-01;3.3250000e+02;1.3275301e-01;3.3250000e+02;8.1584260e-02;3.3250000e+02;3.4691215e-02;3.3250000e+02;-7.0990236e-03;3.3250000e+02;1.2616068e-03;3.3250000e+02;1.5310822e-02;3.3250000e+02;3.3979438e-02;3.3250000e+02;5.7961859e-02;3.3250000e+02;8.4940366e-02;3.3250000e+02;1.1358834e-01;3.3250000e+02;1.3890752e-01;3.3250000e+02;1.5993889e-01;3.3250000e+02;1.7930967e-01;3.3250000e+02;2.0386209e-01;3.3250000e+02;2.2758831e-01;3.3250000e+02;2.3862495e-01;3.3250000e+02;2.2153926e-01;3.3250000e+02;1.8327041e-01;3.3250000e+02;1.3275301e-01;3.3250000e+02;8.1584260e-02;3.3250000e+02;3.4691215e-02;3.3250000e+02;-7.0990236e-03;3.3250000e+02;1.2616068e-03;3.3250000e+02;1.5310822e-02;3.3250000e+02;3.3979438e-02;3.3250000e+02;5.7961859e-02;3.3250000e+02;8.4940366e-02;3.3250000e+02;1.1358834e-01;3.3250000e+02;1.3890752e-01;3.3250000e+02;1.5993889e-01;3.3250000e+02;1.7930967e-01;3.3250000e+02;2.0386209e-01;3.3250000e+02;2.2758831e-01;3.3250000e+02;2.3862495e-01;3.3250000e+02;2.2153926e-01;3.3250000e+02;1.8327041e-01;3.3250000e+02;1.3275301e-01;3.3250000e+02;8.1584260e-02;3.3250000e+02;3.4691215e-02;3.3250000e+02;-7.0990236e-03;3.3250000e+02;1.2616068e-03;3.3250000e+02;1.5310822e-02;3.3250000e+02;3.3979438e-02;3.3250000e+02;5.7961859e-02;3.3250000e+02;8.4940366e-02;3.3250000e+02;1.1358834e-01;3.3250000e+02;1.3890752e-01;3.3250000e+02;1.5993889e-01;3.3250000e+02;1.7930967e-01;3.3250000e+02;2.0386209e-01;3.3250000e+02;2.2758831e-01;3.3250000e+02;2.3862495e-01;3.3250000e+02;2.2153926e-01;3.3250000e+02;1.8327041e-01;3.3250000e+02;1.3275301e-01;3.3250000e+02;8.1584260e-02;3.3250000e+02;3.4691215e-02;3.3250000e+02;-7.0990236e-03;3.3250000e+02;1.2616068e-03;3.3250000e+02;1.5310822e-02;3.3250000e+02;3.3979438e-02;3.3250000e+02;5.7961859e-02;3.3250000e+02;8.4940366e-02;3.3250000e+02;1.1358834e-01;3.3250000e+02;1.3890752e-01;3.3250000e+02;1.5993889e-01;3.3250000e+02;1.7930967e-01;3.3250000e+02;2.0386209e-01;3.3250000e+02;2.2758831e-01;3.3250000e+02;2.3862495e-01;3.3250000e+02;2.2153926e-01;3.3250000e+02;1.8327041e-01;3.3250000e+02;1.3275301e-01;3.3250000e+02;8.1584260e-02;3.3250000e+02;3.4691215e-02;3.3250000e+02;-7.0990236e-03;3.3250000e+02;1.2616068e-03;3.3250000e+02;1.5310822e-02;3.3250000e+02;3.3979438e-02;3.3250000e+02;5.7961859e-02;3.3250000e+02;8.4940366e-02;3.3250000e+02;1.1358834e-01;3.3250000e+02;1.3890752e-01;3.3250000e+02;1.5993889e-01;3.3250000e+02;1.7930967e-01;3.3250000e+02;2.0386209e-01;3.3250000e+02;2.2758831e-01;3.3250000e+02;2.3862495e-01;3.3250000e+02;2.2153926e-01;3.3250000e+02;1.8327041e-01;3.3250000e+02;1.3275301e-01;3.3250000e+02;8.1584260e-02;3.3250000e+02;3.4691215e-02;3.3250000e+02;-7.0990236e-03;3.3250000e+02;1.2616068e-03;3.3250000e+02;1.5310822e-02;3.3250000e+02;3.3979438e-02;3.3250000e+02;5.7961859e-02;3.3250000e+02;8.4940366e-02;3.3250000e+02;1.1358834e-01;3.3250000e+02;1.3890752e-01;3.3250000e+02;1.5993889e-01;3.3250000e+02;1.7930967e-01;3.3250000e+02;2.0386209e-01;3.3250000e+02;2.2758831e-01;3.3250000e+02;2.3862495e-01;3.3250000e+02;2.2153926e-01;3.3250000e+02;1.8327041e-01;3.3250000e+02;1.3275301e-01;3.3250000e+02;8.1584260e-02;3.3250000e+02;3.4691215e-02;3.3250000e+02;-7.0990236e-03;3.3250000e+02;1.2616068e-03;3.3250000e+02;1.5310822e-02;3.3250000e+02;3.3979438e-02;3.3250000e+02;5.7961859e-02;3.3250000e+02;8.4940366e-02;3.3250000e+02;1.1358834e-01;3.3250000e+02;1.3890752e-01;3.3250000e+02;1.5993889e-01;3.3250000e+02;1.7930967e-01;3.3250000e+02;2.0386209e-01;3.3250000e+02;2.2758831e-01;3.3250000e+02;2.3862495e-01;3.3250000e+02;2.2153926e-01;3.3250000e+02;1.8327041e-01;3.3250000e+02;1.3275301e-01;3.3250000e+02;8.1584260e-02;3.3250000e+02;3.4691215e-02;3.3250000e+02;-7.0990236e-03;3.3250000e+02;1.2616068e-03;3.3250000e+02;1.5310822e-02;3.3250000e+02;3.3979438e-02;3.3250000e+02;5.7961859e-02;3.3250000e+02;8.4940366e-02;3.3250000e+02;1.1358834e-01;3.3250000e+02;1.3890752e-01;3.3250000e+02;1.5993889e-01;3.3250000e+02;1.7930967e-01;3.3250000e+02;2.0386209e-01;3.3250000e+02;2.2758831e-01;3.3250000e+02;2.3862495e-01;3.3250000e+02;2.2153926e-01;3.3250000e+02;1.8327041e-01;3.3250000e+02;1.3275301e-01;3.3250000e+02;8.1584260e-02;3.3250000e+02;3.4691215e-02;3.3250000e+02;-7.0990236e-03;3.3250000e+02;1.2616068e-03;3.3250000e+02;1.5310822e-02;3.3250000e+02;3.3979438e-02;3.3250000e+02;5.7961859e-02;3.3250000e+02;8.4940366e-02;3.3250000e+02;1.1358834e-01;3.3250000e+02;1.3890752e-01;3.3250000e+02;1.5993889e-01;3.3250000e+02;1.7930967e-01;3.3250000e+02;2.0386209e-01;3.3250000e+02;2.2758831e-01;3.3250000e+02;2.3862495e-01;3.3250000e+02;2.2153926e-01;3.3250000e+02;1.8327041e-01;3.3250000e+02;1.3275301e-01;3.3250000e+02;8.1584260e-02;3.3250000e+02;3.4691215e-02;3.3250000e+02;-7.0990236e-03;3.3250000e+02;1.2616068e-03;3.3250000e+02;1.5310822e-02;3.3250000e+02;3.3979438e-02;3.3250000e+02;5.7961859e-02;3.3250000e+02;8.4940366e-02;3.3250000e+02;1.1358834e-01;3.3250000e+02;1.3890752e-01;3.3250000e+02;1.5993889e-01;3.3250000e+02;1.7930967e-01;3.3250000e+02;2.0386209e-01;3.3250000e+02;2.2758831e-01;3.3250000e+02;2.3862495e-01;3.3250000e+02;2.2153926e-01;3.3250000e+02;1.8327041e-01;3.3250000e+02;1.3275301e-01;3.3250000e+02;8.1584260e-02;3.3250000e+02;3.4691215e-02;3.3250000e+02;-7.0990236e-03;3.3250000e+02;1.2616068e-03;3.3250000e+02;1.5310822e-02;3.3250000e+02;3.3979438e-02;3.3250000e+02;5.7961859e-02;3.3250000e+02;8.4940366e-02;3.3250000e+02;1.1358834e-01;3.3250000e+02;1.3890752e-01;3.3250000e+02;1.5993889e-01;3.3250000e+02;1.7930967e-01;3.3250000e+02;2.0386209e-01;3.3250000e+02;2.2758831e-01;3.3250000e+02;2.3862495e-01;3.3250000e+02;2.2153926e-01;3.3250000e+02;1.8327041e-01;3.3250000e+02;1.3275301e-01;3.3250000e+02;8.1584260e-02;3.3250000e+02;3.4691215e-02;3.3250000e+02;-7.0990236e-03;3.3250000e+02;1.2616068e-03;3.3250000e+02;1.5310822e-02;3.3250000e+02;3.3979438e-02;3.3250000e+02;5.7961859e-02;3.3250000e+02;8.4940366e-02;3.3250000e+02;1.1358834e-01;3.3250000e+02;1.3890752e-01;3.3250000e+02;1.5993889e-01;3.3250000e+02;1.7930967e-01;3.3250000e+02;2.0386209e-01;3.3250000e+02;2.2758831e-01;3.3250000e+02;2.3862495e-01;3.3250000e+02;2.2153926e-01;3.3250000e+02;1.8327041e-01;3.3250000e+02;1.3275301e-01;3.3250000e+02;8.1584260e-02;3.3250000e+02;3.4691215e-02;3.3250000e+02;-7.0990236e-03;3.3250000e+02;1.2616068e-03;3.3250000e+02;1.5310822e-02;3.3250000e+02;3.3979438e-02;3.3250000e+02;5.7961859e-02;3.3250000e+02;8.4940366e-02;3.3250000e+02;1.1358834e-01;3.3250000e+02;1.3890752e-01;3.3250000e+02;1.5993889e-01;3.3250000e+02;1.7930967e-01;3.3250000e+02;2.0386209e-01;3.3250000e+02;2.2758831e-01;3.3250000e+02;2.3862495e-01;3.3250000e+02;2.2153926e-01;3.3250000e+02;1.8327041e-01;3.3250000e+02;1.3275301e-01;3.3250000e+02;8.1584260e-02;3.3250000e+02;3.4691215e-02;3.3250000e+02;-7.0990236e-03;3.3250000e+02;1.2616068e-03;3.3250000e+02;1.5310822e-02;3.3250000e+02;3.3979438e-02;3.3250000e+02;5.7961859e-02;3.3250000e+02;8.4940366e-02;3.3250000e+02;1.1358834e-01;3.3250000e+02;1.3890752e-01;3.3250000e+02;1.5993889e-01;3.3250000e+02;1.7930967e-01;3.3250000e+02;2.0386209e-01;3.3250000e+02;2.2758831e-01;3.3250000e+02;2.3862495e-01;3.3250000e+02;2.2153926e-01;3.3250000e+02;1.8327041e-01;3.3250000e+02;1.3275301e-01;3.3250000e+02;8.1584260e-02;3.3250000e+02;3.4691215e-02;3.3250000e+02;-7.0990236e-03;3.3250000e+02;1.2616068e-03;3.3250000e+02;1.5310822e-02;3.3250000e+02;3.3979438e-02;3.3250000e+02;5.7961859e-02;3.3250000e+02;8.4940366e-02;3.3250000e+02;1.1358834e-01;3.3250000e+02;1.3890752e-01;3.3250000e+02;1.5993889e-01;3.3250000e+02;1.7930967e-01;3.3250000e+02;2.0386209e-01;3.3250000e+02;2.2758831e-01;3.3250000e+02;2.3862495e-01;3.3250000e+02;2.2153926e-01;3.3250000e+02;1.8327041e-01;3.3250000e+02;1.3275301e-01;3.3250000e+02;8.1584260e-02;3.3250000e+02;3.4691215e-02;3.3250000e+02;-7.0990236e-03;3.3250000e+02;1.2616068e-03;3.3250000e+02;1.5310822e-02;3.3250000e+02;3.3979438e-02;3.3250000e+02;5.7961859e-02;3.3250000e+02;8.4940366e-02;3.3250000e+02;1.1358834e-01;3.3250000e+02;1.3890752e-01;3.3250000e+02;1.5993889e-01;3.3250000e+02;1.7930967e-01;3.3250000e+02;2.0386209e-01;3.3250000e+02;2.2758831e-01;3.3250000e+02;2.3862495e-01;3.3250000e+02;2.2153926e-01;3.3250000e+02;1.8327041e-01;3.3250000e+02;1.3275301e-01;3.3250000e+02;8.1584260e-02;3.3250000e+02;3.4691215e-02;3.3250000e+02;-7.0990236e-03;3.3250000e+02;1.2616068e-03;3.3250000e+02;1.5310822e-02;3.3250000e+02;3.3979438e-02;3.3250000e+02;5.7961859e-02;3.3250000e+02;8.4940366e-02;3.3250000e+02;1.1358834e-01;3.3250000e+02;1.3890752e-01;3.3250000e+02;1.5993889e-01;3.3250000e+02;1.7930967e-01;3.3250000e+02;2.0386209e-01;3.3250000e+02;2.2758831e-01;3.3250000e+02;2.3862495e-01;3.3250000e+02;2.2153926e-01;3.3250000e+02;1.8327041e-01;3.3250000e+02;1.3275301e-01;3.3250000e+02;8.1584260e-02;3.3250000e+02;3.4691215e-02;3.3250000e+02;-7.0990236e-03;3.3250000e+02;1.2616068e-03;3.3250000e+02;1.5310822e-02;3.3250000e+02;3.3979438e-02;3.3250000e+02;5.7961859e-02;3.3250000e+02;8.4940366e-02;3.3250000e+02;1.1358834e-01;3.3250000e+02;1.3890752e-01;3.3250000e+02;1.5993889e-01;3.3250000e+02;1.7930967e-01;3.3250000e+02;2.0386209e-01;3.3250000e+02;2.2758831e-01;3.3250000e+02;2.3862495e-01;3.3250000e+02;2.2153926e-01;3.3250000e+02;1.8327041e-01;3.3250000e+02;1.3275301e-01;3.3250000e+02;8.1584260e-02;3.3250000e+02;3.4691215e-02;3.3250000e+02;-7.0990236e-03;3.3250000e+02;1.2616068e-03;3.3250000e+02;1.5310822e-02;3.3250000e+02;3.3979438e-02;3.3250000e+02;5.7961859e-02;3.3250000e+02;8.4940366e-02;3.3250000e+02;1.1358834e-01;3.3250000e+02;1.3890752e-01;3.3250000e+02;1.5993889e-01;3.3250000e+02;1.7930967e-01;3.3250000e+02;2.0386209e-01;3.3250000e+02;2.2758831e-01;3.3250000e+02;2.3862495e-01;3.3250000e+02;2.2153926e-01;3.3250000e+02;1.8327041e-01;3.3250000e+02;1.3275301e-01;3.3250000e+02;8.1584260e-02;3.3250000e+02;3.4691215e-02;3.3250000e+02;-7.0990236e-03;3.3250000e+02;1.2616068e-03;3.3250000e+02;1.5310822e-02;3.3250000e+02;3.3979438e-02;3.3250000e+02;5.7961859e-02;3.3250000e+02;8.4940366e-02;3.3250000e+02;1.1358834e-01;3.3250000e+02;1.3890752e-01;3.3250000e+02;1.5993889e-01;3.3250000e+02;1.7930967e-01;3.3250000e+02;2.0386209e-01;3.3250000e+02;2.2758831e-01;3.3250000e+02;2.3862495e-01;3.3250000e+02;2.2153926e-01;3.3250000e+02;1.8327041e-01;3.3250000e+02;1.3275301e-01;3.3250000e+02;8.1584260e-02;3.3250000e+02;3.4691215e-02;3.3250000e+02;-7.0990236e-03;3.3250000e+02;1.2616068e-03;3.3250000e+02;1.5310822e-02;3.3250000e+02;3.3979438e-02;3.3250000e+02;5.7961859e-02;3.3250000e+02;8.4940366e-02;3.3250000e+02;1.1358834e-01;3.3250000e+02;1.3890752e-01;3.3250000e+02;1.5993889e-01;3.3250000e+02;1.7930967e-01;3.3250000e+02;2.0386209e-01;3.3250000e+02;2.2758831e-01;3.3250000e+02;2.3862495e-01;3.3250000e+02;2.2153926e-01;3.3250000e+02;1.8327041e-01;3.3250000e+02;1.3275301e-01;3.3250000e+02;8.1584260e-02;3.3250000e+02;3.4691215e-02;3.3250000e+02;-7.0990236e-03;3.3250000e+02;1.2616068e-03;3.3250000e+02;1.5310822e-02;3.3250000e+02;3.3979438e-02;3.3250000e+02;5.7961859e-02;3.3250000e+02;8.4940366e-02;3.3250000e+02;1.1358834e-01;3.3250000e+02;1.3890752e-01;3.3250000e+02;1.5993889e-01;3.3250000e+02;1.7930967e-01;3.3250000e+02;2.0386209e-01;3.3250000e+02;2.2758831e-01;3.3250000e+02;2.3862495e-01;3.3250000e+02;2.2153926e-01;3.3250000e+02;1.8327041e-01;3.3250000e+02;1.3275301e-01;3.3250000e+02;8.1584260e-02;3.3250000e+02;3.4691215e-02;3.3250000e+02;-7.0990236e-03;3.3250000e+02;1.2616068e-03;3.3250000e+02;1.5310822e-02;3.3250000e+02;3.3979438e-02;3.3250000e+02;5.7961859e-02;3.3250000e+02;8.4940366e-02;3.3250000e+02;1.1358834e-01;3.3250000e+02;1.3890752e-01;3.3250000e+02;1.5993889e-01;3.3250000e+02;1.7930967e-01;3.3250000e+02;2.0386209e-01;3.3250000e+02;2.2758831e-01;3.3250000e+02;2.3862495e-01;3.3250000e+02;2.2153926e-01;3.3250000e+02;1.8327041e-01;3.3250000e+02;1.3275301e-01;3.3250000e+02;8.1584260e-02;3.3250000e+02;3.4691215e-02;3.3250000e+02;-7.0990236e-03;3.3250000e+02;1.2616068e-03;3.3250000e+02;1.5310822e-02;3.3250000e+02;3.3979438e-02;3.3250000e+02;5.7961859e-02;3.3250000e+02;8.4940366e-02;3.3250000e+02;1.1358834e-01;3.3250000e+02;1.3890752e-01;3.3250000e+02;1.5993889e-01;3.3250000e+02;1.7930967e-01;3.3250000e+02;2.0386209e-01;3.3250000e+02;2.2758831e-01;3.3250000e+02;2.3862495e-01;3.3250000e+02;2.2153926e-01;3.3250000e+02;1.8327041e-01;3.3250000e+02;1.3275301e-01;3.3250000e+02;8.1584260e-02;3.3250000e+02;3.4691215e-02;3.3250000e+02;-7.0990236e-03;3.3250000e+02;1.2616068e-03;3.3250000e+02;1.5310822e-02;3.3250000e+02;3.3979438e-02;3.3250000e+02;5.7961859e-02;3.3250000e+02;8.4940366e-02;3.3250000e+02;1.1358834e-01;3.3250000e+02;1.3890752e-01;3.3250000e+02;1.5993889e-01;3.3250000e+02;1.7930967e-01;3.3250000e+02;2.0386209e-01;3.3250000e+02;2.2758831e-01;3.3250000e+02;2.3862495e-01;3.3250000e+02;2.2153926e-01;3.3250000e+02;1.8327041e-01;3.3250000e+02;1.3275301e-01;3.3250000e+02;8.1584260e-02;3.3250000e+02;3.4691215e-02;3.3250000e+02;-7.0990236e-03;3.3250000e+02;1.2616068e-03;3.3250000e+02;1.5310822e-02;3.3250000e+02;3.3979438e-02;3.3250000e+02;5.7961859e-02;3.3250000e+02;8.4940366e-02;3.3250000e+02;1.1358834e-01;3.3250000e+02;1.3890752e-01;3.3250000e+02;1.5993889e-01;3.3250000e+02;1.7930967e-01;3.3250000e+02;2.0386209e-01;3.3250000e+02;2.2758831e-01;3.3250000e+02;2.3862495e-01;3.3250000e+02;2.2153926e-01;3.3250000e+02;1.8327041e-01;3.3250000e+02;1.3275301e-01;3.3250000e+02;8.1584260e-02;3.3250000e+02;3.4691215e-02;3.3250000e+02;-7.0990236e-03;3.3250000e+02;1.2616068e-03;3.3250000e+02;1.5310822e-02;3.3250000e+02;3.3979438e-02;3.3250000e+02;5.7961859e-02;3.3250000e+02;8.4940366e-02;3.3250000e+02;1.1358834e-01;3.3250000e+02;1.3890752e-01;3.3250000e+02;1.5993889e-01;3.3250000e+02;1.7930967e-01;3.3250000e+02;2.0386209e-01;3.3250000e+02;2.2758831e-01;3.3250000e+02;2.3862495e-01;3.3250000e+02;2.2153926e-01;3.3250000e+02;1.8327041e-01;3.3250000e+02;1.3275301e-01;3.3250000e+02;8.1584260e-02;3.3250000e+02;3.4691215e-02;3.3250000e+02;-7.0990236e-03;3.3250000e+02;1.2616068e-03;3.3250000e+02;1.5310822e-02;3.3250000e+02;3.3979438e-02;3.3250000e+02;5.7961859e-02;3.3250000e+02;8.4940366e-02;3.3250000e+02;1.1358834e-01;3.3250000e+02;1.3890752e-01;3.3250000e+02;1.5993889e-01;3.3250000e+02;1.7930967e-01;3.3250000e+02;2.0386209e-01;3.3250000e+02;2.2758831e-01;3.3250000e+02;2.3862495e-01;3.3250000e+02;2.2153926e-01;3.3250000e+02;1.8327041e-01;3.3250000e+02;1.3275301e-01;3.3250000e+02;8.1584260e-02;3.3250000e+02;3.4691215e-02;3.3250000e+02;-7.0990236e-03;3.3250000e+02;1.2616068e-03;3.3250000e+02;1.5310822e-02;3.3250000e+02;3.3979438e-02;3.3250000e+02;5.7961859e-02;3.3250000e+02;8.4940366e-02;3.3250000e+02;1.1358834e-01;3.3250000e+02;1.3890752e-01;3.3250000e+02;1.5993889e-01;3.3250000e+02;1.7930967e-01;3.3250000e+02;2.0386209e-01;3.3250000e+02;2.2758831e-01;3.3250000e+02;2.3862495e-01;3.3250000e+02;2.2153926e-01;3.3250000e+02;1.8327041e-01;3.3250000e+02;1.3275301e-01;3.3250000e+02;8.1584260e-02;3.3250000e+02;3.4691215e-02;3.3250000e+02;-7.0990236e-03;3.3250000e+02;1.2616068e-03;3.3250000e+02;1.5310822e-02;3.3250000e+02;3.3979438e-02;3.3250000e+02;5.7961859e-02;3.3250000e+02;8.4940366e-02;3.3250000e+02;1.1358834e-01;3.3250000e+02;1.3890752e-01;3.3250000e+02;1.5993889e-01;3.3250000e+02;1.7930967e-01;3.3250000e+02;2.0386209e-01;3.3250000e+02;2.2758831e-01;3.3250000e+02;2.3862495e-01;3.3250000e+02;2.2153926e-01;3.3250000e+02;1.8327041e-01;3.3250000e+02;1.3275301e-01;3.3250000e+02;8.1584260e-02;3.3250000e+02;3.4691215e-02;3.3250000e+02;-7.0990236e-03;3.3250000e+02;1.2616068e-03;3.3250000e+02;1.5310822e-02;3.3250000e+02;3.3979438e-02;3.3250000e+02;5.7961859e-02;3.3250000e+02;8.4940366e-02;3.3250000e+02;1.1358834e-01;3.3250000e+02;1.3890752e-01;3.3250000e+02;1.5993889e-01;3.3250000e+02;1.7930967e-01;3.3250000e+02;2.0386209e-01;3.3250000e+02;2.2758831e-01;3.3250000e+02;2.3862495e-01;3.3250000e+02;2.2153926e-01;3.3250000e+02;1.8327041e-01;3.3250000e+02;1.3275301e-01;3.3250000e+02;8.1584260e-02;3.3250000e+02;3.4691215e-02;3.3250000e+02;-7.0990236e-03;3.3250000e+02;1.2616068e-03;3.3250000e+02;1.5310822e-02;3.3250000e+02;3.3979438e-02;3.3250000e+02;5.7961859e-02;3.3250000e+02;8.4940366e-02;3.3250000e+02;1.1358834e-01;3.3250000e+02;1.3890752e-01;3.3250000e+02;1.5993889e-01;3.3250000e+02;1.7930967e-01;3.3250000e+02;2.0386209e-01;3.3250000e+02;2.2758831e-01;3.3250000e+02;2.3862495e-01;3.3250000e+02;2.2153926e-01;3.3250000e+02;1.8327041e-01;3.3250000e+02;1.3275301e-01;3.3250000e+02;8.1584260e-02;3.3250000e+02;3.4691215e-02;3.3250000e+02;-7.0990236e-03;3.3250000e+02;1.2616068e-03;3.3250000e+02;1.5310822e-02;3.3250000e+02;3.3979438e-02;3.3250000e+02;5.7961859e-02;3.3250000e+02;8.4940366e-02;3.3250000e+02;1.1358834e-01;3.3250000e+02;1.3890752e-01;3.3250000e+02;1.5993889e-01;3.3250000e+02;1.7930967e-01;3.3250000e+02;2.0386209e-01;3.3250000e+02;2.2758831e-01;3.3250000e+02;2.3862495e-01;3.3250000e+02;2.2153926e-01;3.3250000e+02;1.8327041e-01;3.3250000e+02;1.3275301e-01;3.3250000e+02;8.1584260e-02;3.3250000e+02;3.4691215e-02;3.3250000e+02;-7.0990236e-03;3.3250000e+02;1.2616068e-03;3.3250000e+02;1.5310822e-02;3.3250000e+02;3.3979438e-02;3.3250000e+02;5.7961859e-02;3.3250000e+02;8.4940366e-02;3.3250000e+02;1.1358834e-01;3.3250000e+02;1.3890752e-01;3.3250000e+02;1.5993889e-01;3.3250000e+02;1.7930967e-01;3.3250000e+02;2.0386209e-01;3.3250000e+02;2.2758831e-01;3.3250000e+02;2.3862495e-01;3.3250000e+02;2.2153926e-01;3.3250000e+02;1.8327041e-01;3.3250000e+02;1.3275301e-01;3.3250000e+02;8.1584260e-02;3.3250000e+02;3.4691215e-02;3.3250000e+02;-7.0990236e-03;3.3250000e+02;1.2616068e-03;3.3250000e+02;1.5310822e-02;3.3250000e+02;3.3979438e-02;3.3250000e+02;5.7961859e-02;3.3250000e+02;8.4940366e-02;3.3250000e+02;1.1358834e-01;3.3250000e+02;1.3890752e-01;3.3250000e+02;1.5993889e-01;3.3250000e+02;1.7930967e-01;3.3250000e+02;2.0386209e-01;3.3250000e+02;2.2758831e-01;3.3250000e+02;2.3862495e-01;3.3250000e+02;2.2153926e-01;3.3250000e+02;1.8327041e-01;3.3250000e+02;1.3275301e-01;3.3250000e+02;8.1584260e-02;3.3250000e+02;3.4691215e-02;3.3250000e+02;-7.0990236e-03;3.3250000e+02;1.2616068e-03;3.3250000e+02;1.5310822e-02;3.3250000e+02;3.3979438e-02;3.3250000e+02;5.7961859e-02;3.3250000e+02;8.4940366e-02;3.3250000e+02;1.1358834e-01;3.3250000e+02;1.3890752e-01;3.3250000e+02;1.5993889e-01;3.3250000e+02;1.7930967e-01;3.3250000e+02;2.0386209e-01;3.3250000e+02;2.2758831e-01;3.3250000e+02;2.3862495e-01;3.3250000e+02;2.2153926e-01;3.3250000e+02;1.8327041e-01;3.3250000e+02;1.3275301e-01;3.3250000e+02;8.1584260e-02;3.3250000e+02;3.4691215e-02;3.3250000e+02;-7.0990236e-03;3.3250000e+02;1.2616068e-03;3.3250000e+02;1.5310822e-02;3.3250000e+02;3.3979438e-02;3.3250000e+02;5.7961859e-02;3.3250000e+02;8.4940366e-02;3.3250000e+02;1.1358834e-01;3.3250000e+02;1.3890752e-01;3.3250000e+02;1.5993889e-01;3.3250000e+02;1.7930967e-01;3.3250000e+02;2.0386209e-01;3.3250000e+02;2.2758831e-01;3.3250000e+02;2.3862495e-01;3.3250000e+02;2.2153926e-01;3.3250000e+02;1.8327041e-01;3.3250000e+02;1.3275301e-01;3.3250000e+02;8.1584260e-02;3.3250000e+02;3.4691215e-02;3.3250000e+02;-7.0990236e-03;3.3250000e+02;1.2616068e-03;3.3250000e+02;1.5310822e-02;3.3250000e+02;3.3979438e-02;3.3250000e+02;5.7961859e-02;3.3250000e+02;8.4940366e-02;3.3250000e+02;1.1358834e-01;3.3250000e+02;1.3890752e-01;3.3250000e+02;1.5993889e-01;3.3250000e+02;1.7930967e-01;3.3250000e+02;2.0386209e-01;3.3250000e+02;2.2758831e-01;3.3250000e+02;2.3862495e-01;3.3250000e+02;2.2153926e-01;3.3250000e+02;1.8327041e-01;3.3250000e+02;1.3275301e-01;3.3250000e+02;8.1584260e-02;3.3250000e+02;3.4691215e-02;3.3250000e+02;-7.0990236e-03;3.3250000e+02;1.2616068e-03;3.3250000e+02;1.5310822e-02;3.3250000e+02;3.3979438e-02;3.3250000e+02;5.7961859e-02;3.3250000e+02;8.4940366e-02;3.3250000e+02;1.1358834e-01;3.3250000e+02;1.3890752e-01;3.3250000e+02;1.5993889e-01;3.3250000e+02;1.7930967e-01;3.3250000e+02;2.0386209e-01;3.3250000e+02;2.2758831e-01;3.3250000e+02;2.3862495e-01;3.3250000e+02;2.2153926e-01;3.3250000e+02;1.8327041e-01;3.3250000e+02;1.3275301e-01;3.3250000e+02;8.1584260e-02;3.3250000e+02;3.4691215e-02
3.3750000e+02;-8.3189253e-03;3.3750000e+02;-1.3816301e-03;3.3750000e+02;1.1568828e-02;3.3750000e+02;2.9740062e-02;3.3750000e+02;5.2538719e-02;3.3750000e+02;7.8159481e-02;3.3750000e+02;1.0411187e-01;3.3750000e+02;1.2748088e-01;3.3750000e+02;1.4700511e-01;3.3750000e+02;1.6678980e-01;3.3750000e+02;1.9314647e-01;3.3750000e+02;2.1940246e-01;3.3750000e+02;2.3227182e-01;3.3750000e+02;2.1811296e-01;3.3750000e+02;1.8161419e-01;3.3750000e+02;1.3218114e-01;3.3750000e+02;8.1254199e-02;3.3750000e+02;3.4680095e-02;3.3750000e+02;-8.3189253e-03;3.3750000e+02;-1.3816301e-03;3.3750000e+02;1.1568828e-02;3.3750000e+02;2.9740062e-02;3.3750000e+02;5.2538719e-02;3.3750000e+02;7.8159481e-02;3.3750000e+02;1.0411187e-01;3.3750000e+02;1.2748088e-01;3.3750000e+02;1.4700511e-01;3.3750000e+02;1.6678980e-01;3.3750000e+02;1.9314647e-01;3.3750000e+02;2.1940246e-01;3.3750000e+02;2.3227182e-01;3.3750000e+02;2.1811296e-01;3.3750000e+02;1.8161419e-01;3.3750000e+02;1.3218114e-01;3.3750000e+02;8.1254199e-02;3.3750000e+02;3.4680095e-02;3.3750000e+02;-8.3189253e-03;3.3750000e+02;-1.3816301e-03;3.3750000e+02;1.1568828e-02;3.3750000e+02;2.9740062e-02;3.3750000e+02;5.2538719e-02;3.3750000e+02;7.8159481e-02;3.3750000e+02;1.0411187e-01;3.3750000e+02;1.2748088e-01;3.3750000e+02;1.4700511e-01;3.3750000e+02;1.6678980e-01;3.3750000e+02;1.9314647e-01;3.3750000e+02;2.1940246e-01;3.3750000e+02;2.3227182e-01;3.3750000e+02;2.1811296e-01;3.3750000e+02;1.8161419e-01;3.3750000e+02;1.3218114e-01;3.3750000e+02;8.1254199e-02;3.3750000e+02;3.4680095e-02;3.3750000e+02;-8.3189253e-03;3.3750000e+02;-1.3816301e-03;3.3750000e+02;1.1568828e-02;3.3750000e+02;2.9740062e-02;3.3750000e+02;5.2538719e-02;3.3750000e+02;7.8159481e-02;3.3750000e+02;1.0411187e-01;3.3750000e+02;1.2748088e-01;3.3750000e+02;1.4700511e-01;3.3750000e+02;1.6678980e-01;3.3750000e+02;1.9314647e-01;3.3750000e+02;2.1940246e-01;3.3750000e+02;2.3227182e-01;3.3750000e+02;2.1811296e-01;3.3750000e+02;1.8161419e-01;3.3750000e+02;1.3218114e-01;3.3750000e+02;8.1254199e-02;3.3750000e+02;3.4680095e-02;3.3750000e+02;-8.3189253e-03;3.3750000e+02;-1.3816301e-03;3.3750000e+02;1.1568828e-02;3.3750000e+02;2.9740062e-02;3.3750000e+02;5.2538719e-02;3.3750000e+02;7.8159481e-02;3.3750000e+02;1.0411187e-01;3.3750000e+02;1.2748088e-01;3.3750000e+02;1.4700511e-01;3.3750000e+02;1.6678980e-01;3.3750000e+02;1.9314647e-01;3.3750000e+02;2.1940246e-01;3.3750000e+02;2.3227182e-01;3.3750000e+02;2.1811296e-01;3.3750000e+02;1.8161419e-01;3.3750000e+02;1.3218114e-01;3.3750000e+02;8.1254199e-02;3.3750000e+02;3.4680095e-02;3.3750000e+02;-8.3189253e-03;3.3750000e+02;-1.3816301e-03;3.3750000e+02;1.1568828e-02;3.3750000e+02;2.9740062e-02;3.3750000e+02;5.2538719e-02;3.3750000e+02;7.8159481e-02;3.3750000e+02;1.0411187e-01;3.3750000e+02;1.2748088e-01;3.3750000e+02;1.4700511e-01;3.3750000e+02;1.6678980e-01;3.3750000e+02;1.9314647e-01;3.3750000e+02;2.1940246e-01;3.3750000e+02;2.3227182e-01;3.3750000e+02;2.1811296e-01;3.3750000e+02;1.8161419e-01;3.3750000e+02;1.3218114e-01;3.3750000e+02;8.1254199e-02;3.3750000e+02;3.4680095e-02;3.3750000e+02;-8.3189253e-03;3.3750000e+02;-1.3816301e-03;3.3750000e+02;1.1568828e-02;3.3750000e+02;2.9740062e-02;3.3750000e+02;5.2538719e-02;3.3750000e+02;7.8159481e-02;3.3750000e+02;1.0411187e-01;3.3750000e+02;1.2748088e-01;3.3750000e+02;1.4700511e-01;3.3750000e+02;1.6678980e-01;3.3750000e+02;1.9314647e-01;3.3750000e+02;2.1940246e-01;3.3750000e+02;2.3227182e-01;3.3750000e+02;2.1811296e-01;3.3750000e+02;1.8161419e-01;3.3750000e+02;1.3218114e-01;3.3750000e+02;8.1254199e-02;3.3750000e+02;3.4680095e-02;3.3750000e+02;-8.3189253e-03;3.3750000e+02;-1.3816301e-03;3.3750000e+02;1.1568828e-02;3.3750000e+02;2.9740062e-02;3.3750000e+02;5.2538719e-02;3.3750000e+02;7.8159481e-02;3.3750000e+02;1.0411187e-01;3.3750000e+02;1.2748088e-01;3.3750000e+02;1.4700511e-01;3.3750000e+02;1.6678980e-01;3.3750000e+02;1.9314647e-01;3.3750000e+02;2.1940246e-01;3.3750000e+02;2.3227182e-01;3.3750000e+02;2.1811296e-01;3.3750000e+02;1.8161419e-01;3.3750000e+02;1.3218114e-01;3.3750000e+02;8.1254199e-02;3.3750000e+02;3.4680095e-02;3.3750000e+02;-8.3189253e-03;3.3750000e+02;-1.3816301e-03;3.3750000e+02;1.1568828e-02;3.3750000e+02;2.9740062e-02;3.3750000e+02;5.2538719e-02;3.3750000e+02;7.8159481e-02;3.3750000e+02;1.0411187e-01;3.3750000e+02;1.2748088e-01;3.3750000e+02;1.4700511e-01;3.3750000e+02;1.6678980e-01;3.3750000e+02;1.9314647e-01;3.3750000e+02;2.1940246e-01;3.3750000e+02;2.3227182e-01;3.3750000e+02;2.1811296e-01;3.3750000e+02;1.8161419e-01;3.3750000e+02;1.3218114e-01;3.3750000e+02;8.1254199e-02;3.3750000e+02;3.4680095e-02;3.3750000e+02;-8.3189253e-03;3.3750000e+02;-1.3816301e-03;3.3750000e+02;1.1568828e-02;3.3750000e+02;2.9740062e-02;3.3750000e+02;5.2538719e-02;3.3750000e+02;7.8159481e-02;3.3750000e+02;1.0411187e-01;3.3750000e+02;1.2748088e-01;3.3750000e+02;1.4700511e-01;3.3750000e+02;1.6678980e-01;3.3750000e+02;1.9314647e-01;3.3750000e+02;2.1940246e-01;3.3750000e+02;2.3227182e-01;3.3750000e+02;2.1811296e-01;3.3750000e+02;1.8161419e-01;3.3750000e+02;1.3218114e-01;3.3750000e+02;8.1254199e-02;3.3750000e+02;3.4680095e-02;3.3750000e+02;-8.3189253e-03;3.3750000e+02;-1.3816301e-03;3.3750000e+02;1.1568828e-02;3.3750000e+02;2.9740062e-02;3.3750000e+02;5.2538719e-02;3.3750000e+02;7.8159481e-02;3.3750000e+02;1.0411187e-01;3.3750000e+02;1.2748088e-01;3.3750000e+02;1.4700511e-01;3.3750000e+02;1.6678980e-01;3.3750000e+02;1.9314647e-01;3.3750000e+02;2.1940246e-01;3.3750000e+02;2.3227182e-01;3.3750000e+02;2.1811296e-01;3.3750000e+02;1.8161419e-01;3.3750000e+02;1.3218114e-01;3.3750000e+02;8.1254199e-02;3.3750000e+02;3.4680095e-02;3.3750000e+02;-8.3189253e-03;3.3750000e+02;-1.3816301e-03;3.3750000e+02;1.1568828e-02;3.3750000e+02;2.9740062e-02;3.3750000e+02;5.2538719e-02;3.3750000e+02;7.8159481e-02;3.3750000e+02;1.0411187e-01;3.3750000e+02;1.2748088e-01;3.3750000e+02;1.4700511e-01;3.3750000e+02;1.6678980e-01;3.3750000e+02;1.9314647e-01;3.3750000e+02;2.1940246e-01;3.3750000e+02;2.3227182e-01;3.3750000e+02;2.1811296e-01;3.3750000e+02;1.8161419e-01;3.3750000e+02;1.3218114e-01;3.3750000e+02;8.1254199e-02;3.3750000e+02;3.4680095e-02;3.3750000e+02;-8.3189253e-03;3.3750000e+02;-1.3816301e-03;3.3750000e+02;1.1568828e-02;3.3750000e+02;2.9740062e-02;3.3750000e+02;5.2538719e-02;3.3750000e+02;7.8159481e-02;3.3750000e+02;1.0411187e-01;3.3750000e+02;1.2748088e-01;3.3750000e+02;1.4700511e-01;3.3750000e+02;1.6678980e-01;3.3750000e+02;1.9314647e-01;3.3750000e+02;2.1940246e-01;3.3750000e+02;2.3227182e-01;3.3750000e+02;2.1811296e-01;3.3750000e+02;1.8161419e-01;3.3750000e+02;1.3218114e-01;3.3750000e+02;8.1254199e-02;3.3750000e+02;3.4680095e-02;3.3750000e+02;-8.3189253e-03;3.3750000e+02;-1.3816301e-03;3.3750000e+02;1.1568828e-02;3.3750000e+02;2.9740062e-02;3.3750000e+02;5.2538719e-02;3.3750000e+02;7.8159481e-02;3.3750000e+02;1.0411187e-01;3.3750000e+02;1.2748088e-01;3.3750000e+02;1.4700511e-01;3.3750000e+02;1.6678980e-01;3.3750000e+02;1.9314647e-01;3.3750000e+02;2.1940246e-01;3.3750000e+02;2.3227182e-01;3.3750000e+02;2.1811296e-01;3.3750000e+02;1.8161419e-01;3.3750000e+02;1.3218114e-01;3.3750000e+02;8.1254199e-02;3.3750000e+02;3.4680095e-02;3.3750000e+02;-8.3189253e-03;3.3750000e+02;-1.3816301e-03;3.3750000e+02;1.1568828e-02;3.3750000e+02;2.9740062e-02;3.3750000e+02;5.2538719e-02;3.3750000e+02;7.8159481e-02;3.3750000e+02;1.0411187e-01;3.3750000e+02;1.2748088e-01;3.3750000e+02;1.4700511e-01;3.3750000e+02;1.6678980e-01;3.3750000e+02;1.9314647e-01;3.3750000e+02;2.1940246e-01;3.3750000e+02;2.3227182e-01;3.3750000e+02;2.1811296e-01;3.3750000e+02;1.8161419e-01;3.3750000e+02;1.3218114e-01;3.3750000e+02;8.1254199e-02;3.3750000e+02;3.4680095e-02;3.3750000e+02;-8.3189253e-03;3.3750000e+02;-1.3816301e-03;3.3750000e+02;1.1568828e-02;3.3750000e+02;2.9740062e-02;3.3750000e+02;5.2538719e-02;3.3750000e+02;7.8159481e-02;3.3750000e+02;1.0411187e-01;3.3750000e+02;1.2748088e-01;3.3750000e+02;1.4700511e-01;3.3750000e+02;1.6678980e-01;3.3750000e+02;1.9314647e-01;3.3750000e+02;2.1940246e-01;3.3750000e+02;2.3227182e-01;3.3750000e+02;2.1811296e-01;3.3750000e+02;1.8161419e-01;3.3750000e+02;1.3218114e-01;3.3750000e+02;8.1254199e-02;3.3750000e+02;3.4680095e-02;3.3750000e+02;-8.3189253e-03;3.3750000e+02;-1.3816301e-03;3.3750000e+02;1.1568828e-02;3.3750000e+02;2.9740062e-02;3.3750000e+02;5.2538719e-02;3.3750000e+02;7.8159481e-02;3.3750000e+02;1.0411187e-01;3.3750000e+02;1.2748088e-01;3.3750000e+02;1.4700511e-01;3.3750000e+02;1.6678980e-01;3.3750000e+02;1.9314647e-01;3.3750000e+02;2.1940246e-01;3.3750000e+02;2.3227182e-01;3.3750000e+02;2.1811296e-01;3.3750000e+02;1.8161419e-01;3.3750000e+02;1.3218114e-01;3.3750000e+02;8.1254199e-02;3.3750000e+02;3.4680095e-02;3.3750000e+02;-8.3189253e-03;3.3750000e+02;-1.3816301e-03;3.3750000e+02;1.1568828e-02;3.3750000e+02;2.9740062e-02;3.3750000e+02;5.2538719e-02;3.3750000e+02;7.8159481e-02;3.3750000e+02;1.0411187e-01;3.3750000e+02;1.2748088e-01;3.3750000e+02;1.4700511e-01;3.3750000e+02;1.6678980e-01;3.3750000e+02;1.9314647e-01;3.3750000e+02;2.1940246e-01;3.3750000e+02;2.3227182e-01;3.3750000e+02;2.1811296e-01;3.3750000e+02;1.8161419e-01;3.3750000e+02;1.3218114e-01;3.3750000e+02;8.1254199e-02;3.3750000e+02;3.4680095e-02;3.3750000e+02;-8.3189253e-03;3.3750000e+02;-1.3816301e-03;3.3750000e+02;1.1568828e-02;3.3750000e+02;2.9740062e-02;3.3750000e+02;5.2538719e-02;3.3750000e+02;7.8159481e-02;3.3750000e+02;1.0411187e-01;3.3750000e+02;1.2748088e-01;3.3750000e+02;1.4700511e-01;3.3750000e+02;1.6678980e-01;3.3750000e+02;1.9314647e-01;3.3750000e+02;2.1940246e-01;3.3750000e+02;2.3227182e-01;3.3750000e+02;2.1811296e-01;3.3750000e+02;1.8161419e-01;3.3750000e+02;1.3218114e-01;3.3750000e+02;8.1254199e-02;3.3750000e+02;3.4680095e-02;3.3750000e+02;-8.3189253e-03;3.3750000e+02;-1.3816301e-03;3.3750000e+02;1.1568828e-02;3.3750000e+02;2.9740062e-02;3.3750000e+02;5.2538719e-02;3.3750000e+02;7.8159481e-02;3.3750000e+02;1.0411187e-01;3.3750000e+02;1.2748088e-01;3.3750000e+02;1.4700511e-01;3.3750000e+02;1.6678980e-01;3.3750000e+02;1.9314647e-01;3.3750000e+02;2.1940246e-01;3.3750000e+02;2.3227182e-01;3.3750000e+02;2.1811296e-01;3.3750000e+02;1.8161419e-01;3.3750000e+02;1.3218114e-01;3.3750000e+02;8.1254199e-02;3.3750000e+02;3.4680095e-02;3.3750000e+02;-8.3189253e-03;3.3750000e+02;-1.3816301e-03;3.3750000e+02;1.1568828e-02;3.3750000e+02;2.9740062e-02;3.3750000e+02;5.2538719e-02;3.3750000e+02;7.8159481e-02;3.3750000e+02;1.0411187e-01;3.3750000e+02;1.2748088e-01;3.3750000e+02;1.4700511e-01;3.3750000e+02;1.6678980e-01;3.3750000e+02;1.9314647e-01;3.3750000e+02;2.1940246e-01;3.3750000e+02;2.3227182e-01;3.3750000e+02;2.1811296e-01;3.3750000e+02;1.8161419e-01;3.3750000e+02;1.3218114e-01;3.3750000e+02;8.1254199e-02;3.3750000e+02;3.4680095e-02;3.3750000e+02;-8.3189253e-03;3.3750000e+02;-1.3816301e-03;3.3750000e+02;1.1568828e-02;3.3750000e+02;2.9740062e-02;3.3750000e+02;5.2538719e-02;3.3750000e+02;7.8159481e-02;3.3750000e+02;1.0411187e-01;3.3750000e+02;1.2748088e-01;3.3750000e+02;1.4700511e-01;3.3750000e+02;1.6678980e-01;3.3750000e+02;1.9314647e-01;3.3750000e+02;2.1940246e-01;3.3750000e+02;2.3227182e-01;3.3750000e+02;2.1811296e-01;3.3750000e+02;1.8161419e-01;3.3750000e+02;1.3218114e-01;3.3750000e+02;8.1254199e-02;3.3750000e+02;3.4680095e-02;3.3750000e+02;-8.3189253e-03;3.3750000e+02;-1.3816301e-03;3.3750000e+02;1.1568828e-02;3.3750000e+02;2.9740062e-02;3.3750000e+02;5.2538719e-02;3.3750000e+02;7.8159481e-02;3.3750000e+02;1.0411187e-01;3.3750000e+02;1.2748088e-01;3.3750000e+02;1.4700511e-01;3.3750000e+02;1.6678980e-01;3.3750000e+02;1.9314647e-01;3.3750000e+02;2.1940246e-01;3.3750000e+02;2.3227182e-01;3.3750000e+02;2.1811296e-01;3.3750000e+02;1.8161419e-01;3.3750000e+02;1.3218114e-01;3.3750000e+02;8.1254199e-02;3.3750000e+02;3.4680095e-02;3.3750000e+02;-8.3189253e-03;3.3750000e+02;-1.3816301e-03;3.3750000e+02;1.1568828e-02;3.3750000e+02;2.9740062e-02;3.3750000e+02;5.2538719e-02;3.3750000e+02;7.8159481e-02;3.3750000e+02;1.0411187e-01;3.3750000e+02;1.2748088e-01;3.3750000e+02;1.4700511e-01;3.3750000e+02;1.6678980e-01;3.3750000e+02;1.9314647e-01;3.3750000e+02;2.1940246e-01;3.3750000e+02;2.3227182e-01;3.3750000e+02;2.1811296e-01;3.3750000e+02;1.8161419e-01;3.3750000e+02;1.3218114e-01;3.3750000e+02;8.1254199e-02;3.3750000e+02;3.4680095e-02;3.3750000e+02;-8.3189253e-03;3.3750000e+02;-1.3816301e-03;3.3750000e+02;1.1568828e-02;3.3750000e+02;2.9740062e-02;3.3750000e+02;5.2538719e-02;3.3750000e+02;7.8159481e-02;3.3750000e+02;1.0411187e-01;3.3750000e+02;1.2748088e-01;3.3750000e+02;1.4700511e-01;3.3750000e+02;1.6678980e-01;3.3750000e+02;1.9314647e-01;3.3750000e+02;2.1940246e-01;3.3750000e+02;2.3227182e-01;3.3750000e+02;2.1811296e-01;3.3750000e+02;1.8161419e-01;3.3750000e+02;1.3218114e-01;3.3750000e+02;8.1254199e-02;3.3750000e+02;3.4680095e-02;3.3750000e+02;-8.3189253e-03;3.3750000e+02;-1.3816301e-03;3.3750000e+02;1.1568828e-02;3.3750000e+02;2.9740062e-02;3.3750000e+02;5.2538719e-02;3.3750000e+02;7.8159481e-02;3.3750000e+02;1.0411187e-01;3.3750000e+02;1.2748088e-01;3.3750000e+02;1.4700511e-01;3.3750000e+02;1.6678980e-01;3.3750000e+02;1.9314647e-01;3.3750000e+02;2.1940246e-01;3.3750000e+02;2.3227182e-01;3.3750000e+02;2.1811296e-01;3.3750000e+02;1.8161419e-01;3.3750000e+02;1.3218114e-01;3.3750000e+02;8.1254199e-02;3.3750000e+02;3.4680095e-02;3.3750000e+02;-8.3189253e-03;3.3750000e+02;-1.3816301e-03;3.3750000e+02;1.1568828e-02;3.3750000e+02;2.9740062e-02;3.3750000e+02;5.2538719e-02;3.3750000e+02;7.8159481e-02;3.3750000e+02;1.0411187e-01;3.3750000e+02;1.2748088e-01;3.3750000e+02;1.4700511e-01;3.3750000e+02;1.6678980e-01;3.3750000e+02;1.9314647e-01;3.3750000e+02;2.1940246e-01;3.3750000e+02;2.3227182e-01;3.3750000e+02;2.1811296e-01;3.3750000e+02;1.8161419e-01;3.3750000e+02;1.3218114e-01;3.3750000e+02;8.1254199e-02;3.3750000e+02;3.4680095e-02;3.3750000e+02;-8.3189253e-03;3.3750000e+02;-1.3816301e-03;3.3750000e+02;1.1568828e-02;3.3750000e+02;2.9740062e-02;3.3750000e+02;5.2538719e-02;3.3750000e+02;7.8159481e-02;3.3750000e+02;1.0411187e-01;3.3750000e+02;1.2748088e-01;3.3750000e+02;1.4700511e-01;3.3750000e+02;1.6678980e-01;3.3750000e+02;1.9314647e-01;3.3750000e+02;2.1940246e-01;3.3750000e+02;2.3227182e-01;3.3750000e+02;2.1811296e-01;3.3750000e+02;1.8161419e-01;3.3750000e+02;1.3218114e-01;3.3750000e+02;8.1254199e-02;3.3750000e+02;3.4680095e-02;3.3750000e+02;-8.3189253e-03;3.3750000e+02;-1.3816301e-03;3.3750000e+02;1.1568828e-02;3.3750000e+02;2.9740062e-02;3.3750000e+02;5.2538719e-02;3.3750000e+02;7.8159481e-02;3.3750000e+02;1.0411187e-01;3.3750000e+02;1.2748088e-01;3.3750000e+02;1.4700511e-01;3.3750000e+02;1.6678980e-01;3.3750000e+02;1.9314647e-01;3.3750000e+02;2.1940246e-01;3.3750000e+02;2.3227182e-01;3.3750000e+02;2.1811296e-01;3.3750000e+02;1.8161419e-01;3.3750000e+02;1.3218114e-01;3.3750000e+02;8.1254199e-02;3.3750000e+02;3.4680095e-02;3.3750000e+02;-8.3189253e-03;3.3750000e+02;-1.3816301e-03;3.3750000e+02;1.1568828e-02;3.3750000e+02;2.9740062e-02;3.3750000e+02;5.2538719e-02;3.3750000e+02;7.8159481e-02;3.3750000e+02;1.0411187e-01;3.3750000e+02;1.2748088e-01;3.3750000e+02;1.4700511e-01;3.3750000e+02;1.6678980e-01;3.3750000e+02;1.9314647e-01;3.3750000e+02;2.1940246e-01;3.3750000e+02;2.3227182e-01;3.3750000e+02;2.1811296e-01;3.3750000e+02;1.8161419e-01;3.3750000e+02;1.3218114e-01;3.3750000e+02;8.1254199e-02;3.3750000e+02;3.4680095e-02;3.3750000e+02;-8.3189253e-03;3.3750000e+02;-1.3816301e-03;3.3750000e+02;1.1568828e-02;3.3750000e+02;2.9740062e-02;3.3750000e+02;5.2538719e-02;3.3750000e+02;7.8159481e-02;3.3750000e+02;1.0411187e-01;3.3750000e+02;1.2748088e-01;3.3750000e+02;1.4700511e-01;3.3750000e+02;1.6678980e-01;3.3750000e+02;1.9314647e-01;3.3750000e+02;2.1940246e-01;3.3750000e+02;2.3227182e-01;3.3750000e+02;2.1811296e-01;3.3750000e+02;1.8161419e-01;3.3750000e+02;1.3218114e-01;3.3750000e+02;8.1254199e-02;3.3750000e+02;3.4680095e-02;3.3750000e+02;-8.3189253e-03;3.3750000e+02;-1.3816301e-03;3.3750000e+02;1.1568828e-02;3.3750000e+02;2.9740062e-02;3.3750000e+02;5.2538719e-02;3.3750000e+02;7.8159481e-02;3.3750000e+02;1.0411187e-01;3.3750000e+02;1.2748088e-01;3.3750000e+02;1.4700511e-01;3.3750000e+02;1.6678980e-01;3.3750000e+02;1.9314647e-01;3.3750000e+02;2.1940246e-01;3.3750000e+02;2.3227182e-01;3.3750000e+02;2.1811296e-01;3.3750000e+02;1.8161419e-01;3.3750000e+02;1.3218114e-01;3.3750000e+02;8.1254199e-02;3.3750000e+02;3.4680095e-02;3.3750000e+02;-8.3189253e-03;3.3750000e+02;-1.3816301e-03;3.3750000e+02;1.1568828e-02;3.3750000e+02;2.9740062e-02;3.3750000e+02;5.2538719e-02;3.3750000e+02;7.8159481e-02;3.3750000e+02;1.0411187e-01;3.3750000e+02;1.2748088e-01;3.3750000e+02;1.4700511e-01;3.3750000e+02;1.6678980e-01;3.3750000e+02;1.9314647e-01;3.3750000e+02;2.1940246e-01;3.3750000e+02;2.3227182e-01;3.3750000e+02;2.1811296e-01;3.3750000e+02;1.8161419e-01;3.3750000e+02;1.3218114e-01;3.3750000e+02;8.1254199e-02;3.3750000e+02;3.4680095e-02;3.3750000e+02;-8.3189253e-03;3.3750000e+02;-1.3816301e-03;3.3750000e+02;1.1568828e-02;3.3750000e+02;2.9740062e-02;3.3750000e+02;5.2538719e-02;3.3750000e+02;7.8159481e-02;3.3750000e+02;1.0411187e-01;3.3750000e+02;1.2748088e-01;3.3750000e+02;1.4700511e-01;3.3750000e+02;1.6678980e-01;3.3750000e+02;1.9314647e-01;3.3750000e+02;2.1940246e-01;3.3750000e+02;2.3227182e-01;3.3750000e+02;2.1811296e-01;3.3750000e+02;1.8161419e-01;3.3750000e+02;1.3218114e-01;3.3750000e+02;8.1254199e-02;3.3750000e+02;3.4680095e-02;3.3750000e+02;-8.3189253e-03;3.3750000e+02;-1.3816301e-03;3.3750000e+02;1.1568828e-02;3.3750000e+02;2.9740062e-02;3.3750000e+02;5.2538719e-02;3.3750000e+02;7.8159481e-02;3.3750000e+02;1.0411187e-01;3.3750000e+02;1.2748088e-01;3.3750000e+02;1.4700511e-01;3.3750000e+02;1.6678980e-01;3.3750000e+02;1.9314647e-01;3.3750000e+02;2.1940246e-01;3.3750000e+02;2.3227182e-01;3.3750000e+02;2.1811296e-01;3.3750000e+02;1.8161419e-01;3.3750000e+02;1.3218114e-01;3.3750000e+02;8.1254199e-02;3.3750000e+02;3.4680095e-02;3.3750000e+02;-8.3189253e-03;3.3750000e+02;-1.3816301e-03;3.3750000e+02;1.1568828e-02;3.3750000e+02;2.9740062e-02;3.3750000e+02;5.2538719e-02;3.3750000e+02;7.8159481e-02;3.3750000e+02;1.0411187e-01;3.3750000e+02;1.2748088e-01;3.3750000e+02;1.4700511e-01;3.3750000e+02;1.6678980e-01;3.3750000e+02;1.9314647e-01;3.3750000e+02;2.1940246e-01;3.3750000e+02;2.3227182e-01;3.3750000e+02;2.1811296e-01;3.3750000e+02;1.8161419e-01;3.3750000e+02;1.3218114e-01;3.3750000e+02;8.1254199e-02;3.3750000e+02;3.4680095e-02;3.3750000e+02;-8.3189253e-03;3.3750000e+02;-1.3816301e-03;3.3750000e+02;1.1568828e-02;3.3750000e+02;2.9740062e-02;3.3750000e+02;5.2538719e-02;3.3750000e+02;7.8159481e-02;3.3750000e+02;1.0411187e-01;3.3750000e+02;1.2748088e-01;3.3750000e+02;1.4700511e-01;3.3750000e+02;1.6678980e-01;3.3750000e+02;1.9314647e-01;3.3750000e+02;2.1940246e-01;3.3750000e+02;2.3227182e-01;3.3750000e+02;2.1811296e-01;3.3750000e+02;1.8161419e-01;3.3750000e+02;1.3218114e-01;3.3750000e+02;8.1254199e-02;3.3750000e+02;3.4680095e-02;3.3750000e+02;-8.3189253e-03;3.3750000e+02;-1.3816301e-03;3.3750000e+02;1.1568828e-02;3.3750000e+02;2.9740062e-02;3.3750000e+02;5.2538719e-02;3.3750000e+02;7.8159481e-02;3.3750000e+02;1.0411187e-01;3.3750000e+02;1.2748088e-01;3.3750000e+02;1.4700511e-01;3.3750000e+02;1.6678980e-01;3.3750000e+02;1.9314647e-01;3.3750000e+02;2.1940246e-01;3.3750000e+02;2.3227182e-01;3.3750000e+02;2.1811296e-01;3.3750000e+02;1.8161419e-01;3.3750000e+02;1.3218114e-01;3.3750000e+02;8.1254199e-02;3.3750000e+02;3.4680095e-02;3.3750000e+02;-8.3189253e-03;3.3750000e+02;-1.3816301e-03;3.3750000e+02;1.1568828e-02;3.3750000e+02;2.9740062e-02;3.3750000e+02;5.2538719e-02;3.3750000e+02;7.8159481e-02;3.3750000e+02;1.0411187e-01;3.3750000e+02;1.2748088e-01;3.3750000e+02;1.4700511e-01;3.3750000e+02;1.6678980e-01;3.3750000e+02;1.9314647e-01;3.3750000e+02;2.1940246e-01;3.3750000e+02;2.3227182e-01;3.3750000e+02;2.1811296e-01;3.3750000e+02;1.8161419e-01;3.3750000e+02;1.3218114e-01;3.3750000e+02;8.1254199e-02;3.3750000e+02;3.4680095e-02;3.3750000e+02;-8.3189253e-03;3.3750000e+02;-1.3816301e-03;3.3750000e+02;1.1568828e-02;3.3750000e+02;2.9740062e-02;3.3750000e+02;5.2538719e-02;3.3750000e+02;7.8159481e-02;3.3750000e+02;1.0411187e-01;3.3750000e+02;1.2748088e-01;3.3750000e+02;1.4700511e-01;3.3750000e+02;1.6678980e-01;3.3750000e+02;1.9314647e-01;3.3750000e+02;2.1940246e-01;3.3750000e+02;2.3227182e-01;3.3750000e+02;2.1811296e-01;3.3750000e+02;1.8161419e-01;3.3750000e+02;1.3218114e-01;3.3750000e+02;8.1254199e-02;3.3750000e+02;3.4680095e-02;3.3750000e+02;-8.3189253e-03;3.3750000e+02;-1.3816301e-03;3.3750000e+02;1.1568828e-02;3.3750000e+02;2.9740062e-02;3.3750000e+02;5.2538719e-02;3.3750000e+02;7.8159481e-02;3.3750000e+02;1.0411187e-01;3.3750000e+02;1.2748088e-01;3.3750000e+02;1.4700511e-01;3.3750000e+02;1.6678980e-01;3.3750000e+02;1.9314647e-01;3.3750000e+02;2.1940246e-01;3.3750000e+02;2.3227182e-01;3.3750000e+02;2.1811296e-01;3.3750000e+02;1.8161419e-01;3.3750000e+02;1.3218114e-01;3.3750000e+02;8.1254199e-02;3.3750000e+02;3.4680095e-02;3.3750000e+02;-8.3189253e-03;3.3750000e+02;-1.3816301e-03;3.3750000e+02;1.1568828e-02;3.3750000e+02;2.9740062e-02;3.3750000e+02;5.2538719e-02;3.3750000e+02;7.8159481e-02;3.3750000e+02;1.0411187e-01;3.3750000e+02;1.2748088e-01;3.3750000e+02;1.4700511e-01;3.3750000e+02;1.6678980e-01;3.3750000e+02;1.9314647e-01;3.3750000e+02;2.1940246e-01;3.3750000e+02;2.3227182e-01;3.3750000e+02;2.1811296e-01;3.3750000e+02;1.8161419e-01;3.3750000e+02;1.3218114e-01;3.3750000e+02;8.1254199e-02;3.3750000e+02;3.4680095e-02;3.3750000e+02;-8.3189253e-03;3.3750000e+02;-1.3816301e-03;3.3750000e+02;1.1568828e-02;3.3750000e+02;2.9740062e-02;3.3750000e+02;5.2538719e-02;3.3750000e+02;7.8159481e-02;3.3750000e+02;1.0411187e-01;3.3750000e+02;1.2748088e-01;3.3750000e+02;1.4700511e-01;3.3750000e+02;1.6678980e-01;3.3750000e+02;1.9314647e-01;3.3750000e+02;2.1940246e-01;3.3750000e+02;2.3227182e-01;3.3750000e+02;2.1811296e-01;3.3750000e+02;1.8161419e-01;3.3750000e+02;1.3218114e-01;3.3750000e+02;8.1254199e-02;3.3750000e+02;3.4680095e-02;3.3750000e+02;-8.3189253e-03;3.3750000e+02;-1.3816301e-03;3.3750000e+02;1.1568828e-02;3.3750000e+02;2.9740062e-02;3.3750000e+02;5.2538719e-02;3.3750000e+02;7.8159481e-02;3.3750000e+02;1.0411187e-01;3.3750000e+02;1.2748088e-01;3.3750000e+02;1.4700511e-01;3.3750000e+02;1.6678980e-01;3.3750000e+02;1.9314647e-01;3.3750000e+02;2.1940246e-01;3.3750000e+02;2.3227182e-01;3.3750000e+02;2.1811296e-01;3.3750000e+02;1.8161419e-01;3.3750000e+02;1.3218114e-01;3.3750000e+02;8.1254199e-02;3.3750000e+02;3.4680095e-02;3.3750000e+02;-8.3189253e-03;3.3750000e+02;-1.3816301e-03;3.3750000e+02;1.1568828e-02;3.3750000e+02;2.9740062e-02;3.3750000e+02;5.2538719e-02;3.3750000e+02;7.8159481e-02;3.3750000e+02;1.0411187e-01;3.3750000e+02;1.2748088e-01;3.3750000e+02;1.4700511e-01;3.3750000e+02;1.6678980e-01;3.3750000e+02;1.9314647e-01;3.3750000e+02;2.1940246e-01;3.3750000e+02;2.3227182e-01;3.3750000e+02;2.1811296e-01;3.3750000e+02;1.8161419e-01;3.3750000e+02;1.3218114e-01;3.3750000e+02;8.1254199e-02;3.3750000e+02;3.4680095e-02;3.3750000e+02;-8.3189253e-03;3.3750000e+02;-1.3816301e-03;3.3750000e+02;1.1568828e-02;3.3750000e+02;2.9740062e-02;3.3750000e+02;5.2538719e-02;3.3750000e+02;7.8159481e-02;3.3750000e+02;1.0411187e-01;3.3750000e+02;1.2748088e-01;3.3750000e+02;1.4700511e-01;3.3750000e+02;1.6678980e-01;3.3750000e+02;1.9314647e-01;3.3750000e+02;2.1940246e-01;3.3750000e+02;2.3227182e-01;3.3750000e+02;2.1811296e-01;3.3750000e+02;1.8161419e-01;3.3750000e+02;1.3218114e-01;3.3750000e+02;8.1254199e-02;3.3750000e+02;3.4680095e-02;3.3750000e+02;-8.3189253e-03;3.3750000e+02;-1.3816301e-03;3.3750000e+02;1.1568828e-02;3.3750000e+02;2.9740062e-02;3.3750000e+02;5.2538719e-02;3.3750000e+02;7.8159481e-02;3.3750000e+02;1.0411187e-01;3.3750000e+02;1.2748088e-01;3.3750000e+02;1.4700511e-01;3.3750000e+02;1.6678980e-01;3.3750000e+02;1.9314647e-01;3.3750000e+02;2.1940246e-01;3.3750000e+02;2.3227182e-01;3.3750000e+02;2.1811296e-01;3.3750000e+02;1.8161419e-01;3.3750000e+02;1.3218114e-01;3.3750000e+02;8.1254199e-02;3.3750000e+02;3.4680095e-02;3.3750000e+02;-8.3189253e-03;3.3750000e+02;-1.3816301e-03;3.3750000e+02;1.1568828e-02;3.3750000e+02;2.9740062e-02;3.3750000e+02;5.2538719e-02;3.3750000e+02;7.8159481e-02;3.3750000e+02;1.0411187e-01;3.3750000e+02;1.2748088e-01;3.3750000e+02;1.4700511e-01;3.3750000e+02;1.6678980e-01;3.3750000e+02;1.9314647e-01;3.3750000e+02;2.1940246e-01;3.3750000e+02;2.3227182e-01;3.3750000e+02;2.1811296e-01;3.3750000e+02;1.8161419e-01;3.3750000e+02;1.3218114e-01;3.3750000e+02;8.1254199e-02;3.3750000e+02;3.4680095e-02;3.3750000e+02;-8.3189253e-03;3.3750000e+02;-1.3816301e-03;3.3750000e+02;1.1568828e-02;3.3750000e+02;2.9740062e-02;3.3750000e+02;5.2538719e-02;3.3750000e+02;7.8159481e-02;3.3750000e+02;1.0411187e-01;3.3750000e+02;1.2748088e-01;3.3750000e+02;1.4700511e-01;3.3750000e+02;1.6678980e-01;3.3750000e+02;1.9314647e-01;3.3750000e+02;2.1940246e-01;3.3750000e+02;2.3227182e-01;3.3750000e+02;2.1811296e-01;3.3750000e+02;1.8161419e-01;3.3750000e+02;1.3218114e-01;3.3750000e+02;8.1254199e-02;3.3750000e+02;3.4680095e-02;3.3750000e+02;-8.3189253e-03;3.3750000e+02;-1.3816301e-03;3.3750000e+02;1.1568828e-02;3.3750000e+02;2.9740062e-02;3.3750000e+02;5.2538719e-02;3.3750000e+02;7.8159481e-02;3.3750000e+02;1.0411187e-01;3.3750000e+02;1.2748088e-01;3.3750000e+02;1.4700511e-01;3.3750000e+02;1.6678980e-01;3.3750000e+02;1.9314647e-01;3.3750000e+02;2.1940246e-01;3.3750000e+02;2.3227182e-01;3.3750000e+02;2.1811296e-01;3.3750000e+02;1.8161419e-01;3.3750000e+02;1.3218114e-01;3.3750000e+02;8.1254199e-02;3.3750000e+02;3.4680095e-02;3.3750000e+02;-8.3189253e-03;3.3750000e+02;-1.3816301e-03;3.3750000e+02;1.1568828e-02;3.3750000e+02;2.9740062e-02;3.3750000e+02;5.2538719e-02;3.3750000e+02;7.8159481e-02;3.3750000e+02;1.0411187e-01;3.3750000e+02;1.2748088e-01;3.3750000e+02;1.4700511e-01;3.3750000e+02;1.6678980e-01;3.3750000e+02;1.9314647e-01;3.3750000e+02;2.1940246e-01;3.3750000e+02;2.3227182e-01;3.3750000e+02;2.1811296e-01;3.3750000e+02;1.8161419e-01;3.3750000e+02;1.3218114e-01;3.3750000e+02;8.1254199e-02;3.3750000e+02;3.4680095e-02;3.3750000e+02;-8.3189253e-03;3.3750000e+02;-1.3816301e-03;3.3750000e+02;1.1568828e-02;3.3750000e+02;2.9740062e-02;3.3750000e+02;5.2538719e-02;3.3750000e+02;7.8159481e-02;3.3750000e+02;1.0411187e-01;3.3750000e+02;1.2748088e-01;3.3750000e+02;1.4700511e-01;3.3750000e+02;1.6678980e-01;3.3750000e+02;1.9314647e-01;3.3750000e+02;2.1940246e-01;3.3750000e+02;2.3227182e-01;3.3750000e+02;2.1811296e-01;3.3750000e+02;1.8161419e-01;3.3750000e+02;1.3218114e-01;3.3750000e+02;8.1254199e-02;3.3750000e+02;3.4680095e-02;3.3750000e+02;-8.3189253e-03;3.3750000e+02;-1.3816301e-03;3.3750000e+02;1.1568828e-02;3.3750000e+02;2.9740062e-02;3.3750000e+02;5.2538719e-02;3.3750000e+02;7.8159481e-02;3.3750000e+02;1.0411187e-01;3.3750000e+02;1.2748088e-01;3.3750000e+02;1.4700511e-01;3.3750000e+02;1.6678980e-01;3.3750000e+02;1.9314647e-01;3.3750000e+02;2.1940246e-01;3.3750000e+02;2.3227182e-01;3.3750000e+02;2.1811296e-01;3.3750000e+02;1.8161419e-01;3.3750000e+02;1.3218114e-01;3.3750000e+02;8.1254199e-02;3.3750000e+02;3.4680095e-02;3.3750000e+02;-8.3189253e-03;3.3750000e+02;-1.3816301e-03;3.3750000e+02;1.1568828e-02;3.3750000e+02;2.9740062e-02;3.3750000e+02;5.2538719e-02;3.3750000e+02;7.8159481e-02;3.3750000e+02;1.0411187e-01;3.3750000e+02;1.2748088e-01;3.3750000e+02;1.4700511e-01;3.3750000e+02;1.6678980e-01;3.3750000e+02;1.9314647e-01;3.3750000e+02;2.1940246e-01;3.3750000e+02;2.3227182e-01;3.3750000e+02;2.1811296e-01;3.3750000e+02;1.8161419e-01;3.3750000e+02;1.3218114e-01;3.3750000e+02;8.1254199e-02;3.3750000e+02;3.4680095e-02;3.3750000e+02;-8.3189253e-03;3.3750000e+02;-1.3816301e-03;3.3750000e+02;1.1568828e-02;3.3750000e+02;2.9740062e-02;3.3750000e+02;5.2538719e-02;3.3750000e+02;7.8159481e-02;3.3750000e+02;1.0411187e-01;3.3750000e+02;1.2748088e-01;3.3750000e+02;1.4700511e-01;3.3750000e+02;1.6678980e-01;3.3750000e+02;1.9314647e-01;3.3750000e+02;2.1940246e-01;3.3750000e+02;2.3227182e-01;3.3750000e+02;2.1811296e-01;3.3750000e+02;1.8161419e-01;3.3750000e+02;1.3218114e-01;3.3750000e+02;8.1254199e-02;3.3750000e+02;3.4680095e-02;3.3750000e+02;-8.3189253e-03;3.3750000e+02;-1.3816301e-03;3.3750000e+02;1.1568828e-02;3.3750000e+02;2.9740062e-02;3.3750000e+02;5.2538719e-02;3.3750000e+02;7.8159481e-02;3.3750000e+02;1.0411187e-01;3.3750000e+02;1.2748088e-01;3.3750000e+02;1.4700511e-01;3.3750000e+02;1.6678980e-01;3.3750000e+02;1.9314647e-01;3.3750000e+02;2.1940246e-01;3.3750000e+02;2.3227182e-01;3.3750000e+02;2.1811296e-01;3.3750000e+02;1.8161419e-01;3.3750000e+02;1.3218114e-01;3.3750000e+02;8.1254199e-02;3.3750000e+02;3.4680095e-02;3.3750000e+02;-8.3189253e-03;3.3750000e+02;-1.3816301e-03;3.3750000e+02;1.1568828e-02;3.3750000e+02;2.9740062e-02;3.3750000e+02;5.2538719e-02;3.3750000e+02;7.8159481e-02;3.3750000e+02;1.0411187e-01;3.3750000e+02;1.2748088e-01;3.3750000e+02;1.4700511e-01;3.3750000e+02;1.6678980e-01;3.3750000e+02;1.9314647e-01;3.3750000e+02;2.1940246e-01;3.3750000e+02;2.3227182e-01;3.3750000e+02;2.1811296e-01;3.3750000e+02;1.8161419e-01;3.3750000e+02;1.3218114e-01;3.3750000e+02;8.1254199e-02;3.3750000e+02;3.4680095e-02;3.3750000e+02;-8.3189253e-03;3.3750000e+02;-1.3816301e-03;3.3750000e+02;1.1568828e-02;3.3750000e+02;2.9740062e-02;3.3750000e+02;5.2538719e-02;3.3750000e+02;7.8159481e-02;3.3750000e+02;1.0411187e-01;3.3750000e+02;1.2748088e-01;3.3750000e+02;1.4700511e-01;3.3750000e+02;1.6678980e-01;3.3750000e+02;1.9314647e-01;3.3750000e+02;2.1940246e-01;3.3750000e+02;2.3227182e-01;3.3750000e+02;2.1811296e-01;3.3750000e+02;1.8161419e-01;3.3750000e+02;1.3218114e-01;3.3750000e+02;8.1254199e-02;3.3750000e+02;3.4680095e-02;3.3750000e+02;-8.3189253e-03;3.3750000e+02;-1.3816301e-03;3.3750000e+02;1.1568828e-02;3.3750000e+02;2.9740062e-02;3.3750000e+02;5.2538719e-02;3.3750000e+02;7.8159481e-02;3.3750000e+02;1.0411187e-01;3.3750000e+02;1.2748088e-01;3.3750000e+02;1.4700511e-01;3.3750000e+02;1.6678980e-01;3.3750000e+02;1.9314647e-01;3.3750000e+02;2.1940246e-01;3.3750000e+02;2.3227182e-01;3.3750000e+02;2.1811296e-01;3.3750000e+02;1.8161419e-01;3.3750000e+02;1.3218114e-01;3.3750000e+02;8.1254199e-02;3.3750000e+02;3.4680095e-02;3.3750000e+02;-8.3189253e-03;3.3750000e+02;-1.3816301e-03;3.3750000e+02;1.1568828e-02;3.3750000e+02;2.9740062e-02;3.3750000e+02;5.2538719e-02;3.3750000e+02;7.8159481e-02;3.3750000e+02;1.0411187e-01;3.3750000e+02;1.2748088e-01;3.3750000e+02;1.4700511e-01;3.3750000e+02;1.6678980e-01;3.3750000e+02;1.9314647e-01;3.3750000e+02;2.1940246e-01;3.3750000e+02;2.3227182e-01;3.3750000e+02;2.1811296e-01;3.3750000e+02;1.8161419e-01;3.3750000e+02;1.3218114e-01;3.3750000e+02;8.1254199e-02;3.3750000e+02;3.4680095e-02;3.3750000e+02;-8.3189253e-03;3.3750000e+02;-1.3816301e-03;3.3750000e+02;1.1568828e-02;3.3750000e+02;2.9740062e-02;3.3750000e+02;5.2538719e-02;3.3750000e+02;7.8159481e-02;3.3750000e+02;1.0411187e-01;3.3750000e+02;1.2748088e-01;3.3750000e+02;1.4700511e-01;3.3750000e+02;1.6678980e-01;3.3750000e+02;1.9314647e-01;3.3750000e+02;2.1940246e-01;3.3750000e+02;2.3227182e-01;3.3750000e+02;2.1811296e-01;3.3750000e+02;1.8161419e-01;3.3750000e+02;1.3218114e-01;3.3750000e+02;8.1254199e-02;3.3750000e+02;3.4680095e-02;3.3750000e+02;-8.3189253e-03;3.3750000e+02;-1.3816301e-03;3.3750000e+02;1.1568828e-02;3.3750000e+02;2.9740062e-02;3.3750000e+02;5.2538719e-02;3.3750000e+02;7.8159481e-02;3.3750000e+02;1.0411187e-01;3.3750000e+02;1.2748088e-01;3.3750000e+02;1.4700511e-01;3.3750000e+02;1.6678980e-01;3.3750000e+02;1.9314647e-01;3.3750000e+02;2.1940246e-01;3.3750000e+02;2.3227182e-01;3.3750000e+02;2.1811296e-01;3.3750000e+02;1.8161419e-01;3.3750000e+02;1.3218114e-01;3.3750000e+02;8.1254199e-02;3.3750000e+02;3.4680095e-02;3.3750000e+02;-8.3189253e-03;3.3750000e+02;-1.3816301e-03;3.3750000e+02;1.1568828e-02;3.3750000e+02;2.9740062e-02;3.3750000e+02;5.2538719e-02;3.3750000e+02;7.8159481e-02;3.3750000e+02;1.0411187e-01;3.3750000e+02;1.2748088e-01;3.3750000e+02;1.4700511e-01;3.3750000e+02;1.6678980e-01;3.3750000e+02;1.9314647e-01;3.3750000e+02;2.1940246e-01;3.3750000e+02;2.3227182e-01;3.3750000e+02;2.1811296e-01;3.3750000e+02;1.8161419e-01;3.3750000e+02;1.3218114e-01;3.3750000e+02;8.1254199e-02;3.3750000e+02;3.4680095e-02;3.3750000e+02;-8.3189253e-03;3.3750000e+02;-1.3816301e-03;3.3750000e+02;1.1568828e-02;3.3750000e+02;2.9740062e-02;3.3750000e+02;5.2538719e-02;3.3750000e+02;7.8159481e-02;3.3750000e+02;1.0411187e-01;3.3750000e+02;1.2748088e-01;3.3750000e+02;1.4700511e-01;3.3750000e+02;1.6678980e-01;3.3750000e+02;1.9314647e-01;3.3750000e+02;2.1940246e-01;3.3750000e+02;2.3227182e-01;3.3750000e+02;2.1811296e-01;3.3750000e+02;1.8161419e-01;3.3750000e+02;1.3218114e-01;3.3750000e+02;8.1254199e-02;3.3750000e+02;3.4680095e-02;3.3750000e+02;-8.3189253e-03;3.3750000e+02;-1.3816301e-03;3.3750000e+02;1.1568828e-02;3.3750000e+02;2.9740062e-02;3.3750000e+02;5.2538719e-02;3.3750000e+02;7.8159481e-02;3.3750000e+02;1.0411187e-01;3.3750000e+02;1.2748088e-01;3.3750000e+02;1.4700511e-01;3.3750000e+02;1.6678980e-01;3.3750000e+02;1.9314647e-01;3.3750000e+02;2.1940246e-01;3.3750000e+02;2.3227182e-01;3.3750000e+02;2.1811296e-01;3.3750000e+02;1.8161419e-01;3.3750000e+02;1.3218114e-01;3.3750000e+02;8.1254199e-02;3.3750000e+02;3.4680095e-02;3.3750000e+02;-8.3189253e-03;3.3750000e+02;-1.3816301e-03;3.3750000e+02;1.1568828e-02;3.3750000e+02;2.9740062e-02;3.3750000e+02;5.2538719e-02;3.3750000e+02;7.8159481e-02;3.3750000e+02;1.0411187e-01;3.3750000e+02;1.2748088e-01;3.3750000e+02;1.4700511e-01;3.3750000e+02;1.6678980e-01;3.3750000e+02;1.9314647e-01;3.3750000e+02;2.1940246e-01;3.3750000e+02;2.3227182e-01;3.3750000e+02;2.1811296e-01;3.3750000e+02;1.8161419e-01;3.3750000e+02;1.3218114e-01;3.3750000e+02;8.1254199e-02;3.3750000e+02;3.4680095e-02;3.3750000e+02;-8.3189253e-03;3.3750000e+02;-1.3816301e-03;3.3750000e+02;1.1568828e-02;3.3750000e+02;2.9740062e-02;3.3750000e+02;5.2538719e-02;3.3750000e+02;7.8159481e-02;3.3750000e+02;1.0411187e-01;3.3750000e+02;1.2748088e-01;3.3750000e+02;1.4700511e-01;3.3750000e+02;1.6678980e-01;3.3750000e+02;1.9314647e-01;3.3750000e+02;2.1940246e-01;3.3750000e+02;2.3227182e-01;3.3750000e+02;2.1811296e-01;3.3750000e+02;1.8161419e-01;3.3750000e+02;1.3218114e-01;3.3750000e+02;8.1254199e-02;3.3750000e+02;3.4680095e-02;3.3750000e+02;-8.3189253e-03;3.3750000e+02;-1.3816301e-03;3.3750000e+02;1.1568828e-02;3.3750000e+02;2.9740062e-02;3.3750000e+02;5.2538719e-02;3.3750000e+02;7.8159481e-02;3.3750000e+02;1.0411187e-01;3.3750000e+02;1.2748088e-01;3.3750000e+02;1.4700511e-01;3.3750000e+02;1.6678980e-01;3.3750000e+02;1.9314647e-01;3.3750000e+02;2.1940246e-01;3.3750000e+02;2.3227182e-01;3.3750000e+02;2.1811296e-01;3.3750000e+02;1.8161419e-01;3.3750000e+02;1.3218114e-01;3.3750000e+02;8.1254199e-02;3.3750000e+02;3.4680095e-02;3.3750000e+02;-8.3189253e-03;3.3750000e+02;-1.3816301e-03;3.3750000e+02;1.1568828e-02;3.3750000e+02;2.9740062e-02;3.3750000e+02;5.2538719e-02;3.3750000e+02;7.8159481e-02;3.3750000e+02;1.0411187e-01;3.3750000e+02;1.2748088e-01;3.3750000e+02;1.4700511e-01;3.3750000e+02;1.6678980e-01;3.3750000e+02;1.9314647e-01;3.3750000e+02;2.1940246e-01;3.3750000e+02;2.3227182e-01;3.3750000e+02;2.1811296e-01;3.3750000e+02;1.8161419e-01;3.3750000e+02;1.3218114e-01;3.3750000e+02;8.1254199e-02;3.3750000e+02;3.4680095e-02;3.3750000e+02;-8.3189253e-03;3.3750000e+02;-1.3816301e-03;3.3750000e+02;1.1568828e-02;3.3750000e+02;2.9740062e-02;3.3750000e+02;5.2538719e-02;3.3750000e+02;7.8159481e-02;3.3750000e+02;1.0411187e-01;3.3750000e+02;1.2748088e-01;3.3750000e+02;1.4700511e-01;3.3750000e+02;1.6678980e-01;3.3750000e+02;1.9314647e-01;3.3750000e+02;2.1940246e-01;3.3750000e+02;2.3227182e-01;3.3750000e+02;2.1811296e-01;3.3750000e+02;1.8161419e-01;3.3750000e+02;1.3218114e-01;3.3750000e+02;8.1254199e-02;3.3750000e+02;3.4680095e-02;3.3750000e+02;-8.3189253e-03;3.3750000e+02;-1.3816301e-03;3.3750000e+02;1.1568828e-02;3.3750000e+02;2.9740062e-02;3.3750000e+02;5.2538719e-02;3.3750000e+02;7.8159481e-02;3.3750000e+02;1.0411187e-01;3.3750000e+02;1.2748088e-01;3.3750000e+02;1.4700511e-01;3.3750000e+02;1.6678980e-01;3.3750000e+02;1.9314647e-01;3.3750000e+02;2.1940246e-01;3.3750000e+02;2.3227182e-01;3.3750000e+02;2.1811296e-01;3.3750000e+02;1.8161419e-01;3.3750000e+02;1.3218114e-01;3.3750000e+02;8.1254199e-02;3.3750000e+02;3.4680095e-02;3.3750000e+02;-8.3189253e-03;3.3750000e+02;-1.3816301e-03;3.3750000e+02;1.1568828e-02;3.3750000e+02;2.9740062e-02;3.3750000e+02;5.2538719e-02;3.3750000e+02;7.8159481e-02;3.3750000e+02;1.0411187e-01;3.3750000e+02;1.2748088e-01;3.3750000e+02;1.4700511e-01;3.3750000e+02;1.6678980e-01;3.3750000e+02;1.9314647e-01;3.3750000e+02;2.1940246e-01;3.3750000e+02;2.3227182e-01;3.3750000e+02;2.1811296e-01;3.3750000e+02;1.8161419e-01;3.3750000e+02;1.3218114e-01;3.3750000e+02;8.1254199e-02;3.3750000e+02;3.4680095e-02;3.3750000e+02;-8.3189253e-03;3.3750000e+02;-1.3816301e-03;3.3750000e+02;1.1568828e-02;3.3750000e+02;2.9740062e-02;3.3750000e+02;5.2538719e-02;3.3750000e+02;7.8159481e-02;3.3750000e+02;1.0411187e-01;3.3750000e+02;1.2748088e-01;3.3750000e+02;1.4700511e-01;3.3750000e+02;1.6678980e-01;3.3750000e+02;1.9314647e-01;3.3750000e+02;2.1940246e-01;3.3750000e+02;2.3227182e-01;3.3750000e+02;2.1811296e-01;3.3750000e+02;1.8161419e-01;3.3750000e+02;1.3218114e-01;3.3750000e+02;8.1254199e-02;3.3750000e+02;3.4680095e-02;3.3750000e+02;-8.3189253e-03;3.3750000e+02;-1.3816301e-03;3.3750000e+02;1.1568828e-02;3.3750000e+02;2.9740062e-02;3.3750000e+02;5.2538719e-02;3.3750000e+02;7.8159481e-02;3.3750000e+02;1.0411187e-01;3.3750000e+02;1.2748088e-01;3.3750000e+02;1.4700511e-01;3.3750000e+02;1.6678980e-01;3.3750000e+02;1.9314647e-01;3.3750000e+02;2.1940246e-01;3.3750000e+02;2.3227182e-01;3.3750000e+02;2.1811296e-01;3.3750000e+02;1.8161419e-01;3.3750000e+02;1.3218114e-01;3.3750000e+02;8.1254199e-02;3.3750000e+02;3.4680095e-02;3.3750000e+02;-8.3189253e-03;3.3750000e+02;-1.3816301e-03;3.3750000e+02;1.1568828e-02;3.3750000e+02;2.9740062e-02;3.3750000e+02;5.2538719e-02;3.3750000e+02;7.8159481e-02;3.3750000e+02;1.0411187e-01;3.3750000e+02;1.2748088e-01;3.3750000e+02;1.4700511e-01;3.3750000e+02;1.6678980e-01;3.3750000e+02;1.9314647e-01;3.3750000e+02;2.1940246e-01;3.3750000e+02;2.3227182e-01;3.3750000e+02;2.1811296e-01;3.3750000e+02;1.8161419e-01;3.3750000e+02;1.3218114e-01;3.3750000e+02;8.1254199e-02;3.3750000e+02;3.4680095e-02;3.3750000e+02;-8.3189253e-03;3.3750000e+02;-1.3816301e-03;3.3750000e+02;1.1568828e-02;3.3750000e+02;2.9740062e-02;3.3750000e+02;5.2538719e-02;3.3750000e+02;7.8159481e-02;3.3750000e+02;1.0411187e-01;3.3750000e+02;1.2748088e-01;3.3750000e+02;1.4700511e-01;3.3750000e+02;1.6678980e-01;3.3750000e+02;1.9314647e-01;3.3750000e+02;2.1940246e-01;3.3750000e+02;2.3227182e-01;3.3750000e+02;2.1811296e-01;3.3750000e+02;1.8161419e-01;3.3750000e+02;1.3218114e-01;3.3750000e+02;8.1254199e-02;3.3750000e+02;3.4680095e-02;3.3750000e+02;-8.3189253e-03;3.3750000e+02;-1.3816301e-03;3.3750000e+02;1.1568828e-02;3.3750000e+02;2.9740062e-02;3.3750000e+02;5.2538719e-02;3.3750000e+02;7.8159481e-02;3.3750000e+02;1.0411187e-01;3.3750000e+02;1.2748088e-01;3.3750000e+02;1.4700511e-01;3.3750000e+02;1.6678980e-01;3.3750000e+02;1.9314647e-01;3.3750000e+02;2.1940246e-01;3.3750000e+02;2.3227182e-01;3.3750000e+02;2.1811296e-01;3.3750000e+02;1.8161419e-01;3.3750000e+02;1.3218114e-01;3.3750000e+02;8.1254199e-02;3.3750000e+02;3.4680095e-02;3.3750000e+02;-8.3189253e-03;3.3750000e+02;-1.3816301e-03;3.3750000e+02;1.1568828e-02;3.3750000e+02;2.9740062e-02;3.3750000e+02;5.2538719e-02;3.3750000e+02;7.8159481e-02;3.3750000e+02;1.0411187e-01;3.3750000e+02;1.2748088e-01;3.3750000e+02;1.4700511e-01;3.3750000e+02;1.6678980e-01;3.3750000e+02;1.9314647e-01;3.3750000e+02;2.1940246e-01;3.3750000e+02;2.3227182e-01;3.3750000e+02;2.1811296e-01;3.3750000e+02;1.8161419e-01;3.3750000e+02;1.3218114e-01;3.3750000e+02;8.1254199e-02;3.3750000e+02;3.4680095e-02;3.3750000e+02;-8.3189253e-03;3.3750000e+02;-1.3816301e-03;3.3750000e+02;1.1568828e-02;3.3750000e+02;2.9740062e-02;3.3750000e+02;5.2538719e-02;3.3750000e+02;7.8159481e-02;3.3750000e+02;1.0411187e-01;3.3750000e+02;1.2748088e-01;3.3750000e+02;1.4700511e-01;3.3750000e+02;1.6678980e-01;3.3750000e+02;1.9314647e-01;3.3750000e+02;2.1940246e-01;3.3750000e+02;2.3227182e-01;3.3750000e+02;2.1811296e-01;3.3750000e+02;1.8161419e-01;3.3750000e+02;1.3218114e-01;3.3750000e+02;8.1254199e-02;3.3750000e+02;3.4680095e-02;3.3750000e+02;-8.3189253e-03;3.3750000e+02;-1.3816301e-03;3.3750000e+02;1.1568828e-02;3.3750000e+02;2.9740062e-02;3.3750000e+02;5.2538719e-02;3.3750000e+02;7.8159481e-02;3.3750000e+02;1.0411187e-01;3.3750000e+02;1.2748088e-01;3.3750000e+02;1.4700511e-01;3.3750000e+02;1.6678980e-01;3.3750000e+02;1.9314647e-01;3.3750000e+02;2.1940246e-01;3.3750000e+02;2.3227182e-01;3.3750000e+02;2.1811296e-01;3.3750000e+02;1.8161419e-01;3.3750000e+02;1.3218114e-01;3.3750000e+02;8.1254199e-02;3.3750000e+02;3.4680095e-02;3.3750000e+02;-8.3189253e-03;3.3750000e+02;-1.3816301e-03;3.3750000e+02;1.1568828e-02;3.3750000e+02;2.9740062e-02;3.3750000e+02;5.2538719e-02;3.3750000e+02;7.8159481e-02;3.3750000e+02;1.0411187e-01;3.3750000e+02;1.2748088e-01;3.3750000e+02;1.4700511e-01;3.3750000e+02;1.6678980e-01;3.3750000e+02;1.9314647e-01;3.3750000e+02;2.1940246e-01;3.3750000e+02;2.3227182e-01;3.3750000e+02;2.1811296e-01;3.3750000e+02;1.8161419e-01;3.3750000e+02;1.3218114e-01;3.3750000e+02;8.1254199e-02;3.3750000e+02;3.4680095e-02;3.3750000e+02;-8.3189253e-03;3.3750000e+02;-1.3816301e-03;3.3750000e+02;1.1568828e-02;3.3750000e+02;2.9740062e-02;3.3750000e+02;5.2538719e-02;3.3750000e+02;7.8159481e-02;3.3750000e+02;1.0411187e-01;3.3750000e+02;1.2748088e-01;3.3750000e+02;1.4700511e-01;3.3750000e+02;1.6678980e-01;3.3750000e+02;1.9314647e-01;3.3750000e+02;2.1940246e-01;3.3750000e+02;2.3227182e-01;3.3750000e+02;2.1811296e-01;3.3750000e+02;1.8161419e-01;3.3750000e+02;1.3218114e-01;3.3750000e+02;8.1254199e-02;3.3750000e+02;3.4680095e-02;3.3750000e+02;-8.3189253e-03;3.3750000e+02;-1.3816301e-03;3.3750000e+02;1.1568828e-02;3.3750000e+02;2.9740062e-02;3.3750000e+02;5.2538719e-02;3.3750000e+02;7.8159481e-02;3.3750000e+02;1.0411187e-01;3.3750000e+02;1.2748088e-01;3.3750000e+02;1.4700511e-01;3.3750000e+02;1.6678980e-01;3.3750000e+02;1.9314647e-01;3.3750000e+02;2.1940246e-01;3.3750000e+02;2.3227182e-01;3.3750000e+02;2.1811296e-01;3.3750000e+02;1.8161419e-01;3.3750000e+02;1.3218114e-01;3.3750000e+02;8.1254199e-02;3.3750000e+02;3.4680095e-02;3.3750000e+02;-8.3189253e-03;3.3750000e+02;-1.3816301e-03;3.3750000e+02;1.1568828e-02;3.3750000e+02;2.9740062e-02;3.3750000e+02;5.2538719e-02;3.3750000e+02;7.8159481e-02;3.3750000e+02;1.0411187e-01;3.3750000e+02;1.2748088e-01;3.3750000e+02;1.4700511e-01;3.3750000e+02;1.6678980e-01;3.3750000e+02;1.9314647e-01;3.3750000e+02;2.1940246e-01;3.3750000e+02;2.3227182e-01;3.3750000e+02;2.1811296e-01;3.3750000e+02;1.8161419e-01;3.3750000e+02;1.3218114e-01;3.3750000e+02;8.1254199e-02;3.3750000e+02;3.4680095e-02;3.3750000e+02;-8.3189253e-03;3.3750000e+02;-1.3816301e-03;3.3750000e+02;1.1568828e-02;3.3750000e+02;2.9740062e-02;3.3750000e+02;5.2538719e-02;3.3750000e+02;7.8159481e-02;3.3750000e+02;1.0411187e-01;3.3750000e+02;1.2748088e-01;3.3750000e+02;1.4700511e-01;3.3750000e+02;1.6678980e-01;3.3750000e+02;1.9314647e-01;3.3750000e+02;2.1940246e-01;3.3750000e+02;2.3227182e-01;3.3750000e+02;2.1811296e-01;3.3750000e+02;1.8161419e-01;3.3750000e+02;1.3218114e-01;3.3750000e+02;8.1254199e-02;3.3750000e+02;3.4680095e-02;3.3750000e+02;-8.3189253e-03;3.3750000e+02;-1.3816301e-03;3.3750000e+02;1.1568828e-02;3.3750000e+02;2.9740062e-02;3.3750000e+02;5.2538719e-02;3.3750000e+02;7.8159481e-02;3.3750000e+02;1.0411187e-01;3.3750000e+02;1.2748088e-01;3.3750000e+02;1.4700511e-01;3.3750000e+02;1.6678980e-01;3.3750000e+02;1.9314647e-01;3.3750000e+02;2.1940246e-01;3.3750000e+02;2.3227182e-01;3.3750000e+02;2.1811296e-01;3.3750000e+02;1.8161419e-01;3.3750000e+02;1.3218114e-01;3.3750000e+02;8.1254199e-02;3.3750000e+02;3.4680095e-02;3.3750000e+02;-8.3189253e-03;3.3750000e+02;-1.3816301e-03;3.3750000e+02;1.1568828e-02;3.3750000e+02;2.9740062e-02;3.3750000e+02;5.2538719e-02;3.3750000e+02;7.8159481e-02;3.3750000e+02;1.0411187e-01;3.3750000e+02;1.2748088e-01;3.3750000e+02;1.4700511e-01;3.3750000e+02;1.6678980e-01;3.3750000e+02;1.9314647e-01;3.3750000e+02;2.1940246e-01;3.3750000e+02;2.3227182e-01;3.3750000e+02;2.1811296e-01;3.3750000e+02;1.8161419e-01;3.3750000e+02;1.3218114e-01;3.3750000e+02;8.1254199e-02;3.3750000e+02;3.4680095e-02;3.3750000e+02;-8.3189253e-03;3.3750000e+02;-1.3816301e-03;3.3750000e+02;1.1568828e-02;3.3750000e+02;2.9740062e-02;3.3750000e+02;5.2538719e-02;3.3750000e+02;7.8159481e-02;3.3750000e+02;1.0411187e-01;3.3750000e+02;1.2748088e-01;3.3750000e+02;1.4700511e-01;3.3750000e+02;1.6678980e-01;3.3750000e+02;1.9314647e-01;3.3750000e+02;2.1940246e-01;3.3750000e+02;2.3227182e-01;3.3750000e+02;2.1811296e-01;3.3750000e+02;1.8161419e-01;3.3750000e+02;1.3218114e-01;3.3750000e+02;8.1254199e-02;3.3750000e+02;3.4680095e-02;3.3750000e+02;-8.3189253e-03;3.3750000e+02;-1.3816301e-03;3.3750000e+02;1.1568828e-02;3.3750000e+02;2.9740062e-02;3.3750000e+02;5.2538719e-02;3.3750000e+02;7.8159481e-02;3.3750000e+02;1.0411187e-01;3.3750000e+02;1.2748088e-01;3.3750000e+02;1.4700511e-01;3.3750000e+02;1.6678980e-01;3.3750000e+02;1.9314647e-01;3.3750000e+02;2.1940246e-01;3.3750000e+02;2.3227182e-01;3.3750000e+02;2.1811296e-01;3.3750000e+02;1.8161419e-01;3.3750000e+02;1.3218114e-01;3.3750000e+02;8.1254199e-02;3.3750000e+02;3.4680095e-02;3.3750000e+02;-8.3189253e-03;3.3750000e+02;-1.3816301e-03;3.3750000e+02;1.1568828e-02;3.3750000e+02;2.9740062e-02;3.3750000e+02;5.2538719e-02;3.3750000e+02;7.8159481e-02;3.3750000e+02;1.0411187e-01;3.3750000e+02;1.2748088e-01;3.3750000e+02;1.4700511e-01;3.3750000e+02;1.6678980e-01;3.3750000e+02;1.9314647e-01;3.3750000e+02;2.1940246e-01;3.3750000e+02;2.3227182e-01;3.3750000e+02;2.1811296e-01;3.3750000e+02;1.8161419e-01;3.3750000e+02;1.3218114e-01;3.3750000e+02;8.1254199e-02;3.3750000e+02;3.4680095e-02;3.3750000e+02;-8.3189253e-03;3.3750000e+02;-1.3816301e-03;3.3750000e+02;1.1568828e-02;3.3750000e+02;2.9740062e-02;3.3750000e+02;5.2538719e-02;3.3750000e+02;7.8159481e-02;3.3750000e+02;1.0411187e-01;3.3750000e+02;1.2748088e-01;3.3750000e+02;1.4700511e-01;3.3750000e+02;1.6678980e-01;3.3750000e+02;1.9314647e-01;3.3750000e+02;2.1940246e-01;3.3750000e+02;2.3227182e-01;3.3750000e+02;2.1811296e-01;3.3750000e+02;1.8161419e-01;3.3750000e+02;1.3218114e-01;3.3750000e+02;8.1254199e-02;3.3750000e+02;3.4680095e-02;3.3750000e+02;-8.3189253e-03;3.3750000e+02;-1.3816301e-03;3.3750000e+02;1.1568828e-02;3.3750000e+02;2.9740062e-02;3.3750000e+02;5.2538719e-02;3.3750000e+02;7.8159481e-02;3.3750000e+02;1.0411187e-01;3.3750000e+02;1.2748088e-01;3.3750000e+02;1.4700511e-01;3.3750000e+02;1.6678980e-01;3.3750000e+02;1.9314647e-01;3.3750000e+02;2.1940246e-01;3.3750000e+02;2.3227182e-01;3.3750000e+02;2.1811296e-01;3.3750000e+02;1.8161419e-01;3.3750000e+02;1.3218114e-01;3.3750000e+02;8.1254199e-02;3.3750000e+02;3.4680095e-02;3.3750000e+02;-8.3189253e-03;3.3750000e+02;-1.3816301e-03;3.3750000e+02;1.1568828e-02;3.3750000e+02;2.9740062e-02;3.3750000e+02;5.2538719e-02;3.3750000e+02;7.8159481e-02;3.3750000e+02;1.0411187e-01;3.3750000e+02;1.2748088e-01;3.3750000e+02;1.4700511e-01;3.3750000e+02;1.6678980e-01;3.3750000e+02;1.9314647e-01;3.3750000e+02;2.1940246e-01;3.3750000e+02;2.3227182e-01;3.3750000e+02;2.1811296e-01;3.3750000e+02;1.8161419e-01;3.3750000e+02;1.3218114e-01;3.3750000e+02;8.1254199e-02;3.3750000e+02;3.4680095e-02;3.3750000e+02;-8.3189253e-03;3.3750000e+02;-1.3816301e-03;3.3750000e+02;1.1568828e-02;3.3750000e+02;2.9740062e-02;3.3750000e+02;5.2538719e-02;3.3750000e+02;7.8159481e-02;3.3750000e+02;1.0411187e-01;3.3750000e+02;1.2748088e-01;3.3750000e+02;1.4700511e-01;3.3750000e+02;1.6678980e-01;3.3750000e+02;1.9314647e-01;3.3750000e+02;2.1940246e-01;3.3750000e+02;2.3227182e-01;3.3750000e+02;2.1811296e-01;3.3750000e+02;1.8161419e-01;3.3750000e+02;1.3218114e-01;3.3750000e+02;8.1254199e-02;3.3750000e+02;3.4680095e-02;3.3750000e+02;-8.3189253e-03;3.3750000e+02;-1.3816301e-03;3.3750000e+02;1.1568828e-02;3.3750000e+02;2.9740062e-02;3.3750000e+02;5.2538719e-02;3.3750000e+02;7.8159481e-02;3.3750000e+02;1.0411187e-01;3.3750000e+02;1.2748088e-01;3.3750000e+02;1.4700511e-01;3.3750000e+02;1.6678980e-01;3.3750000e+02;1.9314647e-01;3.3750000e+02;2.1940246e-01;3.3750000e+02;2.3227182e-01;3.3750000e+02;2.1811296e-01;3.3750000e+02;1.8161419e-01;3.3750000e+02;1.3218114e-01;3.3750000e+02;8.1254199e-02;3.3750000e+02;3.4680095e-02;3.3750000e+02;-8.3189253e-03;3.3750000e+02;-1.3816301e-03;3.3750000e+02;1.1568828e-02;3.3750000e+02;2.9740062e-02;3.3750000e+02;5.2538719e-02;3.3750000e+02;7.8159481e-02;3.3750000e+02;1.0411187e-01;3.3750000e+02;1.2748088e-01;3.3750000e+02;1.4700511e-01;3.3750000e+02;1.6678980e-01;3.3750000e+02;1.9314647e-01;3.3750000e+02;2.1940246e-01;3.3750000e+02;2.3227182e-01;3.3750000e+02;2.1811296e-01;3.3750000e+02;1.8161419e-01;3.3750000e+02;1.3218114e-01;3.3750000e+02;8.1254199e-02;3.3750000e+02;3.4680095e-02;3.3750000e+02;-8.3189253e-03;3.3750000e+02;-1.3816301e-03;3.3750000e+02;1.1568828e-02;3.3750000e+02;2.9740062e-02;3.3750000e+02;5.2538719e-02;3.3750000e+02;7.8159481e-02;3.3750000e+02;1.0411187e-01;3.3750000e+02;1.2748088e-01;3.3750000e+02;1.4700511e-01;3.3750000e+02;1.6678980e-01;3.3750000e+02;1.9314647e-01;3.3750000e+02;2.1940246e-01;3.3750000e+02;2.3227182e-01;3.3750000e+02;2.1811296e-01;3.3750000e+02;1.8161419e-01;3.3750000e+02;1.3218114e-01;3.3750000e+02;8.1254199e-02;3.3750000e+02;3.4680095e-02;3.3750000e+02;-8.3189253e-03;3.3750000e+02;-1.3816301e-03;3.3750000e+02;1.1568828e-02;3.3750000e+02;2.9740062e-02;3.3750000e+02;5.2538719e-02;3.3750000e+02;7.8159481e-02;3.3750000e+02;1.0411187e-01;3.3750000e+02;1.2748088e-01;3.3750000e+02;1.4700511e-01;3.3750000e+02;1.6678980e-01;3.3750000e+02;1.9314647e-01;3.3750000e+02;2.1940246e-01;3.3750000e+02;2.3227182e-01;3.3750000e+02;2.1811296e-01;3.3750000e+02;1.8161419e-01;3.3750000e+02;1.3218114e-01;3.3750000e+02;8.1254199e-02;3.3750000e+02;3.4680095e-02;3.3750000e+02;-8.3189253e-03;3.3750000e+02;-1.3816301e-03;3.3750000e+02;1.1568828e-02;3.3750000e+02;2.9740062e-02;3.3750000e+02;5.2538719e-02;3.3750000e+02;7.8159481e-02;3.3750000e+02;1.0411187e-01;3.3750000e+02;1.2748088e-01;3.3750000e+02;1.4700511e-01;3.3750000e+02;1.6678980e-01;3.3750000e+02;1.9314647e-01;3.3750000e+02;2.1940246e-01;3.3750000e+02;2.3227182e-01;3.3750000e+02;2.1811296e-01;3.3750000e+02;1.8161419e-01;3.3750000e+02;1.3218114e-01;3.3750000e+02;8.1254199e-02;3.3750000e+02;3.4680095e-02;3.3750000e+02;-8.3189253e-03;3.3750000e+02;-1.3816301e-03;3.3750000e+02;1.1568828e-02;3.3750000e+02;2.9740062e-02;3.3750000e+02;5.2538719e-02;3.3750000e+02;7.8159481e-02;3.3750000e+02;1.0411187e-01;3.3750000e+02;1.2748088e-01;3.3750000e+02;1.4700511e-01;3.3750000e+02;1.6678980e-01;3.3750000e+02;1.9314647e-01;3.3750000e+02;2.1940246e-01;3.3750000e+02;2.3227182e-01;3.3750000e+02;2.1811296e-01;3.3750000e+02;1.8161419e-01;3.3750000e+02;1.3218114e-01;3.3750000e+02;8.1254199e-02;3.3750000e+02;3.4680095e-02;3.3750000e+02;-8.3189253e-03;3.3750000e+02;-1.3816301e-03;3.3750000e+02;1.1568828e-02;3.3750000e+02;2.9740062e-02;3.3750000e+02;5.2538719e-02;3.3750000e+02;7.8159481e-02;3.3750000e+02;1.0411187e-01;3.3750000e+02;1.2748088e-01;3.3750000e+02;1.4700511e-01;3.3750000e+02;1.6678980e-01;3.3750000e+02;1.9314647e-01;3.3750000e+02;2.1940246e-01;3.3750000e+02;2.3227182e-01;3.3750000e+02;2.1811296e-01;3.3750000e+02;1.8161419e-01;3.3750000e+02;1.3218114e-01;3.3750000e+02;8.1254199e-02;3.3750000e+02;3.4680095e-02;3.3750000e+02;-8.3189253e-03;3.3750000e+02;-1.3816301e-03;3.3750000e+02;1.1568828e-02;3.3750000e+02;2.9740062e-02;3.3750000e+02;5.2538719e-02;3.3750000e+02;7.8159481e-02;3.3750000e+02;1.0411187e-01;3.3750000e+02;1.2748088e-01;3.3750000e+02;1.4700511e-01;3.3750000e+02;1.6678980e-01;3.3750000e+02;1.9314647e-01;3.3750000e+02;2.1940246e-01;3.3750000e+02;2.3227182e-01;3.3750000e+02;2.1811296e-01;3.3750000e+02;1.8161419e-01;3.3750000e+02;1.3218114e-01;3.3750000e+02;8.1254199e-02;3.3750000e+02;3.4680095e-02;3.3750000e+02;-8.3189253e-03;3.3750000e+02;-1.3816301e-03;3.3750000e+02;1.1568828e-02;3.3750000e+02;2.9740062e-02;3.3750000e+02;5.2538719e-02;3.3750000e+02;7.8159481e-02;3.3750000e+02;1.0411187e-01;3.3750000e+02;1.2748088e-01;3.3750000e+02;1.4700511e-01;3.3750000e+02;1.6678980e-01;3.3750000e+02;1.9314647e-01;3.3750000e+02;2.1940246e-01;3.3750000e+02;2.3227182e-01;3.3750000e+02;2.1811296e-01;3.3750000e+02;1.8161419e-01;3.3750000e+02;1.3218114e-01;3.3750000e+02;8.1254199e-02;3.3750000e+02;3.4680095e-02;3.3750000e+02;-8.3189253e-03;3.3750000e+02;-1.3816301e-03;3.3750000e+02;1.1568828e-02;3.3750000e+02;2.9740062e-02;3.3750000e+02;5.2538719e-02;3.3750000e+02;7.8159481e-02;3.3750000e+02;1.0411187e-01;3.3750000e+02;1.2748088e-01;3.3750000e+02;1.4700511e-01;3.3750000e+02;1.6678980e-01;3.3750000e+02;1.9314647e-01;3.3750000e+02;2.1940246e-01;3.3750000e+02;2.3227182e-01;3.3750000e+02;2.1811296e-01;3.3750000e+02;1.8161419e-01;3.3750000e+02;1.3218114e-01;3.3750000e+02;8.1254199e-02;3.3750000e+02;3.4680095e-02;3.3750000e+02;-8.3189253e-03;3.3750000e+02;-1.3816301e-03;3.3750000e+02;1.1568828e-02;3.3750000e+02;2.9740062e-02;3.3750000e+02;5.2538719e-02;3.3750000e+02;7.8159481e-02;3.3750000e+02;1.0411187e-01;3.3750000e+02;1.2748088e-01;3.3750000e+02;1.4700511e-01;3.3750000e+02;1.6678980e-01;3.3750000e+02;1.9314647e-01;3.3750000e+02;2.1940246e-01;3.3750000e+02;2.3227182e-01;3.3750000e+02;2.1811296e-01;3.3750000e+02;1.8161419e-01;3.3750000e+02;1.3218114e-01;3.3750000e+02;8.1254199e-02;3.3750000e+02;3.4680095e-02;3.3750000e+02;-8.3189253e-03;3.3750000e+02;-1.3816301e-03;3.3750000e+02;1.1568828e-02;3.3750000e+02;2.9740062e-02;3.3750000e+02;5.2538719e-02;3.3750000e+02;7.8159481e-02;3.3750000e+02;1.0411187e-01;3.3750000e+02;1.2748088e-01;3.3750000e+02;1.4700511e-01;3.3750000e+02;1.6678980e-01;3.3750000e+02;1.9314647e-01;3.3750000e+02;2.1940246e-01;3.3750000e+02;2.3227182e-01;3.3750000e+02;2.1811296e-01;3.3750000e+02;1.8161419e-01;3.3750000e+02;1.3218114e-01;3.3750000e+02;8.1254199e-02;3.3750000e+02;3.4680095e-02;3.3750000e+02;-8.3189253e-03;3.3750000e+02;-1.3816301e-03;3.3750000e+02;1.1568828e-02;3.3750000e+02;2.9740062e-02;3.3750000e+02;5.2538719e-02;3.3750000e+02;7.8159481e-02;3.3750000e+02;1.0411187e-01;3.3750000e+02;1.2748088e-01;3.3750000e+02;1.4700511e-01;3.3750000e+02;1.6678980e-01;3.3750000e+02;1.9314647e-01;3.3750000e+02;2.1940246e-01;3.3750000e+02;2.3227182e-01;3.3750000e+02;2.1811296e-01;3.3750000e+02;1.8161419e-01;3.3750000e+02;1.3218114e-01;3.3750000e+02;8.1254199e-02;3.3750000e+02;3.4680095e-02;3.3750000e+02;-8.3189253e-03;3.3750000e+02;-1.3816301e-03;3.3750000e+02;1.1568828e-02;3.3750000e+02;2.9740062e-02;3.3750000e+02;5.2538719e-02;3.3750000e+02;7.8159481e-02;3.3750000e+02;1.0411187e-01;3.3750000e+02;1.2748088e-01;3.3750000e+02;1.4700511e-01;3.3750000e+02;1.6678980e-01;3.3750000e+02;1.9314647e-01;3.3750000e+02;2.1940246e-01;3.3750000e+02;2.3227182e-01;3.3750000e+02;2.1811296e-01;3.3750000e+02;1.8161419e-01;3.3750000e+02;1.3218114e-01;3.3750000e+02;8.1254199e-02;3.3750000e+02;3.4680095e-02;3.3750000e+02;-8.3189253e-03;3.3750000e+02;-1.3816301e-03;3.3750000e+02;1.1568828e-02;3.3750000e+02;2.9740062e-02;3.3750000e+02;5.2538719e-02;3.3750000e+02;7.8159481e-02;3.3750000e+02;1.0411187e-01;3.3750000e+02;1.2748088e-01;3.3750000e+02;1.4700511e-01;3.3750000e+02;1.6678980e-01;3.3750000e+02;1.9314647e-01;3.3750000e+02;2.1940246e-01;3.3750000e+02;2.3227182e-01;3.3750000e+02;2.1811296e-01;3.3750000e+02;1.8161419e-01;3.3750000e+02;1.3218114e-01;3.3750000e+02;8.1254199e-02;3.3750000e+02;3.4680095e-02;3.3750000e+02;-8.3189253e-03;3.3750000e+02;-1.3816301e-03;3.3750000e+02;1.1568828e-02;3.3750000e+02;2.9740062e-02;3.3750000e+02;5.2538719e-02;3.3750000e+02;7.8159481e-02;3.3750000e+02;1.0411187e-01;3.3750000e+02;1.2748088e-01;3.3750000e+02;1.4700511e-01;3.3750000e+02;1.6678980e-01;3.3750000e+02;1.9314647e-01;3.3750000e+02;2.1940246e-01;3.3750000e+02;2.3227182e-01;3.3750000e+02;2.1811296e-01;3.3750000e+02;1.8161419e-01;3.3750000e+02;1.3218114e-01;3.3750000e+02;8.1254199e-02;3.3750000e+02;3.4680095e-02;3.3750000e+02;-8.3189253e-03;3.3750000e+02;-1.3816301e-03;3.3750000e+02;1.1568828e-02;3.3750000e+02;2.9740062e-02;3.3750000e+02;5.2538719e-02;3.3750000e+02;7.8159481e-02;3.3750000e+02;1.0411187e-01;3.3750000e+02;1.2748088e-01;3.3750000e+02;1.4700511e-01;3.3750000e+02;1.6678980e-01;3.3750000e+02;1.9314647e-01;3.3750000e+02;2.1940246e-01;3.3750000e+02;2.3227182e-01;3.3750000e+02;2.1811296e-01;3.3750000e+02;1.8161419e-01;3.3750000e+02;1.3218114e-01;3.3750000e+02;8.1254199e-02;3.3750000e+02;3.4680095e-02;3.3750000e+02;-8.3189253e-03;3.3750000e+02;-1.3816301e-03;3.3750000e+02;1.1568828e-02;3.3750000e+02;2.9740062e-02;3.3750000e+02;5.2538719e-02;3.3750000e+02;7.8159481e-02;3.3750000e+02;1.0411187e-01;3.3750000e+02;1.2748088e-01;3.3750000e+02;1.4700511e-01;3.3750000e+02;1.6678980e-01;3.3750000e+02;1.9314647e-01;3.3750000e+02;2.1940246e-01;3.3750000e+02;2.3227182e-01;3.3750000e+02;2.1811296e-01;3.3750000e+02;1.8161419e-01;3.3750000e+02;1.3218114e-01;3.3750000e+02;8.1254199e-02;3.3750000e+02;3.4680095e-02;3.3750000e+02;-8.3189253e-03;3.3750000e+02;-1.3816301e-03;3.3750000e+02;1.1568828e-02;3.3750000e+02;2.9740062e-02;3.3750000e+02;5.2538719e-02;3.3750000e+02;7.8159481e-02;3.3750000e+02;1.0411187e-01;3.3750000e+02;1.2748088e-01;3.3750000e+02;1.4700511e-01;3.3750000e+02;1.6678980e-01;3.3750000e+02;1.9314647e-01;3.3750000e+02;2.1940246e-01;3.3750000e+02;2.3227182e-01;3.3750000e+02;2.1811296e-01;3.3750000e+02;1.8161419e-01;3.3750000e+02;1.3218114e-01;3.3750000e+02;8.1254199e-02;3.3750000e+02;3.4680095e-02;3.3750000e+02;-8.3189253e-03;3.3750000e+02;-1.3816301e-03;3.3750000e+02;1.1568828e-02;3.3750000e+02;2.9740062e-02;3.3750000e+02;5.2538719e-02;3.3750000e+02;7.8159481e-02;3.3750000e+02;1.0411187e-01;3.3750000e+02;1.2748088e-01;3.3750000e+02;1.4700511e-01;3.3750000e+02;1.6678980e-01;3.3750000e+02;1.9314647e-01;3.3750000e+02;2.1940246e-01;3.3750000e+02;2.3227182e-01;3.3750000e+02;2.1811296e-01;3.3750000e+02;1.8161419e-01;3.3750000e+02;1.3218114e-01;3.3750000e+02;8.1254199e-02;3.3750000e+02;3.4680095e-02;3.3750000e+02;-8.3189253e-03;3.3750000e+02;-1.3816301e-03;3.3750000e+02;1.1568828e-02;3.3750000e+02;2.9740062e-02;3.3750000e+02;5.2538719e-02;3.3750000e+02;7.8159481e-02;3.3750000e+02;1.0411187e-01;3.3750000e+02;1.2748088e-01;3.3750000e+02;1.4700511e-01;3.3750000e+02;1.6678980e-01;3.3750000e+02;1.9314647e-01;3.3750000e+02;2.1940246e-01;3.3750000e+02;2.3227182e-01;3.3750000e+02;2.1811296e-01;3.3750000e+02;1.8161419e-01;3.3750000e+02;1.3218114e-01;3.3750000e+02;8.1254199e-02;3.3750000e+02;3.4680095e-02;3.3750000e+02;-8.3189253e-03;3.3750000e+02;-1.3816301e-03;3.3750000e+02;1.1568828e-02;3.3750000e+02;2.9740062e-02;3.3750000e+02;5.2538719e-02;3.3750000e+02;7.8159481e-02;3.3750000e+02;1.0411187e-01;3.3750000e+02;1.2748088e-01;3.3750000e+02;1.4700511e-01;3.3750000e+02;1.6678980e-01;3.3750000e+02;1.9314647e-01;3.3750000e+02;2.1940246e-01;3.3750000e+02;2.3227182e-01;3.3750000e+02;2.1811296e-01;3.3750000e+02;1.8161419e-01;3.3750000e+02;1.3218114e-01;3.3750000e+02;8.1254199e-02;3.3750000e+02;3.4680095e-02;3.3750000e+02;-8.3189253e-03;3.3750000e+02;-1.3816301e-03;3.3750000e+02;1.1568828e-02;3.3750000e+02;2.9740062e-02;3.3750000e+02;5.2538719e-02;3.3750000e+02;7.8159481e-02;3.3750000e+02;1.0411187e-01;3.3750000e+02;1.2748088e-01;3.3750000e+02;1.4700511e-01;3.3750000e+02;1.6678980e-01;3.3750000e+02;1.9314647e-01;3.3750000e+02;2.1940246e-01;3.3750000e+02;2.3227182e-01;3.3750000e+02;2.1811296e-01;3.3750000e+02;1.8161419e-01;3.3750000e+02;1.3218114e-01;3.3750000e+02;8.1254199e-02;3.3750000e+02;3.4680095e-02;3.3750000e+02;-8.3189253e-03;3.3750000e+02;-1.3816301e-03;3.3750000e+02;1.1568828e-02;3.3750000e+02;2.9740062e-02;3.3750000e+02;5.2538719e-02;3.3750000e+02;7.8159481e-02;3.3750000e+02;1.0411187e-01;3.3750000e+02;1.2748088e-01;3.3750000e+02;1.4700511e-01;3.3750000e+02;1.6678980e-01;3.3750000e+02;1.9314647e-01;3.3750000e+02;2.1940246e-01;3.3750000e+02;2.3227182e-01;3.3750000e+02;2.1811296e-01;3.3750000e+02;1.8161419e-01;3.3750000e+02;1.3218114e-01;3.3750000e+02;8.1254199e-02;3.3750000e+02;3.4680095e-02;3.3750000e+02;-8.3189253e-03;3.3750000e+02;-1.3816301e-03;3.3750000e+02;1.1568828e-02;3.3750000e+02;2.9740062e-02;3.3750000e+02;5.2538719e-02;3.3750000e+02;7.8159481e-02;3.3750000e+02;1.0411187e-01;3.3750000e+02;1.2748088e-01;3.3750000e+02;1.4700511e-01;3.3750000e+02;1.6678980e-01;3.3750000e+02;1.9314647e-01;3.3750000e+02;2.1940246e-01;3.3750000e+02;2.3227182e-01;3.3750000e+02;2.1811296e-01;3.3750000e+02;1.8161419e-01;3.3750000e+02;1.3218114e-01;3.3750000e+02;8.1254199e-02;3.3750000e+02;3.4680095e-02;3.3750000e+02;-8.3189253e-03;3.3750000e+02;-1.3816301e-03;3.3750000e+02;1.1568828e-02;3.3750000e+02;2.9740062e-02;3.3750000e+02;5.2538719e-02;3.3750000e+02;7.8159481e-02;3.3750000e+02;1.0411187e-01;3.3750000e+02;1.2748088e-01;3.3750000e+02;1.4700511e-01;3.3750000e+02;1.6678980e-01;3.3750000e+02;1.9314647e-01;3.3750000e+02;2.1940246e-01;3.3750000e+02;2.3227182e-01;3.3750000e+02;2.1811296e-01;3.3750000e+02;1.8161419e-01;3.3750000e+02;1.3218114e-01;3.3750000e+02;8.1254199e-02;3.3750000e+02;3.4680095e-02;3.3750000e+02;-8.3189253e-03;3.3750000e+02;-1.3816301e-03;3.3750000e+02;1.1568828e-02;3.3750000e+02;2.9740062e-02;3.3750000e+02;5.2538719e-02;3.3750000e+02;7.8159481e-02;3.3750000e+02;1.0411187e-01;3.3750000e+02;1.2748088e-01;3.3750000e+02;1.4700511e-01;3.3750000e+02;1.6678980e-01;3.3750000e+02;1.9314647e-01;3.3750000e+02;2.1940246e-01;3.3750000e+02;2.3227182e-01;3.3750000e+02;2.1811296e-01;3.3750000e+02;1.8161419e-01;3.3750000e+02;1.3218114e-01;3.3750000e+02;8.1254199e-02;3.3750000e+02;3.4680095e-02;3.3750000e+02;-8.3189253e-03;3.3750000e+02;-1.3816301e-03;3.3750000e+02;1.1568828e-02;3.3750000e+02;2.9740062e-02;3.3750000e+02;5.2538719e-02;3.3750000e+02;7.8159481e-02;3.3750000e+02;1.0411187e-01;3.3750000e+02;1.2748088e-01;3.3750000e+02;1.4700511e-01;3.3750000e+02;1.6678980e-01;3.3750000e+02;1.9314647e-01;3.3750000e+02;2.1940246e-01;3.3750000e+02;2.3227182e-01;3.3750000e+02;2.1811296e-01;3.3750000e+02;1.8161419e-01;3.3750000e+02;1.3218114e-01;3.3750000e+02;8.1254199e-02;3.3750000e+02;3.4680095e-02;3.3750000e+02;-8.3189253e-03;3.3750000e+02;-1.3816301e-03;3.3750000e+02;1.1568828e-02;3.3750000e+02;2.9740062e-02;3.3750000e+02;5.2538719e-02;3.3750000e+02;7.8159481e-02;3.3750000e+02;1.0411187e-01;3.3750000e+02;1.2748088e-01;3.3750000e+02;1.4700511e-01;3.3750000e+02;1.6678980e-01;3.3750000e+02;1.9314647e-01;3.3750000e+02;2.1940246e-01;3.3750000e+02;2.3227182e-01;3.3750000e+02;2.1811296e-01;3.3750000e+02;1.8161419e-01;3.3750000e+02;1.3218114e-01;3.3750000e+02;8.1254199e-02;3.3750000e+02;3.4680095e-02;3.3750000e+02;-8.3189253e-03;3.3750000e+02;-1.3816301e-03;3.3750000e+02;1.1568828e-02;3.3750000e+02;2.9740062e-02;3.3750000e+02;5.2538719e-02;3.3750000e+02;7.8159481e-02;3.3750000e+02;1.0411187e-01;3.3750000e+02;1.2748088e-01;3.3750000e+02;1.4700511e-01;3.3750000e+02;1.6678980e-01;3.3750000e+02;1.9314647e-01;3.3750000e+02;2.1940246e-01;3.3750000e+02;2.3227182e-01;3.3750000e+02;2.1811296e-01;3.3750000e+02;1.8161419e-01;3.3750000e+02;1.3218114e-01;3.3750000e+02;8.1254199e-02;3.3750000e+02;3.4680095e-02;3.3750000e+02;-8.3189253e-03;3.3750000e+02;-1.3816301e-03;3.3750000e+02;1.1568828e-02;3.3750000e+02;2.9740062e-02;3.3750000e+02;5.2538719e-02;3.3750000e+02;7.8159481e-02;3.3750000e+02;1.0411187e-01;3.3750000e+02;1.2748088e-01;3.3750000e+02;1.4700511e-01;3.3750000e+02;1.6678980e-01;3.3750000e+02;1.9314647e-01;3.3750000e+02;2.1940246e-01;3.3750000e+02;2.3227182e-01;3.3750000e+02;2.1811296e-01;3.3750000e+02;1.8161419e-01;3.3750000e+02;1.3218114e-01;3.3750000e+02;8.1254199e-02;3.3750000e+02;3.4680095e-02;3.3750000e+02;-8.3189253e-03;3.3750000e+02;-1.3816301e-03;3.3750000e+02;1.1568828e-02;3.3750000e+02;2.9740062e-02;3.3750000e+02;5.2538719e-02;3.3750000e+02;7.8159481e-02;3.3750000e+02;1.0411187e-01;3.3750000e+02;1.2748088e-01;3.3750000e+02;1.4700511e-01;3.3750000e+02;1.6678980e-01;3.3750000e+02;1.9314647e-01;3.3750000e+02;2.1940246e-01;3.3750000e+02;2.3227182e-01;3.3750000e+02;2.1811296e-01;3.3750000e+02;1.8161419e-01;3.3750000e+02;1.3218114e-01;3.3750000e+02;8.1254199e-02;3.3750000e+02;3.4680095e-02;3.3750000e+02;-8.3189253e-03;3.3750000e+02;-1.3816301e-03;3.3750000e+02;1.1568828e-02;3.3750000e+02;2.9740062e-02;3.3750000e+02;5.2538719e-02;3.3750000e+02;7.8159481e-02;3.3750000e+02;1.0411187e-01;3.3750000e+02;1.2748088e-01;3.3750000e+02;1.4700511e-01;3.3750000e+02;1.6678980e-01;3.3750000e+02;1.9314647e-01;3.3750000e+02;2.1940246e-01;3.3750000e+02;2.3227182e-01;3.3750000e+02;2.1811296e-01;3.3750000e+02;1.8161419e-01;3.3750000e+02;1.3218114e-01;3.3750000e+02;8.1254199e-02;3.3750000e+02;3.4680095e-02;3.3750000e+02;-8.3189253e-03;3.3750000e+02;-1.3816301e-03;3.3750000e+02;1.1568828e-02;3.3750000e+02;2.9740062e-02;3.3750000e+02;5.2538719e-02;3.3750000e+02;7.8159481e-02;3.3750000e+02;1.0411187e-01;3.3750000e+02;1.2748088e-01;3.3750000e+02;1.4700511e-01;3.3750000e+02;1.6678980e-01;3.3750000e+02;1.9314647e-01;3.3750000e+02;2.1940246e-01;3.3750000e+02;2.3227182e-01;3.3750000e+02;2.1811296e-01;3.3750000e+02;1.8161419e-01;3.3750000e+02;1.3218114e-01;3.3750000e+02;8.1254199e-02;3.3750000e+02;3.4680095e-02;3.3750000e+02;-8.3189253e-03;3.3750000e+02;-1.3816301e-03;3.3750000e+02;1.1568828e-02;3.3750000e+02;2.9740062e-02;3.3750000e+02;5.2538719e-02;3.3750000e+02;7.8159481e-02;3.3750000e+02;1.0411187e-01;3.3750000e+02;1.2748088e-01;3.3750000e+02;1.4700511e-01;3.3750000e+02;1.6678980e-01;3.3750000e+02;1.9314647e-01;3.3750000e+02;2.1940246e-01;3.3750000e+02;2.3227182e-01;3.3750000e+02;2.1811296e-01;3.3750000e+02;1.8161419e-01;3.3750000e+02;1.3218114e-01;3.3750000e+02;8.1254199e-02;3.3750000e+02;3.4680095e-02;3.3750000e+02;-8.3189253e-03;3.3750000e+02;-1.3816301e-03;3.3750000e+02;1.1568828e-02;3.3750000e+02;2.9740062e-02;3.3750000e+02;5.2538719e-02;3.3750000e+02;7.8159481e-02;3.3750000e+02;1.0411187e-01;3.3750000e+02;1.2748088e-01;3.3750000e+02;1.4700511e-01;3.3750000e+02;1.6678980e-01;3.3750000e+02;1.9314647e-01;3.3750000e+02;2.1940246e-01;3.3750000e+02;2.3227182e-01;3.3750000e+02;2.1811296e-01;3.3750000e+02;1.8161419e-01;3.3750000e+02;1.3218114e-01;3.3750000e+02;8.1254199e-02;3.3750000e+02;3.4680095e-02;3.3750000e+02;-8.3189253e-03;3.3750000e+02;-1.3816301e-03;3.3750000e+02;1.1568828e-02;3.3750000e+02;2.9740062e-02;3.3750000e+02;5.2538719e-02;3.3750000e+02;7.8159481e-02;3.3750000e+02;1.0411187e-01;3.3750000e+02;1.2748088e-01;3.3750000e+02;1.4700511e-01;3.3750000e+02;1.6678980e-01;3.3750000e+02;1.9314647e-01;3.3750000e+02;2.1940246e-01;3.3750000e+02;2.3227182e-01;3.3750000e+02;2.1811296e-01;3.3750000e+02;1.8161419e-01;3.3750000e+02;1.3218114e-01;3.3750000e+02;8.1254199e-02;3.3750000e+02;3.4680095e-02;3.3750000e+02;-8.3189253e-03;3.3750000e+02;-1.3816301e-03;3.3750000e+02;1.1568828e-02;3.3750000e+02;2.9740062e-02;3.3750000e+02;5.2538719e-02;3.3750000e+02;7.8159481e-02;3.3750000e+02;1.0411187e-01;3.3750000e+02;1.2748088e-01;3.3750000e+02;1.4700511e-01;3.3750000e+02;1.6678980e-01;3.3750000e+02;1.9314647e-01;3.3750000e+02;2.1940246e-01;3.3750000e+02;2.3227182e-01;3.3750000e+02;2.1811296e-01;3.3750000e+02;1.8161419e-01;3.3750000e+02;1.3218114e-01;3.3750000e+02;8.1254199e-02;3.3750000e+02;3.4680095e-02;3.3750000e+02;-8.3189253e-03;3.3750000e+02;-1.3816301e-03;3.3750000e+02;1.1568828e-02;3.3750000e+02;2.9740062e-02;3.3750000e+02;5.2538719e-02;3.3750000e+02;7.8159481e-02;3.3750000e+02;1.0411187e-01;3.3750000e+02;1.2748088e-01;3.3750000e+02;1.4700511e-01;3.3750000e+02;1.6678980e-01;3.3750000e+02;1.9314647e-01;3.3750000e+02;2.1940246e-01;3.3750000e+02;2.3227182e-01;3.3750000e+02;2.1811296e-01;3.3750000e+02;1.8161419e-01;3.3750000e+02;1.3218114e-01;3.3750000e+02;8.1254199e-02;3.3750000e+02;3.4680095e-02;3.3750000e+02;-8.3189253e-03;3.3750000e+02;-1.3816301e-03;3.3750000e+02;1.1568828e-02;3.3750000e+02;2.9740062e-02;3.3750000e+02;5.2538719e-02;3.3750000e+02;7.8159481e-02;3.3750000e+02;1.0411187e-01;3.3750000e+02;1.2748088e-01;3.3750000e+02;1.4700511e-01;3.3750000e+02;1.6678980e-01;3.3750000e+02;1.9314647e-01;3.3750000e+02;2.1940246e-01;3.3750000e+02;2.3227182e-01;3.3750000e+02;2.1811296e-01;3.3750000e+02;1.8161419e-01;3.3750000e+02;1.3218114e-01;3.3750000e+02;8.1254199e-02;3.3750000e+02;3.4680095e-02;3.3750000e+02;-8.3189253e-03;3.3750000e+02;-1.3816301e-03;3.3750000e+02;1.1568828e-02;3.3750000e+02;2.9740062e-02;3.3750000e+02;5.2538719e-02;3.3750000e+02;7.8159481e-02;3.3750000e+02;1.0411187e-01;3.3750000e+02;1.2748088e-01;3.3750000e+02;1.4700511e-01;3.3750000e+02;1.6678980e-01;3.3750000e+02;1.9314647e-01;3.3750000e+02;2.1940246e-01;3.3750000e+02;2.3227182e-01;3.3750000e+02;2.1811296e-01;3.3750000e+02;1.8161419e-01;3.3750000e+02;1.3218114e-01;3.3750000e+02;8.1254199e-02;3.3750000e+02;3.4680095e-02;3.3750000e+02;-8.3189253e-03;3.3750000e+02;-1.3816301e-03;3.3750000e+02;1.1568828e-02;3.3750000e+02;2.9740062e-02;3.3750000e+02;5.2538719e-02;3.3750000e+02;7.8159481e-02;3.3750000e+02;1.0411187e-01;3.3750000e+02;1.2748088e-01;3.3750000e+02;1.4700511e-01;3.3750000e+02;1.6678980e-01;3.3750000e+02;1.9314647e-01;3.3750000e+02;2.1940246e-01;3.3750000e+02;2.3227182e-01;3.3750000e+02;2.1811296e-01;3.3750000e+02;1.8161419e-01;3.3750000e+02;1.3218114e-01;3.3750000e+02;8.1254199e-02;3.3750000e+02;3.4680095e-02;3.3750000e+02;-8.3189253e-03;3.3750000e+02;-1.3816301e-03;3.3750000e+02;1.1568828e-02;3.3750000e+02;2.9740062e-02;3.3750000e+02;5.2538719e-02;3.3750000e+02;7.8159481e-02;3.3750000e+02;1.0411187e-01;3.3750000e+02;1.2748088e-01;3.3750000e+02;1.4700511e-01;3.3750000e+02;1.6678980e-01;3.3750000e+02;1.9314647e-01;3.3750000e+02;2.1940246e-01;3.3750000e+02;2.3227182e-01;3.3750000e+02;2.1811296e-01;3.3750000e+02;1.8161419e-01;3.3750000e+02;1.3218114e-01;3.3750000e+02;8.1254199e-02;3.3750000e+02;3.4680095e-02;3.3750000e+02;-8.3189253e-03;3.3750000e+02;-1.3816301e-03;3.3750000e+02;1.1568828e-02;3.3750000e+02;2.9740062e-02;3.3750000e+02;5.2538719e-02;3.3750000e+02;7.8159481e-02;3.3750000e+02;1.0411187e-01;3.3750000e+02;1.2748088e-01;3.3750000e+02;1.4700511e-01;3.3750000e+02;1.6678980e-01;3.3750000e+02;1.9314647e-01;3.3750000e+02;2.1940246e-01;3.3750000e+02;2.3227182e-01;3.3750000e+02;2.1811296e-01;3.3750000e+02;1.8161419e-01;3.3750000e+02;1.3218114e-01;3.3750000e+02;8.1254199e-02;3.3750000e+02;3.4680095e-02;3.3750000e+02;-8.3189253e-03;3.3750000e+02;-1.3816301e-03;3.3750000e+02;1.1568828e-02;3.3750000e+02;2.9740062e-02;3.3750000e+02;5.2538719e-02;3.3750000e+02;7.8159481e-02;3.3750000e+02;1.0411187e-01;3.3750000e+02;1.2748088e-01;3.3750000e+02;1.4700511e-01;3.3750000e+02;1.6678980e-01;3.3750000e+02;1.9314647e-01;3.3750000e+02;2.1940246e-01;3.3750000e+02;2.3227182e-01;3.3750000e+02;2.1811296e-01;3.3750000e+02;1.8161419e-01;3.3750000e+02;1.3218114e-01;3.3750000e+02;8.1254199e-02;3.3750000e+02;3.4680095e-02;3.3750000e+02;-8.3189253e-03;3.3750000e+02;-1.3816301e-03;3.3750000e+02;1.1568828e-02;3.3750000e+02;2.9740062e-02;3.3750000e+02;5.2538719e-02;3.3750000e+02;7.8159481e-02;3.3750000e+02;1.0411187e-01;3.3750000e+02;1.2748088e-01;3.3750000e+02;1.4700511e-01;3.3750000e+02;1.6678980e-01;3.3750000e+02;1.9314647e-01;3.3750000e+02;2.1940246e-01;3.3750000e+02;2.3227182e-01;3.3750000e+02;2.1811296e-01;3.3750000e+02;1.8161419e-01;3.3750000e+02;1.3218114e-01;3.3750000e+02;8.1254199e-02;3.3750000e+02;3.4680095e-02;3.3750000e+02;-8.3189253e-03;3.3750000e+02;-1.3816301e-03;3.3750000e+02;1.1568828e-02;3.3750000e+02;2.9740062e-02;3.3750000e+02;5.2538719e-02;3.3750000e+02;7.8159481e-02;3.3750000e+02;1.0411187e-01;3.3750000e+02;1.2748088e-01;3.3750000e+02;1.4700511e-01;3.3750000e+02;1.6678980e-01;3.3750000e+02;1.9314647e-01;3.3750000e+02;2.1940246e-01;3.3750000e+02;2.3227182e-01;3.3750000e+02;2.1811296e-01;3.3750000e+02;1.8161419e-01;3.3750000e+02;1.3218114e-01;3.3750000e+02;8.1254199e-02;3.3750000e+02;3.4680095e-02;3.3750000e+02;-8.3189253e-03;3.3750000e+02;-1.3816301e-03;3.3750000e+02;1.1568828e-02;3.3750000e+02;2.9740062e-02;3.3750000e+02;5.2538719e-02;3.3750000e+02;7.8159481e-02;3.3750000e+02;1.0411187e-01;3.3750000e+02;1.2748088e-01;3.3750000e+02;1.4700511e-01;3.3750000e+02;1.6678980e-01;3.3750000e+02;1.9314647e-01;3.3750000e+02;2.1940246e-01;3.3750000e+02;2.3227182e-01;3.3750000e+02;2.1811296e-01;3.3750000e+02;1.8161419e-01;3.3750000e+02;1.3218114e-01;3.3750000e+02;8.1254199e-02;3.3750000e+02;3.4680095e-02;3.3750000e+02;-8.3189253e-03;3.3750000e+02;-1.3816301e-03;3.3750000e+02;1.1568828e-02;3.3750000e+02;2.9740062e-02;3.3750000e+02;5.2538719e-02;3.3750000e+02;7.8159481e-02;3.3750000e+02;1.0411187e-01;3.3750000e+02;1.2748088e-01;3.3750000e+02;1.4700511e-01;3.3750000e+02;1.6678980e-01;3.3750000e+02;1.9314647e-01;3.3750000e+02;2.1940246e-01;3.3750000e+02;2.3227182e-01;3.3750000e+02;2.1811296e-01;3.3750000e+02;1.8161419e-01;3.3750000e+02;1.3218114e-01;3.3750000e+02;8.1254199e-02;3.3750000e+02;3.4680095e-02;3.3750000e+02;-8.3189253e-03;3.3750000e+02;-1.3816301e-03;3.3750000e+02;1.1568828e-02;3.3750000e+02;2.9740062e-02;3.3750000e+02;5.2538719e-02;3.3750000e+02;7.8159481e-02;3.3750000e+02;1.0411187e-01;3.3750000e+02;1.2748088e-01;3.3750000e+02;1.4700511e-01;3.3750000e+02;1.6678980e-01;3.3750000e+02;1.9314647e-01;3.3750000e+02;2.1940246e-01;3.3750000e+02;2.3227182e-01;3.3750000e+02;2.1811296e-01;3.3750000e+02;1.8161419e-01;3.3750000e+02;1.3218114e-01;3.3750000e+02;8.1254199e-02;3.3750000e+02;3.4680095e-02;3.3750000e+02;-8.3189253e-03;3.3750000e+02;-1.3816301e-03;3.3750000e+02;1.1568828e-02;3.3750000e+02;2.9740062e-02;3.3750000e+02;5.2538719e-02;3.3750000e+02;7.8159481e-02;3.3750000e+02;1.0411187e-01;3.3750000e+02;1.2748088e-01;3.3750000e+02;1.4700511e-01;3.3750000e+02;1.6678980e-01;3.3750000e+02;1.9314647e-01;3.3750000e+02;2.1940246e-01;3.3750000e+02;2.3227182e-01;3.3750000e+02;2.1811296e-01;3.3750000e+02;1.8161419e-01;3.3750000e+02;1.3218114e-01;3.3750000e+02;8.1254199e-02;3.3750000e+02;3.4680095e-02;3.3750000e+02;-8.3189253e-03;3.3750000e+02;-1.3816301e-03;3.3750000e+02;1.1568828e-02;3.3750000e+02;2.9740062e-02;3.3750000e+02;5.2538719e-02;3.3750000e+02;7.8159481e-02;3.3750000e+02;1.0411187e-01;3.3750000e+02;1.2748088e-01;3.3750000e+02;1.4700511e-01;3.3750000e+02;1.6678980e-01;3.3750000e+02;1.9314647e-01;3.3750000e+02;2.1940246e-01;3.3750000e+02;2.3227182e-01;3.3750000e+02;2.1811296e-01;3.3750000e+02;1.8161419e-01;3.3750000e+02;1.3218114e-01;3.3750000e+02;8.1254199e-02;3.3750000e+02;3.4680095e-02;3.3750000e+02;-8.3189253e-03;3.3750000e+02;-1.3816301e-03;3.3750000e+02;1.1568828e-02;3.3750000e+02;2.9740062e-02;3.3750000e+02;5.2538719e-02;3.3750000e+02;7.8159481e-02;3.3750000e+02;1.0411187e-01;3.3750000e+02;1.2748088e-01;3.3750000e+02;1.4700511e-01;3.3750000e+02;1.6678980e-01;3.3750000e+02;1.9314647e-01;3.3750000e+02;2.1940246e-01;3.3750000e+02;2.3227182e-01;3.3750000e+02;2.1811296e-01;3.3750000e+02;1.8161419e-01;3.3750000e+02;1.3218114e-01;3.3750000e+02;8.1254199e-02;3.3750000e+02;3.4680095e-02;3.3750000e+02;-8.3189253e-03;3.3750000e+02;-1.3816301e-03;3.3750000e+02;1.1568828e-02;3.3750000e+02;2.9740062e-02;3.3750000e+02;5.2538719e-02;3.3750000e+02;7.8159481e-02;3.3750000e+02;1.0411187e-01;3.3750000e+02;1.2748088e-01;3.3750000e+02;1.4700511e-01;3.3750000e+02;1.6678980e-01;3.3750000e+02;1.9314647e-01;3.3750000e+02;2.1940246e-01;3.3750000e+02;2.3227182e-01;3.3750000e+02;2.1811296e-01;3.3750000e+02;1.8161419e-01;3.3750000e+02;1.3218114e-01;3.3750000e+02;8.1254199e-02;3.3750000e+02;3.4680095e-02;3.3750000e+02;-8.3189253e-03;3.3750000e+02;-1.3816301e-03;3.3750000e+02;1.1568828e-02;3.3750000e+02;2.9740062e-02;3.3750000e+02;5.2538719e-02;3.3750000e+02;7.8159481e-02;3.3750000e+02;1.0411187e-01;3.3750000e+02;1.2748088e-01;3.3750000e+02;1.4700511e-01;3.3750000e+02;1.6678980e-01;3.3750000e+02;1.9314647e-01;3.3750000e+02;2.1940246e-01;3.3750000e+02;2.3227182e-01;3.3750000e+02;2.1811296e-01;3.3750000e+02;1.8161419e-01;3.3750000e+02;1.3218114e-01;3.3750000e+02;8.1254199e-02;3.3750000e+02;3.4680095e-02;3.3750000e+02;-8.3189253e-03;3.3750000e+02;-1.3816301e-03;3.3750000e+02;1.1568828e-02;3.3750000e+02;2.9740062e-02;3.3750000e+02;5.2538719e-02;3.3750000e+02;7.8159481e-02;3.3750000e+02;1.0411187e-01;3.3750000e+02;1.2748088e-01;3.3750000e+02;1.4700511e-01;3.3750000e+02;1.6678980e-01;3.3750000e+02;1.9314647e-01;3.3750000e+02;2.1940246e-01;3.3750000e+02;2.3227182e-01;3.3750000e+02;2.1811296e-01;3.3750000e+02;1.8161419e-01;3.3750000e+02;1.3218114e-01;3.3750000e+02;8.1254199e-02;3.3750000e+02;3.4680095e-02;3.3750000e+02;-8.3189253e-03;3.3750000e+02;-1.3816301e-03;3.3750000e+02;1.1568828e-02;3.3750000e+02;2.9740062e-02;3.3750000e+02;5.2538719e-02;3.3750000e+02;7.8159481e-02;3.3750000e+02;1.0411187e-01;3.3750000e+02;1.2748088e-01;3.3750000e+02;1.4700511e-01;3.3750000e+02;1.6678980e-01;3.3750000e+02;1.9314647e-01;3.3750000e+02;2.1940246e-01;3.3750000e+02;2.3227182e-01;3.3750000e+02;2.1811296e-01;3.3750000e+02;1.8161419e-01;3.3750000e+02;1.3218114e-01;3.3750000e+02;8.1254199e-02;3.3750000e+02;3.4680095e-02;3.3750000e+02;-8.3189253e-03;3.3750000e+02;-1.3816301e-03;3.3750000e+02;1.1568828e-02;3.3750000e+02;2.9740062e-02;3.3750000e+02;5.2538719e-02;3.3750000e+02;7.8159481e-02;3.3750000e+02;1.0411187e-01;3.3750000e+02;1.2748088e-01;3.3750000e+02;1.4700511e-01;3.3750000e+02;1.6678980e-01;3.3750000e+02;1.9314647e-01;3.3750000e+02;2.1940246e-01;3.3750000e+02;2.3227182e-01;3.3750000e+02;2.1811296e-01;3.3750000e+02;1.8161419e-01;3.3750000e+02;1.3218114e-01;3.3750000e+02;8.1254199e-02;3.3750000e+02;3.4680095e-02;3.3750000e+02;-8.3189253e-03;3.3750000e+02;-1.3816301e-03;3.3750000e+02;1.1568828e-02;3.3750000e+02;2.9740062e-02;3.3750000e+02;5.2538719e-02;3.3750000e+02;7.8159481e-02;3.3750000e+02;1.0411187e-01;3.3750000e+02;1.2748088e-01;3.3750000e+02;1.4700511e-01;3.3750000e+02;1.6678980e-01;3.3750000e+02;1.9314647e-01;3.3750000e+02;2.1940246e-01;3.3750000e+02;2.3227182e-01;3.3750000e+02;2.1811296e-01;3.3750000e+02;1.8161419e-01;3.3750000e+02;1.3218114e-01;3.3750000e+02;8.1254199e-02;3.3750000e+02;3.4680095e-02;3.3750000e+02;-8.3189253e-03;3.3750000e+02;-1.3816301e-03;3.3750000e+02;1.1568828e-02;3.3750000e+02;2.9740062e-02;3.3750000e+02;5.2538719e-02;3.3750000e+02;7.8159481e-02;3.3750000e+02;1.0411187e-01;3.3750000e+02;1.2748088e-01;3.3750000e+02;1.4700511e-01;3.3750000e+02;1.6678980e-01;3.3750000e+02;1.9314647e-01;3.3750000e+02;2.1940246e-01;3.3750000e+02;2.3227182e-01;3.3750000e+02;2.1811296e-01;3.3750000e+02;1.8161419e-01;3.3750000e+02;1.3218114e-01;3.3750000e+02;8.1254199e-02;3.3750000e+02;3.4680095e-02;3.3750000e+02;-8.3189253e-03;3.3750000e+02;-1.3816301e-03;3.3750000e+02;1.1568828e-02;3.3750000e+02;2.9740062e-02;3.3750000e+02;5.2538719e-02;3.3750000e+02;7.8159481e-02;3.3750000e+02;1.0411187e-01;3.3750000e+02;1.2748088e-01;3.3750000e+02;1.4700511e-01;3.3750000e+02;1.6678980e-01;3.3750000e+02;1.9314647e-01;3.3750000e+02;2.1940246e-01;3.3750000e+02;2.3227182e-01;3.3750000e+02;2.1811296e-01;3.3750000e+02;1.8161419e-01;3.3750000e+02;1.3218114e-01;3.3750000e+02;8.1254199e-02;3.3750000e+02;3.4680095e-02;3.3750000e+02;-8.3189253e-03;3.3750000e+02;-1.3816301e-03;3.3750000e+02;1.1568828e-02;3.3750000e+02;2.9740062e-02;3.3750000e+02;5.2538719e-02;3.3750000e+02;7.8159481e-02;3.3750000e+02;1.0411187e-01;3.3750000e+02;1.2748088e-01;3.3750000e+02;1.4700511e-01;3.3750000e+02;1.6678980e-01;3.3750000e+02;1.9314647e-01;3.3750000e+02;2.1940246e-01;3.3750000e+02;2.3227182e-01;3.3750000e+02;2.1811296e-01;3.3750000e+02;1.8161419e-01;3.3750000e+02;1.3218114e-01;3.3750000e+02;8.1254199e-02;3.3750000e+02;3.4680095e-02;3.3750000e+02;-8.3189253e-03;3.3750000e+02;-1.3816301e-03;3.3750000e+02;1.1568828e-02;3.3750000e+02;2.9740062e-02;3.3750000e+02;5.2538719e-02;3.3750000e+02;7.8159481e-02;3.3750000e+02;1.0411187e-01;3.3750000e+02;1.2748088e-01;3.3750000e+02;1.4700511e-01;3.3750000e+02;1.6678980e-01;3.3750000e+02;1.9314647e-01;3.3750000e+02;2.1940246e-01;3.3750000e+02;2.3227182e-01;3.3750000e+02;2.1811296e-01;3.3750000e+02;1.8161419e-01;3.3750000e+02;1.3218114e-01;3.3750000e+02;8.1254199e-02;3.3750000e+02;3.4680095e-02;3.3750000e+02;-8.3189253e-03;3.3750000e+02;-1.3816301e-03;3.3750000e+02;1.1568828e-02;3.3750000e+02;2.9740062e-02;3.3750000e+02;5.2538719e-02;3.3750000e+02;7.8159481e-02;3.3750000e+02;1.0411187e-01;3.3750000e+02;1.2748088e-01;3.3750000e+02;1.4700511e-01;3.3750000e+02;1.6678980e-01;3.3750000e+02;1.9314647e-01;3.3750000e+02;2.1940246e-01;3.3750000e+02;2.3227182e-01;3.3750000e+02;2.1811296e-01;3.3750000e+02;1.8161419e-01;3.3750000e+02;1.3218114e-01;3.3750000e+02;8.1254199e-02;3.3750000e+02;3.4680095e-02;3.3750000e+02;-8.3189253e-03;3.3750000e+02;-1.3816301e-03;3.3750000e+02;1.1568828e-02;3.3750000e+02;2.9740062e-02;3.3750000e+02;5.2538719e-02;3.3750000e+02;7.8159481e-02;3.3750000e+02;1.0411187e-01;3.3750000e+02;1.2748088e-01;3.3750000e+02;1.4700511e-01;3.3750000e+02;1.6678980e-01;3.3750000e+02;1.9314647e-01;3.3750000e+02;2.1940246e-01;3.3750000e+02;2.3227182e-01;3.3750000e+02;2.1811296e-01;3.3750000e+02;1.8161419e-01;3.3750000e+02;1.3218114e-01;3.3750000e+02;8.1254199e-02;3.3750000e+02;3.4680095e-02;3.3750000e+02;-8.3189253e-03;3.3750000e+02;-1.3816301e-03;3.3750000e+02;1.1568828e-02;3.3750000e+02;2.9740062e-02;3.3750000e+02;5.2538719e-02;3.3750000e+02;7.8159481e-02;3.3750000e+02;1.0411187e-01;3.3750000e+02;1.2748088e-01;3.3750000e+02;1.4700511e-01;3.3750000e+02;1.6678980e-01;3.3750000e+02;1.9314647e-01;3.3750000e+02;2.1940246e-01;3.3750000e+02;2.3227182e-01;3.3750000e+02;2.1811296e-01;3.3750000e+02;1.8161419e-01;3.3750000e+02;1.3218114e-01;3.3750000e+02;8.1254199e-02;3.3750000e+02;3.4680095e-02;3.3750000e+02;-8.3189253e-03;3.3750000e+02;-1.3816301e-03;3.3750000e+02;1.1568828e-02;3.3750000e+02;2.9740062e-02;3.3750000e+02;5.2538719e-02;3.3750000e+02;7.8159481e-02;3.3750000e+02;1.0411187e-01;3.3750000e+02;1.2748088e-01;3.3750000e+02;1.4700511e-01;3.3750000e+02;1.6678980e-01;3.3750000e+02;1.9314647e-01;3.3750000e+02;2.1940246e-01;3.3750000e+02;2.3227182e-01;3.3750000e+02;2.1811296e-01;3.3750000e+02;1.8161419e-01;3.3750000e+02;1.3218114e-01;3.3750000e+02;8.1254199e-02;3.3750000e+02;3.4680095e-02;3.3750000e+02;-8.3189253e-03;3.3750000e+02;-1.3816301e-03;3.3750000e+02;1.1568828e-02;3.3750000e+02;2.9740062e-02;3.3750000e+02;5.2538719e-02;3.3750000e+02;7.8159481e-02;3.3750000e+02;1.0411187e-01;3.3750000e+02;1.2748088e-01;3.3750000e+02;1.4700511e-01;3.3750000e+02;1.6678980e-01;3.3750000e+02;1.9314647e-01;3.3750000e+02;2.1940246e-01;3.3750000e+02;2.3227182e-01;3.3750000e+02;2.1811296e-01;3.3750000e+02;1.8161419e-01;3.3750000e+02;1.3218114e-01;3.3750000e+02;8.1254199e-02;3.3750000e+02;3.4680095e-02;3.3750000e+02;-8.3189253e-03;3.3750000e+02;-1.3816301e-03;3.3750000e+02;1.1568828e-02;3.3750000e+02;2.9740062e-02;3.3750000e+02;5.2538719e-02;3.3750000e+02;7.8159481e-02;3.3750000e+02;1.0411187e-01;3.3750000e+02;1.2748088e-01;3.3750000e+02;1.4700511e-01;3.3750000e+02;1.6678980e-01;3.3750000e+02;1.9314647e-01;3.3750000e+02;2.1940246e-01;3.3750000e+02;2.3227182e-01;3.3750000e+02;2.1811296e-01;3.3750000e+02;1.8161419e-01;3.3750000e+02;1.3218114e-01;3.3750000e+02;8.1254199e-02;3.3750000e+02;3.4680095e-02;3.3750000e+02;-8.3189253e-03;3.3750000e+02;-1.3816301e-03;3.3750000e+02;1.1568828e-02;3.3750000e+02;2.9740062e-02;3.3750000e+02;5.2538719e-02;3.3750000e+02;7.8159481e-02;3.3750000e+02;1.0411187e-01;3.3750000e+02;1.2748088e-01;3.3750000e+02;1.4700511e-01;3.3750000e+02;1.6678980e-01;3.3750000e+02;1.9314647e-01;3.3750000e+02;2.1940246e-01;3.3750000e+02;2.3227182e-01;3.3750000e+02;2.1811296e-01;3.3750000e+02;1.8161419e-01;3.3750000e+02;1.3218114e-01;3.3750000e+02;8.1254199e-02;3.3750000e+02;3.4680095e-02;3.3750000e+02;-8.3189253e-03;3.3750000e+02;-1.3816301e-03;3.3750000e+02;1.1568828e-02;3.3750000e+02;2.9740062e-02;3.3750000e+02;5.2538719e-02;3.3750000e+02;7.8159481e-02;3.3750000e+02;1.0411187e-01;3.3750000e+02;1.2748088e-01;3.3750000e+02;1.4700511e-01;3.3750000e+02;1.6678980e-01;3.3750000e+02;1.9314647e-01;3.3750000e+02;2.1940246e-01;3.3750000e+02;2.3227182e-01;3.3750000e+02;2.1811296e-01;3.3750000e+02;1.8161419e-01;3.3750000e+02;1.3218114e-01;3.3750000e+02;8.1254199e-02;3.3750000e+02;3.4680095e-02;3.3750000e+02;-8.3189253e-03;3.3750000e+02;-1.3816301e-03;3.3750000e+02;1.1568828e-02;3.3750000e+02;2.9740062e-02;3.3750000e+02;5.2538719e-02;3.3750000e+02;7.8159481e-02;3.3750000e+02;1.0411187e-01;3.3750000e+02;1.2748088e-01;3.3750000e+02;1.4700511e-01;3.3750000e+02;1.6678980e-01;3.3750000e+02;1.9314647e-01;3.3750000e+02;2.1940246e-01;3.3750000e+02;2.3227182e-01;3.3750000e+02;2.1811296e-01;3.3750000e+02;1.8161419e-01;3.3750000e+02;1.3218114e-01;3.3750000e+02;8.1254199e-02;3.3750000e+02;3.4680095e-02;3.3750000e+02;-8.3189253e-03;3.3750000e+02;-1.3816301e-03;3.3750000e+02;1.1568828e-02;3.3750000e+02;2.9740062e-02;3.3750000e+02;5.2538719e-02;3.3750000e+02;7.8159481e-02;3.3750000e+02;1.0411187e-01;3.3750000e+02;1.2748088e-01;3.3750000e+02;1.4700511e-01;3.3750000e+02;1.6678980e-01;3.3750000e+02;1.9314647e-01;3.3750000e+02;2.1940246e-01;3.3750000e+02;2.3227182e-01;3.3750000e+02;2.1811296e-01;3.3750000e+02;1.8161419e-01;3.3750000e+02;1.3218114e-01;3.3750000e+02;8.1254199e-02;3.3750000e+02;3.4680095e-02;3.3750000e+02;-8.3189253e-03;3.3750000e+02;-1.3816301e-03;3.3750000e+02;1.1568828e-02;3.3750000e+02;2.9740062e-02;3.3750000e+02;5.2538719e-02;3.3750000e+02;7.8159481e-02;3.3750000e+02;1.0411187e-01;3.3750000e+02;1.2748088e-01;3.3750000e+02;1.4700511e-01;3.3750000e+02;1.6678980e-01;3.3750000e+02;1.9314647e-01;3.3750000e+02;2.1940246e-01;3.3750000e+02;2.3227182e-01;3.3750000e+02;2.1811296e-01;3.3750000e+02;1.8161419e-01;3.3750000e+02;1.3218114e-01;3.3750000e+02;8.1254199e-02;3.3750000e+02;3.4680095e-02;3.3750000e+02;-8.3189253e-03;3.3750000e+02;-1.3816301e-03;3.3750000e+02;1.1568828e-02;3.3750000e+02;2.9740062e-02;3.3750000e+02;5.2538719e-02;3.3750000e+02;7.8159481e-02;3.3750000e+02;1.0411187e-01;3.3750000e+02;1.2748088e-01;3.3750000e+02;1.4700511e-01;3.3750000e+02;1.6678980e-01;3.3750000e+02;1.9314647e-01;3.3750000e+02;2.1940246e-01;3.3750000e+02;2.3227182e-01;3.3750000e+02;2.1811296e-01;3.3750000e+02;1.8161419e-01;3.3750000e+02;1.3218114e-01;3.3750000e+02;8.1254199e-02;3.3750000e+02;3.4680095e-02;3.3750000e+02;-8.3189253e-03;3.3750000e+02;-1.3816301e-03;3.3750000e+02;1.1568828e-02;3.3750000e+02;2.9740062e-02;3.3750000e+02;5.2538719e-02;3.3750000e+02;7.8159481e-02;3.3750000e+02;1.0411187e-01;3.3750000e+02;1.2748088e-01;3.3750000e+02;1.4700511e-01;3.3750000e+02;1.6678980e-01;3.3750000e+02;1.9314647e-01;3.3750000e+02;2.1940246e-01;3.3750000e+02;2.3227182e-01;3.3750000e+02;2.1811296e-01;3.3750000e+02;1.8161419e-01;3.3750000e+02;1.3218114e-01;3.3750000e+02;8.1254199e-02;3.3750000e+02;3.4680095e-02;3.3750000e+02;-8.3189253e-03;3.3750000e+02;-1.3816301e-03;3.3750000e+02;1.1568828e-02;3.3750000e+02;2.9740062e-02;3.3750000e+02;5.2538719e-02;3.3750000e+02;7.8159481e-02;3.3750000e+02;1.0411187e-01;3.3750000e+02;1.2748088e-01;3.3750000e+02;1.4700511e-01;3.3750000e+02;1.6678980e-01;3.3750000e+02;1.9314647e-01;3.3750000e+02;2.1940246e-01;3.3750000e+02;2.3227182e-01;3.3750000e+02;2.1811296e-01;3.3750000e+02;1.8161419e-01;3.3750000e+02;1.3218114e-01;3.3750000e+02;8.1254199e-02;3.3750000e+02;3.4680095e-02;3.3750000e+02;-8.3189253e-03;3.3750000e+02;-1.3816301e-03;3.3750000e+02;1.1568828e-02;3.3750000e+02;2.9740062e-02;3.3750000e+02;5.2538719e-02;3.3750000e+02;7.8159481e-02;3.3750000e+02;1.0411187e-01;3.3750000e+02;1.2748088e-01;3.3750000e+02;1.4700511e-01;3.3750000e+02;1.6678980e-01;3.3750000e+02;1.9314647e-01;3.3750000e+02;2.1940246e-01;3.3750000e+02;2.3227182e-01;3.3750000e+02;2.1811296e-01;3.3750000e+02;1.8161419e-01;3.3750000e+02;1.3218114e-01;3.3750000e+02;8.1254199e-02;3.3750000e+02;3.4680095e-02;3.3750000e+02;-8.3189253e-03;3.3750000e+02;-1.3816301e-03;3.3750000e+02;1.1568828e-02;3.3750000e+02;2.9740062e-02;3.3750000e+02;5.2538719e-02;3.3750000e+02;7.8159481e-02;3.3750000e+02;1.0411187e-01;3.3750000e+02;1.2748088e-01;3.3750000e+02;1.4700511e-01;3.3750000e+02;1.6678980e-01;3.3750000e+02;1.9314647e-01;3.3750000e+02;2.1940246e-01;3.3750000e+02;2.3227182e-01;3.3750000e+02;2.1811296e-01;3.3750000e+02;1.8161419e-01;3.3750000e+02;1.3218114e-01;3.3750000e+02;8.1254199e-02;3.3750000e+02;3.4680095e-02;3.3750000e+02;-8.3189253e-03;3.3750000e+02;-1.3816301e-03;3.3750000e+02;1.1568828e-02;3.3750000e+02;2.9740062e-02;3.3750000e+02;5.2538719e-02;3.3750000e+02;7.8159481e-02;3.3750000e+02;1.0411187e-01;3.3750000e+02;1.2748088e-01;3.3750000e+02;1.4700511e-01;3.3750000e+02;1.6678980e-01;3.3750000e+02;1.9314647e-01;3.3750000e+02;2.1940246e-01;3.3750000e+02;2.3227182e-01;3.3750000e+02;2.1811296e-01;3.3750000e+02;1.8161419e-01;3.3750000e+02;1.3218114e-01;3.3750000e+02;8.1254199e-02;3.3750000e+02;3.4680095e-02;3.3750000e+02;-8.3189253e-03;3.3750000e+02;-1.3816301e-03;3.3750000e+02;1.1568828e-02;3.3750000e+02;2.9740062e-02;3.3750000e+02;5.2538719e-02;3.3750000e+02;7.8159481e-02;3.3750000e+02;1.0411187e-01;3.3750000e+02;1.2748088e-01;3.3750000e+02;1.4700511e-01;3.3750000e+02;1.6678980e-01;3.3750000e+02;1.9314647e-01;3.3750000e+02;2.1940246e-01;3.3750000e+02;2.3227182e-01;3.3750000e+02;2.1811296e-01;3.3750000e+02;1.8161419e-01;3.3750000e+02;1.3218114e-01;3.3750000e+02;8.1254199e-02;3.3750000e+02;3.4680095e-02;3.3750000e+02;-8.3189253e-03;3.3750000e+02;-1.3816301e-03;3.3750000e+02;1.1568828e-02;3.3750000e+02;2.9740062e-02;3.3750000e+02;5.2538719e-02;3.3750000e+02;7.8159481e-02;3.3750000e+02;1.0411187e-01;3.3750000e+02;1.2748088e-01;3.3750000e+02;1.4700511e-01;3.3750000e+02;1.6678980e-01;3.3750000e+02;1.9314647e-01;3.3750000e+02;2.1940246e-01;3.3750000e+02;2.3227182e-01;3.3750000e+02;2.1811296e-01;3.3750000e+02;1.8161419e-01;3.3750000e+02;1.3218114e-01;3.3750000e+02;8.1254199e-02;3.3750000e+02;3.4680095e-02;3.3750000e+02;-8.3189253e-03;3.3750000e+02;-1.3816301e-03;3.3750000e+02;1.1568828e-02;3.3750000e+02;2.9740062e-02;3.3750000e+02;5.2538719e-02;3.3750000e+02;7.8159481e-02;3.3750000e+02;1.0411187e-01;3.3750000e+02;1.2748088e-01;3.3750000e+02;1.4700511e-01;3.3750000e+02;1.6678980e-01;3.3750000e+02;1.9314647e-01;3.3750000e+02;2.1940246e-01;3.3750000e+02;2.3227182e-01;3.3750000e+02;2.1811296e-01;3.3750000e+02;1.8161419e-01;3.3750000e+02;1.3218114e-01;3.3750000e+02;8.1254199e-02;3.3750000e+02;3.4680095e-02;3.3750000e+02;-8.3189253e-03;3.3750000e+02;-1.3816301e-03;3.3750000e+02;1.1568828e-02;3.3750000e+02;2.9740062e-02;3.3750000e+02;5.2538719e-02;3.3750000e+02;7.8159481e-02;3.3750000e+02;1.0411187e-01;3.3750000e+02;1.2748088e-01;3.3750000e+02;1.4700511e-01;3.3750000e+02;1.6678980e-01;3.3750000e+02;1.9314647e-01;3.3750000e+02;2.1940246e-01;3.3750000e+02;2.3227182e-01;3.3750000e+02;2.1811296e-01;3.3750000e+02;1.8161419e-01;3.3750000e+02;1.3218114e-01;3.3750000e+02;8.1254199e-02;3.3750000e+02;3.4680095e-02;3.3750000e+02;-8.3189253e-03;3.3750000e+02;-1.3816301e-03;3.3750000e+02;1.1568828e-02;3.3750000e+02;2.9740062e-02;3.3750000e+02;5.2538719e-02;3.3750000e+02;7.8159481e-02;3.3750000e+02;1.0411187e-01;3.3750000e+02;1.2748088e-01;3.3750000e+02;1.4700511e-01;3.3750000e+02;1.6678980e-01;3.3750000e+02;1.9314647e-01;3.3750000e+02;2.1940246e-01;3.3750000e+02;2.3227182e-01;3.3750000e+02;2.1811296e-01;3.3750000e+02;1.8161419e-01;3.3750000e+02;1.3218114e-01;3.3750000e+02;8.1254199e-02;3.3750000e+02;3.4680095e-02;3.3750000e+02;-8.3189253e-03;3.3750000e+02;-1.3816301e-03;3.3750000e+02;1.1568828e-02;3.3750000e+02;2.9740062e-02;3.3750000e+02;5.2538719e-02;3.3750000e+02;7.8159481e-02;3.3750000e+02;1.0411187e-01;3.3750000e+02;1.2748088e-01;3.3750000e+02;1.4700511e-01;3.3750000e+02;1.6678980e-01;3.3750000e+02;1.9314647e-01;3.3750000e+02;2.1940246e-01;3.3750000e+02;2.3227182e-01;3.3750000e+02;2.1811296e-01;3.3750000e+02;1.8161419e-01;3.3750000e+02;1.3218114e-01;3.3750000e+02;8.1254199e-02;3.3750000e+02;3.4680095e-02;3.3750000e+02;-8.3189253e-03;3.3750000e+02;-1.3816301e-03;3.3750000e+02;1.1568828e-02;3.3750000e+02;2.9740062e-02;3.3750000e+02;5.2538719e-02;3.3750000e+02;7.8159481e-02;3.3750000e+02;1.0411187e-01;3.3750000e+02;1.2748088e-01;3.3750000e+02;1.4700511e-01;3.3750000e+02;1.6678980e-01;3.3750000e+02;1.9314647e-01;3.3750000e+02;2.1940246e-01;3.3750000e+02;2.3227182e-01;3.3750000e+02;2.1811296e-01;3.3750000e+02;1.8161419e-01;3.3750000e+02;1.3218114e-01;3.3750000e+02;8.1254199e-02;3.3750000e+02;3.4680095e-02;3.3750000e+02;-8.3189253e-03;3.3750000e+02;-1.3816301e-03;3.3750000e+02;1.1568828e-02;3.3750000e+02;2.9740062e-02;3.3750000e+02;5.2538719e-02;3.3750000e+02;7.8159481e-02;3.3750000e+02;1.0411187e-01;3.3750000e+02;1.2748088e-01;3.3750000e+02;1.4700511e-01;3.3750000e+02;1.6678980e-01;3.3750000e+02;1.9314647e-01;3.3750000e+02;2.1940246e-01;3.3750000e+02;2.3227182e-01;3.3750000e+02;2.1811296e-01;3.3750000e+02;1.8161419e-01;3.3750000e+02;1.3218114e-01;3.3750000e+02;8.1254199e-02;3.3750000e+02;3.4680095e-02;3.3750000e+02;-8.3189253e-03;3.3750000e+02;-1.3816301e-03;3.3750000e+02;1.1568828e-02;3.3750000e+02;2.9740062e-02;3.3750000e+02;5.2538719e-02;3.3750000e+02;7.8159481e-02;3.3750000e+02;1.0411187e-01;3.3750000e+02;1.2748088e-01;3.3750000e+02;1.4700511e-01;3.3750000e+02;1.6678980e-01;3.3750000e+02;1.9314647e-01;3.3750000e+02;2.1940246e-01;3.3750000e+02;2.3227182e-01;3.3750000e+02;2.1811296e-01;3.3750000e+02;1.8161419e-01;3.3750000e+02;1.3218114e-01;3.3750000e+02;8.1254199e-02;3.3750000e+02;3.4680095e-02;3.3750000e+02;-8.3189253e-03;3.3750000e+02;-1.3816301e-03;3.3750000e+02;1.1568828e-02;3.3750000e+02;2.9740062e-02;3.3750000e+02;5.2538719e-02;3.3750000e+02;7.8159481e-02;3.3750000e+02;1.0411187e-01;3.3750000e+02;1.2748088e-01;3.3750000e+02;1.4700511e-01;3.3750000e+02;1.6678980e-01;3.3750000e+02;1.9314647e-01;3.3750000e+02;2.1940246e-01;3.3750000e+02;2.3227182e-01;3.3750000e+02;2.1811296e-01;3.3750000e+02;1.8161419e-01;3.3750000e+02;1.3218114e-01;3.3750000e+02;8.1254199e-02;3.3750000e+02;3.4680095e-02;3.3750000e+02;-8.3189253e-03;3.3750000e+02;-1.3816301e-03;3.3750000e+02;1.1568828e-02;3.3750000e+02;2.9740062e-02;3.3750000e+02;5.2538719e-02;3.3750000e+02;7.8159481e-02;3.3750000e+02;1.0411187e-01;3.3750000e+02;1.2748088e-01;3.3750000e+02;1.4700511e-01;3.3750000e+02;1.6678980e-01;3.3750000e+02;1.9314647e-01;3.3750000e+02;2.1940246e-01;3.3750000e+02;2.3227182e-01;3.3750000e+02;2.1811296e-01;3.3750000e+02;1.8161419e-01;3.3750000e+02;1.3218114e-01;3.3750000e+02;8.1254199e-02;3.3750000e+02;3.4680095e-02;3.3750000e+02;-8.3189253e-03;3.3750000e+02;-1.3816301e-03;3.3750000e+02;1.1568828e-02;3.3750000e+02;2.9740062e-02;3.3750000e+02;5.2538719e-02;3.3750000e+02;7.8159481e-02;3.3750000e+02;1.0411187e-01;3.3750000e+02;1.2748088e-01;3.3750000e+02;1.4700511e-01;3.3750000e+02;1.6678980e-01;3.3750000e+02;1.9314647e-01;3.3750000e+02;2.1940246e-01;3.3750000e+02;2.3227182e-01;3.3750000e+02;2.1811296e-01;3.3750000e+02;1.8161419e-01;3.3750000e+02;1.3218114e-01;3.3750000e+02;8.1254199e-02;3.3750000e+02;3.4680095e-02;3.3750000e+02;-8.3189253e-03;3.3750000e+02;-1.3816301e-03;3.3750000e+02;1.1568828e-02;3.3750000e+02;2.9740062e-02;3.3750000e+02;5.2538719e-02;3.3750000e+02;7.8159481e-02;3.3750000e+02;1.0411187e-01;3.3750000e+02;1.2748088e-01;3.3750000e+02;1.4700511e-01;3.3750000e+02;1.6678980e-01;3.3750000e+02;1.9314647e-01;3.3750000e+02;2.1940246e-01;3.3750000e+02;2.3227182e-01;3.3750000e+02;2.1811296e-01;3.3750000e+02;1.8161419e-01;3.3750000e+02;1.3218114e-01;3.3750000e+02;8.1254199e-02;3.3750000e+02;3.4680095e-02;3.3750000e+02;-8.3189253e-03;3.3750000e+02;-1.3816301e-03;3.3750000e+02;1.1568828e-02;3.3750000e+02;2.9740062e-02;3.3750000e+02;5.2538719e-02;3.3750000e+02;7.8159481e-02;3.3750000e+02;1.0411187e-01;3.3750000e+02;1.2748088e-01;3.3750000e+02;1.4700511e-01;3.3750000e+02;1.6678980e-01;3.3750000e+02;1.9314647e-01;3.3750000e+02;2.1940246e-01;3.3750000e+02;2.3227182e-01;3.3750000e+02;2.1811296e-01;3.3750000e+02;1.8161419e-01;3.3750000e+02;1.3218114e-01;3.3750000e+02;8.1254199e-02;3.3750000e+02;3.4680095e-02;3.3750000e+02;-8.3189253e-03;3.3750000e+02;-1.3816301e-03;3.3750000e+02;1.1568828e-02;3.3750000e+02;2.9740062e-02;3.3750000e+02;5.2538719e-02;3.3750000e+02;7.8159481e-02;3.3750000e+02;1.0411187e-01;3.3750000e+02;1.2748088e-01;3.3750000e+02;1.4700511e-01;3.3750000e+02;1.6678980e-01;3.3750000e+02;1.9314647e-01;3.3750000e+02;2.1940246e-01;3.3750000e+02;2.3227182e-01;3.3750000e+02;2.1811296e-01;3.3750000e+02;1.8161419e-01;3.3750000e+02;1.3218114e-01;3.3750000e+02;8.1254199e-02;3.3750000e+02;3.4680095e-02;3.3750000e+02;-8.3189253e-03;3.3750000e+02;-1.3816301e-03;3.3750000e+02;1.1568828e-02;3.3750000e+02;2.9740062e-02;3.3750000e+02;5.2538719e-02;3.3750000e+02;7.8159481e-02;3.3750000e+02;1.0411187e-01;3.3750000e+02;1.2748088e-01;3.3750000e+02;1.4700511e-01;3.3750000e+02;1.6678980e-01;3.3750000e+02;1.9314647e-01;3.3750000e+02;2.1940246e-01;3.3750000e+02;2.3227182e-01;3.3750000e+02;2.1811296e-01;3.3750000e+02;1.8161419e-01;3.3750000e+02;1.3218114e-01;3.3750000e+02;8.1254199e-02;3.3750000e+02;3.4680095e-02;3.3750000e+02;-8.3189253e-03;3.3750000e+02;-1.3816301e-03;3.3750000e+02;1.1568828e-02;3.3750000e+02;2.9740062e-02;3.3750000e+02;5.2538719e-02;3.3750000e+02;7.8159481e-02;3.3750000e+02;1.0411187e-01;3.3750000e+02;1.2748088e-01;3.3750000e+02;1.4700511e-01;3.3750000e+02;1.6678980e-01;3.3750000e+02;1.9314647e-01;3.3750000e+02;2.1940246e-01;3.3750000e+02;2.3227182e-01;3.3750000e+02;2.1811296e-01;3.3750000e+02;1.8161419e-01;3.3750000e+02;1.3218114e-01;3.3750000e+02;8.1254199e-02;3.3750000e+02;3.4680095e-02;3.3750000e+02;-8.3189253e-03;3.3750000e+02;-1.3816301e-03;3.3750000e+02;1.1568828e-02;3.3750000e+02;2.9740062e-02;3.3750000e+02;5.2538719e-02;3.3750000e+02;7.8159481e-02;3.3750000e+02;1.0411187e-01;3.3750000e+02;1.2748088e-01;3.3750000e+02;1.4700511e-01;3.3750000e+02;1.6678980e-01;3.3750000e+02;1.9314647e-01;3.3750000e+02;2.1940246e-01;3.3750000e+02;2.3227182e-01;3.3750000e+02;2.1811296e-01;3.3750000e+02;1.8161419e-01;3.3750000e+02;1.3218114e-01;3.3750000e+02;8.1254199e-02;3.3750000e+02;3.4680095e-02;3.3750000e+02;-8.3189253e-03;3.3750000e+02;-1.3816301e-03;3.3750000e+02;1.1568828e-02;3.3750000e+02;2.9740062e-02;3.3750000e+02;5.2538719e-02;3.3750000e+02;7.8159481e-02;3.3750000e+02;1.0411187e-01;3.3750000e+02;1.2748088e-01;3.3750000e+02;1.4700511e-01;3.3750000e+02;1.6678980e-01;3.3750000e+02;1.9314647e-01;3.3750000e+02;2.1940246e-01;3.3750000e+02;2.3227182e-01;3.3750000e+02;2.1811296e-01;3.3750000e+02;1.8161419e-01;3.3750000e+02;1.3218114e-01;3.3750000e+02;8.1254199e-02;3.3750000e+02;3.4680095e-02;3.3750000e+02;-8.3189253e-03;3.3750000e+02;-1.3816301e-03;3.3750000e+02;1.1568828e-02;3.3750000e+02;2.9740062e-02;3.3750000e+02;5.2538719e-02;3.3750000e+02;7.8159481e-02;3.3750000e+02;1.0411187e-01;3.3750000e+02;1.2748088e-01;3.3750000e+02;1.4700511e-01;3.3750000e+02;1.6678980e-01;3.3750000e+02;1.9314647e-01;3.3750000e+02;2.1940246e-01;3.3750000e+02;2.3227182e-01;3.3750000e+02;2.1811296e-01;3.3750000e+02;1.8161419e-01;3.3750000e+02;1.3218114e-01;3.3750000e+02;8.1254199e-02;3.3750000e+02;3.4680095e-02;3.3750000e+02;-8.3189253e-03;3.3750000e+02;-1.3816301e-03;3.3750000e+02;1.1568828e-02;3.3750000e+02;2.9740062e-02;3.3750000e+02;5.2538719e-02;3.3750000e+02;7.8159481e-02;3.3750000e+02;1.0411187e-01;3.3750000e+02;1.2748088e-01;3.3750000e+02;1.4700511e-01;3.3750000e+02;1.6678980e-01;3.3750000e+02;1.9314647e-01;3.3750000e+02;2.1940246e-01;3.3750000e+02;2.3227182e-01;3.3750000e+02;2.1811296e-01;3.3750000e+02;1.8161419e-01;3.3750000e+02;1.3218114e-01;3.3750000e+02;8.1254199e-02;3.3750000e+02;3.4680095e-02;3.3750000e+02;-8.3189253e-03;3.3750000e+02;-1.3816301e-03;3.3750000e+02;1.1568828e-02;3.3750000e+02;2.9740062e-02;3.3750000e+02;5.2538719e-02;3.3750000e+02;7.8159481e-02;3.3750000e+02;1.0411187e-01;3.3750000e+02;1.2748088e-01;3.3750000e+02;1.4700511e-01;3.3750000e+02;1.6678980e-01;3.3750000e+02;1.9314647e-01;3.3750000e+02;2.1940246e-01;3.3750000e+02;2.3227182e-01;3.3750000e+02;2.1811296e-01;3.3750000e+02;1.8161419e-01;3.3750000e+02;1.3218114e-01;3.3750000e+02;8.1254199e-02;3.3750000e+02;3.4680095e-02;3.3750000e+02;-8.3189253e-03;3.3750000e+02;-1.3816301e-03;3.3750000e+02;1.1568828e-02;3.3750000e+02;2.9740062e-02;3.3750000e+02;5.2538719e-02;3.3750000e+02;7.8159481e-02;3.3750000e+02;1.0411187e-01;3.3750000e+02;1.2748088e-01;3.3750000e+02;1.4700511e-01;3.3750000e+02;1.6678980e-01;3.3750000e+02;1.9314647e-01;3.3750000e+02;2.1940246e-01;3.3750000e+02;2.3227182e-01;3.3750000e+02;2.1811296e-01;3.3750000e+02;1.8161419e-01;3.3750000e+02;1.3218114e-01;3.3750000e+02;8.1254199e-02;3.3750000e+02;3.4680095e-02;3.3750000e+02;-8.3189253e-03;3.3750000e+02;-1.3816301e-03;3.3750000e+02;1.1568828e-02;3.3750000e+02;2.9740062e-02;3.3750000e+02;5.2538719e-02;3.3750000e+02;7.8159481e-02;3.3750000e+02;1.0411187e-01;3.3750000e+02;1.2748088e-01;3.3750000e+02;1.4700511e-01;3.3750000e+02;1.6678980e-01;3.3750000e+02;1.9314647e-01;3.3750000e+02;2.1940246e-01;3.3750000e+02;2.3227182e-01;3.3750000e+02;2.1811296e-01;3.3750000e+02;1.8161419e-01;3.3750000e+02;1.3218114e-01;3.3750000e+02;8.1254199e-02;3.3750000e+02;3.4680095e-02;3.3750000e+02;-8.3189253e-03;3.3750000e+02;-1.3816301e-03;3.3750000e+02;1.1568828e-02;3.3750000e+02;2.9740062e-02;3.3750000e+02;5.2538719e-02;3.3750000e+02;7.8159481e-02;3.3750000e+02;1.0411187e-01;3.3750000e+02;1.2748088e-01;3.3750000e+02;1.4700511e-01;3.3750000e+02;1.6678980e-01;3.3750000e+02;1.9314647e-01;3.3750000e+02;2.1940246e-01;3.3750000e+02;2.3227182e-01;3.3750000e+02;2.1811296e-01;3.3750000e+02;1.8161419e-01;3.3750000e+02;1.3218114e-01;3.3750000e+02;8.1254199e-02;3.3750000e+02;3.4680095e-02;3.3750000e+02;-8.3189253e-03;3.3750000e+02;-1.3816301e-03;3.3750000e+02;1.1568828e-02;3.3750000e+02;2.9740062e-02;3.3750000e+02;5.2538719e-02;3.3750000e+02;7.8159481e-02;3.3750000e+02;1.0411187e-01;3.3750000e+02;1.2748088e-01;3.3750000e+02;1.4700511e-01;3.3750000e+02;1.6678980e-01;3.3750000e+02;1.9314647e-01;3.3750000e+02;2.1940246e-01;3.3750000e+02;2.3227182e-01;3.3750000e+02;2.1811296e-01;3.3750000e+02;1.8161419e-01;3.3750000e+02;1.3218114e-01;3.3750000e+02;8.1254199e-02;3.3750000e+02;3.4680095e-02;3.3750000e+02;-8.3189253e-03;3.3750000e+02;-1.3816301e-03;3.3750000e+02;1.1568828e-02;3.3750000e+02;2.9740062e-02;3.3750000e+02;5.2538719e-02;3.3750000e+02;7.8159481e-02;3.3750000e+02;1.0411187e-01;3.3750000e+02;1.2748088e-01;3.3750000e+02;1.4700511e-01;3.3750000e+02;1.6678980e-01;3.3750000e+02;1.9314647e-01;3.3750000e+02;2.1940246e-01;3.3750000e+02;2.3227182e-01;3.3750000e+02;2.1811296e-01;3.3750000e+02;1.8161419e-01;3.3750000e+02;1.3218114e-01;3.3750000e+02;8.1254199e-02;3.3750000e+02;3.4680095e-02;3.3750000e+02;-8.3189253e-03;3.3750000e+02;-1.3816301e-03;3.3750000e+02;1.1568828e-02;3.3750000e+02;2.9740062e-02;3.3750000e+02;5.2538719e-02;3.3750000e+02;7.8159481e-02;3.3750000e+02;1.0411187e-01;3.3750000e+02;1.2748088e-01;3.3750000e+02;1.4700511e-01;3.3750000e+02;1.6678980e-01;3.3750000e+02;1.9314647e-01;3.3750000e+02;2.1940246e-01;3.3750000e+02;2.3227182e-01;3.3750000e+02;2.1811296e-01;3.3750000e+02;1.8161419e-01;3.3750000e+02;1.3218114e-01;3.3750000e+02;8.1254199e-02;3.3750000e+02;3.4680095e-02;3.3750000e+02;-8.3189253e-03;3.3750000e+02;-1.3816301e-03;3.3750000e+02;1.1568828e-02;3.3750000e+02;2.9740062e-02;3.3750000e+02;5.2538719e-02;3.3750000e+02;7.8159481e-02;3.3750000e+02;1.0411187e-01;3.3750000e+02;1.2748088e-01;3.3750000e+02;1.4700511e-01;3.3750000e+02;1.6678980e-01;3.3750000e+02;1.9314647e-01;3.3750000e+02;2.1940246e-01;3.3750000e+02;2.3227182e-01;3.3750000e+02;2.1811296e-01;3.3750000e+02;1.8161419e-01;3.3750000e+02;1.3218114e-01;3.3750000e+02;8.1254199e-02;3.3750000e+02;3.4680095e-02;3.3750000e+02;-8.3189253e-03;3.3750000e+02;-1.3816301e-03;3.3750000e+02;1.1568828e-02;3.3750000e+02;2.9740062e-02;3.3750000e+02;5.2538719e-02;3.3750000e+02;7.8159481e-02;3.3750000e+02;1.0411187e-01;3.3750000e+02;1.2748088e-01;3.3750000e+02;1.4700511e-01;3.3750000e+02;1.6678980e-01;3.3750000e+02;1.9314647e-01;3.3750000e+02;2.1940246e-01;3.3750000e+02;2.3227182e-01;3.3750000e+02;2.1811296e-01;3.3750000e+02;1.8161419e-01;3.3750000e+02;1.3218114e-01;3.3750000e+02;8.1254199e-02;3.3750000e+02;3.4680095e-02;3.3750000e+02;-8.3189253e-03;3.3750000e+02;-1.3816301e-03;3.3750000e+02;1.1568828e-02;3.3750000e+02;2.9740062e-02;3.3750000e+02;5.2538719e-02;3.3750000e+02;7.8159481e-02;3.3750000e+02;1.0411187e-01;3.3750000e+02;1.2748088e-01;3.3750000e+02;1.4700511e-01;3.3750000e+02;1.6678980e-01;3.3750000e+02;1.9314647e-01;3.3750000e+02;2.1940246e-01;3.3750000e+02;2.3227182e-01;3.3750000e+02;2.1811296e-01;3.3750000e+02;1.8161419e-01;3.3750000e+02;1.3218114e-01;3.3750000e+02;8.1254199e-02;3.3750000e+02;3.4680095e-02;3.3750000e+02;-8.3189253e-03;3.3750000e+02;-1.3816301e-03;3.3750000e+02;1.1568828e-02;3.3750000e+02;2.9740062e-02;3.3750000e+02;5.2538719e-02;3.3750000e+02;7.8159481e-02;3.3750000e+02;1.0411187e-01;3.3750000e+02;1.2748088e-01;3.3750000e+02;1.4700511e-01;3.3750000e+02;1.6678980e-01;3.3750000e+02;1.9314647e-01;3.3750000e+02;2.1940246e-01;3.3750000e+02;2.3227182e-01;3.3750000e+02;2.1811296e-01;3.3750000e+02;1.8161419e-01;3.3750000e+02;1.3218114e-01;3.3750000e+02;8.1254199e-02;3.3750000e+02;3.4680095e-02;3.3750000e+02;-8.3189253e-03;3.3750000e+02;-1.3816301e-03;3.3750000e+02;1.1568828e-02;3.3750000e+02;2.9740062e-02;3.3750000e+02;5.2538719e-02;3.3750000e+02;7.8159481e-02;3.3750000e+02;1.0411187e-01;3.3750000e+02;1.2748088e-01;3.3750000e+02;1.4700511e-01;3.3750000e+02;1.6678980e-01;3.3750000e+02;1.9314647e-01;3.3750000e+02;2.1940246e-01;3.3750000e+02;2.3227182e-01;3.3750000e+02;2.1811296e-01;3.3750000e+02;1.8161419e-01;3.3750000e+02;1.3218114e-01;3.3750000e+02;8.1254199e-02;3.3750000e+02;3.4680095e-02;3.3750000e+02;-8.3189253e-03;3.3750000e+02;-1.3816301e-03;3.3750000e+02;1.1568828e-02;3.3750000e+02;2.9740062e-02;3.3750000e+02;5.2538719e-02;3.3750000e+02;7.8159481e-02;3.3750000e+02;1.0411187e-01;3.3750000e+02;1.2748088e-01;3.3750000e+02;1.4700511e-01;3.3750000e+02;1.6678980e-01;3.3750000e+02;1.9314647e-01;3.3750000e+02;2.1940246e-01;3.3750000e+02;2.3227182e-01;3.3750000e+02;2.1811296e-01;3.3750000e+02;1.8161419e-01;3.3750000e+02;1.3218114e-01;3.3750000e+02;8.1254199e-02;3.3750000e+02;3.4680095e-02;3.3750000e+02;-8.3189253e-03;3.3750000e+02;-1.3816301e-03;3.3750000e+02;1.1568828e-02;3.3750000e+02;2.9740062e-02;3.3750000e+02;5.2538719e-02;3.3750000e+02;7.8159481e-02;3.3750000e+02;1.0411187e-01;3.3750000e+02;1.2748088e-01;3.3750000e+02;1.4700511e-01;3.3750000e+02;1.6678980e-01;3.3750000e+02;1.9314647e-01;3.3750000e+02;2.1940246e-01;3.3750000e+02;2.3227182e-01;3.3750000e+02;2.1811296e-01;3.3750000e+02;1.8161419e-01;3.3750000e+02;1.3218114e-01;3.3750000e+02;8.1254199e-02;3.3750000e+02;3.4680095e-02;3.3750000e+02;-8.3189253e-03;3.3750000e+02;-1.3816301e-03;3.3750000e+02;1.1568828e-02;3.3750000e+02;2.9740062e-02;3.3750000e+02;5.2538719e-02;3.3750000e+02;7.8159481e-02;3.3750000e+02;1.0411187e-01;3.3750000e+02;1.2748088e-01;3.3750000e+02;1.4700511e-01;3.3750000e+02;1.6678980e-01;3.3750000e+02;1.9314647e-01;3.3750000e+02;2.1940246e-01;3.3750000e+02;2.3227182e-01;3.3750000e+02;2.1811296e-01;3.3750000e+02;1.8161419e-01;3.3750000e+02;1.3218114e-01;3.3750000e+02;8.1254199e-02;3.3750000e+02;3.4680095e-02;3.3750000e+02;-8.3189253e-03;3.3750000e+02;-1.3816301e-03;3.3750000e+02;1.1568828e-02;3.3750000e+02;2.9740062e-02;3.3750000e+02;5.2538719e-02;3.3750000e+02;7.8159481e-02;3.3750000e+02;1.0411187e-01;3.3750000e+02;1.2748088e-01;3.3750000e+02;1.4700511e-01;3.3750000e+02;1.6678980e-01;3.3750000e+02;1.9314647e-01;3.3750000e+02;2.1940246e-01;3.3750000e+02;2.3227182e-01;3.3750000e+02;2.1811296e-01;3.3750000e+02;1.8161419e-01;3.3750000e+02;1.3218114e-01;3.3750000e+02;8.1254199e-02;3.3750000e+02;3.4680095e-02;3.3750000e+02;-8.3189253e-03;3.3750000e+02;-1.3816301e-03;3.3750000e+02;1.1568828e-02;3.3750000e+02;2.9740062e-02;3.3750000e+02;5.2538719e-02;3.3750000e+02;7.8159481e-02;3.3750000e+02;1.0411187e-01;3.3750000e+02;1.2748088e-01;3.3750000e+02;1.4700511e-01;3.3750000e+02;1.6678980e-01;3.3750000e+02;1.9314647e-01;3.3750000e+02;2.1940246e-01;3.3750000e+02;2.3227182e-01;3.3750000e+02;2.1811296e-01;3.3750000e+02;1.8161419e-01;3.3750000e+02;1.3218114e-01;3.3750000e+02;8.1254199e-02;3.3750000e+02;3.4680095e-02;3.3750000e+02;-8.3189253e-03;3.3750000e+02;-1.3816301e-03;3.3750000e+02;1.1568828e-02;3.3750000e+02;2.9740062e-02;3.3750000e+02;5.2538719e-02;3.3750000e+02;7.8159481e-02;3.3750000e+02;1.0411187e-01;3.3750000e+02;1.2748088e-01;3.3750000e+02;1.4700511e-01;3.3750000e+02;1.6678980e-01;3.3750000e+02;1.9314647e-01;3.3750000e+02;2.1940246e-01;3.3750000e+02;2.3227182e-01;3.3750000e+02;2.1811296e-01;3.3750000e+02;1.8161419e-01;3.3750000e+02;1.3218114e-01;3.3750000e+02;8.1254199e-02;3.3750000e+02;3.4680095e-02;3.3750000e+02;-8.3189253e-03;3.3750000e+02;-1.3816301e-03;3.3750000e+02;1.1568828e-02;3.3750000e+02;2.9740062e-02;3.3750000e+02;5.2538719e-02;3.3750000e+02;7.8159481e-02;3.3750000e+02;1.0411187e-01;3.3750000e+02;1.2748088e-01;3.3750000e+02;1.4700511e-01;3.3750000e+02;1.6678980e-01;3.3750000e+02;1.9314647e-01;3.3750000e+02;2.1940246e-01;3.3750000e+02;2.3227182e-01;3.3750000e+02;2.1811296e-01;3.3750000e+02;1.8161419e-01;3.3750000e+02;1.3218114e-01;3.3750000e+02;8.1254199e-02;3.3750000e+02;3.4680095e-02;3.3750000e+02;-8.3189253e-03;3.3750000e+02;-1.3816301e-03;3.3750000e+02;1.1568828e-02;3.3750000e+02;2.9740062e-02;3.3750000e+02;5.2538719e-02;3.3750000e+02;7.8159481e-02;3.3750000e+02;1.0411187e-01;3.3750000e+02;1.2748088e-01;3.3750000e+02;1.4700511e-01;3.3750000e+02;1.6678980e-01;3.3750000e+02;1.9314647e-01;3.3750000e+02;2.1940246e-01;3.3750000e+02;2.3227182e-01;3.3750000e+02;2.1811296e-01;3.3750000e+02;1.8161419e-01;3.3750000e+02;1.3218114e-01;3.3750000e+02;8.1254199e-02;3.3750000e+02;3.4680095e-02;3.3750000e+02;-8.3189253e-03;3.3750000e+02;-1.3816301e-03;3.3750000e+02;1.1568828e-02;3.3750000e+02;2.9740062e-02;3.3750000e+02;5.2538719e-02;3.3750000e+02;7.8159481e-02;3.3750000e+02;1.0411187e-01;3.3750000e+02;1.2748088e-01;3.3750000e+02;1.4700511e-01;3.3750000e+02;1.6678980e-01;3.3750000e+02;1.9314647e-01;3.3750000e+02;2.1940246e-01;3.3750000e+02;2.3227182e-01;3.3750000e+02;2.1811296e-01;3.3750000e+02;1.8161419e-01;3.3750000e+02;1.3218114e-01;3.3750000e+02;8.1254199e-02;3.3750000e+02;3.4680095e-02;3.3750000e+02;-8.3189253e-03;3.3750000e+02;-1.3816301e-03;3.3750000e+02;1.1568828e-02;3.3750000e+02;2.9740062e-02;3.3750000e+02;5.2538719e-02;3.3750000e+02;7.8159481e-02;3.3750000e+02;1.0411187e-01;3.3750000e+02;1.2748088e-01;3.3750000e+02;1.4700511e-01;3.3750000e+02;1.6678980e-01;3.3750000e+02;1.9314647e-01;3.3750000e+02;2.1940246e-01;3.3750000e+02;2.3227182e-01;3.3750000e+02;2.1811296e-01;3.3750000e+02;1.8161419e-01;3.3750000e+02;1.3218114e-01;3.3750000e+02;8.1254199e-02;3.3750000e+02;3.4680095e-02;3.3750000e+02;-8.3189253e-03;3.3750000e+02;-1.3816301e-03;3.3750000e+02;1.1568828e-02;3.3750000e+02;2.9740062e-02;3.3750000e+02;5.2538719e-02;3.3750000e+02;7.8159481e-02;3.3750000e+02;1.0411187e-01;3.3750000e+02;1.2748088e-01;3.3750000e+02;1.4700511e-01;3.3750000e+02;1.6678980e-01;3.3750000e+02;1.9314647e-01;3.3750000e+02;2.1940246e-01;3.3750000e+02;2.3227182e-01;3.3750000e+02;2.1811296e-01;3.3750000e+02;1.8161419e-01;3.3750000e+02;1.3218114e-01;3.3750000e+02;8.1254199e-02;3.3750000e+02;3.4680095e-02;3.3750000e+02;-8.3189253e-03;3.3750000e+02;-1.3816301e-03;3.3750000e+02;1.1568828e-02;3.3750000e+02;2.9740062e-02;3.3750000e+02;5.2538719e-02;3.3750000e+02;7.8159481e-02;3.3750000e+02;1.0411187e-01;3.3750000e+02;1.2748088e-01;3.3750000e+02;1.4700511e-01;3.3750000e+02;1.6678980e-01;3.3750000e+02;1.9314647e-01;3.3750000e+02;2.1940246e-01;3.3750000e+02;2.3227182e-01;3.3750000e+02;2.1811296e-01;3.3750000e+02;1.8161419e-01;3.3750000e+02;1.3218114e-01;3.3750000e+02;8.1254199e-02;3.3750000e+02;3.4680095e-02;3.3750000e+02;-8.3189253e-03;3.3750000e+02;-1.3816301e-03;3.3750000e+02;1.1568828e-02;3.3750000e+02;2.9740062e-02;3.3750000e+02;5.2538719e-02;3.3750000e+02;7.8159481e-02;3.3750000e+02;1.0411187e-01;3.3750000e+02;1.2748088e-01;3.3750000e+02;1.4700511e-01;3.3750000e+02;1.6678980e-01;3.3750000e+02;1.9314647e-01;3.3750000e+02;2.1940246e-01;3.3750000e+02;2.3227182e-01;3.3750000e+02;2.1811296e-01;3.3750000e+02;1.8161419e-01;3.3750000e+02;1.3218114e-01;3.3750000e+02;8.1254199e-02;3.3750000e+02;3.4680095e-02;3.3750000e+02;-8.3189253e-03;3.3750000e+02;-1.3816301e-03;3.3750000e+02;1.1568828e-02;3.3750000e+02;2.9740062e-02;3.3750000e+02;5.2538719e-02;3.3750000e+02;7.8159481e-02;3.3750000e+02;1.0411187e-01;3.3750000e+02;1.2748088e-01;3.3750000e+02;1.4700511e-01;3.3750000e+02;1.6678980e-01;3.3750000e+02;1.9314647e-01;3.3750000e+02;2.1940246e-01;3.3750000e+02;2.3227182e-01;3.3750000e+02;2.1811296e-01;3.3750000e+02;1.8161419e-01;3.3750000e+02;1.3218114e-01;3.3750000e+02;8.1254199e-02;3.3750000e+02;3.4680095e-02;3.3750000e+02;-8.3189253e-03;3.3750000e+02;-1.3816301e-03;3.3750000e+02;1.1568828e-02;3.3750000e+02;2.9740062e-02;3.3750000e+02;5.2538719e-02;3.3750000e+02;7.8159481e-02;3.3750000e+02;1.0411187e-01;3.3750000e+02;1.2748088e-01;3.3750000e+02;1.4700511e-01;3.3750000e+02;1.6678980e-01;3.3750000e+02;1.9314647e-01;3.3750000e+02;2.1940246e-01;3.3750000e+02;2.3227182e-01;3.3750000e+02;2.1811296e-01;3.3750000e+02;1.8161419e-01;3.3750000e+02;1.3218114e-01;3.3750000e+02;8.1254199e-02;3.3750000e+02;3.4680095e-02;3.3750000e+02;-8.3189253e-03;3.3750000e+02;-1.3816301e-03;3.3750000e+02;1.1568828e-02;3.3750000e+02;2.9740062e-02;3.3750000e+02;5.2538719e-02;3.3750000e+02;7.8159481e-02;3.3750000e+02;1.0411187e-01;3.3750000e+02;1.2748088e-01;3.3750000e+02;1.4700511e-01;3.3750000e+02;1.6678980e-01;3.3750000e+02;1.9314647e-01;3.3750000e+02;2.1940246e-01;3.3750000e+02;2.3227182e-01;3.3750000e+02;2.1811296e-01;3.3750000e+02;1.8161419e-01;3.3750000e+02;1.3218114e-01;3.3750000e+02;8.1254199e-02;3.3750000e+02;3.4680095e-02;3.3750000e+02;-8.3189253e-03;3.3750000e+02;-1.3816301e-03;3.3750000e+02;1.1568828e-02;3.3750000e+02;2.9740062e-02;3.3750000e+02;5.2538719e-02;3.3750000e+02;7.8159481e-02;3.3750000e+02;1.0411187e-01;3.3750000e+02;1.2748088e-01;3.3750000e+02;1.4700511e-01;3.3750000e+02;1.6678980e-01;3.3750000e+02;1.9314647e-01;3.3750000e+02;2.1940246e-01;3.3750000e+02;2.3227182e-01;3.3750000e+02;2.1811296e-01;3.3750000e+02;1.8161419e-01;3.3750000e+02;1.3218114e-01;3.3750000e+02;8.1254199e-02;3.3750000e+02;3.4680095e-02;3.3750000e+02;-8.3189253e-03;3.3750000e+02;-1.3816301e-03;3.3750000e+02;1.1568828e-02;3.3750000e+02;2.9740062e-02;3.3750000e+02;5.2538719e-02;3.3750000e+02;7.8159481e-02;3.3750000e+02;1.0411187e-01;3.3750000e+02;1.2748088e-01;3.3750000e+02;1.4700511e-01;3.3750000e+02;1.6678980e-01;3.3750000e+02;1.9314647e-01;3.3750000e+02;2.1940246e-01;3.3750000e+02;2.3227182e-01;3.3750000e+02;2.1811296e-01;3.3750000e+02;1.8161419e-01;3.3750000e+02;1.3218114e-01;3.3750000e+02;8.1254199e-02;3.3750000e+02;3.4680095e-02;3.3750000e+02;-8.3189253e-03;3.3750000e+02;-1.3816301e-03;3.3750000e+02;1.1568828e-02;3.3750000e+02;2.9740062e-02;3.3750000e+02;5.2538719e-02;3.3750000e+02;7.8159481e-02;3.3750000e+02;1.0411187e-01;3.3750000e+02;1.2748088e-01;3.3750000e+02;1.4700511e-01;3.3750000e+02;1.6678980e-01;3.3750000e+02;1.9314647e-01;3.3750000e+02;2.1940246e-01;3.3750000e+02;2.3227182e-01;3.3750000e+02;2.1811296e-01;3.3750000e+02;1.8161419e-01;3.3750000e+02;1.3218114e-01;3.3750000e+02;8.1254199e-02;3.3750000e+02;3.4680095e-02;3.3750000e+02;-8.3189253e-03;3.3750000e+02;-1.3816301e-03;3.3750000e+02;1.1568828e-02;3.3750000e+02;2.9740062e-02;3.3750000e+02;5.2538719e-02;3.3750000e+02;7.8159481e-02;3.3750000e+02;1.0411187e-01;3.3750000e+02;1.2748088e-01;3.3750000e+02;1.4700511e-01;3.3750000e+02;1.6678980e-01;3.3750000e+02;1.9314647e-01;3.3750000e+02;2.1940246e-01;3.3750000e+02;2.3227182e-01;3.3750000e+02;2.1811296e-01;3.3750000e+02;1.8161419e-01;3.3750000e+02;1.3218114e-01;3.3750000e+02;8.1254199e-02;3.3750000e+02;3.4680095e-02;3.3750000e+02;-8.3189253e-03;3.3750000e+02;-1.3816301e-03;3.3750000e+02;1.1568828e-02;3.3750000e+02;2.9740062e-02;3.3750000e+02;5.2538719e-02;3.3750000e+02;7.8159481e-02;3.3750000e+02;1.0411187e-01;3.3750000e+02;1.2748088e-01;3.3750000e+02;1.4700511e-01;3.3750000e+02;1.6678980e-01;3.3750000e+02;1.9314647e-01;3.3750000e+02;2.1940246e-01;3.3750000e+02;2.3227182e-01;3.3750000e+02;2.1811296e-01;3.3750000e+02;1.8161419e-01;3.3750000e+02;1.3218114e-01;3.3750000e+02;8.1254199e-02;3.3750000e+02;3.4680095e-02;3.3750000e+02;-8.3189253e-03;3.3750000e+02;-1.3816301e-03;3.3750000e+02;1.1568828e-02;3.3750000e+02;2.9740062e-02;3.3750000e+02;5.2538719e-02;3.3750000e+02;7.8159481e-02;3.3750000e+02;1.0411187e-01;3.3750000e+02;1.2748088e-01;3.3750000e+02;1.4700511e-01;3.3750000e+02;1.6678980e-01;3.3750000e+02;1.9314647e-01;3.3750000e+02;2.1940246e-01;3.3750000e+02;2.3227182e-01;3.3750000e+02;2.1811296e-01;3.3750000e+02;1.8161419e-01;3.3750000e+02;1.3218114e-01;3.3750000e+02;8.1254199e-02;3.3750000e+02;3.4680095e-02;3.3750000e+02;-8.3189253e-03;3.3750000e+02;-1.3816301e-03;3.3750000e+02;1.1568828e-02;3.3750000e+02;2.9740062e-02;3.3750000e+02;5.2538719e-02;3.3750000e+02;7.8159481e-02;3.3750000e+02;1.0411187e-01;3.3750000e+02;1.2748088e-01;3.3750000e+02;1.4700511e-01;3.3750000e+02;1.6678980e-01;3.3750000e+02;1.9314647e-01;3.3750000e+02;2.1940246e-01;3.3750000e+02;2.3227182e-01;3.3750000e+02;2.1811296e-01;3.3750000e+02;1.8161419e-01;3.3750000e+02;1.3218114e-01;3.3750000e+02;8.1254199e-02;3.3750000e+02;3.4680095e-02;3.3750000e+02;-8.3189253e-03;3.3750000e+02;-1.3816301e-03;3.3750000e+02;1.1568828e-02;3.3750000e+02;2.9740062e-02;3.3750000e+02;5.2538719e-02;3.3750000e+02;7.8159481e-02;3.3750000e+02;1.0411187e-01;3.3750000e+02;1.2748088e-01;3.3750000e+02;1.4700511e-01;3.3750000e+02;1.6678980e-01;3.3750000e+02;1.9314647e-01;3.3750000e+02;2.1940246e-01;3.3750000e+02;2.3227182e-01;3.3750000e+02;2.1811296e-01;3.3750000e+02;1.8161419e-01;3.3750000e+02;1.3218114e-01;3.3750000e+02;8.1254199e-02;3.3750000e+02;3.4680095e-02;3.3750000e+02;-8.3189253e-03;3.3750000e+02;-1.3816301e-03;3.3750000e+02;1.1568828e-02;3.3750000e+02;2.9740062e-02;3.3750000e+02;5.2538719e-02;3.3750000e+02;7.8159481e-02;3.3750000e+02;1.0411187e-01;3.3750000e+02;1.2748088e-01;3.3750000e+02;1.4700511e-01;3.3750000e+02;1.6678980e-01;3.3750000e+02;1.9314647e-01;3.3750000e+02;2.1940246e-01;3.3750000e+02;2.3227182e-01;3.3750000e+02;2.1811296e-01;3.3750000e+02;1.8161419e-01;3.3750000e+02;1.3218114e-01;3.3750000e+02;8.1254199e-02;3.3750000e+02;3.4680095e-02;3.3750000e+02;-8.3189253e-03;3.3750000e+02;-1.3816301e-03;3.3750000e+02;1.1568828e-02;3.3750000e+02;2.9740062e-02;3.3750000e+02;5.2538719e-02;3.3750000e+02;7.8159481e-02;3.3750000e+02;1.0411187e-01;3.3750000e+02;1.2748088e-01;3.3750000e+02;1.4700511e-01;3.3750000e+02;1.6678980e-01;3.3750000e+02;1.9314647e-01;3.3750000e+02;2.1940246e-01;3.3750000e+02;2.3227182e-01;3.3750000e+02;2.1811296e-01;3.3750000e+02;1.8161419e-01;3.3750000e+02;1.3218114e-01;3.3750000e+02;8.1254199e-02;3.3750000e+02;3.4680095e-02;3.3750000e+02;-8.3189253e-03;3.3750000e+02;-1.3816301e-03;3.3750000e+02;1.1568828e-02;3.3750000e+02;2.9740062e-02;3.3750000e+02;5.2538719e-02;3.3750000e+02;7.8159481e-02;3.3750000e+02;1.0411187e-01;3.3750000e+02;1.2748088e-01;3.3750000e+02;1.4700511e-01;3.3750000e+02;1.6678980e-01;3.3750000e+02;1.9314647e-01;3.3750000e+02;2.1940246e-01;3.3750000e+02;2.3227182e-01;3.3750000e+02;2.1811296e-01;3.3750000e+02;1.8161419e-01;3.3750000e+02;1.3218114e-01;3.3750000e+02;8.1254199e-02;3.3750000e+02;3.4680095e-02;3.3750000e+02;-8.3189253e-03;3.3750000e+02;-1.3816301e-03;3.3750000e+02;1.1568828e-02;3.3750000e+02;2.9740062e-02;3.3750000e+02;5.2538719e-02;3.3750000e+02;7.8159481e-02;3.3750000e+02;1.0411187e-01;3.3750000e+02;1.2748088e-01;3.3750000e+02;1.4700511e-01;3.3750000e+02;1.6678980e-01;3.3750000e+02;1.9314647e-01;3.3750000e+02;2.1940246e-01;3.3750000e+02;2.3227182e-01;3.3750000e+02;2.1811296e-01;3.3750000e+02;1.8161419e-01;3.3750000e+02;1.3218114e-01;3.3750000e+02;8.1254199e-02;3.3750000e+02;3.4680095e-02;3.3750000e+02;-8.3189253e-03;3.3750000e+02;-1.3816301e-03;3.3750000e+02;1.1568828e-02;3.3750000e+02;2.9740062e-02;3.3750000e+02;5.2538719e-02;3.3750000e+02;7.8159481e-02;3.3750000e+02;1.0411187e-01;3.3750000e+02;1.2748088e-01;3.3750000e+02;1.4700511e-01;3.3750000e+02;1.6678980e-01;3.3750000e+02;1.9314647e-01;3.3750000e+02;2.1940246e-01;3.3750000e+02;2.3227182e-01;3.3750000e+02;2.1811296e-01;3.3750000e+02;1.8161419e-01;3.3750000e+02;1.3218114e-01;3.3750000e+02;8.1254199e-02;3.3750000e+02;3.4680095e-02;3.3750000e+02;-8.3189253e-03;3.3750000e+02;-1.3816301e-03;3.3750000e+02;1.1568828e-02;3.3750000e+02;2.9740062e-02;3.3750000e+02;5.2538719e-02;3.3750000e+02;7.8159481e-02;3.3750000e+02;1.0411187e-01;3.3750000e+02;1.2748088e-01;3.3750000e+02;1.4700511e-01;3.3750000e+02;1.6678980e-01;3.3750000e+02;1.9314647e-01;3.3750000e+02;2.1940246e-01;3.3750000e+02;2.3227182e-01;3.3750000e+02;2.1811296e-01;3.3750000e+02;1.8161419e-01;3.3750000e+02;1.3218114e-01;3.3750000e+02;8.1254199e-02;3.3750000e+02;3.4680095e-02;3.3750000e+02;-8.3189253e-03;3.3750000e+02;-1.3816301e-03;3.3750000e+02;1.1568828e-02;3.3750000e+02;2.9740062e-02;3.3750000e+02;5.2538719e-02;3.3750000e+02;7.8159481e-02;3.3750000e+02;1.0411187e-01;3.3750000e+02;1.2748088e-01;3.3750000e+02;1.4700511e-01;3.3750000e+02;1.6678980e-01;3.3750000e+02;1.9314647e-01;3.3750000e+02;2.1940246e-01;3.3750000e+02;2.3227182e-01;3.3750000e+02;2.1811296e-01;3.3750000e+02;1.8161419e-01;3.3750000e+02;1.3218114e-01;3.3750000e+02;8.1254199e-02;3.3750000e+02;3.4680095e-02;3.3750000e+02;-8.3189253e-03;3.3750000e+02;-1.3816301e-03;3.3750000e+02;1.1568828e-02;3.3750000e+02;2.9740062e-02;3.3750000e+02;5.2538719e-02;3.3750000e+02;7.8159481e-02;3.3750000e+02;1.0411187e-01;3.3750000e+02;1.2748088e-01;3.3750000e+02;1.4700511e-01;3.3750000e+02;1.6678980e-01;3.3750000e+02;1.9314647e-01;3.3750000e+02;2.1940246e-01;3.3750000e+02;2.3227182e-01;3.3750000e+02;2.1811296e-01;3.3750000e+02;1.8161419e-01;3.3750000e+02;1.3218114e-01;3.3750000e+02;8.1254199e-02;3.3750000e+02;3.4680095e-02;3.3750000e+02;-8.3189253e-03;3.3750000e+02;-1.3816301e-03;3.3750000e+02;1.1568828e-02;3.3750000e+02;2.9740062e-02;3.3750000e+02;5.2538719e-02;3.3750000e+02;7.8159481e-02;3.3750000e+02;1.0411187e-01;3.3750000e+02;1.2748088e-01;3.3750000e+02;1.4700511e-01;3.3750000e+02;1.6678980e-01;3.3750000e+02;1.9314647e-01;3.3750000e+02;2.1940246e-01;3.3750000e+02;2.3227182e-01;3.3750000e+02;2.1811296e-01;3.3750000e+02;1.8161419e-01;3.3750000e+02;1.3218114e-01;3.3750000e+02;8.1254199e-02;3.3750000e+02;3.4680095e-02;3.3750000e+02;-8.3189253e-03;3.3750000e+02;-1.3816301e-03;3.3750000e+02;1.1568828e-02;3.3750000e+02;2.9740062e-02;3.3750000e+02;5.2538719e-02;3.3750000e+02;7.8159481e-02;3.3750000e+02;1.0411187e-01;3.3750000e+02;1.2748088e-01;3.3750000e+02;1.4700511e-01;3.3750000e+02;1.6678980e-01;3.3750000e+02;1.9314647e-01;3.3750000e+02;2.1940246e-01;3.3750000e+02;2.3227182e-01;3.3750000e+02;2.1811296e-01;3.3750000e+02;1.8161419e-01;3.3750000e+02;1.3218114e-01;3.3750000e+02;8.1254199e-02;3.3750000e+02;3.4680095e-02;3.3750000e+02;-8.3189253e-03;3.3750000e+02;-1.3816301e-03;3.3750000e+02;1.1568828e-02;3.3750000e+02;2.9740062e-02;3.3750000e+02;5.2538719e-02;3.3750000e+02;7.8159481e-02;3.3750000e+02;1.0411187e-01;3.3750000e+02;1.2748088e-01;3.3750000e+02;1.4700511e-01;3.3750000e+02;1.6678980e-01;3.3750000e+02;1.9314647e-01;3.3750000e+02;2.1940246e-01;3.3750000e+02;2.3227182e-01;3.3750000e+02;2.1811296e-01;3.3750000e+02;1.8161419e-01;3.3750000e+02;1.3218114e-01;3.3750000e+02;8.1254199e-02;3.3750000e+02;3.4680095e-02;3.3750000e+02;-8.3189253e-03;3.3750000e+02;-1.3816301e-03;3.3750000e+02;1.1568828e-02;3.3750000e+02;2.9740062e-02;3.3750000e+02;5.2538719e-02;3.3750000e+02;7.8159481e-02;3.3750000e+02;1.0411187e-01;3.3750000e+02;1.2748088e-01;3.3750000e+02;1.4700511e-01;3.3750000e+02;1.6678980e-01;3.3750000e+02;1.9314647e-01;3.3750000e+02;2.1940246e-01;3.3750000e+02;2.3227182e-01;3.3750000e+02;2.1811296e-01;3.3750000e+02;1.8161419e-01;3.3750000e+02;1.3218114e-01;3.3750000e+02;8.1254199e-02;3.3750000e+02;3.4680095e-02;3.3750000e+02;-8.3189253e-03;3.3750000e+02;-1.3816301e-03;3.3750000e+02;1.1568828e-02;3.3750000e+02;2.9740062e-02;3.3750000e+02;5.2538719e-02;3.3750000e+02;7.8159481e-02;3.3750000e+02;1.0411187e-01;3.3750000e+02;1.2748088e-01;3.3750000e+02;1.4700511e-01;3.3750000e+02;1.6678980e-01;3.3750000e+02;1.9314647e-01;3.3750000e+02;2.1940246e-01;3.3750000e+02;2.3227182e-01;3.3750000e+02;2.1811296e-01;3.3750000e+02;1.8161419e-01;3.3750000e+02;1.3218114e-01;3.3750000e+02;8.1254199e-02;3.3750000e+02;3.4680095e-02;3.3750000e+02;-8.3189253e-03;3.3750000e+02;-1.3816301e-03;3.3750000e+02;1.1568828e-02;3.3750000e+02;2.9740062e-02;3.3750000e+02;5.2538719e-02;3.3750000e+02;7.8159481e-02;3.3750000e+02;1.0411187e-01;3.3750000e+02;1.2748088e-01;3.3750000e+02;1.4700511e-01;3.3750000e+02;1.6678980e-01;3.3750000e+02;1.9314647e-01;3.3750000e+02;2.1940246e-01;3.3750000e+02;2.3227182e-01;3.3750000e+02;2.1811296e-01;3.3750000e+02;1.8161419e-01;3.3750000e+02;1.3218114e-01;3.3750000e+02;8.1254199e-02;3.3750000e+02;3.4680095e-02;3.3750000e+02;-8.3189253e-03;3.3750000e+02;-1.3816301e-03;3.3750000e+02;1.1568828e-02;3.3750000e+02;2.9740062e-02;3.3750000e+02;5.2538719e-02;3.3750000e+02;7.8159481e-02;3.3750000e+02;1.0411187e-01;3.3750000e+02;1.2748088e-01;3.3750000e+02;1.4700511e-01;3.3750000e+02;1.6678980e-01;3.3750000e+02;1.9314647e-01;3.3750000e+02;2.1940246e-01;3.3750000e+02;2.3227182e-01;3.3750000e+02;2.1811296e-01;3.3750000e+02;1.8161419e-01;3.3750000e+02;1.3218114e-01;3.3750000e+02;8.1254199e-02;3.3750000e+02;3.4680095e-02;3.3750000e+02;-8.3189253e-03;3.3750000e+02;-1.3816301e-03;3.3750000e+02;1.1568828e-02;3.3750000e+02;2.9740062e-02;3.3750000e+02;5.2538719e-02;3.3750000e+02;7.8159481e-02;3.3750000e+02;1.0411187e-01;3.3750000e+02;1.2748088e-01;3.3750000e+02;1.4700511e-01;3.3750000e+02;1.6678980e-01;3.3750000e+02;1.9314647e-01;3.3750000e+02;2.1940246e-01;3.3750000e+02;2.3227182e-01;3.3750000e+02;2.1811296e-01;3.3750000e+02;1.8161419e-01;3.3750000e+02;1.3218114e-01;3.3750000e+02;8.1254199e-02;3.3750000e+02;3.4680095e-02;3.3750000e+02;-8.3189253e-03;3.3750000e+02;-1.3816301e-03;3.3750000e+02;1.1568828e-02;3.3750000e+02;2.9740062e-02;3.3750000e+02;5.2538719e-02;3.3750000e+02;7.8159481e-02;3.3750000e+02;1.0411187e-01;3.3750000e+02;1.2748088e-01;3.3750000e+02;1.4700511e-01;3.3750000e+02;1.6678980e-01;3.3750000e+02;1.9314647e-01;3.3750000e+02;2.1940246e-01;3.3750000e+02;2.3227182e-01;3.3750000e+02;2.1811296e-01;3.3750000e+02;1.8161419e-01;3.3750000e+02;1.3218114e-01;3.3750000e+02;8.1254199e-02;3.3750000e+02;3.4680095e-02;3.3750000e+02;-8.3189253e-03;3.3750000e+02;-1.3816301e-03;3.3750000e+02;1.1568828e-02;3.3750000e+02;2.9740062e-02;3.3750000e+02;5.2538719e-02;3.3750000e+02;7.8159481e-02;3.3750000e+02;1.0411187e-01;3.3750000e+02;1.2748088e-01;3.3750000e+02;1.4700511e-01;3.3750000e+02;1.6678980e-01;3.3750000e+02;1.9314647e-01;3.3750000e+02;2.1940246e-01;3.3750000e+02;2.3227182e-01;3.3750000e+02;2.1811296e-01;3.3750000e+02;1.8161419e-01;3.3750000e+02;1.3218114e-01;3.3750000e+02;8.1254199e-02;3.3750000e+02;3.4680095e-02;3.3750000e+02;-8.3189253e-03;3.3750000e+02;-1.3816301e-03;3.3750000e+02;1.1568828e-02;3.3750000e+02;2.9740062e-02;3.3750000e+02;5.2538719e-02;3.3750000e+02;7.8159481e-02;3.3750000e+02;1.0411187e-01;3.3750000e+02;1.2748088e-01;3.3750000e+02;1.4700511e-01;3.3750000e+02;1.6678980e-01;3.3750000e+02;1.9314647e-01;3.3750000e+02;2.1940246e-01;3.3750000e+02;2.3227182e-01;3.3750000e+02;2.1811296e-01;3.3750000e+02;1.8161419e-01;3.3750000e+02;1.3218114e-01;3.3750000e+02;8.1254199e-02;3.3750000e+02;3.4680095e-02;3.3750000e+02;-8.3189253e-03;3.3750000e+02;-1.3816301e-03;3.3750000e+02;1.1568828e-02;3.3750000e+02;2.9740062e-02;3.3750000e+02;5.2538719e-02;3.3750000e+02;7.8159481e-02;3.3750000e+02;1.0411187e-01;3.3750000e+02;1.2748088e-01;3.3750000e+02;1.4700511e-01;3.3750000e+02;1.6678980e-01;3.3750000e+02;1.9314647e-01;3.3750000e+02;2.1940246e-01;3.3750000e+02;2.3227182e-01;3.3750000e+02;2.1811296e-01;3.3750000e+02;1.8161419e-01;3.3750000e+02;1.3218114e-01;3.3750000e+02;8.1254199e-02;3.3750000e+02;3.4680095e-02;3.3750000e+02;-8.3189253e-03;3.3750000e+02;-1.3816301e-03;3.3750000e+02;1.1568828e-02;3.3750000e+02;2.9740062e-02;3.3750000e+02;5.2538719e-02;3.3750000e+02;7.8159481e-02;3.3750000e+02;1.0411187e-01;3.3750000e+02;1.2748088e-01;3.3750000e+02;1.4700511e-01;3.3750000e+02;1.6678980e-01;3.3750000e+02;1.9314647e-01;3.3750000e+02;2.1940246e-01;3.3750000e+02;2.3227182e-01;3.3750000e+02;2.1811296e-01;3.3750000e+02;1.8161419e-01;3.3750000e+02;1.3218114e-01;3.3750000e+02;8.1254199e-02;3.3750000e+02;3.4680095e-02
3.4250000e+02;-7.9174191e-03;3.4250000e+02;-1.8729921e-03;3.4250000e+02;1.0087289e-02;3.4250000e+02;2.7382944e-02;3.4250000e+02;4.9723372e-02;3.4250000e+02;7.4052058e-02;3.4250000e+02;9.7259946e-02;3.4250000e+02;1.1883686e-01;3.4250000e+02;1.3779750e-01;3.4250000e+02;1.5865502e-01;3.4250000e+02;1.8615317e-01;3.4250000e+02;2.1347974e-01;3.4250000e+02;2.2854938e-01;3.4250000e+02;2.1615168e-01;3.4250000e+02;1.8100978e-01;3.4250000e+02;1.3253449e-01;3.4250000e+02;8.1946641e-02;3.4250000e+02;3.6174733e-02;3.4250000e+02;-7.9174191e-03;3.4250000e+02;-1.8729921e-03;3.4250000e+02;1.0087289e-02;3.4250000e+02;2.7382944e-02;3.4250000e+02;4.9723372e-02;3.4250000e+02;7.4052058e-02;3.4250000e+02;9.7259946e-02;3.4250000e+02;1.1883686e-01;3.4250000e+02;1.3779750e-01;3.4250000e+02;1.5865502e-01;3.4250000e+02;1.8615317e-01;3.4250000e+02;2.1347974e-01;3.4250000e+02;2.2854938e-01;3.4250000e+02;2.1615168e-01;3.4250000e+02;1.8100978e-01;3.4250000e+02;1.3253449e-01;3.4250000e+02;8.1946641e-02;3.4250000e+02;3.6174733e-02;3.4250000e+02;-7.9174191e-03;3.4250000e+02;-1.8729921e-03;3.4250000e+02;1.0087289e-02;3.4250000e+02;2.7382944e-02;3.4250000e+02;4.9723372e-02;3.4250000e+02;7.4052058e-02;3.4250000e+02;9.7259946e-02;3.4250000e+02;1.1883686e-01;3.4250000e+02;1.3779750e-01;3.4250000e+02;1.5865502e-01;3.4250000e+02;1.8615317e-01;3.4250000e+02;2.1347974e-01;3.4250000e+02;2.2854938e-01;3.4250000e+02;2.1615168e-01;3.4250000e+02;1.8100978e-01;3.4250000e+02;1.3253449e-01;3.4250000e+02;8.1946641e-02;3.4250000e+02;3.6174733e-02;3.4250000e+02;-7.9174191e-03;3.4250000e+02;-1.8729921e-03;3.4250000e+02;1.0087289e-02;3.4250000e+02;2.7382944e-02;3.4250000e+02;4.9723372e-02;3.4250000e+02;7.4052058e-02;3.4250000e+02;9.7259946e-02;3.4250000e+02;1.1883686e-01;3.4250000e+02;1.3779750e-01;3.4250000e+02;1.5865502e-01;3.4250000e+02;1.8615317e-01;3.4250000e+02;2.1347974e-01;3.4250000e+02;2.2854938e-01;3.4250000e+02;2.1615168e-01;3.4250000e+02;1.8100978e-01;3.4250000e+02;1.3253449e-01;3.4250000e+02;8.1946641e-02;3.4250000e+02;3.6174733e-02;3.4250000e+02;-7.9174191e-03;3.4250000e+02;-1.8729921e-03;3.4250000e+02;1.0087289e-02;3.4250000e+02;2.7382944e-02;3.4250000e+02;4.9723372e-02;3.4250000e+02;7.4052058e-02;3.4250000e+02;9.7259946e-02;3.4250000e+02;1.1883686e-01;3.4250000e+02;1.3779750e-01;3.4250000e+02;1.5865502e-01;3.4250000e+02;1.8615317e-01;3.4250000e+02;2.1347974e-01;3.4250000e+02;2.2854938e-01;3.4250000e+02;2.1615168e-01;3.4250000e+02;1.8100978e-01;3.4250000e+02;1.3253449e-01;3.4250000e+02;8.1946641e-02;3.4250000e+02;3.6174733e-02;3.4250000e+02;-7.9174191e-03;3.4250000e+02;-1.8729921e-03;3.4250000e+02;1.0087289e-02;3.4250000e+02;2.7382944e-02;3.4250000e+02;4.9723372e-02;3.4250000e+02;7.4052058e-02;3.4250000e+02;9.7259946e-02;3.4250000e+02;1.1883686e-01;3.4250000e+02;1.3779750e-01;3.4250000e+02;1.5865502e-01;3.4250000e+02;1.8615317e-01;3.4250000e+02;2.1347974e-01;3.4250000e+02;2.2854938e-01;3.4250000e+02;2.1615168e-01;3.4250000e+02;1.8100978e-01;3.4250000e+02;1.3253449e-01;3.4250000e+02;8.1946641e-02;3.4250000e+02;3.6174733e-02;3.4250000e+02;-7.9174191e-03;3.4250000e+02;-1.8729921e-03;3.4250000e+02;1.0087289e-02;3.4250000e+02;2.7382944e-02;3.4250000e+02;4.9723372e-02;3.4250000e+02;7.4052058e-02;3.4250000e+02;9.7259946e-02;3.4250000e+02;1.1883686e-01;3.4250000e+02;1.3779750e-01;3.4250000e+02;1.5865502e-01;3.4250000e+02;1.8615317e-01;3.4250000e+02;2.1347974e-01;3.4250000e+02;2.2854938e-01;3.4250000e+02;2.1615168e-01;3.4250000e+02;1.8100978e-01;3.4250000e+02;1.3253449e-01;3.4250000e+02;8.1946641e-02;3.4250000e+02;3.6174733e-02;3.4250000e+02;-7.9174191e-03;3.4250000e+02;-1.8729921e-03;3.4250000e+02;1.0087289e-02;3.4250000e+02;2.7382944e-02;3.4250000e+02;4.9723372e-02;3.4250000e+02;7.4052058e-02;3.4250000e+02;9.7259946e-02;3.4250000e+02;1.1883686e-01;3.4250000e+02;1.3779750e-01;3.4250000e+02;1.5865502e-01;3.4250000e+02;1.8615317e-01;3.4250000e+02;2.1347974e-01;3.4250000e+02;2.2854938e-01;3.4250000e+02;2.1615168e-01;3.4250000e+02;1.8100978e-01;3.4250000e+02;1.3253449e-01;3.4250000e+02;8.1946641e-02;3.4250000e+02;3.6174733e-02;3.4250000e+02;-7.9174191e-03;3.4250000e+02;-1.8729921e-03;3.4250000e+02;1.0087289e-02;3.4250000e+02;2.7382944e-02;3.4250000e+02;4.9723372e-02;3.4250000e+02;7.4052058e-02;3.4250000e+02;9.7259946e-02;3.4250000e+02;1.1883686e-01;3.4250000e+02;1.3779750e-01;3.4250000e+02;1.5865502e-01;3.4250000e+02;1.8615317e-01;3.4250000e+02;2.1347974e-01;3.4250000e+02;2.2854938e-01;3.4250000e+02;2.1615168e-01;3.4250000e+02;1.8100978e-01;3.4250000e+02;1.3253449e-01;3.4250000e+02;8.1946641e-02;3.4250000e+02;3.6174733e-02;3.4250000e+02;-7.9174191e-03;3.4250000e+02;-1.8729921e-03;3.4250000e+02;1.0087289e-02;3.4250000e+02;2.7382944e-02;3.4250000e+02;4.9723372e-02;3.4250000e+02;7.4052058e-02;3.4250000e+02;9.7259946e-02;3.4250000e+02;1.1883686e-01;3.4250000e+02;1.3779750e-01;3.4250000e+02;1.5865502e-01;3.4250000e+02;1.8615317e-01;3.4250000e+02;2.1347974e-01;3.4250000e+02;2.2854938e-01;3.4250000e+02;2.1615168e-01;3.4250000e+02;1.8100978e-01;3.4250000e+02;1.3253449e-01;3.4250000e+02;8.1946641e-02;3.4250000e+02;3.6174733e-02;3.4250000e+02;-7.9174191e-03;3.4250000e+02;-1.8729921e-03;3.4250000e+02;1.0087289e-02;3.4250000e+02;2.7382944e-02;3.4250000e+02;4.9723372e-02;3.4250000e+02;7.4052058e-02;3.4250000e+02;9.7259946e-02;3.4250000e+02;1.1883686e-01;3.4250000e+02;1.3779750e-01;3.4250000e+02;1.5865502e-01;3.4250000e+02;1.8615317e-01;3.4250000e+02;2.1347974e-01;3.4250000e+02;2.2854938e-01;3.4250000e+02;2.1615168e-01;3.4250000e+02;1.8100978e-01;3.4250000e+02;1.3253449e-01;3.4250000e+02;8.1946641e-02;3.4250000e+02;3.6174733e-02;3.4250000e+02;-7.9174191e-03;3.4250000e+02;-1.8729921e-03;3.4250000e+02;1.0087289e-02;3.4250000e+02;2.7382944e-02;3.4250000e+02;4.9723372e-02;3.4250000e+02;7.4052058e-02;3.4250000e+02;9.7259946e-02;3.4250000e+02;1.1883686e-01;3.4250000e+02;1.3779750e-01;3.4250000e+02;1.5865502e-01;3.4250000e+02;1.8615317e-01;3.4250000e+02;2.1347974e-01;3.4250000e+02;2.2854938e-01;3.4250000e+02;2.1615168e-01;3.4250000e+02;1.8100978e-01;3.4250000e+02;1.3253449e-01;3.4250000e+02;8.1946641e-02;3.4250000e+02;3.6174733e-02;3.4250000e+02;-7.9174191e-03;3.4250000e+02;-1.8729921e-03;3.4250000e+02;1.0087289e-02;3.4250000e+02;2.7382944e-02;3.4250000e+02;4.9723372e-02;3.4250000e+02;7.4052058e-02;3.4250000e+02;9.7259946e-02;3.4250000e+02;1.1883686e-01;3.4250000e+02;1.3779750e-01;3.4250000e+02;1.5865502e-01;3.4250000e+02;1.8615317e-01;3.4250000e+02;2.1347974e-01;3.4250000e+02;2.2854938e-01;3.4250000e+02;2.1615168e-01;3.4250000e+02;1.8100978e-01;3.4250000e+02;1.3253449e-01;3.4250000e+02;8.1946641e-02;3.4250000e+02;3.6174733e-02;3.4250000e+02;-7.9174191e-03;3.4250000e+02;-1.8729921e-03;3.4250000e+02;1.0087289e-02;3.4250000e+02;2.7382944e-02;3.4250000e+02;4.9723372e-02;3.4250000e+02;7.4052058e-02;3.4250000e+02;9.7259946e-02;3.4250000e+02;1.1883686e-01;3.4250000e+02;1.3779750e-01;3.4250000e+02;1.5865502e-01;3.4250000e+02;1.8615317e-01;3.4250000e+02;2.1347974e-01;3.4250000e+02;2.2854938e-01;3.4250000e+02;2.1615168e-01;3.4250000e+02;1.8100978e-01;3.4250000e+02;1.3253449e-01;3.4250000e+02;8.1946641e-02;3.4250000e+02;3.6174733e-02;3.4250000e+02;-7.9174191e-03;3.4250000e+02;-1.8729921e-03;3.4250000e+02;1.0087289e-02;3.4250000e+02;2.7382944e-02;3.4250000e+02;4.9723372e-02;3.4250000e+02;7.4052058e-02;3.4250000e+02;9.7259946e-02;3.4250000e+02;1.1883686e-01;3.4250000e+02;1.3779750e-01;3.4250000e+02;1.5865502e-01;3.4250000e+02;1.8615317e-01;3.4250000e+02;2.1347974e-01;3.4250000e+02;2.2854938e-01;3.4250000e+02;2.1615168e-01;3.4250000e+02;1.8100978e-01;3.4250000e+02;1.3253449e-01;3.4250000e+02;8.1946641e-02;3.4250000e+02;3.6174733e-02;3.4250000e+02;-7.9174191e-03;3.4250000e+02;-1.8729921e-03;3.4250000e+02;1.0087289e-02;3.4250000e+02;2.7382944e-02;3.4250000e+02;4.9723372e-02;3.4250000e+02;7.4052058e-02;3.4250000e+02;9.7259946e-02;3.4250000e+02;1.1883686e-01;3.4250000e+02;1.3779750e-01;3.4250000e+02;1.5865502e-01;3.4250000e+02;1.8615317e-01;3.4250000e+02;2.1347974e-01;3.4250000e+02;2.2854938e-01;3.4250000e+02;2.1615168e-01;3.4250000e+02;1.8100978e-01;3.4250000e+02;1.3253449e-01;3.4250000e+02;8.1946641e-02;3.4250000e+02;3.6174733e-02;3.4250000e+02;-7.9174191e-03;3.4250000e+02;-1.8729921e-03;3.4250000e+02;1.0087289e-02;3.4250000e+02;2.7382944e-02;3.4250000e+02;4.9723372e-02;3.4250000e+02;7.4052058e-02;3.4250000e+02;9.7259946e-02;3.4250000e+02;1.1883686e-01;3.4250000e+02;1.3779750e-01;3.4250000e+02;1.5865502e-01;3.4250000e+02;1.8615317e-01;3.4250000e+02;2.1347974e-01;3.4250000e+02;2.2854938e-01;3.4250000e+02;2.1615168e-01;3.4250000e+02;1.8100978e-01;3.4250000e+02;1.3253449e-01;3.4250000e+02;8.1946641e-02;3.4250000e+02;3.6174733e-02;3.4250000e+02;-7.9174191e-03;3.4250000e+02;-1.8729921e-03;3.4250000e+02;1.0087289e-02;3.4250000e+02;2.7382944e-02;3.4250000e+02;4.9723372e-02;3.4250000e+02;7.4052058e-02;3.4250000e+02;9.7259946e-02;3.4250000e+02;1.1883686e-01;3.4250000e+02;1.3779750e-01;3.4250000e+02;1.5865502e-01;3.4250000e+02;1.8615317e-01;3.4250000e+02;2.1347974e-01;3.4250000e+02;2.2854938e-01;3.4250000e+02;2.1615168e-01;3.4250000e+02;1.8100978e-01;3.4250000e+02;1.3253449e-01;3.4250000e+02;8.1946641e-02;3.4250000e+02;3.6174733e-02;3.4250000e+02;-7.9174191e-03;3.4250000e+02;-1.8729921e-03;3.4250000e+02;1.0087289e-02;3.4250000e+02;2.7382944e-02;3.4250000e+02;4.9723372e-02;3.4250000e+02;7.4052058e-02;3.4250000e+02;9.7259946e-02;3.4250000e+02;1.1883686e-01;3.4250000e+02;1.3779750e-01;3.4250000e+02;1.5865502e-01;3.4250000e+02;1.8615317e-01;3.4250000e+02;2.1347974e-01;3.4250000e+02;2.2854938e-01;3.4250000e+02;2.1615168e-01;3.4250000e+02;1.8100978e-01;3.4250000e+02;1.3253449e-01;3.4250000e+02;8.1946641e-02;3.4250000e+02;3.6174733e-02;3.4250000e+02;-7.9174191e-03;3.4250000e+02;-1.8729921e-03;3.4250000e+02;1.0087289e-02;3.4250000e+02;2.7382944e-02;3.4250000e+02;4.9723372e-02;3.4250000e+02;7.4052058e-02;3.4250000e+02;9.7259946e-02;3.4250000e+02;1.1883686e-01;3.4250000e+02;1.3779750e-01;3.4250000e+02;1.5865502e-01;3.4250000e+02;1.8615317e-01;3.4250000e+02;2.1347974e-01;3.4250000e+02;2.2854938e-01;3.4250000e+02;2.1615168e-01;3.4250000e+02;1.8100978e-01;3.4250000e+02;1.3253449e-01;3.4250000e+02;8.1946641e-02;3.4250000e+02;3.6174733e-02;3.4250000e+02;-7.9174191e-03;3.4250000e+02;-1.8729921e-03;3.4250000e+02;1.0087289e-02;3.4250000e+02;2.7382944e-02;3.4250000e+02;4.9723372e-02;3.4250000e+02;7.4052058e-02;3.4250000e+02;9.7259946e-02;3.4250000e+02;1.1883686e-01;3.4250000e+02;1.3779750e-01;3.4250000e+02;1.5865502e-01;3.4250000e+02;1.8615317e-01;3.4250000e+02;2.1347974e-01;3.4250000e+02;2.2854938e-01;3.4250000e+02;2.1615168e-01;3.4250000e+02;1.8100978e-01;3.4250000e+02;1.3253449e-01;3.4250000e+02;8.1946641e-02;3.4250000e+02;3.6174733e-02;3.4250000e+02;-7.9174191e-03;3.4250000e+02;-1.8729921e-03;3.4250000e+02;1.0087289e-02;3.4250000e+02;2.7382944e-02;3.4250000e+02;4.9723372e-02;3.4250000e+02;7.4052058e-02;3.4250000e+02;9.7259946e-02;3.4250000e+02;1.1883686e-01;3.4250000e+02;1.3779750e-01;3.4250000e+02;1.5865502e-01;3.4250000e+02;1.8615317e-01;3.4250000e+02;2.1347974e-01;3.4250000e+02;2.2854938e-01;3.4250000e+02;2.1615168e-01;3.4250000e+02;1.8100978e-01;3.4250000e+02;1.3253449e-01;3.4250000e+02;8.1946641e-02;3.4250000e+02;3.6174733e-02;3.4250000e+02;-7.9174191e-03;3.4250000e+02;-1.8729921e-03;3.4250000e+02;1.0087289e-02;3.4250000e+02;2.7382944e-02;3.4250000e+02;4.9723372e-02;3.4250000e+02;7.4052058e-02;3.4250000e+02;9.7259946e-02;3.4250000e+02;1.1883686e-01;3.4250000e+02;1.3779750e-01;3.4250000e+02;1.5865502e-01;3.4250000e+02;1.8615317e-01;3.4250000e+02;2.1347974e-01;3.4250000e+02;2.2854938e-01;3.4250000e+02;2.1615168e-01;3.4250000e+02;1.8100978e-01;3.4250000e+02;1.3253449e-01;3.4250000e+02;8.1946641e-02;3.4250000e+02;3.6174733e-02;3.4250000e+02;-7.9174191e-03;3.4250000e+02;-1.8729921e-03;3.4250000e+02;1.0087289e-02;3.4250000e+02;2.7382944e-02;3.4250000e+02;4.9723372e-02;3.4250000e+02;7.4052058e-02;3.4250000e+02;9.7259946e-02;3.4250000e+02;1.1883686e-01;3.4250000e+02;1.3779750e-01;3.4250000e+02;1.5865502e-01;3.4250000e+02;1.8615317e-01;3.4250000e+02;2.1347974e-01;3.4250000e+02;2.2854938e-01;3.4250000e+02;2.1615168e-01;3.4250000e+02;1.8100978e-01;3.4250000e+02;1.3253449e-01;3.4250000e+02;8.1946641e-02;3.4250000e+02;3.6174733e-02;3.4250000e+02;-7.9174191e-03;3.4250000e+02;-1.8729921e-03;3.4250000e+02;1.0087289e-02;3.4250000e+02;2.7382944e-02;3.4250000e+02;4.9723372e-02;3.4250000e+02;7.4052058e-02;3.4250000e+02;9.7259946e-02;3.4250000e+02;1.1883686e-01;3.4250000e+02;1.3779750e-01;3.4250000e+02;1.5865502e-01;3.4250000e+02;1.8615317e-01;3.4250000e+02;2.1347974e-01;3.4250000e+02;2.2854938e-01;3.4250000e+02;2.1615168e-01;3.4250000e+02;1.8100978e-01;3.4250000e+02;1.3253449e-01;3.4250000e+02;8.1946641e-02;3.4250000e+02;3.6174733e-02;3.4250000e+02;-7.9174191e-03;3.4250000e+02;-1.8729921e-03;3.4250000e+02;1.0087289e-02;3.4250000e+02;2.7382944e-02;3.4250000e+02;4.9723372e-02;3.4250000e+02;7.4052058e-02;3.4250000e+02;9.7259946e-02;3.4250000e+02;1.1883686e-01;3.4250000e+02;1.3779750e-01;3.4250000e+02;1.5865502e-01;3.4250000e+02;1.8615317e-01;3.4250000e+02;2.1347974e-01;3.4250000e+02;2.2854938e-01;3.4250000e+02;2.1615168e-01;3.4250000e+02;1.8100978e-01;3.4250000e+02;1.3253449e-01;3.4250000e+02;8.1946641e-02;3.4250000e+02;3.6174733e-02;3.4250000e+02;-7.9174191e-03;3.4250000e+02;-1.8729921e-03;3.4250000e+02;1.0087289e-02;3.4250000e+02;2.7382944e-02;3.4250000e+02;4.9723372e-02;3.4250000e+02;7.4052058e-02;3.4250000e+02;9.7259946e-02;3.4250000e+02;1.1883686e-01;3.4250000e+02;1.3779750e-01;3.4250000e+02;1.5865502e-01;3.4250000e+02;1.8615317e-01;3.4250000e+02;2.1347974e-01;3.4250000e+02;2.2854938e-01;3.4250000e+02;2.1615168e-01;3.4250000e+02;1.8100978e-01;3.4250000e+02;1.3253449e-01;3.4250000e+02;8.1946641e-02;3.4250000e+02;3.6174733e-02;3.4250000e+02;-7.9174191e-03;3.4250000e+02;-1.8729921e-03;3.4250000e+02;1.0087289e-02;3.4250000e+02;2.7382944e-02;3.4250000e+02;4.9723372e-02;3.4250000e+02;7.4052058e-02;3.4250000e+02;9.7259946e-02;3.4250000e+02;1.1883686e-01;3.4250000e+02;1.3779750e-01;3.4250000e+02;1.5865502e-01;3.4250000e+02;1.8615317e-01;3.4250000e+02;2.1347974e-01;3.4250000e+02;2.2854938e-01;3.4250000e+02;2.1615168e-01;3.4250000e+02;1.8100978e-01;3.4250000e+02;1.3253449e-01;3.4250000e+02;8.1946641e-02;3.4250000e+02;3.6174733e-02;3.4250000e+02;-7.9174191e-03;3.4250000e+02;-1.8729921e-03;3.4250000e+02;1.0087289e-02;3.4250000e+02;2.7382944e-02;3.4250000e+02;4.9723372e-02;3.4250000e+02;7.4052058e-02;3.4250000e+02;9.7259946e-02;3.4250000e+02;1.1883686e-01;3.4250000e+02;1.3779750e-01;3.4250000e+02;1.5865502e-01;3.4250000e+02;1.8615317e-01;3.4250000e+02;2.1347974e-01;3.4250000e+02;2.2854938e-01;3.4250000e+02;2.1615168e-01;3.4250000e+02;1.8100978e-01;3.4250000e+02;1.3253449e-01;3.4250000e+02;8.1946641e-02;3.4250000e+02;3.6174733e-02;3.4250000e+02;-7.9174191e-03;3.4250000e+02;-1.8729921e-03;3.4250000e+02;1.0087289e-02;3.4250000e+02;2.7382944e-02;3.4250000e+02;4.9723372e-02;3.4250000e+02;7.4052058e-02;3.4250000e+02;9.7259946e-02;3.4250000e+02;1.1883686e-01;3.4250000e+02;1.3779750e-01;3.4250000e+02;1.5865502e-01;3.4250000e+02;1.8615317e-01;3.4250000e+02;2.1347974e-01;3.4250000e+02;2.2854938e-01;3.4250000e+02;2.1615168e-01;3.4250000e+02;1.8100978e-01;3.4250000e+02;1.3253449e-01;3.4250000e+02;8.1946641e-02;3.4250000e+02;3.6174733e-02;3.4250000e+02;-7.9174191e-03;3.4250000e+02;-1.8729921e-03;3.4250000e+02;1.0087289e-02;3.4250000e+02;2.7382944e-02;3.4250000e+02;4.9723372e-02;3.4250000e+02;7.4052058e-02;3.4250000e+02;9.7259946e-02;3.4250000e+02;1.1883686e-01;3.4250000e+02;1.3779750e-01;3.4250000e+02;1.5865502e-01;3.4250000e+02;1.8615317e-01;3.4250000e+02;2.1347974e-01;3.4250000e+02;2.2854938e-01;3.4250000e+02;2.1615168e-01;3.4250000e+02;1.8100978e-01;3.4250000e+02;1.3253449e-01;3.4250000e+02;8.1946641e-02;3.4250000e+02;3.6174733e-02;3.4250000e+02;-7.9174191e-03;3.4250000e+02;-1.8729921e-03;3.4250000e+02;1.0087289e-02;3.4250000e+02;2.7382944e-02;3.4250000e+02;4.9723372e-02;3.4250000e+02;7.4052058e-02;3.4250000e+02;9.7259946e-02;3.4250000e+02;1.1883686e-01;3.4250000e+02;1.3779750e-01;3.4250000e+02;1.5865502e-01;3.4250000e+02;1.8615317e-01;3.4250000e+02;2.1347974e-01;3.4250000e+02;2.2854938e-01;3.4250000e+02;2.1615168e-01;3.4250000e+02;1.8100978e-01;3.4250000e+02;1.3253449e-01;3.4250000e+02;8.1946641e-02;3.4250000e+02;3.6174733e-02;3.4250000e+02;-7.9174191e-03;3.4250000e+02;-1.8729921e-03;3.4250000e+02;1.0087289e-02;3.4250000e+02;2.7382944e-02;3.4250000e+02;4.9723372e-02;3.4250000e+02;7.4052058e-02;3.4250000e+02;9.7259946e-02;3.4250000e+02;1.1883686e-01;3.4250000e+02;1.3779750e-01;3.4250000e+02;1.5865502e-01;3.4250000e+02;1.8615317e-01;3.4250000e+02;2.1347974e-01;3.4250000e+02;2.2854938e-01;3.4250000e+02;2.1615168e-01;3.4250000e+02;1.8100978e-01;3.4250000e+02;1.3253449e-01;3.4250000e+02;8.1946641e-02;3.4250000e+02;3.6174733e-02;3.4250000e+02;-7.9174191e-03;3.4250000e+02;-1.8729921e-03;3.4250000e+02;1.0087289e-02;3.4250000e+02;2.7382944e-02;3.4250000e+02;4.9723372e-02;3.4250000e+02;7.4052058e-02;3.4250000e+02;9.7259946e-02;3.4250000e+02;1.1883686e-01;3.4250000e+02;1.3779750e-01;3.4250000e+02;1.5865502e-01;3.4250000e+02;1.8615317e-01;3.4250000e+02;2.1347974e-01;3.4250000e+02;2.2854938e-01;3.4250000e+02;2.1615168e-01;3.4250000e+02;1.8100978e-01;3.4250000e+02;1.3253449e-01;3.4250000e+02;8.1946641e-02;3.4250000e+02;3.6174733e-02;3.4250000e+02;-7.9174191e-03;3.4250000e+02;-1.8729921e-03;3.4250000e+02;1.0087289e-02;3.4250000e+02;2.7382944e-02;3.4250000e+02;4.9723372e-02;3.4250000e+02;7.4052058e-02;3.4250000e+02;9.7259946e-02;3.4250000e+02;1.1883686e-01;3.4250000e+02;1.3779750e-01;3.4250000e+02;1.5865502e-01;3.4250000e+02;1.8615317e-01;3.4250000e+02;2.1347974e-01;3.4250000e+02;2.2854938e-01;3.4250000e+02;2.1615168e-01;3.4250000e+02;1.8100978e-01;3.4250000e+02;1.3253449e-01;3.4250000e+02;8.1946641e-02;3.4250000e+02;3.6174733e-02;3.4250000e+02;-7.9174191e-03;3.4250000e+02;-1.8729921e-03;3.4250000e+02;1.0087289e-02;3.4250000e+02;2.7382944e-02;3.4250000e+02;4.9723372e-02;3.4250000e+02;7.4052058e-02;3.4250000e+02;9.7259946e-02;3.4250000e+02;1.1883686e-01;3.4250000e+02;1.3779750e-01;3.4250000e+02;1.5865502e-01;3.4250000e+02;1.8615317e-01;3.4250000e+02;2.1347974e-01;3.4250000e+02;2.2854938e-01;3.4250000e+02;2.1615168e-01;3.4250000e+02;1.8100978e-01;3.4250000e+02;1.3253449e-01;3.4250000e+02;8.1946641e-02;3.4250000e+02;3.6174733e-02;3.4250000e+02;-7.9174191e-03;3.4250000e+02;-1.8729921e-03;3.4250000e+02;1.0087289e-02;3.4250000e+02;2.7382944e-02;3.4250000e+02;4.9723372e-02;3.4250000e+02;7.4052058e-02;3.4250000e+02;9.7259946e-02;3.4250000e+02;1.1883686e-01;3.4250000e+02;1.3779750e-01;3.4250000e+02;1.5865502e-01;3.4250000e+02;1.8615317e-01;3.4250000e+02;2.1347974e-01;3.4250000e+02;2.2854938e-01;3.4250000e+02;2.1615168e-01;3.4250000e+02;1.8100978e-01;3.4250000e+02;1.3253449e-01;3.4250000e+02;8.1946641e-02;3.4250000e+02;3.6174733e-02;3.4250000e+02;-7.9174191e-03;3.4250000e+02;-1.8729921e-03;3.4250000e+02;1.0087289e-02;3.4250000e+02;2.7382944e-02;3.4250000e+02;4.9723372e-02;3.4250000e+02;7.4052058e-02;3.4250000e+02;9.7259946e-02;3.4250000e+02;1.1883686e-01;3.4250000e+02;1.3779750e-01;3.4250000e+02;1.5865502e-01;3.4250000e+02;1.8615317e-01;3.4250000e+02;2.1347974e-01;3.4250000e+02;2.2854938e-01;3.4250000e+02;2.1615168e-01;3.4250000e+02;1.8100978e-01;3.4250000e+02;1.3253449e-01;3.4250000e+02;8.1946641e-02;3.4250000e+02;3.6174733e-02;3.4250000e+02;-7.9174191e-03;3.4250000e+02;-1.8729921e-03;3.4250000e+02;1.0087289e-02;3.4250000e+02;2.7382944e-02;3.4250000e+02;4.9723372e-02;3.4250000e+02;7.4052058e-02;3.4250000e+02;9.7259946e-02;3.4250000e+02;1.1883686e-01;3.4250000e+02;1.3779750e-01;3.4250000e+02;1.5865502e-01;3.4250000e+02;1.8615317e-01;3.4250000e+02;2.1347974e-01;3.4250000e+02;2.2854938e-01;3.4250000e+02;2.1615168e-01;3.4250000e+02;1.8100978e-01;3.4250000e+02;1.3253449e-01;3.4250000e+02;8.1946641e-02;3.4250000e+02;3.6174733e-02;3.4250000e+02;-7.9174191e-03;3.4250000e+02;-1.8729921e-03;3.4250000e+02;1.0087289e-02;3.4250000e+02;2.7382944e-02;3.4250000e+02;4.9723372e-02;3.4250000e+02;7.4052058e-02;3.4250000e+02;9.7259946e-02;3.4250000e+02;1.1883686e-01;3.4250000e+02;1.3779750e-01;3.4250000e+02;1.5865502e-01;3.4250000e+02;1.8615317e-01;3.4250000e+02;2.1347974e-01;3.4250000e+02;2.2854938e-01;3.4250000e+02;2.1615168e-01;3.4250000e+02;1.8100978e-01;3.4250000e+02;1.3253449e-01;3.4250000e+02;8.1946641e-02;3.4250000e+02;3.6174733e-02;3.4250000e+02;-7.9174191e-03;3.4250000e+02;-1.8729921e-03;3.4250000e+02;1.0087289e-02;3.4250000e+02;2.7382944e-02;3.4250000e+02;4.9723372e-02;3.4250000e+02;7.4052058e-02;3.4250000e+02;9.7259946e-02;3.4250000e+02;1.1883686e-01;3.4250000e+02;1.3779750e-01;3.4250000e+02;1.5865502e-01;3.4250000e+02;1.8615317e-01;3.4250000e+02;2.1347974e-01;3.4250000e+02;2.2854938e-01;3.4250000e+02;2.1615168e-01;3.4250000e+02;1.8100978e-01;3.4250000e+02;1.3253449e-01;3.4250000e+02;8.1946641e-02;3.4250000e+02;3.6174733e-02;3.4250000e+02;-7.9174191e-03;3.4250000e+02;-1.8729921e-03;3.4250000e+02;1.0087289e-02;3.4250000e+02;2.7382944e-02;3.4250000e+02;4.9723372e-02;3.4250000e+02;7.4052058e-02;3.4250000e+02;9.7259946e-02;3.4250000e+02;1.1883686e-01;3.4250000e+02;1.3779750e-01;3.4250000e+02;1.5865502e-01;3.4250000e+02;1.8615317e-01;3.4250000e+02;2.1347974e-01;3.4250000e+02;2.2854938e-01;3.4250000e+02;2.1615168e-01;3.4250000e+02;1.8100978e-01;3.4250000e+02;1.3253449e-01;3.4250000e+02;8.1946641e-02;3.4250000e+02;3.6174733e-02;3.4250000e+02;-7.9174191e-03;3.4250000e+02;-1.8729921e-03;3.4250000e+02;1.0087289e-02;3.4250000e+02;2.7382944e-02;3.4250000e+02;4.9723372e-02;3.4250000e+02;7.4052058e-02;3.4250000e+02;9.7259946e-02;3.4250000e+02;1.1883686e-01;3.4250000e+02;1.3779750e-01;3.4250000e+02;1.5865502e-01;3.4250000e+02;1.8615317e-01;3.4250000e+02;2.1347974e-01;3.4250000e+02;2.2854938e-01;3.4250000e+02;2.1615168e-01;3.4250000e+02;1.8100978e-01;3.4250000e+02;1.3253449e-01;3.4250000e+02;8.1946641e-02;3.4250000e+02;3.6174733e-02;3.4250000e+02;-7.9174191e-03;3.4250000e+02;-1.8729921e-03;3.4250000e+02;1.0087289e-02;3.4250000e+02;2.7382944e-02;3.4250000e+02;4.9723372e-02;3.4250000e+02;7.4052058e-02;3.4250000e+02;9.7259946e-02;3.4250000e+02;1.1883686e-01;3.4250000e+02;1.3779750e-01;3.4250000e+02;1.5865502e-01;3.4250000e+02;1.8615317e-01;3.4250000e+02;2.1347974e-01;3.4250000e+02;2.2854938e-01;3.4250000e+02;2.1615168e-01;3.4250000e+02;1.8100978e-01;3.4250000e+02;1.3253449e-01;3.4250000e+02;8.1946641e-02;3.4250000e+02;3.6174733e-02;3.4250000e+02;-7.9174191e-03;3.4250000e+02;-1.8729921e-03;3.4250000e+02;1.0087289e-02;3.4250000e+02;2.7382944e-02;3.4250000e+02;4.9723372e-02;3.4250000e+02;7.4052058e-02;3.4250000e+02;9.7259946e-02;3.4250000e+02;1.1883686e-01;3.4250000e+02;1.3779750e-01;3.4250000e+02;1.5865502e-01;3.4250000e+02;1.8615317e-01;3.4250000e+02;2.1347974e-01;3.4250000e+02;2.2854938e-01;3.4250000e+02;2.1615168e-01;3.4250000e+02;1.8100978e-01;3.4250000e+02;1.3253449e-01;3.4250000e+02;8.1946641e-02;3.4250000e+02;3.6174733e-02;3.4250000e+02;-7.9174191e-03;3.4250000e+02;-1.8729921e-03;3.4250000e+02;1.0087289e-02;3.4250000e+02;2.7382944e-02;3.4250000e+02;4.9723372e-02;3.4250000e+02;7.4052058e-02;3.4250000e+02;9.7259946e-02;3.4250000e+02;1.1883686e-01;3.4250000e+02;1.3779750e-01;3.4250000e+02;1.5865502e-01;3.4250000e+02;1.8615317e-01;3.4250000e+02;2.1347974e-01;3.4250000e+02;2.2854938e-01;3.4250000e+02;2.1615168e-01;3.4250000e+02;1.8100978e-01;3.4250000e+02;1.3253449e-01;3.4250000e+02;8.1946641e-02;3.4250000e+02;3.6174733e-02;3.4250000e+02;-7.9174191e-03;3.4250000e+02;-1.8729921e-03;3.4250000e+02;1.0087289e-02;3.4250000e+02;2.7382944e-02;3.4250000e+02;4.9723372e-02;3.4250000e+02;7.4052058e-02;3.4250000e+02;9.7259946e-02;3.4250000e+02;1.1883686e-01;3.4250000e+02;1.3779750e-01;3.4250000e+02;1.5865502e-01;3.4250000e+02;1.8615317e-01;3.4250000e+02;2.1347974e-01;3.4250000e+02;2.2854938e-01;3.4250000e+02;2.1615168e-01;3.4250000e+02;1.8100978e-01;3.4250000e+02;1.3253449e-01;3.4250000e+02;8.1946641e-02;3.4250000e+02;3.6174733e-02;3.4250000e+02;-7.9174191e-03;3.4250000e+02;-1.8729921e-03;3.4250000e+02;1.0087289e-02;3.4250000e+02;2.7382944e-02;3.4250000e+02;4.9723372e-02;3.4250000e+02;7.4052058e-02;3.4250000e+02;9.7259946e-02;3.4250000e+02;1.1883686e-01;3.4250000e+02;1.3779750e-01;3.4250000e+02;1.5865502e-01;3.4250000e+02;1.8615317e-01;3.4250000e+02;2.1347974e-01;3.4250000e+02;2.2854938e-01;3.4250000e+02;2.1615168e-01;3.4250000e+02;1.8100978e-01;3.4250000e+02;1.3253449e-01;3.4250000e+02;8.1946641e-02;3.4250000e+02;3.6174733e-02;3.4250000e+02;-7.9174191e-03;3.4250000e+02;-1.8729921e-03;3.4250000e+02;1.0087289e-02;3.4250000e+02;2.7382944e-02;3.4250000e+02;4.9723372e-02;3.4250000e+02;7.4052058e-02;3.4250000e+02;9.7259946e-02;3.4250000e+02;1.1883686e-01;3.4250000e+02;1.3779750e-01;3.4250000e+02;1.5865502e-01;3.4250000e+02;1.8615317e-01;3.4250000e+02;2.1347974e-01;3.4250000e+02;2.2854938e-01;3.4250000e+02;2.1615168e-01;3.4250000e+02;1.8100978e-01;3.4250000e+02;1.3253449e-01;3.4250000e+02;8.1946641e-02;3.4250000e+02;3.6174733e-02;3.4250000e+02;-7.9174191e-03;3.4250000e+02;-1.8729921e-03;3.4250000e+02;1.0087289e-02;3.4250000e+02;2.7382944e-02;3.4250000e+02;4.9723372e-02;3.4250000e+02;7.4052058e-02;3.4250000e+02;9.7259946e-02;3.4250000e+02;1.1883686e-01;3.4250000e+02;1.3779750e-01;3.4250000e+02;1.5865502e-01;3.4250000e+02;1.8615317e-01;3.4250000e+02;2.1347974e-01;3.4250000e+02;2.2854938e-01;3.4250000e+02;2.1615168e-01;3.4250000e+02;1.8100978e-01;3.4250000e+02;1.3253449e-01;3.4250000e+02;8.1946641e-02;3.4250000e+02;3.6174733e-02;3.4250000e+02;-7.9174191e-03;3.4250000e+02;-1.8729921e-03;3.4250000e+02;1.0087289e-02;3.4250000e+02;2.7382944e-02;3.4250000e+02;4.9723372e-02;3.4250000e+02;7.4052058e-02;3.4250000e+02;9.7259946e-02;3.4250000e+02;1.1883686e-01;3.4250000e+02;1.3779750e-01;3.4250000e+02;1.5865502e-01;3.4250000e+02;1.8615317e-01;3.4250000e+02;2.1347974e-01;3.4250000e+02;2.2854938e-01;3.4250000e+02;2.1615168e-01;3.4250000e+02;1.8100978e-01;3.4250000e+02;1.3253449e-01;3.4250000e+02;8.1946641e-02;3.4250000e+02;3.6174733e-02;3.4250000e+02;-7.9174191e-03;3.4250000e+02;-1.8729921e-03;3.4250000e+02;1.0087289e-02;3.4250000e+02;2.7382944e-02;3.4250000e+02;4.9723372e-02;3.4250000e+02;7.4052058e-02;3.4250000e+02;9.7259946e-02;3.4250000e+02;1.1883686e-01;3.4250000e+02;1.3779750e-01;3.4250000e+02;1.5865502e-01;3.4250000e+02;1.8615317e-01;3.4250000e+02;2.1347974e-01;3.4250000e+02;2.2854938e-01;3.4250000e+02;2.1615168e-01;3.4250000e+02;1.8100978e-01;3.4250000e+02;1.3253449e-01;3.4250000e+02;8.1946641e-02;3.4250000e+02;3.6174733e-02;3.4250000e+02;-7.9174191e-03;3.4250000e+02;-1.8729921e-03;3.4250000e+02;1.0087289e-02;3.4250000e+02;2.7382944e-02;3.4250000e+02;4.9723372e-02;3.4250000e+02;7.4052058e-02;3.4250000e+02;9.7259946e-02;3.4250000e+02;1.1883686e-01;3.4250000e+02;1.3779750e-01;3.4250000e+02;1.5865502e-01;3.4250000e+02;1.8615317e-01;3.4250000e+02;2.1347974e-01;3.4250000e+02;2.2854938e-01;3.4250000e+02;2.1615168e-01;3.4250000e+02;1.8100978e-01;3.4250000e+02;1.3253449e-01;3.4250000e+02;8.1946641e-02;3.4250000e+02;3.6174733e-02;3.4250000e+02;-7.9174191e-03;3.4250000e+02;-1.8729921e-03;3.4250000e+02;1.0087289e-02;3.4250000e+02;2.7382944e-02;3.4250000e+02;4.9723372e-02;3.4250000e+02;7.4052058e-02;3.4250000e+02;9.7259946e-02;3.4250000e+02;1.1883686e-01;3.4250000e+02;1.3779750e-01;3.4250000e+02;1.5865502e-01;3.4250000e+02;1.8615317e-01;3.4250000e+02;2.1347974e-01;3.4250000e+02;2.2854938e-01;3.4250000e+02;2.1615168e-01;3.4250000e+02;1.8100978e-01;3.4250000e+02;1.3253449e-01;3.4250000e+02;8.1946641e-02;3.4250000e+02;3.6174733e-02;3.4250000e+02;-7.9174191e-03;3.4250000e+02;-1.8729921e-03;3.4250000e+02;1.0087289e-02;3.4250000e+02;2.7382944e-02;3.4250000e+02;4.9723372e-02;3.4250000e+02;7.4052058e-02;3.4250000e+02;9.7259946e-02;3.4250000e+02;1.1883686e-01;3.4250000e+02;1.3779750e-01;3.4250000e+02;1.5865502e-01;3.4250000e+02;1.8615317e-01;3.4250000e+02;2.1347974e-01;3.4250000e+02;2.2854938e-01;3.4250000e+02;2.1615168e-01;3.4250000e+02;1.8100978e-01;3.4250000e+02;1.3253449e-01;3.4250000e+02;8.1946641e-02;3.4250000e+02;3.6174733e-02;3.4250000e+02;-7.9174191e-03;3.4250000e+02;-1.8729921e-03;3.4250000e+02;1.0087289e-02;3.4250000e+02;2.7382944e-02;3.4250000e+02;4.9723372e-02;3.4250000e+02;7.4052058e-02;3.4250000e+02;9.7259946e-02;3.4250000e+02;1.1883686e-01;3.4250000e+02;1.3779750e-01;3.4250000e+02;1.5865502e-01;3.4250000e+02;1.8615317e-01;3.4250000e+02;2.1347974e-01;3.4250000e+02;2.2854938e-01;3.4250000e+02;2.1615168e-01;3.4250000e+02;1.8100978e-01;3.4250000e+02;1.3253449e-01;3.4250000e+02;8.1946641e-02;3.4250000e+02;3.6174733e-02;3.4250000e+02;-7.9174191e-03;3.4250000e+02;-1.8729921e-03;3.4250000e+02;1.0087289e-02;3.4250000e+02;2.7382944e-02;3.4250000e+02;4.9723372e-02;3.4250000e+02;7.4052058e-02;3.4250000e+02;9.7259946e-02;3.4250000e+02;1.1883686e-01;3.4250000e+02;1.3779750e-01;3.4250000e+02;1.5865502e-01;3.4250000e+02;1.8615317e-01;3.4250000e+02;2.1347974e-01;3.4250000e+02;2.2854938e-01;3.4250000e+02;2.1615168e-01;3.4250000e+02;1.8100978e-01;3.4250000e+02;1.3253449e-01;3.4250000e+02;8.1946641e-02;3.4250000e+02;3.6174733e-02;3.4250000e+02;-7.9174191e-03;3.4250000e+02;-1.8729921e-03;3.4250000e+02;1.0087289e-02;3.4250000e+02;2.7382944e-02;3.4250000e+02;4.9723372e-02;3.4250000e+02;7.4052058e-02;3.4250000e+02;9.7259946e-02;3.4250000e+02;1.1883686e-01;3.4250000e+02;1.3779750e-01;3.4250000e+02;1.5865502e-01;3.4250000e+02;1.8615317e-01;3.4250000e+02;2.1347974e-01;3.4250000e+02;2.2854938e-01;3.4250000e+02;2.1615168e-01;3.4250000e+02;1.8100978e-01;3.4250000e+02;1.3253449e-01;3.4250000e+02;8.1946641e-02;3.4250000e+02;3.6174733e-02;3.4250000e+02;-7.9174191e-03;3.4250000e+02;-1.8729921e-03;3.4250000e+02;1.0087289e-02;3.4250000e+02;2.7382944e-02;3.4250000e+02;4.9723372e-02;3.4250000e+02;7.4052058e-02;3.4250000e+02;9.7259946e-02;3.4250000e+02;1.1883686e-01;3.4250000e+02;1.3779750e-01;3.4250000e+02;1.5865502e-01;3.4250000e+02;1.8615317e-01;3.4250000e+02;2.1347974e-01;3.4250000e+02;2.2854938e-01;3.4250000e+02;2.1615168e-01;3.4250000e+02;1.8100978e-01;3.4250000e+02;1.3253449e-01;3.4250000e+02;8.1946641e-02;3.4250000e+02;3.6174733e-02;3.4250000e+02;-7.9174191e-03;3.4250000e+02;-1.8729921e-03;3.4250000e+02;1.0087289e-02;3.4250000e+02;2.7382944e-02;3.4250000e+02;4.9723372e-02;3.4250000e+02;7.4052058e-02;3.4250000e+02;9.7259946e-02;3.4250000e+02;1.1883686e-01;3.4250000e+02;1.3779750e-01;3.4250000e+02;1.5865502e-01;3.4250000e+02;1.8615317e-01;3.4250000e+02;2.1347974e-01;3.4250000e+02;2.2854938e-01;3.4250000e+02;2.1615168e-01;3.4250000e+02;1.8100978e-01;3.4250000e+02;1.3253449e-01;3.4250000e+02;8.1946641e-02;3.4250000e+02;3.6174733e-02;3.4250000e+02;-7.9174191e-03;3.4250000e+02;-1.8729921e-03;3.4250000e+02;1.0087289e-02;3.4250000e+02;2.7382944e-02;3.4250000e+02;4.9723372e-02;3.4250000e+02;7.4052058e-02;3.4250000e+02;9.7259946e-02;3.4250000e+02;1.1883686e-01;3.4250000e+02;1.3779750e-01;3.4250000e+02;1.5865502e-01;3.4250000e+02;1.8615317e-01;3.4250000e+02;2.1347974e-01;3.4250000e+02;2.2854938e-01;3.4250000e+02;2.1615168e-01;3.4250000e+02;1.8100978e-01;3.4250000e+02;1.3253449e-01;3.4250000e+02;8.1946641e-02;3.4250000e+02;3.6174733e-02;3.4250000e+02;-7.9174191e-03;3.4250000e+02;-1.8729921e-03;3.4250000e+02;1.0087289e-02;3.4250000e+02;2.7382944e-02;3.4250000e+02;4.9723372e-02;3.4250000e+02;7.4052058e-02;3.4250000e+02;9.7259946e-02;3.4250000e+02;1.1883686e-01;3.4250000e+02;1.3779750e-01;3.4250000e+02;1.5865502e-01;3.4250000e+02;1.8615317e-01;3.4250000e+02;2.1347974e-01;3.4250000e+02;2.2854938e-01;3.4250000e+02;2.1615168e-01;3.4250000e+02;1.8100978e-01;3.4250000e+02;1.3253449e-01;3.4250000e+02;8.1946641e-02;3.4250000e+02;3.6174733e-02;3.4250000e+02;-7.9174191e-03;3.4250000e+02;-1.8729921e-03;3.4250000e+02;1.0087289e-02;3.4250000e+02;2.7382944e-02;3.4250000e+02;4.9723372e-02;3.4250000e+02;7.4052058e-02;3.4250000e+02;9.7259946e-02;3.4250000e+02;1.1883686e-01;3.4250000e+02;1.3779750e-01;3.4250000e+02;1.5865502e-01;3.4250000e+02;1.8615317e-01;3.4250000e+02;2.1347974e-01;3.4250000e+02;2.2854938e-01;3.4250000e+02;2.1615168e-01;3.4250000e+02;1.8100978e-01;3.4250000e+02;1.3253449e-01;3.4250000e+02;8.1946641e-02;3.4250000e+02;3.6174733e-02;3.4250000e+02;-7.9174191e-03;3.4250000e+02;-1.8729921e-03;3.4250000e+02;1.0087289e-02;3.4250000e+02;2.7382944e-02;3.4250000e+02;4.9723372e-02;3.4250000e+02;7.4052058e-02;3.4250000e+02;9.7259946e-02;3.4250000e+02;1.1883686e-01;3.4250000e+02;1.3779750e-01;3.4250000e+02;1.5865502e-01;3.4250000e+02;1.8615317e-01;3.4250000e+02;2.1347974e-01;3.4250000e+02;2.2854938e-01;3.4250000e+02;2.1615168e-01;3.4250000e+02;1.8100978e-01;3.4250000e+02;1.3253449e-01;3.4250000e+02;8.1946641e-02;3.4250000e+02;3.6174733e-02;3.4250000e+02;-7.9174191e-03;3.4250000e+02;-1.8729921e-03;3.4250000e+02;1.0087289e-02;3.4250000e+02;2.7382944e-02;3.4250000e+02;4.9723372e-02;3.4250000e+02;7.4052058e-02;3.4250000e+02;9.7259946e-02;3.4250000e+02;1.1883686e-01;3.4250000e+02;1.3779750e-01;3.4250000e+02;1.5865502e-01;3.4250000e+02;1.8615317e-01;3.4250000e+02;2.1347974e-01;3.4250000e+02;2.2854938e-01;3.4250000e+02;2.1615168e-01;3.4250000e+02;1.8100978e-01;3.4250000e+02;1.3253449e-01;3.4250000e+02;8.1946641e-02;3.4250000e+02;3.6174733e-02;3.4250000e+02;-7.9174191e-03;3.4250000e+02;-1.8729921e-03;3.4250000e+02;1.0087289e-02;3.4250000e+02;2.7382944e-02;3.4250000e+02;4.9723372e-02;3.4250000e+02;7.4052058e-02;3.4250000e+02;9.7259946e-02;3.4250000e+02;1.1883686e-01;3.4250000e+02;1.3779750e-01;3.4250000e+02;1.5865502e-01;3.4250000e+02;1.8615317e-01;3.4250000e+02;2.1347974e-01;3.4250000e+02;2.2854938e-01;3.4250000e+02;2.1615168e-01;3.4250000e+02;1.8100978e-01;3.4250000e+02;1.3253449e-01;3.4250000e+02;8.1946641e-02;3.4250000e+02;3.6174733e-02;3.4250000e+02;-7.9174191e-03;3.4250000e+02;-1.8729921e-03;3.4250000e+02;1.0087289e-02;3.4250000e+02;2.7382944e-02;3.4250000e+02;4.9723372e-02;3.4250000e+02;7.4052058e-02;3.4250000e+02;9.7259946e-02;3.4250000e+02;1.1883686e-01;3.4250000e+02;1.3779750e-01;3.4250000e+02;1.5865502e-01;3.4250000e+02;1.8615317e-01;3.4250000e+02;2.1347974e-01;3.4250000e+02;2.2854938e-01;3.4250000e+02;2.1615168e-01;3.4250000e+02;1.8100978e-01;3.4250000e+02;1.3253449e-01;3.4250000e+02;8.1946641e-02;3.4250000e+02;3.6174733e-02;3.4250000e+02;-7.9174191e-03;3.4250000e+02;-1.8729921e-03;3.4250000e+02;1.0087289e-02;3.4250000e+02;2.7382944e-02;3.4250000e+02;4.9723372e-02;3.4250000e+02;7.4052058e-02;3.4250000e+02;9.7259946e-02;3.4250000e+02;1.1883686e-01;3.4250000e+02;1.3779750e-01;3.4250000e+02;1.5865502e-01;3.4250000e+02;1.8615317e-01;3.4250000e+02;2.1347974e-01;3.4250000e+02;2.2854938e-01;3.4250000e+02;2.1615168e-01;3.4250000e+02;1.8100978e-01;3.4250000e+02;1.3253449e-01;3.4250000e+02;8.1946641e-02;3.4250000e+02;3.6174733e-02;3.4250000e+02;-7.9174191e-03;3.4250000e+02;-1.8729921e-03;3.4250000e+02;1.0087289e-02;3.4250000e+02;2.7382944e-02;3.4250000e+02;4.9723372e-02;3.4250000e+02;7.4052058e-02;3.4250000e+02;9.7259946e-02;3.4250000e+02;1.1883686e-01;3.4250000e+02;1.3779750e-01;3.4250000e+02;1.5865502e-01;3.4250000e+02;1.8615317e-01;3.4250000e+02;2.1347974e-01;3.4250000e+02;2.2854938e-01;3.4250000e+02;2.1615168e-01;3.4250000e+02;1.8100978e-01;3.4250000e+02;1.3253449e-01;3.4250000e+02;8.1946641e-02;3.4250000e+02;3.6174733e-02;3.4250000e+02;-7.9174191e-03;3.4250000e+02;-1.8729921e-03;3.4250000e+02;1.0087289e-02;3.4250000e+02;2.7382944e-02;3.4250000e+02;4.9723372e-02;3.4250000e+02;7.4052058e-02;3.4250000e+02;9.7259946e-02;3.4250000e+02;1.1883686e-01;3.4250000e+02;1.3779750e-01;3.4250000e+02;1.5865502e-01;3.4250000e+02;1.8615317e-01;3.4250000e+02;2.1347974e-01;3.4250000e+02;2.2854938e-01;3.4250000e+02;2.1615168e-01;3.4250000e+02;1.8100978e-01;3.4250000e+02;1.3253449e-01;3.4250000e+02;8.1946641e-02;3.4250000e+02;3.6174733e-02;3.4250000e+02;-7.9174191e-03;3.4250000e+02;-1.8729921e-03;3.4250000e+02;1.0087289e-02;3.4250000e+02;2.7382944e-02;3.4250000e+02;4.9723372e-02;3.4250000e+02;7.4052058e-02;3.4250000e+02;9.7259946e-02;3.4250000e+02;1.1883686e-01;3.4250000e+02;1.3779750e-01;3.4250000e+02;1.5865502e-01;3.4250000e+02;1.8615317e-01;3.4250000e+02;2.1347974e-01;3.4250000e+02;2.2854938e-01;3.4250000e+02;2.1615168e-01;3.4250000e+02;1.8100978e-01;3.4250000e+02;1.3253449e-01;3.4250000e+02;8.1946641e-02;3.4250000e+02;3.6174733e-02;3.4250000e+02;-7.9174191e-03;3.4250000e+02;-1.8729921e-03;3.4250000e+02;1.0087289e-02;3.4250000e+02;2.7382944e-02;3.4250000e+02;4.9723372e-02;3.4250000e+02;7.4052058e-02;3.4250000e+02;9.7259946e-02;3.4250000e+02;1.1883686e-01;3.4250000e+02;1.3779750e-01;3.4250000e+02;1.5865502e-01;3.4250000e+02;1.8615317e-01;3.4250000e+02;2.1347974e-01;3.4250000e+02;2.2854938e-01;3.4250000e+02;2.1615168e-01;3.4250000e+02;1.8100978e-01;3.4250000e+02;1.3253449e-01;3.4250000e+02;8.1946641e-02;3.4250000e+02;3.6174733e-02;3.4250000e+02;-7.9174191e-03;3.4250000e+02;-1.8729921e-03;3.4250000e+02;1.0087289e-02;3.4250000e+02;2.7382944e-02;3.4250000e+02;4.9723372e-02;3.4250000e+02;7.4052058e-02;3.4250000e+02;9.7259946e-02;3.4250000e+02;1.1883686e-01;3.4250000e+02;1.3779750e-01;3.4250000e+02;1.5865502e-01;3.4250000e+02;1.8615317e-01;3.4250000e+02;2.1347974e-01;3.4250000e+02;2.2854938e-01;3.4250000e+02;2.1615168e-01;3.4250000e+02;1.8100978e-01;3.4250000e+02;1.3253449e-01;3.4250000e+02;8.1946641e-02;3.4250000e+02;3.6174733e-02;3.4250000e+02;-7.9174191e-03;3.4250000e+02;-1.8729921e-03;3.4250000e+02;1.0087289e-02;3.4250000e+02;2.7382944e-02;3.4250000e+02;4.9723372e-02;3.4250000e+02;7.4052058e-02;3.4250000e+02;9.7259946e-02;3.4250000e+02;1.1883686e-01;3.4250000e+02;1.3779750e-01;3.4250000e+02;1.5865502e-01;3.4250000e+02;1.8615317e-01;3.4250000e+02;2.1347974e-01;3.4250000e+02;2.2854938e-01;3.4250000e+02;2.1615168e-01;3.4250000e+02;1.8100978e-01;3.4250000e+02;1.3253449e-01;3.4250000e+02;8.1946641e-02;3.4250000e+02;3.6174733e-02;3.4250000e+02;-7.9174191e-03;3.4250000e+02;-1.8729921e-03;3.4250000e+02;1.0087289e-02;3.4250000e+02;2.7382944e-02;3.4250000e+02;4.9723372e-02;3.4250000e+02;7.4052058e-02;3.4250000e+02;9.7259946e-02;3.4250000e+02;1.1883686e-01;3.4250000e+02;1.3779750e-01;3.4250000e+02;1.5865502e-01;3.4250000e+02;1.8615317e-01;3.4250000e+02;2.1347974e-01;3.4250000e+02;2.2854938e-01;3.4250000e+02;2.1615168e-01;3.4250000e+02;1.8100978e-01;3.4250000e+02;1.3253449e-01;3.4250000e+02;8.1946641e-02;3.4250000e+02;3.6174733e-02;3.4250000e+02;-7.9174191e-03;3.4250000e+02;-1.8729921e-03;3.4250000e+02;1.0087289e-02;3.4250000e+02;2.7382944e-02;3.4250000e+02;4.9723372e-02;3.4250000e+02;7.4052058e-02;3.4250000e+02;9.7259946e-02;3.4250000e+02;1.1883686e-01;3.4250000e+02;1.3779750e-01;3.4250000e+02;1.5865502e-01;3.4250000e+02;1.8615317e-01;3.4250000e+02;2.1347974e-01;3.4250000e+02;2.2854938e-01;3.4250000e+02;2.1615168e-01;3.4250000e+02;1.8100978e-01;3.4250000e+02;1.3253449e-01;3.4250000e+02;8.1946641e-02;3.4250000e+02;3.6174733e-02;3.4250000e+02;-7.9174191e-03;3.4250000e+02;-1.8729921e-03;3.4250000e+02;1.0087289e-02;3.4250000e+02;2.7382944e-02;3.4250000e+02;4.9723372e-02;3.4250000e+02;7.4052058e-02;3.4250000e+02;9.7259946e-02;3.4250000e+02;1.1883686e-01;3.4250000e+02;1.3779750e-01;3.4250000e+02;1.5865502e-01;3.4250000e+02;1.8615317e-01;3.4250000e+02;2.1347974e-01;3.4250000e+02;2.2854938e-01;3.4250000e+02;2.1615168e-01;3.4250000e+02;1.8100978e-01;3.4250000e+02;1.3253449e-01;3.4250000e+02;8.1946641e-02;3.4250000e+02;3.6174733e-02;3.4250000e+02;-7.9174191e-03;3.4250000e+02;-1.8729921e-03;3.4250000e+02;1.0087289e-02;3.4250000e+02;2.7382944e-02;3.4250000e+02;4.9723372e-02;3.4250000e+02;7.4052058e-02;3.4250000e+02;9.7259946e-02;3.4250000e+02;1.1883686e-01;3.4250000e+02;1.3779750e-01;3.4250000e+02;1.5865502e-01;3.4250000e+02;1.8615317e-01;3.4250000e+02;2.1347974e-01;3.4250000e+02;2.2854938e-01;3.4250000e+02;2.1615168e-01;3.4250000e+02;1.8100978e-01;3.4250000e+02;1.3253449e-01;3.4250000e+02;8.1946641e-02;3.4250000e+02;3.6174733e-02;3.4250000e+02;-7.9174191e-03;3.4250000e+02;-1.8729921e-03;3.4250000e+02;1.0087289e-02;3.4250000e+02;2.7382944e-02;3.4250000e+02;4.9723372e-02;3.4250000e+02;7.4052058e-02;3.4250000e+02;9.7259946e-02;3.4250000e+02;1.1883686e-01;3.4250000e+02;1.3779750e-01;3.4250000e+02;1.5865502e-01;3.4250000e+02;1.8615317e-01;3.4250000e+02;2.1347974e-01;3.4250000e+02;2.2854938e-01;3.4250000e+02;2.1615168e-01;3.4250000e+02;1.8100978e-01;3.4250000e+02;1.3253449e-01;3.4250000e+02;8.1946641e-02;3.4250000e+02;3.6174733e-02;3.4250000e+02;-7.9174191e-03;3.4250000e+02;-1.8729921e-03;3.4250000e+02;1.0087289e-02;3.4250000e+02;2.7382944e-02;3.4250000e+02;4.9723372e-02;3.4250000e+02;7.4052058e-02;3.4250000e+02;9.7259946e-02;3.4250000e+02;1.1883686e-01;3.4250000e+02;1.3779750e-01;3.4250000e+02;1.5865502e-01;3.4250000e+02;1.8615317e-01;3.4250000e+02;2.1347974e-01;3.4250000e+02;2.2854938e-01;3.4250000e+02;2.1615168e-01;3.4250000e+02;1.8100978e-01;3.4250000e+02;1.3253449e-01;3.4250000e+02;8.1946641e-02;3.4250000e+02;3.6174733e-02;3.4250000e+02;-7.9174191e-03;3.4250000e+02;-1.8729921e-03;3.4250000e+02;1.0087289e-02;3.4250000e+02;2.7382944e-02;3.4250000e+02;4.9723372e-02;3.4250000e+02;7.4052058e-02;3.4250000e+02;9.7259946e-02;3.4250000e+02;1.1883686e-01;3.4250000e+02;1.3779750e-01;3.4250000e+02;1.5865502e-01;3.4250000e+02;1.8615317e-01;3.4250000e+02;2.1347974e-01;3.4250000e+02;2.2854938e-01;3.4250000e+02;2.1615168e-01;3.4250000e+02;1.8100978e-01;3.4250000e+02;1.3253449e-01;3.4250000e+02;8.1946641e-02;3.4250000e+02;3.6174733e-02;3.4250000e+02;-7.9174191e-03;3.4250000e+02;-1.8729921e-03;3.4250000e+02;1.0087289e-02;3.4250000e+02;2.7382944e-02;3.4250000e+02;4.9723372e-02;3.4250000e+02;7.4052058e-02;3.4250000e+02;9.7259946e-02;3.4250000e+02;1.1883686e-01;3.4250000e+02;1.3779750e-01;3.4250000e+02;1.5865502e-01;3.4250000e+02;1.8615317e-01;3.4250000e+02;2.1347974e-01;3.4250000e+02;2.2854938e-01;3.4250000e+02;2.1615168e-01;3.4250000e+02;1.8100978e-01;3.4250000e+02;1.3253449e-01;3.4250000e+02;8.1946641e-02;3.4250000e+02;3.6174733e-02;3.4250000e+02;-7.9174191e-03;3.4250000e+02;-1.8729921e-03;3.4250000e+02;1.0087289e-02;3.4250000e+02;2.7382944e-02;3.4250000e+02;4.9723372e-02;3.4250000e+02;7.4052058e-02;3.4250000e+02;9.7259946e-02;3.4250000e+02;1.1883686e-01;3.4250000e+02;1.3779750e-01;3.4250000e+02;1.5865502e-01;3.4250000e+02;1.8615317e-01;3.4250000e+02;2.1347974e-01;3.4250000e+02;2.2854938e-01;3.4250000e+02;2.1615168e-01;3.4250000e+02;1.8100978e-01;3.4250000e+02;1.3253449e-01;3.4250000e+02;8.1946641e-02;3.4250000e+02;3.6174733e-02;3.4250000e+02;-7.9174191e-03;3.4250000e+02;-1.8729921e-03;3.4250000e+02;1.0087289e-02;3.4250000e+02;2.7382944e-02;3.4250000e+02;4.9723372e-02;3.4250000e+02;7.4052058e-02;3.4250000e+02;9.7259946e-02;3.4250000e+02;1.1883686e-01;3.4250000e+02;1.3779750e-01;3.4250000e+02;1.5865502e-01;3.4250000e+02;1.8615317e-01;3.4250000e+02;2.1347974e-01;3.4250000e+02;2.2854938e-01;3.4250000e+02;2.1615168e-01;3.4250000e+02;1.8100978e-01;3.4250000e+02;1.3253449e-01;3.4250000e+02;8.1946641e-02;3.4250000e+02;3.6174733e-02;3.4250000e+02;-7.9174191e-03;3.4250000e+02;-1.8729921e-03;3.4250000e+02;1.0087289e-02;3.4250000e+02;2.7382944e-02;3.4250000e+02;4.9723372e-02;3.4250000e+02;7.4052058e-02;3.4250000e+02;9.7259946e-02;3.4250000e+02;1.1883686e-01;3.4250000e+02;1.3779750e-01;3.4250000e+02;1.5865502e-01;3.4250000e+02;1.8615317e-01;3.4250000e+02;2.1347974e-01;3.4250000e+02;2.2854938e-01;3.4250000e+02;2.1615168e-01;3.4250000e+02;1.8100978e-01;3.4250000e+02;1.3253449e-01;3.4250000e+02;8.1946641e-02;3.4250000e+02;3.6174733e-02;3.4250000e+02;-7.9174191e-03;3.4250000e+02;-1.8729921e-03;3.4250000e+02;1.0087289e-02;3.4250000e+02;2.7382944e-02;3.4250000e+02;4.9723372e-02;3.4250000e+02;7.4052058e-02;3.4250000e+02;9.7259946e-02;3.4250000e+02;1.1883686e-01;3.4250000e+02;1.3779750e-01;3.4250000e+02;1.5865502e-01;3.4250000e+02;1.8615317e-01;3.4250000e+02;2.1347974e-01;3.4250000e+02;2.2854938e-01;3.4250000e+02;2.1615168e-01;3.4250000e+02;1.8100978e-01;3.4250000e+02;1.3253449e-01;3.4250000e+02;8.1946641e-02;3.4250000e+02;3.6174733e-02;3.4250000e+02;-7.9174191e-03;3.4250000e+02;-1.8729921e-03;3.4250000e+02;1.0087289e-02;3.4250000e+02;2.7382944e-02;3.4250000e+02;4.9723372e-02;3.4250000e+02;7.4052058e-02;3.4250000e+02;9.7259946e-02;3.4250000e+02;1.1883686e-01;3.4250000e+02;1.3779750e-01;3.4250000e+02;1.5865502e-01;3.4250000e+02;1.8615317e-01;3.4250000e+02;2.1347974e-01;3.4250000e+02;2.2854938e-01;3.4250000e+02;2.1615168e-01;3.4250000e+02;1.8100978e-01;3.4250000e+02;1.3253449e-01;3.4250000e+02;8.1946641e-02;3.4250000e+02;3.6174733e-02;3.4250000e+02;-7.9174191e-03;3.4250000e+02;-1.8729921e-03;3.4250000e+02;1.0087289e-02;3.4250000e+02;2.7382944e-02;3.4250000e+02;4.9723372e-02;3.4250000e+02;7.4052058e-02;3.4250000e+02;9.7259946e-02;3.4250000e+02;1.1883686e-01;3.4250000e+02;1.3779750e-01;3.4250000e+02;1.5865502e-01;3.4250000e+02;1.8615317e-01;3.4250000e+02;2.1347974e-01;3.4250000e+02;2.2854938e-01;3.4250000e+02;2.1615168e-01;3.4250000e+02;1.8100978e-01;3.4250000e+02;1.3253449e-01;3.4250000e+02;8.1946641e-02;3.4250000e+02;3.6174733e-02;3.4250000e+02;-7.9174191e-03;3.4250000e+02;-1.8729921e-03;3.4250000e+02;1.0087289e-02;3.4250000e+02;2.7382944e-02;3.4250000e+02;4.9723372e-02;3.4250000e+02;7.4052058e-02;3.4250000e+02;9.7259946e-02;3.4250000e+02;1.1883686e-01;3.4250000e+02;1.3779750e-01;3.4250000e+02;1.5865502e-01;3.4250000e+02;1.8615317e-01;3.4250000e+02;2.1347974e-01;3.4250000e+02;2.2854938e-01;3.4250000e+02;2.1615168e-01;3.4250000e+02;1.8100978e-01;3.4250000e+02;1.3253449e-01;3.4250000e+02;8.1946641e-02;3.4250000e+02;3.6174733e-02;3.4250000e+02;-7.9174191e-03;3.4250000e+02;-1.8729921e-03;3.4250000e+02;1.0087289e-02;3.4250000e+02;2.7382944e-02;3.4250000e+02;4.9723372e-02;3.4250000e+02;7.4052058e-02;3.4250000e+02;9.7259946e-02;3.4250000e+02;1.1883686e-01;3.4250000e+02;1.3779750e-01;3.4250000e+02;1.5865502e-01;3.4250000e+02;1.8615317e-01;3.4250000e+02;2.1347974e-01;3.4250000e+02;2.2854938e-01;3.4250000e+02;2.1615168e-01;3.4250000e+02;1.8100978e-01;3.4250000e+02;1.3253449e-01;3.4250000e+02;8.1946641e-02;3.4250000e+02;3.6174733e-02;3.4250000e+02;-7.9174191e-03;3.4250000e+02;-1.8729921e-03;3.4250000e+02;1.0087289e-02;3.4250000e+02;2.7382944e-02;3.4250000e+02;4.9723372e-02;3.4250000e+02;7.4052058e-02;3.4250000e+02;9.7259946e-02;3.4250000e+02;1.1883686e-01;3.4250000e+02;1.3779750e-01;3.4250000e+02;1.5865502e-01;3.4250000e+02;1.8615317e-01;3.4250000e+02;2.1347974e-01;3.4250000e+02;2.2854938e-01;3.4250000e+02;2.1615168e-01;3.4250000e+02;1.8100978e-01;3.4250000e+02;1.3253449e-01;3.4250000e+02;8.1946641e-02;3.4250000e+02;3.6174733e-02;3.4250000e+02;-7.9174191e-03;3.4250000e+02;-1.8729921e-03;3.4250000e+02;1.0087289e-02;3.4250000e+02;2.7382944e-02;3.4250000e+02;4.9723372e-02;3.4250000e+02;7.4052058e-02;3.4250000e+02;9.7259946e-02;3.4250000e+02;1.1883686e-01;3.4250000e+02;1.3779750e-01;3.4250000e+02;1.5865502e-01;3.4250000e+02;1.8615317e-01;3.4250000e+02;2.1347974e-01;3.4250000e+02;2.2854938e-01;3.4250000e+02;2.1615168e-01;3.4250000e+02;1.8100978e-01;3.4250000e+02;1.3253449e-01;3.4250000e+02;8.1946641e-02;3.4250000e+02;3.6174733e-02;3.4250000e+02;-7.9174191e-03;3.4250000e+02;-1.8729921e-03;3.4250000e+02;1.0087289e-02;3.4250000e+02;2.7382944e-02;3.4250000e+02;4.9723372e-02;3.4250000e+02;7.4052058e-02;3.4250000e+02;9.7259946e-02;3.4250000e+02;1.1883686e-01;3.4250000e+02;1.3779750e-01;3.4250000e+02;1.5865502e-01;3.4250000e+02;1.8615317e-01;3.4250000e+02;2.1347974e-01;3.4250000e+02;2.2854938e-01;3.4250000e+02;2.1615168e-01;3.4250000e+02;1.8100978e-01;3.4250000e+02;1.3253449e-01;3.4250000e+02;8.1946641e-02;3.4250000e+02;3.6174733e-02;3.4250000e+02;-7.9174191e-03;3.4250000e+02;-1.8729921e-03;3.4250000e+02;1.0087289e-02;3.4250000e+02;2.7382944e-02;3.4250000e+02;4.9723372e-02;3.4250000e+02;7.4052058e-02;3.4250000e+02;9.7259946e-02;3.4250000e+02;1.1883686e-01;3.4250000e+02;1.3779750e-01;3.4250000e+02;1.5865502e-01;3.4250000e+02;1.8615317e-01;3.4250000e+02;2.1347974e-01;3.4250000e+02;2.2854938e-01;3.4250000e+02;2.1615168e-01;3.4250000e+02;1.8100978e-01;3.4250000e+02;1.3253449e-01;3.4250000e+02;8.1946641e-02;3.4250000e+02;3.6174733e-02;3.4250000e+02;-7.9174191e-03;3.4250000e+02;-1.8729921e-03;3.4250000e+02;1.0087289e-02;3.4250000e+02;2.7382944e-02;3.4250000e+02;4.9723372e-02;3.4250000e+02;7.4052058e-02;3.4250000e+02;9.7259946e-02;3.4250000e+02;1.1883686e-01;3.4250000e+02;1.3779750e-01;3.4250000e+02;1.5865502e-01;3.4250000e+02;1.8615317e-01;3.4250000e+02;2.1347974e-01;3.4250000e+02;2.2854938e-01;3.4250000e+02;2.1615168e-01;3.4250000e+02;1.8100978e-01;3.4250000e+02;1.3253449e-01;3.4250000e+02;8.1946641e-02;3.4250000e+02;3.6174733e-02;3.4250000e+02;-7.9174191e-03;3.4250000e+02;-1.8729921e-03;3.4250000e+02;1.0087289e-02;3.4250000e+02;2.7382944e-02;3.4250000e+02;4.9723372e-02;3.4250000e+02;7.4052058e-02;3.4250000e+02;9.7259946e-02;3.4250000e+02;1.1883686e-01;3.4250000e+02;1.3779750e-01;3.4250000e+02;1.5865502e-01;3.4250000e+02;1.8615317e-01;3.4250000e+02;2.1347974e-01;3.4250000e+02;2.2854938e-01;3.4250000e+02;2.1615168e-01;3.4250000e+02;1.8100978e-01;3.4250000e+02;1.3253449e-01;3.4250000e+02;8.1946641e-02;3.4250000e+02;3.6174733e-02;3.4250000e+02;-7.9174191e-03;3.4250000e+02;-1.8729921e-03;3.4250000e+02;1.0087289e-02;3.4250000e+02;2.7382944e-02;3.4250000e+02;4.9723372e-02;3.4250000e+02;7.4052058e-02;3.4250000e+02;9.7259946e-02;3.4250000e+02;1.1883686e-01;3.4250000e+02;1.3779750e-01;3.4250000e+02;1.5865502e-01;3.4250000e+02;1.8615317e-01;3.4250000e+02;2.1347974e-01;3.4250000e+02;2.2854938e-01;3.4250000e+02;2.1615168e-01;3.4250000e+02;1.8100978e-01;3.4250000e+02;1.3253449e-01;3.4250000e+02;8.1946641e-02;3.4250000e+02;3.6174733e-02;3.4250000e+02;-7.9174191e-03;3.4250000e+02;-1.8729921e-03;3.4250000e+02;1.0087289e-02;3.4250000e+02;2.7382944e-02;3.4250000e+02;4.9723372e-02;3.4250000e+02;7.4052058e-02;3.4250000e+02;9.7259946e-02;3.4250000e+02;1.1883686e-01;3.4250000e+02;1.3779750e-01;3.4250000e+02;1.5865502e-01;3.4250000e+02;1.8615317e-01;3.4250000e+02;2.1347974e-01;3.4250000e+02;2.2854938e-01;3.4250000e+02;2.1615168e-01;3.4250000e+02;1.8100978e-01;3.4250000e+02;1.3253449e-01;3.4250000e+02;8.1946641e-02;3.4250000e+02;3.6174733e-02;3.4250000e+02;-7.9174191e-03;3.4250000e+02;-1.8729921e-03;3.4250000e+02;1.0087289e-02;3.4250000e+02;2.7382944e-02;3.4250000e+02;4.9723372e-02;3.4250000e+02;7.4052058e-02;3.4250000e+02;9.7259946e-02;3.4250000e+02;1.1883686e-01;3.4250000e+02;1.3779750e-01;3.4250000e+02;1.5865502e-01;3.4250000e+02;1.8615317e-01;3.4250000e+02;2.1347974e-01;3.4250000e+02;2.2854938e-01;3.4250000e+02;2.1615168e-01;3.4250000e+02;1.8100978e-01;3.4250000e+02;1.3253449e-01;3.4250000e+02;8.1946641e-02;3.4250000e+02;3.6174733e-02;3.4250000e+02;-7.9174191e-03;3.4250000e+02;-1.8729921e-03;3.4250000e+02;1.0087289e-02;3.4250000e+02;2.7382944e-02;3.4250000e+02;4.9723372e-02;3.4250000e+02;7.4052058e-02;3.4250000e+02;9.7259946e-02;3.4250000e+02;1.1883686e-01;3.4250000e+02;1.3779750e-01;3.4250000e+02;1.5865502e-01;3.4250000e+02;1.8615317e-01;3.4250000e+02;2.1347974e-01;3.4250000e+02;2.2854938e-01;3.4250000e+02;2.1615168e-01;3.4250000e+02;1.8100978e-01;3.4250000e+02;1.3253449e-01;3.4250000e+02;8.1946641e-02;3.4250000e+02;3.6174733e-02;3.4250000e+02;-7.9174191e-03;3.4250000e+02;-1.8729921e-03;3.4250000e+02;1.0087289e-02;3.4250000e+02;2.7382944e-02;3.4250000e+02;4.9723372e-02;3.4250000e+02;7.4052058e-02;3.4250000e+02;9.7259946e-02;3.4250000e+02;1.1883686e-01;3.4250000e+02;1.3779750e-01;3.4250000e+02;1.5865502e-01;3.4250000e+02;1.8615317e-01;3.4250000e+02;2.1347974e-01;3.4250000e+02;2.2854938e-01;3.4250000e+02;2.1615168e-01;3.4250000e+02;1.8100978e-01;3.4250000e+02;1.3253449e-01;3.4250000e+02;8.1946641e-02;3.4250000e+02;3.6174733e-02;3.4250000e+02;-7.9174191e-03;3.4250000e+02;-1.8729921e-03;3.4250000e+02;1.0087289e-02;3.4250000e+02;2.7382944e-02;3.4250000e+02;4.9723372e-02;3.4250000e+02;7.4052058e-02;3.4250000e+02;9.7259946e-02;3.4250000e+02;1.1883686e-01;3.4250000e+02;1.3779750e-01;3.4250000e+02;1.5865502e-01;3.4250000e+02;1.8615317e-01;3.4250000e+02;2.1347974e-01;3.4250000e+02;2.2854938e-01;3.4250000e+02;2.1615168e-01;3.4250000e+02;1.8100978e-01;3.4250000e+02;1.3253449e-01;3.4250000e+02;8.1946641e-02;3.4250000e+02;3.6174733e-02;3.4250000e+02;-7.9174191e-03;3.4250000e+02;-1.8729921e-03;3.4250000e+02;1.0087289e-02;3.4250000e+02;2.7382944e-02;3.4250000e+02;4.9723372e-02;3.4250000e+02;7.4052058e-02;3.4250000e+02;9.7259946e-02;3.4250000e+02;1.1883686e-01;3.4250000e+02;1.3779750e-01;3.4250000e+02;1.5865502e-01;3.4250000e+02;1.8615317e-01;3.4250000e+02;2.1347974e-01;3.4250000e+02;2.2854938e-01;3.4250000e+02;2.1615168e-01;3.4250000e+02;1.8100978e-01;3.4250000e+02;1.3253449e-01;3.4250000e+02;8.1946641e-02;3.4250000e+02;3.6174733e-02;3.4250000e+02;-7.9174191e-03;3.4250000e+02;-1.8729921e-03;3.4250000e+02;1.0087289e-02;3.4250000e+02;2.7382944e-02;3.4250000e+02;4.9723372e-02;3.4250000e+02;7.4052058e-02;3.4250000e+02;9.7259946e-02;3.4250000e+02;1.1883686e-01;3.4250000e+02;1.3779750e-01;3.4250000e+02;1.5865502e-01;3.4250000e+02;1.8615317e-01;3.4250000e+02;2.1347974e-01;3.4250000e+02;2.2854938e-01;3.4250000e+02;2.1615168e-01;3.4250000e+02;1.8100978e-01;3.4250000e+02;1.3253449e-01;3.4250000e+02;8.1946641e-02;3.4250000e+02;3.6174733e-02;3.4250000e+02;-7.9174191e-03;3.4250000e+02;-1.8729921e-03;3.4250000e+02;1.0087289e-02;3.4250000e+02;2.7382944e-02;3.4250000e+02;4.9723372e-02;3.4250000e+02;7.4052058e-02;3.4250000e+02;9.7259946e-02;3.4250000e+02;1.1883686e-01;3.4250000e+02;1.3779750e-01;3.4250000e+02;1.5865502e-01;3.4250000e+02;1.8615317e-01;3.4250000e+02;2.1347974e-01;3.4250000e+02;2.2854938e-01;3.4250000e+02;2.1615168e-01;3.4250000e+02;1.8100978e-01;3.4250000e+02;1.3253449e-01;3.4250000e+02;8.1946641e-02;3.4250000e+02;3.6174733e-02;3.4250000e+02;-7.9174191e-03;3.4250000e+02;-1.8729921e-03;3.4250000e+02;1.0087289e-02;3.4250000e+02;2.7382944e-02;3.4250000e+02;4.9723372e-02;3.4250000e+02;7.4052058e-02;3.4250000e+02;9.7259946e-02;3.4250000e+02;1.1883686e-01;3.4250000e+02;1.3779750e-01;3.4250000e+02;1.5865502e-01;3.4250000e+02;1.8615317e-01;3.4250000e+02;2.1347974e-01;3.4250000e+02;2.2854938e-01;3.4250000e+02;2.1615168e-01;3.4250000e+02;1.8100978e-01;3.4250000e+02;1.3253449e-01;3.4250000e+02;8.1946641e-02;3.4250000e+02;3.6174733e-02;3.4250000e+02;-7.9174191e-03;3.4250000e+02;-1.8729921e-03;3.4250000e+02;1.0087289e-02;3.4250000e+02;2.7382944e-02;3.4250000e+02;4.9723372e-02;3.4250000e+02;7.4052058e-02;3.4250000e+02;9.7259946e-02;3.4250000e+02;1.1883686e-01;3.4250000e+02;1.3779750e-01;3.4250000e+02;1.5865502e-01;3.4250000e+02;1.8615317e-01;3.4250000e+02;2.1347974e-01;3.4250000e+02;2.2854938e-01;3.4250000e+02;2.1615168e-01;3.4250000e+02;1.8100978e-01;3.4250000e+02;1.3253449e-01;3.4250000e+02;8.1946641e-02;3.4250000e+02;3.6174733e-02;3.4250000e+02;-7.9174191e-03;3.4250000e+02;-1.8729921e-03;3.4250000e+02;1.0087289e-02;3.4250000e+02;2.7382944e-02;3.4250000e+02;4.9723372e-02;3.4250000e+02;7.4052058e-02;3.4250000e+02;9.7259946e-02;3.4250000e+02;1.1883686e-01;3.4250000e+02;1.3779750e-01;3.4250000e+02;1.5865502e-01;3.4250000e+02;1.8615317e-01;3.4250000e+02;2.1347974e-01;3.4250000e+02;2.2854938e-01;3.4250000e+02;2.1615168e-01;3.4250000e+02;1.8100978e-01;3.4250000e+02;1.3253449e-01;3.4250000e+02;8.1946641e-02;3.4250000e+02;3.6174733e-02;3.4250000e+02;-7.9174191e-03;3.4250000e+02;-1.8729921e-03;3.4250000e+02;1.0087289e-02;3.4250000e+02;2.7382944e-02;3.4250000e+02;4.9723372e-02;3.4250000e+02;7.4052058e-02;3.4250000e+02;9.7259946e-02;3.4250000e+02;1.1883686e-01;3.4250000e+02;1.3779750e-01;3.4250000e+02;1.5865502e-01;3.4250000e+02;1.8615317e-01;3.4250000e+02;2.1347974e-01;3.4250000e+02;2.2854938e-01;3.4250000e+02;2.1615168e-01;3.4250000e+02;1.8100978e-01;3.4250000e+02;1.3253449e-01;3.4250000e+02;8.1946641e-02;3.4250000e+02;3.6174733e-02;3.4250000e+02;-7.9174191e-03;3.4250000e+02;-1.8729921e-03;3.4250000e+02;1.0087289e-02;3.4250000e+02;2.7382944e-02;3.4250000e+02;4.9723372e-02;3.4250000e+02;7.4052058e-02;3.4250000e+02;9.7259946e-02;3.4250000e+02;1.1883686e-01;3.4250000e+02;1.3779750e-01;3.4250000e+02;1.5865502e-01;3.4250000e+02;1.8615317e-01;3.4250000e+02;2.1347974e-01;3.4250000e+02;2.2854938e-01;3.4250000e+02;2.1615168e-01;3.4250000e+02;1.8100978e-01;3.4250000e+02;1.3253449e-01;3.4250000e+02;8.1946641e-02;3.4250000e+02;3.6174733e-02;3.4250000e+02;-7.9174191e-03;3.4250000e+02;-1.8729921e-03;3.4250000e+02;1.0087289e-02;3.4250000e+02;2.7382944e-02;3.4250000e+02;4.9723372e-02;3.4250000e+02;7.4052058e-02;3.4250000e+02;9.7259946e-02;3.4250000e+02;1.1883686e-01;3.4250000e+02;1.3779750e-01;3.4250000e+02;1.5865502e-01;3.4250000e+02;1.8615317e-01;3.4250000e+02;2.1347974e-01;3.4250000e+02;2.2854938e-01;3.4250000e+02;2.1615168e-01;3.4250000e+02;1.8100978e-01;3.4250000e+02;1.3253449e-01;3.4250000e+02;8.1946641e-02;3.4250000e+02;3.6174733e-02;3.4250000e+02;-7.9174191e-03;3.4250000e+02;-1.8729921e-03;3.4250000e+02;1.0087289e-02;3.4250000e+02;2.7382944e-02;3.4250000e+02;4.9723372e-02;3.4250000e+02;7.4052058e-02;3.4250000e+02;9.7259946e-02;3.4250000e+02;1.1883686e-01;3.4250000e+02;1.3779750e-01;3.4250000e+02;1.5865502e-01;3.4250000e+02;1.8615317e-01;3.4250000e+02;2.1347974e-01;3.4250000e+02;2.2854938e-01;3.4250000e+02;2.1615168e-01;3.4250000e+02;1.8100978e-01;3.4250000e+02;1.3253449e-01;3.4250000e+02;8.1946641e-02;3.4250000e+02;3.6174733e-02;3.4250000e+02;-7.9174191e-03;3.4250000e+02;-1.8729921e-03;3.4250000e+02;1.0087289e-02;3.4250000e+02;2.7382944e-02;3.4250000e+02;4.9723372e-02;3.4250000e+02;7.4052058e-02;3.4250000e+02;9.7259946e-02;3.4250000e+02;1.1883686e-01;3.4250000e+02;1.3779750e-01;3.4250000e+02;1.5865502e-01;3.4250000e+02;1.8615317e-01;3.4250000e+02;2.1347974e-01;3.4250000e+02;2.2854938e-01;3.4250000e+02;2.1615168e-01;3.4250000e+02;1.8100978e-01;3.4250000e+02;1.3253449e-01;3.4250000e+02;8.1946641e-02;3.4250000e+02;3.6174733e-02;3.4250000e+02;-7.9174191e-03;3.4250000e+02;-1.8729921e-03;3.4250000e+02;1.0087289e-02;3.4250000e+02;2.7382944e-02;3.4250000e+02;4.9723372e-02;3.4250000e+02;7.4052058e-02;3.4250000e+02;9.7259946e-02;3.4250000e+02;1.1883686e-01;3.4250000e+02;1.3779750e-01;3.4250000e+02;1.5865502e-01;3.4250000e+02;1.8615317e-01;3.4250000e+02;2.1347974e-01;3.4250000e+02;2.2854938e-01;3.4250000e+02;2.1615168e-01;3.4250000e+02;1.8100978e-01;3.4250000e+02;1.3253449e-01;3.4250000e+02;8.1946641e-02;3.4250000e+02;3.6174733e-02;3.4250000e+02;-7.9174191e-03;3.4250000e+02;-1.8729921e-03;3.4250000e+02;1.0087289e-02;3.4250000e+02;2.7382944e-02;3.4250000e+02;4.9723372e-02;3.4250000e+02;7.4052058e-02;3.4250000e+02;9.7259946e-02;3.4250000e+02;1.1883686e-01;3.4250000e+02;1.3779750e-01;3.4250000e+02;1.5865502e-01;3.4250000e+02;1.8615317e-01;3.4250000e+02;2.1347974e-01;3.4250000e+02;2.2854938e-01;3.4250000e+02;2.1615168e-01;3.4250000e+02;1.8100978e-01;3.4250000e+02;1.3253449e-01;3.4250000e+02;8.1946641e-02;3.4250000e+02;3.6174733e-02;3.4250000e+02;-7.9174191e-03;3.4250000e+02;-1.8729921e-03;3.4250000e+02;1.0087289e-02;3.4250000e+02;2.7382944e-02;3.4250000e+02;4.9723372e-02;3.4250000e+02;7.4052058e-02;3.4250000e+02;9.7259946e-02;3.4250000e+02;1.1883686e-01;3.4250000e+02;1.3779750e-01;3.4250000e+02;1.5865502e-01;3.4250000e+02;1.8615317e-01;3.4250000e+02;2.1347974e-01;3.4250000e+02;2.2854938e-01;3.4250000e+02;2.1615168e-01;3.4250000e+02;1.8100978e-01;3.4250000e+02;1.3253449e-01;3.4250000e+02;8.1946641e-02;3.4250000e+02;3.6174733e-02;3.4250000e+02;-7.9174191e-03;3.4250000e+02;-1.8729921e-03;3.4250000e+02;1.0087289e-02;3.4250000e+02;2.7382944e-02;3.4250000e+02;4.9723372e-02;3.4250000e+02;7.4052058e-02;3.4250000e+02;9.7259946e-02;3.4250000e+02;1.1883686e-01;3.4250000e+02;1.3779750e-01;3.4250000e+02;1.5865502e-01;3.4250000e+02;1.8615317e-01;3.4250000e+02;2.1347974e-01;3.4250000e+02;2.2854938e-01;3.4250000e+02;2.1615168e-01;3.4250000e+02;1.8100978e-01;3.4250000e+02;1.3253449e-01;3.4250000e+02;8.1946641e-02;3.4250000e+02;3.6174733e-02;3.4250000e+02;-7.9174191e-03;3.4250000e+02;-1.8729921e-03;3.4250000e+02;1.0087289e-02;3.4250000e+02;2.7382944e-02;3.4250000e+02;4.9723372e-02;3.4250000e+02;7.4052058e-02;3.4250000e+02;9.7259946e-02;3.4250000e+02;1.1883686e-01;3.4250000e+02;1.3779750e-01;3.4250000e+02;1.5865502e-01;3.4250000e+02;1.8615317e-01;3.4250000e+02;2.1347974e-01;3.4250000e+02;2.2854938e-01;3.4250000e+02;2.1615168e-01;3.4250000e+02;1.8100978e-01;3.4250000e+02;1.3253449e-01;3.4250000e+02;8.1946641e-02;3.4250000e+02;3.6174733e-02;3.4250000e+02;-7.9174191e-03;3.4250000e+02;-1.8729921e-03;3.4250000e+02;1.0087289e-02;3.4250000e+02;2.7382944e-02;3.4250000e+02;4.9723372e-02;3.4250000e+02;7.4052058e-02;3.4250000e+02;9.7259946e-02;3.4250000e+02;1.1883686e-01;3.4250000e+02;1.3779750e-01;3.4250000e+02;1.5865502e-01;3.4250000e+02;1.8615317e-01;3.4250000e+02;2.1347974e-01;3.4250000e+02;2.2854938e-01;3.4250000e+02;2.1615168e-01;3.4250000e+02;1.8100978e-01;3.4250000e+02;1.3253449e-01;3.4250000e+02;8.1946641e-02;3.4250000e+02;3.6174733e-02;3.4250000e+02;-7.9174191e-03;3.4250000e+02;-1.8729921e-03;3.4250000e+02;1.0087289e-02;3.4250000e+02;2.7382944e-02;3.4250000e+02;4.9723372e-02;3.4250000e+02;7.4052058e-02;3.4250000e+02;9.7259946e-02;3.4250000e+02;1.1883686e-01;3.4250000e+02;1.3779750e-01;3.4250000e+02;1.5865502e-01;3.4250000e+02;1.8615317e-01;3.4250000e+02;2.1347974e-01;3.4250000e+02;2.2854938e-01;3.4250000e+02;2.1615168e-01;3.4250000e+02;1.8100978e-01;3.4250000e+02;1.3253449e-01;3.4250000e+02;8.1946641e-02;3.4250000e+02;3.6174733e-02;3.4250000e+02;-7.9174191e-03;3.4250000e+02;-1.8729921e-03;3.4250000e+02;1.0087289e-02;3.4250000e+02;2.7382944e-02;3.4250000e+02;4.9723372e-02;3.4250000e+02;7.4052058e-02;3.4250000e+02;9.7259946e-02;3.4250000e+02;1.1883686e-01;3.4250000e+02;1.3779750e-01;3.4250000e+02;1.5865502e-01;3.4250000e+02;1.8615317e-01;3.4250000e+02;2.1347974e-01;3.4250000e+02;2.2854938e-01;3.4250000e+02;2.1615168e-01;3.4250000e+02;1.8100978e-01;3.4250000e+02;1.3253449e-01;3.4250000e+02;8.1946641e-02;3.4250000e+02;3.6174733e-02;3.4250000e+02;-7.9174191e-03;3.4250000e+02;-1.8729921e-03;3.4250000e+02;1.0087289e-02;3.4250000e+02;2.7382944e-02;3.4250000e+02;4.9723372e-02;3.4250000e+02;7.4052058e-02;3.4250000e+02;9.7259946e-02;3.4250000e+02;1.1883686e-01;3.4250000e+02;1.3779750e-01;3.4250000e+02;1.5865502e-01;3.4250000e+02;1.8615317e-01;3.4250000e+02;2.1347974e-01;3.4250000e+02;2.2854938e-01;3.4250000e+02;2.1615168e-01;3.4250000e+02;1.8100978e-01;3.4250000e+02;1.3253449e-01;3.4250000e+02;8.1946641e-02;3.4250000e+02;3.6174733e-02;3.4250000e+02;-7.9174191e-03;3.4250000e+02;-1.8729921e-03;3.4250000e+02;1.0087289e-02;3.4250000e+02;2.7382944e-02;3.4250000e+02;4.9723372e-02;3.4250000e+02;7.4052058e-02;3.4250000e+02;9.7259946e-02;3.4250000e+02;1.1883686e-01;3.4250000e+02;1.3779750e-01;3.4250000e+02;1.5865502e-01;3.4250000e+02;1.8615317e-01;3.4250000e+02;2.1347974e-01;3.4250000e+02;2.2854938e-01;3.4250000e+02;2.1615168e-01;3.4250000e+02;1.8100978e-01;3.4250000e+02;1.3253449e-01;3.4250000e+02;8.1946641e-02;3.4250000e+02;3.6174733e-02;3.4250000e+02;-7.9174191e-03;3.4250000e+02;-1.8729921e-03;3.4250000e+02;1.0087289e-02;3.4250000e+02;2.7382944e-02;3.4250000e+02;4.9723372e-02;3.4250000e+02;7.4052058e-02;3.4250000e+02;9.7259946e-02;3.4250000e+02;1.1883686e-01;3.4250000e+02;1.3779750e-01;3.4250000e+02;1.5865502e-01;3.4250000e+02;1.8615317e-01;3.4250000e+02;2.1347974e-01;3.4250000e+02;2.2854938e-01;3.4250000e+02;2.1615168e-01;3.4250000e+02;1.8100978e-01;3.4250000e+02;1.3253449e-01;3.4250000e+02;8.1946641e-02;3.4250000e+02;3.6174733e-02;3.4250000e+02;-7.9174191e-03;3.4250000e+02;-1.8729921e-03;3.4250000e+02;1.0087289e-02;3.4250000e+02;2.7382944e-02;3.4250000e+02;4.9723372e-02;3.4250000e+02;7.4052058e-02;3.4250000e+02;9.7259946e-02;3.4250000e+02;1.1883686e-01;3.4250000e+02;1.3779750e-01;3.4250000e+02;1.5865502e-01;3.4250000e+02;1.8615317e-01;3.4250000e+02;2.1347974e-01;3.4250000e+02;2.2854938e-01;3.4250000e+02;2.1615168e-01;3.4250000e+02;1.8100978e-01;3.4250000e+02;1.3253449e-01;3.4250000e+02;8.1946641e-02;3.4250000e+02;3.6174733e-02;3.4250000e+02;-7.9174191e-03;3.4250000e+02;-1.8729921e-03;3.4250000e+02;1.0087289e-02;3.4250000e+02;2.7382944e-02;3.4250000e+02;4.9723372e-02;3.4250000e+02;7.4052058e-02;3.4250000e+02;9.7259946e-02;3.4250000e+02;1.1883686e-01;3.4250000e+02;1.3779750e-01;3.4250000e+02;1.5865502e-01;3.4250000e+02;1.8615317e-01;3.4250000e+02;2.1347974e-01;3.4250000e+02;2.2854938e-01;3.4250000e+02;2.1615168e-01;3.4250000e+02;1.8100978e-01;3.4250000e+02;1.3253449e-01;3.4250000e+02;8.1946641e-02;3.4250000e+02;3.6174733e-02;3.4250000e+02;-7.9174191e-03;3.4250000e+02;-1.8729921e-03;3.4250000e+02;1.0087289e-02;3.4250000e+02;2.7382944e-02;3.4250000e+02;4.9723372e-02;3.4250000e+02;7.4052058e-02;3.4250000e+02;9.7259946e-02;3.4250000e+02;1.1883686e-01;3.4250000e+02;1.3779750e-01;3.4250000e+02;1.5865502e-01;3.4250000e+02;1.8615317e-01;3.4250000e+02;2.1347974e-01;3.4250000e+02;2.2854938e-01;3.4250000e+02;2.1615168e-01;3.4250000e+02;1.8100978e-01;3.4250000e+02;1.3253449e-01;3.4250000e+02;8.1946641e-02;3.4250000e+02;3.6174733e-02;3.4250000e+02;-7.9174191e-03;3.4250000e+02;-1.8729921e-03;3.4250000e+02;1.0087289e-02;3.4250000e+02;2.7382944e-02;3.4250000e+02;4.9723372e-02;3.4250000e+02;7.4052058e-02;3.4250000e+02;9.7259946e-02;3.4250000e+02;1.1883686e-01;3.4250000e+02;1.3779750e-01;3.4250000e+02;1.5865502e-01;3.4250000e+02;1.8615317e-01;3.4250000e+02;2.1347974e-01;3.4250000e+02;2.2854938e-01;3.4250000e+02;2.1615168e-01;3.4250000e+02;1.8100978e-01;3.4250000e+02;1.3253449e-01;3.4250000e+02;8.1946641e-02;3.4250000e+02;3.6174733e-02;3.4250000e+02;-7.9174191e-03;3.4250000e+02;-1.8729921e-03;3.4250000e+02;1.0087289e-02;3.4250000e+02;2.7382944e-02;3.4250000e+02;4.9723372e-02;3.4250000e+02;7.4052058e-02;3.4250000e+02;9.7259946e-02;3.4250000e+02;1.1883686e-01;3.4250000e+02;1.3779750e-01;3.4250000e+02;1.5865502e-01;3.4250000e+02;1.8615317e-01;3.4250000e+02;2.1347974e-01;3.4250000e+02;2.2854938e-01;3.4250000e+02;2.1615168e-01;3.4250000e+02;1.8100978e-01;3.4250000e+02;1.3253449e-01;3.4250000e+02;8.1946641e-02;3.4250000e+02;3.6174733e-02;3.4250000e+02;-7.9174191e-03;3.4250000e+02;-1.8729921e-03;3.4250000e+02;1.0087289e-02;3.4250000e+02;2.7382944e-02;3.4250000e+02;4.9723372e-02;3.4250000e+02;7.4052058e-02;3.4250000e+02;9.7259946e-02;3.4250000e+02;1.1883686e-01;3.4250000e+02;1.3779750e-01;3.4250000e+02;1.5865502e-01;3.4250000e+02;1.8615317e-01;3.4250000e+02;2.1347974e-01;3.4250000e+02;2.2854938e-01;3.4250000e+02;2.1615168e-01;3.4250000e+02;1.8100978e-01;3.4250000e+02;1.3253449e-01;3.4250000e+02;8.1946641e-02;3.4250000e+02;3.6174733e-02;3.4250000e+02;-7.9174191e-03;3.4250000e+02;-1.8729921e-03;3.4250000e+02;1.0087289e-02;3.4250000e+02;2.7382944e-02;3.4250000e+02;4.9723372e-02;3.4250000e+02;7.4052058e-02;3.4250000e+02;9.7259946e-02;3.4250000e+02;1.1883686e-01;3.4250000e+02;1.3779750e-01;3.4250000e+02;1.5865502e-01;3.4250000e+02;1.8615317e-01;3.4250000e+02;2.1347974e-01;3.4250000e+02;2.2854938e-01;3.4250000e+02;2.1615168e-01;3.4250000e+02;1.8100978e-01;3.4250000e+02;1.3253449e-01;3.4250000e+02;8.1946641e-02;3.4250000e+02;3.6174733e-02;3.4250000e+02;-7.9174191e-03;3.4250000e+02;-1.8729921e-03;3.4250000e+02;1.0087289e-02;3.4250000e+02;2.7382944e-02;3.4250000e+02;4.9723372e-02;3.4250000e+02;7.4052058e-02;3.4250000e+02;9.7259946e-02;3.4250000e+02;1.1883686e-01;3.4250000e+02;1.3779750e-01;3.4250000e+02;1.5865502e-01;3.4250000e+02;1.8615317e-01;3.4250000e+02;2.1347974e-01;3.4250000e+02;2.2854938e-01;3.4250000e+02;2.1615168e-01;3.4250000e+02;1.8100978e-01;3.4250000e+02;1.3253449e-01;3.4250000e+02;8.1946641e-02;3.4250000e+02;3.6174733e-02;3.4250000e+02;-7.9174191e-03;3.4250000e+02;-1.8729921e-03;3.4250000e+02;1.0087289e-02;3.4250000e+02;2.7382944e-02;3.4250000e+02;4.9723372e-02;3.4250000e+02;7.4052058e-02;3.4250000e+02;9.7259946e-02;3.4250000e+02;1.1883686e-01;3.4250000e+02;1.3779750e-01;3.4250000e+02;1.5865502e-01;3.4250000e+02;1.8615317e-01;3.4250000e+02;2.1347974e-01;3.4250000e+02;2.2854938e-01;3.4250000e+02;2.1615168e-01;3.4250000e+02;1.8100978e-01;3.4250000e+02;1.3253449e-01;3.4250000e+02;8.1946641e-02;3.4250000e+02;3.6174733e-02;3.4250000e+02;-7.9174191e-03;3.4250000e+02;-1.8729921e-03;3.4250000e+02;1.0087289e-02;3.4250000e+02;2.7382944e-02;3.4250000e+02;4.9723372e-02;3.4250000e+02;7.4052058e-02;3.4250000e+02;9.7259946e-02;3.4250000e+02;1.1883686e-01;3.4250000e+02;1.3779750e-01;3.4250000e+02;1.5865502e-01;3.4250000e+02;1.8615317e-01;3.4250000e+02;2.1347974e-01;3.4250000e+02;2.2854938e-01;3.4250000e+02;2.1615168e-01;3.4250000e+02;1.8100978e-01;3.4250000e+02;1.3253449e-01;3.4250000e+02;8.1946641e-02;3.4250000e+02;3.6174733e-02;3.4250000e+02;-7.9174191e-03;3.4250000e+02;-1.8729921e-03;3.4250000e+02;1.0087289e-02;3.4250000e+02;2.7382944e-02;3.4250000e+02;4.9723372e-02;3.4250000e+02;7.4052058e-02;3.4250000e+02;9.7259946e-02;3.4250000e+02;1.1883686e-01;3.4250000e+02;1.3779750e-01;3.4250000e+02;1.5865502e-01;3.4250000e+02;1.8615317e-01;3.4250000e+02;2.1347974e-01;3.4250000e+02;2.2854938e-01;3.4250000e+02;2.1615168e-01;3.4250000e+02;1.8100978e-01;3.4250000e+02;1.3253449e-01;3.4250000e+02;8.1946641e-02;3.4250000e+02;3.6174733e-02;3.4250000e+02;-7.9174191e-03;3.4250000e+02;-1.8729921e-03;3.4250000e+02;1.0087289e-02;3.4250000e+02;2.7382944e-02;3.4250000e+02;4.9723372e-02;3.4250000e+02;7.4052058e-02;3.4250000e+02;9.7259946e-02;3.4250000e+02;1.1883686e-01;3.4250000e+02;1.3779750e-01;3.4250000e+02;1.5865502e-01;3.4250000e+02;1.8615317e-01;3.4250000e+02;2.1347974e-01;3.4250000e+02;2.2854938e-01;3.4250000e+02;2.1615168e-01;3.4250000e+02;1.8100978e-01;3.4250000e+02;1.3253449e-01;3.4250000e+02;8.1946641e-02;3.4250000e+02;3.6174733e-02;3.4250000e+02;-7.9174191e-03;3.4250000e+02;-1.8729921e-03;3.4250000e+02;1.0087289e-02;3.4250000e+02;2.7382944e-02;3.4250000e+02;4.9723372e-02;3.4250000e+02;7.4052058e-02;3.4250000e+02;9.7259946e-02;3.4250000e+02;1.1883686e-01;3.4250000e+02;1.3779750e-01;3.4250000e+02;1.5865502e-01;3.4250000e+02;1.8615317e-01;3.4250000e+02;2.1347974e-01;3.4250000e+02;2.2854938e-01;3.4250000e+02;2.1615168e-01;3.4250000e+02;1.8100978e-01;3.4250000e+02;1.3253449e-01;3.4250000e+02;8.1946641e-02;3.4250000e+02;3.6174733e-02;3.4250000e+02;-7.9174191e-03;3.4250000e+02;-1.8729921e-03;3.4250000e+02;1.0087289e-02;3.4250000e+02;2.7382944e-02;3.4250000e+02;4.9723372e-02;3.4250000e+02;7.4052058e-02;3.4250000e+02;9.7259946e-02;3.4250000e+02;1.1883686e-01;3.4250000e+02;1.3779750e-01;3.4250000e+02;1.5865502e-01;3.4250000e+02;1.8615317e-01;3.4250000e+02;2.1347974e-01;3.4250000e+02;2.2854938e-01;3.4250000e+02;2.1615168e-01;3.4250000e+02;1.8100978e-01;3.4250000e+02;1.3253449e-01;3.4250000e+02;8.1946641e-02;3.4250000e+02;3.6174733e-02;3.4250000e+02;-7.9174191e-03;3.4250000e+02;-1.8729921e-03;3.4250000e+02;1.0087289e-02;3.4250000e+02;2.7382944e-02;3.4250000e+02;4.9723372e-02;3.4250000e+02;7.4052058e-02;3.4250000e+02;9.7259946e-02;3.4250000e+02;1.1883686e-01;3.4250000e+02;1.3779750e-01;3.4250000e+02;1.5865502e-01;3.4250000e+02;1.8615317e-01;3.4250000e+02;2.1347974e-01;3.4250000e+02;2.2854938e-01;3.4250000e+02;2.1615168e-01;3.4250000e+02;1.8100978e-01;3.4250000e+02;1.3253449e-01;3.4250000e+02;8.1946641e-02;3.4250000e+02;3.6174733e-02;3.4250000e+02;-7.9174191e-03;3.4250000e+02;-1.8729921e-03;3.4250000e+02;1.0087289e-02;3.4250000e+02;2.7382944e-02;3.4250000e+02;4.9723372e-02;3.4250000e+02;7.4052058e-02;3.4250000e+02;9.7259946e-02;3.4250000e+02;1.1883686e-01;3.4250000e+02;1.3779750e-01;3.4250000e+02;1.5865502e-01;3.4250000e+02;1.8615317e-01;3.4250000e+02;2.1347974e-01;3.4250000e+02;2.2854938e-01;3.4250000e+02;2.1615168e-01;3.4250000e+02;1.8100978e-01;3.4250000e+02;1.3253449e-01;3.4250000e+02;8.1946641e-02;3.4250000e+02;3.6174733e-02;3.4250000e+02;-7.9174191e-03;3.4250000e+02;-1.8729921e-03;3.4250000e+02;1.0087289e-02;3.4250000e+02;2.7382944e-02;3.4250000e+02;4.9723372e-02;3.4250000e+02;7.4052058e-02;3.4250000e+02;9.7259946e-02;3.4250000e+02;1.1883686e-01;3.4250000e+02;1.3779750e-01;3.4250000e+02;1.5865502e-01;3.4250000e+02;1.8615317e-01;3.4250000e+02;2.1347974e-01;3.4250000e+02;2.2854938e-01;3.4250000e+02;2.1615168e-01;3.4250000e+02;1.8100978e-01;3.4250000e+02;1.3253449e-01;3.4250000e+02;8.1946641e-02;3.4250000e+02;3.6174733e-02;3.4250000e+02;-7.9174191e-03;3.4250000e+02;-1.8729921e-03;3.4250000e+02;1.0087289e-02;3.4250000e+02;2.7382944e-02;3.4250000e+02;4.9723372e-02;3.4250000e+02;7.4052058e-02;3.4250000e+02;9.7259946e-02;3.4250000e+02;1.1883686e-01;3.4250000e+02;1.3779750e-01;3.4250000e+02;1.5865502e-01;3.4250000e+02;1.8615317e-01;3.4250000e+02;2.1347974e-01;3.4250000e+02;2.2854938e-01;3.4250000e+02;2.1615168e-01;3.4250000e+02;1.8100978e-01;3.4250000e+02;1.3253449e-01;3.4250000e+02;8.1946641e-02;3.4250000e+02;3.6174733e-02;3.4250000e+02;-7.9174191e-03;3.4250000e+02;-1.8729921e-03;3.4250000e+02;1.0087289e-02;3.4250000e+02;2.7382944e-02;3.4250000e+02;4.9723372e-02;3.4250000e+02;7.4052058e-02;3.4250000e+02;9.7259946e-02;3.4250000e+02;1.1883686e-01;3.4250000e+02;1.3779750e-01;3.4250000e+02;1.5865502e-01;3.4250000e+02;1.8615317e-01;3.4250000e+02;2.1347974e-01;3.4250000e+02;2.2854938e-01;3.4250000e+02;2.1615168e-01;3.4250000e+02;1.8100978e-01;3.4250000e+02;1.3253449e-01;3.4250000e+02;8.1946641e-02;3.4250000e+02;3.6174733e-02;3.4250000e+02;-7.9174191e-03;3.4250000e+02;-1.8729921e-03;3.4250000e+02;1.0087289e-02;3.4250000e+02;2.7382944e-02;3.4250000e+02;4.9723372e-02;3.4250000e+02;7.4052058e-02;3.4250000e+02;9.7259946e-02;3.4250000e+02;1.1883686e-01;3.4250000e+02;1.3779750e-01;3.4250000e+02;1.5865502e-01;3.4250000e+02;1.8615317e-01;3.4250000e+02;2.1347974e-01;3.4250000e+02;2.2854938e-01;3.4250000e+02;2.1615168e-01;3.4250000e+02;1.8100978e-01;3.4250000e+02;1.3253449e-01;3.4250000e+02;8.1946641e-02;3.4250000e+02;3.6174733e-02;3.4250000e+02;-7.9174191e-03;3.4250000e+02;-1.8729921e-03;3.4250000e+02;1.0087289e-02;3.4250000e+02;2.7382944e-02;3.4250000e+02;4.9723372e-02;3.4250000e+02;7.4052058e-02;3.4250000e+02;9.7259946e-02;3.4250000e+02;1.1883686e-01;3.4250000e+02;1.3779750e-01;3.4250000e+02;1.5865502e-01;3.4250000e+02;1.8615317e-01;3.4250000e+02;2.1347974e-01;3.4250000e+02;2.2854938e-01;3.4250000e+02;2.1615168e-01;3.4250000e+02;1.8100978e-01;3.4250000e+02;1.3253449e-01;3.4250000e+02;8.1946641e-02;3.4250000e+02;3.6174733e-02;3.4250000e+02;-7.9174191e-03;3.4250000e+02;-1.8729921e-03;3.4250000e+02;1.0087289e-02;3.4250000e+02;2.7382944e-02;3.4250000e+02;4.9723372e-02;3.4250000e+02;7.4052058e-02;3.4250000e+02;9.7259946e-02;3.4250000e+02;1.1883686e-01;3.4250000e+02;1.3779750e-01;3.4250000e+02;1.5865502e-01;3.4250000e+02;1.8615317e-01;3.4250000e+02;2.1347974e-01;3.4250000e+02;2.2854938e-01;3.4250000e+02;2.1615168e-01;3.4250000e+02;1.8100978e-01;3.4250000e+02;1.3253449e-01;3.4250000e+02;8.1946641e-02;3.4250000e+02;3.6174733e-02;3.4250000e+02;-7.9174191e-03;3.4250000e+02;-1.8729921e-03;3.4250000e+02;1.0087289e-02;3.4250000e+02;2.7382944e-02;3.4250000e+02;4.9723372e-02;3.4250000e+02;7.4052058e-02;3.4250000e+02;9.7259946e-02;3.4250000e+02;1.1883686e-01;3.4250000e+02;1.3779750e-01;3.4250000e+02;1.5865502e-01;3.4250000e+02;1.8615317e-01;3.4250000e+02;2.1347974e-01;3.4250000e+02;2.2854938e-01;3.4250000e+02;2.1615168e-01;3.4250000e+02;1.8100978e-01;3.4250000e+02;1.3253449e-01;3.4250000e+02;8.1946641e-02;3.4250000e+02;3.6174733e-02;3.4250000e+02;-7.9174191e-03;3.4250000e+02;-1.8729921e-03;3.4250000e+02;1.0087289e-02;3.4250000e+02;2.7382944e-02;3.4250000e+02;4.9723372e-02;3.4250000e+02;7.4052058e-02;3.4250000e+02;9.7259946e-02;3.4250000e+02;1.1883686e-01;3.4250000e+02;1.3779750e-01;3.4250000e+02;1.5865502e-01;3.4250000e+02;1.8615317e-01;3.4250000e+02;2.1347974e-01;3.4250000e+02;2.2854938e-01;3.4250000e+02;2.1615168e-01;3.4250000e+02;1.8100978e-01;3.4250000e+02;1.3253449e-01;3.4250000e+02;8.1946641e-02;3.4250000e+02;3.6174733e-02;3.4250000e+02;-7.9174191e-03;3.4250000e+02;-1.8729921e-03;3.4250000e+02;1.0087289e-02;3.4250000e+02;2.7382944e-02;3.4250000e+02;4.9723372e-02;3.4250000e+02;7.4052058e-02;3.4250000e+02;9.7259946e-02;3.4250000e+02;1.1883686e-01;3.4250000e+02;1.3779750e-01;3.4250000e+02;1.5865502e-01;3.4250000e+02;1.8615317e-01;3.4250000e+02;2.1347974e-01;3.4250000e+02;2.2854938e-01;3.4250000e+02;2.1615168e-01;3.4250000e+02;1.8100978e-01;3.4250000e+02;1.3253449e-01;3.4250000e+02;8.1946641e-02;3.4250000e+02;3.6174733e-02;3.4250000e+02;-7.9174191e-03;3.4250000e+02;-1.8729921e-03;3.4250000e+02;1.0087289e-02;3.4250000e+02;2.7382944e-02;3.4250000e+02;4.9723372e-02;3.4250000e+02;7.4052058e-02;3.4250000e+02;9.7259946e-02;3.4250000e+02;1.1883686e-01;3.4250000e+02;1.3779750e-01;3.4250000e+02;1.5865502e-01;3.4250000e+02;1.8615317e-01;3.4250000e+02;2.1347974e-01;3.4250000e+02;2.2854938e-01;3.4250000e+02;2.1615168e-01;3.4250000e+02;1.8100978e-01;3.4250000e+02;1.3253449e-01;3.4250000e+02;8.1946641e-02;3.4250000e+02;3.6174733e-02;3.4250000e+02;-7.9174191e-03;3.4250000e+02;-1.8729921e-03;3.4250000e+02;1.0087289e-02;3.4250000e+02;2.7382944e-02;3.4250000e+02;4.9723372e-02;3.4250000e+02;7.4052058e-02;3.4250000e+02;9.7259946e-02;3.4250000e+02;1.1883686e-01;3.4250000e+02;1.3779750e-01;3.4250000e+02;1.5865502e-01;3.4250000e+02;1.8615317e-01;3.4250000e+02;2.1347974e-01;3.4250000e+02;2.2854938e-01;3.4250000e+02;2.1615168e-01;3.4250000e+02;1.8100978e-01;3.4250000e+02;1.3253449e-01;3.4250000e+02;8.1946641e-02;3.4250000e+02;3.6174733e-02;3.4250000e+02;-7.9174191e-03;3.4250000e+02;-1.8729921e-03;3.4250000e+02;1.0087289e-02;3.4250000e+02;2.7382944e-02;3.4250000e+02;4.9723372e-02;3.4250000e+02;7.4052058e-02;3.4250000e+02;9.7259946e-02;3.4250000e+02;1.1883686e-01;3.4250000e+02;1.3779750e-01;3.4250000e+02;1.5865502e-01;3.4250000e+02;1.8615317e-01;3.4250000e+02;2.1347974e-01;3.4250000e+02;2.2854938e-01;3.4250000e+02;2.1615168e-01;3.4250000e+02;1.8100978e-01;3.4250000e+02;1.3253449e-01;3.4250000e+02;8.1946641e-02;3.4250000e+02;3.6174733e-02;3.4250000e+02;-7.9174191e-03;3.4250000e+02;-1.8729921e-03;3.4250000e+02;1.0087289e-02;3.4250000e+02;2.7382944e-02;3.4250000e+02;4.9723372e-02;3.4250000e+02;7.4052058e-02;3.4250000e+02;9.7259946e-02;3.4250000e+02;1.1883686e-01;3.4250000e+02;1.3779750e-01;3.4250000e+02;1.5865502e-01;3.4250000e+02;1.8615317e-01;3.4250000e+02;2.1347974e-01;3.4250000e+02;2.2854938e-01;3.4250000e+02;2.1615168e-01;3.4250000e+02;1.8100978e-01;3.4250000e+02;1.3253449e-01;3.4250000e+02;8.1946641e-02;3.4250000e+02;3.6174733e-02;3.4250000e+02;-7.9174191e-03;3.4250000e+02;-1.8729921e-03;3.4250000e+02;1.0087289e-02;3.4250000e+02;2.7382944e-02;3.4250000e+02;4.9723372e-02;3.4250000e+02;7.4052058e-02;3.4250000e+02;9.7259946e-02;3.4250000e+02;1.1883686e-01;3.4250000e+02;1.3779750e-01;3.4250000e+02;1.5865502e-01;3.4250000e+02;1.8615317e-01;3.4250000e+02;2.1347974e-01;3.4250000e+02;2.2854938e-01;3.4250000e+02;2.1615168e-01;3.4250000e+02;1.8100978e-01;3.4250000e+02;1.3253449e-01;3.4250000e+02;8.1946641e-02;3.4250000e+02;3.6174733e-02;3.4250000e+02;-7.9174191e-03;3.4250000e+02;-1.8729921e-03;3.4250000e+02;1.0087289e-02;3.4250000e+02;2.7382944e-02;3.4250000e+02;4.9723372e-02;3.4250000e+02;7.4052058e-02;3.4250000e+02;9.7259946e-02;3.4250000e+02;1.1883686e-01;3.4250000e+02;1.3779750e-01;3.4250000e+02;1.5865502e-01;3.4250000e+02;1.8615317e-01;3.4250000e+02;2.1347974e-01;3.4250000e+02;2.2854938e-01;3.4250000e+02;2.1615168e-01;3.4250000e+02;1.8100978e-01;3.4250000e+02;1.3253449e-01;3.4250000e+02;8.1946641e-02;3.4250000e+02;3.6174733e-02;3.4250000e+02;-7.9174191e-03;3.4250000e+02;-1.8729921e-03;3.4250000e+02;1.0087289e-02;3.4250000e+02;2.7382944e-02;3.4250000e+02;4.9723372e-02;3.4250000e+02;7.4052058e-02;3.4250000e+02;9.7259946e-02;3.4250000e+02;1.1883686e-01;3.4250000e+02;1.3779750e-01;3.4250000e+02;1.5865502e-01;3.4250000e+02;1.8615317e-01;3.4250000e+02;2.1347974e-01;3.4250000e+02;2.2854938e-01;3.4250000e+02;2.1615168e-01;3.4250000e+02;1.8100978e-01;3.4250000e+02;1.3253449e-01;3.4250000e+02;8.1946641e-02;3.4250000e+02;3.6174733e-02;3.4250000e+02;-7.9174191e-03;3.4250000e+02;-1.8729921e-03;3.4250000e+02;1.0087289e-02;3.4250000e+02;2.7382944e-02;3.4250000e+02;4.9723372e-02;3.4250000e+02;7.4052058e-02;3.4250000e+02;9.7259946e-02;3.4250000e+02;1.1883686e-01;3.4250000e+02;1.3779750e-01;3.4250000e+02;1.5865502e-01;3.4250000e+02;1.8615317e-01;3.4250000e+02;2.1347974e-01;3.4250000e+02;2.2854938e-01;3.4250000e+02;2.1615168e-01;3.4250000e+02;1.8100978e-01;3.4250000e+02;1.3253449e-01;3.4250000e+02;8.1946641e-02;3.4250000e+02;3.6174733e-02;3.4250000e+02;-7.9174191e-03;3.4250000e+02;-1.8729921e-03;3.4250000e+02;1.0087289e-02;3.4250000e+02;2.7382944e-02;3.4250000e+02;4.9723372e-02;3.4250000e+02;7.4052058e-02;3.4250000e+02;9.7259946e-02;3.4250000e+02;1.1883686e-01;3.4250000e+02;1.3779750e-01;3.4250000e+02;1.5865502e-01;3.4250000e+02;1.8615317e-01;3.4250000e+02;2.1347974e-01;3.4250000e+02;2.2854938e-01;3.4250000e+02;2.1615168e-01;3.4250000e+02;1.8100978e-01;3.4250000e+02;1.3253449e-01;3.4250000e+02;8.1946641e-02;3.4250000e+02;3.6174733e-02;3.4250000e+02;-7.9174191e-03;3.4250000e+02;-1.8729921e-03;3.4250000e+02;1.0087289e-02;3.4250000e+02;2.7382944e-02;3.4250000e+02;4.9723372e-02;3.4250000e+02;7.4052058e-02;3.4250000e+02;9.7259946e-02;3.4250000e+02;1.1883686e-01;3.4250000e+02;1.3779750e-01;3.4250000e+02;1.5865502e-01;3.4250000e+02;1.8615317e-01;3.4250000e+02;2.1347974e-01;3.4250000e+02;2.2854938e-01;3.4250000e+02;2.1615168e-01;3.4250000e+02;1.8100978e-01;3.4250000e+02;1.3253449e-01;3.4250000e+02;8.1946641e-02;3.4250000e+02;3.6174733e-02;3.4250000e+02;-7.9174191e-03;3.4250000e+02;-1.8729921e-03;3.4250000e+02;1.0087289e-02;3.4250000e+02;2.7382944e-02;3.4250000e+02;4.9723372e-02;3.4250000e+02;7.4052058e-02;3.4250000e+02;9.7259946e-02;3.4250000e+02;1.1883686e-01;3.4250000e+02;1.3779750e-01;3.4250000e+02;1.5865502e-01;3.4250000e+02;1.8615317e-01;3.4250000e+02;2.1347974e-01;3.4250000e+02;2.2854938e-01;3.4250000e+02;2.1615168e-01;3.4250000e+02;1.8100978e-01;3.4250000e+02;1.3253449e-01;3.4250000e+02;8.1946641e-02;3.4250000e+02;3.6174733e-02;3.4250000e+02;-7.9174191e-03;3.4250000e+02;-1.8729921e-03;3.4250000e+02;1.0087289e-02;3.4250000e+02;2.7382944e-02;3.4250000e+02;4.9723372e-02;3.4250000e+02;7.4052058e-02;3.4250000e+02;9.7259946e-02;3.4250000e+02;1.1883686e-01;3.4250000e+02;1.3779750e-01;3.4250000e+02;1.5865502e-01;3.4250000e+02;1.8615317e-01;3.4250000e+02;2.1347974e-01;3.4250000e+02;2.2854938e-01;3.4250000e+02;2.1615168e-01;3.4250000e+02;1.8100978e-01;3.4250000e+02;1.3253449e-01;3.4250000e+02;8.1946641e-02;3.4250000e+02;3.6174733e-02;3.4250000e+02;-7.9174191e-03;3.4250000e+02;-1.8729921e-03;3.4250000e+02;1.0087289e-02;3.4250000e+02;2.7382944e-02;3.4250000e+02;4.9723372e-02;3.4250000e+02;7.4052058e-02;3.4250000e+02;9.7259946e-02;3.4250000e+02;1.1883686e-01;3.4250000e+02;1.3779750e-01;3.4250000e+02;1.5865502e-01;3.4250000e+02;1.8615317e-01;3.4250000e+02;2.1347974e-01;3.4250000e+02;2.2854938e-01;3.4250000e+02;2.1615168e-01;3.4250000e+02;1.8100978e-01;3.4250000e+02;1.3253449e-01;3.4250000e+02;8.1946641e-02;3.4250000e+02;3.6174733e-02;3.4250000e+02;-7.9174191e-03;3.4250000e+02;-1.8729921e-03;3.4250000e+02;1.0087289e-02;3.4250000e+02;2.7382944e-02;3.4250000e+02;4.9723372e-02;3.4250000e+02;7.4052058e-02;3.4250000e+02;9.7259946e-02;3.4250000e+02;1.1883686e-01;3.4250000e+02;1.3779750e-01;3.4250000e+02;1.5865502e-01;3.4250000e+02;1.8615317e-01;3.4250000e+02;2.1347974e-01;3.4250000e+02;2.2854938e-01;3.4250000e+02;2.1615168e-01;3.4250000e+02;1.8100978e-01;3.4250000e+02;1.3253449e-01;3.4250000e+02;8.1946641e-02;3.4250000e+02;3.6174733e-02;3.4250000e+02;-7.9174191e-03;3.4250000e+02;-1.8729921e-03;3.4250000e+02;1.0087289e-02;3.4250000e+02;2.7382944e-02;3.4250000e+02;4.9723372e-02;3.4250000e+02;7.4052058e-02;3.4250000e+02;9.7259946e-02;3.4250000e+02;1.1883686e-01;3.4250000e+02;1.3779750e-01;3.4250000e+02;1.5865502e-01;3.4250000e+02;1.8615317e-01;3.4250000e+02;2.1347974e-01;3.4250000e+02;2.2854938e-01;3.4250000e+02;2.1615168e-01;3.4250000e+02;1.8100978e-01;3.4250000e+02;1.3253449e-01;3.4250000e+02;8.1946641e-02;3.4250000e+02;3.6174733e-02;3.4250000e+02;-7.9174191e-03;3.4250000e+02;-1.8729921e-03;3.4250000e+02;1.0087289e-02;3.4250000e+02;2.7382944e-02;3.4250000e+02;4.9723372e-02;3.4250000e+02;7.4052058e-02;3.4250000e+02;9.7259946e-02;3.4250000e+02;1.1883686e-01;3.4250000e+02;1.3779750e-01;3.4250000e+02;1.5865502e-01;3.4250000e+02;1.8615317e-01;3.4250000e+02;2.1347974e-01;3.4250000e+02;2.2854938e-01;3.4250000e+02;2.1615168e-01;3.4250000e+02;1.8100978e-01;3.4250000e+02;1.3253449e-01;3.4250000e+02;8.1946641e-02;3.4250000e+02;3.6174733e-02;3.4250000e+02;-7.9174191e-03;3.4250000e+02;-1.8729921e-03;3.4250000e+02;1.0087289e-02;3.4250000e+02;2.7382944e-02;3.4250000e+02;4.9723372e-02;3.4250000e+02;7.4052058e-02;3.4250000e+02;9.7259946e-02;3.4250000e+02;1.1883686e-01;3.4250000e+02;1.3779750e-01;3.4250000e+02;1.5865502e-01;3.4250000e+02;1.8615317e-01;3.4250000e+02;2.1347974e-01;3.4250000e+02;2.2854938e-01;3.4250000e+02;2.1615168e-01;3.4250000e+02;1.8100978e-01;3.4250000e+02;1.3253449e-01;3.4250000e+02;8.1946641e-02;3.4250000e+02;3.6174733e-02;3.4250000e+02;-7.9174191e-03;3.4250000e+02;-1.8729921e-03;3.4250000e+02;1.0087289e-02;3.4250000e+02;2.7382944e-02;3.4250000e+02;4.9723372e-02;3.4250000e+02;7.4052058e-02;3.4250000e+02;9.7259946e-02;3.4250000e+02;1.1883686e-01;3.4250000e+02;1.3779750e-01;3.4250000e+02;1.5865502e-01;3.4250000e+02;1.8615317e-01;3.4250000e+02;2.1347974e-01;3.4250000e+02;2.2854938e-01;3.4250000e+02;2.1615168e-01;3.4250000e+02;1.8100978e-01;3.4250000e+02;1.3253449e-01;3.4250000e+02;8.1946641e-02;3.4250000e+02;3.6174733e-02;3.4250000e+02;-7.9174191e-03;3.4250000e+02;-1.8729921e-03;3.4250000e+02;1.0087289e-02;3.4250000e+02;2.7382944e-02;3.4250000e+02;4.9723372e-02;3.4250000e+02;7.4052058e-02;3.4250000e+02;9.7259946e-02;3.4250000e+02;1.1883686e-01;3.4250000e+02;1.3779750e-01;3.4250000e+02;1.5865502e-01;3.4250000e+02;1.8615317e-01;3.4250000e+02;2.1347974e-01;3.4250000e+02;2.2854938e-01;3.4250000e+02;2.1615168e-01;3.4250000e+02;1.8100978e-01;3.4250000e+02;1.3253449e-01;3.4250000e+02;8.1946641e-02;3.4250000e+02;3.6174733e-02;3.4250000e+02;-7.9174191e-03;3.4250000e+02;-1.8729921e-03;3.4250000e+02;1.0087289e-02;3.4250000e+02;2.7382944e-02;3.4250000e+02;4.9723372e-02;3.4250000e+02;7.4052058e-02;3.4250000e+02;9.7259946e-02;3.4250000e+02;1.1883686e-01;3.4250000e+02;1.3779750e-01;3.4250000e+02;1.5865502e-01;3.4250000e+02;1.8615317e-01;3.4250000e+02;2.1347974e-01;3.4250000e+02;2.2854938e-01;3.4250000e+02;2.1615168e-01;3.4250000e+02;1.8100978e-01;3.4250000e+02;1.3253449e-01;3.4250000e+02;8.1946641e-02;3.4250000e+02;3.6174733e-02;3.4250000e+02;-7.9174191e-03;3.4250000e+02;-1.8729921e-03;3.4250000e+02;1.0087289e-02;3.4250000e+02;2.7382944e-02;3.4250000e+02;4.9723372e-02;3.4250000e+02;7.4052058e-02;3.4250000e+02;9.7259946e-02;3.4250000e+02;1.1883686e-01;3.4250000e+02;1.3779750e-01;3.4250000e+02;1.5865502e-01;3.4250000e+02;1.8615317e-01;3.4250000e+02;2.1347974e-01;3.4250000e+02;2.2854938e-01;3.4250000e+02;2.1615168e-01;3.4250000e+02;1.8100978e-01;3.4250000e+02;1.3253449e-01;3.4250000e+02;8.1946641e-02;3.4250000e+02;3.6174733e-02;3.4250000e+02;-7.9174191e-03;3.4250000e+02;-1.8729921e-03;3.4250000e+02;1.0087289e-02;3.4250000e+02;2.7382944e-02;3.4250000e+02;4.9723372e-02;3.4250000e+02;7.4052058e-02;3.4250000e+02;9.7259946e-02;3.4250000e+02;1.1883686e-01;3.4250000e+02;1.3779750e-01;3.4250000e+02;1.5865502e-01;3.4250000e+02;1.8615317e-01;3.4250000e+02;2.1347974e-01;3.4250000e+02;2.2854938e-01;3.4250000e+02;2.1615168e-01;3.4250000e+02;1.8100978e-01;3.4250000e+02;1.3253449e-01;3.4250000e+02;8.1946641e-02;3.4250000e+02;3.6174733e-02;3.4250000e+02;-7.9174191e-03;3.4250000e+02;-1.8729921e-03;3.4250000e+02;1.0087289e-02;3.4250000e+02;2.7382944e-02;3.4250000e+02;4.9723372e-02;3.4250000e+02;7.4052058e-02;3.4250000e+02;9.7259946e-02;3.4250000e+02;1.1883686e-01;3.4250000e+02;1.3779750e-01;3.4250000e+02;1.5865502e-01;3.4250000e+02;1.8615317e-01;3.4250000e+02;2.1347974e-01;3.4250000e+02;2.2854938e-01;3.4250000e+02;2.1615168e-01;3.4250000e+02;1.8100978e-01;3.4250000e+02;1.3253449e-01;3.4250000e+02;8.1946641e-02;3.4250000e+02;3.6174733e-02;3.4250000e+02;-7.9174191e-03;3.4250000e+02;-1.8729921e-03;3.4250000e+02;1.0087289e-02;3.4250000e+02;2.7382944e-02;3.4250000e+02;4.9723372e-02;3.4250000e+02;7.4052058e-02;3.4250000e+02;9.7259946e-02;3.4250000e+02;1.1883686e-01;3.4250000e+02;1.3779750e-01;3.4250000e+02;1.5865502e-01;3.4250000e+02;1.8615317e-01;3.4250000e+02;2.1347974e-01;3.4250000e+02;2.2854938e-01;3.4250000e+02;2.1615168e-01;3.4250000e+02;1.8100978e-01;3.4250000e+02;1.3253449e-01;3.4250000e+02;8.1946641e-02;3.4250000e+02;3.6174733e-02;3.4250000e+02;-7.9174191e-03;3.4250000e+02;-1.8729921e-03;3.4250000e+02;1.0087289e-02;3.4250000e+02;2.7382944e-02;3.4250000e+02;4.9723372e-02;3.4250000e+02;7.4052058e-02;3.4250000e+02;9.7259946e-02;3.4250000e+02;1.1883686e-01;3.4250000e+02;1.3779750e-01;3.4250000e+02;1.5865502e-01;3.4250000e+02;1.8615317e-01;3.4250000e+02;2.1347974e-01;3.4250000e+02;2.2854938e-01;3.4250000e+02;2.1615168e-01;3.4250000e+02;1.8100978e-01;3.4250000e+02;1.3253449e-01;3.4250000e+02;8.1946641e-02;3.4250000e+02;3.6174733e-02;3.4250000e+02;-7.9174191e-03;3.4250000e+02;-1.8729921e-03;3.4250000e+02;1.0087289e-02;3.4250000e+02;2.7382944e-02;3.4250000e+02;4.9723372e-02;3.4250000e+02;7.4052058e-02;3.4250000e+02;9.7259946e-02;3.4250000e+02;1.1883686e-01;3.4250000e+02;1.3779750e-01;3.4250000e+02;1.5865502e-01;3.4250000e+02;1.8615317e-01;3.4250000e+02;2.1347974e-01;3.4250000e+02;2.2854938e-01;3.4250000e+02;2.1615168e-01;3.4250000e+02;1.8100978e-01;3.4250000e+02;1.3253449e-01;3.4250000e+02;8.1946641e-02;3.4250000e+02;3.6174733e-02;3.4250000e+02;-7.9174191e-03;3.4250000e+02;-1.8729921e-03;3.4250000e+02;1.0087289e-02;3.4250000e+02;2.7382944e-02;3.4250000e+02;4.9723372e-02;3.4250000e+02;7.4052058e-02;3.4250000e+02;9.7259946e-02;3.4250000e+02;1.1883686e-01;3.4250000e+02;1.3779750e-01;3.4250000e+02;1.5865502e-01;3.4250000e+02;1.8615317e-01;3.4250000e+02;2.1347974e-01;3.4250000e+02;2.2854938e-01;3.4250000e+02;2.1615168e-01;3.4250000e+02;1.8100978e-01;3.4250000e+02;1.3253449e-01;3.4250000e+02;8.1946641e-02;3.4250000e+02;3.6174733e-02;3.4250000e+02;-7.9174191e-03;3.4250000e+02;-1.8729921e-03;3.4250000e+02;1.0087289e-02;3.4250000e+02;2.7382944e-02;3.4250000e+02;4.9723372e-02;3.4250000e+02;7.4052058e-02;3.4250000e+02;9.7259946e-02;3.4250000e+02;1.1883686e-01;3.4250000e+02;1.3779750e-01;3.4250000e+02;1.5865502e-01;3.4250000e+02;1.8615317e-01;3.4250000e+02;2.1347974e-01;3.4250000e+02;2.2854938e-01;3.4250000e+02;2.1615168e-01;3.4250000e+02;1.8100978e-01;3.4250000e+02;1.3253449e-01;3.4250000e+02;8.1946641e-02;3.4250000e+02;3.6174733e-02;3.4250000e+02;-7.9174191e-03;3.4250000e+02;-1.8729921e-03;3.4250000e+02;1.0087289e-02;3.4250000e+02;2.7382944e-02;3.4250000e+02;4.9723372e-02;3.4250000e+02;7.4052058e-02;3.4250000e+02;9.7259946e-02;3.4250000e+02;1.1883686e-01;3.4250000e+02;1.3779750e-01;3.4250000e+02;1.5865502e-01;3.4250000e+02;1.8615317e-01;3.4250000e+02;2.1347974e-01;3.4250000e+02;2.2854938e-01;3.4250000e+02;2.1615168e-01;3.4250000e+02;1.8100978e-01;3.4250000e+02;1.3253449e-01;3.4250000e+02;8.1946641e-02;3.4250000e+02;3.6174733e-02;3.4250000e+02;-7.9174191e-03;3.4250000e+02;-1.8729921e-03;3.4250000e+02;1.0087289e-02;3.4250000e+02;2.7382944e-02;3.4250000e+02;4.9723372e-02;3.4250000e+02;7.4052058e-02;3.4250000e+02;9.7259946e-02;3.4250000e+02;1.1883686e-01;3.4250000e+02;1.3779750e-01;3.4250000e+02;1.5865502e-01;3.4250000e+02;1.8615317e-01;3.4250000e+02;2.1347974e-01;3.4250000e+02;2.2854938e-01;3.4250000e+02;2.1615168e-01;3.4250000e+02;1.8100978e-01;3.4250000e+02;1.3253449e-01;3.4250000e+02;8.1946641e-02;3.4250000e+02;3.6174733e-02;3.4250000e+02;-7.9174191e-03;3.4250000e+02;-1.8729921e-03;3.4250000e+02;1.0087289e-02;3.4250000e+02;2.7382944e-02;3.4250000e+02;4.9723372e-02;3.4250000e+02;7.4052058e-02;3.4250000e+02;9.7259946e-02;3.4250000e+02;1.1883686e-01;3.4250000e+02;1.3779750e-01;3.4250000e+02;1.5865502e-01;3.4250000e+02;1.8615317e-01;3.4250000e+02;2.1347974e-01;3.4250000e+02;2.2854938e-01;3.4250000e+02;2.1615168e-01;3.4250000e+02;1.8100978e-01;3.4250000e+02;1.3253449e-01;3.4250000e+02;8.1946641e-02;3.4250000e+02;3.6174733e-02;3.4250000e+02;-7.9174191e-03;3.4250000e+02;-1.8729921e-03;3.4250000e+02;1.0087289e-02;3.4250000e+02;2.7382944e-02;3.4250000e+02;4.9723372e-02;3.4250000e+02;7.4052058e-02;3.4250000e+02;9.7259946e-02;3.4250000e+02;1.1883686e-01;3.4250000e+02;1.3779750e-01;3.4250000e+02;1.5865502e-01;3.4250000e+02;1.8615317e-01;3.4250000e+02;2.1347974e-01;3.4250000e+02;2.2854938e-01;3.4250000e+02;2.1615168e-01;3.4250000e+02;1.8100978e-01;3.4250000e+02;1.3253449e-01;3.4250000e+02;8.1946641e-02;3.4250000e+02;3.6174733e-02;3.4250000e+02;-7.9174191e-03;3.4250000e+02;-1.8729921e-03;3.4250000e+02;1.0087289e-02;3.4250000e+02;2.7382944e-02;3.4250000e+02;4.9723372e-02;3.4250000e+02;7.4052058e-02;3.4250000e+02;9.7259946e-02;3.4250000e+02;1.1883686e-01;3.4250000e+02;1.3779750e-01;3.4250000e+02;1.5865502e-01;3.4250000e+02;1.8615317e-01;3.4250000e+02;2.1347974e-01;3.4250000e+02;2.2854938e-01;3.4250000e+02;2.1615168e-01;3.4250000e+02;1.8100978e-01;3.4250000e+02;1.3253449e-01;3.4250000e+02;8.1946641e-02;3.4250000e+02;3.6174733e-02;3.4250000e+02;-7.9174191e-03;3.4250000e+02;-1.8729921e-03;3.4250000e+02;1.0087289e-02;3.4250000e+02;2.7382944e-02;3.4250000e+02;4.9723372e-02;3.4250000e+02;7.4052058e-02;3.4250000e+02;9.7259946e-02;3.4250000e+02;1.1883686e-01;3.4250000e+02;1.3779750e-01;3.4250000e+02;1.5865502e-01;3.4250000e+02;1.8615317e-01;3.4250000e+02;2.1347974e-01;3.4250000e+02;2.2854938e-01;3.4250000e+02;2.1615168e-01;3.4250000e+02;1.8100978e-01;3.4250000e+02;1.3253449e-01;3.4250000e+02;8.1946641e-02;3.4250000e+02;3.6174733e-02;3.4250000e+02;-7.9174191e-03;3.4250000e+02;-1.8729921e-03;3.4250000e+02;1.0087289e-02;3.4250000e+02;2.7382944e-02;3.4250000e+02;4.9723372e-02;3.4250000e+02;7.4052058e-02;3.4250000e+02;9.7259946e-02;3.4250000e+02;1.1883686e-01;3.4250000e+02;1.3779750e-01;3.4250000e+02;1.5865502e-01;3.4250000e+02;1.8615317e-01;3.4250000e+02;2.1347974e-01;3.4250000e+02;2.2854938e-01;3.4250000e+02;2.1615168e-01;3.4250000e+02;1.8100978e-01;3.4250000e+02;1.3253449e-01;3.4250000e+02;8.1946641e-02;3.4250000e+02;3.6174733e-02;3.4250000e+02;-7.9174191e-03;3.4250000e+02;-1.8729921e-03;3.4250000e+02;1.0087289e-02;3.4250000e+02;2.7382944e-02;3.4250000e+02;4.9723372e-02;3.4250000e+02;7.4052058e-02;3.4250000e+02;9.7259946e-02;3.4250000e+02;1.1883686e-01;3.4250000e+02;1.3779750e-01;3.4250000e+02;1.5865502e-01;3.4250000e+02;1.8615317e-01;3.4250000e+02;2.1347974e-01;3.4250000e+02;2.2854938e-01;3.4250000e+02;2.1615168e-01;3.4250000e+02;1.8100978e-01;3.4250000e+02;1.3253449e-01;3.4250000e+02;8.1946641e-02;3.4250000e+02;3.6174733e-02;3.4250000e+02;-7.9174191e-03;3.4250000e+02;-1.8729921e-03;3.4250000e+02;1.0087289e-02;3.4250000e+02;2.7382944e-02;3.4250000e+02;4.9723372e-02;3.4250000e+02;7.4052058e-02;3.4250000e+02;9.7259946e-02;3.4250000e+02;1.1883686e-01;3.4250000e+02;1.3779750e-01;3.4250000e+02;1.5865502e-01;3.4250000e+02;1.8615317e-01;3.4250000e+02;2.1347974e-01;3.4250000e+02;2.2854938e-01;3.4250000e+02;2.1615168e-01;3.4250000e+02;1.8100978e-01;3.4250000e+02;1.3253449e-01;3.4250000e+02;8.1946641e-02;3.4250000e+02;3.6174733e-02;3.4250000e+02;-7.9174191e-03;3.4250000e+02;-1.8729921e-03;3.4250000e+02;1.0087289e-02;3.4250000e+02;2.7382944e-02;3.4250000e+02;4.9723372e-02;3.4250000e+02;7.4052058e-02;3.4250000e+02;9.7259946e-02;3.4250000e+02;1.1883686e-01;3.4250000e+02;1.3779750e-01;3.4250000e+02;1.5865502e-01;3.4250000e+02;1.8615317e-01;3.4250000e+02;2.1347974e-01;3.4250000e+02;2.2854938e-01;3.4250000e+02;2.1615168e-01;3.4250000e+02;1.8100978e-01;3.4250000e+02;1.3253449e-01;3.4250000e+02;8.1946641e-02;3.4250000e+02;3.6174733e-02;3.4250000e+02;-7.9174191e-03;3.4250000e+02;-1.8729921e-03;3.4250000e+02;1.0087289e-02;3.4250000e+02;2.7382944e-02;3.4250000e+02;4.9723372e-02;3.4250000e+02;7.4052058e-02;3.4250000e+02;9.7259946e-02;3.4250000e+02;1.1883686e-01;3.4250000e+02;1.3779750e-01;3.4250000e+02;1.5865502e-01;3.4250000e+02;1.8615317e-01;3.4250000e+02;2.1347974e-01;3.4250000e+02;2.2854938e-01;3.4250000e+02;2.1615168e-01;3.4250000e+02;1.8100978e-01;3.4250000e+02;1.3253449e-01;3.4250000e+02;8.1946641e-02;3.4250000e+02;3.6174733e-02;3.4250000e+02;-7.9174191e-03;3.4250000e+02;-1.8729921e-03;3.4250000e+02;1.0087289e-02;3.4250000e+02;2.7382944e-02;3.4250000e+02;4.9723372e-02;3.4250000e+02;7.4052058e-02;3.4250000e+02;9.7259946e-02;3.4250000e+02;1.1883686e-01;3.4250000e+02;1.3779750e-01;3.4250000e+02;1.5865502e-01;3.4250000e+02;1.8615317e-01;3.4250000e+02;2.1347974e-01;3.4250000e+02;2.2854938e-01;3.4250000e+02;2.1615168e-01;3.4250000e+02;1.8100978e-01;3.4250000e+02;1.3253449e-01;3.4250000e+02;8.1946641e-02;3.4250000e+02;3.6174733e-02;3.4250000e+02;-7.9174191e-03;3.4250000e+02;-1.8729921e-03;3.4250000e+02;1.0087289e-02;3.4250000e+02;2.7382944e-02;3.4250000e+02;4.9723372e-02;3.4250000e+02;7.4052058e-02;3.4250000e+02;9.7259946e-02;3.4250000e+02;1.1883686e-01;3.4250000e+02;1.3779750e-01;3.4250000e+02;1.5865502e-01;3.4250000e+02;1.8615317e-01;3.4250000e+02;2.1347974e-01;3.4250000e+02;2.2854938e-01;3.4250000e+02;2.1615168e-01;3.4250000e+02;1.8100978e-01;3.4250000e+02;1.3253449e-01;3.4250000e+02;8.1946641e-02;3.4250000e+02;3.6174733e-02;3.4250000e+02;-7.9174191e-03;3.4250000e+02;-1.8729921e-03;3.4250000e+02;1.0087289e-02;3.4250000e+02;2.7382944e-02;3.4250000e+02;4.9723372e-02;3.4250000e+02;7.4052058e-02;3.4250000e+02;9.7259946e-02;3.4250000e+02;1.1883686e-01;3.4250000e+02;1.3779750e-01;3.4250000e+02;1.5865502e-01;3.4250000e+02;1.8615317e-01;3.4250000e+02;2.1347974e-01;3.4250000e+02;2.2854938e-01;3.4250000e+02;2.1615168e-01;3.4250000e+02;1.8100978e-01;3.4250000e+02;1.3253449e-01;3.4250000e+02;8.1946641e-02;3.4250000e+02;3.6174733e-02;3.4250000e+02;-7.9174191e-03;3.4250000e+02;-1.8729921e-03;3.4250000e+02;1.0087289e-02;3.4250000e+02;2.7382944e-02;3.4250000e+02;4.9723372e-02;3.4250000e+02;7.4052058e-02;3.4250000e+02;9.7259946e-02;3.4250000e+02;1.1883686e-01;3.4250000e+02;1.3779750e-01;3.4250000e+02;1.5865502e-01;3.4250000e+02;1.8615317e-01;3.4250000e+02;2.1347974e-01;3.4250000e+02;2.2854938e-01;3.4250000e+02;2.1615168e-01;3.4250000e+02;1.8100978e-01;3.4250000e+02;1.3253449e-01;3.4250000e+02;8.1946641e-02;3.4250000e+02;3.6174733e-02;3.4250000e+02;-7.9174191e-03;3.4250000e+02;-1.8729921e-03;3.4250000e+02;1.0087289e-02;3.4250000e+02;2.7382944e-02;3.4250000e+02;4.9723372e-02;3.4250000e+02;7.4052058e-02;3.4250000e+02;9.7259946e-02;3.4250000e+02;1.1883686e-01;3.4250000e+02;1.3779750e-01;3.4250000e+02;1.5865502e-01;3.4250000e+02;1.8615317e-01;3.4250000e+02;2.1347974e-01;3.4250000e+02;2.2854938e-01;3.4250000e+02;2.1615168e-01;3.4250000e+02;1.8100978e-01;3.4250000e+02;1.3253449e-01;3.4250000e+02;8.1946641e-02;3.4250000e+02;3.6174733e-02;3.4250000e+02;-7.9174191e-03;3.4250000e+02;-1.8729921e-03;3.4250000e+02;1.0087289e-02;3.4250000e+02;2.7382944e-02;3.4250000e+02;4.9723372e-02;3.4250000e+02;7.4052058e-02;3.4250000e+02;9.7259946e-02;3.4250000e+02;1.1883686e-01;3.4250000e+02;1.3779750e-01;3.4250000e+02;1.5865502e-01;3.4250000e+02;1.8615317e-01;3.4250000e+02;2.1347974e-01;3.4250000e+02;2.2854938e-01;3.4250000e+02;2.1615168e-01;3.4250000e+02;1.8100978e-01;3.4250000e+02;1.3253449e-01;3.4250000e+02;8.1946641e-02;3.4250000e+02;3.6174733e-02;3.4250000e+02;-7.9174191e-03;3.4250000e+02;-1.8729921e-03;3.4250000e+02;1.0087289e-02;3.4250000e+02;2.7382944e-02;3.4250000e+02;4.9723372e-02;3.4250000e+02;7.4052058e-02;3.4250000e+02;9.7259946e-02;3.4250000e+02;1.1883686e-01;3.4250000e+02;1.3779750e-01;3.4250000e+02;1.5865502e-01;3.4250000e+02;1.8615317e-01;3.4250000e+02;2.1347974e-01;3.4250000e+02;2.2854938e-01;3.4250000e+02;2.1615168e-01;3.4250000e+02;1.8100978e-01;3.4250000e+02;1.3253449e-01;3.4250000e+02;8.1946641e-02;3.4250000e+02;3.6174733e-02;3.4250000e+02;-7.9174191e-03;3.4250000e+02;-1.8729921e-03;3.4250000e+02;1.0087289e-02;3.4250000e+02;2.7382944e-02;3.4250000e+02;4.9723372e-02;3.4250000e+02;7.4052058e-02;3.4250000e+02;9.7259946e-02;3.4250000e+02;1.1883686e-01;3.4250000e+02;1.3779750e-01;3.4250000e+02;1.5865502e-01;3.4250000e+02;1.8615317e-01;3.4250000e+02;2.1347974e-01;3.4250000e+02;2.2854938e-01;3.4250000e+02;2.1615168e-01;3.4250000e+02;1.8100978e-01;3.4250000e+02;1.3253449e-01;3.4250000e+02;8.1946641e-02;3.4250000e+02;3.6174733e-02;3.4250000e+02;-7.9174191e-03;3.4250000e+02;-1.8729921e-03;3.4250000e+02;1.0087289e-02;3.4250000e+02;2.7382944e-02;3.4250000e+02;4.9723372e-02;3.4250000e+02;7.4052058e-02;3.4250000e+02;9.7259946e-02;3.4250000e+02;1.1883686e-01;3.4250000e+02;1.3779750e-01;3.4250000e+02;1.5865502e-01;3.4250000e+02;1.8615317e-01;3.4250000e+02;2.1347974e-01;3.4250000e+02;2.2854938e-01;3.4250000e+02;2.1615168e-01;3.4250000e+02;1.8100978e-01;3.4250000e+02;1.3253449e-01;3.4250000e+02;8.1946641e-02;3.4250000e+02;3.6174733e-02;3.4250000e+02;-7.9174191e-03;3.4250000e+02;-1.8729921e-03;3.4250000e+02;1.0087289e-02;3.4250000e+02;2.7382944e-02;3.4250000e+02;4.9723372e-02;3.4250000e+02;7.4052058e-02;3.4250000e+02;9.7259946e-02;3.4250000e+02;1.1883686e-01;3.4250000e+02;1.3779750e-01;3.4250000e+02;1.5865502e-01;3.4250000e+02;1.8615317e-01;3.4250000e+02;2.1347974e-01;3.4250000e+02;2.2854938e-01;3.4250000e+02;2.1615168e-01;3.4250000e+02;1.8100978e-01;3.4250000e+02;1.3253449e-01;3.4250000e+02;8.1946641e-02;3.4250000e+02;3.6174733e-02;3.4250000e+02;-7.9174191e-03;3.4250000e+02;-1.8729921e-03;3.4250000e+02;1.0087289e-02;3.4250000e+02;2.7382944e-02;3.4250000e+02;4.9723372e-02;3.4250000e+02;7.4052058e-02;3.4250000e+02;9.7259946e-02;3.4250000e+02;1.1883686e-01;3.4250000e+02;1.3779750e-01;3.4250000e+02;1.5865502e-01;3.4250000e+02;1.8615317e-01;3.4250000e+02;2.1347974e-01;3.4250000e+02;2.2854938e-01;3.4250000e+02;2.1615168e-01;3.4250000e+02;1.8100978e-01;3.4250000e+02;1.3253449e-01;3.4250000e+02;8.1946641e-02;3.4250000e+02;3.6174733e-02;3.4250000e+02;-7.9174191e-03;3.4250000e+02;-1.8729921e-03;3.4250000e+02;1.0087289e-02;3.4250000e+02;2.7382944e-02;3.4250000e+02;4.9723372e-02;3.4250000e+02;7.4052058e-02;3.4250000e+02;9.7259946e-02;3.4250000e+02;1.1883686e-01;3.4250000e+02;1.3779750e-01;3.4250000e+02;1.5865502e-01;3.4250000e+02;1.8615317e-01;3.4250000e+02;2.1347974e-01;3.4250000e+02;2.2854938e-01;3.4250000e+02;2.1615168e-01;3.4250000e+02;1.8100978e-01;3.4250000e+02;1.3253449e-01;3.4250000e+02;8.1946641e-02;3.4250000e+02;3.6174733e-02;3.4250000e+02;-7.9174191e-03;3.4250000e+02;-1.8729921e-03;3.4250000e+02;1.0087289e-02;3.4250000e+02;2.7382944e-02;3.4250000e+02;4.9723372e-02;3.4250000e+02;7.4052058e-02;3.4250000e+02;9.7259946e-02;3.4250000e+02;1.1883686e-01;3.4250000e+02;1.3779750e-01;3.4250000e+02;1.5865502e-01;3.4250000e+02;1.8615317e-01;3.4250000e+02;2.1347974e-01;3.4250000e+02;2.2854938e-01;3.4250000e+02;2.1615168e-01;3.4250000e+02;1.8100978e-01;3.4250000e+02;1.3253449e-01;3.4250000e+02;8.1946641e-02;3.4250000e+02;3.6174733e-02;3.4250000e+02;-7.9174191e-03;3.4250000e+02;-1.8729921e-03;3.4250000e+02;1.0087289e-02;3.4250000e+02;2.7382944e-02;3.4250000e+02;4.9723372e-02;3.4250000e+02;7.4052058e-02;3.4250000e+02;9.7259946e-02;3.4250000e+02;1.1883686e-01;3.4250000e+02;1.3779750e-01;3.4250000e+02;1.5865502e-01;3.4250000e+02;1.8615317e-01;3.4250000e+02;2.1347974e-01;3.4250000e+02;2.2854938e-01;3.4250000e+02;2.1615168e-01;3.4250000e+02;1.8100978e-01;3.4250000e+02;1.3253449e-01;3.4250000e+02;8.1946641e-02;3.4250000e+02;3.6174733e-02;3.4250000e+02;-7.9174191e-03;3.4250000e+02;-1.8729921e-03;3.4250000e+02;1.0087289e-02;3.4250000e+02;2.7382944e-02;3.4250000e+02;4.9723372e-02;3.4250000e+02;7.4052058e-02;3.4250000e+02;9.7259946e-02;3.4250000e+02;1.1883686e-01;3.4250000e+02;1.3779750e-01;3.4250000e+02;1.5865502e-01;3.4250000e+02;1.8615317e-01;3.4250000e+02;2.1347974e-01;3.4250000e+02;2.2854938e-01;3.4250000e+02;2.1615168e-01;3.4250000e+02;1.8100978e-01;3.4250000e+02;1.3253449e-01;3.4250000e+02;8.1946641e-02;3.4250000e+02;3.6174733e-02;3.4250000e+02;-7.9174191e-03;3.4250000e+02;-1.8729921e-03;3.4250000e+02;1.0087289e-02;3.4250000e+02;2.7382944e-02;3.4250000e+02;4.9723372e-02;3.4250000e+02;7.4052058e-02;3.4250000e+02;9.7259946e-02;3.4250000e+02;1.1883686e-01;3.4250000e+02;1.3779750e-01;3.4250000e+02;1.5865502e-01;3.4250000e+02;1.8615317e-01;3.4250000e+02;2.1347974e-01;3.4250000e+02;2.2854938e-01;3.4250000e+02;2.1615168e-01;3.4250000e+02;1.8100978e-01;3.4250000e+02;1.3253449e-01;3.4250000e+02;8.1946641e-02;3.4250000e+02;3.6174733e-02;3.4250000e+02;-7.9174191e-03;3.4250000e+02;-1.8729921e-03;3.4250000e+02;1.0087289e-02;3.4250000e+02;2.7382944e-02;3.4250000e+02;4.9723372e-02;3.4250000e+02;7.4052058e-02;3.4250000e+02;9.7259946e-02;3.4250000e+02;1.1883686e-01;3.4250000e+02;1.3779750e-01;3.4250000e+02;1.5865502e-01;3.4250000e+02;1.8615317e-01;3.4250000e+02;2.1347974e-01;3.4250000e+02;2.2854938e-01;3.4250000e+02;2.1615168e-01;3.4250000e+02;1.8100978e-01;3.4250000e+02;1.3253449e-01;3.4250000e+02;8.1946641e-02;3.4250000e+02;3.6174733e-02;3.4250000e+02;-7.9174191e-03;3.4250000e+02;-1.8729921e-03;3.4250000e+02;1.0087289e-02;3.4250000e+02;2.7382944e-02;3.4250000e+02;4.9723372e-02;3.4250000e+02;7.4052058e-02;3.4250000e+02;9.7259946e-02;3.4250000e+02;1.1883686e-01;3.4250000e+02;1.3779750e-01;3.4250000e+02;1.5865502e-01;3.4250000e+02;1.8615317e-01;3.4250000e+02;2.1347974e-01;3.4250000e+02;2.2854938e-01;3.4250000e+02;2.1615168e-01;3.4250000e+02;1.8100978e-01;3.4250000e+02;1.3253449e-01;3.4250000e+02;8.1946641e-02;3.4250000e+02;3.6174733e-02;3.4250000e+02;-7.9174191e-03;3.4250000e+02;-1.8729921e-03;3.4250000e+02;1.0087289e-02;3.4250000e+02;2.7382944e-02;3.4250000e+02;4.9723372e-02;3.4250000e+02;7.4052058e-02;3.4250000e+02;9.7259946e-02;3.4250000e+02;1.1883686e-01;3.4250000e+02;1.3779750e-01;3.4250000e+02;1.5865502e-01;3.4250000e+02;1.8615317e-01;3.4250000e+02;2.1347974e-01;3.4250000e+02;2.2854938e-01;3.4250000e+02;2.1615168e-01;3.4250000e+02;1.8100978e-01;3.4250000e+02;1.3253449e-01;3.4250000e+02;8.1946641e-02;3.4250000e+02;3.6174733e-02;3.4250000e+02;-7.9174191e-03;3.4250000e+02;-1.8729921e-03;3.4250000e+02;1.0087289e-02;3.4250000e+02;2.7382944e-02;3.4250000e+02;4.9723372e-02;3.4250000e+02;7.4052058e-02;3.4250000e+02;9.7259946e-02;3.4250000e+02;1.1883686e-01;3.4250000e+02;1.3779750e-01;3.4250000e+02;1.5865502e-01;3.4250000e+02;1.8615317e-01;3.4250000e+02;2.1347974e-01;3.4250000e+02;2.2854938e-01;3.4250000e+02;2.1615168e-01;3.4250000e+02;1.8100978e-01;3.4250000e+02;1.3253449e-01;3.4250000e+02;8.1946641e-02;3.4250000e+02;3.6174733e-02;3.4250000e+02;-7.9174191e-03;3.4250000e+02;-1.8729921e-03;3.4250000e+02;1.0087289e-02;3.4250000e+02;2.7382944e-02;3.4250000e+02;4.9723372e-02;3.4250000e+02;7.4052058e-02;3.4250000e+02;9.7259946e-02;3.4250000e+02;1.1883686e-01;3.4250000e+02;1.3779750e-01;3.4250000e+02;1.5865502e-01;3.4250000e+02;1.8615317e-01;3.4250000e+02;2.1347974e-01;3.4250000e+02;2.2854938e-01;3.4250000e+02;2.1615168e-01;3.4250000e+02;1.8100978e-01;3.4250000e+02;1.3253449e-01;3.4250000e+02;8.1946641e-02;3.4250000e+02;3.6174733e-02;3.4250000e+02;-7.9174191e-03;3.4250000e+02;-1.8729921e-03;3.4250000e+02;1.0087289e-02;3.4250000e+02;2.7382944e-02;3.4250000e+02;4.9723372e-02;3.4250000e+02;7.4052058e-02;3.4250000e+02;9.7259946e-02;3.4250000e+02;1.1883686e-01;3.4250000e+02;1.3779750e-01;3.4250000e+02;1.5865502e-01;3.4250000e+02;1.8615317e-01;3.4250000e+02;2.1347974e-01;3.4250000e+02;2.2854938e-01;3.4250000e+02;2.1615168e-01;3.4250000e+02;1.8100978e-01;3.4250000e+02;1.3253449e-01;3.4250000e+02;8.1946641e-02;3.4250000e+02;3.6174733e-02;3.4250000e+02;-7.9174191e-03;3.4250000e+02;-1.8729921e-03;3.4250000e+02;1.0087289e-02;3.4250000e+02;2.7382944e-02;3.4250000e+02;4.9723372e-02;3.4250000e+02;7.4052058e-02;3.4250000e+02;9.7259946e-02;3.4250000e+02;1.1883686e-01;3.4250000e+02;1.3779750e-01;3.4250000e+02;1.5865502e-01;3.4250000e+02;1.8615317e-01;3.4250000e+02;2.1347974e-01;3.4250000e+02;2.2854938e-01;3.4250000e+02;2.1615168e-01;3.4250000e+02;1.8100978e-01;3.4250000e+02;1.3253449e-01;3.4250000e+02;8.1946641e-02;3.4250000e+02;3.6174733e-02;3.4250000e+02;-7.9174191e-03;3.4250000e+02;-1.8729921e-03;3.4250000e+02;1.0087289e-02;3.4250000e+02;2.7382944e-02;3.4250000e+02;4.9723372e-02;3.4250000e+02;7.4052058e-02;3.4250000e+02;9.7259946e-02;3.4250000e+02;1.1883686e-01;3.4250000e+02;1.3779750e-01;3.4250000e+02;1.5865502e-01;3.4250000e+02;1.8615317e-01;3.4250000e+02;2.1347974e-01;3.4250000e+02;2.2854938e-01;3.4250000e+02;2.1615168e-01;3.4250000e+02;1.8100978e-01;3.4250000e+02;1.3253449e-01;3.4250000e+02;8.1946641e-02;3.4250000e+02;3.6174733e-02;3.4250000e+02;-7.9174191e-03;3.4250000e+02;-1.8729921e-03;3.4250000e+02;1.0087289e-02;3.4250000e+02;2.7382944e-02;3.4250000e+02;4.9723372e-02;3.4250000e+02;7.4052058e-02;3.4250000e+02;9.7259946e-02;3.4250000e+02;1.1883686e-01;3.4250000e+02;1.3779750e-01;3.4250000e+02;1.5865502e-01;3.4250000e+02;1.8615317e-01;3.4250000e+02;2.1347974e-01;3.4250000e+02;2.2854938e-01;3.4250000e+02;2.1615168e-01;3.4250000e+02;1.8100978e-01;3.4250000e+02;1.3253449e-01;3.4250000e+02;8.1946641e-02;3.4250000e+02;3.6174733e-02;3.4250000e+02;-7.9174191e-03;3.4250000e+02;-1.8729921e-03;3.4250000e+02;1.0087289e-02;3.4250000e+02;2.7382944e-02;3.4250000e+02;4.9723372e-02;3.4250000e+02;7.4052058e-02;3.4250000e+02;9.7259946e-02;3.4250000e+02;1.1883686e-01;3.4250000e+02;1.3779750e-01;3.4250000e+02;1.5865502e-01;3.4250000e+02;1.8615317e-01;3.4250000e+02;2.1347974e-01;3.4250000e+02;2.2854938e-01;3.4250000e+02;2.1615168e-01;3.4250000e+02;1.8100978e-01;3.4250000e+02;1.3253449e-01;3.4250000e+02;8.1946641e-02;3.4250000e+02;3.6174733e-02;3.4250000e+02;-7.9174191e-03;3.4250000e+02;-1.8729921e-03;3.4250000e+02;1.0087289e-02;3.4250000e+02;2.7382944e-02;3.4250000e+02;4.9723372e-02;3.4250000e+02;7.4052058e-02;3.4250000e+02;9.7259946e-02;3.4250000e+02;1.1883686e-01;3.4250000e+02;1.3779750e-01;3.4250000e+02;1.5865502e-01;3.4250000e+02;1.8615317e-01;3.4250000e+02;2.1347974e-01;3.4250000e+02;2.2854938e-01;3.4250000e+02;2.1615168e-01;3.4250000e+02;1.8100978e-01;3.4250000e+02;1.3253449e-01;3.4250000e+02;8.1946641e-02;3.4250000e+02;3.6174733e-02;3.4250000e+02;-7.9174191e-03;3.4250000e+02;-1.8729921e-03;3.4250000e+02;1.0087289e-02;3.4250000e+02;2.7382944e-02;3.4250000e+02;4.9723372e-02;3.4250000e+02;7.4052058e-02;3.4250000e+02;9.7259946e-02;3.4250000e+02;1.1883686e-01;3.4250000e+02;1.3779750e-01;3.4250000e+02;1.5865502e-01;3.4250000e+02;1.8615317e-01;3.4250000e+02;2.1347974e-01;3.4250000e+02;2.2854938e-01;3.4250000e+02;2.1615168e-01;3.4250000e+02;1.8100978e-01;3.4250000e+02;1.3253449e-01;3.4250000e+02;8.1946641e-02;3.4250000e+02;3.6174733e-02;3.4250000e+02;-7.9174191e-03;3.4250000e+02;-1.8729921e-03;3.4250000e+02;1.0087289e-02;3.4250000e+02;2.7382944e-02;3.4250000e+02;4.9723372e-02;3.4250000e+02;7.4052058e-02;3.4250000e+02;9.7259946e-02;3.4250000e+02;1.1883686e-01;3.4250000e+02;1.3779750e-01;3.4250000e+02;1.5865502e-01;3.4250000e+02;1.8615317e-01;3.4250000e+02;2.1347974e-01;3.4250000e+02;2.2854938e-01;3.4250000e+02;2.1615168e-01;3.4250000e+02;1.8100978e-01;3.4250000e+02;1.3253449e-01;3.4250000e+02;8.1946641e-02;3.4250000e+02;3.6174733e-02;3.4250000e+02;-7.9174191e-03;3.4250000e+02;-1.8729921e-03;3.4250000e+02;1.0087289e-02;3.4250000e+02;2.7382944e-02;3.4250000e+02;4.9723372e-02;3.4250000e+02;7.4052058e-02;3.4250000e+02;9.7259946e-02;3.4250000e+02;1.1883686e-01;3.4250000e+02;1.3779750e-01;3.4250000e+02;1.5865502e-01;3.4250000e+02;1.8615317e-01;3.4250000e+02;2.1347974e-01;3.4250000e+02;2.2854938e-01;3.4250000e+02;2.1615168e-01;3.4250000e+02;1.8100978e-01;3.4250000e+02;1.3253449e-01;3.4250000e+02;8.1946641e-02;3.4250000e+02;3.6174733e-02;3.4250000e+02;-7.9174191e-03;3.4250000e+02;-1.8729921e-03;3.4250000e+02;1.0087289e-02;3.4250000e+02;2.7382944e-02;3.4250000e+02;4.9723372e-02;3.4250000e+02;7.4052058e-02;3.4250000e+02;9.7259946e-02;3.4250000e+02;1.1883686e-01;3.4250000e+02;1.3779750e-01;3.4250000e+02;1.5865502e-01;3.4250000e+02;1.8615317e-01;3.4250000e+02;2.1347974e-01;3.4250000e+02;2.2854938e-01;3.4250000e+02;2.1615168e-01;3.4250000e+02;1.8100978e-01;3.4250000e+02;1.3253449e-01;3.4250000e+02;8.1946641e-02;3.4250000e+02;3.6174733e-02;3.4250000e+02;-7.9174191e-03;3.4250000e+02;-1.8729921e-03;3.4250000e+02;1.0087289e-02;3.4250000e+02;2.7382944e-02;3.4250000e+02;4.9723372e-02;3.4250000e+02;7.4052058e-02;3.4250000e+02;9.7259946e-02;3.4250000e+02;1.1883686e-01;3.4250000e+02;1.3779750e-01;3.4250000e+02;1.5865502e-01;3.4250000e+02;1.8615317e-01;3.4250000e+02;2.1347974e-01;3.4250000e+02;2.2854938e-01;3.4250000e+02;2.1615168e-01;3.4250000e+02;1.8100978e-01;3.4250000e+02;1.3253449e-01;3.4250000e+02;8.1946641e-02;3.4250000e+02;3.6174733e-02;3.4250000e+02;-7.9174191e-03;3.4250000e+02;-1.8729921e-03;3.4250000e+02;1.0087289e-02;3.4250000e+02;2.7382944e-02;3.4250000e+02;4.9723372e-02;3.4250000e+02;7.4052058e-02;3.4250000e+02;9.7259946e-02;3.4250000e+02;1.1883686e-01;3.4250000e+02;1.3779750e-01;3.4250000e+02;1.5865502e-01;3.4250000e+02;1.8615317e-01;3.4250000e+02;2.1347974e-01;3.4250000e+02;2.2854938e-01;3.4250000e+02;2.1615168e-01;3.4250000e+02;1.8100978e-01;3.4250000e+02;1.3253449e-01;3.4250000e+02;8.1946641e-02;3.4250000e+02;3.6174733e-02;3.4250000e+02;-7.9174191e-03;3.4250000e+02;-1.8729921e-03;3.4250000e+02;1.0087289e-02;3.4250000e+02;2.7382944e-02;3.4250000e+02;4.9723372e-02;3.4250000e+02;7.4052058e-02;3.4250000e+02;9.7259946e-02;3.4250000e+02;1.1883686e-01;3.4250000e+02;1.3779750e-01;3.4250000e+02;1.5865502e-01;3.4250000e+02;1.8615317e-01;3.4250000e+02;2.1347974e-01;3.4250000e+02;2.2854938e-01;3.4250000e+02;2.1615168e-01;3.4250000e+02;1.8100978e-01;3.4250000e+02;1.3253449e-01;3.4250000e+02;8.1946641e-02;3.4250000e+02;3.6174733e-02;3.4250000e+02;-7.9174191e-03;3.4250000e+02;-1.8729921e-03;3.4250000e+02;1.0087289e-02;3.4250000e+02;2.7382944e-02;3.4250000e+02;4.9723372e-02;3.4250000e+02;7.4052058e-02;3.4250000e+02;9.7259946e-02;3.4250000e+02;1.1883686e-01;3.4250000e+02;1.3779750e-01;3.4250000e+02;1.5865502e-01;3.4250000e+02;1.8615317e-01;3.4250000e+02;2.1347974e-01;3.4250000e+02;2.2854938e-01;3.4250000e+02;2.1615168e-01;3.4250000e+02;1.8100978e-01;3.4250000e+02;1.3253449e-01;3.4250000e+02;8.1946641e-02;3.4250000e+02;3.6174733e-02;3.4250000e+02;-7.9174191e-03;3.4250000e+02;-1.8729921e-03;3.4250000e+02;1.0087289e-02;3.4250000e+02;2.7382944e-02;3.4250000e+02;4.9723372e-02;3.4250000e+02;7.4052058e-02;3.4250000e+02;9.7259946e-02;3.4250000e+02;1.1883686e-01;3.4250000e+02;1.3779750e-01;3.4250000e+02;1.5865502e-01;3.4250000e+02;1.8615317e-01;3.4250000e+02;2.1347974e-01;3.4250000e+02;2.2854938e-01;3.4250000e+02;2.1615168e-01;3.4250000e+02;1.8100978e-01;3.4250000e+02;1.3253449e-01;3.4250000e+02;8.1946641e-02;3.4250000e+02;3.6174733e-02;3.4250000e+02;-7.9174191e-03;3.4250000e+02;-1.8729921e-03;3.4250000e+02;1.0087289e-02;3.4250000e+02;2.7382944e-02;3.4250000e+02;4.9723372e-02;3.4250000e+02;7.4052058e-02;3.4250000e+02;9.7259946e-02;3.4250000e+02;1.1883686e-01;3.4250000e+02;1.3779750e-01;3.4250000e+02;1.5865502e-01;3.4250000e+02;1.8615317e-01;3.4250000e+02;2.1347974e-01;3.4250000e+02;2.2854938e-01;3.4250000e+02;2.1615168e-01;3.4250000e+02;1.8100978e-01;3.4250000e+02;1.3253449e-01;3.4250000e+02;8.1946641e-02;3.4250000e+02;3.6174733e-02;3.4250000e+02;-7.9174191e-03;3.4250000e+02;-1.8729921e-03;3.4250000e+02;1.0087289e-02;3.4250000e+02;2.7382944e-02;3.4250000e+02;4.9723372e-02;3.4250000e+02;7.4052058e-02;3.4250000e+02;9.7259946e-02;3.4250000e+02;1.1883686e-01;3.4250000e+02;1.3779750e-01;3.4250000e+02;1.5865502e-01;3.4250000e+02;1.8615317e-01;3.4250000e+02;2.1347974e-01;3.4250000e+02;2.2854938e-01;3.4250000e+02;2.1615168e-01;3.4250000e+02;1.8100978e-01;3.4250000e+02;1.3253449e-01;3.4250000e+02;8.1946641e-02;3.4250000e+02;3.6174733e-02;3.4250000e+02;-7.9174191e-03;3.4250000e+02;-1.8729921e-03;3.4250000e+02;1.0087289e-02;3.4250000e+02;2.7382944e-02;3.4250000e+02;4.9723372e-02;3.4250000e+02;7.4052058e-02;3.4250000e+02;9.7259946e-02;3.4250000e+02;1.1883686e-01;3.4250000e+02;1.3779750e-01;3.4250000e+02;1.5865502e-01;3.4250000e+02;1.8615317e-01;3.4250000e+02;2.1347974e-01;3.4250000e+02;2.2854938e-01;3.4250000e+02;2.1615168e-01;3.4250000e+02;1.8100978e-01;3.4250000e+02;1.3253449e-01;3.4250000e+02;8.1946641e-02;3.4250000e+02;3.6174733e-02;3.4250000e+02;-7.9174191e-03;3.4250000e+02;-1.8729921e-03;3.4250000e+02;1.0087289e-02;3.4250000e+02;2.7382944e-02;3.4250000e+02;4.9723372e-02;3.4250000e+02;7.4052058e-02;3.4250000e+02;9.7259946e-02;3.4250000e+02;1.1883686e-01;3.4250000e+02;1.3779750e-01;3.4250000e+02;1.5865502e-01;3.4250000e+02;1.8615317e-01;3.4250000e+02;2.1347974e-01;3.4250000e+02;2.2854938e-01;3.4250000e+02;2.1615168e-01;3.4250000e+02;1.8100978e-01;3.4250000e+02;1.3253449e-01;3.4250000e+02;8.1946641e-02;3.4250000e+02;3.6174733e-02;3.4250000e+02;-7.9174191e-03;3.4250000e+02;-1.8729921e-03;3.4250000e+02;1.0087289e-02;3.4250000e+02;2.7382944e-02;3.4250000e+02;4.9723372e-02;3.4250000e+02;7.4052058e-02;3.4250000e+02;9.7259946e-02;3.4250000e+02;1.1883686e-01;3.4250000e+02;1.3779750e-01;3.4250000e+02;1.5865502e-01;3.4250000e+02;1.8615317e-01;3.4250000e+02;2.1347974e-01;3.4250000e+02;2.2854938e-01;3.4250000e+02;2.1615168e-01;3.4250000e+02;1.8100978e-01;3.4250000e+02;1.3253449e-01;3.4250000e+02;8.1946641e-02;3.4250000e+02;3.6174733e-02;3.4250000e+02;-7.9174191e-03;3.4250000e+02;-1.8729921e-03;3.4250000e+02;1.0087289e-02;3.4250000e+02;2.7382944e-02;3.4250000e+02;4.9723372e-02;3.4250000e+02;7.4052058e-02;3.4250000e+02;9.7259946e-02;3.4250000e+02;1.1883686e-01;3.4250000e+02;1.3779750e-01;3.4250000e+02;1.5865502e-01;3.4250000e+02;1.8615317e-01;3.4250000e+02;2.1347974e-01;3.4250000e+02;2.2854938e-01;3.4250000e+02;2.1615168e-01;3.4250000e+02;1.8100978e-01;3.4250000e+02;1.3253449e-01;3.4250000e+02;8.1946641e-02;3.4250000e+02;3.6174733e-02;3.4250000e+02;-7.9174191e-03;3.4250000e+02;-1.8729921e-03;3.4250000e+02;1.0087289e-02;3.4250000e+02;2.7382944e-02;3.4250000e+02;4.9723372e-02;3.4250000e+02;7.4052058e-02;3.4250000e+02;9.7259946e-02;3.4250000e+02;1.1883686e-01;3.4250000e+02;1.3779750e-01;3.4250000e+02;1.5865502e-01;3.4250000e+02;1.8615317e-01;3.4250000e+02;2.1347974e-01;3.4250000e+02;2.2854938e-01;3.4250000e+02;2.1615168e-01;3.4250000e+02;1.8100978e-01;3.4250000e+02;1.3253449e-01;3.4250000e+02;8.1946641e-02;3.4250000e+02;3.6174733e-02;3.4250000e+02;-7.9174191e-03;3.4250000e+02;-1.8729921e-03;3.4250000e+02;1.0087289e-02;3.4250000e+02;2.7382944e-02;3.4250000e+02;4.9723372e-02;3.4250000e+02;7.4052058e-02;3.4250000e+02;9.7259946e-02;3.4250000e+02;1.1883686e-01;3.4250000e+02;1.3779750e-01;3.4250000e+02;1.5865502e-01;3.4250000e+02;1.8615317e-01;3.4250000e+02;2.1347974e-01;3.4250000e+02;2.2854938e-01;3.4250000e+02;2.1615168e-01;3.4250000e+02;1.8100978e-01;3.4250000e+02;1.3253449e-01;3.4250000e+02;8.1946641e-02;3.4250000e+02;3.6174733e-02;3.4250000e+02;-7.9174191e-03;3.4250000e+02;-1.8729921e-03;3.4250000e+02;1.0087289e-02;3.4250000e+02;2.7382944e-02;3.4250000e+02;4.9723372e-02;3.4250000e+02;7.4052058e-02;3.4250000e+02;9.7259946e-02;3.4250000e+02;1.1883686e-01;3.4250000e+02;1.3779750e-01;3.4250000e+02;1.5865502e-01;3.4250000e+02;1.8615317e-01;3.4250000e+02;2.1347974e-01;3.4250000e+02;2.2854938e-01;3.4250000e+02;2.1615168e-01;3.4250000e+02;1.8100978e-01;3.4250000e+02;1.3253449e-01;3.4250000e+02;8.1946641e-02;3.4250000e+02;3.6174733e-02;3.4250000e+02;-7.9174191e-03;3.4250000e+02;-1.8729921e-03;3.4250000e+02;1.0087289e-02;3.4250000e+02;2.7382944e-02;3.4250000e+02;4.9723372e-02;3.4250000e+02;7.4052058e-02;3.4250000e+02;9.7259946e-02;3.4250000e+02;1.1883686e-01;3.4250000e+02;1.3779750e-01;3.4250000e+02;1.5865502e-01;3.4250000e+02;1.8615317e-01;3.4250000e+02;2.1347974e-01;3.4250000e+02;2.2854938e-01;3.4250000e+02;2.1615168e-01;3.4250000e+02;1.8100978e-01;3.4250000e+02;1.3253449e-01;3.4250000e+02;8.1946641e-02;3.4250000e+02;3.6174733e-02;3.4250000e+02;-7.9174191e-03;3.4250000e+02;-1.8729921e-03;3.4250000e+02;1.0087289e-02;3.4250000e+02;2.7382944e-02;3.4250000e+02;4.9723372e-02;3.4250000e+02;7.4052058e-02;3.4250000e+02;9.7259946e-02;3.4250000e+02;1.1883686e-01;3.4250000e+02;1.3779750e-01;3.4250000e+02;1.5865502e-01;3.4250000e+02;1.8615317e-01;3.4250000e+02;2.1347974e-01;3.4250000e+02;2.2854938e-01;3.4250000e+02;2.1615168e-01;3.4250000e+02;1.8100978e-01;3.4250000e+02;1.3253449e-01;3.4250000e+02;8.1946641e-02;3.4250000e+02;3.6174733e-02;3.4250000e+02;-7.9174191e-03;3.4250000e+02;-1.8729921e-03;3.4250000e+02;1.0087289e-02;3.4250000e+02;2.7382944e-02;3.4250000e+02;4.9723372e-02;3.4250000e+02;7.4052058e-02;3.4250000e+02;9.7259946e-02;3.4250000e+02;1.1883686e-01;3.4250000e+02;1.3779750e-01;3.4250000e+02;1.5865502e-01;3.4250000e+02;1.8615317e-01;3.4250000e+02;2.1347974e-01;3.4250000e+02;2.2854938e-01;3.4250000e+02;2.1615168e-01;3.4250000e+02;1.8100978e-01;3.4250000e+02;1.3253449e-01;3.4250000e+02;8.1946641e-02;3.4250000e+02;3.6174733e-02;3.4250000e+02;-7.9174191e-03;3.4250000e+02;-1.8729921e-03;3.4250000e+02;1.0087289e-02;3.4250000e+02;2.7382944e-02;3.4250000e+02;4.9723372e-02;3.4250000e+02;7.4052058e-02;3.4250000e+02;9.7259946e-02;3.4250000e+02;1.1883686e-01;3.4250000e+02;1.3779750e-01;3.4250000e+02;1.5865502e-01;3.4250000e+02;1.8615317e-01;3.4250000e+02;2.1347974e-01;3.4250000e+02;2.2854938e-01;3.4250000e+02;2.1615168e-01;3.4250000e+02;1.8100978e-01;3.4250000e+02;1.3253449e-01;3.4250000e+02;8.1946641e-02;3.4250000e+02;3.6174733e-02;3.4250000e+02;-7.9174191e-03;3.4250000e+02;-1.8729921e-03;3.4250000e+02;1.0087289e-02;3.4250000e+02;2.7382944e-02;3.4250000e+02;4.9723372e-02;3.4250000e+02;7.4052058e-02;3.4250000e+02;9.7259946e-02;3.4250000e+02;1.1883686e-01;3.4250000e+02;1.3779750e-01;3.4250000e+02;1.5865502e-01;3.4250000e+02;1.8615317e-01;3.4250000e+02;2.1347974e-01;3.4250000e+02;2.2854938e-01;3.4250000e+02;2.1615168e-01;3.4250000e+02;1.8100978e-01;3.4250000e+02;1.3253449e-01;3.4250000e+02;8.1946641e-02;3.4250000e+02;3.6174733e-02;3.4250000e+02;-7.9174191e-03;3.4250000e+02;-1.8729921e-03;3.4250000e+02;1.0087289e-02;3.4250000e+02;2.7382944e-02;3.4250000e+02;4.9723372e-02;3.4250000e+02;7.4052058e-02;3.4250000e+02;9.7259946e-02;3.4250000e+02;1.1883686e-01;3.4250000e+02;1.3779750e-01;3.4250000e+02;1.5865502e-01;3.4250000e+02;1.8615317e-01;3.4250000e+02;2.1347974e-01;3.4250000e+02;2.2854938e-01;3.4250000e+02;2.1615168e-01;3.4250000e+02;1.8100978e-01;3.4250000e+02;1.3253449e-01;3.4250000e+02;8.1946641e-02;3.4250000e+02;3.6174733e-02;3.4250000e+02;-7.9174191e-03;3.4250000e+02;-1.8729921e-03;3.4250000e+02;1.0087289e-02;3.4250000e+02;2.7382944e-02;3.4250000e+02;4.9723372e-02;3.4250000e+02;7.4052058e-02;3.4250000e+02;9.7259946e-02;3.4250000e+02;1.1883686e-01;3.4250000e+02;1.3779750e-01;3.4250000e+02;1.5865502e-01;3.4250000e+02;1.8615317e-01;3.4250000e+02;2.1347974e-01;3.4250000e+02;2.2854938e-01;3.4250000e+02;2.1615168e-01;3.4250000e+02;1.8100978e-01;3.4250000e+02;1.3253449e-01;3.4250000e+02;8.1946641e-02;3.4250000e+02;3.6174733e-02;3.4250000e+02;-7.9174191e-03;3.4250000e+02;-1.8729921e-03;3.4250000e+02;1.0087289e-02;3.4250000e+02;2.7382944e-02;3.4250000e+02;4.9723372e-02;3.4250000e+02;7.4052058e-02;3.4250000e+02;9.7259946e-02;3.4250000e+02;1.1883686e-01;3.4250000e+02;1.3779750e-01;3.4250000e+02;1.5865502e-01;3.4250000e+02;1.8615317e-01;3.4250000e+02;2.1347974e-01;3.4250000e+02;2.2854938e-01;3.4250000e+02;2.1615168e-01;3.4250000e+02;1.8100978e-01;3.4250000e+02;1.3253449e-01;3.4250000e+02;8.1946641e-02;3.4250000e+02;3.6174733e-02;3.4250000e+02;-7.9174191e-03;3.4250000e+02;-1.8729921e-03;3.4250000e+02;1.0087289e-02;3.4250000e+02;2.7382944e-02;3.4250000e+02;4.9723372e-02;3.4250000e+02;7.4052058e-02;3.4250000e+02;9.7259946e-02;3.4250000e+02;1.1883686e-01;3.4250000e+02;1.3779750e-01;3.4250000e+02;1.5865502e-01;3.4250000e+02;1.8615317e-01;3.4250000e+02;2.1347974e-01;3.4250000e+02;2.2854938e-01;3.4250000e+02;2.1615168e-01;3.4250000e+02;1.8100978e-01;3.4250000e+02;1.3253449e-01;3.4250000e+02;8.1946641e-02;3.4250000e+02;3.6174733e-02;3.4250000e+02;-7.9174191e-03;3.4250000e+02;-1.8729921e-03;3.4250000e+02;1.0087289e-02;3.4250000e+02;2.7382944e-02;3.4250000e+02;4.9723372e-02;3.4250000e+02;7.4052058e-02;3.4250000e+02;9.7259946e-02;3.4250000e+02;1.1883686e-01;3.4250000e+02;1.3779750e-01;3.4250000e+02;1.5865502e-01;3.4250000e+02;1.8615317e-01;3.4250000e+02;2.1347974e-01;3.4250000e+02;2.2854938e-01;3.4250000e+02;2.1615168e-01;3.4250000e+02;1.8100978e-01;3.4250000e+02;1.3253449e-01;3.4250000e+02;8.1946641e-02;3.4250000e+02;3.6174733e-02;3.4250000e+02;-7.9174191e-03;3.4250000e+02;-1.8729921e-03;3.4250000e+02;1.0087289e-02;3.4250000e+02;2.7382944e-02;3.4250000e+02;4.9723372e-02;3.4250000e+02;7.4052058e-02;3.4250000e+02;9.7259946e-02;3.4250000e+02;1.1883686e-01;3.4250000e+02;1.3779750e-01;3.4250000e+02;1.5865502e-01;3.4250000e+02;1.8615317e-01;3.4250000e+02;2.1347974e-01;3.4250000e+02;2.2854938e-01;3.4250000e+02;2.1615168e-01;3.4250000e+02;1.8100978e-01;3.4250000e+02;1.3253449e-01;3.4250000e+02;8.1946641e-02;3.4250000e+02;3.6174733e-02;3.4250000e+02;-7.9174191e-03;3.4250000e+02;-1.8729921e-03;3.4250000e+02;1.0087289e-02;3.4250000e+02;2.7382944e-02;3.4250000e+02;4.9723372e-02;3.4250000e+02;7.4052058e-02;3.4250000e+02;9.7259946e-02;3.4250000e+02;1.1883686e-01;3.4250000e+02;1.3779750e-01;3.4250000e+02;1.5865502e-01;3.4250000e+02;1.8615317e-01;3.4250000e+02;2.1347974e-01;3.4250000e+02;2.2854938e-01;3.4250000e+02;2.1615168e-01;3.4250000e+02;1.8100978e-01;3.4250000e+02;1.3253449e-01;3.4250000e+02;8.1946641e-02;3.4250000e+02;3.6174733e-02;3.4250000e+02;-7.9174191e-03;3.4250000e+02;-1.8729921e-03;3.4250000e+02;1.0087289e-02;3.4250000e+02;2.7382944e-02;3.4250000e+02;4.9723372e-02;3.4250000e+02;7.4052058e-02;3.4250000e+02;9.7259946e-02;3.4250000e+02;1.1883686e-01;3.4250000e+02;1.3779750e-01;3.4250000e+02;1.5865502e-01;3.4250000e+02;1.8615317e-01;3.4250000e+02;2.1347974e-01;3.4250000e+02;2.2854938e-01;3.4250000e+02;2.1615168e-01;3.4250000e+02;1.8100978e-01;3.4250000e+02;1.3253449e-01;3.4250000e+02;8.1946641e-02;3.4250000e+02;3.6174733e-02;3.4250000e+02;-7.9174191e-03;3.4250000e+02;-1.8729921e-03;3.4250000e+02;1.0087289e-02;3.4250000e+02;2.7382944e-02;3.4250000e+02;4.9723372e-02;3.4250000e+02;7.4052058e-02;3.4250000e+02;9.7259946e-02;3.4250000e+02;1.1883686e-01;3.4250000e+02;1.3779750e-01;3.4250000e+02;1.5865502e-01;3.4250000e+02;1.8615317e-01;3.4250000e+02;2.1347974e-01;3.4250000e+02;2.2854938e-01;3.4250000e+02;2.1615168e-01;3.4250000e+02;1.8100978e-01;3.4250000e+02;1.3253449e-01;3.4250000e+02;8.1946641e-02;3.4250000e+02;3.6174733e-02;3.4250000e+02;-7.9174191e-03;3.4250000e+02;-1.8729921e-03;3.4250000e+02;1.0087289e-02;3.4250000e+02;2.7382944e-02;3.4250000e+02;4.9723372e-02;3.4250000e+02;7.4052058e-02;3.4250000e+02;9.7259946e-02;3.4250000e+02;1.1883686e-01;3.4250000e+02;1.3779750e-01;3.4250000e+02;1.5865502e-01;3.4250000e+02;1.8615317e-01;3.4250000e+02;2.1347974e-01;3.4250000e+02;2.2854938e-01;3.4250000e+02;2.1615168e-01;3.4250000e+02;1.8100978e-01;3.4250000e+02;1.3253449e-01;3.4250000e+02;8.1946641e-02;3.4250000e+02;3.6174733e-02;3.4250000e+02;-7.9174191e-03;3.4250000e+02;-1.8729921e-03;3.4250000e+02;1.0087289e-02;3.4250000e+02;2.7382944e-02;3.4250000e+02;4.9723372e-02;3.4250000e+02;7.4052058e-02;3.4250000e+02;9.7259946e-02;3.4250000e+02;1.1883686e-01;3.4250000e+02;1.3779750e-01;3.4250000e+02;1.5865502e-01;3.4250000e+02;1.8615317e-01;3.4250000e+02;2.1347974e-01;3.4250000e+02;2.2854938e-01;3.4250000e+02;2.1615168e-01;3.4250000e+02;1.8100978e-01;3.4250000e+02;1.3253449e-01;3.4250000e+02;8.1946641e-02;3.4250000e+02;3.6174733e-02;3.4250000e+02;-7.9174191e-03;3.4250000e+02;-1.8729921e-03;3.4250000e+02;1.0087289e-02;3.4250000e+02;2.7382944e-02;3.4250000e+02;4.9723372e-02;3.4250000e+02;7.4052058e-02;3.4250000e+02;9.7259946e-02;3.4250000e+02;1.1883686e-01;3.4250000e+02;1.3779750e-01;3.4250000e+02;1.5865502e-01;3.4250000e+02;1.8615317e-01;3.4250000e+02;2.1347974e-01;3.4250000e+02;2.2854938e-01;3.4250000e+02;2.1615168e-01;3.4250000e+02;1.8100978e-01;3.4250000e+02;1.3253449e-01;3.4250000e+02;8.1946641e-02;3.4250000e+02;3.6174733e-02;3.4250000e+02;-7.9174191e-03;3.4250000e+02;-1.8729921e-03;3.4250000e+02;1.0087289e-02;3.4250000e+02;2.7382944e-02;3.4250000e+02;4.9723372e-02;3.4250000e+02;7.4052058e-02;3.4250000e+02;9.7259946e-02;3.4250000e+02;1.1883686e-01;3.4250000e+02;1.3779750e-01;3.4250000e+02;1.5865502e-01;3.4250000e+02;1.8615317e-01;3.4250000e+02;2.1347974e-01;3.4250000e+02;2.2854938e-01;3.4250000e+02;2.1615168e-01;3.4250000e+02;1.8100978e-01;3.4250000e+02;1.3253449e-01;3.4250000e+02;8.1946641e-02;3.4250000e+02;3.6174733e-02;3.4250000e+02;-7.9174191e-03;3.4250000e+02;-1.8729921e-03;3.4250000e+02;1.0087289e-02;3.4250000e+02;2.7382944e-02;3.4250000e+02;4.9723372e-02;3.4250000e+02;7.4052058e-02;3.4250000e+02;9.7259946e-02;3.4250000e+02;1.1883686e-01;3.4250000e+02;1.3779750e-01;3.4250000e+02;1.5865502e-01;3.4250000e+02;1.8615317e-01;3.4250000e+02;2.1347974e-01;3.4250000e+02;2.2854938e-01;3.4250000e+02;2.1615168e-01;3.4250000e+02;1.8100978e-01;3.4250000e+02;1.3253449e-01;3.4250000e+02;8.1946641e-02;3.4250000e+02;3.6174733e-02
3.4750000e+02;-5.6756297e-03;3.4750000e+02;-1.9016024e-04;3.4750000e+02;1.1210347e-02;3.4750000e+02;2.8429013e-02;3.4750000e+02;4.8750639e-02;3.4750000e+02;7.1091674e-02;3.4750000e+02;9.2782535e-02;3.4750000e+02;1.1331841e-01;3.4750000e+02;1.3355045e-01;3.4750000e+02;1.5472263e-01;3.4750000e+02;1.8196273e-01;3.4750000e+02;2.1049330e-01;3.4750000e+02;2.2676671e-01;3.4750000e+02;2.1529260e-01;3.4750000e+02;1.8123683e-01;3.4750000e+02;1.3333635e-01;3.4750000e+02;8.3690204e-02;3.4750000e+02;3.8645815e-02;3.4750000e+02;-5.6756297e-03;3.4750000e+02;-1.9016024e-04;3.4750000e+02;1.1210347e-02;3.4750000e+02;2.8429013e-02;3.4750000e+02;4.8750639e-02;3.4750000e+02;7.1091674e-02;3.4750000e+02;9.2782535e-02;3.4750000e+02;1.1331841e-01;3.4750000e+02;1.3355045e-01;3.4750000e+02;1.5472263e-01;3.4750000e+02;1.8196273e-01;3.4750000e+02;2.1049330e-01;3.4750000e+02;2.2676671e-01;3.4750000e+02;2.1529260e-01;3.4750000e+02;1.8123683e-01;3.4750000e+02;1.3333635e-01;3.4750000e+02;8.3690204e-02;3.4750000e+02;3.8645815e-02;3.4750000e+02;-5.6756297e-03;3.4750000e+02;-1.9016024e-04;3.4750000e+02;1.1210347e-02;3.4750000e+02;2.8429013e-02;3.4750000e+02;4.8750639e-02;3.4750000e+02;7.1091674e-02;3.4750000e+02;9.2782535e-02;3.4750000e+02;1.1331841e-01;3.4750000e+02;1.3355045e-01;3.4750000e+02;1.5472263e-01;3.4750000e+02;1.8196273e-01;3.4750000e+02;2.1049330e-01;3.4750000e+02;2.2676671e-01;3.4750000e+02;2.1529260e-01;3.4750000e+02;1.8123683e-01;3.4750000e+02;1.3333635e-01;3.4750000e+02;8.3690204e-02;3.4750000e+02;3.8645815e-02;3.4750000e+02;-5.6756297e-03;3.4750000e+02;-1.9016024e-04;3.4750000e+02;1.1210347e-02;3.4750000e+02;2.8429013e-02;3.4750000e+02;4.8750639e-02;3.4750000e+02;7.1091674e-02;3.4750000e+02;9.2782535e-02;3.4750000e+02;1.1331841e-01;3.4750000e+02;1.3355045e-01;3.4750000e+02;1.5472263e-01;3.4750000e+02;1.8196273e-01;3.4750000e+02;2.1049330e-01;3.4750000e+02;2.2676671e-01;3.4750000e+02;2.1529260e-01;3.4750000e+02;1.8123683e-01;3.4750000e+02;1.3333635e-01;3.4750000e+02;8.3690204e-02;3.4750000e+02;3.8645815e-02;3.4750000e+02;-5.6756297e-03;3.4750000e+02;-1.9016024e-04;3.4750000e+02;1.1210347e-02;3.4750000e+02;2.8429013e-02;3.4750000e+02;4.8750639e-02;3.4750000e+02;7.1091674e-02;3.4750000e+02;9.2782535e-02;3.4750000e+02;1.1331841e-01;3.4750000e+02;1.3355045e-01;3.4750000e+02;1.5472263e-01;3.4750000e+02;1.8196273e-01;3.4750000e+02;2.1049330e-01;3.4750000e+02;2.2676671e-01;3.4750000e+02;2.1529260e-01;3.4750000e+02;1.8123683e-01;3.4750000e+02;1.3333635e-01;3.4750000e+02;8.3690204e-02;3.4750000e+02;3.8645815e-02;3.4750000e+02;-5.6756297e-03;3.4750000e+02;-1.9016024e-04;3.4750000e+02;1.1210347e-02;3.4750000e+02;2.8429013e-02;3.4750000e+02;4.8750639e-02;3.4750000e+02;7.1091674e-02;3.4750000e+02;9.2782535e-02;3.4750000e+02;1.1331841e-01;3.4750000e+02;1.3355045e-01;3.4750000e+02;1.5472263e-01;3.4750000e+02;1.8196273e-01;3.4750000e+02;2.1049330e-01;3.4750000e+02;2.2676671e-01;3.4750000e+02;2.1529260e-01;3.4750000e+02;1.8123683e-01;3.4750000e+02;1.3333635e-01;3.4750000e+02;8.3690204e-02;3.4750000e+02;3.8645815e-02;3.4750000e+02;-5.6756297e-03;3.4750000e+02;-1.9016024e-04;3.4750000e+02;1.1210347e-02;3.4750000e+02;2.8429013e-02;3.4750000e+02;4.8750639e-02;3.4750000e+02;7.1091674e-02;3.4750000e+02;9.2782535e-02;3.4750000e+02;1.1331841e-01;3.4750000e+02;1.3355045e-01;3.4750000e+02;1.5472263e-01;3.4750000e+02;1.8196273e-01;3.4750000e+02;2.1049330e-01;3.4750000e+02;2.2676671e-01;3.4750000e+02;2.1529260e-01;3.4750000e+02;1.8123683e-01;3.4750000e+02;1.3333635e-01;3.4750000e+02;8.3690204e-02;3.4750000e+02;3.8645815e-02;3.4750000e+02;-5.6756297e-03;3.4750000e+02;-1.9016024e-04;3.4750000e+02;1.1210347e-02;3.4750000e+02;2.8429013e-02;3.4750000e+02;4.8750639e-02;3.4750000e+02;7.1091674e-02;3.4750000e+02;9.2782535e-02;3.4750000e+02;1.1331841e-01;3.4750000e+02;1.3355045e-01;3.4750000e+02;1.5472263e-01;3.4750000e+02;1.8196273e-01;3.4750000e+02;2.1049330e-01;3.4750000e+02;2.2676671e-01;3.4750000e+02;2.1529260e-01;3.4750000e+02;1.8123683e-01;3.4750000e+02;1.3333635e-01;3.4750000e+02;8.3690204e-02;3.4750000e+02;3.8645815e-02;3.4750000e+02;-5.6756297e-03;3.4750000e+02;-1.9016024e-04;3.4750000e+02;1.1210347e-02;3.4750000e+02;2.8429013e-02;3.4750000e+02;4.8750639e-02;3.4750000e+02;7.1091674e-02;3.4750000e+02;9.2782535e-02;3.4750000e+02;1.1331841e-01;3.4750000e+02;1.3355045e-01;3.4750000e+02;1.5472263e-01;3.4750000e+02;1.8196273e-01;3.4750000e+02;2.1049330e-01;3.4750000e+02;2.2676671e-01;3.4750000e+02;2.1529260e-01;3.4750000e+02;1.8123683e-01;3.4750000e+02;1.3333635e-01;3.4750000e+02;8.3690204e-02;3.4750000e+02;3.8645815e-02;3.4750000e+02;-5.6756297e-03;3.4750000e+02;-1.9016024e-04;3.4750000e+02;1.1210347e-02;3.4750000e+02;2.8429013e-02;3.4750000e+02;4.8750639e-02;3.4750000e+02;7.1091674e-02;3.4750000e+02;9.2782535e-02;3.4750000e+02;1.1331841e-01;3.4750000e+02;1.3355045e-01;3.4750000e+02;1.5472263e-01;3.4750000e+02;1.8196273e-01;3.4750000e+02;2.1049330e-01;3.4750000e+02;2.2676671e-01;3.4750000e+02;2.1529260e-01;3.4750000e+02;1.8123683e-01;3.4750000e+02;1.3333635e-01;3.4750000e+02;8.3690204e-02;3.4750000e+02;3.8645815e-02;3.4750000e+02;-5.6756297e-03;3.4750000e+02;-1.9016024e-04;3.4750000e+02;1.1210347e-02;3.4750000e+02;2.8429013e-02;3.4750000e+02;4.8750639e-02;3.4750000e+02;7.1091674e-02;3.4750000e+02;9.2782535e-02;3.4750000e+02;1.1331841e-01;3.4750000e+02;1.3355045e-01;3.4750000e+02;1.5472263e-01;3.4750000e+02;1.8196273e-01;3.4750000e+02;2.1049330e-01;3.4750000e+02;2.2676671e-01;3.4750000e+02;2.1529260e-01;3.4750000e+02;1.8123683e-01;3.4750000e+02;1.3333635e-01;3.4750000e+02;8.3690204e-02;3.4750000e+02;3.8645815e-02;3.4750000e+02;-5.6756297e-03;3.4750000e+02;-1.9016024e-04;3.4750000e+02;1.1210347e-02;3.4750000e+02;2.8429013e-02;3.4750000e+02;4.8750639e-02;3.4750000e+02;7.1091674e-02;3.4750000e+02;9.2782535e-02;3.4750000e+02;1.1331841e-01;3.4750000e+02;1.3355045e-01;3.4750000e+02;1.5472263e-01;3.4750000e+02;1.8196273e-01;3.4750000e+02;2.1049330e-01;3.4750000e+02;2.2676671e-01;3.4750000e+02;2.1529260e-01;3.4750000e+02;1.8123683e-01;3.4750000e+02;1.3333635e-01;3.4750000e+02;8.3690204e-02;3.4750000e+02;3.8645815e-02;3.4750000e+02;-5.6756297e-03;3.4750000e+02;-1.9016024e-04;3.4750000e+02;1.1210347e-02;3.4750000e+02;2.8429013e-02;3.4750000e+02;4.8750639e-02;3.4750000e+02;7.1091674e-02;3.4750000e+02;9.2782535e-02;3.4750000e+02;1.1331841e-01;3.4750000e+02;1.3355045e-01;3.4750000e+02;1.5472263e-01;3.4750000e+02;1.8196273e-01;3.4750000e+02;2.1049330e-01;3.4750000e+02;2.2676671e-01;3.4750000e+02;2.1529260e-01;3.4750000e+02;1.8123683e-01;3.4750000e+02;1.3333635e-01;3.4750000e+02;8.3690204e-02;3.4750000e+02;3.8645815e-02;3.4750000e+02;-5.6756297e-03;3.4750000e+02;-1.9016024e-04;3.4750000e+02;1.1210347e-02;3.4750000e+02;2.8429013e-02;3.4750000e+02;4.8750639e-02;3.4750000e+02;7.1091674e-02;3.4750000e+02;9.2782535e-02;3.4750000e+02;1.1331841e-01;3.4750000e+02;1.3355045e-01;3.4750000e+02;1.5472263e-01;3.4750000e+02;1.8196273e-01;3.4750000e+02;2.1049330e-01;3.4750000e+02;2.2676671e-01;3.4750000e+02;2.1529260e-01;3.4750000e+02;1.8123683e-01;3.4750000e+02;1.3333635e-01;3.4750000e+02;8.3690204e-02;3.4750000e+02;3.8645815e-02;3.4750000e+02;-5.6756297e-03;3.4750000e+02;-1.9016024e-04;3.4750000e+02;1.1210347e-02;3.4750000e+02;2.8429013e-02;3.4750000e+02;4.8750639e-02;3.4750000e+02;7.1091674e-02;3.4750000e+02;9.2782535e-02;3.4750000e+02;1.1331841e-01;3.4750000e+02;1.3355045e-01;3.4750000e+02;1.5472263e-01;3.4750000e+02;1.8196273e-01;3.4750000e+02;2.1049330e-01;3.4750000e+02;2.2676671e-01;3.4750000e+02;2.1529260e-01;3.4750000e+02;1.8123683e-01;3.4750000e+02;1.3333635e-01;3.4750000e+02;8.3690204e-02;3.4750000e+02;3.8645815e-02;3.4750000e+02;-5.6756297e-03;3.4750000e+02;-1.9016024e-04;3.4750000e+02;1.1210347e-02;3.4750000e+02;2.8429013e-02;3.4750000e+02;4.8750639e-02;3.4750000e+02;7.1091674e-02;3.4750000e+02;9.2782535e-02;3.4750000e+02;1.1331841e-01;3.4750000e+02;1.3355045e-01;3.4750000e+02;1.5472263e-01;3.4750000e+02;1.8196273e-01;3.4750000e+02;2.1049330e-01;3.4750000e+02;2.2676671e-01;3.4750000e+02;2.1529260e-01;3.4750000e+02;1.8123683e-01;3.4750000e+02;1.3333635e-01;3.4750000e+02;8.3690204e-02;3.4750000e+02;3.8645815e-02;3.4750000e+02;-5.6756297e-03;3.4750000e+02;-1.9016024e-04;3.4750000e+02;1.1210347e-02;3.4750000e+02;2.8429013e-02;3.4750000e+02;4.8750639e-02;3.4750000e+02;7.1091674e-02;3.4750000e+02;9.2782535e-02;3.4750000e+02;1.1331841e-01;3.4750000e+02;1.3355045e-01;3.4750000e+02;1.5472263e-01;3.4750000e+02;1.8196273e-01;3.4750000e+02;2.1049330e-01;3.4750000e+02;2.2676671e-01;3.4750000e+02;2.1529260e-01;3.4750000e+02;1.8123683e-01;3.4750000e+02;1.3333635e-01;3.4750000e+02;8.3690204e-02;3.4750000e+02;3.8645815e-02;3.4750000e+02;-5.6756297e-03;3.4750000e+02;-1.9016024e-04;3.4750000e+02;1.1210347e-02;3.4750000e+02;2.8429013e-02;3.4750000e+02;4.8750639e-02;3.4750000e+02;7.1091674e-02;3.4750000e+02;9.2782535e-02;3.4750000e+02;1.1331841e-01;3.4750000e+02;1.3355045e-01;3.4750000e+02;1.5472263e-01;3.4750000e+02;1.8196273e-01;3.4750000e+02;2.1049330e-01;3.4750000e+02;2.2676671e-01;3.4750000e+02;2.1529260e-01;3.4750000e+02;1.8123683e-01;3.4750000e+02;1.3333635e-01;3.4750000e+02;8.3690204e-02;3.4750000e+02;3.8645815e-02;3.4750000e+02;-5.6756297e-03;3.4750000e+02;-1.9016024e-04;3.4750000e+02;1.1210347e-02;3.4750000e+02;2.8429013e-02;3.4750000e+02;4.8750639e-02;3.4750000e+02;7.1091674e-02;3.4750000e+02;9.2782535e-02;3.4750000e+02;1.1331841e-01;3.4750000e+02;1.3355045e-01;3.4750000e+02;1.5472263e-01;3.4750000e+02;1.8196273e-01;3.4750000e+02;2.1049330e-01;3.4750000e+02;2.2676671e-01;3.4750000e+02;2.1529260e-01;3.4750000e+02;1.8123683e-01;3.4750000e+02;1.3333635e-01;3.4750000e+02;8.3690204e-02;3.4750000e+02;3.8645815e-02;3.4750000e+02;-5.6756297e-03;3.4750000e+02;-1.9016024e-04;3.4750000e+02;1.1210347e-02;3.4750000e+02;2.8429013e-02;3.4750000e+02;4.8750639e-02;3.4750000e+02;7.1091674e-02;3.4750000e+02;9.2782535e-02;3.4750000e+02;1.1331841e-01;3.4750000e+02;1.3355045e-01;3.4750000e+02;1.5472263e-01;3.4750000e+02;1.8196273e-01;3.4750000e+02;2.1049330e-01;3.4750000e+02;2.2676671e-01;3.4750000e+02;2.1529260e-01;3.4750000e+02;1.8123683e-01;3.4750000e+02;1.3333635e-01;3.4750000e+02;8.3690204e-02;3.4750000e+02;3.8645815e-02;3.4750000e+02;-5.6756297e-03;3.4750000e+02;-1.9016024e-04;3.4750000e+02;1.1210347e-02;3.4750000e+02;2.8429013e-02;3.4750000e+02;4.8750639e-02;3.4750000e+02;7.1091674e-02;3.4750000e+02;9.2782535e-02;3.4750000e+02;1.1331841e-01;3.4750000e+02;1.3355045e-01;3.4750000e+02;1.5472263e-01;3.4750000e+02;1.8196273e-01;3.4750000e+02;2.1049330e-01;3.4750000e+02;2.2676671e-01;3.4750000e+02;2.1529260e-01;3.4750000e+02;1.8123683e-01;3.4750000e+02;1.3333635e-01;3.4750000e+02;8.3690204e-02;3.4750000e+02;3.8645815e-02;3.4750000e+02;-5.6756297e-03;3.4750000e+02;-1.9016024e-04;3.4750000e+02;1.1210347e-02;3.4750000e+02;2.8429013e-02;3.4750000e+02;4.8750639e-02;3.4750000e+02;7.1091674e-02;3.4750000e+02;9.2782535e-02;3.4750000e+02;1.1331841e-01;3.4750000e+02;1.3355045e-01;3.4750000e+02;1.5472263e-01;3.4750000e+02;1.8196273e-01;3.4750000e+02;2.1049330e-01;3.4750000e+02;2.2676671e-01;3.4750000e+02;2.1529260e-01;3.4750000e+02;1.8123683e-01;3.4750000e+02;1.3333635e-01;3.4750000e+02;8.3690204e-02;3.4750000e+02;3.8645815e-02;3.4750000e+02;-5.6756297e-03;3.4750000e+02;-1.9016024e-04;3.4750000e+02;1.1210347e-02;3.4750000e+02;2.8429013e-02;3.4750000e+02;4.8750639e-02;3.4750000e+02;7.1091674e-02;3.4750000e+02;9.2782535e-02;3.4750000e+02;1.1331841e-01;3.4750000e+02;1.3355045e-01;3.4750000e+02;1.5472263e-01;3.4750000e+02;1.8196273e-01;3.4750000e+02;2.1049330e-01;3.4750000e+02;2.2676671e-01;3.4750000e+02;2.1529260e-01;3.4750000e+02;1.8123683e-01;3.4750000e+02;1.3333635e-01;3.4750000e+02;8.3690204e-02;3.4750000e+02;3.8645815e-02;3.4750000e+02;-5.6756297e-03;3.4750000e+02;-1.9016024e-04;3.4750000e+02;1.1210347e-02;3.4750000e+02;2.8429013e-02;3.4750000e+02;4.8750639e-02;3.4750000e+02;7.1091674e-02;3.4750000e+02;9.2782535e-02;3.4750000e+02;1.1331841e-01;3.4750000e+02;1.3355045e-01;3.4750000e+02;1.5472263e-01;3.4750000e+02;1.8196273e-01;3.4750000e+02;2.1049330e-01;3.4750000e+02;2.2676671e-01;3.4750000e+02;2.1529260e-01;3.4750000e+02;1.8123683e-01;3.4750000e+02;1.3333635e-01;3.4750000e+02;8.3690204e-02;3.4750000e+02;3.8645815e-02;3.4750000e+02;-5.6756297e-03;3.4750000e+02;-1.9016024e-04;3.4750000e+02;1.1210347e-02;3.4750000e+02;2.8429013e-02;3.4750000e+02;4.8750639e-02;3.4750000e+02;7.1091674e-02;3.4750000e+02;9.2782535e-02;3.4750000e+02;1.1331841e-01;3.4750000e+02;1.3355045e-01;3.4750000e+02;1.5472263e-01;3.4750000e+02;1.8196273e-01;3.4750000e+02;2.1049330e-01;3.4750000e+02;2.2676671e-01;3.4750000e+02;2.1529260e-01;3.4750000e+02;1.8123683e-01;3.4750000e+02;1.3333635e-01;3.4750000e+02;8.3690204e-02;3.4750000e+02;3.8645815e-02;3.4750000e+02;-5.6756297e-03;3.4750000e+02;-1.9016024e-04;3.4750000e+02;1.1210347e-02;3.4750000e+02;2.8429013e-02;3.4750000e+02;4.8750639e-02;3.4750000e+02;7.1091674e-02;3.4750000e+02;9.2782535e-02;3.4750000e+02;1.1331841e-01;3.4750000e+02;1.3355045e-01;3.4750000e+02;1.5472263e-01;3.4750000e+02;1.8196273e-01;3.4750000e+02;2.1049330e-01;3.4750000e+02;2.2676671e-01;3.4750000e+02;2.1529260e-01;3.4750000e+02;1.8123683e-01;3.4750000e+02;1.3333635e-01;3.4750000e+02;8.3690204e-02;3.4750000e+02;3.8645815e-02;3.4750000e+02;-5.6756297e-03;3.4750000e+02;-1.9016024e-04;3.4750000e+02;1.1210347e-02;3.4750000e+02;2.8429013e-02;3.4750000e+02;4.8750639e-02;3.4750000e+02;7.1091674e-02;3.4750000e+02;9.2782535e-02;3.4750000e+02;1.1331841e-01;3.4750000e+02;1.3355045e-01;3.4750000e+02;1.5472263e-01;3.4750000e+02;1.8196273e-01;3.4750000e+02;2.1049330e-01;3.4750000e+02;2.2676671e-01;3.4750000e+02;2.1529260e-01;3.4750000e+02;1.8123683e-01;3.4750000e+02;1.3333635e-01;3.4750000e+02;8.3690204e-02;3.4750000e+02;3.8645815e-02;3.4750000e+02;-5.6756297e-03;3.4750000e+02;-1.9016024e-04;3.4750000e+02;1.1210347e-02;3.4750000e+02;2.8429013e-02;3.4750000e+02;4.8750639e-02;3.4750000e+02;7.1091674e-02;3.4750000e+02;9.2782535e-02;3.4750000e+02;1.1331841e-01;3.4750000e+02;1.3355045e-01;3.4750000e+02;1.5472263e-01;3.4750000e+02;1.8196273e-01;3.4750000e+02;2.1049330e-01;3.4750000e+02;2.2676671e-01;3.4750000e+02;2.1529260e-01;3.4750000e+02;1.8123683e-01;3.4750000e+02;1.3333635e-01;3.4750000e+02;8.3690204e-02;3.4750000e+02;3.8645815e-02;3.4750000e+02;-5.6756297e-03;3.4750000e+02;-1.9016024e-04;3.4750000e+02;1.1210347e-02;3.4750000e+02;2.8429013e-02;3.4750000e+02;4.8750639e-02;3.4750000e+02;7.1091674e-02;3.4750000e+02;9.2782535e-02;3.4750000e+02;1.1331841e-01;3.4750000e+02;1.3355045e-01;3.4750000e+02;1.5472263e-01;3.4750000e+02;1.8196273e-01;3.4750000e+02;2.1049330e-01;3.4750000e+02;2.2676671e-01;3.4750000e+02;2.1529260e-01;3.4750000e+02;1.8123683e-01;3.4750000e+02;1.3333635e-01;3.4750000e+02;8.3690204e-02;3.4750000e+02;3.8645815e-02;3.4750000e+02;-5.6756297e-03;3.4750000e+02;-1.9016024e-04;3.4750000e+02;1.1210347e-02;3.4750000e+02;2.8429013e-02;3.4750000e+02;4.8750639e-02;3.4750000e+02;7.1091674e-02;3.4750000e+02;9.2782535e-02;3.4750000e+02;1.1331841e-01;3.4750000e+02;1.3355045e-01;3.4750000e+02;1.5472263e-01;3.4750000e+02;1.8196273e-01;3.4750000e+02;2.1049330e-01;3.4750000e+02;2.2676671e-01;3.4750000e+02;2.1529260e-01;3.4750000e+02;1.8123683e-01;3.4750000e+02;1.3333635e-01;3.4750000e+02;8.3690204e-02;3.4750000e+02;3.8645815e-02;3.4750000e+02;-5.6756297e-03;3.4750000e+02;-1.9016024e-04;3.4750000e+02;1.1210347e-02;3.4750000e+02;2.8429013e-02;3.4750000e+02;4.8750639e-02;3.4750000e+02;7.1091674e-02;3.4750000e+02;9.2782535e-02;3.4750000e+02;1.1331841e-01;3.4750000e+02;1.3355045e-01;3.4750000e+02;1.5472263e-01;3.4750000e+02;1.8196273e-01;3.4750000e+02;2.1049330e-01;3.4750000e+02;2.2676671e-01;3.4750000e+02;2.1529260e-01;3.4750000e+02;1.8123683e-01;3.4750000e+02;1.3333635e-01;3.4750000e+02;8.3690204e-02;3.4750000e+02;3.8645815e-02;3.4750000e+02;-5.6756297e-03;3.4750000e+02;-1.9016024e-04;3.4750000e+02;1.1210347e-02;3.4750000e+02;2.8429013e-02;3.4750000e+02;4.8750639e-02;3.4750000e+02;7.1091674e-02;3.4750000e+02;9.2782535e-02;3.4750000e+02;1.1331841e-01;3.4750000e+02;1.3355045e-01;3.4750000e+02;1.5472263e-01;3.4750000e+02;1.8196273e-01;3.4750000e+02;2.1049330e-01;3.4750000e+02;2.2676671e-01;3.4750000e+02;2.1529260e-01;3.4750000e+02;1.8123683e-01;3.4750000e+02;1.3333635e-01;3.4750000e+02;8.3690204e-02;3.4750000e+02;3.8645815e-02;3.4750000e+02;-5.6756297e-03;3.4750000e+02;-1.9016024e-04;3.4750000e+02;1.1210347e-02;3.4750000e+02;2.8429013e-02;3.4750000e+02;4.8750639e-02;3.4750000e+02;7.1091674e-02;3.4750000e+02;9.2782535e-02;3.4750000e+02;1.1331841e-01;3.4750000e+02;1.3355045e-01;3.4750000e+02;1.5472263e-01;3.4750000e+02;1.8196273e-01;3.4750000e+02;2.1049330e-01;3.4750000e+02;2.2676671e-01;3.4750000e+02;2.1529260e-01;3.4750000e+02;1.8123683e-01;3.4750000e+02;1.3333635e-01;3.4750000e+02;8.3690204e-02;3.4750000e+02;3.8645815e-02;3.4750000e+02;-5.6756297e-03;3.4750000e+02;-1.9016024e-04;3.4750000e+02;1.1210347e-02;3.4750000e+02;2.8429013e-02;3.4750000e+02;4.8750639e-02;3.4750000e+02;7.1091674e-02;3.4750000e+02;9.2782535e-02;3.4750000e+02;1.1331841e-01;3.4750000e+02;1.3355045e-01;3.4750000e+02;1.5472263e-01;3.4750000e+02;1.8196273e-01;3.4750000e+02;2.1049330e-01;3.4750000e+02;2.2676671e-01;3.4750000e+02;2.1529260e-01;3.4750000e+02;1.8123683e-01;3.4750000e+02;1.3333635e-01;3.4750000e+02;8.3690204e-02;3.4750000e+02;3.8645815e-02;3.4750000e+02;-5.6756297e-03;3.4750000e+02;-1.9016024e-04;3.4750000e+02;1.1210347e-02;3.4750000e+02;2.8429013e-02;3.4750000e+02;4.8750639e-02;3.4750000e+02;7.1091674e-02;3.4750000e+02;9.2782535e-02;3.4750000e+02;1.1331841e-01;3.4750000e+02;1.3355045e-01;3.4750000e+02;1.5472263e-01;3.4750000e+02;1.8196273e-01;3.4750000e+02;2.1049330e-01;3.4750000e+02;2.2676671e-01;3.4750000e+02;2.1529260e-01;3.4750000e+02;1.8123683e-01;3.4750000e+02;1.3333635e-01;3.4750000e+02;8.3690204e-02;3.4750000e+02;3.8645815e-02;3.4750000e+02;-5.6756297e-03;3.4750000e+02;-1.9016024e-04;3.4750000e+02;1.1210347e-02;3.4750000e+02;2.8429013e-02;3.4750000e+02;4.8750639e-02;3.4750000e+02;7.1091674e-02;3.4750000e+02;9.2782535e-02;3.4750000e+02;1.1331841e-01;3.4750000e+02;1.3355045e-01;3.4750000e+02;1.5472263e-01;3.4750000e+02;1.8196273e-01;3.4750000e+02;2.1049330e-01;3.4750000e+02;2.2676671e-01;3.4750000e+02;2.1529260e-01;3.4750000e+02;1.8123683e-01;3.4750000e+02;1.3333635e-01;3.4750000e+02;8.3690204e-02;3.4750000e+02;3.8645815e-02;3.4750000e+02;-5.6756297e-03;3.4750000e+02;-1.9016024e-04;3.4750000e+02;1.1210347e-02;3.4750000e+02;2.8429013e-02;3.4750000e+02;4.8750639e-02;3.4750000e+02;7.1091674e-02;3.4750000e+02;9.2782535e-02;3.4750000e+02;1.1331841e-01;3.4750000e+02;1.3355045e-01;3.4750000e+02;1.5472263e-01;3.4750000e+02;1.8196273e-01;3.4750000e+02;2.1049330e-01;3.4750000e+02;2.2676671e-01;3.4750000e+02;2.1529260e-01;3.4750000e+02;1.8123683e-01;3.4750000e+02;1.3333635e-01;3.4750000e+02;8.3690204e-02;3.4750000e+02;3.8645815e-02;3.4750000e+02;-5.6756297e-03;3.4750000e+02;-1.9016024e-04;3.4750000e+02;1.1210347e-02;3.4750000e+02;2.8429013e-02;3.4750000e+02;4.8750639e-02;3.4750000e+02;7.1091674e-02;3.4750000e+02;9.2782535e-02;3.4750000e+02;1.1331841e-01;3.4750000e+02;1.3355045e-01;3.4750000e+02;1.5472263e-01;3.4750000e+02;1.8196273e-01;3.4750000e+02;2.1049330e-01;3.4750000e+02;2.2676671e-01;3.4750000e+02;2.1529260e-01;3.4750000e+02;1.8123683e-01;3.4750000e+02;1.3333635e-01;3.4750000e+02;8.3690204e-02;3.4750000e+02;3.8645815e-02;3.4750000e+02;-5.6756297e-03;3.4750000e+02;-1.9016024e-04;3.4750000e+02;1.1210347e-02;3.4750000e+02;2.8429013e-02;3.4750000e+02;4.8750639e-02;3.4750000e+02;7.1091674e-02;3.4750000e+02;9.2782535e-02;3.4750000e+02;1.1331841e-01;3.4750000e+02;1.3355045e-01;3.4750000e+02;1.5472263e-01;3.4750000e+02;1.8196273e-01;3.4750000e+02;2.1049330e-01;3.4750000e+02;2.2676671e-01;3.4750000e+02;2.1529260e-01;3.4750000e+02;1.8123683e-01;3.4750000e+02;1.3333635e-01;3.4750000e+02;8.3690204e-02;3.4750000e+02;3.8645815e-02;3.4750000e+02;-5.6756297e-03;3.4750000e+02;-1.9016024e-04;3.4750000e+02;1.1210347e-02;3.4750000e+02;2.8429013e-02;3.4750000e+02;4.8750639e-02;3.4750000e+02;7.1091674e-02;3.4750000e+02;9.2782535e-02;3.4750000e+02;1.1331841e-01;3.4750000e+02;1.3355045e-01;3.4750000e+02;1.5472263e-01;3.4750000e+02;1.8196273e-01;3.4750000e+02;2.1049330e-01;3.4750000e+02;2.2676671e-01;3.4750000e+02;2.1529260e-01;3.4750000e+02;1.8123683e-01;3.4750000e+02;1.3333635e-01;3.4750000e+02;8.3690204e-02;3.4750000e+02;3.8645815e-02;3.4750000e+02;-5.6756297e-03;3.4750000e+02;-1.9016024e-04;3.4750000e+02;1.1210347e-02;3.4750000e+02;2.8429013e-02;3.4750000e+02;4.8750639e-02;3.4750000e+02;7.1091674e-02;3.4750000e+02;9.2782535e-02;3.4750000e+02;1.1331841e-01;3.4750000e+02;1.3355045e-01;3.4750000e+02;1.5472263e-01;3.4750000e+02;1.8196273e-01;3.4750000e+02;2.1049330e-01;3.4750000e+02;2.2676671e-01;3.4750000e+02;2.1529260e-01;3.4750000e+02;1.8123683e-01;3.4750000e+02;1.3333635e-01;3.4750000e+02;8.3690204e-02;3.4750000e+02;3.8645815e-02;3.4750000e+02;-5.6756297e-03;3.4750000e+02;-1.9016024e-04;3.4750000e+02;1.1210347e-02;3.4750000e+02;2.8429013e-02;3.4750000e+02;4.8750639e-02;3.4750000e+02;7.1091674e-02;3.4750000e+02;9.2782535e-02;3.4750000e+02;1.1331841e-01;3.4750000e+02;1.3355045e-01;3.4750000e+02;1.5472263e-01;3.4750000e+02;1.8196273e-01;3.4750000e+02;2.1049330e-01;3.4750000e+02;2.2676671e-01;3.4750000e+02;2.1529260e-01;3.4750000e+02;1.8123683e-01;3.4750000e+02;1.3333635e-01;3.4750000e+02;8.3690204e-02;3.4750000e+02;3.8645815e-02;3.4750000e+02;-5.6756297e-03;3.4750000e+02;-1.9016024e-04;3.4750000e+02;1.1210347e-02;3.4750000e+02;2.8429013e-02;3.4750000e+02;4.8750639e-02;3.4750000e+02;7.1091674e-02;3.4750000e+02;9.2782535e-02;3.4750000e+02;1.1331841e-01;3.4750000e+02;1.3355045e-01;3.4750000e+02;1.5472263e-01;3.4750000e+02;1.8196273e-01;3.4750000e+02;2.1049330e-01;3.4750000e+02;2.2676671e-01;3.4750000e+02;2.1529260e-01;3.4750000e+02;1.8123683e-01;3.4750000e+02;1.3333635e-01;3.4750000e+02;8.3690204e-02;3.4750000e+02;3.8645815e-02;3.4750000e+02;-5.6756297e-03;3.4750000e+02;-1.9016024e-04;3.4750000e+02;1.1210347e-02;3.4750000e+02;2.8429013e-02;3.4750000e+02;4.8750639e-02;3.4750000e+02;7.1091674e-02;3.4750000e+02;9.2782535e-02;3.4750000e+02;1.1331841e-01;3.4750000e+02;1.3355045e-01;3.4750000e+02;1.5472263e-01;3.4750000e+02;1.8196273e-01;3.4750000e+02;2.1049330e-01;3.4750000e+02;2.2676671e-01;3.4750000e+02;2.1529260e-01;3.4750000e+02;1.8123683e-01;3.4750000e+02;1.3333635e-01;3.4750000e+02;8.3690204e-02;3.4750000e+02;3.8645815e-02;3.4750000e+02;-5.6756297e-03;3.4750000e+02;-1.9016024e-04;3.4750000e+02;1.1210347e-02;3.4750000e+02;2.8429013e-02;3.4750000e+02;4.8750639e-02;3.4750000e+02;7.1091674e-02;3.4750000e+02;9.2782535e-02;3.4750000e+02;1.1331841e-01;3.4750000e+02;1.3355045e-01;3.4750000e+02;1.5472263e-01;3.4750000e+02;1.8196273e-01;3.4750000e+02;2.1049330e-01;3.4750000e+02;2.2676671e-01;3.4750000e+02;2.1529260e-01;3.4750000e+02;1.8123683e-01;3.4750000e+02;1.3333635e-01;3.4750000e+02;8.3690204e-02;3.4750000e+02;3.8645815e-02;3.4750000e+02;-5.6756297e-03;3.4750000e+02;-1.9016024e-04;3.4750000e+02;1.1210347e-02;3.4750000e+02;2.8429013e-02;3.4750000e+02;4.8750639e-02;3.4750000e+02;7.1091674e-02;3.4750000e+02;9.2782535e-02;3.4750000e+02;1.1331841e-01;3.4750000e+02;1.3355045e-01;3.4750000e+02;1.5472263e-01;3.4750000e+02;1.8196273e-01;3.4750000e+02;2.1049330e-01;3.4750000e+02;2.2676671e-01;3.4750000e+02;2.1529260e-01;3.4750000e+02;1.8123683e-01;3.4750000e+02;1.3333635e-01;3.4750000e+02;8.3690204e-02;3.4750000e+02;3.8645815e-02;3.4750000e+02;-5.6756297e-03;3.4750000e+02;-1.9016024e-04;3.4750000e+02;1.1210347e-02;3.4750000e+02;2.8429013e-02;3.4750000e+02;4.8750639e-02;3.4750000e+02;7.1091674e-02;3.4750000e+02;9.2782535e-02;3.4750000e+02;1.1331841e-01;3.4750000e+02;1.3355045e-01;3.4750000e+02;1.5472263e-01;3.4750000e+02;1.8196273e-01;3.4750000e+02;2.1049330e-01;3.4750000e+02;2.2676671e-01;3.4750000e+02;2.1529260e-01;3.4750000e+02;1.8123683e-01;3.4750000e+02;1.3333635e-01;3.4750000e+02;8.3690204e-02;3.4750000e+02;3.8645815e-02;3.4750000e+02;-5.6756297e-03;3.4750000e+02;-1.9016024e-04;3.4750000e+02;1.1210347e-02;3.4750000e+02;2.8429013e-02;3.4750000e+02;4.8750639e-02;3.4750000e+02;7.1091674e-02;3.4750000e+02;9.2782535e-02;3.4750000e+02;1.1331841e-01;3.4750000e+02;1.3355045e-01;3.4750000e+02;1.5472263e-01;3.4750000e+02;1.8196273e-01;3.4750000e+02;2.1049330e-01;3.4750000e+02;2.2676671e-01;3.4750000e+02;2.1529260e-01;3.4750000e+02;1.8123683e-01;3.4750000e+02;1.3333635e-01;3.4750000e+02;8.3690204e-02;3.4750000e+02;3.8645815e-02;3.4750000e+02;-5.6756297e-03;3.4750000e+02;-1.9016024e-04;3.4750000e+02;1.1210347e-02;3.4750000e+02;2.8429013e-02;3.4750000e+02;4.8750639e-02;3.4750000e+02;7.1091674e-02;3.4750000e+02;9.2782535e-02;3.4750000e+02;1.1331841e-01;3.4750000e+02;1.3355045e-01;3.4750000e+02;1.5472263e-01;3.4750000e+02;1.8196273e-01;3.4750000e+02;2.1049330e-01;3.4750000e+02;2.2676671e-01;3.4750000e+02;2.1529260e-01;3.4750000e+02;1.8123683e-01;3.4750000e+02;1.3333635e-01;3.4750000e+02;8.3690204e-02;3.4750000e+02;3.8645815e-02;3.4750000e+02;-5.6756297e-03;3.4750000e+02;-1.9016024e-04;3.4750000e+02;1.1210347e-02;3.4750000e+02;2.8429013e-02;3.4750000e+02;4.8750639e-02;3.4750000e+02;7.1091674e-02;3.4750000e+02;9.2782535e-02;3.4750000e+02;1.1331841e-01;3.4750000e+02;1.3355045e-01;3.4750000e+02;1.5472263e-01;3.4750000e+02;1.8196273e-01;3.4750000e+02;2.1049330e-01;3.4750000e+02;2.2676671e-01;3.4750000e+02;2.1529260e-01;3.4750000e+02;1.8123683e-01;3.4750000e+02;1.3333635e-01;3.4750000e+02;8.3690204e-02;3.4750000e+02;3.8645815e-02;3.4750000e+02;-5.6756297e-03;3.4750000e+02;-1.9016024e-04;3.4750000e+02;1.1210347e-02;3.4750000e+02;2.8429013e-02;3.4750000e+02;4.8750639e-02;3.4750000e+02;7.1091674e-02;3.4750000e+02;9.2782535e-02;3.4750000e+02;1.1331841e-01;3.4750000e+02;1.3355045e-01;3.4750000e+02;1.5472263e-01;3.4750000e+02;1.8196273e-01;3.4750000e+02;2.1049330e-01;3.4750000e+02;2.2676671e-01;3.4750000e+02;2.1529260e-01;3.4750000e+02;1.8123683e-01;3.4750000e+02;1.3333635e-01;3.4750000e+02;8.3690204e-02;3.4750000e+02;3.8645815e-02;3.4750000e+02;-5.6756297e-03;3.4750000e+02;-1.9016024e-04;3.4750000e+02;1.1210347e-02;3.4750000e+02;2.8429013e-02;3.4750000e+02;4.8750639e-02;3.4750000e+02;7.1091674e-02;3.4750000e+02;9.2782535e-02;3.4750000e+02;1.1331841e-01;3.4750000e+02;1.3355045e-01;3.4750000e+02;1.5472263e-01;3.4750000e+02;1.8196273e-01;3.4750000e+02;2.1049330e-01;3.4750000e+02;2.2676671e-01;3.4750000e+02;2.1529260e-01;3.4750000e+02;1.8123683e-01;3.4750000e+02;1.3333635e-01;3.4750000e+02;8.3690204e-02;3.4750000e+02;3.8645815e-02;3.4750000e+02;-5.6756297e-03;3.4750000e+02;-1.9016024e-04;3.4750000e+02;1.1210347e-02;3.4750000e+02;2.8429013e-02;3.4750000e+02;4.8750639e-02;3.4750000e+02;7.1091674e-02;3.4750000e+02;9.2782535e-02;3.4750000e+02;1.1331841e-01;3.4750000e+02;1.3355045e-01;3.4750000e+02;1.5472263e-01;3.4750000e+02;1.8196273e-01;3.4750000e+02;2.1049330e-01;3.4750000e+02;2.2676671e-01;3.4750000e+02;2.1529260e-01;3.4750000e+02;1.8123683e-01;3.4750000e+02;1.3333635e-01;3.4750000e+02;8.3690204e-02;3.4750000e+02;3.8645815e-02;3.4750000e+02;-5.6756297e-03;3.4750000e+02;-1.9016024e-04;3.4750000e+02;1.1210347e-02;3.4750000e+02;2.8429013e-02;3.4750000e+02;4.8750639e-02;3.4750000e+02;7.1091674e-02;3.4750000e+02;9.2782535e-02;3.4750000e+02;1.1331841e-01;3.4750000e+02;1.3355045e-01;3.4750000e+02;1.5472263e-01;3.4750000e+02;1.8196273e-01;3.4750000e+02;2.1049330e-01;3.4750000e+02;2.2676671e-01;3.4750000e+02;2.1529260e-01;3.4750000e+02;1.8123683e-01;3.4750000e+02;1.3333635e-01;3.4750000e+02;8.3690204e-02;3.4750000e+02;3.8645815e-02;3.4750000e+02;-5.6756297e-03;3.4750000e+02;-1.9016024e-04;3.4750000e+02;1.1210347e-02;3.4750000e+02;2.8429013e-02;3.4750000e+02;4.8750639e-02;3.4750000e+02;7.1091674e-02;3.4750000e+02;9.2782535e-02;3.4750000e+02;1.1331841e-01;3.4750000e+02;1.3355045e-01;3.4750000e+02;1.5472263e-01;3.4750000e+02;1.8196273e-01;3.4750000e+02;2.1049330e-01;3.4750000e+02;2.2676671e-01;3.4750000e+02;2.1529260e-01;3.4750000e+02;1.8123683e-01;3.4750000e+02;1.3333635e-01;3.4750000e+02;8.3690204e-02;3.4750000e+02;3.8645815e-02;3.4750000e+02;-5.6756297e-03;3.4750000e+02;-1.9016024e-04;3.4750000e+02;1.1210347e-02;3.4750000e+02;2.8429013e-02;3.4750000e+02;4.8750639e-02;3.4750000e+02;7.1091674e-02;3.4750000e+02;9.2782535e-02;3.4750000e+02;1.1331841e-01;3.4750000e+02;1.3355045e-01;3.4750000e+02;1.5472263e-01;3.4750000e+02;1.8196273e-01;3.4750000e+02;2.1049330e-01;3.4750000e+02;2.2676671e-01;3.4750000e+02;2.1529260e-01;3.4750000e+02;1.8123683e-01;3.4750000e+02;1.3333635e-01;3.4750000e+02;8.3690204e-02;3.4750000e+02;3.8645815e-02;3.4750000e+02;-5.6756297e-03;3.4750000e+02;-1.9016024e-04;3.4750000e+02;1.1210347e-02;3.4750000e+02;2.8429013e-02;3.4750000e+02;4.8750639e-02;3.4750000e+02;7.1091674e-02;3.4750000e+02;9.2782535e-02;3.4750000e+02;1.1331841e-01;3.4750000e+02;1.3355045e-01;3.4750000e+02;1.5472263e-01;3.4750000e+02;1.8196273e-01;3.4750000e+02;2.1049330e-01;3.4750000e+02;2.2676671e-01;3.4750000e+02;2.1529260e-01;3.4750000e+02;1.8123683e-01;3.4750000e+02;1.3333635e-01;3.4750000e+02;8.3690204e-02;3.4750000e+02;3.8645815e-02;3.4750000e+02;-5.6756297e-03;3.4750000e+02;-1.9016024e-04;3.4750000e+02;1.1210347e-02;3.4750000e+02;2.8429013e-02;3.4750000e+02;4.8750639e-02;3.4750000e+02;7.1091674e-02;3.4750000e+02;9.2782535e-02;3.4750000e+02;1.1331841e-01;3.4750000e+02;1.3355045e-01;3.4750000e+02;1.5472263e-01;3.4750000e+02;1.8196273e-01;3.4750000e+02;2.1049330e-01;3.4750000e+02;2.2676671e-01;3.4750000e+02;2.1529260e-01;3.4750000e+02;1.8123683e-01;3.4750000e+02;1.3333635e-01;3.4750000e+02;8.3690204e-02;3.4750000e+02;3.8645815e-02;3.4750000e+02;-5.6756297e-03;3.4750000e+02;-1.9016024e-04;3.4750000e+02;1.1210347e-02;3.4750000e+02;2.8429013e-02;3.4750000e+02;4.8750639e-02;3.4750000e+02;7.1091674e-02;3.4750000e+02;9.2782535e-02;3.4750000e+02;1.1331841e-01;3.4750000e+02;1.3355045e-01;3.4750000e+02;1.5472263e-01;3.4750000e+02;1.8196273e-01;3.4750000e+02;2.1049330e-01;3.4750000e+02;2.2676671e-01;3.4750000e+02;2.1529260e-01;3.4750000e+02;1.8123683e-01;3.4750000e+02;1.3333635e-01;3.4750000e+02;8.3690204e-02;3.4750000e+02;3.8645815e-02;3.4750000e+02;-5.6756297e-03;3.4750000e+02;-1.9016024e-04;3.4750000e+02;1.1210347e-02;3.4750000e+02;2.8429013e-02;3.4750000e+02;4.8750639e-02;3.4750000e+02;7.1091674e-02;3.4750000e+02;9.2782535e-02;3.4750000e+02;1.1331841e-01;3.4750000e+02;1.3355045e-01;3.4750000e+02;1.5472263e-01;3.4750000e+02;1.8196273e-01;3.4750000e+02;2.1049330e-01;3.4750000e+02;2.2676671e-01;3.4750000e+02;2.1529260e-01;3.4750000e+02;1.8123683e-01;3.4750000e+02;1.3333635e-01;3.4750000e+02;8.3690204e-02;3.4750000e+02;3.8645815e-02;3.4750000e+02;-5.6756297e-03;3.4750000e+02;-1.9016024e-04;3.4750000e+02;1.1210347e-02;3.4750000e+02;2.8429013e-02;3.4750000e+02;4.8750639e-02;3.4750000e+02;7.1091674e-02;3.4750000e+02;9.2782535e-02;3.4750000e+02;1.1331841e-01;3.4750000e+02;1.3355045e-01;3.4750000e+02;1.5472263e-01;3.4750000e+02;1.8196273e-01;3.4750000e+02;2.1049330e-01;3.4750000e+02;2.2676671e-01;3.4750000e+02;2.1529260e-01;3.4750000e+02;1.8123683e-01;3.4750000e+02;1.3333635e-01;3.4750000e+02;8.3690204e-02;3.4750000e+02;3.8645815e-02;3.4750000e+02;-5.6756297e-03;3.4750000e+02;-1.9016024e-04;3.4750000e+02;1.1210347e-02;3.4750000e+02;2.8429013e-02;3.4750000e+02;4.8750639e-02;3.4750000e+02;7.1091674e-02;3.4750000e+02;9.2782535e-02;3.4750000e+02;1.1331841e-01;3.4750000e+02;1.3355045e-01;3.4750000e+02;1.5472263e-01;3.4750000e+02;1.8196273e-01;3.4750000e+02;2.1049330e-01;3.4750000e+02;2.2676671e-01;3.4750000e+02;2.1529260e-01;3.4750000e+02;1.8123683e-01;3.4750000e+02;1.3333635e-01;3.4750000e+02;8.3690204e-02;3.4750000e+02;3.8645815e-02;3.4750000e+02;-5.6756297e-03;3.4750000e+02;-1.9016024e-04;3.4750000e+02;1.1210347e-02;3.4750000e+02;2.8429013e-02;3.4750000e+02;4.8750639e-02;3.4750000e+02;7.1091674e-02;3.4750000e+02;9.2782535e-02;3.4750000e+02;1.1331841e-01;3.4750000e+02;1.3355045e-01;3.4750000e+02;1.5472263e-01;3.4750000e+02;1.8196273e-01;3.4750000e+02;2.1049330e-01;3.4750000e+02;2.2676671e-01;3.4750000e+02;2.1529260e-01;3.4750000e+02;1.8123683e-01;3.4750000e+02;1.3333635e-01;3.4750000e+02;8.3690204e-02;3.4750000e+02;3.8645815e-02;3.4750000e+02;-5.6756297e-03;3.4750000e+02;-1.9016024e-04;3.4750000e+02;1.1210347e-02;3.4750000e+02;2.8429013e-02;3.4750000e+02;4.8750639e-02;3.4750000e+02;7.1091674e-02;3.4750000e+02;9.2782535e-02;3.4750000e+02;1.1331841e-01;3.4750000e+02;1.3355045e-01;3.4750000e+02;1.5472263e-01;3.4750000e+02;1.8196273e-01;3.4750000e+02;2.1049330e-01;3.4750000e+02;2.2676671e-01;3.4750000e+02;2.1529260e-01;3.4750000e+02;1.8123683e-01;3.4750000e+02;1.3333635e-01;3.4750000e+02;8.3690204e-02;3.4750000e+02;3.8645815e-02;3.4750000e+02;-5.6756297e-03;3.4750000e+02;-1.9016024e-04;3.4750000e+02;1.1210347e-02;3.4750000e+02;2.8429013e-02;3.4750000e+02;4.8750639e-02;3.4750000e+02;7.1091674e-02;3.4750000e+02;9.2782535e-02;3.4750000e+02;1.1331841e-01;3.4750000e+02;1.3355045e-01;3.4750000e+02;1.5472263e-01;3.4750000e+02;1.8196273e-01;3.4750000e+02;2.1049330e-01;3.4750000e+02;2.2676671e-01;3.4750000e+02;2.1529260e-01;3.4750000e+02;1.8123683e-01;3.4750000e+02;1.3333635e-01;3.4750000e+02;8.3690204e-02;3.4750000e+02;3.8645815e-02;3.4750000e+02;-5.6756297e-03;3.4750000e+02;-1.9016024e-04;3.4750000e+02;1.1210347e-02;3.4750000e+02;2.8429013e-02;3.4750000e+02;4.8750639e-02;3.4750000e+02;7.1091674e-02;3.4750000e+02;9.2782535e-02;3.4750000e+02;1.1331841e-01;3.4750000e+02;1.3355045e-01;3.4750000e+02;1.5472263e-01;3.4750000e+02;1.8196273e-01;3.4750000e+02;2.1049330e-01;3.4750000e+02;2.2676671e-01;3.4750000e+02;2.1529260e-01;3.4750000e+02;1.8123683e-01;3.4750000e+02;1.3333635e-01;3.4750000e+02;8.3690204e-02;3.4750000e+02;3.8645815e-02;3.4750000e+02;-5.6756297e-03;3.4750000e+02;-1.9016024e-04;3.4750000e+02;1.1210347e-02;3.4750000e+02;2.8429013e-02;3.4750000e+02;4.8750639e-02;3.4750000e+02;7.1091674e-02;3.4750000e+02;9.2782535e-02;3.4750000e+02;1.1331841e-01;3.4750000e+02;1.3355045e-01;3.4750000e+02;1.5472263e-01;3.4750000e+02;1.8196273e-01;3.4750000e+02;2.1049330e-01;3.4750000e+02;2.2676671e-01;3.4750000e+02;2.1529260e-01;3.4750000e+02;1.8123683e-01;3.4750000e+02;1.3333635e-01;3.4750000e+02;8.3690204e-02;3.4750000e+02;3.8645815e-02;3.4750000e+02;-5.6756297e-03;3.4750000e+02;-1.9016024e-04;3.4750000e+02;1.1210347e-02;3.4750000e+02;2.8429013e-02;3.4750000e+02;4.8750639e-02;3.4750000e+02;7.1091674e-02;3.4750000e+02;9.2782535e-02;3.4750000e+02;1.1331841e-01;3.4750000e+02;1.3355045e-01;3.4750000e+02;1.5472263e-01;3.4750000e+02;1.8196273e-01;3.4750000e+02;2.1049330e-01;3.4750000e+02;2.2676671e-01;3.4750000e+02;2.1529260e-01;3.4750000e+02;1.8123683e-01;3.4750000e+02;1.3333635e-01;3.4750000e+02;8.3690204e-02;3.4750000e+02;3.8645815e-02;3.4750000e+02;-5.6756297e-03;3.4750000e+02;-1.9016024e-04;3.4750000e+02;1.1210347e-02;3.4750000e+02;2.8429013e-02;3.4750000e+02;4.8750639e-02;3.4750000e+02;7.1091674e-02;3.4750000e+02;9.2782535e-02;3.4750000e+02;1.1331841e-01;3.4750000e+02;1.3355045e-01;3.4750000e+02;1.5472263e-01;3.4750000e+02;1.8196273e-01;3.4750000e+02;2.1049330e-01;3.4750000e+02;2.2676671e-01;3.4750000e+02;2.1529260e-01;3.4750000e+02;1.8123683e-01;3.4750000e+02;1.3333635e-01;3.4750000e+02;8.3690204e-02;3.4750000e+02;3.8645815e-02;3.4750000e+02;-5.6756297e-03;3.4750000e+02;-1.9016024e-04;3.4750000e+02;1.1210347e-02;3.4750000e+02;2.8429013e-02;3.4750000e+02;4.8750639e-02;3.4750000e+02;7.1091674e-02;3.4750000e+02;9.2782535e-02;3.4750000e+02;1.1331841e-01;3.4750000e+02;1.3355045e-01;3.4750000e+02;1.5472263e-01;3.4750000e+02;1.8196273e-01;3.4750000e+02;2.1049330e-01;3.4750000e+02;2.2676671e-01;3.4750000e+02;2.1529260e-01;3.4750000e+02;1.8123683e-01;3.4750000e+02;1.3333635e-01;3.4750000e+02;8.3690204e-02;3.4750000e+02;3.8645815e-02;3.4750000e+02;-5.6756297e-03;3.4750000e+02;-1.9016024e-04;3.4750000e+02;1.1210347e-02;3.4750000e+02;2.8429013e-02;3.4750000e+02;4.8750639e-02;3.4750000e+02;7.1091674e-02;3.4750000e+02;9.2782535e-02;3.4750000e+02;1.1331841e-01;3.4750000e+02;1.3355045e-01;3.4750000e+02;1.5472263e-01;3.4750000e+02;1.8196273e-01;3.4750000e+02;2.1049330e-01;3.4750000e+02;2.2676671e-01;3.4750000e+02;2.1529260e-01;3.4750000e+02;1.8123683e-01;3.4750000e+02;1.3333635e-01;3.4750000e+02;8.3690204e-02;3.4750000e+02;3.8645815e-02;3.4750000e+02;-5.6756297e-03;3.4750000e+02;-1.9016024e-04;3.4750000e+02;1.1210347e-02;3.4750000e+02;2.8429013e-02;3.4750000e+02;4.8750639e-02;3.4750000e+02;7.1091674e-02;3.4750000e+02;9.2782535e-02;3.4750000e+02;1.1331841e-01;3.4750000e+02;1.3355045e-01;3.4750000e+02;1.5472263e-01;3.4750000e+02;1.8196273e-01;3.4750000e+02;2.1049330e-01;3.4750000e+02;2.2676671e-01;3.4750000e+02;2.1529260e-01;3.4750000e+02;1.8123683e-01;3.4750000e+02;1.3333635e-01;3.4750000e+02;8.3690204e-02;3.4750000e+02;3.8645815e-02;3.4750000e+02;-5.6756297e-03;3.4750000e+02;-1.9016024e-04;3.4750000e+02;1.1210347e-02;3.4750000e+02;2.8429013e-02;3.4750000e+02;4.8750639e-02;3.4750000e+02;7.1091674e-02;3.4750000e+02;9.2782535e-02;3.4750000e+02;1.1331841e-01;3.4750000e+02;1.3355045e-01;3.4750000e+02;1.5472263e-01;3.4750000e+02;1.8196273e-01;3.4750000e+02;2.1049330e-01;3.4750000e+02;2.2676671e-01;3.4750000e+02;2.1529260e-01;3.4750000e+02;1.8123683e-01;3.4750000e+02;1.3333635e-01;3.4750000e+02;8.3690204e-02;3.4750000e+02;3.8645815e-02;3.4750000e+02;-5.6756297e-03;3.4750000e+02;-1.9016024e-04;3.4750000e+02;1.1210347e-02;3.4750000e+02;2.8429013e-02;3.4750000e+02;4.8750639e-02;3.4750000e+02;7.1091674e-02;3.4750000e+02;9.2782535e-02;3.4750000e+02;1.1331841e-01;3.4750000e+02;1.3355045e-01;3.4750000e+02;1.5472263e-01;3.4750000e+02;1.8196273e-01;3.4750000e+02;2.1049330e-01;3.4750000e+02;2.2676671e-01;3.4750000e+02;2.1529260e-01;3.4750000e+02;1.8123683e-01;3.4750000e+02;1.3333635e-01;3.4750000e+02;8.3690204e-02;3.4750000e+02;3.8645815e-02;3.4750000e+02;-5.6756297e-03;3.4750000e+02;-1.9016024e-04;3.4750000e+02;1.1210347e-02;3.4750000e+02;2.8429013e-02;3.4750000e+02;4.8750639e-02;3.4750000e+02;7.1091674e-02;3.4750000e+02;9.2782535e-02;3.4750000e+02;1.1331841e-01;3.4750000e+02;1.3355045e-01;3.4750000e+02;1.5472263e-01;3.4750000e+02;1.8196273e-01;3.4750000e+02;2.1049330e-01;3.4750000e+02;2.2676671e-01;3.4750000e+02;2.1529260e-01;3.4750000e+02;1.8123683e-01;3.4750000e+02;1.3333635e-01;3.4750000e+02;8.3690204e-02;3.4750000e+02;3.8645815e-02;3.4750000e+02;-5.6756297e-03;3.4750000e+02;-1.9016024e-04;3.4750000e+02;1.1210347e-02;3.4750000e+02;2.8429013e-02;3.4750000e+02;4.8750639e-02;3.4750000e+02;7.1091674e-02;3.4750000e+02;9.2782535e-02;3.4750000e+02;1.1331841e-01;3.4750000e+02;1.3355045e-01;3.4750000e+02;1.5472263e-01;3.4750000e+02;1.8196273e-01;3.4750000e+02;2.1049330e-01;3.4750000e+02;2.2676671e-01;3.4750000e+02;2.1529260e-01;3.4750000e+02;1.8123683e-01;3.4750000e+02;1.3333635e-01;3.4750000e+02;8.3690204e-02;3.4750000e+02;3.8645815e-02;3.4750000e+02;-5.6756297e-03;3.4750000e+02;-1.9016024e-04;3.4750000e+02;1.1210347e-02;3.4750000e+02;2.8429013e-02;3.4750000e+02;4.8750639e-02;3.4750000e+02;7.1091674e-02;3.4750000e+02;9.2782535e-02;3.4750000e+02;1.1331841e-01;3.4750000e+02;1.3355045e-01;3.4750000e+02;1.5472263e-01;3.4750000e+02;1.8196273e-01;3.4750000e+02;2.1049330e-01;3.4750000e+02;2.2676671e-01;3.4750000e+02;2.1529260e-01;3.4750000e+02;1.8123683e-01;3.4750000e+02;1.3333635e-01;3.4750000e+02;8.3690204e-02;3.4750000e+02;3.8645815e-02;3.4750000e+02;-5.6756297e-03;3.4750000e+02;-1.9016024e-04;3.4750000e+02;1.1210347e-02;3.4750000e+02;2.8429013e-02;3.4750000e+02;4.8750639e-02;3.4750000e+02;7.1091674e-02;3.4750000e+02;9.2782535e-02;3.4750000e+02;1.1331841e-01;3.4750000e+02;1.3355045e-01;3.4750000e+02;1.5472263e-01;3.4750000e+02;1.8196273e-01;3.4750000e+02;2.1049330e-01;3.4750000e+02;2.2676671e-01;3.4750000e+02;2.1529260e-01;3.4750000e+02;1.8123683e-01;3.4750000e+02;1.3333635e-01;3.4750000e+02;8.3690204e-02;3.4750000e+02;3.8645815e-02;3.4750000e+02;-5.6756297e-03;3.4750000e+02;-1.9016024e-04;3.4750000e+02;1.1210347e-02;3.4750000e+02;2.8429013e-02;3.4750000e+02;4.8750639e-02;3.4750000e+02;7.1091674e-02;3.4750000e+02;9.2782535e-02;3.4750000e+02;1.1331841e-01;3.4750000e+02;1.3355045e-01;3.4750000e+02;1.5472263e-01;3.4750000e+02;1.8196273e-01;3.4750000e+02;2.1049330e-01;3.4750000e+02;2.2676671e-01;3.4750000e+02;2.1529260e-01;3.4750000e+02;1.8123683e-01;3.4750000e+02;1.3333635e-01;3.4750000e+02;8.3690204e-02;3.4750000e+02;3.8645815e-02;3.4750000e+02;-5.6756297e-03;3.4750000e+02;-1.9016024e-04;3.4750000e+02;1.1210347e-02;3.4750000e+02;2.8429013e-02;3.4750000e+02;4.8750639e-02;3.4750000e+02;7.1091674e-02;3.4750000e+02;9.2782535e-02;3.4750000e+02;1.1331841e-01;3.4750000e+02;1.3355045e-01;3.4750000e+02;1.5472263e-01;3.4750000e+02;1.8196273e-01;3.4750000e+02;2.1049330e-01;3.4750000e+02;2.2676671e-01;3.4750000e+02;2.1529260e-01;3.4750000e+02;1.8123683e-01;3.4750000e+02;1.3333635e-01;3.4750000e+02;8.3690204e-02;3.4750000e+02;3.8645815e-02;3.4750000e+02;-5.6756297e-03;3.4750000e+02;-1.9016024e-04;3.4750000e+02;1.1210347e-02;3.4750000e+02;2.8429013e-02;3.4750000e+02;4.8750639e-02;3.4750000e+02;7.1091674e-02;3.4750000e+02;9.2782535e-02;3.4750000e+02;1.1331841e-01;3.4750000e+02;1.3355045e-01;3.4750000e+02;1.5472263e-01;3.4750000e+02;1.8196273e-01;3.4750000e+02;2.1049330e-01;3.4750000e+02;2.2676671e-01;3.4750000e+02;2.1529260e-01;3.4750000e+02;1.8123683e-01;3.4750000e+02;1.3333635e-01;3.4750000e+02;8.3690204e-02;3.4750000e+02;3.8645815e-02;3.4750000e+02;-5.6756297e-03;3.4750000e+02;-1.9016024e-04;3.4750000e+02;1.1210347e-02;3.4750000e+02;2.8429013e-02;3.4750000e+02;4.8750639e-02;3.4750000e+02;7.1091674e-02;3.4750000e+02;9.2782535e-02;3.4750000e+02;1.1331841e-01;3.4750000e+02;1.3355045e-01;3.4750000e+02;1.5472263e-01;3.4750000e+02;1.8196273e-01;3.4750000e+02;2.1049330e-01;3.4750000e+02;2.2676671e-01;3.4750000e+02;2.1529260e-01;3.4750000e+02;1.8123683e-01;3.4750000e+02;1.3333635e-01;3.4750000e+02;8.3690204e-02;3.4750000e+02;3.8645815e-02;3.4750000e+02;-5.6756297e-03;3.4750000e+02;-1.9016024e-04;3.4750000e+02;1.1210347e-02;3.4750000e+02;2.8429013e-02;3.4750000e+02;4.8750639e-02;3.4750000e+02;7.1091674e-02;3.4750000e+02;9.2782535e-02;3.4750000e+02;1.1331841e-01;3.4750000e+02;1.3355045e-01;3.4750000e+02;1.5472263e-01;3.4750000e+02;1.8196273e-01;3.4750000e+02;2.1049330e-01;3.4750000e+02;2.2676671e-01;3.4750000e+02;2.1529260e-01;3.4750000e+02;1.8123683e-01;3.4750000e+02;1.3333635e-01;3.4750000e+02;8.3690204e-02;3.4750000e+02;3.8645815e-02;3.4750000e+02;-5.6756297e-03;3.4750000e+02;-1.9016024e-04;3.4750000e+02;1.1210347e-02;3.4750000e+02;2.8429013e-02;3.4750000e+02;4.8750639e-02;3.4750000e+02;7.1091674e-02;3.4750000e+02;9.2782535e-02;3.4750000e+02;1.1331841e-01;3.4750000e+02;1.3355045e-01;3.4750000e+02;1.5472263e-01;3.4750000e+02;1.8196273e-01;3.4750000e+02;2.1049330e-01;3.4750000e+02;2.2676671e-01;3.4750000e+02;2.1529260e-01;3.4750000e+02;1.8123683e-01;3.4750000e+02;1.3333635e-01;3.4750000e+02;8.3690204e-02;3.4750000e+02;3.8645815e-02;3.4750000e+02;-5.6756297e-03;3.4750000e+02;-1.9016024e-04;3.4750000e+02;1.1210347e-02;3.4750000e+02;2.8429013e-02;3.4750000e+02;4.8750639e-02;3.4750000e+02;7.1091674e-02;3.4750000e+02;9.2782535e-02;3.4750000e+02;1.1331841e-01;3.4750000e+02;1.3355045e-01;3.4750000e+02;1.5472263e-01;3.4750000e+02;1.8196273e-01;3.4750000e+02;2.1049330e-01;3.4750000e+02;2.2676671e-01;3.4750000e+02;2.1529260e-01;3.4750000e+02;1.8123683e-01;3.4750000e+02;1.3333635e-01;3.4750000e+02;8.3690204e-02;3.4750000e+02;3.8645815e-02;3.4750000e+02;-5.6756297e-03;3.4750000e+02;-1.9016024e-04;3.4750000e+02;1.1210347e-02;3.4750000e+02;2.8429013e-02;3.4750000e+02;4.8750639e-02;3.4750000e+02;7.1091674e-02;3.4750000e+02;9.2782535e-02;3.4750000e+02;1.1331841e-01;3.4750000e+02;1.3355045e-01;3.4750000e+02;1.5472263e-01;3.4750000e+02;1.8196273e-01;3.4750000e+02;2.1049330e-01;3.4750000e+02;2.2676671e-01;3.4750000e+02;2.1529260e-01;3.4750000e+02;1.8123683e-01;3.4750000e+02;1.3333635e-01;3.4750000e+02;8.3690204e-02;3.4750000e+02;3.8645815e-02;3.4750000e+02;-5.6756297e-03;3.4750000e+02;-1.9016024e-04;3.4750000e+02;1.1210347e-02;3.4750000e+02;2.8429013e-02;3.4750000e+02;4.8750639e-02;3.4750000e+02;7.1091674e-02;3.4750000e+02;9.2782535e-02;3.4750000e+02;1.1331841e-01;3.4750000e+02;1.3355045e-01;3.4750000e+02;1.5472263e-01;3.4750000e+02;1.8196273e-01;3.4750000e+02;2.1049330e-01;3.4750000e+02;2.2676671e-01;3.4750000e+02;2.1529260e-01;3.4750000e+02;1.8123683e-01;3.4750000e+02;1.3333635e-01;3.4750000e+02;8.3690204e-02;3.4750000e+02;3.8645815e-02;3.4750000e+02;-5.6756297e-03;3.4750000e+02;-1.9016024e-04;3.4750000e+02;1.1210347e-02;3.4750000e+02;2.8429013e-02;3.4750000e+02;4.8750639e-02;3.4750000e+02;7.1091674e-02;3.4750000e+02;9.2782535e-02;3.4750000e+02;1.1331841e-01;3.4750000e+02;1.3355045e-01;3.4750000e+02;1.5472263e-01;3.4750000e+02;1.8196273e-01;3.4750000e+02;2.1049330e-01;3.4750000e+02;2.2676671e-01;3.4750000e+02;2.1529260e-01;3.4750000e+02;1.8123683e-01;3.4750000e+02;1.3333635e-01;3.4750000e+02;8.3690204e-02;3.4750000e+02;3.8645815e-02;3.4750000e+02;-5.6756297e-03;3.4750000e+02;-1.9016024e-04;3.4750000e+02;1.1210347e-02;3.4750000e+02;2.8429013e-02;3.4750000e+02;4.8750639e-02;3.4750000e+02;7.1091674e-02;3.4750000e+02;9.2782535e-02;3.4750000e+02;1.1331841e-01;3.4750000e+02;1.3355045e-01;3.4750000e+02;1.5472263e-01;3.4750000e+02;1.8196273e-01;3.4750000e+02;2.1049330e-01;3.4750000e+02;2.2676671e-01;3.4750000e+02;2.1529260e-01;3.4750000e+02;1.8123683e-01;3.4750000e+02;1.3333635e-01;3.4750000e+02;8.3690204e-02;3.4750000e+02;3.8645815e-02;3.4750000e+02;-5.6756297e-03;3.4750000e+02;-1.9016024e-04;3.4750000e+02;1.1210347e-02;3.4750000e+02;2.8429013e-02;3.4750000e+02;4.8750639e-02;3.4750000e+02;7.1091674e-02;3.4750000e+02;9.2782535e-02;3.4750000e+02;1.1331841e-01;3.4750000e+02;1.3355045e-01;3.4750000e+02;1.5472263e-01;3.4750000e+02;1.8196273e-01;3.4750000e+02;2.1049330e-01;3.4750000e+02;2.2676671e-01;3.4750000e+02;2.1529260e-01;3.4750000e+02;1.8123683e-01;3.4750000e+02;1.3333635e-01;3.4750000e+02;8.3690204e-02;3.4750000e+02;3.8645815e-02;3.4750000e+02;-5.6756297e-03;3.4750000e+02;-1.9016024e-04;3.4750000e+02;1.1210347e-02;3.4750000e+02;2.8429013e-02;3.4750000e+02;4.8750639e-02;3.4750000e+02;7.1091674e-02;3.4750000e+02;9.2782535e-02;3.4750000e+02;1.1331841e-01;3.4750000e+02;1.3355045e-01;3.4750000e+02;1.5472263e-01;3.4750000e+02;1.8196273e-01;3.4750000e+02;2.1049330e-01;3.4750000e+02;2.2676671e-01;3.4750000e+02;2.1529260e-01;3.4750000e+02;1.8123683e-01;3.4750000e+02;1.3333635e-01;3.4750000e+02;8.3690204e-02;3.4750000e+02;3.8645815e-02;3.4750000e+02;-5.6756297e-03;3.4750000e+02;-1.9016024e-04;3.4750000e+02;1.1210347e-02;3.4750000e+02;2.8429013e-02;3.4750000e+02;4.8750639e-02;3.4750000e+02;7.1091674e-02;3.4750000e+02;9.2782535e-02;3.4750000e+02;1.1331841e-01;3.4750000e+02;1.3355045e-01;3.4750000e+02;1.5472263e-01;3.4750000e+02;1.8196273e-01;3.4750000e+02;2.1049330e-01;3.4750000e+02;2.2676671e-01;3.4750000e+02;2.1529260e-01;3.4750000e+02;1.8123683e-01;3.4750000e+02;1.3333635e-01;3.4750000e+02;8.3690204e-02;3.4750000e+02;3.8645815e-02;3.4750000e+02;-5.6756297e-03;3.4750000e+02;-1.9016024e-04;3.4750000e+02;1.1210347e-02;3.4750000e+02;2.8429013e-02;3.4750000e+02;4.8750639e-02;3.4750000e+02;7.1091674e-02;3.4750000e+02;9.2782535e-02;3.4750000e+02;1.1331841e-01;3.4750000e+02;1.3355045e-01;3.4750000e+02;1.5472263e-01;3.4750000e+02;1.8196273e-01;3.4750000e+02;2.1049330e-01;3.4750000e+02;2.2676671e-01;3.4750000e+02;2.1529260e-01;3.4750000e+02;1.8123683e-01;3.4750000e+02;1.3333635e-01;3.4750000e+02;8.3690204e-02;3.4750000e+02;3.8645815e-02;3.4750000e+02;-5.6756297e-03;3.4750000e+02;-1.9016024e-04;3.4750000e+02;1.1210347e-02;3.4750000e+02;2.8429013e-02;3.4750000e+02;4.8750639e-02;3.4750000e+02;7.1091674e-02;3.4750000e+02;9.2782535e-02;3.4750000e+02;1.1331841e-01;3.4750000e+02;1.3355045e-01;3.4750000e+02;1.5472263e-01;3.4750000e+02;1.8196273e-01;3.4750000e+02;2.1049330e-01;3.4750000e+02;2.2676671e-01;3.4750000e+02;2.1529260e-01;3.4750000e+02;1.8123683e-01;3.4750000e+02;1.3333635e-01;3.4750000e+02;8.3690204e-02;3.4750000e+02;3.8645815e-02;3.4750000e+02;-5.6756297e-03;3.4750000e+02;-1.9016024e-04;3.4750000e+02;1.1210347e-02;3.4750000e+02;2.8429013e-02;3.4750000e+02;4.8750639e-02;3.4750000e+02;7.1091674e-02;3.4750000e+02;9.2782535e-02;3.4750000e+02;1.1331841e-01;3.4750000e+02;1.3355045e-01;3.4750000e+02;1.5472263e-01;3.4750000e+02;1.8196273e-01;3.4750000e+02;2.1049330e-01;3.4750000e+02;2.2676671e-01;3.4750000e+02;2.1529260e-01;3.4750000e+02;1.8123683e-01;3.4750000e+02;1.3333635e-01;3.4750000e+02;8.3690204e-02;3.4750000e+02;3.8645815e-02;3.4750000e+02;-5.6756297e-03;3.4750000e+02;-1.9016024e-04;3.4750000e+02;1.1210347e-02;3.4750000e+02;2.8429013e-02;3.4750000e+02;4.8750639e-02;3.4750000e+02;7.1091674e-02;3.4750000e+02;9.2782535e-02;3.4750000e+02;1.1331841e-01;3.4750000e+02;1.3355045e-01;3.4750000e+02;1.5472263e-01;3.4750000e+02;1.8196273e-01;3.4750000e+02;2.1049330e-01;3.4750000e+02;2.2676671e-01;3.4750000e+02;2.1529260e-01;3.4750000e+02;1.8123683e-01;3.4750000e+02;1.3333635e-01;3.4750000e+02;8.3690204e-02;3.4750000e+02;3.8645815e-02;3.4750000e+02;-5.6756297e-03;3.4750000e+02;-1.9016024e-04;3.4750000e+02;1.1210347e-02;3.4750000e+02;2.8429013e-02;3.4750000e+02;4.8750639e-02;3.4750000e+02;7.1091674e-02;3.4750000e+02;9.2782535e-02;3.4750000e+02;1.1331841e-01;3.4750000e+02;1.3355045e-01;3.4750000e+02;1.5472263e-01;3.4750000e+02;1.8196273e-01;3.4750000e+02;2.1049330e-01;3.4750000e+02;2.2676671e-01;3.4750000e+02;2.1529260e-01;3.4750000e+02;1.8123683e-01;3.4750000e+02;1.3333635e-01;3.4750000e+02;8.3690204e-02;3.4750000e+02;3.8645815e-02;3.4750000e+02;-5.6756297e-03;3.4750000e+02;-1.9016024e-04;3.4750000e+02;1.1210347e-02;3.4750000e+02;2.8429013e-02;3.4750000e+02;4.8750639e-02;3.4750000e+02;7.1091674e-02;3.4750000e+02;9.2782535e-02;3.4750000e+02;1.1331841e-01;3.4750000e+02;1.3355045e-01;3.4750000e+02;1.5472263e-01;3.4750000e+02;1.8196273e-01;3.4750000e+02;2.1049330e-01;3.4750000e+02;2.2676671e-01;3.4750000e+02;2.1529260e-01;3.4750000e+02;1.8123683e-01;3.4750000e+02;1.3333635e-01;3.4750000e+02;8.3690204e-02;3.4750000e+02;3.8645815e-02;3.4750000e+02;-5.6756297e-03;3.4750000e+02;-1.9016024e-04;3.4750000e+02;1.1210347e-02;3.4750000e+02;2.8429013e-02;3.4750000e+02;4.8750639e-02;3.4750000e+02;7.1091674e-02;3.4750000e+02;9.2782535e-02;3.4750000e+02;1.1331841e-01;3.4750000e+02;1.3355045e-01;3.4750000e+02;1.5472263e-01;3.4750000e+02;1.8196273e-01;3.4750000e+02;2.1049330e-01;3.4750000e+02;2.2676671e-01;3.4750000e+02;2.1529260e-01;3.4750000e+02;1.8123683e-01;3.4750000e+02;1.3333635e-01;3.4750000e+02;8.3690204e-02;3.4750000e+02;3.8645815e-02;3.4750000e+02;-5.6756297e-03;3.4750000e+02;-1.9016024e-04;3.4750000e+02;1.1210347e-02;3.4750000e+02;2.8429013e-02;3.4750000e+02;4.8750639e-02;3.4750000e+02;7.1091674e-02;3.4750000e+02;9.2782535e-02;3.4750000e+02;1.1331841e-01;3.4750000e+02;1.3355045e-01;3.4750000e+02;1.5472263e-01;3.4750000e+02;1.8196273e-01;3.4750000e+02;2.1049330e-01;3.4750000e+02;2.2676671e-01;3.4750000e+02;2.1529260e-01;3.4750000e+02;1.8123683e-01;3.4750000e+02;1.3333635e-01;3.4750000e+02;8.3690204e-02;3.4750000e+02;3.8645815e-02;3.4750000e+02;-5.6756297e-03;3.4750000e+02;-1.9016024e-04;3.4750000e+02;1.1210347e-02;3.4750000e+02;2.8429013e-02;3.4750000e+02;4.8750639e-02;3.4750000e+02;7.1091674e-02;3.4750000e+02;9.2782535e-02;3.4750000e+02;1.1331841e-01;3.4750000e+02;1.3355045e-01;3.4750000e+02;1.5472263e-01;3.4750000e+02;1.8196273e-01;3.4750000e+02;2.1049330e-01;3.4750000e+02;2.2676671e-01;3.4750000e+02;2.1529260e-01;3.4750000e+02;1.8123683e-01;3.4750000e+02;1.3333635e-01;3.4750000e+02;8.3690204e-02;3.4750000e+02;3.8645815e-02;3.4750000e+02;-5.6756297e-03;3.4750000e+02;-1.9016024e-04;3.4750000e+02;1.1210347e-02;3.4750000e+02;2.8429013e-02;3.4750000e+02;4.8750639e-02;3.4750000e+02;7.1091674e-02;3.4750000e+02;9.2782535e-02;3.4750000e+02;1.1331841e-01;3.4750000e+02;1.3355045e-01;3.4750000e+02;1.5472263e-01;3.4750000e+02;1.8196273e-01;3.4750000e+02;2.1049330e-01;3.4750000e+02;2.2676671e-01;3.4750000e+02;2.1529260e-01;3.4750000e+02;1.8123683e-01;3.4750000e+02;1.3333635e-01;3.4750000e+02;8.3690204e-02;3.4750000e+02;3.8645815e-02;3.4750000e+02;-5.6756297e-03;3.4750000e+02;-1.9016024e-04;3.4750000e+02;1.1210347e-02;3.4750000e+02;2.8429013e-02;3.4750000e+02;4.8750639e-02;3.4750000e+02;7.1091674e-02;3.4750000e+02;9.2782535e-02;3.4750000e+02;1.1331841e-01;3.4750000e+02;1.3355045e-01;3.4750000e+02;1.5472263e-01;3.4750000e+02;1.8196273e-01;3.4750000e+02;2.1049330e-01;3.4750000e+02;2.2676671e-01;3.4750000e+02;2.1529260e-01;3.4750000e+02;1.8123683e-01;3.4750000e+02;1.3333635e-01;3.4750000e+02;8.3690204e-02;3.4750000e+02;3.8645815e-02;3.4750000e+02;-5.6756297e-03;3.4750000e+02;-1.9016024e-04;3.4750000e+02;1.1210347e-02;3.4750000e+02;2.8429013e-02;3.4750000e+02;4.8750639e-02;3.4750000e+02;7.1091674e-02;3.4750000e+02;9.2782535e-02;3.4750000e+02;1.1331841e-01;3.4750000e+02;1.3355045e-01;3.4750000e+02;1.5472263e-01;3.4750000e+02;1.8196273e-01;3.4750000e+02;2.1049330e-01;3.4750000e+02;2.2676671e-01;3.4750000e+02;2.1529260e-01;3.4750000e+02;1.8123683e-01;3.4750000e+02;1.3333635e-01;3.4750000e+02;8.3690204e-02;3.4750000e+02;3.8645815e-02;3.4750000e+02;-5.6756297e-03;3.4750000e+02;-1.9016024e-04;3.4750000e+02;1.1210347e-02;3.4750000e+02;2.8429013e-02;3.4750000e+02;4.8750639e-02;3.4750000e+02;7.1091674e-02;3.4750000e+02;9.2782535e-02;3.4750000e+02;1.1331841e-01;3.4750000e+02;1.3355045e-01;3.4750000e+02;1.5472263e-01;3.4750000e+02;1.8196273e-01;3.4750000e+02;2.1049330e-01;3.4750000e+02;2.2676671e-01;3.4750000e+02;2.1529260e-01;3.4750000e+02;1.8123683e-01;3.4750000e+02;1.3333635e-01;3.4750000e+02;8.3690204e-02;3.4750000e+02;3.8645815e-02;3.4750000e+02;-5.6756297e-03;3.4750000e+02;-1.9016024e-04;3.4750000e+02;1.1210347e-02;3.4750000e+02;2.8429013e-02;3.4750000e+02;4.8750639e-02;3.4750000e+02;7.1091674e-02;3.4750000e+02;9.2782535e-02;3.4750000e+02;1.1331841e-01;3.4750000e+02;1.3355045e-01;3.4750000e+02;1.5472263e-01;3.4750000e+02;1.8196273e-01;3.4750000e+02;2.1049330e-01;3.4750000e+02;2.2676671e-01;3.4750000e+02;2.1529260e-01;3.4750000e+02;1.8123683e-01;3.4750000e+02;1.3333635e-01;3.4750000e+02;8.3690204e-02;3.4750000e+02;3.8645815e-02;3.4750000e+02;-5.6756297e-03;3.4750000e+02;-1.9016024e-04;3.4750000e+02;1.1210347e-02;3.4750000e+02;2.8429013e-02;3.4750000e+02;4.8750639e-02;3.4750000e+02;7.1091674e-02;3.4750000e+02;9.2782535e-02;3.4750000e+02;1.1331841e-01;3.4750000e+02;1.3355045e-01;3.4750000e+02;1.5472263e-01;3.4750000e+02;1.8196273e-01;3.4750000e+02;2.1049330e-01;3.4750000e+02;2.2676671e-01;3.4750000e+02;2.1529260e-01;3.4750000e+02;1.8123683e-01;3.4750000e+02;1.3333635e-01;3.4750000e+02;8.3690204e-02;3.4750000e+02;3.8645815e-02;3.4750000e+02;-5.6756297e-03;3.4750000e+02;-1.9016024e-04;3.4750000e+02;1.1210347e-02;3.4750000e+02;2.8429013e-02;3.4750000e+02;4.8750639e-02;3.4750000e+02;7.1091674e-02;3.4750000e+02;9.2782535e-02;3.4750000e+02;1.1331841e-01;3.4750000e+02;1.3355045e-01;3.4750000e+02;1.5472263e-01;3.4750000e+02;1.8196273e-01;3.4750000e+02;2.1049330e-01;3.4750000e+02;2.2676671e-01;3.4750000e+02;2.1529260e-01;3.4750000e+02;1.8123683e-01;3.4750000e+02;1.3333635e-01;3.4750000e+02;8.3690204e-02;3.4750000e+02;3.8645815e-02;3.4750000e+02;-5.6756297e-03;3.4750000e+02;-1.9016024e-04;3.4750000e+02;1.1210347e-02;3.4750000e+02;2.8429013e-02;3.4750000e+02;4.8750639e-02;3.4750000e+02;7.1091674e-02;3.4750000e+02;9.2782535e-02;3.4750000e+02;1.1331841e-01;3.4750000e+02;1.3355045e-01;3.4750000e+02;1.5472263e-01;3.4750000e+02;1.8196273e-01;3.4750000e+02;2.1049330e-01;3.4750000e+02;2.2676671e-01;3.4750000e+02;2.1529260e-01;3.4750000e+02;1.8123683e-01;3.4750000e+02;1.3333635e-01;3.4750000e+02;8.3690204e-02;3.4750000e+02;3.8645815e-02;3.4750000e+02;-5.6756297e-03;3.4750000e+02;-1.9016024e-04;3.4750000e+02;1.1210347e-02;3.4750000e+02;2.8429013e-02;3.4750000e+02;4.8750639e-02;3.4750000e+02;7.1091674e-02;3.4750000e+02;9.2782535e-02;3.4750000e+02;1.1331841e-01;3.4750000e+02;1.3355045e-01;3.4750000e+02;1.5472263e-01;3.4750000e+02;1.8196273e-01;3.4750000e+02;2.1049330e-01;3.4750000e+02;2.2676671e-01;3.4750000e+02;2.1529260e-01;3.4750000e+02;1.8123683e-01;3.4750000e+02;1.3333635e-01;3.4750000e+02;8.3690204e-02;3.4750000e+02;3.8645815e-02;3.4750000e+02;-5.6756297e-03;3.4750000e+02;-1.9016024e-04;3.4750000e+02;1.1210347e-02;3.4750000e+02;2.8429013e-02;3.4750000e+02;4.8750639e-02;3.4750000e+02;7.1091674e-02;3.4750000e+02;9.2782535e-02;3.4750000e+02;1.1331841e-01;3.4750000e+02;1.3355045e-01;3.4750000e+02;1.5472263e-01;3.4750000e+02;1.8196273e-01;3.4750000e+02;2.1049330e-01;3.4750000e+02;2.2676671e-01;3.4750000e+02;2.1529260e-01;3.4750000e+02;1.8123683e-01;3.4750000e+02;1.3333635e-01;3.4750000e+02;8.3690204e-02;3.4750000e+02;3.8645815e-02;3.4750000e+02;-5.6756297e-03;3.4750000e+02;-1.9016024e-04;3.4750000e+02;1.1210347e-02;3.4750000e+02;2.8429013e-02;3.4750000e+02;4.8750639e-02;3.4750000e+02;7.1091674e-02;3.4750000e+02;9.2782535e-02;3.4750000e+02;1.1331841e-01;3.4750000e+02;1.3355045e-01;3.4750000e+02;1.5472263e-01;3.4750000e+02;1.8196273e-01;3.4750000e+02;2.1049330e-01;3.4750000e+02;2.2676671e-01;3.4750000e+02;2.1529260e-01;3.4750000e+02;1.8123683e-01;3.4750000e+02;1.3333635e-01;3.4750000e+02;8.3690204e-02;3.4750000e+02;3.8645815e-02;3.4750000e+02;-5.6756297e-03;3.4750000e+02;-1.9016024e-04;3.4750000e+02;1.1210347e-02;3.4750000e+02;2.8429013e-02;3.4750000e+02;4.8750639e-02;3.4750000e+02;7.1091674e-02;3.4750000e+02;9.2782535e-02;3.4750000e+02;1.1331841e-01;3.4750000e+02;1.3355045e-01;3.4750000e+02;1.5472263e-01;3.4750000e+02;1.8196273e-01;3.4750000e+02;2.1049330e-01;3.4750000e+02;2.2676671e-01;3.4750000e+02;2.1529260e-01;3.4750000e+02;1.8123683e-01;3.4750000e+02;1.3333635e-01;3.4750000e+02;8.3690204e-02;3.4750000e+02;3.8645815e-02;3.4750000e+02;-5.6756297e-03;3.4750000e+02;-1.9016024e-04;3.4750000e+02;1.1210347e-02;3.4750000e+02;2.8429013e-02;3.4750000e+02;4.8750639e-02;3.4750000e+02;7.1091674e-02;3.4750000e+02;9.2782535e-02;3.4750000e+02;1.1331841e-01;3.4750000e+02;1.3355045e-01;3.4750000e+02;1.5472263e-01;3.4750000e+02;1.8196273e-01;3.4750000e+02;2.1049330e-01;3.4750000e+02;2.2676671e-01;3.4750000e+02;2.1529260e-01;3.4750000e+02;1.8123683e-01;3.4750000e+02;1.3333635e-01;3.4750000e+02;8.3690204e-02;3.4750000e+02;3.8645815e-02;3.4750000e+02;-5.6756297e-03;3.4750000e+02;-1.9016024e-04;3.4750000e+02;1.1210347e-02;3.4750000e+02;2.8429013e-02;3.4750000e+02;4.8750639e-02;3.4750000e+02;7.1091674e-02;3.4750000e+02;9.2782535e-02;3.4750000e+02;1.1331841e-01;3.4750000e+02;1.3355045e-01;3.4750000e+02;1.5472263e-01;3.4750000e+02;1.8196273e-01;3.4750000e+02;2.1049330e-01;3.4750000e+02;2.2676671e-01;3.4750000e+02;2.1529260e-01;3.4750000e+02;1.8123683e-01;3.4750000e+02;1.3333635e-01;3.4750000e+02;8.3690204e-02;3.4750000e+02;3.8645815e-02;3.4750000e+02;-5.6756297e-03;3.4750000e+02;-1.9016024e-04;3.4750000e+02;1.1210347e-02;3.4750000e+02;2.8429013e-02;3.4750000e+02;4.8750639e-02;3.4750000e+02;7.1091674e-02;3.4750000e+02;9.2782535e-02;3.4750000e+02;1.1331841e-01;3.4750000e+02;1.3355045e-01;3.4750000e+02;1.5472263e-01;3.4750000e+02;1.8196273e-01;3.4750000e+02;2.1049330e-01;3.4750000e+02;2.2676671e-01;3.4750000e+02;2.1529260e-01;3.4750000e+02;1.8123683e-01;3.4750000e+02;1.3333635e-01;3.4750000e+02;8.3690204e-02;3.4750000e+02;3.8645815e-02;3.4750000e+02;-5.6756297e-03;3.4750000e+02;-1.9016024e-04;3.4750000e+02;1.1210347e-02;3.4750000e+02;2.8429013e-02;3.4750000e+02;4.8750639e-02;3.4750000e+02;7.1091674e-02;3.4750000e+02;9.2782535e-02;3.4750000e+02;1.1331841e-01;3.4750000e+02;1.3355045e-01;3.4750000e+02;1.5472263e-01;3.4750000e+02;1.8196273e-01;3.4750000e+02;2.1049330e-01;3.4750000e+02;2.2676671e-01;3.4750000e+02;2.1529260e-01;3.4750000e+02;1.8123683e-01;3.4750000e+02;1.3333635e-01;3.4750000e+02;8.3690204e-02;3.4750000e+02;3.8645815e-02;3.4750000e+02;-5.6756297e-03;3.4750000e+02;-1.9016024e-04;3.4750000e+02;1.1210347e-02;3.4750000e+02;2.8429013e-02;3.4750000e+02;4.8750639e-02;3.4750000e+02;7.1091674e-02;3.4750000e+02;9.2782535e-02;3.4750000e+02;1.1331841e-01;3.4750000e+02;1.3355045e-01;3.4750000e+02;1.5472263e-01;3.4750000e+02;1.8196273e-01;3.4750000e+02;2.1049330e-01;3.4750000e+02;2.2676671e-01;3.4750000e+02;2.1529260e-01;3.4750000e+02;1.8123683e-01;3.4750000e+02;1.3333635e-01;3.4750000e+02;8.3690204e-02;3.4750000e+02;3.8645815e-02;3.4750000e+02;-5.6756297e-03;3.4750000e+02;-1.9016024e-04;3.4750000e+02;1.1210347e-02;3.4750000e+02;2.8429013e-02;3.4750000e+02;4.8750639e-02;3.4750000e+02;7.1091674e-02;3.4750000e+02;9.2782535e-02;3.4750000e+02;1.1331841e-01;3.4750000e+02;1.3355045e-01;3.4750000e+02;1.5472263e-01;3.4750000e+02;1.8196273e-01;3.4750000e+02;2.1049330e-01;3.4750000e+02;2.2676671e-01;3.4750000e+02;2.1529260e-01;3.4750000e+02;1.8123683e-01;3.4750000e+02;1.3333635e-01;3.4750000e+02;8.3690204e-02;3.4750000e+02;3.8645815e-02;3.4750000e+02;-5.6756297e-03;3.4750000e+02;-1.9016024e-04;3.4750000e+02;1.1210347e-02;3.4750000e+02;2.8429013e-02;3.4750000e+02;4.8750639e-02;3.4750000e+02;7.1091674e-02;3.4750000e+02;9.2782535e-02;3.4750000e+02;1.1331841e-01;3.4750000e+02;1.3355045e-01;3.4750000e+02;1.5472263e-01;3.4750000e+02;1.8196273e-01;3.4750000e+02;2.1049330e-01;3.4750000e+02;2.2676671e-01;3.4750000e+02;2.1529260e-01;3.4750000e+02;1.8123683e-01;3.4750000e+02;1.3333635e-01;3.4750000e+02;8.3690204e-02;3.4750000e+02;3.8645815e-02;3.4750000e+02;-5.6756297e-03;3.4750000e+02;-1.9016024e-04;3.4750000e+02;1.1210347e-02;3.4750000e+02;2.8429013e-02;3.4750000e+02;4.8750639e-02;3.4750000e+02;7.1091674e-02;3.4750000e+02;9.2782535e-02;3.4750000e+02;1.1331841e-01;3.4750000e+02;1.3355045e-01;3.4750000e+02;1.5472263e-01;3.4750000e+02;1.8196273e-01;3.4750000e+02;2.1049330e-01;3.4750000e+02;2.2676671e-01;3.4750000e+02;2.1529260e-01;3.4750000e+02;1.8123683e-01;3.4750000e+02;1.3333635e-01;3.4750000e+02;8.3690204e-02;3.4750000e+02;3.8645815e-02;3.4750000e+02;-5.6756297e-03;3.4750000e+02;-1.9016024e-04;3.4750000e+02;1.1210347e-02;3.4750000e+02;2.8429013e-02;3.4750000e+02;4.8750639e-02;3.4750000e+02;7.1091674e-02;3.4750000e+02;9.2782535e-02;3.4750000e+02;1.1331841e-01;3.4750000e+02;1.3355045e-01;3.4750000e+02;1.5472263e-01;3.4750000e+02;1.8196273e-01;3.4750000e+02;2.1049330e-01;3.4750000e+02;2.2676671e-01;3.4750000e+02;2.1529260e-01;3.4750000e+02;1.8123683e-01;3.4750000e+02;1.3333635e-01;3.4750000e+02;8.3690204e-02;3.4750000e+02;3.8645815e-02;3.4750000e+02;-5.6756297e-03;3.4750000e+02;-1.9016024e-04;3.4750000e+02;1.1210347e-02;3.4750000e+02;2.8429013e-02;3.4750000e+02;4.8750639e-02;3.4750000e+02;7.1091674e-02;3.4750000e+02;9.2782535e-02;3.4750000e+02;1.1331841e-01;3.4750000e+02;1.3355045e-01;3.4750000e+02;1.5472263e-01;3.4750000e+02;1.8196273e-01;3.4750000e+02;2.1049330e-01;3.4750000e+02;2.2676671e-01;3.4750000e+02;2.1529260e-01;3.4750000e+02;1.8123683e-01;3.4750000e+02;1.3333635e-01;3.4750000e+02;8.3690204e-02;3.4750000e+02;3.8645815e-02;3.4750000e+02;-5.6756297e-03;3.4750000e+02;-1.9016024e-04;3.4750000e+02;1.1210347e-02;3.4750000e+02;2.8429013e-02;3.4750000e+02;4.8750639e-02;3.4750000e+02;7.1091674e-02;3.4750000e+02;9.2782535e-02;3.4750000e+02;1.1331841e-01;3.4750000e+02;1.3355045e-01;3.4750000e+02;1.5472263e-01;3.4750000e+02;1.8196273e-01;3.4750000e+02;2.1049330e-01;3.4750000e+02;2.2676671e-01;3.4750000e+02;2.1529260e-01;3.4750000e+02;1.8123683e-01;3.4750000e+02;1.3333635e-01;3.4750000e+02;8.3690204e-02;3.4750000e+02;3.8645815e-02;3.4750000e+02;-5.6756297e-03;3.4750000e+02;-1.9016024e-04;3.4750000e+02;1.1210347e-02;3.4750000e+02;2.8429013e-02;3.4750000e+02;4.8750639e-02;3.4750000e+02;7.1091674e-02;3.4750000e+02;9.2782535e-02;3.4750000e+02;1.1331841e-01;3.4750000e+02;1.3355045e-01;3.4750000e+02;1.5472263e-01;3.4750000e+02;1.8196273e-01;3.4750000e+02;2.1049330e-01;3.4750000e+02;2.2676671e-01;3.4750000e+02;2.1529260e-01;3.4750000e+02;1.8123683e-01;3.4750000e+02;1.3333635e-01;3.4750000e+02;8.3690204e-02;3.4750000e+02;3.8645815e-02;3.4750000e+02;-5.6756297e-03;3.4750000e+02;-1.9016024e-04;3.4750000e+02;1.1210347e-02;3.4750000e+02;2.8429013e-02;3.4750000e+02;4.8750639e-02;3.4750000e+02;7.1091674e-02;3.4750000e+02;9.2782535e-02;3.4750000e+02;1.1331841e-01;3.4750000e+02;1.3355045e-01;3.4750000e+02;1.5472263e-01;3.4750000e+02;1.8196273e-01;3.4750000e+02;2.1049330e-01;3.4750000e+02;2.2676671e-01;3.4750000e+02;2.1529260e-01;3.4750000e+02;1.8123683e-01;3.4750000e+02;1.3333635e-01;3.4750000e+02;8.3690204e-02;3.4750000e+02;3.8645815e-02;3.4750000e+02;-5.6756297e-03;3.4750000e+02;-1.9016024e-04;3.4750000e+02;1.1210347e-02;3.4750000e+02;2.8429013e-02;3.4750000e+02;4.8750639e-02;3.4750000e+02;7.1091674e-02;3.4750000e+02;9.2782535e-02;3.4750000e+02;1.1331841e-01;3.4750000e+02;1.3355045e-01;3.4750000e+02;1.5472263e-01;3.4750000e+02;1.8196273e-01;3.4750000e+02;2.1049330e-01;3.4750000e+02;2.2676671e-01;3.4750000e+02;2.1529260e-01;3.4750000e+02;1.8123683e-01;3.4750000e+02;1.3333635e-01;3.4750000e+02;8.3690204e-02;3.4750000e+02;3.8645815e-02;3.4750000e+02;-5.6756297e-03;3.4750000e+02;-1.9016024e-04;3.4750000e+02;1.1210347e-02;3.4750000e+02;2.8429013e-02;3.4750000e+02;4.8750639e-02;3.4750000e+02;7.1091674e-02;3.4750000e+02;9.2782535e-02;3.4750000e+02;1.1331841e-01;3.4750000e+02;1.3355045e-01;3.4750000e+02;1.5472263e-01;3.4750000e+02;1.8196273e-01;3.4750000e+02;2.1049330e-01;3.4750000e+02;2.2676671e-01;3.4750000e+02;2.1529260e-01;3.4750000e+02;1.8123683e-01;3.4750000e+02;1.3333635e-01;3.4750000e+02;8.3690204e-02;3.4750000e+02;3.8645815e-02;3.4750000e+02;-5.6756297e-03;3.4750000e+02;-1.9016024e-04;3.4750000e+02;1.1210347e-02;3.4750000e+02;2.8429013e-02;3.4750000e+02;4.8750639e-02;3.4750000e+02;7.1091674e-02;3.4750000e+02;9.2782535e-02;3.4750000e+02;1.1331841e-01;3.4750000e+02;1.3355045e-01;3.4750000e+02;1.5472263e-01;3.4750000e+02;1.8196273e-01;3.4750000e+02;2.1049330e-01;3.4750000e+02;2.2676671e-01;3.4750000e+02;2.1529260e-01;3.4750000e+02;1.8123683e-01;3.4750000e+02;1.3333635e-01;3.4750000e+02;8.3690204e-02;3.4750000e+02;3.8645815e-02;3.4750000e+02;-5.6756297e-03;3.4750000e+02;-1.9016024e-04;3.4750000e+02;1.1210347e-02;3.4750000e+02;2.8429013e-02;3.4750000e+02;4.8750639e-02;3.4750000e+02;7.1091674e-02;3.4750000e+02;9.2782535e-02;3.4750000e+02;1.1331841e-01;3.4750000e+02;1.3355045e-01;3.4750000e+02;1.5472263e-01;3.4750000e+02;1.8196273e-01;3.4750000e+02;2.1049330e-01;3.4750000e+02;2.2676671e-01;3.4750000e+02;2.1529260e-01;3.4750000e+02;1.8123683e-01;3.4750000e+02;1.3333635e-01;3.4750000e+02;8.3690204e-02;3.4750000e+02;3.8645815e-02;3.4750000e+02;-5.6756297e-03;3.4750000e+02;-1.9016024e-04;3.4750000e+02;1.1210347e-02;3.4750000e+02;2.8429013e-02;3.4750000e+02;4.8750639e-02;3.4750000e+02;7.1091674e-02;3.4750000e+02;9.2782535e-02;3.4750000e+02;1.1331841e-01;3.4750000e+02;1.3355045e-01;3.4750000e+02;1.5472263e-01;3.4750000e+02;1.8196273e-01;3.4750000e+02;2.1049330e-01;3.4750000e+02;2.2676671e-01;3.4750000e+02;2.1529260e-01;3.4750000e+02;1.8123683e-01;3.4750000e+02;1.3333635e-01;3.4750000e+02;8.3690204e-02;3.4750000e+02;3.8645815e-02;3.4750000e+02;-5.6756297e-03;3.4750000e+02;-1.9016024e-04;3.4750000e+02;1.1210347e-02;3.4750000e+02;2.8429013e-02;3.4750000e+02;4.8750639e-02;3.4750000e+02;7.1091674e-02;3.4750000e+02;9.2782535e-02;3.4750000e+02;1.1331841e-01;3.4750000e+02;1.3355045e-01;3.4750000e+02;1.5472263e-01;3.4750000e+02;1.8196273e-01;3.4750000e+02;2.1049330e-01;3.4750000e+02;2.2676671e-01;3.4750000e+02;2.1529260e-01;3.4750000e+02;1.8123683e-01;3.4750000e+02;1.3333635e-01;3.4750000e+02;8.3690204e-02;3.4750000e+02;3.8645815e-02;3.4750000e+02;-5.6756297e-03;3.4750000e+02;-1.9016024e-04;3.4750000e+02;1.1210347e-02;3.4750000e+02;2.8429013e-02;3.4750000e+02;4.8750639e-02;3.4750000e+02;7.1091674e-02;3.4750000e+02;9.2782535e-02;3.4750000e+02;1.1331841e-01;3.4750000e+02;1.3355045e-01;3.4750000e+02;1.5472263e-01;3.4750000e+02;1.8196273e-01;3.4750000e+02;2.1049330e-01;3.4750000e+02;2.2676671e-01;3.4750000e+02;2.1529260e-01;3.4750000e+02;1.8123683e-01;3.4750000e+02;1.3333635e-01;3.4750000e+02;8.3690204e-02;3.4750000e+02;3.8645815e-02;3.4750000e+02;-5.6756297e-03;3.4750000e+02;-1.9016024e-04;3.4750000e+02;1.1210347e-02;3.4750000e+02;2.8429013e-02;3.4750000e+02;4.8750639e-02;3.4750000e+02;7.1091674e-02;3.4750000e+02;9.2782535e-02;3.4750000e+02;1.1331841e-01;3.4750000e+02;1.3355045e-01;3.4750000e+02;1.5472263e-01;3.4750000e+02;1.8196273e-01;3.4750000e+02;2.1049330e-01;3.4750000e+02;2.2676671e-01;3.4750000e+02;2.1529260e-01;3.4750000e+02;1.8123683e-01;3.4750000e+02;1.3333635e-01;3.4750000e+02;8.3690204e-02;3.4750000e+02;3.8645815e-02;3.4750000e+02;-5.6756297e-03;3.4750000e+02;-1.9016024e-04;3.4750000e+02;1.1210347e-02;3.4750000e+02;2.8429013e-02;3.4750000e+02;4.8750639e-02;3.4750000e+02;7.1091674e-02;3.4750000e+02;9.2782535e-02;3.4750000e+02;1.1331841e-01;3.4750000e+02;1.3355045e-01;3.4750000e+02;1.5472263e-01;3.4750000e+02;1.8196273e-01;3.4750000e+02;2.1049330e-01;3.4750000e+02;2.2676671e-01;3.4750000e+02;2.1529260e-01;3.4750000e+02;1.8123683e-01;3.4750000e+02;1.3333635e-01;3.4750000e+02;8.3690204e-02;3.4750000e+02;3.8645815e-02;3.4750000e+02;-5.6756297e-03;3.4750000e+02;-1.9016024e-04;3.4750000e+02;1.1210347e-02;3.4750000e+02;2.8429013e-02;3.4750000e+02;4.8750639e-02;3.4750000e+02;7.1091674e-02;3.4750000e+02;9.2782535e-02;3.4750000e+02;1.1331841e-01;3.4750000e+02;1.3355045e-01;3.4750000e+02;1.5472263e-01;3.4750000e+02;1.8196273e-01;3.4750000e+02;2.1049330e-01;3.4750000e+02;2.2676671e-01;3.4750000e+02;2.1529260e-01;3.4750000e+02;1.8123683e-01;3.4750000e+02;1.3333635e-01;3.4750000e+02;8.3690204e-02;3.4750000e+02;3.8645815e-02;3.4750000e+02;-5.6756297e-03;3.4750000e+02;-1.9016024e-04;3.4750000e+02;1.1210347e-02;3.4750000e+02;2.8429013e-02;3.4750000e+02;4.8750639e-02;3.4750000e+02;7.1091674e-02;3.4750000e+02;9.2782535e-02;3.4750000e+02;1.1331841e-01;3.4750000e+02;1.3355045e-01;3.4750000e+02;1.5472263e-01;3.4750000e+02;1.8196273e-01;3.4750000e+02;2.1049330e-01;3.4750000e+02;2.2676671e-01;3.4750000e+02;2.1529260e-01;3.4750000e+02;1.8123683e-01;3.4750000e+02;1.3333635e-01;3.4750000e+02;8.3690204e-02;3.4750000e+02;3.8645815e-02;3.4750000e+02;-5.6756297e-03;3.4750000e+02;-1.9016024e-04;3.4750000e+02;1.1210347e-02;3.4750000e+02;2.8429013e-02;3.4750000e+02;4.8750639e-02;3.4750000e+02;7.1091674e-02;3.4750000e+02;9.2782535e-02;3.4750000e+02;1.1331841e-01;3.4750000e+02;1.3355045e-01;3.4750000e+02;1.5472263e-01;3.4750000e+02;1.8196273e-01;3.4750000e+02;2.1049330e-01;3.4750000e+02;2.2676671e-01;3.4750000e+02;2.1529260e-01;3.4750000e+02;1.8123683e-01;3.4750000e+02;1.3333635e-01;3.4750000e+02;8.3690204e-02;3.4750000e+02;3.8645815e-02;3.4750000e+02;-5.6756297e-03;3.4750000e+02;-1.9016024e-04;3.4750000e+02;1.1210347e-02;3.4750000e+02;2.8429013e-02;3.4750000e+02;4.8750639e-02;3.4750000e+02;7.1091674e-02;3.4750000e+02;9.2782535e-02;3.4750000e+02;1.1331841e-01;3.4750000e+02;1.3355045e-01;3.4750000e+02;1.5472263e-01;3.4750000e+02;1.8196273e-01;3.4750000e+02;2.1049330e-01;3.4750000e+02;2.2676671e-01;3.4750000e+02;2.1529260e-01;3.4750000e+02;1.8123683e-01;3.4750000e+02;1.3333635e-01;3.4750000e+02;8.3690204e-02;3.4750000e+02;3.8645815e-02;3.4750000e+02;-5.6756297e-03;3.4750000e+02;-1.9016024e-04;3.4750000e+02;1.1210347e-02;3.4750000e+02;2.8429013e-02;3.4750000e+02;4.8750639e-02;3.4750000e+02;7.1091674e-02;3.4750000e+02;9.2782535e-02;3.4750000e+02;1.1331841e-01;3.4750000e+02;1.3355045e-01;3.4750000e+02;1.5472263e-01;3.4750000e+02;1.8196273e-01;3.4750000e+02;2.1049330e-01;3.4750000e+02;2.2676671e-01;3.4750000e+02;2.1529260e-01;3.4750000e+02;1.8123683e-01;3.4750000e+02;1.3333635e-01;3.4750000e+02;8.3690204e-02;3.4750000e+02;3.8645815e-02;3.4750000e+02;-5.6756297e-03;3.4750000e+02;-1.9016024e-04;3.4750000e+02;1.1210347e-02;3.4750000e+02;2.8429013e-02;3.4750000e+02;4.8750639e-02;3.4750000e+02;7.1091674e-02;3.4750000e+02;9.2782535e-02;3.4750000e+02;1.1331841e-01;3.4750000e+02;1.3355045e-01;3.4750000e+02;1.5472263e-01;3.4750000e+02;1.8196273e-01;3.4750000e+02;2.1049330e-01;3.4750000e+02;2.2676671e-01;3.4750000e+02;2.1529260e-01;3.4750000e+02;1.8123683e-01;3.4750000e+02;1.3333635e-01;3.4750000e+02;8.3690204e-02;3.4750000e+02;3.8645815e-02;3.4750000e+02;-5.6756297e-03;3.4750000e+02;-1.9016024e-04;3.4750000e+02;1.1210347e-02;3.4750000e+02;2.8429013e-02;3.4750000e+02;4.8750639e-02;3.4750000e+02;7.1091674e-02;3.4750000e+02;9.2782535e-02;3.4750000e+02;1.1331841e-01;3.4750000e+02;1.3355045e-01;3.4750000e+02;1.5472263e-01;3.4750000e+02;1.8196273e-01;3.4750000e+02;2.1049330e-01;3.4750000e+02;2.2676671e-01;3.4750000e+02;2.1529260e-01;3.4750000e+02;1.8123683e-01;3.4750000e+02;1.3333635e-01;3.4750000e+02;8.3690204e-02;3.4750000e+02;3.8645815e-02;3.4750000e+02;-5.6756297e-03;3.4750000e+02;-1.9016024e-04;3.4750000e+02;1.1210347e-02;3.4750000e+02;2.8429013e-02;3.4750000e+02;4.8750639e-02;3.4750000e+02;7.1091674e-02;3.4750000e+02;9.2782535e-02;3.4750000e+02;1.1331841e-01;3.4750000e+02;1.3355045e-01;3.4750000e+02;1.5472263e-01;3.4750000e+02;1.8196273e-01;3.4750000e+02;2.1049330e-01;3.4750000e+02;2.2676671e-01;3.4750000e+02;2.1529260e-01;3.4750000e+02;1.8123683e-01;3.4750000e+02;1.3333635e-01;3.4750000e+02;8.3690204e-02;3.4750000e+02;3.8645815e-02;3.4750000e+02;-5.6756297e-03;3.4750000e+02;-1.9016024e-04;3.4750000e+02;1.1210347e-02;3.4750000e+02;2.8429013e-02;3.4750000e+02;4.8750639e-02;3.4750000e+02;7.1091674e-02;3.4750000e+02;9.2782535e-02;3.4750000e+02;1.1331841e-01;3.4750000e+02;1.3355045e-01;3.4750000e+02;1.5472263e-01;3.4750000e+02;1.8196273e-01;3.4750000e+02;2.1049330e-01;3.4750000e+02;2.2676671e-01;3.4750000e+02;2.1529260e-01;3.4750000e+02;1.8123683e-01;3.4750000e+02;1.3333635e-01;3.4750000e+02;8.3690204e-02;3.4750000e+02;3.8645815e-02;3.4750000e+02;-5.6756297e-03;3.4750000e+02;-1.9016024e-04;3.4750000e+02;1.1210347e-02;3.4750000e+02;2.8429013e-02;3.4750000e+02;4.8750639e-02;3.4750000e+02;7.1091674e-02;3.4750000e+02;9.2782535e-02;3.4750000e+02;1.1331841e-01;3.4750000e+02;1.3355045e-01;3.4750000e+02;1.5472263e-01;3.4750000e+02;1.8196273e-01;3.4750000e+02;2.1049330e-01;3.4750000e+02;2.2676671e-01;3.4750000e+02;2.1529260e-01;3.4750000e+02;1.8123683e-01;3.4750000e+02;1.3333635e-01;3.4750000e+02;8.3690204e-02;3.4750000e+02;3.8645815e-02;3.4750000e+02;-5.6756297e-03;3.4750000e+02;-1.9016024e-04;3.4750000e+02;1.1210347e-02;3.4750000e+02;2.8429013e-02;3.4750000e+02;4.8750639e-02;3.4750000e+02;7.1091674e-02;3.4750000e+02;9.2782535e-02;3.4750000e+02;1.1331841e-01;3.4750000e+02;1.3355045e-01;3.4750000e+02;1.5472263e-01;3.4750000e+02;1.8196273e-01;3.4750000e+02;2.1049330e-01;3.4750000e+02;2.2676671e-01;3.4750000e+02;2.1529260e-01;3.4750000e+02;1.8123683e-01;3.4750000e+02;1.3333635e-01;3.4750000e+02;8.3690204e-02;3.4750000e+02;3.8645815e-02;3.4750000e+02;-5.6756297e-03;3.4750000e+02;-1.9016024e-04;3.4750000e+02;1.1210347e-02;3.4750000e+02;2.8429013e-02;3.4750000e+02;4.8750639e-02;3.4750000e+02;7.1091674e-02;3.4750000e+02;9.2782535e-02;3.4750000e+02;1.1331841e-01;3.4750000e+02;1.3355045e-01;3.4750000e+02;1.5472263e-01;3.4750000e+02;1.8196273e-01;3.4750000e+02;2.1049330e-01;3.4750000e+02;2.2676671e-01;3.4750000e+02;2.1529260e-01;3.4750000e+02;1.8123683e-01;3.4750000e+02;1.3333635e-01;3.4750000e+02;8.3690204e-02;3.4750000e+02;3.8645815e-02;3.4750000e+02;-5.6756297e-03;3.4750000e+02;-1.9016024e-04;3.4750000e+02;1.1210347e-02;3.4750000e+02;2.8429013e-02;3.4750000e+02;4.8750639e-02;3.4750000e+02;7.1091674e-02;3.4750000e+02;9.2782535e-02;3.4750000e+02;1.1331841e-01;3.4750000e+02;1.3355045e-01;3.4750000e+02;1.5472263e-01;3.4750000e+02;1.8196273e-01;3.4750000e+02;2.1049330e-01;3.4750000e+02;2.2676671e-01;3.4750000e+02;2.1529260e-01;3.4750000e+02;1.8123683e-01;3.4750000e+02;1.3333635e-01;3.4750000e+02;8.3690204e-02;3.4750000e+02;3.8645815e-02;3.4750000e+02;-5.6756297e-03;3.4750000e+02;-1.9016024e-04;3.4750000e+02;1.1210347e-02;3.4750000e+02;2.8429013e-02;3.4750000e+02;4.8750639e-02;3.4750000e+02;7.1091674e-02;3.4750000e+02;9.2782535e-02;3.4750000e+02;1.1331841e-01;3.4750000e+02;1.3355045e-01;3.4750000e+02;1.5472263e-01;3.4750000e+02;1.8196273e-01;3.4750000e+02;2.1049330e-01;3.4750000e+02;2.2676671e-01;3.4750000e+02;2.1529260e-01;3.4750000e+02;1.8123683e-01;3.4750000e+02;1.3333635e-01;3.4750000e+02;8.3690204e-02;3.4750000e+02;3.8645815e-02;3.4750000e+02;-5.6756297e-03;3.4750000e+02;-1.9016024e-04;3.4750000e+02;1.1210347e-02;3.4750000e+02;2.8429013e-02;3.4750000e+02;4.8750639e-02;3.4750000e+02;7.1091674e-02;3.4750000e+02;9.2782535e-02;3.4750000e+02;1.1331841e-01;3.4750000e+02;1.3355045e-01;3.4750000e+02;1.5472263e-01;3.4750000e+02;1.8196273e-01;3.4750000e+02;2.1049330e-01;3.4750000e+02;2.2676671e-01;3.4750000e+02;2.1529260e-01;3.4750000e+02;1.8123683e-01;3.4750000e+02;1.3333635e-01;3.4750000e+02;8.3690204e-02;3.4750000e+02;3.8645815e-02;3.4750000e+02;-5.6756297e-03;3.4750000e+02;-1.9016024e-04;3.4750000e+02;1.1210347e-02;3.4750000e+02;2.8429013e-02;3.4750000e+02;4.8750639e-02;3.4750000e+02;7.1091674e-02;3.4750000e+02;9.2782535e-02;3.4750000e+02;1.1331841e-01;3.4750000e+02;1.3355045e-01;3.4750000e+02;1.5472263e-01;3.4750000e+02;1.8196273e-01;3.4750000e+02;2.1049330e-01;3.4750000e+02;2.2676671e-01;3.4750000e+02;2.1529260e-01;3.4750000e+02;1.8123683e-01;3.4750000e+02;1.3333635e-01;3.4750000e+02;8.3690204e-02;3.4750000e+02;3.8645815e-02;3.4750000e+02;-5.6756297e-03;3.4750000e+02;-1.9016024e-04;3.4750000e+02;1.1210347e-02;3.4750000e+02;2.8429013e-02;3.4750000e+02;4.8750639e-02;3.4750000e+02;7.1091674e-02;3.4750000e+02;9.2782535e-02;3.4750000e+02;1.1331841e-01;3.4750000e+02;1.3355045e-01;3.4750000e+02;1.5472263e-01;3.4750000e+02;1.8196273e-01;3.4750000e+02;2.1049330e-01;3.4750000e+02;2.2676671e-01;3.4750000e+02;2.1529260e-01;3.4750000e+02;1.8123683e-01;3.4750000e+02;1.3333635e-01;3.4750000e+02;8.3690204e-02;3.4750000e+02;3.8645815e-02;3.4750000e+02;-5.6756297e-03;3.4750000e+02;-1.9016024e-04;3.4750000e+02;1.1210347e-02;3.4750000e+02;2.8429013e-02;3.4750000e+02;4.8750639e-02;3.4750000e+02;7.1091674e-02;3.4750000e+02;9.2782535e-02;3.4750000e+02;1.1331841e-01;3.4750000e+02;1.3355045e-01;3.4750000e+02;1.5472263e-01;3.4750000e+02;1.8196273e-01;3.4750000e+02;2.1049330e-01;3.4750000e+02;2.2676671e-01;3.4750000e+02;2.1529260e-01;3.4750000e+02;1.8123683e-01;3.4750000e+02;1.3333635e-01;3.4750000e+02;8.3690204e-02;3.4750000e+02;3.8645815e-02;3.4750000e+02;-5.6756297e-03;3.4750000e+02;-1.9016024e-04;3.4750000e+02;1.1210347e-02;3.4750000e+02;2.8429013e-02;3.4750000e+02;4.8750639e-02;3.4750000e+02;7.1091674e-02;3.4750000e+02;9.2782535e-02;3.4750000e+02;1.1331841e-01;3.4750000e+02;1.3355045e-01;3.4750000e+02;1.5472263e-01;3.4750000e+02;1.8196273e-01;3.4750000e+02;2.1049330e-01;3.4750000e+02;2.2676671e-01;3.4750000e+02;2.1529260e-01;3.4750000e+02;1.8123683e-01;3.4750000e+02;1.3333635e-01;3.4750000e+02;8.3690204e-02;3.4750000e+02;3.8645815e-02;3.4750000e+02;-5.6756297e-03;3.4750000e+02;-1.9016024e-04;3.4750000e+02;1.1210347e-02;3.4750000e+02;2.8429013e-02;3.4750000e+02;4.8750639e-02;3.4750000e+02;7.1091674e-02;3.4750000e+02;9.2782535e-02;3.4750000e+02;1.1331841e-01;3.4750000e+02;1.3355045e-01;3.4750000e+02;1.5472263e-01;3.4750000e+02;1.8196273e-01;3.4750000e+02;2.1049330e-01;3.4750000e+02;2.2676671e-01;3.4750000e+02;2.1529260e-01;3.4750000e+02;1.8123683e-01;3.4750000e+02;1.3333635e-01;3.4750000e+02;8.3690204e-02;3.4750000e+02;3.8645815e-02;3.4750000e+02;-5.6756297e-03;3.4750000e+02;-1.9016024e-04;3.4750000e+02;1.1210347e-02;3.4750000e+02;2.8429013e-02;3.4750000e+02;4.8750639e-02;3.4750000e+02;7.1091674e-02;3.4750000e+02;9.2782535e-02;3.4750000e+02;1.1331841e-01;3.4750000e+02;1.3355045e-01;3.4750000e+02;1.5472263e-01;3.4750000e+02;1.8196273e-01;3.4750000e+02;2.1049330e-01;3.4750000e+02;2.2676671e-01;3.4750000e+02;2.1529260e-01;3.4750000e+02;1.8123683e-01;3.4750000e+02;1.3333635e-01;3.4750000e+02;8.3690204e-02;3.4750000e+02;3.8645815e-02;3.4750000e+02;-5.6756297e-03;3.4750000e+02;-1.9016024e-04;3.4750000e+02;1.1210347e-02;3.4750000e+02;2.8429013e-02;3.4750000e+02;4.8750639e-02;3.4750000e+02;7.1091674e-02;3.4750000e+02;9.2782535e-02;3.4750000e+02;1.1331841e-01;3.4750000e+02;1.3355045e-01;3.4750000e+02;1.5472263e-01;3.4750000e+02;1.8196273e-01;3.4750000e+02;2.1049330e-01;3.4750000e+02;2.2676671e-01;3.4750000e+02;2.1529260e-01;3.4750000e+02;1.8123683e-01;3.4750000e+02;1.3333635e-01;3.4750000e+02;8.3690204e-02;3.4750000e+02;3.8645815e-02;3.4750000e+02;-5.6756297e-03;3.4750000e+02;-1.9016024e-04;3.4750000e+02;1.1210347e-02;3.4750000e+02;2.8429013e-02;3.4750000e+02;4.8750639e-02;3.4750000e+02;7.1091674e-02;3.4750000e+02;9.2782535e-02;3.4750000e+02;1.1331841e-01;3.4750000e+02;1.3355045e-01;3.4750000e+02;1.5472263e-01;3.4750000e+02;1.8196273e-01;3.4750000e+02;2.1049330e-01;3.4750000e+02;2.2676671e-01;3.4750000e+02;2.1529260e-01;3.4750000e+02;1.8123683e-01;3.4750000e+02;1.3333635e-01;3.4750000e+02;8.3690204e-02;3.4750000e+02;3.8645815e-02;3.4750000e+02;-5.6756297e-03;3.4750000e+02;-1.9016024e-04;3.4750000e+02;1.1210347e-02;3.4750000e+02;2.8429013e-02;3.4750000e+02;4.8750639e-02;3.4750000e+02;7.1091674e-02;3.4750000e+02;9.2782535e-02;3.4750000e+02;1.1331841e-01;3.4750000e+02;1.3355045e-01;3.4750000e+02;1.5472263e-01;3.4750000e+02;1.8196273e-01;3.4750000e+02;2.1049330e-01;3.4750000e+02;2.2676671e-01;3.4750000e+02;2.1529260e-01;3.4750000e+02;1.8123683e-01;3.4750000e+02;1.3333635e-01;3.4750000e+02;8.3690204e-02;3.4750000e+02;3.8645815e-02;3.4750000e+02;-5.6756297e-03;3.4750000e+02;-1.9016024e-04;3.4750000e+02;1.1210347e-02;3.4750000e+02;2.8429013e-02;3.4750000e+02;4.8750639e-02;3.4750000e+02;7.1091674e-02;3.4750000e+02;9.2782535e-02;3.4750000e+02;1.1331841e-01;3.4750000e+02;1.3355045e-01;3.4750000e+02;1.5472263e-01;3.4750000e+02;1.8196273e-01;3.4750000e+02;2.1049330e-01;3.4750000e+02;2.2676671e-01;3.4750000e+02;2.1529260e-01;3.4750000e+02;1.8123683e-01;3.4750000e+02;1.3333635e-01;3.4750000e+02;8.3690204e-02;3.4750000e+02;3.8645815e-02;3.4750000e+02;-5.6756297e-03;3.4750000e+02;-1.9016024e-04;3.4750000e+02;1.1210347e-02;3.4750000e+02;2.8429013e-02;3.4750000e+02;4.8750639e-02;3.4750000e+02;7.1091674e-02;3.4750000e+02;9.2782535e-02;3.4750000e+02;1.1331841e-01;3.4750000e+02;1.3355045e-01;3.4750000e+02;1.5472263e-01;3.4750000e+02;1.8196273e-01;3.4750000e+02;2.1049330e-01;3.4750000e+02;2.2676671e-01;3.4750000e+02;2.1529260e-01;3.4750000e+02;1.8123683e-01;3.4750000e+02;1.3333635e-01;3.4750000e+02;8.3690204e-02;3.4750000e+02;3.8645815e-02;3.4750000e+02;-5.6756297e-03;3.4750000e+02;-1.9016024e-04;3.4750000e+02;1.1210347e-02;3.4750000e+02;2.8429013e-02;3.4750000e+02;4.8750639e-02;3.4750000e+02;7.1091674e-02;3.4750000e+02;9.2782535e-02;3.4750000e+02;1.1331841e-01;3.4750000e+02;1.3355045e-01;3.4750000e+02;1.5472263e-01;3.4750000e+02;1.8196273e-01;3.4750000e+02;2.1049330e-01;3.4750000e+02;2.2676671e-01;3.4750000e+02;2.1529260e-01;3.4750000e+02;1.8123683e-01;3.4750000e+02;1.3333635e-01;3.4750000e+02;8.3690204e-02;3.4750000e+02;3.8645815e-02;3.4750000e+02;-5.6756297e-03;3.4750000e+02;-1.9016024e-04;3.4750000e+02;1.1210347e-02;3.4750000e+02;2.8429013e-02;3.4750000e+02;4.8750639e-02;3.4750000e+02;7.1091674e-02;3.4750000e+02;9.2782535e-02;3.4750000e+02;1.1331841e-01;3.4750000e+02;1.3355045e-01;3.4750000e+02;1.5472263e-01;3.4750000e+02;1.8196273e-01;3.4750000e+02;2.1049330e-01;3.4750000e+02;2.2676671e-01;3.4750000e+02;2.1529260e-01;3.4750000e+02;1.8123683e-01;3.4750000e+02;1.3333635e-01;3.4750000e+02;8.3690204e-02;3.4750000e+02;3.8645815e-02;3.4750000e+02;-5.6756297e-03;3.4750000e+02;-1.9016024e-04;3.4750000e+02;1.1210347e-02;3.4750000e+02;2.8429013e-02;3.4750000e+02;4.8750639e-02;3.4750000e+02;7.1091674e-02;3.4750000e+02;9.2782535e-02;3.4750000e+02;1.1331841e-01;3.4750000e+02;1.3355045e-01;3.4750000e+02;1.5472263e-01;3.4750000e+02;1.8196273e-01;3.4750000e+02;2.1049330e-01;3.4750000e+02;2.2676671e-01;3.4750000e+02;2.1529260e-01;3.4750000e+02;1.8123683e-01;3.4750000e+02;1.3333635e-01;3.4750000e+02;8.3690204e-02;3.4750000e+02;3.8645815e-02;3.4750000e+02;-5.6756297e-03;3.4750000e+02;-1.9016024e-04;3.4750000e+02;1.1210347e-02;3.4750000e+02;2.8429013e-02;3.4750000e+02;4.8750639e-02;3.4750000e+02;7.1091674e-02;3.4750000e+02;9.2782535e-02;3.4750000e+02;1.1331841e-01;3.4750000e+02;1.3355045e-01;3.4750000e+02;1.5472263e-01;3.4750000e+02;1.8196273e-01;3.4750000e+02;2.1049330e-01;3.4750000e+02;2.2676671e-01;3.4750000e+02;2.1529260e-01;3.4750000e+02;1.8123683e-01;3.4750000e+02;1.3333635e-01;3.4750000e+02;8.3690204e-02;3.4750000e+02;3.8645815e-02;3.4750000e+02;-5.6756297e-03;3.4750000e+02;-1.9016024e-04;3.4750000e+02;1.1210347e-02;3.4750000e+02;2.8429013e-02;3.4750000e+02;4.8750639e-02;3.4750000e+02;7.1091674e-02;3.4750000e+02;9.2782535e-02;3.4750000e+02;1.1331841e-01;3.4750000e+02;1.3355045e-01;3.4750000e+02;1.5472263e-01;3.4750000e+02;1.8196273e-01;3.4750000e+02;2.1049330e-01;3.4750000e+02;2.2676671e-01;3.4750000e+02;2.1529260e-01;3.4750000e+02;1.8123683e-01;3.4750000e+02;1.3333635e-01;3.4750000e+02;8.3690204e-02;3.4750000e+02;3.8645815e-02;3.4750000e+02;-5.6756297e-03;3.4750000e+02;-1.9016024e-04;3.4750000e+02;1.1210347e-02;3.4750000e+02;2.8429013e-02;3.4750000e+02;4.8750639e-02;3.4750000e+02;7.1091674e-02;3.4750000e+02;9.2782535e-02;3.4750000e+02;1.1331841e-01;3.4750000e+02;1.3355045e-01;3.4750000e+02;1.5472263e-01;3.4750000e+02;1.8196273e-01;3.4750000e+02;2.1049330e-01;3.4750000e+02;2.2676671e-01;3.4750000e+02;2.1529260e-01;3.4750000e+02;1.8123683e-01;3.4750000e+02;1.3333635e-01;3.4750000e+02;8.3690204e-02;3.4750000e+02;3.8645815e-02;3.4750000e+02;-5.6756297e-03;3.4750000e+02;-1.9016024e-04;3.4750000e+02;1.1210347e-02;3.4750000e+02;2.8429013e-02;3.4750000e+02;4.8750639e-02;3.4750000e+02;7.1091674e-02;3.4750000e+02;9.2782535e-02;3.4750000e+02;1.1331841e-01;3.4750000e+02;1.3355045e-01;3.4750000e+02;1.5472263e-01;3.4750000e+02;1.8196273e-01;3.4750000e+02;2.1049330e-01;3.4750000e+02;2.2676671e-01;3.4750000e+02;2.1529260e-01;3.4750000e+02;1.8123683e-01;3.4750000e+02;1.3333635e-01;3.4750000e+02;8.3690204e-02;3.4750000e+02;3.8645815e-02;3.4750000e+02;-5.6756297e-03;3.4750000e+02;-1.9016024e-04;3.4750000e+02;1.1210347e-02;3.4750000e+02;2.8429013e-02;3.4750000e+02;4.8750639e-02;3.4750000e+02;7.1091674e-02;3.4750000e+02;9.2782535e-02;3.4750000e+02;1.1331841e-01;3.4750000e+02;1.3355045e-01;3.4750000e+02;1.5472263e-01;3.4750000e+02;1.8196273e-01;3.4750000e+02;2.1049330e-01;3.4750000e+02;2.2676671e-01;3.4750000e+02;2.1529260e-01;3.4750000e+02;1.8123683e-01;3.4750000e+02;1.3333635e-01;3.4750000e+02;8.3690204e-02;3.4750000e+02;3.8645815e-02;3.4750000e+02;-5.6756297e-03;3.4750000e+02;-1.9016024e-04;3.4750000e+02;1.1210347e-02;3.4750000e+02;2.8429013e-02;3.4750000e+02;4.8750639e-02;3.4750000e+02;7.1091674e-02;3.4750000e+02;9.2782535e-02;3.4750000e+02;1.1331841e-01;3.4750000e+02;1.3355045e-01;3.4750000e+02;1.5472263e-01;3.4750000e+02;1.8196273e-01;3.4750000e+02;2.1049330e-01;3.4750000e+02;2.2676671e-01;3.4750000e+02;2.1529260e-01;3.4750000e+02;1.8123683e-01;3.4750000e+02;1.3333635e-01;3.4750000e+02;8.3690204e-02;3.4750000e+02;3.8645815e-02;3.4750000e+02;-5.6756297e-03;3.4750000e+02;-1.9016024e-04;3.4750000e+02;1.1210347e-02;3.4750000e+02;2.8429013e-02;3.4750000e+02;4.8750639e-02;3.4750000e+02;7.1091674e-02;3.4750000e+02;9.2782535e-02;3.4750000e+02;1.1331841e-01;3.4750000e+02;1.3355045e-01;3.4750000e+02;1.5472263e-01;3.4750000e+02;1.8196273e-01;3.4750000e+02;2.1049330e-01;3.4750000e+02;2.2676671e-01;3.4750000e+02;2.1529260e-01;3.4750000e+02;1.8123683e-01;3.4750000e+02;1.3333635e-01;3.4750000e+02;8.3690204e-02;3.4750000e+02;3.8645815e-02;3.4750000e+02;-5.6756297e-03;3.4750000e+02;-1.9016024e-04;3.4750000e+02;1.1210347e-02;3.4750000e+02;2.8429013e-02;3.4750000e+02;4.8750639e-02;3.4750000e+02;7.1091674e-02;3.4750000e+02;9.2782535e-02;3.4750000e+02;1.1331841e-01;3.4750000e+02;1.3355045e-01;3.4750000e+02;1.5472263e-01;3.4750000e+02;1.8196273e-01;3.4750000e+02;2.1049330e-01;3.4750000e+02;2.2676671e-01;3.4750000e+02;2.1529260e-01;3.4750000e+02;1.8123683e-01;3.4750000e+02;1.3333635e-01;3.4750000e+02;8.3690204e-02;3.4750000e+02;3.8645815e-02;3.4750000e+02;-5.6756297e-03;3.4750000e+02;-1.9016024e-04;3.4750000e+02;1.1210347e-02;3.4750000e+02;2.8429013e-02;3.4750000e+02;4.8750639e-02;3.4750000e+02;7.1091674e-02;3.4750000e+02;9.2782535e-02;3.4750000e+02;1.1331841e-01;3.4750000e+02;1.3355045e-01;3.4750000e+02;1.5472263e-01;3.4750000e+02;1.8196273e-01;3.4750000e+02;2.1049330e-01;3.4750000e+02;2.2676671e-01;3.4750000e+02;2.1529260e-01;3.4750000e+02;1.8123683e-01;3.4750000e+02;1.3333635e-01;3.4750000e+02;8.3690204e-02;3.4750000e+02;3.8645815e-02;3.4750000e+02;-5.6756297e-03;3.4750000e+02;-1.9016024e-04;3.4750000e+02;1.1210347e-02;3.4750000e+02;2.8429013e-02;3.4750000e+02;4.8750639e-02;3.4750000e+02;7.1091674e-02;3.4750000e+02;9.2782535e-02;3.4750000e+02;1.1331841e-01;3.4750000e+02;1.3355045e-01;3.4750000e+02;1.5472263e-01;3.4750000e+02;1.8196273e-01;3.4750000e+02;2.1049330e-01;3.4750000e+02;2.2676671e-01;3.4750000e+02;2.1529260e-01;3.4750000e+02;1.8123683e-01;3.4750000e+02;1.3333635e-01;3.4750000e+02;8.3690204e-02;3.4750000e+02;3.8645815e-02;3.4750000e+02;-5.6756297e-03;3.4750000e+02;-1.9016024e-04;3.4750000e+02;1.1210347e-02;3.4750000e+02;2.8429013e-02;3.4750000e+02;4.8750639e-02;3.4750000e+02;7.1091674e-02;3.4750000e+02;9.2782535e-02;3.4750000e+02;1.1331841e-01;3.4750000e+02;1.3355045e-01;3.4750000e+02;1.5472263e-01;3.4750000e+02;1.8196273e-01;3.4750000e+02;2.1049330e-01;3.4750000e+02;2.2676671e-01;3.4750000e+02;2.1529260e-01;3.4750000e+02;1.8123683e-01;3.4750000e+02;1.3333635e-01;3.4750000e+02;8.3690204e-02;3.4750000e+02;3.8645815e-02;3.4750000e+02;-5.6756297e-03;3.4750000e+02;-1.9016024e-04;3.4750000e+02;1.1210347e-02;3.4750000e+02;2.8429013e-02;3.4750000e+02;4.8750639e-02;3.4750000e+02;7.1091674e-02;3.4750000e+02;9.2782535e-02;3.4750000e+02;1.1331841e-01;3.4750000e+02;1.3355045e-01;3.4750000e+02;1.5472263e-01;3.4750000e+02;1.8196273e-01;3.4750000e+02;2.1049330e-01;3.4750000e+02;2.2676671e-01;3.4750000e+02;2.1529260e-01;3.4750000e+02;1.8123683e-01;3.4750000e+02;1.3333635e-01;3.4750000e+02;8.3690204e-02;3.4750000e+02;3.8645815e-02;3.4750000e+02;-5.6756297e-03;3.4750000e+02;-1.9016024e-04;3.4750000e+02;1.1210347e-02;3.4750000e+02;2.8429013e-02;3.4750000e+02;4.8750639e-02;3.4750000e+02;7.1091674e-02;3.4750000e+02;9.2782535e-02;3.4750000e+02;1.1331841e-01;3.4750000e+02;1.3355045e-01;3.4750000e+02;1.5472263e-01;3.4750000e+02;1.8196273e-01;3.4750000e+02;2.1049330e-01;3.4750000e+02;2.2676671e-01;3.4750000e+02;2.1529260e-01;3.4750000e+02;1.8123683e-01;3.4750000e+02;1.3333635e-01;3.4750000e+02;8.3690204e-02;3.4750000e+02;3.8645815e-02;3.4750000e+02;-5.6756297e-03;3.4750000e+02;-1.9016024e-04;3.4750000e+02;1.1210347e-02;3.4750000e+02;2.8429013e-02;3.4750000e+02;4.8750639e-02;3.4750000e+02;7.1091674e-02;3.4750000e+02;9.2782535e-02;3.4750000e+02;1.1331841e-01;3.4750000e+02;1.3355045e-01;3.4750000e+02;1.5472263e-01;3.4750000e+02;1.8196273e-01;3.4750000e+02;2.1049330e-01;3.4750000e+02;2.2676671e-01;3.4750000e+02;2.1529260e-01;3.4750000e+02;1.8123683e-01;3.4750000e+02;1.3333635e-01;3.4750000e+02;8.3690204e-02;3.4750000e+02;3.8645815e-02;3.4750000e+02;-5.6756297e-03;3.4750000e+02;-1.9016024e-04;3.4750000e+02;1.1210347e-02;3.4750000e+02;2.8429013e-02;3.4750000e+02;4.8750639e-02;3.4750000e+02;7.1091674e-02;3.4750000e+02;9.2782535e-02;3.4750000e+02;1.1331841e-01;3.4750000e+02;1.3355045e-01;3.4750000e+02;1.5472263e-01;3.4750000e+02;1.8196273e-01;3.4750000e+02;2.1049330e-01;3.4750000e+02;2.2676671e-01;3.4750000e+02;2.1529260e-01;3.4750000e+02;1.8123683e-01;3.4750000e+02;1.3333635e-01;3.4750000e+02;8.3690204e-02;3.4750000e+02;3.8645815e-02;3.4750000e+02;-5.6756297e-03;3.4750000e+02;-1.9016024e-04;3.4750000e+02;1.1210347e-02;3.4750000e+02;2.8429013e-02;3.4750000e+02;4.8750639e-02;3.4750000e+02;7.1091674e-02;3.4750000e+02;9.2782535e-02;3.4750000e+02;1.1331841e-01;3.4750000e+02;1.3355045e-01;3.4750000e+02;1.5472263e-01;3.4750000e+02;1.8196273e-01;3.4750000e+02;2.1049330e-01;3.4750000e+02;2.2676671e-01;3.4750000e+02;2.1529260e-01;3.4750000e+02;1.8123683e-01;3.4750000e+02;1.3333635e-01;3.4750000e+02;8.3690204e-02;3.4750000e+02;3.8645815e-02;3.4750000e+02;-5.6756297e-03;3.4750000e+02;-1.9016024e-04;3.4750000e+02;1.1210347e-02;3.4750000e+02;2.8429013e-02;3.4750000e+02;4.8750639e-02;3.4750000e+02;7.1091674e-02;3.4750000e+02;9.2782535e-02;3.4750000e+02;1.1331841e-01;3.4750000e+02;1.3355045e-01;3.4750000e+02;1.5472263e-01;3.4750000e+02;1.8196273e-01;3.4750000e+02;2.1049330e-01;3.4750000e+02;2.2676671e-01;3.4750000e+02;2.1529260e-01;3.4750000e+02;1.8123683e-01;3.4750000e+02;1.3333635e-01;3.4750000e+02;8.3690204e-02;3.4750000e+02;3.8645815e-02;3.4750000e+02;-5.6756297e-03;3.4750000e+02;-1.9016024e-04;3.4750000e+02;1.1210347e-02;3.4750000e+02;2.8429013e-02;3.4750000e+02;4.8750639e-02;3.4750000e+02;7.1091674e-02;3.4750000e+02;9.2782535e-02;3.4750000e+02;1.1331841e-01;3.4750000e+02;1.3355045e-01;3.4750000e+02;1.5472263e-01;3.4750000e+02;1.8196273e-01;3.4750000e+02;2.1049330e-01;3.4750000e+02;2.2676671e-01;3.4750000e+02;2.1529260e-01;3.4750000e+02;1.8123683e-01;3.4750000e+02;1.3333635e-01;3.4750000e+02;8.3690204e-02;3.4750000e+02;3.8645815e-02;3.4750000e+02;-5.6756297e-03;3.4750000e+02;-1.9016024e-04;3.4750000e+02;1.1210347e-02;3.4750000e+02;2.8429013e-02;3.4750000e+02;4.8750639e-02;3.4750000e+02;7.1091674e-02;3.4750000e+02;9.2782535e-02;3.4750000e+02;1.1331841e-01;3.4750000e+02;1.3355045e-01;3.4750000e+02;1.5472263e-01;3.4750000e+02;1.8196273e-01;3.4750000e+02;2.1049330e-01;3.4750000e+02;2.2676671e-01;3.4750000e+02;2.1529260e-01;3.4750000e+02;1.8123683e-01;3.4750000e+02;1.3333635e-01;3.4750000e+02;8.3690204e-02;3.4750000e+02;3.8645815e-02;3.4750000e+02;-5.6756297e-03;3.4750000e+02;-1.9016024e-04;3.4750000e+02;1.1210347e-02;3.4750000e+02;2.8429013e-02;3.4750000e+02;4.8750639e-02;3.4750000e+02;7.1091674e-02;3.4750000e+02;9.2782535e-02;3.4750000e+02;1.1331841e-01;3.4750000e+02;1.3355045e-01;3.4750000e+02;1.5472263e-01;3.4750000e+02;1.8196273e-01;3.4750000e+02;2.1049330e-01;3.4750000e+02;2.2676671e-01;3.4750000e+02;2.1529260e-01;3.4750000e+02;1.8123683e-01;3.4750000e+02;1.3333635e-01;3.4750000e+02;8.3690204e-02;3.4750000e+02;3.8645815e-02;3.4750000e+02;-5.6756297e-03;3.4750000e+02;-1.9016024e-04;3.4750000e+02;1.1210347e-02;3.4750000e+02;2.8429013e-02;3.4750000e+02;4.8750639e-02;3.4750000e+02;7.1091674e-02;3.4750000e+02;9.2782535e-02;3.4750000e+02;1.1331841e-01;3.4750000e+02;1.3355045e-01;3.4750000e+02;1.5472263e-01;3.4750000e+02;1.8196273e-01;3.4750000e+02;2.1049330e-01;3.4750000e+02;2.2676671e-01;3.4750000e+02;2.1529260e-01;3.4750000e+02;1.8123683e-01;3.4750000e+02;1.3333635e-01;3.4750000e+02;8.3690204e-02;3.4750000e+02;3.8645815e-02;3.4750000e+02;-5.6756297e-03;3.4750000e+02;-1.9016024e-04;3.4750000e+02;1.1210347e-02;3.4750000e+02;2.8429013e-02;3.4750000e+02;4.8750639e-02;3.4750000e+02;7.1091674e-02;3.4750000e+02;9.2782535e-02;3.4750000e+02;1.1331841e-01;3.4750000e+02;1.3355045e-01;3.4750000e+02;1.5472263e-01;3.4750000e+02;1.8196273e-01;3.4750000e+02;2.1049330e-01;3.4750000e+02;2.2676671e-01;3.4750000e+02;2.1529260e-01;3.4750000e+02;1.8123683e-01;3.4750000e+02;1.3333635e-01;3.4750000e+02;8.3690204e-02;3.4750000e+02;3.8645815e-02;3.4750000e+02;-5.6756297e-03;3.4750000e+02;-1.9016024e-04;3.4750000e+02;1.1210347e-02;3.4750000e+02;2.8429013e-02;3.4750000e+02;4.8750639e-02;3.4750000e+02;7.1091674e-02;3.4750000e+02;9.2782535e-02;3.4750000e+02;1.1331841e-01;3.4750000e+02;1.3355045e-01;3.4750000e+02;1.5472263e-01;3.4750000e+02;1.8196273e-01;3.4750000e+02;2.1049330e-01;3.4750000e+02;2.2676671e-01;3.4750000e+02;2.1529260e-01;3.4750000e+02;1.8123683e-01;3.4750000e+02;1.3333635e-01;3.4750000e+02;8.3690204e-02;3.4750000e+02;3.8645815e-02;3.4750000e+02;-5.6756297e-03;3.4750000e+02;-1.9016024e-04;3.4750000e+02;1.1210347e-02;3.4750000e+02;2.8429013e-02;3.4750000e+02;4.8750639e-02;3.4750000e+02;7.1091674e-02;3.4750000e+02;9.2782535e-02;3.4750000e+02;1.1331841e-01;3.4750000e+02;1.3355045e-01;3.4750000e+02;1.5472263e-01;3.4750000e+02;1.8196273e-01;3.4750000e+02;2.1049330e-01;3.4750000e+02;2.2676671e-01;3.4750000e+02;2.1529260e-01;3.4750000e+02;1.8123683e-01;3.4750000e+02;1.3333635e-01;3.4750000e+02;8.3690204e-02;3.4750000e+02;3.8645815e-02;3.4750000e+02;-5.6756297e-03;3.4750000e+02;-1.9016024e-04;3.4750000e+02;1.1210347e-02;3.4750000e+02;2.8429013e-02;3.4750000e+02;4.8750639e-02;3.4750000e+02;7.1091674e-02;3.4750000e+02;9.2782535e-02;3.4750000e+02;1.1331841e-01;3.4750000e+02;1.3355045e-01;3.4750000e+02;1.5472263e-01;3.4750000e+02;1.8196273e-01;3.4750000e+02;2.1049330e-01;3.4750000e+02;2.2676671e-01;3.4750000e+02;2.1529260e-01;3.4750000e+02;1.8123683e-01;3.4750000e+02;1.3333635e-01;3.4750000e+02;8.3690204e-02;3.4750000e+02;3.8645815e-02;3.4750000e+02;-5.6756297e-03;3.4750000e+02;-1.9016024e-04;3.4750000e+02;1.1210347e-02;3.4750000e+02;2.8429013e-02;3.4750000e+02;4.8750639e-02;3.4750000e+02;7.1091674e-02;3.4750000e+02;9.2782535e-02;3.4750000e+02;1.1331841e-01;3.4750000e+02;1.3355045e-01;3.4750000e+02;1.5472263e-01;3.4750000e+02;1.8196273e-01;3.4750000e+02;2.1049330e-01;3.4750000e+02;2.2676671e-01;3.4750000e+02;2.1529260e-01;3.4750000e+02;1.8123683e-01;3.4750000e+02;1.3333635e-01;3.4750000e+02;8.3690204e-02;3.4750000e+02;3.8645815e-02;3.4750000e+02;-5.6756297e-03;3.4750000e+02;-1.9016024e-04;3.4750000e+02;1.1210347e-02;3.4750000e+02;2.8429013e-02;3.4750000e+02;4.8750639e-02;3.4750000e+02;7.1091674e-02;3.4750000e+02;9.2782535e-02;3.4750000e+02;1.1331841e-01;3.4750000e+02;1.3355045e-01;3.4750000e+02;1.5472263e-01;3.4750000e+02;1.8196273e-01;3.4750000e+02;2.1049330e-01;3.4750000e+02;2.2676671e-01;3.4750000e+02;2.1529260e-01;3.4750000e+02;1.8123683e-01;3.4750000e+02;1.3333635e-01;3.4750000e+02;8.3690204e-02;3.4750000e+02;3.8645815e-02;3.4750000e+02;-5.6756297e-03;3.4750000e+02;-1.9016024e-04;3.4750000e+02;1.1210347e-02;3.4750000e+02;2.8429013e-02;3.4750000e+02;4.8750639e-02;3.4750000e+02;7.1091674e-02;3.4750000e+02;9.2782535e-02;3.4750000e+02;1.1331841e-01;3.4750000e+02;1.3355045e-01;3.4750000e+02;1.5472263e-01;3.4750000e+02;1.8196273e-01;3.4750000e+02;2.1049330e-01;3.4750000e+02;2.2676671e-01;3.4750000e+02;2.1529260e-01;3.4750000e+02;1.8123683e-01;3.4750000e+02;1.3333635e-01;3.4750000e+02;8.3690204e-02;3.4750000e+02;3.8645815e-02;3.4750000e+02;-5.6756297e-03;3.4750000e+02;-1.9016024e-04;3.4750000e+02;1.1210347e-02;3.4750000e+02;2.8429013e-02;3.4750000e+02;4.8750639e-02;3.4750000e+02;7.1091674e-02;3.4750000e+02;9.2782535e-02;3.4750000e+02;1.1331841e-01;3.4750000e+02;1.3355045e-01;3.4750000e+02;1.5472263e-01;3.4750000e+02;1.8196273e-01;3.4750000e+02;2.1049330e-01;3.4750000e+02;2.2676671e-01;3.4750000e+02;2.1529260e-01;3.4750000e+02;1.8123683e-01;3.4750000e+02;1.3333635e-01;3.4750000e+02;8.3690204e-02;3.4750000e+02;3.8645815e-02;3.4750000e+02;-5.6756297e-03;3.4750000e+02;-1.9016024e-04;3.4750000e+02;1.1210347e-02;3.4750000e+02;2.8429013e-02;3.4750000e+02;4.8750639e-02;3.4750000e+02;7.1091674e-02;3.4750000e+02;9.2782535e-02;3.4750000e+02;1.1331841e-01;3.4750000e+02;1.3355045e-01;3.4750000e+02;1.5472263e-01;3.4750000e+02;1.8196273e-01;3.4750000e+02;2.1049330e-01;3.4750000e+02;2.2676671e-01;3.4750000e+02;2.1529260e-01;3.4750000e+02;1.8123683e-01;3.4750000e+02;1.3333635e-01;3.4750000e+02;8.3690204e-02;3.4750000e+02;3.8645815e-02;3.4750000e+02;-5.6756297e-03;3.4750000e+02;-1.9016024e-04;3.4750000e+02;1.1210347e-02;3.4750000e+02;2.8429013e-02;3.4750000e+02;4.8750639e-02;3.4750000e+02;7.1091674e-02;3.4750000e+02;9.2782535e-02;3.4750000e+02;1.1331841e-01;3.4750000e+02;1.3355045e-01;3.4750000e+02;1.5472263e-01;3.4750000e+02;1.8196273e-01;3.4750000e+02;2.1049330e-01;3.4750000e+02;2.2676671e-01;3.4750000e+02;2.1529260e-01;3.4750000e+02;1.8123683e-01;3.4750000e+02;1.3333635e-01;3.4750000e+02;8.3690204e-02;3.4750000e+02;3.8645815e-02;3.4750000e+02;-5.6756297e-03;3.4750000e+02;-1.9016024e-04;3.4750000e+02;1.1210347e-02;3.4750000e+02;2.8429013e-02;3.4750000e+02;4.8750639e-02;3.4750000e+02;7.1091674e-02;3.4750000e+02;9.2782535e-02;3.4750000e+02;1.1331841e-01;3.4750000e+02;1.3355045e-01;3.4750000e+02;1.5472263e-01;3.4750000e+02;1.8196273e-01;3.4750000e+02;2.1049330e-01;3.4750000e+02;2.2676671e-01;3.4750000e+02;2.1529260e-01;3.4750000e+02;1.8123683e-01;3.4750000e+02;1.3333635e-01;3.4750000e+02;8.3690204e-02;3.4750000e+02;3.8645815e-02;3.4750000e+02;-5.6756297e-03;3.4750000e+02;-1.9016024e-04;3.4750000e+02;1.1210347e-02;3.4750000e+02;2.8429013e-02;3.4750000e+02;4.8750639e-02;3.4750000e+02;7.1091674e-02;3.4750000e+02;9.2782535e-02;3.4750000e+02;1.1331841e-01;3.4750000e+02;1.3355045e-01;3.4750000e+02;1.5472263e-01;3.4750000e+02;1.8196273e-01;3.4750000e+02;2.1049330e-01;3.4750000e+02;2.2676671e-01;3.4750000e+02;2.1529260e-01;3.4750000e+02;1.8123683e-01;3.4750000e+02;1.3333635e-01;3.4750000e+02;8.3690204e-02;3.4750000e+02;3.8645815e-02;3.4750000e+02;-5.6756297e-03;3.4750000e+02;-1.9016024e-04;3.4750000e+02;1.1210347e-02;3.4750000e+02;2.8429013e-02;3.4750000e+02;4.8750639e-02;3.4750000e+02;7.1091674e-02;3.4750000e+02;9.2782535e-02;3.4750000e+02;1.1331841e-01;3.4750000e+02;1.3355045e-01;3.4750000e+02;1.5472263e-01;3.4750000e+02;1.8196273e-01;3.4750000e+02;2.1049330e-01;3.4750000e+02;2.2676671e-01;3.4750000e+02;2.1529260e-01;3.4750000e+02;1.8123683e-01;3.4750000e+02;1.3333635e-01;3.4750000e+02;8.3690204e-02;3.4750000e+02;3.8645815e-02;3.4750000e+02;-5.6756297e-03;3.4750000e+02;-1.9016024e-04;3.4750000e+02;1.1210347e-02;3.4750000e+02;2.8429013e-02;3.4750000e+02;4.8750639e-02;3.4750000e+02;7.1091674e-02;3.4750000e+02;9.2782535e-02;3.4750000e+02;1.1331841e-01;3.4750000e+02;1.3355045e-01;3.4750000e+02;1.5472263e-01;3.4750000e+02;1.8196273e-01;3.4750000e+02;2.1049330e-01;3.4750000e+02;2.2676671e-01;3.4750000e+02;2.1529260e-01;3.4750000e+02;1.8123683e-01;3.4750000e+02;1.3333635e-01;3.4750000e+02;8.3690204e-02;3.4750000e+02;3.8645815e-02;3.4750000e+02;-5.6756297e-03;3.4750000e+02;-1.9016024e-04;3.4750000e+02;1.1210347e-02;3.4750000e+02;2.8429013e-02;3.4750000e+02;4.8750639e-02;3.4750000e+02;7.1091674e-02;3.4750000e+02;9.2782535e-02;3.4750000e+02;1.1331841e-01;3.4750000e+02;1.3355045e-01;3.4750000e+02;1.5472263e-01;3.4750000e+02;1.8196273e-01;3.4750000e+02;2.1049330e-01;3.4750000e+02;2.2676671e-01;3.4750000e+02;2.1529260e-01;3.4750000e+02;1.8123683e-01;3.4750000e+02;1.3333635e-01;3.4750000e+02;8.3690204e-02;3.4750000e+02;3.8645815e-02;3.4750000e+02;-5.6756297e-03;3.4750000e+02;-1.9016024e-04;3.4750000e+02;1.1210347e-02;3.4750000e+02;2.8429013e-02;3.4750000e+02;4.8750639e-02;3.4750000e+02;7.1091674e-02;3.4750000e+02;9.2782535e-02;3.4750000e+02;1.1331841e-01;3.4750000e+02;1.3355045e-01;3.4750000e+02;1.5472263e-01;3.4750000e+02;1.8196273e-01;3.4750000e+02;2.1049330e-01;3.4750000e+02;2.2676671e-01;3.4750000e+02;2.1529260e-01;3.4750000e+02;1.8123683e-01;3.4750000e+02;1.3333635e-01;3.4750000e+02;8.3690204e-02;3.4750000e+02;3.8645815e-02;3.4750000e+02;-5.6756297e-03;3.4750000e+02;-1.9016024e-04;3.4750000e+02;1.1210347e-02;3.4750000e+02;2.8429013e-02;3.4750000e+02;4.8750639e-02;3.4750000e+02;7.1091674e-02;3.4750000e+02;9.2782535e-02;3.4750000e+02;1.1331841e-01;3.4750000e+02;1.3355045e-01;3.4750000e+02;1.5472263e-01;3.4750000e+02;1.8196273e-01;3.4750000e+02;2.1049330e-01;3.4750000e+02;2.2676671e-01;3.4750000e+02;2.1529260e-01;3.4750000e+02;1.8123683e-01;3.4750000e+02;1.3333635e-01;3.4750000e+02;8.3690204e-02;3.4750000e+02;3.8645815e-02;3.4750000e+02;-5.6756297e-03;3.4750000e+02;-1.9016024e-04;3.4750000e+02;1.1210347e-02;3.4750000e+02;2.8429013e-02;3.4750000e+02;4.8750639e-02;3.4750000e+02;7.1091674e-02;3.4750000e+02;9.2782535e-02;3.4750000e+02;1.1331841e-01;3.4750000e+02;1.3355045e-01;3.4750000e+02;1.5472263e-01;3.4750000e+02;1.8196273e-01;3.4750000e+02;2.1049330e-01;3.4750000e+02;2.2676671e-01;3.4750000e+02;2.1529260e-01;3.4750000e+02;1.8123683e-01;3.4750000e+02;1.3333635e-01;3.4750000e+02;8.3690204e-02;3.4750000e+02;3.8645815e-02;3.4750000e+02;-5.6756297e-03;3.4750000e+02;-1.9016024e-04;3.4750000e+02;1.1210347e-02;3.4750000e+02;2.8429013e-02;3.4750000e+02;4.8750639e-02;3.4750000e+02;7.1091674e-02;3.4750000e+02;9.2782535e-02;3.4750000e+02;1.1331841e-01;3.4750000e+02;1.3355045e-01;3.4750000e+02;1.5472263e-01;3.4750000e+02;1.8196273e-01;3.4750000e+02;2.1049330e-01;3.4750000e+02;2.2676671e-01;3.4750000e+02;2.1529260e-01;3.4750000e+02;1.8123683e-01;3.4750000e+02;1.3333635e-01;3.4750000e+02;8.3690204e-02;3.4750000e+02;3.8645815e-02;3.4750000e+02;-5.6756297e-03;3.4750000e+02;-1.9016024e-04;3.4750000e+02;1.1210347e-02;3.4750000e+02;2.8429013e-02;3.4750000e+02;4.8750639e-02;3.4750000e+02;7.1091674e-02;3.4750000e+02;9.2782535e-02;3.4750000e+02;1.1331841e-01;3.4750000e+02;1.3355045e-01;3.4750000e+02;1.5472263e-01;3.4750000e+02;1.8196273e-01;3.4750000e+02;2.1049330e-01;3.4750000e+02;2.2676671e-01;3.4750000e+02;2.1529260e-01;3.4750000e+02;1.8123683e-01;3.4750000e+02;1.3333635e-01;3.4750000e+02;8.3690204e-02;3.4750000e+02;3.8645815e-02;3.4750000e+02;-5.6756297e-03;3.4750000e+02;-1.9016024e-04;3.4750000e+02;1.1210347e-02;3.4750000e+02;2.8429013e-02;3.4750000e+02;4.8750639e-02;3.4750000e+02;7.1091674e-02;3.4750000e+02;9.2782535e-02;3.4750000e+02;1.1331841e-01;3.4750000e+02;1.3355045e-01;3.4750000e+02;1.5472263e-01;3.4750000e+02;1.8196273e-01;3.4750000e+02;2.1049330e-01;3.4750000e+02;2.2676671e-01;3.4750000e+02;2.1529260e-01;3.4750000e+02;1.8123683e-01;3.4750000e+02;1.3333635e-01;3.4750000e+02;8.3690204e-02;3.4750000e+02;3.8645815e-02;3.4750000e+02;-5.6756297e-03;3.4750000e+02;-1.9016024e-04;3.4750000e+02;1.1210347e-02;3.4750000e+02;2.8429013e-02;3.4750000e+02;4.8750639e-02;3.4750000e+02;7.1091674e-02;3.4750000e+02;9.2782535e-02;3.4750000e+02;1.1331841e-01;3.4750000e+02;1.3355045e-01;3.4750000e+02;1.5472263e-01;3.4750000e+02;1.8196273e-01;3.4750000e+02;2.1049330e-01;3.4750000e+02;2.2676671e-01;3.4750000e+02;2.1529260e-01;3.4750000e+02;1.8123683e-01;3.4750000e+02;1.3333635e-01;3.4750000e+02;8.3690204e-02;3.4750000e+02;3.8645815e-02;3.4750000e+02;-5.6756297e-03;3.4750000e+02;-1.9016024e-04;3.4750000e+02;1.1210347e-02;3.4750000e+02;2.8429013e-02;3.4750000e+02;4.8750639e-02;3.4750000e+02;7.1091674e-02;3.4750000e+02;9.2782535e-02;3.4750000e+02;1.1331841e-01;3.4750000e+02;1.3355045e-01;3.4750000e+02;1.5472263e-01;3.4750000e+02;1.8196273e-01;3.4750000e+02;2.1049330e-01;3.4750000e+02;2.2676671e-01;3.4750000e+02;2.1529260e-01;3.4750000e+02;1.8123683e-01;3.4750000e+02;1.3333635e-01;3.4750000e+02;8.3690204e-02;3.4750000e+02;3.8645815e-02;3.4750000e+02;-5.6756297e-03;3.4750000e+02;-1.9016024e-04;3.4750000e+02;1.1210347e-02;3.4750000e+02;2.8429013e-02;3.4750000e+02;4.8750639e-02;3.4750000e+02;7.1091674e-02;3.4750000e+02;9.2782535e-02;3.4750000e+02;1.1331841e-01;3.4750000e+02;1.3355045e-01;3.4750000e+02;1.5472263e-01;3.4750000e+02;1.8196273e-01;3.4750000e+02;2.1049330e-01;3.4750000e+02;2.2676671e-01;3.4750000e+02;2.1529260e-01;3.4750000e+02;1.8123683e-01;3.4750000e+02;1.3333635e-01;3.4750000e+02;8.3690204e-02;3.4750000e+02;3.8645815e-02;3.4750000e+02;-5.6756297e-03;3.4750000e+02;-1.9016024e-04;3.4750000e+02;1.1210347e-02;3.4750000e+02;2.8429013e-02;3.4750000e+02;4.8750639e-02;3.4750000e+02;7.1091674e-02;3.4750000e+02;9.2782535e-02;3.4750000e+02;1.1331841e-01;3.4750000e+02;1.3355045e-01;3.4750000e+02;1.5472263e-01;3.4750000e+02;1.8196273e-01;3.4750000e+02;2.1049330e-01;3.4750000e+02;2.2676671e-01;3.4750000e+02;2.1529260e-01;3.4750000e+02;1.8123683e-01;3.4750000e+02;1.3333635e-01;3.4750000e+02;8.3690204e-02;3.4750000e+02;3.8645815e-02;3.4750000e+02;-5.6756297e-03;3.4750000e+02;-1.9016024e-04;3.4750000e+02;1.1210347e-02;3.4750000e+02;2.8429013e-02;3.4750000e+02;4.8750639e-02;3.4750000e+02;7.1091674e-02;3.4750000e+02;9.2782535e-02;3.4750000e+02;1.1331841e-01;3.4750000e+02;1.3355045e-01;3.4750000e+02;1.5472263e-01;3.4750000e+02;1.8196273e-01;3.4750000e+02;2.1049330e-01;3.4750000e+02;2.2676671e-01;3.4750000e+02;2.1529260e-01;3.4750000e+02;1.8123683e-01;3.4750000e+02;1.3333635e-01;3.4750000e+02;8.3690204e-02;3.4750000e+02;3.8645815e-02;3.4750000e+02;-5.6756297e-03;3.4750000e+02;-1.9016024e-04;3.4750000e+02;1.1210347e-02;3.4750000e+02;2.8429013e-02;3.4750000e+02;4.8750639e-02;3.4750000e+02;7.1091674e-02;3.4750000e+02;9.2782535e-02;3.4750000e+02;1.1331841e-01;3.4750000e+02;1.3355045e-01;3.4750000e+02;1.5472263e-01;3.4750000e+02;1.8196273e-01;3.4750000e+02;2.1049330e-01;3.4750000e+02;2.2676671e-01;3.4750000e+02;2.1529260e-01;3.4750000e+02;1.8123683e-01;3.4750000e+02;1.3333635e-01;3.4750000e+02;8.3690204e-02;3.4750000e+02;3.8645815e-02;3.4750000e+02;-5.6756297e-03;3.4750000e+02;-1.9016024e-04;3.4750000e+02;1.1210347e-02;3.4750000e+02;2.8429013e-02;3.4750000e+02;4.8750639e-02;3.4750000e+02;7.1091674e-02;3.4750000e+02;9.2782535e-02;3.4750000e+02;1.1331841e-01;3.4750000e+02;1.3355045e-01;3.4750000e+02;1.5472263e-01;3.4750000e+02;1.8196273e-01;3.4750000e+02;2.1049330e-01;3.4750000e+02;2.2676671e-01;3.4750000e+02;2.1529260e-01;3.4750000e+02;1.8123683e-01;3.4750000e+02;1.3333635e-01;3.4750000e+02;8.3690204e-02;3.4750000e+02;3.8645815e-02;3.4750000e+02;-5.6756297e-03;3.4750000e+02;-1.9016024e-04;3.4750000e+02;1.1210347e-02;3.4750000e+02;2.8429013e-02;3.4750000e+02;4.8750639e-02;3.4750000e+02;7.1091674e-02;3.4750000e+02;9.2782535e-02;3.4750000e+02;1.1331841e-01;3.4750000e+02;1.3355045e-01;3.4750000e+02;1.5472263e-01;3.4750000e+02;1.8196273e-01;3.4750000e+02;2.1049330e-01;3.4750000e+02;2.2676671e-01;3.4750000e+02;2.1529260e-01;3.4750000e+02;1.8123683e-01;3.4750000e+02;1.3333635e-01;3.4750000e+02;8.3690204e-02;3.4750000e+02;3.8645815e-02;3.4750000e+02;-5.6756297e-03;3.4750000e+02;-1.9016024e-04;3.4750000e+02;1.1210347e-02;3.4750000e+02;2.8429013e-02;3.4750000e+02;4.8750639e-02;3.4750000e+02;7.1091674e-02;3.4750000e+02;9.2782535e-02;3.4750000e+02;1.1331841e-01;3.4750000e+02;1.3355045e-01;3.4750000e+02;1.5472263e-01;3.4750000e+02;1.8196273e-01;3.4750000e+02;2.1049330e-01;3.4750000e+02;2.2676671e-01;3.4750000e+02;2.1529260e-01;3.4750000e+02;1.8123683e-01;3.4750000e+02;1.3333635e-01;3.4750000e+02;8.3690204e-02;3.4750000e+02;3.8645815e-02;3.4750000e+02;-5.6756297e-03;3.4750000e+02;-1.9016024e-04;3.4750000e+02;1.1210347e-02;3.4750000e+02;2.8429013e-02;3.4750000e+02;4.8750639e-02;3.4750000e+02;7.1091674e-02;3.4750000e+02;9.2782535e-02;3.4750000e+02;1.1331841e-01;3.4750000e+02;1.3355045e-01;3.4750000e+02;1.5472263e-01;3.4750000e+02;1.8196273e-01;3.4750000e+02;2.1049330e-01;3.4750000e+02;2.2676671e-01;3.4750000e+02;2.1529260e-01;3.4750000e+02;1.8123683e-01;3.4750000e+02;1.3333635e-01;3.4750000e+02;8.3690204e-02;3.4750000e+02;3.8645815e-02;3.4750000e+02;-5.6756297e-03;3.4750000e+02;-1.9016024e-04;3.4750000e+02;1.1210347e-02;3.4750000e+02;2.8429013e-02;3.4750000e+02;4.8750639e-02;3.4750000e+02;7.1091674e-02;3.4750000e+02;9.2782535e-02;3.4750000e+02;1.1331841e-01;3.4750000e+02;1.3355045e-01;3.4750000e+02;1.5472263e-01;3.4750000e+02;1.8196273e-01;3.4750000e+02;2.1049330e-01;3.4750000e+02;2.2676671e-01;3.4750000e+02;2.1529260e-01;3.4750000e+02;1.8123683e-01;3.4750000e+02;1.3333635e-01;3.4750000e+02;8.3690204e-02;3.4750000e+02;3.8645815e-02;3.4750000e+02;-5.6756297e-03;3.4750000e+02;-1.9016024e-04;3.4750000e+02;1.1210347e-02;3.4750000e+02;2.8429013e-02;3.4750000e+02;4.8750639e-02;3.4750000e+02;7.1091674e-02;3.4750000e+02;9.2782535e-02;3.4750000e+02;1.1331841e-01;3.4750000e+02;1.3355045e-01;3.4750000e+02;1.5472263e-01;3.4750000e+02;1.8196273e-01;3.4750000e+02;2.1049330e-01;3.4750000e+02;2.2676671e-01;3.4750000e+02;2.1529260e-01;3.4750000e+02;1.8123683e-01;3.4750000e+02;1.3333635e-01;3.4750000e+02;8.3690204e-02;3.4750000e+02;3.8645815e-02;3.4750000e+02;-5.6756297e-03;3.4750000e+02;-1.9016024e-04;3.4750000e+02;1.1210347e-02;3.4750000e+02;2.8429013e-02;3.4750000e+02;4.8750639e-02;3.4750000e+02;7.1091674e-02;3.4750000e+02;9.2782535e-02;3.4750000e+02;1.1331841e-01;3.4750000e+02;1.3355045e-01;3.4750000e+02;1.5472263e-01;3.4750000e+02;1.8196273e-01;3.4750000e+02;2.1049330e-01;3.4750000e+02;2.2676671e-01;3.4750000e+02;2.1529260e-01;3.4750000e+02;1.8123683e-01;3.4750000e+02;1.3333635e-01;3.4750000e+02;8.3690204e-02;3.4750000e+02;3.8645815e-02;3.4750000e+02;-5.6756297e-03;3.4750000e+02;-1.9016024e-04;3.4750000e+02;1.1210347e-02;3.4750000e+02;2.8429013e-02;3.4750000e+02;4.8750639e-02;3.4750000e+02;7.1091674e-02;3.4750000e+02;9.2782535e-02;3.4750000e+02;1.1331841e-01;3.4750000e+02;1.3355045e-01;3.4750000e+02;1.5472263e-01;3.4750000e+02;1.8196273e-01;3.4750000e+02;2.1049330e-01;3.4750000e+02;2.2676671e-01;3.4750000e+02;2.1529260e-01;3.4750000e+02;1.8123683e-01;3.4750000e+02;1.3333635e-01;3.4750000e+02;8.3690204e-02;3.4750000e+02;3.8645815e-02;3.4750000e+02;-5.6756297e-03;3.4750000e+02;-1.9016024e-04;3.4750000e+02;1.1210347e-02;3.4750000e+02;2.8429013e-02;3.4750000e+02;4.8750639e-02;3.4750000e+02;7.1091674e-02;3.4750000e+02;9.2782535e-02;3.4750000e+02;1.1331841e-01;3.4750000e+02;1.3355045e-01;3.4750000e+02;1.5472263e-01;3.4750000e+02;1.8196273e-01;3.4750000e+02;2.1049330e-01;3.4750000e+02;2.2676671e-01;3.4750000e+02;2.1529260e-01;3.4750000e+02;1.8123683e-01;3.4750000e+02;1.3333635e-01;3.4750000e+02;8.3690204e-02;3.4750000e+02;3.8645815e-02;3.4750000e+02;-5.6756297e-03;3.4750000e+02;-1.9016024e-04;3.4750000e+02;1.1210347e-02;3.4750000e+02;2.8429013e-02;3.4750000e+02;4.8750639e-02;3.4750000e+02;7.1091674e-02;3.4750000e+02;9.2782535e-02;3.4750000e+02;1.1331841e-01;3.4750000e+02;1.3355045e-01;3.4750000e+02;1.5472263e-01;3.4750000e+02;1.8196273e-01;3.4750000e+02;2.1049330e-01;3.4750000e+02;2.2676671e-01;3.4750000e+02;2.1529260e-01;3.4750000e+02;1.8123683e-01;3.4750000e+02;1.3333635e-01;3.4750000e+02;8.3690204e-02;3.4750000e+02;3.8645815e-02;3.4750000e+02;-5.6756297e-03;3.4750000e+02;-1.9016024e-04;3.4750000e+02;1.1210347e-02;3.4750000e+02;2.8429013e-02;3.4750000e+02;4.8750639e-02;3.4750000e+02;7.1091674e-02;3.4750000e+02;9.2782535e-02;3.4750000e+02;1.1331841e-01;3.4750000e+02;1.3355045e-01;3.4750000e+02;1.5472263e-01;3.4750000e+02;1.8196273e-01;3.4750000e+02;2.1049330e-01;3.4750000e+02;2.2676671e-01;3.4750000e+02;2.1529260e-01;3.4750000e+02;1.8123683e-01;3.4750000e+02;1.3333635e-01;3.4750000e+02;8.3690204e-02;3.4750000e+02;3.8645815e-02;3.4750000e+02;-5.6756297e-03;3.4750000e+02;-1.9016024e-04;3.4750000e+02;1.1210347e-02;3.4750000e+02;2.8429013e-02;3.4750000e+02;4.8750639e-02;3.4750000e+02;7.1091674e-02;3.4750000e+02;9.2782535e-02;3.4750000e+02;1.1331841e-01;3.4750000e+02;1.3355045e-01;3.4750000e+02;1.5472263e-01;3.4750000e+02;1.8196273e-01;3.4750000e+02;2.1049330e-01;3.4750000e+02;2.2676671e-01;3.4750000e+02;2.1529260e-01;3.4750000e+02;1.8123683e-01;3.4750000e+02;1.3333635e-01;3.4750000e+02;8.3690204e-02;3.4750000e+02;3.8645815e-02;3.4750000e+02;-5.6756297e-03;3.4750000e+02;-1.9016024e-04;3.4750000e+02;1.1210347e-02;3.4750000e+02;2.8429013e-02;3.4750000e+02;4.8750639e-02;3.4750000e+02;7.1091674e-02;3.4750000e+02;9.2782535e-02;3.4750000e+02;1.1331841e-01;3.4750000e+02;1.3355045e-01;3.4750000e+02;1.5472263e-01;3.4750000e+02;1.8196273e-01;3.4750000e+02;2.1049330e-01;3.4750000e+02;2.2676671e-01;3.4750000e+02;2.1529260e-01;3.4750000e+02;1.8123683e-01;3.4750000e+02;1.3333635e-01;3.4750000e+02;8.3690204e-02;3.4750000e+02;3.8645815e-02;3.4750000e+02;-5.6756297e-03;3.4750000e+02;-1.9016024e-04;3.4750000e+02;1.1210347e-02;3.4750000e+02;2.8429013e-02;3.4750000e+02;4.8750639e-02;3.4750000e+02;7.1091674e-02;3.4750000e+02;9.2782535e-02;3.4750000e+02;1.1331841e-01;3.4750000e+02;1.3355045e-01;3.4750000e+02;1.5472263e-01;3.4750000e+02;1.8196273e-01;3.4750000e+02;2.1049330e-01;3.4750000e+02;2.2676671e-01;3.4750000e+02;2.1529260e-01;3.4750000e+02;1.8123683e-01;3.4750000e+02;1.3333635e-01;3.4750000e+02;8.3690204e-02;3.4750000e+02;3.8645815e-02;3.4750000e+02;-5.6756297e-03;3.4750000e+02;-1.9016024e-04;3.4750000e+02;1.1210347e-02;3.4750000e+02;2.8429013e-02;3.4750000e+02;4.8750639e-02;3.4750000e+02;7.1091674e-02;3.4750000e+02;9.2782535e-02;3.4750000e+02;1.1331841e-01;3.4750000e+02;1.3355045e-01;3.4750000e+02;1.5472263e-01;3.4750000e+02;1.8196273e-01;3.4750000e+02;2.1049330e-01;3.4750000e+02;2.2676671e-01;3.4750000e+02;2.1529260e-01;3.4750000e+02;1.8123683e-01;3.4750000e+02;1.3333635e-01;3.4750000e+02;8.3690204e-02;3.4750000e+02;3.8645815e-02;3.4750000e+02;-5.6756297e-03;3.4750000e+02;-1.9016024e-04;3.4750000e+02;1.1210347e-02;3.4750000e+02;2.8429013e-02;3.4750000e+02;4.8750639e-02;3.4750000e+02;7.1091674e-02;3.4750000e+02;9.2782535e-02;3.4750000e+02;1.1331841e-01;3.4750000e+02;1.3355045e-01;3.4750000e+02;1.5472263e-01;3.4750000e+02;1.8196273e-01;3.4750000e+02;2.1049330e-01;3.4750000e+02;2.2676671e-01;3.4750000e+02;2.1529260e-01;3.4750000e+02;1.8123683e-01;3.4750000e+02;1.3333635e-01;3.4750000e+02;8.3690204e-02;3.4750000e+02;3.8645815e-02;3.4750000e+02;-5.6756297e-03;3.4750000e+02;-1.9016024e-04;3.4750000e+02;1.1210347e-02;3.4750000e+02;2.8429013e-02;3.4750000e+02;4.8750639e-02;3.4750000e+02;7.1091674e-02;3.4750000e+02;9.2782535e-02;3.4750000e+02;1.1331841e-01;3.4750000e+02;1.3355045e-01;3.4750000e+02;1.5472263e-01;3.4750000e+02;1.8196273e-01;3.4750000e+02;2.1049330e-01;3.4750000e+02;2.2676671e-01;3.4750000e+02;2.1529260e-01;3.4750000e+02;1.8123683e-01;3.4750000e+02;1.3333635e-01;3.4750000e+02;8.3690204e-02;3.4750000e+02;3.8645815e-02;3.4750000e+02;-5.6756297e-03;3.4750000e+02;-1.9016024e-04;3.4750000e+02;1.1210347e-02;3.4750000e+02;2.8429013e-02;3.4750000e+02;4.8750639e-02;3.4750000e+02;7.1091674e-02;3.4750000e+02;9.2782535e-02;3.4750000e+02;1.1331841e-01;3.4750000e+02;1.3355045e-01;3.4750000e+02;1.5472263e-01;3.4750000e+02;1.8196273e-01;3.4750000e+02;2.1049330e-01;3.4750000e+02;2.2676671e-01;3.4750000e+02;2.1529260e-01;3.4750000e+02;1.8123683e-01;3.4750000e+02;1.3333635e-01;3.4750000e+02;8.3690204e-02;3.4750000e+02;3.8645815e-02;3.4750000e+02;-5.6756297e-03;3.4750000e+02;-1.9016024e-04;3.4750000e+02;1.1210347e-02;3.4750000e+02;2.8429013e-02;3.4750000e+02;4.8750639e-02;3.4750000e+02;7.1091674e-02;3.4750000e+02;9.2782535e-02;3.4750000e+02;1.1331841e-01;3.4750000e+02;1.3355045e-01;3.4750000e+02;1.5472263e-01;3.4750000e+02;1.8196273e-01;3.4750000e+02;2.1049330e-01;3.4750000e+02;2.2676671e-01;3.4750000e+02;2.1529260e-01;3.4750000e+02;1.8123683e-01;3.4750000e+02;1.3333635e-01;3.4750000e+02;8.3690204e-02;3.4750000e+02;3.8645815e-02;3.4750000e+02;-5.6756297e-03;3.4750000e+02;-1.9016024e-04;3.4750000e+02;1.1210347e-02;3.4750000e+02;2.8429013e-02;3.4750000e+02;4.8750639e-02;3.4750000e+02;7.1091674e-02;3.4750000e+02;9.2782535e-02;3.4750000e+02;1.1331841e-01;3.4750000e+02;1.3355045e-01;3.4750000e+02;1.5472263e-01;3.4750000e+02;1.8196273e-01;3.4750000e+02;2.1049330e-01;3.4750000e+02;2.2676671e-01;3.4750000e+02;2.1529260e-01;3.4750000e+02;1.8123683e-01;3.4750000e+02;1.3333635e-01;3.4750000e+02;8.3690204e-02;3.4750000e+02;3.8645815e-02;3.4750000e+02;-5.6756297e-03;3.4750000e+02;-1.9016024e-04;3.4750000e+02;1.1210347e-02;3.4750000e+02;2.8429013e-02;3.4750000e+02;4.8750639e-02;3.4750000e+02;7.1091674e-02;3.4750000e+02;9.2782535e-02;3.4750000e+02;1.1331841e-01;3.4750000e+02;1.3355045e-01;3.4750000e+02;1.5472263e-01;3.4750000e+02;1.8196273e-01;3.4750000e+02;2.1049330e-01;3.4750000e+02;2.2676671e-01;3.4750000e+02;2.1529260e-01;3.4750000e+02;1.8123683e-01;3.4750000e+02;1.3333635e-01;3.4750000e+02;8.3690204e-02;3.4750000e+02;3.8645815e-02;3.4750000e+02;-5.6756297e-03;3.4750000e+02;-1.9016024e-04;3.4750000e+02;1.1210347e-02;3.4750000e+02;2.8429013e-02;3.4750000e+02;4.8750639e-02;3.4750000e+02;7.1091674e-02;3.4750000e+02;9.2782535e-02;3.4750000e+02;1.1331841e-01;3.4750000e+02;1.3355045e-01;3.4750000e+02;1.5472263e-01;3.4750000e+02;1.8196273e-01;3.4750000e+02;2.1049330e-01;3.4750000e+02;2.2676671e-01;3.4750000e+02;2.1529260e-01;3.4750000e+02;1.8123683e-01;3.4750000e+02;1.3333635e-01;3.4750000e+02;8.3690204e-02;3.4750000e+02;3.8645815e-02;3.4750000e+02;-5.6756297e-03;3.4750000e+02;-1.9016024e-04;3.4750000e+02;1.1210347e-02;3.4750000e+02;2.8429013e-02;3.4750000e+02;4.8750639e-02;3.4750000e+02;7.1091674e-02;3.4750000e+02;9.2782535e-02;3.4750000e+02;1.1331841e-01;3.4750000e+02;1.3355045e-01;3.4750000e+02;1.5472263e-01;3.4750000e+02;1.8196273e-01;3.4750000e+02;2.1049330e-01;3.4750000e+02;2.2676671e-01;3.4750000e+02;2.1529260e-01;3.4750000e+02;1.8123683e-01;3.4750000e+02;1.3333635e-01;3.4750000e+02;8.3690204e-02;3.4750000e+02;3.8645815e-02;3.4750000e+02;-5.6756297e-03;3.4750000e+02;-1.9016024e-04;3.4750000e+02;1.1210347e-02;3.4750000e+02;2.8429013e-02;3.4750000e+02;4.8750639e-02;3.4750000e+02;7.1091674e-02;3.4750000e+02;9.2782535e-02;3.4750000e+02;1.1331841e-01;3.4750000e+02;1.3355045e-01;3.4750000e+02;1.5472263e-01;3.4750000e+02;1.8196273e-01;3.4750000e+02;2.1049330e-01;3.4750000e+02;2.2676671e-01;3.4750000e+02;2.1529260e-01;3.4750000e+02;1.8123683e-01;3.4750000e+02;1.3333635e-01;3.4750000e+02;8.3690204e-02;3.4750000e+02;3.8645815e-02;3.4750000e+02;-5.6756297e-03;3.4750000e+02;-1.9016024e-04;3.4750000e+02;1.1210347e-02;3.4750000e+02;2.8429013e-02;3.4750000e+02;4.8750639e-02;3.4750000e+02;7.1091674e-02;3.4750000e+02;9.2782535e-02;3.4750000e+02;1.1331841e-01;3.4750000e+02;1.3355045e-01;3.4750000e+02;1.5472263e-01;3.4750000e+02;1.8196273e-01;3.4750000e+02;2.1049330e-01;3.4750000e+02;2.2676671e-01;3.4750000e+02;2.1529260e-01;3.4750000e+02;1.8123683e-01;3.4750000e+02;1.3333635e-01;3.4750000e+02;8.3690204e-02;3.4750000e+02;3.8645815e-02;3.4750000e+02;-5.6756297e-03;3.4750000e+02;-1.9016024e-04;3.4750000e+02;1.1210347e-02;3.4750000e+02;2.8429013e-02;3.4750000e+02;4.8750639e-02;3.4750000e+02;7.1091674e-02;3.4750000e+02;9.2782535e-02;3.4750000e+02;1.1331841e-01;3.4750000e+02;1.3355045e-01;3.4750000e+02;1.5472263e-01;3.4750000e+02;1.8196273e-01;3.4750000e+02;2.1049330e-01;3.4750000e+02;2.2676671e-01;3.4750000e+02;2.1529260e-01;3.4750000e+02;1.8123683e-01;3.4750000e+02;1.3333635e-01;3.4750000e+02;8.3690204e-02;3.4750000e+02;3.8645815e-02;3.4750000e+02;-5.6756297e-03;3.4750000e+02;-1.9016024e-04;3.4750000e+02;1.1210347e-02;3.4750000e+02;2.8429013e-02;3.4750000e+02;4.8750639e-02;3.4750000e+02;7.1091674e-02;3.4750000e+02;9.2782535e-02;3.4750000e+02;1.1331841e-01;3.4750000e+02;1.3355045e-01;3.4750000e+02;1.5472263e-01;3.4750000e+02;1.8196273e-01;3.4750000e+02;2.1049330e-01;3.4750000e+02;2.2676671e-01;3.4750000e+02;2.1529260e-01;3.4750000e+02;1.8123683e-01;3.4750000e+02;1.3333635e-01;3.4750000e+02;8.3690204e-02;3.4750000e+02;3.8645815e-02;3.4750000e+02;-5.6756297e-03;3.4750000e+02;-1.9016024e-04;3.4750000e+02;1.1210347e-02;3.4750000e+02;2.8429013e-02;3.4750000e+02;4.8750639e-02;3.4750000e+02;7.1091674e-02;3.4750000e+02;9.2782535e-02;3.4750000e+02;1.1331841e-01;3.4750000e+02;1.3355045e-01;3.4750000e+02;1.5472263e-01;3.4750000e+02;1.8196273e-01;3.4750000e+02;2.1049330e-01;3.4750000e+02;2.2676671e-01;3.4750000e+02;2.1529260e-01;3.4750000e+02;1.8123683e-01;3.4750000e+02;1.3333635e-01;3.4750000e+02;8.3690204e-02;3.4750000e+02;3.8645815e-02;3.4750000e+02;-5.6756297e-03;3.4750000e+02;-1.9016024e-04;3.4750000e+02;1.1210347e-02;3.4750000e+02;2.8429013e-02;3.4750000e+02;4.8750639e-02;3.4750000e+02;7.1091674e-02;3.4750000e+02;9.2782535e-02;3.4750000e+02;1.1331841e-01;3.4750000e+02;1.3355045e-01;3.4750000e+02;1.5472263e-01;3.4750000e+02;1.8196273e-01;3.4750000e+02;2.1049330e-01;3.4750000e+02;2.2676671e-01;3.4750000e+02;2.1529260e-01;3.4750000e+02;1.8123683e-01;3.4750000e+02;1.3333635e-01;3.4750000e+02;8.3690204e-02;3.4750000e+02;3.8645815e-02;3.4750000e+02;-5.6756297e-03;3.4750000e+02;-1.9016024e-04;3.4750000e+02;1.1210347e-02;3.4750000e+02;2.8429013e-02;3.4750000e+02;4.8750639e-02;3.4750000e+02;7.1091674e-02;3.4750000e+02;9.2782535e-02;3.4750000e+02;1.1331841e-01;3.4750000e+02;1.3355045e-01;3.4750000e+02;1.5472263e-01;3.4750000e+02;1.8196273e-01;3.4750000e+02;2.1049330e-01;3.4750000e+02;2.2676671e-01;3.4750000e+02;2.1529260e-01;3.4750000e+02;1.8123683e-01;3.4750000e+02;1.3333635e-01;3.4750000e+02;8.3690204e-02;3.4750000e+02;3.8645815e-02;3.4750000e+02;-5.6756297e-03;3.4750000e+02;-1.9016024e-04;3.4750000e+02;1.1210347e-02;3.4750000e+02;2.8429013e-02;3.4750000e+02;4.8750639e-02;3.4750000e+02;7.1091674e-02;3.4750000e+02;9.2782535e-02;3.4750000e+02;1.1331841e-01;3.4750000e+02;1.3355045e-01;3.4750000e+02;1.5472263e-01;3.4750000e+02;1.8196273e-01;3.4750000e+02;2.1049330e-01;3.4750000e+02;2.2676671e-01;3.4750000e+02;2.1529260e-01;3.4750000e+02;1.8123683e-01;3.4750000e+02;1.3333635e-01;3.4750000e+02;8.3690204e-02;3.4750000e+02;3.8645815e-02;3.4750000e+02;-5.6756297e-03;3.4750000e+02;-1.9016024e-04;3.4750000e+02;1.1210347e-02;3.4750000e+02;2.8429013e-02;3.4750000e+02;4.8750639e-02;3.4750000e+02;7.1091674e-02;3.4750000e+02;9.2782535e-02;3.4750000e+02;1.1331841e-01;3.4750000e+02;1.3355045e-01;3.4750000e+02;1.5472263e-01;3.4750000e+02;1.8196273e-01;3.4750000e+02;2.1049330e-01;3.4750000e+02;2.2676671e-01;3.4750000e+02;2.1529260e-01;3.4750000e+02;1.8123683e-01;3.4750000e+02;1.3333635e-01;3.4750000e+02;8.3690204e-02;3.4750000e+02;3.8645815e-02;3.4750000e+02;-5.6756297e-03;3.4750000e+02;-1.9016024e-04;3.4750000e+02;1.1210347e-02;3.4750000e+02;2.8429013e-02;3.4750000e+02;4.8750639e-02;3.4750000e+02;7.1091674e-02;3.4750000e+02;9.2782535e-02;3.4750000e+02;1.1331841e-01;3.4750000e+02;1.3355045e-01;3.4750000e+02;1.5472263e-01;3.4750000e+02;1.8196273e-01;3.4750000e+02;2.1049330e-01;3.4750000e+02;2.2676671e-01;3.4750000e+02;2.1529260e-01;3.4750000e+02;1.8123683e-01;3.4750000e+02;1.3333635e-01;3.4750000e+02;8.3690204e-02;3.4750000e+02;3.8645815e-02;3.4750000e+02;-5.6756297e-03;3.4750000e+02;-1.9016024e-04;3.4750000e+02;1.1210347e-02;3.4750000e+02;2.8429013e-02;3.4750000e+02;4.8750639e-02;3.4750000e+02;7.1091674e-02;3.4750000e+02;9.2782535e-02;3.4750000e+02;1.1331841e-01;3.4750000e+02;1.3355045e-01;3.4750000e+02;1.5472263e-01;3.4750000e+02;1.8196273e-01;3.4750000e+02;2.1049330e-01;3.4750000e+02;2.2676671e-01;3.4750000e+02;2.1529260e-01;3.4750000e+02;1.8123683e-01;3.4750000e+02;1.3333635e-01;3.4750000e+02;8.3690204e-02;3.4750000e+02;3.8645815e-02;3.4750000e+02;-5.6756297e-03;3.4750000e+02;-1.9016024e-04;3.4750000e+02;1.1210347e-02;3.4750000e+02;2.8429013e-02;3.4750000e+02;4.8750639e-02;3.4750000e+02;7.1091674e-02;3.4750000e+02;9.2782535e-02;3.4750000e+02;1.1331841e-01;3.4750000e+02;1.3355045e-01;3.4750000e+02;1.5472263e-01;3.4750000e+02;1.8196273e-01;3.4750000e+02;2.1049330e-01;3.4750000e+02;2.2676671e-01;3.4750000e+02;2.1529260e-01;3.4750000e+02;1.8123683e-01;3.4750000e+02;1.3333635e-01;3.4750000e+02;8.3690204e-02;3.4750000e+02;3.8645815e-02;3.4750000e+02;-5.6756297e-03;3.4750000e+02;-1.9016024e-04;3.4750000e+02;1.1210347e-02;3.4750000e+02;2.8429013e-02;3.4750000e+02;4.8750639e-02;3.4750000e+02;7.1091674e-02;3.4750000e+02;9.2782535e-02;3.4750000e+02;1.1331841e-01;3.4750000e+02;1.3355045e-01;3.4750000e+02;1.5472263e-01;3.4750000e+02;1.8196273e-01;3.4750000e+02;2.1049330e-01;3.4750000e+02;2.2676671e-01;3.4750000e+02;2.1529260e-01;3.4750000e+02;1.8123683e-01;3.4750000e+02;1.3333635e-01;3.4750000e+02;8.3690204e-02;3.4750000e+02;3.8645815e-02;3.4750000e+02;-5.6756297e-03;3.4750000e+02;-1.9016024e-04;3.4750000e+02;1.1210347e-02;3.4750000e+02;2.8429013e-02;3.4750000e+02;4.8750639e-02;3.4750000e+02;7.1091674e-02;3.4750000e+02;9.2782535e-02;3.4750000e+02;1.1331841e-01;3.4750000e+02;1.3355045e-01;3.4750000e+02;1.5472263e-01;3.4750000e+02;1.8196273e-01;3.4750000e+02;2.1049330e-01;3.4750000e+02;2.2676671e-01;3.4750000e+02;2.1529260e-01;3.4750000e+02;1.8123683e-01;3.4750000e+02;1.3333635e-01;3.4750000e+02;8.3690204e-02;3.4750000e+02;3.8645815e-02;3.4750000e+02;-5.6756297e-03;3.4750000e+02;-1.9016024e-04;3.4750000e+02;1.1210347e-02;3.4750000e+02;2.8429013e-02;3.4750000e+02;4.8750639e-02;3.4750000e+02;7.1091674e-02;3.4750000e+02;9.2782535e-02;3.4750000e+02;1.1331841e-01;3.4750000e+02;1.3355045e-01;3.4750000e+02;1.5472263e-01;3.4750000e+02;1.8196273e-01;3.4750000e+02;2.1049330e-01;3.4750000e+02;2.2676671e-01;3.4750000e+02;2.1529260e-01;3.4750000e+02;1.8123683e-01;3.4750000e+02;1.3333635e-01;3.4750000e+02;8.3690204e-02;3.4750000e+02;3.8645815e-02;3.4750000e+02;-5.6756297e-03;3.4750000e+02;-1.9016024e-04;3.4750000e+02;1.1210347e-02;3.4750000e+02;2.8429013e-02;3.4750000e+02;4.8750639e-02;3.4750000e+02;7.1091674e-02;3.4750000e+02;9.2782535e-02;3.4750000e+02;1.1331841e-01;3.4750000e+02;1.3355045e-01;3.4750000e+02;1.5472263e-01;3.4750000e+02;1.8196273e-01;3.4750000e+02;2.1049330e-01;3.4750000e+02;2.2676671e-01;3.4750000e+02;2.1529260e-01;3.4750000e+02;1.8123683e-01;3.4750000e+02;1.3333635e-01;3.4750000e+02;8.3690204e-02;3.4750000e+02;3.8645815e-02;3.4750000e+02;-5.6756297e-03;3.4750000e+02;-1.9016024e-04;3.4750000e+02;1.1210347e-02;3.4750000e+02;2.8429013e-02;3.4750000e+02;4.8750639e-02;3.4750000e+02;7.1091674e-02;3.4750000e+02;9.2782535e-02;3.4750000e+02;1.1331841e-01;3.4750000e+02;1.3355045e-01;3.4750000e+02;1.5472263e-01;3.4750000e+02;1.8196273e-01;3.4750000e+02;2.1049330e-01;3.4750000e+02;2.2676671e-01;3.4750000e+02;2.1529260e-01;3.4750000e+02;1.8123683e-01;3.4750000e+02;1.3333635e-01;3.4750000e+02;8.3690204e-02;3.4750000e+02;3.8645815e-02
3.5250000e+02;-1.1652047e-03;3.5250000e+02;3.9627980e-03;3.5250000e+02;1.5211411e-02;3.5250000e+02;3.1517528e-02;3.5250000e+02;4.9475376e-02;3.5250000e+02;6.9395252e-02;3.5250000e+02;9.0874940e-02;3.5250000e+02;1.1236763e-01;3.5250000e+02;1.3305122e-01;3.5250000e+02;1.5503338e-01;3.5250000e+02;1.8200348e-01;3.5250000e+02;2.1040104e-01;3.5250000e+02;2.2602652e-01;3.5250000e+02;2.1498458e-01;3.5250000e+02;1.8171814e-01;3.5250000e+02;1.3461676e-01;3.5250000e+02;8.5766196e-02;3.5250000e+02;4.1603807e-02;3.5250000e+02;-1.1652047e-03;3.5250000e+02;3.9627980e-03;3.5250000e+02;1.5211411e-02;3.5250000e+02;3.1517528e-02;3.5250000e+02;4.9475376e-02;3.5250000e+02;6.9395252e-02;3.5250000e+02;9.0874940e-02;3.5250000e+02;1.1236763e-01;3.5250000e+02;1.3305122e-01;3.5250000e+02;1.5503338e-01;3.5250000e+02;1.8200348e-01;3.5250000e+02;2.1040104e-01;3.5250000e+02;2.2602652e-01;3.5250000e+02;2.1498458e-01;3.5250000e+02;1.8171814e-01;3.5250000e+02;1.3461676e-01;3.5250000e+02;8.5766196e-02;3.5250000e+02;4.1603807e-02;3.5250000e+02;-1.1652047e-03;3.5250000e+02;3.9627980e-03;3.5250000e+02;1.5211411e-02;3.5250000e+02;3.1517528e-02;3.5250000e+02;4.9475376e-02;3.5250000e+02;6.9395252e-02;3.5250000e+02;9.0874940e-02;3.5250000e+02;1.1236763e-01;3.5250000e+02;1.3305122e-01;3.5250000e+02;1.5503338e-01;3.5250000e+02;1.8200348e-01;3.5250000e+02;2.1040104e-01;3.5250000e+02;2.2602652e-01;3.5250000e+02;2.1498458e-01;3.5250000e+02;1.8171814e-01;3.5250000e+02;1.3461676e-01;3.5250000e+02;8.5766196e-02;3.5250000e+02;4.1603807e-02;3.5250000e+02;-1.1652047e-03;3.5250000e+02;3.9627980e-03;3.5250000e+02;1.5211411e-02;3.5250000e+02;3.1517528e-02;3.5250000e+02;4.9475376e-02;3.5250000e+02;6.9395252e-02;3.5250000e+02;9.0874940e-02;3.5250000e+02;1.1236763e-01;3.5250000e+02;1.3305122e-01;3.5250000e+02;1.5503338e-01;3.5250000e+02;1.8200348e-01;3.5250000e+02;2.1040104e-01;3.5250000e+02;2.2602652e-01;3.5250000e+02;2.1498458e-01;3.5250000e+02;1.8171814e-01;3.5250000e+02;1.3461676e-01;3.5250000e+02;8.5766196e-02;3.5250000e+02;4.1603807e-02;3.5250000e+02;-1.1652047e-03;3.5250000e+02;3.9627980e-03;3.5250000e+02;1.5211411e-02;3.5250000e+02;3.1517528e-02;3.5250000e+02;4.9475376e-02;3.5250000e+02;6.9395252e-02;3.5250000e+02;9.0874940e-02;3.5250000e+02;1.1236763e-01;3.5250000e+02;1.3305122e-01;3.5250000e+02;1.5503338e-01;3.5250000e+02;1.8200348e-01;3.5250000e+02;2.1040104e-01;3.5250000e+02;2.2602652e-01;3.5250000e+02;2.1498458e-01;3.5250000e+02;1.8171814e-01;3.5250000e+02;1.3461676e-01;3.5250000e+02;8.5766196e-02;3.5250000e+02;4.1603807e-02;3.5250000e+02;-1.1652047e-03;3.5250000e+02;3.9627980e-03;3.5250000e+02;1.5211411e-02;3.5250000e+02;3.1517528e-02;3.5250000e+02;4.9475376e-02;3.5250000e+02;6.9395252e-02;3.5250000e+02;9.0874940e-02;3.5250000e+02;1.1236763e-01;3.5250000e+02;1.3305122e-01;3.5250000e+02;1.5503338e-01;3.5250000e+02;1.8200348e-01;3.5250000e+02;2.1040104e-01;3.5250000e+02;2.2602652e-01;3.5250000e+02;2.1498458e-01;3.5250000e+02;1.8171814e-01;3.5250000e+02;1.3461676e-01;3.5250000e+02;8.5766196e-02;3.5250000e+02;4.1603807e-02;3.5250000e+02;-1.1652047e-03;3.5250000e+02;3.9627980e-03;3.5250000e+02;1.5211411e-02;3.5250000e+02;3.1517528e-02;3.5250000e+02;4.9475376e-02;3.5250000e+02;6.9395252e-02;3.5250000e+02;9.0874940e-02;3.5250000e+02;1.1236763e-01;3.5250000e+02;1.3305122e-01;3.5250000e+02;1.5503338e-01;3.5250000e+02;1.8200348e-01;3.5250000e+02;2.1040104e-01;3.5250000e+02;2.2602652e-01;3.5250000e+02;2.1498458e-01;3.5250000e+02;1.8171814e-01;3.5250000e+02;1.3461676e-01;3.5250000e+02;8.5766196e-02;3.5250000e+02;4.1603807e-02;3.5250000e+02;-1.1652047e-03;3.5250000e+02;3.9627980e-03;3.5250000e+02;1.5211411e-02;3.5250000e+02;3.1517528e-02;3.5250000e+02;4.9475376e-02;3.5250000e+02;6.9395252e-02;3.5250000e+02;9.0874940e-02;3.5250000e+02;1.1236763e-01;3.5250000e+02;1.3305122e-01;3.5250000e+02;1.5503338e-01;3.5250000e+02;1.8200348e-01;3.5250000e+02;2.1040104e-01;3.5250000e+02;2.2602652e-01;3.5250000e+02;2.1498458e-01;3.5250000e+02;1.8171814e-01;3.5250000e+02;1.3461676e-01;3.5250000e+02;8.5766196e-02;3.5250000e+02;4.1603807e-02;3.5250000e+02;-1.1652047e-03;3.5250000e+02;3.9627980e-03;3.5250000e+02;1.5211411e-02;3.5250000e+02;3.1517528e-02;3.5250000e+02;4.9475376e-02;3.5250000e+02;6.9395252e-02;3.5250000e+02;9.0874940e-02;3.5250000e+02;1.1236763e-01;3.5250000e+02;1.3305122e-01;3.5250000e+02;1.5503338e-01;3.5250000e+02;1.8200348e-01;3.5250000e+02;2.1040104e-01;3.5250000e+02;2.2602652e-01;3.5250000e+02;2.1498458e-01;3.5250000e+02;1.8171814e-01;3.5250000e+02;1.3461676e-01;3.5250000e+02;8.5766196e-02;3.5250000e+02;4.1603807e-02;3.5250000e+02;-1.1652047e-03;3.5250000e+02;3.9627980e-03;3.5250000e+02;1.5211411e-02;3.5250000e+02;3.1517528e-02;3.5250000e+02;4.9475376e-02;3.5250000e+02;6.9395252e-02;3.5250000e+02;9.0874940e-02;3.5250000e+02;1.1236763e-01;3.5250000e+02;1.3305122e-01;3.5250000e+02;1.5503338e-01;3.5250000e+02;1.8200348e-01;3.5250000e+02;2.1040104e-01;3.5250000e+02;2.2602652e-01;3.5250000e+02;2.1498458e-01;3.5250000e+02;1.8171814e-01;3.5250000e+02;1.3461676e-01;3.5250000e+02;8.5766196e-02;3.5250000e+02;4.1603807e-02;3.5250000e+02;-1.1652047e-03;3.5250000e+02;3.9627980e-03;3.5250000e+02;1.5211411e-02;3.5250000e+02;3.1517528e-02;3.5250000e+02;4.9475376e-02;3.5250000e+02;6.9395252e-02;3.5250000e+02;9.0874940e-02;3.5250000e+02;1.1236763e-01;3.5250000e+02;1.3305122e-01;3.5250000e+02;1.5503338e-01;3.5250000e+02;1.8200348e-01;3.5250000e+02;2.1040104e-01;3.5250000e+02;2.2602652e-01;3.5250000e+02;2.1498458e-01;3.5250000e+02;1.8171814e-01;3.5250000e+02;1.3461676e-01;3.5250000e+02;8.5766196e-02;3.5250000e+02;4.1603807e-02;3.5250000e+02;-1.1652047e-03;3.5250000e+02;3.9627980e-03;3.5250000e+02;1.5211411e-02;3.5250000e+02;3.1517528e-02;3.5250000e+02;4.9475376e-02;3.5250000e+02;6.9395252e-02;3.5250000e+02;9.0874940e-02;3.5250000e+02;1.1236763e-01;3.5250000e+02;1.3305122e-01;3.5250000e+02;1.5503338e-01;3.5250000e+02;1.8200348e-01;3.5250000e+02;2.1040104e-01;3.5250000e+02;2.2602652e-01;3.5250000e+02;2.1498458e-01;3.5250000e+02;1.8171814e-01;3.5250000e+02;1.3461676e-01;3.5250000e+02;8.5766196e-02;3.5250000e+02;4.1603807e-02;3.5250000e+02;-1.1652047e-03;3.5250000e+02;3.9627980e-03;3.5250000e+02;1.5211411e-02;3.5250000e+02;3.1517528e-02;3.5250000e+02;4.9475376e-02;3.5250000e+02;6.9395252e-02;3.5250000e+02;9.0874940e-02;3.5250000e+02;1.1236763e-01;3.5250000e+02;1.3305122e-01;3.5250000e+02;1.5503338e-01;3.5250000e+02;1.8200348e-01;3.5250000e+02;2.1040104e-01;3.5250000e+02;2.2602652e-01;3.5250000e+02;2.1498458e-01;3.5250000e+02;1.8171814e-01;3.5250000e+02;1.3461676e-01;3.5250000e+02;8.5766196e-02;3.5250000e+02;4.1603807e-02;3.5250000e+02;-1.1652047e-03;3.5250000e+02;3.9627980e-03;3.5250000e+02;1.5211411e-02;3.5250000e+02;3.1517528e-02;3.5250000e+02;4.9475376e-02;3.5250000e+02;6.9395252e-02;3.5250000e+02;9.0874940e-02;3.5250000e+02;1.1236763e-01;3.5250000e+02;1.3305122e-01;3.5250000e+02;1.5503338e-01;3.5250000e+02;1.8200348e-01;3.5250000e+02;2.1040104e-01;3.5250000e+02;2.2602652e-01;3.5250000e+02;2.1498458e-01;3.5250000e+02;1.8171814e-01;3.5250000e+02;1.3461676e-01;3.5250000e+02;8.5766196e-02;3.5250000e+02;4.1603807e-02;3.5250000e+02;-1.1652047e-03;3.5250000e+02;3.9627980e-03;3.5250000e+02;1.5211411e-02;3.5250000e+02;3.1517528e-02;3.5250000e+02;4.9475376e-02;3.5250000e+02;6.9395252e-02;3.5250000e+02;9.0874940e-02;3.5250000e+02;1.1236763e-01;3.5250000e+02;1.3305122e-01;3.5250000e+02;1.5503338e-01;3.5250000e+02;1.8200348e-01;3.5250000e+02;2.1040104e-01;3.5250000e+02;2.2602652e-01;3.5250000e+02;2.1498458e-01;3.5250000e+02;1.8171814e-01;3.5250000e+02;1.3461676e-01;3.5250000e+02;8.5766196e-02;3.5250000e+02;4.1603807e-02;3.5250000e+02;-1.1652047e-03;3.5250000e+02;3.9627980e-03;3.5250000e+02;1.5211411e-02;3.5250000e+02;3.1517528e-02;3.5250000e+02;4.9475376e-02;3.5250000e+02;6.9395252e-02;3.5250000e+02;9.0874940e-02;3.5250000e+02;1.1236763e-01;3.5250000e+02;1.3305122e-01;3.5250000e+02;1.5503338e-01;3.5250000e+02;1.8200348e-01;3.5250000e+02;2.1040104e-01;3.5250000e+02;2.2602652e-01;3.5250000e+02;2.1498458e-01;3.5250000e+02;1.8171814e-01;3.5250000e+02;1.3461676e-01;3.5250000e+02;8.5766196e-02;3.5250000e+02;4.1603807e-02;3.5250000e+02;-1.1652047e-03;3.5250000e+02;3.9627980e-03;3.5250000e+02;1.5211411e-02;3.5250000e+02;3.1517528e-02;3.5250000e+02;4.9475376e-02;3.5250000e+02;6.9395252e-02;3.5250000e+02;9.0874940e-02;3.5250000e+02;1.1236763e-01;3.5250000e+02;1.3305122e-01;3.5250000e+02;1.5503338e-01;3.5250000e+02;1.8200348e-01;3.5250000e+02;2.1040104e-01;3.5250000e+02;2.2602652e-01;3.5250000e+02;2.1498458e-01;3.5250000e+02;1.8171814e-01;3.5250000e+02;1.3461676e-01;3.5250000e+02;8.5766196e-02;3.5250000e+02;4.1603807e-02;3.5250000e+02;-1.1652047e-03;3.5250000e+02;3.9627980e-03;3.5250000e+02;1.5211411e-02;3.5250000e+02;3.1517528e-02;3.5250000e+02;4.9475376e-02;3.5250000e+02;6.9395252e-02;3.5250000e+02;9.0874940e-02;3.5250000e+02;1.1236763e-01;3.5250000e+02;1.3305122e-01;3.5250000e+02;1.5503338e-01;3.5250000e+02;1.8200348e-01;3.5250000e+02;2.1040104e-01;3.5250000e+02;2.2602652e-01;3.5250000e+02;2.1498458e-01;3.5250000e+02;1.8171814e-01;3.5250000e+02;1.3461676e-01;3.5250000e+02;8.5766196e-02;3.5250000e+02;4.1603807e-02;3.5250000e+02;-1.1652047e-03;3.5250000e+02;3.9627980e-03;3.5250000e+02;1.5211411e-02;3.5250000e+02;3.1517528e-02;3.5250000e+02;4.9475376e-02;3.5250000e+02;6.9395252e-02;3.5250000e+02;9.0874940e-02;3.5250000e+02;1.1236763e-01;3.5250000e+02;1.3305122e-01;3.5250000e+02;1.5503338e-01;3.5250000e+02;1.8200348e-01;3.5250000e+02;2.1040104e-01;3.5250000e+02;2.2602652e-01;3.5250000e+02;2.1498458e-01;3.5250000e+02;1.8171814e-01;3.5250000e+02;1.3461676e-01;3.5250000e+02;8.5766196e-02;3.5250000e+02;4.1603807e-02;3.5250000e+02;-1.1652047e-03;3.5250000e+02;3.9627980e-03;3.5250000e+02;1.5211411e-02;3.5250000e+02;3.1517528e-02;3.5250000e+02;4.9475376e-02;3.5250000e+02;6.9395252e-02;3.5250000e+02;9.0874940e-02;3.5250000e+02;1.1236763e-01;3.5250000e+02;1.3305122e-01;3.5250000e+02;1.5503338e-01;3.5250000e+02;1.8200348e-01;3.5250000e+02;2.1040104e-01;3.5250000e+02;2.2602652e-01;3.5250000e+02;2.1498458e-01;3.5250000e+02;1.8171814e-01;3.5250000e+02;1.3461676e-01;3.5250000e+02;8.5766196e-02;3.5250000e+02;4.1603807e-02;3.5250000e+02;-1.1652047e-03;3.5250000e+02;3.9627980e-03;3.5250000e+02;1.5211411e-02;3.5250000e+02;3.1517528e-02;3.5250000e+02;4.9475376e-02;3.5250000e+02;6.9395252e-02;3.5250000e+02;9.0874940e-02;3.5250000e+02;1.1236763e-01;3.5250000e+02;1.3305122e-01;3.5250000e+02;1.5503338e-01;3.5250000e+02;1.8200348e-01;3.5250000e+02;2.1040104e-01;3.5250000e+02;2.2602652e-01;3.5250000e+02;2.1498458e-01;3.5250000e+02;1.8171814e-01;3.5250000e+02;1.3461676e-01;3.5250000e+02;8.5766196e-02;3.5250000e+02;4.1603807e-02;3.5250000e+02;-1.1652047e-03;3.5250000e+02;3.9627980e-03;3.5250000e+02;1.5211411e-02;3.5250000e+02;3.1517528e-02;3.5250000e+02;4.9475376e-02;3.5250000e+02;6.9395252e-02;3.5250000e+02;9.0874940e-02;3.5250000e+02;1.1236763e-01;3.5250000e+02;1.3305122e-01;3.5250000e+02;1.5503338e-01;3.5250000e+02;1.8200348e-01;3.5250000e+02;2.1040104e-01;3.5250000e+02;2.2602652e-01;3.5250000e+02;2.1498458e-01;3.5250000e+02;1.8171814e-01;3.5250000e+02;1.3461676e-01;3.5250000e+02;8.5766196e-02;3.5250000e+02;4.1603807e-02;3.5250000e+02;-1.1652047e-03;3.5250000e+02;3.9627980e-03;3.5250000e+02;1.5211411e-02;3.5250000e+02;3.1517528e-02;3.5250000e+02;4.9475376e-02;3.5250000e+02;6.9395252e-02;3.5250000e+02;9.0874940e-02;3.5250000e+02;1.1236763e-01;3.5250000e+02;1.3305122e-01;3.5250000e+02;1.5503338e-01;3.5250000e+02;1.8200348e-01;3.5250000e+02;2.1040104e-01;3.5250000e+02;2.2602652e-01;3.5250000e+02;2.1498458e-01;3.5250000e+02;1.8171814e-01;3.5250000e+02;1.3461676e-01;3.5250000e+02;8.5766196e-02;3.5250000e+02;4.1603807e-02;3.5250000e+02;-1.1652047e-03;3.5250000e+02;3.9627980e-03;3.5250000e+02;1.5211411e-02;3.5250000e+02;3.1517528e-02;3.5250000e+02;4.9475376e-02;3.5250000e+02;6.9395252e-02;3.5250000e+02;9.0874940e-02;3.5250000e+02;1.1236763e-01;3.5250000e+02;1.3305122e-01;3.5250000e+02;1.5503338e-01;3.5250000e+02;1.8200348e-01;3.5250000e+02;2.1040104e-01;3.5250000e+02;2.2602652e-01;3.5250000e+02;2.1498458e-01;3.5250000e+02;1.8171814e-01;3.5250000e+02;1.3461676e-01;3.5250000e+02;8.5766196e-02;3.5250000e+02;4.1603807e-02;3.5250000e+02;-1.1652047e-03;3.5250000e+02;3.9627980e-03;3.5250000e+02;1.5211411e-02;3.5250000e+02;3.1517528e-02;3.5250000e+02;4.9475376e-02;3.5250000e+02;6.9395252e-02;3.5250000e+02;9.0874940e-02;3.5250000e+02;1.1236763e-01;3.5250000e+02;1.3305122e-01;3.5250000e+02;1.5503338e-01;3.5250000e+02;1.8200348e-01;3.5250000e+02;2.1040104e-01;3.5250000e+02;2.2602652e-01;3.5250000e+02;2.1498458e-01;3.5250000e+02;1.8171814e-01;3.5250000e+02;1.3461676e-01;3.5250000e+02;8.5766196e-02;3.5250000e+02;4.1603807e-02;3.5250000e+02;-1.1652047e-03;3.5250000e+02;3.9627980e-03;3.5250000e+02;1.5211411e-02;3.5250000e+02;3.1517528e-02;3.5250000e+02;4.9475376e-02;3.5250000e+02;6.9395252e-02;3.5250000e+02;9.0874940e-02;3.5250000e+02;1.1236763e-01;3.5250000e+02;1.3305122e-01;3.5250000e+02;1.5503338e-01;3.5250000e+02;1.8200348e-01;3.5250000e+02;2.1040104e-01;3.5250000e+02;2.2602652e-01;3.5250000e+02;2.1498458e-01;3.5250000e+02;1.8171814e-01;3.5250000e+02;1.3461676e-01;3.5250000e+02;8.5766196e-02;3.5250000e+02;4.1603807e-02;3.5250000e+02;-1.1652047e-03;3.5250000e+02;3.9627980e-03;3.5250000e+02;1.5211411e-02;3.5250000e+02;3.1517528e-02;3.5250000e+02;4.9475376e-02;3.5250000e+02;6.9395252e-02;3.5250000e+02;9.0874940e-02;3.5250000e+02;1.1236763e-01;3.5250000e+02;1.3305122e-01;3.5250000e+02;1.5503338e-01;3.5250000e+02;1.8200348e-01;3.5250000e+02;2.1040104e-01;3.5250000e+02;2.2602652e-01;3.5250000e+02;2.1498458e-01;3.5250000e+02;1.8171814e-01;3.5250000e+02;1.3461676e-01;3.5250000e+02;8.5766196e-02;3.5250000e+02;4.1603807e-02;3.5250000e+02;-1.1652047e-03;3.5250000e+02;3.9627980e-03;3.5250000e+02;1.5211411e-02;3.5250000e+02;3.1517528e-02;3.5250000e+02;4.9475376e-02;3.5250000e+02;6.9395252e-02;3.5250000e+02;9.0874940e-02;3.5250000e+02;1.1236763e-01;3.5250000e+02;1.3305122e-01;3.5250000e+02;1.5503338e-01;3.5250000e+02;1.8200348e-01;3.5250000e+02;2.1040104e-01;3.5250000e+02;2.2602652e-01;3.5250000e+02;2.1498458e-01;3.5250000e+02;1.8171814e-01;3.5250000e+02;1.3461676e-01;3.5250000e+02;8.5766196e-02;3.5250000e+02;4.1603807e-02;3.5250000e+02;-1.1652047e-03;3.5250000e+02;3.9627980e-03;3.5250000e+02;1.5211411e-02;3.5250000e+02;3.1517528e-02;3.5250000e+02;4.9475376e-02;3.5250000e+02;6.9395252e-02;3.5250000e+02;9.0874940e-02;3.5250000e+02;1.1236763e-01;3.5250000e+02;1.3305122e-01;3.5250000e+02;1.5503338e-01;3.5250000e+02;1.8200348e-01;3.5250000e+02;2.1040104e-01;3.5250000e+02;2.2602652e-01;3.5250000e+02;2.1498458e-01;3.5250000e+02;1.8171814e-01;3.5250000e+02;1.3461676e-01;3.5250000e+02;8.5766196e-02;3.5250000e+02;4.1603807e-02;3.5250000e+02;-1.1652047e-03;3.5250000e+02;3.9627980e-03;3.5250000e+02;1.5211411e-02;3.5250000e+02;3.1517528e-02;3.5250000e+02;4.9475376e-02;3.5250000e+02;6.9395252e-02;3.5250000e+02;9.0874940e-02;3.5250000e+02;1.1236763e-01;3.5250000e+02;1.3305122e-01;3.5250000e+02;1.5503338e-01;3.5250000e+02;1.8200348e-01;3.5250000e+02;2.1040104e-01;3.5250000e+02;2.2602652e-01;3.5250000e+02;2.1498458e-01;3.5250000e+02;1.8171814e-01;3.5250000e+02;1.3461676e-01;3.5250000e+02;8.5766196e-02;3.5250000e+02;4.1603807e-02;3.5250000e+02;-1.1652047e-03;3.5250000e+02;3.9627980e-03;3.5250000e+02;1.5211411e-02;3.5250000e+02;3.1517528e-02;3.5250000e+02;4.9475376e-02;3.5250000e+02;6.9395252e-02;3.5250000e+02;9.0874940e-02;3.5250000e+02;1.1236763e-01;3.5250000e+02;1.3305122e-01;3.5250000e+02;1.5503338e-01;3.5250000e+02;1.8200348e-01;3.5250000e+02;2.1040104e-01;3.5250000e+02;2.2602652e-01;3.5250000e+02;2.1498458e-01;3.5250000e+02;1.8171814e-01;3.5250000e+02;1.3461676e-01;3.5250000e+02;8.5766196e-02;3.5250000e+02;4.1603807e-02;3.5250000e+02;-1.1652047e-03;3.5250000e+02;3.9627980e-03;3.5250000e+02;1.5211411e-02;3.5250000e+02;3.1517528e-02;3.5250000e+02;4.9475376e-02;3.5250000e+02;6.9395252e-02;3.5250000e+02;9.0874940e-02;3.5250000e+02;1.1236763e-01;3.5250000e+02;1.3305122e-01;3.5250000e+02;1.5503338e-01;3.5250000e+02;1.8200348e-01;3.5250000e+02;2.1040104e-01;3.5250000e+02;2.2602652e-01;3.5250000e+02;2.1498458e-01;3.5250000e+02;1.8171814e-01;3.5250000e+02;1.3461676e-01;3.5250000e+02;8.5766196e-02;3.5250000e+02;4.1603807e-02;3.5250000e+02;-1.1652047e-03;3.5250000e+02;3.9627980e-03;3.5250000e+02;1.5211411e-02;3.5250000e+02;3.1517528e-02;3.5250000e+02;4.9475376e-02;3.5250000e+02;6.9395252e-02;3.5250000e+02;9.0874940e-02;3.5250000e+02;1.1236763e-01;3.5250000e+02;1.3305122e-01;3.5250000e+02;1.5503338e-01;3.5250000e+02;1.8200348e-01;3.5250000e+02;2.1040104e-01;3.5250000e+02;2.2602652e-01;3.5250000e+02;2.1498458e-01;3.5250000e+02;1.8171814e-01;3.5250000e+02;1.3461676e-01;3.5250000e+02;8.5766196e-02;3.5250000e+02;4.1603807e-02;3.5250000e+02;-1.1652047e-03;3.5250000e+02;3.9627980e-03;3.5250000e+02;1.5211411e-02;3.5250000e+02;3.1517528e-02;3.5250000e+02;4.9475376e-02;3.5250000e+02;6.9395252e-02;3.5250000e+02;9.0874940e-02;3.5250000e+02;1.1236763e-01;3.5250000e+02;1.3305122e-01;3.5250000e+02;1.5503338e-01;3.5250000e+02;1.8200348e-01;3.5250000e+02;2.1040104e-01;3.5250000e+02;2.2602652e-01;3.5250000e+02;2.1498458e-01;3.5250000e+02;1.8171814e-01;3.5250000e+02;1.3461676e-01;3.5250000e+02;8.5766196e-02;3.5250000e+02;4.1603807e-02;3.5250000e+02;-1.1652047e-03;3.5250000e+02;3.9627980e-03;3.5250000e+02;1.5211411e-02;3.5250000e+02;3.1517528e-02;3.5250000e+02;4.9475376e-02;3.5250000e+02;6.9395252e-02;3.5250000e+02;9.0874940e-02;3.5250000e+02;1.1236763e-01;3.5250000e+02;1.3305122e-01;3.5250000e+02;1.5503338e-01;3.5250000e+02;1.8200348e-01;3.5250000e+02;2.1040104e-01;3.5250000e+02;2.2602652e-01;3.5250000e+02;2.1498458e-01;3.5250000e+02;1.8171814e-01;3.5250000e+02;1.3461676e-01;3.5250000e+02;8.5766196e-02;3.5250000e+02;4.1603807e-02;3.5250000e+02;-1.1652047e-03;3.5250000e+02;3.9627980e-03;3.5250000e+02;1.5211411e-02;3.5250000e+02;3.1517528e-02;3.5250000e+02;4.9475376e-02;3.5250000e+02;6.9395252e-02;3.5250000e+02;9.0874940e-02;3.5250000e+02;1.1236763e-01;3.5250000e+02;1.3305122e-01;3.5250000e+02;1.5503338e-01;3.5250000e+02;1.8200348e-01;3.5250000e+02;2.1040104e-01;3.5250000e+02;2.2602652e-01;3.5250000e+02;2.1498458e-01;3.5250000e+02;1.8171814e-01;3.5250000e+02;1.3461676e-01;3.5250000e+02;8.5766196e-02;3.5250000e+02;4.1603807e-02;3.5250000e+02;-1.1652047e-03;3.5250000e+02;3.9627980e-03;3.5250000e+02;1.5211411e-02;3.5250000e+02;3.1517528e-02;3.5250000e+02;4.9475376e-02;3.5250000e+02;6.9395252e-02;3.5250000e+02;9.0874940e-02;3.5250000e+02;1.1236763e-01;3.5250000e+02;1.3305122e-01;3.5250000e+02;1.5503338e-01;3.5250000e+02;1.8200348e-01;3.5250000e+02;2.1040104e-01;3.5250000e+02;2.2602652e-01;3.5250000e+02;2.1498458e-01;3.5250000e+02;1.8171814e-01;3.5250000e+02;1.3461676e-01;3.5250000e+02;8.5766196e-02;3.5250000e+02;4.1603807e-02;3.5250000e+02;-1.1652047e-03;3.5250000e+02;3.9627980e-03;3.5250000e+02;1.5211411e-02;3.5250000e+02;3.1517528e-02;3.5250000e+02;4.9475376e-02;3.5250000e+02;6.9395252e-02;3.5250000e+02;9.0874940e-02;3.5250000e+02;1.1236763e-01;3.5250000e+02;1.3305122e-01;3.5250000e+02;1.5503338e-01;3.5250000e+02;1.8200348e-01;3.5250000e+02;2.1040104e-01;3.5250000e+02;2.2602652e-01;3.5250000e+02;2.1498458e-01;3.5250000e+02;1.8171814e-01;3.5250000e+02;1.3461676e-01;3.5250000e+02;8.5766196e-02;3.5250000e+02;4.1603807e-02;3.5250000e+02;-1.1652047e-03;3.5250000e+02;3.9627980e-03;3.5250000e+02;1.5211411e-02;3.5250000e+02;3.1517528e-02;3.5250000e+02;4.9475376e-02;3.5250000e+02;6.9395252e-02;3.5250000e+02;9.0874940e-02;3.5250000e+02;1.1236763e-01;3.5250000e+02;1.3305122e-01;3.5250000e+02;1.5503338e-01;3.5250000e+02;1.8200348e-01;3.5250000e+02;2.1040104e-01;3.5250000e+02;2.2602652e-01;3.5250000e+02;2.1498458e-01;3.5250000e+02;1.8171814e-01;3.5250000e+02;1.3461676e-01;3.5250000e+02;8.5766196e-02;3.5250000e+02;4.1603807e-02;3.5250000e+02;-1.1652047e-03;3.5250000e+02;3.9627980e-03;3.5250000e+02;1.5211411e-02;3.5250000e+02;3.1517528e-02;3.5250000e+02;4.9475376e-02;3.5250000e+02;6.9395252e-02;3.5250000e+02;9.0874940e-02;3.5250000e+02;1.1236763e-01;3.5250000e+02;1.3305122e-01;3.5250000e+02;1.5503338e-01;3.5250000e+02;1.8200348e-01;3.5250000e+02;2.1040104e-01;3.5250000e+02;2.2602652e-01;3.5250000e+02;2.1498458e-01;3.5250000e+02;1.8171814e-01;3.5250000e+02;1.3461676e-01;3.5250000e+02;8.5766196e-02;3.5250000e+02;4.1603807e-02;3.5250000e+02;-1.1652047e-03;3.5250000e+02;3.9627980e-03;3.5250000e+02;1.5211411e-02;3.5250000e+02;3.1517528e-02;3.5250000e+02;4.9475376e-02;3.5250000e+02;6.9395252e-02;3.5250000e+02;9.0874940e-02;3.5250000e+02;1.1236763e-01;3.5250000e+02;1.3305122e-01;3.5250000e+02;1.5503338e-01;3.5250000e+02;1.8200348e-01;3.5250000e+02;2.1040104e-01;3.5250000e+02;2.2602652e-01;3.5250000e+02;2.1498458e-01;3.5250000e+02;1.8171814e-01;3.5250000e+02;1.3461676e-01;3.5250000e+02;8.5766196e-02;3.5250000e+02;4.1603807e-02;3.5250000e+02;-1.1652047e-03;3.5250000e+02;3.9627980e-03;3.5250000e+02;1.5211411e-02;3.5250000e+02;3.1517528e-02;3.5250000e+02;4.9475376e-02;3.5250000e+02;6.9395252e-02;3.5250000e+02;9.0874940e-02;3.5250000e+02;1.1236763e-01;3.5250000e+02;1.3305122e-01;3.5250000e+02;1.5503338e-01;3.5250000e+02;1.8200348e-01;3.5250000e+02;2.1040104e-01;3.5250000e+02;2.2602652e-01;3.5250000e+02;2.1498458e-01;3.5250000e+02;1.8171814e-01;3.5250000e+02;1.3461676e-01;3.5250000e+02;8.5766196e-02;3.5250000e+02;4.1603807e-02;3.5250000e+02;-1.1652047e-03;3.5250000e+02;3.9627980e-03;3.5250000e+02;1.5211411e-02;3.5250000e+02;3.1517528e-02;3.5250000e+02;4.9475376e-02;3.5250000e+02;6.9395252e-02;3.5250000e+02;9.0874940e-02;3.5250000e+02;1.1236763e-01;3.5250000e+02;1.3305122e-01;3.5250000e+02;1.5503338e-01;3.5250000e+02;1.8200348e-01;3.5250000e+02;2.1040104e-01;3.5250000e+02;2.2602652e-01;3.5250000e+02;2.1498458e-01;3.5250000e+02;1.8171814e-01;3.5250000e+02;1.3461676e-01;3.5250000e+02;8.5766196e-02;3.5250000e+02;4.1603807e-02;3.5250000e+02;-1.1652047e-03;3.5250000e+02;3.9627980e-03;3.5250000e+02;1.5211411e-02;3.5250000e+02;3.1517528e-02;3.5250000e+02;4.9475376e-02;3.5250000e+02;6.9395252e-02;3.5250000e+02;9.0874940e-02;3.5250000e+02;1.1236763e-01;3.5250000e+02;1.3305122e-01;3.5250000e+02;1.5503338e-01;3.5250000e+02;1.8200348e-01;3.5250000e+02;2.1040104e-01;3.5250000e+02;2.2602652e-01;3.5250000e+02;2.1498458e-01;3.5250000e+02;1.8171814e-01;3.5250000e+02;1.3461676e-01;3.5250000e+02;8.5766196e-02;3.5250000e+02;4.1603807e-02;3.5250000e+02;-1.1652047e-03;3.5250000e+02;3.9627980e-03;3.5250000e+02;1.5211411e-02;3.5250000e+02;3.1517528e-02;3.5250000e+02;4.9475376e-02;3.5250000e+02;6.9395252e-02;3.5250000e+02;9.0874940e-02;3.5250000e+02;1.1236763e-01;3.5250000e+02;1.3305122e-01;3.5250000e+02;1.5503338e-01;3.5250000e+02;1.8200348e-01;3.5250000e+02;2.1040104e-01;3.5250000e+02;2.2602652e-01;3.5250000e+02;2.1498458e-01;3.5250000e+02;1.8171814e-01;3.5250000e+02;1.3461676e-01;3.5250000e+02;8.5766196e-02;3.5250000e+02;4.1603807e-02;3.5250000e+02;-1.1652047e-03;3.5250000e+02;3.9627980e-03;3.5250000e+02;1.5211411e-02;3.5250000e+02;3.1517528e-02;3.5250000e+02;4.9475376e-02;3.5250000e+02;6.9395252e-02;3.5250000e+02;9.0874940e-02;3.5250000e+02;1.1236763e-01;3.5250000e+02;1.3305122e-01;3.5250000e+02;1.5503338e-01;3.5250000e+02;1.8200348e-01;3.5250000e+02;2.1040104e-01;3.5250000e+02;2.2602652e-01;3.5250000e+02;2.1498458e-01;3.5250000e+02;1.8171814e-01;3.5250000e+02;1.3461676e-01;3.5250000e+02;8.5766196e-02;3.5250000e+02;4.1603807e-02;3.5250000e+02;-1.1652047e-03;3.5250000e+02;3.9627980e-03;3.5250000e+02;1.5211411e-02;3.5250000e+02;3.1517528e-02;3.5250000e+02;4.9475376e-02;3.5250000e+02;6.9395252e-02;3.5250000e+02;9.0874940e-02;3.5250000e+02;1.1236763e-01;3.5250000e+02;1.3305122e-01;3.5250000e+02;1.5503338e-01;3.5250000e+02;1.8200348e-01;3.5250000e+02;2.1040104e-01;3.5250000e+02;2.2602652e-01;3.5250000e+02;2.1498458e-01;3.5250000e+02;1.8171814e-01;3.5250000e+02;1.3461676e-01;3.5250000e+02;8.5766196e-02;3.5250000e+02;4.1603807e-02;3.5250000e+02;-1.1652047e-03;3.5250000e+02;3.9627980e-03;3.5250000e+02;1.5211411e-02;3.5250000e+02;3.1517528e-02;3.5250000e+02;4.9475376e-02;3.5250000e+02;6.9395252e-02;3.5250000e+02;9.0874940e-02;3.5250000e+02;1.1236763e-01;3.5250000e+02;1.3305122e-01;3.5250000e+02;1.5503338e-01;3.5250000e+02;1.8200348e-01;3.5250000e+02;2.1040104e-01;3.5250000e+02;2.2602652e-01;3.5250000e+02;2.1498458e-01;3.5250000e+02;1.8171814e-01;3.5250000e+02;1.3461676e-01;3.5250000e+02;8.5766196e-02;3.5250000e+02;4.1603807e-02;3.5250000e+02;-1.1652047e-03;3.5250000e+02;3.9627980e-03;3.5250000e+02;1.5211411e-02;3.5250000e+02;3.1517528e-02;3.5250000e+02;4.9475376e-02;3.5250000e+02;6.9395252e-02;3.5250000e+02;9.0874940e-02;3.5250000e+02;1.1236763e-01;3.5250000e+02;1.3305122e-01;3.5250000e+02;1.5503338e-01;3.5250000e+02;1.8200348e-01;3.5250000e+02;2.1040104e-01;3.5250000e+02;2.2602652e-01;3.5250000e+02;2.1498458e-01;3.5250000e+02;1.8171814e-01;3.5250000e+02;1.3461676e-01;3.5250000e+02;8.5766196e-02;3.5250000e+02;4.1603807e-02;3.5250000e+02;-1.1652047e-03;3.5250000e+02;3.9627980e-03;3.5250000e+02;1.5211411e-02;3.5250000e+02;3.1517528e-02;3.5250000e+02;4.9475376e-02;3.5250000e+02;6.9395252e-02;3.5250000e+02;9.0874940e-02;3.5250000e+02;1.1236763e-01;3.5250000e+02;1.3305122e-01;3.5250000e+02;1.5503338e-01;3.5250000e+02;1.8200348e-01;3.5250000e+02;2.1040104e-01;3.5250000e+02;2.2602652e-01;3.5250000e+02;2.1498458e-01;3.5250000e+02;1.8171814e-01;3.5250000e+02;1.3461676e-01;3.5250000e+02;8.5766196e-02;3.5250000e+02;4.1603807e-02;3.5250000e+02;-1.1652047e-03;3.5250000e+02;3.9627980e-03;3.5250000e+02;1.5211411e-02;3.5250000e+02;3.1517528e-02;3.5250000e+02;4.9475376e-02;3.5250000e+02;6.9395252e-02;3.5250000e+02;9.0874940e-02;3.5250000e+02;1.1236763e-01;3.5250000e+02;1.3305122e-01;3.5250000e+02;1.5503338e-01;3.5250000e+02;1.8200348e-01;3.5250000e+02;2.1040104e-01;3.5250000e+02;2.2602652e-01;3.5250000e+02;2.1498458e-01;3.5250000e+02;1.8171814e-01;3.5250000e+02;1.3461676e-01;3.5250000e+02;8.5766196e-02;3.5250000e+02;4.1603807e-02;3.5250000e+02;-1.1652047e-03;3.5250000e+02;3.9627980e-03;3.5250000e+02;1.5211411e-02;3.5250000e+02;3.1517528e-02;3.5250000e+02;4.9475376e-02;3.5250000e+02;6.9395252e-02;3.5250000e+02;9.0874940e-02;3.5250000e+02;1.1236763e-01;3.5250000e+02;1.3305122e-01;3.5250000e+02;1.5503338e-01;3.5250000e+02;1.8200348e-01;3.5250000e+02;2.1040104e-01;3.5250000e+02;2.2602652e-01;3.5250000e+02;2.1498458e-01;3.5250000e+02;1.8171814e-01;3.5250000e+02;1.3461676e-01;3.5250000e+02;8.5766196e-02;3.5250000e+02;4.1603807e-02;3.5250000e+02;-1.1652047e-03;3.5250000e+02;3.9627980e-03;3.5250000e+02;1.5211411e-02;3.5250000e+02;3.1517528e-02;3.5250000e+02;4.9475376e-02;3.5250000e+02;6.9395252e-02;3.5250000e+02;9.0874940e-02;3.5250000e+02;1.1236763e-01;3.5250000e+02;1.3305122e-01;3.5250000e+02;1.5503338e-01;3.5250000e+02;1.8200348e-01;3.5250000e+02;2.1040104e-01;3.5250000e+02;2.2602652e-01;3.5250000e+02;2.1498458e-01;3.5250000e+02;1.8171814e-01;3.5250000e+02;1.3461676e-01;3.5250000e+02;8.5766196e-02;3.5250000e+02;4.1603807e-02;3.5250000e+02;-1.1652047e-03;3.5250000e+02;3.9627980e-03;3.5250000e+02;1.5211411e-02;3.5250000e+02;3.1517528e-02;3.5250000e+02;4.9475376e-02;3.5250000e+02;6.9395252e-02;3.5250000e+02;9.0874940e-02;3.5250000e+02;1.1236763e-01;3.5250000e+02;1.3305122e-01;3.5250000e+02;1.5503338e-01;3.5250000e+02;1.8200348e-01;3.5250000e+02;2.1040104e-01;3.5250000e+02;2.2602652e-01;3.5250000e+02;2.1498458e-01;3.5250000e+02;1.8171814e-01;3.5250000e+02;1.3461676e-01;3.5250000e+02;8.5766196e-02;3.5250000e+02;4.1603807e-02;3.5250000e+02;-1.1652047e-03;3.5250000e+02;3.9627980e-03;3.5250000e+02;1.5211411e-02;3.5250000e+02;3.1517528e-02;3.5250000e+02;4.9475376e-02;3.5250000e+02;6.9395252e-02;3.5250000e+02;9.0874940e-02;3.5250000e+02;1.1236763e-01;3.5250000e+02;1.3305122e-01;3.5250000e+02;1.5503338e-01;3.5250000e+02;1.8200348e-01;3.5250000e+02;2.1040104e-01;3.5250000e+02;2.2602652e-01;3.5250000e+02;2.1498458e-01;3.5250000e+02;1.8171814e-01;3.5250000e+02;1.3461676e-01;3.5250000e+02;8.5766196e-02;3.5250000e+02;4.1603807e-02;3.5250000e+02;-1.1652047e-03;3.5250000e+02;3.9627980e-03;3.5250000e+02;1.5211411e-02;3.5250000e+02;3.1517528e-02;3.5250000e+02;4.9475376e-02;3.5250000e+02;6.9395252e-02;3.5250000e+02;9.0874940e-02;3.5250000e+02;1.1236763e-01;3.5250000e+02;1.3305122e-01;3.5250000e+02;1.5503338e-01;3.5250000e+02;1.8200348e-01;3.5250000e+02;2.1040104e-01;3.5250000e+02;2.2602652e-01;3.5250000e+02;2.1498458e-01;3.5250000e+02;1.8171814e-01;3.5250000e+02;1.3461676e-01;3.5250000e+02;8.5766196e-02;3.5250000e+02;4.1603807e-02;3.5250000e+02;-1.1652047e-03;3.5250000e+02;3.9627980e-03;3.5250000e+02;1.5211411e-02;3.5250000e+02;3.1517528e-02;3.5250000e+02;4.9475376e-02;3.5250000e+02;6.9395252e-02;3.5250000e+02;9.0874940e-02;3.5250000e+02;1.1236763e-01;3.5250000e+02;1.3305122e-01;3.5250000e+02;1.5503338e-01;3.5250000e+02;1.8200348e-01;3.5250000e+02;2.1040104e-01;3.5250000e+02;2.2602652e-01;3.5250000e+02;2.1498458e-01;3.5250000e+02;1.8171814e-01;3.5250000e+02;1.3461676e-01;3.5250000e+02;8.5766196e-02;3.5250000e+02;4.1603807e-02;3.5250000e+02;-1.1652047e-03;3.5250000e+02;3.9627980e-03;3.5250000e+02;1.5211411e-02;3.5250000e+02;3.1517528e-02;3.5250000e+02;4.9475376e-02;3.5250000e+02;6.9395252e-02;3.5250000e+02;9.0874940e-02;3.5250000e+02;1.1236763e-01;3.5250000e+02;1.3305122e-01;3.5250000e+02;1.5503338e-01;3.5250000e+02;1.8200348e-01;3.5250000e+02;2.1040104e-01;3.5250000e+02;2.2602652e-01;3.5250000e+02;2.1498458e-01;3.5250000e+02;1.8171814e-01;3.5250000e+02;1.3461676e-01;3.5250000e+02;8.5766196e-02;3.5250000e+02;4.1603807e-02;3.5250000e+02;-1.1652047e-03;3.5250000e+02;3.9627980e-03;3.5250000e+02;1.5211411e-02;3.5250000e+02;3.1517528e-02;3.5250000e+02;4.9475376e-02;3.5250000e+02;6.9395252e-02;3.5250000e+02;9.0874940e-02;3.5250000e+02;1.1236763e-01;3.5250000e+02;1.3305122e-01;3.5250000e+02;1.5503338e-01;3.5250000e+02;1.8200348e-01;3.5250000e+02;2.1040104e-01;3.5250000e+02;2.2602652e-01;3.5250000e+02;2.1498458e-01;3.5250000e+02;1.8171814e-01;3.5250000e+02;1.3461676e-01;3.5250000e+02;8.5766196e-02;3.5250000e+02;4.1603807e-02;3.5250000e+02;-1.1652047e-03;3.5250000e+02;3.9627980e-03;3.5250000e+02;1.5211411e-02;3.5250000e+02;3.1517528e-02;3.5250000e+02;4.9475376e-02;3.5250000e+02;6.9395252e-02;3.5250000e+02;9.0874940e-02;3.5250000e+02;1.1236763e-01;3.5250000e+02;1.3305122e-01;3.5250000e+02;1.5503338e-01;3.5250000e+02;1.8200348e-01;3.5250000e+02;2.1040104e-01;3.5250000e+02;2.2602652e-01;3.5250000e+02;2.1498458e-01;3.5250000e+02;1.8171814e-01;3.5250000e+02;1.3461676e-01;3.5250000e+02;8.5766196e-02;3.5250000e+02;4.1603807e-02;3.5250000e+02;-1.1652047e-03;3.5250000e+02;3.9627980e-03;3.5250000e+02;1.5211411e-02;3.5250000e+02;3.1517528e-02;3.5250000e+02;4.9475376e-02;3.5250000e+02;6.9395252e-02;3.5250000e+02;9.0874940e-02;3.5250000e+02;1.1236763e-01;3.5250000e+02;1.3305122e-01;3.5250000e+02;1.5503338e-01;3.5250000e+02;1.8200348e-01;3.5250000e+02;2.1040104e-01;3.5250000e+02;2.2602652e-01;3.5250000e+02;2.1498458e-01;3.5250000e+02;1.8171814e-01;3.5250000e+02;1.3461676e-01;3.5250000e+02;8.5766196e-02;3.5250000e+02;4.1603807e-02;3.5250000e+02;-1.1652047e-03;3.5250000e+02;3.9627980e-03;3.5250000e+02;1.5211411e-02;3.5250000e+02;3.1517528e-02;3.5250000e+02;4.9475376e-02;3.5250000e+02;6.9395252e-02;3.5250000e+02;9.0874940e-02;3.5250000e+02;1.1236763e-01;3.5250000e+02;1.3305122e-01;3.5250000e+02;1.5503338e-01;3.5250000e+02;1.8200348e-01;3.5250000e+02;2.1040104e-01;3.5250000e+02;2.2602652e-01;3.5250000e+02;2.1498458e-01;3.5250000e+02;1.8171814e-01;3.5250000e+02;1.3461676e-01;3.5250000e+02;8.5766196e-02;3.5250000e+02;4.1603807e-02;3.5250000e+02;-1.1652047e-03;3.5250000e+02;3.9627980e-03;3.5250000e+02;1.5211411e-02;3.5250000e+02;3.1517528e-02;3.5250000e+02;4.9475376e-02;3.5250000e+02;6.9395252e-02;3.5250000e+02;9.0874940e-02;3.5250000e+02;1.1236763e-01;3.5250000e+02;1.3305122e-01;3.5250000e+02;1.5503338e-01;3.5250000e+02;1.8200348e-01;3.5250000e+02;2.1040104e-01;3.5250000e+02;2.2602652e-01;3.5250000e+02;2.1498458e-01;3.5250000e+02;1.8171814e-01;3.5250000e+02;1.3461676e-01;3.5250000e+02;8.5766196e-02;3.5250000e+02;4.1603807e-02;3.5250000e+02;-1.1652047e-03;3.5250000e+02;3.9627980e-03;3.5250000e+02;1.5211411e-02;3.5250000e+02;3.1517528e-02;3.5250000e+02;4.9475376e-02;3.5250000e+02;6.9395252e-02;3.5250000e+02;9.0874940e-02;3.5250000e+02;1.1236763e-01;3.5250000e+02;1.3305122e-01;3.5250000e+02;1.5503338e-01;3.5250000e+02;1.8200348e-01;3.5250000e+02;2.1040104e-01;3.5250000e+02;2.2602652e-01;3.5250000e+02;2.1498458e-01;3.5250000e+02;1.8171814e-01;3.5250000e+02;1.3461676e-01;3.5250000e+02;8.5766196e-02;3.5250000e+02;4.1603807e-02;3.5250000e+02;-1.1652047e-03;3.5250000e+02;3.9627980e-03;3.5250000e+02;1.5211411e-02;3.5250000e+02;3.1517528e-02;3.5250000e+02;4.9475376e-02;3.5250000e+02;6.9395252e-02;3.5250000e+02;9.0874940e-02;3.5250000e+02;1.1236763e-01;3.5250000e+02;1.3305122e-01;3.5250000e+02;1.5503338e-01;3.5250000e+02;1.8200348e-01;3.5250000e+02;2.1040104e-01;3.5250000e+02;2.2602652e-01;3.5250000e+02;2.1498458e-01;3.5250000e+02;1.8171814e-01;3.5250000e+02;1.3461676e-01;3.5250000e+02;8.5766196e-02;3.5250000e+02;4.1603807e-02;3.5250000e+02;-1.1652047e-03;3.5250000e+02;3.9627980e-03;3.5250000e+02;1.5211411e-02;3.5250000e+02;3.1517528e-02;3.5250000e+02;4.9475376e-02;3.5250000e+02;6.9395252e-02;3.5250000e+02;9.0874940e-02;3.5250000e+02;1.1236763e-01;3.5250000e+02;1.3305122e-01;3.5250000e+02;1.5503338e-01;3.5250000e+02;1.8200348e-01;3.5250000e+02;2.1040104e-01;3.5250000e+02;2.2602652e-01;3.5250000e+02;2.1498458e-01;3.5250000e+02;1.8171814e-01;3.5250000e+02;1.3461676e-01;3.5250000e+02;8.5766196e-02;3.5250000e+02;4.1603807e-02;3.5250000e+02;-1.1652047e-03;3.5250000e+02;3.9627980e-03;3.5250000e+02;1.5211411e-02;3.5250000e+02;3.1517528e-02;3.5250000e+02;4.9475376e-02;3.5250000e+02;6.9395252e-02;3.5250000e+02;9.0874940e-02;3.5250000e+02;1.1236763e-01;3.5250000e+02;1.3305122e-01;3.5250000e+02;1.5503338e-01;3.5250000e+02;1.8200348e-01;3.5250000e+02;2.1040104e-01;3.5250000e+02;2.2602652e-01;3.5250000e+02;2.1498458e-01;3.5250000e+02;1.8171814e-01;3.5250000e+02;1.3461676e-01;3.5250000e+02;8.5766196e-02;3.5250000e+02;4.1603807e-02;3.5250000e+02;-1.1652047e-03;3.5250000e+02;3.9627980e-03;3.5250000e+02;1.5211411e-02;3.5250000e+02;3.1517528e-02;3.5250000e+02;4.9475376e-02;3.5250000e+02;6.9395252e-02;3.5250000e+02;9.0874940e-02;3.5250000e+02;1.1236763e-01;3.5250000e+02;1.3305122e-01;3.5250000e+02;1.5503338e-01;3.5250000e+02;1.8200348e-01;3.5250000e+02;2.1040104e-01;3.5250000e+02;2.2602652e-01;3.5250000e+02;2.1498458e-01;3.5250000e+02;1.8171814e-01;3.5250000e+02;1.3461676e-01;3.5250000e+02;8.5766196e-02;3.5250000e+02;4.1603807e-02;3.5250000e+02;-1.1652047e-03;3.5250000e+02;3.9627980e-03;3.5250000e+02;1.5211411e-02;3.5250000e+02;3.1517528e-02;3.5250000e+02;4.9475376e-02;3.5250000e+02;6.9395252e-02;3.5250000e+02;9.0874940e-02;3.5250000e+02;1.1236763e-01;3.5250000e+02;1.3305122e-01;3.5250000e+02;1.5503338e-01;3.5250000e+02;1.8200348e-01;3.5250000e+02;2.1040104e-01;3.5250000e+02;2.2602652e-01;3.5250000e+02;2.1498458e-01;3.5250000e+02;1.8171814e-01;3.5250000e+02;1.3461676e-01;3.5250000e+02;8.5766196e-02;3.5250000e+02;4.1603807e-02;3.5250000e+02;-1.1652047e-03;3.5250000e+02;3.9627980e-03;3.5250000e+02;1.5211411e-02;3.5250000e+02;3.1517528e-02;3.5250000e+02;4.9475376e-02;3.5250000e+02;6.9395252e-02;3.5250000e+02;9.0874940e-02;3.5250000e+02;1.1236763e-01;3.5250000e+02;1.3305122e-01;3.5250000e+02;1.5503338e-01;3.5250000e+02;1.8200348e-01;3.5250000e+02;2.1040104e-01;3.5250000e+02;2.2602652e-01;3.5250000e+02;2.1498458e-01;3.5250000e+02;1.8171814e-01;3.5250000e+02;1.3461676e-01;3.5250000e+02;8.5766196e-02;3.5250000e+02;4.1603807e-02;3.5250000e+02;-1.1652047e-03;3.5250000e+02;3.9627980e-03;3.5250000e+02;1.5211411e-02;3.5250000e+02;3.1517528e-02;3.5250000e+02;4.9475376e-02;3.5250000e+02;6.9395252e-02;3.5250000e+02;9.0874940e-02;3.5250000e+02;1.1236763e-01;3.5250000e+02;1.3305122e-01;3.5250000e+02;1.5503338e-01;3.5250000e+02;1.8200348e-01;3.5250000e+02;2.1040104e-01;3.5250000e+02;2.2602652e-01;3.5250000e+02;2.1498458e-01;3.5250000e+02;1.8171814e-01;3.5250000e+02;1.3461676e-01;3.5250000e+02;8.5766196e-02;3.5250000e+02;4.1603807e-02;3.5250000e+02;-1.1652047e-03;3.5250000e+02;3.9627980e-03;3.5250000e+02;1.5211411e-02;3.5250000e+02;3.1517528e-02;3.5250000e+02;4.9475376e-02;3.5250000e+02;6.9395252e-02;3.5250000e+02;9.0874940e-02;3.5250000e+02;1.1236763e-01;3.5250000e+02;1.3305122e-01;3.5250000e+02;1.5503338e-01;3.5250000e+02;1.8200348e-01;3.5250000e+02;2.1040104e-01;3.5250000e+02;2.2602652e-01;3.5250000e+02;2.1498458e-01;3.5250000e+02;1.8171814e-01;3.5250000e+02;1.3461676e-01;3.5250000e+02;8.5766196e-02;3.5250000e+02;4.1603807e-02;3.5250000e+02;-1.1652047e-03;3.5250000e+02;3.9627980e-03;3.5250000e+02;1.5211411e-02;3.5250000e+02;3.1517528e-02;3.5250000e+02;4.9475376e-02;3.5250000e+02;6.9395252e-02;3.5250000e+02;9.0874940e-02;3.5250000e+02;1.1236763e-01;3.5250000e+02;1.3305122e-01;3.5250000e+02;1.5503338e-01;3.5250000e+02;1.8200348e-01;3.5250000e+02;2.1040104e-01;3.5250000e+02;2.2602652e-01;3.5250000e+02;2.1498458e-01;3.5250000e+02;1.8171814e-01;3.5250000e+02;1.3461676e-01;3.5250000e+02;8.5766196e-02;3.5250000e+02;4.1603807e-02;3.5250000e+02;-1.1652047e-03;3.5250000e+02;3.9627980e-03;3.5250000e+02;1.5211411e-02;3.5250000e+02;3.1517528e-02;3.5250000e+02;4.9475376e-02;3.5250000e+02;6.9395252e-02;3.5250000e+02;9.0874940e-02;3.5250000e+02;1.1236763e-01;3.5250000e+02;1.3305122e-01;3.5250000e+02;1.5503338e-01;3.5250000e+02;1.8200348e-01;3.5250000e+02;2.1040104e-01;3.5250000e+02;2.2602652e-01;3.5250000e+02;2.1498458e-01;3.5250000e+02;1.8171814e-01;3.5250000e+02;1.3461676e-01;3.5250000e+02;8.5766196e-02;3.5250000e+02;4.1603807e-02;3.5250000e+02;-1.1652047e-03;3.5250000e+02;3.9627980e-03;3.5250000e+02;1.5211411e-02;3.5250000e+02;3.1517528e-02;3.5250000e+02;4.9475376e-02;3.5250000e+02;6.9395252e-02;3.5250000e+02;9.0874940e-02;3.5250000e+02;1.1236763e-01;3.5250000e+02;1.3305122e-01;3.5250000e+02;1.5503338e-01;3.5250000e+02;1.8200348e-01;3.5250000e+02;2.1040104e-01;3.5250000e+02;2.2602652e-01;3.5250000e+02;2.1498458e-01;3.5250000e+02;1.8171814e-01;3.5250000e+02;1.3461676e-01;3.5250000e+02;8.5766196e-02;3.5250000e+02;4.1603807e-02;3.5250000e+02;-1.1652047e-03;3.5250000e+02;3.9627980e-03;3.5250000e+02;1.5211411e-02;3.5250000e+02;3.1517528e-02;3.5250000e+02;4.9475376e-02;3.5250000e+02;6.9395252e-02;3.5250000e+02;9.0874940e-02;3.5250000e+02;1.1236763e-01;3.5250000e+02;1.3305122e-01;3.5250000e+02;1.5503338e-01;3.5250000e+02;1.8200348e-01;3.5250000e+02;2.1040104e-01;3.5250000e+02;2.2602652e-01;3.5250000e+02;2.1498458e-01;3.5250000e+02;1.8171814e-01;3.5250000e+02;1.3461676e-01;3.5250000e+02;8.5766196e-02;3.5250000e+02;4.1603807e-02;3.5250000e+02;-1.1652047e-03;3.5250000e+02;3.9627980e-03;3.5250000e+02;1.5211411e-02;3.5250000e+02;3.1517528e-02;3.5250000e+02;4.9475376e-02;3.5250000e+02;6.9395252e-02;3.5250000e+02;9.0874940e-02;3.5250000e+02;1.1236763e-01;3.5250000e+02;1.3305122e-01;3.5250000e+02;1.5503338e-01;3.5250000e+02;1.8200348e-01;3.5250000e+02;2.1040104e-01;3.5250000e+02;2.2602652e-01;3.5250000e+02;2.1498458e-01;3.5250000e+02;1.8171814e-01;3.5250000e+02;1.3461676e-01;3.5250000e+02;8.5766196e-02;3.5250000e+02;4.1603807e-02;3.5250000e+02;-1.1652047e-03;3.5250000e+02;3.9627980e-03;3.5250000e+02;1.5211411e-02;3.5250000e+02;3.1517528e-02;3.5250000e+02;4.9475376e-02;3.5250000e+02;6.9395252e-02;3.5250000e+02;9.0874940e-02;3.5250000e+02;1.1236763e-01;3.5250000e+02;1.3305122e-01;3.5250000e+02;1.5503338e-01;3.5250000e+02;1.8200348e-01;3.5250000e+02;2.1040104e-01;3.5250000e+02;2.2602652e-01;3.5250000e+02;2.1498458e-01;3.5250000e+02;1.8171814e-01;3.5250000e+02;1.3461676e-01;3.5250000e+02;8.5766196e-02;3.5250000e+02;4.1603807e-02;3.5250000e+02;-1.1652047e-03;3.5250000e+02;3.9627980e-03;3.5250000e+02;1.5211411e-02;3.5250000e+02;3.1517528e-02;3.5250000e+02;4.9475376e-02;3.5250000e+02;6.9395252e-02;3.5250000e+02;9.0874940e-02;3.5250000e+02;1.1236763e-01;3.5250000e+02;1.3305122e-01;3.5250000e+02;1.5503338e-01;3.5250000e+02;1.8200348e-01;3.5250000e+02;2.1040104e-01;3.5250000e+02;2.2602652e-01;3.5250000e+02;2.1498458e-01;3.5250000e+02;1.8171814e-01;3.5250000e+02;1.3461676e-01;3.5250000e+02;8.5766196e-02;3.5250000e+02;4.1603807e-02;3.5250000e+02;-1.1652047e-03;3.5250000e+02;3.9627980e-03;3.5250000e+02;1.5211411e-02;3.5250000e+02;3.1517528e-02;3.5250000e+02;4.9475376e-02;3.5250000e+02;6.9395252e-02;3.5250000e+02;9.0874940e-02;3.5250000e+02;1.1236763e-01;3.5250000e+02;1.3305122e-01;3.5250000e+02;1.5503338e-01;3.5250000e+02;1.8200348e-01;3.5250000e+02;2.1040104e-01;3.5250000e+02;2.2602652e-01;3.5250000e+02;2.1498458e-01;3.5250000e+02;1.8171814e-01;3.5250000e+02;1.3461676e-01;3.5250000e+02;8.5766196e-02;3.5250000e+02;4.1603807e-02;3.5250000e+02;-1.1652047e-03;3.5250000e+02;3.9627980e-03;3.5250000e+02;1.5211411e-02;3.5250000e+02;3.1517528e-02;3.5250000e+02;4.9475376e-02;3.5250000e+02;6.9395252e-02;3.5250000e+02;9.0874940e-02;3.5250000e+02;1.1236763e-01;3.5250000e+02;1.3305122e-01;3.5250000e+02;1.5503338e-01;3.5250000e+02;1.8200348e-01;3.5250000e+02;2.1040104e-01;3.5250000e+02;2.2602652e-01;3.5250000e+02;2.1498458e-01;3.5250000e+02;1.8171814e-01;3.5250000e+02;1.3461676e-01;3.5250000e+02;8.5766196e-02;3.5250000e+02;4.1603807e-02;3.5250000e+02;-1.1652047e-03;3.5250000e+02;3.9627980e-03;3.5250000e+02;1.5211411e-02;3.5250000e+02;3.1517528e-02;3.5250000e+02;4.9475376e-02;3.5250000e+02;6.9395252e-02;3.5250000e+02;9.0874940e-02;3.5250000e+02;1.1236763e-01;3.5250000e+02;1.3305122e-01;3.5250000e+02;1.5503338e-01;3.5250000e+02;1.8200348e-01;3.5250000e+02;2.1040104e-01;3.5250000e+02;2.2602652e-01;3.5250000e+02;2.1498458e-01;3.5250000e+02;1.8171814e-01;3.5250000e+02;1.3461676e-01;3.5250000e+02;8.5766196e-02;3.5250000e+02;4.1603807e-02;3.5250000e+02;-1.1652047e-03;3.5250000e+02;3.9627980e-03;3.5250000e+02;1.5211411e-02;3.5250000e+02;3.1517528e-02;3.5250000e+02;4.9475376e-02;3.5250000e+02;6.9395252e-02;3.5250000e+02;9.0874940e-02;3.5250000e+02;1.1236763e-01;3.5250000e+02;1.3305122e-01;3.5250000e+02;1.5503338e-01;3.5250000e+02;1.8200348e-01;3.5250000e+02;2.1040104e-01;3.5250000e+02;2.2602652e-01;3.5250000e+02;2.1498458e-01;3.5250000e+02;1.8171814e-01;3.5250000e+02;1.3461676e-01;3.5250000e+02;8.5766196e-02;3.5250000e+02;4.1603807e-02;3.5250000e+02;-1.1652047e-03;3.5250000e+02;3.9627980e-03;3.5250000e+02;1.5211411e-02;3.5250000e+02;3.1517528e-02;3.5250000e+02;4.9475376e-02;3.5250000e+02;6.9395252e-02;3.5250000e+02;9.0874940e-02;3.5250000e+02;1.1236763e-01;3.5250000e+02;1.3305122e-01;3.5250000e+02;1.5503338e-01;3.5250000e+02;1.8200348e-01;3.5250000e+02;2.1040104e-01;3.5250000e+02;2.2602652e-01;3.5250000e+02;2.1498458e-01;3.5250000e+02;1.8171814e-01;3.5250000e+02;1.3461676e-01;3.5250000e+02;8.5766196e-02;3.5250000e+02;4.1603807e-02;3.5250000e+02;-1.1652047e-03;3.5250000e+02;3.9627980e-03;3.5250000e+02;1.5211411e-02;3.5250000e+02;3.1517528e-02;3.5250000e+02;4.9475376e-02;3.5250000e+02;6.9395252e-02;3.5250000e+02;9.0874940e-02;3.5250000e+02;1.1236763e-01;3.5250000e+02;1.3305122e-01;3.5250000e+02;1.5503338e-01;3.5250000e+02;1.8200348e-01;3.5250000e+02;2.1040104e-01;3.5250000e+02;2.2602652e-01;3.5250000e+02;2.1498458e-01;3.5250000e+02;1.8171814e-01;3.5250000e+02;1.3461676e-01;3.5250000e+02;8.5766196e-02;3.5250000e+02;4.1603807e-02;3.5250000e+02;-1.1652047e-03;3.5250000e+02;3.9627980e-03;3.5250000e+02;1.5211411e-02;3.5250000e+02;3.1517528e-02;3.5250000e+02;4.9475376e-02;3.5250000e+02;6.9395252e-02;3.5250000e+02;9.0874940e-02;3.5250000e+02;1.1236763e-01;3.5250000e+02;1.3305122e-01;3.5250000e+02;1.5503338e-01;3.5250000e+02;1.8200348e-01;3.5250000e+02;2.1040104e-01;3.5250000e+02;2.2602652e-01;3.5250000e+02;2.1498458e-01;3.5250000e+02;1.8171814e-01;3.5250000e+02;1.3461676e-01;3.5250000e+02;8.5766196e-02;3.5250000e+02;4.1603807e-02;3.5250000e+02;-1.1652047e-03;3.5250000e+02;3.9627980e-03;3.5250000e+02;1.5211411e-02;3.5250000e+02;3.1517528e-02;3.5250000e+02;4.9475376e-02;3.5250000e+02;6.9395252e-02;3.5250000e+02;9.0874940e-02;3.5250000e+02;1.1236763e-01;3.5250000e+02;1.3305122e-01;3.5250000e+02;1.5503338e-01;3.5250000e+02;1.8200348e-01;3.5250000e+02;2.1040104e-01;3.5250000e+02;2.2602652e-01;3.5250000e+02;2.1498458e-01;3.5250000e+02;1.8171814e-01;3.5250000e+02;1.3461676e-01;3.5250000e+02;8.5766196e-02;3.5250000e+02;4.1603807e-02;3.5250000e+02;-1.1652047e-03;3.5250000e+02;3.9627980e-03;3.5250000e+02;1.5211411e-02;3.5250000e+02;3.1517528e-02;3.5250000e+02;4.9475376e-02;3.5250000e+02;6.9395252e-02;3.5250000e+02;9.0874940e-02;3.5250000e+02;1.1236763e-01;3.5250000e+02;1.3305122e-01;3.5250000e+02;1.5503338e-01;3.5250000e+02;1.8200348e-01;3.5250000e+02;2.1040104e-01;3.5250000e+02;2.2602652e-01;3.5250000e+02;2.1498458e-01;3.5250000e+02;1.8171814e-01;3.5250000e+02;1.3461676e-01;3.5250000e+02;8.5766196e-02;3.5250000e+02;4.1603807e-02;3.5250000e+02;-1.1652047e-03;3.5250000e+02;3.9627980e-03;3.5250000e+02;1.5211411e-02;3.5250000e+02;3.1517528e-02;3.5250000e+02;4.9475376e-02;3.5250000e+02;6.9395252e-02;3.5250000e+02;9.0874940e-02;3.5250000e+02;1.1236763e-01;3.5250000e+02;1.3305122e-01;3.5250000e+02;1.5503338e-01;3.5250000e+02;1.8200348e-01;3.5250000e+02;2.1040104e-01;3.5250000e+02;2.2602652e-01;3.5250000e+02;2.1498458e-01;3.5250000e+02;1.8171814e-01;3.5250000e+02;1.3461676e-01;3.5250000e+02;8.5766196e-02;3.5250000e+02;4.1603807e-02;3.5250000e+02;-1.1652047e-03;3.5250000e+02;3.9627980e-03;3.5250000e+02;1.5211411e-02;3.5250000e+02;3.1517528e-02;3.5250000e+02;4.9475376e-02;3.5250000e+02;6.9395252e-02;3.5250000e+02;9.0874940e-02;3.5250000e+02;1.1236763e-01;3.5250000e+02;1.3305122e-01;3.5250000e+02;1.5503338e-01;3.5250000e+02;1.8200348e-01;3.5250000e+02;2.1040104e-01;3.5250000e+02;2.2602652e-01;3.5250000e+02;2.1498458e-01;3.5250000e+02;1.8171814e-01;3.5250000e+02;1.3461676e-01;3.5250000e+02;8.5766196e-02;3.5250000e+02;4.1603807e-02;3.5250000e+02;-1.1652047e-03;3.5250000e+02;3.9627980e-03;3.5250000e+02;1.5211411e-02;3.5250000e+02;3.1517528e-02;3.5250000e+02;4.9475376e-02;3.5250000e+02;6.9395252e-02;3.5250000e+02;9.0874940e-02;3.5250000e+02;1.1236763e-01;3.5250000e+02;1.3305122e-01;3.5250000e+02;1.5503338e-01;3.5250000e+02;1.8200348e-01;3.5250000e+02;2.1040104e-01;3.5250000e+02;2.2602652e-01;3.5250000e+02;2.1498458e-01;3.5250000e+02;1.8171814e-01;3.5250000e+02;1.3461676e-01;3.5250000e+02;8.5766196e-02;3.5250000e+02;4.1603807e-02;3.5250000e+02;-1.1652047e-03;3.5250000e+02;3.9627980e-03;3.5250000e+02;1.5211411e-02;3.5250000e+02;3.1517528e-02;3.5250000e+02;4.9475376e-02;3.5250000e+02;6.9395252e-02;3.5250000e+02;9.0874940e-02;3.5250000e+02;1.1236763e-01;3.5250000e+02;1.3305122e-01;3.5250000e+02;1.5503338e-01;3.5250000e+02;1.8200348e-01;3.5250000e+02;2.1040104e-01;3.5250000e+02;2.2602652e-01;3.5250000e+02;2.1498458e-01;3.5250000e+02;1.8171814e-01;3.5250000e+02;1.3461676e-01;3.5250000e+02;8.5766196e-02;3.5250000e+02;4.1603807e-02;3.5250000e+02;-1.1652047e-03;3.5250000e+02;3.9627980e-03;3.5250000e+02;1.5211411e-02;3.5250000e+02;3.1517528e-02;3.5250000e+02;4.9475376e-02;3.5250000e+02;6.9395252e-02;3.5250000e+02;9.0874940e-02;3.5250000e+02;1.1236763e-01;3.5250000e+02;1.3305122e-01;3.5250000e+02;1.5503338e-01;3.5250000e+02;1.8200348e-01;3.5250000e+02;2.1040104e-01;3.5250000e+02;2.2602652e-01;3.5250000e+02;2.1498458e-01;3.5250000e+02;1.8171814e-01;3.5250000e+02;1.3461676e-01;3.5250000e+02;8.5766196e-02;3.5250000e+02;4.1603807e-02;3.5250000e+02;-1.1652047e-03;3.5250000e+02;3.9627980e-03;3.5250000e+02;1.5211411e-02;3.5250000e+02;3.1517528e-02;3.5250000e+02;4.9475376e-02;3.5250000e+02;6.9395252e-02;3.5250000e+02;9.0874940e-02;3.5250000e+02;1.1236763e-01;3.5250000e+02;1.3305122e-01;3.5250000e+02;1.5503338e-01;3.5250000e+02;1.8200348e-01;3.5250000e+02;2.1040104e-01;3.5250000e+02;2.2602652e-01;3.5250000e+02;2.1498458e-01;3.5250000e+02;1.8171814e-01;3.5250000e+02;1.3461676e-01;3.5250000e+02;8.5766196e-02;3.5250000e+02;4.1603807e-02;3.5250000e+02;-1.1652047e-03;3.5250000e+02;3.9627980e-03;3.5250000e+02;1.5211411e-02;3.5250000e+02;3.1517528e-02;3.5250000e+02;4.9475376e-02;3.5250000e+02;6.9395252e-02;3.5250000e+02;9.0874940e-02;3.5250000e+02;1.1236763e-01;3.5250000e+02;1.3305122e-01;3.5250000e+02;1.5503338e-01;3.5250000e+02;1.8200348e-01;3.5250000e+02;2.1040104e-01;3.5250000e+02;2.2602652e-01;3.5250000e+02;2.1498458e-01;3.5250000e+02;1.8171814e-01;3.5250000e+02;1.3461676e-01;3.5250000e+02;8.5766196e-02;3.5250000e+02;4.1603807e-02;3.5250000e+02;-1.1652047e-03;3.5250000e+02;3.9627980e-03;3.5250000e+02;1.5211411e-02;3.5250000e+02;3.1517528e-02;3.5250000e+02;4.9475376e-02;3.5250000e+02;6.9395252e-02;3.5250000e+02;9.0874940e-02;3.5250000e+02;1.1236763e-01;3.5250000e+02;1.3305122e-01;3.5250000e+02;1.5503338e-01;3.5250000e+02;1.8200348e-01;3.5250000e+02;2.1040104e-01;3.5250000e+02;2.2602652e-01;3.5250000e+02;2.1498458e-01;3.5250000e+02;1.8171814e-01;3.5250000e+02;1.3461676e-01;3.5250000e+02;8.5766196e-02;3.5250000e+02;4.1603807e-02;3.5250000e+02;-1.1652047e-03;3.5250000e+02;3.9627980e-03;3.5250000e+02;1.5211411e-02;3.5250000e+02;3.1517528e-02;3.5250000e+02;4.9475376e-02;3.5250000e+02;6.9395252e-02;3.5250000e+02;9.0874940e-02;3.5250000e+02;1.1236763e-01;3.5250000e+02;1.3305122e-01;3.5250000e+02;1.5503338e-01;3.5250000e+02;1.8200348e-01;3.5250000e+02;2.1040104e-01;3.5250000e+02;2.2602652e-01;3.5250000e+02;2.1498458e-01;3.5250000e+02;1.8171814e-01;3.5250000e+02;1.3461676e-01;3.5250000e+02;8.5766196e-02;3.5250000e+02;4.1603807e-02;3.5250000e+02;-1.1652047e-03;3.5250000e+02;3.9627980e-03;3.5250000e+02;1.5211411e-02;3.5250000e+02;3.1517528e-02;3.5250000e+02;4.9475376e-02;3.5250000e+02;6.9395252e-02;3.5250000e+02;9.0874940e-02;3.5250000e+02;1.1236763e-01;3.5250000e+02;1.3305122e-01;3.5250000e+02;1.5503338e-01;3.5250000e+02;1.8200348e-01;3.5250000e+02;2.1040104e-01;3.5250000e+02;2.2602652e-01;3.5250000e+02;2.1498458e-01;3.5250000e+02;1.8171814e-01;3.5250000e+02;1.3461676e-01;3.5250000e+02;8.5766196e-02;3.5250000e+02;4.1603807e-02;3.5250000e+02;-1.1652047e-03;3.5250000e+02;3.9627980e-03;3.5250000e+02;1.5211411e-02;3.5250000e+02;3.1517528e-02;3.5250000e+02;4.9475376e-02;3.5250000e+02;6.9395252e-02;3.5250000e+02;9.0874940e-02;3.5250000e+02;1.1236763e-01;3.5250000e+02;1.3305122e-01;3.5250000e+02;1.5503338e-01;3.5250000e+02;1.8200348e-01;3.5250000e+02;2.1040104e-01;3.5250000e+02;2.2602652e-01;3.5250000e+02;2.1498458e-01;3.5250000e+02;1.8171814e-01;3.5250000e+02;1.3461676e-01;3.5250000e+02;8.5766196e-02;3.5250000e+02;4.1603807e-02;3.5250000e+02;-1.1652047e-03;3.5250000e+02;3.9627980e-03;3.5250000e+02;1.5211411e-02;3.5250000e+02;3.1517528e-02;3.5250000e+02;4.9475376e-02;3.5250000e+02;6.9395252e-02;3.5250000e+02;9.0874940e-02;3.5250000e+02;1.1236763e-01;3.5250000e+02;1.3305122e-01;3.5250000e+02;1.5503338e-01;3.5250000e+02;1.8200348e-01;3.5250000e+02;2.1040104e-01;3.5250000e+02;2.2602652e-01;3.5250000e+02;2.1498458e-01;3.5250000e+02;1.8171814e-01;3.5250000e+02;1.3461676e-01;3.5250000e+02;8.5766196e-02;3.5250000e+02;4.1603807e-02;3.5250000e+02;-1.1652047e-03;3.5250000e+02;3.9627980e-03;3.5250000e+02;1.5211411e-02;3.5250000e+02;3.1517528e-02;3.5250000e+02;4.9475376e-02;3.5250000e+02;6.9395252e-02;3.5250000e+02;9.0874940e-02;3.5250000e+02;1.1236763e-01;3.5250000e+02;1.3305122e-01;3.5250000e+02;1.5503338e-01;3.5250000e+02;1.8200348e-01;3.5250000e+02;2.1040104e-01;3.5250000e+02;2.2602652e-01;3.5250000e+02;2.1498458e-01;3.5250000e+02;1.8171814e-01;3.5250000e+02;1.3461676e-01;3.5250000e+02;8.5766196e-02;3.5250000e+02;4.1603807e-02;3.5250000e+02;-1.1652047e-03;3.5250000e+02;3.9627980e-03;3.5250000e+02;1.5211411e-02;3.5250000e+02;3.1517528e-02;3.5250000e+02;4.9475376e-02;3.5250000e+02;6.9395252e-02;3.5250000e+02;9.0874940e-02;3.5250000e+02;1.1236763e-01;3.5250000e+02;1.3305122e-01;3.5250000e+02;1.5503338e-01;3.5250000e+02;1.8200348e-01;3.5250000e+02;2.1040104e-01;3.5250000e+02;2.2602652e-01;3.5250000e+02;2.1498458e-01;3.5250000e+02;1.8171814e-01;3.5250000e+02;1.3461676e-01;3.5250000e+02;8.5766196e-02;3.5250000e+02;4.1603807e-02;3.5250000e+02;-1.1652047e-03;3.5250000e+02;3.9627980e-03;3.5250000e+02;1.5211411e-02;3.5250000e+02;3.1517528e-02;3.5250000e+02;4.9475376e-02;3.5250000e+02;6.9395252e-02;3.5250000e+02;9.0874940e-02;3.5250000e+02;1.1236763e-01;3.5250000e+02;1.3305122e-01;3.5250000e+02;1.5503338e-01;3.5250000e+02;1.8200348e-01;3.5250000e+02;2.1040104e-01;3.5250000e+02;2.2602652e-01;3.5250000e+02;2.1498458e-01;3.5250000e+02;1.8171814e-01;3.5250000e+02;1.3461676e-01;3.5250000e+02;8.5766196e-02;3.5250000e+02;4.1603807e-02;3.5250000e+02;-1.1652047e-03;3.5250000e+02;3.9627980e-03;3.5250000e+02;1.5211411e-02;3.5250000e+02;3.1517528e-02;3.5250000e+02;4.9475376e-02;3.5250000e+02;6.9395252e-02;3.5250000e+02;9.0874940e-02;3.5250000e+02;1.1236763e-01;3.5250000e+02;1.3305122e-01;3.5250000e+02;1.5503338e-01;3.5250000e+02;1.8200348e-01;3.5250000e+02;2.1040104e-01;3.5250000e+02;2.2602652e-01;3.5250000e+02;2.1498458e-01;3.5250000e+02;1.8171814e-01;3.5250000e+02;1.3461676e-01;3.5250000e+02;8.5766196e-02;3.5250000e+02;4.1603807e-02;3.5250000e+02;-1.1652047e-03;3.5250000e+02;3.9627980e-03;3.5250000e+02;1.5211411e-02;3.5250000e+02;3.1517528e-02;3.5250000e+02;4.9475376e-02;3.5250000e+02;6.9395252e-02;3.5250000e+02;9.0874940e-02;3.5250000e+02;1.1236763e-01;3.5250000e+02;1.3305122e-01;3.5250000e+02;1.5503338e-01;3.5250000e+02;1.8200348e-01;3.5250000e+02;2.1040104e-01;3.5250000e+02;2.2602652e-01;3.5250000e+02;2.1498458e-01;3.5250000e+02;1.8171814e-01;3.5250000e+02;1.3461676e-01;3.5250000e+02;8.5766196e-02;3.5250000e+02;4.1603807e-02;3.5250000e+02;-1.1652047e-03;3.5250000e+02;3.9627980e-03;3.5250000e+02;1.5211411e-02;3.5250000e+02;3.1517528e-02;3.5250000e+02;4.9475376e-02;3.5250000e+02;6.9395252e-02;3.5250000e+02;9.0874940e-02;3.5250000e+02;1.1236763e-01;3.5250000e+02;1.3305122e-01;3.5250000e+02;1.5503338e-01;3.5250000e+02;1.8200348e-01;3.5250000e+02;2.1040104e-01;3.5250000e+02;2.2602652e-01;3.5250000e+02;2.1498458e-01;3.5250000e+02;1.8171814e-01;3.5250000e+02;1.3461676e-01;3.5250000e+02;8.5766196e-02;3.5250000e+02;4.1603807e-02;3.5250000e+02;-1.1652047e-03;3.5250000e+02;3.9627980e-03;3.5250000e+02;1.5211411e-02;3.5250000e+02;3.1517528e-02;3.5250000e+02;4.9475376e-02;3.5250000e+02;6.9395252e-02;3.5250000e+02;9.0874940e-02;3.5250000e+02;1.1236763e-01;3.5250000e+02;1.3305122e-01;3.5250000e+02;1.5503338e-01;3.5250000e+02;1.8200348e-01;3.5250000e+02;2.1040104e-01;3.5250000e+02;2.2602652e-01;3.5250000e+02;2.1498458e-01;3.5250000e+02;1.8171814e-01;3.5250000e+02;1.3461676e-01;3.5250000e+02;8.5766196e-02;3.5250000e+02;4.1603807e-02;3.5250000e+02;-1.1652047e-03;3.5250000e+02;3.9627980e-03;3.5250000e+02;1.5211411e-02;3.5250000e+02;3.1517528e-02;3.5250000e+02;4.9475376e-02;3.5250000e+02;6.9395252e-02;3.5250000e+02;9.0874940e-02;3.5250000e+02;1.1236763e-01;3.5250000e+02;1.3305122e-01;3.5250000e+02;1.5503338e-01;3.5250000e+02;1.8200348e-01;3.5250000e+02;2.1040104e-01;3.5250000e+02;2.2602652e-01;3.5250000e+02;2.1498458e-01;3.5250000e+02;1.8171814e-01;3.5250000e+02;1.3461676e-01;3.5250000e+02;8.5766196e-02;3.5250000e+02;4.1603807e-02;3.5250000e+02;-1.1652047e-03;3.5250000e+02;3.9627980e-03;3.5250000e+02;1.5211411e-02;3.5250000e+02;3.1517528e-02;3.5250000e+02;4.9475376e-02;3.5250000e+02;6.9395252e-02;3.5250000e+02;9.0874940e-02;3.5250000e+02;1.1236763e-01;3.5250000e+02;1.3305122e-01;3.5250000e+02;1.5503338e-01;3.5250000e+02;1.8200348e-01;3.5250000e+02;2.1040104e-01;3.5250000e+02;2.2602652e-01;3.5250000e+02;2.1498458e-01;3.5250000e+02;1.8171814e-01;3.5250000e+02;1.3461676e-01;3.5250000e+02;8.5766196e-02;3.5250000e+02;4.1603807e-02;3.5250000e+02;-1.1652047e-03;3.5250000e+02;3.9627980e-03;3.5250000e+02;1.5211411e-02;3.5250000e+02;3.1517528e-02;3.5250000e+02;4.9475376e-02;3.5250000e+02;6.9395252e-02;3.5250000e+02;9.0874940e-02;3.5250000e+02;1.1236763e-01;3.5250000e+02;1.3305122e-01;3.5250000e+02;1.5503338e-01;3.5250000e+02;1.8200348e-01;3.5250000e+02;2.1040104e-01;3.5250000e+02;2.2602652e-01;3.5250000e+02;2.1498458e-01;3.5250000e+02;1.8171814e-01;3.5250000e+02;1.3461676e-01;3.5250000e+02;8.5766196e-02;3.5250000e+02;4.1603807e-02;3.5250000e+02;-1.1652047e-03;3.5250000e+02;3.9627980e-03;3.5250000e+02;1.5211411e-02;3.5250000e+02;3.1517528e-02;3.5250000e+02;4.9475376e-02;3.5250000e+02;6.9395252e-02;3.5250000e+02;9.0874940e-02;3.5250000e+02;1.1236763e-01;3.5250000e+02;1.3305122e-01;3.5250000e+02;1.5503338e-01;3.5250000e+02;1.8200348e-01;3.5250000e+02;2.1040104e-01;3.5250000e+02;2.2602652e-01;3.5250000e+02;2.1498458e-01;3.5250000e+02;1.8171814e-01;3.5250000e+02;1.3461676e-01;3.5250000e+02;8.5766196e-02;3.5250000e+02;4.1603807e-02;3.5250000e+02;-1.1652047e-03;3.5250000e+02;3.9627980e-03;3.5250000e+02;1.5211411e-02;3.5250000e+02;3.1517528e-02;3.5250000e+02;4.9475376e-02;3.5250000e+02;6.9395252e-02;3.5250000e+02;9.0874940e-02;3.5250000e+02;1.1236763e-01;3.5250000e+02;1.3305122e-01;3.5250000e+02;1.5503338e-01;3.5250000e+02;1.8200348e-01;3.5250000e+02;2.1040104e-01;3.5250000e+02;2.2602652e-01;3.5250000e+02;2.1498458e-01;3.5250000e+02;1.8171814e-01;3.5250000e+02;1.3461676e-01;3.5250000e+02;8.5766196e-02;3.5250000e+02;4.1603807e-02;3.5250000e+02;-1.1652047e-03;3.5250000e+02;3.9627980e-03;3.5250000e+02;1.5211411e-02;3.5250000e+02;3.1517528e-02;3.5250000e+02;4.9475376e-02;3.5250000e+02;6.9395252e-02;3.5250000e+02;9.0874940e-02;3.5250000e+02;1.1236763e-01;3.5250000e+02;1.3305122e-01;3.5250000e+02;1.5503338e-01;3.5250000e+02;1.8200348e-01;3.5250000e+02;2.1040104e-01;3.5250000e+02;2.2602652e-01;3.5250000e+02;2.1498458e-01;3.5250000e+02;1.8171814e-01;3.5250000e+02;1.3461676e-01;3.5250000e+02;8.5766196e-02;3.5250000e+02;4.1603807e-02;3.5250000e+02;-1.1652047e-03;3.5250000e+02;3.9627980e-03;3.5250000e+02;1.5211411e-02;3.5250000e+02;3.1517528e-02;3.5250000e+02;4.9475376e-02;3.5250000e+02;6.9395252e-02;3.5250000e+02;9.0874940e-02;3.5250000e+02;1.1236763e-01;3.5250000e+02;1.3305122e-01;3.5250000e+02;1.5503338e-01;3.5250000e+02;1.8200348e-01;3.5250000e+02;2.1040104e-01;3.5250000e+02;2.2602652e-01;3.5250000e+02;2.1498458e-01;3.5250000e+02;1.8171814e-01;3.5250000e+02;1.3461676e-01;3.5250000e+02;8.5766196e-02;3.5250000e+02;4.1603807e-02;3.5250000e+02;-1.1652047e-03;3.5250000e+02;3.9627980e-03;3.5250000e+02;1.5211411e-02;3.5250000e+02;3.1517528e-02;3.5250000e+02;4.9475376e-02;3.5250000e+02;6.9395252e-02;3.5250000e+02;9.0874940e-02;3.5250000e+02;1.1236763e-01;3.5250000e+02;1.3305122e-01;3.5250000e+02;1.5503338e-01;3.5250000e+02;1.8200348e-01;3.5250000e+02;2.1040104e-01;3.5250000e+02;2.2602652e-01;3.5250000e+02;2.1498458e-01;3.5250000e+02;1.8171814e-01;3.5250000e+02;1.3461676e-01;3.5250000e+02;8.5766196e-02;3.5250000e+02;4.1603807e-02;3.5250000e+02;-1.1652047e-03;3.5250000e+02;3.9627980e-03;3.5250000e+02;1.5211411e-02;3.5250000e+02;3.1517528e-02;3.5250000e+02;4.9475376e-02;3.5250000e+02;6.9395252e-02;3.5250000e+02;9.0874940e-02;3.5250000e+02;1.1236763e-01;3.5250000e+02;1.3305122e-01;3.5250000e+02;1.5503338e-01;3.5250000e+02;1.8200348e-01;3.5250000e+02;2.1040104e-01;3.5250000e+02;2.2602652e-01;3.5250000e+02;2.1498458e-01;3.5250000e+02;1.8171814e-01;3.5250000e+02;1.3461676e-01;3.5250000e+02;8.5766196e-02;3.5250000e+02;4.1603807e-02;3.5250000e+02;-1.1652047e-03;3.5250000e+02;3.9627980e-03;3.5250000e+02;1.5211411e-02;3.5250000e+02;3.1517528e-02;3.5250000e+02;4.9475376e-02;3.5250000e+02;6.9395252e-02;3.5250000e+02;9.0874940e-02;3.5250000e+02;1.1236763e-01;3.5250000e+02;1.3305122e-01;3.5250000e+02;1.5503338e-01;3.5250000e+02;1.8200348e-01;3.5250000e+02;2.1040104e-01;3.5250000e+02;2.2602652e-01;3.5250000e+02;2.1498458e-01;3.5250000e+02;1.8171814e-01;3.5250000e+02;1.3461676e-01;3.5250000e+02;8.5766196e-02;3.5250000e+02;4.1603807e-02;3.5250000e+02;-1.1652047e-03;3.5250000e+02;3.9627980e-03;3.5250000e+02;1.5211411e-02;3.5250000e+02;3.1517528e-02;3.5250000e+02;4.9475376e-02;3.5250000e+02;6.9395252e-02;3.5250000e+02;9.0874940e-02;3.5250000e+02;1.1236763e-01;3.5250000e+02;1.3305122e-01;3.5250000e+02;1.5503338e-01;3.5250000e+02;1.8200348e-01;3.5250000e+02;2.1040104e-01;3.5250000e+02;2.2602652e-01;3.5250000e+02;2.1498458e-01;3.5250000e+02;1.8171814e-01;3.5250000e+02;1.3461676e-01;3.5250000e+02;8.5766196e-02;3.5250000e+02;4.1603807e-02;3.5250000e+02;-1.1652047e-03;3.5250000e+02;3.9627980e-03;3.5250000e+02;1.5211411e-02;3.5250000e+02;3.1517528e-02;3.5250000e+02;4.9475376e-02;3.5250000e+02;6.9395252e-02;3.5250000e+02;9.0874940e-02;3.5250000e+02;1.1236763e-01;3.5250000e+02;1.3305122e-01;3.5250000e+02;1.5503338e-01;3.5250000e+02;1.8200348e-01;3.5250000e+02;2.1040104e-01;3.5250000e+02;2.2602652e-01;3.5250000e+02;2.1498458e-01;3.5250000e+02;1.8171814e-01;3.5250000e+02;1.3461676e-01;3.5250000e+02;8.5766196e-02;3.5250000e+02;4.1603807e-02;3.5250000e+02;-1.1652047e-03;3.5250000e+02;3.9627980e-03;3.5250000e+02;1.5211411e-02;3.5250000e+02;3.1517528e-02;3.5250000e+02;4.9475376e-02;3.5250000e+02;6.9395252e-02;3.5250000e+02;9.0874940e-02;3.5250000e+02;1.1236763e-01;3.5250000e+02;1.3305122e-01;3.5250000e+02;1.5503338e-01;3.5250000e+02;1.8200348e-01;3.5250000e+02;2.1040104e-01;3.5250000e+02;2.2602652e-01;3.5250000e+02;2.1498458e-01;3.5250000e+02;1.8171814e-01;3.5250000e+02;1.3461676e-01;3.5250000e+02;8.5766196e-02;3.5250000e+02;4.1603807e-02;3.5250000e+02;-1.1652047e-03;3.5250000e+02;3.9627980e-03;3.5250000e+02;1.5211411e-02;3.5250000e+02;3.1517528e-02;3.5250000e+02;4.9475376e-02;3.5250000e+02;6.9395252e-02;3.5250000e+02;9.0874940e-02;3.5250000e+02;1.1236763e-01;3.5250000e+02;1.3305122e-01;3.5250000e+02;1.5503338e-01;3.5250000e+02;1.8200348e-01;3.5250000e+02;2.1040104e-01;3.5250000e+02;2.2602652e-01;3.5250000e+02;2.1498458e-01;3.5250000e+02;1.8171814e-01;3.5250000e+02;1.3461676e-01;3.5250000e+02;8.5766196e-02;3.5250000e+02;4.1603807e-02;3.5250000e+02;-1.1652047e-03;3.5250000e+02;3.9627980e-03;3.5250000e+02;1.5211411e-02;3.5250000e+02;3.1517528e-02;3.5250000e+02;4.9475376e-02;3.5250000e+02;6.9395252e-02;3.5250000e+02;9.0874940e-02;3.5250000e+02;1.1236763e-01;3.5250000e+02;1.3305122e-01;3.5250000e+02;1.5503338e-01;3.5250000e+02;1.8200348e-01;3.5250000e+02;2.1040104e-01;3.5250000e+02;2.2602652e-01;3.5250000e+02;2.1498458e-01;3.5250000e+02;1.8171814e-01;3.5250000e+02;1.3461676e-01;3.5250000e+02;8.5766196e-02;3.5250000e+02;4.1603807e-02;3.5250000e+02;-1.1652047e-03;3.5250000e+02;3.9627980e-03;3.5250000e+02;1.5211411e-02;3.5250000e+02;3.1517528e-02;3.5250000e+02;4.9475376e-02;3.5250000e+02;6.9395252e-02;3.5250000e+02;9.0874940e-02;3.5250000e+02;1.1236763e-01;3.5250000e+02;1.3305122e-01;3.5250000e+02;1.5503338e-01;3.5250000e+02;1.8200348e-01;3.5250000e+02;2.1040104e-01;3.5250000e+02;2.2602652e-01;3.5250000e+02;2.1498458e-01;3.5250000e+02;1.8171814e-01;3.5250000e+02;1.3461676e-01;3.5250000e+02;8.5766196e-02;3.5250000e+02;4.1603807e-02;3.5250000e+02;-1.1652047e-03;3.5250000e+02;3.9627980e-03;3.5250000e+02;1.5211411e-02;3.5250000e+02;3.1517528e-02;3.5250000e+02;4.9475376e-02;3.5250000e+02;6.9395252e-02;3.5250000e+02;9.0874940e-02;3.5250000e+02;1.1236763e-01;3.5250000e+02;1.3305122e-01;3.5250000e+02;1.5503338e-01;3.5250000e+02;1.8200348e-01;3.5250000e+02;2.1040104e-01;3.5250000e+02;2.2602652e-01;3.5250000e+02;2.1498458e-01;3.5250000e+02;1.8171814e-01;3.5250000e+02;1.3461676e-01;3.5250000e+02;8.5766196e-02;3.5250000e+02;4.1603807e-02;3.5250000e+02;-1.1652047e-03;3.5250000e+02;3.9627980e-03;3.5250000e+02;1.5211411e-02;3.5250000e+02;3.1517528e-02;3.5250000e+02;4.9475376e-02;3.5250000e+02;6.9395252e-02;3.5250000e+02;9.0874940e-02;3.5250000e+02;1.1236763e-01;3.5250000e+02;1.3305122e-01;3.5250000e+02;1.5503338e-01;3.5250000e+02;1.8200348e-01;3.5250000e+02;2.1040104e-01;3.5250000e+02;2.2602652e-01;3.5250000e+02;2.1498458e-01;3.5250000e+02;1.8171814e-01;3.5250000e+02;1.3461676e-01;3.5250000e+02;8.5766196e-02;3.5250000e+02;4.1603807e-02;3.5250000e+02;-1.1652047e-03;3.5250000e+02;3.9627980e-03;3.5250000e+02;1.5211411e-02;3.5250000e+02;3.1517528e-02;3.5250000e+02;4.9475376e-02;3.5250000e+02;6.9395252e-02;3.5250000e+02;9.0874940e-02;3.5250000e+02;1.1236763e-01;3.5250000e+02;1.3305122e-01;3.5250000e+02;1.5503338e-01;3.5250000e+02;1.8200348e-01;3.5250000e+02;2.1040104e-01;3.5250000e+02;2.2602652e-01;3.5250000e+02;2.1498458e-01;3.5250000e+02;1.8171814e-01;3.5250000e+02;1.3461676e-01;3.5250000e+02;8.5766196e-02;3.5250000e+02;4.1603807e-02;3.5250000e+02;-1.1652047e-03;3.5250000e+02;3.9627980e-03;3.5250000e+02;1.5211411e-02;3.5250000e+02;3.1517528e-02;3.5250000e+02;4.9475376e-02;3.5250000e+02;6.9395252e-02;3.5250000e+02;9.0874940e-02;3.5250000e+02;1.1236763e-01;3.5250000e+02;1.3305122e-01;3.5250000e+02;1.5503338e-01;3.5250000e+02;1.8200348e-01;3.5250000e+02;2.1040104e-01;3.5250000e+02;2.2602652e-01;3.5250000e+02;2.1498458e-01;3.5250000e+02;1.8171814e-01;3.5250000e+02;1.3461676e-01;3.5250000e+02;8.5766196e-02;3.5250000e+02;4.1603807e-02;3.5250000e+02;-1.1652047e-03;3.5250000e+02;3.9627980e-03;3.5250000e+02;1.5211411e-02;3.5250000e+02;3.1517528e-02;3.5250000e+02;4.9475376e-02;3.5250000e+02;6.9395252e-02;3.5250000e+02;9.0874940e-02;3.5250000e+02;1.1236763e-01;3.5250000e+02;1.3305122e-01;3.5250000e+02;1.5503338e-01;3.5250000e+02;1.8200348e-01;3.5250000e+02;2.1040104e-01;3.5250000e+02;2.2602652e-01;3.5250000e+02;2.1498458e-01;3.5250000e+02;1.8171814e-01;3.5250000e+02;1.3461676e-01;3.5250000e+02;8.5766196e-02;3.5250000e+02;4.1603807e-02;3.5250000e+02;-1.1652047e-03;3.5250000e+02;3.9627980e-03;3.5250000e+02;1.5211411e-02;3.5250000e+02;3.1517528e-02;3.5250000e+02;4.9475376e-02;3.5250000e+02;6.9395252e-02;3.5250000e+02;9.0874940e-02;3.5250000e+02;1.1236763e-01;3.5250000e+02;1.3305122e-01;3.5250000e+02;1.5503338e-01;3.5250000e+02;1.8200348e-01;3.5250000e+02;2.1040104e-01;3.5250000e+02;2.2602652e-01;3.5250000e+02;2.1498458e-01;3.5250000e+02;1.8171814e-01;3.5250000e+02;1.3461676e-01;3.5250000e+02;8.5766196e-02;3.5250000e+02;4.1603807e-02;3.5250000e+02;-1.1652047e-03;3.5250000e+02;3.9627980e-03;3.5250000e+02;1.5211411e-02;3.5250000e+02;3.1517528e-02;3.5250000e+02;4.9475376e-02;3.5250000e+02;6.9395252e-02;3.5250000e+02;9.0874940e-02;3.5250000e+02;1.1236763e-01;3.5250000e+02;1.3305122e-01;3.5250000e+02;1.5503338e-01;3.5250000e+02;1.8200348e-01;3.5250000e+02;2.1040104e-01;3.5250000e+02;2.2602652e-01;3.5250000e+02;2.1498458e-01;3.5250000e+02;1.8171814e-01;3.5250000e+02;1.3461676e-01;3.5250000e+02;8.5766196e-02;3.5250000e+02;4.1603807e-02;3.5250000e+02;-1.1652047e-03;3.5250000e+02;3.9627980e-03;3.5250000e+02;1.5211411e-02;3.5250000e+02;3.1517528e-02;3.5250000e+02;4.9475376e-02;3.5250000e+02;6.9395252e-02;3.5250000e+02;9.0874940e-02;3.5250000e+02;1.1236763e-01;3.5250000e+02;1.3305122e-01;3.5250000e+02;1.5503338e-01;3.5250000e+02;1.8200348e-01;3.5250000e+02;2.1040104e-01;3.5250000e+02;2.2602652e-01;3.5250000e+02;2.1498458e-01;3.5250000e+02;1.8171814e-01;3.5250000e+02;1.3461676e-01;3.5250000e+02;8.5766196e-02;3.5250000e+02;4.1603807e-02;3.5250000e+02;-1.1652047e-03;3.5250000e+02;3.9627980e-03;3.5250000e+02;1.5211411e-02;3.5250000e+02;3.1517528e-02;3.5250000e+02;4.9475376e-02;3.5250000e+02;6.9395252e-02;3.5250000e+02;9.0874940e-02;3.5250000e+02;1.1236763e-01;3.5250000e+02;1.3305122e-01;3.5250000e+02;1.5503338e-01;3.5250000e+02;1.8200348e-01;3.5250000e+02;2.1040104e-01;3.5250000e+02;2.2602652e-01;3.5250000e+02;2.1498458e-01;3.5250000e+02;1.8171814e-01;3.5250000e+02;1.3461676e-01;3.5250000e+02;8.5766196e-02;3.5250000e+02;4.1603807e-02;3.5250000e+02;-1.1652047e-03;3.5250000e+02;3.9627980e-03;3.5250000e+02;1.5211411e-02;3.5250000e+02;3.1517528e-02;3.5250000e+02;4.9475376e-02;3.5250000e+02;6.9395252e-02;3.5250000e+02;9.0874940e-02;3.5250000e+02;1.1236763e-01;3.5250000e+02;1.3305122e-01;3.5250000e+02;1.5503338e-01;3.5250000e+02;1.8200348e-01;3.5250000e+02;2.1040104e-01;3.5250000e+02;2.2602652e-01;3.5250000e+02;2.1498458e-01;3.5250000e+02;1.8171814e-01;3.5250000e+02;1.3461676e-01;3.5250000e+02;8.5766196e-02;3.5250000e+02;4.1603807e-02;3.5250000e+02;-1.1652047e-03;3.5250000e+02;3.9627980e-03;3.5250000e+02;1.5211411e-02;3.5250000e+02;3.1517528e-02;3.5250000e+02;4.9475376e-02;3.5250000e+02;6.9395252e-02;3.5250000e+02;9.0874940e-02;3.5250000e+02;1.1236763e-01;3.5250000e+02;1.3305122e-01;3.5250000e+02;1.5503338e-01;3.5250000e+02;1.8200348e-01;3.5250000e+02;2.1040104e-01;3.5250000e+02;2.2602652e-01;3.5250000e+02;2.1498458e-01;3.5250000e+02;1.8171814e-01;3.5250000e+02;1.3461676e-01;3.5250000e+02;8.5766196e-02;3.5250000e+02;4.1603807e-02;3.5250000e+02;-1.1652047e-03;3.5250000e+02;3.9627980e-03;3.5250000e+02;1.5211411e-02;3.5250000e+02;3.1517528e-02;3.5250000e+02;4.9475376e-02;3.5250000e+02;6.9395252e-02;3.5250000e+02;9.0874940e-02;3.5250000e+02;1.1236763e-01;3.5250000e+02;1.3305122e-01;3.5250000e+02;1.5503338e-01;3.5250000e+02;1.8200348e-01;3.5250000e+02;2.1040104e-01;3.5250000e+02;2.2602652e-01;3.5250000e+02;2.1498458e-01;3.5250000e+02;1.8171814e-01;3.5250000e+02;1.3461676e-01;3.5250000e+02;8.5766196e-02;3.5250000e+02;4.1603807e-02;3.5250000e+02;-1.1652047e-03;3.5250000e+02;3.9627980e-03;3.5250000e+02;1.5211411e-02;3.5250000e+02;3.1517528e-02;3.5250000e+02;4.9475376e-02;3.5250000e+02;6.9395252e-02;3.5250000e+02;9.0874940e-02;3.5250000e+02;1.1236763e-01;3.5250000e+02;1.3305122e-01;3.5250000e+02;1.5503338e-01;3.5250000e+02;1.8200348e-01;3.5250000e+02;2.1040104e-01;3.5250000e+02;2.2602652e-01;3.5250000e+02;2.1498458e-01;3.5250000e+02;1.8171814e-01;3.5250000e+02;1.3461676e-01;3.5250000e+02;8.5766196e-02;3.5250000e+02;4.1603807e-02;3.5250000e+02;-1.1652047e-03;3.5250000e+02;3.9627980e-03;3.5250000e+02;1.5211411e-02;3.5250000e+02;3.1517528e-02;3.5250000e+02;4.9475376e-02;3.5250000e+02;6.9395252e-02;3.5250000e+02;9.0874940e-02;3.5250000e+02;1.1236763e-01;3.5250000e+02;1.3305122e-01;3.5250000e+02;1.5503338e-01;3.5250000e+02;1.8200348e-01;3.5250000e+02;2.1040104e-01;3.5250000e+02;2.2602652e-01;3.5250000e+02;2.1498458e-01;3.5250000e+02;1.8171814e-01;3.5250000e+02;1.3461676e-01;3.5250000e+02;8.5766196e-02;3.5250000e+02;4.1603807e-02;3.5250000e+02;-1.1652047e-03;3.5250000e+02;3.9627980e-03;3.5250000e+02;1.5211411e-02;3.5250000e+02;3.1517528e-02;3.5250000e+02;4.9475376e-02;3.5250000e+02;6.9395252e-02;3.5250000e+02;9.0874940e-02;3.5250000e+02;1.1236763e-01;3.5250000e+02;1.3305122e-01;3.5250000e+02;1.5503338e-01;3.5250000e+02;1.8200348e-01;3.5250000e+02;2.1040104e-01;3.5250000e+02;2.2602652e-01;3.5250000e+02;2.1498458e-01;3.5250000e+02;1.8171814e-01;3.5250000e+02;1.3461676e-01;3.5250000e+02;8.5766196e-02;3.5250000e+02;4.1603807e-02;3.5250000e+02;-1.1652047e-03;3.5250000e+02;3.9627980e-03;3.5250000e+02;1.5211411e-02;3.5250000e+02;3.1517528e-02;3.5250000e+02;4.9475376e-02;3.5250000e+02;6.9395252e-02;3.5250000e+02;9.0874940e-02;3.5250000e+02;1.1236763e-01;3.5250000e+02;1.3305122e-01;3.5250000e+02;1.5503338e-01;3.5250000e+02;1.8200348e-01;3.5250000e+02;2.1040104e-01;3.5250000e+02;2.2602652e-01;3.5250000e+02;2.1498458e-01;3.5250000e+02;1.8171814e-01;3.5250000e+02;1.3461676e-01;3.5250000e+02;8.5766196e-02;3.5250000e+02;4.1603807e-02;3.5250000e+02;-1.1652047e-03;3.5250000e+02;3.9627980e-03;3.5250000e+02;1.5211411e-02;3.5250000e+02;3.1517528e-02;3.5250000e+02;4.9475376e-02;3.5250000e+02;6.9395252e-02;3.5250000e+02;9.0874940e-02;3.5250000e+02;1.1236763e-01;3.5250000e+02;1.3305122e-01;3.5250000e+02;1.5503338e-01;3.5250000e+02;1.8200348e-01;3.5250000e+02;2.1040104e-01;3.5250000e+02;2.2602652e-01;3.5250000e+02;2.1498458e-01;3.5250000e+02;1.8171814e-01;3.5250000e+02;1.3461676e-01;3.5250000e+02;8.5766196e-02;3.5250000e+02;4.1603807e-02;3.5250000e+02;-1.1652047e-03;3.5250000e+02;3.9627980e-03;3.5250000e+02;1.5211411e-02;3.5250000e+02;3.1517528e-02;3.5250000e+02;4.9475376e-02;3.5250000e+02;6.9395252e-02;3.5250000e+02;9.0874940e-02;3.5250000e+02;1.1236763e-01;3.5250000e+02;1.3305122e-01;3.5250000e+02;1.5503338e-01;3.5250000e+02;1.8200348e-01;3.5250000e+02;2.1040104e-01;3.5250000e+02;2.2602652e-01;3.5250000e+02;2.1498458e-01;3.5250000e+02;1.8171814e-01;3.5250000e+02;1.3461676e-01;3.5250000e+02;8.5766196e-02;3.5250000e+02;4.1603807e-02;3.5250000e+02;-1.1652047e-03;3.5250000e+02;3.9627980e-03;3.5250000e+02;1.5211411e-02;3.5250000e+02;3.1517528e-02;3.5250000e+02;4.9475376e-02;3.5250000e+02;6.9395252e-02;3.5250000e+02;9.0874940e-02;3.5250000e+02;1.1236763e-01;3.5250000e+02;1.3305122e-01;3.5250000e+02;1.5503338e-01;3.5250000e+02;1.8200348e-01;3.5250000e+02;2.1040104e-01;3.5250000e+02;2.2602652e-01;3.5250000e+02;2.1498458e-01;3.5250000e+02;1.8171814e-01;3.5250000e+02;1.3461676e-01;3.5250000e+02;8.5766196e-02;3.5250000e+02;4.1603807e-02;3.5250000e+02;-1.1652047e-03;3.5250000e+02;3.9627980e-03;3.5250000e+02;1.5211411e-02;3.5250000e+02;3.1517528e-02;3.5250000e+02;4.9475376e-02;3.5250000e+02;6.9395252e-02;3.5250000e+02;9.0874940e-02;3.5250000e+02;1.1236763e-01;3.5250000e+02;1.3305122e-01;3.5250000e+02;1.5503338e-01;3.5250000e+02;1.8200348e-01;3.5250000e+02;2.1040104e-01;3.5250000e+02;2.2602652e-01;3.5250000e+02;2.1498458e-01;3.5250000e+02;1.8171814e-01;3.5250000e+02;1.3461676e-01;3.5250000e+02;8.5766196e-02;3.5250000e+02;4.1603807e-02;3.5250000e+02;-1.1652047e-03;3.5250000e+02;3.9627980e-03;3.5250000e+02;1.5211411e-02;3.5250000e+02;3.1517528e-02;3.5250000e+02;4.9475376e-02;3.5250000e+02;6.9395252e-02;3.5250000e+02;9.0874940e-02;3.5250000e+02;1.1236763e-01;3.5250000e+02;1.3305122e-01;3.5250000e+02;1.5503338e-01;3.5250000e+02;1.8200348e-01;3.5250000e+02;2.1040104e-01;3.5250000e+02;2.2602652e-01;3.5250000e+02;2.1498458e-01;3.5250000e+02;1.8171814e-01;3.5250000e+02;1.3461676e-01;3.5250000e+02;8.5766196e-02;3.5250000e+02;4.1603807e-02;3.5250000e+02;-1.1652047e-03;3.5250000e+02;3.9627980e-03;3.5250000e+02;1.5211411e-02;3.5250000e+02;3.1517528e-02;3.5250000e+02;4.9475376e-02;3.5250000e+02;6.9395252e-02;3.5250000e+02;9.0874940e-02;3.5250000e+02;1.1236763e-01;3.5250000e+02;1.3305122e-01;3.5250000e+02;1.5503338e-01;3.5250000e+02;1.8200348e-01;3.5250000e+02;2.1040104e-01;3.5250000e+02;2.2602652e-01;3.5250000e+02;2.1498458e-01;3.5250000e+02;1.8171814e-01;3.5250000e+02;1.3461676e-01;3.5250000e+02;8.5766196e-02;3.5250000e+02;4.1603807e-02;3.5250000e+02;-1.1652047e-03;3.5250000e+02;3.9627980e-03;3.5250000e+02;1.5211411e-02;3.5250000e+02;3.1517528e-02;3.5250000e+02;4.9475376e-02;3.5250000e+02;6.9395252e-02;3.5250000e+02;9.0874940e-02;3.5250000e+02;1.1236763e-01;3.5250000e+02;1.3305122e-01;3.5250000e+02;1.5503338e-01;3.5250000e+02;1.8200348e-01;3.5250000e+02;2.1040104e-01;3.5250000e+02;2.2602652e-01;3.5250000e+02;2.1498458e-01;3.5250000e+02;1.8171814e-01;3.5250000e+02;1.3461676e-01;3.5250000e+02;8.5766196e-02;3.5250000e+02;4.1603807e-02;3.5250000e+02;-1.1652047e-03;3.5250000e+02;3.9627980e-03;3.5250000e+02;1.5211411e-02;3.5250000e+02;3.1517528e-02;3.5250000e+02;4.9475376e-02;3.5250000e+02;6.9395252e-02;3.5250000e+02;9.0874940e-02;3.5250000e+02;1.1236763e-01;3.5250000e+02;1.3305122e-01;3.5250000e+02;1.5503338e-01;3.5250000e+02;1.8200348e-01;3.5250000e+02;2.1040104e-01;3.5250000e+02;2.2602652e-01;3.5250000e+02;2.1498458e-01;3.5250000e+02;1.8171814e-01;3.5250000e+02;1.3461676e-01;3.5250000e+02;8.5766196e-02;3.5250000e+02;4.1603807e-02;3.5250000e+02;-1.1652047e-03;3.5250000e+02;3.9627980e-03;3.5250000e+02;1.5211411e-02;3.5250000e+02;3.1517528e-02;3.5250000e+02;4.9475376e-02;3.5250000e+02;6.9395252e-02;3.5250000e+02;9.0874940e-02;3.5250000e+02;1.1236763e-01;3.5250000e+02;1.3305122e-01;3.5250000e+02;1.5503338e-01;3.5250000e+02;1.8200348e-01;3.5250000e+02;2.1040104e-01;3.5250000e+02;2.2602652e-01;3.5250000e+02;2.1498458e-01;3.5250000e+02;1.8171814e-01;3.5250000e+02;1.3461676e-01;3.5250000e+02;8.5766196e-02;3.5250000e+02;4.1603807e-02;3.5250000e+02;-1.1652047e-03;3.5250000e+02;3.9627980e-03;3.5250000e+02;1.5211411e-02;3.5250000e+02;3.1517528e-02;3.5250000e+02;4.9475376e-02;3.5250000e+02;6.9395252e-02;3.5250000e+02;9.0874940e-02;3.5250000e+02;1.1236763e-01;3.5250000e+02;1.3305122e-01;3.5250000e+02;1.5503338e-01;3.5250000e+02;1.8200348e-01;3.5250000e+02;2.1040104e-01;3.5250000e+02;2.2602652e-01;3.5250000e+02;2.1498458e-01;3.5250000e+02;1.8171814e-01;3.5250000e+02;1.3461676e-01;3.5250000e+02;8.5766196e-02;3.5250000e+02;4.1603807e-02;3.5250000e+02;-1.1652047e-03;3.5250000e+02;3.9627980e-03;3.5250000e+02;1.5211411e-02;3.5250000e+02;3.1517528e-02;3.5250000e+02;4.9475376e-02;3.5250000e+02;6.9395252e-02;3.5250000e+02;9.0874940e-02;3.5250000e+02;1.1236763e-01;3.5250000e+02;1.3305122e-01;3.5250000e+02;1.5503338e-01;3.5250000e+02;1.8200348e-01;3.5250000e+02;2.1040104e-01;3.5250000e+02;2.2602652e-01;3.5250000e+02;2.1498458e-01;3.5250000e+02;1.8171814e-01;3.5250000e+02;1.3461676e-01;3.5250000e+02;8.5766196e-02;3.5250000e+02;4.1603807e-02;3.5250000e+02;-1.1652047e-03;3.5250000e+02;3.9627980e-03;3.5250000e+02;1.5211411e-02;3.5250000e+02;3.1517528e-02;3.5250000e+02;4.9475376e-02;3.5250000e+02;6.9395252e-02;3.5250000e+02;9.0874940e-02;3.5250000e+02;1.1236763e-01;3.5250000e+02;1.3305122e-01;3.5250000e+02;1.5503338e-01;3.5250000e+02;1.8200348e-01;3.5250000e+02;2.1040104e-01;3.5250000e+02;2.2602652e-01;3.5250000e+02;2.1498458e-01;3.5250000e+02;1.8171814e-01;3.5250000e+02;1.3461676e-01;3.5250000e+02;8.5766196e-02;3.5250000e+02;4.1603807e-02;3.5250000e+02;-1.1652047e-03;3.5250000e+02;3.9627980e-03;3.5250000e+02;1.5211411e-02;3.5250000e+02;3.1517528e-02;3.5250000e+02;4.9475376e-02;3.5250000e+02;6.9395252e-02;3.5250000e+02;9.0874940e-02;3.5250000e+02;1.1236763e-01;3.5250000e+02;1.3305122e-01;3.5250000e+02;1.5503338e-01;3.5250000e+02;1.8200348e-01;3.5250000e+02;2.1040104e-01;3.5250000e+02;2.2602652e-01;3.5250000e+02;2.1498458e-01;3.5250000e+02;1.8171814e-01;3.5250000e+02;1.3461676e-01;3.5250000e+02;8.5766196e-02;3.5250000e+02;4.1603807e-02;3.5250000e+02;-1.1652047e-03;3.5250000e+02;3.9627980e-03;3.5250000e+02;1.5211411e-02;3.5250000e+02;3.1517528e-02;3.5250000e+02;4.9475376e-02;3.5250000e+02;6.9395252e-02;3.5250000e+02;9.0874940e-02;3.5250000e+02;1.1236763e-01;3.5250000e+02;1.3305122e-01;3.5250000e+02;1.5503338e-01;3.5250000e+02;1.8200348e-01;3.5250000e+02;2.1040104e-01;3.5250000e+02;2.2602652e-01;3.5250000e+02;2.1498458e-01;3.5250000e+02;1.8171814e-01;3.5250000e+02;1.3461676e-01;3.5250000e+02;8.5766196e-02;3.5250000e+02;4.1603807e-02;3.5250000e+02;-1.1652047e-03;3.5250000e+02;3.9627980e-03;3.5250000e+02;1.5211411e-02;3.5250000e+02;3.1517528e-02;3.5250000e+02;4.9475376e-02;3.5250000e+02;6.9395252e-02;3.5250000e+02;9.0874940e-02;3.5250000e+02;1.1236763e-01;3.5250000e+02;1.3305122e-01;3.5250000e+02;1.5503338e-01;3.5250000e+02;1.8200348e-01;3.5250000e+02;2.1040104e-01;3.5250000e+02;2.2602652e-01;3.5250000e+02;2.1498458e-01;3.5250000e+02;1.8171814e-01;3.5250000e+02;1.3461676e-01;3.5250000e+02;8.5766196e-02;3.5250000e+02;4.1603807e-02;3.5250000e+02;-1.1652047e-03;3.5250000e+02;3.9627980e-03;3.5250000e+02;1.5211411e-02;3.5250000e+02;3.1517528e-02;3.5250000e+02;4.9475376e-02;3.5250000e+02;6.9395252e-02;3.5250000e+02;9.0874940e-02;3.5250000e+02;1.1236763e-01;3.5250000e+02;1.3305122e-01;3.5250000e+02;1.5503338e-01;3.5250000e+02;1.8200348e-01;3.5250000e+02;2.1040104e-01;3.5250000e+02;2.2602652e-01;3.5250000e+02;2.1498458e-01;3.5250000e+02;1.8171814e-01;3.5250000e+02;1.3461676e-01;3.5250000e+02;8.5766196e-02;3.5250000e+02;4.1603807e-02;3.5250000e+02;-1.1652047e-03;3.5250000e+02;3.9627980e-03;3.5250000e+02;1.5211411e-02;3.5250000e+02;3.1517528e-02;3.5250000e+02;4.9475376e-02;3.5250000e+02;6.9395252e-02;3.5250000e+02;9.0874940e-02;3.5250000e+02;1.1236763e-01;3.5250000e+02;1.3305122e-01;3.5250000e+02;1.5503338e-01;3.5250000e+02;1.8200348e-01;3.5250000e+02;2.1040104e-01;3.5250000e+02;2.2602652e-01;3.5250000e+02;2.1498458e-01;3.5250000e+02;1.8171814e-01;3.5250000e+02;1.3461676e-01;3.5250000e+02;8.5766196e-02;3.5250000e+02;4.1603807e-02;3.5250000e+02;-1.1652047e-03;3.5250000e+02;3.9627980e-03;3.5250000e+02;1.5211411e-02;3.5250000e+02;3.1517528e-02;3.5250000e+02;4.9475376e-02;3.5250000e+02;6.9395252e-02;3.5250000e+02;9.0874940e-02;3.5250000e+02;1.1236763e-01;3.5250000e+02;1.3305122e-01;3.5250000e+02;1.5503338e-01;3.5250000e+02;1.8200348e-01;3.5250000e+02;2.1040104e-01;3.5250000e+02;2.2602652e-01;3.5250000e+02;2.1498458e-01;3.5250000e+02;1.8171814e-01;3.5250000e+02;1.3461676e-01;3.5250000e+02;8.5766196e-02;3.5250000e+02;4.1603807e-02;3.5250000e+02;-1.1652047e-03;3.5250000e+02;3.9627980e-03;3.5250000e+02;1.5211411e-02;3.5250000e+02;3.1517528e-02;3.5250000e+02;4.9475376e-02;3.5250000e+02;6.9395252e-02;3.5250000e+02;9.0874940e-02;3.5250000e+02;1.1236763e-01;3.5250000e+02;1.3305122e-01;3.5250000e+02;1.5503338e-01;3.5250000e+02;1.8200348e-01;3.5250000e+02;2.1040104e-01;3.5250000e+02;2.2602652e-01;3.5250000e+02;2.1498458e-01;3.5250000e+02;1.8171814e-01;3.5250000e+02;1.3461676e-01;3.5250000e+02;8.5766196e-02;3.5250000e+02;4.1603807e-02;3.5250000e+02;-1.1652047e-03;3.5250000e+02;3.9627980e-03;3.5250000e+02;1.5211411e-02;3.5250000e+02;3.1517528e-02;3.5250000e+02;4.9475376e-02;3.5250000e+02;6.9395252e-02;3.5250000e+02;9.0874940e-02;3.5250000e+02;1.1236763e-01;3.5250000e+02;1.3305122e-01;3.5250000e+02;1.5503338e-01;3.5250000e+02;1.8200348e-01;3.5250000e+02;2.1040104e-01;3.5250000e+02;2.2602652e-01;3.5250000e+02;2.1498458e-01;3.5250000e+02;1.8171814e-01;3.5250000e+02;1.3461676e-01;3.5250000e+02;8.5766196e-02;3.5250000e+02;4.1603807e-02;3.5250000e+02;-1.1652047e-03;3.5250000e+02;3.9627980e-03;3.5250000e+02;1.5211411e-02;3.5250000e+02;3.1517528e-02;3.5250000e+02;4.9475376e-02;3.5250000e+02;6.9395252e-02;3.5250000e+02;9.0874940e-02;3.5250000e+02;1.1236763e-01;3.5250000e+02;1.3305122e-01;3.5250000e+02;1.5503338e-01;3.5250000e+02;1.8200348e-01;3.5250000e+02;2.1040104e-01;3.5250000e+02;2.2602652e-01;3.5250000e+02;2.1498458e-01;3.5250000e+02;1.8171814e-01;3.5250000e+02;1.3461676e-01;3.5250000e+02;8.5766196e-02;3.5250000e+02;4.1603807e-02;3.5250000e+02;-1.1652047e-03;3.5250000e+02;3.9627980e-03;3.5250000e+02;1.5211411e-02;3.5250000e+02;3.1517528e-02;3.5250000e+02;4.9475376e-02;3.5250000e+02;6.9395252e-02;3.5250000e+02;9.0874940e-02;3.5250000e+02;1.1236763e-01;3.5250000e+02;1.3305122e-01;3.5250000e+02;1.5503338e-01;3.5250000e+02;1.8200348e-01;3.5250000e+02;2.1040104e-01;3.5250000e+02;2.2602652e-01;3.5250000e+02;2.1498458e-01;3.5250000e+02;1.8171814e-01;3.5250000e+02;1.3461676e-01;3.5250000e+02;8.5766196e-02;3.5250000e+02;4.1603807e-02;3.5250000e+02;-1.1652047e-03;3.5250000e+02;3.9627980e-03;3.5250000e+02;1.5211411e-02;3.5250000e+02;3.1517528e-02;3.5250000e+02;4.9475376e-02;3.5250000e+02;6.9395252e-02;3.5250000e+02;9.0874940e-02;3.5250000e+02;1.1236763e-01;3.5250000e+02;1.3305122e-01;3.5250000e+02;1.5503338e-01;3.5250000e+02;1.8200348e-01;3.5250000e+02;2.1040104e-01;3.5250000e+02;2.2602652e-01;3.5250000e+02;2.1498458e-01;3.5250000e+02;1.8171814e-01;3.5250000e+02;1.3461676e-01;3.5250000e+02;8.5766196e-02;3.5250000e+02;4.1603807e-02;3.5250000e+02;-1.1652047e-03;3.5250000e+02;3.9627980e-03;3.5250000e+02;1.5211411e-02;3.5250000e+02;3.1517528e-02;3.5250000e+02;4.9475376e-02;3.5250000e+02;6.9395252e-02;3.5250000e+02;9.0874940e-02;3.5250000e+02;1.1236763e-01;3.5250000e+02;1.3305122e-01;3.5250000e+02;1.5503338e-01;3.5250000e+02;1.8200348e-01;3.5250000e+02;2.1040104e-01;3.5250000e+02;2.2602652e-01;3.5250000e+02;2.1498458e-01;3.5250000e+02;1.8171814e-01;3.5250000e+02;1.3461676e-01;3.5250000e+02;8.5766196e-02;3.5250000e+02;4.1603807e-02;3.5250000e+02;-1.1652047e-03;3.5250000e+02;3.9627980e-03;3.5250000e+02;1.5211411e-02;3.5250000e+02;3.1517528e-02;3.5250000e+02;4.9475376e-02;3.5250000e+02;6.9395252e-02;3.5250000e+02;9.0874940e-02;3.5250000e+02;1.1236763e-01;3.5250000e+02;1.3305122e-01;3.5250000e+02;1.5503338e-01;3.5250000e+02;1.8200348e-01;3.5250000e+02;2.1040104e-01;3.5250000e+02;2.2602652e-01;3.5250000e+02;2.1498458e-01;3.5250000e+02;1.8171814e-01;3.5250000e+02;1.3461676e-01;3.5250000e+02;8.5766196e-02;3.5250000e+02;4.1603807e-02;3.5250000e+02;-1.1652047e-03;3.5250000e+02;3.9627980e-03;3.5250000e+02;1.5211411e-02;3.5250000e+02;3.1517528e-02;3.5250000e+02;4.9475376e-02;3.5250000e+02;6.9395252e-02;3.5250000e+02;9.0874940e-02;3.5250000e+02;1.1236763e-01;3.5250000e+02;1.3305122e-01;3.5250000e+02;1.5503338e-01;3.5250000e+02;1.8200348e-01;3.5250000e+02;2.1040104e-01;3.5250000e+02;2.2602652e-01;3.5250000e+02;2.1498458e-01;3.5250000e+02;1.8171814e-01;3.5250000e+02;1.3461676e-01;3.5250000e+02;8.5766196e-02;3.5250000e+02;4.1603807e-02;3.5250000e+02;-1.1652047e-03;3.5250000e+02;3.9627980e-03;3.5250000e+02;1.5211411e-02;3.5250000e+02;3.1517528e-02;3.5250000e+02;4.9475376e-02;3.5250000e+02;6.9395252e-02;3.5250000e+02;9.0874940e-02;3.5250000e+02;1.1236763e-01;3.5250000e+02;1.3305122e-01;3.5250000e+02;1.5503338e-01;3.5250000e+02;1.8200348e-01;3.5250000e+02;2.1040104e-01;3.5250000e+02;2.2602652e-01;3.5250000e+02;2.1498458e-01;3.5250000e+02;1.8171814e-01;3.5250000e+02;1.3461676e-01;3.5250000e+02;8.5766196e-02;3.5250000e+02;4.1603807e-02;3.5250000e+02;-1.1652047e-03;3.5250000e+02;3.9627980e-03;3.5250000e+02;1.5211411e-02;3.5250000e+02;3.1517528e-02;3.5250000e+02;4.9475376e-02;3.5250000e+02;6.9395252e-02;3.5250000e+02;9.0874940e-02;3.5250000e+02;1.1236763e-01;3.5250000e+02;1.3305122e-01;3.5250000e+02;1.5503338e-01;3.5250000e+02;1.8200348e-01;3.5250000e+02;2.1040104e-01;3.5250000e+02;2.2602652e-01;3.5250000e+02;2.1498458e-01;3.5250000e+02;1.8171814e-01;3.5250000e+02;1.3461676e-01;3.5250000e+02;8.5766196e-02;3.5250000e+02;4.1603807e-02;3.5250000e+02;-1.1652047e-03;3.5250000e+02;3.9627980e-03;3.5250000e+02;1.5211411e-02;3.5250000e+02;3.1517528e-02;3.5250000e+02;4.9475376e-02;3.5250000e+02;6.9395252e-02;3.5250000e+02;9.0874940e-02;3.5250000e+02;1.1236763e-01;3.5250000e+02;1.3305122e-01;3.5250000e+02;1.5503338e-01;3.5250000e+02;1.8200348e-01;3.5250000e+02;2.1040104e-01;3.5250000e+02;2.2602652e-01;3.5250000e+02;2.1498458e-01;3.5250000e+02;1.8171814e-01;3.5250000e+02;1.3461676e-01;3.5250000e+02;8.5766196e-02;3.5250000e+02;4.1603807e-02;3.5250000e+02;-1.1652047e-03;3.5250000e+02;3.9627980e-03;3.5250000e+02;1.5211411e-02;3.5250000e+02;3.1517528e-02;3.5250000e+02;4.9475376e-02;3.5250000e+02;6.9395252e-02;3.5250000e+02;9.0874940e-02;3.5250000e+02;1.1236763e-01;3.5250000e+02;1.3305122e-01;3.5250000e+02;1.5503338e-01;3.5250000e+02;1.8200348e-01;3.5250000e+02;2.1040104e-01;3.5250000e+02;2.2602652e-01;3.5250000e+02;2.1498458e-01;3.5250000e+02;1.8171814e-01;3.5250000e+02;1.3461676e-01;3.5250000e+02;8.5766196e-02;3.5250000e+02;4.1603807e-02;3.5250000e+02;-1.1652047e-03;3.5250000e+02;3.9627980e-03;3.5250000e+02;1.5211411e-02;3.5250000e+02;3.1517528e-02;3.5250000e+02;4.9475376e-02;3.5250000e+02;6.9395252e-02;3.5250000e+02;9.0874940e-02;3.5250000e+02;1.1236763e-01;3.5250000e+02;1.3305122e-01;3.5250000e+02;1.5503338e-01;3.5250000e+02;1.8200348e-01;3.5250000e+02;2.1040104e-01;3.5250000e+02;2.2602652e-01;3.5250000e+02;2.1498458e-01;3.5250000e+02;1.8171814e-01;3.5250000e+02;1.3461676e-01;3.5250000e+02;8.5766196e-02;3.5250000e+02;4.1603807e-02;3.5250000e+02;-1.1652047e-03;3.5250000e+02;3.9627980e-03;3.5250000e+02;1.5211411e-02;3.5250000e+02;3.1517528e-02;3.5250000e+02;4.9475376e-02;3.5250000e+02;6.9395252e-02;3.5250000e+02;9.0874940e-02;3.5250000e+02;1.1236763e-01;3.5250000e+02;1.3305122e-01;3.5250000e+02;1.5503338e-01;3.5250000e+02;1.8200348e-01;3.5250000e+02;2.1040104e-01;3.5250000e+02;2.2602652e-01;3.5250000e+02;2.1498458e-01;3.5250000e+02;1.8171814e-01;3.5250000e+02;1.3461676e-01;3.5250000e+02;8.5766196e-02;3.5250000e+02;4.1603807e-02;3.5250000e+02;-1.1652047e-03;3.5250000e+02;3.9627980e-03;3.5250000e+02;1.5211411e-02;3.5250000e+02;3.1517528e-02;3.5250000e+02;4.9475376e-02;3.5250000e+02;6.9395252e-02;3.5250000e+02;9.0874940e-02;3.5250000e+02;1.1236763e-01;3.5250000e+02;1.3305122e-01;3.5250000e+02;1.5503338e-01;3.5250000e+02;1.8200348e-01;3.5250000e+02;2.1040104e-01;3.5250000e+02;2.2602652e-01;3.5250000e+02;2.1498458e-01;3.5250000e+02;1.8171814e-01;3.5250000e+02;1.3461676e-01;3.5250000e+02;8.5766196e-02;3.5250000e+02;4.1603807e-02;3.5250000e+02;-1.1652047e-03;3.5250000e+02;3.9627980e-03;3.5250000e+02;1.5211411e-02;3.5250000e+02;3.1517528e-02;3.5250000e+02;4.9475376e-02;3.5250000e+02;6.9395252e-02;3.5250000e+02;9.0874940e-02;3.5250000e+02;1.1236763e-01;3.5250000e+02;1.3305122e-01;3.5250000e+02;1.5503338e-01;3.5250000e+02;1.8200348e-01;3.5250000e+02;2.1040104e-01;3.5250000e+02;2.2602652e-01;3.5250000e+02;2.1498458e-01;3.5250000e+02;1.8171814e-01;3.5250000e+02;1.3461676e-01;3.5250000e+02;8.5766196e-02;3.5250000e+02;4.1603807e-02;3.5250000e+02;-1.1652047e-03;3.5250000e+02;3.9627980e-03;3.5250000e+02;1.5211411e-02;3.5250000e+02;3.1517528e-02;3.5250000e+02;4.9475376e-02;3.5250000e+02;6.9395252e-02;3.5250000e+02;9.0874940e-02;3.5250000e+02;1.1236763e-01;3.5250000e+02;1.3305122e-01;3.5250000e+02;1.5503338e-01;3.5250000e+02;1.8200348e-01;3.5250000e+02;2.1040104e-01;3.5250000e+02;2.2602652e-01;3.5250000e+02;2.1498458e-01;3.5250000e+02;1.8171814e-01;3.5250000e+02;1.3461676e-01;3.5250000e+02;8.5766196e-02;3.5250000e+02;4.1603807e-02;3.5250000e+02;-1.1652047e-03;3.5250000e+02;3.9627980e-03;3.5250000e+02;1.5211411e-02;3.5250000e+02;3.1517528e-02;3.5250000e+02;4.9475376e-02;3.5250000e+02;6.9395252e-02;3.5250000e+02;9.0874940e-02;3.5250000e+02;1.1236763e-01;3.5250000e+02;1.3305122e-01;3.5250000e+02;1.5503338e-01;3.5250000e+02;1.8200348e-01;3.5250000e+02;2.1040104e-01;3.5250000e+02;2.2602652e-01;3.5250000e+02;2.1498458e-01;3.5250000e+02;1.8171814e-01;3.5250000e+02;1.3461676e-01;3.5250000e+02;8.5766196e-02;3.5250000e+02;4.1603807e-02;3.5250000e+02;-1.1652047e-03;3.5250000e+02;3.9627980e-03;3.5250000e+02;1.5211411e-02;3.5250000e+02;3.1517528e-02;3.5250000e+02;4.9475376e-02;3.5250000e+02;6.9395252e-02;3.5250000e+02;9.0874940e-02;3.5250000e+02;1.1236763e-01;3.5250000e+02;1.3305122e-01;3.5250000e+02;1.5503338e-01;3.5250000e+02;1.8200348e-01;3.5250000e+02;2.1040104e-01;3.5250000e+02;2.2602652e-01;3.5250000e+02;2.1498458e-01;3.5250000e+02;1.8171814e-01;3.5250000e+02;1.3461676e-01;3.5250000e+02;8.5766196e-02;3.5250000e+02;4.1603807e-02;3.5250000e+02;-1.1652047e-03;3.5250000e+02;3.9627980e-03;3.5250000e+02;1.5211411e-02;3.5250000e+02;3.1517528e-02;3.5250000e+02;4.9475376e-02;3.5250000e+02;6.9395252e-02;3.5250000e+02;9.0874940e-02;3.5250000e+02;1.1236763e-01;3.5250000e+02;1.3305122e-01;3.5250000e+02;1.5503338e-01;3.5250000e+02;1.8200348e-01;3.5250000e+02;2.1040104e-01;3.5250000e+02;2.2602652e-01;3.5250000e+02;2.1498458e-01;3.5250000e+02;1.8171814e-01;3.5250000e+02;1.3461676e-01;3.5250000e+02;8.5766196e-02;3.5250000e+02;4.1603807e-02;3.5250000e+02;-1.1652047e-03;3.5250000e+02;3.9627980e-03;3.5250000e+02;1.5211411e-02;3.5250000e+02;3.1517528e-02;3.5250000e+02;4.9475376e-02;3.5250000e+02;6.9395252e-02;3.5250000e+02;9.0874940e-02;3.5250000e+02;1.1236763e-01;3.5250000e+02;1.3305122e-01;3.5250000e+02;1.5503338e-01;3.5250000e+02;1.8200348e-01;3.5250000e+02;2.1040104e-01;3.5250000e+02;2.2602652e-01;3.5250000e+02;2.1498458e-01;3.5250000e+02;1.8171814e-01;3.5250000e+02;1.3461676e-01;3.5250000e+02;8.5766196e-02;3.5250000e+02;4.1603807e-02;3.5250000e+02;-1.1652047e-03;3.5250000e+02;3.9627980e-03;3.5250000e+02;1.5211411e-02;3.5250000e+02;3.1517528e-02;3.5250000e+02;4.9475376e-02;3.5250000e+02;6.9395252e-02;3.5250000e+02;9.0874940e-02;3.5250000e+02;1.1236763e-01;3.5250000e+02;1.3305122e-01;3.5250000e+02;1.5503338e-01;3.5250000e+02;1.8200348e-01;3.5250000e+02;2.1040104e-01;3.5250000e+02;2.2602652e-01;3.5250000e+02;2.1498458e-01;3.5250000e+02;1.8171814e-01;3.5250000e+02;1.3461676e-01;3.5250000e+02;8.5766196e-02;3.5250000e+02;4.1603807e-02;3.5250000e+02;-1.1652047e-03;3.5250000e+02;3.9627980e-03;3.5250000e+02;1.5211411e-02;3.5250000e+02;3.1517528e-02;3.5250000e+02;4.9475376e-02;3.5250000e+02;6.9395252e-02;3.5250000e+02;9.0874940e-02;3.5250000e+02;1.1236763e-01;3.5250000e+02;1.3305122e-01;3.5250000e+02;1.5503338e-01;3.5250000e+02;1.8200348e-01;3.5250000e+02;2.1040104e-01;3.5250000e+02;2.2602652e-01;3.5250000e+02;2.1498458e-01;3.5250000e+02;1.8171814e-01;3.5250000e+02;1.3461676e-01;3.5250000e+02;8.5766196e-02;3.5250000e+02;4.1603807e-02;3.5250000e+02;-1.1652047e-03;3.5250000e+02;3.9627980e-03;3.5250000e+02;1.5211411e-02;3.5250000e+02;3.1517528e-02;3.5250000e+02;4.9475376e-02;3.5250000e+02;6.9395252e-02;3.5250000e+02;9.0874940e-02;3.5250000e+02;1.1236763e-01;3.5250000e+02;1.3305122e-01;3.5250000e+02;1.5503338e-01;3.5250000e+02;1.8200348e-01;3.5250000e+02;2.1040104e-01;3.5250000e+02;2.2602652e-01;3.5250000e+02;2.1498458e-01;3.5250000e+02;1.8171814e-01;3.5250000e+02;1.3461676e-01;3.5250000e+02;8.5766196e-02;3.5250000e+02;4.1603807e-02;3.5250000e+02;-1.1652047e-03;3.5250000e+02;3.9627980e-03;3.5250000e+02;1.5211411e-02;3.5250000e+02;3.1517528e-02;3.5250000e+02;4.9475376e-02;3.5250000e+02;6.9395252e-02;3.5250000e+02;9.0874940e-02;3.5250000e+02;1.1236763e-01;3.5250000e+02;1.3305122e-01;3.5250000e+02;1.5503338e-01;3.5250000e+02;1.8200348e-01;3.5250000e+02;2.1040104e-01;3.5250000e+02;2.2602652e-01;3.5250000e+02;2.1498458e-01;3.5250000e+02;1.8171814e-01;3.5250000e+02;1.3461676e-01;3.5250000e+02;8.5766196e-02;3.5250000e+02;4.1603807e-02;3.5250000e+02;-1.1652047e-03;3.5250000e+02;3.9627980e-03;3.5250000e+02;1.5211411e-02;3.5250000e+02;3.1517528e-02;3.5250000e+02;4.9475376e-02;3.5250000e+02;6.9395252e-02;3.5250000e+02;9.0874940e-02;3.5250000e+02;1.1236763e-01;3.5250000e+02;1.3305122e-01;3.5250000e+02;1.5503338e-01;3.5250000e+02;1.8200348e-01;3.5250000e+02;2.1040104e-01;3.5250000e+02;2.2602652e-01;3.5250000e+02;2.1498458e-01;3.5250000e+02;1.8171814e-01;3.5250000e+02;1.3461676e-01;3.5250000e+02;8.5766196e-02;3.5250000e+02;4.1603807e-02;3.5250000e+02;-1.1652047e-03;3.5250000e+02;3.9627980e-03;3.5250000e+02;1.5211411e-02;3.5250000e+02;3.1517528e-02;3.5250000e+02;4.9475376e-02;3.5250000e+02;6.9395252e-02;3.5250000e+02;9.0874940e-02;3.5250000e+02;1.1236763e-01;3.5250000e+02;1.3305122e-01;3.5250000e+02;1.5503338e-01;3.5250000e+02;1.8200348e-01;3.5250000e+02;2.1040104e-01;3.5250000e+02;2.2602652e-01;3.5250000e+02;2.1498458e-01;3.5250000e+02;1.8171814e-01;3.5250000e+02;1.3461676e-01;3.5250000e+02;8.5766196e-02;3.5250000e+02;4.1603807e-02;3.5250000e+02;-1.1652047e-03;3.5250000e+02;3.9627980e-03;3.5250000e+02;1.5211411e-02;3.5250000e+02;3.1517528e-02;3.5250000e+02;4.9475376e-02;3.5250000e+02;6.9395252e-02;3.5250000e+02;9.0874940e-02;3.5250000e+02;1.1236763e-01;3.5250000e+02;1.3305122e-01;3.5250000e+02;1.5503338e-01;3.5250000e+02;1.8200348e-01;3.5250000e+02;2.1040104e-01;3.5250000e+02;2.2602652e-01;3.5250000e+02;2.1498458e-01;3.5250000e+02;1.8171814e-01;3.5250000e+02;1.3461676e-01;3.5250000e+02;8.5766196e-02;3.5250000e+02;4.1603807e-02;3.5250000e+02;-1.1652047e-03;3.5250000e+02;3.9627980e-03;3.5250000e+02;1.5211411e-02;3.5250000e+02;3.1517528e-02;3.5250000e+02;4.9475376e-02;3.5250000e+02;6.9395252e-02;3.5250000e+02;9.0874940e-02;3.5250000e+02;1.1236763e-01;3.5250000e+02;1.3305122e-01;3.5250000e+02;1.5503338e-01;3.5250000e+02;1.8200348e-01;3.5250000e+02;2.1040104e-01;3.5250000e+02;2.2602652e-01;3.5250000e+02;2.1498458e-01;3.5250000e+02;1.8171814e-01;3.5250000e+02;1.3461676e-01;3.5250000e+02;8.5766196e-02;3.5250000e+02;4.1603807e-02;3.5250000e+02;-1.1652047e-03;3.5250000e+02;3.9627980e-03;3.5250000e+02;1.5211411e-02;3.5250000e+02;3.1517528e-02;3.5250000e+02;4.9475376e-02;3.5250000e+02;6.9395252e-02;3.5250000e+02;9.0874940e-02;3.5250000e+02;1.1236763e-01;3.5250000e+02;1.3305122e-01;3.5250000e+02;1.5503338e-01;3.5250000e+02;1.8200348e-01;3.5250000e+02;2.1040104e-01;3.5250000e+02;2.2602652e-01;3.5250000e+02;2.1498458e-01;3.5250000e+02;1.8171814e-01;3.5250000e+02;1.3461676e-01;3.5250000e+02;8.5766196e-02;3.5250000e+02;4.1603807e-02;3.5250000e+02;-1.1652047e-03;3.5250000e+02;3.9627980e-03;3.5250000e+02;1.5211411e-02;3.5250000e+02;3.1517528e-02;3.5250000e+02;4.9475376e-02;3.5250000e+02;6.9395252e-02;3.5250000e+02;9.0874940e-02;3.5250000e+02;1.1236763e-01;3.5250000e+02;1.3305122e-01;3.5250000e+02;1.5503338e-01;3.5250000e+02;1.8200348e-01;3.5250000e+02;2.1040104e-01;3.5250000e+02;2.2602652e-01;3.5250000e+02;2.1498458e-01;3.5250000e+02;1.8171814e-01;3.5250000e+02;1.3461676e-01;3.5250000e+02;8.5766196e-02;3.5250000e+02;4.1603807e-02;3.5250000e+02;-1.1652047e-03;3.5250000e+02;3.9627980e-03;3.5250000e+02;1.5211411e-02;3.5250000e+02;3.1517528e-02;3.5250000e+02;4.9475376e-02;3.5250000e+02;6.9395252e-02;3.5250000e+02;9.0874940e-02;3.5250000e+02;1.1236763e-01;3.5250000e+02;1.3305122e-01;3.5250000e+02;1.5503338e-01;3.5250000e+02;1.8200348e-01;3.5250000e+02;2.1040104e-01;3.5250000e+02;2.2602652e-01;3.5250000e+02;2.1498458e-01;3.5250000e+02;1.8171814e-01;3.5250000e+02;1.3461676e-01;3.5250000e+02;8.5766196e-02;3.5250000e+02;4.1603807e-02;3.5250000e+02;-1.1652047e-03;3.5250000e+02;3.9627980e-03;3.5250000e+02;1.5211411e-02;3.5250000e+02;3.1517528e-02;3.5250000e+02;4.9475376e-02;3.5250000e+02;6.9395252e-02;3.5250000e+02;9.0874940e-02;3.5250000e+02;1.1236763e-01;3.5250000e+02;1.3305122e-01;3.5250000e+02;1.5503338e-01;3.5250000e+02;1.8200348e-01;3.5250000e+02;2.1040104e-01;3.5250000e+02;2.2602652e-01;3.5250000e+02;2.1498458e-01;3.5250000e+02;1.8171814e-01;3.5250000e+02;1.3461676e-01;3.5250000e+02;8.5766196e-02;3.5250000e+02;4.1603807e-02;3.5250000e+02;-1.1652047e-03;3.5250000e+02;3.9627980e-03;3.5250000e+02;1.5211411e-02;3.5250000e+02;3.1517528e-02;3.5250000e+02;4.9475376e-02;3.5250000e+02;6.9395252e-02;3.5250000e+02;9.0874940e-02;3.5250000e+02;1.1236763e-01;3.5250000e+02;1.3305122e-01;3.5250000e+02;1.5503338e-01;3.5250000e+02;1.8200348e-01;3.5250000e+02;2.1040104e-01;3.5250000e+02;2.2602652e-01;3.5250000e+02;2.1498458e-01;3.5250000e+02;1.8171814e-01;3.5250000e+02;1.3461676e-01;3.5250000e+02;8.5766196e-02;3.5250000e+02;4.1603807e-02;3.5250000e+02;-1.1652047e-03;3.5250000e+02;3.9627980e-03;3.5250000e+02;1.5211411e-02;3.5250000e+02;3.1517528e-02;3.5250000e+02;4.9475376e-02;3.5250000e+02;6.9395252e-02;3.5250000e+02;9.0874940e-02;3.5250000e+02;1.1236763e-01;3.5250000e+02;1.3305122e-01;3.5250000e+02;1.5503338e-01;3.5250000e+02;1.8200348e-01;3.5250000e+02;2.1040104e-01;3.5250000e+02;2.2602652e-01;3.5250000e+02;2.1498458e-01;3.5250000e+02;1.8171814e-01;3.5250000e+02;1.3461676e-01;3.5250000e+02;8.5766196e-02;3.5250000e+02;4.1603807e-02;3.5250000e+02;-1.1652047e-03;3.5250000e+02;3.9627980e-03;3.5250000e+02;1.5211411e-02;3.5250000e+02;3.1517528e-02;3.5250000e+02;4.9475376e-02;3.5250000e+02;6.9395252e-02;3.5250000e+02;9.0874940e-02;3.5250000e+02;1.1236763e-01;3.5250000e+02;1.3305122e-01;3.5250000e+02;1.5503338e-01;3.5250000e+02;1.8200348e-01;3.5250000e+02;2.1040104e-01;3.5250000e+02;2.2602652e-01;3.5250000e+02;2.1498458e-01;3.5250000e+02;1.8171814e-01;3.5250000e+02;1.3461676e-01;3.5250000e+02;8.5766196e-02;3.5250000e+02;4.1603807e-02;3.5250000e+02;-1.1652047e-03;3.5250000e+02;3.9627980e-03;3.5250000e+02;1.5211411e-02;3.5250000e+02;3.1517528e-02;3.5250000e+02;4.9475376e-02;3.5250000e+02;6.9395252e-02;3.5250000e+02;9.0874940e-02;3.5250000e+02;1.1236763e-01;3.5250000e+02;1.3305122e-01;3.5250000e+02;1.5503338e-01;3.5250000e+02;1.8200348e-01;3.5250000e+02;2.1040104e-01;3.5250000e+02;2.2602652e-01;3.5250000e+02;2.1498458e-01;3.5250000e+02;1.8171814e-01;3.5250000e+02;1.3461676e-01;3.5250000e+02;8.5766196e-02;3.5250000e+02;4.1603807e-02;3.5250000e+02;-1.1652047e-03;3.5250000e+02;3.9627980e-03;3.5250000e+02;1.5211411e-02;3.5250000e+02;3.1517528e-02;3.5250000e+02;4.9475376e-02;3.5250000e+02;6.9395252e-02;3.5250000e+02;9.0874940e-02;3.5250000e+02;1.1236763e-01;3.5250000e+02;1.3305122e-01;3.5250000e+02;1.5503338e-01;3.5250000e+02;1.8200348e-01;3.5250000e+02;2.1040104e-01;3.5250000e+02;2.2602652e-01;3.5250000e+02;2.1498458e-01;3.5250000e+02;1.8171814e-01;3.5250000e+02;1.3461676e-01;3.5250000e+02;8.5766196e-02;3.5250000e+02;4.1603807e-02;3.5250000e+02;-1.1652047e-03;3.5250000e+02;3.9627980e-03;3.5250000e+02;1.5211411e-02;3.5250000e+02;3.1517528e-02;3.5250000e+02;4.9475376e-02;3.5250000e+02;6.9395252e-02;3.5250000e+02;9.0874940e-02;3.5250000e+02;1.1236763e-01;3.5250000e+02;1.3305122e-01;3.5250000e+02;1.5503338e-01;3.5250000e+02;1.8200348e-01;3.5250000e+02;2.1040104e-01;3.5250000e+02;2.2602652e-01;3.5250000e+02;2.1498458e-01;3.5250000e+02;1.8171814e-01;3.5250000e+02;1.3461676e-01;3.5250000e+02;8.5766196e-02;3.5250000e+02;4.1603807e-02;3.5250000e+02;-1.1652047e-03;3.5250000e+02;3.9627980e-03;3.5250000e+02;1.5211411e-02;3.5250000e+02;3.1517528e-02;3.5250000e+02;4.9475376e-02;3.5250000e+02;6.9395252e-02;3.5250000e+02;9.0874940e-02;3.5250000e+02;1.1236763e-01;3.5250000e+02;1.3305122e-01;3.5250000e+02;1.5503338e-01;3.5250000e+02;1.8200348e-01;3.5250000e+02;2.1040104e-01;3.5250000e+02;2.2602652e-01;3.5250000e+02;2.1498458e-01;3.5250000e+02;1.8171814e-01;3.5250000e+02;1.3461676e-01;3.5250000e+02;8.5766196e-02;3.5250000e+02;4.1603807e-02;3.5250000e+02;-1.1652047e-03;3.5250000e+02;3.9627980e-03;3.5250000e+02;1.5211411e-02;3.5250000e+02;3.1517528e-02;3.5250000e+02;4.9475376e-02;3.5250000e+02;6.9395252e-02;3.5250000e+02;9.0874940e-02;3.5250000e+02;1.1236763e-01;3.5250000e+02;1.3305122e-01;3.5250000e+02;1.5503338e-01;3.5250000e+02;1.8200348e-01;3.5250000e+02;2.1040104e-01;3.5250000e+02;2.2602652e-01;3.5250000e+02;2.1498458e-01;3.5250000e+02;1.8171814e-01;3.5250000e+02;1.3461676e-01;3.5250000e+02;8.5766196e-02;3.5250000e+02;4.1603807e-02;3.5250000e+02;-1.1652047e-03;3.5250000e+02;3.9627980e-03;3.5250000e+02;1.5211411e-02;3.5250000e+02;3.1517528e-02;3.5250000e+02;4.9475376e-02;3.5250000e+02;6.9395252e-02;3.5250000e+02;9.0874940e-02;3.5250000e+02;1.1236763e-01;3.5250000e+02;1.3305122e-01;3.5250000e+02;1.5503338e-01;3.5250000e+02;1.8200348e-01;3.5250000e+02;2.1040104e-01;3.5250000e+02;2.2602652e-01;3.5250000e+02;2.1498458e-01;3.5250000e+02;1.8171814e-01;3.5250000e+02;1.3461676e-01;3.5250000e+02;8.5766196e-02;3.5250000e+02;4.1603807e-02;3.5250000e+02;-1.1652047e-03;3.5250000e+02;3.9627980e-03;3.5250000e+02;1.5211411e-02;3.5250000e+02;3.1517528e-02;3.5250000e+02;4.9475376e-02;3.5250000e+02;6.9395252e-02;3.5250000e+02;9.0874940e-02;3.5250000e+02;1.1236763e-01;3.5250000e+02;1.3305122e-01;3.5250000e+02;1.5503338e-01;3.5250000e+02;1.8200348e-01;3.5250000e+02;2.1040104e-01;3.5250000e+02;2.2602652e-01;3.5250000e+02;2.1498458e-01;3.5250000e+02;1.8171814e-01;3.5250000e+02;1.3461676e-01;3.5250000e+02;8.5766196e-02;3.5250000e+02;4.1603807e-02;3.5250000e+02;-1.1652047e-03;3.5250000e+02;3.9627980e-03;3.5250000e+02;1.5211411e-02;3.5250000e+02;3.1517528e-02;3.5250000e+02;4.9475376e-02;3.5250000e+02;6.9395252e-02;3.5250000e+02;9.0874940e-02;3.5250000e+02;1.1236763e-01;3.5250000e+02;1.3305122e-01;3.5250000e+02;1.5503338e-01;3.5250000e+02;1.8200348e-01;3.5250000e+02;2.1040104e-01;3.5250000e+02;2.2602652e-01;3.5250000e+02;2.1498458e-01;3.5250000e+02;1.8171814e-01;3.5250000e+02;1.3461676e-01;3.5250000e+02;8.5766196e-02;3.5250000e+02;4.1603807e-02;3.5250000e+02;-1.1652047e-03;3.5250000e+02;3.9627980e-03;3.5250000e+02;1.5211411e-02;3.5250000e+02;3.1517528e-02;3.5250000e+02;4.9475376e-02;3.5250000e+02;6.9395252e-02;3.5250000e+02;9.0874940e-02;3.5250000e+02;1.1236763e-01;3.5250000e+02;1.3305122e-01;3.5250000e+02;1.5503338e-01;3.5250000e+02;1.8200348e-01;3.5250000e+02;2.1040104e-01;3.5250000e+02;2.2602652e-01;3.5250000e+02;2.1498458e-01;3.5250000e+02;1.8171814e-01;3.5250000e+02;1.3461676e-01;3.5250000e+02;8.5766196e-02;3.5250000e+02;4.1603807e-02;3.5250000e+02;-1.1652047e-03;3.5250000e+02;3.9627980e-03;3.5250000e+02;1.5211411e-02;3.5250000e+02;3.1517528e-02;3.5250000e+02;4.9475376e-02;3.5250000e+02;6.9395252e-02;3.5250000e+02;9.0874940e-02;3.5250000e+02;1.1236763e-01;3.5250000e+02;1.3305122e-01;3.5250000e+02;1.5503338e-01;3.5250000e+02;1.8200348e-01;3.5250000e+02;2.1040104e-01;3.5250000e+02;2.2602652e-01;3.5250000e+02;2.1498458e-01;3.5250000e+02;1.8171814e-01;3.5250000e+02;1.3461676e-01;3.5250000e+02;8.5766196e-02;3.5250000e+02;4.1603807e-02;3.5250000e+02;-1.1652047e-03;3.5250000e+02;3.9627980e-03;3.5250000e+02;1.5211411e-02;3.5250000e+02;3.1517528e-02;3.5250000e+02;4.9475376e-02;3.5250000e+02;6.9395252e-02;3.5250000e+02;9.0874940e-02;3.5250000e+02;1.1236763e-01;3.5250000e+02;1.3305122e-01;3.5250000e+02;1.5503338e-01;3.5250000e+02;1.8200348e-01;3.5250000e+02;2.1040104e-01;3.5250000e+02;2.2602652e-01;3.5250000e+02;2.1498458e-01;3.5250000e+02;1.8171814e-01;3.5250000e+02;1.3461676e-01;3.5250000e+02;8.5766196e-02;3.5250000e+02;4.1603807e-02;3.5250000e+02;-1.1652047e-03;3.5250000e+02;3.9627980e-03;3.5250000e+02;1.5211411e-02;3.5250000e+02;3.1517528e-02;3.5250000e+02;4.9475376e-02;3.5250000e+02;6.9395252e-02;3.5250000e+02;9.0874940e-02;3.5250000e+02;1.1236763e-01;3.5250000e+02;1.3305122e-01;3.5250000e+02;1.5503338e-01;3.5250000e+02;1.8200348e-01;3.5250000e+02;2.1040104e-01;3.5250000e+02;2.2602652e-01;3.5250000e+02;2.1498458e-01;3.5250000e+02;1.8171814e-01;3.5250000e+02;1.3461676e-01;3.5250000e+02;8.5766196e-02;3.5250000e+02;4.1603807e-02;3.5250000e+02;-1.1652047e-03;3.5250000e+02;3.9627980e-03;3.5250000e+02;1.5211411e-02;3.5250000e+02;3.1517528e-02;3.5250000e+02;4.9475376e-02;3.5250000e+02;6.9395252e-02;3.5250000e+02;9.0874940e-02;3.5250000e+02;1.1236763e-01;3.5250000e+02;1.3305122e-01;3.5250000e+02;1.5503338e-01;3.5250000e+02;1.8200348e-01;3.5250000e+02;2.1040104e-01;3.5250000e+02;2.2602652e-01;3.5250000e+02;2.1498458e-01;3.5250000e+02;1.8171814e-01;3.5250000e+02;1.3461676e-01;3.5250000e+02;8.5766196e-02;3.5250000e+02;4.1603807e-02;3.5250000e+02;-1.1652047e-03;3.5250000e+02;3.9627980e-03;3.5250000e+02;1.5211411e-02;3.5250000e+02;3.1517528e-02;3.5250000e+02;4.9475376e-02;3.5250000e+02;6.9395252e-02;3.5250000e+02;9.0874940e-02;3.5250000e+02;1.1236763e-01;3.5250000e+02;1.3305122e-01;3.5250000e+02;1.5503338e-01;3.5250000e+02;1.8200348e-01;3.5250000e+02;2.1040104e-01;3.5250000e+02;2.2602652e-01;3.5250000e+02;2.1498458e-01;3.5250000e+02;1.8171814e-01;3.5250000e+02;1.3461676e-01;3.5250000e+02;8.5766196e-02;3.5250000e+02;4.1603807e-02;3.5250000e+02;-1.1652047e-03;3.5250000e+02;3.9627980e-03;3.5250000e+02;1.5211411e-02;3.5250000e+02;3.1517528e-02;3.5250000e+02;4.9475376e-02;3.5250000e+02;6.9395252e-02;3.5250000e+02;9.0874940e-02;3.5250000e+02;1.1236763e-01;3.5250000e+02;1.3305122e-01;3.5250000e+02;1.5503338e-01;3.5250000e+02;1.8200348e-01;3.5250000e+02;2.1040104e-01;3.5250000e+02;2.2602652e-01;3.5250000e+02;2.1498458e-01;3.5250000e+02;1.8171814e-01;3.5250000e+02;1.3461676e-01;3.5250000e+02;8.5766196e-02;3.5250000e+02;4.1603807e-02;3.5250000e+02;-1.1652047e-03;3.5250000e+02;3.9627980e-03;3.5250000e+02;1.5211411e-02;3.5250000e+02;3.1517528e-02;3.5250000e+02;4.9475376e-02;3.5250000e+02;6.9395252e-02;3.5250000e+02;9.0874940e-02;3.5250000e+02;1.1236763e-01;3.5250000e+02;1.3305122e-01;3.5250000e+02;1.5503338e-01;3.5250000e+02;1.8200348e-01;3.5250000e+02;2.1040104e-01;3.5250000e+02;2.2602652e-01;3.5250000e+02;2.1498458e-01;3.5250000e+02;1.8171814e-01;3.5250000e+02;1.3461676e-01;3.5250000e+02;8.5766196e-02;3.5250000e+02;4.1603807e-02;3.5250000e+02;-1.1652047e-03;3.5250000e+02;3.9627980e-03;3.5250000e+02;1.5211411e-02;3.5250000e+02;3.1517528e-02;3.5250000e+02;4.9475376e-02;3.5250000e+02;6.9395252e-02;3.5250000e+02;9.0874940e-02;3.5250000e+02;1.1236763e-01;3.5250000e+02;1.3305122e-01;3.5250000e+02;1.5503338e-01;3.5250000e+02;1.8200348e-01;3.5250000e+02;2.1040104e-01;3.5250000e+02;2.2602652e-01;3.5250000e+02;2.1498458e-01;3.5250000e+02;1.8171814e-01;3.5250000e+02;1.3461676e-01;3.5250000e+02;8.5766196e-02;3.5250000e+02;4.1603807e-02;3.5250000e+02;-1.1652047e-03;3.5250000e+02;3.9627980e-03;3.5250000e+02;1.5211411e-02;3.5250000e+02;3.1517528e-02;3.5250000e+02;4.9475376e-02;3.5250000e+02;6.9395252e-02;3.5250000e+02;9.0874940e-02;3.5250000e+02;1.1236763e-01;3.5250000e+02;1.3305122e-01;3.5250000e+02;1.5503338e-01;3.5250000e+02;1.8200348e-01;3.5250000e+02;2.1040104e-01;3.5250000e+02;2.2602652e-01;3.5250000e+02;2.1498458e-01;3.5250000e+02;1.8171814e-01;3.5250000e+02;1.3461676e-01;3.5250000e+02;8.5766196e-02;3.5250000e+02;4.1603807e-02;3.5250000e+02;-1.1652047e-03;3.5250000e+02;3.9627980e-03;3.5250000e+02;1.5211411e-02;3.5250000e+02;3.1517528e-02;3.5250000e+02;4.9475376e-02;3.5250000e+02;6.9395252e-02;3.5250000e+02;9.0874940e-02;3.5250000e+02;1.1236763e-01;3.5250000e+02;1.3305122e-01;3.5250000e+02;1.5503338e-01;3.5250000e+02;1.8200348e-01;3.5250000e+02;2.1040104e-01;3.5250000e+02;2.2602652e-01;3.5250000e+02;2.1498458e-01;3.5250000e+02;1.8171814e-01;3.5250000e+02;1.3461676e-01;3.5250000e+02;8.5766196e-02;3.5250000e+02;4.1603807e-02;3.5250000e+02;-1.1652047e-03;3.5250000e+02;3.9627980e-03;3.5250000e+02;1.5211411e-02;3.5250000e+02;3.1517528e-02;3.5250000e+02;4.9475376e-02;3.5250000e+02;6.9395252e-02;3.5250000e+02;9.0874940e-02;3.5250000e+02;1.1236763e-01;3.5250000e+02;1.3305122e-01;3.5250000e+02;1.5503338e-01;3.5250000e+02;1.8200348e-01;3.5250000e+02;2.1040104e-01;3.5250000e+02;2.2602652e-01;3.5250000e+02;2.1498458e-01;3.5250000e+02;1.8171814e-01;3.5250000e+02;1.3461676e-01;3.5250000e+02;8.5766196e-02;3.5250000e+02;4.1603807e-02;3.5250000e+02;-1.1652047e-03;3.5250000e+02;3.9627980e-03;3.5250000e+02;1.5211411e-02;3.5250000e+02;3.1517528e-02;3.5250000e+02;4.9475376e-02;3.5250000e+02;6.9395252e-02;3.5250000e+02;9.0874940e-02;3.5250000e+02;1.1236763e-01;3.5250000e+02;1.3305122e-01;3.5250000e+02;1.5503338e-01;3.5250000e+02;1.8200348e-01;3.5250000e+02;2.1040104e-01;3.5250000e+02;2.2602652e-01;3.5250000e+02;2.1498458e-01;3.5250000e+02;1.8171814e-01;3.5250000e+02;1.3461676e-01;3.5250000e+02;8.5766196e-02;3.5250000e+02;4.1603807e-02;3.5250000e+02;-1.1652047e-03;3.5250000e+02;3.9627980e-03;3.5250000e+02;1.5211411e-02;3.5250000e+02;3.1517528e-02;3.5250000e+02;4.9475376e-02;3.5250000e+02;6.9395252e-02;3.5250000e+02;9.0874940e-02;3.5250000e+02;1.1236763e-01;3.5250000e+02;1.3305122e-01;3.5250000e+02;1.5503338e-01;3.5250000e+02;1.8200348e-01;3.5250000e+02;2.1040104e-01;3.5250000e+02;2.2602652e-01;3.5250000e+02;2.1498458e-01;3.5250000e+02;1.8171814e-01;3.5250000e+02;1.3461676e-01;3.5250000e+02;8.5766196e-02;3.5250000e+02;4.1603807e-02;3.5250000e+02;-1.1652047e-03;3.5250000e+02;3.9627980e-03;3.5250000e+02;1.5211411e-02;3.5250000e+02;3.1517528e-02;3.5250000e+02;4.9475376e-02;3.5250000e+02;6.9395252e-02;3.5250000e+02;9.0874940e-02;3.5250000e+02;1.1236763e-01;3.5250000e+02;1.3305122e-01;3.5250000e+02;1.5503338e-01;3.5250000e+02;1.8200348e-01;3.5250000e+02;2.1040104e-01;3.5250000e+02;2.2602652e-01;3.5250000e+02;2.1498458e-01;3.5250000e+02;1.8171814e-01;3.5250000e+02;1.3461676e-01;3.5250000e+02;8.5766196e-02;3.5250000e+02;4.1603807e-02;3.5250000e+02;-1.1652047e-03;3.5250000e+02;3.9627980e-03;3.5250000e+02;1.5211411e-02;3.5250000e+02;3.1517528e-02;3.5250000e+02;4.9475376e-02;3.5250000e+02;6.9395252e-02;3.5250000e+02;9.0874940e-02;3.5250000e+02;1.1236763e-01;3.5250000e+02;1.3305122e-01;3.5250000e+02;1.5503338e-01;3.5250000e+02;1.8200348e-01;3.5250000e+02;2.1040104e-01;3.5250000e+02;2.2602652e-01;3.5250000e+02;2.1498458e-01;3.5250000e+02;1.8171814e-01;3.5250000e+02;1.3461676e-01;3.5250000e+02;8.5766196e-02;3.5250000e+02;4.1603807e-02;3.5250000e+02;-1.1652047e-03;3.5250000e+02;3.9627980e-03;3.5250000e+02;1.5211411e-02;3.5250000e+02;3.1517528e-02;3.5250000e+02;4.9475376e-02;3.5250000e+02;6.9395252e-02;3.5250000e+02;9.0874940e-02;3.5250000e+02;1.1236763e-01;3.5250000e+02;1.3305122e-01;3.5250000e+02;1.5503338e-01;3.5250000e+02;1.8200348e-01;3.5250000e+02;2.1040104e-01;3.5250000e+02;2.2602652e-01;3.5250000e+02;2.1498458e-01;3.5250000e+02;1.8171814e-01;3.5250000e+02;1.3461676e-01;3.5250000e+02;8.5766196e-02;3.5250000e+02;4.1603807e-02;3.5250000e+02;-1.1652047e-03;3.5250000e+02;3.9627980e-03;3.5250000e+02;1.5211411e-02;3.5250000e+02;3.1517528e-02;3.5250000e+02;4.9475376e-02;3.5250000e+02;6.9395252e-02;3.5250000e+02;9.0874940e-02;3.5250000e+02;1.1236763e-01;3.5250000e+02;1.3305122e-01;3.5250000e+02;1.5503338e-01;3.5250000e+02;1.8200348e-01;3.5250000e+02;2.1040104e-01;3.5250000e+02;2.2602652e-01;3.5250000e+02;2.1498458e-01;3.5250000e+02;1.8171814e-01;3.5250000e+02;1.3461676e-01;3.5250000e+02;8.5766196e-02;3.5250000e+02;4.1603807e-02;3.5250000e+02;-1.1652047e-03;3.5250000e+02;3.9627980e-03;3.5250000e+02;1.5211411e-02;3.5250000e+02;3.1517528e-02;3.5250000e+02;4.9475376e-02;3.5250000e+02;6.9395252e-02;3.5250000e+02;9.0874940e-02;3.5250000e+02;1.1236763e-01;3.5250000e+02;1.3305122e-01;3.5250000e+02;1.5503338e-01;3.5250000e+02;1.8200348e-01;3.5250000e+02;2.1040104e-01;3.5250000e+02;2.2602652e-01;3.5250000e+02;2.1498458e-01;3.5250000e+02;1.8171814e-01;3.5250000e+02;1.3461676e-01;3.5250000e+02;8.5766196e-02;3.5250000e+02;4.1603807e-02;3.5250000e+02;-1.1652047e-03;3.5250000e+02;3.9627980e-03;3.5250000e+02;1.5211411e-02;3.5250000e+02;3.1517528e-02;3.5250000e+02;4.9475376e-02;3.5250000e+02;6.9395252e-02;3.5250000e+02;9.0874940e-02;3.5250000e+02;1.1236763e-01;3.5250000e+02;1.3305122e-01;3.5250000e+02;1.5503338e-01;3.5250000e+02;1.8200348e-01;3.5250000e+02;2.1040104e-01;3.5250000e+02;2.2602652e-01;3.5250000e+02;2.1498458e-01;3.5250000e+02;1.8171814e-01;3.5250000e+02;1.3461676e-01;3.5250000e+02;8.5766196e-02;3.5250000e+02;4.1603807e-02;3.5250000e+02;-1.1652047e-03;3.5250000e+02;3.9627980e-03;3.5250000e+02;1.5211411e-02;3.5250000e+02;3.1517528e-02;3.5250000e+02;4.9475376e-02;3.5250000e+02;6.9395252e-02;3.5250000e+02;9.0874940e-02;3.5250000e+02;1.1236763e-01;3.5250000e+02;1.3305122e-01;3.5250000e+02;1.5503338e-01;3.5250000e+02;1.8200348e-01;3.5250000e+02;2.1040104e-01;3.5250000e+02;2.2602652e-01;3.5250000e+02;2.1498458e-01;3.5250000e+02;1.8171814e-01;3.5250000e+02;1.3461676e-01;3.5250000e+02;8.5766196e-02;3.5250000e+02;4.1603807e-02;3.5250000e+02;-1.1652047e-03;3.5250000e+02;3.9627980e-03;3.5250000e+02;1.5211411e-02;3.5250000e+02;3.1517528e-02;3.5250000e+02;4.9475376e-02;3.5250000e+02;6.9395252e-02;3.5250000e+02;9.0874940e-02;3.5250000e+02;1.1236763e-01;3.5250000e+02;1.3305122e-01;3.5250000e+02;1.5503338e-01;3.5250000e+02;1.8200348e-01;3.5250000e+02;2.1040104e-01;3.5250000e+02;2.2602652e-01;3.5250000e+02;2.1498458e-01;3.5250000e+02;1.8171814e-01;3.5250000e+02;1.3461676e-01;3.5250000e+02;8.5766196e-02;3.5250000e+02;4.1603807e-02;3.5250000e+02;-1.1652047e-03;3.5250000e+02;3.9627980e-03;3.5250000e+02;1.5211411e-02;3.5250000e+02;3.1517528e-02;3.5250000e+02;4.9475376e-02;3.5250000e+02;6.9395252e-02;3.5250000e+02;9.0874940e-02;3.5250000e+02;1.1236763e-01;3.5250000e+02;1.3305122e-01;3.5250000e+02;1.5503338e-01;3.5250000e+02;1.8200348e-01;3.5250000e+02;2.1040104e-01;3.5250000e+02;2.2602652e-01;3.5250000e+02;2.1498458e-01;3.5250000e+02;1.8171814e-01;3.5250000e+02;1.3461676e-01;3.5250000e+02;8.5766196e-02;3.5250000e+02;4.1603807e-02;3.5250000e+02;-1.1652047e-03;3.5250000e+02;3.9627980e-03;3.5250000e+02;1.5211411e-02;3.5250000e+02;3.1517528e-02;3.5250000e+02;4.9475376e-02;3.5250000e+02;6.9395252e-02;3.5250000e+02;9.0874940e-02;3.5250000e+02;1.1236763e-01;3.5250000e+02;1.3305122e-01;3.5250000e+02;1.5503338e-01;3.5250000e+02;1.8200348e-01;3.5250000e+02;2.1040104e-01;3.5250000e+02;2.2602652e-01;3.5250000e+02;2.1498458e-01;3.5250000e+02;1.8171814e-01;3.5250000e+02;1.3461676e-01;3.5250000e+02;8.5766196e-02;3.5250000e+02;4.1603807e-02;3.5250000e+02;-1.1652047e-03;3.5250000e+02;3.9627980e-03;3.5250000e+02;1.5211411e-02;3.5250000e+02;3.1517528e-02;3.5250000e+02;4.9475376e-02;3.5250000e+02;6.9395252e-02;3.5250000e+02;9.0874940e-02;3.5250000e+02;1.1236763e-01;3.5250000e+02;1.3305122e-01;3.5250000e+02;1.5503338e-01;3.5250000e+02;1.8200348e-01;3.5250000e+02;2.1040104e-01;3.5250000e+02;2.2602652e-01;3.5250000e+02;2.1498458e-01;3.5250000e+02;1.8171814e-01;3.5250000e+02;1.3461676e-01;3.5250000e+02;8.5766196e-02;3.5250000e+02;4.1603807e-02;3.5250000e+02;-1.1652047e-03;3.5250000e+02;3.9627980e-03;3.5250000e+02;1.5211411e-02;3.5250000e+02;3.1517528e-02;3.5250000e+02;4.9475376e-02;3.5250000e+02;6.9395252e-02;3.5250000e+02;9.0874940e-02;3.5250000e+02;1.1236763e-01;3.5250000e+02;1.3305122e-01;3.5250000e+02;1.5503338e-01;3.5250000e+02;1.8200348e-01;3.5250000e+02;2.1040104e-01;3.5250000e+02;2.2602652e-01;3.5250000e+02;2.1498458e-01;3.5250000e+02;1.8171814e-01;3.5250000e+02;1.3461676e-01;3.5250000e+02;8.5766196e-02;3.5250000e+02;4.1603807e-02;3.5250000e+02;-1.1652047e-03;3.5250000e+02;3.9627980e-03;3.5250000e+02;1.5211411e-02;3.5250000e+02;3.1517528e-02;3.5250000e+02;4.9475376e-02;3.5250000e+02;6.9395252e-02;3.5250000e+02;9.0874940e-02;3.5250000e+02;1.1236763e-01;3.5250000e+02;1.3305122e-01;3.5250000e+02;1.5503338e-01;3.5250000e+02;1.8200348e-01;3.5250000e+02;2.1040104e-01;3.5250000e+02;2.2602652e-01;3.5250000e+02;2.1498458e-01;3.5250000e+02;1.8171814e-01;3.5250000e+02;1.3461676e-01;3.5250000e+02;8.5766196e-02;3.5250000e+02;4.1603807e-02;3.5250000e+02;-1.1652047e-03;3.5250000e+02;3.9627980e-03;3.5250000e+02;1.5211411e-02;3.5250000e+02;3.1517528e-02;3.5250000e+02;4.9475376e-02;3.5250000e+02;6.9395252e-02;3.5250000e+02;9.0874940e-02;3.5250000e+02;1.1236763e-01;3.5250000e+02;1.3305122e-01;3.5250000e+02;1.5503338e-01;3.5250000e+02;1.8200348e-01;3.5250000e+02;2.1040104e-01;3.5250000e+02;2.2602652e-01;3.5250000e+02;2.1498458e-01;3.5250000e+02;1.8171814e-01;3.5250000e+02;1.3461676e-01;3.5250000e+02;8.5766196e-02;3.5250000e+02;4.1603807e-02;3.5250000e+02;-1.1652047e-03;3.5250000e+02;3.9627980e-03;3.5250000e+02;1.5211411e-02;3.5250000e+02;3.1517528e-02;3.5250000e+02;4.9475376e-02;3.5250000e+02;6.9395252e-02;3.5250000e+02;9.0874940e-02;3.5250000e+02;1.1236763e-01;3.5250000e+02;1.3305122e-01;3.5250000e+02;1.5503338e-01;3.5250000e+02;1.8200348e-01;3.5250000e+02;2.1040104e-01;3.5250000e+02;2.2602652e-01;3.5250000e+02;2.1498458e-01;3.5250000e+02;1.8171814e-01;3.5250000e+02;1.3461676e-01;3.5250000e+02;8.5766196e-02;3.5250000e+02;4.1603807e-02;3.5250000e+02;-1.1652047e-03;3.5250000e+02;3.9627980e-03;3.5250000e+02;1.5211411e-02;3.5250000e+02;3.1517528e-02;3.5250000e+02;4.9475376e-02;3.5250000e+02;6.9395252e-02;3.5250000e+02;9.0874940e-02;3.5250000e+02;1.1236763e-01;3.5250000e+02;1.3305122e-01;3.5250000e+02;1.5503338e-01;3.5250000e+02;1.8200348e-01;3.5250000e+02;2.1040104e-01;3.5250000e+02;2.2602652e-01;3.5250000e+02;2.1498458e-01;3.5250000e+02;1.8171814e-01;3.5250000e+02;1.3461676e-01;3.5250000e+02;8.5766196e-02;3.5250000e+02;4.1603807e-02;3.5250000e+02;-1.1652047e-03;3.5250000e+02;3.9627980e-03;3.5250000e+02;1.5211411e-02;3.5250000e+02;3.1517528e-02;3.5250000e+02;4.9475376e-02;3.5250000e+02;6.9395252e-02;3.5250000e+02;9.0874940e-02;3.5250000e+02;1.1236763e-01;3.5250000e+02;1.3305122e-01;3.5250000e+02;1.5503338e-01;3.5250000e+02;1.8200348e-01;3.5250000e+02;2.1040104e-01;3.5250000e+02;2.2602652e-01;3.5250000e+02;2.1498458e-01;3.5250000e+02;1.8171814e-01;3.5250000e+02;1.3461676e-01;3.5250000e+02;8.5766196e-02;3.5250000e+02;4.1603807e-02;3.5250000e+02;-1.1652047e-03;3.5250000e+02;3.9627980e-03;3.5250000e+02;1.5211411e-02;3.5250000e+02;3.1517528e-02;3.5250000e+02;4.9475376e-02;3.5250000e+02;6.9395252e-02;3.5250000e+02;9.0874940e-02;3.5250000e+02;1.1236763e-01;3.5250000e+02;1.3305122e-01;3.5250000e+02;1.5503338e-01;3.5250000e+02;1.8200348e-01;3.5250000e+02;2.1040104e-01;3.5250000e+02;2.2602652e-01;3.5250000e+02;2.1498458e-01;3.5250000e+02;1.8171814e-01;3.5250000e+02;1.3461676e-01;3.5250000e+02;8.5766196e-02;3.5250000e+02;4.1603807e-02;3.5250000e+02;-1.1652047e-03;3.5250000e+02;3.9627980e-03;3.5250000e+02;1.5211411e-02;3.5250000e+02;3.1517528e-02;3.5250000e+02;4.9475376e-02;3.5250000e+02;6.9395252e-02;3.5250000e+02;9.0874940e-02;3.5250000e+02;1.1236763e-01;3.5250000e+02;1.3305122e-01;3.5250000e+02;1.5503338e-01;3.5250000e+02;1.8200348e-01;3.5250000e+02;2.1040104e-01;3.5250000e+02;2.2602652e-01;3.5250000e+02;2.1498458e-01;3.5250000e+02;1.8171814e-01;3.5250000e+02;1.3461676e-01;3.5250000e+02;8.5766196e-02;3.5250000e+02;4.1603807e-02;3.5250000e+02;-1.1652047e-03;3.5250000e+02;3.9627980e-03;3.5250000e+02;1.5211411e-02;3.5250000e+02;3.1517528e-02;3.5250000e+02;4.9475376e-02;3.5250000e+02;6.9395252e-02;3.5250000e+02;9.0874940e-02;3.5250000e+02;1.1236763e-01;3.5250000e+02;1.3305122e-01;3.5250000e+02;1.5503338e-01;3.5250000e+02;1.8200348e-01;3.5250000e+02;2.1040104e-01;3.5250000e+02;2.2602652e-01;3.5250000e+02;2.1498458e-01;3.5250000e+02;1.8171814e-01;3.5250000e+02;1.3461676e-01;3.5250000e+02;8.5766196e-02;3.5250000e+02;4.1603807e-02;3.5250000e+02;-1.1652047e-03;3.5250000e+02;3.9627980e-03;3.5250000e+02;1.5211411e-02;3.5250000e+02;3.1517528e-02;3.5250000e+02;4.9475376e-02;3.5250000e+02;6.9395252e-02;3.5250000e+02;9.0874940e-02;3.5250000e+02;1.1236763e-01;3.5250000e+02;1.3305122e-01;3.5250000e+02;1.5503338e-01;3.5250000e+02;1.8200348e-01;3.5250000e+02;2.1040104e-01;3.5250000e+02;2.2602652e-01;3.5250000e+02;2.1498458e-01;3.5250000e+02;1.8171814e-01;3.5250000e+02;1.3461676e-01;3.5250000e+02;8.5766196e-02;3.5250000e+02;4.1603807e-02;3.5250000e+02;-1.1652047e-03;3.5250000e+02;3.9627980e-03;3.5250000e+02;1.5211411e-02;3.5250000e+02;3.1517528e-02;3.5250000e+02;4.9475376e-02;3.5250000e+02;6.9395252e-02;3.5250000e+02;9.0874940e-02;3.5250000e+02;1.1236763e-01;3.5250000e+02;1.3305122e-01;3.5250000e+02;1.5503338e-01;3.5250000e+02;1.8200348e-01;3.5250000e+02;2.1040104e-01;3.5250000e+02;2.2602652e-01;3.5250000e+02;2.1498458e-01;3.5250000e+02;1.8171814e-01;3.5250000e+02;1.3461676e-01;3.5250000e+02;8.5766196e-02;3.5250000e+02;4.1603807e-02;3.5250000e+02;-1.1652047e-03;3.5250000e+02;3.9627980e-03;3.5250000e+02;1.5211411e-02;3.5250000e+02;3.1517528e-02;3.5250000e+02;4.9475376e-02;3.5250000e+02;6.9395252e-02;3.5250000e+02;9.0874940e-02;3.5250000e+02;1.1236763e-01;3.5250000e+02;1.3305122e-01;3.5250000e+02;1.5503338e-01;3.5250000e+02;1.8200348e-01;3.5250000e+02;2.1040104e-01;3.5250000e+02;2.2602652e-01;3.5250000e+02;2.1498458e-01;3.5250000e+02;1.8171814e-01;3.5250000e+02;1.3461676e-01;3.5250000e+02;8.5766196e-02;3.5250000e+02;4.1603807e-02;3.5250000e+02;-1.1652047e-03;3.5250000e+02;3.9627980e-03;3.5250000e+02;1.5211411e-02;3.5250000e+02;3.1517528e-02;3.5250000e+02;4.9475376e-02;3.5250000e+02;6.9395252e-02;3.5250000e+02;9.0874940e-02;3.5250000e+02;1.1236763e-01;3.5250000e+02;1.3305122e-01;3.5250000e+02;1.5503338e-01;3.5250000e+02;1.8200348e-01;3.5250000e+02;2.1040104e-01;3.5250000e+02;2.2602652e-01;3.5250000e+02;2.1498458e-01;3.5250000e+02;1.8171814e-01;3.5250000e+02;1.3461676e-01;3.5250000e+02;8.5766196e-02;3.5250000e+02;4.1603807e-02;3.5250000e+02;-1.1652047e-03;3.5250000e+02;3.9627980e-03;3.5250000e+02;1.5211411e-02;3.5250000e+02;3.1517528e-02;3.5250000e+02;4.9475376e-02;3.5250000e+02;6.9395252e-02;3.5250000e+02;9.0874940e-02;3.5250000e+02;1.1236763e-01;3.5250000e+02;1.3305122e-01;3.5250000e+02;1.5503338e-01;3.5250000e+02;1.8200348e-01;3.5250000e+02;2.1040104e-01;3.5250000e+02;2.2602652e-01;3.5250000e+02;2.1498458e-01;3.5250000e+02;1.8171814e-01;3.5250000e+02;1.3461676e-01;3.5250000e+02;8.5766196e-02;3.5250000e+02;4.1603807e-02;3.5250000e+02;-1.1652047e-03;3.5250000e+02;3.9627980e-03;3.5250000e+02;1.5211411e-02;3.5250000e+02;3.1517528e-02;3.5250000e+02;4.9475376e-02;3.5250000e+02;6.9395252e-02;3.5250000e+02;9.0874940e-02;3.5250000e+02;1.1236763e-01;3.5250000e+02;1.3305122e-01;3.5250000e+02;1.5503338e-01;3.5250000e+02;1.8200348e-01;3.5250000e+02;2.1040104e-01;3.5250000e+02;2.2602652e-01;3.5250000e+02;2.1498458e-01;3.5250000e+02;1.8171814e-01;3.5250000e+02;1.3461676e-01;3.5250000e+02;8.5766196e-02;3.5250000e+02;4.1603807e-02;3.5250000e+02;-1.1652047e-03;3.5250000e+02;3.9627980e-03;3.5250000e+02;1.5211411e-02;3.5250000e+02;3.1517528e-02;3.5250000e+02;4.9475376e-02;3.5250000e+02;6.9395252e-02;3.5250000e+02;9.0874940e-02;3.5250000e+02;1.1236763e-01;3.5250000e+02;1.3305122e-01;3.5250000e+02;1.5503338e-01;3.5250000e+02;1.8200348e-01;3.5250000e+02;2.1040104e-01;3.5250000e+02;2.2602652e-01;3.5250000e+02;2.1498458e-01;3.5250000e+02;1.8171814e-01;3.5250000e+02;1.3461676e-01;3.5250000e+02;8.5766196e-02;3.5250000e+02;4.1603807e-02;3.5250000e+02;-1.1652047e-03;3.5250000e+02;3.9627980e-03;3.5250000e+02;1.5211411e-02;3.5250000e+02;3.1517528e-02;3.5250000e+02;4.9475376e-02;3.5250000e+02;6.9395252e-02;3.5250000e+02;9.0874940e-02;3.5250000e+02;1.1236763e-01;3.5250000e+02;1.3305122e-01;3.5250000e+02;1.5503338e-01;3.5250000e+02;1.8200348e-01;3.5250000e+02;2.1040104e-01;3.5250000e+02;2.2602652e-01;3.5250000e+02;2.1498458e-01;3.5250000e+02;1.8171814e-01;3.5250000e+02;1.3461676e-01;3.5250000e+02;8.5766196e-02;3.5250000e+02;4.1603807e-02;3.5250000e+02;-1.1652047e-03;3.5250000e+02;3.9627980e-03;3.5250000e+02;1.5211411e-02;3.5250000e+02;3.1517528e-02;3.5250000e+02;4.9475376e-02;3.5250000e+02;6.9395252e-02;3.5250000e+02;9.0874940e-02;3.5250000e+02;1.1236763e-01;3.5250000e+02;1.3305122e-01;3.5250000e+02;1.5503338e-01;3.5250000e+02;1.8200348e-01;3.5250000e+02;2.1040104e-01;3.5250000e+02;2.2602652e-01;3.5250000e+02;2.1498458e-01;3.5250000e+02;1.8171814e-01;3.5250000e+02;1.3461676e-01;3.5250000e+02;8.5766196e-02;3.5250000e+02;4.1603807e-02;3.5250000e+02;-1.1652047e-03;3.5250000e+02;3.9627980e-03;3.5250000e+02;1.5211411e-02;3.5250000e+02;3.1517528e-02;3.5250000e+02;4.9475376e-02;3.5250000e+02;6.9395252e-02;3.5250000e+02;9.0874940e-02;3.5250000e+02;1.1236763e-01;3.5250000e+02;1.3305122e-01;3.5250000e+02;1.5503338e-01;3.5250000e+02;1.8200348e-01;3.5250000e+02;2.1040104e-01;3.5250000e+02;2.2602652e-01;3.5250000e+02;2.1498458e-01;3.5250000e+02;1.8171814e-01;3.5250000e+02;1.3461676e-01;3.5250000e+02;8.5766196e-02;3.5250000e+02;4.1603807e-02;3.5250000e+02;-1.1652047e-03;3.5250000e+02;3.9627980e-03;3.5250000e+02;1.5211411e-02;3.5250000e+02;3.1517528e-02;3.5250000e+02;4.9475376e-02;3.5250000e+02;6.9395252e-02;3.5250000e+02;9.0874940e-02;3.5250000e+02;1.1236763e-01;3.5250000e+02;1.3305122e-01;3.5250000e+02;1.5503338e-01;3.5250000e+02;1.8200348e-01;3.5250000e+02;2.1040104e-01;3.5250000e+02;2.2602652e-01;3.5250000e+02;2.1498458e-01;3.5250000e+02;1.8171814e-01;3.5250000e+02;1.3461676e-01;3.5250000e+02;8.5766196e-02;3.5250000e+02;4.1603807e-02;3.5250000e+02;-1.1652047e-03;3.5250000e+02;3.9627980e-03;3.5250000e+02;1.5211411e-02;3.5250000e+02;3.1517528e-02;3.5250000e+02;4.9475376e-02;3.5250000e+02;6.9395252e-02;3.5250000e+02;9.0874940e-02;3.5250000e+02;1.1236763e-01;3.5250000e+02;1.3305122e-01;3.5250000e+02;1.5503338e-01;3.5250000e+02;1.8200348e-01;3.5250000e+02;2.1040104e-01;3.5250000e+02;2.2602652e-01;3.5250000e+02;2.1498458e-01;3.5250000e+02;1.8171814e-01;3.5250000e+02;1.3461676e-01;3.5250000e+02;8.5766196e-02;3.5250000e+02;4.1603807e-02;3.5250000e+02;-1.1652047e-03;3.5250000e+02;3.9627980e-03;3.5250000e+02;1.5211411e-02;3.5250000e+02;3.1517528e-02;3.5250000e+02;4.9475376e-02;3.5250000e+02;6.9395252e-02;3.5250000e+02;9.0874940e-02;3.5250000e+02;1.1236763e-01;3.5250000e+02;1.3305122e-01;3.5250000e+02;1.5503338e-01;3.5250000e+02;1.8200348e-01;3.5250000e+02;2.1040104e-01;3.5250000e+02;2.2602652e-01;3.5250000e+02;2.1498458e-01;3.5250000e+02;1.8171814e-01;3.5250000e+02;1.3461676e-01;3.5250000e+02;8.5766196e-02;3.5250000e+02;4.1603807e-02;3.5250000e+02;-1.1652047e-03;3.5250000e+02;3.9627980e-03;3.5250000e+02;1.5211411e-02;3.5250000e+02;3.1517528e-02;3.5250000e+02;4.9475376e-02;3.5250000e+02;6.9395252e-02;3.5250000e+02;9.0874940e-02;3.5250000e+02;1.1236763e-01;3.5250000e+02;1.3305122e-01;3.5250000e+02;1.5503338e-01;3.5250000e+02;1.8200348e-01;3.5250000e+02;2.1040104e-01;3.5250000e+02;2.2602652e-01;3.5250000e+02;2.1498458e-01;3.5250000e+02;1.8171814e-01;3.5250000e+02;1.3461676e-01;3.5250000e+02;8.5766196e-02;3.5250000e+02;4.1603807e-02;3.5250000e+02;-1.1652047e-03;3.5250000e+02;3.9627980e-03;3.5250000e+02;1.5211411e-02;3.5250000e+02;3.1517528e-02;3.5250000e+02;4.9475376e-02;3.5250000e+02;6.9395252e-02;3.5250000e+02;9.0874940e-02;3.5250000e+02;1.1236763e-01;3.5250000e+02;1.3305122e-01;3.5250000e+02;1.5503338e-01;3.5250000e+02;1.8200348e-01;3.5250000e+02;2.1040104e-01;3.5250000e+02;2.2602652e-01;3.5250000e+02;2.1498458e-01;3.5250000e+02;1.8171814e-01;3.5250000e+02;1.3461676e-01;3.5250000e+02;8.5766196e-02;3.5250000e+02;4.1603807e-02;3.5250000e+02;-1.1652047e-03;3.5250000e+02;3.9627980e-03;3.5250000e+02;1.5211411e-02;3.5250000e+02;3.1517528e-02;3.5250000e+02;4.9475376e-02;3.5250000e+02;6.9395252e-02;3.5250000e+02;9.0874940e-02;3.5250000e+02;1.1236763e-01;3.5250000e+02;1.3305122e-01;3.5250000e+02;1.5503338e-01;3.5250000e+02;1.8200348e-01;3.5250000e+02;2.1040104e-01;3.5250000e+02;2.2602652e-01;3.5250000e+02;2.1498458e-01;3.5250000e+02;1.8171814e-01;3.5250000e+02;1.3461676e-01;3.5250000e+02;8.5766196e-02;3.5250000e+02;4.1603807e-02;3.5250000e+02;-1.1652047e-03;3.5250000e+02;3.9627980e-03;3.5250000e+02;1.5211411e-02;3.5250000e+02;3.1517528e-02;3.5250000e+02;4.9475376e-02;3.5250000e+02;6.9395252e-02;3.5250000e+02;9.0874940e-02;3.5250000e+02;1.1236763e-01;3.5250000e+02;1.3305122e-01;3.5250000e+02;1.5503338e-01;3.5250000e+02;1.8200348e-01;3.5250000e+02;2.1040104e-01;3.5250000e+02;2.2602652e-01;3.5250000e+02;2.1498458e-01;3.5250000e+02;1.8171814e-01;3.5250000e+02;1.3461676e-01;3.5250000e+02;8.5766196e-02;3.5250000e+02;4.1603807e-02
3.5750000e+02;3.8897591e-03;3.5750000e+02;8.6246422e-03;3.5750000e+02;1.8776510e-02;3.5750000e+02;3.2970961e-02;3.5750000e+02;4.9849793e-02;3.5750000e+02;6.9710031e-02;3.5750000e+02;9.1288298e-02;3.5750000e+02;1.1429241e-01;3.5750000e+02;1.3716497e-01;3.5750000e+02;1.5862046e-01;3.5750000e+02;1.8548760e-01;3.5750000e+02;2.1158963e-01;3.5750000e+02;2.2596906e-01;3.5750000e+02;2.1476024e-01;3.5750000e+02;1.8174177e-01;3.5750000e+02;1.3528472e-01;3.5750000e+02;8.7380156e-02;3.5750000e+02;4.4090807e-02;3.5750000e+02;3.8897591e-03;3.5750000e+02;8.6246422e-03;3.5750000e+02;1.8776510e-02;3.5750000e+02;3.2970961e-02;3.5750000e+02;4.9849793e-02;3.5750000e+02;6.9710031e-02;3.5750000e+02;9.1288298e-02;3.5750000e+02;1.1429241e-01;3.5750000e+02;1.3716497e-01;3.5750000e+02;1.5862046e-01;3.5750000e+02;1.8548760e-01;3.5750000e+02;2.1158963e-01;3.5750000e+02;2.2596906e-01;3.5750000e+02;2.1476024e-01;3.5750000e+02;1.8174177e-01;3.5750000e+02;1.3528472e-01;3.5750000e+02;8.7380156e-02;3.5750000e+02;4.4090807e-02;3.5750000e+02;3.8897591e-03;3.5750000e+02;8.6246422e-03;3.5750000e+02;1.8776510e-02;3.5750000e+02;3.2970961e-02;3.5750000e+02;4.9849793e-02;3.5750000e+02;6.9710031e-02;3.5750000e+02;9.1288298e-02;3.5750000e+02;1.1429241e-01;3.5750000e+02;1.3716497e-01;3.5750000e+02;1.5862046e-01;3.5750000e+02;1.8548760e-01;3.5750000e+02;2.1158963e-01;3.5750000e+02;2.2596906e-01;3.5750000e+02;2.1476024e-01;3.5750000e+02;1.8174177e-01;3.5750000e+02;1.3528472e-01;3.5750000e+02;8.7380156e-02;3.5750000e+02;4.4090807e-02;3.5750000e+02;3.8897591e-03;3.5750000e+02;8.6246422e-03;3.5750000e+02;1.8776510e-02;3.5750000e+02;3.2970961e-02;3.5750000e+02;4.9849793e-02;3.5750000e+02;6.9710031e-02;3.5750000e+02;9.1288298e-02;3.5750000e+02;1.1429241e-01;3.5750000e+02;1.3716497e-01;3.5750000e+02;1.5862046e-01;3.5750000e+02;1.8548760e-01;3.5750000e+02;2.1158963e-01;3.5750000e+02;2.2596906e-01;3.5750000e+02;2.1476024e-01;3.5750000e+02;1.8174177e-01;3.5750000e+02;1.3528472e-01;3.5750000e+02;8.7380156e-02;3.5750000e+02;4.4090807e-02;3.5750000e+02;3.8897591e-03;3.5750000e+02;8.6246422e-03;3.5750000e+02;1.8776510e-02;3.5750000e+02;3.2970961e-02;3.5750000e+02;4.9849793e-02;3.5750000e+02;6.9710031e-02;3.5750000e+02;9.1288298e-02;3.5750000e+02;1.1429241e-01;3.5750000e+02;1.3716497e-01;3.5750000e+02;1.5862046e-01;3.5750000e+02;1.8548760e-01;3.5750000e+02;2.1158963e-01;3.5750000e+02;2.2596906e-01;3.5750000e+02;2.1476024e-01;3.5750000e+02;1.8174177e-01;3.5750000e+02;1.3528472e-01;3.5750000e+02;8.7380156e-02;3.5750000e+02;4.4090807e-02;3.5750000e+02;3.8897591e-03;3.5750000e+02;8.6246422e-03;3.5750000e+02;1.8776510e-02;3.5750000e+02;3.2970961e-02;3.5750000e+02;4.9849793e-02;3.5750000e+02;6.9710031e-02;3.5750000e+02;9.1288298e-02;3.5750000e+02;1.1429241e-01;3.5750000e+02;1.3716497e-01;3.5750000e+02;1.5862046e-01;3.5750000e+02;1.8548760e-01;3.5750000e+02;2.1158963e-01;3.5750000e+02;2.2596906e-01;3.5750000e+02;2.1476024e-01;3.5750000e+02;1.8174177e-01;3.5750000e+02;1.3528472e-01;3.5750000e+02;8.7380156e-02;3.5750000e+02;4.4090807e-02;3.5750000e+02;3.8897591e-03;3.5750000e+02;8.6246422e-03;3.5750000e+02;1.8776510e-02;3.5750000e+02;3.2970961e-02;3.5750000e+02;4.9849793e-02;3.5750000e+02;6.9710031e-02;3.5750000e+02;9.1288298e-02;3.5750000e+02;1.1429241e-01;3.5750000e+02;1.3716497e-01;3.5750000e+02;1.5862046e-01;3.5750000e+02;1.8548760e-01;3.5750000e+02;2.1158963e-01;3.5750000e+02;2.2596906e-01;3.5750000e+02;2.1476024e-01;3.5750000e+02;1.8174177e-01;3.5750000e+02;1.3528472e-01;3.5750000e+02;8.7380156e-02;3.5750000e+02;4.4090807e-02;3.5750000e+02;3.8897591e-03;3.5750000e+02;8.6246422e-03;3.5750000e+02;1.8776510e-02;3.5750000e+02;3.2970961e-02;3.5750000e+02;4.9849793e-02;3.5750000e+02;6.9710031e-02;3.5750000e+02;9.1288298e-02;3.5750000e+02;1.1429241e-01;3.5750000e+02;1.3716497e-01;3.5750000e+02;1.5862046e-01;3.5750000e+02;1.8548760e-01;3.5750000e+02;2.1158963e-01;3.5750000e+02;2.2596906e-01;3.5750000e+02;2.1476024e-01;3.5750000e+02;1.8174177e-01;3.5750000e+02;1.3528472e-01;3.5750000e+02;8.7380156e-02;3.5750000e+02;4.4090807e-02;3.5750000e+02;3.8897591e-03;3.5750000e+02;8.6246422e-03;3.5750000e+02;1.8776510e-02;3.5750000e+02;3.2970961e-02;3.5750000e+02;4.9849793e-02;3.5750000e+02;6.9710031e-02;3.5750000e+02;9.1288298e-02;3.5750000e+02;1.1429241e-01;3.5750000e+02;1.3716497e-01;3.5750000e+02;1.5862046e-01;3.5750000e+02;1.8548760e-01;3.5750000e+02;2.1158963e-01;3.5750000e+02;2.2596906e-01;3.5750000e+02;2.1476024e-01;3.5750000e+02;1.8174177e-01;3.5750000e+02;1.3528472e-01;3.5750000e+02;8.7380156e-02;3.5750000e+02;4.4090807e-02;3.5750000e+02;3.8897591e-03;3.5750000e+02;8.6246422e-03;3.5750000e+02;1.8776510e-02;3.5750000e+02;3.2970961e-02;3.5750000e+02;4.9849793e-02;3.5750000e+02;6.9710031e-02;3.5750000e+02;9.1288298e-02;3.5750000e+02;1.1429241e-01;3.5750000e+02;1.3716497e-01;3.5750000e+02;1.5862046e-01;3.5750000e+02;1.8548760e-01;3.5750000e+02;2.1158963e-01;3.5750000e+02;2.2596906e-01;3.5750000e+02;2.1476024e-01;3.5750000e+02;1.8174177e-01;3.5750000e+02;1.3528472e-01;3.5750000e+02;8.7380156e-02;3.5750000e+02;4.4090807e-02;3.5750000e+02;3.8897591e-03;3.5750000e+02;8.6246422e-03;3.5750000e+02;1.8776510e-02;3.5750000e+02;3.2970961e-02;3.5750000e+02;4.9849793e-02;3.5750000e+02;6.9710031e-02;3.5750000e+02;9.1288298e-02;3.5750000e+02;1.1429241e-01;3.5750000e+02;1.3716497e-01;3.5750000e+02;1.5862046e-01;3.5750000e+02;1.8548760e-01;3.5750000e+02;2.1158963e-01;3.5750000e+02;2.2596906e-01;3.5750000e+02;2.1476024e-01;3.5750000e+02;1.8174177e-01;3.5750000e+02;1.3528472e-01;3.5750000e+02;8.7380156e-02;3.5750000e+02;4.4090807e-02;3.5750000e+02;3.8897591e-03;3.5750000e+02;8.6246422e-03;3.5750000e+02;1.8776510e-02;3.5750000e+02;3.2970961e-02;3.5750000e+02;4.9849793e-02;3.5750000e+02;6.9710031e-02;3.5750000e+02;9.1288298e-02;3.5750000e+02;1.1429241e-01;3.5750000e+02;1.3716497e-01;3.5750000e+02;1.5862046e-01;3.5750000e+02;1.8548760e-01;3.5750000e+02;2.1158963e-01;3.5750000e+02;2.2596906e-01;3.5750000e+02;2.1476024e-01;3.5750000e+02;1.8174177e-01;3.5750000e+02;1.3528472e-01;3.5750000e+02;8.7380156e-02;3.5750000e+02;4.4090807e-02;3.5750000e+02;3.8897591e-03;3.5750000e+02;8.6246422e-03;3.5750000e+02;1.8776510e-02;3.5750000e+02;3.2970961e-02;3.5750000e+02;4.9849793e-02;3.5750000e+02;6.9710031e-02;3.5750000e+02;9.1288298e-02;3.5750000e+02;1.1429241e-01;3.5750000e+02;1.3716497e-01;3.5750000e+02;1.5862046e-01;3.5750000e+02;1.8548760e-01;3.5750000e+02;2.1158963e-01;3.5750000e+02;2.2596906e-01;3.5750000e+02;2.1476024e-01;3.5750000e+02;1.8174177e-01;3.5750000e+02;1.3528472e-01;3.5750000e+02;8.7380156e-02;3.5750000e+02;4.4090807e-02;3.5750000e+02;3.8897591e-03;3.5750000e+02;8.6246422e-03;3.5750000e+02;1.8776510e-02;3.5750000e+02;3.2970961e-02;3.5750000e+02;4.9849793e-02;3.5750000e+02;6.9710031e-02;3.5750000e+02;9.1288298e-02;3.5750000e+02;1.1429241e-01;3.5750000e+02;1.3716497e-01;3.5750000e+02;1.5862046e-01;3.5750000e+02;1.8548760e-01;3.5750000e+02;2.1158963e-01;3.5750000e+02;2.2596906e-01;3.5750000e+02;2.1476024e-01;3.5750000e+02;1.8174177e-01;3.5750000e+02;1.3528472e-01;3.5750000e+02;8.7380156e-02;3.5750000e+02;4.4090807e-02;3.5750000e+02;3.8897591e-03;3.5750000e+02;8.6246422e-03;3.5750000e+02;1.8776510e-02;3.5750000e+02;3.2970961e-02;3.5750000e+02;4.9849793e-02;3.5750000e+02;6.9710031e-02;3.5750000e+02;9.1288298e-02;3.5750000e+02;1.1429241e-01;3.5750000e+02;1.3716497e-01;3.5750000e+02;1.5862046e-01;3.5750000e+02;1.8548760e-01;3.5750000e+02;2.1158963e-01;3.5750000e+02;2.2596906e-01;3.5750000e+02;2.1476024e-01;3.5750000e+02;1.8174177e-01;3.5750000e+02;1.3528472e-01;3.5750000e+02;8.7380156e-02;3.5750000e+02;4.4090807e-02;3.5750000e+02;3.8897591e-03;3.5750000e+02;8.6246422e-03;3.5750000e+02;1.8776510e-02;3.5750000e+02;3.2970961e-02;3.5750000e+02;4.9849793e-02;3.5750000e+02;6.9710031e-02;3.5750000e+02;9.1288298e-02;3.5750000e+02;1.1429241e-01;3.5750000e+02;1.3716497e-01;3.5750000e+02;1.5862046e-01;3.5750000e+02;1.8548760e-01;3.5750000e+02;2.1158963e-01;3.5750000e+02;2.2596906e-01;3.5750000e+02;2.1476024e-01;3.5750000e+02;1.8174177e-01;3.5750000e+02;1.3528472e-01;3.5750000e+02;8.7380156e-02;3.5750000e+02;4.4090807e-02;3.5750000e+02;3.8897591e-03;3.5750000e+02;8.6246422e-03;3.5750000e+02;1.8776510e-02;3.5750000e+02;3.2970961e-02;3.5750000e+02;4.9849793e-02;3.5750000e+02;6.9710031e-02;3.5750000e+02;9.1288298e-02;3.5750000e+02;1.1429241e-01;3.5750000e+02;1.3716497e-01;3.5750000e+02;1.5862046e-01;3.5750000e+02;1.8548760e-01;3.5750000e+02;2.1158963e-01;3.5750000e+02;2.2596906e-01;3.5750000e+02;2.1476024e-01;3.5750000e+02;1.8174177e-01;3.5750000e+02;1.3528472e-01;3.5750000e+02;8.7380156e-02;3.5750000e+02;4.4090807e-02;3.5750000e+02;3.8897591e-03;3.5750000e+02;8.6246422e-03;3.5750000e+02;1.8776510e-02;3.5750000e+02;3.2970961e-02;3.5750000e+02;4.9849793e-02;3.5750000e+02;6.9710031e-02;3.5750000e+02;9.1288298e-02;3.5750000e+02;1.1429241e-01;3.5750000e+02;1.3716497e-01;3.5750000e+02;1.5862046e-01;3.5750000e+02;1.8548760e-01;3.5750000e+02;2.1158963e-01;3.5750000e+02;2.2596906e-01;3.5750000e+02;2.1476024e-01;3.5750000e+02;1.8174177e-01;3.5750000e+02;1.3528472e-01;3.5750000e+02;8.7380156e-02;3.5750000e+02;4.4090807e-02;3.5750000e+02;3.8897591e-03;3.5750000e+02;8.6246422e-03;3.5750000e+02;1.8776510e-02;3.5750000e+02;3.2970961e-02;3.5750000e+02;4.9849793e-02;3.5750000e+02;6.9710031e-02;3.5750000e+02;9.1288298e-02;3.5750000e+02;1.1429241e-01;3.5750000e+02;1.3716497e-01;3.5750000e+02;1.5862046e-01;3.5750000e+02;1.8548760e-01;3.5750000e+02;2.1158963e-01;3.5750000e+02;2.2596906e-01;3.5750000e+02;2.1476024e-01;3.5750000e+02;1.8174177e-01;3.5750000e+02;1.3528472e-01;3.5750000e+02;8.7380156e-02;3.5750000e+02;4.4090807e-02;3.5750000e+02;3.8897591e-03;3.5750000e+02;8.6246422e-03;3.5750000e+02;1.8776510e-02;3.5750000e+02;3.2970961e-02;3.5750000e+02;4.9849793e-02;3.5750000e+02;6.9710031e-02;3.5750000e+02;9.1288298e-02;3.5750000e+02;1.1429241e-01;3.5750000e+02;1.3716497e-01;3.5750000e+02;1.5862046e-01;3.5750000e+02;1.8548760e-01;3.5750000e+02;2.1158963e-01;3.5750000e+02;2.2596906e-01;3.5750000e+02;2.1476024e-01;3.5750000e+02;1.8174177e-01;3.5750000e+02;1.3528472e-01;3.5750000e+02;8.7380156e-02;3.5750000e+02;4.4090807e-02;3.5750000e+02;3.8897591e-03;3.5750000e+02;8.6246422e-03;3.5750000e+02;1.8776510e-02;3.5750000e+02;3.2970961e-02;3.5750000e+02;4.9849793e-02;3.5750000e+02;6.9710031e-02;3.5750000e+02;9.1288298e-02;3.5750000e+02;1.1429241e-01;3.5750000e+02;1.3716497e-01;3.5750000e+02;1.5862046e-01;3.5750000e+02;1.8548760e-01;3.5750000e+02;2.1158963e-01;3.5750000e+02;2.2596906e-01;3.5750000e+02;2.1476024e-01;3.5750000e+02;1.8174177e-01;3.5750000e+02;1.3528472e-01;3.5750000e+02;8.7380156e-02;3.5750000e+02;4.4090807e-02;3.5750000e+02;3.8897591e-03;3.5750000e+02;8.6246422e-03;3.5750000e+02;1.8776510e-02;3.5750000e+02;3.2970961e-02;3.5750000e+02;4.9849793e-02;3.5750000e+02;6.9710031e-02;3.5750000e+02;9.1288298e-02;3.5750000e+02;1.1429241e-01;3.5750000e+02;1.3716497e-01;3.5750000e+02;1.5862046e-01;3.5750000e+02;1.8548760e-01;3.5750000e+02;2.1158963e-01;3.5750000e+02;2.2596906e-01;3.5750000e+02;2.1476024e-01;3.5750000e+02;1.8174177e-01;3.5750000e+02;1.3528472e-01;3.5750000e+02;8.7380156e-02;3.5750000e+02;4.4090807e-02;3.5750000e+02;3.8897591e-03;3.5750000e+02;8.6246422e-03;3.5750000e+02;1.8776510e-02;3.5750000e+02;3.2970961e-02;3.5750000e+02;4.9849793e-02;3.5750000e+02;6.9710031e-02;3.5750000e+02;9.1288298e-02;3.5750000e+02;1.1429241e-01;3.5750000e+02;1.3716497e-01;3.5750000e+02;1.5862046e-01;3.5750000e+02;1.8548760e-01;3.5750000e+02;2.1158963e-01;3.5750000e+02;2.2596906e-01;3.5750000e+02;2.1476024e-01;3.5750000e+02;1.8174177e-01;3.5750000e+02;1.3528472e-01;3.5750000e+02;8.7380156e-02;3.5750000e+02;4.4090807e-02;3.5750000e+02;3.8897591e-03;3.5750000e+02;8.6246422e-03;3.5750000e+02;1.8776510e-02;3.5750000e+02;3.2970961e-02;3.5750000e+02;4.9849793e-02;3.5750000e+02;6.9710031e-02;3.5750000e+02;9.1288298e-02;3.5750000e+02;1.1429241e-01;3.5750000e+02;1.3716497e-01;3.5750000e+02;1.5862046e-01;3.5750000e+02;1.8548760e-01;3.5750000e+02;2.1158963e-01;3.5750000e+02;2.2596906e-01;3.5750000e+02;2.1476024e-01;3.5750000e+02;1.8174177e-01;3.5750000e+02;1.3528472e-01;3.5750000e+02;8.7380156e-02;3.5750000e+02;4.4090807e-02;3.5750000e+02;3.8897591e-03;3.5750000e+02;8.6246422e-03;3.5750000e+02;1.8776510e-02;3.5750000e+02;3.2970961e-02;3.5750000e+02;4.9849793e-02;3.5750000e+02;6.9710031e-02;3.5750000e+02;9.1288298e-02;3.5750000e+02;1.1429241e-01;3.5750000e+02;1.3716497e-01;3.5750000e+02;1.5862046e-01;3.5750000e+02;1.8548760e-01;3.5750000e+02;2.1158963e-01;3.5750000e+02;2.2596906e-01;3.5750000e+02;2.1476024e-01;3.5750000e+02;1.8174177e-01;3.5750000e+02;1.3528472e-01;3.5750000e+02;8.7380156e-02;3.5750000e+02;4.4090807e-02;3.5750000e+02;3.8897591e-03;3.5750000e+02;8.6246422e-03;3.5750000e+02;1.8776510e-02;3.5750000e+02;3.2970961e-02;3.5750000e+02;4.9849793e-02;3.5750000e+02;6.9710031e-02;3.5750000e+02;9.1288298e-02;3.5750000e+02;1.1429241e-01;3.5750000e+02;1.3716497e-01;3.5750000e+02;1.5862046e-01;3.5750000e+02;1.8548760e-01;3.5750000e+02;2.1158963e-01;3.5750000e+02;2.2596906e-01;3.5750000e+02;2.1476024e-01;3.5750000e+02;1.8174177e-01;3.5750000e+02;1.3528472e-01;3.5750000e+02;8.7380156e-02;3.5750000e+02;4.4090807e-02;3.5750000e+02;3.8897591e-03;3.5750000e+02;8.6246422e-03;3.5750000e+02;1.8776510e-02;3.5750000e+02;3.2970961e-02;3.5750000e+02;4.9849793e-02;3.5750000e+02;6.9710031e-02;3.5750000e+02;9.1288298e-02;3.5750000e+02;1.1429241e-01;3.5750000e+02;1.3716497e-01;3.5750000e+02;1.5862046e-01;3.5750000e+02;1.8548760e-01;3.5750000e+02;2.1158963e-01;3.5750000e+02;2.2596906e-01;3.5750000e+02;2.1476024e-01;3.5750000e+02;1.8174177e-01;3.5750000e+02;1.3528472e-01;3.5750000e+02;8.7380156e-02;3.5750000e+02;4.4090807e-02;3.5750000e+02;3.8897591e-03;3.5750000e+02;8.6246422e-03;3.5750000e+02;1.8776510e-02;3.5750000e+02;3.2970961e-02;3.5750000e+02;4.9849793e-02;3.5750000e+02;6.9710031e-02;3.5750000e+02;9.1288298e-02;3.5750000e+02;1.1429241e-01;3.5750000e+02;1.3716497e-01;3.5750000e+02;1.5862046e-01;3.5750000e+02;1.8548760e-01;3.5750000e+02;2.1158963e-01;3.5750000e+02;2.2596906e-01;3.5750000e+02;2.1476024e-01;3.5750000e+02;1.8174177e-01;3.5750000e+02;1.3528472e-01;3.5750000e+02;8.7380156e-02;3.5750000e+02;4.4090807e-02;3.5750000e+02;3.8897591e-03;3.5750000e+02;8.6246422e-03;3.5750000e+02;1.8776510e-02;3.5750000e+02;3.2970961e-02;3.5750000e+02;4.9849793e-02;3.5750000e+02;6.9710031e-02;3.5750000e+02;9.1288298e-02;3.5750000e+02;1.1429241e-01;3.5750000e+02;1.3716497e-01;3.5750000e+02;1.5862046e-01;3.5750000e+02;1.8548760e-01;3.5750000e+02;2.1158963e-01;3.5750000e+02;2.2596906e-01;3.5750000e+02;2.1476024e-01;3.5750000e+02;1.8174177e-01;3.5750000e+02;1.3528472e-01;3.5750000e+02;8.7380156e-02;3.5750000e+02;4.4090807e-02;3.5750000e+02;3.8897591e-03;3.5750000e+02;8.6246422e-03;3.5750000e+02;1.8776510e-02;3.5750000e+02;3.2970961e-02;3.5750000e+02;4.9849793e-02;3.5750000e+02;6.9710031e-02;3.5750000e+02;9.1288298e-02;3.5750000e+02;1.1429241e-01;3.5750000e+02;1.3716497e-01;3.5750000e+02;1.5862046e-01;3.5750000e+02;1.8548760e-01;3.5750000e+02;2.1158963e-01;3.5750000e+02;2.2596906e-01;3.5750000e+02;2.1476024e-01;3.5750000e+02;1.8174177e-01;3.5750000e+02;1.3528472e-01;3.5750000e+02;8.7380156e-02;3.5750000e+02;4.4090807e-02;3.5750000e+02;3.8897591e-03;3.5750000e+02;8.6246422e-03;3.5750000e+02;1.8776510e-02;3.5750000e+02;3.2970961e-02;3.5750000e+02;4.9849793e-02;3.5750000e+02;6.9710031e-02;3.5750000e+02;9.1288298e-02;3.5750000e+02;1.1429241e-01;3.5750000e+02;1.3716497e-01;3.5750000e+02;1.5862046e-01;3.5750000e+02;1.8548760e-01;3.5750000e+02;2.1158963e-01;3.5750000e+02;2.2596906e-01;3.5750000e+02;2.1476024e-01;3.5750000e+02;1.8174177e-01;3.5750000e+02;1.3528472e-01;3.5750000e+02;8.7380156e-02;3.5750000e+02;4.4090807e-02;3.5750000e+02;3.8897591e-03;3.5750000e+02;8.6246422e-03;3.5750000e+02;1.8776510e-02;3.5750000e+02;3.2970961e-02;3.5750000e+02;4.9849793e-02;3.5750000e+02;6.9710031e-02;3.5750000e+02;9.1288298e-02;3.5750000e+02;1.1429241e-01;3.5750000e+02;1.3716497e-01;3.5750000e+02;1.5862046e-01;3.5750000e+02;1.8548760e-01;3.5750000e+02;2.1158963e-01;3.5750000e+02;2.2596906e-01;3.5750000e+02;2.1476024e-01;3.5750000e+02;1.8174177e-01;3.5750000e+02;1.3528472e-01;3.5750000e+02;8.7380156e-02;3.5750000e+02;4.4090807e-02;3.5750000e+02;3.8897591e-03;3.5750000e+02;8.6246422e-03;3.5750000e+02;1.8776510e-02;3.5750000e+02;3.2970961e-02;3.5750000e+02;4.9849793e-02;3.5750000e+02;6.9710031e-02;3.5750000e+02;9.1288298e-02;3.5750000e+02;1.1429241e-01;3.5750000e+02;1.3716497e-01;3.5750000e+02;1.5862046e-01;3.5750000e+02;1.8548760e-01;3.5750000e+02;2.1158963e-01;3.5750000e+02;2.2596906e-01;3.5750000e+02;2.1476024e-01;3.5750000e+02;1.8174177e-01;3.5750000e+02;1.3528472e-01;3.5750000e+02;8.7380156e-02;3.5750000e+02;4.4090807e-02;3.5750000e+02;3.8897591e-03;3.5750000e+02;8.6246422e-03;3.5750000e+02;1.8776510e-02;3.5750000e+02;3.2970961e-02;3.5750000e+02;4.9849793e-02;3.5750000e+02;6.9710031e-02;3.5750000e+02;9.1288298e-02;3.5750000e+02;1.1429241e-01;3.5750000e+02;1.3716497e-01;3.5750000e+02;1.5862046e-01;3.5750000e+02;1.8548760e-01;3.5750000e+02;2.1158963e-01;3.5750000e+02;2.2596906e-01;3.5750000e+02;2.1476024e-01;3.5750000e+02;1.8174177e-01;3.5750000e+02;1.3528472e-01;3.5750000e+02;8.7380156e-02;3.5750000e+02;4.4090807e-02;3.5750000e+02;3.8897591e-03;3.5750000e+02;8.6246422e-03;3.5750000e+02;1.8776510e-02;3.5750000e+02;3.2970961e-02;3.5750000e+02;4.9849793e-02;3.5750000e+02;6.9710031e-02;3.5750000e+02;9.1288298e-02;3.5750000e+02;1.1429241e-01;3.5750000e+02;1.3716497e-01;3.5750000e+02;1.5862046e-01;3.5750000e+02;1.8548760e-01;3.5750000e+02;2.1158963e-01;3.5750000e+02;2.2596906e-01;3.5750000e+02;2.1476024e-01;3.5750000e+02;1.8174177e-01;3.5750000e+02;1.3528472e-01;3.5750000e+02;8.7380156e-02;3.5750000e+02;4.4090807e-02;3.5750000e+02;3.8897591e-03;3.5750000e+02;8.6246422e-03;3.5750000e+02;1.8776510e-02;3.5750000e+02;3.2970961e-02;3.5750000e+02;4.9849793e-02;3.5750000e+02;6.9710031e-02;3.5750000e+02;9.1288298e-02;3.5750000e+02;1.1429241e-01;3.5750000e+02;1.3716497e-01;3.5750000e+02;1.5862046e-01;3.5750000e+02;1.8548760e-01;3.5750000e+02;2.1158963e-01;3.5750000e+02;2.2596906e-01;3.5750000e+02;2.1476024e-01;3.5750000e+02;1.8174177e-01;3.5750000e+02;1.3528472e-01;3.5750000e+02;8.7380156e-02;3.5750000e+02;4.4090807e-02;3.5750000e+02;3.8897591e-03;3.5750000e+02;8.6246422e-03;3.5750000e+02;1.8776510e-02;3.5750000e+02;3.2970961e-02;3.5750000e+02;4.9849793e-02;3.5750000e+02;6.9710031e-02;3.5750000e+02;9.1288298e-02;3.5750000e+02;1.1429241e-01;3.5750000e+02;1.3716497e-01;3.5750000e+02;1.5862046e-01;3.5750000e+02;1.8548760e-01;3.5750000e+02;2.1158963e-01;3.5750000e+02;2.2596906e-01;3.5750000e+02;2.1476024e-01;3.5750000e+02;1.8174177e-01;3.5750000e+02;1.3528472e-01;3.5750000e+02;8.7380156e-02;3.5750000e+02;4.4090807e-02;3.5750000e+02;3.8897591e-03;3.5750000e+02;8.6246422e-03;3.5750000e+02;1.8776510e-02;3.5750000e+02;3.2970961e-02;3.5750000e+02;4.9849793e-02;3.5750000e+02;6.9710031e-02;3.5750000e+02;9.1288298e-02;3.5750000e+02;1.1429241e-01;3.5750000e+02;1.3716497e-01;3.5750000e+02;1.5862046e-01;3.5750000e+02;1.8548760e-01;3.5750000e+02;2.1158963e-01;3.5750000e+02;2.2596906e-01;3.5750000e+02;2.1476024e-01;3.5750000e+02;1.8174177e-01;3.5750000e+02;1.3528472e-01;3.5750000e+02;8.7380156e-02;3.5750000e+02;4.4090807e-02;3.5750000e+02;3.8897591e-03;3.5750000e+02;8.6246422e-03;3.5750000e+02;1.8776510e-02;3.5750000e+02;3.2970961e-02;3.5750000e+02;4.9849793e-02;3.5750000e+02;6.9710031e-02;3.5750000e+02;9.1288298e-02;3.5750000e+02;1.1429241e-01;3.5750000e+02;1.3716497e-01;3.5750000e+02;1.5862046e-01;3.5750000e+02;1.8548760e-01;3.5750000e+02;2.1158963e-01;3.5750000e+02;2.2596906e-01;3.5750000e+02;2.1476024e-01;3.5750000e+02;1.8174177e-01;3.5750000e+02;1.3528472e-01;3.5750000e+02;8.7380156e-02;3.5750000e+02;4.4090807e-02;3.5750000e+02;3.8897591e-03;3.5750000e+02;8.6246422e-03;3.5750000e+02;1.8776510e-02;3.5750000e+02;3.2970961e-02;3.5750000e+02;4.9849793e-02;3.5750000e+02;6.9710031e-02;3.5750000e+02;9.1288298e-02;3.5750000e+02;1.1429241e-01;3.5750000e+02;1.3716497e-01;3.5750000e+02;1.5862046e-01;3.5750000e+02;1.8548760e-01;3.5750000e+02;2.1158963e-01;3.5750000e+02;2.2596906e-01;3.5750000e+02;2.1476024e-01;3.5750000e+02;1.8174177e-01;3.5750000e+02;1.3528472e-01;3.5750000e+02;8.7380156e-02;3.5750000e+02;4.4090807e-02;3.5750000e+02;3.8897591e-03;3.5750000e+02;8.6246422e-03;3.5750000e+02;1.8776510e-02;3.5750000e+02;3.2970961e-02;3.5750000e+02;4.9849793e-02;3.5750000e+02;6.9710031e-02;3.5750000e+02;9.1288298e-02;3.5750000e+02;1.1429241e-01;3.5750000e+02;1.3716497e-01;3.5750000e+02;1.5862046e-01;3.5750000e+02;1.8548760e-01;3.5750000e+02;2.1158963e-01;3.5750000e+02;2.2596906e-01;3.5750000e+02;2.1476024e-01;3.5750000e+02;1.8174177e-01;3.5750000e+02;1.3528472e-01;3.5750000e+02;8.7380156e-02;3.5750000e+02;4.4090807e-02;3.5750000e+02;3.8897591e-03;3.5750000e+02;8.6246422e-03;3.5750000e+02;1.8776510e-02;3.5750000e+02;3.2970961e-02;3.5750000e+02;4.9849793e-02;3.5750000e+02;6.9710031e-02;3.5750000e+02;9.1288298e-02;3.5750000e+02;1.1429241e-01;3.5750000e+02;1.3716497e-01;3.5750000e+02;1.5862046e-01;3.5750000e+02;1.8548760e-01;3.5750000e+02;2.1158963e-01;3.5750000e+02;2.2596906e-01;3.5750000e+02;2.1476024e-01;3.5750000e+02;1.8174177e-01;3.5750000e+02;1.3528472e-01;3.5750000e+02;8.7380156e-02;3.5750000e+02;4.4090807e-02;3.5750000e+02;3.8897591e-03;3.5750000e+02;8.6246422e-03;3.5750000e+02;1.8776510e-02;3.5750000e+02;3.2970961e-02;3.5750000e+02;4.9849793e-02;3.5750000e+02;6.9710031e-02;3.5750000e+02;9.1288298e-02;3.5750000e+02;1.1429241e-01;3.5750000e+02;1.3716497e-01;3.5750000e+02;1.5862046e-01;3.5750000e+02;1.8548760e-01;3.5750000e+02;2.1158963e-01;3.5750000e+02;2.2596906e-01;3.5750000e+02;2.1476024e-01;3.5750000e+02;1.8174177e-01;3.5750000e+02;1.3528472e-01;3.5750000e+02;8.7380156e-02;3.5750000e+02;4.4090807e-02;3.5750000e+02;3.8897591e-03;3.5750000e+02;8.6246422e-03;3.5750000e+02;1.8776510e-02;3.5750000e+02;3.2970961e-02;3.5750000e+02;4.9849793e-02;3.5750000e+02;6.9710031e-02;3.5750000e+02;9.1288298e-02;3.5750000e+02;1.1429241e-01;3.5750000e+02;1.3716497e-01;3.5750000e+02;1.5862046e-01;3.5750000e+02;1.8548760e-01;3.5750000e+02;2.1158963e-01;3.5750000e+02;2.2596906e-01;3.5750000e+02;2.1476024e-01;3.5750000e+02;1.8174177e-01;3.5750000e+02;1.3528472e-01;3.5750000e+02;8.7380156e-02;3.5750000e+02;4.4090807e-02;3.5750000e+02;3.8897591e-03;3.5750000e+02;8.6246422e-03;3.5750000e+02;1.8776510e-02;3.5750000e+02;3.2970961e-02;3.5750000e+02;4.9849793e-02;3.5750000e+02;6.9710031e-02;3.5750000e+02;9.1288298e-02;3.5750000e+02;1.1429241e-01;3.5750000e+02;1.3716497e-01;3.5750000e+02;1.5862046e-01;3.5750000e+02;1.8548760e-01;3.5750000e+02;2.1158963e-01;3.5750000e+02;2.2596906e-01;3.5750000e+02;2.1476024e-01;3.5750000e+02;1.8174177e-01;3.5750000e+02;1.3528472e-01;3.5750000e+02;8.7380156e-02;3.5750000e+02;4.4090807e-02;3.5750000e+02;3.8897591e-03;3.5750000e+02;8.6246422e-03;3.5750000e+02;1.8776510e-02;3.5750000e+02;3.2970961e-02;3.5750000e+02;4.9849793e-02;3.5750000e+02;6.9710031e-02;3.5750000e+02;9.1288298e-02;3.5750000e+02;1.1429241e-01;3.5750000e+02;1.3716497e-01;3.5750000e+02;1.5862046e-01;3.5750000e+02;1.8548760e-01;3.5750000e+02;2.1158963e-01;3.5750000e+02;2.2596906e-01;3.5750000e+02;2.1476024e-01;3.5750000e+02;1.8174177e-01;3.5750000e+02;1.3528472e-01;3.5750000e+02;8.7380156e-02;3.5750000e+02;4.4090807e-02;3.5750000e+02;3.8897591e-03;3.5750000e+02;8.6246422e-03;3.5750000e+02;1.8776510e-02;3.5750000e+02;3.2970961e-02;3.5750000e+02;4.9849793e-02;3.5750000e+02;6.9710031e-02;3.5750000e+02;9.1288298e-02;3.5750000e+02;1.1429241e-01;3.5750000e+02;1.3716497e-01;3.5750000e+02;1.5862046e-01;3.5750000e+02;1.8548760e-01;3.5750000e+02;2.1158963e-01;3.5750000e+02;2.2596906e-01;3.5750000e+02;2.1476024e-01;3.5750000e+02;1.8174177e-01;3.5750000e+02;1.3528472e-01;3.5750000e+02;8.7380156e-02;3.5750000e+02;4.4090807e-02;3.5750000e+02;3.8897591e-03;3.5750000e+02;8.6246422e-03;3.5750000e+02;1.8776510e-02;3.5750000e+02;3.2970961e-02;3.5750000e+02;4.9849793e-02;3.5750000e+02;6.9710031e-02;3.5750000e+02;9.1288298e-02;3.5750000e+02;1.1429241e-01;3.5750000e+02;1.3716497e-01;3.5750000e+02;1.5862046e-01;3.5750000e+02;1.8548760e-01;3.5750000e+02;2.1158963e-01;3.5750000e+02;2.2596906e-01;3.5750000e+02;2.1476024e-01;3.5750000e+02;1.8174177e-01;3.5750000e+02;1.3528472e-01;3.5750000e+02;8.7380156e-02;3.5750000e+02;4.4090807e-02;3.5750000e+02;3.8897591e-03;3.5750000e+02;8.6246422e-03;3.5750000e+02;1.8776510e-02;3.5750000e+02;3.2970961e-02;3.5750000e+02;4.9849793e-02;3.5750000e+02;6.9710031e-02;3.5750000e+02;9.1288298e-02;3.5750000e+02;1.1429241e-01;3.5750000e+02;1.3716497e-01;3.5750000e+02;1.5862046e-01;3.5750000e+02;1.8548760e-01;3.5750000e+02;2.1158963e-01;3.5750000e+02;2.2596906e-01;3.5750000e+02;2.1476024e-01;3.5750000e+02;1.8174177e-01;3.5750000e+02;1.3528472e-01;3.5750000e+02;8.7380156e-02;3.5750000e+02;4.4090807e-02;3.5750000e+02;3.8897591e-03;3.5750000e+02;8.6246422e-03;3.5750000e+02;1.8776510e-02;3.5750000e+02;3.2970961e-02;3.5750000e+02;4.9849793e-02;3.5750000e+02;6.9710031e-02;3.5750000e+02;9.1288298e-02;3.5750000e+02;1.1429241e-01;3.5750000e+02;1.3716497e-01;3.5750000e+02;1.5862046e-01;3.5750000e+02;1.8548760e-01;3.5750000e+02;2.1158963e-01;3.5750000e+02;2.2596906e-01;3.5750000e+02;2.1476024e-01;3.5750000e+02;1.8174177e-01;3.5750000e+02;1.3528472e-01;3.5750000e+02;8.7380156e-02;3.5750000e+02;4.4090807e-02;3.5750000e+02;3.8897591e-03;3.5750000e+02;8.6246422e-03;3.5750000e+02;1.8776510e-02;3.5750000e+02;3.2970961e-02;3.5750000e+02;4.9849793e-02;3.5750000e+02;6.9710031e-02;3.5750000e+02;9.1288298e-02;3.5750000e+02;1.1429241e-01;3.5750000e+02;1.3716497e-01;3.5750000e+02;1.5862046e-01;3.5750000e+02;1.8548760e-01;3.5750000e+02;2.1158963e-01;3.5750000e+02;2.2596906e-01;3.5750000e+02;2.1476024e-01;3.5750000e+02;1.8174177e-01;3.5750000e+02;1.3528472e-01;3.5750000e+02;8.7380156e-02;3.5750000e+02;4.4090807e-02;3.5750000e+02;3.8897591e-03;3.5750000e+02;8.6246422e-03;3.5750000e+02;1.8776510e-02;3.5750000e+02;3.2970961e-02;3.5750000e+02;4.9849793e-02;3.5750000e+02;6.9710031e-02;3.5750000e+02;9.1288298e-02;3.5750000e+02;1.1429241e-01;3.5750000e+02;1.3716497e-01;3.5750000e+02;1.5862046e-01;3.5750000e+02;1.8548760e-01;3.5750000e+02;2.1158963e-01;3.5750000e+02;2.2596906e-01;3.5750000e+02;2.1476024e-01;3.5750000e+02;1.8174177e-01;3.5750000e+02;1.3528472e-01;3.5750000e+02;8.7380156e-02;3.5750000e+02;4.4090807e-02;3.5750000e+02;3.8897591e-03;3.5750000e+02;8.6246422e-03;3.5750000e+02;1.8776510e-02;3.5750000e+02;3.2970961e-02;3.5750000e+02;4.9849793e-02;3.5750000e+02;6.9710031e-02;3.5750000e+02;9.1288298e-02;3.5750000e+02;1.1429241e-01;3.5750000e+02;1.3716497e-01;3.5750000e+02;1.5862046e-01;3.5750000e+02;1.8548760e-01;3.5750000e+02;2.1158963e-01;3.5750000e+02;2.2596906e-01;3.5750000e+02;2.1476024e-01;3.5750000e+02;1.8174177e-01;3.5750000e+02;1.3528472e-01;3.5750000e+02;8.7380156e-02;3.5750000e+02;4.4090807e-02;3.5750000e+02;3.8897591e-03;3.5750000e+02;8.6246422e-03;3.5750000e+02;1.8776510e-02;3.5750000e+02;3.2970961e-02;3.5750000e+02;4.9849793e-02;3.5750000e+02;6.9710031e-02;3.5750000e+02;9.1288298e-02;3.5750000e+02;1.1429241e-01;3.5750000e+02;1.3716497e-01;3.5750000e+02;1.5862046e-01;3.5750000e+02;1.8548760e-01;3.5750000e+02;2.1158963e-01;3.5750000e+02;2.2596906e-01;3.5750000e+02;2.1476024e-01;3.5750000e+02;1.8174177e-01;3.5750000e+02;1.3528472e-01;3.5750000e+02;8.7380156e-02;3.5750000e+02;4.4090807e-02;3.5750000e+02;3.8897591e-03;3.5750000e+02;8.6246422e-03;3.5750000e+02;1.8776510e-02;3.5750000e+02;3.2970961e-02;3.5750000e+02;4.9849793e-02;3.5750000e+02;6.9710031e-02;3.5750000e+02;9.1288298e-02;3.5750000e+02;1.1429241e-01;3.5750000e+02;1.3716497e-01;3.5750000e+02;1.5862046e-01;3.5750000e+02;1.8548760e-01;3.5750000e+02;2.1158963e-01;3.5750000e+02;2.2596906e-01;3.5750000e+02;2.1476024e-01;3.5750000e+02;1.8174177e-01;3.5750000e+02;1.3528472e-01;3.5750000e+02;8.7380156e-02;3.5750000e+02;4.4090807e-02;3.5750000e+02;3.8897591e-03;3.5750000e+02;8.6246422e-03;3.5750000e+02;1.8776510e-02;3.5750000e+02;3.2970961e-02;3.5750000e+02;4.9849793e-02;3.5750000e+02;6.9710031e-02;3.5750000e+02;9.1288298e-02;3.5750000e+02;1.1429241e-01;3.5750000e+02;1.3716497e-01;3.5750000e+02;1.5862046e-01;3.5750000e+02;1.8548760e-01;3.5750000e+02;2.1158963e-01;3.5750000e+02;2.2596906e-01;3.5750000e+02;2.1476024e-01;3.5750000e+02;1.8174177e-01;3.5750000e+02;1.3528472e-01;3.5750000e+02;8.7380156e-02;3.5750000e+02;4.4090807e-02;3.5750000e+02;3.8897591e-03;3.5750000e+02;8.6246422e-03;3.5750000e+02;1.8776510e-02;3.5750000e+02;3.2970961e-02;3.5750000e+02;4.9849793e-02;3.5750000e+02;6.9710031e-02;3.5750000e+02;9.1288298e-02;3.5750000e+02;1.1429241e-01;3.5750000e+02;1.3716497e-01;3.5750000e+02;1.5862046e-01;3.5750000e+02;1.8548760e-01;3.5750000e+02;2.1158963e-01;3.5750000e+02;2.2596906e-01;3.5750000e+02;2.1476024e-01;3.5750000e+02;1.8174177e-01;3.5750000e+02;1.3528472e-01;3.5750000e+02;8.7380156e-02;3.5750000e+02;4.4090807e-02;3.5750000e+02;3.8897591e-03;3.5750000e+02;8.6246422e-03;3.5750000e+02;1.8776510e-02;3.5750000e+02;3.2970961e-02;3.5750000e+02;4.9849793e-02;3.5750000e+02;6.9710031e-02;3.5750000e+02;9.1288298e-02;3.5750000e+02;1.1429241e-01;3.5750000e+02;1.3716497e-01;3.5750000e+02;1.5862046e-01;3.5750000e+02;1.8548760e-01;3.5750000e+02;2.1158963e-01;3.5750000e+02;2.2596906e-01;3.5750000e+02;2.1476024e-01;3.5750000e+02;1.8174177e-01;3.5750000e+02;1.3528472e-01;3.5750000e+02;8.7380156e-02;3.5750000e+02;4.4090807e-02;3.5750000e+02;3.8897591e-03;3.5750000e+02;8.6246422e-03;3.5750000e+02;1.8776510e-02;3.5750000e+02;3.2970961e-02;3.5750000e+02;4.9849793e-02;3.5750000e+02;6.9710031e-02;3.5750000e+02;9.1288298e-02;3.5750000e+02;1.1429241e-01;3.5750000e+02;1.3716497e-01;3.5750000e+02;1.5862046e-01;3.5750000e+02;1.8548760e-01;3.5750000e+02;2.1158963e-01;3.5750000e+02;2.2596906e-01;3.5750000e+02;2.1476024e-01;3.5750000e+02;1.8174177e-01;3.5750000e+02;1.3528472e-01;3.5750000e+02;8.7380156e-02;3.5750000e+02;4.4090807e-02;3.5750000e+02;3.8897591e-03;3.5750000e+02;8.6246422e-03;3.5750000e+02;1.8776510e-02;3.5750000e+02;3.2970961e-02;3.5750000e+02;4.9849793e-02;3.5750000e+02;6.9710031e-02;3.5750000e+02;9.1288298e-02;3.5750000e+02;1.1429241e-01;3.5750000e+02;1.3716497e-01;3.5750000e+02;1.5862046e-01;3.5750000e+02;1.8548760e-01;3.5750000e+02;2.1158963e-01;3.5750000e+02;2.2596906e-01;3.5750000e+02;2.1476024e-01;3.5750000e+02;1.8174177e-01;3.5750000e+02;1.3528472e-01;3.5750000e+02;8.7380156e-02;3.5750000e+02;4.4090807e-02;3.5750000e+02;3.8897591e-03;3.5750000e+02;8.6246422e-03;3.5750000e+02;1.8776510e-02;3.5750000e+02;3.2970961e-02;3.5750000e+02;4.9849793e-02;3.5750000e+02;6.9710031e-02;3.5750000e+02;9.1288298e-02;3.5750000e+02;1.1429241e-01;3.5750000e+02;1.3716497e-01;3.5750000e+02;1.5862046e-01;3.5750000e+02;1.8548760e-01;3.5750000e+02;2.1158963e-01;3.5750000e+02;2.2596906e-01;3.5750000e+02;2.1476024e-01;3.5750000e+02;1.8174177e-01;3.5750000e+02;1.3528472e-01;3.5750000e+02;8.7380156e-02;3.5750000e+02;4.4090807e-02;3.5750000e+02;3.8897591e-03;3.5750000e+02;8.6246422e-03;3.5750000e+02;1.8776510e-02;3.5750000e+02;3.2970961e-02;3.5750000e+02;4.9849793e-02;3.5750000e+02;6.9710031e-02;3.5750000e+02;9.1288298e-02;3.5750000e+02;1.1429241e-01;3.5750000e+02;1.3716497e-01;3.5750000e+02;1.5862046e-01;3.5750000e+02;1.8548760e-01;3.5750000e+02;2.1158963e-01;3.5750000e+02;2.2596906e-01;3.5750000e+02;2.1476024e-01;3.5750000e+02;1.8174177e-01;3.5750000e+02;1.3528472e-01;3.5750000e+02;8.7380156e-02;3.5750000e+02;4.4090807e-02;3.5750000e+02;3.8897591e-03;3.5750000e+02;8.6246422e-03;3.5750000e+02;1.8776510e-02;3.5750000e+02;3.2970961e-02;3.5750000e+02;4.9849793e-02;3.5750000e+02;6.9710031e-02;3.5750000e+02;9.1288298e-02;3.5750000e+02;1.1429241e-01;3.5750000e+02;1.3716497e-01;3.5750000e+02;1.5862046e-01;3.5750000e+02;1.8548760e-01;3.5750000e+02;2.1158963e-01;3.5750000e+02;2.2596906e-01;3.5750000e+02;2.1476024e-01;3.5750000e+02;1.8174177e-01;3.5750000e+02;1.3528472e-01;3.5750000e+02;8.7380156e-02;3.5750000e+02;4.4090807e-02;3.5750000e+02;3.8897591e-03;3.5750000e+02;8.6246422e-03;3.5750000e+02;1.8776510e-02;3.5750000e+02;3.2970961e-02;3.5750000e+02;4.9849793e-02;3.5750000e+02;6.9710031e-02;3.5750000e+02;9.1288298e-02;3.5750000e+02;1.1429241e-01;3.5750000e+02;1.3716497e-01;3.5750000e+02;1.5862046e-01;3.5750000e+02;1.8548760e-01;3.5750000e+02;2.1158963e-01;3.5750000e+02;2.2596906e-01;3.5750000e+02;2.1476024e-01;3.5750000e+02;1.8174177e-01;3.5750000e+02;1.3528472e-01;3.5750000e+02;8.7380156e-02;3.5750000e+02;4.4090807e-02;3.5750000e+02;3.8897591e-03;3.5750000e+02;8.6246422e-03;3.5750000e+02;1.8776510e-02;3.5750000e+02;3.2970961e-02;3.5750000e+02;4.9849793e-02;3.5750000e+02;6.9710031e-02;3.5750000e+02;9.1288298e-02;3.5750000e+02;1.1429241e-01;3.5750000e+02;1.3716497e-01;3.5750000e+02;1.5862046e-01;3.5750000e+02;1.8548760e-01;3.5750000e+02;2.1158963e-01;3.5750000e+02;2.2596906e-01;3.5750000e+02;2.1476024e-01;3.5750000e+02;1.8174177e-01;3.5750000e+02;1.3528472e-01;3.5750000e+02;8.7380156e-02;3.5750000e+02;4.4090807e-02;3.5750000e+02;3.8897591e-03;3.5750000e+02;8.6246422e-03;3.5750000e+02;1.8776510e-02;3.5750000e+02;3.2970961e-02;3.5750000e+02;4.9849793e-02;3.5750000e+02;6.9710031e-02;3.5750000e+02;9.1288298e-02;3.5750000e+02;1.1429241e-01;3.5750000e+02;1.3716497e-01;3.5750000e+02;1.5862046e-01;3.5750000e+02;1.8548760e-01;3.5750000e+02;2.1158963e-01;3.5750000e+02;2.2596906e-01;3.5750000e+02;2.1476024e-01;3.5750000e+02;1.8174177e-01;3.5750000e+02;1.3528472e-01;3.5750000e+02;8.7380156e-02;3.5750000e+02;4.4090807e-02;3.5750000e+02;3.8897591e-03;3.5750000e+02;8.6246422e-03;3.5750000e+02;1.8776510e-02;3.5750000e+02;3.2970961e-02;3.5750000e+02;4.9849793e-02;3.5750000e+02;6.9710031e-02;3.5750000e+02;9.1288298e-02;3.5750000e+02;1.1429241e-01;3.5750000e+02;1.3716497e-01;3.5750000e+02;1.5862046e-01;3.5750000e+02;1.8548760e-01;3.5750000e+02;2.1158963e-01;3.5750000e+02;2.2596906e-01;3.5750000e+02;2.1476024e-01;3.5750000e+02;1.8174177e-01;3.5750000e+02;1.3528472e-01;3.5750000e+02;8.7380156e-02;3.5750000e+02;4.4090807e-02;3.5750000e+02;3.8897591e-03;3.5750000e+02;8.6246422e-03;3.5750000e+02;1.8776510e-02;3.5750000e+02;3.2970961e-02;3.5750000e+02;4.9849793e-02;3.5750000e+02;6.9710031e-02;3.5750000e+02;9.1288298e-02;3.5750000e+02;1.1429241e-01;3.5750000e+02;1.3716497e-01;3.5750000e+02;1.5862046e-01;3.5750000e+02;1.8548760e-01;3.5750000e+02;2.1158963e-01;3.5750000e+02;2.2596906e-01;3.5750000e+02;2.1476024e-01;3.5750000e+02;1.8174177e-01;3.5750000e+02;1.3528472e-01;3.5750000e+02;8.7380156e-02;3.5750000e+02;4.4090807e-02;3.5750000e+02;3.8897591e-03;3.5750000e+02;8.6246422e-03;3.5750000e+02;1.8776510e-02;3.5750000e+02;3.2970961e-02;3.5750000e+02;4.9849793e-02;3.5750000e+02;6.9710031e-02;3.5750000e+02;9.1288298e-02;3.5750000e+02;1.1429241e-01;3.5750000e+02;1.3716497e-01;3.5750000e+02;1.5862046e-01;3.5750000e+02;1.8548760e-01;3.5750000e+02;2.1158963e-01;3.5750000e+02;2.2596906e-01;3.5750000e+02;2.1476024e-01;3.5750000e+02;1.8174177e-01;3.5750000e+02;1.3528472e-01;3.5750000e+02;8.7380156e-02;3.5750000e+02;4.4090807e-02;3.5750000e+02;3.8897591e-03;3.5750000e+02;8.6246422e-03;3.5750000e+02;1.8776510e-02;3.5750000e+02;3.2970961e-02;3.5750000e+02;4.9849793e-02;3.5750000e+02;6.9710031e-02;3.5750000e+02;9.1288298e-02;3.5750000e+02;1.1429241e-01;3.5750000e+02;1.3716497e-01;3.5750000e+02;1.5862046e-01;3.5750000e+02;1.8548760e-01;3.5750000e+02;2.1158963e-01;3.5750000e+02;2.2596906e-01;3.5750000e+02;2.1476024e-01;3.5750000e+02;1.8174177e-01;3.5750000e+02;1.3528472e-01;3.5750000e+02;8.7380156e-02;3.5750000e+02;4.4090807e-02;3.5750000e+02;3.8897591e-03;3.5750000e+02;8.6246422e-03;3.5750000e+02;1.8776510e-02;3.5750000e+02;3.2970961e-02;3.5750000e+02;4.9849793e-02;3.5750000e+02;6.9710031e-02;3.5750000e+02;9.1288298e-02;3.5750000e+02;1.1429241e-01;3.5750000e+02;1.3716497e-01;3.5750000e+02;1.5862046e-01;3.5750000e+02;1.8548760e-01;3.5750000e+02;2.1158963e-01;3.5750000e+02;2.2596906e-01;3.5750000e+02;2.1476024e-01;3.5750000e+02;1.8174177e-01;3.5750000e+02;1.3528472e-01;3.5750000e+02;8.7380156e-02;3.5750000e+02;4.4090807e-02;3.5750000e+02;3.8897591e-03;3.5750000e+02;8.6246422e-03;3.5750000e+02;1.8776510e-02;3.5750000e+02;3.2970961e-02;3.5750000e+02;4.9849793e-02;3.5750000e+02;6.9710031e-02;3.5750000e+02;9.1288298e-02;3.5750000e+02;1.1429241e-01;3.5750000e+02;1.3716497e-01;3.5750000e+02;1.5862046e-01;3.5750000e+02;1.8548760e-01;3.5750000e+02;2.1158963e-01;3.5750000e+02;2.2596906e-01;3.5750000e+02;2.1476024e-01;3.5750000e+02;1.8174177e-01;3.5750000e+02;1.3528472e-01;3.5750000e+02;8.7380156e-02;3.5750000e+02;4.4090807e-02;3.5750000e+02;3.8897591e-03;3.5750000e+02;8.6246422e-03;3.5750000e+02;1.8776510e-02;3.5750000e+02;3.2970961e-02;3.5750000e+02;4.9849793e-02;3.5750000e+02;6.9710031e-02;3.5750000e+02;9.1288298e-02;3.5750000e+02;1.1429241e-01;3.5750000e+02;1.3716497e-01;3.5750000e+02;1.5862046e-01;3.5750000e+02;1.8548760e-01;3.5750000e+02;2.1158963e-01;3.5750000e+02;2.2596906e-01;3.5750000e+02;2.1476024e-01;3.5750000e+02;1.8174177e-01;3.5750000e+02;1.3528472e-01;3.5750000e+02;8.7380156e-02;3.5750000e+02;4.4090807e-02;3.5750000e+02;3.8897591e-03;3.5750000e+02;8.6246422e-03;3.5750000e+02;1.8776510e-02;3.5750000e+02;3.2970961e-02;3.5750000e+02;4.9849793e-02;3.5750000e+02;6.9710031e-02;3.5750000e+02;9.1288298e-02;3.5750000e+02;1.1429241e-01;3.5750000e+02;1.3716497e-01;3.5750000e+02;1.5862046e-01;3.5750000e+02;1.8548760e-01;3.5750000e+02;2.1158963e-01;3.5750000e+02;2.2596906e-01;3.5750000e+02;2.1476024e-01;3.5750000e+02;1.8174177e-01;3.5750000e+02;1.3528472e-01;3.5750000e+02;8.7380156e-02;3.5750000e+02;4.4090807e-02;3.5750000e+02;3.8897591e-03;3.5750000e+02;8.6246422e-03;3.5750000e+02;1.8776510e-02;3.5750000e+02;3.2970961e-02;3.5750000e+02;4.9849793e-02;3.5750000e+02;6.9710031e-02;3.5750000e+02;9.1288298e-02;3.5750000e+02;1.1429241e-01;3.5750000e+02;1.3716497e-01;3.5750000e+02;1.5862046e-01;3.5750000e+02;1.8548760e-01;3.5750000e+02;2.1158963e-01;3.5750000e+02;2.2596906e-01;3.5750000e+02;2.1476024e-01;3.5750000e+02;1.8174177e-01;3.5750000e+02;1.3528472e-01;3.5750000e+02;8.7380156e-02;3.5750000e+02;4.4090807e-02;3.5750000e+02;3.8897591e-03;3.5750000e+02;8.6246422e-03;3.5750000e+02;1.8776510e-02;3.5750000e+02;3.2970961e-02;3.5750000e+02;4.9849793e-02;3.5750000e+02;6.9710031e-02;3.5750000e+02;9.1288298e-02;3.5750000e+02;1.1429241e-01;3.5750000e+02;1.3716497e-01;3.5750000e+02;1.5862046e-01;3.5750000e+02;1.8548760e-01;3.5750000e+02;2.1158963e-01;3.5750000e+02;2.2596906e-01;3.5750000e+02;2.1476024e-01;3.5750000e+02;1.8174177e-01;3.5750000e+02;1.3528472e-01;3.5750000e+02;8.7380156e-02;3.5750000e+02;4.4090807e-02;3.5750000e+02;3.8897591e-03;3.5750000e+02;8.6246422e-03;3.5750000e+02;1.8776510e-02;3.5750000e+02;3.2970961e-02;3.5750000e+02;4.9849793e-02;3.5750000e+02;6.9710031e-02;3.5750000e+02;9.1288298e-02;3.5750000e+02;1.1429241e-01;3.5750000e+02;1.3716497e-01;3.5750000e+02;1.5862046e-01;3.5750000e+02;1.8548760e-01;3.5750000e+02;2.1158963e-01;3.5750000e+02;2.2596906e-01;3.5750000e+02;2.1476024e-01;3.5750000e+02;1.8174177e-01;3.5750000e+02;1.3528472e-01;3.5750000e+02;8.7380156e-02;3.5750000e+02;4.4090807e-02;3.5750000e+02;3.8897591e-03;3.5750000e+02;8.6246422e-03;3.5750000e+02;1.8776510e-02;3.5750000e+02;3.2970961e-02;3.5750000e+02;4.9849793e-02;3.5750000e+02;6.9710031e-02;3.5750000e+02;9.1288298e-02;3.5750000e+02;1.1429241e-01;3.5750000e+02;1.3716497e-01;3.5750000e+02;1.5862046e-01;3.5750000e+02;1.8548760e-01;3.5750000e+02;2.1158963e-01;3.5750000e+02;2.2596906e-01;3.5750000e+02;2.1476024e-01;3.5750000e+02;1.8174177e-01;3.5750000e+02;1.3528472e-01;3.5750000e+02;8.7380156e-02;3.5750000e+02;4.4090807e-02;3.5750000e+02;3.8897591e-03;3.5750000e+02;8.6246422e-03;3.5750000e+02;1.8776510e-02;3.5750000e+02;3.2970961e-02;3.5750000e+02;4.9849793e-02;3.5750000e+02;6.9710031e-02;3.5750000e+02;9.1288298e-02;3.5750000e+02;1.1429241e-01;3.5750000e+02;1.3716497e-01;3.5750000e+02;1.5862046e-01;3.5750000e+02;1.8548760e-01;3.5750000e+02;2.1158963e-01;3.5750000e+02;2.2596906e-01;3.5750000e+02;2.1476024e-01;3.5750000e+02;1.8174177e-01;3.5750000e+02;1.3528472e-01;3.5750000e+02;8.7380156e-02;3.5750000e+02;4.4090807e-02;3.5750000e+02;3.8897591e-03;3.5750000e+02;8.6246422e-03;3.5750000e+02;1.8776510e-02;3.5750000e+02;3.2970961e-02;3.5750000e+02;4.9849793e-02;3.5750000e+02;6.9710031e-02;3.5750000e+02;9.1288298e-02;3.5750000e+02;1.1429241e-01;3.5750000e+02;1.3716497e-01;3.5750000e+02;1.5862046e-01;3.5750000e+02;1.8548760e-01;3.5750000e+02;2.1158963e-01;3.5750000e+02;2.2596906e-01;3.5750000e+02;2.1476024e-01;3.5750000e+02;1.8174177e-01;3.5750000e+02;1.3528472e-01;3.5750000e+02;8.7380156e-02;3.5750000e+02;4.4090807e-02;3.5750000e+02;3.8897591e-03;3.5750000e+02;8.6246422e-03;3.5750000e+02;1.8776510e-02;3.5750000e+02;3.2970961e-02;3.5750000e+02;4.9849793e-02;3.5750000e+02;6.9710031e-02;3.5750000e+02;9.1288298e-02;3.5750000e+02;1.1429241e-01;3.5750000e+02;1.3716497e-01;3.5750000e+02;1.5862046e-01;3.5750000e+02;1.8548760e-01;3.5750000e+02;2.1158963e-01;3.5750000e+02;2.2596906e-01;3.5750000e+02;2.1476024e-01;3.5750000e+02;1.8174177e-01;3.5750000e+02;1.3528472e-01;3.5750000e+02;8.7380156e-02;3.5750000e+02;4.4090807e-02;3.5750000e+02;3.8897591e-03;3.5750000e+02;8.6246422e-03;3.5750000e+02;1.8776510e-02;3.5750000e+02;3.2970961e-02;3.5750000e+02;4.9849793e-02;3.5750000e+02;6.9710031e-02;3.5750000e+02;9.1288298e-02;3.5750000e+02;1.1429241e-01;3.5750000e+02;1.3716497e-01;3.5750000e+02;1.5862046e-01;3.5750000e+02;1.8548760e-01;3.5750000e+02;2.1158963e-01;3.5750000e+02;2.2596906e-01;3.5750000e+02;2.1476024e-01;3.5750000e+02;1.8174177e-01;3.5750000e+02;1.3528472e-01;3.5750000e+02;8.7380156e-02;3.5750000e+02;4.4090807e-02;3.5750000e+02;3.8897591e-03;3.5750000e+02;8.6246422e-03;3.5750000e+02;1.8776510e-02;3.5750000e+02;3.2970961e-02;3.5750000e+02;4.9849793e-02;3.5750000e+02;6.9710031e-02;3.5750000e+02;9.1288298e-02;3.5750000e+02;1.1429241e-01;3.5750000e+02;1.3716497e-01;3.5750000e+02;1.5862046e-01;3.5750000e+02;1.8548760e-01;3.5750000e+02;2.1158963e-01;3.5750000e+02;2.2596906e-01;3.5750000e+02;2.1476024e-01;3.5750000e+02;1.8174177e-01;3.5750000e+02;1.3528472e-01;3.5750000e+02;8.7380156e-02;3.5750000e+02;4.4090807e-02;3.5750000e+02;3.8897591e-03;3.5750000e+02;8.6246422e-03;3.5750000e+02;1.8776510e-02;3.5750000e+02;3.2970961e-02;3.5750000e+02;4.9849793e-02;3.5750000e+02;6.9710031e-02;3.5750000e+02;9.1288298e-02;3.5750000e+02;1.1429241e-01;3.5750000e+02;1.3716497e-01;3.5750000e+02;1.5862046e-01;3.5750000e+02;1.8548760e-01;3.5750000e+02;2.1158963e-01;3.5750000e+02;2.2596906e-01;3.5750000e+02;2.1476024e-01;3.5750000e+02;1.8174177e-01;3.5750000e+02;1.3528472e-01;3.5750000e+02;8.7380156e-02;3.5750000e+02;4.4090807e-02;3.5750000e+02;3.8897591e-03;3.5750000e+02;8.6246422e-03;3.5750000e+02;1.8776510e-02;3.5750000e+02;3.2970961e-02;3.5750000e+02;4.9849793e-02;3.5750000e+02;6.9710031e-02;3.5750000e+02;9.1288298e-02;3.5750000e+02;1.1429241e-01;3.5750000e+02;1.3716497e-01;3.5750000e+02;1.5862046e-01;3.5750000e+02;1.8548760e-01;3.5750000e+02;2.1158963e-01;3.5750000e+02;2.2596906e-01;3.5750000e+02;2.1476024e-01;3.5750000e+02;1.8174177e-01;3.5750000e+02;1.3528472e-01;3.5750000e+02;8.7380156e-02;3.5750000e+02;4.4090807e-02;3.5750000e+02;3.8897591e-03;3.5750000e+02;8.6246422e-03;3.5750000e+02;1.8776510e-02;3.5750000e+02;3.2970961e-02;3.5750000e+02;4.9849793e-02;3.5750000e+02;6.9710031e-02;3.5750000e+02;9.1288298e-02;3.5750000e+02;1.1429241e-01;3.5750000e+02;1.3716497e-01;3.5750000e+02;1.5862046e-01;3.5750000e+02;1.8548760e-01;3.5750000e+02;2.1158963e-01;3.5750000e+02;2.2596906e-01;3.5750000e+02;2.1476024e-01;3.5750000e+02;1.8174177e-01;3.5750000e+02;1.3528472e-01;3.5750000e+02;8.7380156e-02;3.5750000e+02;4.4090807e-02;3.5750000e+02;3.8897591e-03;3.5750000e+02;8.6246422e-03;3.5750000e+02;1.8776510e-02;3.5750000e+02;3.2970961e-02;3.5750000e+02;4.9849793e-02;3.5750000e+02;6.9710031e-02;3.5750000e+02;9.1288298e-02;3.5750000e+02;1.1429241e-01;3.5750000e+02;1.3716497e-01;3.5750000e+02;1.5862046e-01;3.5750000e+02;1.8548760e-01;3.5750000e+02;2.1158963e-01;3.5750000e+02;2.2596906e-01;3.5750000e+02;2.1476024e-01;3.5750000e+02;1.8174177e-01;3.5750000e+02;1.3528472e-01;3.5750000e+02;8.7380156e-02;3.5750000e+02;4.4090807e-02;3.5750000e+02;3.8897591e-03;3.5750000e+02;8.6246422e-03;3.5750000e+02;1.8776510e-02;3.5750000e+02;3.2970961e-02;3.5750000e+02;4.9849793e-02;3.5750000e+02;6.9710031e-02;3.5750000e+02;9.1288298e-02;3.5750000e+02;1.1429241e-01;3.5750000e+02;1.3716497e-01;3.5750000e+02;1.5862046e-01;3.5750000e+02;1.8548760e-01;3.5750000e+02;2.1158963e-01;3.5750000e+02;2.2596906e-01;3.5750000e+02;2.1476024e-01;3.5750000e+02;1.8174177e-01;3.5750000e+02;1.3528472e-01;3.5750000e+02;8.7380156e-02;3.5750000e+02;4.4090807e-02;3.5750000e+02;3.8897591e-03;3.5750000e+02;8.6246422e-03;3.5750000e+02;1.8776510e-02;3.5750000e+02;3.2970961e-02;3.5750000e+02;4.9849793e-02;3.5750000e+02;6.9710031e-02;3.5750000e+02;9.1288298e-02;3.5750000e+02;1.1429241e-01;3.5750000e+02;1.3716497e-01;3.5750000e+02;1.5862046e-01;3.5750000e+02;1.8548760e-01;3.5750000e+02;2.1158963e-01;3.5750000e+02;2.2596906e-01;3.5750000e+02;2.1476024e-01;3.5750000e+02;1.8174177e-01;3.5750000e+02;1.3528472e-01;3.5750000e+02;8.7380156e-02;3.5750000e+02;4.4090807e-02;3.5750000e+02;3.8897591e-03;3.5750000e+02;8.6246422e-03;3.5750000e+02;1.8776510e-02;3.5750000e+02;3.2970961e-02;3.5750000e+02;4.9849793e-02;3.5750000e+02;6.9710031e-02;3.5750000e+02;9.1288298e-02;3.5750000e+02;1.1429241e-01;3.5750000e+02;1.3716497e-01;3.5750000e+02;1.5862046e-01;3.5750000e+02;1.8548760e-01;3.5750000e+02;2.1158963e-01;3.5750000e+02;2.2596906e-01;3.5750000e+02;2.1476024e-01;3.5750000e+02;1.8174177e-01;3.5750000e+02;1.3528472e-01;3.5750000e+02;8.7380156e-02;3.5750000e+02;4.4090807e-02;3.5750000e+02;3.8897591e-03;3.5750000e+02;8.6246422e-03;3.5750000e+02;1.8776510e-02;3.5750000e+02;3.2970961e-02;3.5750000e+02;4.9849793e-02;3.5750000e+02;6.9710031e-02;3.5750000e+02;9.1288298e-02;3.5750000e+02;1.1429241e-01;3.5750000e+02;1.3716497e-01;3.5750000e+02;1.5862046e-01;3.5750000e+02;1.8548760e-01;3.5750000e+02;2.1158963e-01;3.5750000e+02;2.2596906e-01;3.5750000e+02;2.1476024e-01;3.5750000e+02;1.8174177e-01;3.5750000e+02;1.3528472e-01;3.5750000e+02;8.7380156e-02;3.5750000e+02;4.4090807e-02;3.5750000e+02;3.8897591e-03;3.5750000e+02;8.6246422e-03;3.5750000e+02;1.8776510e-02;3.5750000e+02;3.2970961e-02;3.5750000e+02;4.9849793e-02;3.5750000e+02;6.9710031e-02;3.5750000e+02;9.1288298e-02;3.5750000e+02;1.1429241e-01;3.5750000e+02;1.3716497e-01;3.5750000e+02;1.5862046e-01;3.5750000e+02;1.8548760e-01;3.5750000e+02;2.1158963e-01;3.5750000e+02;2.2596906e-01;3.5750000e+02;2.1476024e-01;3.5750000e+02;1.8174177e-01;3.5750000e+02;1.3528472e-01;3.5750000e+02;8.7380156e-02;3.5750000e+02;4.4090807e-02;3.5750000e+02;3.8897591e-03;3.5750000e+02;8.6246422e-03;3.5750000e+02;1.8776510e-02;3.5750000e+02;3.2970961e-02;3.5750000e+02;4.9849793e-02;3.5750000e+02;6.9710031e-02;3.5750000e+02;9.1288298e-02;3.5750000e+02;1.1429241e-01;3.5750000e+02;1.3716497e-01;3.5750000e+02;1.5862046e-01;3.5750000e+02;1.8548760e-01;3.5750000e+02;2.1158963e-01;3.5750000e+02;2.2596906e-01;3.5750000e+02;2.1476024e-01;3.5750000e+02;1.8174177e-01;3.5750000e+02;1.3528472e-01;3.5750000e+02;8.7380156e-02;3.5750000e+02;4.4090807e-02;3.5750000e+02;3.8897591e-03;3.5750000e+02;8.6246422e-03;3.5750000e+02;1.8776510e-02;3.5750000e+02;3.2970961e-02;3.5750000e+02;4.9849793e-02;3.5750000e+02;6.9710031e-02;3.5750000e+02;9.1288298e-02;3.5750000e+02;1.1429241e-01;3.5750000e+02;1.3716497e-01;3.5750000e+02;1.5862046e-01;3.5750000e+02;1.8548760e-01;3.5750000e+02;2.1158963e-01;3.5750000e+02;2.2596906e-01;3.5750000e+02;2.1476024e-01;3.5750000e+02;1.8174177e-01;3.5750000e+02;1.3528472e-01;3.5750000e+02;8.7380156e-02;3.5750000e+02;4.4090807e-02;3.5750000e+02;3.8897591e-03;3.5750000e+02;8.6246422e-03;3.5750000e+02;1.8776510e-02;3.5750000e+02;3.2970961e-02;3.5750000e+02;4.9849793e-02;3.5750000e+02;6.9710031e-02;3.5750000e+02;9.1288298e-02;3.5750000e+02;1.1429241e-01;3.5750000e+02;1.3716497e-01;3.5750000e+02;1.5862046e-01;3.5750000e+02;1.8548760e-01;3.5750000e+02;2.1158963e-01;3.5750000e+02;2.2596906e-01;3.5750000e+02;2.1476024e-01;3.5750000e+02;1.8174177e-01;3.5750000e+02;1.3528472e-01;3.5750000e+02;8.7380156e-02;3.5750000e+02;4.4090807e-02;3.5750000e+02;3.8897591e-03;3.5750000e+02;8.6246422e-03;3.5750000e+02;1.8776510e-02;3.5750000e+02;3.2970961e-02;3.5750000e+02;4.9849793e-02;3.5750000e+02;6.9710031e-02;3.5750000e+02;9.1288298e-02;3.5750000e+02;1.1429241e-01;3.5750000e+02;1.3716497e-01;3.5750000e+02;1.5862046e-01;3.5750000e+02;1.8548760e-01;3.5750000e+02;2.1158963e-01;3.5750000e+02;2.2596906e-01;3.5750000e+02;2.1476024e-01;3.5750000e+02;1.8174177e-01;3.5750000e+02;1.3528472e-01;3.5750000e+02;8.7380156e-02;3.5750000e+02;4.4090807e-02;3.5750000e+02;3.8897591e-03;3.5750000e+02;8.6246422e-03;3.5750000e+02;1.8776510e-02;3.5750000e+02;3.2970961e-02;3.5750000e+02;4.9849793e-02;3.5750000e+02;6.9710031e-02;3.5750000e+02;9.1288298e-02;3.5750000e+02;1.1429241e-01;3.5750000e+02;1.3716497e-01;3.5750000e+02;1.5862046e-01;3.5750000e+02;1.8548760e-01;3.5750000e+02;2.1158963e-01;3.5750000e+02;2.2596906e-01;3.5750000e+02;2.1476024e-01;3.5750000e+02;1.8174177e-01;3.5750000e+02;1.3528472e-01;3.5750000e+02;8.7380156e-02;3.5750000e+02;4.4090807e-02;3.5750000e+02;3.8897591e-03;3.5750000e+02;8.6246422e-03;3.5750000e+02;1.8776510e-02;3.5750000e+02;3.2970961e-02;3.5750000e+02;4.9849793e-02;3.5750000e+02;6.9710031e-02;3.5750000e+02;9.1288298e-02;3.5750000e+02;1.1429241e-01;3.5750000e+02;1.3716497e-01;3.5750000e+02;1.5862046e-01;3.5750000e+02;1.8548760e-01;3.5750000e+02;2.1158963e-01;3.5750000e+02;2.2596906e-01;3.5750000e+02;2.1476024e-01;3.5750000e+02;1.8174177e-01;3.5750000e+02;1.3528472e-01;3.5750000e+02;8.7380156e-02;3.5750000e+02;4.4090807e-02;3.5750000e+02;3.8897591e-03;3.5750000e+02;8.6246422e-03;3.5750000e+02;1.8776510e-02;3.5750000e+02;3.2970961e-02;3.5750000e+02;4.9849793e-02;3.5750000e+02;6.9710031e-02;3.5750000e+02;9.1288298e-02;3.5750000e+02;1.1429241e-01;3.5750000e+02;1.3716497e-01;3.5750000e+02;1.5862046e-01;3.5750000e+02;1.8548760e-01;3.5750000e+02;2.1158963e-01;3.5750000e+02;2.2596906e-01;3.5750000e+02;2.1476024e-01;3.5750000e+02;1.8174177e-01;3.5750000e+02;1.3528472e-01;3.5750000e+02;8.7380156e-02;3.5750000e+02;4.4090807e-02;3.5750000e+02;3.8897591e-03;3.5750000e+02;8.6246422e-03;3.5750000e+02;1.8776510e-02;3.5750000e+02;3.2970961e-02;3.5750000e+02;4.9849793e-02;3.5750000e+02;6.9710031e-02;3.5750000e+02;9.1288298e-02;3.5750000e+02;1.1429241e-01;3.5750000e+02;1.3716497e-01;3.5750000e+02;1.5862046e-01;3.5750000e+02;1.8548760e-01;3.5750000e+02;2.1158963e-01;3.5750000e+02;2.2596906e-01;3.5750000e+02;2.1476024e-01;3.5750000e+02;1.8174177e-01;3.5750000e+02;1.3528472e-01;3.5750000e+02;8.7380156e-02;3.5750000e+02;4.4090807e-02;3.5750000e+02;3.8897591e-03;3.5750000e+02;8.6246422e-03;3.5750000e+02;1.8776510e-02;3.5750000e+02;3.2970961e-02;3.5750000e+02;4.9849793e-02;3.5750000e+02;6.9710031e-02;3.5750000e+02;9.1288298e-02;3.5750000e+02;1.1429241e-01;3.5750000e+02;1.3716497e-01;3.5750000e+02;1.5862046e-01;3.5750000e+02;1.8548760e-01;3.5750000e+02;2.1158963e-01;3.5750000e+02;2.2596906e-01;3.5750000e+02;2.1476024e-01;3.5750000e+02;1.8174177e-01;3.5750000e+02;1.3528472e-01;3.5750000e+02;8.7380156e-02;3.5750000e+02;4.4090807e-02;3.5750000e+02;3.8897591e-03;3.5750000e+02;8.6246422e-03;3.5750000e+02;1.8776510e-02;3.5750000e+02;3.2970961e-02;3.5750000e+02;4.9849793e-02;3.5750000e+02;6.9710031e-02;3.5750000e+02;9.1288298e-02;3.5750000e+02;1.1429241e-01;3.5750000e+02;1.3716497e-01;3.5750000e+02;1.5862046e-01;3.5750000e+02;1.8548760e-01;3.5750000e+02;2.1158963e-01;3.5750000e+02;2.2596906e-01;3.5750000e+02;2.1476024e-01;3.5750000e+02;1.8174177e-01;3.5750000e+02;1.3528472e-01;3.5750000e+02;8.7380156e-02;3.5750000e+02;4.4090807e-02;3.5750000e+02;3.8897591e-03;3.5750000e+02;8.6246422e-03;3.5750000e+02;1.8776510e-02;3.5750000e+02;3.2970961e-02;3.5750000e+02;4.9849793e-02;3.5750000e+02;6.9710031e-02;3.5750000e+02;9.1288298e-02;3.5750000e+02;1.1429241e-01;3.5750000e+02;1.3716497e-01;3.5750000e+02;1.5862046e-01;3.5750000e+02;1.8548760e-01;3.5750000e+02;2.1158963e-01;3.5750000e+02;2.2596906e-01;3.5750000e+02;2.1476024e-01;3.5750000e+02;1.8174177e-01;3.5750000e+02;1.3528472e-01;3.5750000e+02;8.7380156e-02;3.5750000e+02;4.4090807e-02;3.5750000e+02;3.8897591e-03;3.5750000e+02;8.6246422e-03;3.5750000e+02;1.8776510e-02;3.5750000e+02;3.2970961e-02;3.5750000e+02;4.9849793e-02;3.5750000e+02;6.9710031e-02;3.5750000e+02;9.1288298e-02;3.5750000e+02;1.1429241e-01;3.5750000e+02;1.3716497e-01;3.5750000e+02;1.5862046e-01;3.5750000e+02;1.8548760e-01;3.5750000e+02;2.1158963e-01;3.5750000e+02;2.2596906e-01;3.5750000e+02;2.1476024e-01;3.5750000e+02;1.8174177e-01;3.5750000e+02;1.3528472e-01;3.5750000e+02;8.7380156e-02;3.5750000e+02;4.4090807e-02;3.5750000e+02;3.8897591e-03;3.5750000e+02;8.6246422e-03;3.5750000e+02;1.8776510e-02;3.5750000e+02;3.2970961e-02;3.5750000e+02;4.9849793e-02;3.5750000e+02;6.9710031e-02;3.5750000e+02;9.1288298e-02;3.5750000e+02;1.1429241e-01;3.5750000e+02;1.3716497e-01;3.5750000e+02;1.5862046e-01;3.5750000e+02;1.8548760e-01;3.5750000e+02;2.1158963e-01;3.5750000e+02;2.2596906e-01;3.5750000e+02;2.1476024e-01;3.5750000e+02;1.8174177e-01;3.5750000e+02;1.3528472e-01;3.5750000e+02;8.7380156e-02;3.5750000e+02;4.4090807e-02;3.5750000e+02;3.8897591e-03;3.5750000e+02;8.6246422e-03;3.5750000e+02;1.8776510e-02;3.5750000e+02;3.2970961e-02;3.5750000e+02;4.9849793e-02;3.5750000e+02;6.9710031e-02;3.5750000e+02;9.1288298e-02;3.5750000e+02;1.1429241e-01;3.5750000e+02;1.3716497e-01;3.5750000e+02;1.5862046e-01;3.5750000e+02;1.8548760e-01;3.5750000e+02;2.1158963e-01;3.5750000e+02;2.2596906e-01;3.5750000e+02;2.1476024e-01;3.5750000e+02;1.8174177e-01;3.5750000e+02;1.3528472e-01;3.5750000e+02;8.7380156e-02;3.5750000e+02;4.4090807e-02;3.5750000e+02;3.8897591e-03;3.5750000e+02;8.6246422e-03;3.5750000e+02;1.8776510e-02;3.5750000e+02;3.2970961e-02;3.5750000e+02;4.9849793e-02;3.5750000e+02;6.9710031e-02;3.5750000e+02;9.1288298e-02;3.5750000e+02;1.1429241e-01;3.5750000e+02;1.3716497e-01;3.5750000e+02;1.5862046e-01;3.5750000e+02;1.8548760e-01;3.5750000e+02;2.1158963e-01;3.5750000e+02;2.2596906e-01;3.5750000e+02;2.1476024e-01;3.5750000e+02;1.8174177e-01;3.5750000e+02;1.3528472e-01;3.5750000e+02;8.7380156e-02;3.5750000e+02;4.4090807e-02;3.5750000e+02;3.8897591e-03;3.5750000e+02;8.6246422e-03;3.5750000e+02;1.8776510e-02;3.5750000e+02;3.2970961e-02;3.5750000e+02;4.9849793e-02;3.5750000e+02;6.9710031e-02;3.5750000e+02;9.1288298e-02;3.5750000e+02;1.1429241e-01;3.5750000e+02;1.3716497e-01;3.5750000e+02;1.5862046e-01;3.5750000e+02;1.8548760e-01;3.5750000e+02;2.1158963e-01;3.5750000e+02;2.2596906e-01;3.5750000e+02;2.1476024e-01;3.5750000e+02;1.8174177e-01;3.5750000e+02;1.3528472e-01;3.5750000e+02;8.7380156e-02;3.5750000e+02;4.4090807e-02;3.5750000e+02;3.8897591e-03;3.5750000e+02;8.6246422e-03;3.5750000e+02;1.8776510e-02;3.5750000e+02;3.2970961e-02;3.5750000e+02;4.9849793e-02;3.5750000e+02;6.9710031e-02;3.5750000e+02;9.1288298e-02;3.5750000e+02;1.1429241e-01;3.5750000e+02;1.3716497e-01;3.5750000e+02;1.5862046e-01;3.5750000e+02;1.8548760e-01;3.5750000e+02;2.1158963e-01;3.5750000e+02;2.2596906e-01;3.5750000e+02;2.1476024e-01;3.5750000e+02;1.8174177e-01;3.5750000e+02;1.3528472e-01;3.5750000e+02;8.7380156e-02;3.5750000e+02;4.4090807e-02;3.5750000e+02;3.8897591e-03;3.5750000e+02;8.6246422e-03;3.5750000e+02;1.8776510e-02;3.5750000e+02;3.2970961e-02;3.5750000e+02;4.9849793e-02;3.5750000e+02;6.9710031e-02;3.5750000e+02;9.1288298e-02;3.5750000e+02;1.1429241e-01;3.5750000e+02;1.3716497e-01;3.5750000e+02;1.5862046e-01;3.5750000e+02;1.8548760e-01;3.5750000e+02;2.1158963e-01;3.5750000e+02;2.2596906e-01;3.5750000e+02;2.1476024e-01;3.5750000e+02;1.8174177e-01;3.5750000e+02;1.3528472e-01;3.5750000e+02;8.7380156e-02;3.5750000e+02;4.4090807e-02;3.5750000e+02;3.8897591e-03;3.5750000e+02;8.6246422e-03;3.5750000e+02;1.8776510e-02;3.5750000e+02;3.2970961e-02;3.5750000e+02;4.9849793e-02;3.5750000e+02;6.9710031e-02;3.5750000e+02;9.1288298e-02;3.5750000e+02;1.1429241e-01;3.5750000e+02;1.3716497e-01;3.5750000e+02;1.5862046e-01;3.5750000e+02;1.8548760e-01;3.5750000e+02;2.1158963e-01;3.5750000e+02;2.2596906e-01;3.5750000e+02;2.1476024e-01;3.5750000e+02;1.8174177e-01;3.5750000e+02;1.3528472e-01;3.5750000e+02;8.7380156e-02;3.5750000e+02;4.4090807e-02;3.5750000e+02;3.8897591e-03;3.5750000e+02;8.6246422e-03;3.5750000e+02;1.8776510e-02;3.5750000e+02;3.2970961e-02;3.5750000e+02;4.9849793e-02;3.5750000e+02;6.9710031e-02;3.5750000e+02;9.1288298e-02;3.5750000e+02;1.1429241e-01;3.5750000e+02;1.3716497e-01;3.5750000e+02;1.5862046e-01;3.5750000e+02;1.8548760e-01;3.5750000e+02;2.1158963e-01;3.5750000e+02;2.2596906e-01;3.5750000e+02;2.1476024e-01;3.5750000e+02;1.8174177e-01;3.5750000e+02;1.3528472e-01;3.5750000e+02;8.7380156e-02;3.5750000e+02;4.4090807e-02;3.5750000e+02;3.8897591e-03;3.5750000e+02;8.6246422e-03;3.5750000e+02;1.8776510e-02;3.5750000e+02;3.2970961e-02;3.5750000e+02;4.9849793e-02;3.5750000e+02;6.9710031e-02;3.5750000e+02;9.1288298e-02;3.5750000e+02;1.1429241e-01;3.5750000e+02;1.3716497e-01;3.5750000e+02;1.5862046e-01;3.5750000e+02;1.8548760e-01;3.5750000e+02;2.1158963e-01;3.5750000e+02;2.2596906e-01;3.5750000e+02;2.1476024e-01;3.5750000e+02;1.8174177e-01;3.5750000e+02;1.3528472e-01;3.5750000e+02;8.7380156e-02;3.5750000e+02;4.4090807e-02;3.5750000e+02;3.8897591e-03;3.5750000e+02;8.6246422e-03;3.5750000e+02;1.8776510e-02;3.5750000e+02;3.2970961e-02;3.5750000e+02;4.9849793e-02;3.5750000e+02;6.9710031e-02;3.5750000e+02;9.1288298e-02;3.5750000e+02;1.1429241e-01;3.5750000e+02;1.3716497e-01;3.5750000e+02;1.5862046e-01;3.5750000e+02;1.8548760e-01;3.5750000e+02;2.1158963e-01;3.5750000e+02;2.2596906e-01;3.5750000e+02;2.1476024e-01;3.5750000e+02;1.8174177e-01;3.5750000e+02;1.3528472e-01;3.5750000e+02;8.7380156e-02;3.5750000e+02;4.4090807e-02;3.5750000e+02;3.8897591e-03;3.5750000e+02;8.6246422e-03;3.5750000e+02;1.8776510e-02;3.5750000e+02;3.2970961e-02;3.5750000e+02;4.9849793e-02;3.5750000e+02;6.9710031e-02;3.5750000e+02;9.1288298e-02;3.5750000e+02;1.1429241e-01;3.5750000e+02;1.3716497e-01;3.5750000e+02;1.5862046e-01;3.5750000e+02;1.8548760e-01;3.5750000e+02;2.1158963e-01;3.5750000e+02;2.2596906e-01;3.5750000e+02;2.1476024e-01;3.5750000e+02;1.8174177e-01;3.5750000e+02;1.3528472e-01;3.5750000e+02;8.7380156e-02;3.5750000e+02;4.4090807e-02;3.5750000e+02;3.8897591e-03;3.5750000e+02;8.6246422e-03;3.5750000e+02;1.8776510e-02;3.5750000e+02;3.2970961e-02;3.5750000e+02;4.9849793e-02;3.5750000e+02;6.9710031e-02;3.5750000e+02;9.1288298e-02;3.5750000e+02;1.1429241e-01;3.5750000e+02;1.3716497e-01;3.5750000e+02;1.5862046e-01;3.5750000e+02;1.8548760e-01;3.5750000e+02;2.1158963e-01;3.5750000e+02;2.2596906e-01;3.5750000e+02;2.1476024e-01;3.5750000e+02;1.8174177e-01;3.5750000e+02;1.3528472e-01;3.5750000e+02;8.7380156e-02;3.5750000e+02;4.4090807e-02;3.5750000e+02;3.8897591e-03;3.5750000e+02;8.6246422e-03;3.5750000e+02;1.8776510e-02;3.5750000e+02;3.2970961e-02;3.5750000e+02;4.9849793e-02;3.5750000e+02;6.9710031e-02;3.5750000e+02;9.1288298e-02;3.5750000e+02;1.1429241e-01;3.5750000e+02;1.3716497e-01;3.5750000e+02;1.5862046e-01;3.5750000e+02;1.8548760e-01;3.5750000e+02;2.1158963e-01;3.5750000e+02;2.2596906e-01;3.5750000e+02;2.1476024e-01;3.5750000e+02;1.8174177e-01;3.5750000e+02;1.3528472e-01;3.5750000e+02;8.7380156e-02;3.5750000e+02;4.4090807e-02;3.5750000e+02;3.8897591e-03;3.5750000e+02;8.6246422e-03;3.5750000e+02;1.8776510e-02;3.5750000e+02;3.2970961e-02;3.5750000e+02;4.9849793e-02;3.5750000e+02;6.9710031e-02;3.5750000e+02;9.1288298e-02;3.5750000e+02;1.1429241e-01;3.5750000e+02;1.3716497e-01;3.5750000e+02;1.5862046e-01;3.5750000e+02;1.8548760e-01;3.5750000e+02;2.1158963e-01;3.5750000e+02;2.2596906e-01;3.5750000e+02;2.1476024e-01;3.5750000e+02;1.8174177e-01;3.5750000e+02;1.3528472e-01;3.5750000e+02;8.7380156e-02;3.5750000e+02;4.4090807e-02;3.5750000e+02;3.8897591e-03;3.5750000e+02;8.6246422e-03;3.5750000e+02;1.8776510e-02;3.5750000e+02;3.2970961e-02;3.5750000e+02;4.9849793e-02;3.5750000e+02;6.9710031e-02;3.5750000e+02;9.1288298e-02;3.5750000e+02;1.1429241e-01;3.5750000e+02;1.3716497e-01;3.5750000e+02;1.5862046e-01;3.5750000e+02;1.8548760e-01;3.5750000e+02;2.1158963e-01;3.5750000e+02;2.2596906e-01;3.5750000e+02;2.1476024e-01;3.5750000e+02;1.8174177e-01;3.5750000e+02;1.3528472e-01;3.5750000e+02;8.7380156e-02;3.5750000e+02;4.4090807e-02;3.5750000e+02;3.8897591e-03;3.5750000e+02;8.6246422e-03;3.5750000e+02;1.8776510e-02;3.5750000e+02;3.2970961e-02;3.5750000e+02;4.9849793e-02;3.5750000e+02;6.9710031e-02;3.5750000e+02;9.1288298e-02;3.5750000e+02;1.1429241e-01;3.5750000e+02;1.3716497e-01;3.5750000e+02;1.5862046e-01;3.5750000e+02;1.8548760e-01;3.5750000e+02;2.1158963e-01;3.5750000e+02;2.2596906e-01;3.5750000e+02;2.1476024e-01;3.5750000e+02;1.8174177e-01;3.5750000e+02;1.3528472e-01;3.5750000e+02;8.7380156e-02;3.5750000e+02;4.4090807e-02;3.5750000e+02;3.8897591e-03;3.5750000e+02;8.6246422e-03;3.5750000e+02;1.8776510e-02;3.5750000e+02;3.2970961e-02;3.5750000e+02;4.9849793e-02;3.5750000e+02;6.9710031e-02;3.5750000e+02;9.1288298e-02;3.5750000e+02;1.1429241e-01;3.5750000e+02;1.3716497e-01;3.5750000e+02;1.5862046e-01;3.5750000e+02;1.8548760e-01;3.5750000e+02;2.1158963e-01;3.5750000e+02;2.2596906e-01;3.5750000e+02;2.1476024e-01;3.5750000e+02;1.8174177e-01;3.5750000e+02;1.3528472e-01;3.5750000e+02;8.7380156e-02;3.5750000e+02;4.4090807e-02;3.5750000e+02;3.8897591e-03;3.5750000e+02;8.6246422e-03;3.5750000e+02;1.8776510e-02;3.5750000e+02;3.2970961e-02;3.5750000e+02;4.9849793e-02;3.5750000e+02;6.9710031e-02;3.5750000e+02;9.1288298e-02;3.5750000e+02;1.1429241e-01;3.5750000e+02;1.3716497e-01;3.5750000e+02;1.5862046e-01;3.5750000e+02;1.8548760e-01;3.5750000e+02;2.1158963e-01;3.5750000e+02;2.2596906e-01;3.5750000e+02;2.1476024e-01;3.5750000e+02;1.8174177e-01;3.5750000e+02;1.3528472e-01;3.5750000e+02;8.7380156e-02;3.5750000e+02;4.4090807e-02;3.5750000e+02;3.8897591e-03;3.5750000e+02;8.6246422e-03;3.5750000e+02;1.8776510e-02;3.5750000e+02;3.2970961e-02;3.5750000e+02;4.9849793e-02;3.5750000e+02;6.9710031e-02;3.5750000e+02;9.1288298e-02;3.5750000e+02;1.1429241e-01;3.5750000e+02;1.3716497e-01;3.5750000e+02;1.5862046e-01;3.5750000e+02;1.8548760e-01;3.5750000e+02;2.1158963e-01;3.5750000e+02;2.2596906e-01;3.5750000e+02;2.1476024e-01;3.5750000e+02;1.8174177e-01;3.5750000e+02;1.3528472e-01;3.5750000e+02;8.7380156e-02;3.5750000e+02;4.4090807e-02;3.5750000e+02;3.8897591e-03;3.5750000e+02;8.6246422e-03;3.5750000e+02;1.8776510e-02;3.5750000e+02;3.2970961e-02;3.5750000e+02;4.9849793e-02;3.5750000e+02;6.9710031e-02;3.5750000e+02;9.1288298e-02;3.5750000e+02;1.1429241e-01;3.5750000e+02;1.3716497e-01;3.5750000e+02;1.5862046e-01;3.5750000e+02;1.8548760e-01;3.5750000e+02;2.1158963e-01;3.5750000e+02;2.2596906e-01;3.5750000e+02;2.1476024e-01;3.5750000e+02;1.8174177e-01;3.5750000e+02;1.3528472e-01;3.5750000e+02;8.7380156e-02;3.5750000e+02;4.4090807e-02;3.5750000e+02;3.8897591e-03;3.5750000e+02;8.6246422e-03;3.5750000e+02;1.8776510e-02;3.5750000e+02;3.2970961e-02;3.5750000e+02;4.9849793e-02;3.5750000e+02;6.9710031e-02;3.5750000e+02;9.1288298e-02;3.5750000e+02;1.1429241e-01;3.5750000e+02;1.3716497e-01;3.5750000e+02;1.5862046e-01;3.5750000e+02;1.8548760e-01;3.5750000e+02;2.1158963e-01;3.5750000e+02;2.2596906e-01;3.5750000e+02;2.1476024e-01;3.5750000e+02;1.8174177e-01;3.5750000e+02;1.3528472e-01;3.5750000e+02;8.7380156e-02;3.5750000e+02;4.4090807e-02;3.5750000e+02;3.8897591e-03;3.5750000e+02;8.6246422e-03;3.5750000e+02;1.8776510e-02;3.5750000e+02;3.2970961e-02;3.5750000e+02;4.9849793e-02;3.5750000e+02;6.9710031e-02;3.5750000e+02;9.1288298e-02;3.5750000e+02;1.1429241e-01;3.5750000e+02;1.3716497e-01;3.5750000e+02;1.5862046e-01;3.5750000e+02;1.8548760e-01;3.5750000e+02;2.1158963e-01;3.5750000e+02;2.2596906e-01;3.5750000e+02;2.1476024e-01;3.5750000e+02;1.8174177e-01;3.5750000e+02;1.3528472e-01;3.5750000e+02;8.7380156e-02;3.5750000e+02;4.4090807e-02;3.5750000e+02;3.8897591e-03;3.5750000e+02;8.6246422e-03;3.5750000e+02;1.8776510e-02;3.5750000e+02;3.2970961e-02;3.5750000e+02;4.9849793e-02;3.5750000e+02;6.9710031e-02;3.5750000e+02;9.1288298e-02;3.5750000e+02;1.1429241e-01;3.5750000e+02;1.3716497e-01;3.5750000e+02;1.5862046e-01;3.5750000e+02;1.8548760e-01;3.5750000e+02;2.1158963e-01;3.5750000e+02;2.2596906e-01;3.5750000e+02;2.1476024e-01;3.5750000e+02;1.8174177e-01;3.5750000e+02;1.3528472e-01;3.5750000e+02;8.7380156e-02;3.5750000e+02;4.4090807e-02;3.5750000e+02;3.8897591e-03;3.5750000e+02;8.6246422e-03;3.5750000e+02;1.8776510e-02;3.5750000e+02;3.2970961e-02;3.5750000e+02;4.9849793e-02;3.5750000e+02;6.9710031e-02;3.5750000e+02;9.1288298e-02;3.5750000e+02;1.1429241e-01;3.5750000e+02;1.3716497e-01;3.5750000e+02;1.5862046e-01;3.5750000e+02;1.8548760e-01;3.5750000e+02;2.1158963e-01;3.5750000e+02;2.2596906e-01;3.5750000e+02;2.1476024e-01;3.5750000e+02;1.8174177e-01;3.5750000e+02;1.3528472e-01;3.5750000e+02;8.7380156e-02;3.5750000e+02;4.4090807e-02;3.5750000e+02;3.8897591e-03;3.5750000e+02;8.6246422e-03;3.5750000e+02;1.8776510e-02;3.5750000e+02;3.2970961e-02;3.5750000e+02;4.9849793e-02;3.5750000e+02;6.9710031e-02;3.5750000e+02;9.1288298e-02;3.5750000e+02;1.1429241e-01;3.5750000e+02;1.3716497e-01;3.5750000e+02;1.5862046e-01;3.5750000e+02;1.8548760e-01;3.5750000e+02;2.1158963e-01;3.5750000e+02;2.2596906e-01;3.5750000e+02;2.1476024e-01;3.5750000e+02;1.8174177e-01;3.5750000e+02;1.3528472e-01;3.5750000e+02;8.7380156e-02;3.5750000e+02;4.4090807e-02;3.5750000e+02;3.8897591e-03;3.5750000e+02;8.6246422e-03;3.5750000e+02;1.8776510e-02;3.5750000e+02;3.2970961e-02;3.5750000e+02;4.9849793e-02;3.5750000e+02;6.9710031e-02;3.5750000e+02;9.1288298e-02;3.5750000e+02;1.1429241e-01;3.5750000e+02;1.3716497e-01;3.5750000e+02;1.5862046e-01;3.5750000e+02;1.8548760e-01;3.5750000e+02;2.1158963e-01;3.5750000e+02;2.2596906e-01;3.5750000e+02;2.1476024e-01;3.5750000e+02;1.8174177e-01;3.5750000e+02;1.3528472e-01;3.5750000e+02;8.7380156e-02;3.5750000e+02;4.4090807e-02;3.5750000e+02;3.8897591e-03;3.5750000e+02;8.6246422e-03;3.5750000e+02;1.8776510e-02;3.5750000e+02;3.2970961e-02;3.5750000e+02;4.9849793e-02;3.5750000e+02;6.9710031e-02;3.5750000e+02;9.1288298e-02;3.5750000e+02;1.1429241e-01;3.5750000e+02;1.3716497e-01;3.5750000e+02;1.5862046e-01;3.5750000e+02;1.8548760e-01;3.5750000e+02;2.1158963e-01;3.5750000e+02;2.2596906e-01;3.5750000e+02;2.1476024e-01;3.5750000e+02;1.8174177e-01;3.5750000e+02;1.3528472e-01;3.5750000e+02;8.7380156e-02;3.5750000e+02;4.4090807e-02;3.5750000e+02;3.8897591e-03;3.5750000e+02;8.6246422e-03;3.5750000e+02;1.8776510e-02;3.5750000e+02;3.2970961e-02;3.5750000e+02;4.9849793e-02;3.5750000e+02;6.9710031e-02;3.5750000e+02;9.1288298e-02;3.5750000e+02;1.1429241e-01;3.5750000e+02;1.3716497e-01;3.5750000e+02;1.5862046e-01;3.5750000e+02;1.8548760e-01;3.5750000e+02;2.1158963e-01;3.5750000e+02;2.2596906e-01;3.5750000e+02;2.1476024e-01;3.5750000e+02;1.8174177e-01;3.5750000e+02;1.3528472e-01;3.5750000e+02;8.7380156e-02;3.5750000e+02;4.4090807e-02;3.5750000e+02;3.8897591e-03;3.5750000e+02;8.6246422e-03;3.5750000e+02;1.8776510e-02;3.5750000e+02;3.2970961e-02;3.5750000e+02;4.9849793e-02;3.5750000e+02;6.9710031e-02;3.5750000e+02;9.1288298e-02;3.5750000e+02;1.1429241e-01;3.5750000e+02;1.3716497e-01;3.5750000e+02;1.5862046e-01;3.5750000e+02;1.8548760e-01;3.5750000e+02;2.1158963e-01;3.5750000e+02;2.2596906e-01;3.5750000e+02;2.1476024e-01;3.5750000e+02;1.8174177e-01;3.5750000e+02;1.3528472e-01;3.5750000e+02;8.7380156e-02;3.5750000e+02;4.4090807e-02;3.5750000e+02;3.8897591e-03;3.5750000e+02;8.6246422e-03;3.5750000e+02;1.8776510e-02;3.5750000e+02;3.2970961e-02;3.5750000e+02;4.9849793e-02;3.5750000e+02;6.9710031e-02;3.5750000e+02;9.1288298e-02;3.5750000e+02;1.1429241e-01;3.5750000e+02;1.3716497e-01;3.5750000e+02;1.5862046e-01;3.5750000e+02;1.8548760e-01;3.5750000e+02;2.1158963e-01;3.5750000e+02;2.2596906e-01;3.5750000e+02;2.1476024e-01;3.5750000e+02;1.8174177e-01;3.5750000e+02;1.3528472e-01;3.5750000e+02;8.7380156e-02;3.5750000e+02;4.4090807e-02;3.5750000e+02;3.8897591e-03;3.5750000e+02;8.6246422e-03;3.5750000e+02;1.8776510e-02;3.5750000e+02;3.2970961e-02;3.5750000e+02;4.9849793e-02;3.5750000e+02;6.9710031e-02;3.5750000e+02;9.1288298e-02;3.5750000e+02;1.1429241e-01;3.5750000e+02;1.3716497e-01;3.5750000e+02;1.5862046e-01;3.5750000e+02;1.8548760e-01;3.5750000e+02;2.1158963e-01;3.5750000e+02;2.2596906e-01;3.5750000e+02;2.1476024e-01;3.5750000e+02;1.8174177e-01;3.5750000e+02;1.3528472e-01;3.5750000e+02;8.7380156e-02;3.5750000e+02;4.4090807e-02;3.5750000e+02;3.8897591e-03;3.5750000e+02;8.6246422e-03;3.5750000e+02;1.8776510e-02;3.5750000e+02;3.2970961e-02;3.5750000e+02;4.9849793e-02;3.5750000e+02;6.9710031e-02;3.5750000e+02;9.1288298e-02;3.5750000e+02;1.1429241e-01;3.5750000e+02;1.3716497e-01;3.5750000e+02;1.5862046e-01;3.5750000e+02;1.8548760e-01;3.5750000e+02;2.1158963e-01;3.5750000e+02;2.2596906e-01;3.5750000e+02;2.1476024e-01;3.5750000e+02;1.8174177e-01;3.5750000e+02;1.3528472e-01;3.5750000e+02;8.7380156e-02;3.5750000e+02;4.4090807e-02;3.5750000e+02;3.8897591e-03;3.5750000e+02;8.6246422e-03;3.5750000e+02;1.8776510e-02;3.5750000e+02;3.2970961e-02;3.5750000e+02;4.9849793e-02;3.5750000e+02;6.9710031e-02;3.5750000e+02;9.1288298e-02;3.5750000e+02;1.1429241e-01;3.5750000e+02;1.3716497e-01;3.5750000e+02;1.5862046e-01;3.5750000e+02;1.8548760e-01;3.5750000e+02;2.1158963e-01;3.5750000e+02;2.2596906e-01;3.5750000e+02;2.1476024e-01;3.5750000e+02;1.8174177e-01;3.5750000e+02;1.3528472e-01;3.5750000e+02;8.7380156e-02;3.5750000e+02;4.4090807e-02;3.5750000e+02;3.8897591e-03;3.5750000e+02;8.6246422e-03;3.5750000e+02;1.8776510e-02;3.5750000e+02;3.2970961e-02;3.5750000e+02;4.9849793e-02;3.5750000e+02;6.9710031e-02;3.5750000e+02;9.1288298e-02;3.5750000e+02;1.1429241e-01;3.5750000e+02;1.3716497e-01;3.5750000e+02;1.5862046e-01;3.5750000e+02;1.8548760e-01;3.5750000e+02;2.1158963e-01;3.5750000e+02;2.2596906e-01;3.5750000e+02;2.1476024e-01;3.5750000e+02;1.8174177e-01;3.5750000e+02;1.3528472e-01;3.5750000e+02;8.7380156e-02;3.5750000e+02;4.4090807e-02;3.5750000e+02;3.8897591e-03;3.5750000e+02;8.6246422e-03;3.5750000e+02;1.8776510e-02;3.5750000e+02;3.2970961e-02;3.5750000e+02;4.9849793e-02;3.5750000e+02;6.9710031e-02;3.5750000e+02;9.1288298e-02;3.5750000e+02;1.1429241e-01;3.5750000e+02;1.3716497e-01;3.5750000e+02;1.5862046e-01;3.5750000e+02;1.8548760e-01;3.5750000e+02;2.1158963e-01;3.5750000e+02;2.2596906e-01;3.5750000e+02;2.1476024e-01;3.5750000e+02;1.8174177e-01;3.5750000e+02;1.3528472e-01;3.5750000e+02;8.7380156e-02;3.5750000e+02;4.4090807e-02;3.5750000e+02;3.8897591e-03;3.5750000e+02;8.6246422e-03;3.5750000e+02;1.8776510e-02;3.5750000e+02;3.2970961e-02;3.5750000e+02;4.9849793e-02;3.5750000e+02;6.9710031e-02;3.5750000e+02;9.1288298e-02;3.5750000e+02;1.1429241e-01;3.5750000e+02;1.3716497e-01;3.5750000e+02;1.5862046e-01;3.5750000e+02;1.8548760e-01;3.5750000e+02;2.1158963e-01;3.5750000e+02;2.2596906e-01;3.5750000e+02;2.1476024e-01;3.5750000e+02;1.8174177e-01;3.5750000e+02;1.3528472e-01;3.5750000e+02;8.7380156e-02;3.5750000e+02;4.4090807e-02;3.5750000e+02;3.8897591e-03;3.5750000e+02;8.6246422e-03;3.5750000e+02;1.8776510e-02;3.5750000e+02;3.2970961e-02;3.5750000e+02;4.9849793e-02;3.5750000e+02;6.9710031e-02;3.5750000e+02;9.1288298e-02;3.5750000e+02;1.1429241e-01;3.5750000e+02;1.3716497e-01;3.5750000e+02;1.5862046e-01;3.5750000e+02;1.8548760e-01;3.5750000e+02;2.1158963e-01;3.5750000e+02;2.2596906e-01;3.5750000e+02;2.1476024e-01;3.5750000e+02;1.8174177e-01;3.5750000e+02;1.3528472e-01;3.5750000e+02;8.7380156e-02;3.5750000e+02;4.4090807e-02;3.5750000e+02;3.8897591e-03;3.5750000e+02;8.6246422e-03;3.5750000e+02;1.8776510e-02;3.5750000e+02;3.2970961e-02;3.5750000e+02;4.9849793e-02;3.5750000e+02;6.9710031e-02;3.5750000e+02;9.1288298e-02;3.5750000e+02;1.1429241e-01;3.5750000e+02;1.3716497e-01;3.5750000e+02;1.5862046e-01;3.5750000e+02;1.8548760e-01;3.5750000e+02;2.1158963e-01;3.5750000e+02;2.2596906e-01;3.5750000e+02;2.1476024e-01;3.5750000e+02;1.8174177e-01;3.5750000e+02;1.3528472e-01;3.5750000e+02;8.7380156e-02;3.5750000e+02;4.4090807e-02;3.5750000e+02;3.8897591e-03;3.5750000e+02;8.6246422e-03;3.5750000e+02;1.8776510e-02;3.5750000e+02;3.2970961e-02;3.5750000e+02;4.9849793e-02;3.5750000e+02;6.9710031e-02;3.5750000e+02;9.1288298e-02;3.5750000e+02;1.1429241e-01;3.5750000e+02;1.3716497e-01;3.5750000e+02;1.5862046e-01;3.5750000e+02;1.8548760e-01;3.5750000e+02;2.1158963e-01;3.5750000e+02;2.2596906e-01;3.5750000e+02;2.1476024e-01;3.5750000e+02;1.8174177e-01;3.5750000e+02;1.3528472e-01;3.5750000e+02;8.7380156e-02;3.5750000e+02;4.4090807e-02;3.5750000e+02;3.8897591e-03;3.5750000e+02;8.6246422e-03;3.5750000e+02;1.8776510e-02;3.5750000e+02;3.2970961e-02;3.5750000e+02;4.9849793e-02;3.5750000e+02;6.9710031e-02;3.5750000e+02;9.1288298e-02;3.5750000e+02;1.1429241e-01;3.5750000e+02;1.3716497e-01;3.5750000e+02;1.5862046e-01;3.5750000e+02;1.8548760e-01;3.5750000e+02;2.1158963e-01;3.5750000e+02;2.2596906e-01;3.5750000e+02;2.1476024e-01;3.5750000e+02;1.8174177e-01;3.5750000e+02;1.3528472e-01;3.5750000e+02;8.7380156e-02;3.5750000e+02;4.4090807e-02;3.5750000e+02;3.8897591e-03;3.5750000e+02;8.6246422e-03;3.5750000e+02;1.8776510e-02;3.5750000e+02;3.2970961e-02;3.5750000e+02;4.9849793e-02;3.5750000e+02;6.9710031e-02;3.5750000e+02;9.1288298e-02;3.5750000e+02;1.1429241e-01;3.5750000e+02;1.3716497e-01;3.5750000e+02;1.5862046e-01;3.5750000e+02;1.8548760e-01;3.5750000e+02;2.1158963e-01;3.5750000e+02;2.2596906e-01;3.5750000e+02;2.1476024e-01;3.5750000e+02;1.8174177e-01;3.5750000e+02;1.3528472e-01;3.5750000e+02;8.7380156e-02;3.5750000e+02;4.4090807e-02;3.5750000e+02;3.8897591e-03;3.5750000e+02;8.6246422e-03;3.5750000e+02;1.8776510e-02;3.5750000e+02;3.2970961e-02;3.5750000e+02;4.9849793e-02;3.5750000e+02;6.9710031e-02;3.5750000e+02;9.1288298e-02;3.5750000e+02;1.1429241e-01;3.5750000e+02;1.3716497e-01;3.5750000e+02;1.5862046e-01;3.5750000e+02;1.8548760e-01;3.5750000e+02;2.1158963e-01;3.5750000e+02;2.2596906e-01;3.5750000e+02;2.1476024e-01;3.5750000e+02;1.8174177e-01;3.5750000e+02;1.3528472e-01;3.5750000e+02;8.7380156e-02;3.5750000e+02;4.4090807e-02;3.5750000e+02;3.8897591e-03;3.5750000e+02;8.6246422e-03;3.5750000e+02;1.8776510e-02;3.5750000e+02;3.2970961e-02;3.5750000e+02;4.9849793e-02;3.5750000e+02;6.9710031e-02;3.5750000e+02;9.1288298e-02;3.5750000e+02;1.1429241e-01;3.5750000e+02;1.3716497e-01;3.5750000e+02;1.5862046e-01;3.5750000e+02;1.8548760e-01;3.5750000e+02;2.1158963e-01;3.5750000e+02;2.2596906e-01;3.5750000e+02;2.1476024e-01;3.5750000e+02;1.8174177e-01;3.5750000e+02;1.3528472e-01;3.5750000e+02;8.7380156e-02;3.5750000e+02;4.4090807e-02;3.5750000e+02;3.8897591e-03;3.5750000e+02;8.6246422e-03;3.5750000e+02;1.8776510e-02;3.5750000e+02;3.2970961e-02;3.5750000e+02;4.9849793e-02;3.5750000e+02;6.9710031e-02;3.5750000e+02;9.1288298e-02;3.5750000e+02;1.1429241e-01;3.5750000e+02;1.3716497e-01;3.5750000e+02;1.5862046e-01;3.5750000e+02;1.8548760e-01;3.5750000e+02;2.1158963e-01;3.5750000e+02;2.2596906e-01;3.5750000e+02;2.1476024e-01;3.5750000e+02;1.8174177e-01;3.5750000e+02;1.3528472e-01;3.5750000e+02;8.7380156e-02;3.5750000e+02;4.4090807e-02;3.5750000e+02;3.8897591e-03;3.5750000e+02;8.6246422e-03;3.5750000e+02;1.8776510e-02;3.5750000e+02;3.2970961e-02;3.5750000e+02;4.9849793e-02;3.5750000e+02;6.9710031e-02;3.5750000e+02;9.1288298e-02;3.5750000e+02;1.1429241e-01;3.5750000e+02;1.3716497e-01;3.5750000e+02;1.5862046e-01;3.5750000e+02;1.8548760e-01;3.5750000e+02;2.1158963e-01;3.5750000e+02;2.2596906e-01;3.5750000e+02;2.1476024e-01;3.5750000e+02;1.8174177e-01;3.5750000e+02;1.3528472e-01;3.5750000e+02;8.7380156e-02;3.5750000e+02;4.4090807e-02;3.5750000e+02;3.8897591e-03;3.5750000e+02;8.6246422e-03;3.5750000e+02;1.8776510e-02;3.5750000e+02;3.2970961e-02;3.5750000e+02;4.9849793e-02;3.5750000e+02;6.9710031e-02;3.5750000e+02;9.1288298e-02;3.5750000e+02;1.1429241e-01;3.5750000e+02;1.3716497e-01;3.5750000e+02;1.5862046e-01;3.5750000e+02;1.8548760e-01;3.5750000e+02;2.1158963e-01;3.5750000e+02;2.2596906e-01;3.5750000e+02;2.1476024e-01;3.5750000e+02;1.8174177e-01;3.5750000e+02;1.3528472e-01;3.5750000e+02;8.7380156e-02;3.5750000e+02;4.4090807e-02;3.5750000e+02;3.8897591e-03;3.5750000e+02;8.6246422e-03;3.5750000e+02;1.8776510e-02;3.5750000e+02;3.2970961e-02;3.5750000e+02;4.9849793e-02;3.5750000e+02;6.9710031e-02;3.5750000e+02;9.1288298e-02;3.5750000e+02;1.1429241e-01;3.5750000e+02;1.3716497e-01;3.5750000e+02;1.5862046e-01;3.5750000e+02;1.8548760e-01;3.5750000e+02;2.1158963e-01;3.5750000e+02;2.2596906e-01;3.5750000e+02;2.1476024e-01;3.5750000e+02;1.8174177e-01;3.5750000e+02;1.3528472e-01;3.5750000e+02;8.7380156e-02;3.5750000e+02;4.4090807e-02;3.5750000e+02;3.8897591e-03;3.5750000e+02;8.6246422e-03;3.5750000e+02;1.8776510e-02;3.5750000e+02;3.2970961e-02;3.5750000e+02;4.9849793e-02;3.5750000e+02;6.9710031e-02;3.5750000e+02;9.1288298e-02;3.5750000e+02;1.1429241e-01;3.5750000e+02;1.3716497e-01;3.5750000e+02;1.5862046e-01;3.5750000e+02;1.8548760e-01;3.5750000e+02;2.1158963e-01;3.5750000e+02;2.2596906e-01;3.5750000e+02;2.1476024e-01;3.5750000e+02;1.8174177e-01;3.5750000e+02;1.3528472e-01;3.5750000e+02;8.7380156e-02;3.5750000e+02;4.4090807e-02;3.5750000e+02;3.8897591e-03;3.5750000e+02;8.6246422e-03;3.5750000e+02;1.8776510e-02;3.5750000e+02;3.2970961e-02;3.5750000e+02;4.9849793e-02;3.5750000e+02;6.9710031e-02;3.5750000e+02;9.1288298e-02;3.5750000e+02;1.1429241e-01;3.5750000e+02;1.3716497e-01;3.5750000e+02;1.5862046e-01;3.5750000e+02;1.8548760e-01;3.5750000e+02;2.1158963e-01;3.5750000e+02;2.2596906e-01;3.5750000e+02;2.1476024e-01;3.5750000e+02;1.8174177e-01;3.5750000e+02;1.3528472e-01;3.5750000e+02;8.7380156e-02;3.5750000e+02;4.4090807e-02;3.5750000e+02;3.8897591e-03;3.5750000e+02;8.6246422e-03;3.5750000e+02;1.8776510e-02;3.5750000e+02;3.2970961e-02;3.5750000e+02;4.9849793e-02;3.5750000e+02;6.9710031e-02;3.5750000e+02;9.1288298e-02;3.5750000e+02;1.1429241e-01;3.5750000e+02;1.3716497e-01;3.5750000e+02;1.5862046e-01;3.5750000e+02;1.8548760e-01;3.5750000e+02;2.1158963e-01;3.5750000e+02;2.2596906e-01;3.5750000e+02;2.1476024e-01;3.5750000e+02;1.8174177e-01;3.5750000e+02;1.3528472e-01;3.5750000e+02;8.7380156e-02;3.5750000e+02;4.4090807e-02;3.5750000e+02;3.8897591e-03;3.5750000e+02;8.6246422e-03;3.5750000e+02;1.8776510e-02;3.5750000e+02;3.2970961e-02;3.5750000e+02;4.9849793e-02;3.5750000e+02;6.9710031e-02;3.5750000e+02;9.1288298e-02;3.5750000e+02;1.1429241e-01;3.5750000e+02;1.3716497e-01;3.5750000e+02;1.5862046e-01;3.5750000e+02;1.8548760e-01;3.5750000e+02;2.1158963e-01;3.5750000e+02;2.2596906e-01;3.5750000e+02;2.1476024e-01;3.5750000e+02;1.8174177e-01;3.5750000e+02;1.3528472e-01;3.5750000e+02;8.7380156e-02;3.5750000e+02;4.4090807e-02;3.5750000e+02;3.8897591e-03;3.5750000e+02;8.6246422e-03;3.5750000e+02;1.8776510e-02;3.5750000e+02;3.2970961e-02;3.5750000e+02;4.9849793e-02;3.5750000e+02;6.9710031e-02;3.5750000e+02;9.1288298e-02;3.5750000e+02;1.1429241e-01;3.5750000e+02;1.3716497e-01;3.5750000e+02;1.5862046e-01;3.5750000e+02;1.8548760e-01;3.5750000e+02;2.1158963e-01;3.5750000e+02;2.2596906e-01;3.5750000e+02;2.1476024e-01;3.5750000e+02;1.8174177e-01;3.5750000e+02;1.3528472e-01;3.5750000e+02;8.7380156e-02;3.5750000e+02;4.4090807e-02;3.5750000e+02;3.8897591e-03;3.5750000e+02;8.6246422e-03;3.5750000e+02;1.8776510e-02;3.5750000e+02;3.2970961e-02;3.5750000e+02;4.9849793e-02;3.5750000e+02;6.9710031e-02;3.5750000e+02;9.1288298e-02;3.5750000e+02;1.1429241e-01;3.5750000e+02;1.3716497e-01;3.5750000e+02;1.5862046e-01;3.5750000e+02;1.8548760e-01;3.5750000e+02;2.1158963e-01;3.5750000e+02;2.2596906e-01;3.5750000e+02;2.1476024e-01;3.5750000e+02;1.8174177e-01;3.5750000e+02;1.3528472e-01;3.5750000e+02;8.7380156e-02;3.5750000e+02;4.4090807e-02;3.5750000e+02;3.8897591e-03;3.5750000e+02;8.6246422e-03;3.5750000e+02;1.8776510e-02;3.5750000e+02;3.2970961e-02;3.5750000e+02;4.9849793e-02;3.5750000e+02;6.9710031e-02;3.5750000e+02;9.1288298e-02;3.5750000e+02;1.1429241e-01;3.5750000e+02;1.3716497e-01;3.5750000e+02;1.5862046e-01;3.5750000e+02;1.8548760e-01;3.5750000e+02;2.1158963e-01;3.5750000e+02;2.2596906e-01;3.5750000e+02;2.1476024e-01;3.5750000e+02;1.8174177e-01;3.5750000e+02;1.3528472e-01;3.5750000e+02;8.7380156e-02;3.5750000e+02;4.4090807e-02;3.5750000e+02;3.8897591e-03;3.5750000e+02;8.6246422e-03;3.5750000e+02;1.8776510e-02;3.5750000e+02;3.2970961e-02;3.5750000e+02;4.9849793e-02;3.5750000e+02;6.9710031e-02;3.5750000e+02;9.1288298e-02;3.5750000e+02;1.1429241e-01;3.5750000e+02;1.3716497e-01;3.5750000e+02;1.5862046e-01;3.5750000e+02;1.8548760e-01;3.5750000e+02;2.1158963e-01;3.5750000e+02;2.2596906e-01;3.5750000e+02;2.1476024e-01;3.5750000e+02;1.8174177e-01;3.5750000e+02;1.3528472e-01;3.5750000e+02;8.7380156e-02;3.5750000e+02;4.4090807e-02;3.5750000e+02;3.8897591e-03;3.5750000e+02;8.6246422e-03;3.5750000e+02;1.8776510e-02;3.5750000e+02;3.2970961e-02;3.5750000e+02;4.9849793e-02;3.5750000e+02;6.9710031e-02;3.5750000e+02;9.1288298e-02;3.5750000e+02;1.1429241e-01;3.5750000e+02;1.3716497e-01;3.5750000e+02;1.5862046e-01;3.5750000e+02;1.8548760e-01;3.5750000e+02;2.1158963e-01;3.5750000e+02;2.2596906e-01;3.5750000e+02;2.1476024e-01;3.5750000e+02;1.8174177e-01;3.5750000e+02;1.3528472e-01;3.5750000e+02;8.7380156e-02;3.5750000e+02;4.4090807e-02;3.5750000e+02;3.8897591e-03;3.5750000e+02;8.6246422e-03;3.5750000e+02;1.8776510e-02;3.5750000e+02;3.2970961e-02;3.5750000e+02;4.9849793e-02;3.5750000e+02;6.9710031e-02;3.5750000e+02;9.1288298e-02;3.5750000e+02;1.1429241e-01;3.5750000e+02;1.3716497e-01;3.5750000e+02;1.5862046e-01;3.5750000e+02;1.8548760e-01;3.5750000e+02;2.1158963e-01;3.5750000e+02;2.2596906e-01;3.5750000e+02;2.1476024e-01;3.5750000e+02;1.8174177e-01;3.5750000e+02;1.3528472e-01;3.5750000e+02;8.7380156e-02;3.5750000e+02;4.4090807e-02;3.5750000e+02;3.8897591e-03;3.5750000e+02;8.6246422e-03;3.5750000e+02;1.8776510e-02;3.5750000e+02;3.2970961e-02;3.5750000e+02;4.9849793e-02;3.5750000e+02;6.9710031e-02;3.5750000e+02;9.1288298e-02;3.5750000e+02;1.1429241e-01;3.5750000e+02;1.3716497e-01;3.5750000e+02;1.5862046e-01;3.5750000e+02;1.8548760e-01;3.5750000e+02;2.1158963e-01;3.5750000e+02;2.2596906e-01;3.5750000e+02;2.1476024e-01;3.5750000e+02;1.8174177e-01;3.5750000e+02;1.3528472e-01;3.5750000e+02;8.7380156e-02;3.5750000e+02;4.4090807e-02;3.5750000e+02;3.8897591e-03;3.5750000e+02;8.6246422e-03;3.5750000e+02;1.8776510e-02;3.5750000e+02;3.2970961e-02;3.5750000e+02;4.9849793e-02;3.5750000e+02;6.9710031e-02;3.5750000e+02;9.1288298e-02;3.5750000e+02;1.1429241e-01;3.5750000e+02;1.3716497e-01;3.5750000e+02;1.5862046e-01;3.5750000e+02;1.8548760e-01;3.5750000e+02;2.1158963e-01;3.5750000e+02;2.2596906e-01;3.5750000e+02;2.1476024e-01;3.5750000e+02;1.8174177e-01;3.5750000e+02;1.3528472e-01;3.5750000e+02;8.7380156e-02;3.5750000e+02;4.4090807e-02;3.5750000e+02;3.8897591e-03;3.5750000e+02;8.6246422e-03;3.5750000e+02;1.8776510e-02;3.5750000e+02;3.2970961e-02;3.5750000e+02;4.9849793e-02;3.5750000e+02;6.9710031e-02;3.5750000e+02;9.1288298e-02;3.5750000e+02;1.1429241e-01;3.5750000e+02;1.3716497e-01;3.5750000e+02;1.5862046e-01;3.5750000e+02;1.8548760e-01;3.5750000e+02;2.1158963e-01;3.5750000e+02;2.2596906e-01;3.5750000e+02;2.1476024e-01;3.5750000e+02;1.8174177e-01;3.5750000e+02;1.3528472e-01;3.5750000e+02;8.7380156e-02;3.5750000e+02;4.4090807e-02;3.5750000e+02;3.8897591e-03;3.5750000e+02;8.6246422e-03;3.5750000e+02;1.8776510e-02;3.5750000e+02;3.2970961e-02;3.5750000e+02;4.9849793e-02;3.5750000e+02;6.9710031e-02;3.5750000e+02;9.1288298e-02;3.5750000e+02;1.1429241e-01;3.5750000e+02;1.3716497e-01;3.5750000e+02;1.5862046e-01;3.5750000e+02;1.8548760e-01;3.5750000e+02;2.1158963e-01;3.5750000e+02;2.2596906e-01;3.5750000e+02;2.1476024e-01;3.5750000e+02;1.8174177e-01;3.5750000e+02;1.3528472e-01;3.5750000e+02;8.7380156e-02;3.5750000e+02;4.4090807e-02;3.5750000e+02;3.8897591e-03;3.5750000e+02;8.6246422e-03;3.5750000e+02;1.8776510e-02;3.5750000e+02;3.2970961e-02;3.5750000e+02;4.9849793e-02;3.5750000e+02;6.9710031e-02;3.5750000e+02;9.1288298e-02;3.5750000e+02;1.1429241e-01;3.5750000e+02;1.3716497e-01;3.5750000e+02;1.5862046e-01;3.5750000e+02;1.8548760e-01;3.5750000e+02;2.1158963e-01;3.5750000e+02;2.2596906e-01;3.5750000e+02;2.1476024e-01;3.5750000e+02;1.8174177e-01;3.5750000e+02;1.3528472e-01;3.5750000e+02;8.7380156e-02;3.5750000e+02;4.4090807e-02;3.5750000e+02;3.8897591e-03;3.5750000e+02;8.6246422e-03;3.5750000e+02;1.8776510e-02;3.5750000e+02;3.2970961e-02;3.5750000e+02;4.9849793e-02;3.5750000e+02;6.9710031e-02;3.5750000e+02;9.1288298e-02;3.5750000e+02;1.1429241e-01;3.5750000e+02;1.3716497e-01;3.5750000e+02;1.5862046e-01;3.5750000e+02;1.8548760e-01;3.5750000e+02;2.1158963e-01;3.5750000e+02;2.2596906e-01;3.5750000e+02;2.1476024e-01;3.5750000e+02;1.8174177e-01;3.5750000e+02;1.3528472e-01;3.5750000e+02;8.7380156e-02;3.5750000e+02;4.4090807e-02;3.5750000e+02;3.8897591e-03;3.5750000e+02;8.6246422e-03;3.5750000e+02;1.8776510e-02;3.5750000e+02;3.2970961e-02;3.5750000e+02;4.9849793e-02;3.5750000e+02;6.9710031e-02;3.5750000e+02;9.1288298e-02;3.5750000e+02;1.1429241e-01;3.5750000e+02;1.3716497e-01;3.5750000e+02;1.5862046e-01;3.5750000e+02;1.8548760e-01;3.5750000e+02;2.1158963e-01;3.5750000e+02;2.2596906e-01;3.5750000e+02;2.1476024e-01;3.5750000e+02;1.8174177e-01;3.5750000e+02;1.3528472e-01;3.5750000e+02;8.7380156e-02;3.5750000e+02;4.4090807e-02;3.5750000e+02;3.8897591e-03;3.5750000e+02;8.6246422e-03;3.5750000e+02;1.8776510e-02;3.5750000e+02;3.2970961e-02;3.5750000e+02;4.9849793e-02;3.5750000e+02;6.9710031e-02;3.5750000e+02;9.1288298e-02;3.5750000e+02;1.1429241e-01;3.5750000e+02;1.3716497e-01;3.5750000e+02;1.5862046e-01;3.5750000e+02;1.8548760e-01;3.5750000e+02;2.1158963e-01;3.5750000e+02;2.2596906e-01;3.5750000e+02;2.1476024e-01;3.5750000e+02;1.8174177e-01;3.5750000e+02;1.3528472e-01;3.5750000e+02;8.7380156e-02;3.5750000e+02;4.4090807e-02;3.5750000e+02;3.8897591e-03;3.5750000e+02;8.6246422e-03;3.5750000e+02;1.8776510e-02;3.5750000e+02;3.2970961e-02;3.5750000e+02;4.9849793e-02;3.5750000e+02;6.9710031e-02;3.5750000e+02;9.1288298e-02;3.5750000e+02;1.1429241e-01;3.5750000e+02;1.3716497e-01;3.5750000e+02;1.5862046e-01;3.5750000e+02;1.8548760e-01;3.5750000e+02;2.1158963e-01;3.5750000e+02;2.2596906e-01;3.5750000e+02;2.1476024e-01;3.5750000e+02;1.8174177e-01;3.5750000e+02;1.3528472e-01;3.5750000e+02;8.7380156e-02;3.5750000e+02;4.4090807e-02;3.5750000e+02;3.8897591e-03;3.5750000e+02;8.6246422e-03;3.5750000e+02;1.8776510e-02;3.5750000e+02;3.2970961e-02;3.5750000e+02;4.9849793e-02;3.5750000e+02;6.9710031e-02;3.5750000e+02;9.1288298e-02;3.5750000e+02;1.1429241e-01;3.5750000e+02;1.3716497e-01;3.5750000e+02;1.5862046e-01;3.5750000e+02;1.8548760e-01;3.5750000e+02;2.1158963e-01;3.5750000e+02;2.2596906e-01;3.5750000e+02;2.1476024e-01;3.5750000e+02;1.8174177e-01;3.5750000e+02;1.3528472e-01;3.5750000e+02;8.7380156e-02;3.5750000e+02;4.4090807e-02;3.5750000e+02;3.8897591e-03;3.5750000e+02;8.6246422e-03;3.5750000e+02;1.8776510e-02;3.5750000e+02;3.2970961e-02;3.5750000e+02;4.9849793e-02;3.5750000e+02;6.9710031e-02;3.5750000e+02;9.1288298e-02;3.5750000e+02;1.1429241e-01;3.5750000e+02;1.3716497e-01;3.5750000e+02;1.5862046e-01;3.5750000e+02;1.8548760e-01;3.5750000e+02;2.1158963e-01;3.5750000e+02;2.2596906e-01;3.5750000e+02;2.1476024e-01;3.5750000e+02;1.8174177e-01;3.5750000e+02;1.3528472e-01;3.5750000e+02;8.7380156e-02;3.5750000e+02;4.4090807e-02;3.5750000e+02;3.8897591e-03;3.5750000e+02;8.6246422e-03;3.5750000e+02;1.8776510e-02;3.5750000e+02;3.2970961e-02;3.5750000e+02;4.9849793e-02;3.5750000e+02;6.9710031e-02;3.5750000e+02;9.1288298e-02;3.5750000e+02;1.1429241e-01;3.5750000e+02;1.3716497e-01;3.5750000e+02;1.5862046e-01;3.5750000e+02;1.8548760e-01;3.5750000e+02;2.1158963e-01;3.5750000e+02;2.2596906e-01;3.5750000e+02;2.1476024e-01;3.5750000e+02;1.8174177e-01;3.5750000e+02;1.3528472e-01;3.5750000e+02;8.7380156e-02;3.5750000e+02;4.4090807e-02;3.5750000e+02;3.8897591e-03;3.5750000e+02;8.6246422e-03;3.5750000e+02;1.8776510e-02;3.5750000e+02;3.2970961e-02;3.5750000e+02;4.9849793e-02;3.5750000e+02;6.9710031e-02;3.5750000e+02;9.1288298e-02;3.5750000e+02;1.1429241e-01;3.5750000e+02;1.3716497e-01;3.5750000e+02;1.5862046e-01;3.5750000e+02;1.8548760e-01;3.5750000e+02;2.1158963e-01;3.5750000e+02;2.2596906e-01;3.5750000e+02;2.1476024e-01;3.5750000e+02;1.8174177e-01;3.5750000e+02;1.3528472e-01;3.5750000e+02;8.7380156e-02;3.5750000e+02;4.4090807e-02;3.5750000e+02;3.8897591e-03;3.5750000e+02;8.6246422e-03;3.5750000e+02;1.8776510e-02;3.5750000e+02;3.2970961e-02;3.5750000e+02;4.9849793e-02;3.5750000e+02;6.9710031e-02;3.5750000e+02;9.1288298e-02;3.5750000e+02;1.1429241e-01;3.5750000e+02;1.3716497e-01;3.5750000e+02;1.5862046e-01;3.5750000e+02;1.8548760e-01;3.5750000e+02;2.1158963e-01;3.5750000e+02;2.2596906e-01;3.5750000e+02;2.1476024e-01;3.5750000e+02;1.8174177e-01;3.5750000e+02;1.3528472e-01;3.5750000e+02;8.7380156e-02;3.5750000e+02;4.4090807e-02;3.5750000e+02;3.8897591e-03;3.5750000e+02;8.6246422e-03;3.5750000e+02;1.8776510e-02;3.5750000e+02;3.2970961e-02;3.5750000e+02;4.9849793e-02;3.5750000e+02;6.9710031e-02;3.5750000e+02;9.1288298e-02;3.5750000e+02;1.1429241e-01;3.5750000e+02;1.3716497e-01;3.5750000e+02;1.5862046e-01;3.5750000e+02;1.8548760e-01;3.5750000e+02;2.1158963e-01;3.5750000e+02;2.2596906e-01;3.5750000e+02;2.1476024e-01;3.5750000e+02;1.8174177e-01;3.5750000e+02;1.3528472e-01;3.5750000e+02;8.7380156e-02;3.5750000e+02;4.4090807e-02;3.5750000e+02;3.8897591e-03;3.5750000e+02;8.6246422e-03;3.5750000e+02;1.8776510e-02;3.5750000e+02;3.2970961e-02;3.5750000e+02;4.9849793e-02;3.5750000e+02;6.9710031e-02;3.5750000e+02;9.1288298e-02;3.5750000e+02;1.1429241e-01;3.5750000e+02;1.3716497e-01;3.5750000e+02;1.5862046e-01;3.5750000e+02;1.8548760e-01;3.5750000e+02;2.1158963e-01;3.5750000e+02;2.2596906e-01;3.5750000e+02;2.1476024e-01;3.5750000e+02;1.8174177e-01;3.5750000e+02;1.3528472e-01;3.5750000e+02;8.7380156e-02;3.5750000e+02;4.4090807e-02;3.5750000e+02;3.8897591e-03;3.5750000e+02;8.6246422e-03;3.5750000e+02;1.8776510e-02;3.5750000e+02;3.2970961e-02;3.5750000e+02;4.9849793e-02;3.5750000e+02;6.9710031e-02;3.5750000e+02;9.1288298e-02;3.5750000e+02;1.1429241e-01;3.5750000e+02;1.3716497e-01;3.5750000e+02;1.5862046e-01;3.5750000e+02;1.8548760e-01;3.5750000e+02;2.1158963e-01;3.5750000e+02;2.2596906e-01;3.5750000e+02;2.1476024e-01;3.5750000e+02;1.8174177e-01;3.5750000e+02;1.3528472e-01;3.5750000e+02;8.7380156e-02;3.5750000e+02;4.4090807e-02;3.5750000e+02;3.8897591e-03;3.5750000e+02;8.6246422e-03;3.5750000e+02;1.8776510e-02;3.5750000e+02;3.2970961e-02;3.5750000e+02;4.9849793e-02;3.5750000e+02;6.9710031e-02;3.5750000e+02;9.1288298e-02;3.5750000e+02;1.1429241e-01;3.5750000e+02;1.3716497e-01;3.5750000e+02;1.5862046e-01;3.5750000e+02;1.8548760e-01;3.5750000e+02;2.1158963e-01;3.5750000e+02;2.2596906e-01;3.5750000e+02;2.1476024e-01;3.5750000e+02;1.8174177e-01;3.5750000e+02;1.3528472e-01;3.5750000e+02;8.7380156e-02;3.5750000e+02;4.4090807e-02;3.5750000e+02;3.8897591e-03;3.5750000e+02;8.6246422e-03;3.5750000e+02;1.8776510e-02;3.5750000e+02;3.2970961e-02;3.5750000e+02;4.9849793e-02;3.5750000e+02;6.9710031e-02;3.5750000e+02;9.1288298e-02;3.5750000e+02;1.1429241e-01;3.5750000e+02;1.3716497e-01;3.5750000e+02;1.5862046e-01;3.5750000e+02;1.8548760e-01;3.5750000e+02;2.1158963e-01;3.5750000e+02;2.2596906e-01;3.5750000e+02;2.1476024e-01;3.5750000e+02;1.8174177e-01;3.5750000e+02;1.3528472e-01;3.5750000e+02;8.7380156e-02;3.5750000e+02;4.4090807e-02;3.5750000e+02;3.8897591e-03;3.5750000e+02;8.6246422e-03;3.5750000e+02;1.8776510e-02;3.5750000e+02;3.2970961e-02;3.5750000e+02;4.9849793e-02;3.5750000e+02;6.9710031e-02;3.5750000e+02;9.1288298e-02;3.5750000e+02;1.1429241e-01;3.5750000e+02;1.3716497e-01;3.5750000e+02;1.5862046e-01;3.5750000e+02;1.8548760e-01;3.5750000e+02;2.1158963e-01;3.5750000e+02;2.2596906e-01;3.5750000e+02;2.1476024e-01;3.5750000e+02;1.8174177e-01;3.5750000e+02;1.3528472e-01;3.5750000e+02;8.7380156e-02;3.5750000e+02;4.4090807e-02;3.5750000e+02;3.8897591e-03;3.5750000e+02;8.6246422e-03;3.5750000e+02;1.8776510e-02;3.5750000e+02;3.2970961e-02;3.5750000e+02;4.9849793e-02;3.5750000e+02;6.9710031e-02;3.5750000e+02;9.1288298e-02;3.5750000e+02;1.1429241e-01;3.5750000e+02;1.3716497e-01;3.5750000e+02;1.5862046e-01;3.5750000e+02;1.8548760e-01;3.5750000e+02;2.1158963e-01;3.5750000e+02;2.2596906e-01;3.5750000e+02;2.1476024e-01;3.5750000e+02;1.8174177e-01;3.5750000e+02;1.3528472e-01;3.5750000e+02;8.7380156e-02;3.5750000e+02;4.4090807e-02;3.5750000e+02;3.8897591e-03;3.5750000e+02;8.6246422e-03;3.5750000e+02;1.8776510e-02;3.5750000e+02;3.2970961e-02;3.5750000e+02;4.9849793e-02;3.5750000e+02;6.9710031e-02;3.5750000e+02;9.1288298e-02;3.5750000e+02;1.1429241e-01;3.5750000e+02;1.3716497e-01;3.5750000e+02;1.5862046e-01;3.5750000e+02;1.8548760e-01;3.5750000e+02;2.1158963e-01;3.5750000e+02;2.2596906e-01;3.5750000e+02;2.1476024e-01;3.5750000e+02;1.8174177e-01;3.5750000e+02;1.3528472e-01;3.5750000e+02;8.7380156e-02;3.5750000e+02;4.4090807e-02;3.5750000e+02;3.8897591e-03;3.5750000e+02;8.6246422e-03;3.5750000e+02;1.8776510e-02;3.5750000e+02;3.2970961e-02;3.5750000e+02;4.9849793e-02;3.5750000e+02;6.9710031e-02;3.5750000e+02;9.1288298e-02;3.5750000e+02;1.1429241e-01;3.5750000e+02;1.3716497e-01;3.5750000e+02;1.5862046e-01;3.5750000e+02;1.8548760e-01;3.5750000e+02;2.1158963e-01;3.5750000e+02;2.2596906e-01;3.5750000e+02;2.1476024e-01;3.5750000e+02;1.8174177e-01;3.5750000e+02;1.3528472e-01;3.5750000e+02;8.7380156e-02;3.5750000e+02;4.4090807e-02;3.5750000e+02;3.8897591e-03;3.5750000e+02;8.6246422e-03;3.5750000e+02;1.8776510e-02;3.5750000e+02;3.2970961e-02;3.5750000e+02;4.9849793e-02;3.5750000e+02;6.9710031e-02;3.5750000e+02;9.1288298e-02;3.5750000e+02;1.1429241e-01;3.5750000e+02;1.3716497e-01;3.5750000e+02;1.5862046e-01;3.5750000e+02;1.8548760e-01;3.5750000e+02;2.1158963e-01;3.5750000e+02;2.2596906e-01;3.5750000e+02;2.1476024e-01;3.5750000e+02;1.8174177e-01;3.5750000e+02;1.3528472e-01;3.5750000e+02;8.7380156e-02;3.5750000e+02;4.4090807e-02;3.5750000e+02;3.8897591e-03;3.5750000e+02;8.6246422e-03;3.5750000e+02;1.8776510e-02;3.5750000e+02;3.2970961e-02;3.5750000e+02;4.9849793e-02;3.5750000e+02;6.9710031e-02;3.5750000e+02;9.1288298e-02;3.5750000e+02;1.1429241e-01;3.5750000e+02;1.3716497e-01;3.5750000e+02;1.5862046e-01;3.5750000e+02;1.8548760e-01;3.5750000e+02;2.1158963e-01;3.5750000e+02;2.2596906e-01;3.5750000e+02;2.1476024e-01;3.5750000e+02;1.8174177e-01;3.5750000e+02;1.3528472e-01;3.5750000e+02;8.7380156e-02;3.5750000e+02;4.4090807e-02;3.5750000e+02;3.8897591e-03;3.5750000e+02;8.6246422e-03;3.5750000e+02;1.8776510e-02;3.5750000e+02;3.2970961e-02;3.5750000e+02;4.9849793e-02;3.5750000e+02;6.9710031e-02;3.5750000e+02;9.1288298e-02;3.5750000e+02;1.1429241e-01;3.5750000e+02;1.3716497e-01;3.5750000e+02;1.5862046e-01;3.5750000e+02;1.8548760e-01;3.5750000e+02;2.1158963e-01;3.5750000e+02;2.2596906e-01;3.5750000e+02;2.1476024e-01;3.5750000e+02;1.8174177e-01;3.5750000e+02;1.3528472e-01;3.5750000e+02;8.7380156e-02;3.5750000e+02;4.4090807e-02;3.5750000e+02;3.8897591e-03;3.5750000e+02;8.6246422e-03;3.5750000e+02;1.8776510e-02;3.5750000e+02;3.2970961e-02;3.5750000e+02;4.9849793e-02;3.5750000e+02;6.9710031e-02;3.5750000e+02;9.1288298e-02;3.5750000e+02;1.1429241e-01;3.5750000e+02;1.3716497e-01;3.5750000e+02;1.5862046e-01;3.5750000e+02;1.8548760e-01;3.5750000e+02;2.1158963e-01;3.5750000e+02;2.2596906e-01;3.5750000e+02;2.1476024e-01;3.5750000e+02;1.8174177e-01;3.5750000e+02;1.3528472e-01;3.5750000e+02;8.7380156e-02;3.5750000e+02;4.4090807e-02;3.5750000e+02;3.8897591e-03;3.5750000e+02;8.6246422e-03;3.5750000e+02;1.8776510e-02;3.5750000e+02;3.2970961e-02;3.5750000e+02;4.9849793e-02;3.5750000e+02;6.9710031e-02;3.5750000e+02;9.1288298e-02;3.5750000e+02;1.1429241e-01;3.5750000e+02;1.3716497e-01;3.5750000e+02;1.5862046e-01;3.5750000e+02;1.8548760e-01;3.5750000e+02;2.1158963e-01;3.5750000e+02;2.2596906e-01;3.5750000e+02;2.1476024e-01;3.5750000e+02;1.8174177e-01;3.5750000e+02;1.3528472e-01;3.5750000e+02;8.7380156e-02;3.5750000e+02;4.4090807e-02;3.5750000e+02;3.8897591e-03;3.5750000e+02;8.6246422e-03;3.5750000e+02;1.8776510e-02;3.5750000e+02;3.2970961e-02;3.5750000e+02;4.9849793e-02;3.5750000e+02;6.9710031e-02;3.5750000e+02;9.1288298e-02;3.5750000e+02;1.1429241e-01;3.5750000e+02;1.3716497e-01;3.5750000e+02;1.5862046e-01;3.5750000e+02;1.8548760e-01;3.5750000e+02;2.1158963e-01;3.5750000e+02;2.2596906e-01;3.5750000e+02;2.1476024e-01;3.5750000e+02;1.8174177e-01;3.5750000e+02;1.3528472e-01;3.5750000e+02;8.7380156e-02;3.5750000e+02;4.4090807e-02;3.5750000e+02;3.8897591e-03;3.5750000e+02;8.6246422e-03;3.5750000e+02;1.8776510e-02;3.5750000e+02;3.2970961e-02;3.5750000e+02;4.9849793e-02;3.5750000e+02;6.9710031e-02;3.5750000e+02;9.1288298e-02;3.5750000e+02;1.1429241e-01;3.5750000e+02;1.3716497e-01;3.5750000e+02;1.5862046e-01;3.5750000e+02;1.8548760e-01;3.5750000e+02;2.1158963e-01;3.5750000e+02;2.2596906e-01;3.5750000e+02;2.1476024e-01;3.5750000e+02;1.8174177e-01;3.5750000e+02;1.3528472e-01;3.5750000e+02;8.7380156e-02;3.5750000e+02;4.4090807e-02;3.5750000e+02;3.8897591e-03;3.5750000e+02;8.6246422e-03;3.5750000e+02;1.8776510e-02;3.5750000e+02;3.2970961e-02;3.5750000e+02;4.9849793e-02;3.5750000e+02;6.9710031e-02;3.5750000e+02;9.1288298e-02;3.5750000e+02;1.1429241e-01;3.5750000e+02;1.3716497e-01;3.5750000e+02;1.5862046e-01;3.5750000e+02;1.8548760e-01;3.5750000e+02;2.1158963e-01;3.5750000e+02;2.2596906e-01;3.5750000e+02;2.1476024e-01;3.5750000e+02;1.8174177e-01;3.5750000e+02;1.3528472e-01;3.5750000e+02;8.7380156e-02;3.5750000e+02;4.4090807e-02;3.5750000e+02;3.8897591e-03;3.5750000e+02;8.6246422e-03;3.5750000e+02;1.8776510e-02;3.5750000e+02;3.2970961e-02;3.5750000e+02;4.9849793e-02;3.5750000e+02;6.9710031e-02;3.5750000e+02;9.1288298e-02;3.5750000e+02;1.1429241e-01;3.5750000e+02;1.3716497e-01;3.5750000e+02;1.5862046e-01;3.5750000e+02;1.8548760e-01;3.5750000e+02;2.1158963e-01;3.5750000e+02;2.2596906e-01;3.5750000e+02;2.1476024e-01;3.5750000e+02;1.8174177e-01;3.5750000e+02;1.3528472e-01;3.5750000e+02;8.7380156e-02;3.5750000e+02;4.4090807e-02;3.5750000e+02;3.8897591e-03;3.5750000e+02;8.6246422e-03;3.5750000e+02;1.8776510e-02;3.5750000e+02;3.2970961e-02;3.5750000e+02;4.9849793e-02;3.5750000e+02;6.9710031e-02;3.5750000e+02;9.1288298e-02;3.5750000e+02;1.1429241e-01;3.5750000e+02;1.3716497e-01;3.5750000e+02;1.5862046e-01;3.5750000e+02;1.8548760e-01;3.5750000e+02;2.1158963e-01;3.5750000e+02;2.2596906e-01;3.5750000e+02;2.1476024e-01;3.5750000e+02;1.8174177e-01;3.5750000e+02;1.3528472e-01;3.5750000e+02;8.7380156e-02;3.5750000e+02;4.4090807e-02;3.5750000e+02;3.8897591e-03;3.5750000e+02;8.6246422e-03;3.5750000e+02;1.8776510e-02;3.5750000e+02;3.2970961e-02;3.5750000e+02;4.9849793e-02;3.5750000e+02;6.9710031e-02;3.5750000e+02;9.1288298e-02;3.5750000e+02;1.1429241e-01;3.5750000e+02;1.3716497e-01;3.5750000e+02;1.5862046e-01;3.5750000e+02;1.8548760e-01;3.5750000e+02;2.1158963e-01;3.5750000e+02;2.2596906e-01;3.5750000e+02;2.1476024e-01;3.5750000e+02;1.8174177e-01;3.5750000e+02;1.3528472e-01;3.5750000e+02;8.7380156e-02;3.5750000e+02;4.4090807e-02;3.5750000e+02;3.8897591e-03;3.5750000e+02;8.6246422e-03;3.5750000e+02;1.8776510e-02;3.5750000e+02;3.2970961e-02;3.5750000e+02;4.9849793e-02;3.5750000e+02;6.9710031e-02;3.5750000e+02;9.1288298e-02;3.5750000e+02;1.1429241e-01;3.5750000e+02;1.3716497e-01;3.5750000e+02;1.5862046e-01;3.5750000e+02;1.8548760e-01;3.5750000e+02;2.1158963e-01;3.5750000e+02;2.2596906e-01;3.5750000e+02;2.1476024e-01;3.5750000e+02;1.8174177e-01;3.5750000e+02;1.3528472e-01;3.5750000e+02;8.7380156e-02;3.5750000e+02;4.4090807e-02;3.5750000e+02;3.8897591e-03;3.5750000e+02;8.6246422e-03;3.5750000e+02;1.8776510e-02;3.5750000e+02;3.2970961e-02;3.5750000e+02;4.9849793e-02;3.5750000e+02;6.9710031e-02;3.5750000e+02;9.1288298e-02;3.5750000e+02;1.1429241e-01;3.5750000e+02;1.3716497e-01;3.5750000e+02;1.5862046e-01;3.5750000e+02;1.8548760e-01;3.5750000e+02;2.1158963e-01;3.5750000e+02;2.2596906e-01;3.5750000e+02;2.1476024e-01;3.5750000e+02;1.8174177e-01;3.5750000e+02;1.3528472e-01;3.5750000e+02;8.7380156e-02;3.5750000e+02;4.4090807e-02;3.5750000e+02;3.8897591e-03;3.5750000e+02;8.6246422e-03;3.5750000e+02;1.8776510e-02;3.5750000e+02;3.2970961e-02;3.5750000e+02;4.9849793e-02;3.5750000e+02;6.9710031e-02;3.5750000e+02;9.1288298e-02;3.5750000e+02;1.1429241e-01;3.5750000e+02;1.3716497e-01;3.5750000e+02;1.5862046e-01;3.5750000e+02;1.8548760e-01;3.5750000e+02;2.1158963e-01;3.5750000e+02;2.2596906e-01;3.5750000e+02;2.1476024e-01;3.5750000e+02;1.8174177e-01;3.5750000e+02;1.3528472e-01;3.5750000e+02;8.7380156e-02;3.5750000e+02;4.4090807e-02;3.5750000e+02;3.8897591e-03;3.5750000e+02;8.6246422e-03;3.5750000e+02;1.8776510e-02;3.5750000e+02;3.2970961e-02;3.5750000e+02;4.9849793e-02;3.5750000e+02;6.9710031e-02;3.5750000e+02;9.1288298e-02;3.5750000e+02;1.1429241e-01;3.5750000e+02;1.3716497e-01;3.5750000e+02;1.5862046e-01;3.5750000e+02;1.8548760e-01;3.5750000e+02;2.1158963e-01;3.5750000e+02;2.2596906e-01;3.5750000e+02;2.1476024e-01;3.5750000e+02;1.8174177e-01;3.5750000e+02;1.3528472e-01;3.5750000e+02;8.7380156e-02;3.5750000e+02;4.4090807e-02;3.5750000e+02;3.8897591e-03;3.5750000e+02;8.6246422e-03;3.5750000e+02;1.8776510e-02;3.5750000e+02;3.2970961e-02;3.5750000e+02;4.9849793e-02;3.5750000e+02;6.9710031e-02;3.5750000e+02;9.1288298e-02;3.5750000e+02;1.1429241e-01;3.5750000e+02;1.3716497e-01;3.5750000e+02;1.5862046e-01;3.5750000e+02;1.8548760e-01;3.5750000e+02;2.1158963e-01;3.5750000e+02;2.2596906e-01;3.5750000e+02;2.1476024e-01;3.5750000e+02;1.8174177e-01;3.5750000e+02;1.3528472e-01;3.5750000e+02;8.7380156e-02;3.5750000e+02;4.4090807e-02;3.5750000e+02;3.8897591e-03;3.5750000e+02;8.6246422e-03;3.5750000e+02;1.8776510e-02;3.5750000e+02;3.2970961e-02;3.5750000e+02;4.9849793e-02;3.5750000e+02;6.9710031e-02;3.5750000e+02;9.1288298e-02;3.5750000e+02;1.1429241e-01;3.5750000e+02;1.3716497e-01;3.5750000e+02;1.5862046e-01;3.5750000e+02;1.8548760e-01;3.5750000e+02;2.1158963e-01;3.5750000e+02;2.2596906e-01;3.5750000e+02;2.1476024e-01;3.5750000e+02;1.8174177e-01;3.5750000e+02;1.3528472e-01;3.5750000e+02;8.7380156e-02;3.5750000e+02;4.4090807e-02;3.5750000e+02;3.8897591e-03;3.5750000e+02;8.6246422e-03;3.5750000e+02;1.8776510e-02;3.5750000e+02;3.2970961e-02;3.5750000e+02;4.9849793e-02;3.5750000e+02;6.9710031e-02;3.5750000e+02;9.1288298e-02;3.5750000e+02;1.1429241e-01;3.5750000e+02;1.3716497e-01;3.5750000e+02;1.5862046e-01;3.5750000e+02;1.8548760e-01;3.5750000e+02;2.1158963e-01;3.5750000e+02;2.2596906e-01;3.5750000e+02;2.1476024e-01;3.5750000e+02;1.8174177e-01;3.5750000e+02;1.3528472e-01;3.5750000e+02;8.7380156e-02;3.5750000e+02;4.4090807e-02;3.5750000e+02;3.8897591e-03;3.5750000e+02;8.6246422e-03;3.5750000e+02;1.8776510e-02;3.5750000e+02;3.2970961e-02;3.5750000e+02;4.9849793e-02;3.5750000e+02;6.9710031e-02;3.5750000e+02;9.1288298e-02;3.5750000e+02;1.1429241e-01;3.5750000e+02;1.3716497e-01;3.5750000e+02;1.5862046e-01;3.5750000e+02;1.8548760e-01;3.5750000e+02;2.1158963e-01;3.5750000e+02;2.2596906e-01;3.5750000e+02;2.1476024e-01;3.5750000e+02;1.8174177e-01;3.5750000e+02;1.3528472e-01;3.5750000e+02;8.7380156e-02;3.5750000e+02;4.4090807e-02;3.5750000e+02;3.8897591e-03;3.5750000e+02;8.6246422e-03;3.5750000e+02;1.8776510e-02;3.5750000e+02;3.2970961e-02;3.5750000e+02;4.9849793e-02;3.5750000e+02;6.9710031e-02;3.5750000e+02;9.1288298e-02;3.5750000e+02;1.1429241e-01;3.5750000e+02;1.3716497e-01;3.5750000e+02;1.5862046e-01;3.5750000e+02;1.8548760e-01;3.5750000e+02;2.1158963e-01;3.5750000e+02;2.2596906e-01;3.5750000e+02;2.1476024e-01;3.5750000e+02;1.8174177e-01;3.5750000e+02;1.3528472e-01;3.5750000e+02;8.7380156e-02;3.5750000e+02;4.4090807e-02;3.5750000e+02;3.8897591e-03;3.5750000e+02;8.6246422e-03;3.5750000e+02;1.8776510e-02;3.5750000e+02;3.2970961e-02;3.5750000e+02;4.9849793e-02;3.5750000e+02;6.9710031e-02;3.5750000e+02;9.1288298e-02;3.5750000e+02;1.1429241e-01;3.5750000e+02;1.3716497e-01;3.5750000e+02;1.5862046e-01;3.5750000e+02;1.8548760e-01;3.5750000e+02;2.1158963e-01;3.5750000e+02;2.2596906e-01;3.5750000e+02;2.1476024e-01;3.5750000e+02;1.8174177e-01;3.5750000e+02;1.3528472e-01;3.5750000e+02;8.7380156e-02;3.5750000e+02;4.4090807e-02;3.5750000e+02;3.8897591e-03;3.5750000e+02;8.6246422e-03;3.5750000e+02;1.8776510e-02;3.5750000e+02;3.2970961e-02;3.5750000e+02;4.9849793e-02;3.5750000e+02;6.9710031e-02;3.5750000e+02;9.1288298e-02;3.5750000e+02;1.1429241e-01;3.5750000e+02;1.3716497e-01;3.5750000e+02;1.5862046e-01;3.5750000e+02;1.8548760e-01;3.5750000e+02;2.1158963e-01;3.5750000e+02;2.2596906e-01;3.5750000e+02;2.1476024e-01;3.5750000e+02;1.8174177e-01;3.5750000e+02;1.3528472e-01;3.5750000e+02;8.7380156e-02;3.5750000e+02;4.4090807e-02;3.5750000e+02;3.8897591e-03;3.5750000e+02;8.6246422e-03;3.5750000e+02;1.8776510e-02;3.5750000e+02;3.2970961e-02;3.5750000e+02;4.9849793e-02;3.5750000e+02;6.9710031e-02;3.5750000e+02;9.1288298e-02;3.5750000e+02;1.1429241e-01;3.5750000e+02;1.3716497e-01;3.5750000e+02;1.5862046e-01;3.5750000e+02;1.8548760e-01;3.5750000e+02;2.1158963e-01;3.5750000e+02;2.2596906e-01;3.5750000e+02;2.1476024e-01;3.5750000e+02;1.8174177e-01;3.5750000e+02;1.3528472e-01;3.5750000e+02;8.7380156e-02;3.5750000e+02;4.4090807e-02;3.5750000e+02;3.8897591e-03;3.5750000e+02;8.6246422e-03;3.5750000e+02;1.8776510e-02;3.5750000e+02;3.2970961e-02;3.5750000e+02;4.9849793e-02;3.5750000e+02;6.9710031e-02;3.5750000e+02;9.1288298e-02;3.5750000e+02;1.1429241e-01;3.5750000e+02;1.3716497e-01;3.5750000e+02;1.5862046e-01;3.5750000e+02;1.8548760e-01;3.5750000e+02;2.1158963e-01;3.5750000e+02;2.2596906e-01;3.5750000e+02;2.1476024e-01;3.5750000e+02;1.8174177e-01;3.5750000e+02;1.3528472e-01;3.5750000e+02;8.7380156e-02;3.5750000e+02;4.4090807e-02;3.5750000e+02;3.8897591e-03;3.5750000e+02;8.6246422e-03;3.5750000e+02;1.8776510e-02;3.5750000e+02;3.2970961e-02;3.5750000e+02;4.9849793e-02;3.5750000e+02;6.9710031e-02;3.5750000e+02;9.1288298e-02;3.5750000e+02;1.1429241e-01;3.5750000e+02;1.3716497e-01;3.5750000e+02;1.5862046e-01;3.5750000e+02;1.8548760e-01;3.5750000e+02;2.1158963e-01;3.5750000e+02;2.2596906e-01;3.5750000e+02;2.1476024e-01;3.5750000e+02;1.8174177e-01;3.5750000e+02;1.3528472e-01;3.5750000e+02;8.7380156e-02;3.5750000e+02;4.4090807e-02;3.5750000e+02;3.8897591e-03;3.5750000e+02;8.6246422e-03;3.5750000e+02;1.8776510e-02;3.5750000e+02;3.2970961e-02;3.5750000e+02;4.9849793e-02;3.5750000e+02;6.9710031e-02;3.5750000e+02;9.1288298e-02;3.5750000e+02;1.1429241e-01;3.5750000e+02;1.3716497e-01;3.5750000e+02;1.5862046e-01;3.5750000e+02;1.8548760e-01;3.5750000e+02;2.1158963e-01;3.5750000e+02;2.2596906e-01;3.5750000e+02;2.1476024e-01;3.5750000e+02;1.8174177e-01;3.5750000e+02;1.3528472e-01;3.5750000e+02;8.7380156e-02;3.5750000e+02;4.4090807e-02;3.5750000e+02;3.8897591e-03;3.5750000e+02;8.6246422e-03;3.5750000e+02;1.8776510e-02;3.5750000e+02;3.2970961e-02;3.5750000e+02;4.9849793e-02;3.5750000e+02;6.9710031e-02;3.5750000e+02;9.1288298e-02;3.5750000e+02;1.1429241e-01;3.5750000e+02;1.3716497e-01;3.5750000e+02;1.5862046e-01;3.5750000e+02;1.8548760e-01;3.5750000e+02;2.1158963e-01;3.5750000e+02;2.2596906e-01;3.5750000e+02;2.1476024e-01;3.5750000e+02;1.8174177e-01;3.5750000e+02;1.3528472e-01;3.5750000e+02;8.7380156e-02;3.5750000e+02;4.4090807e-02;3.5750000e+02;3.8897591e-03;3.5750000e+02;8.6246422e-03;3.5750000e+02;1.8776510e-02;3.5750000e+02;3.2970961e-02;3.5750000e+02;4.9849793e-02;3.5750000e+02;6.9710031e-02;3.5750000e+02;9.1288298e-02;3.5750000e+02;1.1429241e-01;3.5750000e+02;1.3716497e-01;3.5750000e+02;1.5862046e-01;3.5750000e+02;1.8548760e-01;3.5750000e+02;2.1158963e-01;3.5750000e+02;2.2596906e-01;3.5750000e+02;2.1476024e-01;3.5750000e+02;1.8174177e-01;3.5750000e+02;1.3528472e-01;3.5750000e+02;8.7380156e-02;3.5750000e+02;4.4090807e-02;3.5750000e+02;3.8897591e-03;3.5750000e+02;8.6246422e-03;3.5750000e+02;1.8776510e-02;3.5750000e+02;3.2970961e-02;3.5750000e+02;4.9849793e-02;3.5750000e+02;6.9710031e-02;3.5750000e+02;9.1288298e-02;3.5750000e+02;1.1429241e-01;3.5750000e+02;1.3716497e-01;3.5750000e+02;1.5862046e-01;3.5750000e+02;1.8548760e-01;3.5750000e+02;2.1158963e-01;3.5750000e+02;2.2596906e-01;3.5750000e+02;2.1476024e-01;3.5750000e+02;1.8174177e-01;3.5750000e+02;1.3528472e-01;3.5750000e+02;8.7380156e-02;3.5750000e+02;4.4090807e-02;3.5750000e+02;3.8897591e-03;3.5750000e+02;8.6246422e-03;3.5750000e+02;1.8776510e-02;3.5750000e+02;3.2970961e-02;3.5750000e+02;4.9849793e-02;3.5750000e+02;6.9710031e-02;3.5750000e+02;9.1288298e-02;3.5750000e+02;1.1429241e-01;3.5750000e+02;1.3716497e-01;3.5750000e+02;1.5862046e-01;3.5750000e+02;1.8548760e-01;3.5750000e+02;2.1158963e-01;3.5750000e+02;2.2596906e-01;3.5750000e+02;2.1476024e-01;3.5750000e+02;1.8174177e-01;3.5750000e+02;1.3528472e-01;3.5750000e+02;8.7380156e-02;3.5750000e+02;4.4090807e-02;3.5750000e+02;3.8897591e-03;3.5750000e+02;8.6246422e-03;3.5750000e+02;1.8776510e-02;3.5750000e+02;3.2970961e-02;3.5750000e+02;4.9849793e-02;3.5750000e+02;6.9710031e-02;3.5750000e+02;9.1288298e-02;3.5750000e+02;1.1429241e-01;3.5750000e+02;1.3716497e-01;3.5750000e+02;1.5862046e-01;3.5750000e+02;1.8548760e-01;3.5750000e+02;2.1158963e-01;3.5750000e+02;2.2596906e-01;3.5750000e+02;2.1476024e-01;3.5750000e+02;1.8174177e-01;3.5750000e+02;1.3528472e-01;3.5750000e+02;8.7380156e-02;3.5750000e+02;4.4090807e-02;3.5750000e+02;3.8897591e-03;3.5750000e+02;8.6246422e-03;3.5750000e+02;1.8776510e-02;3.5750000e+02;3.2970961e-02;3.5750000e+02;4.9849793e-02;3.5750000e+02;6.9710031e-02;3.5750000e+02;9.1288298e-02;3.5750000e+02;1.1429241e-01;3.5750000e+02;1.3716497e-01;3.5750000e+02;1.5862046e-01;3.5750000e+02;1.8548760e-01;3.5750000e+02;2.1158963e-01;3.5750000e+02;2.2596906e-01;3.5750000e+02;2.1476024e-01;3.5750000e+02;1.8174177e-01;3.5750000e+02;1.3528472e-01;3.5750000e+02;8.7380156e-02;3.5750000e+02;4.4090807e-02;3.5750000e+02;3.8897591e-03;3.5750000e+02;8.6246422e-03;3.5750000e+02;1.8776510e-02;3.5750000e+02;3.2970961e-02;3.5750000e+02;4.9849793e-02;3.5750000e+02;6.9710031e-02;3.5750000e+02;9.1288298e-02;3.5750000e+02;1.1429241e-01;3.5750000e+02;1.3716497e-01;3.5750000e+02;1.5862046e-01;3.5750000e+02;1.8548760e-01;3.5750000e+02;2.1158963e-01;3.5750000e+02;2.2596906e-01;3.5750000e+02;2.1476024e-01;3.5750000e+02;1.8174177e-01;3.5750000e+02;1.3528472e-01;3.5750000e+02;8.7380156e-02;3.5750000e+02;4.4090807e-02;3.5750000e+02;3.8897591e-03;3.5750000e+02;8.6246422e-03;3.5750000e+02;1.8776510e-02;3.5750000e+02;3.2970961e-02;3.5750000e+02;4.9849793e-02;3.5750000e+02;6.9710031e-02;3.5750000e+02;9.1288298e-02;3.5750000e+02;1.1429241e-01;3.5750000e+02;1.3716497e-01;3.5750000e+02;1.5862046e-01;3.5750000e+02;1.8548760e-01;3.5750000e+02;2.1158963e-01;3.5750000e+02;2.2596906e-01;3.5750000e+02;2.1476024e-01;3.5750000e+02;1.8174177e-01;3.5750000e+02;1.3528472e-01;3.5750000e+02;8.7380156e-02;3.5750000e+02;4.4090807e-02;3.5750000e+02;3.8897591e-03;3.5750000e+02;8.6246422e-03;3.5750000e+02;1.8776510e-02;3.5750000e+02;3.2970961e-02;3.5750000e+02;4.9849793e-02;3.5750000e+02;6.9710031e-02;3.5750000e+02;9.1288298e-02;3.5750000e+02;1.1429241e-01;3.5750000e+02;1.3716497e-01;3.5750000e+02;1.5862046e-01;3.5750000e+02;1.8548760e-01;3.5750000e+02;2.1158963e-01;3.5750000e+02;2.2596906e-01;3.5750000e+02;2.1476024e-01;3.5750000e+02;1.8174177e-01;3.5750000e+02;1.3528472e-01;3.5750000e+02;8.7380156e-02;3.5750000e+02;4.4090807e-02;3.5750000e+02;3.8897591e-03;3.5750000e+02;8.6246422e-03;3.5750000e+02;1.8776510e-02;3.5750000e+02;3.2970961e-02;3.5750000e+02;4.9849793e-02;3.5750000e+02;6.9710031e-02;3.5750000e+02;9.1288298e-02;3.5750000e+02;1.1429241e-01;3.5750000e+02;1.3716497e-01;3.5750000e+02;1.5862046e-01;3.5750000e+02;1.8548760e-01;3.5750000e+02;2.1158963e-01;3.5750000e+02;2.2596906e-01;3.5750000e+02;2.1476024e-01;3.5750000e+02;1.8174177e-01;3.5750000e+02;1.3528472e-01;3.5750000e+02;8.7380156e-02;3.5750000e+02;4.4090807e-02;3.5750000e+02;3.8897591e-03;3.5750000e+02;8.6246422e-03;3.5750000e+02;1.8776510e-02;3.5750000e+02;3.2970961e-02;3.5750000e+02;4.9849793e-02;3.5750000e+02;6.9710031e-02;3.5750000e+02;9.1288298e-02;3.5750000e+02;1.1429241e-01;3.5750000e+02;1.3716497e-01;3.5750000e+02;1.5862046e-01;3.5750000e+02;1.8548760e-01;3.5750000e+02;2.1158963e-01;3.5750000e+02;2.2596906e-01;3.5750000e+02;2.1476024e-01;3.5750000e+02;1.8174177e-01;3.5750000e+02;1.3528472e-01;3.5750000e+02;8.7380156e-02;3.5750000e+02;4.4090807e-02;3.5750000e+02;3.8897591e-03;3.5750000e+02;8.6246422e-03;3.5750000e+02;1.8776510e-02;3.5750000e+02;3.2970961e-02;3.5750000e+02;4.9849793e-02;3.5750000e+02;6.9710031e-02;3.5750000e+02;9.1288298e-02;3.5750000e+02;1.1429241e-01;3.5750000e+02;1.3716497e-01;3.5750000e+02;1.5862046e-01;3.5750000e+02;1.8548760e-01;3.5750000e+02;2.1158963e-01;3.5750000e+02;2.2596906e-01;3.5750000e+02;2.1476024e-01;3.5750000e+02;1.8174177e-01;3.5750000e+02;1.3528472e-01;3.5750000e+02;8.7380156e-02;3.5750000e+02;4.4090807e-02;3.5750000e+02;3.8897591e-03;3.5750000e+02;8.6246422e-03;3.5750000e+02;1.8776510e-02;3.5750000e+02;3.2970961e-02;3.5750000e+02;4.9849793e-02;3.5750000e+02;6.9710031e-02;3.5750000e+02;9.1288298e-02;3.5750000e+02;1.1429241e-01;3.5750000e+02;1.3716497e-01;3.5750000e+02;1.5862046e-01;3.5750000e+02;1.8548760e-01;3.5750000e+02;2.1158963e-01;3.5750000e+02;2.2596906e-01;3.5750000e+02;2.1476024e-01;3.5750000e+02;1.8174177e-01;3.5750000e+02;1.3528472e-01;3.5750000e+02;8.7380156e-02;3.5750000e+02;4.4090807e-02;3.5750000e+02;3.8897591e-03;3.5750000e+02;8.6246422e-03;3.5750000e+02;1.8776510e-02;3.5750000e+02;3.2970961e-02;3.5750000e+02;4.9849793e-02;3.5750000e+02;6.9710031e-02;3.5750000e+02;9.1288298e-02;3.5750000e+02;1.1429241e-01;3.5750000e+02;1.3716497e-01;3.5750000e+02;1.5862046e-01;3.5750000e+02;1.8548760e-01;3.5750000e+02;2.1158963e-01;3.5750000e+02;2.2596906e-01;3.5750000e+02;2.1476024e-01;3.5750000e+02;1.8174177e-01;3.5750000e+02;1.3528472e-01;3.5750000e+02;8.7380156e-02;3.5750000e+02;4.4090807e-02;3.5750000e+02;3.8897591e-03;3.5750000e+02;8.6246422e-03;3.5750000e+02;1.8776510e-02;3.5750000e+02;3.2970961e-02;3.5750000e+02;4.9849793e-02;3.5750000e+02;6.9710031e-02;3.5750000e+02;9.1288298e-02;3.5750000e+02;1.1429241e-01;3.5750000e+02;1.3716497e-01;3.5750000e+02;1.5862046e-01;3.5750000e+02;1.8548760e-01;3.5750000e+02;2.1158963e-01;3.5750000e+02;2.2596906e-01;3.5750000e+02;2.1476024e-01;3.5750000e+02;1.8174177e-01;3.5750000e+02;1.3528472e-01;3.5750000e+02;8.7380156e-02;3.5750000e+02;4.4090807e-02;3.5750000e+02;3.8897591e-03;3.5750000e+02;8.6246422e-03;3.5750000e+02;1.8776510e-02;3.5750000e+02;3.2970961e-02;3.5750000e+02;4.9849793e-02;3.5750000e+02;6.9710031e-02;3.5750000e+02;9.1288298e-02;3.5750000e+02;1.1429241e-01;3.5750000e+02;1.3716497e-01;3.5750000e+02;1.5862046e-01;3.5750000e+02;1.8548760e-01;3.5750000e+02;2.1158963e-01;3.5750000e+02;2.2596906e-01;3.5750000e+02;2.1476024e-01;3.5750000e+02;1.8174177e-01;3.5750000e+02;1.3528472e-01;3.5750000e+02;8.7380156e-02;3.5750000e+02;4.4090807e-02;3.5750000e+02;3.8897591e-03;3.5750000e+02;8.6246422e-03;3.5750000e+02;1.8776510e-02;3.5750000e+02;3.2970961e-02;3.5750000e+02;4.9849793e-02;3.5750000e+02;6.9710031e-02;3.5750000e+02;9.1288298e-02;3.5750000e+02;1.1429241e-01;3.5750000e+02;1.3716497e-01;3.5750000e+02;1.5862046e-01;3.5750000e+02;1.8548760e-01;3.5750000e+02;2.1158963e-01;3.5750000e+02;2.2596906e-01;3.5750000e+02;2.1476024e-01;3.5750000e+02;1.8174177e-01;3.5750000e+02;1.3528472e-01;3.5750000e+02;8.7380156e-02;3.5750000e+02;4.4090807e-02;3.5750000e+02;3.8897591e-03;3.5750000e+02;8.6246422e-03;3.5750000e+02;1.8776510e-02;3.5750000e+02;3.2970961e-02;3.5750000e+02;4.9849793e-02;3.5750000e+02;6.9710031e-02;3.5750000e+02;9.1288298e-02;3.5750000e+02;1.1429241e-01;3.5750000e+02;1.3716497e-01;3.5750000e+02;1.5862046e-01;3.5750000e+02;1.8548760e-01;3.5750000e+02;2.1158963e-01;3.5750000e+02;2.2596906e-01;3.5750000e+02;2.1476024e-01;3.5750000e+02;1.8174177e-01;3.5750000e+02;1.3528472e-01;3.5750000e+02;8.7380156e-02;3.5750000e+02;4.4090807e-02;3.5750000e+02;3.8897591e-03;3.5750000e+02;8.6246422e-03;3.5750000e+02;1.8776510e-02;3.5750000e+02;3.2970961e-02;3.5750000e+02;4.9849793e-02;3.5750000e+02;6.9710031e-02;3.5750000e+02;9.1288298e-02;3.5750000e+02;1.1429241e-01;3.5750000e+02;1.3716497e-01;3.5750000e+02;1.5862046e-01;3.5750000e+02;1.8548760e-01;3.5750000e+02;2.1158963e-01;3.5750000e+02;2.2596906e-01;3.5750000e+02;2.1476024e-01;3.5750000e+02;1.8174177e-01;3.5750000e+02;1.3528472e-01;3.5750000e+02;8.7380156e-02;3.5750000e+02;4.4090807e-02;3.5750000e+02;3.8897591e-03;3.5750000e+02;8.6246422e-03;3.5750000e+02;1.8776510e-02;3.5750000e+02;3.2970961e-02;3.5750000e+02;4.9849793e-02;3.5750000e+02;6.9710031e-02;3.5750000e+02;9.1288298e-02;3.5750000e+02;1.1429241e-01;3.5750000e+02;1.3716497e-01;3.5750000e+02;1.5862046e-01;3.5750000e+02;1.8548760e-01;3.5750000e+02;2.1158963e-01;3.5750000e+02;2.2596906e-01;3.5750000e+02;2.1476024e-01;3.5750000e+02;1.8174177e-01;3.5750000e+02;1.3528472e-01;3.5750000e+02;8.7380156e-02;3.5750000e+02;4.4090807e-02;3.5750000e+02;3.8897591e-03;3.5750000e+02;8.6246422e-03;3.5750000e+02;1.8776510e-02;3.5750000e+02;3.2970961e-02;3.5750000e+02;4.9849793e-02;3.5750000e+02;6.9710031e-02;3.5750000e+02;9.1288298e-02;3.5750000e+02;1.1429241e-01;3.5750000e+02;1.3716497e-01;3.5750000e+02;1.5862046e-01;3.5750000e+02;1.8548760e-01;3.5750000e+02;2.1158963e-01;3.5750000e+02;2.2596906e-01;3.5750000e+02;2.1476024e-01;3.5750000e+02;1.8174177e-01;3.5750000e+02;1.3528472e-01;3.5750000e+02;8.7380156e-02;3.5750000e+02;4.4090807e-02;3.5750000e+02;3.8897591e-03;3.5750000e+02;8.6246422e-03;3.5750000e+02;1.8776510e-02;3.5750000e+02;3.2970961e-02;3.5750000e+02;4.9849793e-02;3.5750000e+02;6.9710031e-02;3.5750000e+02;9.1288298e-02;3.5750000e+02;1.1429241e-01;3.5750000e+02;1.3716497e-01;3.5750000e+02;1.5862046e-01;3.5750000e+02;1.8548760e-01;3.5750000e+02;2.1158963e-01;3.5750000e+02;2.2596906e-01;3.5750000e+02;2.1476024e-01;3.5750000e+02;1.8174177e-01;3.5750000e+02;1.3528472e-01;3.5750000e+02;8.7380156e-02;3.5750000e+02;4.4090807e-02;3.5750000e+02;3.8897591e-03;3.5750000e+02;8.6246422e-03;3.5750000e+02;1.8776510e-02;3.5750000e+02;3.2970961e-02;3.5750000e+02;4.9849793e-02;3.5750000e+02;6.9710031e-02;3.5750000e+02;9.1288298e-02;3.5750000e+02;1.1429241e-01;3.5750000e+02;1.3716497e-01;3.5750000e+02;1.5862046e-01;3.5750000e+02;1.8548760e-01;3.5750000e+02;2.1158963e-01;3.5750000e+02;2.2596906e-01;3.5750000e+02;2.1476024e-01;3.5750000e+02;1.8174177e-01;3.5750000e+02;1.3528472e-01;3.5750000e+02;8.7380156e-02;3.5750000e+02;4.4090807e-02;3.5750000e+02;3.8897591e-03;3.5750000e+02;8.6246422e-03;3.5750000e+02;1.8776510e-02;3.5750000e+02;3.2970961e-02;3.5750000e+02;4.9849793e-02;3.5750000e+02;6.9710031e-02;3.5750000e+02;9.1288298e-02;3.5750000e+02;1.1429241e-01;3.5750000e+02;1.3716497e-01;3.5750000e+02;1.5862046e-01;3.5750000e+02;1.8548760e-01;3.5750000e+02;2.1158963e-01;3.5750000e+02;2.2596906e-01;3.5750000e+02;2.1476024e-01;3.5750000e+02;1.8174177e-01;3.5750000e+02;1.3528472e-01;3.5750000e+02;8.7380156e-02;3.5750000e+02;4.4090807e-02;3.5750000e+02;3.8897591e-03;3.5750000e+02;8.6246422e-03;3.5750000e+02;1.8776510e-02;3.5750000e+02;3.2970961e-02;3.5750000e+02;4.9849793e-02;3.5750000e+02;6.9710031e-02;3.5750000e+02;9.1288298e-02;3.5750000e+02;1.1429241e-01;3.5750000e+02;1.3716497e-01;3.5750000e+02;1.5862046e-01;3.5750000e+02;1.8548760e-01;3.5750000e+02;2.1158963e-01;3.5750000e+02;2.2596906e-01;3.5750000e+02;2.1476024e-01;3.5750000e+02;1.8174177e-01;3.5750000e+02;1.3528472e-01;3.5750000e+02;8.7380156e-02;3.5750000e+02;4.4090807e-02;3.5750000e+02;3.8897591e-03;3.5750000e+02;8.6246422e-03;3.5750000e+02;1.8776510e-02;3.5750000e+02;3.2970961e-02;3.5750000e+02;4.9849793e-02;3.5750000e+02;6.9710031e-02;3.5750000e+02;9.1288298e-02;3.5750000e+02;1.1429241e-01;3.5750000e+02;1.3716497e-01;3.5750000e+02;1.5862046e-01;3.5750000e+02;1.8548760e-01;3.5750000e+02;2.1158963e-01;3.5750000e+02;2.2596906e-01;3.5750000e+02;2.1476024e-01;3.5750000e+02;1.8174177e-01;3.5750000e+02;1.3528472e-01;3.5750000e+02;8.7380156e-02;3.5750000e+02;4.4090807e-02;3.5750000e+02;3.8897591e-03;3.5750000e+02;8.6246422e-03;3.5750000e+02;1.8776510e-02;3.5750000e+02;3.2970961e-02;3.5750000e+02;4.9849793e-02;3.5750000e+02;6.9710031e-02;3.5750000e+02;9.1288298e-02;3.5750000e+02;1.1429241e-01;3.5750000e+02;1.3716497e-01;3.5750000e+02;1.5862046e-01;3.5750000e+02;1.8548760e-01;3.5750000e+02;2.1158963e-01;3.5750000e+02;2.2596906e-01;3.5750000e+02;2.1476024e-01;3.5750000e+02;1.8174177e-01;3.5750000e+02;1.3528472e-01;3.5750000e+02;8.7380156e-02;3.5750000e+02;4.4090807e-02;3.5750000e+02;3.8897591e-03;3.5750000e+02;8.6246422e-03;3.5750000e+02;1.8776510e-02;3.5750000e+02;3.2970961e-02;3.5750000e+02;4.9849793e-02;3.5750000e+02;6.9710031e-02;3.5750000e+02;9.1288298e-02;3.5750000e+02;1.1429241e-01;3.5750000e+02;1.3716497e-01;3.5750000e+02;1.5862046e-01;3.5750000e+02;1.8548760e-01;3.5750000e+02;2.1158963e-01;3.5750000e+02;2.2596906e-01;3.5750000e+02;2.1476024e-01;3.5750000e+02;1.8174177e-01;3.5750000e+02;1.3528472e-01;3.5750000e+02;8.7380156e-02;3.5750000e+02;4.4090807e-02;3.5750000e+02;3.8897591e-03;3.5750000e+02;8.6246422e-03;3.5750000e+02;1.8776510e-02;3.5750000e+02;3.2970961e-02;3.5750000e+02;4.9849793e-02;3.5750000e+02;6.9710031e-02;3.5750000e+02;9.1288298e-02;3.5750000e+02;1.1429241e-01;3.5750000e+02;1.3716497e-01;3.5750000e+02;1.5862046e-01;3.5750000e+02;1.8548760e-01;3.5750000e+02;2.1158963e-01;3.5750000e+02;2.2596906e-01;3.5750000e+02;2.1476024e-01;3.5750000e+02;1.8174177e-01;3.5750000e+02;1.3528472e-01;3.5750000e+02;8.7380156e-02;3.5750000e+02;4.4090807e-02;3.5750000e+02;3.8897591e-03;3.5750000e+02;8.6246422e-03;3.5750000e+02;1.8776510e-02;3.5750000e+02;3.2970961e-02;3.5750000e+02;4.9849793e-02;3.5750000e+02;6.9710031e-02;3.5750000e+02;9.1288298e-02;3.5750000e+02;1.1429241e-01;3.5750000e+02;1.3716497e-01;3.5750000e+02;1.5862046e-01;3.5750000e+02;1.8548760e-01;3.5750000e+02;2.1158963e-01;3.5750000e+02;2.2596906e-01;3.5750000e+02;2.1476024e-01;3.5750000e+02;1.8174177e-01;3.5750000e+02;1.3528472e-01;3.5750000e+02;8.7380156e-02;3.5750000e+02;4.4090807e-02;3.5750000e+02;3.8897591e-03;3.5750000e+02;8.6246422e-03;3.5750000e+02;1.8776510e-02;3.5750000e+02;3.2970961e-02;3.5750000e+02;4.9849793e-02;3.5750000e+02;6.9710031e-02;3.5750000e+02;9.1288298e-02;3.5750000e+02;1.1429241e-01;3.5750000e+02;1.3716497e-01;3.5750000e+02;1.5862046e-01;3.5750000e+02;1.8548760e-01;3.5750000e+02;2.1158963e-01;3.5750000e+02;2.2596906e-01;3.5750000e+02;2.1476024e-01;3.5750000e+02;1.8174177e-01;3.5750000e+02;1.3528472e-01;3.5750000e+02;8.7380156e-02;3.5750000e+02;4.4090807e-02;3.5750000e+02;3.8897591e-03;3.5750000e+02;8.6246422e-03;3.5750000e+02;1.8776510e-02;3.5750000e+02;3.2970961e-02;3.5750000e+02;4.9849793e-02;3.5750000e+02;6.9710031e-02;3.5750000e+02;9.1288298e-02;3.5750000e+02;1.1429241e-01;3.5750000e+02;1.3716497e-01;3.5750000e+02;1.5862046e-01;3.5750000e+02;1.8548760e-01;3.5750000e+02;2.1158963e-01;3.5750000e+02;2.2596906e-01;3.5750000e+02;2.1476024e-01;3.5750000e+02;1.8174177e-01;3.5750000e+02;1.3528472e-01;3.5750000e+02;8.7380156e-02;3.5750000e+02;4.4090807e-02;3.5750000e+02;3.8897591e-03;3.5750000e+02;8.6246422e-03;3.5750000e+02;1.8776510e-02;3.5750000e+02;3.2970961e-02;3.5750000e+02;4.9849793e-02;3.5750000e+02;6.9710031e-02;3.5750000e+02;9.1288298e-02;3.5750000e+02;1.1429241e-01;3.5750000e+02;1.3716497e-01;3.5750000e+02;1.5862046e-01;3.5750000e+02;1.8548760e-01;3.5750000e+02;2.1158963e-01;3.5750000e+02;2.2596906e-01;3.5750000e+02;2.1476024e-01;3.5750000e+02;1.8174177e-01;3.5750000e+02;1.3528472e-01;3.5750000e+02;8.7380156e-02;3.5750000e+02;4.4090807e-02;3.5750000e+02;3.8897591e-03;3.5750000e+02;8.6246422e-03;3.5750000e+02;1.8776510e-02;3.5750000e+02;3.2970961e-02;3.5750000e+02;4.9849793e-02;3.5750000e+02;6.9710031e-02;3.5750000e+02;9.1288298e-02;3.5750000e+02;1.1429241e-01;3.5750000e+02;1.3716497e-01;3.5750000e+02;1.5862046e-01;3.5750000e+02;1.8548760e-01;3.5750000e+02;2.1158963e-01;3.5750000e+02;2.2596906e-01;3.5750000e+02;2.1476024e-01;3.5750000e+02;1.8174177e-01;3.5750000e+02;1.3528472e-01;3.5750000e+02;8.7380156e-02;3.5750000e+02;4.4090807e-02;3.5750000e+02;3.8897591e-03;3.5750000e+02;8.6246422e-03;3.5750000e+02;1.8776510e-02;3.5750000e+02;3.2970961e-02;3.5750000e+02;4.9849793e-02;3.5750000e+02;6.9710031e-02;3.5750000e+02;9.1288298e-02;3.5750000e+02;1.1429241e-01;3.5750000e+02;1.3716497e-01;3.5750000e+02;1.5862046e-01;3.5750000e+02;1.8548760e-01;3.5750000e+02;2.1158963e-01;3.5750000e+02;2.2596906e-01;3.5750000e+02;2.1476024e-01;3.5750000e+02;1.8174177e-01;3.5750000e+02;1.3528472e-01;3.5750000e+02;8.7380156e-02;3.5750000e+02;4.4090807e-02;3.5750000e+02;3.8897591e-03;3.5750000e+02;8.6246422e-03;3.5750000e+02;1.8776510e-02;3.5750000e+02;3.2970961e-02;3.5750000e+02;4.9849793e-02;3.5750000e+02;6.9710031e-02;3.5750000e+02;9.1288298e-02;3.5750000e+02;1.1429241e-01;3.5750000e+02;1.3716497e-01;3.5750000e+02;1.5862046e-01;3.5750000e+02;1.8548760e-01;3.5750000e+02;2.1158963e-01;3.5750000e+02;2.2596906e-01;3.5750000e+02;2.1476024e-01;3.5750000e+02;1.8174177e-01;3.5750000e+02;1.3528472e-01;3.5750000e+02;8.7380156e-02;3.5750000e+02;4.4090807e-02;3.5750000e+02;3.8897591e-03;3.5750000e+02;8.6246422e-03;3.5750000e+02;1.8776510e-02;3.5750000e+02;3.2970961e-02;3.5750000e+02;4.9849793e-02;3.5750000e+02;6.9710031e-02;3.5750000e+02;9.1288298e-02;3.5750000e+02;1.1429241e-01;3.5750000e+02;1.3716497e-01;3.5750000e+02;1.5862046e-01;3.5750000e+02;1.8548760e-01;3.5750000e+02;2.1158963e-01;3.5750000e+02;2.2596906e-01;3.5750000e+02;2.1476024e-01;3.5750000e+02;1.8174177e-01;3.5750000e+02;1.3528472e-01;3.5750000e+02;8.7380156e-02;3.5750000e+02;4.4090807e-02;3.5750000e+02;3.8897591e-03;3.5750000e+02;8.6246422e-03;3.5750000e+02;1.8776510e-02;3.5750000e+02;3.2970961e-02;3.5750000e+02;4.9849793e-02;3.5750000e+02;6.9710031e-02;3.5750000e+02;9.1288298e-02;3.5750000e+02;1.1429241e-01;3.5750000e+02;1.3716497e-01;3.5750000e+02;1.5862046e-01;3.5750000e+02;1.8548760e-01;3.5750000e+02;2.1158963e-01;3.5750000e+02;2.2596906e-01;3.5750000e+02;2.1476024e-01;3.5750000e+02;1.8174177e-01;3.5750000e+02;1.3528472e-01;3.5750000e+02;8.7380156e-02;3.5750000e+02;4.4090807e-02;3.5750000e+02;3.8897591e-03;3.5750000e+02;8.6246422e-03;3.5750000e+02;1.8776510e-02;3.5750000e+02;3.2970961e-02;3.5750000e+02;4.9849793e-02;3.5750000e+02;6.9710031e-02;3.5750000e+02;9.1288298e-02;3.5750000e+02;1.1429241e-01;3.5750000e+02;1.3716497e-01;3.5750000e+02;1.5862046e-01;3.5750000e+02;1.8548760e-01;3.5750000e+02;2.1158963e-01;3.5750000e+02;2.2596906e-01;3.5750000e+02;2.1476024e-01;3.5750000e+02;1.8174177e-01;3.5750000e+02;1.3528472e-01;3.5750000e+02;8.7380156e-02;3.5750000e+02;4.4090807e-02;3.5750000e+02;3.8897591e-03;3.5750000e+02;8.6246422e-03;3.5750000e+02;1.8776510e-02;3.5750000e+02;3.2970961e-02;3.5750000e+02;4.9849793e-02;3.5750000e+02;6.9710031e-02;3.5750000e+02;9.1288298e-02;3.5750000e+02;1.1429241e-01;3.5750000e+02;1.3716497e-01;3.5750000e+02;1.5862046e-01;3.5750000e+02;1.8548760e-01;3.5750000e+02;2.1158963e-01;3.5750000e+02;2.2596906e-01;3.5750000e+02;2.1476024e-01;3.5750000e+02;1.8174177e-01;3.5750000e+02;1.3528472e-01;3.5750000e+02;8.7380156e-02;3.5750000e+02;4.4090807e-02;3.5750000e+02;3.8897591e-03;3.5750000e+02;8.6246422e-03;3.5750000e+02;1.8776510e-02;3.5750000e+02;3.2970961e-02;3.5750000e+02;4.9849793e-02;3.5750000e+02;6.9710031e-02;3.5750000e+02;9.1288298e-02;3.5750000e+02;1.1429241e-01;3.5750000e+02;1.3716497e-01;3.5750000e+02;1.5862046e-01;3.5750000e+02;1.8548760e-01;3.5750000e+02;2.1158963e-01;3.5750000e+02;2.2596906e-01;3.5750000e+02;2.1476024e-01;3.5750000e+02;1.8174177e-01;3.5750000e+02;1.3528472e-01;3.5750000e+02;8.7380156e-02;3.5750000e+02;4.4090807e-02;3.5750000e+02;3.8897591e-03;3.5750000e+02;8.6246422e-03;3.5750000e+02;1.8776510e-02;3.5750000e+02;3.2970961e-02;3.5750000e+02;4.9849793e-02;3.5750000e+02;6.9710031e-02;3.5750000e+02;9.1288298e-02;3.5750000e+02;1.1429241e-01;3.5750000e+02;1.3716497e-01;3.5750000e+02;1.5862046e-01;3.5750000e+02;1.8548760e-01;3.5750000e+02;2.1158963e-01;3.5750000e+02;2.2596906e-01;3.5750000e+02;2.1476024e-01;3.5750000e+02;1.8174177e-01;3.5750000e+02;1.3528472e-01;3.5750000e+02;8.7380156e-02;3.5750000e+02;4.4090807e-02
